threeML/data/optical_filters/Swift/UVOT-UVW2.ecsv
# %ECSV 0.9
# ---
# datatype:
# - {name: wavelength, unit: Angstrom, datatype: float32}
# - {name: response, datatype: float32}
# meta: !!omap
# - {band_name: UVW2}
# - {group_name: UVOT}
wavelength response
1590.00000 0.0
1600.00000 0.010087
1610.00000 0.025281
1620.00000 0.041195
1630.00000 0.0634
1640.00000 0.086443
1650.00000 0.107878
1660.00000 0.129915
1670.00000 0.14436
1680.00000 0.159239
1690.00000 0.168892
1700.00000 0.178851
1710.00000 0.181128
1720.00000 0.183002
1730.00000 0.194341
1740.00000 0.205404
1750.00000 0.213489
1760.00000 0.221485
1770.00000 0.224778
1780.00000 0.228377
1790.00000 0.231661
1800.00000 0.235417
1810.00000 0.238701
1820.00000 0.241777
1830.00000 0.245396
1840.00000 0.248442
1850.00000 0.251154
1860.00000 0.25634
1870.00000 0.259772
1880.00000 0.264386
1890.00000 0.26553
1900.00000 0.267817
1910.00000 0.264662
1920.00000 0.26267
1930.00000 0.260265
1940.00000 0.257169
1950.00000 0.254575
1960.00000 0.252958
1970.00000 0.250986
1980.00000 0.249448
1990.00000 0.24722
2000.00000 0.245258
2010.00000 0.240249
2020.00000 0.235023
2030.00000 0.229955
2040.00000 0.224335
2050.00000 0.219129
2060.00000 0.213508
2070.00000 0.207563
2080.00000 0.201745
2090.00000 0.195662
2100.00000 0.189628
2110.00000 0.185831
2120.00000 0.181651
2130.00000 0.177588
2140.00000 0.173043
2150.00000 0.168902
2160.00000 0.164494
2170.00000 0.160215
2180.00000 0.155611
2190.00000 0.151676
2200.00000 0.1472
2210.00000 0.140416
2220.00000 0.133692
2230.00000 0.127263
2240.00000 0.121012
2250.00000 0.116713
2260.00000 0.112493
2270.00000 0.108352
2280.00000 0.104388
2290.00000 0.100385
2300.00000 0.096658
2310.00000 0.093049
2320.00000 0.089549
2330.00000 0.086097
2340.00000 0.083189
2350.00000 0.080467
2360.00000 0.077914
2370.00000 0.07537
2380.00000 0.072934
2390.00000 0.070499
2400.00000 0.06831
2410.00000 0.066042
2420.00000 0.063843
2430.00000 0.061724
2440.00000 0.059663
2450.00000 0.057139
2460.00000 0.054684
2470.00000 0.052347
2480.00000 0.050069
2490.00000 0.047979
2500.00000 0.046174
2510.00000 0.044291
2520.00000 0.042457
2530.00000 0.040751
2540.00000 0.039036
2550.00000 0.037744
2560.00000 0.036482
2570.00000 0.035319
2580.00000 0.034185
2590.00000 0.0331
2600.00000 0.032055
2610.00000 0.031759
2620.00000 0.031453
2630.00000 0.031138
2640.00000 0.030822
2650.00000 0.030507
2660.00000 0.030172
2670.00000 0.029836
2680.00000 0.029481
2690.00000 0.029126
2700.00000 0.028752
2710.00000 0.028367
2720.00000 0.027983
2730.00000 0.027578
2740.00000 0.027164
2750.00000 0.02674
2760.00000 0.026287
2770.00000 0.025833
2780.00000 0.02538
2790.00000 0.024897
2800.00000 0.024384
2810.00000 0.023881
2820.00000 0.023358
2830.00000 0.022796
2840.00000 0.022234
2850.00000 0.021682
2860.00000 0.0211
2870.00000 0.020519
2880.00000 0.019947
2890.00000 0.019355
2900.00000 0.018773
2910.00000 0.018192
2920.00000 0.01759
2930.00000 0.017028
2940.00000 0.016446
2950.00000 0.015875
2960.00000 0.015332
2970.00000 0.01477
2980.00000 0.014208
2990.00000 0.013696
3000.00000 0.013193
3010.00000 0.0127
3020.00000 0.012226
3030.00000 0.011773
3040.00000 0.011339
3050.00000 0.010895
3060.00000 0.010491
3070.00000 0.010087
3080.00000 0.009702
3090.00000 0.009328
3100.00000 0.008973
3110.00000 0.008618
3120.00000 0.008292
3130.00000 0.007957
3140.00000 0.007651
3150.00000 0.007346
3160.00000 0.00706
3170.00000 0.006774
3180.00000 0.006498
3190.00000 0.006232
3200.00000 0.005975
3210.00000 0.005729
3220.00000 0.005482
3230.00000 0.005246
3240.00000 0.005019
3250.00000 0.004802
3260.00000 0.004585
3270.00000 0.004378
3280.00000 0.004181
3290.00000 0.003983
3300.00000 0.003796
3310.00000 0.003619
3320.00000 0.003451
3330.00000 0.003283
3340.00000 0.003116
3350.00000 0.002968
3360.00000 0.00282
3370.00000 0.002672
3380.00000 0.002534
3390.00000 0.002406
3400.00000 0.002278
3410.00000 0.002159
3420.00000 0.002041
3430.00000 0.001933
3440.00000 0.001834
3450.00000 0.001726
3460.00000 0.001637
3470.00000 0.001548
3480.00000 0.001459
3490.00000 0.00138
3500.00000 0.001302
3510.00000 0.001233
3520.00000 0.001163
3530.00000 0.001104
3540.00000 0.001045
3550.00000 0.000986
3560.00000 0.000937
3570.00000 0.000887
3580.00000 0.000848
3590.00000 0.000799
3600.00000 0.000769
3610.00000 0.00073
3620.00000 0.0007
3630.00000 0.00067
3640.00000 0.000651
3650.00000 0.000631
3660.00000 0.000611
3670.00000 0.000592
3680.00000 0.000582
3690.00000 0.000572
3700.00000 0.000562
3710.00000 0.000552
3720.00000 0.000552
3730.00000 0.000542
3740.00000 0.000542
3750.00000 0.000542
3760.00000 0.000552
3770.00000 0.000552
3780.00000 0.000562
3790.00000 0.000562
3800.00000 0.000572
3810.00000 0.000582
3820.00000 0.000592
3830.00000 0.000611
3840.00000 0.000621
3850.00000 0.000631
3860.00000 0.000651
3870.00000 0.000661
3880.00000 0.00067
3890.00000 0.00069
3900.00000 0.00071
3910.00000 0.00072
3920.00000 0.00074
3930.00000 0.000749
3940.00000 0.000769
3950.00000 0.000779
3960.00000 0.000789
3970.00000 0.000809
3980.00000 0.000818
3990.00000 0.000828
4000.00000 0.000848
4010.00000 0.000858
4020.00000 0.000858
4030.00000 0.000868
4040.00000 0.000878
4050.00000 0.000887
4060.00000 0.000887
4070.00000 0.000897
4080.00000 0.000897
4090.00000 0.000897
4100.00000 0.000897
4110.00000 0.000907
4120.00000 0.000907
4130.00000 0.000907
4140.00000 0.000907
4150.00000 0.000897
4160.00000 0.000897
4170.00000 0.000897
4180.00000 0.000897
4190.00000 0.000887
4200.00000 0.000887
4210.00000 0.000878
4220.00000 0.000878
4230.00000 0.000868
4240.00000 0.000858
4250.00000 0.000858
4260.00000 0.000848
4270.00000 0.000838
4280.00000 0.000828
4290.00000 0.000818
4300.00000 0.000809
4310.00000 0.000799
4320.00000 0.000789
4330.00000 0.000779
4340.00000 0.000769
4350.00000 0.000759
4360.00000 0.000749
4370.00000 0.00074
4380.00000 0.00073
4390.00000 0.00072
4400.00000 0.00071
4410.00000 0.0007
4420.00000 0.00069
4430.00000 0.00068
4440.00000 0.00067
4450.00000 0.000651
4460.00000 0.000641
4470.00000 0.000631
4480.00000 0.000621
4490.00000 0.000611
4500.00000 0.000601
4510.00000 0.000592
4520.00000 0.000582
4530.00000 0.000572
4540.00000 0.000562
4550.00000 0.000552
4560.00000 0.000542
4570.00000 0.000532
4580.00000 0.000523
4590.00000 0.000513
4600.00000 0.000503
4610.00000 0.000503
4620.00000 0.000493
4630.00000 0.000483
4640.00000 0.000473
4650.00000 0.000463
4660.00000 0.000454
4670.00000 0.000454
4680.00000 0.000444
4690.00000 0.000434
4700.00000 0.000424
4710.00000 0.000424
4720.00000 0.000414
4730.00000 0.000404
4740.00000 0.000404
4750.00000 0.000394
4760.00000 0.000385
4770.00000 0.000385
4780.00000 0.000375
4790.00000 0.000365
4800.00000 0.000365
4810.00000 0.000355
4820.00000 0.000345
4830.00000 0.000345
4840.00000 0.000335
4850.00000 0.000335
4860.00000 0.000325
4870.00000 0.000325
4880.00000 0.000316
4890.00000 0.000316
4900.00000 0.000306
4910.00000 0.000306
4920.00000 0.000296
4930.00000 0.000296
4940.00000 0.000286
4950.00000 0.000286
4960.00000 0.000276
4970.00000 0.000276
4980.00000 0.000276
4990.00000 0.000266
5000.00000 0.000266
5010.00000 0.000256
5020.00000 0.000256
5030.00000 0.000256
5040.00000 0.000246
5050.00000 0.000246
5060.00000 0.000246
5070.00000 0.000237
5080.00000 0.000237
5090.00000 0.000237
5100.00000 0.000227
5110.00000 0.000227
5120.00000 0.000227
5130.00000 0.000227
5140.00000 0.000217
5150.00000 0.000217
5160.00000 0.000217
5170.00000 0.000207
5180.00000 0.000207
5190.00000 0.000207
5200.00000 0.000207
5210.00000 0.0
