threeML/data/optical_filters/Swift/UVOT-B.ecsv
# %ECSV 0.9
# ---
# datatype:
# - {name: wavelength, unit: Angstrom, datatype: float32}
# - {name: response, datatype: float32}
# meta: !!omap
# - {band_name: B}
# - {group_name: UVOT}
wavelength response
3620.00000 0.0
3630.00000 0.001043
3640.00000 0.001245
3650.00000 0.001497
3660.00000 0.001849
3670.00000 0.002203
3680.00000 0.002709
3690.00000 0.003268
3700.00000 0.00403
3710.00000 0.004996
3720.00000 0.006269
3730.00000 0.007951
3740.00000 0.009995
3750.00000 0.012371
3760.00000 0.015427
3770.00000 0.019354
3780.00000 0.024537
3790.00000 0.030957
3800.00000 0.039039
3810.00000 0.049152
3820.00000 0.06146
3830.00000 0.075542
3840.00000 0.091224
3850.00000 0.109203
3860.00000 0.130659
3870.00000 0.15588
3880.00000 0.181534
3890.00000 0.201137
3900.00000 0.209829
3910.00000 0.21032
3920.00000 0.210985
3930.00000 0.219295
3940.00000 0.237268
3950.00000 0.261526
3960.00000 0.28473
3970.00000 0.299441
3980.00000 0.304067
3990.00000 0.304254
4000.00000 0.30669
4010.00000 0.314206
4020.00000 0.324618
4030.00000 0.331684
4040.00000 0.329518
4050.00000 0.319205
4060.00000 0.305434
4070.00000 0.295546
4080.00000 0.293753
4090.00000 0.300665
4100.00000 0.313252
4110.00000 0.326249
4120.00000 0.333247
4130.00000 0.331286
4140.00000 0.32242
4150.00000 0.310733
4160.00000 0.302912
4170.00000 0.302183
4180.00000 0.308278
4190.00000 0.318768
4200.00000 0.330099
4210.00000 0.338809
4220.00000 0.343706
4230.00000 0.345396
4240.00000 0.346419
4250.00000 0.350725
4260.00000 0.356881
4270.00000 0.363111
4280.00000 0.366546
4290.00000 0.364368
4300.00000 0.355959
4310.00000 0.343858
4320.00000 0.332234
4330.00000 0.324784
4340.00000 0.323433
4350.00000 0.325791
4360.00000 0.332954
4370.00000 0.341934
4380.00000 0.349426
4390.00000 0.352999
4400.00000 0.35198
4410.00000 0.347547
4420.00000 0.341679
4430.00000 0.336447
4440.00000 0.332881
4450.00000 0.330762
4460.00000 0.328859
4470.00000 0.326298
4480.00000 0.322384
4490.00000 0.317412
4500.00000 0.312072
4510.00000 0.307461
4520.00000 0.304474
4530.00000 0.303392
4540.00000 0.303772
4550.00000 0.307572
4560.00000 0.31136
4570.00000 0.314111
4580.00000 0.315439
4590.00000 0.315561
4600.00000 0.314624
4610.00000 0.313105
4620.00000 0.311165
4630.00000 0.309405
4640.00000 0.307858
4650.00000 0.30247
4660.00000 0.297318
4670.00000 0.292693
4680.00000 0.288343
4690.00000 0.284125
4700.00000 0.279744
4710.00000 0.274775
4720.00000 0.268771
4730.00000 0.26166
4740.00000 0.253709
4750.00000 0.248842
4760.00000 0.244417
4770.00000 0.241178
4780.00000 0.239529
4790.00000 0.239518
4800.00000 0.240449
4810.00000 0.241383
4820.00000 0.241101
4830.00000 0.23733
4840.00000 0.227939
4850.00000 0.211665
4860.00000 0.187898
4870.00000 0.158225
4880.00000 0.126336
4890.00000 0.096407
4900.00000 0.07105
4910.00000 0.051147
4920.00000 0.03636
4930.00000 0.025881
4940.00000 0.018536
4950.00000 0.01322
4960.00000 0.009511
4970.00000 0.006895
4980.00000 0.005014
4990.00000 0.003685
5000.00000 0.002705
5010.00000 0.00201
5020.00000 0.001514
5030.00000 0.001157
5040.00000 0.000886
5050.00000 0.000672
5060.00000 0.000539
5070.00000 0.000433
5080.00000 0.000354
5090.00000 0.000301
5100.00000 0.0
