threeML/data/optical_filters/Swift/UVOT-V.ecsv
# %ECSV 0.9
# ---
# datatype:
# - {name: wavelength, unit: Angstrom, datatype: float32}
# - {name: response, datatype: float32}
# meta: !!omap
# - {band_name: V}
# - {group_name: UVOT}
wavelength response
4680.00000 0.0
4690.00000 0.000261
4700.00000 0.000321
4710.00000 0.000411
4720.00000 0.000528
4730.00000 0.000581
4740.00000 0.000632
4750.00000 0.00066
4760.00000 0.000658
4770.00000 0.000626
4780.00000 0.000565
4790.00000 0.000534
4800.00000 0.000532
4810.00000 0.00056
4820.00000 0.000559
4830.00000 0.000557
4840.00000 0.000584
4850.00000 0.000641
4860.00000 0.000727
4870.00000 0.000784
4880.00000 0.000898
4890.00000 0.00104
4900.00000 0.00124
4910.00000 0.001467
4920.00000 0.001808
4930.00000 0.002233
4940.00000 0.002799
4950.00000 0.003567
4960.00000 0.004573
4970.00000 0.005978
4980.00000 0.007907
4990.00000 0.010592
5000.00000 0.014362
5010.00000 0.019644
5020.00000 0.027031
5030.00000 0.036934
5040.00000 0.049723
5050.00000 0.065425
5060.00000 0.083111
5070.00000 0.101456
5080.00000 0.118822
5090.00000 0.133996
5100.00000 0.146654
5110.00000 0.157007
5120.00000 0.165607
5130.00000 0.173223
5140.00000 0.180427
5150.00000 0.188467
5160.00000 0.196482
5170.00000 0.204235
5180.00000 0.211275
5190.00000 0.216992
5200.00000 0.221161
5210.00000 0.223225
5220.00000 0.223348
5230.00000 0.221852
5240.00000 0.219172
5250.00000 0.214445
5260.00000 0.210024
5270.00000 0.206214
5280.00000 0.203464
5290.00000 0.201668
5300.00000 0.200683
5310.00000 0.20014
5320.00000 0.199762
5330.00000 0.19927
5340.00000 0.198543
5350.00000 0.198565
5360.00000 0.198019
5370.00000 0.197037
5380.00000 0.19585
5390.00000 0.194482
5400.00000 0.192937
5410.00000 0.19135
5420.00000 0.18967
5430.00000 0.188092
5440.00000 0.186404
5450.00000 0.185013
5460.00000 0.183647
5470.00000 0.182305
5480.00000 0.180986
5490.00000 0.179727
5500.00000 0.178544
5510.00000 0.177403
5520.00000 0.176134
5530.00000 0.174885
5540.00000 0.173637
5550.00000 0.172336
5560.00000 0.170895
5570.00000 0.169283
5580.00000 0.16785
5590.00000 0.166385
5600.00000 0.165027
5610.00000 0.163819
5620.00000 0.162763
5630.00000 0.161755
5640.00000 0.160794
5650.00000 0.159433
5660.00000 0.158015
5670.00000 0.156509
5680.00000 0.154855
5690.00000 0.152726
5700.00000 0.150092
5710.00000 0.147044
5720.00000 0.143542
5730.00000 0.139648
5740.00000 0.135394
5750.00000 0.132104
5760.00000 0.128959
5770.00000 0.125857
5780.00000 0.122827
5790.00000 0.119435
5800.00000 0.115275
5810.00000 0.109747
5820.00000 0.102369
5830.00000 0.092979
5840.00000 0.082116
5850.00000 0.072055
5860.00000 0.06016
5870.00000 0.04939
5880.00000 0.040199
5890.00000 0.032533
5900.00000 0.026201
5910.00000 0.02097
5920.00000 0.016725
5930.00000 0.013204
5940.00000 0.010297
5950.00000 0.007947
5960.00000 0.006063
5970.00000 0.004593
5980.00000 0.003464
5990.00000 0.002628
6000.00000 0.002004
6010.00000 0.001542
6020.00000 0.001207
6030.00000 0.000948
6040.00000 0.000764
6050.00000 0.000629
6060.00000 0.00052
6070.00000 0.000435
6080.00000 0.000375
6090.00000 0.000326
6100.00000 0.00029
6110.00000 0.000254
6120.00000 0.000219
6130.00000 0.0
