threeML/data/optical_filters/Swift/UVOT-UVM2.ecsv
# %ECSV 0.9
# ---
# datatype:
# - {name: wavelength, unit: Angstrom, datatype: float32}
# - {name: response, datatype: float32}
# meta: !!omap
# - {band_name: UVM2}
# - {group_name: UVOT}
wavelength response
1600.00000 0.0
1610.00000 0.000221
1620.00000 0.000377
1630.00000 0.000624
1640.00000 0.000883
1650.00000 0.001169
1660.00000 0.001491
1670.00000 0.001794
1680.00000 0.002066
1690.00000 0.002338
1700.00000 0.002671
1710.00000 0.002902
1720.00000 0.003134
1730.00000 0.003578
1740.00000 0.004102
1750.00000 0.004636
1760.00000 0.0052
1770.00000 0.005785
1780.00000 0.006369
1790.00000 0.007085
1800.00000 0.007871
1810.00000 0.008768
1820.00000 0.009725
1830.00000 0.010884
1840.00000 0.012194
1850.00000 0.013504
1860.00000 0.015217
1870.00000 0.017132
1880.00000 0.018039
1890.00000 0.020861
1900.00000 0.024993
1910.00000 0.028721
1920.00000 0.033962
1930.00000 0.039605
1940.00000 0.046861
1950.00000 0.055427
1960.00000 0.065203
1970.00000 0.07659
1980.00000 0.089288
1990.00000 0.102793
2000.00000 0.117909
2010.00000 0.132018
2020.00000 0.146127
2030.00000 0.159228
2040.00000 0.170313
2050.00000 0.179383
2060.00000 0.187445
2070.00000 0.192484
2080.00000 0.197523
2090.00000 0.199538
2100.00000 0.200546
2110.00000 0.202562
2120.00000 0.204577
2130.00000 0.204577
2140.00000 0.204577
2150.00000 0.204577
2160.00000 0.204577
2170.00000 0.204577
2180.00000 0.20357
2190.00000 0.20357
2200.00000 0.20357
2210.00000 0.198531
2220.00000 0.195507
2230.00000 0.191476
2240.00000 0.186437
2250.00000 0.18543
2260.00000 0.183414
2270.00000 0.182406
2280.00000 0.179383
2290.00000 0.177368
2300.00000 0.175352
2310.00000 0.173336
2320.00000 0.170313
2330.00000 0.168298
2340.00000 0.165274
2350.00000 0.163259
2360.00000 0.161243
2370.00000 0.159228
2380.00000 0.156204
2390.00000 0.154189
2400.00000 0.151165
2410.00000 0.14915
2420.00000 0.145119
2430.00000 0.141088
2440.00000 0.138064
2450.00000 0.133026
2460.00000 0.126979
2470.00000 0.120932
2480.00000 0.114886
2490.00000 0.108839
2500.00000 0.1038
2510.00000 0.097451
2520.00000 0.091002
2530.00000 0.084653
2540.00000 0.078505
2550.00000 0.073063
2560.00000 0.067621
2570.00000 0.06228
2580.00000 0.057241
2590.00000 0.052404
2600.00000 0.047869
2610.00000 0.043536
2620.00000 0.039605
2630.00000 0.035877
2640.00000 0.032349
2650.00000 0.029225
2660.00000 0.026303
2670.00000 0.023683
2680.00000 0.021465
2690.00000 0.019349
2700.00000 0.017434
2710.00000 0.01562
2720.00000 0.014109
2730.00000 0.012799
2740.00000 0.011489
2750.00000 0.01038
2760.00000 0.009372
2770.00000 0.008445
2780.00000 0.007649
2790.00000 0.006903
2800.00000 0.006288
2810.00000 0.005684
2820.00000 0.00519
2830.00000 0.004706
2840.00000 0.004273
2850.00000 0.00391
2860.00000 0.003608
2870.00000 0.003305
2880.00000 0.003003
2890.00000 0.002761
2900.00000 0.00258
2910.00000 0.002338
2920.00000 0.002167
2930.00000 0.001985
2940.00000 0.001864
2950.00000 0.001683
2960.00000 0.001562
2970.00000 0.001451
2980.00000 0.001381
2990.00000 0.00127
3000.00000 0.001149
3010.00000 0.001088
3020.00000 0.001028
3030.00000 0.000972
3040.00000 0.000914
3050.00000 0.000845
3060.00000 0.000776
3070.00000 0.000709
3080.00000 0.000645
3090.00000 0.000581
3100.00000 0.000572
3110.00000 0.000512
3120.00000 0.000503
3130.00000 0.000444
3140.00000 0.000436
3150.00000 0.00039
3160.00000 0.000392
3170.00000 0.000345
3180.00000 0.000347
3190.00000 0.000299
3200.00000 0.0003
3210.00000 0.000285
3220.00000 0.00027
3230.00000 0.000255
3240.00000 0.000246
3250.00000 0.0
