threeML/data/optical_filters/Swift/UVOT-U.ecsv
# %ECSV 0.9
# ---
# datatype:
# - {name: wavelength, unit: Angstrom, datatype: float32}
# - {name: response, datatype: float32}
# meta: !!omap
# - {band_name: U}
# - {group_name: UVOT}
wavelength response
3000.00000 0.0
3010.00000 0.000627
3020.00000 0.010699
3030.00000 0.05295
3040.00000 0.12376
3050.00000 0.198651
3060.00000 0.237385
3070.00000 0.246552
3080.00000 0.302168
3090.00000 0.3495
3100.00000 0.348293
3110.00000 0.353033
3120.00000 0.373387
3130.00000 0.39699
3140.00000 0.394722
3150.00000 0.381624
3160.00000 0.367024
3170.00000 0.365845
3180.00000 0.382155
3190.00000 0.411985
3200.00000 0.442156
3210.00000 0.415836
3220.00000 0.374593
3230.00000 0.384742
3240.00000 0.42803
3250.00000 0.446535
3260.00000 0.457309
3270.00000 0.473338
3280.00000 0.477045
3290.00000 0.471418
3300.00000 0.469602
3310.00000 0.47416
3320.00000 0.482948
3330.00000 0.471347
3340.00000 0.435755
3350.00000 0.415866
3360.00000 0.421237
3370.00000 0.415827
3380.00000 0.394273
3390.00000 0.387898
3400.00000 0.4102
3410.00000 0.435551
3420.00000 0.433702
3430.00000 0.410745
3440.00000 0.393707
3450.00000 0.39644
3460.00000 0.408976
3470.00000 0.412809
3480.00000 0.403479
3490.00000 0.394852
3500.00000 0.397161
3510.00000 0.407705
3520.00000 0.417563
3530.00000 0.420622
3540.00000 0.420591
3550.00000 0.424241
3560.00000 0.435132
3570.00000 0.450969
3580.00000 0.462034
3590.00000 0.462345
3600.00000 0.45394
3610.00000 0.450832
3620.00000 0.460983
3630.00000 0.476999
3640.00000 0.485881
3650.00000 0.482076
3660.00000 0.47746
3670.00000 0.482144
3680.00000 0.491617
3690.00000 0.495903
3700.00000 0.49094
3710.00000 0.481416
3720.00000 0.47181
3730.00000 0.462478
3740.00000 0.458796
3750.00000 0.461859
3760.00000 0.469602
3770.00000 0.464551
3780.00000 0.440322
3790.00000 0.412446
3800.00000 0.400006
3810.00000 0.412595
3820.00000 0.434128
3830.00000 0.437413
3840.00000 0.396947
3850.00000 0.31418
3860.00000 0.21513
3870.00000 0.129645
3880.00000 0.072651
3890.00000 0.041031
3900.00000 0.024611
3910.00000 0.015879
3920.00000 0.010817
3930.00000 0.007612
3940.00000 0.005359
3950.00000 0.003682
3960.00000 0.002476
3970.00000 0.001645
3980.00000 0.001092
3990.00000 0.000771
4000.00000 0.000587
4010.00000 0.00045
4020.00000 0.000359
4030.00000 0.000313
4040.00000 0.000267
4050.00000 0.000267
4060.00000 0.0
