threeML/data/optical_filters/Swift/UVOT-white.ecsv
# %ECSV 0.9
# ---
# datatype:
# - {name: wavelength, unit: Angstrom, datatype: float32}
# - {name: response, datatype: float32}
# meta: !!omap
# - {band_name: white}
# - {group_name: UVOT}
wavelength response
1590.00000 0.0
1600.00000 0.026929
1610.00000 0.065701
1620.00000 0.104479
1630.00000 0.156662
1640.00000 0.208853
1650.00000 0.25478
1660.00000 0.300713
1670.00000 0.327429
1680.00000 0.354148
1690.00000 0.369097
1700.00000 0.384047
1710.00000 0.383015
1720.00000 0.381982
1730.00000 0.399842
1740.00000 0.417702
1750.00000 0.428957
1760.00000 0.44021
1770.00000 0.442965
1780.00000 0.445719
1790.00000 0.448966
1800.00000 0.452215
1810.00000 0.455026
1820.00000 0.457841
1830.00000 0.460661
1840.00000 0.463488
1850.00000 0.466324
1860.00000 0.4716
1870.00000 0.476888
1880.00000 0.482189
1890.00000 0.487507
1900.00000 0.492834
1910.00000 0.491583
1920.00000 0.49027
1930.00000 0.48886
1940.00000 0.487328
1950.00000 0.485679
1960.00000 0.486366
1970.00000 0.486949
1980.00000 0.487434
1990.00000 0.48783
2000.00000 0.488143
2010.00000 0.483461
2020.00000 0.478728
2030.00000 0.473953
2040.00000 0.469145
2050.00000 0.464313
2060.00000 0.459464
2070.00000 0.454608
2080.00000 0.449752
2090.00000 0.444903
2100.00000 0.440069
2110.00000 0.440087
2120.00000 0.440111
2130.00000 0.440148
2140.00000 0.440206
2150.00000 0.440292
2160.00000 0.440413
2170.00000 0.440577
2180.00000 0.440793
2190.00000 0.441067
2200.00000 0.441407
2210.00000 0.434603
2220.00000 0.427916
2230.00000 0.42135
2240.00000 0.414909
2250.00000 0.414932
2260.00000 0.415061
2270.00000 0.415289
2280.00000 0.415613
2290.00000 0.416028
2300.00000 0.416529
2310.00000 0.417375
2320.00000 0.418299
2330.00000 0.419298
2340.00000 0.420366
2350.00000 0.424246
2360.00000 0.428192
2370.00000 0.432201
2380.00000 0.436271
2390.00000 0.440397
2400.00000 0.444577
2410.00000 0.448676
2420.00000 0.452818
2430.00000 0.457
2440.00000 0.461216
2450.00000 0.460579
2460.00000 0.459953
2470.00000 0.459335
2480.00000 0.45872
2490.00000 0.458103
2500.00000 0.45748
2510.00000 0.457082
2520.00000 0.456668
2530.00000 0.456235
2540.00000 0.455777
2550.00000 0.458912
2560.00000 0.462027
2570.00000 0.465116
2580.00000 0.468176
2590.00000 0.471202
2600.00000 0.474186
2610.00000 0.476962
2620.00000 0.479691
2630.00000 0.482373
2640.00000 0.48501
2650.00000 0.485735
2660.00000 0.486413
2670.00000 0.487047
2680.00000 0.487637
2690.00000 0.488184
2700.00000 0.48869
2710.00000 0.489397
2720.00000 0.490065
2730.00000 0.490695
2740.00000 0.491289
2750.00000 0.490354
2760.00000 0.489383
2770.00000 0.488379
2780.00000 0.487341
2790.00000 0.486272
2800.00000 0.485172
2810.00000 0.484207
2820.00000 0.483214
2830.00000 0.482192
2840.00000 0.481143
2850.00000 0.480247
2860.00000 0.479325
2870.00000 0.478379
2880.00000 0.477409
2890.00000 0.476417
2900.00000 0.475404
2910.00000 0.474407
2920.00000 0.473389
2930.00000 0.472353
2940.00000 0.471297
2950.00000 0.470482
2960.00000 0.469649
2970.00000 0.4688
2980.00000 0.467935
2990.00000 0.467054
3000.00000 0.46616
3010.00000 0.46545
3020.00000 0.464726
3030.00000 0.463989
3040.00000 0.46324
3050.00000 0.456414
3060.00000 0.44958
3070.00000 0.442742
3080.00000 0.435898
3090.00000 0.429051
3100.00000 0.422201
3110.00000 0.415041
3120.00000 0.407891
3130.00000 0.400751
3140.00000 0.393622
3150.00000 0.395897
3160.00000 0.39816
3170.00000 0.400411
3180.00000 0.402651
3190.00000 0.404881
3200.00000 0.407101
3210.00000 0.4096
3220.00000 0.412093
3230.00000 0.414581
3240.00000 0.417063
3250.00000 0.416555
3260.00000 0.416046
3270.00000 0.415538
3280.00000 0.415031
3290.00000 0.414524
3300.00000 0.41402
3310.00000 0.413517
3320.00000 0.413016
3330.00000 0.412519
3340.00000 0.412025
3350.00000 0.409966
3360.00000 0.407914
3370.00000 0.405869
3380.00000 0.403831
3390.00000 0.401801
3400.00000 0.399779
3410.00000 0.397751
3420.00000 0.395733
3430.00000 0.393724
3440.00000 0.391725
3450.00000 0.392275
3460.00000 0.392833
3470.00000 0.3934
3480.00000 0.393977
3490.00000 0.394563
3500.00000 0.395157
3510.00000 0.395767
3520.00000 0.396386
3530.00000 0.397013
3540.00000 0.397649
3550.00000 0.398639
3560.00000 0.399636
3570.00000 0.400642
3580.00000 0.401655
3590.00000 0.402675
3600.00000 0.403702
3610.00000 0.404784
3620.00000 0.405873
3630.00000 0.40697
3640.00000 0.408073
3650.00000 0.408881
3660.00000 0.409695
3670.00000 0.410516
3680.00000 0.411343
3690.00000 0.412177
3700.00000 0.413017
3710.00000 0.413774
3720.00000 0.414537
3730.00000 0.415305
3740.00000 0.416078
3750.00000 0.414118
3760.00000 0.412163
3770.00000 0.410212
3780.00000 0.408267
3790.00000 0.406325
3800.00000 0.404388
3810.00000 0.40246
3820.00000 0.400535
3830.00000 0.398614
3840.00000 0.396697
3850.00000 0.394954
3860.00000 0.393214
3870.00000 0.391476
3880.00000 0.389742
3890.00000 0.388009
3900.00000 0.38628
3910.00000 0.384533
3920.00000 0.382789
3930.00000 0.381047
3940.00000 0.379306
3950.00000 0.377934
3960.00000 0.376564
3970.00000 0.375195
3980.00000 0.373828
3990.00000 0.372462
4000.00000 0.371097
4010.00000 0.369754
4020.00000 0.368412
4030.00000 0.367071
4040.00000 0.36573
4050.00000 0.365565
4060.00000 0.365401
4070.00000 0.365237
4080.00000 0.365074
4090.00000 0.364912
4100.00000 0.36475
4110.00000 0.364565
4120.00000 0.364381
4130.00000 0.364196
4140.00000 0.364012
4150.00000 0.362437
4160.00000 0.360861
4170.00000 0.359285
4180.00000 0.357708
4190.00000 0.35613
4200.00000 0.354551
4210.00000 0.352911
4220.00000 0.35127
4230.00000 0.349629
4240.00000 0.347987
4250.00000 0.347745
4260.00000 0.347503
4270.00000 0.34726
4280.00000 0.347015
4290.00000 0.34677
4300.00000 0.346523
4310.00000 0.346317
4320.00000 0.34611
4330.00000 0.3459
4340.00000 0.345689
4350.00000 0.343062
4360.00000 0.34043
4370.00000 0.337784
4380.00000 0.335137
4390.00000 0.332486
4400.00000 0.329834
4410.00000 0.327138
4420.00000 0.32444
4430.00000 0.321741
4440.00000 0.319041
4450.00000 0.316388
4460.00000 0.313735
4470.00000 0.311081
4480.00000 0.308427
4490.00000 0.305771
4500.00000 0.303116
4510.00000 0.30045
4520.00000 0.297784
4530.00000 0.295117
4540.00000 0.292451
4550.00000 0.292084
4560.00000 0.291717
4570.00000 0.291348
4580.00000 0.290979
4590.00000 0.290608
4600.00000 0.290237
4610.00000 0.28988
4620.00000 0.289521
4630.00000 0.289163
4640.00000 0.288803
4650.00000 0.284695
4660.00000 0.280587
4670.00000 0.276481
4680.00000 0.272377
4690.00000 0.268274
4700.00000 0.264172
4710.00000 0.260081
4720.00000 0.25599
4730.00000 0.251902
4740.00000 0.247815
4750.00000 0.247109
4760.00000 0.246403
4770.00000 0.245698
4780.00000 0.244993
4790.00000 0.244287
4800.00000 0.243583
4810.00000 0.24286
4820.00000 0.242137
4830.00000 0.241415
4840.00000 0.240694
4850.00000 0.240169
4860.00000 0.239645
4870.00000 0.23912
4880.00000 0.238596
4890.00000 0.238073
4900.00000 0.23755
4910.00000 0.236987
4920.00000 0.236425
4930.00000 0.235864
4940.00000 0.235304
4950.00000 0.233221
4960.00000 0.23114
4970.00000 0.229062
4980.00000 0.226986
4990.00000 0.224913
5000.00000 0.222842
5010.00000 0.220811
5020.00000 0.218781
5030.00000 0.216754
5040.00000 0.214728
5050.00000 0.213079
5060.00000 0.211431
5070.00000 0.209786
5080.00000 0.208143
5090.00000 0.206501
5100.00000 0.204861
5110.00000 0.203204
5120.00000 0.201549
5130.00000 0.199897
5140.00000 0.198247
5150.00000 0.197674
5160.00000 0.197103
5170.00000 0.196533
5180.00000 0.195965
5190.00000 0.195398
5200.00000 0.194833
5210.00000 0.194246
5220.00000 0.19366
5230.00000 0.193076
5240.00000 0.192495
5250.00000 0.190231
5260.00000 0.18797
5270.00000 0.185712
5280.00000 0.183458
5290.00000 0.181207
5300.00000 0.178959
5310.00000 0.176736
5320.00000 0.174516
5330.00000 0.172299
5340.00000 0.170084
5350.00000 0.168808
5360.00000 0.167533
5370.00000 0.166261
5380.00000 0.164991
5390.00000 0.163724
5400.00000 0.162459
5410.00000 0.16119
5420.00000 0.159924
5430.00000 0.15866
5440.00000 0.157399
5450.00000 0.156419
5460.00000 0.155441
5470.00000 0.154466
5480.00000 0.153493
5490.00000 0.152521
5500.00000 0.15155
5510.00000 0.150552
5520.00000 0.149554
5530.00000 0.148557
5540.00000 0.147559
5550.00000 0.146501
5560.00000 0.145443
5570.00000 0.144386
5580.00000 0.143328
5590.00000 0.142271
5600.00000 0.141214
5610.00000 0.140182
5620.00000 0.13915
5630.00000 0.138118
5640.00000 0.137086
5650.00000 0.135592
5660.00000 0.134097
5670.00000 0.132603
5680.00000 0.131108
5690.00000 0.129613
5700.00000 0.128118
5710.00000 0.126592
5720.00000 0.125067
5730.00000 0.123543
5740.00000 0.122019
5750.00000 0.121322
5760.00000 0.120625
5770.00000 0.119929
5780.00000 0.119233
5790.00000 0.118537
5800.00000 0.117842
5810.00000 0.117158
5820.00000 0.116475
5830.00000 0.115792
5840.00000 0.115109
5850.00000 0.11697
5860.00000 0.11583
5870.00000 0.114692
5880.00000 0.113556
5890.00000 0.112421
5900.00000 0.111288
5910.00000 0.110173
5920.00000 0.10906
5930.00000 0.107949
5940.00000 0.106839
5950.00000 0.10573
5960.00000 0.104623
5970.00000 0.103517
5980.00000 0.102413
5990.00000 0.10131
6000.00000 0.100209
6010.00000 0.09939
6020.00000 0.098571
6030.00000 0.097753
6040.00000 0.096934
6050.00000 0.096116
6060.00000 0.095297
6070.00000 0.094479
6080.00000 0.09366
6090.00000 0.092842
6100.00000 0.092023
6110.00000 0.091204
6120.00000 0.090386
6130.00000 0.089567
6140.00000 0.088749
6150.00000 0.08793
6160.00000 0.087111
6170.00000 0.086293
6180.00000 0.085474
6190.00000 0.084656
6200.00000 0.083837
6210.00000 0.083018
6220.00000 0.0822
6230.00000 0.081381
6240.00000 0.080563
6250.00000 0.079744
6260.00000 0.078925
6270.00000 0.078107
6280.00000 0.077288
6290.00000 0.076469
6300.00000 0.07565
6310.00000 0.074832
6320.00000 0.074013
6330.00000 0.073194
6340.00000 0.072375
6350.00000 0.071557
6360.00000 0.070738
6370.00000 0.069919
6380.00000 0.0691
6390.00000 0.068281
6400.00000 0.067463
6410.00000 0.066771
6420.00000 0.06608
6430.00000 0.065388
6440.00000 0.064696
6450.00000 0.064005
6460.00000 0.063313
6470.00000 0.062621
6480.00000 0.06193
6490.00000 0.061238
6500.00000 0.060546
6510.00000 0.059855
6520.00000 0.059163
6530.00000 0.058471
6540.00000 0.05778
6550.00000 0.057088
6560.00000 0.056396
6570.00000 0.055704
6580.00000 0.055013
6590.00000 0.054321
6600.00000 0.053629
6610.00000 0.052937
6620.00000 0.052245
6630.00000 0.051553
6640.00000 0.050862
6650.00000 0.05017
6660.00000 0.049478
6670.00000 0.048786
6680.00000 0.048094
6690.00000 0.047402
6700.00000 0.04671
6710.00000 0.046018
6720.00000 0.045326
6730.00000 0.044634
6740.00000 0.043942
6750.00000 0.04325
6760.00000 0.042558
6770.00000 0.041866
6780.00000 0.041174
6790.00000 0.040482
6800.00000 0.03979
6810.00000 0.039098
6820.00000 0.038406
6830.00000 0.037714
6840.00000 0.037022
6850.00000 0.03633
6860.00000 0.035638
6870.00000 0.034946
6880.00000 0.034254
6890.00000 0.033561
6900.00000 0.032869
6910.00000 0.032177
6920.00000 0.031485
6930.00000 0.030793
6940.00000 0.030101
6950.00000 0.029408
6960.00000 0.028716
6970.00000 0.028024
6980.00000 0.027332
6990.00000 0.026639
7000.00000 0.025947
7010.00000 0.025534
7020.00000 0.02512
7030.00000 0.024706
7040.00000 0.024292
7050.00000 0.023879
7060.00000 0.023465
7070.00000 0.023051
7080.00000 0.022638
7090.00000 0.022224
7100.00000 0.02181
7110.00000 0.021396
7120.00000 0.020983
7130.00000 0.020569
7140.00000 0.020155
7150.00000 0.019741
7160.00000 0.019328
7170.00000 0.018914
7180.00000 0.0185
7190.00000 0.018086
7200.00000 0.017672
7210.00000 0.017259
7220.00000 0.016845
7230.00000 0.016431
7240.00000 0.016017
7250.00000 0.015603
7260.00000 0.015189
7270.00000 0.014776
7280.00000 0.014362
7290.00000 0.013948
7300.00000 0.013534
7310.00000 0.01312
7320.00000 0.012706
7330.00000 0.012292
7340.00000 0.011878
7350.00000 0.011464
7360.00000 0.011051
7370.00000 0.010637
7380.00000 0.010223
7390.00000 0.009809
7400.00000 0.009395
7410.00000 0.008981
7420.00000 0.008567
7430.00000 0.008153
7440.00000 0.007739
7450.00000 0.007325
7460.00000 0.006911
7470.00000 0.006497
7480.00000 0.006083
7490.00000 0.005669
7500.00000 0.005255
7510.00000 0.005153
7520.00000 0.005051
7530.00000 0.00495
7540.00000 0.004848
7550.00000 0.004746
7560.00000 0.004644
7570.00000 0.004542
7580.00000 0.00444
7590.00000 0.004338
7600.00000 0.004236
7610.00000 0.004134
7620.00000 0.004033
7630.00000 0.003931
7640.00000 0.003829
7650.00000 0.003727
7660.00000 0.003625
7670.00000 0.003523
7680.00000 0.003421
7690.00000 0.003319
7700.00000 0.003217
7710.00000 0.003115
7720.00000 0.003013
7730.00000 0.002912
7740.00000 0.00281
7750.00000 0.002708
7760.00000 0.002606
7770.00000 0.002504
7780.00000 0.002402
7790.00000 0.0023
7800.00000 0.002198
7810.00000 0.002096
7820.00000 0.001994
7830.00000 0.001892
7840.00000 0.00179
7850.00000 0.001688
7860.00000 0.001587
7870.00000 0.001485
7880.00000 0.001383
7890.00000 0.001281
7900.00000 0.001179
7910.00000 0.001077
7920.00000 0.000975
7930.00000 0.000873
7940.00000 0.000771
7950.00000 0.000669
7960.00000 0.000567
7970.00000 0.000465
7980.00000 0.000363
7990.00000 0.000261
8000.00000 0.000159
8800.00000 0.0
