threeML/data/optical_filters/CAHA/ALHAMBRA-F458W_4.ecsv
# %ECSV 0.9
# ---
# datatype:
# - {name: wavelength, unit: Angstrom, datatype: float32}
# - {name: response, datatype: float32}
# meta: !!omap
# - {band_name: F458W_4}
# - {group_name: ALHAMBRA}
wavelength response
3929.39990 0.0
4366.00000 0.000924
4368.00000 0.001214
4370.00000 0.001559
4372.00049 0.002018
4374.00000 0.002717
4376.00000 0.003602
4378.00000 0.00479
4380.00000 0.006271
4382.00000 0.008205
4384.00000 0.010613
4386.00000 0.013887
4388.00000 0.018159
4390.00000 0.023445
4392.00000 0.030223
4394.00000 0.038636
4396.00000 0.049342
4397.99951 0.06327
4400.00000 0.082264
4402.00000 0.108139
4404.00000 0.142258
4406.00000 0.187744
4408.00000 0.247948
4410.00000 0.326513
4412.00000 0.422025
4414.00000 0.535167
4416.00000 0.64448
4418.00000 0.735288
4420.00000 0.792071
4422.00000 0.815862
4424.00000 0.811034
4426.00000 0.790984
4428.00000 0.766683
4430.00000 0.744907
4432.00000 0.727396
4434.00000 0.715297
4436.00000 0.70691
4438.00000 0.706693
4440.00000 0.709922
4442.00049 0.716835
4444.00000 0.723966
4446.00000 0.732518
4447.99951 0.740847
4450.00000 0.750334
4452.00000 0.758061
4454.00000 0.765695
4456.00000 0.772457
4458.00000 0.78007
4460.00000 0.785524
4462.00000 0.790389
4464.00000 0.796583
4466.00000 0.802453
4468.00000 0.807821
4470.00000 0.814956
4472.00000 0.820996
4474.00000 0.827859
4476.00000 0.834613
4478.00000 0.839786
4480.00000 0.844069
4482.00000 0.846625
4484.00000 0.84974
4486.00000 0.849395
4488.00000 0.848825
4490.00000 0.847185
4492.00000 0.845792
4494.00000 0.840217
4496.00000 0.837712
4498.00000 0.832309
4500.00000 0.828343
4502.00000 0.825024
4504.00000 0.821812
4506.00000 0.817532
4508.00000 0.815665
4510.00000 0.813137
4512.00049 0.811897
4514.00000 0.810256
4516.00000 0.811105
4517.99951 0.810121
4520.00000 0.807586
4522.00000 0.808487
4524.00000 0.807099
4526.00000 0.807042
4528.00000 0.804117
4530.00000 0.802289
4532.00000 0.799659
4534.00000 0.797398
4536.00000 0.794657
4538.00000 0.791333
4540.00000 0.790571
4542.00000 0.787257
4544.00000 0.783666
4546.00000 0.781268
4548.00000 0.779191
4550.00000 0.77628
4552.00000 0.778134
4554.00000 0.777406
4556.00000 0.779367
4558.00000 0.778777
4560.00000 0.780991
4562.00049 0.783742
4564.00000 0.787026
4566.00000 0.791246
4568.00000 0.795987
4570.00000 0.799284
4572.00000 0.803995
4574.00000 0.808825
4576.00000 0.814659
4578.00000 0.819703
4580.00000 0.824647
4582.00000 0.830228
4584.00000 0.833521
4586.00000 0.838601
4587.99951 0.842695
4590.00000 0.844476
4592.00000 0.847036
4594.00000 0.849194
4596.00000 0.85039
4598.00000 0.850718
4600.00000 0.850911
4602.00000 0.848846
4604.00000 0.845387
4606.00000 0.843884
4608.00000 0.839738
4610.00000 0.835304
4612.00000 0.830422
4614.00000 0.824578
4616.00000 0.819491
4618.00000 0.815469
4620.00000 0.809795
4622.00000 0.802533
4624.00000 0.798138
4626.00000 0.794013
4628.00000 0.790037
4630.00000 0.785943
4632.00049 0.783675
4634.00000 0.782307
4636.00000 0.780543
4638.00000 0.779358
4640.00000 0.778787
4642.00000 0.781898
4644.00000 0.780766
4646.00000 0.784389
4648.00000 0.786031
4650.00000 0.789597
4652.00000 0.792905
4654.00000 0.795676
4656.00000 0.799679
4658.00000 0.802148
4660.00000 0.804537
4662.00000 0.809329
4664.00000 0.81158
4666.00000 0.813185
4668.00000 0.815974
4670.00000 0.816932
4672.00000 0.820257
4674.00000 0.822127
4676.00000 0.825285
4678.00000 0.827318
4680.00000 0.830746
4682.00000 0.831346
4684.00000 0.833323
4686.00000 0.836006
4688.00000 0.837573
4690.00000 0.839144
4692.00000 0.840779
4694.00000 0.83925
4696.00000 0.83715
4698.00000 0.834527
4700.00000 0.830705
4702.00049 0.823087
4704.00000 0.816158
4706.00000 0.808651
4707.99951 0.797571
4710.00000 0.788995
4712.00000 0.778691
4714.00000 0.769715
4716.00000 0.761112
4718.00000 0.753578
4720.00000 0.749842
4722.00000 0.748007
4724.00000 0.749616
4726.00000 0.754088
4728.00000 0.760556
4730.00000 0.7669
4732.00000 0.772047
4734.00000 0.770757
4736.00000 0.756069
4738.00000 0.725314
4740.00000 0.672107
4742.00000 0.595711
4744.00000 0.507252
4746.00000 0.413038
4748.00000 0.326818
4750.00000 0.25082
4752.00000 0.187661
4754.00000 0.139735
4756.00000 0.103415
4758.00000 0.076746
4760.00000 0.057244
4762.00000 0.043248
4764.00000 0.032527
4766.00000 0.024644
4768.00000 0.018729
4770.00000 0.014393
4772.00000 0.0111
4774.00000 0.008687
4776.00000 0.006777
4777.99951 0.005314
4780.00000 0.004201
4782.00000 0.003304
4784.00000 0.002627
4786.00000 0.002104
4788.00000 0.001686
4790.00000 0.001411
4792.00000 0.001148
4794.00000 0.000879
5273.39990 0.0
