threeML/data/optical_filters/CAHA/ALHAMBRA-F582W_3.ecsv
# %ECSV 0.9
# ---
# datatype:
# - {name: wavelength, unit: Angstrom, datatype: float32}
# - {name: response, datatype: float32}
# meta: !!omap
# - {band_name: F582W_3}
# - {group_name: ALHAMBRA}
wavelength response
5044.02686 0.0
5604.47412 0.000432
5606.65674 0.001296
5608.86377 0.001339
5611.63623 0.001
5613.81787 0.002384
5615.90186 0.001954
5618.08350 0.00285
5620.85645 0.004522
5623.03857 0.005231
5625.24512 0.008015
5627.32080 0.011814
5629.51074 0.016206
5631.69336 0.02463
5634.00586 0.036635
5636.18896 0.05424
5638.39551 0.079469
5640.70068 0.1155
5643.01416 0.165717
5645.42578 0.238655
5647.96924 0.341563
5650.51172 0.482716
5653.38379 0.651206
5655.57373 0.770492
5657.87891 0.852077
5660.29932 0.884524
5662.60449 0.881604
5665.04053 0.868652
5667.33057 0.853718
5669.64404 0.84146
5671.94873 0.83605
5674.38525 0.83851
5676.67383 0.842647
5678.98779 0.844003
5681.30127 0.850597
5683.71338 0.859577
5686.02734 0.871551
5688.46387 0.877151
5690.75244 0.883781
5693.18896 0.890297
5695.60156 0.892253
5697.91504 0.898711
5700.32715 0.903128
5702.76367 0.902964
5705.17529 0.90498
5707.59619 0.906804
5709.90186 0.908194
5712.33789 0.912204
5714.75879 0.912944
5717.17139 0.910441
5719.60791 0.910187
5722.01953 0.912153
5724.44043 0.914145
5726.87695 0.915978
5729.28906 0.91681
5731.70996 0.912348
5734.14697 0.913963
5736.55859 0.916225
5738.97119 0.920888
5741.40771 0.928988
5743.95117 0.932087
5746.37158 0.932833
5748.78467 0.936614
5751.22070 0.942338
5753.63330 0.943496
5756.17676 0.942782
5758.58887 0.933821
5761.00977 0.937814
5763.55322 0.943607
5765.98975 0.940129
5768.50879 0.941487
5770.94629 0.936417
5773.35791 0.935673
5775.90186 0.937018
5778.31445 0.932963
5780.85840 0.928994
5783.27002 0.927988
5785.81445 0.926896
5788.25146 0.926851
5790.67188 0.926711
5793.20752 0.927671
5795.62842 0.930875
5798.16309 0.932486
5800.58398 0.930314
5803.12842 0.929109
5805.56494 0.930517
5808.08398 0.932303
5810.52148 0.933001
5813.06543 0.932661
5815.47803 0.931882
5818.02148 0.930696
5820.43359 0.931042
5822.97803 0.931424
5825.52197 0.929488
5827.93359 0.931078
5830.47754 0.933849
5832.89062 0.932691
5835.43506 0.932974
5837.97852 0.934417
5840.39160 0.935588
5842.93555 0.933268
5845.47900 0.938125
5847.89209 0.937101
5850.43604 0.934137
5852.97949 0.930013
5855.39209 0.928954
5857.93652 0.92763
5860.47168 0.927346
5862.89307 0.926636
5865.43750 0.926628
5867.97217 0.92673
5870.51611 0.926224
5873.06104 0.928901
5875.47363 0.932404
5878.01758 0.923182
5880.56152 0.917862
5883.10596 0.915867
5885.51807 0.913883
5888.06299 0.910105
5890.59766 0.907105
5893.12646 0.902282
5895.56348 0.899442
5898.09912 0.894528
5900.52051 0.889959
5903.06494 0.886606
5905.60059 0.881554
5908.02197 0.877204
5910.55811 0.874184
5912.97852 0.870661
5915.52295 0.867696
5917.93555 0.866829
5920.48047 0.86783
5922.89355 0.870077
5925.43750 0.874549
5927.87451 0.880724
5930.39453 0.884983
5932.93848 0.890828
5935.48340 0.892924
5937.92090 0.894303
5940.44043 0.892674
5942.98486 0.888727
5945.52100 0.883119
5948.06494 0.874547
5950.47852 0.865265
5953.02197 0.852833
5955.44385 0.838494
5957.88184 0.822647
5960.41748 0.806462
5962.83887 0.787755
5965.14502 0.765057
5967.56641 0.734333
5969.87305 0.686664
5972.18750 0.615597
5975.06836 0.484708
5977.71143 0.344027
5980.25635 0.2317
5982.69434 0.156041
5984.98389 0.10737
5987.29883 0.076143
5989.60498 0.055265
5991.81299 0.040656
5993.99658 0.030406
5996.31152 0.023204
5998.49414 0.018656
6000.67822 0.014988
6002.88574 0.011291
6004.97070 0.008557
6007.15381 0.007595
6009.92822 0.00514
6012.11230 0.004388
6014.31982 0.004107
6016.50293 0.002775
6018.58057 0.002629
6021.35547 0.002359
6023.54639 0.001284
6025.72998 0.001681
6027.93848 0.001422
6030.58057 0.000509
6633.63867 0.0
