threeML/data/optical_filters/CAHA/ALHAMBRA-A861M.ecsv
# %ECSV 0.9
# ---
# datatype:
# - {name: wavelength, unit: Angstrom, datatype: float32}
# - {name: response, datatype: float32}
# meta: !!omap
# - {band_name: A861M}
# - {group_name: ALHAMBRA}
wavelength response
7503.82129 0.0
8337.57910 0.001437
8339.70020 0.000157
8341.47168 0.001498
8343.22363 0.000749
8345.35059 0.001424
8347.12207 0.002449
8348.87305 0.000947
8350.64453 0.001762
8352.76562 0.001287
8354.51660 0.000608
8356.28809 0.002565
8358.04590 0.001489
8360.16602 0.002287
8361.93750 0.002826
8363.68945 0.001552
8365.44043 0.002082
8367.66602 0.002077
8369.33887 0.001611
8371.08984 0.003022
8372.86035 0.002068
8375.08594 0.0026
8376.73828 0.003008
8378.50293 0.001741
8380.26074 0.00307
8382.48633 0.001991
8384.23730 0.001987
8385.90332 0.003637
8387.67383 0.002389
8389.87891 0.002918
8391.65039 0.003917
8393.40137 0.002386
8395.07324 0.003636
8397.29785 0.003033
8399.04883 0.002035
8400.79980 0.004392
8402.57031 0.003853
8404.23633 0.003785
8406.46094 0.006394
8408.21875 0.005876
8409.96875 0.007789
8411.74023 0.010003
8413.49023 0.011045
8415.61035 0.015915
8417.38086 0.020647
8419.13770 0.025621
8420.88867 0.033715
8422.65918 0.045595
8424.40918 0.060998
8426.25879 0.080165
8428.01562 0.105731
8429.86523 0.135895
8431.72168 0.171637
8433.57031 0.215535
8435.42676 0.259494
8437.36133 0.306676
8439.30273 0.346443
8441.34277 0.384859
8443.29688 0.408617
8445.31738 0.436992
8447.35645 0.447324
8449.38965 0.466536
8451.42969 0.471207
8453.46973 0.482667
8455.50977 0.488806
8457.52930 0.49585
8459.66797 0.501931
8461.70703 0.51084
8463.72754 0.516755
8465.86523 0.526258
8467.90527 0.535725
8470.02344 0.537902
8472.14844 0.550457
8474.18848 0.560816
8476.30664 0.562515
8478.44434 0.567553
8480.56934 0.578344
8482.68750 0.583906
8484.83203 0.58028
8486.86523 0.577585
8488.99023 0.58071
8491.10840 0.585585
8493.25195 0.587888
8495.37012 0.586454
8497.49512 0.58199
8499.63281 0.57965
8501.75098 0.578965
8503.87500 0.578675
8505.99316 0.578648
8508.13770 0.577164
8510.25488 0.575651
8512.37988 0.577297
8514.51758 0.577286
8516.63477 0.577476
8518.75879 0.574631
8520.89648 0.571748
8523.02051 0.575477
8525.13867 0.575584
8527.27539 0.571759
8529.39941 0.57241
8531.51758 0.574592
8533.66113 0.571241
8535.77832 0.573194
8537.90234 0.57121
8540.03906 0.569342
8542.15723 0.573769
8544.28027 0.568279
8546.41797 0.57243
8548.54102 0.56648
8550.65918 0.573426
8552.88086 0.566881
8555.01758 0.569988
8557.14160 0.566159
8559.25879 0.569192
8561.39551 0.570307
8563.51855 0.563746
8565.64258 0.569869
8567.77930 0.566488
8569.89648 0.56604
8572.01953 0.567175
8574.15625 0.564536
8576.27246 0.56558
8578.39648 0.566816
8580.61816 0.565391
8582.73438 0.565454
8584.87793 0.56526
8586.99414 0.563538
8589.11719 0.563613
8591.25391 0.566148
8593.37012 0.567214
8595.59180 0.568203
8597.71484 0.568679
8599.83105 0.564976
8601.97363 0.561208
8604.08984 0.560835
8606.31152 0.563046
8608.43457 0.568236
8610.57031 0.571367
8612.68652 0.566751
8614.80957 0.560716
8617.03027 0.560342
8619.14648 0.565892
8621.28223 0.569865
8623.50391 0.561292
8625.62598 0.560236
8627.74219 0.568129
8629.88477 0.561054
8632.08594 0.561379
8634.22168 0.565221
8636.34375 0.557085
8638.56445 0.562794
8640.68066 0.559012
8642.80273 0.559877
8645.02344 0.560913
8647.15918 0.556893
8649.27441 0.559217
8651.49512 0.554911
8653.61719 0.559296
8655.73242 0.555163
8657.95312 0.557056
8660.08789 0.554806
8662.20996 0.553758
8664.43066 0.553243
8666.54590 0.55331
8668.66797 0.550313
8670.80273 0.553868
8673.02344 0.551643
8675.14453 0.545732
8677.35840 0.549875
8679.48047 0.551231
8681.60156 0.54265
8683.73633 0.54222
8685.93750 0.548976
8688.07227 0.549341
8690.29199 0.544535
8692.41309 0.537897
8694.52832 0.540102
8696.74805 0.543273
8698.86914 0.546653
8701.00391 0.547303
8703.22363 0.54403
8705.33887 0.540868
8707.55859 0.538088
8709.67969 0.541182
8711.79395 0.541921
8714.01367 0.542487
8716.14844 0.537468
8718.35449 0.53646
8720.48828 0.535293
8722.60352 0.533025
8724.82227 0.530409
8726.94336 0.528398
8729.07715 0.528035
8731.27734 0.524086
8733.41797 0.524172
8735.61719 0.520722
8737.75098 0.521137
8739.87207 0.5193
8742.08496 0.518238
8744.20508 0.519704
8746.33887 0.516264
8748.54492 0.520544
8750.67871 0.516106
8752.79199 0.520669
8755.01172 0.516223
8757.13184 0.521967
8759.26562 0.515714
8761.46484 0.521806
8763.59766 0.516029
8765.81641 0.519262
8767.93652 0.516399
8770.05078 0.511236
8772.26953 0.513964
8774.38965 0.504337
8776.52246 0.499621
8778.74121 0.495147
8780.85449 0.483818
8782.97461 0.47466
8785.09473 0.465593
8787.22754 0.452998
8789.34082 0.44065
8791.46094 0.427945
8793.49609 0.410582
8795.62891 0.38455
8797.64355 0.349469
8799.59277 0.306095
8801.62695 0.257364
8803.55664 0.203183
8805.40723 0.152745
8807.25098 0.112721
8809.10156 0.081777
8810.84668 0.058595
8812.59277 0.042882
8814.35742 0.030816
8816.10352 0.02248
8817.95312 0.017488
8819.61328 0.013966
8821.36523 0.010238
8823.11133 0.008261
8824.87598 0.007231
8826.62109 0.005572
8828.83887 0.004479
8830.49902 0.004586
8832.24414 0.002993
8834.00879 0.003129
8835.75488 0.00321
8837.97168 0.001764
8839.72363 0.002332
8841.38379 0.001619
8843.12891 0.001022
8845.34570 0.002163
8847.09082 0.001062
8848.75684 0.001477
8850.52246 0.001924
9735.57422 0.0
