threeML/data/optical_filters/CAHA/ALHAMBRA-F365W_4.ecsv
# %ECSV 0.9
# ---
# datatype:
# - {name: wavelength, unit: Angstrom, datatype: float32}
# - {name: response, datatype: float32}
# meta: !!omap
# - {band_name: F365W_4}
# - {group_name: ALHAMBRA}
wavelength response
3139.19995 0.0
3488.00000 0.000805
3490.00000 0.001277
3492.00024 0.001726
3494.00000 0.002611
3496.00000 0.003709
3497.99976 0.006298
3500.00000 0.008631
3502.00000 0.013707
3503.99976 0.022652
3506.00000 0.037873
3507.99976 0.064539
3510.00000 0.109036
3512.00024 0.177616
3514.00000 0.272935
3516.00024 0.387236
3518.00000 0.501055
3520.00024 0.595395
3522.00000 0.655062
3523.99976 0.682525
3526.00000 0.694402
3527.99976 0.692156
3530.00000 0.688336
3532.00024 0.682584
3534.00000 0.677753
3536.00024 0.673032
3538.00000 0.672068
3540.00000 0.670629
3542.00024 0.668357
3544.00000 0.66754
3546.00000 0.664366
3547.99976 0.661177
3550.00000 0.654132
3552.00000 0.645723
3554.00000 0.637998
3556.00000 0.628995
3558.00000 0.62507
3560.00000 0.620234
3562.00024 0.620669
3564.00000 0.628511
3566.00024 0.634922
3568.00000 0.646745
3569.99976 0.664052
3572.00000 0.682462
3573.99976 0.70218
3576.00000 0.720627
3577.99976 0.736505
3580.00000 0.749826
3582.00024 0.759096
3584.00000 0.762358
3586.00024 0.76452
3588.00000 0.76181
3590.00024 0.759261
3592.00000 0.756999
3593.99976 0.755002
3596.00000 0.753933
3597.99976 0.755078
3600.00000 0.757863
3602.00000 0.759842
3604.00000 0.764148
3606.00000 0.766625
3608.00000 0.768117
3610.00000 0.767172
3612.00024 0.764952
3614.00000 0.758191
3616.00000 0.751481
3617.99976 0.739859
3620.00000 0.730013
3622.00000 0.717071
3624.00000 0.703846
3626.00000 0.692132
3628.00000 0.681328
3630.00000 0.668131
3632.00024 0.65815
3634.00000 0.649557
3636.00024 0.640883
3638.00000 0.63348
3639.99976 0.625476
3642.00000 0.619008
3643.99976 0.614459
3646.00000 0.608822
3647.99976 0.604754
3650.00000 0.603742
3652.00024 0.601951
3654.00000 0.600194
3656.00024 0.600775
3658.00000 0.603379
3660.00024 0.607247
3662.00000 0.615018
3663.99976 0.621878
3666.00000 0.630556
3667.99976 0.644838
3670.00000 0.658961
3672.00000 0.674261
3674.00000 0.690613
3676.00000 0.708278
3678.00000 0.727812
3680.00000 0.746492
3682.00024 0.763444
3684.00000 0.778819
3686.00000 0.793159
3687.99976 0.806595
3690.00000 0.813565
3692.00000 0.819793
3694.00000 0.825011
3696.00000 0.824864
3697.99976 0.8264
3700.00000 0.823283
3702.00024 0.821472
3704.00000 0.818023
3706.00024 0.812137
3708.00000 0.807806
3709.99976 0.801276
3712.00000 0.793764
3713.99976 0.788102
3716.00000 0.781216
3717.99976 0.777274
3720.00000 0.769297
3722.00024 0.763167
3724.00000 0.757225
3726.00024 0.750192
3728.00000 0.748787
3730.00000 0.745305
3732.00024 0.745028
3733.99976 0.745046
3736.00000 0.746263
3737.99976 0.749808
3740.00000 0.754437
3742.00000 0.757348
3744.00000 0.764717
3746.00000 0.766975
3748.00000 0.772928
3750.00000 0.778478
3752.00024 0.780867
3754.00000 0.785142
3756.00024 0.788831
3757.99976 0.789395
3759.99976 0.794793
3762.00000 0.795221
3763.99976 0.800285
3766.00000 0.804799
3767.99976 0.808302
3770.00000 0.813506
3772.00024 0.817374
3774.00000 0.824988
3776.00024 0.827017
3778.00000 0.830344
3780.00024 0.835027
3782.00000 0.835306
3783.99976 0.834576
3786.00000 0.83046
3787.99976 0.822959
3790.00000 0.808459
3792.00024 0.785682
3794.00000 0.754191
3796.00000 0.709522
3798.00000 0.651279
3800.00000 0.578084
3802.00024 0.492608
3804.00000 0.403983
3806.00000 0.316598
3807.99976 0.238843
3810.00000 0.175147
3812.00000 0.126932
3814.00000 0.08989
3816.00000 0.062494
3818.00000 0.043048
3820.00000 0.029678
3822.00024 0.020606
3824.00000 0.014527
3826.00024 0.010371
3828.00000 0.007301
3829.99976 0.005212
3832.00000 0.003774
3833.99976 0.002748
3836.00000 0.002021
3837.99976 0.001499
3840.00000 0.001137
3842.00024 0.000877
4226.20020 0.0
