threeML/data/optical_filters/CAHA/ALHAMBRA-A613M.ecsv
# %ECSV 0.9
# ---
# datatype:
# - {name: wavelength, unit: Angstrom, datatype: float32}
# - {name: response, datatype: float32}
# meta: !!omap
# - {band_name: A613M}
# - {group_name: ALHAMBRA}
wavelength response
5337.46973 0.0
5930.52197 0.001015
5932.70508 0.000795
5934.79004 0.000876
5936.98926 0.001531
5939.76367 0.001229
5941.95508 0.001992
5944.13818 0.002509
5946.34619 0.002454
5948.39795 0.003376
5951.17188 0.004268
5953.37988 0.005347
5955.56299 0.007829
5957.75439 0.010788
5959.95410 0.01536
5962.14600 0.022773
5964.32910 0.036031
5966.64355 0.057591
5968.95020 0.096117
5971.37109 0.163218
5974.03906 0.270566
5976.81299 0.411463
5979.10303 0.512593
5981.63965 0.58275
5984.07715 0.618579
5986.60547 0.634958
5989.14160 0.640165
5991.80908 0.643043
5994.33740 0.645527
5996.87354 0.647623
5999.41846 0.650056
6002.06934 0.653166
6004.60596 0.656095
6007.28174 0.659894
6009.80176 0.66339
6012.34619 0.665991
6015.01416 0.668828
6017.65723 0.672019
6020.20166 0.674834
6022.85303 0.677753
6025.49658 0.680629
6028.16406 0.68257
6030.81543 0.68454
6033.45898 0.685899
6036.12646 0.687236
6038.77783 0.687942
6041.42920 0.688864
6044.09717 0.688889
6046.74072 0.688549
6049.39209 0.688565
6052.06006 0.688945
6054.71143 0.688911
6057.35449 0.688822
6060.02246 0.688775
6062.67432 0.689264
6065.31738 0.689838
6067.98535 0.689877
6070.63721 0.691319
6073.41162 0.693407
6076.05518 0.695247
6078.73145 0.697194
6081.37451 0.699385
6084.14941 0.701336
6086.80078 0.704514
6089.57568 0.705367
6092.21924 0.707917
6094.99414 0.708794
6097.64551 0.711391
6100.42041 0.712134
6103.06396 0.713917
6105.83887 0.714858
6108.50684 0.716217
6111.25732 0.718465
6114.03223 0.719258
6116.80713 0.720849
6119.45850 0.722436
6122.23340 0.723237
6125.00879 0.723943
6127.78369 0.724757
6130.55859 0.725051
6133.20215 0.724865
6135.97705 0.725467
6138.75195 0.725829
6141.50244 0.724978
6144.27734 0.724336
6147.05225 0.724589
6149.82764 0.723928
6152.47949 0.723378
6155.25439 0.721944
6158.02148 0.721276
6160.79639 0.72037
6163.57129 0.719215
6166.33008 0.717357
6169.10547 0.716722
6171.77393 0.715762
6174.52441 0.714177
6177.29932 0.714326
6180.07471 0.713991
6182.84961 0.713669
6185.49365 0.713429
6188.26855 0.713885
6191.04395 0.714866
6193.81934 0.714178
6196.57812 0.71384
6199.34521 0.714653
6202.12012 0.714288
6204.89551 0.713099
6207.54785 0.711703
6210.32324 0.710133
6213.09814 0.707851
6215.87354 0.704017
6218.64893 0.700178
6221.29297 0.696164
6224.06836 0.691845
6226.81885 0.688366
6229.48779 0.686512
6232.26318 0.686327
6234.91553 0.687806
6237.69092 0.690038
6240.46631 0.693729
6243.11035 0.698369
6245.88574 0.702777
6248.66113 0.708017
6251.42041 0.712273
6254.18750 0.714242
6256.96289 0.716271
6259.73828 0.714496
6262.51416 0.710433
6265.28955 0.702214
6268.04883 0.690338
6270.71729 0.678569
6273.46826 0.670424
6276.13721 0.66829
6278.91309 0.675341
6281.56543 0.685426
6284.34082 0.683631
6286.98535 0.641722
6289.53076 0.552123
6291.94531 0.436549
6294.15430 0.331171
6296.90527 0.224521
6299.45117 0.153421
6301.89014 0.105632
6304.18115 0.072619
6306.49707 0.050302
6308.80469 0.035233
6311.01367 0.024526
6313.19824 0.016808
6315.39111 0.01161
6317.59180 0.008457
6319.78467 0.006272
6322.56055 0.003928
6324.74512 0.003143
6326.95410 0.002765
6329.13867 0.001724
6331.21631 0.0017
6333.99219 0.001439
6967.39160 0.0
