threeML/data/optical_filters/CAHA/ALHAMBRA-F644W.ecsv
# %ECSV 0.9
# ---
# datatype:
# - {name: wavelength, unit: Angstrom, datatype: float32}
# - {name: response, datatype: float32}
# meta: !!omap
# - {band_name: F644W}
# - {group_name: ALHAMBRA}
wavelength response
5626.21436 0.0
6251.34912 0.000773
6254.02588 0.002196
6256.20996 0.001708
6258.39502 0.002317
6260.60400 0.003739
6262.68115 0.003208
6265.43994 0.005196
6267.64111 0.007006
6269.83301 0.008985
6272.04199 0.01401
6274.22705 0.021485
6276.41113 0.031946
6278.62012 0.050397
6280.92822 0.080801
6283.21777 0.131948
6285.53516 0.210008
6288.08008 0.326519
6290.85596 0.477387
6293.72998 0.640136
6296.04492 0.746176
6298.45996 0.820725
6300.89893 0.863915
6303.32080 0.884672
6305.73584 0.890802
6308.28223 0.891339
6310.72119 0.889608
6313.24219 0.890487
6315.68213 0.891705
6318.22705 0.897265
6320.74805 0.901669
6323.18701 0.904868
6325.73291 0.907792
6328.14795 0.906682
6330.69287 0.904441
6333.10791 0.900868
6335.65381 0.897515
6338.20020 0.895755
6340.61377 0.896123
6343.16016 0.896475
6345.57520 0.897468
6348.12109 0.899496
6350.56006 0.900889
6353.08105 0.903081
6355.62695 0.907666
6358.06592 0.908024
6360.58789 0.911856
6363.13379 0.916107
6365.68018 0.919728
6368.22607 0.924941
6370.76416 0.927007
6373.18604 0.927891
6375.72412 0.929063
6378.27002 0.92792
6380.81592 0.927532
6383.33789 0.925901
6385.88379 0.926648
6388.43115 0.924644
6390.96777 0.92438
6393.51416 0.922875
6396.06006 0.922712
6398.47510 0.922189
6401.02100 0.922147
6403.56689 0.921379
6406.08887 0.921231
6408.63477 0.920729
6411.18115 0.919853
6413.71924 0.921498
6416.26611 0.921618
6418.81201 0.922332
6421.33301 0.922581
6423.87891 0.925889
6426.42578 0.926846
6428.96387 0.926696
6431.50977 0.927582
6434.05713 0.928504
6436.57812 0.929801
6439.12500 0.930789
6441.66992 0.93152
6444.20898 0.933853
6446.75488 0.93476
6449.30176 0.935282
6451.82324 0.93479
6454.37012 0.933504
6456.91602 0.93429
6459.45410 0.935109
6462.00000 0.93368
6464.65283 0.935068
6467.19092 0.934694
6469.73779 0.934814
6472.28418 0.935302
6474.80713 0.934942
6477.35303 0.933491
6479.89990 0.93266
6482.43799 0.931647
6485.09082 0.929869
6487.63818 0.929521
6490.18408 0.92903
6492.72314 0.92651
6495.26904 0.926609
6497.81592 0.925763
6500.33691 0.923764
6502.88379 0.922837
6505.43115 0.921017
6507.96924 0.920519
6510.51611 0.918992
6513.06201 0.916879
6515.58398 0.915313
6518.13086 0.914143
6520.79980 0.912549
6523.32324 0.912285
6525.76221 0.911589
6528.41602 0.911053
6530.95410 0.910775
6533.50098 0.908436
6535.92383 0.910411
6538.56885 0.909629
6541.11621 0.911916
6543.66309 0.912739
6546.20215 0.912313
6548.74902 0.91296
6551.29492 0.91354
6553.81689 0.913627
6556.36377 0.915398
6558.91113 0.913558
6561.44922 0.913702
6563.99609 0.915586
6566.54297 0.913632
6569.06494 0.915034
6571.73486 0.915069
6574.28320 0.914207
6576.80518 0.912809
6579.35107 0.912496
6581.89795 0.911409
6584.43701 0.91094
6586.98291 0.911516
6589.53076 0.9092
6592.05322 0.908949
6594.60010 0.907604
6597.14697 0.903874
6599.68506 0.90245
6602.23193 0.897336
6604.77881 0.892847
6607.30176 0.886968
6609.84912 0.877189
6612.39600 0.869946
6614.93408 0.860068
6617.35889 0.84753
6619.90576 0.840675
6622.32080 0.832775
6624.76123 0.830536
6627.30811 0.834559
6629.72412 0.846808
6632.27100 0.862962
6634.81787 0.876743
6637.35596 0.872326
6639.78076 0.827902
6642.19580 0.737966
6644.51416 0.618436
6646.69922 0.493657
6649.47705 0.35433
6652.02295 0.253061
6654.43896 0.18189
6656.75586 0.129138
6659.19580 0.092725
6661.94922 0.060534
6664.15918 0.043529
6666.46924 0.03112
6668.66309 0.022839
6670.84814 0.016821
6673.05908 0.011702
6675.70410 0.00807
6677.89795 0.006422
6680.10107 0.00444
6682.29395 0.003543
6684.47998 0.003433
6687.25684 0.002165
6689.33594 0.002128
6691.54688 0.002464
6693.73193 0.001307
6696.50977 0.001641
6698.69580 0.001192
7368.56543 0.0
