threeML/data/optical_filters/CAHA/ALHAMBRA-F427W_2.ecsv
# %ECSV 0.9
# ---
# datatype:
# - {name: wavelength, unit: Angstrom, datatype: float32}
# - {name: response, datatype: float32}
# meta: !!omap
# - {band_name: F427W_2}
# - {group_name: ALHAMBRA}
wavelength response
3623.39990 0.0
4026.00000 0.000871
4027.99976 0.001132
4030.00000 0.00144
4032.00024 0.001924
4034.00000 0.002541
4036.00024 0.003345
4038.00000 0.004332
4040.00024 0.005696
4042.00000 0.007481
4043.99976 0.00994
4046.00000 0.013385
4047.99976 0.018242
4050.00000 0.025167
4052.00000 0.034926
4054.00000 0.0489
4056.00000 0.069159
4058.00000 0.098724
4060.00000 0.141907
4062.00024 0.199564
4064.00000 0.274518
4066.00000 0.357542
4067.99976 0.441944
4070.00000 0.513837
4072.00000 0.567481
4074.00000 0.608273
4076.00000 0.63569
4078.00000 0.65685
4080.00000 0.67848
4082.00024 0.698812
4084.00000 0.720238
4086.00024 0.73962
4088.00000 0.755834
4089.99976 0.771383
4092.00000 0.77809
4093.99976 0.78067
4096.00000 0.778802
4098.00000 0.771706
4100.00000 0.766261
4102.00000 0.756648
4104.00000 0.745404
4106.00000 0.73538
4108.00000 0.726094
4110.00000 0.71777
4112.00000 0.710874
4114.00000 0.701793
4116.00000 0.694236
4118.00000 0.684779
4120.00000 0.675711
4122.00000 0.666547
4124.00000 0.658207
4126.00000 0.648302
4128.00000 0.638501
4130.00000 0.631867
4132.00000 0.62509
4134.00000 0.619557
4136.00000 0.616606
4137.99951 0.615275
4140.00000 0.615602
4142.00000 0.619713
4144.00000 0.623733
4146.00000 0.631223
4148.00000 0.640239
4150.00000 0.650302
4152.00000 0.662235
4154.00000 0.676102
4156.00000 0.688641
4158.00000 0.703077
4160.00000 0.71751
4162.00000 0.730874
4164.00000 0.743764
4166.00000 0.755347
4168.00000 0.765217
4170.00000 0.773975
4172.00000 0.7806
4174.00000 0.784967
4176.00000 0.787617
4178.00000 0.788931
4180.00000 0.789848
4182.00049 0.7859
4184.00000 0.78281
4186.00000 0.77815
4188.00000 0.771844
4190.00000 0.765724
4192.00000 0.759644
4194.00000 0.75237
4196.00000 0.74537
4198.00000 0.739278
4200.00000 0.732082
4202.00000 0.727332
4204.00000 0.723375
4206.00000 0.719923
4208.00000 0.718332
4210.00000 0.717593
4212.00000 0.717567
4214.00000 0.719482
4216.00000 0.721179
4218.00000 0.725708
4220.00000 0.729403
4222.00000 0.733479
4224.00000 0.739091
4226.00000 0.742585
4228.00000 0.747683
4230.00000 0.751766
4232.00000 0.754158
4234.00000 0.756496
4236.00000 0.757956
4238.00000 0.756951
4240.00000 0.754213
4242.00000 0.752367
4244.00000 0.74766
4246.00000 0.743072
4248.00000 0.737382
4250.00000 0.731406
4252.00049 0.725035
4254.00000 0.718106
4256.00000 0.710951
4257.99951 0.703571
4260.00000 0.697293
4262.00000 0.691018
4264.00000 0.687313
4266.00000 0.680371
4268.00000 0.675208
4270.00000 0.671356
4272.00000 0.667369
4274.00000 0.662911
4276.00000 0.659524
4278.00000 0.657115
4280.00000 0.653009
4282.00000 0.650316
4284.00000 0.648162
4286.00000 0.646709
4288.00000 0.646032
4290.00000 0.644153
4292.00000 0.644868
4294.00000 0.645349
4296.00000 0.647544
4298.00000 0.647981
4300.00000 0.651979
4302.00000 0.655697
4304.00000 0.661381
4306.00000 0.666213
4308.00000 0.673375
4310.00000 0.679189
4312.00000 0.686805
4314.00000 0.693942
4316.00000 0.701643
4318.00000 0.708426
4320.00000 0.714275
4322.00000 0.719487
4324.00000 0.724627
4326.00000 0.726991
4327.99951 0.729705
4330.00000 0.729366
4332.00000 0.727139
4334.00000 0.724554
4336.00000 0.719713
4338.00000 0.71494
4340.00000 0.709544
4342.00000 0.701766
4344.00000 0.695198
4346.00000 0.688213
4348.00000 0.682606
4350.00000 0.676351
4352.00000 0.671079
4354.00000 0.667061
4356.00000 0.66361
4358.00000 0.662142
4360.00000 0.660863
4362.00000 0.661992
4364.00000 0.664013
4366.00000 0.666587
4368.00000 0.672782
4370.00000 0.677116
4372.00049 0.681648
4374.00000 0.688674
4376.00000 0.693668
4378.00000 0.698218
4380.00000 0.700407
4382.00000 0.699297
4384.00000 0.698709
4386.00000 0.693628
4388.00000 0.684305
4390.00000 0.673792
4392.00000 0.660794
4394.00000 0.648665
4396.00000 0.634295
4397.99951 0.622354
4400.00000 0.613232
4402.00000 0.606425
4404.00000 0.60699
4406.00000 0.612353
4408.00000 0.625104
4410.00000 0.646477
4412.00000 0.673298
4414.00000 0.702624
4416.00000 0.724221
4418.00000 0.724334
4420.00000 0.687172
4422.00000 0.602158
4424.00000 0.484467
4426.00000 0.352922
4428.00000 0.240947
4430.00000 0.161027
4432.00000 0.106282
4434.00000 0.071558
4436.00000 0.048211
4438.00000 0.033241
4440.00000 0.023023
4442.00049 0.016283
4444.00000 0.011563
4446.00000 0.008485
4447.99951 0.006229
4450.00000 0.004653
4452.00000 0.003511
4454.00000 0.002672
4456.00000 0.002039
4458.00000 0.001547
4460.00000 0.001222
4462.00000 0.000978
4908.20020 0.0
