threeML/data/optical_filters/CAHA/ALHAMBRA-F520W_3.ecsv
# %ECSV 0.9
# ---
# datatype:
# - {name: wavelength, unit: Angstrom, datatype: float32}
# - {name: response, datatype: float32}
# meta: !!omap
# - {band_name: F520W_3}
# - {group_name: ALHAMBRA}
wavelength response
4530.87402 0.0
5034.30420 0.000534
5036.52295 0.001852
5038.74170 0.006067
5041.45264 0.001051
5043.67920 0.00833
5045.89795 0.004412
5048.60889 0.012895
5050.82764 0.021223
5053.04590 0.030083
5055.28955 0.061527
5057.50879 0.112045
5059.73584 0.19093
5061.97168 0.319642
5064.32373 0.480103
5066.54248 0.624892
5068.89453 0.714996
5071.23877 0.747174
5073.69971 0.754661
5076.04346 0.737525
5078.39600 0.734245
5080.74805 0.7298
5083.07568 0.729631
5085.41943 0.740281
5087.77246 0.755557
5090.22461 0.778079
5092.57715 0.792701
5094.92969 0.811441
5097.39844 0.823808
5099.73486 0.834134
5102.07861 0.8337
5104.55615 0.827412
5106.88379 0.832482
5109.23633 0.82877
5111.71436 0.831313
5114.04199 0.829693
5116.51953 0.82358
5118.86377 0.827405
5121.32471 0.828174
5123.66895 0.828323
5126.02197 0.833156
5128.47412 0.827566
5130.82666 0.82806
5133.27979 0.829863
5135.63232 0.826823
5138.08545 0.828863
5140.43848 0.832521
5142.91650 0.827394
5145.24365 0.828543
5147.72119 0.831262
5150.06592 0.827102
5152.52734 0.828898
5154.87158 0.834343
5157.33301 0.833227
5159.81152 0.835021
5162.13867 0.841572
5164.61670 0.84346
5166.96191 0.840973
5169.42285 0.844162
5171.87549 0.848285
5174.22900 0.846861
5176.68213 0.845846
5179.16016 0.84695
5181.51318 0.848258
5183.96631 0.847445
5186.31885 0.84533
5188.77197 0.843664
5191.25098 0.847067
5193.71240 0.848206
5196.05664 0.842577
5198.51807 0.842523
5200.97168 0.840024
5203.32422 0.841029
5205.79492 0.841276
5208.25635 0.839866
5210.70947 0.836531
5213.18799 0.833493
5215.54053 0.830763
5217.99414 0.834319
5220.45605 0.834305
5222.93457 0.835083
5225.38770 0.834791
5227.74121 0.831219
5230.19434 0.829502
5232.64795 0.824993
5235.12646 0.825275
5237.58789 0.828658
5240.04150 0.831065
5242.52002 0.830076
5244.98193 0.828526
5247.43555 0.83012
5249.91406 0.833128
5252.36768 0.836489
5254.84619 0.836286
5257.17480 0.835146
5259.76123 0.837102
5262.11475 0.839312
5264.56836 0.838141
5267.15576 0.836668
5269.63428 0.837839
5271.96289 0.839424
5274.44141 0.838025
5277.02881 0.834231
5279.48242 0.833338
5281.93652 0.834497
5284.41553 0.833066
5286.87744 0.829134
5289.33105 0.827854
5291.81006 0.827142
5294.26367 0.825344
5296.72607 0.822696
5299.20459 0.822929
5301.65820 0.821905
5304.12061 0.819245
5306.59961 0.818456
5309.05322 0.818217
5311.50781 0.815995
5313.98633 0.813957
5316.44922 0.812825
5318.90283 0.812595
5321.38184 0.809015
5323.83545 0.809912
5326.29834 0.805854
5328.77686 0.805781
5331.23096 0.806981
5333.71045 0.806667
5336.17236 0.804803
5338.75195 0.808058
5341.21436 0.806149
5343.66797 0.80528
5346.14746 0.806904
5348.61035 0.804372
5351.06445 0.804085
5353.54395 0.798402
5355.99805 0.788954
5358.45996 0.778327
5360.93896 0.762234
5363.39355 0.753383
5365.84766 0.742697
5368.32764 0.737559
5370.79004 0.73462
5373.24365 0.728772
5375.72363 0.718995
5378.18604 0.695146
5380.66602 0.653134
5383.12012 0.584715
5385.47412 0.498133
5387.81982 0.388343
5390.14941 0.287138
5392.39502 0.200028
5394.74902 0.132688
5396.97021 0.085256
5399.19043 0.053222
5401.43604 0.036353
5403.65723 0.021955
5405.77783 0.012359
5407.99854 0.010903
5410.24414 0.006343
5413.04150 0.004353
5415.28711 0.005321
5417.39941 0.002227
5419.61963 0.002782
5422.44189 0.002354
5424.56250 0.0
