threeML/data/optical_filters/CAHA/ALHAMBRA-F799W_4.ecsv
# %ECSV 0.9
# ---
# datatype:
# - {name: wavelength, unit: Angstrom, datatype: float32}
# - {name: response, datatype: float32}
# meta: !!omap
# - {band_name: F799W_4}
# - {group_name: ALHAMBRA}
wavelength response
6994.58252 0.0
7771.75830 0.000853
7773.88818 0.002303
7775.66699 0.002471
7777.43311 0.001108
7779.19287 0.002644
7781.34180 0.002046
7783.10059 0.002129
7784.85938 0.003825
7786.63867 0.002719
7788.77539 0.003651
7790.55322 0.003058
7792.31250 0.001786
7794.07178 0.003573
7796.22070 0.002469
7797.97998 0.002893
7799.74463 0.004507
7801.51758 0.002975
7803.73926 0.003909
7805.41211 0.003402
7807.19043 0.002808
7808.94922 0.004423
7811.18408 0.002634
7812.86328 0.003985
7814.62207 0.005415
7816.38037 0.004232
7818.61572 0.005337
7820.39453 0.006024
7822.15283 0.005086
7823.82520 0.006856
7825.59033 0.007609
7827.82520 0.007451
7829.58398 0.010932
7831.36182 0.010482
7833.12012 0.011479
7834.79297 0.01495
7837.02686 0.017197
7838.79248 0.019506
7840.56396 0.024858
7842.32861 0.028519
7844.08691 0.032535
7845.86523 0.042072
7847.62354 0.052249
7849.38184 0.063467
7851.15967 0.077933
7853.01709 0.098006
7854.78174 0.121759
7856.54004 0.154169
7858.40430 0.194531
7860.26123 0.246668
7862.12500 0.311257
7864.06787 0.393419
7866.01807 0.490783
7868.05957 0.599602
7870.10889 0.708157
7872.24414 0.796107
7874.39160 0.858618
7876.62500 0.896943
7878.75293 0.913281
7880.98633 0.920329
7883.21973 0.920025
7885.35449 0.920053
7887.58789 0.922446
7889.81494 0.923055
7891.94922 0.926681
7894.18262 0.930721
7896.41602 0.930998
7898.62988 0.933871
7900.77686 0.935463
7903.01025 0.934759
7905.22998 0.936469
7907.37793 0.936907
7909.59082 0.934079
7911.82422 0.933835
7914.05713 0.933584
7916.19092 0.930935
7918.41748 0.931431
7920.65088 0.931286
7922.88379 0.927674
7925.01660 0.926727
7927.25049 0.929504
7929.48291 0.927857
7931.61035 0.9256
7933.84277 0.925589
7936.07520 0.923105
7938.30811 0.920103
7940.44189 0.92092
7942.66748 0.91609
7944.90039 0.915048
7947.03369 0.915313
7949.26660 0.911237
7951.49902 0.911555
7953.62549 0.911129
7955.85791 0.906743
7958.09033 0.904616
7960.22363 0.902415
7962.45605 0.899433
7964.58203 0.895775
7966.81445 0.898846
7969.04639 0.897665
7971.17969 0.896266
7973.41211 0.893938
7975.53857 0.890302
7977.77051 0.893124
7979.90381 0.89413
7982.13477 0.897989
7984.36035 0.899737
7986.49365 0.902272
7988.72510 0.906345
7990.95703 0.908249
7993.08301 0.91073
7995.31445 0.914542
7997.54639 0.915468
7999.67871 0.91935
8001.91064 0.922584
8004.14258 0.922797
8006.37402 0.924652
8008.59863 0.925482
8010.73145 0.925056
8012.96289 0.926084
8015.19434 0.927873
8017.40576 0.923327
8019.63721 0.916741
8021.76953 0.917184
8024.00049 0.91952
8026.23193 0.915748
8028.45605 0.910919
8030.58789 0.912334
8032.81885 0.912277
8035.05029 0.90793
8037.17578 0.910962
8039.40674 0.909201
8041.63818 0.908208
8043.86914 0.91265
8046.00098 0.90866
8048.23193 0.913279
8050.46191 0.914758
8052.67285 0.913266
8054.81787 0.918629
8057.04883 0.919507
8059.25928 0.919976
8061.49023 0.924644
8063.72070 0.926152
8065.85254 0.925806
8068.08252 0.929827
8070.31348 0.933966
8072.54443 0.933541
8074.76709 0.928276
8076.99805 0.924586
8079.21533 0.921173
8081.36035 0.917146
8083.59033 0.909381
8085.80029 0.90143
8088.03027 0.893543
8090.16162 0.88009
8092.39160 0.87003
8094.53613 0.858261
8096.74609 0.849738
8098.89062 0.841838
8101.12061 0.838088
8103.25098 0.835225
8105.37598 0.838496
8107.60547 0.841248
8109.73682 0.849628
8111.88037 0.857083
8114.10986 0.86653
8116.32031 0.870534
8118.46387 0.88779
8120.69336 0.903797
8122.90332 0.910682
8125.13281 0.91346
8127.27686 0.923109
8129.49316 0.926714
8131.72266 0.913717
8133.95215 0.909455
8136.18115 0.901569
8138.41064 0.877253
8140.53369 0.868195
8142.76367 0.844862
8144.89404 0.826222
8147.01758 0.810555
8149.24707 0.789069
8151.39014 0.779827
8153.52002 0.758894
8155.64404 0.747566
8157.78711 0.744406
8159.91699 0.739188
8161.96094 0.740737
8164.08447 0.742455
8166.21484 0.740223
8168.35742 0.732546
8170.48779 0.697918
8172.52539 0.626795
8174.56934 0.526751
8176.50732 0.407527
8178.45312 0.29697
8180.30566 0.20482
8182.16504 0.14131
8183.91895 0.096831
8185.77783 0.066379
8187.55225 0.044714
8189.67480 0.027969
8191.42871 0.021476
8193.20215 0.01568
8194.96191 0.010047
8196.71582 0.008931
8198.94434 0.006712
8200.71094 0.003945
8202.36621 0.004574
8204.13867 0.003468
8206.36719 0.002835
8208.12012 0.003778
8209.79492 0.001889
8211.54883 0.002453
8213.77734 0.001583
8215.53027 0.000789
9037.08301 0.0
