threeML/data/optical_filters/CAHA/ALHAMBRA-A892M.ecsv
# %ECSV 0.9
# ---
# datatype:
# - {name: wavelength, unit: Angstrom, datatype: float32}
# - {name: response, datatype: float32}
# meta: !!omap
# - {band_name: A892M}
# - {group_name: ALHAMBRA}
wavelength response
7815.75098 0.0
8684.16797 0.001226
8685.90039 0.001818
8688.10059 0.000761
8689.83203 0.001596
8691.47949 0.001388
8693.21777 0.000927
8695.41797 0.002256
8697.16309 0.001382
8698.90137 0.001842
8700.54883 0.002286
8702.74902 0.001501
8704.48047 0.002212
8706.21875 0.001949
8707.86621 0.001405
8709.61719 0.002405
8711.79883 0.001891
8713.54980 0.002402
8715.28125 0.00283
8716.93555 0.001892
8719.13574 0.002703
8720.86719 0.002704
8722.61914 0.002251
8724.35059 0.003225
8726.08203 0.003346
8728.19824 0.002969
8729.92969 0.004187
8731.66797 0.004183
8733.41309 0.004339
8735.15137 0.005802
8737.24805 0.006104
8738.99902 0.007312
8740.73047 0.008776
8742.46875 0.009272
8744.21387 0.010893
8745.95215 0.013227
8748.14648 0.015618
8749.88477 0.017804
8751.63574 0.022244
8753.36719 0.027024
8755.09961 0.031888
8756.85059 0.037953
8758.58203 0.04585
8760.41797 0.056095
8762.15039 0.067717
8763.97949 0.083043
8765.81543 0.100855
8767.65137 0.12304
8769.48047 0.14609
8771.40137 0.174452
8773.31543 0.206026
8775.24902 0.239629
8777.26758 0.277102
8779.26562 0.317699
8781.38184 0.355371
8783.48438 0.393538
8785.58105 0.43388
8787.78125 0.467477
8790.08008 0.498098
8792.26758 0.513018
8794.56543 0.521186
8796.29688 0.521875
8798.49805 0.517047
8800.22949 0.515161
8802.42969 0.501629
8804.71484 0.491337
8806.91602 0.481658
8809.20117 0.475797
8811.40137 0.466965
8813.60156 0.459189
8815.88086 0.456804
8818.08105 0.456299
8820.28125 0.451314
8822.48242 0.45526
8824.68262 0.455145
8826.88281 0.454707
8829.16797 0.461489
8831.36914 0.461047
8833.54980 0.466634
8835.84766 0.470453
8838.04883 0.475673
8840.22949 0.478753
8842.53418 0.48308
8844.81250 0.488251
8846.46680 0.492708
8848.75195 0.495587
8850.39844 0.501807
8852.68359 0.503614
8854.98242 0.510538
8857.26758 0.514535
8859.55273 0.515542
8861.85059 0.523531
8864.13574 0.524862
8866.51855 0.525424
8868.16602 0.531833
8870.53516 0.528722
8872.28027 0.534504
8874.01855 0.530136
8875.76367 0.532323
8877.50195 0.535296
8879.23340 0.528195
8880.98438 0.534429
8882.71680 0.531026
8884.44824 0.527396
8886.19922 0.533187
8887.93164 0.526291
8889.66309 0.525341
8891.41406 0.531109
8893.14648 0.523518
8894.89746 0.52263
8896.63574 0.527231
8898.36719 0.520976
8900.11914 0.522059
8902.39746 0.525437
8904.13574 0.517229
8905.88086 0.521335
8907.61914 0.52092
8909.35059 0.51611
8911.10156 0.522934
8912.83398 0.516479
8914.56543 0.520653
8916.31641 0.516571
8918.04883 0.518751
8919.88477 0.517127
8921.61621 0.516907
8923.36719 0.514907
8925.09961 0.516
8926.83105 0.513469
8928.58203 0.515552
8930.31445 0.511507
8932.05273 0.513766
8933.79688 0.511598
8936.17969 0.514261
8937.91797 0.510167
8939.65039 0.509537
8941.40137 0.511176
8943.13281 0.507054
8944.86523 0.510208
8946.61621 0.506451
8948.34766 0.506687
8950.09961 0.507752
8951.83105 0.504915
8953.56250 0.506373
8955.31445 0.502858
8957.05273 0.50287
8959.43555 0.500228
8961.16699 0.503349
8962.89844 0.498631
8964.65039 0.500801
8966.38184 0.496226
8968.13281 0.498283
8969.86523 0.492291
8971.59668 0.493783
8973.34766 0.489631
8975.08008 0.489523
8976.81836 0.485272
8978.56250 0.482133
8980.30078 0.478883
8982.03320 0.474803
8984.33105 0.468825
8986.61621 0.468747
8988.90137 0.459432
8991.19922 0.453844
8993.48438 0.446463
8995.76367 0.443293
8997.41699 0.445892
8999.70215 0.437321
9002.00000 0.436583
9004.28516 0.436731
9005.93262 0.439866
9008.21777 0.438927
9010.51562 0.442537
9012.80078 0.44712
9014.53320 0.451529
9016.28418 0.454942
9018.01562 0.456581
9019.66309 0.462815
9022.05273 0.466894
9023.78418 0.466818
9025.51562 0.470232
9027.26758 0.470128
9028.99902 0.469239
9030.73047 0.468359
9032.48242 0.465227
9034.21387 0.462329
9035.96484 0.456639
9037.69727 0.450732
9039.98242 0.443365
9042.28027 0.432774
9044.56543 0.422226
9046.76562 0.410302
9048.49805 0.40265
9050.69824 0.389182
9052.98340 0.378364
9055.18359 0.366553
9057.38477 0.355206
9059.58496 0.344817
9061.68164 0.333321
9063.88184 0.320602
9065.98438 0.302031
9068.08105 0.283358
9070.19727 0.253754
9072.21484 0.22022
9074.21387 0.181818
9076.14746 0.143311
9077.98340 0.110004
9079.79980 0.081204
9081.63574 0.058897
9083.46484 0.042109
9085.21680 0.03023
9086.94824 0.021799
9089.14844 0.014209
9090.88086 0.01021
9092.61914 0.007952
9094.36328 0.006242
9096.10156 0.004324
9097.83398 0.003671
9099.48047 0.003285
9101.68164 0.001829
9103.43262 0.00211
9105.16406 0.001785
9106.89648 0.001086
9109.01855 0.001538
10019.91992 0.0
