threeML/data/optical_filters/CAHA/ALHAMBRA-F396W_4.ecsv
# %ECSV 0.9
# ---
# datatype:
# - {name: wavelength, unit: Angstrom, datatype: float32}
# - {name: response, datatype: float32}
# meta: !!omap
# - {band_name: F396W_4}
# - {group_name: ALHAMBRA}
wavelength response
3371.39990 0.0
3746.00000 0.000779
3748.00000 0.001089
3750.00000 0.001626
3752.00024 0.002424
3754.00000 0.003728
3756.00024 0.00562
3757.99976 0.008392
3759.99976 0.012244
3762.00000 0.01772
3763.99976 0.024653
3766.00000 0.033066
3767.99976 0.043303
3770.00000 0.056103
3772.00024 0.072453
3774.00000 0.095236
3776.00024 0.127753
3778.00000 0.176993
3780.00024 0.248188
3782.00000 0.347723
3783.99976 0.473746
3786.00000 0.599025
3787.99976 0.699682
3790.00000 0.749972
3792.00024 0.751098
3794.00000 0.728471
3796.00000 0.706622
3798.00000 0.693036
3800.00000 0.692065
3802.00024 0.702433
3804.00000 0.722202
3806.00000 0.748445
3807.99976 0.77547
3810.00000 0.801842
3812.00000 0.821358
3814.00000 0.836732
3816.00000 0.842798
3818.00000 0.84513
3820.00000 0.840508
3822.00024 0.832592
3824.00000 0.825767
3826.00024 0.816558
3828.00000 0.805382
3829.99976 0.795431
3832.00000 0.782787
3833.99976 0.768628
3836.00000 0.755246
3837.99976 0.741136
3840.00000 0.730436
3842.00024 0.718384
3844.00000 0.706785
3846.00024 0.698646
3848.00000 0.69343
3850.00024 0.691136
3852.00000 0.689078
3853.99976 0.690281
3856.00000 0.694125
3857.99976 0.698565
3860.00000 0.704536
3862.00000 0.710741
3864.00000 0.717696
3866.00000 0.725794
3868.00000 0.733037
3870.00000 0.738763
3872.00024 0.743577
3874.00000 0.748668
3876.00000 0.753214
3877.99976 0.757385
3880.00000 0.761234
3882.00000 0.762091
3884.00000 0.766492
3886.00000 0.769501
3887.99976 0.772572
3890.00000 0.774968
3892.00024 0.776967
3894.00000 0.780093
3896.00024 0.781184
3898.00000 0.780976
3899.99976 0.782966
3902.00000 0.784335
3903.99976 0.785936
3906.00000 0.786737
3907.99976 0.787236
3910.00000 0.788362
3912.00024 0.791374
3914.00000 0.793388
3916.00024 0.797482
3918.00000 0.802352
3920.00024 0.806375
3922.00024 0.812383
3923.99976 0.817736
3926.00000 0.824476
3927.99976 0.829912
3930.00000 0.834996
3932.00000 0.841331
3934.00000 0.84511
3936.00000 0.847897
3938.00000 0.851566
3940.00000 0.851302
3942.00024 0.850889
3944.00000 0.848973
3946.00024 0.846885
3947.99976 0.841987
3950.00000 0.835601
3952.00000 0.829584
3953.99976 0.821112
3956.00000 0.813697
3957.99976 0.803638
3960.00000 0.795638
3962.00024 0.785922
3964.00000 0.779168
3966.00024 0.772271
3968.00000 0.765752
3970.00024 0.762399
3972.00000 0.75955
3973.99976 0.757948
3976.00000 0.758375
3977.99976 0.76036
3980.00000 0.763712
3982.00024 0.768858
3984.00000 0.776547
3986.00000 0.784268
3988.00000 0.792515
3990.00000 0.801302
3992.00024 0.810817
3994.00000 0.818632
3996.00000 0.826177
3997.99976 0.832509
4000.00000 0.839097
4002.00000 0.840937
4004.00000 0.842337
4006.00000 0.842943
4008.00000 0.84141
4010.00000 0.839605
4012.00024 0.835852
4014.00000 0.832033
4016.00024 0.827088
4018.00000 0.822456
4019.99976 0.818563
4022.00000 0.814537
4023.99976 0.811853
4026.00000 0.809525
4027.99976 0.80755
4030.00000 0.806553
4032.00024 0.807678
4034.00000 0.808836
4036.00024 0.810312
4038.00000 0.812481
4040.00024 0.813151
4042.00000 0.816118
4043.99976 0.819297
4046.00000 0.819585
4047.99976 0.819712
4050.00000 0.819499
4052.00000 0.817635
4054.00000 0.814698
4056.00000 0.810257
4058.00000 0.805874
4060.00000 0.80075
4062.00024 0.794158
4064.00000 0.788241
4066.00000 0.783357
4067.99976 0.777902
4070.00000 0.774968
4072.00000 0.774405
4074.00000 0.773265
4076.00000 0.773437
4078.00000 0.775744
4080.00000 0.778884
4082.00024 0.782274
4084.00000 0.78323
4086.00024 0.781952
4088.00000 0.773557
4089.99976 0.755687
4092.00000 0.723685
4093.99976 0.670691
4096.00000 0.6003
4098.00000 0.513799
4100.00000 0.420294
4102.00000 0.327325
4104.00000 0.244068
4106.00000 0.176965
4108.00000 0.124712
4110.00000 0.088186
4112.00000 0.061785
4114.00000 0.043876
4116.00000 0.03078
4118.00000 0.021805
4120.00000 0.015546
4122.00000 0.011153
4124.00000 0.00813
4126.00000 0.005897
4128.00000 0.004359
4130.00000 0.003209
4132.00000 0.002391
4134.00000 0.001792
4136.00000 0.001366
4137.99951 0.001057
4140.00000 0.000789
4554.00000 0.0
