threeML/data/optical_filters/CAHA/ALHAMBRA-A394M.ecsv
# %ECSV 0.9
# ---
# datatype:
# - {name: wavelength, unit: Angstrom, datatype: float32}
# - {name: response, datatype: float32}
# meta: !!omap
# - {band_name: A394M}
# - {group_name: ALHAMBRA}
wavelength response
3373.19995 0.0
3748.00000 0.001387
3750.00000 0.002072
3752.00000 0.003155
3754.00000 0.004921
3756.00000 0.007849
3758.00000 0.01268
3760.00000 0.020352
3762.00000 0.032167
3764.00000 0.050221
3766.00000 0.076042
3768.00000 0.110359
3770.00000 0.153207
3772.00000 0.202186
3774.00000 0.251634
3776.00000 0.300119
3778.00000 0.344134
3780.00000 0.38037
3782.00000 0.405876
3784.00000 0.42142
3786.00000 0.427548
3788.00000 0.428478
3790.00000 0.426635
3792.00000 0.426056
3794.00000 0.425785
3796.00000 0.427377
3798.00000 0.43053
3800.00000 0.432874
3802.00000 0.434871
3804.00000 0.436036
3806.00000 0.435594
3808.00000 0.433488
3810.00000 0.429794
3812.00000 0.425463
3814.00000 0.421149
3816.00000 0.417479
3818.00000 0.414577
3820.00000 0.413317
3822.00000 0.412703
3824.00000 0.414447
3826.00000 0.417094
3828.00000 0.420385
3830.00000 0.424001
3832.00000 0.427659
3834.00000 0.430852
3836.00000 0.434898
3838.00000 0.438123
3840.00000 0.440521
3842.00000 0.442683
3844.00000 0.445141
3846.00000 0.447542
3848.00000 0.449634
3850.00000 0.452616
3852.00000 0.455222
3854.00000 0.459209
3856.00000 0.463629
3858.00000 0.468182
3860.00000 0.472576
3862.00000 0.478355
3864.00000 0.483356
3866.00000 0.487936
3868.00000 0.492276
3870.00000 0.496287
3872.00000 0.499288
3874.00000 0.501176
3876.00000 0.503519
3878.00000 0.503696
3880.00000 0.504348
3882.00000 0.502863
3884.00000 0.501737
3886.00000 0.499431
3888.00000 0.497079
3890.00000 0.494038
3892.00000 0.490564
3894.00000 0.486542
3896.00000 0.483396
3898.00000 0.479711
3900.00000 0.476467
3902.00000 0.474303
3904.00000 0.472426
3906.00000 0.47142
3908.00000 0.471677
3910.00000 0.472537
3912.00000 0.474844
3914.00000 0.477334
3916.00000 0.481447
3918.00000 0.486187
3920.00000 0.492072
3922.00000 0.498173
3924.00000 0.503884
3926.00000 0.509478
3928.00000 0.514948
3930.00000 0.519778
3932.00000 0.523415
3934.00000 0.525903
3936.00000 0.526226
3938.00000 0.525638
3940.00000 0.524091
3942.00000 0.52154
3944.00000 0.517732
3946.00000 0.513553
3948.00000 0.509151
3950.00000 0.50561
3952.00000 0.501827
3954.00000 0.499165
3956.00000 0.497242
3958.00000 0.495436
3960.00000 0.495299
3962.00000 0.495834
3964.00000 0.49658
3966.00000 0.498359
3968.00000 0.501151
3970.00000 0.503239
3972.00000 0.506121
3974.00000 0.509173
3976.00000 0.512407
3978.00000 0.514547
3980.00000 0.51699
3982.00000 0.518908
3984.00000 0.520685
3986.00000 0.522745
3988.00000 0.524217
3990.00000 0.526668
3992.00000 0.528485
3994.00000 0.530759
3996.00000 0.533558
3998.00000 0.536492
4000.00000 0.540178
4002.00000 0.543266
4004.00000 0.546739
4006.00000 0.550132
4008.00000 0.553086
4010.00000 0.555016
4012.00000 0.556764
4014.00000 0.556973
4016.00000 0.555831
4018.00000 0.554699
4020.00000 0.552245
4022.00000 0.54886
4024.00000 0.544601
4026.00000 0.540048
4028.00000 0.536154
4030.00000 0.532247
4032.00000 0.528478
4034.00000 0.525862
4036.00000 0.524555
4038.00000 0.524456
4040.00000 0.52451
4042.00000 0.526703
4044.00000 0.529593
4046.00000 0.533405
4048.00000 0.538219
4050.00000 0.54247
4052.00000 0.547334
4054.00000 0.551805
4056.00000 0.555475
4058.00000 0.558381
4060.00000 0.558788
4062.00000 0.559115
4064.00000 0.557497
4066.00000 0.555027
4068.00000 0.551804
4070.00000 0.548496
4072.00000 0.545226
4074.00000 0.543186
4076.00000 0.541468
4078.00000 0.542135
4080.00000 0.544075
4082.00000 0.546934
4084.00000 0.550464
4086.00000 0.552059
4088.00000 0.549036
4090.00000 0.535717
4092.00000 0.507031
4094.00000 0.458979
4096.00000 0.395385
4098.00000 0.324385
4100.00000 0.251475
4102.00000 0.187562
4104.00000 0.133975
4106.00000 0.092944
4108.00000 0.06408
4110.00000 0.044628
4112.00000 0.031303
4114.00000 0.0219
4116.00000 0.015514
4118.00000 0.010983
4120.00000 0.007869
4122.00000 0.005687
4124.00000 0.004211
4126.00000 0.003139
4128.00000 0.002381
4130.00000 0.001796
4132.00000 0.001358
4134.00000 0.001046
4547.39990 0.0
