threeML/data/optical_filters/CAHA/ALHAMBRA-F675W.ecsv
# %ECSV 0.9
# ---
# datatype:
# - {name: wavelength, unit: Angstrom, datatype: float32}
# - {name: response, datatype: float32}
# meta: !!omap
# - {band_name: F675W}
# - {group_name: ALHAMBRA}
wavelength response
5926.49561 0.0
6584.99512 0.000715
6587.18115 0.001102
6589.95801 0.00131
6592.14307 0.001042
6594.22217 0.002024
6596.41602 0.001546
6599.19287 0.002229
6601.37793 0.003535
6603.58789 0.003565
6605.66602 0.004186
6607.85205 0.005878
6610.04590 0.007061
6612.81396 0.010533
6615.02490 0.015204
6617.21924 0.022163
6619.40283 0.033254
6621.71289 0.052606
6624.02979 0.08701
6626.34717 0.148564
6628.88477 0.259414
6631.77002 0.43847
6634.08594 0.606565
6636.62598 0.75486
6639.27881 0.843137
6642.05615 0.876937
6644.83398 0.887161
6647.58594 0.889081
6650.36377 0.889381
6653.14111 0.891699
6656.02490 0.89429
6658.80176 0.897403
6661.58008 0.899891
6664.34814 0.902396
6667.23291 0.902928
6670.00977 0.902417
6672.78711 0.901464
6675.67090 0.89996
6678.44922 0.899935
6681.22607 0.901187
6684.00391 0.902987
6686.87891 0.905142
6689.65723 0.908342
6692.54102 0.909104
6695.31787 0.910985
6698.20312 0.911583
6700.97217 0.911664
6703.75000 0.912354
6706.63281 0.911483
6709.41113 0.910634
6712.29492 0.907813
6715.07324 0.906193
6717.94922 0.903048
6720.72607 0.901262
6723.50391 0.899924
6726.38916 0.898617
6729.16602 0.89854
6731.94287 0.901193
6734.81982 0.901251
6737.59717 0.904942
6740.48193 0.908444
6743.25879 0.910981
6746.03711 0.914036
6748.92188 0.916982
6751.82178 0.918877
6754.60107 0.920255
6757.48486 0.922798
6760.36084 0.925068
6763.13818 0.925296
6766.02295 0.92592
6768.92383 0.924972
6771.68604 0.926162
6774.58691 0.923958
6777.47119 0.922223
6780.24902 0.920809
6783.12500 0.919528
6786.03516 0.916475
6788.78809 0.915355
6791.68896 0.914021
6794.46680 0.913807
6797.35205 0.912803
6800.12891 0.911361
6803.00586 0.91196
6805.89111 0.912119
6808.66797 0.91196
6811.55322 0.912487
6814.33105 0.9138
6817.23193 0.913849
6820.11719 0.916256
6822.89502 0.917156
6825.77197 0.919652
6828.65723 0.92087
6831.43506 0.921368
6836.62891 0.923627
6838.94678 0.923412
6841.26514 0.922235
6843.57422 0.919594
6846.00000 0.919572
6848.30908 0.917202
6850.62598 0.915606
6852.93604 0.913385
6855.25391 0.910287
6857.54688 0.908055
6859.86377 0.904777
6862.17480 0.902282
6864.49316 0.899621
6866.80176 0.896372
6869.12012 0.893688
6871.53613 0.88877
6873.85400 0.886748
6876.17188 0.885738
6878.48193 0.883155
6880.77490 0.88332
6883.09424 0.884342
6885.40283 0.885226
6887.72119 0.888021
6890.03906 0.891876
6892.34912 0.894258
6894.66602 0.89559
6896.95898 0.897217
6899.27002 0.897888
6901.58789 0.897141
6903.90576 0.896039
6906.21484 0.892855
6908.53320 0.888612
6910.84277 0.883109
6913.13721 0.875185
6915.57910 0.867416
6917.89600 0.858114
6920.18896 0.849763
6922.50684 0.843538
6924.81787 0.838635
6927.13623 0.84139
6929.44482 0.851235
6931.76318 0.862206
6934.08203 0.869076
6936.37500 0.849336
6938.68506 0.781548
6941.23291 0.661534
6943.64990 0.507549
6946.56006 0.339798
6949.10791 0.225334
6951.63184 0.153133
6954.07422 0.106763
6956.38379 0.076737
6958.67822 0.054958
6960.88916 0.039758
6963.07520 0.028941
6965.27002 0.021145
6967.58008 0.015732
6969.79102 0.01189
6971.97803 0.008318
6974.06592 0.006035
6976.25293 0.005033
6978.46387 0.003516
6980.65088 0.002485
6983.43115 0.002544
6985.61719 0.001742
6987.82910 0.001514
6989.89209 0.0018
6992.66992 0.001
6994.88086 0.001114
6997.06787 0.000829
7696.77490 0.0
