threeML/data/optical_filters/CAHA/ALHAMBRA-F830W_1.ecsv
# %ECSV 0.9
# ---
# datatype:
# - {name: wavelength, unit: Angstrom, datatype: float32}
# - {name: response, datatype: float32}
# meta: !!omap
# - {band_name: F830W_1}
# - {group_name: ALHAMBRA}
wavelength response
7251.09375 0.0
8056.77100 0.000735
8058.44824 0.002049
8060.67920 0.001473
8062.43408 0.001388
8064.20898 0.003185
8065.96484 0.001145
8068.09619 0.002375
8069.86377 0.0027
8071.62598 0.001306
8073.39502 0.003015
8075.52588 0.002116
8077.28076 0.002443
8079.05713 0.003993
8080.81104 0.002284
8082.94189 0.003508
8084.71777 0.002774
8086.47314 0.001468
8088.22900 0.003588
8090.37207 0.002608
8092.13379 0.003341
8093.89014 0.004235
8095.66406 0.002442
8097.78809 0.003823
8099.54297 0.002846
8101.31787 0.002439
8103.07178 0.003821
8105.30322 0.003332
8106.97900 0.004388
8108.73291 0.005605
8110.50781 0.003897
8112.71777 0.005843
8114.49219 0.005747
8116.16113 0.005732
8117.92188 0.008308
8119.67676 0.008969
8121.90723 0.010767
8123.66211 0.015191
8125.43604 0.017002
8127.10400 0.021028
8128.86621 0.027931
8130.62109 0.034517
8132.39502 0.043984
8134.24805 0.055559
8136.00293 0.072348
8137.76416 0.091746
8139.53076 0.11615
8141.39111 0.145166
8143.23096 0.18055
8145.00488 0.221848
8146.94482 0.276632
8148.80518 0.333904
8150.74316 0.403351
8152.70215 0.474914
8154.74609 0.551119
8156.77002 0.61707
8158.91504 0.683016
8160.95801 0.741441
8163.08789 0.7766
8165.21191 0.812716
8167.44092 0.848162
8169.56982 0.869309
8171.79883 0.882616
8174.02686 0.899345
8176.25000 0.913011
8178.47900 0.92121
8180.60889 0.926207
8182.83691 0.924116
8185.06494 0.917856
8187.27393 0.91067
8189.50195 0.905974
8191.73096 0.903228
8193.95898 0.900931
8196.18848 0.899438
8198.31055 0.903332
8200.53906 0.907425
8202.76758 0.910086
8204.98242 0.913713
8207.20410 0.92
8209.43164 0.926311
8211.66113 0.932189
8213.88770 0.933673
8216.11719 0.930736
8218.33105 0.924177
8220.55176 0.923325
8222.78125 0.924702
8225.00781 0.92072
8227.23633 0.907776
8229.45117 0.90907
8231.67090 0.905259
8233.90039 0.895059
8236.02930 0.897748
8238.25488 0.891649
8240.48438 0.885774
8242.71094 0.889971
8244.93848 0.878848
8247.16602 0.882921
8249.28906 0.87968
8251.51465 0.87824
8253.74316 0.880929
8255.95117 0.876479
8258.09180 0.88329
8260.32031 0.880984
8262.53418 0.881825
8264.76074 0.890858
8266.98828 0.887743
8269.11035 0.889439
8271.33594 0.899699
8273.56445 0.906369
8275.79102 0.906532
8278.01660 0.90401
8280.22461 0.906705
8282.45215 0.91363
8284.67871 0.920276
8286.90625 0.92516
8289.13184 0.927067
8291.35938 0.92734
8293.56738 0.92393
8295.79199 0.922034
8298.01953 0.919306
8300.24609 0.91358
8302.47266 0.907338
8304.67871 0.902177
8306.90625 0.897013
8309.13184 0.894265
8311.35938 0.895248
8313.58496 0.896226
8315.81055 0.901787
8318.01758 0.903477
8320.24512 0.897784
8322.46973 0.895913
8324.69727 0.90555
8326.92188 0.904212
8329.12891 0.898494
8331.35547 0.908586
8333.58203 0.909026
8335.80762 0.909068
8338.03418 0.913385
8340.25879 0.912886
8342.56445 0.915889
8344.79102 0.916683
8347.01562 0.911211
8349.22852 0.917438
8351.45410 0.913135
8353.67969 0.915845
8355.89941 0.913784
8358.12500 0.912196
8360.33691 0.910926
8362.56348 0.90108
8364.88672 0.904397
8367.09180 0.90118
8369.23340 0.888528
8371.54297 0.887133
8373.76855 0.889154
8375.89453 0.879991
8378.12207 0.871682
8380.33887 0.870198
8382.56543 0.874745
8384.79102 0.872396
8387.00098 0.87113
8389.22656 0.871944
8391.44531 0.874069
8393.66992 0.878249
8395.89648 0.888303
8398.10840 0.892308
8400.33203 0.896558
8402.55664 0.89852
8404.77539 0.899594
8407.00000 0.898679
8409.22461 0.892409
8411.53613 0.881849
8413.75879 0.873309
8415.87891 0.857768
8418.10352 0.839698
8420.32910 0.831222
8422.54102 0.828773
8424.67871 0.816102
8426.90430 0.806506
8429.10840 0.80328
8431.24805 0.786826
8433.47070 0.76513
8435.59668 0.737562
8437.71582 0.683389
8439.85547 0.628563
8441.88086 0.556037
8443.91504 0.486504
8445.86914 0.40964
8447.80957 0.342695
8449.74512 0.28222
8451.60059 0.228638
8453.45020 0.185166
8455.30469 0.148551
8457.05469 0.118017
8458.91113 0.093952
8460.66113 0.074609
8462.42969 0.060594
8464.18066 0.048344
8465.93066 0.038019
8467.70117 0.02983
8469.45117 0.024511
8471.22070 0.020288
8472.96973 0.01576
8474.72656 0.012335
8476.49023 0.011348
8478.24707 0.007945
8480.46973 0.006644
8482.13379 0.006727
8483.88379 0.004243
8485.63379 0.00415
8487.40527 0.003988
8489.62695 0.001956
8491.27930 0.00341
8493.04785 0.001965
8494.79688 0.001307
8497.02148 0.002965
8498.68555 0.001589
8500.44238 0.002092
8502.20508 0.002452
8504.41504 0.000289
9354.85645 0.0
