threeML/data/optical_filters/CAHA/ALHAMBRA-F644W_3.ecsv
# %ECSV 0.9
# ---
# datatype:
# - {name: wavelength, unit: Angstrom, datatype: float32}
# - {name: response, datatype: float32}
# meta: !!omap
# - {band_name: F644W_3}
# - {group_name: ALHAMBRA}
wavelength response
5622.59375 0.0
6247.32617 0.00057
6250.09375 0.001507
6252.30225 0.00122
6254.48633 0.001179
6256.67920 0.002358
6258.75684 0.001992
6261.53223 0.002966
6263.71680 0.004142
6265.92529 0.004382
6268.10938 0.006681
6270.76172 0.009836
6272.97021 0.014135
6275.15527 0.022076
6277.33936 0.034298
6279.65479 0.05377
6281.86426 0.085378
6284.17188 0.135966
6286.59473 0.216145
6289.13232 0.328408
6291.78418 0.477127
6293.96875 0.600711
6296.28467 0.711182
6298.59229 0.794117
6301.01465 0.847629
6303.45361 0.876466
6305.99121 0.88319
6308.41357 0.884843
6310.95947 0.884463
6313.37402 0.883564
6315.81299 0.885012
6318.33447 0.887385
6320.77344 0.893606
6323.31885 0.896605
6325.84082 0.899061
6328.27930 0.899129
6330.82568 0.896267
6333.23975 0.892925
6335.78516 0.890726
6338.20020 0.888785
6340.74609 0.888263
6343.16895 0.889556
6345.70654 0.890976
6348.12939 0.890954
6350.66699 0.892899
6353.10645 0.895873
6355.63623 0.898242
6358.17383 0.900126
6360.61279 0.904451
6363.14258 0.907763
6365.68018 0.912692
6368.22607 0.917323
6370.64111 0.91985
6373.18652 0.921076
6375.73340 0.921413
6378.27881 0.920589
6380.82568 0.919947
6383.36279 0.918735
6385.78613 0.918245
6388.32422 0.919989
6390.86963 0.917399
6393.41602 0.915835
6395.93750 0.914722
6398.37744 0.915685
6400.92285 0.914231
6403.44434 0.913356
6405.99072 0.91169
6408.53662 0.912842
6411.07471 0.913119
6413.49756 0.915427
6416.04443 0.914783
6418.58203 0.914643
6421.12891 0.915447
6423.67432 0.919226
6426.19629 0.917649
6428.74268 0.918026
6431.28809 0.921164
6433.82715 0.921268
6436.37305 0.922982
6438.91992 0.923693
6441.44092 0.924853
6443.98730 0.927036
6446.53369 0.927923
6449.07129 0.928679
6451.61816 0.929981
6454.16406 0.928996
6456.68652 0.928538
6459.23291 0.929784
6461.77930 0.930285
6464.31787 0.932912
6466.86377 0.929272
6469.41064 0.930147
6471.93164 0.930548
6474.47852 0.930363
6477.14746 0.930126
6479.66943 0.927783
6482.21631 0.926229
6484.76318 0.925847
6487.30127 0.923575
6489.84717 0.923973
6492.39453 0.923173
6494.91650 0.922314
6497.46240 0.921571
6500.00928 0.920279
6502.54736 0.91674
6505.09424 0.919857
6507.64111 0.915156
6510.16211 0.912184
6512.70947 0.910653
6515.25537 0.909541
6517.79443 0.907895
6520.34131 0.906752
6522.88770 0.906529
6525.40967 0.905127
6527.95557 0.905122
6530.50293 0.904548
6533.04150 0.904808
6535.58789 0.908529
6538.13477 0.908106
6540.68066 0.908696
6543.20410 0.906698
6545.75000 0.907103
6548.28809 0.907962
6550.83545 0.908141
6553.38232 0.908377
6555.92920 0.909382
6558.45117 0.908807
6560.99756 0.909273
6563.53662 0.909292
6566.08350 0.911876
6568.63086 0.908588
6571.17725 0.909757
6573.69922 0.910217
6576.24658 0.907954
6578.78467 0.907068
6581.33154 0.907461
6583.87891 0.905873
6586.52393 0.906593
6589.07129 0.904085
6591.61816 0.902886
6594.16504 0.904251
6596.68750 0.902954
6599.23389 0.901093
6601.77295 0.89827
6604.31982 0.894298
6606.86621 0.891289
6609.28223 0.881125
6611.82959 0.874065
6614.37598 0.864893
6616.92334 0.852344
6619.33936 0.842231
6621.88574 0.833386
6624.30176 0.827179
6626.72559 0.827802
6629.26416 0.837826
6631.70459 0.846072
6634.23535 0.862399
6636.77393 0.871007
6639.21436 0.852893
6641.73682 0.795162
6644.05420 0.696452
6646.37061 0.577485
6649.14844 0.423418
6651.79395 0.305264
6654.34082 0.217768
6656.78174 0.154023
6659.07422 0.110108
6661.38232 0.077559
6663.59277 0.055179
6665.88525 0.039133
6668.09619 0.027887
6670.28174 0.020522
6672.49219 0.015253
6674.67773 0.010428
6676.87109 0.007507
6679.07324 0.00642
6681.72803 0.004139
6683.91357 0.003582
6686.12354 0.003471
6688.31006 0.002203
6690.50342 0.002165
6693.27295 0.002128
6695.36035 0.001157
6697.54590 0.001676
6699.75635 0.001342
6702.53369 0.000894
7372.78711 0.0
