threeML/data/optical_filters/CAHA/ALHAMBRA-F489W_2.ecsv
# %ECSV 0.9
# ---
# datatype:
# - {name: wavelength, unit: Angstrom, datatype: float32}
# - {name: response, datatype: float32}
# meta: !!omap
# - {band_name: F489W_2}
# - {group_name: ALHAMBRA}
wavelength response
4703.63428 0.0
4705.85107 0.012331
4708.07617 0.001534
4710.78467 0.003819
4713.00146 0.021322
4715.24316 0.008376
4717.45996 0.021264
4719.67676 0.032553
4722.38574 0.036234
4724.61084 0.079034
4726.82764 0.116943
4729.06934 0.196469
4731.28662 0.342221
4733.50342 0.502102
4735.74561 0.621089
4737.96240 0.673578
4740.17969 0.678869
4742.52979 0.679365
4744.77148 0.682462
4746.98828 0.689303
4749.20557 0.697135
4751.55615 0.706071
4753.79834 0.696999
4756.01514 0.700444
4758.35742 0.697323
4760.58252 0.699669
4762.82471 0.696113
4765.04199 0.694587
4767.38379 0.701947
4769.60986 0.706581
4771.82666 0.710064
4774.06885 0.714985
4776.41113 0.718341
4778.62842 0.716042
4780.85400 0.713068
4783.19629 0.722298
4785.43848 0.725069
4787.65576 0.729143
4789.88086 0.729976
4792.22363 0.738433
4794.44092 0.750591
4796.68311 0.74258
4799.03369 0.742967
4801.25098 0.742872
4803.46826 0.743718
4805.81934 0.742079
4808.06152 0.74346
4810.27832 0.741703
4812.62939 0.739412
4814.84668 0.739682
4817.08936 0.737698
4819.41504 0.742379
4821.64941 0.747177
4823.87549 0.753739
4826.21729 0.751903
4828.44336 0.759936
4830.67773 0.764156
4833.02832 0.772038
4835.24609 0.777635
4837.59668 0.78346
4839.81445 0.791155
4842.03223 0.801386
4844.38281 0.806157
4846.62549 0.807128
4848.84326 0.810519
4851.18555 0.816212
4853.41162 0.815959
4855.65430 0.809324
4857.97998 0.810108
4860.21484 0.809732
4862.56592 0.809904
4864.78369 0.807989
4867.00098 0.804281
4869.35205 0.80136
4871.59473 0.813027
4873.92090 0.813191
4876.16357 0.821532
4878.38135 0.827303
4880.73242 0.82686
4882.95020 0.8279
4885.29346 0.830478
4887.53613 0.833258
4889.86230 0.828144
4892.10498 0.828596
4894.45654 0.830098
4896.67432 0.827683
4899.01709 0.827665
4901.24316 0.825462
4903.58643 0.816953
4905.81250 0.809962
4908.04688 0.799807
4910.39844 0.789655
4912.61670 0.7833
4914.96777 0.780965
4917.18604 0.780442
4919.53760 0.779132
4921.75537 0.774326
4924.09814 0.768245
4926.34131 0.75941
4928.55908 0.761784
4930.91113 0.763232
4933.12891 0.769884
4935.48047 0.775661
4937.69873 0.776291
4940.04980 0.775646
4942.29346 0.779279
4944.61963 0.787741
4946.85449 0.798799
4949.20654 0.804563
4951.42432 0.805546
4953.77588 0.807883
4955.99365 0.817169
4958.34570 0.823709
4960.56396 0.827088
4962.91602 0.827504
4965.25879 0.82389
4967.47705 0.813854
4969.82861 0.815193
4972.07227 0.808788
4974.41553 0.817886
4976.64209 0.817173
4978.98535 0.814252
4981.20410 0.812007
4983.55566 0.82066
4985.90723 0.827982
4988.12598 0.823239
4990.46924 0.814481
4992.69629 0.814174
4995.03955 0.811673
4997.28271 0.821044
4999.60986 0.825006
5001.96191 0.822571
5004.20557 0.830604
5006.54883 0.837941
5008.87598 0.833481
5011.11963 0.829143
5013.47119 0.820962
5015.79834 0.82548
5018.03369 0.825416
5020.38525 0.823484
5022.60400 0.82593
5024.95605 0.824255
5027.29980 0.821202
5029.52637 0.810737
5031.87061 0.810134
5034.22266 0.811234
5036.44141 0.818151
5038.79346 0.813926
5041.13672 0.810127
5043.36426 0.81074
5045.70801 0.807927
5048.06006 0.8027
5050.27881 0.801112
5052.63086 0.804538
5054.97461 0.788546
5057.32715 0.782758
5059.54590 0.773126
5061.89795 0.770297
5064.24219 0.769903
5066.46973 0.779896
5068.81299 0.780379
5071.16553 0.780596
5073.38428 0.778123
5075.73682 0.783554
5078.08105 0.774301
5080.29980 0.753994
5082.65186 0.702713
5085.00439 0.608999
5087.22314 0.491397
5089.46729 0.364909
5091.81152 0.250709
5094.03027 0.161342
5096.14893 0.097585
5098.96875 0.05771
5101.18799 0.036893
5103.40674 0.018005
5105.65088 0.019626
5107.87012 0.01138
5109.98926 0.004255
5112.20801 0.010182
5114.45215 0.003519
5116.67139 0.0
