threeML/data/optical_filters/CAHA/ALHAMBRA-F458W_3.ecsv
# %ECSV 0.9
# ---
# datatype:
# - {name: wavelength, unit: Angstrom, datatype: float32}
# - {name: response, datatype: float32}
# meta: !!omap
# - {band_name: F458W_3}
# - {group_name: ALHAMBRA}
wavelength response
3931.19995 0.0
4368.00000 0.000999
4370.00000 0.001243
4372.00049 0.001566
4374.00000 0.002036
4376.00000 0.002629
4378.00000 0.003413
4380.00000 0.004399
4382.00000 0.00569
4384.00000 0.007296
4386.00000 0.009464
4388.00000 0.012194
4390.00000 0.015655
4392.00000 0.02002
4394.00000 0.025373
4396.00000 0.032148
4397.99951 0.04075
4400.00000 0.05218
4402.00000 0.067028
4404.00000 0.086015
4406.00000 0.110934
4408.00000 0.143604
4410.00000 0.187038
4412.00000 0.242808
4414.00000 0.318419
4416.00000 0.408569
4418.00000 0.514036
4420.00000 0.617759
4422.00000 0.717997
4424.00000 0.791267
4426.00000 0.838153
4428.00000 0.854844
4430.00000 0.852959
4432.00000 0.839895
4434.00000 0.823646
4436.00000 0.808923
4438.00000 0.797371
4440.00000 0.788228
4442.00049 0.782205
4444.00000 0.779399
4446.00000 0.782596
4447.99951 0.78545
4450.00000 0.789596
4452.00000 0.794365
4454.00000 0.79961
4456.00000 0.80388
4458.00000 0.81039
4460.00000 0.814569
4462.00000 0.81905
4464.00000 0.824301
4466.00000 0.827821
4468.00000 0.832403
4470.00000 0.838335
4472.00000 0.84339
4474.00000 0.84897
4476.00000 0.855208
4478.00000 0.85997
4480.00000 0.865753
4482.00000 0.86838
4484.00000 0.872427
4486.00000 0.874538
4488.00000 0.875041
4490.00000 0.875306
4492.00000 0.874527
4494.00000 0.870188
4496.00000 0.866883
4498.00000 0.860789
4500.00000 0.856284
4502.00000 0.852312
4504.00000 0.845883
4506.00000 0.840291
4508.00000 0.836
4510.00000 0.829486
4512.00049 0.826574
4514.00000 0.821548
4516.00000 0.820485
4517.99951 0.818056
4520.00000 0.816564
4522.00000 0.815024
4524.00000 0.813006
4526.00000 0.813659
4528.00000 0.813854
4530.00000 0.812781
4532.00000 0.814688
4534.00000 0.815292
4536.00000 0.815598
4538.00000 0.815755
4540.00000 0.817979
4542.00000 0.817325
4544.00000 0.817626
4546.00000 0.817369
4548.00000 0.819459
4550.00000 0.819749
4552.00000 0.819
4554.00000 0.820352
4556.00000 0.82027
4558.00000 0.819999
4560.00000 0.819253
4562.00049 0.821198
4564.00000 0.821095
4566.00000 0.820463
4568.00000 0.82235
4570.00000 0.821709
4572.00000 0.824008
4574.00000 0.825407
4576.00000 0.826931
4578.00000 0.829945
4580.00000 0.832631
4582.00000 0.839303
4584.00000 0.840565
4586.00000 0.845904
4587.99951 0.850521
4590.00000 0.85476
4592.00000 0.860554
4594.00000 0.864485
4596.00000 0.86945
4598.00000 0.873785
4600.00000 0.87859
4602.00000 0.881259
4604.00000 0.881939
4606.00000 0.883789
4608.00000 0.884849
4610.00000 0.882566
4612.00000 0.882488
4614.00000 0.87827
4616.00000 0.874827
4618.00000 0.870232
4620.00000 0.865718
4622.00000 0.858675
4624.00000 0.853232
4626.00000 0.848248
4628.00000 0.841993
4630.00000 0.835777
4632.00049 0.829916
4634.00000 0.824927
4636.00000 0.820572
4638.00000 0.815247
4640.00000 0.811396
4642.00000 0.808419
4644.00000 0.804772
4646.00000 0.804454
4648.00000 0.801613
4650.00000 0.80146
4652.00000 0.800328
4654.00000 0.799411
4656.00000 0.801696
4658.00000 0.802031
4660.00000 0.804747
4662.00000 0.807938
4664.00000 0.810513
4666.00000 0.813007
4668.00000 0.817967
4670.00000 0.822706
4672.00000 0.827504
4674.00000 0.833577
4676.00000 0.839898
4678.00000 0.846847
4680.00000 0.854267
4682.00000 0.858711
4684.00000 0.864681
4686.00000 0.869005
4688.00000 0.871889
4690.00000 0.87403
4692.00000 0.875304
4694.00000 0.870703
4696.00000 0.866617
4698.00000 0.859441
4700.00000 0.851138
4702.00049 0.840408
4704.00000 0.82916
4706.00000 0.818316
4707.99951 0.805379
4710.00000 0.794973
4712.00000 0.784949
4714.00000 0.777159
4716.00000 0.771814
4718.00000 0.767912
4720.00000 0.769937
4722.00000 0.77318
4724.00000 0.782332
4726.00000 0.790659
4728.00000 0.802833
4730.00000 0.810719
4732.00000 0.810719
4734.00000 0.798519
4736.00000 0.762494
4738.00000 0.700299
4740.00000 0.616646
4742.00000 0.513522
4744.00000 0.410645
4746.00000 0.316028
4748.00000 0.239763
4750.00000 0.178181
4752.00000 0.130396
4754.00000 0.095947
4756.00000 0.070417
4758.00000 0.052413
4760.00000 0.03906
4762.00000 0.029348
4764.00000 0.022322
4766.00000 0.017233
4768.00000 0.012965
4770.00000 0.010039
4772.00000 0.007784
4774.00000 0.0061
4776.00000 0.004866
4777.99951 0.003815
4780.00000 0.003093
4782.00000 0.002426
4784.00000 0.001962
4786.00000 0.001606
4788.00000 0.001276
4790.00000 0.001074
4792.00000 0.000885
5271.20020 0.0
