threeML/data/optical_filters/CAHA/ALHAMBRA-A770M.ecsv
# %ECSV 0.9
# ---
# datatype:
# - {name: wavelength, unit: Angstrom, datatype: float32}
# - {name: response, datatype: float32}
# meta: !!omap
# - {band_name: A770M}
# - {group_name: ALHAMBRA}
wavelength response
6691.25293 0.0
7434.72559 0.002201
7436.46484 0.000437
7438.67480 0.000437
7440.41357 0.00154
7442.07422 0.000437
7444.27734 0.002643
7446.02295 0.000437
7447.78174 0.001537
7449.43604 0.002637
7451.62598 0.000437
7453.38477 0.001975
7455.12402 0.001424
7456.86963 0.000437
7458.62158 0.002415
7460.73340 0.000437
7462.47266 0.001974
7464.23145 0.00241
7466.34326 0.000437
7468.09521 0.002738
7469.84131 0.000436
7471.58008 0.000436
7473.70508 0.003283
7475.44434 0.000436
7477.18359 0.002626
7478.94238 0.003603
7481.05420 0.000436
7482.79346 0.0024
7484.55225 0.001745
7486.29150 0.000436
7488.50146 0.003917
7490.15576 0.001634
7491.90137 0.002831
7493.64111 0.004124
7495.85107 0.000436
7497.50537 0.004235
7499.25098 0.003146
7501.00342 0.002815
7503.21338 0.007144
7504.95264 0.006607
7506.61377 0.008873
7508.35303 0.012735
7510.11182 0.013589
7512.30225 0.02159
7514.06152 0.029767
7515.80078 0.039632
7517.54688 0.057793
7519.29932 0.082687
7521.04492 0.116857
7522.79736 0.165607
7524.62207 0.228853
7526.46582 0.308329
7528.31006 0.397994
7530.23242 0.488663
7532.17480 0.566595
7534.09717 0.624236
7536.12451 0.660171
7538.05322 0.677353
7540.07422 0.680781
7542.01611 0.683157
7544.03027 0.680416
7546.05078 0.676181
7547.99316 0.67672
7550.00098 0.676264
7551.94287 0.675123
7553.97021 0.679438
7555.97803 0.683766
7557.92041 0.686712
7559.94775 0.694127
7561.95508 0.699407
7563.89746 0.705401
7565.92480 0.711754
7567.93262 0.71468
7569.95996 0.722985
7571.90234 0.724291
7573.91016 0.729974
7575.93750 0.728079
7577.96484 0.73486
7579.98535 0.73331
7581.91504 0.736678
7583.94238 0.7337
7585.96289 0.738412
7587.99072 0.737917
7590.01807 0.739523
7592.02588 0.73829
7594.05322 0.742536
7596.08057 0.742253
7598.10156 0.743361
7600.03076 0.742721
7602.05176 0.745178
7604.07959 0.743027
7606.10693 0.74252
7608.13428 0.742223
7610.14258 0.743596
7612.16992 0.742765
7614.19092 0.740544
7616.21875 0.743673
7618.24609 0.739794
7620.16895 0.743659
7622.19678 0.741041
7624.22412 0.744759
7626.25195 0.74427
7628.27295 0.746127
7630.28760 0.743899
7632.30859 0.747041
7634.33643 0.747638
7636.36377 0.746371
7638.39160 0.74926
7640.41260 0.746003
7642.42725 0.747633
7644.44873 0.749093
7646.47607 0.745838
7648.50391 0.747273
7650.53174 0.747249
7652.55273 0.747556
7654.56738 0.745537
7656.58887 0.74635
7658.61670 0.744954
7660.64453 0.744624
7662.67236 0.747657
7664.69336 0.741576
7666.70801 0.742606
7668.72949 0.743031
7670.75732 0.745606
7672.78516 0.744218
7674.81299 0.741524
7676.73633 0.744111
7678.76416 0.741157
7680.79199 0.740361
7682.81348 0.737844
7684.82812 0.739789
7686.84961 0.740034
7688.87744 0.738172
7690.90527 0.738666
7692.93311 0.736106
7694.95459 0.737596
7696.96973 0.735186
7698.99121 0.734107
7701.01904 0.73014
7703.04688 0.725745
7705.07520 0.728944
7707.09619 0.72512
7709.11133 0.723033
7711.13281 0.719656
7713.16113 0.720532
7715.18896 0.720317
7717.21680 0.720409
7719.14062 0.719417
7721.16846 0.715525
7723.19678 0.718578
7725.21826 0.716245
7727.24609 0.717476
7729.25488 0.714101
7731.28271 0.714302
7733.31104 0.714511
7735.33936 0.715003
7737.36084 0.715446
7739.38916 0.713666
7741.39746 0.713961
7743.42578 0.71235
7745.36914 0.715355
7747.37744 0.712652
7749.40576 0.712149
7751.43408 0.708854
7753.45557 0.712864
7755.48389 0.71004
7757.51221 0.711012
7759.52100 0.709422
7761.54883 0.707415
7763.57715 0.709718
7765.59912 0.709114
7767.62744 0.710496
7769.55762 0.705002
7771.57959 0.706891
7773.60791 0.706417
7775.63623 0.708578
7777.64502 0.704586
7779.67334 0.703652
7781.70166 0.700992
7783.72363 0.702069
7785.75195 0.701897
7787.78027 0.700954
7789.78906 0.702111
7791.81738 0.698387
7793.76074 0.701404
7795.76953 0.699002
7797.79834 0.700083
7799.82666 0.696213
7801.84863 0.69564
7803.87695 0.69346
7805.90527 0.693869
7807.91455 0.690399
7809.94287 0.68812
7811.88623 0.683842
7813.89502 0.681747
7815.92383 0.679199
7817.94580 0.678518
7819.97461 0.677409
7822.00293 0.678433
7823.92676 0.677956
7825.95557 0.67789
7827.98389 0.679281
7830.01270 0.682117
7832.03467 0.683256
7834.05029 0.684137
7836.07227 0.686233
7838.10107 0.687038
7840.12988 0.69223
7842.15820 0.690673
7844.08252 0.694327
7846.11133 0.692862
7848.13965 0.693378
7850.16211 0.694995
7852.17773 0.69478
7854.19971 0.695942
7856.22852 0.693021
7858.25732 0.692903
7860.28613 0.689337
7862.30811 0.690739
7864.32422 0.685487
7866.34619 0.68323
7868.37500 0.671667
7870.40381 0.651962
7872.32812 0.619693
7874.35693 0.574474
7876.28076 0.507263
7878.22461 0.424372
7880.07031 0.335056
7881.89648 0.253741
7883.74219 0.183256
7885.58105 0.129929
7887.34180 0.091149
7889.53418 0.057553
7891.74658 0.038749
7893.50684 0.026176
7895.14990 0.018542
7896.91016 0.015252
7898.65137 0.010441
7900.86377 0.006993
7902.60449 0.006997
7904.36523 0.004408
7906.02100 0.003452
7908.22021 0.004593
7909.98096 0.001624
7911.72217 0.003057
7913.37793 0.001718
8704.71582 0.0
