threeML/data/optical_filters/CAHA/ALHAMBRA-F923W_2.ecsv
# %ECSV 0.9
# ---
# datatype:
# - {name: wavelength, unit: Angstrom, datatype: float32}
# - {name: response, datatype: float32}
# meta: !!omap
# - {band_name: F923W_2}
# - {group_name: ALHAMBRA}
wavelength response
8073.77979 0.0
8970.86621 0.000881
8972.50000 0.002518
8974.25098 0.001531
8975.98340 0.001815
8978.18457 0.002346
8979.91602 0.002163
8981.57031 0.002983
8983.32129 0.002878
8985.05273 0.002043
8987.25293 0.003623
8988.98535 0.002799
8990.63184 0.002729
8992.37109 0.003677
8994.57129 0.002503
8996.31641 0.003421
8998.05371 0.003896
8999.70117 0.002847
9001.90137 0.003592
9003.63281 0.003251
9005.36426 0.002603
9007.11621 0.004107
9008.84863 0.003648
9010.95117 0.003635
9012.70312 0.004624
9014.43457 0.004153
9016.16602 0.004437
9017.91699 0.005475
9020.01953 0.004892
9021.75195 0.006093
9023.50391 0.007583
9025.23535 0.006896
9026.98633 0.007964
9029.08301 0.00947
9030.82129 0.009918
9032.56641 0.012163
9034.30371 0.014417
9036.03516 0.015573
9037.78711 0.018922
9039.51855 0.022979
9041.25098 0.025804
9043.00195 0.030751
9044.73438 0.037846
9046.46582 0.045931
9048.21680 0.056613
9050.05273 0.069761
9051.78418 0.086746
9053.62109 0.109657
9055.35254 0.139503
9057.28516 0.17796
9059.10254 0.232415
9061.03516 0.299424
9062.95020 0.388407
9065.05176 0.486571
9067.16797 0.607166
9069.36914 0.71459
9071.10156 0.797403
9072.75488 0.840744
9074.58398 0.884808
9076.31543 0.891844
9078.05371 0.90131
9079.88379 0.900177
9081.63477 0.885954
9083.36719 0.892316
9085.20215 0.876554
9086.93359 0.877866
9088.68555 0.881398
9090.41699 0.872141
9092.25391 0.882075
9093.98535 0.884646
9095.71680 0.882986
9097.46875 0.892324
9099.30371 0.893359
9101.03613 0.897395
9102.86523 0.900554
9104.60352 0.902447
9106.43262 0.906602
9108.17188 0.904045
9109.91602 0.911217
9111.75195 0.906555
9113.56836 0.911728
9115.31934 0.90912
9117.05078 0.912262
9118.88770 0.910521
9120.71680 0.912996
9122.44824 0.912593
9124.20020 0.913122
9126.01660 0.912866
9127.85254 0.915606
9129.60352 0.909585
9131.43262 0.916918
9133.17188 0.907475
9135.00098 0.916342
9136.73242 0.909811
9138.56836 0.910353
9140.29980 0.912965
9142.13672 0.905995
9143.88770 0.912872
9145.70312 0.908031
9147.44824 0.907094
9149.28418 0.911476
9151.01660 0.904442
9152.85254 0.910633
9154.58398 0.90475
9156.41992 0.907739
9158.15234 0.904478
9159.98730 0.905589
9161.73242 0.902436
9163.54785 0.903431
9165.29980 0.901469
9167.13672 0.901048
9168.95215 0.900394
9170.70312 0.898846
9172.43555 0.901592
9174.26562 0.89742
9176.10059 0.903081
9177.83203 0.897081
9179.66895 0.902968
9181.40039 0.902265
9183.23633 0.898536
9184.98730 0.910256
9186.81641 0.899399
9188.54785 0.906746
9190.38477 0.912211
9192.11719 0.900284
9193.95215 0.913805
9195.78223 0.911721
9197.52051 0.904393
9199.34961 0.920151
9201.08789 0.909965
9202.91797 0.912835
9204.75293 0.920445
9206.48438 0.907704
9208.32129 0.919454
9210.15039 0.911421
9211.88281 0.91413
9213.71777 0.914645
9215.55469 0.912709
9217.29785 0.912621
9219.11523 0.912066
9220.95117 0.909731
9222.70215 0.909645
9224.51855 0.908893
9226.34766 0.909836
9228.09961 0.90843
9229.93555 0.908186
9231.66797 0.907273
9233.50293 0.905509
9235.33203 0.907336
9237.07129 0.903991
9238.90039 0.907885
9240.73633 0.906356
9242.46777 0.905551
9244.30469 0.908309
9246.13379 0.90319
9247.86523 0.90751
9249.70117 0.906096
9251.43359 0.904396
9253.26855 0.911825
9255.09766 0.902651
9256.93457 0.912104
9258.66602 0.903265
9260.50195 0.908826
9262.23340 0.906057
9264.07031 0.908056
9265.89941 0.907415
9267.63672 0.907819
9269.46582 0.904914
9271.30273 0.905271
9273.05469 0.898839
9274.87012 0.903939
9276.70020 0.893488
9278.45117 0.899878
9280.26758 0.887071
9282.01855 0.888763
9283.84766 0.882127
9285.67090 0.875903
9287.41602 0.873823
9289.15430 0.86661
9290.98340 0.863096
9292.71484 0.854954
9294.55176 0.85785
9296.30273 0.851231
9298.03516 0.847357
9299.87012 0.855859
9301.60254 0.843583
9303.35352 0.85707
9305.16992 0.848978
9306.92090 0.852126
9308.75000 0.865092
9310.48242 0.857867
9312.22070 0.86807
9314.05078 0.863838
9315.80176 0.879767
9317.61719 0.871285
9319.36816 0.882979
9321.19922 0.87507
9322.93750 0.885724
9324.76660 0.879875
9326.60254 0.881036
9328.33398 0.880999
9330.16992 0.87601
9331.90137 0.876061
9333.65332 0.873593
9335.46973 0.870323
9337.22070 0.871586
9339.05078 0.865872
9340.78223 0.868445
9342.61719 0.869238
9344.34961 0.860637
9346.18555 0.869795
9347.91699 0.868362
9349.75391 0.865208
9351.50391 0.871372
9353.32129 0.86231
9355.06641 0.863679
9356.90137 0.841143
9358.63281 0.821517
9360.36426 0.780431
9362.01855 0.723983
9364.31738 0.624029
9366.41992 0.511168
9368.51562 0.394248
9370.45020 0.293394
9372.37109 0.213515
9374.20020 0.155726
9376.03516 0.111578
9377.85254 0.081694
9379.60352 0.058458
9381.33594 0.043181
9383.08691 0.031901
9385.26660 0.022741
9387.01855 0.016987
9388.75098 0.012164
9390.48242 0.010372
9392.23438 0.00812
9393.96582 0.005887
9396.06836 0.005544
9397.81934 0.004113
9399.55078 0.003011
9401.30273 0.00364
9403.03418 0.002784
9405.13770 0.002694
9406.88184 0.003104
9408.62109 0.001736
9410.35254 0.001955
9412.46875 0.001754
9414.20020 0.001508
9415.93164 0.002216
9417.68359 0.001801
9419.78516 0.001727
9421.51758 0.002426
9423.26855 0.000999
10365.59570 0.0
