threeML/data/optical_filters/CAHA/ALHAMBRA-A491M.ecsv
# %ECSV 0.9
# ---
# datatype:
# - {name: wavelength, unit: Angstrom, datatype: float32}
# - {name: response, datatype: float32}
# meta: !!omap
# - {band_name: A491M}
# - {group_name: ALHAMBRA}
wavelength response
4245.81152 0.0
4717.56836 0.014479
4720.26025 0.000119
4722.49414 0.025477
4724.71924 0.041428
4726.93604 0.056503
4729.75293 0.12546
4731.99512 0.203222
4734.21191 0.311862
4736.42871 0.425875
4738.67090 0.49613
4740.88770 0.51473
4743.10449 0.514516
4745.45508 0.512387
4747.69727 0.50418
4749.91406 0.507585
4752.13135 0.509435
4754.48145 0.510441
4756.72363 0.512334
4758.94092 0.519651
4761.15771 0.521649
4763.50830 0.522604
4765.74219 0.522663
4767.96729 0.525547
4770.30957 0.524376
4772.53516 0.52067
4774.75244 0.520302
4776.99463 0.517295
4779.33691 0.519312
4781.55420 0.522439
4783.77930 0.52893
4786.12158 0.538089
4788.36377 0.543567
4790.58154 0.549076
4792.93213 0.555357
4795.14941 0.556341
4797.36670 0.556829
4799.60889 0.556508
4801.95947 0.548233
4804.17676 0.545334
4806.39404 0.541954
4808.74512 0.54294
4810.98730 0.539999
4813.20459 0.540988
4815.54688 0.541725
4817.77295 0.542727
4820.01514 0.546414
4822.34131 0.552089
4824.57520 0.558629
4826.80127 0.559482
4829.14355 0.563772
4831.36133 0.565665
4833.71191 0.571835
4835.95459 0.578025
4838.17188 0.583062
4840.52295 0.591701
4842.74072 0.592989
4844.95801 0.597097
4847.30908 0.60086
4849.55176 0.604494
4851.89453 0.608181
4854.11182 0.60801
4856.33789 0.6034
4858.68066 0.599867
4860.89844 0.598193
4863.14111 0.59395
4865.49219 0.590123
4867.70947 0.590293
4870.06104 0.592179
4872.27832 0.594386
4874.52100 0.597661
4876.84717 0.603123
4879.09033 0.604765
4881.43311 0.60469
4883.65088 0.606126
4885.87695 0.608923
4888.21973 0.608164
4890.46240 0.60769
4892.78857 0.60981
4895.03174 0.613119
4897.38281 0.612413
4899.60059 0.614265
4901.94385 0.613175
4904.16992 0.611374
4906.51318 0.608108
4908.73096 0.602052
4911.08252 0.597381
4913.32520 0.59256
4915.54297 0.591424
4917.89453 0.590501
4920.11279 0.587709
4922.46387 0.58335
4924.68213 0.577595
4927.02490 0.573483
4929.26807 0.573571
4931.59473 0.577082
4933.83789 0.581187
4936.18896 0.579979
4938.40723 0.576277
4940.75049 0.575117
4942.97705 0.580007
4945.32031 0.584583
4947.54639 0.592916
4949.78174 0.595856
4952.13330 0.598555
4954.48486 0.598937
4956.70312 0.603971
4959.04639 0.610964
4961.27246 0.616174
4963.61621 0.620358
4965.83447 0.619967
4968.18604 0.617241
4970.40430 0.615973
4972.75586 0.615258
4975.09961 0.616422
4977.34277 0.609851
4979.66943 0.608429
4981.91260 0.606845
4984.26465 0.610165
4986.48291 0.615178
4988.83496 0.617532
4991.17822 0.61294
4993.39648 0.612476
4995.74854 0.614241
4997.96680 0.616623
5000.31885 0.614931
5002.66260 0.614137
5004.88916 0.618723
5007.23291 0.626938
5009.47607 0.627867
5011.80322 0.624475
5014.15527 0.623538
5016.39893 0.618865
5018.72559 0.619871
5021.06934 0.617008
5023.31299 0.616615
5025.64014 0.624276
5027.99219 0.619401
5030.22754 0.614531
5032.57959 0.608796
5034.90674 0.612034
5037.15039 0.611998
5039.49414 0.608317
5041.82129 0.613116
5044.06494 0.61604
5046.41699 0.609815
5048.76074 0.602297
5050.98779 0.603958
5053.33154 0.603424
5055.68408 0.598781
5057.90283 0.59437
5060.25488 0.590944
5062.59912 0.578978
5064.82617 0.578386
5067.16992 0.583879
5069.52246 0.591084
5071.74121 0.590212
5074.09326 0.594968
5076.43750 0.593176
5078.79004 0.589539
5081.00879 0.583818
5083.36133 0.562639
5085.70508 0.503626
5087.93262 0.421704
5090.15137 0.32045
5092.49561 0.222052
5094.73926 0.142397
5096.95850 0.086835
5099.65283 0.051584
5101.89697 0.03363
5104.11621 0.017224
5106.33496 0.015487
5616.96826 0.0
