threeML/data/optical_filters/CAHA/ALHAMBRA-F675W_2.ecsv
# %ECSV 0.9
# ---
# datatype:
# - {name: wavelength, unit: Angstrom, datatype: float32}
# - {name: response, datatype: float32}
# meta: !!omap
# - {band_name: F675W_2}
# - {group_name: ALHAMBRA}
wavelength response
5930.44434 0.0
6589.38281 0.000774
6591.57666 0.001608
6594.35352 0.001399
6596.53906 0.001963
6598.61719 0.002616
6600.81152 0.002288
6603.01367 0.003149
6605.79004 0.004127
6607.98389 0.004691
6610.06250 0.006705
6612.24902 0.008989
6614.45850 0.012097
6616.64355 0.017629
6618.96094 0.026714
6621.14600 0.041712
6623.46338 0.067234
6625.77197 0.112999
6628.19580 0.19723
6630.84131 0.342179
6633.05176 0.493408
6635.46777 0.658917
6638.01416 0.787027
6640.79150 0.854403
6643.56836 0.879808
6646.32178 0.885945
6649.09863 0.887491
6651.87646 0.888979
6654.65332 0.890926
6657.43066 0.894877
6660.31445 0.899383
6663.09229 0.903135
6665.86914 0.906792
6668.74561 0.907337
6671.52197 0.90807
6674.29980 0.907793
6677.18408 0.906742
6679.96045 0.906651
6682.73877 0.908114
6685.61426 0.910605
6688.39160 0.912842
6691.27588 0.915733
6694.05371 0.916403
6696.93750 0.917402
6699.71533 0.918465
6702.59082 0.918261
6705.36914 0.918242
6708.25293 0.918553
6711.15381 0.915784
6713.93115 0.914479
6716.69238 0.911482
6719.59277 0.909168
6722.37109 0.907515
6725.25537 0.905811
6728.02393 0.90588
6730.90918 0.905505
6733.68652 0.907186
6736.46387 0.909243
6739.34814 0.910958
6742.12598 0.914295
6745.00244 0.91562
6747.88623 0.918378
6750.66406 0.922514
6753.56494 0.923658
6756.44971 0.925114
6759.22705 0.926982
6762.11182 0.929735
6764.52832 0.931818
6766.96875 0.930097
6769.28613 0.931047
6771.57910 0.93053
6773.88867 0.929862
6776.20605 0.929339
6778.51562 0.928203
6780.83301 0.926943
6783.15039 0.92531
6785.46045 0.924069
6787.75293 0.922839
6790.19434 0.921838
6792.51172 0.921058
6794.80371 0.919009
6797.11328 0.919091
6799.43164 0.917342
6801.74951 0.918191
6804.05811 0.917201
6806.37646 0.916897
6808.68506 0.917595
6810.98682 0.917159
6813.41992 0.91804
6815.73730 0.91798
6818.03076 0.920083
6820.34814 0.92024
6822.65723 0.921282
6824.97461 0.922932
6827.29346 0.922843
6829.60303 0.925275
6831.92041 0.925275
6834.33643 0.925478
6836.65381 0.926774
6838.96338 0.926586
6841.25732 0.925412
6843.57471 0.923913
6845.89258 0.923612
6848.20264 0.922105
6850.52002 0.920216
6852.82959 0.918274
6855.14746 0.915514
6857.56396 0.913822
6859.88184 0.910231
6862.19971 0.908929
6864.49316 0.905346
6866.80225 0.902404
6869.12061 0.89888
6871.43018 0.894227
6873.74805 0.89251
6876.06592 0.890041
6878.37598 0.886973
6880.66943 0.887303
6882.98730 0.887296
6885.29688 0.888061
6887.61475 0.891184
6890.03125 0.893895
6892.34912 0.895401
6894.66699 0.896733
6896.97705 0.898925
6899.29541 0.899873
6901.60449 0.899989
6903.89795 0.899195
6906.21582 0.896585
6908.53369 0.893788
6910.84326 0.88798
6913.16113 0.881198
6915.47217 0.873418
6917.77393 0.864089
6920.08301 0.85607
6922.40137 0.846985
6924.71143 0.840651
6927.02930 0.841672
6929.34717 0.84757
6931.65674 0.856397
6933.95068 0.865374
6936.39258 0.853059
6938.57861 0.800471
6941.00342 0.714171
6943.44482 0.569044
6945.63184 0.431571
6948.40967 0.288987
6951.05664 0.194726
6953.49854 0.135095
6955.81738 0.095203
6958.11035 0.068363
6960.42871 0.049066
6962.63184 0.035151
6964.92578 0.025697
6967.13672 0.018707
6969.91553 0.012775
6972.10156 0.008947
6974.29639 0.006778
6976.37646 0.00549
6978.58838 0.003601
6980.77539 0.003
6983.55420 0.002572
6985.74023 0.001656
6987.82910 0.001742
6990.01514 0.001543
6992.79395 0.000857
7692.07324 0.0
