threeML/data/optical_filters/CAHA/ALHAMBRA-F582W_2.ecsv
# %ECSV 0.9
# ---
# datatype:
# - {name: wavelength, unit: Angstrom, datatype: float32}
# - {name: response, datatype: float32}
# meta: !!omap
# - {band_name: F582W_2}
# - {group_name: ALHAMBRA}
wavelength response
5052.25146 0.0
5613.61279 0.000525
5615.79541 0.001334
5617.97705 0.001045
5620.75000 0.001131
5622.83350 0.002289
5625.01562 0.002097
5627.22266 0.003023
5629.97119 0.004412
5632.17676 0.004788
5634.25293 0.007331
5636.43506 0.009848
5638.62500 0.012095
5640.82373 0.017163
5643.01416 0.022954
5645.22119 0.029949
5647.40283 0.040956
5649.70850 0.057116
5651.89893 0.081993
5654.20410 0.121235
5656.51709 0.186798
5659.06055 0.293806
5661.57910 0.460514
5664.47510 0.676607
5666.65723 0.823788
5669.07764 0.901124
5671.51416 0.91793
5673.81982 0.908334
5676.23926 0.893226
5678.65186 0.875839
5680.96533 0.869645
5683.40137 0.867637
5685.69092 0.872091
5688.12744 0.875717
5690.43262 0.878667
5692.85303 0.883375
5695.15918 0.886335
5697.57861 0.891998
5699.99121 0.897662
5702.30420 0.899136
5704.74121 0.902246
5707.15332 0.906297
5709.56494 0.909816
5712.00195 0.9165
5714.42285 0.921928
5716.83496 0.920743
5719.27100 0.922141
5721.68359 0.925349
5724.10449 0.927745
5726.54004 0.928709
5728.95264 0.930089
5731.37354 0.922918
5733.80957 0.922612
5736.22266 0.923002
5738.76611 0.925333
5741.17773 0.932216
5743.61523 0.934208
5746.03516 0.932464
5748.44678 0.934758
5750.99121 0.939583
5753.42773 0.940583
5755.84082 0.941523
5758.25244 0.933874
5760.79590 0.936941
5763.21680 0.942616
5765.75195 0.941295
5768.18896 0.944908
5770.60986 0.94356
5773.14502 0.942629
5775.56592 0.945224
5778.10938 0.944571
5780.52148 0.942005
5783.06494 0.940442
5785.47803 0.940485
5788.02148 0.940706
5790.56494 0.940626
5792.97754 0.941695
5795.52148 0.944531
5797.95801 0.945643
5800.47754 0.944242
5802.91455 0.942617
5805.45801 0.941959
5807.87109 0.943311
5810.41455 0.944683
5812.95850 0.942702
5815.37109 0.941295
5817.91504 0.940787
5820.45850 0.939526
5822.87109 0.93964
5825.41504 0.938631
5827.95898 0.938945
5830.37158 0.942125
5832.91504 0.940902
5835.45117 0.941461
5837.87158 0.942303
5840.41553 0.944083
5842.95166 0.941121
5845.49512 0.946295
5847.91602 0.946037
5850.45166 0.941747
5852.99609 0.938784
5855.51514 0.936588
5857.95264 0.935289
5860.49658 0.934763
5863.01562 0.932757
5865.56006 0.933777
5867.99756 0.933322
5870.51611 0.933776
5873.06104 0.936197
5875.60498 0.943085
5878.14062 0.932894
5880.68506 0.931607
5883.22900 0.93121
5885.64160 0.932085
5888.18555 0.930922
5890.73047 0.930337
5893.24951 0.928911
5895.79346 0.927625
5898.33789 0.926144
5900.87305 0.923081
5903.41748 0.921411
5905.96191 0.917331
5908.50537 0.915162
5910.91846 0.909981
5913.46338 0.906522
5915.99902 0.900765
5918.52686 0.896934
5921.06299 0.892501
5923.50000 0.889505
5926.02881 0.888008
5928.56396 0.887556
5931.00146 0.889774
5933.52979 0.892159
5936.06543 0.897135
5938.61035 0.90018
5941.15430 0.905994
5943.69922 0.909105
5946.23486 0.913814
5948.76318 0.915466
5951.29883 0.917185
5953.84326 0.917428
5956.38818 0.913792
5958.93164 0.908972
5961.46826 0.899274
5963.99609 0.887864
5966.53223 0.874113
5968.97021 0.861196
5971.48975 0.850678
5973.92773 0.843469
5976.47217 0.829212
5978.89307 0.799575
5981.30664 0.74398
5983.62109 0.654972
5985.82080 0.549182
5988.57959 0.409462
5991.24658 0.294109
5993.79102 0.209136
5996.08154 0.151651
5998.51904 0.109674
6000.82617 0.080714
6003.00928 0.059265
6005.32324 0.043339
6007.50732 0.031032
6009.69824 0.0228
6012.46533 0.015166
6014.67236 0.011534
6016.85693 0.008181
6018.94141 0.005662
6021.12451 0.004905
6023.33301 0.003522
6026.08301 0.002667
6028.29102 0.002734
6030.47412 0.001782
6032.55908 0.001816
6035.33398 0.001886
6037.51758 0.00116
6039.72559 0.001411
6041.78613 0.001085
6044.56006 0.000759
6649.01611 0.0
