threeML/data/optical_filters/CAHA/ALHAMBRA-F427W_4.ecsv
# %ECSV 0.9
# ---
# datatype:
# - {name: wavelength, unit: Angstrom, datatype: float32}
# - {name: response, datatype: float32}
# meta: !!omap
# - {band_name: F427W_4}
# - {group_name: ALHAMBRA}
wavelength response
3637.80005 0.0
4042.00000 0.000853
4043.99976 0.001146
4046.00000 0.001543
4047.99976 0.002113
4050.00000 0.002822
4052.00000 0.003827
4054.00000 0.005223
4056.00000 0.006968
4058.00000 0.009519
4060.00000 0.013003
4062.00024 0.017708
4064.00000 0.024428
4066.00000 0.033135
4067.99976 0.045027
4070.00000 0.060802
4072.00000 0.083464
4074.00000 0.114774
4076.00000 0.157779
4078.00000 0.214248
4080.00000 0.286976
4082.00024 0.375124
4084.00000 0.471553
4086.00024 0.573705
4088.00000 0.662397
4089.99976 0.72673
4092.00000 0.760297
4093.99976 0.772027
4096.00000 0.769939
4098.00000 0.762018
4100.00000 0.755543
4102.00000 0.750976
4104.00000 0.747755
4106.00000 0.748636
4108.00000 0.751172
4110.00000 0.754577
4112.00000 0.758339
4114.00000 0.75912
4116.00000 0.759631
4118.00000 0.758415
4120.00000 0.754966
4122.00000 0.750336
4124.00000 0.744518
4126.00000 0.738279
4128.00000 0.731174
4130.00000 0.726428
4132.00000 0.72029
4134.00000 0.716174
4136.00000 0.711985
4137.99951 0.709201
4140.00000 0.706524
4142.00000 0.704719
4144.00000 0.703849
4146.00000 0.701278
4148.00000 0.702381
4150.00000 0.702662
4152.00000 0.703606
4154.00000 0.705898
4156.00000 0.707801
4158.00000 0.712879
4160.00000 0.718971
4162.00000 0.724002
4164.00000 0.732551
4166.00000 0.741614
4168.00000 0.75102
4170.00000 0.761975
4172.00000 0.771545
4174.00000 0.781876
4176.00000 0.790746
4178.00000 0.800114
4180.00000 0.808496
4182.00049 0.81314
4184.00000 0.818437
4186.00000 0.820621
4188.00000 0.821417
4190.00000 0.820648
4192.00000 0.819202
4194.00000 0.813924
4196.00000 0.80853
4198.00000 0.803973
4200.00000 0.796867
4202.00000 0.790604
4204.00000 0.784802
4206.00000 0.778244
4208.00000 0.774152
4210.00000 0.769088
4212.00000 0.765249
4214.00000 0.764546
4216.00000 0.761835
4218.00000 0.762111
4220.00000 0.763767
4222.00000 0.765698
4224.00000 0.76923
4226.00000 0.773081
4228.00000 0.77851
4230.00000 0.786408
4232.00000 0.791607
4234.00000 0.798484
4236.00000 0.805987
4238.00000 0.812757
4240.00000 0.817438
4242.00000 0.82302
4244.00000 0.82703
4246.00000 0.830091
4248.00000 0.83094
4250.00000 0.830915
4252.00049 0.828189
4254.00000 0.824507
4256.00000 0.818492
4257.99951 0.811275
4260.00000 0.803866
4262.00000 0.796455
4264.00000 0.789148
4266.00000 0.780581
4268.00000 0.771725
4270.00000 0.764379
4272.00000 0.759434
4274.00000 0.753446
4276.00000 0.749242
4278.00000 0.74708
4280.00000 0.744768
4282.00000 0.743539
4284.00000 0.744429
4286.00000 0.746284
4288.00000 0.749089
4290.00000 0.75243
4292.00000 0.756795
4294.00000 0.762483
4296.00000 0.769264
4298.00000 0.772991
4300.00000 0.778123
4302.00000 0.785089
4304.00000 0.791095
4306.00000 0.795869
4308.00000 0.801643
4310.00000 0.804128
4312.00000 0.807197
4314.00000 0.809933
4316.00000 0.812863
4318.00000 0.812774
4320.00000 0.81316
4322.00000 0.812735
4324.00000 0.810179
4326.00000 0.808989
4327.99951 0.805151
4330.00000 0.801605
4332.00000 0.796022
4334.00000 0.791623
4336.00000 0.78527
4338.00000 0.779787
4340.00000 0.774843
4342.00000 0.76599
4344.00000 0.759879
4346.00000 0.754162
4348.00000 0.747671
4350.00000 0.74091
4352.00000 0.736747
4354.00000 0.731184
4356.00000 0.727908
4358.00000 0.724854
4360.00000 0.721226
4362.00000 0.720216
4364.00000 0.719935
4366.00000 0.720399
4368.00000 0.723181
4370.00000 0.724641
4372.00049 0.727498
4374.00000 0.73216
4376.00000 0.736281
4378.00000 0.742312
4380.00000 0.747375
4382.00000 0.752681
4384.00000 0.760395
4386.00000 0.766131
4388.00000 0.772237
4390.00000 0.776828
4392.00000 0.782574
4394.00000 0.787204
4396.00000 0.79156
4397.99951 0.794328
4400.00000 0.79611
4402.00000 0.791878
4404.00000 0.78498
4406.00000 0.767756
4408.00000 0.743801
4410.00000 0.704011
4412.00000 0.650375
4414.00000 0.581482
4416.00000 0.503346
4418.00000 0.420385
4420.00000 0.34124
4422.00000 0.267799
4424.00000 0.2066
4426.00000 0.154359
4428.00000 0.114512
4430.00000 0.085184
4432.00000 0.062901
4434.00000 0.047068
4436.00000 0.034941
4438.00000 0.026339
4440.00000 0.0195
4442.00049 0.014761
4444.00000 0.011164
4446.00000 0.008581
4447.99951 0.006573
4450.00000 0.00511
4452.00000 0.003964
4454.00000 0.003077
4456.00000 0.002369
4458.00000 0.001874
4460.00000 0.001502
4462.00000 0.001195
4464.00000 0.000942
4910.39990 0.0
