threeML/data/optical_filters/CAHA/ALHAMBRA-F551W_1.ecsv
# %ECSV 0.9
# ---
# datatype:
# - {name: wavelength, unit: Angstrom, datatype: float32}
# - {name: response, datatype: float32}
# meta: !!omap
# - {band_name: F551W_1}
# - {group_name: ALHAMBRA}
wavelength response
4799.29297 0.0
5332.54785 0.000826
5334.72998 0.002365
5337.37793 0.001699
5339.58398 0.00279
5341.76514 0.004204
5343.94580 0.003596
5346.15186 0.005223
5348.79980 0.007377
5350.98096 0.009257
5353.18701 0.014739
5355.36816 0.022534
5357.57422 0.035519
5359.75488 0.060537
5362.06006 0.110069
5364.37207 0.212586
5366.88916 0.404873
5369.55518 0.666565
5371.74414 0.800996
5373.92480 0.84049
5376.22900 0.832641
5378.43506 0.818071
5380.62500 0.811618
5382.80615 0.81356
5385.10986 0.819329
5387.31592 0.82794
5389.60400 0.838765
5391.81006 0.847673
5394.12305 0.856245
5396.30420 0.864178
5398.60791 0.869431
5400.91992 0.873701
5403.10205 0.877176
5405.41504 0.879691
5407.71924 0.879317
5410.03076 0.879186
5412.31885 0.880205
5414.63184 0.881788
5416.83789 0.881776
5419.14307 0.882722
5421.43018 0.885358
5423.74316 0.886649
5426.04688 0.887261
5428.35986 0.887812
5430.67188 0.88643
5432.97705 0.88493
5435.26514 0.88443
5437.57812 0.882547
5439.88184 0.881928
5442.19482 0.881059
5444.50781 0.878874
5446.81201 0.878946
5449.12500 0.877222
5451.41309 0.875891
5453.84912 0.875993
5456.15283 0.874726
5458.44092 0.876284
5460.75391 0.876685
5463.06689 0.877719
5465.37207 0.879234
5467.68506 0.880078
5469.98877 0.882097
5472.40918 0.881725
5474.71289 0.882157
5477.02588 0.881238
5479.33887 0.881101
5481.75000 0.879299
5484.06201 0.878834
5486.36719 0.877394
5488.78711 0.876839
5491.09082 0.875949
5493.40381 0.874894
5495.70898 0.874819
5498.12793 0.873584
5500.43408 0.873707
5502.74609 0.871921
5505.15820 0.872351
5507.47021 0.870706
5509.78320 0.870551
5512.19482 0.870953
5514.50781 0.871212
5516.81201 0.873189
5519.23193 0.871845
5521.53711 0.872956
5523.95605 0.87325
5526.26123 0.873265
5528.68115 0.875345
5530.98584 0.875681
5533.42090 0.875095
5535.73486 0.876872
5538.14600 0.878526
5540.56494 0.878084
5542.87109 0.878491
5545.29102 0.880972
5547.59521 0.881519
5550.03076 0.881251
5552.45117 0.882675
5554.75586 0.884682
5557.17480 0.885847
5559.58691 0.886321
5562.02295 0.887849
5564.33691 0.888471
5566.74805 0.890216
5569.16016 0.891076
5571.59619 0.891078
5574.01611 0.891369
5576.42676 0.890649
5578.86377 0.889018
5581.17676 0.888581
5583.58789 0.887258
5586.00000 0.887487
5588.43701 0.886255
5590.85596 0.886682
5593.26807 0.886318
5595.70410 0.886192
5598.12402 0.886295
5600.53613 0.886862
5602.97217 0.886807
5605.38379 0.888058
5607.80420 0.888556
5610.24023 0.889853
5612.65088 0.890214
5615.06299 0.89103
5617.50000 0.891257
5619.91992 0.891145
5622.33203 0.890427
5624.76807 0.888903
5627.31104 0.887787
5629.72314 0.886066
5632.14307 0.884143
5634.58008 0.883474
5636.99121 0.882729
5639.41113 0.882478
5641.83984 0.882729
5644.36719 0.881846
5646.80322 0.879166
5649.21387 0.873654
5651.65088 0.861588
5654.06299 0.836079
5656.37598 0.791334
5658.78906 0.723425
5660.97900 0.626878
5663.87500 0.47542
5666.51611 0.329592
5668.93701 0.217673
5671.37402 0.14233
5673.67822 0.094368
5675.86914 0.063508
5678.17480 0.043627
5680.36523 0.031145
5682.56396 0.022502
5685.31982 0.015597
5687.51904 0.01241
5689.70996 0.010032
5691.89209 0.00763
5693.96777 0.005907
5696.74121 0.00578
5698.93213 0.00418
5701.12988 0.003617
5703.31982 0.003572
5705.52002 0.0021
5708.16895 0.002215
5710.35205 0.002054
5712.55908 0.001223
5714.74121 0.001379
5717.39111 0.000865
6289.13037 0.0
