threeML/data/optical_filters/CAHA/ALHAMBRA-F768W_3.ecsv
# %ECSV 0.9
# ---
# datatype:
# - {name: wavelength, unit: Angstrom, datatype: float32}
# - {name: response, datatype: float32}
# meta: !!omap
# - {band_name: F768W_3}
# - {group_name: ALHAMBRA}
wavelength response
6732.94873 0.0
7481.05420 0.00092
7482.79346 0.002895
7484.55273 0.002104
7486.29150 0.00105
7488.50195 0.004726
7490.15527 0.001971
7491.90186 0.003416
7493.64062 0.004977
7495.85107 0.001179
7497.50537 0.005112
7499.25098 0.003798
7501.00342 0.003399
7503.21338 0.008627
7504.95264 0.007979
7506.61426 0.010717
7508.35254 0.015383
7510.11182 0.016417
7512.30273 0.026087
7514.06152 0.035972
7515.80078 0.0479
7517.54590 0.069858
7519.29932 0.099962
7521.04492 0.141289
7522.79736 0.200258
7524.62207 0.276777
7526.46631 0.372949
7528.30957 0.481476
7530.23242 0.591253
7532.17432 0.685652
7534.09717 0.755522
7536.12402 0.799146
7538.05371 0.820074
7540.07422 0.824361
7542.01611 0.827371
7544.02979 0.824192
7546.05078 0.819201
7547.99365 0.819988
7550.00098 0.819571
7551.94336 0.818317
7553.97021 0.823679
7555.97754 0.829055
7557.92090 0.83275
7559.94727 0.841871
7561.95508 0.8484
7563.89795 0.855787
7565.92480 0.863615
7567.93262 0.867285
7569.95996 0.877488
7571.90234 0.879194
7573.90967 0.886217
7575.93750 0.884042
7577.96436 0.892408
7579.98535 0.890661
7581.91504 0.894886
7583.94238 0.89141
7585.96289 0.897282
7587.99072 0.896835
7590.01758 0.898954
7592.02588 0.897627
7594.05371 0.902971
7596.08105 0.902815
7598.10156 0.904359
7600.03125 0.903773
7602.05225 0.906974
7604.07959 0.904572
7606.10742 0.904177
7608.13477 0.904039
7610.14209 0.905936
7612.16943 0.905151
7614.19141 0.902674
7616.21924 0.90672
7618.24609 0.902224
7620.16895 0.907162
7622.19678 0.904208
7624.22412 0.908985
7626.25195 0.908632
7628.27246 0.911144
7630.28760 0.908668
7632.30811 0.912754
7634.33643 0.913735
7636.36426 0.912438
7638.39209 0.916225
7640.41211 0.912494
7642.42773 0.914743
7644.44824 0.916786
7646.47656 0.913061
7648.50391 0.915077
7650.53174 0.915308
7652.55273 0.915945
7654.56787 0.913731
7656.58838 0.914991
7658.61621 0.913543
7660.64453 0.913404
7662.67236 0.917394
7664.69336 0.910198
7666.70850 0.911729
7668.72900 0.912521
7670.75732 0.915956
7672.78516 0.914525
7674.81348 0.911488
7676.73633 0.914931
7678.76416 0.911576
7680.79150 0.910875
7682.81299 0.908057
7684.82812 0.910729
7686.84912 0.911312
7688.87744 0.909303
7690.90527 0.910197
7692.93359 0.907328
7694.95459 0.909452
7696.96973 0.906767
7698.99121 0.905726
7701.01855 0.901121
7703.04688 0.895986
7705.07520 0.900228
7707.09668 0.895798
7709.11133 0.89351
7711.13281 0.889628
7713.16113 0.891007
7715.18896 0.891038
7717.21680 0.891449
7719.14062 0.890504
7721.16846 0.885985
7723.19629 0.890066
7725.21777 0.887478
7727.24609 0.889306
7729.25488 0.885423
7731.28320 0.885977
7733.31104 0.886542
7735.33936 0.887459
7737.36084 0.888317
7739.38867 0.886416
7741.39746 0.88709
7743.42578 0.8854
7745.36865 0.889435
7747.37744 0.886385
7749.40527 0.886074
7751.43359 0.882289
7753.45605 0.887596
7755.48389 0.884397
7757.51221 0.885927
7759.52051 0.884262
7761.54883 0.88208
7763.57764 0.885273
7765.59912 0.884842
7767.62744 0.886891
7769.55762 0.880341
7771.57959 0.883025
7773.60791 0.882759
7775.63623 0.885787
7777.64453 0.881122
7779.67383 0.880283
7781.70117 0.877283
7783.72314 0.878959
7785.75195 0.879074
7787.77979 0.878225
7789.78857 0.880004
7791.81738 0.875668
7793.76074 0.87977
7795.76953 0.877088
7797.79785 0.878779
7799.82666 0.874256
7801.84863 0.87387
7803.87695 0.871465
7805.90576 0.872314
7807.91455 0.868283
7809.94287 0.865751
7811.88672 0.860687
7813.89551 0.858379
7815.92432 0.855503
7817.94531 0.854976
7819.97461 0.853912
7822.00342 0.855536
7823.92676 0.85525
7825.95508 0.855502
7827.98438 0.857593
7830.01270 0.861512
7832.03516 0.863289
7834.05029 0.86474
7836.07275 0.867731
7838.10107 0.869092
7840.12988 0.876008
7842.15820 0.874384
7844.08252 0.879341
7846.11084 0.877836
7848.13965 0.87884
7850.16162 0.88124
7852.17725 0.881318
7854.19971 0.883145
7856.22900 0.879792
7858.25732 0.879996
7860.28613 0.875821
7862.30811 0.877955
7864.32373 0.871629
7866.34619 0.869109
7868.37549 0.854747
7870.40430 0.830007
7872.32764 0.78923
7874.35693 0.731937
7876.28076 0.646553
7878.22461 0.541112
7880.07031 0.427385
7881.89600 0.323781
7883.74219 0.233927
7885.58105 0.165916
7887.34229 0.116436
7889.53418 0.073552
7891.74609 0.049544
7893.50732 0.03348
7895.14941 0.023723
7896.91016 0.01952
7898.65088 0.013368
7900.86377 0.008957
7902.60400 0.008966
7904.36523 0.00565
7906.02100 0.004426
7908.21973 0.005892
7909.98096 0.002084
7911.72168 0.003924
7913.37744 0.002206
7915.59033 0.001103
7917.33154 0.00343
7919.07910 0.001346
7921.20605 0.002449
7922.94727 0.001593
7924.70801 0.0
