threeML/data/optical_filters/CAHA/ALHAMBRA-F613W_3.ecsv
# %ECSV 0.9
# ---
# datatype:
# - {name: wavelength, unit: Angstrom, datatype: float32}
# - {name: response, datatype: float32}
# meta: !!omap
# - {band_name: F613W_3}
# - {group_name: ALHAMBRA}
wavelength response
5339.43506 0.0
5932.70557 0.000999
5934.79004 0.001101
5936.98926 0.001925
5939.76367 0.001545
5941.95508 0.002505
5944.13818 0.003155
5946.34619 0.003085
5948.39795 0.004245
5951.17188 0.005366
5953.37988 0.006724
5955.56299 0.009845
5957.75439 0.013567
5959.95410 0.019318
5962.14600 0.028642
5964.32910 0.04532
5966.64404 0.072442
5968.95020 0.120911
5971.37158 0.205334
5974.03906 0.340408
5976.81299 0.517713
5979.10352 0.644993
5981.63916 0.733308
5984.07715 0.778427
5986.60547 0.79907
5989.14160 0.805649
5991.80908 0.809286
5994.33740 0.812412
5996.87354 0.815038
5999.41846 0.818082
6002.06982 0.821967
6004.60547 0.82561
6007.28223 0.830333
6009.80176 0.834672
6012.34619 0.837879
6015.01416 0.841371
6017.65771 0.845302
6020.20166 0.848756
6022.85352 0.852331
6025.49658 0.855845
6028.16357 0.858175
6030.81543 0.860538
6033.45898 0.862126
6036.12646 0.86368
6038.77783 0.864438
6041.42969 0.865463
6044.09766 0.865358
6046.74072 0.864791
6049.39209 0.864665
6052.06006 0.864987
6054.71094 0.864783
6057.35498 0.864503
6060.02295 0.864267
6062.67383 0.864693
6065.31738 0.865216
6067.98535 0.865058
6070.63721 0.866654
6073.41162 0.869042
6076.05566 0.871121
6078.73145 0.873327
6081.37451 0.875836
6084.14941 0.878027
6086.80078 0.881759
6089.57568 0.882566
6092.21924 0.885509
6094.99414 0.886342
6097.64551 0.889336
6100.42041 0.889997
6103.06445 0.891969
6105.83838 0.892874
6108.50684 0.894308
6111.25732 0.896839
6114.03174 0.897548
6116.80713 0.899247
6119.45850 0.900951
6122.23438 0.901658
6125.00830 0.902242
6127.78320 0.902959
6130.55859 0.903023
6133.20166 0.902503
6135.97705 0.902947
6138.75195 0.903089
6141.50244 0.901722
6144.27734 0.900609
6147.05273 0.900609
6149.82764 0.89947
6152.47900 0.898481
6155.25439 0.896378
6158.02148 0.895227
6160.79639 0.893777
6163.57080 0.892017
6166.33008 0.889387
6169.10547 0.888269
6171.77344 0.886762
6174.52393 0.884469
6177.29932 0.884321
6180.07422 0.883572
6182.84961 0.882838
6185.49365 0.882222
6188.26807 0.882449
6191.04395 0.883324
6193.81934 0.882136
6196.57764 0.881383
6199.34521 0.88205
6202.12061 0.88126
6204.89551 0.879456
6207.54785 0.877411
6210.32324 0.875137
6213.09766 0.871987
6215.87354 0.866928
6218.64893 0.861866
6221.29248 0.856608
6224.06787 0.850963
6226.81934 0.846357
6229.48779 0.843763
6232.26318 0.843208
6234.91553 0.844711
6237.69043 0.847124
6240.46631 0.851325
6243.10986 0.856704
6245.88574 0.861779
6248.66113 0.86787
6251.41992 0.872754
6254.18750 0.874833
6256.96289 0.876983
6259.73877 0.874477
6262.51416 0.869174
6265.28955 0.858794
6268.04834 0.843952
6270.71777 0.829264
6273.46826 0.819005
6276.13672 0.816103
6278.91309 0.824406
6281.56543 0.836417
6284.34082 0.833916
6286.98584 0.782516
6289.53076 0.673031
6291.94482 0.531975
6294.15430 0.403444
6296.90527 0.273419
6299.45117 0.186771
6301.89014 0.128553
6304.18164 0.08835
6306.49707 0.061179
6308.80469 0.042839
6311.01367 0.029812
6313.19824 0.020425
6315.39111 0.014104
6317.59229 0.010271
6319.78467 0.007616
6322.56055 0.004768
6324.74512 0.003813
6326.95361 0.003354
6329.13867 0.00209
6331.21680 0.002061
6333.99219 0.001744
6336.17627 0.001115
6338.37012 0.001485
6340.57861 0.000942
6974.63672 0.0
