threeML/data/optical_filters/CAHA/ALHAMBRA-A678M.ecsv
# %ECSV 0.9
# ---
# datatype:
# - {name: wavelength, unit: Angstrom, datatype: float32}
# - {name: response, datatype: float32}
# meta: !!omap
# - {band_name: A678M}
# - {group_name: ALHAMBRA}
wavelength response
5928.36719 0.0
6587.07471 0.001657
6589.25977 0.001481
6591.44531 0.001732
6593.65527 0.002635
6595.84082 0.002734
6598.49463 0.003811
6600.70459 0.005087
6602.89014 0.005913
6605.07568 0.00784
6607.28564 0.010769
6609.47119 0.014371
6611.65674 0.020121
6613.86670 0.028805
6616.18359 0.043529
6618.49268 0.068491
6620.78467 0.111927
6623.33203 0.186249
6626.00244 0.311854
6628.29443 0.4403
6630.73486 0.570801
6633.28223 0.664807
6636.03467 0.713976
6638.70459 0.732518
6641.48193 0.742483
6644.24268 0.74852
6647.14307 0.754482
6649.92041 0.758756
6652.67285 0.762902
6655.45020 0.765901
6658.33447 0.768581
6661.11182 0.769463
6663.88867 0.769593
6666.77295 0.769382
6669.54199 0.767834
6672.45068 0.767499
6675.20361 0.76817
6677.98096 0.769328
6680.88135 0.770868
6683.64258 0.773121
6686.54297 0.775362
6689.29590 0.777679
6692.20459 0.778317
6694.97363 0.778097
6697.85791 0.777703
6700.74219 0.776629
6703.52002 0.775934
6706.40430 0.775038
6709.17334 0.774315
6712.08252 0.771677
6714.83496 0.770563
6717.61279 0.768266
6720.49707 0.767897
6723.27441 0.767952
6726.17529 0.767942
6728.92822 0.770036
6731.83740 0.772863
6734.61475 0.773461
6737.49121 0.777168
6740.26855 0.779306
6743.15332 0.781552
6746.03760 0.783542
6748.81543 0.78561
6751.69141 0.78657
6754.23926 0.788643
6756.55664 0.788505
6758.86572 0.788192
6761.18359 0.789619
6763.49268 0.789082
6765.81006 0.789616
6768.10303 0.788588
6770.42041 0.787322
6772.86133 0.787441
6775.15430 0.786
6777.46338 0.784861
6779.78125 0.784049
6782.09033 0.781821
6784.40820 0.781461
6786.72559 0.779951
6789.03516 0.77978
6791.32812 0.778275
6793.64551 0.779244
6796.08643 0.778353
6798.37939 0.778328
6800.68896 0.778205
6803.00635 0.778475
6805.32422 0.778769
6807.63379 0.778761
6809.95117 0.779407
6812.26074 0.779653
6814.56201 0.779748
6816.99463 0.780839
6819.31250 0.781201
6821.60547 0.782831
6823.92334 0.782921
6826.23291 0.783777
6828.55029 0.784878
6830.86816 0.784381
6833.17773 0.785109
6835.49561 0.784094
6837.78857 0.784084
6840.09814 0.782315
6842.53906 0.781164
6844.83252 0.779376
6847.15039 0.777562
6849.46777 0.775845
6851.77783 0.77323
6854.09521 0.771663
6856.40479 0.768968
6858.72266 0.767086
6861.01611 0.765264
6863.45703 0.763121
6865.77490 0.761377
6868.06836 0.759424
6870.37793 0.7576
6872.69580 0.757839
6875.00537 0.757838
6877.32373 0.759124
6879.64160 0.759694
6881.95117 0.762816
6884.24463 0.764697
6886.56250 0.767509
6888.87207 0.769195
6891.18994 0.769122
6893.50781 0.767794
6895.92480 0.765796
6898.24268 0.761699
6900.55225 0.757255
6902.87061 0.749112
6905.18018 0.742225
6907.47363 0.732866
6909.79150 0.723334
6912.10938 0.713489
6914.41943 0.703491
6916.73730 0.695659
6919.04736 0.690643
6921.36523 0.687919
6923.65869 0.691385
6925.97705 0.700981
6928.28662 0.710047
6930.60498 0.705892
6932.92334 0.670116
6935.23291 0.594691
6937.65820 0.455634
6939.84473 0.323924
6942.51611 0.204293
6945.04004 0.132383
6947.35791 0.088616
6949.79932 0.061355
6951.98633 0.043459
6954.29639 0.031502
6956.49121 0.02348
6958.70264 0.01789
6960.88916 0.013773
6963.07568 0.010318
6965.85449 0.007027
6968.06592 0.005601
6970.25244 0.004486
6972.43896 0.003089
6975.11084 0.002631
6977.30566 0.001907
6979.49268 0.001302
6981.70410 0.00152
6983.89111 0.001061
7682.28027 0.0
