threeML/data/optical_filters/CAHA/ALHAMBRA-F892W_4.ecsv
# %ECSV 0.9
# ---
# datatype:
# - {name: wavelength, unit: Angstrom, datatype: float32}
# - {name: response, datatype: float32}
# meta: !!omap
# - {band_name: F892W_4}
# - {group_name: ALHAMBRA}
wavelength response
7799.26904 0.0
8665.85449 6.8e-05
8667.50195 0.001345
8669.23340 0.001012
8671.43359 0.001007
8673.17188 0.002361
8674.81934 0.001071
8676.57031 0.001678
8678.75195 0.001877
8680.50293 0.00107
8682.23438 0.002279
8683.88867 0.001936
8686.08887 0.001937
8687.82031 0.00341
8689.55273 0.001995
8691.30371 0.002726
8693.40039 0.002868
8695.13867 0.001922
8696.88281 0.003252
8698.62109 0.002591
8700.73730 0.002638
8702.46875 0.004107
8704.20117 0.002986
8705.95215 0.003304
8708.05469 0.003684
8709.78711 0.002512
8711.53809 0.003808
8713.26953 0.003828
8715.00195 0.002821
8717.11719 0.004867
8718.84961 0.004126
8720.58789 0.004197
8722.33887 0.005641
8724.53320 0.005562
8726.16699 0.006741
8727.91797 0.008227
8729.65039 0.007964
8731.40137 0.009603
8733.13281 0.011731
8735.33398 0.013116
8736.98730 0.015873
8738.71875 0.018721
8740.45117 0.020383
8742.20215 0.024409
8743.93359 0.029511
8745.67188 0.034152
8747.50195 0.040995
8749.25293 0.048827
8750.98438 0.060254
8752.71680 0.073301
8754.55273 0.089028
8756.30371 0.109689
8758.12012 0.133418
8759.87109 0.163695
8761.70117 0.199494
8763.62109 0.240839
8765.45117 0.289225
8767.37109 0.344896
8769.38281 0.407638
8771.40137 0.471092
8773.41992 0.537517
8775.51562 0.610153
8777.61914 0.666395
8779.81934 0.721987
8782.01953 0.76576
8784.22070 0.807979
8786.50586 0.828231
8788.69922 0.835156
8790.98438 0.832136
8793.18555 0.816528
8795.47070 0.808535
8797.67090 0.793446
8799.87109 0.786074
8802.15039 0.769175
8804.35059 0.75352
8806.55078 0.7456
8808.75195 0.743679
8810.95215 0.742326
8813.13281 0.735785
8815.33398 0.742725
8817.53418 0.748896
8819.73438 0.747816
8821.93555 0.75925
8824.11621 0.767111
8826.42090 0.77236
8828.62109 0.787354
8830.80273 0.791534
8833.10059 0.804134
8835.30078 0.817256
8837.58594 0.821605
8839.23340 0.829323
8841.51855 0.839479
8843.25000 0.842576
8845.55469 0.854568
8847.75586 0.865462
8850.03418 0.86952
8851.76562 0.877668
8853.51758 0.882772
8855.25586 0.885302
8857.53418 0.892918
8859.83887 0.898658
8861.57031 0.89882
8863.84961 0.907973
8865.60059 0.900062
8867.33887 0.910818
8869.61719 0.903698
8871.36914 0.907832
8873.10059 0.908593
8874.83887 0.899349
8877.13672 0.909122
8878.86914 0.901415
8880.60059 0.900659
8882.35156 0.907354
8884.08398 0.895564
8886.36914 0.897434
8888.12012 0.901681
8889.85156 0.897801
8891.60352 0.896468
8893.33496 0.901074
8895.62012 0.90185
8897.37109 0.895904
8899.10352 0.894945
8900.83496 0.899528
8902.58594 0.895543
8904.94922 0.891492
8906.70117 0.903499
8908.43262 0.891317
8910.17090 0.900867
8911.92188 0.893453
8913.65430 0.897817
8915.40527 0.897535
8917.13672 0.897455
8918.86914 0.8954
8920.62012 0.897282
8922.35156 0.894759
8924.08398 0.896644
8925.83496 0.891005
8927.56641 0.896544
8929.30469 0.892288
8931.04980 0.894932
8932.78809 0.893027
8934.53320 0.893611
8936.27148 0.897069
8938.00293 0.889447
8939.75391 0.895598
8941.48633 0.890608
8943.21777 0.892031
8944.96875 0.894986
8946.70117 0.886374
8948.43262 0.897327
8950.18359 0.886801
8951.92188 0.895991
8953.65430 0.886776
8955.40527 0.888143
8957.13672 0.889628
8958.88867 0.883466
8960.62012 0.890347
8962.35156 0.879409
8964.10352 0.887514
8965.83496 0.875825
8967.56641 0.880592
8969.31836 0.870043
8971.60352 0.867542
8973.33496 0.866353
8975.63281 0.85263
8977.37109 0.854677
8979.65039 0.841588
8981.95508 0.834209
8984.23340 0.814081
8986.51855 0.810758
8988.81641 0.801657
8990.55469 0.794608
8992.75586 0.786561
8994.48730 0.779966
8996.68750 0.784878
8998.96680 0.779803
9000.62012 0.772294
9002.90527 0.781842
9004.65039 0.784895
9006.85059 0.792689
9008.58887 0.799056
9010.86719 0.815054
9013.17188 0.812783
9015.45117 0.834612
9017.73633 0.843957
9019.48730 0.847808
9021.21875 0.856814
9022.95117 0.860291
9024.70215 0.864279
9026.43359 0.86461
9028.17188 0.859256
9029.91699 0.863273
9032.20215 0.852684
9033.93359 0.845677
9035.68555 0.832105
9037.97070 0.823674
9040.25586 0.801056
9042.55371 0.790155
9044.83887 0.768189
9047.03320 0.75213
9049.31836 0.727265
9051.51855 0.711394
9053.71875 0.687735
9055.91992 0.662604
9058.10059 0.642146
9060.21680 0.601284
9062.41699 0.565492
9064.51953 0.508108
9066.53809 0.446805
9068.54980 0.370997
9070.47070 0.297613
9072.38477 0.232122
9074.22070 0.173085
9076.04980 0.129392
9077.88574 0.094952
9079.61719 0.069182
9081.36914 0.049842
9083.54980 0.032913
9085.30078 0.024031
9087.03320 0.018676
9088.77148 0.013482
9090.51562 0.009847
9092.25391 0.008451
9094.00586 0.006397
9096.10156 0.00438
9097.83398 0.004725
9099.58496 0.003216
9101.31641 0.002498
9103.05469 0.00334
9105.25586 0.001865
9106.90234 0.002271
9108.63477 0.002421
9110.38574 0.001132
9112.58594 0.002078
9114.22070 0.0013
9115.97168 0.001522
9117.70312 0.002707
9119.90430 0.000844
10031.89453 0.0
