threeML/data/optical_filters/CAHA/ALHAMBRA-H.ecsv
# %ECSV 0.9
# ---
# datatype:
# - {name: wavelength, unit: Angstrom, datatype: float32}
# - {name: response, datatype: float32}
# meta: !!omap
# - {band_name: H}
# - {group_name: ALHAMBRA}
wavelength response
13307.40039 0.0
14786.00000 0.00081
14791.00000 0.00128
14796.00000 0.00101
14801.00000 0.00139
14806.00000 0.00171
14811.00000 0.00148
14816.00000 0.00185
14821.00000 0.0014
14826.00000 0.00221
14831.00000 0.00227
14836.00000 0.00218
14841.00000 0.00244
14846.00000 0.0028
14851.00000 0.00333
14856.00000 0.00348
14861.00000 0.00349
14866.00000 0.00363
14871.00000 0.00436
14876.00000 0.00483
14881.00000 0.00459
14886.00000 0.00497
14891.00000 0.00568
14896.00000 0.00627
14901.00000 0.0067
14906.00000 0.00693
14911.00000 0.00803
14916.00000 0.00834
14921.00000 0.00926
14926.00000 0.01025
14931.00000 0.0113
14936.00000 0.01209
14941.00000 0.01336
14946.00000 0.01446
14951.00000 0.01504
14956.00000 0.01666
14961.00000 0.01848
14966.00000 0.02087
14971.00000 0.02198
14976.00000 0.02341
14981.00000 0.02617
14986.00000 0.02802
14991.00000 0.03057
14996.00000 0.03459
15001.00000 0.03694
15006.00000 0.04012
15011.00000 0.04364
15016.00000 0.04752
15021.00000 0.05204
15026.00000 0.05795
15031.00000 0.06362
15036.00000 0.06932
15041.00000 0.07575
15046.00000 0.08268
15051.00000 0.09148
15056.00000 0.10124
15061.00000 0.11189
15066.00000 0.12276
15071.00000 0.13465
15076.00000 0.14814
15081.00000 0.16316
15086.00000 0.18081
15091.00000 0.19982
15096.00000 0.22046
15101.00000 0.24113
15106.00000 0.26307
15111.00000 0.28842
15116.00000 0.31685
15121.00000 0.34678
15126.00000 0.37679
15131.00000 0.40549
15136.00000 0.43732
15141.00000 0.46835
15146.00000 0.50051
15151.00000 0.53464
15156.00000 0.5657
15161.00000 0.59213
15166.00000 0.61808
15171.00000 0.64099
15176.00000 0.66258
15181.00000 0.68328
15186.00000 0.70135
15191.00000 0.71417
15196.00000 0.72494
15201.00000 0.7342
15206.00000 0.7417
15211.00000 0.74792
15216.00000 0.75344
15221.00000 0.75536
15226.00000 0.75868
15231.00000 0.76031
15236.00000 0.75871
15241.00000 0.76205
15246.00000 0.76217
15251.00000 0.76184
15256.00000 0.76181
15261.00000 0.76234
15266.00000 0.76235
15271.00000 0.76292
15276.00000 0.76318
15281.00000 0.76428
15286.00000 0.76409
15291.00000 0.76504
15296.00000 0.7663
15301.00000 0.76628
15306.00000 0.76781
15311.00000 0.76917
15316.00000 0.76956
15321.00000 0.77232
15326.00000 0.77207
15331.00000 0.77448
15336.00000 0.77551
15341.00000 0.77652
15346.00000 0.77863
15351.00000 0.77967
15356.00000 0.78081
15361.00000 0.78372
15366.00000 0.78389
15371.00000 0.78531
15376.00000 0.7885
15381.00000 0.78872
15386.00000 0.79148
15391.00000 0.79363
15396.00000 0.79331
15401.00000 0.79843
15406.00000 0.79966
15411.00000 0.79912
15416.00000 0.80624
15421.00000 0.80592
15426.00000 0.80659
15431.00000 0.81026
15436.00000 0.81342
15441.00000 0.81578
15446.00000 0.81795
15451.00000 0.82046
15456.00000 0.82317
15461.00000 0.825
15466.00000 0.82814
15471.00000 0.83056
15476.00000 0.83349
15481.00000 0.83574
15486.00000 0.83812
15491.00000 0.84075
15496.00000 0.8435
15501.00000 0.84601
15506.00000 0.8486
15511.00000 0.85084
15516.00000 0.8531
15521.00000 0.85541
15526.00000 0.85727
15531.00000 0.85993
15536.00000 0.86165
15541.00000 0.86331
15546.00000 0.8646
15551.00000 0.86552
15556.00000 0.86674
15561.00000 0.86888
15566.00000 0.86991
15571.00000 0.87118
15576.00000 0.87125
15581.00000 0.87218
15586.00000 0.87279
15591.00000 0.87233
15596.00000 0.87382
15601.00000 0.8737
15606.00000 0.87236
15611.00000 0.87311
15616.00000 0.8726
15621.00000 0.87249
15626.00000 0.87151
15631.00000 0.87047
15636.00000 0.86953
15641.00000 0.86842
15646.00000 0.86825
15651.00000 0.86687
15656.00000 0.86461
15661.00000 0.86378
15666.00000 0.86331
15671.00000 0.86259
15676.00000 0.86048
15681.00000 0.8582
15686.00000 0.85672
15691.00000 0.85461
15696.00000 0.85307
15701.00000 0.85133
15706.00000 0.8492
15711.00000 0.84753
15716.00000 0.84531
15721.00000 0.84329
15726.00000 0.84135
15731.00000 0.83975
15736.00000 0.83728
15741.00000 0.83669
15746.00000 0.83423
15751.00000 0.83242
15756.00000 0.83072
15761.00000 0.82771
15766.00000 0.82738
15771.00000 0.82589
15776.00000 0.82381
15781.00000 0.82277
15786.00000 0.82078
15791.00000 0.81855
15796.00000 0.81793
15801.00000 0.81642
15806.00000 0.81528
15811.00000 0.81409
15816.00000 0.81243
15821.00000 0.81193
15826.00000 0.81012
15831.00000 0.80867
15836.00000 0.80888
15841.00000 0.80772
15846.00000 0.80743
15851.00000 0.8064
15856.00000 0.80563
15861.00000 0.80552
15866.00000 0.80531
15871.00000 0.80399
15876.00000 0.80401
15881.00000 0.80405
15886.00000 0.80348
15891.00000 0.80341
15896.00000 0.80328
15901.00000 0.80335
15906.00000 0.80385
15911.00000 0.80359
15916.00000 0.80446
15921.00000 0.80445
15926.00000 0.80446
15931.00000 0.8052
15936.00000 0.8058
15941.00000 0.80628
15946.00000 0.80711
15951.00000 0.80784
15956.00000 0.8089
15961.00000 0.8099
15966.00000 0.81062
15971.00000 0.81195
15976.00000 0.81327
15981.00000 0.81456
15986.00000 0.81614
15991.00000 0.81754
15996.00000 0.81893
16001.00000 0.82081
16006.00000 0.82228
16011.00000 0.82448
16016.00000 0.82649
16021.00000 0.82837
16026.00000 0.83013
16031.00000 0.83284
16036.00000 0.835
16041.00000 0.83802
16046.00000 0.83916
16051.00000 0.84137
16056.00000 0.84334
16061.00000 0.84542
16066.00000 0.84869
16071.00000 0.85125
16076.00000 0.85331
16081.00000 0.85599
16086.00000 0.85762
16091.00000 0.85991
16096.00000 0.86313
16101.00000 0.86514
16106.00000 0.86747
16111.00000 0.8693
16116.00000 0.87117
16121.00000 0.87348
16126.00000 0.87559
16131.00000 0.87711
16136.00000 0.87928
16141.00000 0.88032
16146.00000 0.88122
16151.00000 0.88289
16156.00000 0.88356
16161.00000 0.88524
16166.00000 0.88567
16171.00000 0.88607
16176.00000 0.88668
16181.00000 0.88677
16186.00000 0.88739
16191.00000 0.88764
16196.00000 0.8871
16201.00000 0.88666
16206.00000 0.88646
16211.00000 0.88585
16216.00000 0.88508
16221.00000 0.88399
16226.00000 0.88319
16231.00000 0.88177
16236.00000 0.88002
16241.00000 0.87932
16246.00000 0.87757
16251.00000 0.87609
16256.00000 0.87381
16261.00000 0.87304
16266.00000 0.87114
16271.00000 0.86921
16276.00000 0.86738
16281.00000 0.86563
16286.00000 0.86364
16291.00000 0.86112
16296.00000 0.85857
16301.00000 0.85669
16306.00000 0.85455
16311.00000 0.85299
16316.00000 0.85031
16321.00000 0.84806
16326.00000 0.84583
16331.00000 0.84385
16336.00000 0.84191
16341.00000 0.83951
16346.00000 0.83768
16351.00000 0.83505
16356.00000 0.83208
16361.00000 0.83044
16366.00000 0.82917
16371.00000 0.82686
16376.00000 0.82468
16381.00000 0.82247
16386.00000 0.81997
16391.00000 0.81798
16396.00000 0.81597
16401.00000 0.81391
16406.00000 0.81227
16411.00000 0.80946
16416.00000 0.80746
16421.00000 0.80567
16426.00000 0.80357
16431.00000 0.80202
16436.00000 0.8005
16441.00000 0.79814
16446.00000 0.79609
16451.00000 0.79434
16456.00000 0.79243
16461.00000 0.79098
16466.00000 0.78875
16471.00000 0.78756
16476.00000 0.78538
16481.00000 0.78401
16486.00000 0.78195
16491.00000 0.78106
16496.00000 0.77923
16501.00000 0.77819
16506.00000 0.77671
16511.00000 0.77535
16516.00000 0.77411
16521.00000 0.77332
16526.00000 0.77263
16531.00000 0.77168
16536.00000 0.77063
16541.00000 0.77045
16546.00000 0.77016
16551.00000 0.76991
16556.00000 0.76936
16561.00000 0.76928
16566.00000 0.76936
16571.00000 0.76917
16576.00000 0.76969
16581.00000 0.76977
16586.00000 0.76962
16591.00000 0.77017
16596.00000 0.77134
16601.00000 0.77224
16606.00000 0.7733
16611.00000 0.77487
16616.00000 0.77534
16621.00000 0.7775
16626.00000 0.77823
16631.00000 0.7797
16636.00000 0.78196
16641.00000 0.78391
16646.00000 0.78512
16651.00000 0.78804
16656.00000 0.78925
16661.00000 0.79165
16666.00000 0.79394
16671.00000 0.79667
16676.00000 0.79919
16681.00000 0.80106
16686.00000 0.80353
16691.00000 0.80646
16696.00000 0.8093
16701.00000 0.81268
16706.00000 0.81479
16711.00000 0.81725
16716.00000 0.82004
16721.00000 0.82304
16726.00000 0.82586
16731.00000 0.82881
16736.00000 0.83159
16741.00000 0.83425
16746.00000 0.83694
16751.00000 0.83941
16756.00000 0.84222
16761.00000 0.8458
16766.00000 0.84796
16771.00000 0.85072
16776.00000 0.853
16781.00000 0.85518
16786.00000 0.85772
16791.00000 0.86087
16796.00000 0.8631
16801.00000 0.86564
16806.00000 0.86702
16811.00000 0.86924
16816.00000 0.87238
16821.00000 0.87404
16826.00000 0.87617
16831.00000 0.87857
16836.00000 0.88025
16841.00000 0.88267
16846.00000 0.88409
16851.00000 0.88565
16856.00000 0.88754
16861.00000 0.88919
16866.00000 0.89091
16871.00000 0.89176
16876.00000 0.89314
16881.00000 0.89448
16886.00000 0.89598
16891.00000 0.89737
16896.00000 0.89826
16901.00000 0.89974
16906.00000 0.90096
16911.00000 0.90186
16916.00000 0.90288
16921.00000 0.90415
16926.00000 0.90392
16931.00000 0.90501
16936.00000 0.90583
16941.00000 0.90568
16946.00000 0.90704
16951.00000 0.90751
16956.00000 0.90676
16961.00000 0.9079
16966.00000 0.90782
16971.00000 0.90779
16976.00000 0.90762
16981.00000 0.90783
16986.00000 0.90679
16991.00000 0.90729
16996.00000 0.90762
17001.00000 0.90554
17006.00000 0.90541
17011.00000 0.90437
17016.00000 0.90327
17021.00000 0.90238
17026.00000 0.9023
17031.00000 0.90142
17036.00000 0.89943
17041.00000 0.899
17046.00000 0.89819
17051.00000 0.89592
17056.00000 0.89527
17061.00000 0.89392
17066.00000 0.89196
17071.00000 0.89076
17076.00000 0.88851
17081.00000 0.88722
17086.00000 0.88614
17091.00000 0.88402
17096.00000 0.88242
17101.00000 0.88115
17106.00000 0.87839
17111.00000 0.87697
17116.00000 0.87519
17121.00000 0.87347
17126.00000 0.87159
17131.00000 0.86994
17136.00000 0.868
17141.00000 0.86705
17146.00000 0.86479
17151.00000 0.86398
17156.00000 0.86274
17161.00000 0.8604
17166.00000 0.85953
17171.00000 0.85797
17176.00000 0.85707
17181.00000 0.85564
17186.00000 0.85444
17191.00000 0.8529
17196.00000 0.85257
17201.00000 0.85118
17206.00000 0.85044
17211.00000 0.84911
17216.00000 0.84786
17221.00000 0.84756
17226.00000 0.84691
17231.00000 0.84624
17236.00000 0.84542
17241.00000 0.84491
17246.00000 0.84385
17251.00000 0.8436
17256.00000 0.84311
17261.00000 0.84245
17266.00000 0.84188
17271.00000 0.84087
17276.00000 0.84097
17281.00000 0.84047
17286.00000 0.83985
17291.00000 0.83991
17296.00000 0.83974
17301.00000 0.83869
17306.00000 0.83808
17311.00000 0.83759
17316.00000 0.8379
17321.00000 0.83669
17326.00000 0.83715
17331.00000 0.83565
17336.00000 0.83515
17341.00000 0.83511
17346.00000 0.83437
17351.00000 0.83362
17356.00000 0.83308
17361.00000 0.83218
17366.00000 0.83093
17371.00000 0.83093
17376.00000 0.82984
17381.00000 0.82906
17386.00000 0.82858
17391.00000 0.82807
17396.00000 0.82682
17401.00000 0.82621
17406.00000 0.82595
17411.00000 0.82532
17416.00000 0.82436
17421.00000 0.82355
17426.00000 0.82271
17431.00000 0.82159
17436.00000 0.82119
17441.00000 0.82076
17446.00000 0.82019
17451.00000 0.81981
17456.00000 0.819
17461.00000 0.81824
17466.00000 0.81876
17471.00000 0.81811
17476.00000 0.8178
17481.00000 0.81752
17486.00000 0.81714
17491.00000 0.81701
17496.00000 0.81751
17501.00000 0.81715
17506.00000 0.81767
17511.00000 0.81732
17516.00000 0.81801
17521.00000 0.81882
17526.00000 0.81905
17531.00000 0.81976
17536.00000 0.82041
17541.00000 0.8211
17546.00000 0.82161
17551.00000 0.8226
17556.00000 0.82386
17561.00000 0.82465
17566.00000 0.82628
17571.00000 0.82709
17576.00000 0.82781
17581.00000 0.8293
17586.00000 0.83092
17591.00000 0.83143
17596.00000 0.8326
17601.00000 0.83386
17606.00000 0.83468
17611.00000 0.83532
17616.00000 0.83651
17621.00000 0.83711
17626.00000 0.83726
17631.00000 0.83768
17636.00000 0.83766
17641.00000 0.8371
17646.00000 0.83684
17651.00000 0.83581
17656.00000 0.83457
17661.00000 0.83246
17666.00000 0.83044
17671.00000 0.82833
17676.00000 0.82475
17681.00000 0.82046
17686.00000 0.8155
17691.00000 0.81004
17696.00000 0.8043
17701.00000 0.79737
17706.00000 0.78912
17711.00000 0.77995
17716.00000 0.76952
17721.00000 0.75909
17726.00000 0.74759
17731.00000 0.73476
17736.00000 0.72113
17741.00000 0.7047
17746.00000 0.68826
17751.00000 0.67149
17756.00000 0.65507
17761.00000 0.63658
17766.00000 0.61637
17771.00000 0.59527
17776.00000 0.5726
17781.00000 0.5515
17786.00000 0.53078
17791.00000 0.51008
17796.00000 0.48857
17801.00000 0.46537
17806.00000 0.44139
17811.00000 0.4185
17816.00000 0.3972
17821.00000 0.37718
17826.00000 0.35602
17831.00000 0.33582
17836.00000 0.31375
17841.00000 0.29327
17846.00000 0.27567
17851.00000 0.25877
17856.00000 0.24272
17861.00000 0.22622
17866.00000 0.20992
17871.00000 0.19499
17876.00000 0.18119
17881.00000 0.16958
17886.00000 0.15801
17891.00000 0.14678
17896.00000 0.13575
17901.00000 0.12464
17906.00000 0.11594
17911.00000 0.10784
17916.00000 0.1006
17921.00000 0.09298
17926.00000 0.08632
17931.00000 0.07939
17936.00000 0.07286
17941.00000 0.06786
17946.00000 0.06371
17951.00000 0.05936
17956.00000 0.05501
17961.00000 0.04991
17966.00000 0.04658
17971.00000 0.04344
17976.00000 0.04052
17981.00000 0.03747
17986.00000 0.03496
17991.00000 0.03212
17996.00000 0.02998
18001.00000 0.02816
18006.00000 0.02564
18011.00000 0.02412
18016.00000 0.02258
18021.00000 0.0214
18026.00000 0.01979
18031.00000 0.0186
18036.00000 0.01707
18041.00000 0.01545
18046.00000 0.01521
18051.00000 0.01381
18056.00000 0.01278
18061.00000 0.01194
18066.00000 0.01151
18071.00000 0.01125
18076.00000 0.01028
18081.00000 0.00973
18086.00000 0.00895
18091.00000 0.00834
18096.00000 0.00775
18101.00000 0.00742
18106.00000 0.00714
18111.00000 0.0066
18116.00000 0.00595
18121.00000 0.00621
18126.00000 0.00602
18131.00000 0.0043
18136.00000 0.0052
18141.00000 0.00451
18146.00000 0.00471
18151.00000 0.00387
18156.00000 0.00397
18161.00000 0.00381
18166.00000 0.00365
18171.00000 0.0036
18176.00000 0.00322
18181.00000 0.00202
18186.00000 0.00284
18191.00000 0.00236
18196.00000 0.00267
18201.00000 0.002
18206.00000 0.00241
18211.00000 0.00157
18216.00000 0.0017
18221.00000 0.00217
18226.00000 0.00198
18231.00000 0.00217
18236.00000 0.00168
18241.00000 0.00165
18246.00000 0.00118
18251.00000 0.00104
18256.00000 0.00174
18261.00000 0.0015
18266.00000 0.0006
20092.59961 0.0
