threeML/data/optical_filters/CAHA/ALHAMBRA-A366M.ecsv
# %ECSV 0.9
# ---
# datatype:
# - {name: wavelength, unit: Angstrom, datatype: float32}
# - {name: response, datatype: float32}
# meta: !!omap
# - {band_name: A366M}
# - {group_name: ALHAMBRA}
wavelength response
3142.80005 0.0
3492.00000 0.001175
3494.00000 0.001776
3496.00000 0.002742
3498.00000 0.004201
3500.00000 0.006811
3502.00000 0.010324
3504.00000 0.015732
3506.00000 0.02357
3508.00000 0.034413
3510.00000 0.049217
3512.00000 0.067543
3514.00000 0.089594
3516.00000 0.114224
3518.00000 0.142336
3520.00000 0.171257
3522.00000 0.199724
3524.00000 0.22504
3526.00000 0.242745
3528.00000 0.253156
3530.00000 0.253827
3532.00000 0.247277
3534.00000 0.235181
3536.00000 0.221949
3538.00000 0.208758
3540.00000 0.198401
3542.00000 0.190386
3544.00000 0.185463
3546.00000 0.183712
3548.00000 0.184268
3550.00000 0.187783
3552.00000 0.193449
3554.00000 0.20002
3556.00000 0.20893
3558.00000 0.217696
3560.00000 0.227152
3562.00000 0.23568
3564.00000 0.242288
3566.00000 0.248811
3568.00000 0.253741
3570.00000 0.258158
3572.00000 0.261946
3574.00000 0.265121
3576.00000 0.267715
3578.00000 0.269936
3580.00000 0.270301
3582.00000 0.270012
3584.00000 0.268096
3586.00000 0.264758
3588.00000 0.261104
3590.00000 0.256239
3592.00000 0.251268
3594.00000 0.247819
3596.00000 0.244561
3598.00000 0.242354
3600.00000 0.241335
3602.00000 0.240576
3604.00000 0.241277
3606.00000 0.24058
3608.00000 0.241259
3610.00000 0.240678
3612.00000 0.239543
3614.00000 0.238985
3616.00000 0.235972
3618.00000 0.232171
3620.00000 0.229138
3622.00000 0.226248
3624.00000 0.223944
3626.00000 0.222671
3628.00000 0.222128
3630.00000 0.222995
3632.00000 0.226016
3634.00000 0.229986
3636.00000 0.234359
3638.00000 0.241341
3640.00000 0.24945
3642.00000 0.257222
3644.00000 0.266737
3646.00000 0.276069
3648.00000 0.28624
3650.00000 0.295647
3652.00000 0.30477
3654.00000 0.31364
3656.00000 0.320682
3658.00000 0.326423
3660.00000 0.332859
3662.00000 0.335812
3664.00000 0.340116
3666.00000 0.342157
3668.00000 0.344305
3670.00000 0.346408
3672.00000 0.347409
3674.00000 0.34928
3676.00000 0.350779
3678.00000 0.350023
3680.00000 0.351645
3682.00000 0.351276
3684.00000 0.348348
3686.00000 0.346282
3688.00000 0.340871
3690.00000 0.334622
3692.00000 0.328122
3694.00000 0.318604
3696.00000 0.31107
3698.00000 0.301852
3700.00000 0.294916
3702.00000 0.287635
3704.00000 0.28215
3706.00000 0.279127
3708.00000 0.276475
3710.00000 0.277138
3712.00000 0.278063
3714.00000 0.28214
3716.00000 0.285956
3718.00000 0.291359
3720.00000 0.295978
3722.00000 0.30139
3724.00000 0.306731
3726.00000 0.309783
3728.00000 0.312298
3730.00000 0.314185
3732.00000 0.315052
3734.00000 0.316513
3736.00000 0.317096
3738.00000 0.318094
3740.00000 0.32041
3742.00000 0.322721
3744.00000 0.326011
3746.00000 0.329275
3748.00000 0.333189
3750.00000 0.33614
3752.00000 0.338723
3754.00000 0.340497
3756.00000 0.340942
3758.00000 0.340215
3760.00000 0.3369
3762.00000 0.333315
3764.00000 0.329481
3766.00000 0.325641
3768.00000 0.324721
3770.00000 0.322862
3772.00000 0.324491
3774.00000 0.327204
3776.00000 0.331027
3778.00000 0.332536
3780.00000 0.328623
3782.00000 0.315856
3784.00000 0.288938
3786.00000 0.250588
3788.00000 0.202337
3790.00000 0.153636
3792.00000 0.110596
3794.00000 0.077832
3796.00000 0.053786
3798.00000 0.037595
3800.00000 0.026357
3802.00000 0.018361
3804.00000 0.012942
3806.00000 0.009167
3808.00000 0.006525
3810.00000 0.004826
3812.00000 0.003532
3814.00000 0.002625
3816.00000 0.00195
3818.00000 0.001452
3820.00000 0.001113
4202.00000 0.0
