threeML/data/optical_filters/CAHA/ALHAMBRA-A829M.ecsv
# %ECSV 0.9
# ---
# datatype:
# - {name: wavelength, unit: Angstrom, datatype: float32}
# - {name: response, datatype: float32}
# meta: !!omap
# - {band_name: A829M}
# - {group_name: ALHAMBRA}
wavelength response
7240.66992 0.0
8045.18896 0.001431
8047.41992 9.7e-05
8049.17529 0.000743
8050.93066 0.00093
8052.70654 9.7e-05
8054.83154 0.001547
8056.59326 0.000741
8058.36230 0.001053
8060.12451 0.002105
8062.24951 9.7e-05
8064.02441 0.002035
8065.77979 0.001235
8067.55518 9.7e-05
8069.68652 0.002531
8071.44189 0.001477
8073.21680 0.001597
8074.97217 0.002454
8077.09717 0.001104
8078.87207 0.002699
8080.63379 0.00178
8082.38916 0.001657
8084.53369 0.002822
8086.28857 0.00141
8088.04346 0.001777
8089.81836 0.002816
8092.04883 0.001346
8093.70459 0.002751
8095.47949 0.001954
8097.23438 0.002257
8099.46436 0.003596
8101.13379 0.001157
8102.89502 0.00274
8104.66309 0.003164
8106.87988 0.002189
8108.65430 0.003707
8110.32373 0.003218
8112.07861 0.003155
8114.30811 0.005262
8116.06299 0.004583
8117.83740 0.006021
8119.59180 0.007235
8121.26758 0.00815
8123.49707 0.010605
8125.25146 0.013156
8127.00635 0.015065
8128.78076 0.020078
8130.53516 0.025813
8132.29639 0.031118
8134.06396 0.040125
8135.82520 0.051082
8137.57959 0.065762
8139.43311 0.083864
8141.20703 0.105565
8143.04736 0.133018
8144.90723 0.166427
8146.76025 0.209341
8148.71924 0.257165
8150.66455 0.314373
8152.60352 0.374439
8154.64795 0.435868
8156.69238 0.491813
8158.81592 0.537245
8160.95898 0.577982
8163.08887 0.599844
8165.21875 0.61692
8167.44092 0.635288
8169.66992 0.64553
8171.79980 0.646408
8174.02832 0.65184
8176.25732 0.65833
8178.38037 0.663139
8180.60889 0.667495
8182.83740 0.667979
8185.06592 0.664983
8187.27490 0.662761
8189.42432 0.66201
8191.65283 0.659985
8193.86133 0.660497
8196.08984 0.66173
8198.31836 0.663766
8200.54590 0.664214
8202.77441 0.66511
8204.89746 0.667644
8207.12500 0.669604
8209.35352 0.671223
8211.56152 0.673327
8213.79004 0.673768
8216.01758 0.672628
8218.24609 0.665884
8220.47363 0.661196
8222.70215 0.660973
8224.91016 0.659377
8227.13770 0.650603
8229.28027 0.649231
8231.49414 0.647276
8233.72168 0.640419
8235.94922 0.642058
8238.17090 0.639019
8240.29980 0.634072
8242.52734 0.637953
8244.75488 0.630403
8246.87695 0.633274
8249.10449 0.631995
8251.33203 0.63029
8253.55859 0.634972
8255.68750 0.630918
8257.91504 0.635233
8260.14258 0.637295
8262.34961 0.636635
8264.49121 0.641799
8266.71875 0.641853
8268.92578 0.642279
8271.15234 0.648251
8273.37988 0.652479
8275.60645 0.653061
8277.83398 0.651053
8280.04102 0.650863
8282.26758 0.652804
8284.49512 0.654558
8286.72168 0.656305
8288.94824 0.656294
8291.17480 0.655089
8293.38184 0.650094
8295.60840 0.644418
8297.83594 0.639439
8300.06250 0.635096
8302.18945 0.629923
8304.41602 0.623905
8306.63672 0.618273
8308.86328 0.615466
8311.07617 0.615199
8313.21680 0.615606
8315.44336 0.619734
8317.64941 0.622905
8319.87598 0.619134
8322.10254 0.615277
8324.22949 0.622978
8326.44922 0.626138
8328.67578 0.621785
8330.90137 0.627839
8333.12793 0.631088
8335.35352 0.630519
8337.56641 0.63418
8339.78516 0.633281
8342.01172 0.637792
8344.23730 0.638709
8346.46289 0.637338
8348.67578 0.639385
8350.89453 0.638094
8353.12109 0.638518
8355.34668 0.636206
8357.57227 0.63386
8359.79785 0.634675
8362.00977 0.627514
8364.22852 0.628368
8366.45410 0.627205
8368.67969 0.61624
8370.90527 0.612089
8373.11719 0.614096
8375.33594 0.607157
8377.56152 0.599
8379.78711 0.59708
8381.91309 0.599743
8384.13867 0.597588
8386.36426 0.594304
8388.58887 0.594124
8390.81445 0.595091
8393.01953 0.596423
8395.15918 0.603231
8397.38379 0.609494
8399.58887 0.61515
8401.81348 0.620006
8404.12402 0.623152
8406.34863 0.624045
8408.57422 0.621443
8410.79883 0.61468
8413.02344 0.607357
8415.24805 0.600186
8417.45312 0.590296
8419.67773 0.583422
8421.81641 0.579344
8424.02148 0.572835
8426.24609 0.565485
8428.46973 0.562835
8430.59570 0.550944
8432.82031 0.535109
8434.95898 0.51698
8437.07812 0.47837
8439.20312 0.438719
8441.24316 0.387688
8443.27734 0.337582
8445.21777 0.284506
8447.17285 0.236681
8449.10742 0.194065
8450.96289 0.155929
8452.81152 0.125594
8454.64746 0.100517
8456.50293 0.079338
8458.27246 0.063079
8460.02344 0.049667
8461.87891 0.039725
8463.62891 0.031905
8465.76660 0.023632
8467.51660 0.018549
8469.26758 0.015465
8471.03711 0.013129
8472.79297 0.009778
8474.54297 0.008246
8476.31348 0.007325
8478.53027 0.004559
8480.18164 0.004513
8481.95117 0.004021
8483.70117 0.002383
8485.45703 0.002768
8487.68066 0.002162
8489.44336 0.001227
8491.09473 0.002063
8492.86426 0.001133
9342.15039 0.0
