threeML/data/optical_filters/CAHA/ALHAMBRA-F923W_3.ecsv
# %ECSV 0.9
# ---
# datatype:
# - {name: wavelength, unit: Angstrom, datatype: float32}
# - {name: response, datatype: float32}
# meta: !!omap
# - {band_name: F923W_3}
# - {group_name: ALHAMBRA}
wavelength response
8075.48975 0.0
8972.76660 0.000997
8974.51855 0.001705
8976.25000 0.002168
8978.36621 0.001055
8980.09863 0.002513
8981.83691 0.001991
8983.58203 0.002112
8985.76855 0.003735
8987.41602 0.002338
8989.16699 0.003262
8990.89844 0.003487
8993.09961 0.002104
8994.83203 0.003662
8996.48535 0.002841
8998.21680 0.002443
9000.41699 0.00411
9002.16895 0.002841
9003.90039 0.00325
9005.55371 0.004162
9007.28516 0.002894
9009.48633 0.003927
9011.21875 0.003578
9012.96973 0.002891
9014.61621 0.003746
9016.80371 0.003871
9018.54883 0.003963
9020.28613 0.005243
9022.01953 0.004764
9023.77051 0.005119
9025.86719 0.006872
9027.61816 0.006263
9029.34961 0.007569
9031.08203 0.008662
9032.83301 0.008545
9034.93555 0.010857
9036.66699 0.012172
9038.41797 0.013021
9040.14941 0.016076
9041.88281 0.019103
9043.63281 0.02124
9045.36523 0.025169
9047.10352 0.031134
9048.84863 0.037573
9050.58691 0.045105
9052.31836 0.055223
9054.14746 0.068454
9055.89844 0.086297
9057.73535 0.108329
9059.46680 0.140371
9061.38770 0.180162
9063.21680 0.23594
9065.13770 0.304717
9067.14844 0.402724
9069.16699 0.513526
9071.27051 0.645979
9073.56836 0.760637
9075.29980 0.824308
9077.03125 0.865437
9078.78223 0.882823
9080.51562 0.889469
9082.26562 0.875144
9084.08301 0.872916
9085.83398 0.858536
9087.56543 0.847214
9089.30469 0.852732
9091.04883 0.838673
9092.78711 0.841547
9094.53125 0.851025
9096.90234 0.846505
9098.65332 0.853196
9100.38477 0.863647
9102.11719 0.857378
9103.86816 0.871562
9105.70312 0.874318
9107.43457 0.872206
9109.16797 0.889239
9110.91797 0.879821
9112.74805 0.892037
9114.48633 0.88881
9116.31543 0.892736
9118.05469 0.896507
9119.79883 0.893098
9121.61523 0.898226
9123.36719 0.896806
9125.20215 0.896884
9126.93359 0.901806
9128.77051 0.894864
9130.50195 0.901985
9132.23340 0.896295
9134.06934 0.900479
9135.81445 0.89899
9137.65039 0.897291
9139.38281 0.899259
9141.21777 0.896513
9142.94922 0.896924
9144.78613 0.898272
9146.51758 0.893431
9148.35352 0.897217
9150.09863 0.894446
9151.91504 0.894322
9153.66602 0.894548
9155.39844 0.890053
9157.23340 0.896483
9158.96484 0.887234
9160.80176 0.89543
9162.55273 0.887507
9164.36914 0.892906
9166.12012 0.887404
9167.94922 0.891572
9169.68066 0.886852
9171.41992 0.892991
9173.25000 0.885473
9175.00098 0.894785
9176.81738 0.884326
9178.56738 0.894665
9180.39844 0.888617
9182.13672 0.890484
9183.96582 0.895425
9185.70410 0.889966
9187.53320 0.897051
9189.26562 0.896826
9191.10059 0.894898
9192.85156 0.899674
9194.66895 0.897116
9196.49805 0.900509
9198.25000 0.897664
9200.06641 0.900371
9201.81641 0.900368
9203.65332 0.896134
9205.38477 0.903062
9207.21973 0.895472
9208.95312 0.898895
9210.78223 0.900552
9212.52051 0.893182
9214.34961 0.901709
9216.10059 0.889588
9217.93750 0.899342
9219.75293 0.887808
9221.49805 0.897739
9223.33301 0.885776
9225.06543 0.893397
9226.90234 0.886245
9228.63379 0.888922
9230.46875 0.888765
9232.20117 0.884625
9234.03711 0.890803
9235.78223 0.882869
9237.59766 0.889873
9239.34961 0.885608
9241.18555 0.885781
9242.91797 0.890277
9244.75293 0.882948
9246.48438 0.891891
9248.31445 0.885142
9250.05273 0.887221
9251.88184 0.889844
9253.71777 0.886141
9255.45020 0.890415
9257.28613 0.890032
9259.03711 0.887057
9260.86621 0.894147
9262.59766 0.888093
9264.43457 0.896513
9266.16602 0.888406
9268.00195 0.895618
9269.83105 0.887899
9271.57031 0.89513
9273.39941 0.882885
9275.13672 0.894121
9276.96680 0.878705
9278.71777 0.88863
9280.53418 0.874767
9282.28613 0.875025
9284.11523 0.873501
9285.85352 0.858134
9287.68359 0.866478
9289.41504 0.851596
9291.16602 0.844867
9292.98145 0.844766
9294.73340 0.834291
9296.46582 0.831328
9298.20410 0.825639
9300.03320 0.826952
9301.78418 0.821065
9303.51660 0.819586
9305.89941 0.820081
9307.63672 0.821896
9309.38184 0.82071
9311.12109 0.824002
9312.85254 0.828853
9314.60352 0.834188
9316.43359 0.833546
9318.16504 0.838174
9319.90234 0.835245
9321.73145 0.845703
9323.47070 0.848573
9325.21582 0.838704
9327.05176 0.855801
9328.78320 0.836416
9330.51465 0.849967
9332.26562 0.844383
9334.10254 0.852757
9335.83398 0.851016
9337.56641 0.840312
9339.40137 0.848661
9341.13281 0.838716
9342.88379 0.83279
9344.72070 0.850621
9346.45312 0.840265
9348.18457 0.839699
9350.02051 0.848873
9351.76465 0.847209
9353.50391 0.853822
9355.33301 0.850057
9357.06445 0.848141
9358.90039 0.849749
9360.63184 0.833073
9362.38281 0.812993
9364.11523 0.761017
9366.39941 0.695545
9368.60156 0.576814
9370.71680 0.458223
9372.71582 0.346322
9374.64844 0.253528
9376.48535 0.182893
9378.30078 0.130446
9380.13770 0.094323
9381.96680 0.06731
9383.71875 0.048907
9385.45020 0.036057
9387.18164 0.026571
9388.93359 0.019012
9390.66504 0.014723
9392.40332 0.012271
9394.14746 0.008522
9395.88672 0.007499
9397.61816 0.006593
9399.26465 0.004696
9401.46582 0.004163
9403.20312 0.004206
9404.94922 0.002801
9406.68652 0.002843
9408.78223 0.002264
9410.53418 0.001425
9412.26660 0.002224
9414.01660 0.001891
9416.12109 0.00169
9417.85254 0.002115
9419.60352 0.001307
9421.33496 0.001847
9423.43164 0.001316
9425.18262 0.000852
10367.70117 0.0
