threeML/data/optical_filters/CAHA/ALHAMBRA-A522M.ecsv
# %ECSV 0.9
# ---
# datatype:
# - {name: wavelength, unit: Angstrom, datatype: float32}
# - {name: response, datatype: float32}
# meta: !!omap
# - {band_name: A522M}
# - {group_name: ALHAMBRA}
wavelength response
4474.70557 0.0
4971.89502 0.00384
4974.13818 2.8e-05
4976.82373 2.8e-05
4979.06689 2.8e-05
4981.28516 2.8e-05
4984.10400 0.003527
4986.22266 2.8e-05
4988.44092 2.8e-05
4990.65918 2.8e-05
4993.47803 2.8e-05
4995.58789 0.003882
4998.40723 2.8e-05
5000.52539 0.004251
5002.74414 2.8e-05
5004.96240 2.8e-05
5007.78125 0.003565
5009.89990 2.8e-05
5012.11816 2.8e-05
5014.93750 2.8e-05
5017.64795 2.8e-05
5019.86670 0.003697
5022.68555 2.8e-05
5024.90430 0.002436
5027.02246 2.8e-05
5029.24121 2.8e-05
5032.06055 0.003428
5034.30420 2.8e-05
5036.52246 2.8e-05
5038.74121 0.004579
5041.45215 2.8e-05
5043.67920 0.006291
5045.89795 0.003333
5048.60889 0.009743
5050.82764 0.01604
5053.04639 0.022742
5055.29004 0.046525
5057.50879 0.084752
5059.73584 0.144465
5061.97119 0.24193
5064.32373 0.363507
5066.54248 0.473294
5068.89502 0.541737
5071.23877 0.566327
5073.69971 0.57223
5076.04346 0.559452
5078.39600 0.557182
5080.74854 0.554027
5083.07568 0.554116
5085.41992 0.562429
5087.77197 0.574264
5090.22461 0.591628
5092.57715 0.602985
5094.92969 0.617483
5097.39893 0.627153
5099.73438 0.635261
5102.07861 0.635177
5104.55664 0.630644
5106.88379 0.634752
5109.23633 0.632168
5111.71387 0.63437
5114.04150 0.63338
5116.51953 0.628975
5118.86377 0.632146
5121.32471 0.632996
5123.66895 0.633361
5126.02148 0.63731
5128.47461 0.633298
5130.82715 0.63393
5133.27979 0.635576
5135.63232 0.633503
5138.08545 0.635333
5140.43799 0.638394
5142.91602 0.634732
5145.24365 0.635867
5147.72168 0.638226
5150.06592 0.635287
5152.52734 0.636937
5154.87158 0.641379
5157.33301 0.640793
5159.81104 0.642447
5162.13867 0.647747
5164.61719 0.649477
5166.96143 0.647824
5169.42285 0.650557
5171.87598 0.654012
5174.22900 0.653179
5176.68213 0.652672
5179.16016 0.653804
5181.51318 0.65508
5183.96631 0.654729
5186.31934 0.65336
5188.77246 0.652349
5191.25049 0.65526
5193.71191 0.65642
5196.05664 0.652327
5198.51807 0.652563
5200.97168 0.650902
5203.32471 0.651945
5205.79443 0.652415
5208.25586 0.651597
5210.70947 0.649284
5213.18750 0.647202
5215.54102 0.645343
5217.99414 0.648378
5220.45605 0.64864
5222.93408 0.649521
5225.38770 0.649565
5227.74072 0.647044
5230.19434 0.645977
5232.64795 0.642731
5235.12598 0.643219
5237.58789 0.646122
5240.04150 0.648264
5242.52002 0.647759
5244.98193 0.646811
5247.43555 0.648317
5249.91406 0.65093
5252.36768 0.653816
5254.84619 0.653919
5257.17432 0.653272
5259.76172 0.655073
5262.11523 0.65705
5264.56836 0.656388
5267.15576 0.655503
5269.63428 0.656676
5271.96289 0.658158
5274.44189 0.657315
5277.02881 0.6546
5279.48242 0.654147
5281.93652 0.655303
5284.41504 0.654425
5286.87744 0.651578
5289.33105 0.650812
5291.80957 0.650493
5294.26367 0.649316
5296.72559 0.647466
5299.20459 0.647884
5301.65869 0.647308
5304.12061 0.64544
5306.59961 0.645045
5309.05371 0.645079
5311.50732 0.643547
5313.98633 0.642159
5316.44873 0.641482
5318.90283 0.641514
5321.38184 0.6389
5323.83594 0.63982
5326.29834 0.636822
5328.77734 0.636974
5331.23096 0.638129
5333.70996 0.638088
5336.17285 0.636819
5338.75195 0.63961
5341.21436 0.638304
5343.66846 0.637819
5346.14746 0.639311
5348.61035 0.63751
5351.06445 0.637492
5353.54346 0.633199
5355.99756 0.625918
5358.46045 0.6177
5360.93945 0.605141
5363.39404 0.598328
5365.84814 0.590057
5368.32715 0.586191
5370.79004 0.58407
5373.24414 0.579634
5375.72363 0.572071
5378.18652 0.553298
5380.66553 0.520049
5383.12012 0.465739
5385.47412 0.39691
5387.82031 0.309533
5390.14941 0.22894
5392.39502 0.159534
5394.74902 0.105859
5396.96973 0.068037
5399.19043 0.042485
5401.43652 0.029027
5403.65723 0.017535
5405.77783 0.009873
5407.99854 0.008712
5410.24414 0.00507
5413.04102 0.00348
5415.28711 0.004255
5956.81592 0.0
