threeML/data/optical_filters/CAHA/ALHAMBRA-F799W.ecsv
# %ECSV 0.9
# ---
# datatype:
# - {name: wavelength, unit: Angstrom, datatype: float32}
# - {name: response, datatype: float32}
# meta: !!omap
# - {band_name: F799W}
# - {group_name: ALHAMBRA}
wavelength response
6997.34961 0.0
7774.83301 0.000853
7776.51318 0.003238
7778.27197 0.001792
7780.50781 0.002473
7782.26709 0.003237
7783.93994 0.001787
7785.71924 0.003229
7787.93994 0.002548
7789.71289 0.002462
7791.39307 0.00391
7793.15186 0.002211
7795.38721 0.003235
7797.14600 0.003064
7798.92383 0.001871
7801.06006 0.004336
7802.81885 0.002803
7804.59814 0.00323
7806.35693 0.004424
7808.48584 0.002552
7810.26416 0.004336
7812.02393 0.003821
7813.78906 0.002878
7815.56689 0.004739
7817.69580 0.004065
7819.45410 0.005001
7821.23291 0.006533
7822.99121 0.005421
7825.12695 0.007186
7826.90576 0.009308
7828.66406 0.008471
7830.44287 0.010752
7832.20117 0.012918
7834.33594 0.013162
7836.10791 0.017285
7837.87305 0.018691
7839.63086 0.021715
7841.41016 0.027323
7843.16797 0.033356
7844.92578 0.03805
7846.70410 0.045891
7848.46191 0.058022
7850.22119 0.072424
7852.08398 0.09052
7853.86279 0.112749
7855.70703 0.142983
7857.48486 0.181548
7859.34180 0.230756
7861.20508 0.294957
7863.14893 0.374253
7865.09814 0.472797
7867.14111 0.583208
7869.18896 0.692904
7871.32520 0.784432
7873.47217 0.848614
7875.60010 0.889453
7877.83301 0.907184
7879.96777 0.91531
7882.20215 0.912925
7884.33008 0.913101
7886.56299 0.912273
7888.79688 0.913506
7890.93213 0.916578
7893.16504 0.916697
7895.39795 0.918933
7897.52588 0.919695
7899.75879 0.920272
7901.99219 0.922156
7904.12695 0.9226
7906.35303 0.923626
7908.58594 0.925092
7910.72021 0.924036
7912.95410 0.926158
7915.18701 0.923789
7917.31396 0.920504
7919.54688 0.920584
7921.77979 0.918421
7923.91406 0.921057
7926.14600 0.922438
7928.37988 0.916872
7930.50684 0.918811
7932.73877 0.921146
7934.97217 0.913313
7937.10596 0.915303
7939.33203 0.915535
7941.56396 0.907787
7943.69678 0.913498
7945.93018 0.91004
7948.16309 0.905326
7950.29004 0.910954
7952.52197 0.905397
7954.75391 0.902222
7956.88818 0.903837
7959.12012 0.901084
7961.24707 0.8941
7963.47900 0.895548
7965.61279 0.899222
7967.84424 0.895433
7970.07617 0.89338
7972.20312 0.888969
7974.43506 0.891349
7976.56787 0.892423
7978.79980 0.895878
7980.92578 0.897577
7983.15820 0.8992
7985.39014 0.902506
7987.51709 0.902485
7989.74805 0.9065
7991.97998 0.908006
7994.11279 0.909523
7996.34424 0.913994
7998.57617 0.914912
8000.70215 0.916457
8002.93408 0.92058
8005.16602 0.92001
8007.39697 0.919604
8009.52979 0.919884
8011.76123 0.91725
8013.98584 0.915447
8016.21680 0.916865
8018.35010 0.915815
8020.58008 0.913225
8022.81201 0.912791
8025.02295 0.908482
8027.16797 0.907759
8029.39893 0.907799
8031.61816 0.903559
8033.76318 0.905206
8035.99414 0.905129
8038.20508 0.900168
8040.35107 0.905074
8042.56104 0.902721
8044.79199 0.900969
8046.93701 0.907114
8049.15479 0.901186
8051.38477 0.906376
8053.61621 0.911306
8055.74219 0.904281
8057.97314 0.910613
8060.20312 0.917966
8062.43408 0.912621
8064.56494 0.914538
8066.78906 0.924688
8069.02002 0.928715
8071.25000 0.924787
8073.47998 0.921719
8075.69824 0.923747
8077.84180 0.924632
8080.05322 0.924724
8082.28320 0.923947
8084.51318 0.920615
8086.74414 0.912133
8088.86816 0.903209
8091.09814 0.895339
8093.32910 0.884308
8095.45898 0.874723
8097.68896 0.864814
8099.81396 0.857862
8102.04297 0.851195
8104.18799 0.848293
8106.40381 0.846734
8108.54883 0.848796
8110.67285 0.850974
8112.90186 0.858386
8115.03320 0.865816
8117.26318 0.873843
8119.49316 0.883917
8121.61719 0.89097
8123.84619 0.89959
8126.07617 0.909114
8128.30518 0.912976
8130.51514 0.913715
8132.65918 0.915599
8134.88818 0.912054
8137.10400 0.90212
8139.33301 0.897685
8141.47705 0.884937
8143.68701 0.871454
8145.91602 0.861136
8148.05908 0.846675
8150.27490 0.838656
8152.41797 0.821555
8154.54199 0.813985
8156.77002 0.805773
8158.89990 0.800615
8161.02393 0.805383
8163.16699 0.803802
8165.39600 0.810204
8167.52588 0.820811
8169.64990 0.812398
8171.79883 0.772477
8173.92188 0.694468
8175.96582 0.576531
8178.00977 0.436759
8179.94922 0.311131
8181.80908 0.215291
8183.66113 0.146931
8185.41504 0.100406
8187.17480 0.068979
8189.02783 0.04834
8190.80078 0.032806
8192.93066 0.020831
8194.68359 0.016775
8196.45801 0.011225
8198.21094 0.008057
8199.96484 0.007735
8201.73926 0.005837
8203.86914 0.004572
8205.62207 0.00512
8207.39453 0.00307
8209.14941 0.003148
8211.27246 0.002688
8213.04395 0.00095
9034.34863 0.0
