threeML/data/optical_filters/CAHA/ALHAMBRA-F737W.ecsv
# %ECSV 0.9
# ---
# datatype:
# - {name: wavelength, unit: Angstrom, datatype: float32}
# - {name: response, datatype: float32}
# meta: !!omap
# - {band_name: F737W}
# - {group_name: ALHAMBRA}
wavelength response
6484.39453 0.0
7204.88281 0.000968
7207.06982 0.001509
7209.25781 0.001707
7211.93896 0.001905
7214.12695 0.003013
7216.31396 0.003411
7218.52588 0.004407
7220.71387 0.006996
7222.90186 0.009822
7225.11279 0.015208
7227.30176 0.025063
7229.49707 0.042515
7231.80811 0.074624
7234.12695 0.135109
7236.67676 0.238491
7239.45703 0.382957
7241.76807 0.489941
7244.08691 0.563886
7246.50488 0.606326
7248.93115 0.632506
7251.47217 0.654034
7254.02197 0.676302
7256.57178 0.704471
7259.22021 0.735141
7261.77002 0.767625
7264.54980 0.799568
7267.20605 0.829696
7269.98584 0.852898
7272.75684 0.869866
7275.64502 0.874827
7278.42383 0.872274
7281.20508 0.870775
7284.09082 0.864356
7286.87109 0.862675
7289.65088 0.860713
7292.40723 0.862485
7295.18701 0.869136
7297.96680 0.874511
7300.84619 0.878695
7303.62500 0.883569
7306.53711 0.888685
7309.29199 0.89328
7312.19580 0.899898
7314.95996 0.905573
7317.86279 0.908944
7320.75000 0.910271
7323.52979 0.910151
7326.31006 0.914053
7328.62207 0.913022
7330.91699 0.914951
7333.23584 0.915
7335.54688 0.916652
7337.86816 0.916701
7340.18701 0.916351
7342.49805 0.916259
7344.81787 0.914972
7347.23584 0.914771
7349.55615 0.914527
7351.86719 0.913722
7354.16309 0.914139
7356.48193 0.912637
7358.80176 0.913254
7361.11279 0.911743
7363.43311 0.911854
7365.74414 0.91155
7368.06396 0.911257
7370.48193 0.911347
7372.80176 0.911263
7375.12207 0.912302
7377.41699 0.911477
7379.72900 0.912698
7382.04785 0.913759
7384.35986 0.915473
7386.67920 0.9165
7389.00000 0.916889
7391.41797 0.917522
7393.73779 0.917401
7396.04883 0.916996
7398.36816 0.917763
7400.66406 0.91724
7402.97607 0.919073
7405.29492 0.917414
7407.61621 0.918594
7409.92676 0.917849
7412.24707 0.916961
7414.66602 0.91596
7416.98486 0.914939
7419.29688 0.915251
7421.61719 0.914911
7423.91211 0.914449
7426.23096 0.915727
7428.54395 0.916117
7430.86377 0.91878
7433.18408 0.919561
7435.60205 0.919775
7437.92188 0.917142
7440.23389 0.915972
7442.55420 0.915496
7444.86621 0.914314
7447.16113 0.913743
7449.47998 0.911372
7451.80078 0.909933
7454.11279 0.908462
7456.43311 0.907815
7458.85205 0.908055
7461.17090 0.906051
7463.48291 0.903633
7465.80420 0.899178
7468.12402 0.895856
7470.41797 0.893342
7472.73096 0.891382
7475.05078 0.890458
7477.36279 0.890253
7479.68311 0.891711
7482.00293 0.893876
7484.31494 0.8935
7486.60986 0.892793
7488.93018 0.891295
7491.24219 0.891306
7493.66895 0.892942
7495.98096 0.892435
7498.30176 0.892945
7500.62207 0.892293
7502.93408 0.892493
7505.25391 0.891991
7507.56592 0.89024
7509.86084 0.885627
7512.18213 0.876995
7514.50195 0.867834
7516.81396 0.860061
7519.13379 0.851785
7521.44580 0.843542
7523.76611 0.833709
7526.06201 0.82282
7528.38184 0.810106
7530.69385 0.794336
7533.35205 0.77255
7535.90283 0.731574
7538.44482 0.658862
7540.87305 0.555304
7543.18506 0.441178
7545.27393 0.333983
7547.92285 0.224752
7550.36719 0.152601
7552.79492 0.105901
7555.10693 0.073842
7557.42822 0.052687
7559.61621 0.03857
7561.83008 0.027937
7564.12500 0.020791
7566.33887 0.015316
7568.52783 0.011966
7570.71680 0.009213
7572.93018 0.006548
7575.11816 0.004868
7577.20898 0.004261
7579.99023 0.002755
7582.17920 0.00229
7584.39209 0.002259
7586.58105 0.001273
7588.66309 0.001359
7591.44385 0.000925
8350.58789 0.0
