threeML/data/optical_filters/CAHA/ALHAMBRA-F706W_4.ecsv
# %ECSV 0.9
# ---
# datatype:
# - {name: wavelength, unit: Angstrom, datatype: float32}
# - {name: response, datatype: float32}
# meta: !!omap
# - {band_name: F706W_4}
# - {group_name: ALHAMBRA}
wavelength response
6179.15283 0.0
6865.72559 0.000892
6867.93701 0.001037
6870.12305 0.001699
6872.21045 0.001268
6874.98926 0.001956
6877.17529 0.002187
6879.38672 0.002415
6881.57275 0.003793
6883.75928 0.004973
6886.43066 0.006842
6888.62549 0.010252
6890.81152 0.014113
6893.02344 0.019684
6895.20947 0.02768
6897.52002 0.03963
6899.71387 0.057569
6902.02393 0.08384
6904.44873 0.122884
6906.88965 0.180766
6909.42969 0.273091
6912.31543 0.416427
6914.63330 0.564714
6917.05029 0.721064
6919.82812 0.82587
6922.60693 0.848559
6925.26172 0.820818
6928.03223 0.789258
6930.68701 0.768922
6933.35889 0.762948
6936.01367 0.76622
6938.66064 0.77841
6941.33252 0.79206
6943.98730 0.807012
6946.76611 0.82234
6949.54492 0.833853
6952.29883 0.844274
6954.97021 0.852389
6957.85547 0.858382
6960.63428 0.863311
6963.41309 0.867481
6966.16699 0.869146
6968.94531 0.871024
6971.72412 0.871803
6974.60938 0.871386
6977.38867 0.873221
6980.16650 0.873924
6982.94531 0.875141
6985.82324 0.878338
6988.60156 0.878399
6991.37988 0.882233
6994.26611 0.883763
6997.04492 0.886364
6999.92188 0.889726
7002.70068 0.891807
7005.58691 0.892572
7008.36475 0.892858
7011.26758 0.893717
7014.02979 0.894688
7016.93164 0.896809
7019.71045 0.895622
7022.59668 0.896806
7025.36670 0.894783
7028.25244 0.897228
7031.03174 0.893792
7033.91748 0.894585
7036.69580 0.894481
7039.57373 0.8944
7042.35303 0.892978
7045.23877 0.894507
7048.01758 0.893449
7050.91992 0.89222
7053.68213 0.892213
7056.58398 0.891849
7059.33887 0.89227
7062.25000 0.890936
7065.02832 0.888886
7067.90625 0.887705
7070.68555 0.887266
7073.57129 0.883589
7076.35010 0.881145
7079.23682 0.877351
7082.00781 0.875827
7084.78613 0.870492
7087.56494 0.868757
7090.45215 0.866344
7093.23047 0.865218
7096.00928 0.862607
7098.76367 0.860579
7101.54395 0.860416
7104.32275 0.861587
7107.20898 0.862801
7109.98730 0.864086
7112.76758 0.865414
7115.54639 0.865826
7118.31738 0.868162
7121.20312 0.872032
7123.98340 0.873833
7126.76221 0.880284
7129.64844 0.884772
7132.42773 0.889166
7135.30615 0.892449
7138.08545 0.898473
7140.97119 0.900993
7143.87354 0.901236
7146.63721 0.90144
7149.54004 0.897924
7152.42578 0.893784
7155.20557 0.889922
7158.08398 0.885446
7160.86328 0.878595
7163.64258 0.870929
7166.42188 0.86141
7169.17627 0.848197
7171.95654 0.836911
7174.73584 0.825203
7177.51514 0.813585
7180.17139 0.805823
7182.95068 0.795556
7185.59912 0.791975
7188.37842 0.791716
7191.03467 0.793678
7193.70703 0.80019
7196.48633 0.80623
7199.13477 0.814384
7201.91504 0.822978
7204.69434 0.833421
7207.44922 0.844228
7210.22900 0.853642
7213.00830 0.861276
7215.78906 0.867626
7218.56836 0.870391
7221.45459 0.869972
7224.23438 0.868287
7227.01367 0.859779
7229.76904 0.849879
7232.54883 0.831136
7235.22168 0.7901
7237.87842 0.717963
7240.41943 0.615213
7242.73877 0.494796
7244.92627 0.382779
7247.70605 0.267283
7250.25537 0.186687
7252.67383 0.131406
7255.10010 0.093938
7257.41064 0.069251
7259.62305 0.05127
7261.91846 0.038185
7264.13037 0.028824
7266.31836 0.02153
7269.09766 0.014616
7271.28613 0.010684
7273.49854 0.008496
7275.68604 0.006708
7277.88232 0.004522
7280.08643 0.003673
7282.28223 0.003587
7284.93066 0.001848
7287.14307 0.002017
7289.33057 0.001592
7291.54395 0.001025
7294.20068 0.001396
7296.38770 0.000684
8026.02637 0.0
