threeML/data/optical_filters/CAHA/ALHAMBRA-F551W_2.ecsv
# %ECSV 0.9
# ---
# datatype:
# - {name: wavelength, unit: Angstrom, datatype: float32}
# - {name: response, datatype: float32}
# meta: !!omap
# - {band_name: F551W_2}
# - {group_name: ALHAMBRA}
wavelength response
4797.00684 0.0
5330.00732 0.000884
5332.18799 0.001928
5334.95996 0.001704
5337.14062 0.001754
5339.22363 0.003065
5341.42920 0.002949
5344.17627 0.004413
5346.38184 0.006255
5348.56348 0.006889
5350.64600 0.010236
5352.82715 0.015337
5355.03320 0.021628
5357.21387 0.034515
5359.51758 0.06098
5361.70703 0.110661
5364.01172 0.213152
5366.55420 0.409273
5369.20215 0.67556
5372.20361 0.830114
5374.40137 0.84571
5376.68896 0.833261
5378.89453 0.821851
5381.08447 0.819269
5383.38867 0.823873
5385.57031 0.830528
5387.77588 0.840096
5390.08838 0.849889
5392.37598 0.858053
5394.58154 0.865441
5396.88672 0.872065
5399.17432 0.876212
5401.37988 0.879786
5403.69238 0.881272
5405.98096 0.88127
5408.28516 0.880459
5410.59766 0.881194
5412.80420 0.882513
5415.09180 0.882512
5417.39600 0.8833
5419.70898 0.886363
5422.02148 0.887871
5424.32568 0.888829
5426.63818 0.890472
5428.92676 0.888643
5431.23096 0.887994
5433.54346 0.886644
5435.85645 0.885121
5438.16016 0.884696
5440.47314 0.88344
5442.77734 0.881737
5445.06592 0.880664
5447.37842 0.878622
5449.69141 0.878516
5452.10254 0.877881
5454.41504 0.876678
5456.72021 0.877281
5459.03271 0.877217
5461.33740 0.879939
5463.64990 0.87997
5465.96240 0.881777
5468.25098 0.883113
5470.68652 0.884066
5472.99121 0.88435
5475.27930 0.884047
5477.59229 0.884196
5480.02783 0.883234
5482.33301 0.881973
5484.62109 0.881589
5487.05713 0.879435
5489.36963 0.879764
5491.65771 0.878041
5494.09375 0.877744
5496.40723 0.876428
5498.69531 0.876866
5501.13135 0.875396
5503.43555 0.875062
5505.74805 0.875427
5508.15967 0.873381
5510.47314 0.874479
5512.77734 0.874604
5515.19727 0.875742
5517.50195 0.877093
5519.92090 0.87638
5522.22607 0.877363
5524.64600 0.878068
5526.95020 0.878637
5529.38623 0.879859
5531.67480 0.880473
5534.11133 0.880513
5536.42432 0.881405
5538.83545 0.883448
5541.25537 0.883693
5543.56055 0.883782
5545.97949 0.885173
5548.41602 0.886608
5550.72070 0.887963
5553.14111 0.888557
5555.55225 0.889267
5557.98828 0.890073
5560.30176 0.892493
5562.71289 0.894587
5565.12451 0.895272
5567.56055 0.895897
5569.98047 0.895502
5572.39160 0.895272
5574.82812 0.895003
5577.11670 0.89402
5579.55371 0.89376
5581.97266 0.892805
5584.38477 0.892686
5586.82080 0.892195
5589.23193 0.891859
5591.65234 0.891382
5594.08887 0.89135
5596.50049 0.891289
5598.93701 0.891741
5601.34814 0.891796
5603.76855 0.89249
5606.20508 0.893211
5608.61621 0.893642
5611.03613 0.895149
5613.47217 0.895277
5615.99170 0.896332
5618.42676 0.896029
5620.83936 0.89562
5623.25928 0.894568
5625.69629 0.892554
5628.10693 0.892072
5630.51953 0.890607
5633.06250 0.890091
5635.49902 0.890347
5637.91064 0.889885
5640.33105 0.891247
5642.87354 0.891317
5645.31055 0.889663
5647.72217 0.885354
5650.13379 0.875256
5652.57031 0.854472
5654.99072 0.817091
5657.29639 0.755729
5659.60986 0.666033
5661.79150 0.557527
5664.56396 0.404507
5667.10742 0.272354
5669.51953 0.177726
5671.83301 0.11692
5674.13916 0.077477
5676.45166 0.052301
5678.63477 0.036368
5680.82422 0.026751
5683.02393 0.019843
5685.21387 0.014475
5687.39648 0.01121
5689.60352 0.009553
5692.35156 0.006751
5694.42773 0.006104
5696.63428 0.005541
5698.81641 0.003703
5701.00684 0.003498
5703.78027 0.002936
5705.85645 0.001981
5708.03809 0.002175
5710.24561 0.00162
5713.01904 0.001065
5715.20068 0.001575
5717.28516 0.000786
6289.01367 0.0
