threeML/data/optical_filters/CAHA/ALHAMBRA-F458W_2.ecsv
# %ECSV 0.9
# ---
# datatype:
# - {name: wavelength, unit: Angstrom, datatype: float32}
# - {name: response, datatype: float32}
# meta: !!omap
# - {band_name: F458W_2}
# - {group_name: ALHAMBRA}
wavelength response
3915.00000 0.0
4350.00000 0.000817
4352.00000 0.001072
4354.00000 0.001462
4356.00000 0.001941
4358.00000 0.002636
4360.00000 0.003396
4362.00000 0.004392
4364.00000 0.005665
4366.00000 0.006856
4368.00000 0.008433
4370.00000 0.009919
4372.00049 0.011812
4374.00000 0.013847
4376.00000 0.016193
4378.00000 0.019087
4380.00000 0.022848
4382.00000 0.027427
4384.00000 0.033626
4386.00000 0.042288
4388.00000 0.053901
4390.00000 0.070226
4392.00000 0.093038
4394.00000 0.124805
4396.00000 0.169066
4397.99951 0.232109
4400.00000 0.316622
4402.00000 0.423493
4404.00000 0.545672
4406.00000 0.666529
4408.00000 0.764692
4410.00000 0.823995
4412.00000 0.854698
4414.00000 0.859648
4416.00000 0.854079
4418.00000 0.847478
4420.00000 0.840351
4422.00000 0.837864
4424.00000 0.838808
4426.00000 0.840675
4428.00000 0.843065
4430.00000 0.843184
4432.00000 0.84295
4434.00000 0.840537
4436.00000 0.835746
4438.00000 0.830265
4440.00000 0.822587
4442.00049 0.816292
4444.00000 0.809804
4446.00000 0.804785
4447.99951 0.801822
4450.00000 0.800142
4452.00000 0.80096
4454.00000 0.800592
4456.00000 0.802191
4458.00000 0.804933
4460.00000 0.808577
4462.00000 0.812824
4464.00000 0.815355
4466.00000 0.819342
4468.00000 0.821348
4470.00000 0.82383
4472.00000 0.824329
4474.00000 0.826757
4476.00000 0.82655
4478.00000 0.826941
4480.00000 0.827158
4482.00000 0.828242
4484.00000 0.82846
4486.00000 0.828458
4488.00000 0.829716
4490.00000 0.829195
4492.00000 0.831017
4494.00000 0.831828
4496.00000 0.832422
4498.00000 0.833413
4500.00000 0.834065
4502.00000 0.835396
4504.00000 0.836516
4506.00000 0.837631
4508.00000 0.838741
4510.00000 0.840093
4512.00049 0.841786
4514.00000 0.843875
4516.00000 0.845079
4517.99951 0.84716
4520.00000 0.850018
4522.00000 0.851075
4524.00000 0.85334
4526.00000 0.855698
4528.00000 0.857094
4530.00000 0.858817
4532.00000 0.860623
4534.00000 0.861529
4536.00000 0.862637
4538.00000 0.864225
4540.00000 0.865729
4542.00000 0.866845
4544.00000 0.867552
4546.00000 0.86902
4548.00000 0.870684
4550.00000 0.871303
4552.00000 0.872278
4554.00000 0.872593
4556.00000 0.872297
4558.00000 0.872735
4560.00000 0.871862
4562.00049 0.871124
4564.00000 0.868906
4566.00000 0.867606
4568.00000 0.865366
4570.00000 0.861733
4572.00000 0.858011
4574.00000 0.8546
4576.00000 0.849248
4578.00000 0.844575
4580.00000 0.841569
4582.00000 0.838191
4584.00000 0.833854
4586.00000 0.831912
4587.99951 0.829441
4590.00000 0.828083
4592.00000 0.828063
4594.00000 0.828546
4596.00000 0.828684
4598.00000 0.831143
4600.00000 0.832801
4602.00000 0.834764
4604.00000 0.837815
4606.00000 0.839679
4608.00000 0.841743
4610.00000 0.842483
4612.00000 0.844453
4614.00000 0.844513
4616.00000 0.842095
4618.00000 0.83981
4620.00000 0.837097
4622.00000 0.833763
4624.00000 0.829876
4626.00000 0.82601
4628.00000 0.821392
4630.00000 0.818412
4632.00049 0.815259
4634.00000 0.813091
4636.00000 0.811598
4638.00000 0.812358
4640.00000 0.811354
4642.00000 0.813512
4644.00000 0.815749
4646.00000 0.818993
4648.00000 0.821396
4650.00000 0.824588
4652.00000 0.826352
4654.00000 0.827523
4656.00000 0.826756
4658.00000 0.826422
4660.00000 0.822697
4662.00000 0.815643
4664.00000 0.809332
4666.00000 0.7986
4668.00000 0.788885
4670.00000 0.777208
4672.00000 0.764114
4674.00000 0.750675
4676.00000 0.738322
4678.00000 0.727014
4680.00000 0.716816
4682.00000 0.708459
4684.00000 0.700907
4686.00000 0.695042
4688.00000 0.691704
4690.00000 0.690236
4692.00000 0.690459
4694.00000 0.693992
4696.00000 0.6987
4698.00000 0.704427
4700.00000 0.713759
4702.00049 0.723216
4704.00000 0.733379
4706.00000 0.745759
4707.99951 0.757701
4710.00000 0.769869
4712.00000 0.781904
4714.00000 0.791698
4716.00000 0.801044
4718.00000 0.806895
4720.00000 0.809842
4722.00000 0.809498
4724.00000 0.804107
4726.00000 0.7933
4728.00000 0.775899
4730.00000 0.751449
4732.00000 0.718856
4734.00000 0.679379
4736.00000 0.628913
4738.00000 0.571845
4740.00000 0.50969
4742.00000 0.44357
4744.00000 0.379811
4746.00000 0.316932
4748.00000 0.259709
4750.00000 0.207972
4752.00000 0.165584
4754.00000 0.129166
4756.00000 0.100332
4758.00000 0.078031
4760.00000 0.060398
4762.00000 0.046628
4764.00000 0.035784
4766.00000 0.027645
4768.00000 0.021388
4770.00000 0.016647
4772.00000 0.013025
4774.00000 0.010225
4776.00000 0.008049
4777.99951 0.006363
4780.00000 0.005057
4782.00000 0.003978
4784.00000 0.003248
4786.00000 0.002618
4788.00000 0.002118
4790.00000 0.001712
4792.00000 0.001383
4794.00000 0.001147
4796.00000 0.000951
5275.60010 0.0
