threeML/data/optical_filters/CAHA/ALHAMBRA-F737W_2.ecsv
# %ECSV 0.9
# ---
# datatype:
# - {name: wavelength, unit: Angstrom, datatype: float32}
# - {name: response, datatype: float32}
# meta: !!omap
# - {band_name: F737W_2}
# - {group_name: ALHAMBRA}
wavelength response
6478.77002 0.0
7198.63330 0.000911
7200.82129 0.001311
7203.03271 0.00188
7205.22119 0.001509
7207.86865 0.002362
7210.08154 0.002844
7212.26904 0.003042
7214.46436 0.004746
7216.66846 0.006367
7219.44824 0.009497
7221.64404 0.015194
7223.83154 0.024061
7226.04395 0.039739
7228.33838 0.067873
7230.64893 0.117747
7233.09180 0.205437
7235.85547 0.325851
7237.93604 0.415496
7240.25537 0.485244
7242.56641 0.535743
7244.88574 0.572047
7247.30322 0.606158
7249.85303 0.642591
7252.40234 0.68327
7254.95166 0.724845
7257.60010 0.768494
7260.25684 0.806799
7263.03613 0.840828
7265.81641 0.866544
7268.69482 0.881538
7271.47559 0.885579
7274.25488 0.877817
7277.14160 0.868987
7279.92188 0.859664
7282.70166 0.853369
7285.48193 0.85343
7288.25391 0.853135
7291.01709 0.860632
7293.79688 0.869332
7296.70020 0.87803
7299.45605 0.887566
7302.23535 0.896804
7305.14795 0.902895
7308.02686 0.909084
7310.45312 0.915517
7312.76465 0.918418
7315.19043 0.922085
7317.50195 0.923467
7319.82129 0.92406
7322.14111 0.925633
7324.45264 0.925258
7326.77197 0.924315
7329.06641 0.922689
7331.37793 0.92429
7333.82031 0.925411
7336.14062 0.926756
7338.43555 0.925826
7340.75488 0.92515
7343.06641 0.92411
7345.38623 0.923531
7347.69775 0.923649
7350.12402 0.922889
7352.43555 0.923807
7354.75537 0.923531
7357.07471 0.924971
7359.38623 0.925739
7361.68115 0.925684
7364.00098 0.925304
7366.44434 0.924164
7368.73877 0.924055
7371.05029 0.923518
7373.37012 0.925356
7375.68945 0.925938
7378.00146 0.927609
7380.32080 0.927949
7382.73975 0.927913
7385.05908 0.92826
7387.37109 0.928636
7389.69043 0.930354
7391.98633 0.931057
7394.30566 0.932125
7396.61768 0.930851
7398.93701 0.931799
7401.35547 0.931108
7403.67529 0.930377
7405.98682 0.928792
7408.30664 0.92764
7410.62695 0.92726
7412.93799 0.927599
7415.23389 0.928406
7417.67725 0.92783
7419.99707 0.928943
7422.29199 0.929209
7424.60352 0.928935
7426.92285 0.929945
7429.24268 0.930242
7431.55518 0.931426
7433.98193 0.931307
7436.29395 0.93243
7438.61377 0.931631
7440.92529 0.932408
7443.24512 0.930941
7445.54102 0.9298
7447.86084 0.927831
7450.30420 0.925816
7452.61621 0.923474
7454.91064 0.920632
7457.23145 0.918258
7459.55127 0.914936
7461.86279 0.911808
7464.18359 0.909352
7466.49463 0.905912
7468.79053 0.903551
7471.11035 0.899076
7473.55420 0.896898
7475.87354 0.894896
7478.16943 0.893488
7480.48145 0.89234
7482.80176 0.891056
7485.11377 0.889883
7487.43359 0.888904
7489.75342 0.889023
7492.04883 0.890296
7494.36084 0.89077
7496.68066 0.889725
7498.99268 0.888787
7501.31348 0.88698
7503.63330 0.885393
7505.94580 0.881286
7508.24121 0.879345
7510.56055 0.874085
7512.87256 0.86729
7515.30029 0.858033
7517.61230 0.848903
7519.93311 0.837804
7522.25293 0.826912
7524.44189 0.812932
7526.75342 0.795557
7529.43652 0.77051
7532.08545 0.727628
7534.63574 0.655847
7536.95605 0.55603
7539.25146 0.443812
7541.33350 0.339809
7544.00732 0.22935
7546.53418 0.152806
7548.85449 0.103904
7551.29834 0.072566
7553.48682 0.051271
7555.80664 0.036816
7557.99561 0.027177
7560.20947 0.020438
7562.39844 0.015819
7564.58643 0.011687
7566.80029 0.008601
7568.98926 0.007099
7571.18604 0.005504
7573.39111 0.003825
7575.58887 0.003477
7578.23779 0.00232
7580.45166 0.001624
7582.64014 0.001826
7584.82910 0.001158
7587.04297 0.00081
8345.74707 0.0
