threeML/data/optical_filters/CAHA/ALHAMBRA-F365W_1.ecsv
# %ECSV 0.9
# ---
# datatype:
# - {name: wavelength, unit: Angstrom, datatype: float32}
# - {name: response, datatype: float32}
# meta: !!omap
# - {band_name: F365W_1}
# - {group_name: ALHAMBRA}
wavelength response
3135.60010 0.0
3484.00000 0.000781
3486.00000 0.001093
3488.00000 0.001455
3490.00000 0.002126
3492.00024 0.003064
3494.00000 0.004619
3496.00000 0.007114
3497.99976 0.010874
3500.00000 0.017587
3502.00000 0.026596
3503.99976 0.040432
3506.00000 0.060432
3507.99976 0.088025
3510.00000 0.125593
3512.00024 0.171946
3514.00000 0.227536
3516.00024 0.289392
3518.00000 0.359751
3520.00024 0.431808
3522.00000 0.502373
3523.99976 0.564686
3526.00000 0.607642
3527.99976 0.632171
3530.00000 0.632315
3532.00024 0.614509
3534.00000 0.583037
3536.00024 0.548902
3538.00000 0.515031
3540.00000 0.4883
3542.00024 0.467444
3544.00000 0.454264
3546.00000 0.448894
3547.99976 0.449175
3550.00000 0.456647
3552.00000 0.469305
3554.00000 0.484092
3556.00000 0.504456
3558.00000 0.524375
3560.00000 0.545856
3562.00024 0.565011
3564.00000 0.579483
3566.00024 0.593685
3568.00000 0.604025
3569.99976 0.613097
3572.00000 0.620638
3573.99976 0.626692
3576.00000 0.631348
3577.99976 0.635104
3580.00000 0.634483
3582.00024 0.632335
3584.00000 0.626392
3586.00024 0.617163
3588.00000 0.607239
3590.00024 0.594551
3592.00000 0.581671
3593.99976 0.572369
3596.00000 0.563545
3597.99976 0.557176
3600.00000 0.553563
3602.00000 0.550557
3604.00000 0.550899
3606.00000 0.548051
3608.00000 0.548344
3610.00000 0.545777
3612.00024 0.541967
3614.00000 0.539478
3616.00000 0.531468
3617.99976 0.521724
3620.00000 0.513742
3622.00000 0.506117
3624.00000 0.499832
3626.00000 0.495871
3628.00000 0.493548
3630.00000 0.494361
3632.00024 0.499933
3634.00000 0.507574
3636.00024 0.516065
3638.00000 0.530252
3639.99976 0.546842
3642.00000 0.56262
3643.99976 0.582133
3646.00000 0.601158
3647.99976 0.62192
3650.00000 0.640933
3652.00024 0.659247
3654.00000 0.676934
3656.00024 0.690605
3658.00000 0.70142
3660.00024 0.713677
3662.00000 0.71843
3663.99976 0.726046
3666.00000 0.72881
3667.99976 0.731788
3670.00000 0.734661
3672.00000 0.735188
3674.00000 0.737553
3676.00000 0.739124
3678.00000 0.735948
3680.00000 0.737778
3682.00024 0.735434
3684.00000 0.727754
3686.00000 0.721908
3687.99976 0.70913
3690.00000 0.694668
3692.00000 0.679749
3694.00000 0.658656
3696.00000 0.641745
3697.99976 0.621441
3700.00000 0.605913
3702.00024 0.589743
3704.00000 0.577316
3706.00024 0.569972
3708.00000 0.563413
3709.99976 0.563624
3712.00000 0.564369
3713.99976 0.571494
3716.00000 0.578068
3717.99976 0.587817
3720.00000 0.595951
3722.00024 0.605648
3724.00000 0.615167
3726.00024 0.620069
3728.00000 0.62388
3730.00000 0.626428
3732.00024 0.626937
3733.99976 0.628626
3736.00000 0.628564
3737.99976 0.629319
3740.00000 0.632668
3742.00000 0.63599
3744.00000 0.64122
3746.00000 0.646376
3748.00000 0.65278
3750.00000 0.65727
3752.00024 0.661023
3754.00000 0.66318
3756.00024 0.662743
3757.99976 0.660029
3759.99976 0.652311
3762.00000 0.6441
3763.99976 0.635438
3766.00000 0.626794
3767.99976 0.623792
3770.00000 0.618998
3772.00024 0.620896
3774.00000 0.624854
3776.00024 0.630909
3778.00000 0.632537
3780.00024 0.623862
3782.00000 0.598446
3783.99976 0.546367
3786.00000 0.472917
3787.99976 0.381107
3790.00000 0.28881
3792.00024 0.207494
3794.00000 0.145738
3796.00000 0.100515
3798.00000 0.07012
3800.00000 0.049063
3802.00024 0.034112
3804.00000 0.023997
3806.00000 0.016965
3807.99976 0.012052
3810.00000 0.008897
3812.00000 0.006498
3814.00000 0.004821
3816.00000 0.003573
3818.00000 0.002656
3820.00000 0.002032
3822.00024 0.001539
3824.00000 0.001183
3826.00024 0.000923
4208.60010 0.0
