threeML/data/optical_filters/CAHA/ALHAMBRA-F954W_1.ecsv
# %ECSV 0.9
# ---
# datatype:
# - {name: wavelength, unit: Angstrom, datatype: float32}
# - {name: response, datatype: float32}
# meta: !!omap
# - {band_name: F954W_1}
# - {group_name: ALHAMBRA}
wavelength response
8346.64453 0.0
9274.04980 0.003385
9276.25000 0.001892
9277.98242 0.002842
9279.73340 0.002281
9281.83008 0.002278
9283.56055 0.003934
9285.31152 0.00236
9287.04395 0.003294
9289.16699 0.003209
9290.89941 0.002195
9292.62988 0.004163
9294.38184 0.003464
9296.47754 0.003934
9298.21582 0.005645
9299.96094 0.004776
9301.70020 0.006016
9303.90039 0.008602
9305.54688 0.008469
9307.27930 0.011179
9309.01660 0.014444
9310.76172 0.016256
9312.50000 0.021597
9314.70117 0.029548
9316.43262 0.036383
9318.18359 0.046588
9319.91602 0.062494
9321.64844 0.081432
9323.48340 0.106374
9325.22754 0.136457
9327.04395 0.17215
9328.79590 0.217013
9330.71582 0.274171
9332.54590 0.330503
9334.46582 0.393104
9336.40039 0.455851
9338.39941 0.513521
9340.41602 0.564034
9342.42871 0.616725
9344.44727 0.646801
9346.54980 0.675511
9348.66602 0.699469
9350.66504 0.716391
9352.78125 0.728463
9354.88184 0.741839
9356.97852 0.751342
9359.09473 0.759233
9361.29590 0.768021
9363.39941 0.788209
9365.49512 0.795786
9367.61719 0.810638
9369.79785 0.830699
9371.91504 0.830623
9374.11523 0.852437
9376.29590 0.858678
9378.41211 0.87013
9380.61230 0.877728
9382.79883 0.881233
9385.00000 0.880834
9387.20117 0.88455
9389.29688 0.88476
9391.49707 0.880931
9393.69922 0.884581
9395.89941 0.88592
9398.09863 0.887954
9400.28027 0.883177
9402.48145 0.886376
9404.59570 0.890803
9406.78418 0.89117
9408.97656 0.895559
9411.17871 0.89359
9413.37793 0.897664
9415.58008 0.900562
9417.78027 0.900099
9419.96094 0.896856
9422.16211 0.900525
9424.36230 0.893336
9426.46484 0.90681
9428.66602 0.900244
9430.86719 0.90041
9433.06738 0.892997
9435.26562 0.89837
9437.44922 0.894504
9439.64844 0.895367
9441.84863 0.89009
9444.04883 0.89424
9446.25000 0.889835
9448.45117 0.890466
9450.63184 0.895281
9452.83301 0.888921
9454.94922 0.891073
9457.12793 0.886756
9459.33008 0.890991
9461.53027 0.88732
9463.73145 0.889329
9465.93066 0.890154
9468.11328 0.892885
9470.31348 0.886612
9472.51172 0.891513
9474.71387 0.897436
9476.91406 0.894851
9479.11523 0.894937
9481.21094 0.901041
9483.41211 0.894129
9485.61230 0.890653
9487.79883 0.893799
9490.00000 0.906209
9492.20117 0.893538
9494.39355 0.897721
9496.59473 0.90297
9498.78320 0.89594
9500.98438 0.888683
9503.18262 0.903205
9505.37695 0.885938
9507.57910 0.898424
9509.77930 0.898607
9511.96582 0.889184
9514.16602 0.890844
9516.36816 0.890708
9518.56152 0.886662
9520.76074 0.895235
9522.86523 0.887942
9525.06543 0.891947
9527.26562 0.879119
9529.44727 0.895262
9531.64844 0.889096
9533.84766 0.891435
9536.04688 0.887455
9538.25000 0.888371
9540.45020 0.891036
9542.62988 0.891243
9544.83105 0.890017
9547.03223 0.887544
9549.23242 0.889304
9551.43164 0.888115
9553.52832 0.887452
9555.73047 0.882589
9557.92871 0.887023
9560.11816 0.882592
9562.31055 0.88837
9564.51172 0.880352
9566.71191 0.882623
9568.91309 0.879683
9571.11426 0.880271
9573.29297 0.880613
9575.41699 0.874467
9577.61816 0.879585
9579.79785 0.880175
9582.00000 0.877412
9584.19922 0.879324
9586.40039 0.880759
9588.59961 0.878096
9590.69727 0.872609
9592.89844 0.875719
9595.09766 0.866766
9597.27930 0.858894
9599.47852 0.852468
9601.59473 0.835951
9603.78320 0.824409
9605.89941 0.81931
9608.09863 0.798338
9610.19531 0.795028
9612.29785 0.786793
9614.50000 0.778783
9616.59473 0.779213
9618.71094 0.776738
9620.91113 0.789567
9623.01465 0.788578
9625.11719 0.803053
9627.31055 0.801209
9629.41504 0.806491
9631.61523 0.786968
9633.70996 0.761553
9635.83301 0.713089
9637.92969 0.649729
9639.94824 0.575475
9641.96484 0.491585
9643.87988 0.415155
9645.79395 0.339045
9647.62988 0.271646
9649.56348 0.217187
9651.29590 0.168289
9653.13184 0.130597
9654.86426 0.101875
9656.70020 0.078963
9658.43066 0.061639
9660.18262 0.049534
9661.91504 0.039851
9663.66602 0.031212
9665.39844 0.024257
9667.12891 0.020923
9668.87988 0.017141
9670.61230 0.012363
9672.34961 0.010643
9674.46484 0.008472
9676.19922 0.005867
9677.92969 0.006637
9679.68066 0.004623
9681.78516 0.003554
9683.51562 0.004709
9685.26660 0.002698
9686.99902 0.002552
9688.73047 0.003564
9690.84570 0.001623
9692.57812 0.002618
9694.32910 0.001931
9696.06055 0.000852
10665.66699 0.0
