threeML/data/optical_filters/CAHA/ALHAMBRA-A708M.ecsv
# %ECSV 0.9
# ---
# datatype:
# - {name: wavelength, unit: Angstrom, datatype: float32}
# - {name: response, datatype: float32}
# meta: !!omap
# - {band_name: A708M}
# - {group_name: ALHAMBRA}
wavelength response
6180.20361 0.0
6866.89307 0.001046
6869.07910 0.000779
6871.29053 0.000249
6873.93701 0.00175
6876.12354 0.001484
6878.33447 0.001993
6880.52100 0.003109
6882.71533 0.003108
6885.38672 0.004689
6887.57324 0.007013
6889.75977 0.009079
6891.97070 0.012965
6894.15723 0.018429
6896.35205 0.02602
6898.66162 0.037027
6900.97998 0.052622
6903.28955 0.075483
6905.60742 0.110154
6908.02441 0.163358
6910.70410 0.246877
6913.58105 0.378093
6915.89893 0.504308
6918.44727 0.625263
6921.20117 0.688773
6923.87256 0.69033
6926.62646 0.664362
6929.30615 0.642027
6931.84619 0.629769
6934.50146 0.628561
6937.14844 0.635683
6939.82812 0.646623
6942.47510 0.659857
6945.13037 0.673536
6947.90869 0.686831
6950.55566 0.699285
6953.33447 0.709406
6956.11279 0.718123
6958.89160 0.724797
6961.66992 0.730148
6964.44873 0.734988
6967.32568 0.740047
6970.10449 0.741195
6972.88330 0.744206
6975.76855 0.744907
6978.54736 0.747634
6981.30127 0.74821
6984.21143 0.749702
6986.99023 0.751872
6989.86768 0.751982
6992.64600 0.753402
6995.53174 0.755996
6998.31055 0.756553
7001.19629 0.758056
7003.96680 0.758591
7006.85254 0.759339
7009.63135 0.759594
7012.51660 0.759782
7015.41895 0.760372
7018.19775 0.761722
7021.08350 0.761434
7023.86230 0.76045
7026.73975 0.760791
7029.62549 0.762586
7032.40430 0.760868
7035.29053 0.762663
7038.19238 0.761863
7040.97119 0.762334
7043.85742 0.761771
7046.73486 0.762302
7049.51367 0.763585
7052.39990 0.762635
7055.30176 0.762873
7058.08105 0.76195
7060.96680 0.762039
7063.85303 0.76341
7066.63184 0.76326
7069.50928 0.762571
7072.41992 0.76338
7075.17432 0.760555
7078.07715 0.761393
7080.85596 0.759659
7083.74219 0.758335
7086.62793 0.756227
7089.39893 0.755896
7092.28516 0.754149
7095.06396 0.753634
7097.95020 0.751944
7100.72949 0.749701
7103.63184 0.749292
7106.38672 0.749572
7109.29736 0.75037
7112.07666 0.750878
7114.95459 0.750644
7117.73389 0.750476
7120.61963 0.751236
7123.39893 0.752186
7126.28516 0.754118
7129.16309 0.758644
7131.94238 0.759923
7134.85352 0.762156
7137.73145 0.765044
7140.38770 0.767629
7142.69824 0.766249
7145.01709 0.766259
7147.33594 0.765034
7149.64648 0.763021
7151.94092 0.760971
7154.38330 0.757677
7156.70215 0.754875
7159.01270 0.750158
7161.30713 0.745914
7163.62598 0.740577
7165.94482 0.733357
7168.25586 0.725405
7170.57471 0.71571
7172.88574 0.705624
7175.17969 0.696652
7177.49902 0.689458
7179.81787 0.682802
7182.12891 0.674756
7184.44775 0.668013
7186.75830 0.665622
7189.07764 0.667266
7191.37207 0.667856
7193.69092 0.670946
7196.00195 0.67493
7198.19775 0.679726
7200.50830 0.685867
7202.82764 0.694351
7205.13818 0.701254
7207.45752 0.708608
7209.77686 0.715438
7212.19434 0.721724
7214.51367 0.727534
7216.82471 0.732389
7219.14355 0.735919
7221.43799 0.739359
7223.74902 0.738896
7226.06836 0.737358
7228.38770 0.731843
7230.69873 0.724772
7233.01758 0.713956
7235.32861 0.69079
7237.62354 0.649473
7240.30420 0.583117
7242.72217 0.483889
7245.04150 0.382472
7247.81299 0.270286
7250.46973 0.189012
7253.01904 0.13214
7255.33008 0.094395
7257.75635 0.068923
7259.96875 0.050285
7262.26367 0.037105
7264.46777 0.027255
7266.78711 0.020107
7268.97461 0.015119
7271.17090 0.011461
7273.37500 0.008338
7275.57080 0.005886
7278.21924 0.004555
7280.43164 0.003294
7282.61963 0.002386
7284.80713 0.002407
7287.58740 0.001429
7289.67627 0.00143
7291.86426 0.001479
8021.05078 0.0
