threeML/data/optical_filters/CAHA/ALHAMBRA-F396W_1.ecsv
# %ECSV 0.9
# ---
# datatype:
# - {name: wavelength, unit: Angstrom, datatype: float32}
# - {name: response, datatype: float32}
# meta: !!omap
# - {band_name: F396W_1}
# - {group_name: ALHAMBRA}
wavelength response
3367.80005 0.0
3742.00000 0.000922
3744.00000 0.001287
3746.00000 0.001876
3748.00000 0.002718
3750.00000 0.004052
3752.00024 0.006157
3754.00000 0.009584
3756.00024 0.015257
3757.99976 0.0246
3759.99976 0.039407
3762.00000 0.062159
3763.99976 0.096857
3766.00000 0.146365
3767.99976 0.212
3770.00000 0.293732
3772.00024 0.386873
3774.00000 0.480539
3776.00024 0.572
3778.00000 0.654597
3780.00024 0.7221
3782.00000 0.769003
3783.99976 0.796884
3786.00000 0.806882
3787.99976 0.807048
3790.00000 0.802
3792.00024 0.79934
3794.00000 0.797266
3796.00000 0.798682
3798.00000 0.803
3800.00000 0.805795
3802.00024 0.807934
3804.00000 0.808521
3806.00000 0.806131
3807.99976 0.800677
3810.00000 0.792316
3812.00000 0.782813
3814.00000 0.773382
3816.00000 0.765164
3818.00000 0.758385
3820.00000 0.75463
3822.00024 0.752067
3824.00000 0.753803
3826.00024 0.757174
3828.00000 0.761698
3829.99976 0.766795
3832.00000 0.771949
3833.99976 0.776248
3836.00000 0.782066
3837.99976 0.786391
3840.00000 0.78922
3842.00024 0.791619
3844.00000 0.794539
3846.00024 0.797349
3848.00000 0.799602
3850.00024 0.803429
3852.00000 0.806579
3853.99976 0.812163
3856.00000 0.818493
3857.99976 0.825039
3860.00000 0.831285
3862.00000 0.839943
3864.00000 0.84721
3866.00000 0.853719
3868.00000 0.859789
3870.00000 0.865269
3872.00024 0.868975
3874.00000 0.870739
3876.00000 0.87329
3877.99976 0.872086
3880.00000 0.871711
3882.00000 0.867656
3884.00000 0.864239
3886.00000 0.858808
3887.99976 0.853321
3890.00000 0.846678
3892.00024 0.83932
3894.00000 0.831058
3896.00024 0.824319
3898.00000 0.816692
3899.99976 0.809846
3902.00000 0.804859
3903.99976 0.800381
3906.00000 0.797395
3907.99976 0.796558
3910.00000 0.796746
3912.00024 0.799376
3914.00000 0.802311
3916.00024 0.807965
3918.00000 0.814661
3920.00024 0.823258
3922.00024 0.832194
3923.99976 0.840463
3926.00000 0.848516
3927.99976 0.856348
3930.00000 0.8631
3932.00000 0.867863
3934.00000 0.870717
3936.00000 0.86999
3938.00000 0.86777
3940.00000 0.863984
3942.00024 0.858564
3944.00000 0.8511
3946.00024 0.843056
3947.99976 0.834678
3950.00000 0.827739
3952.00000 0.820433
3953.99976 0.814984
3956.00000 0.810765
3957.99976 0.806755
3960.00000 0.805477
3962.00024 0.805303
3964.00000 0.805481
3966.00024 0.80734
3968.00000 0.810843
3970.00024 0.813208
3972.00000 0.816856
3973.99976 0.82078
3976.00000 0.824997
3977.99976 0.827453
3980.00000 0.8304
3982.00024 0.832507
3984.00000 0.834392
3986.00000 0.836737
3988.00000 0.838146
3990.00000 0.841126
3992.00024 0.843096
3994.00000 0.845802
3996.00000 0.849348
3997.99976 0.853111
4000.00000 0.858072
4002.00000 0.862082
4004.00000 0.866707
4006.00000 0.871206
4008.00000 0.874999
4010.00000 0.877169
4012.00024 0.879048
4014.00000 0.878497
4016.00024 0.875819
4018.00000 0.873163
4019.99976 0.868435
4022.00000 0.862256
4023.99976 0.85472
4026.00000 0.846737
4027.99976 0.839806
4030.00000 0.83287
4032.00024 0.826166
4034.00000 0.821278
4036.00024 0.818443
4038.00000 0.8175
4040.00024 0.8168
4042.00000 0.819433
4043.99976 0.823147
4046.00000 0.828291
4047.99976 0.834981
4050.00000 0.84079
4052.00000 0.847541
4054.00000 0.853675
4056.00000 0.858566
4058.00000 0.86227
4060.00000 0.862118
4062.00024 0.861847
4064.00000 0.858584
4066.00000 0.854021
4067.99976 0.848314
4070.00000 0.84249
4072.00000 0.836741
4074.00000 0.832891
4076.00000 0.829547
4078.00000 0.829864
4080.00000 0.832132
4082.00024 0.835808
4084.00000 0.840504
4086.00024 0.842248
4088.00000 0.836956
4089.99976 0.815993
4092.00000 0.771683
4093.99976 0.697996
4096.00000 0.600814
4098.00000 0.492541
4100.00000 0.381543
4102.00000 0.284356
4104.00000 0.202963
4106.00000 0.140698
4108.00000 0.096932
4110.00000 0.067459
4112.00000 0.047284
4114.00000 0.033056
4116.00000 0.0234
4118.00000 0.016554
4120.00000 0.011853
4122.00000 0.00856
4124.00000 0.006334
4126.00000 0.004718
4128.00000 0.003576
4130.00000 0.002697
4132.00000 0.002038
4134.00000 0.001569
4136.00000 0.001202
4137.99951 0.000943
4551.79932 0.0
