threeML/data/optical_filters/CAHA/ALHAMBRA-F923W_4.ecsv
# %ECSV 0.9
# ---
# datatype:
# - {name: wavelength, unit: Angstrom, datatype: float32}
# - {name: response, datatype: float32}
# meta: !!omap
# - {band_name: F923W_4}
# - {group_name: ALHAMBRA}
wavelength response
8073.77979 0.0
8970.86621 0.000411
8972.60547 0.00205
8974.33691 0.001765
8976.08789 0.001171
8978.18457 0.002991
8979.91602 0.002339
8981.66797 0.002458
8983.39941 0.003405
8985.50195 0.001984
8987.25293 0.00339
8988.98535 0.002741
8990.73633 0.002381
8992.91699 0.003973
8994.66895 0.002735
8996.31641 0.003305
8998.05371 0.003896
9000.25488 0.002491
9001.98633 0.003593
9003.71875 0.003425
9005.36426 0.002719
9007.11621 0.003818
9009.30371 0.003294
9011.04883 0.003289
9012.78711 0.004509
9014.43457 0.00398
9016.63379 0.004735
9018.36719 0.005807
9020.11719 0.004894
9021.84961 0.005803
9023.58789 0.007184
9025.23535 0.006379
9027.43555 0.008266
9029.16699 0.009582
9030.91895 0.009691
9032.65039 0.011817
9034.38184 0.014128
9036.50488 0.015318
9038.23633 0.019211
9039.96875 0.023033
9041.71973 0.025697
9043.45117 0.030597
9045.20312 0.037691
9046.93457 0.046055
9048.76953 0.056074
9050.50195 0.068124
9052.23438 0.085845
9054.06934 0.10851
9055.89844 0.139894
9057.73535 0.175372
9059.57129 0.227094
9061.48535 0.288042
9063.41797 0.371776
9065.52148 0.467114
9067.61816 0.586425
9069.73438 0.699632
9072.01855 0.797547
9073.75098 0.851157
9075.50195 0.879154
9077.31836 0.88875
9079.06934 0.88997
9080.80078 0.885423
9082.55273 0.870314
9084.36914 0.870135
9086.12109 0.858572
9087.85254 0.851483
9089.58398 0.858044
9091.33594 0.846135
9093.06738 0.852453
9095.45020 0.860469
9097.18750 0.860091
9098.93262 0.864524
9100.67188 0.874532
9102.50098 0.86884
9104.23242 0.88101
9105.98438 0.883315
9107.79980 0.881069
9109.55078 0.895091
9111.28223 0.88568
9113.11914 0.898542
9114.85156 0.891687
9116.60254 0.900096
9118.43750 0.894891
9120.16992 0.902473
9122.00000 0.897043
9123.73730 0.903746
9125.56641 0.897284
9127.29785 0.905631
9129.13477 0.897155
9130.88672 0.903979
9132.70215 0.89882
9134.45312 0.900389
9136.18457 0.901463
9138.02148 0.897828
9139.75391 0.900677
9141.58301 0.898716
9143.33398 0.897979
9145.15039 0.900069
9146.90234 0.897108
9148.73730 0.896472
9150.46973 0.89886
9152.29883 0.89282
9154.03711 0.899734
9155.86719 0.892059
9157.60449 0.898437
9159.43359 0.893711
9161.18457 0.896153
9163.00195 0.893706
9164.75391 0.894492
9166.58301 0.893698
9168.32129 0.893716
9170.05273 0.891389
9171.88281 0.895894
9173.63379 0.889132
9175.44922 0.899688
9177.20117 0.888107
9179.03711 0.900791
9180.76953 0.891673
9182.60449 0.896057
9184.33594 0.900649
9186.16602 0.892562
9188.00195 0.903705
9189.73340 0.899762
9191.57031 0.898067
9193.32031 0.906598
9195.13770 0.900321
9196.88281 0.904197
9198.71777 0.904716
9200.44922 0.90216
9202.28613 0.903629
9204.01758 0.90212
9205.85352 0.901443
9207.58496 0.897868
9209.42188 0.900213
9211.25098 0.898627
9212.98242 0.894942
9214.81836 0.898672
9216.56934 0.891734
9218.38574 0.898021
9220.13770 0.890106
9221.96680 0.896074
9223.69824 0.889353
9225.53516 0.891064
9227.26660 0.890376
9229.10156 0.886436
9230.93848 0.892303
9232.66992 0.883523
9234.42188 0.892045
9236.25098 0.885856
9238.06738 0.888564
9239.81836 0.889943
9241.65430 0.885359
9243.38574 0.893238
9245.21484 0.888583
9246.95410 0.891507
9248.78320 0.892515
9250.52148 0.890455
9252.35059 0.894055
9254.18750 0.891142
9255.91895 0.893524
9257.75391 0.894401
9259.50000 0.892922
9261.31641 0.896118
9263.06738 0.893324
9264.90332 0.897517
9266.73242 0.894031
9268.47070 0.895473
9270.30078 0.890784
9272.03223 0.893693
9273.86719 0.88257
9275.59863 0.890859
9277.43555 0.875362
9279.18750 0.883845
9281.00293 0.867297
9282.75391 0.868375
9284.58301 0.863803
9286.31641 0.847937
9288.15234 0.856739
9289.88379 0.839944
9291.63477 0.834669
9293.36621 0.835826
9295.20312 0.823485
9296.93457 0.826859
9299.21973 0.826878
9301.04883 0.814936
9302.80078 0.828195
9304.53223 0.812085
9306.26953 0.822634
9308.02148 0.825764
9309.75293 0.827891
9311.58301 0.831313
9313.32129 0.835588
9315.06641 0.837072
9316.88184 0.844138
9318.63379 0.843426
9320.36523 0.847755
9322.11621 0.845773
9323.93359 0.854158
9325.68457 0.84561
9327.51953 0.853491
9329.25098 0.848433
9330.98340 0.845826
9332.73438 0.847058
9334.57129 0.841604
9336.30273 0.849473
9338.03418 0.84159
9339.87109 0.843131
9341.60254 0.847306
9343.35352 0.84049
9345.18359 0.844158
9346.92090 0.849433
9348.65234 0.848948
9350.48242 0.853303
9352.23340 0.857204
9354.04980 0.85573
9355.80176 0.855978
9357.53320 0.838935
9359.36914 0.818201
9361.10156 0.778006
9362.75488 0.719771
9364.94922 0.611341
9367.14941 0.497595
9369.16699 0.384994
9371.18555 0.287664
9373.00195 0.210469
9374.93555 0.150945
9376.66699 0.109589
9378.50391 0.078877
9380.23535 0.056317
9381.98633 0.04142
9383.81641 0.029867
9385.55371 0.023047
9387.20117 0.017818
9389.03711 0.01285
9390.67090 0.009798
9392.86523 0.008292
9394.61621 0.005693
9396.35547 0.005386
9398.08691 0.005061
9399.73438 0.003329
9401.93457 0.003205
9403.66602 0.0029
9405.41699 0.001848
9407.14844 0.002576
9409.25195 0.001952
9411.00391 0.001685
9412.73535 0.002619
9414.48633 0.001607
9416.58301 0.001958
9418.32031 0.001684
9420.06641 0.000839
10362.07324 0.0
