threeML/data/optical_filters/CAHA/ALHAMBRA-A739M.ecsv
# %ECSV 0.9
# ---
# datatype:
# - {name: wavelength, unit: Angstrom, datatype: float32}
# - {name: response, datatype: float32}
# meta: !!omap
# - {band_name: A739M}
# - {group_name: ALHAMBRA}
wavelength response
6482.40430 0.0
7202.67139 0.001125
7204.88330 0.000814
7207.07080 0.001267
7209.25879 0.001434
7211.93945 0.0016
7214.12695 0.002531
7216.31494 0.002865
7218.52686 0.003701
7220.71436 0.005876
7222.90234 0.008248
7225.11426 0.01277
7227.30176 0.021045
7229.49756 0.035696
7231.80859 0.062652
7234.12793 0.113426
7236.67773 0.200202
7239.45752 0.321448
7241.76807 0.411221
7244.08740 0.473252
7246.50537 0.508832
7248.93164 0.530763
7251.47314 0.548783
7254.02246 0.567421
7256.57227 0.591006
7259.22021 0.616681
7261.77002 0.643876
7264.54980 0.670607
7267.20654 0.695811
7269.98633 0.7152
7272.75830 0.729358
7275.64502 0.733441
7278.42480 0.731228
7281.20508 0.729896
7284.09180 0.724438
7286.87158 0.722952
7289.65186 0.721231
7292.40723 0.722638
7295.18701 0.728131
7297.96729 0.732553
7300.84570 0.735972
7303.62598 0.73997
7306.53760 0.744164
7309.29297 0.747925
7312.19678 0.753373
7314.96045 0.758034
7317.86377 0.760759
7320.75098 0.761773
7323.53076 0.761578
7326.31104 0.764748
7328.62256 0.763805
7330.91748 0.765338
7333.23682 0.765297
7335.54834 0.766596
7337.86768 0.766554
7340.18750 0.766177
7342.49902 0.766015
7344.81836 0.764853
7347.23682 0.764596
7349.55664 0.764304
7351.86768 0.763545
7354.16260 0.763805
7356.48242 0.762461
7358.80225 0.762887
7361.11377 0.761535
7363.43311 0.761536
7365.74463 0.76119
7368.06445 0.760853
7370.48291 0.760831
7372.80273 0.760667
7375.12207 0.761439
7377.41748 0.760657
7379.72900 0.761581
7382.04883 0.76237
7384.36035 0.763703
7386.67969 0.764462
7388.99951 0.764688
7391.41797 0.765114
7393.73779 0.764915
7396.04980 0.764479
7398.36963 0.765019
7400.66455 0.764484
7402.97607 0.765913
7405.29590 0.76443
7407.61572 0.765312
7409.92725 0.764592
7412.24707 0.763751
7414.66602 0.762811
7416.98584 0.761859
7419.29736 0.762017
7421.61719 0.761631
7423.91260 0.761144
7426.23242 0.762104
7428.54395 0.762325
7430.86426 0.764436
7433.18408 0.76498
7435.60254 0.765047
7437.92236 0.76275
7440.23438 0.76167
7442.55420 0.761167
7444.86621 0.760077
7447.16162 0.759495
7449.48145 0.757415
7451.80127 0.756109
7454.11328 0.754778
7456.43311 0.754129
7458.85205 0.754212
7461.17188 0.752436
7463.48389 0.750316
7465.80371 0.746504
7468.12402 0.743633
7470.41943 0.741435
7472.73096 0.739696
7475.05127 0.738816
7477.36328 0.738533
7479.68311 0.739628
7482.00342 0.741309
7484.31543 0.740882
7486.61084 0.740181
7488.93066 0.738824
7491.24268 0.738718
7493.66992 0.739953
7495.98193 0.739417
7498.30176 0.739723
7500.62207 0.739067
7502.93408 0.739117
7505.25439 0.738583
7507.56641 0.737017
7509.86182 0.733081
7512.18213 0.725816
7514.50244 0.718114
7516.81445 0.711562
7519.13428 0.704593
7521.44678 0.697653
7523.76660 0.689399
7526.06250 0.680274
7528.38281 0.669641
7530.69482 0.656485
7533.35254 0.638344
7535.90332 0.604361
7538.44580 0.54418
7540.87305 0.458556
7543.18506 0.364243
7545.27490 0.275693
7547.92432 0.185485
7550.36816 0.125914
7552.79541 0.087364
7555.10791 0.060905
7557.42822 0.043449
7559.61670 0.031802
7561.83008 0.023031
7564.12598 0.017137
7566.33936 0.012623
7568.52832 0.00986
7570.71680 0.00759
7572.93066 0.005394
7575.11914 0.004009
7577.20947 0.003509
7579.99072 0.002268
7582.17920 0.001885
7584.39307 0.001859
7586.58203 0.001047
7588.66357 0.001118
8347.53027 0.0
