threeML/data/optical_filters/CAHA/ALHAMBRA-F644W_4.ecsv
# %ECSV 0.9
# ---
# datatype:
# - {name: wavelength, unit: Angstrom, datatype: float32}
# - {name: response, datatype: float32}
# meta: !!omap
# - {band_name: F644W_4}
# - {group_name: ALHAMBRA}
wavelength response
5622.88867 0.0
6247.65430 0.000936
6250.42969 0.001466
6252.51562 0.002075
6254.69971 0.001301
6256.90869 0.002318
6259.65967 0.002358
6261.86914 0.00264
6263.94580 0.004385
6266.13867 0.005192
6268.91406 0.007651
6271.09863 0.011699
6273.30762 0.016723
6275.49219 0.025142
6277.67627 0.039329
6279.88477 0.06199
6282.17676 0.097561
6284.49219 0.154107
6286.93115 0.240079
6289.57520 0.359718
6292.22803 0.509591
6295.23291 0.662889
6297.54102 0.755238
6299.96338 0.819207
6302.40234 0.857716
6304.81689 0.875631
6307.23975 0.880973
6309.77734 0.881002
6312.21631 0.880451
6314.73779 0.882439
6317.17627 0.884966
6319.59912 0.889137
6322.14453 0.894018
6324.55957 0.898246
6327.10498 0.900774
6329.64307 0.902966
6332.06543 0.902594
6334.61133 0.900213
6337.02588 0.901168
6339.57129 0.903309
6342.11816 0.902012
6344.53223 0.902738
6347.07861 0.904444
6349.51709 0.904929
6352.03857 0.906418
6354.58398 0.908316
6357.12256 0.910729
6359.54541 0.913694
6362.09131 0.915641
6364.62891 0.92012
6367.17480 0.922839
6369.72119 0.926345
6372.13525 0.923373
6374.68213 0.925444
6377.22754 0.923241
6379.77344 0.923333
6382.29541 0.923096
6384.83350 0.922323
6387.37891 0.922167
6389.92578 0.92176
6392.34033 0.920154
6394.88623 0.920954
6397.43213 0.91882
6399.97852 0.920021
6402.51660 0.918966
6405.06250 0.91873
6407.58447 0.91787
6410.13037 0.919421
6412.56982 0.919904
6415.09180 0.920892
6417.63721 0.922139
6420.18359 0.92179
6422.72998 0.92234
6425.26807 0.921744
6427.81396 0.923453
6430.33594 0.924501
6432.88184 0.925501
6435.42871 0.92604
6437.97461 0.92437
6440.51221 0.92595
6443.05908 0.927541
6445.58105 0.930582
6448.12744 0.932372
6450.67383 0.932388
6453.22070 0.932337
6455.75781 0.931933
6458.30469 0.931285
6460.95752 0.932746
6463.49609 0.931834
6466.04248 0.931936
6468.56396 0.93254
6471.11133 0.932675
6473.65723 0.93186
6476.20312 0.932892
6478.74170 0.928946
6481.28809 0.9271
6483.81006 0.926117
6486.35693 0.922287
6488.90332 0.921434
6491.44971 0.92068
6494.09473 0.921074
6496.64111 0.919245
6499.18750 0.919342
6501.73438 0.917352
6504.27246 0.915493
6506.79395 0.912102
6509.34180 0.911283
6511.88770 0.911819
6514.43457 0.912431
6516.98096 0.910608
6519.52002 0.906625
6522.04199 0.906095
6524.48096 0.904433
6527.02832 0.903773
6529.55029 0.903799
6532.09619 0.903179
6534.64355 0.906607
6537.18994 0.904864
6539.72852 0.905555
6542.27539 0.907149
6544.82129 0.910218
6547.34375 0.909331
6549.89062 0.908546
6552.43799 0.908929
6554.97607 0.909551
6557.52246 0.910798
6560.06982 0.910036
6562.59131 0.909284
6565.26221 0.911997
6567.80908 0.907604
6570.33057 0.908536
6572.87793 0.909781
6575.42480 0.90618
6577.97070 0.906261
6580.51025 0.903962
6583.05713 0.902585
6585.57910 0.902605
6588.12646 0.901618
6590.67285 0.899055
6593.22021 0.899515
6595.75879 0.898356
6598.30518 0.897948
6600.82764 0.895029
6603.37451 0.89206
6605.92139 0.887712
6608.46875 0.882855
6610.88428 0.874541
6613.43115 0.864739
6615.97070 0.852705
6618.39404 0.839902
6620.94092 0.829997
6623.35645 0.817963
6625.79688 0.818864
6628.34375 0.819999
6630.75928 0.828521
6633.18359 0.844196
6635.72168 0.862846
6638.26904 0.86319
6640.68506 0.829574
6643.12500 0.752279
6645.44287 0.640091
6647.62842 0.517605
6650.40527 0.375299
6653.05957 0.268671
6655.47510 0.187395
6657.79199 0.131437
6660.10059 0.091515
6662.41797 0.064469
6664.73535 0.04517
6667.50439 0.029201
6669.69775 0.020522
6671.88379 0.015253
6674.09473 0.011551
6676.28027 0.007583
6678.46582 0.005935
6681.13623 0.00496
6683.32959 0.003283
6685.51562 0.00306
6687.72656 0.003024
6689.91211 0.001792
6692.55811 0.001979
6694.76855 0.001644
6696.95410 0.000969
7366.64941 0.0
