threeML/data/optical_filters/CAHA/ALHAMBRA-F892W_1.ecsv
# %ECSV 0.9
# ---
# datatype:
# - {name: wavelength, unit: Angstrom, datatype: float32}
# - {name: response, datatype: float32}
# meta: !!omap
# - {band_name: F892W_1}
# - {group_name: ALHAMBRA}
wavelength response
7814.17432 0.0
8682.41602 0.001206
8684.16699 0.001934
8685.90039 0.00287
8688.09961 0.001203
8689.83203 0.002523
8691.47852 0.002195
8693.21680 0.001467
8695.41699 0.003574
8697.16309 0.002191
8698.90137 0.002923
8700.54785 0.00363
8702.74902 0.002385
8704.48047 0.003517
8706.21777 0.003102
8707.86621 0.002237
8709.61719 0.003832
8711.79785 0.003016
8713.54883 0.003833
8715.28125 0.004519
8716.93457 0.003024
8719.13477 0.004324
8720.86719 0.004328
8722.61914 0.003606
8724.34961 0.005169
8726.08203 0.005367
8728.19824 0.004766
8729.92871 0.006726
8731.66699 0.006725
8733.41309 0.006981
8735.15137 0.009341
8737.24805 0.009835
8738.99902 0.01179
8740.73047 0.01416
8742.46777 0.014972
8744.21289 0.0176
8745.95215 0.021387
8748.14648 0.025276
8749.88379 0.028833
8751.63477 0.036051
8753.36719 0.043829
8755.09863 0.051755
8756.84961 0.061642
8758.58203 0.074522
8760.41699 0.091243
8762.15039 0.110227
8763.97852 0.135276
8765.81543 0.164417
8767.65137 0.200739
8769.48047 0.238526
8771.40137 0.285064
8773.31543 0.336928
8775.24902 0.392201
8777.26660 0.453918
8779.26465 0.52086
8781.38086 0.583143
8783.48438 0.646349
8785.58105 0.713243
8787.78125 0.769193
8790.08008 0.82038
8792.26660 0.845746
8794.56543 0.860058
8796.29590 0.861835
8798.49805 0.854672
8800.22852 0.85219
8802.42871 0.830596
8804.71387 0.814358
8806.91602 0.799079
8809.20117 0.79014
8811.40137 0.776217
8813.60059 0.764024
8815.87988 0.760814
8818.08105 0.760707
8820.28125 0.753124
8822.48242 0.760445
8824.68164 0.760991
8826.88184 0.760998
8829.16699 0.773131
8831.36914 0.773146
8833.54883 0.783276
8835.84668 0.790496
8838.04785 0.800053
8840.22852 0.806022
8842.53418 0.814149
8844.81152 0.823708
8846.46582 0.831848
8848.75098 0.837574
8850.39844 0.848719
8852.68262 0.852658
8854.98242 0.865286
8857.26660 0.872969
8859.55176 0.875593
8861.84961 0.890098
8864.13477 0.893297
8866.51758 0.895235
8868.16602 0.906844
8870.53516 0.902526
8872.28027 0.913134
8874.01758 0.906403
8875.76270 0.91088
8877.50098 0.916707
8879.23340 0.905278
8880.98438 0.916711
8882.71582 0.911612
8884.44824 0.906115
8886.19922 0.916816
8887.93066 0.905694
8889.66309 0.904796
8891.41406 0.915485
8893.14648 0.903138
8894.89746 0.902351
8896.63477 0.911045
8898.36719 0.900975
8900.11914 0.903597
8902.39746 0.910429
8904.13477 0.896948
8905.87988 0.904821
8907.61914 0.904851
8909.34961 0.897238
8911.10059 0.909863
8912.83301 0.899378
8914.56543 0.907399
8916.31641 0.901044
8918.04785 0.9056
8919.88379 0.903564
8921.61621 0.903935
8923.36719 0.9012
8925.09863 0.903871
8926.83105 0.900192
8928.58203 0.904613
8930.31445 0.898273
8932.05176 0.903005
8933.79590 0.89996
8936.17871 0.9057
8937.91699 0.899255
8939.65039 0.898908
8941.40137 0.902576
8943.13184 0.896061
8944.86523 0.902406
8946.61621 0.896538
8948.34668 0.897725
8950.09863 0.900393
8951.83105 0.896133
8953.56152 0.899496
8955.31445 0.894031
8957.05176 0.894829
8959.43457 0.89119
8961.16602 0.897529
8962.89844 0.88989
8964.65039 0.89455
8966.38086 0.887152
8968.13184 0.891617
8969.86523 0.881666
8971.59570 0.885113
8973.34668 0.87845
8975.08008 0.87903
8976.81836 0.872166
8978.56152 0.867295
8980.29980 0.862213
8982.03320 0.855624
8984.33105 0.845845
8986.61621 0.846697
8988.90137 0.830845
8991.19922 0.821713
8993.48438 0.809301
8995.76270 0.804503
8997.41602 0.809913
8999.70215 0.795285
9002.00000 0.794892
9004.28516 0.796109
9005.93164 0.802514
9008.21680 0.801759
9010.51465 0.80933
9012.79980 0.818701
9014.53320 0.827534
9016.28418 0.834569
9018.01465 0.838351
9019.66309 0.85055
9022.05176 0.859152
9023.78418 0.859819
9025.51465 0.866923
9027.26660 0.867558
9028.99902 0.866739
9030.73047 0.865937
9032.48242 0.860977
9034.21289 0.856432
9035.96387 0.846715
9037.69727 0.836568
9039.98242 0.823946
9042.28027 0.805302
9044.56543 0.786687
9046.76465 0.765422
9048.49805 0.751886
9050.69824 0.727649
9052.98340 0.708348
9055.18262 0.687103
9057.38379 0.666679
9059.58398 0.648005
9061.68066 0.627164
9063.88086 0.604007
9065.98438 0.569719
9068.08105 0.535155
9070.19727 0.479842
9072.21387 0.416927
9074.21289 0.344632
9076.14746 0.271955
9077.98340 0.20898
9079.79883 0.154435
9081.63477 0.112134
9083.46387 0.080261
9085.21582 0.057679
9086.94824 0.041638
9089.14844 0.027177
9090.87988 0.019547
9092.61914 0.015242
9094.36328 0.011977
9096.10059 0.008305
9097.83301 0.007059
9099.48047 0.006324
9101.68066 0.003526
9103.43164 0.004071
9105.16406 0.003448
9106.89648 0.002101
9109.01758 0.002977
9110.75000 0.001929
9112.48242 0.001461
9114.23340 0.002657
9116.33008 0.001126
9118.06836 0.001805
9119.81152 0.001801
9121.54980 0.000789
10033.70508 0.0
