threeML/data/optical_filters/CAHA/ALHAMBRA-F706W_3.ecsv
# %ECSV 0.9
# ---
# datatype:
# - {name: wavelength, unit: Angstrom, datatype: float32}
# - {name: response, datatype: float32}
# meta: !!omap
# - {band_name: F706W_3}
# - {group_name: ALHAMBRA}
wavelength response
6184.16162 0.0
6871.29053 0.00072
6873.93652 0.002071
6876.12354 0.001756
6878.33398 0.002359
6880.52051 0.003679
6882.71533 0.003679
6885.38721 0.00555
6887.57324 0.008301
6889.75977 0.010746
6891.97070 0.015346
6894.15723 0.021814
6896.35205 0.0308
6898.66211 0.04383
6900.97949 0.062293
6903.28955 0.089358
6905.60742 0.130405
6908.02441 0.193395
6910.70361 0.29228
6913.58057 0.447641
6915.89893 0.597088
6918.44727 0.740317
6921.20117 0.815537
6923.87256 0.817404
6926.62646 0.78668
6929.30615 0.760256
6931.84619 0.745762
6934.50098 0.744353
6937.14795 0.75281
6939.82812 0.76579
6942.47510 0.781487
6945.12988 0.797714
6947.90918 0.813488
6950.55615 0.828267
6953.33398 0.840285
6956.11279 0.850642
6958.89160 0.85858
6961.66992 0.864951
6964.44922 0.870718
6967.32617 0.876747
6970.10400 0.87814
6972.88379 0.881742
6975.76855 0.882609
6978.54736 0.885875
6981.30127 0.886592
6984.21143 0.888396
6986.99023 0.891003
6989.86719 0.89117
6992.64648 0.892888
6995.53174 0.895998
6998.31006 0.896693
7001.19629 0.898511
7003.96680 0.899178
7006.85205 0.9001
7009.63184 0.900436
7012.51709 0.900694
7015.41846 0.901428
7018.19775 0.903062
7021.08350 0.902756
7023.86230 0.901624
7026.74023 0.902063
7029.62598 0.904228
7032.40479 0.902226
7035.29004 0.904393
7038.19287 0.903483
7040.97168 0.904079
7043.85693 0.90345
7046.73486 0.904121
7049.51367 0.905682
7052.39990 0.904597
7055.30225 0.904924
7058.08105 0.903871
7060.96680 0.904021
7063.85303 0.905692
7066.63232 0.905559
7069.50928 0.904788
7072.42041 0.905795
7075.17480 0.902489
7078.07666 0.903532
7080.85596 0.901523
7083.74219 0.900002
7086.62793 0.89755
7089.39893 0.897206
7092.28516 0.895184
7095.06445 0.894624
7097.95068 0.892671
7100.72949 0.890059
7103.63232 0.889629
7106.38721 0.890014
7109.29736 0.891017
7112.07617 0.891675
7114.95459 0.891455
7117.73389 0.891311
7120.62012 0.892272
7123.39893 0.893457
7126.28564 0.895812
7129.16357 0.901249
7131.94287 0.902827
7134.85303 0.905543
7137.73145 0.909037
7140.38770 0.912165
7142.69873 0.910577
7145.01709 0.910639
7147.33594 0.909234
7149.64648 0.906892
7151.94092 0.904506
7154.38281 0.900645
7156.70215 0.897364
7159.01318 0.891808
7161.30762 0.886813
7163.62598 0.880519
7165.94482 0.871985
7168.25537 0.86258
7170.57471 0.851102
7172.88574 0.839156
7175.18018 0.828535
7177.49902 0.820029
7179.81787 0.81216
7182.12891 0.802638
7184.44775 0.794665
7186.75830 0.791868
7189.07764 0.793873
7191.37207 0.794622
7193.69092 0.798348
7196.00146 0.803138
7198.19775 0.808891
7200.50830 0.81625
7202.82764 0.826396
7205.13867 0.834663
7207.45703 0.843467
7209.77637 0.85165
7212.19434 0.859186
7214.51367 0.866156
7216.82422 0.871988
7219.14355 0.876245
7221.43799 0.880394
7223.74951 0.879897
7226.06836 0.878121
7228.38770 0.871607
7230.69824 0.863241
7233.01758 0.850413
7235.32910 0.822874
7237.62354 0.773707
7240.30469 0.694713
7242.72217 0.576536
7245.04150 0.455734
7247.81299 0.322086
7250.46924 0.225255
7253.01904 0.157491
7255.33008 0.112513
7257.75635 0.082158
7259.96875 0.059946
7262.26318 0.044237
7264.46777 0.032496
7266.78711 0.023976
7268.97461 0.018029
7271.17090 0.013668
7273.37451 0.009944
7275.57080 0.00702
7278.21924 0.005434
7280.43164 0.003929
7282.61963 0.002847
7284.80762 0.002873
7287.58740 0.001705
7289.67676 0.001707
7291.86377 0.001765
7294.07666 0.001111
7296.26465 0.001111
7299.04443 0.000741
8028.94873 0.0
