threeML/data/optical_filters/CAHA/ALHAMBRA-A948M.ecsv
# %ECSV 0.9
# ---
# datatype:
# - {name: wavelength, unit: Angstrom, datatype: float32}
# - {name: response, datatype: float32}
# meta: !!omap
# - {band_name: A948M}
# - {group_name: ALHAMBRA}
wavelength response
8346.64453 0.0
9274.04980 0.001558
9276.25098 0.000869
9277.98242 0.001304
9279.73340 0.001045
9281.83008 0.001042
9283.56152 0.001798
9285.31348 0.001077
9287.04492 0.001501
9289.16699 0.00146
9290.89941 0.000997
9292.63086 0.001889
9294.38184 0.001569
9296.47852 0.001779
9298.21680 0.00255
9299.96191 0.002155
9301.69922 0.00271
9303.90039 0.003869
9305.54785 0.003804
9307.27930 0.005015
9309.01758 0.006471
9310.76172 0.007273
9312.50098 0.009649
9314.70117 0.013178
9316.43262 0.016205
9318.18457 0.020722
9319.91602 0.027759
9321.64746 0.036122
9323.48340 0.047117
9325.22852 0.06036
9327.04492 0.076039
9328.79590 0.095722
9330.71680 0.120751
9332.54590 0.145351
9334.46680 0.172619
9336.40039 0.199867
9338.39941 0.224795
9340.41699 0.246512
9342.42871 0.26911
9344.44727 0.281781
9346.54980 0.293796
9348.66602 0.303703
9350.66504 0.310554
9352.78027 0.315254
9354.88281 0.320503
9356.97949 0.324063
9359.09570 0.326912
9361.29590 0.330112
9363.39941 0.338217
9365.49512 0.340892
9367.61816 0.346662
9369.79883 0.354616
9371.91504 0.353978
9374.11523 0.36263
9376.29590 0.364641
9378.41211 0.368871
9380.61230 0.371429
9382.79980 0.372251
9385.00098 0.371419
9387.20117 0.372319
9389.29785 0.371773
9391.49805 0.369501
9393.69824 0.370368
9395.89941 0.370263
9398.09961 0.370447
9400.28027 0.367798
9402.48145 0.368467
9404.59668 0.369667
9406.78418 0.369157
9408.97852 0.370309
9411.17871 0.368829
9413.37988 0.369842
9415.58008 0.370366
9417.78027 0.369507
9419.96191 0.367515
9422.16211 0.368352
9424.36230 0.364749
9426.46582 0.36961
9428.66602 0.366269
9430.86621 0.365672
9433.06738 0.362003
9435.26758 0.36352
9437.44824 0.361304
9439.64941 0.360995
9441.84961 0.358215
9444.04980 0.35923
9446.25098 0.35681
9448.45117 0.356413
9450.63184 0.357693
9452.83301 0.354505
9454.94824 0.35474
9457.12988 0.352383
9459.33008 0.35342
9461.53027 0.351322
9463.73145 0.351474
9465.93164 0.351158
9468.11230 0.351597
9470.31348 0.348489
9472.51367 0.349775
9474.71387 0.351455
9476.91504 0.349802
9479.11523 0.349196
9481.21191 0.350965
9483.41211 0.347636
9485.61230 0.345651
9487.79980 0.34624
9490.00098 0.350405
9492.20117 0.344873
9494.39551 0.345856
9496.59570 0.347241
9498.78320 0.34391
9500.98340 0.340499
9503.18457 0.345427
9505.37793 0.338202
9507.57812 0.342336
9509.77930 0.341774
9511.96680 0.337568
9514.16699 0.337572
9516.36816 0.336895
9518.56152 0.334743
9520.76172 0.337351
9522.86523 0.334007
9525.06543 0.334887
9527.26562 0.329454
9529.44727 0.334881
9531.64746 0.331951
9533.84863 0.332199
9536.04883 0.330094
9538.24902 0.329812
9540.44922 0.330178
9542.63086 0.329635
9544.83105 0.328559
9547.03223 0.327025
9549.23242 0.327051
9551.43262 0.325992
9553.52930 0.325158
9555.72949 0.322759
9557.93066 0.323761
9560.11816 0.32153
9562.31152 0.323017
9564.51172 0.319487
9566.71289 0.319695
9568.91309 0.318017
9571.11426 0.317615
9573.29492 0.31713
9575.41699 0.314329
9577.61816 0.315556
9579.79883 0.31516
9581.99902 0.313559
9584.19922 0.31363
9586.40039 0.313529
9588.60059 0.311969
9590.69727 0.309442
9592.89746 0.309935
9595.09863 0.306164
9597.27930 0.302791
9599.47949 0.299933
9601.59570 0.293563
9603.78320 0.28894
9605.89941 0.286606
9608.09961 0.278715
9610.19531 0.277033
9612.29883 0.273641
9614.49902 0.270315
9616.59570 0.269949
9618.71191 0.268574
9620.91211 0.272462
9623.01465 0.271598
9625.11816 0.276052
9627.31152 0.274864
9629.41504 0.276143
9631.61523 0.268913
9633.71191 0.259726
9635.83398 0.242722
9637.93066 0.220727
9639.94824 0.195137
9641.96680 0.166379
9643.88086 0.140261
9645.79492 0.114344
9647.63086 0.091457
9649.56445 0.07299
9651.29590 0.056466
9653.13184 0.043744
9654.86426 0.034068
9656.69922 0.026361
9658.43164 0.020544
9660.18262 0.016482
9661.91504 0.013239
9663.66602 0.010352
9665.39746 0.008032
9667.12988 0.006916
9668.88086 0.005657
9670.61230 0.004073
9672.35059 0.003501
9674.46680 0.002781
9676.19824 0.001923
9677.93066 0.002172
9679.68164 0.00151
9681.78418 0.001159
9683.51562 0.001533
10651.86719 0.0
