threeML/data/optical_filters/CAHA/ALHAMBRA-F489W.ecsv
# %ECSV 0.9
# ---
# datatype:
# - {name: wavelength, unit: Angstrom, datatype: float32}
# - {name: response, datatype: float32}
# meta: !!omap
# - {band_name: F489W}
# - {group_name: ALHAMBRA}
wavelength response
4710.75879 0.0
4712.97607 0.007615
4715.09277 0.00533
4717.90088 0.009865
4720.01807 0.009837
4722.83496 0.007545
4725.05176 0.027849
4727.26904 0.025643
4729.51123 0.046449
4731.72803 0.09081
4734.41992 0.156345
4736.66211 0.287088
4738.87793 0.461247
4741.12109 0.596722
4743.33691 0.67667
4745.68799 0.694183
4747.90479 0.686692
4750.12207 0.689578
4752.36377 0.699337
4754.70605 0.702275
4756.93213 0.704825
4759.14893 0.714281
4761.49902 0.718171
4763.73291 0.708308
4765.95801 0.704944
4768.17480 0.699686
4770.51807 0.698127
4772.75977 0.696198
4774.97705 0.69485
4777.32812 0.707057
4779.54492 0.709905
4781.77002 0.71124
4784.00391 0.719896
4786.35498 0.72875
4788.57178 0.733341
4790.78906 0.728728
4793.14014 0.733618
4795.38184 0.734
4797.60010 0.732088
4799.95020 0.733595
4802.16699 0.728191
4804.41016 0.731601
4806.62695 0.733784
4808.97803 0.735831
4811.19482 0.734814
4813.41309 0.737502
4815.76318 0.741306
4817.99805 0.746491
4820.22314 0.749452
4822.56592 0.753647
4824.79102 0.757367
4827.02490 0.755227
4829.35205 0.758969
4831.59424 0.755423
4833.81201 0.762301
4836.16309 0.769209
4838.37988 0.775717
4840.72998 0.785268
4842.97412 0.790497
4845.29883 0.795572
4847.53418 0.802376
4849.75977 0.806885
4852.10205 0.805855
4854.32812 0.805387
4856.56201 0.797809
4858.91309 0.789618
4861.13086 0.789633
4863.34912 0.787792
4865.70020 0.783944
4867.94189 0.785034
4870.16016 0.785417
4872.51123 0.787056
4874.72900 0.790082
4877.08008 0.796501
4879.29785 0.797313
4881.54102 0.795938
4883.86719 0.79743
4886.10205 0.805429
4888.45312 0.802888
4890.67090 0.808936
4893.02197 0.814749
4895.24023 0.82479
4897.59082 0.828642
4899.80908 0.832228
4902.05176 0.833912
4904.39502 0.831062
4906.62109 0.824599
4908.96387 0.817487
4911.18213 0.81463
4913.53320 0.809495
4915.75098 0.811613
4918.10303 0.809053
4920.34619 0.808809
4922.56299 0.803545
4924.90723 0.795032
4927.13281 0.789763
4929.47607 0.790723
4931.70312 0.793351
4934.04492 0.794209
4936.28906 0.793957
4938.64014 0.790416
4940.85791 0.786886
4943.20215 0.791122
4945.42822 0.7968
4947.77100 0.808403
4949.98877 0.817707
4952.34082 0.816848
4954.58398 0.815195
4956.91113 0.820337
4959.15381 0.827361
4961.49805 0.83152
4963.72412 0.83047
4966.06689 0.822242
4968.41895 0.81968
4970.63721 0.822683
4972.98877 0.825453
4975.20703 0.830015
4977.55078 0.832337
4979.77686 0.830904
4982.12109 0.825506
4984.36377 0.824891
4986.69092 0.825291
4989.04297 0.817008
4991.28613 0.810521
4993.62988 0.812756
4995.84814 0.816735
4998.20020 0.824259
5000.55176 0.825566
5002.77002 0.823806
5005.11377 0.826148
5007.46582 0.829122
5009.68506 0.821194
5012.03613 0.822915
5014.37988 0.824175
5016.60693 0.832511
5018.95020 0.834684
5021.30322 0.826879
5023.52100 0.823408
5025.87305 0.821862
5028.09082 0.818279
5030.44385 0.815687
5032.78809 0.819767
5035.00586 0.819744
5037.35791 0.815386
5039.70996 0.802962
5042.05420 0.802141
5044.27295 0.80851
5046.62500 0.810883
5048.97705 0.807408
5051.19580 0.810184
5053.54004 0.805147
5055.89209 0.799223
5058.11084 0.801054
5060.46289 0.808863
5062.81494 0.796242
5065.03418 0.789608
5067.37793 0.783645
5069.72998 0.781922
5072.08301 0.781471
5074.30176 0.790969
5076.64502 0.789032
5078.99805 0.786407
5081.21680 0.792941
5083.56885 0.79261
5085.91309 0.781699
5088.15723 0.76188
5090.48389 0.688022
5092.83691 0.562666
5095.08105 0.416605
5097.29980 0.280752
5099.51904 0.180088
5102.33789 0.094815
5104.55811 0.062272
5106.80176 0.044864
5109.02100 0.024521
5111.14014 0.02397
5113.95898 0.013022
5116.17920 0.003497
5118.42285 0.01077
5120.64209 0.004514
5123.33594 0.004129
5125.57324 0.008959
5127.79980 0.001373
5130.01904 0.002385
5132.26318 0.008501
5134.95020 0.0
