threeML/data/optical_filters/CAHA/ALHAMBRA-J.ecsv
# %ECSV 0.9
# ---
# datatype:
# - {name: wavelength, unit: Angstrom, datatype: float32}
# - {name: response, datatype: float32}
# meta: !!omap
# - {band_name: J}
# - {group_name: ALHAMBRA}
wavelength response
9267.12012 0.0
10296.79980 0.001527
10558.90039 0.002723
10656.09961 0.003555
10706.79980 0.010939
10737.70020 0.020716
10755.79980 0.037136
10779.40039 0.07115
10799.79980 0.131225
10818.29980 0.231318
10836.50000 0.357494
10854.40039 0.50065
10876.29980 0.671699
10882.79980 0.722669
10892.09961 0.76393
10901.59961 0.796087
10911.20020 0.819754
10918.09961 0.830078
10929.29980 0.833747
10947.70020 0.829543
10963.29980 0.822295
10981.70020 0.818091
11005.59961 0.823002
11030.79980 0.835787
11057.40039 0.845553
11082.70020 0.850452
11129.20020 0.852993
11194.00000 0.854953
11220.79980 0.851991
11243.50000 0.846578
11267.50000 0.841177
11288.59961 0.838191
11318.29980 0.835833
11347.90039 0.838932
11390.00000 0.848116
11440.59961 0.862178
11478.50000 0.871374
11512.29980 0.875681
11564.40039 0.878837
11615.09961 0.880774
11668.59961 0.886347
11719.29980 0.890095
11758.70020 0.890187
11809.59961 0.882415
11843.50000 0.869767
11871.90039 0.85223
11898.90039 0.834112
11923.00000 0.820825
11951.40039 0.81057
11973.90039 0.808815
12004.79980 0.818581
12039.79980 0.843524
12063.50000 0.866007
12091.29980 0.889731
12117.90039 0.909193
12141.70020 0.918344
12164.20020 0.922024
12202.40039 0.916053
12239.20020 0.902186
12274.50000 0.893172
12304.20020 0.889594
12332.29980 0.891486
12357.59961 0.895178
12380.20020 0.89887
12422.29980 0.906846
12467.29980 0.914219
12502.50000 0.919757
12539.09961 0.922867
12581.40039 0.921158
12606.90039 0.912111
12646.59961 0.890984
12679.20020 0.871647
12704.79980 0.855933
12727.50000 0.84447
12757.09961 0.840892
12786.59961 0.847022
12817.40039 0.863465
12846.79980 0.884147
12874.70020 0.906652
12906.90039 0.923699
12937.79980 0.92983
12967.50000 0.923232
12997.29980 0.905103
13031.40039 0.881538
13057.00000 0.861585
13082.59961 0.847091
13116.59961 0.834431
13153.29980 0.829053
13191.40039 0.827309
13216.79980 0.818273
13233.90039 0.804371
13245.40039 0.789239
13261.29980 0.756524
13281.79980 0.68804
13299.90039 0.591069
13313.59961 0.511042
13327.29980 0.424372
13347.09961 0.304337
13368.09961 0.198273
13381.40039 0.147964
13394.50000 0.115249
13409.00000 0.084346
13421.90039 0.063766
13440.50000 0.043802
13460.40039 0.0299
13488.70020 0.017218
13519.79980 0.009401
13560.70020 0.004638
13615.70020 0.001128
13832.79980 0.00041
15216.08008 0.0
