threeML/data/optical_filters/CAHA/ALHAMBRA-F706W_1.ecsv
# %ECSV 0.9
# ---
# datatype:
# - {name: wavelength, unit: Angstrom, datatype: float32}
# - {name: response, datatype: float32}
# meta: !!omap
# - {band_name: F706W_1}
# - {group_name: ALHAMBRA}
wavelength response
6180.51416 0.0
6867.23779 0.000864
6869.42383 0.001641
6872.20215 0.001383
6874.41309 0.001985
6876.47705 0.002648
6878.68701 0.00279
6880.87402 0.003995
6883.65186 0.005749
6885.83887 0.007478
6888.04883 0.011313
6890.23584 0.016181
6892.42188 0.022702
6894.63379 0.032536
6896.95117 0.047021
6899.13818 0.068654
6901.45605 0.100766
6903.87305 0.14783
6906.42090 0.21937
6909.06689 0.330432
6911.27881 0.446999
6913.59717 0.593273
6916.12109 0.735187
6918.89893 0.820668
6921.56982 0.830916
6924.32422 0.803041
6927.00391 0.772757
6929.65088 0.755718
6932.30615 0.750119
6934.97803 0.757365
6937.52588 0.769728
6940.27979 0.786753
6942.95117 0.803783
6945.70605 0.819353
6948.38477 0.83522
6951.15479 0.848024
6953.91699 0.857353
6956.69580 0.864512
6959.59814 0.870469
6962.35205 0.875912
6965.13086 0.880973
6967.90918 0.884403
6970.79395 0.88611
6973.57324 0.887658
6976.45898 0.890011
6979.22900 0.890864
6982.14014 0.893684
6984.89307 0.894509
6987.79590 0.896681
6990.57422 0.8969
6993.45898 0.8995
6996.23877 0.900815
6999.12500 0.902732
7001.90186 0.904497
7004.77979 0.904557
7007.66602 0.904793
7010.44385 0.905331
7013.34717 0.905711
7016.23193 0.907537
7019.01123 0.907306
7021.89697 0.907175
7024.77393 0.907813
7027.55322 0.908427
7030.46387 0.907453
7033.34082 0.908513
7036.12012 0.90904
7039.00586 0.909782
7041.89209 0.907625
7044.66992 0.909878
7047.54785 0.91018
7050.45898 0.909737
7053.22900 0.909658
7056.11523 0.910646
7058.89404 0.911486
7061.21289 0.910775
7063.50684 0.911987
7065.81689 0.911036
7068.13623 0.911448
7070.45508 0.910507
7072.76514 0.910218
7075.08398 0.908062
7077.37695 0.907838
7079.68799 0.907643
7082.12988 0.905226
7084.44922 0.903913
7086.74316 0.902669
7089.06201 0.901933
7091.37207 0.900117
7093.68994 0.897708
7096.00098 0.897304
7098.31982 0.895427
7100.61279 0.895469
7103.05615 0.894674
7105.37500 0.894291
7107.68506 0.895567
7109.97900 0.895439
7112.29785 0.897127
7114.60791 0.897154
7116.92676 0.897931
7119.24707 0.899103
7121.55713 0.899273
7123.85107 0.901293
7126.16992 0.904787
7128.61182 0.909662
7130.92188 0.910717
7133.21680 0.911878
7135.53613 0.915961
7137.85400 0.918298
7140.16504 0.918695
7142.48389 0.916934
7144.79395 0.916358
7147.08887 0.91322
7149.53076 0.910584
7151.85010 0.906493
7154.16895 0.901775
7156.46289 0.897561
7158.77393 0.891567
7161.09277 0.885914
7163.40283 0.878264
7165.72314 0.869651
7168.04102 0.860104
7170.33594 0.848536
7172.64600 0.837561
7174.96484 0.827361
7177.28516 0.819319
7179.59521 0.813313
7181.91406 0.805838
7184.22510 0.799751
7186.52002 0.798972
7188.83887 0.802876
7191.15723 0.806254
7193.46924 0.811815
7195.78809 0.818185
7198.09814 0.825665
7200.41699 0.834427
7202.71191 0.844875
7205.03076 0.853377
7207.34180 0.862882
7209.66113 0.869534
7211.97217 0.876394
7214.29102 0.881437
7216.60986 0.885637
7218.90479 0.888688
7221.21582 0.889842
7223.53516 0.888168
7225.84619 0.884739
7228.16504 0.875518
7230.58301 0.863998
7232.90186 0.839551
7235.08984 0.793774
7238.00098 0.702588
7240.52490 0.579688
7242.83691 0.451012
7244.92578 0.343184
7247.59912 0.236653
7250.12402 0.164275
7252.56592 0.115489
7254.88477 0.083456
7257.18018 0.060795
7259.39307 0.044704
7261.70410 0.033329
7263.89209 0.025012
7266.08691 0.019141
7268.29199 0.014646
7270.48779 0.010716
7272.67578 0.007698
7275.45605 0.00594
7277.66797 0.004265
7279.85498 0.003132
7282.04297 0.002933
7284.13184 0.002163
7286.90381 0.001676
7289.10010 0.001933
7291.30420 0.00111
7293.50000 0.001168
7296.14795 0.001054
7298.36084 0.000513
8028.19678 0.0
