threeML/data/optical_filters/CAHA/ALHAMBRA-F954W_2.ecsv
# %ECSV 0.9
# ---
# datatype:
# - {name: wavelength, unit: Angstrom, datatype: float32}
# - {name: response, datatype: float32}
# meta: !!omap
# - {band_name: F954W_2}
# - {group_name: ALHAMBRA}
wavelength response
8334.36914 0.0
9260.41016 0.000552
9262.06348 0.002684
9264.26562 0.001417
9265.99707 0.00197
9267.74805 0.002994
9269.38281 0.001572
9271.58203 0.002683
9273.32715 0.001967
9275.06543 0.001417
9276.71289 0.003155
9278.91309 0.001891
9280.64551 0.002673
9282.38379 0.0033
9284.12891 0.001732
9286.23145 0.003612
9287.96289 0.002585
9289.71387 0.002349
9291.44531 0.003529
9293.54883 0.002752
9295.30078 0.004019
9297.03223 0.004086
9298.76367 0.003449
9300.87988 0.005196
9302.61133 0.00476
9304.36328 0.00449
9306.09473 0.006887
9307.83203 0.007123
9309.94824 0.009501
9311.68066 0.012628
9313.41211 0.013502
9315.16406 0.017742
9316.89551 0.022548
9318.63379 0.026715
9320.82715 0.035255
9322.57812 0.046262
9324.30957 0.060125
9326.04883 0.074458
9327.80078 0.094886
9329.61621 0.121061
9331.36133 0.156058
9333.19629 0.194304
9335.03320 0.240053
9336.94727 0.293297
9338.78320 0.348014
9340.69727 0.406113
9342.71484 0.47102
9344.62988 0.52504
9346.64844 0.57781
9348.66602 0.628251
9350.76270 0.664846
9352.87891 0.695336
9354.88281 0.721065
9356.99902 0.742897
9359.09570 0.754399
9361.19922 0.765903
9363.39941 0.796989
9365.51562 0.802308
9367.61133 0.815591
9369.81250 0.841615
9371.91504 0.842603
9374.11523 0.865651
9376.31641 0.870976
9378.51660 0.886475
9380.69727 0.893459
9382.81348 0.895316
9384.99414 0.89524
9387.19531 0.898495
9389.39551 0.895438
9391.59473 0.887462
9393.79688 0.890419
9395.99707 0.890947
9398.17773 0.889544
9400.37793 0.881791
9402.57910 0.885223
9404.68164 0.890399
9406.88184 0.889333
9409.08301 0.892491
9411.28320 0.892564
9413.47656 0.897579
9415.66504 0.900516
9417.86523 0.898984
9420.06641 0.899757
9422.26562 0.903466
9424.46680 0.901343
9426.66113 0.910114
9428.84863 0.905877
9430.96484 0.906747
9433.24902 0.902295
9435.45020 0.907937
9437.64453 0.905599
9439.84375 0.905868
9442.03125 0.900925
9444.14746 0.905919
9446.43262 0.899318
9448.52930 0.901934
9450.73047 0.907555
9452.93066 0.9011
9455.13086 0.901875
9457.33203 0.896519
9459.51172 0.901891
9461.71289 0.898751
9463.91309 0.899375
9466.11426 0.898217
9468.31445 0.899223
9470.51465 0.894813
9472.69629 0.89925
9474.89648 0.900892
9477.09766 0.895332
9479.29785 0.895897
9481.49707 0.903422
9483.67871 0.898108
9485.87891 0.891262
9488.08008 0.889914
9490.28027 0.903141
9492.48145 0.892779
9494.68164 0.896399
9496.86328 0.898596
9499.06348 0.890953
9501.26270 0.884755
9503.36719 0.899361
9505.56055 0.883955
9507.76074 0.894275
9509.96191 0.894073
9512.16211 0.887118
9514.34961 0.890394
9516.54980 0.893026
9518.74414 0.888055
9520.94531 0.895061
9523.14453 0.890374
9525.34570 0.895801
9527.53320 0.888321
9529.72754 0.899002
9531.92773 0.894476
9534.12793 0.897047
9536.32910 0.895915
9538.51660 0.897167
9540.71680 0.898162
9542.91016 0.897904
9545.11133 0.898011
9547.31152 0.90082
9549.51172 0.899693
9551.69922 0.900436
9553.89355 0.898261
9556.09473 0.898042
9558.29492 0.900453
9560.39844 0.896391
9562.69629 0.901446
9564.88379 0.895997
9567.00000 0.897364
9569.17969 0.893199
9571.38086 0.892143
9573.58105 0.894474
9575.78223 0.889956
9577.98242 0.890056
9580.18262 0.8911
9582.36426 0.889513
9584.56445 0.891962
9586.76562 0.896749
9588.96582 0.891008
9591.16602 0.888859
9593.36719 0.897522
9595.54785 0.88971
9597.74805 0.886853
9599.94824 0.885185
9602.04395 0.871826
9604.24609 0.864745
9606.44531 0.862152
9608.64648 0.842214
9610.75000 0.838855
9612.94922 0.830453
9615.14355 0.818409
9617.24707 0.816138
9619.44727 0.809908
9621.55078 0.811854
9623.66602 0.809073
9625.84668 0.815393
9627.96289 0.817206
9630.16309 0.825068
9632.26660 0.818834
9634.46680 0.817792
9636.56250 0.796802
9638.76367 0.768887
9640.86621 0.718216
9642.87891 0.65602
9644.98145 0.57863
9646.99902 0.490873
9648.93262 0.406664
9650.84668 0.329415
9652.68359 0.263982
9654.51270 0.212708
9656.32812 0.166356
9658.16504 0.130657
9659.91602 0.101849
9661.64844 0.079889
9663.47754 0.063139
9665.21484 0.049799
9666.96680 0.039938
9668.69824 0.029576
9670.43066 0.023099
9672.18164 0.019595
9673.91406 0.015101
9676.01660 0.010494
9677.76172 0.010424
9679.49902 0.007316
9681.23047 0.006106
9682.98242 0.006332
9685.07812 0.003855
9686.81055 0.004173
9688.56152 0.004339
9690.30078 0.002322
9692.39648 0.00354
9694.14844 0.002317
9695.87988 0.001239
9697.63086 0.002944
9699.81250 0.001238
9701.46484 0.002475
9703.21582 0.00256
9704.94922 0.001162
9707.14941 0.002474
9708.79688 0.001393
9710.52832 0.001242
9712.72852 0.002858
9714.46680 0.000775
10685.91309 0.0
