threeML/data/optical_filters/CAHA/ALHAMBRA-Ks.ecsv
# %ECSV 0.9
# ---
# datatype:
# - {name: wavelength, unit: Angstrom, datatype: float32}
# - {name: response, datatype: float32}
# meta: !!omap
# - {band_name: Ks}
# - {group_name: ALHAMBRA}
wavelength response
17352.90039 0.0
19281.00000 0.00095
19286.00000 0.00203
19291.00000 0.00203
19296.00000 0.00197
19301.00000 0.00196
19306.00000 0.00205
19311.00000 0.00159
19316.00000 0.00207
19321.00000 0.0017
19326.00000 0.00197
19331.00000 0.00209
19336.00000 0.00219
19341.00000 0.00218
19346.00000 0.00214
19351.00000 0.00249
19356.00000 0.00237
19361.00000 0.00232
19366.00000 0.00257
19371.00000 0.00287
19376.00000 0.0027
19381.00000 0.00304
19386.00000 0.00346
19391.00000 0.00341
19396.00000 0.00343
19401.00000 0.00332
19406.00000 0.00361
19411.00000 0.00313
19416.00000 0.00381
19421.00000 0.00349
19426.00000 0.00354
19431.00000 0.00411
19436.00000 0.00415
19441.00000 0.00424
19446.00000 0.0049
19451.00000 0.00439
19456.00000 0.00506
19461.00000 0.00566
19466.00000 0.00497
19471.00000 0.00548
19476.00000 0.00536
19481.00000 0.00576
19486.00000 0.00615
19491.00000 0.00681
19496.00000 0.00635
19501.00000 0.00683
19506.00000 0.00737
19511.00000 0.0075
19516.00000 0.00665
19521.00000 0.00835
19526.00000 0.00875
19531.00000 0.00844
19536.00000 0.00944
19541.00000 0.00878
19546.00000 0.0099
19551.00000 0.01017
19556.00000 0.01017
19561.00000 0.0112
19566.00000 0.01127
19571.00000 0.01178
19576.00000 0.01294
19581.00000 0.01284
19586.00000 0.01362
19591.00000 0.01347
19596.00000 0.01454
19601.00000 0.01541
19606.00000 0.01595
19611.00000 0.01703
19616.00000 0.01802
19621.00000 0.01836
19626.00000 0.01869
19631.00000 0.01995
19636.00000 0.02128
19641.00000 0.02144
19646.00000 0.02233
19651.00000 0.02348
19656.00000 0.02476
19661.00000 0.02625
19666.00000 0.02702
19671.00000 0.02824
19676.00000 0.02982
19681.00000 0.0308
19686.00000 0.03172
19691.00000 0.03378
19696.00000 0.03525
19701.00000 0.03762
19706.00000 0.03893
19711.00000 0.04082
19716.00000 0.04252
19721.00000 0.04455
19726.00000 0.04614
19731.00000 0.04851
19736.00000 0.05097
19741.00000 0.05381
19746.00000 0.05547
19751.00000 0.05864
19756.00000 0.06107
19761.00000 0.06394
19766.00000 0.06722
19771.00000 0.07029
19776.00000 0.07338
19781.00000 0.0772
19786.00000 0.08001
19791.00000 0.08414
19796.00000 0.08858
19801.00000 0.09301
19806.00000 0.09729
19811.00000 0.10167
19816.00000 0.10611
19821.00000 0.11101
19826.00000 0.11672
19831.00000 0.12266
19836.00000 0.12844
19841.00000 0.1333
19846.00000 0.13989
19851.00000 0.14607
19856.00000 0.15259
19861.00000 0.16075
19866.00000 0.16778
19871.00000 0.17505
19876.00000 0.183
19881.00000 0.19045
19886.00000 0.19942
19891.00000 0.20828
19896.00000 0.21802
19901.00000 0.22761
19906.00000 0.23678
19911.00000 0.24679
19916.00000 0.25662
19921.00000 0.26818
19926.00000 0.28022
19931.00000 0.29149
19936.00000 0.30256
19941.00000 0.3141
19946.00000 0.32671
19951.00000 0.33989
19956.00000 0.35257
19961.00000 0.36672
19966.00000 0.37971
19971.00000 0.39224
19976.00000 0.40586
19981.00000 0.42014
19986.00000 0.43534
19991.00000 0.44972
19996.00000 0.46371
20001.00000 0.47733
20006.00000 0.49127
20011.00000 0.50603
20016.00000 0.52137
20021.00000 0.53618
20026.00000 0.54998
20031.00000 0.56344
20036.00000 0.57699
20041.00000 0.59119
20046.00000 0.60356
20051.00000 0.61841
20056.00000 0.63243
20061.00000 0.64436
20066.00000 0.65563
20071.00000 0.66791
20076.00000 0.68042
20081.00000 0.6919
20086.00000 0.70315
20091.00000 0.71335
20096.00000 0.72292
20101.00000 0.73287
20106.00000 0.74203
20111.00000 0.75106
20116.00000 0.76015
20121.00000 0.76812
20126.00000 0.7743
20131.00000 0.78094
20136.00000 0.78733
20141.00000 0.7936
20146.00000 0.79954
20151.00000 0.80449
20156.00000 0.80822
20161.00000 0.81268
20166.00000 0.81577
20171.00000 0.81891
20176.00000 0.82218
20181.00000 0.82482
20186.00000 0.82672
20191.00000 0.82812
20196.00000 0.83003
20201.00000 0.8306
20206.00000 0.83211
20211.00000 0.83317
20216.00000 0.83345
20221.00000 0.83413
20226.00000 0.83375
20231.00000 0.83448
20236.00000 0.83422
20241.00000 0.83396
20246.00000 0.83422
20251.00000 0.83459
20256.00000 0.83466
20261.00000 0.83588
20266.00000 0.83568
20271.00000 0.83596
20276.00000 0.83636
20281.00000 0.83694
20286.00000 0.83845
20291.00000 0.83894
20296.00000 0.83962
20301.00000 0.84068
20306.00000 0.84246
20311.00000 0.84401
20316.00000 0.84476
20321.00000 0.84643
20326.00000 0.84801
20331.00000 0.84938
20336.00000 0.8512
20341.00000 0.85292
20346.00000 0.85414
20351.00000 0.8559
20356.00000 0.85749
20361.00000 0.85893
20366.00000 0.86016
20371.00000 0.8612
20376.00000 0.86257
20381.00000 0.86344
20386.00000 0.86392
20391.00000 0.86524
20396.00000 0.86484
20401.00000 0.86495
20406.00000 0.86443
20411.00000 0.86434
20416.00000 0.86431
20421.00000 0.8633
20426.00000 0.86234
20431.00000 0.86098
20436.00000 0.86006
20441.00000 0.85868
20446.00000 0.85769
20451.00000 0.85497
20456.00000 0.85358
20461.00000 0.85123
20466.00000 0.84901
20471.00000 0.84751
20476.00000 0.84492
20481.00000 0.84278
20486.00000 0.84159
20491.00000 0.83955
20496.00000 0.83821
20501.00000 0.83668
20506.00000 0.83551
20511.00000 0.83462
20516.00000 0.83313
20521.00000 0.83219
20526.00000 0.83136
20531.00000 0.83146
20536.00000 0.83155
20541.00000 0.83128
20546.00000 0.83195
20551.00000 0.83266
20556.00000 0.83358
20561.00000 0.83445
20566.00000 0.83565
20571.00000 0.83667
20576.00000 0.83864
20581.00000 0.84015
20586.00000 0.84225
20591.00000 0.84464
20596.00000 0.84569
20601.00000 0.84843
20606.00000 0.84983
20611.00000 0.85158
20616.00000 0.85481
20621.00000 0.85654
20626.00000 0.85964
20631.00000 0.86208
20636.00000 0.86328
20641.00000 0.86454
20646.00000 0.86722
20651.00000 0.86878
20656.00000 0.87148
20661.00000 0.87215
20666.00000 0.87345
20671.00000 0.87438
20676.00000 0.87502
20681.00000 0.8758
20686.00000 0.87659
20691.00000 0.87741
20696.00000 0.87741
20701.00000 0.87804
20706.00000 0.87782
20711.00000 0.87735
20716.00000 0.87747
20721.00000 0.87742
20726.00000 0.87677
20731.00000 0.8767
20736.00000 0.87568
20741.00000 0.87496
20746.00000 0.87387
20751.00000 0.87349
20756.00000 0.87226
20761.00000 0.87202
20766.00000 0.87159
20771.00000 0.871
20776.00000 0.87017
20781.00000 0.8696
20786.00000 0.86888
20791.00000 0.86876
20796.00000 0.86727
20801.00000 0.8674
20806.00000 0.86755
20811.00000 0.86771
20816.00000 0.86752
20821.00000 0.86664
20826.00000 0.86781
20831.00000 0.86834
20836.00000 0.86854
20841.00000 0.86859
20846.00000 0.86881
20851.00000 0.86886
20856.00000 0.87008
20861.00000 0.87066
20866.00000 0.87005
20871.00000 0.87075
20876.00000 0.87157
20881.00000 0.87247
20886.00000 0.87265
20891.00000 0.87375
20896.00000 0.87373
20901.00000 0.87394
20906.00000 0.87576
20911.00000 0.87571
20916.00000 0.87643
20921.00000 0.87667
20926.00000 0.87726
20931.00000 0.878
20936.00000 0.87829
20941.00000 0.87811
20946.00000 0.87836
20951.00000 0.87914
20956.00000 0.87966
20961.00000 0.87961
20966.00000 0.87921
20971.00000 0.87905
20976.00000 0.8798
20981.00000 0.88001
20986.00000 0.87995
20991.00000 0.87961
20996.00000 0.87914
21001.00000 0.87944
21006.00000 0.87858
21011.00000 0.8792
21016.00000 0.87894
21021.00000 0.87887
21026.00000 0.878
21031.00000 0.87677
21036.00000 0.87697
21041.00000 0.87652
21046.00000 0.87635
21051.00000 0.8748
21056.00000 0.87406
21061.00000 0.87316
21066.00000 0.87192
21071.00000 0.87107
21076.00000 0.86996
21081.00000 0.86864
21086.00000 0.86739
21091.00000 0.86583
21096.00000 0.86503
21101.00000 0.86361
21106.00000 0.86242
21111.00000 0.86109
21116.00000 0.85889
21121.00000 0.85815
21126.00000 0.85668
21131.00000 0.8552
21136.00000 0.85384
21141.00000 0.85218
21146.00000 0.8512
21151.00000 0.85002
21156.00000 0.84783
21161.00000 0.84702
21166.00000 0.8457
21171.00000 0.8447
21176.00000 0.84368
21181.00000 0.843
21186.00000 0.84145
21191.00000 0.84062
21196.00000 0.84008
21201.00000 0.83973
21206.00000 0.83962
21211.00000 0.83917
21216.00000 0.8384
21221.00000 0.83835
21226.00000 0.83747
21231.00000 0.83721
21236.00000 0.83746
21241.00000 0.8373
21246.00000 0.83744
21251.00000 0.83677
21256.00000 0.83702
21261.00000 0.83753
21266.00000 0.83773
21271.00000 0.83734
21276.00000 0.83714
21281.00000 0.83775
21286.00000 0.83722
21291.00000 0.83684
21296.00000 0.83653
21301.00000 0.83636
21306.00000 0.83626
21311.00000 0.836
21316.00000 0.8357
21321.00000 0.83469
21326.00000 0.83388
21331.00000 0.83401
21336.00000 0.83282
21341.00000 0.83189
21346.00000 0.83095
21351.00000 0.83022
21356.00000 0.82949
21361.00000 0.82888
21366.00000 0.82789
21371.00000 0.82647
21376.00000 0.82594
21381.00000 0.82543
21386.00000 0.82449
21391.00000 0.8234
21396.00000 0.8227
21401.00000 0.82161
21406.00000 0.82133
21411.00000 0.82081
21416.00000 0.82045
21421.00000 0.81988
21426.00000 0.81915
21431.00000 0.81923
21436.00000 0.81966
21441.00000 0.81934
21446.00000 0.81952
21451.00000 0.82033
21456.00000 0.82067
21461.00000 0.82085
21466.00000 0.82174
21471.00000 0.82264
21476.00000 0.82315
21481.00000 0.82431
21486.00000 0.82512
21491.00000 0.82673
21496.00000 0.82781
21501.00000 0.82876
21506.00000 0.83053
21511.00000 0.83211
21516.00000 0.83334
21521.00000 0.83447
21526.00000 0.83607
21531.00000 0.8378
21536.00000 0.84029
21541.00000 0.84176
21546.00000 0.84292
21551.00000 0.8448
21556.00000 0.8463
21561.00000 0.84728
21566.00000 0.84882
21571.00000 0.85012
21576.00000 0.85115
21581.00000 0.85271
21586.00000 0.85364
21591.00000 0.85419
21596.00000 0.8557
21601.00000 0.85672
21606.00000 0.85701
21611.00000 0.85782
21616.00000 0.85856
21621.00000 0.85903
21626.00000 0.85962
21631.00000 0.86083
21636.00000 0.86097
21641.00000 0.86089
21646.00000 0.86108
21651.00000 0.86156
21656.00000 0.86248
21661.00000 0.86251
21666.00000 0.86156
21671.00000 0.86288
21676.00000 0.86223
21681.00000 0.86245
21686.00000 0.86236
21691.00000 0.86226
21696.00000 0.86243
21701.00000 0.86297
21706.00000 0.86282
21711.00000 0.86234
21716.00000 0.86337
21721.00000 0.86349
21726.00000 0.8629
21731.00000 0.86386
21736.00000 0.86299
21741.00000 0.86253
21746.00000 0.86155
21751.00000 0.86185
21756.00000 0.86081
21761.00000 0.86111
21766.00000 0.85888
21771.00000 0.85828
21776.00000 0.85803
21781.00000 0.85676
21786.00000 0.85477
21791.00000 0.85275
21796.00000 0.85109
21801.00000 0.84944
21806.00000 0.84698
21811.00000 0.84566
21816.00000 0.84189
21821.00000 0.83894
21826.00000 0.83681
21831.00000 0.83454
21836.00000 0.83116
21841.00000 0.82821
21846.00000 0.82338
21851.00000 0.82003
21856.00000 0.81608
21861.00000 0.81274
21866.00000 0.80859
21871.00000 0.8043
21876.00000 0.80011
21881.00000 0.79593
21886.00000 0.79207
21891.00000 0.78783
21896.00000 0.78396
21901.00000 0.78012
21906.00000 0.77673
21911.00000 0.77232
21916.00000 0.76914
21921.00000 0.76508
21926.00000 0.76153
21931.00000 0.75877
21936.00000 0.75656
21941.00000 0.75372
21946.00000 0.7501
21951.00000 0.74829
21956.00000 0.74656
21961.00000 0.74538
21966.00000 0.74393
21971.00000 0.74151
21976.00000 0.73979
21981.00000 0.73931
21986.00000 0.73913
21991.00000 0.73833
21996.00000 0.73778
22001.00000 0.73743
22006.00000 0.73812
22011.00000 0.73805
22016.00000 0.73777
22021.00000 0.73879
22026.00000 0.73823
22031.00000 0.73931
22036.00000 0.73997
22041.00000 0.74095
22046.00000 0.74092
22051.00000 0.74225
22056.00000 0.74261
22061.00000 0.74368
22066.00000 0.74452
22071.00000 0.74474
22076.00000 0.74621
22081.00000 0.74687
22086.00000 0.74827
22091.00000 0.74858
22096.00000 0.74871
22101.00000 0.74965
22106.00000 0.74999
22111.00000 0.75037
22116.00000 0.75056
22121.00000 0.75087
22126.00000 0.751
22131.00000 0.75075
22136.00000 0.74984
22141.00000 0.7501
22146.00000 0.74912
22151.00000 0.74827
22156.00000 0.74743
22161.00000 0.74632
22166.00000 0.74443
22171.00000 0.74351
22176.00000 0.74128
22181.00000 0.73936
22186.00000 0.73776
22191.00000 0.73574
22196.00000 0.73276
22201.00000 0.72969
22206.00000 0.72695
22211.00000 0.72398
22216.00000 0.72052
22221.00000 0.71682
22226.00000 0.71262
22231.00000 0.70836
22236.00000 0.70413
22241.00000 0.7002
22246.00000 0.69661
22251.00000 0.69221
22256.00000 0.6869
22261.00000 0.68187
22266.00000 0.67718
22271.00000 0.67238
22276.00000 0.66793
22281.00000 0.66318
22286.00000 0.65834
22291.00000 0.6532
22296.00000 0.64802
22301.00000 0.6431
22306.00000 0.6394
22311.00000 0.63502
22316.00000 0.63002
22321.00000 0.62571
22326.00000 0.62134
22331.00000 0.61736
22336.00000 0.61416
22341.00000 0.6107
22346.00000 0.60734
22351.00000 0.60505
22356.00000 0.60147
22361.00000 0.59871
22366.00000 0.59625
22371.00000 0.59446
22376.00000 0.5927
22381.00000 0.59127
22386.00000 0.58978
22391.00000 0.5885
22396.00000 0.5877
22401.00000 0.58728
22406.00000 0.58717
22411.00000 0.58672
22416.00000 0.58647
22421.00000 0.58771
22426.00000 0.5883
22431.00000 0.58929
22436.00000 0.59067
22441.00000 0.59102
22446.00000 0.59225
22451.00000 0.59423
22456.00000 0.59661
22461.00000 0.59792
22466.00000 0.60026
22471.00000 0.6024
22476.00000 0.6041
22481.00000 0.60695
22486.00000 0.60982
22491.00000 0.61128
22496.00000 0.61373
22501.00000 0.61572
22506.00000 0.61863
22511.00000 0.62206
22516.00000 0.62432
22521.00000 0.62694
22526.00000 0.62945
22531.00000 0.63217
22536.00000 0.63461
22541.00000 0.63714
22546.00000 0.64
22551.00000 0.64316
22556.00000 0.64578
22561.00000 0.64872
22566.00000 0.6518
22571.00000 0.65429
22576.00000 0.65758
22581.00000 0.66068
22586.00000 0.66366
22591.00000 0.66787
22596.00000 0.67056
22601.00000 0.67315
22606.00000 0.67705
22611.00000 0.68055
22616.00000 0.68417
22621.00000 0.68735
22626.00000 0.68986
22631.00000 0.69209
22636.00000 0.695
22641.00000 0.69778
22646.00000 0.70011
22651.00000 0.70136
22656.00000 0.70226
22661.00000 0.70374
22666.00000 0.70392
22671.00000 0.70356
22676.00000 0.70256
22681.00000 0.7018
22686.00000 0.69987
22691.00000 0.69746
22696.00000 0.69482
22701.00000 0.69084
22706.00000 0.68605
22711.00000 0.68112
22716.00000 0.67639
22721.00000 0.67111
22726.00000 0.66394
22731.00000 0.65671
22736.00000 0.64882
22741.00000 0.64045
22746.00000 0.63209
22751.00000 0.62377
22756.00000 0.61533
22761.00000 0.60639
22766.00000 0.59701
22771.00000 0.58735
22776.00000 0.57818
22781.00000 0.5697
22786.00000 0.56135
22791.00000 0.55308
22796.00000 0.54459
22801.00000 0.53683
22806.00000 0.52897
22811.00000 0.52305
22816.00000 0.51781
22821.00000 0.51313
22826.00000 0.50878
22831.00000 0.50505
22836.00000 0.50347
22841.00000 0.5028
22846.00000 0.50287
22851.00000 0.50394
22856.00000 0.50589
22861.00000 0.5096
22866.00000 0.51494
22871.00000 0.52092
22876.00000 0.5261
22881.00000 0.53253
22886.00000 0.54156
22891.00000 0.55019
22896.00000 0.56045
22901.00000 0.57065
22906.00000 0.57989
22911.00000 0.58958
22916.00000 0.60105
22921.00000 0.61182
22926.00000 0.62357
22931.00000 0.63364
22936.00000 0.64298
22941.00000 0.65328
22946.00000 0.66023
22951.00000 0.66686
22956.00000 0.67432
22961.00000 0.6759
22966.00000 0.67773
22971.00000 0.67719
22976.00000 0.67092
22981.00000 0.6642
22986.00000 0.65345
22991.00000 0.63529
22996.00000 0.61709
23001.00000 0.59648
23006.00000 0.5707
23011.00000 0.54365
23016.00000 0.51148
23021.00000 0.47485
23026.00000 0.44142
23031.00000 0.40942
23036.00000 0.37634
23041.00000 0.34564
23046.00000 0.31238
23051.00000 0.28088
23056.00000 0.25243
23061.00000 0.22796
23066.00000 0.20533
23071.00000 0.18403
23076.00000 0.16546
23081.00000 0.14561
23086.00000 0.13021
23091.00000 0.11622
23096.00000 0.10391
23101.00000 0.0938
23106.00000 0.08452
23111.00000 0.07425
23116.00000 0.0668
23121.00000 0.05947
23126.00000 0.05343
23131.00000 0.04893
23136.00000 0.04443
23141.00000 0.03906
23146.00000 0.03528
23151.00000 0.03177
23156.00000 0.02895
23161.00000 0.02654
23166.00000 0.0238
23171.00000 0.02169
23176.00000 0.01989
23181.00000 0.01793
23186.00000 0.0162
23191.00000 0.01575
23196.00000 0.01374
23201.00000 0.01264
23206.00000 0.01153
23211.00000 0.0103
23216.00000 0.00958
23221.00000 0.00933
23226.00000 0.00845
23231.00000 0.00776
23236.00000 0.00675
23241.00000 0.00651
23246.00000 0.0064
23251.00000 0.00569
23256.00000 0.00534
23261.00000 0.00485
23266.00000 0.00454
23271.00000 0.0042
23276.00000 0.00398
23281.00000 0.00459
23286.00000 0.00381
23291.00000 0.00363
23296.00000 0.00305
23301.00000 0.00348
23306.00000 0.0028
23311.00000 0.00264
23316.00000 0.00288
23321.00000 0.00262
23326.00000 0.00214
23331.00000 0.00233
23336.00000 0.00245
23341.00000 0.00202
23346.00000 0.00146
23351.00000 0.00196
23356.00000 0.00159
23361.00000 0.0012
23366.00000 0.00167
23371.00000 0.0016
23376.00000 0.00107
23381.00000 0.00203
23386.00000 0.00074
25724.59961 0.0
