threeML/data/optical_filters/CAHA/ALHAMBRA-F582W_1.ecsv
# %ECSV 0.9
# ---
# datatype:
# - {name: wavelength, unit: Angstrom, datatype: float32}
# - {name: response, datatype: float32}
# meta: !!omap
# - {band_name: F582W_1}
# - {group_name: ALHAMBRA}
wavelength response
5052.97510 0.0
5614.41699 0.00062
5616.59912 0.001857
5618.80518 0.001898
5620.98682 0.002071
5623.63721 0.004294
5625.83594 0.004704
5628.02490 0.007112
5630.20801 0.010496
5632.41504 0.014094
5634.59717 0.019859
5636.80420 0.029768
5638.98584 0.042925
5641.16797 0.061325
5643.48096 0.086479
5645.78613 0.121858
5648.10107 0.17487
5650.51123 0.254527
5653.05518 0.373055
5655.70508 0.535216
5658.60107 0.711148
5660.88916 0.811547
5663.20312 0.861819
5665.50879 0.874122
5667.94482 0.862717
5670.23389 0.848411
5672.54688 0.840175
5674.85205 0.838951
5677.27295 0.839512
5679.57910 0.841943
5681.89209 0.848309
5684.30420 0.857107
5686.61816 0.868503
5689.05420 0.8743
5691.36719 0.880985
5693.77979 0.887913
5696.09277 0.890065
5698.50488 0.899132
5700.91699 0.901772
5703.35400 0.901947
5705.66797 0.906523
5708.08008 0.909259
5710.50000 0.912229
5712.93701 0.918358
5715.35010 0.91618
5717.76123 0.913416
5720.19824 0.913281
5722.61914 0.912252
5725.02979 0.912593
5727.46680 0.913778
5729.88818 0.908705
5732.29980 0.91508
5734.73584 0.916782
5737.14893 0.918436
5739.56885 0.92365
5742.00586 0.929779
5744.41797 0.931394
5746.96191 0.931776
5749.37500 0.936029
5751.81104 0.940139
5754.23193 0.941011
5756.76709 0.937897
5759.18799 0.932558
5761.60010 0.937375
5764.14307 0.941889
5766.58008 0.940297
5768.99316 0.942232
5771.53613 0.939116
5773.94922 0.938421
5776.49316 0.941314
5778.91309 0.937284
5781.44824 0.934107
5783.88623 0.934121
5786.41211 0.932706
5788.84180 0.932945
5791.38477 0.933653
5793.80615 0.935621
5796.34082 0.93868
5798.76221 0.938841
5801.30615 0.935888
5803.71777 0.935393
5806.26221 0.935811
5808.67480 0.938003
5811.21777 0.939193
5813.65479 0.937109
5816.17480 0.935907
5818.71777 0.935663
5821.15479 0.934925
5823.67480 0.934577
5826.11182 0.935003
5828.65576 0.935597
5831.19092 0.938134
5833.61182 0.937917
5836.15576 0.937555
5838.69189 0.940816
5841.11279 0.938717
5843.65723 0.940229
5846.19189 0.943935
5848.71191 0.940884
5851.14795 0.937725
5853.69287 0.933923
5856.21191 0.933186
5858.75586 0.931691
5861.19287 0.931262
5863.71289 0.930427
5866.25684 0.93029
5868.80078 0.930497
5871.21387 0.930555
5873.75781 0.934466
5876.30176 0.936954
5878.84619 0.926909
5881.38184 0.924584
5883.92578 0.924715
5886.33887 0.922916
5888.88184 0.921604
5891.42578 0.91885
5893.94580 0.916766
5896.49023 0.913769
5899.03516 0.911759
5901.44678 0.907838
5903.99219 0.905199
5906.53613 0.901002
5908.94922 0.897522
5911.49316 0.894487
5914.03711 0.890742
5916.57324 0.888271
5918.99414 0.885753
5921.52979 0.884705
5923.96777 0.885925
5926.49512 0.887465
5929.03223 0.891041
5931.57617 0.893453
5934.12012 0.898161
5936.53418 0.899347
5939.07715 0.901283
5941.62207 0.900208
5944.16602 0.898314
5946.70215 0.893085
5949.22998 0.887092
5951.66016 0.876471
5954.20410 0.865774
5956.72412 0.851853
5959.16211 0.834213
5961.58301 0.814551
5963.99609 0.79352
5966.43311 0.769995
5968.85498 0.742824
5971.16113 0.707481
5973.47607 0.655073
5975.78223 0.580322
5977.86719 0.488245
5980.61621 0.361712
5983.16113 0.256265
5985.59912 0.180309
5988.01221 0.129141
5990.32715 0.092246
5992.50977 0.067406
5994.82520 0.050042
5997.00781 0.038368
5999.21680 0.029246
6001.39990 0.022993
6003.71387 0.018061
6005.89795 0.013927
6008.10498 0.010358
6010.74902 0.008153
6012.93213 0.006349
6015.14111 0.004396
6017.32422 0.004185
6019.51514 0.003218
6022.18311 0.001766
6024.36719 0.002454
6026.54980 0.001716
6028.75781 0.00113
6031.41016 0.001745
6033.59277 0.000726
6636.95215 0.0
