threeML/data/optical_filters/CAHA/ALHAMBRA-A581M.ecsv
# %ECSV 0.9
# ---
# datatype:
# - {name: wavelength, unit: Angstrom, datatype: float32}
# - {name: response, datatype: float32}
# meta: !!omap
# - {band_name: A581M}
# - {group_name: ALHAMBRA}
wavelength response
5019.11816 0.0
5576.79785 0.001056
5578.97998 0.000187
5581.64551 0.000631
5583.83594 0.000187
5586.01807 0.000187
5588.22461 0.000748
5590.40625 0.000187
5593.05615 0.000187
5595.25439 0.000969
5597.44482 0.000187
5599.62646 0.000187
5602.39941 0.000971
5604.47461 0.000187
5606.65674 0.001044
5608.86328 0.001078
5611.63623 0.000805
5613.81787 0.00192
5615.90186 0.001573
5618.08350 0.002295
5620.85645 0.00364
5623.03857 0.004211
5625.24512 0.006451
5627.32080 0.009507
5629.51123 0.01304
5631.69336 0.019817
5634.00635 0.029472
5636.18848 0.043632
5638.39551 0.063919
5640.70068 0.092889
5643.01416 0.13326
5645.42578 0.191889
5647.96924 0.274594
5650.51221 0.388014
5653.38330 0.523358
5655.57373 0.61914
5657.87939 0.684593
5660.29932 0.710537
5662.60449 0.708066
5665.04102 0.697531
5667.33008 0.685414
5669.64355 0.675446
5671.94873 0.670974
5674.38574 0.672809
5676.67432 0.675996
5678.98779 0.67695
5681.30127 0.682104
5683.71338 0.689166
5686.02734 0.698632
5688.46387 0.702979
5690.75293 0.708159
5693.18945 0.713245
5695.60156 0.714686
5697.91504 0.71974
5700.32715 0.723154
5702.76367 0.722905
5705.17578 0.724409
5707.59619 0.725763
5709.90186 0.726775
5712.33838 0.729879
5714.75879 0.73037
5717.17090 0.728271
5719.60791 0.72797
5722.02002 0.729448
5724.44043 0.730949
5726.87695 0.732323
5729.28906 0.732899
5731.70947 0.729244
5734.14648 0.730448
5736.55859 0.73217
5738.97070 0.735811
5741.40771 0.742196
5743.95117 0.744581
5746.37158 0.745089
5748.78418 0.748026
5751.22070 0.752516
5753.63330 0.753363
5756.17676 0.752715
5758.58887 0.745491
5761.00928 0.748614
5763.55322 0.753177
5765.99023 0.750348
5768.50928 0.751379
5770.94580 0.747286
5773.35840 0.746648
5775.90186 0.747678
5778.31445 0.744403
5780.85791 0.741195
5783.27051 0.740355
5785.81396 0.739446
5788.25098 0.739374
5790.67188 0.739223
5793.20752 0.739947
5795.62793 0.742462
5798.16357 0.743703
5800.58398 0.741929
5803.12793 0.740923
5805.56494 0.742002
5808.08398 0.743383
5810.52148 0.743898
5813.06494 0.743585
5815.47754 0.742926
5818.02148 0.741941
5820.43408 0.742181
5822.97803 0.742447
5825.52148 0.740867
5827.93408 0.742098
5830.47803 0.74427
5832.89062 0.743313
5835.43457 0.743502
5837.97852 0.744616
5840.39111 0.745514
5842.93506 0.743627
5845.47900 0.747459
5847.89160 0.746606
5850.43555 0.744207
5852.97949 0.740884
5855.39209 0.740005
5857.93604 0.738914
5860.47168 0.738654
5862.89258 0.738057
5865.43701 0.738018
5867.97266 0.738068
5870.51660 0.737633
5873.06055 0.739734
5875.47363 0.742494
5878.01758 0.735119
5880.56152 0.730852
5883.10547 0.729232
5885.51855 0.727621
5888.06250 0.72458
5890.59863 0.722158
5893.12598 0.718281
5895.56348 0.715984
5898.09961 0.712035
5900.52051 0.708363
5903.06494 0.705657
5905.60059 0.7016
5908.02148 0.698103
5910.55762 0.695667
5912.97900 0.692833
5915.52295 0.690444
5917.93604 0.689727
5920.47998 0.690496
5922.89307 0.692258
5925.43750 0.695789
5927.87500 0.700678
5930.39453 0.70404
5932.93896 0.708664
5935.48291 0.710306
5937.92090 0.711378
5940.44043 0.710056
5942.98486 0.706893
5945.52100 0.702408
5948.06543 0.695563
5950.47803 0.688148
5953.02246 0.678226
5955.44385 0.66679
5957.88135 0.654153
5960.41748 0.641242
5962.83887 0.626325
5965.14551 0.608239
5967.56689 0.583772
5969.87305 0.545842
5972.18750 0.48932
5975.06885 0.385249
5977.71143 0.273416
5980.25586 0.184134
5982.69385 0.124001
5984.98389 0.085321
5987.29883 0.060505
5989.60498 0.043913
5991.81299 0.032304
5993.99658 0.02416
5996.31104 0.018437
5998.49463 0.014824
6000.67773 0.01191
6002.88574 0.008972
6004.97070 0.0068
6007.15430 0.006036
6009.92871 0.004086
6012.11182 0.003488
6014.32031 0.003265
6016.50342 0.002206
6018.58008 0.00209
6021.35498 0.001876
6023.54639 0.001021
6025.72998 0.001337
6027.93799 0.001131
6630.73193 0.0
