threeML/data/optical_filters/CAHA/ALHAMBRA-A646M.ecsv
# %ECSV 0.9
# ---
# datatype:
# - {name: wavelength, unit: Angstrom, datatype: float32}
# - {name: response, datatype: float32}
# meta: !!omap
# - {band_name: A646M}
# - {group_name: ALHAMBRA}
wavelength response
5605.95801 0.0
6228.84229 0.001032
6231.51123 0.00026
6233.70361 0.000865
6235.88770 0.00026
6238.09668 0.00026
6240.74072 0.001396
6242.93311 0.00113
6245.13379 0.00123
6247.32617 0.001993
6249.97021 0.001429
6252.17920 0.002258
6254.36328 0.002523
6256.57227 0.002756
6258.75635 0.004218
6261.40869 0.005379
6263.61768 0.00717
6265.80176 0.010784
6267.98633 0.015103
6270.19531 0.022419
6272.48633 0.034969
6274.69531 0.055864
6277.00293 0.089683
6279.31836 0.145107
6281.83984 0.229618
6284.38525 0.344133
6287.28418 0.468697
6289.46826 0.547982
6291.78418 0.607114
6294.19873 0.644929
6296.51416 0.668574
6298.92871 0.683467
6301.36768 0.692113
6303.79053 0.698508
6306.32812 0.704698
6308.75049 0.712368
6311.16504 0.720057
6313.71094 0.728566
6316.14990 0.7365
6318.67090 0.743275
6321.10986 0.748331
6323.65576 0.753693
6326.07031 0.755157
6328.61621 0.755104
6331.16211 0.753927
6333.70801 0.75205
6336.12256 0.751886
6338.66846 0.752372
6341.21436 0.753843
6343.62891 0.755534
6346.17480 0.75627
6348.71240 0.757817
6351.24219 0.757981
6353.77979 0.760561
6356.21924 0.760375
6358.74854 0.761094
6361.28613 0.762101
6363.83252 0.76342
6366.37842 0.765045
6368.79297 0.764983
6371.33887 0.764408
6373.88477 0.765331
6376.43115 0.764773
6378.96875 0.763581
6381.49023 0.764859
6383.92969 0.764645
6386.47559 0.764249
6388.99707 0.76511
6391.54346 0.76443
6394.08936 0.764623
6396.63574 0.764916
6399.17383 0.766503
6401.71973 0.765846
6404.14258 0.766363
6406.68066 0.766136
6409.22656 0.767518
6411.74854 0.766499
6414.29443 0.76856
6416.84082 0.768254
6419.38721 0.769648
6421.92529 0.770581
6424.47119 0.772451
6427.01758 0.772455
6429.53906 0.772378
6432.08545 0.774486
6434.63184 0.774618
6437.16992 0.775877
6439.71631 0.775959
6442.26270 0.776201
6444.78418 0.77907
6447.33057 0.779633
6449.87695 0.779733
6452.41504 0.779532
6454.96143 0.778892
6457.50781 0.77729
6460.02930 0.777807
6462.69922 0.776763
6465.24561 0.777872
6467.76709 0.778496
6470.31396 0.778454
6472.86035 0.779055
6475.39844 0.778009
6477.94482 0.776285
6480.49121 0.77528
6483.01318 0.774202
6485.55957 0.771372
6488.10596 0.772051
6490.64453 0.770007
6493.19092 0.771332
6495.73779 0.771076
6498.25928 0.770044
6500.80615 0.768797
6503.35254 0.767073
6505.89111 0.766201
6508.43750 0.764741
6510.98389 0.762466
6513.50586 0.763354
6516.05273 0.76151
6518.59912 0.761705
6521.13770 0.76077
6523.68457 0.761733
6526.23096 0.762346
6528.75293 0.762684
6531.29980 0.764259
6533.84619 0.764148
6536.38477 0.76651
6538.93164 0.766549
6541.47852 0.767832
6544.00049 0.768601
6546.54736 0.768568
6549.09375 0.768006
6551.63232 0.76844
6554.17920 0.766653
6556.72607 0.767257
6559.24805 0.766023
6561.79492 0.764023
6564.34180 0.764112
6566.88037 0.760855
6569.42725 0.760498
6571.97412 0.75894
6574.49609 0.75706
6577.04297 0.757726
6579.58984 0.756137
6582.12842 0.758098
6584.67529 0.759548
6587.22217 0.759537
6589.76953 0.758772
6592.29150 0.759086
6594.83838 0.759223
6597.37744 0.756743
6599.92432 0.754881
6602.47119 0.748139
6605.01807 0.741593
6607.54053 0.732569
6609.98047 0.721197
6612.52783 0.709735
6614.94336 0.696033
6617.49023 0.682834
6619.90576 0.673365
6622.32959 0.664665
6624.77002 0.662287
6627.18555 0.664983
6629.60107 0.67092
6632.04150 0.671743
6634.46533 0.651026
6636.88086 0.594735
6639.09082 0.506639
6641.27637 0.406719
6643.94678 0.288947
6646.46924 0.201655
6648.90967 0.142196
6651.33350 0.102071
6653.64258 0.074558
6656.41992 0.050991
6658.73682 0.037684
6660.92236 0.027476
6663.10840 0.02002
6665.31836 0.014541
6667.50439 0.011151
6670.28174 0.007801
6672.47559 0.005465
6674.55420 0.004674
6676.74023 0.003408
6678.95020 0.002334
6681.72803 0.002363
6683.91357 0.00164
6686.10742 0.001167
6688.18652 0.001672
6690.39697 0.001136
6693.14941 0.001105
6695.35986 0.001262
7364.89600 0.0
