threeML/data/optical_filters/CAHA/ALHAMBRA-F520W_2.ecsv
# %ECSV 0.9
# ---
# datatype:
# - {name: wavelength, unit: Angstrom, datatype: float32}
# - {name: response, datatype: float32}
# meta: !!omap
# - {band_name: F520W_2}
# - {group_name: ALHAMBRA}
wavelength response
4544.68604 0.0
5049.65137 0.000514
5051.89502 0.007144
5054.11426 0.003311
5056.35742 0.009892
5058.57617 0.01382
5061.26221 0.017531
5063.50586 0.034978
5065.72510 0.050833
5067.95215 0.077619
5070.18750 0.126266
5072.41504 0.194355
5074.63379 0.282173
5076.98633 0.406563
5079.33008 0.552993
5081.54883 0.674615
5084.02686 0.740397
5086.37891 0.756835
5088.70605 0.740374
5091.05908 0.729134
5093.40283 0.714762
5095.75537 0.730453
5098.09961 0.749252
5100.56055 0.772411
5102.90479 0.79013
5105.25732 0.81399
5107.70947 0.822412
5110.06201 0.835692
5112.51465 0.835836
5114.86768 0.834921
5117.22021 0.837501
5119.67285 0.832794
5122.02588 0.834338
5124.50342 0.837124
5126.84766 0.830689
5129.30859 0.831935
5131.65283 0.829242
5134.11426 0.824654
5136.45850 0.829818
5138.91943 0.827279
5141.26416 0.825137
5143.72510 0.829609
5146.06982 0.824804
5148.54736 0.822182
5150.90039 0.824269
5153.35303 0.823647
5155.70654 0.821548
5158.15918 0.827254
5160.51221 0.831888
5162.96484 0.829075
5165.44287 0.829327
5167.77100 0.834251
5170.24902 0.834532
5172.60205 0.834774
5175.05469 0.838065
5177.40771 0.841778
5179.86084 0.839365
5182.33887 0.837775
5184.66650 0.840851
5187.14502 0.84182
5189.59814 0.83914
5191.95117 0.837881
5194.40430 0.837052
5196.88281 0.837929
5199.34424 0.838641
5201.68896 0.834139
5204.15039 0.831533
5206.60400 0.829314
5208.95703 0.832398
5211.43555 0.832538
5213.88867 0.829593
5216.35010 0.826067
5218.82861 0.826487
5221.17383 0.825702
5223.63525 0.829252
5226.08887 0.830529
5228.56689 0.829787
5231.02051 0.828702
5233.48193 0.823597
5235.96094 0.8212
5238.28906 0.824715
5240.76709 0.823259
5243.22070 0.819571
5245.67432 0.817688
5248.15283 0.819204
5250.61523 0.821252
5253.09326 0.822326
5255.54688 0.822307
5258.00879 0.822903
5260.48779 0.827623
5262.94141 0.830495
5265.39502 0.83036
5267.87354 0.829138
5270.33545 0.83188
5272.78955 0.834377
5275.26807 0.833431
5277.72168 0.830459
5280.18359 0.834155
5282.66211 0.835385
5285.11621 0.835542
5287.57812 0.833035
5290.05762 0.833701
5292.51123 0.833541
5294.96484 0.829128
5297.44385 0.828148
5299.90625 0.827338
5302.35938 0.824431
5304.83838 0.821068
5307.29248 0.821653
5309.75439 0.820371
5312.23389 0.817098
5314.68750 0.817374
5317.14941 0.817067
5319.62891 0.814529
5322.20850 0.814023
5324.67041 0.813866
5327.12451 0.812173
5329.60303 0.811611
5332.06592 0.810235
5334.51953 0.80816
5336.99902 0.806904
5339.45312 0.806068
5341.91553 0.802579
5344.39453 0.800722
5346.84863 0.801358
5349.30273 0.798064
5351.78223 0.80036
5354.24512 0.800395
5356.83252 0.800929
5359.28613 0.800572
5361.76611 0.797256
5364.21973 0.793972
5366.68262 0.783763
5369.16211 0.776638
5371.61621 0.769096
5374.07031 0.759655
5376.55029 0.753566
5379.01318 0.746099
5381.46729 0.742202
5383.94678 0.738087
5386.40918 0.738174
5388.98877 0.733103
5391.34326 0.725591
5393.93115 0.694403
5396.26025 0.628133
5398.73975 0.510268
5401.08594 0.363627
5403.41504 0.233072
5405.66113 0.140937
5407.88184 0.083985
5410.12744 0.050751
5412.34814 0.034009
5414.57715 0.020748
5416.81445 0.012548
5419.04395 0.011824
5421.15576 0.007081
5423.97803 0.005669
5426.19922 0.006899
5428.42871 0.002475
5430.66602 0.003697
5433.36230 0.00137
5435.58350 0.000409
5979.14209 0.0
