threeML/data/optical_filters/CAHA/ALHAMBRA-F520W_4.ecsv
# %ECSV 0.9
# ---
# datatype:
# - {name: wavelength, unit: Angstrom, datatype: float32}
# - {name: response, datatype: float32}
# meta: !!omap
# - {band_name: F520W_4}
# - {group_name: ALHAMBRA}
wavelength response
5039.44238 0.0
5041.68555 0.003675
5043.90430 0.007542
5046.13184 0.002854
5048.84229 0.011597
5051.06104 0.013795
5053.27979 0.021157
5055.52393 0.046256
5057.74268 0.076637
5060.56201 0.154384
5062.78076 0.267914
5065.02441 0.416827
5067.35156 0.568916
5069.70410 0.685087
5072.04785 0.752237
5074.40039 0.760035
5076.75244 0.760928
5079.09668 0.74619
5081.55713 0.738032
5083.90137 0.735136
5086.25391 0.741528
5088.59814 0.758413
5090.92529 0.774219
5093.40283 0.794517
5095.75537 0.811929
5098.08301 0.828705
5100.43506 0.835713
5102.91260 0.83238
5105.25732 0.837637
5107.71826 0.832687
5110.06201 0.83409
5112.41504 0.834075
5114.86768 0.827482
5117.22021 0.832151
5119.67285 0.829447
5122.02588 0.832327
5124.47803 0.83695
5126.83105 0.831609
5129.28369 0.831335
5131.63623 0.833657
5134.11426 0.828152
5136.45850 0.83331
5138.91943 0.834004
5141.26416 0.82966
5143.61670 0.832068
5146.06982 0.830768
5148.53076 0.826267
5150.87549 0.828531
5153.33691 0.83247
5155.68115 0.82948
5158.15918 0.83489
5160.51221 0.83971
5162.96484 0.839714
5165.31836 0.838905
5167.77100 0.843581
5170.23193 0.849118
5172.57715 0.846294
5175.05469 0.843687
5177.51660 0.850539
5179.86084 0.851729
5182.32227 0.847711
5184.77539 0.846227
5187.12842 0.85013
5189.60693 0.849319
5192.05957 0.847035
5194.41309 0.84537
5196.86572 0.841623
5199.34424 0.845318
5201.67236 0.846134
5204.15039 0.844544
5206.60400 0.840743
5209.06543 0.839226
5211.54346 0.838715
5213.88867 0.837447
5216.35010 0.838805
5218.80371 0.839399
5221.28223 0.835973
5223.74365 0.836525
5226.08887 0.835893
5228.55078 0.833735
5231.02051 0.833123
5233.48193 0.831801
5235.93604 0.831675
5238.41455 0.836318
5240.87598 0.834894
5243.32959 0.834325
5245.80811 0.833548
5248.26172 0.833509
5250.72314 0.834017
5253.20215 0.836322
5255.65576 0.836721
5258.00879 0.838111
5260.59619 0.84126
5263.04980 0.842343
5265.50391 0.842237
5267.85693 0.841346
5270.44434 0.842603
5272.89795 0.844921
5275.37646 0.841754
5277.83057 0.838726
5280.29199 0.839622
5282.77100 0.840915
5285.22461 0.837355
5287.68652 0.835167
5290.16553 0.834168
5292.61963 0.834166
5295.07324 0.829876
5297.55176 0.828259
5300.01416 0.828784
5302.46826 0.82603
5304.94678 0.822632
5307.40137 0.823399
5309.87988 0.82215
5312.34180 0.818786
5314.93018 0.81755
5317.38330 0.81763
5319.83740 0.814712
5322.31641 0.813703
5324.77881 0.813492
5327.23291 0.811072
5329.71191 0.81068
5332.17432 0.811729
5334.62842 0.810156
5337.10742 0.810532
5339.56152 0.811828
5342.02393 0.811388
5344.50293 0.81229
5346.95752 0.811467
5349.54541 0.810303
5351.99951 0.807709
5354.47852 0.801879
5356.94092 0.793442
5359.39502 0.783388
5361.87451 0.770403
5364.32861 0.761781
5366.79150 0.751647
5369.27100 0.747708
5371.72461 0.746259
5374.17920 0.743093
5376.65820 0.739653
5379.12109 0.722652
5381.57568 0.691795
5384.05518 0.63342
5386.40918 0.546553
5388.86328 0.438812
5391.08496 0.325997
5393.43896 0.226469
5395.68408 0.149526
5398.01318 0.094385
5400.25928 0.059734
5402.47998 0.039307
5404.72607 0.023325
5407.41406 0.012901
5409.64307 0.011429
5411.88086 0.00689
5414.10938 0.00519
5416.79834 0.004601
5419.04395 0.00153
5421.26465 0.003054
5423.48584 0.002075
5426.20703 0.002484
5428.42871 0.002888
5430.64941 0.000137
5973.71436 0.0
