threeML/data/optical_filters/CAHA/ALHAMBRA-F675W_3.ecsv
# %ECSV 0.9
# ---
# datatype:
# - {name: wavelength, unit: Angstrom, datatype: float32}
# - {name: response, datatype: float32}
# meta: !!omap
# - {band_name: F675W_3}
# - {group_name: ALHAMBRA}
wavelength response
5925.96436 0.0
6584.40479 0.000864
6587.07471 0.001966
6589.25928 0.001757
6591.44531 0.002054
6593.65576 0.003125
6595.84131 0.003242
6598.49463 0.004519
6600.70459 0.006031
6602.89014 0.007011
6605.07568 0.009294
6607.28564 0.012766
6609.47119 0.017034
6611.65625 0.023848
6613.86621 0.034139
6616.18408 0.051585
6618.49268 0.081162
6620.78467 0.132626
6623.33154 0.220678
6626.00244 0.369476
6628.29443 0.521626
6630.73438 0.676189
6633.28174 0.787503
6636.03467 0.845689
6638.70508 0.867597
6641.48193 0.879343
6644.24268 0.886437
6647.14258 0.89344
6649.92090 0.898445
6652.67285 0.9033
6655.45020 0.906796
6658.33447 0.909912
6661.11133 0.910901
6663.88867 0.911001
6666.77295 0.910695
6669.54248 0.908811
6672.45068 0.90836
6675.20312 0.909106
6677.98096 0.910427
6680.88135 0.912201
6683.64258 0.914822
6686.54297 0.917428
6689.29541 0.920129
6692.20459 0.920842
6694.97363 0.920547
6697.85840 0.920045
6700.74219 0.918742
6703.52002 0.917893
6706.40381 0.916805
6709.17334 0.915927
6712.08252 0.912784
6714.83496 0.911446
6717.61279 0.908711
6720.49658 0.908258
6723.27490 0.908308
6726.17529 0.908282
6728.92822 0.910746
6731.83691 0.914078
6734.61523 0.914777
6737.49072 0.919152
6740.26904 0.921673
6743.15283 0.924323
6746.03711 0.92667
6748.81543 0.92911
6751.69092 0.930242
6754.23926 0.93269
6756.55664 0.932525
6758.86572 0.932154
6761.18311 0.933841
6763.49219 0.933206
6765.81006 0.933838
6768.10303 0.932624
6770.42041 0.931129
6772.86133 0.931273
6775.15430 0.929572
6777.46289 0.928228
6779.78125 0.927273
6782.09082 0.924643
6784.40820 0.924224
6786.72510 0.922444
6789.03467 0.922249
6791.32812 0.920476
6793.64600 0.92163
6796.08643 0.920586
6798.37939 0.920565
6800.68896 0.920428
6803.00635 0.920757
6805.32373 0.921114
6807.63379 0.921115
6809.95117 0.921889
6812.26074 0.922191
6814.56152 0.922313
6816.99463 0.923615
6819.31250 0.924055
6821.60547 0.925994
6823.92334 0.926113
6826.23291 0.927138
6828.55029 0.928454
6830.86768 0.927879
6833.17725 0.928755
6835.49609 0.927569
6837.78906 0.927572
6840.09863 0.925495
6842.53906 0.924151
6844.83203 0.922052
6847.15039 0.919924
6849.46729 0.917911
6851.77783 0.914837
6854.09570 0.913003
6856.40527 0.909834
6858.72314 0.907628
6861.01611 0.905493
6863.45703 0.902981
6865.77490 0.90094
6868.06787 0.898651
6870.37793 0.896516
6872.69629 0.896821
6875.00537 0.896844
6877.32373 0.89839
6879.64111 0.899089
6881.95117 0.902808
6884.24414 0.905059
6886.56201 0.908412
6888.87256 0.910432
6891.19043 0.91037
6893.50830 0.908823
6895.92480 0.906483
6898.24268 0.901657
6900.55225 0.89642
6902.87012 0.886804
6905.18018 0.878673
6907.47363 0.867616
6909.79199 0.856353
6912.10938 0.844719
6914.41943 0.832903
6916.73779 0.823651
6919.04688 0.817733
6921.36523 0.814528
6923.65869 0.818651
6925.97705 0.830036
6928.28711 0.840791
6930.60498 0.835893
6932.92285 0.79355
6935.23340 0.70425
6937.65820 0.539589
6939.84424 0.383621
6942.51611 0.24195
6945.04004 0.15679
6947.35791 0.104956
6949.79980 0.072671
6951.98633 0.051475
6954.29639 0.037314
6956.49121 0.027813
6958.70215 0.021192
6960.88916 0.016316
6963.07568 0.012223
6965.85400 0.008325
6968.06592 0.006636
6970.25293 0.005314
6972.43945 0.00366
6975.11133 0.003117
6977.30615 0.002259
6979.49268 0.001543
6981.70410 0.001801
6983.89111 0.001257
6986.53809 0.000914
7685.19189 0.0
