threeML/data/optical_filters/CAHA/ALHAMBRA-F613W_1.ecsv
# %ECSV 0.9
# ---
# datatype:
# - {name: wavelength, unit: Angstrom, datatype: float32}
# - {name: response, datatype: float32}
# meta: !!omap
# - {band_name: F613W_1}
# - {group_name: ALHAMBRA}
wavelength response
5341.21484 0.0
5934.68311 0.000654
5936.86621 0.001169
5939.04883 0.001477
5941.25684 0.001476
5943.43994 0.002264
5946.09082 0.002434
5948.29883 0.002636
5950.48193 0.004171
5952.68994 0.004748
5954.87305 0.005931
5957.64697 0.009726
5959.72412 0.012801
5961.91602 0.018917
5964.22217 0.029582
5966.40479 0.046775
5968.72021 0.07687
5971.03418 0.129647
5973.44678 0.219147
5976.11523 0.359434
5978.17480 0.494122
5980.49023 0.625582
5982.92676 0.723723
5985.44824 0.777213
5987.99219 0.802821
5990.52783 0.81157
5993.07324 0.815134
5995.72412 0.81744
5998.26123 0.81964
6000.80518 0.823005
6003.45605 0.825815
6006.00098 0.83008
6008.64404 0.834762
6011.18799 0.839556
6013.85596 0.843765
6016.37598 0.847811
6019.04395 0.851617
6021.69482 0.854513
6024.33887 0.857782
6027.01514 0.86057
6029.65820 0.863062
6032.20215 0.866265
6034.97705 0.867782
6037.62012 0.868827
6040.27197 0.869762
6042.93994 0.870869
6045.59082 0.870536
6048.23389 0.870231
6050.90186 0.870419
6053.55322 0.870857
6056.19678 0.870086
6058.86523 0.869888
6061.51709 0.870067
6064.29102 0.870109
6066.94189 0.869792
6069.58594 0.871187
6072.25293 0.872296
6074.90576 0.874512
6077.68018 0.877091
6080.32324 0.877738
6082.99121 0.880356
6085.75000 0.88367
6088.41797 0.88576
6091.19189 0.887677
6093.83594 0.889181
6096.61084 0.89144
6099.26221 0.89362
6102.03809 0.894406
6104.81201 0.896703
6107.45605 0.897208
6110.22998 0.899628
6113.00488 0.901174
6115.65723 0.902603
6118.43213 0.903832
6121.19922 0.905976
6123.95801 0.905676
6126.73193 0.906762
6129.50684 0.907262
6132.15088 0.908529
6134.92480 0.907881
6137.70117 0.907363
6140.47607 0.90731
6143.25098 0.907396
6146.02490 0.906615
6148.77588 0.905378
6151.55078 0.904461
6154.32617 0.903966
6157.10107 0.902941
6159.87598 0.901625
6162.62695 0.898955
6165.40088 0.897431
6168.17676 0.896321
6170.95312 0.894134
6173.72803 0.892462
6176.37109 0.890852
6179.14600 0.890548
6181.92090 0.89012
6184.69678 0.889939
6187.45605 0.889127
6190.22217 0.888968
6192.99805 0.889469
6195.77295 0.888734
6198.54785 0.889213
6201.30713 0.887689
6204.08203 0.886947
6206.84912 0.885498
6209.62500 0.884087
6212.39990 0.880801
6215.17578 0.876647
6217.82715 0.871417
6220.60303 0.86673
6223.37793 0.860642
6226.12793 0.854636
6228.79785 0.851355
6231.57324 0.848231
6234.32422 0.848424
6236.99316 0.849277
6239.76709 0.851657
6242.52686 0.856085
6245.19580 0.861118
6247.94580 0.86644
6250.72217 0.871461
6253.49805 0.876447
6256.27197 0.881186
6259.04785 0.882983
6261.82422 0.881784
6264.70605 0.875401
6267.35010 0.864411
6270.12598 0.850659
6272.90088 0.835603
6275.55420 0.825737
6278.32080 0.825184
6281.09717 0.833943
6283.74902 0.846313
6286.52393 0.839516
6289.16895 0.783951
6291.84717 0.672036
6294.13721 0.53535
6296.44482 0.408751
6299.11377 0.279944
6301.76611 0.190179
6304.18115 0.129115
6306.49707 0.086835
6308.80420 0.059429
6310.99707 0.040827
6313.30518 0.027827
6315.51318 0.018882
6317.69824 0.012917
6319.89111 0.009311
6322.56006 0.006376
6324.74512 0.0043
6326.92920 0.003641
6329.13818 0.003035
6331.32324 0.001889
6334.09912 0.002001
6336.18506 0.001458
6338.37012 0.000971
6972.20703 0.0
