threeML/data/optical_filters/CAHA/ALHAMBRA-A551M.ecsv
# %ECSV 0.9
# ---
# datatype:
# - {name: wavelength, unit: Angstrom, datatype: float32}
# - {name: response, datatype: float32}
# meta: !!omap
# - {band_name: A551M}
# - {group_name: ALHAMBRA}
wavelength response
4777.39160 0.0
5308.21289 0.001123
5310.87793 0.000132
5313.06689 0.000758
5315.24805 0.000756
5317.45361 0.000133
5320.09375 0.001325
5322.29932 0.000617
5324.48047 0.000791
5326.66992 0.001797
5329.33447 0.001006
5331.51562 0.001875
5333.69678 0.002003
5335.90283 0.002215
5338.64941 0.003987
5340.73242 0.004457
5342.93799 0.005398
5345.11914 0.008325
5347.30029 0.010632
5349.50586 0.01504
5351.68701 0.023371
5353.86816 0.036983
5356.18066 0.0607
5358.38672 0.106147
5360.79736 0.190145
5363.21631 0.338346
5365.97949 0.525645
5368.18555 0.621883
5370.36670 0.662124
5372.55615 0.672007
5374.86035 0.675354
5377.04980 0.681037
5379.35400 0.687718
5381.56006 0.695248
5383.87256 0.701327
5386.16016 0.705634
5388.46484 0.708259
5390.67041 0.709685
5392.95850 0.707613
5395.27100 0.705811
5397.57520 0.704249
5399.78125 0.700945
5402.06934 0.69857
5404.38184 0.696582
5406.68604 0.694872
5408.87549 0.695211
5411.17969 0.697996
5413.49268 0.701012
5415.79688 0.703873
5418.10938 0.707817
5420.42188 0.712598
5422.72656 0.715178
5425.01465 0.717397
5427.32715 0.718867
5429.63184 0.717919
5431.94434 0.718746
5434.25684 0.717236
5436.56152 0.716917
5438.84961 0.717149
5441.16211 0.715789
5443.59766 0.716501
5445.90234 0.714677
5448.19043 0.71555
5450.50342 0.714559
5452.81592 0.715778
5455.12061 0.715555
5457.43311 0.716164
5459.84424 0.717304
5462.15723 0.718472
5464.46191 0.719025
5466.77441 0.719377
5469.18555 0.71945
5471.49854 0.720032
5473.81152 0.71778
5476.22266 0.717732
5478.53516 0.715908
5480.83984 0.714204
5483.25928 0.712241
5485.56396 0.711635
5487.87695 0.710278
5490.28809 0.709023
5492.60107 0.709078
5494.90576 0.707788
5497.32520 0.708278
5499.62988 0.70752
5501.94287 0.707755
5504.35400 0.707447
5506.66699 0.707152
5509.07861 0.707687
5511.39160 0.708206
5513.70410 0.709594
5516.11572 0.711479
5518.42871 0.711418
5520.86475 0.712531
5523.16943 0.713553
5525.58887 0.713898
5528.00049 0.714942
5530.31348 0.716487
5532.72510 0.716695
5535.03809 0.717281
5537.47412 0.718452
5539.88574 0.719609
5542.29688 0.720259
5544.60986 0.721108
5547.04639 0.722305
5549.45752 0.722851
5551.87744 0.724363
5554.18213 0.725698
5556.60205 0.726628
5559.03809 0.727711
5561.44971 0.728483
5563.86133 0.729204
5566.29736 0.729549
5568.71729 0.730042
5571.12891 0.729374
5573.56494 0.728629
5575.98486 0.728091
5578.39648 0.726804
5580.83252 0.726187
5583.24414 0.724565
5585.68066 0.724722
5588.10059 0.7231
5590.51221 0.722941
5592.94824 0.721813
5595.35986 0.721147
5597.77979 0.720446
5600.21631 0.719858
5602.62793 0.719018
5605.04785 0.718631
5607.48438 0.717383
5609.89600 0.716674
5612.30762 0.714986
5614.74414 0.713345
5617.16406 0.71147
5619.57568 0.709598
5622.01221 0.707809
5624.42383 0.706414
5626.84424 0.70676
5629.28027 0.707807
5631.69238 0.709857
5634.11230 0.713601
5636.64697 0.71671
5639.08350 0.719501
5641.50391 0.72069
5643.91553 0.717497
5646.45850 0.70682
5648.87061 0.684397
5651.18408 0.643603
5653.49756 0.581591
5655.80273 0.499514
5657.88672 0.410025
5660.65137 0.294331
5663.17822 0.199818
5665.48340 0.130954
5667.91992 0.085167
5670.10205 0.055317
5672.41553 0.036772
5674.59766 0.025704
5676.80469 0.018207
5678.98730 0.013371
5681.17773 0.009418
5683.37646 0.007502
5685.56689 0.006266
5687.74902 0.004395
5689.95605 0.003907
5692.59766 0.00368
5694.78027 0.002556
5696.98730 0.002394
5699.17773 0.002295
5701.84424 0.001177
5704.02637 0.00162
5706.20898 0.001141
6276.83008 0.0
