threeML/data/optical_filters/CAHA/ALHAMBRA-F954W_3.ecsv
# %ECSV 0.9
# ---
# datatype:
# - {name: wavelength, unit: Angstrom, datatype: float32}
# - {name: response, datatype: float32}
# meta: !!omap
# - {band_name: F954W_3}
# - {group_name: ALHAMBRA}
wavelength response
8329.09668 0.0
9254.55176 0.000789
9256.19824 0.002055
9257.94922 0.001974
9260.13086 0.001421
9261.88281 0.002368
9263.52930 0.001498
9265.71582 0.00252
9267.46777 0.002365
9269.19922 0.001336
9270.84668 0.002844
9273.04785 0.001968
9274.77930 0.002047
9276.53125 0.003627
9278.16504 0.001973
9280.36523 0.002988
9282.11621 0.002513
9283.84766 0.001732
9285.57910 0.003774
9287.69531 0.00243
9289.43457 0.003132
9291.16602 0.004547
9292.91797 0.002986
9295.01367 0.004097
9296.75195 0.004167
9298.49707 0.003998
9300.23438 0.006272
9302.33105 0.006115
9304.08203 0.008201
9305.81445 0.010811
9307.56641 0.011891
9309.29785 0.015779
9311.49805 0.022209
9313.15234 0.026633
9314.88379 0.034901
9316.71289 0.046338
9318.45117 0.06109
9320.18359 0.077853
9321.93457 0.101432
9323.76367 0.132509
9325.50195 0.170726
9327.33105 0.216539
9329.16797 0.26902
9331.08105 0.335846
9333.00098 0.394407
9334.92969 0.458555
9336.94727 0.515831
9338.94629 0.566891
9340.96387 0.607686
9342.98145 0.649556
9345.08594 0.67258
9347.09668 0.696134
9349.21289 0.714241
9351.31641 0.724562
9353.41895 0.734371
9355.53418 0.745734
9357.63086 0.758724
9359.73438 0.765181
9361.84863 0.768716
9363.94629 0.79655
9366.14648 0.802829
9368.24902 0.810727
9370.45020 0.836468
9372.54688 0.832987
9374.74609 0.853401
9376.84961 0.855702
9379.04980 0.865528
9381.25000 0.874502
9383.45117 0.87705
9385.65137 0.872314
9387.74805 0.875586
9389.94922 0.879383
9392.14941 0.873253
9394.33008 0.875599
9396.53027 0.878887
9398.64648 0.882848
9400.83398 0.875545
9403.03418 0.87901
9405.23535 0.888535
9407.42969 0.887661
9409.62891 0.883998
9411.73242 0.89364
9413.93359 0.889773
9416.13281 0.893136
9418.33398 0.896017
9420.51465 0.884293
9422.71582 0.897689
9424.91602 0.898784
9427.11719 0.895269
9429.31738 0.890277
9431.41309 0.89545
9433.61328 0.888023
9435.81445 0.893327
9438.00195 0.886198
9440.19629 0.88954
9442.39648 0.883144
9444.59766 0.889238
9446.79785 0.879149
9448.89941 0.889642
9451.10156 0.886716
9453.30078 0.886594
9455.48242 0.883522
9457.68262 0.883939
9459.88379 0.885455
9462.08398 0.885252
9464.28418 0.884059
9466.48535 0.887814
9468.58203 0.884969
9470.78125 0.881789
9472.98242 0.889964
9475.16309 0.888227
9477.36426 0.891171
9479.56445 0.891533
9481.76465 0.890418
9483.96582 0.894965
9486.14551 0.889257
9488.34766 0.886126
9490.54688 0.901258
9492.65039 0.889503
9494.85156 0.889475
9497.05078 0.895384
9499.25195 0.890953
9501.44629 0.883404
9503.64648 0.892598
9505.83398 0.88291
9508.03516 0.889511
9510.23535 0.88869
9512.42871 0.885402
9514.62891 0.882526
9516.81641 0.887158
9518.93262 0.883772
9521.13379 0.887871
9523.31445 0.883424
9525.51562 0.884903
9527.71582 0.882193
9529.91504 0.886593
9532.11719 0.884058
9534.31641 0.885276
9536.49805 0.883744
9538.69824 0.884641
9540.81445 0.882985
9543.00195 0.883252
9545.19629 0.882374
9547.39648 0.884256
9549.59766 0.881218
9551.79688 0.879248
9553.98535 0.87972
9556.17871 0.878947
9558.37988 0.879457
9560.48242 0.87417
9562.68262 0.878346
9564.88379 0.875501
9567.08398 0.874091
9569.28516 0.872274
9571.38086 0.871532
9573.58105 0.872868
9575.78223 0.868915
9577.98242 0.869511
9580.16406 0.873865
9582.36426 0.870195
9584.46680 0.868618
9586.66797 0.876077
9588.86816 0.867659
9591.06836 0.86065
9593.26270 0.867204
9595.36523 0.856302
9597.56543 0.843258
9599.76660 0.839587
9601.86328 0.821143
9604.06250 0.80682
9606.16602 0.802798
9608.36621 0.783348
9610.46289 0.777176
9612.58496 0.775404
9614.68164 0.764462
9616.88281 0.771278
9618.98438 0.771224
9621.10059 0.784174
9623.19727 0.789103
9625.39844 0.800516
9627.50098 0.796392
9629.70117 0.793471
9631.79785 0.761383
9633.90039 0.720712
9636.01660 0.655056
9638.03516 0.579055
9640.03320 0.492254
9641.96582 0.407001
9643.88086 0.331572
9645.71582 0.261459
9647.54688 0.206351
9649.38281 0.162718
9651.21777 0.127226
9652.95020 0.10054
9654.77930 0.079479
9656.51758 0.06324
9658.24902 0.051193
9660.00098 0.039457
9661.73242 0.030743
9663.48340 0.025993
9665.21484 0.021398
9666.94727 0.015699
9668.69824 0.013366
9670.43066 0.011974
9672.53320 0.007712
9674.28516 0.007548
9676.01660 0.006559
9677.74805 0.004247
9679.49902 0.004698
9681.59570 0.003478
9683.33398 0.002394
9685.08594 0.0037
9686.81738 0.002009
9688.91406 0.002789
9690.66504 0.002938
9692.39648 0.000924
10661.63574 0.0
