threeML/data/optical_filters/CAHA/ALHAMBRA-F892W_2.ecsv
# %ECSV 0.9
# ---
# datatype:
# - {name: wavelength, unit: Angstrom, datatype: float32}
# - {name: response, datatype: float32}
# meta: !!omap
# - {band_name: F892W_2}
# - {group_name: ALHAMBRA}
wavelength response
7811.86621 0.0
8679.85156 0.000401
8681.94824 0.002079
8683.69922 0.001069
8685.43164 0.001666
8687.16992 0.002477
8689.28516 0.001132
8691.01758 0.002458
8692.74902 0.002533
8694.94922 0.00199
8696.70117 0.00325
8698.34766 0.001993
8700.08594 0.003174
8701.81836 0.003769
8704.01855 0.001658
8705.66602 0.003506
8707.39746 0.002633
8709.59766 0.003039
8711.33594 0.004009
8713.08105 0.002836
8714.73438 0.003219
8716.46680 0.004202
8718.66699 0.002687
8720.39844 0.003803
8722.15039 0.003476
8723.78418 0.00288
8725.98438 0.004517
8727.73633 0.003918
8729.46777 0.004047
8731.19922 0.005359
8732.95117 0.004429
8735.04688 0.005817
8736.78516 0.006824
8738.53027 0.006007
8740.26855 0.007138
8742.00000 0.008721
8744.11621 0.008511
8745.84766 0.010721
8747.59961 0.012486
8749.33105 0.013475
8751.06934 0.016939
8752.81445 0.020366
8755.00195 0.023904
8756.75293 0.029886
8758.48438 0.037159
8760.23633 0.046028
8761.96777 0.056719
8763.69922 0.072287
8765.53516 0.091424
8767.26758 0.117558
8769.09668 0.150659
8770.93262 0.19155
8772.76855 0.24132
8774.68262 0.297843
8776.61621 0.360605
8778.53027 0.428101
8780.54883 0.495073
8782.65137 0.552299
8784.76758 0.61816
8786.86328 0.674252
8789.06445 0.728422
8791.25195 0.77278
8793.45215 0.805916
8795.75000 0.841818
8797.38477 0.862191
8799.68262 0.877098
8801.41406 0.874257
8803.16602 0.875731
8805.34668 0.87637
8807.65137 0.854493
8809.38281 0.849028
8811.58398 0.837932
8813.86914 0.823946
8816.14746 0.804068
8818.34766 0.802167
8820.54883 0.793078
8822.28027 0.787762
8824.48047 0.786877
8826.68164 0.779516
8828.96680 0.782846
8831.16699 0.781633
8833.36719 0.780943
8835.65234 0.789655
8837.84668 0.787448
8840.15137 0.795507
8842.33203 0.796271
8844.53320 0.809413
8846.81836 0.809641
8849.11621 0.821956
8850.76367 0.822885
8853.04883 0.835059
8854.70215 0.838219
8856.98047 0.850881
8859.26562 0.852443
8861.56445 0.864848
8863.30273 0.869666
8864.94922 0.876601
8866.68164 0.881087
8868.98633 0.884509
8871.34961 0.897476
8873.00293 0.897421
8875.38574 0.897099
8877.11719 0.910575
8878.86914 0.900521
8880.60059 0.907834
8882.35156 0.912322
8884.08398 0.901567
8885.81543 0.912792
8887.56641 0.90929
8889.29883 0.90083
8891.58398 0.907005
8893.33496 0.909414
8895.06641 0.900089
8896.79883 0.90581
8898.54980 0.906335
8900.28125 0.895452
8902.01367 0.906097
8903.76465 0.901214
8905.50293 0.894967
8907.24805 0.905114
8908.98633 0.893843
8910.71777 0.905541
8912.46875 0.896435
8914.20117 0.900094
8915.93262 0.90115
8917.68359 0.899581
8919.41602 0.902117
8921.14746 0.8959
8922.89844 0.90188
8924.63086 0.896806
8926.36914 0.899627
8928.11328 0.896277
8929.85156 0.896461
8931.59668 0.898672
8933.33496 0.895077
8935.06641 0.899552
8936.81836 0.893724
8938.54980 0.896091
8940.38574 0.897008
8942.11719 0.891504
8943.86914 0.894535
8945.60059 0.893436
8947.33203 0.892203
8949.08398 0.895467
8950.81543 0.888559
8952.54688 0.893723
8954.29883 0.890899
8956.03027 0.887419
8957.76855 0.89078
8959.51367 0.884904
8961.25195 0.892524
8963.00293 0.883077
8964.73438 0.890085
8966.46680 0.880301
8968.21777 0.887533
8969.94922 0.878292
8971.68164 0.880644
8973.43262 0.87953
8975.16406 0.872753
8976.90234 0.879678
8978.64746 0.863919
8980.38574 0.868972
8982.11719 0.864548
8984.41602 0.849051
8986.14746 0.860302
8988.43262 0.849156
8990.73047 0.83928
8992.46875 0.833555
8994.74805 0.826393
8997.05273 0.827937
8999.33105 0.816674
9001.61621 0.810567
9003.26367 0.813734
9005.56836 0.813267
9007.84668 0.812004
9010.13184 0.809142
9012.41699 0.816282
9014.71484 0.830381
9017.00000 0.825042
9019.28516 0.838556
9021.58398 0.84901
9023.31543 0.850462
9025.69824 0.864676
9027.42969 0.8591
9029.18164 0.87176
9030.91992 0.868198
9032.65137 0.877233
9034.40234 0.871861
9036.13477 0.871376
9037.86621 0.87275
9039.61719 0.865946
9041.34961 0.863237
9043.08105 0.857025
9044.83203 0.846013
9046.56445 0.842451
9048.31543 0.828239
9050.04688 0.81621
9052.33203 0.802856
9054.63086 0.789161
9056.81836 0.766175
9058.56934 0.761296
9060.76367 0.743188
9063.04883 0.733809
9065.24902 0.722395
9067.53418 0.714642
9069.73438 0.706698
9071.93555 0.683356
9074.11621 0.651989
9076.31641 0.592427
9078.43262 0.49722
9080.43164 0.393683
9082.36523 0.292439
9084.28516 0.205865
9086.11523 0.14431
9087.84668 0.100458
9089.68262 0.069104
9091.43359 0.048592
9093.61523 0.031605
9095.36621 0.022744
9097.09766 0.017644
9098.83594 0.012353
9100.58105 0.009275
9102.31934 0.0084
9103.96680 0.006331
9106.16699 0.004929
9107.89844 0.00509
9109.65039 0.003439
9111.38184 0.003055
9113.11328 0.003543
9115.23633 0.002146
9116.96777 0.002648
9118.69922 0.002424
9120.45117 0.001126
9122.54688 0.002422
9124.28516 0.001407
9126.03027 0.001631
9127.76855 0.002131
9129.86523 0.001011
9131.61621 0.001793
9133.34766 0.001405
9135.54883 0.001288
9137.20215 0.002245
9138.93359 0.000951
10052.82715 0.0
