threeML/data/optical_filters/CAHA/ALHAMBRA-F365W_3.ecsv
# %ECSV 0.9
# ---
# datatype:
# - {name: wavelength, unit: Angstrom, datatype: float32}
# - {name: response, datatype: float32}
# meta: !!omap
# - {band_name: F365W_3}
# - {group_name: ALHAMBRA}
wavelength response
3114.00000 0.0
3460.00000 0.00093
3462.00024 0.001263
3464.00000 0.002098
3466.00024 0.003255
3468.00000 0.004806
3470.00024 0.007325
3472.00000 0.010675
3473.99976 0.016168
3476.00000 0.024143
3477.99976 0.037322
3480.00000 0.058
3482.00000 0.092375
3484.00000 0.145335
3486.00000 0.22413
3488.00000 0.327147
3490.00000 0.439901
3492.00024 0.529461
3494.00000 0.580376
3496.00000 0.594952
3497.99976 0.595637
3500.00000 0.58982
3502.00000 0.589055
3503.99976 0.596197
3506.00000 0.610131
3507.99976 0.62506
3510.00000 0.643618
3512.00024 0.660541
3514.00000 0.671029
3516.00024 0.679517
3518.00000 0.680275
3520.00024 0.678719
3522.00000 0.669519
3523.99976 0.659029
3526.00000 0.649736
3527.99976 0.641138
3530.00000 0.634521
3532.00024 0.631471
3534.00000 0.62824
3536.00024 0.628743
3538.00000 0.629276
3540.00000 0.629788
3542.00024 0.628672
3544.00000 0.625448
3546.00000 0.622655
3547.99976 0.618813
3550.00000 0.615383
3552.00000 0.611488
3554.00000 0.611013
3556.00000 0.613357
3558.00000 0.61865
3560.00000 0.623921
3562.00024 0.632811
3564.00000 0.643542
3566.00024 0.654445
3568.00000 0.659843
3569.99976 0.669734
3572.00000 0.672815
3573.99976 0.67207
3576.00000 0.671643
3577.99976 0.667797
3580.00000 0.665897
3582.00024 0.666028
3584.00000 0.667154
3586.00024 0.671191
3588.00000 0.678191
3590.00024 0.692501
3592.00000 0.706562
3593.99976 0.722612
3596.00000 0.739936
3597.99976 0.757142
3600.00000 0.77247
3602.00000 0.787051
3604.00000 0.797588
3606.00000 0.800636
3608.00000 0.803719
3610.00000 0.801279
3612.00024 0.798532
3614.00000 0.790687
3616.00000 0.783883
3617.99976 0.775827
3620.00000 0.76875
3622.00000 0.76261
3624.00000 0.755104
3626.00000 0.750528
3628.00000 0.745767
3630.00000 0.739857
3632.00024 0.736769
3634.00000 0.732964
3636.00024 0.730134
3638.00000 0.726755
3639.99976 0.723492
3642.00000 0.718015
3643.99976 0.713847
3646.00000 0.709862
3647.99976 0.707384
3650.00000 0.704428
3652.00024 0.701432
3654.00000 0.700846
3656.00024 0.699636
3658.00000 0.702544
3660.00024 0.706492
3662.00000 0.714216
3663.99976 0.719976
3666.00000 0.727909
3667.99976 0.741736
3670.00000 0.756347
3672.00000 0.770467
3674.00000 0.784753
3676.00000 0.798836
3678.00000 0.812408
3680.00000 0.82118
3682.00024 0.829421
3684.00000 0.834613
3686.00000 0.837985
3687.99976 0.838394
3690.00000 0.836491
3692.00000 0.833454
3694.00000 0.83176
3696.00000 0.824865
3697.99976 0.822516
3700.00000 0.816365
3702.00024 0.813035
3704.00000 0.809109
3706.00024 0.805426
3708.00000 0.800508
3709.99976 0.796568
3712.00000 0.792455
3713.99976 0.787353
3716.00000 0.783478
3717.99976 0.780305
3720.00000 0.778262
3722.00024 0.774844
3724.00000 0.771748
3726.00024 0.771346
3728.00000 0.771965
3730.00000 0.774565
3732.00024 0.775718
3733.99976 0.778677
3736.00000 0.779296
3737.99976 0.782804
3740.00000 0.78553
3742.00000 0.782352
3744.00000 0.782262
3746.00000 0.781554
3748.00000 0.776449
3750.00000 0.773061
3752.00024 0.769148
3754.00000 0.762736
3756.00024 0.759308
3757.99976 0.752774
3759.99976 0.751764
3762.00000 0.750631
3763.99976 0.750233
3766.00000 0.750851
3767.99976 0.754727
3770.00000 0.763694
3772.00024 0.769418
3774.00000 0.7802
3776.00024 0.78997
3778.00000 0.790789
3780.00024 0.777573
3782.00000 0.73703
3783.99976 0.661558
3786.00000 0.564017
3787.99976 0.444752
3790.00000 0.328072
3792.00024 0.230517
3794.00000 0.158954
3796.00000 0.108291
3798.00000 0.074311
3800.00000 0.051327
3802.00024 0.035752
3804.00000 0.025122
3806.00000 0.017709
3807.99976 0.012804
3810.00000 0.00936
3812.00000 0.00707
3814.00000 0.005307
3816.00000 0.003991
3818.00000 0.00308
3820.00000 0.002335
3822.00024 0.001789
3824.00000 0.001433
3826.00024 0.001144
3828.00000 0.000871
4210.79980 0.0
