threeML/data/optical_filters/CAHA/ALHAMBRA-F365W_2.ecsv
# %ECSV 0.9
# ---
# datatype:
# - {name: wavelength, unit: Angstrom, datatype: float32}
# - {name: response, datatype: float32}
# meta: !!omap
# - {band_name: F365W_2}
# - {group_name: ALHAMBRA}
wavelength response
3110.39990 0.0
3456.00000 0.000761
3457.99976 0.001121
3460.00000 0.001575
3462.00024 0.002288
3464.00000 0.003347
3466.00024 0.005166
3468.00000 0.007603
3470.00024 0.011863
3472.00000 0.018016
3473.99976 0.028471
3476.00000 0.045151
3477.99976 0.073304
3480.00000 0.11713
3482.00000 0.186389
3484.00000 0.276526
3486.00000 0.375685
3488.00000 0.46828
3490.00000 0.52718
3492.00024 0.566703
3494.00000 0.587107
3496.00000 0.606437
3497.99976 0.627448
3500.00000 0.643637
3502.00000 0.656129
3503.99976 0.66805
3506.00000 0.677309
3507.99976 0.681786
3510.00000 0.685903
3512.00024 0.688356
3514.00000 0.693231
3516.00024 0.698477
3518.00000 0.702977
3520.00024 0.707146
3522.00000 0.70793
3523.99976 0.706397
3526.00000 0.701841
3527.99976 0.690622
3530.00000 0.677332
3532.00024 0.662834
3534.00000 0.64865
3536.00024 0.633979
3538.00000 0.625765
3540.00000 0.621281
3542.00024 0.621883
3544.00000 0.624509
3546.00000 0.63273
3547.99976 0.643297
3550.00000 0.652892
3552.00000 0.663834
3554.00000 0.676484
3556.00000 0.680682
3558.00000 0.684962
3560.00000 0.684468
3562.00024 0.683807
3564.00000 0.679298
3566.00024 0.673962
3568.00000 0.666703
3569.99976 0.665254
3572.00000 0.657186
3573.99976 0.654452
3576.00000 0.650455
3577.99976 0.647685
3580.00000 0.645593
3582.00024 0.641861
3584.00000 0.640836
3586.00024 0.640576
3588.00000 0.640301
3590.00024 0.644335
3592.00000 0.649344
3593.99976 0.655554
3596.00000 0.661344
3597.99976 0.670588
3600.00000 0.681123
3602.00000 0.690882
3604.00000 0.70275
3606.00000 0.711026
3608.00000 0.719304
3610.00000 0.726018
3612.00024 0.729698
3614.00000 0.728703
3616.00000 0.731159
3617.99976 0.727745
3620.00000 0.726392
3622.00000 0.725072
3624.00000 0.723751
3626.00000 0.723622
3628.00000 0.724634
3630.00000 0.725979
3632.00024 0.729571
3634.00000 0.734978
3636.00024 0.741152
3638.00000 0.744368
3639.99976 0.749479
3642.00000 0.750553
3643.99976 0.754836
3646.00000 0.756231
3647.99976 0.756808
3650.00000 0.755809
3652.00024 0.754615
3654.00000 0.750545
3656.00024 0.750687
3658.00000 0.748654
3660.00024 0.74868
3662.00000 0.750586
3663.99976 0.751588
3666.00000 0.755295
3667.99976 0.762483
3670.00000 0.769307
3672.00000 0.776319
3674.00000 0.785653
3676.00000 0.792856
3678.00000 0.79907
3680.00000 0.805016
3682.00024 0.809799
3684.00000 0.808533
3686.00000 0.806349
3687.99976 0.80434
3690.00000 0.79696
3692.00000 0.789283
3694.00000 0.779347
3696.00000 0.768046
3697.99976 0.756579
3700.00000 0.745527
3702.00024 0.737537
3704.00000 0.729264
3706.00024 0.723958
3708.00000 0.716663
3709.99976 0.714869
3712.00000 0.713504
3713.99976 0.711778
3716.00000 0.714608
3717.99976 0.716694
3720.00000 0.720473
3722.00024 0.725777
3724.00000 0.730616
3726.00024 0.732898
3728.00000 0.738104
3730.00000 0.741753
3732.00024 0.745154
3733.99976 0.745756
3736.00000 0.748039
3737.99976 0.749138
3740.00000 0.749334
3742.00000 0.745519
3744.00000 0.741304
3746.00000 0.737595
3748.00000 0.729016
3750.00000 0.718624
3752.00024 0.706753
3754.00000 0.692134
3756.00024 0.676381
3757.99976 0.661249
3759.99976 0.647493
3762.00000 0.630948
3763.99976 0.618228
3766.00000 0.606877
3767.99976 0.598711
3770.00000 0.597809
3772.00024 0.599278
3774.00000 0.607763
3776.00024 0.624064
3778.00000 0.647862
3780.00024 0.679222
3782.00000 0.710541
3783.99976 0.733892
3786.00000 0.735773
3787.99976 0.703197
3790.00000 0.626546
3792.00024 0.516849
3794.00000 0.397169
3796.00000 0.288592
3798.00000 0.202359
3800.00000 0.138301
3802.00024 0.093515
3804.00000 0.063226
3806.00000 0.043157
3807.99976 0.029705
3810.00000 0.020833
3812.00000 0.014964
3814.00000 0.010692
3816.00000 0.007698
3818.00000 0.005619
3820.00000 0.004111
3822.00024 0.002984
3824.00000 0.002204
3826.00024 0.001724
3828.00000 0.001258
3829.99976 0.000957
4212.99951 0.0
