threeML/data/optical_filters/CAHA/ALHAMBRA-A425M.ecsv
# %ECSV 0.9
# ---
# datatype:
# - {name: wavelength, unit: Angstrom, datatype: float32}
# - {name: response, datatype: float32}
# meta: !!omap
# - {band_name: A425M}
# - {group_name: ALHAMBRA}
wavelength response
3643.19995 0.0
4048.00000 0.001362
4050.00000 0.001821
4052.00000 0.002471
4054.00000 0.003376
4056.00000 0.004508
4058.00000 0.006164
4060.00000 0.008428
4062.00000 0.011488
4064.00000 0.015862
4066.00000 0.021535
4068.00000 0.029289
4070.00000 0.039584
4072.00000 0.054386
4074.00000 0.074852
4076.00000 0.102986
4078.00000 0.139964
4080.00000 0.187634
4082.00000 0.245473
4084.00000 0.30883
4086.00000 0.37604
4088.00000 0.434527
4090.00000 0.477114
4092.00000 0.49955
4094.00000 0.50766
4096.00000 0.506683
4098.00000 0.50186
4100.00000 0.497978
4102.00000 0.495346
4104.00000 0.493593
4106.00000 0.494542
4108.00000 0.496583
4110.00000 0.499197
4112.00000 0.502047
4114.00000 0.502922
4116.00000 0.503614
4118.00000 0.503157
4120.00000 0.501212
4122.00000 0.498475
4124.00000 0.49494
4126.00000 0.491116
4128.00000 0.486705
4130.00000 0.483855
4132.00000 0.480069
4134.00000 0.477622
4136.00000 0.475119
4138.00000 0.473545
4140.00000 0.472038
4142.00000 0.47111
4144.00000 0.470804
4146.00000 0.469357
4148.00000 0.470367
4150.00000 0.470825
4152.00000 0.471726
4154.00000 0.473531
4156.00000 0.475074
4158.00000 0.47875
4160.00000 0.483109
4162.00000 0.486757
4164.00000 0.492775
4166.00000 0.499142
4168.00000 0.505746
4170.00000 0.513399
4172.00000 0.520124
4174.00000 0.527367
4176.00000 0.533631
4178.00000 0.540234
4180.00000 0.546177
4182.00000 0.549597
4184.00000 0.55346
4186.00000 0.555219
4188.00000 0.556037
4190.00000 0.555795
4192.00000 0.555091
4194.00000 0.551787
4196.00000 0.548399
4198.00000 0.545573
4200.00000 0.541012
4202.00000 0.537017
4204.00000 0.533329
4206.00000 0.529122
4208.00000 0.526587
4210.00000 0.523386
4212.00000 0.521014
4214.00000 0.520775
4216.00000 0.519164
4218.00000 0.519587
4220.00000 0.52095
4222.00000 0.5225
4224.00000 0.525142
4226.00000 0.528003
4228.00000 0.531943
4230.00000 0.537573
4232.00000 0.541359
4234.00000 0.546295
4236.00000 0.551663
4238.00000 0.556531
4240.00000 0.55997
4242.00000 0.564028
4244.00000 0.56701
4246.00000 0.569342
4248.00000 0.570155
4250.00000 0.570369
4252.00000 0.568726
4254.00000 0.566424
4256.00000 0.562516
4258.00000 0.557776
4260.00000 0.552899
4262.00000 0.548017
4264.00000 0.543201
4266.00000 0.537513
4268.00000 0.53162
4270.00000 0.526762
4272.00000 0.523555
4274.00000 0.519624
4276.00000 0.516921
4278.00000 0.515624
4280.00000 0.51422
4282.00000 0.513562
4284.00000 0.514368
4286.00000 0.515839
4288.00000 0.517967
4290.00000 0.520466
4292.00000 0.523674
4294.00000 0.527798
4296.00000 0.532682
4298.00000 0.535452
4300.00000 0.539195
4302.00000 0.544211
4304.00000 0.548564
4306.00000 0.552063
4308.00000 0.556257
4310.00000 0.55817
4312.00000 0.560488
4314.00000 0.562575
4316.00000 0.564798
4318.00000 0.564922
4320.00000 0.565376
4322.00000 0.565265
4324.00000 0.56367
4326.00000 0.563024
4328.00000 0.560533
4330.00000 0.558244
4332.00000 0.554533
4334.00000 0.551644
4336.00000 0.547391
4338.00000 0.543741
4340.00000 0.540464
4342.00000 0.534458
4344.00000 0.530361
4346.00000 0.526537
4348.00000 0.522169
4350.00000 0.51761
4352.00000 0.514862
4354.00000 0.511135
4356.00000 0.509004
4358.00000 0.507026
4360.00000 0.504646
4362.00000 0.504096
4364.00000 0.504055
4366.00000 0.504536
4368.00000 0.50664
4370.00000 0.507819
4372.00000 0.509978
4374.00000 0.513404
4376.00000 0.516451
4378.00000 0.52084
4380.00000 0.524553
4382.00000 0.528437
4384.00000 0.534016
4386.00000 0.538207
4388.00000 0.542661
4390.00000 0.546053
4392.00000 0.550258
4394.00000 0.55368
4396.00000 0.556911
4398.00000 0.559027
4400.00000 0.560449
4402.00000 0.557638
4404.00000 0.552946
4406.00000 0.540975
4408.00000 0.524253
4410.00000 0.496356
4412.00000 0.458677
4414.00000 0.410213
4416.00000 0.355197
4418.00000 0.296743
4420.00000 0.240948
4422.00000 0.189148
4424.00000 0.145965
4426.00000 0.109089
4428.00000 0.080952
4430.00000 0.060238
4432.00000 0.044493
4434.00000 0.033304
4436.00000 0.02473
4438.00000 0.018648
4440.00000 0.01381
4442.00000 0.010457
4444.00000 0.007911
4446.00000 0.006083
4448.00000 0.004661
4450.00000 0.003624
4452.00000 0.002812
4454.00000 0.002183
4456.00000 0.001682
4458.00000 0.001331
4460.00000 0.001067
4906.00000 0.0
