threeML/data/optical_filters/CAHA/ALHAMBRA-F551W_3.ecsv
# %ECSV 0.9
# ---
# datatype:
# - {name: wavelength, unit: Angstrom, datatype: float32}
# - {name: response, datatype: float32}
# meta: !!omap
# - {band_name: F551W_3}
# - {group_name: ALHAMBRA}
wavelength response
4790.06982 0.0
5322.29980 0.000781
5324.48047 0.001002
5326.66992 0.002274
5329.33496 0.001272
5331.51562 0.00237
5333.69678 0.002532
5335.90283 0.002799
5338.64941 0.005037
5340.73242 0.005629
5342.93799 0.006816
5345.11914 0.010509
5347.30029 0.013417
5349.50586 0.018974
5351.68701 0.029476
5353.86865 0.04663
5356.18018 0.076509
5358.38623 0.133751
5360.79688 0.239511
5363.21631 0.426038
5365.97949 0.66161
5368.18555 0.782484
5370.36670 0.832846
5372.55615 0.845001
5374.86035 0.848915
5377.04932 0.855777
5379.35400 0.863877
5381.56006 0.873053
5383.87305 0.88039
5386.16016 0.885504
5388.46436 0.888508
5390.67090 0.890027
5392.95850 0.887157
5395.27100 0.884629
5397.57520 0.882412
5399.78076 0.878029
5402.06934 0.874809
5404.38184 0.872079
5406.68604 0.869705
5408.87598 0.86991
5411.17969 0.873163
5413.49268 0.876708
5415.79688 0.880059
5418.10986 0.884765
5420.42236 0.890518
5422.72656 0.893525
5425.01465 0.896084
5427.32715 0.897708
5429.63135 0.896317
5431.94434 0.897149
5434.25732 0.895067
5436.56104 0.894478
5438.84912 0.894583
5441.16211 0.892707
5443.59814 0.893412
5445.90186 0.89097
5448.19043 0.891898
5450.50293 0.890506
5452.81592 0.891874
5455.12012 0.891451
5457.43359 0.89207
5459.84424 0.893346
5462.15674 0.894668
5464.46191 0.895229
5466.77441 0.895542
5469.18555 0.895507
5471.49854 0.896113
5473.81104 0.893197
5476.22266 0.893022
5478.53516 0.890646
5480.83984 0.888422
5483.25928 0.885875
5485.56396 0.885025
5487.87646 0.883241
5490.28809 0.881584
5492.60156 0.881563
5494.90576 0.879871
5497.32568 0.88039
5499.63037 0.879363
5501.94238 0.87957
5504.35400 0.8791
5506.66699 0.878651
5509.07812 0.87923
5511.39160 0.879795
5513.70410 0.881439
5516.11621 0.883698
5518.42871 0.883546
5520.86475 0.884852
5523.16943 0.886051
5525.58936 0.886409
5528.00049 0.887638
5530.31348 0.889495
5532.72559 0.889694
5535.03760 0.890369
5537.47363 0.89177
5539.88525 0.893159
5542.29688 0.893926
5544.60986 0.894946
5547.04590 0.896399
5549.45752 0.89705
5551.87744 0.898903
5554.18213 0.900542
5556.60205 0.901682
5559.03809 0.903014
5561.44971 0.903964
5563.86084 0.904853
5566.29736 0.905278
5568.71729 0.905891
5571.12891 0.905067
5573.56494 0.904151
5575.98486 0.903497
5578.39697 0.901916
5580.83301 0.901173
5583.24463 0.899185
5585.68066 0.89941
5588.10059 0.897433
5590.51172 0.897275
5592.94824 0.895921
5595.36035 0.895143
5597.78027 0.894328
5600.21631 0.893657
5602.62793 0.892677
5605.04785 0.892263
5607.48438 0.890784
5609.89600 0.889975
5612.30762 0.887952
5614.74414 0.885991
5617.16455 0.883741
5619.57568 0.881498
5622.01221 0.87936
5624.42383 0.877713
5626.84375 0.878232
5629.28027 0.879626
5631.69287 0.882268
5634.11230 0.887021
5636.64697 0.890993
5639.08398 0.894569
5641.50391 0.896155
5643.91504 0.892291
5646.45850 0.879129
5648.87109 0.851354
5651.18457 0.800718
5653.49707 0.723669
5655.80273 0.621633
5657.88623 0.510337
5660.65088 0.366413
5663.17822 0.248802
5665.48389 0.163085
5667.91943 0.106085
5670.10205 0.068915
5672.41602 0.04582
5674.59766 0.032035
5676.80518 0.022695
5678.98682 0.016671
5681.17773 0.011744
5683.37646 0.009356
5685.56738 0.007817
5687.74902 0.005484
5689.95605 0.004876
5692.59766 0.004593
5694.78027 0.003191
5696.98730 0.002989
5699.17773 0.002866
5701.84375 0.00147
5704.02686 0.002023
5706.20898 0.001426
5708.41650 0.00087
6279.25830 0.0
