threeML/data/optical_filters/CAHA/ALHAMBRA-F861W_2.ecsv
# %ECSV 0.9
# ---
# datatype:
# - {name: wavelength, unit: Angstrom, datatype: float32}
# - {name: response, datatype: float32}
# meta: !!omap
# - {band_name: F861W_2}
# - {group_name: ALHAMBRA}
wavelength response
8337.77051 0.0
8339.52246 0.002883
8341.27441 0.001059
8343.41406 0.0026
8345.16602 0.001248
8346.92480 0.001447
8349.15039 0.003358
8350.81641 0.001153
8352.58789 0.002789
8354.33887 0.002589
8356.56445 0.002304
8358.31641 0.003844
8359.98828 0.002677
8361.74023 0.003637
8363.96484 0.003555
8365.71680 0.001911
8367.48828 0.004105
8369.15430 0.002775
8371.36719 0.003062
8373.12988 0.00495
8374.88867 0.002665
8376.55469 0.003914
8378.78027 0.003351
8380.53027 0.00267
8382.30176 0.004464
8384.05371 0.003508
8386.17969 0.003696
8387.95020 0.004661
8389.70215 0.004089
8391.45312 0.004475
8393.59180 0.004468
8395.34961 0.003417
8397.10059 0.005498
8398.87207 0.004907
8400.99121 0.004714
8402.74121 0.007233
8404.51270 0.00639
8406.26367 0.006861
8408.03418 0.010628
8410.16016 0.011041
8411.91113 0.014431
8413.68164 0.019338
8415.43164 0.022342
8417.18262 0.03012
8418.95312 0.040677
8420.70410 0.05213
8422.46094 0.068786
8424.22559 0.089786
8426.08105 0.114235
8427.83203 0.148334
8429.68750 0.188786
8431.53711 0.24129
8433.39258 0.305559
8435.22852 0.3708
8437.18359 0.438968
8439.11816 0.502844
8441.05957 0.560837
8443.09961 0.602586
8445.13184 0.643928
8447.17188 0.665485
8449.21289 0.690089
8451.25293 0.702858
8453.27246 0.716108
8455.31152 0.723931
8457.45020 0.736723
8459.46973 0.744457
8461.50977 0.759476
8463.64844 0.761839
8465.66895 0.779276
8467.80664 0.791119
8469.84668 0.79387
8471.96484 0.815114
8474.08887 0.82867
8476.22754 0.830289
8478.24707 0.840777
8480.38574 0.858125
8482.51074 0.865822
8484.63574 0.861019
8486.77344 0.858105
8488.89160 0.8633
8491.01562 0.869537
8493.15332 0.874022
8495.27148 0.872671
8497.39648 0.866792
8499.53418 0.863587
8501.65918 0.860979
8503.77734 0.861022
8507.47949 0.860685
8509.60352 0.857879
8511.74121 0.861076
8513.86523 0.864414
8515.98340 0.865395
8518.12109 0.859886
8520.24512 0.855382
8522.36328 0.863641
8524.50684 0.862304
8526.62500 0.854799
8528.74902 0.864068
8530.88574 0.86287
8533.00391 0.854938
8535.22559 0.865314
8537.34961 0.85821
8539.46680 0.860446
8541.61133 0.860985
8543.72852 0.857393
8545.85156 0.865673
8547.98926 0.85716
8550.10645 0.864526
8552.23047 0.859296
8554.36719 0.865453
8556.49023 0.858193
8558.60742 0.862971
8560.74512 0.864639
8562.96680 0.861904
8565.09082 0.861703
8567.20703 0.86291
8569.34375 0.864068
8571.46680 0.861251
8573.59082 0.862514
8575.72656 0.86569
8577.84375 0.861808
8579.96680 0.860726
8582.18848 0.867276
8584.30566 0.867478
8586.44238 0.859876
8588.56445 0.859853
8590.68848 0.867858
8592.82520 0.872296
8595.02637 0.872688
8597.16211 0.871706
8599.28516 0.865888
8601.40234 0.860854
8603.62402 0.862526
8605.75977 0.867266
8607.88184 0.876416
8609.99902 0.879886
8612.14062 0.873882
8614.34277 0.867796
8616.47754 0.865646
8618.60156 0.873781
8620.81543 0.882384
8622.93848 0.870124
8625.07324 0.869584
8627.28223 0.879968
8629.41699 0.871061
8631.53320 0.875137
8633.65625 0.874678
8635.87695 0.871038
8638.01270 0.874506
8640.12793 0.872292
8642.34863 0.874817
8644.47168 0.873216
8646.58691 0.874837
8648.80859 0.870523
8650.93066 0.872198
8653.06543 0.87138
8655.28613 0.873734
8657.40137 0.871497
8659.52344 0.871945
8661.74414 0.870304
8663.86621 0.867552
8666.00098 0.872846
8668.22168 0.864233
8670.33594 0.8724
8672.45801 0.871782
8674.67871 0.859309
8676.79395 0.869885
8678.92871 0.871171
8681.14844 0.857566
8683.27051 0.859985
8685.49023 0.869216
8687.60547 0.872814
8689.72656 0.862775
8691.94727 0.856931
8694.06250 0.859033
8696.19629 0.864761
8698.41699 0.871781
8700.53809 0.869642
8702.65234 0.868465
8704.87207 0.863134
8706.99414 0.864397
8709.21387 0.865234
8711.34766 0.869911
8713.54688 0.866255
8715.68164 0.864281
8717.80273 0.86198
8720.02246 0.860291
8722.13672 0.855772
8724.35645 0.853919
8726.47656 0.854792
8728.61133 0.84628
8730.83008 0.848696
8732.95215 0.846543
8735.06641 0.840172
8737.28516 0.84578
8739.40625 0.837953
8741.53906 0.841851
8743.73926 0.840887
8745.87305 0.839938
8748.09180 0.843155
8750.21289 0.841691
8752.32617 0.845463
8754.54492 0.842323
8756.66504 0.850595
8758.88477 0.842665
8761.01855 0.852751
8763.13184 0.84381
8765.35059 0.850824
8767.47070 0.846127
8769.68945 0.843539
8771.80273 0.841716
8773.93652 0.834244
8776.14160 0.825825
8778.27539 0.817753
8780.38867 0.804154
8782.60742 0.79153
8784.72754 0.777817
8786.86035 0.757035
8788.97949 0.741905
8791.00781 0.727487
8793.12793 0.699888
8795.24219 0.65467
8797.27637 0.598863
8799.31055 0.530892
8801.23926 0.444782
8803.18945 0.350839
8805.12500 0.265369
8806.96875 0.194764
8808.72070 0.140452
8810.56445 0.100567
8812.30957 0.072944
8814.07520 0.053227
8815.82031 0.0401
8817.58594 0.031244
8819.33789 0.022295
8821.54883 0.016718
8823.30078 0.01474
8825.04590 0.01036
8826.81152 0.009173
8828.47168 0.008518
8830.67676 0.005409
8832.43457 0.005493
8834.18652 0.005566
8835.94531 0.003516
8837.59180 0.004209
8839.80859 0.002983
8841.57324 0.002413
8843.31934 0.003684
8845.06445 0.002255
8847.20312 0.00273
8848.94824 0.003195
8850.69238 0.001008
8852.45703 0.002343
8854.56934 0.001707
8856.32031 0.001244
8858.07910 0.002711
8859.83008 0.000697
9745.81348 0.0
