threeML/data/optical_filters/CAHA/ALHAMBRA-F830W_2.ecsv
# %ECSV 0.9
# ---
# datatype:
# - {name: wavelength, unit: Angstrom, datatype: float32}
# - {name: response, datatype: float32}
# meta: !!omap
# - {band_name: F830W_2}
# - {group_name: ALHAMBRA}
wavelength response
7260.79980 0.0
8067.55518 0.000573
8069.68701 0.003355
8071.44189 0.001959
8073.21729 0.002119
8074.97217 0.003256
8077.09717 0.001465
8078.87158 0.003585
8080.63379 0.002365
8082.38916 0.002203
8084.53320 0.003753
8086.28857 0.001876
8088.04346 0.002365
8089.81885 0.00375
8092.04932 0.001793
8093.70459 0.003665
8095.47998 0.002605
8097.23438 0.003009
8099.46436 0.004798
8101.13379 0.001545
8102.89453 0.003658
8104.66260 0.004226
8106.87988 0.002925
8108.65479 0.004955
8110.32373 0.004303
8112.07812 0.004221
8114.30762 0.007044
8116.06299 0.006136
8117.83740 0.008065
8119.59277 0.009696
8121.26758 0.010926
8123.49707 0.014224
8125.25146 0.017651
8127.00586 0.020221
8128.78076 0.026961
8130.53516 0.034676
8132.29590 0.041818
8134.06348 0.053944
8135.82520 0.068701
8137.57959 0.088479
8139.43311 0.112883
8141.20703 0.142149
8143.04639 0.17919
8144.90723 0.22429
8146.76074 0.282243
8148.71875 0.346877
8150.66455 0.424229
8152.60352 0.505508
8154.64795 0.588714
8156.69238 0.664589
8158.81592 0.726334
8160.95898 0.781794
8163.08887 0.811763
8165.21924 0.835282
8167.44189 0.860592
8169.66992 0.874917
8171.79980 0.87654
8174.02783 0.884364
8176.25781 0.893633
8178.38037 0.900606
8180.60938 0.906993
8182.83740 0.908126
8185.06543 0.904525
8187.27490 0.901971
8189.42432 0.901404
8191.65283 0.89912
8193.86133 0.900287
8196.08984 0.902444
8198.31738 0.905699
8200.54688 0.90679
8202.77441 0.908496
8204.89648 0.912418
8207.12500 0.915585
8209.35352 0.918288
8211.56152 0.921655
8213.78906 0.922753
8216.01855 0.921685
8218.24609 0.912935
8220.47363 0.906996
8222.70117 0.907178
8224.90918 0.905473
8227.13672 0.893908
8229.27930 0.892489
8231.49414 0.890283
8233.72266 0.881331
8235.95020 0.88407
8238.17090 0.880365
8240.29980 0.874008
8242.52734 0.879842
8244.75488 0.869908
8246.87695 0.874329
8249.10449 0.873045
8251.33203 0.871174
8253.55957 0.878133
8255.68750 0.872992
8257.91504 0.879453
8260.14258 0.882802
8262.34961 0.882378
8264.49023 0.890017
8266.71777 0.890593
8268.92578 0.891683
8271.15332 0.900483
8273.37988 0.90687
8275.60645 0.908194
8277.83398 0.905916
8280.04102 0.906163
8282.26758 0.909385
8284.49512 0.91235
8286.72168 0.915308
8288.94824 0.915819
8291.17480 0.914663
8293.38184 0.908206
8295.60938 0.900795
8297.83496 0.894352
8300.06250 0.888791
8302.19043 0.882039
8304.41699 0.874119
8306.63574 0.866729
8308.86328 0.863296
8311.07617 0.86342
8313.21680 0.864476
8315.44336 0.870782
8317.64941 0.875743
8319.87598 0.870952
8322.10254 0.866034
8324.23047 0.877365
8326.44922 0.882333
8328.67578 0.876716
8330.90137 0.885776
8333.12695 0.890887
8335.35352 0.890611
8337.56641 0.896312
8339.78613 0.895573
8342.01172 0.902492
8344.23730 0.90433
8346.46289 0.902931
8348.67578 0.906372
8350.89453 0.905086
8353.12109 0.906234
8355.34668 0.9035
8357.57227 0.900715
8359.79785 0.902421
8362.00977 0.892781
8364.22949 0.89454
8366.45410 0.89343
8368.67969 0.878349
8370.90527 0.872969
8373.11816 0.876367
8375.33594 0.866998
8377.56152 0.855879
8379.78711 0.853663
8381.91309 0.857978
8384.13867 0.855426
8386.36328 0.851254
8388.58887 0.851527
8390.81348 0.853445
8393.01953 0.855884
8395.15918 0.866176
8397.38281 0.875717
8399.58887 0.884394
8401.81445 0.891934
8404.12402 0.897046
8406.34863 0.898897
8408.57324 0.895715
8410.79883 0.886526
8413.02246 0.876518
8415.24805 0.866718
8417.45312 0.852973
8419.67773 0.843577
8421.81641 0.838193
8424.02148 0.8293
8426.24609 0.819183
8428.47070 0.815865
8430.59570 0.799118
8432.82031 0.776649
8434.95898 0.750802
8437.07812 0.695156
8439.20410 0.63793
8441.24414 0.564063
8443.27637 0.491452
8445.21777 0.41442
8447.17188 0.344954
8449.10645 0.283004
8450.96191 0.227515
8452.81152 0.183352
8454.64746 0.146823
8456.50293 0.115951
8458.27246 0.092237
8460.02344 0.072663
8461.87891 0.05815
8463.62793 0.046728
8465.76758 0.034633
8467.51758 0.027198
8469.26660 0.022688
8471.03711 0.019271
8472.79395 0.01436
8474.54297 0.012116
8476.31250 0.010769
8478.53027 0.006707
8480.18164 0.006642
8481.95117 0.005922
8483.70117 0.003511
8485.45703 0.004081
8487.68066 0.00319
8489.44336 0.001811
8491.09473 0.003046
8492.86426 0.001674
8495.08789 0.001451
8496.83789 0.00282
8498.50879 0.000795
9348.35938 0.0
