threeML/data/optical_filters/CAHA/ALHAMBRA-F489W_4.ecsv
# %ECSV 0.9
# ---
# datatype:
# - {name: wavelength, unit: Angstrom, datatype: float32}
# - {name: response, datatype: float32}
# meta: !!omap
# - {band_name: F489W_4}
# - {group_name: ALHAMBRA}
wavelength response
4243.69629 0.0
4715.21826 0.000761
4717.44336 0.009113
4720.26025 0.009834
4722.36865 0.008304
4724.58594 0.032368
4726.82764 0.037724
4729.04443 0.057747
4731.86182 0.145531
4733.97852 0.232452
4736.19531 0.386046
4738.53711 0.553892
4740.76270 0.653219
4742.99658 0.678679
4745.22168 0.664959
4747.56396 0.660127
4749.78906 0.661131
4752.02246 0.665685
4754.24854 0.677304
4756.46533 0.683629
4758.80762 0.69866
4761.04932 0.704727
4763.26660 0.711356
4765.61719 0.714529
4767.83398 0.705633
4770.07666 0.705409
4772.29346 0.706381
4774.64404 0.705109
4776.86133 0.702361
4779.07861 0.70372
4781.42871 0.717798
4783.67139 0.721673
4785.88818 0.729978
4788.10547 0.738001
4790.45605 0.745177
4792.69873 0.752615
4794.91602 0.745222
4797.26660 0.73806
4799.48389 0.734756
4801.70117 0.731286
4804.05176 0.730034
4806.28564 0.726775
4808.51172 0.724818
4810.85400 0.719436
4813.07959 0.72307
4815.31348 0.726161
4817.63965 0.733454
4819.88184 0.738277
4822.09912 0.744108
4824.45020 0.751361
4826.66797 0.750282
4828.91016 0.756342
4831.26074 0.764358
4833.47803 0.77137
4835.82129 0.776941
4838.04688 0.786141
4840.28955 0.793668
4842.61523 0.800466
4844.84961 0.804473
4847.07568 0.805908
4849.41846 0.807226
4851.63574 0.805371
4853.98682 0.799064
4856.22949 0.79112
4858.44678 0.789281
4860.79785 0.786596
4863.01562 0.783934
4865.23340 0.77474
4867.58447 0.774257
4869.82715 0.771213
4872.04492 0.772972
4874.38770 0.776042
4876.61377 0.781675
4878.95654 0.784222
4881.17480 0.786713
4883.41748 0.788868
4885.76855 0.795214
4887.98633 0.7976
4890.20410 0.798939
4892.55518 0.802885
4894.79834 0.811749
4897.12402 0.81653
4899.36768 0.818523
4901.70996 0.818179
4903.92822 0.81719
4906.27979 0.815231
4908.49707 0.80846
4910.84863 0.801054
4913.06689 0.804541
4915.41846 0.803639
4917.66113 0.802324
4919.87939 0.805073
4922.22217 0.801046
4924.44824 0.793301
4926.79150 0.787306
4929.00977 0.78519
4931.36133 0.79007
4933.60400 0.790703
4935.93066 0.790769
4938.17383 0.78793
4940.51709 0.788413
4942.74365 0.793638
4945.08691 0.800689
4947.30469 0.808081
4949.65674 0.811246
4951.87451 0.80984
4954.22607 0.807407
4956.46924 0.810343
4958.81250 0.814793
4961.03076 0.817749
4963.38281 0.815945
4965.60059 0.813683
4967.95264 0.811135
4970.17090 0.812916
4972.52246 0.813594
4974.74072 0.821968
4977.09229 0.824834
4979.43604 0.817121
4981.67920 0.811945
4984.00586 0.809919
4986.24951 0.809963
4988.59277 0.801446
4990.91943 0.798572
4993.16309 0.803108
4995.51514 0.804833
4997.73340 0.813738
5000.08545 0.81695
5002.42871 0.81642
5004.65576 0.816244
5006.99902 0.823452
5009.21777 0.815575
5011.56982 0.818082
5013.92188 0.819177
5016.14014 0.827851
5018.48389 0.833066
5020.83594 0.824706
5023.05469 0.819227
5025.40674 0.814119
5027.75000 0.814995
5029.97705 0.810398
5032.32080 0.813868
5034.67285 0.820034
5036.91650 0.813852
5039.24414 0.800803
5041.58740 0.800138
5043.83105 0.80726
5046.15820 0.806098
5048.51025 0.805757
5050.75439 0.80484
5053.09814 0.802055
5055.42529 0.784431
5057.66895 0.78695
5060.02148 0.784924
5062.34863 0.78103
5064.58398 0.772278
5066.93652 0.766488
5069.26367 0.755122
5071.50781 0.750151
5073.85156 0.752215
5076.20410 0.758427
5078.42285 0.755942
5080.77490 0.758285
5083.12744 0.750171
5085.34668 0.730417
5087.69043 0.698452
5090.04297 0.624577
5092.26172 0.507375
5094.48096 0.373108
5096.83350 0.248747
5099.54443 0.137681
5101.76367 0.092618
5103.99072 0.055999
5106.22656 0.032794
5111.27393 0.015147
5113.38428 0.011253
5115.60303 0.014718
5117.83057 0.004176
5120.06641 0.007289
5122.88623 0.004483
5124.98047 0.0
