threeML/data/optical_filters/CAHA/ALHAMBRA-F520W.ecsv
# %ECSV 0.9
# ---
# datatype:
# - {name: wavelength, unit: Angstrom, datatype: float32}
# - {name: response, datatype: float32}
# meta: !!omap
# - {band_name: F520W}
# - {group_name: ALHAMBRA}
wavelength response
5042.36914 0.0
5045.18799 0.004155
5047.29883 0.003106
5049.51709 0.002056
5051.76123 0.010972
5054.58105 0.013997
5056.79883 0.026581
5059.02588 0.047715
5061.13721 0.073135
5063.38086 0.123974
5065.60010 0.207379
5067.95215 0.316882
5070.17090 0.44513
5072.51514 0.558623
5074.86719 0.633073
5077.21924 0.675384
5079.56299 0.687276
5081.89111 0.678163
5084.24316 0.678657
5086.58691 0.678656
5088.93896 0.69093
5091.29199 0.714995
5093.63623 0.737773
5095.98779 0.772131
5098.44092 0.795054
5100.79297 0.816551
5103.13818 0.820286
5105.59912 0.825896
5107.94287 0.824397
5110.29492 0.821584
5112.74805 0.824974
5115.10107 0.817376
5117.55322 0.818663
5119.90576 0.818225
5122.35791 0.817359
5124.71094 0.823969
5127.06299 0.820906
5129.51709 0.821898
5131.87012 0.826912
5134.34717 0.821951
5136.67480 0.827556
5139.15283 0.829771
5141.49707 0.827393
5143.95801 0.828919
5146.30322 0.828794
5148.76416 0.822716
5152.99414 0.822533
5155.33789 0.820041
5157.79980 0.825927
5160.14404 0.829142
5162.60596 0.826211
5165.07520 0.828755
5167.42822 0.831215
5169.88086 0.833512
5172.23389 0.831043
5174.68701 0.833624
5177.04004 0.838414
5179.49414 0.835011
5181.97217 0.832305
5184.29883 0.836645
5186.77686 0.837289
5189.23877 0.835026
5191.58398 0.833227
5194.04590 0.836831
5196.52295 0.835504
5198.86816 0.834855
5201.33008 0.831273
5203.78320 0.829469
5206.26123 0.831404
5208.58887 0.834299
5211.06787 0.832593
5213.52881 0.828545
5215.98291 0.827908
5218.33496 0.828438
5220.81396 0.830647
5223.26709 0.832813
5225.72119 0.833871
5228.19922 0.833174
5230.66113 0.828992
5233.00586 0.826204
5235.46777 0.825524
5237.94580 0.827717
5240.39990 0.826662
5242.85400 0.825524
5245.33203 0.824385
5247.79395 0.825761
5250.24805 0.826604
5252.72607 0.830229
5255.18701 0.829158
5257.64111 0.828152
5260.12012 0.831131
5262.57324 0.832793
5265.03613 0.831374
5267.51416 0.828961
5269.96777 0.831469
5272.42090 0.833993
5274.89990 0.832038
5277.36182 0.829521
5279.81592 0.830681
5282.29492 0.831214
5284.75684 0.830921
5287.20996 0.828465
5289.68896 0.82708
5292.14307 0.827882
5294.60498 0.825628
5297.08398 0.822988
5299.53809 0.823354
5302.00000 0.821644
5304.47119 0.818479
5306.93311 0.817729
5309.38721 0.816833
5311.86621 0.813513
5314.32812 0.811836
5316.80811 0.811452
5319.26123 0.808674
5321.71484 0.806485
5324.19385 0.80624
5326.65576 0.802962
5329.10986 0.800782
5331.58887 0.800751
5334.15186 0.797507
5336.63086 0.79545
5339.09424 0.795941
5341.54785 0.792768
5344.02686 0.791965
5346.48096 0.792376
5348.94385 0.791253
5351.42285 0.79198
5353.87695 0.79151
5356.35596 0.788028
5358.81787 0.785547
5361.27197 0.774641
5363.75195 0.767586
5366.20703 0.751596
5368.66895 0.738559
5371.14795 0.725172
5373.60303 0.711162
5376.05713 0.701118
5378.53711 0.689214
5380.99902 0.676485
5383.45410 0.661622
5385.80811 0.640509
5388.26221 0.602411
5390.61719 0.538169
5393.09619 0.454019
5395.44092 0.350314
5397.67090 0.249986
5400.01709 0.166488
5402.23779 0.103968
5404.46680 0.063327
5406.71191 0.041435
5408.93311 0.028402
5411.17920 0.016469
5413.86719 0.011083
5416.08789 0.009081
5418.33398 0.004869
5420.55420 0.005282
5422.78418 0.003598
5425.49707 0.001657
5427.71777 0.004131
5429.93896 0.001508
5432.18506 0.001644
5435.00684 0.003277
5437.10303 0.000409
5980.81348 0.0
