threeML/data/optical_filters/CAHA/ALHAMBRA-F396W_3.ecsv
# %ECSV 0.9
# ---
# datatype:
# - {name: wavelength, unit: Angstrom, datatype: float32}
# - {name: response, datatype: float32}
# meta: !!omap
# - {band_name: F396W_3}
# - {group_name: ALHAMBRA}
wavelength response
3364.19971 0.0
3737.99976 0.000773
3740.00000 0.001031
3742.00000 0.001385
3744.00000 0.001898
3746.00000 0.002588
3748.00000 0.003626
3750.00000 0.005231
3752.00024 0.00761
3754.00000 0.011048
3756.00024 0.016452
3757.99976 0.024801
3759.99976 0.038037
3762.00000 0.059555
3763.99976 0.093227
3766.00000 0.147598
3767.99976 0.226812
3770.00000 0.336808
3772.00024 0.466199
3774.00000 0.602907
3776.00024 0.716704
3778.00000 0.79348
3780.00024 0.832542
3782.00000 0.845502
3783.99976 0.845934
3786.00000 0.842246
3787.99976 0.838847
3790.00000 0.836606
3792.00024 0.835985
3794.00000 0.838711
3796.00000 0.843288
3798.00000 0.846585
3800.00000 0.850995
3802.00024 0.856505
3804.00000 0.858268
3806.00000 0.860002
3807.99976 0.859392
3810.00000 0.856504
3812.00000 0.852828
3814.00000 0.848646
3816.00000 0.842299
3818.00000 0.835065
3820.00000 0.82892
3822.00024 0.82068
3824.00000 0.814273
3826.00024 0.80951
3828.00000 0.803858
3829.99976 0.799202
3832.00000 0.794791
3833.99976 0.79156
3836.00000 0.789279
3837.99976 0.789535
3840.00000 0.790042
3842.00024 0.789449
3844.00000 0.790537
3846.00024 0.792346
3848.00000 0.796205
3850.00024 0.800834
3852.00000 0.802883
3853.99976 0.806652
3856.00000 0.810727
3857.99976 0.814354
3860.00000 0.817175
3862.00000 0.820105
3864.00000 0.82312
3866.00000 0.825123
3868.00000 0.828788
3870.00000 0.830788
3872.00024 0.833881
3874.00000 0.836567
3876.00000 0.838066
3877.99976 0.842585
3880.00000 0.845219
3882.00000 0.847758
3884.00000 0.85252
3886.00000 0.855857
3887.99976 0.860119
3890.00000 0.863404
3892.00024 0.865873
3894.00000 0.869132
3896.00024 0.87042
3898.00000 0.87169
3899.99976 0.871965
3902.00000 0.871788
3903.99976 0.871396
3906.00000 0.870174
3907.99976 0.868922
3910.00000 0.86623
3912.00024 0.864878
3914.00000 0.86258
3916.00024 0.862535
3918.00000 0.861324
3920.00024 0.858045
3922.00024 0.857629
3923.99976 0.855007
3926.00000 0.854429
3927.99976 0.852501
3930.00000 0.850153
3932.00000 0.849209
3934.00000 0.84486
3936.00000 0.843911
3938.00000 0.83965
3940.00000 0.83508
3942.00024 0.833185
3944.00000 0.828453
3946.00024 0.825803
3947.99976 0.823011
3950.00000 0.819723
3952.00000 0.818818
3953.99976 0.817671
3956.00000 0.817714
3957.99976 0.817297
3960.00000 0.820149
3962.00024 0.823124
3964.00000 0.82711
3966.00024 0.832642
3968.00000 0.837246
3970.00024 0.843369
3972.00000 0.849097
3973.99976 0.854441
3976.00000 0.859541
3977.99976 0.86464
3980.00000 0.867558
3982.00024 0.871087
3984.00000 0.873842
3986.00000 0.876918
3988.00000 0.878109
3990.00000 0.87919
3992.00024 0.880139
3994.00000 0.879282
3996.00000 0.880317
3997.99976 0.87868
4000.00000 0.879902
4002.00000 0.878342
4004.00000 0.877355
4006.00000 0.878549
4008.00000 0.87736
4010.00000 0.878623
4012.00024 0.879604
4014.00000 0.880603
4016.00024 0.87991
4018.00000 0.881115
4019.99976 0.88258
4022.00000 0.8829
4023.99976 0.884241
4026.00000 0.88438
4027.99976 0.882941
4030.00000 0.881974
4032.00024 0.880407
4034.00000 0.879015
4036.00024 0.877812
4038.00000 0.874854
4040.00024 0.871751
4042.00000 0.869945
4043.99976 0.869102
4046.00000 0.866092
4047.99976 0.864533
4050.00000 0.864589
4052.00000 0.863602
4054.00000 0.864107
4056.00000 0.863485
4058.00000 0.86498
4060.00000 0.865917
4062.00024 0.865763
4064.00000 0.864778
4066.00000 0.86345
4067.99976 0.860557
4070.00000 0.856011
4072.00000 0.851841
4074.00000 0.844655
4076.00000 0.838785
4078.00000 0.833364
4080.00000 0.828283
4082.00024 0.827241
4084.00000 0.829545
4086.00024 0.835111
4088.00000 0.844117
4089.99976 0.853874
4092.00000 0.858227
4093.99976 0.849124
4096.00000 0.81556
4098.00000 0.749238
4100.00000 0.64925
4102.00000 0.524528
4104.00000 0.396955
4106.00000 0.285295
4108.00000 0.196553
4110.00000 0.134997
4112.00000 0.091665
4114.00000 0.063477
4116.00000 0.043477
4118.00000 0.030428
4120.00000 0.021311
4122.00000 0.015191
4124.00000 0.011038
4126.00000 0.00803
4128.00000 0.005997
4130.00000 0.004445
4132.00000 0.003312
4134.00000 0.002479
4136.00000 0.001891
4137.99951 0.001468
4140.00000 0.001156
4142.00000 0.000917
4556.20020 0.0
