threeML/data/optical_filters/CAHA/ALHAMBRA-F768W_2.ecsv
# %ECSV 0.9
# ---
# datatype:
# - {name: wavelength, unit: Angstrom, datatype: float32}
# - {name: response, datatype: float32}
# meta: !!omap
# - {band_name: F768W_2}
# - {group_name: ALHAMBRA}
wavelength response
6734.44336 0.0
7482.71484 0.000395
7484.47412 0.003157
7486.21338 0.002364
7488.42236 0.002756
7490.16260 0.005126
7491.81689 0.002234
7493.56250 0.00393
7495.77246 0.003797
7497.52490 0.00236
7499.16650 0.006417
7500.92480 0.00536
7503.13477 0.008103
7504.87402 0.012034
7506.61426 0.011501
7508.37305 0.01786
7510.03369 0.025798
7512.22412 0.035089
7513.98291 0.051222
7515.72217 0.075108
7517.46143 0.10621
7519.22070 0.155419
7521.06494 0.223995
7522.90234 0.31713
7524.72705 0.43257
7526.57031 0.55476
7528.51270 0.668376
7530.43506 0.757886
7532.46191 0.816294
7534.48975 0.843161
7536.41211 0.851811
7538.43945 0.848567
7540.46582 0.841919
7542.38867 0.838812
7544.41602 0.829017
7546.44336 0.823845
7548.36621 0.823883
7550.39355 0.816492
7552.31543 0.815406
7554.34326 0.819743
7556.26611 0.817805
7558.29297 0.817277
7560.32031 0.821121
7562.24316 0.821317
7564.27002 0.823368
7566.21240 0.828609
7568.22070 0.828515
7570.24756 0.834664
7572.18994 0.84053
7574.19824 0.842845
7576.22510 0.851698
7578.16748 0.857275
7580.17480 0.865591
7582.20264 0.871805
7584.22949 0.876779
7586.15332 0.884372
7588.18018 0.888457
7590.20801 0.891167
7592.22852 0.891024
7594.25586 0.893052
7596.28369 0.888823
7598.29150 0.884172
7600.23340 0.877869
7602.26123 0.875578
7604.26904 0.866764
7606.29639 0.863353
7608.23926 0.856699
7610.24756 0.856452
7612.27490 0.853098
7614.29541 0.849168
7616.22510 0.851654
7618.25244 0.84797
7620.27295 0.853944
7622.30078 0.85166
7624.22412 0.859902
7626.25195 0.860842
7628.27979 0.864022
7630.30713 0.864859
7632.22998 0.870725
7634.25781 0.873816
7636.28564 0.875405
7638.30664 0.881855
7640.33447 0.878915
7642.26367 0.885047
7644.28564 0.889041
7646.31299 0.887054
7648.32129 0.886788
7650.34814 0.891791
7652.37598 0.890226
7654.40430 0.892169
7656.42529 0.890197
7658.45312 0.891037
7660.37598 0.894493
7662.40430 0.891807
7664.43213 0.890829
7666.43994 0.885619
7668.46826 0.89122
7670.49512 0.887832
7672.51709 0.888925
7674.54492 0.8851
7676.57324 0.887387
7678.49609 0.885497
7680.52344 0.886939
7682.55176 0.88372
7684.56006 0.88721
7686.58789 0.890217
7688.61621 0.893549
7690.63721 0.892508
7692.66504 0.895168
7694.69336 0.900646
7696.70117 0.900934
7698.72949 0.905575
7700.75732 0.90343
7702.77881 0.904083
7704.80664 0.904285
7706.83496 0.904773
7708.84375 0.905123
7710.78613 0.899667
7712.89893 0.901375
7714.84229 0.899222
7716.85107 0.900323
7718.87842 0.896448
7720.90039 0.893174
7722.92871 0.894479
7724.95654 0.887935
7726.98486 0.890171
7728.99268 0.887686
7731.02100 0.886276
7733.04297 0.884578
7735.07031 0.887279
7737.09912 0.886707
7739.12744 0.88287
7741.13574 0.8847
7743.07910 0.882014
7745.10742 0.886272
7747.11523 0.88431
7749.13770 0.884222
7751.16553 0.882701
7753.19385 0.887653
7755.22217 0.88503
7757.25049 0.888137
7759.25928 0.885094
7761.28027 0.883685
7763.30957 0.887727
7765.33789 0.888019
7767.36621 0.888856
7769.39355 0.884474
7771.31787 0.888436
7773.34619 0.887443
7775.36816 0.88907
7777.38232 0.885488
7779.40479 0.883364
7781.43311 0.883249
7783.46191 0.880398
7785.49023 0.884602
7787.51270 0.881125
7789.52686 0.882447
7791.54883 0.879528
7793.57764 0.880478
7795.60596 0.880771
7797.63428 0.883247
7799.65625 0.882235
7801.58691 0.881065
7803.61523 0.885391
7805.63721 0.884298
7807.65234 0.886828
7809.67480 0.883464
7811.70312 0.883242
7813.73145 0.879455
7815.76025 0.880197
7817.78223 0.881456
7819.81055 0.876634
7821.81934 0.877039
7823.84814 0.872022
7825.87744 0.87174
7827.90576 0.868867
7829.92725 0.868284
7831.95654 0.865853
7833.88623 0.865638
7835.90869 0.861375
7837.93799 0.863509
7839.94629 0.865554
7841.97461 0.863604
7844.00391 0.866164
7846.03271 0.86433
7848.05469 0.867118
7849.98535 0.869634
7852.00781 0.875232
7854.03613 0.877202
7856.06494 0.881454
7858.07422 0.881211
7860.10352 0.882967
7862.13086 0.87925
7864.15430 0.8672
7866.18311 0.850877
7868.21143 0.813076
7870.13574 0.756262
7872.16406 0.683919
7874.09473 0.593511
7875.93359 0.493574
7877.86475 0.392849
7879.70410 0.306972
7881.46436 0.233635
7883.29053 0.173845
7885.05078 0.128664
7886.89014 0.094862
7888.63770 0.069142
7890.37842 0.049857
7892.13916 0.03684
7893.87988 0.028793
7895.53613 0.020029
7897.74854 0.014971
7899.48926 0.013362
7901.23633 0.008347
7902.99756 0.007737
7905.10498 0.007127
7906.84570 0.003563
7908.60645 0.004172
7910.34717 0.003433
7912.47510 0.00233
7914.22217 0.004043
7915.96289 0.001594
7917.72412 0.002327
7919.83154 0.002693
7921.57861 0.000735
8713.73633 0.0
