threeML/data/optical_filters/CAHA/ALHAMBRA-F458W_1.ecsv
# %ECSV 0.9
# ---
# datatype:
# - {name: wavelength, unit: Angstrom, datatype: float32}
# - {name: response, datatype: float32}
# meta: !!omap
# - {band_name: F458W_1}
# - {group_name: ALHAMBRA}
wavelength response
3927.60010 0.0
4364.00000 0.000788
4366.00000 0.001087
4368.00000 0.00151
4370.00000 0.002096
4372.00049 0.002979
4374.00000 0.004182
4376.00000 0.005933
4378.00000 0.008275
4380.00000 0.011054
4382.00000 0.014359
4384.00000 0.01778
4386.00000 0.021307
4388.00000 0.02466
4390.00000 0.028264
4392.00000 0.03213
4394.00000 0.036764
4396.00000 0.042369
4397.99951 0.050255
4400.00000 0.060726
4402.00000 0.075604
4404.00000 0.096536
4406.00000 0.126777
4408.00000 0.170611
4410.00000 0.230452
4412.00000 0.317256
4414.00000 0.426932
4416.00000 0.556628
4418.00000 0.680129
4420.00000 0.769922
4422.00000 0.807866
4424.00000 0.802261
4426.00000 0.773994
4428.00000 0.741995
4430.00000 0.717441
4432.00000 0.704806
4434.00000 0.704465
4436.00000 0.713661
4438.00000 0.730145
4440.00000 0.754703
4442.00049 0.782766
4444.00000 0.809092
4446.00000 0.832648
4447.99951 0.850627
4450.00000 0.858417
4452.00000 0.860517
4454.00000 0.85551
4456.00000 0.844441
4458.00000 0.830352
4460.00000 0.81582
4462.00000 0.801629
4464.00000 0.789621
4466.00000 0.780492
4468.00000 0.77287
4470.00000 0.768202
4472.00000 0.765455
4474.00000 0.764925
4476.00000 0.764271
4478.00000 0.76431
4480.00000 0.764977
4482.00000 0.765688
4484.00000 0.763067
4486.00000 0.762698
4488.00000 0.759795
4490.00000 0.755782
4492.00000 0.753192
4494.00000 0.748471
4496.00000 0.745467
4498.00000 0.742837
4500.00000 0.741494
4502.00000 0.741127
4504.00000 0.741523
4506.00000 0.743754
4508.00000 0.746513
4510.00000 0.750721
4512.00049 0.755568
4514.00000 0.761244
4516.00000 0.768259
4517.99951 0.775004
4520.00000 0.782484
4522.00000 0.789681
4524.00000 0.79596
4526.00000 0.802834
4528.00000 0.809067
4530.00000 0.815095
4532.00000 0.820542
4534.00000 0.824793
4536.00000 0.828766
4538.00000 0.831768
4540.00000 0.833764
4542.00000 0.836068
4544.00000 0.838335
4546.00000 0.837932
4548.00000 0.837707
4550.00000 0.83723
4552.00000 0.835825
4554.00000 0.833012
4556.00000 0.830341
4558.00000 0.828009
4560.00000 0.823359
4562.00049 0.818424
4564.00000 0.815166
4566.00000 0.812009
4568.00000 0.809338
4570.00000 0.807062
4572.00000 0.80536
4574.00000 0.806633
4576.00000 0.806525
4578.00000 0.80762
4580.00000 0.81192
4582.00000 0.817025
4584.00000 0.820734
4586.00000 0.826253
4587.99951 0.831989
4590.00000 0.837866
4592.00000 0.843169
4594.00000 0.848488
4596.00000 0.852613
4598.00000 0.855743
4600.00000 0.856844
4602.00000 0.856346
4604.00000 0.855153
4606.00000 0.852597
4608.00000 0.849483
4610.00000 0.845106
4612.00000 0.841265
4614.00000 0.835589
4616.00000 0.830665
4618.00000 0.827311
4620.00000 0.823194
4622.00000 0.819503
4624.00000 0.817513
4626.00000 0.815769
4628.00000 0.813754
4630.00000 0.812481
4632.00049 0.8098
4634.00000 0.80924
4636.00000 0.805625
4638.00000 0.800851
4640.00000 0.795126
4642.00000 0.787546
4644.00000 0.778965
4646.00000 0.767803
4648.00000 0.756352
4650.00000 0.744561
4652.00000 0.731603
4654.00000 0.718745
4656.00000 0.705419
4658.00000 0.696083
4660.00000 0.687365
4662.00000 0.679988
4664.00000 0.676152
4666.00000 0.674382
4668.00000 0.674555
4670.00000 0.679519
4672.00000 0.68657
4674.00000 0.696524
4676.00000 0.711046
4678.00000 0.725369
4680.00000 0.742513
4682.00000 0.761764
4684.00000 0.783356
4686.00000 0.801751
4688.00000 0.819627
4690.00000 0.834525
4692.00000 0.845176
4694.00000 0.848565
4696.00000 0.847953
4698.00000 0.840974
4700.00000 0.827049
4702.00049 0.809713
4704.00000 0.789798
4706.00000 0.769447
4707.99951 0.747797
4710.00000 0.726631
4712.00000 0.70749
4714.00000 0.693129
4716.00000 0.683729
4718.00000 0.677283
4720.00000 0.676249
4722.00000 0.680518
4724.00000 0.690651
4726.00000 0.705812
4728.00000 0.72539
4730.00000 0.744162
4732.00000 0.75535
4734.00000 0.755204
4736.00000 0.729986
4738.00000 0.67219
4740.00000 0.583848
4742.00000 0.474919
4744.00000 0.367562
4746.00000 0.271606
4748.00000 0.194289
4750.00000 0.136682
4752.00000 0.096946
4754.00000 0.06817
4756.00000 0.048827
4758.00000 0.035284
4760.00000 0.025866
4762.00000 0.019066
4764.00000 0.01411
4766.00000 0.010606
4768.00000 0.007979
4770.00000 0.006163
4772.00000 0.004805
4774.00000 0.003708
4776.00000 0.002923
4777.99951 0.002317
4780.00000 0.001869
4782.00000 0.001472
4784.00000 0.001185
4786.00000 0.000976
5264.60010 0.0
