threeML/data/optical_filters/CAHA/ALHAMBRA-F396W_2.ecsv
# %ECSV 0.9
# ---
# datatype:
# - {name: wavelength, unit: Angstrom, datatype: float32}
# - {name: response, datatype: float32}
# meta: !!omap
# - {band_name: F396W_2}
# - {group_name: ALHAMBRA}
wavelength response
3364.19971 0.0
3737.99976 0.000934
3740.00000 0.001287
3742.00000 0.00178
3744.00000 0.002496
3746.00000 0.003451
3748.00000 0.004731
3750.00000 0.006554
3752.00024 0.009043
3754.00000 0.012604
3756.00024 0.017853
3757.99976 0.025487
3759.99976 0.036525
3762.00000 0.05242
3763.99976 0.076592
3766.00000 0.11261
3767.99976 0.166673
3770.00000 0.246863
3772.00024 0.35491
3774.00000 0.479918
3776.00024 0.607747
3778.00000 0.71769
3780.00024 0.791099
3782.00000 0.825943
3783.99976 0.834645
3786.00000 0.829869
3787.99976 0.823146
3790.00000 0.817467
3792.00024 0.814376
3794.00000 0.814
3796.00000 0.815583
3798.00000 0.815544
3800.00000 0.816131
3802.00024 0.816291
3804.00000 0.816
3806.00000 0.816343
3807.99976 0.818025
3810.00000 0.821278
3812.00000 0.825528
3814.00000 0.832783
3816.00000 0.838612
3818.00000 0.845597
3820.00000 0.852597
3822.00024 0.856433
3824.00000 0.857544
3826.00024 0.856456
3828.00000 0.851326
3829.99976 0.843723
3832.00000 0.833865
3833.99976 0.821548
3836.00000 0.809357
3837.99976 0.797723
3840.00000 0.787864
3842.00024 0.780439
3844.00000 0.775899
3846.00024 0.773321
3848.00000 0.774384
3850.00024 0.777222
3852.00000 0.782991
3853.99976 0.791137
3856.00000 0.799967
3857.99976 0.810988
3860.00000 0.820798
3862.00000 0.83289
3864.00000 0.842562
3866.00000 0.851481
3868.00000 0.85952
3870.00000 0.864352
3872.00024 0.868628
3874.00000 0.870233
3876.00000 0.872643
3877.99976 0.871054
3880.00000 0.87139
3882.00000 0.868407
3884.00000 0.867229
3886.00000 0.863903
3887.99976 0.860967
3890.00000 0.859501
3892.00024 0.858037
3894.00000 0.856316
3896.00024 0.85481
3898.00000 0.85297
3899.99976 0.851611
3902.00000 0.852195
3903.99976 0.851195
3906.00000 0.850812
3907.99976 0.851208
3910.00000 0.850557
3912.00024 0.851291
3914.00000 0.849483
3916.00024 0.849671
3918.00000 0.849268
3920.00024 0.849098
3922.00024 0.848718
3923.99976 0.847045
3926.00000 0.844953
3927.99976 0.843247
3930.00000 0.841934
3932.00000 0.839308
3934.00000 0.836984
3936.00000 0.834335
3938.00000 0.83191
3940.00000 0.829554
3942.00024 0.827265
3944.00000 0.824691
3946.00024 0.822927
3947.99976 0.821527
3950.00000 0.819861
3952.00000 0.818633
3953.99976 0.817948
3956.00000 0.817591
3957.99976 0.817735
3960.00000 0.817179
3962.00024 0.817122
3964.00000 0.817589
3966.00024 0.818245
3968.00000 0.818668
3970.00024 0.818519
3972.00000 0.819585
3973.99976 0.820518
3976.00000 0.821375
3977.99976 0.823432
3980.00000 0.824856
3982.00024 0.827507
3984.00000 0.829825
3986.00000 0.833561
3988.00000 0.836849
3990.00000 0.840697
3992.00024 0.844336
3994.00000 0.848587
3996.00000 0.854044
3997.99976 0.857443
4000.00000 0.861294
4002.00000 0.864381
4004.00000 0.866428
4006.00000 0.866221
4008.00000 0.864829
4010.00000 0.862729
4012.00024 0.858666
4014.00000 0.852897
4016.00024 0.846221
4018.00000 0.840255
4019.99976 0.832434
4022.00000 0.825322
4023.99976 0.818161
4026.00000 0.811618
4027.99976 0.805905
4030.00000 0.802447
4032.00024 0.799455
4034.00000 0.798239
4036.00024 0.797989
4038.00000 0.800084
4040.00024 0.802248
4042.00000 0.80749
4043.99976 0.811808
4046.00000 0.816819
4047.99976 0.822441
4050.00000 0.827444
4052.00000 0.832761
4054.00000 0.837575
4056.00000 0.84199
4058.00000 0.84555
4060.00000 0.848336
4062.00024 0.850681
4064.00000 0.852199
4066.00000 0.852783
4067.99976 0.852892
4070.00000 0.851869
4072.00000 0.850372
4074.00000 0.848653
4076.00000 0.845407
4078.00000 0.842549
4080.00000 0.83864
4082.00024 0.835741
4084.00000 0.83255
4086.00024 0.830605
4088.00000 0.825771
4089.99976 0.818488
4092.00000 0.801211
4093.99976 0.766055
4096.00000 0.710337
4098.00000 0.630245
4100.00000 0.528217
4102.00000 0.419154
4104.00000 0.311568
4106.00000 0.219888
4108.00000 0.151169
4110.00000 0.103978
4112.00000 0.071648
4114.00000 0.049462
4116.00000 0.034484
4118.00000 0.024244
4120.00000 0.017117
4122.00000 0.012385
4124.00000 0.009196
4126.00000 0.006877
4128.00000 0.005233
4130.00000 0.003965
4132.00000 0.003059
4134.00000 0.002353
4136.00000 0.001834
4137.99951 0.001453
4140.00000 0.001163
4142.00000 0.000941
4556.20020 0.0
