threeML/data/optical_filters/CAHA/ALHAMBRA-F644W_2.ecsv
# %ECSV 0.9
# ---
# datatype:
# - {name: wavelength, unit: Angstrom, datatype: float32}
# - {name: response, datatype: float32}
# meta: !!omap
# - {band_name: F644W_2}
# - {group_name: ALHAMBRA}
wavelength response
5614.28711 0.0
6238.09668 0.000449
6240.74023 0.001714
6242.93262 0.001387
6245.13379 0.001509
6247.32617 0.002443
6249.97021 0.001751
6252.17920 0.002767
6254.36328 0.00309
6256.57227 0.003375
6258.75684 0.005163
6261.40820 0.006582
6263.61768 0.008771
6265.80176 0.013187
6267.98633 0.018464
6270.19531 0.0274
6272.48682 0.042724
6274.69531 0.068233
6277.00293 0.109507
6279.31885 0.177126
6281.83984 0.28019
6284.38525 0.419783
6287.28418 0.571508
6289.46826 0.667988
6291.78418 0.739841
6294.19873 0.78567
6296.51416 0.814224
6298.92920 0.832095
6301.36768 0.842349
6303.79053 0.84986
6306.32812 0.857105
6308.75049 0.866158
6311.16553 0.875231
6313.71094 0.88528
6316.14990 0.894638
6318.67090 0.902574
6321.11035 0.908428
6323.65576 0.914639
6326.07080 0.916132
6328.61621 0.91577
6331.16211 0.914048
6333.70752 0.911477
6336.12256 0.911001
6338.66797 0.911298
6341.21436 0.912788
6343.62842 0.914559
6346.17480 0.91516
6348.71289 0.916742
6351.24170 0.916653
6353.78027 0.919485
6356.21875 0.918983
6358.74902 0.919566
6361.28613 0.920497
6363.83252 0.921804
6366.37793 0.92348
6368.79248 0.923137
6371.33936 0.922161
6373.88525 0.922993
6376.43115 0.922041
6378.96875 0.920329
6381.49072 0.921597
6383.92920 0.921078
6386.47607 0.920329
6388.99707 0.921099
6391.54395 0.920015
6394.08936 0.919984
6396.63623 0.920075
6399.17383 0.921725
6401.71973 0.920678
6404.14258 0.921057
6406.68066 0.920533
6409.22705 0.921943
6411.74854 0.920474
6414.29492 0.922703
6416.84082 0.922093
6419.38770 0.923525
6421.92529 0.924407
6424.47119 0.926414
6427.01807 0.926184
6429.53906 0.925862
6432.08594 0.92816
6434.63184 0.928092
6437.16992 0.929376
6439.71631 0.929252
6442.26270 0.929321
6444.78418 0.932539
6447.33008 0.932995
6449.87695 0.932899
6452.41504 0.932446
6454.96191 0.931468
6457.50781 0.929343
6460.02881 0.929757
6462.69873 0.928293
6465.24561 0.929415
6467.76758 0.929961
6470.31348 0.929712
6472.86035 0.930233
6475.39844 0.928789
6477.94531 0.926539
6480.49121 0.925151
6483.01318 0.92368
6485.56006 0.920119
6488.10596 0.920748
6490.64502 0.918135
6493.19092 0.919538
6495.73779 0.919061
6498.25928 0.917662
6500.80615 0.91601
6503.35303 0.913792
6505.89111 0.912592
6508.43701 0.910695
6510.98389 0.90783
6513.50586 0.908735
6516.05322 0.906389
6518.59912 0.906472
6521.13721 0.905215
6523.68457 0.906217
6526.23096 0.906807
6528.75342 0.907071
6531.29932 0.908809
6533.84619 0.908545
6536.38477 0.911224
6538.93164 0.911142
6541.47852 0.912542
6544.00049 0.913335
6546.54688 0.913177
6549.09375 0.912393
6551.63281 0.912797
6554.17920 0.910564
6556.72607 0.911175
6559.24805 0.909606
6561.79541 0.907131
6564.34180 0.907139
6566.88037 0.903178
6569.42676 0.902661
6571.97363 0.900721
6574.49609 0.898403
6577.04297 0.899107
6579.58984 0.897138
6582.12842 0.899383
6584.67529 0.901022
6587.22266 0.900929
6589.76953 0.899944
6592.29199 0.90024
6594.83838 0.900327
6597.37744 0.897312
6599.92432 0.895031
6602.47168 0.886966
6605.01807 0.879137
6607.54004 0.868373
6609.98047 0.85483
6612.52734 0.841182
6614.94287 0.824886
6617.49023 0.809186
6619.90625 0.797913
6622.32959 0.787553
6624.77002 0.784685
6627.18555 0.78783
6629.60059 0.794815
6632.04053 0.795742
6634.46533 0.771156
6636.88037 0.704437
6639.09082 0.60006
6641.27686 0.48169
6643.94727 0.342188
6646.46973 0.238798
6648.90967 0.168379
6651.33398 0.120859
6653.64258 0.088277
6656.41943 0.06037
6658.73730 0.044613
6660.92285 0.032527
6663.10889 0.023698
6665.31836 0.017213
6667.50439 0.013198
6670.28174 0.009233
6672.47559 0.006468
6674.55469 0.005532
6676.74023 0.004034
6678.95020 0.002762
6681.72803 0.002797
6683.91357 0.00194
6686.10791 0.001381
6688.18652 0.001979
6690.39648 0.001344
6693.14990 0.001307
6695.36035 0.001493
6697.54590 0.000596
7367.30029 0.0
