threeML/data/optical_filters/CAHA/ALHAMBRA-F799W_2.ecsv
# %ECSV 0.9
# ---
# datatype:
# - {name: wavelength, unit: Angstrom, datatype: float32}
# - {name: response, datatype: float32}
# meta: !!omap
# - {band_name: F799W_2}
# - {group_name: ALHAMBRA}
wavelength response
7003.29736 0.0
7781.44141 0.000341
7783.20020 0.003661
7785.43506 0.00187
7787.11475 0.002463
7788.87354 0.003905
7791.10889 0.00153
7792.86816 0.003062
7794.64648 0.002127
7796.31982 0.002044
7798.54199 0.004508
7800.31348 0.002211
7802.07910 0.003314
7803.75244 0.003909
7805.98730 0.001786
7807.74609 0.003914
7809.52490 0.003147
7811.28320 0.002379
7813.41895 0.004489
7815.19678 0.002961
7816.95654 0.003979
7818.71484 0.004829
7820.86377 0.002886
7822.62842 0.00483
7824.38672 0.004145
7826.16553 0.003806
7827.92383 0.005927
7830.05322 0.005337
7831.83105 0.006166
7833.58936 0.008185
7835.36816 0.007612
7837.12646 0.008554
7839.26172 0.011235
7841.03955 0.010826
7842.79785 0.01329
7844.55615 0.016295
7846.33447 0.016531
7848.54883 0.021875
7850.32764 0.026618
7852.00586 0.030034
7853.76416 0.036768
7855.52197 0.046379
7857.38574 0.057675
7859.16357 0.071173
7860.92188 0.090831
7862.68018 0.116203
7864.54395 0.150963
7866.40137 0.198749
7868.26465 0.260314
7870.12207 0.337986
7872.07178 0.434906
7874.01416 0.543514
7876.06348 0.655119
7878.21094 0.754641
7880.34570 0.829367
7882.47363 0.87468
7884.70703 0.901307
7886.84131 0.910289
7889.07471 0.915328
7891.30859 0.91611
7893.43652 0.917214
7895.66992 0.919435
7897.90283 0.918689
7900.03711 0.922243
7902.26416 0.922565
7904.49707 0.923333
7906.63086 0.925829
7908.86426 0.92453
7911.09766 0.924062
7913.22510 0.925508
7915.45752 0.92238
7917.69141 0.924156
7919.82520 0.924347
7922.05713 0.920482
7924.29053 0.92054
7926.41797 0.921395
7928.65088 0.919795
7930.88379 0.920178
7933.01660 0.919896
7935.24365 0.917269
7937.47607 0.916786
7939.60889 0.916307
7941.84180 0.911868
7944.07471 0.913788
7946.20215 0.911903
7948.43408 0.908272
7950.66650 0.909573
7952.80029 0.908882
7955.03223 0.903144
7957.26514 0.901764
7959.39160 0.901973
7961.62305 0.893762
7963.75635 0.891972
7965.98926 0.892947
7968.11572 0.892445
7970.34814 0.888601
7972.58008 0.882634
7974.70605 0.881566
7976.93848 0.878839
7979.09131 0.882048
7981.30322 0.881336
7983.44922 0.884979
7985.66211 0.884333
7987.80762 0.886922
7990.03906 0.888692
7992.17236 0.891792
7994.40381 0.895098
7996.52979 0.897546
7998.76172 0.903752
8000.99316 0.906748
8003.12598 0.911056
8005.35693 0.915851
8007.58838 0.917031
8009.81982 0.920518
8012.03174 0.923501
8014.17725 0.922859
8016.40869 0.921703
8018.62061 0.92067
8020.85156 0.919704
8022.98389 0.919804
8025.21484 0.918518
8027.44629 0.914503
8029.67773 0.913001
8031.80322 0.913683
8034.03418 0.909893
8036.26562 0.909109
8038.39746 0.908911
8040.62109 0.907808
8042.85205 0.905882
8045.08252 0.906201
8047.21533 0.907885
8049.44629 0.904203
8051.67676 0.907997
8053.90771 0.910392
8056.03223 0.904279
8058.26270 0.909719
8060.47461 0.915323
8062.70459 0.910651
8064.85645 0.91255
8067.06689 0.919999
8069.29736 0.924108
8071.52783 0.924697
8073.75781 0.922659
8075.88330 0.920598
8078.11328 0.921629
8080.34375 0.923393
8082.57373 0.923145
8084.80420 0.918205
8087.01416 0.912813
8089.15918 0.904913
8091.37598 0.893471
8093.60645 0.882185
8095.75000 0.870168
8097.96045 0.858025
8100.10400 0.848156
8102.33447 0.839763
8104.46533 0.83262
8106.58936 0.829113
8108.81982 0.826191
8110.95020 0.82849
8113.09473 0.828744
8115.32422 0.833776
8117.44824 0.84154
8119.57861 0.853655
8121.80811 0.86307
8124.03809 0.871981
8126.16211 0.885222
8128.39160 0.897961
8130.62109 0.902951
8132.85059 0.909833
8134.98096 0.915363
8137.20996 0.911774
8139.43311 0.909273
8141.64941 0.898176
8143.87842 0.888149
8146.02197 0.873742
8148.23096 0.855267
8150.37402 0.837991
8152.60352 0.814137
8154.73340 0.789922
8156.85693 0.770893
8159.00732 0.747239
8161.13037 0.731681
8163.17480 0.713228
8165.29785 0.701075
8167.42773 0.70036
8169.47217 0.698163
8171.61523 0.694667
8173.73828 0.696127
8175.78223 0.684906
8177.91162 0.640217
8179.94922 0.551671
8181.89453 0.431822
8183.85303 0.314237
8185.69287 0.218328
8187.54492 0.147456
8189.40430 0.097858
8191.15771 0.066012
8192.93164 0.046097
8194.68457 0.030385
8196.45801 0.021185
8198.21191 0.016272
8199.97266 0.011603
8201.73926 0.007888
8203.86914 0.007725
8205.62207 0.005041
8207.39551 0.004172
8209.14941 0.004801
8211.27832 0.002292
8213.05176 0.003007
8214.80469 0.002687
8216.55859 0.001261
8218.70020 0.003537
8220.45410 0.001813
8222.21387 0.001501
8223.98633 0.002524
8226.10938 0.000707
9048.72070 0.0
