threeML/data/optical_filters/CAHA/ALHAMBRA-F768W_1.ecsv
# %ECSV 0.9
# ---
# datatype:
# - {name: wavelength, unit: Angstrom, datatype: float32}
# - {name: response, datatype: float32}
# meta: !!omap
# - {band_name: F768W_1}
# - {group_name: ALHAMBRA}
wavelength response
6740.81641 0.0
7489.79590 0.000789
7491.53516 0.004206
7493.29297 0.002752
7495.39893 0.003928
7497.14502 0.006291
7498.89697 0.003537
7500.64307 0.006801
7502.85400 0.006665
7504.50781 0.006932
7506.24707 0.012686
7507.98584 0.015124
7509.74512 0.019546
7511.95605 0.033913
7513.69482 0.046146
7515.43994 0.066401
7517.19287 0.100574
7518.93896 0.148353
7520.77588 0.217274
7522.52197 0.312193
7524.35986 0.433789
7526.28906 0.571454
7528.22998 0.699968
7530.15283 0.791567
7532.18115 0.838969
7534.10303 0.858436
7536.12988 0.854189
7538.15723 0.843402
7540.17822 0.832657
7542.10693 0.82373
7544.13477 0.817188
7546.05713 0.813109
7548.08398 0.813135
7550.02588 0.816687
7552.03516 0.820471
7554.06201 0.825573
7556.00293 0.836968
7558.01123 0.844929
7560.03906 0.85198
7561.97510 0.862783
7563.98877 0.871264
7566.00879 0.881614
7568.03711 0.884679
7570.06396 0.895114
7571.98682 0.89714
7574.01514 0.902358
7576.04102 0.901829
7578.06885 0.908049
7580.08984 0.906992
7582.10400 0.907484
7584.12500 0.906093
7586.15283 0.91016
7588.18018 0.90961
7590.20801 0.909198
7592.12988 0.911481
7594.15723 0.911205
7596.18506 0.915581
7598.20605 0.911093
7600.22119 0.913464
7602.24121 0.912133
7604.26904 0.912604
7606.29590 0.908955
7608.32324 0.909698
7610.34521 0.909339
7612.35889 0.90913
7614.37988 0.908052
7616.40723 0.906115
7618.43506 0.908928
7620.35791 0.906836
7622.38623 0.908048
7624.41406 0.907643
7626.43408 0.910375
7628.46191 0.909321
7630.49023 0.905709
7632.49805 0.911946
7634.52490 0.90744
7636.55322 0.910465
7638.57422 0.909038
7640.60205 0.908347
7642.62891 0.908658
7644.63818 0.9131
7646.66504 0.910148
7648.69385 0.905796
7650.71387 0.91165
7652.74219 0.908612
7654.77002 0.909603
7656.77783 0.907426
7658.80615 0.907913
7660.83398 0.910873
7662.75586 0.907368
7664.78516 0.906416
7666.81201 0.905447
7668.83301 0.910423
7670.86084 0.910501
7672.89014 0.9083
7674.89697 0.910606
7676.92480 0.908467
7678.95410 0.909977
7680.97510 0.907777
7683.00195 0.907095
7685.03076 0.910492
7687.03906 0.910408
7689.06689 0.913373
7691.09521 0.909911
7693.11621 0.913112
7695.14404 0.912152
7697.17188 0.912911
7699.18115 0.912644
7701.20801 0.908244
7703.23584 0.909901
7705.25781 0.908649
7707.28613 0.909272
7709.31396 0.90617
7711.32178 0.905147
7713.35010 0.906541
7715.37793 0.90547
7717.39893 0.91002
7719.42822 0.905734
7721.35693 0.907826
7723.46387 0.907567
7725.40723 0.909247
7727.43506 0.911665
7729.54199 0.907751
7731.47217 0.911782
7733.50000 0.910649
7735.52197 0.914294
7737.54980 0.916741
7739.57812 0.911373
7741.60596 0.914983
7743.71289 0.91469
7745.74121 0.916282
7747.76904 0.919646
7749.77783 0.913214
7751.80615 0.915474
7753.82910 0.916437
7755.85596 0.915843
7757.88379 0.918057
7759.91309 0.913677
7761.92090 0.912292
7763.95020 0.912738
7765.97217 0.913023
7768.00000 0.915612
7770.02783 0.908919
7772.05713 0.909148
7774.06494 0.912489
7776.09424 0.912878
7778.11523 0.912907
7780.14404 0.907283
7782.17188 0.907084
7784.20117 0.908767
7786.20898 0.910998
7788.23779 0.915305
7790.25879 0.913731
7792.28809 0.91425
7794.31592 0.915218
7796.34521 0.91452
7798.35400 0.916274
7800.38184 0.912249
7802.40381 0.9101
7804.43311 0.910905
7806.46094 0.905982
7808.48877 0.904339
7810.49902 0.898736
7812.52686 0.893485
7814.54883 0.891538
7816.57812 0.885018
7818.60596 0.884219
7820.63477 0.880672
7822.64404 0.882554
7824.67188 0.881652
7826.69482 0.880657
7828.72314 0.883692
7830.75098 0.884203
7832.77979 0.888981
7834.79004 0.885429
7836.81787 0.891281
7838.83984 0.893241
7840.86914 0.894996
7842.89795 0.900873
7844.92578 0.896589
7846.93506 0.900104
7848.96387 0.896419
7850.98486 0.897948
7853.01514 0.899606
7855.04297 0.893509
7857.07324 0.892256
7859.09424 0.884224
7861.10986 0.87775
7863.13281 0.867681
7865.07715 0.850597
7867.09180 0.824852
7869.11377 0.785958
7871.05811 0.728758
7873.06689 0.655157
7875.01123 0.567427
7876.85596 0.469196
7878.68311 0.374793
7880.52783 0.284933
7882.36719 0.210298
7884.11523 0.153154
7885.95410 0.109666
7887.71387 0.079385
7889.45508 0.057927
7891.19580 0.041522
7892.95703 0.028567
7894.69678 0.022133
7896.35986 0.017562
7898.10205 0.011042
7899.86182 0.010419
7902.07422 0.006633
7903.81494 0.003929
7905.47803 0.005531
7907.21777 0.003562
7909.43115 0.004047
7911.17188 0.004414
7912.93213 0.001471
7914.58789 0.002941
7916.78809 0.001593
7918.54199 0.000245
8710.39648 0.0
