threeML/data/optical_filters/CAHA/ALHAMBRA-F799W_3.ecsv
# %ECSV 0.9
# ---
# datatype:
# - {name: wavelength, unit: Angstrom, datatype: float32}
# - {name: response, datatype: float32}
# meta: !!omap
# - {band_name: F799W_3}
# - {group_name: ALHAMBRA}
wavelength response
6989.14209 0.0
7765.71338 0.000768
7767.47217 0.001025
7769.14600 0.002478
7770.90479 0.00111
7772.68408 0.001621
7774.91992 0.002643
7776.67920 0.001023
7778.35889 0.002901
7780.59473 0.002302
7782.35352 0.0023
7784.11230 0.003998
7785.89160 0.002294
7788.02734 0.003142
7789.78662 0.002971
7791.56592 0.001785
7793.32471 0.003657
7795.45361 0.002468
7797.23291 0.002979
7798.99121 0.004167
7800.77051 0.002466
7802.90576 0.003568
7804.66504 0.002975
7806.44336 0.002722
7808.20215 0.004509
7810.33740 0.00306
7812.10986 0.00416
7813.87500 0.005163
7815.63330 0.004146
7817.78271 0.006351
7819.54102 0.005256
7821.30615 0.004921
7823.07812 0.006606
7824.84326 0.00685
7826.97217 0.007532
7828.75049 0.010758
7830.50928 0.010073
7832.26758 0.011145
7834.04639 0.014933
7836.27979 0.016869
7838.03809 0.019868
7839.80371 0.024929
7841.57520 0.02851
7843.25391 0.033097
7845.09814 0.041917
7846.87646 0.052393
7848.63477 0.063857
7850.41260 0.079002
7852.17090 0.098784
7854.03467 0.123446
7855.79297 0.157026
7857.65039 0.19861
7859.51416 0.25288
7861.37793 0.318268
7863.32129 0.399826
7865.26416 0.49937
7867.31299 0.610171
7869.36230 0.714667
7871.49707 0.802849
7873.64453 0.866331
7875.85840 0.901982
7878.00586 0.917216
7880.24023 0.920421
7882.45361 0.921421
7884.60791 0.918803
7886.83496 0.919356
7889.05518 0.921632
7891.20215 0.920879
7893.43652 0.924789
7895.64941 0.924581
7897.79688 0.925761
7900.03076 0.928295
7902.25049 0.927669
7904.48389 0.928954
7906.63086 0.93094
7908.84473 0.929728
7911.07812 0.930263
7913.20508 0.932245
7915.43799 0.930253
7917.67090 0.928055
7919.90430 0.927374
7922.03809 0.925737
7924.27051 0.928159
7926.50391 0.929048
7928.73682 0.924435
7930.86377 0.92554
7933.09619 0.927929
7935.32910 0.920638
7937.46289 0.92138
7939.68896 0.923789
7941.92139 0.914983
7944.05518 0.91914
7946.28760 0.918114
7948.52002 0.911082
7950.64746 0.917529
7952.87891 0.913442
7955.11182 0.908223
7957.24463 0.91374
7959.47754 0.907731
7961.70996 0.902387
7963.83594 0.9028
7966.06787 0.906889
7968.30078 0.905964
7970.43408 0.900411
7972.65967 0.898981
7974.79248 0.898341
7977.02441 0.900929
7979.25586 0.904853
7981.38232 0.905504
7983.61475 0.909182
7985.84668 0.910577
7987.97900 0.911782
7990.21143 0.91562
7992.44287 0.916442
7994.56885 0.91895
7996.80029 0.922027
7999.03174 0.922918
8001.24365 0.924001
8003.47510 0.926857
8005.62158 0.925901
8007.83936 0.925035
8010.07080 0.926256
8012.30225 0.924834
8014.42822 0.921595
8016.65967 0.919871
8018.89111 0.918531
8021.12256 0.91641
8023.25439 0.916295
8025.47900 0.912574
8027.71045 0.909428
8029.94141 0.909284
8032.07324 0.908155
8034.30469 0.904154
8036.53564 0.90672
8038.66064 0.903596
8040.89258 0.905837
8043.12305 0.905293
8045.33350 0.904865
8047.48584 0.908069
8049.70996 0.90606
8051.92725 0.909181
8054.07227 0.913135
8056.30322 0.911052
8058.51367 0.914606
8060.74463 0.921156
8062.97559 0.918859
8065.10645 0.921028
8067.33691 0.928598
8069.56104 0.932799
8071.79102 0.932115
8074.02197 0.92889
8076.23926 0.928012
8078.47021 0.928324
8080.61377 0.929284
8082.82471 0.928265
8085.05518 0.922301
8087.28516 0.916094
8089.51562 0.908463
8091.63965 0.896726
8093.86963 0.888164
8096.10010 0.87831
8098.23047 0.867676
8100.46045 0.863112
8102.58447 0.854948
8104.81494 0.854486
8106.94629 0.852405
8109.17578 0.856572
8111.31934 0.858514
8113.44385 0.867119
8115.67432 0.870374
8117.90381 0.881376
8120.03418 0.895227
8122.26367 0.899577
8124.49316 0.905729
8126.70312 0.916132
8128.93262 0.921009
8131.07568 0.917471
8133.28564 0.919964
8135.51514 0.916759
8137.74414 0.904404
8139.97363 0.900999
8142.20264 0.887304
8144.33350 0.87409
8146.56250 0.863777
8148.68604 0.847589
8150.91504 0.841663
8153.04492 0.825889
8155.18848 0.816895
8157.39844 0.813201
8159.54150 0.810504
8161.67139 0.813169
8163.89990 0.819039
8166.02344 0.824701
8168.16650 0.826228
8170.38232 0.809431
8172.52539 0.751129
8174.56934 0.651731
8176.59375 0.520738
8178.63770 0.386141
8180.48975 0.271789
8182.34961 0.184669
8184.20264 0.12594
8185.96289 0.085647
8187.71680 0.058743
8189.49072 0.040886
8191.24365 0.029876
8193.47266 0.019241
8195.22559 0.012973
8197.00000 0.011538
8198.75293 0.008055
8200.88281 0.006154
8202.64941 0.00623
8204.40918 0.004019
8206.16309 0.004332
8208.39160 0.003857
8210.05859 0.001811
8211.83203 0.003482
8213.58496 0.001662
8215.81348 0.001342
8217.48730 0.002754
8219.24121 0.001337
8220.99414 0.001815
8223.22266 0.002291
8224.97559 0.000472
9047.47266 0.0
