threeML/data/optical_filters/CAHA/ALHAMBRA-F861W_3.ecsv
# %ECSV 0.9
# ---
# datatype:
# - {name: wavelength, unit: Angstrom, datatype: float32}
# - {name: response, datatype: float32}
# meta: !!omap
# - {band_name: F861W_3}
# - {group_name: ALHAMBRA}
wavelength response
7507.49609 0.0
8341.66211 0.000193
8343.41406 0.002986
8345.55371 0.001441
8347.30566 0.002505
8349.06445 0.003358
8350.83008 0.001826
8352.95605 0.003173
8354.70801 0.002107
8356.47852 0.001823
8358.23047 0.003846
8360.37012 0.002008
8362.12891 0.003256
8363.87988 0.003362
8365.65137 0.002198
8367.85742 0.003628
8369.52246 0.002681
8371.29395 0.003254
8373.05176 0.004665
8375.27051 0.002476
8376.94238 0.004299
8378.69336 0.003829
8380.44531 0.002671
8382.67090 0.004652
8384.44141 0.003318
8386.09375 0.004074
8387.86523 0.005326
8390.08984 0.003138
8391.84082 0.005334
8393.59180 0.005134
8395.26465 0.003987
8397.48926 0.006629
8399.24023 0.005944
8401.01074 0.006033
8402.76172 0.009205
8404.42676 0.009114
8406.65137 0.012311
8408.40234 0.016755
8410.17285 0.018591
8411.92383 0.024901
8413.68164 0.033581
8415.44531 0.042804
8417.20312 0.055843
8418.95312 0.076774
8420.72363 0.102856
8422.57324 0.134582
8424.33008 0.173328
8426.17969 0.213005
8428.03613 0.257918
8429.87207 0.303644
8431.72168 0.354519
8433.67578 0.407822
8435.61719 0.457222
8437.55176 0.498505
8439.50684 0.535876
8441.52637 0.565674
8443.48047 0.590751
8445.52051 0.617368
8447.54102 0.634051
8449.49512 0.658047
8451.53516 0.671861
8453.57520 0.694301
8455.69336 0.710755
8457.73340 0.730016
8459.77246 0.745449
8461.89160 0.766661
8463.93066 0.77904
8466.05664 0.802393
8468.08984 0.816985
8470.21387 0.822083
8472.33984 0.843833
8474.47754 0.853752
8476.59570 0.853324
8478.72070 0.860921
8480.85840 0.875913
8482.98340 0.87769
8485.10156 0.868029
8487.23926 0.864238
8489.36426 0.868217
8491.48340 0.87456
8493.62109 0.876003
8495.74512 0.873803
8497.86914 0.869386
8500.00781 0.866939
8502.12598 0.863275
8504.25000 0.861697
8506.38770 0.864087
8508.50586 0.867611
8510.62988 0.868186
8512.76758 0.866513
8514.89160 0.863693
8517.00977 0.867357
8519.14746 0.868394
8521.27148 0.863818
8523.39551 0.866428
8525.53320 0.868386
8527.65039 0.865229
8529.77441 0.869074
8531.91211 0.868447
8534.02930 0.863621
8536.15332 0.872699
8538.37598 0.865876
8540.51270 0.866628
8542.63672 0.86933
8544.75391 0.866703
8546.87793 0.871425
8549.01465 0.863929
8551.13184 0.875381
8553.25586 0.864433
8555.39258 0.872128
8557.61523 0.865862
8559.73926 0.871789
8561.85547 0.872989
8563.99219 0.86404
8566.11523 0.877927
8568.23242 0.86872
8570.36914 0.867521
8572.57812 0.877695
8574.71484 0.868932
8576.83789 0.868971
8578.95508 0.877264
8581.09082 0.875117
8583.21484 0.869691
8585.43652 0.872059
8587.55273 0.876091
8589.68945 0.877444
8591.81250 0.878113
8594.03418 0.875117
8596.15039 0.87472
8598.27344 0.879869
8600.41016 0.879126
8602.61133 0.87603
8604.75391 0.874903
8606.87012 0.874085
8608.99316 0.879918
8611.21484 0.882496
8613.34961 0.882235
8615.46582 0.878825
8617.68750 0.87288
8619.81055 0.880029
8621.92578 0.885598
8624.14746 0.877414
8626.28320 0.876334
8628.40527 0.886311
8630.62695 0.87861
8632.74316 0.879139
8634.86523 0.88523
8637.08691 0.872868
8639.22168 0.884004
8641.34473 0.877557
8643.55859 0.880327
8645.68066 0.881198
8647.80273 0.876767
8650.02344 0.877592
8652.15918 0.876094
8654.27441 0.879622
8656.49512 0.874621
8658.61719 0.879115
8660.73242 0.871585
8662.95312 0.875335
8665.07422 0.869202
8667.20898 0.871699
8669.42969 0.87187
8671.54492 0.868152
8673.66699 0.867617
8675.88770 0.866054
8678.00293 0.863542
8680.13672 0.864693
8682.35742 0.861826
8684.47852 0.857483
8686.69922 0.863586
8688.81445 0.866319
8690.93555 0.864346
8693.15527 0.857986
8695.29004 0.855032
8697.41211 0.860424
8699.63184 0.866454
8701.74609 0.874938
8703.86719 0.87453
8706.08691 0.871587
8708.20215 0.862106
8710.42188 0.864029
8712.55664 0.868816
8714.76270 0.878754
8716.89648 0.872809
8719.11621 0.86242
8721.23047 0.859302
8723.35156 0.86936
8725.57129 0.858104
8727.68555 0.857765
8729.90527 0.863908
8732.03809 0.854447
8734.24512 0.857906
8736.37891 0.858108
8738.49316 0.854815
8740.71191 0.858946
8742.83301 0.856677
8745.05176 0.860014
8747.16602 0.858879
8749.38574 0.861951
8751.50586 0.85975
8753.72461 0.86181
8755.85840 0.858044
8758.05762 0.8615
8760.19141 0.850731
8762.40918 0.855827
8764.52930 0.840281
8766.64355 0.840346
8768.86230 0.82787
8770.98242 0.807736
8773.11523 0.805421
8775.22949 0.777457
8777.34961 0.753707
8779.48340 0.741784
8781.60254 0.71324
8783.71680 0.681586
8785.75195 0.659245
8787.78613 0.632132
8789.89941 0.597174
8791.93359 0.555963
8793.88281 0.507417
8795.89746 0.438383
8797.84668 0.364922
8799.69727 0.295669
8801.52832 0.229027
8803.37305 0.171165
8805.22363 0.126383
8806.98828 0.092727
8808.73438 0.066821
8810.58496 0.049533
8812.33008 0.035922
8814.07520 0.025744
8815.74219 0.020879
8817.50000 0.016417
8819.25293 0.011621
8820.99805 0.009904
8822.76270 0.008922
8824.50879 0.006676
8826.72559 0.006662
8828.38574 0.004336
8830.13184 0.002985
8831.88379 0.00439
8834.10059 0.002901
8835.76074 0.003518
8837.52539 0.003819
8839.27051 0.001884
8841.48828 0.00257
8843.23340 0.002037
8844.89941 0.00109
8846.64453 0.002645
8848.86230 0.001091
8850.60742 0.001938
8852.37109 0.003279
8854.03125 0.0007
9739.43457 0.0
