threeML/data/optical_filters/CAHA/ALHAMBRA-F706W_2.ecsv
# %ECSV 0.9
# ---
# datatype:
# - {name: wavelength, unit: Angstrom, datatype: float32}
# - {name: response, datatype: float32}
# meta: !!omap
# - {band_name: F706W_2}
# - {group_name: ALHAMBRA}
wavelength response
6178.43604 0.0
6864.92871 0.000374
6867.11523 0.001209
6869.32617 0.001008
6871.41357 0.001066
6874.16650 0.002071
6876.37793 0.001871
6878.56396 0.002589
6880.77588 0.003621
6882.83838 0.003909
6885.61719 0.00624
6887.82812 0.008788
6890.01465 0.011811
6892.20068 0.016639
6894.41211 0.023798
6896.59814 0.03436
6898.91650 0.048774
6901.22607 0.069842
6903.54443 0.101048
6905.96143 0.148683
6908.38623 0.222574
6911.16455 0.340141
6914.04150 0.520428
6916.58936 0.679819
6919.26074 0.80639
6921.91553 0.848424
6924.69482 0.829882
6927.47314 0.794377
6930.12012 0.771094
6932.77539 0.759335
6935.44678 0.761226
6938.09375 0.771007
6940.74854 0.785776
6943.42041 0.800517
6946.17432 0.816136
6948.85400 0.831003
6951.60791 0.843591
6954.38672 0.852636
6957.16455 0.860396
6959.94434 0.867096
6962.72217 0.873558
6965.59912 0.878809
6968.37793 0.882119
6971.15674 0.885579
6974.04248 0.886705
6976.82080 0.8912
6979.69873 0.891637
6982.47656 0.895008
6985.36230 0.896423
6988.14111 0.897671
6991.02637 0.899227
6993.80518 0.901127
6996.70703 0.902636
6999.59277 0.904601
7002.37158 0.905872
7005.24902 0.905838
7008.13477 0.905626
7010.91357 0.906411
7013.79980 0.907088
7016.57861 0.908255
7019.48047 0.908265
7022.36670 0.909008
7025.14453 0.908192
7028.02246 0.909714
7030.90869 0.908106
7033.81055 0.910124
7036.58936 0.909749
7039.47559 0.909422
7042.36084 0.907866
7045.13965 0.910602
7048.01758 0.908951
7050.92773 0.907533
7053.68213 0.907679
7056.58398 0.907565
7059.47021 0.907189
7062.25000 0.905024
7065.13525 0.903481
7068.01318 0.903372
7070.79248 0.903358
7073.69434 0.899689
7076.58057 0.898135
7079.35986 0.895107
7082.24561 0.894759
7085.02490 0.890234
7087.90186 0.889703
7090.68213 0.887197
7093.56738 0.886444
7096.34668 0.884278
7099.12646 0.883489
7102.01270 0.883726
7104.79102 0.884646
7107.66895 0.885738
7110.44873 0.886196
7113.35107 0.886723
7116.11377 0.888195
7119.01660 0.89101
7121.79590 0.893222
7124.68213 0.894576
7127.46094 0.901932
7130.33887 0.904715
7133.22510 0.908707
7135.89795 0.913339
7138.19238 0.916376
7140.51074 0.915865
7142.82178 0.915349
7145.14062 0.912622
7147.45898 0.911216
7149.87646 0.907457
7152.19580 0.903405
7154.50635 0.898911
7156.82568 0.893457
7159.13623 0.888099
7161.43848 0.880891
7163.74951 0.87336
7166.06787 0.864057
7168.37891 0.853131
7170.69824 0.842312
7173.01660 0.829714
7175.32764 0.818049
7177.62207 0.810128
7179.94141 0.802183
7182.25195 0.793752
7184.57080 0.7876
7186.89014 0.784791
7189.20068 0.787089
7191.51953 0.790354
7193.81396 0.794591
7196.12549 0.800272
7198.33740 0.80834
7200.63184 0.816827
7202.95117 0.826976
7205.26172 0.836991
7207.58105 0.845921
7209.89990 0.853964
7212.31787 0.862506
7214.63672 0.868761
7216.94775 0.875635
7219.26709 0.879932
7221.57764 0.882365
7223.87256 0.883002
7226.19141 0.880066
7228.51074 0.874157
7230.82227 0.864714
7233.14062 0.846512
7235.45215 0.814784
7238.10840 0.756744
7240.65771 0.655302
7243.07617 0.533279
7245.28809 0.415592
7248.04297 0.291523
7250.59326 0.203553
7253.14258 0.143731
7255.45312 0.103277
7257.77246 0.074552
7260.09180 0.055175
7262.38672 0.04097
7264.59863 0.030508
7266.78711 0.022668
7268.99951 0.016522
7271.75439 0.011931
7273.96729 0.009094
7276.15479 0.006423
7278.34277 0.005178
7280.55566 0.004442
7282.74316 0.002847
7285.39990 0.002388
7287.61230 0.001819
7289.79980 0.00128
7292.01270 0.001623
7294.66064 0.000997
8024.12695 0.0
