threeML/data/optical_filters/CAHA/ALHAMBRA-F489W_3.ecsv
# %ECSV 0.9
# ---
# datatype:
# - {name: wavelength, unit: Angstrom, datatype: float32}
# - {name: response, datatype: float32}
# meta: !!omap
# - {band_name: F489W_3}
# - {group_name: ALHAMBRA}
wavelength response
4708.20117 0.0
4710.89307 0.010692
4713.10938 0.006091
4715.35156 0.006092
4717.56836 0.019742
4720.26025 0.017398
4722.49414 0.03472
4724.71924 0.056444
4726.93604 0.076968
4729.75293 0.170852
4731.99512 0.276689
4734.21191 0.424513
4736.42871 0.579585
4738.67041 0.675052
4740.88770 0.700213
4743.10498 0.699775
4745.45508 0.696725
4747.69727 0.685422
4749.91406 0.689908
4752.13086 0.692282
4754.48145 0.6935
4756.72363 0.69593
4758.94092 0.705727
4761.15820 0.7083
4763.50830 0.70945
4765.74219 0.709389
4767.96729 0.713164
4770.30957 0.711429
4772.53516 0.706265
4774.75244 0.705631
4776.99463 0.701418
4779.33691 0.704011
4781.55420 0.708115
4783.77979 0.716777
4786.12207 0.729043
4788.36377 0.736324
4790.58154 0.743647
4792.93164 0.752001
4795.14941 0.75319
4797.36670 0.753708
4799.60889 0.753128
4801.95947 0.741781
4804.17725 0.73772
4806.39453 0.733008
4808.74512 0.734194
4810.98730 0.730079
4813.20459 0.731279
4815.54736 0.732131
4817.77295 0.733349
4820.01514 0.738191
4822.34082 0.745712
4824.57520 0.754403
4826.80127 0.755412
4829.14355 0.761052
4831.36133 0.763463
4833.71191 0.771634
4835.95459 0.779834
4838.17188 0.786477
4840.52295 0.797962
4842.74023 0.799541
4844.95801 0.804919
4847.30908 0.809817
4849.55176 0.814545
4851.89404 0.81933
4854.11182 0.818924
4856.33789 0.812536
4858.68066 0.80759
4860.89795 0.805156
4863.14062 0.79926
4865.49170 0.793915
4867.70947 0.793959
4870.06055 0.796298
4872.27832 0.799078
4874.52100 0.803288
4876.84717 0.810428
4879.08984 0.81244
4881.43311 0.812137
4883.65088 0.813875
4885.87695 0.817438
4888.21973 0.81622
4890.46289 0.815396
4892.78857 0.818048
4895.03174 0.822302
4897.38281 0.821164
4899.60059 0.823469
4901.94385 0.821822
4904.16992 0.819235
4906.51318 0.814679
4908.73047 0.806398
4911.08203 0.799966
4913.32520 0.793344
4915.54297 0.791659
4917.89453 0.790252
4920.11279 0.786356
4922.46387 0.780356
4924.68213 0.772502
4927.02490 0.766839
4929.26807 0.766802
4931.59473 0.771335
4933.83740 0.776668
4936.18945 0.774892
4938.40723 0.769796
4940.75049 0.76809
4942.97705 0.774471
4945.31982 0.780425
4947.54639 0.791398
4949.78125 0.795172
4952.13330 0.798615
4954.48438 0.798965
4956.70312 0.80553
4959.04639 0.814697
4961.27295 0.821492
4963.61621 0.826908
4965.83447 0.826234
4968.18604 0.822441
4970.40430 0.820601
4972.75586 0.81949
4975.09961 0.820883
4977.34277 0.811985
4979.66943 0.809941
4981.91260 0.807687
4984.26465 0.811954
4986.48291 0.818483
4988.83496 0.821464
4991.17822 0.815208
4993.39648 0.814453
4995.74854 0.816655
4997.96729 0.819686
5000.31885 0.817297
5002.66260 0.816104
5004.88916 0.822068
5007.23242 0.832844
5009.47607 0.833945
5011.80322 0.829298
5014.15527 0.82791
5016.39893 0.821566
5018.72607 0.822753
5021.06934 0.8188
5023.31299 0.818129
5025.64014 0.828132
5027.99219 0.821499
5030.22754 0.814878
5032.57910 0.807099
5034.90674 0.811215
5037.15039 0.810991
5039.49414 0.805925
5041.82129 0.812086
5044.06494 0.815765
5046.41699 0.807313
5048.76074 0.797147
5050.98779 0.799132
5053.33154 0.798192
5055.68408 0.791808
5057.90283 0.78574
5060.25488 0.780956
5062.59912 0.764884
5064.82568 0.763847
5067.16992 0.770823
5069.52246 0.780048
5071.74072 0.778624
5074.09326 0.784598
5076.43701 0.781931
5078.78955 0.776833
5081.00879 0.769008
5083.36133 0.740817
5085.70557 0.662852
5087.93262 0.554819
5090.15137 0.421444
5092.49561 0.29192
5094.73926 0.187131
5096.95801 0.114072
5099.65283 0.067733
5101.89697 0.044142
5104.11621 0.0226
5106.33496 0.020314
5108.57910 0.014929
5111.27393 0.004579
5113.49268 0.010903
5115.73682 0.003853
5117.95605 0.003131
5120.77539 0.006597
5122.88623 0.0
