threeML/data/optical_filters/CAHA/ALHAMBRA-F613W_2.ecsv
# %ECSV 0.9
# ---
# datatype:
# - {name: wavelength, unit: Angstrom, datatype: float32}
# - {name: response, datatype: float32}
# meta: !!omap
# - {band_name: F613W_2}
# - {group_name: ALHAMBRA}
wavelength response
5342.16797 0.0
5935.74219 0.000894
5937.92529 0.001615
5940.13330 0.001236
5942.31641 0.001372
5944.95947 0.001371
5947.16650 0.001234
5949.35010 0.002394
5951.54102 0.002256
5953.74121 0.002423
5956.39209 0.004391
5958.60010 0.004791
5960.78320 0.006684
5962.96680 0.009891
5965.17432 0.013869
5967.35742 0.021676
5969.54883 0.035578
5971.85547 0.059318
5974.17090 0.100689
5976.47607 0.173632
5979.02100 0.2939
5981.79590 0.465542
5984.08545 0.60046
5986.52344 0.708452
5988.93604 0.774598
5991.48047 0.804252
5994.13232 0.813712
5996.67627 0.814838
5999.21338 0.814156
6001.75781 0.815082
6004.40918 0.817269
6006.94531 0.821524
6009.59668 0.8273
6012.14111 0.834464
6014.78467 0.841753
6017.32959 0.84857
6019.99658 0.854475
6022.64844 0.859065
6025.29150 0.863151
6027.95850 0.86622
6030.61035 0.868782
6033.25391 0.870625
6035.92969 0.872684
6038.57275 0.874513
6041.22461 0.876121
6043.89258 0.875875
6046.53467 0.876342
6049.18701 0.877208
6051.96191 0.876882
6054.60449 0.876466
6057.28076 0.876269
6059.92432 0.875115
6062.57568 0.873629
6065.35010 0.873052
6067.99414 0.871375
6070.66211 0.869882
6073.31299 0.870543
6075.95654 0.870381
6078.73145 0.870395
6081.39941 0.871061
6084.05078 0.871953
6086.70264 0.87448
6089.46875 0.875869
6092.12109 0.876997
6094.78906 0.878608
6097.56299 0.880622
6100.21533 0.882214
6102.99023 0.883556
6105.63330 0.885823
6108.40820 0.88664
6111.18359 0.8895
6113.83496 0.891745
6116.60156 0.893402
6119.37695 0.895897
6122.02832 0.898134
6124.80322 0.899015
6127.57812 0.901761
6130.32861 0.903089
6133.10352 0.903827
6135.77148 0.904894
6138.53027 0.905677
6141.29736 0.905976
6144.07227 0.905841
6146.84668 0.905398
6149.62256 0.905147
6152.39795 0.905558
6155.14746 0.905127
6157.92334 0.903524
6160.69775 0.901956
6163.47266 0.902061
6166.24805 0.900237
6169.00732 0.898916
6171.77344 0.89636
6174.54883 0.894674
6177.32422 0.893978
6180.09912 0.893206
6182.87402 0.892821
6185.62500 0.891208
6188.30176 0.891057
6191.07666 0.891481
6193.82764 0.891287
6196.60254 0.89128
6199.37793 0.89093
6202.15332 0.890904
6204.92871 0.890579
6207.67871 0.890627
6210.45410 0.889724
6213.22949 0.887864
6216.00488 0.8851
6218.78027 0.881541
6221.55615 0.87707
6224.30664 0.872643
6227.08203 0.866368
6229.85742 0.861557
6232.50098 0.858129
6235.27637 0.854901
6238.05225 0.853154
6240.82764 0.853068
6243.47949 0.854632
6246.25537 0.856819
6249.02197 0.861265
6251.79834 0.865539
6254.55664 0.869496
6257.33252 0.875394
6260.10840 0.880428
6262.87500 0.884448
6265.65039 0.88542
6268.42676 0.882055
6271.18506 0.874956
6273.96094 0.862687
6276.73682 0.851605
6279.50439 0.844521
6282.15625 0.844754
6284.93262 0.850435
6287.70801 0.856772
6290.48340 0.850304
6293.12793 0.809233
6295.78027 0.727173
6298.32568 0.611536
6300.63379 0.489935
6302.81787 0.376708
6305.49512 0.255261
6308.01611 0.168734
6310.45557 0.110705
6312.76318 0.072695
6314.95508 0.047272
6317.26318 0.031303
6319.44775 0.021011
6321.65674 0.014307
6323.84131 0.009783
6326.03418 0.006651
6328.24316 0.005214
6330.42773 0.004094
6332.61279 0.002804
6335.28125 0.00263
6337.46533 0.001943
6339.65918 0.001399
6341.85986 0.001826
6344.05273 0.000912
6978.45801 0.0
