threeML/data/optical_filters/CAHA/ALHAMBRA-F830W_3.ecsv
# %ECSV 0.9
# ---
# datatype:
# - {name: wavelength, unit: Angstrom, datatype: float32}
# - {name: response, datatype: float32}
# meta: !!omap
# - {band_name: F830W_3}
# - {group_name: ALHAMBRA}
wavelength response
7250.92822 0.0
8056.58691 0.000572
8058.26270 0.002048
8060.48682 0.001965
8062.24902 0.001062
8064.01807 0.002204
8066.14941 0.001473
8067.90479 0.001884
8069.68018 0.003355
8071.43555 0.001469
8073.56641 0.002688
8075.34180 0.002279
8077.09717 0.00171
8078.85254 0.003748
8080.99658 0.002202
8082.75879 0.002692
8084.51367 0.003998
8086.28857 0.00261
8088.41309 0.003588
8090.18799 0.002853
8091.94336 0.002363
8093.69775 0.004154
8095.84863 0.002441
8097.60400 0.003416
8099.35889 0.004473
8101.13379 0.002601
8103.25830 0.004146
8105.01953 0.003413
8106.78760 0.003494
8108.54932 0.005524
8110.77881 0.004709
8112.53369 0.005925
8114.20215 0.007855
8115.95703 0.007106
8117.73193 0.008951
8119.96143 0.011396
8121.71680 0.012308
8123.39160 0.01657
8125.14600 0.020073
8126.92090 0.024245
8128.67529 0.032286
8130.42969 0.041624
8132.20410 0.051819
8134.06348 0.065618
8135.81885 0.083456
8137.57227 0.105854
8139.43311 0.133632
8141.18750 0.167108
8143.04639 0.209419
8144.90039 0.257294
8146.84619 0.311802
8148.69922 0.372216
8150.65771 0.442237
8152.70264 0.511797
8154.72705 0.582005
8156.77100 0.643904
8158.81592 0.697111
8160.93945 0.749154
8163.08203 0.784311
8165.31104 0.813186
8167.44189 0.845278
8169.66992 0.868268
8171.79346 0.878546
8174.02197 0.88939
8176.25049 0.90336
8178.38037 0.910607
8180.60938 0.913954
8182.83740 0.911407
8185.04639 0.905892
8187.27490 0.898065
8189.50293 0.891326
8191.62598 0.889107
8193.85449 0.887568
8196.08301 0.88648
8198.31152 0.889682
8200.44043 0.893294
8202.66895 0.895505
8204.89648 0.900249
8207.11816 0.905723
8209.33398 0.909753
8211.56152 0.915333
8213.78906 0.918471
8216.01855 0.91717
8218.24609 0.910792
8220.36816 0.90564
8222.59570 0.90631
8224.82422 0.90501
8227.05176 0.894691
8229.26074 0.892362
8231.48828 0.89014
8233.62988 0.88095
8235.84473 0.881545
8238.07227 0.878323
8240.29297 0.871327
8242.42188 0.875061
8244.64941 0.866397
8246.87695 0.870012
8248.99902 0.867004
8251.22656 0.864933
8253.45312 0.872065
8255.58203 0.864183
8257.80957 0.87087
8260.03711 0.873229
8262.26367 0.869566
8264.38574 0.8794
8266.61328 0.879647
8268.83984 0.878241
8271.06738 0.888075
8273.27441 0.896741
8275.41602 0.89641
8277.62891 0.893696
8279.85645 0.895583
8282.08398 0.901167
8284.30371 0.907463
8286.53027 0.91177
8288.75781 0.913632
8290.97070 0.914956
8293.19727 0.910751
8295.42480 0.907877
8297.64453 0.902586
8299.87109 0.898099
8302.09766 0.893017
8304.31055 0.889208
8306.53711 0.884085
8308.75781 0.879463
8310.88477 0.878891
8313.11230 0.882579
8315.33789 0.889036
8317.56445 0.890063
8319.79004 0.883731
8321.99707 0.881426
8324.22266 0.890942
8326.44922 0.892107
8328.67578 0.885758
8330.90137 0.894523
8333.12695 0.896554
8335.24902 0.895141
8337.55957 0.89977
8339.78613 0.897025
8342.01172 0.902798
8344.23730 0.902271
8346.44336 0.900444
8348.66992 0.903071
8350.89453 0.900577
8353.12109 0.900132
8355.34668 0.898232
8357.57227 0.89438
8359.77832 0.897142
8362.00391 0.886863
8364.22949 0.88966
8366.45410 0.88817
8368.67969 0.874324
8370.88574 0.872563
8373.02539 0.876149
8375.25098 0.867162
8377.45605 0.858032
8379.68164 0.858741
8381.90723 0.864499
8384.13184 0.862237
8386.35742 0.860067
8388.48438 0.861417
8390.70801 0.8626
8392.93359 0.864776
8395.15137 0.87347
8397.36328 0.88083
8399.58887 0.886434
8401.81445 0.889157
8404.03809 0.890453
8406.26367 0.886077
8408.46875 0.875767
8410.69336 0.859195
8412.91797 0.845806
8415.14258 0.835305
8417.36816 0.820995
8419.48633 0.811693
8421.71191 0.801302
8423.83691 0.791576
8426.06152 0.784072
8428.18066 0.78017
8430.40527 0.760393
8432.54395 0.737977
8434.66895 0.705767
8436.78809 0.649198
8438.82910 0.590935
8440.86816 0.51698
8442.90820 0.44554
8444.84277 0.374532
8446.77734 0.310294
8448.63379 0.25308
8450.48926 0.207447
8452.33789 0.166124
8454.19336 0.132399
8455.94336 0.105077
8457.79883 0.083648
8459.54980 0.066522
8461.31934 0.053656
8463.06934 0.043443
8464.81934 0.03404
8466.58887 0.026787
8468.33887 0.022445
8470.08984 0.018787
8471.85938 0.013662
8473.60840 0.012117
8475.37891 0.010863
8477.58887 0.006997
8479.25391 0.006783
8481.02344 0.00599
8482.77344 0.004022
8484.52344 0.004097
8486.74707 0.003192
8488.41699 0.001594
8490.16699 0.003189
8491.93652 0.001817
8494.16016 0.002181
8495.80469 0.002463
8497.57422 0.001012
8499.33008 0.001805
8501.54688 0.000649
9351.70117 0.0
