threeML/data/optical_filters/CAHA/ALHAMBRA-F830W_4.ecsv
# %ECSV 0.9
# ---
# datatype:
# - {name: wavelength, unit: Angstrom, datatype: float32}
# - {name: response, datatype: float32}
# meta: !!omap
# - {band_name: F830W_4}
# - {group_name: ALHAMBRA}
wavelength response
7249.01514 0.0
8054.46143 0.000818
8056.22363 0.002204
8058.34912 0.001475
8060.12451 0.001065
8061.87939 0.002533
8063.65479 0.001877
8065.86572 0.002454
8067.54199 0.003686
8069.31738 0.001964
8071.07227 0.00294
8073.30273 0.002444
8074.97217 0.001628
8076.72754 0.003093
8078.48975 0.002688
8080.71973 0.003181
8082.38916 0.003753
8084.14404 0.001958
8086.37451 0.003589
8088.14990 0.001712
8089.90430 0.00269
8091.58057 0.004156
8093.81055 0.002443
8095.56494 0.003663
8097.32080 0.003904
8099.09473 0.002602
8101.21973 0.003658
8102.98096 0.003252
8104.74951 0.003251
8106.51074 0.0052
8108.63477 0.004062
8110.40967 0.00544
8112.16406 0.006575
8113.91895 0.006076
8115.69336 0.007998
8117.82422 0.009113
8119.59863 0.0101
8121.35303 0.014246
8123.10791 0.016898
8124.88184 0.020808
8126.63721 0.027619
8128.39160 0.036071
8130.16602 0.045495
8131.91992 0.058866
8133.68164 0.077759
8135.44922 0.103481
8137.30908 0.135259
8139.14893 0.175413
8141.00928 0.226557
8142.86230 0.293015
8144.72217 0.366545
8146.66162 0.455955
8148.70605 0.550795
8150.75049 0.646866
8152.87451 0.730013
8155.02393 0.792689
8157.14746 0.837863
8159.37598 0.862663
8161.50586 0.878693
8163.72852 0.888184
8165.95801 0.891126
8168.18604 0.90254
8170.40137 0.911855
8172.54492 0.91501
8174.77393 0.918023
8176.98242 0.922175
8179.21143 0.925014
8181.43945 0.925059
8183.66846 0.920439
8185.89648 0.916061
8188.12549 0.910319
8190.24805 0.90432
8192.47754 0.899469
8194.69141 0.900129
8196.91309 0.899766
8199.14258 0.901079
8201.27148 0.905376
8203.50000 0.910001
8205.72754 0.91322
8207.95605 0.916848
8210.18457 0.920332
8212.41211 0.925554
8214.62012 0.930966
8216.84766 0.935008
8219.07715 0.929193
8221.30469 0.921124
8223.53223 0.920321
8225.75391 0.918604
8227.96777 0.911496
8230.19531 0.904817
8232.42383 0.898001
8234.65137 0.89527
8236.77344 0.890935
8239.00195 0.884326
8241.22852 0.880233
8243.45605 0.877145
8245.66406 0.872411
8247.80566 0.867501
8250.03320 0.868226
8252.16211 0.86458
8254.38867 0.863721
8256.61621 0.864181
8258.82422 0.862339
8260.96582 0.863878
8263.17969 0.866589
8265.40039 0.863537
8267.54883 0.868625
8269.75586 0.873203
8271.98242 0.875734
8274.20996 0.880399
8276.33203 0.885179
8278.55859 0.888504
8280.78516 0.893122
8283.01270 0.899218
8285.23926 0.903149
8287.46582 0.909237
8289.67285 0.91301
8291.89941 0.918938
8294.12695 0.918259
8296.35254 0.92101
8298.58008 0.92182
8300.78613 0.921221
8303.01367 0.920306
8305.23926 0.918021
8307.46680 0.915576
8309.69238 0.915352
8311.91895 0.913723
8314.12598 0.912963
8316.45703 0.912085
8318.68457 0.910882
8320.89062 0.909608
8323.11621 0.90931
8325.34180 0.91159
8327.56934 0.911638
8329.79492 0.912294
8332.00098 0.911258
8334.22754 0.912947
8336.45312 0.914792
8338.67969 0.908845
8340.90527 0.918411
8343.13086 0.915175
8345.33691 0.918264
8347.66211 0.915306
8349.88770 0.918874
8352.09375 0.917709
8354.31934 0.915175
8356.54492 0.916156
8358.77051 0.915827
8360.99609 0.908521
8363.20117 0.914578
8365.42773 0.914301
8367.75879 0.908525
8369.96387 0.909343
8372.18945 0.90895
8374.41504 0.902206
8376.63965 0.900634
8378.86523 0.90372
8381.09082 0.906364
8383.29590 0.903092
8385.52148 0.897809
8387.74609 0.897992
8390.05664 0.900097
8392.27539 0.902212
8394.50098 0.907599
8396.72559 0.912308
8398.95020 0.913711
8401.16211 0.912901
8403.38672 0.908976
8405.60547 0.903038
8407.91602 0.893353
8410.14062 0.88145
8412.36523 0.870662
8414.58984 0.867102
8416.81445 0.864056
8418.93359 0.861417
8421.15820 0.860558
8423.38281 0.865317
8425.59473 0.870233
8427.81836 0.874686
8430.03613 0.86415
8432.26074 0.847856
8434.48535 0.814312
8436.61035 0.74537
8438.72949 0.671394
8440.87500 0.577823
8442.90820 0.488389
8444.84961 0.403711
8446.78418 0.330765
8448.73828 0.266559
8450.57422 0.215662
8452.42969 0.171018
8454.19336 0.135564
8456.03613 0.107248
8457.79883 0.085121
8459.55566 0.066081
8461.40430 0.053228
8463.15527 0.042863
8464.92480 0.035337
8466.67480 0.027087
8468.43164 0.021706
8470.19434 0.018564
8471.95117 0.014543
8473.61523 0.01109
8475.36621 0.010569
8477.58887 0.007362
8479.35938 0.005982
8481.10840 0.006209
8482.86621 0.004461
8484.52930 0.003658
8486.75293 0.004353
8488.50293 0.002391
8490.27246 0.002971
8492.02148 0.002544
8494.14648 0.001236
8495.91602 0.002608
8497.66602 0.001373
8499.41602 0.001444
8501.55371 0.001947
8503.30273 0.000649
9353.63281 0.0
