threeML/data/optical_filters/CAHA/ALHAMBRA-F551W_4.ecsv
# %ECSV 0.9
# ---
# datatype:
# - {name: wavelength, unit: Angstrom, datatype: float32}
# - {name: response, datatype: float32}
# meta: !!omap
# - {band_name: F551W_4}
# - {group_name: ALHAMBRA}
wavelength response
4793.16895 0.0
5325.74316 0.000722
5327.92432 0.001495
5330.12988 0.002541
5332.77832 0.001762
5334.95996 0.003353
5337.16553 0.003946
5339.34619 0.004432
5341.99512 0.006932
5344.19238 0.00828
5346.38184 0.010606
5348.56348 0.017033
5350.76904 0.024477
5352.94971 0.036826
5355.13135 0.059428
5357.44336 0.101679
5359.74805 0.182736
5362.16650 0.329674
5364.70898 0.559164
5367.60303 0.763511
5369.78467 0.832117
5372.09717 0.850571
5374.27783 0.854666
5376.59033 0.859975
5378.77197 0.867211
5381.07617 0.875764
5383.28174 0.884655
5385.57031 0.888685
5387.88184 0.891888
5390.18701 0.894813
5392.49951 0.892784
5394.68066 0.890097
5396.99268 0.887651
5399.29736 0.88423
5401.61035 0.880414
5403.92236 0.877121
5406.10352 0.875174
5408.41602 0.874516
5410.72119 0.877132
5413.03320 0.880017
5415.33789 0.883552
5417.62598 0.888758
5419.83154 0.893893
5422.25098 0.896817
5424.55518 0.901356
5426.86768 0.902064
5429.17236 0.902229
5431.46045 0.902547
5433.77344 0.90077
5436.08594 0.901543
5438.39062 0.899313
5440.80908 0.900338
5443.11426 0.89775
5445.42676 0.89837
5447.73145 0.897262
5450.04395 0.897633
5452.35645 0.896954
5454.76807 0.896935
5457.08105 0.897486
5459.38525 0.898627
5461.69824 0.900181
5464.10889 0.900776
5466.42188 0.900852
5468.72607 0.902216
5471.14551 0.900549
5473.45020 0.899858
5475.76270 0.898031
5478.17432 0.896556
5480.48682 0.894696
5482.80029 0.891607
5485.21094 0.890993
5487.52441 0.888983
5489.93555 0.888417
5492.24854 0.886849
5494.55322 0.886464
5496.97266 0.886309
5499.27734 0.885115
5501.69678 0.885086
5504.00146 0.88456
5506.31445 0.884596
5508.72559 0.885041
5511.03906 0.885008
5513.47510 0.886714
5515.77930 0.888368
5518.19873 0.888201
5520.50342 0.88912
5522.92383 0.890075
5525.22803 0.890668
5527.64746 0.892051
5530.08350 0.893425
5532.37207 0.8941
5534.80811 0.894872
5537.21973 0.896031
5539.63965 0.896791
5541.94434 0.89832
5544.38037 0.899705
5546.79199 0.900989
5549.21143 0.901253
5551.51660 0.902364
5553.95264 0.90384
5556.37207 0.904791
5558.78467 0.906516
5561.21973 0.908213
5563.63916 0.909179
5566.05176 0.909854
5568.48779 0.910668
5570.89893 0.910034
5573.31885 0.909403
5575.75488 0.90884
5578.16699 0.90707
5580.58643 0.906528
5583.01465 0.904233
5585.43457 0.904127
5587.84570 0.902324
5590.28223 0.901898
5592.70215 0.900725
5595.11426 0.899981
5597.55029 0.899182
5599.96191 0.898436
5602.38232 0.897454
5604.81836 0.896765
5607.22998 0.895657
5609.64941 0.894795
5612.08643 0.892805
5614.62109 0.890714
5617.04053 0.888782
5619.45264 0.886328
5621.88916 0.884377
5624.30078 0.882548
5626.72119 0.882378
5629.15723 0.884121
5631.56934 0.886531
5633.98926 0.890892
5636.52393 0.895024
5638.96045 0.898732
5641.38086 0.901038
5643.79248 0.899176
5646.33545 0.887572
5648.74756 0.862389
5651.18457 0.816778
5653.49707 0.743621
5655.68018 0.645803
5657.86182 0.532736
5660.63477 0.384603
5663.17822 0.263159
5665.59033 0.17292
5667.90332 0.112623
5670.21729 0.072844
5672.39893 0.04829
5674.70459 0.033123
5676.91162 0.023499
5679.09375 0.017435
5681.28418 0.012507
5683.49121 0.009355
5685.56738 0.007978
5687.74902 0.006124
5690.52246 0.004835
5692.70459 0.004553
5694.89502 0.002912
5697.09424 0.00291
5699.17773 0.003025
5701.92627 0.001669
5704.13330 0.001983
5706.31543 0.001544
5708.52246 0.001147
5711.17285 0.001619
5713.35498 0.000789
6284.69043 0.0
