threeML/data/optical_filters/CAHA/ALHAMBRA-F427W_3.ecsv
# %ECSV 0.9
# ---
# datatype:
# - {name: wavelength, unit: Angstrom, datatype: float32}
# - {name: response, datatype: float32}
# meta: !!omap
# - {band_name: F427W_3}
# - {group_name: ALHAMBRA}
wavelength response
3664.80005 0.0
4072.00000 0.00074
4074.00000 0.001044
4076.00000 0.001423
4078.00000 0.001992
4080.00000 0.002831
4082.00024 0.004154
4084.00000 0.006179
4086.00024 0.00944
4088.00000 0.014823
4089.99976 0.023255
4092.00000 0.037925
4093.99976 0.063122
4096.00000 0.107918
4098.00000 0.181038
4100.00000 0.292954
4102.00000 0.426808
4104.00000 0.550705
4106.00000 0.61991
4108.00000 0.632742
4110.00000 0.612198
4112.00000 0.588786
4114.00000 0.573162
4116.00000 0.570066
4118.00000 0.5768
4120.00000 0.590278
4122.00000 0.609641
4124.00000 0.63159
4126.00000 0.652362
4128.00000 0.670656
4130.00000 0.682183
4132.00000 0.689108
4134.00000 0.692342
4136.00000 0.691957
4137.99951 0.688357
4140.00000 0.683742
4142.00000 0.678276
4144.00000 0.67374
4146.00000 0.66968
4148.00000 0.667088
4150.00000 0.666988
4152.00000 0.668092
4154.00000 0.669627
4156.00000 0.671874
4158.00000 0.675036
4160.00000 0.678123
4162.00000 0.682218
4164.00000 0.683714
4166.00000 0.686821
4168.00000 0.688926
4170.00000 0.69007
4172.00000 0.689564
4174.00000 0.691774
4176.00000 0.68981
4178.00000 0.690859
4180.00000 0.690863
4182.00049 0.691985
4184.00000 0.692771
4186.00000 0.694637
4188.00000 0.698793
4190.00000 0.700389
4192.00000 0.706129
4194.00000 0.711954
4196.00000 0.717971
4198.00000 0.7239
4200.00000 0.731969
4202.00000 0.738978
4204.00000 0.747497
4206.00000 0.753609
4208.00000 0.762521
4210.00000 0.769405
4212.00000 0.775905
4214.00000 0.781881
4216.00000 0.787489
4218.00000 0.793732
4220.00000 0.797547
4222.00000 0.800621
4224.00000 0.803656
4226.00000 0.805568
4228.00000 0.806559
4230.00000 0.808809
4232.00000 0.80755
4234.00000 0.809694
4236.00000 0.809692
4238.00000 0.810392
4240.00000 0.809919
4242.00000 0.811153
4244.00000 0.80987
4246.00000 0.809931
4248.00000 0.810421
4250.00000 0.810284
4252.00049 0.809744
4254.00000 0.811377
4256.00000 0.812241
4257.99951 0.813031
4260.00000 0.814323
4262.00000 0.814886
4264.00000 0.817039
4266.00000 0.816459
4268.00000 0.818387
4270.00000 0.819523
4272.00000 0.820001
4274.00000 0.822432
4276.00000 0.823102
4278.00000 0.824597
4280.00000 0.827259
4282.00000 0.828129
4284.00000 0.830033
4286.00000 0.830756
4288.00000 0.832263
4290.00000 0.833311
4292.00000 0.834281
4294.00000 0.834298
4296.00000 0.835704
4298.00000 0.835666
4300.00000 0.835225
4302.00000 0.834048
4304.00000 0.833247
4306.00000 0.833363
4308.00000 0.830311
4310.00000 0.829062
4312.00000 0.826949
4314.00000 0.82494
4316.00000 0.824669
4318.00000 0.822146
4320.00000 0.821468
4322.00000 0.819497
4324.00000 0.817767
4326.00000 0.818451
4327.99951 0.818701
4330.00000 0.819357
4332.00000 0.8207
4334.00000 0.820423
4336.00000 0.823165
4338.00000 0.825555
4340.00000 0.82834
4342.00000 0.833262
4344.00000 0.835164
4346.00000 0.838567
4348.00000 0.841267
4350.00000 0.842208
4352.00000 0.843244
4354.00000 0.845575
4356.00000 0.847368
4358.00000 0.84551
4360.00000 0.84505
4362.00000 0.842586
4364.00000 0.842575
4366.00000 0.83867
4368.00000 0.835888
4370.00000 0.833172
4372.00049 0.829082
4374.00000 0.828258
4376.00000 0.82571
4378.00000 0.824756
4380.00000 0.825201
4382.00000 0.825782
4384.00000 0.825011
4386.00000 0.828154
4388.00000 0.832077
4390.00000 0.834731
4392.00000 0.838778
4394.00000 0.842401
4396.00000 0.844639
4397.99951 0.846454
4400.00000 0.847977
4402.00000 0.847181
4404.00000 0.842724
4406.00000 0.834492
4408.00000 0.819997
4410.00000 0.797491
4412.00000 0.767123
4414.00000 0.724738
4416.00000 0.6683
4418.00000 0.598933
4420.00000 0.519365
4422.00000 0.436366
4424.00000 0.354266
4426.00000 0.281401
4428.00000 0.217408
4430.00000 0.164948
4432.00000 0.123301
4434.00000 0.091409
4436.00000 0.067856
4438.00000 0.05026
4440.00000 0.037689
4442.00049 0.0282
4444.00000 0.021343
4446.00000 0.01608
4447.99951 0.012236
4450.00000 0.009355
4452.00000 0.00727
4454.00000 0.005673
4456.00000 0.00447
4458.00000 0.003515
4460.00000 0.002812
4462.00000 0.002231
4464.00000 0.001788
4466.00000 0.001461
4468.00000 0.001194
4470.00000 0.000966
4917.00000 0.0
