threeML/data/optical_filters/CAHA/ALHAMBRA-F675W_4.ecsv
# %ECSV 0.9
# ---
# datatype:
# - {name: wavelength, unit: Angstrom, datatype: float32}
# - {name: response, datatype: float32}
# meta: !!omap
# - {band_name: F675W_4}
# - {group_name: ALHAMBRA}
wavelength response
5910.99072 0.0
6567.76758 0.000688
6569.97754 0.001046
6572.05615 0.001823
6574.24121 0.001613
6577.01855 0.002299
6579.21191 0.003163
6581.39697 0.00328
6583.60693 0.005216
6585.68555 0.007357
6587.87158 0.009678
6590.05713 0.013549
6592.26709 0.019261
6594.58350 0.027141
6596.76904 0.037853
6598.95410 0.053271
6601.27148 0.075534
6603.58838 0.106682
6606.00391 0.155248
6608.55127 0.22742
6611.22119 0.339325
6613.40674 0.455299
6615.72412 0.591882
6618.26221 0.725841
6620.91602 0.82229
6623.57031 0.870488
6626.33887 0.88824
6629.22314 0.893195
6632.00000 0.894875
6634.77734 0.895911
6637.55420 0.897443
6640.33154 0.896321
6643.08398 0.8958
6645.99316 0.893266
6648.76172 0.891006
6651.52246 0.889176
6654.29980 0.886664
6657.07666 0.884716
6659.85400 0.883609
6662.62305 0.883906
6665.40137 0.883607
6668.16162 0.884385
6671.06201 0.885458
6673.81445 0.885842
6676.59277 0.886362
6679.36963 0.886619
6682.14697 0.886359
6684.92432 0.885698
6687.70166 0.885922
6690.45410 0.885729
6693.36279 0.886208
6696.14062 0.885455
6698.89355 0.886889
6701.67139 0.888298
6704.44824 0.890709
6707.32471 0.891687
6710.10205 0.894467
6712.87939 0.898074
6715.65674 0.900593
6718.54102 0.905946
6721.31885 0.910315
6724.20264 0.915108
6726.98096 0.920854
6729.85645 0.924836
6732.76611 0.929634
6737.82764 0.935751
6740.26904 0.937957
6742.58594 0.937484
6744.87939 0.93772
6747.19678 0.937813
6749.50537 0.938075
6751.82275 0.938232
6754.13232 0.936487
6756.44971 0.936617
6758.74268 0.935333
6761.06006 0.935256
6763.50049 0.934941
6765.81006 0.933529
6768.10303 0.932316
6770.42041 0.930551
6772.73779 0.931881
6775.04736 0.929865
6777.36475 0.929091
6779.67432 0.929952
6781.99170 0.928688
6784.40820 0.931459
6786.72510 0.930251
6789.04248 0.931825
6791.33594 0.933247
6793.64600 0.934976
6795.96338 0.935583
6798.27295 0.936845
6800.59033 0.938017
6802.90723 0.939
6805.32373 0.940234
6807.64160 0.941076
6809.95117 0.941531
6812.26855 0.942133
6814.56152 0.941639
6816.87109 0.942341
6819.18848 0.942013
6821.60547 0.941288
6823.92334 0.938223
6826.24072 0.936639
6828.55029 0.931901
6830.86768 0.927573
6833.17725 0.922973
6835.49609 0.916322
6837.78906 0.912032
6840.22949 0.906435
6842.54736 0.901707
6844.84082 0.896143
6847.15039 0.891984
6849.46729 0.88826
6851.77783 0.884056
6854.09570 0.882493
6856.41309 0.879918
6858.72314 0.878881
6861.01611 0.878171
6863.33350 0.877735
6865.64307 0.878766
6867.96094 0.881119
6870.27979 0.883008
6872.58936 0.886748
6874.90723 0.888783
6877.32373 0.892666
6879.64111 0.891889
6881.95117 0.890716
6884.25195 0.886395
6886.56201 0.877997
6888.88037 0.867059
6891.19043 0.856691
6893.50830 0.844293
6895.82568 0.834698
6898.13574 0.825721
6900.42920 0.82012
6902.74707 0.818114
6905.05664 0.819858
6907.37500 0.82464
6909.69336 0.834841
6912.00244 0.845046
6914.29639 0.852371
6916.61426 0.842858
6918.92383 0.793585
6921.24170 0.702121
6923.56006 0.533274
6925.74707 0.372578
6928.41895 0.21691
6930.94189 0.127197
6933.25977 0.078373
6935.56982 0.049442
6937.76465 0.032706
6939.96729 0.022657
6942.16211 0.016364
6944.36572 0.012465
6946.56055 0.009054
6948.74756 0.006933
6950.95898 0.005958
6953.71289 0.004181
6955.92432 0.003523
6958.11035 0.00338
6960.19824 0.00229
6962.38525 0.002233
6965.16357 0.002146
6967.37549 0.00123
6969.56152 0.001429
6971.64160 0.001286
6974.42041 0.000658
7671.86230 0.0
