threeML/data/optical_filters/CAHA/ALHAMBRA-F923W.ecsv
# %ECSV 0.9
# ---
# datatype:
# - {name: wavelength, unit: Angstrom, datatype: float32}
# - {name: response, datatype: float32}
# meta: !!omap
# - {band_name: F923W}
# - {group_name: ALHAMBRA}
wavelength response
8085.88574 0.0
8984.31738 0.002573
8986.43262 0.003383
8988.16504 0.003689
8989.89648 0.002436
8991.64844 0.003321
8993.74414 0.002807
8995.48242 0.002259
8997.23340 0.003715
8998.96484 0.002856
9001.16602 0.003237
9002.89746 0.003775
9004.54395 0.002669
9006.29590 0.003748
9008.02832 0.004414
9010.22754 0.002825
9011.96582 0.0041
9013.61328 0.003819
9015.34375 0.003276
9017.54590 0.005024
9019.29688 0.004647
9021.02930 0.004962
9022.75977 0.006354
9024.41504 0.006231
9026.61426 0.007321
9028.34668 0.00915
9030.09668 0.008816
9031.83008 0.010624
9033.48438 0.012777
9035.67676 0.013834
9037.41602 0.017243
9039.14746 0.020658
9040.89941 0.023429
9042.62988 0.027144
9044.38086 0.033833
9046.11328 0.041328
9047.84473 0.049603
9049.68066 0.061279
9051.41309 0.077269
9053.16504 0.098317
9054.99414 0.127275
9056.81738 0.166788
9058.64648 0.215296
9060.58008 0.280074
9062.49414 0.363482
9064.59668 0.467716
9066.71191 0.589935
9068.91406 0.707118
9070.54688 0.795224
9072.29785 0.840955
9074.03027 0.880515
9075.76074 0.881018
9077.59766 0.881966
9079.34863 0.867363
9081.08203 0.853144
9082.81348 0.839374
9085.11133 0.821547
9086.84863 0.822475
9088.58203 0.821009
9090.87793 0.815025
9092.61035 0.826807
9094.34863 0.834278
9096.09375 0.829994
9097.83301 0.847216
9099.57812 0.851093
9101.40039 0.855027
9103.14453 0.866055
9104.88281 0.866427
9106.61523 0.874061
9108.36719 0.877867
9110.19629 0.883059
9111.92676 0.885291
9113.76270 0.888146
9115.49512 0.88957
9117.24609 0.892964
9119.06348 0.891622
9120.81445 0.896004
9122.54492 0.894876
9124.38184 0.896784
9126.11426 0.895259
9127.95020 0.899381
9129.69531 0.893479
9131.50977 0.901434
9133.26074 0.89273
9135.09766 0.901034
9136.83008 0.895427
9138.56055 0.896611
9140.39746 0.899538
9142.14844 0.892432
9143.96484 0.899673
9145.71582 0.894927
9147.54492 0.893532
9149.27734 0.898909
9151.11426 0.891311
9152.84473 0.897728
9154.68066 0.891362
9156.41309 0.89469
9158.16406 0.892461
9159.99316 0.893207
9161.73242 0.892444
9163.56152 0.892234
9165.29883 0.891508
9167.12891 0.891952
9168.86133 0.892084
9170.69727 0.891026
9172.44824 0.894388
9174.26465 0.888937
9176.01562 0.896402
9177.84473 0.888327
9179.57812 0.896582
9181.41309 0.893186
9183.14355 0.890649
9184.98145 0.902112
9186.71191 0.88888
9188.54688 0.899239
9190.29883 0.899786
9192.11719 0.888845
9193.86133 0.902907
9195.69727 0.89575
9197.42773 0.890625
9199.26465 0.902515
9200.99707 0.889452
9202.83203 0.894048
9204.56445 0.895723
9206.40039 0.886137
9208.14355 0.894625
9209.98145 0.886167
9211.71191 0.889973
9213.54688 0.885417
9215.28125 0.886969
9217.11719 0.881923
9218.84766 0.883974
9220.67676 0.880275
9222.42773 0.881354
9224.24609 0.878185
9225.99707 0.878705
9227.83301 0.877548
9229.56445 0.876006
9231.40039 0.877173
9233.13184 0.873053
9234.96094 0.879272
9236.69922 0.871635
9238.52930 0.877701
9240.28125 0.876255
9242.01172 0.873613
9243.84766 0.881608
9245.58008 0.874591
9247.41602 0.880575
9249.14844 0.880464
9250.98340 0.878727
9252.72754 0.886831
9254.54395 0.881182
9256.29492 0.888319
9258.13184 0.886524
9259.94824 0.886468
9261.69922 0.891267
9263.52930 0.888068
9265.26074 0.891714
9267.09570 0.889061
9268.82812 0.891583
9270.66504 0.888923
9272.49414 0.891349
9274.23242 0.885548
9276.06055 0.889525
9277.81152 0.880723
9279.62891 0.883653
9281.37988 0.874151
9283.21582 0.87086
9284.94824 0.868924
9286.77832 0.851289
9288.51562 0.858514
9290.24805 0.845307
9292.07715 0.834595
9293.82812 0.839317
9295.56738 0.821414
9297.29785 0.823751
9299.04980 0.818144
9300.78223 0.811403
9302.61133 0.819874
9304.34766 0.80676
9306.09375 0.812998
9307.83203 0.81128
9309.56445 0.816651
9311.31641 0.817341
9313.04688 0.823572
9314.88281 0.822247
9316.61523 0.833057
9318.36621 0.829179
9320.09668 0.837983
9321.92676 0.835177
9323.66602 0.849528
9325.41113 0.842252
9327.23340 0.852219
9328.97754 0.852116
9330.71582 0.849879
9332.45996 0.855479
9334.27832 0.851802
9336.02930 0.86093
9337.86523 0.856623
9339.59570 0.857654
9341.43262 0.8626
9343.16504 0.859555
9344.91602 0.858619
9346.73145 0.862367
9348.48340 0.862316
9350.31348 0.858062
9352.04395 0.859771
9353.78320 0.849379
9355.61230 0.844651
9357.36426 0.81859
9359.09473 0.792408
9360.82715 0.747955
9363.13086 0.668918
9365.22754 0.567161
9367.33203 0.464236
9369.34863 0.359256
9371.36133 0.271595
9373.19727 0.200249
9375.11133 0.145323
9376.84863 0.10584
9378.67871 0.077638
9380.42969 0.056178
9382.16211 0.041318
9383.90039 0.03046
9385.64453 0.023379
9387.38184 0.017962
9389.11523 0.013114
9390.86621 0.010707
9392.59766 0.008887
9394.79785 0.005803
9396.53027 0.006125
9398.28223 0.004638
9399.92871 0.003279
9401.66113 0.003684
9403.86133 0.002481
9405.59863 0.0019
9407.33203 0.002891
9408.97656 0.001791
9411.17871 0.002105
9412.92969 0.0022
9414.66211 0.001121
9416.40039 0.002009
9418.51465 0.001313
9420.24707 0.001102
9421.98047 0.002211
9423.73047 0.001266
9425.82812 0.001653
9427.56641 0.001926
9429.31738 0.000853
10372.24902 0.0
