threeML/data/optical_filters/CAHA/ALHAMBRA-A457M.ecsv
# %ECSV 0.9
# ---
# datatype:
# - {name: wavelength, unit: Angstrom, datatype: float32}
# - {name: response, datatype: float32}
# meta: !!omap
# - {band_name: A457M}
# - {group_name: ALHAMBRA}
wavelength response
3931.19995 0.0
4368.00000 0.001058
4370.00000 0.001469
4372.00000 0.002088
4374.00000 0.002933
4376.00000 0.004162
4378.00000 0.005806
4380.00000 0.007758
4382.00000 0.010081
4384.00000 0.012487
4386.00000 0.014968
4388.00000 0.017329
4390.00000 0.019868
4392.00000 0.022592
4394.00000 0.025858
4396.00000 0.029809
4398.00000 0.035368
4400.00000 0.04275
4402.00000 0.05324
4404.00000 0.068001
4406.00000 0.089329
4408.00000 0.120252
4410.00000 0.162478
4412.00000 0.223745
4414.00000 0.301184
4416.00000 0.392797
4418.00000 0.480091
4420.00000 0.543637
4422.00000 0.570599
4424.00000 0.566809
4426.00000 0.547
4428.00000 0.524542
4430.00000 0.507334
4432.00000 0.498547
4434.00000 0.498453
4436.00000 0.50511
4438.00000 0.516929
4440.00000 0.534473
4442.00000 0.554511
4444.00000 0.573328
4446.00000 0.590194
4448.00000 0.603115
4450.00000 0.608817
4452.00000 0.610485
4454.00000 0.607111
4456.00000 0.599432
4458.00000 0.589604
4460.00000 0.579455
4462.00000 0.569543
4464.00000 0.561176
4466.00000 0.554851
4468.00000 0.549593
4470.00000 0.546434
4472.00000 0.544639
4474.00000 0.544421
4476.00000 0.544115
4478.00000 0.544302
4480.00000 0.544935
4482.00000 0.5456
4484.00000 0.543891
4486.00000 0.543785
4488.00000 0.541873
4490.00000 0.539167
4492.00000 0.537475
4494.00000 0.53426
4496.00000 0.532269
4498.00000 0.530544
4500.00000 0.529737
4502.00000 0.529627
4504.00000 0.530062
4506.00000 0.531809
4508.00000 0.533935
4510.00000 0.537099
4512.00000 0.540721
4514.00000 0.544939
4516.00000 0.550118
4518.00000 0.555105
4520.00000 0.560622
4522.00000 0.565937
4524.00000 0.570596
4526.00000 0.575683
4528.00000 0.580313
4530.00000 0.584797
4532.00000 0.588865
4534.00000 0.592076
4536.00000 0.595088
4538.00000 0.597404
4540.00000 0.598997
4542.00000 0.600811
4544.00000 0.602599
4546.00000 0.602468
4548.00000 0.602463
4550.00000 0.602276
4552.00000 0.60142
4554.00000 0.599549
4556.00000 0.597779
4558.00000 0.596251
4560.00000 0.593052
4562.00000 0.589645
4564.00000 0.587443
4566.00000 0.585313
4568.00000 0.583532
4570.00000 0.582034
4572.00000 0.580948
4574.00000 0.582009
4576.00000 0.582072
4578.00000 0.583003
4580.00000 0.586249
4582.00000 0.590077
4584.00000 0.592898
4586.00000 0.597028
4588.00000 0.601316
4590.00000 0.605709
4592.00000 0.609687
4594.00000 0.613679
4596.00000 0.616809
4598.00000 0.619219
4600.00000 0.620162
4602.00000 0.619946
4604.00000 0.619227
4606.00000 0.61752
4608.00000 0.615407
4610.00000 0.612378
4612.00000 0.609735
4614.00000 0.60576
4616.00000 0.602328
4618.00000 0.600033
4620.00000 0.597183
4622.00000 0.59464
4624.00000 0.59333
4626.00000 0.592198
4628.00000 0.590869
4630.00000 0.590078
4632.00000 0.588264
4634.00000 0.587989
4636.00000 0.585495
4638.00000 0.582157
4640.00000 0.578126
4642.00000 0.572744
4644.00000 0.566632
4646.00000 0.558639
4648.00000 0.550433
4650.00000 0.541976
4652.00000 0.532666
4654.00000 0.523425
4656.00000 0.513839
4658.00000 0.507157
4660.00000 0.500922
4662.00000 0.495661
4664.00000 0.492981
4666.00000 0.491806
4668.00000 0.492047
4670.00000 0.495785
4672.00000 0.501047
4674.00000 0.50843
4676.00000 0.519152
4678.00000 0.529734
4680.00000 0.542379
4682.00000 0.55657
4684.00000 0.572477
4686.00000 0.586054
4688.00000 0.599257
4690.00000 0.610287
4692.00000 0.618213
4694.00000 0.620829
4696.00000 0.620516
4698.00000 0.615543
4700.00000 0.605481
4702.00000 0.592915
4704.00000 0.578454
4706.00000 0.563667
4708.00000 0.54792
4710.00000 0.532522
4712.00000 0.5186
4714.00000 0.508178
4716.00000 0.501388
4718.00000 0.496762
4720.00000 0.496103
4722.00000 0.499334
4724.00000 0.50687
4726.00000 0.5181
4728.00000 0.532576
4730.00000 0.546465
4732.00000 0.554789
4734.00000 0.554789
4736.00000 0.536366
4738.00000 0.493995
4740.00000 0.429154
4742.00000 0.349152
4744.00000 0.270277
4746.00000 0.199756
4748.00000 0.142918
4750.00000 0.100562
4752.00000 0.07134
4754.00000 0.050173
4756.00000 0.035943
4758.00000 0.025979
4760.00000 0.019048
4762.00000 0.014043
4764.00000 0.010394
4766.00000 0.007814
4768.00000 0.00588
4770.00000 0.004543
4772.00000 0.003542
4774.00000 0.002734
4776.00000 0.002156
4778.00000 0.001709
4780.00000 0.001378
4782.00000 0.001086
5260.20020 0.0
