threeML/data/optical_filters/CAHA/ALHAMBRA-F582W_4.ecsv
# %ECSV 0.9
# ---
# datatype:
# - {name: wavelength, unit: Angstrom, datatype: float32}
# - {name: response, datatype: float32}
# meta: !!omap
# - {band_name: F582W_4}
# - {group_name: ALHAMBRA}
wavelength response
5052.72998 0.0
5614.14453 0.000572
5616.34326 0.001524
5618.53369 0.001234
5621.19971 0.001411
5623.38184 0.002521
5625.56348 0.002562
5627.77100 0.003255
5629.95312 0.005247
5632.72607 0.006423
5634.80957 0.009344
5636.99170 0.01325
5639.17334 0.01663
5641.38086 0.022456
5643.56250 0.031351
5645.87598 0.042891
5648.05811 0.059614
5650.26465 0.08389
5652.57031 0.121238
5654.99023 0.180205
5657.40234 0.278311
5659.94580 0.431662
5662.71875 0.63555
5665.02344 0.789509
5667.33691 0.891099
5669.74951 0.915595
5672.06299 0.910102
5674.47461 0.899671
5676.89551 0.890287
5679.20020 0.87651
5681.63721 0.867774
5683.92529 0.87492
5686.36230 0.885532
5688.67627 0.888821
5691.08838 0.889012
5693.50830 0.897878
5695.81348 0.897815
5698.25098 0.907342
5700.67041 0.913118
5703.08301 0.913838
5705.51953 0.917726
5707.93115 0.920383
5710.35205 0.923487
5712.78906 0.928783
5715.20068 0.927328
5717.62158 0.929252
5720.05811 0.934262
5722.46973 0.933578
5724.88232 0.940854
5727.31934 0.942863
5729.73926 0.939701
5732.28271 0.934318
5734.69580 0.934267
5737.13232 0.93576
5739.54395 0.940095
5742.08789 0.945765
5744.50049 0.945785
5746.91992 0.945846
5749.35742 0.948253
5751.90088 0.951746
5754.31299 0.952494
5756.85645 0.94886
5759.26904 0.939062
5761.68896 0.947684
5764.22461 0.954556
5766.66211 0.951259
5769.18066 0.951317
5771.61768 0.943512
5774.16113 0.949361
5776.58203 0.958927
5779.11719 0.955779
5781.66113 0.95323
5784.07373 0.951736
5786.61719 0.950215
5789.03809 0.951333
5791.57373 0.951606
5794.11768 0.952874
5796.53809 0.956259
5799.07373 0.956124
5801.61719 0.951133
5804.02930 0.949458
5806.57324 0.954821
5809.11670 0.958264
5811.52930 0.957526
5814.07324 0.954925
5816.61768 0.953769
5819.02930 0.952166
5821.57324 0.952805
5824.11768 0.950849
5826.66162 0.951172
5829.19629 0.952316
5831.61816 0.954132
5834.16162 0.95345
5836.69727 0.954009
5839.21631 0.956884
5841.76025 0.95391
5844.19775 0.956786
5846.71680 0.958852
5849.26123 0.956045
5851.80518 0.952048
5854.34863 0.949469
5856.88477 0.947635
5859.42871 0.946725
5861.94824 0.945508
5864.38525 0.944665
5866.92969 0.94536
5869.47314 0.944663
5871.99268 0.946671
5874.53711 0.950401
5877.08057 0.947604
5879.61670 0.94405
5882.16064 0.944851
5884.70557 0.945473
5887.22461 0.944413
5889.76904 0.944503
5892.31299 0.942838
5894.84863 0.941606
5897.39258 0.940259
5899.93750 0.93675
5902.45654 0.934909
5905.00049 0.931473
5907.54492 0.9286
5910.08057 0.924935
5912.62500 0.920263
5915.16943 0.916482
5917.68848 0.911266
5920.23340 0.908455
5922.77734 0.90494
5925.19043 0.904809
5927.73438 0.904735
5930.27930 0.906601
5932.81494 0.909778
5935.35889 0.914218
5937.90381 0.917928
5940.42285 0.921733
5942.96777 0.925913
5945.51172 0.927761
5948.04736 0.92904
5950.69873 0.928884
5953.24365 0.926177
5955.77930 0.92055
5958.32422 0.913295
5960.86816 0.901755
5963.38818 0.888391
5965.93262 0.87274
5968.37012 0.858177
5970.89014 0.844207
5973.32764 0.832796
5975.74072 0.813742
5978.16260 0.774939
5980.59961 0.708697
5982.90674 0.611799
5985.78760 0.466504
5988.43848 0.339507
5990.97461 0.242012
5993.39648 0.171498
5995.83350 0.125039
5998.14062 0.091359
6000.33203 0.067824
6002.63867 0.05005
6004.82178 0.037043
6007.02979 0.027407
6009.21338 0.020133
6011.40479 0.015032
6013.60498 0.011713
6015.79639 0.008133
6017.97998 0.006112
6020.18799 0.00536
6022.96289 0.00323
6025.02344 0.003037
6027.22266 0.002701
6029.41504 0.001639
6031.61426 0.00189
6034.37256 0.001379
6036.58057 0.000907
6640.23877 0.0
