threeML/data/optical_filters/CAHA/ALHAMBRA-F737W_3.ecsv
# %ECSV 0.9
# ---
# datatype:
# - {name: wavelength, unit: Angstrom, datatype: float32}
# - {name: response, datatype: float32}
# meta: !!omap
# - {band_name: F737W_3}
# - {group_name: ALHAMBRA}
wavelength response
6476.37988 0.0
7195.97754 0.000882
7198.17285 0.001082
7200.36084 0.001738
7202.57275 0.001538
7204.76025 0.001965
7207.40869 0.002988
7209.62061 0.002901
7211.80762 0.004293
7214.00342 0.005827
7216.20752 0.007589
7218.40332 0.01143
7220.59131 0.017575
7222.80322 0.027756
7225.11377 0.046052
7227.31006 0.081762
7229.72754 0.146952
7232.27783 0.266077
7235.15625 0.429504
7237.47461 0.536914
7239.79395 0.595937
7242.33545 0.624592
7244.76172 0.64446
7247.31152 0.666564
7249.85303 0.694379
7252.50928 0.727514
7255.05859 0.761539
7257.83887 0.797527
7260.48682 0.827615
7263.26660 0.854417
7266.04639 0.873016
7268.93408 0.880978
7271.71338 0.879323
7274.49316 0.871506
7277.37256 0.863243
7280.15186 0.853724
7282.93262 0.851682
7285.71240 0.848146
7288.49170 0.84967
7291.24756 0.85515
7294.02783 0.860606
7296.80713 0.869905
7299.58691 0.878246
7302.47461 0.884764
7305.25488 0.88927
7308.13379 0.89429
7310.91357 0.899023
7313.80078 0.903382
7316.58057 0.907184
7319.48438 0.909508
7322.37158 0.912013
7325.25830 0.911173
7327.93164 0.912016
7330.22656 0.912302
7332.53809 0.911661
7334.85742 0.910512
7337.17725 0.909074
7339.48877 0.907841
7341.91504 0.907917
7344.22607 0.907254
7346.54639 0.906147
7348.85791 0.905522
7351.17725 0.90397
7353.47168 0.90378
7355.79150 0.902132
7358.10303 0.90267
7360.42236 0.903236
7362.73438 0.904284
7365.16064 0.906117
7367.47168 0.906991
7369.79199 0.908468
7372.11182 0.908863
7374.42334 0.910316
7376.71826 0.910818
7379.03857 0.910351
7381.35791 0.911896
7383.66895 0.914123
7386.09521 0.916857
7388.40723 0.91722
7390.72656 0.916318
7393.03906 0.915701
7395.35791 0.91428
7397.67822 0.913638
7399.97363 0.912324
7402.28516 0.913563
7404.60547 0.912952
7406.91650 0.912622
7409.34375 0.911302
7411.65479 0.908676
7413.97412 0.906934
7416.29443 0.906136
7418.60645 0.906662
7420.92627 0.907482
7423.22119 0.907576
7425.53369 0.908361
7427.85352 0.909432
7430.27197 0.913195
7432.59180 0.915291
7434.91162 0.916962
7437.22314 0.914942
7439.54297 0.91316
7441.85449 0.911427
7444.17480 0.908873
7446.47021 0.907427
7448.79053 0.904412
7451.10254 0.902388
7453.52930 0.90099
7455.84131 0.899233
7458.16113 0.899102
7460.47217 0.895635
7462.79248 0.891299
7465.11279 0.886259
7467.42432 0.882066
7469.71973 0.879942
7472.04004 0.877485
7474.35205 0.8759
7476.67188 0.876385
7478.99268 0.878235
7481.30420 0.881626
7483.59912 0.883785
7485.91992 0.884543
7488.23975 0.88489
7490.67480 0.885094
7492.97852 0.886764
7495.29053 0.886828
7497.61133 0.886194
7499.92285 0.885546
7502.24268 0.883744
7504.56299 0.881966
7506.85840 0.876572
7509.17041 0.868874
7511.49121 0.858509
7513.80322 0.847349
7516.12354 0.837359
7518.44385 0.826906
7520.75537 0.813041
7523.05127 0.79808
7525.60156 0.777298
7528.27588 0.740109
7530.80225 0.685853
7533.35254 0.606905
7535.67285 0.503522
7538.55322 0.360036
7541.22705 0.243055
7543.77734 0.161335
7546.20508 0.107389
7548.51709 0.072971
7550.70557 0.051647
7553.02588 0.037326
7555.21484 0.027168
7557.99561 0.018311
7560.20947 0.013567
7562.39844 0.010796
7564.59521 0.008794
7566.80029 0.006255
7568.99707 0.004955
7571.18604 0.004288
7573.39990 0.002984
7576.04932 0.002376
7578.23779 0.002175
7580.45166 0.001305
7582.64014 0.001333
7584.83691 0.001216
7587.51172 0.000463
8346.26270 0.0
