threeML/data/optical_filters/CAHA/ALHAMBRA-F737W_4.ecsv
# %ECSV 0.9
# ---
# datatype:
# - {name: wavelength, unit: Angstrom, datatype: float32}
# - {name: response, datatype: float32}
# meta: !!omap
# - {band_name: F737W_4}
# - {group_name: ALHAMBRA}
wavelength response
6476.58691 0.0
7196.20752 0.000825
7198.41992 0.001339
7200.60742 0.001624
7202.80273 0.001225
7205.47559 0.002335
7207.66309 0.002561
7209.87549 0.002901
7212.06299 0.004492
7214.25049 0.005627
7216.92334 0.008755
7219.11963 0.013421
7221.30713 0.020397
7223.62549 0.032602
7225.81396 0.055771
7228.12451 0.100184
7230.56738 0.180654
7233.22363 0.317913
7235.41113 0.443848
7237.73047 0.545781
7240.17285 0.600479
7242.59131 0.62735
7245.14062 0.646228
7247.68994 0.668957
7250.21484 0.697718
7252.76416 0.732239
7255.43701 0.767066
7258.08496 0.802216
7260.86523 0.833328
7263.64502 0.858354
7266.40039 0.875627
7269.31201 0.881831
7272.09131 0.878903
7274.84717 0.871551
7277.75049 0.862525
7280.51416 0.853381
7283.29443 0.851561
7286.06592 0.848174
7288.84570 0.851754
7291.62598 0.856738
7294.40576 0.86235
7297.16943 0.871303
7299.94971 0.879479
7302.85254 0.885969
7305.60840 0.890255
7308.51172 0.894926
7311.27539 0.899331
7314.17920 0.903181
7317.06641 0.907493
7319.84619 0.910646
7322.72461 0.91185
7325.63623 0.910265
7328.39209 0.911477
7331.29590 0.911787
7334.18311 0.911421
7336.96289 0.910076
7339.85059 0.907414
7342.72949 0.907944
7345.50928 0.905352
7348.42139 0.9032
7351.30029 0.903057
7354.08105 0.903723
7356.96777 0.904146
7359.85547 0.905442
7362.63525 0.906302
7365.51416 0.907561
7368.42676 0.906655
7371.20703 0.906571
7374.08594 0.910352
7376.86670 0.913484
7379.75342 0.911096
7382.64111 0.914006
7385.08398 0.915094
7387.39551 0.914894
7389.82227 0.915747
7392.13379 0.917304
7394.45361 0.91629
7396.74902 0.915976
7399.06104 0.914911
7401.38037 0.913617
7403.70020 0.912891
7406.01172 0.910175
7408.33105 0.909594
7410.75000 0.907802
7413.06982 0.909243
7415.38135 0.909006
7417.70117 0.909512
7419.99707 0.91005
7422.31641 0.910299
7424.62842 0.9115
7426.94824 0.911614
7429.25977 0.912194
7431.58008 0.913386
7433.99805 0.913813
7436.31836 0.914875
7438.63818 0.914145
7440.95020 0.91462
7443.24512 0.912602
7445.56543 0.911156
7447.88525 0.908617
7450.19727 0.906011
7452.51758 0.903886
7454.82861 0.900195
7457.25537 0.89754
7459.56787 0.894796
7461.88770 0.891681
7464.20752 0.889552
7466.50342 0.886371
7468.81543 0.884351
7471.13525 0.881868
7473.44678 0.880297
7475.76709 0.880208
7478.08691 0.880222
7480.39893 0.880489
7482.69482 0.882998
7485.01465 0.883324
7487.32666 0.885504
7489.64697 0.887329
7491.96680 0.889135
7494.27881 0.891665
7496.70557 0.890302
7499.01758 0.889669
7501.33789 0.886145
7503.64990 0.882229
7505.94580 0.877804
7508.26562 0.87273
7510.58594 0.866
7512.89844 0.857187
7515.21777 0.844586
7517.52979 0.833627
7519.85010 0.819149
7522.14600 0.804395
7524.46582 0.785874
7526.77832 0.763758
7529.43652 0.721737
7531.98682 0.657527
7534.43066 0.565961
7536.61914 0.455889
7539.50635 0.316996
7542.04932 0.214231
7544.60010 0.142308
7546.92041 0.095476
7549.23291 0.064969
7551.52832 0.045731
7553.74219 0.032581
7555.93066 0.023626
7558.14355 0.017935
7560.33252 0.013885
7562.52979 0.010451
7564.73535 0.007782
7567.49951 0.005822
7569.71338 0.00481
7571.90186 0.002897
7574.11523 0.003159
7576.17285 0.002318
7578.95410 0.00145
7581.16797 0.001797
7583.35596 0.001072
7585.55273 0.000926
8344.10840 0.0
