threeML/data/optical_filters/CAHA/ALHAMBRA-F861W_4.ecsv
# %ECSV 0.9
# ---
# datatype:
# - {name: wavelength, unit: Angstrom, datatype: float32}
# - {name: response, datatype: float32}
# meta: !!omap
# - {band_name: F861W_4}
# - {group_name: ALHAMBRA}
wavelength response
7504.17188 0.0
8337.96875 0.001062
8339.61426 0.001249
8341.38574 0.003468
8343.13770 0.001736
8345.36426 0.002593
8347.12207 0.002507
8348.78809 0.001343
8350.55957 0.003363
8352.76465 0.002404
8354.53613 0.002779
8356.20215 0.004218
8357.96094 0.002598
8360.18652 0.004208
8361.93848 0.003063
8363.60352 0.00192
8365.36133 0.004592
8367.58105 0.002768
8369.35156 0.003829
8371.10254 0.004598
8372.77539 0.002856
8375.00098 0.004474
8376.75195 0.003724
8378.50391 0.002775
8380.27344 0.004677
8382.40039 0.003514
8384.15137 0.004077
8385.92285 0.005588
8387.67383 0.003708
8389.79980 0.005611
8391.56445 0.005047
8393.32227 0.004851
8395.08594 0.006834
8396.84375 0.006356
8398.96289 0.007454
8400.73438 0.010465
8402.48535 0.01109
8404.23535 0.013246
8406.00684 0.018612
8408.21875 0.023804
8409.88379 0.032089
8411.65332 0.043768
8413.40527 0.058862
8415.26172 0.077868
8417.01172 0.102538
8418.78223 0.136019
8420.61914 0.176249
8422.46875 0.221961
8424.32422 0.273643
8426.17969 0.320449
8428.02930 0.378961
8429.97070 0.426707
8431.92578 0.469457
8433.86035 0.51354
8435.79492 0.546102
8437.83496 0.577353
8439.76953 0.599286
8441.80957 0.6281
8443.84961 0.641296
8445.88867 0.669483
8447.92969 0.680363
8449.96289 0.706911
8451.98242 0.721316
8454.12793 0.741486
8456.16113 0.759384
8458.18750 0.773714
8460.32617 0.798267
8462.44434 0.804007
8464.48438 0.825033
8466.60938 0.834854
8468.74707 0.841265
8470.86621 0.853917
8472.99121 0.860764
8475.12891 0.865921
8477.24707 0.871996
8479.37207 0.871192
8481.41113 0.87206
8483.52930 0.875605
8485.75293 0.874008
8487.79199 0.870967
8489.91797 0.866039
8492.14062 0.863843
8494.27832 0.867965
8496.29785 0.873236
8498.52148 0.873868
8500.65918 0.87249
8502.67773 0.867844
8504.81543 0.862539
8507.03906 0.86029
8509.16309 0.861948
8511.28125 0.867517
8513.40527 0.874074
8515.54297 0.873207
8517.66113 0.863944
8519.78516 0.860863
8521.92285 0.871819
8524.04688 0.871445
8526.16504 0.862108
8528.30078 0.870661
8530.42480 0.868007
8532.54883 0.866019
8534.68750 0.872798
8536.80371 0.863914
8538.92773 0.869149
8541.15039 0.868671
8543.28809 0.866265
8545.40527 0.870553
8547.52930 0.866626
8549.66602 0.871285
8551.78906 0.865639
8553.90723 0.870068
8556.04395 0.867562
8558.25293 0.869969
8560.38965 0.8691
8562.50684 0.87089
8564.62988 0.867962
8566.76660 0.869629
8568.89062 0.870946
8571.00684 0.865151
8573.14355 0.872426
8575.35254 0.872557
8577.48926 0.866044
8579.60547 0.870934
8581.72852 0.879478
8583.86523 0.875211
8586.08691 0.865389
8588.20410 0.868115
8590.32617 0.879768
8592.46289 0.883874
8594.58594 0.880993
8596.80762 0.877013
8598.92383 0.870899
8601.04688 0.870279
8603.26855 0.871525
8605.40430 0.878131
8607.52051 0.885876
8609.64355 0.884279
8611.86523 0.87772
8613.98145 0.872707
8616.11719 0.871913
8618.33789 0.882398
8620.46094 0.883308
8622.58301 0.87557
8624.79785 0.875822
8626.92090 0.881986
8629.05664 0.87741
8631.25781 0.877817
8633.39941 0.879009
8635.51562 0.877303
8637.73633 0.875577
8639.85938 0.877313
8641.99414 0.87676
8644.11035 0.875756
8646.33008 0.876538
8648.45312 0.870979
8650.56934 0.874509
8652.78906 0.871552
8654.92383 0.873831
8657.13184 0.871419
8659.26758 0.871617
8661.38281 0.870744
8663.60254 0.863637
8665.72461 0.871463
8667.86035 0.860676
8670.06055 0.869358
8672.20215 0.865354
8674.31738 0.855996
8676.43945 0.86537
8678.65918 0.864039
8680.77441 0.85421
8682.90918 0.855479
8685.12988 0.867079
8687.25098 0.865488
8689.36621 0.858909
8691.58594 0.857793
8693.70801 0.860984
8695.92773 0.86843
8698.06152 0.868395
8700.17676 0.86903
8702.39648 0.866499
8704.51758 0.868369
8706.73730 0.868024
8708.85156 0.869078
8710.98633 0.868122
8713.19238 0.865052
8715.32715 0.865777
8717.54688 0.866887
8719.66113 0.864419
8721.87988 0.857129
8724.00195 0.858235
8726.11621 0.859895
8728.33594 0.855389
8730.45605 0.85534
8732.67578 0.860553
8734.80957 0.850667
8737.00879 0.863674
8739.14258 0.853006
8741.26367 0.861136
8743.48242 0.858479
8745.59668 0.858679
8747.81641 0.860641
8749.93652 0.856307
8752.15625 0.858921
8754.28906 0.849146
8756.48828 0.852145
8758.62207 0.837211
8760.74219 0.837399
8762.96191 0.819199
8765.08105 0.812325
8767.21484 0.795934
8769.32910 0.777661
8771.44922 0.763407
8773.58203 0.741618
8775.69531 0.720754
8777.81543 0.69205
8779.85059 0.670467
8781.88574 0.647558
8783.99805 0.608773
8786.03320 0.572143
8788.06836 0.540432
8789.99805 0.489255
8791.94727 0.42666
8793.87598 0.360872
8795.81250 0.291065
8797.65625 0.22448
8799.50781 0.168753
8801.25293 0.124754
8803.10352 0.090839
8804.84961 0.065742
8806.61426 0.048863
8808.36035 0.034634
8810.12500 0.024702
8811.87109 0.019528
8814.08887 0.014058
8815.83496 0.010323
8817.50000 0.009392
8819.24609 0.007145
8821.01172 0.004952
8823.20898 0.004731
8824.97461 0.004082
8826.71973 0.002822
8828.38574 0.004179
8830.13184 0.002907
8832.34863 0.00306
8834.11426 0.003293
8835.85938 0.001485
8837.97168 0.002733
8839.73730 0.00157
8841.48242 0.001168
8843.23340 0.002585
8845.36621 0.001087
8847.11035 0.002105
8848.85547 0.002105
8850.62012 0.000698
9735.68164 0.0
