threeML/data/optical_filters/CAHA/ALHAMBRA-F768W_4.ecsv
# %ECSV 0.9
# ---
# datatype:
# - {name: wavelength, unit: Angstrom, datatype: float32}
# - {name: response, datatype: float32}
# meta: !!omap
# - {band_name: F768W_4}
# - {group_name: ALHAMBRA}
wavelength response
6741.62256 0.0
7490.69189 0.00092
7492.82324 0.004197
7494.56348 0.002488
7496.30176 0.001965
7498.42725 0.006028
7500.16650 0.004187
7501.92480 0.006007
7503.66406 0.00876
7505.41064 0.007457
7507.53564 0.012526
7509.27490 0.015118
7511.01416 0.018903
7512.77393 0.030124
7514.51221 0.04052
7516.25830 0.05674
7518.01074 0.084501
7519.75732 0.124133
7521.59424 0.180975
7523.33350 0.259719
7525.17773 0.360884
7527.02148 0.480793
7528.94434 0.598224
7530.88574 0.69546
7532.80859 0.758501
7534.83594 0.790822
7536.76514 0.799661
7538.78613 0.79248
7540.71484 0.788492
7542.74219 0.784991
7544.67822 0.776825
7546.69189 0.775767
7548.63379 0.779905
7550.65479 0.783952
7552.58447 0.790144
7554.50684 0.798491
7556.53418 0.812127
7558.56104 0.822126
7560.48389 0.834074
7562.51123 0.850521
7564.53857 0.859438
7566.46143 0.871009
7568.48779 0.882714
7570.51562 0.891838
7572.53662 0.898859
7574.56445 0.901279
7576.57178 0.905251
7578.59961 0.911213
7580.62646 0.910173
7582.54932 0.913643
7584.57617 0.910622
7586.60400 0.916216
7588.62500 0.915447
7590.65234 0.916571
7592.67969 0.917217
7594.68701 0.919191
7596.71484 0.921447
7598.74268 0.916917
7600.76367 0.922356
7602.79150 0.919236
7604.81836 0.919039
7606.84619 0.916877
7608.85352 0.916542
7610.88135 0.919039
7612.90234 0.914684
7614.93018 0.916918
7616.95752 0.913923
7618.98486 0.917045
7620.99316 0.91471
7623.02051 0.914473
7625.04199 0.916629
7627.06982 0.917572
7629.09766 0.917889
7631.12451 0.915192
7633.13330 0.917319
7635.16016 0.918387
7637.18164 0.918848
7639.11133 0.920601
7641.23730 0.91818
7643.15967 0.920559
7645.18750 0.921232
7647.21582 0.919782
7649.24316 0.918748
7651.25146 0.918837
7653.27881 0.921927
7655.30029 0.916301
7657.32764 0.919008
7659.35547 0.92009
7661.38379 0.919074
7663.39209 0.92056
7665.41943 0.915758
7667.44092 0.919222
7669.46826 0.918726
7671.49658 0.919608
7673.52441 0.922194
7675.53223 0.920003
7677.56055 0.921484
7679.58203 0.917846
7681.60938 0.915458
7683.63770 0.916618
7685.66553 0.918183
7687.67432 0.923466
7689.70117 0.920367
7691.72314 0.922071
7693.75146 0.92545
7695.77930 0.923313
7697.80664 0.92569
7699.81494 0.923451
7701.84326 0.920928
7703.86475 0.923197
7705.89258 0.92082
7707.92041 0.918753
7709.94873 0.914884
7711.95752 0.914417
7713.98486 0.91868
7716.11182 0.919199
7718.12012 0.922884
7720.06299 0.920373
7722.09131 0.919441
7724.19727 0.921039
7726.22559 0.920103
7728.25342 0.923784
7730.28174 0.921086
7732.29053 0.919055
7734.31250 0.926384
7736.34082 0.925904
7738.36816 0.924563
7740.39648 0.925777
7742.42480 0.922301
7744.43311 0.925023
7746.45459 0.928675
7748.48291 0.922955
7750.51172 0.924994
7752.54004 0.924445
7754.56836 0.924994
7756.57666 0.929457
7758.70264 0.924816
7760.73096 0.924603
7762.73975 0.928417
7764.76807 0.92528
7766.79004 0.925668
7768.81836 0.925917
7770.84668 0.922786
7772.87500 0.925282
7774.88379 0.924251
7776.91211 0.923012
7778.93359 0.923139
7780.96191 0.92033
7782.99072 0.921102
7785.01904 0.925787
7787.02734 0.922881
7789.05664 0.924739
7791.18311 0.925362
7793.19189 0.923599
7795.21973 0.928804
7797.24170 0.928539
7799.27100 0.926271
7801.29883 0.926252
7803.32715 0.923034
7805.33643 0.921574
7807.36475 0.920234
7809.38623 0.912937
7811.41553 0.908157
7813.44385 0.903963
7815.47217 0.898546
7817.48096 0.898751
7819.50977 0.896
7821.53223 0.892952
7823.56006 0.890727
7825.58887 0.889366
7827.61768 0.893177
7829.62646 0.889842
7831.65576 0.893985
7833.67725 0.894327
7835.70654 0.896144
7837.73486 0.899825
7839.76318 0.901912
7841.77246 0.90459
7843.80127 0.905511
7845.82324 0.905209
7847.85156 0.902277
7849.88037 0.900137
7851.90967 0.897748
7853.93115 0.894463
7855.94727 0.889257
7857.96973 0.878168
7859.99805 0.86579
7862.02686 0.854994
7864.05566 0.831866
7865.97949 0.812195
7868.00830 0.778358
7870.03760 0.729218
7871.96143 0.673437
7873.88574 0.603709
7875.82959 0.522696
7877.67480 0.43415
7879.50098 0.347998
7881.34619 0.26939
7883.18506 0.201529
7884.92627 0.148576
7886.68701 0.107394
7888.42822 0.078992
7890.27441 0.056254
7892.01465 0.039307
7893.67773 0.030152
7895.43799 0.023717
7897.17920 0.015467
7898.91992 0.012998
7900.68066 0.011532
7902.89258 0.005772
7904.53564 0.006019
7906.29004 0.005901
7908.03711 0.002578
7910.24902 0.004291
7911.99023 0.00233
7913.64648 0.002083
7915.40723 0.004045
7917.59961 0.001225
7919.36035 0.002203
7921.02295 0.002204
7922.76367 0.000368
8715.04004 0.0
