threeML/data/optical_filters/CAHA/ALHAMBRA-F861W_1.ecsv
# %ECSV 0.9
# ---
# datatype:
# - {name: wavelength, unit: Angstrom, datatype: float32}
# - {name: response, datatype: float32}
# meta: !!omap
# - {band_name: F861W_1}
# - {group_name: ALHAMBRA}
wavelength response
7519.06396 0.0
8354.51562 0.000863
8356.28809 0.003644
8358.04492 0.002116
8360.16602 0.003252
8361.93848 0.00402
8363.68945 0.002209
8365.44043 0.002965
8367.66602 0.00296
8369.33789 0.002297
8371.08887 0.00431
8372.86133 0.002951
8375.08496 0.003713
8376.73926 0.004297
8378.50293 0.002488
8380.26074 0.004391
8382.48633 0.002849
8384.23730 0.002844
8385.90234 0.005209
8387.67285 0.003423
8389.87891 0.004184
8391.64941 0.005619
8393.40039 0.003424
8395.07324 0.005221
8397.29688 0.004358
8399.04785 0.002925
8400.79980 0.006317
8402.57129 0.005544
8404.23535 0.005449
8406.45996 0.00921
8408.21777 0.008468
8409.96875 0.011231
8411.74023 0.014431
8413.49023 0.015942
8415.60938 0.022985
8417.37891 0.029834
8419.13672 0.037041
8420.88770 0.048766
8422.65820 0.065983
8424.40918 0.088318
8426.25781 0.11613
8428.01465 0.153244
8429.86523 0.197068
8431.72070 0.249032
8433.57031 0.312892
8435.42480 0.376911
8437.36133 0.445691
8439.30078 0.503768
8441.34082 0.559962
8443.29590 0.594869
8445.31738 0.636553
8447.35645 0.651993
8449.38867 0.680402
8451.42871 0.687628
8453.46875 0.704775
8455.50879 0.714168
8457.52930 0.724893
8459.66699 0.734249
8461.70703 0.747736
8463.72656 0.756848
8465.86621 0.771259
8467.90527 0.785612
8470.02441 0.789305
8472.14844 0.808243
8474.18848 0.823958
8476.30566 0.826983
8478.44434 0.834926
8480.56934 0.851349
8482.68848 0.860087
8484.83203 0.855303
8486.86523 0.851857
8488.99023 0.85702
8491.10742 0.864773
8493.25195 0.868743
8495.37109 0.867186
8497.49512 0.861145
8499.63184 0.858246
8501.75000 0.857792
8503.87500 0.857924
8505.99316 0.858445
8508.13574 0.85681
8510.25391 0.855127
8512.37891 0.858139
8514.51562 0.858695
8516.63379 0.859546
8518.75781 0.855881
8520.89648 0.85216
8523.01953 0.858293
8525.13770 0.859029
8527.27539 0.853899
8529.40039 0.855448
8531.51660 0.859289
8533.66113 0.854865
8535.77832 0.85837
8537.90234 0.855982
8540.03906 0.853772
8542.15723 0.861
8544.28125 0.853349
8546.41699 0.860179
8548.54102 0.851829
8550.65918 0.86287
8552.87988 0.853643
8555.01660 0.858925
8557.14062 0.853752
8559.25781 0.858926
8561.39355 0.861219
8563.51758 0.851912
8565.64160 0.861773
8567.77930 0.857272
8569.89648 0.857201
8572.01855 0.859533
8574.15625 0.856149
8576.27246 0.858345
8578.39453 0.860839
8580.61816 0.859323
8582.73438 0.860037
8584.87598 0.860371
8586.99414 0.858371
8589.11719 0.85911
8591.25293 0.863608
8593.37012 0.865866
8595.59082 0.868042
8597.71387 0.869407
8599.83105 0.864381
8601.97266 0.859256
8604.08887 0.85932
8606.31055 0.863379
8608.43359 0.871987
8610.57031 0.877451
8612.68555 0.871011
8614.80762 0.862384
8617.03027 0.862487
8619.14648 0.871684
8621.28223 0.878473
8623.50293 0.865943
8625.62500 0.864971
8627.74219 0.877824
8629.88281 0.86756
8632.08398 0.868753
8634.22070 0.875375
8636.34180 0.863438
8638.56445 0.872991
8640.67871 0.867794
8642.80176 0.869809
8645.02344 0.872128
8647.15820 0.866557
8649.27441 0.87085
8651.49414 0.864854
8653.61719 0.872372
8655.73242 0.866604
8657.95312 0.870277
8660.08691 0.867452
8662.20898 0.8665
8664.42969 0.866414
8666.54492 0.867207
8668.66699 0.863197
8670.80176 0.869474
8673.02344 0.866707
8675.14453 0.858111
8677.35840 0.865352
8679.48047 0.868187
8681.60156 0.855364
8683.73633 0.855384
8685.93652 0.866773
8688.07227 0.868062
8690.29102 0.861203
8692.41309 0.851403
8694.52832 0.855594
8696.74805 0.861358
8698.87012 0.867433
8701.00293 0.869187
8703.22266 0.864738
8705.33789 0.860425
8707.55762 0.85675
8709.67871 0.862396
8711.79297 0.864293
8714.01270 0.865956
8716.14746 0.85867
8718.35352 0.85781
8720.48926 0.856673
8722.60254 0.853762
8724.82227 0.850326
8726.94336 0.847823
8729.07812 0.847966
8731.27734 0.84237
8733.41699 0.843236
8735.61719 0.838431
8737.75000 0.839825
8739.87207 0.837585
8742.08301 0.836625
8744.20508 0.839718
8746.33789 0.834888
8748.54395 0.842571
8750.67773 0.836119
8752.79102 0.844244
8755.01074 0.837801
8757.13086 0.847866
8759.26465 0.83845
8761.46289 0.849129
8763.59668 0.840473
8765.81641 0.846522
8767.93555 0.842599
8770.04980 0.834914
8772.26855 0.840151
8774.38867 0.825149
8776.52246 0.818168
8778.74121 0.8116
8780.85352 0.79374
8782.97363 0.779417
8785.09375 0.765216
8787.22754 0.745192
8789.34082 0.725533
8791.45996 0.705254
8793.49512 0.67723
8795.62793 0.634872
8797.64258 0.577455
8799.59082 0.50621
8801.62598 0.425993
8803.55566 0.336594
8805.40723 0.253241
8807.25000 0.187033
8809.10059 0.135799
8810.84668 0.097377
8812.59180 0.071319
8814.35840 0.051291
8816.10156 0.037445
8817.95312 0.029154
8819.61328 0.023299
8821.36523 0.017093
8823.11133 0.013802
8824.87500 0.01209
8826.62109 0.009324
8828.83789 0.007502
8830.50000 0.007688
8832.24414 0.00502
8834.00879 0.005254
8835.75293 0.005394
8837.97070 0.002967
8839.72266 0.003926
8841.38281 0.002727
8843.12695 0.001723
8845.34473 0.00365
8847.08984 0.001793
8848.75586 0.002496
8850.52246 0.003255
8852.73926 0.000781
9738.01367 0.0
