threeML/data/optical_filters/CAHA/ALHAMBRA-F613W_4.ecsv
# %ECSV 0.9
# ---
# datatype:
# - {name: wavelength, unit: Angstrom, datatype: float32}
# - {name: response, datatype: float32}
# meta: !!omap
# - {band_name: F613W_4}
# - {group_name: ALHAMBRA}
wavelength response
5336.75342 0.0
5929.72607 0.00069
5932.50049 0.001584
5934.56006 0.00117
5936.76709 0.001135
5938.95117 0.001958
5941.72559 0.001784
5943.90820 0.002332
5945.99268 0.00336
5948.19287 0.003287
5950.95068 0.004888
5953.14990 0.006418
5955.34131 0.007564
5957.52539 0.010883
5959.73242 0.015586
5961.91602 0.022172
5964.12354 0.03368
5966.30762 0.053098
5968.62158 0.087097
5970.92871 0.14608
5973.44775 0.243668
5976.12354 0.390507
5978.30664 0.525493
5980.61328 0.653376
5983.03418 0.744915
5985.57910 0.795836
5988.11621 0.819654
5990.76611 0.828777
5993.31104 0.833213
5995.95459 0.836077
5998.49902 0.838785
6001.16602 0.841531
6003.68701 0.844428
6006.35400 0.847715
6008.89893 0.851271
6011.55029 0.853996
6014.19287 0.857026
6016.86084 0.859387
6019.51221 0.862066
6022.05713 0.864382
6024.70020 0.867536
6027.35205 0.870073
6030.02002 0.873257
6032.67090 0.875223
6035.31396 0.877069
6038.08838 0.87876
6040.75635 0.880419
6043.40771 0.880568
6046.05127 0.880775
6048.71924 0.881975
6051.47705 0.881267
6054.14502 0.881274
6056.78857 0.881522
6059.43945 0.881273
6062.21436 0.881571
6064.88232 0.881241
6067.53369 0.880726
6070.17676 0.881904
6072.95166 0.881873
6075.60352 0.88398
6078.27148 0.885294
6081.02197 0.885596
6083.68994 0.888147
6086.46387 0.889472
6089.11621 0.891167
6091.89111 0.89231
6094.66602 0.893069
6097.30908 0.896044
6100.08350 0.896628
6102.73584 0.897758
6105.50195 0.899107
6108.27686 0.899415
6110.92920 0.902279
6113.70312 0.90323
6116.47803 0.90479
6119.22949 0.906691
6122.00342 0.908621
6124.77832 0.908645
6127.43066 0.909968
6130.19727 0.911151
6132.97217 0.912434
6135.74707 0.911749
6138.52246 0.91203
6141.29736 0.91183
6144.05566 0.911942
6146.82275 0.911769
6149.59814 0.910633
6152.37207 0.909821
6155.14746 0.908445
6157.92334 0.907606
6160.67285 0.906332
6163.44824 0.90545
6166.22314 0.902578
6168.99854 0.901013
6171.77344 0.89885
6174.53271 0.897735
6177.29932 0.897183
6180.07422 0.896175
6182.84961 0.895308
6185.62500 0.894601
6188.39990 0.895191
6191.15039 0.8956
6193.92578 0.89555
6196.70068 0.89451
6199.47607 0.894686
6202.25146 0.893761
6205.01025 0.893072
6207.77783 0.89216
6210.55322 0.889718
6213.32861 0.88651
6216.10352 0.882476
6218.87891 0.877822
6221.62939 0.873245
6224.40479 0.869073
6227.08203 0.864285
6229.83252 0.86247
6232.60791 0.862746
6235.38330 0.863215
6238.15869 0.866742
6240.80273 0.871057
6243.57861 0.876643
6246.46045 0.88119
6249.23584 0.88587
6252.01172 0.889424
6254.78711 0.890901
6257.56201 0.890684
6260.31348 0.885774
6263.08887 0.875864
6265.86426 0.861211
6268.64014 0.842829
6271.41504 0.824664
6274.05957 0.812853
6276.71191 0.81214
6279.48779 0.826527
6282.13232 0.850589
6284.90771 0.861775
6287.68311 0.817879
6290.33594 0.700102
6292.77441 0.544961
6294.95898 0.406582
6297.73486 0.270063
6300.27197 0.181546
6302.58789 0.122813
6305.00244 0.083741
6307.31836 0.056815
6309.50244 0.038999
6311.71191 0.026576
6313.89600 0.018634
6316.21240 0.013267
6318.28955 0.009433
6320.48242 0.006407
6322.66748 0.005026
6324.87598 0.004071
6327.65234 0.002407
6329.83643 0.002405
6331.91455 0.001803
6334.09912 0.001201
6336.29199 0.00163
6339.06738 0.001113
6341.26855 0.001142
6343.46143 0.001368
6345.53906 0.000599
6980.09277 0.0
