threeML/data/optical_filters/CAHA/ALHAMBRA-A802M.ecsv
# %ECSV 0.9
# ---
# datatype:
# - {name: wavelength, unit: Angstrom, datatype: float32}
# - {name: response, datatype: float32}
# meta: !!omap
# - {band_name: A802M}
# - {group_name: ALHAMBRA}
wavelength response
6969.81836 0.0
7744.24268 0.001105
7746.00195 8.8e-05
7747.78174 8.8e-05
7749.91162 0.001378
7751.67773 8.8e-05
7753.45020 8.8e-05
7755.58691 8.8e-05
7757.34619 8.8e-05
7759.12549 0.001375
7760.88525 8.7e-05
7763.02148 0.000959
7764.80078 0.000753
7766.56006 8.7e-05
7768.79541 0.001848
7770.46875 8.7e-05
7772.22803 0.000888
7773.99414 0.002048
7775.76660 8.7e-05
7777.90283 0.001569
7779.68164 0.001159
7781.44092 8.7e-05
7783.19971 0.002925
7785.43506 0.001493
7787.11475 0.001966
7788.87402 0.003116
7791.10889 0.00122
7792.86816 0.002441
7794.64697 0.001696
7796.31982 0.001629
7798.54150 0.003591
7800.31396 0.00176
7802.07910 0.002638
7803.75244 0.00311
7805.98730 0.001421
7807.74609 0.003112
7809.52441 0.002501
7811.28320 0.00189
7813.41895 0.003566
7815.19727 0.002352
7816.95605 0.003158
7818.71484 0.003832
7820.86328 0.002289
7822.62842 0.00383
7824.38721 0.003286
7826.16553 0.003016
7827.92432 0.004695
7830.05273 0.004226
7831.83105 0.00488
7833.58984 0.006476
7835.36768 0.006021
7837.12646 0.006764
7839.26172 0.008879
7841.03955 0.008553
7842.79785 0.010496
7844.55615 0.012865
7846.33447 0.013047
7848.54883 0.017258
7850.32666 0.020992
7852.00586 0.023678
7853.76416 0.028976
7855.52197 0.036538
7857.38623 0.04542
7859.16406 0.056031
7860.92188 0.071482
7862.68018 0.091417
7864.54395 0.118718
7866.40088 0.15624
7868.26514 0.204561
7870.12207 0.2655
7872.07178 0.3415
7874.01465 0.426616
7876.06299 0.514006
7878.21094 0.591835
7880.34570 0.650162
7882.47363 0.68539
7884.70703 0.705937
7886.84131 0.712667
7889.07471 0.71629
7891.30859 0.716579
7893.43604 0.717135
7895.66943 0.718548
7897.90283 0.717642
7900.03711 0.720109
7902.26367 0.720037
7904.49707 0.720312
7906.63086 0.721949
7908.86426 0.720612
7911.09717 0.719923
7913.22461 0.720741
7915.45801 0.717982
7917.69092 0.719041
7919.82471 0.718881
7922.05762 0.715553
7924.29053 0.715276
7926.41797 0.715634
7928.65088 0.714069
7930.88330 0.714045
7933.01709 0.713519
7935.24316 0.711163
7937.47607 0.710468
7939.60938 0.709791
7941.84229 0.706033
7944.07471 0.707201
7946.20166 0.705439
7948.43408 0.702313
7950.66650 0.703001
7952.79980 0.702163
7955.03223 0.697415
7957.26465 0.696034
7959.39160 0.695896
7961.62354 0.689248
7963.75684 0.687571
7965.98926 0.688011
7968.11572 0.687328
7970.34766 0.684057
7972.58008 0.679157
7974.70654 0.678043
7976.93848 0.675641
7979.09131 0.677812
7981.30322 0.676962
7983.44922 0.679466
7985.66162 0.678667
7987.80762 0.680359
7990.03906 0.68141
7992.17188 0.683494
7994.40381 0.68572
7996.52979 0.687303
7998.76172 0.691745
8000.99316 0.693729
8003.12549 0.696727
8005.35742 0.700082
8007.58887 0.70067
8009.82031 0.70302
8012.03174 0.704985
8014.17773 0.704191
8016.40869 0.702993
8018.62061 0.701892
8020.85156 0.700839
8022.98389 0.700613
8025.21533 0.699317
8027.44629 0.695944
8029.67773 0.694486
8031.80322 0.694703
8034.03418 0.691506
8036.26514 0.690595
8038.39697 0.690142
8040.62158 0.688989
8042.85254 0.68721
8045.08350 0.687135
8047.21533 0.688108
8049.44580 0.685
8051.67676 0.687554
8053.90771 0.689047
8056.03271 0.684115
8058.26318 0.68791
8060.47412 0.691825
8062.70459 0.687971
8064.85596 0.689092
8067.06689 0.694393
8069.29736 0.697164
8071.52783 0.697278
8073.75830 0.695412
8075.88281 0.693544
8078.11328 0.69399
8080.34326 0.694986
8082.57373 0.694467
8084.80420 0.69042
8087.01416 0.686039
8089.15869 0.679788
8091.37549 0.670871
8093.60596 0.662077
8095.75000 0.652755
8097.96045 0.643337
8100.10449 0.63564
8102.33447 0.629045
8104.46533 0.623404
8106.58984 0.62049
8108.81934 0.618001
8110.95020 0.619431
8113.09424 0.619328
8115.32422 0.622782
8117.44824 0.628287
8119.57861 0.637031
8121.80859 0.643739
8124.03809 0.650063
8126.16211 0.659622
8128.39160 0.668781
8130.62109 0.672163
8132.85059 0.676947
8134.98096 0.680736
8137.20996 0.677728
8139.43311 0.675531
8141.64893 0.666953
8143.87842 0.659174
8146.02148 0.648167
8148.23096 0.634143
8150.37451 0.621031
8152.60352 0.603046
8154.73340 0.584825
8156.85693 0.570459
8159.00684 0.552683
8161.13037 0.540913
8163.17480 0.527022
8165.29785 0.517789
8167.42773 0.517006
8169.47217 0.515141
8171.61523 0.512307
8173.73828 0.513131
8175.78271 0.504619
8177.91211 0.47146
8179.94971 0.40606
8181.89453 0.3177
8183.85303 0.231085
8185.69238 0.160485
8187.54492 0.108343
8189.40430 0.07187
8191.15820 0.04846
8192.93164 0.033826
8194.68555 0.022288
8196.45898 0.015533
8198.21191 0.011926
8199.97266 0.0085
8201.73926 0.005776
8203.86914 0.005654
8205.62207 0.003688
8207.39551 0.003051
8209.14941 0.00351
8211.27832 0.001675
8213.05176 0.002196
8214.80469 0.001962
9036.28516 0.0
