threeML/data/optical_filters/CAHA/ALHAMBRA-F427W.ecsv
# %ECSV 0.9
# ---
# datatype:
# - {name: wavelength, unit: Angstrom, datatype: float32}
# - {name: response, datatype: float32}
# meta: !!omap
# - {band_name: F427W}
# - {group_name: ALHAMBRA}
wavelength response
3616.19995 0.0
4018.00000 0.000859
4019.99976 0.00115
4022.00000 0.0015
4023.99976 0.001992
4026.00000 0.00262
4027.99976 0.003402
4030.00000 0.004499
4032.00024 0.005959
4034.00000 0.008005
4036.00024 0.010779
4038.00000 0.014536
4040.00024 0.02
4042.00000 0.027433
4043.99976 0.03824
4046.00000 0.054074
4047.99976 0.077
4050.00000 0.109523
4052.00000 0.153365
4054.00000 0.20906
4056.00000 0.276754
4058.00000 0.351745
4060.00000 0.432338
4062.00024 0.502752
4064.00000 0.559972
4066.00000 0.598239
4067.99976 0.626759
4070.00000 0.645231
4072.00000 0.66366
4074.00000 0.682628
4076.00000 0.703244
4078.00000 0.72427
4080.00000 0.742856
4082.00024 0.759273
4084.00000 0.773235
4086.00024 0.783137
4088.00000 0.786393
4089.99976 0.78682
4092.00000 0.784996
4093.99976 0.779103
4096.00000 0.772224
4098.00000 0.765128
4100.00000 0.757461
4102.00000 0.749432
4104.00000 0.740511
4106.00000 0.732097
4108.00000 0.722539
4110.00000 0.713572
4112.00000 0.703491
4114.00000 0.692393
4116.00000 0.681406
4118.00000 0.669409
4120.00000 0.658934
4122.00000 0.647969
4124.00000 0.638257
4126.00000 0.630727
4128.00000 0.625022
4130.00000 0.620951
4132.00000 0.617884
4134.00000 0.617581
4136.00000 0.62034
4137.99951 0.623912
4140.00000 0.63164
4142.00000 0.638497
4144.00000 0.648025
4146.00000 0.659241
4148.00000 0.671097
4150.00000 0.68538
4152.00000 0.698141
4154.00000 0.712278
4156.00000 0.725482
4158.00000 0.738029
4160.00000 0.749519
4162.00000 0.759787
4164.00000 0.767175
4166.00000 0.775948
4168.00000 0.781776
4170.00000 0.785757
4172.00000 0.788584
4174.00000 0.78951
4176.00000 0.789037
4178.00000 0.788078
4180.00000 0.783748
4182.00049 0.779445
4184.00000 0.774249
4186.00000 0.767959
4188.00000 0.761893
4190.00000 0.755062
4192.00000 0.749432
4194.00000 0.743498
4196.00000 0.739074
4198.00000 0.7345
4200.00000 0.730787
4202.00000 0.728044
4204.00000 0.726521
4206.00000 0.725565
4208.00000 0.72678
4210.00000 0.72753
4212.00000 0.729265
4214.00000 0.731532
4216.00000 0.73456
4218.00000 0.737077
4220.00000 0.741139
4222.00000 0.742264
4224.00000 0.747331
4226.00000 0.749766
4228.00000 0.751896
4230.00000 0.753943
4232.00000 0.755706
4234.00000 0.755356
4236.00000 0.755158
4238.00000 0.753413
4240.00000 0.750707
4242.00000 0.748925
4244.00000 0.743958
4246.00000 0.741189
4248.00000 0.735713
4250.00000 0.731556
4252.00049 0.726172
4254.00000 0.719919
4256.00000 0.714893
4257.99951 0.708211
4260.00000 0.702264
4262.00000 0.696011
4264.00000 0.688463
4266.00000 0.684248
4268.00000 0.676804
4270.00000 0.670441
4272.00000 0.665001
4274.00000 0.659301
4276.00000 0.655564
4278.00000 0.650925
4280.00000 0.647871
4282.00000 0.643552
4284.00000 0.642411
4286.00000 0.641743
4288.00000 0.641252
4290.00000 0.642109
4292.00000 0.644955
4294.00000 0.647196
4296.00000 0.650563
4298.00000 0.654923
4300.00000 0.660027
4302.00000 0.665484
4304.00000 0.671892
4306.00000 0.678946
4308.00000 0.686356
4310.00000 0.692321
4312.00000 0.700042
4314.00000 0.70553
4316.00000 0.710281
4318.00000 0.715559
4320.00000 0.719787
4322.00000 0.7226
4324.00000 0.723234
4326.00000 0.723422
4327.99951 0.723075
4330.00000 0.721157
4332.00000 0.717741
4334.00000 0.714181
4336.00000 0.710309
4338.00000 0.706823
4340.00000 0.701126
4342.00000 0.696503
4344.00000 0.693193
4346.00000 0.689348
4348.00000 0.685941
4350.00000 0.683615
4352.00000 0.682591
4354.00000 0.682281
4356.00000 0.682725
4358.00000 0.68406
4360.00000 0.686742
4362.00000 0.689139
4364.00000 0.690033
4366.00000 0.693273
4368.00000 0.695261
4370.00000 0.696143
4372.00049 0.694126
4374.00000 0.692285
4376.00000 0.688502
4378.00000 0.680986
4380.00000 0.673568
4382.00000 0.663329
4384.00000 0.652012
4386.00000 0.641538
4388.00000 0.630406
4390.00000 0.623382
4392.00000 0.618888
4394.00000 0.618045
4396.00000 0.622306
4397.99951 0.630413
4400.00000 0.64497
4402.00000 0.662548
4404.00000 0.677548
4406.00000 0.689568
4408.00000 0.687567
4410.00000 0.664722
4412.00000 0.614513
4414.00000 0.531096
4416.00000 0.426403
4418.00000 0.317184
4420.00000 0.224451
4422.00000 0.152504
4424.00000 0.102395
4426.00000 0.068252
4428.00000 0.045846
4430.00000 0.031418
4432.00000 0.022
4434.00000 0.015632
4436.00000 0.011195
4438.00000 0.008213
4440.00000 0.006049
4442.00049 0.004443
4444.00000 0.003357
4446.00000 0.002536
4447.99951 0.00198
4450.00000 0.00149
4452.00000 0.001181
4454.00000 0.000916
4899.39990 0.0
