threeML/data/optical_filters/CAHA/Astralux-I.ecsv
# %ECSV 0.9
# ---
# datatype:
# - {name: wavelength, unit: Angstrom, datatype: float32}
# - {name: response, datatype: float32}
# meta: !!omap
# - {band_name: I}
# - {group_name: Astralux}
wavelength response
6201.23389 0.0
6890.25977 0.001219
6893.52100 0.00124
6896.78223 0.001264
6900.04297 0.001292
6903.30518 0.001322
6906.56592 0.001354
6909.82812 0.001389
6913.08887 0.001425
6916.35107 0.001461
6919.61279 0.001498
6922.87500 0.001536
6926.13721 0.001574
6929.39795 0.001612
6932.66113 0.00165
6935.92285 0.001688
6939.18604 0.001726
6942.44824 0.001764
6945.70996 0.001802
6948.97314 0.00184
6952.23584 0.001879
6955.49902 0.001917
6958.76221 0.001955
6962.02393 0.001993
6965.28809 0.002031
6968.55078 0.002069
6971.81396 0.002107
6975.07715 0.002145
6978.34082 0.002183
6981.60400 0.002221
6984.86816 0.002259
6988.13086 0.002298
6991.39600 0.002336
6994.65918 0.002374
6997.92285 0.002412
7001.18701 0.00245
7004.45117 0.002488
7007.71582 0.002526
7010.97998 0.002564
7014.24414 0.002602
7017.50879 0.00264
7020.77295 0.002679
7024.03809 0.002717
7027.30322 0.002755
7030.56787 0.002793
7033.83301 0.002831
7037.09814 0.002869
7040.36279 0.002907
7043.62793 0.002945
7046.89404 0.002983
7050.15918 0.003021
7053.42383 0.003059
7056.68994 0.003098
7059.95605 0.003136
7063.22119 0.003174
7066.48682 0.003212
7069.75293 0.00325
7073.01904 0.003288
7076.28516 0.003326
7079.55176 0.003364
7082.81787 0.003402
7086.08398 0.00344
7089.35107 0.003479
7092.61719 0.003517
7095.88379 0.003555
7099.15088 0.003593
7102.41699 0.003631
7105.68506 0.003669
7108.95215 0.003707
7112.21924 0.003745
7115.48584 0.003783
7118.75293 0.003821
7122.02100 0.00386
7125.28809 0.003898
7128.55615 0.003936
7131.82324 0.003974
7135.09082 0.004012
7138.35889 0.00405
7141.62598 0.004088
7144.89502 0.004126
7148.16309 0.004164
7151.43115 0.004202
7154.69922 0.00424
7157.96777 0.004279
7161.23584 0.004317
7164.50391 0.004355
7167.77295 0.004393
7171.04199 0.004431
7174.31104 0.004469
7177.58008 0.004507
7180.84912 0.004545
7184.11816 0.004583
7187.38721 0.004621
7190.65576 0.00466
7193.92480 0.004698
7197.19482 0.004736
7200.46387 0.004774
7203.73389 0.004812
7207.00391 0.00485
7210.27295 0.004888
7213.54297 0.004926
7216.81299 0.004964
7220.08301 0.005002
7223.35400 0.005041
7226.62402 0.005079
7229.89404 0.005117
7233.16504 0.005155
7236.43506 0.005193
7239.70605 0.005231
7242.97705 0.00527
7246.24707 0.005311
7249.51807 0.005353
7252.78906 0.0054
7256.06006 0.005453
7259.33105 0.005516
7262.60303 0.005595
7265.87402 0.005696
7269.14502 0.005824
7272.41699 0.005985
7275.68799 0.006181
7278.95996 0.00641
7282.23193 0.006666
7285.50293 0.00694
7288.77490 0.007217
7292.04785 0.007484
7295.31982 0.00773
7298.59180 0.007946
7301.86377 0.008131
7305.13721 0.008287
7308.40918 0.008423
7311.68213 0.008546
7314.95508 0.008665
7318.22705 0.008788
7321.50000 0.008919
7324.77295 0.009059
7328.04590 0.009209
7331.31885 0.009368
7334.59180 0.009533
7337.86621 0.009704
7341.13916 0.009876
7344.41309 0.010048
7347.68604 0.010216
7350.95898 0.010379
7354.23291 0.010535
7357.50684 0.010685
7360.78076 0.010828
7364.05518 0.010968
7367.32910 0.011106
7370.60400 0.011246
7373.87793 0.011389
7377.15186 0.01154
7380.42676 0.0117
7383.70117 0.011872
7386.97607 0.012054
7390.25000 0.012247
7393.52490 0.012447
7396.79980 0.012654
7400.07520 0.012864
7403.35010 0.013075
7406.62500 0.013288
7409.90088 0.013503
7413.17578 0.013724
7416.45215 0.013955
7419.72705 0.0142
7423.00293 0.014465
7426.27783 0.014753
7429.55420 0.015066
7432.83008 0.015405
7436.10596 0.01577
7439.38184 0.016158
7442.65820 0.016567
7445.93506 0.016994
7449.21094 0.017438
7452.48682 0.0179
7455.76416 0.018379
7459.04102 0.018878
7462.31689 0.019399
7465.59424 0.019945
7468.87109 0.020515
7472.14795 0.021109
7475.42480 0.021726
7478.70215 0.022364
7481.97900 0.023018
7485.25684 0.023687
7488.53418 0.024367
7491.81201 0.025057
7495.08887 0.025757
7498.36719 0.026466
7501.64502 0.027189
7504.92188 0.027931
7508.20117 0.028701
7511.47900 0.029508
7514.75684 0.030361
7518.03516 0.031268
7521.31299 0.032236
7524.59180 0.03327
7527.87012 0.034371
7531.14893 0.035537
7534.42676 0.036764
7537.70605 0.038047
7540.98486 0.039382
7544.26416 0.040763
7547.54297 0.042189
7550.82178 0.04366
7554.10107 0.045179
7557.37988 0.04675
7560.66016 0.048379
7563.93896 0.050071
7567.21924 0.051828
7570.49902 0.053655
7573.77783 0.055554
7577.05811 0.057526
7580.33789 0.059571
7583.61816 0.061691
7586.89795 0.063885
7590.17920 0.066155
7593.45898 0.068503
7596.73877 0.07093
7600.02002 0.073438
7603.29980 0.07603
7606.58105 0.078707
7609.86182 0.08147
7613.14307 0.08432
7616.42285 0.087259
7619.70508 0.090288
7622.98486 0.093411
7626.26709 0.096633
7629.54785 0.099956
7632.82910 0.103388
7636.11084 0.106931
7639.39209 0.11059
7642.67383 0.114369
7645.95605 0.118268
7649.23682 0.122291
7652.52002 0.126435
7655.80078 0.130697
7659.08301 0.135074
7662.36621 0.139561
7665.64795 0.14415
7668.93018 0.14884
7672.21289 0.153627
7675.49512 0.15851
7678.77783 0.163492
7682.06104 0.168574
7685.34277 0.173757
7688.62598 0.179041
7691.90918 0.184423
7695.19189 0.1899
7698.47607 0.195469
7701.75879 0.201127
7705.04199 0.206875
7708.32617 0.212714
7711.60889 0.218648
7714.89307 0.224679
7718.17578 0.230807
7721.45996 0.237029
7724.74414 0.24334
7728.02783 0.249734
7731.31201 0.256205
7734.59619 0.262748
7737.87988 0.269363
7741.16504 0.27605
7744.44922 0.282812
7747.73291 0.289652
7751.01807 0.29657
7754.30322 0.303564
7757.58691 0.310624
7760.87305 0.317742
7764.15723 0.324905
7767.44189 0.332105
7770.72803 0.33934
7774.01318 0.346616
7777.29785 0.353954
7780.58301 0.361385
7783.86914 0.368953
7787.15479 0.376706
7790.43994 0.384698
7793.72607 0.392972
7797.01221 0.401561
7800.29785 0.410476
7803.58398 0.419699
7806.87012 0.429182
7810.15576 0.438848
7813.44189 0.448595
7816.72900 0.45831
7820.01514 0.467881
7823.30176 0.477212
7826.58789 0.486231
7829.87500 0.4949
7833.16211 0.503211
7836.44922 0.51118
7839.73584 0.51884
7843.02295 0.526236
7846.31104 0.533412
7849.59814 0.540408
7852.88477 0.547258
7856.17188 0.553988
7859.45996 0.560618
7862.74805 0.567158
7866.03516 0.573622
7869.32324 0.580015
7872.61084 0.586341
7875.89893 0.592602
7879.18701 0.598798
7882.47607 0.604924
7885.76416 0.610975
7889.05176 0.61694
7892.33984 0.622811
7895.62891 0.628581
7898.91699 0.634245
7902.20703 0.639802
7905.49512 0.645254
7908.78418 0.650601
7912.07324 0.655841
7915.36182 0.660971
7918.65088 0.665981
7921.93994 0.67086
7925.22998 0.675592
7928.52002 0.680164
7931.80908 0.684564
7935.09912 0.688791
7938.38818 0.692849
7941.67822 0.696757
7944.96777 0.700538
7948.25781 0.704222
7951.54785 0.707842
7954.83789 0.711421
7958.12793 0.714971
7961.41797 0.718493
7964.70898 0.72197
7968.00000 0.725378
7971.29004 0.728684
7974.58105 0.73186
7977.87207 0.734883
7981.16309 0.737743
7984.45410 0.740445
7987.74512 0.743002
7991.03613 0.745441
7994.32715 0.747788
7997.61816 0.750072
8000.91016 0.752318
8004.20117 0.754549
8007.49316 0.756776
8010.78418 0.75901
8014.07617 0.761255
8017.36816 0.763506
8020.66016 0.765757
8023.95215 0.767999
8027.24414 0.77022
8030.53613 0.772411
8033.82910 0.774563
8037.12109 0.776672
8040.41406 0.778734
8043.70605 0.78075
8046.99902 0.782717
8050.29199 0.784637
8053.58398 0.786507
8056.87695 0.78833
8060.16992 0.790107
8063.46289 0.791844
8066.75684 0.793551
8070.04980 0.795238
8073.34277 0.796918
8076.63721 0.798597
8079.93018 0.800281
8083.22412 0.801968
8086.51807 0.803654
8089.81201 0.805331
8093.10498 0.806987
8096.39893 0.808615
8099.69287 0.810205
8102.98779 0.81175
8106.28223 0.813246
8109.57617 0.814696
8112.87109 0.816101
8116.16602 0.817474
8119.45996 0.818826
8122.75488 0.820168
8126.04883 0.82151
8129.34424 0.822855
8132.64014 0.824201
8135.93506 0.82554
8139.22900 0.826856
8142.52490 0.828136
8145.81982 0.829369
8149.11621 0.830546
8152.41113 0.831668
8155.70703 0.832736
8159.00195 0.833756
8162.29785 0.834735
8165.59424 0.835674
8168.89014 0.836569
8172.18701 0.837411
8175.48193 0.838194
8178.77881 0.838917
8182.07520 0.839584
8185.37207 0.840208
8188.66797 0.84081
8191.96484 0.841407
8195.26172 0.842018
8198.55762 0.84265
8201.85547 0.843306
8205.15234 0.843983
8208.44922 0.844674
8211.74609 0.84537
8215.04297 0.846062
8218.34082 0.846742
8221.63770 0.847403
8224.93555 0.84804
8228.23340 0.848647
8231.53125 0.849224
8234.82910 0.849766
8238.12695 0.850273
8241.42480 0.850745
8244.72266 0.85118
8248.02148 0.851581
8251.31934 0.851957
8254.61719 0.852313
8257.91602 0.85266
8261.21387 0.853005
8264.51270 0.853355
8267.81152 0.85371
8271.11035 0.854069
8274.40918 0.854433
8277.70801 0.854799
8281.00684 0.85517
8284.30566 0.855549
8287.60547 0.855935
8290.90430 0.856324
8294.20410 0.85671
8297.50391 0.857084
8300.80273 0.857436
8304.10254 0.857763
8307.40234 0.858064
8310.70215 0.858349
8314.00195 0.858632
8317.30176 0.85893
8320.60254 0.859257
8323.90234 0.859624
8327.20312 0.860031
8330.50293 0.860475
8333.80371 0.86094
8337.10352 0.861415
8340.40430 0.861888
8343.70605 0.862357
8347.00684 0.862824
8350.30762 0.863293
8353.60840 0.86377
8356.90918 0.864254
8360.21094 0.864737
8363.51172 0.865206
8366.81348 0.865645
8370.11426 0.866038
8373.41602 0.866377
8376.71777 0.86666
8380.01953 0.866893
8383.32129 0.867085
8386.62305 0.867243
8389.92480 0.867377
8393.22754 0.86749
8396.52930 0.867584
8399.83203 0.867665
8403.13379 0.867733
8406.43652 0.867794
8409.73926 0.867853
8413.04199 0.867919
8416.34473 0.868001
8419.64746 0.868113
8422.95020 0.868269
8426.25293 0.868479
8429.55566 0.868748
8432.85938 0.869072
8436.16211 0.869437
8439.46582 0.869816
8442.76953 0.870179
8446.07227 0.870495
8449.37598 0.870733
8452.67969 0.870876
8455.98340 0.870914
8459.28809 0.870851
8462.59180 0.870708
8465.89648 0.870512
8469.20020 0.870301
8472.50391 0.870116
8475.80859 0.869992
8479.11230 0.869961
8482.41699 0.870035
8485.72168 0.870219
8489.02637 0.870502
8492.33105 0.870857
8495.63672 0.871254
8498.94141 0.871658
8502.24609 0.872033
8505.55176 0.87235
8508.85645 0.872586
8512.16211 0.872734
8515.46680 0.872795
8518.77246 0.872789
8522.07812 0.872737
8525.38379 0.872674
8528.68945 0.872637
8531.99512 0.872652
8535.30176 0.872738
8538.60742 0.872905
8541.91406 0.873148
8545.21973 0.873449
8548.52637 0.873789
8551.83203 0.874146
8555.13867 0.874499
8558.44531 0.874833
8561.75195 0.875131
8565.05859 0.875383
8568.36621 0.875575
8571.67285 0.875696
8574.97852 0.875732
8578.28711 0.875679
8581.59375 0.875537
8584.90137 0.875321
8588.20898 0.875054
8591.51562 0.874771
8594.82324 0.87451
8598.13086 0.8743
8601.43848 0.874164
8604.74707 0.87411
8608.05469 0.874127
8611.36230 0.874199
8614.67090 0.874302
8617.97852 0.874416
8621.28711 0.874529
8624.59570 0.87464
8627.90430 0.874752
8631.21289 0.874876
8634.52148 0.875026
8637.83008 0.875211
8641.13867 0.875433
8644.44727 0.875692
8647.75684 0.875982
8651.06543 0.876291
8654.37500 0.876607
8657.68359 0.876915
8660.99316 0.877203
8664.30273 0.87746
8667.61230 0.877676
8670.92188 0.877846
8674.23145 0.877967
8677.54102 0.878039
8680.85156 0.878064
8684.16113 0.878044
8687.47168 0.877983
8690.78125 0.877887
8694.09180 0.877766
8697.40234 0.877633
8700.71289 0.877503
8704.02344 0.877396
8707.33398 0.877327
8710.64453 0.877309
8713.95508 0.877343
8717.26562 0.877425
8720.57715 0.877542
8723.88770 0.877682
8727.19922 0.877832
8730.51074 0.877985
8733.82129 0.878138
8737.13281 0.878287
8740.44434 0.87843
8743.75586 0.878564
8747.06738 0.878689
8750.37988 0.878806
8753.69141 0.878924
8757.00293 0.879055
8760.31543 0.87922
8763.62695 0.879434
8766.93945 0.879709
8770.25195 0.88004
8773.56445 0.880413
8776.87695 0.880795
8780.18945 0.881145
8783.50195 0.88142
8786.81445 0.881583
8790.12793 0.88161
8793.44043 0.881501
8796.75391 0.881282
8800.06641 0.880993
8803.37988 0.88069
8806.69336 0.880423
8810.00684 0.880232
8813.32031 0.880136
8816.63379 0.880131
8819.94727 0.88019
8823.26074 0.88028
8826.57520 0.880362
8829.88867 0.880408
8833.20215 0.8804
8836.51660 0.880339
8839.83105 0.880239
8843.14648 0.880118
8846.45996 0.879996
8849.77441 0.879892
8853.08887 0.879821
8856.40332 0.879787
8859.71777 0.879793
8863.03320 0.879837
8866.34766 0.879913
8869.66309 0.880013
8872.97754 0.880127
8876.29297 0.880243
8879.60840 0.880351
8882.92383 0.88044
8886.23926 0.880507
8889.55469 0.880547
8892.87012 0.880561
8896.18555 0.880552
8899.50195 0.880521
8902.81738 0.880471
8906.13379 0.8804
8909.44922 0.88031
8912.76562 0.880204
8916.08203 0.880086
8919.39844 0.879965
8922.71484 0.879855
8926.03125 0.879769
8929.34766 0.879721
8932.66406 0.879723
8935.98145 0.879781
8939.29785 0.879893
8942.61523 0.880057
8945.93262 0.880265
8949.24902 0.880502
8952.56641 0.88076
8955.88379 0.881025
8959.20117 0.881289
8962.51855 0.88154
8965.83594 0.881762
8969.15430 0.881943
8972.47168 0.88207
8975.79004 0.882135
8979.10742 0.882132
8982.42578 0.882067
8985.74414 0.88195
8989.06348 0.881792
8992.38086 0.88161
8995.69922 0.881414
8999.01758 0.881218
9002.33594 0.881031
9005.65430 0.880861
9008.97363 0.880715
9012.29199 0.880598
9015.61133 0.880512
9018.92969 0.880456
9022.24902 0.880429
9025.56836 0.880424
9028.88770 0.880436
9032.20703 0.880462
9035.52637 0.880495
9038.84570 0.880532
9042.16602 0.880572
9045.48535 0.88061
9048.80566 0.880648
9052.12500 0.880685
9055.44531 0.880722
9058.76562 0.880756
9062.08594 0.880789
9065.40625 0.880821
9068.72656 0.88085
9072.04688 0.880879
9075.36719 0.880906
9078.68848 0.880931
9082.00879 0.880955
9085.32910 0.880977
9088.65039 0.880997
9091.97168 0.881017
9095.29199 0.881034
9098.61328 0.881051
9101.93457 0.881065
9105.25586 0.881078
9108.57715 0.88109
9111.89941 0.8811
9115.22070 0.881109
9118.54199 0.881116
9121.86426 0.881121
9125.18652 0.881125
9128.50781 0.881128
9131.83008 0.881129
9135.15234 0.881128
9138.47461 0.881126
9141.79688 0.881123
9145.11914 0.881118
9148.44238 0.881111
9151.76465 0.881103
9155.08691 0.881093
9158.41016 0.881082
9161.73340 0.881069
9165.05566 0.881055
9168.37891 0.881039
9171.70215 0.881022
9175.02539 0.881004
9178.34863 0.880983
9181.67188 0.880961
9184.99512 0.880938
9188.31934 0.880913
9191.64258 0.880887
9194.96680 0.880859
9198.29004 0.88083
9201.61426 0.880799
9204.93848 0.880766
9208.26270 0.880733
9211.58691 0.880697
9214.91113 0.88066
9218.23535 0.880622
9221.56055 0.880582
9224.88477 0.88054
9228.20898 0.880497
9231.53418 0.880452
9234.85938 0.880406
9238.18359 0.880359
9241.50879 0.88031
9244.83398 0.880259
9248.15918 0.880207
9251.48438 0.880153
9254.80957 0.880098
9258.13574 0.880041
9261.46094 0.879983
9264.78711 0.879923
9268.11230 0.879862
9271.43848 0.879799
9274.76465 0.879735
9278.09082 0.879669
9281.41602 0.879602
9284.74219 0.879533
9288.06934 0.879463
9291.39648 0.879391
9294.72168 0.879317
9298.04785 0.879241
9301.37500 0.879163
9304.70215 0.879081
9308.02832 0.878993
9311.35547 0.878895
9314.68262 0.878784
9318.00977 0.878654
9321.33691 0.8785
9324.66406 0.878321
9327.99121 0.878117
9331.31836 0.877893
9334.64648 0.877661
9337.97363 0.877435
9341.30176 0.877235
9344.62988 0.87707
9347.95703 0.876955
9351.28516 0.876893
9354.61328 0.876885
9357.94141 0.876926
9361.26953 0.877013
9364.59863 0.877141
9367.92676 0.877304
9371.25488 0.877494
9374.58398 0.877696
9377.91211 0.877891
9381.24121 0.878049
9384.57031 0.878142
9387.89941 0.878137
9391.22852 0.878014
9394.55762 0.877761
9397.88672 0.877391
9401.21582 0.876933
9404.54492 0.876435
9407.87500 0.875956
9411.20410 0.875553
9414.53418 0.875266
9417.86426 0.87511
9421.19434 0.875075
9424.52441 0.875124
9427.85352 0.875205
9431.18457 0.875265
9434.51465 0.875256
9437.84473 0.875154
9441.17480 0.874945
9444.50586 0.874638
9447.83594 0.874254
9451.16699 0.873816
9454.49805 0.873358
9457.82812 0.872907
9461.15918 0.872493
9464.49023 0.872141
9467.82129 0.871873
9471.15234 0.871704
9474.48438 0.87164
9477.81543 0.87168
9481.14648 0.871814
9484.47852 0.872026
9487.81055 0.872295
9491.14160 0.872604
9494.47363 0.872935
9497.80566 0.873281
9501.13770 0.873631
9504.46973 0.873977
9507.80176 0.874306
9511.13477 0.874605
9514.46680 0.874852
9517.79883 0.875033
9521.13184 0.875137
9524.46484 0.875165
9527.79688 0.875123
9531.12988 0.875027
9534.46289 0.874902
9537.79590 0.874769
9541.12891 0.874643
9544.46191 0.874532
9547.79590 0.87444
9551.12891 0.874362
9554.46191 0.87429
9557.79590 0.874225
9561.12988 0.874178
9564.46387 0.874166
9567.79688 0.874217
9571.13086 0.874353
9574.46484 0.874587
9577.79883 0.87491
9581.13379 0.875292
9584.46777 0.875676
9587.80176 0.876004
9591.13672 0.876217
9594.47070 0.876273
9597.80566 0.876155
9601.14062 0.875877
9604.47559 0.87548
9607.80957 0.875015
9611.14453 0.874537
9614.48047 0.874083
9617.81543 0.873682
9621.15039 0.87334
9624.48535 0.873045
9627.82129 0.872787
9631.15625 0.872555
9634.49219 0.87234
9637.82812 0.872137
9641.16406 0.871949
9644.50000 0.871773
9647.83594 0.871616
9651.17188 0.871469
9654.50781 0.871333
9657.84473 0.871207
9661.18066 0.87109
9664.51660 0.870989
9667.85352 0.870907
9671.19043 0.870861
9674.52637 0.870865
9677.86328 0.87093
9681.20020 0.871063
9684.53711 0.871268
9687.87402 0.871527
9691.21191 0.871812
9694.54883 0.872086
9697.88574 0.87231
9701.22363 0.872449
9704.56055 0.872479
9707.89844 0.872395
9711.23633 0.872215
9714.57422 0.871968
9717.91211 0.871696
9721.25000 0.871437
9724.58789 0.871224
9727.92578 0.871076
9731.26465 0.870986
9734.60254 0.870929
9737.94141 0.870869
9741.27930 0.870768
9744.61816 0.870586
9747.95703 0.870307
9751.29492 0.869931
9754.63379 0.869485
9757.97266 0.868997
9761.31348 0.868508
9764.65137 0.868047
9767.99023 0.867631
9771.33008 0.867272
9774.66895 0.86696
9778.00879 0.866695
9781.34863 0.866482
9784.68848 0.866331
9788.02734 0.866259
9791.36719 0.866287
9794.70703 0.866424
9798.04785 0.866665
9801.38770 0.86698
9804.72754 0.867322
9808.06836 0.867634
9811.40820 0.867854
9814.74902 0.867936
9818.08887 0.867863
9821.42969 0.867647
9824.77148 0.867327
9828.11133 0.866968
9831.45215 0.866625
9834.79297 0.866349
9838.13477 0.86616
9841.47559 0.866044
9844.81641 0.865957
9848.15820 0.865842
9851.50000 0.865645
9854.84082 0.86533
9858.18262 0.864897
9861.52441 0.864381
9864.86621 0.863841
9868.20801 0.863349
9871.54980 0.862969
9874.89258 0.862731
9878.23438 0.862636
9881.57617 0.862637
9884.91895 0.862665
9888.26172 0.862653
9891.60352 0.862539
9894.94629 0.862301
9898.28906 0.861947
9901.63184 0.861512
9904.97461 0.861055
9908.31738 0.860626
9911.66113 0.860256
9915.00391 0.859955
9918.34766 0.859707
9921.69043 0.859483
9925.03418 0.859248
9928.37793 0.858974
9931.72168 0.858646
9935.06445 0.858277
9938.40820 0.857897
9941.75293 0.857555
9945.09668 0.857317
9948.44043 0.857241
9951.78418 0.857374
9955.12891 0.857733
9958.47266 0.858301
9961.81738 0.859031
9965.16211 0.859845
9968.50684 0.860646
9971.85156 0.86134
9975.19629 0.861834
9978.54102 0.862066
9981.88574 0.862004
9985.23047 0.861644
9988.57617 0.861022
9991.92090 0.860193
9995.26660 0.859236
9998.61230 0.858232
10001.95996 0.85726
10005.29980 0.856379
10008.65039 0.855624
10011.99023 0.855002
10015.33984 0.854492
10018.69043 0.854054
10022.03027 0.853647
10025.37988 0.853221
10028.71973 0.852746
10032.07031 0.8522
10035.41992 0.851576
10038.75977 0.85089
10042.11035 0.850171
10045.45996 0.849473
10048.79980 0.848849
10052.15039 0.84836
10055.50000 0.848042
10058.83984 0.847891
10062.19043 0.847868
10065.54004 0.847889
10068.88965 0.847843
10072.23047 0.84763
10075.58008 0.847175
10078.92969 0.846472
10082.28027 0.845571
10085.62012 0.844575
10088.96973 0.843633
10092.32031 0.842874
10095.66992 0.84241
10099.01953 0.842294
10102.36035 0.842523
10105.70996 0.84303
10109.05957 0.843723
10112.41016 0.844477
10115.75977 0.845169
10119.11035 0.845697
10122.45020 0.845974
10125.79980 0.845958
10129.15039 0.845643
10132.50000 0.845066
10135.84961 0.844297
10139.20020 0.843424
10142.54980 0.84253
10145.90039 0.841683
10149.25000 0.840918
10152.59961 0.840242
10155.95020 0.839632
10159.29980 0.839047
10162.65039 0.838473
10166.00000 0.837897
10169.34961 0.837345
10172.70020 0.836865
10176.04980 0.836496
10179.40039 0.836265
10182.75000 0.836161
10186.09961 0.836135
10189.45020 0.836113
10192.79980 0.835992
10196.15039 0.8357
10199.50000 0.835185
10202.84961 0.834436
10206.20020 0.833472
10209.54980 0.832349
10212.90039 0.831114
10216.25000 0.829823
10219.61035 0.828506
10222.95996 0.827178
10226.30957 0.825851
10229.66016 0.824524
10233.00977 0.823214
10236.36035 0.821941
10239.71973 0.820739
10243.07031 0.819641
10246.41992 0.818678
10249.76953 0.817866
10253.12012 0.817203
10256.48047 0.816679
10259.83008 0.816267
10263.17969 0.815946
10266.53027 0.815684
10269.88965 0.815468
10273.24023 0.815288
11300.56445 0.0
