threeML/data/optical_filters/CAHA/Astralux-R.ecsv
# %ECSV 0.9
# ---
# datatype:
# - {name: wavelength, unit: Angstrom, datatype: float32}
# - {name: response, datatype: float32}
# meta: !!omap
# - {band_name: R}
# - {group_name: Astralux}
wavelength response
4809.50635 0.0
5343.89600 0.001038
5347.17090 0.001086
5350.44482 0.001129
5353.72021 0.001165
5356.99512 0.001194
5360.26904 0.001219
5363.54395 0.001243
5366.81787 0.001271
5370.09277 0.001312
5373.36816 0.001372
5376.64307 0.001461
5379.91699 0.001586
5383.19189 0.001752
5386.46680 0.001962
5389.74316 0.002216
5393.01807 0.002513
5396.29199 0.00285
5399.56689 0.003225
5402.84277 0.003634
5406.11816 0.004076
5409.39307 0.004547
5412.66797 0.005048
5415.94385 0.005577
5419.21924 0.006133
5422.49414 0.006716
5425.77002 0.007326
5429.04492 0.007963
5432.32080 0.008627
5435.59619 0.009318
5438.87207 0.010036
5442.14697 0.010781
5445.42285 0.011552
5448.69922 0.01235
5451.97510 0.013174
5455.25000 0.014026
5458.52588 0.014904
5461.80176 0.01581
5465.07812 0.016746
5468.35400 0.017717
5471.62988 0.018729
5474.90576 0.019792
5478.18213 0.020921
5481.45801 0.022134
5484.73389 0.023452
5488.00977 0.024902
5491.28613 0.026511
5494.56299 0.028313
5497.83887 0.030339
5501.11523 0.032626
5504.39209 0.035209
5507.66797 0.038121
5510.94385 0.041391
5514.22119 0.045045
5517.49805 0.049103
5520.77393 0.05358
5524.04980 0.058493
5527.32715 0.063858
5530.60400 0.069692
5533.87988 0.076014
5537.15723 0.082839
5540.43408 0.090177
5543.71094 0.098036
5546.98779 0.106412
5550.26514 0.1153
5553.54199 0.124689
5556.81885 0.13457
5560.09619 0.144933
5563.37305 0.155773
5566.64990 0.167081
5569.92676 0.178852
5573.20410 0.191066
5576.48096 0.203704
5579.75879 0.216727
5583.03613 0.230092
5586.31299 0.24375
5589.59082 0.257644
5592.86816 0.271717
5596.14600 0.285912
5599.42285 0.300174
5602.70117 0.31445
5605.97900 0.328693
5609.25586 0.342862
5612.53418 0.356923
5615.81201 0.370851
5619.08887 0.384629
5622.36719 0.39824
5625.64502 0.41167
5628.92285 0.424905
5632.20117 0.43793
5635.47900 0.450729
5638.75586 0.46328
5642.03516 0.475563
5645.31299 0.487556
5648.59082 0.499237
5651.86914 0.510586
5655.14697 0.521581
5658.42480 0.532208
5661.70410 0.542453
5664.98193 0.552316
5668.25977 0.561802
5671.53906 0.570931
5674.81689 0.579731
5678.09619 0.588237
5681.37402 0.596487
5684.65283 0.604511
5687.93115 0.612335
5691.20996 0.619973
5694.48877 0.627428
5697.76709 0.634699
5701.04590 0.641775
5704.32520 0.648644
5707.60400 0.655295
5710.88184 0.661712
5714.16211 0.667876
5717.43994 0.67377
5720.71924 0.679378
5723.99902 0.684687
5727.27686 0.689686
5730.55713 0.694376
5733.83496 0.698762
5737.11523 0.702858
5740.39404 0.706688
5743.67285 0.710273
5746.95312 0.713642
5750.23193 0.716821
5753.51123 0.719841
5756.79102 0.722727
5760.06982 0.725499
5763.35010 0.728175
5766.62891 0.730759
5769.90918 0.733252
5773.18799 0.735645
5776.46777 0.737924
5779.74805 0.740077
5783.02686 0.742097
5786.30713 0.743989
5789.58691 0.745764
5792.86719 0.747453
5796.14697 0.749091
5799.42676 0.750718
5802.70703 0.75237
5805.98682 0.754067
5809.26709 0.755809
5812.54688 0.757572
5815.82715 0.759315
5819.10693 0.760981
5822.38818 0.762521
5825.66797 0.763895
5828.94824 0.765085
5832.22900 0.766096
5835.50879 0.766947
5838.78906 0.767676
5842.06982 0.768314
5845.35010 0.768894
5848.63086 0.769437
5851.91113 0.76995
5855.19189 0.770435
5858.47314 0.770883
5861.75293 0.771285
5865.03418 0.771629
5868.31494 0.771913
5871.59619 0.77214
5874.87598 0.772316
5878.15723 0.77246
5881.43799 0.772589
5884.71924 0.772726
5888.00000 0.772886
5891.28076 0.773077
5894.56299 0.773301
5897.84424 0.773552
5901.12500 0.773821
5904.40576 0.774095
5907.68701 0.774371
5910.96777 0.774648
5914.25000 0.77493
5917.53076 0.77522
5920.81299 0.775522
5924.09424 0.775826
5927.37500 0.776119
5930.65723 0.776377
5933.93799 0.776579
5937.22021 0.776705
5940.50195 0.776741
5943.78418 0.776685
5947.06494 0.776542
5950.34717 0.776325
5953.62891 0.776048
5956.91113 0.775725
5960.19189 0.775371
5963.47510 0.774993
5966.75586 0.7746
5970.03906 0.774194
5973.31982 0.773779
5976.60303 0.773358
5979.88477 0.772931
5983.16699 0.7725
5986.44922 0.772064
5989.73096 0.771625
5993.01416 0.771183
5996.29590 0.770738
5999.57812 0.770291
6002.86084 0.76984
6006.14307 0.769387
6009.42578 0.768931
6012.70801 0.768473
6015.99121 0.768011
6019.27295 0.767547
6022.55615 0.76708
6025.83789 0.76661
6029.12207 0.766138
6032.40381 0.765662
6035.68701 0.765184
6038.97021 0.764704
6042.25195 0.76422
6045.53613 0.763734
6048.81787 0.763245
6052.10205 0.762753
6055.38477 0.762259
6058.66699 0.761762
6061.95117 0.761262
6065.23389 0.76076
6068.51709 0.760254
6071.79980 0.759746
6075.08301 0.759235
6078.36719 0.758722
6081.64990 0.758205
6084.93408 0.757686
6088.21680 0.757164
6091.50000 0.75664
6094.78418 0.756112
6098.06787 0.755582
6101.35107 0.755049
6104.63477 0.754514
6107.91797 0.753976
6111.20215 0.753434
6114.48584 0.752891
6117.77002 0.752344
6121.05420 0.751795
6124.33691 0.751243
6127.62207 0.750688
6130.90479 0.750131
6134.18896 0.74957
6137.47314 0.749007
6140.75684 0.748441
6144.04199 0.747873
6147.32617 0.747302
6150.60986 0.746728
6153.89404 0.746151
6157.17822 0.745572
6160.46289 0.744989
6163.74707 0.744404
6167.03076 0.743817
6170.31592 0.743226
6173.60107 0.742633
6176.88477 0.742037
6180.16895 0.741438
6183.45410 0.740837
6186.73877 0.740233
6190.02295 0.739626
6193.30811 0.739016
6196.59277 0.738404
6199.87695 0.737789
6203.16309 0.737171
6206.44678 0.73655
6209.73193 0.735927
6213.01709 0.735301
6216.30176 0.734672
6219.58691 0.73404
6222.87207 0.733406
6226.15723 0.732769
6229.44189 0.732129
6232.72803 0.731486
6236.01318 0.730841
6239.29785 0.730193
6242.58301 0.729542
6245.86914 0.728888
6249.15381 0.728232
6252.43896 0.727573
6255.72510 0.726911
6259.00977 0.726247
6262.29590 0.72558
6265.58203 0.724909
6268.86719 0.724237
6272.15283 0.723561
6275.43799 0.722883
6278.72412 0.722202
6282.00977 0.721518
6285.29590 0.720832
6288.58203 0.720142
6291.86816 0.71945
6295.15381 0.718756
6298.43896 0.718058
6301.72607 0.717358
6305.01221 0.716655
6308.29785 0.715949
6311.58398 0.715241
6314.87012 0.71453
6318.15576 0.713816
6321.44287 0.713099
6324.72900 0.71238
6328.01514 0.711658
6331.30176 0.710933
6334.58789 0.710205
6337.87500 0.709474
6341.16113 0.708742
6344.44678 0.708006
6347.73389 0.707267
6351.02100 0.706526
6354.30713 0.705781
6357.59424 0.705035
6360.88086 0.704285
6364.16699 0.703533
6367.45410 0.702778
6370.74121 0.70202
6374.02783 0.70126
6377.31494 0.700499
6380.60205 0.699735
6383.88916 0.698972
6387.17578 0.698211
6390.46289 0.697454
6393.75000 0.696704
6397.03809 0.695966
6400.32520 0.695242
6403.61182 0.694537
6406.89893 0.693849
6410.18701 0.693177
6413.47412 0.692518
6416.76123 0.691864
6420.04883 0.691205
6423.33594 0.690533
6426.62402 0.689838
6429.91113 0.689114
6433.19922 0.68836
6436.48682 0.687574
6439.77393 0.68676
6443.06201 0.685922
6446.35010 0.685065
6449.63818 0.684193
6452.92480 0.68331
6456.21289 0.68242
6459.50098 0.681525
6462.78906 0.680625
6466.07715 0.679721
6469.36523 0.678815
6472.65283 0.677906
6475.94092 0.676995
6479.22900 0.676081
6482.51807 0.675164
6485.80615 0.674245
6489.09424 0.673324
6492.38281 0.6724
6495.67090 0.671473
6498.95898 0.670544
6502.24805 0.669613
6505.53711 0.668679
6508.82520 0.667743
6512.11279 0.666804
6515.40186 0.665862
6518.68994 0.664918
6521.97900 0.663972
6525.26807 0.663023
6528.55713 0.662072
6531.84619 0.661118
6535.13379 0.660162
6538.42285 0.659203
6541.71191 0.658242
6545.00098 0.657278
6548.29004 0.656312
6551.57910 0.655343
6554.86816 0.654371
6558.15723 0.653397
6561.44678 0.652421
6564.73584 0.651443
6568.02490 0.650461
6571.31396 0.649478
6574.60400 0.648491
6577.89307 0.647503
6581.18213 0.646511
6584.47217 0.645518
6587.76123 0.644521
6591.05078 0.643523
6594.33984 0.642521
6597.62988 0.641518
6600.91895 0.640512
6604.20898 0.639503
6607.49902 0.638492
6610.78906 0.637478
6614.07910 0.636462
6617.36816 0.635444
6620.65820 0.634422
6623.94824 0.633399
6627.23779 0.632373
6630.52783 0.631344
6633.81787 0.630313
6637.10791 0.62928
6640.39795 0.628244
6643.68799 0.627205
6646.97900 0.626164
6650.26904 0.62512
6653.55908 0.624074
6656.85010 0.623026
6660.14014 0.621975
6663.43018 0.620922
6666.72119 0.619865
6670.01123 0.618807
6673.30176 0.617746
6676.59180 0.616683
6679.88281 0.615617
6683.17285 0.614548
6686.46387 0.613477
6689.75488 0.612404
6693.04492 0.611328
6696.33594 0.61025
6699.62695 0.609169
6702.91797 0.608085
6706.20898 0.607
6709.50000 0.605911
6712.79102 0.60482
6716.08203 0.603727
6719.37305 0.602631
6722.66406 0.601533
6725.95508 0.600432
6729.24609 0.599329
6732.53809 0.598223
6735.82910 0.597115
6739.12012 0.596004
6742.41211 0.594891
6745.70312 0.593775
6748.99414 0.592657
6752.28613 0.591536
6755.57715 0.590413
6758.86914 0.589287
6762.16016 0.588159
6765.45215 0.587028
6768.74414 0.585895
6772.03516 0.584759
6775.32715 0.583621
6778.61914 0.58248
6781.91113 0.581337
6785.20312 0.580192
6788.49512 0.579043
6791.78613 0.577893
6795.07812 0.57674
6798.37109 0.575584
6801.66309 0.574426
6804.95508 0.573265
6808.24707 0.572102
6811.53906 0.570937
6814.83105 0.569769
6818.12305 0.568598
6821.41602 0.567425
6824.70801 0.566249
6828.00000 0.565072
6831.29199 0.563891
6834.58496 0.562708
6837.87695 0.561523
6841.16992 0.560334
6844.46289 0.559144
6847.75488 0.557951
6851.04785 0.556756
6854.34082 0.555558
6857.63281 0.554357
6860.92578 0.553154
6864.21924 0.551949
6867.51221 0.550741
6870.80518 0.549531
6874.09814 0.548318
6877.39111 0.547102
6880.68408 0.545884
6883.97705 0.544664
6887.27002 0.543441
6890.56299 0.542216
6893.85596 0.540988
6897.14893 0.539758
6900.44287 0.538525
6903.73584 0.53729
6907.02881 0.536052
6910.32324 0.534811
6913.61621 0.533569
6916.90918 0.532323
6920.20312 0.531076
6923.49707 0.529825
6926.79004 0.528573
6930.08301 0.527317
6933.37695 0.52606
6936.67090 0.524799
6939.96484 0.523537
6943.25781 0.522272
6946.55176 0.521004
6949.84619 0.519734
6953.14014 0.518461
6956.43408 0.517186
6959.72803 0.515908
6963.02197 0.514628
6966.31592 0.513346
6969.60986 0.51206
6972.90381 0.510773
6976.19824 0.509483
6979.49316 0.50819
6982.78711 0.506895
6986.08105 0.505597
6989.37500 0.504297
6992.66992 0.502995
6995.96387 0.50169
6999.25781 0.500382
7002.55322 0.499072
7005.84814 0.49776
7009.14209 0.496445
7012.43701 0.495127
7015.73096 0.493807
7019.02588 0.492485
7022.32080 0.49116
7025.61621 0.489832
7028.91016 0.488502
7032.20508 0.48717
7035.50000 0.485835
7038.79492 0.484497
7042.08984 0.483157
7045.38477 0.481815
7048.68018 0.48047
7051.97510 0.479123
7055.27002 0.477773
7058.56494 0.47642
7061.85986 0.475066
7065.15576 0.473708
7068.45117 0.472348
7071.74609 0.470986
7075.04199 0.469621
7078.33691 0.468254
7081.63184 0.466884
7084.92822 0.465512
7088.22412 0.464137
7091.51904 0.46276
7094.81396 0.46138
7098.10986 0.459998
7101.40576 0.458613
7104.70215 0.457226
7107.99805 0.455836
7111.29297 0.454444
7114.58887 0.453051
7117.88477 0.451656
7121.18115 0.450261
7124.47705 0.448868
7127.77295 0.44748
7131.06885 0.4461
7134.36523 0.444733
7137.66113 0.443385
7140.95703 0.442059
7144.25293 0.44076
7147.54883 0.439486
7150.84619 0.438232
7154.14209 0.436989
7157.43799 0.435744
7160.73486 0.434478
7164.03076 0.433177
7167.32812 0.431826
7170.62402 0.430416
7173.92090 0.428946
7177.21680 0.427416
7180.51416 0.425836
7183.81104 0.424212
7187.10693 0.422556
7190.40381 0.420877
7193.70117 0.419183
7196.99805 0.417479
7200.29395 0.415769
7203.59082 0.414056
7206.88916 0.412342
7210.18604 0.410627
7213.48193 0.408911
7216.77979 0.407195
7220.07715 0.405479
7223.37402 0.403763
7226.67090 0.402047
7229.96777 0.400331
7233.26514 0.398615
7236.56299 0.396899
7239.85986 0.395183
7243.15723 0.393467
7246.45508 0.391751
7249.75195 0.390035
7253.04980 0.388319
7256.34814 0.386603
7259.64502 0.384887
7262.94189 0.383171
7266.24023 0.381455
7269.53809 0.379739
7272.83496 0.378023
7276.13281 0.376307
7279.43115 0.374591
7282.72900 0.372875
7286.02686 0.371159
7289.32520 0.369443
7292.62305 0.367727
7295.92090 0.366011
7299.21924 0.364295
7302.51709 0.362579
7305.81494 0.360863
7309.11279 0.359147
7312.41211 0.357431
7315.70996 0.355715
7319.00781 0.353999
7322.30713 0.352283
7325.60498 0.350567
7328.90283 0.348851
7332.20215 0.347135
7335.50000 0.345419
7338.79883 0.343703
7342.09717 0.341987
7345.39600 0.340271
7348.69482 0.338556
7351.99316 0.336839
7355.29199 0.335124
7358.59082 0.333408
7361.89014 0.331692
7365.18799 0.329976
7368.48682 0.32826
7371.78613 0.326544
7375.08496 0.324828
7378.38379 0.323112
7381.68408 0.321396
7384.98193 0.31968
7388.28076 0.317964
7391.58105 0.316248
7394.87988 0.314532
7398.17920 0.312816
7401.47900 0.3111
7404.77783 0.309384
7408.07715 0.307668
7411.37598 0.305952
7414.67578 0.304236
7417.97607 0.30252
7421.27490 0.300804
7424.57520 0.299088
7427.87402 0.297372
7431.17383 0.295658
7434.47412 0.293943
7437.77295 0.292231
7441.07324 0.290521
7444.37305 0.288816
7447.67285 0.287118
7450.97314 0.285432
7454.27197 0.28376
7457.57178 0.282107
7460.87305 0.28048
7464.17188 0.278882
7467.47314 0.277317
7470.77295 0.275791
7474.07324 0.274305
7477.37305 0.272862
7480.67285 0.271463
7483.97412 0.270109
7487.27393 0.268798
7490.57422 0.267527
7493.87500 0.26629
7497.17480 0.265078
7500.47607 0.263883
7503.77588 0.262696
7507.07715 0.26151
7510.37695 0.260322
7513.67822 0.259132
7516.97900 0.257941
7520.27881 0.256751
7523.58008 0.255566
7526.88086 0.254386
7530.18213 0.253209
7533.48193 0.252034
7536.78418 0.250858
7540.08398 0.24968
7543.38623 0.248498
7546.68701 0.247313
7549.98682 0.246127
7553.28906 0.244941
7556.58984 0.243758
7559.89111 0.242579
7563.19189 0.241405
7566.49414 0.240237
7569.79492 0.239076
7573.09619 0.23792
7576.39697 0.23677
7579.69922 0.235622
7583.00000 0.234475
7586.30176 0.233327
7589.60400 0.232179
7592.90479 0.231029
7596.20703 0.229877
7599.50781 0.228725
7602.81006 0.227571
7606.11182 0.226417
7609.41406 0.225261
7612.71582 0.224104
7616.01807 0.222945
7619.31885 0.221786
7622.62109 0.220628
7625.92285 0.219477
7629.22510 0.218339
7632.52686 0.21722
7635.83008 0.216124
7639.13184 0.215055
7642.43408 0.21401
7645.73584 0.212984
7649.03809 0.211969
7652.33984 0.210955
7655.64307 0.209933
7658.94482 0.208896
7662.24805 0.20784
7665.54980 0.206766
7668.85303 0.205679
7672.15479 0.204583
7675.45801 0.203488
7678.76123 0.2024
7682.06299 0.201324
7685.36621 0.200266
7688.66797 0.199228
7691.97119 0.198209
7695.27393 0.197209
7698.57715 0.196225
7701.87988 0.195252
7705.18311 0.194283
7708.48584 0.193313
7711.78906 0.192336
7715.09180 0.191344
7718.39502 0.190336
7721.69824 0.18931
7725.00098 0.188268
7728.30518 0.187212
7731.60791 0.186148
7734.91113 0.185081
7738.21484 0.184017
7741.51807 0.182958
7744.82080 0.181906
7748.12500 0.180862
7751.42822 0.179822
7754.73193 0.178787
7758.03613 0.177755
7761.33887 0.176727
7764.64307 0.175705
7767.94580 0.174693
7771.25000 0.173692
7774.55420 0.172708
7777.85791 0.171742
7781.16211 0.170794
7784.46484 0.169862
7787.77002 0.168942
7791.07324 0.16803
7794.37695 0.16712
7797.68213 0.16621
7800.98584 0.165297
7804.29004 0.164383
7807.59424 0.163471
7810.89795 0.162563
7814.20215 0.161662
7817.50684 0.16077
7820.81104 0.159887
7824.11523 0.159011
7827.41992 0.158142
7830.72412 0.157275
7834.02881 0.15641
7837.33301 0.155544
7840.63818 0.154675
7843.94189 0.153803
7847.24707 0.152927
7850.55176 0.152048
7853.85596 0.151167
7857.16113 0.150289
7860.46582 0.149415
7863.77100 0.148548
7867.07617 0.14769
7870.38086 0.146839
7873.68604 0.145996
7876.99121 0.145159
7880.29590 0.144327
7883.60107 0.143498
7886.90576 0.142674
7890.21094 0.141852
7893.51709 0.141035
7896.82178 0.140223
7900.12695 0.139416
7903.43213 0.138613
7906.73779 0.137815
7910.04297 0.137017
7913.34912 0.136216
7916.65381 0.135407
7919.95898 0.134588
7923.26514 0.133754
7926.57080 0.132906
7929.87598 0.132045
7933.18213 0.131176
7936.48779 0.130304
7939.79297 0.129438
7943.09912 0.128582
7946.40479 0.127744
7949.71094 0.126925
7953.01709 0.126127
7956.32324 0.12535
7959.62891 0.12459
7962.93506 0.123843
7966.24121 0.123106
7969.54688 0.122376
7972.85400 0.121649
7976.16016 0.120921
7979.46582 0.120191
7982.77197 0.119455
7986.07910 0.118711
