threeML/data/optical_filters/CAHA/Astralux-R.ecsv
# %ECSV 0.9
# ---
# datatype:
# - {name: wavelength, unit: Angstrom, datatype: float32}
# - {name: response, datatype: float32}
# meta: !!omap
# - {band_name: R}
# - {group_name: Astralux}
wavelength response
[from data line 806]
7992.69092 0.117196
7995.99805 0.116424
7999.30420 0.115643
8002.61084 0.114855
8005.91699 0.114061
8009.22412 0.113263
8012.52979 0.112463
8015.83691 0.111662
8019.14404 0.110861
8022.45117 0.110061
8025.75684 0.109264
8029.06396 0.108473
8032.37109 0.107689
8035.67822 0.106914
8038.98486 0.10615
8042.29199 0.1054
8045.59912 0.104665
8048.90576 0.103945
8052.21289 0.103238
8055.52100 0.102542
8058.82812 0.101853
8062.13477 0.101167
8065.44189 0.100478
8068.75000 0.099786
8072.05713 0.099087
8075.36377 0.098384
8078.67090 0.09768
8081.97900 0.096978
8085.28711 0.096283
8088.59424 0.095599
8091.90088 0.094929
8095.20898 0.094273
8098.51709 0.093632
8101.82520 0.093004
8105.13184 0.092387
8108.43994 0.09178
8111.74805 0.091179
8115.05615 0.090579
8118.36377 0.089976
8121.67188 0.089364
8124.97998 0.088738
8128.28809 0.088096
8131.59619 0.087436
8134.90381 0.086759
8138.21191 0.08607
8141.52002 0.085377
8144.82910 0.084684
8148.13721 0.084001
8151.44482 0.083333
8154.75293 0.082684
8158.06201 0.082057
8161.37012 0.081451
8164.67920 0.080864
8167.98682 0.080294
8171.29590 0.079738
8174.60400 0.079192
8177.91309 0.078655
8181.22217 0.078122
8184.52979 0.07759
8187.83887 0.077059
8191.14795 0.076527
8194.45703 0.075994
8197.76562 0.075458
8201.07422 0.07492
8204.38379 0.074379
8207.69238 0.073837
8211.00098 0.073292
8214.31055 0.072745
8217.62012 0.072198
8220.92871 0.071653
8224.23828 0.071113
8227.54688 0.070584
8230.85645 0.070069
8234.16602 0.069571
8237.47559 0.069094
8240.78418 0.068638
8244.09375 0.068204
8247.40332 0.067793
8250.71289 0.067404
8254.02246 0.067036
8257.33203 0.066687
8260.64160 0.066353
8263.95117 0.066028
8267.26074 0.065704
8270.57031 0.065371
8273.87988 0.065021
8277.19043 0.064645
8280.50000 0.064241
8283.80957 0.063805
8287.12012 0.063343
8290.42969 0.062858
8293.74023 0.062361
8297.04980 0.06186
8300.36035 0.061364
8303.66992 0.060879
8306.98047 0.06041
8310.29102 0.059956
8313.60059 0.059516
8316.91113 0.059085
8320.22168 0.058658
8323.53223 0.058232
8326.84180 0.057806
8330.15234 0.057381
8333.46289 0.056963
8336.77344 0.056558
8340.08398 0.056171
8343.39453 0.055806
8346.70508 0.055462
8350.01660 0.055138
8353.32715 0.054826
8356.63770 0.054516
8359.94824 0.0542
8363.25977 0.05387
8366.57031 0.053521
8369.88086 0.053147
8373.19238 0.052751
8376.50293 0.052335
8379.81445 0.051905
8383.12500 0.051469
8386.43652 0.051037
8389.74805 0.050617
8393.05859 0.050214
8396.37012 0.049833
8399.68164 0.049475
8402.99316 0.049137
8406.30371 0.048815
8409.61523 0.048506
8412.92676 0.048207
8416.23828 0.047918
8419.54980 0.047639
8422.86133 0.047374
8426.17285 0.047124
8429.48535 0.04689
8432.79688 0.046671
8436.10840 0.046462
8439.41992 0.046258
8442.73145 0.04605
8446.04395 0.04583
8449.35547 0.045592
8452.66699 0.045331
8455.97852 0.045047
8459.29102 0.044742
8462.60352 0.04442
8465.91504 0.044085
8469.22754 0.043739
8472.54004 0.043384
8475.85156 0.043018
8479.16406 0.042639
8482.47656 0.042245
8485.78906 0.041841
8489.10156 0.041432
8492.41406 0.041031
8495.72559 0.040652
8499.03809 0.040305
8502.35156 0.039998
8505.66406 0.039733
8508.97656 0.039504
8512.28906 0.039298
8515.60156 0.039104
8518.91406 0.038907
8522.22754 0.038697
8525.54004 0.038467
8528.85254 0.038217
8532.16602 0.037948
8535.47852 0.037665
8538.79102 0.037375
8542.10352 0.037084
8545.41699 0.036798
8548.73047 0.036523
8552.04297 0.03626
8555.35645 0.03601
8558.66992 0.035769
8561.98340 0.035536
8565.29688 0.035303
8568.60938 0.03507
8571.92285 0.034833
8575.23633 0.034593
8578.54980 0.034353
8581.86328 0.034116
8585.17676 0.033883
8588.49023 0.033657
8591.80371 0.033437
8595.11816 0.033221
8598.43164 0.033006
8601.74512 0.032791
8605.05859 0.032574
8608.37305 0.032355
8611.68652 0.032136
8615.00000 0.031919
8618.31445 0.031704
8621.62793 0.031493
8624.94238 0.031284
8628.25586 0.031073
8631.57031 0.030857
8634.88477 0.030633
8638.19824 0.030401
8641.51270 0.030161
8644.82715 0.029916
8648.14160 0.029671
8651.45508 0.029429
8654.76953 0.029195
8658.08398 0.028972
8661.39844 0.02876
8664.71289 0.028561
8668.02734 0.028374
8671.34180 0.028199
8674.65625 0.028032
8677.97168 0.02787
8681.28613 0.027708
8684.60059 0.027541
8687.91602 0.027366
8691.23047 0.02718
8694.54492 0.026983
8697.86035 0.026778
8701.17480 0.026568
8704.48926 0.026357
8707.80469 0.026148
8711.12012 0.025942
8714.43457 0.025739
8717.75000 0.025536
8721.06543 0.025333
8724.37988 0.025128
8727.69531 0.02492
8731.01074 0.024711
8734.32617 0.024503
8737.64160 0.024298
8740.95703 0.024099
8744.27246 0.02391
8747.58789 0.02373
8750.90332 0.023559
8754.21875 0.023396
8757.53418 0.023236
8760.84961 0.023079
8764.16504 0.022921
8767.48145 0.022766
8770.79688 0.022616
8774.11230 0.022476
8777.42871 0.022354
8780.74414 0.02225
8784.06055 0.022168
8787.37598 0.022104
8790.69238 0.022052
8794.00781 0.022006
8797.32422 0.021956
8800.64062 0.021895
8803.95703 0.021816
8807.27246 0.021716
8810.58887 0.021594
8813.90527 0.021451
8817.22168 0.021291
8820.53809 0.021118
8823.85352 0.020939
8827.17090 0.020761
8830.48730 0.02059
8833.80371 0.02043
8837.12012 0.020284
8840.43652 0.02015
8843.75293 0.020023
8847.07031 0.019899
8850.38672 0.019771
8853.70312 0.019634
8857.02148 0.019486
8860.33691 0.01933
8863.65430 0.01917
8866.97070 0.019013
8870.28809 0.018866
8873.60352 0.018734
8876.92188 0.01862
8880.23926 0.018522
8883.55566 0.018437
8886.87305 0.018361
8890.19043 0.018287
8893.50684 0.018211
8896.82422 0.018128
8900.14160 0.018036
8903.45898 0.017935
8906.77637 0.017825
8910.09375 0.01771
8913.41113 0.017594
8916.72852 0.017483
8920.04590 0.017381
8923.36426 0.017293
8926.68164 0.017219
8929.99902 0.017159
8933.31738 0.017109
8936.63477 0.017064
8939.95215 0.017017
8943.27148 0.016962
8946.58789 0.016894
8949.90625 0.016811
8953.22363 0.016711
8956.54199 0.016598
8959.85938 0.016476
8963.17773 0.016347
8966.49609 0.016217
8969.81445 0.016088
8973.13281 0.015963
8976.45020 0.015845
8979.76855 0.015739
8983.08691 0.015648
8986.40527 0.015575
8989.72363 0.01552
8993.04199 0.015483
8996.36035 0.01546
8999.67871 0.015446
9002.99805 0.015439
9006.31641 0.015435
9009.63477 0.015434
9012.95312 0.015436
9016.27246 0.01544
9019.59082 0.015445
9022.90918 0.015444
9026.22852 0.015429
9029.54688 0.01539
9032.86621 0.015318
9036.18457 0.015207
9039.50391 0.015058
9042.82227 0.01488
9046.14160 0.014685
9049.46094 0.014492
9052.78027 0.014315
9056.09961 0.01417
9059.41797 0.014065
9062.73730 0.014002
9066.05664 0.01398
9069.37598 0.013989
9072.69531 0.014018
9076.01465 0.014053
9079.33398 0.014078
9082.65332 0.014082
9085.97363 0.014053
9089.29297 0.013988
9092.61230 0.01389
9095.93262 0.013768
9099.25195 0.013635
9102.57129 0.013505
9105.89160 0.013392
9109.21094 0.013302
9112.53125 0.013236
9115.85059 0.013189
9119.17090 0.013149
9122.49023 0.013107
9125.81055 0.013052
9129.13086 0.012981
9132.45020 0.012893
9135.77148 0.012792
9139.09082 0.012687
9142.41113 0.012584
9145.73145 0.012493
9149.05176 0.012417
9152.37207 0.01236
9155.69238 0.012322
9159.01270 0.012298
9162.33301 0.012284
9165.65332 0.012272
9168.97461 0.012255
9172.29492 0.012227
9175.61523 0.012185
9178.93555 0.012127
9182.25684 0.012051
9185.57715 0.011963
9188.89844 0.011868
9192.21875 0.011773
9195.53906 0.011687
9198.86035 0.011618
9202.18164 0.01157
9205.50195 0.011544
9208.82324 0.011535
9212.14453 0.011538
9215.46484 0.011542
9218.78613 0.011538
9222.10742 0.011518
9225.42871 0.011478
9228.75000 0.011417
9232.07129 0.011337
9235.39258 0.011242
9238.71387 0.011138
9242.03516 0.011033
9245.35645 0.010931
9248.67773 0.010838
9252.00000 0.010757
9255.32129 0.010689
9258.64258 0.010635
9261.96484 0.010591
9265.28613 0.010555
9268.60742 0.010523
9271.92969 0.010491
9275.25098 0.010455
9278.57324 0.010414
9281.89453 0.010367
9285.21680 0.010315
9288.53906 0.010261
9291.86035 0.010206
9295.18262 0.010152
9298.50488 0.010102
9301.82715 0.010055
9305.14941 0.010013
9308.47070 0.009974
9311.79395 0.009939
9315.11523 0.009906
9318.43848 0.009875
9321.76074 0.009844
9325.08301 0.009815
9328.40527 0.009786
9331.72754 0.009757
9335.04980 0.009728
9338.37207 0.0097
9341.69531 0.009671
9345.01758 0.009642
9348.33984 0.009614
9351.66309 0.009585
9354.98535 0.009556
9358.30859 0.009528
9361.63086 0.009499
9364.95410 0.00947
9368.27734 0.009442
9371.59961 0.009413
9374.92285 0.009384
9378.24609 0.009356
9381.56934 0.009327
9384.89258 0.009298
9388.21484 0.009269
9391.53809 0.009241
9394.86133 0.009212
9398.18457 0.009183
9401.50781 0.009155
9404.83203 0.009126
9408.15527 0.009097
9411.47852 0.009069
9414.80176 0.00904
9418.12500 0.009011
9421.44824 0.008983
9424.77246 0.008954
9428.09570 0.008925
9431.41895 0.008897
9434.74316 0.008868
9438.06738 0.008839
9441.39062 0.008811
9444.71484 0.008782
9448.03809 0.008753
9451.36230 0.008725
9454.68652 0.008696
9458.00977 0.008667
9461.33398 0.008639
9464.65820 0.00861
9467.98242 0.008581
9471.30664 0.008553
9474.63086 0.008524
9477.95508 0.008495
9481.27930 0.008467
9484.60352 0.008438
9487.92773 0.008409
9491.25195 0.008381
9494.57617 0.008352
9497.90039 0.008323
9501.22559 0.008295
9504.54980 0.008266
9507.87402 0.008237
9511.19922 0.008209
9514.52344 0.00818
9517.84863 0.008151
9521.17285 0.008123
9524.49805 0.008094
9527.82227 0.008065
9531.14746 0.008036
9534.47168 0.008008
9537.79688 0.007979
9541.12207 0.00795
9544.44727 0.007922
9547.77246 0.007893
9551.09766 0.007864
9554.42188 0.007836
9557.74805 0.007807
9561.07227 0.007778
9564.39746 0.00775
9567.72363 0.007721
9571.04883 0.007692
9574.37402 0.007664
9577.69922 0.007635
9581.02441 0.007606
9584.34961 0.007578
9587.67578 0.007549
9591.00098 0.00752
9594.32715 0.007492
9597.65234 0.007463
9600.97852 0.007434
9604.30371 0.007406
9607.62891 0.007377
9610.95508 0.007348
9614.28125 0.00732
9617.60645 0.007291
9620.93262 0.007262
9624.25879 0.007234
9627.58496 0.007205
9630.91113 0.007176
9634.23730 0.007148
9637.56348 0.007119
9640.88965 0.00709
9644.21582 0.007062
9647.54102 0.007033
9650.86816 0.007004
9654.19434 0.006976
9657.52148 0.006947
9660.84668 0.006918
9664.17383 0.00689
9667.50000 0.006861
9670.82617 0.006832
9674.15332 0.006804
9677.47852 0.006775
9680.80664 0.006746
9684.13281 0.006717
9687.45898 0.006689
9690.78613 0.00666
9694.11328 0.006631
9697.43945 0.006603
9700.76660 0.006574
9704.09375 0.006545
9707.42090 0.006517
9710.74707 0.006488
9714.07422 0.006459
9717.40137 0.006431
9720.72852 0.006402
9724.05566 0.006373
9727.38281 0.006345
9730.70996 0.006316
9734.03711 0.006287
9737.36426 0.006259
9740.69238 0.00623
9744.01953 0.006201
9747.34668 0.006173
9750.67383 0.006144
9754.00195 0.006115
9757.32910 0.006087
9760.65723 0.006058
9763.98438 0.006029
9767.31348 0.006001
9770.63965 0.005972
9773.96777 0.005943
9777.29590 0.005915
9780.62305 0.005886
9783.95117 0.005857
9787.27930 0.005829
9790.60645 0.0058
9793.93555 0.005771
9797.26270 0.005743
9800.59082 0.005714
9803.91895 0.005685
9807.24707 0.005657
9810.57520 0.005628
9813.90332 0.005599
9817.23145 0.005571
9820.56055 0.005542
9823.88867 0.005513
9827.21680 0.005485
9830.54492 0.005456
9833.87402 0.005427
9837.20215 0.005398
9840.53027 0.00537
9843.85938 0.005341
9847.18848 0.005312
9850.51660 0.005284
9853.84473 0.005255
9857.17383 0.005226
9860.50293 0.005198
9863.83105 0.005169
9867.16016 0.00514
9870.48926 0.005112
9873.81836 0.005083
9877.14746 0.005054
9880.47656 0.005026
9883.80469 0.004997
9887.13477 0.004968
9890.46387 0.00494
9893.79297 0.004911
9897.12207 0.004882
9900.45117 0.004854
9903.78027 0.004825
9907.10938 0.004796
9910.43945 0.004768
9913.76855 0.004739
9917.09766 0.00471
9920.42773 0.004682
9923.75684 0.004653
9927.08691 0.004624
9930.41602 0.004596
9933.74609 0.004567
9937.07520 0.004538
9940.40527 0.00451
9943.73438 0.004481
9947.06445 0.004452
9950.39453 0.004424
9953.72461 0.004395
9957.05371 0.004366
9960.38477 0.004338
9963.71387 0.004309
9967.04395 0.00428
9970.37500 0.004252
9973.70410 0.004223
9977.03418 0.004194
9980.36523 0.004165
9983.69531 0.004137
9987.02539 0.004108
9990.35547 0.004079
9993.68652 0.004051
9997.01660 0.004022
10000.34961 0.003993
10003.67969 0.003965
10007.00977 0.003936
10010.33984 0.003907
10013.66992 0.003879
10017.00000 0.00385
10020.33008 0.003821
10023.66016 0.003793
10026.99023 0.003764
10030.32031 0.003735
10033.65039 0.003707
10036.98047 0.003678
10040.32031 0.003649
10043.65039 0.003621
10046.98047 0.003592
10050.30957 0.003563
10053.63965 0.003535
10056.96973 0.003506
10060.29980 0.003477
10063.62988 0.003449
10066.95996 0.00342
10070.29004 0.003391
10073.62988 0.003363
10076.95996 0.003334
10080.29004 0.003305
10083.62012 0.003277
10086.95020 0.003248
10090.28027 0.003219
10093.62012 0.003191
10096.95020 0.003162
10100.28027 0.003133
10103.61035 0.003105
10106.94043 0.003076
10110.26953 0.003047
10113.61035 0.003019
10116.94043 0.00299
10120.26953 0.002961
10123.59961 0.002933
10126.92969 0.002904
10130.25977 0.002875
10133.59961 0.002846
10136.92969 0.002818
10140.25977 0.002789
10143.58984 0.00276
10146.92969 0.002732
10150.25977 0.002703
10153.58984 0.002674
10156.91992 0.002646
10160.25000 0.002617
10163.58984 0.002588
10166.91992 0.00256
10170.25000 0.002531
10173.58008 0.002502
10176.91992 0.002474
10180.25000 0.002445
10183.58008 0.002416
10186.91992 0.002388
10190.25000 0.002359
10193.58008 0.00233
10196.91016 0.002302
10200.25000 0.002273
10203.58008 0.002244
10206.91016 0.002216
10210.24023 0.002187
10213.58008 0.002158
10216.91016 0.00213
10220.24023 0.002101
10223.58008 0.002072
10226.91016 0.002044
10230.24023 0.002015
10233.58008 0.001987
10236.91016 0.001958
10240.24023 0.00193
10243.58008 0.001903
10246.91016 0.001876
10250.24023 0.00185
10253.58008 0.001825
10256.91016 0.001803
10260.24023 0.001782
10263.58008 0.001764
10266.91016 0.001748
11293.60156 0.0
