threeML/data/optical_filters/CAHA/Astralux-U.ecsv
# %ECSV 0.9
# ---
# datatype:
# - {name: wavelength, unit: Angstrom, datatype: float32}
# - {name: response, datatype: float32}
# meta: !!omap
# - {band_name: U}
# - {group_name: Astralux}
wavelength response
2475.00000 0.0
2750.00000 0.022257
2752.00000 0.022346
2754.00000 0.022491
2756.00000 0.022249
2758.00000 0.021966
2760.00000 0.022095
2762.00000 0.022225
2764.00000 0.022371
2766.00000 0.022435
2768.00000 0.022747
2770.00000 0.022874
2772.00000 0.022655
2774.00000 0.022906
2776.00000 0.023023
2778.00000 0.022947
2780.00000 0.022804
2782.00000 0.022918
2784.00000 0.023074
2786.00000 0.023191
2788.00000 0.023583
2790.00000 0.023688
2792.00000 0.023633
2794.00000 0.023481
2796.00000 0.023404
2798.00000 0.023103
2800.00000 0.022855
2802.00000 0.023132
2804.00000 0.023084
2806.00000 0.023037
2808.00000 0.023236
2810.00000 0.02332
2812.00000 0.023226
2814.00000 0.023084
2816.00000 0.023001
2818.00000 0.022765
2820.00000 0.022478
2822.00000 0.022311
2824.00000 0.022331
2826.00000 0.022358
2828.00000 0.022462
2830.00000 0.022504
2832.00000 0.022437
2834.00000 0.022624
2836.00000 0.022796
2838.00000 0.022721
2840.00000 0.022685
2842.00000 0.022641
2844.00000 0.022457
2846.00000 0.022331
2848.00000 0.022362
2850.00000 0.022625
2852.00000 0.022771
2854.00000 0.022773
2856.00000 0.022658
2858.00000 0.022915
2860.00000 0.022865
2862.00000 0.022899
2864.00000 0.022806
2866.00000 0.022906
2868.00000 0.023146
2870.00000 0.023414
2872.00000 0.02363
2874.00000 0.023885
2876.00000 0.024099
2878.00000 0.02417
2880.00000 0.024348
2882.00000 0.024632
2884.00000 0.024772
2886.00000 0.025164
2888.00000 0.025222
2890.00000 0.025419
2892.00000 0.025777
2894.00000 0.025943
2896.00000 0.025876
2898.00000 0.025718
2900.00000 0.025602
2902.00000 0.025546
2904.00000 0.025492
2906.00000 0.025555
2908.00000 0.025772
2910.00000 0.025859
2912.00000 0.025707
2914.00000 0.025604
2916.00000 0.02561
2918.00000 0.025715
2920.00000 0.025876
2922.00000 0.025826
2924.00000 0.025968
2926.00000 0.026329
2928.00000 0.02658
2930.00000 0.026715
2932.00000 0.027002
2934.00000 0.027146
2936.00000 0.027358
2938.00000 0.0274
2940.00000 0.027556
2942.00000 0.027759
2944.00000 0.027748
2946.00000 0.02805
2948.00000 0.028306
2950.00000 0.028261
2952.00000 0.028488
2954.00000 0.028704
2956.00000 0.028654
2958.00000 0.028753
2960.00000 0.028875
2962.00000 0.028651
2964.00000 0.028866
2966.00000 0.028902
2968.00000 0.028791
2970.00000 0.028959
2972.00000 0.028967
2974.00000 0.029199
2976.00000 0.029192
2978.00000 0.02912
2980.00000 0.029279
2982.00000 0.02943
2984.00000 0.029348
2986.00000 0.029119
2988.00000 0.029049
2990.00000 0.029045
2992.00000 0.029111
2994.00000 0.0292
2996.00000 0.029186
2998.00000 0.029367
3000.00000 0.029455
3002.00000 0.029274
3004.00000 0.029206
3006.00000 0.029494
3008.00000 0.029814
3010.00000 0.029829
3012.00000 0.029777
3014.00000 0.030016
3016.00000 0.030249
3018.00000 0.030485
3020.00000 0.030468
3022.00000 0.030734
3024.00000 0.030964
3026.00000 0.030796
3028.00000 0.03089
3030.00000 0.031097
3032.00000 0.031114
3034.00000 0.031449
3036.00000 0.031489
3038.00000 0.031478
3040.00000 0.031524
3042.00000 0.03172
3044.00000 0.031647
3046.00000 0.031626
3048.00000 0.031776
3050.00000 0.031839
3052.00000 0.031913
3054.00000 0.031772
3056.00000 0.031893
3058.00000 0.032202
3060.00000 0.032326
3062.00000 0.03245
3064.00000 0.032583
3066.00000 0.032653
3068.00000 0.032719
3070.00000 0.032629
3072.00000 0.032442
3074.00000 0.032372
3076.00000 0.032385
3078.00000 0.032399
3080.00000 0.032315
3082.00000 0.03231
3084.00000 0.032491
3086.00000 0.032821
3088.00000 0.032839
3090.00000 0.03274
3092.00000 0.032912
3094.00000 0.033072
3096.00000 0.033034
3098.00000 0.033066
3100.00000 0.033254
3102.00000 0.03355
3104.00000 0.033946
3106.00000 0.034348
3108.00000 0.034475
3110.00000 0.034704
3112.00000 0.034889
3114.00000 0.034921
3116.00000 0.034938
3118.00000 0.035127
3120.00000 0.03536
3122.00000 0.035333
3124.00000 0.03538
3126.00000 0.035601
3128.00000 0.035773
3130.00000 0.035768
3132.00000 0.035971
3134.00000 0.035994
3136.00000 0.035749
3138.00000 0.035735
3140.00000 0.036007
3142.00000 0.03626
3144.00000 0.036503
3146.00000 0.03657
3148.00000 0.036658
3150.00000 0.037131
3152.00000 0.037474
3154.00000 0.037586
3156.00000 0.037736
3158.00000 0.03791
3160.00000 0.038202
3162.00000 0.038256
3164.00000 0.038303
3166.00000 0.03863
3168.00000 0.038743
3170.00000 0.038859
3172.00000 0.038772
3174.00000 0.038766
3176.00000 0.03881
3178.00000 0.039036
3180.00000 0.038902
3182.00000 0.038824
3184.00000 0.03902
3186.00000 0.039082
3188.00000 0.039444
3190.00000 0.039365
3192.00000 0.039331
3194.00000 0.039466
3196.00000 0.039529
3198.00000 0.040011
3200.00000 0.040246
3202.00000 0.040502
3204.00000 0.040738
3206.00000 0.040909
3208.00000 0.041111
3210.00000 0.041228
3212.00000 0.041303
3214.00000 0.041633
3216.00000 0.041878
3218.00000 0.041764
3220.00000 0.041887
3222.00000 0.042433
3224.00000 0.042835
3226.00000 0.043012
3228.00000 0.043082
3230.00000 0.043185
3232.00000 0.04346
3234.00000 0.043626
3236.00000 0.043746
3238.00000 0.043871
3240.00000 0.043956
3242.00000 0.044159
3244.00000 0.044282
3246.00000 0.044418
3248.00000 0.044945
3250.00000 0.045202
3252.00000 0.045225
3254.00000 0.045277
3256.00000 0.045641
3258.00000 0.045881
3260.00000 0.046137
3262.00000 0.046407
3264.00000 0.046539
3266.00000 0.046981
3268.00000 0.047372
3270.00000 0.048015
3272.00000 0.048682
3274.00000 0.049228
3276.00000 0.049855
3278.00000 0.050328
3280.00000 0.050713
3282.00000 0.05159
3284.00000 0.052465
3286.00000 0.05311
3288.00000 0.053812
3290.00000 0.054523
3292.00000 0.055146
3294.00000 0.055868
3296.00000 0.056572
3298.00000 0.057419
3300.00000 0.058381
3302.00000 0.059281
3304.00000 0.060235
3306.00000 0.061212
3308.00000 0.062194
3310.00000 0.063317
3312.00000 0.064396
3314.00000 0.065406
3316.00000 0.066673
3318.00000 0.067923
3320.00000 0.069097
3322.00000 0.070249
3324.00000 0.071644
3326.00000 0.073178
3328.00000 0.074746
3330.00000 0.076397
3332.00000 0.078122
3334.00000 0.079864
3336.00000 0.081622
3338.00000 0.083607
3340.00000 0.085856
3342.00000 0.088062
3344.00000 0.090341
3346.00000 0.092304
3348.00000 0.093864
3350.00000 0.095791
3352.00000 0.098345
3354.00000 0.100905
3356.00000 0.10308
3358.00000 0.105191
3360.00000 0.10702
3362.00000 0.108876
3364.00000 0.111312
3366.00000 0.113897
3368.00000 0.116091
3370.00000 0.11802
3372.00000 0.120282
3374.00000 0.122983
3376.00000 0.125907
3378.00000 0.129465
3380.00000 0.132932
3382.00000 0.135608
3384.00000 0.138229
3386.00000 0.141516
3388.00000 0.145351
3390.00000 0.14927
3392.00000 0.153073
3394.00000 0.156313
3396.00000 0.159223
3398.00000 0.162469
3400.00000 0.166201
3402.00000 0.169975
3404.00000 0.172659
3406.00000 0.174819
3408.00000 0.177604
3410.00000 0.181036
3412.00000 0.184892
3414.00000 0.188222
3416.00000 0.191132
3418.00000 0.194019
3420.00000 0.197582
3422.00000 0.201361
3424.00000 0.204466
3426.00000 0.208127
3428.00000 0.212137
3430.00000 0.215335
3432.00000 0.216146
3434.00000 0.217035
3436.00000 0.218781
3438.00000 0.220334
3440.00000 0.22181
3442.00000 0.223795
3444.00000 0.225853
3446.00000 0.228562
3448.00000 0.231567
3450.00000 0.233247
3452.00000 0.233501
3454.00000 0.234451
3456.00000 0.236383
3458.00000 0.237742
3460.00000 0.239532
3462.00000 0.243954
3464.00000 0.249975
3466.00000 0.255084
3468.00000 0.258575
3470.00000 0.261388
3472.00000 0.264677
3474.00000 0.268461
3476.00000 0.271735
3478.00000 0.273965
3480.00000 0.277711
3482.00000 0.282568
3484.00000 0.286243
3486.00000 0.289366
3488.00000 0.29232
3490.00000 0.29448
3492.00000 0.295718
3494.00000 0.297635
3496.00000 0.3004
3498.00000 0.304656
3500.00000 0.309303
3502.00000 0.313427
3504.00000 0.316353
3506.00000 0.318936
3508.00000 0.320704
3510.00000 0.32194
3512.00000 0.324506
3514.00000 0.328884
3516.00000 0.333098
3518.00000 0.335218
3520.00000 0.336133
3522.00000 0.338195
3524.00000 0.340966
3526.00000 0.342665
3528.00000 0.343538
3530.00000 0.345227
3532.00000 0.346817
3534.00000 0.348582
3536.00000 0.350337
3538.00000 0.353196
3540.00000 0.357297
3542.00000 0.359364
3544.00000 0.360252
3546.00000 0.36247
3548.00000 0.36498
3550.00000 0.36829
3552.00000 0.372745
3554.00000 0.375004
3556.00000 0.376686
3558.00000 0.3815
3560.00000 0.385776
3562.00000 0.386529
3564.00000 0.388205
3566.00000 0.387112
3568.00000 0.387469
3570.00000 0.388653
3572.00000 0.391074
3574.00000 0.394916
3576.00000 0.395486
3578.00000 0.393315
3580.00000 0.393985
3582.00000 0.392292
3584.00000 0.390095
3586.00000 0.389537
3588.00000 0.389361
3590.00000 0.386669
3592.00000 0.388404
3594.00000 0.390029
3596.00000 0.394867
3598.00000 0.400858
3600.00000 0.403747
3602.00000 0.404989
3604.00000 0.404141
3606.00000 0.402186
3608.00000 0.404157
3610.00000 0.406753
3612.00000 0.412616
3614.00000 0.418929
3616.00000 0.420262
3618.00000 0.419849
3620.00000 0.420164
3622.00000 0.421536
3624.00000 0.425252
3626.00000 0.429183
3628.00000 0.428263
3630.00000 0.425479
3632.00000 0.424809
3634.00000 0.424298
3636.00000 0.426793
3638.00000 0.432015
3640.00000 0.435262
3642.00000 0.436255
3644.00000 0.434122
3646.00000 0.434547
3648.00000 0.437233
3650.00000 0.439323
3652.00000 0.441633
3654.00000 0.441228
3656.00000 0.438783
3658.00000 0.438935
3660.00000 0.442949
3662.00000 0.446112
3664.00000 0.449421
3666.00000 0.450932
3668.00000 0.449619
3670.00000 0.449096
3672.00000 0.450671
3674.00000 0.452927
3676.00000 0.45576
3678.00000 0.457875
3680.00000 0.45974
3682.00000 0.462008
3684.00000 0.462195
3686.00000 0.460045
3688.00000 0.459135
3690.00000 0.459871
3692.00000 0.460284
3694.00000 0.459317
3696.00000 0.45937
3698.00000 0.462723
3700.00000 0.466878
3702.00000 0.46764
3704.00000 0.464994
3706.00000 0.461987
3708.00000 0.460304
3710.00000 0.460552
3712.00000 0.461479
3714.00000 0.465752
3716.00000 0.473359
3718.00000 0.473871
3720.00000 0.468326
3722.00000 0.466468
3724.00000 0.468657
3726.00000 0.469266
3728.00000 0.471431
3730.00000 0.473018
3732.00000 0.4693
3734.00000 0.464363
3736.00000 0.461879
3738.00000 0.46548
3740.00000 0.470784
3742.00000 0.471575
3744.00000 0.468196
3746.00000 0.458843
3748.00000 0.451824
3750.00000 0.453008
3752.00000 0.456611
3754.00000 0.459986
3756.00000 0.459116
3758.00000 0.455312
3760.00000 0.44977
3762.00000 0.447712
3764.00000 0.450751
3766.00000 0.454927
3768.00000 0.454351
3770.00000 0.449782
3772.00000 0.446276
3774.00000 0.444817
3776.00000 0.445486
3778.00000 0.449721
3780.00000 0.454677
3782.00000 0.457391
3784.00000 0.455598
3786.00000 0.451932
3788.00000 0.453028
3790.00000 0.453645
3792.00000 0.453773
3794.00000 0.453155
3796.00000 0.450773
3798.00000 0.447665
3800.00000 0.447327
3802.00000 0.44753
3804.00000 0.446645
3806.00000 0.44449
3808.00000 0.445459
3810.00000 0.447043
3812.00000 0.444508
3814.00000 0.438144
3816.00000 0.438235
3818.00000 0.435745
3820.00000 0.434267
3822.00000 0.433081
3824.00000 0.428827
3826.00000 0.426191
3828.00000 0.428084
3830.00000 0.426708
3832.00000 0.421451
3834.00000 0.418243
3836.00000 0.414851
3838.00000 0.407273
3840.00000 0.399067
3842.00000 0.393801
3844.00000 0.393055
3846.00000 0.389712
3848.00000 0.386889
3850.00000 0.385608
3852.00000 0.382192
3854.00000 0.381498
3856.00000 0.38063
3858.00000 0.374467
3860.00000 0.370529
3862.00000 0.37112
3864.00000 0.370405
3866.00000 0.370117
3868.00000 0.371171
3870.00000 0.368953
3872.00000 0.36702
3874.00000 0.366132
3876.00000 0.361884
3878.00000 0.358839
3880.00000 0.354714
3882.00000 0.351491
3884.00000 0.346192
3886.00000 0.33923
3888.00000 0.338143
3890.00000 0.337732
3892.00000 0.333216
3894.00000 0.3293
3896.00000 0.324098
3898.00000 0.320208
3900.00000 0.32042
3902.00000 0.317316
3904.00000 0.310013
3906.00000 0.305998
3908.00000 0.302256
3910.00000 0.300358
3912.00000 0.296363
3914.00000 0.293626
3916.00000 0.29296
3918.00000 0.290751
3920.00000 0.287249
3922.00000 0.285583
3924.00000 0.284148
3926.00000 0.282193
3928.00000 0.278457
3930.00000 0.271083
3932.00000 0.26349
3934.00000 0.257907
3936.00000 0.253139
3938.00000 0.248581
3940.00000 0.24302
3942.00000 0.237065
3944.00000 0.231491
3946.00000 0.225731
3948.00000 0.221481
3950.00000 0.217582
3952.00000 0.212196
3954.00000 0.205879
3956.00000 0.201309
3958.00000 0.196703
3960.00000 0.19497
3962.00000 0.196241
3964.00000 0.194422
3966.00000 0.189972
3968.00000 0.184716
3970.00000 0.17997
3972.00000 0.176436
3974.00000 0.172263
3976.00000 0.168865
3978.00000 0.164714
3980.00000 0.160826
3982.00000 0.156335
3984.00000 0.152357
3986.00000 0.146801
3988.00000 0.141835
3990.00000 0.137209
3992.00000 0.131452
3994.00000 0.127578
3996.00000 0.126075
3998.00000 0.125073
4000.00000 0.123183
4002.00000 0.120515
4004.00000 0.117751
4006.00000 0.114616
4008.00000 0.111232
4010.00000 0.108075
4012.00000 0.10513
4014.00000 0.102161
4016.00000 0.099181
4018.00000 0.096152
4020.00000 0.092911
4022.00000 0.090029
4024.00000 0.087679
4026.00000 0.085124
4028.00000 0.08197
4030.00000 0.078653
4032.00000 0.07625
4034.00000 0.073992
4036.00000 0.071652
4038.00000 0.069528
4040.00000 0.066941
4042.00000 0.064313
4044.00000 0.062144
4046.00000 0.060032
4048.00000 0.057904
4050.00000 0.055891
4052.00000 0.05379
4054.00000 0.051579
4056.00000 0.049574
4058.00000 0.047765
4060.00000 0.046138
4062.00000 0.044498
4064.00000 0.042775
4066.00000 0.041032
4068.00000 0.039124
4070.00000 0.037593
4072.00000 0.036303
4074.00000 0.034913
4076.00000 0.033457
4078.00000 0.031994
4080.00000 0.030562
4082.00000 0.029322
4084.00000 0.028121
4086.00000 0.026859
4088.00000 0.025744
4090.00000 0.024819
4092.00000 0.023904
4094.00000 0.022878
4096.00000 0.021848
4098.00000 0.020857
4100.00000 0.01989
4102.00000 0.019068
4104.00000 0.018281
4106.00000 0.017454
4108.00000 0.016696
4110.00000 0.016065
4112.00000 0.015407
4114.00000 0.014719
4116.00000 0.014051
4118.00000 0.013402
4120.00000 0.012767
4122.00000 0.012127
4124.00000 0.011545
4126.00000 0.01105
4128.00000 0.010582
4130.00000 0.010116
4132.00000 0.009675
4134.00000 0.009271
4136.00000 0.008884
4138.00000 0.008488
4140.00000 0.008094
4142.00000 0.00773
4144.00000 0.007396
4146.00000 0.007083
4148.00000 0.006777
4150.00000 0.006468
4152.00000 0.006164
4154.00000 0.005875
4156.00000 0.005623
4158.00000 0.005408
4160.00000 0.005203
4162.00000 0.004983
4164.00000 0.004764
4166.00000 0.00457
4168.00000 0.004393
4170.00000 0.004221
4172.00000 0.004052
4174.00000 0.003892
4176.00000 0.003739
4178.00000 0.003592
4180.00000 0.003461
4182.00000 0.003343
4184.00000 0.00323
4186.00000 0.003121
4188.00000 0.003018
4190.00000 0.002916
4192.00000 0.002812
4194.00000 0.002707
4196.00000 0.002614
4198.00000 0.002521
4200.00000 0.00243
4202.00000 0.002354
4204.00000 0.002282
4206.00000 0.002206
4208.00000 0.002139
4210.00000 0.002078
4212.00000 0.002036
4214.00000 0.002
4216.00000 0.00195
4218.00000 0.001891
4220.00000 0.001836
4222.00000 0.001792
4224.00000 0.001757
4226.00000 0.001719
4228.00000 0.001679
4230.00000 0.001648
4232.00000 0.001616
4234.00000 0.001588
4236.00000 0.001564
4238.00000 0.001535
4240.00000 0.001508
4242.00000 0.001474
4244.00000 0.001433
4246.00000 0.001396
4248.00000 0.001365
4250.00000 0.001342
4252.00000 0.001323
4254.00000 0.001303
4256.00000 0.001287
4258.00000 0.001275
4260.00000 0.001264
4262.00000 0.00125
4264.00000 0.001232
4266.00000 0.001208
4268.00000 0.00119
4270.00000 0.001178
4272.00000 0.001162
4274.00000 0.001152
4276.00000 0.00114
4278.00000 0.001134
4280.00000 0.001128
4282.00000 0.001122
4284.00000 0.001121
4286.00000 0.001118
4288.00000 0.001122
4290.00000 0.001126
4292.00000 0.001138
4294.00000 0.001148
4296.00000 0.00115
4298.00000 0.001147
4300.00000 0.001137
4302.00000 0.001119
4304.00000 0.001095
4306.00000 0.001081
4308.00000 0.001069
4310.00000 0.001058
4312.00000 0.001041
4314.00000 0.001012
4316.00000 0.000987
4318.00000 0.000961
4320.00000 0.000935
4322.00000 0.000904
4324.00000 0.000875
4326.00000 0.000855
4328.00000 0.00084
4330.00000 0.00083
4332.00000 0.000828
4334.00000 0.000833
4336.00000 0.00083
4338.00000 0.000819
4340.00000 0.000814
4342.00000 0.000809
4344.00000 0.000807
4346.00000 0.000806
4348.00000 0.000799
4350.00000 0.000789
4352.00000 0.000778
4354.00000 0.000768
4356.00000 0.000759
4358.00000 0.00075
4360.00000 0.000747
4362.00000 0.000743
4364.00000 0.00074
4366.00000 0.000738
4368.00000 0.000742
4370.00000 0.00074
4372.00000 0.000736
4374.00000 0.000728
4376.00000 0.000721
4378.00000 0.000717
4380.00000 0.000717
4382.00000 0.000719
4384.00000 0.00072
4386.00000 0.000714
4388.00000 0.000707
4390.00000 0.000699
4392.00000 0.000693
4394.00000 0.000683
4396.00000 0.000668
4398.00000 0.000654
4400.00000 0.00064
4840.00000 0.0
