threeML/data/optical_filters/CAHA/BUSCA-NIR.ecsv
# %ECSV 0.9
# ---
# datatype:
# - {name: wavelength, unit: Angstrom, datatype: float32}
# - {name: response, datatype: float32}
# meta: !!omap
# - {band_name: NIR}
# - {group_name: BUSCA}
wavelength response
6475.00000 0.0
6500.00000 0.015422
6525.00000 0.014942
6550.00000 0.014458
6575.00000 0.014808
6600.00000 0.01539
6625.00000 0.015836
6650.00000 0.016283
6675.00000 0.016628
6700.00000 0.017223
6725.00000 0.018305
6750.00000 0.020115
6775.00000 0.023375
6800.00000 0.026876
6825.00000 0.028795
6850.00000 0.031642
6875.00000 0.038028
6900.00000 0.045735
6925.00000 0.052679
6950.00000 0.060522
6975.00000 0.07009
7000.00000 0.082044
7025.00000 0.098085
7050.00000 0.116392
7075.00000 0.135372
7100.00000 0.157277
7125.00000 0.183533
7150.00000 0.21337
7175.00000 0.247484
7200.00000 0.283746
7225.00000 0.318752
7250.00000 0.356534
7275.00000 0.403271
7300.00000 0.448669
7325.00000 0.468972
7350.00000 0.481789
7375.00000 0.493237
7400.00000 0.510317
7425.00000 0.543628
7450.00000 0.586596
7475.00000 0.637184
7500.00000 0.685971
7525.00000 0.731585
7550.00000 0.772741
7575.00000 0.799873
7600.00000 0.813217
7625.00000 0.817857
7650.00000 0.816643
7675.00000 0.813379
7700.00000 0.814443
7725.00000 0.821691
7750.00000 0.835832
7775.00000 0.848387
7800.00000 0.858817
7825.00000 0.871281
7850.00000 0.882967
7875.00000 0.892802
7900.00000 0.901302
7925.00000 0.907802
7950.00000 0.911586
7975.00000 0.911482
8000.00000 0.908183
8025.00000 0.903896
8050.00000 0.897165
8075.00000 0.888048
8100.00000 0.878816
8125.00000 0.869074
8150.00000 0.858486
8175.00000 0.850002
8200.00000 0.843455
8225.00000 0.836945
8250.00000 0.830698
8275.00000 0.824907
8300.00000 0.819931
8325.00000 0.817166
8350.00000 0.817668
8375.00000 0.817485
8400.00000 0.81597
8425.00000 0.81683
8450.00000 0.819092
8475.00000 0.822572
8500.00000 0.827088
8525.00000 0.832445
8550.00000 0.838477
8575.00000 0.844997
8600.00000 0.851824
8625.00000 0.858772
8650.00000 0.865651
8675.00000 0.872271
8700.00000 0.878437
8725.00000 0.883952
8750.00000 0.888615
8775.00000 0.892179
8800.00000 0.894487
8825.00000 0.895257
8850.00000 0.89453
8875.00000 0.892372
8900.00000 0.88973
8925.00000 0.885528
8950.00000 0.878862
8975.00000 0.872586
9000.00000 0.866488
9025.00000 0.85844
9050.00000 0.850514
9075.00000 0.843744
9100.00000 0.838706
9125.00000 0.834384
9150.00000 0.829804
9175.00000 0.826181
9200.00000 0.823737
9225.00000 0.822371
9250.00000 0.822228
9275.00000 0.822983
9300.00000 0.823072
9325.00000 0.823745
9350.00000 0.826226
9375.00000 0.828364
9400.00000 0.830372
9425.00000 0.833869
9450.00000 0.837679
9475.00000 0.841298
9500.00000 0.844483
9525.00000 0.847439
9550.00000 0.850432
9575.00000 0.853771
9600.00000 0.857552
9625.00000 0.861848
9650.00000 0.866163
9675.00000 0.869967
9700.00000 0.872061
9725.00000 0.873399
9750.00000 0.875008
9775.00000 0.876713
9800.00000 0.878199
9825.00000 0.878803
9850.00000 0.878676
9875.00000 0.87772
9900.00000 0.875592
9925.00000 0.872507
9950.00000 0.86873
9975.00000 0.86496
10000.00000 0.861212
10025.00000 0.857141
10050.00000 0.852354
10075.00000 0.8471
10100.00000 0.84315
10125.00000 0.84005
10150.00000 0.83721
10175.00000 0.834114
10200.00000 0.831573
10225.00000 0.831812
10250.00000 0.832837
10275.00000 0.833967
10300.00000 0.835703
10325.00000 0.838586
10350.00000 0.843064
10375.00000 0.848067
10400.00000 0.85338
10425.00000 0.859147
10450.00000 0.865008
10475.00000 0.870977
10500.00000 0.878045
10525.00000 0.885086
10550.00000 0.890814
10575.00000 0.895466
10600.00000 0.899022
10625.00000 0.901475
10650.00000 0.902739
10675.00000 0.902966
10700.00000 0.903016
10725.00000 0.90214
10750.00000 0.899562
10775.00000 0.895653
10800.00000 0.890964
10825.00000 0.886399
10850.00000 0.882294
10875.00000 0.878404
10900.00000 0.872543
10925.00000 0.866366
10950.00000 0.861694
10975.00000 0.858679
11000.00000 0.857776
12100.00000 0.0
