threeML/data/optical_filters/CAHA/BUSCA-Hbn.ecsv
# %ECSV 0.9
# ---
# datatype:
# - {name: wavelength, unit: Angstrom, datatype: float32}
# - {name: response, datatype: float32}
# meta: !!omap
# - {band_name: Hbn}
# - {group_name: BUSCA}
wavelength response
4805.00000 0.0
4806.00000 0.00026
4807.00000 0.000521
4808.00000 0.000781
4809.00000 0.001041
4810.00000 0.001302
4811.00000 0.001562
4812.00000 0.001822
4813.00000 0.002083
4814.00000 0.002354
4815.00000 0.002666
4816.00000 0.002979
4817.00000 0.003291
4818.00000 0.003603
4819.00000 0.003916
4820.00000 0.004228
4821.00000 0.004541
4822.00000 0.007015
4823.00000 0.009786
4824.00000 0.012557
4825.00000 0.015327
4826.00000 0.018098
4827.00000 0.020869
4828.00000 0.02364
4829.00000 0.026411
4830.00000 0.029182
4831.00000 0.031953
4832.00000 0.043586
4833.00000 0.056496
4834.00000 0.072429
4835.00000 0.091719
4836.00000 0.116991
4837.00000 0.152366
4838.00000 0.200652
4839.00000 0.255531
4840.00000 0.315904
4841.00000 0.396665
4842.00000 0.467904
4843.00000 0.521012
4844.00000 0.574945
4845.00000 0.627687
4846.00000 0.670173
4847.00000 0.699566
4848.00000 0.712843
4849.00000 0.720352
4850.00000 0.725663
4851.00000 0.730369
4852.00000 0.734618
4853.00000 0.738757
4854.00000 0.74274
4855.00000 0.745807
4856.00000 0.748463
4857.00000 0.744708
4858.00000 0.740725
4859.00000 0.736742
4860.00000 0.730699
4861.00000 0.722733
4862.00000 0.714766
4863.00000 0.700619
4864.00000 0.683542
4865.00000 0.656988
4866.00000 0.61911
4867.00000 0.569176
4868.00000 0.505568
4869.00000 0.428118
4870.00000 0.363061
4871.00000 0.294294
4872.00000 0.222048
4873.00000 0.164484
4874.00000 0.118853
4875.00000 0.09004
4876.00000 0.06666
4877.00000 0.052055
4878.00000 0.040564
4879.00000 0.033483
4880.00000 0.026402
4881.00000 0.021518
4882.00000 0.017092
4883.00000 0.013269
4884.00000 0.011338
4885.00000 0.009406
4886.00000 0.007475
4887.00000 0.005544
4888.00000 0.004389
4889.00000 0.004009
4890.00000 0.00363
4891.00000 0.003251
4892.00000 0.002871
4893.00000 0.002492
4894.00000 0.002196
4895.00000 0.001997
4896.00000 0.001797
4897.00000 0.001597
4898.00000 0.001398
4899.00000 0.001198
4900.00000 0.000998
4901.00000 0.000799
4902.00000 0.000599
4903.00000 0.000399
4904.00000 0.0002
4905.00000 0.0
