threeML/data/optical_filters/CAHA/BUSCA-Blue.ecsv
# %ECSV 0.9
# ---
# datatype:
# - {name: wavelength, unit: Angstrom, datatype: float32}
# - {name: response, datatype: float32}
# meta: !!omap
# - {band_name: Blue}
# - {group_name: BUSCA}
wavelength response
3475.00000 0.0
3500.00000 0.040079
3525.00000 0.035011
3550.00000 0.025997
3575.00000 0.018913
3600.00000 0.013576
3625.00000 0.013381
3650.00000 0.015225
3675.00000 0.017786
3700.00000 0.019387
3725.00000 0.016614
3750.00000 0.01319
3775.00000 0.0125
3800.00000 0.011959
3825.00000 0.009055
3850.00000 0.006942
3875.00000 0.009035
3900.00000 0.01203
3925.00000 0.013296
3950.00000 0.014028
3975.00000 0.014239
4000.00000 0.014907
4025.00000 0.01738
4050.00000 0.020408
4075.00000 0.023023
4100.00000 0.026096
4125.00000 0.029747
4150.00000 0.035333
4175.00000 0.044197
4200.00000 0.056298
4225.00000 0.070868
4250.00000 0.090752
4275.00000 0.119774
4300.00000 0.148737
4325.00000 0.164221
4350.00000 0.196854
4375.00000 0.291651
4400.00000 0.404547
4425.00000 0.480085
4450.00000 0.548537
4475.00000 0.633087
4500.00000 0.71451
4525.00000 0.779812
4550.00000 0.834347
4575.00000 0.881816
4600.00000 0.912009
4625.00000 0.910739
4650.00000 0.8955
4675.00000 0.878012
4700.00000 0.861841
4725.00000 0.855616
4750.00000 0.856017
4775.00000 0.863561
4800.00000 0.875242
4825.00000 0.888101
4850.00000 0.902441
4875.00000 0.91881
4900.00000 0.933517
4925.00000 0.94241
4950.00000 0.947559
4975.00000 0.949598
5000.00000 0.948664
5025.00000 0.944836
5050.00000 0.938926
5075.00000 0.931748
5100.00000 0.923383
5125.00000 0.962622
5150.00000 0.954572
5175.00000 0.943372
5200.00000 0.924361
5225.00000 0.88973
5250.00000 0.848812
5275.00000 0.811407
5300.00000 0.768355
5325.00000 0.709901
5350.00000 0.647689
5375.00000 0.589894
5400.00000 0.537134
5425.00000 0.495062
5450.00000 0.456757
5475.00000 0.418443
5500.00000 0.376349
5525.00000 0.322338
5550.00000 0.265809
5575.00000 0.214617
5600.00000 0.165305
5625.00000 0.112212
5650.00000 0.069796
5675.00000 0.055966
5700.00000 0.054699
5725.00000 0.055938
5750.00000 0.059684
5775.00000 0.062869
5800.00000 0.064667
5825.00000 0.062877
5850.00000 0.058567
5875.00000 0.051362
5900.00000 0.043399
5925.00000 0.036879
5950.00000 0.031235
5975.00000 0.026155
6000.00000 0.023085
6025.00000 0.0
