threeML/data/optical_filters/CAHA/BUSCA-Red.ecsv
# %ECSV 0.9
# ---
# datatype:
# - {name: wavelength, unit: Angstrom, datatype: float32}
# - {name: response, datatype: float32}
# meta: !!omap
# - {band_name: Red}
# - {group_name: BUSCA}
wavelength response
4475.00000 0.0
4500.00000 0.006475
4525.00000 0.005035
4550.00000 0.004184
4575.00000 0.004623
4600.00000 0.005396
4625.00000 0.005096
4650.00000 0.004633
4675.00000 0.00444
4700.00000 0.004355
4725.00000 0.00433
4750.00000 0.004529
4775.00000 0.00524
4800.00000 0.006218
4825.00000 0.007163
4850.00000 0.008269
4875.00000 0.009685
4900.00000 0.011321
4925.00000 0.013093
4950.00000 0.015119
4975.00000 0.017613
5000.00000 0.020218
5025.00000 0.022275
5050.00000 0.024492
5075.00000 0.027352
5100.00000 0.03138
5125.00000 0.03664
5150.00000 0.044791
5175.00000 0.055983
5200.00000 0.074807
5225.00000 0.108981
5250.00000 0.149223
5275.00000 0.185919
5300.00000 0.228174
5325.00000 0.285753
5350.00000 0.347386
5375.00000 0.405603
5400.00000 0.45917
5425.00000 0.501505
5450.00000 0.539448
5475.00000 0.576262
5500.00000 0.616184
5525.00000 0.668112
5550.00000 0.721739
5575.00000 0.76746
5600.00000 0.811381
5625.00000 0.862604
5650.00000 0.905151
5675.00000 0.920668
5700.00000 0.923613
5725.00000 0.923462
5750.00000 0.916865
5775.00000 0.901372
5800.00000 0.884012
5825.00000 0.876645
5850.00000 0.861595
5875.00000 0.817608
5900.00000 0.765705
5925.00000 0.720461
5950.00000 0.683586
5975.00000 0.657393
6000.00000 0.655183
6025.00000 0.70049
6050.00000 0.764203
6075.00000 0.828175
6100.00000 0.883175
6125.00000 0.909083
6150.00000 0.922753
6170.00000 0.934915
6200.00000 0.943018
6225.00000 0.947391
6250.00000 0.949849
6275.00000 0.952801
6300.00000 0.95478
6325.00000 0.954778
6350.00000 0.953793
6375.00000 0.952267
6400.00000 0.950868
6425.00000 0.950756
6450.00000 0.950886
6475.00000 0.950338
6500.00000 0.949907
6525.00000 0.950513
6550.00000 0.950871
6575.00000 0.949766
6600.00000 0.947925
6625.00000 0.945403
6650.00000 0.943005
6675.00000 0.941843
6700.00000 0.94106
6725.00000 0.940292
6750.00000 0.939174
6775.00000 0.937046
6800.00000 0.934427
6825.00000 0.932507
6850.00000 0.928654
6875.00000 0.920097
6900.00000 0.908521
6925.00000 0.891552
6950.00000 0.871997
6975.00000 0.851268
7000.00000 0.830941
7025.00000 0.813086
7050.00000 0.794326
7075.00000 0.776107
7100.00000 0.758556
7125.00000 0.738747
7150.00000 0.715785
7175.00000 0.688988
7200.00000 0.660403
7225.00000 0.633858
7250.00000 0.603345
7275.00000 0.561507
7300.00000 0.517513
7325.00000 0.496436
7350.00000 0.482011
7375.00000 0.466807
7400.00000 0.444466
7425.00000 0.406211
7450.00000 0.358176
7475.00000 0.302648
7500.00000 0.250198
7525.00000 0.201891
7550.00000 0.158744
7575.00000 0.130807
7600.00000 0.117764
7625.00000 0.114273
7650.00000 0.116809
7675.00000 0.121329
7700.00000 0.122118
7725.00000 0.116546
7750.00000 0.103109
7775.00000 0.090402
7800.00000 0.079252
7825.00000 0.06626
7850.00000 0.05376
7875.00000 0.042661
7900.00000 0.032437
7925.00000 0.024052
7950.00000 0.018469
7975.00000 0.015959
8000.00000 0.015987
8025.00000 0.0
