threeML/data/optical_filters/CAHA/BUSCA-Hbw.ecsv
# %ECSV 0.9
# ---
# datatype:
# - {name: wavelength, unit: Angstrom, datatype: float32}
# - {name: response, datatype: float32}
# meta: !!omap
# - {band_name: Hbw}
# - {group_name: BUSCA}
wavelength response
4750.00000 0.0
4752.50000 0.002335
4755.00000 0.003331
4757.50000 0.004327
4760.00000 0.005813
4762.50000 0.008299
4765.00000 0.012284
4767.50000 0.016424
4770.00000 0.023398
4772.50000 0.030372
4775.00000 0.044555
4777.50000 0.062377
4780.00000 0.089034
4782.50000 0.124143
4785.00000 0.154987
4787.50000 0.237882
4790.00000 0.322059
4792.50000 0.422237
4795.00000 0.518236
4797.50000 0.599171
4800.00000 0.653986
4802.50000 0.688425
4805.00000 0.694544
4807.50000 0.689113
4810.00000 0.67917
4812.50000 0.671482
4815.00000 0.661931
4817.50000 0.655875
4820.00000 0.654215
4822.50000 0.658278
4825.00000 0.663292
4827.50000 0.669934
4830.00000 0.677104
4832.50000 0.688143
4835.00000 0.698617
4837.50000 0.70713
4840.00000 0.714412
4842.50000 0.720639
4845.00000 0.727135
4847.50000 0.733112
4850.00000 0.737263
4852.50000 0.741415
4855.00000 0.744313
4857.50000 0.745974
4860.00000 0.747634
4862.50000 0.748068
4865.00000 0.748068
4867.50000 0.748068
4870.00000 0.74746
4872.50000 0.746838
4875.00000 0.746215
4877.50000 0.745154
4880.00000 0.743019
4882.50000 0.740884
4885.00000 0.738759
4887.50000 0.736766
4890.00000 0.734774
4892.50000 0.732402
4895.00000 0.729911
4897.50000 0.72742
4900.00000 0.726172
4902.50000 0.724927
4905.00000 0.723682
4907.50000 0.723865
4910.00000 0.727186
4912.50000 0.730893
4915.00000 0.734886
4917.50000 0.741528
4920.00000 0.745824
4922.50000 0.751299
4925.00000 0.752944
4927.50000 0.738626
4930.00000 0.723438
4932.50000 0.680919
4935.00000 0.620254
4937.50000 0.554238
4940.00000 0.493128
4942.50000 0.38851
4945.00000 0.288968
4947.50000 0.230659
4950.00000 0.168851
4952.50000 0.110594
4955.00000 0.090009
4957.50000 0.065776
4960.00000 0.048647
4962.50000 0.035042
4965.00000 0.026739
4967.50000 0.019798
4970.00000 0.014755
4972.50000 0.011766
4975.00000 0.008956
4977.50000 0.007295
4980.00000 0.005635
4982.50000 0.00422
4985.00000 0.003224
4987.50000 0.002258
4990.00000 0.001704
4992.50000 0.001151
4995.00000 0.000597
4997.50000 4.4e-05
5000.00000 0.0
