threeML/data/optical_filters/CAHA/CAHA-f_547_19.ecsv
# %ECSV 0.9
# ---
# datatype:
# - {name: wavelength, unit: Angstrom, datatype: float32}
# - {name: response, datatype: float32}
# meta: !!omap
# - {band_name: f_547_19}
# - {group_name: CAHA}
wavelength response
4578.84619 0.0
5087.60693 0.004173
5092.72412 0.004409
5097.84082 0.004652
5102.95801 0.004902
5108.07520 0.005158
5113.19189 0.005717
5118.31006 0.005986
5123.42822 0.006238
5128.54590 0.006471
5133.66504 0.006696
5138.78320 0.00693
5143.90186 0.007194
5149.02100 0.007503
5154.14014 0.007858
5159.25879 0.008245
5164.37891 0.008658
5169.49902 0.009104
5174.61914 0.009591
5179.73877 0.010112
5184.85986 0.010656
5189.98096 0.011221
5195.10205 0.011818
5200.22314 0.01247
5205.34424 0.013205
5210.46582 0.014054
5215.58789 0.015036
5220.70996 0.016145
5225.83203 0.017354
5230.95508 0.018643
5236.07812 0.020025
5241.20117 0.021531
5246.32422 0.023204
5251.44678 0.025084
5256.57080 0.027219
5261.69385 0.029649
5266.81787 0.032398
5271.94287 0.035479
5277.06689 0.038905
5282.19189 0.042687
5287.31689 0.046856
5292.44189 0.051482
5297.56689 0.056697
5302.69287 0.062676
5307.81885 0.069602
5312.94482 0.077633
5318.07080 0.08689
5323.19824 0.097477
5328.32422 0.109526
5333.45117 0.123214
5338.57812 0.138728
5343.70605 0.156202
5348.83301 0.175715
5353.96094 0.197343
5359.08887 0.221209
5364.21680 0.247437
5369.34619 0.276038
5374.47510 0.306782
5379.60303 0.339133
5384.73193 0.372296
5389.86182 0.405362
5394.99121 0.437472
5400.12109 0.46792
5405.25098 0.496164
5410.38086 0.521768
5415.51221 0.544372
5420.64209 0.563702
5425.77295 0.579624
5430.90381 0.592196
5436.03613 0.601692
5441.16699 0.608547
5446.29883 0.613207
5451.43115 0.616008
5456.56299 0.617205
5461.69482 0.61708
5466.82812 0.615967
5471.96094 0.614169
5477.09424 0.611882
5482.22705 0.609158
5487.36084 0.605862
5492.49512 0.601623
5497.62793 0.595885
5502.76221 0.58805
5507.89697 0.577644
5513.03076 0.564441
5518.16699 0.548511
5523.30078 0.530108
5528.43701 0.509448
5533.57178 0.486579
5538.70801 0.461473
5543.84424 0.434255
5548.97998 0.405384
5554.11621 0.375593
5559.25293 0.345682
5564.39014 0.316278
5569.52588 0.287786
5574.66406 0.260493
5579.80078 0.234693
5584.93896 0.210694
5590.07715 0.188711
5595.21484 0.168798
5600.35400 0.150873
5605.49219 0.134805
5610.63086 0.120452
5615.77002 0.107661
5620.90918 0.096272
5626.04785 0.08617
5631.18799 0.07729
5636.32812 0.069577
5641.46777 0.062921
5646.60791 0.057149
5651.74902 0.052058
5656.89014 0.047473
5662.03076 0.043296
5667.17188 0.039503
5672.31299 0.036096
5677.45508 0.033067
5682.59717 0.030385
5687.73877 0.028012
5692.88086 0.025906
5698.02295 0.024024
5703.16602 0.022332
5708.30908 0.020818
5713.45215 0.019475
5718.59619 0.018286
5723.73877 0.017207
5728.88281 0.016181
5734.02686 0.015172
5739.17090 0.014184
5744.31592 0.01325
5749.46094 0.012402
5754.60498 0.011652
5759.75098 0.010993
5764.89600 0.010402
5770.04199 0.009858
5775.18799 0.009349
5780.33301 0.008882
5785.47998 0.008475
5790.62598 0.008136
5795.77295 0.007848
5800.91992 0.007572
5806.06689 0.007273
5811.21387 0.006947
5816.36182 0.006625
5821.50977 0.005573
5826.65820 0.005274
5831.80615 0.004982
5836.95508 0.004698
5842.10303 0.004422
5847.25195 0.004153
6431.97705 0.0
