threeML/data/optical_filters/CAHA/CAHA-f_427_11.ecsv
# %ECSV 0.9
# ---
# datatype:
# - {name: wavelength, unit: Angstrom, datatype: float32}
# - {name: response, datatype: float32}
# meta: !!omap
# - {band_name: f_427_11}
# - {group_name: CAHA}
wavelength response
3743.60400 0.0
4159.56006 0.007628
4159.81982 0.010075
4160.08008 0.007881
4160.33984 0.002942
4160.60010 0.007467
4160.85986 0.010664
4161.12012 0.010579
4161.37988 0.003725
4161.64014 0.012414
4161.89990 0.008082
4162.16016 0.002123
4162.41992 0.006131
4162.66992 0.012812
4162.93018 0.008835
4163.18994 0.009033
4163.45020 0.001526
4163.70996 0.012298
4163.97021 0.004966
4164.22998 0.010125
4164.49023 0.010059
4164.75000 0.009863
4165.00977 0.006529
4165.27002 0.006467
4165.52979 0.010748
4165.79004 0.003409
4166.04004 0.01065
4166.29980 0.010469
4166.56006 0.008174
4166.81982 0.011273
4167.08008 0.009081
4167.33984 0.012657
4167.60010 0.00751
4167.85986 0.009711
4168.12012 0.00911
4168.37988 0.009226
4168.64014 0.011387
4168.89990 0.010017
4169.14990 0.014608
4169.41016 0.014923
4169.66992 0.009064
4169.93018 0.013019
4170.18994 0.010314
4170.45020 0.013297
4170.70996 0.010992
4170.97021 0.009063
4171.22998 0.011502
4171.49023 0.010132
4171.75000 0.015528
4172.00977 0.01056
4172.27002 0.012509
4172.52002 0.00982
4172.77979 0.012608
4173.04004 0.009746
4173.29980 0.012527
4173.56006 0.004751
4173.81982 0.013162
4174.08008 0.014344
4174.33984 0.012979
4174.60010 0.014221
4174.85986 0.012693
4175.12012 0.016216
4175.37988 0.012682
4175.62988 0.0166
4175.89014 0.018285
4176.14990 0.011174
4176.41016 0.017142
4176.66992 0.021954
4176.93018 0.014894
4177.18994 0.018241
4177.45020 0.019612
4177.70996 0.018366
4177.97021 0.01617
4178.22998 0.019813
4178.49023 0.018792
4178.75000 0.01477
4179.00000 0.020944
4179.25977 0.016743
4179.52002 0.01779
4179.77979 0.017366
4180.04004 0.019849
4180.29980 0.023792
4180.56006 0.022927
4180.81982 0.017914
4181.08008 0.024999
4181.33984 0.022199
4181.60010 0.0187
4181.85986 0.025868
4182.10986 0.021102
4182.37012 0.024347
4182.62988 0.02754
4182.89014 0.028735
4183.14990 0.019926
4183.41016 0.025569
4183.66992 0.023814
4183.93018 0.02609
4184.18994 0.025322
4184.45020 0.029339
4184.70996 0.025198
4184.97021 0.03175
4185.22998 0.018356
4185.47998 0.034211
4185.74023 0.024052
4186.00000 0.031276
4186.25977 0.029229
4186.52002 0.023818
4186.77979 0.026767
4187.04004 0.029341
4187.29980 0.031493
4187.56006 0.03626
4187.81982 0.033648
4188.08008 0.033045
4188.33984 0.040625
4188.58984 0.03783
4188.85010 0.030694
4189.10986 0.03407
4189.37012 0.034369
4189.62988 0.034687
4189.89014 0.037146
4190.14990 0.0394
4190.41016 0.042166
4190.66992 0.040353
4190.93018 0.040576
4191.18994 0.039369
4191.45020 0.037615
4191.70996 0.041966
4191.95996 0.039229
4192.22021 0.036889
4192.47998 0.048388
4192.74023 0.046811
4193.00000 0.04266
4193.25977 0.049238
4193.52002 0.047685
4193.77979 0.048584
4194.04004 0.049507
4194.29980 0.052493
4194.56006 0.047594
4194.81982 0.054727
4195.06982 0.053401
4195.33008 0.062153
4195.58984 0.060431
4195.85010 0.060072
4196.10986 0.064636
4196.37012 0.055137
4196.62988 0.06118
4196.89014 0.059993
4197.14990 0.066345
4197.41016 0.069466
4197.66992 0.07028
4197.93018 0.065258
4198.18994 0.06788
4198.43994 0.072908
4198.70020 0.067905
4198.95996 0.079515
4199.22021 0.07334
4199.47998 0.075403
4199.74023 0.06993
4200.00000 0.08135
4200.25977 0.078057
4200.52002 0.082628
4200.77979 0.077842
4201.04004 0.096777
4201.29980 0.086445
4201.54980 0.089179
4201.81006 0.090783
4202.06982 0.093528
4202.33008 0.1004
4202.58984 0.104171
4202.85010 0.0927
4203.10986 0.099845
4203.37012 0.107438
4203.62988 0.107149
4203.89014 0.10165
4204.14990 0.106807
4204.41016 0.111973
4204.66992 0.109161
4204.91992 0.124894
4205.18018 0.116658
4205.43994 0.129321
4205.70020 0.128445
4205.95996 0.127062
4206.22021 0.129874
4206.47998 0.133722
4206.74023 0.139394
4207.00000 0.137621
4207.25977 0.148295
4207.52002 0.145765
4207.77979 0.154568
4208.02979 0.147954
4208.29004 0.153669
4208.54980 0.159943
4208.81006 0.147956
4209.06982 0.159559
4209.33008 0.168799
4209.58984 0.171171
4209.85010 0.17481
4210.10986 0.180904
4210.37012 0.175889
4210.62988 0.185284
4210.89014 0.187488
4211.14990 0.193508
4211.39990 0.205597
4211.66016 0.199575
4211.91992 0.218027
4212.18018 0.210895
4212.43994 0.206196
4212.70020 0.220342
4212.95996 0.218225
4213.22021 0.23251
4213.47998 0.228713
4213.74023 0.233987
4214.00000 0.23768
4214.25977 0.235669
4214.50977 0.245459
4214.77002 0.241875
4215.02979 0.255949
4215.29004 0.277413
4215.54980 0.259111
4215.81006 0.261261
4216.06982 0.273376
4216.33008 0.286378
4216.58984 0.277501
4216.85010 0.28625
4217.10986 0.289126
4217.37012 0.295723
4217.62012 0.294002
4217.87988 0.295422
4218.14014 0.299258
4218.39990 0.32469
4218.66016 0.322097
4218.91992 0.319067
4219.18018 0.318152
4219.43994 0.329772
4219.70020 0.330782
4219.95996 0.340565
4220.22021 0.330534
4220.47998 0.344164
4220.74023 0.351528
4220.99023 0.344149
4221.25000 0.35281
4221.50977 0.360046
4221.77002 0.367139
4222.02979 0.366434
4222.29004 0.368873
4222.54980 0.377251
4222.81006 0.383274
4223.06982 0.392018
4223.33008 0.384385
4223.58984 0.37815
4223.85010 0.386641
4224.10010 0.384657
4224.35986 0.404233
4224.62012 0.407916
4224.87988 0.389592
4225.14014 0.40858
4225.39990 0.410428
4225.66016 0.415966
4225.91992 0.420151
4226.18018 0.410588
4226.43994 0.412716
4226.70020 0.408279
4226.95996 0.422556
4227.22021 0.440626
4227.47021 0.436835
4227.72998 0.437521
4227.99023 0.431802
4228.25000 0.429418
4228.50977 0.443368
4228.77002 0.435033
4229.02979 0.445019
4229.29004 0.452936
4229.54980 0.454205
4229.81006 0.44966
4230.06982 0.449532
4230.33008 0.447101
4230.58008 0.469601
4230.83984 0.452345
4231.10010 0.45286
4231.35986 0.458283
4231.62012 0.445464
4231.87988 0.459339
4232.14014 0.472266
4232.39990 0.459213
4232.66016 0.455185
4232.91992 0.454104
4233.18018 0.458639
4233.43994 0.475901
4233.70020 0.475709
4233.95020 0.476974
4234.20996 0.463506
4234.47021 0.467794
4234.72998 0.4636
4234.99023 0.476064
4235.25000 0.468431
4235.50977 0.456632
4235.77002 0.479293
4236.02979 0.468844
4236.29004 0.473688
4236.54980 0.451193
4236.81006 0.460473
4237.06982 0.454325
4237.31982 0.45746
4237.58008 0.475166
4237.83984 0.461747
4238.10010 0.467371
4238.35986 0.470487
4238.62012 0.458193
4238.87988 0.476942
4239.14014 0.471421
4239.39990 0.468171
4239.66016 0.480024
4239.91992 0.467876
4240.18018 0.483418
4240.43018 0.467782
4240.68994 0.476949
4240.95020 0.48764
4241.20996 0.473864
4241.47021 0.475271
4241.72998 0.468173
4241.99023 0.483344
4242.25000 0.479699
4242.50977 0.475992
4242.77002 0.480477
4243.02979 0.466161
4243.29004 0.472801
4243.54980 0.46682
4243.79980 0.473106
4244.06006 0.470355
4244.31982 0.483326
4244.58008 0.474762
4244.83984 0.465477
4245.10010 0.477089
4245.35986 0.480508
4245.62012 0.484547
4245.87988 0.460654
4246.14014 0.479073
4246.39990 0.467621
4246.66016 0.500982
4246.91992 0.484488
4247.16992 0.469861
4247.43018 0.488864
4247.68994 0.480284
4247.95020 0.465101
4248.20996 0.476998
4248.47021 0.477185
4248.72998 0.479521
4248.99023 0.488408
4249.25000 0.480806
4249.50977 0.480605
4249.77002 0.478416
4250.02979 0.489025
4250.27979 0.467334
4250.54004 0.48899
4250.79980 0.469698
4251.06006 0.485677
4251.31982 0.505662
4251.58008 0.499147
4251.83984 0.481253
4252.10010 0.478739
4252.35986 0.512887
4252.62012 0.496807
4252.87988 0.500504
4253.14014 0.465472
4253.39990 0.488144
4253.64990 0.482593
4253.91016 0.485262
4254.16992 0.488858
4254.43018 0.481928
4254.68994 0.48579
4254.95020 0.497575
4255.20996 0.484907
4255.47021 0.485513
4255.72998 0.499468
4255.99023 0.50229
4256.25000 0.502902
4256.50977 0.488908
4256.75977 0.496142
4257.02002 0.501338
4257.27979 0.489908
4257.54004 0.507224
4257.79980 0.487451
4258.06006 0.476704
4258.31982 0.489451
4258.58008 0.494121
4258.83984 0.505632
4259.10010 0.486087
4259.35986 0.499149
4259.62012 0.488022
4259.87988 0.514095
4260.12988 0.48857
4260.39014 0.497391
4260.64990 0.510347
4260.91016 0.506808
4261.16992 0.513357
4261.43018 0.514875
4261.68994 0.507967
4261.95020 0.510679
4262.20996 0.502051
4262.47021 0.512706
4262.72998 0.507298
4262.99023 0.504318
4263.24023 0.502412
4263.50000 0.512171
4263.75977 0.485319
4264.02002 0.503515
4264.27979 0.518129
4264.54004 0.501892
4264.79980 0.521609
4265.06006 0.486824
4265.31982 0.504942
4265.58008 0.512934
4265.83984 0.514802
4266.10010 0.494231
4266.35010 0.50964
4266.60986 0.510606
4266.87012 0.512245
4267.12988 0.505659
4267.39014 0.508017
4267.64990 0.518953
4267.91016 0.509541
4268.16992 0.512554
4268.43018 0.51141
4268.68994 0.508703
4268.95020 0.506074
4269.20996 0.506968
4269.47021 0.512424
4269.72021 0.505793
4269.97998 0.527471
4270.24023 0.504686
4270.50000 0.53304
4270.75977 0.510228
4271.02002 0.528222
4271.27979 0.514104
4271.54004 0.519404
4271.79980 0.505044
4272.06006 0.518666
4272.31982 0.514712
4272.58008 0.52459
4272.83008 0.517785
4273.08984 0.521039
4273.35010 0.515216
4273.60986 0.514289
4273.87012 0.525704
4274.12988 0.527995
4274.39014 0.519312
4274.64990 0.52101
4274.91016 0.527323
4275.16992 0.525288
4275.43018 0.504764
4275.68994 0.504154
4275.95020 0.501812
4276.20020 0.508601
4276.45996 0.526643
4276.72021 0.524274
4276.97998 0.522537
4277.24023 0.502903
4277.50000 0.513997
4277.75977 0.509423
4278.02002 0.52226
4278.27979 0.523465
4278.54004 0.503862
4278.79980 0.51623
4279.06006 0.510458
4279.31006 0.512671
4279.56982 0.521355
4279.83008 0.515452
4280.08984 0.525488
4280.35010 0.504856
4280.60986 0.523246
4280.87012 0.536575
4281.12988 0.526489
4281.39014 0.492448
4281.64990 0.531013
4281.91016 0.51967
4282.16992 0.505949
4282.43018 0.528465
4282.68018 0.509173
4282.93994 0.517802
4283.20020 0.537895
4283.45996 0.515772
4283.72021 0.518891
4283.97998 0.518382
4284.24023 0.523284
4284.50000 0.512704
4284.75977 0.513126
4285.02002 0.530723
4285.27979 0.519176
4285.54004 0.523704
4285.79004 0.520293
4286.04980 0.500498
4286.31006 0.516515
4286.56982 0.510897
4286.83008 0.513834
4287.08984 0.541132
4287.35010 0.525087
4287.60986 0.53194
4287.87012 0.512177
4288.12988 0.512172
4288.39014 0.532082
4288.64990 0.523516
4288.91016 0.524297
4289.16016 0.520353
4289.41992 0.519216
4289.68018 0.522705
4289.93994 0.513002
4290.20020 0.523385
4290.45996 0.521682
4290.72021 0.51803
4290.97998 0.521575
4291.24023 0.51695
4291.50000 0.512831
4291.75977 0.514096
4292.02002 0.515078
4292.27002 0.52451
4292.52979 0.540923
4292.79004 0.513928
4293.04980 0.522559
4293.31006 0.526454
4293.56982 0.509141
4293.83008 0.51793
4294.08984 0.518675
4294.35010 0.533477
4294.60986 0.51008
4294.87012 0.503111
4295.12988 0.520904
4295.39014 0.526902
4295.64014 0.524231
4295.89990 0.531438
4296.16016 0.510313
4296.41992 0.521908
4296.68018 0.510029
4296.93994 0.515486
4297.20020 0.531627
4297.45996 0.511506
4297.72021 0.516757
4297.97998 0.531451
4298.24023 0.512988
4298.50000 0.530364
4298.75000 0.524511
4299.00977 0.527321
4299.27002 0.485275
4299.52979 0.53119
4299.79004 0.499151
4300.04980 0.507342
4300.31006 0.519444
4300.56982 0.4973
4300.83008 0.494492
4301.08984 0.492348
4301.35010 0.483013
4301.60986 0.5131
4301.87012 0.507632
4302.12012 0.510654
4302.37988 0.523332
4302.64014 0.495133
4302.89990 0.481568
4303.16016 0.49957
4303.41992 0.49945
4303.68018 0.488526
4303.93994 0.476761
4304.20020 0.497434
4304.45996 0.482371
4304.72021 0.499757
4304.97998 0.469528
4305.22998 0.494902
4305.49023 0.487274
4305.75000 0.485519
4306.00977 0.478658
4306.27002 0.487113
4306.52979 0.451717
4306.79004 0.486168
4307.04980 0.481935
4307.31006 0.48022
4307.56982 0.466721
4307.83008 0.470347
4308.08984 0.464641
4308.35010 0.465863
4308.60010 0.457644
4308.85986 0.461163
4309.12012 0.450765
4309.37988 0.443816
4309.64014 0.450091
4309.89990 0.450541
4310.16016 0.44554
4310.41992 0.452268
4310.68018 0.434923
4310.93994 0.439689
4311.20020 0.426582
4311.45996 0.428474
4311.70996 0.429496
4311.97021 0.410665
4312.22998 0.399681
4312.49023 0.421756
4312.75000 0.399707
4313.00977 0.408647
4313.27002 0.387887
4313.52979 0.39931
4313.79004 0.397476
4314.04980 0.383765
4314.31006 0.395442
4314.56982 0.385188
4314.83008 0.372189
4315.08008 0.382268
4315.33984 0.364668
4315.60010 0.373873
4315.85986 0.360435
4316.12012 0.362543
4316.37988 0.35594
4316.64014 0.339783
4316.89990 0.333686
4317.16016 0.338406
4317.41992 0.338829
4317.68018 0.32608
4317.93994 0.323407
4318.18994 0.34883
4318.45020 0.315485
4318.70996 0.308394
4318.97021 0.318558
4319.22998 0.31074
4319.49023 0.300439
4319.75000 0.302777
4320.00977 0.298756
4320.27002 0.300168
4320.52979 0.285981
4320.79004 0.270923
4321.04980 0.277461
4321.31006 0.271796
4321.56006 0.277393
4321.81982 0.268016
4322.08008 0.263945
4322.33984 0.25106
4322.60010 0.254382
4322.85986 0.256155
4323.12012 0.243818
4323.37988 0.237022
4323.64014 0.239177
4323.89990 0.243066
4324.16016 0.239655
4324.41992 0.230688
4324.66992 0.219077
4324.93018 0.224714
4325.18994 0.219543
4325.45020 0.214817
4325.70996 0.198465
4325.97021 0.210874
4326.22998 0.209716
4326.49023 0.198992
4326.75000 0.184468
4327.00977 0.194183
4327.27002 0.187499
4327.52979 0.19195
4327.79004 0.172972
4328.04004 0.17651
4328.29980 0.173558
4328.56006 0.164557
4328.81982 0.176706
4329.08008 0.166799
4329.33984 0.166844
4329.60010 0.165224
4329.85986 0.161528
4330.12012 0.14967
4330.37988 0.149899
4330.64014 0.150594
4330.89990 0.145265
4331.14990 0.13576
4331.41016 0.135039
4331.66992 0.134432
4331.93018 0.137686
4332.18994 0.138406
4332.45020 0.134803
4332.70996 0.130401
4332.97021 0.111284
4333.22998 0.115171
4333.49023 0.122414
4333.75000 0.114306
4334.00977 0.123565
4334.27002 0.109587
4334.52002 0.118355
4334.77979 0.112755
4335.04004 0.113952
4335.29980 0.104436
4335.56006 0.097032
4335.81982 0.104242
4336.08008 0.102657
4336.33984 0.105476
4336.60010 0.106907
4336.85986 0.104488
4337.12012 0.095448
4337.37988 0.094753
4337.62988 0.090613
4337.89014 0.083376
4338.14990 0.092117
4338.41016 0.083488
4338.66992 0.08272
4338.93018 0.080625
4339.18994 0.080005
4339.45020 0.093728
4339.70996 0.079242
4339.97021 0.082962
4340.22998 0.075111
4340.49023 0.08114
4340.75000 0.074749
4341.00000 0.082235
4341.25977 0.066121
4341.52002 0.072853
4341.77979 0.069623
4342.04004 0.061966
4342.29980 0.056003
4342.56006 0.058647
4342.81982 0.062401
4343.08008 0.072786
4343.33984 0.061035
4343.60010 0.061058
4343.85986 0.064533
4344.10986 0.060103
4344.37012 0.062735
4344.62988 0.050211
4344.89014 0.055858
4345.14990 0.059548
4345.41016 0.049687
4345.66992 0.057971
4345.93018 0.050965
4346.18994 0.053137
4346.45020 0.049452
4346.70996 0.045199
4346.97021 0.044499
4347.22998 0.042572
4347.47998 0.047799
4347.74023 0.046119
4348.00000 0.051036
4348.25977 0.040978
4348.52002 0.053227
4348.77979 0.039771
4349.04004 0.044916
4349.29980 0.040171
4349.56006 0.039835
4349.81982 0.036395
4350.08008 0.033734
4350.33984 0.041594
4350.58984 0.040379
4350.85010 0.030844
4351.10986 0.037544
4351.37012 0.045943
4351.62988 0.033371
4351.89014 0.035599
4352.14990 0.035737
4352.41016 0.032002
4352.66992 0.030174
4352.93018 0.040484
4353.18994 0.031251
4353.45020 0.032364
4353.70996 0.032294
4353.95996 0.035425
4354.22021 0.032034
4354.47998 0.035765
4354.74023 0.018793
4355.00000 0.02397
4355.25977 0.022597
4355.52002 0.027243
4355.77979 0.024853
4356.04004 0.028133
4356.29980 0.028671
4356.56006 0.022471
4356.81982 0.024611
4357.06982 0.020743
4357.33008 0.030189
4357.58984 0.019629
4357.85010 0.013523
4358.10986 0.023621
4358.37012 0.014815
4358.62988 0.027963
4358.89014 0.028207
4359.14990 0.018829
4359.41016 0.02154
4359.66992 0.023421
4359.93018 0.028402
4360.18994 0.01997
4360.43994 0.015511
4360.70020 0.023159
4360.95996 0.026732
4361.22021 0.025478
4361.47998 0.017362
4361.74023 0.023423
4362.00000 0.012228
4362.25977 0.02616
4362.52002 0.024529
4362.77979 0.022975
4363.04004 0.017281
4363.29980 0.018587
4799.62988 0.0
