threeML/data/optical_filters/CAHA/CAHA-f_850_150b.ecsv
# %ECSV 0.9
# ---
# datatype:
# - {name: wavelength, unit: Angstrom, datatype: float32}
# - {name: response, datatype: float32}
# meta: !!omap
# - {band_name: f_850_150b}
# - {group_name: CAHA}
wavelength response
6565.78809 0.0
7295.31982 0.004175
7298.59180 0.004464
7301.86377 0.004763
7305.13721 0.005074
7308.40918 0.005396
7311.68213 0.00573
7314.95508 0.006074
7318.22705 0.006429
7321.50000 0.006796
7324.77295 0.007173
7328.04590 0.007562
7331.31885 0.007961
7334.59180 0.008372
7337.86621 0.008794
7341.13916 0.009227
7344.41309 0.009671
7347.68604 0.010126
7350.95898 0.010592
7354.23291 0.011069
7357.50684 0.011558
7360.78076 0.012057
7364.05518 0.012568
7367.32910 0.013089
7370.60400 0.013622
7373.87793 0.014166
7377.15186 0.014721
7380.42676 0.015286
7383.70117 0.015863
7386.97607 0.016452
7390.25000 0.017053
7393.52490 0.017667
7396.79980 0.018295
7400.07520 0.01894
7403.35010 0.019607
7406.62500 0.020302
7409.90088 0.021031
7413.17578 0.021804
7416.45215 0.02263
7419.72705 0.023518
7423.00293 0.02447
7426.27783 0.025487
7429.55420 0.026562
7432.83008 0.027683
7436.10596 0.028835
7439.38184 0.030001
7442.65820 0.031168
7445.93506 0.032329
7449.21094 0.033483
7452.48682 0.034633
7455.76416 0.03579
7459.04102 0.036964
7462.31689 0.038165
7465.59424 0.039402
7468.87109 0.04068
7472.14795 0.042
7475.42480 0.043364
7478.70215 0.044771
7481.97900 0.046223
7485.25684 0.047719
7488.53418 0.049259
7491.81201 0.050847
7495.08887 0.05248
7498.36719 0.054159
7501.64502 0.055884
7504.92188 0.057655
7508.20117 0.059475
7511.47900 0.061349
7514.75684 0.063285
7518.03516 0.065291
7521.31299 0.067376
7524.59180 0.069548
7527.87012 0.071812
7531.14893 0.074167
7534.42676 0.076612
7537.70605 0.079142
7540.98486 0.081754
7544.26416 0.084445
7547.54297 0.087214
7550.82178 0.090062
7554.10107 0.092994
7557.37988 0.096015
7560.66016 0.099131
7563.93896 0.102348
7567.21924 0.105673
7570.49902 0.109108
7573.77783 0.112657
7577.05811 0.11632
7580.33789 0.120098
7583.61816 0.123991
7586.89795 0.127998
7590.17920 0.132118
7593.45898 0.136351
7596.73877 0.140693
7600.02002 0.145143
7603.29980 0.149694
7606.58105 0.154336
7609.86182 0.159063
7613.14307 0.163864
7616.42285 0.168734
7619.70508 0.173671
7622.98486 0.178678
7626.26709 0.183761
7629.54785 0.188929
7632.82910 0.194189
7636.11084 0.19955
7639.39209 0.205014
7642.67383 0.210585
7645.95605 0.21626
7649.23682 0.22204
7652.52002 0.227923
7655.80078 0.233904
7659.08301 0.23998
7662.36621 0.246143
7665.64795 0.252387
7668.93018 0.258705
7672.21289 0.265091
7675.49512 0.271545
7678.77783 0.278068
7682.06104 0.284662
7685.34277 0.291332
7688.62598 0.298081
7691.90918 0.304909
7695.19189 0.311812
7698.47607 0.318782
7701.75879 0.325813
7705.04199 0.332893
7708.32617 0.340022
7711.60889 0.347191
7714.89307 0.354403
7718.17578 0.361665
7721.45996 0.368994
7724.74414 0.376419
7728.02783 0.383985
7731.31201 0.391748
7734.59619 0.399771
7737.87988 0.408116
7741.16504 0.416833
7744.44922 0.425938
7747.73291 0.435408
7751.01807 0.445167
7754.30322 0.455098
7757.58691 0.465052
7760.87305 0.474872
7764.15723 0.484417
7767.44189 0.493587
7770.72803 0.502329
7774.01318 0.510644
7777.29785 0.518571
7780.58301 0.526177
7783.86914 0.533532
7787.15479 0.540705
7790.43994 0.547748
7793.72607 0.554695
7797.01221 0.561567
7800.29785 0.568375
7803.58398 0.575123
7806.87012 0.58182
7810.15576 0.588473
7813.44189 0.595094
7816.72900 0.601684
7820.01514 0.60824
7823.30176 0.614745
7826.58789 0.621177
7829.87500 0.627507
7833.16211 0.633708
7836.44922 0.639764
7839.73584 0.645667
7843.02295 0.651425
7846.31104 0.657056
7849.59814 0.662583
7852.88477 0.668027
7856.17188 0.673404
7859.45996 0.678721
7862.74805 0.683979
7866.03516 0.689171
7869.32324 0.694289
7872.61084 0.699326
7875.89893 0.704283
7879.18701 0.709156
7882.47607 0.713951
7885.76416 0.718668
7889.05176 0.723301
7892.33984 0.727842
7895.62891 0.732278
7898.91699 0.736593
7902.20703 0.740778
7905.49512 0.744827
7908.78418 0.748743
7912.07324 0.752535
7915.36182 0.756213
7918.65088 0.759787
7921.93994 0.763261
7925.22998 0.766632
7928.52002 0.769895
7931.80908 0.773042
7935.09912 0.776068
7938.38818 0.778971
7941.67822 0.781757
7944.96777 0.784438
7948.25781 0.787029
7951.54785 0.789543
7954.83789 0.791995
7958.12793 0.794396
7961.41797 0.796753
7964.70898 0.799068
7968.00000 0.801341
7971.29004 0.803573
7974.58105 0.805762
7977.87207 0.807906
7981.16309 0.810006
7984.45410 0.81206
7987.74512 0.814066
7991.03613 0.816026
7994.32715 0.81794
7997.61816 0.819806
8000.91016 0.821626
8004.20117 0.823398
8007.49316 0.825123
8010.78418 0.826801
8014.07617 0.828432
8017.36816 0.830016
8020.66016 0.831552
8023.95215 0.833042
8027.24414 0.834485
8030.53613 0.835881
8033.82910 0.837229
8037.12109 0.83853
8040.41406 0.839785
8043.70605 0.840992
8046.99902 0.842152
8050.29199 0.843266
8053.58398 0.844332
8056.87695 0.845351
8060.16992 0.846322
8063.46289 0.847247
8066.75684 0.848123
8070.04980 0.848951
8073.34277 0.849731
8076.63721 0.850462
8079.93018 0.851141
8083.22412 0.851768
8086.51807 0.852343
8089.81201 0.85287
8093.10498 0.853352
8096.39893 0.853801
8099.69287 0.854232
8102.98779 0.854667
8106.28223 0.855129
8109.57617 0.855644
8112.87109 0.856231
8116.16602 0.856904
8119.45996 0.857667
8122.75488 0.858511
8126.04883 0.85942
8129.34424 0.860364
8132.64014 0.861313
8135.93506 0.862233
8139.22900 0.863094
8142.52490 0.863875
8145.81982 0.864563
8149.11621 0.865161
8152.41113 0.865682
8155.70703 0.86615
8159.00195 0.866592
8162.29785 0.867036
8165.59424 0.867504
8168.89014 0.868008
8172.18701 0.868551
8175.48193 0.869128
8178.77881 0.869734
8182.07520 0.870356
8185.37207 0.870986
8188.66797 0.871615
8191.96484 0.872236
8195.26172 0.872836
8198.55762 0.873405
8201.85547 0.873931
8205.15234 0.874406
8208.44922 0.874827
8211.74609 0.875199
8215.04297 0.875532
8218.34082 0.87584
8221.63770 0.876133
8224.93555 0.876422
8228.23340 0.876709
8231.53125 0.876997
8234.82910 0.877287
8238.12695 0.877583
8241.42480 0.87789
8244.72266 0.878216
8248.02148 0.878562
8251.31934 0.878928
8254.61719 0.879304
8257.91602 0.879672
8261.21387 0.880008
8264.51270 0.880295
8267.81152 0.880516
8271.11035 0.880668
8274.40918 0.880759
8277.70801 0.880809
8281.00684 0.880849
8284.30566 0.88091
8287.60547 0.881021
8290.90430 0.881203
8294.20410 0.881467
8297.50391 0.881813
8300.80273 0.88223
8304.10254 0.882707
8307.40234 0.883229
8310.70215 0.883782
8314.00195 0.884355
8317.30176 0.884935
8320.60254 0.88551
8323.90234 0.886072
8327.20312 0.88661
8330.50293 0.887114
8333.80371 0.887578
8337.10352 0.887993
8340.40430 0.888351
8343.70605 0.888646
8347.00684 0.888874
8350.30762 0.889035
8353.60840 0.889133
8356.90918 0.889178
8360.21094 0.889186
8363.51172 0.889177
8366.81348 0.889173
8370.11426 0.889199
8373.41602 0.889277
8376.71777 0.889424
8380.01953 0.889647
8383.32129 0.889933
8386.62305 0.890261
8389.92480 0.890591
8393.22754 0.890884
8396.52930 0.891099
8399.83203 0.891209
8403.13379 0.89121
8406.43652 0.891118
8409.73926 0.890964
8413.04199 0.89079
8416.34473 0.890629
8419.64746 0.890503
8422.95020 0.890417
8426.25293 0.890361
8429.55566 0.890317
8432.85938 0.890276
8436.16211 0.890232
8439.46582 0.890201
8442.76953 0.890201
8446.07227 0.890256
8449.37598 0.890379
8452.67969 0.890567
8455.98340 0.890806
8459.28809 0.891064
8462.59180 0.891312
8465.89648 0.89152
8469.20020 0.89167
8472.50391 0.891759
8475.80859 0.891795
8479.11230 0.891798
8482.41699 0.891783
8485.72168 0.891772
8489.02637 0.891772
8492.33105 0.891786
8495.63672 0.891809
8498.94141 0.891835
8502.24609 0.891854
8505.55176 0.891861
8508.85645 0.891861
8512.16211 0.891864
8515.46680 0.891886
8518.77246 0.891951
8522.07812 0.892078
8525.38379 0.892279
8528.68945 0.892562
8531.99512 0.892913
8535.30176 0.893309
8538.60742 0.893717
8541.91406 0.894098
8545.21973 0.894417
8548.52637 0.894644
8551.83203 0.894768
8555.13867 0.894794
8558.44531 0.894738
8561.75195 0.894632
8565.05859 0.894502
8568.36621 0.894379
8571.67285 0.894277
8574.97852 0.8942
8578.28711 0.894142
8581.59375 0.894088
8584.90137 0.894031
8588.20898 0.893961
8591.51562 0.893882
8594.82324 0.893805
8598.13086 0.893746
8601.43848 0.893721
8604.74707 0.893743
8608.05469 0.893822
8611.36230 0.893958
8614.67090 0.894143
8617.97852 0.894366
8621.28711 0.894607
8624.59570 0.894846
8627.90430 0.895064
8631.21289 0.895242
8634.52148 0.89537
8637.83008 0.895448
8641.13867 0.895487
8644.44727 0.895503
8647.75684 0.895523
8651.06543 0.895571
8654.37500 0.895667
8657.68359 0.895816
8660.99316 0.896017
8664.30273 0.896256
8667.61230 0.89651
8670.92188 0.896752
8674.23145 0.896958
8677.54102 0.897113
8680.85156 0.897207
8684.16113 0.897247
8687.47168 0.897241
8690.78125 0.89721
8694.09180 0.897172
8697.40234 0.897146
8700.71289 0.897147
8704.02344 0.897182
8707.33398 0.897252
8710.64453 0.897346
8713.95508 0.897444
8717.26562 0.897531
8720.57715 0.897581
8723.88770 0.897584
8727.19922 0.897539
8730.51074 0.89746
8733.82129 0.897369
8737.13281 0.897292
8740.44434 0.897253
8743.75586 0.897263
8747.06738 0.897326
8750.37988 0.897436
8753.69141 0.897583
8757.00293 0.897758
8760.31543 0.897956
8763.62695 0.898174
8766.93945 0.898411
8770.25195 0.898659
8773.56445 0.898909
8776.87695 0.899147
8780.18945 0.899356
8783.50195 0.899526
8786.81445 0.89965
8790.12793 0.899726
8793.44043 0.899758
8796.75391 0.899757
8800.06641 0.899728
8803.37988 0.89968
8806.69336 0.899617
8810.00684 0.899541
8813.32031 0.899458
8816.63379 0.899367
8819.94727 0.899271
8823.26074 0.899173
8826.57520 0.899074
8829.88867 0.898974
8833.20215 0.898873
8836.51660 0.898772
8839.83105 0.898675
8843.14648 0.898588
8846.45996 0.898521
8849.77441 0.898484
8853.08887 0.898485
8856.40332 0.898526
8859.71777 0.898607
8863.03320 0.898715
8866.34766 0.898834
8869.66309 0.898949
8872.97754 0.899046
8876.29297 0.899118
8879.60840 0.899166
8882.92383 0.899201
8886.23926 0.899237
8889.55469 0.899291
8892.87012 0.899373
8896.18555 0.899491
8899.50195 0.899638
8902.81738 0.899805
8906.13379 0.899973
8909.44922 0.900125
8912.76562 0.900244
8916.08203 0.900319
8919.39844 0.900353
8922.71484 0.90035
8926.03125 0.90032
8929.34766 0.900273
8932.66406 0.900218
8935.98145 0.900157
8939.29785 0.900086
8942.61523 0.9
8945.93262 0.89989
8949.24902 0.899753
8952.56641 0.899589
8955.88379 0.899405
8959.20117 0.899215
8962.51855 0.899037
8965.83594 0.898888
8969.15430 0.898788
8972.47168 0.898747
8975.79004 0.898771
8979.10742 0.898861
8982.42578 0.899006
8985.74414 0.899186
8989.06348 0.899383
8992.38086 0.899574
8995.69922 0.899736
8999.01758 0.899853
9002.33594 0.899916
9005.65430 0.899926
9008.97363 0.899896
9012.29199 0.899845
9015.61133 0.899799
9018.92969 0.899785
9022.24902 0.899815
9025.56836 0.899896
9028.88770 0.900019
9032.20703 0.900161
9035.52637 0.900299
9038.84570 0.900411
9042.16602 0.900484
9045.48535 0.900512
9048.80566 0.900502
9052.12500 0.900462
9055.44531 0.900405
9058.76562 0.900341
9062.08594 0.900276
9065.40625 0.900214
9068.72656 0.900158
9072.04688 0.900106
9075.36719 0.900058
9078.68848 0.900012
9082.00879 0.899966
9085.32910 0.899921
9088.65039 0.899877
9091.97168 0.899834
9095.29199 0.89979
9098.61328 0.899747
9101.93457 0.899703
9105.25586 0.89966
9108.57715 0.899616
9111.89941 0.899573
9115.22070 0.899529
9118.54199 0.899486
9121.86426 0.899442
9125.18652 0.899399
9128.50781 0.899355
9131.83008 0.899312
9135.15234 0.899268
9138.47461 0.899225
9141.79688 0.899181
9145.11914 0.899138
9148.44238 0.899094
9151.76465 0.899051
9155.08691 0.899007
9158.41016 0.898964
9161.73340 0.89892
9165.05566 0.898877
9168.37891 0.898833
9171.70215 0.89879
9175.02539 0.898746
9178.34863 0.898703
9181.67188 0.898659
9184.99512 0.898616
9188.31934 0.898572
9191.64258 0.898528
9194.96680 0.898485
9198.29004 0.898442
9201.61426 0.898398
9204.93848 0.898354
9208.26270 0.898311
9211.58691 0.898268
9214.91113 0.898224
9218.23535 0.898181
9221.56055 0.898137
9224.88477 0.898094
9228.20898 0.89805
9231.53418 0.898007
9234.85938 0.897963
9238.18359 0.89792
9241.50879 0.897876
9244.83398 0.897833
9248.15918 0.897789
9251.48438 0.897745
9254.80957 0.897702
9258.13574 0.897659
9261.46094 0.897615
9264.78711 0.897571
9268.11230 0.897528
9271.43848 0.897484
9274.76465 0.897441
9278.09082 0.897396
9281.41602 0.897349
9284.74219 0.897299
9288.06934 0.897244
9291.39648 0.897178
9294.72168 0.897095
9298.04785 0.896988
9301.37500 0.896846
9304.70215 0.89666
9308.02832 0.896423
9311.35547 0.896136
9314.68262 0.895806
9318.00977 0.895452
9321.33691 0.895103
9324.66406 0.894789
9327.99121 0.89454
9331.31836 0.894377
9334.64648 0.894304
9337.97363 0.894307
9341.30176 0.894359
9344.62988 0.894425
9347.95703 0.894475
9351.28516 0.894488
9354.61328 0.894458
9357.94141 0.894401
9361.26953 0.894343
9364.59863 0.894314
9367.92676 0.894341
9371.25488 0.894438
9374.58398 0.894602
9377.91211 0.894812
9381.24121 0.895036
9384.57031 0.89524
9387.89941 0.895392
9391.22852 0.895482
9394.55762 0.895515
9397.88672 0.895508
9401.21582 0.895486
9404.54492 0.895473
9407.87500 0.895479
9411.20410 0.8955
9414.53418 0.895514
9417.86426 0.895495
9421.19434 0.895414
9424.52441 0.895253
9427.85352 0.895011
9431.18457 0.894703
9434.51465 0.894355
9437.84473 0.893999
9441.17480 0.893657
9444.50586 0.893342
9447.83594 0.893052
9451.16699 0.892779
9454.49805 0.892513
9457.82812 0.892245
9461.15918 0.891977
9464.49023 0.891718
9467.82129 0.891484
9471.15234 0.891289
9474.48438 0.891144
9477.81543 0.891058
9481.14648 0.891036
9484.47852 0.891075
9487.81055 0.891174
9491.14160 0.891328
9494.47363 0.89153
9497.80566 0.891768
9501.13770 0.892026
9504.46973 0.892281
9507.80176 0.892507
9511.13477 0.892681
9514.46680 0.89279
9517.79883 0.892841
9521.13184 0.892856
9524.46484 0.892876
9527.79688 0.892945
9531.12988 0.893096
9534.46289 0.89334
9537.79590 0.893657
9541.12891 0.893992
9544.46191 0.894274
9547.79590 0.894429
9551.12891 0.894403
9554.46191 0.894176
9557.79590 0.893773
9561.12988 0.893257
9564.46387 0.89271
9567.79688 0.892219
9571.13086 0.891848
9574.46484 0.891631
9577.79883 0.891561
9581.13379 0.891599
9584.46777 0.891688
9587.80176 0.891773
9591.13672 0.891803
9594.47070 0.891748
9597.80566 0.891599
9601.14062 0.89136
9604.47559 0.891052
9607.80957 0.890692
9611.14453 0.890302
9614.48047 0.889904
9617.81543 0.889517
9621.15039 0.889163
9624.48535 0.888859
9627.82129 0.888632
9631.15625 0.888501
9634.49219 0.888479
9637.82812 0.888566
9641.16406 0.888743
9644.50000 0.888965
9647.83594 0.889173
9651.17188 0.889295
9654.50781 0.889267
9657.84473 0.889044
9661.18066 0.888617
9664.51660 0.888017
9667.85352 0.887302
9671.19043 0.886557
9674.52637 0.885866
9677.86328 0.885304
9681.20020 0.884918
9684.53711 0.884739
9687.87402 0.884762
9691.21191 0.884972
9694.54883 0.885345
9697.88574 0.885853
9701.22363 0.886457
9704.56055 0.887121
9707.89844 0.887796
9711.23633 0.888439
9714.57422 0.889007
9717.91211 0.889465
9721.25000 0.889794
9724.58789 0.889999
9727.92578 0.890092
9731.26465 0.890086
9734.60254 0.889992
9737.94141 0.889812
9741.27930 0.889535
9744.61816 0.889153
9747.95703 0.888669
9751.29492 0.888099
9754.63379 0.887483
9757.97266 0.886872
9761.31348 0.886321
9764.65137 0.885881
9767.99023 0.885574
9771.33008 0.885401
9774.66895 0.885326
9778.00879 0.885308
9781.34863 0.885302
9784.68848 0.885273
9788.02734 0.885212
9791.36719 0.885138
9794.70703 0.885081
9798.04785 0.88508
9801.38770 0.885157
9804.72754 0.885309
9808.06836 0.885515
9811.40820 0.885724
9814.74902 0.885881
9818.08887 0.885934
9821.42969 0.885846
9824.77148 0.8856
9828.11133 0.885195
9831.45215 0.88466
9834.79297 0.88403
9838.13477 0.883355
9841.47559 0.882696
9844.81641 0.882108
9848.15820 0.881639
9851.50000 0.881324
9854.84082 0.881172
9858.18262 0.881175
9861.52441 0.881293
9864.86621 0.881475
9868.20801 0.88166
9871.54980 0.881797
9874.89258 0.881846
9878.23438 0.881775
9881.57617 0.881577
9884.91895 0.881254
9888.26172 0.880824
9891.60352 0.880312
9894.94629 0.879749
9898.28906 0.87917
9901.63184 0.878609
9904.97461 0.878097
9908.31738 0.877655
9911.66113 0.877281
9915.00391 0.876969
9918.34766 0.876695
9921.69043 0.876431
9925.03418 0.876164
9928.37793 0.87589
9931.72168 0.875637
9935.06445 0.875442
9938.40820 0.875347
9941.75293 0.875392
9945.09668 0.8756
9948.44043 0.87597
9951.78418 0.876487
9955.12891 0.87711
9958.47266 0.877791
9961.81738 0.878482
9965.16211 0.879146
9968.50684 0.879743
9971.85156 0.880249
9975.19629 0.880637
9978.54102 0.880881
9981.88574 0.88096
9985.23047 0.880842
9988.57617 0.880511
9991.92090 0.87997
9995.26660 0.879246
9998.61230 0.878393
10001.95996 0.877481
10005.29980 0.876592
10008.65039 0.875793
10011.99023 0.875114
10015.33984 0.874557
10018.69043 0.874088
10022.03027 0.873654
10025.37988 0.873203
10028.71973 0.872686
10032.07031 0.872093
10035.41992 0.871437
10038.75977 0.870765
10042.11035 0.870136
10045.45996 0.869602
10048.79980 0.869193
10052.15039 0.868922
10055.50000 0.868767
10058.83984 0.868695
10062.19043 0.868661
10065.54004 0.868623
10068.88965 0.868544
10072.23047 0.868405
10075.58008 0.868178
10078.92969 0.867859
10082.28027 0.867436
10085.62012 0.866905
10088.96973 0.866276
10092.32031 0.865571
10095.66992 0.864815
10099.01953 0.864033
10102.36035 0.863266
10105.70996 0.862532
10109.05957 0.861845
10112.41016 0.861206
10115.75977 0.86061
10119.11035 0.860042
10122.45020 0.859499
10125.79980 0.85898
10129.15039 0.858492
10132.50000 0.858065
10135.84961 0.85771
10139.20020 0.857424
10142.54980 0.857188
10145.90039 0.856954
10149.25000 0.856667
10152.59961 0.85627
10155.95020 0.85573
10159.29980 0.855048
10162.65039 0.854277
10166.00000 0.853493
10169.34961 0.852788
10172.70020 0.85225
10176.04980 0.851919
10179.40039 0.851789
10182.75000 0.851792
10186.09961 0.851817
10189.45020 0.85173
10192.79980 0.8514
10196.15039 0.850734
10199.50000 0.849702
10202.84961 0.848334
10206.20020 0.846717
10209.54980 0.844974
10212.90039 0.843251
10216.25000 0.841656
10219.61035 0.84028
10222.95996 0.839163
10226.30957 0.838291
10229.66016 0.837619
10233.00977 0.837081
10236.36035 0.836604
10239.71973 0.836142
10243.07031 0.835702
10246.41992 0.835326
10249.76953 0.83512
10253.12012 0.835218
10256.48047 0.83576
10259.83008 0.836849
10263.17969 0.838523
10266.53027 0.840734
10269.88965 0.843362
10273.24023 0.846223
11300.56445 0.0
