threeML/data/optical_filters/CAHA/CAHA-f_604_21.ecsv
# %ECSV 0.9
# ---
# datatype:
# - {name: wavelength, unit: Angstrom, datatype: float32}
# - {name: response, datatype: float32}
# meta: !!omap
# - {band_name: f_604_21}
# - {group_name: CAHA}
wavelength response
[from data line 1611]
6171.45020 0.132585
6171.70996 0.131667
6171.97998 0.130767
6172.24023 0.129219
6172.50000 0.128316
6172.75977 0.127656
6173.02002 0.126028
6173.27979 0.125798
6173.54004 0.124527
6173.79980 0.124368
6174.06006 0.123044
6174.31982 0.121657
6174.58008 0.121097
6174.83984 0.120372
6175.10010 0.11926
6175.35986 0.118631
6175.62012 0.116913
6175.87988 0.116521
6176.14014 0.116059
6176.39990 0.114707
6176.66016 0.113124
6176.91992 0.11225
6177.18994 0.111783
6177.45020 0.111537
6177.70996 0.110455
6177.97021 0.109036
6178.22998 0.108245
6178.49023 0.107974
6178.75000 0.106942
6179.00977 0.106054
6179.27002 0.10518
6179.52979 0.104824
6179.79004 0.103326
6180.04980 0.103496
6180.31006 0.102367
6180.56982 0.101879
6180.83008 0.100551
6181.08984 0.09942
6181.35010 0.099
6181.60986 0.098024
6181.87012 0.097653
6182.12988 0.09664
6182.39990 0.095951
6182.66016 0.095088
6182.91992 0.094313
6183.18018 0.093958
6183.43994 0.0934
6183.70020 0.092063
6183.95996 0.091464
6184.22021 0.090984
6184.47998 0.090992
6184.74023 0.089762
6185.00000 0.088699
6185.25977 0.088444
6185.52002 0.088012
6185.77979 0.087325
6186.04004 0.086319
6186.29980 0.085943
6186.56006 0.084888
6186.81982 0.08484
6187.08008 0.083792
6187.35010 0.082687
6187.60986 0.082796
6187.87012 0.081704
6188.12988 0.081342
6188.39014 0.080019
6188.64990 0.079885
6188.91016 0.079217
6189.16992 0.078172
6189.43018 0.07779
6189.68994 0.077114
6189.95020 0.077166
6190.20996 0.076555
6190.47021 0.075531
6190.72998 0.074564
6190.99023 0.074291
6191.25000 0.074255
6191.50977 0.073409
6191.77002 0.072767
6192.02979 0.071995
6192.29004 0.071303
6192.56006 0.071478
6192.81982 0.070751
6193.08008 0.069868
6193.33984 0.069008
6193.60010 0.069445
6193.85986 0.068334
6194.12012 0.06817
6194.37988 0.068518
6194.64014 0.067451
6194.89990 0.067098
6195.16016 0.066251
6195.41992 0.065696
6195.68018 0.065381
6195.93994 0.064927
6196.20020 0.064151
6196.45996 0.064314
6196.72021 0.063283
6196.97998 0.062308
6197.24023 0.062878
6197.50000 0.062357
6197.77002 0.061488
6198.02979 0.060917
6198.29004 0.060501
6198.54980 0.059897
6198.81006 0.059706
6199.06982 0.059631
6199.33008 0.059079
6199.58984 0.058593
6199.85010 0.058038
6200.10986 0.057718
6200.37012 0.057363
6200.62988 0.056452
6200.89014 0.056284
6201.14990 0.056275
6201.41016 0.055515
6201.66992 0.055051
6201.93018 0.054964
6202.18994 0.054739
6202.45020 0.054006
6202.70996 0.053035
6202.97998 0.0529
6203.24023 0.053001
6203.50000 0.051831
6203.75977 0.051603
6204.02002 0.051484
6204.27979 0.050859
6204.54004 0.05101
6204.79980 0.050349
6205.06006 0.050077
6205.31982 0.050016
6205.58008 0.049377
6205.83984 0.049134
6206.10010 0.048893
6206.35986 0.048155
6206.62012 0.047852
6206.87988 0.047935
6207.14014 0.047123
6207.39990 0.047089
6207.66016 0.046805
6207.91992 0.046875
6208.18994 0.046247
6208.45020 0.045938
6208.70996 0.045563
6208.97021 0.044791
6209.22998 0.044549
6209.49023 0.044349
6209.75000 0.043556
6210.00977 0.043645
6210.27002 0.043864
6210.52979 0.042992
6210.79004 0.042916
6211.04980 0.042921
6211.31006 0.042875
6211.56982 0.041866
6211.83008 0.042084
6212.08984 0.040927
6212.35010 0.041058
6212.60986 0.041067
6212.87012 0.040826
6213.12988 0.040381
6213.39990 0.040247
6213.66016 0.039978
6213.91992 0.039305
6214.18018 0.039399
6214.43994 0.039249
6214.70020 0.038922
6214.95996 0.038745
6215.22021 0.038318
6215.47998 0.038052
6215.74023 0.037678
6216.00000 0.037521
6216.25977 0.036842
6216.52002 0.03693
6216.77979 0.036662
6217.04004 0.035901
6217.29980 0.036174
6217.56006 0.035436
6217.81982 0.035493
6218.08008 0.035273
6218.33984 0.035028
6218.60010 0.034884
6218.87012 0.034469
6219.12988 0.034543
6219.39014 0.03407
6219.64990 0.034011
6219.91016 0.033746
6220.16992 0.033566
6220.43018 0.033401
6220.68994 0.032821
6220.95020 0.032937
6221.20996 0.032295
6221.47021 0.032265
6221.72998 0.031811
6221.99023 0.031912
6222.25000 0.031764
6222.50977 0.031716
6222.77002 0.031581
6223.02979 0.030944
6223.29004 0.031071
6223.54980 0.03079
6223.81006 0.030922
6224.08008 0.030596
6224.33984 0.029898
6224.60010 0.030003
6224.85986 0.029799
6225.12012 0.029191
6225.37988 0.029389
6225.64014 0.029131
6225.89990 0.029279
6226.16016 0.02896
6226.41992 0.028902
6226.68018 0.028707
6226.93994 0.028232
6227.20020 0.028349
6227.45996 0.028432
6227.72021 0.027866
6227.97998 0.027531
6228.24023 0.027193
6228.50000 0.02732
6228.75977 0.027004
6229.02002 0.026729
6229.29004 0.026594
6229.54980 0.026642
6229.81006 0.026429
6230.06982 0.026237
6230.33008 0.026284
6230.58984 0.025777
6230.85010 0.025762
6231.10986 0.025631
6231.37012 0.025295
6231.62988 0.024917
6231.89014 0.025071
6232.14990 0.024825
6232.41016 0.024718
6232.66992 0.024547
6232.93018 0.024638
6233.18994 0.024331
6233.45020 0.023943
6233.70996 0.023971
6233.97021 0.023561
6234.22998 0.023366
6234.50000 0.023707
6234.75977 0.023513
6235.02002 0.023071
6235.27979 0.023029
6235.54004 0.022947
6235.79980 0.022701
6236.06006 0.022576
6236.31982 0.022511
6236.58008 0.022575
6236.83984 0.022176
6237.10010 0.022043
6237.35986 0.021872
6237.62012 0.021891
6237.87988 0.02195
6238.14014 0.021526
6238.39990 0.021261
6238.66016 0.021408
6238.91992 0.020928
6239.18018 0.02088
6239.43994 0.020943
6239.70996 0.020601
6239.97021 0.02059
6240.22998 0.020389
6240.49023 0.020364
6240.75000 0.020406
6241.00977 0.020329
6241.27002 0.020249
6241.52979 0.019958
6241.79004 0.019816
6242.04980 0.019903
6242.31006 0.019732
6242.56982 0.019295
6242.83008 0.019304
6243.08984 0.019112
6243.35010 0.019042
6243.60986 0.018799
6243.87012 0.019122
6244.12988 0.018504
6244.39014 0.018503
6244.64990 0.018611
6244.91992 0.018298
6245.18018 0.018422
6245.43994 0.018067
6245.70020 0.018108
6245.95996 0.017954
6246.22021 0.017775
6246.47998 0.017536
6246.74023 0.017502
6247.00000 0.017395
6247.25977 0.017747
6247.52002 0.017681
6247.77979 0.017407
6248.04004 0.017187
6248.29980 0.017243
6248.56006 0.017082
6248.81982 0.016688
6249.08008 0.016801
6249.33984 0.016533
6249.60010 0.016638
6249.87012 0.016718
6250.12988 0.01629
6250.39014 0.016519
6250.64990 0.016299
6250.91016 0.016091
6251.16992 0.016057
6251.43018 0.01588
6251.68994 0.015916
6251.95020 0.015807
6252.20996 0.01565
6252.47021 0.015675
6252.72998 0.015752
6252.99023 0.015511
6253.25000 0.015507
6253.50977 0.015092
6253.77002 0.015227
6254.02979 0.015036
6254.29004 0.015137
6254.54980 0.01473
6254.81006 0.014672
6255.08008 0.014887
6255.33984 0.01454
6255.60010 0.01468
6255.85986 0.014351
6256.12012 0.014331
6256.37988 0.014534
6256.64014 0.01438
6256.89990 0.013999
6257.16016 0.01426
6257.41992 0.013907
6257.68018 0.013875
6257.93994 0.013869
6258.20020 0.013768
6258.45996 0.013608
6258.72021 0.013594
6258.97998 0.013573
6259.24023 0.013438
6259.50000 0.01335
6259.75977 0.013488
6260.02002 0.01332
6260.29004 0.013192
6260.54980 0.013339
6260.81006 0.012943
6261.06982 0.013296
6261.33008 0.012824
6261.58984 0.012729
6261.85010 0.012821
6262.10986 0.012734
6262.37012 0.012563
6262.62988 0.01255
6262.89014 0.012617
6263.14990 0.012456
6263.41016 0.012278
6263.66992 0.012353
6263.93018 0.012054
6264.18994 0.012283
6264.45020 0.012109
6264.70996 0.012137
6264.97021 0.01188
6265.22998 0.011737
6265.50000 0.011743
6265.75977 0.011893
6266.02002 0.011563
6266.27979 0.011735
6266.54004 0.011808
6266.79980 0.011441
6267.06006 0.011348
6267.31982 0.011553
6267.58008 0.011455
6267.83984 0.011096
6268.10010 0.011342
6268.35986 0.011259
6268.62012 0.011067
6268.87988 0.011265
6269.14014 0.011076
6269.39990 0.010989
6269.66016 0.010756
6269.91992 0.010892
6270.18018 0.010521
6270.43994 0.010726
6270.70996 0.01079
6270.97021 0.010491
6271.22998 0.01057
6271.49023 0.010583
6271.75000 0.010243
6272.00977 0.010364
6272.27002 0.010226
6272.52979 0.010379
6272.79004 0.010226
6273.04980 0.010094
6273.31006 0.010092
6273.56982 0.010152
6273.83008 0.010085
6274.08984 0.009841
6274.35010 0.009835
6274.60986 0.009949
6274.87012 0.009746
6275.12988 0.009797
6275.39014 0.009815
6275.64990 0.00964
6275.91992 0.0097
6276.18018 0.009598
6276.43994 0.009511
6276.70020 0.009356
6276.95996 0.009505
6277.22021 0.009489
6277.47998 0.009377
6277.74023 0.009097
6278.00000 0.009454
6278.25977 0.009206
6278.52002 0.009102
6278.77979 0.009249
6279.04004 0.008964
6279.29980 0.009037
6279.56006 0.008906
6279.81982 0.008975
6280.08008 0.008871
6280.33984 0.008639
6280.60010 0.008922
6280.85986 0.008791
6281.12012 0.008526
6281.39014 0.008776
6281.64990 0.00853
6281.91016 0.008549
6282.16992 0.008668
6282.43018 0.008472
6282.68994 0.008564
6282.95020 0.008292
6283.20996 0.008335
6283.47021 0.008366
6283.72998 0.008321
6283.99023 0.008496
6284.25000 0.0082
6284.50977 0.008198
6284.77002 0.008246
6285.02979 0.008054
6285.29004 0.008084
6285.54980 0.008066
6285.81006 0.008015
6286.06982 0.007818
6286.33008 0.007886
6286.60010 0.007965
6286.85986 0.007915
6287.12012 0.00791
6287.37988 0.007898
6287.64014 0.007867
6287.89990 0.007727
6288.16016 0.007684
6288.41992 0.007678
6288.68018 0.007619
6288.93994 0.007648
6289.20020 0.007631
6289.45996 0.007453
6289.72021 0.007533
6289.97998 0.007647
6290.24023 0.007259
6290.50000 0.007294
6290.75977 0.007095
6291.02002 0.00749
6291.27979 0.007251
6291.54004 0.007204
6291.81006 0.007256
6292.06982 0.007136
6292.33008 0.007066
6292.58984 0.007169
6292.85010 0.007161
6293.10986 0.007109
6293.37012 0.006848
6293.62988 0.007033
6293.89014 0.006959
6294.14990 0.006898
6294.41016 0.006903
6294.66992 0.006862
6294.93018 0.006792
6295.18994 0.006717
6295.45020 0.006687
6295.70996 0.006743
6295.97021 0.006667
6296.22998 0.006583
6296.49023 0.006661
6296.75000 0.006572
6297.02002 0.006597
6297.27979 0.006485
6297.54004 0.006711
6297.79980 0.006559
6298.06006 0.006627
6298.31982 0.00656
6298.58008 0.006322
6298.83984 0.006439
6299.10010 0.006529
6299.35986 0.006391
6299.62012 0.006211
6299.87988 0.006245
6300.14014 0.006205
6300.39990 0.006128
6300.66016 0.006152
6300.91992 0.006061
6301.18018 0.0061
6301.43994 0.005952
6301.70020 0.006178
6301.95996 0.006066
6302.22998 0.005998
6302.49023 0.00612
6302.75000 0.005957
6303.00977 0.006099
6303.27002 0.005961
6303.52979 0.00575
6303.79004 0.00564
6304.04980 0.005671
6304.31006 0.005987
6304.56982 0.00577
6304.83008 0.005842
6305.08984 0.005745
6305.35010 0.005606
6305.60986 0.005686
6305.87012 0.005648
6306.12988 0.005573
6306.39014 0.005566
6306.64990 0.005552
6306.91016 0.005473
6307.16992 0.005577
6307.43994 0.005518
6307.70020 0.005644
6307.95996 0.005518
6308.22021 0.005486
6308.47998 0.005359
6308.74023 0.00536
6309.00000 0.00548
6309.25977 0.005533
6309.52002 0.005253
6309.77979 0.005244
6310.04004 0.005347
6310.29980 0.005154
6310.56006 0.005246
6310.81982 0.005115
6311.08008 0.005088
6311.33984 0.005217
6311.60010 0.005261
6311.85986 0.005157
6312.12012 0.005005
6312.37988 0.005022
6312.64990 0.005151
6312.91016 0.005022
6313.16992 0.005229
6313.43018 0.005211
6313.68994 0.005157
6313.95020 0.004981
6314.20996 0.004792
6314.47021 0.005073
6314.72998 0.004804
6314.99023 0.005083
6315.25000 0.005063
6315.50977 0.004869
6315.77002 0.004859
6316.02979 0.004794
6316.29004 0.004831
6316.54980 0.004576
6316.81006 0.00485
6317.06982 0.004656
6317.33008 0.004546
6317.60010 0.004708
6317.85986 0.004676
6318.12012 0.00484
6318.37988 0.004522
6318.64014 0.004827
6318.89990 0.004553
6319.16016 0.004498
6319.41992 0.004626
6319.68018 0.004607
6319.93994 0.004581
6320.20020 0.004501
6320.45996 0.004392
6320.72021 0.00457
6320.97998 0.004375
6321.24023 0.004597
6321.50000 0.004413
6321.75977 0.00441
6322.02002 0.004432
6322.27979 0.004612
6322.54004 0.004302
6322.81006 0.004448
6323.06982 0.004279
6323.33008 0.004162
6323.58984 0.004373
6323.85010 0.004222
6324.10986 0.004485
6324.37012 0.004154
6324.62988 0.004304
6324.89014 0.004214
6325.14990 0.004273
6325.41016 0.004249
6325.66992 0.004133
6325.93018 0.00424
6326.18994 0.004301
6326.45020 0.004127
6326.70996 0.004133
6959.38086 0.0
