threeML/data/optical_filters/CAHA/CAHA-f_358_33.ecsv
# %ECSV 0.9
# ---
# datatype:
# - {name: wavelength, unit: Angstrom, datatype: float32}
# - {name: response, datatype: float32}
# meta: !!omap
# - {band_name: f_358_33}
# - {group_name: CAHA}
wavelength response
2829.60010 0.0
3144.00000 0.004459
3146.00000 0.004743
3148.00000 0.004822
3150.00000 0.004787
3152.00000 0.004631
3154.00000 0.004535
3156.00000 0.004481
3158.00000 0.004495
3160.00000 0.004214
3162.00000 0.004542
3164.00000 0.004581
3166.00000 0.003961
3168.00000 0.003642
3170.00000 0.003793
3172.00000 0.004154
3174.00000 0.004742
3176.00000 0.004972
3178.00000 0.005026
3180.00000 0.004883
3182.00000 0.004816
3184.00000 0.004438
3186.00000 0.004349
3188.00000 0.004404
3190.00000 0.004456
3192.00000 0.004747
3194.00000 0.004466
3196.00000 0.004506
3198.00000 0.004361
3200.00000 0.004326
3202.00000 0.004543
3204.00000 0.004968
3206.00000 0.005442
3208.00000 0.005801
3210.00000 0.005996
3212.00000 0.006166
3214.00000 0.006141
3216.00000 0.006192
3218.00000 0.006401
3220.00000 0.006387
3222.00000 0.00656
3224.00000 0.006737
3226.00000 0.007037
3228.00000 0.00747
3230.00000 0.007343
3232.00000 0.007346
3234.00000 0.007646
3236.00000 0.00782
3238.00000 0.008156
3240.00000 0.008577
3242.00000 0.008902
3244.00000 0.009283
3246.00000 0.009366
3248.00000 0.009542
3250.00000 0.009301
3252.00000 0.009548
3254.00000 0.010289
3256.00000 0.010604
3258.00000 0.010993
3260.00000 0.011614
3262.00000 0.012004
3264.00000 0.01204
3266.00000 0.012615
3268.00000 0.013174
3270.00000 0.013794
3272.00000 0.014555
3274.00000 0.015551
3276.00000 0.016481
3278.00000 0.017522
3280.00000 0.018643
3282.00000 0.019622
3284.00000 0.02049
3286.00000 0.021803
3288.00000 0.022734
3290.00000 0.023713
3292.00000 0.024923
3294.00000 0.025887
3296.00000 0.026724
3298.00000 0.027412
3300.00000 0.0279
3302.00000 0.028649
3304.00000 0.029629
3306.00000 0.030773
3308.00000 0.031966
3310.00000 0.033318
3312.00000 0.035133
3314.00000 0.036826
3316.00000 0.038511
3318.00000 0.040248
3320.00000 0.041988
3322.00000 0.043444
3324.00000 0.044816
3326.00000 0.04612
3328.00000 0.047811
3330.00000 0.049467
3332.00000 0.051231
3334.00000 0.052896
3336.00000 0.054424
3338.00000 0.056116
3340.00000 0.058188
3342.00000 0.060313
3344.00000 0.062922
3346.00000 0.065908
3348.00000 0.068018
3350.00000 0.069646
3352.00000 0.071268
3354.00000 0.073225
3356.00000 0.074625
3358.00000 0.076175
3360.00000 0.077526
3362.00000 0.078885
3364.00000 0.080516
3366.00000 0.082458
3368.00000 0.084038
3370.00000 0.086106
3372.00000 0.088818
3374.00000 0.091809
3376.00000 0.094912
3378.00000 0.098195
3380.00000 0.101497
3382.00000 0.104797
3384.00000 0.107879
3386.00000 0.110553
3388.00000 0.11321
3390.00000 0.116047
3392.00000 0.119093
3394.00000 0.121799
3396.00000 0.124007
3398.00000 0.126031
3400.00000 0.127747
3402.00000 0.12962
3404.00000 0.131854
3406.00000 0.134348
3408.00000 0.136893
3410.00000 0.139024
3412.00000 0.141067
3414.00000 0.143238
3416.00000 0.145212
3418.00000 0.147471
3420.00000 0.149503
3422.00000 0.151723
3424.00000 0.154086
3426.00000 0.155604
3428.00000 0.156755
3430.00000 0.157896
3432.00000 0.159054
3434.00000 0.159783
3436.00000 0.159855
3438.00000 0.160547
3440.00000 0.161399
3442.00000 0.162338
3444.00000 0.163407
3446.00000 0.164315
3448.00000 0.165123
3450.00000 0.166439
3452.00000 0.167792
3454.00000 0.168794
3456.00000 0.170001
3458.00000 0.172054
3460.00000 0.174214
3462.00000 0.175903
3464.00000 0.177643
3466.00000 0.179491
3468.00000 0.181396
3470.00000 0.1834
3472.00000 0.185259
3474.00000 0.187249
3476.00000 0.189999
3478.00000 0.192951
3480.00000 0.195251
3482.00000 0.196987
3484.00000 0.199166
3486.00000 0.201279
3488.00000 0.202811
3490.00000 0.204515
3492.00000 0.206571
3494.00000 0.208235
3496.00000 0.209959
3498.00000 0.211493
3500.00000 0.212977
3502.00000 0.214258
3504.00000 0.215743
3506.00000 0.217185
3508.00000 0.218363
3510.00000 0.219892
3512.00000 0.220438
3514.00000 0.220588
3516.00000 0.22194
3518.00000 0.222939
3520.00000 0.22377
3522.00000 0.224483
3524.00000 0.224665
3526.00000 0.225396
3528.00000 0.226401
3530.00000 0.227078
3532.00000 0.227704
3534.00000 0.228975
3536.00000 0.230619
3538.00000 0.231823
3540.00000 0.232749
3542.00000 0.233578
3544.00000 0.234215
3546.00000 0.235273
3548.00000 0.236433
3550.00000 0.236955
3552.00000 0.237396
3554.00000 0.237675
3556.00000 0.237854
3558.00000 0.237551
3560.00000 0.236801
3562.00000 0.236781
3564.00000 0.236743
3566.00000 0.236003
3568.00000 0.236077
3570.00000 0.235151
3572.00000 0.234411
3574.00000 0.233186
3576.00000 0.23286
3578.00000 0.232558
3580.00000 0.232001
3582.00000 0.231738
3584.00000 0.231849
3586.00000 0.231522
3588.00000 0.232082
3590.00000 0.232041
3592.00000 0.23327
3594.00000 0.233988
3596.00000 0.234951
3598.00000 0.235481
3600.00000 0.236021
3602.00000 0.236864
3604.00000 0.237563
3606.00000 0.237736
3608.00000 0.237901
3610.00000 0.237594
3612.00000 0.236927
3614.00000 0.235698
3616.00000 0.23558
3618.00000 0.236133
3620.00000 0.2359
3622.00000 0.235461
3624.00000 0.234597
3626.00000 0.233836
3628.00000 0.233705
3630.00000 0.233944
3632.00000 0.234121
3634.00000 0.234128
3636.00000 0.233945
3638.00000 0.233276
3640.00000 0.23133
3642.00000 0.23059
3644.00000 0.230271
3646.00000 0.229817
3648.00000 0.229976
3650.00000 0.229478
3652.00000 0.227698
3654.00000 0.226598
3656.00000 0.226087
3658.00000 0.225375
3660.00000 0.224798
3662.00000 0.224461
3664.00000 0.223818
3666.00000 0.22269
3668.00000 0.221832
3670.00000 0.22058
3672.00000 0.219005
3674.00000 0.217798
3676.00000 0.216421
3678.00000 0.21498
3680.00000 0.213624
3682.00000 0.211904
3684.00000 0.210051
3686.00000 0.208668
3688.00000 0.207387
3690.00000 0.205204
3692.00000 0.203102
3694.00000 0.201962
3696.00000 0.200797
3698.00000 0.19893
3700.00000 0.19667
3702.00000 0.194507
3704.00000 0.192963
3706.00000 0.191701
3708.00000 0.189785
3710.00000 0.187459
3712.00000 0.185292
3714.00000 0.183152
3716.00000 0.180243
3718.00000 0.177574
3720.00000 0.17612
3722.00000 0.174564
3724.00000 0.171991
3726.00000 0.169215
3728.00000 0.166534
3730.00000 0.163108
3732.00000 0.159889
3734.00000 0.157881
3736.00000 0.156362
3738.00000 0.154041
3740.00000 0.151087
3742.00000 0.147254
3744.00000 0.143801
3746.00000 0.141392
3748.00000 0.139527
3750.00000 0.137171
3752.00000 0.134879
3754.00000 0.132444
3756.00000 0.129247
3758.00000 0.126327
3760.00000 0.123701
3762.00000 0.121519
3764.00000 0.119461
3766.00000 0.117114
3768.00000 0.114578
3770.00000 0.111897
3772.00000 0.108862
3774.00000 0.106089
3776.00000 0.10384
3778.00000 0.101668
3780.00000 0.098814
3782.00000 0.095642
3784.00000 0.09297
3786.00000 0.090272
3788.00000 0.087649
3790.00000 0.084758
3792.00000 0.081767
3794.00000 0.078846
3796.00000 0.076217
3798.00000 0.073683
3800.00000 0.071097
3802.00000 0.068317
3804.00000 0.065744
3806.00000 0.063337
3808.00000 0.061047
3810.00000 0.058372
3812.00000 0.055874
3814.00000 0.053791
3816.00000 0.051667
3818.00000 0.049312
3820.00000 0.047097
3822.00000 0.044679
3824.00000 0.042557
3826.00000 0.040693
3828.00000 0.038755
3830.00000 0.036646
3832.00000 0.034819
3834.00000 0.033164
3836.00000 0.031318
3838.00000 0.029596
3840.00000 0.028224
3842.00000 0.026613
3844.00000 0.025055
3846.00000 0.023702
3848.00000 0.022288
3850.00000 0.020892
3852.00000 0.019647
3854.00000 0.018459
3856.00000 0.017276
3858.00000 0.016267
3860.00000 0.015327
3862.00000 0.014238
3864.00000 0.013226
3866.00000 0.012385
3868.00000 0.011565
3870.00000 0.010818
3872.00000 0.010144
3874.00000 0.009461
3876.00000 0.008811
3878.00000 0.008217
3880.00000 0.007631
3882.00000 0.007028
3884.00000 0.006475
3886.00000 0.00607
3888.00000 0.005699
3890.00000 0.005317
3892.00000 0.004919
3894.00000 0.004524
3896.00000 0.004181
4285.60010 0.0
