threeML/data/optical_filters/CAHA/CAHA-f_663_105c.ecsv
# %ECSV 0.9
# ---
# datatype:
# - {name: wavelength, unit: Angstrom, datatype: float32}
# - {name: response, datatype: float32}
# meta: !!omap
# - {band_name: f_663_105c}
# - {group_name: CAHA}
wavelength response
5051.42529 0.0
5612.69482 0.00401
5615.95410 0.004086
5619.21191 0.004163
5622.47119 0.004241
5625.72998 0.004321
5628.98877 0.004403
5632.24805 0.004486
5635.50684 0.00457
5638.76611 0.004656
5642.02490 0.004743
5645.28516 0.004832
5648.54395 0.004922
5651.80322 0.005014
5655.06299 0.005107
5658.32324 0.005201
5661.58301 0.005298
5664.84180 0.005395
5668.10205 0.005494
5671.36182 0.005595
5674.62207 0.005696
5677.88184 0.0058
5681.14209 0.005905
5684.40186 0.006011
5687.66309 0.006119
5690.92285 0.006228
5694.18408 0.006339
5697.44385 0.006451
5700.70508 0.006565
5703.96484 0.00668
5707.22607 0.006796
5710.48682 0.006914
5713.74805 0.007781
5717.00879 0.007752
5720.27002 0.007759
5723.53076 0.007807
5726.79199 0.007897
5730.05420 0.008019
5733.31494 0.008162
5736.57715 0.008314
5739.83789 0.008461
5743.10010 0.008592
5746.36084 0.008701
5749.62305 0.008786
5752.88477 0.00885
5756.14600 0.0089
5759.40918 0.008944
5762.67090 0.008992
5765.93311 0.009052
5769.19482 0.009128
5772.45801 0.009221
5775.72021 0.009328
5778.98193 0.009439
5782.24512 0.009548
5785.50684 0.009644
5788.77002 0.009723
5792.03320 0.009783
5795.29492 0.009828
5798.55908 0.009865
5801.82080 0.009905
5805.08398 0.009956
5808.34814 0.010028
5811.61084 0.010128
5814.87402 0.010258
5818.13721 0.010418
5821.40088 0.010604
5824.66504 0.010808
5827.92822 0.011021
5831.19189 0.011232
5834.45605 0.011432
5837.71924 0.011615
5840.98291 0.011774
5844.24707 0.011909
5847.51123 0.01202
5850.77490 0.012106
5854.04004 0.01217
5857.30420 0.012214
5860.56787 0.012242
5863.83301 0.012262
5867.09717 0.012284
5870.36084 0.012319
5873.62598 0.012384
5876.89111 0.012492
5880.15576 0.012655
5883.41992 0.012881
5886.68604 0.013173
5889.95117 0.01353
5893.21582 0.013948
5896.48096 0.014422
5899.74609 0.014944
5903.01123 0.015513
5906.27686 0.016129
5909.54199 0.016799
5912.80811 0.017534
5916.07422 0.018352
5919.33887 0.019272
5922.60498 0.020316
5925.87109 0.021507
5929.13721 0.022866
5932.40283 0.024416
5935.66895 0.026173
5938.93506 0.028155
5942.20117 0.030376
5945.46777 0.032845
5948.73389 0.035568
5952.00000 0.03855
5955.26709 0.041794
5958.53418 0.045306
5961.79980 0.049092
5965.06689 0.053162
5968.33398 0.057526
5971.60107 0.062192
5974.86816 0.067161
5978.13477 0.072428
5981.40186 0.077982
5984.66895 0.083802
5987.93701 0.089872
5991.20410 0.09618
5994.47217 0.102721
5997.73877 0.109503
6001.00684 0.116541
6004.27490 0.123849
6007.54199 0.131442
6010.81006 0.13932
6014.07812 0.147475
6017.34619 0.15588
6020.61377 0.164498
6023.88184 0.173288
6027.15088 0.182198
6030.41895 0.191183
6033.68799 0.200202
6036.95605 0.209221
6040.22510 0.21822
6043.49316 0.227182
6046.76221 0.2361
6050.02979 0.244971
6053.29883 0.253792
6056.56787 0.262557
6059.83691 0.271262
6063.10596 0.279899
6066.37500 0.288463
6069.64502 0.296947
6072.91406 0.305347
6076.18311 0.313656
6079.45312 0.32187
6082.72217 0.329985
6085.99219 0.337996
6089.26221 0.345897
6092.53076 0.353683
6095.80078 0.361347
6099.07080 0.368877
6102.34082 0.376261
6105.61084 0.383483
6108.88086 0.390526
6112.15088 0.397381
6115.42188 0.404042
6118.69189 0.410513
6121.96191 0.416806
6125.23291 0.422939
6128.50391 0.428932
6131.77393 0.434801
6135.04492 0.440554
6138.31592 0.446194
6141.58691 0.451719
6144.85791 0.457121
6148.12891 0.462392
6151.39990 0.467526
6154.67090 0.472517
6157.94189 0.477362
6161.21387 0.482061
6164.48486 0.486616
6167.75684 0.491033
6171.02783 0.49532
6174.29980 0.499489
6177.57178 0.503549
6180.84424 0.507517
6184.11523 0.511408
6187.38721 0.515239
6190.66016 0.519025
6193.93213 0.522785
6197.20410 0.526528
6200.47607 0.530264
6203.74902 0.533987
6207.02100 0.537692
6210.29297 0.541363
6213.56592 0.544984
6216.83789 0.548539
6220.11084 0.552015
6223.38379 0.555403
6226.65723 0.5587
6229.93018 0.561908
6233.20312 0.565032
6236.47607 0.568083
6239.75000 0.571074
6243.02197 0.574015
6246.29590 0.576917
6249.56885 0.57979
6252.84277 0.582642
6256.11621 0.585474
6259.39014 0.588285
6262.66406 0.591071
6265.93799 0.593828
6269.21094 0.596551
6272.48486 0.599239
6275.75879 0.601896
6279.03320 0.604533
6282.30811 0.607157
6285.58203 0.609781
6288.85596 0.612412
6292.12988 0.615051
6295.40479 0.617692
6298.68018 0.620322
6301.95410 0.622927
6305.22900 0.625485
6308.50391 0.627977
6311.77881 0.630385
6315.05420 0.632698
6318.32910 0.634915
6321.60400 0.637045
6324.87891 0.639102
6328.15381 0.641105
6331.42920 0.643073
6334.70508 0.645021
6337.97998 0.646954
6341.25586 0.648869
6344.53076 0.650757
6347.80713 0.652606
6351.08301 0.654404
6354.35889 0.656146
6357.63477 0.657836
6360.91113 0.659485
6364.18701 0.661111
6367.46289 0.662735
6370.73877 0.664373
6374.01611 0.666035
6377.29199 0.667717
6380.56787 0.669408
6383.84521 0.671088
6387.12207 0.672734
6390.39795 0.674327
6393.67480 0.675856
6396.95215 0.677319
6400.22900 0.678723
6403.50488 0.680081
6406.78320 0.681411
6410.06006 0.682736
6413.33691 0.684079
6416.61377 0.685466
6419.89209 0.686917
6423.16895 0.688452
6426.44678 0.690082
6429.72510 0.6918
6433.00195 0.693572
6436.27979 0.695338
6439.55811 0.697015
6442.83496 0.698515
6446.11279 0.699765
6449.39209 0.700734
6452.66992 0.70145
6455.94824 0.702006
6459.22607 0.702546
6462.50391 0.70324
6465.78320 0.704249
6469.06201 0.705698
6472.33984 0.707647
6475.61914 0.710094
6478.89697 0.712976
6482.17578 0.716191
6485.45508 0.719616
6488.73389 0.723125
6492.01318 0.726599
6495.29199 0.729931
6498.57178 0.733028
6501.85107 0.735819
6505.12988 0.738253
6508.41016 0.740305
6511.68896 0.741976
6514.96924 0.7433
6518.24902 0.74433
6521.52783 0.745134
6524.80811 0.745779
6528.08789 0.746325
6531.36816 0.746812
6534.64795 0.747267
6537.92822 0.747693
6541.20801 0.748083
6544.48779 0.748425
6547.76904 0.748709
6551.04883 0.748937
6554.33008 0.749123
6557.60986 0.749288
6560.89111 0.749454
6564.17188 0.749639
6567.45312 0.749847
6570.73291 0.75007
6574.01416 0.750285
6577.29492 0.750465
6580.57715 0.750586
6583.85791 0.750626
6587.13916 0.75058
6590.41992 0.750452
6593.70215 0.750258
6596.98291 0.750019
6600.26514 0.749762
6603.54590 0.749518
6606.82812 0.749314
6610.10986 0.749171
6613.39209 0.749108
6616.67383 0.749129
6619.95605 0.749231
6623.23779 0.749395
6626.52002 0.749599
6629.80176 0.749816
6633.08398 0.750023
6636.36719 0.750206
6639.64893 0.750365
6642.93213 0.750507
6646.21484 0.75065
6649.49805 0.750815
6652.77979 0.751017
6656.06299 0.751265
6659.34619 0.751561
6662.62891 0.751894
6665.91211 0.752249
6669.19482 0.752607
6672.47900 0.752948
6675.76221 0.753259
6679.04492 0.753527
6682.32910 0.75375
6685.61182 0.753926
6688.89600 0.754062
6692.18018 0.754166
6695.46289 0.754251
6698.74707 0.754328
6702.03076 0.754405
6705.31494 0.754489
6708.59912 0.754583
6711.88281 0.754689
6715.16699 0.754807
6718.45215 0.75494
6721.73584 0.755086
6725.02100 0.755249
6728.30518 0.755427
6731.58984 0.755621
6734.87500 0.755834
6738.15918 0.756073
6741.44385 0.756341
6744.72900 0.756642
6748.01416 0.756969
6751.29883 0.75731
6754.58398 0.757645
6757.87012 0.757946
6761.15479 0.758187
6764.43994 0.758346
6767.72607 0.758417
6771.01123 0.758405
6774.29688 0.75833
6777.58301 0.758216
6780.86816 0.758088
6784.15381 0.757965
6787.43994 0.757854
6790.72607 0.757749
6794.01221 0.757637
6797.29785 0.757504
6800.58398 0.757341
6803.87109 0.757146
6807.15723 0.75693
6810.44287 0.756711
6813.72998 0.756516
6817.01709 0.756374
6820.30322 0.756312
6823.58984 0.756352
6826.87695 0.756513
6830.16406 0.756805
6833.45117 0.757231
6836.73779 0.757787
6840.02490 0.758461
6843.31201 0.759232
6846.59912 0.760073
6849.88721 0.760953
6853.17383 0.761839
6856.46094 0.762703
6859.75000 0.763519
6863.03711 0.764269
6866.32520 0.764938
6869.61279 0.765517
6872.89990 0.766
6876.18799 0.766386
6879.47705 0.766674
6882.76514 0.766869
6886.05322 0.766981
6889.34082 0.767018
6892.62891 0.766993
6895.91797 0.766917
6899.20703 0.766798
6902.49512 0.766642
6905.78418 0.766455
6909.07178 0.766238
6912.36084 0.765992
6915.64990 0.765718
6918.93896 0.765417
6922.22803 0.765096
6925.51709 0.76476
6928.80615 0.764421
6932.09619 0.76409
6935.38477 0.763781
6938.67383 0.7635
6941.96387 0.763253
6945.25293 0.763037
6948.54297 0.762844
6951.83301 0.762659
6955.12305 0.76247
6958.41211 0.762259
6961.70215 0.76202
6964.99219 0.761745
6968.28223 0.761429
6971.57324 0.761069
6974.86279 0.760664
6978.15283 0.760208
6981.44385 0.7597
6984.73389 0.759136
6988.02393 0.758515
6991.31494 0.757833
6994.60596 0.757085
6997.89697 0.756262
7001.18799 0.755347
7004.47900 0.754322
7007.77002 0.753164
7011.06104 0.751851
7014.35205 0.750359
7017.64307 0.748668
7020.93506 0.746756
7024.22607 0.744605
7027.51709 0.7422
7030.80908 0.739531
7034.10107 0.736592
7037.39209 0.733379
7040.68408 0.729888
7043.97607 0.726111
7047.26807 0.722031
7050.56006 0.71762
7053.85205 0.712839
7057.14404 0.707643
7060.43604 0.701985
7063.72900 0.695819
7067.02100 0.68911
7070.31299 0.681835
7073.60596 0.673984
7076.89795 0.665564
7080.19092 0.656593
7083.48389 0.647098
7086.77686 0.637114
7090.06982 0.626675
7093.36279 0.61581
7096.65576 0.604547
7099.94922 0.592908
7103.24219 0.580908
7106.53613 0.568565
7109.82910 0.555897
7113.12207 0.542919
7116.41602 0.529649
7119.70898 0.516103
7123.00293 0.502289
7126.29688 0.488209
7129.59082 0.473858
7132.88477 0.459227
7136.17920 0.444314
7139.47314 0.429134
7142.76709 0.413728
7146.06104 0.398172
7149.35498 0.382578
7152.64893 0.367082
7155.94385 0.351827
7159.23779 0.336951
7162.53320 0.322566
7165.82812 0.308746
7169.12305 0.295526
7172.41699 0.282905
7175.71191 0.270857
7179.00684 0.259341
7182.30176 0.24831
7185.59814 0.237724
7188.89307 0.227548
7192.18799 0.21776
7195.48291 0.208344
7198.77881 0.199291
7202.07422 0.190596
7205.37012 0.182257
7208.66602 0.17427
7211.96094 0.166631
7215.25684 0.159338
7218.55322 0.152385
7221.84912 0.145764
7225.14502 0.139467
7228.44092 0.13348
7231.73682 0.127791
7235.03418 0.122382
7238.33008 0.117239
7241.62598 0.112347
7244.92285 0.10769
7248.21924 0.103256
7251.51611 0.099029
7254.81299 0.094997
7258.10889 0.091148
7261.40576 0.087468
7264.70410 0.083948
7268.00000 0.080577
7271.29688 0.077348
7274.59521 0.074254
7277.89209 0.07129
7281.18896 0.068454
7284.48682 0.065742
7287.78418 0.063155
7291.08203 0.060691
7294.37891 0.05835
7297.67676 0.056128
7300.97510 0.054024
7304.27295 0.052035
7307.57080 0.050157
7310.86914 0.048385
7314.16699 0.046714
7317.46484 0.045138
7320.76318 0.04365
7324.06201 0.04224
7327.35986 0.040899
7330.65918 0.039617
7333.95703 0.038386
7337.25586 0.037196
7340.55518 0.036043
7343.85400 0.034923
7347.15186 0.033833
7350.45117 0.032772
7353.75000 0.03174
7357.04883 0.030738
7360.34814 0.029766
7363.64697 0.028826
7366.94678 0.027919
7370.24609 0.027045
7373.54590 0.026206
7376.84521 0.025401
7380.14502 0.024632
7383.44482 0.023898
7386.74512 0.023202
7390.04395 0.022542
7393.34424 0.021921
7396.64404 0.021339
7399.94385 0.020794
7403.24512 0.020284
7406.54492 0.019805
7409.84521 0.019353
7413.14600 0.01892
7416.44580 0.018503
7419.74707 0.018097
7423.04688 0.017699
7426.34814 0.017312
7429.64795 0.016935
7432.94922 0.016571
7436.25000 0.016225
7439.55078 0.015899
7442.85205 0.015595
7446.15283 0.015314
7449.45508 0.015055
7452.75586 0.014815
7456.05811 0.01459
7459.35889 0.014374
7462.66016 0.014161
7465.96191 0.013946
7469.26416 0.013724
7472.56494 0.013495
7475.86719 0.013258
7479.16895 0.013015
7482.47119 0.01277
7485.77295 0.012527
7489.07520 0.012293
7492.37695 0.012072
7495.68018 0.011869
7498.98193 0.011688
7502.28516 0.011528
7505.58691 0.011387
7508.89014 0.01126
7512.19189 0.011141
7515.49512 0.011022
7518.79785 0.010895
7522.10107 0.010755
7525.40381 0.0106
7528.70703 0.01043
7532.00977 0.010248
7535.31299 0.010061
7538.61621 0.009874
7541.91992 0.009692
7545.22314 0.009519
7548.52686 0.009354
7551.83105 0.009196
7555.13379 0.009044
7558.43799 0.008894
7561.74219 0.008746
7565.04492 0.008599
7568.35010 0.008455
7571.65283 0.008316
7574.95801 0.008186
7578.26221 0.008069
7581.56592 0.007965
7584.87109 0.007876
7588.17480 0.0078
7591.47900 0.007734
7594.78418 0.007674
7598.08887 0.007615
7601.39404 0.007554
7604.69824 0.007488
7608.00293 0.007415
7611.30811 0.007335
7614.61279 0.007249
7617.91797 0.007157
7621.22314 0.007063
7624.52881 0.006966
7627.83398 0.006869
7631.14014 0.006772
7634.44482 0.006677
7637.75000 0.006585
7641.05615 0.006499
7644.36182 0.00642
7647.66699 0.006347
7650.97314 0.006282
7654.27881 0.006221
7657.58496 0.006164
7660.89209 0.006107
7664.19824 0.006048
7667.50391 0.005986
7670.81006 0.005918
7674.11719 0.005846
7677.42285 0.005769
7680.72998 0.005687
7684.03613 0.005605
7687.34277 0.005523
7690.64990 0.005446
7693.95703 0.005377
7697.26416 0.005319
7700.57080 0.005275
7703.87793 0.005243
7707.18506 0.005224
7710.49219 0.005213
7713.79883 0.005205
7717.10693 0.005195
7720.41504 0.005179
7723.72217 0.005153
7727.02979 0.005114
7730.33691 0.005063
7733.64502 0.005001
7736.95312 0.004931
7740.26123 0.004857
7743.56885 0.004784
7746.87695 0.004715
7750.18506 0.004652
7753.49316 0.004596
7756.80176 0.004548
7760.10986 0.004508
7763.41797 0.004476
7766.72705 0.004453
7770.03613 0.00444
7773.34424 0.004435
7776.65283 0.004437
7779.96191 0.004442
7783.27100 0.004446
7786.58008 0.004445
7789.88916 0.004435
7793.19824 0.004413
7796.50684 0.00438
7799.81592 0.004335
7803.12598 0.004282
7806.43604 0.004223
7809.74512 0.00416
7813.05518 0.004096
7816.36377 0.004031
8598.00000 0.0
