threeML/data/optical_filters/CAHA/CAHA-f_572_21.ecsv
# %ECSV 0.9
# ---
# datatype:
# - {name: wavelength, unit: Angstrom, datatype: float32}
# - {name: response, datatype: float32}
# meta: !!omap
# - {band_name: f_572_21}
# - {group_name: CAHA}
wavelength response
[from data line 805]
5664.16992 0.670272
5664.43018 0.669875
5664.68994 0.665412
5664.95020 0.67036
5665.20996 0.667235
5665.47998 0.669823
5665.74023 0.672098
5666.00000 0.67046
5666.25977 0.669986
5666.52002 0.671657
5666.77979 0.669065
5667.04004 0.67061
5667.29980 0.669948
5667.56006 0.672233
5667.81982 0.67158
5668.08008 0.672088
5668.33984 0.670425
5668.60010 0.669422
5668.85986 0.671196
5669.12988 0.672303
5669.39014 0.675091
5669.64990 0.668344
5669.91016 0.669871
5670.16992 0.669967
5670.43018 0.671487
5670.68994 0.672323
5670.95020 0.672109
5671.20996 0.673874
5671.47021 0.67092
5671.72998 0.6695
5671.99023 0.669863
5672.25000 0.672031
5672.50977 0.670783
5672.77979 0.673788
5673.04004 0.672846
5673.29980 0.669601
5673.56006 0.67284
5673.81982 0.670273
5674.08008 0.670659
5674.33984 0.67124
5674.60010 0.673104
5674.85986 0.672304
5675.12012 0.670643
5675.37988 0.669087
5675.64014 0.668735
5675.89990 0.670622
5676.16016 0.669236
5676.41992 0.671965
5676.68994 0.670972
5676.95020 0.670755
5677.20996 0.670297
5677.47021 0.666867
5677.72998 0.669796
5677.99023 0.671613
5678.25000 0.669453
5678.50977 0.670695
5678.77002 0.668627
5679.02979 0.672129
5679.29004 0.670814
5679.54980 0.66904
5679.81006 0.6648
5680.06982 0.670407
5680.33984 0.667331
5680.60010 0.668548
5680.85986 0.670104
5681.12012 0.670613
5681.37988 0.669046
5681.64014 0.668211
5681.89990 0.667307
5682.16016 0.668769
5682.41992 0.670084
5682.68018 0.667129
5682.93994 0.66877
5683.20020 0.665122
5683.45996 0.665663
5683.72021 0.66856
5683.99023 0.664353
5684.25000 0.666427
5684.50977 0.666207
5684.77002 0.667291
5685.02979 0.667385
5685.29004 0.665248
5685.54980 0.665394
5685.81006 0.667421
5686.06982 0.667176
5686.33008 0.666881
5686.58984 0.667988
5686.85010 0.665386
5687.10986 0.665039
5687.37012 0.669258
5687.64014 0.666806
5687.89990 0.664433
5688.16016 0.66632
5688.41992 0.664849
5688.68018 0.664368
5688.93994 0.665102
5689.20020 0.665038
5689.45996 0.666644
5689.72021 0.665226
5689.97998 0.663844
5690.24023 0.664396
5690.50000 0.66674
5690.75977 0.663482
5691.02002 0.664612
5691.27979 0.663872
5691.54980 0.66294
5691.81006 0.662263
5692.06982 0.664862
5692.33008 0.661357
5692.58984 0.659831
5692.85010 0.665059
5693.10986 0.664131
5693.37012 0.663777
5693.62988 0.664892
5693.89014 0.663836
5694.14990 0.661321
5694.41016 0.660528
5694.66992 0.6593
5694.93018 0.661893
5695.20020 0.66348
5695.45996 0.661055
5695.72021 0.664027
5695.97998 0.6638
5696.24023 0.662622
5696.50000 0.663012
5696.75977 0.659026
5697.02002 0.658643
5697.27979 0.662756
5697.54004 0.66095
5697.79980 0.663842
5698.06006 0.659892
5698.31982 0.65993
5698.58008 0.660657
5698.85010 0.658966
5699.10986 0.661885
5699.37012 0.661865
5699.62988 0.660724
5699.89014 0.658484
5700.14990 0.660123
5700.41016 0.659473
5700.66992 0.659905
5700.93018 0.660454
5701.18994 0.658427
5701.45020 0.658532
5701.70996 0.659312
5701.97021 0.660596
5702.22998 0.657654
5702.50000 0.65937
5702.75977 0.660526
5703.02002 0.659607
5703.27979 0.657518
5703.54004 0.657832
5703.79980 0.659823
5704.06006 0.65716
5704.31982 0.658207
5704.58008 0.657298
5704.83984 0.659286
5705.10010 0.656333
5705.35986 0.65757
5705.62012 0.660426
5705.87988 0.657087
5706.14990 0.657766
5706.41016 0.658436
5706.66992 0.657713
5706.93018 0.658575
5707.18994 0.656683
5707.45020 0.657389
5707.70996 0.657543
5707.97021 0.659253
5708.22998 0.657402
5708.49023 0.658373
5708.75000 0.654555
5709.00977 0.65841
5709.27002 0.658916
5709.52979 0.659029
5709.79004 0.657194
5710.06006 0.658321
5710.31982 0.654526
5710.58008 0.657715
5710.83984 0.65368
5711.10010 0.654089
5711.35986 0.652398
5711.62012 0.654213
5711.87988 0.656179
5712.14014 0.654871
5712.39990 0.653315
5712.66016 0.658256
5712.91992 0.655615
5713.18018 0.656197
5713.43994 0.654695
5713.70996 0.654484
5713.97021 0.656989
5714.22998 0.65357
5714.49023 0.65766
5714.75000 0.653191
5715.00977 0.655716
5715.27002 0.653704
5715.52979 0.655036
5715.79004 0.656577
5716.04980 0.656338
5716.31006 0.654988
5716.56982 0.653591
5716.83008 0.658105
5717.08984 0.656517
5717.35010 0.655337
5717.62012 0.65468
5717.87988 0.654725
5718.14014 0.653525
5718.39990 0.657627
5718.66016 0.654164
5718.91992 0.654533
5719.18018 0.654112
5719.43994 0.652081
5719.70020 0.652252
5719.95996 0.653773
5720.22021 0.651637
5720.47998 0.651328
5720.74023 0.654969
5721.00000 0.654339
5721.27002 0.653207
5721.52979 0.653657
5721.79004 0.653679
5722.04980 0.65293
5722.31006 0.652188
5722.56982 0.650748
5722.83008 0.654415
5723.08984 0.653392
5723.35010 0.651847
5723.60986 0.651494
5723.87012 0.650512
5724.12988 0.655276
5724.39014 0.652304
5724.64990 0.655064
5724.91992 0.652612
5725.18018 0.652618
5725.43994 0.652284
5725.70020 0.653996
5725.95996 0.650158
5726.22021 0.649427
5726.47998 0.651491
5726.74023 0.650626
5727.00000 0.650896
5727.25977 0.651397
5727.52002 0.650126
5727.77979 0.65214
5728.04004 0.651068
5728.29980 0.650352
5728.56006 0.650641
5728.83008 0.651455
5729.08984 0.651805
5729.35010 0.649063
5729.60986 0.649074
5729.87012 0.6509
5730.12988 0.647956
5730.39014 0.649789
5730.64990 0.650132
5730.91016 0.65234
5731.16992 0.647357
5731.43018 0.649916
5731.68994 0.648712
5731.95020 0.647132
5732.20996 0.651027
5732.47998 0.650567
5732.74023 0.646664
5733.00000 0.649067
5733.25977 0.651119
5733.52002 0.649571
5733.77979 0.648386
5734.04004 0.645037
5734.29980 0.65033
5734.56006 0.648909
5734.81982 0.646217
5735.08008 0.647569
5735.33984 0.648056
5735.60010 0.646363
5735.85986 0.645362
5736.12988 0.647058
5736.39014 0.650108
5736.64990 0.648577
5736.91016 0.646834
5737.16992 0.645563
5737.43018 0.648111
5737.68994 0.646869
5737.95020 0.649123
5738.20996 0.646496
5738.47021 0.645019
5738.72998 0.645724
5738.99023 0.647864
5739.25000 0.64655
5739.50977 0.647408
5739.77002 0.648118
5740.04004 0.645621
5740.29980 0.646448
5740.56006 0.642599
5740.81982 0.646072
5741.08008 0.649349
5741.33984 0.644941
5741.60010 0.642562
5741.85986 0.645948
5742.12012 0.643442
5742.37988 0.646001
5742.64014 0.644954
5742.89990 0.644393
5743.16016 0.642683
5743.41992 0.644426
5743.68994 0.646607
5743.95020 0.644646
5744.20996 0.644866
5744.47021 0.644472
5744.72998 0.64452
5744.99023 0.643661
5745.25000 0.644651
5745.50977 0.646055
5745.77002 0.643332
5746.02979 0.641742
5746.29004 0.642241
5746.54980 0.643034
5746.81006 0.639697
5747.06982 0.641052
5747.33984 0.642518
5747.60010 0.643163
5747.85986 0.641973
5748.12012 0.643468
5748.37988 0.638985
5748.64014 0.639055
5748.89990 0.640483
5749.16016 0.641563
5749.41992 0.641077
5749.68018 0.643237
5749.93994 0.640416
5750.20020 0.640865
5750.45996 0.637712
5750.72021 0.636876
5750.99023 0.640789
5751.25000 0.640083
5751.50977 0.63982
5751.77002 0.636424
5752.02979 0.64065
5752.29004 0.638542
5752.54980 0.637939
5752.81006 0.641337
5753.06982 0.639354
5753.33008 0.639912
5753.58984 0.639202
5753.85010 0.63881
5754.10986 0.640514
5754.37012 0.637423
5754.62988 0.639779
5754.89990 0.636047
5755.16016 0.640573
5755.41992 0.63737
5755.68018 0.635572
5755.93994 0.637409
5756.20020 0.63477
5756.45996 0.635643
5756.72021 0.63466
5756.97998 0.637401
5757.24023 0.63708
5757.50000 0.636904
5757.75977 0.634279
5758.02002 0.636236
5758.27979 0.632043
5758.54980 0.635026
5758.81006 0.635594
5759.06982 0.635366
5759.33008 0.63572
5759.58984 0.633171
5759.85010 0.633992
5760.10986 0.634539
5760.37012 0.633752
5760.62988 0.635871
5760.89014 0.631701
5761.14990 0.634178
5761.41016 0.631102
5761.66992 0.631581
5761.93018 0.632157
5762.20020 0.632956
5762.45996 0.631038
5762.72021 0.63292
5762.97998 0.632474
5763.24023 0.632937
5763.50000 0.632355
5763.75977 0.632143
5764.02002 0.631353
5764.27979 0.631702
5764.54004 0.6315
5764.79980 0.632246
5765.06006 0.630931
5765.31982 0.628318
5765.58008 0.629294
5765.85010 0.629155
5766.10986 0.629411
5766.37012 0.626539
5766.62988 0.626155
5766.89014 0.625522
5767.14990 0.628952
5767.41016 0.628295
5767.66992 0.626306
5767.93018 0.629424
5768.18994 0.625113
5768.45020 0.628213
5768.70996 0.626275
5768.97021 0.623634
5769.22998 0.622551
5769.50000 0.62455
5769.75977 0.624366
5770.02002 0.622487
5770.27979 0.622654
5770.54004 0.623536
5770.79980 0.623135
5771.06006 0.623248
5771.31982 0.621395
5771.58008 0.621574
5771.83984 0.621434
5772.10010 0.622645
5772.35986 0.620694
5772.62012 0.622563
5772.87988 0.621021
5773.14014 0.62085
5773.41016 0.620001
5773.66992 0.619949
5773.93018 0.616582
5774.18994 0.620744
5774.45020 0.618724
5774.70996 0.617215
5774.97021 0.617005
5775.22998 0.61596
5775.49023 0.616802
5775.75000 0.616483
5776.00977 0.616932
5776.27002 0.61469
5776.52979 0.614252
5776.79004 0.614778
5777.06006 0.612328
5777.31982 0.614678
5777.58008 0.615413
5777.83984 0.614317
5778.10010 0.614011
5778.35986 0.610665
5778.62012 0.610994
5778.87988 0.609703
5779.14014 0.609409
5779.39990 0.608694
5779.66016 0.609794
5779.91992 0.608285
5780.18018 0.606421
5780.43994 0.610218
5780.70996 0.607195
5780.97021 0.60812
5781.22998 0.604073
5781.49023 0.603074
5781.75000 0.604967
5782.00977 0.603396
5782.27002 0.603148
5782.52979 0.602234
5782.79004 0.601287
5783.04980 0.598935
5783.31006 0.601851
5783.56982 0.599759
5783.83008 0.600982
5784.08984 0.597798
5784.35010 0.597886
5784.62012 0.599044
5784.87988 0.595144
5785.14014 0.594119
5785.39990 0.593003
5785.66016 0.596033
5785.91992 0.592586
5786.18018 0.592009
5786.43994 0.59157
5786.70020 0.591366
5786.95996 0.590409
5787.22021 0.590972
5787.47998 0.587136
5787.74023 0.590386
5788.00000 0.587714
5788.27002 0.58632
5788.52979 0.58734
5788.79004 0.585591
5789.04980 0.583234
5789.31006 0.584949
5789.56982 0.580293
5789.83008 0.58086
5790.08984 0.58016
5790.35010 0.57767
5790.60986 0.580512
5790.87012 0.57747
5791.12988 0.578485
5791.39014 0.57395
5791.64990 0.57434
5791.91992 0.575102
5792.18018 0.573385
5792.43994 0.567515
5792.70020 0.569013
5792.95996 0.56941
5793.22021 0.567675
5793.47998 0.566805
5793.74023 0.565095
5794.00000 0.565253
5794.25977 0.564938
5794.52002 0.563339
5794.77979 0.559984
5795.04004 0.558116
5795.29980 0.559176
5795.56006 0.558498
5795.83008 0.557752
5796.08984 0.554747
5796.35010 0.556661
5796.60986 0.551329
5796.87012 0.551567
5797.12988 0.552858
5797.39014 0.550127
5797.64990 0.547305
5797.91016 0.548369
5798.16992 0.544912
5798.43018 0.543048
5798.68994 0.544934
5798.95020 0.54246
5799.20996 0.540571
5799.47998 0.539217
5799.74023 0.538438
5800.00000 0.535899
5800.25977 0.535398
5800.52002 0.532928
5800.77979 0.53415
5801.04004 0.529909
5801.29980 0.53079
5801.56006 0.527079
5801.81982 0.527361
5802.08008 0.52442
5802.33984 0.522967
5802.60010 0.521871
5802.85986 0.51967
5803.12012 0.519194
5803.39014 0.516791
5803.64990 0.512976
5803.91016 0.516952
5804.16992 0.512267
5804.43018 0.510135
5804.68994 0.507457
5804.95020 0.50726
5805.20996 0.504839
5805.47021 0.5037
5805.72998 0.505145
5805.99023 0.498396
5806.25000 0.498648
5806.50977 0.498084
5806.77002 0.495321
5807.04004 0.495473
5807.29980 0.490238
5807.56006 0.48995
5807.81982 0.4883
5808.08008 0.485226
5808.33984 0.485652
5808.60010 0.481552
5808.85986 0.481214
5809.12012 0.479871
5809.37988 0.476048
5809.64014 0.474452
5809.89990 0.475188
5810.16016 0.471188
5810.41992 0.470016
5810.68994 0.466831
5810.95020 0.466192
5811.20996 0.465673
5811.47021 0.460361
5811.72998 0.457994
5811.99023 0.456776
5812.25000 0.454552
5812.50977 0.454415
5812.77002 0.450551
5813.02979 0.448567
5813.29004 0.446834
5813.54980 0.444387
5813.81006 0.44362
5814.06982 0.444236
5814.33984 0.438732
5814.60010 0.436993
5814.85986 0.43548
5815.12012 0.434669
5815.37988 0.430012
5815.64014 0.431589
5815.89990 0.425198
5816.16016 0.425543
5816.41992 0.422986
5816.68018 0.421303
5816.93994 0.419061
5817.20020 0.416582
5817.45996 0.413083
5817.72021 0.411712
5817.97998 0.411099
5818.25000 0.408012
5818.50977 0.405101
5818.77002 0.405417
5819.02979 0.399442
5819.29004 0.398096
5819.54980 0.398309
5819.81006 0.394917
5820.06982 0.392527
5820.33008 0.389136
5820.58984 0.38801
5820.85010 0.386945
5821.10986 0.380928
5821.37012 0.378487
5821.62988 0.377384
5821.89990 0.376418
5822.16016 0.374484
5822.41992 0.371585
5822.68018 0.37024
5822.93994 0.367466
5823.20020 0.365854
5823.45996 0.36125
5823.72021 0.362152
5823.97998 0.35736
5824.24023 0.355929
5824.50000 0.354364
5824.75977 0.35157
5825.02002 0.350247
5825.27979 0.347715
5825.54980 0.344311
5825.81006 0.341349
5826.06982 0.34108
5826.33008 0.339453
5826.58984 0.334863
5826.85010 0.332248
5827.10986 0.332087
5827.37012 0.329904
5827.62988 0.327918
5827.89014 0.324746
5828.14990 0.322783
5828.41016 0.320006
5828.66992 0.317515
5828.93018 0.313747
5829.20020 0.312812
5829.45996 0.311793
5829.72021 0.30908
5829.97998 0.307432
5830.24023 0.302291
5830.50000 0.301875
5830.75977 0.300551
5831.02002 0.297945
5831.27979 0.29405
5831.54004 0.293896
5831.79980 0.290368
5832.06006 0.288901
5832.31982 0.286461
5832.58008 0.284565
5832.85010 0.281843
5833.10986 0.280685
5833.37012 0.27742
5833.62988 0.27535
5833.89014 0.272472
5834.14990 0.27267
5834.41016 0.269386
5834.66992 0.26713
5834.93018 0.266046
5835.18994 0.262277
5835.45020 0.262066
5835.70996 0.258594
5835.97021 0.256205
5836.22998 0.253242
5836.49023 0.252423
5836.75977 0.24987
5837.02002 0.248964
5837.27979 0.246091
5837.54004 0.24481
5837.79980 0.242203
5838.06006 0.241112
5838.31982 0.238576
5838.58008 0.235151
5838.83984 0.234038
5839.10010 0.230859
5839.35986 0.229173
5839.62012 0.228082
5839.87988 0.226257
5840.14014 0.224435
5840.41016 0.222879
5840.66992 0.221569
5840.93018 0.219174
5841.18994 0.21709
5841.45020 0.216045
5841.70996 0.214282
5841.97021 0.211851
5842.22998 0.210578
5842.49023 0.208674
5842.75000 0.206114
5843.00977 0.204632
5843.27002 0.202209
5843.52979 0.200054
5843.79004 0.199244
5844.06006 0.197108
5844.31982 0.196725
5844.58008 0.193676
5844.83984 0.192074
5845.10010 0.189753
5845.35986 0.189531
5845.62012 0.18821
5845.87988 0.186156
5846.14014 0.183312
5846.39990 0.181533
5846.66016 0.181315
5846.91992 0.178245
5847.18018 0.177216
5847.43994 0.175835
5847.70996 0.174515
5847.97021 0.172496
5848.22998 0.170819
5848.49023 0.169855
5848.75000 0.168209
5849.00977 0.165553
5849.27002 0.165126
5849.52979 0.163733
5849.79004 0.161267
5850.04980 0.161558
5850.31006 0.158386
5850.56982 0.15749
5850.83008 0.155365
5851.08984 0.154361
5851.35010 0.153438
5851.62012 0.15066
5851.87988 0.149455
5852.14014 0.148251
5852.39990 0.147147
5852.66016 0.144974
5852.91992 0.144337
5853.18018 0.142948
5853.43994 0.141409
5853.70020 0.140154
5853.95996 0.138871
5854.22021 0.137913
5854.47998 0.135691
5854.74023 0.135624
5855.00000 0.13327
5855.27002 0.132297
5855.52979 0.130903
5855.79004 0.130966
5856.04980 0.128305
5856.31006 0.127726
5856.56982 0.125997
5856.83008 0.125917
5857.08984 0.124166
5857.35010 0.122879
5857.60986 0.121617
5857.87012 0.12141
5858.12988 0.119333
5858.39014 0.118786
5858.64990 0.117178
5858.91992 0.115715
5859.18018 0.113939
5859.43994 0.114279
5859.70020 0.112706
5859.95996 0.111762
5860.22021 0.10976
5860.47998 0.10946
5860.74023 0.108987
5861.00000 0.108086
5861.25977 0.105564
5861.52002 0.105282
5861.77979 0.104755
5862.04004 0.103121
5862.29980 0.101622
5862.56006 0.101207
5862.83008 0.100059
5863.08984 0.099295
5863.35010 0.098467
5863.60986 0.097225
5863.87012 0.096655
5864.12988 0.095162
5864.39014 0.094276
5864.64990 0.093961
5864.91016 0.092318
5865.16992 0.088747
5865.43018 0.090851
5865.68994 0.089965
5865.95020 0.089807
5866.20996 0.08825
5866.47998 0.087776
5866.74023 0.08754
5867.00000 0.085659
5867.25977 0.085958
5867.52002 0.084822
5867.77979 0.083526
5868.04004 0.082437
5868.29980 0.082107
5868.56006 0.081035
5868.81982 0.080939
5869.08008 0.079497
5869.33984 0.079467
5869.60010 0.07781
5869.85986 0.077919
5870.12012 0.077208
5870.39014 0.075897
5870.64990 0.075234
5870.91016 0.074346
5871.16992 0.074447
5871.43018 0.073274
5871.68994 0.071954
5871.95020 0.070915
5872.20996 0.070414
5872.47021 0.070075
5872.72998 0.070232
5872.99023 0.068471
5873.25000 0.068366
5873.50977 0.067711
