threeML/data/optical_filters/CAHA/CAHA-f_774_13.ecsv
# %ECSV 0.9
# ---
# datatype:
# - {name: wavelength, unit: Angstrom, datatype: float32}
# - {name: response, datatype: float32}
# meta: !!omap
# - {band_name: f_774_13}
# - {group_name: CAHA}
wavelength response
6774.70801 0.0
7527.45312 0.00416
7528.31494 0.004302
7529.17676 0.00441
7530.04004 0.004486
7530.90186 0.004538
7531.76416 0.004573
7532.62598 0.004593
7533.48779 0.00459
7534.35107 0.004558
7535.21289 0.004497
7536.07520 0.004421
7536.93701 0.004351
7537.79883 0.00431
7538.66211 0.004311
7539.52295 0.004353
7540.38623 0.004421
7541.24805 0.004498
7542.10986 0.00457
7542.97217 0.004637
7543.83398 0.004708
7544.69580 0.004793
7545.55811 0.004897
7546.41992 0.005012
7547.28223 0.005124
7548.14404 0.005215
7549.00586 0.005275
7549.86816 0.005301
7550.72998 0.005297
7551.59180 0.005273
7552.45410 0.005242
7553.31494 0.005218
7554.17822 0.005214
7555.04004 0.005237
7555.90088 0.00529
7556.76318 0.005366
7557.62500 0.005452
7558.48682 0.005539
7559.34912 0.005623
7560.20996 0.005707
7561.07178 0.005801
7561.93408 0.005917
7562.79492 0.006067
7563.65723 0.006251
7564.51904 0.006463
7565.37988 0.006686
7566.24219 0.006906
7567.10400 0.007115
7567.96582 0.00731
7568.82715 0.00749
7569.68896 0.00765
7570.54980 0.007789
7571.41211 0.007909
7572.27295 0.008024
7573.13477 0.008154
7573.99707 0.008314
7574.85791 0.008504
7575.72021 0.00871
7576.58105 0.008911
7577.44287 0.00909
7578.30420 0.00924
7579.16602 0.009367
7580.02686 0.009484
7580.88916 0.009604
7581.75000 0.009734
7582.61084 0.009879
7583.47314 0.010039
7584.33398 0.010215
7585.19482 0.010404
7586.05713 0.010608
7586.91797 0.010826
7587.77881 0.011058
7588.64111 0.011306
7589.50195 0.01157
7590.36279 0.011843
7591.22510 0.01211
7592.08594 0.01236
7592.94678 0.012591
7593.80811 0.012818
7594.66895 0.013063
7595.53076 0.013343
7596.39209 0.013663
7597.25293 0.014014
7598.11377 0.014382
7598.97510 0.014758
7599.83594 0.015141
7600.69678 0.01553
7601.55908 0.01592
7602.41895 0.0163
7603.28076 0.016655
7604.14209 0.016978
7605.00195 0.017272
7605.86377 0.017555
7606.72510 0.017856
7607.58496 0.018198
7608.44678 0.0186
7609.30811 0.01906
7610.16797 0.019563
7611.02881 0.02009
7611.89014 0.020621
7612.75098 0.021154
7613.61182 0.021698
7614.47314 0.022272
7615.33398 0.022894
7616.19482 0.023572
7617.05615 0.024305
7617.91699 0.025084
7618.77686 0.025894
7619.63818 0.026725
7620.49902 0.027567
7621.35889 0.028421
7622.22021 0.029294
7623.08105 0.030199
7623.94092 0.031152
7624.80176 0.032163
7625.66309 0.033234
7626.52295 0.034363
7627.38379 0.035545
7628.24512 0.036779
7629.10498 0.03807
7629.96582 0.039433
7630.82715 0.040891
7631.68799 0.042466
7632.54785 0.044173
7633.40820 0.046012
7634.26904 0.047968
7635.12891 0.050019
7635.99023 0.052136
7636.85107 0.054298
7637.71094 0.056496
7638.57080 0.058741
7639.43213 0.061064
7640.29199 0.06351
7641.15283 0.066115
7642.01318 0.068898
7642.87402 0.071859
7643.73389 0.074985
7644.59424 0.078274
7645.45508 0.081743
7646.31494 0.085433
7647.17480 0.089395
7648.03613 0.093673
7648.89600 0.098288
7649.75586 0.103236
7650.61621 0.108501
7651.47705 0.114074
7652.33691 0.119964
7653.19678 0.126202
7654.05713 0.132822
7654.91699 0.139846
7655.77686 0.147272
7656.63818 0.155072
7657.49805 0.16321
7658.35791 0.171672
7659.21777 0.180482
7660.07812 0.189701
7660.93799 0.199398
7661.79785 0.209629
7662.65820 0.220409
7663.51904 0.23171
7664.37793 0.243486
7665.23779 0.255698
7666.09912 0.26835
7666.95801 0.281495
7667.81787 0.295218
7668.67822 0.309587
7669.53809 0.324619
7670.39795 0.340256
7671.25781 0.356389
7672.11816 0.372903
7672.97803 0.389712
7673.83789 0.406768
7674.69824 0.424045
7675.55811 0.441509
7676.41699 0.459106
7677.27686 0.47677
7678.13721 0.494439
7678.99707 0.512058
7679.85596 0.52956
7680.71582 0.546851
7681.57617 0.563797
7682.43604 0.580266
7683.29492 0.596161
7684.15479 0.611447
7685.01514 0.626128
7685.87500 0.640212
7686.73389 0.65367
7687.59424 0.666446
7688.45312 0.678479
7689.31299 0.689747
7690.17188 0.700286
7691.03223 0.710166
7691.89209 0.719474
7692.75098 0.728265
7693.61084 0.736549
7694.47021 0.744294
7695.33008 0.751451
7696.18896 0.757984
7697.04883 0.763908
7697.90820 0.769282
7698.76807 0.774188
7699.62695 0.778681
7700.48584 0.782769
7701.34619 0.786412
7702.20508 0.789576
7703.06396 0.792286
7703.92383 0.794659
7704.78320 0.796873
7705.64307 0.799102
7706.50195 0.80144
7707.36084 0.803876
7708.22119 0.806306
7709.08008 0.80859
7709.93896 0.81061
7710.79785 0.812293
7711.65820 0.813632
7712.51709 0.81468
7713.37598 0.815538
7714.23486 0.816337
7715.09424 0.817204
7715.95410 0.818222
7716.81299 0.819406
7717.67188 0.820688
7718.53076 0.821945
7719.39014 0.823036
7720.24902 0.823853
7721.10791 0.824345
7721.96680 0.824528
7722.82617 0.824469
7723.68604 0.82426
7724.54395 0.824007
7725.40283 0.823817
7726.26221 0.823789
7727.12109 0.824008
7727.97998 0.824512
7728.83887 0.825273
7729.69824 0.82619
7730.55713 0.827117
7731.41602 0.827899
7732.27490 0.828418
7733.13379 0.828614
7733.99316 0.828501
7734.85205 0.828159
7735.70996 0.827712
7736.56885 0.827288
7737.42822 0.826963
7738.28711 0.826735
7739.14600 0.826526
7740.00391 0.826237
7740.86279 0.825784
7741.72217 0.825145
7742.58008 0.824356
7743.43896 0.823495
7744.29785 0.822646
7745.15576 0.82189
7746.01514 0.821269
7746.87402 0.820789
7747.73193 0.820429
7748.59082 0.820149
7749.45020 0.819885
7750.30811 0.819559
7751.16699 0.819082
7752.02490 0.818392
7752.88379 0.817487
7753.74219 0.816444
7754.60107 0.8154
7755.45898 0.814489
7756.31787 0.813794
7757.17578 0.81331
7758.03516 0.812964
7758.89307 0.812652
7759.75098 0.812295
7760.60986 0.811851
7761.46777 0.811306
7762.32715 0.810665
7763.18506 0.809941
7764.04297 0.809154
7764.90186 0.808361
7765.75977 0.807645
7766.61816 0.807101
7767.47705 0.806792
7768.33496 0.806713
7769.19287 0.806778
7770.05078 0.806846
7770.91016 0.806767
7771.76807 0.806427
7772.62598 0.805761
7773.48389 0.804753
7774.34180 0.80342
7775.20117 0.801805
7776.05908 0.799947
7776.91699 0.797884
7777.77490 0.795635
7778.63281 0.793192
7779.49121 0.790522
7780.34912 0.787564
7781.20801 0.784229
7782.06494 0.780416
7782.92285 0.776031
7783.78076 0.770987
7784.63916 0.76523
7785.49805 0.758727
7786.35498 0.75148
7787.21289 0.743518
7788.07080 0.734895
7788.92920 0.725656
7789.78711 0.715811
7790.64502 0.705334
7791.50293 0.69417
7792.36084 0.68226
7793.21924 0.669567
7794.07715 0.65609
7794.93408 0.641861
7795.79199 0.626939
7796.64990 0.611391
7797.50781 0.595282
7798.36523 0.578663
7799.22314 0.561581
7800.08105 0.544107
7800.93799 0.526354
7801.79590 0.508476
7802.65381 0.490631
7803.51221 0.472931
7804.37012 0.455423
7805.22705 0.438093
7806.08496 0.420915
7806.94189 0.403884
7807.79980 0.387048
7808.65820 0.3705
7809.51514 0.354346
7810.37305 0.33867
7811.22998 0.323516
7812.08789 0.308875
7812.94482 0.29472
7813.80322 0.281033
7814.66016 0.267813
7815.51807 0.255088
7816.37500 0.242883
7817.23291 0.231215
7818.08984 0.220086
7818.94824 0.209491
7819.80518 0.199424
7820.66309 0.189881
7821.52002 0.180854
7822.37695 0.172327
7823.23389 0.164279
7824.09180 0.15668
7824.94922 0.149497
7825.80713 0.142694
7826.66406 0.136235
7827.52100 0.13009
7828.37793 0.124241
7829.23486 0.118687
7830.09277 0.113432
7830.95020 0.108469
7831.80713 0.103773
7832.66504 0.099301
7833.52100 0.095022
7834.37891 0.090925
7835.23584 0.087036
7836.09277 0.083402
7836.95020 0.080057
7837.80713 0.077009
7838.66504 0.074225
7839.52100 0.071649
7840.37793 0.06922
7841.23486 0.066895
7842.09277 0.064639
7842.95020 0.062428
7843.80713 0.060236
7844.66406 0.058045
7845.52100 0.055854
7846.37695 0.053695
7847.23389 0.051628
7848.09082 0.049719
7848.94824 0.048018
7849.80518 0.046535
7850.66211 0.045239
7851.51904 0.044073
7852.37598 0.04297
7853.23193 0.041878
7854.08887 0.040768
7854.94580 0.039637
7855.80322 0.038497
7856.66016 0.037361
7857.51709 0.036246
7858.37402 0.035165
7859.22998 0.034135
7860.08691 0.033179
7860.94287 0.032314
7861.79980 0.031544
7862.65723 0.030855
7863.51416 0.030216
7864.37012 0.029595
7865.22705 0.028973
7866.08301 0.028351
7866.93994 0.027741
7867.79688 0.027151
7868.65283 0.026577
7869.50977 0.026004
7870.36719 0.025415
7871.22314 0.024811
7872.08008 0.024206
7872.93604 0.023616
7873.79199 0.023058
7874.64893 0.022535
7875.50488 0.022044
7876.36182 0.021584
7877.21777 0.021156
7878.07520 0.020765
7878.93115 0.020418
7879.78809 0.020112
7880.64404 0.019836
7881.50000 0.019572
7882.35693 0.019296
7883.21289 0.018994
7884.06885 0.018668
7884.92578 0.018339
7885.78223 0.018039
7886.63818 0.017795
7887.49512 0.017618
7888.35107 0.017493
7889.20703 0.01738
7890.06299 0.017231
7890.91895 0.017003
7891.77588 0.016678
7892.63184 0.016269
7893.48779 0.015823
7894.34424 0.015399
7895.20020 0.015047
7896.05713 0.014787
7896.91309 0.014606
7897.76904 0.014465
7898.62500 0.014326
7899.48096 0.014162
7900.33691 0.01397
7901.19287 0.013761
7902.04883 0.013541
7902.90479 0.013314
7903.76123 0.013078
7904.61719 0.012834
7905.47314 0.012596
7906.32910 0.012387
7907.18506 0.012224
7908.04102 0.012113
7908.89600 0.012036
7909.75195 0.011968
7910.60791 0.011882
7911.46387 0.011763
7912.31982 0.011615
7913.17578 0.011453
7914.03223 0.011292
7914.88721 0.011141
7915.74316 0.010999
7916.59912 0.01086
7917.45508 0.010718
7918.31104 0.010576
7919.16602 0.010437
7920.02197 0.010306
7920.87695 0.010184
7921.73291 0.010068
7922.58887 0.00996
7923.44482 0.009865
7924.29980 0.009789
7925.15576 0.009739
7926.01221 0.009706
7926.86719 0.009672
7927.72314 0.009606
7928.57812 0.009482
7929.43408 0.009293
7930.29004 0.009052
7931.14502 0.008793
7932.00000 0.008555
7932.85596 0.008372
7933.71094 0.008263
7934.56689 0.008223
7935.42188 0.008229
7936.27783 0.008243
7937.13281 0.008227
7937.98877 0.008161
7938.84424 0.008043
7939.69922 0.00789
7940.55518 0.007725
7941.41016 0.00756
7942.26611 0.007393
7943.12109 0.007209
7943.97607 0.006997
7944.83203 0.006759
7945.68701 0.006513
7946.54199 0.006287
7947.39697 0.006113
7948.25195 0.006007
7949.10791 0.005972
7949.96289 0.005992
7950.81787 0.006038
7951.67285 0.006079
7952.52783 0.006093
7953.38379 0.006071
7954.23877 0.006025
7955.09424 0.005981
7955.94922 0.005963
7956.80420 0.00599
7957.65918 0.006066
7958.51416 0.006173
7959.36914 0.006286
7960.22412 0.006371
7961.08008 0.006405
7961.93408 0.006378
7962.79004 0.006294
7963.64502 0.006165
7964.49902 0.006001
7965.35400 0.005812
7966.20898 0.005602
7967.06396 0.005382
7967.91895 0.005165
7968.77393 0.004973
7969.62891 0.004826
7970.48291 0.004734
7971.33789 0.004692
7972.19287 0.004673
7973.04785 0.004639
7973.90283 0.004554
7974.75781 0.0044
7975.61182 0.004191
8773.17285 0.0
