threeML/data/optical_filters/CAHA/CAHA-f_658_9.ecsv
# %ECSV 0.9
# ---
# datatype:
# - {name: wavelength, unit: Angstrom, datatype: float32}
# - {name: response, datatype: float32}
# meta: !!omap
# - {band_name: f_658_9}
# - {group_name: CAHA}
wavelength response
5751.37549 0.0
6390.41699 0.004031
6391.28320 0.004079
6392.14697 0.004128
6393.01221 0.004177
6393.87695 0.004226
6394.74219 0.004276
6395.60693 0.004326
6396.47217 0.004376
6397.33594 0.004427
6398.20117 0.004478
6399.06592 0.004529
6399.93115 0.004581
6400.79590 0.004633
6401.66113 0.004685
6402.52588 0.004738
6403.39111 0.004791
6404.25488 0.004844
6405.12012 0.004897
6405.98486 0.004951
6406.85010 0.005006
6407.71484 0.00506
6408.58008 0.005115
6409.44385 0.00517
6410.30908 0.005226
6411.17383 0.005281
6412.03906 0.005337
6412.90381 0.005394
6413.76904 0.005451
6414.63281 0.005508
6415.49805 0.005565
6416.36279 0.005623
6417.22803 0.005681
6418.09277 0.005739
6418.95801 0.005798
6419.82178 0.005857
6420.68701 0.005916
6421.55176 0.005976
6422.41699 0.006036
6423.28223 0.006096
6424.14600 0.006157
6425.01123 0.006218
6425.87598 0.006279
6426.74121 0.00634
6427.60596 0.006402
6428.47119 0.006465
6429.33496 0.006527
6430.20020 0.00659
6431.06494 0.006653
6431.93018 0.006717
6432.79395 0.00678
6433.65918 0.006844
6434.52393 0.006909
6435.38916 0.006974
6436.25391 0.007039
6437.11914 0.007104
6437.98291 0.00717
6438.84814 0.007236
6439.71289 0.007302
6440.57812 0.007369
6441.44287 0.007436
6442.30811 0.007503
6443.17188 0.007571
6444.03711 0.007639
6444.90186 0.007707
6445.76709 0.007776
6446.63086 0.007845
6447.49609 0.007914
6448.36084 0.007983
6449.22607 0.008053
6450.09082 0.008124
6450.95605 0.008194
6451.81982 0.008265
6452.68506 0.008336
6453.54980 0.008408
6454.41504 0.008479
6455.27881 0.008552
6456.14404 0.008624
6457.00879 0.008697
6457.87402 0.00877
6458.73779 0.008843
6459.60303 0.008917
6460.46777 0.008991
6461.33301 0.009066
6462.19824 0.009142
6463.06299 0.00922
6463.92676 0.009301
6464.79199 0.009386
6465.65723 0.009477
6466.52100 0.009576
6467.38623 0.009684
6468.25098 0.0098
6469.11621 0.009923
6469.97998 0.010052
6470.84521 0.010185
6471.70996 0.010321
6472.57520 0.010459
6473.43896 0.010597
6474.30420 0.010736
6475.16895 0.010874
6476.03418 0.011013
6476.89795 0.011152
6477.76318 0.011291
6478.62793 0.011429
6479.49316 0.011568
6480.35693 0.011707
6481.22217 0.011846
6482.08691 0.011985
6482.95215 0.012123
6483.81592 0.012262
6484.68115 0.012401
6485.54590 0.01254
6486.41113 0.012679
6487.27490 0.012818
6488.14014 0.012959
6489.00488 0.013105
6489.87012 0.01326
6490.73389 0.013436
6491.59912 0.013649
6492.46387 0.013921
6493.32910 0.014274
6494.19287 0.014727
6495.05811 0.01529
6495.92285 0.015963
6496.78809 0.016737
6497.65186 0.017605
6498.51709 0.018554
6499.38184 0.019567
6500.24707 0.020626
6501.11084 0.021721
6501.97607 0.022857
6502.84082 0.024069
6503.70605 0.02541
6504.56982 0.026937
6505.43506 0.028693
6506.29980 0.030697
6507.16504 0.032959
6508.02881 0.035495
6508.89404 0.038336
6509.75781 0.041525
6510.62305 0.045112
6511.48779 0.049144
6512.35303 0.053667
6513.21680 0.058727
6514.08203 0.064374
6514.94678 0.07066
6515.81201 0.07764
6516.67578 0.085369
6517.54102 0.093915
6518.40576 0.103365
6519.27100 0.113817
6520.13477 0.125387
6521.00000 0.138199
6521.86377 0.152377
6522.72900 0.16803
6523.59424 0.185229
6524.45801 0.203996
6525.32324 0.224298
6526.18799 0.246056
6527.05322 0.269157
6527.91699 0.293466
6528.78223 0.318813
6529.64697 0.344989
6530.51123 0.371725
6531.37598 0.398684
6532.24121 0.425459
6533.10498 0.451603
6533.97021 0.476669
6534.83496 0.500273
6535.70020 0.522126
6536.56396 0.54204
6537.42920 0.559922
6538.29297 0.575766
6539.15820 0.589636
6540.02295 0.601653
6540.88818 0.611957
6541.75195 0.620684
6542.61719 0.627947
6543.48193 0.633858
6544.34619 0.63854
6545.21094 0.642118
6546.07617 0.644717
6546.93994 0.646435
6547.80518 0.647352
6548.66992 0.647554
6549.53418 0.647164
6550.39893 0.64635
6551.26416 0.645296
6552.12793 0.644158
6552.99316 0.643027
6553.85791 0.641934
6554.72217 0.640886
6555.58691 0.639922
6556.45215 0.639113
6557.31592 0.638549
6558.18115 0.638286
6559.04590 0.638331
6559.91016 0.638636
6560.77490 0.639125
6561.64014 0.639719
6562.50391 0.640338
6563.36914 0.640911
6564.23389 0.64138
6565.09814 0.64171
6565.96289 0.641897
6566.82812 0.641971
6567.69189 0.64198
6568.55713 0.641976
6569.42090 0.641994
6570.28613 0.642053
6571.15088 0.64216
6572.01611 0.642315
6572.87988 0.642532
6573.74512 0.642838
6574.60889 0.643271
6575.47412 0.643869
6576.33887 0.64464
6577.20312 0.645552
6578.06787 0.64653
6578.93311 0.647471
6579.79688 0.64828
6580.66211 0.6489
6581.52588 0.649362
6582.39111 0.649769
6583.25586 0.65027
6584.12012 0.650973
6584.98486 0.651895
6585.85010 0.652942
6586.71387 0.653965
6587.57910 0.654841
6588.44287 0.655544
6589.30811 0.65615
6590.17285 0.6568
6591.03711 0.657632
6591.90186 0.658698
6592.76709 0.659944
6593.63086 0.661227
6594.49609 0.662371
6595.35986 0.663225
6596.22510 0.663694
6597.08984 0.66374
6597.95410 0.663368
6598.81885 0.662602
6599.68408 0.661477
6600.54785 0.660011
6601.41309 0.658198
6602.27686 0.655995
6603.14209 0.653328
6604.00586 0.650093
6604.87109 0.646169
6605.73584 0.641421
6606.60010 0.63572
6607.46484 0.628945
6608.33008 0.620992
6609.19385 0.61175
6610.05908 0.601086
6610.92285 0.588843
6611.78809 0.574876
6612.65186 0.559099
6613.51709 0.541535
6614.38184 0.522324
6615.24609 0.501688
6616.11084 0.47988
6616.97607 0.457149
6617.83984 0.433736
6618.70508 0.409873
6619.56885 0.385801
6620.43408 0.361756
6621.29785 0.337966
6622.16309 0.314645
6623.02686 0.291984
6623.89209 0.270147
6624.75684 0.249265
6625.62109 0.229431
6626.48584 0.210716
6627.35107 0.193171
6628.21484 0.176841
6629.08008 0.161746
6629.94385 0.147874
6630.80908 0.135173
6631.67285 0.123562
6632.53809 0.112951
6633.40186 0.103257
6634.26709 0.094412
6635.13184 0.086371
6635.99609 0.079102
6636.86084 0.072574
6637.72510 0.066742
6638.58984 0.061536
6639.45508 0.056866
6640.31885 0.052631
6641.18408 0.048744
6642.04785 0.045145
6642.91309 0.041795
6643.77686 0.038677
6644.64209 0.03578
6645.50586 0.033097
6646.37109 0.030628
6647.23486 0.028378
6648.10010 0.026352
6648.96387 0.024546
6649.82910 0.022936
6650.69385 0.02149
6651.55811 0.020177
6652.42285 0.018977
6653.28711 0.017886
6654.15186 0.016907
6655.01611 0.016042
6655.88086 0.015291
6656.74609 0.01465
6657.60986 0.014107
6658.47510 0.013645
6659.33887 0.013236
6660.20410 0.012848
6661.06787 0.012449
6661.93311 0.012013
6662.79688 0.01153
6663.66211 0.011007
6664.52588 0.01047
6665.39111 0.009954
6666.25488 0.009493
6667.12012 0.009112
6667.98389 0.008813
6668.84912 0.008585
6669.71289 0.008402
6670.57812 0.008237
6671.44189 0.008074
6672.30713 0.007908
6673.17090 0.007743
6674.03613 0.007587
6674.89990 0.00744
6675.76514 0.0073
6676.62891 0.007163
6677.49414 0.007027
6678.35889 0.006892
6679.22314 0.006753
6680.08789 0.0066
6680.95215 0.00642
6681.81689 0.006215
6682.68115 0.006001
6683.54590 0.005805
6684.41016 0.005656
6685.27490 0.005566
6686.13916 0.005528
6687.00391 0.005522
6687.86816 0.005524
6688.73291 0.005511
6689.59717 0.00547
6690.46191 0.005394
6691.32617 0.005293
6692.19092 0.005185
6693.05518 0.005093
6693.91992 0.005039
6694.78418 0.005031
6695.64893 0.005063
6696.51318 0.00512
6697.37793 0.005188
6698.24219 0.005252
6699.10693 0.005303
6699.97119 0.00533
6700.83496 0.005319
6701.70020 0.005257
6702.56396 0.00514
6703.42920 0.004977
6704.29297 0.004789
6705.15820 0.004604
6706.02197 0.004451
6706.88721 0.004353
6707.75098 0.00432
6708.61621 0.004344
6709.47998 0.004403
6710.34521 0.004465
6711.20898 0.004499
6712.07422 0.004488
6712.93799 0.004432
6713.80322 0.004346
6714.66699 0.004256
6715.53223 0.004184
6716.39600 0.00414
6717.26123 0.004121
6718.12500 0.00411
6718.99023 0.004085
6719.85400 0.00403
7391.83936 0.0
