threeML/data/optical_filters/CAHA/CAHA-f_449_75.ecsv
# %ECSV 0.9
# ---
# datatype:
# - {name: wavelength, unit: Angstrom, datatype: float32}
# - {name: response, datatype: float32}
# meta: !!omap
# - {band_name: f_449_75}
# - {group_name: CAHA}
wavelength response
3378.25439 0.0
3753.61597 0.004449
3756.86011 0.00548
3760.10400 0.006706
3763.34790 0.008075
3766.59204 0.009506
3769.83594 0.010892
3773.08105 0.01214
3776.32495 0.01318
3779.56909 0.013992
3782.81396 0.014596
3786.05811 0.01506
3789.30200 0.015474
3792.54712 0.015917
3795.79102 0.016448
3799.03589 0.017099
3802.28003 0.017861
3805.52490 0.018715
3808.77002 0.019635
3812.01392 0.020598
3815.25903 0.021598
3818.50293 0.022638
3821.74805 0.023732
3824.99292 0.024897
3828.23804 0.026157
3831.48193 0.027511
3834.72705 0.028953
3837.97192 0.030448
3841.21704 0.031953
3844.46191 0.033386
3847.70703 0.034668
3850.95190 0.035709
3854.19702 0.036445
3857.44189 0.036872
3860.68701 0.037028
3863.93188 0.037037
3867.17700 0.03706
3870.42310 0.037284
3873.66797 0.037872
3876.91309 0.038956
3880.15796 0.04061
3883.40405 0.042837
3886.64893 0.045588
3889.89404 0.048757
3893.13989 0.052221
3896.38501 0.055843
3899.62988 0.059487
3902.87598 0.063056
3906.12109 0.066467
3909.36694 0.069666
3912.61304 0.07262
3915.85791 0.075315
3919.10400 0.077742
3922.35010 0.079915
3925.59497 0.081866
3928.84106 0.083652
3932.08691 0.085374
3935.33301 0.087152
3938.57788 0.089123
3941.82397 0.091405
3945.07007 0.094094
3948.31592 0.097206
3951.56201 0.100715
3954.80811 0.104521
3958.05396 0.108489
3961.30005 0.112482
3964.54590 0.11637
3967.79199 0.120067
3971.03906 0.123532
3974.28491 0.126767
3977.53101 0.129805
3980.77710 0.132698
3984.02393 0.135512
3987.27002 0.138308
3990.51611 0.141154
3993.76294 0.144095
3997.00903 0.147156
4000.25610 0.15034
4003.50195 0.153619
4006.74902 0.156945
4009.99512 0.160242
4013.24194 0.163449
4016.48901 0.166506
4019.73511 0.169399
4022.98193 0.172158
4026.22900 0.174883
4029.47510 0.177698
4032.72192 0.180748
4035.96899 0.184161
4039.21606 0.188003
4042.46289 0.192273
4045.70996 0.196882
4048.95703 0.201679
4052.20410 0.206474
4055.45093 0.211078
4058.69800 0.21533
4061.94507 0.219119
4065.19189 0.222398
4068.43896 0.225188
4071.68701 0.227548
4074.93408 0.229588
4078.18091 0.231429
4081.42798 0.233183
4084.67603 0.234953
4087.92310 0.236807
4091.17090 0.238776
4094.41797 0.240861
4097.66602 0.243037
4100.91309 0.245271
4104.16113 0.24753
4107.40820 0.249809
4110.65576 0.252142
4113.90381 0.254578
4117.15088 0.257186
4120.39893 0.260027
4123.64697 0.263123
4126.89502 0.266443
4130.14307 0.269924
4133.39014 0.273457
4136.63818 0.276942
4139.88623 0.280304
4143.13379 0.283514
4146.38184 0.2866
4149.62988 0.289619
4152.87793 0.29265
4156.12598 0.295756
4159.37500 0.298984
4162.62305 0.302343
4165.87109 0.30581
4169.12012 0.30934
4172.36816 0.312886
4175.61621 0.316399
4178.86523 0.31984
4182.11279 0.323194
4185.36182 0.326446
4188.60986 0.329601
4191.85791 0.332659
4195.10693 0.335619
4198.35596 0.338466
4201.60400 0.341177
4204.85303 0.343732
4208.10205 0.346109
4211.35107 0.348304
4214.60010 0.35034
4217.84814 0.352266
4221.09717 0.35415
4224.34619 0.356077
4227.59521 0.358117
4230.84424 0.360318
4234.09277 0.362692
4237.34180 0.365213
4240.59082 0.367816
4243.83984 0.370412
4247.08984 0.372915
4250.33887 0.375254
4253.58789 0.377385
4256.83691 0.379319
4260.08691 0.381085
4263.33594 0.38276
4266.58496 0.384424
4269.83496 0.386155
4273.08398 0.388008
4276.33398 0.39
4279.58301 0.392125
4282.83301 0.394338
4286.08301 0.396597
4289.33301 0.39884
4292.58203 0.401041
4295.83203 0.403181
4299.08203 0.40526
4302.33203 0.407286
4305.58203 0.409268
4308.83105 0.411216
4312.08105 0.413132
4315.33105 0.415017
4318.58105 0.41686
4321.83203 0.418649
4325.08203 0.420353
4328.33203 0.421939
4331.58203 0.423366
4334.83203 0.424602
4338.08203 0.42563
4341.33301 0.426469
4344.58301 0.427163
4347.83301 0.427779
4351.08301 0.428383
4354.33398 0.42904
4357.58398 0.429777
4360.83496 0.430603
4364.08594 0.431492
4367.33594 0.432422
4370.58691 0.433378
4373.83789 0.434361
4377.08789 0.435406
4380.33887 0.43656
4383.58984 0.437888
4386.84082 0.439444
4390.09180 0.441279
4393.34277 0.443414
4396.59424 0.445853
4399.84521 0.448585
4403.09619 0.451573
4406.34717 0.454766
4409.59814 0.458104
4412.84912 0.461524
4416.10107 0.464963
4419.35205 0.468372
4422.60303 0.471714
4425.85400 0.474961
4429.10596 0.4781
4432.35693 0.481114
4435.60889 0.483995
4438.85986 0.486736
4442.11182 0.489325
4445.36279 0.491757
4448.61523 0.49403
4451.86719 0.49614
4455.11816 0.498086
4458.37012 0.499868
4461.62207 0.50149
4464.87402 0.502962
4468.12500 0.504286
4471.37695 0.505478
4474.62891 0.506546
4477.88086 0.507496
4481.13379 0.508333
4484.38623 0.509057
4487.63818 0.509668
4490.89014 0.51017
4494.14209 0.510573
4497.39502 0.510901
4500.64697 0.511177
4503.89893 0.511438
4507.15088 0.511717
4510.40381 0.512038
4513.65576 0.512408
4516.90918 0.512816
4520.16211 0.513236
4523.41406 0.513632
4526.66699 0.513973
4529.91895 0.514241
4533.17188 0.514436
4536.42480 0.514576
4539.67822 0.51469
4542.93115 0.514817
4546.18408 0.514976
4549.43701 0.515174
4552.68896 0.515397
4555.94189 0.515599
4559.19482 0.515732
4562.44922 0.51573
4565.70215 0.515545
4568.95508 0.515143
4572.20801 0.514505
4575.46094 0.513642
4578.71484 0.512571
4581.96777 0.51133
4585.22217 0.509957
4588.47510 0.508496
4591.72900 0.506987
4594.98193 0.50547
4598.23584 0.503981
4601.48877 0.502559
4604.74316 0.501227
4607.99707 0.500001
4611.25000 0.498886
4614.50391 0.49788
4617.75781 0.496958
4621.01221 0.496085
4624.26611 0.495216
4627.52002 0.4943
4630.77393 0.493277
4634.02783 0.492099
4637.28223 0.490721
4640.53711 0.489103
4643.79102 0.487221
4647.04492 0.485067
4650.29883 0.482646
4653.55420 0.479981
4656.80811 0.477118
4660.06299 0.474117
4663.31689 0.471052
4666.57080 0.468001
4669.82617 0.465039
4673.08105 0.462216
4676.33496 0.459549
4679.58984 0.457023
4682.84521 0.454586
4686.10010 0.452174
4689.35400 0.449715
4692.60889 0.447166
4695.86377 0.4445
4699.11914 0.441726
4702.37500 0.438871
4705.62891 0.435977
4708.88379 0.433073
4712.14014 0.430173
4715.39502 0.427262
4718.64990 0.424306
4721.90479 0.421255
4725.16113 0.418055
4728.41602 0.414664
4731.67188 0.411071
4734.92676 0.407282
4738.18311 0.403335
4741.43799 0.399283
4744.69385 0.395181
4747.95020 0.391081
4751.20508 0.387019
4754.46094 0.383018
4757.71680 0.379082
4760.97314 0.375207
4764.22900 0.371383
4767.48389 0.367596
4770.74121 0.363835
4773.99707 0.360089
4777.25195 0.35635
4780.50879 0.352607
4783.76514 0.348855
4787.02100 0.345085
4790.27686 0.341292
4793.53418 0.337475
4796.79004 0.333641
4800.04688 0.329798
4803.30322 0.325965
4806.56006 0.322156
4809.81592 0.318391
4813.07324 0.314682
4816.33008 0.311038
4819.58594 0.307457
4822.84277 0.303936
4826.10010 0.300461
4829.35596 0.297018
4832.61279 0.2936
4835.87109 0.2902
4839.12695 0.286816
4842.38379 0.283447
4845.64209 0.280095
4848.89893 0.276752
4852.15576 0.273416
4855.41309 0.270084
4858.66992 0.266757
4861.92822 0.263445
4865.18506 0.260161
4868.44287 0.25692
4871.70020 0.253734
4874.95801 0.25061
4878.21484 0.247546
4881.47314 0.24453
4884.72998 0.241545
4887.98779 0.238569
4891.24609 0.23558
4894.50391 0.232554
4897.76221 0.229474
4901.02002 0.226332
4904.27783 0.22313
4907.53613 0.219885
4910.79297 0.216623
4914.05176 0.213386
4917.31006 0.210215
4920.56787 0.207156
4923.82715 0.204244
4927.08496 0.201502
4930.34277 0.198936
4933.60205 0.196524
4936.85986 0.194233
4940.11914 0.192014
4943.37695 0.189817
4946.63623 0.187599
4949.89502 0.18534
4953.15283 0.183035
4956.41211 0.180698
4959.66992 0.178359
4962.93018 0.176042
4966.18799 0.173768
4969.44678 0.17154
4972.70703 0.169348
4975.96484 0.167162
4979.22510 0.164951
4982.48389 0.162686
4985.74316 0.160347
4989.00195 0.157929
4992.26221 0.155445
4995.52100 0.152919
4998.77979 0.150381
5002.04004 0.147861
5005.29883 0.145378
5008.55908 0.142941
5011.81787 0.140542
5015.07812 0.138164
5018.33789 0.135779
5021.59814 0.133357
5024.85693 0.130875
5028.11719 0.128316
5031.37695 0.125676
5034.63721 0.122967
5037.89697 0.120209
5041.15723 0.11743
5044.41699 0.11466
5047.67822 0.111932
5050.93799 0.10927
5054.19824 0.106697
5057.45801 0.104222
5060.71924 0.101853
5063.97900 0.099585
5067.24023 0.097407
5070.50000 0.095305
5073.76123 0.093262
5077.02100 0.091263
5080.28223 0.089294
5083.54297 0.087348
5086.80420 0.085424
5090.06494 0.083523
5093.32617 0.081649
5096.58691 0.079807
5099.84814 0.078004
5103.10889 0.076245
5106.37012 0.074534
5109.63086 0.072872
5112.89209 0.071262
5116.15381 0.0697
5119.41504 0.068183
5122.67578 0.066704
5125.93799 0.065258
5129.19922 0.063837
5132.46094 0.062436
5135.72314 0.061051
5138.98389 0.059677
5142.24609 0.058314
5145.50781 0.05696
5148.77002 0.055619
5152.03076 0.054295
5155.29297 0.052995
5158.55518 0.051723
5161.81689 0.050479
5165.07910 0.049263
5168.34082 0.048067
5171.60400 0.046885
5174.86621 0.045707
5178.12793 0.044529
5181.39111 0.04335
5184.65283 0.042172
5187.91602 0.041002
5191.17822 0.039846
5194.43994 0.038706
5197.70312 0.037583
5200.96582 0.036473
5204.22900 0.035375
5207.49121 0.034286
5210.75391 0.033205
5214.01709 0.032136
5217.27979 0.031088
5220.54297 0.030068
5223.80615 0.029087
5227.06885 0.028149
5230.33301 0.02726
5233.59619 0.026418
5236.85889 0.025621
5240.12207 0.024863
5243.38477 0.024136
5246.64893 0.023433
5249.91309 0.022745
5253.17578 0.022066
5256.43896 0.021396
5259.70312 0.020734
5262.96680 0.020083
5266.23096 0.019448
5269.49512 0.018831
5272.75781 0.018237
5276.02197 0.017669
5279.28711 0.017125
5282.54980 0.016605
5285.81396 0.016107
5289.07910 0.015631
5292.34277 0.015179
5295.60693 0.014757
5298.87207 0.01437
5302.13623 0.014023
5305.39990 0.013716
5308.66504 0.013445
5311.92920 0.0132
5315.19385 0.012969
5318.45801 0.01274
5321.72412 0.012505
5324.98779 0.01226
5328.25293 0.012005
5331.51807 0.011746
5334.78320 0.011484
5338.04785 0.011224
5341.31299 0.010968
5344.57812 0.010722
5347.84277 0.010488
5351.10791 0.010271
5354.37402 0.010074
5357.63916 0.009897
5360.90479 0.00974
5364.16992 0.009602
5367.43604 0.009479
5370.70117 0.009371
5373.96680 0.009277
5377.23193 0.009198
5380.49805 0.009135
5383.76416 0.009087
5387.02979 0.009051
5390.29590 0.009022
5393.56201 0.008993
5396.82812 0.008956
5400.09424 0.008907
5403.35986 0.008844
5406.62598 0.008767
5409.89307 0.008677
5413.15918 0.008579
5416.42480 0.008474
5419.69092 0.008365
5422.95801 0.008255
5426.22510 0.008147
5429.49121 0.008046
5432.75781 0.007959
5436.02490 0.007896
5439.29199 0.007865
5442.55908 0.007874
5445.82520 0.007926
5449.09180 0.008021
5452.35889 0.008154
5455.62598 0.008318
5458.89404 0.008503
5462.16113 0.0087
5465.42822 0.0089
5468.69482 0.009097
5471.96191 0.009283
5475.22998 0.009455
5478.49805 0.00961
5481.76514 0.009747
5485.03320 0.009864
5488.29980 0.009961
5491.56787 0.010037
5494.83594 0.010093
5498.10400 0.010129
5501.37207 0.01015
5504.64014 0.010162
5507.90820 0.010175
5511.17578 0.010201
5514.44385 0.010248
5517.71191 0.010329
5520.97998 0.010449
5524.24902 0.010613
5527.51709 0.010821
5530.78613 0.011068
5534.05420 0.011348
5537.32324 0.011649
5540.59082 0.011959
5543.85986 0.012263
5547.12793 0.012547
5550.39697 0.012799
5553.66699 0.013009
5556.93506 0.01317
5560.20410 0.013284
5563.47314 0.013353
5566.74219 0.013389
5570.01221 0.013407
5573.28076 0.013424
5576.54980 0.013455
5579.81885 0.013511
5583.08887 0.013598
5586.35791 0.013713
5589.62793 0.013846
5592.89697 0.013983
5596.16699 0.014107
5599.43701 0.014204
5602.70703 0.014263
5605.97705 0.014276
5609.24609 0.014241
5612.51611 0.014158
5615.78711 0.014034
5619.05713 0.013874
5622.32715 0.013692
5625.59717 0.013499
5628.86719 0.013309
5632.13721 0.013133
5635.40820 0.012977
5638.67822 0.012842
5641.94922 0.012725
5645.21924 0.012617
5648.49023 0.012507
5651.76123 0.012384
5655.03076 0.01224
5658.30176 0.012067
5661.57324 0.011861
5664.84424 0.011625
5668.11523 0.01136
5671.38623 0.011074
5674.65723 0.010772
5677.92920 0.010463
5681.20020 0.010152
5684.47119 0.009846
5687.74316 0.009549
5691.01416 0.009266
5694.28613 0.009
5697.55713 0.008754
5700.82910 0.008526
5704.10107 0.008311
5707.37207 0.008101
5710.64404 0.007887
5713.91602 0.00766
5717.18799 0.007412
5720.45996 0.007142
5723.73193 0.00685
5727.00391 0.00654
5730.27588 0.006219
5733.54785 0.005895
5736.82080 0.005574
5740.09277 0.005261
5743.36621 0.004961
5746.63818 0.004677
5749.91113 0.004412
5753.18408 0.004169
6328.50244 0.0
