threeML/data/optical_filters/CAHA/CAHA-f_463_21.ecsv
# %ECSV 0.9
# ---
# datatype:
# - {name: wavelength, unit: Angstrom, datatype: float32}
# - {name: response, datatype: float32}
# meta: !!omap
# - {band_name: f_463_21}
# - {group_name: CAHA}
wavelength response
3803.45679 0.0
4226.06299 0.004116
4231.14209 0.004303
4236.22217 0.004495
4241.30176 0.00469
4246.38184 0.004889
4251.46191 0.005091
4256.54199 0.005297
4261.62402 0.005508
4266.70508 0.006208
4271.78613 0.006335
4276.86719 0.006533
4281.94922 0.006804
4287.02979 0.007144
4292.11182 0.00754
4297.19482 0.007976
4302.27686 0.00844
4307.35986 0.008921
4312.44287 0.00941
4317.52588 0.009903
4322.60889 0.010398
4327.69287 0.0109
4332.77686 0.011418
4337.86084 0.011963
4342.94482 0.012552
4348.02979 0.013197
4353.11523 0.013907
4358.20020 0.014685
4363.28516 0.015529
4368.37012 0.01644
4373.45605 0.017433
4378.54199 0.018534
4383.62695 0.01978
4388.71387 0.021202
4393.79980 0.022825
4398.88721 0.024659
4403.97412 0.026705
4409.06104 0.028965
4414.14795 0.031441
4419.23584 0.034145
4424.32422 0.037104
4429.41211 0.040366
4434.50000 0.044009
4439.58789 0.04813
4444.67676 0.052839
4449.76611 0.058251
4454.85498 0.064475
4459.94385 0.071624
4465.03418 0.079808
4470.12402 0.089141
4475.21289 0.099731
4480.30420 0.111684
4485.39404 0.125121
4490.48486 0.140174
4495.57617 0.156996
4500.66699 0.175733
4505.75781 0.196489
4510.85010 0.219286
4515.94092 0.24405
4521.03320 0.270589
4526.12500 0.298608
4531.21777 0.327707
4536.31104 0.357396
4541.40283 0.387099
4546.49707 0.416172
4551.58984 0.44392
4556.68311 0.469652
4561.77686 0.492741
4566.87109 0.512717
4571.96484 0.529332
4577.06006 0.542576
4582.15381 0.552649
4587.24902 0.55988
4592.34424 0.564654
4597.43896 0.567352
4602.53516 0.568321
4607.62988 0.567874
4612.72607 0.5663
4617.82178 0.563877
4622.91895 0.56088
4628.01514 0.557563
4633.11182 0.554131
4638.20898 0.550709
4643.30615 0.547329
4648.40381 0.543919
4653.50098 0.540306
4658.60010 0.536221
4663.69824 0.531312
4668.79590 0.525183
4673.89502 0.517456
4678.99316 0.507837
4684.09180 0.496161
4689.19092 0.482395
4694.29102 0.466617
4699.39111 0.448959
4704.49023 0.429569
4709.58984 0.408602
4714.69092 0.386233
4719.79199 0.36269
4724.89209 0.33829
4729.99316 0.313432
4735.09424 0.288576
4740.19580 0.264192
4745.29688 0.240705
4750.39893 0.218448
4755.50098 0.197646
4760.60400 0.178422
4765.70605 0.160818
4770.80908 0.14482
4775.91211 0.130371
4781.01514 0.117383
4786.11816 0.105744
4791.22217 0.095335
4796.32617 0.08604
4801.43018 0.077759
4806.53418 0.070401
4811.63916 0.063885
4816.74316 0.058127
4821.84814 0.053043
4826.95312 0.048544
4832.05908 0.044544
4837.16406 0.040964
4842.27002 0.037737
4847.37598 0.034811
4852.48193 0.032148
4857.58887 0.029721
4862.69580 0.027508
4867.80176 0.025483
4872.91016 0.023619
4878.01709 0.021895
4883.12500 0.020296
4888.23193 0.018816
4893.33984 0.017454
4898.44922 0.01621
4903.55713 0.015083
4908.66602 0.014068
4913.77393 0.013159
4918.88379 0.012348
4923.99316 0.011629
4929.10303 0.010992
4934.21191 0.010424
4939.32178 0.009908
4944.43311 0.009422
4949.54297 0.008951
4954.65283 0.008484
4959.76416 0.008022
4964.87500 0.00757
4969.98682 0.007136
4975.09814 0.006725
4980.20996 0.00634
4985.32178 0.005985
4990.43408 0.005667
4995.54688 0.005387
5000.65918 0.005146
5005.77197 0.004936
5010.88477 0.004747
5015.99902 0.004564
5021.11182 0.00438
5026.22607 0.004193
5031.33984 0.004007
5534.47363 0.0
