threeML/data/optical_filters/CAHA/CAHA-f_590_13.ecsv
# %ECSV 0.9
# ---
# datatype:
# - {name: wavelength, unit: Angstrom, datatype: float32}
# - {name: response, datatype: float32}
# meta: !!omap
# - {band_name: f_590_13}
# - {group_name: CAHA}
wavelength response
5158.98877 0.0
5732.20996 0.004068
5732.47998 0.003967
5732.74023 0.003927
5733.00000 0.003809
5733.25977 0.003821
5733.52002 0.004099
5733.77979 0.003927
5734.04004 0.004011
5734.29980 0.004174
5734.56006 0.004066
5734.81982 0.004221
5735.08008 0.004201
5735.33984 0.004453
5735.60010 0.004236
5735.85986 0.004113
5736.12988 0.004329
5736.39014 0.004399
5736.64990 0.004477
5736.91016 0.004408
5737.16992 0.004401
5737.43018 0.004405
5737.68994 0.004391
5737.95020 0.00454
5738.20996 0.004571
5738.47021 0.004492
5738.72998 0.004637
5738.99023 0.004437
5739.25000 0.004644
5739.50977 0.004765
5739.77002 0.004784
5740.04004 0.004606
5740.29980 0.00485
5740.56006 0.005154
5740.81982 0.004984
5741.08008 0.005064
5741.33984 0.005046
5741.60010 0.005033
5741.85986 0.005242
5742.12012 0.005109
5742.37988 0.005037
5742.64014 0.005186
5742.89990 0.005265
5743.16016 0.005281
5743.41992 0.005311
5743.68994 0.005479
5743.95020 0.005353
5744.20996 0.005536
5744.47021 0.005529
5744.72998 0.005534
5744.99023 0.005667
5745.25000 0.005501
5745.50977 0.005715
5745.77002 0.005667
5746.02979 0.005616
5746.29004 0.00577
5746.54980 0.005819
5746.81006 0.005914
5747.06982 0.006026
5747.33984 0.006223
5747.60010 0.006348
5747.85986 0.006042
5748.12012 0.00611
5748.37988 0.006216
5748.64014 0.006405
5748.89990 0.006243
5749.16016 0.006483
5749.41992 0.006232
5749.68018 0.00652
5749.93994 0.00654
5750.20020 0.006573
5750.45996 0.006534
5750.72021 0.006682
5750.99023 0.006663
5751.25000 0.007018
5751.50977 0.006935
5751.77002 0.00664
5752.02979 0.007028
5752.29004 0.007053
5752.54980 0.007213
5752.81006 0.007504
5753.06982 0.007382
5753.33008 0.007518
5753.58984 0.00735
5753.85010 0.007512
5754.10986 0.00737
5754.37012 0.007629
5754.62988 0.007423
5754.89990 0.007864
5755.16016 0.007868
5755.41992 0.008185
5755.68018 0.008128
5755.93994 0.008111
5756.20020 0.007922
5756.45996 0.008311
5756.72021 0.008273
5756.97998 0.008333
5757.24023 0.008491
5757.50000 0.008474
5757.75977 0.008805
5758.02002 0.008638
5758.27979 0.008674
5758.54980 0.009082
5758.81006 0.00918
5759.06982 0.009105
5759.33008 0.009127
5759.58984 0.009181
5759.85010 0.009617
5760.10986 0.009698
5760.37012 0.009406
5760.62988 0.009439
5760.89014 0.009658
5761.14990 0.009651
5761.41016 0.010084
5761.66992 0.010076
5761.93018 0.010048
5762.20020 0.010515
5762.45996 0.010328
5762.72021 0.010731
5762.97998 0.010577
5763.24023 0.010721
5763.50000 0.010984
5763.75977 0.011094
5764.02002 0.010917
5764.27979 0.011208
5764.54004 0.011323
5764.79980 0.01158
5765.06006 0.011447
5765.31982 0.011493
5765.58008 0.011852
5765.85010 0.011914
5766.10986 0.012047
5766.37012 0.012327
5766.62988 0.012564
5766.89014 0.01248
5767.14990 0.012657
5767.41016 0.012433
5767.66992 0.012753
5767.93018 0.012613
5768.18994 0.012855
5768.45020 0.013038
5768.70996 0.013025
5768.97021 0.013327
5769.22998 0.01368
5769.50000 0.013763
5769.75977 0.014009
5770.02002 0.014043
5770.27979 0.014027
5770.54004 0.014316
5770.79980 0.014615
5771.06006 0.014921
5771.31982 0.015206
5771.58008 0.015182
5771.83984 0.014992
5772.10010 0.015096
5772.35986 0.015683
5772.62012 0.015836
5772.87988 0.016122
5773.14014 0.015985
5773.41016 0.016285
5773.66992 0.016253
5773.93018 0.01676
5774.18994 0.016593
5774.45020 0.017134
5774.70996 0.017493
5774.97021 0.017595
5775.22998 0.017817
5775.49023 0.017823
5775.75000 0.017814
5776.00977 0.018204
5776.27002 0.018476
5776.52979 0.018481
5776.79004 0.01879
5777.06006 0.019589
5777.31982 0.019696
5777.58008 0.019926
5777.83984 0.019904
5778.10010 0.020279
5778.35986 0.020665
5778.62012 0.02074
5778.87988 0.021266
5779.14014 0.021388
5779.39990 0.021576
5779.66016 0.021372
5779.91992 0.022184
5780.18018 0.021825
5780.43994 0.022695
5780.70996 0.023121
5780.97021 0.023203
5781.22998 0.023616
5781.49023 0.023849
5781.75000 0.024116
5782.00977 0.024103
5782.27002 0.024473
5782.52979 0.024778
5782.79004 0.025547
5783.04980 0.025799
5783.31006 0.026214
5783.56982 0.02631
5783.83008 0.026762
5784.08984 0.02724
5784.35010 0.027852
5784.62012 0.027689
5784.87988 0.028627
5785.14014 0.028593
5785.39990 0.028814
5785.66016 0.029615
5785.91992 0.029735
5786.18018 0.030387
5786.43994 0.030674
5786.70020 0.031205
5786.95996 0.031438
5787.22021 0.031887
5787.47998 0.03257
5787.74023 0.032681
5788.00000 0.033226
5788.27002 0.033184
5788.52979 0.033858
5788.79004 0.034712
5789.04980 0.035164
5789.31006 0.035662
5789.56982 0.036347
5789.83008 0.036966
5790.08984 0.037258
5790.35010 0.037346
5790.60986 0.037538
5790.87012 0.038441
5791.12988 0.038586
5791.39014 0.039801
5791.64990 0.04001
5791.91992 0.040883
5792.18018 0.041692
5792.43994 0.041675
5792.70020 0.042539
5792.95996 0.043423
5793.22021 0.043655
5793.47998 0.044632
5793.74023 0.044872
5794.00000 0.045706
5794.25977 0.046855
5794.52002 0.046712
5794.77979 0.048353
5795.04004 0.048931
5795.29980 0.049372
5795.56006 0.050305
5795.83008 0.051111
5796.08984 0.0518
5796.35010 0.052613
5796.60986 0.053206
5796.87012 0.054069
5797.12988 0.054361
5797.39014 0.055792
5797.64990 0.056211
5797.91016 0.057402
5798.16992 0.057701
5798.43018 0.059018
5798.68994 0.059905
5798.95020 0.060909
5799.20996 0.061747
5799.47998 0.063038
5799.74023 0.064121
5800.00000 0.064674
5800.25977 0.065806
5800.52002 0.067182
5800.77979 0.068173
5801.04004 0.06906
5801.29980 0.07054
5801.56006 0.072048
5801.81982 0.072258
5802.08008 0.073532
5802.33984 0.074743
5802.60010 0.075437
5802.85986 0.077577
5803.12012 0.078002
5803.39014 0.080444
5803.64990 0.081321
5803.91016 0.081551
5804.16992 0.083939
5804.43018 0.084887
5804.68994 0.086988
5804.95020 0.087192
5805.20996 0.089205
5805.47021 0.090454
5805.72998 0.092324
5805.99023 0.094133
5806.25000 0.094853
5806.50977 0.096323
5806.77002 0.097915
5807.04004 0.099295
5807.29980 0.102026
5807.56006 0.103822
5807.81982 0.10525
5808.08008 0.10554
5808.33984 0.108806
5808.60010 0.109858
5808.85986 0.112334
5809.12012 0.113956
5809.37988 0.115137
5809.64014 0.117773
5809.89990 0.120408
5810.16016 0.120444
5810.41992 0.122866
5810.68994 0.125192
5810.95020 0.127407
5811.20996 0.130403
5811.47021 0.132333
5811.72998 0.132806
5811.99023 0.136138
5812.25000 0.138362
5812.50977 0.141896
5812.77002 0.143935
5813.02979 0.147007
5813.29004 0.148982
5813.54980 0.149967
5813.81006 0.15318
5814.06982 0.156147
5814.33984 0.158547
5814.60010 0.160973
5814.85986 0.164442
5815.12012 0.16563
5815.37988 0.169461
5815.64014 0.170972
5815.89990 0.173816
5816.16016 0.177781
5816.41992 0.181024
5816.68018 0.183684
5816.93994 0.184719
5817.20020 0.189119
5817.45996 0.191907
5817.72021 0.195296
5817.97998 0.198919
5818.25000 0.201405
5818.50977 0.205533
5818.77002 0.209909
5819.02979 0.211009
5819.29004 0.215424
5819.54980 0.218083
5819.81006 0.222421
5820.06982 0.227121
5820.33008 0.231307
5820.58984 0.233325
5820.85010 0.237132
5821.10986 0.241706
5821.37012 0.246472
5821.62988 0.250423
5821.89990 0.253107
5822.16016 0.258326
5822.41992 0.259669
5822.68018 0.264268
5822.93994 0.268784
5823.20020 0.273247
5823.45996 0.278848
5823.72021 0.281043
5823.97998 0.287414
5824.24023 0.290534
5824.50000 0.294595
5824.75977 0.299246
5825.02002 0.302568
5825.27979 0.306409
5825.54980 0.312866
5825.81006 0.316416
5826.06982 0.321337
5826.33008 0.326626
5826.58984 0.330785
5826.85010 0.335527
5827.10986 0.340662
5827.37012 0.346232
5827.62988 0.349628
5827.89014 0.353889
5828.14990 0.360153
5828.41016 0.363304
5828.66992 0.366721
5828.93018 0.372622
5829.20020 0.379937
5829.45996 0.385011
5829.72021 0.389098
5829.97998 0.394455
5830.24023 0.398792
5830.50000 0.403397
5830.75977 0.408491
5831.02002 0.415709
5831.27979 0.420331
5831.54004 0.42444
5831.79980 0.430035
5832.06006 0.434799
5832.31982 0.439875
5832.58008 0.443806
5832.85010 0.449014
5833.10986 0.453405
5833.37012 0.461374
5833.62988 0.466163
5833.89014 0.470733
5834.14990 0.475185
5834.41016 0.478205
5834.66992 0.484663
5834.93018 0.490779
5835.18994 0.49483
5835.45020 0.499273
5835.70996 0.505296
5835.97021 0.509583
5836.22998 0.514223
5836.49023 0.515792
5836.75977 0.523597
5837.02002 0.529247
5837.27979 0.533983
5837.54004 0.540414
5837.79980 0.543381
5838.06006 0.547547
5838.31982 0.549302
5838.58008 0.557369
5838.83984 0.56157
5839.10010 0.567301
5839.35986 0.572818
5839.62012 0.574379
5839.87988 0.575459
5840.14014 0.582369
5840.41016 0.589601
5840.66992 0.589934
5840.93018 0.594035
5841.18994 0.598266
5841.45020 0.603261
5841.70996 0.605707
5841.97021 0.607763
5842.22998 0.611242
5842.49023 0.614519
5842.75000 0.620208
5843.00977 0.624085
5843.27002 0.627549
5843.52979 0.629922
5843.79004 0.631374
5844.06006 0.637008
5844.31982 0.637039
5844.58008 0.642311
5844.83984 0.647713
5845.10010 0.648595
5845.35986 0.655991
5845.62012 0.653099
5845.87988 0.658151
5846.14014 0.65929
5846.39990 0.661603
5846.66016 0.665118
5846.91992 0.669699
5847.18018 0.672938
5847.43994 0.672468
5847.70996 0.67194
5847.97021 0.67537
5848.22998 0.67758
5848.49023 0.683072
5848.75000 0.684702
5849.00977 0.68721
5849.27002 0.687409
5849.52979 0.689195
5849.79004 0.689961
5850.04980 0.692326
5850.31006 0.696831
5850.56982 0.697253
5850.83008 0.70267
5851.08984 0.702039
5851.35010 0.704477
5851.62012 0.701652
5851.87988 0.704611
5852.14014 0.705513
5852.39990 0.707877
5852.66016 0.712605
5852.91992 0.712841
5853.18018 0.711511
5853.43994 0.709166
5853.70020 0.71332
5853.95996 0.714167
5854.22021 0.716718
5854.47998 0.717964
5854.74023 0.719241
5855.00000 0.720034
5855.27002 0.720982
5855.52979 0.721817
5855.79004 0.720548
5856.04980 0.723604
5856.31006 0.726863
5856.56982 0.72436
5856.83008 0.731076
5857.08984 0.726683
5857.35010 0.727764
5857.60986 0.728907
5857.87012 0.730465
5858.12988 0.730497
5858.39014 0.732388
5858.64990 0.730532
5858.91992 0.733127
5859.18018 0.730091
5859.43994 0.729722
5859.70020 0.734251
5859.95996 0.734094
5860.22021 0.736842
5860.47998 0.735689
5860.74023 0.735631
5861.00000 0.737776
5861.25977 0.734315
5861.52002 0.734863
5861.77979 0.736852
5862.04004 0.738575
5862.29980 0.739482
5862.56006 0.739392
5862.83008 0.738368
5863.08984 0.73962
5863.35010 0.735561
5863.60986 0.738454
5863.87012 0.74106
5864.12988 0.742158
5864.39014 0.74215
5864.64990 0.742441
5864.91016 0.739864
5865.16992 0.739076
5865.43018 0.740749
5865.68994 0.74752
5865.95020 0.745673
5866.20996 0.74469
5866.47998 0.744492
5866.74023 0.74271
5867.00000 0.745021
5867.25977 0.742125
5867.52002 0.743727
5867.77979 0.745947
5868.04004 0.745884
5868.29980 0.746185
5868.56006 0.745731
5868.81982 0.746311
5869.08008 0.743381
5869.33984 0.744154
5869.60010 0.750025
5869.85986 0.751031
5870.12012 0.7482
5870.39014 0.747288
5870.64990 0.750656
5870.91016 0.749135
5871.16992 0.749382
5871.43018 0.748723
5871.68994 0.751158
5871.95020 0.750478
5872.20996 0.751607
5872.47021 0.750134
5872.72998 0.747217
5872.99023 0.75113
5873.25000 0.749408
5873.50977 0.751278
5873.77002 0.753481
5874.04004 0.753114
5874.29980 0.749766
5874.56006 0.7516
5874.81982 0.74905
5875.08008 0.751138
5875.33984 0.7526
5875.60010 0.7523
5875.85986 0.751189
5876.12012 0.754048
5876.37988 0.752163
5876.64014 0.752621
5876.89990 0.750994
5877.16016 0.752474
5877.41992 0.753658
5877.68994 0.756112
5877.95020 0.753509
5878.20996 0.758715
5878.47021 0.75395
5878.72998 0.753179
5878.99023 0.75311
5879.25000 0.756495
5879.50977 0.754895
5879.77002 0.759466
5880.02979 0.756735
5880.29004 0.758247
5880.54980 0.757878
5880.81006 0.760324
5881.06982 0.756433
5881.33008 0.758789
5881.60010 0.759784
5881.85986 0.76164
5882.12012 0.76003
5882.37988 0.757736
5882.64014 0.760075
5882.89990 0.759098
5883.16016 0.759606
5883.41992 0.760947
5883.68018 0.761211
5883.93994 0.761444
5884.20020 0.758335
5884.45996 0.757376
5884.72021 0.760906
5884.97998 0.760807
5885.25000 0.765681
5885.50977 0.763465
5885.77002 0.762194
5886.02979 0.764955
5886.29004 0.763728
5886.54980 0.759169
5886.81006 0.761137
5887.06982 0.762497
5887.33008 0.762991
5887.58984 0.763609
5887.85010 0.764883
5888.10986 0.76488
5888.37012 0.763915
5888.62988 0.764908
5888.89990 0.76489
5889.16016 0.765736
5889.41992 0.765465
5889.68018 0.766985
5889.93994 0.762888
5890.20020 0.765956
5890.45996 0.764604
5890.72021 0.766395
5890.97998 0.765298
5891.24023 0.767084
5891.50000 0.764188
5891.75977 0.766405
5892.02002 0.766478
5892.27979 0.769128
5892.54980 0.763012
5892.81006 0.767592
5893.06982 0.767612
5893.33008 0.76709
5893.58984 0.766038
5893.85010 0.766731
5894.10986 0.766178
5894.37012 0.767048
5894.62988 0.768702
5894.89014 0.766415
5895.14990 0.768677
5895.41016 0.768912
5895.66992 0.765646
5895.93018 0.77098
5896.20020 0.766745
5896.45996 0.768756
5896.72021 0.769147
5896.97998 0.765644
5897.24023 0.77151
5897.50000 0.766543
5897.75977 0.769553
5898.02002 0.769461
5898.27979 0.768284
5898.54004 0.767732
5898.79980 0.769226
5899.06006 0.77369
5899.31982 0.767771
5899.58008 0.771628
5899.83984 0.77169
5900.10986 0.771087
5900.37012 0.770865
5900.62988 0.770056
5900.89014 0.770763
5901.14990 0.769906
5901.41016 0.769405
5901.66992 0.76918
5901.93018 0.771493
5902.18994 0.771533
5902.45020 0.770385
5902.70996 0.772364
5902.97021 0.770989
5903.22998 0.769091
5903.49023 0.767035
5903.75977 0.770164
5904.02002 0.770701
5904.27979 0.773329
5904.54004 0.774455
5904.79980 0.771018
5905.06006 0.770863
5905.31982 0.772872
5905.58008 0.76975
5905.83984 0.770201
5906.10010 0.772462
5906.35986 0.772547
5906.62012 0.773559
5906.87988 0.775755
5907.14014 0.773695
5907.41016 0.772301
5907.66992 0.773321
5907.93018 0.769795
5908.18994 0.772289
5908.45020 0.775619
5908.70996 0.776166
5908.97021 0.77341
5909.22998 0.774862
5909.49023 0.775464
5909.75000 0.774506
5910.00977 0.772871
5910.27002 0.776206
5910.52979 0.777982
5910.79004 0.775343
5911.06006 0.776484
5911.31982 0.778756
5911.58008 0.773429
5911.83984 0.775852
5912.10010 0.774633
5912.35986 0.774303
5912.62012 0.779017
5912.87988 0.779973
5913.14014 0.776
5913.39990 0.776101
5913.66016 0.775384
5913.91992 0.775051
5914.18018 0.776194
5914.43994 0.780727
5914.70020 0.78214
5914.97021 0.782079
5915.22998 0.779338
5915.49023 0.780711
5915.75000 0.780746
5916.00977 0.777665
5916.27002 0.778981
5916.52979 0.780282
5916.79004 0.781446
5917.04980 0.780775
5917.31006 0.783961
5917.56982 0.78136
5917.83008 0.781253
5918.08984 0.781445
5918.35010 0.7843
5918.62012 0.786318
5918.87988 0.78465
5919.14014 0.784157
5919.39990 0.783094
5919.66016 0.783021
5919.91992 0.785703
5920.18018 0.786473
5920.43994 0.7843
5920.70020 0.789583
5920.95996 0.787869
5921.22021 0.786086
5921.47998 0.786658
5921.74023 0.787567
5922.00000 0.786117
5922.27002 0.787538
5922.52979 0.789669
5922.79004 0.789133
5923.04980 0.788637
5923.31006 0.788528
5923.56982 0.791099
5923.83008 0.789713
5924.08984 0.789098
5924.35010 0.791961
5924.60986 0.793611
5924.87012 0.794589
5925.12988 0.792786
5925.39014 0.793742
5925.64990 0.792949
5925.91992 0.7915
5926.18018 0.79331
5926.43994 0.794744
5926.70020 0.797339
5926.95996 0.795091
5927.22021 0.798035
5927.47998 0.794875
5927.74023 0.794164
5928.00000 0.796961
5928.25977 0.798605
5928.52002 0.798894
5928.77979 0.796528
5929.04004 0.800691
5929.29980 0.795108
5929.56006 0.795869
5929.83008 0.800759
5930.08984 0.799206
5930.35010 0.797823
5930.60986 0.801628
5930.87012 0.800441
5931.12988 0.797574
5931.39014 0.79943
5931.64990 0.79909
5931.91016 0.800467
5932.16992 0.80165
5932.43018 0.803198
5932.68994 0.800221
5932.95020 0.798954
5933.20996 0.801077
5933.47998 0.798478
5933.74023 0.80017
5934.00000 0.801602
5934.25977 0.802731
5934.52002 0.799849
5934.77979 0.799522
5935.04004 0.798527
5935.29980 0.800318
5935.56006 0.799197
5935.81982 0.800482
5936.08008 0.799301
5936.33984 0.797112
5936.60010 0.796283
5936.85986 0.795977
5937.12012 0.794601
5937.39014 0.792528
5937.64990 0.79253
5937.91016 0.79174
5938.16992 0.795452
5938.43018 0.792512
5938.68994 0.792239
5938.95020 0.787657
5939.20996 0.786103
5939.47021 0.78853
5939.72998 0.786611
5939.99023 0.788526
5940.25000 0.785135
5940.50977 0.783889
5940.77002 0.778977
5941.04004 0.778486
5941.29980 0.777291
