threeML/data/optical_filters/CAHA/CAHA-f_537_12.ecsv
# %ECSV 0.9
# ---
# datatype:
# - {name: wavelength, unit: Angstrom, datatype: float32}
# - {name: response, datatype: float32}
# meta: !!omap
# - {band_name: f_537_12}
# - {group_name: CAHA}
wavelength response
[from data line 806]
5411.02979 0.666755
5411.29004 0.659664
5411.54980 0.654403
5411.81006 0.656621
5412.06982 0.656101
5412.33008 0.653832
5412.58984 0.650022
5412.85010 0.641915
5413.10986 0.645433
5413.37012 0.647527
5413.62988 0.645123
5413.89014 0.6385
5414.14990 0.633542
5414.41016 0.631891
5414.66992 0.629891
5414.93018 0.630436
5415.18994 0.62469
5415.45020 0.620336
5415.70996 0.619911
5415.97021 0.620728
5416.22998 0.616568
5416.49023 0.612293
5416.75000 0.608336
5417.00977 0.606576
5417.27002 0.608364
5417.52979 0.608543
5417.79004 0.600149
5418.04980 0.594144
5418.31006 0.593387
5418.56982 0.594845
5418.83008 0.591682
5419.08984 0.587135
5419.35010 0.580092
5419.60986 0.579558
5419.87012 0.577883
5420.12988 0.579347
5420.39014 0.573386
5420.64990 0.565179
5420.91016 0.564854
5421.16992 0.567315
5421.43018 0.560582
5421.68994 0.556827
5421.95020 0.550335
5422.20996 0.548894
5422.47021 0.547502
5422.72998 0.547621
5422.99023 0.543323
5423.25000 0.533021
5423.50977 0.537487
5423.77002 0.538749
5424.02979 0.534082
5424.29004 0.525469
5424.54980 0.522225
5424.81006 0.517862
5425.06982 0.522264
5425.33008 0.518558
5425.58984 0.510024
5425.85010 0.505222
5426.10986 0.501746
5426.37012 0.503261
5426.62988 0.501045
5426.89014 0.495475
5427.14990 0.488323
5427.41016 0.49075
5427.66992 0.488971
5427.93018 0.486533
5428.18994 0.481588
5428.45020 0.474111
5428.70996 0.470415
5428.97021 0.473989
5429.22998 0.470866
5429.49023 0.463613
5429.75000 0.457924
5430.00977 0.4583
5430.27002 0.456324
5430.52979 0.454664
5430.79004 0.448758
5431.04980 0.440794
5431.31006 0.436153
5431.56982 0.4423
5431.83008 0.44082
5432.08984 0.429883
5432.35010 0.42569
5432.60986 0.423467
5432.87012 0.425402
5433.12988 0.423105
5433.39014 0.419706
5433.64990 0.41119
5433.91016 0.406804
5434.16992 0.407166
5434.43018 0.409435
5434.68994 0.400313
5434.95020 0.392747
5435.20996 0.389687
5435.47021 0.392048
5435.72998 0.390942
5435.99023 0.383917
5436.25000 0.379526
5436.50977 0.374573
5436.77002 0.379044
5437.02979 0.376433
5437.29004 0.369311
5437.54980 0.36315
5437.81006 0.358044
5438.06982 0.360843
5438.33008 0.358999
5438.58984 0.353808
5438.85010 0.346269
5439.10986 0.34192
5439.37012 0.344435
5439.62988 0.343149
5439.89014 0.33961
5440.14990 0.333065
5440.41016 0.32747
5440.66992 0.326208
5440.93018 0.331201
5441.18994 0.323717
5441.45020 0.318695
5441.70996 0.313588
5441.97021 0.31422
5442.22998 0.31356
5442.49023 0.309789
5442.75000 0.304247
5443.00977 0.298983
5443.27002 0.296917
5443.52979 0.299997
5443.79004 0.296371
5444.04980 0.289652
5444.31006 0.284891
5444.56982 0.284245
5444.83008 0.285599
5445.08984 0.283186
5445.35010 0.275557
5445.60986 0.270921
5445.87012 0.269044
5446.12988 0.270709
5446.39014 0.268264
5446.64990 0.26334
5446.91016 0.258268
5447.16992 0.256115
5447.43018 0.257631
5447.68994 0.254492
5447.95020 0.250009
5448.20996 0.243777
5448.47021 0.244801
5448.72998 0.24503
5448.99023 0.241514
5449.25000 0.236469
5449.50977 0.232172
5449.77002 0.23067
5450.02979 0.231547
5450.29004 0.230072
5450.54980 0.227299
5450.81006 0.220883
5451.06982 0.219601
5451.33008 0.217702
5451.58984 0.217248
5451.85010 0.214088
5452.10986 0.208731
5452.37012 0.205793
5452.62988 0.208349
5452.89014 0.206564
5453.14990 0.203336
5453.41016 0.197834
5453.66992 0.19716
5453.93018 0.194958
5454.18994 0.196948
5454.45020 0.191656
5454.70996 0.186972
5454.97021 0.186675
5455.22998 0.184628
5455.49023 0.184612
5455.75000 0.180633
5456.00977 0.176526
5456.27002 0.17458
5456.52979 0.173395
5456.79004 0.174668
5457.04980 0.172816
5457.31006 0.16812
5457.56982 0.165208
5457.83008 0.164123
5458.08984 0.165167
5458.35010 0.161697
5458.60986 0.157706
5458.87012 0.156203
5459.12988 0.154995
5459.39014 0.155782
5459.64990 0.15365
5459.91016 0.150618
5460.16992 0.145013
5460.43018 0.144218
5460.68994 0.145989
5460.95020 0.144833
5461.20996 0.14095
5461.47021 0.137303
5461.72998 0.13693
5461.99023 0.135835
5462.25000 0.136706
5462.50977 0.133759
5462.77002 0.129541
5463.02979 0.130644
5463.29004 0.128281
5463.54980 0.12857
5463.81006 0.124506
5464.06982 0.122032
5464.33008 0.120502
5464.58984 0.121837
5464.85010 0.122495
5465.10986 0.118293
5465.37012 0.116205
5465.62988 0.114267
5465.89014 0.114704
5466.14990 0.113394
5466.41016 0.113108
5466.66992 0.10873
5466.93018 0.108073
5467.18994 0.107266
5467.45020 0.106931
5467.70996 0.104959
5467.97021 0.102692
5468.22998 0.100639
5468.49023 0.101336
5468.75000 0.100293
5469.00977 0.098696
5469.27002 0.096103
5469.52979 0.095335
5469.79004 0.093769
5470.04980 0.093873
5470.31006 0.093422
5470.56982 0.091195
5470.83008 0.088448
5471.08984 0.08817
5471.35010 0.088065
5471.60986 0.087856
5471.87012 0.086199
5472.12988 0.083642
5472.39014 0.082993
5472.64990 0.083141
5472.91016 0.082907
5473.16992 0.080602
5473.43018 0.078685
5473.68994 0.078618
5473.95020 0.077783
5474.20996 0.077537
5474.47021 0.076171
5474.72998 0.074802
5474.99023 0.072959
5475.25000 0.072517
5475.50977 0.073333
5475.77002 0.071493
5476.02979 0.069779
5476.29004 0.068918
5476.54980 0.06864
5476.81006 0.068716
5477.06982 0.067445
5477.33008 0.065544
5477.58984 0.064275
5477.85010 0.064175
5478.10986 0.06549
5478.37012 0.063694
5478.62988 0.062333
5478.89014 0.061029
5479.14990 0.060224
5479.41016 0.060467
5479.66992 0.060405
5479.93018 0.059003
5480.18994 0.057445
5480.45020 0.057752
5480.70996 0.057972
5480.97021 0.057071
5481.22998 0.054528
5481.49023 0.053496
5481.75000 0.053271
5482.00977 0.053943
5482.27002 0.053302
5482.52979 0.052209
5482.79004 0.051048
5483.04980 0.05045
5483.31006 0.049933
5483.56982 0.050405
5483.83008 0.049519
5484.08984 0.047662
5484.35010 0.046697
5484.60986 0.047148
5484.87012 0.046463
5485.12988 0.046081
5485.39014 0.045042
5485.64990 0.044551
5485.91016 0.043843
5486.16992 0.044105
5486.43018 0.043543
5486.68994 0.043043
5486.95020 0.042053
5487.20996 0.041417
5487.47021 0.04201
5487.72998 0.041064
5487.99023 0.040339
5488.25000 0.039497
5488.50977 0.039636
5488.77002 0.038926
5489.02979 0.038679
5489.29004 0.037394
5489.54980 0.037178
5489.81006 0.036963
5490.06982 0.037919
5490.33008 0.036949
5490.58984 0.035927
5490.85010 0.034868
5491.10986 0.035352
5491.37012 0.035137
5491.62988 0.03497
5491.89014 0.035021
5492.14990 0.033928
5492.41016 0.03238
5492.66992 0.032428
5492.93018 0.033298
5493.18994 0.032316
5493.45020 0.031129
5493.70996 0.031503
5493.97021 0.030609
5494.22998 0.031233
5494.49023 0.030327
5494.75000 0.029553
5495.00977 0.029399
5495.27002 0.028773
5495.52979 0.029362
5495.79004 0.028698
5496.04980 0.027997
5496.31006 0.028082
5496.56982 0.026907
5496.83008 0.027504
5497.08984 0.026938
5497.35010 0.027092
5497.60986 0.026127
5497.87012 0.025511
5498.12988 0.025877
5498.39014 0.025674
5498.64990 0.024981
5498.91016 0.02446
5499.16992 0.023779
5499.43018 0.02365
5499.68994 0.024503
5499.95020 0.024762
5500.20996 0.02359
5500.47021 0.022993
5500.72998 0.023288
5500.99023 0.02273
5501.25000 0.022665
5501.50977 0.022092
5501.77002 0.021347
5502.02979 0.021534
5502.29004 0.021922
5502.54980 0.021676
5502.81006 0.021258
5503.06982 0.020459
5503.33008 0.020267
5503.58984 0.02058
5503.85010 0.020405
5504.10986 0.01994
5504.37012 0.019367
5504.62988 0.019685
5504.89014 0.018906
5505.14990 0.019811
5505.41016 0.018468
5505.66992 0.019084
5505.93018 0.018714
5506.18994 0.018287
5506.45020 0.017931
5506.70996 0.017858
5506.97021 0.018075
5507.22998 0.017253
5507.49023 0.017176
5507.75000 0.017487
5508.00977 0.017435
5508.27002 0.016613
5508.52979 0.016728
5508.79004 0.01631
5509.04980 0.016479
5509.31006 0.016536
5509.56982 0.016555
5509.83008 0.015298
5510.08984 0.015332
5510.35010 0.015606
5510.60986 0.015634
5510.87012 0.015398
5511.12988 0.01523
5511.39014 0.014483
5511.64990 0.014507
5511.91016 0.014871
5512.16992 0.014335
5512.43018 0.01406
5512.68994 0.013561
5512.95020 0.01381
5513.20996 0.014195
5513.47021 0.013731
5513.72998 0.013293
5513.99023 0.013349
5514.25000 0.012697
5514.50977 0.013207
5514.77002 0.013286
5515.02979 0.012546
5515.29004 0.012542
5515.54980 0.012736
5515.81006 0.012285
5516.06982 0.012189
5516.33008 0.012413
5516.58984 0.011724
5516.85010 0.011802
5517.10986 0.012183
5517.37012 0.011795
5517.62988 0.011944
5517.89014 0.011623
5518.14990 0.011484
5518.41016 0.011182
5518.66992 0.011128
5518.93018 0.010948
5519.18994 0.011229
5519.45020 0.011277
5519.70996 0.010589
5519.97021 0.010411
5520.22998 0.010496
5520.49023 0.01109
5520.75000 0.010259
5521.00977 0.009907
5521.27002 0.010066
5521.52979 0.010415
5521.79004 0.010016
5522.04980 0.00969
5522.31006 0.010043
5522.56982 0.010019
5522.83008 0.00972
5523.08984 0.009656
5523.35010 0.00953
5523.60986 0.009009
5523.87012 0.008819
5524.12988 0.009217
5524.39014 0.009387
5524.64990 0.008849
5524.91016 0.008809
5525.16992 0.00899
5525.43018 0.008726
5525.68994 0.008797
5525.95020 0.008594
5526.20996 0.008381
5526.47021 0.008177
5526.72998 0.008491
5526.99023 0.008498
5527.25000 0.007914
5527.50977 0.007738
5527.77002 0.007925
5528.02979 0.007888
5528.29004 0.007812
5528.54980 0.007668
5528.81006 0.007847
5529.06982 0.007714
5529.33008 0.007716
5529.58984 0.007515
5529.85010 0.007572
5530.10986 0.007345
5530.37012 0.007407
5530.62988 0.007486
5530.89014 0.007177
5531.14990 0.00697
5531.41016 0.007252
5531.66992 0.006868
5531.93018 0.006787
5532.18994 0.00672
5532.45020 0.006968
5532.70996 0.006978
5532.97021 0.006682
5533.22998 0.006615
5533.49023 0.006714
5533.75000 0.006393
5534.00977 0.006706
5534.27002 0.006425
5534.52979 0.006414
5534.79004 0.006056
5535.04980 0.006374
5535.31006 0.006453
5535.56982 0.006222
5535.83008 0.006106
5536.08984 0.005964
5536.35010 0.00619
5536.60986 0.006273
5536.87012 0.006371
5537.12988 0.005571
5537.39014 0.00607
5537.64990 0.005597
5537.91016 0.005877
5538.16992 0.005505
5538.43018 0.005431
5538.68994 0.005485
5538.95020 0.005563
5539.20996 0.00573
5539.47021 0.005479
5539.72998 0.005568
5539.99023 0.005513
5540.25000 0.005157
5540.50977 0.005358
5540.77002 0.005144
5541.02979 0.005313
5541.29004 0.005048
5541.54980 0.005348
5541.81006 0.005145
5542.06982 0.005177
5542.33008 0.004686
5542.58984 0.004938
5542.85010 0.00495
5543.10986 0.005117
5543.37012 0.004966
5543.62988 0.00475
5543.89014 0.00488
5544.14990 0.004467
5544.41016 0.004765
5544.66992 0.004989
5544.93018 0.005023
5545.18994 0.004515
5545.45020 0.004884
5545.70996 0.004579
5545.97021 0.004784
5546.22998 0.004641
5546.49023 0.0044
5546.75000 0.004268
5547.00977 0.004241
5547.27002 0.004272
5547.52979 0.004327
5547.79004 0.004433
5548.04980 0.004462
5548.31006 0.004548
5548.56982 0.004318
5548.83008 0.004083
5549.08984 0.004471
5549.35010 0.004282
5549.60986 0.004047
5549.87012 0.004241
5550.12988 0.004212
5550.39014 0.004281
5550.64990 0.004292
6105.71484 0.0
