threeML/data/optical_filters/CAHA/CAHA-f_802_12.ecsv
# %ECSV 0.9
# ---
# datatype:
# - {name: wavelength, unit: Angstrom, datatype: float32}
# - {name: response, datatype: float32}
# meta: !!omap
# - {band_name: f_802_12}
# - {group_name: CAHA}
wavelength response
7105.50244 0.0
7895.00293 0.006239
7895.26318 0.006542
7895.52393 0.006935
7895.78418 0.007409
7896.04395 0.007941
7896.30518 0.008491
7896.56494 0.009016
7896.82520 0.009476
7897.08594 0.009854
7897.34619 0.010149
7897.60596 0.010381
7897.86719 0.010574
7898.12695 0.010746
7898.38818 0.010911
7898.64795 0.011071
7898.90820 0.011223
7899.16895 0.011362
7899.42920 0.011488
7899.68896 0.011606
7899.95020 0.011724
7900.20996 0.011849
7900.47119 0.011985
7900.73096 0.012132
7900.99121 0.012288
7901.25195 0.012448
7901.51221 0.01261
7901.77197 0.012775
7902.03320 0.012945
7902.29297 0.013122
7902.55420 0.013305
7902.81396 0.013494
7903.07520 0.013685
7903.33496 0.01388
7903.59521 0.014078
7903.85596 0.01428
7904.11621 0.014485
7904.37598 0.014691
7904.63721 0.014897
7904.89697 0.015102
7905.15820 0.015307
7905.41797 0.015513
7905.67920 0.015721
7905.93896 0.015928
7906.20020 0.016132
7906.45996 0.016332
7906.72119 0.016529
7906.98096 0.016726
7907.24121 0.016929
7907.50195 0.017143
7907.76221 0.01737
7908.02295 0.017612
7908.28320 0.017865
7908.54297 0.018126
7908.80420 0.018393
7909.06396 0.01866
7909.32520 0.018928
7909.58496 0.019194
7909.84619 0.019461
7910.10596 0.01973
7910.36719 0.020002
7910.62695 0.020282
7910.88818 0.020573
7911.14795 0.020877
7911.40918 0.021197
7911.66895 0.021529
7911.93018 0.021871
7912.18994 0.022216
7912.45117 0.022561
7912.71094 0.022902
7912.97217 0.02324
7913.23193 0.023576
7913.49316 0.023913
7913.75293 0.024256
7914.01416 0.024604
7914.27393 0.024959
7914.53516 0.025317
7914.79492 0.025679
7915.05615 0.026045
7915.31592 0.026418
7915.57715 0.026803
7915.83691 0.027201
7916.09814 0.02761
7916.35791 0.028027
7916.61914 0.028447
7916.87891 0.028866
7917.14014 0.029287
7917.39990 0.029717
7917.66113 0.030164
7917.92090 0.030634
7918.18213 0.031123
7918.44189 0.031627
7918.70312 0.032139
7918.96289 0.032653
7919.22412 0.033173
7919.48486 0.0337
7919.74512 0.03424
7920.00586 0.034798
7920.26611 0.035375
7920.52686 0.035971
7920.78809 0.036582
7921.04785 0.037207
7921.30908 0.037838
7921.56885 0.03847
7921.83008 0.039098
7922.08984 0.03972
7922.35107 0.040335
7922.61084 0.040952
7922.87207 0.041577
7923.13281 0.04222
7923.39307 0.042888
7923.65381 0.043585
7923.91504 0.044308
7924.17480 0.04505
7924.43604 0.045803
7924.69580 0.046562
7924.95703 0.047329
7925.21680 0.048108
7925.47803 0.048907
7925.73779 0.049732
7925.99902 0.050584
7926.25977 0.051457
7926.52100 0.052345
7926.78076 0.053243
7927.04199 0.054149
7927.30176 0.055063
7927.56299 0.055987
7927.82324 0.056921
7928.08398 0.057865
7928.34521 0.058822
7928.60498 0.059795
7928.86621 0.06079
7929.12598 0.061813
7929.38721 0.062865
7929.64795 0.063948
7929.90820 0.065058
7930.16895 0.066194
7930.43018 0.067354
7930.68994 0.06854
7930.95117 0.069753
7931.21094 0.070995
7931.47217 0.072265
7931.73291 0.073558
7931.99414 0.074871
7932.25391 0.076202
7932.51514 0.077554
7932.77490 0.078932
7933.03613 0.080341
7933.29688 0.081784
7933.55811 0.083257
7933.81787 0.084756
7934.07910 0.086275
7934.33887 0.087812
7934.60010 0.089369
7934.86084 0.090951
7935.12207 0.092564
7935.38184 0.094215
7935.64307 0.095905
7935.90381 0.097635
7936.16504 0.099404
7936.42480 0.101215
7936.68604 0.10307
7936.94580 0.104974
7937.20703 0.106928
7937.46777 0.108929
7937.72900 0.110966
7937.98877 0.113031
7938.25000 0.115113
7938.51123 0.117211
7938.77100 0.119325
7939.03223 0.121461
7939.29297 0.123625
7939.55420 0.125822
7939.81396 0.128056
7940.07520 0.130327
7940.33594 0.132634
7940.59717 0.134978
7940.85693 0.13736
7941.11816 0.139784
7941.37793 0.142258
7941.63916 0.14479
7941.89990 0.147388
7942.16113 0.150058
7942.42090 0.152799
7942.68213 0.155604
7942.94287 0.15846
7943.20410 0.16135
7943.46484 0.164262
7943.72607 0.167188
7943.98584 0.170132
7944.24707 0.173107
7944.50781 0.176128
7944.76904 0.179206
7945.02881 0.182346
7945.29004 0.185547
7945.55078 0.188801
7945.81201 0.192102
7946.07178 0.195449
7946.33301 0.198844
7946.59424 0.202294
7946.85400 0.205806
7947.11523 0.209381
7947.37598 0.213014
7947.63721 0.216693
7947.89795 0.2204
7948.15918 0.224123
7948.41895 0.22786
7948.68018 0.231621
7948.94092 0.235426
7949.20215 0.239294
7949.46191 0.243241
7949.72314 0.247267
7949.98389 0.251358
7950.24512 0.255495
7950.50586 0.259661
7950.76709 0.263852
7951.02686 0.268075
7951.28809 0.272348
7951.54883 0.276687
7951.81006 0.281095
7952.07080 0.285562
7952.33203 0.290069
7952.59180 0.294598
7952.85303 0.299141
7953.11377 0.303704
7953.37500 0.308303
7953.63623 0.312951
7953.89600 0.317658
7954.15723 0.322422
7954.41797 0.327235
7954.67920 0.332089
7954.93994 0.33698
7955.20117 0.341909
7955.46094 0.346876
7955.72314 0.351878
7955.98291 0.356905
7956.24414 0.361945
7956.50488 0.366989
7956.76611 0.37204
7957.02686 0.377114
7957.28809 0.38223
7957.54785 0.3874
7957.81006 0.392617
7958.06982 0.397865
7958.33105 0.403118
7958.59180 0.408362
7958.85303 0.413599
7959.11377 0.418844
7959.37500 0.424112
7959.63623 0.429407
7959.89600 0.434715
7960.15723 0.440017
7960.41797 0.445294
7960.67920 0.450543
7960.93994 0.45578
7961.20117 0.46103
7961.46191 0.466314
7961.72314 0.471639
7961.98389 0.476998
7962.24512 0.482369
7962.50488 0.487727
7962.76709 0.49305
7963.02686 0.498319
7963.28906 0.503523
7963.54883 0.508661
7963.81006 0.513743
7964.07080 0.518792
7964.33203 0.523833
7964.59277 0.528893
7964.85400 0.533981
7965.11523 0.539097
7965.37598 0.544223
7965.63721 0.54934
7965.89697 0.554428
7966.15918 0.559477
7966.41895 0.564482
7966.68115 0.569448
7966.94092 0.57438
7967.20312 0.579283
7967.46289 0.584153
7967.72510 0.588978
7967.98486 0.593748
7968.24609 0.598459
7968.50684 0.60312
7968.76807 0.607745
7969.02881 0.612345
7969.29004 0.616916
7969.55078 0.621437
7969.81201 0.625877
7970.07324 0.630205
7970.33398 0.63441
7970.59521 0.638505
7970.85596 0.642526
7971.11719 0.646519
7971.37793 0.650519
7971.63916 0.654536
7971.89990 0.658554
7972.16113 0.662541
7972.42188 0.666469
7972.68311 0.670317
7972.94385 0.674083
7973.20508 0.677777
7973.46582 0.681413
7973.72705 0.685
7973.98779 0.68854
7974.24902 0.69203
7974.50977 0.695468
7974.77100 0.698858
7975.03223 0.702212
7975.29297 0.705538
7975.55420 0.708831
7975.81494 0.712071
7976.07617 0.715225
7976.33691 0.718269
7976.59814 0.721191
7976.85889 0.724001
7977.12109 0.726724
7977.38086 0.72939
7977.64307 0.73202
7977.90381 0.734625
7978.16504 0.7372
7978.42578 0.739735
7978.68701 0.742217
7978.94824 0.744636
7979.20898 0.746991
7979.47021 0.749289
7979.73096 0.751535
7979.99219 0.753732
7980.25293 0.755873
7980.51416 0.757944
7980.77490 0.759932
7981.03613 0.76183
7981.29688 0.763639
7981.55908 0.765365
7981.81885 0.767023
7982.08105 0.768636
7982.34180 0.770231
7982.60303 0.771836
7982.86377 0.773468
7983.12500 0.775129
7983.38623 0.776796
7983.64697 0.778437
7983.90820 0.780017
7984.16895 0.78151
7984.43115 0.782906
7984.69092 0.784204
7984.95312 0.78541
7985.21387 0.786541
7985.47510 0.787615
7985.73584 0.788653
7985.99707 0.789674
7986.25781 0.790684
7986.52002 0.791684
7986.78076 0.792672
7987.04199 0.79364
7987.30322 0.79458
7987.56396 0.795487
7987.82520 0.796365
7988.08594 0.797219
7988.34717 0.798058
7988.60791 0.798887
7988.87012 0.799701
7989.13086 0.800493
7989.39209 0.801255
7989.65283 0.801986
7989.91406 0.802693
7990.17480 0.803392
7990.43701 0.804101
7990.69824 0.804834
7990.95898 0.805594
7991.22021 0.806368
7991.48096 0.80713
7991.74219 0.807848
7992.00293 0.80849
7992.26514 0.809036
7992.52588 0.809482
7992.78711 0.809847
7993.04785 0.81016
7993.31006 0.81046
7993.56982 0.810778
7993.83203 0.811129
7994.09277 0.811518
7994.35400 0.811933
7994.61523 0.812357
7994.87598 0.812771
7995.13818 0.813159
7995.39893 0.813518
7995.66016 0.813855
7995.92090 0.814185
7996.18311 0.814524
7996.44385 0.814879
7996.70508 0.815247
7996.96582 0.815612
7997.22803 0.815954
7997.48779 0.816252
7997.75000 0.816493
7998.01123 0.816675
7998.27197 0.816803
7998.53320 0.816887
7998.79395 0.816936
7999.05615 0.816955
7999.31689 0.81695
7999.57812 0.816935
7999.83887 0.816934
8000.10107 0.816977
8000.36182 0.81708
8000.62305 0.817243
8000.88477 0.817442
8001.14600 0.817644
8001.40723 0.817815
8001.66797 0.817932
8001.93018 0.817973
8002.19092 0.817925
8002.45215 0.817784
8002.71289 0.817568
8002.97510 0.81732
8003.23584 0.817097
8003.49707 0.816952
8003.75781 0.816917
8004.02002 0.816992
8004.28076 0.817152
8004.54199 0.817356
8004.80322 0.817565
8005.06494 0.817749
8005.32617 0.817891
8005.58691 0.817988
8005.84912 0.818041
8006.10986 0.81805
8006.37109 0.81801
8006.63184 0.81792
8006.89404 0.817781
8007.15479 0.817608
8007.41699 0.81742
8007.67822 0.81724
8007.93896 0.817079
8008.20020 0.816939
8008.46094 0.816818
8008.72314 0.816706
8008.98389 0.816594
8009.24609 0.816475
8009.50684 0.816342
8009.76807 0.816199
8010.02881 0.816052
8010.29102 0.815912
8010.55176 0.815789
8010.81299 0.815688
8011.07520 0.815602
8011.33594 0.815517
8011.59814 0.81541
8011.85889 0.815273
8012.12012 0.815111
8012.38086 0.814945
8012.64307 0.814795
8012.90381 0.814661
8013.16602 0.814521
8013.42676 0.814347
8013.68799 0.81412
8013.95020 0.813845
8014.21094 0.813552
8014.47217 0.813271
8014.73389 0.813012
8014.99512 0.812758
8015.25586 0.81247
8015.51807 0.812111
8015.77881 0.811666
8016.04102 0.811151
8016.30176 0.81061
8016.56299 0.810087
8016.82520 0.809612
8017.08594 0.809189
8017.34814 0.808797
8017.60889 0.80841
8017.87012 0.808004
8018.13086 0.807571
8018.39307 0.80712
8018.65381 0.806672
8018.91602 0.806249
8019.17676 0.805873
8019.43799 0.805552
8019.70020 0.805282
8019.96094 0.805049
8020.22314 0.804831
8020.48389 0.804604
8020.74609 0.804348
8021.00684 0.804051
8021.26904 0.803709
8021.52979 0.80333
8021.79199 0.802927
8022.05322 0.802513
8022.31396 0.802094
8022.57617 0.801667
8022.83691 0.801222
8023.09912 0.800747
8023.35986 0.800239
8023.62109 0.799702
8023.88281 0.799147
8024.14404 0.798579
8024.40576 0.798
8024.66699 0.797412
8024.92920 0.796822
8025.18994 0.79625
8025.45215 0.795725
8025.71289 0.795272
8025.97510 0.794896
8026.23584 0.794574
8026.49707 0.794261
8026.75879 0.793909
8027.02002 0.79349
8027.28223 0.793004
8027.54297 0.79248
8027.80518 0.791952
8028.06592 0.791455
8028.32812 0.791005
8028.58887 0.790607
8028.85107 0.790251
8029.11182 0.789921
8029.37402 0.789598
8029.63477 0.789259
8029.89600 0.788882
8030.15820 0.78845
8030.41895 0.787959
8030.68115 0.787423
8030.94189 0.786872
8031.20410 0.786344
8031.46484 0.785864
8031.72705 0.785442
8031.98877 0.785068
8032.25000 0.784722
8032.51221 0.784393
8032.77295 0.784075
8033.03516 0.783768
8033.29590 0.78347
8033.55811 0.783171
8033.81885 0.782854
8034.08105 0.782504
8034.34180 0.78212
8034.60400 0.781712
8034.86523 0.781298
8035.12695 0.780892
8035.38818 0.780505
8035.64990 0.780139
8035.91211 0.779795
8036.17285 0.779475
8036.43506 0.779179
8036.69580 0.778912
8036.95801 0.778674
8037.21924 0.778466
8037.48096 0.778278
8037.74219 0.778098
8038.00391 0.777907
8038.26611 0.777695
8038.52686 0.777464
8038.78906 0.777229
8039.04980 0.777012
8039.31201 0.776822
8039.57324 0.776654
8039.83496 0.776481
8040.09717 0.776275
8040.35791 0.776018
8040.62012 0.775715
8040.88086 0.775385
8041.14307 0.775053
8041.40381 0.774737
8041.66602 0.774446
8041.92822 0.774184
8042.18896 0.773958
8042.45117 0.77378
8042.71191 0.773667
8042.97412 0.773627
8043.23486 0.773649
8043.49707 0.7737
8043.75879 0.773731
8044.02100 0.773696
8044.28223 0.773567
8044.54297 0.773338
8044.80518 0.773033
8045.06689 0.77269
8045.32910 0.772355
8045.58984 0.772061
8045.85205 0.771823
8046.11279 0.771629
8046.37500 0.771453
8046.63721 0.771268
8046.89795 0.771054
8047.16016 0.770805
8047.42090 0.77052
8047.68311 0.770205
8047.94482 0.769871
8048.20703 0.769529
8048.46777 0.769186
8048.72998 0.768845
8048.99219 0.768495
8049.25293 0.768122
8049.51514 0.767713
8049.77588 0.767261
8050.03809 0.766771
8050.29980 0.766256
8050.56201 0.765731
8050.82324 0.765217
8051.08496 0.764726
8051.34717 0.764268
8051.60791 0.763842
8051.87012 0.76344
8052.13086 0.763052
8052.39307 0.762661
8052.65479 0.762246
8052.91699 0.76179
8053.17822 0.761269
8053.43994 0.760665
8053.70215 0.759967
8053.96289 0.759181
8054.22510 0.758338
8054.48682 0.757473
8054.74902 0.756619
8055.00977 0.755793
8055.27197 0.75499
8055.53418 0.754193
8055.79492 0.753374
8056.05713 0.752507
8056.31885 0.751567
8056.58105 0.750537
8056.84180 0.749409
8057.10400 0.748187
8057.36621 0.746887
8057.62695 0.74553
8057.88916 0.74414
8058.15088 0.742741
8058.41309 0.741351
8058.67383 0.73998
8058.93604 0.738617
8059.19824 0.737235
8059.45898 0.735796
8059.72119 0.734265
8059.98291 0.732621
8060.24512 0.730864
8060.50586 0.729009
8060.76904 0.727065
8061.02979 0.725038
8061.29199 0.722926
8061.55420 0.720724
8061.81494 0.718431
8062.07715 0.716051
8062.33887 0.713592
8062.60107 0.711069
8062.86182 0.708501
8063.12402 0.705901
8063.38623 0.703283
8063.64795 0.700647
8063.91016 0.697987
8064.17090 0.695287
8064.43311 0.692525
8064.69482 0.689681
8064.95703 0.686744
8065.21777 0.683706
8065.47998 0.680567
8065.74219 0.677333
8066.00391 0.67401
8066.26611 0.670603
8066.52686 0.66712
8066.79004 0.663567
8067.05078 0.659954
8067.31299 0.656289
8067.57520 0.652579
8067.83594 0.648829
8068.09814 0.64504
8068.35986 0.641214
8068.62207 0.637348
8068.88379 0.633435
8069.14600 0.629464
8069.40820 0.625418
8069.66895 0.621281
8069.93115 0.61704
8070.19287 0.612694
8070.45508 0.608252
8070.71680 0.603737
8070.97900 0.599168
8071.24023 0.59456
8071.50195 0.589919
8071.76416 0.58524
8072.02588 0.580514
8072.28809 0.575736
8072.54980 0.570906
8072.81201 0.566032
8073.07324 0.56112
8073.33496 0.55617
8073.59717 0.55117
8073.85889 0.546108
8074.12109 0.540981
8074.38281 0.535804
8074.64502 0.530602
8074.90576 0.525398
8075.16797 0.520199
8075.43018 0.514991
8075.69189 0.509749
8075.95410 0.50445
8076.21582 0.499089
8076.47803 0.493676
8076.74023 0.488239
8077.00098 0.482812
8077.26416 0.47742
8077.52490 0.472077
8077.78711 0.466783
8078.04883 0.461527
8078.31104 0.456292
8078.57324 0.451053
8078.83496 0.445786
8079.09717 0.440475
8079.35889 0.435111
8079.62109 0.4297
8079.88184 0.424258
8080.14502 0.418801
8080.40576 0.413336
8080.66797 0.407862
8080.93018 0.40237
8081.19189 0.396865
8081.45410 0.391363
8081.71582 0.385896
8081.97803 0.380497
8082.24023 0.375189
8082.50195 0.36998
8082.76416 0.36486
8083.02588 0.359811
8083.28809 0.354808
8083.54980 0.349828
8083.81201 0.344852
8084.07422 0.339874
8084.33496 0.334895
8084.59814 0.329925
8084.85889 0.324973
8085.12207 0.320049
8085.38281 0.315159
8085.64600 0.310312
8085.90723 0.30552
8086.16895 0.300794
8086.43115 0.296142
8086.69287 0.291561
8086.95508 0.287035
8087.21680 0.282545
8087.47900 0.278078
8087.74121 0.273628
8088.00293 0.269207
8088.26514 0.26483
8088.52686 0.260514
8088.78906 0.256264
8089.05078 0.252073
8089.31299 0.247926
8089.57520 0.243808
8089.83691 0.239715
8090.09912 0.235657
8090.36084 0.23165
8090.62305 0.227713
8090.88477 0.223855
8091.14697 0.220075
8091.40918 0.216368
8091.67090 0.212722
8091.93311 0.209129
8092.19482 0.205583
8092.45703 0.20208
8092.71924 0.19862
8092.98096 0.1952
8093.24316 0.191819
8093.50488 0.188474
8093.76807 0.185164
8094.02881 0.181894
8094.29199 0.178673
8094.55420 0.175513
8094.81494 0.172424
8095.07812 0.169412
8095.33984 0.166473
8095.60205 0.163599
8095.86377 0.160776
8096.12598 0.15799
8096.38818 0.155229
8096.64990 0.15249
8096.91211 0.149778
8097.17383 0.147103
8097.43604 0.14448
8097.69824 0.141919
8097.95996 0.139423
8098.22217 0.136991
8098.48389 0.134617
8098.74707 0.132289
8099.00879 0.129996
8099.27100 0.127728
8099.53320 0.125477
8099.79492 0.123242
8100.05713 0.121025
8100.31885 0.118834
8100.58105 0.116681
8100.84277 0.114576
8101.10498 0.112529
8101.36816 0.11054
8101.62891 0.108606
8101.89209 0.106721
8102.15381 0.104877
8102.41602 0.103071
8102.67822 0.101305
8102.93994 0.099581
8103.20215 0.097898
8103.46387 0.096251
8103.72705 0.094629
8103.98877 0.093021
8104.25098 0.091419
8104.51318 0.089821
8104.77490 0.088228
8105.03711 0.086648
8105.29883 0.085086
8105.56201 0.083553
8105.82422 0.082061
8106.08594 0.080617
8106.34814 0.079228
8106.60986 0.077889
8106.87207 0.076591
8107.13379 0.075322
8107.39600 0.074069
8107.65918 0.072829
8107.92090 0.0716
8108.18311 0.070388
8108.44482 0.069196
8108.70703 0.068032
8108.96924 0.066902
8109.23096 0.065808
8109.49414 0.064748
8109.75586 0.063714
8110.01807 0.062697
8110.27979 0.061688
8110.54199 0.060685
8110.80518 0.059689
8111.06689 0.058706
8111.32910 0.05774
8111.59082 0.056789
8111.85400 0.055851
8112.11621 0.054921
8112.37793 0.054001
8112.64014 0.053099
8112.90186 0.052222
8113.16504 0.051376
8113.42676 0.050561
8113.68896 0.049772
8113.95117 0.049003
8114.21289 0.048252
8114.47607 0.047516
8114.73779 0.046794
8115.00000 0.046085
8115.26221 0.045385
8115.52393 0.04469
8115.78711 0.043995
8116.04883 0.043301
8116.31104 0.042607
8116.57324 0.041916
8116.83496 0.041231
8117.09814 0.040556
8117.35986 0.039896
8117.62207 0.039257
8117.88379 0.03864
8118.14600 0.038044
8118.40918 0.037465
8118.67090 0.036897
8118.93408 0.036335
8119.19580 0.035778
8119.45801 0.035229
8119.72021 0.034692
8119.98193 0.034171
8120.24512 0.033667
8120.50684 0.033175
8120.76904 0.032693
8121.03223 0.032216
8121.29395 0.031742
8121.55615 0.031271
8121.81787 0.030804
8122.08105 0.03034
8122.34277 0.029881
8122.60498 0.029429
8122.86816 0.028987
8123.12988 0.028554
8123.39209 0.02813
8123.65381 0.027715
8123.91699 0.027309
8124.17920 0.026911
8124.44092 0.026522
8124.70410 0.026144
8124.96582 0.025776
8125.22803 0.025415
8125.49023 0.025055
8125.75293 0.024691
8126.01514 0.024318
8126.27686 0.023938
8126.54004 0.023558
8126.80176 0.023185
8127.06396 0.022828
8127.32715 0.022491
8127.58887 0.022174
8127.85107 0.021877
8128.11377 0.021596
8128.37598 0.02133
8128.63818 0.021074
8128.90088 0.020823
8129.16309 0.02057
8129.42480 0.020308
8129.68799 0.020035
8129.95020 0.019755
8130.21191 0.019474
8130.47510 0.019203
8130.73682 0.018949
8131.00000 0.018715
8131.26221 0.018497
8131.52393 0.01829
8131.78711 0.018087
8132.04883 0.017879
8132.31104 0.017661
8132.57422 0.01743
8132.83594 0.017187
8133.09814 0.016939
8133.36084 0.016696
8133.62305 0.016467
8133.88477 0.016256
8134.14795 0.016063
8134.41016 0.015883
8134.67188 0.01571
8134.93506 0.015537
8135.19678 0.015358
8135.45996 0.015174
8135.72217 0.014985
8135.98389 0.014792
8136.24707 0.014596
8136.50879 0.014397
8136.77197 0.014197
8137.03418 0.014002
8137.29590 0.013817
8137.55908 0.013647
8137.82080 0.013492
8138.08398 0.013352
8138.34619 0.013221
8138.60889 0.013095
8138.87109 0.01297
8139.13281 0.012843
8139.39600 0.012711
8139.65820 0.012574
8139.92090 0.012432
8140.18311 0.012284
8140.44580 0.012131
8140.70801 0.011975
8140.97119 0.011819
8141.23291 0.011665
8141.49609 0.011515
8141.75781 0.011369
8142.02100 0.011227
8142.28320 0.01109
8142.54492 0.010959
8142.80811 0.010834
8143.06982 0.010712
8143.33301 0.010592
8143.59521 0.010474
8143.85693 0.010354
8144.12012 0.010235
8144.38184 0.010117
8144.64502 0.010003
8144.90723 0.009896
8145.16992 0.009799
8145.43213 0.009712
8145.69482 0.00963
8145.95801 0.009549
8146.22021 0.009463
8146.48193 0.009369
8146.74512 0.00927
8147.00684 0.009169
8147.27002 0.00907
8147.53223 0.008976
8147.79492 0.008887
8148.05713 0.008804
8148.31982 0.008727
8148.58203 0.008654
8148.84521 0.008585
8149.10693 0.008518
8149.37012 0.008455
8149.63184 0.008394
8149.89502 0.008335
8150.15723 0.008275
8150.41992 0.00821
8150.68213 0.008137
8150.94482 0.008054
8151.20801 0.007962
8151.47021 0.007866
8151.73193 0.007771
8151.99512 0.007684
8152.25684 0.007609
8152.52002 0.007546
8152.78320 0.007493
8153.04492 0.007446
8153.30811 0.007397
8153.56982 0.00734
8153.83301 0.007272
8154.09521 0.007195
8154.35791 0.007114
8154.62109 0.007034
8154.88281 0.006958
8155.14600 0.006886
8155.40820 0.006816
8155.67090 0.006745
8155.93311 0.006675
8156.19580 0.00661
8156.45801 0.006552
8156.72119 0.006506
8156.98291 0.006472
8157.24609 0.006447
8157.50879 0.006426
8157.77100 0.006402
8158.03418 0.006369
8158.29590 0.006322
8158.55908 0.006263
8158.82178 0.006195
8159.08398 0.006126
8159.34717 0.006063
8159.60889 0.006013
8159.87207 0.005977
8160.13477 0.005954
8160.39697 0.005938
8160.66016 0.005919
8160.92188 0.005893
8161.18506 0.005856
8161.44824 0.005807
8161.70996 0.005749
8161.97314 0.005688
8162.23486 0.00563
8162.49805 0.005579
8978.74805 0.0
