threeML/data/optical_filters/CAHA/CAHA-f_682_18.ecsv
# %ECSV 0.9
# ---
# datatype:
# - {name: wavelength, unit: Angstrom, datatype: float32}
# - {name: response, datatype: float32}
# meta: !!omap
# - {band_name: f_682_18}
# - {group_name: CAHA}
wavelength response
5918.70508 0.0
6576.33887 0.00401
6577.20312 0.004192
6578.06787 0.004385
6578.93311 0.004564
6579.79688 0.004702
6580.66211 0.004783
6581.52588 0.004809
6582.39111 0.004802
6583.25586 0.004801
6584.12012 0.004847
6584.98486 0.004969
6585.85010 0.005176
6586.71387 0.005449
6587.57910 0.005755
6588.44287 0.006056
6589.30811 0.006316
6590.17285 0.006507
6591.03711 0.006613
6591.90186 0.006628
6592.76709 0.006561
6593.63086 0.006442
6594.49609 0.006313
6595.35986 0.00622
6596.22510 0.006199
6597.08984 0.006264
6597.95410 0.006404
6598.81885 0.006591
6599.68408 0.006794
6600.54785 0.006987
6601.41309 0.007154
6602.27686 0.007289
6603.14209 0.007395
6604.00586 0.007488
6604.87109 0.007594
6605.73584 0.00773
6606.60010 0.007899
6607.46484 0.008079
6608.33008 0.008239
6609.19385 0.008353
6610.05908 0.008417
6610.92285 0.008455
6611.78809 0.008506
6612.65186 0.008605
6613.51709 0.008777
6614.38184 0.009026
6615.24609 0.009331
6616.11084 0.009662
6616.97607 0.009984
6617.83984 0.010267
6618.70508 0.010491
6619.56885 0.010643
6620.43408 0.010721
6621.29785 0.010725
6622.16309 0.010664
6623.02686 0.010552
6623.89209 0.010421
6624.75684 0.01032
6625.62109 0.010303
6626.48584 0.010415
6627.35107 0.010665
6628.21484 0.01102
6629.08008 0.011413
6629.94385 0.011769
6630.80908 0.012037
6631.67285 0.012209
6632.53809 0.012318
6633.40186 0.01243
6634.26709 0.012612
6635.13184 0.012914
6635.99609 0.013347
6636.86084 0.013885
6637.72510 0.014479
6638.58984 0.015077
6639.45508 0.015638
6640.31885 0.016139
6641.18408 0.016573
6642.04785 0.016937
6642.91309 0.017238
6643.77686 0.017487
6644.64209 0.017707
6645.50586 0.017923
6646.37109 0.01816
6647.23486 0.018442
6648.10010 0.018784
6648.96387 0.019193
6649.82910 0.019658
6650.69385 0.020153
6651.55811 0.020638
6652.42285 0.021075
6653.28711 0.021446
6654.15186 0.021762
6655.01611 0.022072
6655.88086 0.022441
6656.74609 0.022924
6657.60986 0.023539
6658.47510 0.024268
6659.33887 0.025056
6660.20410 0.025846
6661.06787 0.026596
6661.93311 0.027294
6662.79688 0.027956
6663.66211 0.028616
6664.52588 0.02931
6665.39111 0.030066
6666.25488 0.030902
6667.12012 0.03182
6667.98389 0.03281
6668.84912 0.033848
6669.71289 0.034906
6670.57812 0.035956
6671.44189 0.036982
6672.30713 0.037981
6673.17090 0.038969
6674.03613 0.039978
6674.89990 0.041054
6675.76514 0.042242
6676.62891 0.043569
6677.49414 0.045036
6678.35889 0.046626
6679.22314 0.048306
6680.08789 0.050045
6680.95215 0.051816
6681.81689 0.0536
6682.68115 0.055393
6683.54590 0.05721
6684.41016 0.059088
6685.27490 0.061072
6686.13916 0.063204
6687.00391 0.065509
6687.86816 0.067998
6688.73291 0.070662
6689.59717 0.073484
6690.46191 0.076437
6691.32617 0.079488
6692.19092 0.082615
6693.05518 0.085816
6693.91992 0.089115
6694.78418 0.09255
6695.64893 0.096158
6696.51318 0.099962
6697.37793 0.103968
6698.24219 0.108177
6699.10693 0.112586
6699.97119 0.117196
6700.83496 0.122008
6701.70020 0.127025
6702.56396 0.132256
6703.42920 0.137724
6704.29297 0.14347
6705.15820 0.149547
6706.02197 0.156003
6706.88721 0.162859
6707.75098 0.170086
6708.61621 0.177612
6709.47998 0.185341
6710.34521 0.193198
6711.20898 0.201152
6712.07422 0.209236
6712.93799 0.217524
6713.80322 0.2261
6714.66699 0.235031
6715.53223 0.244339
6716.39600 0.254005
6717.26123 0.263982
6718.12500 0.274221
6718.99023 0.284696
6719.85400 0.295421
6720.71924 0.306432
6721.58301 0.317766
6722.44824 0.329428
6723.31201 0.341391
6724.17578 0.353614
6725.04102 0.366079
6725.90479 0.3788
6726.77002 0.391804
6727.63379 0.405091
6728.49902 0.41861
6729.36279 0.43226
6730.22803 0.445944
6731.09180 0.459611
6731.95703 0.47327
6732.82080 0.48697
6733.68604 0.500749
6734.54980 0.514606
6735.41504 0.528479
6736.27881 0.542277
6737.14307 0.555897
6738.00781 0.56925
6738.87207 0.582259
6739.73682 0.594852
6740.60107 0.606955
6741.46484 0.618505
6742.33008 0.629455
6743.19385 0.639795
6744.05908 0.64954
6744.92285 0.658729
6745.78809 0.667411
6746.65186 0.675628
6747.51709 0.683401
6748.38086 0.690725
6749.24609 0.697563
6750.10986 0.703873
6750.97412 0.709624
6751.83887 0.714822
6752.70312 0.719502
6753.56689 0.723723
6754.43213 0.727552
6755.29590 0.731054
6756.16113 0.734284
6757.02490 0.737284
6757.89014 0.740074
6758.75391 0.742659
6759.61914 0.745021
6760.48291 0.747142
6761.34717 0.749006
6762.21191 0.750603
6763.07617 0.751929
6763.93994 0.752976
6764.80518 0.753764
6765.66895 0.754342
6766.53418 0.754793
6767.39795 0.755202
6768.26318 0.755629
6769.12695 0.756088
6769.99121 0.756552
6770.85596 0.756973
6771.72021 0.757307
6772.58398 0.757515
6773.44922 0.757578
6774.31299 0.757506
6775.17822 0.757352
6776.04199 0.757213
6776.90723 0.757191
6777.77100 0.757352
6778.63477 0.75769
6779.50000 0.758111
6780.36377 0.758477
6781.22900 0.758657
6782.09277 0.758568
6782.95801 0.75821
6783.82178 0.757655
6784.68604 0.757042
6785.55078 0.75653
6786.41504 0.756252
6787.27881 0.756268
6788.14404 0.75655
6789.00781 0.757004
6789.87305 0.757511
6790.73682 0.75797
6791.60107 0.758328
6792.46582 0.758588
6793.33008 0.758797
6794.19385 0.759024
6795.05908 0.759329
6795.92285 0.75975
6796.78809 0.760279
6797.65186 0.760882
6798.51611 0.761511
6799.37988 0.762115
6800.24512 0.762646
6801.10889 0.763066
6801.97412 0.763343
6802.83789 0.76348
6803.70312 0.763516
6804.56689 0.763517
6805.43115 0.763547
6806.29492 0.763637
6807.16016 0.763784
6808.02393 0.763979
6808.88916 0.76421
6809.75293 0.764478
6810.61719 0.764778
6811.48193 0.765083
6812.34619 0.765346
6813.20996 0.765513
6814.07520 0.765538
6814.93896 0.765398
6815.80322 0.76511
6816.66797 0.764727
6817.53223 0.76433
6818.39600 0.763987
6819.26123 0.763731
6820.12500 0.763525
6820.99023 0.76328
6821.85400 0.762881
6822.71777 0.762244
6823.58301 0.761342
6824.44678 0.760236
6825.31104 0.759043
6826.17578 0.757913
6827.04004 0.756981
6827.90381 0.756339
6828.76904 0.756029
6829.63281 0.756037
6830.49707 0.756313
6831.36182 0.756806
6832.22607 0.757481
6833.08984 0.758322
6833.95508 0.759322
6834.81885 0.760444
6835.68311 0.761619
6836.54688 0.762762
6837.41211 0.763802
6838.27588 0.764692
6839.14111 0.765421
6840.00488 0.766
6840.86914 0.76646
6841.73291 0.76686
6842.59814 0.767281
6843.46191 0.767814
6844.32715 0.768538
6845.19092 0.769483
6846.05518 0.770609
6846.91895 0.771829
6847.78418 0.773022
6848.64795 0.774098
6849.51221 0.775015
6850.37598 0.775797
6851.24121 0.776516
6852.10498 0.777254
6852.97021 0.778066
6853.83398 0.77896
6854.69824 0.779897
6855.56299 0.780813
6856.42676 0.781654
6857.29102 0.782394
6858.15479 0.78304
6859.02002 0.783616
6859.88379 0.78415
6860.74902 0.784655
6861.61279 0.78514
6862.47705 0.785613
6863.34082 0.786081
6864.20605 0.786547
6865.06982 0.786993
6865.93408 0.787365
6866.79785 0.787584
6867.66309 0.787538
6868.52686 0.787116
6869.39111 0.786233
6870.25488 0.784852
6871.12012 0.783003
6871.98389 0.780752
6872.84814 0.778179
6873.71191 0.775326
6874.57715 0.772185
6875.44092 0.768691
6876.30615 0.764744
6877.16992 0.760233
6878.03418 0.755081
6878.89795 0.749259
6879.76318 0.742787
6880.62695 0.735708
6881.49121 0.728062
6882.35498 0.719859
6883.22021 0.711087
6884.08398 0.701728
6884.94824 0.691776
6885.81299 0.681245
6886.67676 0.670171
6887.54102 0.658596
6888.40479 0.646565
6889.27002 0.634114
6890.13379 0.621254
6890.99805 0.607993
6891.86182 0.594338
6892.72705 0.580326
6893.59082 0.566029
6894.45508 0.551555
6895.31885 0.537026
6896.18408 0.52255
6897.04785 0.508199
6897.91211 0.493995
6898.77588 0.479923
6899.64111 0.465944
6900.50488 0.452034
6901.36914 0.438192
6902.23291 0.424449
6903.09814 0.410852
6903.96191 0.397447
6904.82617 0.384265
6905.68994 0.371323
6906.55518 0.358621
6907.41895 0.34615
6908.28320 0.333897
6909.14697 0.321855
6910.01221 0.310026
6910.87598 0.298432
6911.74023 0.287105
6912.60400 0.276083
6913.46777 0.265392
6914.33301 0.255048
6915.19678 0.24505
6916.06104 0.235389
6916.92480 0.226054
6917.79004 0.21703
6918.65381 0.208305
6919.51807 0.19987
6920.38184 0.191719
6921.24707 0.183852
6922.11084 0.176277
6922.97510 0.169008
6923.83887 0.162054
6924.70410 0.155415
6925.56689 0.149084
6926.43213 0.143042
6927.29590 0.13728
6928.16016 0.131795
6929.02393 0.126589
6929.88916 0.121666
6930.75293 0.117009
6931.61719 0.112582
6932.48096 0.108339
6933.34619 0.104238
6934.20996 0.100259
6935.07422 0.096406
6935.93799 0.092699
6936.80176 0.08916
6937.66699 0.085804
6938.53076 0.082632
6939.39502 0.079638
6940.25879 0.076806
6941.12402 0.074111
6941.98779 0.071528
6942.85205 0.069036
6943.71582 0.066627
6944.58008 0.064305
6945.44385 0.062087
6946.30908 0.059987
6947.17285 0.058009
6948.03711 0.056145
6948.90088 0.054372
6949.76514 0.052669
6950.62891 0.051025
6951.49414 0.049441
6952.35791 0.047931
6953.22217 0.046506
6954.08594 0.045171
6954.95020 0.043917
6955.81396 0.042734
6956.67920 0.041616
6957.54297 0.040557
6958.40723 0.039543
6959.27100 0.038549
6960.13623 0.037542
6961.00000 0.036497
6961.86377 0.035404
6962.72803 0.034281
6963.59180 0.033163
6964.45703 0.032086
6965.32080 0.031075
6966.18506 0.030136
6967.04883 0.029259
6967.91309 0.028429
6968.77686 0.027636
6969.64209 0.026878
6970.50488 0.026165
6971.37012 0.025503
6972.23389 0.024895
6973.09814 0.024338
6973.96191 0.023818
6974.82617 0.023317
6975.68994 0.022816
6976.55518 0.022304
6977.41895 0.021781
6978.28320 0.02126
6979.14697 0.020758
6980.01123 0.020288
6980.87500 0.019852
6981.74023 0.019439
6982.60400 0.019037
6983.46777 0.018633
6984.33203 0.018218
6985.19580 0.017784
6986.06104 0.017326
6986.92383 0.016839
6987.78906 0.016332
6988.65283 0.015821
6989.51709 0.015336
6990.38086 0.014909
6991.24512 0.014563
6992.10889 0.014307
6992.97412 0.014134
6993.83789 0.014022
6994.70215 0.013941
6995.56592 0.013859
6996.43018 0.013752
6997.29395 0.013607
6998.15820 0.013424
6999.02197 0.013211
6999.88721 0.012978
7000.75000 0.012735
7001.61523 0.012485
7002.47900 0.012228
7003.34277 0.011962
7004.20703 0.011693
7005.07080 0.011427
7005.93604 0.011174
7006.79980 0.010939
7007.66406 0.010718
7008.52783 0.010505
7009.39209 0.010295
7010.25586 0.010091
7011.12012 0.009898
7011.98389 0.009722
7012.84912 0.00956
7013.71191 0.009407
7014.57715 0.00926
7015.44092 0.00912
7016.30518 0.008993
7017.16895 0.008885
7018.03320 0.008792
7018.89697 0.008701
7019.76123 0.008599
7020.62500 0.008478
7021.48877 0.00834
7022.35400 0.0082
7023.21777 0.008076
7024.08203 0.007982
7024.94580 0.007922
7025.81006 0.007888
7026.67383 0.007869
7027.53809 0.00785
7028.40186 0.007817
7029.26709 0.007757
7030.12988 0.00766
7030.99512 0.007519
7031.85889 0.007332
7032.72314 0.007104
7033.58691 0.006854
7034.45117 0.006608
7035.31494 0.006396
7036.17920 0.006241
7037.04297 0.006152
7037.90723 0.006123
7038.77100 0.006139
7039.63477 0.006177
7040.50000 0.006214
7041.36377 0.006228
7042.22803 0.0062
7043.09180 0.006119
7043.95605 0.005989
7044.81982 0.005829
7045.68408 0.005664
7046.54785 0.005517
7047.41211 0.0054
7048.27588 0.005314
7049.14014 0.005249
7050.00391 0.005197
7050.86914 0.00515
7051.73193 0.005107
7052.59717 0.005065
7053.45996 0.00502
7054.32520 0.004957
7055.18896 0.004862
7056.05322 0.004727
7056.91699 0.004563
7057.78076 0.004391
7058.64502 0.004237
7059.50879 0.004125
7060.37305 0.004065
7061.23682 0.004055
7062.10107 0.004086
7062.96484 0.004137
7063.83008 0.004186
7064.69287 0.004212
7065.55811 0.0042
7066.42090 0.004138
7067.28613 0.004028
7774.01465 0.0
