threeML/data/optical_filters/CAHA/CAHA-f_449_76.ecsv
# %ECSV 0.9
# ---
# datatype:
# - {name: wavelength, unit: Angstrom, datatype: float32}
# - {name: response, datatype: float32}
# meta: !!omap
# - {band_name: f_449_76}
# - {group_name: CAHA}
wavelength response
3384.09351 0.0
3760.10400 0.004113
3763.34790 0.004664
3766.59204 0.005259
3769.83594 0.005892
3773.08105 0.006574
3776.32495 0.007305
3779.56909 0.00809
3782.81396 0.008933
3786.05811 0.009849
3789.30200 0.010843
3792.54712 0.011932
3795.79102 0.013129
3799.03589 0.014443
3802.28003 0.015883
3805.52490 0.017443
3808.77002 0.019119
3812.01392 0.020895
3815.25903 0.022745
3818.50293 0.024651
3821.74805 0.026594
3824.99292 0.02857
3828.23804 0.030586
3831.48193 0.032643
3834.72705 0.034759
3837.97192 0.036914
3841.21704 0.039075
3844.46191 0.041201
3847.70703 0.043237
3850.95190 0.045141
3854.19702 0.046881
3857.44189 0.048449
3860.68701 0.049852
3863.93188 0.051113
3867.17700 0.052255
3870.42310 0.053311
3873.66797 0.054317
3876.91309 0.055338
3880.15796 0.056452
3883.40405 0.057754
3886.64893 0.059338
3889.89404 0.061289
3893.13989 0.063644
3896.38501 0.066393
3899.62988 0.069487
3902.87598 0.072822
3906.12109 0.076291
3909.36694 0.079773
3912.61304 0.083189
3915.85791 0.086492
3919.10400 0.089679
3922.35010 0.092785
3925.59497 0.095866
3928.84106 0.098988
3932.08691 0.102208
3935.33301 0.105549
3938.57788 0.109035
3941.82397 0.112643
3945.07007 0.116326
3948.31592 0.120035
3951.56201 0.123717
3954.80811 0.12735
3958.05396 0.13093
3961.30005 0.134479
3964.54590 0.138037
3967.79199 0.141652
3971.03906 0.145347
3974.28491 0.149122
3977.53101 0.152953
3980.77710 0.156797
3984.02393 0.160613
3987.27002 0.164376
3990.51611 0.16809
3993.76294 0.171774
3997.00903 0.175469
4000.25610 0.179209
4003.50195 0.183052
4006.74902 0.187031
4009.99512 0.191185
4013.24194 0.195527
4016.48901 0.200053
4019.73511 0.204722
4022.98193 0.209468
4026.22900 0.214188
4029.47510 0.218773
4032.72192 0.223117
4035.96899 0.227132
4039.21606 0.230764
4042.46289 0.234008
4045.70996 0.236902
4048.95703 0.239519
4052.20410 0.241966
4055.45093 0.244358
4058.69800 0.246819
4061.94507 0.249444
4065.19189 0.252294
4068.43896 0.255377
4071.68701 0.258676
4074.93408 0.26213
4078.18091 0.265672
4081.42798 0.269245
4084.67603 0.272813
4087.92310 0.276361
4091.17090 0.2799
4094.41797 0.283453
4097.66602 0.287043
4100.91309 0.290677
4104.16113 0.294345
4107.40820 0.298033
4110.65576 0.301704
4113.90381 0.305317
4117.15088 0.308833
4120.39893 0.312222
4123.64697 0.315464
4126.89502 0.31856
4130.14307 0.321516
4133.39014 0.324355
4136.63818 0.327107
4139.88623 0.329804
4143.13379 0.332485
4146.38184 0.335185
4149.62988 0.337936
4152.87793 0.34078
4156.12598 0.343756
4159.37500 0.346897
4162.62305 0.350237
4165.87109 0.353786
4169.12012 0.357527
4172.36816 0.361419
4175.61621 0.36539
4178.86523 0.369367
4182.11279 0.373274
4185.36182 0.37705
4188.60986 0.380677
4191.85791 0.384156
4195.10693 0.387497
4198.35596 0.390716
4201.60400 0.393817
4204.85303 0.396785
4208.10205 0.399587
4211.35107 0.402195
4214.60010 0.404581
4217.84814 0.406747
4221.09717 0.408716
4224.34619 0.410544
4227.59521 0.412311
4230.84424 0.414104
4234.09277 0.416012
4237.34180 0.418098
4240.59082 0.420386
4243.83984 0.422862
4247.08984 0.425473
4250.33887 0.428144
4253.58789 0.430783
4256.83691 0.433309
4260.08691 0.435669
4263.33594 0.437836
4266.58496 0.439807
4269.83496 0.441618
4273.08398 0.443311
4276.33398 0.444951
4279.58301 0.446591
4282.83301 0.448294
4286.08301 0.450098
4289.33301 0.452012
4292.58203 0.454013
4295.83203 0.45606
4299.08203 0.458083
4302.33203 0.460012
4305.58203 0.461789
4308.83105 0.463385
4312.08105 0.464803
4315.33105 0.466089
4318.58105 0.467294
4321.83203 0.468484
4325.08203 0.469699
4328.33203 0.470963
4331.58203 0.472276
4334.83203 0.473631
4338.08203 0.475023
4341.33301 0.476469
4344.58301 0.478002
4347.83301 0.479659
4351.08301 0.481471
4354.33398 0.483437
4357.58398 0.485519
4360.83496 0.487649
4364.08594 0.489735
4367.33594 0.491692
4370.58691 0.493456
4373.83789 0.49501
4377.08789 0.496372
4380.33887 0.497607
4383.58984 0.498805
4386.84082 0.500076
4390.09180 0.501531
4393.34277 0.503273
4396.59424 0.505383
4399.84521 0.507913
4403.09619 0.510892
4406.34717 0.514305
4409.59814 0.518112
4412.84912 0.522235
4416.10107 0.526572
4419.35205 0.531015
4422.60303 0.535448
4425.85400 0.539767
4429.10596 0.543886
4432.35693 0.547744
4435.60889 0.551319
4438.85986 0.554613
4442.11182 0.557651
4445.36279 0.560462
4448.61523 0.563075
4451.86719 0.565501
4455.11816 0.567735
4458.37012 0.569755
4461.62207 0.571533
4464.87402 0.573055
4468.12500 0.57432
4471.37695 0.575345
4474.62891 0.576167
4477.88086 0.576847
4481.13379 0.577452
4484.38623 0.578061
4487.63818 0.578748
4490.89014 0.579583
4494.14209 0.580609
4497.39502 0.581832
4500.64697 0.583221
4503.89893 0.584697
4507.15088 0.586161
4510.40381 0.587499
4513.65576 0.588614
4516.90918 0.589437
4520.16211 0.589944
4523.41406 0.590153
4526.66699 0.590124
4529.91895 0.589937
4533.17188 0.58969
4536.42480 0.589474
4539.67822 0.589359
4542.93115 0.589392
4546.18408 0.589587
4549.43701 0.589934
4552.68896 0.590388
4555.94189 0.590893
4559.19482 0.591387
4562.44922 0.5918
4565.70215 0.592071
4568.95508 0.592147
4572.20801 0.592
4575.46094 0.591618
4578.71484 0.59101
4581.96777 0.590202
4585.22217 0.589232
4588.47510 0.588148
4591.72900 0.586984
4594.98193 0.585767
4598.23584 0.58452
4601.48877 0.583245
4604.74316 0.581934
4607.99707 0.580569
4611.25000 0.579127
4614.50391 0.577584
4617.75781 0.575921
4621.01221 0.574116
4624.26611 0.572157
4627.52002 0.57004
4630.77393 0.56777
4634.02783 0.565354
4637.28223 0.562812
4640.53711 0.560167
4643.79102 0.557448
4647.04492 0.554678
4650.29883 0.551869
4653.55420 0.549042
4656.80811 0.546193
4660.06299 0.543318
4663.31689 0.540415
4666.57080 0.537469
4669.82617 0.534476
4673.08105 0.531427
4676.33496 0.528315
4679.58984 0.525139
4682.84521 0.521894
4686.10010 0.518578
4689.35400 0.515193
4692.60889 0.51175
4695.86377 0.508255
4699.11914 0.50472
4702.37500 0.501154
4705.62891 0.497571
4708.88379 0.493977
4712.14014 0.490378
4715.39502 0.48677
4718.64990 0.483149
4721.90479 0.479504
4725.16113 0.475815
4728.41602 0.472063
4731.67188 0.468225
4734.92676 0.464286
4738.18311 0.460232
4741.43799 0.456062
4744.69385 0.45178
4747.95020 0.447402
4751.20508 0.442949
4754.46094 0.438434
4757.71680 0.433873
4760.97314 0.429275
4764.22900 0.424639
4767.48389 0.419964
4770.74121 0.415248
4773.99707 0.410494
4777.25195 0.405715
4780.50879 0.400936
4783.76514 0.396189
4787.02100 0.391502
4790.27686 0.3869
4793.53418 0.382393
4796.79004 0.377977
4800.04688 0.373636
4803.30322 0.36935
4806.56006 0.365089
4809.81592 0.36083
4813.07324 0.356555
4816.33008 0.352259
4819.58594 0.347939
4822.84277 0.343608
4826.10010 0.339286
4829.35596 0.334999
4832.61279 0.33078
4835.87109 0.32666
4839.12695 0.322662
4842.38379 0.318798
4845.64209 0.31507
4848.89893 0.311461
4852.15576 0.307943
4855.41309 0.304478
4858.66992 0.301022
4861.92822 0.29753
4865.18506 0.29397
4868.44287 0.290324
4871.70020 0.286586
4874.95801 0.282773
4878.21484 0.278911
4881.47314 0.27503
4884.72998 0.271164
4887.98779 0.267344
4891.24609 0.263588
4894.50391 0.259911
4897.76221 0.256316
4901.02002 0.252802
4904.27783 0.24936
4907.53613 0.245982
4910.79297 0.242653
4914.05176 0.239362
4917.31006 0.236095
4920.56787 0.232847
4923.82715 0.229622
4927.08496 0.226429
4930.34277 0.223286
4933.60205 0.220215
4936.85986 0.21723
4940.11914 0.214344
4943.37695 0.21155
4946.63623 0.208827
4949.89502 0.206149
4953.15283 0.203487
4956.41211 0.200823
4959.66992 0.198152
4962.93018 0.195478
4966.18799 0.192816
4969.44678 0.190184
4972.70703 0.1876
4975.96484 0.185066
4979.22510 0.182581
4982.48389 0.180131
4985.74316 0.1777
4989.00195 0.175262
4992.26221 0.172798
4995.52100 0.170295
4998.77979 0.167744
5002.04004 0.165146
5005.29883 0.162512
5008.55908 0.159856
5011.81787 0.157186
5015.07812 0.154513
5018.33789 0.151835
5021.59814 0.149148
5024.85693 0.146442
5028.11719 0.143709
5031.37695 0.140946
5034.63721 0.138148
5037.89697 0.135324
5041.15723 0.132478
5044.41699 0.12962
5047.67822 0.126758
5050.93799 0.123902
5054.19824 0.12106
5057.45801 0.118239
5060.71924 0.115453
5063.97900 0.112715
5067.24023 0.110042
5070.50000 0.10745
5073.76123 0.104949
5077.02100 0.102549
5080.28223 0.100242
5083.54297 0.098015
5086.80420 0.095845
5090.06494 0.093704
5093.32617 0.091564
5096.58691 0.089399
5099.84814 0.087196
5103.10889 0.084954
5106.37012 0.082686
5109.63086 0.080416
5112.89209 0.07818
5116.15381 0.076015
5119.41504 0.073957
5122.67578 0.072029
5125.93799 0.070243
5129.19922 0.068602
5132.46094 0.067093
5135.72314 0.065697
5138.98389 0.064389
5142.24609 0.063143
5145.50781 0.061929
5148.77002 0.060728
5152.03076 0.059521
5155.29297 0.058294
5158.55518 0.057041
5161.81689 0.055757
5165.07910 0.05444
5168.34082 0.053093
5171.60400 0.05172
5174.86621 0.050332
5178.12793 0.048941
5181.39111 0.047564
5184.65283 0.046215
5187.91602 0.044908
5191.17822 0.043653
5194.43994 0.04245
5197.70312 0.041297
5200.96582 0.040188
5204.22900 0.039114
5207.49121 0.03807
5210.75391 0.037051
5214.01709 0.036054
5217.27979 0.035078
5220.54297 0.034123
5223.80615 0.033192
5227.06885 0.032287
5230.33301 0.031412
5233.59619 0.030573
5236.85889 0.029775
5240.12207 0.029019
5243.38477 0.0283
5246.64893 0.02761
5249.91309 0.026931
5253.17578 0.026247
5256.43896 0.025548
5259.70312 0.02483
5262.96680 0.024094
5266.23096 0.023354
5269.49512 0.022623
5272.75781 0.021913
5276.02197 0.021234
5279.28711 0.020591
5282.54980 0.019985
5285.81396 0.019415
5289.07910 0.018879
5292.34277 0.018372
5295.60693 0.017889
5298.87207 0.017424
5302.13623 0.01697
5305.39990 0.016524
5308.66504 0.016082
5311.92920 0.015641
5315.19385 0.015203
5318.45801 0.014771
5321.72412 0.01435
5324.98779 0.013945
5328.25293 0.013563
5331.51807 0.013213
5334.78320 0.0129
5338.04785 0.012632
5341.31299 0.012411
5344.57812 0.012236
5347.84277 0.0121
5351.10791 0.011992
5354.37402 0.011898
5357.63916 0.011796
5360.90479 0.011669
5364.16992 0.011504
5367.43604 0.011292
5370.70117 0.011034
5373.96680 0.010737
5377.23193 0.010418
5380.49805 0.010095
5383.76416 0.009788
5387.02979 0.009516
5390.29590 0.00929
5393.56201 0.009119
5396.82812 0.009004
5400.09424 0.008944
5403.35986 0.008933
5406.62598 0.008965
5409.89307 0.009031
5413.15918 0.009124
5416.42480 0.009233
5419.69092 0.009349
5422.95801 0.009463
5426.22510 0.009569
5429.49121 0.00966
5432.75781 0.009735
5436.02490 0.009794
5439.29199 0.009835
5442.55908 0.00986
5445.82520 0.009871
5449.09180 0.009871
5452.35889 0.009866
5455.62598 0.009866
5458.89404 0.009884
5462.16113 0.009932
5465.42822 0.01002
5468.69482 0.010156
5471.96191 0.010336
5475.22998 0.010554
5478.49805 0.010799
5481.76514 0.011057
5485.03320 0.01132
5488.29980 0.011579
5491.56787 0.011833
5494.83594 0.012081
5498.10400 0.012323
5501.37207 0.012563
5504.64014 0.012801
5507.90820 0.01304
5511.17578 0.013282
5514.44385 0.013527
5517.71191 0.013775
5520.97998 0.014024
5524.24902 0.014271
5527.51709 0.014513
5530.78613 0.014746
5534.05420 0.014966
5537.32324 0.015172
5540.59082 0.015364
5543.85986 0.015543
5547.12793 0.015712
5550.39697 0.015873
5553.66699 0.016033
5556.93506 0.016196
5560.20410 0.016365
5563.47314 0.016542
5566.74219 0.016727
5570.01221 0.01692
5573.28076 0.017118
5576.54980 0.017316
5579.81885 0.017512
5583.08887 0.017699
5586.35791 0.017875
5589.62793 0.018034
5592.89697 0.018172
5596.16699 0.018284
5599.43701 0.018366
5602.70703 0.018412
5605.97705 0.018419
5609.24609 0.018384
5612.51611 0.018308
5615.78711 0.018193
5619.05713 0.018046
5622.32715 0.017874
5625.59717 0.017681
5628.86719 0.017475
5632.13721 0.017259
5635.40820 0.017031
5638.67822 0.016794
5641.94922 0.016548
5645.21924 0.016295
5648.49023 0.016039
5651.76123 0.015784
5655.03076 0.015534
5658.30176 0.015292
5661.57324 0.015058
5664.84424 0.014826
5668.11523 0.01459
5671.38623 0.014339
5674.65723 0.014066
5677.92920 0.013764
5681.20020 0.013431
5684.47119 0.013073
5687.74316 0.012698
5691.01416 0.012318
5694.28613 0.011945
5697.55713 0.011588
5700.82910 0.011246
5704.10107 0.010917
5707.37207 0.010589
5710.64404 0.010253
5713.91602 0.009899
5717.18799 0.009523
5720.45996 0.009123
5723.73193 0.008705
5727.00391 0.008278
5730.27588 0.007853
5733.54785 0.007443
5736.82080 0.007058
5740.09277 0.00671
5743.36621 0.006406
5746.63818 0.006151
5749.91113 0.005946
5753.18408 0.005788
5756.45605 0.005672
5759.72900 0.005592
5763.00195 0.005537
5766.27490 0.005494
5769.54785 0.005453
5772.82080 0.005399
5776.09424 0.00532
5779.36719 0.005206
5782.64111 0.005053
5785.91406 0.00486
5789.18701 0.004636
5792.45996 0.00439
5795.73389 0.004138
6375.30713 0.0
