threeML/data/optical_filters/CAHA/CAHA-f_662_5.ecsv
# %ECSV 0.9
# ---
# datatype:
# - {name: wavelength, unit: Angstrom, datatype: float32}
# - {name: response, datatype: float32}
# meta: !!omap
# - {band_name: f_662_5}
# - {group_name: CAHA}
wavelength response
5915.17773 0.0
6572.41992 0.004106
6572.68018 0.004144
6572.93994 0.004298
6573.20020 0.004326
6573.47021 0.004395
6573.72998 0.004559
6573.99023 0.004586
6574.25000 0.004718
6574.50977 0.004836
6574.77002 0.005151
6575.02979 0.005143
6575.29004 0.005353
6575.56006 0.005381
6575.81982 0.005459
6576.08008 0.005687
6576.33984 0.005785
6576.60010 0.006064
6576.85986 0.006145
6577.12012 0.006418
6577.39014 0.00668
6577.64990 0.0068
6577.91016 0.007056
6578.16992 0.00736
6578.43018 0.007565
6578.68994 0.007802
6578.95020 0.007914
6579.20996 0.008539
6579.47998 0.00874
6579.74023 0.009148
6580.00000 0.009683
6580.25977 0.009983
6580.52002 0.010492
6580.77979 0.010939
6581.04004 0.011214
6581.31006 0.011952
6581.56982 0.012558
6581.83008 0.013154
6582.08984 0.013877
6582.35010 0.014802
6582.60986 0.015505
6582.87012 0.016355
6583.12988 0.01736
6583.39990 0.018344
6583.66016 0.019753
6583.91992 0.020472
6584.18018 0.021729
6584.43994 0.022863
6584.70020 0.024719
6584.95996 0.026326
6585.22021 0.028128
6585.49023 0.029851
6585.75000 0.032523
6586.00977 0.034884
6586.27002 0.037831
6586.52979 0.039875
6586.79004 0.042746
6587.04980 0.046488
6587.31006 0.050805
6587.58008 0.054707
6587.83984 0.059265
6588.10010 0.063995
6588.35986 0.069769
6588.62012 0.075254
6588.87988 0.082123
6589.14014 0.090223
6589.41016 0.098569
6589.66992 0.108208
6589.93018 0.118226
6590.18994 0.127679
6590.45020 0.139166
6590.70996 0.152257
6590.97021 0.166622
6591.22998 0.183386
6591.50000 0.201272
6591.75977 0.219047
6592.02002 0.238114
6592.27979 0.257319
6592.54004 0.278303
6592.79980 0.302322
6593.06006 0.327887
6593.31982 0.353303
6593.58984 0.378069
6593.85010 0.403621
6594.10986 0.425258
6594.37012 0.448204
6594.62988 0.4725
6594.89014 0.494727
6595.14990 0.517946
6595.41992 0.534582
6595.68018 0.550808
6595.93994 0.564341
6596.20020 0.572795
6596.45996 0.582973
6596.72021 0.590223
6596.97998 0.597992
6597.24023 0.599653
6597.50977 0.600592
6597.77002 0.601547
6598.02979 0.600479
6598.29004 0.599916
6598.54980 0.598452
6598.81006 0.59567
6599.06982 0.591277
6599.33008 0.585586
6599.60010 0.582004
6599.85986 0.578674
6600.12012 0.5754
6600.37988 0.572749
6600.64014 0.571385
6600.89990 0.565666
6601.16016 0.5657
6601.43018 0.559304
6601.68994 0.557489
6601.95020 0.556863
6602.20996 0.556718
6602.47021 0.557167
6602.72998 0.55532
6602.99023 0.552483
6603.25000 0.551067
6603.52002 0.550866
6603.77979 0.551905
6604.04004 0.553266
6604.29980 0.556429
6604.56006 0.55816
6604.81982 0.557569
6605.08008 0.558316
6605.33984 0.557807
6605.60986 0.56135
6605.87012 0.564425
6606.12988 0.569747
6606.39014 0.572894
6606.64990 0.575059
6606.91016 0.577611
6607.16992 0.57852
6607.43994 0.579928
6607.70020 0.584862
6607.95996 0.591007
6608.22021 0.596817
6608.47998 0.599416
6608.74023 0.602893
6609.00000 0.604107
6609.25977 0.606545
6609.52979 0.611966
6609.79004 0.616258
6610.04980 0.62079
6610.31006 0.625003
6610.56982 0.62955
6610.83008 0.633081
6611.08984 0.634384
6611.35010 0.637095
6611.62012 0.641005
6611.87988 0.645119
6612.14014 0.650651
6612.39990 0.655396
6612.66016 0.657097
6612.91992 0.659301
6613.18018 0.662248
6613.43994 0.663765
6613.70996 0.665605
6613.97021 0.670409
6614.22998 0.673092
6614.49023 0.677589
6614.75000 0.678816
6615.00977 0.67879
6615.27002 0.683335
6615.54004 0.682777
6615.79980 0.682727
6616.06006 0.686137
6616.31982 0.690121
6616.58008 0.689182
6616.83984 0.691125
6617.10010 0.692436
6617.35986 0.689944
6617.62988 0.692421
6617.89014 0.693096
6618.14990 0.694563
6618.41016 0.697089
6618.66992 0.698211
6618.93018 0.698108
6619.18994 0.695919
6619.45020 0.695566
6619.72021 0.696232
6619.97998 0.697428
6620.24023 0.697811
6620.50000 0.698234
6620.75977 0.697865
6621.02002 0.697742
6621.27979 0.69697
6621.54980 0.69619
6621.81006 0.697649
6622.06982 0.694775
6622.33008 0.697165
6622.58984 0.695868
6622.85010 0.696066
6623.10986 0.697486
6623.37012 0.693962
6623.64014 0.693084
6623.89990 0.694516
6624.16016 0.691573
6624.41992 0.690473
6624.68018 0.689943
6624.93994 0.689852
6625.20020 0.69026
6625.45996 0.687938
6625.72998 0.688787
6625.99023 0.687498
6626.25000 0.685373
6626.50977 0.687875
6626.77002 0.686199
6627.02979 0.682226
6627.29004 0.683033
6627.56006 0.682755
6627.81982 0.683409
6628.08008 0.682167
6628.33984 0.681317
6628.60010 0.681853
6628.85986 0.680639
6629.12012 0.67913
6629.37988 0.679619
6629.64990 0.681284
6629.91016 0.679382
6630.16992 0.680808
6630.43018 0.681601
6630.68994 0.679704
6630.95020 0.677769
6631.20996 0.678142
6631.47021 0.680543
6631.74023 0.680615
6632.00000 0.681662
6632.25977 0.67885
6632.52002 0.677954
6632.77979 0.678024
6633.04004 0.677827
6633.29980 0.677323
6633.56006 0.676129
6633.83008 0.673707
6634.08984 0.670873
6634.35010 0.667145
6634.60986 0.664577
6634.87012 0.658879
6635.12988 0.651779
6635.39014 0.648025
6635.66016 0.641684
6635.91992 0.630016
6636.18018 0.620203
6636.43994 0.606501
6636.70020 0.596198
6636.95996 0.580204
6637.22021 0.566934
6637.47998 0.551169
6637.75000 0.533221
6638.00977 0.513751
6638.27002 0.491848
6638.52979 0.473369
6638.79004 0.451729
6639.04980 0.431581
6639.31006 0.411686
6639.56982 0.390333
6639.83984 0.369403
6640.10010 0.34638
6640.35986 0.32476
6640.62012 0.306119
6640.87988 0.286218
6641.14014 0.269048
6641.39990 0.251641
6641.66992 0.233606
6641.93018 0.21633
6642.18994 0.200015
6642.45020 0.186446
6642.70996 0.173872
6642.97021 0.160878
6643.22998 0.150612
6643.49023 0.139619
6643.75977 0.129252
6644.02002 0.119074
6644.27979 0.109994
6644.54004 0.102223
6644.79980 0.094759
6645.06006 0.088485
6645.31982 0.082313
6645.58008 0.076345
6645.85010 0.071546
6646.10986 0.065525
6646.37012 0.060931
6646.62988 0.057021
6646.89014 0.052918
6647.14990 0.050084
6647.41016 0.046693
6647.68018 0.0438
6647.93994 0.040071
6648.20020 0.037639
6648.45996 0.035476
6648.72021 0.033155
6648.97998 0.031202
6649.24023 0.029303
6649.50000 0.027909
6649.77002 0.026219
6650.02979 0.024414
6650.29004 0.023084
6650.54980 0.022018
6650.81006 0.020671
6651.06982 0.019351
6651.33008 0.018735
6651.58984 0.017708
6651.85986 0.016964
6652.12012 0.015803
6652.37988 0.015171
6652.64014 0.014483
6652.89990 0.013547
6653.16016 0.013102
6653.41992 0.012622
6653.68994 0.012153
6653.95020 0.011516
6654.20996 0.011029
6654.47021 0.010268
6654.72998 0.010208
6654.99023 0.009777
6655.25000 0.009519
6655.50977 0.009042
6655.77979 0.008699
6656.04004 0.008141
6656.29980 0.008157
6656.56006 0.007804
6656.81982 0.007649
6657.08008 0.007429
6657.33984 0.007039
6657.60010 0.006722
6657.87012 0.006815
6658.12988 0.006373
6658.39014 0.006168
6658.64990 0.005969
6658.91016 0.005813
6659.16992 0.005721
6659.43018 0.005528
6659.68994 0.005364
6659.95996 0.005206
6660.22021 0.005172
6660.47998 0.004837
6660.74023 0.004862
6661.00000 0.004673
6661.25977 0.004653
6661.52002 0.004691
6661.79004 0.0045
6662.04980 0.004385
6662.31006 0.004248
6662.56982 0.004273
6662.83008 0.004085
6663.08984 0.004052
7329.39893 0.0
