threeML/data/optical_filters/CAHA/CAHA-f_674_18.ecsv
# %ECSV 0.9
# ---
# datatype:
# - {name: wavelength, unit: Angstrom, datatype: float32}
# - {name: response, datatype: float32}
# meta: !!omap
# - {band_name: f_674_18}
# - {group_name: CAHA}
wavelength response
5879.19580 0.0
6532.43994 0.004159
6532.70020 0.004159
6532.95996 0.004048
6533.22998 0.004031
6533.49023 0.00403
6533.75000 0.004122
6534.00977 0.004197
6534.27002 0.004199
6534.52979 0.004196
6534.79004 0.00412
6535.04980 0.004193
6535.31982 0.004351
6535.58008 0.004437
6535.83984 0.004198
6536.10010 0.004364
6536.35986 0.004446
6536.62012 0.00438
6536.87988 0.004342
6537.14990 0.004434
6537.41016 0.004428
6537.66992 0.004619
6537.93018 0.00445
6538.18994 0.004609
6538.45020 0.00463
6538.70996 0.004602
6538.97021 0.004609
6539.24023 0.004833
6539.50000 0.004703
6539.75977 0.004668
6540.02002 0.004931
6540.27979 0.004768
6540.54004 0.004914
6540.79980 0.004983
6541.06006 0.004728
6541.33008 0.004889
6541.58984 0.004936
6541.85010 0.005033
6542.10986 0.004978
6542.37012 0.005108
6542.62988 0.005189
6542.89014 0.005105
6543.16016 0.00521
6543.41992 0.00519
6543.68018 0.005314
6543.93994 0.005318
6544.20020 0.005245
6544.45996 0.005331
6544.72021 0.005373
6544.97998 0.005488
6545.25000 0.00547
6545.50977 0.005519
6545.77002 0.005608
6546.02979 0.005567
6546.29004 0.005689
6546.54980 0.005727
6546.81006 0.005692
6547.06982 0.005704
6547.33984 0.005769
6547.60010 0.005776
6547.85986 0.005943
6548.12012 0.005786
6548.37988 0.005834
6548.64014 0.006099
6548.89990 0.006048
6549.16992 0.006267
6549.43018 0.006148
6549.68994 0.006024
6549.95020 0.006229
6550.20996 0.006402
6550.47021 0.006156
6550.72998 0.006282
6550.99023 0.006256
6551.25977 0.006308
6551.52002 0.006471
6551.77979 0.006453
6552.04004 0.006489
6552.29980 0.006275
6552.56006 0.006693
6552.81982 0.006656
6553.08008 0.006796
6553.35010 0.006816
6553.60986 0.006689
6553.87012 0.006964
6554.12988 0.006944
6554.39014 0.006969
6554.64990 0.006809
6554.91016 0.007069
6555.16992 0.007034
6555.43994 0.007185
6555.70020 0.007315
6555.95996 0.007369
6556.22021 0.007311
6556.47998 0.00738
6556.74023 0.007518
6557.00000 0.007448
6557.27002 0.007565
6557.52979 0.007638
6557.79004 0.007771
6558.04980 0.007795
6558.31006 0.007817
6558.56982 0.007954
6558.83008 0.007874
6559.08984 0.008002
6559.35986 0.008093
6559.62012 0.008154
6559.87988 0.008236
6560.14014 0.008298
6560.39990 0.008225
6560.66016 0.008233
6560.91992 0.008627
6561.18994 0.008449
6561.45020 0.008518
6561.70996 0.008796
6561.97021 0.008529
6562.22998 0.008759
6562.49023 0.008751
6562.75000 0.009056
6563.00977 0.009071
6563.27979 0.009017
6563.54004 0.00896
6563.79980 0.009232
6564.06006 0.009275
6564.31982 0.00934
6564.58008 0.009389
6564.83984 0.009516
6565.10010 0.009638
6565.37012 0.009719
6565.62988 0.009779
6565.89014 0.009725
6566.14990 0.009919
6566.41016 0.009956
6566.66992 0.00984
6566.93018 0.010148
6567.18994 0.010093
6567.45996 0.010232
6567.72021 0.010477
6567.97998 0.010438
6568.24023 0.010561
6568.50000 0.010734
6568.75977 0.01069
6569.02002 0.010866
6569.29004 0.01108
6569.54980 0.010946
6569.81006 0.01114
6570.06982 0.011144
6570.33008 0.011017
6570.58984 0.011686
6570.85010 0.011556
6571.10986 0.011704
6571.37988 0.011489
6571.64014 0.011786
6571.89990 0.011816
6572.16016 0.0121
6572.41992 0.012152
6572.68018 0.012292
6572.93994 0.012281
6573.20020 0.012478
6573.47021 0.012506
6573.72998 0.012558
6573.99023 0.012836
6574.25000 0.012591
6574.50977 0.012856
6574.77002 0.012976
6575.02979 0.013312
6575.29004 0.013516
6575.56006 0.013465
6575.81982 0.013596
6576.08008 0.013758
6576.33984 0.01396
6576.60010 0.013959
6576.85986 0.014126
6577.12012 0.014336
6577.39014 0.01433
6577.64990 0.014692
6577.91016 0.014628
6578.16992 0.014882
6578.43018 0.014927
6578.68994 0.014922
6578.95020 0.015338
6579.20996 0.01545
6579.47998 0.015548
6579.74023 0.015548
6580.00000 0.016009
6580.25977 0.015729
6580.52002 0.016031
6580.77979 0.016345
6581.04004 0.016113
6581.31006 0.016433
6581.56982 0.016642
6581.83008 0.016909
6582.08984 0.016987
6582.35010 0.017145
6582.60986 0.017332
6582.87012 0.017503
6583.12988 0.01769
6583.39990 0.01788
6583.66016 0.018115
6583.91992 0.018073
6584.18018 0.018105
6584.43994 0.018127
6584.70020 0.018609
6584.95996 0.01875
6585.22021 0.018979
6585.49023 0.018956
6585.75000 0.019306
6586.00977 0.019857
6586.27002 0.019819
6586.52979 0.020029
6586.79004 0.019917
6587.04980 0.020382
6587.31006 0.020542
6587.58008 0.021068
6587.83984 0.020948
6588.10010 0.020619
6588.35986 0.021211
6588.62012 0.021771
6588.87988 0.021961
6589.14014 0.021877
6589.41016 0.022255
6589.66992 0.02219
6589.93018 0.022616
6590.18994 0.022848
6590.45020 0.023545
6590.70996 0.02343
6590.97021 0.023513
6591.22998 0.023905
6591.50000 0.024289
6591.75977 0.024635
6592.02002 0.025096
6592.27979 0.024723
6592.54004 0.025148
6592.79980 0.025406
6593.06006 0.025848
6593.31982 0.025937
6593.58984 0.026087
6593.85010 0.026674
6594.10986 0.026612
6594.37012 0.027418
6594.62988 0.027604
6594.89014 0.027917
6595.14990 0.027661
6595.41992 0.028015
6595.68018 0.028301
6595.93994 0.029261
6596.20020 0.029295
6596.45996 0.029197
6596.72021 0.029917
6596.97998 0.029933
6597.24023 0.030489
6597.50977 0.031133
6597.77002 0.030967
6598.02979 0.030933
6598.29004 0.031953
6598.54980 0.032441
6598.81006 0.032613
6599.06982 0.033026
6599.33008 0.032779
6599.60010 0.033722
6599.85986 0.034398
6600.12012 0.034575
6600.37988 0.034709
6600.64014 0.034793
6600.89990 0.035399
6601.16016 0.036038
6601.43018 0.036648
6601.68994 0.036763
6601.95020 0.036884
6602.20996 0.036943
6602.47021 0.038169
6602.72998 0.038805
6602.99023 0.039176
6603.25000 0.039451
6603.52002 0.039588
6603.77979 0.040119
6604.04004 0.040752
6604.29980 0.041072
6604.56006 0.041479
6604.81982 0.041864
6605.08008 0.042204
6605.33984 0.042837
6605.60986 0.043888
6605.87012 0.043886
6606.12988 0.043978
6606.39014 0.044658
6606.64990 0.045343
6606.91016 0.046136
6607.16992 0.0469
6607.43994 0.04692
6607.70020 0.047447
6607.95996 0.047655
6608.22021 0.049198
6608.47998 0.049895
6608.74023 0.049861
6609.00000 0.050397
6609.25977 0.051007
6609.52979 0.051959
6609.79004 0.052887
6610.04980 0.053332
6610.31006 0.053702
6610.56982 0.05438
6610.83008 0.055095
6611.08984 0.056011
6611.35010 0.056763
6611.62012 0.057361
6611.87988 0.05761
6612.14014 0.058579
6612.39990 0.059734
6612.66016 0.060958
6612.91992 0.06096
6613.18018 0.061061
6613.43994 0.061414
6613.70996 0.062695
6613.97021 0.064202
6614.22998 0.065095
6614.49023 0.065446
6614.75000 0.065967
6615.00977 0.066981
6615.27002 0.06823
6615.54004 0.068875
6615.79980 0.069546
6616.06006 0.070003
6616.31982 0.070353
6616.58008 0.072199
6616.83984 0.074226
6617.10010 0.07376
6617.35986 0.073998
6617.62988 0.075639
6617.89014 0.076518
6618.14990 0.07837
6618.41016 0.078991
6618.66992 0.079491
6618.93018 0.0796
6619.18994 0.081091
6619.45020 0.083273
6619.72021 0.084238
6619.97998 0.084389
6620.24023 0.085163
6620.50000 0.086851
6620.75977 0.088127
6621.02002 0.089731
6621.27979 0.089973
6621.54980 0.090488
6621.81006 0.092049
6622.06982 0.093509
6622.33008 0.095618
6622.58984 0.096369
6622.85010 0.097199
6623.10986 0.097765
6623.37012 0.099377
6623.64014 0.101774
6623.89990 0.102996
6624.16016 0.103263
6624.41992 0.104316
6624.68018 0.1063
6624.93994 0.108695
6625.20020 0.109809
6625.45996 0.110488
6625.72998 0.111333
6625.99023 0.113231
6626.25000 0.115867
6626.50977 0.117657
6626.77002 0.11923
6627.02979 0.119492
6627.29004 0.120421
6627.56006 0.122664
6627.81982 0.124556
6628.08008 0.127156
6628.33984 0.128034
6628.60010 0.130051
6628.85986 0.130773
6629.12012 0.133304
6629.37988 0.136108
6629.64990 0.137454
6629.91016 0.137894
6630.16992 0.138931
6630.43018 0.142418
6630.68994 0.145005
6630.95020 0.147069
6631.20996 0.148474
6631.47021 0.149573
6631.74023 0.152024
6632.00000 0.154778
6632.25977 0.157179
6632.52002 0.158063
6632.77979 0.1588
6633.04004 0.161887
6633.29980 0.164852
6633.56006 0.16715
6633.83008 0.169142
6634.08984 0.169944
6634.35010 0.171668
6634.60986 0.174695
6634.87012 0.178868
6635.12988 0.181095
6635.39014 0.181575
6635.66016 0.183445
6635.91992 0.186022
6636.18018 0.189711
6636.43994 0.192191
6636.70020 0.194643
6636.95996 0.195612
6637.22021 0.198504
6637.47998 0.202469
6637.75000 0.205484
6638.00977 0.207445
6638.27002 0.208118
6638.52979 0.210773
6638.79004 0.214797
6639.04980 0.219271
6639.31006 0.221827
6639.56982 0.222603
6639.83984 0.224878
6640.10010 0.227532
6640.35986 0.232146
6640.62012 0.236095
6640.87988 0.237705
6641.14014 0.238801
6641.39990 0.242804
6641.66992 0.248009
6641.93018 0.251552
6642.18994 0.253917
6642.45020 0.25592
6642.70996 0.258283
6642.97021 0.263275
6643.22998 0.267791
6643.49023 0.27121
6643.75977 0.273009
6644.02002 0.275357
6644.27979 0.279309
6644.54004 0.283744
6644.79980 0.288342
6645.06006 0.291183
6645.31982 0.292256
6645.58008 0.29616
6645.85010 0.302351
6646.10986 0.30647
6646.37012 0.310145
6646.62988 0.313607
6646.89014 0.313768
6647.14990 0.318839
6647.41016 0.325303
6647.68018 0.329747
6647.93994 0.331873
6648.20020 0.332687
6648.45996 0.338379
6648.72021 0.343359
6648.97998 0.34864
6649.24023 0.353764
6649.50000 0.354673
6649.77002 0.357551
6650.02979 0.364056
6650.29004 0.367887
6650.54980 0.373628
6650.81006 0.374914
6651.06982 0.376679
6651.33008 0.381977
6651.58984 0.388729
6651.85986 0.393152
6652.12012 0.396061
6652.37988 0.397046
6652.64014 0.401601
6652.89990 0.408256
6653.16016 0.415465
6653.41992 0.417481
6653.68994 0.418882
6653.95020 0.421234
6654.20996 0.427267
6654.47021 0.435416
6654.72998 0.438475
6654.99023 0.441267
6655.25000 0.443034
6655.50977 0.447219
6655.77979 0.455692
6656.04004 0.460381
6656.29980 0.463353
6656.56006 0.464868
6656.81982 0.468578
6657.08008 0.475658
6657.33984 0.48015
6657.60010 0.484542
6657.87012 0.486207
6658.12988 0.48788
6658.39014 0.49489
6658.64990 0.500407
6658.91016 0.505764
6659.16992 0.508257
6659.43018 0.511721
6659.68994 0.515938
6659.95996 0.522484
6660.22021 0.528463
6660.47998 0.530133
6660.74023 0.534153
6661.00000 0.538037
6661.25977 0.54152
6661.52002 0.547748
6661.79004 0.553612
6662.04980 0.556121
6662.31006 0.558492
6662.56982 0.562411
6662.83008 0.569237
6663.08984 0.573884
6663.35010 0.575149
6663.60986 0.577982
6663.87988 0.580701
6664.14014 0.585963
6664.39990 0.591438
6664.66016 0.596375
6664.91992 0.595492
6665.18018 0.601876
6665.43994 0.606324
6665.70996 0.608768
6665.97021 0.613931
6666.22998 0.616985
6666.49023 0.618294
6666.75000 0.619741
6667.00977 0.626895
6667.27002 0.63211
6667.52979 0.634249
6667.79980 0.635464
6668.06006 0.63827
6668.31982 0.64269
6668.58008 0.646628
6668.83984 0.652506
6669.10010 0.654601
6669.35986 0.653335
6669.62012 0.657032
6669.89014 0.660771
6670.14990 0.665138
6670.41016 0.668265
6670.66992 0.666511
6670.93018 0.671269
6671.18994 0.67502
6671.45020 0.679888
6671.70996 0.680732
6671.97998 0.682382
6672.24023 0.682063
6672.50000 0.688824
6672.75977 0.691393
6673.02002 0.694483
6673.27979 0.69452
6673.54004 0.6947
6673.81006 0.698905
6674.06982 0.702643
6674.33008 0.706093
6674.58984 0.706667
6674.85010 0.705996
6675.10986 0.708102
6675.37012 0.711879
6675.62988 0.716252
6675.89990 0.716665
6676.16016 0.714975
6676.41992 0.718092
6676.68018 0.720549
6676.93994 0.724752
6677.20020 0.726354
6677.45996 0.728441
6677.72021 0.72663
6677.99023 0.728013
6678.25000 0.733079
6678.50977 0.734215
6678.77002 0.732819
6679.02979 0.734862
6679.29004 0.737513
6679.54980 0.738169
6679.81006 0.740609
6680.08008 0.741492
6680.33984 0.742155
6680.60010 0.741937
6680.85986 0.745086
6681.12012 0.746954
6681.37988 0.746631
6681.64014 0.746666
6681.91016 0.748434
6682.16992 0.748866
6682.43018 0.750614
6682.68994 0.751079
6682.95020 0.754316
6683.20996 0.75477
6683.47021 0.754701
6683.72998 0.753455
6684.00000 0.75451
6684.25977 0.756882
6684.52002 0.757835
6684.77979 0.758219
6685.04004 0.759219
6685.29980 0.761383
6685.56006 0.76052
6685.83008 0.763331
6686.08984 0.763329
6686.35010 0.760778
6686.60986 0.761457
6686.87012 0.763464
6687.12988 0.765081
6687.39014 0.765189
6687.64990 0.765288
6687.91992 0.763374
6688.18018 0.763606
6688.43994 0.768536
6688.70020 0.768035
6688.95996 0.766875
6689.22021 0.763846
6689.47998 0.765425
6689.74023 0.767509
6690.00977 0.767046
6690.27002 0.766546
6690.52979 0.767703
6690.79004 0.766185
6691.04980 0.769152
6691.31006 0.768607
6691.56982 0.769812
6691.83008 0.768426
6692.10010 0.769579
6692.35986 0.771408
6692.62012 0.770831
6692.87988 0.771087
6693.14014 0.770758
6693.39990 0.770467
6693.66016 0.769645
6693.93018 0.770826
6694.18994 0.770222
6694.45020 0.769072
6694.70996 0.769801
6694.97021 0.772046
6695.22998 0.772864
6695.49023 0.772562
6695.75000 0.769929
6696.02002 0.769633
6696.27979 0.772028
6696.54004 0.773424
6696.79980 0.770833
6697.06006 0.769967
6697.31982 0.773065
6697.58008 0.771994
6697.83984 0.772125
6698.10986 0.773076
6698.37012 0.770755
6698.62988 0.770245
6698.89014 0.772031
6699.14990 0.775086
6699.41016 0.773785
6699.66992 0.773379
6699.93994 0.771935
6700.20020 0.771831
6700.45996 0.769272
6700.72021 0.772505
6700.97998 0.773359
6701.24023 0.769424
6701.50000 0.77019
6701.75977 0.773343
6702.02979 0.77031
6702.29004 0.770877
6702.54980 0.77159
6702.81006 0.772253
6703.06982 0.773676
6703.33008 0.771044
6703.58984 0.7707
6703.85010 0.769626
6704.12012 0.770479
6704.37988 0.772594
6704.64014 0.773687
6704.89990 0.771924
6705.16016 0.768247
6705.41992 0.770265
6705.68018 0.771766
6705.95020 0.772087
6706.20996 0.770367
6706.47021 0.768957
6706.72998 0.7719
6706.99023 0.771833
6707.25000 0.771434
6707.50977 0.770372
6707.77002 0.772257
6708.04004 0.768704
6708.29980 0.774258
6708.56006 0.771842
6708.81982 0.771009
6709.08008 0.769903
6709.33984 0.771391
6709.60010 0.771066
6709.85986 0.772404
6710.12988 0.771018
6710.39014 0.771069
6710.64990 0.769187
6710.91016 0.77276
6711.16992 0.770426
6711.43018 0.77019
6711.68994 0.769678
6711.95996 0.769127
6712.22021 0.769841
6712.47998 0.770522
6712.74023 0.770567
6713.00000 0.769538
6713.25977 0.769429
6713.52002 0.76824
6713.77979 0.772862
6714.04980 0.770687
6714.31006 0.767962
6714.56982 0.769308
6714.83008 0.767586
6715.08984 0.769346
6715.35010 0.769165
6715.60986 0.768528
6715.87012 0.768288
6716.14014 0.769354
6716.39990 0.768231
6716.66016 0.770871
6716.91992 0.768983
6717.18018 0.766705
6717.43994 0.768034
6717.70020 0.768038
6717.95996 0.770468
6718.22998 0.768944
6718.49023 0.765785
6718.75000 0.768792
6719.00977 0.769246
6719.27002 0.768413
6719.52979 0.76699
6719.79004 0.764534
6720.06006 0.766808
6720.31982 0.76632
6720.58008 0.766862
6720.83984 0.764481
6721.10010 0.764318
6721.35986 0.76687
6721.62012 0.769217
6721.87988 0.767809
6722.14990 0.765019
6722.41016 0.764972
6722.66992 0.764869
6722.93018 0.766562
6723.18994 0.765437
6723.45020 0.765337
6723.70996 0.764723
6723.97021 0.767113
6724.24023 0.766793
6724.50000 0.765466
6724.75977 0.764813
6725.02002 0.76343
6725.27979 0.7656
6725.54004 0.765597
6725.79980 0.766677
6726.06982 0.764785
6726.33008 0.760849
6726.58984 0.761579
6726.85010 0.764227
6727.10986 0.766727
6727.37012 0.763534
6727.62988 0.761402
6727.89014 0.762025
6728.16016 0.762685
6728.41992 0.764657
6728.68018 0.762828
6728.93994 0.760998
6729.20020 0.758518
6729.45996 0.759491
6729.72021 0.762638
6729.97998 0.762112
6730.25000 0.761721
6730.50977 0.759156
6730.77002 0.759166
6731.02979 0.759558
6731.29004 0.761113
6731.54980 0.760267
6731.81006 0.75606
6732.08008 0.75828
6732.33984 0.758664
6732.60010 0.761205
6732.85986 0.758011
6733.12012 0.757783
6733.37988 0.757397
6733.64014 0.758195
6733.89990 0.757621
6734.16992 0.758553
6734.43018 0.755955
6734.68994 0.753596
6734.95020 0.755612
6735.20996 0.756356
6735.47021 0.754938
6735.72998 0.753909
6735.99023 0.754322
6736.25977 0.754935
6736.52002 0.755936
6736.77979 0.75396
6737.04004 0.753859
6737.29980 0.752987
6737.56006 0.751627
6737.81982 0.752288
6738.08008 0.750959
6738.35010 0.750434
6738.60986 0.750943
6738.87012 0.75189
6739.12988 0.751272
6739.39014 0.752316
6739.64990 0.748677
6739.91016 0.748847
6740.18018 0.749761
6740.43994 0.752225
6740.70020 0.750003
6740.95996 0.746751
6741.22021 0.746666
6741.47998 0.749257
6741.74023 0.749184
6742.00000 0.747994
