threeML/data/optical_filters/CAHA/CAHA-f_604_21.ecsv
# %ECSV 0.9
# ---
# datatype:
# - {name: wavelength, unit: Angstrom, datatype: float32}
# - {name: response, datatype: float32}
# meta: !!omap
# - {band_name: f_604_21}
# - {group_name: CAHA}
wavelength response
5176.84473 0.0
5752.04980 0.004054
5752.31006 0.004064
5752.56982 0.003787
5752.83008 0.004169
5753.08984 0.004236
5753.35010 0.0041
5753.60986 0.003956
5753.87012 0.004283
5754.12988 0.004136
5754.39014 0.004116
5754.64990 0.00427
5754.91992 0.004362
5755.18018 0.004123
5755.43994 0.004281
5755.70020 0.004373
5755.95996 0.00437
5756.22021 0.004334
5756.47998 0.004174
5756.74023 0.004299
5757.00000 0.004554
5757.25977 0.004329
5757.52002 0.004403
5757.77979 0.004519
5758.04004 0.004407
5758.29980 0.004653
5758.56006 0.004417
5758.81982 0.004509
5759.08008 0.004242
5759.33984 0.004652
5759.60010 0.004732
5759.85986 0.00467
5760.12012 0.004625
5760.39014 0.004495
5760.64990 0.004829
5760.91016 0.004569
5761.16992 0.004622
5761.43018 0.004785
5761.68994 0.004664
5761.95020 0.004813
5762.20996 0.004747
5762.47021 0.004916
5762.72998 0.004954
5762.99023 0.004751
5763.25000 0.00492
5763.50977 0.004895
5763.77002 0.004881
5764.02979 0.005183
5764.29004 0.004927
5764.54980 0.004955
5764.81006 0.004934
5765.06982 0.00494
5765.33008 0.005248
5765.60010 0.005294
5765.85986 0.005233
5766.12012 0.005148
5766.37988 0.005008
5766.64014 0.005252
5766.89990 0.005188
5767.16016 0.005291
5767.41992 0.005144
5767.68018 0.005107
5767.93994 0.005288
5768.20020 0.005418
5768.45996 0.005562
5768.72021 0.005459
5768.97998 0.005469
5769.24023 0.005435
5769.50000 0.005726
5769.75977 0.005616
5770.02002 0.005807
5770.27979 0.005502
5770.54004 0.005479
5770.81006 0.005749
5771.06982 0.0056
5771.33008 0.005656
5771.58984 0.00556
5771.85010 0.005698
5772.10986 0.006018
5772.37012 0.005942
5772.62988 0.005848
5772.89014 0.005846
5773.14990 0.0058
5773.41016 0.006024
5773.66992 0.005968
5773.93018 0.005953
5774.18994 0.005933
5774.45020 0.005918
5774.70996 0.005956
5774.97021 0.006302
5775.22998 0.006143
5775.49023 0.006137
5775.75000 0.006127
5776.02002 0.006271
5776.27979 0.006409
5776.54004 0.006168
5776.79980 0.006402
5777.06006 0.006378
5777.31982 0.006543
5777.58008 0.00648
5777.83984 0.006452
5778.10010 0.00653
5778.35986 0.006415
5778.62012 0.006387
5778.87988 0.006487
5779.14014 0.006673
5779.39990 0.006756
5779.66016 0.006829
5779.91992 0.006951
5780.18018 0.007062
5780.43994 0.006778
5780.70020 0.006706
5780.95996 0.00697
5781.22998 0.006908
5781.49023 0.006864
5781.75000 0.006974
5782.00977 0.007202
5782.27002 0.0073
5782.52979 0.007155
5782.79004 0.007317
5783.04980 0.006883
5783.31006 0.007573
5783.56982 0.007538
5783.83008 0.007263
5784.08984 0.007407
5784.35010 0.007373
5784.60986 0.007251
5784.87012 0.007569
5785.12988 0.00755
5785.39014 0.007444
5785.64990 0.007634
5785.91016 0.00763
5786.16992 0.007577
5786.43994 0.007679
5786.70020 0.007762
5786.95996 0.007929
5787.22021 0.007605
5787.47998 0.0078
5787.74023 0.007987
5788.00000 0.007761
5788.25977 0.008141
5788.52002 0.007823
5788.77979 0.007971
5789.04004 0.008167
5789.29980 0.008051
5789.56006 0.008388
5789.81982 0.008272
5790.08008 0.008256
5790.33984 0.008329
5790.60010 0.008552
5790.85986 0.008497
5791.12012 0.008615
5791.37988 0.008738
5791.64990 0.008589
5791.91016 0.008622
5792.16992 0.008859
5792.43018 0.00878
5792.68994 0.008931
5792.95020 0.008866
5793.20996 0.008795
5793.47021 0.009005
5793.72998 0.009169
5793.99023 0.008966
5794.25000 0.009086
5794.50977 0.009137
5794.77002 0.009219
5795.02979 0.009455
5795.29004 0.009425
5795.54980 0.009391
5795.81006 0.009617
5796.06982 0.009685
5796.33008 0.009435
5796.60010 0.009643
5796.85986 0.009924
5797.12012 0.009596
5797.37988 0.009609
5797.64014 0.009693
5797.89990 0.00996
5798.16016 0.010128
5798.41992 0.010064
5798.68018 0.010022
5798.93994 0.010219
5799.20020 0.010138
5799.45996 0.010059
5799.72021 0.010133
5799.97998 0.010339
5800.24023 0.010546
5800.50000 0.010532
5800.75977 0.01041
5801.02002 0.01061
5801.27979 0.010499
5801.54004 0.01096
5801.81006 0.010815
5802.06982 0.01096
5802.33008 0.011004
5802.58984 0.010984
5802.85010 0.010761
5803.10986 0.01089
5803.37012 0.011356
5803.62988 0.01121
5803.89014 0.011585
5804.14990 0.011228
5804.41016 0.01122
5804.66992 0.011569
5804.93018 0.011721
5805.18994 0.011788
5805.45020 0.011783
5805.70996 0.011914
5805.97021 0.01188
5806.22998 0.011727
5806.49023 0.012082
5806.75000 0.012439
5807.02002 0.012309
5807.27979 0.01232
5807.54004 0.012309
5807.79980 0.01245
5808.06006 0.012281
5808.31982 0.012919
5808.58008 0.012721
5808.83984 0.012921
5809.10010 0.012788
5809.35986 0.012897
5809.62012 0.013047
5809.87988 0.013144
5810.14014 0.013319
5810.39990 0.013225
5810.66016 0.013466
5810.91992 0.013691
5811.18018 0.013771
5811.43994 0.013574
5811.70020 0.013711
5811.95996 0.013722
5812.22998 0.014154
5812.49023 0.013803
5812.75000 0.014089
5813.00977 0.013885
5813.27002 0.014259
5813.52979 0.01466
5813.79004 0.01468
5814.04980 0.014548
5814.31006 0.014727
5814.56982 0.014383
5814.83008 0.014867
5815.08984 0.0149
5815.35010 0.014698
5815.60986 0.01521
5815.87012 0.014975
5816.12988 0.015336
5816.39014 0.015178
5816.64990 0.015423
5816.91016 0.015501
5817.16992 0.015791
5817.43994 0.015637
5817.70020 0.01556
5817.95996 0.015942
5818.22021 0.016203
5818.47998 0.01604
5818.74023 0.0162
5819.00000 0.01644
5819.25977 0.0167
5819.52002 0.016643
5819.77979 0.016311
5820.04004 0.016633
5820.29980 0.01688
5820.56006 0.016942
5820.81982 0.017321
5821.08008 0.017589
5821.33984 0.017445
5821.60010 0.017494
5821.85986 0.017871
5822.12012 0.017877
5822.37988 0.017803
5822.64990 0.018095
5822.91016 0.018325
5823.16992 0.018361
5823.43018 0.018575
5823.68994 0.018765
5823.95020 0.018801
5824.20996 0.01879
5824.47021 0.018953
5824.72998 0.018918
5824.99023 0.01939
5825.25000 0.019286
5825.50977 0.01943
5825.77002 0.019391
5826.02979 0.019714
5826.29004 0.019629
5826.54980 0.019792
5826.81006 0.020405
5827.06982 0.020279
5827.33008 0.020629
5827.58984 0.020454
5827.85010 0.020563
5828.12012 0.020891
5828.37988 0.021193
5828.64014 0.021488
5828.89990 0.021124
5829.16016 0.021419
5829.41992 0.021786
5829.68018 0.02201
5829.93994 0.022115
5830.20020 0.022041
5830.45996 0.022113
5830.72021 0.022489
5830.97998 0.022714
5831.24023 0.022691
5831.50000 0.022749
5831.75977 0.02329
5832.02002 0.023273
5832.27979 0.0237
5832.54004 0.023835
5832.79980 0.023903
5833.06006 0.023722
5833.33008 0.024149
5833.58984 0.024283
5833.85010 0.024805
5834.10986 0.024249
5834.37012 0.024961
5834.62988 0.024585
5834.89014 0.025167
5835.14990 0.025602
5835.41016 0.025493
5835.66992 0.025837
5835.93018 0.025732
5836.18994 0.026195
5836.45020 0.026166
5836.70996 0.026314
5836.97021 0.026648
5837.22998 0.026984
5837.49023 0.027267
5837.75000 0.027818
5838.00977 0.027372
5838.27002 0.028185
5838.54004 0.027767
5838.79980 0.027936
5839.06006 0.028419
5839.31982 0.029067
5839.58008 0.028747
5839.83984 0.029227
5840.10010 0.029206
5840.35986 0.029584
5840.62012 0.029888
5840.87988 0.029774
5841.14014 0.030179
5841.39990 0.030158
5841.66016 0.030561
5841.91992 0.030682
5842.18018 0.031121
5842.43994 0.03144
5842.70020 0.031674
5842.95996 0.031885
5843.22021 0.032016
5843.47998 0.032401
5843.75000 0.03281
5844.00977 0.033323
5844.27002 0.032733
5844.52979 0.032925
5844.79004 0.03324
5845.04980 0.033736
5845.31006 0.033783
5845.56982 0.034447
5845.83008 0.034645
5846.08984 0.034701
5846.35010 0.035284
5846.60986 0.035132
5846.87012 0.03541
5847.12988 0.035844
5847.39014 0.035961
5847.64990 0.036277
5847.91016 0.037054
5848.16992 0.03758
5848.43018 0.037307
5848.68994 0.038158
5848.95996 0.037976
5849.22021 0.038603
5849.47998 0.038367
5849.74023 0.039203
5850.00000 0.039581
5850.25977 0.039566
5850.52002 0.040202
5850.77979 0.040273
5851.04004 0.040701
5851.29980 0.040619
5851.56006 0.041532
5851.81982 0.041732
5852.08008 0.041718
5852.33984 0.041936
5852.60010 0.042248
5852.85986 0.042749
5853.12012 0.043471
5853.37988 0.043256
5853.64014 0.044151
5853.89990 0.044601
5854.16992 0.044599
5854.43018 0.045052
5854.68994 0.045599
5854.95020 0.046045
5855.20996 0.046288
5855.47021 0.046909
5855.72998 0.047026
5855.99023 0.047258
5856.25000 0.048051
5856.50977 0.04821
5856.77002 0.04851
5857.02979 0.049318
5857.29004 0.049034
5857.54980 0.049625
5857.81006 0.04996
5858.06982 0.051111
5858.33008 0.050629
5858.58984 0.05194
5858.85010 0.052411
5859.12012 0.052539
5859.37988 0.053071
5859.64014 0.053392
5859.89990 0.053581
5860.16016 0.053871
5860.41992 0.054583
5860.68018 0.055117
5860.93994 0.056029
5861.20020 0.05656
5861.45996 0.056439
5861.72021 0.057006
5861.97998 0.056893
5862.24023 0.058089
5862.50000 0.058165
5862.75977 0.058306
5863.02002 0.059369
5863.27979 0.060087
5863.54004 0.060313
5863.79980 0.060603
5864.06006 0.061482
5864.33008 0.062205
5864.58984 0.062615
5864.85010 0.063152
5865.10986 0.06339
5865.37012 0.06443
5865.62988 0.064767
5865.89014 0.065262
5866.14990 0.065604
5866.41016 0.066648
5866.66992 0.067436
5866.93018 0.067719
5867.18994 0.068228
5867.45020 0.068828
5867.70996 0.069826
5867.97021 0.069989
5868.22998 0.070872
5868.49023 0.071231
5868.75000 0.071775
5869.00977 0.073264
5869.27002 0.072188
5869.54004 0.073694
5869.79980 0.074828
5870.06006 0.074972
5870.31982 0.075594
5870.58008 0.076558
5870.83984 0.077225
5871.10010 0.077805
5871.35986 0.07884
5871.62012 0.079095
5871.87988 0.079733
5872.14014 0.080198
5872.39990 0.082059
5872.66016 0.082173
5872.91992 0.083135
5873.18018 0.083416
5873.43994 0.083652
5873.70020 0.085273
5873.95996 0.085765
5874.22021 0.086597
5874.47998 0.087341
5874.75000 0.0876
5875.00977 0.088428
5875.27002 0.090046
5875.52979 0.090836
5875.79004 0.091464
5876.04980 0.092466
5876.31006 0.093273
5876.56982 0.094088
5876.83008 0.094359
5877.08984 0.096217
5877.35010 0.096848
5877.60986 0.09835
5877.87012 0.099213
5878.12988 0.099805
5878.39014 0.099827
5878.64990 0.101758
5878.91016 0.102219
5879.16992 0.103449
5879.43018 0.103541
5879.68994 0.10515
5879.95996 0.105856
5880.22021 0.106886
5880.47998 0.107836
5880.74023 0.108247
5881.00000 0.109919
5881.25977 0.110533
5881.52002 0.112103
5881.77979 0.112549
5882.04004 0.113944
5882.29980 0.115254
5882.56006 0.11577
5882.81982 0.117375
5883.08008 0.11807
5883.33984 0.119501
5883.60010 0.119759
5883.85986 0.121907
5884.12012 0.123108
5884.37988 0.125022
5884.64014 0.124659
5884.89990 0.126131
5885.16992 0.127038
5885.43018 0.128712
5885.68994 0.129973
5885.95020 0.130447
5886.20996 0.131913
5886.47021 0.133546
5886.72998 0.13486
5886.99023 0.136232
5887.25000 0.137323
5887.50977 0.137874
5887.77002 0.139354
5888.02979 0.141647
5888.29004 0.14278
5888.54980 0.143407
5888.81006 0.14581
5889.06982 0.145598
5889.33008 0.148276
5889.58984 0.150205
5889.85010 0.150353
5890.10986 0.15228
5890.37988 0.153428
5890.64014 0.154118
5890.89990 0.156806
5891.16016 0.158078
5891.41992 0.159822
5891.68018 0.161059
5891.93994 0.163737
5892.20020 0.164517
5892.45996 0.165552
5892.72021 0.1667
5892.97998 0.168454
5893.24023 0.17051
5893.50000 0.171127
5893.75977 0.173933
5894.02002 0.17504
5894.27979 0.176472
5894.54004 0.179301
5894.79980 0.179849
5895.06006 0.181123
5895.31982 0.183938
5895.58008 0.185785
5895.85010 0.187305
5896.10986 0.189196
5896.37012 0.189882
5896.62988 0.192124
5896.89014 0.194741
5897.14990 0.19673
5897.41016 0.197021
5897.66992 0.200075
5897.93018 0.201061
5898.18994 0.203449
5898.45020 0.204648
5898.70996 0.206433
5898.97021 0.208719
5899.22998 0.211441
5899.49023 0.212292
5899.75000 0.214772
5900.00977 0.216326
5900.27002 0.219288
5900.52979 0.220885
5900.79004 0.224118
5901.06006 0.223581
5901.31982 0.226437
5901.58008 0.229262
5901.83984 0.230763
5902.10010 0.233916
5902.35986 0.234807
5902.62012 0.236765
5902.87988 0.23894
5903.14014 0.241241
5903.39990 0.244282
5903.66016 0.246511
5903.91992 0.249124
5904.18018 0.251316
5904.43994 0.253369
5904.70020 0.255282
5904.95996 0.257525
5905.22021 0.261608
5905.47998 0.262241
5905.74023 0.265453
5906.00000 0.266685
5906.27002 0.271289
5906.52979 0.272703
5906.79004 0.276212
5907.04980 0.278259
5907.31006 0.277608
5907.56982 0.282761
5907.83008 0.283784
5908.08984 0.28764
5908.35010 0.289836
5908.60986 0.291382
5908.87012 0.296391
5909.12988 0.297116
5909.39014 0.300308
5909.64990 0.301831
5909.91016 0.305031
5910.16992 0.308925
5910.43018 0.311243
5910.68994 0.313346
5910.95020 0.317575
5911.20996 0.31899
5911.47998 0.321394
5911.74023 0.324208
5912.00000 0.327137
5912.25977 0.328784
5912.52002 0.332252
5912.77979 0.336398
5913.04004 0.337867
5913.29980 0.341245
5913.56006 0.345513
5913.81982 0.347972
5914.08008 0.349718
5914.33984 0.352615
5914.60010 0.354942
5914.85986 0.358871
5915.12012 0.361836
5915.37988 0.364855
5915.64014 0.366359
5915.89990 0.371302
5916.16016 0.373662
5916.41992 0.376031
5916.68994 0.380143
5916.95020 0.382682
5917.20996 0.386289
5917.47021 0.38896
5917.72998 0.393253
5917.99023 0.397267
5918.25000 0.3995
5918.50977 0.401196
5918.77002 0.406922
5919.02979 0.406228
5919.29004 0.411015
5919.54980 0.413625
5919.81006 0.418399
5920.06982 0.422443
5920.33008 0.423431
5920.58984 0.423724
5920.85010 0.429154
5921.10986 0.431374
5921.37012 0.434934
5921.62988 0.437523
5921.89990 0.442911
5922.16016 0.444134
5922.41992 0.44961
5922.68018 0.452764
5922.93994 0.455196
5923.20020 0.458192
5923.45996 0.461131
5923.72021 0.461767
5923.97998 0.466713
5924.24023 0.469917
5924.50000 0.474493
5924.75977 0.47754
5925.02002 0.480886
5925.27979 0.484639
5925.54004 0.48656
5925.79980 0.489072
5926.06006 0.493241
5926.31982 0.495624
5926.58008 0.500506
5926.85010 0.50588
5927.10986 0.507179
5927.37012 0.511801
5927.62988 0.512418
5927.89014 0.5188
5928.14990 0.520373
5928.41016 0.523926
5928.66992 0.526562
5928.93018 0.530037
5929.18994 0.534403
5929.45020 0.536013
5929.70996 0.538067
5929.97021 0.540702
5930.22998 0.546582
5930.49023 0.547952
5930.75000 0.552355
5931.00977 0.555638
5931.27002 0.559065
5931.52979 0.559773
5931.79004 0.565833
5932.06006 0.566978
5932.31982 0.571467
5932.58008 0.573251
5932.83984 0.575247
5933.10010 0.579963
5933.35986 0.585342
5933.62012 0.585103
5933.87988 0.588557
5934.14014 0.591923
5934.39990 0.595859
5934.66016 0.598777
5934.91992 0.60084
5935.18018 0.603992
5935.43994 0.607239
5935.70020 0.610798
5935.95996 0.612375
5936.22021 0.612914
5936.47998 0.619609
5936.74023 0.62058
5937.00000 0.624799
5937.27002 0.625598
5937.52979 0.629866
5937.79004 0.636431
5938.04980 0.636831
5938.31006 0.637881
5938.56982 0.642357
5938.83008 0.642744
5939.08984 0.647877
5939.35010 0.651634
5939.60986 0.65169
5939.87012 0.654437
5940.12988 0.659365
5940.39014 0.659184
5940.64990 0.662241
5940.91016 0.663761
5941.16992 0.6656
5941.43018 0.668135
5941.68994 0.673413
5941.95020 0.672983
5942.20996 0.675064
5942.47998 0.677224
5942.74023 0.681067
5943.00000 0.683119
5943.25977 0.686179
5943.52002 0.686774
5943.77979 0.689153
5944.04004 0.692618
5944.29980 0.69311
5944.56006 0.696011
5944.81982 0.698382
5945.08008 0.702267
5945.33984 0.705249
5945.60010 0.708155
5945.85986 0.708542
5946.12012 0.708064
5946.37988 0.713456
5946.64014 0.714649
5946.89990 0.717467
5947.16016 0.718484
5947.41992 0.71965
5947.68994 0.722371
5947.95020 0.724703
5948.20996 0.729079
5948.47021 0.723719
5948.72998 0.726705
5948.99023 0.728393
5949.25000 0.732216
5949.50977 0.734595
5949.77002 0.739244
5950.02979 0.73718
5950.29004 0.739274
5950.54980 0.740732
5950.81006 0.743806
5951.06982 0.744927
5951.33008 0.747433
5951.58984 0.74521
5951.85010 0.749179
5952.10986 0.752435
5952.37012 0.752537
5952.62988 0.752173
5952.89990 0.753501
5953.16016 0.75815
5953.41992 0.755431
5953.68018 0.761126
5953.93994 0.761269
5954.20020 0.760949
5954.45996 0.763306
5954.72021 0.764872
5954.97998 0.766868
5955.24023 0.767604
5955.50000 0.768678
5955.75977 0.768748
5956.02002 0.771017
5956.27979 0.769687
5956.54004 0.771896
5956.79980 0.768903
5957.06006 0.775043
5957.31982 0.775534
5957.58008 0.776263
5957.83984 0.778374
5958.10010 0.777675
5958.37012 0.778856
5958.62988 0.780675
5958.89014 0.782728
5959.14990 0.780719
5959.41016 0.783736
5959.66992 0.786141
5959.93018 0.783264
5960.18994 0.78705
5960.45020 0.784791
5960.70996 0.786328
5960.97021 0.788226
5961.22998 0.785128
