threeML/data/optical_filters/CAHA/CAHA-f_633_11.ecsv
# %ECSV 0.9
# ---
# datatype:
# - {name: wavelength, unit: Angstrom, datatype: float32}
# - {name: response, datatype: float32}
# meta: !!omap
# - {band_name: f_633_11}
# - {group_name: CAHA}
wavelength response
5588.18066 0.0
6209.08984 0.004063
6209.35010 0.004087
6209.60986 0.00391
6209.87012 0.004
6210.12988 0.004107
6210.39990 0.004183
6210.66016 0.004219
6210.91992 0.004377
6211.18018 0.00435
6211.43994 0.004288
6211.70020 0.004343
6211.95996 0.004356
6212.22021 0.004433
6212.47998 0.004475
6212.75000 0.004468
6213.00977 0.004545
6213.27002 0.004534
6213.52979 0.004529
6213.79004 0.004769
6214.04980 0.004687
6214.31006 0.004788
6214.56982 0.004939
6214.83984 0.004694
6215.10010 0.004764
6215.35986 0.004946
6215.62012 0.004954
6215.87988 0.005121
6216.14014 0.005062
6216.39990 0.005017
6216.66016 0.005264
6216.93018 0.005228
6217.18994 0.005215
6217.45020 0.005215
6217.70996 0.005364
6217.97021 0.00545
6218.22998 0.005548
6218.49023 0.005706
6218.75000 0.00558
6219.00977 0.005602
6219.27979 0.005686
6219.54004 0.005726
6219.79980 0.005787
6220.06006 0.005999
6220.31982 0.006017
6220.58008 0.005927
6220.83984 0.006339
6221.10010 0.006261
6221.37012 0.00615
6221.62988 0.006283
6221.89014 0.006245
6222.14990 0.006438
6222.41016 0.006345
6222.66992 0.006498
6222.93018 0.006446
6223.18994 0.006665
6223.45996 0.006551
6223.72021 0.005842
6223.97998 0.006922
6224.24023 0.006986
6224.50000 0.006899
6224.75977 0.007035
6225.02002 0.00721
6225.27979 0.007426
6225.54004 0.007262
6225.81006 0.007121
6226.06982 0.007468
6226.33008 0.007509
6226.58984 0.007653
6226.85010 0.00778
6227.10986 0.007697
6227.37012 0.007906
6227.62988 0.008152
6227.89990 0.008048
6228.16016 0.008175
6228.41992 0.008185
6228.68018 0.008532
6228.93994 0.008368
6229.20020 0.00865
6229.45996 0.008516
6229.72021 0.008718
6229.99023 0.00904
6230.25000 0.009021
6230.50977 0.009097
6230.77002 0.009285
6231.02979 0.009633
6231.29004 0.009437
6231.54980 0.00972
6231.81006 0.009989
6232.06982 0.009658
6232.33984 0.009953
6232.60010 0.010262
6232.85986 0.010426
6233.12012 0.010323
6233.37988 0.010325
6233.64014 0.010766
6233.89990 0.010622
6234.16016 0.010869
6234.43018 0.011113
6234.68994 0.011224
6234.95020 0.011404
6235.20996 0.011407
6235.47021 0.011823
6235.72998 0.011758
6235.99023 0.011791
6236.25000 0.012105
6236.52002 0.012167
6236.77979 0.012567
6237.04004 0.01277
6237.29980 0.012604
6237.56006 0.013036
6237.81982 0.013302
6238.08008 0.013557
6238.33984 0.013768
6238.60010 0.013572
6238.87012 0.013911
6239.12988 0.013719
6239.39014 0.014349
6239.64990 0.014585
6239.91016 0.014821
6240.16992 0.014835
6240.43018 0.015196
6240.68994 0.015142
6240.95996 0.015491
6241.22021 0.015787
6241.47998 0.015834
6241.74023 0.016465
6242.00000 0.016721
6242.25977 0.016805
6242.52002 0.017028
6242.77979 0.017191
6243.04980 0.017569
6243.31006 0.017722
6243.56982 0.01793
6243.83008 0.018356
6244.08984 0.018703
6244.35010 0.01875
6244.60986 0.019395
6244.87012 0.019634
6245.12988 0.019637
6245.39990 0.019913
6245.66016 0.020334
6245.91992 0.020532
6246.18018 0.021031
6246.43994 0.021505
6246.70020 0.021837
6246.95996 0.022169
6247.22021 0.022092
6247.49023 0.022635
6247.75000 0.023156
6248.00977 0.023625
6248.27002 0.023394
6248.52979 0.024396
6248.79004 0.024731
6249.04980 0.02492
6249.31006 0.025708
6249.58008 0.025937
6249.83984 0.026607
6250.10010 0.027059
6250.35986 0.027109
6250.62012 0.028014
6250.87988 0.027956
6251.14014 0.028855
6251.39990 0.029153
6251.66992 0.029605
6251.93018 0.030057
6252.18994 0.030721
6252.45020 0.031123
6252.70996 0.03169
6252.97021 0.032037
6253.22998 0.032821
6253.49023 0.033454
6253.75000 0.034241
6254.02002 0.034679
6254.27979 0.035479
6254.54004 0.035908
6254.79980 0.036635
6255.06006 0.037018
6255.31982 0.037782
6255.58008 0.038431
6255.83984 0.039128
6256.10010 0.039439
6256.37012 0.040371
6256.62988 0.041408
6256.89014 0.042325
6257.14990 0.042809
6257.41016 0.043699
6257.66992 0.044584
6257.93018 0.045206
6258.18994 0.04663
6258.45996 0.046951
6258.72021 0.048106
6258.97998 0.048577
6259.24023 0.049963
6259.50000 0.050949
6259.75977 0.051405
6260.02002 0.052664
6260.27979 0.053457
6260.54980 0.054596
6260.81006 0.055885
6261.06982 0.056895
6261.33008 0.058044
6261.58984 0.05907
6261.85010 0.060063
6262.10986 0.061272
6262.37012 0.062665
6262.64014 0.064223
6262.89990 0.064941
6263.16016 0.066321
6263.41992 0.067818
6263.68018 0.069495
6263.93994 0.071059
6264.20020 0.07243
6264.45996 0.073694
6264.72021 0.07566
6264.99023 0.076507
6265.25000 0.078101
6265.50977 0.079914
6265.77002 0.081534
6266.02979 0.082925
6266.29004 0.084255
6266.54980 0.085824
6266.81006 0.088515
6267.08008 0.090275
6267.33984 0.09191
6267.60010 0.093353
6267.85986 0.095456
6268.12012 0.097914
6268.37988 0.099575
6268.64014 0.102076
6268.89990 0.104197
6269.16992 0.105814
6269.43018 0.107873
6269.68994 0.110673
6269.95020 0.11302
6270.20996 0.116142
6270.47021 0.117669
6270.72998 0.120729
6270.99023 0.122279
6271.25000 0.125794
6271.52002 0.128257
6271.77979 0.130049
6272.04004 0.132766
6272.29980 0.136812
6272.56006 0.139689
6272.81982 0.142385
6273.08008 0.145002
6273.33984 0.147994
6273.60986 0.150766
6273.87012 0.155153
6274.12988 0.157853
6274.39014 0.161947
6274.64990 0.165144
6274.91016 0.16902
6275.16992 0.17174
6275.43018 0.176455
6275.70020 0.1791
6275.95996 0.183805
6276.22021 0.186004
6276.47998 0.190131
6276.74023 0.194438
6277.00000 0.200156
6277.25977 0.20299
6277.52002 0.207064
6277.77979 0.211717
6278.04980 0.216107
6278.31006 0.220914
6278.56982 0.225113
6278.83008 0.229263
6279.08984 0.233287
6279.35010 0.237591
6279.60986 0.242762
6279.87012 0.249293
6280.14014 0.254121
6280.39990 0.258756
6280.66016 0.264092
6280.91992 0.270024
6281.18018 0.275599
6281.43994 0.280988
6281.70020 0.285233
6281.95996 0.290067
6282.22998 0.296931
6282.49023 0.302216
6282.75000 0.310032
6283.00977 0.315332
6283.27002 0.32061
6283.52979 0.326645
6283.79004 0.331736
6284.04980 0.339787
6284.31006 0.346193
6284.58008 0.352682
6284.83984 0.357024
6285.10010 0.361807
6285.35986 0.369399
6285.62012 0.377141
6285.87988 0.382567
6286.14014 0.389735
6286.39990 0.397345
6286.66992 0.402728
6286.93018 0.409774
6287.18994 0.416068
6287.45020 0.422397
6287.70996 0.429027
6287.97021 0.435844
6288.22998 0.441248
6288.49023 0.449734
6288.75977 0.454818
6289.02002 0.463354
6289.27979 0.468795
6289.54004 0.475445
6289.79980 0.483925
6290.06006 0.489415
6290.31982 0.495079
6290.58008 0.502529
6290.83984 0.510437
6291.10986 0.51773
6291.37012 0.523415
6291.62988 0.528659
6291.89014 0.535168
6292.14990 0.542496
6292.41016 0.547644
6292.66992 0.55646
6292.93018 0.560754
6293.20020 0.568431
6293.45996 0.573756
6293.72021 0.581199
6293.97998 0.588568
6294.24023 0.593858
6294.50000 0.59824
6294.75977 0.606687
6295.02002 0.609594
6295.29004 0.615006
6295.54980 0.620703
6295.81006 0.626099
6296.06982 0.630726
6296.33008 0.638533
6296.58984 0.643419
6296.85010 0.649535
6297.10986 0.651883
6297.37988 0.659956
6297.64014 0.663208
6297.89990 0.667828
6298.16016 0.672678
6298.41992 0.677996
6298.68018 0.681176
6298.93994 0.685043
6299.20020 0.690451
6299.45996 0.693933
6299.72998 0.69807
6299.99023 0.702399
6300.25000 0.705758
6300.50977 0.709284
6300.77002 0.71281
6301.02979 0.716622
6301.29004 0.718143
6301.54980 0.724458
6301.81982 0.726576
6302.08008 0.730515
6302.33984 0.735898
6302.60010 0.733839
6302.85986 0.736507
6303.12012 0.741044
6303.37988 0.744793
6303.64014 0.747243
6303.89990 0.745649
6304.16992 0.752157
6304.43018 0.753002
6304.68994 0.755615
6304.95020 0.758689
6305.20996 0.759534
6305.47021 0.762853
6305.72998 0.764277
6305.99023 0.765134
6306.25977 0.767788
6306.52002 0.76918
6306.77979 0.768482
6307.04004 0.772713
6307.29980 0.77163
6307.56006 0.775443
6307.81982 0.777122
6308.08008 0.775158
6308.35010 0.77796
6308.60986 0.778853
6308.87012 0.780462
6309.12988 0.782519
6309.39014 0.784146
6309.64990 0.781396
6309.91016 0.784389
6310.16992 0.787532
6310.43018 0.787327
6310.70020 0.78657
6310.95996 0.786645
6311.22021 0.790074
6311.47998 0.791844
6311.74023 0.788957
6312.00000 0.790475
6312.25977 0.79236
6312.52002 0.792849
6312.79004 0.792608
6313.04980 0.793238
6313.31006 0.794758
6313.56982 0.793843
6313.83008 0.794204
6314.08984 0.795545
6314.35010 0.793772
6314.60986 0.794492
6314.87988 0.7953
6315.14014 0.797163
6315.39990 0.79718
6315.66016 0.796518
6315.91992 0.797673
6316.18018 0.796963
6316.43994 0.797656
6316.70020 0.798737
6316.95996 0.798999
6317.22998 0.798425
6317.49023 0.797169
6317.75000 0.800606
6318.00977 0.799213
6318.27002 0.799397
6318.52979 0.801438
6318.79004 0.800519
6319.04980 0.803049
6319.31982 0.800339
6319.58008 0.798853
6319.83984 0.801206
6320.10010 0.801829
6320.35986 0.799867
6320.62012 0.802192
6320.87988 0.801835
6321.14014 0.803145
6321.41016 0.802238
6321.66992 0.803423
6321.93018 0.802274
6322.18994 0.800882
6322.45020 0.805392
6322.70996 0.802542
6322.97021 0.801391
6323.22998 0.801854
6323.49023 0.80344
6323.75977 0.800567
6324.02002 0.803571
6324.27979 0.804164
6324.54004 0.804193
6324.79980 0.804435
6325.06006 0.804592
6325.31982 0.802729
6325.58008 0.803105
6325.85010 0.803778
6326.10986 0.804886
6326.37012 0.805238
6326.62988 0.803052
6326.89014 0.802391
6327.14990 0.802942
6327.41016 0.803762
6327.66992 0.803611
6327.93994 0.806751
6328.20020 0.803613
6328.45996 0.805754
6328.72021 0.803763
6328.97998 0.803155
6329.24023 0.804659
6329.50000 0.806475
6329.75977 0.80525
6330.02002 0.803319
6330.29004 0.803004
6330.54980 0.802673
6330.81006 0.804703
6331.06982 0.805208
6331.33008 0.80538
6331.58984 0.804735
6331.85010 0.804172
6332.10986 0.804674
6332.37988 0.803952
6332.64014 0.804261
6332.89990 0.802325
6333.16016 0.806691
6333.41992 0.803797
6333.68018 0.803018
6333.93994 0.804217
6334.20020 0.800492
6334.47021 0.802943
6334.72998 0.803603
6334.99023 0.80088
6335.25000 0.800411
6335.50977 0.80279
6335.77002 0.800292
6336.02979 0.799452
6336.29004 0.800775
6336.54980 0.800722
6336.81982 0.799532
6337.08008 0.800782
6337.33984 0.799109
6337.60010 0.799338
6337.85986 0.79788
6338.12012 0.798815
6338.37988 0.796435
6338.64014 0.795728
6338.91016 0.799483
6339.16992 0.797983
6339.43018 0.794818
6339.68994 0.794247
6339.95020 0.796871
6340.20996 0.798304
6340.47021 0.797138
6340.72998 0.79452
6341.00000 0.79434
6341.25977 0.796134
6341.52002 0.793794
6341.77979 0.793259
6342.04004 0.793576
6342.29980 0.790731
6342.56006 0.790085
6342.81982 0.791669
6343.08008 0.791373
6343.35010 0.792139
6343.60986 0.788827
6343.87012 0.787115
6344.12988 0.789182
6344.39014 0.790493
6344.64990 0.787758
6344.91016 0.784881
6345.16992 0.788589
6345.43994 0.786823
6345.70020 0.785421
6345.95996 0.786557
6346.22021 0.783953
6346.47998 0.782796
6346.74023 0.783663
6347.00000 0.785481
6347.25977 0.783473
6347.52979 0.783215
6347.79004 0.783913
6348.04980 0.783017
6348.31006 0.783362
6348.56982 0.78219
6348.83008 0.782555
6349.08984 0.778744
6349.35010 0.77738
6349.60986 0.777347
6349.87988 0.779932
6350.14014 0.778764
6350.39990 0.777986
6350.66016 0.77756
6350.91992 0.776252
6351.18018 0.778287
6351.43994 0.776549
6351.70020 0.777498
6351.97021 0.77644
6352.22998 0.776371
6352.49023 0.774437
6352.75000 0.774889
6353.00977 0.773899
6353.27002 0.776452
6353.52979 0.775206
6353.79004 0.774204
6354.06006 0.772656
6354.31982 0.771425
6354.58008 0.775231
6354.83984 0.772518
6355.10010 0.769784
6355.35986 0.76965
6355.62012 0.768711
6355.87988 0.770328
6356.14990 0.771079
6356.41016 0.77427
6356.66992 0.770317
6356.93018 0.769456
6357.18994 0.769869
6357.45020 0.770761
6357.70996 0.770676
6357.97021 0.768968
6358.22998 0.767505
6358.50000 0.768973
6358.75977 0.772734
6359.02002 0.76839
6359.27979 0.768631
6359.54004 0.7692
6359.79980 0.768851
6360.06006 0.76799
6360.31982 0.769388
6360.58008 0.770012
6360.85010 0.771211
6361.10986 0.769061
6361.37012 0.768063
6361.62988 0.767943
6361.89014 0.77136
6362.14990 0.770701
6362.41016 0.76937
6362.66992 0.767501
6362.93994 0.767253
6363.20020 0.768973
6363.45996 0.768535
6363.72021 0.771457
6363.97998 0.770749
6364.24023 0.769513
6364.50000 0.77226
6364.75977 0.769859
6365.02979 0.771892
6365.29004 0.771975
6365.54980 0.769922
6365.81006 0.769555
6366.06982 0.774006
6366.33008 0.771573
6366.58984 0.771039
6366.85010 0.770424
6367.12012 0.770691
6367.37988 0.77088
6367.64014 0.770671
6367.89990 0.772199
6368.16016 0.769035
6368.41992 0.771565
6368.68018 0.769855
6368.93994 0.771695
6369.20020 0.77299
6369.47021 0.771464
6369.72998 0.772145
6369.99023 0.770998
6370.25000 0.770235
6370.50977 0.768966
6370.77002 0.771851
6371.02979 0.768838
6371.29004 0.771124
6371.56006 0.772178
6371.81982 0.770152
6372.08008 0.76886
6372.33984 0.76945
6372.60010 0.770038
6372.85986 0.766672
6373.12012 0.766861
6373.37988 0.76644
6373.64990 0.769842
6373.91016 0.76585
6374.16992 0.764277
6374.43018 0.761971
6374.68994 0.762451
6374.95020 0.761873
6375.20996 0.760173
6375.47021 0.758451
6375.72998 0.758337
6376.00000 0.755649
6376.25977 0.753654
6376.52002 0.752443
6376.77979 0.7497
6377.04004 0.751953
6377.29980 0.748079
6377.56006 0.747112
6377.81982 0.743276
6378.08984 0.742336
6378.35010 0.740667
6378.60986 0.735455
6378.87012 0.733604
6379.12988 0.732494
6379.39014 0.728228
6379.64990 0.726223
6379.91016 0.722882
6380.18018 0.721018
6380.43994 0.718213
6380.70020 0.712864
6380.95996 0.709685
6381.22021 0.708115
6381.47998 0.702209
6381.74023 0.696728
6382.00000 0.695393
6382.25977 0.68874
6382.52979 0.683673
6382.79004 0.679962
6383.04980 0.673305
6383.31006 0.671666
6383.56982 0.665683
6383.83008 0.661959
6384.08984 0.655685
6384.35010 0.652291
6384.62012 0.64659
6384.87988 0.639291
6385.14014 0.634086
6385.39990 0.62832
6385.66016 0.622151
6385.91992 0.616935
6386.18018 0.609729
6386.43994 0.604579
6386.70996 0.598444
6386.97021 0.592216
6387.22998 0.583271
6387.49023 0.578954
6387.75000 0.573201
6388.00977 0.566006
6388.27002 0.558767
6388.52979 0.552542
6388.79004 0.545378
6389.06006 0.535847
6389.31982 0.530887
6389.58008 0.523892
6389.83984 0.518882
6390.10010 0.51186
6390.35986 0.501764
6390.62012 0.495959
6390.87988 0.489746
6391.14990 0.481354
6391.41016 0.475147
6391.66992 0.466615
6391.93018 0.459115
6392.18994 0.452498
6392.45020 0.446515
6392.70996 0.437362
6392.97021 0.43223
6393.24023 0.424661
6393.50000 0.416812
6393.75977 0.41111
6394.02002 0.402942
6394.27979 0.396873
6394.54004 0.390297
6394.79980 0.382957
6395.06006 0.375529
6395.31982 0.36913
6395.58984 0.363321
6395.85010 0.354211
6396.10986 0.349706
6396.37012 0.342416
6396.62988 0.335919
6396.89014 0.329138
6397.14990 0.322903
6397.41016 0.316979
6397.68018 0.30981
6397.93994 0.304284
6398.20020 0.298325
6398.45996 0.294786
6398.72021 0.287627
6398.97998 0.280439
6399.24023 0.275716
6399.50000 0.269256
6399.77002 0.264134
6400.02979 0.259226
6400.29004 0.254009
6400.54980 0.248596
6400.81006 0.243857
6401.06982 0.238915
6401.33008 0.23461
6401.58984 0.229675
6401.85010 0.223758
6402.12012 0.219713
6402.37988 0.215741
6402.64014 0.210052
6402.89990 0.205733
6403.16016 0.201263
6403.41992 0.197015
6403.68018 0.193565
6403.93994 0.189234
6404.20996 0.185437
6404.47021 0.18144
6404.72998 0.17785
6404.99023 0.172981
6405.25000 0.170649
6405.50977 0.166212
6405.77002 0.163386
6406.02979 0.160278
6406.29980 0.156037
6406.56006 0.153363
6406.81982 0.14995
6407.08008 0.145919
6407.33984 0.143772
6407.60010 0.14015
6407.85986 0.137155
6408.12012 0.134407
6408.37988 0.13187
6408.64990 0.128327
6408.91016 0.126304
6409.16992 0.123627
6409.43018 0.121205
6409.68994 0.118147
6409.95020 0.115792
6410.20996 0.113573
6410.47021 0.110376
6410.74023 0.108498
6411.00000 0.107016
6411.25977 0.103874
6411.52002 0.102034
6411.77979 0.100196
6412.04004 0.097538
6412.29980 0.09609
6412.56006 0.094082
6412.83008 0.091804
6413.08984 0.089644
6413.35010 0.08849
6413.60986 0.086993
6413.87012 0.085325
6414.12988 0.083449
6414.39014 0.081053
6414.64990 0.079479
6414.91992 0.078246
6415.18018 0.0768
6415.43994 0.075634
6415.70020 0.073458
6415.95996 0.072262
6416.22021 0.070731
6416.47998 0.069264
6416.74023 0.068266
6417.00000 0.066709
6417.27002 0.065453
6417.52979 0.064038
6417.79004 0.062977
6418.04980 0.061812
6418.31006 0.060788
6418.56982 0.059955
6418.83008 0.058731
6419.08984 0.057024
6419.35010 0.055724
6419.62012 0.054815
6419.87988 0.054104
6420.14014 0.053173
6420.39990 0.051873
6420.66016 0.050558
6420.91992 0.050019
6421.18018 0.048665
6421.43994 0.048625
6421.70996 0.047074
6421.97021 0.046336
6422.22998 0.045484
6422.49023 0.044731
6422.75000 0.043773
6423.00977 0.043158
6423.27002 0.042325
6423.52979 0.041755
6423.79980 0.041219
6424.06006 0.040422
6424.31982 0.03946
6424.58008 0.03885
6424.83984 0.038133
6425.10010 0.037502
6425.35986 0.036851
6425.62012 0.035942
6425.89014 0.035681
6426.14990 0.034631
6426.41016 0.033958
6426.66992 0.033512
6426.93018 0.03286
6427.18994 0.032627
6427.45020 0.032066
6427.70996 0.031079
6427.97021 0.030804
6428.24023 0.030187
6428.50000 0.029772
6428.75977 0.029529
6429.02002 0.029324
6429.27979 0.028347
6429.54004 0.027848
6429.79980 0.027415
6430.06006 0.026902
6430.33008 0.026712
6430.58984 0.026389
6430.85010 0.025842
6431.10986 0.025411
6431.37012 0.024709
6431.62988 0.024227
6431.89014 0.024035
6432.14990 0.023477
6432.41992 0.022757
6432.68018 0.014547
6432.93994 0.018997
6433.20020 0.021749
6433.45996 0.021893
6433.72021 0.021472
6433.97998 0.021121
6434.24023 0.021013
6434.50000 0.020642
6434.77002 0.020192
6435.02979 0.019771
6435.29004 0.019669
6435.54980 0.01929
6435.81006 0.019146
6436.06982 0.018735
6436.33008 0.018802
6436.58984 0.018432
6436.85986 0.01792
6437.12012 0.017757
6437.37988 0.017331
6437.64014 0.017344
6437.89990 0.016909
6438.16016 0.016695
6438.41992 0.016438
6438.68018 0.016205
6438.95020 0.015963
6439.20996 0.015551
6439.47021 0.015544
6439.72998 0.01566
6439.99023 0.015233
6440.25000 0.014885
6440.50977 0.014619
6440.77002 0.014597
6441.02979 0.014256
6441.29980 0.014238
6441.56006 0.013833
6441.81982 0.013605
6442.08008 0.01334
6442.33984 0.013336
6442.60010 0.012986
6442.85986 0.013031
6443.12012 0.012996
6443.39014 0.012575
6443.64990 0.012344
6443.91016 0.012411
6444.16992 0.012358
6444.43018 0.012029
6444.68994 0.011887
6444.95020 0.011631
6445.20996 0.011739
6445.47998 0.011234
6445.74023 0.0112
6446.00000 0.011004
6446.25977 0.010895
6446.52002 0.010885
6446.77979 0.010632
6447.04004 0.010714
6447.29980 0.010415
6447.56006 0.010282
6447.83008 0.009931
6448.08984 0.010276
6448.35010 0.009944
6448.60986 0.009615
6448.87012 0.009691
6449.12988 0.009525
6449.39014 0.009467
6449.64990 0.009277
6449.91992 0.009072
6450.18018 0.009157
6450.43994 0.009198
6450.70020 0.008835
6450.95996 0.008814
6451.22021 0.008725
6451.47998 0.008648
6451.74023 0.008285
6452.00977 0.00834
6452.27002 0.008151
6452.52979 0.008093
6452.79004 0.008008
6453.04980 0.00795
6453.31006 0.007752
6453.56982 0.007882
6453.83008 0.007935
6454.08984 0.007634
6454.35986 0.007445
6454.62012 0.007489
6454.87988 0.007186
6455.14014 0.007321
6455.39990 0.007263
6455.66016 0.007078
6455.91992 0.006924
6456.18018 0.007022
6456.45020 0.006992
6456.70996 0.006791
6456.97021 0.006654
6457.22998 0.006649
6457.49023 0.006601
6457.75000 0.006607
6458.00977 0.006519
6458.27002 0.006417
6458.54004 0.006302
6458.79980 0.006418
6459.06006 0.006236
6459.31982 0.006069
6459.58008 0.006135
6459.83984 0.005904
6460.10010 0.005922
6460.35986 0.005945
6460.62012 0.005925
6460.89014 0.005646
6461.14990 0.005729
6461.41016 0.005615
6461.66992 0.005588
6461.93018 0.005526
6462.18994 0.005483
6462.45020 0.005402
6462.70996 0.005213
6462.97998 0.005396
6463.24023 0.005479
6463.50000 0.005149
6463.75977 0.005215
6464.02002 0.005119
6464.27979 0.004961
6464.54004 0.005127
6464.79980 0.004939
6465.06982 0.004876
6465.33008 0.004769
6465.58984 0.004826
6465.85010 0.004847
6466.10986 0.004752
6466.37012 0.004781
6466.62988 0.004662
6466.89014 0.004613
6467.14990 0.004524
6467.41992 0.004478
6467.68018 0.004586
6467.93994 0.004515
6468.20020 0.004399
6468.45996 0.004352
6468.72021 0.00437
6468.97998 0.004351
6469.24023 0.004121
6469.50977 0.004262
6469.77002 0.004082
6470.02979 0.004099
6470.29004 0.004166
6470.54980 0.004073
6470.81006 0.004099
7117.89111 0.0
