threeML/data/optical_filters/CAHA/CAHA-f_604_21.ecsv
# %ECSV 0.9
# ---
# datatype:
# - {name: wavelength, unit: Angstrom, datatype: float32}
# - {name: response, datatype: float32}
# meta: !!omap
# - {band_name: f_604_21}
# - {group_name: CAHA}
wavelength response
[from data line 806]
5961.75000 0.789814
5962.00977 0.791637
5962.27002 0.791103
5962.52979 0.792458
5962.79004 0.790979
5963.04980 0.791002
5963.31006 0.79537
5963.58008 0.79492
5963.83984 0.79784
5964.10010 0.796541
5964.35986 0.797998
5964.62012 0.794999
5964.87988 0.798321
5965.14014 0.797134
5965.39990 0.797248
5965.66016 0.798649
5965.91992 0.799204
5966.18018 0.796379
5966.43994 0.800317
5966.70020 0.801042
5966.95996 0.801395
5967.22021 0.805404
5967.47998 0.80002
5967.74023 0.803382
5968.00000 0.8027
5968.25977 0.804589
5968.52002 0.801654
5968.79004 0.802841
5969.04980 0.805741
5969.31006 0.800684
5969.56982 0.804718
5969.83008 0.802079
5970.08984 0.801338
5970.35010 0.805152
5970.60986 0.802643
5970.87012 0.807346
5971.12988 0.806894
5971.39014 0.804713
5971.64990 0.807813
5971.91016 0.805677
5972.16992 0.805727
5972.43018 0.810107
5972.68994 0.806809
5972.95020 0.810127
5973.20996 0.804363
5973.47021 0.804373
5973.72998 0.805131
5974.00000 0.807538
5974.25977 0.808101
5974.52002 0.807701
5974.77979 0.8051
5975.04004 0.805864
5975.29980 0.806263
5975.56006 0.805524
5975.81982 0.809495
5976.08008 0.808263
5976.33984 0.803291
5976.60010 0.806408
5976.85986 0.807442
5977.12012 0.809672
5977.37988 0.806664
5977.64014 0.805089
5977.89990 0.807585
5978.16016 0.809707
5978.41992 0.8092
5978.68018 0.809016
5978.93994 0.80354
5979.20996 0.807845
5979.47021 0.806597
5979.72998 0.807036
5979.99023 0.806325
5980.25000 0.807288
5980.50977 0.806021
5980.77002 0.806695
5981.02979 0.808843
5981.29004 0.808385
5981.54980 0.805809
5981.81006 0.808494
5982.06982 0.808936
5982.33008 0.807764
5982.58984 0.810621
5982.85010 0.805243
5983.10986 0.807141
5983.37012 0.807355
5983.62988 0.805601
5983.89014 0.806568
5984.14990 0.804424
5984.41992 0.808385
5984.68018 0.805703
5984.93994 0.808115
5985.20020 0.806393
5985.45996 0.80718
5985.72021 0.803937
5985.97998 0.804256
5986.24023 0.807221
5986.50000 0.805646
5986.75977 0.807934
5987.02002 0.805382
5987.27979 0.804627
5987.54004 0.807936
5987.79980 0.803869
5988.06006 0.802776
5988.31982 0.804137
5988.58008 0.803766
5988.83984 0.805009
5989.10010 0.804673
5989.37012 0.804194
5989.62988 0.801965
5989.89014 0.802082
5990.14990 0.804255
5990.41016 0.801204
5990.66992 0.806301
5990.93018 0.800047
5991.18994 0.803528
5991.45020 0.802905
5991.70996 0.802204
5991.97021 0.801651
5992.22998 0.802382
5992.49023 0.80202
5992.75000 0.801933
5993.00977 0.801501
5993.27002 0.803428
5993.52979 0.803712
5993.79004 0.803089
5994.04980 0.80129
5994.31006 0.802274
5994.58008 0.802495
5994.83984 0.801312
5995.10010 0.800032
5995.35986 0.801612
5995.62012 0.801144
5995.87988 0.801435
5996.14014 0.799463
5996.39990 0.804926
5996.66016 0.801239
5996.91992 0.800735
5997.18018 0.798836
5997.43994 0.80057
5997.70020 0.801178
5997.95996 0.799396
5998.22021 0.800042
5998.47998 0.80095
5998.74023 0.799803
5999.00000 0.798821
5999.25977 0.796286
5999.52002 0.797391
5999.79004 0.798749
6000.04980 0.797768
6000.31006 0.798995
6000.56982 0.799496
6000.83008 0.794802
6001.08984 0.796064
6001.35010 0.796673
6001.60986 0.795903
6001.87012 0.798082
6002.12988 0.799543
6002.39014 0.796109
6002.64990 0.797192
6002.91016 0.79859
6003.16992 0.795829
6003.43018 0.795301
6003.68994 0.797393
6003.95020 0.79659
6004.20996 0.797217
6004.47021 0.797369
6004.72998 0.794681
6005.00000 0.799203
6005.25977 0.798025
6005.52002 0.797711
6005.77979 0.795813
6006.04004 0.794992
6006.29980 0.795832
6006.56006 0.794144
6006.81982 0.796816
6007.08008 0.7968
6007.33984 0.796277
6007.60010 0.793207
6007.85986 0.796785
6008.12012 0.79493
6008.37988 0.794094
6008.64014 0.796885
6008.89990 0.798938
6009.16016 0.794722
6009.41992 0.79274
6009.68018 0.794391
6009.93994 0.792058
6010.20996 0.791766
6010.47021 0.79352
6010.72998 0.794765
6010.99023 0.792891
6011.25000 0.796742
6011.50977 0.793244
6011.77002 0.792794
6012.02979 0.789798
6012.29004 0.792253
6012.54980 0.79225
6012.81006 0.792144
6013.06982 0.793006
6013.33008 0.793214
6013.58984 0.79495
6013.85010 0.793162
6014.10986 0.791534
6014.37012 0.792449
6014.62988 0.793618
6014.89014 0.792258
6015.14990 0.790592
6015.41992 0.792384
6015.68018 0.793061
6015.93994 0.792601
6016.20020 0.789895
6016.45996 0.791114
6016.72021 0.792706
6016.97998 0.789733
6017.24023 0.791139
6017.50000 0.789663
6017.75977 0.78989
6018.02002 0.790998
6018.27979 0.790459
6018.54004 0.787988
6018.79980 0.790751
6019.06006 0.788818
6019.31982 0.789162
6019.58008 0.790594
6019.83984 0.788687
6020.10010 0.787935
6020.35986 0.7908
6020.62012 0.787771
6020.89014 0.790599
6021.14990 0.789988
6021.41016 0.791129
6021.66992 0.789319
6021.93018 0.788469
6022.18994 0.788597
6022.45020 0.7898
6022.70996 0.789669
6022.97021 0.789931
6023.22998 0.788147
6023.49023 0.786206
6023.75000 0.787969
6024.00977 0.787966
6024.27002 0.788583
6024.52979 0.789278
6024.79004 0.788682
6025.04980 0.788411
6025.31006 0.789587
6025.56982 0.790648
6025.83008 0.788837
6026.10010 0.788938
6026.35986 0.78629
6026.62012 0.78582
6026.87988 0.785825
6027.14014 0.786958
6027.39990 0.78577
6027.66016 0.786105
6027.91992 0.786286
6028.18018 0.786207
6028.43994 0.788021
6028.70020 0.788075
6028.95996 0.785435
6029.22021 0.788449
6029.47998 0.786071
6029.74023 0.788561
6030.00000 0.786416
6030.25977 0.785788
6030.52002 0.786564
6030.77979 0.785215
6031.04004 0.784231
6031.31006 0.783993
6031.56982 0.784035
6031.83008 0.784495
6032.08984 0.785513
6032.35010 0.784473
6032.60986 0.785001
6032.87012 0.784234
6033.12988 0.782539
6033.39014 0.783828
6033.64990 0.784758
6033.91016 0.783067
6034.16992 0.78487
6034.43018 0.784674
6034.68994 0.786176
6034.95020 0.785188
6035.20996 0.784725
6035.47021 0.783905
6035.72998 0.783938
6035.99023 0.783308
6036.25000 0.783524
6036.52002 0.784015
6036.77979 0.783134
6037.04004 0.780722
6037.29980 0.782237
6037.56006 0.781818
6037.81982 0.781615
6038.08008 0.784128
6038.33984 0.782176
6038.60010 0.783146
6038.85986 0.780993
6039.12012 0.782695
6039.37988 0.780968
6039.64014 0.783154
6039.89990 0.781632
6040.16016 0.779033
6040.41992 0.781842
6040.68018 0.780557
6040.93994 0.780896
6041.20020 0.780127
6041.45996 0.78212
6041.72998 0.779564
6041.99023 0.781455
6042.25000 0.780347
6042.50977 0.779845
6042.77002 0.782126
6043.02979 0.780515
6043.29004 0.778122
6043.54980 0.777731
6043.81006 0.77977
6044.06982 0.780881
6044.33008 0.777584
6044.58984 0.778524
6044.85010 0.779116
6045.10986 0.77888
6045.37012 0.777536
6045.62988 0.777496
6045.89014 0.778423
6046.14990 0.777836
6046.41016 0.776946
6046.66992 0.778958
6046.93994 0.776
6047.20020 0.777804
6047.45996 0.776725
6047.72021 0.774033
6047.97998 0.776174
6048.24023 0.774171
6048.50000 0.775251
6048.75977 0.773578
6049.02002 0.776331
6049.27979 0.773989
6049.54004 0.777273
6049.79980 0.775486
6050.06006 0.771954
6050.31982 0.77358
6050.58008 0.773073
6050.83984 0.773149
6051.10010 0.774222
6051.35986 0.772309
6051.62012 0.773439
6051.87988 0.77036
6052.14990 0.771866
6052.41016 0.77187
6052.66992 0.772758
6052.93018 0.773332
6053.18994 0.771642
6053.45020 0.773192
6053.70996 0.771295
6053.97021 0.771414
6054.22998 0.77039
6054.49023 0.768554
6054.75000 0.766811
6055.00977 0.770499
6055.27002 0.768118
6055.52979 0.768544
6055.79004 0.767955
6056.04980 0.771111
6056.31006 0.7657
6056.56982 0.769432
6056.83008 0.765608
6057.10010 0.765573
6057.35986 0.765356
6057.62012 0.765041
6057.87988 0.765734
6058.14014 0.764695
6058.39990 0.76448
6058.66016 0.765346
6058.91992 0.76112
6059.18018 0.761157
6059.43994 0.760577
6059.70020 0.763298
6059.95996 0.761325
6060.22021 0.764938
6060.47998 0.762972
6060.74023 0.762431
6061.00000 0.758808
6061.25977 0.761236
6061.52002 0.762221
6061.77979 0.762305
6062.04004 0.760247
6062.31006 0.758179
6062.56982 0.756727
6062.83008 0.759331
6063.08984 0.758381
6063.35010 0.757525
6063.60986 0.757541
6063.87012 0.756605
6064.12988 0.756713
6064.39014 0.755317
6064.64990 0.753611
6064.91016 0.757868
6065.16992 0.756748
6065.43018 0.753533
6065.68994 0.754464
6065.95020 0.753401
6066.20996 0.752733
6066.47021 0.751548
6066.72998 0.752309
6066.99023 0.750434
6067.25000 0.751756
6067.52002 0.752619
6067.77979 0.749697
6068.04004 0.750332
6068.29980 0.74879
6068.56006 0.750261
6068.81982 0.749047
6069.08008 0.746986
6069.33984 0.746336
6069.60010 0.744469
6069.85986 0.744589
6070.12012 0.742785
6070.37988 0.745584
6070.64014 0.745845
6070.89990 0.74489
6071.16016 0.742203
6071.41992 0.741832
6071.68018 0.742189
6071.93994 0.742442
6072.20020 0.741052
6072.45996 0.742448
6072.72998 0.738942
6072.99023 0.73806
6073.25000 0.739254
6073.50977 0.737292
6073.77002 0.738193
6074.02979 0.735745
6074.29004 0.736349
6074.54980 0.735096
6074.81006 0.734389
6075.06982 0.732129
6075.33008 0.733095
6075.58984 0.733853
6075.85010 0.732327
6076.10986 0.730537
6076.37012 0.729781
6076.62988 0.729857
6076.89014 0.728854
6077.14990 0.73023
6077.41016 0.728488
6077.66992 0.726861
6077.93994 0.725971
6078.20020 0.727851
6078.45996 0.726081
6078.72021 0.724344
6078.97998 0.723223
6079.24023 0.72505
6079.50000 0.723087
6079.75977 0.721313
6080.02002 0.720076
6080.27979 0.720747
6080.54004 0.718726
6080.79980 0.718611
6081.06006 0.720458
6081.31982 0.718853
6081.58008 0.717309
6081.83984 0.715239
6082.10010 0.712906
6082.35986 0.711846
6082.62012 0.711818
6082.87988 0.713279
6083.14990 0.712949
6083.41016 0.709251
6083.66992 0.707992
6083.93018 0.708553
6084.18994 0.707528
6084.45020 0.707855
6084.70996 0.706483
6084.97021 0.703054
6085.22998 0.704633
6085.49023 0.701554
6085.75000 0.698986
6086.00977 0.699785
6086.27002 0.701859
6086.52979 0.699688
6086.79004 0.697585
6087.04980 0.69761
6087.31006 0.696292
6087.56982 0.69531
6087.83008 0.695045
6088.08984 0.692836
6088.35010 0.693406
6088.62012 0.691445
6088.87988 0.688622
6089.14014 0.688543
6089.39990 0.68877
6089.66016 0.688226
6089.91992 0.684313
6090.18018 0.682811
6090.43994 0.68388
6090.70020 0.681806
6090.95996 0.680415
6091.22021 0.680661
6091.47998 0.677547
6091.74023 0.678771
6092.00000 0.67675
6092.25977 0.673773
6092.52002 0.675137
6092.77979 0.672607
6093.04004 0.669809
6093.29980 0.671442
6093.56006 0.670737
6093.83008 0.666153
6094.08984 0.667264
6094.35010 0.666255
6094.60986 0.665761
6094.87012 0.663479
6095.12988 0.661274
6095.39014 0.663725
6095.64990 0.661642
6095.91016 0.655954
6096.16992 0.658559
6096.43018 0.656052
6096.68994 0.654713
6096.95020 0.654533
6097.20996 0.652072
6097.47021 0.649056
6097.72998 0.650129
6097.99023 0.647799
6098.25000 0.64833
6098.50977 0.644432
6098.77002 0.642968
6099.04004 0.640761
6099.29980 0.640021
6099.56006 0.638213
6099.81982 0.63727
6100.08008 0.636299
6100.33984 0.635256
6100.60010 0.632147
6100.85986 0.62898
6101.12012 0.631002
6101.37988 0.628199
6101.64014 0.626117
6101.89990 0.624352
6102.16016 0.622138
6102.41992 0.62137
6102.68018 0.62052
6102.93994 0.618057
6103.20020 0.616074
6103.45996 0.615157
6103.72021 0.613988
6103.97998 0.610799
6104.25000 0.611484
6104.50977 0.609369
6104.77002 0.607939
6105.02979 0.604994
6105.29004 0.603016
6105.54980 0.601252
6105.81006 0.600689
6106.06982 0.595466
6106.33008 0.594723
6106.58984 0.594848
6106.85010 0.594281
6107.10986 0.5915
6107.37012 0.588889
6107.62988 0.586859
6107.89014 0.586399
6108.14990 0.583647
6108.41016 0.58257
6108.66992 0.580606
6108.93018 0.578354
6109.18994 0.575586
6109.45996 0.575409
6109.72021 0.572386
6109.97998 0.571283
6110.24023 0.568658
6110.50000 0.566806
6110.75977 0.563896
6111.02002 0.561722
6111.27979 0.561761
6111.54004 0.557801
6111.79980 0.55766
6112.06006 0.55357
6112.31982 0.553772
6112.58008 0.54745
6112.83984 0.546413
6113.10010 0.548326
6113.35986 0.543946
6113.62012 0.542557
6113.87988 0.539187
6114.14014 0.539796
6114.39990 0.536681
6114.66992 0.536015
6114.93018 0.534874
6115.18994 0.530272
6115.45020 0.529265
6115.70996 0.526919
6115.97021 0.525307
6116.22998 0.524783
6116.49023 0.519805
6116.75000 0.518758
6117.00977 0.517071
6117.27002 0.514662
6117.52979 0.511167
6117.79004 0.510435
6118.04980 0.508805
6118.31006 0.505329
6118.56982 0.504349
6118.83008 0.498924
6119.08984 0.498406
6119.35010 0.497903
6119.62012 0.494579
6119.87988 0.4933
6120.14014 0.490354
6120.39990 0.489716
6120.66016 0.485168
6120.91992 0.485037
6121.18018 0.481102
6121.43994 0.47971
6121.70020 0.477347
6121.95996 0.47656
6122.22021 0.474151
6122.47998 0.469685
6122.74023 0.465396
6123.00000 0.465304
6123.25977 0.463649
6123.52002 0.462252
6123.77979 0.461197
6124.04004 0.457499
6124.29980 0.453609
6124.56006 0.451553
6124.83008 0.45
6125.08984 0.44752
6125.35010 0.445198
6125.60986 0.444034
6125.87012 0.442152
6126.12988 0.44001
6126.39014 0.437082
6126.64990 0.433896
6126.91016 0.433402
6127.16992 0.432991
6127.43018 0.428731
6127.68994 0.425401
6127.95020 0.424059
6128.20996 0.422533
6128.47021 0.4197
6128.72998 0.41632
6128.99023 0.412537
6129.25000 0.411367
6129.50977 0.410051
6129.77002 0.406733
6130.04004 0.405448
6130.29980 0.403189
6130.56006 0.401627
6130.81982 0.397311
6131.08008 0.395957
6131.33984 0.39266
6131.60010 0.39091
6131.85986 0.389159
6132.12012 0.387515
6132.37988 0.386353
6132.64014 0.381844
6132.89990 0.380183
6133.16016 0.379543
6133.41992 0.377195
6133.68018 0.373917
6133.93994 0.371902
6134.20020 0.370935
6134.45996 0.367445
6134.72021 0.365392
6134.97998 0.363305
6135.25000 0.361382
6135.50977 0.358291
6135.77002 0.355084
6136.02979 0.354889
6136.29004 0.352536
6136.54980 0.35056
6136.81006 0.347172
6137.06982 0.346083
6137.33008 0.343964
6137.58984 0.341215
6137.85010 0.338314
6138.10986 0.337767
6138.37012 0.334483
6138.62988 0.333036
6138.89014 0.33165
6139.14990 0.328548
6139.41016 0.326246
6139.66992 0.324007
6139.93018 0.321012
6140.18994 0.32054
6140.45996 0.315824
6140.72021 0.315784
6140.97998 0.314387
6141.24023 0.31282
6141.50000 0.310627
6141.75977 0.307077
6142.02002 0.305489
6142.27979 0.30335
6142.54004 0.299932
6142.79980 0.298833
6143.06006 0.29941
6143.31982 0.295152
6143.58008 0.293402
6143.83984 0.291912
6144.10010 0.290292
6144.35986 0.288146
6144.62012 0.286687
6144.87988 0.283678
6145.14014 0.280952
6145.39990 0.280267
6145.66992 0.277874
6145.93018 0.275265
6146.18994 0.273171
6146.45020 0.272773
6146.70996 0.270172
6146.97021 0.268674
6147.22998 0.266663
6147.49023 0.265839
6147.75000 0.262621
6148.00977 0.260605
6148.27002 0.259203
6148.52979 0.256901
6148.79004 0.255141
6149.04980 0.253779
6149.31006 0.252037
6149.56982 0.250006
6149.83008 0.248291
6150.08984 0.246302
6150.35010 0.245442
6150.60986 0.24285
6150.87988 0.241053
6151.14014 0.24068
6151.39990 0.237738
6151.66016 0.236628
6151.91992 0.234585
6152.18018 0.23326
6152.43994 0.23042
6152.70020 0.229696
6152.95996 0.228172
6153.22021 0.226139
6153.47998 0.22447
6153.74023 0.221933
6154.00000 0.220886
6154.25977 0.219729
6154.52002 0.218122
6154.77979 0.216702
6155.04004 0.214285
6155.29980 0.213445
6155.56006 0.211472
6155.81982 0.21077
6156.08008 0.207675
6156.35010 0.206874
6156.60986 0.205235
6156.87012 0.203637
6157.12988 0.202271
6157.39014 0.200508
6157.64990 0.200474
6157.91016 0.19817
6158.16992 0.196478
6158.43018 0.195619
6158.68994 0.193059
6158.95020 0.192008
6159.20996 0.191025
6159.47021 0.189094
6159.72998 0.187911
6159.99023 0.186597
6160.25000 0.185335
6160.50977 0.18369
6160.77002 0.18208
6161.02979 0.180471
6161.29004 0.177429
6161.56006 0.178507
6161.81982 0.176793
6162.08008 0.17451
6162.33984 0.174631
6162.60010 0.172443
6162.85986 0.171066
6163.12012 0.169796
6163.37988 0.168758
6163.64014 0.168303
6163.89990 0.166156
6164.16016 0.16555
6164.41992 0.163379
6164.68018 0.163003
6164.93994 0.161315
6165.20020 0.159928
6165.45996 0.157984
6165.72021 0.156959
6165.97998 0.155879
6166.24023 0.155243
6166.50000 0.152486
6166.77002 0.152442
6167.02979 0.151213
6167.29004 0.149963
6167.54980 0.149583
6167.81006 0.147812
6168.06982 0.146883
6168.33008 0.146067
6168.58984 0.144493
6168.85010 0.142167
6169.10986 0.142333
6169.37012 0.141557
6169.62988 0.140508
6169.89014 0.138619
6170.14990 0.138319
6170.41016 0.137559
6170.66992 0.136063
6170.93018 0.136264
