threeML/data/optical_filters/CAHA/CAHA-f_624_11.ecsv
# %ECSV 0.9
# ---
# datatype:
# - {name: wavelength, unit: Angstrom, datatype: float32}
# - {name: response, datatype: float32}
# meta: !!omap
# - {band_name: f_624_11}
# - {group_name: CAHA}
wavelength response
5492.57373 0.0
6102.85986 0.004021
6103.12012 0.004032
6103.37988 0.003912
6103.64014 0.004168
6103.89990 0.004177
6104.16016 0.004165
6104.41992 0.003938
6104.68018 0.004279
6104.93994 0.004243
6105.20020 0.004351
6105.45996 0.004177
6105.72998 0.004307
6105.99023 0.004295
6106.25000 0.004357
6106.50977 0.004501
6106.77002 0.004321
6107.02979 0.004302
6107.29004 0.004475
6107.54980 0.004563
6107.81006 0.004579
6108.06982 0.004562
6108.33008 0.004528
6108.58984 0.004588
6108.85010 0.004633
6109.10986 0.004697
6109.37012 0.00458
6109.62988 0.004764
6109.89014 0.004694
6110.16016 0.004748
6110.41992 0.004813
6110.68018 0.004998
6110.93994 0.00489
6111.20020 0.004822
6111.45996 0.004736
6111.72021 0.005114
6111.97998 0.005127
6112.24023 0.005037
6112.50000 0.005078
6112.75977 0.005084
6113.02002 0.005058
6113.27979 0.005269
6113.54004 0.005211
6113.79980 0.005172
6114.06006 0.005323
6114.31982 0.005247
6114.58984 0.00545
6114.85010 0.005345
6115.10986 0.005541
6115.37012 0.005459
6115.62988 0.005503
6115.89014 0.005689
6116.14990 0.005418
6116.41016 0.005659
6116.66992 0.005892
6116.93018 0.005775
6117.18994 0.005752
6117.45020 0.005813
6117.70996 0.006028
6117.97021 0.005856
6118.22998 0.006027
6118.49023 0.005984
6118.75000 0.006025
6119.02002 0.006216
6119.27979 0.006009
6119.54004 0.00614
6119.79980 0.006372
6120.06006 0.006247
6120.31982 0.006362
6120.58008 0.00639
6120.83984 0.006417
6121.10010 0.00643
6121.35986 0.006515
6121.62012 0.00663
6121.87988 0.006838
6122.14014 0.006761
6122.39990 0.0067
6122.66016 0.006909
6122.91992 0.006887
6123.18994 0.006973
6123.45020 0.007137
6123.70996 0.007114
6123.97021 0.00718
6124.22998 0.007128
6124.49023 0.007185
6124.75000 0.007352
6125.00977 0.007465
6125.27002 0.007518
6125.52979 0.007605
6125.79004 0.007654
6126.04980 0.007575
6126.31006 0.007741
6126.56982 0.00782
6126.83008 0.007928
6127.08984 0.008098
6127.35010 0.008068
6127.62012 0.008026
6127.87988 0.008086
6128.14014 0.008197
6128.39990 0.00825
6128.66016 0.008243
6128.91992 0.008747
6129.18018 0.008655
6129.43994 0.00861
6129.70020 0.008612
6129.95996 0.009193
6130.22021 0.008883
6130.47998 0.008976
6130.74023 0.009126
6131.00000 0.009477
6131.25977 0.009477
6131.52002 0.009504
6131.79004 0.009497
6132.04980 0.009685
6132.31006 0.009825
6132.56982 0.009845
6132.83008 0.010131
6133.08984 0.01
6133.35010 0.010166
6133.60986 0.010323
6133.87012 0.010378
6134.12988 0.010431
6134.39014 0.010543
6134.64990 0.010593
6134.91016 0.010903
6135.16992 0.010922
6135.43018 0.011064
6135.68994 0.011337
6135.95020 0.011358
6136.22021 0.011474
6136.47998 0.011632
6136.74023 0.011914
6137.00000 0.011807
6137.25977 0.011959
6137.52002 0.012039
6137.77979 0.012261
6138.04004 0.012458
6138.29980 0.012591
6138.56006 0.012645
6138.81982 0.012963
6139.08008 0.013103
6139.33984 0.013287
6139.60010 0.013425
6139.85986 0.013481
6140.12012 0.013565
6140.37988 0.013618
6140.64990 0.014109
6140.91016 0.014352
6141.16992 0.014308
6141.43018 0.014444
6141.68994 0.014605
6141.95020 0.014627
6142.20996 0.01516
6142.47021 0.01534
6142.72998 0.015636
6142.99023 0.015496
6143.25000 0.01569
6143.50977 0.016068
6143.77002 0.016294
6144.02979 0.016331
6144.29004 0.016627
6144.54980 0.016616
6144.81006 0.017233
6145.08008 0.017336
6145.33984 0.017778
6145.60010 0.017706
6145.85986 0.017942
6146.12012 0.018133
6146.37988 0.01857
6146.64014 0.018695
6146.89990 0.019023
6147.16016 0.019311
6147.41992 0.019609
6147.68018 0.019783
6147.93994 0.020285
6148.20020 0.020589
6148.45996 0.020768
6148.72021 0.02087
6148.97998 0.021272
6149.25000 0.021327
6149.50977 0.022236
6149.77002 0.021891
6150.02979 0.022424
6150.29004 0.022927
6150.54980 0.023462
6150.81006 0.023606
6151.06982 0.024
6151.33008 0.02451
6151.58984 0.024649
6151.85010 0.025292
6152.10986 0.025377
6152.37012 0.025661
6152.62988 0.026296
6152.89014 0.026484
6153.14990 0.026769
6153.41992 0.027182
6153.68018 0.027838
6153.93994 0.028504
6154.20020 0.028646
6154.45996 0.029253
6154.72021 0.029474
6154.97998 0.030271
6155.24023 0.030804
6155.50000 0.031042
6155.75977 0.031744
6156.02002 0.032232
6156.27979 0.032449
6156.54004 0.033091
6156.79980 0.033393
6157.06006 0.034093
6157.31982 0.034743
6157.58008 0.034943
6157.85010 0.035902
6158.10986 0.036402
6158.37012 0.036723
6158.62988 0.037961
6158.89014 0.038354
6159.14990 0.038728
6159.41016 0.039795
6159.66992 0.040206
6159.93018 0.04088
6160.18994 0.042146
6160.45020 0.042418
6160.70996 0.043176
6160.97021 0.043916
6161.22998 0.044814
6161.49023 0.045141
6161.75000 0.046419
6162.00977 0.047344
6162.27979 0.047673
6162.54004 0.048709
6162.79980 0.049472
6163.06006 0.050082
6163.31982 0.051199
6163.58008 0.052049
6163.83984 0.053616
6164.10010 0.054122
6164.35986 0.055165
6164.62012 0.055942
6164.87988 0.057026
6165.14014 0.058766
6165.39990 0.059782
6165.66016 0.060422
6165.91992 0.061697
6166.18018 0.062948
6166.43994 0.064505
6166.70996 0.065232
6166.97021 0.066343
6167.22998 0.068101
6167.49023 0.069258
6167.75000 0.070133
6168.00977 0.072083
6168.27002 0.073315
6168.52979 0.074362
6168.79004 0.075096
6169.04980 0.077686
6169.31006 0.078541
6169.56982 0.080785
6169.83008 0.082371
6170.08984 0.083193
6170.35010 0.084691
6170.60986 0.086607
6170.87988 0.088598
6171.14014 0.090202
6171.39990 0.091698
6171.66016 0.094088
6171.91992 0.096276
6172.18018 0.097642
6172.43994 0.100272
6172.70020 0.102221
6172.95996 0.103268
6173.22021 0.105793
6173.47998 0.108018
6173.74023 0.109914
6174.00000 0.112032
6174.25977 0.113796
6174.52002 0.116733
6174.77979 0.119337
6175.04004 0.120598
6175.31006 0.123585
6175.56982 0.126796
6175.83008 0.128864
6176.08984 0.131425
6176.35010 0.133952
6176.60986 0.136274
6176.87012 0.140196
6177.12988 0.142276
6177.39014 0.144671
6177.64990 0.148172
6177.91016 0.151393
6178.16992 0.154264
6178.43018 0.157634
6178.68994 0.161783
6178.95020 0.164612
6179.20996 0.167067
6179.47021 0.170711
6179.74023 0.174391
6180.00000 0.17785
6180.25977 0.181851
6180.52002 0.185346
6180.77979 0.188348
6181.04004 0.193153
6181.29980 0.196512
6181.56006 0.199847
6181.81982 0.205233
6182.08008 0.208366
6182.33984 0.211904
6182.60010 0.217554
6182.85986 0.220267
6183.12012 0.224172
6183.37988 0.228844
6183.64014 0.234276
6183.89990 0.238994
6184.16992 0.243528
6184.43018 0.247392
6184.68994 0.253649
6184.95020 0.256503
6185.20996 0.262504
6185.47021 0.266619
6185.72998 0.272497
6185.99023 0.276739
6186.25000 0.282851
6186.50977 0.288344
6186.77002 0.293768
6187.02979 0.298265
6187.29004 0.304952
6187.54980 0.309614
6187.81006 0.314822
6188.06982 0.321991
6188.33008 0.326244
6188.60010 0.333569
6188.85986 0.337771
6189.12012 0.34262
6189.37988 0.350082
6189.64014 0.355726
6189.89990 0.362775
6190.16016 0.36788
6190.41992 0.372702
6190.68018 0.380134
6190.93994 0.385453
6191.20020 0.391637
6191.45996 0.397486
6191.72021 0.403848
6191.97998 0.409415
6192.24023 0.415943
6192.50000 0.421625
6192.77002 0.428243
6193.02979 0.435717
6193.29004 0.441232
6193.54980 0.446707
6193.81006 0.453027
6194.06982 0.459687
6194.33008 0.464295
6194.58984 0.470798
6194.85010 0.475002
6195.10986 0.480965
6195.37012 0.488201
6195.62988 0.494033
6195.89014 0.50077
6196.14990 0.507637
6196.41016 0.512893
6196.66992 0.517763
6196.93994 0.523028
6197.20020 0.528193
6197.45996 0.533071
6197.72021 0.53971
6197.97998 0.544888
6198.24023 0.549503
6198.50000 0.555888
6198.75977 0.559941
6199.02002 0.566032
6199.27979 0.56823
6199.54004 0.575956
6199.79980 0.581127
6200.06006 0.586657
6200.31982 0.589851
6200.58008 0.59378
6200.83984 0.596784
6201.10010 0.601984
6201.37012 0.60871
6201.62988 0.612629
6201.89014 0.614592
6202.14990 0.618698
6202.41016 0.621656
6202.66992 0.626192
6202.93018 0.630726
6203.18994 0.633877
6203.45020 0.63783
6203.70996 0.63923
6203.97021 0.642437
6204.22998 0.645555
6204.49023 0.648089
6204.75000 0.650963
6205.00977 0.65516
6205.27002 0.657462
6205.52979 0.659925
6205.79980 0.662302
6206.06006 0.664362
6206.31982 0.666875
6206.58008 0.668635
6206.83984 0.671909
6207.10010 0.672621
6207.35986 0.675416
6207.62012 0.679637
6207.87988 0.678692
6208.14014 0.680172
6208.39990 0.680818
6208.66016 0.682788
6208.91992 0.684306
6209.18018 0.686807
6209.43994 0.687839
6209.70020 0.689861
6209.95996 0.691292
6210.22998 0.691001
6210.49023 0.693289
6210.75000 0.694841
6211.00977 0.693682
6211.27002 0.695209
6211.52979 0.696879
6211.79004 0.696607
6212.04980 0.698744
6212.31006 0.700298
6212.56982 0.698219
6212.83008 0.70011
6213.08984 0.700145
6213.35010 0.701105
6213.60986 0.703162
6213.87012 0.703492
6214.12988 0.701713
6214.39990 0.704412
6214.66016 0.70208
6214.91992 0.702968
6215.18018 0.701652
6215.43994 0.705299
6215.70020 0.704243
6215.95996 0.702692
6216.22021 0.704526
6216.47998 0.705832
6216.74023 0.706537
6217.00000 0.705832
6217.25977 0.705479
6217.52002 0.70611
6217.77979 0.705162
6218.04004 0.708007
6218.29980 0.705946
6218.56006 0.70698
6218.83008 0.708253
6219.08984 0.706399
6219.35010 0.707079
6219.60986 0.705158
6219.87012 0.706991
6220.12988 0.707711
6220.39014 0.707426
6220.64990 0.707
6220.91016 0.705746
6221.16992 0.707252
6221.43018 0.706834
6221.68994 0.70876
6221.95020 0.706237
6222.20996 0.706665
6222.47021 0.706513
6222.72998 0.707569
6223.00000 0.707605
6223.25977 0.708665
6223.52002 0.707878
6223.77979 0.706619
6224.04004 0.707333
6224.29980 0.70736
6224.56006 0.705989
6224.81982 0.706233
6225.08008 0.706644
6225.33984 0.705614
6225.60010 0.706246
6225.85986 0.705786
6226.12012 0.704912
6226.37988 0.706478
6226.64014 0.705474
6226.89990 0.706244
6227.16016 0.707583
6227.43018 0.705727
6227.68994 0.707531
6227.95020 0.707707
6228.20996 0.706193
6228.47021 0.705717
6228.72998 0.706644
6228.99023 0.706477
6229.25000 0.707849
6229.50977 0.706056
6229.77002 0.704346
6230.02979 0.705275
6230.29004 0.705411
6230.54980 0.705952
6230.81006 0.705243
6231.06982 0.705896
6231.33008 0.707871
6231.58984 0.706757
6231.85986 0.70616
6232.12012 0.708557
6232.37988 0.706342
6232.64014 0.708544
6232.89990 0.705572
6233.16016 0.707388
6233.41992 0.706402
6233.68018 0.707117
6233.93994 0.704593
6234.20020 0.704325
6234.45996 0.705513
6234.72021 0.70437
6234.97998 0.703528
6235.24023 0.704375
6235.50000 0.705245
6235.75977 0.701898
6236.02002 0.705465
6236.29004 0.706327
6236.54980 0.706242
6236.81006 0.705806
6237.06982 0.706448
6237.33008 0.704515
6237.58984 0.703455
6237.85010 0.706118
6238.10986 0.704526
6238.37012 0.70447
6238.62988 0.702457
6238.89014 0.705551
6239.14990 0.704773
6239.41016 0.702863
6239.66992 0.705321
6239.93018 0.702901
6240.18994 0.704687
6240.45996 0.702522
6240.72021 0.701673
6240.97998 0.701152
6241.24023 0.701554
6241.50000 0.700472
6241.75977 0.700505
6242.02002 0.70158
6242.27979 0.701812
6242.54004 0.701564
6242.79980 0.698913
6243.06006 0.701939
6243.31982 0.702123
6243.58008 0.699877
6243.83984 0.701786
6244.10010 0.70072
6244.35986 0.699201
6244.62012 0.698875
6244.89014 0.697673
6245.14990 0.698631
6245.41016 0.697405
6245.66992 0.698686
6245.93018 0.6959
6246.18994 0.697472
6246.45020 0.695369
6246.70996 0.697132
6246.97021 0.695684
6247.22998 0.694291
6247.49023 0.697354
6247.75000 0.693974
6248.00977 0.695193
6248.27002 0.693536
6248.52979 0.693742
6248.79004 0.693954
6249.06006 0.692317
6249.31982 0.69084
6249.58008 0.692745
6249.83984 0.691551
6250.10010 0.691302
6250.35986 0.689939
6250.62012 0.69036
6250.87988 0.69073
6251.14014 0.690098
6251.39990 0.688386
6251.66016 0.687715
6251.91992 0.686977
6252.18018 0.687327
6252.43994 0.685811
6252.70020 0.68795
6252.95996 0.685387
6253.22021 0.685556
6253.49023 0.685332
6253.75000 0.682442
6254.00977 0.684242
6254.27002 0.684691
6254.52979 0.683394
6254.79004 0.68173
6255.04980 0.682555
6255.31006 0.682833
6255.56982 0.682176
6255.83008 0.680251
6256.08984 0.681048
6256.35010 0.679896
6256.60986 0.679751
6256.87012 0.680638
6257.12988 0.6795
6257.39014 0.678934
6257.64990 0.677489
6257.91992 0.678867
6258.18018 0.677372
6258.43994 0.677254
6258.70020 0.675752
6258.95996 0.675849
6259.22021 0.677332
6259.47998 0.674543
6259.74023 0.675463
6260.00000 0.674598
6260.25977 0.67631
6260.52002 0.674477
6260.77979 0.674842
6261.04004 0.674741
6261.29980 0.674446
6261.56006 0.673777
6261.81982 0.675514
6262.08008 0.673781
6262.35010 0.674047
6262.60986 0.67152
6262.87012 0.67329
6263.12988 0.672795
6263.39014 0.674411
6263.64990 0.671521
6263.91016 0.671198
6264.16992 0.671238
6264.43018 0.670884
6264.68994 0.672076
6264.95020 0.673976
6265.20996 0.671936
6265.47021 0.671073
6265.72998 0.671005
6265.99023 0.671511
6266.25000 0.671903
6266.52002 0.671794
6266.77979 0.672528
6267.04004 0.673013
6267.29980 0.676086
6267.56006 0.672703
6267.81982 0.674209
6268.08008 0.67403
6268.33984 0.672366
6268.60010 0.672361
6268.85986 0.674263
6269.12012 0.673473
6269.37988 0.674731
6269.64014 0.674519
6269.89990 0.673966
6270.16016 0.674495
6270.41992 0.676511
6270.68018 0.676892
6270.95020 0.679274
6271.20996 0.676486
6271.47021 0.675552
6271.72998 0.675026
6271.99023 0.6771
6272.25000 0.6758
6272.50977 0.679364
6272.77002 0.680461
6273.02979 0.679192
6273.29004 0.68053
6273.54980 0.681078
6273.81006 0.680246
6274.06982 0.683895
6274.33008 0.68194
6274.58984 0.682093
6274.85010 0.68262
6275.12012 0.685329
6275.37988 0.682644
6275.64014 0.682209
6275.89990 0.683793
6276.16016 0.683974
6276.41992 0.686193
6276.68018 0.687191
6276.93994 0.685176
6277.20020 0.688643
6277.45996 0.68767
6277.72021 0.68998
6277.97998 0.689191
6278.24023 0.690446
6278.50000 0.690195
6278.75977 0.691764
6279.02002 0.690665
6279.27979 0.692087
6279.54980 0.692485
6279.81006 0.69284
6280.06982 0.694588
6280.33008 0.692851
6280.58984 0.695625
6280.85010 0.694431
6281.10986 0.6925
6281.37012 0.694063
6281.62988 0.695448
6281.89014 0.693738
6282.14990 0.697299
6282.41016 0.696899
6282.66992 0.693443
6282.93018 0.694325
6283.18994 0.694214
6283.45020 0.69419
6283.70996 0.694938
6283.97998 0.692887
6284.24023 0.695471
6284.50000 0.694615
6284.75977 0.692428
6285.02002 0.692449
6285.27979 0.690799
6285.54004 0.691661
6285.79980 0.690545
6286.06006 0.691596
6286.31982 0.687819
6286.58008 0.68569
6286.83984 0.688094
6287.10010 0.68746
6287.35986 0.683363
6287.62012 0.682724
6287.87988 0.681501
6288.14990 0.679407
6288.41016 0.678091
6288.66992 0.675685
6288.93018 0.675104
6289.18994 0.671078
6289.45020 0.667662
6289.70996 0.667551
6289.97021 0.66395
6290.22998 0.663365
6290.49023 0.660356
6290.75000 0.656984
6291.00977 0.654304
6291.27002 0.64966
6291.52979 0.648068
6291.79004 0.643306
6292.04980 0.637749
6292.31006 0.636083
6292.58008 0.631699
6292.83984 0.62694
6293.10010 0.623182
6293.35986 0.617306
6293.62012 0.613118
6293.87988 0.610659
6294.14014 0.604878
6294.39990 0.601406
6294.66016 0.596434
6294.91992 0.590436
6295.18018 0.585308
6295.43994 0.577354
6295.70020 0.575647
6295.95996 0.56907
6296.22021 0.563145
6296.47998 0.557392
6296.74023 0.551062
6297.00977 0.545988
6297.27002 0.538305
6297.52979 0.533416
6297.79004 0.527785
6298.04980 0.521701
6298.31006 0.514246
6298.56982 0.508153
6298.83008 0.501664
6299.08984 0.494869
6299.35010 0.488201
6299.60986 0.482516
6299.87012 0.473706
6300.12988 0.468142
6300.39014 0.460186
6300.64990 0.453864
6300.91016 0.446409
6301.16992 0.442349
6301.43994 0.433484
6301.70020 0.428382
6301.95996 0.422574
6302.22021 0.413347
6302.47998 0.407024
6302.74023 0.399909
6303.00000 0.392822
6303.25977 0.387768
6303.52002 0.380532
6303.77979 0.373465
6304.04004 0.36868
6304.29980 0.359084
6304.56006 0.35522
6304.81982 0.346642
6305.08008 0.341898
6305.33984 0.335376
6305.60010 0.330379
6305.87012 0.323068
6306.12988 0.316226
6306.39014 0.31121
6306.64990 0.305647
6306.91016 0.299994
6307.16992 0.292964
6307.43018 0.287403
6307.68994 0.281381
6307.95020 0.276795
6308.20996 0.27048
6308.47021 0.265677
6308.72998 0.260275
6308.99023 0.255195
6309.25000 0.249898
6309.50977 0.244737
6309.77002 0.239356
6310.04004 0.234633
6310.29980 0.229582
6310.56006 0.225698
6310.81982 0.221255
6311.08008 0.216131
6311.33984 0.211707
6311.60010 0.207183
6311.85986 0.202976
