threeML/data/optical_filters/CAHA/CAHA-f_674_7.ecsv
# %ECSV 0.9
# ---
# datatype:
# - {name: wavelength, unit: Angstrom, datatype: float32}
# - {name: response, datatype: float32}
# meta: !!omap
# - {band_name: f_674_7}
# - {group_name: CAHA}
wavelength response
5927.26514 0.0
6585.85010 0.004113
6586.71387 0.004287
6587.57910 0.004447
6588.44287 0.004576
6589.30811 0.004662
6590.17285 0.004696
6591.03711 0.004674
6591.90186 0.004594
6592.76709 0.004461
6593.63086 0.004293
6594.49609 0.004117
6595.35986 0.003963
6596.22510 0.00386
6597.08984 0.003818
6597.95410 0.003822
6598.81885 0.003843
6599.68408 0.003845
6600.54785 0.003812
6601.41309 0.003752
6602.27686 0.003699
6603.14209 0.003694
6604.00586 0.003763
6604.87109 0.003912
6605.73584 0.004118
6606.60010 0.004353
6607.46484 0.004589
6608.33008 0.004809
6609.19385 0.005005
6610.05908 0.005171
6610.92285 0.005303
6611.78809 0.0054
6612.65186 0.005474
6613.51709 0.005549
6614.38184 0.00565
6615.24609 0.005787
6616.11084 0.005945
6616.97607 0.006087
6617.83984 0.00617
6618.70508 0.006166
6619.56885 0.006071
6620.43408 0.005912
6621.29785 0.005731
6622.16309 0.005575
6623.02686 0.005475
6623.89209 0.00544
6624.75684 0.00546
6625.62109 0.005518
6626.48584 0.005603
6627.35107 0.00571
6628.21484 0.005844
6629.08008 0.006002
6629.94385 0.006176
6630.80908 0.006338
6631.67285 0.006454
6632.53809 0.006496
6633.40186 0.006459
6634.26709 0.006368
6635.13184 0.006273
6635.99609 0.006231
6636.86084 0.006279
6637.72510 0.006425
6638.58984 0.006644
6639.45508 0.006896
6640.31885 0.007138
6641.18408 0.007341
6642.04785 0.007489
6642.91309 0.007586
6643.77686 0.007656
6644.64209 0.007731
6645.50586 0.007844
6646.37109 0.008016
6647.23486 0.008242
6648.10010 0.008497
6648.96387 0.008744
6649.82910 0.008944
6650.69385 0.009067
6651.55811 0.009105
6652.42285 0.009072
6653.28711 0.009007
6654.15186 0.008964
6655.01611 0.008995
6655.88086 0.009136
6656.74609 0.009396
6657.60986 0.009755
6658.47510 0.010172
6659.33887 0.0106
6660.20410 0.010998
6661.06787 0.011343
6661.93311 0.011629
6662.79688 0.011869
6663.66211 0.01209
6664.52588 0.012323
6665.39111 0.012597
6666.25488 0.012934
6667.12012 0.013344
6667.98389 0.013817
6668.84912 0.014333
6669.71289 0.014869
6670.57812 0.015416
6671.44189 0.015988
6672.30713 0.016618
6673.17090 0.017345
6674.03613 0.018196
6674.89990 0.019179
6675.76514 0.02029
6676.62891 0.021517
6677.49414 0.022869
6678.35889 0.024375
6679.22314 0.026079
6680.08789 0.028024
6680.95215 0.030235
6681.81689 0.032721
6682.68115 0.035483
6683.54590 0.038536
6684.41016 0.041914
6685.27490 0.045671
6686.13916 0.04987
6687.00391 0.05457
6687.86816 0.059824
6688.73291 0.065683
6689.59717 0.072193
6690.46191 0.079415
6691.32617 0.087433
6692.19092 0.096369
6693.05518 0.106372
6693.91992 0.117611
6694.78418 0.130249
6695.64893 0.144432
6696.51318 0.160271
6697.37793 0.177835
6698.24219 0.197155
6699.10693 0.218211
6699.97119 0.24095
6700.83496 0.26529
6701.70020 0.291141
6702.56396 0.318413
6703.42920 0.34699
6704.29297 0.376688
6705.15820 0.407208
6706.02197 0.438121
6706.88721 0.468911
6707.75098 0.499041
6708.61621 0.528031
6709.47998 0.555491
6710.34521 0.58113
6711.20898 0.604726
6712.07422 0.626094
6712.93799 0.645081
6713.80322 0.661578
6714.66699 0.675571
6715.53223 0.68717
6716.39600 0.696609
6717.26123 0.704197
6718.12500 0.710246
6718.99023 0.715013
6719.85400 0.718684
6720.71924 0.721395
6721.58301 0.723264
6722.44824 0.724426
6723.31201 0.725037
6724.17578 0.725258
6725.04102 0.725243
6725.90479 0.725117
6726.77002 0.724969
6727.63379 0.724858
6728.49902 0.724825
6729.36279 0.724901
6730.22803 0.72511
6731.09180 0.725459
6731.95703 0.725912
6732.82080 0.726402
6733.68604 0.726828
6734.54980 0.727093
6735.41504 0.727131
6736.27881 0.726942
6737.14307 0.726608
6738.00781 0.726274
6738.87207 0.726084
6739.73682 0.726117
6740.60107 0.726328
6741.46484 0.72656
6742.33008 0.726604
6743.19385 0.726292
6744.05908 0.725565
6744.92285 0.724477
6745.78809 0.723167
6746.65186 0.721769
6747.51709 0.720355
6748.38086 0.718908
6749.24609 0.717362
6750.10986 0.715638
6750.97412 0.71369
6751.83887 0.711475
6752.70312 0.708936
6753.56689 0.705944
6754.43213 0.702299
6755.29590 0.697735
6756.16113 0.691975
6757.02490 0.684766
6757.89014 0.6759
6758.75391 0.665221
6759.61914 0.652597
6760.48291 0.637919
6761.34717 0.621085
6762.21191 0.602038
6763.07617 0.580759
6763.93994 0.557321
6764.80518 0.531888
6765.66895 0.504755
6766.53418 0.476328
6767.39795 0.447095
6768.26318 0.417561
6769.12695 0.388191
6769.99121 0.359378
6770.85596 0.331437
6771.72021 0.304612
6772.58398 0.279096
6773.44922 0.255026
6774.31299 0.232489
6775.17822 0.211519
6776.04199 0.192102
6776.90723 0.1742
6777.77100 0.157758
6778.63477 0.142734
6779.50000 0.129082
6780.36377 0.116766
6781.22900 0.105723
6782.09277 0.095875
6782.95801 0.087107
6783.82178 0.079295
6784.68604 0.072311
6785.55078 0.066045
6786.41504 0.06041
6787.27881 0.055333
6788.14404 0.050753
6789.00781 0.046609
6789.87305 0.042855
6790.73682 0.039451
6791.60107 0.03638
6792.46582 0.033631
6793.33008 0.031196
6794.19385 0.029052
6795.05908 0.027162
6795.92285 0.025475
6796.78809 0.023941
6797.65186 0.022517
6798.51611 0.021174
6799.37988 0.019893
6800.24512 0.018668
6801.10889 0.017496
6801.97412 0.016383
6802.83789 0.015347
6803.70312 0.014408
6804.56689 0.013593
6805.43115 0.012912
6806.29492 0.012363
6807.16016 0.011921
6808.02393 0.011551
6808.88916 0.011217
6809.75293 0.010888
6810.61719 0.010546
6811.48193 0.010183
6812.34619 0.0098
6813.20996 0.009399
6814.07520 0.00899
6814.93896 0.008587
6815.80322 0.008208
6816.66797 0.007868
6817.53223 0.007574
6818.39600 0.007319
6819.26123 0.007086
6820.12500 0.006859
6820.99023 0.006629
6821.85400 0.00641
6822.71777 0.006223
6823.58301 0.00609
6824.44678 0.006014
6825.31104 0.005977
6826.17578 0.005948
6827.04004 0.005899
6827.90381 0.005817
6828.76904 0.005712
6829.63281 0.005611
6830.49707 0.005538
6831.36182 0.005507
6832.22607 0.00551
6833.08984 0.005524
6833.95508 0.005525
6834.81885 0.0055
6835.68311 0.005448
6836.54688 0.005374
6837.41211 0.00529
6838.27588 0.005205
6839.14111 0.005128
6840.00488 0.005066
6840.86914 0.00502
6841.73291 0.004983
6842.59814 0.004947
6843.46191 0.0049
6844.32715 0.004836
6845.19092 0.004754
6846.05518 0.004656
6846.91895 0.004552
6847.78418 0.004448
6848.64795 0.004353
6849.51221 0.004271
6850.37598 0.004198
6851.24121 0.004126
6852.10498 0.004042
7537.31543 0.0
