threeML/data/optical_filters/CAHA/CAHA-f_774_13_2.ecsv
# %ECSV 0.9
# ---
# datatype:
# - {name: wavelength, unit: Angstrom, datatype: float32}
# - {name: response, datatype: float32}
# meta: !!omap
# - {band_name: f_774_13_2}
# - {group_name: CAHA}
wavelength response
6846.20801 0.0
7606.89795 0.006014
7607.16113 0.006604
7607.42188 0.007317
7607.68408 0.008098
7607.94580 0.008876
7608.20801 0.009583
7608.47021 0.010173
7608.73096 0.010635
7608.99414 0.010983
7609.25488 0.011245
7609.51709 0.011454
7609.77881 0.011629
7610.04102 0.011783
7610.30322 0.011919
7610.56494 0.012037
7610.82715 0.012139
7611.08789 0.012231
7611.35010 0.012323
7611.61182 0.012429
7611.87402 0.012556
7612.13623 0.012707
7612.39795 0.012878
7612.66016 0.013063
7612.92090 0.013254
7613.18408 0.013443
7613.44482 0.013628
7613.70703 0.013805
7613.96924 0.013974
7614.23096 0.014136
7614.49316 0.014293
7614.75391 0.014451
7615.01709 0.014613
7615.27783 0.014783
7615.54004 0.014963
7615.80176 0.015154
7616.06396 0.015359
7616.32617 0.015581
7616.58789 0.015819
7616.85010 0.01607
7617.11084 0.016324
7617.37402 0.016568
7617.63477 0.016791
7617.89697 0.016984
7618.15918 0.017148
7618.42090 0.017289
7618.68311 0.01742
7618.94385 0.017557
7619.20703 0.017718
7619.46777 0.017912
7619.72998 0.018143
7619.99219 0.018404
7620.25391 0.018686
7620.51611 0.01898
7620.77686 0.019276
7621.04004 0.019572
7621.30078 0.019865
7621.56299 0.020159
7621.82520 0.020457
7622.08691 0.020761
7622.34912 0.021071
7622.61084 0.021385
7622.87305 0.021699
7623.13379 0.022009
7623.39600 0.022318
7623.65820 0.022627
7623.91992 0.022938
7624.18213 0.023248
7624.44385 0.023553
7624.70605 0.023846
7624.96680 0.024127
7625.22900 0.024402
7625.49121 0.024683
7625.75293 0.024986
7626.01514 0.025324
7626.27686 0.0257
7626.53906 0.026105
7626.80078 0.026523
7627.06299 0.026935
7627.32422 0.027331
7627.58594 0.027711
7627.84814 0.028081
7628.10986 0.028455
7628.37207 0.028842
7628.63379 0.029248
7628.89600 0.02967
7629.15723 0.030103
7629.41895 0.030541
7629.68115 0.030983
7629.94287 0.031429
7630.20508 0.031883
7630.46680 0.032349
7630.72900 0.032828
7630.99023 0.033319
7631.25195 0.03382
7631.51416 0.034326
7631.77588 0.034835
7632.03809 0.035347
7632.29980 0.035866
7632.56201 0.0364
7632.82422 0.036952
7633.08496 0.037521
7633.34717 0.038105
7633.60889 0.038703
7633.87109 0.039316
7634.13281 0.039945
7634.39502 0.040591
7634.65723 0.041251
7634.91797 0.041917
7635.18018 0.042578
7635.44189 0.043227
7635.70410 0.043863
7635.96582 0.04449
7636.22803 0.045118
7636.49023 0.045756
7636.75098 0.046411
7637.01318 0.047088
7637.27490 0.04779
7637.53711 0.048524
7637.79883 0.049294
7638.06104 0.050103
7638.32324 0.050942
7638.58398 0.051802
7638.84717 0.052667
7639.10791 0.053527
7639.37012 0.054378
7639.63184 0.055224
7639.89404 0.056074
7640.15576 0.056937
7640.41699 0.057818
7640.68018 0.058719
7640.94092 0.059636
7641.20312 0.060567
7641.46484 0.061514
7641.72705 0.062482
7641.98877 0.063478
7642.25098 0.064509
7642.51318 0.065577
7642.77393 0.066677
7643.03613 0.067805
7643.29785 0.068953
7643.56006 0.070114
7643.82178 0.071276
7644.08398 0.072429
7644.34619 0.073567
7644.60693 0.074694
7644.87012 0.075823
7645.13086 0.076972
7645.39307 0.078158
7645.65479 0.079388
7645.91699 0.080662
7646.17920 0.081976
7646.43994 0.083324
7646.70312 0.084706
7646.96387 0.086124
7647.22607 0.087584
7647.48779 0.08909
7647.75000 0.09064
7648.01221 0.092228
7648.27393 0.093842
7648.53613 0.09547
7648.79688 0.097105
7649.05908 0.098743
7649.32080 0.100388
7649.58301 0.102045
7649.84521 0.103725
7650.10693 0.105434
7650.36914 0.107178
7650.62988 0.108955
7650.89307 0.110763
7651.15381 0.112599
7651.41602 0.114463
7651.67822 0.116361
7651.93994 0.118299
7652.20215 0.120283
7652.46289 0.122313
7652.72607 0.124382
7652.98682 0.126487
7653.24902 0.128623
7653.51123 0.130795
7653.77295 0.133005
7654.03516 0.13525
7654.29688 0.137526
7654.55908 0.139827
7654.81982 0.142153
7655.08203 0.144511
7655.34424 0.146912
7655.60596 0.149364
7655.86816 0.151867
7656.12988 0.154413
7656.39209 0.156992
7656.65283 0.159596
7656.91602 0.162225
7657.17676 0.164884
7657.43896 0.16758
7657.70117 0.170321
7657.96289 0.173111
7658.22510 0.175956
7658.48584 0.178863
7658.74902 0.181835
7659.00977 0.184872
7659.27197 0.187971
7659.53418 0.191118
7659.79590 0.194303
7660.05811 0.197518
7660.31982 0.200763
7660.58203 0.204042
7660.84277 0.207359
7661.10498 0.210711
7661.36719 0.214096
7661.62891 0.217514
7661.89111 0.220972
7662.15283 0.224488
7662.41504 0.228077
7662.67578 0.231749
7662.93799 0.235501
7663.20020 0.239316
7663.46191 0.243175
7663.72412 0.247063
7663.98584 0.250972
7664.24805 0.254901
7664.50879 0.258851
7664.77100 0.262828
7665.03320 0.266841
7665.29492 0.270904
7665.55713 0.275033
7665.81885 0.279243
7666.08105 0.283537
7666.34277 0.287906
7666.60400 0.292327
7666.86621 0.296782
7667.12793 0.301253
7667.39014 0.305732
7667.65186 0.310213
7667.91406 0.314696
7668.17578 0.319185
7668.43799 0.323692
7668.69922 0.328235
7668.96094 0.332836
7669.22314 0.337508
7669.48486 0.342251
7669.74707 0.347058
7670.00879 0.35191
7670.27100 0.356793
7670.53223 0.361695
7670.79395 0.366612
7671.05615 0.37154
7671.31787 0.376475
7671.58008 0.381416
7671.84180 0.386366
7672.10400 0.391338
7672.36621 0.396349
7672.62695 0.401413
7672.88916 0.40653
7673.15088 0.411689
7673.41309 0.416869
7673.67480 0.422049
7673.93701 0.427204
7674.19922 0.432318
7674.45996 0.43738
7674.72217 0.442396
7674.98389 0.447389
7675.24609 0.452389
7675.50781 0.457423
7675.77002 0.462507
7676.03223 0.467633
7676.29297 0.472779
7676.55615 0.477915
7676.81689 0.48302
7677.07910 0.488083
7677.34082 0.493105
7677.60303 0.498088
7677.86523 0.503037
7678.12598 0.507953
7678.38916 0.512836
7678.64990 0.517689
7678.91211 0.522511
7679.17383 0.527308
7679.43604 0.532086
7679.69824 0.536857
7679.95898 0.541636
7680.22217 0.546424
7680.48291 0.551211
7680.74512 0.555964
7681.00684 0.560643
7681.26904 0.565207
7681.53076 0.569639
7681.79297 0.573955
7682.05518 0.578199
7682.31592 0.582428
7682.57910 0.586681
7682.83984 0.590968
7683.10205 0.595269
7683.36377 0.599543
7683.62598 0.603751
7683.88818 0.607875
7684.14893 0.611916
7684.41211 0.615895
7684.67285 0.619832
7684.93506 0.62374
7685.19678 0.62762
7685.45898 0.631469
7685.72119 0.635282
7685.98291 0.63906
7686.24512 0.6428
7686.50586 0.646493
7686.76807 0.650119
7687.02979 0.653647
7687.29199 0.65705
7687.55420 0.660314
7687.81592 0.66344
7688.07812 0.666449
7688.33887 0.669369
7688.60205 0.672223
7688.86279 0.675026
7689.12500 0.677781
7689.38721 0.680493
7689.64893 0.683172
7689.91113 0.685833
7690.17188 0.688492
7690.43506 0.691157
7690.69580 0.693822
7690.95801 0.696465
7691.22021 0.69906
7691.48193 0.701588
7691.74414 0.704046
7692.00586 0.706446
7692.26807 0.708808
7692.52881 0.711142
7692.79102 0.713445
7693.05322 0.715699
7693.31494 0.717882
7693.57715 0.71998
7693.83887 0.721997
7694.10107 0.723946
7694.36182 0.725842
7694.62500 0.727691
7694.88623 0.729495
7695.14795 0.731247
7695.41016 0.732943
7695.67188 0.734584
7695.93408 0.736167
7696.19482 0.737694
7696.45801 0.739174
7696.71924 0.740627
7696.98096 0.74208
7697.24316 0.74356
7697.50488 0.745071
7697.76709 0.746594
7698.02881 0.74809
7698.29102 0.749517
7698.55176 0.750847
7698.81396 0.752071
7699.07617 0.753199
7699.33789 0.754254
7699.60010 0.755263
7699.86182 0.756252
7700.12402 0.757255
7700.38477 0.758311
7700.64697 0.759455
7700.90918 0.760705
7701.17090 0.762049
7701.43311 0.763439
7701.69482 0.764807
7701.95703 0.766083
7702.21777 0.767216
7702.47998 0.768186
7702.74219 0.769004
7703.00391 0.769709
7703.26611 0.770351
7703.52783 0.770989
7703.79004 0.771675
7704.05176 0.77245
7704.31299 0.773331
7704.57520 0.774313
7704.83691 0.775362
7705.09912 0.776422
7705.36084 0.777429
7705.62305 0.778334
7705.88477 0.779114
7706.14600 0.77978
7706.40820 0.780364
7706.66992 0.780895
7706.93213 0.781396
7707.19385 0.781878
7707.45605 0.782353
7707.71777 0.782845
7707.97900 0.783388
7708.24121 0.784008
7708.50293 0.784713
7708.76514 0.785474
7709.02686 0.78624
7709.28906 0.786955
7709.55078 0.787596
7709.81299 0.788183
7710.07520 0.788765
7710.33594 0.789391
7710.59814 0.790073
7710.85986 0.790784
7711.12207 0.791473
7711.38379 0.792092
7711.64600 0.792623
7711.90820 0.793074
7712.16895 0.793476
7712.43115 0.793861
7712.69287 0.794258
7712.95508 0.794681
7713.21680 0.795134
7713.47900 0.795611
7713.74121 0.7961
7714.00195 0.796588
7714.26416 0.797059
7714.52588 0.797507
7714.78809 0.797928
7715.04980 0.798321
7715.31201 0.798683
7715.57422 0.799009
7715.83496 0.799299
7716.09814 0.799569
7716.35889 0.799852
7716.62109 0.800182
7716.88281 0.800581
7717.14502 0.801037
7717.40723 0.801516
7717.66797 0.801964
7717.93115 0.802344
7718.19189 0.802648
7718.45410 0.802896
7718.71582 0.803129
7718.97803 0.803386
7719.24023 0.803689
7719.50195 0.804041
7719.76416 0.804432
7720.02490 0.804851
7720.28809 0.805288
7720.54883 0.805727
7720.81104 0.80615
7721.07324 0.806534
7721.33496 0.806862
7721.59717 0.807127
7721.85791 0.807345
7722.12109 0.807544
7722.38184 0.807758
7722.64404 0.808015
7722.90576 0.808332
7723.16797 0.808708
7723.43018 0.809121
7723.69092 0.809535
7723.95410 0.809903
7724.21484 0.810185
7724.47705 0.810359
7724.73877 0.81042
7725.00098 0.810388
7725.26318 0.810309
7725.52490 0.810243
7725.78711 0.810248
7726.04785 0.810356
7726.31104 0.810559
7726.57178 0.810813
7726.83398 0.811068
7727.09619 0.811292
7727.35791 0.811485
7727.62012 0.81167
7727.88086 0.811871
7728.14404 0.812091
7728.40479 0.812307
7728.66699 0.812487
7728.92920 0.812605
7729.19092 0.812662
7729.45312 0.812682
7729.71387 0.812703
7729.97705 0.812763
7730.23779 0.812879
7730.50000 0.813046
7730.76221 0.813244
7731.02393 0.813445
7731.28613 0.813625
7731.54785 0.813766
7731.81006 0.813857
7732.07080 0.813901
7732.33301 0.813914
7732.59521 0.813915
7732.85693 0.813919
7733.11914 0.813925
7733.38086 0.813919
7733.64307 0.81388
7733.90381 0.813789
7734.16699 0.81363
7734.42822 0.813395
7734.68994 0.813092
7734.95215 0.812751
7735.21387 0.812413
7735.47607 0.812125
7735.73779 0.811917
7736.00000 0.811799
7736.26123 0.811758
7736.52295 0.811759
7736.78516 0.811763
7737.04688 0.811733
7737.30908 0.811645
7737.57080 0.811499
7737.83301 0.811307
7738.09424 0.811092
7738.35596 0.81088
7738.61816 0.810693
7738.87988 0.810543
7739.14209 0.810433
7739.40381 0.810347
7739.66602 0.810259
7739.92676 0.810137
7740.18896 0.809954
7740.45117 0.809701
7740.71289 0.809387
7740.97510 0.809042
7741.23682 0.808702
7741.49902 0.808394
7741.76123 0.80812
7742.02197 0.807862
7742.28418 0.807591
7742.54590 0.807285
7742.80811 0.806939
7743.06982 0.806566
7743.33203 0.806187
7743.59424 0.805824
7743.85498 0.805487
7744.11719 0.805176
7744.37891 0.80488
7744.64111 0.804585
7744.90283 0.804274
7745.16504 0.803938
7745.42676 0.803569
7745.68799 0.803168
7745.95020 0.80275
7746.21191 0.802348
7746.47412 0.802011
7746.73584 0.801793
7746.99805 0.801722
7747.25977 0.801792
7747.52100 0.801956
7747.78418 0.802147
7748.04492 0.802299
7748.30713 0.802362
7748.56885 0.802309
7748.83105 0.802127
7749.09277 0.801818
7749.35400 0.801394
7749.61719 0.800882
7749.87793 0.800319
7750.14014 0.799752
7750.40186 0.799233
7750.66406 0.798802
7750.92578 0.798476
7751.18799 0.798249
7751.45020 0.79808
7751.71094 0.797919
7751.97314 0.79772
7752.23486 0.797459
7752.49707 0.797139
7752.75879 0.796777
7753.02100 0.796398
7753.28320 0.79602
7753.54395 0.795655
7753.80713 0.795318
7754.06787 0.795021
7754.33008 0.794776
7754.59180 0.794583
7754.85400 0.794427
7755.11621 0.794284
7755.37695 0.794127
7755.64014 0.793943
7755.90088 0.793735
7756.16309 0.79352
7756.42480 0.793318
7756.68701 0.793141
7756.94922 0.792986
7757.21094 0.79283
7757.47314 0.792642
7757.73389 0.792394
7757.99609 0.792078
7758.25781 0.791713
7758.52002 0.79134
7758.78223 0.79101
7759.04395 0.790761
7759.30615 0.7906
7759.56689 0.790502
7759.83008 0.790428
7760.09082 0.790342
7760.35303 0.790226
7760.61523 0.790082
7760.87695 0.789919
7761.13916 0.789744
7761.39990 0.789559
7761.66309 0.789364
7761.92383 0.789159
7762.18604 0.788945
7762.44824 0.788725
7762.70996 0.788505
7762.97217 0.788304
7763.23389 0.788145
7763.49609 0.788054
7763.75684 0.788042
7764.01904 0.788095
7764.28076 0.788181
7764.54297 0.788259
7764.80518 0.788298
7765.06689 0.788284
7765.32910 0.788215
7765.58984 0.788094
7765.85303 0.787916
7766.11377 0.787677
7766.37598 0.787378
7766.63818 0.787042
7766.89990 0.786703
7767.16211 0.786408
7767.42285 0.786194
7767.68604 0.786078
7767.94678 0.786056
7768.20898 0.786102
7768.47119 0.786187
7768.73291 0.78628
7768.99512 0.786359
7769.25684 0.786401
7769.51904 0.786382
7769.77979 0.786271
7770.04199 0.786047
7770.30420 0.785703
7770.56592 0.78526
7770.82812 0.784757
7771.08984 0.784243
7771.35205 0.78376
7771.61279 0.783334
7771.87500 0.782974
7772.13721 0.782683
7772.39893 0.782454
7772.66113 0.782274
7772.92285 0.782116
7773.18506 0.781939
7773.44580 0.781696
7773.70801 0.78135
7773.97021 0.780889
7774.23193 0.78033
7774.49414 0.77971
7774.75586 0.779073
7775.01807 0.77845
7775.27979 0.777848
7775.54199 0.777255
7775.80322 0.776649
7776.06494 0.77601
7776.32715 0.775326
7776.58887 0.774601
7776.85107 0.773845
7777.11279 0.773076
7777.37500 0.772305
7777.63623 0.771534
7777.89795 0.770751
7778.16016 0.769942
7778.42188 0.769092
7778.68408 0.768199
7778.94580 0.767265
7779.20801 0.766291
7779.47021 0.765274
7779.73096 0.764208
7779.99316 0.763087
7780.25488 0.761919
7780.51709 0.760723
7780.77881 0.759515
7781.04102 0.7583
7781.30322 0.757062
7781.56396 0.755772
7781.82617 0.754398
7782.08789 0.752923
7782.35010 0.75135
7782.61182 0.749699
7782.87402 0.747996
7783.13623 0.746266
7783.39697 0.74452
7783.65918 0.742753
7783.92090 0.740944
7784.18311 0.739062
7784.44482 0.737076
7784.70703 0.734973
7784.96924 0.732762
7785.22998 0.73047
7785.49316 0.72813
7785.75391 0.725767
7786.01611 0.723384
7786.27783 0.720962
7786.54004 0.718466
7786.80176 0.715863
7787.06299 0.713128
7787.32617 0.710254
7787.58691 0.707255
7787.84912 0.704153
7788.11084 0.700978
7788.37305 0.697759
7788.63477 0.694518
7788.89697 0.691273
7789.15918 0.688029
7789.41992 0.684779
7789.68213 0.681504
7789.94385 0.678186
7790.20605 0.674804
7790.46777 0.671345
7790.72998 0.667802
7790.99219 0.66417
7791.25293 0.660445
7791.51611 0.656617
7791.77686 0.652678
7792.03906 0.648611
7792.30078 0.644407
7792.56299 0.640066
7792.82520 0.635603
7793.08594 0.631055
7793.34912 0.626467
7793.60986 0.621884
7793.87207 0.617325
7794.13379 0.612787
7794.39600 0.608243
7794.65820 0.603656
7794.91992 0.598998
7795.18213 0.594254
7795.44287 0.589425
7795.70508 0.584524
7795.96680 0.579577
7796.22900 0.574609
7796.49121 0.569639
7796.75293 0.564671
7797.01514 0.559698
7797.27588 0.554697
7797.53906 0.54965
7797.79980 0.54454
7798.06201 0.539356
7798.32422 0.534099
7798.58594 0.528772
7798.84814 0.52338
7799.10889 0.517934
7799.37207 0.512455
7799.63281 0.506966
7799.89502 0.501492
7800.15723 0.496055
7800.41895 0.490664
7800.68115 0.48531
7800.94287 0.479976
7801.20508 0.474635
7801.46582 0.469267
7801.72803 0.463859
7801.99023 0.458414
7802.25195 0.452941
7802.51416 0.447461
7802.77588 0.441998
7803.03809 0.436582
7803.29883 0.43124
7803.56201 0.425994
7803.82324 0.420843
7804.08496 0.415758
7804.34717 0.410691
7804.60889 0.405583
7804.87109 0.400392
7805.13184 0.39511
7805.39502 0.389769
7805.65576 0.384422
7805.91797 0.379123
7806.18018 0.373907
7806.44189 0.368781
7806.70410 0.363733
7806.96582 0.358737
7807.22803 0.353773
7807.48877 0.348834
7807.75098 0.343928
7808.01318 0.339073
7808.27490 0.334287
7808.53711 0.329581
7808.79883 0.324955
7809.06104 0.320399
7809.32178 0.315894
7809.58398 0.311421
7809.84619 0.306965
7810.10791 0.302525
7810.37012 0.298111
7810.63184 0.29374
7810.89404 0.289429
7811.15479 0.285184
7811.41699 0.280999
7811.67920 0.276857
7811.94092 0.272743
7812.20312 0.268646
7812.46484 0.264573
7812.72705 0.260544
7812.98877 0.256584
7813.25000 0.252712
7813.51221 0.24893
7813.77393 0.245222
7814.03613 0.241559
7814.29785 0.237914
7814.56006 0.23427
7814.82178 0.230627
7815.08301 0.226999
7815.34521 0.223409
7815.60693 0.219883
7815.86914 0.216443
7816.13086 0.213095
7816.39307 0.209827
7816.65479 0.206615
7816.91699 0.203429
7817.17822 0.200245
7817.43994 0.197059
7817.70215 0.193884
7817.96387 0.190741
7818.22607 0.187654
7818.48779 0.184637
7818.75000 0.181693
7819.01221 0.178818
7819.27295 0.175999
7819.53516 0.173223
7819.79688 0.170482
7820.05908 0.167767
7820.32080 0.165078
7820.58301 0.162419
7820.84521 0.159801
7821.10596 0.157234
7821.36816 0.154729
7821.62988 0.152289
7821.89209 0.149913
7822.15381 0.14759
7822.41602 0.145311
7822.67822 0.143068
7822.93896 0.140859
7823.20117 0.138683
7823.46289 0.136543
7823.72510 0.134441
7823.98682 0.132378
7824.24902 0.130351
7824.51123 0.128356
7824.77197 0.126392
7825.03516 0.124455
7825.29590 0.122545
7825.55811 0.120658
7825.81982 0.118785
7826.08203 0.116917
7826.34424 0.11505
7826.60498 0.113186
7826.86816 0.111341
7827.12891 0.10954
7827.39111 0.107806
7827.65283 0.106151
7827.91504 0.104572
7828.17676 0.103049
7828.43896 0.101553
7828.70117 0.100058
7828.96191 0.098549
7829.22510 0.097023
7829.48584 0.095492
7829.74805 0.09397
7830.00977 0.092474
7830.27197 0.091015
7830.53418 0.089599
7830.79492 0.08822
7831.05811 0.086869
7831.31885 0.085538
7831.58105 0.084221
7831.84277 0.082921
7832.10498 0.081646
7832.36719 0.080399
7832.62793 0.079179
7832.89111 0.077977
7833.15186 0.076784
7833.41406 0.075596
7833.67578 0.074417
7833.93799 0.07326
7834.20020 0.072141
7834.46191 0.071071
7834.72412 0.070049
7834.98486 0.069069
7835.24805 0.068116
7835.50879 0.067179
7835.77100 0.066248
7836.03320 0.06532
7836.29492 0.064397
7836.55713 0.063483
7836.81787 0.06258
7837.08105 0.061689
7837.34180 0.06081
7837.60400 0.059941
7837.86621 0.059077
7838.12793 0.058214
7838.39014 0.05735
7838.65186 0.056487
7838.91406 0.055629
7839.17480 0.054787
7839.43701 0.053969
7839.69922 0.053184
7839.96094 0.052435
7840.22314 0.051718
7840.48486 0.051028
7840.74707 0.050356
7841.00781 0.049691
7841.27100 0.049026
7841.53223 0.048357
7841.79395 0.04768
7842.05615 0.047
7842.31787 0.046321
7842.58008 0.045649
7842.84082 0.04499
7843.10400 0.044345
7843.36523 0.043713
7843.62695 0.043094
7843.88916 0.042488
7844.15088 0.0419
7844.41309 0.041335
7844.67480 0.0408
7844.93701 0.040293
7845.19824 0.039806
7845.45996 0.039327
7845.72217 0.03884
7845.98389 0.038333
7846.24609 0.037804
7846.50781 0.03726
7846.77002 0.036714
7847.03076 0.036179
7847.29297 0.035667
7847.55518 0.035183
7847.81689 0.034726
7848.07910 0.034292
7848.34082 0.033873
7848.60303 0.033463
7848.86377 0.033054
7849.12598 0.032643
7849.38818 0.032234
7849.64990 0.031828
7849.91211 0.031429
7850.17383 0.031032
7850.43604 0.030629
7850.69824 0.030216
7850.95898 0.029792
7851.22119 0.029369
7851.48291 0.028958
7851.74512 0.028571
7852.00684 0.02821
7852.26904 0.027872
7852.53076 0.027547
7852.79199 0.027231
7853.05420 0.026917
7853.31592 0.026603
7853.57812 0.026284
7853.83984 0.025955
7854.10205 0.025614
7854.36377 0.025266
7854.62500 0.024922
7854.88721 0.024594
7855.14893 0.024288
7855.41113 0.024002
7855.67285 0.023724
7855.93506 0.023439
7856.19678 0.023136
7856.45801 0.022814
7856.72119 0.022477
7856.98193 0.022138
7857.24414 0.021811
7857.50586 0.021507
7857.76807 0.021227
7858.02979 0.020967
7858.29199 0.020718
7858.55420 0.020474
7858.81494 0.020234
7859.07715 0.02
7859.33887 0.019779
7859.60107 0.019573
7859.86279 0.01938
7860.12500 0.019197
7860.38721 0.019019
7860.64795 0.018845
7860.91016 0.018673
7861.17188 0.018502
7861.43408 0.018326
7861.69580 0.018141
7861.95801 0.017947
7862.22021 0.017748
7862.48096 0.01755
7862.74414 0.017359
7863.00488 0.017176
7863.26709 0.016999
7863.52881 0.016822
7863.79102 0.016636
7864.05322 0.016437
7864.31396 0.016224
7864.57715 0.016003
7864.83789 0.015784
7865.10010 0.01558
7865.36182 0.015399
7865.62402 0.01524
7865.88623 0.015099
7866.14795 0.014967
7866.41016 0.014837
7866.67090 0.014709
7866.93311 0.014582
7867.19482 0.014459
7867.45703 0.014339
7867.71924 0.014217
7867.98096 0.014086
7868.24316 0.013941
7868.50391 0.013781
7868.76709 0.013608
7869.02783 0.013429
7869.29004 0.013248
7869.55176 0.013069
7869.81396 0.012893
7870.07617 0.012722
7870.33691 0.012557
7870.60010 0.012401
7870.86084 0.012255
7871.12305 0.012122
7871.38477 0.011997
7871.64697 0.011876
7871.90918 0.011755
7872.17090 0.011633
7872.43311 0.011512
7872.69385 0.011398
7872.95703 0.011295
7873.21777 0.011204
7873.47998 0.011124
7873.74219 0.011055
7874.00391 0.010998
7874.26611 0.010955
7874.52686 0.010926
7874.79004 0.010912
8662.26953 0.0
