threeML/data/optical_filters/CAHA/CAHA-f_614_28.ecsv
# %ECSV 0.9
# ---
# datatype:
# - {name: wavelength, unit: Angstrom, datatype: float32}
# - {name: response, datatype: float32}
# meta: !!omap
# - {band_name: f_614_28}
# - {group_name: CAHA}
wavelength response
[from data line 1609]
6197.50000 0.769063
6197.77002 0.767688
6198.02979 0.770417
6198.29004 0.772503
6198.54980 0.770267
6198.81006 0.766854
6199.06982 0.766105
6199.33008 0.768588
6199.58984 0.774449
6199.85010 0.77054
6200.10986 0.763856
6200.37012 0.769252
6200.62988 0.772029
6200.89014 0.769996
6201.14990 0.765619
6201.41016 0.761881
6201.66992 0.765429
6201.93018 0.76974
6202.18994 0.769138
6202.45020 0.763752
6202.70996 0.761321
6202.97998 0.766063
6203.24023 0.766917
6203.50000 0.76501
6203.75977 0.75896
6204.02002 0.761514
6204.27979 0.765087
6204.54004 0.765885
6204.79980 0.762634
6205.06006 0.758258
6205.31982 0.761709
6205.58008 0.764946
6205.83984 0.762942
6206.10010 0.760652
6206.35986 0.754458
6206.62012 0.757893
6206.87988 0.764586
6207.14014 0.760242
6207.39990 0.759781
6207.66016 0.754047
6207.91992 0.755324
6208.18994 0.760508
6208.45020 0.760146
6208.70996 0.756627
6208.97021 0.752954
6209.22998 0.757817
6209.49023 0.758508
6209.75000 0.756307
6210.00977 0.751385
6210.27002 0.749767
6210.52979 0.755064
6210.79004 0.759494
6211.04980 0.754916
6211.31006 0.748448
6211.56982 0.7526
6211.83008 0.754435
6212.08984 0.755864
6212.35010 0.751602
6212.60986 0.746639
6212.87012 0.749434
6213.12988 0.753271
6213.39990 0.75015
6213.66016 0.747825
6213.91992 0.744478
6214.18018 0.744945
6214.43994 0.749048
6214.70020 0.747331
6214.95996 0.744474
6215.22021 0.740666
6215.47998 0.743339
6215.74023 0.748963
6216.00000 0.745282
6216.25977 0.741412
6216.52002 0.738929
6216.77979 0.743273
6217.04004 0.746323
6217.29980 0.740957
6217.56006 0.7365
6217.81982 0.73887
6218.08008 0.740277
6218.33984 0.741725
6218.60010 0.735933
6218.87012 0.73386
6219.12988 0.734735
6219.39014 0.738393
6219.64990 0.736281
6219.91016 0.734147
6220.16992 0.730353
6220.43018 0.73047
6220.68994 0.734746
6220.95020 0.733575
6221.20996 0.72505
6221.47021 0.725433
6221.72998 0.729266
6221.99023 0.733751
6222.25000 0.731197
6222.50977 0.722947
6222.77002 0.72248
6223.02979 0.723515
6223.29004 0.730212
6223.54980 0.726965
6223.81006 0.721439
6224.08008 0.722139
6224.33984 0.724879
6224.60010 0.725062
6224.85986 0.722568
6225.12012 0.716341
6225.37988 0.716662
6225.64014 0.720155
6225.89990 0.719437
6226.16016 0.71614
6226.41992 0.712421
6226.68018 0.713206
6226.93994 0.716859
6227.20020 0.719337
6227.45996 0.710714
6227.72021 0.707082
6227.97998 0.70966
6228.24023 0.712927
6228.50000 0.713002
6228.75977 0.705479
6229.02002 0.702922
6229.29004 0.70597
6229.54980 0.709502
6229.81006 0.705615
6230.06982 0.70111
6230.33008 0.696536
6230.58984 0.701369
6230.85010 0.70233
6231.10986 0.699776
6231.37012 0.696323
6231.62988 0.693931
6231.89014 0.699069
6232.14990 0.69914
6232.41016 0.696344
6232.66992 0.69062
6232.93018 0.689975
6233.18994 0.693471
6233.45020 0.695242
6233.70996 0.68764
6233.97021 0.684609
6234.22998 0.682997
6234.50000 0.689518
6234.75977 0.69023
6235.02002 0.681852
6235.27979 0.677268
6235.54004 0.67806
6235.79980 0.68167
6236.06006 0.680808
6236.31982 0.678057
6236.58008 0.668721
6236.83984 0.673675
6237.10010 0.677616
6237.35986 0.675456
6237.62012 0.671102
6237.87988 0.664604
6238.14014 0.667934
6238.39990 0.669923
6238.66016 0.666675
6238.91992 0.661638
6239.18018 0.65797
6239.43994 0.66338
6239.70996 0.665798
6239.97021 0.659436
6240.22998 0.6534
6240.49023 0.651811
6240.75000 0.654687
6241.00977 0.659403
6241.27002 0.653049
6241.52979 0.646864
6241.79004 0.646018
6242.04980 0.649791
6242.31006 0.650034
6242.56982 0.644325
6242.83008 0.636025
6243.08984 0.640409
6243.35010 0.645426
6243.60986 0.640936
6243.87012 0.636892
6244.12988 0.630683
6244.39014 0.633736
6244.64990 0.633273
6244.91992 0.63176
6245.18018 0.627287
6245.43994 0.626699
6245.70020 0.626496
6245.95996 0.629324
6246.22021 0.626626
6246.47998 0.62078
6246.74023 0.616856
6247.00000 0.618494
6247.25977 0.620814
6247.52002 0.616619
6247.77979 0.610993
6248.04004 0.608554
6248.29980 0.611505
6248.56006 0.612759
6248.81982 0.610838
6249.08008 0.601674
6249.33984 0.599301
6249.60010 0.602022
6249.87012 0.60184
6250.12988 0.598322
6250.39014 0.591635
6250.64990 0.591252
6250.91016 0.596646
6251.16992 0.595789
6251.43018 0.591833
6251.68994 0.582915
6251.95020 0.584572
6252.20996 0.583869
6252.47021 0.586522
6252.72998 0.578613
6252.99023 0.573362
6253.25000 0.574524
6253.50977 0.577318
6253.77002 0.574783
6254.02979 0.570117
6254.29004 0.564067
6254.54980 0.566453
6254.81006 0.566707
6255.08008 0.567319
6255.33984 0.557912
6255.60010 0.555504
6255.85986 0.5567
6256.12012 0.560123
6256.37988 0.558159
6256.64014 0.550493
6256.89990 0.545979
6257.16016 0.548014
6257.41992 0.549403
6257.68018 0.544875
6257.93994 0.539263
6258.20020 0.536882
6258.45996 0.54098
6258.72021 0.539832
6258.97998 0.535107
6259.24023 0.532103
6259.50000 0.52697
6259.75977 0.529904
6260.02002 0.529254
6260.29004 0.524755
6260.54980 0.519187
6260.81006 0.517497
6261.06982 0.519825
6261.33008 0.521135
6261.58984 0.51513
6261.85010 0.50687
6262.10986 0.507558
6262.37012 0.511359
6262.62988 0.509622
6262.89014 0.503575
6263.14990 0.499032
6263.41016 0.497792
6263.66992 0.500179
6263.93018 0.497382
6264.18994 0.493551
6264.45020 0.487255
6264.70996 0.489146
6264.97021 0.490221
6265.22998 0.487755
6265.50000 0.481197
6265.75977 0.475982
6266.02002 0.479182
6266.27979 0.481351
6266.54004 0.477281
6266.79980 0.469987
6267.06006 0.466355
6267.31982 0.468666
6267.58008 0.469149
6267.83984 0.468034
6268.10010 0.461922
6268.35986 0.4568
6268.62012 0.459349
6268.87988 0.459389
6269.14014 0.456581
6269.39990 0.4497
6269.66016 0.448092
6269.91992 0.449165
6270.18018 0.450786
6270.43994 0.445678
6270.70996 0.439282
6270.97021 0.438677
6271.22998 0.438622
6271.49023 0.438721
6271.75000 0.43604
6272.00977 0.430316
6272.27002 0.426975
6272.52979 0.427698
6272.79004 0.426803
6273.04980 0.423508
6273.31006 0.4174
6273.56982 0.416864
6273.83008 0.421379
6274.08984 0.418871
6274.35010 0.41183
6274.60986 0.408064
6274.87012 0.406757
6275.12988 0.40945
6275.39014 0.407793
6275.64990 0.40363
6275.91992 0.398018
6276.18018 0.397831
6276.43994 0.40088
6276.70020 0.397715
6276.95996 0.393844
6277.22021 0.387134
6277.47998 0.389326
6277.74023 0.389734
6278.00000 0.387348
6278.25977 0.382004
6278.52002 0.376316
6278.77979 0.378693
6279.04004 0.379702
6279.29980 0.376895
6279.56006 0.370286
6279.81982 0.36882
6280.08008 0.369476
6280.33984 0.368962
6280.60010 0.365711
6280.85986 0.360388
6281.12012 0.357051
6281.39014 0.360242
6281.64990 0.359295
6281.91016 0.356324
6282.16992 0.352496
6282.43018 0.348639
6282.68994 0.350209
6282.95020 0.34837
6283.20996 0.346608
6283.47021 0.342876
6283.72998 0.341175
6283.99023 0.339576
6284.25000 0.338843
6284.50977 0.338516
6284.77002 0.33264
6285.02979 0.333648
6285.29004 0.331225
6285.54980 0.330448
6285.81006 0.326829
6286.06982 0.323428
6286.33008 0.3216
6286.60010 0.321492
6286.85986 0.320377
6287.12012 0.318791
6287.37988 0.312495
6287.64014 0.311779
6287.89990 0.314255
6288.16016 0.313567
6288.41992 0.308688
6288.68018 0.305173
6288.93994 0.304124
6289.20020 0.303961
6289.45996 0.302713
6289.72021 0.299408
6289.97998 0.296375
6290.24023 0.295482
6290.50000 0.295083
6290.75977 0.291815
6291.02002 0.290081
6291.27979 0.287591
6291.54004 0.286279
6291.81006 0.287951
6292.06982 0.284716
6292.33008 0.281271
6292.58984 0.278471
6292.85010 0.277803
6293.10986 0.277188
6293.37012 0.276499
6293.62988 0.274001
6293.89014 0.270585
6294.14990 0.270589
6294.41016 0.270218
6294.66992 0.26721
6294.93018 0.264694
6295.18994 0.261866
6295.45020 0.262627
6295.70996 0.261594
6295.97021 0.259587
6296.22998 0.256548
6296.49023 0.255808
6296.75000 0.254894
6297.02002 0.254008
6297.27979 0.251188
6297.54004 0.247466
6297.79980 0.245145
6298.06006 0.247845
6298.31982 0.244417
6298.58008 0.242441
6298.83984 0.240541
6299.10010 0.238384
6299.35986 0.238549
6299.62012 0.238032
6299.87988 0.235383
6300.14014 0.232724
6300.39990 0.232558
6300.66016 0.232103
6300.91992 0.23
6301.18018 0.228848
6301.43994 0.225717
6301.70020 0.22407
6301.95996 0.22479
6302.22998 0.222083
6302.49023 0.220131
6302.75000 0.218049
6303.00977 0.21912
6303.27002 0.217944
6303.52979 0.216055
6303.79004 0.21266
6304.04980 0.212483
6304.31006 0.210725
6304.56982 0.210051
6304.83008 0.20834
6305.08984 0.206356
6305.35010 0.204661
6305.60986 0.204683
6305.87012 0.204598
6306.12988 0.201136
6306.39014 0.19923
6306.64990 0.198157
6306.91016 0.197922
6307.16992 0.198406
6307.43994 0.195948
6307.70020 0.193
6307.95996 0.19249
6308.22021 0.190675
6308.47998 0.189675
6308.74023 0.190106
6309.00000 0.187187
6309.25977 0.185929
6309.52002 0.18463
6309.77979 0.184692
6310.04004 0.182543
6310.29980 0.180495
6310.56006 0.180612
6310.81982 0.17957
6311.08008 0.178116
6311.33984 0.176843
6311.60010 0.175581
6311.85986 0.173033
6312.12012 0.173329
6312.37988 0.171366
6312.64990 0.171303
6312.91016 0.169209
6313.16992 0.167673
6313.43018 0.168828
6313.68994 0.166633
6313.95020 0.164674
6314.20996 0.163218
6314.47021 0.163234
6314.72998 0.162885
6314.99023 0.160412
6315.25000 0.159206
6315.50977 0.15902
6315.77002 0.157063
6316.02979 0.157741
6316.29004 0.155381
6316.54980 0.153167
6316.81006 0.152921
6317.06982 0.153424
6317.33008 0.151196
6317.60010 0.15045
6317.85986 0.148524
6318.12012 0.148129
6318.37988 0.148312
6318.64014 0.146272
6318.89990 0.14418
6319.16016 0.143141
6319.41992 0.143761
6319.68018 0.143895
6319.93994 0.142828
6320.20020 0.139409
6320.45996 0.139509
6320.72021 0.138614
6320.97998 0.13844
6321.24023 0.137533
6321.50000 0.136538
6321.75977 0.13373
6322.02002 0.134257
6322.27979 0.133369
6322.54004 0.132871
6322.81006 0.130232
6323.06982 0.129763
6323.33008 0.129711
6323.58984 0.130217
6323.85010 0.128403
6324.10986 0.126299
6324.37012 0.125385
6324.62988 0.126203
6324.89014 0.12595
6325.14990 0.124171
6325.41016 0.121475
6325.66992 0.122319
6325.93018 0.122604
6326.18994 0.122778
6326.45020 0.120182
6326.70996 0.118503
6326.97021 0.118905
6327.22998 0.119358
6327.49023 0.118543
6327.75000 0.116368
6328.02002 0.114392
6328.27979 0.114895
6328.54004 0.116023
6328.79980 0.114929
6329.06006 0.112822
6329.31982 0.110693
6329.58008 0.111164
6329.83984 0.112205
6330.10010 0.111111
6330.35986 0.109011
6330.62012 0.108265
6330.87988 0.108634
6331.14014 0.109164
6331.39990 0.108079
6331.66016 0.106474
6331.91992 0.104339
6332.18018 0.104517
6332.43994 0.106404
6332.70020 0.10464
6332.95996 0.102106
6333.22998 0.10111
6333.49023 0.101556
6333.75000 0.103541
6334.00977 0.101696
6334.27002 0.099782
6334.52979 0.09855
6334.79004 0.099182
6335.04980 0.099634
6335.31006 0.098855
6335.56982 0.095875
6335.83008 0.09498
6336.08984 0.097031
6336.35010 0.096982
6336.60986 0.095604
6336.87012 0.092836
6337.12988 0.091678
6337.39014 0.093758
6337.64990 0.095178
6337.91016 0.093458
6338.16992 0.091151
6338.43994 0.090062
6338.70020 0.091267
6338.95996 0.09171
6339.22021 0.091064
6339.47998 0.087943
6339.74023 0.087773
6340.00000 0.089017
6340.25977 0.089906
6340.52002 0.087932
6340.77979 0.084952
6341.04004 0.085251
6341.29980 0.08643
6341.56006 0.087696
6341.81982 0.085928
6342.08008 0.083376
6342.33984 0.082354
6342.60010 0.084103
6342.85986 0.085019
6343.12012 0.083753
6343.37988 0.080792
6343.64990 0.08009
6343.91016 0.082211
6344.16992 0.083853
6344.43018 0.080982
6344.68994 0.079038
6344.95020 0.077682
6345.20996 0.078803
6345.47021 0.080601
6345.72998 0.078441
6345.99023 0.076621
6346.25000 0.076243
6346.50977 0.078295
6346.77002 0.079276
6347.02979 0.076408
6347.29004 0.075042
6347.54980 0.074317
6347.81006 0.075887
6348.06982 0.076827
6348.33008 0.074623
6348.58984 0.072205
6348.85010 0.072161
6349.12012 0.074786
6349.37988 0.075081
6349.64014 0.072743
6349.89990 0.070489
6350.16016 0.070612
6350.41992 0.072979
6350.68018 0.073136
6350.93994 0.071283
6351.20020 0.068022
6351.45996 0.068707
6351.72021 0.070467
6351.97998 0.070707
6352.24023 0.068333
6352.50000 0.067078
6352.75977 0.067289
6353.02002 0.068697
6353.27979 0.069656
6353.54004 0.06776
6353.79980 0.064442
6354.06006 0.064878
6354.33008 0.066912
6354.58984 0.067156
6354.85010 0.065645
6355.10986 0.0636
6355.37012 0.063683
6355.62988 0.065034
6355.89014 0.065177
6356.14990 0.063687
6356.41016 0.062361
6356.66992 0.062418
6356.93018 0.063297
6357.18994 0.063614
6357.45020 0.063122
6357.70996 0.060656
6357.97021 0.060748
6358.22998 0.06154
6358.49023 0.061821
6358.75000 0.060959
6359.00977 0.059096
6359.27002 0.059217
6359.54004 0.060511
6359.79980 0.060814
6360.06006 0.058423
6360.31982 0.057748
6360.58008 0.057468
6360.83984 0.058037
6361.10010 0.058626
6361.35986 0.057846
6361.62012 0.056693
6361.87988 0.056202
6362.14014 0.056317
6362.39990 0.056551
6362.66016 0.05628
6362.91992 0.055179
6363.18018 0.054234
6363.43994 0.05535
6363.70020 0.055865
6363.95996 0.054245
6364.22021 0.053572
6364.47998 0.05296
6364.75000 0.054465
6365.00977 0.05451
6365.27002 0.052567
6365.52979 0.05189
6365.79004 0.051921
6366.04980 0.052164
6366.31006 0.052249
6366.56982 0.051561
6366.83008 0.051084
6367.08984 0.050119
6367.35010 0.051183
6367.60986 0.051339
6367.87012 0.050354
6368.12988 0.049324
6368.39014 0.049632
6368.64990 0.050048
6368.91016 0.049467
6369.16992 0.047995
6369.43018 0.047481
6369.68994 0.048128
6369.95996 0.048606
6370.22021 0.048316
6370.47998 0.046991
6370.74023 0.046078
6371.00000 0.046623
6371.25977 0.046689
6371.52002 0.046468
6371.77979 0.045999
6372.04004 0.044642
6372.29980 0.045683
6372.56006 0.045817
6372.81982 0.045382
6373.08008 0.044188
6373.33984 0.044031
6373.60010 0.043889
6373.85986 0.044524
6374.12012 0.044308
6374.37988 0.04247
6374.64014 0.042352
6374.89990 0.04292
6375.16992 0.043117
6375.43018 0.042916
6375.68994 0.041164
6375.95020 0.040711
6376.20996 0.041508
6376.47021 0.041784
6376.72998 0.042281
6376.99023 0.040299
6377.25000 0.039557
6377.50977 0.040455
6377.77002 0.040863
6378.02979 0.040262
6378.29004 0.039051
6378.54980 0.038395
6378.81006 0.03889
6379.06982 0.039381
6379.33008 0.039484
6379.58984 0.037407
6379.85010 0.037352
6380.12012 0.038429
6380.37988 0.038332
6380.64014 0.037976
6380.89990 0.036024
6381.16016 0.036485
6381.41992 0.036281
6381.68018 0.037407
6381.93994 0.036756
6382.20020 0.035007
6382.45996 0.034814
6382.72021 0.035928
6382.97998 0.036646
6383.24023 0.03535
6383.50000 0.034208
6383.75977 0.03364
6384.02002 0.03433
6384.27979 0.034986
6384.54004 0.03404
6384.79980 0.033798
6385.06006 0.033117
6385.33008 0.03348
6385.58984 0.034085
6385.85010 0.034443
6386.10986 0.032403
6386.37012 0.030928
6386.62988 0.031932
6386.89014 0.033324
6387.14990 0.032834
6387.41016 0.03141
6387.66992 0.030338
6387.93018 0.03119
6388.18994 0.031757
6388.45020 0.032347
6388.70996 0.030771
6388.97021 0.029914
6389.22998 0.030775
6389.49023 0.030974
6389.75000 0.030568
6390.00977 0.030395
6390.27002 0.028692
6390.54004 0.029058
6390.79980 0.030104
6391.06006 0.030152
6391.31982 0.029145
6391.58008 0.027894
6391.83984 0.028367
6392.10010 0.029276
6392.35986 0.028446
6392.62012 0.028313
6392.87988 0.027244
6393.14014 0.027667
6393.39990 0.028487
6393.66016 0.0285
6393.91992 0.027314
6394.18018 0.026824
6394.43994 0.026811
6394.70020 0.027595
6394.95996 0.027425
6395.22021 0.026724
6395.47998 0.026029
6395.75000 0.026022
6396.00977 0.027223
6396.27002 0.026389
6396.52979 0.025575
6396.79004 0.024951
6397.04980 0.025894
6397.31006 0.026278
6397.56982 0.026569
6397.83008 0.025638
6398.08984 0.025008
6398.35010 0.024556
6398.60986 0.025948
6398.87012 0.025619
6399.12988 0.024957
6399.39014 0.023661
6399.64990 0.02405
6399.91016 0.024784
6400.16992 0.024593
6400.43018 0.024124
6400.68994 0.023829
6400.95996 0.023812
6401.22021 0.023962
6401.47998 0.024652
6401.74023 0.023865
6402.00000 0.022761
6402.25977 0.023531
6402.52002 0.023064
6402.77979 0.023841
6403.04004 0.022696
6403.29980 0.022716
6403.56006 0.022452
6403.81982 0.023373
6404.08008 0.023773
6404.33984 0.022875
6404.60010 0.021451
6404.85986 0.022229
6405.12012 0.022495
6405.37988 0.022823
6405.64014 0.022194
6405.89990 0.021745
6406.16992 0.021073
6406.43018 0.022532
6406.68994 0.022163
6406.95020 0.022567
