threeML/data/optical_filters/CAHA/CAHA-f_658_1.ecsv
# %ECSV 0.9
# ---
# datatype:
# - {name: wavelength, unit: Angstrom, datatype: float32}
# - {name: response, datatype: float32}
# meta: !!omap
# - {band_name: f_658_1}
# - {group_name: CAHA}
wavelength response
5897.82617 0.0
6553.14014 0.004014
6553.41016 0.00418
6553.66992 0.004265
6553.93018 0.00437
6554.18994 0.004369
6554.45020 0.004526
6554.70996 0.004735
6554.97021 0.004841
6555.22998 0.004992
6555.50000 0.00509
6555.75977 0.005211
6556.02002 0.005375
6556.27979 0.005577
6556.54004 0.005826
6556.79980 0.006039
6557.06006 0.006188
6557.31982 0.006444
6557.58008 0.0066
6557.85010 0.006925
6558.10986 0.007138
6558.37012 0.007443
6558.62988 0.007866
6558.89014 0.007999
6559.14990 0.008281
6559.41016 0.008663
6559.66992 0.009125
6559.93994 0.009595
6560.20020 0.009745
6560.45996 0.010248
6560.72021 0.010768
6560.97998 0.01093
6561.24023 0.008051
6561.50000 0.01058
6561.75977 0.01243
6562.02979 0.013496
6562.29004 0.014025
6562.54980 0.01511
6562.81006 0.015788
6563.06982 0.01644
6563.33008 0.017446
6563.58984 0.018173
6563.85010 0.019561
6564.10986 0.020589
6564.37988 0.021519
6564.64014 0.023411
6564.89990 0.024554
6565.16016 0.026229
6565.41992 0.028021
6565.68018 0.029615
6565.93994 0.031923
6566.20020 0.033842
6566.47021 0.036194
6566.72998 0.039347
6566.99023 0.042124
6567.25000 0.045273
6567.50977 0.048759
6567.77002 0.052298
6568.02979 0.057293
6568.29004 0.061918
6568.56006 0.067516
6568.81982 0.073024
6569.08008 0.07947
6569.33984 0.087041
6569.60010 0.095054
6569.85986 0.104052
6570.12012 0.114497
6570.37988 0.125116
6570.64990 0.137507
6570.91016 0.152254
6571.16992 0.167874
6571.43018 0.184617
6571.68994 0.204603
6571.95020 0.225471
6572.20996 0.248216
6572.47021 0.273198
6572.72998 0.299902
6573.00000 0.331379
6573.25977 0.361551
6573.52002 0.395022
6573.77979 0.430478
6574.04004 0.464605
6574.29980 0.501154
6574.56006 0.534328
6574.81982 0.5679
6575.08008 0.598488
6575.35010 0.623584
6575.60986 0.650516
6575.87012 0.671372
6576.12988 0.689205
6576.39014 0.703474
6576.64990 0.713005
6576.91016 0.720075
6577.16992 0.724435
6577.43994 0.727532
6577.70020 0.728546
6577.95996 0.727331
6578.22021 0.725764
6578.47998 0.723575
6578.74023 0.718174
6579.00000 0.718998
6579.25977 0.717818
6579.52979 0.71738
6579.79004 0.713996
6580.04980 0.714065
6580.31006 0.712957
6580.56982 0.718358
6580.83008 0.716892
6581.08984 0.716648
6581.35010 0.717248
6581.62012 0.715929
6581.87988 0.717084
6582.14014 0.712941
6582.39990 0.709356
6582.66016 0.702343
6582.91992 0.694465
6583.18018 0.681038
6583.43994 0.665977
6583.70020 0.647268
6583.97021 0.624744
6584.22998 0.597977
6584.49023 0.569965
6584.75000 0.538764
6585.00977 0.507259
6585.27002 0.472634
6585.52979 0.439318
6585.79004 0.40762
6586.06006 0.374001
6586.31982 0.344681
6586.58008 0.314099
6586.83984 0.287198
6587.10010 0.259953
6587.35986 0.237745
6587.62012 0.214949
6587.87988 0.194484
6588.14990 0.177932
6588.41016 0.162267
6588.66992 0.146533
6588.93018 0.133376
6589.18994 0.122474
6589.45020 0.111175
6589.70996 0.101472
6589.97021 0.092869
6590.22998 0.085395
6590.50000 0.078426
6590.75977 0.072501
6591.02002 0.066352
6591.27979 0.061244
6591.54004 0.056831
6591.79980 0.052677
6592.06006 0.048188
6592.31982 0.044851
6592.58984 0.042008
6592.85010 0.039015
6593.10986 0.036302
6593.37012 0.033896
6593.62988 0.031937
6593.89014 0.029756
6594.14990 0.027746
6594.41016 0.026356
6594.68018 0.024334
6594.93994 0.022934
6595.20020 0.022003
6595.45996 0.02043
6595.72021 0.019235
6595.97998 0.018415
6596.24023 0.017333
6596.50000 0.016485
6596.75977 0.015444
6597.02979 0.015059
6597.29004 0.014192
6597.54980 0.013531
6597.81006 0.012809
6598.06982 0.012313
6598.33008 0.011867
6598.58984 0.011039
6598.85010 0.010621
6599.12012 0.010278
6599.37988 0.0098
6599.64014 0.009514
6599.89990 0.009118
6600.16016 0.008701
6600.41992 0.008348
6600.68018 0.008116
6600.93994 0.007708
6601.20996 0.007387
6601.47021 0.007172
6601.72998 0.007048
6601.99023 0.006718
6602.25000 0.006397
6602.50977 0.006296
6602.77002 0.006064
6603.02979 0.005959
6603.29004 0.005607
6603.56006 0.005558
6603.81982 0.005426
6604.08008 0.005189
6604.33984 0.005028
6604.60010 0.004817
6604.85986 0.004832
6605.12012 0.004534
6605.37988 0.004406
6605.64990 0.004394
6605.91016 0.004207
6606.16992 0.004174
7266.78711 0.0
