threeML/data/optical_filters/CAHA/CAHA-f_467_7.ecsv
# %ECSV 0.9
# ---
# datatype:
# - {name: wavelength, unit: Angstrom, datatype: float32}
# - {name: response, datatype: float32}
# meta: !!omap
# - {band_name: f_467_7}
# - {group_name: CAHA}
wavelength response
4096.29590 0.0
4551.43994 0.004464
4551.70020 0.002688
4551.95996 0.001521
4552.22021 0.003198
4552.47998 0.002381
4552.74023 0.003189
4553.00000 0.0018
4553.25977 0.00336
4553.52002 0.002387
4553.77979 0.002036
4554.04004 0.002861
4554.29980 0.002672
4554.56006 0.001917
4554.81982 0.002106
4555.08008 0.003057
4555.33984 0.003868
4555.60010 0.002794
4555.85986 0.00244
4556.12012 0.002164
4556.37988 0.001531
4556.64014 0.002205
4556.89990 0.001991
4557.16016 0.003363
4557.41992 0.002639
4557.68018 0.002639
4557.93994 0.002576
4558.20020 0.002887
4558.45996 0.003412
4558.72021 0.002734
4558.97998 0.002556
4559.24023 0.002975
4559.50000 0.003502
4559.75977 0.003534
4560.02002 0.003289
4560.27979 0.003914
4560.54004 0.004024
4560.79980 0.002599
4561.06006 0.003676
4561.31982 0.002771
4561.58008 0.002938
4561.83984 0.003304
4562.10010 0.003729
4562.35986 0.002342
4562.62012 0.003163
4562.87988 0.004213
4563.14014 0.002423
4563.39990 0.003433
4563.66016 0.003451
4563.91992 0.003306
4564.18018 0.003673
4564.43994 0.002785
4564.70020 0.003295
4564.95996 0.003703
4565.22021 0.004577
4565.47998 0.00389
4565.72998 0.003709
4566.00000 0.004108
4566.25000 0.003605
4566.50977 0.003846
4566.77002 0.004703
4567.02979 0.003866
4567.29004 0.003386
4567.54980 0.004419
4567.81006 0.00374
4568.06982 0.003429
4568.33008 0.004488
4568.58984 0.004752
4568.85010 0.005623
4569.10986 0.005191
4569.37012 0.003145
4569.62988 0.004274
4569.89014 0.003547
4570.14990 0.004385
4570.41016 0.004829
4570.66992 0.004499
4570.93018 0.004957
4571.18994 0.004877
4571.45020 0.004321
4571.70996 0.005513
4571.97021 0.00447
4572.22998 0.00522
4572.49023 0.004543
4572.75000 0.004604
4573.00977 0.005452
4573.27002 0.004704
4573.52979 0.005533
4573.79004 0.005979
4574.04980 0.005344
4574.31006 0.00522
4574.56982 0.005697
4574.83008 0.006557
4575.08984 0.005439
4575.35010 0.006603
4575.60986 0.005927
4575.87012 0.006579
4576.12988 0.005703
4576.39014 0.005733
4576.64990 0.005553
4576.91016 0.006269
4577.16992 0.006258
4577.43018 0.005513
4577.68994 0.006506
4577.95020 0.006137
4578.20996 0.006312
4578.47021 0.006868
4578.72998 0.008253
4578.99023 0.006809
4579.25000 0.007661
4579.50977 0.006605
4579.77002 0.007173
4580.02979 0.007035
4580.29004 0.008689
4580.54980 0.007173
4580.81006 0.007306
4581.06982 0.006994
4581.33008 0.007258
4581.58984 0.008476
4581.85010 0.007688
4582.10986 0.007769
4582.37012 0.006814
4582.62988 0.009576
4582.89014 0.008389
4583.14990 0.009535
4583.41016 0.008776
4583.66992 0.008688
4583.93018 0.008448
4584.18994 0.008166
4584.45020 0.009244
4584.70996 0.007555
4584.97021 0.008812
4585.22998 0.007836
4585.49023 0.009686
4585.75000 0.010342
4586.00977 0.009516
4586.27002 0.009887
4586.52979 0.010132
4586.79004 0.009995
4587.04980 0.010529
4587.31006 0.010575
4587.56982 0.011235
4587.83008 0.010264
4588.08984 0.010362
4588.35010 0.009763
4588.60986 0.011554
4588.87012 0.011693
4589.12988 0.010781
4589.39014 0.011726
4589.64990 0.012462
4589.91016 0.013057
4590.16992 0.012543
4590.43018 0.011258
4590.68994 0.012618
4590.95020 0.013931
4591.20996 0.01251
4591.47021 0.012158
4591.72998 0.013888
4591.97998 0.015401
4592.25000 0.015485
4592.50000 0.01335
4592.75977 0.013716
4593.02002 0.015817
4593.27979 0.014496
4593.54004 0.015463
4593.79980 0.015988
4594.06006 0.016508
4594.31982 0.016235
4594.58008 0.016132
4594.83984 0.017478
4595.10010 0.017346
4595.35986 0.017211
4595.62012 0.016771
4595.87988 0.018559
4596.14014 0.017803
4596.39990 0.019149
4596.66016 0.018445
4596.91992 0.020418
4597.18018 0.018732
4597.43994 0.020956
4597.70020 0.021048
4597.95996 0.021674
4598.22021 0.020578
4598.47998 0.022326
4598.74023 0.022732
4599.00000 0.022828
4599.25977 0.022678
4599.52002 0.024527
4599.77979 0.023557
4600.04004 0.025632
4600.29980 0.024732
4600.56006 0.026208
4600.81982 0.026266
4601.08008 0.026668
4601.33984 0.028814
4601.60010 0.02756
4601.85986 0.029566
4602.12012 0.028667
4602.37988 0.032267
4602.64014 0.031407
4602.89990 0.031135
4603.16016 0.035015
4603.41992 0.033508
4603.68018 0.034396
4603.93994 0.034414
4604.20020 0.036471
4604.45996 0.037135
4604.72021 0.040154
4604.97998 0.039589
4605.24023 0.039339
4605.50000 0.04142
4605.75977 0.043064
4606.02002 0.042416
4606.27979 0.043402
4606.54004 0.042676
4606.79980 0.045632
4607.06006 0.046575
4607.31982 0.047056
4607.58008 0.048136
4607.83984 0.050445
4608.10010 0.05325
4608.35986 0.053977
4608.62012 0.054915
4608.87988 0.058419
4609.14014 0.057615
4609.39990 0.057953
4609.66016 0.059355
4609.91992 0.062089
4610.18018 0.062997
4610.43994 0.065233
4610.70020 0.065992
4610.95996 0.068884
4611.22021 0.07265
4611.47998 0.072438
4611.74023 0.075372
4612.00000 0.077983
4612.25977 0.077959
4612.52002 0.081098
4612.77979 0.082184
4613.04004 0.085871
4613.29980 0.088558
4613.56006 0.089752
4613.81982 0.092428
4614.08008 0.093565
4614.33984 0.098815
4614.60010 0.098481
4614.85986 0.103096
4615.12012 0.104897
4615.37988 0.107881
4615.64014 0.110221
4615.89990 0.112423
4616.16016 0.118941
4616.41992 0.121529
4616.68018 0.122575
4616.93994 0.124667
4617.20020 0.129535
4617.45996 0.134988
4617.72021 0.140363
4617.97998 0.140304
4618.22998 0.144863
4618.49023 0.151041
4618.75000 0.157095
4619.00977 0.156295
4619.27002 0.160886
4619.52979 0.166598
4619.79004 0.169704
4620.04980 0.176339
4620.31006 0.182519
4620.56982 0.18073
4620.83008 0.187898
4621.08984 0.196238
4621.35010 0.196852
4621.60986 0.206477
4621.87012 0.211084
4622.12988 0.217154
4622.39014 0.221381
4622.64990 0.223079
4622.91016 0.234224
4623.16992 0.242975
4623.43018 0.249903
4623.68994 0.250091
4623.95020 0.25894
4624.20996 0.260978
4624.47021 0.266565
4624.72998 0.274875
4624.99023 0.286031
4625.25000 0.28552
4625.50977 0.297799
4625.77002 0.306977
4626.02979 0.311533
4626.29004 0.309873
4626.54980 0.321269
4626.81006 0.333996
4627.06982 0.333191
4627.33008 0.338878
4627.58984 0.352436
4627.85010 0.358284
4628.10986 0.365647
4628.37012 0.363757
4628.62988 0.379433
4628.89014 0.387015
4629.14990 0.391446
4629.41016 0.398017
4629.66992 0.406718
4629.93018 0.412007
4630.18994 0.416103
4630.45020 0.426367
4630.70996 0.43087
4630.97021 0.440383
4631.22998 0.451714
4631.49023 0.45018
4631.75000 0.460287
4632.00977 0.46411
4632.27002 0.472226
4632.52979 0.480811
4632.79004 0.484759
4633.04980 0.487719
4633.31006 0.498639
4633.56982 0.503606
4633.83008 0.503465
4634.08984 0.521276
4634.35010 0.522829
4634.60986 0.526013
4634.87012 0.528056
4635.12988 0.536925
4635.39014 0.542475
4635.64990 0.548698
4635.91016 0.550391
4636.16992 0.559612
4636.43018 0.563752
4636.68994 0.568156
4636.95020 0.574655
4637.20996 0.57981
4637.47021 0.580243
4637.72998 0.581672
4637.99023 0.5863
4638.25000 0.589845
4638.50977 0.593576
4638.77002 0.604509
4639.02979 0.608407
4639.29004 0.606671
4639.54980 0.612121
4639.81006 0.61087
4640.06982 0.617512
4640.33008 0.616247
4640.58984 0.626352
4640.85010 0.62289
4641.10986 0.629973
4641.37012 0.631251
4641.62988 0.636509
4641.89014 0.636984
4642.14990 0.647211
4642.41016 0.646586
4642.66992 0.641847
4642.93018 0.644353
4643.18994 0.647927
4643.45020 0.647293
4643.70996 0.654315
4643.95996 0.652254
4644.22998 0.662679
4644.47998 0.653206
4644.74023 0.660397
4645.00000 0.666972
4645.25977 0.664739
4645.52002 0.664976
4645.77979 0.67069
4646.04004 0.666556
4646.29980 0.673693
4646.56006 0.672967
4646.81982 0.675863
4647.08008 0.670143
4647.33984 0.673338
4647.60010 0.680182
4647.85986 0.677469
4648.12012 0.684889
4648.37988 0.68389
4648.64014 0.684334
4648.89990 0.686705
4649.16016 0.686277
4649.41992 0.684031
4649.68018 0.687798
4649.93994 0.688715
4650.20020 0.691885
4650.45996 0.689083
4650.72021 0.688903
4650.97998 0.697504
4651.24023 0.700277
4651.50000 0.698829
4651.75977 0.689685
4652.02002 0.695009
4652.27979 0.69929
4652.54004 0.701288
4652.79980 0.691283
4653.06006 0.698233
4653.31982 0.697917
4653.58008 0.708004
4653.83984 0.70199
4654.10010 0.697903
4654.35986 0.705057
4654.62012 0.694098
4654.87988 0.708637
4655.14014 0.700775
4655.39990 0.703736
4655.66016 0.709954
4655.91992 0.71073
4656.18018 0.696717
4656.43994 0.712554
4656.70020 0.713123
4656.95996 0.713999
4657.22021 0.709523
4657.47998 0.71989
4657.74023 0.711808
4658.00000 0.713073
4658.25977 0.713564
4658.52002 0.714357
4658.77979 0.715889
4659.04004 0.710541
4659.29980 0.717843
4659.56006 0.715139
4659.81982 0.706599
4660.08008 0.715811
4660.33984 0.716785
4660.60010 0.726465
4660.85986 0.712923
4661.12012 0.722302
4661.37988 0.714176
4661.64014 0.718331
4661.89990 0.7085
4662.16016 0.717139
4662.41992 0.717055
4662.68018 0.720878
4662.93994 0.722873
4663.20020 0.720668
4663.45996 0.72156
4663.72021 0.730801
4663.97998 0.725325
4664.24023 0.714567
4664.50000 0.725479
4664.75977 0.721709
4665.02002 0.72505
4665.27979 0.721196
4665.54004 0.734411
4665.79980 0.720992
4666.06006 0.729226
4666.31982 0.729122
4666.58008 0.731621
4666.83984 0.727089
4667.10010 0.722829
4667.35986 0.731671
4667.62012 0.720583
4667.87988 0.734096
4668.14014 0.727093
4668.39990 0.729963
4668.66016 0.731754
4668.91992 0.727894
4669.18018 0.732047
4669.43994 0.73499
4669.70020 0.726609
4669.95996 0.727338
4670.20996 0.732438
4670.47021 0.729537
4670.72998 0.737022
4670.99023 0.733161
4671.25000 0.729197
4671.50977 0.718448
4671.77002 0.733914
4672.02979 0.730687
4672.29004 0.724913
4672.54980 0.726921
4672.81006 0.729257
4673.06982 0.730823
4673.33008 0.724647
4673.58984 0.71204
4673.85010 0.717458
4674.10986 0.716612
4674.37012 0.719289
4674.62988 0.716492
4674.89014 0.720086
4675.14990 0.716879
4675.41016 0.714027
4675.66992 0.701204
4675.93018 0.711419
4676.18994 0.702759
4676.45020 0.706773
4676.70996 0.701736
4676.97021 0.701496
4677.22998 0.70015
4677.49023 0.706267
4677.75000 0.690528
4678.00977 0.691917
4678.27002 0.683225
4678.52979 0.69383
4678.79004 0.684451
4679.04980 0.686257
4679.31006 0.677166
4679.56982 0.667208
4679.83008 0.665496
4680.08984 0.663125
4680.35010 0.656189
4680.60986 0.663885
4680.87012 0.650086
4681.12988 0.644382
4681.39014 0.638431
4681.64990 0.634001
4681.91016 0.631974
4682.16992 0.620187
4682.43018 0.614261
4682.68994 0.61865
4682.95020 0.607866
4683.20996 0.595891
4683.47021 0.592353
4683.72998 0.588381
4683.99023 0.582168
4684.25000 0.571677
4684.50977 0.576433
4684.77002 0.558685
4685.02979 0.546904
4685.29004 0.546805
4685.54980 0.536713
4685.81006 0.534198
4686.06982 0.525021
4686.33008 0.516688
4686.58984 0.508535
4686.85010 0.496045
4687.10986 0.495018
4687.37012 0.487853
4687.62988 0.477472
4687.89014 0.471903
4688.14990 0.465725
4688.41016 0.446397
4688.66992 0.449797
4688.93018 0.437023
4689.18994 0.436706
4689.45020 0.418708
4689.70996 0.411955
4689.97021 0.406511
4690.22998 0.39715
4690.49023 0.391737
4690.75000 0.38113
4691.00977 0.373015
4691.27002 0.368709
4691.52979 0.358573
4691.79004 0.349047
4692.04980 0.342752
4692.31006 0.33182
4692.56982 0.330624
4692.83008 0.312321
4693.08984 0.311006
4693.35010 0.30138
4693.60986 0.296429
4693.87012 0.289228
4694.12988 0.285986
4694.39014 0.277003
4694.64990 0.272934
4694.91016 0.264216
4695.16992 0.255998
4695.43018 0.248447
4695.68994 0.244226
4695.93994 0.23352
4696.20996 0.23064
4696.45996 0.221287
4696.72021 0.217388
4696.97998 0.21574
4697.24023 0.204817
4697.50000 0.201778
4697.75977 0.202076
4698.02002 0.193787
4698.27979 0.189709
4698.54004 0.181819
4698.79980 0.17762
4699.06006 0.174904
4699.31982 0.168472
4699.58008 0.164835
4699.83984 0.162501
4700.10010 0.155926
4700.35986 0.150489
4700.62012 0.147533
4700.87988 0.143476
4701.14014 0.139906
4701.39990 0.1374
4701.66016 0.132952
4701.91992 0.129133
4702.18018 0.126131
4702.43994 0.124968
4702.70020 0.117974
4702.95996 0.114579
4703.22021 0.109692
4703.47998 0.108519
4703.74023 0.108858
4704.00000 0.105677
4704.25977 0.102734
4704.52002 0.101689
4704.77979 0.096549
4705.04004 0.093902
4705.29980 0.09316
4705.56006 0.08805
4705.81982 0.086108
4706.08008 0.083609
4706.33984 0.083615
4706.60010 0.080336
4706.85986 0.07677
4707.12012 0.07523
4707.37988 0.074524
4707.64014 0.071485
4707.89990 0.071818
4708.16016 0.070042
4708.41992 0.068085
4708.68018 0.06931
4708.93994 0.064148
4709.20020 0.06509
4709.45996 0.062405
4709.72021 0.058699
4709.97998 0.060102
4710.24023 0.056602
4710.50000 0.056509
4710.75977 0.054686
4711.02002 0.053156
4711.27979 0.051734
4711.54004 0.051329
4711.79980 0.048243
4712.06006 0.049585
4712.31982 0.048098
4712.58008 0.046669
4712.83984 0.044443
4713.10010 0.044572
4713.35986 0.04193
4713.62012 0.040727
4713.87988 0.040653
4714.14014 0.03893
4714.39990 0.038491
4714.66016 0.038878
4714.91992 0.037099
4715.18018 0.036958
4715.43994 0.034596
4715.70020 0.036029
4715.95996 0.033917
4716.22021 0.034444
4716.47998 0.033761
4716.74023 0.032609
4717.00000 0.030924
4717.25977 0.029939
4717.52002 0.029616
4717.77979 0.029478
4718.04004 0.027384
4718.29980 0.028314
4718.56006 0.027403
4718.81982 0.026759
4719.08008 0.02663
4719.33984 0.026082
4719.60010 0.025411
4719.85986 0.023825
4720.12012 0.024666
4720.37988 0.023232
4720.64014 0.022821
4720.89990 0.022863
4721.16016 0.02254
4721.41992 0.022545
4721.68018 0.021301
4721.93994 0.020453
4722.18994 0.020171
4722.45020 0.020851
4722.70996 0.018725
4722.97021 0.019911
4723.22998 0.019997
4723.49023 0.018337
4723.75000 0.018446
4724.00977 0.015946
4724.27002 0.017528
4724.52979 0.015901
4724.79004 0.017053
4725.04980 0.01773
4725.31006 0.016155
4725.56982 0.01658
4725.83008 0.016752
4726.08984 0.015312
4726.35010 0.01566
4726.60986 0.014736
4726.87012 0.014021
4727.12988 0.014002
4727.39014 0.01363
4727.64990 0.013785
4727.91016 0.013853
4728.16992 0.012699
4728.43018 0.013555
4728.68994 0.012394
4728.95020 0.012078
4729.20996 0.011768
4729.47021 0.012213
4729.72998 0.012719
4729.99023 0.012358
4730.25000 0.011012
4730.50977 0.011892
4730.77002 0.011305
4731.02979 0.010586
4731.29004 0.011971
4731.54980 0.012885
4731.81006 0.009591
4732.06982 0.008903
4732.33008 0.010534
4732.58984 0.009596
4732.85010 0.009156
4733.10986 0.009386
4733.37012 0.0092
4733.62988 0.009415
4733.89014 0.009105
4734.14990 0.009951
4734.41016 0.00798
4734.66992 0.009259
4734.93018 0.009553
4735.18994 0.008757
4735.45020 0.008304
4735.70996 0.008812
4735.97021 0.008547
4736.22998 0.007492
4736.49023 0.008061
4736.75000 0.00841
4737.00977 0.007369
4737.27002 0.007906
4737.52979 0.007591
4737.79004 0.007541
4738.04980 0.007459
4738.31006 0.007079
4738.56982 0.006871
4738.83008 0.00551
4739.08984 0.006153
4739.35010 0.006373
4739.60986 0.005146
4739.87012 0.00736
4740.12988 0.006104
4740.39014 0.005669
4740.64990 0.006606
4740.91016 0.005846
4741.16992 0.004971
4741.43018 0.007385
4741.68994 0.005065
4741.95020 0.006404
4742.20996 0.005531
4742.47021 0.005334
4742.72998 0.004828
4742.99023 0.004652
4743.25000 0.005305
4743.50977 0.004737
4743.77002 0.00434
4744.02979 0.004471
4744.29004 0.005807
4744.54980 0.005279
4744.81006 0.006014
4745.06982 0.005525
4745.33008 0.004906
4745.58984 0.00464
4745.85010 0.004075
4746.10986 0.004338
4746.37012 0.004514
4746.62988 0.005039
5221.29297 0.0
