threeML/data/optical_filters/CAHA/CAHA-f_657_11.ecsv
# %ECSV 0.9
# ---
# datatype:
# - {name: wavelength, unit: Angstrom, datatype: float32}
# - {name: response, datatype: float32}
# meta: !!omap
# - {band_name: f_657_11}
# - {group_name: CAHA}
wavelength response
[from data line 805]
6642.29004 0.16655
6642.54980 0.164066
6642.81006 0.163233
6643.06982 0.160987
6643.33008 0.155929
6643.58984 0.151417
6643.85010 0.14875
6644.10986 0.146903
6644.37988 0.146029
6644.64014 0.142863
6644.89990 0.137834
6645.16016 0.134369
6645.41992 0.132032
6645.68018 0.132066
6645.93994 0.129577
6646.20020 0.127076
6646.45996 0.122261
6646.72998 0.119952
6646.99023 0.119262
6647.25000 0.118272
6647.50977 0.115674
6647.77002 0.111875
6648.02979 0.108976
6648.29004 0.108485
6648.54980 0.106881
6648.81982 0.105285
6649.08008 0.102067
6649.33984 0.099314
6649.60010 0.097731
6649.85986 0.097196
6650.12012 0.096231
6650.37988 0.092824
6650.64014 0.091049
6650.91016 0.088883
6651.16992 0.087788
6651.43018 0.087584
6651.68994 0.085919
6651.95020 0.082956
6652.20996 0.080733
6652.47021 0.079491
6652.72998 0.079284
6652.99023 0.078381
6653.25977 0.076498
6653.52002 0.07392
6653.77979 0.072608
6654.04004 0.072235
6654.29980 0.07149
6654.56006 0.070661
6654.81982 0.068111
6655.08008 0.066323
6655.35010 0.065794
6655.60986 0.065111
6655.87012 0.064713
6656.12988 0.063014
6656.39014 0.061265
6656.64990 0.059238
6656.91016 0.05902
6657.16992 0.059253
6657.43994 0.057984
6657.70020 0.056427
6657.95996 0.054543
6658.22021 0.053524
6658.47998 0.053603
6658.74023 0.053364
6659.00000 0.052353
6659.25977 0.050078
6659.52002 0.049358
6659.79004 0.048827
6660.04980 0.049288
6660.31006 0.048138
6660.56982 0.046825
6660.83008 0.04571
6661.08984 0.04458
6661.35010 0.04456
6661.60986 0.044514
6661.87988 0.043678
6662.14014 0.042074
6662.39990 0.041338
6662.66016 0.040741
6662.91992 0.040676
6663.18018 0.03992
6663.43994 0.039095
6663.70020 0.037677
6663.97021 0.037455
6664.22998 0.037224
6664.49023 0.037154
6664.75000 0.036314
6665.00977 0.035188
6665.27002 0.034529
6665.52979 0.034224
6665.79004 0.034165
6666.04980 0.033874
6666.31982 0.032899
6666.58008 0.031792
6666.83984 0.031322
6667.10010 0.031317
6667.35986 0.03135
6667.62012 0.03087
6667.87988 0.029739
6668.14014 0.029089
6668.41016 0.028909
6668.66992 0.028969
6668.93018 0.028918
6669.18994 0.027912
6669.45020 0.027113
6669.70996 0.026798
6669.97021 0.026829
6670.22998 0.026779
6670.50000 0.026457
6670.75977 0.02489
6671.02002 0.024841
6671.27979 0.024695
6671.54004 0.024672
6671.79980 0.024392
6672.06006 0.023799
6672.31982 0.022512
6672.58008 0.02273
6672.85010 0.022581
6673.10986 0.022724
6673.37012 0.022204
6673.62988 0.021493
6673.89014 0.021066
6674.14990 0.020986
6674.41016 0.021282
6674.66992 0.020723
6674.93994 0.02031
6675.20020 0.019555
6675.45996 0.019342
6675.72021 0.019475
6675.97998 0.01966
6676.24023 0.019412
6676.50000 0.018485
6676.75977 0.018101
6677.02979 0.017835
6677.29004 0.018211
6677.54980 0.017953
6677.81006 0.017567
6678.06982 0.017037
6678.33008 0.016849
6678.58984 0.016881
6678.85010 0.016739
6679.10986 0.016545
6679.37988 0.016009
6679.64014 0.015782
6679.89990 0.015558
6680.16016 0.015677
6680.41992 0.015443
6680.68018 0.015426
6680.93994 0.014832
6681.20020 0.014596
6681.47021 0.014613
6681.72998 0.014702
6681.99023 0.014719
6682.25000 0.014022
6682.50977 0.013777
6682.77002 0.013634
6683.02979 0.013604
6683.29004 0.013526
6683.56006 0.013392
6683.81982 0.012763
6684.08008 0.012672
6684.33984 0.012699
6684.60010 0.012766
6684.85986 0.012572
6685.12012 0.012357
6685.37988 0.011796
6685.64990 0.011909
6685.91016 0.011846
6686.16992 0.011921
6686.43018 0.011822
6686.68994 0.011315
6686.95020 0.011123
6687.20996 0.011231
6687.47021 0.011131
6687.72998 0.011112
6688.00000 0.010614
6688.25977 0.010587
6688.52002 0.01036
6688.77979 0.010482
6689.04004 0.010348
6689.29980 0.010206
6689.56006 0.007494
6689.81982 0.007625
6690.08008 0.009603
6690.35010 0.009953
6690.60986 0.00981
6690.87012 0.009642
6691.12988 0.009257
6691.39014 0.009268
6691.64990 0.009211
6691.91016 0.009288
6692.16992 0.009287
6692.43994 0.008874
6692.70020 0.008739
6692.95996 0.00864
6693.22021 0.008843
6693.47998 0.008715
6693.74023 0.008533
6694.00000 0.008253
6694.25977 0.008194
6694.52979 0.008196
6694.79004 0.008265
6695.04980 0.008135
6695.31006 0.008087
6695.56982 0.007578
6695.83008 0.007793
6696.08984 0.007996
6696.35010 0.007679
6696.62012 0.007525
6696.87988 0.007413
6697.14014 0.007295
6697.39990 0.007287
6697.66016 0.007423
6697.91992 0.007107
6698.18018 0.007033
6698.43994 0.006904
6698.70020 0.006881
6698.97021 0.006893
6699.22998 0.006943
6699.49023 0.006815
6699.75000 0.006483
6700.00977 0.006588
6700.27002 0.006591
6700.52979 0.006589
6700.79004 0.006459
6701.06006 0.006532
6701.31982 0.006201
6701.58008 0.00603
6701.83984 0.006136
6702.10010 0.006142
6702.35986 0.006213
6702.62012 0.005923
6702.87988 0.005866
6703.14990 0.005966
6703.41016 0.005914
6703.66992 0.005965
6703.93018 0.005668
6704.18994 0.005554
6704.45020 0.005572
6704.70996 0.005405
6704.97021 0.005428
6705.22998 0.005486
6705.50000 0.005437
6705.75977 0.00525
6706.02002 0.005261
6706.27979 0.005307
6706.54004 0.005393
6706.79980 0.005334
6707.06006 0.005
6707.31982 0.0051
6707.58984 0.00508
6707.85010 0.005021
6708.10986 0.005031
6708.37012 0.004971
6708.62988 0.004851
6708.89014 0.004893
6709.14990 0.004791
6709.41016 0.004826
6709.68018 0.004825
6709.93994 0.00462
6710.20020 0.00459
6710.45996 0.004674
6710.72021 0.004564
6710.97998 0.004543
6711.24023 0.004516
6711.50000 0.004433
6711.75977 0.00442
6712.02979 0.00441
6712.29004 0.004367
6712.54980 0.004327
6712.81006 0.004228
6713.06982 0.004178
6713.33008 0.004236
6713.58984 0.004296
6713.85010 0.004165
6714.12012 0.00416
6714.37988 0.004067
7385.81787 0.0
