threeML/data/optical_filters/CAHA/CAHA-f_440_10.ecsv
# %ECSV 0.9
# ---
# datatype:
# - {name: wavelength, unit: Angstrom, datatype: float32}
# - {name: response, datatype: float32}
# meta: !!omap
# - {band_name: f_440_10}
# - {group_name: CAHA}
wavelength response
3840.16504 0.0
4266.85010 0.005205
4267.10986 0.00044
4267.37012 0.002834
4267.62988 0.003432
4267.89014 0.00397
4268.14990 0.005805
4268.41016 0.003815
4268.66992 0.000884
4268.93018 0.004227
4269.18994 0.002217
4269.45020 0.005206
4269.70996 0.003026
4269.97021 0.00384
4270.22998 0.003117
4270.49023 0.003028
4270.75000 0.005428
4271.00977 0.002851
4271.27002 0.005399
4271.52979 0.001797
4271.79004 0.004389
4272.04980 0.001684
4272.31006 0.001258
4272.56982 0.004859
4272.83008 0.00654
4273.08984 0.006181
4273.35010 0.005748
4273.60986 0.003624
4273.87012 0.00439
4274.12988 0.005117
4274.39014 0.004409
4274.64990 0.004083
4274.91016 0.002787
4275.16992 0.004275
4275.43018 0.004785
4275.68994 0.00182
4275.95020 0.003647
4276.20996 0.00136
4276.47021 0.001724
4276.72998 0.002499
4276.99023 0.003688
4277.25000 0.003842
4277.50977 0.003096
4277.77002 0.003272
4278.02979 0.004673
4278.29004 0.003077
4278.54980 0.005486
4278.81006 0.005757
4279.06982 0.006002
4279.33008 0.00337
4279.58008 0.005141
4279.85010 0.004997
4280.10010 0.003643
4280.35986 0.004187
4280.62012 0.004333
4280.87988 0.004424
4281.14014 0.005622
4281.39990 0.004354
4281.66016 0.004783
4281.91992 0.008265
4282.18018 0.006089
4282.43994 0.005346
4282.70020 0.006129
4282.95996 0.000912
4283.22021 0.005887
4283.47998 0.003426
4283.74023 0.005763
4284.00000 0.005923
4284.25977 0.004049
4284.52002 0.004824
4284.77979 0.005385
4285.04004 0.007284
4285.29980 0.008469
4285.56006 0.007135
4285.81982 0.006075
4286.08008 0.007564
4286.33984 0.01038
4286.60010 0.006675
4286.85986 0.008593
4287.12012 0.004583
4287.37988 0.008416
4287.64014 0.006888
4287.89990 0.007302
4288.16016 0.006054
4288.41992 0.007064
4288.68018 0.008125
4288.93994 0.006715
4289.20020 0.009528
4289.45996 0.007011
4289.72021 0.008269
4289.97998 0.00846
4290.24023 0.007844
4290.50000 0.006745
4290.75977 0.010583
4291.02002 0.00739
4291.27979 0.00779
4291.54004 0.006741
4291.79980 0.008556
4292.06006 0.007699
4292.31982 0.009396
4292.58008 0.00899
4292.83984 0.009818
4293.10010 0.009164
4293.35986 0.009454
4293.62012 0.008836
4293.87988 0.009557
4294.14014 0.008794
4294.39990 0.010245
4294.66016 0.009861
4294.91992 0.012118
4295.18018 0.01017
4295.43994 0.011444
4295.70020 0.013113
4295.95996 0.011154
4296.22021 0.010622
4296.47998 0.011042
4296.74023 0.011726
4297.00000 0.010643
4297.25977 0.013643
4297.52002 0.009617
4297.77979 0.011831
4298.04004 0.010571
4298.29980 0.012296
4298.56006 0.011674
4298.81982 0.0116
4299.08008 0.012506
4299.33984 0.012396
4299.60010 0.014643
4299.85986 0.013754
4300.12012 0.015856
4300.37988 0.012194
4300.64014 0.01453
4300.89990 0.016583
4301.16016 0.012313
4301.41992 0.01312
4301.68018 0.01448
4301.93994 0.01478
4302.20020 0.013592
4302.45996 0.015442
4302.72021 0.012014
4302.97998 0.015468
4303.24023 0.016811
4303.50000 0.017752
4303.75977 0.015623
4304.02002 0.01638
4304.27979 0.016285
4304.54004 0.016496
4304.79980 0.017465
4305.06006 0.01893
4305.31982 0.017871
4305.58008 0.019232
4305.83008 0.018788
4306.10010 0.019314
4306.35010 0.020413
4306.60986 0.017919
4306.87012 0.017723
4307.12988 0.019436
4307.39014 0.021214
4307.64990 0.022064
4307.91016 0.022055
4308.16992 0.023014
4308.43018 0.02474
4308.68994 0.022169
4308.95020 0.022425
4309.20996 0.024529
4309.47021 0.023514
4309.72998 0.024295
4309.99023 0.024369
4310.25000 0.022998
4310.50977 0.024595
4310.77002 0.027124
4311.02979 0.025688
4311.29004 0.025733
4311.54980 0.026587
4311.81006 0.02679
4312.06982 0.030084
4312.33008 0.025492
4312.58984 0.026621
4312.85010 0.028805
4313.10986 0.026255
4313.37012 0.02985
4313.62988 0.029255
4313.89014 0.032252
4314.14990 0.02727
4314.41016 0.032958
4314.66992 0.034722
4314.93018 0.03141
4315.18994 0.033965
4315.45020 0.032611
4315.70996 0.032613
4315.97021 0.034763
4316.22998 0.036206
4316.49023 0.036654
4316.75000 0.038928
4317.00977 0.041111
4317.27002 0.037654
4317.52979 0.037711
4317.79004 0.041112
4318.04980 0.040096
4318.31006 0.039924
4318.56982 0.041054
4318.83008 0.040558
4319.08984 0.041199
4319.35010 0.04224
4319.60986 0.049524
4319.87012 0.045653
4320.12988 0.046356
4320.39014 0.048847
4320.64990 0.047175
4320.91016 0.049923
4321.16992 0.049052
4321.43018 0.054051
4321.68994 0.048967
4321.95020 0.051328
4322.20996 0.049164
4322.47021 0.053205
4322.72998 0.053076
4322.99023 0.056834
4323.25000 0.059839
4323.50977 0.058558
4323.77002 0.058741
4324.02979 0.060988
4324.29004 0.067485
4324.54980 0.063037
4324.81006 0.064673
4325.06982 0.067888
4325.33008 0.067605
4325.58984 0.071716
4325.85010 0.07124
4326.10986 0.074597
4326.37012 0.071327
4326.62988 0.073471
4326.89014 0.077402
4327.14990 0.078013
4327.41016 0.078222
4327.66992 0.083591
4327.93018 0.080527
4328.18994 0.089384
4328.45020 0.085852
4328.70996 0.092895
4328.97021 0.08918
4329.22998 0.094781
4329.49023 0.092486
4329.75000 0.096165
4330.00977 0.095838
4330.27002 0.102169
4330.52979 0.099448
4330.79004 0.104809
4331.04980 0.10526
4331.31006 0.10352
4331.56982 0.111266
4331.83008 0.115425
4332.08008 0.114313
4332.33984 0.115637
4332.60010 0.119876
4332.85986 0.125305
4333.12012 0.12932
4333.37988 0.126157
4333.64014 0.130319
4333.89990 0.135773
4334.16016 0.137604
4334.41992 0.143222
4334.68018 0.140931
4334.93994 0.136775
4335.20020 0.149677
4335.45996 0.148983
4335.72021 0.153639
4335.97998 0.157882
4336.24023 0.158348
4336.50000 0.163507
4336.75977 0.168187
4337.02002 0.17324
4337.27979 0.171449
4337.54004 0.176193
4337.79980 0.180609
4338.06006 0.182405
4338.31982 0.185656
4338.58008 0.187947
4338.83984 0.186441
4339.10010 0.191753
4339.35986 0.198472
4339.62012 0.206182
4339.87988 0.213764
4340.14014 0.213658
4340.39990 0.219564
4340.66016 0.221782
4340.91992 0.215857
4341.18018 0.223677
4341.43994 0.236149
4341.70020 0.23411
4341.95996 0.241733
4342.22021 0.244446
4342.47998 0.244732
4342.74023 0.251386
4343.00000 0.25592
4343.25977 0.261128
4343.52002 0.26449
4343.77979 0.268779
4344.04004 0.274772
4344.29980 0.274841
4344.56006 0.283695
4344.81982 0.290435
4345.08008 0.291514
4345.33984 0.294232
4345.60010 0.307349
4345.85986 0.306051
4346.12012 0.30751
4346.37988 0.310373
4346.64014 0.317706
4346.89990 0.309798
4347.16016 0.327372
4347.41992 0.331138
4347.68018 0.333189
4347.93994 0.341052
4348.20020 0.348331
4348.45996 0.341112
4348.72021 0.357466
4348.97998 0.357019
4349.24023 0.373896
4349.50000 0.357126
4349.75977 0.367939
4350.02002 0.381899
4350.27979 0.376531
4350.54004 0.376382
4350.79980 0.387386
4351.06006 0.395487
4351.31982 0.3884
4351.58008 0.395477
4351.83984 0.392507
4352.10010 0.392692
4352.35986 0.407078
4352.62012 0.411309
4352.87988 0.417499
4353.14014 0.416236
4353.39990 0.412789
4353.66016 0.418527
4353.91992 0.419483
4354.18018 0.413778
4354.43994 0.432214
4354.70020 0.427121
4354.95996 0.427811
4355.22021 0.438641
4355.47998 0.451238
4355.74023 0.438275
4356.00000 0.442885
4356.25977 0.439398
4356.52002 0.443455
4356.77979 0.452975
4357.04004 0.448494
4357.29980 0.452205
4357.56006 0.456507
4357.81006 0.450195
4358.08008 0.461959
4358.33008 0.465194
4358.58984 0.470595
4358.85010 0.46064
4359.10986 0.465268
4359.37012 0.46802
4359.62988 0.467732
4359.89014 0.470411
4360.14990 0.473375
4360.41016 0.479405
4360.66992 0.476238
4360.93018 0.469819
4361.18994 0.474457
4361.45020 0.47978
4361.70996 0.483894
4361.97021 0.483069
4362.22998 0.486432
4362.49023 0.475019
4362.75000 0.487023
4363.00977 0.484095
4363.27002 0.48995
4363.52979 0.488302
4363.79004 0.493547
4364.04980 0.487916
4364.31006 0.488633
4364.56982 0.487871
4364.83008 0.483476
4365.08984 0.490934
4365.35010 0.492066
4365.60986 0.504803
4365.87012 0.483531
4366.12988 0.501016
4366.39014 0.496585
4366.64990 0.480672
4366.91016 0.490961
4367.16992 0.498377
4367.43018 0.507201
4367.68994 0.491974
4367.95020 0.50306
4368.20996 0.501948
4368.47021 0.495438
4368.72998 0.493629
4368.99023 0.490497
4369.25000 0.480726
4369.50977 0.50735
4369.77002 0.504238
4370.02979 0.497585
4370.29004 0.491818
4370.54980 0.49924
4370.81006 0.492462
4371.06982 0.498572
4371.33008 0.497935
4371.58984 0.493997
4371.85010 0.499006
4372.10986 0.510406
4372.37012 0.490001
4372.62988 0.504845
4372.89014 0.502802
4373.14990 0.500489
4373.41016 0.501758
4373.66992 0.503343
4373.93018 0.498772
4374.18994 0.503871
4374.45020 0.497623
4374.70996 0.489162
4374.97021 0.501269
4375.22998 0.498651
4375.49023 0.490435
4375.75000 0.507657
4376.00977 0.500479
4376.27002 0.500825
4376.52979 0.504203
4376.79004 0.502129
4377.04980 0.501837
4377.31006 0.50201
4377.56982 0.509425
4377.83008 0.512282
4378.08984 0.508532
4378.35010 0.502115
4378.60986 0.50751
4378.87012 0.495979
4379.12988 0.507889
4379.39014 0.501246
4379.64990 0.509129
4379.91016 0.499098
4380.16992 0.50358
4380.43018 0.51203
4380.68994 0.504301
4380.95020 0.501798
4381.20996 0.502829
4381.47021 0.505889
4381.72998 0.495012
4381.99023 0.497586
4382.25000 0.509597
4382.50977 0.504441
4382.77002 0.508279
4383.02979 0.501336
4383.29004 0.513805
4383.54980 0.502488
4383.81006 0.499809
4384.06006 0.52398
4384.31982 0.507508
4384.58008 0.504852
4384.83984 0.515149
4385.10010 0.509945
4385.35986 0.509255
4385.62012 0.495913
4385.87988 0.502194
4386.14014 0.508309
4386.39990 0.511706
4386.66016 0.516853
4386.91992 0.509741
4387.18018 0.50942
4387.43994 0.514054
4387.70020 0.50711
4387.95996 0.508309
4388.22021 0.512367
4388.47998 0.510247
4388.74023 0.509796
4389.00000 0.511024
4389.25977 0.512635
4389.52002 0.514143
4389.77979 0.512867
4390.04004 0.510114
4390.29980 0.516746
4390.56006 0.503069
4390.81982 0.504493
4391.08008 0.510643
4391.33984 0.517029
4391.60010 0.51297
4391.85986 0.514557
4392.12012 0.510063
4392.37988 0.512604
4392.64014 0.511056
4392.89990 0.507089
4393.16016 0.511966
4393.41992 0.504957
4393.68018 0.512854
4393.93994 0.507466
4394.20020 0.507482
4394.45996 0.509835
4394.72021 0.510103
4394.97998 0.507097
4395.24023 0.506789
4395.50000 0.515952
4395.75977 0.514288
4396.02002 0.512295
4396.27979 0.51671
4396.54004 0.515527
4396.79980 0.510574
4397.06006 0.506904
4397.31982 0.51726
4397.58008 0.517038
4397.83984 0.505757
4398.10010 0.517109
4398.35986 0.508552
4398.62012 0.513713
4398.87988 0.50674
4399.14014 0.510282
4399.39990 0.514749
4399.66016 0.508017
4399.91992 0.513474
4400.18018 0.509392
4400.43994 0.501688
4400.70020 0.521796
4400.95996 0.514513
4401.22021 0.517658
4401.47998 0.510548
4401.74023 0.507697
4402.00000 0.506199
4402.25977 0.511436
4402.52002 0.507665
4402.77979 0.509595
4403.04004 0.509786
4403.29980 0.500211
4403.56006 0.503689
4403.81982 0.515356
4404.08008 0.516632
4404.33984 0.516971
4404.60010 0.508398
4404.85986 0.513657
4405.12012 0.511149
4405.37988 0.505057
4405.64014 0.508056
4405.89990 0.504048
4406.16016 0.505252
4406.41992 0.498164
4406.68018 0.505604
4406.93994 0.51002
4407.20020 0.500892
4407.45996 0.512644
4407.72021 0.514628
4407.97998 0.49779
4408.24023 0.501024
4408.50000 0.505666
4408.75977 0.504292
4409.02002 0.511326
4409.27979 0.502115
4409.54004 0.503134
4409.79004 0.50436
4410.06006 0.514959
4410.31006 0.49805
4410.56982 0.496279
4410.83008 0.503043
4411.08984 0.503099
4411.35010 0.501795
4411.60986 0.499695
4411.87012 0.494629
4412.12988 0.503455
4412.39014 0.505645
4412.64990 0.500568
4412.91016 0.504076
4413.16992 0.502048
4413.43018 0.494567
4413.68994 0.492709
4413.95020 0.497192
4414.20996 0.50344
4414.47021 0.496795
4414.72998 0.494275
4414.99023 0.494726
4415.25000 0.492182
4415.50977 0.494271
4415.77002 0.49209
4416.02979 0.489956
4416.29004 0.485642
4416.54980 0.498299
4416.81006 0.494799
4417.06982 0.497621
4417.33008 0.4887
4417.58984 0.49564
4417.85010 0.497046
4418.10986 0.487575
4418.37012 0.496194
4418.62988 0.494137
4418.89014 0.485948
4419.14990 0.484839
4419.41016 0.494135
4419.66992 0.487423
4419.93018 0.479619
4420.18994 0.4906
4420.45020 0.482637
4420.70996 0.483615
4420.97021 0.48396
4421.22998 0.490543
4421.49023 0.484776
4421.75000 0.487901
4422.00977 0.479852
4422.27002 0.478744
4422.52979 0.482929
4422.79004 0.475924
4423.04980 0.482868
4423.31006 0.472505
4423.56982 0.470509
4423.83008 0.479442
4424.08984 0.479216
4424.35010 0.48684
4424.60986 0.47809
4424.87012 0.474951
4425.12988 0.472668
4425.39014 0.47
4425.64990 0.470549
4425.91016 0.469749
4426.16992 0.472265
4426.43018 0.471232
4426.68994 0.466839
4426.95020 0.470052
4427.20996 0.46077
4427.47021 0.460516
4427.72998 0.46583
4427.99023 0.461137
4428.25000 0.467703
4428.50977 0.459077
4428.77002 0.468815
4429.02979 0.454248
4429.29004 0.454131
4429.54980 0.461872
4429.81006 0.448659
4430.06982 0.454601
4430.33008 0.448396
4430.58984 0.450887
4430.85010 0.443785
4431.10986 0.443907
4431.37012 0.445485
4431.62988 0.443504
4431.89014 0.434166
4432.14990 0.438896
4432.41016 0.442301
4432.66992 0.42943
4432.93018 0.439921
4433.18994 0.433115
4433.45020 0.419569
4433.70996 0.432827
4433.97021 0.427298
4434.22998 0.422619
4434.49023 0.41326
4434.75000 0.416309
4435.00977 0.410544
4435.27002 0.412936
4435.52979 0.405928
4435.79004 0.411943
4436.04004 0.408849
4436.29980 0.398129
4436.56006 0.392137
4436.81982 0.392758
4437.08008 0.394021
4437.33984 0.391743
4437.60010 0.391035
4437.85986 0.386308
4438.12012 0.3831
4438.37988 0.372683
4438.64014 0.371398
4438.89990 0.364842
4439.16016 0.373202
4439.41992 0.358804
4439.68018 0.35826
4439.93994 0.356632
4440.20020 0.357814
4440.45996 0.345418
4440.72021 0.345335
4440.97998 0.341237
4441.24023 0.33995
4441.50000 0.332937
4441.75977 0.32828
4442.02002 0.32648
4442.27979 0.324845
4442.54004 0.321498
4442.79980 0.316223
4443.06006 0.314763
4443.31982 0.303441
4443.58008 0.302411
4443.83984 0.306319
4444.10010 0.299043
4444.35986 0.295389
4444.62012 0.293373
4444.87988 0.286777
4445.14014 0.282129
4445.39990 0.277111
4445.66016 0.274804
4445.91992 0.271976
4446.18018 0.26534
4446.43994 0.263072
4446.70020 0.268583
4446.95996 0.259829
4447.22021 0.255198
4447.47998 0.250375
4447.74023 0.248542
4448.00000 0.241059
4448.25977 0.239425
4448.52002 0.235067
4448.77979 0.231419
4449.04004 0.226746
4449.29980 0.22738
4449.56006 0.216902
4449.81982 0.214072
4450.08008 0.213771
4450.33984 0.210138
4450.60010 0.207012
4450.85986 0.205596
4451.12012 0.197647
4451.37988 0.197884
4451.64014 0.195919
4451.89990 0.190787
4452.16016 0.186905
4452.41992 0.183941
4452.68018 0.181834
4452.93994 0.177964
4453.20020 0.172026
4453.45996 0.171261
4453.72021 0.170082
4453.97998 0.167629
4454.24023 0.161715
4454.50000 0.164436
4454.75977 0.153289
4455.02002 0.155614
4455.27979 0.15848
4455.54004 0.148106
4455.79980 0.14513
4456.06006 0.140203
4456.31982 0.14304
4456.58008 0.139818
4456.83984 0.138613
4457.10010 0.136127
4457.35986 0.134682
4457.62012 0.129099
4457.87988 0.124331
4458.14014 0.123024
4458.39990 0.122456
4458.66016 0.122419
4458.91992 0.119802
4459.18018 0.115732
4459.43994 0.113633
4459.70020 0.114548
4459.95996 0.109753
4460.22021 0.109988
4460.47998 0.10448
4460.74023 0.103075
4461.00000 0.10423
4461.25977 0.101782
4461.52002 0.099234
4461.77002 0.095192
4462.04004 0.092518
4462.29004 0.091101
4462.54980 0.08997
4462.81006 0.086444
4463.06982 0.087914
4463.33008 0.087436
4463.58984 0.086026
4463.85010 0.086112
4464.10986 0.082869
4464.37012 0.078093
4464.62988 0.079614
4464.89014 0.077532
4465.14990 0.072593
4465.41016 0.075977
4465.66992 0.073111
4465.93018 0.071085
4466.18994 0.07012
4466.45020 0.069123
4466.70996 0.068793
4466.97021 0.068494
4467.22998 0.065324
4467.49023 0.065632
4467.75000 0.063231
4468.00977 0.062363
4468.27002 0.061201
4468.52979 0.058328
4468.79004 0.058583
4469.04980 0.058943
4469.31006 0.057952
4469.56982 0.055571
4469.83008 0.053025
4470.08984 0.055669
4470.35010 0.05356
4470.60986 0.055178
4470.87012 0.049562
4471.12988 0.0508
4471.39014 0.049139
4471.64990 0.049302
4471.91016 0.04786
4472.16992 0.046491
4472.43018 0.04739
4472.68994 0.046247
4472.95020 0.045711
4473.20996 0.043376
4473.47021 0.042927
4473.72998 0.041945
4473.99023 0.041454
4474.25000 0.041485
4474.50977 0.040918
4474.77002 0.037215
4475.02979 0.03955
4475.29004 0.037082
4475.54980 0.036492
4475.81006 0.038868
4476.06982 0.036329
4476.33008 0.037429
4476.58984 0.036649
4476.85010 0.033089
4477.10986 0.034603
4477.37012 0.033399
4477.62988 0.033764
4477.89014 0.032314
4478.14990 0.032489
4478.41016 0.03166
4478.66992 0.032431
4478.93018 0.030003
4479.18994 0.03004
4479.45020 0.027576
4479.70996 0.022513
4479.97021 0.025743
4480.22998 0.029841
4480.49023 0.028344
4480.75000 0.027933
4481.00977 0.026189
4481.27002 0.026507
4481.52979 0.02654
4481.79004 0.026986
4482.04980 0.024438
4482.31006 0.024645
4482.56982 0.025572
4482.83008 0.021515
4483.08984 0.023742
4483.35010 0.025293
4483.60986 0.023643
4483.87012 0.021745
4484.12988 0.021986
4484.39014 0.021774
4484.64990 0.021054
4484.91016 0.020831
4485.16992 0.020391
4485.43018 0.021823
4485.68994 0.021147
4485.95020 0.020248
4486.20996 0.018661
4486.47021 0.018542
4486.72998 0.019204
4486.99023 0.017344
4487.25000 0.018735
4487.50977 0.018576
4487.77002 0.018321
4488.02002 0.018427
4488.27979 0.016307
4488.54004 0.017184
4488.79980 0.016621
4489.06006 0.016595
4489.31982 0.01605
4489.58008 0.016536
4489.83984 0.016078
4490.10010 0.016531
4490.35986 0.016753
4490.62012 0.0147
4490.87988 0.015564
4491.14014 0.014901
4491.39990 0.015308
4491.66016 0.015142
4491.91992 0.015777
4492.18018 0.013874
4492.43994 0.014077
4492.70020 0.01543
4492.95996 0.012762
4493.22021 0.012567
4493.47998 0.013644
4493.74023 0.012213
4494.00000 0.012376
4494.25977 0.012406
4494.52002 0.012931
4494.77979 0.012507
4495.04004 0.012885
4495.29980 0.012996
4495.56006 0.011698
4495.81982 0.010709
4496.08008 0.012049
4496.33984 0.011129
4496.60010 0.011749
4496.85986 0.013266
4497.12012 0.009979
4497.37988 0.011662
4497.64014 0.011367
4497.89990 0.0108
4498.16016 0.011463
4498.41992 0.01005
4498.68018 0.010847
4498.93994 0.011668
4499.20020 0.009874
4499.45996 0.010318
4499.72021 0.010742
4499.97998 0.008393
4500.24023 0.009626
4500.50000 0.00976
4500.75977 0.010372
4501.02002 0.00873
4501.27979 0.00941
4501.54004 0.008283
4501.79980 0.00993
4502.06006 0.008236
4502.31982 0.00805
4502.58008 0.008077
4502.83984 0.008893
4503.10010 0.008976
4503.35986 0.008595
4503.62012 0.008199
4503.87988 0.007764
4504.14014 0.007499
4504.39990 0.007103
4504.66016 0.007619
4504.91992 0.008399
4505.18018 0.008662
4505.43994 0.006625
4505.70020 0.009084
4505.95996 0.007707
4506.22021 0.006646
4506.47998 0.007345
4506.74023 0.007745
4507.00000 0.007734
4507.25977 0.006821
4507.52002 0.007319
4507.77979 0.006599
4508.04004 0.005574
4508.29980 0.006734
4508.56006 0.007527
4508.81982 0.005886
4509.08008 0.005627
4509.33984 0.005785
4509.60010 0.006209
4509.85986 0.005557
4510.12012 0.005873
4510.37988 0.005514
4510.64014 0.004829
4510.89990 0.006825
4511.16016 0.006285
4511.41992 0.004966
4511.68018 0.007191
4511.93994 0.005205
4512.20020 0.005099
4512.45996 0.006106
4512.72021 0.005559
4512.97998 0.005519
4964.27783 0.0
