threeML/data/optical_filters/CAHA/CAHA-f_873_117.ecsv
# %ECSV 0.9
# ---
# datatype:
# - {name: wavelength, unit: Angstrom, datatype: float32}
# - {name: response, datatype: float32}
# meta: !!omap
# - {band_name: f_873_117}
# - {group_name: CAHA}
wavelength response
6505.46533 0.0
7228.29492 0.004089
7231.53613 0.004173
7234.77686 0.004247
7238.01904 0.004315
7241.26123 0.004381
7244.50293 0.004448
7247.74512 0.004517
7250.98779 0.00459
7254.22998 0.004666
7257.47412 0.004743
7260.71680 0.004822
7263.95996 0.004902
7267.20410 0.004983
7270.44824 0.005068
7273.69189 0.005155
7276.93701 0.005245
7280.18213 0.005339
7283.42676 0.005435
7286.67188 0.005534
7289.91699 0.005635
7293.16309 0.005737
7296.40918 0.005843
7299.65479 0.005952
7302.90088 0.006064
7306.14795 0.006182
7309.39502 0.006305
7312.64209 0.006435
7315.88916 0.00657
7319.13623 0.006709
7322.38379 0.006848
7325.63184 0.006984
7328.87988 0.007115
7332.12793 0.007238
7335.37695 0.007353
7338.62598 0.007462
7341.87500 0.007569
7345.12500 0.007678
7348.37402 0.007792
7351.62402 0.007913
7354.87402 0.008041
7358.12402 0.008174
7361.37500 0.008311
7364.62500 0.008448
7367.87598 0.008584
7371.12695 0.008718
7374.37793 0.008853
7377.62988 0.00899
7380.88184 0.009133
7384.13379 0.009285
7387.38623 0.009449
7390.63916 0.009626
7393.89209 0.009814
7397.14502 0.010011
7400.39697 0.010215
7403.65088 0.010422
7406.90479 0.010628
7410.15820 0.010832
7413.41309 0.01103
7416.66699 0.01122
7419.92090 0.0114
7423.17578 0.011569
7426.43115 0.011725
7429.68604 0.01187
7432.94092 0.012007
7436.19678 0.012139
7439.45312 0.012272
7442.70801 0.01241
7445.96484 0.012556
7449.22119 0.012711
7452.47803 0.012875
7455.73486 0.013044
7458.99219 0.013218
7462.24902 0.013396
7465.50684 0.013577
7468.76416 0.013767
7472.02197 0.01397
7475.27979 0.01419
7478.53906 0.014429
7481.79688 0.014687
7485.05615 0.014959
7488.31494 0.01524
7491.57422 0.015523
7494.83398 0.015802
7498.09424 0.016075
7501.35400 0.016343
7504.61279 0.016608
7507.87402 0.016875
7511.13379 0.017144
7514.39502 0.017416
7517.65576 0.017686
7520.91699 0.017948
7524.17822 0.018195
7527.43994 0.018421
7530.70215 0.018626
7533.96289 0.018812
7537.22607 0.018987
7540.48779 0.019159
7543.75000 0.019337
7547.01318 0.019529
7550.27588 0.019736
7553.54004 0.019958
7556.80322 0.02019
7560.06592 0.020429
7563.33008 0.020672
7566.59424 0.02092
7569.85791 0.021178
7573.12305 0.021451
7576.38721 0.021746
7579.65186 0.022069
7582.91699 0.022419
7586.18311 0.022795
7589.44824 0.023187
7592.71289 0.023587
7595.97900 0.023981
7599.24512 0.024359
7602.51221 0.024714
7605.77783 0.025044
7609.04395 0.02535
7612.31201 0.025639
7615.57812 0.02592
7618.84619 0.0262
7622.11279 0.026486
7625.37988 0.02678
7628.64795 0.02708
7631.91699 0.027384
7635.18506 0.027687
7638.45312 0.027986
7641.72217 0.028281
7644.99023 0.028577
7648.25879 0.028881
7651.52783 0.029201
7654.79785 0.029544
7658.06689 0.029913
7661.33691 0.030306
7664.60693 0.030718
7667.87695 0.03114
7671.14697 0.031564
7674.41797 0.031985
7677.68896 0.0324
7680.95996 0.032812
7684.23096 0.033227
7687.50195 0.033651
7690.77295 0.034093
7694.04492 0.034556
7697.31689 0.03504
7700.58887 0.035542
7703.86084 0.036051
7707.13379 0.036561
7710.40723 0.037063
7713.67920 0.037556
7716.95215 0.038039
7720.22607 0.03852
7723.49902 0.039007
7726.77197 0.039508
7730.04590 0.040027
7733.31982 0.040564
7736.59424 0.041116
7739.86914 0.041674
7743.14307 0.042234
7746.41699 0.04279
7749.69189 0.043346
7752.96680 0.043907
7756.24316 0.044484
7759.51807 0.045085
7762.79395 0.045718
7766.06885 0.046383
7769.34521 0.047075
7772.62207 0.047782
7775.89795 0.048493
7779.17383 0.049192
7782.45117 0.049874
7785.72803 0.050534
7789.00488 0.051175
7792.28223 0.051807
7795.56006 0.052442
7798.83691 0.053092
7802.11523 0.053766
7805.39307 0.054471
7808.67090 0.055207
7811.94922 0.055973
7815.22803 0.056762
7818.50586 0.057572
7821.78516 0.058402
7825.06396 0.059256
7828.34277 0.060143
7831.62305 0.061072
7834.90186 0.062054
7838.18213 0.06309
7841.46094 0.06418
7844.74219 0.065312
7848.02197 0.066469
7851.30176 0.067631
7854.58301 0.068778
7857.86279 0.069899
7861.14502 0.070992
7864.42480 0.072067
7867.70703 0.073143
7870.98779 0.074245
7874.27002 0.075399
7877.55078 0.076625
7880.83301 0.077929
7884.11523 0.079306
7887.39697 0.08074
7890.68018 0.082205
7893.96191 0.083675
7897.24609 0.08513
7900.52783 0.086559
7903.81201 0.08797
7907.09521 0.089383
7910.37793 0.090825
7913.66211 0.092327
7916.94482 0.093914
7920.22900 0.095594
7923.51318 0.097363
7926.79785 0.0992
7930.08203 0.101076
7933.36719 0.102961
7936.65088 0.104835
7939.93701 0.106694
7943.22217 0.108548
7946.50684 0.110421
7949.79199 0.112346
7953.07812 0.11435
7956.36279 0.116453
7959.64893 0.118656
7962.93604 0.120945
7966.22217 0.123293
7969.50781 0.125668
7972.79395 0.128043
7976.08105 0.130401
7979.36816 0.132745
7982.65479 0.135096
7985.94189 0.137487
7989.22900 0.139957
7992.51709 0.14254
7995.80518 0.145253
7999.09180 0.14809
8002.37988 0.151026
8005.66797 0.15402
8008.95703 0.157029
8012.24512 0.160021
8015.53418 0.162984
8018.82178 0.165933
8022.11084 0.16891
8025.39990 0.171969
8028.68896 0.175168
8031.97900 0.178548
8035.26904 0.182128
8038.55811 0.185894
8041.84814 0.189805
8045.13818 0.193804
8048.42822 0.197835
8051.71777 0.201854
8055.00879 0.205849
8058.29883 0.209837
8061.58984 0.213867
8064.88086 0.217999
8068.17188 0.222291
8071.46289 0.226781
8074.75391 0.231472
8078.04492 0.236329
8081.33691 0.241289
8084.62891 0.246275
8087.92090 0.251217
8091.21289 0.256077
8094.50488 0.260851
8097.79688 0.265578
8101.08984 0.270331
8104.38184 0.275196
8107.67480 0.280253
8110.96777 0.285552
8114.26123 0.291105
8117.55518 0.29688
8120.84814 0.302805
8124.14209 0.308793
8127.43506 0.314755
8130.72900 0.320631
8134.02295 0.326398
8137.31689 0.332077
8140.61084 0.337734
8143.90479 0.343455
8147.20020 0.349332
8150.49512 0.35543
8153.79004 0.361779
8157.08398 0.368358
8160.37891 0.375097
8163.67383 0.381902
8166.97021 0.388667
8170.26514 0.395312
8173.56104 0.401797
8176.85596 0.408134
8180.15186 0.414386
8183.44922 0.420653
8186.74512 0.427044
8190.04102 0.433646
8193.33691 0.440504
8196.63379 0.447603
8199.93066 0.454867
8203.22754 0.462176
8206.52441 0.469392
8209.82129 0.476389
8213.11914 0.483082
8216.41602 0.48945
8219.71387 0.495535
8223.01172 0.501431
8226.30957 0.507259
8229.60742 0.513137
8232.90527 0.519149
8236.20312 0.525329
8239.50195 0.531655
8242.79980 0.538059
8246.09863 0.544448
8249.39746 0.550733
8252.69629 0.556844
8255.99512 0.562751
8259.29395 0.568468
8262.59375 0.574038
8265.89258 0.579517
8269.19238 0.584951
8272.49121 0.590363
8275.79102 0.595736
8279.09082 0.601023
8282.39160 0.606153
8285.69141 0.611055
8288.99121 0.615668
8292.29199 0.619968
8295.59277 0.623964
8298.89258 0.627701
8302.19336 0.631249
8305.49414 0.634677
8308.79590 0.638052
8312.09668 0.641406
8315.39746 0.644745
8318.69922 0.648043
8322.00098 0.651257
8325.30273 0.654336
8328.60352 0.657242
8331.90527 0.659955
8335.20801 0.662483
8338.50977 0.664857
8341.81152 0.667123
8345.11426 0.669329
8348.41699 0.671507
8351.71973 0.673667
8355.02148 0.675788
8358.32422 0.677816
8361.62793 0.67968
8364.93066 0.681306
8368.23340 0.682638
8371.53711 0.683654
8374.84082 0.68437
8378.14355 0.684848
8381.44727 0.685179
8384.75098 0.685465
8388.05469 0.6858
8391.35938 0.686251
8394.66309 0.686833
8397.96680 0.687516
8401.27148 0.688232
8404.57617 0.688891
8407.88086 0.689406
8411.18555 0.689709
8414.49023 0.689772
8417.79492 0.689611
8421.09961 0.689283
8424.40430 0.688869
8427.70996 0.688453
8431.01562 0.68811
8434.32031 0.687878
8437.62598 0.687754
8440.93164 0.687697
8444.23730 0.687639
8447.54297 0.687504
8450.84961 0.687234
8454.15527 0.686805
8457.46191 0.686239
8460.76758 0.685597
8464.07422 0.684968
8467.38086 0.684441
8470.68848 0.684082
8473.99414 0.683912
8477.30078 0.683904
8480.60742 0.683973
8483.91504 0.684008
8487.22168 0.683889
8490.52930 0.683514
8493.83691 0.682828
8497.14355 0.681832
8500.45117 0.680581
8503.75879 0.679176
8507.06641 0.677736
8510.37500 0.676377
8513.68262 0.675194
8516.99023 0.674234
8520.29883 0.673502
8523.60742 0.672961
8526.91504 0.672539
8530.22363 0.672153
8533.53223 0.671715
8536.84082 0.671156
8540.14941 0.670432
8543.45898 0.66953
8546.76758 0.668474
8550.07715 0.667316
8553.38574 0.66613
8556.69531 0.665
8560.00391 0.664007
8563.31348 0.66321
8566.62305 0.662639
8569.93262 0.66228
8573.24219 0.662088
8576.55273 0.661985
8579.86230 0.661887
8583.17285 0.661719
8586.48242 0.661438
8589.79297 0.661037
8593.10254 0.660555
8596.41309 0.660061
8599.72363 0.659635
8603.03418 0.659347
8606.34473 0.659235
8609.65625 0.659295
8612.96680 0.659481
8616.27734 0.659711
8619.58887 0.659891
8622.89941 0.659937
8626.21094 0.659791
8629.52246 0.659439
8632.83398 0.65891
8636.14648 0.658271
8639.45703 0.657605
8642.76855 0.656999
8646.08008 0.65652
8649.39160 0.656202
8652.70312 0.656044
8656.01562 0.656003
8659.32812 0.65602
8662.63965 0.656019
8665.95215 0.655944
8669.26465 0.65576
8672.57715 0.65547
8675.88965 0.655113
8679.20215 0.654757
8682.51465 0.654484
8685.82715 0.654371
8689.14062 0.654476
8692.45312 0.654828
8695.76562 0.655414
8699.07910 0.656188
8702.39258 0.657074
8705.70508 0.657981
8709.01855 0.658822
8712.33203 0.659527
8715.64648 0.660055
8718.95898 0.660407
8722.27246 0.660615
8725.58691 0.660744
8728.90039 0.660869
8732.21387 0.661069
8735.52832 0.661402
8738.84277 0.6619
8742.15625 0.662563
8745.47070 0.663352
8748.78516 0.664202
8752.09961 0.665037
8755.41406 0.665776
8758.72852 0.666362
8762.04297 0.666763
8765.35742 0.666991
8768.67188 0.667095
8771.98633 0.667153
8775.30176 0.667264
8778.61621 0.667524
8781.93164 0.668007
8785.24707 0.668753
8788.56152 0.669754
8791.87695 0.670967
8795.19238 0.672307
8798.50781 0.673677
8801.82324 0.674978
8805.13867 0.676126
8808.45410 0.677075
8811.76953 0.677812
8815.08594 0.67836
8818.40137 0.678779
8821.71777 0.679142
8825.03320 0.679528
8828.34961 0.680002
8831.66504 0.680602
8834.98145 0.681336
8838.29785 0.682181
8841.61426 0.683085
8844.93066 0.683984
8848.24707 0.684815
8851.56348 0.685526
8854.87988 0.686093
8858.19629 0.686515
8861.51270 0.686818
8864.82910 0.687046
8868.14648 0.687246
8871.46289 0.687459
8874.78027 0.687714
8878.09668 0.688015
8881.41406 0.68835
8884.73145 0.688687
8888.04883 0.688989
8891.36523 0.68921
8894.68262 0.689309
8898.00000 0.689253
8901.31738 0.689028
8904.63477 0.688637
8907.95215 0.688115
8911.27148 0.687509
8914.58789 0.686885
8917.90527 0.686304
8921.22363 0.685817
8924.54102 0.685453
8927.85840 0.685209
8931.17676 0.685055
8934.49512 0.684945
8937.81348 0.684826
8941.13086 0.684647
8944.44922 0.684376
8947.76758 0.683998
8951.08594 0.683522
8954.40430 0.682972
8957.72266 0.682386
8961.04102 0.681813
8964.35938 0.681297
8967.67773 0.68088
8970.99609 0.680591
8974.31543 0.680436
8977.63379 0.680403
8980.95215 0.680453
8984.27148 0.680527
8987.58984 0.680553
8990.90918 0.680457
8994.22754 0.680184
8997.54688 0.679699
9000.86621 0.678997
9004.18457 0.678099
9007.50391 0.677051
9010.82324 0.675909
9014.14258 0.674732
9017.46191 0.673572
9020.78125 0.672466
9024.10059 0.671434
9027.41992 0.67047
9030.73926 0.669554
9034.05859 0.668651
9037.37891 0.667723
9040.69824 0.666731
9044.01758 0.665653
9047.33691 0.664491
9050.65723 0.66326
9053.97656 0.661995
9057.29688 0.660732
9060.61621 0.659504
9063.93652 0.658325
9067.25684 0.657191
9070.57617 0.656077
9073.89648 0.654946
9077.21680 0.65376
9080.53711 0.652484
9083.85742 0.651101
9087.17676 0.649613
9090.49707 0.648041
9093.81738 0.646414
9097.13770 0.644774
9100.45801 0.643161
9103.77832 0.641613
9107.09863 0.640155
9110.41992 0.638804
9113.74023 0.63756
9117.06055 0.636409
9120.38086 0.63532
9123.70215 0.634249
9127.02246 0.633146
9130.34375 0.63196
9133.66406 0.63064
9136.98438 0.629157
9140.30566 0.627497
9143.62695 0.62568
9146.94727 0.623741
9150.26855 0.621735
9153.58887 0.61972
9156.91016 0.617737
9160.23145 0.615805
9163.55176 0.613908
9166.87305 0.612
9170.19434 0.610013
9173.51562 0.607871
9176.83691 0.605507
9180.15820 0.602877
9183.47852 0.599959
9186.79980 0.596762
9190.12207 0.593309
9193.44238 0.589627
9196.76465 0.585742
9200.08594 0.581662
9203.40723 0.577389
9206.72852 0.572902
9210.04980 0.568187
9213.37109 0.563223
9216.69238 0.558002
9220.01465 0.552526
9223.33594 0.54681
9226.65723 0.540881
9229.97852 0.534766
9233.30078 0.528504
9236.62207 0.522128
9239.94434 0.515665
9243.26562 0.50913
9246.58789 0.50253
9249.90918 0.495864
9253.23145 0.489122
9256.55273 0.48229
9259.87500 0.475352
9263.19629 0.468291
9266.51855 0.461078
9269.83984 0.453688
9273.16211 0.446094
9276.48438 0.438276
9279.80566 0.430224
9283.12793 0.421941
9286.45020 0.413452
9289.77148 0.404795
9293.09375 0.396019
9296.41602 0.387175
9299.73828 0.378318
9303.05957 0.369495
9306.38184 0.36075
9309.70410 0.352119
9313.02637 0.343622
9316.34863 0.335277
9319.67090 0.327085
9322.99316 0.319037
9326.31543 0.311116
9329.63672 0.303296
9332.95898 0.295552
9336.28125 0.28786
9339.60352 0.280206
9342.92578 0.272585
9346.24805 0.265011
9349.57031 0.257503
9352.89258 0.250095
9356.21484 0.242823
9359.53711 0.235728
9362.85938 0.228839
9366.18262 0.222184
9369.50488 0.215775
9372.82715 0.209613
9376.14941 0.203686
9379.47168 0.197977
9382.79395 0.192465
9386.11621 0.187125
9389.43848 0.18194
9392.76074 0.176897
9396.08301 0.171988
9399.40625 0.167211
9402.72852 0.162567
9406.05078 0.158063
9409.37305 0.153705
9412.69531 0.149501
9416.01855 0.145465
9419.34082 0.141612
9422.66309 0.137962
9425.98535 0.134539
9429.30762 0.131361
9432.62988 0.12844
9435.95312 0.12577
9439.27539 0.123327
9442.59766 0.121069
9445.91992 0.118937
9449.24316 0.116868
9452.56543 0.114806
9455.88770 0.112709
9459.20996 0.110552
9462.53223 0.108334
9465.85547 0.10607
9469.17773 0.103788
9472.50000 0.101523
9475.82227 0.099309
9479.14648 0.097175
9482.46777 0.095135
9485.79004 0.093194
9489.11230 0.091351
9492.43457 0.089594
9495.75781 0.087911
9499.08008 0.086297
9502.40234 0.084742
9505.72461 0.083241
9509.04688 0.081785
9512.37012 0.080363
9515.69238 0.078959
9519.01465 0.077555
9522.33691 0.07614
9525.65918 0.07471
9528.98145 0.073269
9532.30371 0.071836
9535.62598 0.070437
9538.94922 0.069104
9542.27148 0.067864
9545.59375 0.066742
9548.91602 0.06575
9552.23828 0.064892
9555.56055 0.064155
9558.88281 0.063526
9562.20508 0.062987
9565.52734 0.062516
9568.84961 0.062101
9572.17188 0.061729
9575.49414 0.061393
9578.81641 0.061092
9582.13867 0.06083
9585.46094 0.060617
9588.78320 0.060468
9592.10547 0.060402
9595.42773 0.06043
9598.75000 0.060554
9602.07227 0.060763
9605.39453 0.06103
9608.71680 0.061312
9612.03906 0.061566
9615.36035 0.061747
9618.68262 0.061816
9622.00488 0.061744
9625.32715 0.061519
9628.64941 0.061138
9631.97070 0.060617
9635.29297 0.059977
9638.61523 0.05925
9641.93848 0.058468
9645.25879 0.057664
9648.58105 0.056861
9651.90332 0.056078
9655.22461 0.055323
9658.54688 0.054601
9661.86816 0.053909
9665.19043 0.053243
9668.51172 0.052599
9671.83398 0.051971
9675.15527 0.051351
9678.47754 0.050731
9681.79883 0.050096
9685.12109 0.049436
9688.44238 0.048736
9691.76367 0.047988
9695.08594 0.047183
9698.40723 0.046321
9701.72852 0.045407
9705.05078 0.044454
9708.37207 0.04348
9711.69336 0.04251
9715.01465 0.041567
9718.33594 0.040675
9721.65723 0.039854
9724.97852 0.039114
9728.30078 0.038459
9731.62207 0.037885
9734.94336 0.037379
9738.26465 0.03693
9741.58496 0.036524
9744.90723 0.036148
9748.22754 0.035792
9751.54883 0.035451
9754.87012 0.035117
9758.19141 0.034788
9761.51172 0.034463
9764.83301 0.034141
9768.15430 0.03382
9771.47559 0.033502
9774.79590 0.033185
9778.11719 0.032869
9781.43848 0.032555
9784.75879 0.032243
9788.07910 0.031932
9791.40039 0.031623
9794.72070 0.031315
9798.04199 0.031009
9801.36230 0.030704
9804.68262 0.030401
9808.00391 0.0301
9811.32422 0.0298
9814.64453 0.029502
9817.96484 0.029206
9821.28516 0.028911
9824.60547 0.028617
9827.92578 0.028325
9831.24609 0.028035
9834.56641 0.027747
9837.88672 0.027459
9841.20703 0.027174
9844.52734 0.02689
9847.84766 0.026608
9851.16699 0.026327
9854.48730 0.026048
9857.80762 0.02577
9861.12695 0.025494
9864.44727 0.02522
9867.76660 0.024947
9871.08691 0.024676
9874.40625 0.024406
9877.72656 0.024138
9881.04590 0.023871
9884.36523 0.023606
9887.68555 0.023343
9891.00488 0.023081
9894.32422 0.022821
9897.64355 0.022562
9900.96289 0.022305
9904.28223 0.02205
9907.60156 0.021796
9910.92090 0.021544
9914.24023 0.021293
9917.55957 0.021044
9920.87793 0.020797
9924.19727 0.020551
9927.51660 0.020306
9930.83496 0.020063
9934.15430 0.019822
9937.47363 0.019583
9940.79199 0.019345
9944.11035 0.019108
9947.42969 0.018873
9950.74805 0.01864
9954.06641 0.018408
9957.38574 0.018178
9960.70410 0.01795
9964.02246 0.017723
9967.34082 0.017497
9970.65918 0.017273
9973.97754 0.017051
9977.29590 0.016831
9980.61426 0.016611
9983.93164 0.016394
9987.25000 0.016178
9990.56836 0.015964
9993.88574 0.015751
9997.20410 0.01554
10000.51953 0.01533
10003.83984 0.015122
10007.16016 0.014916
10010.46973 0.014711
10013.79004 0.014508
10017.11035 0.014306
10020.42969 0.014106
10023.75000 0.013908
10027.05957 0.013711
10030.37988 0.013515
10033.70020 0.013322
10037.00977 0.01313
10040.33008 0.012939
10043.65039 0.01275
10046.95996 0.012563
10050.28027 0.012377
10053.59961 0.012192
10056.91992 0.01201
10060.23047 0.011829
10063.54980 0.011649
10066.87012 0.011471
10070.17969 0.011295
10073.50000 0.01112
10076.82031 0.010947
10080.12988 0.010775
10083.45020 0.010605
10086.75977 0.010437
10090.08008 0.01027
10093.40039 0.010105
10096.70996 0.009941
10100.03027 0.009779
10103.33984 0.009619
10106.66016 0.00946
10109.98047 0.009302
10113.29004 0.009146
10116.61035 0.008992
10119.91992 0.00884
10123.24023 0.008689
10126.54980 0.008539
10129.87012 0.008391
10133.17969 0.008245
10136.50000 0.0081
10139.80957 0.007957
10143.12988 0.007816
10146.44043 0.007676
10149.75977 0.007537
10153.07031 0.007401
10156.38965 0.007265
10159.70020 0.007132
10163.01953 0.007
10166.33008 0.006869
10169.65039 0.00674
10172.95996 0.006613
10176.28027 0.006487
10179.58984 0.006363
10182.90039 0.006241
10186.21973 0.00612
10189.53027 0.006
10192.84961 0.005882
10196.16016 0.005766
10199.46973 0.005652
10202.79004 0.005539
10206.09961 0.005427
10209.41992 0.005317
10212.73047 0.005209
10216.04004 0.005102
10219.34961 0.004997
10222.66992 0.004893
10225.98047 0.004791
10229.29004 0.004691
10232.61035 0.004592
10235.91992 0.004495
10239.23047 0.004399
10242.54004 0.004305
10245.86035 0.004213
10249.16992 0.004122
10252.48047 0.004032
11277.72852 0.0
