threeML/data/optical_filters/CAHA/CAHA-f_501_1.ecsv
# %ECSV 0.9
# ---
# datatype:
# - {name: wavelength, unit: Angstrom, datatype: float32}
# - {name: response, datatype: float32}
# meta: !!omap
# - {band_name: f_501_1}
# - {group_name: CAHA}
wavelength response
4496.50830 0.0
4996.12012 0.004044
4996.37988 0.003956
4996.64014 0.003887
4996.89990 0.004241
4997.16016 0.004326
4997.41992 0.004897
4997.68018 0.005347
4997.93994 0.005652
4998.20020 0.006248
4998.45996 0.006147
4998.70996 0.007
4998.97021 0.007558
4999.22998 0.009013
4999.49023 0.008987
4999.75000 0.01023
5000.00977 0.011074
5000.27002 0.011872
5000.52979 0.013163
5000.79004 0.015821
5001.04980 0.016729
5001.31006 0.019162
5001.56982 0.020933
5001.83008 0.023619
5002.08984 0.025888
5002.35010 0.028621
5002.60986 0.031308
5002.87012 0.035244
5003.12988 0.038836
5003.39014 0.042601
5003.64990 0.046042
5003.91016 0.051631
5004.16992 0.054566
5004.43018 0.060049
5004.68994 0.063449
5004.95020 0.070525
5005.20996 0.075512
5005.47021 0.08159
5005.72998 0.086342
5005.99023 0.094473
5006.25000 0.100741
5006.50977 0.107894
5006.77002 0.117741
5007.02979 0.121264
5007.29004 0.133449
5007.54980 0.142955
5007.81006 0.153558
5008.06982 0.166454
5008.33008 0.178194
5008.58984 0.194054
5008.85010 0.21034
5009.10986 0.222873
5009.37012 0.243096
5009.62988 0.259411
5009.89014 0.279947
5010.14990 0.29742
5010.41016 0.31372
5010.66992 0.332013
5010.93018 0.347988
5011.18994 0.357221
5011.45020 0.368074
5011.70996 0.370878
5011.97021 0.366473
5012.22998 0.358962
5012.49023 0.345434
5012.75000 0.32631
5013.00977 0.303696
5013.27002 0.282486
5013.52979 0.259836
5013.79004 0.237388
5014.04980 0.218542
5014.31006 0.200142
5014.56982 0.186106
5014.83008 0.170599
5015.08984 0.157472
5015.35010 0.14815
5015.60986 0.136835
5015.87012 0.129521
5016.12988 0.121465
5016.39014 0.114668
5016.64990 0.10936
5016.91016 0.103297
5017.16992 0.097759
5017.43018 0.09281
5017.68994 0.086841
5017.95020 0.082797
5018.20996 0.078013
5018.47021 0.075838
5018.72998 0.070934
5018.99023 0.066614
5019.25000 0.061709
5019.50977 0.057908
5019.77002 0.055138
5020.02979 0.051509
5020.29004 0.048063
5020.54980 0.044465
5020.81006 0.041129
5021.06982 0.038201
5021.33008 0.034161
5021.58984 0.03212
5021.85010 0.028131
5022.10986 0.025936
5022.37012 0.022687
5022.62988 0.020963
5022.89014 0.019445
5023.14990 0.016932
5023.41016 0.01549
5023.66992 0.013941
5023.93018 0.012706
5024.18994 0.011619
5024.43994 0.009998
5024.70996 0.009175
5024.95996 0.008834
5025.22021 0.007894
5025.47998 0.007379
5025.74023 0.00687
5026.00000 0.006081
5026.25977 0.005911
5026.52002 0.005258
5026.77979 0.005137
5027.04004 0.004963
5027.29980 0.004489
5027.56006 0.004135
5027.81982 0.004208
5530.60156 0.0
