threeML/data/optical_filters/CAHA/CAHA-f_488_12.ecsv
# %ECSV 0.9
# ---
# datatype:
# - {name: wavelength, unit: Angstrom, datatype: float32}
# - {name: response, datatype: float32}
# meta: !!omap
# - {band_name: f_488_12}
# - {group_name: CAHA}
wavelength response
4230.21631 0.0
4700.24023 0.007665
4700.50000 0.00712
4700.75977 0.007603
4701.02002 0.007045
4701.27979 0.007625
4701.54004 0.00803
4701.79980 0.007545
4702.06006 0.007958
4702.31982 0.00834
4702.58008 0.007544
4702.83984 0.008296
4703.10010 0.008209
4703.35986 0.006822
4703.62012 0.00794
4703.87988 0.007668
4704.14014 0.007789
4704.39990 0.007591
4704.66016 0.008823
4704.91992 0.007931
4705.18018 0.007553
4705.43994 0.008704
4705.70020 0.008056
4705.95996 0.008305
4706.22021 0.007766
4706.47998 0.008117
4706.74023 0.007706
4707.00000 0.008344
4707.25977 0.007189
4707.52002 0.008444
4707.77979 0.008768
4708.04004 0.008046
4708.29980 0.009039
4708.56006 0.008613
4708.81982 0.00881
4709.08008 0.009084
4709.33984 0.008579
4709.60010 0.008664
4709.85986 0.00841
4710.12012 0.009502
4710.37988 0.008486
4710.64014 0.008667
4710.89990 0.009042
4711.16016 0.0103
4711.41992 0.008927
4711.68018 0.008053
4711.93994 0.008914
4712.20020 0.009105
4712.45996 0.009547
4712.72021 0.0092
4712.97998 0.008982
4713.24023 0.008673
4713.50000 0.009913
4713.75977 0.009601
4714.02002 0.009389
4714.27979 0.009669
4714.54004 0.009307
4714.79980 0.009499
4715.06006 0.009368
4715.31982 0.009207
4715.58008 0.009862
4715.83984 0.010134
4716.10010 0.010419
4716.35986 0.010245
4716.62012 0.010525
4716.87988 0.010267
4717.14014 0.01005
4717.39990 0.010955
4717.66016 0.010438
4717.91992 0.009627
4718.18018 0.009915
4718.43994 0.010618
4718.70020 0.011283
4718.95996 0.010463
4719.22021 0.010851
4719.47998 0.010951
4719.74023 0.011054
4720.00000 0.011401
4720.25977 0.011028
4720.52002 0.011008
4720.77979 0.011255
4721.04004 0.011783
4721.29980 0.011151
4721.56006 0.010469
4721.81982 0.010996
4722.08008 0.011172
4722.33984 0.011186
4722.60010 0.010902
4722.85986 0.011142
4723.12012 0.01158
4723.37988 0.011963
4723.64014 0.011676
4723.89990 0.011102
4724.16016 0.011962
4724.41992 0.011758
4724.68018 0.012754
4724.93994 0.012224
4725.20020 0.013302
4725.45996 0.012564
4725.72021 0.012594
4725.97998 0.01288
4726.24023 0.01244
4726.50000 0.012611
4726.75977 0.013787
4727.02002 0.01288
4727.27979 0.013152
4727.54004 0.013503
4727.79980 0.012653
4728.06006 0.013316
4728.31982 0.012052
4728.58008 0.012412
4728.83984 0.012562
4729.10010 0.013294
4729.35986 0.012867
4729.62012 0.01316
4729.87988 0.013501
4730.14014 0.01356
4730.39990 0.014328
4730.66016 0.013547
4730.91992 0.01438
4731.18018 0.014841
4731.43994 0.013013
4731.70020 0.014991
4731.95996 0.014122
4732.22021 0.014221
4732.47998 0.015015
4732.74023 0.014253
4733.00000 0.014183
4733.25977 0.014606
4733.52002 0.015286
4733.77979 0.01484
4734.04004 0.016339
4734.29980 0.014717
4734.56006 0.014491
4734.81982 0.014817
4735.08008 0.015602
4735.33984 0.015415
4735.60010 0.015791
4735.85986 0.015724
4736.12012 0.015999
4736.37988 0.015625
4736.64014 0.015572
4736.89990 0.015374
4737.16016 0.016312
4737.41992 0.015804
4737.68018 0.016289
4737.93994 0.016181
4738.20020 0.016105
4738.45996 0.017625
4738.72021 0.017287
4738.97998 0.017539
4739.24023 0.017138
4739.50000 0.017035
4739.75977 0.017731
4740.02002 0.01676
4740.27979 0.018196
4740.54004 0.017751
4740.79980 0.017056
4741.06006 0.016144
4741.31982 0.017921
4741.58008 0.017687
4741.83984 0.018286
4742.10010 0.018225
4742.35986 0.018184
4742.62012 0.018552
4742.87988 0.016733
4743.14014 0.015214
4743.39990 0.016937
4743.66016 0.017818
4743.91992 0.018618
4744.18018 0.018818
4744.43994 0.019583
4744.70020 0.019508
4744.95996 0.018684
4745.22021 0.019545
4745.47998 0.020991
4745.74023 0.019512
4746.00000 0.021514
4746.25977 0.019334
4746.52002 0.020587
4746.77979 0.019837
4747.04004 0.02135
4747.29980 0.020752
4747.56006 0.021188
4747.81982 0.020504
4748.08008 0.021734
4748.33984 0.020887
4748.60010 0.021793
4748.85986 0.022601
4749.12012 0.022728
4749.37988 0.022285
4749.64014 0.022684
4749.89990 0.022458
4750.16016 0.022505
4750.41992 0.022059
4750.68018 0.02415
4750.93994 0.022538
4751.20020 0.023932
4751.45996 0.02331
4751.72021 0.023266
4751.97998 0.023404
4752.24023 0.024047
4752.50000 0.024659
4752.75977 0.023658
4753.02002 0.024982
4753.27979 0.025351
4753.54004 0.026105
4753.79980 0.024785
4754.06006 0.024046
4754.31982 0.024602
4754.58008 0.025542
4754.83984 0.025301
4755.10010 0.026613
4755.35986 0.025651
4755.62012 0.025925
4755.87988 0.032106
4756.14014 0.068784
4756.39990 0.032387
4756.66016 0.025974
4756.91992 0.026909
4757.18018 0.026947
4757.43994 0.028699
4757.70020 0.02781
4757.95996 0.029093
4758.22021 0.027839
4758.47998 0.027489
4758.74023 0.02844
4759.00000 0.029248
4759.25977 0.028947
4759.52002 0.030433
4759.77979 0.029108
4760.04004 0.030642
4760.29980 0.030519
4760.56006 0.029016
4760.81982 0.030954
4761.08008 0.03075
4761.33984 0.030935
4761.60010 0.031758
4761.85986 0.030869
4762.12012 0.032304
4762.37988 0.032619
4762.64014 0.032965
4762.89990 0.031698
4763.16016 0.032441
4763.41992 0.032213
4763.68018 0.033599
4763.93994 0.033053
4764.20020 0.033935
4764.45996 0.03315
4764.72021 0.035563
4764.97998 0.035363
4765.24023 0.034637
4765.50000 0.035247
4765.75977 0.034104
4766.02002 0.036556
4766.27979 0.036072
4766.54004 0.037091
4766.79980 0.036482
4767.06006 0.037481
4767.31982 0.037567
4767.58008 0.036888
4767.83984 0.037022
4768.10010 0.039018
4768.35986 0.038501
4768.62012 0.038523
4768.87988 0.039006
4769.14014 0.0386
4769.39990 0.039675
4769.66016 0.039827
4769.91992 0.040416
4770.18018 0.040788
4770.43994 0.040102
4770.70020 0.04181
4770.95996 0.041807
4771.22021 0.041995
4771.47998 0.042971
4771.74023 0.041734
4772.00000 0.043201
4772.25977 0.043125
4772.52002 0.042889
4772.77979 0.04501
4773.04004 0.045527
4773.29980 0.04437
4773.56006 0.044328
4773.81982 0.046983
4774.08008 0.04638
4774.33984 0.047322
4774.60010 0.046749
4774.85986 0.047446
4775.12012 0.048887
4775.37988 0.048548
4775.64014 0.046931
4775.89990 0.048047
4776.16016 0.048541
4776.41992 0.049568
4776.68018 0.049855
4776.93994 0.049812
4777.20020 0.050557
4777.45996 0.052011
4777.72021 0.053278
4777.97998 0.051771
4778.24023 0.053166
4778.50000 0.052371
4778.75977 0.05401
4779.02002 0.053525
4779.27979 0.053542
4779.54004 0.056172
4779.79980 0.054387
4780.06006 0.05532
4780.31982 0.056967
4780.58008 0.054992
4780.83984 0.055449
4781.10010 0.057328
4781.35986 0.057551
4781.62012 0.058803
4781.87988 0.059882
4782.14014 0.057727
4782.39990 0.061433
4782.66016 0.061282
4782.91992 0.060636
4783.18018 0.060917
4783.43994 0.062702
4783.70020 0.065484
4783.95996 0.063543
4784.22021 0.065977
4784.47998 0.065733
4784.74023 0.064085
4785.00000 0.066161
4785.25977 0.065065
4785.52002 0.067553
4785.77979 0.066677
4786.04004 0.067915
4786.29980 0.069252
4786.56006 0.068921
4786.81982 0.069269
4787.08008 0.072185
4787.33984 0.07
4787.60010 0.070577
4787.85986 0.073125
4788.12012 0.072107
4788.37988 0.073093
4788.64014 0.074501
4788.89990 0.074802
4789.16016 0.077831
4789.41992 0.077513
4789.68018 0.074623
4789.93994 0.078649
4790.20020 0.079321
4790.45996 0.077517
4790.72021 0.079584
4790.97998 0.082122
4791.24023 0.08169
4791.50000 0.079452
4791.75977 0.082509
4792.02002 0.084439
4792.27979 0.084191
4792.54004 0.086285
4792.79980 0.086163
4793.06006 0.087236
4793.31982 0.086115
4793.58008 0.090918
4793.83984 0.091195
4794.10010 0.088739
4794.35986 0.088539
4794.62012 0.093253
4794.87988 0.093956
4795.14014 0.091995
4795.39990 0.094563
4795.66016 0.096815
4795.91992 0.096896
4796.18018 0.098308
4796.43994 0.098146
4796.70020 0.102534
4796.95996 0.100371
4797.22021 0.098151
4797.47998 0.103482
4797.74023 0.102755
4798.00000 0.10519
4798.25977 0.102727
4798.52002 0.105285
4798.77979 0.10524
4799.04004 0.107834
4799.29980 0.108476
4799.56006 0.10931
4799.81982 0.112621
4800.08008 0.111441
4800.33984 0.111213
4800.60010 0.111728
4800.85986 0.10709
4801.12012 0.115764
4801.37988 0.119949
4801.64014 0.119975
4801.89990 0.11814
4802.16016 0.120809
4802.41992 0.120387
4802.68018 0.122758
4802.93994 0.12621
4803.20020 0.124361
4803.45996 0.128238
4803.72021 0.130358
4803.97998 0.129345
4804.24023 0.129222
4804.50000 0.132152
4804.75977 0.133296
4805.02002 0.133079
4805.27979 0.133904
4805.54004 0.135153
4805.79980 0.136576
4806.06006 0.1418
4806.31982 0.141871
4806.58008 0.145607
4806.83984 0.142011
4807.10010 0.145003
4807.35986 0.146937
4807.62012 0.14944
4807.87988 0.149923
4808.14014 0.15232
4808.39990 0.154628
4808.66016 0.155589
4808.91992 0.156199
4809.18018 0.155638
4809.43994 0.157698
4809.70020 0.159042
4809.95996 0.162479
4810.22021 0.162902
4810.47998 0.166329
4810.74023 0.165792
4811.00000 0.164782
4811.25977 0.171203
4811.52002 0.169922
4811.77979 0.173099
4812.04004 0.176466
4812.29980 0.17535
4812.56006 0.178235
4812.81982 0.180333
4813.08008 0.178525
4813.33984 0.178482
4813.60010 0.181926
4813.85986 0.183711
4814.12012 0.187735
4814.37988 0.189134
4814.64014 0.188543
4814.89990 0.189828
4815.16016 0.19486
4815.41992 0.193831
4815.68018 0.197489
4815.93994 0.195999
4816.20020 0.197952
4816.45996 0.204439
4816.72021 0.20573
4816.97998 0.201887
4817.24023 0.209683
4817.50000 0.210242
4817.75977 0.209418
4818.02002 0.216733
4818.27979 0.215288
4818.54004 0.216295
4818.79980 0.218661
4819.06006 0.221081
4819.31982 0.221138
4819.58008 0.229283
4819.83984 0.227238
4820.10010 0.226934
4820.35986 0.231753
4820.62012 0.234389
4820.87988 0.233941
4821.14014 0.234205
4821.39990 0.235541
4821.66016 0.24007
4821.91992 0.242374
4822.18018 0.244844
4822.43994 0.251267
4822.70020 0.251644
4822.95996 0.251829
4823.22021 0.253519
4823.47998 0.257043
4823.74023 0.25507
4824.00000 0.260343
4824.25977 0.257403
4824.52002 0.261551
4824.77979 0.265711
4825.04004 0.270613
4825.29980 0.267174
4825.56006 0.265084
4825.81982 0.252855
4826.08008 0.275948
4826.33984 0.279393
4826.60010 0.283395
4826.85986 0.278653
4827.12012 0.281757
4827.37988 0.284977
4827.64014 0.286641
4827.89990 0.292322
4828.16016 0.297974
4828.41992 0.297147
4828.68018 0.3018
4828.93994 0.299448
4829.20020 0.304508
4829.45996 0.30717
4829.72021 0.304036
4829.97998 0.30872
4830.24023 0.312263
4830.50000 0.310656
4830.75977 0.317879
4831.02002 0.319185
4831.27979 0.318874
4831.54004 0.31815
4831.79980 0.326274
4832.06006 0.325059
4832.31982 0.329283
4832.58008 0.332793
4832.83984 0.331486
4833.10010 0.335365
4833.35986 0.338398
4833.62012 0.337713
4833.87988 0.339305
4834.14014 0.342838
4834.39990 0.343478
4834.66016 0.34808
4834.91992 0.349384
4835.18018 0.348454
4835.43994 0.354562
4835.70020 0.358301
4835.95996 0.355231
4836.22021 0.36645
4836.47998 0.360002
4836.74023 0.362899
4837.00000 0.364102
4837.25977 0.364311
4837.52002 0.367293
4837.77979 0.375239
4838.04004 0.373642
4838.29980 0.372951
4838.56006 0.375821
4838.81982 0.381398
4839.08008 0.377987
4839.33984 0.382757
4839.60010 0.38322
4839.85986 0.383563
4840.12012 0.388878
4840.37988 0.387548
4840.64014 0.391333
4840.89990 0.395328
4841.16016 0.393321
4841.41992 0.392312
4841.68018 0.403948
4841.93994 0.39963
4842.20020 0.401787
4842.45996 0.406516
4842.72021 0.399868
4842.97998 0.40394
4843.24023 0.408333
4843.50000 0.411062
4843.75977 0.411557
4844.02002 0.407673
4844.27979 0.413604
4844.54004 0.41384
4844.79980 0.413142
4845.06006 0.418659
4845.31982 0.417909
4845.58008 0.42435
4845.83984 0.420027
4846.10010 0.425677
4846.35986 0.426455
4846.62012 0.423695
4846.87988 0.431509
4847.14014 0.431639
4847.39990 0.426324
4847.66016 0.431075
4847.91992 0.434974
4848.18018 0.432523
4848.43994 0.435322
4848.70020 0.437699
4848.95996 0.433861
4849.22021 0.434139
4849.47998 0.437423
4849.74023 0.439737
4850.00000 0.446439
4850.25977 0.439361
4850.52002 0.443151
4850.77979 0.438579
4851.04004 0.440363
4851.29980 0.441696
4851.56006 0.445639
4851.81982 0.4467
4852.08008 0.447228
4852.33984 0.451999
4852.60010 0.448806
4852.85986 0.450465
4853.12012 0.454945
4853.37988 0.448809
4853.64014 0.457859
4853.89990 0.452789
4854.16016 0.451468
4854.41992 0.454109
4854.68018 0.456956
4854.93994 0.454084
4855.20020 0.460381
4855.45996 0.459596
4855.72021 0.458947
4855.97998 0.45959
4856.24023 0.461908
4856.50000 0.456845
4856.75977 0.464027
4857.02002 0.459652
4857.27979 0.462616
4857.54004 0.461007
4857.79980 0.461135
4858.06006 0.46251
4858.31982 0.45997
4858.58008 0.463537
4858.83984 0.462889
4859.10010 0.469466
4859.35986 0.461904
4859.62012 0.464235
4859.87988 0.469003
4860.14014 0.467379
4860.39990 0.463284
4860.66016 0.463033
4860.91992 0.467307
4861.18018 0.467091
4861.43994 0.470376
4861.70020 0.467257
4861.95996 0.467962
4862.22021 0.470161
4862.47998 0.470421
4862.74023 0.46513
4863.00000 0.472119
4863.25977 0.471146
4863.52002 0.470101
4863.77979 0.469125
4864.04004 0.467617
4864.29980 0.466794
4864.56006 0.468414
4864.81982 0.468627
4865.08008 0.469255
4865.33984 0.47364
4865.60010 0.467865
4865.85986 0.469937
4866.12012 0.468935
4866.37988 0.474395
4866.64014 0.468054
4866.89990 0.469069
4867.16016 0.471044
4867.41992 0.467138
4867.68018 0.470114
4867.93994 0.466897
4868.20020 0.46635
4868.45996 0.469782
4868.72021 0.471282
4868.97998 0.469931
4869.24023 0.471808
4869.50000 0.472363
4869.75977 0.466593
4870.02002 0.473711
4870.27979 0.472509
4870.54004 0.468719
4870.79980 0.473201
4871.06006 0.473948
4871.31982 0.470687
4871.58008 0.471399
4871.83984 0.472995
4872.10010 0.472539
4872.35986 0.472667
4872.62012 0.470779
4872.87988 0.47149
4873.14014 0.470829
4873.39990 0.473706
4873.66016 0.473748
4873.91992 0.46974
4874.18018 0.474667
4874.43994 0.473687
4874.70020 0.468049
4874.95996 0.47069
4875.22021 0.471503
4875.47998 0.468043
4875.74023 0.470151
4876.00000 0.466456
4876.25977 0.471329
4876.52002 0.47317
4876.77979 0.465716
4877.04004 0.469536
4877.29980 0.472907
4877.56006 0.467397
4877.81982 0.466552
4878.08008 0.472231
4878.33984 0.471276
4878.60010 0.468707
4878.85986 0.470442
4879.12012 0.46802
4879.37988 0.467668
4879.64014 0.471785
4879.89990 0.466166
4880.16016 0.472715
4880.41992 0.467692
4880.68018 0.474806
4880.93994 0.472057
4881.20020 0.464941
4881.45996 0.470944
4881.72021 0.465792
4881.97998 0.466885
4882.24023 0.46963
4882.50000 0.469011
4882.75977 0.471421
4883.02002 0.467057
4883.27979 0.471049
4883.54004 0.474223
4883.79980 0.468281
4884.06006 0.467523
4884.31982 0.468199
4884.58008 0.466949
4884.83984 0.469215
4885.10010 0.466417
4885.35986 0.470671
4885.62012 0.467833
4885.87988 0.466785
4886.14014 0.467661
4886.39990 0.467216
4886.66016 0.467722
4886.91992 0.46638
4887.18018 0.466452
4887.43994 0.464839
4887.70020 0.469371
4887.95996 0.466749
4888.22021 0.462056
4888.47998 0.468742
4888.74023 0.467071
4889.00000 0.464525
4889.25977 0.465802
4889.52002 0.462284
4889.77979 0.46432
4890.04004 0.464413
4890.29980 0.467453
4890.56006 0.461103
4890.81982 0.463111
4891.08008 0.466681
4891.33984 0.465694
4891.60010 0.462768
4891.85986 0.468085
4892.12012 0.463675
4892.37988 0.461214
4892.64014 0.468596
4892.89990 0.465536
4893.16016 0.462471
4893.41992 0.46508
4893.68018 0.457754
4893.93994 0.45803
4894.20020 0.460674
4894.45996 0.459244
4894.72021 0.46288
4894.97998 0.465337
4895.24023 0.461555
4895.50000 0.459455
4895.75977 0.457001
4896.02002 0.463
4896.27979 0.464142
4896.54004 0.457736
4896.79980 0.459792
4897.06006 0.460252
4897.31982 0.460014
4897.58008 0.458738
4897.83984 0.456558
4898.10010 0.456512
4898.35986 0.460044
4898.62012 0.457241
4898.87988 0.457306
4899.14014 0.457164
4899.39990 0.453597
4899.66016 0.457652
4899.91992 0.455337
4900.18018 0.454947
4900.43994 0.455452
4900.70020 0.457662
4900.95996 0.459109
4901.22021 0.45662
4901.47998 0.448325
4901.74023 0.453651
4902.00000 0.452442
4902.25977 0.448761
4902.52002 0.451409
4902.77979 0.45096
4903.04004 0.447289
4903.29980 0.454801
4903.56006 0.451921
4903.81982 0.449152
4904.08008 0.44813
4904.33984 0.444085
4904.60010 0.445874
4904.85986 0.445071
4905.12012 0.447073
4905.37988 0.44469
4905.64014 0.447695
4905.89990 0.443791
4906.16016 0.442158
4906.41992 0.436675
4906.68018 0.440361
4906.93994 0.433449
4907.20020 0.4349
4907.45996 0.436658
4907.72021 0.436935
4907.97998 0.436171
4908.24023 0.435464
4908.50000 0.435044
4908.75977 0.431739
4909.02002 0.434369
