threeML/data/optical_filters/CAHA/CAHA-f_614_28_2.ecsv
# %ECSV 0.9
# ---
# datatype:
# - {name: wavelength, unit: Angstrom, datatype: float32}
# - {name: response, datatype: float32}
# meta: !!omap
# - {band_name: f_614_28_2}
# - {group_name: CAHA}
wavelength response
5174.96484 0.0
5749.96094 0.004074
5750.82617 0.004239
5751.69189 0.004423
5752.55811 0.004623
5753.42285 0.004835
5754.28906 0.005054
5755.15381 0.005272
5756.02002 0.005481
5756.88477 0.005669
5757.75098 0.005829
5758.61719 0.005952
5759.48193 0.006034
5760.34814 0.006078
5761.21289 0.006089
5762.07910 0.006079
5762.94385 0.006059
5763.81006 0.006042
5764.67480 0.006036
5765.54102 0.006043
5766.40723 0.006064
5767.27197 0.006095
5768.13818 0.006131
5769.00293 0.006167
5769.86914 0.006199
5770.73389 0.006226
5771.60010 0.006245
5772.46582 0.006256
5773.33105 0.006254
5774.19678 0.006236
5775.06299 0.0062
5775.92822 0.006144
5776.79297 0.006071
5777.65918 0.005988
5778.52393 0.005903
5779.39014 0.005828
5780.25586 0.005768
5781.12109 0.005731
5781.98682 0.005721
5782.85303 0.005736
5783.71777 0.005775
5784.58301 0.005835
5785.44922 0.005912
5786.31396 0.006002
5787.18018 0.006103
5788.04590 0.006213
5788.91211 0.006333
5789.77686 0.00646
5790.64307 0.006595
5791.50781 0.006737
5792.37402 0.006882
5793.23877 0.007028
5794.10498 0.007168
5794.97021 0.007299
5795.83594 0.007412
5796.70215 0.007503
5797.56689 0.007566
5798.43311 0.0076
5799.29785 0.007606
5800.16406 0.007599
5801.02881 0.007595
5801.89502 0.00761
5802.76123 0.007663
5803.62598 0.007762
5804.49219 0.007906
5805.35693 0.008087
5806.22314 0.008288
5807.08789 0.008492
5807.95410 0.008679
5808.81885 0.008835
5809.68506 0.008953
5810.55078 0.009028
5811.41602 0.00906
5812.28223 0.009055
5813.14697 0.00902
5814.01318 0.008964
5814.87793 0.0089
5815.74414 0.008838
5816.60986 0.008792
5817.47510 0.008768
5818.34082 0.00877
5819.20703 0.008799
5820.07178 0.008849
5820.93799 0.008917
5821.80322 0.008996
5822.66797 0.009084
5823.53418 0.009179
5824.39990 0.009278
5825.26514 0.009378
5826.13086 0.009474
5826.99707 0.009558
5827.86182 0.00962
5828.72803 0.009657
5829.59277 0.009669
5830.45801 0.009665
5831.32422 0.009669
5832.18994 0.009706
5833.05615 0.009806
5833.92090 0.009989
5834.78711 0.010271
5835.65186 0.010653
5836.51807 0.011125
5837.38281 0.011668
5838.24902 0.012258
5839.11377 0.012863
5839.97998 0.013456
5840.84619 0.01401
5841.71094 0.014509
5842.57715 0.014945
5843.44189 0.015324
5844.30811 0.015664
5845.17285 0.015988
5846.03906 0.016317
5846.90479 0.016666
5847.77002 0.017031
5848.63623 0.017402
5849.50098 0.017757
5850.36719 0.018072
5851.23193 0.018332
5852.09814 0.018533
5852.96289 0.018688
5853.82910 0.018821
5854.69482 0.018965
5855.56006 0.019152
5856.42578 0.01941
5857.29199 0.01975
5858.15723 0.02017
5859.02197 0.020655
5859.88818 0.021179
5860.75293 0.021712
5861.61914 0.022223
5862.48486 0.022686
5863.35107 0.023082
5864.21582 0.023399
5865.08203 0.023636
5865.94678 0.023798
5866.81299 0.023899
5867.67822 0.023959
5868.54395 0.023997
5869.40918 0.024031
5870.27490 0.024075
5871.14111 0.024137
5872.00586 0.024217
5872.87207 0.024317
5873.73682 0.024436
5874.60303 0.024576
5875.46777 0.024742
5876.33398 0.024938
5877.20020 0.025168
5878.06494 0.02543
5878.93115 0.025714
5879.79590 0.026006
5880.66211 0.026288
5881.52686 0.026546
5882.39307 0.02677
5883.25781 0.02696
5884.12402 0.027128
5884.99023 0.027294
5885.85498 0.027483
5886.72119 0.027719
5887.58594 0.028025
5888.45215 0.028414
5889.31689 0.028894
5890.18311 0.02946
5891.04883 0.0301
5891.91406 0.030795
5892.77979 0.031524
5893.64600 0.032265
5894.51123 0.033
5895.37598 0.033718
5896.24219 0.034419
5897.10693 0.035105
5897.97314 0.035786
5898.83887 0.036476
5899.70410 0.037185
5900.56982 0.037925
5901.43604 0.038703
5902.30078 0.039525
5903.16699 0.040393
5904.03223 0.04131
5904.89697 0.042276
5905.76318 0.043287
5906.62891 0.044341
5907.49512 0.045429
5908.35986 0.046544
5909.22607 0.047679
5910.09082 0.048831
5910.95703 0.05
5911.82178 0.051191
5912.68799 0.052411
5913.55322 0.053664
5914.41895 0.054954
5915.28516 0.056278
5916.14990 0.057625
5917.01611 0.058986
5917.88086 0.060349
5918.74707 0.061706
5919.61182 0.063053
5920.47803 0.064392
5921.34424 0.065729
5922.20898 0.067071
5923.07520 0.068422
5923.93994 0.06979
5924.80615 0.071178
5925.67090 0.072592
5926.53711 0.074035
5927.40186 0.07551
5928.26807 0.077019
5929.13379 0.078563
5929.99902 0.080138
5930.86523 0.081739
5931.72998 0.083361
5932.59619 0.085
5933.46094 0.086657
5934.32715 0.08834
5935.19189 0.090061
5936.05811 0.091838
5936.92383 0.093687
5937.79004 0.095618
5938.65479 0.097633
5939.52100 0.099725
5940.38623 0.101878
5941.25098 0.104073
5942.11719 0.106295
5942.98291 0.108539
5943.84814 0.110807
5944.71387 0.113112
5945.58008 0.115472
5946.44482 0.117906
5947.31104 0.120426
5948.17578 0.123034
5949.04199 0.125724
5949.90723 0.128482
5950.77295 0.131288
5951.63916 0.134127
5952.50391 0.136989
5953.37012 0.139874
5954.23486 0.142791
5955.10107 0.145757
5955.96582 0.148795
5956.83203 0.151929
5957.69678 0.155181
5958.56299 0.158564
5959.42920 0.162087
5960.29395 0.165748
5961.16016 0.169537
5962.02490 0.17344
5962.89111 0.177439
5963.75586 0.181514
5964.62207 0.185644
5965.48682 0.189817
5966.35303 0.194021
5967.21924 0.198251
5968.08398 0.202508
5968.95020 0.206802
5969.81494 0.211144
5970.68115 0.215552
5971.54590 0.220039
5972.41211 0.224618
5973.27783 0.229296
5974.14307 0.234077
5975.00879 0.238964
5975.87500 0.243961
5976.74023 0.249073
5977.60498 0.254306
5978.47119 0.259671
5979.33594 0.265174
5980.20215 0.270821
5981.06787 0.276608
5981.93408 0.282526
5982.79883 0.288556
5983.66504 0.294677
5984.52979 0.300868
5985.39600 0.307114
5986.26123 0.313411
5987.12695 0.319762
5987.99219 0.326181
5988.85791 0.332681
5989.72412 0.339267
5990.58887 0.345939
5991.45508 0.352682
5992.31982 0.359474
5993.18604 0.366291
5994.05078 0.373114
5994.91699 0.379932
5995.78320 0.386739
5996.64795 0.393536
5997.51416 0.400327
5998.37891 0.407116
5999.24512 0.413904
6000.10986 0.420685
6000.97607 0.427459
6001.84082 0.434217
6002.70703 0.440952
6003.57324 0.447662
6004.43799 0.454342
6005.30420 0.460989
6006.16895 0.467594
6007.03516 0.474145
6007.89990 0.480627
6008.76611 0.487024
6009.63086 0.493321
6010.49707 0.499511
6011.36279 0.505598
6012.22900 0.511595
6013.09424 0.517529
6013.95898 0.523429
6014.82520 0.529315
6015.68994 0.535205
6016.55615 0.541101
6017.42188 0.546984
6018.28711 0.552829
6019.15283 0.558605
6020.01904 0.564289
6020.88379 0.569869
6021.75000 0.575343
6022.61523 0.580729
6023.47998 0.586047
6024.34619 0.591318
6025.21191 0.596557
6026.07812 0.601768
6026.94287 0.606949
6027.80908 0.612086
6028.67383 0.617166
6029.54004 0.622174
6030.40479 0.627093
6031.27100 0.631914
6032.13623 0.636628
6033.00195 0.64123
6033.86816 0.645712
6034.73291 0.650067
6035.59912 0.654288
6036.46387 0.658371
6037.33008 0.662315
6038.19482 0.66613
6039.06104 0.669835
6039.92578 0.67346
6040.79199 0.67704
6041.65820 0.680609
6042.52295 0.684187
6043.38916 0.687784
6044.25391 0.691392
6045.12012 0.694985
6045.98486 0.698528
6046.85107 0.701981
6047.71680 0.705301
6048.58203 0.708458
6049.44824 0.711422
6050.31299 0.714173
6051.17920 0.716697
6052.04395 0.718987
6052.91016 0.72104
6053.77490 0.722854
6054.64111 0.724438
6055.50684 0.725808
6056.37305 0.726989
6057.23779 0.728018
6058.10400 0.72894
6058.96924 0.729805
6059.83398 0.730653
6060.70020 0.731522
6061.56592 0.73243
6062.43115 0.733384
6063.29688 0.734372
6064.16309 0.735375
6065.02783 0.736371
6065.89404 0.737334
6066.75879 0.738239
6067.62500 0.739067
6068.49023 0.739796
6069.35596 0.740409
6070.22217 0.740887
6071.08691 0.741227
6071.95312 0.741436
6072.81787 0.741542
6073.68408 0.741592
6074.54883 0.741653
6075.41504 0.7418
6076.27979 0.742104
6077.14600 0.742612
6078.01221 0.743351
6078.87695 0.744314
6079.74316 0.745468
6080.60791 0.746763
6081.47412 0.748136
6082.33887 0.749531
6083.20508 0.750903
6084.06982 0.752216
6084.93604 0.753454
6085.80176 0.754604
6086.66699 0.755675
6087.53320 0.75668
6088.39795 0.757654
6089.26416 0.758631
6090.12891 0.759656
6090.99512 0.760764
6091.86084 0.761983
6092.72607 0.76332
6093.59180 0.764758
6094.45801 0.766267
6095.32324 0.767805
6096.18799 0.769332
6097.05420 0.770819
6097.91895 0.772246
6098.78516 0.773605
6099.65088 0.774907
6100.51709 0.776157
6101.38184 0.777368
6102.24805 0.778546
6103.11279 0.779699
6103.97900 0.780829
6104.84424 0.781932
6105.70996 0.782999
6106.57520 0.78402
6107.44092 0.78497
6108.30713 0.785836
6109.17188 0.786597
6110.03809 0.787249
6110.90283 0.787795
6111.76904 0.788248
6112.63379 0.788638
6113.50000 0.788993
6114.36523 0.78934
6115.23096 0.789696
6116.09717 0.790066
6116.96191 0.790446
6117.82812 0.790817
6118.69287 0.791152
6119.55908 0.791436
6120.42383 0.791658
6121.29004 0.791817
6122.15576 0.791932
6123.02100 0.792024
6123.88721 0.792122
6124.75195 0.792249
6125.61816 0.792419
6126.48291 0.792628
6127.34912 0.79287
6128.21387 0.793124
6129.08008 0.793375
6129.94580 0.793617
6130.81201 0.793852
6131.67676 0.794089
6132.54199 0.794345
6133.40820 0.794632
6134.27295 0.794959
6135.13916 0.795322
6136.00488 0.795708
6136.87012 0.796097
6137.73584 0.796459
6138.60205 0.79677
6139.46680 0.797002
6140.33301 0.797138
6141.19824 0.797163
6142.06299 0.797073
6142.92920 0.796872
6143.79492 0.796573
6144.66016 0.796194
6145.52588 0.795759
6146.39209 0.79529
6147.25684 0.794812
6148.12305 0.794349
6148.98779 0.793912
6149.85400 0.793514
6150.71924 0.793154
6151.58496 0.792824
6152.45117 0.792511
6153.31592 0.792198
6154.18213 0.791867
6155.04688 0.791501
6155.91309 0.791092
6156.77783 0.790625
6157.64404 0.790089
6158.50879 0.789474
6159.37500 0.788762
6160.24121 0.787947
6161.10596 0.787023
6161.97217 0.785998
6162.83691 0.784893
6163.70312 0.783737
6164.56787 0.78256
6165.43408 0.781381
6166.29980 0.780216
6167.16504 0.779062
6168.03076 0.777909
6168.89600 0.776745
6169.76221 0.77556
6170.62695 0.774354
6171.49316 0.773136
6172.35791 0.771925
6173.22412 0.77074
6174.08984 0.769599
6174.95605 0.768512
6175.82080 0.767481
6176.68701 0.766499
6177.55176 0.765556
6178.41699 0.764642
6179.28320 0.763745
6180.14893 0.762859
6181.01416 0.761985
6181.87988 0.761127
6182.74609 0.76029
6183.61084 0.759489
6184.47705 0.758737
6185.34180 0.75804
6186.20801 0.757407
6187.07324 0.75683
6187.93896 0.756295
6188.80420 0.755781
6189.66992 0.755261
6190.53613 0.754709
6191.40088 0.754107
6192.26709 0.753448
6193.13184 0.75274
6193.99805 0.752004
6194.86279 0.751268
6195.72900 0.750561
6196.59521 0.749906
6197.45996 0.749314
6198.32617 0.748775
6199.19092 0.748261
6200.05713 0.747735
6200.92188 0.747152
6201.78809 0.746477
6202.65283 0.745689
6203.51904 0.744792
6204.38477 0.743811
6205.25000 0.742792
6206.11621 0.741782
6206.98096 0.740825
6207.84717 0.739952
6208.71191 0.739173
6209.57812 0.738477
6210.44385 0.737838
6211.30908 0.737218
6212.17480 0.736578
6213.04102 0.735883
6213.90576 0.735113
6214.77100 0.73426
6215.63721 0.73333
6216.50195 0.732343
6217.36816 0.731322
6218.23389 0.730283
6219.09912 0.729237
6219.96484 0.728174
6220.83105 0.72707
6221.69580 0.725893
6222.56201 0.724604
6223.42676 0.723167
6224.29297 0.721554
6225.15820 0.719747
6226.02393 0.717739
6226.89014 0.715526
6227.75488 0.713114
6228.62109 0.710511
6229.48584 0.707727
6230.35205 0.704779
6231.21680 0.701683
6232.08301 0.698455
6232.94824 0.695112
6233.81396 0.691664
6234.68018 0.688108
6235.54492 0.684439
6236.41113 0.680641
6237.27588 0.676696
6238.14209 0.672592
6239.00684 0.668327
6239.87305 0.663906
6240.73877 0.65935
6241.60400 0.654681
6242.47021 0.649924
6243.33496 0.645089
6244.20117 0.640189
6245.06592 0.635221
6245.93213 0.630177
6246.79688 0.625052
6247.66309 0.619838
6248.52881 0.614531
6249.39404 0.60913
6250.25977 0.60363
6251.12500 0.598029
6251.99121 0.592322
6252.85596 0.586495
6253.72217 0.580544
6254.58789 0.57446
6255.45312 0.568239
6256.31885 0.561878
6257.18506 0.55538
6258.04980 0.54875
6258.91602 0.541999
6259.78076 0.535137
6260.64600 0.528181
6261.51221 0.521148
6262.37793 0.51406
6263.24316 0.506938
6264.10889 0.499803
6264.97510 0.492675
6265.83984 0.485571
6266.70605 0.478503
6267.57080 0.471481
6268.43701 0.464512
6269.30176 0.457601
6270.16797 0.45075
6271.03418 0.443958
6271.89893 0.437225
6272.76514 0.430548
6273.62988 0.423917
6274.49609 0.417329
6275.36084 0.410776
6276.22705 0.404259
6277.09180 0.39778
6277.95801 0.39135
6278.82422 0.384988
6279.68896 0.378715
6280.55518 0.372548
6281.41992 0.3665
6282.28613 0.360573
6283.15088 0.354756
6284.01709 0.349026
6284.88281 0.343355
6285.74805 0.337717
6286.61377 0.332092
6287.47900 0.326473
6288.34521 0.320868
6289.20996 0.315292
6290.07617 0.309772
6290.94092 0.304332
6291.80713 0.298991
6292.67285 0.293761
6293.53906 0.288648
6294.40381 0.283652
6295.27002 0.278766
6296.13477 0.273983
6297.00000 0.269293
6297.86621 0.26468
6298.73193 0.260131
6299.59717 0.255628
6300.46289 0.251162
6301.32910 0.246723
6302.19385 0.242313
6303.06006 0.23794
6303.92480 0.233621
6304.79102 0.229373
6305.65576 0.225218
6306.52197 0.221169
6307.38721 0.217237
6308.25293 0.21342
6309.11914 0.209712
6309.98389 0.206101
6310.85010 0.202572
6311.71484 0.199113
6312.58105 0.195713
6313.44580 0.192367
6314.31201 0.189075
6315.17822 0.185838
6316.04297 0.182658
6316.90918 0.179538
6317.77393 0.17648
6318.64014 0.173487
6319.50488 0.17056
6320.37109 0.167697
6321.23584 0.164899
6322.10205 0.162165
6322.96777 0.159492
6323.83301 0.156879
6324.69922 0.154323
6325.56396 0.151819
6326.43018 0.149365
6327.29492 0.146958
6328.16113 0.144598
6329.02686 0.142282
6329.89209 0.140007
6330.75781 0.137772
6331.62402 0.135572
6332.48877 0.133401
6333.35400 0.131252
6334.22021 0.129117
6335.08496 0.126989
6335.95117 0.124864
6336.81689 0.122742
6337.68213 0.120631
6338.54785 0.118539
6339.41406 0.116482
6340.27881 0.114474
6341.14502 0.112525
6342.00977 0.110636
6342.87598 0.108804
6343.74121 0.107017
6344.60693 0.10526
6345.47314 0.10352
6346.33789 0.10179
6347.20410 0.100068
6348.06885 0.098359
6348.93506 0.096671
6349.79980 0.095013
6350.66602 0.093388
6351.53076 0.091795
6352.39697 0.090228
6353.26318 0.088675
6354.12793 0.087125
6354.99414 0.085569
6355.85889 0.084004
6356.72510 0.082432
6357.58984 0.08086
6358.45605 0.0793
6359.32178 0.07776
6360.18701 0.076249
6361.05322 0.07477
6361.91797 0.073323
6362.78418 0.071906
6363.64893 0.070518
6364.51514 0.069159
6365.37988 0.067831
6366.24609 0.066537
6367.11182 0.065282
6367.97705 0.064073
6368.84277 0.062914
6369.70801 0.061807
6370.57422 0.060752
6371.43896 0.059746
6372.30518 0.058782
6373.17090 0.057852
6374.03613 0.056948
6374.90186 0.056064
6375.76807 0.055193
6376.63281 0.054335
6377.49902 0.053489
6378.36377 0.05266
6379.22900 0.051854
6380.09521 0.05108
6380.96094 0.050345
6381.82617 0.049657
6382.69189 0.049018
6383.55811 0.04843
6384.42285 0.04789
6385.28906 0.047391
6386.15381 0.046926
6387.02002 0.046486
6387.88477 0.046061
6388.75098 0.045644
6389.61719 0.045234
6390.48193 0.044829
6391.34814 0.044435
6392.21289 0.044053
6393.07910 0.043687
6393.94385 0.043337
6394.81006 0.043002
6395.67480 0.042678
6396.54102 0.04236
6397.40723 0.042046
6398.27197 0.041732
6399.13818 0.041418
6400.00293 0.041103
6400.86914 0.040786
6401.73389 0.040466
6402.60010 0.040143
6403.46582 0.039818
6404.33105 0.039493
6405.19678 0.039178
6406.06299 0.03888
6406.92822 0.038612
6407.79297 0.038381
6408.65918 0.038193
6409.52393 0.038049
6410.39014 0.037947
6411.25586 0.03788
6412.12109 0.03784
6412.98682 0.037818
6413.85303 0.037803
6414.71777 0.037786
6415.58301 0.037757
6416.44922 0.03771
6417.31494 0.037639
6418.18018 0.037543
6419.04590 0.037422
6419.91211 0.037278
6420.77686 0.037112
6421.64307 0.036925
6422.50781 0.036716
6423.37402 0.036486
6424.23877 0.03623
6425.10498 0.035947
6425.97021 0.035639
6426.83594 0.035307
6427.70215 0.034955
6428.56689 0.034593
6429.43311 0.034225
6430.29785 0.03386
6431.16406 0.033501
6432.02881 0.033148
6432.89502 0.032799
6433.76123 0.032447
6434.62598 0.032088
6435.49219 0.031717
6436.35693 0.031329
6437.22314 0.030928
6438.08789 0.030518
6438.95410 0.030107
6439.81885 0.029702
6440.68506 0.029311
6441.55078 0.028944
6442.41602 0.028605
6443.28223 0.028299
6444.14697 0.02803
6445.01318 0.027799
6445.87793 0.027603
6446.74414 0.027437
6447.60986 0.027292
6448.47510 0.027156
6449.34082 0.027019
6450.20703 0.02687
6451.07178 0.026703
6451.93799 0.026512
6452.80322 0.026299
6453.66797 0.026068
6454.53418 0.025824
6455.39990 0.025573
6456.26514 0.025322
6457.13086 0.025077
6457.99707 0.024841
6458.86182 0.02462
6459.72803 0.024412
6460.59277 0.024221
6461.45898 0.024042
6462.32422 0.023875
6463.18994 0.023714
6464.05615 0.023555
6464.92090 0.023394
6465.78711 0.023228
6466.65186 0.023054
6467.51807 0.022871
6468.38281 0.02268
6469.24902 0.022484
6470.11377 0.022287
6470.97998 0.022094
6471.84619 0.02191
6472.71094 0.021742
6473.57715 0.021593
6474.44189 0.021467
6475.30811 0.021367
6476.17285 0.021294
6477.03906 0.021246
6477.90479 0.021221
6478.77002 0.021216
6479.63623 0.021226
6480.50098 0.021246
6481.36719 0.021267
6482.23193 0.021279
6483.09814 0.021272
6483.96289 0.021236
6484.82910 0.021164
6485.69482 0.021055
6486.56006 0.020913
6487.42578 0.020747
6488.29199 0.02057
6489.15723 0.020393
6490.02197 0.020228
6490.88818 0.020078
6491.75391 0.019947
6492.61914 0.019829
6493.48486 0.01972
6494.35107 0.019614
6495.21582 0.019504
6496.08203 0.019386
6496.94678 0.019257
6497.81299 0.019119
6498.67822 0.018974
6499.54395 0.018824
6500.40918 0.018672
6501.27490 0.018519
6502.14111 0.018365
6503.00586 0.018205
6503.87207 0.018035
6504.73682 0.017851
6505.60303 0.01765
6506.46777 0.017433
6507.33398 0.017204
6508.20020 0.016969
6509.06494 0.016739
6509.93115 0.016521
6510.79590 0.016325
6511.66211 0.016156
6512.52686 0.016017
6513.39307 0.015906
6514.25781 0.01582
6515.12402 0.015752
6515.99023 0.015694
6516.85498 0.015639
6517.72119 0.015582
6518.58594 0.015517
6519.45215 0.015445
6520.31689 0.015365
6521.18311 0.015281
6522.04883 0.015195
6522.91406 0.015113
6523.77979 0.015037
6524.64600 0.01497
6525.51123 0.014914
6526.37598 0.01487
6527.24219 0.014837
6528.10693 0.014814
6528.97314 0.014801
6529.83887 0.014794
6530.70410 0.014794
6531.56982 0.014797
6532.43604 0.014801
6533.30078 0.014804
6534.16699 0.014802
6535.03223 0.014793
6535.89795 0.014776
6536.76318 0.014747
6537.62891 0.014705
6538.49512 0.014651
6539.35986 0.014584
6540.22607 0.014507
6541.09082 0.014419
6541.95703 0.014321
6542.82178 0.014213
6543.68799 0.014097
6544.55322 0.013971
6545.41895 0.013839
6546.28516 0.013704
6547.14990 0.013566
6548.01611 0.013428
6548.88086 0.013292
6549.74707 0.013158
6550.61182 0.013027
6551.47803 0.012899
6552.34424 0.012776
6553.20898 0.012659
6554.07520 0.01255
6554.93994 0.012453
6555.80615 0.01237
6556.67090 0.012304
6557.53711 0.012252
6558.40186 0.012215
6559.26807 0.012189
6560.13379 0.012166
6560.99902 0.012142
6561.86523 0.012108
6562.72998 0.012059
6563.59619 0.01199
6564.46094 0.011897
6565.32715 0.011783
6566.19287 0.01165
6567.05811 0.011507
6567.92383 0.011361
6568.79004 0.011225
6569.65479 0.011104
6570.52100 0.011005
6571.38623 0.010928
6572.25098 0.010869
6573.11719 0.010822
6573.98291 0.010781
6574.84814 0.010737
6575.71387 0.010687
6576.58008 0.010628
6577.44482 0.010557
6578.31104 0.010476
6579.17578 0.01038
6580.04199 0.01027
6580.90723 0.010141
6581.77295 0.009992
6582.63916 0.009825
6583.50391 0.009644
6584.37012 0.009455
6585.23486 0.009271
6586.10107 0.009101
6586.96582 0.008957
6587.83203 0.008843
6588.69678 0.00876
6589.56299 0.008706
6590.42920 0.008671
6591.29395 0.008643
6592.16016 0.008611
6593.02490 0.008564
6593.89111 0.008497
6594.75586 0.008407
6595.62207 0.008298
6596.48779 0.008178
6597.35303 0.008058
6598.21924 0.007949
6599.08398 0.007862
6599.95020 0.007803
6600.81494 0.007775
6601.68115 0.007775
6602.54590 0.007796
6603.41211 0.007829
6604.27783 0.007864
6605.14307 0.00789
6606.00879 0.007902
6606.87500 0.007896
6607.74023 0.00787
6608.60498 0.007823
6609.47119 0.007758
6610.33691 0.007677
6611.20215 0.007581
6612.06787 0.007473
6612.93408 0.007356
6613.79883 0.007233
6614.66504 0.007109
6615.52979 0.006987
6616.39600 0.006873
6617.26123 0.006769
6618.12695 0.006678
6618.99219 0.006598
6619.85791 0.00653
6620.72412 0.006471
6621.58887 0.006421
6622.45508 0.006379
6623.31982 0.006345
6624.18604 0.006319
6625.05078 0.006302
6625.91699 0.006292
6626.78320 0.00629
6627.64795 0.006291
6628.51416 0.006293
6629.37891 0.006293
6630.24512 0.006289
6631.10986 0.006279
6631.97607 0.006265
6632.84082 0.006248
6633.70703 0.006229
6634.57324 0.006211
6635.43799 0.006196
7298.98193 0.0
