threeML/data/optical_filters/CAHA/CAHA-f_642_149.ecsv
# %ECSV 0.9
# ---
# datatype:
# - {name: wavelength, unit: Angstrom, datatype: float32}
# - {name: response, datatype: float32}
# meta: !!omap
# - {band_name: f_642_149}
# - {group_name: CAHA}
wavelength response
4776.05176 0.0
5306.72412 0.004062
5309.97510 0.004171
5313.22705 0.004282
5316.47803 0.004393
5319.72998 0.004505
5322.98193 0.004619
5326.23291 0.004733
5329.48486 0.004849
5332.73682 0.004966
5335.99023 0.005083
5339.24219 0.005202
5342.49414 0.005322
5345.74707 0.005443
5348.99902 0.005565
5352.25098 0.005688
5355.50391 0.005812
5358.75586 0.005937
5362.00879 0.006063
5365.26221 0.00619
5368.51514 0.006318
5371.76807 0.006447
5375.02100 0.006578
5378.27295 0.006709
5381.52686 0.006842
5384.77979 0.006975
5388.03320 0.00711
5391.28711 0.007245
5394.54004 0.007382
5397.79297 0.00752
5401.04688 0.007658
5404.30078 0.007798
5407.55518 0.007939
5410.80908 0.008081
5414.06299 0.008224
5417.31592 0.008368
5420.56982 0.008513
5423.82520 0.008659
5427.07910 0.008806
5430.33301 0.008955
5433.58691 0.009105
5436.84180 0.009256
5440.09619 0.009411
5443.35107 0.009569
5446.60498 0.009733
5449.85986 0.009905
5453.11523 0.010092
5456.37012 0.010297
5459.62500 0.010527
5462.87988 0.010789
5466.13477 0.011088
5469.39111 0.011427
5472.64600 0.011806
5475.90088 0.012219
5479.15723 0.012658
5482.41211 0.01311
5485.66699 0.013561
5488.92285 0.014
5492.17920 0.014418
5495.43506 0.014816
5498.69092 0.015204
5501.94678 0.015597
5505.20312 0.01602
5508.45898 0.016502
5511.71484 0.01707
5514.97119 0.017752
5518.22803 0.018574
5521.48389 0.019555
5524.74121 0.020715
5527.99707 0.022074
5531.25391 0.02365
5534.51123 0.025465
5537.76709 0.027538
5541.02393 0.029889
5544.28076 0.03254
5547.53809 0.035508
5550.79492 0.03881
5554.05176 0.042467
5557.31006 0.0465
5560.56689 0.050929
5563.82520 0.055778
5567.08203 0.061067
5570.33887 0.066812
5573.59717 0.073024
5576.85498 0.079712
5580.11279 0.086877
5583.37109 0.094518
5586.62793 0.102634
5589.88721 0.111221
5593.14502 0.120279
5596.40283 0.129805
5599.66113 0.139797
5602.91895 0.150247
5606.17822 0.161147
5609.43701 0.172475
5612.69482 0.184205
5615.95410 0.196298
5619.21191 0.208709
5622.47119 0.221388
5625.72998 0.234278
5628.98877 0.247327
5632.24805 0.260483
5635.50684 0.273701
5638.76611 0.286934
5642.02490 0.300141
5645.28516 0.31328
5648.54395 0.326308
5651.80322 0.33918
5655.06299 0.351855
5658.32324 0.364296
5661.58301 0.376479
5664.84180 0.388392
5668.10205 0.400041
5671.36182 0.411443
5674.62207 0.422624
5677.88184 0.43361
5681.14209 0.444426
5684.40186 0.455086
5687.66309 0.465592
5690.92285 0.475935
5694.18408 0.4861
5697.44385 0.496061
5700.70508 0.505794
5703.96484 0.51527
5707.22607 0.524467
5710.48682 0.533368
5713.74805 0.541962
5717.00879 0.550249
5720.27002 0.558237
5723.53076 0.565935
5726.79199 0.573355
5730.05420 0.580509
5733.31494 0.587403
5736.57715 0.59404
5739.83789 0.600421
5743.10010 0.606545
5746.36084 0.612416
5749.62305 0.618039
5752.88477 0.623429
5756.14600 0.628598
5759.40918 0.633566
5762.67090 0.638347
5765.93311 0.642949
5769.19482 0.647373
5772.45801 0.651614
5775.72021 0.655665
5778.98193 0.659516
5782.24512 0.663168
5785.50684 0.666634
5788.77002 0.669938
5792.03320 0.673115
5795.29492 0.676207
5798.55908 0.679254
5801.82080 0.682289
5805.08398 0.685333
5808.34814 0.688392
5811.61084 0.691459
5814.87402 0.694513
5818.13721 0.697529
5821.40088 0.700483
5824.66504 0.703355
5827.92822 0.706144
5831.19189 0.708855
5834.45605 0.711509
5837.71924 0.71413
5840.98291 0.716738
5844.24707 0.71935
5847.51123 0.721969
5850.77490 0.724591
5854.04004 0.727204
5857.30420 0.729795
5860.56787 0.732351
5863.83301 0.734865
5867.09717 0.737326
5870.36084 0.739736
5873.62598 0.742089
5876.89111 0.744385
5880.15576 0.746621
5883.41992 0.748795
5886.68604 0.750905
5889.95117 0.752952
5893.21582 0.754937
5896.48096 0.756862
5899.74609 0.75874
5903.01123 0.760578
5906.27686 0.762389
5909.54199 0.764182
5912.80811 0.765973
5916.07422 0.767768
5919.33887 0.769571
5922.60498 0.771372
5925.87109 0.773156
5929.13721 0.774892
5932.40283 0.776545
5935.66895 0.778071
5938.93506 0.779428
5942.20117 0.780574
5945.46777 0.781475
5948.73389 0.78211
5952.00000 0.782464
5955.26709 0.782554
5958.53418 0.782417
5961.79980 0.782116
5965.06689 0.781732
5968.33398 0.781345
5971.60107 0.781009
5974.86816 0.780738
5978.13477 0.780492
5981.40186 0.780179
5984.66895 0.779671
5987.93701 0.778843
5991.20410 0.777599
5994.47217 0.775904
5997.73877 0.77379
6001.00684 0.771347
6004.27490 0.7687
6007.54199 0.765978
6010.81006 0.763286
6014.07812 0.760689
6017.34619 0.758202
6020.61377 0.755802
6023.88184 0.753439
6027.15088 0.751054
6030.41895 0.748597
6033.68799 0.746039
6036.95605 0.743378
6040.22510 0.740637
6043.49316 0.737859
6046.76221 0.735096
6050.02979 0.7324
6053.29883 0.729819
6056.56787 0.727381
6059.83691 0.725101
6063.10596 0.72298
6066.37500 0.721002
6069.64502 0.719146
6072.91406 0.717387
6076.18311 0.715704
6079.45312 0.714079
6082.72217 0.712504
6085.99219 0.710979
6089.26221 0.709507
6092.53076 0.708092
6095.80078 0.706739
6099.07080 0.705444
6102.34082 0.704199
6105.61084 0.702993
6108.88086 0.701807
6112.15088 0.700626
6115.42188 0.69944
6118.69189 0.698253
6121.96191 0.697083
6125.23291 0.695958
6128.50391 0.69491
6131.77393 0.693968
6135.04492 0.693154
6138.31592 0.692476
6141.58691 0.691927
6144.85791 0.691494
6148.12891 0.691164
6151.39990 0.690926
6154.67090 0.690775
6157.94189 0.690712
6161.21387 0.69074
6164.48486 0.690856
6167.75684 0.69105
6171.02783 0.691298
6174.29980 0.691571
6177.57178 0.691834
6180.84424 0.692065
6184.11523 0.692251
6187.38721 0.692396
6190.66016 0.692517
6193.93213 0.692645
6197.20410 0.692809
6200.47607 0.693035
6203.74902 0.693337
6207.02100 0.693717
6210.29297 0.694168
6213.56592 0.694675
6216.83789 0.69523
6220.11084 0.695826
6223.38379 0.696469
6226.65723 0.697174
6229.93018 0.697959
6233.20312 0.698842
6236.47607 0.699824
6239.75000 0.700896
6243.02197 0.702034
6246.29590 0.703201
6249.56885 0.70436
6252.84277 0.705475
6256.11621 0.706524
6259.39014 0.707501
6262.66406 0.708413
6265.93799 0.709283
6269.21094 0.710138
6272.48486 0.711009
6275.75879 0.711921
6279.03320 0.712889
6282.30811 0.713915
6285.58203 0.714998
6288.85596 0.716127
6292.12988 0.717291
6295.40479 0.718485
6298.68018 0.719706
6301.95410 0.720957
6305.22900 0.722242
6308.50391 0.723568
6311.77881 0.724934
6315.05420 0.726331
6318.32910 0.727746
6321.60400 0.729159
6324.87891 0.730545
6328.15381 0.731888
6331.42920 0.733169
6334.70508 0.734382
6337.97998 0.735525
6341.25586 0.7366
6344.53076 0.737611
6347.80713 0.738569
6351.08301 0.739488
6354.35889 0.74038
6357.63477 0.741261
6360.91113 0.742153
6364.18701 0.74308
6367.46289 0.744075
6370.73877 0.745176
6374.01611 0.746435
6377.29199 0.747913
6380.56787 0.749687
6383.84521 0.751827
6387.12207 0.754395
6390.39795 0.757429
6393.67480 0.76093
6396.95215 0.764857
6400.22900 0.769127
6403.50488 0.773623
6406.78320 0.778199
6410.06006 0.782698
6413.33691 0.786964
6416.61377 0.79086
6419.89209 0.794274
6423.16895 0.797145
6426.44678 0.799456
6429.72510 0.801242
6433.00195 0.802583
6436.27979 0.803578
6439.55811 0.804339
6442.83496 0.80496
6446.11279 0.805516
6449.39209 0.806046
6452.66992 0.806562
6455.94824 0.807056
6459.22607 0.807507
6462.50391 0.807893
6465.78320 0.8082
6469.06201 0.808428
6472.33984 0.808592
6475.61914 0.808716
6478.89697 0.808825
6482.17578 0.808947
6485.45508 0.809102
6488.73389 0.809301
6492.01318 0.809551
6495.29199 0.809851
6498.57178 0.810197
6501.85107 0.810577
6505.12988 0.810978
6508.41016 0.811383
6511.68896 0.811773
6514.96924 0.812134
6518.24902 0.812453
6521.52783 0.812725
6524.80811 0.812951
6528.08789 0.813137
6531.36816 0.813285
6534.64795 0.813401
6537.92822 0.813484
6541.20801 0.813533
6544.48779 0.813544
6547.76904 0.813515
6551.04883 0.813444
6554.33008 0.813333
6557.60986 0.813188
6560.89111 0.813018
6564.17188 0.812833
6567.45312 0.81265
6570.73291 0.81248
6574.01416 0.812337
6577.29492 0.81223
6580.57715 0.812164
6583.85791 0.812143
6587.13916 0.812162
6590.41992 0.812213
6593.70215 0.812285
6596.98291 0.812367
6600.26514 0.812451
6603.54590 0.812532
6606.82812 0.812613
6610.10986 0.812698
6613.39209 0.812794
6616.67383 0.812902
6619.95605 0.81302
6623.23779 0.813135
6626.52002 0.813234
6629.80176 0.813301
6633.08398 0.813325
6636.36719 0.813302
6639.64893 0.813238
6642.93213 0.813145
6646.21484 0.813041
6649.49805 0.812945
6652.77979 0.812872
6656.06299 0.812831
6659.34619 0.812823
6662.62891 0.812851
6665.91211 0.812909
6669.19482 0.812988
6672.47900 0.81308
6675.76221 0.813174
6679.04492 0.813258
6682.32910 0.813319
6685.61182 0.813349
6688.89600 0.813343
6692.18018 0.813303
6695.46289 0.813238
6698.74707 0.81316
6702.03076 0.813087
6705.31494 0.813035
6708.59912 0.813017
6711.88281 0.813038
6715.16699 0.813103
6718.45215 0.813207
6721.73584 0.813341
6725.02100 0.813491
6728.30518 0.813639
6731.58984 0.813768
6734.87500 0.81386
6738.15918 0.813909
6741.44385 0.813914
6744.72900 0.813886
6748.01416 0.813839
6751.29883 0.813792
6754.58398 0.81376
6757.87012 0.813748
6761.15479 0.813759
6764.43994 0.813783
6767.72607 0.813812
6771.01123 0.813838
6774.29688 0.813853
6777.58301 0.813858
6780.86816 0.813851
6784.15381 0.81383
6787.43994 0.813791
6790.72607 0.813727
6794.01221 0.81363
6797.29785 0.813495
6800.58398 0.81332
6803.87109 0.81311
6807.15723 0.812877
6810.44287 0.812641
6813.72998 0.812429
6817.01709 0.812268
6820.30322 0.812191
6823.58984 0.812226
6826.87695 0.812396
6830.16406 0.812722
6833.45117 0.813212
6836.73779 0.813865
6840.02490 0.81467
6843.31201 0.815603
6846.59912 0.816635
6849.88721 0.81773
6853.17383 0.818856
6856.46094 0.819981
6859.75000 0.821078
6863.03711 0.822125
6866.32520 0.823102
6869.61279 0.823992
6872.89990 0.824774
6876.18799 0.825429
6879.47705 0.825937
6882.76514 0.826288
6886.05322 0.826483
6889.34082 0.826532
6892.62891 0.826462
6895.91797 0.826307
6899.20703 0.826111
6902.49512 0.825911
6905.78418 0.825737
6909.07178 0.825606
6912.36084 0.825515
6915.64990 0.825448
6918.93896 0.825377
6922.22803 0.825272
6925.51709 0.825108
6928.80615 0.824873
6932.09619 0.824565
6935.38477 0.824201
6938.67383 0.823803
6941.96387 0.823398
6945.25293 0.823009
6948.54297 0.82265
6951.83301 0.822326
6955.12305 0.822033
6958.41211 0.821766
6961.70215 0.821522
6964.99219 0.821294
6968.28223 0.821085
6971.57324 0.82089
6974.86279 0.820709
6978.15283 0.820533
6981.44385 0.820345
6984.73389 0.820126
6988.02393 0.819848
6991.31494 0.819488
6994.60596 0.819022
6997.89697 0.818437
7001.18799 0.817724
7004.47900 0.816884
7007.77002 0.815922
7011.06104 0.814841
7014.35205 0.813645
7017.64307 0.812328
7020.93506 0.810881
7024.22607 0.809283
7027.51709 0.807511
7030.80908 0.805541
7034.10107 0.803347
7037.39209 0.800906
7040.68408 0.798196
7043.97607 0.795198
7047.26807 0.79189
7050.56006 0.788247
7053.85205 0.784244
7057.14404 0.779848
7060.43604 0.775024
7063.72900 0.769737
7067.02100 0.763956
7070.31299 0.757646
7073.60596 0.750784
7076.89795 0.743354
7080.19092 0.735348
7083.48389 0.726771
7086.77686 0.717639
7090.06982 0.707972
7093.36279 0.697795
7096.65576 0.687131
7099.94922 0.676002
7103.24219 0.664423
7106.53613 0.65241
7109.82910 0.639975
7113.12207 0.627131
7116.41602 0.613896
7119.70898 0.600296
7123.00293 0.586356
7126.29688 0.572105
7129.59082 0.557566
7132.88477 0.542754
7136.17920 0.527672
7139.47314 0.512314
7142.76709 0.496667
7146.06104 0.480726
7149.35498 0.464502
7152.64893 0.448036
7155.94385 0.431411
7159.23779 0.414747
7162.53320 0.398191
7165.82812 0.381905
7169.12305 0.366035
7172.41699 0.350701
7175.71191 0.335975
7179.00684 0.321886
7182.30176 0.308422
7185.59814 0.295542
7188.89307 0.283195
7192.18799 0.271331
7195.48291 0.259907
7198.77881 0.248893
7202.07422 0.238269
7205.37012 0.228024
7208.66602 0.218152
7211.96094 0.208649
7215.25684 0.199516
7218.55322 0.190749
7221.84912 0.182351
7225.14502 0.174326
7228.44092 0.166677
7231.73682 0.159405
7235.03418 0.15251
7238.33008 0.145984
7241.62598 0.139815
7244.92285 0.133981
7248.21924 0.128458
7251.51611 0.123217
7254.81299 0.118228
7258.10889 0.113465
7261.40576 0.108902
7264.70410 0.104521
7268.00000 0.100307
7271.29688 0.096251
7274.59521 0.092345
7277.89209 0.088582
7281.18896 0.08496
7284.48682 0.081476
7287.78418 0.078132
7291.08203 0.074929
7294.37891 0.071871
7297.67676 0.068962
7300.97510 0.066206
7304.27295 0.063605
7307.57080 0.061157
7310.86914 0.058861
7314.16699 0.056709
7317.46484 0.054695
7320.76318 0.052808
7324.06201 0.051037
7327.35986 0.049369
7330.65918 0.047789
7333.95703 0.046284
7337.25586 0.044841
7340.55518 0.043447
7343.85400 0.042093
7347.15186 0.040774
7350.45117 0.039488
7353.75000 0.038235
7357.04883 0.037016
7360.34814 0.035834
7363.64697 0.034693
7366.94678 0.033596
7370.24609 0.032544
7373.54590 0.031539
7376.84521 0.030583
7380.14502 0.029675
7383.44482 0.028814
7386.74512 0.027999
7390.04395 0.027227
7393.34424 0.026495
7396.64404 0.025799
7399.94385 0.025137
7403.24512 0.024504
7406.54492 0.023899
7409.84521 0.023319
7413.14600 0.022761
7416.44580 0.022224
7419.74707 0.021706
7423.04688 0.021205
7426.34814 0.02072
7429.64795 0.020248
7432.94922 0.019789
7436.25000 0.019341
7439.55078 0.018903
7442.85205 0.018477
7446.15283 0.018063
7449.45508 0.017666
7452.75586 0.017289
7456.05811 0.016936
7459.35889 0.016608
7462.66016 0.016309
7465.96191 0.016039
7469.26416 0.015794
7472.56494 0.015572
7475.86719 0.015366
7479.16895 0.015171
7482.47119 0.014978
7485.77295 0.014783
7489.07520 0.01458
7492.37695 0.014367
7495.68018 0.014144
7498.98193 0.013913
7502.28516 0.013678
7505.58691 0.013442
7508.89014 0.01321
7512.19189 0.012985
7515.49512 0.01277
7518.79785 0.012567
7522.10107 0.012376
7525.40381 0.012195
7528.70703 0.012024
7532.00977 0.011858
7535.31299 0.011697
7538.61621 0.011538
7541.91992 0.011378
7545.22314 0.011216
7548.52686 0.011052
7551.83105 0.010885
7555.13379 0.010717
7558.43799 0.01055
7561.74219 0.010386
7565.04492 0.010228
7568.35010 0.01008
7571.65283 0.009942
7574.95801 0.009817
7578.26221 0.009703
7581.56592 0.009598
7584.87109 0.009498
7588.17480 0.009398
7591.47900 0.009291
7594.78418 0.009174
7598.08887 0.009043
7601.39404 0.008898
7604.69824 0.00874
7608.00293 0.008573
7611.30811 0.008404
7614.61279 0.00824
7617.91797 0.008086
7621.22314 0.007946
7624.52881 0.007825
7627.83398 0.007721
7631.14014 0.007634
7634.44482 0.00756
7637.75000 0.007497
7641.05615 0.007439
7644.36182 0.007383
7647.66699 0.007327
7650.97314 0.007268
7654.27881 0.007204
7657.58496 0.007137
7660.89209 0.007066
7664.19824 0.006994
7667.50391 0.006923
7670.81006 0.006855
7674.11719 0.006792
7677.42285 0.006736
7680.72998 0.006688
7684.03613 0.006647
7687.34277 0.006613
7690.64990 0.006584
7693.95703 0.006557
7697.26416 0.006529
7700.57080 0.006499
7703.87793 0.006462
7707.18506 0.006417
7710.49219 0.006363
7713.79883 0.006302
7717.10693 0.006233
7720.41504 0.006159
7723.72217 0.006083
7727.02979 0.006006
7730.33691 0.005931
7733.64502 0.005859
7736.95312 0.005792
7740.26123 0.005731
7743.56885 0.005677
7746.87695 0.005629
7750.18506 0.005587
7753.49316 0.00555
7756.80176 0.005516
7760.10986 0.005483
7763.41797 0.005449
7766.72705 0.005412
7770.03613 0.005371
7773.34424 0.005326
7776.65283 0.005276
7779.96191 0.005224
7783.27100 0.005173
7786.58008 0.005126
7789.88916 0.005087
7793.19824 0.005059
7796.50684 0.005044
7799.81592 0.005039
7803.12598 0.005043
7806.43604 0.005049
7809.74512 0.00505
7813.05518 0.005042
7816.36377 0.005017
7819.67383 0.004973
7822.98389 0.004909
7826.29297 0.004828
7829.60400 0.004735
7832.91406 0.004636
7836.22412 0.004538
7839.53418 0.004448
7842.84424 0.004371
7846.15479 0.00431
7849.46484 0.004266
7852.77588 0.004236
7856.08594 0.004215
7859.39697 0.0042
7862.70801 0.004184
7866.01904 0.004163
7869.33008 0.004134
7872.64014 0.004095
7875.95215 0.004048
8663.54688 0.0
