threeML/data/optical_filters/CAHA/CAHA-f_534_97b.ecsv
# %ECSV 0.9
# ---
# datatype:
# - {name: wavelength, unit: Angstrom, datatype: float32}
# - {name: response, datatype: float32}
# meta: !!omap
# - {band_name: f_534_97b}
# - {group_name: CAHA}
wavelength response
4097.41992 0.0
4552.68896 0.004199
4555.94189 0.004419
4559.19482 0.004645
4562.44922 0.004877
4565.70215 0.005114
4568.95508 0.005357
4572.20801 0.005607
4575.46094 0.005862
4578.71484 0.006122
4581.96777 0.006389
4585.22217 0.006662
4588.47510 0.00694
4591.72900 0.007224
4594.98193 0.007514
4598.23584 0.00781
4601.48877 0.008111
4604.74316 0.008419
4607.99707 0.008732
4611.25000 0.009051
4614.50391 0.009376
4617.75781 0.009708
4621.01221 0.010048
4624.26611 0.010396
4627.52002 0.010756
4630.77393 0.011133
4634.02783 0.011531
4637.28223 0.011959
4640.53711 0.012428
4643.79102 0.012948
4647.04492 0.013527
4650.29883 0.014171
4653.55420 0.01488
4656.80811 0.015646
4660.06299 0.016458
4663.31689 0.017302
4666.57080 0.018166
4669.82617 0.019045
4673.08105 0.019944
4676.33496 0.02088
4679.58984 0.021877
4682.84521 0.022964
4686.10010 0.024174
4689.35400 0.025533
4692.60889 0.027063
4695.86377 0.02878
4699.11914 0.030702
4702.37500 0.032838
4705.62891 0.035201
4708.88379 0.037804
4712.14014 0.040657
4715.39502 0.04377
4718.64990 0.047153
4721.90479 0.050812
4725.16113 0.054749
4728.41602 0.058967
4731.67188 0.063469
4734.92676 0.068259
4738.18311 0.073346
4741.43799 0.078738
4744.69385 0.084453
4747.95020 0.090507
4751.20508 0.096918
4754.46094 0.103703
4757.71680 0.110881
4760.97314 0.118464
4764.22900 0.12646
4767.48389 0.134867
4770.74121 0.143672
4773.99707 0.152858
4777.25195 0.162393
4780.50879 0.172242
4783.76514 0.182363
4787.02100 0.192714
4790.27686 0.203251
4793.53418 0.213937
4796.79004 0.224736
4800.04688 0.235623
4803.30322 0.246578
4806.56006 0.257591
4809.81592 0.268659
4813.07324 0.279784
4816.33008 0.290976
4819.58594 0.302247
4822.84277 0.313613
4826.10010 0.325088
4829.35596 0.336684
4832.61279 0.348398
4835.87109 0.360221
4839.12695 0.372124
4842.38379 0.38407
4845.64209 0.396011
4848.89893 0.407897
4852.15576 0.419686
4855.41309 0.431341
4858.66992 0.442838
4861.92822 0.454162
4865.18506 0.465309
4868.44287 0.476274
4871.70020 0.487064
4874.95801 0.497669
4878.21484 0.508089
4881.47314 0.518316
4884.72998 0.528343
4887.98779 0.538158
4891.24609 0.547756
4894.50391 0.557126
4897.76221 0.566264
4901.02002 0.575169
4904.27783 0.583847
4907.53613 0.592302
4910.79297 0.600537
4914.05176 0.60856
4917.31006 0.616367
4920.56787 0.623954
4923.82715 0.631316
4927.08496 0.638446
4930.34277 0.64534
4933.60205 0.651996
4936.85986 0.658409
4940.11914 0.664579
4943.37695 0.670501
4946.63623 0.676165
4949.89502 0.681568
4953.15283 0.686709
4956.41211 0.691596
4959.66992 0.696248
4962.93018 0.700695
4966.18799 0.70497
4969.44678 0.709115
4972.70703 0.713156
4975.96484 0.717119
4979.22510 0.721013
4982.48389 0.724838
4985.74316 0.72858
4989.00195 0.732223
4992.26221 0.735753
4995.52100 0.739162
4998.77979 0.742458
5002.04004 0.745652
5005.29883 0.748766
5008.55908 0.751824
5011.81787 0.754836
5015.07812 0.7578
5018.33789 0.760706
5021.59814 0.763533
5024.85693 0.766254
5028.11719 0.768838
5031.37695 0.771271
5034.63721 0.773541
5037.89697 0.775652
5041.15723 0.777616
5044.41699 0.779464
5047.67822 0.781227
5050.93799 0.782937
5054.19824 0.784614
5057.45801 0.786272
5060.71924 0.787905
5063.97900 0.789496
5067.24023 0.79103
5070.50000 0.792499
5073.76123 0.793899
5077.02100 0.795241
5080.28223 0.796545
5083.54297 0.797833
5086.80420 0.799126
5090.06494 0.800437
5093.32617 0.801768
5096.58691 0.803117
5099.84814 0.804472
5103.10889 0.805824
5106.37012 0.807158
5109.63086 0.808461
5112.89209 0.809717
5116.15381 0.810914
5119.41504 0.812034
5122.67578 0.813063
5125.93799 0.813995
5129.19922 0.814834
5132.46094 0.815586
5135.72314 0.816273
5138.98389 0.816919
5142.24609 0.817554
5145.50781 0.818197
5148.77002 0.81887
5152.03076 0.819579
5155.29297 0.820327
5158.55518 0.821107
5161.81689 0.821906
5165.07910 0.822708
5168.34082 0.823495
5171.60400 0.824245
5174.86621 0.824944
5178.12793 0.825567
5181.39111 0.826102
5184.65283 0.826539
5187.91602 0.826876
5191.17822 0.827124
5194.43994 0.8273
5197.70312 0.827424
5200.96582 0.827516
5204.22900 0.827591
5207.49121 0.827658
5210.75391 0.827724
5214.01709 0.827794
5217.27979 0.827869
5220.54297 0.827956
5223.80615 0.828057
5227.06885 0.828167
5230.33301 0.828284
5233.59619 0.828399
5236.85889 0.828503
5240.12207 0.828599
5243.38477 0.828682
5246.64893 0.828761
5249.91309 0.828836
5253.17578 0.828911
5256.43896 0.828972
5259.70312 0.829004
5262.96680 0.828989
5266.23096 0.82891
5269.49512 0.828756
5272.75781 0.828532
5276.02197 0.828257
5279.28711 0.827958
5282.54980 0.827659
5285.81396 0.827386
5289.07910 0.827144
5292.34277 0.826924
5295.60693 0.826702
5298.87207 0.82645
5302.13623 0.82614
5305.39990 0.825746
5308.66504 0.825255
5311.92920 0.824656
5315.19385 0.823947
5318.45801 0.82313
5321.72412 0.822215
5324.98779 0.821212
5328.25293 0.820138
5331.51807 0.819007
5334.78320 0.817833
5338.04785 0.816621
5341.31299 0.815368
5344.57812 0.814079
5347.84277 0.812752
5351.10791 0.811398
5354.37402 0.810031
5357.63916 0.808675
5360.90479 0.807354
5364.16992 0.806093
5367.43604 0.804905
5370.70117 0.803804
5373.96680 0.802786
5377.23193 0.80184
5380.49805 0.800956
5383.76416 0.800117
5387.02979 0.799306
5390.29590 0.798512
5393.56201 0.797721
5396.82812 0.796917
5400.09424 0.796072
5403.35986 0.795153
5406.62598 0.794121
5409.89307 0.792939
5413.15918 0.791577
5416.42480 0.790024
5419.69092 0.788283
5422.95801 0.786373
5426.22510 0.78433
5429.49121 0.782197
5432.75781 0.780018
5436.02490 0.777834
5439.29199 0.775677
5442.55908 0.773572
5445.82520 0.771527
5449.09180 0.769543
5452.35889 0.767609
5455.62598 0.765717
5458.89404 0.763848
5462.16113 0.761991
5465.42822 0.760139
5468.69482 0.758287
5471.96191 0.756433
5475.22998 0.754579
5478.49805 0.752724
5481.76514 0.750861
5485.03320 0.748977
5488.29980 0.747053
5491.56787 0.745064
5494.83594 0.742986
5498.10400 0.740797
5501.37207 0.738492
5504.64014 0.736074
5507.90820 0.733561
5511.17578 0.730983
5514.44385 0.728369
5517.71191 0.725751
5520.97998 0.723154
5524.24902 0.720594
5527.51709 0.718082
5530.78613 0.715616
5534.05420 0.713197
5537.32324 0.710817
5540.59082 0.708462
5543.85986 0.706113
5547.12793 0.703751
5550.39697 0.701346
5553.66699 0.698878
5556.93506 0.696323
5560.20410 0.69367
5563.47314 0.690913
5566.74219 0.688049
5570.01221 0.685084
5573.28076 0.682021
5576.54980 0.678868
5579.81885 0.675635
5583.08887 0.672343
5586.35791 0.669025
5589.62793 0.665717
5592.89697 0.662462
5596.16699 0.659299
5599.43701 0.656259
5602.70703 0.653353
5605.97705 0.650574
5609.24609 0.647898
5612.51611 0.645291
5615.78711 0.64271
5619.05713 0.640113
5622.32715 0.637466
5625.59717 0.634746
5628.86719 0.631934
5632.13721 0.629018
5635.40820 0.625992
5638.67822 0.622852
5641.94922 0.619602
5645.21924 0.616245
5648.49023 0.612792
5651.76123 0.609266
5655.03076 0.60569
5658.30176 0.602101
5661.57324 0.598534
5664.84424 0.595023
5668.11523 0.591596
5671.38623 0.588266
5674.65723 0.585028
5677.92920 0.581861
5681.20020 0.578735
5684.47119 0.575608
5687.74316 0.572437
5691.01416 0.569193
5694.28613 0.565847
5697.55713 0.562384
5700.82910 0.558796
5704.10107 0.555089
5707.37207 0.55127
5710.64404 0.547358
5713.91602 0.543374
5717.18799 0.539346
5720.45996 0.535303
5723.73193 0.531272
5727.00391 0.527275
5730.27588 0.523333
5733.54785 0.519458
5736.82080 0.515659
5740.09277 0.511942
5743.36621 0.508311
5746.63818 0.504767
5749.91113 0.501304
5753.18408 0.497907
5756.45605 0.494554
5759.72900 0.491209
5763.00195 0.487836
5766.27490 0.484395
5769.54785 0.480856
5772.82080 0.477199
5776.09424 0.473426
5779.36719 0.469554
5782.64111 0.465614
5785.91406 0.461647
5789.18701 0.457689
5792.45996 0.453768
5795.73389 0.4499
5799.00781 0.446092
5802.28076 0.442335
5805.55518 0.438618
5808.82910 0.434929
5812.10303 0.43126
5815.37598 0.427603
5818.64990 0.423955
5821.92383 0.420316
5825.19824 0.416686
5828.47217 0.413067
5831.74707 0.409461
5835.02100 0.40587
5838.29492 0.402294
5841.56885 0.398734
5844.84424 0.395182
5848.11914 0.39163
5851.39307 0.388067
5854.66797 0.384482
5857.94189 0.38087
5861.21680 0.377234
5864.49219 0.373584
5867.76709 0.369939
5871.04199 0.366318
5874.31689 0.362733
5877.59180 0.359196
5880.86816 0.355703
5884.14307 0.352246
5887.41797 0.348808
5890.69287 0.345373
5893.96924 0.341927
5897.24414 0.338463
5900.52002 0.334984
5903.79590 0.331494
5907.07080 0.328002
5910.34717 0.324514
5913.62305 0.321026
5916.89893 0.317536
5920.17480 0.314035
5923.45117 0.310517
5926.72705 0.30698
5930.00293 0.303429
5933.27881 0.299879
5936.55615 0.296345
5939.83203 0.292845
5943.10791 0.289393
5946.38477 0.285996
5949.66211 0.282652
5952.93799 0.279355
5956.21484 0.27609
5959.49219 0.272842
5962.76904 0.269595
5966.04492 0.26634
5969.32324 0.263067
5972.60010 0.259777
5975.87695 0.256471
5979.15381 0.253153
5982.43115 0.249822
5985.70801 0.246477
5988.98584 0.243116
5992.26318 0.23973
5995.54102 0.236317
5998.81787 0.23288
6002.09619 0.229429
6005.37402 0.225979
6008.65186 0.222556
6011.93018 0.219182
6015.20801 0.215881
6018.48486 0.212669
6021.76416 0.209554
6025.04199 0.206536
6028.31982 0.203607
6031.59814 0.200752
6034.87598 0.197956
6038.15479 0.195206
6041.43408 0.19249
6044.71191 0.189803
6047.99121 0.187142
6051.27002 0.184506
6054.54785 0.181894
6057.82715 0.179303
6061.10596 0.176727
6064.38477 0.174161
6067.66406 0.1716
6070.94287 0.169042
6074.22217 0.16649
6077.50098 0.163951
6080.78076 0.161438
6084.06006 0.158962
6087.33887 0.156536
6090.61914 0.154165
6093.89795 0.151851
6097.17822 0.149592
6100.45801 0.14738
6103.73779 0.145207
6107.01807 0.143061
6110.29785 0.140928
6113.57812 0.138797
6116.85693 0.136653
6120.13818 0.134487
6123.41797 0.132293
6126.69824 0.130069
6129.97900 0.127821
6133.25879 0.12556
6136.54004 0.123303
6139.81982 0.121067
6143.10107 0.118871
6146.38086 0.116728
6149.66309 0.11465
6152.94287 0.112638
6156.22412 0.110689
6159.50488 0.108791
6162.78613 0.106931
6166.06689 0.105094
6169.34912 0.103271
6172.62988 0.101456
6175.91113 0.099653
6179.19189 0.09787
6182.47412 0.096118
6185.75586 0.094408
6189.03711 0.092744
6192.31885 0.091128
6195.60107 0.089554
6198.88281 0.08801
6202.16504 0.086485
6205.44678 0.08497
6208.72900 0.083457
6212.01123 0.081942
6215.29297 0.080426
6218.57520 0.078908
6221.85693 0.077393
6225.14014 0.075883
6228.42188 0.074385
6231.70508 0.072905
6234.98779 0.071453
6238.27100 0.070038
6241.55322 0.068666
6244.83594 0.067345
6248.11914 0.066074
6251.40186 0.064848
6254.68506 0.063658
6257.96777 0.062492
6261.25098 0.061336
6264.53516 0.060181
6267.81787 0.059017
6271.10205 0.057841
6274.38477 0.056652
6277.66797 0.055457
6280.95215 0.054266
6284.23584 0.053089
6287.52002 0.05194
6290.80420 0.050832
6294.08691 0.049774
6297.37207 0.04877
6300.65576 0.047818
6303.93994 0.046913
6307.22412 0.046041
6310.50781 0.045193
6313.79297 0.044357
6317.07715 0.043525
6320.36182 0.042692
6323.64600 0.041858
6326.93115 0.041027
6330.21582 0.040203
6333.50000 0.039392
6336.78613 0.038597
6340.06982 0.037821
6343.35498 0.037065
6346.64111 0.036326
6349.92578 0.035602
6353.21094 0.034889
6356.49707 0.034183
6359.78223 0.033479
6363.06689 0.032775
6366.35303 0.032068
6369.63916 0.03136
6372.92383 0.030652
6376.20996 0.02995
6379.49609 0.02926
6382.78223 0.028587
6386.06787 0.027936
6389.35400 0.027308
6392.64014 0.026705
6395.92578 0.026124
6399.21191 0.025564
6402.49902 0.025024
6405.78613 0.024503
6409.07178 0.024002
6412.35791 0.023522
6415.64600 0.023065
6418.93213 0.022632
6422.21924 0.022221
6425.50586 0.021828
6428.79297 0.021447
6432.08008 0.021068
6435.36719 0.020682
6438.65381 0.020282
6441.94092 0.019863
6445.22900 0.019426
6448.51611 0.018973
6451.80420 0.018514
6455.09082 0.018057
6458.37891 0.017613
6461.66699 0.01719
6464.95508 0.016792
6468.24316 0.01642
6471.53076 0.016074
6474.81787 0.015747
6478.10693 0.015437
6481.39502 0.015138
6484.68311 0.014846
6487.97217 0.014559
6491.25977 0.014276
6494.54785 0.013994
6497.83691 0.013715
6501.12500 0.013438
6504.41504 0.013164
6507.70312 0.012893
6510.99219 0.012627
6514.28076 0.012365
6517.56982 0.012105
6520.85889 0.011843
6524.14795 0.011576
6527.43799 0.011302
6530.72705 0.011019
6534.01709 0.010729
6537.30615 0.010433
6540.59619 0.010137
6543.88477 0.009846
6547.17480 0.009568
6550.46484 0.009306
6553.75488 0.009064
6557.04395 0.008846
6560.33398 0.008649
6563.62500 0.008472
6566.91504 0.00831
6570.20605 0.008156
6573.49609 0.008002
6576.78613 0.007841
6580.07715 0.007669
6583.36719 0.007482
6586.65820 0.007282
6589.94922 0.007073
6593.23877 0.00686
6596.52979 0.006651
6599.82080 0.006453
6603.11182 0.006271
6606.40283 0.006107
6609.69482 0.005963
6612.98584 0.005838
6616.27686 0.005729
6619.56885 0.005634
6622.85986 0.00555
6626.15186 0.005475
6629.44287 0.005406
6632.73486 0.00534
6636.02686 0.005276
6639.31885 0.005211
6642.61084 0.005144
6645.90283 0.005074
6649.19482 0.004998
6652.48779 0.004916
6655.77979 0.004824
6659.07178 0.004725
6662.36523 0.004618
6665.65723 0.004505
6668.95020 0.004391
6672.24316 0.004278
6675.53613 0.004168
6678.82812 0.004064
7346.71094 0.0
