threeML/data/optical_filters/CAHA/CAHA-f_667_8.ecsv
# %ECSV 0.9
# ---
# datatype:
# - {name: wavelength, unit: Angstrom, datatype: float32}
# - {name: response, datatype: float32}
# meta: !!omap
# - {band_name: f_667_8}
# - {group_name: CAHA}
wavelength response
5932.58398 0.0
6591.75977 0.004027
6592.02002 0.004125
6592.27979 0.004135
6592.54004 0.004223
6592.79980 0.004203
6593.06006 0.004163
6593.31982 0.004373
6593.58984 0.004431
6593.85010 0.004569
6594.10986 0.004562
6594.37012 0.004585
6594.62988 0.004672
6594.89014 0.004738
6595.14990 0.004822
6595.41992 0.004908
6595.68018 0.004956
6595.93994 0.005076
6596.20020 0.005073
6596.45996 0.005204
6596.72021 0.005422
6596.97998 0.005428
6597.24023 0.005497
6597.50977 0.005653
6597.77002 0.005898
6598.02979 0.005756
6598.29004 0.005965
6598.54980 0.006135
6598.81006 0.006116
6599.06982 0.006443
6599.33008 0.006469
6599.60010 0.006534
6599.85986 0.006703
6600.12012 0.006813
6600.37988 0.007222
6600.64014 0.007058
6600.89990 0.007351
6601.16016 0.007477
6601.43018 0.007591
6601.68994 0.007831
6601.95020 0.007867
6602.20996 0.008338
6602.47021 0.0085
6602.72998 0.008517
6602.99023 0.008771
6603.25000 0.008863
6603.52002 0.009231
6603.77979 0.009562
6604.04004 0.009763
6604.29980 0.009879
6604.56006 0.010151
6604.81982 0.010522
6605.08008 0.010811
6605.33984 0.011082
6605.60986 0.011403
6605.87012 0.012121
6606.12988 0.012128
6606.39014 0.012576
6606.64990 0.01289
6606.91016 0.013325
6607.16992 0.013612
6607.43994 0.014065
6607.70020 0.014508
6607.95996 0.014879
6608.22021 0.015484
6608.47998 0.016056
6608.74023 0.016503
6609.00000 0.016857
6609.25977 0.017672
6609.52979 0.018426
6609.79004 0.018863
6610.04980 0.019575
6610.31006 0.020118
6610.56982 0.021067
6610.83008 0.021665
6611.08984 0.022789
6611.35010 0.023587
6611.62012 0.024293
6611.87988 0.025074
6612.14014 0.026289
6612.39990 0.027151
6612.66016 0.028703
6612.91992 0.029498
6613.18018 0.03112
6613.43994 0.032505
6613.70996 0.03367
6613.97021 0.035055
6614.22998 0.036586
6614.49023 0.037825
6614.75000 0.040096
6615.00977 0.041827
6615.27002 0.043852
6615.54004 0.04582
6615.79980 0.04788
6616.06006 0.050008
6616.31982 0.052145
6616.58008 0.055079
6616.83984 0.057765
6617.10010 0.060871
6617.35986 0.063921
6617.62988 0.066915
6617.89014 0.070379
6618.14990 0.074183
6618.41016 0.078134
6618.66992 0.082206
6618.93018 0.086831
6619.18994 0.091622
6619.45020 0.096597
6619.72021 0.100438
6619.97998 0.106184
6620.24023 0.112177
6620.50000 0.119557
6620.75977 0.126009
6621.02002 0.133574
6621.27979 0.140598
6621.54980 0.148091
6621.81006 0.155578
6622.06982 0.165656
6622.33008 0.175147
6622.58984 0.186148
6622.85010 0.195789
6623.10986 0.207295
6623.37012 0.218335
6623.64014 0.229869
6623.89990 0.242855
6624.16016 0.25744
6624.41992 0.272123
6624.68018 0.285817
6624.93994 0.302707
6625.20020 0.316653
6625.45996 0.332256
6625.72998 0.350359
6625.99023 0.368088
6626.25000 0.38685
6626.50977 0.406207
6626.77002 0.423554
6627.02979 0.441727
6627.29004 0.461294
6627.56006 0.481857
6627.81982 0.501195
6628.08008 0.519681
6628.33984 0.539762
6628.60010 0.557303
6628.85986 0.575558
6629.12012 0.590045
6629.37988 0.606581
6629.64990 0.624597
6629.91016 0.640904
6630.16992 0.654876
6630.43018 0.668327
6630.68994 0.681218
6630.95020 0.689853
6631.20996 0.700637
6631.47021 0.708976
6631.74023 0.71818
6632.00000 0.722509
6632.25977 0.731363
6632.52002 0.734445
6632.77979 0.738334
6633.04004 0.741857
6633.29980 0.743792
6633.56006 0.745588
6633.83008 0.747819
6634.08984 0.745086
6634.35010 0.745932
6634.60986 0.74432
6634.87012 0.744935
6635.12988 0.741839
6635.39014 0.740649
6635.66016 0.736414
6635.91992 0.734379
6636.18018 0.732552
6636.43994 0.727889
6636.70020 0.728171
6636.95996 0.722256
6637.22021 0.719518
6637.47998 0.717166
6637.75000 0.712292
6638.00977 0.707865
6638.27002 0.706022
6638.52979 0.705108
6638.79004 0.700294
6639.04980 0.695485
6639.31006 0.695463
6639.56982 0.690333
6639.83984 0.689472
6640.10010 0.686868
6640.35986 0.685701
6640.62012 0.682021
6640.87988 0.680181
6641.14014 0.678747
6641.39990 0.676311
6641.66992 0.674219
6641.93018 0.672285
6642.18994 0.672604
6642.45020 0.670817
6642.70996 0.670038
6642.97021 0.667751
6643.22998 0.667546
6643.49023 0.666706
6643.75977 0.666488
6644.02002 0.666322
6644.27979 0.667889
6644.54004 0.6669
6644.79980 0.668439
6645.06006 0.667167
6645.31982 0.666532
6645.58008 0.666821
6645.85010 0.671514
6646.10986 0.670391
6646.37012 0.671141
6646.62988 0.67218
6646.89014 0.672308
6647.14990 0.671894
6647.41016 0.674335
6647.68018 0.675126
6647.93994 0.676938
6648.20020 0.680504
6648.45996 0.680248
6648.72021 0.682324
6648.97998 0.682457
6649.24023 0.684736
6649.50000 0.686116
6649.77002 0.687571
6650.02979 0.68916
6650.29004 0.695545
6650.54980 0.693313
6650.81006 0.697102
6651.06982 0.697059
6651.33008 0.700114
6651.58984 0.701549
6651.85986 0.704904
6652.12012 0.708131
6652.37988 0.709427
6652.64014 0.710633
6652.89990 0.710651
6653.16016 0.716639
6653.41992 0.717344
6653.68994 0.719195
6653.95020 0.718907
6654.20996 0.721931
6654.47021 0.724639
6654.72998 0.72676
6654.99023 0.726375
6655.25000 0.730108
6655.50977 0.732182
6655.77979 0.733518
6656.04004 0.73352
6656.29980 0.735706
6656.56006 0.738233
6656.81982 0.738774
6657.08008 0.740823
6657.33984 0.744173
6657.60010 0.743724
6657.87012 0.745682
6658.12988 0.746159
6658.39014 0.747693
6658.64990 0.748876
6658.91016 0.750909
6659.16992 0.751456
6659.43018 0.75374
6659.68994 0.753979
6659.95996 0.756349
6660.22021 0.758372
6660.47998 0.757349
6660.74023 0.756594
6661.00000 0.758634
6661.25977 0.760532
6661.52002 0.761681
6661.79004 0.763267
6662.04980 0.765481
6662.31006 0.762981
6662.56982 0.764882
6662.83008 0.764683
6663.08984 0.767491
6663.35010 0.766107
6663.60986 0.767025
6663.87988 0.769536
6664.14014 0.768631
6664.39990 0.767781
6664.66016 0.769962
6664.91992 0.770175
6665.18018 0.769805
6665.43994 0.771068
6665.70996 0.773021
6665.97021 0.772318
6666.22998 0.773644
6666.49023 0.772376
6666.75000 0.774418
6667.00977 0.77453
6667.27002 0.773286
6667.52979 0.774588
6667.79980 0.776866
6668.06006 0.773608
6668.31982 0.774324
6668.58008 0.774468
6668.83984 0.777529
6669.10010 0.777804
6669.35986 0.776594
6669.62012 0.776239
6669.89014 0.775915
6670.14990 0.779017
6670.41016 0.778108
6670.66992 0.777598
6670.93018 0.778533
6671.18994 0.777955
6671.45020 0.777774
6671.70996 0.777181
6671.97998 0.776652
6672.24023 0.779681
6672.50000 0.777629
6672.75977 0.779925
6673.02002 0.777708
6673.27979 0.781232
6673.54004 0.779233
6673.81006 0.77911
6674.06982 0.779426
6674.33008 0.78
6674.58984 0.779725
6674.85010 0.779827
6675.10986 0.781681
6675.37012 0.777896
6675.62988 0.778658
6675.89990 0.778558
6676.16016 0.778408
6676.41992 0.779218
6676.68018 0.776832
6676.93994 0.779264
6677.20020 0.778395
6677.45996 0.779426
6677.72021 0.778699
6677.99023 0.778393
6678.25000 0.776908
6678.50977 0.777265
6678.77002 0.777767
6679.02979 0.777428
6679.29004 0.778333
6679.54980 0.77808
6679.81006 0.777862
6680.08008 0.77676
6680.33984 0.77786
6680.60010 0.776211
6680.85986 0.776631
6681.12012 0.776067
6681.37988 0.777648
6681.64014 0.776652
6681.91016 0.774664
6682.16992 0.775448
6682.43018 0.777249
6682.68994 0.776989
6682.95020 0.778221
6683.20996 0.775291
6683.47021 0.776672
6683.72998 0.77482
6684.00000 0.775831
6684.25977 0.777602
6684.52002 0.773917
6684.77979 0.7776
6685.04004 0.777528
6685.29980 0.775105
6685.56006 0.774484
6685.83008 0.77468
6686.08984 0.776465
6686.35010 0.774681
6686.60986 0.775736
6686.87012 0.775155
6687.12988 0.775895
6687.39014 0.775366
6687.64990 0.776809
6687.91992 0.775182
6688.18018 0.776218
6688.43994 0.775401
6688.70020 0.775854
6688.95996 0.775839
6689.22021 0.775456
6689.47998 0.774108
6689.74023 0.774984
6690.00977 0.773651
6690.27002 0.771006
6690.52979 0.773136
6690.79004 0.771916
6691.04980 0.769843
6691.31006 0.77177
6691.56982 0.767128
6691.83008 0.7665
6692.10010 0.763662
6692.35986 0.761507
6692.62012 0.759882
6692.87988 0.759742
6693.14014 0.754965
6693.39990 0.754779
6693.66016 0.747476
6693.93018 0.743549
6694.18994 0.739358
6694.45020 0.734101
6694.70996 0.728479
6694.97021 0.724786
6695.22998 0.717728
6695.49023 0.711481
6695.75000 0.70125
6696.02002 0.692123
6696.27979 0.685718
6696.54004 0.677008
6696.79980 0.668442
6697.06006 0.659715
6697.31982 0.6477
6697.58008 0.634978
6697.83984 0.624532
6698.10986 0.610666
6698.37012 0.599967
6698.62988 0.58795
6698.89014 0.575081
6699.14990 0.561504
6699.41016 0.547486
6699.66992 0.531327
6699.93994 0.516963
6700.20020 0.503813
6700.45996 0.487888
6700.72021 0.473915
6700.97998 0.460857
6701.24023 0.443023
6701.50000 0.42887
6701.75977 0.413202
6702.02979 0.396713
6702.29004 0.383993
6702.54980 0.369809
6702.81006 0.35675
6703.06982 0.343733
6703.33008 0.329638
6703.58984 0.315288
6703.85010 0.303434
6704.12012 0.289993
6704.37988 0.27858
6704.64014 0.267875
6704.89990 0.255144
6705.16016 0.245705
6705.41992 0.233727
6705.68018 0.222808
6705.95020 0.212907
6706.20996 0.204054
6706.47021 0.195699
6706.72998 0.187599
6706.99023 0.178448
6707.25000 0.170853
6707.50977 0.162261
6707.77002 0.155097
6708.04004 0.147491
6708.29980 0.141089
6708.56006 0.135854
6708.81982 0.129599
6709.08008 0.123432
6709.33984 0.117405
6709.60010 0.111395
6709.85986 0.10714
6710.12988 0.10236
6710.39014 0.098544
6710.64990 0.093803
6710.91016 0.089504
6711.16992 0.084961
6711.43018 0.081882
6711.68994 0.077797
6711.95996 0.074838
6712.22021 0.072032
6712.47998 0.068639
6712.74023 0.065694
6713.00000 0.062933
6713.25977 0.059893
6713.52002 0.057056
6713.77979 0.055367
6714.04980 0.052927
6714.31006 0.051164
6714.56982 0.04885
6714.83008 0.046584
6715.08984 0.044552
6715.35010 0.042833
6715.60986 0.040924
6715.87012 0.039626
6716.14014 0.037997
6716.39990 0.036596
6716.66016 0.035316
6716.91992 0.033575
6717.18018 0.032474
6717.43994 0.031158
6717.70020 0.030171
6717.95996 0.028893
6718.22998 0.028336
6718.49023 0.026913
6718.75000 0.026077
6719.00977 0.025155
6719.27002 0.02444
6719.52979 0.023359
6719.79004 0.022609
6720.06006 0.021792
6720.31982 0.021099
6720.58008 0.02054
6720.83984 0.019574
6721.10010 0.018973
6721.35986 0.018506
6721.62012 0.018034
6721.87988 0.017408
6722.14990 0.016674
6722.41016 0.016342
6722.66992 0.01575
6722.93018 0.014948
6723.18994 0.014902
6723.45020 0.014264
6723.70996 0.013998
6723.97021 0.01364
6724.24023 0.013154
6724.50000 0.01289
6724.75977 0.012649
6725.02002 0.012123
6725.27979 0.011613
6725.54004 0.011264
6725.79980 0.011124
6726.06982 0.010909
6726.33008 0.010799
6726.58984 0.010419
6726.85010 0.010197
6727.10986 0.009747
6727.37012 0.009685
6727.62988 0.009344
6727.89014 0.009125
6728.16016 0.008858
6728.41992 0.008525
6728.68018 0.008533
6728.93994 0.008359
6729.20020 0.008063
6729.45996 0.007866
6729.72021 0.007513
6729.97998 0.007732
6730.25000 0.007408
6730.50977 0.007288
6730.77002 0.007059
6731.02979 0.006971
6731.29004 0.006982
6731.54980 0.006682
6731.81006 0.006544
6732.08008 0.006342
6732.33984 0.006437
6732.60010 0.006178
6732.85986 0.006222
6733.12012 0.005927
6733.37988 0.005871
6733.64014 0.00577
6733.89990 0.00564
6734.16992 0.005538
6734.43018 0.005437
6734.68994 0.005277
6734.95020 0.005336
6735.20996 0.00513
6735.47021 0.005025
6735.72998 0.005058
6735.99023 0.00484
6736.25977 0.00476
6736.52002 0.004774
6736.77979 0.004714
6737.04004 0.004616
6737.29980 0.004401
6737.56006 0.004399
6737.81982 0.004347
6738.08008 0.00433
6738.35010 0.004241
6738.60986 0.004048
6738.87012 0.004249
6739.12988 0.004136
7413.04297 0.0
