threeML/data/optical_filters/CAHA/CAHA-f_543_13.ecsv
# %ECSV 0.9
# ---
# datatype:
# - {name: wavelength, unit: Angstrom, datatype: float32}
# - {name: response, datatype: float32}
# meta: !!omap
# - {band_name: f_543_13}
# - {group_name: CAHA}
wavelength response
4757.13916 0.0
5285.70996 0.004095
5285.97021 0.003986
5286.22998 0.003919
5286.49023 0.004199
5286.75000 0.003892
5287.00977 0.004233
5287.27002 0.004246
5287.52979 0.004263
5287.79004 0.004154
5288.04980 0.004239
5288.31006 0.004093
5288.56982 0.004239
5288.83008 0.004061
5289.08984 0.004434
5289.35010 0.004281
5289.60986 0.004592
5289.87012 0.004471
5290.12988 0.004447
5290.39014 0.0045
5290.64990 0.004462
5290.91016 0.004831
5291.16992 0.004663
5291.43018 0.004795
5291.68994 0.004615
5291.95020 0.004671
5292.20996 0.004794
5292.47021 0.004758
5292.72998 0.00478
5292.99023 0.004827
5293.25000 0.004682
5293.50977 0.004951
5293.77002 0.004934
5294.02979 0.004983
5294.29004 0.00487
5294.54980 0.005111
5294.81006 0.00528
5295.06982 0.005218
5295.33008 0.004969
5295.58984 0.005488
5295.85010 0.005421
5296.10986 0.005377
5296.37012 0.005505
5296.62988 0.005533
5296.89014 0.005495
5297.14990 0.005646
5297.41016 0.005787
5297.66992 0.005517
5297.93018 0.00558
5298.18994 0.00558
5298.45020 0.005887
5298.70996 0.005964
5298.97021 0.006107
5299.22998 0.005972
5299.49023 0.006013
5299.75000 0.006158
5300.00977 0.005822
5300.27002 0.006073
5300.52979 0.006011
5300.79004 0.006242
5301.04980 0.006251
5301.31006 0.006622
5301.56982 0.0064
5301.83008 0.006559
5302.08984 0.006403
5302.35010 0.006774
5302.60986 0.006705
5302.87012 0.006935
5303.12988 0.006876
5303.39014 0.006977
5303.64990 0.006945
5303.91016 0.007179
5304.16992 0.007419
5304.43018 0.007083
5304.68994 0.007453
5304.95020 0.007448
5305.20996 0.007254
5305.47021 0.00758
5305.72998 0.007431
5305.99023 0.007956
5306.25000 0.007687
5306.50977 0.007999
5306.77002 0.008149
5307.02979 0.008331
5307.29004 0.008306
5307.54980 0.008753
5307.81006 0.008444
5308.06982 0.008125
5308.33008 0.008209
5308.58984 0.008707
5308.85010 0.008646
5309.10986 0.008938
5309.37012 0.00898
5309.62988 0.008927
5309.89014 0.00926
5310.14990 0.009175
5310.41016 0.00914
5310.66992 0.009435
5310.93018 0.009331
5311.18994 0.009562
5311.45020 0.009774
5311.70996 0.01003
5311.97021 0.010091
5312.22998 0.009899
5312.49023 0.010173
5312.75000 0.010776
5313.00977 0.010393
5313.27002 0.010265
5313.52979 0.010645
5313.79004 0.010856
5314.04980 0.011307
5314.31006 0.011359
5314.56982 0.011331
5314.83008 0.011423
5315.08984 0.011533
5315.35010 0.011798
5315.60986 0.011898
5315.87012 0.011708
5316.12988 0.012138
5316.39014 0.01211
5316.64990 0.012746
5316.91016 0.01241
5317.16992 0.012855
5317.43018 0.01296
5317.68994 0.013112
5317.95020 0.013115
5318.20996 0.013505
5318.47021 0.013306
5318.72998 0.013536
5318.99023 0.014141
5319.25000 0.014283
5319.50977 0.014585
5319.77002 0.014807
5320.02979 0.014721
5320.29004 0.01517
5320.54980 0.014977
5320.81006 0.015115
5321.06982 0.01556
5321.33008 0.015506
5321.58984 0.016046
5321.85010 0.016374
5322.10986 0.016589
5322.37012 0.016541
5322.62988 0.016836
5322.89014 0.016953
5323.14990 0.017514
5323.41016 0.017985
5323.66992 0.017839
5323.93018 0.018485
5324.18994 0.018147
5324.45020 0.018604
5324.70996 0.01852
5324.97021 0.019128
5325.22998 0.019905
5325.49023 0.019747
5325.75000 0.019587
5326.00977 0.020359
5326.27002 0.021102
5326.52979 0.020969
5326.79004 0.021515
5327.04980 0.02145
5327.31006 0.022692
5327.56982 0.022093
5327.83008 0.02291
5328.08984 0.022491
5328.35010 0.02316
5328.60986 0.023728
5328.87012 0.024107
5329.12988 0.024931
5329.39014 0.025045
5329.64990 0.02508
5329.91016 0.025695
5330.16992 0.025753
5330.43018 0.026663
5330.68994 0.027115
5330.95020 0.027463
5331.20996 0.028189
5331.47021 0.028742
5331.72998 0.029411
5331.99023 0.029399
5332.25000 0.029413
5332.50977 0.030337
5332.77002 0.03051
5333.02979 0.031303
5333.29004 0.032525
5333.54980 0.031987
5333.81006 0.033444
5334.06982 0.033898
5334.33008 0.034065
5334.58984 0.034718
5334.85010 0.035734
5335.10986 0.03643
5335.37012 0.036237
5335.62988 0.036983
5335.89014 0.038204
5336.14990 0.039116
5336.41016 0.03938
5336.66992 0.039664
5336.93018 0.040596
5337.18994 0.042103
5337.45020 0.041938
5337.70996 0.04261
5337.97021 0.043331
5338.22998 0.044613
5338.49023 0.045484
5338.75000 0.046025
5339.00977 0.047114
5339.27002 0.047553
5339.52979 0.048777
5339.79004 0.049131
5340.04980 0.050716
5340.31006 0.051443
5340.56982 0.052415
5340.83008 0.052954
5341.08984 0.054629
5341.35010 0.055392
5341.60986 0.056078
5341.87012 0.05815
5342.12988 0.058995
5342.39014 0.059406
5342.64990 0.060708
5342.91016 0.062967
5343.16992 0.063859
5343.43018 0.064201
5343.68994 0.065648
5343.95020 0.066836
5344.20996 0.068404
5344.47021 0.070149
5344.72998 0.070774
5344.99023 0.07253
5345.25000 0.073467
5345.50977 0.075071
5345.77002 0.076947
5346.02979 0.077936
5346.29004 0.079556
5346.54980 0.082414
5346.81006 0.082717
5347.06982 0.085357
5347.33008 0.086414
5347.58984 0.088884
5347.85010 0.090514
5348.10986 0.092785
5348.37012 0.09339
5348.62988 0.096031
5348.89014 0.098358
5349.14990 0.101569
5349.41016 0.101705
5349.66992 0.104397
5349.93018 0.108165
5350.18994 0.108801
5350.45020 0.110533
5350.70996 0.113315
5350.97021 0.114943
5351.22998 0.118321
5351.49023 0.119337
5351.75000 0.122362
5352.00977 0.125531
5352.27002 0.128056
5352.52979 0.131222
5352.79004 0.133703
5353.04980 0.136089
5353.31006 0.139073
5353.56982 0.140755
5353.83008 0.14554
5354.08984 0.147956
5354.35010 0.150109
5354.60986 0.155168
5354.87012 0.156891
5355.12988 0.161767
5355.39014 0.164045
5355.64990 0.16952
5355.91016 0.171306
5356.16992 0.174658
5356.43018 0.178719
5356.68994 0.182079
5356.95020 0.185766
5357.20996 0.189594
5357.47021 0.194378
5357.72998 0.197186
5357.99023 0.202781
5358.25000 0.207028
5358.50977 0.210869
5358.77002 0.214838
5359.02979 0.220475
5359.29004 0.224081
5359.54980 0.228974
5359.81006 0.232817
5360.06982 0.236697
5360.33008 0.244915
5360.58984 0.248496
5360.85010 0.252567
5361.10986 0.259587
5361.37012 0.262795
5361.62988 0.266864
5361.89014 0.273982
5362.14990 0.277405
5362.41016 0.285305
5362.66992 0.290318
5362.93018 0.295686
5363.18994 0.301616
5363.45020 0.307588
5363.70996 0.313472
5363.97021 0.319429
5364.22998 0.324757
5364.49023 0.331039
5364.75000 0.338116
5365.00977 0.343192
5365.27002 0.351013
5365.52979 0.356906
5365.79004 0.361968
5366.04980 0.368532
5366.31006 0.377289
5366.56982 0.380554
5366.83008 0.387642
5367.08984 0.392427
5367.35010 0.400847
5367.60986 0.407446
5367.87012 0.414033
5368.12988 0.420931
5368.39014 0.42493
5368.64990 0.431099
5368.91016 0.437747
5369.16992 0.445464
5369.43018 0.454789
5369.68994 0.462063
5369.95020 0.469151
5370.20996 0.473548
5370.47021 0.480386
5370.72998 0.487861
5370.99023 0.494466
5371.25000 0.500036
5371.50977 0.504326
5371.77002 0.512596
5372.02979 0.518614
5372.29004 0.523031
5372.54980 0.530161
5372.81006 0.536788
5373.06982 0.543787
5373.33008 0.549845
5373.58984 0.553432
5373.85010 0.560879
5374.10986 0.566397
5374.37012 0.57329
5374.62988 0.577973
5374.89014 0.581427
5375.14990 0.589369
5375.41016 0.593663
5375.66992 0.598175
5375.93018 0.598463
5376.18994 0.610376
5376.45020 0.610465
5376.70996 0.615046
5376.97021 0.621022
5377.22998 0.625272
5377.49023 0.630641
5377.75000 0.635951
5378.00977 0.637918
5378.27002 0.642
5378.52979 0.643241
5378.79004 0.649349
5379.04980 0.651507
5379.31006 0.656943
5379.56982 0.65654
5379.83008 0.663515
5380.08984 0.662381
5380.35010 0.672318
5380.60986 0.67331
5380.87012 0.675703
5381.12988 0.677057
5381.39014 0.678184
5381.64990 0.682148
5381.91016 0.681465
5382.16992 0.686997
5382.43018 0.685568
5382.68994 0.692328
5382.95020 0.689659
5383.20996 0.694417
5383.47021 0.696114
5383.72998 0.693656
5383.99023 0.69484
5384.25000 0.697753
5384.50977 0.698147
5384.77002 0.701144
5385.02979 0.701126
5385.29004 0.703009
5385.54980 0.69875
5385.81006 0.700724
5386.06982 0.703161
5386.33008 0.700267
5386.58984 0.704942
5386.85010 0.709187
5387.10986 0.705151
5387.37012 0.7075
5387.62988 0.706131
5387.89014 0.708052
5388.14990 0.704903
5388.41016 0.707229
5388.66992 0.704096
5388.93018 0.702844
5389.18994 0.704806
5389.45020 0.707595
5389.70996 0.708051
5389.97021 0.706483
5390.22998 0.706217
5390.49023 0.703057
5390.75000 0.701798
5391.00977 0.706608
5391.27002 0.700298
5391.52979 0.702745
5391.79004 0.698937
5392.04980 0.703167
5392.31006 0.701601
5392.56982 0.701617
5392.83008 0.70035
5393.08984 0.69939
5393.35010 0.697594
5393.60986 0.700068
5393.87012 0.696354
5394.12988 0.696493
5394.39014 0.698177
5394.64990 0.696171
5394.91016 0.695699
5395.16992 0.697109
5395.43018 0.694041
5395.68994 0.695346
5395.95020 0.694231
5396.20996 0.690989
5396.47021 0.694687
5396.72998 0.689547
5396.99023 0.690537
5397.25000 0.693217
5397.50977 0.687017
5397.77002 0.690556
5398.02979 0.688201
5398.29004 0.687514
5398.54980 0.687198
5398.81006 0.68504
5399.06982 0.687063
5399.33008 0.686703
5399.58984 0.683241
5399.85010 0.683569
5400.10986 0.680745
5400.37012 0.682348
5400.62988 0.679901
5400.89014 0.6774
5401.14990 0.677854
5401.41016 0.679814
5401.66992 0.679775
5401.93018 0.679629
5402.18994 0.679764
5402.45020 0.673789
5402.70996 0.677006
5402.97021 0.676027
5403.22998 0.678814
5403.49023 0.677908
5403.75000 0.677681
5404.00977 0.675557
5404.27002 0.676601
5404.52979 0.67778
5404.79004 0.674776
5405.04980 0.677576
5405.31006 0.675631
5405.56982 0.672847
5405.83008 0.675396
5406.08984 0.671136
5406.35010 0.668173
5406.60986 0.670565
5406.87012 0.671642
5407.12988 0.67664
5407.39014 0.671094
5407.64990 0.672922
5407.91016 0.669912
5408.16992 0.672897
5408.43018 0.671967
5408.68994 0.673383
5408.95020 0.669015
5409.20996 0.671946
5409.47021 0.666843
5409.72998 0.668062
5409.99023 0.668952
5410.25000 0.669474
5410.50977 0.671294
5410.77002 0.667177
5411.02979 0.669038
5411.29004 0.671141
5411.54980 0.669695
5411.81006 0.671179
5412.06982 0.668583
5412.33008 0.670186
5412.58984 0.668007
5412.85010 0.67174
5413.10986 0.666486
5413.37012 0.672309
5413.62988 0.672248
5413.89014 0.669139
5414.14990 0.66816
5414.41016 0.669812
5414.66992 0.671179
5414.93018 0.670119
5415.18994 0.667201
5415.45020 0.669686
5415.70996 0.66963
5415.97021 0.668278
5416.22998 0.672498
5416.49023 0.673594
5416.75000 0.670165
5417.00977 0.672462
5417.27002 0.670716
5417.52979 0.671489
5417.79004 0.673678
5418.04980 0.670752
5418.31006 0.675097
5418.56982 0.673862
5418.83008 0.671334
5419.08984 0.672794
5419.35010 0.672919
5419.60986 0.676186
5419.87012 0.672717
5420.12988 0.67262
5420.39014 0.674488
5420.64990 0.672311
5420.91016 0.677253
5421.16992 0.670482
5421.43018 0.676627
5421.68994 0.679585
5421.95020 0.675828
5422.20996 0.680677
5422.47021 0.676922
5422.72998 0.680334
5422.99023 0.678891
5423.25000 0.677129
5423.50977 0.678377
5423.77002 0.683551
5424.02979 0.681821
5424.29004 0.681229
5424.54980 0.680361
5424.81006 0.679763
5425.06982 0.683995
5425.33008 0.68193
5425.58984 0.683688
5425.85010 0.682226
5426.10986 0.6831
5426.37012 0.684191
5426.62988 0.682679
5426.89014 0.684879
5427.14990 0.683203
5427.41016 0.683752
5427.66992 0.681734
5427.93018 0.684406
5428.18994 0.688154
5428.45020 0.683517
5428.70996 0.685381
5428.97021 0.687323
5429.22998 0.686322
5429.49023 0.690257
5429.75000 0.685766
5430.00977 0.688724
5430.27002 0.690792
5430.52979 0.690011
5430.79004 0.68958
5431.04980 0.691005
5431.31006 0.690388
5431.56982 0.695482
5431.83008 0.691915
5432.08984 0.69356
5432.35010 0.689668
5432.60986 0.69278
5432.87012 0.693635
5433.12988 0.694731
5433.39014 0.697558
5433.64990 0.696768
5433.91016 0.690845
5434.16992 0.694843
5434.43018 0.698843
5434.68994 0.697897
5434.95020 0.695284
5435.20996 0.695939
5435.47021 0.701604
5435.72998 0.697903
5435.99023 0.69778
5436.25000 0.701478
5436.50977 0.698075
5436.77002 0.698202
5437.02979 0.702623
5437.29004 0.701628
5437.54980 0.700863
5437.81006 0.699199
5438.06982 0.70247
5438.33008 0.704494
5438.58984 0.701958
5438.85010 0.704315
5439.10986 0.703116
5439.37012 0.703081
5439.62988 0.701446
5439.89014 0.703195
5440.14990 0.696559
5440.41016 0.708624
5440.66992 0.703493
5440.93018 0.703157
5441.18994 0.707925
5441.45020 0.703678
5441.70996 0.708038
5441.97021 0.706873
5442.22998 0.704373
5442.49023 0.706555
5442.75000 0.707136
5443.00977 0.704421
5443.27002 0.706503
5443.52979 0.705946
5443.79004 0.703918
5444.04980 0.710306
5444.31006 0.709032
5444.56982 0.703413
5444.83008 0.707519
5445.08984 0.708271
5445.35010 0.709175
5445.60986 0.710614
5445.87012 0.710475
5446.12988 0.705194
5446.39014 0.70657
5446.64990 0.705954
5446.91016 0.708308
5447.16992 0.70779
5447.43018 0.707824
5447.68994 0.70898
5447.95020 0.707324
5448.20996 0.707523
5448.47021 0.703381
5448.72998 0.708549
5448.99023 0.705767
5449.25000 0.70696
5449.50977 0.710506
5449.77002 0.707042
5450.02979 0.707092
5450.29004 0.705673
5450.54980 0.704887
5450.81006 0.702697
5451.06982 0.706892
5451.33008 0.708069
5451.58984 0.706004
5451.85010 0.707653
5452.10986 0.708749
5452.37012 0.704147
5452.62988 0.703732
5452.89014 0.703939
5453.14990 0.703279
5453.41016 0.70216
5453.66992 0.704271
5453.93018 0.70726
5454.18994 0.701058
5454.45020 0.706676
5454.70996 0.700188
5454.97021 0.697259
5455.22998 0.699796
5455.49023 0.702276
5455.75000 0.702102
5456.00977 0.700455
5456.27002 0.696054
5456.52979 0.696445
5456.79004 0.694277
5457.04980 0.69447
5457.31006 0.69691
5457.56982 0.69871
5457.83008 0.69836
5458.08984 0.694933
5458.35010 0.696416
5458.60986 0.69745
5458.87012 0.695148
5459.12988 0.693912
5459.39014 0.693091
5459.64990 0.6916
5459.91016 0.69361
5460.16992 0.687361
5460.43018 0.689275
5460.68994 0.687237
5460.95020 0.688959
5461.20996 0.687933
5461.47021 0.685482
5461.72998 0.686382
5461.99023 0.685031
5462.25000 0.680442
5462.50977 0.682507
5462.77002 0.680693
5463.02979 0.678703
5463.29004 0.67707
5463.54980 0.678858
5463.81006 0.67633
5464.06982 0.67779
5464.33008 0.674984
5464.58984 0.671892
5464.85010 0.672799
5465.10986 0.672015
5465.37012 0.669626
5465.62988 0.667035
5465.89014 0.670022
5466.14990 0.665903
5466.41016 0.665052
5466.66992 0.663847
5466.93018 0.662439
5467.18994 0.662713
5467.45020 0.659365
5467.70996 0.660214
5467.97021 0.657515
5468.22998 0.657411
5468.49023 0.658584
5468.75000 0.652624
5469.00977 0.653212
5469.27002 0.653575
5469.52979 0.645953
5469.79004 0.647505
5470.04980 0.645073
5470.31006 0.644969
5470.56982 0.645348
5470.83008 0.641329
5471.08984 0.636366
5471.35010 0.639393
5471.60986 0.633753
5471.87012 0.632864
5472.12988 0.633533
5472.39014 0.633346
5472.64990 0.628759
5472.91016 0.628412
5473.16992 0.623968
5473.43018 0.621899
5473.68994 0.623812
5473.95020 0.618956
5474.20996 0.615727
5474.47021 0.619917
5474.72998 0.610755
5474.99023 0.611829
5475.25000 0.608388
5475.50977 0.609511
5475.77002 0.605547
5476.02979 0.600469
5476.29004 0.601188
5476.54980 0.602099
5476.81006 0.595186
5477.06982 0.594933
5477.33008 0.590945
5477.58984 0.589848
5477.85010 0.590384
5478.10986 0.590182
5478.37012 0.580045
5478.62988 0.586364
5478.89014 0.577585
5479.14990 0.576825
5479.41016 0.57197
5479.66992 0.573047
5479.93018 0.572127
5480.18994 0.568797
5480.45020 0.561869
5480.70996 0.562896
5480.97021 0.558779
5481.22998 0.554773
5481.49023 0.554292
5481.75000 0.553113
5482.00977 0.548684
5482.27002 0.545158
5482.52979 0.542415
5482.79004 0.540485
5483.04980 0.540592
5483.31006 0.53263
5483.56982 0.532598
5483.83008 0.52967
5484.08984 0.52618
5484.35010 0.520644
5484.60986 0.519168
5484.87012 0.51676
5485.12988 0.51741
5485.39014 0.512015
5485.64990 0.508618
5485.91016 0.50764
5486.16992 0.506708
5486.43018 0.500571
5486.68994 0.495434
5486.95020 0.490969
5487.20996 0.49071
5487.47021 0.489391
5487.72998 0.4827
5487.99023 0.481989
5488.25000 0.479419
5488.50977 0.474872
5488.77002 0.474084
5489.02979 0.467446
5489.29004 0.465643
5489.54980 0.464539
5489.81006 0.462058
5490.06982 0.459998
5490.33008 0.452485
5490.58984 0.451291
5490.85010 0.447736
5491.10986 0.446565
5491.37012 0.441102
5491.62988 0.438677
5491.89014 0.436186
5492.14990 0.43011
5492.41016 0.429587
5492.66992 0.425036
5492.93018 0.422084
5493.18994 0.41784
5493.45020 0.414846
5493.70996 0.412743
5493.97021 0.411665
5494.22998 0.404407
