threeML/data/optical_filters/CAHA/CAHA-f_665_17.ecsv
# %ECSV 0.9
# ---
# datatype:
# - {name: wavelength, unit: Angstrom, datatype: float32}
# - {name: response, datatype: float32}
# meta: !!omap
# - {band_name: f_665_17}
# - {group_name: CAHA}
wavelength response
[from data line 805]
6656.29980 0.839198
6656.56006 0.83638
6656.81982 0.836318
6657.08008 0.836341
6657.33984 0.83534
6657.60010 0.834238
6657.87012 0.835845
6658.12988 0.837264
6658.39014 0.836312
6658.64990 0.833902
6658.91016 0.836898
6659.16992 0.836506
6659.43018 0.835341
6659.68994 0.835548
6659.95996 0.83406
6660.22021 0.836011
6660.47998 0.834527
6660.74023 0.836022
6661.00000 0.834456
6661.25977 0.835468
6661.52002 0.833849
6661.79004 0.837705
6662.04980 0.836336
6662.31006 0.83474
6662.56982 0.836234
6662.83008 0.834362
6663.08984 0.835688
6663.35010 0.835558
6663.60986 0.834922
6663.87988 0.83388
6664.14014 0.8348
6664.39990 0.834457
6664.66016 0.835123
6664.91992 0.832993
6665.18018 0.835195
6665.43994 0.832975
6665.70996 0.833836
6665.97021 0.833517
6666.22998 0.834589
6666.49023 0.833454
6666.75000 0.834994
6667.00977 0.833522
6667.27002 0.834635
6667.52979 0.833702
6667.79980 0.833316
6668.06006 0.834764
6668.31982 0.835254
6668.58008 0.834433
6668.83984 0.833646
6669.10010 0.832006
6669.35986 0.832221
6669.62012 0.833947
6669.89014 0.834646
6670.14990 0.832152
6670.41016 0.833388
6670.66992 0.832899
6670.93018 0.8323
6671.18994 0.834128
6671.45020 0.832835
6671.70996 0.833527
6671.97998 0.832615
6672.24023 0.833532
6672.50000 0.833436
6672.75977 0.83434
6673.02002 0.831727
6673.27979 0.835456
6673.54004 0.832748
6673.81006 0.834574
6674.06982 0.834217
6674.33008 0.836839
6674.58984 0.833294
6674.85010 0.831973
6675.10986 0.831941
6675.37012 0.835052
6675.62988 0.834477
6675.89990 0.831758
6676.16016 0.834833
6676.41992 0.83422
6676.68018 0.8326
6676.93994 0.8352
6677.20020 0.835168
6677.45996 0.834315
6677.72021 0.834849
6677.99023 0.834327
6678.25000 0.834012
6678.50977 0.835502
6678.77002 0.836277
6679.02979 0.834562
6679.29004 0.832846
6679.54980 0.832346
6679.81006 0.833931
6680.08008 0.835976
6680.33984 0.834684
6680.60010 0.834989
6680.85986 0.834918
6681.12012 0.83743
6681.37988 0.835467
6681.64014 0.83458
6681.91016 0.836172
6682.16992 0.836009
6682.43018 0.836934
6682.68994 0.837002
6682.95020 0.839191
6683.20996 0.837377
6683.47021 0.835084
6683.72998 0.833465
6684.00000 0.834317
6684.25977 0.837041
6684.52002 0.836941
6684.77979 0.837098
6685.04004 0.836615
6685.29980 0.837427
6685.56006 0.837523
6685.83008 0.839893
6686.08984 0.838936
6686.35010 0.837471
6686.60986 0.839179
6686.87012 0.838729
6687.12988 0.839716
6687.39014 0.839574
6687.64990 0.839998
6687.91992 0.83934
6688.18018 0.838626
6688.43994 0.839907
6688.70020 0.838586
6688.95996 0.841598
6689.22021 0.839716
6689.47998 0.840707
6689.74023 0.840101
6690.00977 0.8395
6690.27002 0.840934
6690.52979 0.840395
6690.79004 0.841115
6691.04980 0.840574
6691.31006 0.840869
6691.56982 0.842159
6691.83008 0.842176
6692.10010 0.842973
6692.35986 0.843843
6692.62012 0.843673
6692.87988 0.844762
6693.14014 0.845424
6693.39990 0.844419
6693.66016 0.843329
6693.93018 0.844385
6694.18994 0.84282
6694.45020 0.845944
6694.70996 0.843894
6694.97021 0.845328
6695.22998 0.845622
6695.49023 0.844912
6695.75000 0.847402
6696.02002 0.846303
6696.27979 0.847024
6696.54004 0.847138
6696.79980 0.847834
6697.06006 0.846464
6697.31982 0.847858
6697.58008 0.846714
6697.83984 0.848536
6698.10986 0.846957
6698.37012 0.847254
6698.62988 0.846795
6698.89014 0.845384
6699.14990 0.846403
6699.41016 0.847418
6699.66992 0.844755
6699.93994 0.847451
6700.20020 0.845178
6700.45996 0.846662
6700.72021 0.847768
6700.97998 0.846713
6701.24023 0.848634
6701.50000 0.846121
6701.75977 0.846179
6702.02979 0.846445
6702.29004 0.844981
6702.54980 0.847204
6702.81006 0.844799
6703.06982 0.843452
6703.33008 0.845089
6703.58984 0.846012
6703.85010 0.844923
6704.12012 0.845271
6704.37988 0.843786
6704.64014 0.842193
6704.89990 0.842042
6705.16016 0.843373
6705.41992 0.842651
6705.68018 0.839966
6705.95020 0.840668
6706.20996 0.841481
6706.47021 0.839423
6706.72998 0.839623
6706.99023 0.839807
6707.25000 0.838142
6707.50977 0.837705
6707.77002 0.835919
6708.04004 0.837131
6708.29980 0.834494
6708.56006 0.833614
6708.81982 0.834453
6709.08008 0.83275
6709.33984 0.830597
6709.60010 0.831842
6709.85986 0.828636
6710.12988 0.829232
6710.39014 0.824914
6710.64990 0.825988
6710.91016 0.827054
6711.16992 0.823813
6711.43018 0.819562
6711.68994 0.819353
6711.95996 0.819619
6712.22021 0.81827
6712.47998 0.816663
6712.74023 0.81438
6713.00000 0.813327
6713.25977 0.809914
6713.52002 0.812039
6713.77979 0.807144
6714.04980 0.805625
6714.31006 0.804506
6714.56982 0.800708
6714.83008 0.801476
6715.08984 0.798735
6715.35010 0.796161
6715.60986 0.795355
6715.87012 0.791262
6716.14014 0.79095
6716.39990 0.785108
6716.66016 0.784505
6716.91992 0.780815
6717.18018 0.77884
6717.43994 0.775961
6717.70020 0.775334
6717.95996 0.772229
6718.22998 0.769228
6718.49023 0.767225
6718.75000 0.762033
6719.00977 0.759844
6719.27002 0.75529
6719.52979 0.755035
6719.79004 0.75304
6720.06006 0.748758
6720.31982 0.744674
6720.58008 0.741622
6720.83984 0.737378
6721.10010 0.733948
6721.35986 0.734021
6721.62012 0.727639
6721.87988 0.724272
6722.14990 0.720246
6722.41016 0.716508
6722.66992 0.711661
6722.93018 0.709042
6723.18994 0.705109
6723.45020 0.700104
6723.70996 0.696623
6723.97021 0.692756
6724.24023 0.687978
6724.50000 0.684157
6724.75977 0.680101
6725.02002 0.675217
6725.27979 0.670162
6725.54004 0.666703
6725.79980 0.665263
6726.06982 0.661404
6726.33008 0.652821
6726.58984 0.648669
6726.85010 0.644459
6727.10986 0.643732
6727.37012 0.637428
6727.62988 0.631827
6727.89014 0.625165
6728.16016 0.622276
6728.41992 0.616512
6728.68018 0.613678
6728.93994 0.609216
6729.20020 0.603443
6729.45996 0.599274
6729.72021 0.594293
6729.97998 0.58948
6730.25000 0.585039
6730.50977 0.580426
6730.77002 0.574647
6731.02979 0.569078
6731.29004 0.564377
6731.54980 0.560984
6731.81006 0.555783
6732.08008 0.551667
6732.33984 0.545886
6732.60010 0.541155
6732.85986 0.534078
6733.12012 0.531728
6733.37988 0.524581
6733.64014 0.519916
6733.89990 0.515401
6734.16992 0.509412
6734.43018 0.505249
6734.68994 0.501478
6734.95020 0.496331
6735.20996 0.490634
6735.47021 0.48587
6735.72998 0.481323
6735.99023 0.477943
6736.25977 0.471723
6736.52002 0.467825
6736.77979 0.461658
6737.04004 0.45597
6737.29980 0.450612
6737.56006 0.448805
6737.81982 0.442942
6738.08008 0.439213
6738.35010 0.433827
6738.60986 0.427747
6738.87012 0.42305
6739.12988 0.41871
6739.39014 0.415106
6739.64990 0.410588
6739.91016 0.4067
6740.18018 0.3999
6740.43994 0.396494
6740.70020 0.39007
6740.95996 0.387015
6741.22021 0.381978
6741.47998 0.378707
6741.74023 0.372796
6742.00000 0.368691
6742.27002 0.364951
6742.52979 0.361426
6742.79004 0.356535
6743.04980 0.350815
6743.31006 0.347177
6743.56982 0.343087
6743.83008 0.340221
6744.08984 0.33627
6744.35986 0.330736
6744.62012 0.327066
6744.87988 0.32268
6745.14014 0.318938
6745.39990 0.315672
6745.66016 0.312443
6745.91992 0.307117
6746.18994 0.303174
6746.45020 0.298092
6746.70996 0.296797
6746.97021 0.292995
6747.22998 0.288727
6747.49023 0.286163
6747.75000 0.281419
6748.00977 0.276211
6748.27979 0.274732
6748.54004 0.272017
6748.79980 0.267077
6749.06006 0.264201
6749.31982 0.259247
6749.58008 0.257159
6749.83984 0.255156
6750.10010 0.251736
6750.37012 0.24866
6750.62988 0.243612
6750.89014 0.240017
6751.14990 0.23869
6751.41016 0.235026
6751.66992 0.233073
6751.93018 0.229999
6752.20020 0.22623
6752.45996 0.222901
6752.72021 0.220597
6752.97998 0.218131
6753.24023 0.215447
6753.50000 0.212373
6753.75977 0.209166
6754.02002 0.207373
6754.29004 0.203776
6754.54980 0.202307
6754.81006 0.199261
6755.06982 0.195661
6755.33008 0.19386
6755.58984 0.191257
6755.85010 0.187817
6756.10986 0.18726
6756.37988 0.184229
6756.64014 0.181494
6756.89990 0.179399
6757.16016 0.176209
6757.41992 0.175265
6757.68018 0.173127
6757.93994 0.170551
6758.20996 0.167267
6758.47021 0.166386
6758.72998 0.163059
6758.99023 0.162152
6759.25000 0.159449
6759.50977 0.157592
6759.77002 0.15544
6760.02979 0.152679
6760.29980 0.151523
6760.56006 0.149583
6760.81982 0.148122
6761.08008 0.14519
6761.33984 0.143706
6761.60010 0.140937
6761.85986 0.140574
6762.12012 0.138175
6762.39014 0.136974
6762.64990 0.134346
6762.91016 0.132617
6763.16992 0.130487
6763.43018 0.130179
6763.68994 0.127246
6763.95020 0.126906
6764.20996 0.12534
6764.47998 0.122886
6764.74023 0.121784
6765.00000 0.119778
6765.25977 0.118886
6765.52002 0.117604
6765.77979 0.115554
6766.04004 0.113576
6766.31006 0.112456
6766.56982 0.110931
6766.83008 0.110142
6767.08984 0.108731
6767.35010 0.107731
6767.60986 0.105755
6767.87012 0.10483
6768.12988 0.102917
6768.39990 0.101755
6768.66016 0.100385
6768.91992 0.09896
6769.18018 0.097754
6769.43994 0.096224
6769.70020 0.095464
6769.95996 0.094751
6770.22998 0.092919
6770.49023 0.092124
6770.75000 0.091578
6771.00977 0.089612
6771.27002 0.088731
6771.52979 0.087882
6771.79004 0.085958
6772.04980 0.085668
6772.31982 0.084236
6772.58008 0.083483
6772.83984 0.083185
6773.10010 0.081765
6773.35986 0.080728
6773.62012 0.079516
6773.87988 0.078237
6774.14014 0.077489
6774.41016 0.076889
6774.66992 0.076008
6774.93018 0.075252
6775.18994 0.073912
6775.45020 0.073026
6775.70996 0.072151
6775.97021 0.071501
6776.22998 0.070595
6776.50000 0.070274
6776.75977 0.06818
6777.02002 0.068043
6777.27979 0.067225
6777.54004 0.066681
6777.79980 0.065954
6778.06006 0.065487
6778.33008 0.063961
6778.58984 0.063362
6778.85010 0.062641
6779.10986 0.062182
6779.37012 0.061589
6779.62988 0.060425
6779.89014 0.059585
6780.14990 0.059197
6780.41992 0.05823
6780.68018 0.058535
6780.93994 0.057693
6781.20020 0.056137
6781.45996 0.056279
6781.72021 0.054829
6781.97998 0.054685
6782.24023 0.054491
6782.50977 0.053414
6782.77002 0.052531
6783.02979 0.051795
6783.29004 0.051638
6783.54980 0.051028
6783.81006 0.050624
6784.06982 0.050142
6784.33008 0.049349
6784.60010 0.048681
6784.85986 0.048107
6785.12012 0.048362
6785.37988 0.047304
6785.64014 0.046875
6785.89990 0.046704
6786.16016 0.045206
6786.43018 0.045273
6786.68994 0.044607
6786.95020 0.043869
6787.20996 0.044109
6787.47021 0.04336
6787.72998 0.042753
6787.99023 0.042274
6788.25000 0.041916
6788.52002 0.041442
6788.77979 0.041355
6789.04004 0.040604
6789.29980 0.040238
6789.56006 0.039713
6789.81982 0.039023
6790.08008 0.038984
6790.35010 0.038573
6790.60986 0.038
6790.87012 0.037603
6791.12988 0.037531
6791.39014 0.036965
6791.64990 0.036807
6791.91016 0.03591
6792.16992 0.035376
6792.43994 0.035293
6792.70020 0.034839
6792.95996 0.03464
6793.22021 0.03425
6793.47998 0.033828
6793.74023 0.033443
6794.00000 0.033198
6794.25977 0.0327
6794.52979 0.032388
6794.79004 0.03224
6795.04980 0.031703
6795.31006 0.031599
6795.56982 0.030965
6795.83008 0.030768
6796.08984 0.03046
6796.35010 0.030439
6796.62012 0.029517
6796.87988 0.029729
6797.14014 0.029099
6797.39990 0.028862
6797.66016 0.028823
6797.91992 0.028389
6798.18018 0.028101
6798.45020 0.02779
6798.70996 0.027691
6798.97021 0.027151
6799.22998 0.02715
6799.49023 0.027036
6799.75000 0.026678
6800.00977 0.026131
6800.27002 0.025902
6800.54004 0.025492
6800.79980 0.025521
6801.06006 0.025419
6801.31982 0.025064
6801.58008 0.024728
6801.83984 0.024602
6802.10010 0.024216
6802.35986 0.024029
6802.62988 0.023849
6802.89014 0.023795
6803.14990 0.023652
6803.41016 0.023087
6803.66992 0.022836
6803.93018 0.022816
6804.18994 0.022562
6804.45996 0.022379
6804.72021 0.022113
6804.97998 0.022114
6805.24023 0.021927
6805.50000 0.021589
6805.75977 0.021316
6806.02002 0.020994
6806.27979 0.020748
6806.54980 0.020345
6806.81006 0.020482
6807.06982 0.020416
6807.33008 0.020362
6807.58984 0.019923
6807.85010 0.019672
6808.10986 0.01959
6808.37012 0.019373
6808.64014 0.019156
6808.89990 0.018971
6809.16016 0.018764
6809.41992 0.018465
6809.68018 0.018381
6809.93994 0.018415
6810.20020 0.017954
6810.47021 0.018032
6810.72998 0.017975
6810.99023 0.017656
6811.25000 0.017442
6811.50977 0.017399
6811.77002 0.017229
6812.02979 0.017216
6812.29004 0.016832
6812.56006 0.016671
6812.81982 0.016872
6813.08008 0.01655
6813.33984 0.016258
6813.60010 0.016156
6813.85986 0.016065
6814.12012 0.016016
6814.37988 0.015573
6814.64990 0.015537
6814.91016 0.015406
6815.16992 0.015444
6815.43018 0.015424
6815.68994 0.014972
6815.95020 0.014645
6816.20996 0.015046
6816.47998 0.014752
6816.74023 0.014698
6817.00000 0.014715
6817.25977 0.014379
6817.52002 0.01423
6817.77979 0.014097
6818.04004 0.014054
6818.29980 0.013769
6818.56982 0.01367
6818.83008 0.013485
6819.08984 0.013639
6819.35010 0.013317
6819.60986 0.013329
6819.87012 0.013135
6820.12988 0.013104
6820.39014 0.012971
6820.66016 0.012809
6820.91992 0.012833
6821.18018 0.012703
6821.43994 0.012581
6821.70020 0.012564
6821.95996 0.012491
6822.22021 0.012282
6822.47998 0.01222
6822.75000 0.012
6823.00977 0.012098
6823.27002 0.011895
6823.52979 0.011559
6823.79004 0.011816
6824.04980 0.011655
6824.31006 0.011453
6824.58008 0.011513
6824.83984 0.011333
6825.10010 0.011117
6825.35986 0.011032
6825.62012 0.010833
6825.87988 0.010948
6826.14014 0.010794
6826.39990 0.010849
6826.66992 0.010953
6826.93018 0.01051
6827.18994 0.010503
6827.45020 0.010454
6827.70996 0.010338
6827.97021 0.010368
6828.22998 0.010145
6828.49023 0.010018
6828.75977 0.010311
6829.02002 0.009819
6829.27979 0.009857
6829.54004 0.009881
6829.79980 0.009835
6830.06006 0.009807
6830.31982 0.009696
6830.58008 0.009536
6830.85010 0.009541
6831.10986 0.009453
6831.37012 0.009355
6831.62988 0.009196
6831.89014 0.009271
6832.14990 0.009247
6832.41016 0.009067
6832.68018 0.008972
6832.93994 0.008828
6833.20020 0.008923
6833.45996 0.008847
6833.72021 0.008846
6833.97998 0.008712
6834.24023 0.008626
6834.50000 0.008607
6834.77002 0.008345
6835.02979 0.00839
6835.29004 0.008521
6835.54980 0.008327
6835.81006 0.008282
6836.06982 0.008404
6836.33008 0.008029
6836.60010 0.008056
6836.85986 0.00802
6837.12012 0.00781
6837.37988 0.007813
6837.64014 0.007808
6837.89990 0.007911
6838.16016 0.007679
6838.41992 0.00769
6838.68994 0.007722
6838.95020 0.007598
6839.20996 0.007481
6839.47021 0.007443
6839.72998 0.00744
6839.99023 0.00725
6840.25000 0.00735
6840.50977 0.007203
6840.77979 0.007163
6841.04004 0.007184
6841.29980 0.007032
6841.56006 0.0071
6841.81982 0.007095
6842.08008 0.006944
6842.33984 0.006974
6842.60010 0.006868
6842.87012 0.006753
6843.12988 0.00684
6843.39014 0.006802
6843.64990 0.006813
6843.91016 0.006562
6844.16992 0.006552
6844.43018 0.006515
6844.70020 0.006505
6844.95996 0.006544
6845.22021 0.006424
6845.47998 0.006275
6845.74023 0.006167
6846.00000 0.006277
6846.25977 0.006235
6846.52002 0.006124
6846.79004 0.00619
6847.04980 0.006023
6847.31006 0.006174
6847.56982 0.005971
6847.83008 0.005861
6848.08984 0.006093
6848.35010 0.005912
6848.60986 0.005857
6848.87988 0.005869
6849.14014 0.005973
6849.39990 0.005874
6849.66016 0.005815
6849.91992 0.005556
6850.18018 0.005599
6850.43994 0.005553
6850.70996 0.005655
6850.97021 0.005533
6851.22998 0.005558
6851.49023 0.00552
6851.75000 0.005383
6852.00977 0.005371
6852.27002 0.005301
6852.52979 0.005349
6852.79980 0.005321
6853.06006 0.005259
6853.31982 0.005243
6853.58008 0.005249
6853.83984 0.005233
6854.10010 0.005018
6854.35986 0.005204
6854.62012 0.005083
6854.89014 0.005166
6855.14990 0.005036
6855.41016 0.005036
6855.66992 0.004874
6855.93018 0.00503
6856.18994 0.004938
6856.45020 0.004926
6856.72021 0.004781
6856.97998 0.004767
6857.24023 0.004707
6857.50000 0.004754
6857.75977 0.004718
6858.02002 0.00468
6858.27979 0.004684
6858.54004 0.004711
6858.81006 0.004522
6859.06982 0.004548
6859.33008 0.004435
6859.58984 0.004597
6859.85010 0.004516
6860.10986 0.004456
6860.37012 0.004484
6860.62988 0.00455
6860.89990 0.004427
6861.16016 0.004433
6861.41992 0.00427
6861.68018 0.004314
6861.93994 0.004275
6862.20020 0.004171
6862.45996 0.004227
6862.72998 0.004204
6862.99023 0.004265
6863.25000 0.004212
6863.50977 0.004166
6863.77002 0.004183
6864.02979 0.004103
6864.29004 0.004015
6864.54980 0.004121
6864.81982 0.004144
6865.08008 0.004091
6865.33984 0.004017
6865.60010 0.004045
7552.16016 0.0
