threeML/data/optical_filters/CAHA/CAHA-f_850_150ab.ecsv
# %ECSV 0.9
# ---
# datatype:
# - {name: wavelength, unit: Angstrom, datatype: float32}
# - {name: response, datatype: float32}
# meta: !!omap
# - {band_name: f_850_150ab}
# - {group_name: CAHA}
wavelength response
6627.64941 0.0
7364.05518 0.004
7367.32910 0.004214
7370.60400 0.004435
7373.87793 0.004661
7377.15186 0.004894
7380.42676 0.005133
7383.70117 0.005379
7386.97607 0.00563
7390.25000 0.005888
7393.52490 0.006152
7396.79980 0.006422
7400.07520 0.006698
7403.35010 0.00698
7406.62500 0.007269
7409.90088 0.007563
7413.17578 0.007864
7416.45215 0.008171
7419.72705 0.008485
7423.00293 0.008804
7426.27783 0.00913
7429.55420 0.009461
7432.83008 0.009799
7436.10596 0.010144
7439.38184 0.010494
7442.65820 0.01085
7445.93506 0.011213
7449.21094 0.011582
7452.48682 0.011957
7455.76416 0.012338
7459.04102 0.012726
7462.31689 0.013119
7465.59424 0.013519
7468.87109 0.013925
7472.14795 0.014337
7475.42480 0.014756
7478.70215 0.01518
7481.97900 0.015611
7485.25684 0.016048
7488.53418 0.016491
7491.81201 0.01694
7495.08887 0.017396
7498.36719 0.017857
7501.64502 0.018325
7504.92188 0.018799
7508.20117 0.020229
7511.47900 0.020784
7514.75684 0.021374
7518.03516 0.022005
7521.31299 0.022685
7524.59180 0.023416
7527.87012 0.024202
7531.14893 0.025044
7534.42676 0.02594
7537.70605 0.026892
7540.98486 0.027897
7544.26416 0.028958
7547.54297 0.030074
7550.82178 0.031248
7554.10107 0.032479
7557.37988 0.033769
7560.66016 0.035118
7563.93896 0.036526
7567.21924 0.037993
7570.49902 0.039522
7573.77783 0.041119
7577.05811 0.042789
7580.33789 0.044539
7583.61816 0.046378
7586.89795 0.048314
7590.17920 0.050351
7593.45898 0.052496
7596.73877 0.054748
7600.02002 0.057108
7603.29980 0.059578
7606.58105 0.062157
7609.86182 0.064848
7613.14307 0.067655
7616.42285 0.070586
7619.70508 0.073648
7622.98486 0.076851
7626.26709 0.080202
7629.54785 0.083709
7632.82910 0.087376
7636.11084 0.091205
7639.39209 0.095195
7642.67383 0.099345
7645.95605 0.103649
7649.23682 0.108104
7652.52002 0.112704
7655.80078 0.117447
7659.08301 0.122327
7662.36621 0.127343
7665.64795 0.132495
7668.93018 0.137782
7672.21289 0.143205
7675.49512 0.148766
7678.77783 0.154469
7682.06104 0.160314
7685.34277 0.166301
7688.62598 0.172432
7691.90918 0.178705
7695.19189 0.185118
7698.47607 0.191667
7701.75879 0.198348
7705.04199 0.205152
7708.32617 0.212072
7711.60889 0.219097
7714.89307 0.22622
7718.17578 0.233434
7721.45996 0.240739
7724.74414 0.248136
7728.02783 0.255631
7731.31201 0.263229
7734.59619 0.270936
7737.87988 0.278753
7741.16504 0.286678
7744.44922 0.294704
7747.73291 0.302825
7751.01807 0.311027
7754.30322 0.319301
7757.58691 0.327644
7760.87305 0.336054
7764.15723 0.344539
7767.44189 0.353117
7770.72803 0.361813
7774.01318 0.370666
7777.29785 0.379719
7780.58301 0.389019
7783.86914 0.398607
7787.15479 0.408505
7790.43994 0.418712
7793.72607 0.429191
7797.01221 0.439872
7800.29785 0.450655
7803.58398 0.461422
7806.87012 0.472055
7810.15576 0.48245
7813.44189 0.492531
7816.72900 0.502257
7820.01514 0.511622
7823.30176 0.520648
7826.58789 0.529376
7829.87500 0.537855
7833.16211 0.546131
7836.44922 0.554241
7839.73584 0.562211
7843.02295 0.570058
7846.31104 0.57779
7849.59814 0.585409
7852.88477 0.592919
7856.17188 0.600322
7859.45996 0.60762
7862.74805 0.614819
7866.03516 0.621925
7869.32324 0.628941
7872.61084 0.635869
7875.89893 0.642709
7879.18701 0.649459
7882.47607 0.656114
7885.76416 0.662668
7889.05176 0.669111
7892.33984 0.675436
7895.62891 0.681638
7898.91699 0.687715
7902.20703 0.693669
7905.49512 0.699505
7908.78418 0.705229
7912.07324 0.710846
7915.36182 0.716358
7918.65088 0.721765
7921.93994 0.727059
7925.22998 0.732224
7928.52002 0.737247
7931.80908 0.742112
7935.09912 0.746807
7938.38818 0.75133
7941.67822 0.755689
7944.96777 0.7599
7948.25781 0.763993
7951.54785 0.768002
7954.83789 0.771963
7958.12793 0.77591
7961.41797 0.779864
7964.70898 0.783829
7968.00000 0.787788
7971.29004 0.791703
7974.58105 0.795515
7977.87207 0.79916
7981.16309 0.802573
7984.45410 0.8057
7987.74512 0.808515
7991.03613 0.811015
7994.32715 0.813229
7997.61816 0.815204
8000.91016 0.817002
8004.20117 0.81869
8007.49316 0.82033
8010.78418 0.821977
8014.07617 0.823673
8017.36816 0.825444
8020.66016 0.827307
8023.95215 0.829266
8027.24414 0.831316
8030.53613 0.833444
8033.82910 0.835633
8037.12109 0.837864
8040.41406 0.840121
8043.70605 0.842389
8046.99902 0.844654
8050.29199 0.846904
8053.58398 0.849126
8056.87695 0.851306
8060.16992 0.85343
8063.46289 0.855488
8066.75684 0.857481
8070.04980 0.859409
8073.34277 0.861284
8076.63721 0.86312
8079.93018 0.864929
8083.22412 0.866725
8086.51807 0.868513
8089.81201 0.870291
8093.10498 0.87205
8096.39893 0.873773
8099.69287 0.875442
8102.98779 0.877039
8106.28223 0.878553
8109.57617 0.879984
8112.87109 0.881345
8116.16602 0.882657
8119.45996 0.883951
8122.75488 0.885256
8126.04883 0.886595
8129.34424 0.88798
8132.64014 0.889409
8135.93506 0.890865
8139.22900 0.89232
8142.52490 0.893743
8145.81982 0.895105
8149.11621 0.896383
8152.41113 0.897567
8155.70703 0.898655
8159.00195 0.899657
8162.29785 0.90059
8165.59424 0.901471
8168.89014 0.902321
8172.18701 0.903155
8175.48193 0.903984
8178.77881 0.904816
8182.07520 0.905654
8185.37207 0.906498
8188.66797 0.907349
8191.96484 0.908204
8195.26172 0.90906
8198.55762 0.90992
8201.85547 0.910781
8205.15234 0.911642
8208.44922 0.912501
8211.74609 0.913348
8215.04297 0.914174
8218.34082 0.914967
8221.63770 0.915713
8224.93555 0.9164
8228.23340 0.917022
8231.53125 0.917577
8234.82910 0.918072
8238.12695 0.918518
8241.42480 0.91893
8244.72266 0.919323
8248.02148 0.919711
8251.31934 0.920099
8254.61719 0.920486
8257.91602 0.920866
8261.21387 0.921227
8264.51270 0.921557
8267.81152 0.921851
8271.11035 0.922107
8274.40918 0.922338
8277.70801 0.922559
8281.00684 0.922793
8284.30566 0.923063
8287.60547 0.923389
8290.90430 0.923778
8294.20410 0.924233
8297.50391 0.924743
8300.80273 0.925291
8304.10254 0.925859
8307.40234 0.926431
8310.70215 0.926997
8314.00195 0.927553
8317.30176 0.928102
8320.60254 0.928648
8323.90234 0.929197
8327.20312 0.929752
8330.50293 0.93031
8333.80371 0.930865
8337.10352 0.931407
8340.40430 0.931924
8343.70605 0.93241
8347.00684 0.932855
8350.30762 0.933258
8353.60840 0.933621
8356.90918 0.933945
8360.21094 0.934233
8363.51172 0.934492
8366.81348 0.934729
8370.11426 0.934953
8373.41602 0.935176
8376.71777 0.935409
8380.01953 0.935658
8383.32129 0.935925
8386.62305 0.936204
8389.92480 0.936485
8393.22754 0.936757
8396.52930 0.937008
8399.83203 0.937235
8403.13379 0.937436
8406.43652 0.937617
8409.73926 0.93778
8413.04199 0.937927
8416.34473 0.938054
8419.64746 0.938156
8422.95020 0.938224
8426.25293 0.938252
8429.55566 0.938234
8432.85938 0.938175
8436.16211 0.938078
8439.46582 0.93795
8442.76953 0.937802
8446.07227 0.937638
8449.37598 0.937469
8452.67969 0.937303
8455.98340 0.937152
8459.28809 0.937032
8462.59180 0.93696
8465.89648 0.936948
8469.20020 0.937012
8472.50391 0.937159
8475.80859 0.937391
8479.11230 0.937707
8482.41699 0.938097
8485.72168 0.93855
8489.02637 0.939049
8492.33105 0.939569
8495.63672 0.940084
8498.94141 0.940565
8502.24609 0.940989
8505.55176 0.941336
8508.85645 0.941596
8512.16211 0.941768
8515.46680 0.941861
8518.77246 0.941891
8522.07812 0.941875
8525.38379 0.941837
8528.68945 0.941801
8531.99512 0.941787
8535.30176 0.94181
8538.60742 0.941883
8541.91406 0.94201
8545.21973 0.94219
8548.52637 0.942417
8551.83203 0.942679
8555.13867 0.942964
8558.44531 0.943259
8561.75195 0.94355
8565.05859 0.943825
8568.36621 0.944072
8571.67285 0.944279
8574.97852 0.944431
8578.28711 0.944522
8581.59375 0.944545
8584.90137 0.944501
8588.20898 0.944401
8591.51562 0.944261
8594.82324 0.944103
8598.13086 0.943945
8601.43848 0.943801
8604.74707 0.94368
8608.05469 0.943582
8611.36230 0.943507
8614.67090 0.943449
8617.97852 0.943408
8621.28711 0.943388
8624.59570 0.943396
8627.90430 0.943438
8631.21289 0.943522
8634.52148 0.94365
8637.83008 0.943818
8641.13867 0.944014
8644.44727 0.944223
8647.75684 0.944432
8651.06543 0.944633
8654.37500 0.944827
8657.68359 0.945026
8660.99316 0.945244
8664.30273 0.945497
8667.61230 0.945794
8670.92188 0.946133
8674.23145 0.9465
8677.54102 0.946874
8680.85156 0.947231
8684.16113 0.947549
8687.47168 0.947816
8690.78125 0.948026
8694.09180 0.948188
8697.40234 0.948314
8700.71289 0.948422
8704.02344 0.948524
8707.33398 0.948627
8710.64453 0.948726
8713.95508 0.948809
8717.26562 0.948866
8720.57715 0.948883
8723.88770 0.948858
8727.19922 0.948797
8730.51074 0.948712
8733.82129 0.948624
8737.13281 0.948553
8740.44434 0.948515
8743.75586 0.948523
8747.06738 0.948577
8750.37988 0.948675
8753.69141 0.9488
8757.00293 0.948936
8760.31543 0.949063
8763.62695 0.949162
8766.93945 0.949219
8770.25195 0.949222
8773.56445 0.949171
8776.87695 0.949071
8780.18945 0.948931
8783.50195 0.948768
8786.81445 0.948595
8790.12793 0.948429
8793.44043 0.948281
8796.75391 0.948164
8800.06641 0.948087
8803.37988 0.948058
8806.69336 0.948081
8810.00684 0.948155
8813.32031 0.948275
8816.63379 0.948428
8819.94727 0.948597
8823.26074 0.948762
8826.57520 0.948903
8829.88867 0.949004
8833.20215 0.949048
8836.51660 0.949029
8839.83105 0.948946
8843.14648 0.948801
8846.45996 0.948604
8849.77441 0.948373
8853.08887 0.948127
8856.40332 0.947886
8859.71777 0.947668
8863.03320 0.947489
8866.34766 0.947354
8869.66309 0.947267
8872.97754 0.947224
8876.29297 0.947219
8879.60840 0.947249
8882.92383 0.947309
8886.23926 0.947397
8889.55469 0.947507
8892.87012 0.947627
8896.18555 0.947739
8899.50195 0.94782
8902.81738 0.947847
8906.13379 0.947804
8909.44922 0.947687
8912.76562 0.947506
8916.08203 0.947286
8919.39844 0.947063
8922.71484 0.946874
8926.03125 0.946751
8929.34766 0.946717
8932.66406 0.946782
8935.98145 0.946944
8939.29785 0.947187
8942.61523 0.947489
8945.93262 0.947825
8949.24902 0.948163
8952.56641 0.948472
8955.88379 0.948726
8959.20117 0.948902
8962.51855 0.948985
8965.83594 0.94897
8969.15430 0.948863
8972.47168 0.948676
8975.79004 0.948424
8979.10742 0.948128
8982.42578 0.947804
8985.74414 0.947471
8989.06348 0.94715
8992.38086 0.946862
8995.69922 0.946631
8999.01758 0.946474
9002.33594 0.946404
9005.65430 0.946422
9008.97363 0.946524
9012.29199 0.946692
9015.61133 0.946911
9018.92969 0.947162
9022.24902 0.947434
9025.56836 0.947718
9028.88770 0.948007
9032.20703 0.948291
9035.52637 0.948557
9038.84570 0.948791
9042.16602 0.948974
9045.48535 0.949093
9048.80566 0.949138
9052.12500 0.949115
9055.44531 0.949033
9058.76562 0.94891
9062.08594 0.948774
9065.40625 0.948647
9068.72656 0.94855
9072.04688 0.948489
9075.36719 0.948464
9078.68848 0.948463
9082.00879 0.948468
9085.32910 0.948467
9088.65039 0.948447
9091.97168 0.948409
9095.29199 0.948354
9098.61328 0.948289
9101.93457 0.948219
9105.25586 0.948139
9108.57715 0.948044
9111.89941 0.947925
9115.22070 0.947777
9118.54199 0.947598
9121.86426 0.947394
9125.18652 0.947176
9128.50781 0.946955
9131.83008 0.946746
9135.15234 0.946556
9138.47461 0.946391
9141.79688 0.946252
9145.11914 0.946136
9148.44238 0.946038
9151.76465 0.945954
9155.08691 0.945878
9158.41016 0.945808
9161.73340 0.945741
9165.05566 0.945676
9168.37891 0.945612
9171.70215 0.945549
9175.02539 0.945486
9178.34863 0.945423
9181.67188 0.94536
9184.99512 0.945297
9188.31934 0.945234
9191.64258 0.945171
9194.96680 0.945108
9198.29004 0.945045
9201.61426 0.944982
9204.93848 0.94492
9208.26270 0.944856
9211.58691 0.944794
9214.91113 0.944731
9218.23535 0.944668
9221.56055 0.944605
9224.88477 0.944542
9228.20898 0.944479
9231.53418 0.944416
9234.85938 0.944353
9238.18359 0.94429
9241.50879 0.944227
9244.83398 0.944164
9248.15918 0.944101
9251.48438 0.944038
9254.80957 0.943975
9258.13574 0.943912
9261.46094 0.943849
9264.78711 0.943786
9268.11230 0.943723
9271.43848 0.943661
9274.76465 0.943597
9278.09082 0.943535
9281.41602 0.943472
9284.74219 0.943407
9288.06934 0.943344
9291.39648 0.943278
9294.72168 0.94321
9298.04785 0.943139
9301.37500 0.943064
9304.70215 0.942981
9308.02832 0.942889
9311.35547 0.942788
9314.68262 0.94268
9318.00977 0.94257
9321.33691 0.942465
9324.66406 0.942376
9327.99121 0.942316
9331.31836 0.942288
9334.64648 0.942295
9337.97363 0.942326
9341.30176 0.942366
9344.62988 0.942391
9347.95703 0.942386
9351.28516 0.942335
9354.61328 0.942241
9357.94141 0.942119
9361.26953 0.941996
9364.59863 0.941894
9367.92676 0.941833
9371.25488 0.941815
9374.58398 0.941828
9377.91211 0.941844
9381.24121 0.941826
9384.57031 0.941743
9387.89941 0.941576
9391.22852 0.941327
9394.55762 0.941018
9397.88672 0.940688
9401.21582 0.940381
9404.54492 0.940136
9407.87500 0.939982
9411.20410 0.939931
9414.53418 0.939975
9417.86426 0.940101
9421.19434 0.94028
9424.52441 0.940488
9427.85352 0.940701
9431.18457 0.940893
9434.51465 0.941048
9437.84473 0.941144
9441.17480 0.941156
9444.50586 0.941062
9447.83594 0.940837
9451.16699 0.940463
9454.49805 0.93994
9457.82812 0.939285
9461.15918 0.938536
9464.49023 0.937747
9467.82129 0.936982
9471.15234 0.936299
9474.48438 0.935747
9477.81543 0.935345
9481.14648 0.9351
9484.47852 0.935
9487.81055 0.935022
9491.14160 0.935144
9494.47363 0.935353
9497.80566 0.935643
9501.13770 0.936006
9504.46973 0.936434
9507.80176 0.936906
9511.13477 0.937384
9514.46680 0.937821
9517.79883 0.938171
9521.13184 0.938392
9524.46484 0.938466
9527.79688 0.938399
9531.12988 0.93822
9534.46289 0.937983
9537.79590 0.937742
9541.12891 0.937547
9544.46191 0.937432
9547.79590 0.937406
9551.12891 0.937456
9554.46191 0.937551
9557.79590 0.937657
9561.12988 0.937744
9564.46387 0.937797
9567.79688 0.937821
9571.13086 0.937826
9574.46484 0.937827
9577.79883 0.937831
9581.13379 0.937836
9584.46777 0.937825
9587.80176 0.937777
9591.13672 0.937669
9594.47070 0.937493
9597.80566 0.937248
9601.14062 0.936957
9604.47559 0.936651
9607.80957 0.936363
9611.14453 0.936128
9614.48047 0.935968
9617.81543 0.935897
9621.15039 0.935914
9624.48535 0.936006
9627.82129 0.936153
9631.15625 0.936327
9634.49219 0.936493
9637.82812 0.936618
9641.16406 0.936664
9644.50000 0.9366
9647.83594 0.936406
9651.17188 0.936072
9654.50781 0.93561
9657.84473 0.935045
9661.18066 0.934418
9664.51660 0.933778
9667.85352 0.933172
9671.19043 0.932641
9674.52637 0.932216
9677.86328 0.93191
9681.20020 0.931723
9684.53711 0.931648
9687.87402 0.931659
9691.21191 0.931728
9694.54883 0.931826
9697.88574 0.931927
9701.22363 0.932013
9704.56055 0.932071
9707.89844 0.932102
9711.23633 0.932111
9714.57422 0.932103
9717.91211 0.932083
9721.25000 0.932056
9724.58789 0.932023
9727.92578 0.93198
9731.26465 0.93191
9734.60254 0.931786
9737.94141 0.931577
9741.27930 0.931239
9744.61816 0.930753
9747.95703 0.930115
9751.29492 0.929356
9754.63379 0.928553
9757.97266 0.927804
9761.31348 0.927214
9764.65137 0.926878
9767.99023 0.926844
9771.33008 0.927106
9774.66895 0.927594
9778.00879 0.928203
9781.34863 0.9288
9784.68848 0.929265
9788.02734 0.929513
9791.36719 0.929524
9794.70703 0.929317
9798.04785 0.928958
9801.38770 0.928524
9804.72754 0.928095
9808.06836 0.927733
9811.40820 0.927466
9814.74902 0.927297
9818.08887 0.927203
9821.42969 0.927143
9824.77148 0.927069
9828.11133 0.92694
9831.45215 0.92672
9834.79297 0.926393
9838.13477 0.925961
9841.47559 0.925443
9844.81641 0.924879
9848.15820 0.924319
9851.50000 0.923835
9854.84082 0.923483
9858.18262 0.92332
9861.52441 0.923368
9864.86621 0.923613
9868.20801 0.924
9871.54980 0.924447
9874.89258 0.92485
9878.23438 0.925114
9881.57617 0.925161
9884.91895 0.924954
9888.26172 0.924491
9891.60352 0.92381
9894.94629 0.922978
9898.28906 0.92208
9901.63184 0.921214
9904.97461 0.920467
9908.31738 0.919902
9911.66113 0.919561
9915.00391 0.919445
9918.34766 0.919523
9921.69043 0.919734
9925.03418 0.920009
9928.37793 0.920277
9931.72168 0.920494
9935.06445 0.920643
9938.40820 0.920732
9941.75293 0.920796
9945.09668 0.92088
9948.44043 0.921012
9951.78418 0.921206
9955.12891 0.92144
9958.47266 0.92168
9961.81738 0.921875
9965.16211 0.921992
9968.50684 0.921998
9971.85156 0.921884
9975.19629 0.921659
9978.54102 0.92134
9981.88574 0.920942
9985.23047 0.920483
9988.57617 0.919976
9991.92090 0.919431
9995.26660 0.918859
9998.61230 0.918277
10001.95996 0.917695
10005.29980 0.917123
10008.65039 0.916566
10011.99023 0.916021
10015.33984 0.915478
10018.69043 0.914937
10022.03027 0.914396
10025.37988 0.913861
10028.71973 0.913347
10032.07031 0.912873
10035.41992 0.912456
10038.75977 0.9121
10042.11035 0.911802
10045.45996 0.911533
10048.79980 0.911251
10052.15039 0.910914
10055.50000 0.910479
10058.83984 0.909925
10062.19043 0.909247
10065.54004 0.908464
10068.88965 0.907601
10072.23047 0.906706
10075.58008 0.905802
10078.92969 0.904912
10082.28027 0.904049
10085.62012 0.903211
10088.96973 0.90241
10092.32031 0.901667
10095.66992 0.901024
10099.01953 0.900526
10102.36035 0.900231
10105.70996 0.90017
10109.05957 0.900343
10112.41016 0.900715
10115.75977 0.901206
10119.11035 0.901701
10122.45020 0.902087
10125.79980 0.902267
10129.15039 0.90217
10132.50000 0.90177
10135.84961 0.901075
10139.20020 0.900134
10142.54980 0.899019
10145.90039 0.89781
10149.25000 0.896596
10152.59961 0.895459
10155.95020 0.894476
10159.29980 0.89371
10162.65039 0.893215
10166.00000 0.893029
10169.34961 0.893159
10172.70020 0.893592
10176.04980 0.894269
10179.40039 0.895108
10182.75000 0.895996
10186.09961 0.896805
10189.45020 0.897419
10192.79980 0.897715
10196.15039 0.897607
10199.50000 0.897037
10202.84961 0.895979
10206.20020 0.89443
10209.54980 0.892432
10212.90039 0.890045
10216.25000 0.887357
10219.61035 0.884474
10222.95996 0.881508
10226.30957 0.878544
10229.66016 0.875653
10233.00977 0.872881
10236.36035 0.870247
10239.71973 0.86776
10243.07031 0.865426
10246.41992 0.86326
10249.76953 0.861282
10253.12012 0.859516
10256.48047 0.85798
10259.83008 0.856677
10263.17969 0.855602
10266.53027 0.854737
10269.88965 0.854053
10273.24023 0.853526
11300.56445 0.0
