threeML/data/optical_filters/CAHA/CAHA-f_816_16.ecsv
# %ECSV 0.9
# ---
# datatype:
# - {name: wavelength, unit: Angstrom, datatype: float32}
# - {name: response, datatype: float32}
# meta: !!omap
# - {band_name: f_816_16}
# - {group_name: CAHA}
wavelength response
7066.36816 0.0
7851.52002 0.004093
7853.64014 0.003879
7855.77002 0.003885
7857.89990 0.004172
7860.02979 0.004236
7862.16016 0.004457
7864.27979 0.004428
7866.41016 0.004375
7868.54004 0.004463
7870.66992 0.004394
7872.79980 0.004525
7874.91992 0.004728
7877.04980 0.004721
7879.18018 0.004697
7881.31006 0.004811
7883.43994 0.004643
7885.56006 0.005304
7887.68994 0.005553
7889.81982 0.005393
7891.95020 0.005506
7894.08008 0.005607
7896.20020 0.005894
7898.33008 0.006004
7900.45996 0.005891
7902.58984 0.005952
7904.72021 0.006549
7906.83984 0.00631
7908.97021 0.006726
7911.10010 0.006851
7913.22998 0.006744
7915.35986 0.007137
7917.47998 0.007296
7919.60986 0.007622
7921.74023 0.00779
7923.87012 0.008182
7926.00000 0.007955
7928.12012 0.008524
7930.25000 0.008724
7932.37988 0.009067
7934.50977 0.009342
7936.64014 0.009635
7938.75977 0.013364
7940.89014 0.010424
7943.02002 0.010577
7945.14990 0.010946
7947.27979 0.010675
7949.39990 0.011756
7951.52979 0.012239
7953.66016 0.012244
7955.79004 0.013288
7957.91992 0.013453
7960.04004 0.014011
7962.16992 0.014441
7964.29980 0.015169
7966.43018 0.015747
7968.56006 0.01676
7970.68018 0.017517
7972.81006 0.017966
7974.93994 0.019029
7977.06982 0.019802
7979.20020 0.021257
7981.31982 0.022428
7983.45020 0.023203
7985.58008 0.024739
7987.70996 0.025982
7989.83984 0.027228
7991.95996 0.028606
7994.08984 0.030809
7996.22021 0.032134
7998.35010 0.03388
8000.47998 0.036207
8002.60010 0.038031
8004.72998 0.041064
8006.85986 0.043547
8008.99023 0.046543
8011.12012 0.049137
8013.24023 0.053063
8015.37012 0.056659
8017.50000 0.060725
8019.62988 0.065057
8021.75977 0.070788
8023.87988 0.075793
8026.00977 0.081417
8028.14014 0.088092
8030.27002 0.09564
8032.39990 0.102651
8034.52002 0.111953
8036.64990 0.121751
8038.77979 0.13104
8040.91016 0.142158
8043.04004 0.152749
8045.16016 0.165275
8047.29004 0.178193
8049.41992 0.192498
8051.54980 0.210751
8053.68018 0.225506
8055.79980 0.240822
8057.93018 0.258656
8060.06006 0.276964
8062.18994 0.298737
8064.31982 0.319443
8066.43994 0.342611
8068.56982 0.35992
8070.70020 0.384247
8072.83008 0.406644
8074.95996 0.428412
8077.08008 0.451939
8079.20996 0.477723
8081.33984 0.499119
8083.47021 0.522166
8085.60010 0.543465
8087.72021 0.567541
8089.85010 0.584678
8091.97998 0.604884
8094.10986 0.621677
8096.24023 0.638988
8098.35986 0.654647
8100.49023 0.66468
8102.62012 0.680191
8104.75000 0.689046
8106.87988 0.696605
8109.00000 0.704896
8111.12988 0.711173
8113.25977 0.719647
8115.39014 0.721941
8117.52002 0.726102
8119.64014 0.7325
8121.77002 0.730371
8123.89990 0.73261
8126.02979 0.732517
8128.16016 0.735423
8130.27979 0.734258
8132.41016 0.739209
8134.54004 0.734716
8136.66992 0.736476
8138.79980 0.738286
8140.91992 0.735098
8143.04980 0.73564
8145.18018 0.73782
8147.31006 0.735889
8149.43994 0.73345
8151.56006 0.735145
8153.68994 0.73378
8155.81982 0.732353
8157.95020 0.733405
8160.08008 0.732145
8162.20020 0.732155
8164.33008 0.725254
8166.45996 0.725941
8168.58984 0.726218
8170.72021 0.722685
8172.83984 0.722095
8174.97021 0.719219
8177.10010 0.714146
8179.22998 0.708309
8181.35986 0.706897
8183.47998 0.702241
8185.60986 0.692296
8187.74023 0.69027
8189.87012 0.68479
8192.00000 0.677357
8194.12012 0.666924
8196.25000 0.658034
8198.37988 0.645353
8200.50977 0.635026
8202.63965 0.622569
8204.75977 0.608858
8206.88965 0.597052
8209.01953 0.580021
8211.15039 0.560537
8213.28027 0.542545
8215.40039 0.521382
8217.53027 0.503384
8219.66016 0.481252
8221.79004 0.460393
8223.91992 0.439204
8226.04004 0.417397
8228.16992 0.395349
8230.29980 0.37298
8232.42969 0.350713
8234.55957 0.331262
8236.67969 0.307974
8238.80957 0.288162
8240.94043 0.268396
8243.07031 0.250322
8245.20020 0.232831
8247.32031 0.214355
8249.45020 0.199221
8251.58008 0.183057
8253.70996 0.171138
8255.83984 0.157691
8257.95996 0.146476
8260.08984 0.135737
8262.21973 0.126442
8264.34961 0.117105
8266.48047 0.108692
8268.59961 0.101309
8270.73047 0.094396
8272.86035 0.088171
8274.99023 0.082876
8277.12012 0.077677
8279.24023 0.073094
8281.37012 0.068635
8283.50000 0.065474
8285.62988 0.061864
8287.75977 0.057738
8289.87988 0.054619
8292.00977 0.052268
8294.13965 0.049409
8296.26953 0.04803
8298.40039 0.04486
8300.51953 0.042332
8302.65039 0.041114
8304.78027 0.039207
8306.91016 0.037413
8309.04004 0.035501
8311.16016 0.033874
8313.29004 0.032975
8315.41992 0.031397
8317.54980 0.030355
8319.67969 0.028435
8321.79980 0.027231
8323.92969 0.025702
8326.05957 0.024374
8328.19043 0.023252
8330.32031 0.02261
8332.44043 0.021361
8334.57031 0.02115
8336.70020 0.019749
8338.83008 0.019045
8340.95996 0.01814
8343.08008 0.017143
8345.20996 0.016789
8347.33984 0.016122
8349.46973 0.015608
8351.59961 0.014885
8353.71973 0.014689
8355.84961 0.013783
8357.98047 0.013038
8360.11035 0.013071
8362.24023 0.012238
8364.36035 0.012004
8366.49023 0.011338
8368.62012 0.011292
8370.75000 0.010551
8372.87988 0.009986
8375.00000 0.010421
8377.12988 0.00975
8379.25977 0.009325
8381.38965 0.009308
8383.51953 0.008541
8385.63965 0.008649
8387.76953 0.008443
8389.90039 0.008141
8392.03027 0.008256
8394.16016 0.007888
8396.28027 0.007658
8398.41016 0.007381
8400.54004 0.006974
8402.66992 0.00707
8404.79980 0.007169
8406.91992 0.006701
8409.04980 0.006612
8411.17969 0.006538
8413.30957 0.006595
8415.44043 0.006228
8417.55957 0.00584
8419.69043 0.006343
8421.82031 0.005957
8423.95020 0.005896
8426.08008 0.005573
8428.20020 0.005371
8430.33008 0.005177
8432.45996 0.005002
8434.58984 0.004937
8436.71973 0.004808
8438.83984 0.004981
8440.96973 0.005202
8443.09961 0.004682
8445.23047 0.004449
8447.36035 0.004669
8449.48047 0.004414
8451.61035 0.004298
8453.74023 0.004233
9299.11426 0.0
