threeML/data/optical_filters/CAHA/CAHA-f_703_34.ecsv
# %ECSV 0.9
# ---
# datatype:
# - {name: wavelength, unit: Angstrom, datatype: float32}
# - {name: response, datatype: float32}
# meta: !!omap
# - {band_name: f_703_34}
# - {group_name: CAHA}
wavelength response
5824.42139 0.0
6471.57910 0.004027
6474.86377 0.004153
6478.14795 0.004277
6481.43408 0.004385
6484.71777 0.004468
6488.00293 0.004526
6491.28906 0.004564
6494.57422 0.004594
6497.85889 0.004628
6501.14502 0.004678
6504.43018 0.00475
6507.71484 0.004843
6511.00098 0.004953
6514.28711 0.005073
6517.57324 0.005201
6520.85791 0.005338
6524.14502 0.005482
6527.43018 0.005625
6530.71582 0.005755
6534.00195 0.005863
6537.28906 0.005947
6540.57520 0.006015
6543.86084 0.006078
6547.14795 0.006146
6550.43506 0.006227
6553.72119 0.006319
6557.00781 0.006418
6560.29395 0.00652
6563.58203 0.006626
6566.86816 0.006736
6570.15479 0.006853
6573.44189 0.006975
6576.72900 0.007103
6580.01709 0.007239
6583.30420 0.007385
6586.59082 0.007543
6589.87891 0.007709
6593.16699 0.007868
6596.45410 0.008009
6599.74219 0.008117
6603.02881 0.008192
6606.31689 0.008242
6609.60498 0.008283
6612.89307 0.008335
6616.18115 0.008414
6619.46924 0.008528
6622.75684 0.008682
6626.04590 0.008874
6629.33398 0.009096
6632.62305 0.009341
6635.91113 0.009599
6639.20020 0.009864
6642.48779 0.010132
6645.77686 0.010404
6649.06592 0.01069
6652.35400 0.011
6655.64404 0.011342
6658.93311 0.011717
6662.22217 0.012122
6665.51123 0.012551
6668.79980 0.013
6672.08887 0.013465
6675.37793 0.013947
6678.66797 0.014453
6681.95801 0.014996
6685.24707 0.01559
6688.53711 0.016251
6691.82617 0.01699
6695.11621 0.017813
6698.40576 0.018717
6701.69580 0.01969
6704.98584 0.020719
6708.27588 0.02179
6711.56592 0.022894
6714.85596 0.024031
6718.14600 0.025207
6721.43701 0.026435
6724.72705 0.027735
6728.01807 0.029125
6731.30811 0.030622
6734.59912 0.032234
6737.89014 0.033958
6741.18018 0.03579
6744.47119 0.03773
6747.76221 0.039781
6751.05322 0.041956
6754.34424 0.044273
6757.63477 0.046756
6760.92578 0.049428
6764.21680 0.052316
6767.50879 0.055445
6770.79980 0.05884
6774.09082 0.06252
6777.38281 0.066507
6780.67383 0.07082
6783.96582 0.075482
6787.25781 0.080518
6790.54980 0.085953
6793.84082 0.091814
6797.13281 0.098135
6800.42480 0.104958
6803.71680 0.112335
6807.00879 0.120318
6810.30078 0.128954
6813.59424 0.138278
6816.88623 0.148321
6820.17822 0.159117
6823.47119 0.170711
6826.76318 0.183158
6830.05615 0.196505
6833.34912 0.210788
6836.64111 0.226016
6839.93408 0.242182
6843.22705 0.259261
6846.52002 0.277216
6849.81299 0.295992
6853.10498 0.315507
6856.39795 0.335659
6859.69189 0.35632
6862.98486 0.37735
6866.27783 0.398601
6869.57080 0.41992
6872.86523 0.441145
6876.15820 0.462102
6879.45215 0.482596
6882.74609 0.50241
6886.03906 0.521309
6889.33301 0.539056
6892.62598 0.555424
6895.91992 0.570225
6899.21387 0.583328
6902.50781 0.594663
6905.80176 0.604225
6909.09619 0.612056
6912.39111 0.618239
6915.68506 0.62288
6918.97900 0.626109
6922.27295 0.628074
6925.56689 0.62894
6928.86182 0.628874
6932.15576 0.628038
6935.45117 0.626567
6938.74609 0.624578
6942.04102 0.62217
6945.33496 0.619443
6948.62988 0.616504
6951.92480 0.613472
6955.22021 0.610468
6958.51514 0.607596
6961.81006 0.604929
6965.10498 0.602501
6968.39990 0.600316
6971.69482 0.598369
6974.99023 0.596657
6978.28613 0.595194
6981.58105 0.593999
6984.87598 0.593089
6988.17188 0.59246
6991.46777 0.592083
6994.76318 0.591917
6998.05908 0.59192
7001.35498 0.592066
7004.64990 0.59234
7007.94580 0.592728
7011.24219 0.5932
7014.53809 0.59371
7017.83398 0.594198
7021.12988 0.594607
7024.42578 0.594885
7027.72314 0.594997
7031.01904 0.594908
7034.31494 0.594592
7037.61182 0.59402
7040.90820 0.593165
7044.20508 0.592002
7047.50098 0.590513
7050.79785 0.588685
7054.09424 0.586518
7057.39111 0.584035
7060.68799 0.581283
7063.98486 0.578331
7067.28223 0.575246
7070.57910 0.572079
7073.87500 0.568856
7077.17188 0.565585
7080.47021 0.562277
7083.76709 0.558963
7087.06396 0.555705
7090.36084 0.552586
7093.65918 0.549687
7096.95605 0.547066
7100.25293 0.544736
7103.55078 0.542665
7106.84814 0.540788
7110.14600 0.539031
7113.44287 0.537339
7116.74121 0.535689
7120.03906 0.534088
7123.33691 0.532558
7126.63477 0.531109
7129.93311 0.529729
7133.22998 0.528373
7136.52783 0.526962
7139.82715 0.525387
7143.12500 0.523508
7146.42285 0.521148
7149.72119 0.518102
7153.02002 0.514136
7156.31787 0.509002
7159.61621 0.502444
7162.91504 0.49422
7166.21289 0.484102
7169.51123 0.471895
7172.81006 0.457454
7176.10889 0.440719
7179.40723 0.421746
7182.70605 0.400734
7186.00488 0.378018
7189.30420 0.35404
7192.60303 0.329308
7195.90088 0.304343
7199.20020 0.279637
7202.50000 0.255624
7205.79883 0.23265
7209.09814 0.210968
7212.39697 0.190738
7215.69580 0.172046
7218.99512 0.154919
7222.29492 0.13934
7225.59424 0.12526
7228.89404 0.112606
7232.19287 0.101288
7235.49316 0.091204
7238.79199 0.082245
7242.09180 0.074302
7245.39209 0.067267
7248.69092 0.061041
7251.99121 0.055534
7255.29102 0.050665
7258.58984 0.046363
7261.89111 0.042566
7265.18994 0.039215
7268.49023 0.036251
7271.79102 0.033619
7275.08984 0.031267
7278.39111 0.029154
7281.69092 0.027245
7284.99121 0.025515
7288.29199 0.02394
7291.59082 0.022504
7294.89209 0.021192
7298.19189 0.019994
7301.49316 0.018904
7304.79297 0.017914
7308.09424 0.017015
7311.39502 0.016191
7314.69482 0.015422
7317.99609 0.01469
7321.29590 0.013979
7324.59717 0.013283
7327.89795 0.012609
7331.19922 0.011966
7334.50000 0.01137
7337.80078 0.010834
7341.10205 0.010367
7344.40283 0.009972
7347.70410 0.009644
7351.00488 0.009374
7354.30615 0.009155
7357.60693 0.008975
7360.90918 0.008825
7364.20996 0.008694
7367.51123 0.008572
7370.81299 0.008451
7374.11377 0.008326
7377.41602 0.008199
7380.71680 0.008074
7384.01904 0.007956
7387.31982 0.007845
7390.62207 0.007741
7393.92383 0.007643
7397.22607 0.007551
7400.52686 0.007468
7403.82910 0.007394
7407.13086 0.007328
7410.43311 0.007267
7413.73486 0.007205
7417.03711 0.007139
7420.33887 0.007064
7423.64111 0.006977
7426.94287 0.006879
7430.24512 0.006773
7433.54688 0.006666
7436.85010 0.006564
7440.15186 0.006468
7443.45410 0.006376
7446.75586 0.006281
7450.05908 0.006177
7453.36084 0.006066
7456.66406 0.005955
7459.96582 0.005859
7463.26904 0.005797
7466.57080 0.005779
7469.87402 0.005807
7473.17578 0.005868
7476.47900 0.005935
7479.78223 0.005978
7483.08496 0.005972
7486.38818 0.005909
7489.68994 0.005802
7492.99316 0.005679
7496.29590 0.005575
7499.59912 0.005515
7502.90186 0.005512
7506.20508 0.005556
7509.50781 0.005626
7512.81201 0.005694
7516.11523 0.005741
7519.41699 0.005757
7522.72119 0.005745
7526.02393 0.005714
7529.32812 0.005677
7532.63086 0.005642
7535.93408 0.005608
7539.23682 0.005574
7542.54102 0.005531
7545.84424 0.005474
7549.14795 0.005404
7552.45215 0.005325
7555.75488 0.005248
7559.05908 0.005185
7562.36182 0.005146
7565.66602 0.005134
7568.97021 0.005146
7572.27295 0.005171
7575.57715 0.005195
7578.88086 0.005203
7582.18506 0.005189
7585.48877 0.005154
7588.79297 0.005109
7592.09717 0.005071
7595.40088 0.00505
7598.70508 0.005053
7602.00879 0.005072
7605.31299 0.005092
7608.61719 0.005097
7611.92090 0.005072
7615.22607 0.005011
7618.52979 0.00492
7621.83398 0.004809
7625.13818 0.004693
7628.44189 0.004586
7631.74707 0.004501
7635.05078 0.004446
7638.35498 0.004423
7641.66016 0.004426
7644.96484 0.004441
7648.26904 0.004453
7651.57422 0.004449
7654.87793 0.004423
7658.18311 0.004378
7661.48779 0.004322
7664.79199 0.004263
7668.09717 0.004207
7671.40186 0.004155
7674.70703 0.0041
7678.01123 0.004036
8445.81250 0.0
