threeML/data/optical_filters/CAHA/CAHA-f_614_28.ecsv
# %ECSV 0.9
# ---
# datatype:
# - {name: wavelength, unit: Angstrom, datatype: float32}
# - {name: response, datatype: float32}
# meta: !!omap
# - {band_name: f_614_28}
# - {group_name: CAHA}
wavelength response
[from data line 805]
5988.06006 0.353344
5988.31982 0.337737
5988.58008 0.336938
5988.83984 0.356903
5989.10010 0.366915
5989.37012 0.353075
5989.62988 0.343842
5989.89014 0.355252
5990.14990 0.373591
5990.41016 0.37211
5990.66992 0.35705
5990.93018 0.357977
5991.18994 0.375697
5991.45020 0.386153
5991.70996 0.373238
5991.97021 0.36214
5992.22998 0.373208
5992.49023 0.393934
5992.75000 0.390027
5993.00977 0.37731
5993.27002 0.375487
5993.52979 0.396227
5993.79004 0.405154
5994.04980 0.392744
5994.31006 0.382006
5994.58008 0.394509
5994.83984 0.411701
5995.10010 0.41039
5995.35986 0.394393
5995.62012 0.397091
5995.87988 0.41441
5996.14014 0.423814
5996.39990 0.413688
5996.66016 0.40334
5996.91992 0.413556
5997.18018 0.432259
5997.43994 0.428759
5997.70020 0.416815
5997.95996 0.415182
5998.22021 0.433299
5998.47998 0.443054
5998.74023 0.432846
5999.00000 0.423338
5999.25977 0.433221
5999.52002 0.45189
5999.79004 0.450914
6000.04980 0.435745
6000.31006 0.436209
6000.56982 0.453173
6000.83008 0.464589
6001.08984 0.453684
6001.35010 0.444575
6001.60986 0.453059
6001.87012 0.469661
6002.12988 0.470473
6002.39014 0.457426
6002.64990 0.455521
6002.91016 0.470795
6003.16992 0.482224
6003.43018 0.473238
6003.68994 0.464007
6003.95020 0.472693
6004.20996 0.489326
6004.47021 0.49283
6004.72998 0.478279
6005.00000 0.474841
6005.25977 0.491853
6005.52002 0.505458
6005.77979 0.494672
6006.04004 0.484506
6006.29980 0.49129
6006.56006 0.508546
6006.81982 0.511191
6007.08008 0.496427
6007.33984 0.49265
6007.60010 0.507477
6007.85986 0.52416
6008.12012 0.51533
6008.37988 0.502333
6008.64014 0.508187
6008.89990 0.527775
6009.16016 0.53015
6009.41992 0.516343
6009.68018 0.512075
6009.93994 0.526316
6010.20996 0.540469
6010.47021 0.534288
6010.72998 0.521185
6010.99023 0.526763
6011.25000 0.542431
6011.50977 0.550741
6011.77002 0.536188
6012.02979 0.528216
6012.29004 0.541556
6012.54980 0.55765
6012.81006 0.553209
6013.06982 0.544073
6013.33008 0.54401
6013.58984 0.560011
6013.85010 0.567796
6014.10986 0.558278
6014.37012 0.548117
6014.62988 0.559351
6014.89014 0.575074
6015.14990 0.573822
6015.41992 0.560409
6015.68018 0.560678
6015.93994 0.577595
6016.20020 0.586557
6016.45996 0.576091
6016.72021 0.565239
6016.97998 0.575795
6017.24023 0.591394
6017.50000 0.593934
6017.75977 0.578667
6018.02002 0.574403
6018.27979 0.59189
6018.54004 0.602967
6018.79980 0.594004
6019.06006 0.584969
6019.31982 0.590066
6019.58008 0.608359
6019.83984 0.609362
6020.10010 0.597415
6020.35986 0.592265
6020.62012 0.605051
6020.89014 0.617437
6021.14990 0.61193
6021.41016 0.597895
6021.66992 0.603428
6021.93018 0.621911
6022.18994 0.624883
6022.45020 0.612982
6022.70996 0.606475
6022.97021 0.617836
6023.22998 0.629403
6023.49023 0.628286
6023.75000 0.615347
6024.00977 0.618023
6024.27002 0.634886
6024.52979 0.637261
6024.79004 0.628893
6025.04980 0.62098
6025.31006 0.629539
6025.56982 0.644235
6025.83008 0.643126
6026.10010 0.628979
6026.35986 0.630524
6026.62012 0.644261
6026.87988 0.655293
6027.14014 0.646419
6027.39990 0.633279
6027.66016 0.641606
6027.91992 0.655158
6028.18018 0.65804
6028.43994 0.64647
6028.70020 0.640414
6028.95996 0.655385
6029.22021 0.666551
6029.47998 0.657781
6029.74023 0.648488
6030.00000 0.650834
6030.25977 0.667231
6030.52002 0.671087
6030.77979 0.65679
6031.04004 0.653428
6031.31006 0.663137
6031.56982 0.674688
6031.83008 0.672531
6032.08984 0.662994
6032.35010 0.664503
6032.60986 0.677761
6032.87012 0.682411
6033.12988 0.67152
6033.39014 0.66456
6033.64990 0.673059
6033.91016 0.688353
6034.16992 0.685276
6034.43018 0.675215
6034.68994 0.671962
6034.95020 0.684504
6035.20996 0.693797
6035.47021 0.685706
6035.72998 0.67347
6035.99023 0.679281
6036.25000 0.69447
6036.52002 0.69776
6036.77979 0.685144
6037.04004 0.678764
6037.29980 0.691229
6037.56006 0.701653
6037.81982 0.696838
6038.08008 0.685044
6038.33984 0.68841
6038.60010 0.701726
6038.85986 0.707209
6039.12012 0.695203
6039.37988 0.685528
6039.64014 0.698648
6039.89990 0.711932
6040.16016 0.708125
6040.41992 0.694023
6040.68018 0.695722
6040.93994 0.706068
6041.20020 0.716184
6041.45996 0.706584
6041.72998 0.69473
6041.99023 0.703336
6042.25000 0.717413
6042.50977 0.717274
6042.77002 0.704792
6043.02979 0.700687
6043.29004 0.716224
6043.54980 0.722971
6043.81006 0.714445
6044.06982 0.702062
6044.33008 0.705653
6044.58984 0.722859
6044.85010 0.72686
6045.10986 0.711327
6045.37012 0.704806
6045.62988 0.718089
6045.89014 0.731331
6046.14990 0.723703
6046.41016 0.710145
6046.66992 0.711302
6046.93994 0.729352
6047.20020 0.733314
6047.45996 0.721183
6047.72021 0.711083
6047.97998 0.72122
6048.24023 0.7336
6048.50000 0.732132
6048.75977 0.719242
6049.02002 0.716888
6049.27979 0.730051
6049.54004 0.739245
6049.79980 0.726936
6050.06006 0.715912
6050.31982 0.724342
6050.58008 0.739823
6050.83984 0.740172
6051.10010 0.72645
6051.35986 0.720138
6051.62012 0.734173
6051.87988 0.743023
6052.14990 0.735882
6052.41016 0.724769
6052.66992 0.729403
6052.93018 0.742216
6053.18994 0.744228
6053.45020 0.731825
6053.70996 0.725871
6053.97021 0.735466
6054.22998 0.748624
6054.49023 0.745542
6054.75000 0.730471
6055.00977 0.730213
6055.27002 0.747671
6055.52979 0.74987
6055.79004 0.737952
6056.04980 0.730627
6056.31006 0.740073
6056.56982 0.75251
6056.83008 0.747749
6057.10010 0.736836
6057.35986 0.73773
6057.62012 0.747021
6057.87988 0.754664
6058.14014 0.747411
6058.39990 0.738496
6058.66016 0.74081
6058.91992 0.75407
6059.18018 0.753327
6059.43994 0.743492
6059.70020 0.741543
6059.95996 0.74919
6060.22021 0.759256
6060.47998 0.749438
6060.74023 0.741372
6061.00000 0.744026
6061.25977 0.754965
6061.52002 0.757641
6061.77979 0.74763
6062.04004 0.741003
6062.31006 0.750192
6062.56982 0.759179
6062.83008 0.757854
6063.08984 0.748099
6063.35010 0.746792
6063.60986 0.758484
6063.87012 0.75999
6064.12988 0.754009
6064.39014 0.748491
6064.64990 0.753864
6064.91016 0.762014
6065.16992 0.76104
6065.43018 0.751608
6065.68994 0.748823
6065.95020 0.755841
6066.20996 0.763695
6066.47021 0.760703
6066.72998 0.752084
6066.99023 0.752818
6067.25000 0.761972
6067.52002 0.766164
6067.77979 0.760673
6068.04004 0.750324
6068.29980 0.758272
6068.56006 0.767289
6068.81982 0.764056
6069.08008 0.758134
6069.33984 0.758545
6069.60010 0.763884
6069.85986 0.768083
6070.12012 0.764563
6070.37988 0.759201
6070.64014 0.758699
6070.89990 0.767035
6071.16016 0.768512
6071.41992 0.763781
6071.68018 0.75967
6071.93994 0.763098
6072.20020 0.767601
6072.45996 0.767828
6072.72998 0.762783
6072.99023 0.760802
6073.25000 0.767232
6073.50977 0.770015
6073.77002 0.766241
6074.02979 0.765324
6074.29004 0.766782
6074.54980 0.76966
6074.81006 0.772274
6075.06982 0.766992
6075.33008 0.764325
6075.58984 0.76825
6075.85010 0.773588
6076.10986 0.771451
6076.37012 0.767937
6076.62988 0.76796
6076.89014 0.772854
6077.14990 0.774432
6077.41016 0.771572
6077.66992 0.770978
6077.93994 0.772693
6078.20020 0.777117
6078.45996 0.774612
6078.72021 0.770864
6078.97998 0.770447
6079.24023 0.77378
6079.50000 0.774773
6079.75977 0.775353
6080.02002 0.7744
6080.27979 0.774548
6080.54004 0.777607
6080.79980 0.775268
6081.06006 0.777108
6081.31982 0.773609
6081.58008 0.772891
6081.83984 0.777584
6082.10010 0.779226
6082.35986 0.774397
6082.62012 0.778194
6082.87988 0.776459
6083.14990 0.77977
6083.41016 0.776405
6083.66992 0.772768
6083.93018 0.776402
6084.18994 0.781548
6084.45020 0.781007
6084.70996 0.779387
6084.97021 0.776857
6085.22998 0.77872
6085.49023 0.783211
6085.75000 0.783024
6086.00977 0.780737
6086.27002 0.779934
6086.52979 0.779615
6086.79004 0.785236
6087.04980 0.784214
6087.31006 0.778927
6087.56982 0.780215
6087.83008 0.783749
6088.08984 0.788185
6088.35010 0.784865
6088.62012 0.784795
6088.87988 0.785316
6089.14014 0.787364
6089.39990 0.786314
6089.66016 0.784047
6089.91992 0.784538
6090.18018 0.786077
6090.43994 0.790198
6090.70020 0.787456
6090.95996 0.784213
6091.22021 0.789303
6091.47998 0.78929
6091.74023 0.792099
6092.00000 0.78904
6092.25977 0.785859
6092.52002 0.787392
6092.77979 0.788816
6093.04004 0.791545
6093.29980 0.788989
6093.56006 0.789095
6093.83008 0.789871
6094.08984 0.791541
6094.35010 0.790133
6094.60986 0.789766
6094.87012 0.790899
6095.12988 0.791888
6095.39014 0.793101
6095.64990 0.790739
6095.91016 0.788527
6096.16992 0.794437
6096.43018 0.796209
6096.68994 0.797203
6096.95020 0.790537
6097.20996 0.790693
6097.47021 0.792991
6097.72998 0.797801
6097.99023 0.796961
6098.25000 0.795615
6098.50977 0.79199
6098.77002 0.797071
6099.04004 0.797924
6099.29980 0.795405
6099.56006 0.794153
6099.81982 0.797306
6100.08008 0.797904
6100.33984 0.798057
6100.60010 0.795998
6100.85986 0.79499
6101.12012 0.801611
6101.37988 0.800194
6101.64014 0.799707
6101.89990 0.795286
6102.16016 0.796289
6102.41992 0.800779
6102.68018 0.802079
6102.93994 0.80203
6103.20020 0.79903
6103.45996 0.802726
6103.72021 0.80584
6103.97998 0.802225
6104.25000 0.799989
6104.50977 0.802131
6104.77002 0.800167
6105.02979 0.80552
6105.29004 0.803679
6105.54980 0.804531
6105.81006 0.801476
6106.06982 0.805151
6106.33008 0.804605
6106.58984 0.802785
6106.85010 0.802043
6107.10986 0.808004
6107.37012 0.806606
6107.62988 0.807425
6107.89014 0.804891
6108.14990 0.805403
6108.41016 0.806255
6108.66992 0.805623
6108.93018 0.805047
6109.18994 0.806202
6109.45996 0.807182
6109.72021 0.807135
6109.97998 0.810277
6110.24023 0.806045
6110.50000 0.804999
6110.75977 0.806735
6111.02002 0.808218
6111.27979 0.806585
6111.54004 0.806833
6111.79980 0.808515
6112.06006 0.808118
6112.31982 0.810341
6112.58008 0.808671
6112.83984 0.805917
6113.10010 0.812611
6113.35986 0.812904
6113.62012 0.811503
6113.87988 0.809026
6114.14014 0.812883
6114.39990 0.812211
6114.66992 0.810216
6114.93018 0.81028
6115.18994 0.812499
6115.45020 0.810788
6115.70996 0.808516
6115.97021 0.809695
6116.22998 0.809871
6116.49023 0.811399
6116.75000 0.811764
6117.00977 0.813534
6117.27002 0.813073
6117.52979 0.811451
6117.79004 0.811553
6118.04980 0.81522
6118.31006 0.814212
6118.56982 0.811386
6118.83008 0.812954
6119.08984 0.814922
6119.35010 0.81582
6119.62012 0.813052
6119.87988 0.815342
6120.14014 0.81242
6120.39990 0.814588
6120.66016 0.815947
6120.91992 0.812786
6121.18018 0.812882
6121.43994 0.812743
6121.70020 0.8151
6121.95996 0.815025
6122.22021 0.812404
6122.47998 0.815613
6122.74023 0.814703
6123.00000 0.818117
6123.25977 0.815043
6123.52002 0.81135
6123.77979 0.814195
6124.04004 0.81475
6124.29980 0.816077
6124.56006 0.813332
6124.83008 0.813413
6125.08984 0.816156
6125.35010 0.814521
6125.60986 0.814646
6125.87012 0.811368
6126.12988 0.815281
6126.39014 0.816244
6126.64990 0.820745
6126.91016 0.814272
6127.16992 0.812947
6127.43018 0.815609
6127.68994 0.818672
6127.95020 0.817298
6128.20996 0.816678
6128.47021 0.813632
6128.72998 0.818152
6128.99023 0.816085
6129.25000 0.813604
6129.50977 0.814706
6129.77002 0.813901
6130.04004 0.818399
6130.29980 0.817524
6130.56006 0.816293
6130.81982 0.814377
6131.08008 0.813856
6131.33984 0.819012
6131.60010 0.818605
6131.85986 0.816839
6132.12012 0.81336
6132.37988 0.817625
6132.64014 0.818641
6132.89990 0.816267
6133.16016 0.816251
6133.41992 0.813543
6133.68018 0.817328
6133.93994 0.817102
6134.20020 0.814879
6134.45996 0.814393
6134.72021 0.814459
6134.97998 0.817582
6135.25000 0.819067
6135.50977 0.815741
6135.77002 0.813209
6136.02979 0.813761
6136.29004 0.817516
6136.54980 0.816339
6136.81006 0.811966
6137.06982 0.814979
6137.33008 0.815042
6137.58984 0.814568
6137.85010 0.813419
6138.10986 0.813876
6138.37012 0.813402
6138.62988 0.817109
6138.89014 0.817084
6139.14990 0.814869
6139.41016 0.812685
6139.66992 0.816324
6139.93018 0.814129
6140.18994 0.814668
6140.45996 0.813634
6140.72021 0.811469
6140.97998 0.812937
6141.24023 0.818258
6141.50000 0.814406
6141.75977 0.811713
6142.02002 0.811299
6142.27979 0.816248
6142.54004 0.816569
6142.79980 0.814798
6143.06006 0.811374
6143.31982 0.813064
6143.58008 0.815088
6143.83984 0.816411
6144.10010 0.811319
6144.35986 0.812814
6144.62012 0.810133
6144.87988 0.813394
6145.14014 0.813755
6145.39990 0.810611
6145.66992 0.809073
6145.93018 0.813597
6146.18994 0.815212
6146.45020 0.813435
6146.70996 0.808204
6146.97021 0.809707
6147.22998 0.811415
6147.49023 0.812508
6147.75000 0.809418
6148.00977 0.80938
6148.27002 0.80852
6148.52979 0.813947
6148.79004 0.814329
6149.04980 0.809085
6149.31006 0.810281
6149.56982 0.810585
6149.83008 0.812998
6150.08984 0.812681
6150.35010 0.806974
6150.60986 0.806932
6150.87988 0.81021
6151.14014 0.810167
6151.39990 0.810076
6151.66016 0.804486
6151.91992 0.806832
6152.18018 0.810375
6152.43994 0.810825
6152.70020 0.805705
6152.95996 0.806822
6153.22021 0.808176
6153.47998 0.808527
6153.74023 0.809866
6154.00000 0.806129
6154.25977 0.803828
6154.52002 0.809721
6154.77979 0.810465
6155.04004 0.806911
6155.29980 0.802498
6155.56006 0.801658
6155.81982 0.807399
6156.08008 0.808799
6156.35010 0.804581
6156.60986 0.802135
6156.87012 0.806268
6157.12988 0.805375
6157.39014 0.808011
6157.64990 0.805239
6157.91016 0.802067
6158.16992 0.803908
6158.43018 0.808498
6158.68994 0.805046
6158.95020 0.800649
6159.20996 0.801159
6159.47021 0.804419
6159.72998 0.805651
6159.99023 0.803202
6160.25000 0.798291
6160.50977 0.798815
6160.77002 0.805771
6161.02979 0.804442
6161.29004 0.803356
6161.56006 0.799902
6161.81982 0.799512
6162.08008 0.802156
6162.33984 0.806063
6162.60010 0.796943
6162.85986 0.795387
6163.12012 0.801321
6163.37988 0.802571
6163.64014 0.803051
6163.89990 0.799165
6164.16016 0.79573
6164.41992 0.800244
6164.68018 0.802565
6164.93994 0.800794
6165.20020 0.795302
6165.45996 0.798766
6165.72021 0.799469
6165.97998 0.801599
6166.24023 0.799724
6166.50000 0.794606
6166.77002 0.795854
6167.02979 0.801131
6167.29004 0.800319
6167.54980 0.795905
6167.81006 0.794114
6168.06982 0.797355
6168.33008 0.799862
6168.58984 0.796913
6168.85010 0.792182
6169.10986 0.792655
6169.37012 0.79517
6169.62988 0.798869
6169.89014 0.796542
6170.14990 0.79139
6170.41016 0.791874
6170.66992 0.796331
6170.93018 0.797816
6171.18994 0.793387
6171.45020 0.79126
6171.70996 0.793217
6171.97998 0.796354
6172.24023 0.797164
6172.50000 0.792073
6172.75977 0.791154
6173.02002 0.792395
6173.27979 0.79616
6173.54004 0.792216
6173.79980 0.790892
6174.06006 0.788668
6174.31982 0.790787
6174.58008 0.792759
6174.83984 0.793601
6175.10010 0.788657
6175.35986 0.784471
6175.62012 0.79322
6175.87988 0.794075
6176.14014 0.790883
6176.39990 0.789847
6176.66016 0.788507
6176.91992 0.790345
6177.18994 0.792787
6177.45020 0.787447
6177.70996 0.786218
6177.97021 0.789191
6178.22998 0.790087
6178.49023 0.791537
6178.75000 0.788746
6179.00977 0.785785
6179.27002 0.788073
6179.52979 0.788517
6179.79004 0.788126
6180.04980 0.78561
6180.31006 0.784559
6180.56982 0.785169
6180.83008 0.789431
6181.08984 0.787596
6181.35010 0.782132
6181.60986 0.783692
6181.87012 0.786776
6182.12988 0.788227
6182.39990 0.786898
6182.66016 0.781985
6182.91992 0.786015
6183.18018 0.788758
6183.43994 0.786487
6183.70020 0.781837
6183.95996 0.780509
6184.22021 0.784258
6184.47998 0.788198
6184.74023 0.78749
6185.00000 0.781203
6185.25977 0.779631
6185.52002 0.783833
6185.77979 0.783178
6186.04004 0.784974
6186.29980 0.777517
6186.56006 0.778512
6186.81982 0.783785
6187.08008 0.784293
6187.35010 0.781442
6187.60986 0.774665
6187.87012 0.779554
6188.12988 0.781552
6188.39014 0.782267
6188.64990 0.778167
6188.91016 0.774789
6189.16992 0.778353
6189.43018 0.782158
6189.68994 0.781903
6189.95020 0.776801
6190.20996 0.774978
6190.47021 0.779681
6190.72998 0.7831
6190.99023 0.781416
6191.25000 0.774102
6191.50977 0.774345
6191.77002 0.779045
6192.02979 0.781971
6192.29004 0.77853
6192.56006 0.773569
6192.81982 0.77362
6193.08008 0.777603
6193.33984 0.778562
6193.60010 0.77549
6193.85986 0.770564
6194.12012 0.774516
6194.37988 0.780005
6194.64014 0.776547
6194.89990 0.774081
6195.16016 0.77226
6195.41992 0.77161
6195.68018 0.773464
6195.93994 0.773834
6196.20020 0.770598
6196.45996 0.770144
6196.72021 0.771824
6196.97998 0.774873
