threeML/data/optical_filters/CAHA/CAHA-f_493_54.ecsv
# %ECSV 0.9
# ---
# datatype:
# - {name: wavelength, unit: Angstrom, datatype: float32}
# - {name: response, datatype: float32}
# meta: !!omap
# - {band_name: f_493_54}
# - {group_name: CAHA}
wavelength response
3673.28516 0.0
4081.42798 0.00402
4084.67603 0.004113
4087.92310 0.004214
4091.17090 0.004322
4094.41797 0.004438
4097.66602 0.004561
4100.91309 0.004692
4104.16113 0.00483
4107.40820 0.004976
4110.65576 0.005129
4113.90381 0.005289
4117.15088 0.005457
4120.39893 0.005633
4123.64697 0.005816
4126.89502 0.006006
4130.14307 0.006204
4133.39014 0.006409
4136.63818 0.006622
4139.88623 0.006842
4143.13379 0.00707
4146.38184 0.007305
4149.62988 0.007548
4152.87793 0.007798
4156.12598 0.008056
4159.37500 0.008321
4162.62305 0.008594
4165.87109 0.008874
4169.12012 0.009161
4172.36816 0.009456
4175.61621 0.009759
4178.86523 0.010069
4182.11279 0.010386
4185.36182 0.010711
4188.60986 0.011043
4191.85791 0.011383
4195.10693 0.01173
4198.35596 0.012085
4201.60400 0.012447
4204.85303 0.012817
4208.10205 0.013194
4211.35107 0.013579
4214.60010 0.013971
4217.84814 0.014371
4221.09717 0.014778
4224.34619 0.015192
4227.59521 0.015614
4230.84424 0.016044
4234.09277 0.016481
4237.34180 0.016925
4240.59082 0.017377
4243.83984 0.017837
4247.08984 0.018303
4250.33887 0.018778
4253.58789 0.019259
4256.83691 0.019749
4260.08691 0.020245
4263.33594 0.02075
4266.58496 0.021261
4269.83496 0.02178
4273.08398 0.022307
4276.33398 0.022841
4279.58301 0.023383
4282.83301 0.023932
4286.08301 0.024488
4289.33301 0.025052
4292.58203 0.025622
4295.83203 0.026199
4299.08203 0.026783
4302.33203 0.027373
4305.58203 0.027967
4308.83105 0.028568
4312.08105 0.029178
4315.33105 0.029798
4318.58105 0.030438
4321.83203 0.03111
4325.08203 0.031833
4328.33203 0.032627
4331.58203 0.033512
4334.83203 0.034505
4338.08203 0.03561
4341.33301 0.036819
4344.58301 0.038102
4347.83301 0.039419
4351.08301 0.040715
4354.33398 0.04194
4357.58398 0.043053
4360.83496 0.044033
4364.08594 0.044879
4367.33594 0.045611
4370.58691 0.046263
4373.83789 0.046873
4377.08789 0.047475
4380.33887 0.048094
4383.58984 0.048742
4386.84082 0.049427
4390.09180 0.050153
4393.34277 0.050924
4396.59424 0.051752
4399.84521 0.052657
4403.09619 0.053663
4406.34717 0.054795
4409.59814 0.056076
4412.84912 0.057519
4416.10107 0.059128
4419.35205 0.060891
4422.60303 0.062783
4425.85400 0.064768
4429.10596 0.066811
4432.35693 0.068872
4435.60889 0.07092
4438.85986 0.072942
4442.11182 0.074931
4445.36279 0.076899
4448.61523 0.078855
4451.86719 0.080818
4455.11816 0.082796
4458.37012 0.08479
4461.62207 0.086798
4464.87402 0.088811
4468.12500 0.090817
4471.37695 0.092809
4474.62891 0.094783
4477.88086 0.096744
4481.13379 0.098708
4484.38623 0.100695
4487.63818 0.102733
4490.89014 0.10485
4494.14209 0.107079
4497.39502 0.10945
4500.64697 0.111986
4503.89893 0.114708
4507.15088 0.117625
4510.40381 0.12073
4513.65576 0.12401
4516.90918 0.127437
4520.16211 0.13098
4523.41406 0.134607
4526.66699 0.138293
4529.91895 0.142017
4533.17188 0.145774
4536.42480 0.149556
4539.67822 0.153369
4542.93115 0.157222
4546.18408 0.161121
4549.43701 0.165085
4552.68896 0.169127
4555.94189 0.173271
4559.19482 0.177543
4562.44922 0.181969
4565.70215 0.186581
4568.95508 0.191402
4572.20801 0.196443
4575.46094 0.201706
4578.71484 0.207171
4581.96777 0.21281
4585.22217 0.218585
4588.47510 0.224465
4591.72900 0.230424
4594.98193 0.236452
4598.23584 0.242558
4601.48877 0.248763
4604.74316 0.255098
4607.99707 0.261589
4611.25000 0.268255
4614.50391 0.275098
4617.75781 0.282112
4621.01221 0.289265
4624.26611 0.296528
4627.52002 0.30386
4630.77393 0.311228
4634.02783 0.318607
4637.28223 0.325988
4640.53711 0.333377
4643.79102 0.340796
4647.04492 0.348281
4650.29883 0.355874
4653.55420 0.363622
4656.80811 0.371559
4660.06299 0.37972
4663.31689 0.388116
4666.57080 0.396747
4669.82617 0.405597
4673.08105 0.414634
4676.33496 0.423811
4679.58984 0.433073
4682.84521 0.442354
4686.10010 0.451592
4689.35400 0.460729
4692.60889 0.469729
4695.86377 0.478573
4699.11914 0.487265
4702.37500 0.495834
4705.62891 0.504319
4708.88379 0.512764
4712.14014 0.521209
4715.39502 0.529679
4718.64990 0.538175
4721.90479 0.546677
4725.16113 0.555139
4728.41602 0.563496
4731.67188 0.571668
4734.92676 0.579576
4738.18311 0.587143
4741.43799 0.594316
4744.69385 0.60107
4747.95020 0.607418
4751.20508 0.613401
4754.46094 0.619084
4757.71680 0.624539
4760.97314 0.629821
4764.22900 0.634969
4767.48389 0.639983
4770.74121 0.644836
4773.99707 0.649486
4777.25195 0.653885
4780.50879 0.658003
4783.76514 0.661829
4787.02100 0.665385
4790.27686 0.668709
4793.53418 0.671858
4796.79004 0.674885
4800.04688 0.677835
4803.30322 0.680729
4806.56006 0.683576
4809.81592 0.686374
4813.07324 0.689114
4816.33008 0.691791
4819.58594 0.694412
4822.84277 0.696992
4826.10010 0.699547
4829.35596 0.702087
4832.61279 0.70462
4835.87109 0.707138
4839.12695 0.709635
4842.38379 0.712092
4845.64209 0.714503
4848.89893 0.716864
4852.15576 0.719176
4855.41309 0.721436
4858.66992 0.723632
4861.92822 0.725745
4865.18506 0.72774
4868.44287 0.729586
4871.70020 0.731253
4874.95801 0.73273
4878.21484 0.734016
4881.47314 0.73513
4884.72998 0.736099
4887.98779 0.736947
4891.24609 0.737695
4894.50391 0.738355
4897.76221 0.738921
4901.02002 0.739385
4904.27783 0.739733
4907.53613 0.739953
4910.79297 0.740041
4914.05176 0.740008
4917.31006 0.739872
4920.56787 0.739657
4923.82715 0.73939
4927.08496 0.73909
4930.34277 0.738765
4933.60205 0.73841
4936.85986 0.738012
4940.11914 0.737553
4943.37695 0.737017
4946.63623 0.736397
4949.89502 0.735691
4953.15283 0.734906
4956.41211 0.73405
4959.66992 0.733132
4962.93018 0.732153
4966.18799 0.731116
4969.44678 0.730014
4972.70703 0.728838
4975.96484 0.727582
4979.22510 0.726248
4982.48389 0.72483
4985.74316 0.723335
4989.00195 0.721771
4992.26221 0.720143
4995.52100 0.71846
4998.77979 0.716733
5002.04004 0.714965
5005.29883 0.713152
5008.55908 0.711284
5011.81787 0.709338
5015.07812 0.707273
5018.33789 0.705047
5021.59814 0.702612
5024.85693 0.699926
5028.11719 0.696964
5031.37695 0.693723
5034.63721 0.690222
5037.89697 0.686504
5041.15723 0.682626
5044.41699 0.678652
5047.67822 0.674639
5050.93799 0.670624
5054.19824 0.666628
5057.45801 0.662647
5060.71924 0.658653
5063.97900 0.654606
5067.24023 0.65046
5070.50000 0.646166
5073.76123 0.641674
5077.02100 0.636937
5080.28223 0.631914
5083.54297 0.626575
5086.80420 0.6209
5090.06494 0.614895
5093.32617 0.608583
5096.58691 0.602012
5099.84814 0.595249
5103.10889 0.588364
5106.37012 0.581426
5109.63086 0.574487
5112.89209 0.567576
5116.15381 0.560701
5119.41504 0.553837
5122.67578 0.546947
5125.93799 0.539973
5129.19922 0.532861
5132.46094 0.525559
5135.72314 0.51803
5138.98389 0.510266
5142.24609 0.502277
5145.50781 0.494098
5148.77002 0.485779
5152.03076 0.477379
5155.29297 0.468951
5158.55518 0.460537
5161.81689 0.452169
5165.07910 0.443862
5168.34082 0.435626
5171.60400 0.427464
5174.86621 0.419386
5178.12793 0.4114
5181.39111 0.403516
5184.65283 0.395743
5187.91602 0.388083
5191.17822 0.380524
5194.43994 0.373048
5197.70312 0.365629
5200.96582 0.358237
5204.22900 0.350848
5207.49121 0.34345
5210.75391 0.336041
5214.01709 0.328637
5217.27979 0.321266
5220.54297 0.313962
5223.80615 0.306762
5227.06885 0.2997
5230.33301 0.292795
5233.59619 0.286057
5236.85889 0.279481
5240.12207 0.273052
5243.38477 0.26675
5246.64893 0.260555
5249.91309 0.254447
5253.17578 0.248419
5256.43896 0.242464
5259.70312 0.236587
5262.96680 0.230795
5266.23096 0.225102
5269.49512 0.219522
5272.75781 0.214073
5276.02197 0.208768
5279.28711 0.203621
5282.54980 0.198638
5285.81396 0.193818
5289.07910 0.189152
5292.34277 0.184628
5295.60693 0.180227
5298.87207 0.175932
5302.13623 0.171736
5305.39990 0.167633
5308.66504 0.163628
5311.92920 0.159735
5315.19385 0.155961
5318.45801 0.152312
5321.72412 0.14879
5324.98779 0.145384
5328.25293 0.142076
5331.51807 0.138848
5334.78320 0.135682
5338.04785 0.132564
5341.31299 0.129491
5344.57812 0.126463
5347.84277 0.123487
5351.10791 0.120571
5354.37402 0.117724
5357.63916 0.114953
5360.90479 0.112261
5364.16992 0.10965
5367.43604 0.107119
5370.70117 0.104664
5373.96680 0.10228
5377.23193 0.099962
5380.49805 0.097702
5383.76416 0.095492
5387.02979 0.093327
5390.29590 0.091204
5393.56201 0.08912
5396.82812 0.08708
5400.09424 0.085084
5403.35986 0.083134
5406.62598 0.081232
5409.89307 0.079373
5413.15918 0.077556
5416.42480 0.075781
5419.69092 0.074045
5422.95801 0.072353
5426.22510 0.070704
5429.49121 0.069101
5432.75781 0.067541
5436.02490 0.066021
5439.29199 0.064538
5442.55908 0.063088
5445.82520 0.061672
5449.09180 0.060291
5452.35889 0.05895
5455.62598 0.057653
5458.89404 0.056402
5462.16113 0.055199
5465.42822 0.054038
5468.69482 0.052913
5471.96191 0.051815
5475.22998 0.050738
5478.49805 0.049677
5481.76514 0.048633
5485.03320 0.047613
5488.29980 0.046626
5491.56787 0.045683
5494.83594 0.044795
5498.10400 0.04397
5501.37207 0.043212
5504.64014 0.042518
5507.90820 0.041881
5511.17578 0.041288
5514.44385 0.040722
5517.71191 0.040165
5520.97998 0.039599
5524.24902 0.03901
5527.51709 0.03839
5530.78613 0.037733
5534.05420 0.037044
5537.32324 0.036335
5540.59082 0.035617
5543.85986 0.034907
5547.12793 0.03422
5550.39697 0.033566
5553.66699 0.032955
5556.93506 0.032386
5560.20410 0.031856
5563.47314 0.031359
5566.74219 0.030887
5570.01221 0.030431
5573.28076 0.029986
5576.54980 0.029543
5579.81885 0.029095
5583.08887 0.028631
5586.35791 0.028143
5589.62793 0.02762
5592.89697 0.027058
5596.16699 0.02646
5599.43701 0.025837
5602.70703 0.025206
5605.97705 0.02459
5609.24609 0.024007
5612.51611 0.023473
5615.78711 0.022994
5619.05713 0.022566
5622.32715 0.02218
5625.59717 0.021825
5628.86719 0.021487
5632.13721 0.021157
5635.40820 0.020831
5638.67822 0.020501
5641.94922 0.020166
5645.21924 0.019824
5648.49023 0.019473
5651.76123 0.019113
5655.03076 0.018748
5658.30176 0.018382
5661.57324 0.018024
5664.84424 0.017681
5668.11523 0.017357
5671.38623 0.017057
5674.65723 0.016779
5677.92920 0.016519
5681.20020 0.016272
5684.47119 0.016033
5687.74316 0.015798
5691.01416 0.01557
5694.28613 0.015348
5697.55713 0.015138
5700.82910 0.014942
5704.10107 0.014756
5707.37207 0.014577
5710.64404 0.014394
5713.91602 0.014199
5717.18799 0.013984
5720.45996 0.013743
5723.73193 0.013473
5727.00391 0.013178
5730.27588 0.012863
5733.54785 0.012532
5736.82080 0.012193
5740.09277 0.011853
5743.36621 0.011521
5746.63818 0.011206
5749.91113 0.010918
5753.18408 0.010663
5756.45605 0.010445
5759.72900 0.010264
5763.00195 0.010116
5766.27490 0.009994
5769.54785 0.009889
5772.82080 0.009794
5776.09424 0.009706
5779.36719 0.009622
5782.64111 0.009545
5785.91406 0.009476
5789.18701 0.009417
5792.45996 0.009366
5795.73389 0.00932
5799.00781 0.009277
5802.28076 0.009233
5805.55518 0.009184
5808.82910 0.009128
5812.10303 0.009066
5815.37598 0.008993
5818.64990 0.008909
5821.92383 0.008813
5825.19824 0.008704
5828.47217 0.008583
5831.74707 0.008452
5835.02100 0.008314
5838.29492 0.008173
5841.56885 0.008031
5844.84424 0.007888
5848.11914 0.007744
5851.39307 0.007598
5854.66797 0.007449
5857.94189 0.007298
5861.21680 0.007148
5864.49219 0.007002
5867.76709 0.006864
5871.04199 0.006736
5874.31689 0.006619
5877.59180 0.00651
5880.86816 0.006406
5884.14307 0.006303
5887.41797 0.006198
5890.69287 0.00609
5893.96924 0.005979
5897.24414 0.005866
5900.52002 0.005752
5903.79590 0.005639
5907.07080 0.005531
5910.34717 0.00543
5913.62305 0.00534
5916.89893 0.005263
5920.17480 0.005199
5923.45117 0.005143
5926.72705 0.005089
5930.00293 0.00503
5933.27881 0.004962
5936.55615 0.004884
5939.83203 0.004799
5943.10791 0.004715
5946.38477 0.004639
5949.66211 0.004576
5952.93799 0.00453
5956.21484 0.004499
5959.49219 0.004481
5962.76904 0.004471
5966.04492 0.004465
5969.32324 0.004462
5972.60010 0.004461
5975.87695 0.004462
5979.15381 0.004465
5982.43115 0.004467
5985.70801 0.004465
5988.98584 0.004455
5992.26318 0.004435
5995.54102 0.004406
5998.81787 0.004367
6002.09619 0.004326
6005.37402 0.004284
6008.65186 0.004248
6011.93018 0.00422
6015.20801 0.004201
6018.48486 0.004189
6021.76416 0.004183
6025.04199 0.004178
6028.31982 0.004171
6031.59814 0.004156
6034.87598 0.004129
6038.15479 0.00409
6041.43408 0.004038
6645.57764 0.0
