threeML/data/optical_filters/CAHA/CAHA-f_549_47_2.ecsv
# %ECSV 0.9
# ---
# datatype:
# - {name: wavelength, unit: Angstrom, datatype: float32}
# - {name: response, datatype: float32}
# meta: !!omap
# - {band_name: f_549_47_2}
# - {group_name: CAHA}
wavelength response
4542.01465 0.0
5046.68311 0.004194
5051.79688 0.004421
5056.91309 0.004653
5062.02783 0.00489
5067.14404 0.005133
5072.25879 0.00538
5077.37500 0.00622
5082.49121 0.006789
5087.60693 0.007568
5092.72412 0.008606
5097.84082 0.009958
5102.95801 0.011692
5108.07520 0.013882
5113.19189 0.016612
5118.31006 0.019972
5123.42822 0.024055
5128.54590 0.028961
5133.66504 0.034791
5138.78320 0.041641
5143.90186 0.04959
5149.02100 0.058695
5154.14014 0.06898
5159.25879 0.08044
5164.37891 0.093041
5169.49902 0.106726
5174.61914 0.121421
5179.73877 0.137041
5184.85986 0.153501
5189.98096 0.170716
5195.10205 0.188599
5200.22314 0.207058
5205.34424 0.225993
5210.46582 0.245297
5215.58789 0.264856
5220.70996 0.284553
5225.83203 0.304258
5230.95508 0.323843
5236.07812 0.343195
5241.20117 0.362239
5246.32422 0.380957
5251.44678 0.399388
5256.57080 0.417588
5261.69385 0.435594
5266.81787 0.453397
5271.94287 0.470939
5277.06689 0.488131
5282.19189 0.504869
5287.31689 0.521049
5292.44189 0.536563
5297.56689 0.551304
5302.69287 0.565202
5307.81885 0.578236
5312.94482 0.590458
5318.07080 0.601974
5323.19824 0.612909
5328.32422 0.623352
5333.45117 0.633326
5338.57812 0.642771
5343.70605 0.651583
5348.83301 0.659659
5353.96094 0.666944
5359.08887 0.67345
5364.21680 0.679238
5369.34619 0.68439
5374.47510 0.688986
5379.60303 0.693102
5384.73193 0.696817
5389.86182 0.700206
5394.99121 0.703316
5400.12109 0.706146
5405.25098 0.708659
5410.38086 0.710809
5415.51221 0.712591
5420.64209 0.714067
5425.77295 0.715371
5430.90381 0.716671
5436.03613 0.718121
5441.16699 0.719815
5446.29883 0.721767
5451.43115 0.723924
5456.56299 0.726192
5461.69482 0.728487
5466.82812 0.730768
5471.96094 0.733043
5477.09424 0.735358
5482.22705 0.737772
5487.36084 0.740317
5492.49512 0.742983
5497.62793 0.745743
5502.76221 0.748572
5507.89697 0.751487
5513.03076 0.754552
5518.16699 0.757856
5523.30078 0.761469
5528.43701 0.765395
5533.57178 0.769558
5538.70801 0.77382
5543.84424 0.778024
5548.97998 0.782038
5554.11621 0.785774
5559.25293 0.789187
5564.39014 0.792289
5569.52588 0.795141
5574.66406 0.797856
5579.80078 0.800548
5584.93896 0.803287
5590.07715 0.806053
5595.21484 0.808718
5600.35400 0.811058
5605.49219 0.812808
5610.63086 0.81371
5615.77002 0.813584
5620.90918 0.812331
5626.04785 0.809908
5631.18799 0.806261
5636.32812 0.801278
5641.46777 0.794768
5646.60791 0.786491
5651.74902 0.776209
5656.89014 0.763736
5662.03076 0.748972
5667.17188 0.731912
5672.31299 0.712624
5677.45508 0.691218
5682.59717 0.667824
5687.73877 0.64258
5692.88086 0.615655
5698.02295 0.587261
5703.16602 0.557673
5708.30908 0.527218
5713.45215 0.496267
5718.59619 0.465201
5723.73877 0.434387
5728.88281 0.40415
5734.02686 0.374763
5739.17090 0.346435
5744.31592 0.319328
5749.46094 0.293559
5754.60498 0.269222
5759.75098 0.246391
5764.89600 0.225132
5770.04199 0.205486
5775.18799 0.187457
5780.33301 0.171001
5785.47998 0.156038
5790.62598 0.142461
5795.77295 0.130159
5800.91992 0.119019
5806.06689 0.108937
5811.21387 0.09981
5816.36182 0.091546
5821.50977 0.084058
5826.65820 0.077272
5831.80615 0.071127
5836.95508 0.065569
5842.10303 0.060545
5847.25195 0.055991
5852.40088 0.051837
5857.54980 0.048018
5862.70020 0.044497
5867.85010 0.04126
5873.00000 0.038319
5878.14990 0.035689
5883.29980 0.033367
5888.45117 0.031329
5893.60205 0.029529
5898.75293 0.027909
5903.90381 0.026416
5909.05615 0.025013
5914.20801 0.023685
5919.35889 0.022433
5924.51221 0.021267
5929.66406 0.020201
5934.81689 0.019239
5939.97021 0.018376
5945.12305 0.017593
5950.27588 0.016865
5955.43018 0.016169
5960.58301 0.015491
5965.73682 0.013734
5970.89111 0.013127
5976.04590 0.012534
5981.20020 0.011953
5986.35498 0.011386
5991.50977 0.010832
5996.66602 0.010291
6001.82080 0.009764
6006.97705 0.009249
6012.13184 0.008748
6017.28906 0.00826
6022.44482 0.007785
6027.60205 0.007323
6032.75781 0.006874
6037.91602 0.006439
6043.07324 0.006016
6048.22998 0.005607
6053.38818 0.005211
6058.54492 0.004828
6063.70410 0.004459
6068.86182 0.004102
6675.74805 0.0
