threeML/data/optical_filters/CAHA/CAHA-f_395_6.ecsv
# %ECSV 0.9
# ---
# datatype:
# - {name: wavelength, unit: Angstrom, datatype: float32}
# - {name: response, datatype: float32}
# meta: !!omap
# - {band_name: f_395_6}
# - {group_name: CAHA}
wavelength response
3420.04492 0.0
3800.05005 0.019459
3800.31006 0.0
3800.57007 0.0
3800.83008 0.004764
3801.09009 0.010064
3801.35010 0.0
3801.61011 0.0
3801.87012 0.0
3802.12988 0.0
3802.38989 0.024388
3802.64990 0.0
3802.90991 0.037824
3803.15991 0.0
3803.41992 0.0
3803.67993 0.022904
3803.93994 0.0
3804.19995 0.0
3804.45996 0.0
3804.71997 0.015421
3804.97998 0.013202
3805.23999 0.0
3805.50000 0.012531
3805.76001 0.018018
3806.02002 0.0
3806.27002 0.015015
3806.53003 0.0
3806.79004 0.010944
3807.05005 0.0
3807.31006 0.00102
3807.57007 0.0
3807.83008 0.0
3808.09009 0.0
3808.35010 0.0
3808.61011 0.0
3808.87012 0.0
3809.12988 0.0
3809.38989 0.005886
3809.63989 0.0
3809.89990 0.0
3810.15991 0.004447
3810.41992 0.001381
3810.67993 0.0
3810.93994 0.0
3811.19995 0.0
3811.45996 0.0
3811.71997 0.003504
3811.97998 0.008866
3812.23999 0.0
3812.50000 0.0
3812.75000 0.0
3813.01001 0.0
3813.27002 0.000492
3813.53003 0.0
3813.79004 0.005616
3814.05005 0.0
3814.31006 0.0
3814.57007 0.0
3814.83008 0.012126
3815.09009 0.0
3815.35010 0.0
3815.61011 0.007314
3815.87012 4.6e-05
3816.12012 0.0
3816.37988 0.0
3816.63989 0.0
3816.89990 0.006379
3817.15991 0.018204
3817.41992 0.012332
3817.67993 0.0
3817.93994 0.012303
3818.19995 0.0
3818.45996 0.0
3818.71997 0.0
3818.97998 0.001328
3819.22998 0.0
3819.48999 0.0
3819.75000 0.004387
3820.01001 0.0
3820.27002 0.001676
3820.53003 0.0
3820.79004 0.0
3821.05005 0.0
3821.31006 0.002394
3821.57007 0.0
3821.83008 0.000939
3822.09009 0.0
3822.35010 0.0
3822.60010 0.010517
3822.86011 0.016867
3823.12012 0.0
3823.37988 0.0
3823.63989 0.0
3823.89990 0.0
3824.15991 0.0
3824.41992 0.00064
3824.67993 0.0
3824.93994 0.00691
3825.19995 0.005687
3825.45996 0.0
3825.70996 0.003186
3825.96997 0.0
3826.22998 0.04007
3826.48999 0.0
3826.75000 0.0
3827.01001 0.0
3827.27002 0.0
3827.53003 0.0
3827.79004 0.0
3828.05005 0.00058
3828.31006 0.0
3828.57007 0.018585
3828.83008 0.0
3829.08008 0.004732
3829.34009 0.006489
3829.60010 0.00445
3829.86011 0.0
3830.12012 0.0
3830.37988 0.0
3830.63989 0.0
3830.89990 0.0
3831.15991 0.003237
3831.41992 0.013705
3831.67993 0.0
3831.93994 0.0
3832.18994 0.0
3832.44995 0.019242
3832.70996 0.004601
3832.96997 0.0
3833.22998 0.0
3833.48999 0.001606
3833.75000 0.013047
3834.01001 0.0
3834.27002 0.002621
3834.53003 0.0
3834.79004 0.01985
3835.05005 0.006289
3835.31006 0.0
3835.56006 0.0
3835.82007 0.0
3836.08008 0.0
3836.34009 0.021955
3836.60010 0.0
3836.86011 0.012079
3837.12012 0.0
3837.37988 0.0
3837.63989 0.000989
3837.89990 0.0
3838.15991 0.011739
3838.41992 0.008305
3838.66992 0.023183
3838.92993 0.0
3839.18994 0.0
3839.44995 0.0
3839.70996 0.0
3839.96997 0.004131
3840.22998 0.003116
3840.48999 0.000137
3840.75000 0.0
3841.01001 0.0
3841.27002 0.0
3841.53003 0.0
3841.79004 0.0
3842.04004 0.009984
3842.30005 0.009169
3842.56006 0.0
3842.82007 0.002066
3843.08008 0.0
3843.34009 0.034681
3843.60010 0.003141
3843.86011 0.003898
3844.12012 0.0
3844.37988 0.013386
3844.63989 0.0
3844.89990 0.003011
3845.14990 0.0
3845.40991 0.017379
3845.66992 0.008313
3845.92993 0.02058
3846.18994 0.0
3846.44995 0.017756
3846.70996 0.0
3846.96997 0.005
3847.22998 0.000891
3847.48999 0.005825
3847.75000 0.000827
3848.01001 0.0
3848.27002 0.0
3848.52002 0.0
3848.78003 0.0
3849.04004 0.016145
3849.30005 0.00508
3849.56006 0.009324
3849.82007 0.0
3850.08008 0.0
3850.34009 0.0
3850.60010 0.013458
3850.86011 0.0
3851.12012 0.010792
3851.37988 0.0
3851.62988 0.0
3851.88989 0.0
3852.14990 0.0
3852.40991 0.025192
3852.66992 0.000195
3852.92993 0.004897
3853.18994 0.0
3853.44995 0.010266
3853.70996 0.0
3853.96997 0.010693
3854.22998 0.009095
3854.48999 0.0
3854.75000 0.0
3855.00000 0.003923
3855.26001 0.0
3855.52002 0.0
3855.78003 0.0
3856.04004 0.011005
3856.30005 0.0
3856.56006 0.008301
3856.82007 0.0
3857.08008 0.0
3857.34009 0.007385
3857.60010 0.0
3857.86011 0.028144
3858.11011 0.017597
3858.37012 0.0
3858.62988 0.0
3858.88989 0.0
3859.14990 0.012251
3859.40991 0.0
3859.66992 0.013377
3859.92993 0.014949
3860.18994 0.001754
3860.44995 0.005856
3860.70996 0.003115
3860.96997 0.011514
3861.22998 0.012912
3861.47998 0.008414
3861.73999 0.000306
3862.00000 0.0
3862.26001 0.005444
3862.52002 0.012645
3862.78003 0.002384
3863.04004 0.0
3863.30005 0.0
3863.56006 0.0
3863.82007 0.0
3864.08008 0.001874
3864.34009 0.017505
3864.59009 0.0
3864.85010 0.013288
3865.11011 0.023558
3865.37012 0.011749
3865.62988 0.0
3865.88989 0.0
3866.14990 0.002778
3866.40991 0.0
3866.66992 0.001201
3866.92993 0.026704
3867.18994 0.024254
3867.44995 0.012982
3867.70996 0.010736
3867.95996 0.009323
3868.21997 0.0
3868.47998 0.0
3868.73999 0.0
3869.00000 0.010721
3869.26001 0.017529
3869.52002 0.025955
3869.78003 0.004739
3870.04004 0.002872
3870.30005 0.01096
3870.56006 0.004057
3870.82007 0.023729
3871.07007 0.009402
3871.33008 0.017496
3871.59009 0.002641
3871.85010 0.011689
3872.11011 0.0
3872.37012 0.019775
3872.62988 0.019358
3872.88989 0.006838
3873.14990 0.0
3873.40991 0.009184
3873.66992 0.021439
3873.92993 0.007193
3874.18994 0.01694
3874.43994 0.0
3874.69995 0.011553
3874.95996 0.0
3875.21997 0.011781
3875.47998 0.00432
3875.73999 0.017731
3876.00000 0.008353
3876.26001 0.00019
3876.52002 0.010083
3876.78003 0.012247
3877.04004 0.001026
3877.30005 0.0
3877.55005 0.005896
3877.81006 0.011592
3878.07007 0.011708
3878.33008 0.022263
3878.59009 0.013154
3878.85010 0.019528
3879.11011 0.028534
3879.37012 0.02369
3879.62988 0.003446
3879.88989 0.01993
3880.14990 0.022668
3880.40991 0.012813
3880.66992 0.015819
3880.91992 0.007197
3881.17993 0.001828
3881.43994 0.032501
3881.69995 0.020489
3881.95996 0.016099
3882.21997 0.00799
3882.47998 0.02148
3882.73999 0.005102
3883.00000 0.024175
3883.26001 0.0
3883.52002 0.022843
3883.78003 0.018607
3884.03003 0.01525
3884.29004 0.011171
3884.55005 0.028795
3884.81006 0.007182
3885.07007 0.020973
3885.33008 0.026196
3885.59009 0.022423
3885.85010 0.020737
3886.11011 0.00941
3886.37012 0.026158
3886.62988 0.044952
3886.88989 0.024636
3887.14990 0.024663
3887.39990 0.021667
3887.65991 0.029249
3887.91992 0.030978
3888.17993 0.020187
3888.43994 0.024372
3888.69995 0.017409
3888.95996 0.038332
3889.21997 0.027731
3889.47998 0.011601
3889.73999 0.029749
3890.00000 0.046819
3890.26001 0.036132
3890.51001 0.034001
3890.77002 0.040541
3891.03003 0.038701
3891.29004 0.031489
3891.55005 0.020722
3891.81006 0.030949
3892.07007 0.033136
3892.33008 0.039235
3892.59009 0.03799
3892.85010 0.027041
3893.11011 0.043856
3893.37012 0.04875
3893.62988 0.041521
3893.87988 0.0392
3894.13989 0.043443
3894.39990 0.03631
3894.65991 0.045528
3894.91992 0.054349
3895.17993 0.039953
3895.43994 0.040495
3895.69995 0.039827
3895.95996 0.051286
3896.21997 0.045469
3896.47998 0.053323
3896.73999 0.036961
3896.98999 0.043155
3897.25000 0.037426
3897.51001 0.052554
3897.77002 0.055026
3898.03003 0.065664
3898.29004 0.062459
3898.55005 0.05157
3898.81006 0.062187
3899.07007 0.05742
3899.33008 0.037856
3899.59009 0.051644
3899.85010 0.074296
3900.11011 0.061315
3900.36011 0.083336
3900.62012 0.071326
3900.87988 0.068408
3901.13989 0.081842
3901.39990 0.072601
3901.65991 0.077267
3901.91992 0.07094
3902.17993 0.069152
3902.43994 0.073323
3902.69995 0.074773
3902.95996 0.07208
3903.21997 0.065925
3903.46997 0.091483
3903.72998 0.075403
3903.98999 0.08408
3904.25000 0.088342
3904.51001 0.091667
3904.77002 0.088802
3905.03003 0.104593
3905.29004 0.086636
3905.55005 0.104951
3905.81006 0.094985
3906.07007 0.107116
3906.33008 0.088921
3906.59009 0.098145
3906.84009 0.103345
3907.10010 0.106068
3907.36011 0.119505
3907.62012 0.109215
3907.87988 0.10554
3908.13989 0.105857
3908.39990 0.13391
3908.65991 0.114569
3908.91992 0.124582
3909.17993 0.125313
3909.43994 0.138099
3909.69995 0.116838
3909.94995 0.123286
3910.20996 0.121554
3910.46997 0.138729
3910.72998 0.143974
3910.98999 0.157567
3911.25000 0.141148
3911.51001 0.128768
3911.77002 0.125767
3912.03003 0.139416
3912.29004 0.130879
3912.55005 0.148995
3912.81006 0.154997
3913.07007 0.15266
3913.32007 0.138059
3913.58008 0.147145
3913.84009 0.197582
3914.10010 0.164866
3914.36011 0.163523
3914.62012 0.188703
3914.87988 0.176937
3915.13989 0.194584
3915.39990 0.205088
3915.65991 0.179894
3915.91992 0.19808
3916.17993 0.183824
3916.42993 0.188516
3916.68994 0.177758
3916.94995 0.190719
3917.20996 0.179042
3917.46997 0.198287
3917.72998 0.200236
3917.98999 0.210074
3918.25000 0.213839
3918.51001 0.193013
3918.77002 0.211695
3919.03003 0.240021
3919.29004 0.216558
3919.55005 0.228239
3919.80005 0.217793
3920.06006 0.221635
3920.32007 0.23512
3920.58008 0.233701
3920.84009 0.254827
3921.10010 0.227222
3921.36011 0.229523
3921.62012 0.229314
3921.87988 0.22526
3922.13989 0.263254
3922.39990 0.243874
3922.65991 0.273976
3922.90991 0.244932
3923.16992 0.236338
3923.42993 0.244549
3923.68994 0.265481
3923.94995 0.260126
3924.20996 0.25707
3924.46997 0.274682
3924.72998 0.258366
3924.98999 0.276281
3925.25000 0.279337
3925.51001 0.265672
3925.77002 0.263659
3926.03003 0.29948
3926.28003 0.285747
3926.54004 0.286484
3926.80005 0.290188
3927.06006 0.269631
3927.32007 0.279316
3927.58008 0.280788
3927.84009 0.283231
3928.10010 0.286038
3928.36011 0.310291
3928.62012 0.301111
3928.87988 0.298343
3929.13989 0.301518
3929.38989 0.282173
3929.64990 0.284183
3929.90991 0.311587
3930.16992 0.293356
3930.42993 0.306114
3930.68994 0.303191
3930.94995 0.314881
3931.20996 0.295296
3931.46997 0.298468
3931.72998 0.296306
3931.98999 0.316815
3932.25000 0.307285
3932.51001 0.304096
3932.76001 0.319515
3933.02002 0.291927
3933.28003 0.294019
3933.54004 0.290351
3933.80005 0.314051
3934.06006 0.342263
3934.32007 0.321535
3934.58008 0.317752
3934.84009 0.303065
3935.10010 0.315446
3935.36011 0.301396
3935.62012 0.300398
3935.87012 0.320516
3936.12988 0.317021
3936.38989 0.32913
3936.64990 0.315453
3936.90991 0.308135
3937.16992 0.297551
3937.42993 0.293305
3937.68994 0.305365
3937.94995 0.33818
3938.20996 0.308928
3938.46997 0.30417
3938.72998 0.30553
3938.98999 0.299638
3939.23999 0.309633
3939.50000 0.283882
3939.76001 0.328502
3940.02002 0.327436
3940.28003 0.316878
3940.54004 0.301862
3940.80005 0.325573
3941.06006 0.32084
3941.32007 0.330668
3941.58008 0.312764
3941.84009 0.345479
3942.10010 0.331919
3942.35010 0.343899
3942.61011 0.302887
3942.87012 0.329797
3943.12988 0.316709
3943.38989 0.316593
3943.64990 0.325565
3943.90991 0.32297
3944.16992 0.316847
3944.42993 0.339624
3944.68994 0.314069
3944.94995 0.294735
3945.20996 0.331009
3945.46997 0.287764
3945.71997 0.30253
3945.97998 0.326057
3946.23999 0.33002
3946.50000 0.31628
3946.76001 0.297029
3947.02002 0.326495
3947.28003 0.322742
3947.54004 0.327357
3947.80005 0.318186
3948.06006 0.30211
3948.32007 0.297364
3948.58008 0.319574
3948.83008 0.318987
3949.09009 0.306114
3949.35010 0.318635
3949.61011 0.327
3949.87012 0.330274
3950.12988 0.313533
3950.38989 0.309678
3950.64990 0.304477
3950.90991 0.301029
3951.16992 0.306055
3951.42993 0.297707
3951.68994 0.303335
3951.94995 0.309322
3952.19995 0.316941
3952.45996 0.3176
3952.71997 0.294016
3952.97998 0.321605
3953.23999 0.295536
3953.50000 0.295758
3953.76001 0.296921
3954.02002 0.266864
3954.28003 0.289368
3954.54004 0.281392
3954.80005 0.30417
3955.06006 0.318551
3955.31006 0.299847
3955.57007 0.292402
3955.83008 0.286942
3956.09009 0.292025
3956.35010 0.283886
3956.61011 0.305113
3956.87012 0.275104
3957.12988 0.295474
3957.38989 0.29762
3957.64990 0.285934
3957.90991 0.272079
3958.16992 0.266451
3958.42993 0.281517
3958.67993 0.27611
3958.93994 0.293551
3959.19995 0.279077
3959.45996 0.252793
3959.71997 0.252506
3959.97998 0.261131
3960.23999 0.250445
3960.50000 0.269172
3960.76001 0.266706
3961.02002 0.288538
3961.28003 0.240968
3961.54004 0.274099
3961.79004 0.262457
3962.05005 0.263588
3962.31006 0.2575
3962.57007 0.250747
3962.83008 0.24743
3963.09009 0.248276
3963.35010 0.253884
3963.61011 0.255289
3963.87012 0.243157
3964.12988 0.240059
3964.38989 0.240984
3964.64990 0.237298
3964.90991 0.211019
3965.15991 0.252402
3965.41992 0.248065
3965.67993 0.227227
3965.93994 0.239954
3966.19995 0.222396
3966.45996 0.216262
3966.71997 0.222547
3966.97998 0.224127
3967.23999 0.232119
3967.50000 0.229808
3967.76001 0.200322
3968.02002 0.212121
3968.27002 0.212391
3968.53003 0.210552
3968.79004 0.193273
3969.05005 0.209682
3969.31006 0.194017
3969.57007 0.177643
3969.83008 0.206832
3970.09009 0.195882
3970.35010 0.188386
3970.61011 0.180811
3970.87012 0.177768
3971.12988 0.179111
3971.38989 0.182857
3971.63989 0.191615
3971.89990 0.184415
3972.15991 0.175877
3972.41992 0.18313
3972.67993 0.169191
3972.93994 0.173088
3973.19995 0.156423
3973.45996 0.161146
3973.71997 0.150308
3973.97998 0.150085
3974.23999 0.164351
3974.50000 0.160051
3974.75000 0.16808
3975.01001 0.164285
3975.27002 0.14941
3975.53003 0.154213
3975.79004 0.148319
3976.05005 0.144513
3976.31006 0.137698
3976.57007 0.146777
3976.83008 0.138728
3977.09009 0.121548
3977.35010 0.141438
3977.61011 0.122574
3977.87012 0.139734
3978.12012 0.122864
3978.37988 0.131098
3978.63989 0.123091
3978.89990 0.131864
3979.15991 0.119548
3979.41992 0.119488
3979.67993 0.12022
3979.93994 0.110636
3980.19995 0.105072
3980.45996 0.120104
3980.71997 0.105122
3980.97998 0.111578
3981.22998 0.116931
3981.48999 0.102118
3981.75000 0.103686
3982.01001 0.103877
3982.27002 0.106074
3982.53003 0.099417
3982.79004 0.101931
3983.05005 0.090308
3983.31006 0.107054
3983.57007 0.106446
3983.83008 0.10609
3984.09009 0.097164
3984.35010 0.077482
3984.60010 0.095697
3984.86011 0.090388
3985.12012 0.072791
3985.37988 0.091918
3985.63989 0.088605
3985.89990 0.074539
3986.15991 0.076735
3986.41992 0.081648
3986.67993 0.090972
3986.93994 0.080382
3987.19995 0.078106
3987.45996 0.07085
3987.70996 0.079015
3987.96997 0.079227
3988.22998 0.073885
3988.48999 0.06426
3988.75000 0.087196
3989.01001 0.076868
3989.27002 0.0642
3989.53003 0.069908
3989.79004 0.055739
3990.05005 0.069883
3990.31006 0.061962
3990.57007 0.063952
3990.83008 0.062657
3991.08008 0.070996
3991.34009 0.057119
3991.60010 0.064982
3991.86011 0.076395
3992.12012 0.056467
3992.37988 0.064567
3992.63989 0.059892
3992.89990 0.068454
3993.15991 0.043683
3993.41992 0.048946
3993.67993 0.046555
3993.93994 0.059358
3994.18994 0.048156
3994.44995 0.042491
3994.70996 0.053471
3994.96997 0.054755
3995.22998 0.061459
3995.48999 0.048847
3995.75000 0.044827
3996.01001 0.047653
3996.27002 0.03985
3996.53003 0.042221
3996.79004 0.043334
3997.05005 0.047679
3997.31006 0.044473
3997.56006 0.048038
3997.82007 0.033797
3998.08008 0.045822
3998.34009 0.036967
3998.60010 0.036698
3998.86011 0.044637
3999.12012 0.036583
3999.37988 0.03805
3999.63989 0.037635
3999.89990 0.040447
4000.15991 0.037789
4000.41992 0.042001
4000.66992 0.047547
4000.92993 0.045752
4001.18994 0.038947
4001.44995 0.031175
4001.70996 0.046053
4001.96997 0.030067
4002.22998 0.038713
4002.48999 0.037144
4002.75000 0.052998
4003.01001 0.022686
4003.27002 0.035285
4003.53003 0.03571
4003.79004 0.028893
4004.04004 0.020696
4004.30005 0.035725
4004.56006 0.0331
4004.82007 0.042566
4005.08008 0.028917
4005.34009 0.041328
4005.60010 0.039928
4005.86011 0.03032
4006.12012 0.033846
4006.37988 0.022786
4006.63989 0.0311
4006.89990 0.030431
4007.14990 0.02054
4007.40991 0.023961
4007.66992 0.030265
4007.92993 0.031481
4008.18994 0.02873
4008.44995 0.03737
4008.70996 0.021151
4008.96997 0.031354
4009.22998 0.025589
4009.48999 0.036719
4009.75000 0.017196
4010.01001 0.021047
4010.27002 0.022019
4010.52002 0.02599
4010.78003 0.010078
4011.04004 0.021864
4011.30005 0.014572
4011.56006 0.01532
4011.82007 0.01406
4012.08008 0.019435
4012.34009 0.016956
4012.60010 0.023807
4012.86011 0.02166
4013.12012 0.022603
4013.37988 0.022155
4013.62988 0.020197
4013.88989 0.017102
4014.14990 0.015722
4014.40991 0.017897
4014.66992 0.02159
4014.92993 0.012415
4015.18994 0.018174
4015.44995 0.017603
4015.70996 0.014212
4015.96997 0.017175
4016.22998 0.012223
4016.48999 0.032016
4016.75000 0.009504
4017.00000 0.013543
4017.26001 0.019474
4017.52002 0.004134
4017.78003 0.013599
4018.04004 0.019461
4018.30005 0.017917
4018.56006 0.018063
4018.82007 0.009769
4019.08008 0.015098
4019.34009 0.016777
4019.60010 0.012168
4019.86011 0.012365
4020.11011 0.02235
4020.37012 0.013999
4020.62988 0.011956
4020.88989 0.014858
4021.14990 0.015432
4021.40991 0.02287
4021.66992 0.011156
4021.92993 0.025224
4022.18994 0.019224
4424.40918 0.0
