threeML/data/optical_filters/CAHA/CAHA-f_541_108.ecsv
# %ECSV 0.9
# ---
# datatype:
# - {name: wavelength, unit: Angstrom, datatype: float32}
# - {name: response, datatype: float32}
# meta: !!omap
# - {band_name: f_541_108}
# - {group_name: CAHA}
wavelength response
4161.83936 0.0
4624.26611 0.004264
4627.52002 0.004691
4630.77393 0.00514
4634.02783 0.005611
4637.28223 0.006103
4640.53711 0.006616
4643.79102 0.007151
4647.04492 0.007708
4650.29883 0.008286
4653.55420 0.008886
4656.80811 0.009507
4660.06299 0.01015
4663.31689 0.010815
4666.57080 0.011501
4669.82617 0.012209
4673.08105 0.01294
4676.33496 0.013694
4679.58984 0.014472
4682.84521 0.015278
4686.10010 0.016113
4689.35400 0.016983
4692.60889 0.017892
4695.86377 0.018847
4699.11914 0.019856
4702.37500 0.020929
4705.62891 0.022078
4708.88379 0.023314
4712.14014 0.024655
4715.39502 0.026117
4718.64990 0.027726
4721.90479 0.029508
4725.16113 0.031493
4728.41602 0.033718
4731.67188 0.036218
4734.92676 0.03903
4738.18311 0.042187
4741.43799 0.045716
4744.69385 0.04963
4747.95020 0.053937
4751.20508 0.058634
4754.46094 0.06371
4757.71680 0.069159
4760.97314 0.074981
4764.22900 0.081186
4767.48389 0.087796
4770.74121 0.094848
4773.99707 0.10238
4777.25195 0.110432
4780.50879 0.119034
4783.76514 0.128196
4787.02100 0.137912
4790.27686 0.148156
4793.53418 0.158888
4796.79004 0.170062
4800.04688 0.181642
4803.30322 0.1936
4806.56006 0.205926
4809.81592 0.218622
4813.07324 0.231697
4816.33008 0.245158
4819.58594 0.259006
4822.84277 0.27323
4826.10010 0.287807
4829.35596 0.302705
4832.61279 0.317882
4835.87109 0.333298
4839.12695 0.348904
4842.38379 0.364656
4845.64209 0.380513
4848.89893 0.396439
4852.15576 0.412409
4855.41309 0.428412
4858.66992 0.444439
4861.92822 0.460487
4865.18506 0.476543
4868.44287 0.492586
4871.70020 0.508577
4874.95801 0.524458
4878.21484 0.540159
4881.47314 0.555607
4884.72998 0.570731
4887.98779 0.585478
4891.24609 0.599802
4894.50391 0.613695
4897.76221 0.627159
4901.02002 0.640211
4904.27783 0.652881
4907.53613 0.665203
4910.79297 0.677206
4914.05176 0.688909
4917.31006 0.700329
4920.56787 0.711461
4923.82715 0.722302
4927.08496 0.732837
4930.34277 0.743051
4933.60205 0.75293
4936.85986 0.762466
4940.11914 0.77166
4943.37695 0.780519
4946.63623 0.789061
4949.89502 0.797301
4953.15283 0.805265
4956.41211 0.812966
4959.66992 0.820416
4962.93018 0.827626
4966.18799 0.834599
4969.44678 0.841334
4972.70703 0.847827
4975.96484 0.854078
4979.22510 0.860084
4982.48389 0.865844
4985.74316 0.871357
4989.00195 0.876627
4992.26221 0.881672
4995.52100 0.886507
4998.77979 0.89116
5002.04004 0.895668
5005.29883 0.900054
5008.55908 0.904336
5011.81787 0.908512
5015.07812 0.912559
5018.33789 0.916435
5021.59814 0.920101
5024.85693 0.923522
5028.11719 0.926681
5031.37695 0.929589
5034.63721 0.932276
5037.89697 0.934786
5041.15723 0.93717
5044.41699 0.939476
5047.67822 0.941745
5050.93799 0.944004
5054.19824 0.946267
5057.45801 0.948534
5060.71924 0.950797
5063.97900 0.953032
5067.24023 0.955206
5070.50000 0.957286
5073.76123 0.959237
5077.02100 0.961025
5080.28223 0.96264
5083.54297 0.96408
5086.80420 0.965366
5090.06494 0.96653
5093.32617 0.967607
5096.58691 0.968636
5099.84814 0.969646
5103.10889 0.970651
5106.37012 0.971667
5109.63086 0.972696
5112.89209 0.973746
5116.15381 0.974824
5119.41504 0.97593
5122.67578 0.977062
5125.93799 0.978202
5129.19922 0.979325
5132.46094 0.980394
5135.72314 0.981371
5138.98389 0.982233
5142.24609 0.982964
5145.50781 0.983563
5148.77002 0.984044
5152.03076 0.984429
5155.29297 0.984732
5158.55518 0.984962
5161.81689 0.985122
5165.07910 0.985211
5168.34082 0.985234
5171.60400 0.985202
5174.86621 0.985145
5178.12793 0.985102
5181.39111 0.985112
5184.65283 0.985216
5187.91602 0.985434
5191.17822 0.985769
5194.43994 0.986204
5197.70312 0.986696
5200.96582 0.987196
5204.22900 0.987653
5207.49121 0.98802
5210.75391 0.988269
5214.01709 0.98839
5217.27979 0.98839
5220.54297 0.988287
5223.80615 0.988111
5227.06885 0.987883
5230.33301 0.987626
5233.59619 0.987351
5236.85889 0.987059
5240.12207 0.986752
5243.38477 0.986428
5246.64893 0.986096
5249.91309 0.985761
5253.17578 0.985446
5256.43896 0.985175
5259.70312 0.984968
5262.96680 0.984838
5266.23096 0.984788
5269.49512 0.984809
5272.75781 0.984882
5276.02197 0.984981
5279.28711 0.985077
5282.54980 0.985145
5285.81396 0.985161
5289.07910 0.985109
5292.34277 0.984979
5295.60693 0.984764
5298.87207 0.984471
5302.13623 0.984102
5305.39990 0.983669
5308.66504 0.983181
5311.92920 0.982645
5315.19385 0.982067
5318.45801 0.981454
5321.72412 0.980801
5324.98779 0.980095
5328.25293 0.979332
5331.51807 0.978495
5334.78320 0.977577
5338.04785 0.976582
5341.31299 0.975519
5344.57812 0.974409
5347.84277 0.973283
5351.10791 0.972171
5354.37402 0.9711
5357.63916 0.970093
5360.90479 0.969166
5364.16992 0.968316
5367.43604 0.967534
5370.70117 0.966802
5373.96680 0.966097
5377.23193 0.965393
5380.49805 0.964673
5383.76416 0.963923
5387.02979 0.963126
5390.29590 0.962276
5393.56201 0.961358
5396.82812 0.960356
5400.09424 0.959255
5403.35986 0.958047
5406.62598 0.956734
5409.89307 0.955337
5413.15918 0.953894
5416.42480 0.952454
5419.69092 0.951068
5422.95801 0.949781
5426.22510 0.94862
5429.49121 0.947586
5432.75781 0.946663
5436.02490 0.945816
5439.29199 0.944998
5442.55908 0.944166
5445.82520 0.943274
5449.09180 0.942287
5452.35889 0.941178
5455.62598 0.939932
5458.89404 0.938542
5462.16113 0.937012
5465.42822 0.935353
5468.69482 0.933584
5471.96191 0.931728
5475.22998 0.929807
5478.49805 0.927844
5481.76514 0.925854
5485.03320 0.923851
5488.29980 0.921846
5491.56787 0.919845
5494.83594 0.917857
5498.10400 0.915891
5501.37207 0.913952
5504.64014 0.91204
5507.90820 0.910151
5511.17578 0.908272
5514.44385 0.906386
5517.71191 0.90448
5520.97998 0.902543
5524.24902 0.900573
5527.51709 0.898586
5530.78613 0.8966
5534.05420 0.894645
5537.32324 0.89275
5540.59082 0.890937
5543.85986 0.889214
5547.12793 0.887578
5550.39697 0.885997
5553.66699 0.884433
5556.93506 0.882832
5560.20410 0.881147
5563.47314 0.879338
5566.74219 0.877386
5570.01221 0.875288
5573.28076 0.873062
5576.54980 0.870741
5579.81885 0.868361
5583.08887 0.865949
5586.35791 0.863525
5589.62793 0.861089
5592.89697 0.858631
5596.16699 0.856134
5599.43701 0.853578
5602.70703 0.850949
5605.97705 0.848249
5609.24609 0.845479
5612.51611 0.842658
5615.78711 0.839808
5619.05713 0.836953
5622.32715 0.834119
5625.59717 0.831329
5628.86719 0.828601
5632.13721 0.825948
5635.40820 0.823374
5638.67822 0.820874
5641.94922 0.818439
5645.21924 0.816048
5648.49023 0.81367
5651.76123 0.811279
5655.03076 0.808834
5658.30176 0.806298
5661.57324 0.803639
5664.84424 0.800831
5668.11523 0.797867
5671.38623 0.794757
5674.65723 0.791532
5677.92920 0.788236
5681.20020 0.784922
5684.47119 0.781644
5687.74316 0.778442
5691.01416 0.775341
5694.28613 0.772344
5697.55713 0.769435
5700.82910 0.766585
5704.10107 0.763763
5707.37207 0.760933
5710.64404 0.758079
5713.91602 0.755189
5717.18799 0.752267
5720.45996 0.749325
5723.73193 0.746375
5727.00391 0.743427
5730.27588 0.740482
5733.54785 0.737533
5736.82080 0.734561
5740.09277 0.731548
5743.36621 0.728471
5746.63818 0.72532
5749.91113 0.722089
5753.18408 0.718786
5756.45605 0.715425
5759.72900 0.712023
5763.00195 0.708597
5766.27490 0.705163
5769.54785 0.701726
5772.82080 0.698287
5776.09424 0.694838
5779.36719 0.691364
5782.64111 0.687846
5785.91406 0.684261
5789.18701 0.680594
5792.45996 0.676837
5795.73389 0.673001
5799.00781 0.669111
5802.28076 0.665206
5805.55518 0.661331
5808.82910 0.65753
5812.10303 0.653831
5815.37598 0.650251
5818.64990 0.646778
5821.92383 0.643389
5825.19824 0.640042
5828.47217 0.636688
5831.74707 0.633281
5835.02100 0.629782
5838.29492 0.62617
5841.56885 0.622436
5844.84424 0.618589
5848.11914 0.614648
5851.39307 0.610642
5854.66797 0.6066
5857.94189 0.602552
5861.21680 0.598527
5864.49219 0.594545
5867.76709 0.59062
5871.04199 0.586761
5874.31689 0.582969
5877.59180 0.579238
5880.86816 0.575552
5884.14307 0.571893
5887.41797 0.568242
5890.69287 0.564577
5893.96924 0.560883
5897.24414 0.557152
5900.52002 0.553385
5903.79590 0.54959
5907.07080 0.545778
5910.34717 0.541962
5913.62305 0.538153
5916.89893 0.534354
5920.17480 0.530566
5923.45117 0.526782
5926.72705 0.522995
5930.00293 0.519201
5933.27881 0.515395
5936.55615 0.511575
5939.83203 0.507742
5943.10791 0.503902
5946.38477 0.500057
5949.66211 0.496212
5952.93799 0.492371
5956.21484 0.488535
5959.49219 0.484701
5962.76904 0.480859
5966.04492 0.47699
5969.32324 0.473075
5972.60010 0.469089
5975.87695 0.465016
5979.15381 0.460852
5982.43115 0.456602
5985.70801 0.452286
5988.98584 0.447926
5992.26318 0.443546
5995.54102 0.439162
5998.81787 0.434783
6002.09619 0.430412
6005.37402 0.426047
6008.65186 0.42169
6011.93018 0.417346
6015.20801 0.413028
6018.48486 0.408753
6021.76416 0.404535
6025.04199 0.400388
6028.31982 0.396314
6031.59814 0.392313
6034.87598 0.388375
6038.15479 0.384493
6041.43408 0.380659
6044.71191 0.376869
6047.99121 0.373121
6051.27002 0.369416
6054.54785 0.365749
6057.82715 0.362118
6061.10596 0.358512
6064.38477 0.354922
6067.66406 0.35134
6070.94287 0.347761
6074.22217 0.344185
6077.50098 0.340619
6080.78076 0.337068
6084.06006 0.33354
6087.33887 0.330034
6090.61914 0.326548
6093.89795 0.323074
6097.17822 0.319602
6100.45801 0.316121
6103.73779 0.312623
6107.01807 0.309099
6110.29785 0.30554
6113.57812 0.301942
6116.85693 0.298299
6120.13818 0.294611
6123.41797 0.290885
6126.69824 0.287128
6129.97900 0.28336
6133.25879 0.279602
6136.54004 0.275877
6139.81982 0.27221
6143.10107 0.26862
6146.38086 0.265122
6149.66309 0.261718
6152.94287 0.258406
6156.22412 0.255175
6159.50488 0.252009
6162.78613 0.248896
6166.06689 0.24582
6169.34912 0.242774
6172.62988 0.23975
6175.91113 0.236745
6179.19189 0.23376
6182.47412 0.230792
6185.75586 0.227842
6189.03711 0.224904
6192.31885 0.221973
6195.60107 0.219043
6198.88281 0.216112
6202.16504 0.213175
6205.44678 0.210238
6208.72900 0.207305
6212.01123 0.20439
6215.29297 0.201501
6218.57520 0.198653
6221.85693 0.195855
6225.14014 0.193112
6228.42188 0.19043
6231.70508 0.18781
6234.98779 0.185251
6238.27100 0.182751
6241.55322 0.180305
6244.83594 0.177903
6248.11914 0.17553
6251.40186 0.173168
6254.68506 0.170789
6257.96777 0.168369
6261.25098 0.165883
6264.53516 0.163311
6267.81787 0.160647
6271.10205 0.157896
6274.38477 0.155078
6277.66797 0.152225
6280.95215 0.149376
6284.23584 0.146573
6287.52002 0.143851
6290.80420 0.141233
6294.08691 0.138731
6297.37207 0.136344
6300.65576 0.134057
6303.93994 0.131854
6307.22412 0.129713
6310.50781 0.127619
6313.79297 0.125562
6317.07715 0.123535
6320.36182 0.121542
6323.64600 0.119588
6326.93115 0.117679
6330.21582 0.11582
6333.50000 0.114012
6336.78613 0.112251
6340.06982 0.110525
6343.35498 0.108821
6346.64111 0.107121
6349.92578 0.10541
6353.21094 0.103675
6356.49707 0.101913
6359.78223 0.100125
6363.06689 0.098323
6366.35303 0.09652
6369.63916 0.094734
6372.92383 0.092981
6376.20996 0.091271
6379.49609 0.089605
6382.78223 0.08798
6386.06787 0.086387
6389.35400 0.084814
6392.64014 0.083251
6395.92578 0.081693
6399.21191 0.080143
6402.49902 0.078608
6405.78613 0.077099
6409.07178 0.075628
6412.35791 0.074205
6415.64600 0.072834
6418.93213 0.071512
6422.21924 0.070231
6425.50586 0.068979
6428.79297 0.067744
6432.08008 0.066515
6435.36719 0.065289
6438.65381 0.064066
6441.94092 0.062851
6445.22900 0.061654
6448.51611 0.060483
6451.80420 0.059348
6455.09082 0.05825
6458.37891 0.05719
6461.66699 0.056165
6464.95508 0.055169
6468.24316 0.054197
6471.53076 0.053243
6474.81787 0.052305
6478.10693 0.051377
6481.39502 0.050457
6484.68311 0.049538
6487.97217 0.048616
6491.25977 0.047686
6494.54785 0.046743
6497.83691 0.045785
6501.12500 0.044811
6504.41504 0.043823
6507.70312 0.042829
6510.99219 0.041835
6514.28076 0.040852
6517.56982 0.039889
6520.85889 0.038957
6524.14795 0.038066
6527.43799 0.03722
6530.72705 0.036423
6534.01709 0.035673
6537.30615 0.034962
6540.59619 0.034282
6543.88477 0.033621
6547.17480 0.032971
6550.46484 0.032322
6553.75488 0.031669
6557.04395 0.031009
6560.33398 0.030341
6563.62500 0.029667
6566.91504 0.028988
6570.20605 0.028308
6573.49609 0.027632
6576.78613 0.026966
6580.07715 0.026318
6583.36719 0.025694
6586.65820 0.025101
6589.94922 0.024542
6593.23877 0.024015
6596.52979 0.023515
6599.82080 0.023033
6603.11182 0.022563
6606.40283 0.022096
6609.69482 0.021628
6612.98584 0.021157
6616.27686 0.020684
6619.56885 0.020212
6622.85986 0.019745
6626.15186 0.019287
6629.44287 0.018841
6632.73486 0.018412
6636.02686 0.018001
6639.31885 0.017611
6642.61084 0.017243
6645.90283 0.016897
6649.19482 0.016571
6652.48779 0.016262
6655.77979 0.015964
6659.07178 0.01567
6662.36523 0.015374
6665.65723 0.015069
6668.95020 0.014755
6672.24316 0.014431
6675.53613 0.014101
6678.82812 0.013771
6682.12207 0.013449
6685.41504 0.013137
6688.70801 0.01284
6692.00098 0.012555
6695.29395 0.012279
6698.58691 0.012004
6701.88086 0.011725
6705.17383 0.011437
6708.46777 0.011137
6711.76221 0.010827
6715.05518 0.010514
6718.34912 0.010203
6721.64307 0.009905
6724.93701 0.009628
6728.23096 0.009379
6731.52490 0.009161
6734.81885 0.008974
6738.11377 0.008815
6741.40820 0.008678
6744.70312 0.008553
6747.99805 0.008433
6751.29199 0.008309
6754.58691 0.008174
6757.88086 0.008024
6761.17578 0.007857
6764.47119 0.007673
6767.76611 0.007475
6771.06201 0.007268
6774.35693 0.007056
6777.65186 0.006846
6780.94678 0.006641
6784.24316 0.006444
6787.53906 0.006256
6790.83398 0.006079
6794.12891 0.005914
6797.42480 0.00576
6800.72119 0.00562
6804.01807 0.005493
6807.31299 0.00538
6810.60889 0.005277
6813.90479 0.005184
6817.20215 0.005097
6820.49805 0.005013
6823.79395 0.004928
6827.09082 0.004839
6830.38818 0.004743
6833.68506 0.004638
6836.98096 0.004523
6840.27783 0.004398
6843.57520 0.004266
6846.87207 0.004131
7531.55908 0.0
