threeML/data/optical_filters/CAHA/CAHA-f_639_13.ecsv
# %ECSV 0.9
# ---
# datatype:
# - {name: wavelength, unit: Angstrom, datatype: float32}
# - {name: response, datatype: float32}
# meta: !!omap
# - {band_name: f_639_13}
# - {group_name: CAHA}
wavelength response
[from data line 805]
6442.35010 0.628601
6442.60986 0.623262
6442.87012 0.61678
6443.12988 0.61445
6443.39014 0.60727
6443.64990 0.604065
6443.91992 0.59919
6444.18018 0.591153
6444.43994 0.587406
6444.70020 0.582363
6444.95996 0.577535
6445.22021 0.573117
6445.47998 0.567263
6445.74023 0.56295
6446.00977 0.557569
6446.27002 0.552659
6446.52979 0.54475
6446.79004 0.540159
6447.04980 0.536307
6447.31006 0.52982
6447.56982 0.523666
6447.83008 0.518648
6448.08984 0.513066
6448.35986 0.507629
6448.62012 0.503707
6448.87988 0.497389
6449.14014 0.491222
6449.39990 0.484285
6449.66016 0.479675
6449.91992 0.474659
6450.18018 0.468688
6450.45020 0.46281
6450.70996 0.458137
6450.97021 0.450979
6451.22998 0.447681
6451.49023 0.441877
6451.75000 0.437355
6452.00977 0.429646
6452.27002 0.424763
6452.54004 0.419641
6452.79980 0.41366
6453.06006 0.408432
6453.31982 0.402187
6453.58008 0.398405
6453.83984 0.393211
6454.10010 0.387749
6454.35986 0.38384
6454.62012 0.37701
6454.89014 0.372201
6455.14990 0.367525
6455.41016 0.362703
6455.66992 0.357934
6455.93018 0.352286
6456.18994 0.347221
6456.45020 0.342249
6456.70996 0.336738
6456.97998 0.332823
6457.24023 0.328052
6457.50000 0.324021
6457.75977 0.318039
6458.02002 0.314257
6458.27979 0.30907
6458.54004 0.304689
6458.79980 0.301121
6459.06982 0.295183
6459.33008 0.291716
6459.58984 0.287078
6459.85010 0.284353
6460.10986 0.278384
6460.37012 0.274979
6460.62988 0.271001
6460.89014 0.266415
6461.14990 0.262087
6461.41992 0.258236
6461.68018 0.254001
6461.93994 0.249931
6462.20020 0.246153
6462.45996 0.242025
6462.72021 0.239462
6462.97998 0.235196
6463.24023 0.23131
6463.50977 0.228471
6463.77002 0.224943
6464.02979 0.220694
6464.29004 0.216743
6464.54980 0.214611
6464.81006 0.209983
6465.06982 0.207211
6465.33008 0.204187
6465.60010 0.201827
6465.85986 0.197903
6466.12012 0.194782
6466.37988 0.1914
6466.64014 0.187991
6466.89990 0.18597
6467.16016 0.182792
6467.41992 0.180404
6467.68018 0.176651
6467.95020 0.174402
6468.20996 0.171866
6468.47021 0.168918
6468.72998 0.166249
6468.99023 0.163679
6469.25000 0.160501
6469.50977 0.159155
6469.77002 0.1558
6470.04004 0.153944
6470.29980 0.151346
6470.56006 0.149536
6470.81982 0.146809
6471.08008 0.144407
6471.33984 0.142085
6471.60010 0.139172
6471.85986 0.137425
6472.12012 0.135168
6472.39014 0.13333
6472.64990 0.131087
6472.91016 0.129098
6473.16992 0.126906
6473.43018 0.124617
6473.68994 0.12289
6473.95020 0.121081
6474.20996 0.119544
6474.47998 0.11769
6474.74023 0.116241
6475.00000 0.113992
6475.25977 0.112753
6475.52002 0.110521
6475.77979 0.109047
6476.04004 0.107148
6476.29980 0.105224
6476.56982 0.10369
6476.83008 0.10225
6477.08984 0.101074
6477.35010 0.09912
6477.60986 0.097662
6477.87012 0.096155
6478.12988 0.094407
6478.39014 0.093043
6478.66016 0.091481
6478.91992 0.090652
6479.18018 0.088843
6479.43994 0.087456
6479.70020 0.086822
6479.95996 0.085991
6480.22021 0.084121
6480.47998 0.082045
6480.74023 0.081513
6481.00977 0.079699
6481.27002 0.078672
6481.52979 0.077795
6481.79004 0.076415
6482.04980 0.074837
6482.31006 0.074524
6482.56982 0.073463
6482.83008 0.072271
6483.10010 0.070527
6483.35986 0.070206
6483.62012 0.069378
6483.87988 0.067495
6484.14014 0.067083
6484.39990 0.06626
6484.66016 0.064924
6484.91992 0.064354
6485.18994 0.063257
6485.45020 0.062581
6485.70996 0.061649
6485.97021 0.060579
6486.22998 0.059892
6486.49023 0.058795
6486.75000 0.057867
6487.00977 0.057543
6487.27002 0.056488
6487.54004 0.055822
6487.79980 0.05466
6488.06006 0.054359
6488.31982 0.053461
6488.58008 0.05258
6488.83984 0.051976
6489.10010 0.051139
6489.35986 0.050301
6489.62988 0.049292
6489.89014 0.049252
6490.14990 0.048269
6490.41016 0.047737
6490.66992 0.047353
6490.93018 0.046715
6491.18994 0.045884
6491.45020 0.045076
6491.72021 0.044788
6491.97998 0.043856
6492.24023 0.043438
6492.50000 0.042677
6492.75977 0.042351
6493.02002 0.041717
6493.27979 0.041282
6493.54004 0.040716
6493.79980 0.039962
6494.06982 0.039679
6494.33008 0.039059
6494.58984 0.038367
6494.85010 0.037896
6495.10986 0.037431
6495.37012 0.037078
6495.62988 0.036735
6495.89014 0.036004
6496.16016 0.035726
6496.41992 0.03508
6496.68018 0.034424
6496.93994 0.033986
6497.20020 0.034045
6497.45996 0.03342
6497.72021 0.032757
6497.97998 0.032543
6498.25000 0.032103
6498.50977 0.031748
6498.77002 0.031337
6499.02979 0.031318
6499.29004 0.030733
6499.54980 0.030192
6499.81006 0.029741
6500.06982 0.029552
6500.33008 0.029009
6500.60010 0.028761
6500.85986 0.028201
6501.12012 0.027821
6501.37988 0.027855
6501.64014 0.027537
6501.89990 0.027103
6502.16016 0.026659
6502.41992 0.026423
6502.68994 0.026352
6502.95020 0.025823
6503.20996 0.025637
6503.47021 0.025336
6503.72998 0.024922
6503.99023 0.024402
6504.25000 0.024677
6504.50977 0.023564
6504.77979 0.023703
6505.04004 0.023313
6505.29980 0.023373
6505.56006 0.022941
6505.81982 0.022958
6506.08008 0.022598
6506.33984 0.022324
6506.60010 0.022039
6506.85986 0.021589
6507.12988 0.021491
6507.39014 0.020747
6507.64990 0.020969
6507.91016 0.02081
6508.16992 0.020674
6508.43018 0.020096
6508.68994 0.019822
6508.95020 0.019712
6509.22021 0.019614
6509.47998 0.019236
6509.74023 0.019166
6510.00000 0.018907
6510.25977 0.018838
6510.52002 0.018522
6510.77979 0.018559
6511.04004 0.018218
6511.31006 0.018053
6511.56982 0.017826
6511.83008 0.017587
6512.08984 0.017505
6512.35010 0.017073
6512.60986 0.017129
6512.87012 0.016782
6513.12988 0.0168
6513.39990 0.016559
6513.66016 0.016488
6513.91992 0.016233
6514.18018 0.015874
6514.43994 0.015641
6514.70020 0.015916
6514.95996 0.015647
6515.22021 0.015542
6515.47998 0.015212
6515.75000 0.015133
6516.00977 0.01489
6516.27002 0.014713
6516.52979 0.014495
6516.79004 0.014568
6517.04980 0.014181
6517.31006 0.014373
6517.56982 0.014083
6517.83008 0.014079
6518.10010 0.013613
6518.35986 0.013809
6518.62012 0.013511
6518.87988 0.013171
6519.14014 0.013056
6519.39990 0.013079
6519.66016 0.012914
6519.91992 0.012729
6520.18994 0.012706
6520.45020 0.012726
6520.70996 0.012512
6520.97021 0.012169
6521.22998 0.012288
6521.49023 0.012106
6521.75000 0.012035
6522.00977 0.011948
6522.27979 0.011969
6522.54004 0.011891
6522.79980 0.011853
6523.06006 0.011519
6523.31982 0.011311
6523.58008 0.011345
6523.83984 0.010964
6524.10010 0.011118
6524.37012 0.010881
6524.62988 0.010866
6524.89014 0.010944
6525.14990 0.010709
6525.41016 0.010527
6525.66992 0.010695
6525.93018 0.01045
6526.18994 0.010253
6526.45020 0.010214
6526.72021 0.010128
6526.97998 0.010068
6527.24023 0.009929
6527.50000 0.009818
6527.75977 0.009787
6528.02002 0.009679
6528.27979 0.009661
6528.54004 0.009558
6528.81006 0.009452
6529.06982 0.009323
6529.33008 0.00933
6529.58984 0.009208
6529.85010 0.009175
6530.10986 0.009097
6530.37012 0.009122
6530.62988 0.009011
6530.89990 0.008675
6531.16016 0.008742
6531.41992 0.008702
6531.68018 0.008683
6531.93994 0.008481
6532.20020 0.00839
6532.45996 0.008406
6532.72021 0.008392
6532.97998 0.008325
6533.25000 0.008458
6533.50977 0.008055
6533.77002 0.008183
6534.02979 0.008038
6534.29004 0.008086
6534.54980 0.007959
6534.81006 0.008035
6535.06982 0.007713
6535.33984 0.007768
6535.60010 0.007613
6535.85986 0.007595
6536.12012 0.007565
6536.37988 0.007605
6536.64014 0.007387
6536.89990 0.007464
6537.16016 0.007367
6537.43018 0.007233
6537.68994 0.007176
6537.95020 0.007277
6538.20996 0.007323
6538.47021 0.007101
6538.72998 0.007189
6538.99023 0.007096
6539.25000 0.006955
6539.50977 0.007026
6539.77979 0.006914
6540.04004 0.006805
6540.29980 0.006879
6540.56006 0.006744
6540.81982 0.006655
6541.08008 0.006515
6541.33984 0.006431
6541.60010 0.006372
6541.87012 0.00638
6542.12988 0.006516
6542.39014 0.006349
6542.64990 0.006366
6542.91016 0.006287
6543.16992 0.006172
6543.43018 0.006071
6543.68994 0.006203
6543.95996 0.006211
6544.22021 0.005976
6544.47998 0.005932
6544.74023 0.005961
6545.00000 0.005941
6545.25977 0.005956
6545.52002 0.005917
6545.77979 0.005837
6546.04004 0.005765
6546.31006 0.005732
6546.56982 0.005674
6546.83008 0.005715
6547.08984 0.005846
6547.35010 0.00566
6547.60986 0.0056
6547.87012 0.005556
6548.12988 0.005473
6548.39990 0.005637
6548.66016 0.00542
6548.91992 0.005346
6549.18018 0.005425
6549.43994 0.005426
6549.70020 0.005447
6549.95996 0.005267
6550.22021 0.005183
6550.49023 0.005294
6550.75000 0.005289
6551.00977 0.005068
6551.27002 0.004912
6551.52979 0.005049
6551.79004 0.00504
6552.04980 0.005008
6552.31006 0.004978
6552.56982 0.004988
6552.83984 0.004959
6553.10010 0.004857
6553.35986 0.004949
6553.62012 0.004944
6553.87988 0.004833
6554.14014 0.004682
6554.39990 0.004736
6554.66016 0.004769
6554.93018 0.004702
6555.18994 0.004798
6555.45020 0.004641
6555.70996 0.004556
6555.97021 0.004649
6556.22998 0.004562
6556.49023 0.004558
6556.75000 0.004577
6557.02002 0.00444
6557.27979 0.004467
6557.54004 0.004485
6557.79980 0.004333
6558.06006 0.004551
6558.31982 0.004462
6558.58008 0.004464
6558.83984 0.004225
6559.10010 0.004344
6559.37012 0.004425
6559.62988 0.004285
6559.89014 0.004269
6560.14990 0.00424
6560.41016 0.004231
6560.66992 0.004279
6560.93018 0.004157
6561.18994 0.004226
6561.45996 0.004106
6561.72021 0.004123
6561.97998 0.004003
6562.24023 0.004072
6562.50000 0.004101
7218.75000 0.0
