threeML/data/optical_filters/CAHA/CAHA-f_466_9.ecsv
# %ECSV 0.9
# ---
# datatype:
# - {name: wavelength, unit: Angstrom, datatype: float32}
# - {name: response, datatype: float32}
# meta: !!omap
# - {band_name: f_466_9}
# - {group_name: CAHA}
wavelength response
4106.35791 0.0
4562.62012 0.008468
4562.87988 0.008307
4563.14014 0.009199
4563.39990 0.009741
4563.66016 0.008679
4563.91992 0.009785
4564.18018 0.009097
4564.43994 0.009726
4564.70020 0.010589
4564.95996 0.010523
4565.22021 0.010777
4565.47998 0.012335
4565.72998 0.009588
4566.00000 0.012008
4566.25000 0.011631
4566.50977 0.010118
4566.77002 0.009801
4567.02979 0.010366
4567.29004 0.010564
4567.54980 0.011641
4567.81006 0.012567
4568.06982 0.01182
4568.33008 0.012263
4568.58984 0.012519
4568.85010 0.012624
4569.10986 0.013323
4569.37012 0.013631
4569.62988 0.014466
4569.89014 0.014074
4570.14990 0.014188
4570.41016 0.013433
4570.66992 0.01388
4570.93018 0.014522
4571.18994 0.013284
4571.45020 0.014795
4571.70996 0.016265
4571.97021 0.016163
4572.22998 0.014738
4572.49023 0.014425
4572.75000 0.016924
4573.00977 0.016657
4573.27002 0.015948
4573.52979 0.018307
4573.79004 0.017715
4574.04980 0.016366
4574.31006 0.017827
4574.56982 0.017982
4574.83008 0.019354
4575.08984 0.01949
4575.35010 0.018526
4575.60986 0.019446
4575.87012 0.020414
4576.12988 0.021006
4576.39014 0.021829
4576.64990 0.021456
4576.91016 0.021936
4577.16992 0.020139
4577.43018 0.021682
4577.68994 0.022458
4577.95020 0.023203
4578.20996 0.024283
4578.47021 0.024203
4578.72998 0.023923
4578.99023 0.024349
4579.25000 0.023676
4579.50977 0.02546
4579.77002 0.025394
4580.02979 0.02739
4580.29004 0.026946
4580.54980 0.027699
4580.81006 0.029465
4581.06982 0.029106
4581.33008 0.030065
4581.58984 0.031138
4581.85010 0.030665
4582.10986 0.032714
4582.37012 0.0326
4582.62988 0.032387
4582.89014 0.03303
4583.14990 0.033838
4583.41016 0.034785
4583.66992 0.035567
4583.93018 0.036465
4584.18994 0.037489
4584.45020 0.035733
4584.70996 0.038063
4584.97021 0.038903
4585.22998 0.039764
4585.49023 0.042388
4585.75000 0.041446
4586.00977 0.042674
4586.27002 0.044112
4586.52979 0.044916
4586.79004 0.047052
4587.04980 0.046521
4587.31006 0.047501
4587.56982 0.047408
4587.83008 0.05053
4588.08984 0.052543
4588.35010 0.053542
4588.60986 0.05452
4588.87012 0.056409
4589.12988 0.056707
4589.39014 0.059845
4589.64990 0.05876
4589.91016 0.06386
4590.16992 0.06334
4590.43018 0.065977
4590.68994 0.065591
4590.95020 0.06993
4591.20996 0.06906
4591.47021 0.071989
4591.72998 0.07419
4591.97998 0.074007
4592.25000 0.079966
4592.50000 0.079579
4592.75977 0.081074
4593.02002 0.083398
4593.27979 0.086243
4593.54004 0.086391
4593.79980 0.090083
4594.06006 0.093975
4594.31982 0.093935
4594.58008 0.098466
4594.83984 0.101343
4595.10010 0.101476
4595.35986 0.105715
4595.62012 0.107059
4595.87988 0.110962
4596.14014 0.114323
4596.39990 0.117457
4596.66016 0.119493
4596.91992 0.123461
4597.18018 0.126422
4597.43994 0.130294
4597.70020 0.134792
4597.95996 0.135452
4598.22021 0.142013
4598.47998 0.144309
4598.74023 0.147055
4599.00000 0.150886
4599.25977 0.158515
4599.52002 0.157761
4599.77979 0.16513
4600.04004 0.170828
4600.29980 0.174385
4600.56006 0.176688
4600.81982 0.183951
4601.08008 0.189496
4601.33984 0.190998
4601.60010 0.196804
4601.85986 0.20644
4602.12012 0.205822
4602.37988 0.214073
4602.64014 0.218645
4602.89990 0.227442
4603.16016 0.229836
4603.41992 0.240141
4603.68018 0.241351
4603.93994 0.248528
4604.20020 0.251144
4604.45996 0.264444
4604.72021 0.265881
4604.97998 0.272749
4605.24023 0.280182
4605.50000 0.28443
4605.75977 0.292826
4606.02002 0.305248
4606.27979 0.306911
4606.54004 0.315807
4606.79980 0.321877
4607.06006 0.32773
4607.31982 0.333962
4607.58008 0.339849
4607.83984 0.350763
4608.10010 0.351992
4608.35986 0.360693
4608.62012 0.374554
4608.87988 0.374171
4609.14014 0.388056
4609.39990 0.39609
4609.66016 0.400757
4609.91992 0.408582
4610.18018 0.41243
4610.43994 0.420096
4610.70020 0.429491
4610.95996 0.43678
4611.22021 0.443979
4611.47998 0.458006
4611.74023 0.458555
4612.00000 0.466031
4612.25977 0.472238
4612.52002 0.472106
4612.77979 0.491427
4613.04004 0.487213
4613.29980 0.498454
4613.56006 0.506749
4613.81982 0.515288
4614.08008 0.516352
4614.33984 0.521221
4614.60010 0.533983
4614.85986 0.524553
4615.12012 0.535974
4615.37988 0.543402
4615.64014 0.546369
4615.89990 0.554377
4616.16016 0.565228
4616.41992 0.560048
4616.68018 0.567394
4616.93994 0.572648
4617.20020 0.581273
4617.45996 0.585407
4617.72021 0.589872
4617.97998 0.597412
4618.22998 0.593274
4618.49023 0.601378
4618.75000 0.603802
4619.00977 0.605668
4619.27002 0.613884
4619.52979 0.614336
4619.79004 0.616687
4620.04980 0.617449
4620.31006 0.629701
4620.56982 0.622848
4620.83008 0.630226
4621.08984 0.633386
4621.35010 0.63845
4621.60986 0.638944
4621.87012 0.640167
4622.12988 0.640276
4622.39014 0.647264
4622.64990 0.64787
4622.91016 0.650881
4623.16992 0.649888
4623.43018 0.642761
4623.68994 0.659446
4623.95020 0.648744
4624.20996 0.657576
4624.47021 0.661331
4624.72998 0.658172
4624.99023 0.657
4625.25000 0.660442
4625.50977 0.666551
4625.77002 0.660474
4626.02979 0.664729
4626.29004 0.663692
4626.54980 0.667723
4626.81006 0.670761
4627.06982 0.671708
4627.33008 0.669746
4627.58984 0.675958
4627.85010 0.682225
4628.10986 0.675699
4628.37012 0.682786
4628.62988 0.674929
4628.89014 0.676594
4629.14990 0.682727
4629.41016 0.687886
4629.66992 0.682946
4629.93018 0.686791
4630.18994 0.686541
4630.45020 0.67789
4630.70996 0.683715
4630.97021 0.690589
4631.22998 0.687937
4631.49023 0.689652
4631.75000 0.695012
4632.00977 0.691398
4632.27002 0.689824
4632.52979 0.693676
4632.79004 0.692436
4633.04980 0.695553
4633.31006 0.703475
4633.56982 0.694775
4633.83008 0.702307
4634.08984 0.706432
4634.35010 0.709212
4634.60986 0.699431
4634.87012 0.702992
4635.12988 0.705905
4635.39014 0.706107
4635.64990 0.702468
4635.91016 0.713208
4636.16992 0.712086
4636.43018 0.708888
4636.68994 0.710455
4636.95020 0.709231
4637.20996 0.718711
4637.47021 0.710379
4637.72998 0.709336
4637.99023 0.710662
4638.25000 0.720033
4638.50977 0.71174
4638.77002 0.713941
4639.02979 0.720369
4639.29004 0.716867
4639.54980 0.716508
4639.81006 0.720909
4640.06982 0.721144
4640.33008 0.719225
4640.58984 0.729302
4640.85010 0.734167
4641.10986 0.730917
4641.37012 0.730773
4641.62988 0.72567
4641.89014 0.729847
4642.14990 0.736057
4642.41016 0.730279
4642.66992 0.732502
4642.93018 0.728708
4643.18994 0.738622
4643.45020 0.731395
4643.70996 0.733753
4643.95996 0.727428
4644.22998 0.738821
4644.47998 0.738506
4644.74023 0.735682
4645.00000 0.742203
4645.25977 0.743354
4645.52002 0.740677
4645.77979 0.738118
4646.04004 0.745704
4646.29980 0.746941
4646.56006 0.729832
4646.81982 0.742967
4647.08008 0.739777
4647.33984 0.73417
4647.60010 0.744103
4647.85986 0.744234
4648.12012 0.744844
4648.37988 0.746063
4648.64014 0.743607
4648.89990 0.744966
4649.16016 0.741979
4649.41992 0.750021
4649.68018 0.745377
4649.93994 0.745374
4650.20020 0.74038
4650.45996 0.748193
4650.72021 0.747695
4650.97998 0.747867
4651.24023 0.744022
4651.50000 0.749181
4651.75977 0.739275
4652.02002 0.744966
4652.27979 0.744294
4652.54004 0.738494
4652.79980 0.745178
4653.06006 0.742893
4653.31982 0.741477
4653.58008 0.739743
4653.83984 0.74465
4654.10010 0.743728
4654.35986 0.74192
4654.62012 0.740131
4654.87988 0.747086
4655.14014 0.739188
4655.39990 0.733716
4655.66016 0.732654
4655.91992 0.740598
4656.18018 0.743982
4656.43994 0.738023
4656.70020 0.732017
4656.95996 0.726458
4657.22021 0.73904
4657.47998 0.734467
4657.74023 0.734734
4658.00000 0.73487
4658.25977 0.739484
4658.52002 0.730553
4658.77979 0.739935
4659.04004 0.73764
4659.29980 0.729989
4659.56006 0.730079
4659.81982 0.727156
4660.08008 0.733452
4660.33984 0.732303
4660.60010 0.727509
4660.85986 0.729205
4661.12012 0.723374
4661.37988 0.73491
4661.64014 0.725195
4661.89990 0.723567
4662.16016 0.725156
4662.41992 0.724072
4662.68018 0.731934
4662.93994 0.721727
4663.20020 0.724304
4663.45996 0.725092
4663.72021 0.726825
4663.97998 0.724619
4664.24023 0.728415
4664.50000 0.72659
4664.75977 0.719028
4665.02002 0.716723
4665.27979 0.729257
4665.54004 0.720399
4665.79980 0.7251
4666.06006 0.716986
4666.31982 0.716408
4666.58008 0.711793
4666.83984 0.717486
4667.10010 0.71128
4667.35986 0.713123
4667.62012 0.716659
4667.87988 0.713673
4668.14014 0.716578
4668.39990 0.723187
4668.66016 0.723082
4668.91992 0.706698
4669.18018 0.716803
4669.43994 0.717244
4669.70020 0.719332
4669.95996 0.717428
4670.20996 0.719835
4670.47021 0.721903
4670.72998 0.71368
4670.99023 0.716653
4671.25000 0.728098
4671.50977 0.713014
4671.77002 0.71852
4672.02979 0.725934
4672.29004 0.71992
4672.54980 0.725352
4672.81006 0.717162
4673.06982 0.725334
4673.33008 0.718157
4673.58984 0.717693
4673.85010 0.722794
4674.10986 0.724112
4674.37012 0.726791
4674.62988 0.728633
4674.89014 0.715271
4675.14990 0.722567
4675.41016 0.709981
4675.66992 0.719599
4675.93018 0.721402
4676.18994 0.72543
4676.45020 0.726013
4676.70996 0.720359
4676.97021 0.727326
4677.22998 0.730717
4677.49023 0.727208
4677.75000 0.719402
4678.00977 0.723359
4678.27002 0.724445
4678.52979 0.718444
4678.79004 0.722813
4679.04980 0.718477
4679.31006 0.71292
4679.56982 0.713894
4679.83008 0.714059
4680.08984 0.716141
4680.35010 0.711229
4680.60986 0.714029
4680.87012 0.720452
4681.12988 0.716064
4681.39014 0.705975
4681.64990 0.709962
4681.91016 0.722701
4682.16992 0.710796
4682.43018 0.707523
4682.68994 0.712092
4682.95020 0.697879
4683.20996 0.700423
4683.47021 0.696352
4683.72998 0.693494
4683.99023 0.694459
4684.25000 0.692294
4684.50977 0.690317
4684.77002 0.68829
4685.02979 0.677766
4685.29004 0.67617
4685.54980 0.668853
4685.81006 0.666657
4686.06982 0.66592
4686.33008 0.660683
4686.58984 0.650186
4686.85010 0.651488
4687.10986 0.640483
4687.37012 0.637443
4687.62988 0.637975
4687.89014 0.62669
4688.14990 0.626654
4688.41016 0.617675
4688.66992 0.605237
4688.93018 0.598893
4689.18994 0.587115
4689.45020 0.58613
4689.70996 0.574956
4689.97021 0.578555
4690.22998 0.571445
4690.49023 0.56083
4690.75000 0.55338
4691.00977 0.538172
4691.27002 0.534912
4691.52979 0.523749
4691.79004 0.524416
4692.04980 0.508663
4692.31006 0.503444
4692.56982 0.497355
4692.83008 0.494686
4693.08984 0.474633
4693.35010 0.468038
4693.60986 0.464216
4693.87012 0.45349
4694.12988 0.441467
4694.39014 0.436501
4694.64990 0.424026
4694.91016 0.423519
4695.16992 0.411902
4695.43018 0.404759
4695.68994 0.398753
4695.93994 0.385706
4696.20996 0.378416
4696.45996 0.369502
4696.72021 0.366292
4696.97998 0.356536
4697.24023 0.348435
4697.50000 0.335998
4697.75977 0.332145
4698.02002 0.321967
4698.27979 0.315294
4698.54004 0.304258
4698.79980 0.304533
4699.06006 0.29239
4699.31982 0.289717
4699.58008 0.280995
4699.83984 0.274742
4700.10010 0.264465
4700.35986 0.261156
4700.62012 0.255081
4700.87988 0.247651
4701.14014 0.246282
4701.39990 0.237536
4701.66016 0.231571
4701.91992 0.222547
4702.18018 0.218203
4702.43994 0.214137
4702.70020 0.20817
4702.95996 0.204862
4703.22021 0.197244
4703.47998 0.189588
4703.74023 0.191685
4704.00000 0.182948
4704.25977 0.180443
4704.52002 0.173894
4704.77979 0.166892
4705.04004 0.167957
4705.29980 0.161038
4705.56006 0.160048
4705.81982 0.155872
4706.08008 0.155106
4706.33984 0.145757
4706.60010 0.141805
4706.85986 0.136804
4707.12012 0.133029
4707.37988 0.132495
4707.64014 0.126703
4707.89990 0.12928
4708.16016 0.123973
4708.41992 0.121296
4708.68018 0.117357
4708.93994 0.111074
4709.20020 0.111541
4709.45996 0.108987
4709.72021 0.106943
4709.97998 0.104299
4710.24023 0.098753
4710.50000 0.099542
4710.75977 0.096829
4711.02002 0.091937
4711.27979 0.090843
4711.54004 0.086416
4711.79980 0.087865
4712.06006 0.08241
4712.31982 0.083293
4712.58008 0.081326
4712.83984 0.080072
4713.10010 0.077157
4713.35986 0.074505
4713.62012 0.075667
4713.87988 0.069519
4714.14014 0.070905
4714.39990 0.066477
4714.66016 0.067098
4714.91992 0.066003
4715.18018 0.063297
4715.43994 0.063364
4715.70020 0.060421
4715.95996 0.060322
4716.22021 0.058097
4716.47998 0.055555
4716.74023 0.055148
4717.00000 0.052835
4717.25977 0.052838
4717.52002 0.054086
4717.77979 0.051928
4718.04004 0.050613
4718.29980 0.049391
4718.56006 0.048919
4718.81982 0.044818
4719.08008 0.04537
4719.33984 0.045713
4719.60010 0.043054
4719.85986 0.042912
4720.12012 0.042467
4720.37988 0.041398
4720.64014 0.040885
4720.89990 0.039878
4721.16016 0.039531
4721.41992 0.038238
4721.68018 0.037698
4721.93994 0.035319
4722.18994 0.035963
4722.45020 0.036024
4722.70996 0.033661
4722.97021 0.033734
4723.22998 0.03352
4723.49023 0.031227
4723.75000 0.032926
4724.00977 0.030142
4724.27002 0.029773
4724.52979 0.029709
4724.79004 0.029037
4725.04980 0.027956
4725.31006 0.027104
4725.56982 0.02786
4725.83008 0.027667
4726.08984 0.026242
4726.35010 0.026242
4726.60986 0.025761
4726.87012 0.02607
4727.12988 0.024411
4727.39014 0.022919
4727.64990 0.023617
4727.91016 0.023744
4728.16992 0.02353
4728.43018 0.022722
4728.68994 0.022916
4728.95020 0.020041
4729.20996 0.02166
4729.47021 0.019859
4729.72998 0.021721
4729.99023 0.020047
4730.25000 0.020422
4730.50977 0.019064
4730.77002 0.018084
4731.02979 0.01986
4731.29004 0.019878
4731.54980 0.018156
4731.81006 0.019699
4732.06982 0.017883
4732.33008 0.019248
4732.58984 0.017185
4732.85010 0.017639
4733.10986 0.015228
4733.37012 0.016917
4733.62988 0.016458
4733.89014 0.014918
4734.14990 0.015169
4734.41016 0.01596
4734.66992 0.015584
4734.93018 0.016113
4735.18994 0.012845
4735.45020 0.014776
4735.70996 0.014353
4735.97021 0.013825
4736.22998 0.014186
4736.49023 0.012013
4736.75000 0.014452
4737.00977 0.012586
4737.27002 0.012096
4737.52979 0.012024
4737.79004 0.011403
4738.04980 0.012073
4738.31006 0.013345
4738.56982 0.011931
4738.83008 0.012985
4739.08984 0.012261
4739.35010 0.010674
4739.60986 0.011044
4739.87012 0.010212
4740.12988 0.011034
4740.39014 0.010764
4740.64990 0.010162
4740.91016 0.008723
4741.16992 0.010775
4741.43018 0.00966
4741.68994 0.009761
4741.95020 0.008099
4742.20996 0.009356
4742.47021 0.009819
4742.72998 0.008383
4742.99023 0.009229
4743.25000 0.007939
4743.50977 0.007942
4743.77002 0.009473
4744.02979 0.009211
4744.29004 0.009537
4744.54980 0.009108
4744.81006 0.008202
4745.06982 0.007469
4745.33008 0.00793
4745.58984 0.008009
4745.85010 0.00858
4746.10986 0.007069
4746.37012 0.007843
4746.62988 0.008293
4746.89014 0.007399
4747.14990 0.007626
4747.41016 0.007354
4747.66992 0.006496
4747.91992 0.006712
4748.18994 0.006828
4748.43994 0.007008
4748.70020 0.00659
4748.95996 0.006455
4749.22021 0.00685
4749.47998 0.005761
4749.74023 0.007245
4750.00000 0.007329
4750.25977 0.00691
4750.52002 0.006728
4750.77979 0.006465
4751.04004 0.006505
4751.29980 0.006227
4751.56006 0.005849
4751.81982 0.005417
4752.08008 0.006617
4752.33984 0.005508
4752.60010 0.00662
4752.85986 0.005445
4753.12012 0.004773
4753.37988 0.006374
4753.64014 0.005138
4753.89990 0.004985
4754.16016 0.004581
4754.41992 0.005448
4754.68018 0.006327
4754.93994 0.004462
4755.20020 0.004615
4755.45996 0.004788
4755.72021 0.004719
4755.97998 0.004877
5231.57812 0.0
