threeML/data/optical_filters/CAHA/CAHA-f_527_12.ecsv
# %ECSV 0.9
# ---
# datatype:
# - {name: wavelength, unit: Angstrom, datatype: float32}
# - {name: response, datatype: float32}
# meta: !!omap
# - {band_name: f_527_12}
# - {group_name: CAHA}
wavelength response
4597.58691 0.0
5108.43018 0.004046
5108.68994 0.00367
5108.95020 0.004216
5109.20996 0.003462
5109.47021 0.003796
5109.72998 0.003806
5109.99023 0.004068
5110.25000 0.003842
5110.50977 0.003612
5110.77002 0.003934
5111.02979 0.003661
5111.29004 0.004149
5111.54980 0.003852
5111.81006 0.004057
5112.06982 0.003644
5112.33008 0.003858
5112.58984 0.004364
5112.85010 0.003961
5113.10986 0.004027
5113.37012 0.004236
5113.62988 0.004151
5113.89014 0.0041
5114.14990 0.003883
5114.41016 0.004411
5114.66992 0.004057
5114.93018 0.004377
5115.18018 0.003898
5115.43994 0.004468
5115.70020 0.004114
5115.95996 0.003994
5116.22021 0.004449
5116.47998 0.003714
5116.74023 0.004483
5117.00000 0.004329
5117.25977 0.004688
5117.52002 0.004331
5117.77979 0.004568
5118.04004 0.004582
5118.29980 0.004177
5118.56006 0.004611
5118.81982 0.004614
5119.08008 0.004569
5119.33984 0.004592
5119.60010 0.004722
5119.85986 0.004816
5120.12012 0.004442
5120.37988 0.005066
5120.64014 0.004723
5120.89990 0.004739
5121.16016 0.004697
5121.41992 0.004897
5121.68018 0.005181
5121.93994 0.004901
5122.20020 0.004812
5122.45996 0.004924
5122.72021 0.005117
5122.97998 0.004986
5123.24023 0.005292
5123.50000 0.004834
5123.75000 0.005003
5124.00977 0.005434
5124.27002 0.005131
5124.52979 0.004797
5124.79004 0.005289
5125.04980 0.005125
5125.31006 0.005296
5125.56982 0.005326
5125.83008 0.005414
5126.08984 0.005503
5126.35010 0.005296
5126.60986 0.005696
5126.87012 0.005684
5127.12988 0.00542
5127.39014 0.005571
5127.64990 0.005335
5127.91016 0.005402
5128.16992 0.005828
5128.43018 0.006052
5128.68994 0.005864
5128.95020 0.006002
5129.20996 0.005607
5129.47021 0.005884
5129.72998 0.005346
5129.99023 0.005953
5130.25000 0.005975
5130.50977 0.005822
5130.77002 0.006075
5131.02979 0.005765
5131.29004 0.006434
5131.54980 0.006046
5131.81006 0.005919
5132.06982 0.006199
5132.33008 0.006085
5132.58008 0.006186
5132.83984 0.006264
5133.10010 0.006225
5133.35986 0.006144
5133.62012 0.006164
5133.87988 0.006914
5134.14014 0.006952
5134.39990 0.006731
5134.66016 0.006674
5134.91992 0.006622
5135.18018 0.006913
5135.43994 0.007222
5135.70020 0.006803
5135.95996 0.00707
5136.22021 0.006946
5136.47998 0.006559
5136.74023 0.007486
5137.00000 0.007287
5137.25977 0.006994
5137.52002 0.007067
5137.77979 0.007834
5138.04004 0.007401
5138.29980 0.007376
5138.56006 0.007687
5138.81982 0.007713
5139.08008 0.007259
5139.33984 0.007568
5139.60010 0.007868
5139.85986 0.007787
5140.12012 0.007631
5140.37988 0.008032
5140.64014 0.007896
5140.89990 0.008188
5141.14990 0.007788
5141.41016 0.008049
5141.66992 0.008458
5141.93018 0.008539
5142.18994 0.008408
5142.45020 0.007784
5142.70996 0.008621
5142.97021 0.00866
5143.22998 0.008553
5143.49023 0.00872
5143.75000 0.008527
5144.00977 0.009034
5144.27002 0.00885
5144.52979 0.009321
5144.79004 0.009173
5145.04980 0.009258
5145.31006 0.009457
5145.56982 0.009137
5145.83008 0.009756
5146.08984 0.009991
5146.35010 0.009846
5146.60986 0.010155
5146.87012 0.009917
5147.12988 0.010044
5147.39014 0.009597
5147.64990 0.010139
5147.91016 0.010406
5148.16992 0.010403
5148.43018 0.010483
5148.68994 0.01017
5148.95020 0.010776
5149.20996 0.011007
5149.47021 0.011245
5149.72998 0.011192
5149.97998 0.011771
5150.24023 0.011665
5150.50000 0.011389
5150.75977 0.011372
5151.02002 0.011772
5151.27979 0.011954
5151.54004 0.011941
5151.79980 0.011731
5152.06006 0.011642
5152.31982 0.011751
5152.58008 0.012276
5152.83984 0.012222
5153.10010 0.012548
5153.35986 0.013066
5153.62012 0.013031
5153.87988 0.01278
5154.14014 0.013403
5154.39990 0.013409
5154.66016 0.013607
5154.91992 0.013469
5155.18018 0.013237
5155.43994 0.01361
5155.70020 0.01421
5155.95996 0.014479
5156.22021 0.0141
5156.47998 0.01434
5156.74023 0.014955
5157.00000 0.014829
5157.25977 0.015131
5157.52002 0.015458
5157.77979 0.015387
5158.04004 0.0158
5158.29004 0.015647
5158.54980 0.015756
5158.81006 0.016022
5159.06982 0.015823
5159.33008 0.016594
5159.58984 0.01639
5159.85010 0.016717
5160.10986 0.01749
5160.37012 0.017228
5160.62988 0.017379
5160.89014 0.01824
5161.14990 0.018108
5161.41016 0.018953
5161.66992 0.018381
5161.93018 0.018712
5162.18994 0.018839
5162.45020 0.019305
5162.70996 0.019244
5162.97021 0.019544
5163.22998 0.020353
5163.49023 0.020904
5163.75000 0.021156
5164.00977 0.020169
5164.27002 0.02071
5164.52979 0.021101
5164.79004 0.021085
5165.04980 0.021655
5165.31006 0.021785
5165.56982 0.021767
5165.83008 0.022724
5166.08984 0.023348
5166.35010 0.022831
5166.60986 0.023259
5166.87012 0.023752
5167.12012 0.024364
5167.37988 0.024725
5167.64014 0.025053
5167.89990 0.025188
5168.16016 0.025914
5168.41992 0.025965
5168.68018 0.025886
5168.93994 0.027564
5169.20020 0.027538
5169.45996 0.028001
5169.72021 0.027764
5169.97998 0.028584
5170.24023 0.028198
5170.50000 0.029046
5170.75977 0.029395
5171.02002 0.030391
5171.27979 0.030075
5171.54004 0.030734
5171.79980 0.031515
5172.06006 0.031508
5172.31982 0.032169
5172.58008 0.032974
5172.83984 0.033353
5173.10010 0.033558
5173.35986 0.033975
5173.62012 0.035234
5173.87988 0.035235
5174.14014 0.036721
5174.39990 0.036309
5174.66016 0.03747
5174.91992 0.037811
5175.18018 0.038792
5175.43994 0.03818
5175.68994 0.039336
5175.95020 0.040439
5176.20996 0.040654
5176.47021 0.040859
5176.72998 0.042685
5176.99023 0.043118
5177.25000 0.043594
5177.50977 0.043961
5177.77002 0.045676
5178.02979 0.046388
5178.29004 0.045512
5178.54980 0.047063
5178.81006 0.04814
5179.06982 0.049538
5179.33008 0.049291
5179.58984 0.051083
5179.85010 0.052354
5180.10986 0.051999
5180.37012 0.054215
5180.62988 0.053559
5180.89014 0.055523
5181.14990 0.056096
5181.41016 0.057871
5181.66992 0.058384
5181.93018 0.058456
5182.18994 0.061019
5182.45020 0.060965
5182.70996 0.061727
5182.97021 0.06379
5183.22998 0.065203
5183.49023 0.066046
5183.75000 0.066124
5184.00977 0.067737
5184.27002 0.070362
5184.52002 0.070856
5184.77979 0.072067
5185.04004 0.073799
5185.29980 0.074862
5185.56006 0.075601
5185.81982 0.078376
5186.08008 0.078415
5186.33984 0.079555
5186.60010 0.081589
5186.85986 0.08352
5187.12012 0.084556
5187.37988 0.085762
5187.64014 0.087585
5187.89990 0.088867
5188.16016 0.090957
5188.41992 0.092705
5188.68018 0.094808
5188.93994 0.097194
5189.20020 0.097626
5189.45996 0.100123
5189.72021 0.103011
5189.97998 0.104281
5190.24023 0.106268
5190.50000 0.108716
5190.75977 0.1113
5191.02002 0.112828
5191.27979 0.114582
5191.54004 0.116201
5191.79980 0.119065
5192.06006 0.121504
5192.31982 0.125583
5192.58008 0.127499
5192.83008 0.130251
5193.08984 0.132593
5193.35010 0.134377
5193.60986 0.136412
5193.87012 0.138752
5194.12988 0.141999
5194.39014 0.144048
5194.64990 0.148159
5194.91016 0.14933
5195.16992 0.15467
5195.43018 0.155797
5195.68994 0.161242
5195.95020 0.162832
5196.20996 0.167558
5196.47021 0.168773
5196.72998 0.174353
5196.99023 0.177971
5197.25000 0.180026
5197.50977 0.183282
5197.77002 0.188899
5198.02979 0.189775
5198.29004 0.195016
5198.54980 0.198943
5198.81006 0.202399
5199.06982 0.208855
5199.33008 0.211594
5199.58984 0.218015
5199.85010 0.218879
5200.10986 0.222162
5200.37012 0.229776
5200.62988 0.231338
5200.89014 0.237067
5201.14990 0.240928
5201.41016 0.248325
5201.66992 0.251432
5201.91992 0.252205
5202.18018 0.262091
5202.43994 0.26769
5202.70020 0.271751
5202.95996 0.275483
5203.22021 0.277963
5203.47998 0.286755
5203.74023 0.289662
5204.00000 0.295733
5204.25977 0.302762
5204.52002 0.305511
5204.77979 0.311829
5205.04004 0.315731
5205.29980 0.324023
5205.56006 0.329388
5205.81982 0.333057
5206.08008 0.340653
5206.33984 0.345942
5206.60010 0.349375
5206.85986 0.35528
5207.12012 0.363111
5207.37988 0.369036
5207.64014 0.373612
5207.89990 0.377486
5208.16016 0.389578
5208.41992 0.392798
5208.68018 0.39871
5208.93994 0.403168
5209.20020 0.412176
5209.45996 0.417741
5209.72021 0.423059
5209.97998 0.430341
5210.22998 0.436486
5210.49023 0.443363
5210.75000 0.447824
5211.00977 0.454926
5211.27002 0.458925
5211.52979 0.46937
5211.79004 0.472986
5212.04980 0.478835
5212.31006 0.483958
5212.56982 0.489247
5212.83008 0.499759
5213.08984 0.501794
5213.35010 0.510208
5213.60986 0.51395
5213.87012 0.522395
5214.12988 0.527718
5214.39014 0.531472
5214.64990 0.539185
5214.91016 0.545009
5215.16992 0.549264
5215.43018 0.55217
5215.68994 0.561897
5215.95020 0.567623
5216.20996 0.568871
5216.47021 0.576552
5216.72998 0.582483
5216.99023 0.582784
5217.25000 0.590239
5217.50977 0.596299
5217.77002 0.601336
5218.02979 0.60141
5218.29004 0.607553
5218.54980 0.614342
5218.81006 0.619904
5219.06006 0.61819
5219.31982 0.624715
5219.58008 0.626091
5219.83984 0.637438
5220.10010 0.637207
5220.35986 0.638114
5220.62012 0.644697
5220.87988 0.646741
5221.14014 0.650416
5221.39990 0.655011
5221.66016 0.658795
5221.91992 0.662561
5222.18018 0.667642
5222.43994 0.667376
5222.70020 0.6716
5222.95996 0.674719
5223.22021 0.672442
5223.47998 0.673799
5223.74023 0.679798
5224.00000 0.683747
5224.25977 0.683491
5224.52002 0.689675
5224.77979 0.688465
5225.04004 0.689284
5225.29980 0.694617
5225.56006 0.695805
5225.81982 0.697328
5226.08008 0.703798
5226.33984 0.699877
5226.60010 0.700567
5226.85986 0.702385
5227.12012 0.708043
5227.37988 0.702214
5227.62988 0.709762
5227.89014 0.709295
5228.14990 0.709499
5228.41016 0.710681
5228.66992 0.709656
5228.93018 0.710389
5229.18994 0.716055
5229.45020 0.717074
5229.70996 0.719616
5229.97021 0.721645
5230.22998 0.717569
5230.49023 0.714674
5230.75000 0.717979
5231.00977 0.719503
5231.27002 0.721993
5231.52979 0.721274
5231.79004 0.719805
5232.04980 0.722168
5232.31006 0.7205
5232.56982 0.72636
5232.83008 0.72134
5233.08984 0.724887
5233.35010 0.728983
5233.60986 0.718119
5233.87012 0.723066
5234.12988 0.726053
5234.39014 0.721265
5234.64990 0.724744
5234.91016 0.727894
5235.16992 0.728171
5235.43018 0.728613
5235.68994 0.726345
5235.95020 0.722017
5236.20996 0.72588
5236.45996 0.72639
5236.72021 0.727293
5236.97998 0.726783
5237.24023 0.72715
5237.50000 0.729664
5237.75977 0.726622
5238.02002 0.72979
5238.27979 0.729245
5238.54004 0.728633
5238.79980 0.723837
5239.06006 0.731887
5239.31982 0.728431
5239.58008 0.725228
5239.83984 0.728024
5240.10010 0.725822
5240.35986 0.723444
5240.62012 0.724446
5240.87988 0.726736
5241.14014 0.728677
5241.39990 0.72615
5241.66016 0.730959
5241.91992 0.723509
5242.18018 0.731505
5242.43994 0.723059
5242.70020 0.730535
5242.95996 0.725293
5243.22021 0.727219
5243.47998 0.729933
5243.74023 0.729586
5244.00000 0.72636
5244.25977 0.721983
5244.52002 0.729067
5244.77002 0.731958
5245.02979 0.73149
5245.29004 0.73189
5245.54980 0.725299
5245.81006 0.728011
5246.06982 0.727233
5246.33008 0.726365
5246.58984 0.726497
5246.85010 0.729502
5247.10986 0.729066
5247.37012 0.730479
5247.62988 0.727788
5247.89014 0.727362
5248.14990 0.729893
5248.41016 0.728667
5248.66992 0.73142
5248.93018 0.727788
5249.18994 0.728034
5249.45020 0.723954
5249.70996 0.73346
5249.97021 0.731478
5250.22998 0.730072
5250.49023 0.728782
5250.75000 0.729872
5251.00977 0.728229
5251.27002 0.730646
5251.52979 0.730545
5251.79004 0.729967
5252.04980 0.728529
5252.31006 0.72556
5252.56982 0.731546
5252.83008 0.73012
5253.08984 0.731811
5253.35010 0.732824
5253.60010 0.727882
5253.85986 0.732898
5254.12012 0.73
5254.37988 0.72993
5254.64014 0.732254
5254.89990 0.730305
5255.16016 0.732859
5255.41992 0.733437
5255.68018 0.733159
5255.93994 0.727951
5256.20020 0.73045
5256.45996 0.727515
5256.72021 0.729106
5256.97998 0.732999
5257.24023 0.730283
5257.50000 0.730742
5257.75977 0.729586
5258.02002 0.733528
5258.27979 0.734317
5258.54004 0.733033
5258.79980 0.731666
5259.06006 0.731576
5259.31982 0.730498
5259.58008 0.733814
5259.83984 0.730615
5260.10010 0.733451
5260.35986 0.725681
5260.62012 0.731917
5260.87988 0.729823
5261.14014 0.728976
5261.39990 0.727721
5261.66016 0.73409
5261.91992 0.728004
5262.16992 0.726719
5262.43018 0.732331
5262.68994 0.729619
5262.95020 0.729337
5263.20996 0.730751
5263.47021 0.733149
5263.72998 0.73156
5263.99023 0.735592
5264.25000 0.729944
5264.50977 0.727557
5264.77002 0.725397
5265.02979 0.729139
5265.29004 0.726762
5265.54980 0.73266
5265.81006 0.730117
5266.06982 0.727114
5266.33008 0.727485
5266.58984 0.727018
5266.85010 0.728576
5267.10986 0.726116
5267.37012 0.730116
5267.62988 0.723881
5267.89014 0.726096
5268.14990 0.726874
5268.41016 0.723446
5268.66992 0.726851
5268.93018 0.723471
5269.18994 0.727252
5269.45020 0.722932
5269.70996 0.725653
5269.97021 0.725718
5270.22998 0.72525
5270.49023 0.722988
5270.75000 0.720727
5271.00000 0.719641
5271.25977 0.722188
5271.52002 0.717486
5271.77979 0.723788
5272.04004 0.723962
5272.29980 0.724394
5272.56006 0.723071
5272.81982 0.72108
5273.08008 0.720578
5273.33984 0.721498
5273.60010 0.717584
5273.85986 0.718165
5274.12012 0.717494
5274.37988 0.720479
5274.64014 0.717027
5274.89990 0.718109
5275.16016 0.713253
5275.41992 0.716268
5275.68018 0.715351
5275.93994 0.714346
5276.20020 0.719132
5276.45996 0.712741
5276.72021 0.716671
5276.97998 0.718253
5277.24023 0.710429
5277.50000 0.714165
5277.75977 0.712444
5278.02002 0.713832
5278.27979 0.712499
5278.54004 0.710961
5278.79980 0.713238
5279.06006 0.712654
5279.31982 0.717957
5279.56982 0.709812
5279.83008 0.710964
5280.08984 0.711205
5280.35010 0.708534
5280.60986 0.710744
5280.87012 0.712364
5281.12988 0.710997
5281.39014 0.712025
5281.64990 0.707337
5281.91016 0.708825
5282.16992 0.708861
5282.43018 0.71048
5282.68994 0.706068
5282.95020 0.7061
5283.20996 0.703152
5283.47021 0.70798
5283.72998 0.708135
5283.99023 0.707506
5284.25000 0.706987
5284.50977 0.70618
5284.77002 0.709475
5285.02979 0.702381
5285.29004 0.705221
5285.54980 0.708082
5285.81006 0.70515
5286.06982 0.705045
5286.33008 0.703278
5286.58984 0.708501
5286.85010 0.706183
5287.10986 0.703437
5287.37012 0.70676
5287.62988 0.703593
5287.89014 0.704699
5288.14990 0.704974
5288.39990 0.70195
5288.66016 0.706492
5288.91992 0.700623
5289.18018 0.703014
5289.43994 0.701496
5289.70020 0.701143
5289.95996 0.701825
5290.22021 0.70326
5290.47998 0.703267
5290.74023 0.702302
5291.00000 0.69839
5291.25977 0.704196
5291.52002 0.703977
5291.77979 0.699105
5292.04004 0.69903
5292.29980 0.698314
5292.56006 0.700719
5292.81982 0.698443
5293.08008 0.701315
5293.33984 0.703068
5293.60010 0.702436
5293.85986 0.697193
5294.12012 0.697064
5294.37988 0.698844
5294.64014 0.701275
5294.89990 0.698039
5295.16016 0.69795
5295.41992 0.69809
5295.68018 0.69852
5295.93994 0.697112
5296.20020 0.698012
5296.45996 0.700259
5296.72021 0.697555
5296.97021 0.696861
5297.22998 0.694049
5297.49023 0.694051
5297.75000 0.69618
5298.00977 0.695846
5298.27002 0.695759
5298.52979 0.697332
5298.79004 0.697041
5299.04980 0.693519
5299.31006 0.690869
5299.56982 0.692696
5299.83008 0.690991
5300.08984 0.692759
5300.35010 0.688436
5300.60986 0.692463
5300.87012 0.688453
5301.12988 0.691025
5301.39014 0.685247
5301.64990 0.68314
5301.91016 0.686649
5302.16992 0.684995
5302.43018 0.68138
5302.68994 0.681303
5302.95020 0.682892
5303.20996 0.679959
5303.47021 0.6745
5303.72998 0.674266
5303.99023 0.674397
5304.25000 0.674838
5304.50977 0.67337
5304.77002 0.668601
5305.02979 0.667971
5305.29004 0.666771
5305.54004 0.663711
5305.79980 0.662195
5306.06006 0.658966
5306.31982 0.656882
5306.58008 0.657154
5306.83984 0.650351
5307.10010 0.647021
5307.35986 0.645482
5307.62012 0.64482
5307.87988 0.638873
5308.14014 0.639172
5308.39990 0.639632
5308.66016 0.63461
5308.91992 0.6296
5309.18018 0.62864
5309.43994 0.622269
5309.70020 0.6235
5309.95996 0.615148
5310.22021 0.614442
5310.47998 0.612211
5310.74023 0.604343
5311.00000 0.604839
5311.25977 0.599904
5311.52002 0.596143
5311.77979 0.591626
5312.04004 0.586449
5312.29980 0.579758
5312.56006 0.579005
5312.81982 0.574163
5313.08008 0.569846
5313.33984 0.566953
5313.60010 0.561309
5313.85986 0.556216
5314.12012 0.551169
5314.37012 0.547283
5314.62988 0.54333
5314.89014 0.535527
5315.14990 0.530572
5315.41016 0.524329
5315.66992 0.522231
5315.93018 0.516024
5316.18994 0.513597
5316.45020 0.511912
5316.70996 0.502021
5316.97021 0.494847
