threeML/data/optical_filters/CAHA/CAHA-f_500_11.ecsv
# %ECSV 0.9
# ---
# datatype:
# - {name: wavelength, unit: Angstrom, datatype: float32}
# - {name: response, datatype: float32}
# meta: !!omap
# - {band_name: f_500_11}
# - {group_name: CAHA}
wavelength response
4372.06934 0.0
4857.85498 0.004012
4858.72119 0.00402
4859.58594 0.004014
4860.45215 0.003996
4861.31689 0.003989
4862.18311 0.004021
4863.04883 0.004102
4863.91406 0.004204
4864.77979 0.004276
4865.64600 0.004289
4866.51123 0.004277
4867.37598 0.004301
4868.24219 0.004393
4869.10791 0.004527
4869.97412 0.004666
4870.83887 0.004807
4871.70508 0.004974
4872.56982 0.005182
4873.43604 0.005406
4874.30176 0.005598
4875.16699 0.005714
4876.03320 0.005754
4876.89893 0.005758
4877.76514 0.005781
4878.62988 0.005847
4879.49609 0.005948
4880.36182 0.00607
4881.22803 0.006201
4882.09277 0.006327
4882.95898 0.006425
4883.82520 0.006481
4884.69092 0.006495
4885.55713 0.006482
4886.42188 0.006464
4887.28809 0.006458
4888.15381 0.006469
4889.02002 0.006502
4889.88623 0.006557
4890.75098 0.006625
4891.61719 0.006688
4892.48291 0.006735
4893.34912 0.006777
4894.21484 0.006841
4895.08105 0.006938
4895.94678 0.007066
4896.81299 0.00721
4897.67920 0.007349
4898.54492 0.007461
4899.41113 0.007534
4900.27686 0.007581
4901.14307 0.007636
4902.00879 0.007724
4902.87500 0.007841
4903.74121 0.007966
4904.60596 0.008088
4905.47314 0.008211
4906.33887 0.008336
4907.20508 0.008462
4908.07080 0.008592
4908.93701 0.008749
4909.80322 0.008956
4910.66895 0.009221
4911.53516 0.009521
4912.40088 0.009822
4913.26807 0.010097
4914.13379 0.010342
4915.00000 0.010559
4915.86621 0.010754
4916.73193 0.010948
4917.59814 0.011172
4918.46387 0.011449
4919.33105 0.011786
4920.19678 0.012178
4921.06299 0.012627
4921.92920 0.013147
4922.79492 0.013758
4923.66211 0.014485
4924.52783 0.015342
4925.39404 0.016321
4926.25977 0.017391
4927.12598 0.018537
4927.99316 0.019776
4928.85889 0.021163
4929.72607 0.022762
4930.59180 0.024625
4931.45801 0.026784
4932.32520 0.029255
4933.19092 0.032057
4934.05713 0.035227
4934.92383 0.038836
4935.79004 0.042996
4936.65576 0.047856
4937.52295 0.053581
4938.38916 0.060334
4939.25488 0.068273
4940.12207 0.077564
4940.98779 0.088409
4941.85498 0.101058
4942.72119 0.115805
4943.58789 0.132965
4944.45410 0.152847
4945.32080 0.175728
4946.18701 0.201818
4947.05420 0.231225
4947.91992 0.263887
4948.78711 0.299497
4949.65283 0.337477
4950.52002 0.377006
4951.38623 0.41705
4952.25293 0.456381
4953.12012 0.493646
4953.98584 0.527539
4954.85303 0.557014
4955.71924 0.581412
4956.58594 0.60046
4957.45312 0.614199
4958.31885 0.622939
4959.18604 0.627257
4960.05176 0.627953
4960.91895 0.625909
4961.78613 0.6219
4962.65186 0.616479
4963.51904 0.610034
4964.38623 0.602969
4965.25195 0.595815
4966.11914 0.589143
4966.98584 0.583365
4967.85303 0.578604
4968.71924 0.574765
4969.58594 0.57175
4970.45312 0.569616
4971.31982 0.568506
4972.18701 0.56847
4973.05322 0.569375
4973.91992 0.570981
4974.78711 0.573083
4975.65381 0.575577
4976.52100 0.578459
4977.38721 0.581779
4978.25391 0.5856
4979.12109 0.589951
4979.98779 0.594773
4980.85498 0.599901
4981.72217 0.605118
4982.58887 0.610274
4983.45605 0.615347
4984.32324 0.620421
4985.18896 0.62557
4986.05713 0.630736
4986.92285 0.635694
4987.79102 0.640196
4988.65723 0.644159
4989.52393 0.647723
4990.39111 0.651084
4991.25781 0.6543
4992.12500 0.657259
4992.99219 0.659795
4993.85889 0.661827
4994.72705 0.663399
4995.59277 0.664609
4996.45996 0.66554
4997.32812 0.666228
4998.19482 0.666687
4999.06201 0.666926
4999.92920 0.666969
5000.79590 0.666852
5001.66309 0.666607
5002.52979 0.666266
5003.39697 0.665874
5004.26514 0.665469
5005.13184 0.665043
5005.99902 0.66451
5006.86621 0.663732
5007.73291 0.662609
5008.60107 0.661149
5009.46777 0.659459
5010.33496 0.657651
5011.20215 0.655775
5012.06885 0.653805
5012.93701 0.6517
5013.80420 0.649453
5014.67090 0.647086
5015.53809 0.644578
5016.40479 0.641847
5017.27295 0.638833
5018.14014 0.635583
5019.00684 0.632249
5019.87500 0.628966
5020.74219 0.625745
5021.60889 0.622453
5022.47705 0.61894
5023.34424 0.615183
5024.21094 0.611338
5025.07910 0.607636
5025.94580 0.604222
5026.81299 0.601092
5027.68115 0.598181
5028.54785 0.595473
5029.41602 0.593061
5030.28320 0.591074
5031.15088 0.589561
5032.01807 0.588437
5032.88623 0.587574
5033.75293 0.586895
5034.62109 0.5864
5035.48779 0.586151
5036.35596 0.586246
5037.22314 0.586759
5038.09082 0.587637
5038.95801 0.588647
5039.82617 0.589477
5040.69287 0.589882
5041.56104 0.589699
5042.42920 0.588716
5043.29590 0.586586
5044.16406 0.582883
5045.03076 0.577209
5045.89893 0.569221
5046.76709 0.558614
5047.63379 0.545105
5048.50195 0.528467
5049.37012 0.508595
5050.23682 0.485602
5051.10498 0.459856
5051.97314 0.43194
5052.83984 0.40253
5053.70801 0.372291
5054.57617 0.341846
5055.44287 0.311777
5056.31104 0.282619
5057.17920 0.254813
5058.04688 0.228685
5058.91504 0.204447
5059.78223 0.182237
5060.64990 0.162135
5061.51807 0.144158
5062.38623 0.128244
5063.25293 0.114219
5064.12109 0.101831
5064.98877 0.090817
5065.85693 0.08099
5066.72510 0.072252
5067.59277 0.064545
5068.45996 0.057804
5069.32812 0.051939
5070.19580 0.046851
5071.06396 0.042439
5071.93213 0.038603
5072.79980 0.035243
5073.66797 0.032266
5074.53613 0.029594
5075.40381 0.027179
5076.27197 0.024994
5077.14014 0.023032
5078.00781 0.021295
5078.87500 0.019787
5079.74414 0.0185
5080.61182 0.017397
5081.47900 0.016417
5082.34814 0.015503
5083.21582 0.01462
5084.08398 0.013767
5084.95215 0.012962
5085.81982 0.012227
5086.68799 0.011579
5087.55615 0.011028
5088.42383 0.010564
5089.29199 0.01016
5090.16113 0.009782
5091.02881 0.009413
5091.89600 0.009054
5092.76514 0.008714
5093.63281 0.008395
5094.50098 0.008098
5095.36914 0.007831
5096.23682 0.007606
5097.10498 0.007414
5097.97412 0.007234
5098.84180 0.007045
5099.70996 0.00685
5100.57910 0.006671
5101.44678 0.006533
5102.31494 0.006452
5103.18311 0.006422
5104.05176 0.006415
5104.91992 0.006402
5105.78809 0.006366
5106.65576 0.006298
5107.52490 0.006188
5108.39307 0.006024
5109.26123 0.005822
5110.12988 0.005635
5110.99805 0.005519
5111.86719 0.005491
5112.73486 0.005519
5113.60303 0.005559
5114.47217 0.005586
5115.33984 0.005585
5116.20801 0.005548
5117.07715 0.005477
5117.94482 0.005383
5118.81396 0.005286
5119.68213 0.005196
5120.55078 0.005115
5121.41895 0.00504
5122.28809 0.004978
5123.15576 0.004943
5124.02393 0.004932
5124.89307 0.004919
5125.76221 0.004867
5126.62988 0.004765
5127.49902 0.004637
5128.36719 0.00452
5129.23584 0.004443
5130.10400 0.004418
5130.97314 0.004443
5131.84082 0.004502
5132.70996 0.004568
5133.57910 0.004608
5134.44678 0.004593
5135.31592 0.004503
5136.18506 0.004345
5137.05322 0.004161
5137.92188 0.004018
5651.71387 0.0
