threeML/data/optical_filters/CAHA/CAHA-f_850_150aa.ecsv
# %ECSV 0.9
# ---
# datatype:
# - {name: wavelength, unit: Angstrom, datatype: float32}
# - {name: response, datatype: float32}
# meta: !!omap
# - {band_name: f_850_150aa}
# - {group_name: CAHA}
wavelength response
6324.57275 0.0
7027.30322 0.004003
7030.56787 0.004065
7033.83301 0.004128
7037.09814 0.004191
7040.36279 0.004254
7043.62793 0.004316
7046.89404 0.004379
7050.15918 0.004442
7053.42383 0.004504
7056.68994 0.004567
7059.95605 0.00463
7063.22119 0.004692
7066.48682 0.004755
7069.75293 0.004818
7073.01904 0.004881
7076.28516 0.004943
7079.55176 0.005006
7082.81787 0.005069
7086.08398 0.005131
7089.35107 0.005194
7092.61719 0.005257
7095.88379 0.00532
7099.15088 0.005382
7102.41699 0.005445
7105.68506 0.005508
7108.95215 0.00557
7112.21924 0.005633
7115.48584 0.005696
7118.75293 0.005759
7122.02100 0.005821
7125.28809 0.005884
7128.55615 0.005947
7131.82324 0.006009
7135.09082 0.006072
7138.35889 0.006135
7141.62598 0.006198
7144.89502 0.00626
7148.16309 0.006323
7151.43115 0.006386
7154.69922 0.006448
7157.96777 0.006511
7161.23584 0.006574
7164.50391 0.006637
7167.77295 0.006699
7171.04199 0.006762
7174.31104 0.006825
7177.58008 0.006887
7180.84912 0.00695
7184.11816 0.007013
7187.38721 0.007075
7190.65576 0.007138
7193.92480 0.007201
7197.19482 0.007264
7200.46387 0.007326
7203.73389 0.007389
7207.00391 0.007452
7210.27295 0.007514
7213.54297 0.007577
7216.81299 0.00764
7220.08301 0.007703
7223.35400 0.007765
7226.62402 0.007828
7229.89404 0.007891
7233.16504 0.007953
7236.43506 0.008016
7239.70605 0.008079
7242.97705 0.008142
7246.24707 0.008204
7249.51807 0.008267
7252.78906 0.00833
7256.06006 0.008392
7259.33105 0.008455
7262.60303 0.008518
7265.87402 0.008581
7269.14502 0.008643
7272.41699 0.008706
7275.68799 0.008769
7278.95996 0.008831
7282.23193 0.008894
7285.50293 0.008957
7288.77490 0.009019
7292.04785 0.009082
7295.31982 0.009145
7298.59180 0.009208
7301.86377 0.00927
7305.13721 0.009333
7308.40918 0.009396
7311.68213 0.009458
7314.95508 0.009522
7318.22705 0.009585
7321.50000 0.009649
7324.77295 0.009714
7328.04590 0.009782
7331.31885 0.009855
7334.59180 0.009933
7337.86621 0.010021
7341.13916 0.010123
7344.41309 0.010241
7347.68604 0.010379
7350.95898 0.01054
7354.23291 0.010725
7357.50684 0.010932
7360.78076 0.011158
7364.05518 0.0114
7367.32910 0.011651
7370.60400 0.011908
7373.87793 0.012166
7377.15186 0.012421
7380.42676 0.012672
7383.70117 0.012917
7386.97607 0.013155
7390.25000 0.013387
7393.52490 0.013613
7396.79980 0.013833
7400.07520 0.014049
7403.35010 0.014262
7406.62500 0.014476
7409.90088 0.014695
7413.17578 0.014921
7416.45215 0.015161
7419.72705 0.01542
7423.00293 0.015702
7426.27783 0.016012
7429.55420 0.016353
7432.83008 0.016728
7436.10596 0.017137
7439.38184 0.017581
7442.65820 0.01806
7445.93506 0.018572
7449.21094 0.019118
7452.48682 0.019697
7455.76416 0.020308
7459.04102 0.020952
7462.31689 0.021627
7465.59424 0.022331
7468.87109 0.023065
7472.14795 0.023827
7475.42480 0.024619
7478.70215 0.025444
7481.97900 0.02631
7485.25684 0.027223
7488.53418 0.028191
7491.81201 0.029223
7495.08887 0.030322
7498.36719 0.03149
7501.64502 0.032727
7504.92188 0.034026
7508.20117 0.035385
7511.47900 0.0368
7514.75684 0.03827
7518.03516 0.039801
7521.31299 0.041401
7524.59180 0.043083
7527.87012 0.044862
7531.14893 0.046749
7534.42676 0.048754
7537.70605 0.050879
7540.98486 0.053123
7544.26416 0.05548
7547.54297 0.057943
7550.82178 0.060506
7554.10107 0.063163
7557.37988 0.065913
7560.66016 0.06876
7563.93896 0.071708
7567.21924 0.074766
7570.49902 0.077941
7573.77783 0.081243
7577.05811 0.084678
7580.33789 0.088251
7583.61816 0.091966
7586.89795 0.095822
7590.17920 0.099819
7593.45898 0.103958
7596.73877 0.108238
7600.02002 0.112662
7603.29980 0.117231
7606.58105 0.121947
7609.86182 0.126814
7613.14307 0.131831
7616.42285 0.136997
7619.70508 0.142307
7622.98486 0.147756
7626.26709 0.153336
7629.54785 0.159041
7632.82910 0.164868
7636.11084 0.170813
7639.39209 0.17688
7642.67383 0.183072
7645.95605 0.189394
7649.23682 0.19585
7652.52002 0.202441
7655.80078 0.209168
7659.08301 0.216026
7662.36621 0.223011
7665.64795 0.230115
7668.93018 0.237333
7672.21289 0.244659
7675.49512 0.252088
7678.77783 0.259617
7682.06104 0.26724
7685.34277 0.27495
7688.62598 0.282742
7691.90918 0.290607
7695.19189 0.298539
7698.47607 0.306531
7701.75879 0.31458
7705.04199 0.322684
7708.32617 0.330843
7711.60889 0.339062
7714.89307 0.347348
7718.17578 0.355716
7721.45996 0.364189
7724.74414 0.372797
7728.02783 0.38158
7731.31201 0.390584
7734.59619 0.399857
7737.87988 0.409441
7741.16504 0.419363
7744.44922 0.429621
7747.73291 0.440177
7751.01807 0.45095
7754.30322 0.461823
7757.58691 0.472658
7760.87305 0.483312
7764.15723 0.493666
7767.44189 0.503637
7770.72803 0.513188
7774.01318 0.522328
7777.29785 0.5311
7780.58301 0.53957
7783.86914 0.547807
7787.15479 0.555873
7790.43994 0.563818
7793.72607 0.57167
7797.01221 0.579442
7800.29785 0.587135
7803.58398 0.59474
7806.87012 0.602247
7810.15576 0.609648
7813.44189 0.616943
7816.72900 0.624134
7820.01514 0.631228
7823.30176 0.638231
7826.58789 0.64515
7829.87500 0.651987
7833.16211 0.658742
7836.44922 0.665413
7839.73584 0.671999
7843.02295 0.678501
7846.31104 0.684924
7849.59814 0.691273
7852.88477 0.697559
7856.17188 0.703788
7859.45996 0.709965
7862.74805 0.716092
7866.03516 0.722164
7869.32324 0.728169
7872.61084 0.734091
7875.89893 0.739908
7879.18701 0.745593
7882.47607 0.75112
7885.76416 0.756465
7889.05176 0.761612
7892.33984 0.766555
7895.62891 0.771301
7898.91699 0.775873
7902.20703 0.780302
7905.49512 0.784625
7908.78418 0.788875
7912.07324 0.793075
7915.36182 0.797234
7918.65088 0.801345
7921.93994 0.80539
7925.22998 0.809343
7928.52002 0.813174
7931.80908 0.816861
7935.09912 0.820388
7938.38818 0.823753
7941.67822 0.826964
7944.96777 0.830042
7948.25781 0.833014
7951.54785 0.835909
7954.83789 0.838754
7958.12793 0.841569
7961.41797 0.844365
7964.70898 0.847147
7968.00000 0.849912
7971.29004 0.852652
7974.58105 0.855363
7977.87207 0.858034
7981.16309 0.860662
7984.45410 0.863242
7987.74512 0.865772
7991.03613 0.868251
7994.32715 0.870677
7997.61816 0.873053
8000.91016 0.875377
8004.20117 0.877649
8007.49316 0.879868
8010.78418 0.882036
8014.07617 0.884153
8017.36816 0.886217
8020.66016 0.888231
8023.95215 0.890192
8027.24414 0.892102
8030.53613 0.89396
8033.82910 0.895766
8037.12109 0.897521
8040.41406 0.899223
8043.70605 0.900875
8046.99902 0.902474
8050.29199 0.904022
8053.58398 0.905518
8056.87695 0.906963
8060.16992 0.908356
8063.46289 0.909697
8066.75684 0.910986
8070.04980 0.912224
8073.34277 0.91341
8076.63721 0.914545
8079.93018 0.915627
8083.22412 0.916657
8086.51807 0.917636
8089.81201 0.918566
8093.10498 0.919444
8096.39893 0.920276
8099.69287 0.921064
8102.98779 0.921817
8106.28223 0.922547
8109.57617 0.923269
8112.87109 0.924006
8116.16602 0.92478
8119.45996 0.925614
8122.75488 0.926526
8126.04883 0.927525
8129.34424 0.928604
8132.64014 0.929743
8135.93506 0.930911
8139.22900 0.932072
8142.52490 0.93319
8145.81982 0.934238
8149.11621 0.935202
8152.41113 0.936084
8155.70703 0.936892
8159.00195 0.937646
8162.29785 0.938362
8165.59424 0.939057
8168.89014 0.939742
8172.18701 0.940422
8175.48193 0.941102
8178.77881 0.941787
8182.07520 0.942484
8185.37207 0.943202
8188.66797 0.943949
8191.96484 0.944731
8195.26172 0.945544
8198.55762 0.946378
8201.85547 0.947217
8205.15234 0.948044
8208.44922 0.948846
8211.74609 0.949614
8215.04297 0.950348
8218.34082 0.951051
8221.63770 0.951727
8224.93555 0.952377
8228.23340 0.953001
8231.53125 0.953595
8234.82910 0.954154
8238.12695 0.954674
8241.42480 0.955154
8244.72266 0.955597
8248.02148 0.956008
8251.31934 0.956388
8254.61719 0.956744
8257.91602 0.957075
8261.21387 0.957381
8264.51270 0.95766
8267.81152 0.957905
8271.11035 0.958112
8274.40918 0.958277
8277.70801 0.958395
8281.00684 0.958469
8284.30566 0.958508
8287.60547 0.958524
8290.90430 0.958535
8294.20410 0.958564
8297.50391 0.958637
8300.80273 0.958781
8304.10254 0.959017
8307.40234 0.959363
8310.70215 0.959821
8314.00195 0.960387
8317.30176 0.961037
8320.60254 0.961743
8323.90234 0.962469
8327.20312 0.963184
8330.50293 0.963858
8333.80371 0.964473
8337.10352 0.965021
8340.40430 0.965504
8343.70605 0.965934
8347.00684 0.966324
8350.30762 0.966689
8353.60840 0.967033
8356.90918 0.967351
8360.21094 0.967628
8363.51172 0.967845
8366.81348 0.967986
8370.11426 0.968045
8373.41602 0.96803
8376.71777 0.967966
8380.01953 0.967885
8383.32129 0.967819
8386.62305 0.967793
8389.92480 0.967825
8393.22754 0.967921
8396.52930 0.968079
8399.83203 0.968294
8403.13379 0.968564
8406.43652 0.968892
8409.73926 0.969282
8413.04199 0.969733
8416.34473 0.970244
8419.64746 0.970801
8422.95020 0.971385
8426.25293 0.971967
8429.55566 0.972515
8432.85938 0.972996
8436.16211 0.97338
8439.46582 0.973645
8442.76953 0.973778
8446.07227 0.97378
8449.37598 0.973665
8452.67969 0.97346
8455.98340 0.973204
8459.28809 0.972934
8462.59180 0.972688
8465.89648 0.972491
8469.20020 0.972354
8472.50391 0.972278
8475.80859 0.972252
8479.11230 0.972263
8482.41699 0.972295
8485.72168 0.972345
8489.02637 0.972411
8492.33105 0.972498
8495.63672 0.972616
8498.94141 0.972776
8502.24609 0.972983
8505.55176 0.973237
8508.85645 0.973535
8512.16211 0.973867
8515.46680 0.974221
8518.77246 0.974585
8522.07812 0.974943
8525.38379 0.975284
8528.68945 0.975596
8531.99512 0.975869
8535.30176 0.97609
8538.60742 0.976257
8541.91406 0.976366
8545.21973 0.976423
8548.52637 0.976436
8551.83203 0.976419
8555.13867 0.976385
8558.44531 0.97634
8561.75195 0.976289
8565.05859 0.976228
8568.36621 0.976153
8571.67285 0.976061
8574.97852 0.975949
8578.28711 0.975827
8581.59375 0.975709
8584.90137 0.975609
8588.20898 0.975546
8591.51562 0.975537
8594.82324 0.975588
8598.13086 0.975699
8601.43848 0.975861
8604.74707 0.976063
8608.05469 0.976286
8611.36230 0.976521
8614.67090 0.976759
8617.97852 0.977003
8621.28711 0.977255
8624.59570 0.977523
8627.90430 0.977808
8631.21289 0.978109
8634.52148 0.97842
8637.83008 0.978726
8641.13867 0.979011
8644.44727 0.979256
8647.75684 0.979446
8651.06543 0.979564
8654.37500 0.979603
8657.68359 0.97956
8660.99316 0.979439
8664.30273 0.979252
8667.61230 0.979017
8670.92188 0.978756
8674.23145 0.978494
8677.54102 0.978253
8680.85156 0.978049
8684.16113 0.977893
8687.47168 0.977788
8690.78125 0.977728
8694.09180 0.977712
8697.40234 0.977737
8700.71289 0.977806
8704.02344 0.977928
8707.33398 0.978112
8710.64453 0.978361
8713.95508 0.978673
8717.26562 0.979038
8720.57715 0.979435
8723.88770 0.979845
8727.19922 0.980249
8730.51074 0.980634
8733.82129 0.98099
8737.13281 0.981313
8740.44434 0.981602
8743.75586 0.981858
8747.06738 0.982081
8750.37988 0.98227
8753.69141 0.982428
8757.00293 0.982554
8760.31543 0.982649
8763.62695 0.982711
8766.93945 0.982733
8770.25195 0.982708
8773.56445 0.982629
8776.87695 0.982487
8780.18945 0.982279
8783.50195 0.982008
8786.81445 0.981684
8790.12793 0.981323
8793.44043 0.980949
8796.75391 0.980588
8800.06641 0.98027
8803.37988 0.980011
8806.69336 0.97983
8810.00684 0.979732
8813.32031 0.979718
8816.63379 0.979783
8819.94727 0.979921
8823.26074 0.980125
8826.57520 0.980388
8829.88867 0.9807
8833.20215 0.981047
8836.51660 0.981409
8839.83105 0.981761
8843.14648 0.982079
8846.45996 0.982344
8849.77441 0.982543
8853.08887 0.982678
8856.40332 0.98276
8859.71777 0.982815
8863.03320 0.982864
8866.34766 0.982922
8869.66309 0.982993
8872.97754 0.983068
8876.29297 0.983123
8879.60840 0.983132
8882.92383 0.983069
8886.23926 0.982917
8889.55469 0.982675
8892.87012 0.982351
8896.18555 0.981964
8899.50195 0.981541
8902.81738 0.981111
8906.13379 0.9807
8909.44922 0.980334
8912.76562 0.980036
8916.08203 0.979822
8919.39844 0.979708
8922.71484 0.979704
8926.03125 0.979814
8929.34766 0.98003
8932.66406 0.980336
8935.98145 0.980705
8939.29785 0.981098
8942.61523 0.981473
8945.93262 0.981788
8949.24902 0.982015
8952.56641 0.982141
8955.88379 0.982171
8959.20117 0.982126
8962.51855 0.982033
8965.83594 0.981923
8969.15430 0.981826
8972.47168 0.981755
8975.79004 0.98172
8979.10742 0.981718
8982.42578 0.981741
8985.74414 0.981778
8989.06348 0.981812
8992.38086 0.98183
8995.69922 0.981816
8999.01758 0.981756
9002.33594 0.981644
9005.65430 0.981474
9008.97363 0.981255
9012.29199 0.980995
9015.61133 0.980712
9018.92969 0.980428
9022.24902 0.980163
9025.56836 0.979936
9028.88770 0.979761
9032.20703 0.979648
9035.52637 0.979602
9038.84570 0.979627
9042.16602 0.979723
9045.48535 0.979889
9048.80566 0.980121
9052.12500 0.980408
9055.44531 0.980739
9058.76562 0.981095
9062.08594 0.981457
9065.40625 0.981809
9068.72656 0.982138
9072.04688 0.982438
9075.36719 0.98271
9078.68848 0.982956
9082.00879 0.98318
9085.32910 0.983383
9088.65039 0.98356
9091.97168 0.983705
9095.29199 0.983808
9098.61328 0.983856
9101.93457 0.983835
9105.25586 0.98373
9108.57715 0.983531
9111.89941 0.983233
9115.22070 0.982846
9118.54199 0.982392
9121.86426 0.981904
9125.18652 0.98142
9128.50781 0.98098
9131.83008 0.980614
9135.15234 0.980337
9138.47461 0.98015
9141.79688 0.980043
9145.11914 0.979994
9148.44238 0.979984
9151.76465 0.979992
9155.08691 0.980003
9158.41016 0.980009
9161.73340 0.980007
9165.05566 0.979995
9168.37891 0.979976
9171.70215 0.979951
9175.02539 0.979923
9178.34863 0.979893
9181.67188 0.979862
9184.99512 0.979829
9188.31934 0.979796
9191.64258 0.979763
9194.96680 0.97973
9198.29004 0.979697
9201.61426 0.979664
9204.93848 0.979631
9208.26270 0.979598
9211.58691 0.979565
9214.91113 0.979532
9218.23535 0.979499
9221.56055 0.979465
9224.88477 0.979433
9228.20898 0.979399
9231.53418 0.979366
9234.85938 0.979333
9238.18359 0.9793
9241.50879 0.979267
9244.83398 0.979234
9248.15918 0.979201
9251.48438 0.979168
9254.80957 0.979135
9258.13574 0.979102
9261.46094 0.979069
9264.78711 0.979035
9268.11230 0.979002
9271.43848 0.978969
9274.76465 0.978936
9278.09082 0.978903
9281.41602 0.978869
9284.74219 0.978835
9288.06934 0.978798
9291.39648 0.97876
9294.72168 0.978718
9298.04785 0.978669
9301.37500 0.978611
9304.70215 0.978541
9308.02832 0.978457
9311.35547 0.978361
9314.68262 0.978258
9318.00977 0.978153
9321.33691 0.978059
9324.66406 0.977988
9327.99121 0.97795
9331.31836 0.977948
9334.64648 0.977977
9337.97363 0.978026
9341.30176 0.978077
9344.62988 0.978112
9347.95703 0.97812
9351.28516 0.978095
9354.61328 0.978042
9357.94141 0.977968
9361.26953 0.977883
9364.59863 0.977786
9367.92676 0.977671
9371.25488 0.977526
9374.58398 0.977337
9377.91211 0.977094
9381.24121 0.976793
9384.57031 0.976442
9387.89941 0.976052
9391.22852 0.975638
9394.55762 0.975215
9397.88672 0.974794
9401.21582 0.974385
9404.54492 0.974001
9407.87500 0.97366
9411.20410 0.97339
9414.53418 0.973217
9417.86426 0.973169
9421.19434 0.973264
9424.52441 0.9735
9427.85352 0.973859
9431.18457 0.974301
9434.51465 0.974776
9437.84473 0.97523
9441.17480 0.97561
9444.50586 0.975876
9447.83594 0.976003
9451.16699 0.975978
9454.49805 0.97581
9457.82812 0.975518
9461.15918 0.975132
9464.49023 0.974685
9467.82129 0.974219
9471.15234 0.973769
9474.48438 0.973373
9477.81543 0.97305
9481.14648 0.972829
9484.47852 0.972716
9487.81055 0.972712
9491.14160 0.972807
9494.47363 0.972976
9497.80566 0.973188
9501.13770 0.973406
9504.46973 0.973592
9507.80176 0.973711
9511.13477 0.973754
9514.46680 0.973721
9517.79883 0.973635
9521.13184 0.973531
9524.46484 0.973454
9527.79688 0.97344
9531.12988 0.973515
9534.46289 0.973691
9537.79590 0.973961
9541.12891 0.974296
9544.46191 0.974656
9547.79590 0.974993
9551.12891 0.975265
9554.46191 0.975441
9557.79590 0.975511
9561.12988 0.975488
9564.46387 0.975405
9567.79688 0.975306
9571.13086 0.975232
9574.46484 0.975211
9577.79883 0.975258
9581.13379 0.975361
9584.46777 0.975489
9587.80176 0.975606
9591.13672 0.97567
9594.47070 0.975652
9597.80566 0.975531
9601.14062 0.975304
9604.47559 0.974978
9607.80957 0.974572
9611.14453 0.9741
9614.48047 0.973574
9617.81543 0.973016
9621.15039 0.972439
9624.48535 0.971865
9627.82129 0.971317
9631.15625 0.970828
9634.49219 0.970414
9637.82812 0.970087
9641.16406 0.969842
9644.50000 0.969665
9647.83594 0.969533
9651.17188 0.969415
9654.50781 0.969288
9657.84473 0.969143
9661.18066 0.968978
9664.51660 0.968816
9667.85352 0.968681
9671.19043 0.968615
9674.52637 0.968654
9677.86328 0.968824
9681.20020 0.969128
9684.53711 0.969553
9687.87402 0.970061
9691.21191 0.970596
9694.54883 0.971091
9697.88574 0.971489
9701.22363 0.971739
9704.56055 0.971817
9707.89844 0.971727
9711.23633 0.971497
9714.57422 0.971179
9717.91211 0.97083
9721.25000 0.970499
9724.58789 0.970228
9727.92578 0.970033
9731.26465 0.969908
9734.60254 0.969836
9737.94141 0.969797
9741.27930 0.969771
9744.61816 0.969754
9747.95703 0.969752
9751.29492 0.969777
9754.63379 0.96985
9757.97266 0.969981
9761.31348 0.970164
9764.65137 0.970373
9767.99023 0.970561
9771.33008 0.970668
9774.66895 0.970632
9778.00879 0.970416
9781.34863 0.970009
9784.68848 0.969449
9788.02734 0.96881
9791.36719 0.968192
9794.70703 0.967703
9798.04785 0.967432
9801.38770 0.967426
9804.72754 0.967695
9808.06836 0.968194
9811.40820 0.968855
9814.74902 0.969591
9818.08887 0.970319
9821.42969 0.970962
9824.77148 0.971459
9828.11133 0.971759
9831.45215 0.971835
9834.79297 0.97167
9838.13477 0.971263
9841.47559 0.970635
9844.81641 0.969826
9848.15820 0.968884
9851.50000 0.967879
9854.84082 0.966886
9858.18262 0.965976
9861.52441 0.965208
9864.86621 0.96462
9868.20801 0.964224
9871.54980 0.964009
9874.89258 0.963931
9878.23438 0.963939
9881.57617 0.963976
9884.91895 0.964
9888.26172 0.963982
9891.60352 0.963913
9894.94629 0.963801
9898.28906 0.963658
9901.63184 0.963505
9904.97461 0.963352
9908.31738 0.963189
9911.66113 0.963001
9915.00391 0.962759
9918.34766 0.962434
9921.69043 0.962002
9925.03418 0.961465
9928.37793 0.960835
9931.72168 0.960153
9935.06445 0.959466
9938.40820 0.958835
9941.75293 0.958314
9945.09668 0.957954
9948.44043 0.957777
9951.78418 0.957801
9955.12891 0.958014
9958.47266 0.958394
9961.81738 0.958904
9965.16211 0.959505
9968.50684 0.960145
9971.85156 0.960767
9975.19629 0.961312
9978.54102 0.961734
9981.88574 0.96198
9985.23047 0.962014
9988.57617 0.961827
9991.92090 0.961429
9995.26660 0.960851
9998.61230 0.960151
10001.95996 0.959381
10005.29980 0.958591
10008.65039 0.957818
10011.99023 0.957073
10015.33984 0.956345
10018.69043 0.955612
10022.03027 0.954848
10025.37988 0.954042
10028.71973 0.953194
10032.07031 0.952335
10035.41992 0.951507
10038.75977 0.95076
10042.11035 0.950144
10045.45996 0.949693
10048.79980 0.949398
10052.15039 0.949249
10055.50000 0.94919
10058.83984 0.949161
10062.19043 0.949093
10065.54004 0.948924
10068.88965 0.948601
10072.23047 0.948098
10075.58008 0.947401
10078.92969 0.946528
10082.28027 0.945522
10085.62012 0.944451
10088.96973 0.943404
10092.32031 0.942467
10095.66992 0.941734
10099.01953 0.941267
10102.36035 0.941101
10105.70996 0.941234
10109.05957 0.941623
10112.41016 0.942193
10115.75977 0.942846
10119.11035 0.943469
10122.45020 0.943968
10125.79980 0.944268
10129.15039 0.944323
10132.50000 0.944143
10135.84961 0.943751
10139.20020 0.943188
10142.54980 0.942497
10145.90039 0.941695
10149.25000 0.940779
10152.59961 0.939747
10155.95020 0.938588
10159.29980 0.937319
10162.65039 0.935995
10166.00000 0.934695
10169.34961 0.933509
10172.70020 0.932518
10176.04980 0.931776
10179.40039 0.93127
10182.75000 0.930952
10186.09961 0.930708
10189.45020 0.930427
10192.79980 0.929984
10196.15039 0.929287
10199.50000 0.92827
10202.84961 0.926943
10206.20020 0.925331
10209.54980 0.923511
10212.90039 0.921561
10216.25000 0.91958
10219.61035 0.917655
10222.95996 0.915856
10226.30957 0.914226
10229.66016 0.912785
10233.00977 0.911519
10236.36035 0.910371
10239.71973 0.909267
10243.07031 0.908103
10246.41992 0.906751
10249.76953 0.905083
10253.12012 0.902977
10256.48047 0.900341
10259.83008 0.897136
10263.17969 0.893397
10266.53027 0.889234
10269.88965 0.884836
10273.24023 0.88043
11300.56445 0.0
