threeML/data/optical_filters/CAHA/CAHA-f_452_87.ecsv
# %ECSV 0.9
# ---
# datatype:
# - {name: wavelength, unit: Angstrom, datatype: float32}
# - {name: response, datatype: float32}
# meta: !!omap
# - {band_name: f_452_87}
# - {group_name: CAHA}
wavelength response
[from data line 804]
5155.79980 0.169882
5157.85986 0.168334
5159.91992 0.168223
5161.97998 0.164927
5164.04004 0.163161
5166.10010 0.162722
5168.16016 0.161285
5170.22021 0.159216
5172.27979 0.159081
5174.33984 0.158191
5176.39990 0.155291
5178.45996 0.153249
5180.52002 0.152964
5182.58008 0.152735
5184.64014 0.150839
5186.70020 0.149898
5188.75977 0.147536
5190.81982 0.146787
5192.87988 0.14554
5194.93994 0.142963
5197.00000 0.142721
5199.06006 0.140587
5201.12012 0.139643
5203.18018 0.139025
5205.24023 0.136578
5207.29980 0.13587
5209.35986 0.133512
5211.41992 0.13283
5213.47998 0.131729
5215.54004 0.130583
5217.60010 0.129762
5219.66016 0.127621
5221.72021 0.125669
5223.77979 0.125628
5225.83984 0.122824
5227.89990 0.121609
5229.95996 0.121007
5232.02002 0.119485
5234.08008 0.118192
5236.14014 0.116931
5238.20020 0.115299
5240.25977 0.114219
5242.31982 0.114093
5244.37988 0.113541
5246.43994 0.111427
5248.50000 0.109462
5250.56006 0.107757
5252.62012 0.106954
5254.68018 0.106715
5256.74023 0.106593
5258.79980 0.105204
5260.85986 0.103692
5262.91992 0.102852
5264.97998 0.101028
5267.04004 0.100735
5269.10010 0.099191
5271.16016 0.097859
5273.22021 0.097557
5275.27979 0.097122
5277.33984 0.095487
5279.39990 0.094382
5281.45996 0.093945
5283.52002 0.093556
5285.58008 0.092211
5287.64014 0.09166
5289.70020 0.09002
5291.75977 0.089557
5293.81982 0.088833
5295.87988 0.087859
5297.93994 0.086978
5300.00000 0.085619
5302.06006 0.085243
5304.12012 0.085208
5306.18018 0.084782
5308.24023 0.084178
5310.29980 0.082075
5312.35986 0.081933
5314.41992 0.08126
5316.47998 0.081088
5318.54004 0.080929
5320.60010 0.080638
5322.66016 0.079916
5324.72021 0.079374
5326.77979 0.078058
5328.83984 0.07768
5330.89990 0.07687
5332.95996 0.076461
5335.02002 0.07612
5337.08008 0.075715
5339.14014 0.075618
5341.20020 0.075534
5343.25977 0.075534
5345.31982 0.074199
5347.37988 0.074162
5349.43994 0.074107
5351.50000 0.073282
5353.56006 0.07324
5355.62012 0.072978
5357.68018 0.072636
5359.74023 0.072307
5361.79980 0.0718
5363.85986 0.071524
5365.91992 0.071524
5367.97998 0.071125
5370.04004 0.071079
5372.10010 0.0704
5374.16016 0.0704
5376.22021 0.0704
5378.27979 0.0704
5380.33984 0.0704
5382.39990 0.069996
5384.45996 0.06971
5386.52002 0.069422
5388.58008 0.069422
5390.64014 0.069069
5392.70020 0.069069
5394.75977 0.06896
5396.81982 0.069069
5398.87988 0.069069
5400.93994 0.068832
5403.00000 0.068832
5405.06006 0.068832
5407.12012 0.068713
5409.18018 0.068563
5411.24023 0.068713
5413.29980 0.068713
5415.35986 0.068563
5417.41992 0.068716
5419.47998 0.068918
5421.54004 0.068918
5423.60010 0.069274
5425.66016 0.069319
5427.72021 0.069319
5429.77979 0.069368
5431.83984 0.069392
5433.89990 0.069392
5435.95996 0.069368
5438.02002 0.069945
5440.08008 0.070078
5442.14014 0.070198
5444.20020 0.070198
5446.25977 0.070868
5448.31982 0.070954
5450.37988 0.071126
5452.43994 0.071576
5454.50000 0.071718
5456.56006 0.07183
5458.62012 0.07183
5460.68018 0.072004
5462.74023 0.073411
5464.79980 0.073411
5466.85986 0.073411
5468.91992 0.073468
5470.97998 0.073729
5473.04004 0.075217
5475.10010 0.075273
5477.16016 0.075682
5479.22021 0.075857
5481.27979 0.077226
5483.33984 0.0773
5485.39990 0.077341
5487.45996 0.078252
5489.52002 0.078357
5491.58008 0.079006
5493.64014 0.079087
5495.70020 0.079344
5497.75977 0.079806
5499.81982 0.080475
5501.87988 0.081297
5503.93994 0.081302
5506.00000 0.081646
5508.06006 0.082258
5510.12012 0.082323
5512.18018 0.08289
5514.24023 0.083141
5516.29980 0.084014
5518.35986 0.084123
5520.41992 0.084123
5522.47998 0.084594
5524.54004 0.085166
5526.60010 0.086417
5528.66016 0.086808
5530.72021 0.086808
5532.77979 0.08702
5534.83984 0.08719
5536.89990 0.087844
5538.95996 0.088054
5541.02002 0.088985
5543.08008 0.089265
5545.14014 0.089305
5547.20020 0.089789
5549.25977 0.090051
5551.31982 0.090059
5553.37988 0.090059
5555.43994 0.090378
5557.50000 0.090694
5559.56006 0.090694
5561.62012 0.090881
5563.68018 0.090948
5565.74023 0.090955
5567.79980 0.090948
5569.85986 0.090948
5571.91992 0.090948
5573.97998 0.090955
5576.04004 0.090766
5578.10010 0.091154
5580.16016 0.091154
5582.22021 0.091154
5584.27979 0.09124
5586.33984 0.091445
5588.39990 0.09124
5590.45996 0.09124
5592.52002 0.090541
5594.58008 0.090221
5596.64014 0.090187
5598.70020 0.089738
5600.75977 0.089435
5602.81982 0.089164
5604.87988 0.089096
5606.93994 0.088776
5609.00000 0.088715
5611.06006 0.088715
5613.12012 0.08845
5615.18018 0.08818
5617.24023 0.087562
5619.29980 0.086608
5621.35986 0.086402
5623.41992 0.086084
5625.47998 0.085739
5627.54004 0.085189
5629.60010 0.084299
5631.66016 0.083674
5633.72021 0.083479
5635.77979 0.08328
5637.83984 0.081988
5639.89990 0.081908
5641.95996 0.081262
5644.02002 0.08053
5646.08008 0.079825
5648.14014 0.07923
5650.20020 0.078901
5652.25977 0.077613
5654.31982 0.077329
5656.37988 0.077153
5658.43994 0.075911
5660.50000 0.075882
5662.56006 0.075025
5664.62012 0.073869
5666.68018 0.0738
5668.74023 0.073419
5670.79980 0.071652
5672.85986 0.070781
5674.91992 0.070103
5676.97998 0.069387
5679.04004 0.069349
5681.10010 0.067917
5683.16016 0.066603
5685.22021 0.066186
5687.27979 0.066069
5689.33984 0.064907
5691.39990 0.06439
5693.45996 0.063207
5695.52002 0.062603
5697.58008 0.061702
5699.64014 0.061129
5701.70020 0.060718
5703.75977 0.059009
5705.81982 0.058192
5707.87988 0.057036
5709.93994 0.056821
5712.00000 0.05543
5714.06006 0.055203
5716.12012 0.05391
5718.18018 0.052797
5720.24023 0.052659
5722.29980 0.052022
5724.35986 0.050546
5726.41992 0.049502
5728.47998 0.049425
5730.54004 0.048135
5732.60010 0.046975
5734.66016 0.046181
5736.72021 0.046158
5738.77979 0.044706
5740.83984 0.044237
5742.89990 0.043362
5744.95996 0.043355
5747.02002 0.041727
5749.08008 0.041678
5751.14014 0.039915
5753.20020 0.039697
5755.25977 0.039192
5757.31982 0.038002
5759.37988 0.037306
5761.43994 0.036111
5763.50000 0.035785
5765.56006 0.034993
5767.62012 0.034297
5769.68018 0.03413
5771.74023 0.033262
5773.79980 0.032317
5775.85986 0.031741
5777.91992 0.030745
5779.97998 0.030668
5782.04004 0.029375
5784.10010 0.029299
5786.16016 0.02907
5788.22021 0.027919
5790.27979 0.027161
5792.33984 0.026154
5794.39990 0.026056
5796.45996 0.025294
5798.52002 0.024839
5800.58008 0.024634
5802.64014 0.024056
5804.70020 0.023131
5806.75977 0.02258
5808.81982 0.0221
5810.87988 0.021645
5812.93994 0.021596
5815.00000 0.020841
5817.06006 0.020741
5819.12012 0.019886
5821.18018 0.019764
5823.24023 0.01909
5825.29980 0.018749
5827.35986 0.018239
5829.41992 0.017864
5831.47998 0.017613
5833.54004 0.01722
5835.60010 0.016939
5837.66016 0.016759
5839.72021 0.016186
5841.77979 0.015787
5843.83984 0.015663
5845.89990 0.015289
5847.95996 0.015096
5850.02002 0.015064
5852.08008 0.014504
5854.14014 0.014145
5856.20020 0.014081
5858.25977 0.013288
5860.31982 0.013288
5862.37988 0.013252
5864.43994 0.013142
5866.50000 0.012944
5868.56006 0.012944
5870.62012 0.01239
5872.68018 0.012169
5874.74023 0.012093
5876.79980 0.011886
5878.85986 0.011726
5880.91992 0.011438
5882.97998 0.011343
5885.04004 0.011238
5887.10010 0.011238
5889.16016 0.011019
5891.22021 0.01095
5893.27979 0.010837
5895.33984 0.010641
5897.39990 0.010474
5899.45996 0.010354
5901.52002 0.010328
5903.58008 0.010328
5905.64014 0.010242
5907.70020 0.010122
5909.75977 0.010102
5911.81982 0.010057
5913.87988 0.009581
5915.93994 0.009581
5918.00000 0.009581
5920.06006 0.009611
5922.12012 0.009613
5924.18018 0.009613
5926.24023 0.009613
5928.29980 0.009601
5930.35986 0.009397
5932.41992 0.009388
5934.47998 0.009313
5936.54004 0.009313
5938.60010 0.009287
5940.66016 0.009222
5942.72021 0.009208
5944.77979 0.009202
5946.83984 0.009124
5948.89990 0.009124
5950.95996 0.009164
5953.02002 0.009097
5955.08008 0.009097
5957.14014 0.008964
5959.20020 0.008961
5961.25977 0.008954
5963.31982 0.008716
5965.37988 0.008716
5967.43994 0.008735
5969.50000 0.008735
5971.56006 0.008716
5973.62012 0.008735
5975.68018 0.00868
5977.74023 0.00868
5979.79980 0.00868
5981.85986 0.008706
5983.91992 0.008608
5985.97998 0.008608
5988.04004 0.008597
5990.10010 0.008471
5992.16016 0.008471
5994.22021 0.008519
5996.27979 0.008519
5998.33984 0.008471
6000.39990 0.008432
6002.45996 0.008407
6004.52002 0.008385
6006.58008 0.008182
6008.64014 0.008111
6010.70020 0.008111
6012.75977 0.008047
6014.81982 0.008047
6016.87988 0.007966
6018.93994 0.007966
6021.00000 0.007909
6023.06006 0.00786
6025.12012 0.007854
6027.18018 0.00786
6029.24023 0.007909
6031.29980 0.007863
6033.35986 0.007863
6035.41992 0.007863
6037.47998 0.007832
6039.54004 0.007799
6041.60010 0.007713
6043.66016 0.007655
6045.72021 0.007629
6047.77979 0.007584
6049.83984 0.007584
6051.89990 0.007482
6053.95996 0.007367
6056.02002 0.007339
6058.08008 0.007336
6060.14014 0.00727
6062.20020 0.007232
6064.25977 0.00722
6066.31982 0.00721
6068.37988 0.006945
6070.43994 0.006945
6072.50000 0.007036
6074.56006 0.006931
6076.62012 0.006931
6078.68018 0.00693
6080.74023 0.00685
6082.79980 0.006797
6084.85986 0.006721
6086.91992 0.006699
6088.97998 0.006571
6091.04004 0.006566
6093.10010 0.00652
6095.16016 0.006429
6097.22021 0.006429
6099.27979 0.006345
6101.33984 0.006345
6103.39990 0.006345
6105.45996 0.006276
6107.52002 0.006276
6109.58008 0.006181
6111.64014 0.006126
6113.70020 0.006126
6115.75977 0.006126
6117.81982 0.006113
6119.87988 0.00609
6121.93994 0.006004
6124.00000 0.005956
6126.06006 0.005737
6128.12012 0.005737
6130.18018 0.005655
6132.24023 0.005691
6134.29980 0.005655
6136.35986 0.005655
6138.41992 0.005612
6140.47998 0.005524
6142.54004 0.00538
6144.60010 0.00538
6146.66016 0.005374
6148.72021 0.005374
6150.77979 0.005318
6152.83984 0.005272
6154.89990 0.005197
6156.95996 0.005272
6159.02002 0.005197
6161.08008 0.005051
6163.14014 0.004996
6165.20020 0.004951
6167.25977 0.004888
6169.31982 0.004864
6171.37988 0.004787
6173.43994 0.004711
6175.50000 0.004662
6177.56006 0.004661
6179.62012 0.004662
6181.68018 0.004642
6183.74023 0.004643
6185.79980 0.004627
6187.85986 0.004457
6189.91992 0.004457
6191.97998 0.004354
6194.04004 0.004191
6196.10010 0.004191
6198.16016 0.004191
6200.22021 0.004186
6202.27979 0.004191
6204.33984 0.004152
6206.39990 0.004087
6208.45996 0.004063
6829.30615 0.0
