threeML/data/optical_filters/CAHA/CAHA-f_683_55.ecsv
# %ECSV 0.9
# ---
# datatype:
# - {name: wavelength, unit: Angstrom, datatype: float32}
# - {name: response, datatype: float32}
# meta: !!omap
# - {band_name: f_683_55}
# - {group_name: CAHA}
wavelength response
5570.46191 0.0
6189.40186 0.004091
6192.68018 0.004183
6195.95703 0.004274
6199.23486 0.00437
6202.51221 0.004477
6205.79004 0.004595
6209.06787 0.004719
6212.34619 0.004839
6215.62402 0.004943
6218.90186 0.005024
6222.18115 0.00508
6225.45898 0.005112
6228.73682 0.005124
6232.01611 0.005119
6235.29395 0.005109
6238.57324 0.005106
6241.85205 0.005128
6245.12988 0.005185
6248.41016 0.005279
6251.68799 0.005401
6254.96777 0.005535
6258.24707 0.005668
6261.52588 0.00579
6264.80615 0.005899
6268.08496 0.005995
6271.36523 0.006081
6274.64404 0.006161
6277.92383 0.006234
6281.20410 0.006301
6284.48389 0.006362
6287.76416 0.00642
6291.04395 0.006482
6294.32422 0.006557
6297.60400 0.006651
6300.88477 0.006773
6304.16504 0.006924
6307.44580 0.007107
6310.72607 0.007324
6314.00684 0.007578
6317.28809 0.007868
6320.56787 0.008188
6323.85010 0.008524
6327.12988 0.008855
6330.41211 0.009164
6333.69287 0.009443
6336.97412 0.009698
6340.25488 0.00995
6343.53711 0.010221
6346.81787 0.010531
6350.10010 0.010889
6353.38184 0.011298
6356.66406 0.011756
6359.94482 0.012264
6363.22803 0.012829
6366.50977 0.013466
6369.79199 0.014193
6373.07422 0.015029
6376.35596 0.015987
6379.63916 0.01708
6382.92090 0.018318
6386.20410 0.019711
6389.48584 0.021267
6392.76904 0.022992
6396.05176 0.024885
6399.33496 0.026941
6402.61816 0.029157
6405.90088 0.031535
6409.18408 0.034096
6412.46680 0.036868
6415.75000 0.03989
6419.03418 0.043186
6422.31689 0.046762
6425.60107 0.050597
6428.88379 0.054649
6432.16797 0.058869
6435.45215 0.063213
6438.73584 0.06765
6442.02002 0.072169
6445.30420 0.076774
6448.58789 0.081475
6451.87207 0.086285
6455.15576 0.091206
6458.44092 0.096228
6461.72510 0.10133
6465.00977 0.106486
6468.29395 0.11167
6471.57910 0.116862
6474.86377 0.122051
6478.14795 0.127237
6481.43408 0.132442
6484.71777 0.137712
6488.00293 0.143129
6491.28906 0.148791
6494.57422 0.154798
6497.85889 0.161228
6501.14502 0.168118
6504.43018 0.175467
6507.71484 0.183243
6511.00098 0.191399
6514.28711 0.199898
6517.57324 0.208737
6520.85791 0.217961
6524.14502 0.227669
6527.43018 0.238002
6530.71582 0.249119
6534.00195 0.261163
6537.28906 0.274237
6540.57520 0.28838
6543.86084 0.303571
6547.14795 0.319742
6550.43506 0.336804
6553.72119 0.354663
6557.00781 0.373227
6560.29395 0.392396
6563.58203 0.41206
6566.86816 0.432096
6570.15479 0.452374
6573.44189 0.472766
6576.72900 0.493144
6580.01709 0.513375
6583.30420 0.533305
6586.59082 0.552748
6589.87891 0.571481
6593.16699 0.589251
6596.45410 0.605781
6599.74219 0.620791
6603.02881 0.634023
6606.31689 0.645271
6609.60498 0.654431
6612.89307 0.66152
6616.18115 0.666681
6619.46924 0.670137
6622.75684 0.672134
6626.04590 0.672884
6629.33398 0.67253
6632.62305 0.671143
6635.91113 0.668748
6639.20020 0.665365
6642.48779 0.661061
6645.77686 0.655984
6649.06592 0.650363
6652.35400 0.644472
6655.64404 0.638568
6658.93311 0.632842
6662.22217 0.627398
6665.51123 0.622262
6668.79980 0.617409
6672.08887 0.612785
6675.37793 0.608315
6678.66797 0.603928
6681.95801 0.599582
6685.24707 0.595296
6688.53711 0.591164
6691.82617 0.587342
6695.11621 0.584
6698.40576 0.581274
6701.69580 0.57924
6704.98584 0.577895
6708.27588 0.577177
6711.56592 0.576987
6714.85596 0.577213
6718.14600 0.577748
6721.43701 0.57851
6724.72705 0.579436
6728.01807 0.580478
6731.30811 0.581593
6734.59912 0.582733
6737.89014 0.58385
6741.18018 0.58492
6744.47119 0.585959
6747.76221 0.587039
6751.05322 0.588261
6754.34424 0.589731
6757.63477 0.591517
6760.92578 0.59362
6764.21680 0.595981
6767.50879 0.598497
6770.79980 0.601047
6774.09082 0.603506
6777.38281 0.605766
6780.67383 0.607737
6783.96582 0.609366
6787.25781 0.610636
6790.54980 0.611568
6793.84082 0.612206
6797.13281 0.612613
6800.42480 0.612853
6803.71680 0.612985
6807.00879 0.61306
6810.30078 0.613114
6813.59424 0.613176
6816.88623 0.613271
6820.17822 0.613419
6823.47119 0.613636
6826.76318 0.613913
6830.05615 0.614214
6833.34912 0.61447
6836.64111 0.614601
6839.93408 0.614542
6843.22705 0.614264
6846.52002 0.613773
6849.81299 0.613078
6853.10498 0.612188
6856.39795 0.611101
6859.69189 0.609832
6862.98486 0.608429
6866.27783 0.606975
6869.57080 0.605571
6872.86523 0.604316
6876.15820 0.603277
6879.45215 0.602478
6882.74609 0.60189
6886.03906 0.601429
6889.33301 0.600977
6892.62598 0.600395
6895.91992 0.599555
6899.21387 0.59836
6902.50781 0.596755
6905.80176 0.594731
6909.09619 0.592299
6912.39111 0.589471
6915.68506 0.586245
6918.97900 0.582605
6922.27295 0.578532
6925.56689 0.574031
6928.86182 0.569146
6932.15576 0.563951
6935.45117 0.558535
6938.74609 0.552966
6942.04102 0.547276
6945.33496 0.541467
6948.62988 0.535531
6951.92480 0.529454
6955.22021 0.52323
6958.51514 0.516841
6961.81006 0.510257
6965.10498 0.503425
6968.39990 0.496294
6971.69482 0.488834
6974.99023 0.481061
6978.28613 0.473053
6981.58105 0.46494
6984.87598 0.456878
6988.17188 0.44902
6991.46777 0.441494
6994.76318 0.434394
6998.05908 0.427788
7001.35498 0.42172
7004.64990 0.416213
7007.94580 0.41127
7011.24219 0.406872
7014.53809 0.402974
7017.83398 0.39951
7021.12988 0.396403
7024.42578 0.393578
7027.72314 0.390975
7031.01904 0.388555
7034.31494 0.386302
7037.61182 0.384218
7040.90820 0.382331
7044.20508 0.380683
7047.50098 0.379317
7050.79785 0.378265
7054.09424 0.377527
7057.39111 0.377075
7060.68799 0.376841
7063.98486 0.376717
7067.28223 0.376548
7070.57910 0.37613
7073.87500 0.375224
7077.17188 0.373573
7080.47021 0.370928
7083.76709 0.367072
7087.06396 0.36183
7090.36084 0.355068
7093.65918 0.346696
7096.95605 0.336672
7100.25293 0.325008
7103.55078 0.311788
7106.84814 0.297176
7110.14600 0.281417
7113.44287 0.264821
7116.74121 0.24774
7120.03906 0.230532
7123.33691 0.213528
7126.63477 0.197011
7129.93311 0.181205
7133.22998 0.166273
7136.52783 0.152316
7139.82715 0.139373
7143.12500 0.127437
7146.42285 0.116463
7149.72119 0.106397
7153.02002 0.097183
7156.31787 0.088776
7159.61621 0.081133
7162.91504 0.074209
7166.21289 0.067948
7169.51123 0.062294
7172.81006 0.057192
7176.10889 0.052601
7179.40723 0.048491
7182.70605 0.044841
7186.00488 0.041622
7189.30420 0.038796
7192.60303 0.036315
7195.90088 0.034127
7199.20020 0.032179
7202.50000 0.030425
7205.79883 0.028821
7209.09814 0.027331
7212.39697 0.025928
7215.69580 0.024598
7218.99512 0.023336
7222.29492 0.022149
7225.59424 0.021047
7228.89404 0.020038
7232.19287 0.019124
7235.49316 0.018296
7238.79199 0.017543
7242.09180 0.016851
7245.39209 0.016215
7248.69092 0.015633
7251.99121 0.015111
7255.29102 0.014651
7258.58984 0.014251
7261.89111 0.013907
7265.18994 0.013606
7268.49023 0.013338
7271.79102 0.01309
7275.08984 0.012854
7278.39111 0.012623
7281.69092 0.012394
7284.99121 0.012162
7288.29199 0.011928
7291.59082 0.011692
7294.89209 0.011458
7298.19189 0.011234
7301.49316 0.011031
7304.79297 0.010852
7308.09424 0.010696
7311.39502 0.010554
7314.69482 0.010413
7317.99609 0.010262
7321.29590 0.010098
7324.59717 0.009923
7327.89795 0.009749
7331.19922 0.009583
7334.50000 0.009434
7337.80078 0.009303
7341.10205 0.009191
7344.40283 0.009093
7347.70410 0.00901
7351.00488 0.008942
7354.30615 0.00889
7357.60693 0.008851
7360.90918 0.008823
7364.20996 0.008798
7367.51123 0.008772
7370.81299 0.008739
7374.11377 0.0087
7377.41602 0.008654
7380.71680 0.008601
7384.01904 0.008541
7387.31982 0.008472
7390.62207 0.00839
7393.92383 0.008289
7397.22607 0.008165
7400.52686 0.008016
7403.82910 0.007842
7407.13086 0.007645
7410.43311 0.007429
7413.73486 0.007197
7417.03711 0.006952
7420.33887 0.006701
7423.64111 0.006448
7426.94287 0.006201
7430.24512 0.005965
7433.54688 0.005747
7436.85010 0.005549
7440.15186 0.005376
7443.45410 0.005228
7446.75586 0.005104
7450.05908 0.005001
7453.36084 0.004914
7456.66406 0.004835
7459.96582 0.004758
7463.26904 0.004681
7466.57080 0.004606
7469.87402 0.004536
7473.17578 0.004471
7476.47900 0.004411
7479.78223 0.004355
7483.08496 0.004304
7486.38818 0.004259
7489.68994 0.004221
7492.99316 0.00419
7496.29590 0.004164
7499.59912 0.004141
7502.90186 0.004115
7506.20508 0.004082
7509.50781 0.004039
8260.45898 0.0
