threeML/data/optical_filters/CAHA/CAHA-f_905_8.ecsv
# %ECSV 0.9
# ---
# datatype:
# - {name: wavelength, unit: Angstrom, datatype: float32}
# - {name: response, datatype: float32}
# meta: !!omap
# - {band_name: f_905_8}
# - {group_name: CAHA}
wavelength response
8037.51611 0.0
8930.57324 0.004043
8930.83496 0.004086
8931.09668 0.004118
8931.35840 0.004139
8931.62109 0.004151
8931.88281 0.004157
8932.14453 0.004163
8932.40625 0.004171
8932.66797 0.004185
8932.92969 0.004204
8933.19238 0.004223
8933.45410 0.004243
8933.71582 0.004261
8933.97754 0.004282
8934.23926 0.004309
8934.50195 0.004345
8934.76367 0.004391
8935.02539 0.004445
8935.28711 0.004502
8935.54883 0.004553
8935.81055 0.004593
8936.07324 0.004619
8936.33496 0.004632
8936.59668 0.004635
8936.85840 0.004632
8937.12012 0.00463
8937.38281 0.004635
8937.64453 0.004652
8937.90625 0.004686
8938.16797 0.004739
8938.42969 0.004809
8938.69238 0.004893
8938.95410 0.004984
8939.21582 0.005074
8939.47754 0.005153
8939.73926 0.005215
8940.00098 0.005259
8940.26367 0.005287
8940.52539 0.005304
8940.78711 0.005315
8941.04883 0.005327
8941.31055 0.005345
8941.57324 0.005372
8941.83496 0.005411
8942.09668 0.005465
8942.35840 0.00553
8942.62012 0.005602
8942.88184 0.00567
8943.14453 0.005728
8943.40625 0.005772
8943.66797 0.005805
8943.92969 0.005836
8944.19141 0.005874
8944.45410 0.005924
8944.71582 0.005988
8944.97754 0.00606
8945.23926 0.006134
8945.50098 0.006203
8945.76367 0.006266
8946.02539 0.006324
8946.28711 0.006382
8946.54883 0.006448
8946.81055 0.006528
8947.07227 0.006621
8947.33496 0.006724
8947.59668 0.006831
8947.85840 0.006937
8948.12012 0.007038
8948.38184 0.00713
8948.64453 0.007211
8948.90625 0.007282
8949.16797 0.007349
8949.42969 0.007417
8949.69141 0.007492
8949.95410 0.007579
8950.21582 0.007672
8950.47754 0.007765
8950.73926 0.007852
8951.00098 0.007928
8951.26270 0.007991
8951.52539 0.008046
8951.78711 0.008098
8952.04883 0.008155
8952.31055 0.008221
8952.57227 0.008301
8952.83496 0.008394
8953.09668 0.0085
8953.35840 0.00862
8953.62012 0.008756
8953.88184 0.008908
8954.14355 0.009076
8954.40625 0.009255
8954.66797 0.009439
8954.92969 0.009622
8955.19141 0.0098
8955.45312 0.009973
8955.71582 0.010144
8955.97754 0.010311
8956.23926 0.010475
8956.50098 0.010631
8956.76270 0.010778
8957.02539 0.010916
8957.28711 0.011049
8957.54883 0.011185
8957.81055 0.011329
8958.07227 0.011482
8958.33398 0.01164
8958.59668 0.011799
8958.85840 0.011955
8959.12012 0.012108
8959.38184 0.012261
8959.64355 0.012421
8959.90625 0.012594
8960.16797 0.012782
8960.42969 0.012985
8960.69141 0.013201
8960.95312 0.013425
8961.21484 0.013649
8961.47754 0.013867
8961.73926 0.014075
8962.00098 0.01427
8962.26270 0.014454
8962.52441 0.01463
8962.78711 0.014803
8963.04883 0.014979
8963.31055 0.015165
8963.57227 0.015368
8963.83398 0.015591
8964.09668 0.015831
8964.35840 0.016083
8964.62012 0.016343
8964.88184 0.016604
8965.14355 0.016861
8965.40527 0.017111
8965.66797 0.017354
8965.92969 0.017593
8966.19141 0.017836
8966.45312 0.018094
8966.71484 0.018378
8966.97754 0.018697
8967.23926 0.019052
8967.50098 0.019441
8967.76270 0.019856
8968.02441 0.020289
8968.28613 0.02073
8968.54883 0.021176
8968.81055 0.021622
8969.07227 0.02207
8969.33398 0.022517
8969.59570 0.022966
8969.85840 0.023416
8970.12012 0.023868
8970.38184 0.02432
8970.64355 0.024776
8970.90527 0.025238
8971.16797 0.025712
8971.42969 0.0262
8971.69141 0.026708
8971.95312 0.027233
8972.21484 0.027771
8972.47656 0.028319
8972.73926 0.028873
8973.00098 0.029437
8973.26270 0.03002
8973.52441 0.030629
8973.78613 0.031268
8974.04883 0.031936
8974.31055 0.032624
8974.57227 0.033321
8974.83398 0.034019
8975.09570 0.034717
8975.35840 0.035422
8975.62012 0.036147
8975.88184 0.036906
8976.14355 0.037704
8976.40527 0.03854
8976.66699 0.0394
8976.92969 0.040268
8977.19141 0.041134
8977.45312 0.041993
8977.71484 0.04285
8977.97656 0.043713
8978.23926 0.044591
8978.50098 0.045495
8978.76270 0.046436
8979.02441 0.047422
8979.28613 0.048462
8979.54785 0.049555
8979.81055 0.050694
8980.07227 0.051867
8980.33398 0.05306
8980.59570 0.054266
8980.85742 0.055484
8981.12012 0.056722
8981.38184 0.057991
8981.64355 0.0593
8981.90527 0.060651
8982.16699 0.06204
8982.42969 0.063464
8982.69141 0.06492
8982.95312 0.06641
8983.21484 0.067936
8983.47656 0.069502
8983.73828 0.071111
8984.00098 0.072772
8984.26270 0.074491
8984.52441 0.076276
8984.78613 0.078126
8985.04785 0.08004
8985.31055 0.082018
8985.57227 0.08406
8985.83398 0.086171
8986.09570 0.088354
8986.35742 0.090608
8986.61914 0.09293
8986.88184 0.095313
8987.14355 0.097752
8987.40527 0.100241
8987.66699 0.102779
8987.92871 0.105365
8988.19141 0.107999
8988.45312 0.110685
8988.71484 0.113431
8988.97656 0.116249
8989.23828 0.119154
8989.50098 0.122154
8989.76270 0.125255
8990.02441 0.128462
8990.28613 0.131778
8990.54785 0.135214
8990.80957 0.13878
8991.07227 0.142479
8991.33398 0.14631
8991.59570 0.15026
8991.85742 0.154314
8992.11914 0.158457
8992.38184 0.16268
8992.64355 0.166982
8992.90527 0.171368
8993.16699 0.175849
8993.42871 0.180434
8993.69043 0.185135
8993.95312 0.189955
8994.21484 0.194896
8994.47656 0.199958
8994.73828 0.205143
8995.00000 0.210453
8995.26270 0.215888
8995.52441 0.221446
8995.78613 0.227122
8996.04785 0.232908
8996.30957 0.238801
8996.57227 0.2448
8996.83398 0.250913
8997.09570 0.257153
8997.35742 0.263534
8997.61914 0.270064
8997.88086 0.276746
8998.14355 0.283566
8998.40527 0.290504
8998.66699 0.29754
8998.92871 0.304655
8999.19043 0.311843
8999.45312 0.31911
8999.71484 0.326473
8999.97656 0.333948
9000.23828 0.341544
9000.50000 0.349255
9000.76270 0.357059
9001.02441 0.364921
9001.28613 0.37281
9001.54785 0.380711
9001.80957 0.388625
9002.07129 0.396568
9002.33398 0.40456
9002.59570 0.412615
9002.85742 0.420737
9003.11914 0.428918
9003.38086 0.437143
9003.64355 0.445387
9003.90527 0.453625
9004.16699 0.461837
9004.42871 0.47001
9004.69043 0.478147
9004.95215 0.486255
9005.21484 0.494339
9005.47656 0.502391
9005.73828 0.510386
9006.00000 0.518285
9006.26172 0.526052
9006.52441 0.533665
9006.78613 0.541125
9007.04785 0.548447
9007.30957 0.555648
9007.57129 0.56274
9007.83398 0.569725
9008.09570 0.576593
9008.35742 0.583338
9008.61914 0.589958
9008.88086 0.596449
9009.14258 0.602801
9009.40527 0.608994
9009.66699 0.615005
9009.92871 0.620814
9010.19043 0.626414
9010.45215 0.631805
9010.71484 0.636994
9010.97656 0.641986
9011.23828 0.646791
9011.50000 0.651427
9011.76172 0.655916
9012.02344 0.660285
9012.28613 0.664551
9012.54785 0.668717
9012.80957 0.672774
9013.07129 0.676701
9013.33301 0.68047
9013.59570 0.684051
9013.85742 0.687413
9014.11914 0.690526
9014.38086 0.693373
9014.64258 0.695947
9014.90527 0.698258
9015.16699 0.700327
9015.42871 0.702188
9015.69043 0.703881
9015.95215 0.705454
9016.21387 0.706965
9016.47656 0.708468
9016.73828 0.710003
9017.00000 0.711577
9017.26172 0.713158
9017.52344 0.714681
9017.78613 0.716077
9018.04785 0.717303
9018.30957 0.718356
9018.57129 0.71928
9018.83301 0.720139
9019.09473 0.720988
9019.35742 0.721848
9019.61914 0.722709
9019.88086 0.723537
9020.14258 0.724306
9020.40430 0.725007
9020.66699 0.725645
9020.92871 0.726231
9021.19043 0.726762
9021.45215 0.727224
9021.71387 0.727593
9021.97656 0.727851
9022.23828 0.728
9022.50000 0.728059
9022.76172 0.728063
9023.02344 0.728045
9023.28516 0.728029
9023.54785 0.728029
9023.80957 0.728051
9024.07129 0.728101
9024.33301 0.728179
9024.59473 0.72828
9024.85742 0.728391
9025.11914 0.728496
9025.38086 0.728588
9025.64258 0.728677
9025.90430 0.728784
9026.16699 0.728937
9026.42871 0.729153
9026.69043 0.729437
9026.95215 0.72978
9027.21387 0.730173
9027.47559 0.730608
9027.73828 0.731078
9028.00000 0.731563
9028.26172 0.732036
9028.52344 0.73247
9028.78516 0.732855
9029.04785 0.73321
9029.30957 0.733575
9029.57129 0.733995
9029.83301 0.734487
9030.09473 0.735029
9030.35645 0.73557
9030.61914 0.736048
9030.88086 0.736418
9031.14258 0.736666
9031.40430 0.736805
9031.66602 0.736866
9031.92871 0.736891
9032.19043 0.736928
9032.45215 0.737027
9032.71387 0.737235
9032.97559 0.737575
9033.23828 0.738035
9033.50000 0.738571
9033.76172 0.739119
9034.02344 0.739624
9034.28516 0.740063
9034.54688 0.740445
9034.80957 0.7408
9035.07129 0.74116
9035.33301 0.741546
9035.59473 0.741965
9035.85645 0.742411
9036.11914 0.742875
9036.38086 0.743348
9036.64258 0.743823
9036.90430 0.744292
9037.16602 0.744754
9037.42773 0.745206
9037.69043 0.745642
9037.95215 0.746046
9038.21387 0.746395
9038.47559 0.74667
9038.73730 0.746867
9039.00000 0.747002
9039.26172 0.747106
9039.52344 0.747209
9039.78516 0.747326
9040.04688 0.747458
9040.30957 0.747605
9040.57129 0.747766
9040.83301 0.74795
9041.09473 0.748162
9041.35645 0.748394
9041.61816 0.748623
9041.88086 0.74882
9042.14258 0.748957
9042.40430 0.749025
9042.66602 0.749036
9042.92773 0.749015
9043.19043 0.748986
9043.45215 0.748971
9043.71387 0.74898
9043.97559 0.749007
9044.23730 0.749033
9044.49902 0.749038
9044.76172 0.749008
9045.02344 0.748944
9045.28516 0.748861
9045.54688 0.748775
9045.80859 0.748696
9046.07129 0.748626
9046.33301 0.748561
9046.59473 0.748487
9046.85645 0.748392
9047.11816 0.748266
9047.38086 0.7481
9047.64258 0.747896
9047.90430 0.747662
9048.16602 0.747416
9048.42773 0.747184
9048.68945 0.746992
9048.95215 0.746852
9049.21387 0.746758
9049.47559 0.746684
9049.73730 0.746603
9049.99902 0.74649
9050.26172 0.746342
9050.52344 0.746159
9050.78516 0.745938
9051.04688 0.745669
9051.30859 0.745335
9051.57129 0.744929
9051.83301 0.744466
9052.09473 0.74398
9052.35645 0.743513
9052.61816 0.743098
9052.87988 0.742758
9053.14258 0.742495
9053.40430 0.742298
9053.66602 0.742146
9053.92773 0.74201
9054.18945 0.741856
9054.45215 0.741647
9054.71387 0.741352
9054.97559 0.740952
9055.23730 0.740457
9055.49902 0.739905
9055.76074 0.739348
9056.02344 0.738832
9056.28516 0.73838
9056.54688 0.73798
9056.80859 0.737593
9057.07031 0.737174
9057.33301 0.736683
9057.59473 0.736105
9057.85645 0.735453
9058.11816 0.734767
9058.37988 0.734092
9058.64258 0.733467
9058.90430 0.7329
9059.16602 0.732369
9059.42773 0.73184
9059.68945 0.731297
9059.95117 0.730753
9060.21387 0.73025
9060.47559 0.72983
9060.73730 0.729513
9060.99902 0.729276
9061.26074 0.729068
9061.52344 0.728825
9061.78516 0.728497
9062.04688 0.728065
9062.30859 0.727544
9062.57031 0.726974
9062.83203 0.726406
9063.09473 0.725884
9063.35645 0.72543
9063.61816 0.725034
9063.87988 0.724656
9064.14160 0.724245
9064.40430 0.723757
9064.66602 0.723176
9064.92773 0.722512
9065.18945 0.721802
9065.45117 0.721089
9065.71387 0.720407
9065.97559 0.719777
9066.23730 0.719197
9066.49902 0.718651
9066.76074 0.718114
9067.02246 0.717557
9067.28516 0.71695
9067.54688 0.71627
9067.80859 0.715502
9068.07031 0.714642
9068.33203 0.713704
9068.59473 0.712727
9068.85645 0.711761
9069.11816 0.710859
9069.37988 0.710048
9069.64160 0.709309
9069.90332 0.708583
9070.16602 0.707789
9070.42773 0.70685
9070.68945 0.705712
9070.95117 0.704357
9071.21289 0.702799
9071.47559 0.701072
9071.73730 0.699231
9071.99902 0.69733
9072.26074 0.695415
9072.52246 0.69351
9072.78516 0.691614
9073.04688 0.689695
9073.30859 0.687704
9073.57031 0.685587
9073.83203 0.683312
9074.09375 0.680879
9074.35645 0.678314
9074.61816 0.675656
9074.87988 0.672925
9075.14160 0.67011
9075.40332 0.667179
9075.66602 0.664097
9075.92773 0.660844
9076.18945 0.657424
9076.45117 0.653844
9076.71289 0.650107
9076.97559 0.646208
9077.23730 0.642149
9077.49902 0.63794
9077.76074 0.633601
9078.02246 0.629148
9078.28418 0.62458
9078.54688 0.619885
9078.80859 0.615046
9079.07031 0.610056
9079.33203 0.604932
9079.59375 0.5997
9079.85645 0.59439
9080.11816 0.589009
9080.37988 0.58354
9080.64160 0.577943
9080.90332 0.572172
9081.16504 0.566201
9081.42773 0.560033
9081.68945 0.553695
9081.95117 0.547231
9082.21289 0.540681
9082.47461 0.534072
9082.73730 0.527406
9082.99902 0.520667
9083.26074 0.513833
9083.52246 0.506891
9083.78418 0.499846
9084.04688 0.492722
9084.30859 0.485547
9084.57031 0.478339
9084.83203 0.471105
9085.09375 0.463836
9085.35547 0.456522
9085.61816 0.449154
9085.87988 0.441729
9086.14160 0.434256
9086.40332 0.426747
9086.66504 0.419219
9086.92773 0.411693
9087.18945 0.404192
9087.45117 0.396733
9087.71289 0.389323
9087.97461 0.381956
9088.23633 0.374614
9088.49902 0.367283
9088.76074 0.359959
9089.02246 0.352661
9089.28418 0.345421
9089.54590 0.338265
9089.80859 0.331208
9090.07031 0.324244
9090.33203 0.317364
9090.59375 0.310562
9090.85547 0.303843
9091.11816 0.29721
9091.37988 0.290668
9091.64160 0.28421
9091.90332 0.277828
9092.16504 0.271514
9092.42676 0.265273
9092.68945 0.259117
9092.95117 0.253071
9093.21289 0.247161
9093.47461 0.241404
9093.73633 0.235804
9093.99902 0.230349
9094.26074 0.225021
9094.52246 0.219803
9094.78418 0.214685
9095.04590 0.209661
9095.30762 0.204731
9095.57031 0.199893
9095.83203 0.195142
9096.09375 0.190473
9096.35547 0.18588
9096.61719 0.181362
9096.87988 0.176923
9097.14160 0.172579
9097.40332 0.168344
9097.66504 0.164231
9097.92676 0.160244
9098.18945 0.156375
9098.45117 0.152612
9098.71289 0.148943
9098.97461 0.145359
9099.23633 0.141855
9099.49805 0.138433
9099.76074 0.135102
9100.02246 0.131867
9100.28418 0.128737
9100.54590 0.125708
9100.80762 0.122776
9101.07031 0.11993
9101.33203 0.117162
9101.59375 0.114467
9101.85547 0.11184
9102.11719 0.109281
9102.37891 0.106784
9102.64160 0.104338
9102.90332 0.101934
9103.16504 0.099559
9103.42676 0.097209
9103.68848 0.094889
9103.95117 0.092612
9104.21289 0.0904
9104.47461 0.088273
9104.73633 0.086245
9104.99805 0.084318
9105.26074 0.082486
9105.52246 0.080735
9105.78418 0.079048
9106.04590 0.077407
9106.30762 0.075794
9106.56934 0.074196
9106.83203 0.072607
9107.09375 0.07103
9107.35547 0.069476
9107.61719 0.067958
9107.87891 0.066486
9108.14160 0.065063
9108.40332 0.063684
9108.66504 0.062342
9108.92676 0.06103
9109.18848 0.059747
9109.45117 0.058498
9109.71289 0.057286
9109.97461 0.05611
9110.23633 0.054961
9110.49805 0.053831
9110.75977 0.052712
9111.02246 0.0516
9111.28418 0.050498
9111.54590 0.049413
9111.80762 0.048358
9112.06934 0.047343
9112.33203 0.046378
9112.59375 0.045465
9112.85547 0.044596
9113.11719 0.043761
9113.37891 0.042945
9113.64062 0.042142
9113.90332 0.041354
9114.16504 0.040585
9114.42676 0.03984
9114.68848 0.039121
9114.95020 0.038422
9115.21289 0.037736
9115.47461 0.037059
9115.73633 0.036392
9115.99805 0.035738
9116.25977 0.035099
9116.52246 0.034471
9116.78418 0.033852
9117.04590 0.033242
9117.30762 0.032646
9117.56934 0.032071
9117.83105 0.03152
9118.09375 0.030992
9118.35547 0.030475
9118.61719 0.02996
9118.87891 0.029439
9119.14062 0.028914
9119.40332 0.028395
9119.66504 0.027896
9119.92676 0.027426
9120.18848 0.026985
9120.45020 0.026563
9120.71191 0.026148
9120.97461 0.025731
9121.23633 0.025308
9121.49805 0.024882
9121.75977 0.024457
9122.02148 0.024043
9122.28418 0.023643
9122.54590 0.023257
9122.80762 0.022881
9123.06934 0.022511
9123.33105 0.022144
9123.59375 0.021779
9123.85547 0.021417
9124.11719 0.021061
9124.37891 0.020712
9124.64062 0.020372
9124.90234 0.020041
9125.16504 0.01972
9125.42676 0.019409
9125.68848 0.019105
9125.95020 0.018807
9126.21191 0.018515
9126.47461 0.018234
9126.73633 0.017968
9126.99805 0.01772
9127.25977 0.017486
9127.52148 0.017262
9127.78320 0.017039
9128.04590 0.016815
9128.30762 0.016592
9128.56934 0.016374
9128.83105 0.016166
9129.09277 0.01597
9129.35547 0.015785
9129.61719 0.015606
9129.87891 0.015426
9130.14062 0.015242
9130.40234 0.01505
9130.66504 0.014851
9130.92676 0.014649
9131.18848 0.014448
9131.45020 0.014254
9131.71191 0.014068
9131.97363 0.013889
9132.23633 0.013711
9132.49805 0.013527
9132.75977 0.013332
9133.02148 0.013125
9133.28320 0.012912
9133.54590 0.0127
9133.80762 0.012503
9134.06934 0.012329
9134.33105 0.012183
9134.59277 0.012065
9134.85547 0.011966
9135.11719 0.011877
9135.37891 0.011791
9135.64062 0.011699
9135.90234 0.011596
9136.16406 0.011476
9136.42676 0.011335
9136.68848 0.011175
9136.95020 0.010998
9137.21191 0.010814
9137.47363 0.010636
9137.73633 0.010478
9137.99805 0.010347
9138.25977 0.010245
9138.52148 0.010167
9138.78320 0.010099
9139.04492 0.010031
9139.30762 0.009953
9139.56934 0.009859
9139.83105 0.009753
9140.09277 0.009639
9140.35352 0.009524
9140.61719 0.009414
9140.87891 0.009312
9141.14062 0.009217
9141.40234 0.009124
9141.66406 0.009028
9141.92676 0.008925
9142.18848 0.008816
9142.45020 0.008705
9142.71191 0.008599
9142.97363 0.008502
9143.23535 0.008413
9143.49805 0.008329
9143.75977 0.008245
9144.02148 0.008158
9144.28320 0.008068
9144.54492 0.007978
9144.80762 0.007893
9145.06934 0.007819
9145.33105 0.007757
9145.59277 0.007705
9145.85352 0.007659
9146.11621 0.007614
9146.37891 0.007564
9146.64062 0.007506
9146.90234 0.007436
9147.16406 0.007358
9147.42578 0.007278
9147.68848 0.007202
9147.95020 0.007138
9148.21191 0.007088
9148.47363 0.007051
9148.73535 0.007025
9148.99805 0.007002
9149.25977 0.006976
9149.52148 0.006942
9149.78320 0.006893
9150.04492 0.00683
9150.30664 0.006753
9150.56934 0.006667
9150.83105 0.006578
9151.09277 0.006493
9151.35352 0.006416
9151.61621 0.006346
9151.87891 0.006278
9152.14062 0.006205
9152.40234 0.00612
9152.66406 0.00602
9152.92578 0.005911
9153.18848 0.005805
9153.45020 0.005714
9153.71191 0.005647
9153.97363 0.005607
9154.23535 0.005592
9154.49707 0.005592
9154.75977 0.005597
9155.02148 0.005597
9155.28320 0.005583
9155.54492 0.005554
9155.80664 0.00551
9156.06934 0.005455
9156.33105 0.005394
9156.59277 0.005332
9156.85352 0.005272
9157.11621 0.005216
9157.37793 0.005162
9157.64062 0.005109
9157.90234 0.005052
9158.16406 0.004992
9158.42578 0.00493
9158.68848 0.004869
9158.95020 0.004819
9159.21191 0.004786
9159.47363 0.004777
9159.73535 0.004792
9159.99707 0.004827
9160.25977 0.004869
9160.52148 0.00491
9160.78320 0.00494
9161.04492 0.004956
9161.30664 0.004957
9161.56836 0.004948
9161.83105 0.004934
9162.09277 0.004922
9162.35352 0.004914
9162.61621 0.00491
9162.87793 0.004903
9163.14062 0.004883
9163.40234 0.004844
9163.66406 0.004783
9163.92578 0.004707
9164.18848 0.004627
9164.44922 0.004552
9164.71191 0.004486
9164.97363 0.004431
9165.23535 0.004387
9165.49707 0.004352
9165.75879 0.004323
9166.02148 0.004298
9166.28320 0.004273
9166.54492 0.004249
9166.80664 0.004229
9167.06836 0.004217
9167.33105 0.004217
9167.59277 0.004228
9167.85352 0.004246
9168.11621 0.004265
9168.37793 0.004279
9168.63965 0.00428
9168.90234 0.004266
9169.16406 0.004235
9169.42578 0.004188
9169.68848 0.004132
9169.94922 0.004077
9170.21191 0.004032
9170.47363 0.004007
9170.73535 0.004002
9170.99707 0.004015
9171.25879 0.004037
9171.52148 0.00406
9171.78320 0.004076
9172.04492 0.004078
9172.30664 0.004064
9172.56836 0.004031
10089.82520 0.0
