threeML/data/optical_filters/CAHA/CAHA-f_674_18.ecsv
# %ECSV 0.9
# ---
# datatype:
# - {name: wavelength, unit: Angstrom, datatype: float32}
# - {name: response, datatype: float32}
# meta: !!omap
# - {band_name: f_674_18}
# - {group_name: CAHA}
wavelength response
[from data line 805]
6742.52979 0.744362
6742.79004 0.745803
6743.04980 0.747496
6743.31006 0.746529
6743.56982 0.744236
6743.83008 0.742148
6744.08984 0.742514
6744.35986 0.745015
6744.62012 0.744849
6744.87988 0.742821
6745.14014 0.740876
6745.39990 0.739077
6745.66016 0.740482
6745.91992 0.741781
6746.18994 0.739249
6746.45020 0.737482
6746.70996 0.737321
6746.97021 0.73766
6747.22998 0.740665
6747.49023 0.740277
6747.75000 0.735
6748.00977 0.733895
6748.27979 0.734432
6748.54004 0.737578
6748.79980 0.736305
6749.06006 0.732872
6749.31982 0.73218
6749.58008 0.731458
6749.83984 0.732393
6750.10010 0.732951
6750.37012 0.733566
6750.62988 0.729283
6750.89014 0.728614
6751.14990 0.730125
6751.41016 0.730839
6751.66992 0.731711
6751.93018 0.729023
6752.20020 0.727426
6752.45996 0.727347
6752.72021 0.728504
6752.97998 0.727662
6753.24023 0.725694
6753.50000 0.724805
6753.75977 0.724929
6754.02002 0.726571
6754.29004 0.725779
6754.54980 0.723543
6754.81006 0.72358
6755.06982 0.724028
6755.33008 0.725848
6755.58984 0.724253
6755.85010 0.721415
6756.10986 0.723693
6756.37988 0.722101
6756.64014 0.722666
6756.89990 0.720415
6757.16016 0.720355
6757.41992 0.719875
6757.68018 0.720852
6757.93994 0.722157
6758.20996 0.72122
6758.47021 0.719718
6758.72998 0.716663
6758.99023 0.720245
6759.25000 0.721336
6759.50977 0.719537
6759.77002 0.716043
6760.02979 0.71446
6760.29980 0.716495
6760.56006 0.718007
6760.81982 0.718442
6761.08008 0.715941
6761.33984 0.713788
6761.60010 0.713227
6761.85986 0.716524
6762.12012 0.71727
6762.39014 0.714694
6762.64990 0.711281
6762.91016 0.710667
6763.16992 0.713577
6763.43018 0.716338
6763.68994 0.714006
6763.95020 0.709282
6764.20996 0.70638
6764.47998 0.710384
6764.74023 0.711258
6765.00000 0.715036
6765.25977 0.708359
6765.52002 0.705812
6765.77979 0.706651
6766.04004 0.708482
6766.31006 0.712
6766.56982 0.707761
6766.83008 0.704475
6767.08984 0.702812
6767.35010 0.706413
6767.60986 0.710938
6767.87012 0.708176
6768.12988 0.702309
6768.39990 0.701497
6768.66016 0.702562
6768.91992 0.706085
6769.18018 0.704561
6769.43994 0.702585
6769.70020 0.69776
6769.95996 0.701763
6770.22998 0.702868
6770.49023 0.704915
6770.75000 0.702144
6771.00977 0.700164
6771.27002 0.698843
6771.52979 0.701681
6771.79004 0.705096
6772.04980 0.703702
6772.31982 0.701199
6772.58008 0.700124
6772.83984 0.700888
6773.10010 0.702553
6773.35986 0.701079
6773.62012 0.698294
6773.87988 0.699945
6774.14014 0.701401
6774.41016 0.700556
6774.66992 0.700714
6774.93018 0.698323
6775.18994 0.699978
6775.45020 0.700718
6775.70996 0.703712
6775.97021 0.699694
6776.22998 0.70011
6776.50000 0.700956
6776.75977 0.700943
6777.02002 0.702633
6777.27979 0.703371
6777.54004 0.701086
6777.79980 0.700198
6778.06006 0.703267
6778.33008 0.702752
6778.58984 0.702276
6778.85010 0.700427
6779.10986 0.70105
6779.37012 0.702969
6779.62988 0.702469
6779.89014 0.703611
6780.14990 0.701166
6780.41992 0.699953
6780.68018 0.701591
6780.93994 0.705961
6781.20020 0.70643
6781.45996 0.702615
6781.72021 0.699146
6781.97998 0.69922
6782.24023 0.705731
6782.50977 0.706832
6782.77002 0.704163
6783.02979 0.702643
6783.29004 0.699007
6783.54980 0.705214
6783.81006 0.70473
6784.06982 0.705637
6784.33008 0.70194
6784.60010 0.700538
6784.85986 0.701515
6785.12012 0.707222
6785.37988 0.707307
6785.64014 0.702601
6785.89990 0.701107
6786.16016 0.699732
6786.43018 0.705178
6786.68994 0.704715
6786.95020 0.704951
6787.20996 0.70141
6787.47021 0.701236
6787.72998 0.704274
6787.99023 0.707171
6788.25000 0.705825
6788.52002 0.702735
6788.77979 0.70153
6789.04004 0.701784
6789.29980 0.705874
6789.56006 0.707079
6789.81982 0.704659
6790.08008 0.70226
6790.35010 0.703426
6790.60986 0.704993
6790.87012 0.708987
6791.12988 0.708273
6791.39014 0.704179
6791.64990 0.702289
6791.91016 0.706477
6792.16992 0.707258
6792.43994 0.708769
6792.70020 0.705471
6792.95996 0.703346
6793.22021 0.707574
6793.47998 0.707294
6793.74023 0.707702
6794.00000 0.706983
6794.25977 0.70454
6794.52979 0.706444
6794.79004 0.707406
6795.04980 0.708687
6795.31006 0.707209
6795.56982 0.706894
6795.83008 0.707112
6796.08984 0.711158
6796.35010 0.709818
6796.62012 0.709524
6796.87988 0.70744
6797.14014 0.709746
6797.39990 0.710981
6797.66016 0.708218
6797.91992 0.709735
6798.18018 0.706459
6798.45020 0.706675
6798.70996 0.710164
6798.97021 0.71084
6799.22998 0.707166
6799.49023 0.706895
6799.75000 0.705431
6800.00977 0.709255
6800.27002 0.710807
6800.54004 0.708633
6800.79980 0.706552
6801.06006 0.706691
6801.31982 0.708251
6801.58008 0.708988
6801.83984 0.709471
6802.10010 0.705321
6802.35986 0.705101
6802.62988 0.706046
6802.89014 0.709486
6803.14990 0.707335
6803.41016 0.703311
6803.66992 0.701544
6803.93018 0.702469
6804.18994 0.705064
6804.45996 0.702413
6804.72021 0.70114
6804.97998 0.697866
6805.24023 0.698689
6805.50000 0.700808
6805.75977 0.700254
6806.02002 0.700914
6806.27979 0.695378
6806.54980 0.691516
6806.81006 0.695389
6807.06982 0.697782
6807.33008 0.696146
6807.58984 0.691596
6807.85010 0.687245
6808.10986 0.688581
6808.37012 0.691132
6808.64014 0.690716
6808.89990 0.685881
6809.16016 0.680158
6809.41992 0.679076
6809.68018 0.683801
6809.93994 0.684712
6810.20020 0.679429
6810.47021 0.675331
6810.72998 0.669467
6810.99023 0.670962
6811.25000 0.674796
6811.50977 0.673656
6811.77002 0.666565
6812.02979 0.660566
6812.29004 0.663058
6812.56006 0.664012
6812.81982 0.665084
6813.08008 0.660112
6813.33984 0.653972
6813.60010 0.65238
6813.85986 0.65131
6814.12012 0.652741
6814.37988 0.648492
6814.64990 0.644287
6814.91016 0.638258
6815.16992 0.638845
6815.43018 0.638039
6815.68994 0.636886
6815.95020 0.631928
6816.20996 0.626626
6816.47998 0.622899
6816.74023 0.622701
6817.00000 0.623439
6817.25977 0.620303
6817.52002 0.613213
6817.77979 0.608765
6818.04004 0.608717
6818.29980 0.606712
6818.56982 0.604341
6818.83008 0.600027
6819.08984 0.597258
6819.35010 0.592563
6819.60986 0.589755
6819.87012 0.588554
6820.12988 0.585711
6820.39014 0.58062
6820.66016 0.577988
6820.91992 0.573291
6821.18018 0.570781
6821.43994 0.568016
6821.70020 0.563576
6821.95996 0.561533
6822.22021 0.557321
6822.47998 0.552927
6822.75000 0.54993
6823.00977 0.545359
6823.27002 0.54519
6823.52979 0.541157
6823.79004 0.53621
6824.04980 0.529271
6824.31006 0.527281
6824.58008 0.526081
6824.83984 0.523068
6825.10010 0.519325
6825.35986 0.51178
6825.62012 0.506746
6825.87988 0.503847
6826.14014 0.504205
6826.39990 0.49893
6826.66992 0.493378
6826.93018 0.485504
6827.18994 0.481282
6827.45020 0.482658
6827.70996 0.480944
6827.97021 0.475094
6828.22998 0.466488
6828.49023 0.459691
6828.75977 0.458459
6829.02002 0.46008
6829.27979 0.455966
6829.54004 0.447608
6829.79980 0.440545
6830.06006 0.437326
6830.31982 0.436896
6830.58008 0.434963
6830.85010 0.429209
6831.10986 0.42097
6831.37012 0.415208
6831.62988 0.412371
6831.89014 0.413796
6832.14990 0.411101
6832.41016 0.402154
6832.68018 0.394058
6832.93994 0.388969
6833.20020 0.389157
6833.45996 0.387565
6833.72021 0.38228
6833.97998 0.374688
6834.24023 0.368274
6834.50000 0.36657
6834.77002 0.367309
6835.02979 0.362794
6835.29004 0.356872
6835.54980 0.347942
6835.81006 0.345175
6836.06982 0.344442
6836.33008 0.344104
6836.60010 0.339496
6836.85986 0.333765
6837.12012 0.32627
6837.37988 0.322671
6837.64014 0.32359
6837.89990 0.320308
6838.16016 0.314812
6838.41992 0.309306
6838.68994 0.304405
6838.95020 0.302265
6839.20996 0.301877
6839.47021 0.298286
6839.72998 0.294443
6839.99023 0.287983
6840.25000 0.283492
6840.50977 0.282119
6840.77979 0.280644
6841.04004 0.277364
6841.29980 0.273593
6841.56006 0.267394
6841.81982 0.264562
6842.08008 0.262324
6842.33984 0.26168
6842.60010 0.258083
6842.87012 0.253167
6843.12988 0.248445
6843.39014 0.246254
6843.64990 0.245513
6843.91016 0.243479
6844.16992 0.240029
6844.43018 0.236065
6844.70020 0.231642
6844.95996 0.228572
6845.22021 0.227819
6845.47998 0.226511
6845.74023 0.223479
6846.00000 0.218768
6846.25977 0.214531
6846.52002 0.212983
6846.79004 0.212054
6847.04980 0.210474
6847.31006 0.206143
6847.56982 0.201979
6847.83008 0.198926
6848.08984 0.198551
6848.35010 0.19771
6848.60986 0.195322
6848.87988 0.190969
6849.14014 0.186371
6849.39990 0.185022
6849.66016 0.184239
6849.91992 0.183565
6850.18018 0.181028
6850.43994 0.175701
6850.70996 0.173313
6850.97021 0.170428
6851.22998 0.17182
6851.49023 0.169948
6851.75000 0.166718
6852.00977 0.161727
6852.27002 0.158907
6852.52979 0.159417
6852.79980 0.159135
6853.06006 0.157354
6853.31982 0.153054
6853.58008 0.149995
6853.83984 0.148398
6854.10010 0.14806
6854.35986 0.148311
6854.62012 0.144883
6854.89014 0.140748
6855.14990 0.138164
6855.41016 0.137203
6855.66992 0.137893
6855.93018 0.136332
6856.18994 0.133188
6856.45020 0.129842
6856.72021 0.127511
6856.97998 0.127517
6857.24023 0.127571
6857.50000 0.126497
6857.75977 0.123465
6858.02002 0.12065
6858.27979 0.118767
6858.54004 0.118558
6858.81006 0.118681
6859.06982 0.116811
6859.33008 0.113666
6859.58984 0.111392
6859.85010 0.111186
6860.10986 0.11007
6860.37012 0.110339
6860.62988 0.108516
6860.89990 0.105265
6861.16016 0.103101
6861.41992 0.103213
6861.68018 0.1025
6861.93994 0.101759
6862.20020 0.100071
6862.45996 0.097706
6862.72998 0.095975
6862.99023 0.095368
6863.25000 0.095266
6863.50977 0.09434
6863.77002 0.092673
6864.02979 0.091069
6864.29004 0.089841
6864.54980 0.089086
6864.81982 0.089254
6865.08008 0.088186
6865.33984 0.085977
6865.60010 0.084563
6865.85986 0.083496
6866.12012 0.082982
6866.37988 0.082465
6866.64014 0.082131
6866.91016 0.079425
6867.16992 0.07869
6867.43018 0.077635
6867.68994 0.077631
6867.95020 0.077439
6868.20996 0.076596
6868.47021 0.073728
6868.72998 0.072714
6869.00000 0.072285
6869.25977 0.072731
6869.52002 0.071859
6869.77979 0.070614
6870.04004 0.069303
6870.29980 0.067323
6870.56006 0.067282
6870.83008 0.067669
6871.08984 0.06712
6871.35010 0.065495
6871.60986 0.063876
6871.87012 0.063175
6872.12988 0.063042
6872.39014 0.063606
6872.64990 0.062957
6872.91992 0.060704
6873.18018 0.05912
6873.43994 0.058665
6873.70020 0.059364
6873.95996 0.058581
6874.22021 0.057885
6874.47998 0.056539
6874.75000 0.055435
6875.00977 0.055345
6875.27002 0.055527
6875.52979 0.055
6875.79004 0.053859
6876.04980 0.05239
6876.31006 0.051968
6876.56982 0.052025
6876.83984 0.051766
6877.10010 0.051075
6877.35986 0.049973
6877.62012 0.048837
6877.87988 0.048285
6878.14014 0.048283
6878.39990 0.048376
6878.66016 0.047873
6878.93018 0.046893
6879.18994 0.045709
6879.45020 0.045116
6879.70996 0.045488
6879.97021 0.045422
6880.22998 0.044801
6880.49023 0.0439
6880.75000 0.04262
6881.02002 0.042711
6881.27979 0.042601
6881.54004 0.042381
6881.79980 0.041633
6882.06006 0.040391
6882.31982 0.040392
6882.58008 0.040208
6882.85010 0.03987
6883.10986 0.039797
6883.37012 0.039513
6883.62988 0.03839
6883.89014 0.037779
6884.14990 0.037209
6884.41016 0.038012
6884.66992 0.037727
6884.93994 0.036832
6885.20020 0.035789
6885.45996 0.035472
6885.72021 0.035372
6885.97998 0.035568
6886.24023 0.035084
6886.50000 0.034945
6886.75977 0.033543
6887.02979 0.033294
6887.29004 0.033434
6887.54980 0.033393
6887.81006 0.033075
6888.06982 0.032382
6888.33008 0.031828
6888.58984 0.031431
6888.85010 0.031833
6889.12012 0.031776
6889.37988 0.031301
6889.64014 0.029742
6889.89990 0.02943
6890.16016 0.029523
6890.41992 0.029725
6890.68018 0.031323
6890.95020 0.029031
6891.20996 0.028375
6891.47021 0.028076
6891.72998 0.027901
6891.99023 0.02797
6892.25000 0.027932
6892.50977 0.027343
6892.77002 0.026614
6893.04004 0.026257
6893.29980 0.026442
6893.56006 0.026542
6893.81982 0.026336
6894.08008 0.025579
6894.33984 0.025026
6894.60010 0.024746
6894.87012 0.02477
6895.12988 0.024703
6895.39014 0.024557
6895.64990 0.024007
6895.91016 0.023686
6896.16992 0.023431
6896.43018 0.023586
6896.68994 0.023785
6896.95996 0.023293
6897.22021 0.022773
6897.47998 0.022265
6897.74023 0.021993
6898.00000 0.022375
6898.25977 0.022105
6898.52002 0.021767
6898.77979 0.021294
6899.04980 0.021208
6899.31006 0.021073
6899.56982 0.020868
6899.83008 0.021045
6900.08984 0.020397
6900.35010 0.02002
6900.60986 0.019813
6900.87988 0.019905
6901.14014 0.020031
6901.39990 0.019775
6901.66016 0.019441
6901.91992 0.019065
6902.18018 0.018963
6902.43994 0.018939
6902.70020 0.01894
6902.97021 0.018779
6903.22998 0.018353
6903.49023 0.017917
6903.75000 0.018098
6904.00977 0.018176
6904.27002 0.018057
6904.52979 0.017794
6904.79004 0.01717
6905.06006 0.017061
6905.31982 0.016991
6905.58008 0.016873
6905.83984 0.017117
6906.10010 0.016913
6906.35986 0.016681
6906.62012 0.016354
6906.87988 0.016007
6907.14990 0.015977
6907.41016 0.016292
6907.66992 0.016054
6907.93018 0.015619
6908.18994 0.015356
6908.45020 0.015191
6908.70996 0.015275
6908.97998 0.015353
6909.24023 0.014982
6909.50000 0.014575
6909.75977 0.014568
6910.02002 0.014408
6910.27979 0.014592
6910.54004 0.014578
6910.79980 0.014412
6911.06982 0.013916
6911.33008 0.013717
6911.58984 0.013829
6911.85010 0.01387
6912.10986 0.01392
6912.37012 0.013433
6912.62988 0.01325
6912.89014 0.013153
6913.16016 0.013185
6913.41992 0.013026
6913.68018 0.013044
6913.93994 0.012835
6914.20020 0.012414
6914.45996 0.012478
6914.72021 0.012509
6914.97998 0.012558
6915.25000 0.012527
6915.50977 0.0123
6915.77002 0.011955
6916.02979 0.011791
6916.29004 0.011991
6916.54980 0.012017
6916.81006 0.011916
6917.08008 0.011666
6917.33984 0.011563
6917.60010 0.011337
6917.85986 0.011448
6918.12012 0.011229
6918.37988 0.011442
6918.64014 0.011114
6918.89990 0.010965
6919.16992 0.010786
6919.43018 0.010869
6919.68994 0.010901
6919.95020 0.010787
6920.20996 0.010473
6920.47021 0.010284
6920.72998 0.010355
6921.00000 0.010439
6921.25977 0.01054
6921.52002 0.010388
6921.77979 0.010112
6922.04004 0.009829
6922.29980 0.00999
6922.56006 0.010066
6922.81982 0.009991
6923.08984 0.009844
6923.35010 0.009564
6923.60986 0.009412
6923.87012 0.009586
6924.12988 0.009546
6924.39014 0.009643
6924.64990 0.009317
6924.91016 0.009098
6925.18018 0.008912
6925.43994 0.008999
6925.70020 0.009099
6925.95996 0.009153
6926.22021 0.008988
6926.47998 0.008915
6926.74023 0.008623
6927.00000 0.008681
6927.27002 0.008808
6927.52979 0.008654
6927.79004 0.008382
6928.04980 0.008318
6928.31006 0.008299
6928.56982 0.008221
6928.83008 0.008452
6929.10010 0.008297
6929.35986 0.008025
6929.62012 0.007812
6929.87988 0.007974
6930.14014 0.008035
6930.39990 0.00813
6930.66016 0.007875
6930.91992 0.007886
6931.18994 0.007627
6931.45020 0.007622
6931.70996 0.007796
6931.97021 0.007563
6932.22998 0.007623
6932.49023 0.007357
6932.75000 0.007268
6933.00977 0.007375
6933.27979 0.007212
6933.54004 0.007345
6933.79980 0.007172
6934.06006 0.00706
6934.31982 0.006903
6934.58008 0.006861
6934.83984 0.006956
6935.10010 0.007145
6935.37012 0.007044
6935.62988 0.006732
6935.89014 0.006696
6936.14990 0.006746
6936.41016 0.006833
6936.66992 0.006822
6936.93018 0.00652
6937.20020 0.006467
6937.45996 0.0064
6937.72021 0.006499
6937.97998 0.006518
6938.24023 0.006407
6938.50000 0.006413
6938.75977 0.006198
6939.02002 0.006228
6939.29004 0.006107
6939.54980 0.006362
6939.81006 0.006258
6940.06982 0.006075
6940.33008 0.006064
6940.58984 0.005924
6940.85010 0.005947
6941.12012 0.005978
6941.37988 0.006116
6941.64014 0.005899
6941.89990 0.005779
6942.16016 0.005582
6942.41992 0.005704
6942.68018 0.00581
6942.93994 0.005764
6943.20996 0.005654
6943.47021 0.005514
6943.72998 0.005552
6943.99023 0.005632
6944.25000 0.005641
6944.50977 0.005623
6944.77002 0.005292
6945.02979 0.005309
6945.29980 0.005381
6945.56006 0.005328
6945.81982 0.005506
6946.08008 0.005416
6946.33984 0.005252
6946.60010 0.00518
6946.85986 0.0052
6947.12012 0.005166
6947.39014 0.005367
6947.64990 0.005235
6947.91016 0.005022
6948.16992 0.004952
6948.43018 0.004949
6948.68994 0.005004
6948.95020 0.00505
6949.22021 0.004909
6949.47998 0.004826
6949.74023 0.004641
6950.00000 0.004705
6950.25977 0.004702
6950.52002 0.004827
6950.77979 0.004755
6951.04004 0.004764
6951.31006 0.004569
6951.56982 0.004593
6951.83008 0.00474
6952.08984 0.004769
