threeML/data/optical_filters/CAHA/CAHA-f_727_16.ecsv
# %ECSV 0.9
# ---
# datatype:
# - {name: wavelength, unit: Angstrom, datatype: float32}
# - {name: response, datatype: float32}
# meta: !!omap
# - {band_name: f_727_16}
# - {group_name: CAHA}
wavelength response
6423.39648 0.0
7137.10693 0.026552
7137.36914 0.02679
7137.62988 0.027079
7137.89111 0.027406
7138.15186 0.027756
7138.41406 0.028114
7138.67383 0.028472
7138.93604 0.028833
7139.19678 0.029204
7139.45801 0.029594
7139.71924 0.030005
7139.97998 0.03043
7140.24219 0.030858
7140.50293 0.031276
7140.76416 0.031682
7141.02490 0.03208
7141.28711 0.032486
7141.54785 0.032915
7141.80908 0.033377
7142.06982 0.03387
7142.33203 0.034382
7142.59277 0.034897
7142.85400 0.035402
7143.11523 0.035892
7143.37598 0.036374
7143.63818 0.03686
7143.89893 0.037359
7144.16016 0.037877
7144.42090 0.038415
7144.68311 0.03897
7144.94385 0.03954
7145.20508 0.040122
7145.46582 0.040712
7145.72803 0.041307
7145.98877 0.041906
7146.25000 0.042514
7146.51123 0.043141
7146.77197 0.043796
7147.03418 0.044485
7147.29492 0.045206
7147.55615 0.045949
7147.81689 0.046698
7148.07910 0.047441
7148.33984 0.04817
7148.60107 0.048887
7148.86182 0.0496
7149.12402 0.050318
7149.38477 0.051046
7149.64600 0.051788
7149.90723 0.052541
7150.16797 0.053309
7150.43018 0.054094
7150.69092 0.054904
7150.95215 0.055744
7151.21289 0.056616
7151.47510 0.057514
7151.73584 0.058425
7151.99707 0.059333
7152.25781 0.060223
7152.52002 0.061092
7152.78076 0.06195
7153.04199 0.06282
7153.30420 0.063731
7153.56494 0.064704
7153.82617 0.065743
7154.08691 0.066835
7154.34912 0.067957
7154.60986 0.069087
7154.87109 0.070215
7155.13184 0.071345
7155.39404 0.072488
7155.65479 0.073656
7155.91602 0.074856
7156.17822 0.076088
7156.43896 0.077344
7156.70020 0.078615
7156.96094 0.079891
7157.22314 0.081168
7157.48389 0.082452
7157.74512 0.083756
7158.00586 0.085093
7158.26807 0.086471
7158.52881 0.08789
7158.79102 0.089337
7159.05176 0.090803
7159.31299 0.092285
7159.57422 0.093791
7159.83496 0.095339
7160.09717 0.096947
7160.35791 0.098623
7160.62012 0.100359
7160.88086 0.102135
7161.14209 0.103925
7161.40283 0.10571
7161.66504 0.107485
7161.92578 0.10926
7162.18701 0.111056
7162.44922 0.112899
7162.70996 0.11481
7162.97119 0.116796
7163.23193 0.118848
7163.49414 0.120944
7163.75488 0.123055
7164.01709 0.125159
7164.27783 0.12725
7164.53906 0.12934
7164.79980 0.131449
7165.06201 0.133596
7165.32324 0.135791
7165.58398 0.138031
7165.84619 0.140308
7166.10693 0.142621
7166.36816 0.144976
7166.62891 0.147389
7166.89111 0.149878
7167.15186 0.152452
7167.41406 0.155111
7167.67480 0.15784
7167.93604 0.160619
7168.19824 0.163432
7168.45898 0.166269
7168.72021 0.169136
7168.98096 0.172045
7169.24316 0.175016
7169.50391 0.17806
7169.76611 0.181172
7170.02686 0.184333
7170.28809 0.18752
7170.54883 0.190716
7170.81104 0.193922
7171.07178 0.197152
7171.33301 0.200432
7171.59521 0.20379
7171.85596 0.207248
7172.11816 0.210813
7172.37891 0.214475
7172.64014 0.218205
7172.90186 0.22197
7173.16309 0.225746
7173.42383 0.229529
7173.68604 0.233335
7173.94678 0.237192
7174.20801 0.241127
7174.47021 0.245148
7174.73096 0.249248
7174.99316 0.253405
7175.25391 0.257606
7175.51514 0.261853
7175.77588 0.266168
7176.03809 0.270586
7176.29883 0.275138
7176.56104 0.279829
7176.82178 0.284631
7177.08301 0.289482
7177.34521 0.294311
7177.60596 0.299067
7177.86816 0.303744
7178.12891 0.308389
7178.39014 0.313083
7178.65186 0.317903
7178.91309 0.322897
7179.17383 0.328055
7179.43604 0.333324
7179.69678 0.338633
7179.95801 0.343922
7180.22021 0.349178
7180.48096 0.354429
7180.74316 0.359729
7181.00391 0.365127
7181.26611 0.370637
7181.52686 0.376236
7181.78809 0.381872
7182.04980 0.387491
7182.31104 0.39307
7182.57178 0.398628
7182.83398 0.404222
7183.09521 0.409921
7183.35596 0.415773
7183.61816 0.421771
7183.87891 0.427857
7184.14111 0.433941
7184.40186 0.439948
7184.66406 0.445851
7184.92480 0.451686
7185.18701 0.457528
7185.44824 0.463454
7185.70898 0.4695
7185.97119 0.475642
7186.23193 0.481805
7186.49414 0.48789
7186.75488 0.493821
7187.01611 0.49958
7187.27783 0.505225
7187.53906 0.51086
7187.80078 0.51659
7188.06201 0.522474
7188.32324 0.528491
7188.58496 0.534559
7188.84619 0.540572
7189.10791 0.546449
7189.36914 0.552168
7189.62988 0.55777
7189.89209 0.563336
7190.15283 0.568943
7190.41504 0.574633
7190.67578 0.580386
7190.93799 0.586129
7191.19922 0.591769
7191.45996 0.597239
7191.72217 0.602527
7191.98291 0.607688
7192.24512 0.612811
7192.50586 0.617977
7192.76807 0.623217
7193.02881 0.628489
7193.29102 0.633702
7193.55176 0.638756
7193.81299 0.643587
7194.07520 0.648208
7194.33594 0.652693
7194.59814 0.657152
7194.85889 0.66167
7195.12109 0.66627
7195.38184 0.670896
7195.64404 0.675442
7195.90479 0.679798
7196.16699 0.6839
7196.42822 0.687754
7196.68896 0.691434
7196.95117 0.695048
7197.21191 0.698692
7197.47412 0.702408
7197.73486 0.706167
7197.99707 0.709886
7198.25781 0.713472
7198.52002 0.716873
7198.78076 0.720105
7199.04199 0.723236
7199.30420 0.72635
7199.56494 0.729492
7199.82715 0.732644
7200.08789 0.735729
7200.35010 0.738645
7200.61084 0.741318
7200.87305 0.743734
7201.13379 0.74595
7201.39600 0.748077
7201.65723 0.750231
7201.91895 0.752492
7202.18018 0.754871
7202.44189 0.757302
7202.70312 0.759665
7202.96484 0.761835
7203.22607 0.763724
7203.48779 0.765317
7203.74902 0.766672
7204.01123 0.7679
7204.27197 0.769114
7204.53418 0.770386
7204.79492 0.771725
7205.05713 0.773075
7205.31787 0.774354
7205.58008 0.775493
7205.84082 0.776471
7206.10303 0.777317
7206.36377 0.778099
7206.62500 0.778889
7206.88721 0.779725
7207.14893 0.780593
7207.41016 0.78143
7207.67188 0.782151
7207.93311 0.782691
7208.19482 0.783041
7208.45605 0.783254
7208.71777 0.783425
7208.97900 0.783651
7209.24121 0.783988
7209.50195 0.784427
7209.76416 0.784899
7210.02490 0.785318
7210.28711 0.785624
7210.54785 0.78581
7210.81006 0.785926
7211.07080 0.78604
7211.33301 0.786211
7211.59424 0.786448
7211.85596 0.786715
7212.11816 0.786935
7212.37891 0.78703
7212.64111 0.786954
7212.90186 0.786712
7213.16406 0.786367
7213.42480 0.786022
7213.68701 0.785772
7213.94824 0.785668
7214.20996 0.785686
7214.47119 0.785736
7214.73291 0.785695
7214.99414 0.785466
7215.25586 0.785021
7215.51807 0.784419
7215.77881 0.783785
7216.04102 0.783258
7216.30176 0.782935
7216.56299 0.782829
7216.82520 0.78287
7217.08691 0.782938
7217.34814 0.782917
7217.60986 0.782745
7217.87207 0.782434
7218.13281 0.782051
7218.39502 0.78168
7218.65576 0.781382
7218.91699 0.78117
7219.17920 0.781007
7219.44092 0.780828
7219.70215 0.780575
7219.96387 0.78022
7220.22607 0.779789
7220.48682 0.779355
7220.74902 0.779008
7221.00977 0.778813
7221.27100 0.778775
7221.53320 0.778828
7221.79492 0.778859
7222.05615 0.778751
7222.31787 0.778441
7222.58008 0.77795
7222.84082 0.777371
7223.10303 0.776825
7223.36377 0.776408
7223.62598 0.776143
7223.88721 0.775991
7224.14893 0.775868
7224.41113 0.7757
7224.67188 0.77546
7224.93408 0.775178
7225.19482 0.774927
7225.45703 0.774779
7225.71777 0.774766
7225.97998 0.774854
7226.24219 0.774955
7226.50293 0.774959
7226.76514 0.774786
7227.02588 0.774428
7227.28809 0.773966
7227.54980 0.773543
7227.81104 0.773304
7228.07324 0.773334
7228.33398 0.773622
7228.59619 0.774069
7228.85693 0.774524
7229.11914 0.77485
7229.38086 0.774966
7229.64307 0.774882
7229.90381 0.77469
7230.16602 0.77452
7230.42676 0.774486
7230.68896 0.774633
7230.95020 0.774918
7231.21191 0.775234
7231.47412 0.775462
7231.73486 0.775532
7231.99707 0.775465
7232.25781 0.775354
7232.52002 0.775321
7232.78223 0.775454
7233.04297 0.775767
7233.30518 0.776189
7233.56592 0.776602
7233.82812 0.776892
7234.08984 0.776993
7234.35205 0.776924
7234.61279 0.776781
7234.87500 0.776699
7235.13623 0.776796
7235.39795 0.777109
7235.66016 0.777577
7235.92090 0.778065
7236.18311 0.778425
7236.44385 0.778578
7236.70605 0.778551
7236.96777 0.778462
7237.22900 0.778462
7237.49121 0.778657
7237.75195 0.779054
7238.01416 0.779567
7238.27588 0.780069
7238.53809 0.780451
7238.79883 0.780681
7239.06104 0.780819
7239.32324 0.780987
7239.58398 0.781321
7239.84619 0.781901
7240.10693 0.782715
7240.36914 0.783654
7240.63086 0.784562
7240.89307 0.785296
7241.15381 0.785781
7241.41602 0.786037
7241.67676 0.786161
7241.93896 0.78628
7242.20117 0.786503
7242.46191 0.786871
7242.72412 0.787355
7242.98584 0.787865
7243.24805 0.788303
7243.50879 0.788609
7243.77100 0.788792
7244.03223 0.788929
7244.29395 0.789127
7244.55615 0.789473
7244.81689 0.789991
7245.07910 0.790631
7245.34082 0.791293
7245.60303 0.791868
7245.86377 0.792288
7246.12598 0.792556
7246.38721 0.79275
7246.64893 0.79299
7246.91113 0.793379
7247.17188 0.793952
7247.43408 0.794655
7247.69580 0.795368
7247.95801 0.795958
7248.21924 0.796346
7248.48096 0.796541
7248.74316 0.796637
7249.00391 0.796761
7249.26611 0.797016
7249.52783 0.79743
7249.79004 0.79795
7250.05078 0.798467
7250.31299 0.798867
7250.57422 0.799076
7250.83594 0.799105
7251.09814 0.799041
7251.35889 0.799015
7251.62109 0.799147
7251.88281 0.799493
7252.14502 0.80002
7252.40576 0.800616
7252.66797 0.801138
7252.93018 0.801477
7253.19092 0.801599
7253.45312 0.801567
7253.71484 0.801515
7253.97705 0.801591
7254.23779 0.801888
7254.50000 0.802401
7254.76221 0.803019
7255.02295 0.803578
7255.28516 0.803932
7255.54688 0.804021
7255.80908 0.803898
7256.06982 0.803709
7256.33203 0.803613
7256.59424 0.80371
7256.85498 0.804001
7257.11719 0.804399
7257.37891 0.804787
7257.64111 0.805079
7257.90186 0.805253
7258.16406 0.80535
7258.42578 0.805437
7258.68799 0.805575
7258.94922 0.805786
7259.21094 0.806058
7259.47314 0.806346
7259.73389 0.806594
7259.99609 0.806753
7260.25781 0.806802
7260.52002 0.806761
7260.78223 0.806686
7261.04297 0.806649
7261.30518 0.806704
7261.56689 0.806846
7261.82910 0.807008
7262.08984 0.807084
7262.35205 0.806986
7262.61377 0.806684
7262.87500 0.806236
7263.13721 0.805763
7263.39893 0.805401
7263.66113 0.805242
7263.92188 0.805297
7264.18408 0.805495
7264.44580 0.805711
7264.70801 0.805822
7264.97021 0.805752
7265.23096 0.805501
7265.49316 0.805141
7265.75488 0.804786
7266.01709 0.804539
7266.27783 0.804445
7266.54004 0.804477
7266.80176 0.804539
7267.06299 0.80452
7267.32520 0.804343
7267.58691 0.804003
7267.84912 0.803561
7268.11084 0.803111
7268.37305 0.802739
7268.63379 0.802477
7268.89600 0.802301
7269.15820 0.802151
7269.41895 0.801957
7269.68213 0.801675
7269.94287 0.801302
7270.20508 0.800879
7270.46680 0.800472
7270.72900 0.800149
7270.99023 0.799945
7271.25195 0.79984
7271.51416 0.79976
7271.77588 0.799603
7272.03809 0.799284
7272.29883 0.798778
7272.56104 0.798132
7272.82324 0.79744
7273.08398 0.796803
7273.34717 0.796287
7273.60791 0.795901
7273.87012 0.795594
7274.13184 0.795288
7274.39404 0.794915
7274.65479 0.794451
7274.91699 0.793924
7275.17920 0.793404
7275.44092 0.792965
7275.70312 0.792643
7275.96387 0.79242
7276.22705 0.792222
7276.48779 0.79196
7276.75000 0.791564
7277.01221 0.791023
7277.27295 0.790394
7277.53613 0.789782
7277.79688 0.789295
7278.05908 0.788995
7278.32080 0.788868
7278.58301 0.788822
7278.84521 0.788731
7279.10596 0.788487
7279.36816 0.788045
7279.62988 0.78744
7279.89209 0.786765
7280.15381 0.786133
7280.41602 0.785631
7280.67676 0.785281
7280.93896 0.785036
7281.20117 0.784801
7281.46289 0.784471
7281.72510 0.783975
7281.98584 0.783306
7282.24902 0.782526
7282.50977 0.781749
7282.77197 0.781098
7283.03418 0.780654
7283.29590 0.780419
7283.55811 0.780308
7283.81885 0.780184
7284.08105 0.779922
7284.34277 0.779461
7284.60498 0.778844
7284.86719 0.778192
7285.12793 0.777652
7285.39111 0.777318
7285.65186 0.777193
7285.91406 0.777177
7286.17578 0.777115
7286.43799 0.776867
7286.70020 0.776372
7286.96094 0.775674
7287.22412 0.774912
7287.48486 0.774248
7287.74707 0.773805
7288.00879 0.773609
7288.27100 0.773583
7288.53320 0.773591
7288.79395 0.773503
7289.05713 0.77325
7289.31787 0.772855
7289.58008 0.772412
7289.84180 0.772045
7290.10400 0.771849
7290.36621 0.771848
7290.62793 0.771978
7290.89014 0.772117
7291.15088 0.772129
7291.41406 0.77193
7291.67480 0.771522
7291.93701 0.770988
7292.19922 0.770455
7292.46094 0.770034
7292.72314 0.769768
7292.98486 0.769618
7293.24707 0.769486
7293.50781 0.769269
7293.77100 0.768917
7294.03223 0.768465
7294.29395 0.768026
7294.55615 0.767742
7294.81787 0.767725
7295.08008 0.767998
7295.34180 0.768475
7295.60400 0.768994
7295.86523 0.769372
7296.12695 0.769489
7296.38916 0.769332
7296.65088 0.769005
7296.91309 0.768675
7297.17480 0.768498
7297.43701 0.768544
7297.69922 0.768767
7297.95996 0.769031
7298.22314 0.76918
7298.48389 0.769117
7298.74707 0.768853
7299.00781 0.768505
7299.27002 0.768246
7299.53223 0.768222
7299.79395 0.768492
7300.05615 0.768993
7300.31787 0.769566
7300.58008 0.770022
7300.84180 0.77023
7301.10400 0.77017
7301.36621 0.769948
7301.62695 0.769745
7301.89014 0.769736
7302.15088 0.770021
7302.41309 0.770582
7302.67480 0.771295
7302.93701 0.77198
7303.19922 0.772481
7303.46094 0.772729
7303.72314 0.772771
7303.98486 0.772754
7304.24707 0.772854
7304.50879 0.773192
7304.77100 0.77377
7305.03320 0.774459
7305.29395 0.775057
7305.55713 0.775374
7305.81787 0.775335
7306.08105 0.775014
7306.34180 0.774614
7306.60400 0.774381
7306.86621 0.774499
7307.12793 0.775014
7307.39014 0.77582
7307.65186 0.776712
7307.91406 0.777475
7308.17578 0.777975
7308.43799 0.778205
7308.70020 0.778282
7308.96191 0.778383
7309.22412 0.778664
7309.48584 0.779192
7309.74805 0.779918
7310.00977 0.780694
7310.27100 0.781347
7310.53418 0.781747
7310.79492 0.781873
7311.05811 0.781819
7311.31885 0.781752
7311.58203 0.781837
7311.84277 0.78216
7312.10498 0.782684
7312.36719 0.783267
7312.62891 0.783729
7312.89111 0.783936
7313.15283 0.783866
7313.41504 0.783619
7313.67676 0.78337
7313.93896 0.783288
7314.20117 0.783456
7314.46289 0.783838
7314.72510 0.784304
7314.98682 0.78469
7315.24902 0.784882
7315.51123 0.784855
7315.77295 0.784681
7316.03516 0.784477
7316.29688 0.784351
7316.55908 0.784343
7316.82080 0.784415
7317.08301 0.784469
7317.34521 0.784392
7317.60693 0.784109
7317.86914 0.783628
7318.13086 0.783033
7318.39307 0.782459
7318.65479 0.782031
7318.91699 0.781801
7319.17920 0.781718
7319.44092 0.781645
7319.70312 0.781419
7319.96484 0.780918
7320.22705 0.78012
7320.48877 0.779103
7320.75098 0.778009
7321.01318 0.776984
7321.27490 0.776116
7321.53711 0.7754
7321.79883 0.774748
7322.06104 0.774032
7322.32324 0.773139
7322.58496 0.772014
7322.84717 0.770678
7323.10889 0.769206
7323.37109 0.767684
7323.63281 0.76617
7323.89502 0.764671
7324.15723 0.763144
7324.41895 0.761516
7324.68115 0.759722
7324.94287 0.757722
7325.20605 0.755522
7325.46680 0.753165
7325.72900 0.750721
7325.99219 0.748266
7326.25293 0.745869
7326.51611 0.743567
7326.77686 0.741348
7327.04004 0.739159
7327.30176 0.736915
7327.56299 0.734529
7327.82617 0.731944
7328.08789 0.729146
7328.35010 0.726165
7328.61182 0.723059
7328.87402 0.719903
7329.13623 0.716758
7329.39795 0.713657
7329.66016 0.710585
7329.92188 0.707487
7330.18408 0.704286
7330.44580 0.700919
7330.70801 0.697364
7330.97021 0.693638
7331.23193 0.689791
7331.49512 0.685869
7331.75586 0.681895
7332.01904 0.677861
7332.28076 0.67373
7332.54199 0.669461
7332.80518 0.665021
7333.06689 0.66041
7333.32910 0.655659
7333.59082 0.650833
7333.85303 0.646014
7334.11523 0.641276
7334.37695 0.636656
7334.63916 0.632131
7334.90088 0.627615
7335.16309 0.622993
7335.42480 0.61816
7335.68799 0.613076
7335.95020 0.607783
7336.21094 0.602398
7336.47412 0.597057
7336.73584 0.591865
7336.99805 0.586841
7337.25977 0.581911
7337.52197 0.576942
7337.78418 0.571801
7338.04590 0.566415
7338.30811 0.560804
7338.56982 0.55507
7338.83301 0.54935
7339.09521 0.543752
7339.35596 0.538306
7339.61914 0.532949
7339.88086 0.527557
7340.14307 0.521999
7340.40479 0.516205
7340.66699 0.510197
7340.92920 0.504088
7341.19092 0.498036
7341.45410 0.492181
7341.71484 0.486591
7341.97803 0.481233
7342.24023 0.475984
7342.50195 0.470689
7342.76416 0.465227
7343.02588 0.459563
7343.28809 0.45376
7343.54980 0.447944
7343.81299 0.442246
7344.07422 0.436736
7344.33594 0.431398
7344.59912 0.426129
7344.86084 0.420791
7345.12305 0.415275
7345.38477 0.409558
7345.64697 0.403716
7345.90918 0.3979
7346.17090 0.392268
7346.43408 0.386919
7346.69580 0.38185
7346.95801 0.376955
7347.22021 0.372073
7347.48193 0.367057
7347.74414 0.361841
7348.00586 0.356462
7348.26904 0.351045
7348.53076 0.345748
7348.79199 0.340695
7349.05518 0.335923
7349.31689 0.331369
7349.57910 0.326904
7349.84082 0.322385
7350.10400 0.317723
7350.36621 0.312915
7350.62695 0.308049
7350.89014 0.303261
7351.15186 0.298671
7351.41406 0.294334
7351.67578 0.290205
7351.93799 0.286165
7352.20117 0.282076
7352.46191 0.277847
7352.72510 0.273481
7352.98682 0.269068
7353.24902 0.264745
7353.51123 0.260624
7353.77295 0.256749
7354.03613 0.253076
7354.29785 0.249496
7354.56006 0.245888
7354.82178 0.242164
7355.08398 0.238311
7355.34619 0.23439
7355.60791 0.230509
7355.87109 0.226779
7356.13281 0.223261
7356.39502 0.219944
7356.65723 0.216751
7356.91895 0.213575
7357.18213 0.210329
7357.44385 0.206984
7357.70605 0.203581
7357.96777 0.200207
7358.22998 0.196961
7358.49219 0.193903
7358.75391 0.191036
7359.01709 0.1883
7359.27881 0.185603
7359.54102 0.182858
7359.80322 0.180017
7360.06494 0.177092
7360.32812 0.174149
7360.58984 0.171277
7360.85205 0.168554
7361.11377 0.166012
7361.37598 0.163623
7361.63916 0.161306
7361.90088 0.158965
7362.16309 0.156527
7362.42480 0.15397
7362.68799 0.151337
7362.95020 0.148708
7363.21191 0.146175
7363.47412 0.143794
7363.73584 0.14157
7363.99902 0.139458
7364.26123 0.137384
7364.52295 0.135285
7364.78516 0.13313
7365.04688 0.13094
7365.31006 0.128772
7365.57178 0.126694
7365.83398 0.124758
7366.09619 0.122966
7366.35791 0.121277
7366.62109 0.119614
7366.88281 0.117906
7367.14502 0.116112
7367.40723 0.114246
7367.66895 0.112363
7367.93213 0.110533
7368.19385 0.108813
7368.45605 0.107216
7368.71777 0.105709
7368.97998 0.104231
7369.24316 0.102717
7369.50488 0.101129
7369.76709 0.099472
7370.02881 0.097792
7370.29199 0.096152
7370.55420 0.094613
7370.81592 0.093202
7371.07812 0.09191
7371.33984 0.090689
7371.60303 0.089479
7371.86523 0.088227
7372.12695 0.086914
7372.38916 0.085557
7372.65088 0.084204
7372.91406 0.082912
7373.17578 0.081717
7373.43799 0.080627
7373.70117 0.079612
7373.96289 0.078626
7374.22510 0.077622
7374.48682 0.07657
7374.75000 0.075461
7375.01221 0.074312
7375.27393 0.073153
7375.53613 0.072019
7375.79785 0.070934
7376.06104 0.069907
7376.32324 0.068929
7376.58496 0.06798
7376.84814 0.067039
7377.10986 0.066093
7377.37207 0.065143
7377.63379 0.064202
7377.89600 0.063287
7378.15918 0.062411
7378.42090 0.06157
7378.68408 0.060752
7378.94580 0.059932
7379.20801 0.059094
7379.47021 0.058233
7379.73193 0.057363
7379.99512 0.056507
7380.25684 0.055692
7380.52002 0.054931
7380.78223 0.05422
7381.04395 0.053539
7381.30615 0.052855
7381.56787 0.052142
7381.83105 0.051391
7382.09277 0.050614
7382.35498 0.04984
7382.61816 0.049103
7382.87988 0.048423
7383.14209 0.047805
7383.40381 0.04723
7383.66699 0.046672
7383.92920 0.046104
7384.19092 0.045515
7384.45410 0.044907
7384.71582 0.044297
7384.97803 0.043704
7385.24023 0.04314
7385.50293 0.042605
7385.76514 0.042087
7386.02686 0.041568
7386.29004 0.041028
7386.55176 0.040455
7386.81396 0.039849
7387.07715 0.039224
7387.33887 0.038602
7387.60107 0.038008
7387.86279 0.037462
7388.12598 0.036971
7388.38818 0.036526
7388.64990 0.036108
7388.91309 0.035695
7389.17480 0.035271
7389.43799 0.034834
7389.70020 0.034393
7389.96191 0.033965
7390.22412 0.033564
7390.48584 0.033194
7390.74902 0.032846
7391.01123 0.0325
7391.27295 0.032132
7391.53613 0.031728
7391.79785 0.031288
7392.06104 0.03083
7392.32324 0.030378
7392.58496 0.029957
7392.84814 0.029576
7393.10986 0.029227
7393.37207 0.028891
7393.63379 0.028546
7393.89697 0.028179
7394.15918 0.027788
7394.42090 0.027387
7394.68408 0.026993
7394.94580 0.026624
7395.20801 0.026292
7395.47119 0.025997
7395.73291 0.025728
7395.99609 0.025471
7396.25781 0.025209
7396.52002 0.024935
7396.78320 0.024649
7397.04492 0.02436
7397.30713 0.024081
7397.56982 0.023821
7397.83203 0.023582
7398.09424 0.023359
7398.35596 0.023141
7398.61914 0.022915
7398.88086 0.022671
7399.14404 0.022405
7399.40576 0.022119
7399.66797 0.021824
7399.93115 0.02153
7400.19287 0.021247
7400.45605 0.020978
7400.71777 0.020723
7400.97998 0.020476
7401.24316 0.020233
7401.50488 0.019987
7401.76709 0.019732
7402.02979 0.01947
7402.29199 0.019206
7402.55420 0.018953
7402.81689 0.018725
7403.07910 0.01853
7403.34082 0.01837
7403.60400 0.018239
7403.86621 0.01813
7404.12891 0.018039
7404.39111 0.017968
7404.65283 0.017919
7404.91602 0.017894
8145.40771 0.0
