threeML/data/optical_filters/CAHA/CAHA-f_531_2.ecsv
# %ECSV 0.9
# ---
# datatype:
# - {name: wavelength, unit: Angstrom, datatype: float32}
# - {name: response, datatype: float32}
# meta: !!omap
# - {band_name: f_531_2}
# - {group_name: CAHA}
wavelength response
4749.22607 0.0
5276.91797 0.004516
5277.44922 0.005553
5277.97900 0.006744
5278.50977 0.008019
5279.04004 0.009277
5279.56885 0.010403
5280.09912 0.011287
5280.62793 0.011837
5281.15723 0.011988
5281.68604 0.011744
5282.21484 0.01118
5282.74316 0.010463
5283.27100 0.009841
5283.79883 0.009589
5284.32715 0.009956
5284.85498 0.011058
5285.38184 0.012825
5285.91016 0.015004
5286.43701 0.017277
5286.96289 0.019397
5287.49023 0.02129
5288.01611 0.023061
5288.54199 0.024893
5289.06787 0.027009
5289.59424 0.02965
5290.12012 0.033151
5290.64502 0.03799
5291.16992 0.044778
5291.69482 0.054176
5292.22021 0.06677
5292.74414 0.082958
5293.26807 0.102912
5293.79199 0.126599
5294.31592 0.153813
5294.83984 0.184228
5295.36279 0.217349
5295.88623 0.252451
5296.40918 0.288593
5296.93213 0.324646
5297.45508 0.359468
5297.97705 0.392074
5298.49902 0.4218
5299.02100 0.448315
5299.54199 0.471541
5300.06396 0.491492
5300.58496 0.508182
5301.10596 0.521718
5301.62695 0.532445
5302.14795 0.541017
5302.66797 0.54828
5303.18799 0.55501
5303.70801 0.561695
5304.22900 0.56845
5304.74805 0.575154
5305.26807 0.581658
5305.78711 0.587939
5306.30615 0.59412
5306.82422 0.600415
5307.34277 0.606959
5307.86084 0.613698
5308.37891 0.620373
5308.89697 0.626532
5309.41504 0.63166
5309.93213 0.635319
5310.45020 0.637278
5310.96680 0.637517
5311.48291 0.63616
5312.00000 0.633325
5312.51709 0.628952
5313.03320 0.622756
5313.54883 0.614234
5314.06396 0.60272
5314.58008 0.587495
5315.09619 0.567856
5315.61084 0.54325
5316.12500 0.51339
5316.64014 0.478428
5317.15479 0.439061
5317.66895 0.396491
5318.18311 0.352285
5318.69678 0.308131
5319.21094 0.265608
5319.72412 0.226035
5320.23682 0.190383
5320.75000 0.159204
5321.26318 0.132616
5321.77588 0.110362
5322.28906 0.091949
5322.80078 0.076812
5323.31299 0.064412
5323.82422 0.054302
5324.33594 0.04608
5324.84717 0.039362
5325.35791 0.03378
5325.86914 0.029022
5326.37988 0.024927
5326.89111 0.02149
5327.40088 0.018803
5327.91113 0.016941
5328.42090 0.01585
5328.93018 0.015345
5329.43994 0.015149
5329.94922 0.014974
5330.45801 0.014589
5330.96680 0.01385
5331.47607 0.01276
5331.98389 0.011448
5332.49219 0.010145
5333.00000 0.009103
5333.50781 0.008087
5334.01611 0.00778
5334.52295 0.007473
5335.02979 0.007165
5335.53711 0.006858
5336.04297 0.006551
5336.54980 0.006244
5337.05615 0.005937
5337.56299 0.00563
5338.06787 0.005323
5338.57422 0.005015
5339.07910 0.004708
5339.58398 0.004401
5340.08887 0.004094
5874.09766 0.0
