threeML/data/optical_filters/CAHA/CAHA-f_707_9.ecsv
# %ECSV 0.9
# ---
# datatype:
# - {name: wavelength, unit: Angstrom, datatype: float32}
# - {name: response, datatype: float32}
# meta: !!omap
# - {band_name: f_707_9}
# - {group_name: CAHA}
wavelength response
6262.12598 0.0
6957.91797 0.004003
6958.18018 0.004047
6958.44092 0.004106
6958.70312 0.004178
6958.96387 0.004256
6959.22510 0.004329
6959.48584 0.004388
6959.74805 0.004431
6960.00879 0.004463
6960.27002 0.00449
6960.53076 0.004522
6960.79199 0.004561
6961.05420 0.004604
6961.31494 0.004649
6961.57715 0.004695
6961.83789 0.004744
6962.09912 0.004799
6962.35986 0.004859
6962.62207 0.004922
6962.88281 0.004984
6963.14404 0.005043
6963.40576 0.005103
6963.66699 0.005171
6963.92822 0.005255
6964.18896 0.005353
6964.45117 0.005463
6964.71191 0.005575
6964.97314 0.005681
6965.23389 0.005774
6965.49609 0.005852
6965.75684 0.005914
6966.01904 0.005965
6966.27979 0.006009
6966.54102 0.006052
6966.80176 0.0061
6967.06299 0.006154
6967.32520 0.006215
6967.58594 0.006281
6967.84814 0.006354
6968.10889 0.006437
6968.37012 0.006533
6968.63086 0.006643
6968.89307 0.006764
6969.15381 0.006888
6969.41602 0.007008
6969.67676 0.00712
6969.93799 0.00722
6970.19922 0.007306
6970.45996 0.00738
6970.72217 0.007443
6970.98291 0.007503
6971.24512 0.007568
6971.50586 0.007647
6971.76709 0.00775
6972.02783 0.007878
6972.29004 0.008031
6972.55078 0.008203
6972.81299 0.008384
6973.07422 0.008569
6973.33496 0.008751
6973.59619 0.008926
6973.85693 0.009091
6974.11914 0.009241
6974.37988 0.009372
6974.64209 0.009483
6974.90283 0.009575
6975.16406 0.009659
6975.42578 0.009747
6975.68701 0.009855
6975.94824 0.009994
6976.20898 0.010169
6976.47119 0.010374
6976.73193 0.010595
6976.99414 0.010819
6977.25488 0.011037
6977.51611 0.011244
6977.77686 0.011442
6978.03906 0.011634
6978.29980 0.011821
6978.56201 0.01201
6978.82324 0.012204
6979.08398 0.012411
6979.34521 0.012633
6979.60693 0.01287
6979.86816 0.013115
6980.12891 0.013362
6980.39111 0.013604
6980.65186 0.013843
6980.91406 0.014079
6981.17480 0.014317
6981.43604 0.014558
6981.69678 0.014799
6981.95801 0.015035
6982.22021 0.015266
6982.48096 0.015493
6982.74316 0.015725
6983.00391 0.015971
6983.26514 0.016241
6983.52686 0.016539
6983.78809 0.016867
6984.04883 0.017216
6984.31104 0.017574
6984.57178 0.017927
6984.83301 0.018264
6985.09521 0.018584
6985.35596 0.018893
6985.61719 0.019202
6985.87891 0.019521
6986.14014 0.019855
6986.40088 0.020205
6986.66309 0.020567
6986.92383 0.020937
6987.18604 0.021313
6987.44678 0.021695
6987.70801 0.022086
6987.96924 0.02249
6988.23096 0.022911
6988.49219 0.023345
6988.75293 0.02379
6989.01514 0.024242
6989.27588 0.024702
6989.53809 0.025177
6989.79883 0.025675
6990.06006 0.026205
6990.32178 0.026769
6990.58301 0.027362
6990.84424 0.027977
6991.10498 0.028607
6991.36719 0.029245
6991.62793 0.029882
6991.89014 0.030513
6992.15088 0.031132
6992.41309 0.031739
6992.67383 0.032341
6992.93506 0.032951
6993.19580 0.033581
6993.45801 0.034237
6993.71924 0.034925
6993.97998 0.035644
6994.24219 0.036397
6994.50293 0.037187
6994.76514 0.038013
6995.02588 0.03887
6995.28711 0.039747
6995.54883 0.040629
6995.81006 0.041506
6996.07080 0.042373
6996.33301 0.043231
6996.59424 0.04409
6996.85498 0.044961
6997.11719 0.045857
6997.37793 0.04679
6997.64014 0.047771
6997.90088 0.048804
6998.16211 0.049886
6998.42383 0.051013
6998.68506 0.052176
6998.94580 0.053371
6999.20801 0.054594
6999.46924 0.055842
6999.72998 0.057114
6999.99219 0.058407
7000.25293 0.059722
7000.51514 0.061062
7000.77588 0.062428
7001.03809 0.063821
7001.29883 0.065238
7001.56006 0.066678
7001.82080 0.068145
7002.08301 0.069652
7002.34424 0.071214
7002.60498 0.072846
7002.86719 0.074551
7003.12793 0.07632
7003.39014 0.078137
7003.65088 0.079987
7003.91309 0.081862
7004.17383 0.083765
7004.43506 0.085705
7004.69678 0.087692
7004.95801 0.089737
7005.21924 0.091843
7005.48096 0.094009
7005.74219 0.096228
7006.00293 0.09849
7006.26514 0.100788
7006.52588 0.103125
7006.78809 0.105515
7007.04883 0.107978
7007.31104 0.110531
7007.57178 0.11318
7007.83301 0.115919
7008.09521 0.118738
7008.35596 0.121625
7008.61816 0.124574
7008.87891 0.127578
7009.14014 0.130633
7009.40186 0.13374
7009.66309 0.136906
7009.92383 0.140141
7010.18604 0.14345
7010.44678 0.146834
7010.70801 0.150287
7010.97021 0.153811
7011.23096 0.157416
7011.49316 0.161125
7011.75391 0.164959
7012.01611 0.168923
7012.27686 0.173008
7012.53906 0.177198
7012.79980 0.181481
7013.06104 0.185857
7013.32324 0.190328
7013.58398 0.194893
7013.84521 0.199542
7014.10693 0.204267
7014.36816 0.209074
7014.62891 0.213977
7014.89111 0.218994
7015.15186 0.224128
7015.41406 0.229369
7015.67480 0.234702
7015.93701 0.240115
7016.19824 0.245607
7016.45898 0.251178
7016.72119 0.256824
7016.98193 0.262543
7017.24414 0.268344
7017.50488 0.27425
7017.76709 0.280294
7018.02783 0.286496
7018.28906 0.292845
7018.55078 0.29931
7018.81201 0.305853
7019.07422 0.312459
7019.33496 0.319139
7019.59619 0.325913
7019.85791 0.33279
7020.11914 0.339763
7020.37988 0.346819
7020.64209 0.353954
7020.90283 0.361172
7021.16504 0.368472
7021.42578 0.375835
7021.68799 0.383225
7021.94922 0.390618
7022.20996 0.398018
7022.47217 0.405456
7022.73291 0.412967
7022.99512 0.420565
7023.25586 0.428233
7023.51807 0.435943
7023.77881 0.443675
7024.04102 0.451425
7024.30176 0.459203
7024.56299 0.467018
7024.82520 0.474875
7025.08594 0.482773
7025.34814 0.490708
7025.60889 0.49866
7025.87109 0.50659
7026.13184 0.514443
7026.39307 0.522171
7026.65479 0.529761
7026.91602 0.537248
7027.17822 0.544694
7027.43896 0.552152
7027.70020 0.559633
7027.96191 0.567111
7028.22314 0.574541
7028.48486 0.581888
7028.74609 0.589141
7029.00781 0.596303
7029.26904 0.60338
7029.52979 0.610377
7029.79199 0.617299
7030.05322 0.624153
7030.31494 0.630936
7030.57617 0.637625
7030.83691 0.644176
7031.09912 0.650548
7031.35986 0.656731
7031.62207 0.662757
7031.88281 0.668687
7032.14502 0.674567
7032.40576 0.680399
7032.66699 0.686147
7032.92920 0.691763
7033.18994 0.697221
7033.45215 0.702517
7033.71289 0.707662
7033.97510 0.712666
7034.23584 0.717538
7034.49805 0.722297
7034.75879 0.726964
7035.02100 0.73155
7035.28223 0.736034
7035.54297 0.740367
7035.80518 0.744497
7036.06592 0.74841
7036.32812 0.752135
7036.58887 0.75572
7036.85107 0.7592
7037.11182 0.762574
7037.37402 0.765821
7037.63477 0.768927
7037.89600 0.771905
7038.15820 0.774782
7038.41895 0.777574
7038.68115 0.780273
7038.94189 0.782852
7039.20410 0.785302
7039.46484 0.78764
7039.72705 0.78991
7039.98779 0.792152
7040.25000 0.79438
7040.51123 0.796576
7040.77197 0.798703
7041.03418 0.800725
7041.29492 0.802618
7041.55713 0.804373
7041.81787 0.805986
7042.08008 0.807467
7042.34082 0.808834
7042.60303 0.810116
7042.86377 0.811334
7043.12598 0.812493
7043.38721 0.813583
7043.64893 0.814591
7043.91016 0.815524
7044.17188 0.816415
7044.43311 0.817308
7044.69482 0.818228
7044.95605 0.819166
7045.21777 0.82009
7045.47900 0.820964
7045.74121 0.821772
7046.00195 0.822519
7046.26416 0.823217
7046.52490 0.823875
7046.78711 0.824493
7047.04785 0.825067
7047.31006 0.825599
7047.57080 0.826091
7047.83301 0.826546
7048.09424 0.826963
7048.35498 0.82734
7048.61719 0.827676
7048.87793 0.827973
7049.14014 0.828227
7049.40088 0.828428
7049.66309 0.828569
7049.92383 0.828663
7050.18604 0.828747
7050.44678 0.828869
7050.70801 0.829063
7050.97021 0.829323
7051.23096 0.829607
7051.49316 0.829862
7051.75391 0.830062
7052.01611 0.830219
7052.27686 0.830376
7052.53906 0.830576
7052.79980 0.830839
7053.06201 0.831155
7053.32324 0.8315
7053.58496 0.831862
7053.84619 0.832236
7054.10791 0.832621
7054.36914 0.833002
7054.63086 0.833352
7054.89307 0.833645
7055.15381 0.833875
7055.41602 0.834057
7055.67676 0.834216
7055.93799 0.834367
7056.20020 0.834507
7056.46094 0.834615
7056.72314 0.834677
7056.98389 0.8347
7057.24609 0.834711
7057.50684 0.834738
7057.76904 0.834796
7058.02979 0.834881
7058.29199 0.834975
7058.55322 0.835062
7058.81494 0.835134
7059.07617 0.835184
7059.33789 0.835207
7059.59912 0.835206
7059.86084 0.835191
7060.12207 0.835176
7060.38379 0.835178
7060.64600 0.835195
7060.90723 0.835215
7061.16797 0.835218
7061.43018 0.835191
7061.69092 0.835127
7061.95312 0.835027
7062.21387 0.834891
7062.47607 0.834715
7062.73682 0.834504
7062.99902 0.834274
7063.25977 0.834053
7063.52197 0.833875
7063.78320 0.833759
7064.04492 0.833708
7064.30615 0.833709
7064.56787 0.833743
7064.83008 0.833787
7065.09082 0.833815
7065.35303 0.833805
7065.61377 0.833737
7065.87500 0.833604
7066.13721 0.833407
7066.39795 0.83316
7066.66016 0.832878
7066.92090 0.832578
7067.18311 0.832268
7067.44385 0.831953
7067.70605 0.831636
7067.96777 0.831317
7068.22900 0.83099
7068.49121 0.830641
7068.75195 0.83025
7069.01416 0.829804
7069.27490 0.829306
7069.53711 0.82878
7069.79785 0.828257
7070.06006 0.827751
7070.32080 0.827248
7070.58301 0.826709
7070.84424 0.826095
7071.10596 0.825393
7071.36719 0.824621
7071.62891 0.823821
7071.89111 0.823045
7072.15186 0.822336
7072.41406 0.821723
7072.67480 0.821214
7072.93701 0.820789
7073.19824 0.820405
7073.45898 0.820004
7073.72119 0.819537
7073.98193 0.81898
7074.24414 0.818347
7074.50586 0.817673
7074.76709 0.81699
7075.02881 0.816305
7075.29102 0.8156
7075.55176 0.814856
7075.81299 0.814071
7076.07520 0.813264
7076.33594 0.812457
7076.59814 0.811652
7076.85889 0.810825
7077.12109 0.809951
7077.38281 0.809031
7077.64404 0.808091
7077.90576 0.807164
7078.16699 0.806254
7078.42920 0.805333
7078.68994 0.804353
7078.95215 0.803283
7079.21289 0.802127
7079.47510 0.800919
7079.73584 0.799692
7079.99805 0.798468
7080.25977 0.797261
7080.52100 0.796098
7080.78320 0.795021
7081.04395 0.794057
7081.30615 0.793196
7081.56689 0.792373
7081.82910 0.791502
7082.08984 0.790522
7082.35205 0.789432
7082.61377 0.788284
7082.87500 0.787133
7083.13721 0.786009
7083.39795 0.784902
7083.66016 0.783784
7083.92090 0.782638
7084.18311 0.781458
7084.44385 0.780237
7084.70605 0.77896
7084.96680 0.777616
7085.22900 0.776215
7085.49121 0.774792
7085.75195 0.773384
7086.01416 0.772003
7086.27490 0.770633
7086.53711 0.769248
7086.79785 0.767845
7087.06006 0.766442
7087.32178 0.765061
7087.58301 0.763696
7087.84521 0.762308
7088.10596 0.760859
7088.36816 0.759348
7088.62891 0.757816
7088.89111 0.75631
7089.15186 0.754848
7089.41406 0.753402
7089.67578 0.751929
7089.93701 0.750415
7090.19922 0.748878
7090.45996 0.747348
7090.72217 0.745824
7090.98291 0.744266
7091.24512 0.742629
7091.50586 0.740906
7091.76807 0.739135
7092.02979 0.737371
7092.29199 0.735635
7092.55322 0.733901
7092.81396 0.732129
7093.07617 0.730303
7093.33691 0.728448
7093.59912 0.726607
7093.86084 0.724804
7094.12207 0.723017
7094.38379 0.721208
7094.64600 0.719351
7094.90723 0.717451
7095.16797 0.715522
7095.43018 0.713561
7095.69189 0.711541
7095.95312 0.70944
7096.21484 0.707269
7096.47705 0.705067
7096.73779 0.702865
7097.00000 0.700648
7097.26123 0.698356
7097.52295 0.695929
7097.78516 0.693354
7098.04590 0.69068
7098.30811 0.687971
7098.56885 0.685269
7098.83105 0.682569
7099.09180 0.679845
7099.35400 0.677078
7099.61621 0.674269
7099.87695 0.671418
7100.13916 0.668499
7100.39990 0.665472
7100.66211 0.662318
7100.92285 0.659064
7101.18506 0.65577
7101.44678 0.652488
7101.70801 0.649218
7101.97021 0.645914
7102.23096 0.642525
7102.49316 0.639041
7102.75391 0.635485
7103.01611 0.631878
7103.27783 0.628203
7103.54004 0.62441
7103.80078 0.620466
7104.06299 0.616392
7104.32422 0.61226
7104.58594 0.608138
7104.84717 0.604046
7105.10889 0.599944
7105.37109 0.595775
7105.63184 0.591506
7105.89404 0.587128
7106.15479 0.582641
7106.41699 0.578023
7106.67920 0.573245
7106.93994 0.56831
7107.20215 0.563271
7107.46289 0.55821
7107.72510 0.553185
7107.98682 0.548191
7108.24805 0.543176
7108.50977 0.538094
7108.77100 0.532946
7109.03320 0.527772
7109.29395 0.522611
7109.55615 0.517461
7109.81787 0.512283
7110.08008 0.507042
7110.34082 0.501737
7110.60303 0.49639
7110.86377 0.491018
7111.12598 0.485601
7111.38818 0.4801
7111.64893 0.474493
7111.91113 0.468807
7112.17188 0.463094
7112.43408 0.457392
7112.69580 0.451689
7112.95703 0.445945
7113.21924 0.44013
7113.47998 0.434259
7113.74219 0.428378
7114.00391 0.422525
7114.26514 0.416703
7114.52686 0.410886
7114.78906 0.405055
7115.04980 0.399222
7115.31201 0.393416
7115.57324 0.387655
7115.83496 0.381925
7116.09717 0.376194
7116.35791 0.370448
7116.62012 0.364718
7116.88086 0.359058
7117.14307 0.353505
7117.40479 0.348052
7117.66699 0.342651
7117.92822 0.337263
7118.18994 0.331877
7118.45117 0.326512
7118.71289 0.321182
7118.97510 0.315868
7119.23584 0.310539
7119.49805 0.305181
7119.75879 0.299816
7120.02100 0.29449
7120.28320 0.289235
7120.54395 0.284047
7120.80615 0.278902
7121.06787 0.273785
7121.32910 0.268714
7121.59082 0.263729
7121.85303 0.258861
7122.11377 0.254104
7122.37598 0.249427
7122.63818 0.244802
7122.89893 0.240224
7123.16113 0.235707
7123.42188 0.231261
7123.68408 0.22687
7123.94580 0.222504
7124.20801 0.21815
7124.46924 0.213827
7124.72998 0.20958
7124.99219 0.205447
7125.25391 0.201436
7125.51611 0.197525
7125.77686 0.193688
7126.03906 0.189914
7126.29980 0.186206
7126.56201 0.182566
7126.82422 0.17898
7127.08496 0.175423
7127.34717 0.171883
7127.60889 0.168376
7127.87012 0.164934
7128.13184 0.161587
7128.39404 0.158338
7128.65479 0.155164
7128.91699 0.152041
7129.17920 0.148959
7129.43994 0.145928
7129.70215 0.142961
7129.96289 0.140057
7130.22510 0.137202
7130.48682 0.134383
7130.74902 0.131604
7131.00977 0.128881
7131.27197 0.126235
7131.53418 0.123672
7131.79492 0.12118
7132.05713 0.118742
7132.31787 0.116347
7132.58008 0.113993
7132.84180 0.11168
7133.10400 0.109398
7133.36523 0.107133
7133.62695 0.104878
7133.88818 0.102643
7134.14990 0.100452
7134.41211 0.098328
7134.67285 0.096277
7134.93506 0.094287
7135.19678 0.092338
7135.45801 0.090424
7135.72021 0.08855
7135.98193 0.086732
7136.24316 0.084978
7136.50488 0.083282
7136.76709 0.08163
7137.02783 0.080009
7137.29004 0.07842
7137.55176 0.07687
7137.81299 0.075358
7138.07520 0.073877
7138.33691 0.072412
7138.59912 0.070956
7138.85986 0.069509
7139.12207 0.068079
7139.38281 0.066673
7139.64502 0.065292
7139.90723 0.063933
7140.16797 0.062598
7140.43018 0.061297
7140.69189 0.060043
7140.95410 0.058843
7141.21484 0.05769
7141.47705 0.056572
7141.73877 0.055476
7142.00000 0.054397
7142.26221 0.053337
7142.52295 0.052302
7142.78516 0.05129
7143.04688 0.050302
7143.30908 0.049336
7143.56982 0.048395
7143.83203 0.047481
7144.09424 0.046591
7144.35498 0.045714
7144.61719 0.044838
7144.87891 0.043957
7145.14111 0.043075
7145.40186 0.042204
7145.66406 0.041355
7145.92480 0.040534
7146.18701 0.039738
7146.44922 0.038962
7146.70996 0.038205
7146.97217 0.037471
7147.23389 0.036762
7147.49609 0.036075
7147.75684 0.0354
7148.01904 0.034728
7148.28076 0.034059
7148.54199 0.033402
7148.80420 0.032768
7149.06592 0.032161
7149.32812 0.031575
7149.58887 0.030997
7149.85107 0.030413
7150.11279 0.029821
7150.37500 0.029226
7150.63623 0.028635
7150.89697 0.028056
7151.15918 0.027493
7151.42090 0.02695
7151.68311 0.026432
7151.94385 0.025942
7152.20605 0.025482
7152.46777 0.025049
7152.72900 0.024639
7152.99121 0.024249
7153.25293 0.023877
7153.51514 0.02352
7153.77588 0.023172
7154.03809 0.022824
7154.29980 0.022464
7154.56201 0.022089
7154.82324 0.021706
7155.08496 0.021325
7155.34717 0.020954
7155.60791 0.020595
7155.87012 0.020241
7156.13184 0.019887
7156.39404 0.019533
7156.65479 0.019184
7156.91699 0.018846
7157.17920 0.018521
7157.43994 0.018204
7157.70215 0.017892
7157.96387 0.017583
7158.22607 0.017282
7158.48682 0.016994
7158.74902 0.016722
7159.01123 0.01646
7159.27197 0.0162
7159.53418 0.015937
7159.79590 0.015668
7160.05811 0.015396
7160.31885 0.015123
7160.58105 0.01485
7160.84277 0.014577
7161.10400 0.014305
7161.36621 0.014043
7161.62793 0.0138
7161.89014 0.013583
7162.15088 0.013393
7162.41309 0.01322
7162.67480 0.013056
7162.93701 0.01289
7163.19824 0.012717
7163.45996 0.012533
7163.72217 0.012337
7163.98291 0.012126
7164.24512 0.011904
7164.50684 0.01168
7164.76904 0.011465
7165.02979 0.01127
7165.29199 0.011097
7165.55420 0.010938
7165.81494 0.010783
7166.07715 0.010624
7166.33887 0.010458
7166.60107 0.010288
7166.86182 0.010118
7167.12402 0.009955
7167.38623 0.009803
7167.64697 0.009663
7167.90918 0.009536
7168.17090 0.00942
7168.43311 0.009311
7168.69385 0.009204
7168.95605 0.009096
7169.21777 0.008985
7169.47998 0.008873
7169.74219 0.008764
7170.00293 0.008656
7170.26514 0.008552
7170.52686 0.008448
7170.78906 0.008342
7171.04980 0.008232
7171.31201 0.008117
7171.57422 0.007999
7171.83496 0.007882
7172.09717 0.007769
7172.35889 0.007663
7172.62109 0.007563
7172.88184 0.007465
7173.14404 0.007365
7173.40576 0.007259
7173.66699 0.007142
7173.93018 0.007012
7174.19092 0.006872
7174.45312 0.006727
7174.71484 0.006585
7174.97705 0.006455
7175.23779 0.00634
7175.50000 0.006241
7175.76221 0.006152
7176.02295 0.006067
7176.28516 0.00598
7176.54688 0.005888
7176.80908 0.005795
7177.06982 0.005708
7177.33203 0.005633
7177.59424 0.005575
7177.85596 0.005532
7178.11816 0.005496
7178.37891 0.00546
7178.64111 0.005417
7178.90283 0.005364
7179.16504 0.0053
7179.42578 0.005226
7179.68799 0.005146
7179.95020 0.005066
7180.21094 0.00499
7180.47314 0.004922
7180.73486 0.004864
7180.99707 0.004814
7181.25879 0.00477
7181.52100 0.004731
7181.78223 0.004695
7182.04395 0.004662
7182.30615 0.004631
7182.56689 0.004604
7182.82910 0.004577
7183.09082 0.00455
7183.35303 0.004518
7183.61523 0.004477
7183.87598 0.004428
7184.13818 0.004371
7184.39990 0.004313
7184.66211 0.004258
7184.92285 0.004205
7185.18506 0.004156
7185.44678 0.004105
7185.70898 0.004051
7904.27979 0.0
