threeML/data/optical_filters/CAHA/CAHA-f_674_10.ecsv
# %ECSV 0.9
# ---
# datatype:
# - {name: wavelength, unit: Angstrom, datatype: float32}
# - {name: response, datatype: float32}
# meta: !!omap
# - {band_name: f_674_10}
# - {group_name: CAHA}
wavelength response
5961.27637 0.0
6623.64014 0.004023
6623.89990 0.00407
6624.16016 0.003997
6624.41992 0.004174
6624.68018 0.004094
6624.93994 0.004155
6625.20020 0.004077
6625.45996 0.004202
6625.72998 0.004241
6625.99023 0.004314
6626.25000 0.004349
6626.50977 0.004367
6626.77002 0.004401
6627.02979 0.004444
6627.29004 0.004539
6627.56006 0.004568
6627.81982 0.004709
6628.08008 0.004597
6628.33984 0.004688
6628.60010 0.004829
6628.85986 0.004818
6629.12012 0.004771
6629.37988 0.004998
6629.64990 0.004898
6629.91016 0.005066
6630.16992 0.00502
6630.43018 0.005029
6630.68994 0.004957
6630.95020 0.005165
6631.20996 0.005169
6631.47021 0.005283
6631.74023 0.005303
6632.00000 0.005394
6632.25977 0.005412
6632.52002 0.005626
6632.77979 0.005522
6633.04004 0.0056
6633.29980 0.005733
6633.56006 0.005723
6633.83008 0.005788
6634.08984 0.005898
6634.35010 0.005823
6634.60986 0.005926
6634.87012 0.00597
6635.12988 0.00601
6635.39014 0.006119
6635.66016 0.006245
6635.91992 0.006229
6636.18018 0.00653
6636.43994 0.006447
6636.70020 0.006561
6636.95996 0.006578
6637.22021 0.0068
6637.47998 0.006772
6637.75000 0.006804
6638.00977 0.00692
6638.27002 0.007049
6638.52979 0.007006
6638.79004 0.0072
6639.04980 0.007305
6639.31006 0.007218
6639.56982 0.007504
6639.83984 0.0075
6640.10010 0.007524
6640.35986 0.007652
6640.62012 0.007838
6640.87988 0.007847
6641.14014 0.007863
6641.39990 0.008036
6641.66992 0.008008
6641.93018 0.008182
6642.18994 0.008395
6642.45020 0.00838
6642.70996 0.008631
6642.97021 0.008649
6643.22998 0.008747
6643.49023 0.008967
6643.75977 0.009061
6644.02002 0.009033
6644.27979 0.009346
6644.54004 0.009378
6644.79980 0.009502
6645.06006 0.009718
6645.31982 0.009765
6645.58008 0.009908
6645.85010 0.009923
6646.10986 0.010199
6646.37012 0.010178
6646.62988 0.010494
6646.89014 0.010605
6647.14990 0.01054
6647.41016 0.0107
6647.68018 0.011113
6647.93994 0.011255
6648.20020 0.01128
6648.45996 0.011354
6648.72021 0.011614
6648.97998 0.011726
6649.24023 0.011983
6649.50000 0.01204
6649.77002 0.012424
6650.02979 0.012354
6650.29004 0.012694
6650.54980 0.012793
6650.81006 0.013029
6651.06982 0.013165
6651.33008 0.01368
6651.58984 0.013655
6651.85986 0.01369
6652.12012 0.014089
6652.37988 0.01423
6652.64014 0.014265
6652.89990 0.014707
6653.16016 0.014941
6653.41992 0.015199
6653.68994 0.01525
6653.95020 0.015272
6654.20996 0.01604
6654.47021 0.016042
6654.72998 0.016376
6654.99023 0.01658
6655.25000 0.016644
6655.50977 0.017054
6655.77979 0.017242
6656.04004 0.017966
6656.29980 0.017832
6656.56006 0.018188
6656.81982 0.018449
6657.08008 0.01901
6657.33984 0.01896
6657.60010 0.019448
6657.87012 0.019736
6658.12988 0.020093
6658.39014 0.020438
6658.64990 0.020745
6658.91016 0.02084
6659.16992 0.021514
6659.43018 0.021786
6659.68994 0.022048
6659.95996 0.022432
6660.22021 0.023289
6660.47998 0.02377
6660.74023 0.023694
6661.00000 0.023936
6661.25977 0.024459
6661.52002 0.025332
6661.79004 0.025375
6662.04980 0.026191
6662.31006 0.02636
6662.56982 0.026586
6662.83008 0.027294
6663.08984 0.027691
6663.35010 0.028275
6663.60986 0.029002
6663.87988 0.029313
6664.14014 0.030034
6664.39990 0.030549
6664.66016 0.030839
6664.91992 0.031722
6665.18018 0.03176
6665.43994 0.032663
6665.70996 0.033184
6665.97021 0.033837
6666.22998 0.034272
6666.49023 0.035247
6666.75000 0.036099
6667.00977 0.036519
6667.27002 0.037398
6667.52979 0.03854
6667.79980 0.038784
6668.06006 0.039364
6668.31982 0.040328
6668.58008 0.04116
6668.83984 0.042132
6669.10010 0.042998
6669.35986 0.043715
6669.62012 0.044476
6669.89014 0.045652
6670.14990 0.046361
6670.41016 0.04748
6670.66992 0.048296
6670.93018 0.049096
6671.18994 0.050219
6671.45020 0.051311
6671.70996 0.052435
6671.97998 0.053136
6672.24023 0.054417
6672.50000 0.055816
6672.75977 0.057163
6673.02002 0.058108
6673.27979 0.059109
6673.54004 0.060558
6673.81006 0.061166
6674.06982 0.062676
6674.33008 0.064057
6674.58984 0.066187
6674.85010 0.067289
6675.10986 0.068256
6675.37012 0.069967
6675.62988 0.071836
6675.89990 0.072819
6676.16016 0.074791
6676.41992 0.076352
6676.68018 0.078249
6676.93994 0.079668
6677.20020 0.081637
6677.45996 0.083272
6677.72021 0.085535
6677.99023 0.086654
6678.25000 0.088899
6678.50977 0.091329
6678.77002 0.093404
6679.02979 0.094771
6679.29004 0.097217
6679.54980 0.099443
6679.81006 0.101081
6680.08008 0.104009
6680.33984 0.106572
6680.60010 0.108641
6680.85986 0.111207
6681.12012 0.113959
6681.37988 0.116628
6681.64014 0.118513
6681.91016 0.121558
6682.16992 0.124304
6682.43018 0.1272
6682.68994 0.130368
6682.95020 0.133409
6683.20996 0.136664
6683.47021 0.139378
6683.72998 0.142843
6684.00000 0.146538
6684.25977 0.149773
6684.52002 0.154056
6684.77979 0.157431
6685.04004 0.160864
6685.29980 0.163741
6685.56006 0.168407
6685.83008 0.172152
6686.08984 0.175617
6686.35010 0.180013
6686.60986 0.183783
6686.87012 0.189259
6687.12988 0.192832
6687.39014 0.196946
6687.64990 0.202227
6687.91992 0.206293
6688.18018 0.211792
6688.43994 0.2164
6688.70020 0.221636
6688.95996 0.226128
6689.22021 0.231977
6689.47998 0.236789
6689.74023 0.242487
6690.00977 0.248694
6690.27002 0.253498
6690.52979 0.259233
6690.79004 0.264674
6691.04980 0.270206
6691.31006 0.277336
6691.56982 0.282862
6691.83008 0.289544
6692.10010 0.297224
6692.35986 0.301103
6692.62012 0.307734
6692.87988 0.315406
6693.14014 0.322955
6693.39990 0.329294
6693.66016 0.336367
6693.93018 0.341368
6694.18994 0.349687
6694.45020 0.357896
6694.70996 0.363768
6694.97021 0.373183
6695.22998 0.378652
6695.49023 0.387302
6695.75000 0.393777
6696.02002 0.40441
6696.27979 0.409403
6696.54004 0.41753
6696.79980 0.425834
6697.06006 0.434871
6697.31982 0.443557
6697.58008 0.451413
6697.83984 0.457334
6698.10986 0.465685
6698.37012 0.472971
6698.62988 0.481582
6698.89014 0.492129
6699.14990 0.500305
6699.41016 0.505037
6699.66992 0.514585
6699.93994 0.524119
6700.20020 0.531436
6700.45996 0.538907
6700.72021 0.544706
6700.97998 0.55326
6701.24023 0.561724
6701.50000 0.572306
6701.75977 0.579119
6702.02979 0.585686
6702.29004 0.593207
6702.54980 0.600848
6702.81006 0.60982
6703.06982 0.61835
6703.33008 0.625947
6703.58984 0.630308
6703.85010 0.636833
6704.12012 0.645999
6704.37988 0.653705
6704.64014 0.660405
6704.89990 0.664892
6705.16016 0.671402
6705.41992 0.679636
6705.68018 0.687
6705.95020 0.693656
6706.20996 0.69739
6706.47021 0.701798
6706.72998 0.707598
6706.99023 0.713527
6707.25000 0.71929
6707.50977 0.723669
6707.77002 0.729608
6708.04004 0.733078
6708.29980 0.736816
6708.56006 0.744062
6708.81982 0.749835
6709.08008 0.757075
6709.33984 0.755951
6709.60010 0.761552
6709.85986 0.765431
6710.12988 0.770633
6710.39014 0.772697
6710.64990 0.774054
6710.91016 0.777252
6711.16992 0.781457
6711.43018 0.786966
6711.68994 0.790485
6711.95996 0.791591
6712.22021 0.790857
6712.47998 0.795697
6712.74023 0.799561
6713.00000 0.801476
6713.25977 0.80453
6713.52002 0.804709
6713.77979 0.802917
6714.04980 0.806686
6714.31006 0.813015
6714.56982 0.813388
6714.83008 0.811961
6715.08984 0.814183
6715.35010 0.816283
6715.60986 0.818939
6715.87012 0.821826
6716.14014 0.820606
6716.39990 0.822256
6716.66016 0.821341
6716.91992 0.82352
6717.18018 0.827533
6717.43994 0.827972
6717.70020 0.826826
6717.95996 0.826764
6718.22998 0.830009
6718.49023 0.830934
6718.75000 0.830175
6719.00977 0.829872
6719.27002 0.83176
6719.52979 0.830325
6719.79004 0.833611
6720.06006 0.835123
6720.31982 0.833197
6720.58008 0.833902
6720.83984 0.831815
6721.10010 0.834029
6721.35986 0.836458
6721.62012 0.837278
6721.87988 0.835978
6722.14990 0.835715
6722.41016 0.836973
6722.66992 0.836869
6722.93018 0.836894
6723.18994 0.837258
6723.45020 0.834815
6723.70996 0.834278
6723.97021 0.837979
6724.24023 0.838051
6724.50000 0.837426
6724.75977 0.837777
6725.02002 0.836332
6725.27979 0.838124
6725.54004 0.839342
6725.79980 0.837519
6726.06982 0.840421
6726.33008 0.838108
6726.58984 0.838831
6726.85010 0.842794
6727.10986 0.8401
6727.37012 0.840371
6727.62988 0.838556
6727.89014 0.840338
6728.16016 0.837655
6728.41992 0.840624
6728.68018 0.841324
6728.93994 0.839512
6729.20020 0.838156
6729.45996 0.839592
6729.72021 0.840445
6729.97998 0.84131
6730.25000 0.841198
6730.50977 0.838307
6730.77002 0.838549
6731.02979 0.841709
6731.29004 0.840876
6731.54980 0.84084
6731.81006 0.83981
6732.08008 0.840199
6732.33984 0.839625
6732.60010 0.84307
6732.85986 0.84398
6733.12012 0.840774
6733.37988 0.841631
6733.64014 0.840712
6733.89990 0.842278
6734.16992 0.843506
6734.43018 0.844727
6734.68994 0.842601
6734.95020 0.842314
6735.20996 0.843632
6735.47021 0.842896
6735.72998 0.845254
6735.99023 0.844775
6736.25977 0.844474
6736.52002 0.84287
6736.77979 0.843271
6737.04004 0.847332
6737.29980 0.845924
6737.56006 0.845127
6737.81982 0.840928
6738.08008 0.845062
6738.35010 0.845003
6738.60986 0.84549
6738.87012 0.844601
6739.12988 0.842222
6739.39014 0.842281
6739.64990 0.843153
6739.91016 0.844531
6740.18018 0.847793
6740.43994 0.844777
6740.70020 0.840982
6740.95996 0.844837
6741.22021 0.846055
6741.47998 0.846596
6741.74023 0.844674
6742.00000 0.842554
6742.27002 0.842154
6742.52979 0.846004
6742.79004 0.84512
6743.04980 0.845701
6743.31006 0.843
6743.56982 0.840432
6743.83008 0.843447
6744.08984 0.844753
6744.35986 0.844376
6744.62012 0.842953
6744.87988 0.840919
6745.14014 0.841223
6745.39990 0.842297
6745.66016 0.844108
6745.91992 0.844455
6746.18994 0.840325
6746.45020 0.837085
6746.70996 0.838919
6746.97021 0.840539
6747.22998 0.842768
6747.49023 0.838781
6747.75000 0.836572
6748.00977 0.835362
6748.27979 0.839256
6748.54004 0.842084
6748.79980 0.841451
6749.06006 0.838995
6749.31982 0.836965
6749.58008 0.837799
6749.83984 0.837471
6750.10010 0.840092
6750.37012 0.837328
6750.62988 0.833632
6750.89014 0.83191
6751.14990 0.836968
6751.41016 0.839385
6751.66992 0.836171
6751.93018 0.834887
6752.20020 0.828242
6752.45996 0.832595
6752.72021 0.835732
6752.97998 0.834271
6753.24023 0.832678
6753.50000 0.828788
6753.75977 0.828603
6754.02002 0.831266
6754.29004 0.833688
6754.54980 0.833448
6754.81006 0.831199
6755.06982 0.825196
6755.33008 0.826642
6755.58984 0.831109
6755.85010 0.831998
6756.10986 0.828574
6756.37988 0.825435
6756.64014 0.825175
6756.89990 0.828112
6757.16016 0.82873
6757.41992 0.830528
6757.68018 0.825266
6757.93994 0.822186
6758.20996 0.822141
6758.47021 0.829184
6758.72998 0.829321
6758.99023 0.827087
6759.25000 0.822815
6759.50977 0.820114
6759.77002 0.822344
6760.02979 0.826209
6760.29980 0.826319
6760.56006 0.825056
6760.81982 0.817711
6761.08008 0.818807
6761.33984 0.823148
6761.60010 0.825597
6761.85986 0.822864
6762.12012 0.820997
6762.39014 0.819411
6762.64990 0.818895
6762.91016 0.825155
6763.16992 0.824659
6763.43018 0.819552
6763.68994 0.818066
6763.95020 0.818049
6764.20996 0.821834
6764.47998 0.824123
6764.74023 0.821829
6765.00000 0.816853
6765.25977 0.813968
6765.52002 0.817526
6765.77979 0.821125
6766.04004 0.821291
6766.31006 0.819635
6766.56982 0.814826
6766.83008 0.814507
6767.08984 0.81934
6767.35010 0.822222
6767.60986 0.822354
6767.87012 0.815092
6768.12988 0.811509
6768.39990 0.814345
6768.66016 0.820233
6768.91992 0.823488
6769.18018 0.819712
6769.43994 0.812811
6769.70020 0.811398
6769.95996 0.816263
6770.22998 0.820522
6770.49023 0.818686
6770.75000 0.81498
6771.00977 0.809683
6771.27002 0.809568
6771.52979 0.816487
6771.79004 0.817966
6772.04980 0.816444
6772.31982 0.808491
6772.58008 0.805005
6772.83984 0.808386
6773.10010 0.815578
6773.35986 0.813697
6773.62012 0.810156
6773.87988 0.804118
6774.14014 0.801571
6774.41016 0.807589
6774.66992 0.811872
6774.93018 0.807107
6775.18994 0.800652
6775.45020 0.794811
6775.70996 0.796152
6775.97021 0.802149
6776.22998 0.801771
6776.50000 0.796372
6776.75977 0.789775
6777.02002 0.784784
6777.27979 0.78839
6777.54004 0.793658
6777.79980 0.787357
6778.06006 0.781026
6778.33008 0.773348
6778.58984 0.775523
6778.85010 0.777909
6779.10986 0.778772
6779.37012 0.770311
6779.62988 0.762358
6779.89014 0.757477
6780.14990 0.757602
6780.41992 0.762916
6780.68018 0.759033
6780.93994 0.749366
6781.20020 0.741197
6781.45996 0.735549
6781.72021 0.738166
6781.97998 0.738819
6782.24023 0.730477
6782.50977 0.723709
6782.77002 0.714495
6783.02979 0.713465
6783.29004 0.712395
6783.54980 0.709341
6783.81006 0.699395
6784.06982 0.688035
6784.33008 0.681737
6784.60010 0.680185
6784.85986 0.67965
6785.12012 0.674066
6785.37988 0.660589
6785.64014 0.651303
6785.89990 0.646732
6786.16016 0.64618
6786.43018 0.642423
6786.68994 0.633045
6786.95020 0.619714
6787.20996 0.611706
6787.47021 0.608694
6787.72998 0.605115
6787.99023 0.598212
6788.25000 0.585359
6788.52002 0.575129
6788.77979 0.56616
6789.04004 0.564703
6789.29980 0.559934
6789.56006 0.549665
6789.81982 0.537548
6790.08008 0.52986
6790.35010 0.522969
6790.60986 0.519903
6790.87012 0.512091
6791.12988 0.500467
6791.39014 0.49036
6791.64990 0.481411
6791.91016 0.476989
6792.16992 0.471109
6792.43994 0.462197
6792.70020 0.449801
6792.95996 0.441455
6793.22021 0.435539
6793.47998 0.428801
6793.74023 0.423086
6794.00000 0.415
6794.25977 0.403522
6794.52979 0.395132
6794.79004 0.389491
6795.04980 0.384527
6795.31006 0.376925
6795.56982 0.369183
6795.83008 0.358982
6796.08984 0.352552
6796.35010 0.34728
6796.62012 0.341631
6796.87988 0.334116
6797.14014 0.326294
6797.39990 0.317318
6797.66016 0.312014
6797.91992 0.306769
6798.18018 0.301586
6798.45020 0.29416
6798.70996 0.285
6798.97021 0.279954
6799.22998 0.275227
6799.49023 0.269873
6799.75000 0.263419
6800.00977 0.257853
6800.27002 0.250528
6800.54004 0.246709
6800.79980 0.240854
6801.06006 0.237101
6801.31982 0.230605
6801.58008 0.225459
6801.83984 0.220056
6802.10010 0.214934
6802.35986 0.211366
6802.62988 0.206909
6802.89014 0.201985
6803.14990 0.196503
6803.41016 0.19249
6803.66992 0.189101
6803.93018 0.185235
6804.18994 0.180815
6804.45996 0.176277
6804.72021 0.171508
6804.97998 0.168498
6805.24023 0.164778
6805.50000 0.161614
6805.75977 0.157436
6806.02002 0.15385
6806.27979 0.149403
6806.54980 0.147781
6806.81006 0.144148
6807.06982 0.140339
6807.33008 0.137664
6807.58984 0.133658
6807.85010 0.130943
6808.10986 0.128503
6808.37012 0.125879
6808.64014 0.123048
6808.89990 0.119647
6809.16016 0.117038
6809.41992 0.115136
6809.68018 0.112544
6809.93994 0.109836
6810.20020 0.107717
6810.47021 0.105291
6810.72998 0.102837
6810.99023 0.100501
6811.25000 0.098644
6811.50977 0.096209
6811.77002 0.094188
6812.02979 0.092077
6812.29004 0.090834
6812.56006 0.088836
6812.81982 0.085986
6813.08008 0.084853
6813.33984 0.0832
6813.60010 0.080736
6813.85986 0.079694
6814.12012 0.07746
6814.37988 0.076091
6814.64990 0.074461
6814.91016 0.072713
6815.16992 0.071337
6815.43018 0.070076
6815.68994 0.068318
6815.95020 0.067461
6816.20996 0.065794
6816.47998 0.064214
6816.74023 0.062897
6817.00000 0.061713
6817.25977 0.060377
6817.52002 0.059502
6817.77979 0.058084
6818.04004 0.056745
6818.29980 0.055936
6818.56982 0.054988
6818.83008 0.053978
6819.08984 0.052569
6819.35010 0.051312
6819.60986 0.050517
6819.87012 0.049406
6820.12988 0.048837
6820.39014 0.048252
6820.66016 0.04677
6820.91992 0.045642
6821.18018 0.045027
6821.43994 0.044058
6821.70020 0.04351
6821.95996 0.04258
6822.22021 0.041751
6822.47998 0.040809
6822.75000 0.040252
6823.00977 0.039271
6823.27002 0.038518
6823.52979 0.03815
6823.79004 0.037136
6824.04980 0.036463
6824.31006 0.035859
6824.58008 0.035264
6824.83984 0.034662
6825.10010 0.033841
6825.35986 0.033169
6825.62012 0.032711
6825.87988 0.031882
6826.14014 0.031936
6826.39990 0.031048
6826.66992 0.030417
6826.93018 0.029894
6827.18994 0.029279
6827.45020 0.029028
6827.70996 0.028709
6827.97021 0.027663
6828.22998 0.027486
6828.49023 0.026959
6828.75977 0.02633
6829.02002 0.026046
6829.27979 0.025859
6829.54004 0.024905
6829.79980 0.024829
6830.06006 0.024479
6830.31982 0.023687
6830.58008 0.023464
6830.85010 0.023194
6831.10986 0.022625
6831.37012 0.022101
6831.62988 0.022063
6831.89014 0.021931
6832.14990 0.021439
6832.41016 0.02105
6832.68018 0.020721
6832.93994 0.020293
6833.20020 0.020078
6833.45996 0.019937
6833.72021 0.019802
6833.97998 0.019164
6834.24023 0.018658
6834.50000 0.018269
6834.77002 0.018224
6835.02979 0.017833
6835.29004 0.017527
6835.54980 0.017177
6835.81006 0.017184
6836.06982 0.01685
6836.33008 0.016634
6836.60010 0.016419
6836.85986 0.015863
6837.12012 0.015823
6837.37988 0.015577
6837.64014 0.015379
6837.89990 0.015187
6838.16016 0.014944
6838.41992 0.014608
6838.68994 0.01436
6838.95020 0.014241
6839.20996 0.013895
6839.47021 0.013937
6839.72998 0.0136
6839.99023 0.013463
6840.25000 0.013394
6840.50977 0.013134
6840.77979 0.01299
6841.04004 0.012776
6841.29980 0.012643
6841.56006 0.012314
6841.81982 0.012151
6842.08008 0.011781
6842.33984 0.012008
6842.60010 0.011699
6842.87012 0.011541
6843.12988 0.011418
6843.39014 0.011202
6843.64990 0.011203
6843.91016 0.011042
6844.16992 0.010785
6844.43018 0.010689
6844.70020 0.01051
6844.95996 0.010117
6845.22021 0.010352
6845.47998 0.010187
6845.74023 0.010004
6846.00000 0.009822
6846.25977 0.009641
6846.52002 0.009412
6846.79004 0.009449
6847.04980 0.009407
6847.31006 0.009236
6847.56982 0.009039
6847.83008 0.009074
6848.08984 0.009005
6848.35010 0.008588
6848.60986 0.008613
6848.87988 0.00862
6849.14014 0.008372
6849.39990 0.008377
6849.66016 0.008312
6849.91992 0.008208
6850.18018 0.008072
6850.43994 0.007931
6850.70996 0.007807
6850.97021 0.007793
6851.22998 0.007751
6851.49023 0.007671
6851.75000 0.007499
6852.00977 0.007436
6852.27002 0.007263
6852.52979 0.007149
6852.79980 0.007148
6853.06006 0.00714
6853.31982 0.007043
6853.58008 0.00681
6853.83984 0.006705
6854.10010 0.006851
6854.35986 0.006663
6854.62012 0.006632
6854.89014 0.006423
6855.14990 0.006458
6855.41016 0.006361
6855.66992 0.006258
6855.93018 0.006185
6856.18994 0.006234
6856.45020 0.006318
6856.72021 0.005936
6856.97998 0.006039
6857.24023 0.005924
6857.50000 0.005948
6857.75977 0.005841
6858.02002 0.005652
6858.27979 0.005668
6858.54004 0.005715
6858.81006 0.005409
6859.06982 0.005565
6859.33008 0.005466
6859.58984 0.00528
6859.85010 0.005476
6860.10986 0.005217
6860.37012 0.005291
6860.62988 0.005284
6860.89990 0.005154
6861.16016 0.005036
6861.41992 0.004992
6861.68018 0.004933
6861.93994 0.005096
6862.20020 0.004809
6862.45996 0.004918
6862.72998 0.004731
6862.99023 0.004745
6863.25000 0.004793
6863.50977 0.004605
6863.77002 0.004554
6864.02979 0.004622
6864.29004 0.004496
6864.54980 0.004504
6864.81982 0.004462
6865.08008 0.004384
6865.33984 0.0044
6865.60010 0.004354
6865.85986 0.004236
6866.12012 0.004272
6866.37988 0.004195
6866.64014 0.004157
6866.91016 0.004182
6867.16992 0.004033
6867.43018 0.00407
6867.68994 0.004007
6867.95020 0.004088
7554.74512 0.0
