threeML/data/optical_filters/CAHA/CAHA-f_654_199.ecsv
# %ECSV 0.9
# ---
# datatype:
# - {name: wavelength, unit: Angstrom, datatype: float32}
# - {name: response, datatype: float32}
# meta: !!omap
# - {band_name: f_654_199}
# - {group_name: CAHA}
wavelength response
[from data line 804]
7959.62891 0.276489
7962.93506 0.275409
7966.24121 0.274352
7969.54688 0.273317
7972.85400 0.272302
7976.16016 0.271296
7979.46582 0.270286
7982.77197 0.269257
7986.07910 0.268191
7989.38477 0.267076
7992.69092 0.265901
7995.99805 0.264666
7999.30420 0.263377
8002.61084 0.262047
8005.91699 0.260691
8009.22412 0.259328
8012.52979 0.257971
8015.83691 0.256632
8019.14404 0.255315
8022.45117 0.254021
8025.75684 0.252748
8029.06396 0.251492
8032.37109 0.250251
8035.67822 0.249024
8038.98486 0.247814
8042.29199 0.246624
8045.59912 0.245461
8048.90576 0.244327
8052.21289 0.243223
8055.52100 0.242149
8058.82812 0.241095
8062.13477 0.240053
8065.44189 0.239011
8068.75000 0.237962
8072.05713 0.236901
8075.36377 0.235831
8078.67090 0.234757
8081.97900 0.233689
8085.28711 0.232639
8088.59424 0.231612
8091.90088 0.230612
8095.20898 0.229636
8098.51709 0.228679
8101.82520 0.227731
8105.13184 0.226786
8108.43994 0.225836
8111.74805 0.224879
8115.05615 0.223913
8118.36377 0.222942
8121.67188 0.221968
8124.97998 0.220992
8128.28809 0.220016
8131.59619 0.219038
8134.90381 0.21806
8138.21191 0.21708
8141.52002 0.216101
8144.82910 0.215125
8148.13721 0.214158
8151.44482 0.213202
8154.75293 0.212262
8158.06201 0.211341
8161.37012 0.210438
8164.67920 0.209552
8167.98682 0.20868
8171.29590 0.207818
8174.60400 0.206961
8177.91309 0.206105
8181.22217 0.205247
8184.52979 0.204389
8187.83887 0.203531
8191.14795 0.202679
8194.45703 0.201838
8197.76562 0.201017
8201.07422 0.200218
8204.38379 0.199444
8207.69238 0.198692
8211.00098 0.197958
8214.31055 0.197234
8217.62012 0.196511
8220.92871 0.195781
8224.23828 0.195033
8227.54688 0.194261
8230.85645 0.193457
8234.16602 0.192619
8237.47559 0.191749
8240.78418 0.190851
8244.09375 0.189935
8247.40332 0.18901
8250.71289 0.188088
8254.02246 0.187176
8257.33203 0.186279
8260.64160 0.185398
8263.95117 0.184531
8267.26074 0.183677
8270.57031 0.182835
8273.87988 0.182006
8277.19043 0.181192
8280.50000 0.180397
8283.80957 0.179625
8287.12012 0.178878
8290.42969 0.178156
8293.74023 0.177455
8297.04980 0.176767
8300.36035 0.176083
8303.66992 0.17539
8306.98047 0.17468
8310.29102 0.173947
8313.60059 0.173187
8316.91113 0.172405
8320.22168 0.171609
8323.53223 0.170809
8326.84180 0.170018
8330.15234 0.169244
8333.46289 0.168496
8336.77344 0.167777
8340.08398 0.167084
8343.39453 0.166415
8346.70508 0.165762
8350.01660 0.165116
8353.32715 0.16447
8356.63770 0.163817
8359.94824 0.163149
8363.25977 0.162464
8366.57031 0.161761
8369.88086 0.16104
8373.19238 0.160306
8376.50293 0.159566
8379.81445 0.158828
8383.12500 0.158101
8386.43652 0.15739
8389.74805 0.156698
8393.05859 0.156027
8396.37012 0.155372
8399.68164 0.154728
8402.99316 0.154091
8406.30371 0.153455
8409.61523 0.152817
8412.92676 0.152177
8416.23828 0.151534
8419.54980 0.15089
8422.86133 0.150248
8426.17285 0.149607
8429.48535 0.148971
8432.79688 0.148339
8436.10840 0.147712
8439.41992 0.147088
8442.73145 0.14646
8446.04395 0.145823
8449.35547 0.145168
8452.66699 0.144488
8455.97852 0.143778
8459.29102 0.143036
8462.60352 0.142269
8465.91504 0.141486
8469.22754 0.140704
8472.54004 0.139938
8475.85156 0.139204
8479.16406 0.138513
8482.47656 0.137869
8485.78906 0.137272
8489.10156 0.136714
8492.41406 0.136185
8495.72559 0.135674
8499.03809 0.135169
8502.35156 0.134661
8505.66406 0.134145
8508.97656 0.133614
8512.28906 0.133065
8515.60156 0.132495
8518.91406 0.131905
8522.22754 0.131295
8525.54004 0.13067
8528.85254 0.130035
8532.16602 0.129399
8535.47852 0.128769
8538.79102 0.12815
8542.10352 0.127549
8545.41699 0.126967
8548.73047 0.126405
8552.04297 0.125864
8555.35645 0.12534
8558.66992 0.12483
8561.98340 0.124327
8565.29688 0.123823
8568.60938 0.12331
8571.92285 0.12278
8575.23633 0.12223
8578.54980 0.121661
8581.86328 0.121076
8585.17676 0.120484
8588.49023 0.119895
8591.80371 0.119318
8595.11816 0.11876
8598.43164 0.118222
8601.74512 0.117703
8605.05859 0.117197
8608.37305 0.116697
8611.68652 0.116194
8615.00000 0.115681
8618.31445 0.115154
8621.62793 0.114613
8624.94238 0.114063
8628.25586 0.113511
8631.57031 0.112967
8634.88477 0.112443
8638.19824 0.111944
8641.51270 0.111474
8644.82715 0.111032
8648.14160 0.110611
8651.45508 0.110203
8654.76953 0.109798
8658.08398 0.109389
8661.39844 0.108971
8664.71289 0.108541
8668.02734 0.108098
8671.34180 0.10764
8674.65625 0.107166
8677.97168 0.106676
8681.28613 0.106168
8684.60059 0.105645
8687.91602 0.105108
8691.23047 0.104562
8694.54492 0.104014
8697.86035 0.10347
8701.17480 0.102937
8704.48926 0.102419
8707.80469 0.101921
8711.12012 0.101444
8714.43457 0.100991
8717.75000 0.100561
8721.06543 0.100153
8724.37988 0.099764
8727.69531 0.099391
8731.01074 0.099028
8734.32617 0.098669
8737.64160 0.098308
8740.95703 0.09794
8744.27246 0.097562
8747.58789 0.09717
8750.90332 0.096766
8754.21875 0.096347
8757.53418 0.095916
8760.84961 0.095473
8764.16504 0.09502
8767.48145 0.094557
8770.79688 0.094088
8774.11230 0.093614
8777.42871 0.093139
8780.74414 0.092668
8784.06055 0.092206
8787.37598 0.091757
8790.69238 0.091322
8794.00781 0.0909
8797.32422 0.09049
8800.64062 0.090087
8803.95703 0.089689
8807.27246 0.089291
8810.58887 0.088891
8813.90527 0.08849
8817.22168 0.088088
8820.53809 0.087687
8823.85352 0.08729
8827.17090 0.086898
8830.48730 0.086514
8833.80371 0.086137
8837.12012 0.085766
8840.43652 0.085398
8843.75293 0.085027
8847.07031 0.084648
8850.38672 0.084255
8853.70312 0.083846
8857.02148 0.083419
8860.33691 0.082979
8863.65430 0.082533
8866.97070 0.082091
8870.28809 0.081662
8873.60352 0.081255
8876.92188 0.080872
8880.23926 0.080515
8883.55566 0.08018
8886.87305 0.079861
8890.19043 0.07955
8893.50684 0.079242
8896.82422 0.07893
8900.14160 0.078611
8903.45898 0.078279
8906.77637 0.077935
8910.09375 0.077578
8913.41113 0.07721
8916.72852 0.076833
8920.04590 0.076451
8923.36426 0.076066
8926.68164 0.075682
8929.99902 0.075301
8933.31738 0.074924
8936.63477 0.074553
8939.95215 0.074188
8943.27148 0.073829
8946.58789 0.073477
8949.90625 0.073132
8953.22363 0.072794
8956.54199 0.072462
8959.85938 0.072136
8963.17773 0.071815
8966.49609 0.0715
8969.81445 0.071191
8973.13281 0.070892
8976.45020 0.070606
8979.76855 0.070338
8983.08691 0.070088
8986.40527 0.069857
8989.72363 0.069641
8993.04199 0.069433
8996.36035 0.069225
8999.67871 0.069009
9002.99805 0.068781
9006.31641 0.068538
9009.63477 0.068285
9012.95312 0.068028
9016.27246 0.067777
9019.59082 0.06754
9022.90918 0.067322
9026.22852 0.067125
9029.54688 0.066942
9032.86621 0.066765
9036.18457 0.066583
9039.50391 0.066386
9042.82227 0.066164
9046.14160 0.065913
9049.46094 0.065632
9052.78027 0.065322
9056.09961 0.064988
9059.41797 0.064637
9062.73730 0.064275
9066.05664 0.063909
9069.37598 0.063546
9072.69531 0.063192
9076.01465 0.062852
9079.33398 0.062529
9082.65332 0.062223
9085.97363 0.061933
9089.29297 0.061654
9092.61230 0.061382
9095.93262 0.061112
9099.25195 0.060842
9102.57129 0.060574
9105.89160 0.060311
9109.21094 0.060058
9112.53125 0.059819
9115.85059 0.059597
9119.17090 0.059393
9122.49023 0.059203
9125.81055 0.059023
9129.13086 0.058848
9132.45020 0.058675
9135.77148 0.058501
9139.09082 0.058322
9142.41113 0.058137
9145.73145 0.057945
9149.05176 0.057743
9152.37207 0.057529
9155.69238 0.057302
9159.01270 0.057064
9162.33301 0.05682
9165.65332 0.056577
9168.97461 0.056341
9172.29492 0.05612
9175.61523 0.055917
9178.93555 0.055729
9182.25684 0.055556
9185.57715 0.055394
9188.89844 0.055239
9192.21875 0.055095
9195.53906 0.054968
9198.86035 0.054867
9202.18164 0.0548
9205.50195 0.054776
9208.82324 0.054794
9212.14453 0.054849
9215.46484 0.054927
9218.78613 0.05501
9222.10742 0.055078
9225.42871 0.055113
9228.75000 0.055102
9232.07129 0.055035
9235.39258 0.054908
9238.71387 0.054715
9242.03516 0.054454
9245.35645 0.054119
9248.67773 0.053709
9252.00000 0.053224
9255.32129 0.052672
9258.64258 0.052069
9261.96484 0.051434
9265.28613 0.050796
9268.60742 0.050179
9271.92969 0.049609
9275.25098 0.049105
9278.57324 0.048678
9281.89453 0.048336
9285.21680 0.048077
9288.53906 0.047901
9291.86035 0.0478
9295.18262 0.047765
9298.50488 0.047787
9301.82715 0.047852
9305.14941 0.047946
9308.47070 0.048055
9311.79395 0.048167
9315.11523 0.048275
9318.43848 0.048372
9321.76074 0.048458
9325.08301 0.048532
9328.40527 0.048598
9331.72754 0.048652
9335.04980 0.048691
9338.37207 0.048711
9341.69531 0.048703
9345.01758 0.048663
9348.33984 0.048588
9351.66309 0.048477
9354.98535 0.048336
9358.30859 0.048172
9361.63086 0.047994
9364.95410 0.047812
9368.27734 0.047635
9371.59961 0.047473
9374.92285 0.047335
9378.24609 0.047224
9381.56934 0.047145
9384.89258 0.047097
9388.21484 0.047073
9391.53809 0.047065
9394.86133 0.047059
9398.18457 0.047043
9401.50781 0.047005
9404.83203 0.046941
9408.15527 0.046849
9411.47852 0.046732
9414.80176 0.046597
9418.12500 0.046454
9421.44824 0.04631
9424.77246 0.04617
9428.09570 0.046036
9431.41895 0.045905
9434.74316 0.045774
9438.06738 0.045639
9441.39062 0.045496
9444.71484 0.045347
9448.03809 0.045193
9451.36230 0.045039
9454.68652 0.044891
9458.00977 0.04475
9461.33398 0.044615
9464.65820 0.044483
9467.98242 0.044347
9471.30664 0.044201
9474.63086 0.04404
9477.95508 0.043863
9481.27930 0.043672
9484.60352 0.04347
9487.92773 0.043264
9491.25195 0.043058
9494.57617 0.042856
9497.90039 0.04266
9501.22559 0.042472
9504.54980 0.042293
9507.87402 0.042123
9511.19922 0.041963
9514.52344 0.041814
9517.84863 0.041673
9521.17285 0.041542
9524.49805 0.041417
9527.82227 0.041299
9531.14746 0.041184
9534.47168 0.041073
9537.79688 0.040963
9541.12207 0.040855
9544.44727 0.040747
9547.77246 0.040639
9551.09766 0.040532
9554.42188 0.040425
9557.74805 0.040317
9561.07227 0.04021
9564.39746 0.040103
9567.72363 0.039995
9571.04883 0.039888
9574.37402 0.039781
9577.69922 0.039673
9581.02441 0.039566
9584.34961 0.039459
9587.67578 0.039351
9591.00098 0.039244
9594.32715 0.039137
9597.65234 0.039029
9600.97852 0.038922
9604.30371 0.038815
9607.62891 0.038707
9610.95508 0.0386
9614.28125 0.038493
9617.60645 0.038385
9620.93262 0.038278
9624.25879 0.038171
9627.58496 0.038063
9630.91113 0.037956
9634.23730 0.037849
9637.56348 0.037741
9640.88965 0.037634
9644.21582 0.037527
9647.54102 0.037419
9650.86816 0.037312
9654.19434 0.037205
9657.52148 0.037097
9660.84668 0.03699
9664.17383 0.036883
9667.50000 0.036775
9670.82617 0.036668
9674.15332 0.036561
9677.47852 0.036453
9680.80664 0.036346
9684.13281 0.036239
9687.45898 0.036131
9690.78613 0.036024
9694.11328 0.035917
9697.43945 0.035809
9700.76660 0.035702
9704.09375 0.035595
9707.42090 0.035487
9710.74707 0.03538
9714.07422 0.035273
9717.40137 0.035165
9720.72852 0.035058
9724.05566 0.034951
9727.38281 0.034843
9730.70996 0.034736
9734.03711 0.034629
9737.36426 0.034521
9740.69238 0.034414
9744.01953 0.034307
9747.34668 0.034199
9750.67383 0.034092
9754.00195 0.033985
9757.32910 0.033877
9760.65723 0.03377
9763.98438 0.033663
9767.31348 0.033555
9770.63965 0.033448
9773.96777 0.033341
9777.29590 0.033233
9780.62305 0.033126
9783.95117 0.033019
9787.27930 0.032911
9790.60645 0.032804
9793.93555 0.032697
9797.26270 0.032589
9800.59082 0.032482
9803.91895 0.032375
9807.24707 0.032267
9810.57520 0.03216
9813.90332 0.032053
9817.23145 0.031945
9820.56055 0.031838
9823.88867 0.031731
9827.21680 0.031623
9830.54492 0.031516
9833.87402 0.031409
9837.20215 0.031301
9840.53027 0.031194
9843.85938 0.031087
9847.18848 0.030979
9850.51660 0.030872
9853.84473 0.030765
9857.17383 0.030657
9860.50293 0.03055
9863.83105 0.030443
9867.16016 0.030335
9870.48926 0.030228
9873.81836 0.030121
9877.14746 0.030013
9880.47656 0.029906
9883.80469 0.029799
9887.13477 0.029691
9890.46387 0.029584
9893.79297 0.029477
9897.12207 0.029369
9900.45117 0.029262
9903.78027 0.029155
9907.10938 0.029047
9910.43945 0.02894
9913.76855 0.028833
9917.09766 0.028725
9920.42773 0.028618
9923.75684 0.028511
9927.08691 0.028403
9930.41602 0.028296
9933.74609 0.028189
9937.07520 0.028081
9940.40527 0.027974
9943.73438 0.027867
9947.06445 0.027759
9950.39453 0.027652
9953.72461 0.027545
9957.05371 0.027437
9960.38477 0.02733
9963.71387 0.027223
9967.04395 0.027115
9970.37500 0.027008
9973.70410 0.026901
9977.03418 0.026793
9980.36523 0.026686
9983.69531 0.026579
9987.02539 0.026471
9990.35547 0.026364
9993.68652 0.026257
9997.01660 0.026149
10000.34961 0.026042
10003.67969 0.025935
10007.00977 0.025827
10010.33984 0.02572
10013.66992 0.025613
10017.00000 0.025505
10020.33008 0.025398
10023.66016 0.025291
10026.99023 0.025183
10030.32031 0.025076
10033.65039 0.024969
10036.98047 0.024861
10040.32031 0.024754
10043.65039 0.024647
10046.98047 0.024539
10050.30957 0.024432
10053.63965 0.024325
10056.96973 0.024217
10060.29980 0.02411
10063.62988 0.024002
10066.95996 0.023895
10070.29004 0.023788
10073.62988 0.02368
10076.95996 0.023573
10080.29004 0.023466
10083.62012 0.023358
10086.95020 0.023251
10090.28027 0.023144
10093.62012 0.023036
10096.95020 0.022929
10100.28027 0.022822
10103.61035 0.022714
10106.94043 0.022607
10110.26953 0.0225
10113.61035 0.022392
10116.94043 0.022285
10120.26953 0.022178
10123.59961 0.02207
10126.92969 0.021963
10130.25977 0.021856
10133.59961 0.021748
10136.92969 0.021641
10140.25977 0.021534
10143.58984 0.021426
10146.92969 0.021319
10150.25977 0.021212
10153.58984 0.021104
10156.91992 0.020997
10160.25000 0.02089
10163.58984 0.020782
10166.91992 0.020675
10170.25000 0.020568
10173.58008 0.02046
10176.91992 0.020353
10180.25000 0.020246
10183.58008 0.020138
10186.91992 0.020031
10190.25000 0.019924
10193.58008 0.019816
10196.91016 0.019709
10200.25000 0.019602
10203.58008 0.019494
10206.91016 0.019387
10210.24023 0.01928
10213.58008 0.019172
10216.91016 0.019065
10220.24023 0.018958
10223.58008 0.01885
10226.91016 0.018743
10230.24023 0.018636
10233.58008 0.018529
10236.91016 0.018421
10240.24023 0.018314
10243.58008 0.018208
10246.91016 0.018102
10250.24023 0.017997
10253.58008 0.017894
10256.91016 0.017793
10260.24023 0.017696
10263.58008 0.017604
10266.91016 0.017519
10270.24023 0.017441
10273.58008 0.017373
10276.91016 0.017314
11304.60156 0.0
