threeML/data/optical_filters/CAHA/CAHA-f_696_15.ecsv
# %ECSV 0.9
# ---
# datatype:
# - {name: wavelength, unit: Angstrom, datatype: float32}
# - {name: response, datatype: float32}
# meta: !!omap
# - {band_name: f_696_15}
# - {group_name: CAHA}
wavelength response
6059.82959 0.0
6733.14404 0.004083
6734.01416 0.004377
6734.88379 0.004565
6735.75391 0.004641
6736.62402 0.004629
6737.49414 0.004574
6738.36377 0.004529
6739.23389 0.004545
6740.10400 0.004648
6740.97412 0.004834
6741.84277 0.005067
6742.71289 0.005291
6743.58301 0.005453
6744.45312 0.005519
6745.32178 0.005485
6746.19189 0.005377
6747.06201 0.005236
6747.93115 0.005107
6748.80078 0.005018
6749.66992 0.004979
6750.54004 0.004975
6751.40918 0.004985
6752.27881 0.004995
6753.14795 0.005006
6754.01807 0.005031
6754.88721 0.005087
6755.75586 0.005179
6756.62598 0.005303
6757.49512 0.005443
6758.36523 0.005584
6759.23389 0.005714
6760.10303 0.005833
6760.97217 0.005948
6761.84082 0.00607
6762.70996 0.006208
6763.58008 0.00636
6764.44922 0.006521
6765.31787 0.006679
6766.18701 0.006827
6767.05615 0.006959
6767.92480 0.007073
6768.79395 0.007163
6769.66309 0.007229
6770.53223 0.007275
6771.40088 0.007313
6772.27002 0.007361
6773.13916 0.007437
6774.00781 0.00755
6774.87598 0.007699
6775.74512 0.007878
6776.61377 0.008076
6777.48291 0.008281
6778.35205 0.008476
6779.22021 0.008642
6780.08887 0.008765
6780.95801 0.008841
6781.82617 0.008886
6782.69482 0.008933
6783.56299 0.009023
6784.43213 0.009186
6785.29980 0.009428
6786.16895 0.009729
6787.03711 0.010055
6787.90576 0.010372
6788.77393 0.010658
6789.64307 0.010905
6790.51123 0.011125
6791.37891 0.011333
6792.24805 0.011548
6793.11621 0.011778
6793.98389 0.012027
6794.85303 0.012283
6795.72119 0.012529
6796.58887 0.012744
6797.45703 0.012921
6798.32520 0.013065
6799.19287 0.013196
6800.06104 0.01334
6800.92920 0.013524
6801.79688 0.013759
6802.66602 0.014044
6803.53320 0.014367
6804.40088 0.014713
6805.26904 0.015072
6806.13721 0.015442
6807.00488 0.015831
6807.87305 0.016255
6808.74121 0.016727
6809.60791 0.017248
6810.47607 0.01781
6811.34424 0.018393
6812.21094 0.018979
6813.08008 0.019554
6813.94678 0.020106
6814.81396 0.02063
6815.68213 0.021124
6816.54980 0.021599
6817.41699 0.022075
6818.28516 0.022582
6819.15186 0.023151
6820.02002 0.023815
6820.88818 0.024588
6821.75488 0.025465
6822.62305 0.026411
6823.49023 0.027378
6824.35693 0.028326
6825.22510 0.029235
6826.09180 0.03012
6826.95898 0.031014
6827.82617 0.031959
6828.69287 0.03299
6829.56104 0.034119
6830.42822 0.035337
6831.29492 0.03662
6832.16211 0.037936
6833.02881 0.039265
6833.89600 0.040608
6834.76416 0.041988
6835.62988 0.043441
6836.49805 0.045011
6837.36523 0.04673
6838.23096 0.048608
6839.09912 0.050626
6839.96484 0.052742
6840.83203 0.054902
6841.69922 0.057069
6842.56592 0.05924
6843.43311 0.061447
6844.29883 0.063749
6845.16602 0.066193
6846.03320 0.068798
6846.89990 0.071538
6847.76611 0.074368
6848.63281 0.077238
6849.50000 0.080123
6850.36621 0.083027
6851.23291 0.085988
6852.09912 0.089063
6852.96582 0.092316
6853.83301 0.095804
6854.69922 0.099564
6855.56494 0.103611
6856.43213 0.107941
6857.29785 0.112532
6858.16504 0.117353
6859.03076 0.122378
6859.89697 0.12759
6860.76318 0.132987
6861.62988 0.138572
6862.49609 0.144349
6863.36182 0.150312
6864.22900 0.156451
6865.09424 0.162754
6865.95996 0.169216
6866.82715 0.175831
6867.69287 0.18259
6868.55908 0.189476
6869.42480 0.196471
6870.29102 0.203571
6871.15723 0.210798
6872.02295 0.218209
6872.88916 0.225876
6873.75488 0.23387
6874.62109 0.24223
6875.48584 0.250941
6876.35205 0.259927
6877.21777 0.269067
6878.08398 0.278233
6878.95020 0.287329
6879.81494 0.29631
6880.68115 0.305179
6881.54688 0.313964
6882.41309 0.322692
6883.27783 0.331385
6884.14404 0.340058
6885.00879 0.348712
6885.87500 0.357332
6886.74023 0.365888
6887.60596 0.374349
6888.47119 0.38269
6889.33691 0.390905
6890.20215 0.399003
6891.06689 0.406991
6891.93311 0.414849
6892.79785 0.422525
6893.66406 0.429941
6894.52881 0.437012
6895.39404 0.443677
6896.25879 0.449908
6897.12500 0.455725
6897.99023 0.461178
6898.85498 0.466333
6899.72021 0.471245
6900.58496 0.47594
6901.45020 0.480415
6902.31494 0.484644
6903.18018 0.488592
6904.04492 0.492226
6904.91113 0.49552
6905.77490 0.498473
6906.64014 0.50112
6907.50488 0.503544
6908.37012 0.505855
6909.23486 0.50815
6910.10010 0.510476
6910.96484 0.512812
6911.83008 0.515078
6912.69385 0.517175
6913.55908 0.519029
6914.42383 0.520626
6915.28809 0.522016
6916.15283 0.52328
6917.01807 0.5245
6917.88184 0.525725
6918.74707 0.526964
6919.61084 0.528193
6920.47607 0.529385
6921.33984 0.530523
6922.20508 0.531613
6923.06885 0.532679
6923.93408 0.533757
6924.79785 0.534872
6925.66309 0.53603
6926.52686 0.537208
6927.39111 0.538361
6928.25488 0.53943
6929.12012 0.540359
6929.98389 0.541121
6930.84814 0.541728
6931.71191 0.542245
6932.57715 0.542764
6933.44092 0.543385
6934.30518 0.544187
6935.16895 0.545205
6936.03320 0.546431
6936.89697 0.547817
6937.76123 0.54929
6938.62500 0.550787
6939.48877 0.552276
6940.35303 0.553774
6941.21680 0.555342
6942.08105 0.557047
6942.94482 0.558921
6943.80908 0.560935
6944.67188 0.562994
6945.53613 0.564979
6946.39990 0.566793
6947.26416 0.568396
6948.12695 0.569829
6948.99121 0.5712
6949.85400 0.572648
6950.71777 0.574289
6951.58203 0.576184
6952.44482 0.578308
6953.30908 0.580581
6954.17188 0.582897
6955.03613 0.585176
6955.89893 0.587377
6956.76318 0.589501
6957.62598 0.591583
6958.49023 0.593679
6959.35400 0.595857
6960.21680 0.598178
6961.08008 0.600678
6961.94287 0.603345
6962.80713 0.606121
6963.66992 0.608925
6964.53320 0.611697
6965.39600 0.614419
6966.25879 0.617121
6967.12305 0.619853
6967.98584 0.62267
6968.84912 0.625609
6969.71191 0.628689
6970.57520 0.631904
6971.43799 0.635227
6972.30078 0.638595
6973.16406 0.641928
6974.02686 0.645146
6974.89014 0.648214
6975.75195 0.651165
6976.61621 0.654097
6977.47900 0.657132
6978.34082 0.660349
6979.20410 0.663747
6980.06689 0.667235
6980.93018 0.670674
6981.79199 0.67393
6982.65479 0.676935
6983.51807 0.679701
6984.37988 0.68231
6985.24316 0.684874
6986.10498 0.687487
6986.96777 0.69019
6987.83105 0.692948
6988.69287 0.695673
6989.55615 0.698262
6990.41797 0.700644
6991.27979 0.702807
6992.14307 0.704789
6993.00488 0.706628
6993.86816 0.708322
6994.72998 0.709793
6995.59180 0.710905
6996.45508 0.711504
6997.31689 0.711475
6998.17920 0.710797
6999.04102 0.709553
6999.90283 0.707904
7000.76611 0.706019
7001.62695 0.704003
7002.49023 0.701851
7003.35205 0.699467
7004.21387 0.696704
7005.07617 0.693424
7005.93799 0.689531
7006.79980 0.684972
7007.66211 0.679726
7008.52393 0.673792
7009.38623 0.667178
7010.24805 0.659901
7011.10889 0.65198
7011.97119 0.643431
7012.83301 0.634274
7013.69482 0.624545
7014.55713 0.614297
7015.41797 0.603594
7016.27979 0.592496
7017.14209 0.581044
7018.00293 0.56926
7018.86523 0.557149
7019.72705 0.544718
7020.58789 0.531986
7021.45020 0.518991
7022.31104 0.505777
7023.17188 0.49239
7024.03418 0.478859
7024.89600 0.465199
7025.75684 0.451423
7026.61816 0.437549
7027.47900 0.423622
7028.34082 0.409711
7029.20215 0.395903
7030.06299 0.382275
7030.92480 0.368874
7031.78613 0.355702
7032.64697 0.342739
7033.50781 0.329973
7034.37012 0.317431
7035.22998 0.305165
7036.09180 0.293235
7036.95312 0.281674
7037.81396 0.270481
7038.67480 0.259635
7039.53613 0.249116
7040.39697 0.238927
7041.25781 0.229087
7042.11914 0.219625
7042.97900 0.210555
7043.83984 0.201875
7044.70117 0.193561
7045.56201 0.185585
7046.42285 0.177923
7047.28418 0.170561
7048.14502 0.163497
7049.00488 0.156734
7049.86621 0.15027
7050.72705 0.144094
7051.58691 0.138186
7052.44824 0.132525
7053.30908 0.127099
7054.16895 0.121908
7055.02979 0.116954
7055.89014 0.112232
7056.75000 0.10773
7057.61084 0.103427
7058.47217 0.099304
7059.33203 0.095358
7060.19189 0.091597
7061.05322 0.088034
7061.91309 0.08468
7062.77295 0.081525
7063.63379 0.078539
7064.49414 0.075674
7065.35400 0.072883
7066.21387 0.070142
7067.07520 0.067454
7067.93506 0.06485
7068.79492 0.062371
7069.65479 0.060044
7070.51514 0.057873
7071.37500 0.055836
7072.23486 0.053903
7073.09521 0.052049
7073.95508 0.050269
7074.81494 0.048573
7075.67480 0.046974
7076.53516 0.045476
7077.39502 0.044064
7078.25488 0.042705
7079.11377 0.041371
7079.97412 0.040043
7080.83398 0.03872
7081.69385 0.037417
7082.55420 0.036154
7083.41309 0.034948
7084.27295 0.033809
7085.13281 0.032739
7085.99219 0.031738
7086.85205 0.030807
7087.71094 0.029945
7088.57080 0.029155
7089.43115 0.028435
7090.29004 0.027776
7091.14893 0.02716
7092.00879 0.026555
7092.86816 0.025928
7093.72803 0.025252
7094.58691 0.024517
7095.44580 0.023735
7096.30615 0.022933
7097.16504 0.022141
7098.02393 0.021384
7098.88281 0.020683
7099.74316 0.020051
7100.60205 0.019497
7101.46094 0.019022
7102.31982 0.018617
7103.17920 0.018262
7104.03906 0.017936
7104.89697 0.017614
7105.75586 0.017282
7106.61621 0.016933
7107.47510 0.016568
7108.33301 0.016189
7109.19189 0.015801
7110.05078 0.015408
7110.91016 0.015011
7111.76904 0.014607
7112.62793 0.014198
7113.48682 0.013786
7114.34619 0.01338
7115.20410 0.012993
7116.06299 0.012638
7116.92188 0.012323
7117.77979 0.012049
7118.63916 0.011812
7119.49805 0.011605
7120.35596 0.011421
7121.21484 0.011257
7122.07324 0.01111
7122.93213 0.010982
7123.79102 0.010871
7124.64893 0.010774
7125.50684 0.010681
7126.36621 0.010582
7127.22412 0.010466
7128.08301 0.010325
7128.94092 0.010158
7129.79883 0.009967
7130.65723 0.009756
7131.51611 0.009533
7132.37402 0.009305
7133.23193 0.009076
7134.08984 0.00885
7134.94922 0.008627
7135.80713 0.008406
7136.66504 0.008182
7137.52295 0.007955
7138.38086 0.007728
7139.23877 0.007511
7140.09717 0.007315
7140.95508 0.00715
7141.81299 0.007018
7142.67090 0.006916
7143.52881 0.006839
7144.38721 0.00678
7145.24512 0.006731
7146.10303 0.006682
7146.95996 0.006624
7147.81787 0.006542
7148.67578 0.006432
7149.53418 0.006295
7150.39111 0.00614
7151.24902 0.005983
7152.10596 0.005834
7152.96387 0.005703
7153.82178 0.005593
7154.67920 0.005507
7155.53711 0.005444
7156.39502 0.005394
7157.25195 0.005343
7158.10889 0.00527
7158.96680 0.00516
7159.82422 0.005012
7160.68213 0.00484
7161.53906 0.004672
7162.39600 0.00454
7163.25391 0.004464
7164.11084 0.004449
7164.96777 0.004476
7165.82617 0.004521
7166.68311 0.004561
7167.54004 0.004584
7168.39697 0.00459
7169.25391 0.004586
7170.11084 0.004577
7170.96924 0.004564
7171.82617 0.004541
7172.68311 0.004498
7173.54004 0.004427
7174.39600 0.004325
7175.25293 0.004197
7176.10986 0.004056
7893.72070 0.0
