threeML/data/optical_filters/CAHA/CAHA-f_412_36.ecsv
# %ECSV 0.9
# ---
# datatype:
# - {name: wavelength, unit: Angstrom, datatype: float32}
# - {name: response, datatype: float32}
# meta: !!omap
# - {band_name: f_412_36}
# - {group_name: CAHA}
wavelength response
3357.81714 0.0
3730.90796 0.004006
3734.15210 0.004311
3737.39600 0.004626
3740.63892 0.004952
3743.88403 0.005288
3747.12695 0.005634
3750.37207 0.00599
3753.61597 0.006356
3756.86011 0.006732
3760.10400 0.007118
3763.34790 0.007514
3766.59204 0.00792
3769.83594 0.008335
3773.08105 0.008765
3776.32495 0.009205
3779.56909 0.009664
3782.81396 0.010141
3786.05811 0.010652
3789.30200 0.011205
3792.54712 0.011822
3795.79102 0.012521
3799.03589 0.01333
3802.28003 0.014276
3805.52490 0.015381
3808.77002 0.01666
3812.01392 0.018128
3815.25903 0.019775
3818.50293 0.021598
3821.74805 0.023576
3824.99292 0.025687
3828.23804 0.027904
3831.48193 0.030189
3834.72705 0.032511
3837.97192 0.034814
3841.21704 0.037064
3844.46191 0.039205
3847.70703 0.0412
3850.95190 0.043016
3854.19702 0.044631
3857.44189 0.046029
3860.68701 0.04722
3863.93188 0.048221
3867.17700 0.049069
3870.42310 0.049821
3873.66797 0.050548
3876.91309 0.05134
3880.15796 0.052292
3883.40405 0.053501
3886.64893 0.055035
3889.89404 0.056964
3893.13989 0.059303
3896.38501 0.062051
3899.62988 0.06515
3902.87598 0.068527
3906.12109 0.072103
3909.36694 0.075783
3912.61304 0.079493
3915.85791 0.083179
3919.10400 0.086796
3922.35010 0.090323
3925.59497 0.093742
3928.84106 0.097034
3932.08691 0.10019
3935.33301 0.103194
3938.57788 0.106062
3941.82397 0.108812
3945.07007 0.111498
3948.31592 0.114184
3951.56201 0.11693
3954.80811 0.119782
3958.05396 0.122746
3961.30005 0.12577
3964.54590 0.128777
3967.79199 0.131656
3971.03906 0.134308
3974.28491 0.136663
3977.53101 0.138708
3980.77710 0.140476
3984.02393 0.14205
3987.27002 0.143526
3990.51611 0.144986
3993.76294 0.146497
3997.00903 0.148087
4000.25610 0.149764
4003.50195 0.151511
4006.74902 0.15329
4009.99512 0.155077
4013.24194 0.156832
4016.48901 0.158552
4019.73511 0.160224
4022.98193 0.161869
4026.22900 0.163523
4029.47510 0.165224
4032.72192 0.167006
4035.96899 0.16888
4039.21606 0.170833
4042.46289 0.17283
4045.70996 0.174818
4048.95703 0.176733
4052.20410 0.178523
4055.45093 0.180132
4058.69800 0.181528
4061.94507 0.18268
4065.19189 0.183574
4068.43896 0.184197
4071.68701 0.184548
4074.93408 0.184642
4078.18091 0.184504
4081.42798 0.18418
4084.67603 0.183726
4087.92310 0.183198
4091.17090 0.18265
4094.41797 0.182118
4097.66602 0.181613
4100.91309 0.181137
4104.16113 0.180677
4107.40820 0.180214
4110.65576 0.179733
4113.90381 0.179224
4117.15088 0.178675
4120.39893 0.178085
4123.64697 0.177436
4126.89502 0.176704
4130.14307 0.175867
4133.39014 0.174888
4136.63818 0.173752
4139.88623 0.172445
4143.13379 0.170978
4146.38184 0.16938
4149.62988 0.167688
4152.87793 0.165951
4156.12598 0.164205
4159.37500 0.162474
4162.62305 0.160765
4165.87109 0.159053
4169.12012 0.157308
4172.36816 0.155479
4175.61621 0.153522
4178.86523 0.151418
4182.11279 0.149175
4185.36182 0.146842
4188.60986 0.144501
4191.85791 0.142245
4195.10693 0.140165
4198.35596 0.138317
4201.60400 0.136715
4204.85303 0.135338
4208.10205 0.134131
4211.35107 0.133025
4214.60010 0.131957
4217.84814 0.130882
4221.09717 0.129791
4224.34619 0.128699
4227.59521 0.12764
4230.84424 0.126648
4234.09277 0.125747
4237.34180 0.124936
4240.59082 0.124182
4243.83984 0.123435
4247.08984 0.122632
4250.33887 0.121704
4253.58789 0.120604
4256.83691 0.119313
4260.08691 0.117829
4263.33594 0.116181
4266.58496 0.114413
4269.83496 0.112574
4273.08398 0.110717
4276.33398 0.108882
4279.58301 0.107094
4282.83301 0.105364
4286.08301 0.10368
4289.33301 0.102016
4292.58203 0.100331
4295.83203 0.098585
4299.08203 0.09675
4302.33203 0.094809
4305.58203 0.092775
4308.83105 0.090679
4312.08105 0.088569
4315.33105 0.086495
4318.58105 0.084491
4321.83203 0.082576
4325.08203 0.08074
4328.33203 0.078965
4331.58203 0.077226
4334.83203 0.075504
4338.08203 0.073796
4341.33301 0.072127
4344.58301 0.070517
4347.83301 0.069008
4351.08301 0.067625
4354.33398 0.066371
4357.58398 0.065232
4360.83496 0.064174
4364.08594 0.063147
4367.33594 0.062104
4370.58691 0.061003
4373.83789 0.059816
4377.08789 0.058536
4380.33887 0.057169
4383.58984 0.055738
4386.84082 0.054276
4390.09180 0.052816
4393.34277 0.051384
4396.59424 0.050007
4399.84521 0.048696
4403.09619 0.047466
4406.34717 0.046322
4409.59814 0.045276
4412.84912 0.044338
4416.10107 0.043518
4419.35205 0.04282
4422.60303 0.042235
4425.85400 0.041748
4429.10596 0.041331
4432.35693 0.040949
4435.60889 0.040585
4438.85986 0.040226
4442.11182 0.039871
4445.36279 0.039525
4448.61523 0.039199
4451.86719 0.038892
4455.11816 0.038591
4458.37012 0.038267
4461.62207 0.037883
4464.87402 0.03739
4468.12500 0.036753
4471.37695 0.035949
4474.62891 0.034969
4477.88086 0.033832
4481.13379 0.032575
4484.38623 0.031247
4487.63818 0.029904
4490.89014 0.028601
4494.14209 0.027386
4497.39502 0.026288
4500.64697 0.025325
4503.89893 0.024497
4507.15088 0.023797
4510.40381 0.023217
4513.65576 0.022742
4516.90918 0.022365
4520.16211 0.022079
4523.41406 0.021872
4526.66699 0.021728
4529.91895 0.021629
4533.17188 0.021551
4536.42480 0.021461
4539.67822 0.021329
4542.93115 0.02113
4546.18408 0.020845
4549.43701 0.020469
4552.68896 0.020013
4555.94189 0.019497
4559.19482 0.018954
4562.44922 0.018411
4565.70215 0.017896
4568.95508 0.017415
4572.20801 0.016966
4575.46094 0.016543
4578.71484 0.016127
4581.96777 0.015704
4585.22217 0.015265
4588.47510 0.014797
4591.72900 0.014299
4594.98193 0.013771
4598.23584 0.013219
4601.48877 0.012657
4604.74316 0.012101
4607.99707 0.011573
4611.25000 0.011083
4614.50391 0.010645
4617.75781 0.010258
4621.01221 0.009914
4624.26611 0.009603
4627.52002 0.009312
4630.77393 0.009035
4634.02783 0.008774
4637.28223 0.008536
4640.53711 0.008339
4643.79102 0.008199
4647.04492 0.00813
4650.29883 0.008141
4653.55420 0.008232
4656.80811 0.008389
4660.06299 0.008592
4663.31689 0.008811
4666.57080 0.009014
4669.82617 0.009168
4673.08105 0.009248
4676.33496 0.009233
4679.58984 0.009116
4682.84521 0.008903
4686.10010 0.008606
4689.35400 0.008253
4692.60889 0.007872
4695.86377 0.007492
4699.11914 0.007139
4702.37500 0.006828
4705.62891 0.006563
4708.88379 0.006338
4712.14014 0.006147
4715.39502 0.005976
4718.64990 0.005817
4721.90479 0.005666
4725.16113 0.005522
4728.41602 0.005388
4731.67188 0.005266
4734.92676 0.005159
4738.18311 0.005066
4741.43799 0.004979
4744.69385 0.00489
4747.95020 0.004791
4751.20508 0.004678
4754.46094 0.004555
4757.71680 0.004436
4760.97314 0.004338
4764.22900 0.004288
4767.48389 0.004303
4770.74121 0.004396
4773.99707 0.004564
4777.25195 0.004792
4780.50879 0.005053
4783.76514 0.005314
4787.02100 0.005533
4790.27686 0.005675
4793.53418 0.005712
4796.79004 0.005632
4800.04688 0.005435
4803.30322 0.005142
4806.56006 0.004782
4809.81592 0.00439
5290.79736 0.0
