threeML/data/optical_filters/CAHA/CAHA-f_873_2.ecsv
# %ECSV 0.9
# ---
# datatype:
# - {name: wavelength, unit: Angstrom, datatype: float32}
# - {name: response, datatype: float32}
# meta: !!omap
# - {band_name: f_873_2}
# - {group_name: CAHA}
wavelength response
7811.56152 0.0
8679.51270 0.004002
8679.77539 0.004026
8680.03809 0.004051
8680.30176 0.004076
8680.56445 0.0041
8680.82715 0.004125
8681.08984 0.00415
8681.35352 0.004175
8681.61621 0.0042
8681.87891 0.004225
8682.14160 0.00425
8682.40527 0.004275
8682.66797 0.004301
8682.93066 0.004326
8683.19336 0.004352
8683.45605 0.004377
8683.71973 0.004403
8683.98242 0.004429
8684.24512 0.004454
8684.50781 0.00448
8684.77148 0.004506
8685.03418 0.004532
8685.29688 0.004558
8685.55957 0.004585
8685.82324 0.004611
8686.08594 0.004637
8686.34863 0.004664
8686.61133 0.00469
8686.87402 0.004717
8687.13770 0.004744
8687.40039 0.00477
8687.66309 0.004797
8687.92578 0.004824
8688.18848 0.004851
8688.45215 0.004878
8688.71484 0.004905
8688.97754 0.004933
8689.24023 0.00496
8689.50293 0.004987
8689.76660 0.005015
8690.02930 0.005042
8690.29199 0.00507
8690.55469 0.005098
8690.81738 0.005125
8691.08105 0.005153
8691.34375 0.005181
8691.60645 0.005209
8691.86914 0.005237
8692.13184 0.005266
8692.39648 0.005294
8692.65820 0.005322
8692.92090 0.005351
8693.18359 0.005379
8693.44629 0.005408
8693.70898 0.005436
8693.97266 0.005497
8694.23535 0.005545
8694.49805 0.005596
8694.76074 0.005652
8695.02344 0.005712
8695.28711 0.005776
8695.54980 0.005844
8695.81348 0.005917
8696.07520 0.005993
8696.33789 0.006073
8696.60059 0.006158
8696.86328 0.006246
8697.12695 0.006292
8697.38965 0.006442
8697.65234 0.006643
8697.91504 0.00687
8698.17773 0.007107
8698.44043 0.007345
8698.70410 0.007593
8698.96680 0.007868
8699.22852 0.008186
8699.49219 0.008557
8699.75488 0.008975
8700.01758 0.009426
8700.28027 0.009888
8700.54395 0.010334
8700.80664 0.010742
8701.06934 0.011099
8701.33203 0.011413
8701.59473 0.011717
8701.85742 0.012049
8702.12012 0.01243
8702.38281 0.012855
8702.64648 0.013294
8702.90918 0.013717
8703.17188 0.014122
8703.43457 0.014531
8703.69727 0.014982
8703.95996 0.015507
8704.22266 0.016117
8704.48535 0.016804
8704.74902 0.017553
8705.01172 0.018355
8705.27441 0.019202
8705.53711 0.020098
8705.79980 0.021041
8706.06348 0.022021
8706.32520 0.02302
8706.58789 0.024008
8706.85059 0.024955
8707.11426 0.025846
8707.37695 0.026699
8707.63965 0.027564
8707.90234 0.028522
8708.16504 0.029649
8708.42773 0.030999
8708.69043 0.032582
8708.95312 0.034365
8709.21582 0.036294
8709.47852 0.03832
8709.74121 0.040433
8710.00488 0.042667
8710.26758 0.04509
8710.53027 0.047776
8710.79297 0.05078
8711.05566 0.054124
8711.31836 0.057792
8711.58105 0.061752
8711.84375 0.065967
8712.10645 0.070408
8712.36914 0.075054
8712.63184 0.079892
8712.89453 0.08492
8713.15723 0.090155
8713.41992 0.095646
8713.68359 0.101457
8713.94629 0.107666
8714.20898 0.11434
8714.47168 0.121523
8714.73438 0.129243
8714.99707 0.137508
8715.25977 0.146311
8715.52246 0.155626
8715.78516 0.165412
8716.04785 0.175615
8716.31055 0.186172
8716.57324 0.197018
8716.83594 0.208091
8717.09863 0.219357
8717.36133 0.230814
8717.62402 0.242496
8717.88672 0.254428
8718.14941 0.26659
8718.41211 0.278896
8718.67480 0.29121
8718.93848 0.303383
8719.20117 0.315292
8719.46387 0.326861
8719.72656 0.33805
8719.98926 0.348836
8720.25195 0.359187
8720.51465 0.369043
8720.77734 0.378332
8721.04004 0.386985
8721.30273 0.394974
8721.56543 0.402303
8721.82812 0.408989
8722.09082 0.415028
8722.35352 0.420407
8722.61621 0.425119
8722.87891 0.429185
8723.14160 0.432641
8723.40430 0.435515
8723.66699 0.437819
8723.92969 0.439558
8724.19238 0.440771
8724.45508 0.44156
8724.71777 0.442073
8724.98047 0.442459
8725.24316 0.442797
8725.50586 0.443049
8725.76855 0.443061
8726.03125 0.442609
8726.29395 0.441482
8726.55664 0.43955
8726.81934 0.436796
8727.08203 0.433289
8727.34473 0.429155
8727.60742 0.424498
8727.87012 0.419383
8728.13281 0.413804
8728.39648 0.407716
8728.65820 0.401052
8728.92090 0.393744
8729.18359 0.385738
8729.44629 0.377008
8729.70898 0.36758
8729.97168 0.357528
8730.23340 0.346953
8730.49609 0.335952
8730.75879 0.324585
8731.02148 0.312887
8731.28418 0.300895
8731.54688 0.288685
8731.80957 0.276365
8732.07227 0.264064
8732.33496 0.251889
8732.59766 0.239902
8732.86035 0.22813
8733.12305 0.216572
8733.38574 0.205239
8733.64844 0.194141
8733.91113 0.183306
8734.17383 0.172768
8734.43652 0.162573
8734.69922 0.152798
8734.96191 0.143535
8735.22461 0.134878
8735.48730 0.126885
8735.74902 0.119553
8736.01172 0.112806
8736.27441 0.106517
8736.53711 0.100545
8736.79980 0.094777
8737.06348 0.089166
8737.32520 0.083739
8737.58789 0.07858
8737.85059 0.073779
8738.11328 0.069385
8738.37598 0.06538
8738.63867 0.061689
8738.90137 0.058219
8739.16406 0.054905
8739.42578 0.051728
8739.68848 0.048709
8739.95117 0.045884
8740.21387 0.043275
8740.47656 0.040881
8740.73926 0.038687
8741.00195 0.036673
8741.26465 0.034823
8741.52734 0.033126
8741.79004 0.03157
8742.05273 0.030149
8742.31445 0.028856
8742.57715 0.027684
8742.83984 0.026609
8743.10254 0.025587
8743.36523 0.024569
8743.62793 0.023522
8743.89062 0.022439
8744.15332 0.021344
8744.41602 0.020278
8744.67773 0.019279
8744.94043 0.018379
8745.20312 0.0176
8745.46582 0.016958
8745.72852 0.016457
8745.99121 0.016082
8746.25391 0.015795
8746.51660 0.015532
8746.77832 0.015226
8747.04102 0.014828
8747.30371 0.014325
8747.56641 0.013742
8747.82910 0.013126
8748.09180 0.01252
8748.35352 0.011948
8748.61719 0.011411
8748.87891 0.010901
8749.14160 0.010414
8749.40430 0.009956
8749.66699 0.009546
8749.92969 0.009208
8750.19238 0.008959
8750.45508 0.0088
8750.71680 0.008711
8750.97852 0.008651
8751.24219 0.008572
8751.50488 0.008435
8751.76758 0.008217
8752.03027 0.007917
8752.29199 0.007565
8752.55469 0.007256
8752.81738 0.007209
8753.08008 0.007161
8753.34277 0.007114
8753.60547 0.007066
8753.86719 0.007019
8754.12988 0.006973
8754.39258 0.006926
8754.65527 0.00688
8754.91797 0.006833
8755.18066 0.006787
8755.44238 0.006741
8755.70508 0.006696
8755.96777 0.00665
8756.23047 0.006605
8756.49316 0.00656
8756.75586 0.006515
8757.01758 0.00647
8757.28027 0.006426
8757.54297 0.006381
8757.80566 0.006337
8758.06836 0.006293
8758.33008 0.00625
8758.59277 0.006206
8758.85547 0.006163
8759.11816 0.006119
8759.38086 0.006076
8759.64258 0.006034
8759.90527 0.005991
8760.16797 0.005949
8760.43066 0.005906
8760.69336 0.005864
8760.95508 0.005823
8761.21777 0.005781
8761.48047 0.005739
8761.74316 0.005698
8762.00586 0.005657
8762.26758 0.005616
8762.53027 0.005576
8762.79297 0.005535
8763.05566 0.005495
8763.31738 0.005455
8763.58008 0.005415
8763.84277 0.005375
8764.10547 0.005336
8764.36816 0.005296
8764.62988 0.005257
8764.89258 0.005218
8765.15527 0.005179
8765.41797 0.005141
8765.67969 0.005102
8765.94238 0.005064
8766.20508 0.005026
8766.46777 0.004988
8766.72852 0.004951
8766.99219 0.004913
8767.25488 0.004876
8767.51758 0.004839
8767.77930 0.004802
8768.04199 0.004766
8768.30469 0.004729
8768.56738 0.004693
8768.83008 0.004657
8769.09180 0.004621
8769.35352 0.004585
8769.61719 0.00455
8769.87891 0.004514
8770.14160 0.004479
8770.40430 0.004444
8770.66699 0.00441
8770.92871 0.004375
8771.19141 0.004341
8771.45410 0.004307
8771.71680 0.004264
8771.97852 0.004239
8772.24121 0.004214
8772.50391 0.004189
8772.76660 0.004163
8773.02832 0.004139
8773.29102 0.004114
8773.55371 0.004089
8773.81543 0.004064
8774.07812 0.004039
8774.34082 0.004015
9651.77539 0.0
