threeML/data/optical_filters/CAHA/CAHA-f_454_83.ecsv
# %ECSV 0.9
# ---
# datatype:
# - {name: wavelength, unit: Angstrom, datatype: float32}
# - {name: response, datatype: float32}
# meta: !!omap
# - {band_name: f_454_83}
# - {group_name: CAHA}
wavelength response
[from data line 806]
5159.91992 0.184999
5161.97998 0.183747
5164.04004 0.183151
5166.10010 0.179308
5168.16016 0.179119
5170.22021 0.177142
5172.27979 0.176843
5174.33984 0.174293
5176.39990 0.172381
5178.45996 0.170157
5180.52002 0.169685
5182.58008 0.166568
5184.64014 0.165978
5186.70020 0.165655
5188.75977 0.163006
5190.81982 0.161779
5192.87988 0.160339
5194.93994 0.1574
5197.00000 0.157338
5199.06006 0.154777
5201.12012 0.153242
5203.18018 0.152343
5205.24023 0.149694
5207.29980 0.148738
5209.35986 0.148274
5211.41992 0.145457
5213.47998 0.144759
5215.54004 0.143076
5217.60010 0.140858
5219.66016 0.140554
5221.72021 0.139985
5223.77979 0.136923
5225.83984 0.135819
5227.89990 0.134024
5229.95996 0.132403
5232.02002 0.131299
5234.08008 0.129837
5236.14014 0.128106
5238.20020 0.126687
5240.25977 0.12457
5242.31982 0.124415
5244.37988 0.123942
5246.43994 0.121681
5248.50000 0.1207
5250.56006 0.11852
5252.62012 0.116946
5254.68018 0.116653
5256.74023 0.113753
5258.79980 0.113098
5260.85986 0.112734
5262.91992 0.111958
5264.97998 0.11047
5267.04004 0.1103
5269.10010 0.108325
5271.16016 0.108212
5273.22021 0.105648
5275.27979 0.104139
5277.33984 0.102923
5279.39990 0.102389
5281.45996 0.101477
5283.52002 0.099655
5285.58008 0.099235
5287.64014 0.098607
5289.70020 0.097588
5291.75977 0.095847
5293.81982 0.095737
5295.87988 0.093429
5297.93994 0.093429
5300.00000 0.092844
5302.06006 0.092738
5304.12012 0.090842
5306.18018 0.08983
5308.24023 0.089433
5310.29980 0.088574
5312.35986 0.088413
5314.41992 0.088413
5316.47998 0.087242
5318.54004 0.086401
5320.60010 0.086273
5322.66016 0.084269
5324.72021 0.083952
5326.77979 0.083882
5328.83984 0.083654
5330.89990 0.082482
5332.95996 0.082206
5335.02002 0.081325
5337.08008 0.08079
5339.14014 0.080747
5341.20020 0.080708
5343.25977 0.080618
5345.31982 0.079073
5347.37988 0.078532
5349.43994 0.078487
5351.50000 0.077932
5353.56006 0.077844
5355.62012 0.077103
5357.68018 0.07673
5359.74023 0.076145
5361.79980 0.07579
5363.85986 0.075519
5365.91992 0.075101
5367.97998 0.074889
5370.04004 0.074814
5372.10010 0.074814
5374.16016 0.074464
5376.22021 0.073687
5378.27979 0.073514
5380.33984 0.073314
5382.39990 0.072851
5384.45996 0.072851
5386.52002 0.072717
5388.58008 0.072717
5390.64014 0.072559
5392.70020 0.072382
5394.75977 0.072313
5396.81982 0.072313
5398.87988 0.071693
5400.93994 0.071693
5403.00000 0.071693
5405.06006 0.071693
5407.12012 0.071693
5409.18018 0.071475
5411.24023 0.071475
5413.29980 0.071051
5415.35986 0.071051
5417.41992 0.071051
5419.47998 0.071016
5421.54004 0.071016
5423.60010 0.071069
5425.66016 0.071016
5427.72021 0.070892
5429.77979 0.071161
5431.83984 0.07153
5433.89990 0.071531
5435.95996 0.071531
5438.02002 0.071558
5440.08008 0.071593
5442.14014 0.071785
5444.20020 0.072006
5446.25977 0.072272
5448.31982 0.07258
5450.37988 0.072699
5452.43994 0.072912
5454.50000 0.073474
5456.56006 0.073576
5458.62012 0.073784
5460.68018 0.073784
5462.74023 0.073925
5464.79980 0.074383
5466.85986 0.074499
5468.91992 0.074656
5470.97998 0.075862
5473.04004 0.075881
5475.10010 0.075981
5477.16016 0.076008
5479.22021 0.076781
5481.27979 0.077598
5483.33984 0.077648
5485.39990 0.077927
5487.45996 0.078386
5489.52002 0.078619
5491.58008 0.078634
5493.64014 0.079229
5495.70020 0.079828
5497.75977 0.080362
5499.81982 0.080458
5501.87988 0.080764
5503.93994 0.080799
5506.00000 0.081611
5508.06006 0.082365
5510.12012 0.082431
5512.18018 0.082647
5514.24023 0.082882
5516.29980 0.082959
5518.35986 0.083606
5520.41992 0.083897
5522.47998 0.08442
5524.54004 0.08529
5526.60010 0.085939
5528.66016 0.086093
5530.72021 0.086098
5532.77979 0.086499
5534.83984 0.086785
5536.89990 0.087372
5538.95996 0.087514
5541.02002 0.087973
5543.08008 0.087979
5545.14014 0.087973
5547.20020 0.087979
5549.25977 0.087973
5551.31982 0.088395
5553.37988 0.088678
5555.43994 0.088678
5557.50000 0.088678
5559.56006 0.088779
5561.62012 0.088963
5563.68018 0.089324
5565.74023 0.0894
5567.79980 0.0894
5569.85986 0.0894
5571.91992 0.089324
5573.97998 0.089304
5576.04004 0.089303
5578.10010 0.089304
5580.16016 0.089303
5582.22021 0.089303
5584.27979 0.087903
5586.33984 0.087791
5588.39990 0.087791
5590.45996 0.087775
5592.52002 0.087775
5594.58008 0.087408
5596.64014 0.086968
5598.70020 0.086767
5600.75977 0.086391
5602.81982 0.085877
5604.87988 0.08559
5606.93994 0.085547
5609.00000 0.084434
5611.06006 0.084398
5613.12012 0.084326
5615.18018 0.08389
5617.24023 0.083287
5619.29980 0.082873
5621.35986 0.082687
5623.41992 0.08254
5625.47998 0.08254
5627.54004 0.08162
5629.60010 0.080589
5631.66016 0.079751
5633.72021 0.079211
5635.77979 0.078837
5637.83984 0.077922
5639.89990 0.077715
5641.95996 0.076716
5644.02002 0.076035
5646.08008 0.07595
5648.14014 0.075158
5650.20020 0.0741
5652.25977 0.073867
5654.31982 0.073287
5656.37988 0.072839
5658.43994 0.071542
5660.50000 0.0707
5662.56006 0.07065
5664.62012 0.069179
5666.68018 0.069116
5668.74023 0.067904
5670.79980 0.067862
5672.85986 0.066145
5674.91992 0.065235
5676.97998 0.064423
5679.04004 0.063997
5681.10010 0.063193
5683.16016 0.062621
5685.22021 0.06193
5687.27979 0.061564
5689.33984 0.05988
5691.39990 0.058978
5693.45996 0.058523
5695.52002 0.058083
5697.58008 0.056871
5699.64014 0.056553
5701.70020 0.055071
5703.75977 0.054244
5705.81982 0.053275
5707.87988 0.052929
5709.93994 0.051649
5712.00000 0.051075
5714.06006 0.049753
5716.12012 0.04944
5718.18018 0.049009
5720.24023 0.048487
5722.29980 0.047313
5724.35986 0.046301
5726.41992 0.045637
5728.47998 0.044321
5730.54004 0.04382
5732.60010 0.043751
5734.66016 0.042109
5736.72021 0.04166
5738.77979 0.040888
5740.83984 0.040084
5742.89990 0.038492
5744.95996 0.037978
5747.02002 0.037957
5749.08008 0.036833
5751.14014 0.036366
5753.20020 0.036011
5755.25977 0.034919
5757.31982 0.033722
5759.37988 0.033382
5761.43994 0.032834
5763.50000 0.031763
5765.56006 0.031003
5767.62012 0.030221
5769.68018 0.029709
5771.74023 0.02933
5773.79980 0.028716
5775.85986 0.028129
5777.91992 0.02742
5779.97998 0.026745
5782.04004 0.02619
5784.10010 0.025417
5786.16016 0.025352
5788.22021 0.02482
5790.27979 0.023576
5792.33984 0.023435
5794.39990 0.022723
5796.45996 0.021888
5798.52002 0.021729
5800.58008 0.02136
5802.64014 0.021083
5804.70020 0.020243
5806.75977 0.019842
5808.81982 0.019279
5810.87988 0.019094
5812.93994 0.0187
5815.00000 0.018139
5817.06006 0.017656
5819.12012 0.017027
5821.18018 0.016881
5823.24023 0.016706
5825.29980 0.01607
5827.35986 0.015372
5829.41992 0.015299
5831.47998 0.015231
5833.54004 0.014587
5835.60010 0.014405
5837.66016 0.014162
5839.72021 0.013727
5841.77979 0.013173
5843.83984 0.013085
5845.89990 0.013063
5847.95996 0.01279
5850.02002 0.012372
5852.08008 0.01236
5854.14014 0.011987
5856.20020 0.011769
5858.25977 0.011605
5860.31982 0.011289
5862.37988 0.011037
5864.43994 0.010883
5866.50000 0.010684
5868.56006 0.010635
5870.62012 0.010599
5872.68018 0.010131
5874.74023 0.00983
5876.79980 0.009777
5878.85986 0.009673
5880.91992 0.009493
5882.97998 0.009445
5885.04004 0.009445
5887.10010 0.009445
5889.16016 0.009346
5891.22021 0.009141
5893.27979 0.008791
5895.33984 0.008774
5897.39990 0.00851
5899.45996 0.00851
5901.52002 0.00848
5903.58008 0.00848
5905.64014 0.008164
5907.70020 0.008089
5909.75977 0.008047
5911.81982 0.007871
5913.87988 0.007871
5915.93994 0.007838
5918.00000 0.007782
5920.06006 0.007782
5922.12012 0.007737
5924.18018 0.007724
5926.24023 0.007625
5928.29980 0.007606
5930.35986 0.007549
5932.41992 0.007528
5934.47998 0.00744
5936.54004 0.007254
5938.60010 0.007388
5940.66016 0.007254
5942.72021 0.007182
5944.77979 0.007182
5946.83984 0.007121
5948.89990 0.007121
5950.95996 0.007121
5953.02002 0.007071
5955.08008 0.007071
5957.14014 0.006943
5959.20020 0.006943
5961.25977 0.006985
5963.31982 0.006985
5965.37988 0.006985
5967.43994 0.006985
5969.50000 0.006836
5971.56006 0.006751
5973.62012 0.006751
5975.68018 0.006751
5977.74023 0.006751
5979.79980 0.006664
5981.85986 0.006607
5983.91992 0.006541
5985.97998 0.006516
5988.04004 0.006485
5990.10010 0.006471
5992.16016 0.006485
5994.22021 0.006455
5996.27979 0.006377
5998.33984 0.006377
6000.39990 0.006379
6002.45996 0.00628
6004.52002 0.00618
6006.58008 0.006158
6008.64014 0.006158
6010.70020 0.006157
6012.75977 0.006093
6014.81982 0.006071
6016.87988 0.005961
6018.93994 0.005945
6021.00000 0.005898
6023.06006 0.00584
6025.12012 0.005804
6027.18018 0.00583
6029.24023 0.005804
6031.29980 0.005804
6033.35986 0.005784
6035.41992 0.00546
6037.47998 0.00546
6039.54004 0.005464
6041.60010 0.005431
6043.66016 0.005464
6045.72021 0.005464
6047.77979 0.005464
6049.83984 0.00534
6051.89990 0.00534
6053.95996 0.005216
6056.02002 0.005216
6058.08008 0.005172
6060.14014 0.005172
6062.20020 0.005159
6064.25977 0.005159
6066.31982 0.005114
6068.37988 0.005044
6070.43994 0.004936
6072.50000 0.004819
6074.56006 0.004804
6076.62012 0.004709
6078.68018 0.004702
6080.74023 0.004679
6082.79980 0.004622
6084.85986 0.004622
6086.91992 0.004442
6088.97998 0.004442
6091.04004 0.004433
6093.10010 0.004433
6095.16016 0.004433
6097.22021 0.004448
6099.27979 0.004409
6101.33984 0.004409
6103.39990 0.004409
6105.45996 0.004276
6107.52002 0.004161
6109.58008 0.004161
6111.64014 0.004111
6113.70020 0.004082
6115.75977 0.004
6727.33594 0.0
