threeML/data/optical_filters/CAHA/CAHA-f_624_11.ecsv
# %ECSV 0.9
# ---
# datatype:
# - {name: wavelength, unit: Angstrom, datatype: float32}
# - {name: response, datatype: float32}
# meta: !!omap
# - {band_name: f_624_11}
# - {group_name: CAHA}
wavelength response
[from data line 805]
6312.37988 0.19497
6312.64014 0.191028
6312.89990 0.186192
6313.16016 0.182057
6313.41992 0.178251
6313.68018 0.175468
6313.93994 0.171492
6314.20996 0.167535
6314.47021 0.164613
6314.72998 0.16099
6314.99023 0.157198
6315.25000 0.154746
6315.50977 0.151128
6315.77002 0.148227
6316.02979 0.145232
6316.29004 0.141962
6316.54980 0.138643
6316.81006 0.136139
6317.06982 0.133054
6317.33008 0.130719
6317.58984 0.127851
6317.85010 0.124474
6318.10986 0.122043
6318.37012 0.12005
6318.64014 0.11762
6318.89990 0.114917
6319.16016 0.112829
6319.41992 0.110239
6319.68018 0.108694
6319.93994 0.105623
6320.20020 0.103623
6320.45996 0.101732
6320.72021 0.099863
6320.97998 0.097839
6321.24023 0.095548
6321.50000 0.093868
6321.75977 0.091366
6322.02002 0.089976
6322.27979 0.08806
6322.54004 0.086414
6322.79980 0.085166
6323.06982 0.082393
6323.33008 0.08169
6323.58984 0.080065
6323.85010 0.078195
6324.10986 0.077187
6324.37012 0.075948
6324.62988 0.073792
6324.89014 0.072389
6325.14990 0.071034
6325.41016 0.069828
6325.66992 0.069027
6325.93018 0.066822
6326.18994 0.065746
6326.45020 0.064556
6326.70996 0.063415
6326.97021 0.062327
6327.22998 0.061344
6327.50000 0.060033
6327.75977 0.058583
6328.02002 0.057594
6328.27979 0.05612
6328.54004 0.055888
6328.79980 0.054608
6329.06006 0.05351
6329.31982 0.052712
6329.58008 0.051674
6329.83984 0.050384
6330.10010 0.0502
6330.35986 0.049047
6330.62012 0.047977
6330.87988 0.047027
6331.14014 0.046283
6331.39990 0.045575
6331.66992 0.044246
6331.93018 0.043885
6332.18994 0.043313
6332.45020 0.042515
6332.70996 0.041825
6332.97021 0.040879
6333.22998 0.040174
6333.49023 0.039494
6333.75000 0.038792
6334.00977 0.038152
6334.27002 0.037595
6334.52979 0.037144
6334.79004 0.035861
6335.04980 0.035563
6335.31006 0.035141
6335.56982 0.034509
6335.83008 0.03424
6336.10010 0.03356
6336.35986 0.032747
6336.62012 0.03226
6336.87988 0.031577
6337.14014 0.031218
6337.39990 0.030715
6337.66016 0.030488
6337.91992 0.029537
6338.18018 0.029108
6338.43994 0.028834
6338.70020 0.028428
6338.95996 0.027662
6339.22021 0.027486
6339.47998 0.027381
6339.74023 0.026539
6340.00000 0.026016
6340.27002 0.025809
6340.52979 0.025715
6340.79004 0.025174
6341.04980 0.024709
6341.31006 0.024094
6341.56982 0.023735
6341.83008 0.023447
6342.08984 0.023357
6342.35010 0.02291
6342.60986 0.022781
6342.87012 0.022191
6343.12988 0.021827
6343.39014 0.021451
6343.64990 0.021485
6343.91016 0.020928
6344.16992 0.020972
6344.43018 0.020423
6344.70020 0.020057
6344.95996 0.0197
6345.22021 0.019588
6345.47998 0.019082
6345.74023 0.018974
6346.00000 0.018927
6346.25977 0.018216
6346.52002 0.018326
6346.77979 0.018132
6347.04004 0.017715
6347.29980 0.017303
6347.56006 0.017091
6347.81982 0.017079
6348.08008 0.016703
6348.33984 0.016549
6348.60010 0.016353
6348.85986 0.015977
6349.12988 0.016089
6349.39014 0.015881
6349.64990 0.015695
6349.91016 0.015265
6350.16992 0.015378
6350.43018 0.014914
6350.68994 0.01474
6350.95020 0.01453
6351.20996 0.014327
6351.47021 0.014117
6351.72998 0.014303
6351.99023 0.014122
6352.25000 0.013709
6352.50977 0.01341
6352.77002 0.013411
6353.02979 0.013243
6353.29004 0.013122
6353.56006 0.012759
6353.81982 0.012748
6354.08008 0.012597
6354.33984 0.012417
6354.60010 0.012413
6354.85986 0.01223
6355.12012 0.012082
6355.37988 0.011975
6355.64014 0.011789
6355.89990 0.011611
6356.16016 0.01124
6356.41992 0.011356
6356.68018 0.011227
6356.93994 0.01117
6357.20020 0.011023
6357.45996 0.01088
6357.72998 0.010725
6357.99023 0.010771
6358.25000 0.010646
6358.50977 0.010503
6358.77002 0.010289
6359.02979 0.010216
6359.29004 0.010153
6359.54980 0.009946
6359.81006 0.009965
6360.06982 0.009731
6360.33008 0.009624
6360.58984 0.009591
6360.85010 0.009443
6361.10986 0.009128
6361.37012 0.009241
6361.62988 0.009118
6361.89990 0.009135
6362.16016 0.008614
6362.41992 0.008784
6362.68018 0.008726
6362.93994 0.008576
6363.20020 0.008539
6363.45996 0.008591
6363.72021 0.008479
6363.97998 0.008361
6364.24023 0.00831
6364.50000 0.008071
6364.75977 0.008232
6365.02002 0.008131
6365.27979 0.007937
6365.54004 0.007852
6365.79980 0.007835
6366.06006 0.00793
6366.33008 0.007564
6366.58984 0.00758
6366.85010 0.007561
6367.10986 0.007526
6367.37012 0.007413
6367.62988 0.007294
6367.89014 0.007254
6368.14990 0.007142
6368.41016 0.007259
6368.66992 0.007022
6368.93018 0.006927
6369.18994 0.007022
6369.45020 0.0067
6369.70996 0.006782
6369.97021 0.006835
6370.22998 0.00661
6370.49023 0.006625
6370.75977 0.006571
6371.02002 0.006509
6371.27979 0.006429
6371.54004 0.006403
6371.79980 0.006369
6372.06006 0.006286
6372.31982 0.006266
6372.58008 0.006135
6372.83984 0.00615
6373.10010 0.006085
6373.35986 0.005996
6373.62012 0.005862
6373.87988 0.006
6374.14014 0.005863
6374.39990 0.005933
6374.66016 0.005853
6374.91992 0.00582
6375.18994 0.005692
6375.45020 0.005665
6375.70996 0.005603
6375.97021 0.005513
6376.22998 0.005646
6376.49023 0.005421
6376.75000 0.005542
6377.00977 0.005427
6377.27002 0.005349
6377.52979 0.005443
6377.79004 0.005378
6378.04980 0.005322
6378.31006 0.005276
6378.56982 0.005136
6378.83008 0.005183
6379.08984 0.005114
6379.35010 0.00512
6379.62012 0.004941
6379.87988 0.004988
6380.14014 0.004961
6380.39990 0.004867
6380.66016 0.004745
6380.91992 0.004942
6381.18018 0.004848
6381.43994 0.004687
6381.70020 0.00468
6381.95996 0.004687
6382.22021 0.004718
6382.47998 0.004609
6382.74023 0.004679
6383.00000 0.004654
6383.25977 0.004684
6383.52002 0.004399
6383.79004 0.004467
6384.04980 0.004513
6384.31006 0.004476
6384.56982 0.00437
6384.83008 0.004404
6385.08984 0.004338
6385.35010 0.004314
6385.60986 0.004242
6385.87012 0.00423
6386.12988 0.004178
6386.39014 0.004096
6386.64990 0.004217
6386.91016 0.004172
6387.16992 0.004071
6387.43018 0.004051
7026.17334 0.0
