threeML/data/optical_filters/CAHA/CAHA-f_515_3.ecsv
# %ECSV 0.9
# ---
# datatype:
# - {name: wavelength, unit: Angstrom, datatype: float32}
# - {name: response, datatype: float32}
# meta: !!omap
# - {band_name: f_515_3}
# - {group_name: CAHA}
wavelength response
4564.16113 0.0
5071.29004 0.004297
5071.54980 0.00402
5071.81006 0.004229
5072.06982 0.003911
5072.33008 0.003951
5072.58984 0.004204
5072.85010 0.003766
5073.10986 0.004076
5073.37012 0.004089
5073.62988 0.004083
5073.89014 0.004557
5074.14990 0.004429
5074.41016 0.004365
5074.66992 0.004583
5074.93018 0.004534
5075.18994 0.004473
5075.45020 0.00452
5075.70996 0.004416
5075.97021 0.004122
5076.22998 0.004475
5076.49023 0.004334
5076.75000 0.004686
5077.00977 0.004643
5077.27002 0.00451
5077.52002 0.004678
5077.77979 0.004755
5078.04004 0.004513
5078.29980 0.004768
5078.56006 0.00489
5078.81982 0.00471
5079.08008 0.004882
5079.33984 0.00519
5079.60010 0.004868
5079.85986 0.004945
5080.12012 0.00556
5080.37988 0.005331
5080.64014 0.005227
5080.89990 0.005284
5081.16016 0.005352
5081.41992 0.005434
5081.68018 0.005194
5081.93994 0.005246
5082.20020 0.005893
5082.45996 0.00551
5082.72021 0.00555
5082.97998 0.005621
5083.24023 0.006088
5083.50000 0.005514
5083.75977 0.006011
5084.02002 0.00585
5084.27979 0.006093
5084.54004 0.006143
5084.79980 0.006228
5085.06006 0.005903
5085.31982 0.005943
5085.58008 0.006229
5085.83984 0.006249
5086.10010 0.006061
5086.35010 0.006624
5086.60986 0.006893
5086.87012 0.006736
5087.12988 0.006412
5087.39014 0.00635
5087.64990 0.00696
5087.91016 0.007014
5088.16992 0.007225
5088.43018 0.007146
5088.68994 0.007151
5088.95020 0.007672
5089.20996 0.007335
5089.47021 0.007478
5089.72998 0.00764
5089.99023 0.00734
5090.25000 0.007714
5090.50977 0.008053
5090.77002 0.007954
5091.02979 0.00795
5091.29004 0.008185
5091.54980 0.008209
5091.81006 0.008489
5092.06982 0.008446
5092.33008 0.008372
5092.58984 0.0087
5092.85010 0.008544
5093.10986 0.009104
5093.37012 0.008562
5093.62988 0.009319
5093.89014 0.009103
5094.14990 0.009482
5094.41016 0.009519
5094.66992 0.009537
5094.91992 0.010091
5095.18018 0.009815
5095.43994 0.00983
5095.70020 0.01047
5095.95996 0.010514
5096.22021 0.010804
5096.47998 0.010478
5096.74023 0.010748
5097.00000 0.010712
5097.25977 0.011262
5097.52002 0.011024
5097.77979 0.011412
5098.04004 0.011366
5098.29980 0.011577
5098.56006 0.012396
5098.81982 0.011662
5099.08008 0.012137
5099.33984 0.012547
5099.60010 0.012891
5099.85986 0.012762
5100.12012 0.013257
5100.37988 0.013449
5100.64014 0.013629
5100.89990 0.014212
5101.16016 0.013857
5101.41992 0.014278
5101.68018 0.015081
5101.93994 0.015497
5102.20020 0.01519
5102.45996 0.015558
5102.72021 0.016032
5102.97998 0.01631
5103.24023 0.0165
5103.50000 0.016549
5103.75000 0.016696
5104.00977 0.017674
5104.27002 0.018006
5104.52979 0.017432
5104.79004 0.017863
5105.04980 0.018488
5105.31006 0.018585
5105.56982 0.01956
5105.83008 0.020032
5106.08984 0.020246
5106.35010 0.020338
5106.60986 0.02112
5106.87012 0.021443
5107.12988 0.021689
5107.39014 0.022754
5107.64990 0.022776
5107.91016 0.02323
5108.16992 0.023599
5108.43018 0.023439
5108.68994 0.023871
5108.95020 0.025827
5109.20996 0.025523
5109.47021 0.026918
5109.72998 0.027148
5109.99023 0.02834
5110.25000 0.027999
5110.50977 0.028891
5110.77002 0.029763
5111.02979 0.029561
5111.29004 0.030809
5111.54980 0.03133
5111.81006 0.031955
5112.06006 0.034223
5112.31982 0.034047
5112.58008 0.035029
5112.83984 0.036339
5113.10010 0.036921
5113.35986 0.038458
5113.62012 0.038751
5113.87988 0.040072
5114.14014 0.040566
5114.39990 0.041773
5114.66016 0.043395
5114.91992 0.04425
5115.18018 0.045205
5115.43994 0.046251
5115.70020 0.047924
5115.95996 0.049956
5116.22021 0.051249
5116.47998 0.051161
5116.74023 0.053022
5117.00000 0.055119
5117.25977 0.057716
5117.52002 0.059075
5117.77979 0.060093
5118.04004 0.062071
5118.29980 0.062696
5118.56006 0.064788
5118.81982 0.067616
5119.08008 0.069843
5119.33984 0.07231
5119.60010 0.074649
5119.85986 0.076041
5120.12012 0.078656
5120.37988 0.081321
5120.64014 0.084568
5120.89990 0.086811
5121.14990 0.088438
5121.41016 0.092295
5121.66992 0.095362
5121.93018 0.099034
5122.18994 0.101585
5122.45020 0.104881
5122.70996 0.10916
5122.97021 0.111742
5123.22998 0.116192
5123.49023 0.120262
5123.75000 0.12298
5124.00977 0.126717
5124.27002 0.132125
5124.52979 0.134182
5124.79004 0.141803
5125.04980 0.145922
5125.31006 0.152395
5125.56982 0.156918
5125.83008 0.160687
5126.08984 0.166904
5126.35010 0.171953
5126.60986 0.178684
5126.87012 0.18522
5127.12988 0.191557
5127.39014 0.197102
5127.64990 0.202943
5127.91016 0.210705
5128.16992 0.217696
5128.43018 0.226605
5128.68994 0.233311
5128.95020 0.240194
5129.20996 0.247946
5129.45996 0.25722
5129.72021 0.263333
5129.97998 0.27162
5130.24023 0.28023
5130.50000 0.291189
5130.75977 0.298861
5131.02002 0.30545
5131.27979 0.312866
5131.54004 0.323282
5131.79980 0.333479
5132.06006 0.344132
5132.31982 0.352388
5132.58008 0.365653
5132.83984 0.371942
5133.10010 0.382028
5133.35986 0.390119
5133.62012 0.402023
5133.87988 0.40867
5134.14014 0.41917
5134.39990 0.430708
5134.66016 0.437975
5134.91992 0.44327
5135.18018 0.451951
5135.43994 0.463686
5135.70020 0.473359
5135.95996 0.479841
5136.22021 0.484703
5136.47998 0.495633
5136.74023 0.50674
5137.00000 0.510684
5137.25977 0.516367
5137.52002 0.530063
5137.77979 0.536381
5138.04004 0.534659
5138.29004 0.541998
5138.54980 0.547969
5138.81006 0.553801
5139.06982 0.556142
5139.33008 0.564803
5139.58984 0.571934
5139.85010 0.575824
5140.10986 0.576581
5140.37012 0.578968
5140.62988 0.584105
5140.89014 0.588423
5141.14990 0.592883
5141.41016 0.594434
5141.66992 0.597966
5141.93018 0.601175
5142.18994 0.599737
5142.45020 0.602713
5142.70996 0.603981
5142.97021 0.605683
5143.22998 0.608048
5143.49023 0.607757
5143.75000 0.608125
5144.00977 0.611425
5144.27002 0.616992
5144.52979 0.615953
5144.79004 0.612992
5145.04980 0.614516
5145.31006 0.614043
5145.56982 0.61526
5145.83008 0.619902
5146.08984 0.617221
5146.35010 0.615007
5146.60010 0.617288
5146.85986 0.616888
5147.12012 0.616314
5147.37988 0.616139
5147.64014 0.615865
5147.89990 0.616186
5148.16016 0.615939
5148.41992 0.61253
5148.68018 0.615133
5148.93994 0.613422
5149.20020 0.616084
5149.45996 0.612324
5149.72021 0.608822
5149.97998 0.608773
5150.24023 0.609908
5150.50000 0.609489
5150.75977 0.610662
5151.02002 0.604884
5151.27979 0.604948
5151.54004 0.601786
5151.79980 0.600521
5152.06006 0.599122
5152.31982 0.592689
5152.58008 0.593797
5152.83984 0.591232
5153.10010 0.586996
5153.35986 0.582524
5153.62012 0.577347
5153.87988 0.578518
5154.14014 0.574397
5154.39990 0.570463
5154.66016 0.568281
5154.91992 0.560542
5155.18018 0.55604
5155.43994 0.550227
5155.68994 0.54591
5155.95020 0.545399
5156.20996 0.537224
5156.47021 0.52802
5156.72998 0.518173
5156.99023 0.515621
5157.25000 0.509697
5157.50977 0.50072
5157.77002 0.491026
5158.02979 0.487421
5158.29004 0.478996
5158.54980 0.468828
5158.81006 0.461596
5159.06982 0.452074
5159.33008 0.444473
5159.58984 0.440637
5159.85010 0.431099
5160.10986 0.42177
5160.37012 0.410099
5160.62988 0.402182
5160.89014 0.393471
5161.14990 0.379791
5161.41016 0.372569
5161.66992 0.365114
5161.93018 0.354673
5162.18994 0.348465
5162.45020 0.334129
5162.70996 0.328588
5162.97021 0.318243
5163.22998 0.310448
5163.49023 0.301713
5163.75000 0.295487
5164.00000 0.284257
5164.25977 0.275779
5164.52002 0.270205
5164.77979 0.258744
5165.04004 0.252907
5165.29980 0.243174
5165.56006 0.236509
5165.81982 0.229471
5166.08008 0.222534
5166.33984 0.214675
5166.60010 0.208476
5166.85986 0.20036
5167.12012 0.195764
5167.37988 0.189852
5167.64014 0.183245
5167.89990 0.175269
5168.16016 0.172394
5168.41992 0.164368
5168.68018 0.160393
5168.93994 0.154846
5169.20020 0.150516
5169.45996 0.145674
5169.72021 0.143284
5169.97998 0.13637
5170.24023 0.132772
5170.50000 0.128999
5170.75977 0.125045
5171.02002 0.120137
5171.27979 0.117277
5171.54004 0.111987
5171.79980 0.109504
5172.06006 0.106381
5172.31982 0.102907
5172.58008 0.098636
5172.83008 0.096471
5173.08984 0.092443
5173.35010 0.090791
5173.60986 0.087392
5173.87012 0.084786
5174.12988 0.082251
5174.39014 0.080259
5174.64990 0.078551
5174.91016 0.075922
5175.16992 0.073424
5175.43018 0.071488
5175.68994 0.069337
5175.95020 0.067683
5176.20996 0.066144
5176.47021 0.064479
5176.72998 0.061865
5176.99023 0.061173
5177.25000 0.058185
5177.50977 0.056622
5177.77002 0.054617
5178.02979 0.054237
5178.29004 0.052775
5178.54980 0.051698
5178.81006 0.049222
5179.06982 0.048488
5179.33008 0.047751
5179.58984 0.045768
5179.85010 0.045614
5180.10986 0.04404
5180.37012 0.042258
5180.62988 0.04148
5180.89014 0.040709
5181.14990 0.039469
5181.39990 0.038018
5181.66016 0.03829
5181.91992 0.036747
5182.18018 0.036511
5182.43994 0.035326
5182.70020 0.034029
5182.95996 0.034696
5183.22021 0.032629
5183.47998 0.031944
5183.74023 0.031199
5184.00000 0.030706
5184.25977 0.029993
5184.52002 0.029045
5184.77979 0.028447
5185.04004 0.027009
5185.29980 0.027431
5185.56006 0.026875
5185.81982 0.026204
5186.08008 0.026115
5186.33984 0.025719
5186.60010 0.024669
5186.85986 0.023843
5187.12012 0.023492
5187.37988 0.023495
5187.64014 0.022531
5187.89990 0.022258
5188.16016 0.021671
5188.41992 0.021648
5188.68018 0.02145
5188.93994 0.020306
5189.20020 0.020547
5189.45996 0.019655
5189.72021 0.019115
5189.97998 0.018951
5190.22998 0.018067
5190.49023 0.018222
5190.75000 0.017696
5191.00977 0.01751
5191.27002 0.017002
5191.52979 0.016765
5191.79004 0.016675
5192.04980 0.016313
5192.31006 0.016137
5192.56982 0.015484
5192.83008 0.015819
5193.08984 0.014708
5193.35010 0.015141
5193.60986 0.014708
5193.87012 0.014315
5194.12988 0.013659
5194.39014 0.013974
5194.64990 0.013897
5194.91016 0.01351
5195.16992 0.013527
5195.43018 0.013075
5195.68994 0.013025
5195.95020 0.012897
5196.20996 0.012872
5196.47021 0.012186
5196.72998 0.011889
5196.99023 0.012272
5197.25000 0.01157
5197.50977 0.011538
5197.77002 0.011283
5198.02979 0.011321
5198.29004 0.010873
5198.54004 0.011144
5198.79980 0.010728
5199.06006 0.010122
5199.31982 0.010273
5199.58008 0.010434
5199.83984 0.010155
5200.10010 0.009709
5200.35986 0.00955
5200.62012 0.009759
5200.87988 0.009566
5201.14014 0.009353
5201.39990 0.009535
5201.66016 0.00916
5201.91992 0.008719
5202.18018 0.009085
5202.43994 0.008919
5202.70020 0.008267
5202.95996 0.008296
5203.22021 0.008131
5203.47998 0.008352
5203.74023 0.008297
5204.00000 0.0081
5204.25977 0.007916
5204.52002 0.008053
5204.77979 0.00783
5205.04004 0.007735
5205.29980 0.007502
5205.56006 0.007409
5205.81982 0.007672
5206.08008 0.007485
5206.33984 0.007604
5206.60010 0.007223
5206.85986 0.007375
5207.12012 0.006728
5207.37988 0.006968
5207.62988 0.006727
5207.89014 0.006963
5208.14990 0.006848
5208.41016 0.006662
5208.66992 0.006446
5208.93018 0.006416
5209.18994 0.006335
5209.45020 0.006061
5209.70996 0.006162
5209.97021 0.006444
5210.22998 0.006374
5210.49023 0.00617
5210.75000 0.006399
5211.00977 0.006015
5211.27002 0.00565
5211.52979 0.005635
5211.79004 0.005919
5212.04980 0.005513
5212.31006 0.005931
5212.56982 0.005645
5212.83008 0.005081
5213.08984 0.005313
5213.35010 0.005315
5213.60986 0.005378
5213.87012 0.005421
5214.12988 0.005098
5214.39014 0.00493
5214.64990 0.005036
5214.91016 0.005045
5215.16992 0.00526
5215.43018 0.004849
5215.68994 0.004959
5215.93994 0.004741
5216.20020 0.005082
5216.45996 0.004795
5216.72021 0.004699
5216.97998 0.004801
5217.24023 0.0046
5217.50000 0.004566
5217.75977 0.004558
5218.02002 0.004534
5218.27979 0.00448
5218.54004 0.004337
5218.79980 0.004409
5219.06006 0.004413
5219.31982 0.004372
5219.58008 0.004044
5219.83984 0.004428
5220.10010 0.00405
5220.35986 0.004108
5220.62012 0.004495
5220.87988 0.004015
5742.96777 0.0
