threeML/data/optical_filters/CAHA/CAHA-f_661_3.ecsv
# %ECSV 0.9
# ---
# datatype:
# - {name: wavelength, unit: Angstrom, datatype: float32}
# - {name: response, datatype: float32}
# meta: !!omap
# - {band_name: f_661_3}
# - {group_name: CAHA}
wavelength response
5915.88037 0.0
6573.20020 0.004081
6573.47021 0.004078
6573.72998 0.004198
6573.99023 0.004282
6574.25000 0.004495
6574.50977 0.004458
6574.77002 0.00456
6575.02979 0.004795
6575.29004 0.005061
6575.56006 0.005147
6575.81982 0.005334
6576.08008 0.005386
6576.33984 0.005728
6576.60010 0.005773
6576.85986 0.005931
6577.12012 0.006239
6577.39014 0.006617
6577.64990 0.006972
6577.91016 0.007117
6578.16992 0.007424
6578.43018 0.007612
6578.68994 0.007905
6578.95020 0.00821
6579.20996 0.008683
6579.47998 0.008963
6579.74023 0.00951
6580.00000 0.01013
6580.25977 0.010123
6580.52002 0.010788
6580.77979 0.011237
6581.04004 0.012047
6581.31006 0.012476
6581.56982 0.01311
6581.83008 0.01431
6582.08984 0.014942
6582.35010 0.015914
6582.60986 0.016697
6582.87012 0.017424
6583.12988 0.018127
6583.39990 0.019483
6583.66016 0.020825
6583.91992 0.022498
6584.18018 0.023918
6584.43994 0.025885
6584.70020 0.027349
6584.95996 0.029255
6585.22021 0.030932
6585.49023 0.03283
6585.75000 0.035327
6586.00977 0.038529
6586.27002 0.041802
6586.52979 0.045443
6586.79004 0.049307
6587.04980 0.05261
6587.31006 0.056321
6587.58008 0.060054
6587.83984 0.065374
6588.10010 0.071
6588.35986 0.078305
6588.62012 0.08627
6588.87988 0.093795
6589.14014 0.101736
6589.41016 0.109989
6589.66992 0.118322
6589.93018 0.128482
6590.18994 0.140746
6590.45020 0.153988
6590.70996 0.169766
6590.97021 0.187367
6591.22998 0.203663
6591.50000 0.219299
6591.75977 0.234691
6592.02002 0.252959
6592.27979 0.273574
6592.54004 0.297153
6592.79980 0.323955
6593.06006 0.349046
6593.31982 0.373158
6593.58984 0.393281
6593.85010 0.415896
6594.10986 0.435496
6594.37012 0.459877
6594.62988 0.483209
6594.89014 0.505299
6595.14990 0.526445
6595.41992 0.541902
6595.68018 0.556229
6595.93994 0.569176
6596.20020 0.581229
6596.45996 0.592507
6596.72021 0.600245
6596.97998 0.610026
6597.24023 0.61611
6597.50977 0.61826
6597.77002 0.623232
6598.02979 0.62775
6598.29004 0.630218
6598.54980 0.629947
6598.81006 0.632412
6599.06982 0.632165
6599.33008 0.632375
6599.60010 0.631589
6599.85986 0.632388
6600.12012 0.634619
6600.37988 0.635043
6600.64014 0.637026
6600.89990 0.63588
6601.16016 0.634986
6601.43018 0.633701
6601.68994 0.635022
6601.95020 0.638167
6602.20996 0.639935
6602.47021 0.641721
6602.72998 0.640693
6602.99023 0.642319
6603.25000 0.641551
6603.52002 0.644119
6603.77979 0.644894
6604.04004 0.646031
6604.29980 0.648808
6604.56006 0.650193
6604.81982 0.651419
6605.08008 0.651862
6605.33984 0.651829
6605.60986 0.653331
6605.87012 0.652772
6606.12988 0.653978
6606.39014 0.655169
6606.64990 0.654712
6606.91016 0.656206
6607.16992 0.65592
6607.43994 0.655795
6607.70020 0.658987
6607.95996 0.658434
6608.22021 0.660006
6608.47998 0.657537
6608.74023 0.657948
6609.00000 0.65803
6609.25977 0.65834
6609.52979 0.654962
6609.79004 0.658746
6610.04980 0.658694
6610.31006 0.657496
6610.56982 0.6566
6610.83008 0.656391
6611.08984 0.656799
6611.35010 0.655795
6611.62012 0.658046
6611.87988 0.657681
6612.14014 0.656385
6612.39990 0.655706
6612.66016 0.655898
6612.91992 0.653829
6613.18018 0.652865
6613.43994 0.653799
6613.70996 0.64976
6613.97021 0.64507
6614.22998 0.639778
6614.49023 0.635051
6614.75000 0.630247
6615.00977 0.624986
6615.27002 0.618046
6615.54004 0.60702
6615.79980 0.595816
6616.06006 0.58102
6616.31982 0.562716
6616.58008 0.544342
6616.83984 0.527561
6617.10010 0.510846
6617.35986 0.493433
6617.62988 0.473576
6617.89014 0.450459
6618.14990 0.42356
6618.41016 0.396403
6618.66992 0.370652
6618.93018 0.349814
6619.18994 0.328067
6619.45020 0.309062
6619.72021 0.289404
6619.97998 0.266321
6620.24023 0.245679
6620.50000 0.226079
6620.75977 0.205762
6621.02002 0.189185
6621.27979 0.174981
6621.54980 0.163394
6621.81006 0.151336
6622.06982 0.139645
6622.33008 0.12734
6622.58984 0.116424
6622.85010 0.105909
6623.10986 0.097383
6623.37012 0.08973
6623.64014 0.083346
6623.89990 0.078088
6624.16016 0.072439
6624.41992 0.067014
6624.68018 0.061531
6624.93994 0.056247
6625.20020 0.051586
6625.45996 0.047575
6625.72998 0.044769
6625.99023 0.041658
6626.25000 0.039436
6626.50977 0.037066
6626.77002 0.034464
6627.02979 0.031674
6627.29004 0.029313
6627.56006 0.027038
6627.81982 0.02563
6628.08008 0.024243
6628.33984 0.022864
6628.60010 0.021919
6628.85986 0.020554
6629.12012 0.019233
6629.37988 0.018003
6629.64990 0.016665
6629.91016 0.015925
6630.16992 0.015021
6630.43018 0.014376
6630.68994 0.013751
6630.95020 0.013325
6631.20996 0.012668
6631.47021 0.011734
6631.74023 0.011174
6632.00000 0.010811
6632.25977 0.010083
6632.52002 0.009704
6632.77979 0.009177
6633.04004 0.009064
6633.29980 0.008651
6633.56006 0.008388
6633.83008 0.007832
6634.08984 0.007577
6634.35010 0.007235
6634.60986 0.007096
6634.87012 0.006812
6635.12988 0.006536
6635.39014 0.006334
6635.66016 0.006251
6635.91992 0.005913
6636.18018 0.005811
6636.43994 0.005324
6636.70020 0.005334
6636.95996 0.005084
6637.22021 0.004979
6637.47998 0.004844
6637.75000 0.004774
6638.00977 0.004592
6638.27002 0.004573
6638.52979 0.004343
6638.79004 0.004192
6639.04980 0.004071
7302.95459 0.0
