threeML/data/optical_filters/CAHA/CAHA-f_366_38.ecsv
# %ECSV 0.9
# ---
# datatype:
# - {name: wavelength, unit: Angstrom, datatype: float32}
# - {name: response, datatype: float32}
# meta: !!omap
# - {band_name: f_366_38}
# - {group_name: CAHA}
wavelength response
2547.00000 0.0
2830.00000 0.00619
2832.00000 0.006351
2834.00000 0.006144
2836.00000 0.006443
2838.00000 0.006671
2840.00000 0.006531
2842.00000 0.006493
2844.00000 0.006302
2846.00000 0.006228
2848.00000 0.006206
2850.00000 0.006258
2852.00000 0.006307
2854.00000 0.006331
2856.00000 0.00636
2858.00000 0.005438
2860.00000 0.002635
2862.00000 0.002141
2864.00000 0.002394
2866.00000 0.002465
2868.00000 0.001975
2870.00000 0.00198
2872.00000 0.002009
2874.00000 0.002173
2876.00000 0.00238
2878.00000 0.002394
2880.00000 0.00234
2882.00000 0.002171
2884.00000 0.00216
2886.00000 0.002012
2888.00000 0.002133
2890.00000 0.002321
2892.00000 0.002491
2894.00000 0.002424
2896.00000 0.002275
2898.00000 0.002475
2900.00000 0.002582
2902.00000 0.00268
2904.00000 0.002681
2906.00000 0.002617
2908.00000 0.00277
2910.00000 0.002974
2912.00000 0.003088
2914.00000 0.003164
2916.00000 0.003249
2918.00000 0.003368
2920.00000 0.003513
2922.00000 0.003567
2924.00000 0.003475
2926.00000 0.003153
2928.00000 0.002965
2930.00000 0.003103
2932.00000 0.003375
2934.00000 0.003332
2936.00000 0.003304
2938.00000 0.003341
2940.00000 0.00354
2942.00000 0.003714
2944.00000 0.003697
2946.00000 0.00358
2948.00000 0.0037
2950.00000 0.0035
2952.00000 0.003337
2954.00000 0.003359
2956.00000 0.003686
2958.00000 0.003973
2960.00000 0.00401
2962.00000 0.003649
2964.00000 0.003906
2966.00000 0.003965
2968.00000 0.003938
2970.00000 0.003801
2972.00000 0.003603
2974.00000 0.003569
2976.00000 0.00347
2978.00000 0.00352
2980.00000 0.003962
2982.00000 0.004244
2984.00000 0.004267
2986.00000 0.004201
2988.00000 0.004072
2990.00000 0.004001
2992.00000 0.004246
2994.00000 0.004345
2996.00000 0.004049
2998.00000 0.004122
3000.00000 0.00427
3002.00000 0.004481
3004.00000 0.004675
3006.00000 0.004774
3008.00000 0.005108
3010.00000 0.005278
3012.00000 0.005386
3014.00000 0.005625
3016.00000 0.005687
3018.00000 0.005824
3020.00000 0.005798
3022.00000 0.006022
3024.00000 0.006215
3026.00000 0.006262
3028.00000 0.006324
3030.00000 0.006321
3032.00000 0.006457
3034.00000 0.006788
3036.00000 0.006811
3038.00000 0.00686
3040.00000 0.006607
3042.00000 0.006624
3044.00000 0.00674
3046.00000 0.006682
3048.00000 0.006685
3050.00000 0.006803
3052.00000 0.006737
3054.00000 0.006626
3056.00000 0.006563
3058.00000 0.006891
3060.00000 0.007265
3062.00000 0.007273
3064.00000 0.007049
3066.00000 0.006997
3068.00000 0.00697
3070.00000 0.006815
3072.00000 0.006683
3074.00000 0.006587
3076.00000 0.006623
3078.00000 0.006712
3080.00000 0.007007
3082.00000 0.007196
3084.00000 0.007135
3086.00000 0.006895
3088.00000 0.00711
3090.00000 0.00712
3092.00000 0.007134
3094.00000 0.007267
3096.00000 0.00701
3098.00000 0.007147
3100.00000 0.007538
3102.00000 0.007764
3104.00000 0.008082
3106.00000 0.008146
3108.00000 0.008339
3110.00000 0.008092
3112.00000 0.008252
3114.00000 0.008434
3116.00000 0.008801
3118.00000 0.008879
3120.00000 0.008736
3122.00000 0.008448
3124.00000 0.008283
3126.00000 0.008365
3128.00000 0.00831
3130.00000 0.008129
3132.00000 0.008092
3134.00000 0.007751
3136.00000 0.007497
3138.00000 0.007415
3140.00000 0.007496
3142.00000 0.007578
3144.00000 0.007669
3146.00000 0.007616
3148.00000 0.007608
3150.00000 0.007883
3152.00000 0.008062
3154.00000 0.008151
3156.00000 0.008303
3158.00000 0.008613
3160.00000 0.008651
3162.00000 0.008977
3164.00000 0.009462
3166.00000 0.009707
3168.00000 0.009719
3170.00000 0.00978
3172.00000 0.009823
3174.00000 0.009832
3176.00000 0.009804
3178.00000 0.009883
3180.00000 0.009692
3182.00000 0.009638
3184.00000 0.00983
3186.00000 0.010011
3188.00000 0.009822
3190.00000 0.01009
3192.00000 0.01008
3194.00000 0.009971
3196.00000 0.009921
3198.00000 0.009963
3200.00000 0.010219
3202.00000 0.010442
3204.00000 0.010733
3206.00000 0.010933
3208.00000 0.011189
3210.00000 0.011637
3212.00000 0.011819
3214.00000 0.011804
3216.00000 0.01207
3218.00000 0.012398
3220.00000 0.012506
3222.00000 0.012618
3224.00000 0.012768
3226.00000 0.013071
3228.00000 0.013459
3230.00000 0.013531
3232.00000 0.013559
3234.00000 0.013544
3236.00000 0.013354
3238.00000 0.013455
3240.00000 0.013374
3242.00000 0.013353
3244.00000 0.013886
3246.00000 0.014001
3248.00000 0.013897
3250.00000 0.014071
3252.00000 0.014146
3254.00000 0.014494
3256.00000 0.014568
3258.00000 0.014793
3260.00000 0.014984
3262.00000 0.015239
3264.00000 0.015315
3266.00000 0.015805
3268.00000 0.016245
3270.00000 0.016851
3272.00000 0.017566
3274.00000 0.017699
3276.00000 0.018134
3278.00000 0.01864
3280.00000 0.018918
3282.00000 0.019581
3284.00000 0.020102
3286.00000 0.020657
3288.00000 0.021188
3290.00000 0.021659
3292.00000 0.022126
3294.00000 0.022546
3296.00000 0.023021
3298.00000 0.023518
3300.00000 0.023922
3302.00000 0.024395
3304.00000 0.024987
3306.00000 0.025618
3308.00000 0.026295
3310.00000 0.027111
3312.00000 0.028036
3314.00000 0.028804
3316.00000 0.029458
3318.00000 0.030002
3320.00000 0.030499
3322.00000 0.031256
3324.00000 0.032395
3326.00000 0.033692
3328.00000 0.034904
3330.00000 0.036042
3332.00000 0.037181
3334.00000 0.038201
3336.00000 0.039645
3338.00000 0.040849
3340.00000 0.041988
3342.00000 0.043083
3344.00000 0.044101
3346.00000 0.045548
3348.00000 0.047015
3350.00000 0.048308
3352.00000 0.049584
3354.00000 0.05059
3356.00000 0.051741
3358.00000 0.052964
3360.00000 0.054635
3362.00000 0.056002
3364.00000 0.057559
3366.00000 0.059019
3368.00000 0.060568
3370.00000 0.062563
3372.00000 0.064721
3374.00000 0.066832
3376.00000 0.068711
3378.00000 0.070653
3380.00000 0.073109
3382.00000 0.075992
3384.00000 0.078957
3386.00000 0.081586
3388.00000 0.083757
3390.00000 0.085734
3392.00000 0.087987
3394.00000 0.090497
3396.00000 0.092749
3398.00000 0.095016
3400.00000 0.096985
3402.00000 0.099018
3404.00000 0.101407
3406.00000 0.103907
3408.00000 0.106368
3410.00000 0.108628
3412.00000 0.110814
3414.00000 0.112884
3416.00000 0.115421
3418.00000 0.118124
3420.00000 0.12058
3422.00000 0.122835
3424.00000 0.124773
3426.00000 0.126201
3428.00000 0.127502
3430.00000 0.129204
3432.00000 0.131173
3434.00000 0.13305
3436.00000 0.135071
3438.00000 0.137069
3440.00000 0.13874
3442.00000 0.140336
3444.00000 0.14194
3446.00000 0.142919
3448.00000 0.14364
3450.00000 0.144911
3452.00000 0.14674
3454.00000 0.148726
3456.00000 0.151203
3458.00000 0.154311
3460.00000 0.157132
3462.00000 0.159151
3464.00000 0.160776
3466.00000 0.162808
3468.00000 0.165364
3470.00000 0.168042
3472.00000 0.170768
3474.00000 0.173485
3476.00000 0.176808
3478.00000 0.180035
3480.00000 0.182783
3482.00000 0.185633
3484.00000 0.18823
3486.00000 0.190672
3488.00000 0.193506
3490.00000 0.196954
3492.00000 0.200413
3494.00000 0.203908
3496.00000 0.206836
3498.00000 0.208884
3500.00000 0.21066
3502.00000 0.212403
3504.00000 0.214021
3506.00000 0.216213
3508.00000 0.218907
3510.00000 0.221415
3512.00000 0.222886
3514.00000 0.223887
3516.00000 0.225234
3518.00000 0.227413
3520.00000 0.229202
3522.00000 0.230595
3524.00000 0.232187
3526.00000 0.234389
3528.00000 0.236475
3530.00000 0.238803
3532.00000 0.241092
3534.00000 0.243804
3536.00000 0.246262
3538.00000 0.247636
3540.00000 0.249478
3542.00000 0.252131
3544.00000 0.254445
3546.00000 0.256724
3548.00000 0.258808
3550.00000 0.259842
3552.00000 0.261235
3554.00000 0.263281
3556.00000 0.263802
3558.00000 0.263091
3560.00000 0.26356
3562.00000 0.263474
3564.00000 0.26459
3566.00000 0.265944
3568.00000 0.266979
3570.00000 0.267424
3572.00000 0.266087
3574.00000 0.265269
3576.00000 0.266113
3578.00000 0.265659
3580.00000 0.266197
3582.00000 0.268133
3584.00000 0.269973
3586.00000 0.271287
3588.00000 0.274941
3590.00000 0.277815
3592.00000 0.280547
3594.00000 0.282328
3596.00000 0.281927
3598.00000 0.281927
3600.00000 0.282607
3602.00000 0.284023
3604.00000 0.28747
3606.00000 0.290068
3608.00000 0.292876
3610.00000 0.294195
3612.00000 0.292829
3614.00000 0.292708
3616.00000 0.294423
3618.00000 0.295952
3620.00000 0.297068
3622.00000 0.297225
3624.00000 0.295945
3626.00000 0.296282
3628.00000 0.298914
3630.00000 0.300768
3632.00000 0.303329
3634.00000 0.305385
3636.00000 0.305083
3638.00000 0.30458
3640.00000 0.304448
3642.00000 0.30632
3644.00000 0.308667
3646.00000 0.308887
3648.00000 0.309182
3650.00000 0.308994
3652.00000 0.309637
3654.00000 0.31198
3656.00000 0.314569
3658.00000 0.31437
3660.00000 0.31451
3662.00000 0.31397
3664.00000 0.313393
3666.00000 0.314851
3668.00000 0.316442
3670.00000 0.317473
3672.00000 0.317696
3674.00000 0.317216
3676.00000 0.31681
3678.00000 0.316391
3680.00000 0.315369
3682.00000 0.314262
3684.00000 0.314783
3686.00000 0.315709
3688.00000 0.315683
3690.00000 0.31539
3692.00000 0.315817
3694.00000 0.31664
3696.00000 0.315816
3698.00000 0.313515
3700.00000 0.311656
3702.00000 0.311109
3704.00000 0.311946
3706.00000 0.312895
3708.00000 0.313143
3710.00000 0.313114
3712.00000 0.312145
3714.00000 0.308399
3716.00000 0.304282
3718.00000 0.30455
3720.00000 0.305453
3722.00000 0.30363
3724.00000 0.302091
3726.00000 0.299924
3728.00000 0.29698
3730.00000 0.294971
3732.00000 0.295144
3734.00000 0.296131
3736.00000 0.294391
3738.00000 0.290123
3740.00000 0.286229
3742.00000 0.283886
3744.00000 0.283396
3746.00000 0.28629
3748.00000 0.286061
3750.00000 0.283436
3752.00000 0.280309
3754.00000 0.277905
3756.00000 0.276919
3758.00000 0.277189
3760.00000 0.278248
3762.00000 0.277195
3764.00000 0.273797
3766.00000 0.271029
3768.00000 0.270607
3770.00000 0.271071
3772.00000 0.271101
3774.00000 0.271181
3776.00000 0.269241
3778.00000 0.265517
3780.00000 0.261848
3782.00000 0.259374
3784.00000 0.258472
3786.00000 0.256217
3788.00000 0.253322
3790.00000 0.250364
3792.00000 0.247298
3794.00000 0.244748
3796.00000 0.242856
3798.00000 0.240176
3800.00000 0.236785
3802.00000 0.233454
3804.00000 0.230798
3806.00000 0.227514
3808.00000 0.223248
3810.00000 0.219214
3812.00000 0.217373
3814.00000 0.214222
3816.00000 0.210538
3818.00000 0.207203
3820.00000 0.203455
3822.00000 0.200322
3824.00000 0.19745
3826.00000 0.192624
3828.00000 0.187549
3830.00000 0.183809
3832.00000 0.180242
3834.00000 0.175999
3836.00000 0.172805
3838.00000 0.17071
3840.00000 0.168692
3842.00000 0.165448
3844.00000 0.162193
3846.00000 0.15961
3848.00000 0.156289
3850.00000 0.15345
3852.00000 0.15064
3854.00000 0.147125
3856.00000 0.144718
3858.00000 0.142815
3860.00000 0.13982
3862.00000 0.136561
3864.00000 0.133501
3866.00000 0.129783
3868.00000 0.125988
3870.00000 0.122524
3872.00000 0.118829
3874.00000 0.115441
3876.00000 0.112191
3878.00000 0.108877
3880.00000 0.105851
3882.00000 0.102948
3884.00000 0.100648
3886.00000 0.09773
3888.00000 0.093819
3890.00000 0.090758
3892.00000 0.087927
3894.00000 0.085309
3896.00000 0.082826
3898.00000 0.079559
3900.00000 0.076363
3902.00000 0.074046
3904.00000 0.071608
3906.00000 0.069142
3908.00000 0.066418
3910.00000 0.063921
3912.00000 0.061488
3914.00000 0.058751
3916.00000 0.056008
3918.00000 0.053571
3920.00000 0.051121
3922.00000 0.048651
3924.00000 0.046313
3926.00000 0.044099
3928.00000 0.042259
3930.00000 0.040542
3932.00000 0.038664
3934.00000 0.036791
3936.00000 0.03497
3938.00000 0.033285
3940.00000 0.031718
3942.00000 0.030191
3944.00000 0.028776
3946.00000 0.027342
3948.00000 0.025893
3950.00000 0.024601
3952.00000 0.023475
3954.00000 0.022351
3956.00000 0.021272
3958.00000 0.020149
3960.00000 0.018806
3962.00000 0.017646
3964.00000 0.016654
3966.00000 0.015763
3968.00000 0.014887
3970.00000 0.013954
3972.00000 0.013107
3974.00000 0.012293
3976.00000 0.01155
3978.00000 0.010842
3980.00000 0.010191
3982.00000 0.009555
3984.00000 0.009014
3986.00000 0.008473
3988.00000 0.007931
3990.00000 0.007443
3992.00000 0.006907
3994.00000 0.006288
3996.00000 0.005731
3998.00000 0.005267
4000.00000 0.004871
4002.00000 0.004528
4004.00000 0.00422
4404.39990 0.0
