threeML/data/optical_filters/CAHA/CAHA-f_440_10_2.ecsv
# %ECSV 0.9
# ---
# datatype:
# - {name: wavelength, unit: Angstrom, datatype: float32}
# - {name: response, datatype: float32}
# meta: !!omap
# - {band_name: f_440_10_2}
# - {group_name: CAHA}
wavelength response
3848.93921 0.0
4276.59912 0.004202
4276.85791 0.004435
4277.11621 0.004605
4277.37500 0.004707
4277.63281 0.004767
4277.89209 0.004819
4278.15088 0.004887
4278.40918 0.004973
4278.66797 0.005063
4278.92578 0.005135
4279.18506 0.005178
4279.44287 0.005188
4279.70215 0.005171
4279.96094 0.00514
4280.21924 0.005104
4280.47803 0.005075
4280.73584 0.005065
4280.99512 0.005083
4281.25293 0.005133
4281.51221 0.005215
4281.77100 0.005322
4282.02881 0.005444
4282.28809 0.005568
4282.54590 0.005684
4282.80518 0.005786
4283.06396 0.005874
4283.32178 0.005952
4283.58105 0.006025
4283.83887 0.00609
4284.09814 0.006143
4284.35596 0.006175
4284.61523 0.006188
4284.87402 0.006188
4285.13184 0.006189
4285.39111 0.006204
4285.64990 0.006231
4285.90820 0.006265
4286.16699 0.006293
4286.42480 0.00631
4286.68408 0.006313
4286.94287 0.006306
4287.20117 0.006299
4287.45996 0.006301
4287.71777 0.006328
4287.97705 0.006388
4288.23584 0.006482
4288.49414 0.006603
4288.75293 0.006737
4289.01123 0.006869
4289.27002 0.006993
4289.52881 0.007108
4289.78711 0.00722
4290.04590 0.007331
4290.30518 0.00744
4290.56299 0.007548
4290.82178 0.007654
4291.08105 0.007766
4291.33887 0.007889
4291.59814 0.008025
4291.85596 0.008171
4292.11523 0.008315
4292.37402 0.008446
4292.63184 0.008557
4292.89111 0.008641
4293.14893 0.008694
4293.40820 0.008716
4293.66699 0.00871
4293.92480 0.008684
4294.18408 0.008654
4294.44189 0.008638
4294.70117 0.008658
4294.95898 0.008728
4295.21777 0.008853
4295.47705 0.009026
4295.73486 0.009231
4295.99414 0.009447
4296.25195 0.009655
4296.51123 0.009842
4296.77002 0.010005
4297.02783 0.010149
4297.28711 0.010287
4297.54590 0.01044
4297.80420 0.010625
4298.06299 0.010857
4298.32178 0.011138
4298.58008 0.011453
4298.83887 0.011778
4299.09814 0.01208
4299.35596 0.01233
4299.61523 0.012512
4299.87402 0.012626
4300.13184 0.012692
4300.39111 0.012736
4300.64893 0.012789
4300.90820 0.012874
4301.16699 0.013002
4301.42480 0.013177
4301.68408 0.013398
4301.94189 0.013666
4302.20117 0.01398
4302.45996 0.014329
4302.71777 0.014694
4302.97705 0.01505
4303.23584 0.015375
4303.49512 0.015658
4303.75293 0.015901
4304.01221 0.016116
4304.27100 0.016314
4304.52881 0.016504
4304.78809 0.016689
4305.04590 0.016873
4305.30518 0.017066
4305.56299 0.017283
4305.82178 0.01754
4306.08105 0.017847
4306.33887 0.018202
4306.59814 0.018587
4306.85693 0.018976
4307.11523 0.019343
4307.37402 0.019679
4307.63281 0.01999
4307.89209 0.020302
4308.14990 0.020648
4308.40918 0.021044
4308.66699 0.021491
4308.92578 0.02197
4309.18506 0.022451
4309.44287 0.022916
4309.70215 0.023353
4309.95996 0.023768
4310.21924 0.024168
4310.47803 0.024564
4310.73682 0.024965
4310.99512 0.025381
4311.25391 0.025818
4311.51318 0.026278
4311.77100 0.026757
4312.02979 0.027243
4312.28906 0.027726
4312.54688 0.028199
4312.80615 0.028667
4313.06396 0.029143
4313.32324 0.029643
4313.58203 0.030176
4313.84082 0.030741
4314.09912 0.031323
4314.35791 0.031906
4314.61719 0.032473
4314.87500 0.033016
4315.13379 0.03354
4315.39307 0.034057
4315.65088 0.034586
4315.91016 0.035145
4316.16797 0.035752
4316.42676 0.036417
4316.68604 0.037146
4316.94482 0.037935
4317.20312 0.038769
4317.46191 0.03963
4317.72119 0.0405
4317.97900 0.041362
4318.23779 0.042213
4318.49707 0.043054
4318.75488 0.043893
4319.01416 0.044739
4319.27295 0.045601
4319.53076 0.046484
4319.79004 0.047392
4320.04883 0.048329
4320.30811 0.049294
4320.56592 0.050284
4320.82520 0.051299
4321.08301 0.052337
4321.34180 0.053397
4321.60107 0.054481
4321.85986 0.05559
4322.11816 0.056729
4322.37695 0.057901
4322.63623 0.059109
4322.89502 0.060349
4323.15283 0.06162
4323.41211 0.062917
4323.66992 0.064242
4323.92920 0.065595
4324.18799 0.066977
4324.44678 0.068385
4324.70508 0.069813
4324.96387 0.071254
4325.22314 0.072707
4325.48096 0.074171
4325.74023 0.075651
4325.99902 0.077149
4326.25684 0.078668
4326.51611 0.080207
4326.77490 0.081766
4327.03418 0.083354
4327.29199 0.084988
4327.55078 0.086686
4327.81006 0.088462
4328.06787 0.090318
4328.32715 0.092246
4328.58594 0.094241
4328.84424 0.096299
4329.10303 0.098417
4329.36182 0.100588
4329.62109 0.102801
4329.87891 0.105039
4330.13818 0.107298
4330.39600 0.109585
4330.65479 0.111917
4330.91406 0.114312
4331.17285 0.116778
4331.43213 0.119308
4331.68994 0.121882
4331.94922 0.124485
4332.20801 0.127112
4332.46582 0.12977
4332.72510 0.132473
4332.98389 0.135233
4333.24316 0.138054
4333.50098 0.140927
4333.75977 0.143844
4334.01904 0.146803
4334.27686 0.149809
4334.53613 0.15288
4334.79492 0.156031
4335.05420 0.15927
4335.31299 0.162598
4335.57080 0.166006
4335.83008 0.169473
4336.08789 0.172975
4336.34717 0.176484
4336.60596 0.179985
4336.86523 0.183473
4337.12402 0.186964
4337.38184 0.190478
4337.64111 0.19404
4337.89893 0.197668
4338.15820 0.201375
4338.41699 0.205165
4338.67578 0.209046
4338.93506 0.213021
4339.19287 0.217081
4339.45215 0.221209
4339.71094 0.225378
4339.97021 0.229563
4340.22803 0.23375
4340.48682 0.237948
4340.74609 0.242174
4341.00391 0.24644
4341.26318 0.250746
4341.52197 0.255079
4341.78076 0.25942
4342.04004 0.263763
4342.29785 0.268126
4342.55713 0.272548
4342.81494 0.27708
4343.07422 0.28176
4343.33301 0.286592
4343.59180 0.291544
4343.85107 0.296551
4344.10889 0.301548
4344.36816 0.306481
4344.62695 0.311325
4344.88623 0.316086
4345.14502 0.320789
4345.40283 0.325466
4345.66211 0.330154
4345.91992 0.334872
4346.17920 0.339621
4346.43799 0.344386
4346.69678 0.349134
4346.95605 0.353828
4347.21387 0.358444
4347.47314 0.36298
4347.73193 0.367449
4347.99121 0.371871
4348.25000 0.376274
4348.50781 0.380676
4348.76709 0.38509
4349.02490 0.389526
4349.28418 0.393983
4349.54297 0.39845
4349.80176 0.402911
4350.06104 0.407357
4350.31885 0.411781
4350.57812 0.416185
4350.83691 0.420578
4351.09619 0.424953
4351.35400 0.429284
4351.61279 0.433528
4351.87207 0.437635
4352.13086 0.441562
4352.39014 0.445295
4352.64795 0.448851
4352.90723 0.45227
4353.16602 0.455606
4353.42480 0.458909
4353.68408 0.462209
4353.94189 0.465508
4354.20117 0.468797
4354.45898 0.472062
4354.71777 0.4753
4354.97705 0.478524
4355.23584 0.481753
4355.49512 0.484992
4355.75293 0.488221
4356.01221 0.491408
4356.27100 0.494511
4356.52979 0.497499
4356.78906 0.500359
4357.04688 0.5031
4357.30615 0.505729
4357.56494 0.508255
4357.82422 0.510682
4358.08301 0.513005
4358.34082 0.515213
4358.60010 0.517296
4358.85889 0.519255
4359.11816 0.5211
4359.37598 0.52285
4359.63477 0.524536
4359.89404 0.526174
4360.15283 0.527776
4360.41211 0.529342
4360.66992 0.530875
4360.92920 0.532378
4361.18799 0.533856
4361.44678 0.535316
4361.70605 0.53675
4361.96387 0.538146
4362.22314 0.539491
4362.48193 0.540779
4362.74121 0.542017
4363.00000 0.543215
4363.25781 0.544385
4363.51709 0.545531
4363.77588 0.546657
4364.03516 0.547766
4364.29297 0.548857
4364.55176 0.549916
4364.81104 0.55092
4365.06982 0.551839
4365.32910 0.552652
4365.58691 0.553359
4365.84619 0.553981
4366.10498 0.554551
4366.36377 0.555101
4366.62305 0.555656
4366.88086 0.55622
4367.14014 0.556779
4367.39893 0.557313
4367.65820 0.557803
4367.91699 0.558244
4368.17578 0.558648
4368.43506 0.559032
4368.69287 0.55941
4368.95215 0.55978
4369.21094 0.560125
4369.47021 0.560432
4369.72900 0.5607
4369.98682 0.560949
4370.24609 0.561211
4370.50488 0.561515
4370.76416 0.561876
4371.02197 0.562293
4371.28076 0.562751
4371.54004 0.563224
4371.79883 0.563687
4372.05811 0.564121
4372.31592 0.564517
4372.57520 0.564879
4372.83398 0.565223
4373.09277 0.565571
4373.35205 0.56594
4373.61084 0.566334
4373.87012 0.566742
4374.12793 0.567136
4374.38721 0.567488
4374.64600 0.567777
4374.90479 0.568002
4375.16406 0.568172
4375.42188 0.568306
4375.68115 0.568425
4375.93994 0.568549
4376.19922 0.568693
4376.45801 0.568864
4376.71582 0.569057
4376.97607 0.569253
4377.23389 0.569431
4377.49316 0.56958
4377.75195 0.569705
4378.01123 0.569822
4378.27002 0.569951
4378.52783 0.570108
4378.78711 0.570299
4379.04590 0.570521
4379.30518 0.570766
4379.56299 0.571015
4379.82324 0.571247
4380.08203 0.571449
4380.33984 0.571622
4380.59912 0.57178
4380.85791 0.571943
4381.11719 0.572124
4381.37500 0.572321
4381.63379 0.572524
4381.89307 0.572717
4382.15186 0.572886
4382.41113 0.573024
4382.66992 0.573133
4382.92920 0.573227
4383.18799 0.573321
4383.44580 0.573437
4383.70508 0.573595
4383.96387 0.573808
4384.22314 0.57408
4384.48193 0.5744
4384.74121 0.57475
4385.00000 0.5751
4385.25781 0.575427
4385.51709 0.575721
4385.77588 0.575977
4386.03516 0.576195
4386.29297 0.576371
4386.55322 0.576497
4386.81201 0.576572
4387.06982 0.57661
4387.32910 0.57663
4387.58789 0.576656
4387.84717 0.576698
4388.10498 0.576756
4388.36377 0.57682
4388.62402 0.576875
4388.88184 0.576905
4389.14111 0.576906
4389.39990 0.576882
4389.65918 0.57685
4389.91699 0.576825
4390.17676 0.576821
4390.43604 0.576846
4390.69385 0.576902
4390.95312 0.576989
4391.21191 0.577101
4391.47119 0.577231
4391.72900 0.577373
4391.98877 0.577522
4392.24805 0.577673
4392.50586 0.577816
4392.76514 0.577943
4393.02393 0.578049
4393.28320 0.578138
4393.54199 0.578223
4393.80078 0.578312
4394.06006 0.578403
4394.31787 0.578489
4394.57715 0.578558
4394.83594 0.578596
4395.09521 0.578596
4395.35400 0.578552
4395.61279 0.578463
4395.87207 0.578331
4396.12988 0.578164
4396.39014 0.577983
4396.64795 0.577815
4396.90723 0.577684
4397.16602 0.57761
4397.42480 0.577599
4397.68408 0.577644
4397.94287 0.577728
4398.20215 0.577828
4398.45996 0.577916
4398.71924 0.577952
4398.97803 0.577904
4399.23682 0.577752
4399.49609 0.577502
4399.75488 0.577198
4400.01416 0.576909
4400.27197 0.576706
4400.53223 0.576637
4400.79102 0.576709
4401.04883 0.576883
4401.30811 0.57709
4401.56689 0.577263
4401.82617 0.577362
4402.08496 0.577385
4402.34424 0.577352
4402.60303 0.577294
4402.86182 0.577225
4403.12109 0.577141
4403.37891 0.57703
4403.63818 0.576876
4403.89697 0.576668
4404.15576 0.576403
4404.41504 0.576088
4404.67383 0.575735
4404.93311 0.575359
4405.19189 0.57497
4405.45117 0.574582
4405.70898 0.574208
4405.96777 0.573861
4406.22803 0.573557
4406.48584 0.573313
4406.74512 0.573133
4407.00391 0.573012
4407.26318 0.572933
4407.52197 0.572868
4407.78076 0.572787
4408.04004 0.572675
4408.29883 0.572529
4408.55811 0.572358
4408.81592 0.57218
4409.07520 0.57201
4409.33398 0.571844
4409.59277 0.57167
4409.85205 0.571471
4410.11084 0.571246
4410.37012 0.571017
4410.62891 0.570823
4410.88818 0.570698
4411.14600 0.570645
4411.40576 0.570635
4411.66504 0.570613
4411.92285 0.570529
4412.18213 0.570348
4412.44092 0.570065
4412.70020 0.569701
4412.95898 0.569281
4413.21777 0.568829
4413.47705 0.568367
4413.73584 0.567911
4413.99512 0.567477
4414.25391 0.567079
4414.51318 0.566724
4414.77100 0.566412
4415.02979 0.566139
4415.29004 0.565895
4415.54785 0.565667
4415.80713 0.565436
4416.06592 0.565179
4416.32520 0.564876
4416.58398 0.564512
4416.84277 0.564088
4417.10205 0.563619
4417.36084 0.563125
4417.62012 0.562632
4417.87891 0.562165
4418.13818 0.561741
4418.39600 0.561359
4418.65479 0.56101
4418.91504 0.560673
4419.17285 0.560322
4419.43213 0.559944
4419.69092 0.559532
4419.95020 0.559089
4420.20898 0.558619
4420.46777 0.558126
4420.72705 0.557606
4420.98584 0.557039
4421.24512 0.556403
4421.50391 0.555678
4421.76318 0.554859
4422.02100 0.55396
4422.28076 0.553015
4422.54004 0.552065
4422.79785 0.551144
4423.05811 0.55027
4423.31592 0.549439
4423.57520 0.54863
4423.83398 0.547825
4424.09277 0.547006
4424.35205 0.54617
4424.61084 0.545314
4424.87012 0.544444
4425.12891 0.543562
4425.38818 0.542666
4425.64697 0.541747
4425.90576 0.540789
4426.16504 0.539777
4426.42383 0.538701
4426.68311 0.537563
4426.94189 0.536367
4427.20117 0.535115
4427.45898 0.533802
4427.71924 0.532419
4427.97803 0.530955
4428.23682 0.529414
4428.49609 0.527815
4428.75391 0.526188
4429.01416 0.524565
4429.27197 0.522964
4429.53076 0.521382
4429.79102 0.519801
4430.04883 0.51819
4430.30811 0.516524
4430.56689 0.514778
4430.82617 0.51294
4431.08496 0.511007
4431.34424 0.508991
4431.60303 0.506909
4431.86182 0.504789
4432.12109 0.502659
4432.37988 0.500534
4432.63916 0.498414
4432.89795 0.496279
4433.15723 0.49409
4433.41602 0.491801
4433.67480 0.48938
4433.93408 0.486812
4434.19287 0.484104
4434.45215 0.481285
4434.71094 0.478391
4434.97021 0.475455
4435.22900 0.472498
4435.48779 0.469536
4435.74707 0.466572
4436.00586 0.463602
4436.26514 0.460621
4436.52295 0.457616
4436.78320 0.45457
4437.04199 0.451466
4437.30078 0.448289
4437.56006 0.445029
4437.81787 0.441684
4438.07812 0.438261
4438.33594 0.43477
4438.59619 0.431224
4438.85400 0.427638
4439.11279 0.424032
4439.37305 0.420414
4439.63086 0.416784
4439.89111 0.413125
4440.14893 0.40941
4440.40918 0.405612
4440.66699 0.401715
4440.92578 0.397723
4441.18604 0.393654
4441.44385 0.389542
4441.70410 0.385423
4441.96191 0.381332
4442.22119 0.377286
4442.47998 0.373284
4442.73877 0.369307
4442.99902 0.365322
4443.25684 0.361301
4443.51709 0.357229
4443.77490 0.353112
4444.03418 0.348967
4444.29297 0.344809
4444.55176 0.340652
4444.81201 0.336493
4445.06982 0.332322
4445.33008 0.328131
4445.58789 0.323913
4445.84814 0.319665
4446.10596 0.315399
4446.36523 0.311128
4446.62500 0.306872
4446.88281 0.30265
4447.14307 0.298471
4447.40088 0.294333
4447.66113 0.290222
4447.91895 0.286123
4448.17920 0.282025
4448.43799 0.277921
4448.69580 0.273817
4448.95605 0.269722
4449.21387 0.265645
4449.47412 0.261597
4449.73193 0.257586
4449.99219 0.253618
4450.25000 0.249698
4450.50977 0.245831
4450.76904 0.242014
4451.02783 0.23824
4451.28711 0.234497
4451.54590 0.230772
4451.80518 0.227057
4452.06396 0.223347
4452.32324 0.219643
4452.58203 0.215951
4452.84082 0.21228
4453.10010 0.208638
4453.35889 0.205041
4453.61816 0.2015
4453.87695 0.198019
4454.13623 0.1946
4454.39502 0.191238
4454.65381 0.187924
4454.91309 0.184654
4455.17188 0.181426
4455.43115 0.178242
4455.68994 0.175106
4455.94922 0.172019
4456.20801 0.168984
4456.46680 0.166001
4456.72607 0.163074
4456.98486 0.160204
4457.24414 0.157391
4457.50293 0.154626
4457.76221 0.151896
4458.02100 0.14919
4458.27979 0.146496
4458.54004 0.143815
4458.79785 0.141152
4459.05811 0.138518
4459.31592 0.135922
4459.57617 0.133372
4459.83398 0.130873
4460.09424 0.128431
4460.35303 0.126051
4460.61182 0.123734
4460.87109 0.12148
4461.12988 0.119282
4461.38916 0.117133
4461.64795 0.115023
4461.90723 0.112947
4462.16602 0.110901
4462.42480 0.108885
4462.68408 0.106899
4462.94287 0.104943
4463.20215 0.103017
4463.46094 0.101125
4463.72021 0.099272
4463.97900 0.097468
4464.23779 0.095715
4464.49805 0.094006
4464.75586 0.092326
4465.01611 0.090651
4465.27490 0.088963
4465.53418 0.087251
4465.79297 0.085525
4466.05176 0.08381
4466.31104 0.082137
4466.56982 0.080532
4466.82910 0.079009
4467.08789 0.077565
4467.34717 0.07619
4467.60596 0.074864
4467.86523 0.07357
4468.12500 0.072291
4468.38281 0.071014
4468.64307 0.069733
4468.90088 0.068449
4469.16113 0.067166
4469.41895 0.065898
4469.67920 0.064658
4469.93799 0.063459
4470.19678 0.062309
4470.45605 0.061204
4470.71484 0.060135
4470.97412 0.059091
4471.23291 0.05806
4471.49219 0.057037
4471.75098 0.056021
4472.00977 0.055017
4472.27002 0.054028
4472.52783 0.053056
4472.78809 0.052102
4473.04688 0.051163
4473.30615 0.05024
4473.56494 0.049334
4473.82422 0.048447
4474.08301 0.047584
4474.34180 0.046748
4474.60107 0.045939
4474.85986 0.045153
4475.11914 0.044384
4475.37793 0.04362
4475.63721 0.042857
4475.89600 0.042094
4476.15576 0.04134
4476.41504 0.040608
4476.67383 0.039908
4476.93311 0.039244
4477.19189 0.038608
4477.45117 0.037987
4477.70996 0.037367
4477.96924 0.036739
4478.22803 0.036104
4478.48682 0.03547
4478.74707 0.034844
4479.00488 0.034224
4479.26514 0.033605
4479.52393 0.032981
4479.78320 0.032353
4480.04199 0.031731
4480.30078 0.031129
4480.56006 0.03056
4480.81885 0.030029
4481.07812 0.029538
4481.33691 0.029081
4481.59717 0.028651
4481.85498 0.028239
4482.11523 0.027837
4482.37402 0.027435
4482.63281 0.027023
4482.89209 0.026595
4483.15088 0.026152
4483.41016 0.0257
4483.66895 0.02525
4483.92822 0.02481
4484.18799 0.024382
4484.44678 0.023963
4484.70605 0.023548
4484.96484 0.023136
4485.22412 0.022733
4485.48291 0.022347
4485.74219 0.021987
4486.00098 0.021653
4486.25977 0.02134
4486.52002 0.021039
4486.77783 0.020744
4487.03809 0.020452
4487.29688 0.020168
4487.55615 0.019893
4487.81494 0.019623
4488.07422 0.019352
4488.33301 0.019073
4488.59180 0.018782
4488.85205 0.018481
4489.10986 0.018178
4489.37012 0.01788
4489.62891 0.017592
4489.88818 0.017318
4490.14697 0.017059
4490.40576 0.016815
4490.66504 0.016584
4490.92383 0.016359
4491.18408 0.016135
4491.44189 0.015904
4491.70215 0.015663
4491.96094 0.015411
4492.22021 0.015147
4492.47900 0.014877
4492.73779 0.014606
4492.99805 0.014342
4493.25586 0.014095
4493.51611 0.013872
4493.77490 0.013675
4494.03418 0.0135
4494.29297 0.013339
4494.55176 0.013185
4494.81104 0.013033
4495.06982 0.012878
4495.33008 0.012719
4495.58887 0.012553
4495.84814 0.012378
4496.10693 0.012194
4496.36621 0.012004
4496.62500 0.011809
4496.88379 0.011616
4497.14404 0.011428
4497.40186 0.011251
4497.66211 0.011086
4497.92090 0.010935
4498.18018 0.010795
4498.43896 0.010661
4498.69824 0.010528
4498.95801 0.010392
4499.21582 0.010248
4499.47607 0.010097
4499.73486 0.009941
4499.99414 0.009785
4500.25293 0.009636
4500.51221 0.0095
4500.77100 0.009377
4501.03076 0.009264
4501.29004 0.009157
4501.54883 0.009048
4501.80811 0.008935
4502.06689 0.008818
4502.32617 0.008698
4502.58496 0.008577
4502.84521 0.008457
4503.10400 0.008337
4503.36279 0.008221
4503.62207 0.008112
4503.88086 0.008013
4504.14014 0.007924
4504.39893 0.007845
4504.65918 0.007775
4504.91797 0.00771
4505.17676 0.007648
4505.43604 0.007585
4505.69482 0.007518
4505.95508 0.007444
4506.21289 0.007361
4506.47314 0.00727
4506.73193 0.007174
4506.99121 0.007078
4507.25000 0.006987
4507.50879 0.006903
4507.76904 0.006827
4508.02783 0.006755
4508.28711 0.00668
4508.54590 0.006595
4508.80518 0.006495
4509.06396 0.006382
4509.32422 0.006266
4509.58301 0.006157
4509.84180 0.006064
4510.10107 0.00599
4510.35986 0.005931
4510.62012 0.00588
4510.87793 0.005833
4511.13818 0.005786
4511.39697 0.005738
4511.65576 0.00569
4511.91504 0.005641
4512.17383 0.005586
4512.43408 0.005524
4512.69287 0.005454
4512.95215 0.005379
4513.21094 0.005302
4513.47021 0.005231
4513.72900 0.005167
4513.98877 0.005112
4514.24805 0.00506
4514.50684 0.005004
4514.76611 0.004936
4515.02490 0.004852
4515.28516 0.004756
4515.54395 0.00466
4515.80322 0.004577
4516.06201 0.004518
4516.32080 0.004487
4516.58105 0.004478
4516.83984 0.004481
4517.09912 0.004478
4517.35791 0.004458
4517.61719 0.004414
4517.87598 0.004347
4518.13623 0.004265
4518.39502 0.004177
4518.65381 0.004094
4518.91309 0.004019
4970.80420 0.0
