threeML/data/optical_filters/CAHA/CAHA-f_487_11.ecsv
# %ECSV 0.9
# ---
# datatype:
# - {name: wavelength, unit: Angstrom, datatype: float32}
# - {name: response, datatype: float32}
# meta: !!omap
# - {band_name: f_487_11}
# - {group_name: CAHA}
wavelength response
4187.70605 0.0
4653.00684 0.004163
4653.87109 0.004301
4654.73389 0.004356
4655.59717 0.004349
4656.45996 0.004336
4657.32324 0.004367
4658.18701 0.00444
4659.04980 0.004515
4659.91309 0.004565
4660.77588 0.004599
4661.64014 0.004657
4662.50293 0.004768
4663.36621 0.004931
4664.22900 0.005111
4665.09277 0.005273
4665.95605 0.005405
4666.81885 0.005512
4667.68311 0.005599
4668.54590 0.005655
4669.41016 0.005669
4670.27295 0.005638
4671.13623 0.005594
4672.00000 0.005583
4672.86279 0.005633
4673.72705 0.005728
4674.58984 0.005829
4675.45312 0.005908
4676.31689 0.005952
4677.18018 0.005959
4678.04297 0.005943
4678.90723 0.00595
4679.77100 0.006031
4680.63379 0.006189
4681.49805 0.006364
4682.36084 0.006484
4683.22510 0.00652
4684.08789 0.006494
4684.95215 0.006465
4685.81494 0.006489
4686.67920 0.006595
4687.54199 0.006769
4688.40576 0.006973
4689.27002 0.007177
4690.13281 0.00738
4690.99707 0.00759
4691.85986 0.007803
4692.72412 0.008001
4693.58691 0.008177
4694.45117 0.00834
4695.31494 0.008495
4696.17920 0.00864
4697.04199 0.008764
4697.90576 0.008866
4698.77002 0.008954
4699.63281 0.009038
4700.49707 0.009131
4701.36084 0.009249
4702.22510 0.009396
4703.08789 0.009571
4703.95215 0.009773
4704.81592 0.010008
4705.68018 0.01027
4706.54297 0.010531
4707.40723 0.010746
4708.27100 0.010887
4709.13477 0.010961
4709.99902 0.011003
4710.86182 0.011054
4711.72607 0.011141
4712.58984 0.011278
4713.45410 0.011466
4714.31787 0.011697
4715.18213 0.011962
4716.04492 0.012264
4716.90918 0.012609
4717.77295 0.012981
4718.63721 0.01333
4719.50098 0.013604
4720.36523 0.013802
4721.22900 0.01399
4722.09277 0.014255
4722.95703 0.014631
4723.82080 0.015073
4724.68506 0.015483
4725.54883 0.015786
4726.41309 0.015979
4727.27686 0.016142
4728.14111 0.01638
4729.00488 0.016753
4729.86914 0.017245
4730.73291 0.017794
4731.59717 0.018338
4732.46094 0.018834
4733.32520 0.01925
4734.18896 0.019574
4735.05420 0.019831
4735.91699 0.02008
4736.78223 0.020382
4737.64600 0.02076
4738.50977 0.02119
4739.37402 0.021624
4740.23779 0.02204
4741.10303 0.022451
4741.96680 0.022886
4742.83105 0.023363
4743.69482 0.023887
4744.55908 0.024467
4745.42285 0.025099
4746.28809 0.025756
4747.15186 0.026399
4748.01611 0.027026
4748.87988 0.027685
4749.74512 0.028418
4750.60889 0.029223
4751.47314 0.030062
4752.33691 0.030905
4753.20215 0.031741
4754.06592 0.032565
4754.93115 0.033379
4755.79492 0.034194
4756.65918 0.035028
4757.52295 0.035887
4758.38818 0.036758
4759.25195 0.037619
4760.11719 0.038473
4760.98096 0.039362
4761.84619 0.040323
4762.70996 0.041337
4763.57422 0.042339
4764.43896 0.043291
4765.30322 0.044246
4766.16797 0.045307
4767.03223 0.046548
4767.89600 0.047967
4768.76123 0.049524
4769.62500 0.05117
4770.49023 0.052852
4771.35400 0.054515
4772.21924 0.056135
4773.08301 0.057726
4773.94824 0.059324
4774.81299 0.060956
4775.67676 0.062632
4776.54199 0.064358
4777.40723 0.066157
4778.27100 0.068059
4779.13623 0.070089
4780.00000 0.072261
4780.86523 0.074589
4781.72900 0.077088
4782.59424 0.079747
4783.45898 0.082523
4784.32422 0.085349
4785.18799 0.088184
4786.05322 0.091052
4786.91699 0.094028
4787.78223 0.097177
4788.64697 0.100522
4789.51221 0.104054
4790.37598 0.107769
4791.24121 0.111677
4792.10596 0.115773
4792.97119 0.120015
4793.83496 0.124342
4794.70020 0.128718
4795.56494 0.133171
4796.43018 0.137776
4797.29395 0.142587
4798.16016 0.147592
4799.02393 0.152771
4799.88916 0.158166
4800.75391 0.163856
4801.61914 0.169887
4802.48389 0.176237
4803.34912 0.182853
4804.21289 0.189693
4805.07910 0.196728
4805.94287 0.203934
4806.80811 0.211309
4807.67285 0.218907
4808.53809 0.226846
4809.40283 0.235221
4810.26807 0.243997
4811.13281 0.252985
4811.99805 0.261948
4812.86279 0.270762
4813.72803 0.279492
4814.59277 0.288318
4815.45801 0.297392
4816.32324 0.306745
4817.18799 0.316321
4818.05322 0.326059
4818.91797 0.33593
4819.78320 0.345882
4820.64795 0.355802
4821.51318 0.365578
4822.37793 0.375222
4823.24414 0.384865
4824.10791 0.394596
4824.97412 0.404347
4825.83887 0.413965
4826.70410 0.423318
4827.56885 0.432339
4828.43408 0.44102
4829.29883 0.449412
4830.16504 0.457589
4831.02979 0.465562
4831.89502 0.473252
4832.75977 0.480559
4833.62500 0.487445
4834.49121 0.493955
4835.35596 0.500158
4836.22119 0.506062
4837.08594 0.51158
4837.95215 0.516577
4838.81689 0.520971
4839.68213 0.524787
4840.54688 0.528137
4841.41309 0.531164
4842.27783 0.533992
4843.14404 0.536674
4844.00879 0.539147
4844.87402 0.541257
4845.74023 0.54283
4846.60498 0.543792
4847.47021 0.544248
4848.33496 0.544463
4849.20117 0.544683
4850.06592 0.544935
4850.93213 0.544998
4851.79688 0.544619
4852.66309 0.543746
4853.52783 0.542591
4854.39404 0.54146
4855.25879 0.540508
4856.12500 0.53965
4856.99023 0.538691
4857.85498 0.537534
4858.72119 0.53624
4859.58594 0.534901
4860.45215 0.533509
4861.31689 0.531972
4862.18311 0.530247
4863.04883 0.528438
4863.91406 0.526727
4864.77979 0.525237
4865.64600 0.52396
4866.51123 0.522817
4867.37598 0.521739
4868.24219 0.520721
4869.10791 0.519769
4869.97412 0.518805
4870.83887 0.51766
4871.70508 0.516218
4872.56982 0.514543
4873.43604 0.512834
4874.30176 0.511256
4875.16699 0.50987
4876.03320 0.508692
4876.89893 0.507762
4877.76514 0.50711
4878.62988 0.506674
4879.49609 0.506281
4880.36182 0.505737
4881.22803 0.504942
4882.09277 0.503902
4882.95898 0.502671
4883.82520 0.501294
4884.69092 0.499834
4885.55713 0.498375
4886.42188 0.496962
4887.28809 0.495549
4888.15381 0.494046
4889.02002 0.492431
4889.88623 0.490768
4890.75098 0.489103
4891.61719 0.487344
4892.48291 0.485283
4893.34912 0.482753
4894.21484 0.479789
4895.08105 0.476633
4895.94678 0.473579
4896.81299 0.470782
4897.67920 0.468169
4898.54492 0.465503
4899.41113 0.462538
4900.27686 0.45914
4901.14307 0.455304
4902.00879 0.451105
4902.87500 0.446661
4903.74121 0.442105
4904.60596 0.43754
4905.47314 0.432963
4906.33887 0.428228
4907.20508 0.423093
4908.07080 0.417348
4908.93701 0.410961
4909.80322 0.404129
4910.66895 0.397157
4911.53516 0.390263
4912.40088 0.383462
4913.26807 0.376633
4914.13379 0.369678
4915.00000 0.362595
4915.86621 0.355435
4916.73193 0.348232
4917.59814 0.340971
4918.46387 0.333589
4919.33105 0.326026
4920.19678 0.318278
4921.06299 0.310393
4921.92920 0.302436
4922.79492 0.294459
4923.66211 0.286509
4924.52783 0.278646
4925.39404 0.270956
4926.25977 0.263511
4927.12598 0.256329
4927.99316 0.249344
4928.85889 0.24244
4929.72607 0.235511
4930.59180 0.228535
4931.45801 0.221608
4932.32520 0.214882
4933.19092 0.208437
4934.05713 0.202209
4934.92383 0.196037
4935.79004 0.189822
4936.65576 0.183619
4937.52295 0.177593
4938.38916 0.171885
4939.25488 0.166503
4940.12207 0.161337
4940.98779 0.156242
4941.85498 0.151148
4942.72119 0.146087
4943.58789 0.141153
4944.45410 0.136416
4945.32080 0.131879
4946.18701 0.1275
4947.05420 0.123249
4947.91992 0.119136
4948.78711 0.115202
4949.65283 0.111491
4950.52002 0.108012
4951.38623 0.104717
4952.25293 0.101515
4953.12012 0.09834
4953.98584 0.095194
4954.85303 0.092132
4955.71924 0.089216
4956.58594 0.086478
4957.45312 0.083907
4958.31885 0.081454
4959.18604 0.079064
4960.05176 0.076706
4960.91895 0.074385
4961.78613 0.072114
4962.65186 0.069887
4963.51904 0.067698
4964.38623 0.065573
4965.25195 0.063573
4966.11914 0.061741
4966.98584 0.060049
4967.85303 0.058418
4968.71924 0.056788
4969.58594 0.05517
4970.45312 0.053617
4971.31982 0.052153
4972.18701 0.050749
4973.05322 0.049365
4973.91992 0.047989
4974.78711 0.046651
4975.65381 0.045396
4976.52100 0.04425
4977.38721 0.043193
4978.25391 0.042167
4979.12109 0.041109
4979.98779 0.04001
4980.85498 0.038922
4981.72217 0.037919
4982.58887 0.037031
4983.45605 0.036233
4984.32324 0.03547
4985.18896 0.0347
4986.05713 0.033909
4986.92285 0.033108
4987.79102 0.032325
4988.65723 0.031585
4989.52393 0.030896
4990.39111 0.030239
4991.25781 0.029566
4992.12500 0.028834
4992.99219 0.028038
4993.85889 0.027233
4994.72705 0.026508
4995.59277 0.025911
4996.45996 0.02542
4997.32812 0.024964
4998.19482 0.024482
4999.06201 0.023949
4999.92920 0.023384
5000.79590 0.022821
5001.66309 0.022282
5002.52979 0.021763
5003.39697 0.021244
5004.26514 0.020718
5005.13184 0.020202
5005.99902 0.019736
5006.86621 0.019352
5007.73291 0.019047
5008.60107 0.018779
5009.46777 0.018488
5010.33496 0.018144
5011.20215 0.017766
5012.06885 0.017399
5012.93701 0.017078
5013.80420 0.016806
5014.67090 0.016561
5015.53809 0.016309
5016.40479 0.016019
5017.27295 0.015672
5018.14014 0.01527
5019.00684 0.01484
5019.87500 0.014418
5020.74219 0.014037
5021.60889 0.013708
5022.47705 0.013423
5023.34424 0.013172
5024.21094 0.012957
5025.07910 0.012774
5025.94580 0.012592
5026.81299 0.012366
5027.68115 0.012077
5028.54785 0.011767
5029.41602 0.011501
5030.28320 0.011314
5031.15088 0.011189
5032.01807 0.011072
5032.88623 0.010914
5033.75293 0.010689
5034.62109 0.010402
5035.48779 0.010091
5036.35596 0.009807
5037.22314 0.009598
5038.09082 0.009481
5038.95801 0.009426
5039.82617 0.009377
5040.69287 0.00928
5041.56104 0.009126
5042.42920 0.008949
5043.29590 0.008791
5044.16406 0.00867
5045.03076 0.008575
5045.89893 0.008488
5046.76709 0.008394
5047.63379 0.008281
5048.50195 0.008135
5049.37012 0.007951
5050.23682 0.007744
5051.10498 0.007547
5051.97314 0.007391
5052.83984 0.007285
5053.70801 0.00721
5054.57617 0.007143
5055.44287 0.007072
5056.31104 0.006995
5057.17920 0.006909
5058.04688 0.006813
5058.91504 0.006714
5059.78223 0.006625
5060.64990 0.006551
5061.51807 0.00649
5062.38623 0.006432
5063.25293 0.00637
5064.12109 0.006295
5064.98877 0.006205
5065.85693 0.006102
5066.72510 0.005991
5067.59277 0.005869
5068.45996 0.00573
5069.32812 0.005576
5070.19580 0.005421
5071.06396 0.005283
5071.93213 0.005172
5072.79980 0.005085
5073.66797 0.005014
5074.53613 0.004951
5075.40381 0.004897
5076.27197 0.004859
5077.14014 0.004842
5078.00781 0.004843
5078.87500 0.004846
5079.74414 0.00483
5080.61182 0.004775
5081.47900 0.004678
5082.34814 0.004561
5083.21582 0.004451
5084.08398 0.004364
5084.95215 0.0043
5085.81982 0.004249
5086.68799 0.004201
5087.55615 0.004151
5088.42383 0.004096
5089.29199 0.004031
5598.22119 0.0
