threeML/data/optical_filters/CAHA/CAHA-f_671_1.ecsv
# %ECSV 0.9
# ---
# datatype:
# - {name: wavelength, unit: Angstrom, datatype: float32}
# - {name: response, datatype: float32}
# meta: !!omap
# - {band_name: f_671_1}
# - {group_name: CAHA}
wavelength response
6023.35791 0.0
6692.62012 0.004058
6692.87988 0.004127
6693.14014 0.004384
6693.39990 0.004511
6693.66016 0.004507
6693.93018 0.004834
6694.18994 0.004977
6694.45020 0.005186
6694.70996 0.005445
6694.97021 0.005666
6695.22998 0.005813
6695.49023 0.006074
6695.75000 0.006535
6696.02002 0.006766
6696.27979 0.007014
6696.54004 0.007553
6696.79980 0.007804
6697.06006 0.00832
6697.31982 0.008758
6697.58008 0.009251
6697.83984 0.009639
6698.10986 0.010283
6698.37012 0.010768
6698.62988 0.011416
6698.89014 0.012187
6699.14990 0.013277
6699.41016 0.013849
6699.66992 0.014509
6699.93994 0.015767
6700.20020 0.016958
6700.45996 0.017959
6700.72021 0.019135
6700.97998 0.020868
6701.24023 0.022473
6701.50000 0.024352
6701.75977 0.026638
6702.02979 0.028487
6702.29004 0.031102
6702.54980 0.033672
6702.81006 0.036928
6703.06982 0.040181
6703.33008 0.044408
6703.58984 0.049071
6703.85010 0.053479
6704.12012 0.06014
6704.37988 0.066083
6704.64014 0.074269
6704.89990 0.082114
6705.16016 0.091822
6705.41992 0.103344
6705.68018 0.115502
6705.95020 0.130118
6706.20996 0.146363
6706.47021 0.165103
6706.72998 0.186254
6706.99023 0.209812
6707.25000 0.237706
6707.50977 0.267768
6707.77002 0.297777
6708.04004 0.335065
6708.29980 0.37209
6708.56006 0.412313
6708.81982 0.452508
6709.08008 0.494247
6709.33984 0.5345
6709.60010 0.568503
6709.85986 0.604123
6710.12988 0.634968
6710.39014 0.663789
6710.64990 0.6855
6710.91016 0.707291
6711.16992 0.720182
6711.43018 0.727873
6711.68994 0.736689
6711.95996 0.742408
6712.22021 0.745621
6712.47998 0.750787
6712.74023 0.751479
6713.00000 0.751869
6713.25977 0.7454
6713.52002 0.738631
6713.77979 0.730167
6714.04980 0.717882
6714.31006 0.703443
6714.56982 0.685023
6714.83008 0.662626
6715.08984 0.635927
6715.35010 0.601561
6715.60986 0.566244
6715.87012 0.527197
6716.14014 0.486808
6716.39990 0.446706
6716.66016 0.404647
6716.91992 0.366329
6717.18018 0.329655
6717.43994 0.293761
6717.70020 0.261732
6717.95996 0.232173
6718.22998 0.206272
6718.49023 0.182532
6718.75000 0.162059
6719.00977 0.143274
6719.27002 0.127665
6719.52979 0.113663
6719.79004 0.101108
6720.06006 0.089601
6720.31982 0.080827
6720.58008 0.07217
6720.83984 0.065075
6721.10010 0.058812
6721.35986 0.05289
6721.62012 0.047826
6721.87988 0.043579
6722.14990 0.039752
6722.41016 0.036435
6722.66992 0.033276
6722.93018 0.030437
6723.18994 0.028082
6723.45020 0.025883
6723.70996 0.023675
6723.97021 0.022115
6724.24023 0.020522
6724.50000 0.018947
6724.75977 0.01785
6725.02002 0.016551
6725.27979 0.015232
6725.54004 0.01445
6725.79980 0.013766
6726.06982 0.012869
6726.33008 0.012066
6726.58984 0.011403
6726.85010 0.010568
6727.10986 0.010182
6727.37012 0.00951
6727.62988 0.008978
6727.89014 0.00855
6728.16016 0.008225
6728.41992 0.007958
6728.68018 0.007487
6728.93994 0.007227
6729.20020 0.006862
6729.45996 0.006542
6729.72021 0.006161
6729.97998 0.005981
6730.25000 0.005756
6730.50977 0.005455
6730.77002 0.005245
6731.02979 0.005168
6731.29004 0.004891
6731.54980 0.004743
6731.81006 0.004655
6732.08008 0.004366
6732.33984 0.004152
6732.60010 0.004166
6732.85986 0.004023
7406.14600 0.0
