threeML/data/optical_filters/CAHA/CAHA-f_498_156a.ecsv
# %ECSV 0.9
# ---
# datatype:
# - {name: wavelength, unit: Angstrom, datatype: float32}
# - {name: response, datatype: float32}
# meta: !!omap
# - {band_name: f_498_156a}
# - {group_name: CAHA}
wavelength response
3337.38086 0.0
3708.20093 0.00447
3711.44507 0.005174
3714.68799 0.005974
3717.93188 0.006866
3721.17603 0.007843
3724.41992 0.008898
3727.66406 0.010026
3730.90796 0.011223
3734.15210 0.012484
3737.39600 0.013807
3740.63892 0.015192
3743.88403 0.016635
3747.12695 0.018138
3750.37207 0.0197
3753.61597 0.021321
3756.86011 0.023
3760.10400 0.024743
3763.34790 0.026552
3766.59204 0.028432
3769.83594 0.030389
3773.08105 0.032439
3776.32495 0.034612
3779.56909 0.036927
3782.81396 0.039418
3786.05811 0.042112
3789.30200 0.045015
3792.54712 0.048105
3795.79102 0.051316
3799.03589 0.054546
3802.28003 0.057654
3805.52490 0.060484
3808.77002 0.062925
3812.01392 0.06491
3815.25903 0.066474
3818.50293 0.067729
3821.74805 0.068868
3824.99292 0.070111
3828.23804 0.071657
3831.48193 0.073656
3834.72705 0.07616
3837.97192 0.079127
3841.21704 0.082441
3844.46191 0.085933
3847.70703 0.089423
3850.95190 0.09276
3854.19702 0.095853
3857.44189 0.098677
3860.68701 0.101267
3863.93188 0.103719
3867.17700 0.106142
3870.42310 0.108653
3873.66797 0.111345
3876.91309 0.114266
3880.15796 0.117437
3883.40405 0.12082
3886.64893 0.124349
3889.89404 0.127942
3893.13989 0.131512
3896.38501 0.134984
3899.62988 0.138319
3902.87598 0.141517
3906.12109 0.144614
3909.36694 0.147647
3912.61304 0.150687
3915.85791 0.15379
3919.10400 0.157018
3922.35010 0.160418
3925.59497 0.164046
3928.84106 0.167931
3932.08691 0.172109
3935.33301 0.176597
3938.57788 0.181398
3941.82397 0.186478
3945.07007 0.191791
3948.31592 0.197244
3951.56201 0.20273
3954.80811 0.208112
3958.05396 0.213272
3961.30005 0.218109
3964.54590 0.222568
3967.79199 0.22665
3971.03906 0.2304
3974.28491 0.233895
3977.53101 0.23724
3980.77710 0.240532
3984.02393 0.243854
3987.27002 0.247268
3990.51611 0.250807
3993.76294 0.254487
3997.00903 0.258302
4000.25610 0.262219
4003.50195 0.266198
4006.74902 0.270197
4009.99512 0.274159
4013.24194 0.278022
4016.48901 0.281737
4019.73511 0.285253
4022.98193 0.28854
4026.22900 0.291608
4029.47510 0.294504
4032.72192 0.297294
4035.96899 0.300072
4039.21606 0.302928
4042.46289 0.305931
4045.70996 0.309116
4048.95703 0.312493
4052.20410 0.316034
4055.45093 0.319704
4058.69800 0.323448
4061.94507 0.327223
4065.19189 0.330988
4068.43896 0.334707
4071.68701 0.338356
4074.93408 0.341942
4078.18091 0.345478
4081.42798 0.349002
4084.67603 0.352551
4087.92310 0.356171
4091.17090 0.359895
4094.41797 0.363724
4097.66602 0.36763
4100.91309 0.371565
4104.16113 0.375446
4107.40820 0.379191
4110.65576 0.382744
4113.90381 0.386065
4117.15088 0.389152
4120.39893 0.39206
4123.64697 0.394851
4126.89502 0.3976
4130.14307 0.40036
4133.39014 0.403163
4136.63818 0.406006
4139.88623 0.408871
4143.13379 0.411747
4146.38184 0.414619
4149.62988 0.417504
4152.87793 0.420441
4156.12598 0.423465
4159.37500 0.42662
4162.62305 0.429931
4165.87109 0.43341
4169.12012 0.437068
4172.36816 0.440901
4175.61621 0.444889
4178.86523 0.449012
4182.11279 0.453238
4185.36182 0.457516
4188.60986 0.461792
4191.85791 0.46601
4195.10693 0.470126
4198.35596 0.474111
4201.60400 0.477944
4204.85303 0.481641
4208.10205 0.485224
4211.35107 0.488723
4214.60010 0.492163
4217.84814 0.49555
4221.09717 0.498859
4224.34619 0.502052
4227.59521 0.505066
4230.84424 0.507854
4234.09277 0.510374
4237.34180 0.512622
4240.59082 0.514621
4243.83984 0.516438
4247.08984 0.518172
4250.33887 0.519923
4253.58789 0.521782
4256.83691 0.52383
4260.08691 0.526096
4263.33594 0.528568
4266.58496 0.531197
4269.83496 0.533904
4273.08398 0.53661
4276.33398 0.539257
4279.58301 0.541808
4282.83301 0.544253
4286.08301 0.546605
4289.33301 0.548873
4292.58203 0.551073
4295.83203 0.553195
4299.08203 0.555223
4302.33203 0.557137
4305.58203 0.558915
4308.83105 0.560557
4312.08105 0.562093
4315.33105 0.563578
4318.58105 0.565086
4321.83203 0.566698
4325.08203 0.568473
4328.33203 0.570457
4331.58203 0.572652
4334.83203 0.575041
4338.08203 0.577576
4341.33301 0.580213
4344.58301 0.582891
4347.83301 0.585565
4351.08301 0.588201
4354.33398 0.590775
4357.58398 0.593261
4360.83496 0.595649
4364.08594 0.597934
4367.33594 0.60012
4370.58691 0.602238
4373.83789 0.604324
4377.08789 0.60644
4380.33887 0.608663
4383.58984 0.611079
4386.84082 0.613765
4390.09180 0.616795
4393.34277 0.620219
4396.59424 0.624081
4399.84521 0.628393
4403.09619 0.633162
4406.34717 0.638368
4409.59814 0.643968
4412.84912 0.64989
4416.10107 0.656039
4419.35205 0.662289
4422.60303 0.668507
4425.85400 0.674567
4429.10596 0.680353
4432.35693 0.685783
4435.60889 0.690817
4438.85986 0.695448
4442.11182 0.699695
4445.36279 0.703613
4448.61523 0.707259
4451.86719 0.710679
4455.11816 0.713925
4458.37012 0.717027
4461.62207 0.720019
4464.87402 0.722924
4468.12500 0.725764
4471.37695 0.72856
4474.62891 0.731326
4477.88086 0.734066
4481.13379 0.73676
4484.38623 0.739388
4487.63818 0.74192
4490.89014 0.744324
4494.14209 0.746588
4497.39502 0.748703
4500.64697 0.750693
4503.89893 0.752595
4507.15088 0.75447
4510.40381 0.756387
4513.65576 0.758407
4516.90918 0.760571
4520.16211 0.762888
4523.41406 0.765324
4526.66699 0.767816
4529.91895 0.770284
4533.17188 0.772663
4536.42480 0.774904
4539.67822 0.776999
4542.93115 0.778969
4546.18408 0.780848
4549.43701 0.78268
4552.68896 0.78451
4555.94189 0.786354
4559.19482 0.788223
4562.44922 0.790106
4565.70215 0.791993
4568.95508 0.79387
4572.20801 0.79573
4575.46094 0.797567
4578.71484 0.799378
4581.96777 0.80116
4585.22217 0.802893
4588.47510 0.804551
4591.72900 0.806095
4594.98193 0.807491
4598.23584 0.808717
4601.48877 0.809765
4604.74316 0.81065
4607.99707 0.811414
4611.25000 0.812107
4614.50391 0.812786
4617.75781 0.813503
4621.01221 0.814293
4624.26611 0.81517
4627.52002 0.816134
4630.77393 0.817159
4634.02783 0.818206
4637.28223 0.819246
4640.53711 0.820242
4643.79102 0.821178
4647.04492 0.822056
4650.29883 0.822884
4653.55420 0.823691
4656.80811 0.824507
4660.06299 0.825364
4663.31689 0.826283
4666.57080 0.827273
4669.82617 0.828335
4673.08105 0.829449
4676.33496 0.830603
4679.58984 0.831776
4682.84521 0.832956
4686.10010 0.834132
4689.35400 0.835305
4692.60889 0.836468
4695.86377 0.837609
4699.11914 0.838725
4702.37500 0.839809
4705.62891 0.840872
4708.88379 0.84193
4712.14014 0.843011
4715.39502 0.844143
4718.64990 0.845353
4721.90479 0.84665
4725.16113 0.848026
4728.41602 0.849456
4731.67188 0.850903
4734.92676 0.852318
4738.18311 0.853645
4741.43799 0.854837
4744.69385 0.855861
4747.95020 0.856699
4751.20508 0.857366
4754.46094 0.857883
4757.71680 0.858293
4760.97314 0.858636
4764.22900 0.858944
4767.48389 0.859232
4770.74121 0.859488
4773.99707 0.859698
4777.25195 0.859838
4780.50879 0.859908
4783.76514 0.859924
4787.02100 0.85993
4790.27686 0.859992
4793.53418 0.860194
4796.79004 0.86061
4800.04688 0.86129
4803.30322 0.862253
4806.56006 0.863486
4809.81592 0.864945
4813.07324 0.866578
4816.33008 0.868326
4819.58594 0.870141
4822.84277 0.871993
4826.10010 0.873863
4829.35596 0.875741
4832.61279 0.877637
4835.87109 0.879565
4839.12695 0.881546
4842.38379 0.883608
4845.64209 0.885776
4848.89893 0.888075
4852.15576 0.890523
4855.41309 0.893124
4858.66992 0.895866
4861.92822 0.898724
4865.18506 0.901665
4868.44287 0.904637
4871.70020 0.907597
4874.95801 0.910488
4878.21484 0.913269
4881.47314 0.915907
4884.72998 0.918386
4887.98779 0.920707
4891.24609 0.92288
4894.50391 0.924915
4897.76221 0.926827
4901.02002 0.928616
4904.27783 0.930287
4907.53613 0.931837
4910.79297 0.933272
4914.05176 0.934606
4917.31006 0.935866
4920.56787 0.937075
4923.82715 0.938254
4927.08496 0.939422
4930.34277 0.94057
4933.60205 0.94169
4936.85986 0.942764
4940.11914 0.943773
4943.37695 0.944698
4946.63623 0.945528
4949.89502 0.946262
4953.15283 0.946905
4956.41211 0.947476
4959.66992 0.948002
4962.93018 0.948513
4966.18799 0.949036
4969.44678 0.949592
4972.70703 0.950183
4975.96484 0.950794
4979.22510 0.951402
4982.48389 0.951972
4985.74316 0.952466
4989.00195 0.95286
4992.26221 0.953141
4995.52100 0.95332
4998.77979 0.953421
5002.04004 0.953484
5005.29883 0.953546
5008.55908 0.953644
5011.81787 0.953807
5015.07812 0.954033
5018.33789 0.954309
5021.59814 0.954602
5024.85693 0.95487
5028.11719 0.955065
5031.37695 0.955154
5034.63721 0.955109
5037.89697 0.954926
5041.15723 0.954619
5044.41699 0.954212
5047.67822 0.953735
5050.93799 0.953214
5054.19824 0.952666
5057.45801 0.952092
5060.71924 0.951499
5063.97900 0.950886
5067.24023 0.950273
5070.50000 0.949689
5073.76123 0.949176
5077.02100 0.948777
5080.28223 0.94852
5083.54297 0.948406
5086.80420 0.94841
5090.06494 0.94848
5093.32617 0.948552
5096.58691 0.948564
5099.84814 0.948473
5103.10889 0.948262
5106.37012 0.94794
5109.63086 0.947531
5112.89209 0.947074
5116.15381 0.946604
5119.41504 0.946153
5122.67578 0.945733
5125.93799 0.94535
5129.19922 0.945
5132.46094 0.944678
5135.72314 0.944387
5138.98389 0.944137
5142.24609 0.943944
5145.50781 0.943821
5148.77002 0.943775
5152.03076 0.943787
5155.29297 0.943825
5158.55518 0.943842
5161.81689 0.943778
5165.07910 0.943596
5168.34082 0.943265
5171.60400 0.942789
5174.86621 0.942192
5178.12793 0.941514
5181.39111 0.940809
5184.65283 0.940136
5187.91602 0.939543
5191.17822 0.939068
5194.43994 0.938727
5197.70312 0.938511
5200.96582 0.938384
5204.22900 0.938288
5207.49121 0.938153
5210.75391 0.937913
5214.01709 0.93751
5217.27979 0.936916
5220.54297 0.936118
5223.80615 0.935144
5227.06885 0.934033
5230.33301 0.932845
5233.59619 0.931638
5236.85889 0.930466
5240.12207 0.929368
5243.38477 0.928364
5246.64893 0.927454
5249.91309 0.926616
5253.17578 0.925816
5256.43896 0.925007
5259.70312 0.924146
5262.96680 0.923201
5266.23096 0.922156
5269.49512 0.921018
5272.75781 0.919804
5276.02197 0.91854
5279.28711 0.917251
5282.54980 0.915942
5285.81396 0.914604
5289.07910 0.913217
5292.34277 0.911763
5295.60693 0.910233
5298.87207 0.908639
5302.13623 0.907008
5305.39990 0.90538
5308.66504 0.903795
5311.92920 0.902287
5315.19385 0.90087
5318.45801 0.899545
5321.72412 0.898293
5324.98779 0.897087
5328.25293 0.895895
5331.51807 0.894684
5334.78320 0.893431
5338.04785 0.892123
5341.31299 0.890747
5344.57812 0.889304
5347.84277 0.88779
5351.10791 0.886209
5354.37402 0.884563
5357.63916 0.882853
5360.90479 0.881086
5364.16992 0.879255
5367.43604 0.877351
5370.70117 0.875363
5373.96680 0.873273
5377.23193 0.871069
5380.49805 0.868746
5383.76416 0.866318
5387.02979 0.863819
5390.29590 0.861294
5393.56201 0.8588
5396.82812 0.856388
5400.09424 0.854099
5403.35986 0.851957
5406.62598 0.849957
5409.89307 0.848075
5413.15918 0.846276
5416.42480 0.84451
5419.69092 0.842733
5422.95801 0.840902
5426.22510 0.838988
5429.49121 0.836974
5432.75781 0.834855
5436.02490 0.832635
5439.29199 0.830323
5442.55908 0.827934
5445.82520 0.825476
5449.09180 0.822958
5452.35889 0.820386
5455.62598 0.817762
5458.89404 0.81509
5462.16113 0.812363
5465.42822 0.809587
5468.69482 0.806761
5471.96191 0.803888
5475.22998 0.800976
5478.49805 0.798036
5481.76514 0.795085
5485.03320 0.792134
5488.29980 0.789188
5491.56787 0.786238
5494.83594 0.783269
5498.10400 0.780256
5501.37207 0.777173
5504.64014 0.774006
5507.90820 0.770748
5511.17578 0.767408
5514.44385 0.764005
5517.71191 0.760567
5520.97998 0.757124
5524.24902 0.753705
5527.51709 0.750337
5530.78613 0.747036
5534.05420 0.74382
5537.32324 0.74069
5540.59082 0.737645
5543.85986 0.734664
5547.12793 0.731719
5550.39697 0.72878
5553.66699 0.725808
5556.93506 0.722773
5560.20410 0.719649
5563.47314 0.716426
5566.74219 0.713097
5570.01221 0.709667
5573.28076 0.706139
5576.54980 0.702526
5579.81885 0.698837
5583.08887 0.695083
5586.35791 0.691272
5589.62793 0.687415
5592.89697 0.683519
5596.16699 0.679591
5599.43701 0.675638
5602.70703 0.671665
5605.97705 0.667672
5609.24609 0.66366
5612.51611 0.659624
5615.78711 0.655561
5619.05713 0.651471
5622.32715 0.64736
5625.59717 0.643239
5628.86719 0.639124
5632.13721 0.635028
5635.40820 0.630958
5638.67822 0.626914
5641.94922 0.622886
5645.21924 0.618862
5648.49023 0.614825
5651.76123 0.610761
5655.03076 0.606661
5658.30176 0.602525
5661.57324 0.598354
5664.84424 0.594158
5668.11523 0.589947
5671.38623 0.585731
5674.65723 0.581522
5677.92920 0.577326
5681.20020 0.573148
5684.47119 0.56899
5687.74316 0.564849
5691.01416 0.560717
5694.28613 0.556585
5697.55713 0.552441
5700.82910 0.548273
5704.10107 0.54407
5707.37207 0.539824
5710.64404 0.535532
5713.91602 0.531201
5717.18799 0.526841
5720.45996 0.522471
5723.73193 0.51811
5727.00391 0.513778
5730.27588 0.509487
5733.54785 0.505238
5736.82080 0.501024
5740.09277 0.496831
5743.36621 0.492638
5746.63818 0.488419
5749.91113 0.484156
5753.18408 0.479826
5756.45605 0.47542
5759.72900 0.470931
5763.00195 0.466363
5766.27490 0.461729
5769.54785 0.457046
5772.82080 0.452337
5776.09424 0.44763
5779.36719 0.442952
5782.64111 0.438329
5785.91406 0.433783
5789.18701 0.429326
5792.45996 0.424962
5795.73389 0.42069
5799.00781 0.416499
5802.28076 0.412373
5805.55518 0.4083
5808.82910 0.404263
5812.10303 0.400247
5815.37598 0.39624
5818.64990 0.392223
5821.92383 0.388178
5825.19824 0.38409
5828.47217 0.379946
5831.74707 0.375736
5835.02100 0.371462
5838.29492 0.367127
5841.56885 0.362742
5844.84424 0.35832
5848.11914 0.353873
5851.39307 0.349411
5854.66797 0.344944
5857.94189 0.34048
5861.21680 0.336033
5864.49219 0.331615
5867.76709 0.327242
5871.04199 0.322933
5874.31689 0.318698
5877.59180 0.314546
5880.86816 0.310478
5884.14307 0.306486
5887.41797 0.302559
5890.69287 0.29868
5893.96924 0.294835
5897.24414 0.291011
5900.52002 0.287204
5903.79590 0.283416
5907.07080 0.279657
5910.34717 0.275939
5913.62305 0.272271
5916.89893 0.268658
5920.17480 0.265099
5923.45117 0.261588
5926.72705 0.258109
5930.00293 0.254645
5933.27881 0.251181
5936.55615 0.247698
5939.83203 0.244184
5943.10791 0.240628
5946.38477 0.23703
5949.66211 0.233397
5952.93799 0.229741
5956.21484 0.226082
5959.49219 0.22244
5962.76904 0.218834
5966.04492 0.215282
5969.32324 0.211792
5972.60010 0.208373
5975.87695 0.205025
5979.15381 0.201745
5982.43115 0.198527
5985.70801 0.195358
5988.98584 0.192224
5992.26318 0.189109
5995.54102 0.185997
5998.81787 0.182873
6002.09619 0.179732
6005.37402 0.176573
6008.65186 0.173402
6011.93018 0.170232
6015.20801 0.167078
6018.48486 0.163959
6021.76416 0.160889
6025.04199 0.157885
6028.31982 0.154956
6031.59814 0.152105
6034.87598 0.14933
6038.15479 0.146622
6041.43408 0.143968
6044.71191 0.141354
6047.99121 0.138767
6051.27002 0.136199
6054.54785 0.133645
6057.82715 0.131108
6061.10596 0.128593
6064.38477 0.126107
6067.66406 0.123657
6070.94287 0.121252
6074.22217 0.118896
6077.50098 0.116593
6080.78076 0.114342
6084.06006 0.112143
6087.33887 0.109991
6090.61914 0.107881
6093.89795 0.105802
6097.17822 0.103748
6100.45801 0.101712
6103.73779 0.09969
6107.01807 0.09768
6110.29785 0.09568
6113.57812 0.093692
6116.85693 0.091714
6120.13818 0.089744
6123.41797 0.08778
6126.69824 0.08582
6129.97900 0.083864
6133.25879 0.081915
6136.54004 0.079981
6139.81982 0.07807
6143.10107 0.076192
6146.38086 0.074359
6149.66309 0.07258
6152.94287 0.070863
6156.22412 0.069211
6159.50488 0.067625
6162.78613 0.066103
6166.06689 0.064638
6169.34912 0.063219
6172.62988 0.061835
6175.91113 0.060472
6179.19189 0.059118
6182.47412 0.057767
6185.75586 0.056416
6189.03711 0.055067
6192.31885 0.053726
6195.60107 0.052403
6198.88281 0.051106
6202.16504 0.049844
6205.44678 0.048623
6208.72900 0.047446
6212.01123 0.04631
6215.29297 0.045216
6218.57520 0.044157
6221.85693 0.043128
6225.14014 0.042125
6228.42188 0.041143
6231.70508 0.040183
6234.98779 0.039244
6238.27100 0.038328
6241.55322 0.03744
6244.83594 0.036579
6248.11914 0.035744
6251.40186 0.034932
6254.68506 0.034137
6257.96777 0.033349
6261.25098 0.032562
6264.53516 0.031769
6267.81787 0.030968
6271.10205 0.030159
6274.38477 0.029346
6277.66797 0.028534
6280.95215 0.02773
6284.23584 0.02694
6287.52002 0.026169
6290.80420 0.025423
6294.08691 0.024708
6297.37207 0.024028
6300.65576 0.023385
6303.93994 0.022781
6307.22412 0.022214
6310.50781 0.02168
6313.79297 0.021174
6317.07715 0.020688
6320.36182 0.020215
6323.64600 0.019748
6326.93115 0.019284
6330.21582 0.018818
6333.50000 0.01835
6336.78613 0.017882
6340.06982 0.017417
6343.35498 0.016955
6346.64111 0.0165
6349.92578 0.016054
6353.21094 0.015617
6356.49707 0.015191
6359.78223 0.014776
6363.06689 0.014374
6366.35303 0.013986
6369.63916 0.013612
6372.92383 0.013252
6376.20996 0.012905
6379.49609 0.01257
6382.78223 0.012243
6386.06787 0.011924
6389.35400 0.011612
6392.64014 0.011308
6395.92578 0.01101
6399.21191 0.010718
6402.49902 0.010431
6405.78613 0.010145
6409.07178 0.009857
6412.35791 0.009563
6415.64600 0.009264
6418.93213 0.00896
6422.21924 0.008657
6425.50586 0.008363
6428.79297 0.008085
6432.08008 0.00783
6435.36719 0.007604
6438.65381 0.007405
6441.94092 0.007231
6445.22900 0.007073
6448.51611 0.006923
6451.80420 0.006774
6455.09082 0.006621
6458.37891 0.006462
6461.66699 0.006299
6464.95508 0.006136
6468.24316 0.005979
6471.53076 0.005832
6474.81787 0.005698
6478.10693 0.005577
6481.39502 0.005468
6484.68311 0.005367
6487.97217 0.00527
6491.25977 0.005174
6494.54785 0.005076
6497.83691 0.004975
6501.12500 0.004873
6504.41504 0.004773
6507.70312 0.00468
6510.99219 0.004597
6514.28076 0.004528
6517.56982 0.004471
6520.85889 0.004424
6524.14795 0.004378
6527.43799 0.004325
6530.72705 0.004256
6534.01709 0.004163
6537.30615 0.004042
7191.03662 0.0
