threeML/data/optical_filters/CAHA/CAHA-f_816_22.ecsv
# %ECSV 0.9
# ---
# datatype:
# - {name: wavelength, unit: Angstrom, datatype: float32}
# - {name: response, datatype: float32}
# meta: !!omap
# - {band_name: f_816_22}
# - {group_name: CAHA}
wavelength response
7076.54980 0.0
7862.83301 0.004039
7863.69189 0.004281
7864.55322 0.004525
7865.41309 0.004744
7866.27197 0.004915
7867.13184 0.005024
7867.99316 0.005065
7868.85303 0.005046
7869.71191 0.00498
7870.57178 0.004886
7871.43213 0.004792
7872.29199 0.004728
7873.15186 0.004718
7874.01221 0.004775
7874.87207 0.004895
7875.73096 0.005059
7876.59082 0.005236
7877.45117 0.0054
7878.31104 0.005535
7879.16992 0.005643
7880.02979 0.005738
7880.89014 0.00584
7881.75000 0.005961
7882.60889 0.006098
7883.46924 0.006237
7884.32910 0.006356
7885.18799 0.006433
7886.04785 0.006463
7886.90723 0.006451
7887.76709 0.006411
7888.62598 0.00636
7889.48584 0.006313
7890.34521 0.006282
7891.20508 0.006279
7892.06396 0.00632
7892.92383 0.006417
7893.78320 0.006577
7894.64307 0.006791
7895.50195 0.007041
7896.36182 0.007294
7897.22119 0.00752
7898.08105 0.007695
7898.93994 0.007814
7899.79883 0.007885
7900.65918 0.007931
7901.51807 0.007978
7902.37695 0.008047
7903.23584 0.008142
7904.09619 0.008246
7904.95508 0.008325
7905.81396 0.008345
7906.67285 0.008287
7907.53320 0.00816
7908.39209 0.008001
7909.25098 0.00786
7910.10986 0.007788
7910.96924 0.007819
7911.82812 0.007963
7912.68799 0.008212
7913.54590 0.008545
7914.40479 0.008929
7915.26514 0.009327
7916.12402 0.009695
7916.98193 0.009998
7917.84180 0.010213
7918.70117 0.010336
7919.56006 0.010384
7920.41797 0.010377
7921.27686 0.010343
7922.13623 0.010306
7922.99512 0.010284
7923.85400 0.010295
7924.71289 0.010349
7925.57178 0.010452
7926.43115 0.010607
7927.29004 0.010815
7928.14795 0.011078
7929.00684 0.011398
7929.86621 0.011764
7930.72510 0.012158
7931.58301 0.012551
7932.44189 0.012918
7933.30078 0.013241
7934.16016 0.013512
7935.01807 0.013727
7935.87695 0.013884
7936.73486 0.013986
7937.59424 0.014044
7938.45312 0.014075
7939.31201 0.014099
7940.16992 0.014134
7941.02783 0.014199
7941.88721 0.014306
7942.74609 0.014468
7943.60400 0.014698
7944.46191 0.015006
7945.32080 0.015392
7946.17920 0.015849
7947.03809 0.016356
7947.89600 0.016879
7948.75488 0.017376
7949.61279 0.017804
7950.47217 0.018124
7951.33008 0.018323
7952.18799 0.018417
7953.04590 0.018453
7953.90479 0.018499
7954.76318 0.018621
7955.62207 0.018864
7956.47900 0.019244
7957.33789 0.019742
7958.19580 0.02032
7959.05420 0.020932
7959.91309 0.02154
7960.77100 0.02212
7961.62891 0.022666
7962.48682 0.023178
7963.34521 0.023659
7964.20312 0.024113
7965.06201 0.024547
7965.91895 0.024975
7966.77686 0.02541
7967.63623 0.025864
7968.49414 0.02634
7969.35205 0.02684
7970.20898 0.027364
7971.06787 0.027915
7971.92578 0.02849
7972.78418 0.029075
7973.64209 0.029644
7974.50000 0.030173
7975.35693 0.030649
7976.21484 0.031078
7977.07324 0.031483
7977.93115 0.031898
7978.78906 0.032352
7979.64600 0.032869
7980.50391 0.03346
7981.36182 0.034132
7982.22021 0.034885
7983.07812 0.035714
7983.93604 0.0366
7984.79297 0.037519
7985.65088 0.038443
7986.50781 0.039352
7987.36621 0.040239
7988.22412 0.041109
7989.08203 0.041971
7989.93896 0.042837
7990.79688 0.043723
7991.65381 0.044641
7992.51221 0.045603
7993.37012 0.046616
7994.22705 0.047688
7995.08398 0.048828
7995.94189 0.050051
7996.79883 0.051368
7997.65723 0.052786
7998.51514 0.054294
7999.37207 0.055864
8000.22900 0.057462
8001.08691 0.059054
8001.94385 0.060625
8002.80176 0.062181
8003.65918 0.063744
8004.51611 0.065342
8005.37402 0.067004
8006.23096 0.068748
8007.08789 0.070585
8007.94482 0.072517
8008.80322 0.07454
8009.66016 0.076647
8010.51709 0.078836
8011.37500 0.081108
8012.23096 0.083471
8013.08887 0.085931
8013.94580 0.088484
8014.80322 0.091118
8015.66016 0.093807
8016.51709 0.096523
8017.37500 0.099242
8018.23096 0.101959
8019.08789 0.104695
8019.94580 0.107495
8020.80322 0.110422
8021.66016 0.113526
8022.51709 0.116836
8023.37402 0.120349
8024.22998 0.124035
8025.08691 0.127851
8025.94385 0.131762
8026.80078 0.135751
8027.65820 0.139829
8028.51514 0.144027
8029.37207 0.14839
8030.22900 0.152961
8031.08594 0.157768
8031.94189 0.162812
8032.79883 0.168066
8033.65576 0.173483
8034.51318 0.179006
8035.37012 0.184569
8036.22705 0.190121
8037.08301 0.195648
8037.93994 0.201175
8038.79590 0.206789
8039.65283 0.212604
8040.50977 0.218721
8041.36719 0.225171
8042.22314 0.231899
8043.08008 0.238772
8043.93701 0.245634
8044.79297 0.252368
8045.64893 0.258941
8046.50586 0.26541
8047.36279 0.271894
8048.21924 0.278536
8049.07617 0.285452
8049.93213 0.292698
8050.78906 0.300249
8051.64502 0.308009
8052.50098 0.315839
8053.35791 0.323603
8054.21387 0.331209
8055.06982 0.338631
8055.92676 0.345905
8056.78320 0.353112
8057.64014 0.360335
8058.49609 0.367642
8059.35205 0.375063
8060.20801 0.38257
8061.06494 0.390081
8061.92090 0.39747
8062.77686 0.404602
8063.63281 0.411369
8064.49023 0.417734
8065.34619 0.423736
8066.20215 0.429483
8067.05811 0.435117
8067.91406 0.440763
8068.77100 0.446487
8069.62598 0.452275
8070.48193 0.458035
8071.33789 0.463644
8072.19482 0.468983
8073.05078 0.473975
8073.90723 0.478589
8074.76318 0.482828
8075.61914 0.486719
8076.47510 0.490297
8077.33105 0.493595
8078.18701 0.496635
8079.04199 0.499422
8079.89795 0.501958
8080.75391 0.504246
8081.60986 0.506302
8082.46582 0.508146
8083.32178 0.509789
8084.17822 0.511249
8085.03320 0.512547
8085.88916 0.51372
8086.74512 0.514817
8087.60107 0.515869
8088.45703 0.516875
8089.31201 0.517802
8090.16797 0.518605
8091.02295 0.519266
8091.87891 0.519807
8092.73486 0.520283
8093.58984 0.520746
8094.44580 0.521212
8095.30176 0.521653
8096.15723 0.522009
8097.01318 0.522221
8097.86914 0.522253
8098.72412 0.522116
8099.58008 0.521861
8100.43506 0.521575
8101.29102 0.521339
8102.14600 0.521192
8103.00098 0.521109
8103.85693 0.521036
8104.71191 0.520929
8105.56787 0.520791
8106.42285 0.520667
8107.27783 0.520593
8108.13379 0.520572
8108.98877 0.520556
8109.84521 0.520493
8110.70020 0.520354
8111.55518 0.520167
8112.41113 0.520014
8113.26611 0.51999
8114.12109 0.520153
8114.97607 0.520486
8115.83203 0.5209
8116.68701 0.52128
8117.54199 0.521535
8118.39697 0.521648
8119.25195 0.521669
8120.10693 0.521682
8120.96191 0.521753
8121.81689 0.521899
8122.67188 0.522092
8123.52783 0.5223
8124.38281 0.522527
8125.23779 0.522826
8126.09277 0.523282
8126.94824 0.523942
8127.80322 0.524797
8128.65820 0.525759
8129.51318 0.526709
8130.36816 0.527524
8131.22314 0.528118
8132.07812 0.528447
8132.93213 0.528518
8133.78711 0.528394
8134.64209 0.528181
8135.49707 0.52801
8136.35205 0.527984
8137.20703 0.528144
8138.06104 0.528463
8138.91602 0.528864
8139.77100 0.52926
8140.62500 0.529594
8141.47998 0.529844
8142.33496 0.530027
8143.18896 0.530172
8144.04395 0.530317
8144.89893 0.530498
8145.75293 0.530733
8146.60791 0.53101
8147.46289 0.531275
8148.31689 0.531462
8149.17188 0.531532
8150.02588 0.531505
8150.88086 0.531462
8151.73584 0.531492
8152.58984 0.531625
8153.44482 0.531821
8154.29883 0.531967
8155.15283 0.531924
8156.00781 0.531583
8156.86182 0.530899
8157.71680 0.529914
8158.57080 0.528752
8159.42578 0.527568
8160.27979 0.526499
8161.13379 0.525615
8161.98877 0.524904
8162.84277 0.524286
8163.69678 0.523647
8164.55078 0.522888
8165.40576 0.521948
8166.25977 0.520818
8167.11377 0.519522
8167.96777 0.518092
8168.82324 0.516552
8169.67676 0.514916
8170.53076 0.513196
8171.38477 0.511411
8172.23877 0.509587
8173.09277 0.50775
8173.94678 0.505912
8174.80176 0.504048
8175.65576 0.502104
8176.50977 0.500011
8177.36377 0.497715
8178.21777 0.495217
8179.07178 0.492581
8179.92578 0.489938
8180.77979 0.487451
8181.63379 0.485268
8182.48779 0.483484
8183.34082 0.482094
8184.19482 0.480997
8185.04883 0.480015
8185.90283 0.478944
8186.75684 0.477621
8187.61084 0.475972
8188.46484 0.474037
8189.31787 0.471941
8190.17188 0.46984
8191.02588 0.467862
8191.87988 0.466061
8192.73340 0.464415
8193.58691 0.462857
8194.44141 0.461304
8195.29492 0.459714
8196.14844 0.458092
8197.00195 0.456477
8197.85547 0.454918
8198.70898 0.453431
8199.56348 0.451995
8200.41602 0.450566
8201.26953 0.449106
8202.12305 0.447609
8202.97754 0.446103
8203.83105 0.44464
8204.68457 0.443283
8205.53809 0.442085
8206.39062 0.44107
8207.24414 0.440216
8208.09766 0.439456
8208.95117 0.43871
8209.80469 0.437929
8210.65820 0.437134
8211.51172 0.436411
8212.36523 0.435863
8213.21875 0.435561
8214.07129 0.435502
8214.92480 0.435627
8215.77832 0.435857
8216.63184 0.436126
8217.48438 0.436398
8218.33789 0.436655
8219.19141 0.436892
8220.04492 0.437124
8220.89746 0.437392
8221.75098 0.437767
8222.60352 0.438319
8223.45703 0.439082
8224.31055 0.440023
8225.16309 0.44105
8226.01660 0.442054
8226.86914 0.442959
8227.72266 0.443752
8228.57617 0.444478
8229.42871 0.445205
8230.28223 0.445982
8231.13477 0.446825
8231.98730 0.447725
8232.84082 0.448667
8233.69336 0.449645
8234.54688 0.450643
8235.39941 0.451619
8236.25195 0.452495
8237.10547 0.453172
8237.95801 0.453559
8238.81055 0.453632
8239.66406 0.453441
8240.51660 0.4531
8241.36914 0.452718
8242.22266 0.452333
8243.07520 0.451875
8243.92773 0.45118
8244.78027 0.450062
8245.63281 0.448397
8246.48633 0.446154
8247.33887 0.443388
8248.19141 0.440196
8249.04395 0.43666
8249.89648 0.432829
8250.74902 0.428715
8251.60156 0.424304
8252.45410 0.419572
8253.30664 0.414472
8254.15918 0.408941
8255.01172 0.402887
8255.86426 0.396216
8256.71680 0.388871
8257.56934 0.380863
8258.42188 0.372298
8259.27441 0.363345
8260.12695 0.354184
8260.97852 0.344944
8261.83203 0.335674
8262.68457 0.326345
8263.53613 0.316888
8264.38867 0.307249
8265.24121 0.297418
8266.09375 0.287449
8266.94629 0.277453
8267.79785 0.267562
8268.65039 0.257894
8269.50293 0.248526
8270.35547 0.239482
8271.20703 0.230742
8272.05957 0.222266
8272.91211 0.213995
8273.76367 0.20589
8274.61621 0.197926
8275.46777 0.190117
8276.32031 0.182509
8277.17285 0.175154
8278.02441 0.168087
8278.87695 0.161309
8279.72852 0.154791
8280.58105 0.148494
8281.43262 0.142396
8282.28516 0.136492
8283.13672 0.130793
8283.98828 0.125315
8284.84082 0.120067
8285.69238 0.11505
8286.54492 0.110267
8287.39648 0.105724
8288.24805 0.101436
8289.10059 0.097415
8289.95215 0.093662
8290.80371 0.090156
8291.65625 0.086859
8292.50781 0.083719
8293.35938 0.080685
8294.21094 0.077715
8295.06348 0.074795
8295.91504 0.071935
8296.76660 0.069169
8297.61816 0.066535
8298.46973 0.064054
8299.32129 0.061728
8300.17285 0.05954
8301.02539 0.057468
8301.87695 0.05549
8302.72852 0.053584
8303.58008 0.051726
8304.43164 0.049894
8305.28320 0.048072
8306.13477 0.046259
8306.98633 0.044473
8307.83789 0.042748
8308.68945 0.041124
8309.54102 0.039636
8310.39160 0.038306
8311.24316 0.037144
8312.09473 0.036141
8312.94629 0.035272
8313.79785 0.034503
8314.64941 0.033796
8315.50098 0.03312
8316.35156 0.032456
8317.20312 0.031793
8318.05469 0.031124
8318.90625 0.030443
8319.75684 0.029755
8320.60840 0.029069
8321.45996 0.0284
8322.31055 0.027757
8323.16211 0.027135
8324.01367 0.026526
8324.86426 0.025919
8325.71582 0.025312
8326.56738 0.024711
8327.41797 0.02413
8328.26953 0.02358
8329.12012 0.023062
8329.97168 0.022564
8330.82227 0.022065
8331.67383 0.021543
8332.52441 0.020996
8333.37598 0.020435
8334.22656 0.019882
8335.07812 0.019358
8335.92871 0.018874
8336.77930 0.018436
8337.63086 0.018047
8338.48145 0.017706
8339.33203 0.01741
8340.18359 0.017143
8341.03418 0.016892
8341.88477 0.01665
8342.73633 0.016426
8343.58691 0.016238
8344.43848 0.016104
8345.28809 0.016023
8346.13965 0.015974
8346.99023 0.015913
8347.84082 0.015789
8348.69141 0.015561
8349.54199 0.01521
8350.39258 0.014753
8351.24316 0.014244
8352.09473 0.013755
8352.94531 0.013363
8353.79590 0.013116
8354.64648 0.013016
8355.49707 0.013019
8356.34766 0.013053
8357.19824 0.013045
8358.04883 0.012948
8358.89941 0.012757
8359.75000 0.012496
8360.59961 0.012209
8361.45020 0.011935
8362.30078 0.011692
8363.15137 0.011476
8364.00195 0.011267
8364.85254 0.011044
8365.70312 0.010799
8366.55273 0.010545
8367.40332 0.010307
8368.25391 0.010115
8369.10352 0.009984
8369.95410 0.009916
8370.80469 0.009898
8371.65527 0.009906
8372.50586 0.009917
8373.35547 0.009904
8374.20605 0.009843
8375.05664 0.00971
8375.90625 0.009492
8376.75684 0.009187
8377.60645 0.008814
8378.45703 0.008406
8379.30664 0.008009
8380.15723 0.007662
8381.00781 0.007392
8381.85742 0.007206
8382.70703 0.007094
8383.55762 0.007038
8384.40723 0.007023
8385.25781 0.007041
8386.10742 0.007096
8386.95801 0.007192
8387.80762 0.007327
8388.65723 0.007484
8389.50781 0.007631
8390.35742 0.007729
8391.20703 0.00775
8392.05762 0.007683
8392.90723 0.007543
8393.75684 0.007363
8394.60742 0.007185
8395.45703 0.007043
8396.30664 0.006954
8397.15625 0.006913
8398.00586 0.006901
8398.85547 0.006889
8399.70605 0.006856
8400.55566 0.006788
8401.40527 0.006685
8402.25488 0.006561
8403.10352 0.006433
8403.95410 0.006321
8404.80371 0.006235
8405.65332 0.006174
8406.50293 0.006127
8407.35254 0.006079
8408.20215 0.006017
8409.05176 0.005943
8409.90137 0.005868
8410.75098 0.005811
8411.60059 0.005784
8412.45020 0.00579
8413.29980 0.005814
8414.14941 0.00584
8414.99805 0.005854
8415.84766 0.005855
8416.69727 0.005841
8417.54688 0.005809
8418.39648 0.005744
8419.24512 0.005638
8420.09473 0.005492
8420.94434 0.005318
8421.79395 0.005141
8422.64258 0.004988
8423.49219 0.004887
8424.34180 0.004855
8425.19043 0.004903
8426.04004 0.005036
8426.88867 0.005251
8427.73828 0.005538
8428.58789 0.005877
8429.43652 0.006234
8430.28613 0.006568
8431.13477 0.00684
8431.98438 0.007018
8432.83301 0.007083
8433.68262 0.007037
8434.53125 0.006897
8435.38086 0.006699
8436.22852 0.006486
8437.07910 0.006293
8437.92773 0.006136
8438.77637 0.00601
8439.62598 0.005894
8440.47461 0.005763
8441.32324 0.005596
8442.17285 0.005384
8443.02148 0.005132
8443.87012 0.004863
8444.71875 0.004616
8445.56836 0.004431
8446.41699 0.004341
8447.26562 0.004354
8448.11426 0.004443
8448.96289 0.004564
8449.81348 0.004665
8450.66113 0.004704
8451.50977 0.004662
8452.35840 0.004536
8453.20703 0.00435
8454.05566 0.004149
9299.46094 0.0
