threeML/data/optical_filters/CAHA/CAHA-f_549_47.ecsv
# %ECSV 0.9
# ---
# datatype:
# - {name: wavelength, unit: Angstrom, datatype: float32}
# - {name: response, datatype: float32}
# meta: !!omap
# - {band_name: f_549_47}
# - {group_name: CAHA}
wavelength response
[from data line 2414]
5717.14014 0.57984
5717.39990 0.578101
5717.66016 0.577474
5717.91992 0.573739
5718.18018 0.574301
5718.43994 0.571121
5718.70996 0.571362
5718.97021 0.569253
5719.22998 0.565596
5719.49023 0.567068
5719.75000 0.563365
5720.00977 0.562691
5720.27002 0.560252
5720.52979 0.559555
5720.79980 0.556794
5721.06006 0.554537
5721.31982 0.552662
5721.58008 0.549569
5721.83984 0.552031
5722.10010 0.547979
5722.35986 0.548269
5722.62012 0.544418
5722.87988 0.542077
5723.14990 0.539738
5723.41016 0.538704
5723.66992 0.537118
5723.93018 0.536752
5724.18994 0.534757
5724.45020 0.532373
5724.70996 0.531435
5724.97021 0.526981
5725.24023 0.528294
5725.50000 0.526607
5725.75977 0.525493
5726.02002 0.52211
5726.27979 0.521764
5726.54004 0.519885
5726.79980 0.517608
5727.06006 0.516138
5727.33008 0.513489
5727.58984 0.512145
5727.85010 0.51259
5728.10986 0.507931
5728.37012 0.510095
5728.62988 0.507577
5728.89014 0.506132
5729.14990 0.501024
5729.41992 0.500047
5729.68018 0.499905
5729.93994 0.498995
5730.20020 0.497462
5730.45996 0.496114
5730.72021 0.493237
5730.97998 0.49073
5731.24023 0.489325
5731.50000 0.489935
5731.77002 0.486928
5732.02979 0.484227
5732.29004 0.482497
5732.54980 0.481611
5732.81006 0.480496
5733.06982 0.478708
5733.33008 0.476129
5733.58984 0.472775
5733.85010 0.471129
5734.12012 0.471569
5734.37988 0.468352
5734.64014 0.466795
5734.89990 0.466411
5735.16016 0.465221
5735.41992 0.462689
5735.68018 0.458272
5735.93994 0.459306
5736.20996 0.457092
5736.47021 0.457244
5736.72998 0.456097
5736.99023 0.451887
5737.25000 0.450761
5737.50977 0.448297
5737.77002 0.446977
5738.02979 0.446815
5738.29980 0.444646
5738.56006 0.444911
5738.81982 0.440018
5739.08008 0.439132
5739.33984 0.43742
5739.60010 0.435789
5739.85986 0.433657
5740.12012 0.433994
5740.39014 0.434553
5740.64990 0.428562
5740.91016 0.427321
5741.16992 0.423575
5741.43018 0.426505
5741.68994 0.423897
5741.95020 0.42478
5742.20996 0.421029
5742.47021 0.415328
5742.74023 0.417366
5743.00000 0.415466
5743.25977 0.414013
5743.52002 0.413821
5743.77979 0.409186
5744.04004 0.408343
5744.29980 0.409144
5744.56006 0.405032
5744.83008 0.403238
5745.08984 0.402731
5745.35010 0.400095
5745.60986 0.399759
5745.87012 0.39731
5746.12988 0.396247
5746.39014 0.392528
5746.64990 0.39262
5746.91992 0.390728
5747.18018 0.390285
5747.43994 0.386276
5747.70020 0.38581
5747.95996 0.382763
5748.22021 0.38113
5748.47998 0.38103
5748.74023 0.382946
5749.00000 0.378745
5749.27002 0.378899
5749.52979 0.374116
5749.79004 0.371549
5750.04980 0.372213
5750.31006 0.372323
5750.56982 0.367417
5750.83008 0.368349
5751.08984 0.367585
5751.35986 0.367617
5751.62012 0.363563
5751.87988 0.361383
5752.14014 0.360497
5752.39990 0.357817
5752.66016 0.355028
5752.91992 0.355914
5753.18018 0.356393
5753.45020 0.352918
5753.70996 0.351008
5753.97021 0.349118
5754.22998 0.34775
5754.49023 0.346106
5754.75000 0.344494
5755.00977 0.34495
5755.27002 0.342603
5755.52979 0.3419
5755.79980 0.340255
5756.06006 0.336077
5756.31982 0.337285
5756.58008 0.334222
5756.83984 0.332307
5757.10010 0.332015
5757.35986 0.330293
5757.62012 0.330691
5757.89014 0.328404
5758.14990 0.3255
5758.41016 0.325228
5758.66992 0.322716
5758.93018 0.32412
5759.18994 0.321613
5759.45020 0.320353
5759.70996 0.319078
5759.97998 0.317365
5760.24023 0.313867
5760.50000 0.314395
5760.75977 0.312599
5761.02002 0.310457
5761.27979 0.310869
5761.54004 0.309205
5761.79980 0.307923
5762.06006 0.306389
5762.33008 0.303206
5762.58984 0.301224
5762.85010 0.301446
5763.10986 0.300539
5763.37012 0.2989
5763.62988 0.299512
5763.89014 0.295767
5764.14990 0.295852
5764.41992 0.293324
5764.68018 0.292222
5764.93994 0.290556
5765.20020 0.289654
5765.45996 0.287532
5765.72021 0.28658
5765.97998 0.284906
5766.24023 0.283536
5766.50977 0.282462
5766.77002 0.283047
5767.02979 0.280567
5767.29004 0.279639
5767.54980 0.278681
5767.81006 0.276609
5768.06982 0.27567
5768.33008 0.275753
5768.58984 0.273194
5768.85986 0.272495
5769.12012 0.270612
5769.37988 0.269433
5769.64014 0.26855
5769.89990 0.26582
5770.16016 0.266344
5770.41992 0.265254
5770.68018 0.262996
5770.95020 0.261053
5771.20996 0.261019
5771.47021 0.260217
5771.72998 0.257661
5771.99023 0.257821
5772.25000 0.255821
5772.50977 0.253728
5772.77002 0.253957
5773.04004 0.252776
5773.29980 0.25111
5773.56006 0.25036
5773.81982 0.249455
5774.08008 0.247272
5774.33984 0.246555
5774.60010 0.244137
5774.85986 0.244061
5775.12012 0.243071
5775.39014 0.241363
5775.64990 0.240288
5775.91016 0.239997
5776.16992 0.236826
5776.43018 0.23739
5776.68994 0.237007
5776.95020 0.235382
5777.20996 0.236793
5777.47998 0.232982
5777.74023 0.23251
5778.00000 0.231865
5778.25977 0.230355
5778.52002 0.229797
5778.77979 0.229584
5779.04004 0.226022
5779.29980 0.226595
5779.56982 0.224884
5779.83008 0.223906
5780.08984 0.222504
5780.35010 0.221228
5780.60986 0.220478
5780.87012 0.220223
5781.12988 0.21844
5781.39014 0.217771
5781.64990 0.214629
5781.91992 0.215982
5782.18018 0.213358
5782.43994 0.214451
5782.70020 0.212369
5782.95996 0.2119
5783.22021 0.210737
5783.47998 0.208434
5783.74023 0.208712
5784.00977 0.20825
5784.27002 0.206133
5784.52979 0.205513
5784.79004 0.203086
5785.04980 0.203423
5785.31006 0.201711
5785.56982 0.202415
5785.83008 0.198471
5786.10010 0.201076
5786.35986 0.197832
5786.62012 0.199253
5786.87988 0.196156
5787.14014 0.196238
5787.39990 0.19603
5787.66016 0.194364
5787.91992 0.193619
5788.18018 0.191434
5788.45020 0.191036
5788.70996 0.188778
5788.97021 0.187626
5789.22998 0.188555
5789.49023 0.186513
5789.75000 0.185916
5790.00977 0.186193
5790.27002 0.186291
5790.54004 0.184649
5790.79980 0.182878
5791.06006 0.18064
5791.31982 0.182047
5791.58008 0.181643
5791.83984 0.178886
5792.10010 0.179162
5792.35986 0.176818
5792.62012 0.176761
5792.89014 0.176362
5793.14990 0.174745
5793.41016 0.173735
5793.66992 0.172081
5793.93018 0.171464
5794.18994 0.171497
5794.45020 0.17049
5794.70996 0.169742
5794.97998 0.168699
5795.24023 0.168422
5795.50000 0.166663
5795.75977 0.167618
5796.02002 0.167764
5796.27979 0.166425
5796.54004 0.162554
5796.79980 0.163682
5797.06982 0.162253
5797.33008 0.161906
5797.58984 0.16174
5797.85010 0.160301
5798.10986 0.160003
5798.37012 0.15985
5798.62988 0.158548
5798.89014 0.155916
5799.16016 0.156117
5799.41992 0.156052
5799.68018 0.15484
5799.93994 0.153982
5800.20020 0.153644
5800.45996 0.154691
5800.72021 0.153111
5800.97998 0.152134
5801.24023 0.151377
5801.50977 0.149561
5801.77002 0.150574
5802.02979 0.148437
5802.29004 0.147755
5802.54980 0.146793
5802.81006 0.146251
5803.06982 0.146218
5803.33008 0.14484
5803.60010 0.143621
5803.85986 0.143883
5804.12012 0.143846
5804.37988 0.142707
5804.64014 0.141658
5804.89990 0.13989
5805.16016 0.1404
5805.41992 0.138468
5805.68994 0.13918
5805.95020 0.138805
5806.20996 0.137931
5806.47021 0.135113
5806.72998 0.135599
5806.99023 0.134792
5807.25000 0.134083
5807.50977 0.134443
5807.77002 0.133224
5808.04004 0.132785
5808.29980 0.131973
5808.56006 0.131938
5808.81982 0.130847
5809.08008 0.129517
5809.33984 0.130728
5809.60010 0.128805
5809.85986 0.128678
5810.12988 0.126847
5810.39014 0.127045
5810.64990 0.126638
5810.91016 0.126144
5811.16992 0.125727
5811.43018 0.124345
5811.68994 0.123558
5811.95020 0.122693
5812.22021 0.121015
5812.47998 0.121906
5812.74023 0.121785
5813.00000 0.120866
5813.25977 0.12099
5813.52002 0.119959
5813.77979 0.118933
5814.04004 0.119026
5814.29980 0.118021
5814.56982 0.117237
5814.83008 0.117184
5815.08984 0.115436
5815.35010 0.115684
5815.60986 0.114773
5815.87012 0.115147
5816.12988 0.114257
5816.39014 0.114322
5816.66016 0.113118
5816.91992 0.112178
5817.18018 0.113311
5817.43994 0.111516
5817.70020 0.110522
5817.95996 0.110512
5818.22021 0.110445
5818.47998 0.109901
5818.75000 0.109486
5819.00977 0.108177
5819.27002 0.107679
5819.52979 0.107273
5819.79004 0.106413
5820.04980 0.105399
5820.31006 0.105012
5820.56982 0.104138
5820.83008 0.105386
5821.10010 0.103785
5821.35986 0.104357
5821.62012 0.103321
5821.87988 0.102371
5822.14014 0.101525
5822.39990 0.101426
5822.66016 0.102542
5822.91992 0.100902
5823.18994 0.100492
5823.45020 0.099788
5823.70996 0.099583
5823.97021 0.098808
5824.22998 0.097978
5824.49023 0.098325
5824.75000 0.098153
5825.00977 0.098393
5825.27979 0.096883
5825.54004 0.096238
5825.79980 0.095887
5826.06006 0.095723
5826.31982 0.095716
5826.58008 0.095071
5826.83984 0.093949
5827.10010 0.09261
5827.35986 0.092906
5827.62988 0.092471
5827.89014 0.093053
5828.14990 0.092413
5828.41016 0.091383
5828.66992 0.090783
5828.93018 0.090361
5829.18994 0.090523
5829.45020 0.088765
5829.72021 0.089194
5829.97998 0.089186
5830.24023 0.088559
5830.50000 0.087483
5830.75977 0.086636
5831.02002 0.086733
5831.27979 0.086347
5831.54004 0.08647
5831.81006 0.085827
5832.06982 0.086262
5832.33008 0.085223
5832.58984 0.085136
5832.85010 0.0846
5833.10986 0.084467
5833.37012 0.084217
5833.62988 0.083429
5833.89990 0.082851
5834.16016 0.082167
5834.41992 0.082173
5834.68018 0.080483
5834.93994 0.081914
5835.20020 0.081385
5835.45996 0.080313
5835.72021 0.080662
5835.97998 0.079696
5836.25000 0.07875
5836.50977 0.079617
5836.77002 0.079281
5837.02979 0.079199
5837.29004 0.077957
5837.54980 0.076626
5837.81006 0.078734
5838.06982 0.077535
5838.33008 0.077227
5838.60010 0.076498
5838.85986 0.074877
5839.12012 0.07529
5839.37988 0.074997
5839.64014 0.074116
5839.89990 0.074161
5840.16016 0.074658
5840.41992 0.074123
5840.68994 0.073279
5840.95020 0.073262
5841.20996 0.072526
5841.47021 0.072886
5841.72998 0.072267
5841.99023 0.07178
5842.25000 0.070569
5842.50977 0.070266
5842.77979 0.07235
5843.04004 0.070827
5843.29980 0.070012
5843.56006 0.069665
5843.81982 0.069649
5844.08008 0.068249
5844.33984 0.069225
5844.60010 0.067765
5844.87012 0.06805
5845.12988 0.06786
5845.39014 0.067762
5845.64990 0.067735
5845.91016 0.0674
5846.16992 0.06618
5846.43018 0.066069
5846.68994 0.06683
5846.95020 0.06506
5847.22021 0.065635
5847.47998 0.065479
5847.74023 0.064832
5848.00000 0.064274
5848.25977 0.064604
5848.52002 0.063883
5848.77979 0.063952
5849.04004 0.063256
5849.31006 0.062691
5849.56982 0.062442
5849.83008 0.062524
5850.08984 0.062659
5850.35010 0.062185
5850.60986 0.060548
5850.87012 0.0616
5851.12988 0.061403
5851.39990 0.061106
5851.66016 0.060159
5851.91992 0.060026
5852.18018 0.05967
5852.43994 0.06022
5852.70020 0.059286
5852.95996 0.057731
5853.22021 0.059541
5853.47998 0.058345
5853.75000 0.05862
5854.00977 0.058819
5854.27002 0.057437
5854.52979 0.057771
5854.79004 0.056785
5855.04980 0.056745
5855.31006 0.057267
5855.56982 0.056489
5855.83984 0.057014
5856.10010 0.056196
5856.35986 0.05589
5856.62012 0.055693
5856.87988 0.054691
5857.14014 0.0544
5857.39990 0.054883
5857.66016 0.054295
5857.93018 0.05432
5858.18994 0.054233
5858.45020 0.053655
5858.70996 0.053779
5858.97021 0.054091
5859.22998 0.053767
5859.49023 0.053451
5859.75000 0.051621
5860.00977 0.052346
5860.27979 0.052412
5860.54004 0.051717
5860.79980 0.052606
5861.06006 0.05072
5861.31982 0.052136
5861.58008 0.051417
5861.83984 0.051768
5862.10010 0.050984
5862.37012 0.050433
5862.62988 0.05059
5862.89014 0.049389
5863.14990 0.050506
5863.41016 0.048968
5863.66992 0.049397
5863.93018 0.048841
5864.18994 0.048642
5864.45996 0.049104
5864.72021 0.049241
5864.97998 0.04724
5865.24023 0.048536
5865.50000 0.048805
5865.75977 0.047513
5866.02002 0.046767
5866.27979 0.047318
5866.54004 0.046487
5866.81006 0.046964
5867.06982 0.046563
5867.33008 0.046026
5867.58984 0.045674
5867.85010 0.046037
5868.10986 0.045759
5868.37012 0.045538
5868.62988 0.045465
5868.89990 0.045385
5869.16016 0.044652
5869.41992 0.044817
5869.68018 0.044529
5869.93994 0.044695
5870.20020 0.043814
5870.45996 0.044256
5870.72021 0.043596
5870.99023 0.043487
5871.25000 0.0435
5871.50977 0.042944
5871.77002 0.042871
5872.02979 0.042742
5872.29004 0.04304
5872.54980 0.042334
5872.81006 0.041988
5873.06982 0.042775
5873.33984 0.04231
5873.60010 0.041619
5873.85986 0.04194
5874.12012 0.041094
5874.37988 0.041695
5874.64014 0.042088
5874.89990 0.040827
5875.16016 0.04076
5875.43018 0.041145
5875.68994 0.040061
5875.95020 0.040115
5876.20996 0.039793
5876.47021 0.0398
5876.72998 0.040039
5876.99023 0.03922
5877.25000 0.039309
5877.52002 0.039442
5877.77979 0.039362
5878.04004 0.038557
5878.29980 0.03915
5878.56006 0.038729
5878.81982 0.038401
5879.08008 0.038348
5879.33984 0.038681
5879.60010 0.038356
5879.87012 0.037398
5880.12988 0.038323
5880.39014 0.037883
5880.64990 0.037178
5880.91016 0.036456
5881.16992 0.037187
5881.43018 0.036217
5881.68994 0.036174
5881.95996 0.036696
5882.22021 0.036221
5882.47998 0.035807
5882.74023 0.036157
5883.00000 0.035902
5883.25977 0.035715
5883.52002 0.036031
5883.77979 0.036159
5884.04980 0.035361
5884.31006 0.035557
5884.56982 0.034699
5884.83008 0.034213
5885.08984 0.03495
5885.35010 0.034522
5885.60986 0.03425
5885.87012 0.034384
5886.12988 0.033477
5886.39990 0.033997
5886.66016 0.034628
5886.91992 0.034107
5887.18018 0.034108
5887.43994 0.033411
5887.70020 0.033888
5887.95996 0.0333
5888.22021 0.033675
5888.49023 0.032424
5888.75000 0.032877
5889.00977 0.032786
5889.27002 0.032659
5889.52979 0.032752
5889.79004 0.031993
5890.04980 0.032044
5890.31006 0.03181
5890.58008 0.031724
5890.83984 0.032001
5891.10010 0.031752
5891.35986 0.031821
5891.62012 0.031264
5891.87988 0.031494
5892.14014 0.031221
5892.39990 0.031408
5892.66992 0.031673
5892.93018 0.030477
5893.18994 0.031089
5893.45020 0.030205
5893.70996 0.030316
5893.97021 0.030677
5894.22998 0.02972
5894.49023 0.029661
5894.75000 0.030319
5895.02002 0.029046
5895.27979 0.030206
5895.54004 0.029659
5895.79980 0.029714
5896.06006 0.030032
5896.31982 0.029199
5896.58008 0.029001
5896.83984 0.029328
5897.10010 0.02947
5897.37012 0.028692
5897.62988 0.028328
5897.89014 0.029337
5898.14990 0.02787
5898.41016 0.027904
5898.66992 0.028056
5898.93018 0.028317
5899.18994 0.02863
5899.45996 0.027847
5899.72021 0.027942
5899.97998 0.028463
5900.24023 0.027467
5900.50000 0.027881
5900.75977 0.026733
5901.02002 0.027644
5901.27979 0.027184
5901.54980 0.026659
5901.81006 0.0271
5902.06982 0.026719
5902.33008 0.026545
5902.58984 0.026967
5902.85010 0.026004
5903.10986 0.026886
5903.37012 0.026263
5903.64014 0.026766
5903.89990 0.026058
5904.16016 0.026079
5904.41992 0.026114
5904.68018 0.026202
5904.93994 0.026188
5905.20020 0.025975
5905.45996 0.025743
5905.72021 0.025575
5905.99023 0.025094
5906.25000 0.025824
5906.50977 0.025434
5906.77002 0.025021
5907.02979 0.025015
5907.29004 0.02443
5907.54980 0.024164
5907.81006 0.024466
5908.08008 0.025151
5908.33984 0.024791
5908.60010 0.02427
5908.85986 0.024511
5909.12012 0.023838
5909.37988 0.024642
5909.64014 0.024882
5909.89990 0.024691
5910.16992 0.023653
5910.43018 0.024425
5910.68994 0.023516
5910.95020 0.024236
5911.20996 0.023893
5911.47021 0.023501
5911.72998 0.02346
5911.99023 0.023206
5912.25000 0.022866
5912.52002 0.023065
5912.77979 0.023272
5913.04004 0.023246
5913.29980 0.02298
5913.56006 0.022874
5913.81982 0.022664
5914.08008 0.022868
5914.33984 0.022256
5914.60986 0.02238
5914.87012 0.022395
5915.12988 0.021867
5915.39014 0.021968
5915.64990 0.021575
5915.91016 0.021341
5916.16992 0.022492
5916.43018 0.021359
5916.70020 0.021986
5916.95996 0.021673
5917.22021 0.021134
5917.47998 0.021239
5917.74023 0.021372
5918.00000 0.021607
5918.25977 0.021159
5918.52002 0.021446
5918.77979 0.021025
5919.04980 0.020807
5919.31006 0.02093
5919.56982 0.021307
5919.83008 0.020206
5920.08984 0.020637
5920.35010 0.020588
5920.60986 0.021112
5920.87012 0.020722
5921.14014 0.020258
5921.39990 0.020147
5921.66016 0.020055
5921.91992 0.020059
5922.18018 0.020426
5922.43994 0.020129
5922.70020 0.01975
5922.95996 0.020357
5923.22998 0.019936
5923.49023 0.019587
5923.75000 0.020083
5924.00977 0.019824
5924.27002 0.019485
5924.52979 0.020133
5924.79004 0.019721
5925.04980 0.019521
5925.31006 0.0188
5925.58008 0.019417
5925.83984 0.019037
5926.10010 0.019681
5926.35986 0.018757
5926.62012 0.01891
5926.87988 0.019533
