threeML/data/optical_filters/CAHA/CAHA-f_642_147.ecsv
# %ECSV 0.9
# ---
# datatype:
# - {name: wavelength, unit: Angstrom, datatype: float32}
# - {name: response, datatype: float32}
# meta: !!omap
# - {band_name: f_642_147}
# - {group_name: CAHA}
wavelength response
[from data line 805]
8131.59619 0.063734
8134.90381 0.063256
8138.21191 0.062758
8141.52002 0.062236
8144.82910 0.061693
8148.13721 0.061131
8151.44482 0.060554
8154.75293 0.059964
8158.06201 0.059367
8161.37012 0.058764
8164.67920 0.058159
8167.98682 0.057554
8171.29590 0.056952
8174.60400 0.056357
8177.91309 0.055774
8181.22217 0.055209
8184.52979 0.054667
8187.83887 0.054152
8191.14795 0.053664
8194.45703 0.053202
8197.76562 0.052762
8201.07422 0.05234
8204.38379 0.051931
8207.69238 0.051532
8211.00098 0.051143
8214.31055 0.050765
8217.62012 0.050402
8220.92871 0.050057
8224.23828 0.04973
8227.54688 0.04942
8230.85645 0.049121
8234.16602 0.048825
8237.47559 0.048522
8240.78418 0.048204
8244.09375 0.047866
8247.40332 0.047508
8250.71289 0.047134
8254.02246 0.046751
8257.33203 0.046369
8260.64160 0.045998
8263.95117 0.045644
8267.26074 0.045311
8270.57031 0.044996
8273.87988 0.044695
8277.19043 0.0444
8280.50000 0.044103
8283.80957 0.0438
8287.12012 0.043487
8290.42969 0.043167
8293.74023 0.04284
8297.04980 0.04251
8300.36035 0.04218
8303.66992 0.041853
8306.98047 0.041531
8310.29102 0.041214
8313.60059 0.040903
8316.91113 0.040596
8320.22168 0.040294
8323.53223 0.039994
8326.84180 0.039694
8330.15234 0.039395
8333.46289 0.039096
8336.77344 0.038798
8340.08398 0.038503
8343.39453 0.038214
8346.70508 0.037933
8350.01660 0.037665
8353.32715 0.03741
8356.63770 0.037168
8359.94824 0.036935
8363.25977 0.036708
8366.57031 0.03648
8369.88086 0.036246
8373.19238 0.036002
8376.50293 0.035746
8379.81445 0.03548
8383.12500 0.035205
8386.43652 0.03493
8389.74805 0.03466
8393.05859 0.034404
8396.37012 0.034166
8399.68164 0.03395
8402.99316 0.033753
8406.30371 0.033571
8409.61523 0.033395
8412.92676 0.033216
8416.23828 0.033024
8419.54980 0.032811
8422.86133 0.032572
8426.17285 0.032306
8429.48535 0.032012
8432.79688 0.031692
8436.10840 0.031351
8439.41992 0.030993
8442.73145 0.030629
8446.04395 0.030264
8449.35547 0.029909
8452.66699 0.029572
8455.97852 0.029262
8459.29102 0.028983
8462.60352 0.028735
8465.91504 0.028516
8469.22754 0.02832
8472.54004 0.028142
8475.85156 0.027975
8479.16406 0.027813
8482.47656 0.027649
8485.78906 0.02748
8489.10156 0.027302
8492.41406 0.027114
8495.72559 0.026916
8499.03809 0.026712
8502.35156 0.026507
8505.66406 0.026307
8508.97656 0.026117
8512.28906 0.025944
8515.60156 0.025789
8518.91406 0.025651
8522.22754 0.025527
8525.54004 0.025412
8528.85254 0.025296
8532.16602 0.025175
8535.47852 0.025042
8538.79102 0.024895
8542.10352 0.024734
8545.41699 0.024562
8548.73047 0.024381
8552.04297 0.024193
8555.35645 0.023999
8558.66992 0.023798
8561.98340 0.023589
8565.29688 0.023372
8568.60938 0.023147
8571.92285 0.022915
8575.23633 0.022681
8578.54980 0.022449
8581.86328 0.022227
8585.17676 0.022017
8588.49023 0.021823
8591.80371 0.021647
8595.11816 0.021488
8598.43164 0.021344
8601.74512 0.021211
8605.05859 0.021087
8608.37305 0.020968
8611.68652 0.020852
8615.00000 0.020737
8618.31445 0.020622
8621.62793 0.020505
8624.94238 0.020384
8628.25586 0.020257
8631.57031 0.020122
8634.88477 0.019978
8638.19824 0.019824
8641.51270 0.01966
8644.82715 0.01949
8648.14160 0.019316
8651.45508 0.019145
8654.76953 0.018981
8658.08398 0.018828
8661.39844 0.018688
8664.71289 0.018562
8668.02734 0.018445
8671.34180 0.018334
8674.65625 0.01822
8677.97168 0.018095
8681.28613 0.017954
8684.60059 0.017794
8687.91602 0.017614
8691.23047 0.017421
8694.54492 0.017224
8697.86035 0.017032
8701.17480 0.016857
8704.48926 0.016707
8707.80469 0.016586
8711.12012 0.016493
8714.43457 0.016424
8717.75000 0.016371
8721.06543 0.016325
8724.37988 0.016277
8727.69531 0.01622
8731.01074 0.016151
8734.32617 0.016069
8737.64160 0.015978
8740.95703 0.015882
8744.27246 0.015789
8747.58789 0.015703
8750.90332 0.015627
8754.21875 0.015561
8757.53418 0.015504
8760.84961 0.015448
8764.16504 0.01539
8767.48145 0.015322
8770.79688 0.015242
8774.11230 0.015147
8777.42871 0.01504
8780.74414 0.014922
8784.06055 0.0148
8787.37598 0.014677
8790.69238 0.014556
8794.00781 0.014442
8797.32422 0.014333
8800.64062 0.01423
8803.95703 0.014132
8807.27246 0.014036
8810.58887 0.013939
8813.90527 0.01384
8817.22168 0.013737
8820.53809 0.013628
8823.85352 0.013516
8827.17090 0.013402
8830.48730 0.013292
8833.80371 0.013191
8837.12012 0.013099
8840.43652 0.013018
8843.75293 0.012944
8847.07031 0.012871
8850.38672 0.012793
8853.70312 0.012706
8857.02148 0.012612
8860.33691 0.012514
8863.65430 0.012419
8866.97070 0.012335
8870.28809 0.012266
8873.60352 0.012215
8876.92188 0.01218
8880.23926 0.012155
8883.55566 0.012133
8886.87305 0.012107
8890.19043 0.012071
8893.50684 0.012021
8896.82422 0.011955
8900.14160 0.011876
8903.45898 0.011786
8906.77637 0.01169
8910.09375 0.011595
8913.41113 0.011506
8916.72852 0.01143
8920.04590 0.011371
8923.36426 0.011334
8926.68164 0.011319
8929.99902 0.011329
8933.31738 0.011359
8936.63477 0.011405
8939.95215 0.011459
8943.27148 0.011514
8946.58789 0.011561
8949.90625 0.011595
8953.22363 0.011613
8956.54199 0.011612
8959.85938 0.011595
8963.17773 0.011563
8966.49609 0.011521
8969.81445 0.011471
8973.13281 0.011417
8976.45020 0.011361
8979.76855 0.011303
8983.08691 0.011247
8986.40527 0.011194
8989.72363 0.011149
8993.04199 0.011112
8996.36035 0.011087
8999.67871 0.011073
9002.99805 0.01107
9006.31641 0.011074
9009.63477 0.011078
9012.95312 0.011075
9016.27246 0.011056
9019.59082 0.011014
9022.90918 0.010942
9026.22852 0.010839
9029.54688 0.010707
9032.86621 0.010551
9036.18457 0.010378
9039.50391 0.010197
9042.82227 0.010017
9046.14160 0.009843
9049.46094 0.009681
9052.78027 0.009536
9056.09961 0.009411
9059.41797 0.009309
9062.73730 0.009233
9066.05664 0.009184
9069.37598 0.009163
9072.69531 0.009166
9076.01465 0.009188
9079.33398 0.009221
9082.65332 0.009254
9085.97363 0.009279
9089.29297 0.009285
9092.61230 0.009268
9095.93262 0.009228
9099.25195 0.009166
9102.57129 0.009089
9105.89160 0.009004
9109.21094 0.00892
9112.53125 0.008847
9115.85059 0.008792
9119.17090 0.008762
9122.49023 0.008762
9125.81055 0.008794
9129.13086 0.008855
9132.45020 0.008942
9135.77148 0.009044
9139.09082 0.009151
9142.41113 0.009252
9145.73145 0.009334
9149.05176 0.009389
9152.37207 0.009412
9155.69238 0.009403
9159.01270 0.009364
9162.33301 0.009304
9165.65332 0.00923
9168.97461 0.009149
9172.29492 0.009067
9175.61523 0.008986
9178.93555 0.008906
9182.25684 0.008827
9185.57715 0.008747
9188.89844 0.008662
9192.21875 0.008572
9195.53906 0.008477
9198.86035 0.008378
9202.18164 0.008275
9205.50195 0.008171
9208.82324 0.008069
9212.14453 0.007973
9215.46484 0.007887
9218.78613 0.007817
9222.10742 0.007768
9225.42871 0.007743
9228.75000 0.007745
9232.07129 0.007771
9235.39258 0.007819
9238.71387 0.007885
9242.03516 0.007964
9245.35645 0.008053
9248.67773 0.008146
9252.00000 0.00824
9255.32129 0.008333
9258.64258 0.008421
9261.96484 0.008504
9265.28613 0.008582
9268.60742 0.008655
9271.92969 0.008724
9275.25098 0.00879
9278.57324 0.008852
9281.89453 0.00891
9285.21680 0.008961
9288.53906 0.009003
9291.86035 0.009035
9295.18262 0.009057
9298.50488 0.009068
9301.82715 0.009071
9305.14941 0.009066
9308.47070 0.009056
9311.79395 0.009043
9315.11523 0.009028
9318.43848 0.009011
9321.76074 0.008994
9325.08301 0.008976
9328.40527 0.008958
9331.72754 0.00894
9335.04980 0.008922
9338.37207 0.008904
9341.69531 0.008886
9345.01758 0.008868
9348.33984 0.00885
9351.66309 0.008832
9354.98535 0.008814
9358.30859 0.008795
9361.63086 0.008777
9364.95410 0.008759
9368.27734 0.008741
9371.59961 0.008723
9374.92285 0.008705
9378.24609 0.008687
9381.56934 0.008669
9384.89258 0.008651
9388.21484 0.008633
9391.53809 0.008615
9394.86133 0.008597
9398.18457 0.008579
9401.50781 0.008561
9404.83203 0.008543
9408.15527 0.008525
9411.47852 0.008507
9414.80176 0.008489
9418.12500 0.00847
9421.44824 0.008452
9424.77246 0.008434
9428.09570 0.008416
9431.41895 0.008398
9434.74316 0.00838
9438.06738 0.008362
9441.39062 0.008344
9444.71484 0.008326
9448.03809 0.008308
9451.36230 0.00829
9454.68652 0.008272
9458.00977 0.008254
9461.33398 0.008236
9464.65820 0.008218
9467.98242 0.0082
9471.30664 0.008182
9474.63086 0.008164
9477.95508 0.008146
9481.27930 0.008127
9484.60352 0.008109
9487.92773 0.008091
9491.25195 0.008073
9494.57617 0.008055
9497.90039 0.008037
9501.22559 0.008019
9504.54980 0.008001
9507.87402 0.007983
9511.19922 0.007965
9514.52344 0.007947
9517.84863 0.007929
9521.17285 0.007911
9524.49805 0.007893
9527.82227 0.007875
9531.14746 0.007857
9534.47168 0.007839
9537.79688 0.007821
9541.12207 0.007802
9544.44727 0.007784
9547.77246 0.007766
9551.09766 0.007748
9554.42188 0.00773
9557.74805 0.007712
9561.07227 0.007694
9564.39746 0.007676
9567.72363 0.007658
9571.04883 0.00764
9574.37402 0.007622
9577.69922 0.007604
9581.02441 0.007586
9584.34961 0.007568
9587.67578 0.00755
9591.00098 0.007532
9594.32715 0.007514
9597.65234 0.007496
9600.97852 0.007477
9604.30371 0.007459
9607.62891 0.007441
9610.95508 0.007423
9614.28125 0.007405
9617.60645 0.007387
9620.93262 0.007369
9624.25879 0.007351
9627.58496 0.007333
9630.91113 0.007315
9634.23730 0.007297
9637.56348 0.007279
9640.88965 0.007261
9644.21582 0.007243
9647.54102 0.007225
9650.86816 0.007207
9654.19434 0.007189
9657.52148 0.007171
9660.84668 0.007152
9664.17383 0.007134
9667.50000 0.007116
9670.82617 0.007098
9674.15332 0.00708
9677.47852 0.007062
9680.80664 0.007044
9684.13281 0.007026
9687.45898 0.007008
9690.78613 0.00699
9694.11328 0.006972
9697.43945 0.006954
9700.76660 0.006936
9704.09375 0.006918
9707.42090 0.0069
9710.74707 0.006882
9714.07422 0.006864
9717.40137 0.006846
9720.72852 0.006828
9724.05566 0.006809
9727.38281 0.006791
9730.70996 0.006773
9734.03711 0.006755
9737.36426 0.006737
9740.69238 0.006719
9744.01953 0.006701
9747.34668 0.006683
9750.67383 0.006665
9754.00195 0.006647
9757.32910 0.006629
9760.65723 0.006611
9763.98438 0.006593
9767.31348 0.006575
9770.63965 0.006557
9773.96777 0.006539
9777.29590 0.006521
9780.62305 0.006503
9783.95117 0.006484
9787.27930 0.006466
9790.60645 0.006448
9793.93555 0.00643
9797.26270 0.006412
9800.59082 0.006394
9803.91895 0.006376
9807.24707 0.006358
9810.57520 0.00634
9813.90332 0.006322
9817.23145 0.006304
9820.56055 0.006286
9823.88867 0.006268
9827.21680 0.00625
9830.54492 0.006232
9833.87402 0.006214
9837.20215 0.006196
9840.53027 0.006178
9843.85938 0.006159
9847.18848 0.006141
9850.51660 0.006123
9853.84473 0.006105
9857.17383 0.006087
9860.50293 0.006069
9863.83105 0.006051
9867.16016 0.006033
9870.48926 0.006015
9873.81836 0.005997
9877.14746 0.005979
9880.47656 0.005961
9883.80469 0.005943
9887.13477 0.005925
9890.46387 0.005907
9893.79297 0.005889
9897.12207 0.005871
9900.45117 0.005853
9903.78027 0.005834
9907.10938 0.005816
9910.43945 0.005798
9913.76855 0.00578
9917.09766 0.005762
9920.42773 0.005744
9923.75684 0.005726
9927.08691 0.005708
9930.41602 0.00569
9933.74609 0.005672
9937.07520 0.005654
9940.40527 0.005636
9943.73438 0.005618
9947.06445 0.0056
9950.39453 0.005582
9953.72461 0.005564
9957.05371 0.005546
9960.38477 0.005528
9963.71387 0.00551
9967.04395 0.005491
9970.37500 0.005473
9973.70410 0.005455
9977.03418 0.005437
9980.36523 0.005419
9983.69531 0.005401
9987.02539 0.005383
9990.35547 0.005365
9993.68652 0.005347
9997.01660 0.005329
10000.34961 0.005311
10003.67969 0.005293
10007.00977 0.005275
10010.33984 0.005257
10013.66992 0.005239
10017.00000 0.005221
10020.33008 0.005203
10023.66016 0.005185
10026.99023 0.005166
10030.32031 0.005148
10033.65039 0.00513
10036.98047 0.005112
10040.32031 0.005094
10043.65039 0.005076
10046.98047 0.005058
10050.30957 0.00504
10053.63965 0.005022
10056.96973 0.005004
10060.29980 0.004986
10063.62988 0.004968
10066.95996 0.00495
10070.29004 0.004932
10073.62988 0.004914
10076.95996 0.004896
10080.29004 0.004878
10083.62012 0.00486
10086.95020 0.004841
10090.28027 0.004823
10093.62012 0.004805
10096.95020 0.004787
10100.28027 0.004769
10103.61035 0.004751
10106.94043 0.004733
10110.26953 0.004715
10113.61035 0.004697
10116.94043 0.004679
10120.26953 0.004661
10123.59961 0.004643
10126.92969 0.004625
10130.25977 0.004607
10133.59961 0.004589
10136.92969 0.004571
10140.25977 0.004553
10143.58984 0.004535
10146.92969 0.004516
10150.25977 0.004498
10153.58984 0.00448
10156.91992 0.004462
10160.25000 0.004444
10163.58984 0.004426
10166.91992 0.004408
10170.25000 0.00439
10173.58008 0.004372
10176.91992 0.004355
10180.25000 0.004337
10183.58008 0.004321
10186.91992 0.004304
10190.25000 0.004289
10193.58008 0.004274
10196.91016 0.004261
10200.25000 0.00425
10203.58008 0.00424
11223.93848 0.0
