threeML/data/optical_filters/CAHA/CAHA-f_552_25.ecsv
# %ECSV 0.9
# ---
# datatype:
# - {name: wavelength, unit: Angstrom, datatype: float32}
# - {name: response, datatype: float32}
# meta: !!omap
# - {band_name: f_552_25}
# - {group_name: CAHA}
wavelength response
4366.94043 0.0
4852.15576 0.004237
4855.41309 0.004384
4858.66992 0.004393
4861.92822 0.004272
4865.18506 0.004045
4868.44287 0.003756
4871.70020 0.003456
4874.95801 0.003194
4878.21484 0.003008
4881.47314 0.002923
4884.72998 0.002946
4887.98779 0.003065
4891.24609 0.003255
4894.50391 0.003486
4897.76221 0.00372
4901.02002 0.003926
4904.27783 0.004081
4907.53613 0.004171
4910.79297 0.004194
4914.05176 0.004156
4917.31006 0.004073
4920.56787 0.003963
4923.82715 0.003842
4927.08496 0.003725
4930.34277 0.003619
4933.60205 0.003529
4936.85986 0.003458
4940.11914 0.003407
4943.37695 0.003377
4946.63623 0.003371
4949.89502 0.00339
4953.15283 0.003433
4956.41211 0.003494
4959.66992 0.003565
4962.93018 0.003632
4966.18799 0.003687
4969.44678 0.003719
4972.70703 0.003724
4975.96484 0.003703
4979.22510 0.003661
4982.48389 0.003606
4985.74316 0.003549
4989.00195 0.003501
4992.26221 0.003472
4995.52100 0.003473
4998.77979 0.003513
5002.04004 0.003598
5005.29883 0.003732
5008.55908 0.003915
5011.81787 0.00414
5015.07812 0.004394
5018.33789 0.004658
5021.59814 0.004915
5024.85693 0.005149
5028.11719 0.005352
5031.37695 0.005526
5034.63721 0.005677
5037.89697 0.005819
5041.15723 0.005961
5044.41699 0.006109
5047.67822 0.006264
5050.93799 0.006421
5054.19824 0.006572
5057.45801 0.006714
5060.71924 0.006845
5063.97900 0.006968
5067.24023 0.007087
5070.50000 0.007213
5073.76123 0.007351
5077.02100 0.00751
5080.28223 0.007692
5083.54297 0.007899
5086.80420 0.008128
5090.06494 0.008375
5093.32617 0.008632
5096.58691 0.008891
5099.84814 0.009143
5103.10889 0.009381
5106.37012 0.009598
5109.63086 0.009789
5112.89209 0.009949
5116.15381 0.010079
5119.41504 0.010179
5122.67578 0.010253
5125.93799 0.010308
5129.19922 0.010356
5132.46094 0.010406
5135.72314 0.010468
5138.98389 0.010554
5142.24609 0.01067
5145.50781 0.010823
5148.77002 0.011021
5152.03076 0.011267
5155.29297 0.011565
5158.55518 0.011914
5161.81689 0.012309
5165.07910 0.012744
5168.34082 0.013204
5171.60400 0.013674
5174.86621 0.014136
5178.12793 0.014575
5181.39111 0.014982
5184.65283 0.015352
5187.91602 0.015687
5191.17822 0.015994
5194.43994 0.016284
5197.70312 0.016574
5200.96582 0.016879
5204.22900 0.017216
5207.49121 0.017603
5210.75391 0.018057
5214.01709 0.018586
5217.27979 0.019195
5220.54297 0.019884
5223.80615 0.020646
5227.06885 0.021472
5230.33301 0.02235
5233.59619 0.02327
5236.85889 0.024222
5240.12207 0.0252
5243.38477 0.026202
5246.64893 0.027232
5249.91309 0.028297
5253.17578 0.029411
5256.43896 0.030592
5259.70312 0.031858
5262.96680 0.033224
5266.23096 0.034696
5269.49512 0.036273
5272.75781 0.037946
5276.02197 0.039705
5279.28711 0.041537
5282.54980 0.043439
5285.81396 0.045418
5289.07910 0.047491
5292.34277 0.049681
5295.60693 0.052022
5298.87207 0.054544
5302.13623 0.057276
5305.39990 0.060243
5308.66504 0.063464
5311.92920 0.066953
5315.19385 0.070726
5318.45801 0.074797
5321.72412 0.079184
5324.98779 0.083909
5328.25293 0.088995
5331.51807 0.09447
5334.78320 0.100362
5338.04785 0.106701
5341.31299 0.113521
5344.57812 0.120861
5347.84277 0.128766
5351.10791 0.137287
5354.37402 0.146478
5357.63916 0.156393
5360.90479 0.167081
5364.16992 0.178579
5367.43604 0.19091
5370.70117 0.204079
5373.96680 0.21808
5377.23193 0.232892
5380.49805 0.248486
5383.76416 0.264825
5387.02979 0.281865
5390.29590 0.299555
5393.56201 0.31783
5396.82812 0.336605
5400.09424 0.355777
5403.35986 0.375225
5406.62598 0.394815
5409.89307 0.414404
5413.15918 0.433843
5416.42480 0.452986
5419.69092 0.471686
5422.95801 0.489795
5426.22510 0.507169
5429.49121 0.523664
5432.75781 0.53914
5436.02490 0.553463
5439.29199 0.566518
5442.55908 0.578214
5445.82520 0.588487
5449.09180 0.597318
5452.35889 0.604726
5455.62598 0.610767
5458.89404 0.615525
5462.16113 0.619104
5465.42822 0.621614
5468.69482 0.623168
5471.96191 0.623867
5475.22998 0.623803
5478.49805 0.623061
5481.76514 0.621724
5485.03320 0.619873
5488.29980 0.617595
5491.56787 0.614982
5494.83594 0.612128
5498.10400 0.609127
5501.37207 0.606071
5504.64014 0.603041
5507.90820 0.600103
5511.17578 0.597317
5514.44385 0.594719
5517.71191 0.592333
5520.97998 0.590162
5524.24902 0.588197
5527.51709 0.586413
5530.78613 0.584772
5534.05420 0.583231
5537.32324 0.581739
5540.59082 0.580239
5543.85986 0.578663
5547.12793 0.576944
5550.39697 0.575008
5553.66699 0.572778
5556.93506 0.570187
5560.20410 0.567173
5563.47314 0.563687
5566.74219 0.559692
5570.01221 0.55516
5573.28076 0.550068
5576.54980 0.544389
5579.81885 0.538083
5583.08887 0.531104
5586.35791 0.523397
5589.62793 0.514909
5592.89697 0.505594
5596.16699 0.495433
5599.43701 0.484436
5602.70703 0.472642
5605.97705 0.460123
5609.24609 0.446974
5612.51611 0.433298
5615.78711 0.419208
5619.05713 0.404802
5622.32715 0.390174
5625.59717 0.375402
5628.86719 0.360551
5632.13721 0.345683
5635.40820 0.33085
5638.67822 0.31611
5641.94922 0.30152
5645.21924 0.287144
5648.49023 0.273047
5651.76123 0.259289
5655.03076 0.245931
5658.30176 0.233022
5661.57324 0.220603
5664.84424 0.208702
5668.11523 0.197337
5671.38623 0.186517
5674.65723 0.176243
5677.92920 0.166513
5681.20020 0.157316
5684.47119 0.148638
5687.74316 0.14046
5691.01416 0.132762
5694.28613 0.125518
5697.55713 0.118702
5700.82910 0.112289
5704.10107 0.106254
5707.37207 0.100578
5710.64404 0.095241
5713.91602 0.090231
5717.18799 0.08553
5720.45996 0.081125
5723.73193 0.076995
5727.00391 0.073121
5730.27588 0.069481
5733.54785 0.066055
5736.82080 0.062828
5740.09277 0.05979
5743.36621 0.056936
5746.63818 0.054263
5749.91113 0.05177
5753.18408 0.049451
5756.45605 0.047296
5759.72900 0.045291
5763.00195 0.043417
5766.27490 0.041655
5769.54785 0.039989
5772.82080 0.038404
5776.09424 0.036892
5779.36719 0.035447
5782.64111 0.034068
5785.91406 0.032752
5789.18701 0.031498
5792.45996 0.030301
5795.73389 0.029157
5799.00781 0.02806
5802.28076 0.027005
5805.55518 0.025993
5808.82910 0.025024
5812.10303 0.024102
5815.37598 0.023229
5818.64990 0.022408
5821.92383 0.021639
5825.19824 0.020922
5828.47217 0.020252
5831.74707 0.019628
5835.02100 0.019043
5838.29492 0.018495
5841.56885 0.01798
5844.84424 0.017493
5848.11914 0.01703
5851.39307 0.016586
5854.66797 0.016157
5857.94189 0.015741
5861.21680 0.015337
5864.49219 0.014943
5867.76709 0.014559
5871.04199 0.014186
5874.31689 0.013822
5877.59180 0.013464
5880.86816 0.013111
5884.14307 0.012761
5887.41797 0.012417
5890.69287 0.012082
5893.96924 0.011762
5897.24414 0.011463
5900.52002 0.011187
5903.79590 0.010936
5907.07080 0.010705
5910.34717 0.010489
5913.62305 0.010284
5916.89893 0.010081
5920.17480 0.009881
5923.45117 0.009681
5926.72705 0.009484
5930.00293 0.009294
5933.27881 0.009113
5936.55615 0.008947
5939.83203 0.008797
5943.10791 0.008666
5946.38477 0.008554
5949.66211 0.00846
5952.93799 0.008379
5956.21484 0.008305
5959.49219 0.008225
5962.76904 0.008129
5966.04492 0.008005
5969.32324 0.007846
5972.60010 0.007647
5975.87695 0.007415
5979.15381 0.007159
5982.43115 0.006895
5985.70801 0.00664
5988.98584 0.006409
5992.26318 0.006213
5995.54102 0.006057
5998.81787 0.00594
6002.09619 0.005858
6005.37402 0.0058
6008.65186 0.005756
6011.93018 0.005715
6015.20801 0.005667
6018.48486 0.005605
6021.76416 0.005523
6025.04199 0.005418
6028.31982 0.005289
6031.59814 0.005139
6034.87598 0.004974
6038.15479 0.004803
6041.43408 0.004636
6044.71191 0.004484
6047.99121 0.004356
6051.27002 0.004257
6054.54785 0.004185
6057.82715 0.004136
6061.10596 0.004101
6064.38477 0.00407
6067.66406 0.004036
6674.43066 0.0
