threeML/data/optical_filters/CAHA/CAHA-f_458_89.ecsv
# %ECSV 0.9
# ---
# datatype:
# - {name: wavelength, unit: Angstrom, datatype: float32}
# - {name: response, datatype: float32}
# meta: !!omap
# - {band_name: f_458_89}
# - {group_name: CAHA}
wavelength response
[from data line 805]
5157.85986 0.16617
5159.91992 0.163767
5161.97998 0.162352
5164.04004 0.160565
5166.10010 0.160387
5168.16016 0.159705
5170.22021 0.157892
5172.27979 0.15539
5174.33984 0.154308
5176.39990 0.153447
5178.45996 0.152397
5180.52002 0.150452
5182.58008 0.149221
5184.64014 0.148604
5186.70020 0.146911
5188.75977 0.145903
5190.81982 0.144521
5192.87988 0.143435
5194.93994 0.141277
5197.00000 0.140291
5199.06006 0.139368
5201.12012 0.13752
5203.18018 0.137414
5205.24023 0.13402
5207.29980 0.133939
5209.35986 0.131237
5211.41992 0.130734
5213.47998 0.129331
5215.54004 0.127723
5217.60010 0.126266
5219.66016 0.125834
5221.72021 0.125314
5223.77979 0.122186
5225.83984 0.12164
5227.89990 0.12126
5229.95996 0.118773
5232.02002 0.117876
5234.08008 0.117206
5236.14014 0.116054
5238.20020 0.115351
5240.25977 0.113605
5242.31982 0.112844
5244.37988 0.111254
5246.43994 0.110305
5248.50000 0.109592
5250.56006 0.106674
5252.62012 0.106148
5254.68018 0.105809
5256.74023 0.104433
5258.79980 0.10399
5260.85986 0.103438
5262.91992 0.10143
5264.97998 0.101157
5267.04004 0.098953
5269.10010 0.098856
5271.16016 0.098435
5273.22021 0.097149
5275.27979 0.096706
5277.33984 0.094819
5279.39990 0.094547
5281.45996 0.093895
5283.52002 0.092753
5285.58008 0.091074
5287.64014 0.090419
5289.70020 0.089997
5291.75977 0.089139
5293.81982 0.088726
5295.87988 0.087653
5297.93994 0.087383
5300.00000 0.08575
5302.06006 0.085529
5304.12012 0.084151
5306.18018 0.083997
5308.24023 0.083094
5310.29980 0.082251
5312.35986 0.081897
5314.41992 0.081461
5316.47998 0.081236
5318.54004 0.080691
5320.60010 0.07975
5322.66016 0.079016
5324.72021 0.078736
5326.77979 0.078736
5328.83984 0.078626
5330.89990 0.078626
5332.95996 0.077944
5335.02002 0.075881
5337.08008 0.07579
5339.14014 0.07579
5341.20020 0.075481
5343.25977 0.074856
5345.31982 0.074716
5347.37988 0.074648
5349.43994 0.073999
5351.50000 0.073736
5353.56006 0.07298
5355.62012 0.072428
5357.68018 0.072418
5359.74023 0.071997
5361.79980 0.072115
5363.85986 0.071561
5365.91992 0.071555
5367.97998 0.071555
5370.04004 0.071555
5372.10010 0.071329
5374.16016 0.070925
5376.22021 0.070806
5378.27979 0.070339
5380.33984 0.070247
5382.39990 0.070033
5384.45996 0.070017
5386.52002 0.069984
5388.58008 0.069661
5390.64014 0.069256
5392.70020 0.069256
5394.75977 0.069092
5396.81982 0.069256
5398.87988 0.069256
5400.93994 0.069347
5403.00000 0.069102
5405.06006 0.069102
5407.12012 0.068633
5409.18018 0.068633
5411.24023 0.068633
5413.29980 0.068633
5415.35986 0.068636
5417.41992 0.068636
5419.47998 0.068818
5421.54004 0.068818
5423.60010 0.069286
5425.66016 0.069418
5427.72021 0.069624
5429.77979 0.069624
5431.83984 0.069624
5433.89990 0.069818
5435.95996 0.070178
5438.02002 0.070178
5440.08008 0.070178
5442.14014 0.070262
5444.20020 0.070442
5446.25977 0.070528
5448.31982 0.070678
5450.37988 0.071152
5452.43994 0.071152
5454.50000 0.071213
5456.56006 0.071782
5458.62012 0.072229
5460.68018 0.072691
5462.74023 0.072691
5464.79980 0.072854
5466.85986 0.073076
5468.91992 0.073236
5470.97998 0.074384
5473.04004 0.074418
5475.10010 0.074557
5477.16016 0.075761
5479.22021 0.076147
5481.27979 0.076147
5483.33984 0.076425
5485.39990 0.076488
5487.45996 0.076792
5489.52002 0.076964
5491.58008 0.078068
5493.64014 0.078349
5495.70020 0.078539
5497.75977 0.079175
5499.81982 0.079443
5501.87988 0.079796
5503.93994 0.080934
5506.00000 0.081614
5508.06006 0.082253
5510.12012 0.082253
5512.18018 0.082284
5514.24023 0.082284
5516.29980 0.082631
5518.35986 0.0829
5520.41992 0.083651
5522.47998 0.083731
5524.54004 0.084656
5526.60010 0.08466
5528.66016 0.085175
5530.72021 0.085649
5532.77979 0.086108
5534.83984 0.086185
5536.89990 0.087304
5538.95996 0.08732
5541.02002 0.087507
5543.08008 0.087744
5545.14014 0.087957
5547.20020 0.088111
5549.25977 0.088111
5551.31982 0.088482
5553.37988 0.088795
5555.43994 0.088795
5557.50000 0.088795
5559.56006 0.089074
5561.62012 0.089154
5563.68018 0.089162
5565.74023 0.089162
5567.79980 0.089154
5569.85986 0.089154
5571.91992 0.089584
5573.97998 0.089733
5576.04004 0.089733
5578.10010 0.089733
5580.16016 0.089484
5582.22021 0.089449
5584.27979 0.089357
5586.33984 0.089258
5588.39990 0.089258
5590.45996 0.088399
5592.52002 0.088251
5594.58008 0.088251
5596.64014 0.08806
5598.70020 0.087998
5600.75977 0.087976
5602.81982 0.086629
5604.87988 0.086412
5606.93994 0.086203
5609.00000 0.086054
5611.06006 0.086054
5613.12012 0.086005
5615.18018 0.085993
5617.24023 0.085447
5619.29980 0.084664
5621.35986 0.084283
5623.41992 0.084068
5625.47998 0.0839
5627.54004 0.082988
5629.60010 0.082364
5631.66016 0.081395
5633.72021 0.081323
5635.77979 0.080609
5637.83984 0.080198
5639.89990 0.079179
5641.95996 0.07866
5644.02002 0.078628
5646.08008 0.077956
5648.14014 0.077118
5650.20020 0.076604
5652.25977 0.076183
5654.31982 0.075421
5656.37988 0.074976
5658.43994 0.073847
5660.50000 0.073689
5662.56006 0.072083
5664.62012 0.071814
5666.68018 0.071395
5668.74023 0.070238
5670.79980 0.069798
5672.85986 0.069732
5674.91992 0.068876
5676.97998 0.067521
5679.04004 0.067261
5681.10010 0.066193
5683.16016 0.065653
5685.22021 0.065028
5687.27979 0.063728
5689.33984 0.06293
5691.39990 0.062616
5693.45996 0.061828
5695.52002 0.060681
5697.58008 0.059461
5699.64014 0.05897
5701.70020 0.058211
5703.75977 0.058084
5705.81982 0.056128
5707.87988 0.055777
5709.93994 0.055072
5712.00000 0.054443
5714.06006 0.053023
5716.12012 0.052499
5718.18018 0.051711
5720.24023 0.051339
5722.29980 0.050336
5724.35986 0.049773
5726.41992 0.048562
5728.47998 0.047857
5730.54004 0.0465
5732.60010 0.046065
5734.66016 0.044773
5736.72021 0.044442
5738.77979 0.044084
5740.83984 0.043275
5742.89990 0.041973
5744.95996 0.041717
5747.02002 0.040377
5749.08008 0.039903
5751.14014 0.039185
5753.20020 0.03863
5755.25977 0.038254
5757.31982 0.0364
5759.37988 0.036266
5761.43994 0.035627
5763.50000 0.034785
5765.56006 0.033805
5767.62012 0.033552
5769.68018 0.032767
5771.74023 0.03194
5773.79980 0.03139
5775.85986 0.031373
5777.91992 0.029772
5779.97998 0.029492
5782.04004 0.029049
5784.10010 0.028123
5786.16016 0.027515
5788.22021 0.026793
5790.27979 0.026613
5792.33984 0.025593
5794.39990 0.025353
5796.45996 0.02453
5798.52002 0.024337
5800.58008 0.023761
5802.64014 0.023107
5804.70020 0.022437
5806.75977 0.022313
5808.81982 0.021587
5810.87988 0.021219
5812.93994 0.020391
5815.00000 0.0202
5817.06006 0.019911
5819.12012 0.019822
5821.18018 0.01936
5823.24023 0.019203
5825.29980 0.018224
5827.35986 0.018085
5829.41992 0.017717
5831.47998 0.017376
5833.54004 0.017048
5835.60010 0.016415
5837.66016 0.016275
5839.72021 0.016007
5841.77979 0.015466
5843.83984 0.015459
5845.89990 0.015197
5847.95996 0.01485
5850.02002 0.014561
5852.08008 0.014406
5854.14014 0.014068
5856.20020 0.01348
5858.25977 0.013355
5860.31982 0.013313
5862.37988 0.013114
5864.43994 0.012994
5866.50000 0.012631
5868.56006 0.012599
5870.62012 0.01248
5872.68018 0.012173
5874.74023 0.011826
5876.79980 0.011787
5878.85986 0.011737
5880.91992 0.011482
5882.97998 0.011482
5885.04004 0.011313
5887.10010 0.011159
5889.16016 0.010982
5891.22021 0.010898
5893.27979 0.010802
5895.33984 0.010637
5897.39990 0.01026
5899.45996 0.010203
5901.52002 0.010142
5903.58008 0.010135
5905.64014 0.010135
5907.70020 0.010133
5909.75977 0.00995
5911.81982 0.009834
5913.87988 0.009834
5915.93994 0.009725
5918.00000 0.009722
5920.06006 0.009722
5922.12012 0.009719
5924.18018 0.009454
5926.24023 0.009454
5928.29980 0.009441
5930.35986 0.009441
5932.41992 0.009361
5934.47998 0.009361
5936.54004 0.009256
5938.60010 0.009256
5940.66016 0.009226
5942.72021 0.009172
5944.77979 0.009129
5946.83984 0.009129
5948.89990 0.009129
5950.95996 0.00904
5953.02002 0.009011
5955.08008 0.008967
5957.14014 0.008845
5959.20020 0.008701
5961.25977 0.008613
5963.31982 0.008563
5965.37988 0.008563
5967.43994 0.008572
5969.50000 0.008572
5971.56006 0.008572
5973.62012 0.008572
5975.68018 0.008572
5977.74023 0.008486
5979.79980 0.008486
5981.85986 0.008486
5983.91992 0.008486
5985.97998 0.008397
5988.04004 0.008397
5990.10010 0.00832
5992.16016 0.008251
5994.22021 0.008251
5996.27979 0.008222
5998.33984 0.008222
6000.39990 0.00808
6002.45996 0.008078
6004.52002 0.008042
6006.58008 0.007973
6008.64014 0.008042
6010.70020 0.008043
6012.75977 0.00798
6014.81982 0.00798
6016.87988 0.00798
6018.93994 0.007922
6021.00000 0.00775
6023.06006 0.00775
6025.12012 0.007584
6027.18018 0.007584
6029.24023 0.007668
6031.29980 0.007668
6033.35986 0.007555
6035.41992 0.007555
6037.47998 0.007555
6039.54004 0.007441
6041.60010 0.00724
6043.66016 0.007188
6045.72021 0.007144
6047.77979 0.007103
6049.83984 0.007103
6051.89990 0.007121
6053.95996 0.007103
6056.02002 0.007079
6058.08008 0.007039
6060.14014 0.006844
6062.20020 0.006844
6064.25977 0.006809
6066.31982 0.006728
6068.37988 0.006723
6070.43994 0.006668
6072.50000 0.006661
6074.56006 0.006661
6076.62012 0.006669
6078.68018 0.006669
6080.74023 0.006669
6082.79980 0.006669
6084.85986 0.006463
6086.91992 0.006348
6088.97998 0.006215
6091.04004 0.006215
6093.10010 0.005967
6095.16016 0.005932
6097.22021 0.005932
6099.27979 0.005932
6101.33984 0.00611
6103.39990 0.00611
6105.45996 0.00611
6107.52002 0.005885
6109.58008 0.005825
6111.64014 0.005789
6113.70020 0.005745
6115.75977 0.005745
6117.81982 0.005641
6119.87988 0.00561
6121.93994 0.005468
6124.00000 0.005468
6126.06006 0.005447
6128.12012 0.005312
6130.18018 0.005256
6132.24023 0.005312
6134.29980 0.005256
6136.35986 0.005242
6138.41992 0.005235
6140.47998 0.005207
6142.54004 0.005163
6144.60010 0.00507
6146.66016 0.005064
6148.72021 0.00496
6150.77979 0.004892
6152.83984 0.004879
6154.89990 0.004873
6156.95996 0.004788
6159.02002 0.004788
6161.08008 0.004759
6163.14014 0.004759
6165.20020 0.004608
6167.25977 0.00459
6169.31982 0.00459
6171.37988 0.00459
6173.43994 0.00459
6175.50000 0.00459
6177.56006 0.004476
6179.62012 0.004369
6181.68018 0.004253
6183.74023 0.004325
6185.79980 0.004253
6187.85986 0.004203
6189.91992 0.004133
6191.97998 0.004133
6194.04004 0.004016
6813.44385 0.0
