threeML/data/optical_filters/CAHA/CAHA-f_577_12.ecsv
# %ECSV 0.9
# ---
# datatype:
# - {name: wavelength, unit: Angstrom, datatype: float32}
# - {name: response, datatype: float32}
# meta: !!omap
# - {band_name: f_577_12}
# - {group_name: CAHA}
wavelength response
5073.11963 0.0
5636.79980 0.004079
5637.06006 0.004072
5637.31982 0.003925
5637.58008 0.004128
5637.83984 0.004132
5638.10010 0.003899
5638.35986 0.004409
5638.62012 0.004193
5638.87988 0.004224
5639.14990 0.00418
5639.41016 0.004212
5639.66992 0.004164
5639.93018 0.004537
5640.18994 0.004242
5640.45020 0.004279
5640.70996 0.004445
5640.97021 0.004645
5641.22998 0.004674
5641.49023 0.004664
5641.75000 0.004602
5642.00977 0.004683
5642.27002 0.004789
5642.52979 0.004762
5642.79004 0.004855
5643.06006 0.004755
5643.31982 0.004745
5643.58008 0.004909
5643.83984 0.005125
5644.10010 0.004985
5644.35986 0.005248
5644.62012 0.005106
5644.87988 0.005164
5645.14014 0.005198
5645.39990 0.005349
5645.66016 0.005346
5645.91992 0.005189
5646.18018 0.00552
5646.43994 0.005304
5646.70996 0.005637
5646.97021 0.005426
5647.22998 0.005504
5647.49023 0.00587
5647.75000 0.005863
5648.00977 0.005411
5648.27002 0.005773
5648.52979 0.00577
5648.79004 0.006103
5649.04980 0.006065
5649.31006 0.005898
5649.56982 0.006084
5649.83008 0.006288
5650.08984 0.006311
5650.35010 0.006493
5650.62012 0.006514
5650.87988 0.006372
5651.14014 0.006359
5651.39990 0.00661
5651.66016 0.006499
5651.91992 0.006499
5652.18018 0.006825
5652.43994 0.006719
5652.70020 0.007051
5652.95996 0.007089
5653.22021 0.007116
5653.47998 0.007054
5653.74023 0.007008
5654.00000 0.007308
5654.27002 0.007524
5654.52979 0.007504
5654.79004 0.007387
5655.04980 0.007426
5655.31006 0.007937
5655.56982 0.007806
5655.83008 0.007837
5656.08984 0.008018
5656.35010 0.007827
5656.60986 0.008411
5656.87012 0.008488
5657.12988 0.008243
5657.39014 0.008311
5657.64990 0.008412
5657.91992 0.008721
5658.18018 0.008894
5658.43994 0.008802
5658.70020 0.008843
5658.95996 0.00875
5659.22021 0.009402
5659.47998 0.009591
5659.74023 0.009286
5660.00000 0.009619
5660.25977 0.009594
5660.52002 0.009908
5660.77979 0.010032
5661.04004 0.009818
5661.29980 0.009835
5661.56006 0.010354
5661.83008 0.010328
5662.08984 0.011018
5662.35010 0.010215
5662.60986 0.010967
5662.87012 0.010515
5663.12988 0.011325
5663.39014 0.011228
5663.64990 0.010768
5663.91016 0.011318
5664.16992 0.010989
5664.43018 0.012017
5664.68994 0.012016
5664.95020 0.011701
5665.20996 0.01167
5665.47998 0.012032
5665.74023 0.012408
5666.00000 0.012838
5666.25977 0.012445
5666.52002 0.01269
5666.77979 0.012773
5667.04004 0.013721
5667.29980 0.013894
5667.56006 0.013419
5667.81982 0.013774
5668.08008 0.013892
5668.33984 0.014344
5668.60010 0.014658
5668.85986 0.014297
5669.12988 0.015046
5669.39014 0.014756
5669.64990 0.015594
5669.91016 0.015735
5670.16992 0.014997
5670.43018 0.015326
5670.68994 0.015698
5670.95020 0.016044
5671.20996 0.017127
5671.47021 0.016544
5671.72998 0.016493
5671.99023 0.01696
5672.25000 0.017452
5672.50977 0.018748
5672.77979 0.017611
5673.04004 0.018155
5673.29980 0.018554
5673.56006 0.019053
5673.81982 0.019798
5674.08008 0.019044
5674.33984 0.019561
5674.60010 0.019997
5674.85986 0.020517
5675.12012 0.021081
5675.37988 0.020737
5675.64014 0.020635
5675.89990 0.021427
5676.16016 0.021997
5676.41992 0.022881
5676.68994 0.022252
5676.95020 0.022321
5677.20996 0.023159
5677.47021 0.024073
5677.72998 0.024893
5677.99023 0.024081
5678.25000 0.024264
5678.50977 0.025207
5678.77002 0.025829
5679.02979 0.02694
5679.29004 0.026279
5679.54980 0.026161
5679.81006 0.027447
5680.06982 0.027678
5680.33984 0.029089
5680.60010 0.028513
5680.85986 0.029031
5681.12012 0.029442
5681.37988 0.030212
5681.64014 0.032055
5681.89990 0.030706
5682.16016 0.031225
5682.41992 0.032814
5682.68018 0.03339
5682.93994 0.035186
5683.20020 0.03434
5683.45996 0.033543
5683.72021 0.035285
5683.99023 0.036217
5684.25000 0.037974
5684.50977 0.037424
5684.77002 0.03743
5685.02979 0.038929
5685.29004 0.039417
5685.54980 0.041741
5685.81006 0.040531
5686.06982 0.040881
5686.33008 0.042498
5686.58984 0.042996
5686.85010 0.044715
5687.10986 0.044951
5687.37012 0.044633
5687.64014 0.046811
5687.89990 0.047626
5688.16016 0.049668
5688.41992 0.049137
5688.68018 0.048823
5688.93994 0.051236
5689.20020 0.051292
5689.45996 0.054535
5689.72021 0.054263
5689.97998 0.053151
5690.24023 0.056281
5690.50000 0.057185
5690.75977 0.060055
5691.02002 0.06
5691.27979 0.059647
5691.54980 0.061803
5691.81006 0.063181
5692.06982 0.065752
5692.33008 0.066582
5692.58984 0.065124
5692.85010 0.068694
5693.10986 0.069743
5693.37012 0.07324
5693.62988 0.073226
5693.89014 0.07246
5694.14990 0.075985
5694.41016 0.078474
5694.66992 0.080799
5694.93018 0.081467
5695.20020 0.079969
5695.45996 0.084351
5695.72021 0.085651
5695.97998 0.089367
5696.24023 0.092045
5696.50000 0.08928
5696.75977 0.09395
5697.02002 0.095127
5697.27979 0.098312
5697.54004 0.101074
5697.79980 0.099279
5698.06006 0.102604
5698.31982 0.106328
5698.58008 0.108603
5698.85010 0.111513
5699.10986 0.110429
5699.37012 0.114988
5699.62988 0.118997
5699.89014 0.11996
5700.14990 0.125637
5700.41016 0.123706
5700.66992 0.128779
5700.93018 0.132235
5701.18994 0.133618
5701.45020 0.139013
5701.70996 0.136148
5701.97021 0.143526
5702.22998 0.148122
5702.50000 0.148501
5702.75977 0.154013
5703.02002 0.151699
5703.27979 0.157119
5703.54004 0.165022
5703.79980 0.166878
5704.06006 0.173373
5704.31982 0.170928
5704.58008 0.175746
5704.83984 0.182906
5705.10010 0.185184
5705.35986 0.192123
5705.62012 0.190076
5705.87988 0.19389
5706.14990 0.204376
5706.41016 0.206778
5706.66992 0.213484
5706.93018 0.212774
5707.18994 0.21495
5707.45020 0.227133
5707.70996 0.229701
5707.97021 0.237376
5708.22998 0.234762
5708.49023 0.236886
5708.75000 0.252064
5709.00977 0.253811
5709.27002 0.260878
5709.52979 0.26384
5709.79004 0.262199
5710.06006 0.27878
5710.31982 0.280316
5710.58008 0.287438
5710.83984 0.287824
5711.10010 0.289825
5711.35986 0.305858
5711.62012 0.310031
5711.87988 0.312919
5712.14014 0.317881
5712.39990 0.318505
5712.66016 0.33568
5712.91992 0.342123
5713.18018 0.343531
5713.43994 0.348102
5713.70996 0.347589
5713.97021 0.366727
5714.22998 0.373248
5714.49023 0.374417
5714.75000 0.380967
5715.00977 0.381013
5715.27002 0.39854
5715.52979 0.407184
5715.79004 0.403718
5716.04980 0.41136
5716.31006 0.412405
5716.56982 0.430449
5716.83008 0.439197
5717.08984 0.433434
5717.35010 0.444742
5717.62012 0.443849
5717.87988 0.462873
5718.14014 0.472841
5718.39990 0.467547
5718.66016 0.470785
5718.91992 0.473936
5719.18018 0.488879
5719.43994 0.501791
5719.70020 0.497147
5719.95996 0.503892
5720.22021 0.503041
5720.47998 0.51629
5720.74023 0.535353
5721.00000 0.529289
5721.27002 0.531527
5721.52979 0.533285
5721.79004 0.541366
5722.04980 0.556937
5722.31006 0.557306
5722.56982 0.560072
5722.83008 0.558731
5723.08984 0.565043
5723.35010 0.575933
5723.60986 0.578978
5723.87012 0.581173
5724.12988 0.586676
5724.39014 0.58526
5724.64990 0.598681
5724.91992 0.599998
5725.18018 0.600884
5725.43994 0.604391
5725.70020 0.608179
5725.95996 0.616084
5726.22021 0.61381
5726.47998 0.615462
5726.74023 0.620862
5727.00000 0.624618
5727.25977 0.631388
5727.52002 0.631957
5727.77979 0.626466
5728.04004 0.636825
5728.29980 0.637139
5728.56006 0.645605
5728.83008 0.646582
5729.08984 0.636207
5729.35010 0.644513
5729.60986 0.650624
5729.87012 0.65728
5730.12988 0.659308
5730.39014 0.649533
5730.64990 0.651081
5730.91016 0.656322
5731.16992 0.665171
5731.43018 0.668303
5731.68994 0.657887
5731.95020 0.660926
5732.20996 0.661167
5732.47998 0.668596
5732.74023 0.671559
5733.00000 0.66782
5733.25977 0.663224
5733.52002 0.66284
5733.77979 0.666573
5734.04004 0.672115
5734.29980 0.675452
5734.56006 0.674882
5734.81982 0.669164
5735.08008 0.67005
5735.33984 0.673752
5735.60010 0.67355
5735.85986 0.675626
5736.12988 0.674208
5736.39014 0.674433
5736.64990 0.668886
5736.91016 0.672804
5737.16992 0.678236
5737.43018 0.681453
5737.68994 0.677635
5737.95020 0.672695
5738.20996 0.671547
5738.47021 0.675001
5738.72998 0.685652
5738.99023 0.684987
5739.25000 0.680488
5739.50977 0.675827
5739.77002 0.674384
5740.04004 0.680732
5740.29980 0.684179
5740.56006 0.682156
5740.81982 0.676282
5741.08008 0.674416
5741.33984 0.676618
5741.60010 0.685691
5741.85986 0.683684
5742.12012 0.681378
5742.37988 0.674152
5742.64014 0.677071
5742.89990 0.679697
5743.16016 0.684971
5743.41992 0.684553
5743.68994 0.681205
5743.95020 0.67712
5744.20996 0.678949
5744.47021 0.679903
5744.72998 0.685465
5744.99023 0.686219
5745.25000 0.683153
5745.50977 0.679932
5745.77002 0.678918
5746.02979 0.68194
5746.29004 0.687309
5746.54980 0.686238
5746.81006 0.682241
5747.06982 0.680302
5747.33984 0.67877
5747.60010 0.686279
5747.85986 0.690524
5748.12012 0.690322
5748.37988 0.684122
5748.64014 0.678811
5748.89990 0.682874
5749.16016 0.691184
5749.41992 0.692971
5749.68018 0.690198
5749.93994 0.68274
5750.20020 0.683206
5750.45996 0.689106
5750.72021 0.689911
5750.99023 0.691728
5751.25000 0.687778
5751.50977 0.683872
5751.77002 0.687259
5752.02979 0.691105
5752.29004 0.69874
5752.54980 0.695659
5752.81006 0.690984
5753.06982 0.686535
5753.33008 0.687543
5753.58984 0.691306
5753.85010 0.695905
5754.10986 0.695166
5754.37012 0.69544
5754.62988 0.690516
5754.89990 0.692907
5755.16016 0.699877
5755.41992 0.698102
5755.68018 0.698798
5755.93994 0.690973
5756.20020 0.692291
5756.45996 0.692283
5756.72021 0.698266
5756.97998 0.702772
5757.24023 0.698062
5757.50000 0.695752
5757.75977 0.692468
5758.02002 0.695951
5758.27979 0.700977
5758.54980 0.705193
5758.81006 0.700592
5759.06982 0.696105
5759.33008 0.697794
5759.58984 0.698693
5759.85010 0.707846
5760.10986 0.706917
5760.37012 0.700445
5760.62988 0.695797
5760.89014 0.693159
5761.14990 0.703623
5761.41016 0.706591
5761.66992 0.705849
5761.93018 0.699085
5762.20020 0.696352
5762.45996 0.698267
5762.72021 0.701611
5762.97998 0.70223
5763.24023 0.705952
5763.50000 0.697852
5763.75977 0.692103
5764.02002 0.697289
5764.27979 0.703088
5764.54004 0.706371
5764.79980 0.701076
5765.06006 0.695205
5765.31982 0.692991
5765.58008 0.696065
5765.85010 0.704063
5766.10986 0.705073
5766.37012 0.695521
5766.62988 0.691205
5766.89014 0.692986
5767.14990 0.697308
5767.41016 0.700626
5767.66992 0.699599
5767.93018 0.692183
5768.18994 0.689694
5768.45020 0.690792
5768.70996 0.696029
5768.97021 0.699991
5769.22998 0.69411
5769.50000 0.691421
5769.75977 0.685559
5770.02002 0.690021
5770.27979 0.691546
5770.54004 0.690435
5770.79980 0.690393
5771.06006 0.690296
5771.31982 0.684059
5771.58008 0.6872
5771.83984 0.681686
5772.10010 0.689112
5772.35986 0.689286
5772.62012 0.684385
5772.87988 0.679474
5773.14014 0.677986
5773.41016 0.680891
5773.66992 0.685643
5773.93018 0.68264
5774.18994 0.680376
5774.45020 0.670543
5774.70996 0.669589
5774.97021 0.682082
5775.22998 0.680606
5775.49023 0.678592
5775.75000 0.666637
5776.00977 0.659425
5776.27002 0.669571
5776.52979 0.675855
5776.79004 0.679181
5777.06006 0.668102
5777.31982 0.656137
5777.58008 0.65822
5777.83984 0.666434
5778.10010 0.669735
5778.35986 0.669092
5778.62012 0.6572
5778.87988 0.656159
5779.14014 0.657967
5779.39990 0.665899
5779.66016 0.665525
5779.91992 0.655897
5780.18018 0.647605
5780.43994 0.649272
5780.70996 0.652948
5780.97021 0.658202
5781.22998 0.651268
5781.49023 0.646623
5781.75000 0.645479
5782.00977 0.645312
5782.27002 0.648178
5782.52979 0.645377
5782.79004 0.640158
5783.04980 0.643937
5783.31006 0.6459
5783.56982 0.639934
5783.83008 0.641111
5784.08984 0.634051
5784.35010 0.638566
5784.62012 0.644536
5784.87988 0.639377
5785.14014 0.633758
5785.39990 0.626325
5785.66016 0.631876
5785.91992 0.64021
5786.18018 0.637867
5786.43994 0.631358
5786.70020 0.619033
5786.95996 0.622886
5787.22021 0.633767
5787.47998 0.636765
5787.74023 0.632216
5788.00000 0.620929
5788.27002 0.614455
5788.52979 0.62977
5788.79004 0.632873
5789.04980 0.631204
5789.31006 0.622024
5789.56982 0.612733
5789.83008 0.620053
5790.08984 0.626181
5790.35010 0.630938
5790.60986 0.622561
5790.87012 0.614685
5791.12988 0.612708
5791.39014 0.620917
5791.64990 0.625305
5791.91992 0.624629
5792.18018 0.617226
5792.43994 0.614436
5792.70020 0.617671
5792.95996 0.622585
5793.22021 0.623526
5793.47998 0.614584
5793.74023 0.614152
5794.00000 0.620554
5794.25977 0.620963
5794.52002 0.616562
5794.77979 0.617701
5795.04004 0.617006
5795.29980 0.622564
5795.56006 0.622463
5795.83008 0.617288
5796.08984 0.615832
5796.35010 0.612901
5796.60986 0.621244
5796.87012 0.628408
5797.12988 0.62388
5797.39014 0.617142
5797.64990 0.613261
5797.91016 0.621508
5798.16992 0.634039
5798.43018 0.628394
5798.68994 0.623984
5798.95020 0.618306
5799.20996 0.620999
5799.47998 0.633722
5799.74023 0.637445
5800.00000 0.633983
5800.25977 0.622598
5800.52002 0.620781
5800.77979 0.632431
5801.04004 0.644674
5801.29980 0.640664
5801.56006 0.633024
5801.81982 0.625041
5802.08008 0.633611
5802.33984 0.648098
5802.60010 0.647012
5802.85986 0.644103
5803.12012 0.635484
5803.39014 0.63832
5803.64990 0.648255
5803.91016 0.653201
5804.16992 0.654586
5804.43018 0.650608
5804.68994 0.645617
5804.95020 0.655479
5805.20996 0.660134
5805.47021 0.659576
5805.72998 0.655488
5805.99023 0.658521
5806.25000 0.661732
5806.50977 0.668729
5806.77002 0.668173
5807.04004 0.668269
5807.29980 0.666932
5807.56006 0.67713
5807.81982 0.67904
5808.08008 0.678719
5808.33984 0.676479
5808.60010 0.675083
5808.85986 0.687756
5809.12012 0.691836
5809.37988 0.691686
5809.64014 0.687675
5809.89990 0.686952
5810.16016 0.692686
5810.41992 0.704505
5810.68994 0.706975
5810.95020 0.701793
5811.20996 0.696676
5811.47021 0.69719
5811.72998 0.711796
5811.99023 0.716234
5812.25000 0.71832
5812.50977 0.706582
5812.77002 0.705067
5813.02979 0.713132
5813.29004 0.724096
5813.54980 0.730357
5813.81006 0.72466
5814.06982 0.715633
5814.33984 0.717146
5814.60010 0.728716
5814.85986 0.734866
5815.12012 0.736349
5815.37988 0.725481
5815.64014 0.722704
5815.89990 0.726254
5816.16016 0.738241
5816.41992 0.740888
5816.68018 0.732842
5816.93994 0.726174
5817.20020 0.728339
5817.45996 0.73056
5817.72021 0.739291
5817.97998 0.734798
5818.25000 0.72987
5818.50977 0.723494
5818.77002 0.726624
5819.02979 0.729127
5819.29004 0.728279
5819.54980 0.72544
5819.81006 0.718091
5820.06982 0.717874
5820.33008 0.719882
5820.58984 0.716903
5820.85010 0.711243
5821.10986 0.70152
5821.37012 0.702749
5821.62988 0.703215
5821.89990 0.702749
5822.16016 0.691191
5822.41992 0.68072
5822.68018 0.673948
5822.93994 0.679251
5823.20020 0.681552
5823.45996 0.670335
5823.72021 0.653557
5823.97998 0.644031
5824.24023 0.647649
5824.50000 0.652424
5824.75977 0.643827
5825.02002 0.623552
5825.27979 0.608454
5825.54980 0.606894
5825.81006 0.612224
5826.06982 0.607471
5826.33008 0.589023
5826.58984 0.574396
5826.85010 0.566053
5827.10986 0.569741
5827.37012 0.572289
5827.62988 0.552624
5827.89014 0.534181
5828.14990 0.523763
5828.41016 0.520918
5828.66992 0.526129
5828.93018 0.51121
5829.20020 0.493335
5829.45996 0.479607
5829.72021 0.475302
5829.97998 0.478644
5830.24023 0.470921
5830.50000 0.45221
5830.75977 0.434517
5831.02002 0.429077
5831.27979 0.432104
5831.54004 0.428807
5831.79980 0.411858
5832.06006 0.396395
5832.31982 0.387233
5832.58008 0.388084
5832.85010 0.387206
5833.10986 0.373461
5833.37012 0.355144
5833.62988 0.347933
5833.89014 0.346763
5834.14990 0.346512
5834.41016 0.337642
5834.66992 0.321494
5834.93018 0.30846
5835.18994 0.308595
5835.45020 0.309086
5835.70996 0.303748
5835.97021 0.288241
5836.22998 0.276897
5836.49023 0.271149
5836.75977 0.273212
5837.02002 0.269566
5837.27979 0.258433
5837.54004 0.245706
5837.79980 0.239435
5838.06006 0.241769
5838.31982 0.241291
5838.58008 0.231603
5838.83984 0.220015
5839.10010 0.212359
5839.35986 0.210947
5839.62012 0.213322
5839.87988 0.20726
5840.14014 0.196015
5840.41016 0.18866
5840.66992 0.187495
5840.93018 0.1874
5841.18994 0.185195
5841.45020 0.176176
5841.70996 0.167585
5841.97021 0.164086
5842.22998 0.165334
5842.49023 0.164181
5842.75000 0.158619
5843.00977 0.149099
5843.27002 0.145516
5843.52979 0.144511
5843.79004 0.146266
5844.06006 0.141462
5844.31982 0.133622
5844.58008 0.129491
5844.83984 0.128038
5845.10010 0.128809
5845.35986 0.127099
5845.62012 0.120381
5845.87988 0.115244
5846.14014 0.113722
5846.39990 0.114082
5846.66016 0.113492
5846.91992 0.108611
5847.18018 0.102698
5847.43994 0.100137
5847.70996 0.101265
5847.97021 0.101251
5848.22998 0.098368
5848.49023 0.092629
5848.75000 0.089132
5849.00977 0.088683
5849.27002 0.089926
5849.52979 0.089866
5849.79004 0.084314
5850.04980 0.079431
5850.31006 0.078997
5850.56982 0.080555
5850.83008 0.080105
5851.08984 0.07549
5851.35010 0.072004
5851.62012 0.070809
5851.87988 0.070723
5852.14014 0.071872
5852.39990 0.068984
5852.66016 0.065154
5852.91992 0.062913
5853.18018 0.063166
5853.43994 0.064715
5853.70020 0.06242
5853.95996 0.059983
5854.22021 0.056554
5854.47998 0.056985
5854.74023 0.057162
5855.00000 0.057107
5855.27002 0.054294
5855.52979 0.051751
5855.79004 0.050339
5856.04980 0.050835
5856.31006 0.051838
5856.56982 0.050334
5856.83008 0.046695
5857.08984 0.045282
5857.35010 0.046235
5857.60986 0.046803
5857.87012 0.045246
5858.12988 0.043466
5858.39014 0.041364
5858.64990 0.040533
5858.91992 0.041867
5859.18018 0.042115
5859.43994 0.03973
5859.70020 0.03808
5859.95996 0.036904
5860.22021 0.037761
5860.47998 0.037769
5860.74023 0.036151
5861.00000 0.035127
5861.25977 0.033659
5861.52002 0.033981
5861.77979 0.034312
5862.04004 0.033367
5862.29980 0.032129
5862.56006 0.030835
5862.83008 0.030039
5863.08984 0.031481
5863.35010 0.030458
5863.60986 0.029689
5863.87012 0.028372
5864.12988 0.027594
5864.39014 0.028032
5864.64990 0.028524
5864.91016 0.026093
5865.16992 0.022801
5865.43018 0.025458
5865.68994 0.02568
5865.95020 0.026076
5866.20996 0.025639
5866.47998 0.024397
5866.74023 0.023989
5867.00000 0.022967
5867.25977 0.024269
5867.52002 0.023855
5867.77979 0.022427
5868.04004 0.021547
5868.29980 0.021505
5868.56006 0.021501
5868.81982 0.021779
5869.08008 0.021158
5869.33984 0.020716
5869.60010 0.019589
5869.85986 0.020134
5870.12012 0.020137
5870.39014 0.019822
5870.64990 0.018826
5870.91016 0.018072
5871.16992 0.017934
5871.43018 0.01854
5871.68994 0.018496
5871.95020 0.017809
5872.20996 0.017008
5872.47021 0.016365
5872.72998 0.016662
5872.99023 0.017006
5873.25000 0.016616
5873.50977 0.015886
5873.77002 0.015389
5874.04004 0.015478
5874.29980 0.015557
5874.56006 0.015623
5874.81982 0.015117
5875.08008 0.014443
5875.33984 0.01392
5875.60010 0.014324
5875.85986 0.014357
5876.12012 0.014193
5876.37988 0.013621
5876.64014 0.013076
5876.89990 0.01324
5877.16016 0.013395
5877.41992 0.013638
5877.68994 0.012821
5877.95020 0.012463
5878.20996 0.012467
5878.47021 0.012586
5878.72998 0.012663
5878.99023 0.011991
5879.25000 0.011763
5879.50977 0.011455
5879.77002 0.011415
5880.02979 0.011689
5880.29004 0.011473
5880.54980 0.011038
5880.81006 0.010651
5881.06982 0.010715
5881.33008 0.010882
5881.60010 0.010836
5881.85986 0.010449
5882.12012 0.009922
5882.37988 0.009778
5882.64014 0.010061
5882.89990 0.01017
5883.16016 0.010034
5883.41992 0.009538
5883.68018 0.009317
5883.93994 0.009514
5884.20020 0.009474
5884.45996 0.009418
5884.72021 0.009246
5884.97998 0.008641
5885.25000 0.008645
5885.50977 0.008715
5885.77002 0.009109
5886.02979 0.008749
5886.29004 0.008365
5886.54980 0.008144
5886.81006 0.008551
5887.06982 0.008338
5887.33008 0.008222
5887.58984 0.007894
5887.85010 0.007823
5888.10986 0.007762
5888.37012 0.007969
5888.62988 0.007877
5888.89990 0.007458
5889.16016 0.007173
5889.41992 0.007042
5889.68018 0.007494
5889.93994 0.007666
5890.20020 0.006976
5890.45996 0.006937
5890.72021 0.006947
5890.97998 0.006964
5891.24023 0.006946
5891.50000 0.006673
5891.75977 0.006548
5892.02002 0.006508
5892.27979 0.006741
5892.54980 0.006589
5892.81006 0.006478
5893.06982 0.006336
5893.33008 0.00621
5893.58984 0.006133
5893.85010 0.006153
5894.10986 0.00635
5894.37012 0.005898
5894.62988 0.005959
5894.89014 0.005739
5895.14990 0.005649
5895.41016 0.005991
5895.66992 0.005792
5895.93018 0.005739
5896.20020 0.005567
5896.45996 0.005483
5896.72021 0.005473
5896.97998 0.005645
5897.24023 0.005342
5897.50000 0.005513
5897.75977 0.005144
5898.02002 0.005054
5898.27979 0.005393
5898.54004 0.005284
5898.79980 0.005093
5899.06006 0.005016
5899.31982 0.004929
5899.58008 0.004812
5899.83984 0.00509
5900.10986 0.004846
5900.37012 0.004868
5900.62988 0.004618
5900.89014 0.004715
5901.14990 0.004776
5901.41016 0.004651
5901.66992 0.004628
5901.93018 0.004407
5902.18994 0.004444
5902.45020 0.004681
5902.70996 0.004556
5902.97021 0.004407
5903.22998 0.004409
5903.49023 0.004047
5903.75977 0.004291
5904.02002 0.004274
5904.27979 0.004231
5904.54004 0.004124
6494.99414 0.0
