threeML/data/optical_filters/CAHA/CAHA-f_665_17.ecsv
# %ECSV 0.9
# ---
# datatype:
# - {name: wavelength, unit: Angstrom, datatype: float32}
# - {name: response, datatype: float32}
# meta: !!omap
# - {band_name: f_665_17}
# - {group_name: CAHA}
wavelength response
5801.58887 0.0
6446.20996 0.004084
6446.47021 0.004069
6446.74023 0.004084
6447.00000 0.004122
6447.25977 0.004124
6447.52002 0.00409
6447.77979 0.004137
6448.04004 0.004109
6448.29980 0.004226
6448.56006 0.004232
6448.83008 0.00431
6449.08984 0.004118
6449.35010 0.004215
6449.60986 0.004303
6449.87012 0.004419
6450.12988 0.004291
6450.39014 0.004429
6450.64990 0.004447
6450.91992 0.00435
6451.18018 0.004344
6451.43994 0.004529
6451.70020 0.004533
6451.95996 0.004593
6452.22021 0.004442
6452.47998 0.004592
6452.75000 0.004679
6453.00977 0.004585
6453.27002 0.004663
6453.52979 0.004796
6453.79004 0.004679
6454.04980 0.004853
6454.31006 0.004652
6454.56982 0.00483
6454.83984 0.004857
6455.10010 0.004945
6455.35986 0.004936
6455.62012 0.004998
6455.87988 0.005035
6456.14014 0.005166
6456.39990 0.005119
6456.66992 0.004995
6456.93018 0.005055
6457.18994 0.005186
6457.45020 0.005194
6457.70996 0.004996
6457.97021 0.005442
6458.22998 0.005289
6458.49023 0.005333
6458.75977 0.00532
6459.02002 0.005543
6459.27979 0.005447
6459.54004 0.005517
6459.79980 0.005433
6460.06006 0.005466
6460.31982 0.005597
6460.58008 0.005638
6460.85010 0.005649
6461.10986 0.005627
6461.37012 0.005782
6461.62988 0.005832
6461.89014 0.00584
6462.14990 0.005947
6462.41016 0.005895
6462.66992 0.005837
6462.93994 0.005882
6463.20020 0.006193
6463.45996 0.005959
6463.72021 0.006051
6463.97998 0.006099
6464.24023 0.006163
6464.50000 0.006224
6464.77002 0.006394
6465.02979 0.006141
6465.29004 0.00639
6465.54980 0.00623
6465.81006 0.006215
6466.06982 0.006543
6466.33008 0.006671
6466.58984 0.00663
6466.85986 0.006529
6467.12012 0.006864
6467.37988 0.006713
6467.64014 0.006821
6467.89990 0.006721
6468.16016 0.006911
6468.41992 0.006968
6468.68018 0.007006
6468.95020 0.006919
6469.20996 0.007032
6469.47021 0.007113
6469.72998 0.007242
6469.99023 0.007046
6470.25000 0.007407
6470.50977 0.007334
6470.77002 0.007522
6471.04004 0.007264
6471.29980 0.007367
6471.56006 0.007533
6471.81982 0.007499
6472.08008 0.007622
6472.33984 0.007761
6472.60010 0.007864
6472.87012 0.007946
6473.12988 0.008033
6473.39014 0.007999
6473.64990 0.008113
6473.91016 0.007994
6474.16992 0.008329
6474.43018 0.008181
6474.68994 0.008209
6474.95996 0.008339
6475.22021 0.008381
6475.47998 0.008394
6475.74023 0.008548
6476.00000 0.008541
6476.25977 0.008756
6476.52002 0.008876
6476.79004 0.008718
6477.04980 0.008838
6477.31006 0.008964
6477.56982 0.008974
6477.83008 0.009055
6478.08984 0.009175
6478.35010 0.009156
6478.60986 0.009393
6478.87988 0.009303
6479.14014 0.009399
6479.39990 0.009476
6479.66016 0.009774
6479.91992 0.009698
6480.18018 0.009682
6480.43994 0.009543
6480.70020 0.009758
6480.97021 0.010203
6481.22998 0.010157
6481.49023 0.010143
6481.75000 0.010377
6482.00977 0.010338
6482.27002 0.010545
6482.52979 0.010735
6482.79004 0.010577
6483.06006 0.010714
6483.31982 0.010853
6483.58008 0.010935
6483.83984 0.010946
6484.10010 0.010943
6484.35986 0.011285
6484.62012 0.011198
6484.89014 0.011432
6485.14990 0.011445
6485.41016 0.011501
6485.66992 0.011659
6485.93018 0.011696
6486.18994 0.01217
6486.45020 0.012034
6486.70996 0.012188
6486.97998 0.012056
6487.24023 0.012224
6487.50000 0.012359
6487.75977 0.012471
6488.02002 0.012517
6488.27979 0.012907
6488.54004 0.012906
6488.79980 0.01308
6489.06982 0.01289
6489.33008 0.013249
6489.58984 0.013372
6489.85010 0.013321
6490.10986 0.013669
6490.37012 0.013415
6490.62988 0.013925
6490.89990 0.014006
6491.16016 0.01399
6491.41992 0.014025
6491.68018 0.014282
6491.93994 0.01432
6492.20020 0.01452
6492.45996 0.014698
6492.72021 0.014826
6492.99023 0.015006
6493.25000 0.015014
6493.50977 0.01516
6493.77002 0.015449
6494.02979 0.015571
6494.29004 0.015832
6494.54980 0.015725
6494.81006 0.01588
6495.08008 0.016226
6495.33984 0.016365
6495.60010 0.016377
6495.85986 0.01623
6496.12012 0.017021
6496.37988 0.016826
6496.64014 0.017019
6496.91016 0.017185
6497.16992 0.017417
6497.43018 0.017659
6497.68994 0.017709
6497.95020 0.017779
6498.20996 0.018132
6498.47021 0.018164
6498.72998 0.018344
6499.00000 0.018535
6499.25977 0.018619
6499.52002 0.018839
6499.77979 0.018985
6500.04004 0.019179
6500.29980 0.019575
6500.56006 0.019512
6500.81982 0.019593
6501.08984 0.020064
6501.35010 0.020096
6501.60986 0.020584
6501.87012 0.02063
6502.12988 0.020797
6502.39014 0.02111
6502.64990 0.021084
6502.91992 0.021665
6503.18018 0.021647
6503.43994 0.02175
6503.70020 0.021996
6503.95996 0.022423
6504.22021 0.022674
6504.47998 0.02263
6504.74023 0.022873
6505.00977 0.023194
6505.27002 0.023716
6505.52979 0.023534
6505.79004 0.023772
6506.04980 0.024293
6506.31006 0.024597
6506.56982 0.025018
6506.83008 0.024937
6507.10010 0.025527
6507.35986 0.025324
6507.62012 0.025851
6507.87988 0.025935
6508.14014 0.026264
6508.39990 0.026854
6508.66016 0.027132
6508.91992 0.027369
6509.18994 0.027534
6509.45020 0.02764
6509.70996 0.028159
6509.97021 0.028387
6510.22998 0.028737
6510.49023 0.02892
6510.75000 0.02935
6511.02002 0.029684
6511.27979 0.030013
6511.54004 0.029896
6511.79980 0.030594
6512.06006 0.030845
6512.31982 0.031422
6512.58008 0.031513
6512.83984 0.031858
6513.10986 0.032296
6513.37012 0.032283
6513.62988 0.033028
6513.89014 0.033192
6514.14990 0.033455
6514.41016 0.033708
6514.66992 0.034335
6514.93018 0.034574
6515.20020 0.035406
6515.45996 0.035559
6515.72021 0.036184
6515.97998 0.036419
6516.24023 0.036847
6516.50000 0.037418
6516.75977 0.037866
6517.02979 0.038023
6517.29004 0.038221
6517.54980 0.038978
6517.81006 0.039553
6518.06982 0.039944
6518.33008 0.040447
6518.58984 0.04085
6518.85010 0.041175
6519.12012 0.041731
6519.37988 0.041865
6519.64014 0.04277
6519.89990 0.042797
6520.16016 0.0437
6520.41992 0.043714
6520.68018 0.04471
6520.93994 0.045277
6521.20996 0.045498
6521.47021 0.045874
6521.72998 0.046715
6521.99023 0.047168
6522.25000 0.04783
6522.50977 0.048404
6522.77002 0.04943
6523.04004 0.049334
6523.29980 0.050165
6523.56006 0.050532
6523.81982 0.051169
6524.08008 0.051826
6524.33984 0.05262
6524.60010 0.05329
6524.85986 0.053843
6525.12988 0.054729
6525.39014 0.054847
6525.64990 0.055508
6525.91016 0.056551
6526.16992 0.057297
6526.43018 0.057971
6526.68994 0.058695
6526.95020 0.059643
6527.22021 0.059932
6527.47998 0.060898
6527.74023 0.061804
6528.00000 0.062178
6528.25977 0.063113
6528.52002 0.063722
6528.77979 0.065143
6529.04004 0.064869
6529.31006 0.066259
6529.56982 0.066662
6529.83008 0.067516
6530.08984 0.068481
6530.35010 0.069618
6530.60986 0.070465
6530.87012 0.071325
6531.14014 0.0721
6531.39990 0.072968
6531.66016 0.07423
6531.91992 0.075025
6532.18018 0.075733
6532.43994 0.076966
6532.70020 0.077205
6532.95996 0.078672
6533.22998 0.079604
6533.49023 0.081245
6533.75000 0.082135
6534.00977 0.082524
6534.27002 0.083993
6534.52979 0.083728
6534.79004 0.085818
6535.04980 0.087197
6535.31982 0.087737
6535.58008 0.089115
6535.83984 0.090101
6536.10010 0.091224
6536.35986 0.09209
6536.62012 0.094327
6536.87988 0.095236
6537.14990 0.095835
6537.41016 0.097128
6537.66992 0.098745
6537.93018 0.100307
6538.18994 0.10188
6538.45020 0.102202
6538.70996 0.103494
6538.97021 0.105225
6539.24023 0.106407
6539.50000 0.107159
6539.75977 0.109218
6540.02002 0.11079
6540.27979 0.112854
6540.54004 0.113231
6540.79980 0.114882
6541.06006 0.116982
6541.33008 0.117685
6541.58984 0.119545
6541.85010 0.120578
6542.10986 0.122454
6542.37012 0.124782
6542.62988 0.126031
6542.89014 0.127924
6543.16016 0.128703
6543.41992 0.130802
6543.68018 0.133132
6543.93994 0.134358
6544.20020 0.136034
6544.45996 0.137619
6544.72021 0.139421
6544.97998 0.14196
6545.25000 0.143508
6545.50977 0.145994
6545.77002 0.147139
6546.02979 0.148711
6546.29004 0.15111
6546.54980 0.152721
6546.81006 0.154692
6547.06982 0.158061
6547.33984 0.158598
6547.60010 0.161586
6547.85986 0.163266
6548.12012 0.165192
6548.37988 0.166836
6548.64014 0.169041
6548.89990 0.171834
6549.16992 0.17427
6549.43018 0.175711
6549.68994 0.179154
6549.95020 0.181074
6550.20996 0.183139
6550.47021 0.186267
6550.72998 0.188454
6550.99023 0.19079
6551.25977 0.193207
6551.52002 0.195347
6551.77979 0.199247
6552.04004 0.199798
6552.29980 0.203405
6552.56006 0.205958
6552.81982 0.208407
6553.08008 0.210637
6553.35010 0.213669
6553.60986 0.217757
6553.87012 0.21969
6554.12988 0.223418
6554.39014 0.224694
6554.64990 0.227297
6554.91016 0.230573
6555.16992 0.233693
6555.43994 0.236825
6555.70020 0.239026
6555.95996 0.242993
6556.22021 0.244618
6556.47998 0.24846
6556.74023 0.252213
6557.00000 0.254836
6557.27002 0.258689
6557.52979 0.259616
6557.79004 0.264182
6558.04980 0.267062
6558.31006 0.271188
6558.56982 0.274379
6558.83008 0.275854
6559.08984 0.280658
6559.35986 0.283014
6559.62012 0.288206
6559.87988 0.291226
6560.14014 0.294398
6560.39990 0.297308
6560.66016 0.301081
6560.91992 0.305041
6561.18994 0.308046
6561.45020 0.312798
6561.70996 0.313956
6561.97021 0.320343
6562.22998 0.321899
6562.49023 0.327004
6562.75000 0.330354
6563.00977 0.333706
6563.27979 0.338777
6563.54004 0.341525
6563.79980 0.346577
6564.06006 0.349702
6564.31982 0.352991
6564.58008 0.358237
6564.83984 0.359896
6565.10010 0.365285
6565.37012 0.369774
6565.62988 0.373122
6565.89014 0.376088
6566.14990 0.381765
6566.41016 0.386026
6566.66992 0.389576
6566.93018 0.394559
6567.18994 0.398618
6567.45996 0.401911
6567.72021 0.404657
6567.97998 0.41074
6568.24023 0.414641
6568.50000 0.418606
6568.75977 0.423732
6569.02002 0.426293
6569.29004 0.431683
6569.54980 0.435438
6569.81006 0.441419
6570.06982 0.443775
6570.33008 0.448922
6570.58984 0.450977
6570.85010 0.456861
6571.10986 0.460649
6571.37988 0.465029
6571.64014 0.468406
6571.89990 0.472236
6572.16016 0.477188
6572.41992 0.482752
6572.68018 0.486054
6572.93994 0.490598
6573.20020 0.492904
6573.47021 0.498879
6573.72998 0.501486
6573.99023 0.507317
6574.25000 0.511616
6574.50977 0.513945
6574.77002 0.519401
6575.02979 0.521524
6575.29004 0.527048
6575.56006 0.530614
6575.81982 0.53521
6576.08008 0.539508
6576.33984 0.541717
6576.60010 0.546192
6576.85986 0.550647
6577.12012 0.554661
6577.39014 0.557586
6577.64990 0.561676
6577.91016 0.564427
6578.16992 0.569209
6578.43018 0.571979
6578.68994 0.576948
6578.95020 0.580185
6579.20996 0.583376
6579.47998 0.58737
6579.74023 0.591291
6580.00000 0.594601
6580.25977 0.60033
6580.52002 0.600809
6580.77979 0.603518
6581.04004 0.609551
6581.31006 0.61206
6581.56982 0.616035
6581.83008 0.620585
6582.08984 0.620739
6582.35010 0.625923
6582.60986 0.630249
6582.87012 0.633462
6583.12988 0.635603
6583.39990 0.638592
6583.66016 0.643884
6583.91992 0.64537
6584.18018 0.648067
6584.43994 0.651942
6584.70020 0.653889
6584.95996 0.656446
6585.22021 0.661063
6585.49023 0.663978
6585.75000 0.665789
6586.00977 0.670863
6586.27002 0.672039
6586.52979 0.675054
6586.79004 0.678014
6587.04980 0.680352
6587.31006 0.683825
6587.58008 0.685056
6587.83984 0.689264
6588.10010 0.691371
6588.35986 0.693672
6588.62012 0.695216
6588.87988 0.700328
6589.14014 0.701284
6589.41016 0.703567
6589.66992 0.707357
6589.93018 0.705137
6590.18994 0.709607
6590.45020 0.71369
6590.70996 0.714904
6590.97021 0.716556
6591.22998 0.717169
6591.50000 0.721998
6591.75977 0.722237
6592.02002 0.724102
6592.27979 0.727766
6592.54004 0.728471
6592.79980 0.730725
6593.06006 0.730034
6593.31982 0.734075
6593.58984 0.735864
6593.85010 0.736266
6594.10986 0.736063
6594.37012 0.739236
6594.62988 0.742328
6594.89014 0.742915
6595.14990 0.742576
6595.41992 0.743875
6595.68018 0.747125
6595.93994 0.747499
6596.20020 0.749754
6596.45996 0.75066
6596.72021 0.751909
6596.97998 0.752999
6597.24023 0.753864
6597.50977 0.754698
6597.77002 0.756433
6598.02979 0.758511
6598.29004 0.756771
6598.54980 0.75986
6598.81006 0.759583
6599.06982 0.7618
6599.33008 0.762625
6599.60010 0.765098
6599.85986 0.764242
6600.12012 0.765186
6600.37988 0.764437
6600.64014 0.766216
6600.89990 0.768697
6601.16016 0.768501
6601.43018 0.769887
6601.68994 0.769317
6601.95020 0.773108
6602.20996 0.770327
6602.47021 0.771081
6602.72998 0.772697
6602.99023 0.773803
6603.25000 0.774164
6603.52002 0.77429
6603.77979 0.776427
6604.04004 0.779339
6604.29980 0.777675
6604.56006 0.778418
6604.81982 0.779337
6605.08008 0.779727
6605.33984 0.780599
6605.60986 0.782157
6605.87012 0.781506
6606.12988 0.782051
6606.39014 0.785689
6606.64990 0.786202
6606.91016 0.784921
6607.16992 0.785608
6607.43994 0.784136
6607.70020 0.786275
6607.95996 0.788611
6608.22021 0.78806
6608.47998 0.788847
6608.74023 0.789984
6609.00000 0.789543
6609.25977 0.787466
6609.52979 0.790142
6609.79004 0.791727
6610.04980 0.792388
6610.31006 0.793432
6610.56982 0.793254
6610.83008 0.793991
6611.08984 0.794234
6611.35010 0.796049
6611.62012 0.795764
6611.87988 0.795509
6612.14014 0.795522
6612.39990 0.79632
6612.66016 0.796336
6612.91992 0.796491
6613.18018 0.79933
6613.43994 0.797982
6613.70996 0.800276
6613.97021 0.799269
6614.22998 0.798136
6614.49023 0.798298
6614.75000 0.799748
6615.00977 0.800423
6615.27002 0.80138
6615.54004 0.802841
6615.79980 0.80126
6616.06006 0.800575
6616.31982 0.801267
6616.58008 0.801508
6616.83984 0.80094
6617.10010 0.803588
6617.35986 0.802057
6617.62988 0.803725
6617.89014 0.803548
6618.14990 0.804104
6618.41016 0.804851
6618.66992 0.803863
6618.93018 0.803949
6619.18994 0.805848
6619.45020 0.805134
6619.72021 0.80296
6619.97998 0.80506
6620.24023 0.804828
6620.50000 0.805328
6620.75977 0.806881
6621.02002 0.805606
6621.27979 0.806026
6621.54980 0.808506
6621.81006 0.806587
6622.06982 0.806166
6622.33008 0.807429
6622.58984 0.807913
6622.85010 0.8068
6623.10986 0.809039
6623.37012 0.808753
6623.64014 0.808773
6623.89990 0.809872
6624.16016 0.81157
6624.41992 0.809467
6624.68018 0.809597
6624.93994 0.811012
6625.20020 0.813813
6625.45996 0.812831
6625.72998 0.814078
6625.99023 0.811585
6626.25000 0.811546
6626.50977 0.814822
6626.77002 0.81547
6627.02979 0.815314
6627.29004 0.815351
6627.56006 0.814587
6627.81982 0.815664
6628.08008 0.815708
6628.33984 0.813873
6628.60010 0.816587
6628.85986 0.817231
6629.12012 0.815556
6629.37988 0.818713
6629.64990 0.819826
6629.91016 0.818936
6630.16992 0.820063
6630.43018 0.818788
6630.68994 0.819876
6630.95020 0.820741
6631.20996 0.822281
6631.47021 0.822661
6631.74023 0.820755
6632.00000 0.819324
6632.25977 0.821145
6632.52002 0.821546
6632.77979 0.824907
6633.04004 0.824144
6633.29980 0.823138
6633.56006 0.824271
6633.83008 0.823202
6634.08984 0.822991
6634.35010 0.825262
6634.60986 0.824135
6634.87012 0.825562
6635.12988 0.824368
6635.39014 0.825028
6635.66016 0.82747
6635.91992 0.825892
6636.18018 0.828378
6636.43994 0.825255
6636.70020 0.824934
6636.95996 0.828954
6637.22021 0.825758
6637.47998 0.82602
6637.75000 0.826399
6638.00977 0.828475
6638.27002 0.828424
6638.52979 0.82847
6638.79004 0.830193
6639.04980 0.828327
6639.31006 0.828849
6639.56982 0.828907
6639.83984 0.829204
6640.10010 0.829904
6640.35986 0.829544
6640.62012 0.828938
6640.87988 0.828805
6641.14014 0.829166
6641.39990 0.827593
6641.66992 0.830556
6641.93018 0.832103
6642.18994 0.83017
6642.45020 0.828892
6642.70996 0.828845
6642.97021 0.829056
6643.22998 0.831378
6643.49023 0.832115
6643.75977 0.831001
6644.02002 0.831275
6644.27979 0.830229
6644.54004 0.830783
6644.79980 0.833059
6645.06006 0.830802
6645.31982 0.829143
6645.58008 0.832889
6645.85010 0.83124
6646.10986 0.831749
6646.37012 0.833476
6646.62988 0.832841
6646.89014 0.832276
6647.14990 0.833048
6647.41016 0.833597
6647.68018 0.832664
6647.93994 0.833605
6648.20020 0.831358
6648.45996 0.830084
6648.72021 0.833658
6648.97998 0.833284
6649.24023 0.836925
6649.50000 0.834925
6649.77002 0.835213
6650.02979 0.834342
6650.29004 0.834768
6650.54980 0.834232
6650.81006 0.834756
6651.06982 0.833286
6651.33008 0.837004
6651.58984 0.835227
6651.85986 0.834942
6652.12012 0.836009
6652.37988 0.834437
6652.64014 0.835586
6652.89990 0.837472
6653.16016 0.836444
6653.41992 0.835293
6653.68994 0.836998
6653.95020 0.835363
6654.20996 0.836557
6654.47021 0.837695
6654.72998 0.837813
6654.99023 0.838886
6655.25000 0.835192
6655.50977 0.835034
6655.77979 0.836873
