threeML/data/optical_filters/CAHA/CAHA-f_537_12.ecsv
# %ECSV 0.9
# ---
# datatype:
# - {name: wavelength, unit: Angstrom, datatype: float32}
# - {name: response, datatype: float32}
# meta: !!omap
# - {band_name: f_537_12}
# - {group_name: CAHA}
wavelength response
4681.55713 0.0
5201.72998 0.004041
5201.99023 0.00397
5202.25000 0.003695
5202.50977 0.004162
5202.77002 0.004053
5203.02979 0.004018
5203.29004 0.004062
5203.54980 0.004263
5203.81006 0.003889
5204.06982 0.004387
5204.33008 0.004265
5204.58984 0.004343
5204.85010 0.003911
5205.10986 0.004207
5205.37012 0.004397
5205.62988 0.004226
5205.89014 0.004277
5206.14990 0.004361
5206.41016 0.004357
5206.66992 0.004556
5206.93018 0.004629
5207.18994 0.004631
5207.45020 0.004649
5207.70996 0.004668
5207.97021 0.004446
5208.22998 0.004583
5208.49023 0.00464
5208.75000 0.004722
5209.00977 0.005029
5209.27002 0.00447
5209.52979 0.004896
5209.79004 0.004585
5210.04980 0.005072
5210.31006 0.004906
5210.56982 0.004701
5210.83008 0.004815
5211.08984 0.004834
5211.35010 0.004996
5211.60986 0.004874
5211.87012 0.005089
5212.12988 0.004951
5212.39014 0.004887
5212.64990 0.004915
5212.91016 0.004933
5213.16992 0.005224
5213.43018 0.005023
5213.68994 0.00507
5213.95020 0.00534
5214.20996 0.005227
5214.47021 0.005384
5214.72998 0.005393
5214.99023 0.005354
5215.25000 0.005422
5215.50977 0.005478
5215.77002 0.005429
5216.02979 0.005839
5216.29004 0.005341
5216.54980 0.005705
5216.81006 0.00545
5217.06982 0.005796
5217.33008 0.005904
5217.58984 0.00604
5217.85010 0.006177
5218.10986 0.005577
5218.37012 0.005811
5218.62988 0.006205
5218.89014 0.006056
5219.14990 0.005733
5219.41016 0.005927
5219.66992 0.005987
5219.93018 0.006243
5220.18994 0.00633
5220.45020 0.006562
5220.70996 0.006247
5220.97021 0.006765
5221.22998 0.006948
5221.49023 0.006587
5221.75000 0.006546
5222.00977 0.006554
5222.27002 0.006744
5222.52979 0.006367
5222.79004 0.006597
5223.04980 0.007012
5223.31006 0.006737
5223.56982 0.006904
5223.83008 0.006828
5224.08984 0.006623
5224.35010 0.006678
5224.60986 0.007249
5224.87012 0.007114
5225.12988 0.0073
5225.39014 0.007185
5225.64990 0.007247
5225.91016 0.007373
5226.16992 0.007563
5226.43018 0.007122
5226.68994 0.007469
5226.95020 0.007539
5227.20996 0.007859
5227.47021 0.007646
5227.72998 0.007845
5227.99023 0.007647
5228.25000 0.008193
5228.50977 0.008112
5228.77002 0.008025
5229.02979 0.00835
5229.29004 0.007876
5229.54980 0.008249
5229.81006 0.00824
5230.06982 0.008368
5230.33008 0.008278
5230.58984 0.008961
5230.85010 0.008682
5231.10986 0.009273
5231.37012 0.008882
5231.62988 0.00893
5231.89014 0.009162
5232.14990 0.009426
5232.41016 0.009461
5232.66992 0.00975
5232.93018 0.009672
5233.18994 0.009662
5233.45020 0.009851
5233.70996 0.009645
5233.97021 0.009821
5234.22998 0.009613
5234.49023 0.010522
5234.75000 0.010136
5235.00977 0.010672
5235.27002 0.010025
5235.52979 0.010299
5235.79004 0.010698
5236.04980 0.010376
5236.31006 0.010648
5236.56982 0.010364
5236.83008 0.010942
5237.08984 0.010799
5237.35010 0.011044
5237.60986 0.011401
5237.87012 0.011258
5238.12988 0.01137
5238.39014 0.01202
5238.64990 0.01158
5238.91016 0.011387
5239.16992 0.011956
5239.43018 0.012333
5239.68994 0.012579
5239.95020 0.012285
5240.20996 0.012144
5240.47021 0.012654
5240.72998 0.012912
5240.99023 0.012805
5241.25000 0.012342
5241.50977 0.013081
5241.77002 0.013167
5242.02979 0.01356
5242.29004 0.013433
5242.54980 0.013639
5242.81006 0.013467
5243.06982 0.01365
5243.33008 0.014915
5243.58984 0.014237
5243.85010 0.014252
5244.10986 0.014704
5244.37012 0.014762
5244.62988 0.015314
5244.89014 0.014789
5245.14990 0.01487
5245.41016 0.014876
5245.66992 0.015876
5245.93018 0.015739
5246.18994 0.016321
5246.45020 0.015782
5246.70996 0.016162
5246.97021 0.016946
5247.22998 0.017589
5247.49023 0.016311
5247.75000 0.017066
5248.00977 0.017696
5248.27002 0.017511
5248.52979 0.017339
5248.79004 0.017338
5249.04980 0.017991
5249.31006 0.018829
5249.56982 0.018942
5249.83008 0.019006
5250.08984 0.018305
5250.35010 0.01907
5250.60986 0.020778
5250.87012 0.019844
5251.12988 0.019748
5251.39014 0.020156
5251.64990 0.020768
5251.91016 0.021481
5252.16992 0.021143
5252.43018 0.021665
5252.68994 0.021087
5252.95020 0.022359
5253.20996 0.021984
5253.47021 0.022854
5253.72998 0.022033
5253.99023 0.023058
5254.25000 0.023716
5254.50977 0.0239
5254.77002 0.024087
5255.02979 0.0238
5255.29004 0.024604
5255.54980 0.025071
5255.81006 0.025488
5256.06982 0.02493
5256.33008 0.025915
5256.58984 0.026841
5256.85010 0.02656
5257.10986 0.027633
5257.37012 0.02719
5257.62988 0.02753
5257.89014 0.028063
5258.14990 0.029687
5258.41016 0.02844
5258.66992 0.029079
5258.93018 0.029553
5259.18994 0.03036
5259.45020 0.031539
5259.70996 0.031022
5259.97021 0.030726
5260.22998 0.030319
5260.49023 0.031997
5260.75000 0.033513
5261.00977 0.033086
5261.27002 0.033264
5261.52979 0.034851
5261.79004 0.035626
5262.04980 0.035619
5262.31006 0.035801
5262.56982 0.03529
5262.83008 0.036946
5263.08984 0.038137
5263.35010 0.038422
5263.60986 0.037831
5263.87012 0.038682
5264.12988 0.039616
5264.39014 0.039757
5264.64990 0.040793
5264.91016 0.041191
5265.16992 0.041558
5265.43018 0.02585
5265.68994 0.037608
5265.95020 0.042479
5266.20996 0.043202
5266.47021 0.044565
5266.72998 0.047434
5266.99023 0.047783
5267.25000 0.047658
5267.50977 0.047295
5267.77002 0.049417
5268.02979 0.051133
5268.29004 0.052703
5268.54980 0.051346
5268.81006 0.051595
5269.06982 0.053915
5269.33008 0.056797
5269.58984 0.056959
5269.85010 0.055677
5270.10986 0.056073
5270.37012 0.057837
5270.62988 0.060138
5270.89014 0.061427
5271.14990 0.060504
5271.41016 0.061188
5271.66992 0.063449
5271.93018 0.065519
5272.18994 0.066763
5272.45020 0.065273
5272.70996 0.066616
5272.97021 0.071171
5273.22998 0.072396
5273.49023 0.071349
5273.75000 0.070609
5274.00977 0.074138
5274.27002 0.077794
5274.52979 0.078307
5274.79004 0.077767
5275.04980 0.077683
5275.31006 0.080784
5275.56982 0.082963
5275.83008 0.085029
5276.08984 0.083673
5276.35010 0.08565
5276.60986 0.089215
5276.87012 0.092104
5277.12988 0.093463
5277.39014 0.091933
5277.64990 0.09496
5277.91016 0.098472
5278.16992 0.102612
5278.43018 0.101071
5278.68994 0.101038
5278.95020 0.103119
5279.20996 0.107937
5279.47021 0.110927
5279.72998 0.111581
5279.99023 0.109814
5280.25000 0.114944
5280.50977 0.12023
5280.77002 0.122345
5281.02979 0.120589
5281.29004 0.12168
5281.54980 0.127378
5281.81006 0.131323
5282.06982 0.134273
5282.33008 0.132531
5282.58984 0.133431
5282.85010 0.140245
5283.10986 0.144636
5283.37012 0.146534
5283.62988 0.146533
5283.89014 0.148929
5284.14990 0.155387
5284.41016 0.161029
5284.66992 0.160735
5284.93018 0.161667
5285.18994 0.163823
5285.45020 0.172813
5285.70996 0.176975
5285.97021 0.177789
5286.22998 0.177718
5286.49023 0.183394
5286.75000 0.191265
5287.00977 0.19553
5287.27002 0.1955
5287.52979 0.195367
5287.79004 0.203383
5288.04980 0.213322
5288.31006 0.215538
5288.56982 0.214091
5288.83008 0.218529
5289.08984 0.22661
5289.35010 0.233627
5289.60986 0.238506
5289.87012 0.236524
5290.12988 0.241799
5290.39014 0.250844
5290.64990 0.259822
5290.91016 0.262931
5291.16992 0.261103
5291.43018 0.26876
5291.68994 0.277871
5291.95020 0.287014
5292.20996 0.290297
5292.47021 0.286859
5292.72998 0.298047
5292.99023 0.306452
5293.25000 0.317207
5293.50977 0.31638
5293.77002 0.320259
5294.02979 0.32752
5294.29004 0.34036
5294.54980 0.350709
5294.81006 0.346112
5295.06982 0.351513
5295.33008 0.36378
5295.58984 0.373362
5295.85010 0.37979
5296.10986 0.380575
5296.37012 0.385505
5296.62988 0.399449
5296.89014 0.412264
5297.14990 0.415696
5297.41016 0.414436
5297.66992 0.421736
5297.93018 0.437439
5298.18994 0.449
5298.45020 0.454118
5298.70996 0.44925
5298.97021 0.460921
5299.22998 0.473569
5299.49023 0.483497
5299.75000 0.486543
5300.00977 0.488839
5300.27002 0.496402
5300.52979 0.514595
5300.79004 0.522822
5301.04980 0.522884
5301.31006 0.526844
5301.56982 0.53887
5301.83008 0.55321
5302.08984 0.558754
5302.35010 0.557568
5302.60986 0.565834
5302.87012 0.576528
5303.12988 0.591989
5303.39014 0.594833
5303.64990 0.594267
5303.91016 0.596216
5304.16992 0.609212
5304.43018 0.620242
5304.68994 0.625641
5304.95020 0.619747
5305.20996 0.628916
5305.47021 0.640006
5305.72998 0.650074
5305.99023 0.649541
5306.25000 0.654514
5306.50977 0.658078
5306.77002 0.665262
5307.02979 0.670032
5307.29004 0.676723
5307.54980 0.67538
5307.81006 0.676263
5308.06982 0.689098
5308.33008 0.693136
5308.58984 0.694177
5308.85010 0.692119
5309.10986 0.696254
5309.37012 0.707193
5309.62988 0.709197
5309.89014 0.707493
5310.14990 0.70427
5310.41016 0.709182
5310.66992 0.715946
5310.93018 0.720598
5311.18994 0.716641
5311.45020 0.711015
5311.70996 0.719332
5311.97021 0.719567
5312.22998 0.720849
5312.49023 0.72325
5312.75000 0.718607
5313.00977 0.719112
5313.27002 0.719335
5313.52979 0.71946
5313.79004 0.720015
5314.04980 0.714212
5314.31006 0.719452
5314.56982 0.713071
5314.83008 0.716657
5315.08984 0.709621
5315.35010 0.708763
5315.60986 0.70607
5315.87012 0.711008
5316.12988 0.710566
5316.39014 0.708933
5316.64990 0.700334
5316.91016 0.698424
5317.16992 0.699697
5317.43018 0.703285
5317.68994 0.696445
5317.95020 0.691304
5318.20996 0.690443
5318.47021 0.690462
5318.72998 0.688875
5318.99023 0.685411
5319.25000 0.677521
5319.50977 0.672373
5319.77002 0.682482
5320.02979 0.675599
5320.29004 0.669168
5320.54980 0.662355
5320.81006 0.662539
5321.06982 0.667597
5321.33008 0.669194
5321.58984 0.657467
5321.85010 0.648742
5322.10986 0.650108
5322.37012 0.65241
5322.62988 0.651148
5322.89014 0.642519
5323.14990 0.640539
5323.41016 0.634591
5323.66992 0.642642
5323.93018 0.637304
5324.18994 0.625226
5324.45020 0.620012
5324.70996 0.622801
5324.97021 0.628112
5325.22998 0.625297
5325.49023 0.613301
5325.75000 0.608461
5326.00977 0.610314
5326.27002 0.615701
5326.52979 0.609741
5326.79004 0.600651
5327.04980 0.599007
5327.31006 0.598655
5327.56982 0.605009
5327.83008 0.596457
5328.08984 0.587831
5328.35010 0.586702
5328.60986 0.587264
5328.87012 0.587844
5329.12988 0.586467
5329.39014 0.577951
5329.64990 0.572446
5329.91016 0.577537
5330.16992 0.580227
5330.43018 0.573373
5330.68994 0.5642
5330.95020 0.565805
5331.20996 0.569874
5331.47021 0.572516
5331.72998 0.563493
5331.99023 0.55797
5332.25000 0.553925
5332.50977 0.563543
5332.77002 0.561926
5333.02979 0.554988
5333.29004 0.549578
5333.54980 0.545021
5333.81006 0.553752
5334.06982 0.552589
5334.33008 0.542792
5334.58984 0.540602
5334.85010 0.541224
5335.10986 0.546157
5335.37012 0.546737
5335.62988 0.53614
5335.89014 0.532628
5336.14990 0.537846
5336.41016 0.539178
5336.66992 0.53604
5336.93018 0.528716
5337.18994 0.528082
5337.45020 0.53094
5337.70996 0.537528
5337.97021 0.529141
5338.22998 0.523784
5338.49023 0.521738
5338.75000 0.522331
5339.00977 0.528103
5339.27002 0.523321
5339.52979 0.519287
5339.79004 0.514327
5340.04980 0.522887
5340.31006 0.525962
5340.56982 0.523552
5340.83008 0.513083
5341.08984 0.513864
5341.35010 0.515583
5341.60986 0.521334
5341.87012 0.515168
5342.12988 0.508405
5342.39014 0.512292
5342.64990 0.5142
5342.91016 0.51789
5343.16992 0.51339
5343.43018 0.507533
5343.68994 0.508088
5343.95020 0.514949
5344.20996 0.51719
5344.47021 0.511015
5344.72998 0.506382
5344.99023 0.506603
5345.25000 0.511159
5345.50977 0.514375
5345.77002 0.512799
5346.02979 0.504456
5346.29004 0.504969
5346.54980 0.513251
5346.81006 0.517995
5347.06982 0.508432
5347.33008 0.504847
5347.58984 0.50723
5347.85010 0.511391
5348.10986 0.514787
5348.37012 0.508805
5348.62988 0.504463
5348.89014 0.507813
5349.14990 0.51246
5349.41016 0.513256
5349.66992 0.509148
5349.93018 0.506156
5350.18994 0.510059
5350.45020 0.516585
5350.70996 0.51641
5350.97021 0.510846
5351.22998 0.507631
5351.49023 0.508931
5351.75000 0.516048
5352.00977 0.519103
5352.27002 0.510314
5352.52979 0.508811
5352.79004 0.512357
5353.04980 0.519341
5353.31006 0.519098
5353.56982 0.513072
5353.83008 0.50979
5354.08984 0.517314
5354.35010 0.52266
5354.60986 0.518814
5354.87012 0.516185
5355.12988 0.512814
5355.39014 0.519477
5355.64990 0.525934
5355.91016 0.522949
5356.16992 0.51758
5356.43018 0.517302
5356.68994 0.523965
5356.95020 0.527596
5357.20996 0.527003
5357.47021 0.526519
5357.72998 0.523297
5357.99023 0.527233
5358.25000 0.534399
5358.50977 0.530622
5358.77002 0.527418
5359.02979 0.522777
5359.29004 0.534047
5359.54980 0.535348
5359.81006 0.537735
5360.06982 0.529572
5360.33008 0.532565
5360.58984 0.54159
5360.85010 0.547352
5361.10986 0.541342
5361.37012 0.535174
5361.62988 0.540056
5361.89014 0.546646
5362.14990 0.549559
5362.41016 0.548143
5362.66992 0.542878
5362.93018 0.546531
5363.18994 0.549836
5363.45020 0.557361
5363.70996 0.554903
5363.97021 0.545965
5364.22998 0.551615
5364.49023 0.56068
5364.75000 0.561602
5365.00977 0.558065
5365.27002 0.555488
5365.52979 0.556787
5365.79004 0.56261
5366.04980 0.568688
5366.31006 0.566823
5366.56982 0.560321
5366.83008 0.564123
5367.08984 0.572659
5367.35010 0.578679
5367.60986 0.572368
5367.87012 0.566641
5368.12988 0.571875
5368.39014 0.577516
5368.64990 0.582982
5368.91016 0.580532
5369.16992 0.57599
5369.43018 0.583158
5369.68994 0.588385
5369.95020 0.588489
5370.20996 0.590789
5370.47021 0.58295
5370.72998 0.586726
5370.99023 0.59697
5371.25000 0.599827
5371.50977 0.599637
5371.77002 0.591515
5372.02979 0.597369
5372.29004 0.604666
5372.54980 0.606019
5372.81006 0.601011
5373.06982 0.602742
5373.33008 0.607328
5373.58984 0.612862
5373.85010 0.618034
5374.10986 0.612303
5374.37012 0.606172
5374.62988 0.615448
5374.89014 0.621228
5375.14990 0.622448
5375.41016 0.617048
5375.66992 0.614985
5375.93018 0.622577
5376.18994 0.629519
5376.45020 0.631585
5376.70996 0.629586
5376.97021 0.626844
5377.22998 0.632401
5377.49023 0.641309
5377.75000 0.637209
5378.00977 0.633597
5378.27002 0.636833
5378.52979 0.641596
5378.79004 0.645488
5379.04980 0.649122
5379.31006 0.64726
5379.56982 0.642978
5379.83008 0.649933
5380.08984 0.654656
5380.35010 0.653637
5380.60986 0.652571
5380.87012 0.651856
5381.12988 0.655886
5381.39014 0.665782
5381.64990 0.664326
5381.91016 0.661639
5382.16992 0.660648
5382.43018 0.665889
5382.68994 0.669727
5382.95020 0.671459
5383.20996 0.664159
5383.47021 0.664515
5383.72998 0.671878
5383.99023 0.681386
5384.25000 0.679546
5384.50977 0.674633
5384.77002 0.675617
5385.02979 0.680609
5385.29004 0.683541
5385.54980 0.685696
5385.81006 0.682458
5386.06982 0.681567
5386.33008 0.688656
5386.58984 0.692519
5386.85010 0.691106
5387.10986 0.691212
5387.37012 0.687343
5387.62988 0.693262
5387.89014 0.696289
5388.14990 0.694893
5388.41016 0.693045
5388.66992 0.694832
5388.93018 0.704193
5389.18994 0.703792
5389.45020 0.704286
5389.70996 0.697953
5389.97021 0.699622
5390.22998 0.702574
5390.49023 0.707812
5390.75000 0.70477
5391.00977 0.706258
5391.27002 0.704725
5391.52979 0.708276
5391.79004 0.711067
5392.04980 0.713288
5392.31006 0.709253
5392.56982 0.708875
5392.83008 0.717284
5393.08984 0.717765
5393.35010 0.715273
5393.60986 0.712022
5393.87012 0.71249
5394.12988 0.715912
5394.39014 0.721355
5394.64990 0.71178
5394.91016 0.715295
5395.16992 0.713473
5395.43018 0.717149
5395.68994 0.716559
5395.95020 0.714941
5396.20996 0.710746
5396.47021 0.717417
5396.72998 0.717616
5396.99023 0.717884
5397.25000 0.712983
5397.50977 0.715829
5397.77002 0.715805
5398.02979 0.723
5398.29004 0.717862
5398.54980 0.717794
5398.81006 0.713298
5399.06982 0.71999
5399.33008 0.716971
5399.58984 0.71635
5399.85010 0.711832
5400.10986 0.716642
5400.37012 0.713355
5400.62988 0.718565
5400.89014 0.713609
5401.14990 0.715703
5401.41016 0.71328
5401.66992 0.712398
5401.93018 0.712608
5402.18994 0.713744
5402.45020 0.707484
5402.70996 0.700775
5402.97021 0.709019
5403.22998 0.712211
5403.49023 0.708852
5403.75000 0.701052
5404.00977 0.699325
5404.27002 0.706566
5404.52979 0.701168
5404.79004 0.701744
5405.04980 0.696649
5405.31006 0.698787
5405.56982 0.70093
5405.83008 0.699862
5406.08984 0.692449
5406.35010 0.690025
5406.60986 0.691008
5406.87012 0.691692
5407.12988 0.690197
5407.39014 0.684267
5407.64990 0.682672
5407.91016 0.681304
5408.16992 0.681533
5408.43018 0.685438
5408.68994 0.679363
5408.95020 0.673424
5409.20996 0.676026
5409.47021 0.677802
5409.72998 0.674286
5409.99023 0.666068
5410.25000 0.6702
5410.50977 0.663283
