threeML/data/optical_filters/CAHA/CAHA-f_454_83.ecsv
# %ECSV 0.9
# ---
# datatype:
# - {name: wavelength, unit: Angstrom, datatype: float32}
# - {name: response, datatype: float32}
# meta: !!omap
# - {band_name: f_454_83}
# - {group_name: CAHA}
wavelength response
3151.45801 0.0
3501.62012 0.013231
3503.67993 0.013231
3505.73999 0.013723
3507.80005 0.013723
3509.86011 0.01217
3511.91992 0.012732
3513.97998 0.012732
3516.04004 0.012089
3518.10010 0.011421
3520.15991 0.011151
3522.21997 0.010602
3524.28003 0.010602
3526.34009 0.011151
3528.39990 0.012642
3530.45996 0.012642
3532.52002 0.012766
3534.58008 0.012642
3536.63989 0.012617
3538.69995 0.012617
3540.76001 0.014061
3542.82007 0.012617
3544.87988 0.012227
3546.93994 0.012227
3549.00000 0.011716
3551.06006 0.011716
3553.12012 0.011394
3555.17993 0.011394
3557.23999 0.011394
3559.30005 0.011509
3561.36011 0.009417
3563.41992 0.011509
3565.47998 0.009551
3567.54004 0.012034
3569.60010 0.011322
3571.65991 0.01195
3573.71997 0.01195
3575.78003 0.012014
3577.84009 0.012014
3579.89990 0.013805
3581.95996 0.014285
3584.02002 0.014449
3586.08008 0.015035
3588.13989 0.015912
3590.19995 0.015035
3592.26001 0.015035
3594.32007 0.014517
3596.37988 0.014481
3598.43994 0.014481
3600.50000 0.014517
3602.56006 0.014821
3604.62012 0.014821
3606.67993 0.014821
3608.73999 0.014456
3610.80005 0.014369
3612.86011 0.014369
3614.91992 0.014185
3616.97998 0.014185
3619.04004 0.014185
3621.10010 0.014527
3623.15991 0.013786
3625.21997 0.013786
3627.28003 0.012233
3629.34009 0.012233
3631.39990 0.01172
3633.45996 0.012233
3635.52002 0.012233
3637.58008 0.011695
3639.63989 0.011625
3641.69995 0.011695
3643.76001 0.011695
3645.82007 0.012672
3647.87988 0.013491
3649.93994 0.014337
3652.00000 0.014337
3654.06006 0.014337
3656.12012 0.013519
3658.17993 0.013184
3660.23999 0.013184
3662.30005 0.013519
3664.36011 0.01452
3666.41992 0.01452
3668.47998 0.01452
3670.54004 0.01452
3672.60010 0.015223
3674.65991 0.015223
3676.71997 0.015269
3678.78003 0.015269
3680.84009 0.015269
3682.89990 0.014748
3684.95996 0.014462
3687.02002 0.013716
3689.08008 0.013716
3691.13989 0.014748
3693.19995 0.015692
3695.26001 0.015692
3697.32007 0.016503
3699.37988 0.016503
3701.43994 0.014958
3703.50000 0.014644
3705.56006 0.014644
3707.62012 0.014531
3709.67993 0.014644
3711.73999 0.014798
3713.80005 0.014798
3715.86011 0.014668
3717.91992 0.014798
3719.97998 0.014672
3722.04004 0.014672
3724.10010 0.014672
3726.15991 0.015222
3728.21997 0.015222
3730.28003 0.016234
3732.34009 0.016242
3734.39990 0.016242
3736.45996 0.017646
3738.52002 0.017668
3740.58008 0.017646
3742.63989 0.016408
3744.69995 0.017668
3746.76001 0.016954
3748.82007 0.016954
3750.87988 0.016954
3752.93994 0.017701
3755.00000 0.017701
3757.06006 0.017701
3759.12012 0.018413
3761.17993 0.018835
3763.23999 0.018536
3765.30005 0.018413
3767.36011 0.018413
3769.41992 0.017475
3771.47998 0.017173
3773.54004 0.01599
3775.60010 0.015837
3777.65991 0.01599
3779.71997 0.01599
3781.78003 0.01599
3783.84009 0.017486
3785.89990 0.017904
3787.95996 0.017486
3790.02002 0.017486
3792.08008 0.018653
3794.13989 0.016366
3796.19995 0.015614
3798.26001 0.016366
3800.32007 0.016441
3802.37988 0.016441
3804.43994 0.016665
3806.50000 0.016905
3808.56006 0.019178
3810.62012 0.019673
3812.67993 0.018149
3814.73999 0.019673
3816.80005 0.019673
3818.86011 0.019673
3820.91992 0.019338
3822.97998 0.019338
3825.04004 0.018332
3827.10010 0.018332
3829.15991 0.018332
3831.21997 0.018498
3833.28003 0.01889
3835.34009 0.01889
3837.39990 0.018498
3839.45996 0.018455
3841.52002 0.018455
3843.58008 0.018455
3845.63989 0.019899
3847.69995 0.024449
3849.76001 0.024449
3851.82007 0.019899
3853.87988 0.019814
3855.93994 0.019644
3858.00000 0.019644
3860.06006 0.019337
3862.12012 0.019073
3864.17993 0.019337
3866.23999 0.022676
3868.30005 0.021
3870.36011 0.021
3872.41992 0.021
3874.47998 0.021
3876.54004 0.020985
3878.60010 0.020586
3880.65991 0.020985
3882.71997 0.020985
3884.78003 0.020985
3886.84009 0.021109
3888.89990 0.021109
3890.95996 0.021109
3893.02002 0.021109
3895.08008 0.021109
3897.13989 0.021663
3899.19995 0.021663
3901.26001 0.02083
3903.32007 0.02085
3905.37988 0.02085
3907.43994 0.02083
3909.50000 0.02085
3911.56006 0.022556
3913.62012 0.022556
3915.67993 0.022954
3917.73999 0.022954
3919.80005 0.02453
3921.86011 0.023862
3923.91992 0.024748
3925.97998 0.024748
3928.04004 0.024748
3930.10010 0.025876
3932.15991 0.026083
3934.21997 0.026265
3936.28003 0.026083
3938.34009 0.026083
3940.39990 0.026265
3942.45996 0.025534
3944.52002 0.025534
3946.58008 0.026142
3948.63989 0.027073
3950.69995 0.026142
3952.76001 0.026142
3954.82007 0.026142
3956.87988 0.026296
3958.93994 0.026296
3961.00000 0.026296
3963.06006 0.028706
3965.12012 0.028706
3967.17993 0.02925
3969.23999 0.029359
3971.30005 0.029487
3973.36011 0.02977
3975.41992 0.030333
3977.47998 0.03097
3979.54004 0.03097
3981.60010 0.032103
3983.65991 0.032103
3985.71997 0.032529
3987.78003 0.03131
3989.84009 0.032734
3991.89990 0.032734
3993.95996 0.034529
3996.02002 0.034529
3998.08008 0.034529
4000.13989 0.034529
4002.19995 0.035611
4004.26001 0.035611
4006.32007 0.035611
4008.37988 0.036863
4010.43994 0.036921
4012.50000 0.037228
4014.56006 0.037228
4016.62012 0.03797
4018.67993 0.038746
4020.73999 0.038843
4022.80005 0.041942
4024.86011 0.042208
4026.91992 0.043785
4028.97998 0.044915
4031.04004 0.045
4033.10010 0.046284
4035.15991 0.046399
4037.21997 0.046919
4039.28003 0.050637
4041.34009 0.053588
4043.39990 0.054223
4045.45996 0.054828
4047.52002 0.057383
4049.58008 0.058139
4051.63989 0.058386
4053.69995 0.0631
4055.76001 0.064443
4057.82007 0.066834
4059.87988 0.068163
4061.93994 0.069183
4064.00000 0.070859
4066.06006 0.071577
4068.12012 0.075356
4070.17993 0.075447
4072.23999 0.077428
4074.30005 0.084059
4076.36011 0.086085
4078.41992 0.09015
4080.47998 0.091988
4082.54004 0.09593
4084.60010 0.098698
4086.65991 0.102117
4088.71997 0.105478
4090.78003 0.110166
4092.84009 0.113606
4094.89990 0.11772
4096.95996 0.118984
4099.02002 0.124828
4101.08008 0.12933
4103.14014 0.131509
4105.20020 0.140834
4107.25977 0.142525
4109.31982 0.145583
4111.37988 0.151621
4113.43994 0.159401
4115.50000 0.162962
4117.56006 0.168086
4119.62012 0.175073
4121.68018 0.180919
4123.74023 0.192279
4125.79980 0.194608
4127.85986 0.19869
4129.91992 0.205494
4131.97998 0.214233
4134.04004 0.21815
4136.10010 0.222806
4138.16016 0.230298
4140.22021 0.233459
4142.27979 0.243419
4144.33984 0.253759
4146.39990 0.258214
4148.45996 0.265005
4150.52002 0.268682
4152.58008 0.282003
4154.64014 0.286679
4156.70020 0.292598
4158.75977 0.295091
4160.81982 0.307746
4162.87988 0.31001
4164.93994 0.316701
4167.00000 0.325322
4169.06006 0.329748
4171.12012 0.333592
4173.18018 0.346957
4175.24023 0.347426
4177.29980 0.353398
4179.35986 0.358146
4181.41992 0.358204
4183.47998 0.373374
4185.54004 0.37618
4187.60010 0.378617
4189.66016 0.384979
4191.72021 0.390228
4193.77979 0.396325
4195.83984 0.396985
4197.89990 0.400926
4199.95996 0.411067
4202.02002 0.411479
4204.08008 0.415237
4206.14014 0.42185
4208.20020 0.427935
4210.25977 0.430099
4212.31982 0.430117
4214.37988 0.441242
4216.43994 0.443452
4218.50000 0.444295
4220.56006 0.448824
4222.62012 0.449038
4224.68018 0.451297
4226.74023 0.452639
4228.79980 0.459594
4230.85986 0.461195
4232.91992 0.467893
4234.97998 0.469602
4237.04004 0.470842
4239.10010 0.471049
4241.16016 0.473161
4243.22021 0.47852
4245.27979 0.478714
4247.33984 0.480454
4249.39990 0.485458
4251.45996 0.485589
4253.52002 0.490751
4255.58008 0.490753
4257.64014 0.491559
4259.70020 0.493939
4261.75977 0.495913
4263.81982 0.496397
4265.87988 0.499258
4267.93994 0.498965
4270.00000 0.499258
4272.06006 0.499301
4274.12012 0.50593
4276.18018 0.507668
4278.24023 0.510482
4280.29980 0.510482
4282.35986 0.510482
4284.41992 0.510482
4286.47998 0.512072
4288.54004 0.512072
4290.60010 0.516246
4292.66016 0.518931
4294.72021 0.519735
4296.77979 0.523482
4298.83984 0.523547
4300.89990 0.523547
4302.95996 0.527701
4305.02002 0.527701
4307.08008 0.528054
4309.14014 0.528744
4311.20020 0.528744
4313.25977 0.530008
4315.31982 0.531108
4317.37988 0.531108
4319.43994 0.532144
4321.50000 0.536414
4323.56006 0.537918
4325.62012 0.53808
4327.68018 0.541499
4329.74023 0.541499
4331.79980 0.541499
4333.85986 0.54199
4335.91992 0.543429
4337.97998 0.543429
4340.04004 0.543607
4342.10010 0.543607
4344.16016 0.547417
4346.22021 0.546599
4348.27979 0.547417
4350.33984 0.548019
4352.39990 0.549123
4354.45996 0.549123
4356.52002 0.550767
4358.58008 0.552296
4360.64014 0.552296
4362.70020 0.552296
4364.75977 0.553159
4366.81982 0.553812
4368.87988 0.553812
4370.93994 0.555226
4373.00000 0.557145
4375.06006 0.558646
4377.12012 0.559079
4379.18018 0.558646
4381.24023 0.559811
4383.29980 0.560741
4385.35986 0.560741
4387.41992 0.560741
4389.47998 0.560868
4391.54004 0.562708
4393.60010 0.563199
4395.66016 0.563199
4397.72021 0.562954
4399.77979 0.562954
4401.83984 0.568722
4403.89990 0.562954
4405.95996 0.568722
4408.02002 0.568722
4410.08008 0.568722
4412.14014 0.56896
4414.20020 0.570076
4416.25977 0.570076
4418.31982 0.570706
4420.37988 0.572308
4422.43994 0.57403
4424.50000 0.573755
4426.56006 0.573755
4428.62012 0.573755
4430.68018 0.57499
4432.74023 0.575443
4434.79980 0.578532
4436.85986 0.578532
4438.91992 0.576317
4440.97998 0.576317
4443.04004 0.576979
4445.10010 0.576979
4447.16016 0.580319
4449.22021 0.580411
4451.27979 0.58195
4453.33984 0.58195
4455.39990 0.580411
4457.45996 0.578845
4459.52002 0.577967
4461.58008 0.576345
4463.64014 0.576345
4465.70020 0.576345
4467.75977 0.582292
4469.81982 0.58265
4471.87988 0.58265
4473.93994 0.582292
4476.00000 0.580392
4478.06006 0.579709
4480.12012 0.578441
4482.18018 0.578365
4484.24023 0.578365
4486.29980 0.57835
4488.35986 0.57835
4490.41992 0.57835
4492.47998 0.58157
4494.54004 0.578847
4496.60010 0.582747
4498.66016 0.578847
4500.72021 0.579795
4502.77979 0.579549
4504.83984 0.579795
4506.89990 0.579795
4508.95996 0.580353
4511.02002 0.580353
4513.08008 0.581182
4515.14014 0.581719
4517.20020 0.581182
4519.25977 0.581182
4521.31982 0.581436
4523.37988 0.581436
4525.43994 0.580326
4527.50000 0.579669
4529.56006 0.579669
4531.62012 0.579669
4533.68018 0.582103
4535.74023 0.582922
4537.79980 0.582922
4539.85986 0.582922
4541.91992 0.58428
4543.97998 0.58428
4546.04004 0.582529
4548.10010 0.583913
4550.16016 0.582529
4552.22021 0.581031
4554.27979 0.581031
4556.33984 0.581031
4558.39990 0.581031
4560.45996 0.582541
4562.52002 0.582541
4564.58008 0.578968
4566.64014 0.578968
4568.70020 0.57822
4570.75977 0.57822
4572.81982 0.57822
4574.87988 0.578556
4576.93994 0.578626
4579.00000 0.579006
4581.06006 0.579895
4583.12012 0.579006
4585.18018 0.579912
4587.24023 0.579006
4589.29980 0.579912
4591.35986 0.578112
4593.41992 0.579912
4595.47998 0.578112
4597.54004 0.580766
4599.60010 0.579285
4601.66016 0.579285
4603.72021 0.578326
4605.77979 0.579285
4607.83984 0.578326
4609.89990 0.577801
4611.95996 0.576762
4614.02002 0.576597
4616.08008 0.576597
4618.14014 0.576597
4620.20020 0.576057
4622.25977 0.576057
4624.31982 0.576057
4626.37988 0.574493
4628.43994 0.574493
4630.50000 0.574332
4632.56006 0.574002
4634.62012 0.574002
4636.68018 0.573843
4638.74023 0.573077
4640.79980 0.571939
4642.85986 0.573423
4644.91992 0.571939
4646.97998 0.56922
4649.04004 0.56922
4651.10010 0.568754
4653.16016 0.567538
4655.22021 0.567666
4657.27979 0.567666
4659.33984 0.568363
4661.39990 0.567666
4663.45996 0.568363
4665.52002 0.568363
4667.58008 0.565012
4669.64014 0.563904
4671.70020 0.561504
4673.75977 0.56076
4675.81982 0.560734
4677.87988 0.559746
4679.93994 0.558626
4682.00000 0.558095
4684.06006 0.557627
4686.12012 0.557627
4688.18018 0.557807
4690.24023 0.556242
4692.29980 0.556242
4694.35986 0.556242
4696.41992 0.553942
4698.47998 0.550409
4700.54004 0.548955
4702.60010 0.548955
4704.66016 0.548555
4706.72021 0.548555
4708.77979 0.546013
4710.83984 0.544239
4712.89990 0.543401
4714.95996 0.542442
4717.02002 0.542442
4719.08008 0.539646
4721.14014 0.539126
4723.20020 0.538035
4725.25977 0.53514
4727.31982 0.533816
4729.37988 0.532925
4731.43994 0.53264
4733.50000 0.53234
4735.56006 0.529373
4737.62012 0.529373
4739.68018 0.528221
4741.74023 0.528476
4743.79980 0.528476
4745.85986 0.52663
4747.91992 0.522232
4749.97998 0.520271
4752.04004 0.517559
4754.10010 0.517559
4756.16016 0.515622
4758.22021 0.514773
4760.27979 0.514035
4762.33984 0.51224
4764.39990 0.512005
4766.45996 0.511625
4768.52002 0.509913
4770.58008 0.506908
4772.64014 0.506603
4774.70020 0.503108
4776.75977 0.502527
4778.81982 0.502172
4780.87988 0.500423
4782.93994 0.499586
4785.00000 0.497376
4787.06006 0.49614
4789.12012 0.494168
4791.18018 0.493954
4793.24023 0.493083
4795.29980 0.490403
4797.35986 0.48917
4799.41992 0.487714
4801.47998 0.484357
4803.54004 0.483985
4805.60010 0.482944
4807.66016 0.479658
4809.72021 0.478054
4811.77979 0.477731
4813.83984 0.473366
4815.89990 0.471921
4817.95996 0.470338
4820.02002 0.470017
4822.08008 0.467396
4824.14014 0.465206
4826.20020 0.464192
4828.25977 0.463215
4830.31982 0.4627
4832.37988 0.459562
4834.43994 0.457051
4836.50000 0.45481
4838.56006 0.452817
4840.62012 0.451169
4842.68018 0.449714
4844.74023 0.446795
4846.79980 0.446092
4848.85986 0.44451
4850.91992 0.442528
4852.97998 0.438712
4855.04004 0.438611
4857.10010 0.433791
4859.16016 0.433701
4861.22021 0.433622
4863.27979 0.429583
4865.33984 0.428947
4867.39990 0.428529
4869.45996 0.42508
4871.52002 0.424061
4873.58008 0.422492
4875.64014 0.419856
4877.70020 0.419715
4879.75977 0.418259
4881.81982 0.415886
4883.87988 0.413176
4885.93994 0.411069
4888.00000 0.410734
4890.06006 0.406414
4892.12012 0.405856
4894.18018 0.404781
4896.24023 0.404259
4898.29980 0.401105
4900.35986 0.397419
4902.41992 0.395429
4904.47998 0.394326
4906.54004 0.393586
4908.60010 0.392696
4910.66016 0.389311
4912.72021 0.38891
4914.77979 0.387026
4916.83984 0.383894
4918.89990 0.38075
4920.95996 0.380522
4923.02002 0.379473
4925.08008 0.37724
4927.14014 0.374934
4929.20020 0.373284
4931.25977 0.372837
4933.31982 0.370962
4935.37988 0.367756
4937.43994 0.36695
4939.50000 0.365646
4941.56006 0.364624
4943.62012 0.362863
4945.68018 0.360343
4947.74023 0.359072
4949.79980 0.358725
4951.85986 0.356549
4953.91992 0.356141
4955.97998 0.355793
4958.04004 0.351645
4960.10010 0.350282
4962.16016 0.349323
4964.22021 0.347348
4966.27979 0.344664
4968.33984 0.344503
4970.39990 0.343421
4972.45996 0.341482
4974.52002 0.338983
4976.58008 0.338389
4978.64014 0.337977
4980.70020 0.337102
4982.75977 0.334947
4984.81982 0.332902
4986.87988 0.330699
4988.93994 0.330454
4991.00000 0.329887
4993.06006 0.328915
4995.12012 0.32748
4997.18018 0.324501
4999.24023 0.324496
5001.29980 0.322033
5003.35986 0.321363
5005.41992 0.319497
5007.47998 0.3169
5009.54004 0.315294
5011.60010 0.314449
5013.66016 0.3116
5015.72021 0.311258
5017.77979 0.308405
5019.83984 0.308171
5021.89990 0.306435
5023.95996 0.303926
5026.02002 0.300374
5028.08008 0.299476
5030.14014 0.297084
5032.20020 0.295271
5034.25977 0.29315
5036.31982 0.292753
5038.37988 0.292655
5040.43994 0.287208
5042.50000 0.285149
5044.56006 0.284771
5046.62012 0.282163
5048.68018 0.280183
5050.74023 0.276035
5052.79980 0.275455
5054.85986 0.274108
5056.91992 0.272857
5058.97998 0.272037
5061.04004 0.268552
5063.10010 0.266992
5065.16016 0.265148
5067.22021 0.261454
5069.27979 0.258285
5071.33984 0.258013
5073.39990 0.25559
5075.45996 0.253759
5077.52002 0.253444
5079.58008 0.24982
5081.64014 0.249341
5083.70020 0.248087
5085.75977 0.245295
5087.81982 0.244171
5089.87988 0.240616
5091.93994 0.240118
5094.00000 0.238736
5096.06006 0.237693
5098.12012 0.235273
5100.18018 0.232079
5102.24023 0.232068
5104.29980 0.227758
5106.35986 0.227618
5108.41992 0.226317
5110.47998 0.224646
5112.54004 0.222139
5114.60010 0.220864
5116.66016 0.219447
5118.72021 0.219032
5120.77979 0.217142
5122.83984 0.216295
5124.89990 0.213168
5126.95996 0.211662
5129.02002 0.210159
5131.08008 0.208141
5133.14014 0.206835
5135.20020 0.204862
5137.25977 0.203305
5139.31982 0.200631
5141.37988 0.199745
5143.43994 0.19738
5145.50000 0.196046
5147.56006 0.194816
5149.62012 0.194639
5151.68018 0.191156
5153.74023 0.190279
5155.79980 0.189429
