threeML/data/optical_filters/CAHA/CAHA-f_506_6.ecsv
# %ECSV 0.9
# ---
# datatype:
# - {name: wavelength, unit: Angstrom, datatype: float32}
# - {name: response, datatype: float32}
# meta: !!omap
# - {band_name: f_506_6}
# - {group_name: CAHA}
wavelength response
4470.54297 0.0
4967.27002 0.004013
4967.52979 0.003745
4967.79004 0.003236
4968.04980 0.003798
4968.31006 0.004107
4968.56982 0.003656
4968.83008 0.003767
4969.08984 0.004001
4969.35010 0.003661
4969.60986 0.003512
4969.87012 0.004065
4970.12988 0.00387
4970.39014 0.004296
4970.64990 0.003924
4970.91016 0.004271
4971.16992 0.004068
4971.43018 0.004079
4971.68994 0.004427
4971.95020 0.004003
4972.20996 0.004223
4972.45996 0.004306
4972.72998 0.004332
4972.97998 0.004484
4973.24023 0.00453
4973.50000 0.004321
4973.75977 0.004096
4974.02002 0.004353
4974.27979 0.004636
4974.54004 0.004165
4974.79980 0.004133
4975.06006 0.004365
4975.31982 0.004645
4975.58008 0.00449
4975.83984 0.004543
4976.10010 0.004031
4976.35986 0.004636
4976.62012 0.004582
4976.87988 0.004373
4977.14014 0.004629
4977.39990 0.004685
4977.66016 0.005124
4977.91992 0.005023
4978.18018 0.004445
4978.43994 0.004518
4978.70020 0.004885
4978.95996 0.00553
4979.22021 0.005036
4979.47998 0.0047
4979.74023 0.005176
4980.00000 0.004753
4980.25977 0.005118
4980.52002 0.004924
4980.77979 0.005202
4981.04004 0.005534
4981.29980 0.005458
4981.56006 0.005246
4981.81982 0.004904
4982.08008 0.005364
4982.33984 0.006067
4982.60010 0.006087
4982.85986 0.005735
4983.12012 0.005642
4983.37988 0.006329
4983.64014 0.005589
4983.89990 0.005935
4984.16016 0.005723
4984.41992 0.005789
4984.68018 0.006372
4984.93994 0.005637
4985.20020 0.006441
4985.45996 0.006889
4985.72021 0.006555
4985.97998 0.006385
4986.24023 0.006656
4986.50000 0.006247
4986.75977 0.006452
4987.02002 0.006051
4987.27979 0.006379
4987.54004 0.006944
4987.79980 0.006562
4988.06006 0.007031
4988.31982 0.006812
4988.58008 0.006792
4988.83984 0.006913
4989.10010 0.007015
4989.35986 0.007634
4989.62012 0.006967
4989.87988 0.007667
4990.14014 0.007463
4990.39990 0.008001
4990.66016 0.008151
4990.91992 0.008013
4991.18018 0.007627
4991.43994 0.008033
4991.70020 0.007952
4991.95996 0.008397
4992.22021 0.008343
4992.47998 0.008353
4992.74023 0.008281
4993.00000 0.008823
4993.25977 0.009428
4993.52002 0.009287
4993.77979 0.009125
4994.04004 0.008649
4994.29980 0.009053
4994.56006 0.009561
4994.81982 0.00933
4995.08008 0.009181
4995.33984 0.010231
4995.60010 0.00985
4995.85986 0.009994
4996.12012 0.00996
4996.37988 0.01041
4996.64014 0.010715
4996.89990 0.010707
4997.16016 0.01056
4997.41992 0.010987
4997.68018 0.011126
4997.93994 0.011411
4998.20020 0.010874
4998.45996 0.011801
4998.70996 0.012219
4998.97021 0.012982
4999.22998 0.012758
4999.49023 0.012356
4999.75000 0.013193
5000.00977 0.012717
5000.27002 0.013207
5000.52979 0.013733
5000.79004 0.01442
5001.04980 0.014369
5001.31006 0.014278
5001.56982 0.014716
5001.83008 0.015097
5002.08984 0.015721
5002.35010 0.015343
5002.60986 0.016213
5002.87012 0.015825
5003.12988 0.016153
5003.39014 0.016393
5003.64990 0.017633
5003.91016 0.017808
5004.16992 0.018485
5004.43018 0.018917
5004.68994 0.017983
5004.95020 0.01942
5005.20996 0.020008
5005.47021 0.020544
5005.72998 0.02097
5005.99023 0.021261
5006.25000 0.021615
5006.50977 0.022213
5006.77002 0.021773
5007.02979 0.02233
5007.29004 0.024089
5007.54980 0.024481
5007.81006 0.024168
5008.06982 0.024711
5008.33008 0.025634
5008.58984 0.026479
5008.85010 0.027754
5009.10986 0.028482
5009.37012 0.029407
5009.62988 0.030012
5009.89014 0.030358
5010.14990 0.030676
5010.41016 0.031486
5010.66992 0.032684
5010.93018 0.033501
5011.18994 0.035017
5011.45020 0.03547
5011.70996 0.036658
5011.97021 0.037289
5012.22998 0.038718
5012.49023 0.039953
5012.75000 0.041192
5013.00977 0.043134
5013.27002 0.042958
5013.52979 0.043803
5013.79004 0.045205
5014.04980 0.04666
5014.31006 0.048755
5014.56982 0.05038
5014.83008 0.051601
5015.08984 0.051666
5015.35010 0.053793
5015.60986 0.056089
5015.87012 0.057802
5016.12988 0.060036
5016.39014 0.061068
5016.64990 0.062176
5016.91016 0.064964
5017.16992 0.067437
5017.43018 0.071122
5017.68994 0.072961
5017.95020 0.073446
5018.20996 0.077178
5018.47021 0.080524
5018.72998 0.080841
5018.99023 0.085645
5019.25000 0.087567
5019.50977 0.090201
5019.77002 0.091524
5020.02979 0.094588
5020.29004 0.100987
5020.54980 0.102025
5020.81006 0.104627
5021.06982 0.107147
5021.33008 0.11266
5021.58984 0.116865
5021.85010 0.120573
5022.10986 0.123817
5022.37012 0.128238
5022.62988 0.132368
5022.89014 0.136258
5023.14990 0.141179
5023.41016 0.146628
5023.66992 0.15074
5023.93018 0.154725
5024.18994 0.162072
5024.43994 0.165329
5024.70996 0.170688
5024.95996 0.177896
5025.22021 0.181965
5025.47998 0.188104
5025.74023 0.191236
5026.00000 0.2005
5026.25977 0.204362
5026.52002 0.212688
5026.77979 0.217586
5027.04004 0.224809
5027.29980 0.230631
5027.56006 0.237697
5027.81982 0.244581
5028.08008 0.252053
5028.33984 0.257319
5028.60010 0.26602
5028.85986 0.272602
5029.12012 0.279199
5029.37988 0.287272
5029.64014 0.292435
5029.89990 0.300836
5030.16016 0.311134
5030.41992 0.31685
5030.68018 0.327695
5030.93994 0.331973
5031.20020 0.338862
5031.45996 0.348361
5031.72021 0.355697
5031.97998 0.363619
5032.24023 0.371046
5032.50000 0.380657
5032.75977 0.387428
5033.02002 0.394206
5033.27979 0.403237
5033.54004 0.407953
5033.79980 0.418393
5034.06006 0.430779
5034.31982 0.43358
5034.58008 0.444333
5034.83984 0.447878
5035.10010 0.458059
5035.35986 0.469105
5035.62012 0.469954
5035.87988 0.479971
5036.14014 0.488157
5036.39990 0.494605
5036.66016 0.501229
5036.91992 0.508898
5037.18018 0.515567
5037.43994 0.524028
5037.70020 0.526849
5037.95996 0.536905
5038.22021 0.543485
5038.47998 0.549764
5038.74023 0.559789
5039.00000 0.561707
5039.25977 0.56681
5039.52002 0.572851
5039.77979 0.581266
5040.04004 0.581482
5040.29980 0.592259
5040.56006 0.596285
5040.81982 0.601472
5041.08008 0.606506
5041.33984 0.609413
5041.60010 0.615472
5041.85986 0.621674
5042.12012 0.624564
5042.37988 0.633083
5042.64014 0.637265
5042.89990 0.638286
5043.16016 0.64917
5043.41992 0.650614
5043.68018 0.653937
5043.93994 0.655883
5044.20020 0.658484
5044.45996 0.663959
5044.72021 0.669386
5044.97998 0.673048
5045.24023 0.676899
5045.50000 0.683797
5045.75977 0.681804
5046.02002 0.68865
5046.27979 0.692686
5046.54004 0.68817
5046.79980 0.695485
5047.06006 0.701311
5047.31982 0.70568
5047.58008 0.70185
5047.83984 0.704114
5048.10010 0.713657
5048.35986 0.707616
5048.62012 0.713564
5048.87988 0.716653
5049.14014 0.714817
5049.39990 0.721983
5049.66016 0.719813
5049.91992 0.721569
5050.18018 0.728115
5050.43994 0.731879
5050.68994 0.724867
5050.95020 0.72826
5051.20996 0.731393
5051.47021 0.734972
5051.72998 0.733751
5051.99023 0.734456
5052.25000 0.73478
5052.50977 0.737293
5052.77002 0.74282
5053.02979 0.739601
5053.29004 0.741815
5053.54980 0.740433
5053.81006 0.745383
5054.06982 0.745228
5054.33008 0.74677
5054.58984 0.747344
5054.85010 0.743793
5055.10986 0.748788
5055.37012 0.745675
5055.62988 0.75367
5055.89014 0.754527
5056.14990 0.744968
5056.41016 0.745292
5056.66992 0.746509
5056.93018 0.753961
5057.18994 0.744942
5057.45020 0.751559
5057.70996 0.748
5057.97021 0.750651
5058.22998 0.751985
5058.49023 0.75153
5058.75000 0.751222
5059.00977 0.755547
5059.27002 0.752979
5059.52979 0.751178
5059.79004 0.746069
5060.04980 0.745104
5060.31006 0.749882
5060.56982 0.752355
5060.83008 0.748854
5061.08984 0.752228
5061.35010 0.743622
5061.60986 0.744281
5061.87012 0.751639
5062.12988 0.743796
5062.39014 0.745232
5062.64990 0.745772
5062.91016 0.742098
5063.16992 0.747677
5063.43018 0.746609
5063.68994 0.74639
5063.95020 0.743783
5064.20996 0.743867
5064.47021 0.744859
5064.72998 0.741667
5064.99023 0.740369
5065.25000 0.737827
5065.50977 0.740804
5065.77002 0.742959
5066.02979 0.734106
5066.29004 0.739014
5066.54980 0.740694
5066.81006 0.743729
5067.06982 0.737513
5067.33008 0.736547
5067.58984 0.738232
5067.85010 0.738019
5068.10986 0.737663
5068.37012 0.734736
5068.62988 0.734515
5068.89014 0.730186
5069.14990 0.730598
5069.41016 0.733808
5069.66992 0.732501
5069.93018 0.731208
5070.18994 0.735188
5070.45020 0.725614
5070.70996 0.727341
5070.97021 0.729366
5071.22998 0.726663
5071.49023 0.727357
5071.75000 0.727613
5072.00977 0.723126
5072.27002 0.724079
5072.52979 0.724369
5072.79004 0.72363
5073.04980 0.719535
5073.31006 0.723008
5073.56982 0.722723
5073.83008 0.725747
5074.08984 0.723471
5074.35010 0.723021
5074.60986 0.719728
5074.87012 0.720741
5075.12988 0.721387
5075.39014 0.716921
5075.64990 0.716045
5075.91016 0.71963
5076.16992 0.717709
5076.41992 0.717208
5076.68994 0.718585
5076.93994 0.718324
5077.20020 0.717258
5077.45996 0.713785
5077.72021 0.720264
5077.97998 0.71615
5078.24023 0.714108
5078.50000 0.709471
5078.75977 0.707196
5079.02002 0.70987
5079.27979 0.708905
5079.54004 0.701719
5079.79980 0.699402
5080.06006 0.705161
5080.31982 0.698121
5080.58008 0.701655
5080.83984 0.700718
5081.10010 0.697574
5081.35986 0.691984
5081.62012 0.693449
5081.87988 0.690589
5082.14014 0.69125
5082.39990 0.682122
5082.66016 0.68362
5082.91992 0.681364
5083.18018 0.674821
5083.43994 0.677781
5083.70020 0.672946
5083.95996 0.668886
5084.22021 0.664643
5084.47998 0.659596
5084.74023 0.652185
5085.00000 0.654903
5085.25977 0.645444
5085.52002 0.648604
5085.77979 0.641312
5086.04004 0.638458
5086.29980 0.63559
5086.56006 0.623967
5086.81982 0.623132
5087.08008 0.619287
5087.33984 0.613742
5087.60010 0.609061
5087.85986 0.601046
5088.12012 0.594662
5088.37988 0.590689
5088.64014 0.584963
5088.89990 0.575471
5089.16016 0.572927
5089.41992 0.563342
5089.68018 0.560283
5089.93994 0.551178
5090.20020 0.544008
5090.45996 0.541449
5090.72021 0.534267
5090.97998 0.525965
5091.24023 0.518104
5091.50000 0.512018
5091.75977 0.499735
5092.02002 0.493936
5092.27979 0.488271
5092.54004 0.480384
5092.79980 0.46879
5093.06006 0.465021
5093.31982 0.452129
5093.58008 0.443356
5093.83984 0.435429
5094.10010 0.430149
5094.35986 0.417639
5094.62012 0.410735
5094.87988 0.407904
5095.14014 0.393266
5095.39990 0.38213
5095.66016 0.376657
5095.91992 0.366924
5096.18018 0.357941
5096.43994 0.348307
5096.70020 0.339856
5096.95996 0.33068
5097.22021 0.326443
5097.47998 0.315128
5097.74023 0.308425
5098.00000 0.302703
5098.25977 0.290714
5098.52002 0.284885
5098.77979 0.275834
5099.04004 0.266588
5099.29980 0.258543
5099.56006 0.250838
5099.81982 0.244944
5100.08008 0.237968
5100.33984 0.230613
5100.60010 0.221181
5100.85986 0.216578
5101.12012 0.208865
5101.37988 0.202542
5101.64014 0.195593
5101.89990 0.189429
5102.16016 0.18345
5102.41992 0.17697
5102.66992 0.172966
5102.93018 0.165867
5103.18994 0.162573
5103.45020 0.156976
5103.70996 0.150322
5103.97021 0.146388
5104.22998 0.141655
5104.49023 0.135788
5104.75000 0.132613
5105.00977 0.127296
5105.27002 0.122698
5105.52979 0.118343
5105.79004 0.114297
5106.04980 0.111185
5106.31006 0.107169
5106.56982 0.103536
5106.83008 0.100638
5107.08984 0.097417
5107.35010 0.095021
5107.60986 0.091108
5107.87012 0.089269
5108.12988 0.084663
5108.39014 0.082235
5108.64990 0.07985
5108.91016 0.077809
5109.16992 0.074715
5109.43018 0.072225
5109.68994 0.070232
5109.95020 0.06781
5110.20996 0.065358
5110.47021 0.063497
5110.72998 0.061675
5110.99023 0.059754
5111.25000 0.056854
5111.50977 0.055346
5111.77002 0.053896
5112.02979 0.052693
5112.29004 0.051371
5112.54980 0.048934
5112.81006 0.047864
5113.06982 0.046433
5113.33008 0.045515
5113.58984 0.044878
5113.85010 0.043141
5114.10986 0.041175
5114.37012 0.040177
5114.62988 0.038406
5114.89014 0.03882
5115.14990 0.038027
5115.41016 0.036031
5115.66992 0.035298
5115.93018 0.034912
5116.18994 0.033876
5116.45020 0.03299
5116.70996 0.031901
5116.97021 0.031158
5117.22998 0.03024
5117.49023 0.02938
5117.75000 0.028359
5118.00977 0.028232
5118.27002 0.027236
5118.52979 0.026487
5118.79004 0.025629
5119.04980 0.025175
5119.31006 0.02446
5119.56982 0.024182
5119.83008 0.023949
5120.08984 0.023504
5120.35010 0.022224
5120.60986 0.022146
5120.87012 0.021118
5121.12988 0.020483
5121.39014 0.021523
5121.64990 0.019515
5121.91016 0.019702
5122.16992 0.019468
5122.43018 0.018598
5122.68994 0.018266
5122.95020 0.017865
5123.20996 0.01739
5123.47021 0.016887
5123.72998 0.017406
5123.99023 0.01612
5124.25000 0.016554
5124.50977 0.015888
5124.77002 0.016227
5125.02979 0.014823
5125.29004 0.015307
5125.54980 0.014299
5125.81006 0.014689
5126.06982 0.014473
5126.33008 0.013998
5126.58984 0.013199
5126.85010 0.013222
5127.10986 0.013003
5127.37012 0.013184
5127.62988 0.013386
5127.89014 0.012141
5128.14990 0.012321
5128.39990 0.011527
5128.66992 0.011957
5128.91992 0.010711
5129.18018 0.011303
5129.43994 0.01102
5129.70020 0.011095
5129.95996 0.010769
5130.22021 0.010455
5130.47998 0.010669
5130.74023 0.010402
5131.00000 0.009874
5131.25977 0.0103
5131.52002 0.010221
5131.77979 0.009638
5132.04004 0.009137
5132.29980 0.009327
5132.56006 0.008736
5132.81982 0.008608
5133.08008 0.009097
5133.33984 0.009127
5133.60010 0.008868
5133.85986 0.008571
5134.12012 0.008399
5134.37988 0.007904
5134.64014 0.008292
5134.89990 0.007923
5135.16016 0.008241
5135.41992 0.007744
5135.68018 0.007427
5135.93994 0.007729
5136.20020 0.007189
5136.45996 0.007685
5136.72021 0.007683
5136.97998 0.007386
5137.24023 0.007333
5137.50000 0.007059
5137.75977 0.006661
5138.02002 0.006943
5138.27979 0.006703
5138.54004 0.00655
5138.79980 0.006234
5139.06006 0.006272
5139.31982 0.006715
5139.58008 0.006182
5139.83984 0.006596
5140.10010 0.006367
5140.35986 0.006172
5140.62012 0.005855
5140.87988 0.005849
5141.14014 0.006256
5141.39990 0.006057
5141.66016 0.005832
5141.91992 0.005726
5142.18018 0.00576
5142.43994 0.005561
5142.70020 0.005733
5142.95996 0.005485
5143.22021 0.005572
5143.47998 0.005334
5143.74023 0.00523
5144.00000 0.005542
5144.25977 0.004664
5144.52002 0.005426
5144.77979 0.005444
5145.04004 0.005194
5145.29980 0.005448
5145.56006 0.004698
5145.81982 0.005156
5146.08008 0.00495
5146.33984 0.004796
5146.60010 0.004712
5146.85986 0.004677
5147.12012 0.004614
5147.37988 0.00485
5147.64014 0.004809
5147.89990 0.004229
5148.16016 0.004424
5148.41992 0.004376
5148.68018 0.004448
5148.93994 0.00435
5149.20020 0.004502
5149.45996 0.004219
5149.72021 0.004619
5149.97998 0.004271
5150.24023 0.004348
5150.50000 0.004548
5150.75977 0.004249
5151.02002 0.004024
5151.27979 0.00424
5151.54004 0.004285
5151.79980 0.004047
5666.97998 0.0
