threeML/data/optical_filters/CAHA/CAHA-f_646_10.ecsv
# %ECSV 0.9
# ---
# datatype:
# - {name: wavelength, unit: Angstrom, datatype: float32}
# - {name: response, datatype: float32}
# meta: !!omap
# - {band_name: f_646_10}
# - {group_name: CAHA}
wavelength response
5721.47998 0.0
6357.20020 0.004118
6357.45996 0.004059
6357.72021 0.004164
6357.97998 0.004177
6358.24023 0.004116
6358.50000 0.004169
6358.75977 0.004252
6359.02979 0.004323
6359.29004 0.004132
6359.54980 0.004264
6359.81006 0.00432
6360.06982 0.00425
6360.33008 0.004377
6360.58984 0.004297
6360.85010 0.004435
6361.12012 0.004494
6361.37988 0.00435
6361.64014 0.004415
6361.89990 0.00459
6362.16016 0.004658
6362.41992 0.004644
6362.68018 0.004547
6362.93994 0.004784
6363.20020 0.004754
6363.47021 0.00477
6363.72998 0.004828
6363.99023 0.004913
6364.25000 0.004927
6364.50977 0.00484
6364.77002 0.004968
6365.02979 0.004981
6365.29004 0.005075
6365.56006 0.005113
6365.81982 0.005185
6366.08008 0.005247
6366.33984 0.005246
6366.60010 0.00512
6366.85986 0.005374
6367.12012 0.005413
6367.37988 0.005702
6367.64990 0.005607
6367.91016 0.005518
6368.16992 0.005611
6368.43018 0.005837
6368.68994 0.00576
6368.95020 0.005857
6369.20996 0.005925
6369.47021 0.006121
6369.72998 0.006106
6370.00000 0.006113
6370.25977 0.006159
6370.52002 0.006293
6370.77979 0.006259
6371.04004 0.006284
6371.29980 0.006549
6371.56006 0.006488
6371.81982 0.006645
6372.08984 0.006586
6372.35010 0.006729
6372.60986 0.006776
6372.87012 0.006961
6373.12988 0.007021
6373.39014 0.007002
6373.64990 0.007428
6373.91016 0.007392
6374.18018 0.007468
6374.43994 0.007391
6374.70020 0.00775
6374.95996 0.007783
6375.22021 0.007774
6375.47998 0.007982
6375.74023 0.008199
6376.00000 0.008275
6376.25977 0.008317
6376.52979 0.008397
6376.79004 0.008782
6377.04980 0.008846
6377.31006 0.008829
6377.56982 0.009141
6377.83008 0.008925
6378.08984 0.009473
6378.35010 0.009465
6378.62012 0.009686
6378.87988 0.009752
6379.14014 0.009947
6379.39990 0.010095
6379.66016 0.010544
6379.91992 0.010365
6380.18018 0.010775
6380.43994 0.010945
6380.70996 0.011005
6380.97021 0.011295
6381.22998 0.011576
6381.49023 0.011663
6381.75000 0.01214
6382.00977 0.012322
6382.27002 0.012711
6382.52979 0.012916
6382.79004 0.013025
6383.06006 0.013344
6383.31982 0.013666
6383.58008 0.01403
6383.83984 0.014459
6384.10010 0.01471
6384.35986 0.015152
6384.62012 0.015321
6384.87988 0.015649
6385.14990 0.015691
6385.41016 0.016435
6385.66992 0.01664
6385.93018 0.017068
6386.18994 0.017557
6386.45020 0.018205
6386.70996 0.018783
6386.97021 0.019054
6387.24023 0.019491
6387.50000 0.019759
6387.75977 0.020562
6388.02002 0.020738
6388.27979 0.021699
6388.54004 0.022143
6388.79980 0.02253
6389.06006 0.023152
6389.31982 0.023981
6389.58984 0.024292
6389.85010 0.025161
6390.10986 0.025965
6390.37012 0.026936
6390.62988 0.027365
6390.89014 0.028257
6391.14990 0.029254
6391.41016 0.030158
6391.68018 0.031202
6391.93994 0.031993
6392.20020 0.033023
6392.45996 0.03413
6392.72021 0.034942
6392.97998 0.036153
6393.24023 0.037172
6393.50000 0.038634
6393.77002 0.039734
6394.02979 0.0412
6394.29004 0.042472
6394.54980 0.044222
6394.81006 0.045645
6395.06982 0.047252
6395.33008 0.048795
6395.58984 0.050644
6395.85010 0.052217
6396.12012 0.054188
6396.37988 0.056083
6396.64014 0.057829
6396.89990 0.060118
6397.16016 0.062591
6397.41992 0.064476
6397.68018 0.067081
6397.93994 0.069469
6398.20996 0.072072
6398.47021 0.074618
6398.72998 0.077724
6398.99023 0.080501
6399.25000 0.083285
6399.50977 0.087076
6399.77002 0.090655
6400.02979 0.093694
6400.29980 0.097257
6400.56006 0.101646
6400.81982 0.106002
6401.08008 0.109825
6401.33984 0.114379
6401.60010 0.118912
6401.85986 0.123005
6402.12012 0.12859
6402.37988 0.133399
6402.64990 0.138793
6402.91016 0.144956
6403.16992 0.150979
6403.43018 0.157077
6403.68994 0.163307
6403.95020 0.169454
6404.20996 0.176943
6404.47021 0.184269
6404.74023 0.191865
6405.00000 0.200245
6405.25977 0.208491
6405.52002 0.216625
6405.77979 0.224979
6406.04004 0.234391
6406.29980 0.243803
6406.56006 0.252996
6406.83008 0.263095
6407.08984 0.273929
6407.35010 0.284884
6407.60986 0.296646
6407.87012 0.307201
6408.12988 0.31929
6408.39014 0.330707
6408.64990 0.342819
6408.91992 0.355993
6409.18018 0.367681
6409.43994 0.381943
6409.70020 0.39567
6409.95996 0.408998
6410.22021 0.421688
6410.47998 0.435286
6410.74023 0.44852
6411.00000 0.463437
6411.27002 0.477397
6411.52979 0.491643
6411.79004 0.506672
6412.04980 0.521868
6412.31006 0.534368
6412.56982 0.547818
6412.83008 0.560711
6413.08984 0.574608
6413.35010 0.584937
6413.62012 0.599779
6413.87988 0.612608
6414.14014 0.625087
6414.39990 0.636031
6414.66016 0.64843
6414.91992 0.658454
6415.18018 0.671675
6415.43994 0.680327
6415.70996 0.687395
6415.97021 0.697879
6416.22998 0.707763
6416.49023 0.714861
6416.75000 0.722647
6417.00977 0.730931
6417.27002 0.734256
6417.52979 0.741252
6417.79980 0.74756
6418.06006 0.751707
6418.31982 0.756427
6418.58008 0.761095
6418.83984 0.764402
6419.10010 0.768654
6419.35986 0.771531
6419.62012 0.773417
6419.89014 0.773302
6420.14990 0.77707
6420.41016 0.777736
6420.66992 0.778003
6420.93018 0.779267
6421.18994 0.78262
6421.45020 0.782152
6421.70996 0.78064
6421.97021 0.780942
6422.24023 0.780229
6422.50000 0.780547
6422.75977 0.781177
6423.02002 0.781372
6423.27979 0.779046
6423.54004 0.779212
6423.79980 0.77673
6424.06006 0.776907
6424.33008 0.779386
6424.58984 0.775011
6424.85010 0.774696
6425.10986 0.77675
6425.37012 0.773883
6425.62988 0.773174
6425.89014 0.771328
6426.14990 0.770589
6426.41992 0.767443
6426.68018 0.767692
6426.93994 0.766339
6427.20020 0.764874
6427.45996 0.764102
6427.72021 0.765474
6427.97998 0.763437
6428.24023 0.762427
6428.50000 0.761303
6428.77002 0.762745
6429.02979 0.761349
6429.29004 0.759526
6429.54980 0.758829
6429.81006 0.758235
6430.06982 0.757482
6430.33008 0.758487
6430.58984 0.7561
6430.85986 0.756829
6431.12012 0.757259
6431.37988 0.756634
6431.64014 0.756927
6431.89990 0.754778
6432.16016 0.756244
6432.41992 0.756405
6432.68018 0.757143
6432.95020 0.753981
6433.20996 0.754736
6433.47021 0.756175
6433.72998 0.754447
6433.99023 0.75567
6434.25000 0.755121
6434.50977 0.755639
6434.77002 0.755293
6435.02979 0.755771
6435.29980 0.754843
6435.56006 0.756382
6435.81982 0.759877
6436.08008 0.75831
6436.33984 0.759761
6436.60010 0.759382
6436.85986 0.758659
6437.12012 0.761177
6437.39014 0.759332
6437.64990 0.760376
6437.91016 0.762026
6438.16992 0.763142
6438.43018 0.76232
6438.68994 0.763436
6438.95020 0.766075
6439.20996 0.767274
6439.47998 0.766416
6439.74023 0.768893
6440.00000 0.767231
6440.25977 0.768493
6440.52002 0.768523
6440.77979 0.768716
6441.04004 0.771195
6441.29980 0.771468
6441.56006 0.771494
6441.83008 0.774096
6442.08984 0.775129
6442.35010 0.77551
6442.60986 0.77325
6442.87012 0.776554
6443.12988 0.777096
6443.39014 0.779331
6443.64990 0.777438
6443.91992 0.778457
6444.18018 0.781024
6444.43994 0.781436
6444.70020 0.781013
6444.95996 0.782028
6445.22021 0.780965
6445.47998 0.782631
6445.74023 0.783643
6446.00977 0.783337
6446.27002 0.785862
6446.52979 0.786717
6446.79004 0.787279
6447.04980 0.78577
6447.31006 0.785177
6447.56982 0.787882
6447.83008 0.786543
6448.08984 0.787951
6448.35986 0.790475
6448.62012 0.791401
6448.87988 0.790507
6449.14014 0.788931
6449.39990 0.79046
6449.66016 0.793162
6449.91992 0.792949
6450.18018 0.79324
6450.45020 0.793244
6450.70996 0.794516
6450.97021 0.791851
6451.22998 0.793896
6451.49023 0.795017
6451.75000 0.795252
6452.00977 0.794254
6452.27002 0.796185
6452.54004 0.797233
6452.79980 0.796149
6453.06006 0.794684
6453.31982 0.79586
6453.58008 0.79759
6453.83984 0.797522
6454.10010 0.798321
6454.35986 0.800681
6454.62012 0.799172
6454.89014 0.800417
6455.14990 0.799729
6455.41016 0.798953
6455.66992 0.798388
6455.93018 0.7987
6456.18994 0.799068
6456.45020 0.798807
6456.70996 0.799934
6456.97998 0.798757
6457.24023 0.79894
6457.50000 0.798625
6457.75977 0.798783
6458.02002 0.796821
6458.27979 0.797639
6458.54004 0.7973
6458.79980 0.798361
6459.06982 0.797276
6459.33008 0.797435
6459.58984 0.79795
6459.85010 0.797341
6460.10986 0.798433
6460.37012 0.794871
6460.62988 0.795139
6460.89014 0.797515
6461.14990 0.796086
6461.41992 0.794127
6461.68018 0.794034
6461.93994 0.794032
6462.20020 0.79366
6462.45996 0.793546
6462.72021 0.791684
6462.97998 0.790417
6463.24023 0.792592
6463.50977 0.791714
6463.77002 0.790443
6464.02979 0.789561
6464.29004 0.79188
6464.54980 0.789152
6464.81006 0.789046
6465.06982 0.789228
6465.33008 0.787216
6465.60010 0.78637
6465.85986 0.784154
6466.12012 0.783867
6466.37988 0.782826
6466.64014 0.784189
6466.89990 0.781585
6467.16016 0.782358
6467.41992 0.77928
6467.68018 0.776679
6467.95020 0.77712
6468.20996 0.776988
6468.47021 0.776661
6468.72998 0.776577
6468.99023 0.773273
6469.25000 0.771765
6469.50977 0.770633
6469.77002 0.770203
6470.04004 0.768725
6470.29980 0.76789
6470.56006 0.766434
6470.81982 0.765877
6471.08008 0.764783
6471.33984 0.764051
6471.60010 0.761816
6471.85986 0.760388
6472.12012 0.757932
6472.39014 0.757147
6472.64990 0.754856
6472.91016 0.756129
6473.16992 0.753876
6473.43018 0.753653
6473.68994 0.748781
6473.95020 0.749319
6474.20996 0.747699
6474.47998 0.747373
6474.74023 0.74527
6475.00000 0.743831
6475.25977 0.745086
6475.52002 0.741809
6475.77979 0.73996
6476.04004 0.740201
6476.29980 0.734801
6476.56982 0.734904
6476.83008 0.734502
6477.08984 0.732682
6477.35010 0.730387
6477.60986 0.72962
6477.87012 0.728469
6478.12988 0.726187
6478.39014 0.726131
6478.66016 0.725133
6478.91992 0.7245
6479.18018 0.721784
6479.43994 0.721025
6479.70020 0.718212
6479.95996 0.716857
6480.22021 0.716861
6480.47998 0.714909
6480.74023 0.713296
6481.00977 0.711404
6481.27002 0.711484
6481.52979 0.710372
6481.79004 0.709953
6482.04980 0.709527
6482.31006 0.707207
6482.56982 0.706725
6482.83008 0.706983
6483.10010 0.704587
6483.35986 0.70456
6483.62012 0.704048
6483.87988 0.70151
6484.14014 0.702079
6484.39990 0.700788
6484.66016 0.699691
6484.91992 0.701382
6485.18994 0.700331
6485.45020 0.70045
6485.70996 0.699912
6485.97021 0.698871
6486.22998 0.699732
6486.49023 0.699175
6486.75000 0.700018
6487.00977 0.699502
6487.27002 0.69958
6487.54004 0.699158
6487.79980 0.700544
6488.06006 0.699823
6488.31982 0.700733
6488.58008 0.703111
6488.83984 0.702156
6489.10010 0.702174
6489.35986 0.702006
6489.62988 0.704915
6489.89014 0.706612
6490.14990 0.705835
6490.41016 0.707359
6490.66992 0.708654
6490.93018 0.707984
6491.18994 0.709699
6491.45020 0.710501
6491.72021 0.71311
6491.97998 0.713399
6492.24023 0.71675
6492.50000 0.718003
6492.75977 0.721062
6493.02002 0.720755
6493.27979 0.72375
6493.54004 0.723439
6493.79980 0.727238
6494.06982 0.728041
6494.33008 0.730934
6494.58984 0.732246
6494.85010 0.734784
6495.10986 0.737909
6495.37012 0.739746
6495.62988 0.739385
6495.89014 0.743878
6496.16016 0.745553
6496.41992 0.747497
6496.68018 0.74825
6496.93994 0.747951
6497.20020 0.749002
6497.45996 0.750353
6497.72021 0.752676
6497.97998 0.752461
6498.25000 0.753649
6498.50977 0.756614
6498.77002 0.754237
6499.02979 0.755391
6499.29004 0.754936
6499.54980 0.755674
6499.81006 0.753713
6500.06982 0.75248
6500.33008 0.750826
6500.60010 0.750635
6500.85986 0.749211
6501.12012 0.745915
6501.37988 0.741872
6501.64014 0.736893
6501.89990 0.733074
6502.16016 0.728022
6502.41992 0.722288
6502.68994 0.717478
6502.95020 0.710921
6503.20996 0.70232
6503.47021 0.696013
6503.72998 0.687416
6503.99023 0.677057
6504.25000 0.668702
6504.50977 0.657405
6504.77979 0.647449
6505.04004 0.636525
6505.29980 0.62495
6505.56006 0.611845
6505.81982 0.600344
6506.08008 0.588468
6506.33984 0.575103
6506.60010 0.561942
6506.85986 0.54933
6507.12988 0.535132
6507.39014 0.519826
6507.64990 0.506489
6507.91016 0.490733
6508.16992 0.476785
6508.43018 0.462814
6508.68994 0.448902
6508.95020 0.435453
6509.22021 0.421062
6509.47998 0.40761
6509.74023 0.393642
6510.00000 0.379335
6510.25977 0.367628
6510.52002 0.353443
6510.77979 0.340458
6511.04004 0.329359
6511.31006 0.317138
6511.56982 0.305266
6511.83008 0.293813
6512.08984 0.282737
6512.35010 0.271931
6512.60986 0.260476
6512.87012 0.251333
6513.12988 0.241264
6513.39990 0.231958
6513.66016 0.22323
6513.91992 0.213858
6514.18018 0.205353
6514.43994 0.196859
6514.70020 0.189249
6514.95996 0.182116
6515.22021 0.174904
6515.47998 0.169057
6515.75000 0.160882
6516.00977 0.154824
6516.27002 0.148666
6516.52979 0.144063
6516.79004 0.137295
6517.04980 0.132885
6517.31006 0.127233
6517.56982 0.122374
6517.83008 0.117456
6518.10010 0.113336
6518.35986 0.108614
6518.62012 0.103938
6518.87988 0.1004
6519.14014 0.096388
6519.39990 0.093092
6519.66016 0.089881
6519.91992 0.085855
6520.18994 0.083346
6520.45020 0.080413
6520.70996 0.077439
6520.97021 0.074606
6521.22998 0.071982
6521.49023 0.069206
6521.75000 0.066713
6522.00977 0.06429
6522.27979 0.06217
6522.54004 0.06013
6522.79980 0.058315
6523.06006 0.055714
6523.31982 0.053721
6523.58008 0.052257
6523.83984 0.050741
6524.10010 0.048676
6524.37012 0.04719
6524.62988 0.045491
6524.89014 0.044371
6525.14990 0.042852
6525.41016 0.041683
6525.66992 0.040781
6525.93018 0.038832
6526.18994 0.037654
6526.45020 0.036388
6526.72021 0.035467
6526.97998 0.034503
6527.24023 0.033698
6527.50000 0.032469
6527.75977 0.03121
6528.02002 0.030503
6528.27979 0.02955
6528.54004 0.028649
6528.81006 0.027695
6529.06982 0.02697
6529.33008 0.026068
6529.58984 0.025804
6529.85010 0.024812
6530.10986 0.024236
6530.37012 0.023698
6530.62988 0.023164
6530.89990 0.022731
6531.16016 0.022061
6531.41992 0.021308
6531.68018 0.020719
6531.93994 0.020339
6532.20020 0.019691
6532.45996 0.019245
6532.72021 0.018917
6532.97998 0.018425
6533.25000 0.017685
6533.50977 0.017238
6533.77002 0.016983
6534.02979 0.016515
6534.29004 0.016379
6534.54980 0.01605
6534.81006 0.015594
6535.06982 0.015112
6535.33984 0.014871
6535.60010 0.014597
6535.85986 0.014291
6536.12012 0.013865
6536.37988 0.013648
6536.64014 0.013246
6536.89990 0.012964
6537.16016 0.012719
6537.43018 0.012449
6537.68994 0.012281
6537.95020 0.012077
6538.20996 0.011854
6538.47021 0.011498
6538.72998 0.011185
6538.99023 0.011217
6539.25000 0.010921
6539.50977 0.010671
6539.77979 0.010728
6540.04004 0.010478
6540.29980 0.010102
6540.56006 0.010008
6540.81982 0.010009
6541.08008 0.009654
6541.33984 0.009532
6541.60010 0.009363
6541.87012 0.009234
6542.12988 0.008903
6542.39014 0.008757
6542.64990 0.008617
6542.91016 0.008662
6543.16992 0.008389
6543.43018 0.008282
6543.68994 0.008019
6543.95996 0.008071
6544.22021 0.007922
6544.47998 0.007676
6544.74023 0.007722
6545.00000 0.007606
6545.25977 0.007501
6545.52002 0.007434
6545.77979 0.007241
6546.04004 0.007237
6546.31006 0.007018
6546.56982 0.006912
6546.83008 0.007059
6547.08984 0.006866
6547.35010 0.006759
6547.60986 0.006551
6547.87012 0.006629
6548.12988 0.006495
6548.39990 0.006385
6548.66016 0.006298
6548.91992 0.006242
6549.18018 0.006167
6549.43994 0.005859
6549.70020 0.006064
6549.95996 0.005939
6550.22021 0.005813
6550.49023 0.005879
6550.75000 0.005839
6551.00977 0.005684
6551.27002 0.005749
6551.52979 0.005534
6551.79004 0.005498
6552.04980 0.005491
6552.31006 0.005496
6552.56982 0.005345
6552.83984 0.005382
6553.10010 0.005202
6553.35986 0.005237
6553.62012 0.005129
6553.87988 0.005128
6554.14014 0.005038
6554.39990 0.005087
6554.66016 0.005023
6554.93018 0.005031
6555.18994 0.004883
6555.45020 0.004902
6555.70996 0.004736
6555.97021 0.004821
6556.22998 0.004731
6556.49023 0.004669
6556.75000 0.004621
6557.02002 0.004555
6557.27979 0.004673
6557.54004 0.004513
6557.79980 0.004559
6558.06006 0.004485
6558.31982 0.004455
6558.58008 0.004274
6558.83984 0.004303
6559.10010 0.004375
6559.37012 0.004234
6559.62988 0.004221
6559.89014 0.004114
6560.14990 0.004209
6560.41016 0.004123
6560.66992 0.004158
6560.93018 0.00405
7217.02344 0.0
