threeML/data/optical_filters/CAHA/CAHA-f_532_2.ecsv
# %ECSV 0.9
# ---
# datatype:
# - {name: wavelength, unit: Angstrom, datatype: float32}
# - {name: response, datatype: float32}
# meta: !!omap
# - {band_name: f_532_2}
# - {group_name: CAHA}
wavelength response
4764.62695 0.0
5294.02979 0.004074
5294.29004 0.003924
5294.54980 0.003773
5294.81006 0.004294
5295.06982 0.004115
5295.33008 0.004189
5295.58984 0.004329
5295.85010 0.004128
5296.10986 0.004437
5296.37012 0.004672
5296.62988 0.004931
5296.89014 0.004944
5297.14990 0.00503
5297.41016 0.005133
5297.66992 0.005209
5297.93018 0.005435
5298.18994 0.00518
5298.45020 0.005511
5298.70996 0.005783
5298.97021 0.006018
5299.22998 0.006133
5299.49023 0.006285
5299.75000 0.006224
5300.00977 0.00679
5300.27002 0.006751
5300.52979 0.007234
5300.79004 0.006865
5301.04980 0.007126
5301.31006 0.007607
5301.56982 0.0079
5301.83008 0.007869
5302.08984 0.008508
5302.35010 0.00867
5302.60986 0.009055
5302.87012 0.009313
5303.12988 0.009708
5303.39014 0.00998
5303.64990 0.01054
5303.91016 0.011065
5304.16992 0.011322
5304.43018 0.011752
5304.68994 0.012116
5304.95020 0.012829
5305.20996 0.013036
5305.47021 0.013838
5305.72998 0.014313
5305.99023 0.014981
5306.25000 0.015463
5306.50977 0.016078
5306.77002 0.017311
5307.02979 0.017762
5307.29004 0.019083
5307.54980 0.019435
5307.81006 0.020405
5308.06982 0.021296
5308.33008 0.022626
5308.58984 0.023432
5308.85010 0.025023
5309.10986 0.026653
5309.37012 0.02789
5309.62988 0.029232
5309.89014 0.031258
5310.14990 0.032757
5310.41016 0.035124
5310.66992 0.037357
5310.93018 0.039965
5311.18994 0.042476
5311.45020 0.044997
5311.70996 0.047035
5311.97021 0.050133
5312.22998 0.053307
5312.49023 0.05696
5312.75000 0.060676
5313.00977 0.0649
5313.27002 0.069036
5313.52979 0.074162
5313.79004 0.07939
5314.04980 0.084813
5314.31006 0.090683
5314.56982 0.097532
5314.83008 0.104232
5315.08984 0.110177
5315.35010 0.118863
5315.60986 0.126563
5315.87012 0.13316
5316.12988 0.14394
5316.39014 0.152842
5316.64990 0.162914
5316.91016 0.173752
5317.16992 0.184643
5317.43018 0.195475
5317.68994 0.208232
5317.95020 0.219087
5318.20996 0.231579
5318.47021 0.245432
5318.72998 0.258789
5318.99023 0.270164
5319.25000 0.28753
5319.50977 0.299915
5319.77002 0.317137
5320.02979 0.328336
5320.29004 0.344465
5320.54980 0.360006
5320.81006 0.375079
5321.06982 0.39164
5321.33008 0.407855
5321.58984 0.422459
5321.85010 0.433381
5322.10986 0.45244
5322.37012 0.468135
5322.62988 0.478009
5322.89014 0.491373
5323.14990 0.498775
5323.41016 0.512198
5323.66992 0.524925
5323.93018 0.535042
5324.18994 0.543715
5324.45020 0.549031
5324.70996 0.559198
5324.97021 0.561406
5325.22998 0.566533
5325.49023 0.569632
5325.75000 0.574493
5326.00977 0.580569
5326.27002 0.582585
5326.52979 0.584903
5326.79004 0.586249
5327.04980 0.583789
5327.31006 0.58818
5327.56982 0.588518
5327.83008 0.588621
5328.08984 0.589262
5328.35010 0.587238
5328.60986 0.587225
5328.87012 0.585393
5329.12988 0.583142
5329.39014 0.583101
5329.64990 0.58002
5329.91016 0.576517
5330.16992 0.57147
5330.43018 0.565092
5330.68994 0.561607
5330.95020 0.554238
5331.20996 0.547677
5331.47021 0.539025
5331.72998 0.531244
5331.99023 0.516248
5332.25000 0.506109
5332.50977 0.492233
5332.77002 0.481283
5333.02979 0.464913
5333.29004 0.449298
5333.54980 0.42931
5333.81006 0.415565
5334.06982 0.399634
5334.33008 0.380436
5334.58984 0.361367
5334.85010 0.34145
5335.10986 0.323641
5335.37012 0.308547
5335.62988 0.287148
5335.89014 0.271079
5336.14990 0.253986
5336.41016 0.237005
5336.66992 0.221345
5336.93018 0.208973
5337.18994 0.194615
5337.45020 0.179754
5337.70996 0.166465
5337.97021 0.157621
5338.22998 0.147615
5338.49023 0.135893
5338.75000 0.126602
5339.00977 0.119713
5339.27002 0.110679
5339.52979 0.103067
5339.79004 0.096842
5340.04980 0.089928
5340.31006 0.083769
5340.56982 0.078659
5340.83008 0.073016
5341.08984 0.068965
5341.35010 0.064574
5341.60986 0.060122
5341.87012 0.056995
5342.12988 0.054117
5342.39014 0.050436
5342.64990 0.047131
5342.91016 0.045051
5343.16992 0.042623
5343.43018 0.040073
5343.68994 0.038056
5343.95020 0.035412
5344.20996 0.033619
5344.47021 0.031457
5344.72998 0.030109
5344.99023 0.028814
5345.25000 0.027585
5345.50977 0.02617
5345.77002 0.024901
5346.02979 0.023799
5346.29004 0.022589
5346.54980 0.021271
5346.81006 0.020636
5347.06982 0.019612
5347.33008 0.019238
5347.58984 0.018439
5347.85010 0.017297
5348.10986 0.016563
5348.37012 0.015815
5348.62988 0.015371
5348.89014 0.014528
5349.14990 0.01395
5349.41016 0.013303
5349.66992 0.012873
5349.93018 0.012616
5350.18994 0.011937
5350.45020 0.011364
5350.70996 0.011596
5350.97021 0.011234
5351.22998 0.010371
5351.49023 0.010292
5351.75000 0.009787
5352.00977 0.00953
5352.27002 0.009154
5352.52979 0.008922
5352.79004 0.008438
5353.04980 0.008521
5353.31006 0.008325
5353.56982 0.007753
5353.83008 0.007544
5354.08984 0.00748
5354.35010 0.007215
5354.60986 0.006761
5354.87012 0.006688
5355.12988 0.006656
5355.39014 0.006324
5355.64990 0.006085
5355.91016 0.005808
5356.16992 0.005845
5356.43018 0.005898
5356.68994 0.00558
5356.95020 0.005462
5357.20996 0.005362
5357.47021 0.005215
5357.72998 0.00505
5357.99023 0.00509
5358.25000 0.004813
5358.50977 0.004887
5358.77002 0.004322
5359.02979 0.004257
5359.29004 0.004273
5359.54980 0.004361
5359.81006 0.004329
5360.06982 0.004131
5360.33008 0.004081
5896.36328 0.0
