threeML/data/optical_filters/CAHA/CAHA-f_674_1.ecsv
# %ECSV 0.9
# ---
# datatype:
# - {name: wavelength, unit: Angstrom, datatype: float32}
# - {name: response, datatype: float32}
# meta: !!omap
# - {band_name: f_674_1}
# - {group_name: CAHA}
wavelength response
6051.33887 0.0
6723.70996 0.004076
6723.97021 0.004222
6724.24023 0.004556
6724.50000 0.004851
6724.75977 0.00506
6725.02002 0.005532
6725.27979 0.006
6725.54004 0.006338
6725.79980 0.006651
6726.06982 0.007385
6726.33008 0.007982
6726.58984 0.008713
6726.85010 0.009712
6727.10986 0.010543
6727.37012 0.011557
6727.62988 0.012718
6727.89014 0.013841
6728.16016 0.015478
6728.41992 0.017591
6728.68018 0.019857
6728.93994 0.022489
6729.20020 0.025337
6729.45996 0.028738
6729.72021 0.031616
6729.97998 0.036207
6730.25000 0.041044
6730.50977 0.047683
6730.77002 0.055299
6731.02979 0.063791
6731.29004 0.073111
6731.54980 0.083489
6731.81006 0.093946
6732.08008 0.106693
6732.33984 0.121951
6732.60010 0.140572
6732.85986 0.162348
6733.12012 0.184618
6733.37988 0.207077
6733.64014 0.228737
6733.89990 0.249074
6734.16992 0.271281
6734.43018 0.300697
6734.68994 0.330491
6734.95020 0.366648
6735.20996 0.39943
6735.47021 0.426623
6735.72998 0.444185
6735.99023 0.457324
6736.25977 0.472887
6736.52002 0.490377
6736.77979 0.514656
6737.04004 0.539431
6737.29980 0.561533
6737.56006 0.574041
6737.81982 0.571157
6738.08008 0.558289
6738.35010 0.549495
6738.60986 0.540583
6738.87012 0.546121
6739.12988 0.551453
6739.39014 0.553094
6739.64990 0.548449
6739.91016 0.527502
6740.18018 0.501459
6740.43994 0.476881
6740.70020 0.461573
6740.95996 0.452933
6741.22021 0.444797
6741.47998 0.435924
6741.74023 0.41775
6742.00000 0.391621
6742.27002 0.364725
6742.52979 0.336697
6742.79004 0.313423
6743.04980 0.292673
6743.31006 0.275844
6743.56982 0.254257
6743.83008 0.232363
6744.08984 0.207053
6744.35986 0.181627
6744.62012 0.159475
6744.87988 0.139944
6745.14014 0.124117
6745.39990 0.110283
6745.66016 0.097564
6745.91992 0.084615
6746.18994 0.072951
6746.45020 0.063641
6746.70996 0.054582
6746.97021 0.047944
6747.22998 0.042015
6747.49023 0.037673
6747.75000 0.032846
6748.00977 0.028706
6748.27979 0.025972
6748.54004 0.02243
6748.79980 0.019709
6749.06006 0.017464
6749.31982 0.016132
6749.58008 0.014301
6749.83984 0.013293
6750.10010 0.011928
6750.37012 0.010703
6750.62988 0.009562
6750.89014 0.008708
6751.14990 0.008081
6751.41016 0.007513
6751.66992 0.006961
6751.93018 0.006386
6752.20020 0.005905
6752.45996 0.005404
6752.72021 0.005113
6752.97998 0.00483
6753.24023 0.004403
6753.50000 0.004256
7428.85010 0.0
