threeML/data/optical_filters/CAHA/CAHA-f_523_1.ecsv
# %ECSV 0.9
# ---
# datatype:
# - {name: wavelength, unit: Angstrom, datatype: float32}
# - {name: response, datatype: float32}
# meta: !!omap
# - {band_name: f_523_1}
# - {group_name: CAHA}
wavelength response
4686.40820 0.0
5207.12012 0.004195
5207.37988 0.004241
5207.64014 0.004049
5207.89990 0.004246
5208.16016 0.004505
5208.41992 0.00475
5208.68018 0.004808
5208.93994 0.004593
5209.20020 0.004771
5209.45996 0.005281
5209.72021 0.005017
5209.97998 0.005483
5210.22998 0.005318
5210.49023 0.005456
5210.75000 0.006013
5211.00977 0.005924
5211.27002 0.006221
5211.52979 0.006235
5211.79004 0.00634
5212.04980 0.006459
5212.31006 0.006723
5212.56982 0.00708
5212.83008 0.007349
5213.08984 0.007801
5213.35010 0.008278
5213.60986 0.008058
5213.87012 0.00885
5214.12988 0.009125
5214.39014 0.009736
5214.64990 0.009498
5214.91016 0.010504
5215.16992 0.01072
5215.43018 0.011335
5215.68994 0.011858
5215.95020 0.012451
5216.20996 0.013129
5216.47021 0.014018
5216.72998 0.014494
5216.99023 0.015521
5217.25000 0.016696
5217.50977 0.017309
5217.77002 0.018613
5218.02979 0.019648
5218.29004 0.020812
5218.54980 0.022729
5218.81006 0.024094
5219.06006 0.025356
5219.31982 0.027737
5219.58008 0.029364
5219.83984 0.031737
5220.10010 0.033811
5220.35986 0.036897
5220.62012 0.039702
5220.87988 0.042815
5221.14014 0.047366
5221.39990 0.050632
5221.66016 0.056036
5221.91992 0.060884
5222.18018 0.065855
5222.43994 0.07225
5222.70020 0.079053
5222.95996 0.086621
5223.22021 0.095039
5223.47998 0.105554
5223.74023 0.11509
5224.00000 0.130095
5224.25977 0.141061
5224.52002 0.154138
5224.77979 0.170594
5225.04004 0.191092
5225.29980 0.208627
5225.56006 0.226889
5225.81982 0.249223
5226.08008 0.272406
5226.33984 0.297667
5226.60010 0.321051
5226.85986 0.343858
5227.12012 0.372545
5227.37988 0.398931
5227.62988 0.420192
5227.89014 0.445252
5228.14990 0.464214
5228.41016 0.486522
5228.66992 0.501851
5228.93018 0.514803
5229.18994 0.530237
5229.45020 0.542552
5229.70996 0.55132
5229.97021 0.55541
5230.22998 0.567127
5230.49023 0.568551
5230.75000 0.572993
5231.00977 0.571877
5231.27002 0.573499
5231.52979 0.576456
5231.79004 0.571661
5232.04980 0.574573
5232.31006 0.571575
5232.56982 0.567349
5232.83008 0.556747
5233.08984 0.555494
5233.35010 0.543305
5233.60986 0.538347
5233.87012 0.521864
5234.12988 0.505633
5234.39014 0.494628
5234.64990 0.47451
5234.91016 0.452252
5235.16992 0.431496
5235.43018 0.410895
5235.68994 0.38357
5235.95020 0.358766
5236.20996 0.333808
5236.45996 0.310475
5236.72021 0.286515
5236.97998 0.262475
5237.24023 0.243012
5237.50000 0.220953
5237.75977 0.200652
5238.02002 0.184443
5238.27979 0.169186
5238.54004 0.153061
5238.79980 0.138253
5239.06006 0.126586
5239.31982 0.115787
5239.58008 0.105263
5239.83984 0.096446
5240.10010 0.086921
5240.35986 0.080211
5240.62012 0.072654
5240.87988 0.066436
5241.14014 0.061273
5241.39990 0.056937
5241.66016 0.052051
5241.91992 0.047351
5242.18018 0.043739
5242.43994 0.03984
5242.70020 0.037027
5242.95996 0.034704
5243.22021 0.032784
5243.47998 0.030617
5243.74023 0.028279
5244.00000 0.026287
5244.25977 0.024498
5244.52002 0.022557
5244.77002 0.021776
5245.02979 0.020141
5245.29004 0.019053
5245.54980 0.018367
5245.81006 0.017287
5246.06982 0.016384
5246.33008 0.015115
5246.58984 0.014534
5246.85010 0.013527
5247.10986 0.013308
5247.37012 0.012397
5247.62988 0.012002
5247.89014 0.010876
5248.14990 0.010569
5248.41016 0.010182
5248.66992 0.009995
5248.93018 0.009728
5249.18994 0.009222
5249.45020 0.008901
5249.70996 0.00846
5249.97021 0.008102
5250.22998 0.007843
5250.49023 0.007688
5250.75000 0.007659
5251.00977 0.007148
5251.27002 0.006479
5251.52979 0.00642
5251.79004 0.006312
5252.04980 0.006035
5252.31006 0.006322
5252.56982 0.006022
5252.83008 0.005564
5253.08984 0.005418
5253.35010 0.005754
5253.60010 0.005264
5253.85986 0.0054
5254.12012 0.005004
5254.37988 0.004992
5254.64014 0.004868
5254.89990 0.004514
5255.16016 0.0044
5255.41992 0.004507
5255.68018 0.004572
5255.93994 0.0045
5256.20020 0.004328
5781.82031 0.0
