threeML/data/optical_filters/CAHA/CAHA-f_537_89.ecsv
# %ECSV 0.9
# ---
# datatype:
# - {name: wavelength, unit: Angstrom, datatype: float32}
# - {name: response, datatype: float32}
# meta: !!omap
# - {band_name: f_537_89}
# - {group_name: CAHA}
wavelength response
4153.05371 0.0
4614.50391 0.004041
4617.75781 0.004216
4621.01221 0.004396
4624.26611 0.004581
4627.52002 0.00477
4630.77393 0.004963
4634.02783 0.005162
4637.28223 0.005364
4640.53711 0.005571
4643.79102 0.005783
4647.04492 0.006
4650.29883 0.006221
4653.55420 0.006446
4656.80811 0.006676
4660.06299 0.006911
4663.31689 0.00715
4666.57080 0.007394
4669.82617 0.007642
4673.08105 0.007895
4676.33496 0.008153
4679.58984 0.008415
4682.84521 0.008681
4686.10010 0.008952
4689.35400 0.009228
4692.60889 0.009508
4695.86377 0.009795
4699.11914 0.010088
4702.37500 0.010394
4705.62891 0.010722
4708.88379 0.011088
4712.14014 0.011518
4715.39502 0.012042
4718.64990 0.012681
4721.90479 0.013439
4725.16113 0.014288
4728.41602 0.015167
4731.67188 0.016003
4734.92676 0.016726
4738.18311 0.017288
4741.43799 0.017659
4744.69385 0.017829
4747.95020 0.017807
4751.20508 0.017623
4754.46094 0.017349
4757.71680 0.017079
4760.97314 0.016913
4764.22900 0.01692
4767.48389 0.017119
4770.74121 0.017474
4773.99707 0.017916
4777.25195 0.018373
4780.50879 0.018802
4783.76514 0.019203
4787.02100 0.01962
4790.27686 0.020118
4793.53418 0.020769
4796.79004 0.021638
4800.04688 0.022777
4803.30322 0.024228
4806.56006 0.026015
4809.81592 0.028154
4813.07324 0.030651
4816.33008 0.033526
4819.58594 0.036819
4822.84277 0.040604
4826.10010 0.04498
4829.35596 0.05006
4832.61279 0.055944
4835.87109 0.062691
4839.12695 0.070301
4842.38379 0.078718
4845.64209 0.087846
4848.89893 0.097581
4852.15576 0.107819
4855.41309 0.118464
4858.66992 0.129436
4861.92822 0.140703
4865.18506 0.152299
4868.44287 0.164328
4871.70020 0.176927
4874.95801 0.190199
4878.21484 0.204168
4881.47314 0.218751
4884.72998 0.233785
4887.98779 0.24907
4891.24609 0.26442
4894.50391 0.279702
4897.76221 0.294868
4901.02002 0.309957
4904.27783 0.325071
4907.53613 0.34032
4910.79297 0.355751
4914.05176 0.371307
4917.31006 0.386821
4920.56787 0.402049
4923.82715 0.41675
4927.08496 0.430746
4930.34277 0.443989
4933.60205 0.456583
4936.85986 0.46874
4940.11914 0.480697
4943.37695 0.492623
4946.63623 0.504558
4949.89502 0.516406
4953.15283 0.527998
4956.41211 0.539164
4959.66992 0.549808
4962.93018 0.55993
4966.18799 0.569591
4969.44678 0.578862
4972.70703 0.587776
4975.96484 0.596331
4979.22510 0.604519
4982.48389 0.612353
4985.74316 0.619855
4989.00195 0.627041
4992.26221 0.633891
4995.52100 0.640371
4998.77979 0.64647
5002.04004 0.652224
5005.29883 0.657704
5008.55908 0.662984
5011.81787 0.668121
5015.07812 0.673148
5018.33789 0.678084
5021.59814 0.682953
5024.85693 0.687755
5028.11719 0.692465
5031.37695 0.697029
5034.63721 0.701387
5037.89697 0.705496
5041.15723 0.709332
5044.41699 0.712901
5047.67822 0.716212
5050.93799 0.719301
5054.19824 0.722242
5057.45801 0.725141
5060.71924 0.72811
5063.97900 0.731213
5067.24023 0.734416
5070.50000 0.737595
5073.76123 0.740593
5077.02100 0.743305
5080.28223 0.745714
5083.54297 0.747878
5086.80420 0.749864
5090.06494 0.751696
5093.32617 0.753355
5096.58691 0.75483
5099.84814 0.756165
5103.10889 0.75747
5106.37012 0.758881
5109.63086 0.760499
5112.89209 0.762361
5116.15381 0.764433
5119.41504 0.76662
5122.67578 0.768801
5125.93799 0.770859
5129.19922 0.772721
5132.46094 0.77437
5135.72314 0.775835
5138.98389 0.777145
5142.24609 0.778308
5145.50781 0.779298
5148.77002 0.780085
5152.03076 0.780679
5155.29297 0.781136
5158.55518 0.781549
5161.81689 0.782007
5165.07910 0.782553
5168.34082 0.78317
5171.60400 0.783795
5174.86621 0.784352
5178.12793 0.78477
5181.39111 0.785003
5184.65283 0.785037
5187.91602 0.784893
5191.17822 0.784637
5194.43994 0.784362
5197.70312 0.784185
5200.96582 0.784207
5204.22900 0.784503
5207.49121 0.785097
5210.75391 0.78596
5214.01709 0.786999
5217.27979 0.788074
5220.54297 0.789019
5223.80615 0.789667
5227.06885 0.789901
5230.33301 0.789683
5233.59619 0.789079
5236.85889 0.788245
5240.12207 0.787377
5243.38477 0.786652
5246.64893 0.786182
5249.91309 0.786009
5253.17578 0.786106
5256.43896 0.786391
5259.70312 0.786748
5262.96680 0.787037
5266.23096 0.787127
5269.49512 0.786917
5272.75781 0.786376
5276.02197 0.785564
5279.28711 0.784645
5282.54980 0.783851
5285.81396 0.783399
5289.07910 0.783405
5292.34277 0.783813
5295.60693 0.784417
5298.87207 0.784945
5302.13623 0.78518
5305.39990 0.785036
5308.66504 0.784559
5311.92920 0.783867
5315.19385 0.78306
5318.45801 0.782182
5321.72412 0.781226
5324.98779 0.78019
5328.25293 0.779113
5331.51807 0.778065
5334.78320 0.777092
5338.04785 0.776167
5341.31299 0.775186
5344.57812 0.77403
5347.84277 0.772642
5351.10791 0.771057
5354.37402 0.769367
5357.63916 0.76768
5360.90479 0.766046
5364.16992 0.76447
5367.43604 0.762923
5370.70117 0.761378
5373.96680 0.759842
5377.23193 0.758363
5380.49805 0.757023
5383.76416 0.755916
5387.02979 0.755093
5390.29590 0.754532
5393.56201 0.75414
5396.82812 0.753779
5400.09424 0.753326
5403.35986 0.752702
5406.62598 0.751869
5409.89307 0.750798
5413.15918 0.74945
5416.42480 0.747789
5419.69092 0.745842
5422.95801 0.743711
5426.22510 0.741572
5429.49121 0.739588
5432.75781 0.737845
5436.02490 0.736296
5439.29199 0.734793
5442.55908 0.733165
5445.82520 0.731311
5449.09180 0.729255
5452.35889 0.72711
5455.62598 0.725003
5458.89404 0.723
5462.16113 0.721071
5465.42822 0.71912
5468.69482 0.717043
5471.96191 0.71479
5475.22998 0.71239
5478.49805 0.709944
5481.76514 0.707578
5485.03320 0.705384
5488.29980 0.703375
5491.56787 0.701477
5494.83594 0.699577
5498.10400 0.697552
5501.37207 0.695325
5504.64014 0.692879
5507.90820 0.690258
5511.17578 0.687552
5514.44385 0.684851
5517.71191 0.682213
5520.97998 0.679652
5524.24902 0.677144
5527.51709 0.67467
5530.78613 0.672242
5534.05420 0.669909
5537.32324 0.667736
5540.59082 0.665766
5543.85986 0.663982
5547.12793 0.662295
5550.39697 0.660555
5553.66699 0.658587
5556.93506 0.656254
5560.20410 0.653478
5563.47314 0.650264
5566.74219 0.646698
5570.01221 0.642938
5573.28076 0.639174
5576.54980 0.635591
5579.81885 0.63231
5583.08887 0.62936
5586.35791 0.626687
5589.62793 0.62419
5592.89697 0.621768
5596.16699 0.619357
5599.43701 0.616909
5602.70703 0.614376
5605.97705 0.611695
5609.24609 0.608794
5612.51611 0.605619
5615.78711 0.602159
5619.05713 0.598452
5622.32715 0.594575
5625.59717 0.590627
5628.86719 0.586707
5632.13721 0.582914
5635.40820 0.579337
5638.67822 0.576034
5641.94922 0.573023
5645.21924 0.570265
5648.49023 0.567653
5651.76123 0.565032
5655.03076 0.56224
5658.30176 0.559159
5661.57324 0.555763
5664.84424 0.552127
5668.11523 0.548389
5671.38623 0.54471
5674.65723 0.541211
5677.92920 0.537945
5681.20020 0.534888
5684.47119 0.531951
5687.74316 0.529026
5691.01416 0.526026
5694.28613 0.522923
5697.55713 0.519742
5700.82910 0.516529
5704.10107 0.513316
5707.37207 0.510101
5710.64404 0.506854
5713.91602 0.503523
5717.18799 0.500055
5720.45996 0.496396
5723.73193 0.492508
5727.00391 0.488383
5730.27588 0.484065
5733.54785 0.479654
5736.82080 0.475286
5740.09277 0.471091
5743.36621 0.467157
5746.63818 0.463496
5749.91113 0.460047
5753.18408 0.456704
5756.45605 0.453336
5759.72900 0.449832
5763.00195 0.446119
5766.27490 0.442175
5769.54785 0.438034
5772.82080 0.433781
5776.09424 0.429528
5779.36719 0.425385
5782.64111 0.421433
5785.91406 0.417703
5789.18701 0.414179
5792.45996 0.410815
5795.73389 0.407558
5799.00781 0.404379
5802.28076 0.401257
5805.55518 0.398178
5808.82910 0.395118
5812.10303 0.392024
5815.37598 0.388834
5818.64990 0.385496
5821.92383 0.381973
5825.19824 0.378258
5828.47217 0.374383
5831.74707 0.370411
5835.02100 0.366423
5838.29492 0.362486
5841.56885 0.358628
5844.84424 0.354835
5848.11914 0.351073
5851.39307 0.347323
5854.66797 0.343597
5857.94189 0.339937
5861.21680 0.336394
5864.49219 0.333005
5867.76709 0.329767
5871.04199 0.326631
5874.31689 0.323512
5877.59180 0.320317
5880.86816 0.316978
5884.14307 0.313478
5887.41797 0.309847
5890.69287 0.306148
5893.96924 0.302451
5897.24414 0.29881
5900.52002 0.29525
5903.79590 0.291761
5907.07080 0.288308
5910.34717 0.284855
5913.62305 0.281388
5916.89893 0.277926
5920.17480 0.274521
5923.45117 0.271237
5926.72705 0.268128
5930.00293 0.265215
5933.27881 0.262476
5936.55615 0.259843
5939.83203 0.257221
5943.10791 0.254518
5946.38477 0.251669
5949.66211 0.248659
5952.93799 0.245514
5956.21484 0.242291
5959.49219 0.239062
5962.76904 0.235891
5966.04492 0.232823
5969.32324 0.22987
5972.60010 0.227011
5975.87695 0.224196
5979.15381 0.221364
5982.43115 0.218462
5985.70801 0.21546
5988.98584 0.212356
5992.26318 0.209168
5995.54102 0.20592
5998.81787 0.202639
6002.09619 0.199351
6005.37402 0.196079
6008.65186 0.192851
6011.93018 0.189691
6015.20801 0.186616
6018.48486 0.183633
6021.76416 0.180728
6025.04199 0.177886
6028.31982 0.17509
6031.59814 0.172342
6034.87598 0.169654
6038.15479 0.167044
6041.43408 0.164516
6044.71191 0.162054
6047.99121 0.159629
6051.27002 0.157217
6054.54785 0.154806
6057.82715 0.152407
6061.10596 0.150041
6064.38477 0.14773
6067.66406 0.145487
6070.94287 0.143308
6074.22217 0.141172
6077.50098 0.139045
6080.78076 0.136893
6084.06006 0.134694
6087.33887 0.13245
6090.61914 0.13019
6093.89795 0.127959
6097.17822 0.125806
6100.45801 0.123756
6103.73779 0.121803
6107.01807 0.119917
6110.29785 0.118056
6113.57812 0.116192
6116.85693 0.114306
6120.13818 0.112384
6123.41797 0.110408
6126.69824 0.108367
6129.97900 0.106259
6133.25879 0.104103
6136.54004 0.101931
6139.81982 0.099775
6143.10107 0.097655
6146.38086 0.095588
6149.66309 0.093592
6152.94287 0.091693
6156.22412 0.089923
6159.50488 0.088309
6162.78613 0.086857
6166.06689 0.08555
6169.34912 0.08434
6172.62988 0.083159
6175.91113 0.081941
6179.19189 0.080636
6182.47412 0.079224
6185.75586 0.077714
6189.03711 0.076125
6192.31885 0.074484
6195.60107 0.07281
6198.88281 0.07112
6202.16504 0.069445
6205.44678 0.067826
6208.72900 0.066312
6212.01123 0.064943
6215.29297 0.063735
6218.57520 0.062679
6221.85693 0.061743
6225.14014 0.060885
6228.42188 0.060052
6231.70508 0.059192
6234.98779 0.05826
6238.27100 0.05723
6241.55322 0.056099
6244.83594 0.054886
6248.11914 0.053627
6251.40186 0.052364
6254.68506 0.051142
6257.96777 0.049996
6261.25098 0.048944
6264.53516 0.047975
6267.81787 0.047057
6271.10205 0.046152
6274.38477 0.045227
6277.66797 0.044277
6280.95215 0.043318
6284.23584 0.04238
6287.52002 0.041487
6290.80420 0.040645
6294.08691 0.039834
6297.37207 0.039023
6300.65576 0.038184
6303.93994 0.037306
6307.22412 0.036402
6310.50781 0.035495
6313.79297 0.034612
6317.07715 0.033769
6320.36182 0.032973
6323.64600 0.032221
6326.93115 0.031506
6330.21582 0.030816
6333.50000 0.030138
6336.78613 0.02946
6340.06982 0.028774
6343.35498 0.028084
6346.64111 0.027405
6349.92578 0.026758
6353.21094 0.026162
6356.49707 0.025625
6359.78223 0.025142
6363.06689 0.024696
6366.35303 0.024261
6369.63916 0.023815
6372.92383 0.023338
6376.20996 0.022823
6379.49609 0.022275
6382.78223 0.021707
6386.06787 0.021136
6389.35400 0.02057
6392.64014 0.020015
6395.92578 0.01947
6399.21191 0.018941
6402.49902 0.018436
6405.78613 0.017968
6409.07178 0.017544
6412.35791 0.017163
6415.64600 0.016816
6418.93213 0.016489
6422.21924 0.016169
6425.50586 0.015848
6428.79297 0.01552
6432.08008 0.01519
6435.36719 0.014863
6438.65381 0.014545
6441.94092 0.014244
6445.22900 0.013967
6448.51611 0.013715
6451.80420 0.01349
6455.09082 0.013283
6458.37891 0.013082
6461.66699 0.012876
6464.95508 0.012651
6468.24316 0.012407
6471.53076 0.012147
6474.81787 0.011884
6478.10693 0.011629
6481.39502 0.01139
6484.68311 0.011167
6487.97217 0.010952
6491.25977 0.010738
6494.54785 0.010518
6497.83691 0.010292
6501.12500 0.010063
6504.41504 0.009832
6507.70312 0.009592
6510.99219 0.009331
6514.28076 0.009038
6517.56982 0.008711
6520.85889 0.008361
6524.14795 0.008006
6527.43799 0.007671
6530.72705 0.007375
6534.01709 0.00713
6537.30615 0.006934
6540.59619 0.006776
6543.88477 0.006642
6547.17480 0.006521
6550.46484 0.006408
6553.75488 0.006297
6557.04395 0.006183
6560.33398 0.006058
6563.62500 0.005913
6566.91504 0.005747
6570.20605 0.005571
6573.49609 0.005405
6576.78613 0.00527
6580.07715 0.005177
6583.36719 0.005124
6586.65820 0.005094
6589.94922 0.005063
6593.23877 0.005007
6596.52979 0.004908
6599.82080 0.004762
6603.11182 0.004577
6606.40283 0.004375
6609.69482 0.004183
6612.98584 0.00403
7274.28467 0.0
