threeML/data/optical_filters/CAHA/CAHA-f_586_21.ecsv
# %ECSV 0.9
# ---
# datatype:
# - {name: wavelength, unit: Angstrom, datatype: float32}
# - {name: response, datatype: float32}
# meta: !!omap
# - {band_name: f_586_21}
# - {group_name: CAHA}
wavelength response
5032.53027 0.0
5591.70020 0.006608
5591.95996 0.005085
5592.22021 0.003754
5592.47998 0.004036
5592.74023 0.003831
5593.00000 0.003669
5593.25977 0.003524
5593.52002 0.003663
5593.77979 0.003546
5594.04004 0.003953
5594.29980 0.003801
5594.56982 0.00372
5594.83008 0.00374
5595.08984 0.003724
5595.35010 0.003731
5595.60986 0.003869
5595.87012 0.004051
5596.12988 0.003678
5596.39014 0.003751
5596.64990 0.003985
5596.91016 0.004042
5597.16992 0.003897
5597.43018 0.003894
5597.68994 0.004036
5597.95020 0.003998
5598.20996 0.004136
5598.47998 0.003808
5598.74023 0.004142
5599.00000 0.003875
5599.25977 0.0042
5599.52002 0.004149
5599.77979 0.004033
5600.04004 0.003899
5600.29980 0.004197
5600.56006 0.004071
5600.81982 0.003955
5601.08008 0.004223
5601.33984 0.0042
5601.60010 0.00408
5601.85986 0.004245
5602.12988 0.004304
5602.39014 0.004156
5602.64990 0.004165
5602.91016 0.004182
5603.16992 0.004079
5603.43018 0.004126
5603.68994 0.004283
5603.95020 0.004296
5604.20996 0.00424
5604.47021 0.004205
5604.72998 0.004139
5604.99023 0.004217
5605.25000 0.004506
5605.50977 0.004317
5605.77979 0.004423
5606.04004 0.00443
5606.29980 0.004538
5606.56006 0.004397
5606.81982 0.004536
5607.08008 0.004405
5607.33984 0.004662
5607.60010 0.004496
5607.85986 0.004503
5608.12012 0.004574
5608.37988 0.004483
5608.64014 0.004589
5608.89990 0.004529
5609.16016 0.00461
5609.43018 0.004786
5609.68994 0.004742
5609.95020 0.005184
5610.20996 0.004954
5610.47021 0.004801
5610.72998 0.004668
5610.99023 0.004609
5611.25000 0.00492
5611.50977 0.004927
5611.77002 0.004869
5612.02979 0.005001
5612.29004 0.004904
5612.54980 0.005199
5612.81006 0.004969
5613.06982 0.004814
5613.33984 0.004997
5613.60010 0.005119
5613.85986 0.005203
5614.12012 0.005117
5614.37988 0.005121
5614.64014 0.005285
5614.89990 0.00494
5615.16016 0.00528
5615.41992 0.00524
5615.68018 0.005399
5615.93994 0.005392
5616.20020 0.00518
5616.45996 0.005392
5616.72021 0.005471
5616.99023 0.00543
5617.25000 0.00562
5617.50977 0.005365
5617.77002 0.005639
5618.02979 0.005531
5618.29004 0.005716
5618.54980 0.005883
5618.81006 0.005757
5619.06982 0.005827
5619.33008 0.005462
5619.58984 0.005768
5619.85010 0.005646
5620.10986 0.005969
5620.37012 0.005828
5620.64014 0.005924
5620.89990 0.00605
5621.16016 0.006097
5621.41992 0.006167
5621.68018 0.006264
5621.93994 0.006325
5622.20020 0.006165
5622.45996 0.006033
5622.72021 0.006327
5622.97998 0.0063
5623.24023 0.006396
5623.50000 0.006597
5623.75977 0.00654
5624.02002 0.006424
5624.29004 0.006381
5624.54980 0.00639
5624.81006 0.006599
5625.06982 0.006562
5625.33008 0.006677
5625.58984 0.006676
5625.85010 0.007018
5626.10986 0.006888
5626.37012 0.007138
5626.62988 0.007158
5626.89014 0.00722
5627.14990 0.00729
5627.41016 0.007014
5627.66992 0.007267
5627.93018 0.007137
5628.20020 0.007459
5628.45996 0.007191
5628.72021 0.007559
5628.97998 0.007597
5629.24023 0.007737
5629.50000 0.007718
5629.75977 0.0077
5630.02002 0.00798
5630.27979 0.00769
5630.54004 0.007958
5630.79980 0.007927
5631.06006 0.008133
5631.31982 0.008121
5631.58008 0.008065
5631.85010 0.00802
5632.10986 0.008059
5632.37012 0.008346
5632.62988 0.008369
5632.89014 0.008316
5633.14990 0.008581
5633.41016 0.008583
5633.66992 0.008747
5633.93018 0.008676
5634.18994 0.008686
5634.45020 0.008672
5634.70996 0.009006
5634.97021 0.009048
5635.22998 0.008911
5635.50000 0.008897
5635.75977 0.009025
5636.02002 0.009229
5636.27979 0.009285
5636.54004 0.009343
5636.79980 0.009567
5637.06006 0.009152
5637.31982 0.009714
5637.58008 0.009661
5637.83984 0.009556
5638.10010 0.009573
5638.35986 0.009973
5638.62012 0.009911
5638.87988 0.009808
5639.14990 0.009952
5639.41016 0.010139
5639.66992 0.010205
5639.93018 0.009794
5640.18994 0.010185
5640.45020 0.010263
5640.70996 0.010264
5640.97021 0.010454
5641.22998 0.010562
5641.49023 0.010603
5641.75000 0.010886
5642.00977 0.010407
5642.27002 0.01071
5642.52979 0.010842
5642.79004 0.011104
5643.06006 0.010886
5643.31982 0.010934
5643.58008 0.010795
5643.83984 0.011392
5644.10010 0.011169
5644.35986 0.011411
5644.62012 0.011524
5644.87988 0.011324
5645.14014 0.011381
5645.39990 0.011319
5645.66016 0.01155
5645.91992 0.011765
5646.18018 0.011609
5646.43994 0.011973
5646.70996 0.011706
5646.97021 0.011745
5647.22998 0.011713
5647.49023 0.011979
5647.75000 0.012171
5648.00977 0.012091
5648.27002 0.012409
5648.52979 0.012324
5648.79004 0.012276
5649.04980 0.012332
5649.31006 0.012404
5649.56982 0.012544
5649.83008 0.012878
5650.08984 0.012557
5650.35010 0.012619
5650.62012 0.01259
5650.87988 0.012786
5651.14014 0.012891
5651.39990 0.013191
5651.66016 0.012984
5651.91992 0.013
5652.18018 0.01322
5652.43994 0.013118
5652.70020 0.013492
5652.95996 0.013259
5653.22021 0.013711
5653.47998 0.01346
5653.74023 0.013713
5654.00000 0.013637
5654.27002 0.013645
5654.52979 0.013522
5654.79004 0.013765
5655.04980 0.013821
5655.31006 0.014478
5655.56982 0.014058
5655.83008 0.014091
5656.08984 0.014251
5656.35010 0.01429
5656.60986 0.014551
5656.87012 0.014626
5657.12988 0.014682
5657.39014 0.014921
5657.64990 0.014677
5657.91992 0.01476
5658.18018 0.015267
5658.43994 0.015298
5658.70020 0.015035
5658.95996 0.014693
5659.22021 0.015343
5659.47998 0.015409
5659.74023 0.015323
5660.00000 0.015609
5660.25977 0.015792
5660.52002 0.015919
5660.77979 0.015748
5661.04004 0.015773
5661.29980 0.015968
5661.56006 0.016114
5661.83008 0.016153
5662.08984 0.016432
5662.35010 0.016261
5662.60986 0.01656
5662.87012 0.016162
5663.12988 0.01646
5663.39014 0.01639
5663.64990 0.016684
5663.91016 0.017133
5664.16992 0.016893
5664.43018 0.017157
5664.68994 0.017426
5664.95020 0.017225
5665.20996 0.017287
5665.47998 0.017488
5665.74023 0.017616
5666.00000 0.018
5666.25977 0.017778
5666.52002 0.018251
5666.77979 0.018397
5667.04004 0.018281
5667.29980 0.018592
5667.56006 0.018358
5667.81982 0.018643
5668.08008 0.019119
5668.33984 0.018937
5668.60010 0.018832
5668.85986 0.019096
5669.12988 0.019429
5669.39014 0.019343
5669.64990 0.019411
5669.91016 0.019593
5670.16992 0.01987
5670.43018 0.019846
5670.68994 0.019995
5670.95020 0.02038
5671.20996 0.020637
5671.47021 0.020468
5671.72998 0.020763
5671.99023 0.021267
5672.25000 0.021321
5672.50977 0.021595
5672.77979 0.02141
5673.04004 0.0217
5673.29980 0.021752
5673.56006 0.021848
5673.81982 0.022067
5674.08008 0.022299
5674.33984 0.022574
5674.60010 0.02249
5674.85986 0.022697
5675.12012 0.023232
5675.37988 0.023455
5675.64014 0.023269
5675.89990 0.023388
5676.16016 0.0241
5676.41992 0.024039
5676.68994 0.024082
5676.95020 0.02431
5677.20996 0.024373
5677.47021 0.024683
5677.72998 0.024747
5677.99023 0.025553
5678.25000 0.025271
5678.50977 0.025644
5678.77002 0.025625
5679.02979 0.025526
5679.29004 0.0265
5679.54980 0.026511
5679.81006 0.026905
5680.06982 0.026948
5680.33984 0.027566
5680.60010 0.027688
5680.85986 0.028142
5681.12012 0.027892
5681.37988 0.028488
5681.64014 0.028538
5681.89990 0.028908
5682.16016 0.029426
5682.41992 0.029298
5682.68018 0.029511
5682.93994 0.029489
5683.20020 0.030604
5683.45996 0.030915
5683.72021 0.030969
5683.99023 0.031137
5684.25000 0.031001
5684.50977 0.031686
5684.77002 0.031316
5685.02979 0.031805
5685.29004 0.033201
5685.54980 0.03291
5685.81006 0.033007
5686.06982 0.033147
5686.33008 0.033915
5686.58984 0.034088
5686.85010 0.034532
5687.10986 0.034794
5687.37012 0.035492
5687.64014 0.0355
5687.89990 0.035654
5688.16016 0.035778
5688.41992 0.036914
5688.68018 0.036594
5688.93994 0.036706
5689.20020 0.037074
5689.45996 0.037855
5689.72021 0.037209
5689.97998 0.038034
5690.24023 0.038635
5690.50000 0.039102
5690.75977 0.039672
5691.02002 0.039789
5691.27979 0.04046
5691.54980 0.040674
5691.81006 0.041188
5692.06982 0.041356
5692.33008 0.041345
5692.58984 0.042379
5692.85010 0.042426
5693.10986 0.042372
5693.37012 0.04347
5693.62988 0.043361
5693.89014 0.044072
5694.14990 0.043896
5694.41016 0.044588
5694.66992 0.044513
5694.93018 0.046041
5695.20020 0.046437
5695.45996 0.046357
5695.72021 0.046499
5695.97998 0.046868
5696.24023 0.04754
5696.50000 0.047962
5696.75977 0.048238
5697.02002 0.0485
5697.27979 0.04875
5697.54004 0.049347
5697.79980 0.050199
5698.06006 0.050069
5698.31982 0.051297
5698.58008 0.051376
5698.85010 0.05161
5699.10986 0.05209
5699.37012 0.052554
5699.62988 0.053087
5699.89014 0.053099
5700.14990 0.054122
5700.41016 0.054543
5700.66992 0.054802
5700.93018 0.05451
5701.18994 0.055401
5701.45020 0.055612
5701.70996 0.056
5701.97021 0.056087
5702.22998 0.057104
5702.50000 0.0576
5702.75977 0.057746
5703.02002 0.058454
5703.27979 0.059021
5703.54004 0.059376
5703.79980 0.059797
5704.06006 0.06034
5704.31982 0.061229
5704.58008 0.061244
5704.83984 0.061562
5705.10010 0.062374
5705.35986 0.061999
5705.62012 0.0637
5705.87988 0.063368
5706.14990 0.0645
5706.41016 0.06421
5706.66992 0.064723
5706.93018 0.065492
5707.18994 0.065847
5707.45020 0.066444
5707.70996 0.067917
5707.97021 0.067418
5708.22998 0.068361
5708.49023 0.068418
5708.75000 0.069213
5709.00977 0.069686
5709.27002 0.070445
5709.52979 0.070962
5709.79004 0.071
5710.06006 0.071972
5710.31982 0.072487
5710.58008 0.073518
5710.83984 0.074181
5711.10010 0.073854
5711.35986 0.074964
5711.62012 0.075359
5711.87988 0.075939
5712.14014 0.07674
5712.39990 0.077344
5712.66016 0.077862
5712.91992 0.078316
5713.18018 0.079096
5713.43994 0.079715
5713.70996 0.080429
5713.97021 0.081312
5714.22998 0.081324
5714.49023 0.082648
5714.75000 0.083182
5715.00977 0.083027
5715.27002 0.084156
5715.52979 0.085755
5715.79004 0.085984
5716.04980 0.08631
5716.31006 0.088094
5716.56982 0.088261
5716.83008 0.088928
5717.08984 0.09003
5717.35010 0.090187
5717.62012 0.090727
5717.87988 0.092121
5718.14014 0.092462
5718.39990 0.094025
5718.66016 0.094008
5718.91992 0.095782
5719.18018 0.095543
5719.43994 0.095534
5719.70020 0.097044
5719.95996 0.097848
5720.22021 0.099028
5720.47998 0.100505
5720.74023 0.101565
5721.00000 0.102299
5721.27002 0.103113
5721.52979 0.1033
5721.79004 0.105109
5722.04980 0.105767
5722.31006 0.106231
5722.56982 0.10793
5722.83008 0.108446
5723.08984 0.109617
5723.35010 0.109988
5723.60986 0.112375
5723.87012 0.111738
5724.12988 0.113534
5724.39014 0.11496
5724.64990 0.115194
5724.91992 0.116683
5725.18018 0.118497
5725.43994 0.119392
5725.70020 0.1203
5725.95996 0.122171
5726.22021 0.122333
5726.47998 0.123244
5726.74023 0.126041
5727.00000 0.124876
5727.25977 0.127171
5727.52002 0.127774
5727.77979 0.12975
5728.04004 0.130353
5728.29980 0.132557
5728.56006 0.132871
5728.83008 0.134275
5729.08984 0.136415
5729.35010 0.137742
5729.60986 0.139293
5729.87012 0.14117
5730.12988 0.141438
5730.39014 0.142785
5730.64990 0.14353
5730.91016 0.146461
5731.16992 0.147011
5731.43018 0.149256
5731.68994 0.15085
5731.95020 0.15136
5732.20996 0.152992
5732.47998 0.155362
5732.74023 0.155351
5733.00000 0.159478
5733.25977 0.16011
5733.52002 0.161944
5733.77979 0.163145
5734.04004 0.164642
5734.29980 0.167443
5734.56006 0.168282
5734.81982 0.170592
5735.08008 0.172231
5735.33984 0.173187
5735.60010 0.174249
5735.85986 0.176974
5736.12988 0.180229
5736.39014 0.181413
5736.64990 0.183476
5736.91016 0.183815
5737.16992 0.187008
5737.43018 0.189372
5737.68994 0.191423
5737.95020 0.192401
5738.20996 0.194168
5738.47021 0.196284
5738.72998 0.19863
5738.99023 0.200967
5739.25000 0.201725
5739.50977 0.203831
5739.77002 0.206582
5740.04004 0.208209
5740.29980 0.210284
5740.56006 0.212979
5740.81982 0.21247
5741.08008 0.215895
5741.33984 0.218986
5741.60010 0.22034
5741.85986 0.22197
5742.12012 0.224558
5742.37988 0.225778
5742.64014 0.228798
5742.89990 0.231365
5743.16016 0.231617
5743.41992 0.235294
5743.68994 0.238504
5743.95020 0.239036
5744.20996 0.241701
5744.47021 0.244792
5744.72998 0.247518
5744.99023 0.247725
5745.25000 0.249686
5745.50977 0.252785
5745.77002 0.255488
5746.02979 0.25679
5746.29004 0.26021
5746.54980 0.261429
5746.81006 0.261852
5747.06982 0.266802
5747.33984 0.267938
5747.60010 0.26952
5747.85986 0.271975
5748.12012 0.274878
5748.37988 0.276118
5748.64014 0.277425
5748.89990 0.280494
5749.16016 0.284249
5749.41992 0.285884
5749.68018 0.287971
5749.93994 0.28883
5750.20020 0.291012
5750.45996 0.295188
5750.72021 0.297182
5750.99023 0.29849
5751.25000 0.299919
5751.50977 0.304239
5751.77002 0.304852
5752.02979 0.30607
5752.29004 0.30862
5752.54980 0.311645
5752.81006 0.314105
5753.06982 0.316037
5753.33008 0.317773
5753.58984 0.319717
5753.85010 0.322021
5754.10986 0.323613
5754.37012 0.324612
5754.62988 0.329439
5754.89990 0.331694
5755.16016 0.333092
5755.41992 0.334711
5755.68018 0.338285
5755.93994 0.33971
5756.20020 0.342904
5756.45996 0.343262
5756.72021 0.347714
5756.97998 0.348715
5757.24023 0.352412
5757.50000 0.352368
5757.75977 0.355841
5758.02002 0.357321
5758.27979 0.360191
5758.54980 0.362268
5758.81006 0.365824
5759.06982 0.366347
5759.33008 0.368362
5759.58984 0.370189
5759.85010 0.373477
5760.10986 0.375214
5760.37012 0.377583
5760.62988 0.382413
5760.89014 0.380884
5761.14990 0.386405
5761.41016 0.386552
5761.66992 0.387572
5761.93018 0.389543
5762.20020 0.393441
5762.45996 0.393103
5762.72021 0.396781
5762.97998 0.400861
5763.24023 0.402174
5763.50000 0.404459
5763.75977 0.407453
5764.02002 0.407132
5764.27979 0.410051
5764.54004 0.414615
5764.79980 0.41695
5765.06006 0.418341
5765.31982 0.418163
5765.58008 0.421702
5765.85010 0.422803
5766.10986 0.426218
5766.37012 0.429568
5766.62988 0.430575
5766.89014 0.432728
5767.14990 0.434503
5767.41016 0.437303
5767.66992 0.440113
5767.93018 0.441258
5768.18994 0.442903
5768.45020 0.447111
5768.70996 0.447325
5768.97021 0.449082
5769.22998 0.452477
5769.50000 0.45386
5769.75977 0.45883
5770.02002 0.458169
5770.27979 0.460941
5770.54004 0.463053
5770.79980 0.466462
5771.06006 0.467304
5771.31982 0.47143
5771.58008 0.472779
5771.83984 0.475475
5772.10010 0.476665
5772.35986 0.478629
5772.62012 0.482202
5772.87988 0.48398
5773.14014 0.486968
5773.41016 0.489081
5773.66992 0.490648
5773.93018 0.492862
5774.18994 0.497153
5774.45020 0.498503
5774.70996 0.499137
5774.97021 0.504171
5775.22998 0.505831
5775.49023 0.50675
5775.75000 0.509057
5776.00977 0.512295
5776.27002 0.51186
5776.52979 0.515676
5776.79004 0.517127
5777.06006 0.519203
5777.31982 0.522759
5777.58008 0.52473
5777.83984 0.527428
5778.10010 0.527894
5778.35986 0.531125
5778.62012 0.533133
5778.87988 0.532072
5779.14014 0.537029
5779.39990 0.540154
5779.66016 0.542681
5779.91992 0.543621
5780.18018 0.544575
5780.43994 0.550034
5780.70996 0.547427
5780.97021 0.551536
5781.22998 0.556823
5781.49023 0.556323
5781.75000 0.557596
5782.00977 0.558723
5782.27002 0.562129
5782.52979 0.565399
5782.79004 0.567739
5783.04980 0.565422
5783.31006 0.568472
5783.56982 0.574029
5783.83008 0.576832
5784.08984 0.576637
5784.35010 0.575071
5784.62012 0.580348
5784.87988 0.581229
5785.14014 0.583133
5785.39990 0.584691
5785.66016 0.584717
5785.91992 0.585171
5786.18018 0.587046
5786.43994 0.591597
5786.70020 0.590864
5786.95996 0.591503
5787.22021 0.593219
5787.47998 0.599753
5787.74023 0.594947
5788.00000 0.598159
5788.27002 0.599713
5788.52979 0.601337
5788.79004 0.60337
5789.04980 0.603732
5789.31006 0.607643
5789.56982 0.606591
5789.83008 0.608564
5790.08984 0.606545
5790.35010 0.60866
5790.60986 0.610795
5790.87012 0.610181
5791.12988 0.611328
5791.39014 0.614285
5791.64990 0.616527
5791.91992 0.61565
5792.18018 0.614474
5792.43994 0.616371
5792.70020 0.617644
5792.95996 0.615473
5793.22021 0.61917
5793.47998 0.619763
5793.74023 0.621202
5794.00000 0.619103
5794.25977 0.621563
5794.52002 0.623428
5794.77979 0.623627
5795.04004 0.624124
5795.29980 0.622638
5795.56006 0.62456
5795.83008 0.623418
5796.08984 0.626855
5796.35010 0.624228
5796.60986 0.625887
5796.87012 0.625289
5797.12988 0.62732
5797.39014 0.628102
5797.64990 0.627632
5797.91016 0.628027
5798.16992 0.626462
5798.43018 0.625892
5798.68994 0.626771
5798.95020 0.628904
5799.20996 0.628724
5799.47998 0.628464
5799.74023 0.627534
5800.00000 0.630617
5800.25977 0.629744
5800.52002 0.63018
5800.77979 0.630262
5801.04004 0.630191
5801.29980 0.628162
