threeML/data/optical_filters/CAHA/CAHA-f_480_10_2.ecsv
# %ECSV 0.9
# ---
# datatype:
# - {name: wavelength, unit: Angstrom, datatype: float32}
# - {name: response, datatype: float32}
# meta: !!omap
# - {band_name: f_480_10_2}
# - {group_name: CAHA}
wavelength response
4224.97510 0.0
4694.41699 0.004104
4694.67578 0.004282
4694.93506 0.004414
4695.19287 0.004499
4695.45215 0.004538
4695.71094 0.004549
4695.97021 0.004557
4696.22900 0.004594
4696.48779 0.004685
4696.74707 0.004834
4697.00488 0.005028
4697.26416 0.005239
4697.52295 0.005443
4697.78223 0.00562
4698.04102 0.005765
4698.29883 0.005882
4698.55908 0.005976
4698.81689 0.006047
4699.07617 0.00609
4699.33496 0.006096
4699.59424 0.006066
4699.85303 0.006019
4700.11084 0.00598
4700.37109 0.005979
4700.62891 0.006031
4700.88818 0.006136
4701.14697 0.006277
4701.40576 0.006427
4701.66504 0.006559
4701.92383 0.006656
4702.18311 0.00671
4702.44092 0.006728
4702.70020 0.006718
4702.95898 0.006694
4703.21777 0.006666
4703.47705 0.006643
4703.73584 0.006633
4703.99512 0.006642
4704.25293 0.006669
4704.51221 0.006709
4704.77100 0.006756
4705.02979 0.006807
4705.28906 0.006867
4705.54785 0.006946
4705.80713 0.007054
4706.06592 0.007186
4706.32520 0.007331
4706.58301 0.007473
4706.84180 0.007602
4707.10205 0.007723
4707.35986 0.007853
4707.61914 0.008
4707.87793 0.008164
4708.13721 0.008332
4708.39600 0.008485
4708.65479 0.008603
4708.91406 0.008676
4709.17285 0.008702
4709.43213 0.00869
4709.68994 0.008662
4709.94922 0.008644
4710.20801 0.008666
4710.46680 0.008747
4710.72607 0.008893
4710.98486 0.009094
4711.24414 0.009325
4711.50293 0.009562
4711.76221 0.009793
4712.02100 0.010019
4712.27979 0.010255
4712.53906 0.010524
4712.79688 0.010839
4713.05713 0.011198
4713.31494 0.011576
4713.57422 0.011934
4713.83301 0.012235
4714.09180 0.01246
4714.35107 0.012613
4714.60986 0.01272
4714.86914 0.01281
4715.12793 0.012911
4715.38721 0.013038
4715.64600 0.013201
4715.90479 0.013408
4716.16406 0.013669
4716.42285 0.013991
4716.68213 0.014374
4716.93994 0.014802
4717.20020 0.015248
4717.45801 0.015681
4717.71680 0.016079
4717.97705 0.016431
4718.23486 0.01674
4718.49512 0.017019
4718.75293 0.017283
4719.01221 0.017545
4719.27100 0.017815
4719.52979 0.018094
4719.78906 0.01838
4720.04785 0.018672
4720.30713 0.018977
4720.56592 0.019306
4720.82520 0.019675
4721.08398 0.020098
4721.34277 0.020585
4721.60205 0.021132
4721.86084 0.021725
4722.12012 0.022332
4722.37891 0.022915
4722.63818 0.02344
4722.89697 0.023886
4723.15576 0.024256
4723.41504 0.024579
4723.67383 0.024893
4723.93311 0.025239
4724.19189 0.025643
4724.45117 0.026115
4724.70996 0.026653
4724.96924 0.027245
4725.22803 0.027884
4725.48682 0.028559
4725.74609 0.02926
4726.00488 0.029976
4726.26416 0.030697
4726.52295 0.031414
4726.78223 0.032122
4727.04102 0.032818
4727.29980 0.033509
4727.55908 0.034206
4727.81787 0.034929
4728.07715 0.035694
4728.33594 0.036508
4728.59521 0.037366
4728.85400 0.038254
4729.11279 0.039155
4729.37207 0.040054
4729.63086 0.040946
4729.89014 0.041834
4730.14893 0.042728
4730.40820 0.043637
4730.66699 0.044564
4730.92578 0.045508
4731.18604 0.04647
4731.44385 0.047457
4731.70410 0.04848
4731.96191 0.049553
4732.22217 0.050686
4732.47998 0.051877
4732.74023 0.053113
4732.99902 0.054379
4733.25781 0.05566
4733.51709 0.056953
4733.77588 0.058266
4734.03516 0.05961
4734.29395 0.060989
4734.55322 0.062401
4734.81201 0.063839
4735.07080 0.065302
4735.33008 0.066805
4735.58887 0.068373
4735.84814 0.070039
4736.10693 0.071818
4736.36621 0.073702
4736.62500 0.075663
4736.88379 0.077662
4737.14404 0.079671
4737.40186 0.081675
4737.66211 0.083682
4737.92090 0.085707
4738.18018 0.087769
4738.43896 0.089884
4738.69824 0.092057
4738.95703 0.094289
4739.21582 0.096574
4739.47510 0.098895
4739.73389 0.101236
4739.99316 0.103579
4740.25195 0.105924
4740.51123 0.108281
4740.77100 0.110682
4741.02979 0.113167
4741.28906 0.115772
4741.54785 0.118522
4741.80713 0.121419
4742.06592 0.124448
4742.32520 0.12758
4742.58398 0.130785
4742.84277 0.134043
4743.10303 0.137348
4743.36084 0.140704
4743.62109 0.144113
4743.87988 0.147569
4744.13916 0.151054
4744.39795 0.154557
4744.65723 0.158083
4744.91602 0.161654
4745.17480 0.165303
4745.43506 0.169055
4745.69287 0.172914
4745.95312 0.176867
4746.21191 0.180895
4746.47119 0.184991
4746.72998 0.189169
4746.98877 0.193457
4747.24805 0.19788
4747.50684 0.202449
4747.76709 0.207148
4748.02490 0.21195
4748.28516 0.216824
4748.54395 0.22174
4748.80322 0.226663
4749.06201 0.231562
4749.32080 0.236406
4749.58008 0.241188
4749.83887 0.245926
4750.09912 0.250667
4750.35791 0.255467
4750.61719 0.260369
4750.87598 0.265392
4751.13477 0.270527
4751.39502 0.275747
4751.65283 0.281023
4751.91309 0.286339
4752.17188 0.291693
4752.43115 0.297088
4752.68994 0.302535
4752.94922 0.308042
4753.20801 0.313622
4753.46680 0.319282
4753.72705 0.325016
4753.98584 0.330802
4754.24512 0.336598
4754.50391 0.342357
4754.76318 0.348041
4755.02197 0.353634
4755.28223 0.359136
4755.54102 0.364559
4755.79980 0.369915
4756.05908 0.375201
4756.31787 0.380406
4756.57812 0.385519
4756.83594 0.390549
4757.09619 0.395535
4757.35498 0.400541
4757.61377 0.405633
4757.87402 0.410854
4758.13184 0.416202
4758.39209 0.421631
4758.65088 0.427073
4758.91016 0.432456
4759.16895 0.437724
4759.42920 0.442839
4759.68799 0.447769
4759.94678 0.452489
4760.20605 0.456983
4760.46484 0.461253
4760.72510 0.465333
4760.98389 0.469276
4761.24316 0.473135
4761.50195 0.476943
4761.76123 0.480709
4762.02100 0.484422
4762.27979 0.488067
4762.53906 0.491633
4762.79785 0.495114
4763.05713 0.498515
4763.31592 0.501845
4763.57617 0.505116
4763.83496 0.508338
4764.09424 0.511507
4764.35400 0.514607
4764.61279 0.517616
4764.87207 0.520516
4765.13086 0.523299
4765.39014 0.525958
4765.64893 0.528495
4765.90918 0.530906
4766.16797 0.533191
4766.42676 0.535348
4766.68701 0.537381
4766.94580 0.539292
4767.20508 0.541082
4767.46387 0.542753
4767.72314 0.544315
4767.98193 0.545789
4768.24219 0.547209
4768.50098 0.548621
4768.75977 0.55007
4769.02002 0.551588
4769.27881 0.553184
4769.53809 0.554834
4769.79688 0.55649
4770.05713 0.55809
4770.31592 0.559588
4770.57520 0.560963
4770.83398 0.562224
4771.09277 0.563403
4771.35303 0.564525
4771.61182 0.565594
4771.87109 0.56659
4772.12988 0.567481
4772.39014 0.56825
4772.64893 0.56891
4772.90820 0.569508
4773.16699 0.570104
4773.42676 0.57075
4773.68604 0.571469
4773.94482 0.572252
4774.20508 0.573069
4774.46387 0.573885
4774.72314 0.574663
4774.98193 0.575372
4775.24219 0.575989
4775.50098 0.576495
4775.75977 0.576887
4776.02002 0.57717
4776.27881 0.577362
4776.53809 0.577494
4776.79688 0.577598
4777.05713 0.577718
4777.31592 0.577895
4777.57520 0.578162
4777.83398 0.578539
4778.09424 0.579018
4778.35303 0.579566
4778.61182 0.58013
4778.87207 0.580652
4779.13086 0.581085
4779.39014 0.581407
4779.64893 0.58163
4779.90918 0.581784
4780.16797 0.581915
4780.42676 0.582072
4780.68701 0.582291
4780.94580 0.582579
4781.20605 0.58291
4781.46484 0.583227
4781.72412 0.583479
4781.98291 0.58364
4782.24316 0.583733
4782.50195 0.583801
4782.76123 0.583889
4783.02100 0.58402
4783.27979 0.584188
4783.53906 0.584365
4783.79785 0.584522
4784.05811 0.584632
4784.31689 0.584703
4784.57715 0.584768
4784.83594 0.584878
4785.09521 0.585077
4785.35400 0.585372
4785.61377 0.58573
4785.87305 0.586093
4786.13184 0.586411
4786.39209 0.586665
4786.65088 0.586883
4786.91113 0.587118
4787.16992 0.587419
4787.42920 0.587811
4787.68799 0.588277
4787.94824 0.588761
4788.20703 0.58919
4788.46680 0.589491
4788.72607 0.589622
4788.98486 0.589589
4789.24512 0.589437
4789.50391 0.589232
4789.76318 0.589039
4790.02295 0.588897
4790.28223 0.588824
4790.54199 0.588813
4790.80078 0.588841
4791.06006 0.588883
4791.31885 0.588912
4791.57910 0.58891
4791.83789 0.58888
4792.09814 0.588851
4792.35693 0.588865
4792.61621 0.588964
4792.87598 0.589161
4793.13477 0.589433
4793.39502 0.589734
4793.65381 0.590019
4793.91309 0.590262
4794.17285 0.590448
4794.43213 0.590556
4794.69092 0.590562
4794.95117 0.590447
4795.20996 0.590214
4795.47021 0.589894
4795.72900 0.589533
4795.98779 0.589171
4796.24805 0.588836
4796.50684 0.588541
4796.76709 0.588283
4797.02588 0.588052
4797.28516 0.587832
4797.54492 0.587611
4797.80420 0.587389
4798.06299 0.58718
4798.32324 0.587017
4798.58301 0.586927
4798.84180 0.586923
4799.10107 0.586987
4799.35986 0.58709
4799.62012 0.58719
4799.87891 0.587258
4800.13916 0.587268
4800.39795 0.587203
4800.65820 0.587045
4800.91699 0.586787
4801.17578 0.586438
4801.43604 0.586033
4801.69482 0.585623
4801.95508 0.585255
4802.21387 0.58496
4802.47412 0.584743
4802.73291 0.584584
4802.99219 0.584444
4803.25195 0.584282
4803.51123 0.584063
4803.77100 0.583772
4804.02979 0.583414
4804.29004 0.58301
4804.54883 0.582583
4804.80908 0.582158
4805.06787 0.581757
4805.32715 0.581403
4805.58691 0.581111
4805.84619 0.580886
4806.10498 0.580707
4806.36523 0.580526
4806.62500 0.580276
4806.88379 0.579899
4807.14404 0.579373
4807.40283 0.578729
4807.66211 0.578034
4807.92188 0.577364
4808.18115 0.576769
4808.44092 0.576256
4808.70020 0.575804
4808.95898 0.575383
4809.21924 0.574982
4809.47900 0.574614
4809.73779 0.574305
4809.99805 0.574075
4810.25684 0.573914
4810.51709 0.573785
4810.77588 0.573635
4811.03516 0.573419
4811.29492 0.573115
4811.55420 0.572725
4811.81396 0.572282
4812.07324 0.571832
4812.33301 0.571433
4812.59180 0.571133
4812.85205 0.570956
4813.11084 0.570879
4813.37109 0.570838
4813.62988 0.570741
4813.89014 0.570508
4814.14893 0.570108
4814.40918 0.569576
4814.66797 0.569005
4814.92822 0.568505
4815.18701 0.568166
4815.44678 0.568033
4815.70605 0.568097
4815.96582 0.568311
4816.22510 0.56861
4816.48389 0.568926
4816.74414 0.569207
4817.00293 0.569422
4817.26318 0.569555
4817.52197 0.569598
4817.78223 0.569535
4818.04199 0.569354
4818.30078 0.569051
4818.56104 0.568646
4818.81982 0.568182
4819.08008 0.567718
4819.33887 0.567305
4819.59912 0.566971
4819.85791 0.566716
4820.11816 0.566527
4820.37695 0.566394
4820.63721 0.566319
4820.89600 0.566307
4821.15576 0.566352
4821.41602 0.566428
4821.67480 0.566494
4821.93506 0.566505
4822.19385 0.566433
4822.45410 0.566266
4822.71289 0.566025
4822.97314 0.565751
4823.23193 0.565496
4823.49219 0.565299
4823.75098 0.565174
4824.01123 0.5651
4824.27100 0.565032
4824.52979 0.564918
4824.79004 0.564725
4825.04883 0.56445
4825.30908 0.564123
4825.56787 0.563784
4825.82812 0.563472
4826.08691 0.563199
4826.34717 0.562953
4826.60596 0.562713
4826.86621 0.562459
4827.12500 0.56219
4827.38477 0.56191
4827.64502 0.561619
4827.90381 0.561288
4828.16406 0.560876
4828.42285 0.560334
4828.68311 0.559634
4828.94189 0.55878
4829.20215 0.557804
4829.46094 0.556757
4829.72119 0.555698
4829.97998 0.554673
4830.24023 0.55371
4830.50000 0.552806
4830.75879 0.55194
4831.01904 0.551079
4831.27783 0.550199
4831.53809 0.549273
4831.79785 0.548277
4832.05713 0.547182
4832.31689 0.545961
4832.57715 0.544601
4832.83594 0.543114
4833.09619 0.541527
4833.35498 0.539864
4833.61523 0.53814
4833.87500 0.536343
4834.13379 0.534456
4834.39404 0.532461
4834.65283 0.530345
4834.91309 0.5281
4835.17188 0.525719
4835.43213 0.523201
4835.69189 0.52055
4835.95117 0.51778
4836.21094 0.514898
4836.47119 0.511908
4836.72998 0.508803
4836.99023 0.505574
4837.25000 0.502221
4837.50879 0.498759
4837.76904 0.495218
4838.02783 0.491633
4838.28809 0.488034
4838.54688 0.484433
4838.80713 0.48081
4839.06689 0.477121
4839.32617 0.473312
4839.58594 0.469343
4839.84619 0.465216
4840.10498 0.46097
4840.36523 0.456657
4840.62500 0.452316
4840.88379 0.447952
4841.14404 0.443534
4841.40283 0.439023
4841.66309 0.434385
4841.92285 0.429608
4842.18213 0.424702
4842.44189 0.419694
4842.70215 0.414608
4842.96094 0.409461
4843.22119 0.404261
4843.47998 0.399016
4843.74023 0.393732
4844.00000 0.388428
4844.25977 0.383121
4844.51904 0.377817
4844.77881 0.372514
4845.03906 0.367192
4845.29785 0.361835
4845.55811 0.35643
4845.81689 0.350977
4846.07715 0.345486
4846.33691 0.339969
4846.59717 0.334436
4846.85596 0.328894
4847.11621 0.323354
4847.37500 0.31783
4847.63477 0.31234
4847.89502 0.306907
4848.15479 0.301547
4848.41406 0.296267
4848.67383 0.291071
4848.93408 0.285952
4849.19287 0.280899
4849.45312 0.275896
4849.71191 0.270923
4849.97217 0.265968
4850.23193 0.261026
4850.49219 0.256107
4850.75098 0.251223
4851.01123 0.24639
4851.27100 0.241614
4851.52979 0.236893
4851.79004 0.232216
4852.04980 0.227577
4852.31006 0.222971
4852.56885 0.2184
4852.82910 0.213865
4853.08887 0.209366
4853.34814 0.2049
4853.60791 0.200467
4853.86816 0.196074
4854.12695 0.191734
4854.38721 0.187466
4854.64697 0.183293
4854.90723 0.179236
4855.16699 0.175312
4855.42578 0.171525
4855.68604 0.167866
4855.94482 0.16432
4856.20508 0.160868
4856.46484 0.1575
4856.72510 0.154206
4856.98389 0.150981
4857.24414 0.147818
4857.50391 0.144708
4857.76416 0.141644
4858.02295 0.138623
4858.28320 0.135648
4858.54297 0.132721
4858.80322 0.129843
4859.06201 0.127006
4859.32178 0.124202
4859.58203 0.121422
4859.84082 0.118671
4860.10107 0.115963
4860.36084 0.113319
4860.62109 0.110754
4860.87988 0.108275
4861.14014 0.10588
4861.39990 0.103555
4861.66016 0.101282
4861.91895 0.099047
4862.17920 0.096846
4862.43896 0.094688
4862.69922 0.092593
4862.95801 0.090572
4863.21777 0.088623
4863.47803 0.086724
4863.73779 0.084843
4863.99805 0.082952
4864.25684 0.081042
4864.51709 0.07913
4864.77686 0.077245
4865.03711 0.075427
4865.29590 0.073703
4865.55615 0.072087
4865.81592 0.070569
4866.07617 0.069125
4866.33496 0.067721
4866.59521 0.066329
4866.85498 0.064935
4867.11523 0.063535
4867.37500 0.062136
4867.63379 0.060747
4867.89404 0.059374
4868.15381 0.058028
4868.41406 0.056716
4868.67285 0.055448
4868.93311 0.054233
4869.19287 0.053069
4869.45312 0.051948
4869.71191 0.050854
4869.97314 0.049771
4870.23193 0.048694
4870.49219 0.04763
4870.75195 0.046596
4871.01221 0.045607
4871.27100 0.04467
4871.53076 0.04378
4871.79102 0.042927
4872.05078 0.042096
4872.31104 0.041273
4872.56982 0.040442
4872.83008 0.039595
4873.08984 0.038731
4873.35010 0.037865
4873.60986 0.037023
4873.87012 0.03623
4874.12891 0.0355
4874.38916 0.034827
4874.64893 0.03419
4874.90918 0.033566
4875.16797 0.032938
4875.42822 0.032305
4875.68799 0.031674
4875.94824 0.031055
4876.20801 0.030451
4876.46777 0.029858
4876.72803 0.029268
4876.98682 0.028673
4877.24707 0.028069
4877.50684 0.027456
4877.76709 0.026841
4878.02686 0.026232
4878.28711 0.025641
4878.54590 0.025074
4878.80615 0.024536
4879.06592 0.024031
4879.32617 0.023556
4879.58594 0.023109
4879.84619 0.022679
4880.10498 0.022258
4880.36523 0.021841
4880.62500 0.021432
4880.88477 0.02104
4881.14502 0.020675
4881.40479 0.020338
4881.66504 0.020017
4881.92383 0.019694
4882.18506 0.019352
4882.44385 0.018982
4882.70410 0.018591
4882.96387 0.0182
4883.22412 0.017831
4883.48389 0.017502
4883.74414 0.017216
4884.00293 0.016963
4884.26318 0.016722
4884.52295 0.016474
4884.78320 0.016206
4885.04297 0.015917
4885.30322 0.01562
4885.56299 0.015333
4885.82324 0.015072
4886.08301 0.014844
4886.34180 0.01464
4886.60303 0.014442
4886.86182 0.014229
4887.12207 0.013987
4887.38184 0.013707
4887.64209 0.013399
4887.90186 0.013076
4888.16211 0.012761
4888.42090 0.012468
4888.68213 0.012202
4888.94092 0.011961
4889.20117 0.011734
4889.46094 0.011514
4889.72119 0.011301
4889.98096 0.011098
4890.24121 0.010909
4890.50098 0.010735
4890.76123 0.010578
4891.02100 0.010437
4891.27979 0.010315
4891.54102 0.010212
4891.79980 0.010125
4892.06006 0.010045
4892.31982 0.009958
4892.58008 0.009849
4892.83984 0.009711
4893.10010 0.009542
4893.35986 0.009348
4893.62012 0.009144
4893.87988 0.008941
4894.14014 0.008753
4894.39893 0.008587
4894.66016 0.008442
4894.91895 0.008314
4895.17920 0.008193
4895.43896 0.00807
4895.69922 0.00794
4895.95898 0.007804
4896.21924 0.007664
4896.47900 0.007531
4896.73877 0.00741
4896.99902 0.007306
4897.25879 0.007216
4897.51904 0.007132
4897.77881 0.007044
4898.03906 0.006949
4898.29883 0.006846
4898.55908 0.006743
4898.81885 0.006645
4899.07910 0.006555
4899.33789 0.006465
4899.59912 0.006362
4899.85791 0.006237
4900.11816 0.006092
4900.37793 0.005939
4900.63818 0.005798
4900.89795 0.005684
4901.15820 0.005603
4901.41797 0.005546
4901.67822 0.005502
4901.93799 0.005458
4902.19824 0.005405
4902.45801 0.00534
4902.71777 0.005264
4902.97803 0.005179
4903.23779 0.00509
4903.49805 0.005003
4903.75781 0.004924
4904.01807 0.004866
4904.27783 0.004837
4904.53809 0.00484
4904.79785 0.00487
4905.05811 0.004911
4905.31787 0.004946
4905.57812 0.004957
4905.83789 0.004936
4906.09814 0.004883
4906.35791 0.004802
4906.61816 0.004704
4906.87793 0.004598
4907.13818 0.004494
4907.39795 0.004399
4907.65820 0.00432
4907.91797 0.004257
4908.17822 0.004208
4908.43799 0.004164
4908.69824 0.004117
4908.95801 0.004067
4909.21777 0.004017
5400.13965 0.0
