threeML/data/optical_filters/CAHA/CAHA-f_590_13.ecsv
# %ECSV 0.9
# ---
# datatype:
# - {name: wavelength, unit: Angstrom, datatype: float32}
# - {name: response, datatype: float32}
# meta: !!omap
# - {band_name: f_590_13}
# - {group_name: CAHA}
wavelength response
[from data line 805]
5941.81982 0.772702
5942.08008 0.775338
5942.33984 0.769741
5942.60010 0.770342
5942.85986 0.767035
5943.12012 0.765774
5943.37988 0.761454
5943.64014 0.758974
5943.89990 0.76067
5944.16016 0.754227
5944.41992 0.753487
5944.68994 0.747309
5944.95020 0.744787
5945.20996 0.740807
5945.47021 0.741667
5945.72998 0.740464
5945.99023 0.733126
5946.25000 0.730826
5946.50977 0.730068
5946.77002 0.725018
5947.02979 0.721043
5947.29004 0.717877
5947.54980 0.713752
5947.81006 0.713154
5948.06982 0.707755
5948.33008 0.701468
5948.60010 0.700331
5948.85986 0.693203
5949.12012 0.687249
5949.37988 0.685319
5949.64014 0.680279
5949.89990 0.677842
5950.16016 0.672864
5950.41992 0.668011
5950.68018 0.663669
5950.93994 0.657256
5951.20020 0.651608
5951.45996 0.647534
5951.72021 0.641315
5951.97998 0.639811
5952.25000 0.632051
5952.50977 0.628741
5952.77002 0.623486
5953.02979 0.617234
5953.29004 0.611252
5953.54980 0.606191
5953.81006 0.60261
5954.06982 0.597302
5954.33008 0.588502
5954.58984 0.586116
5954.85010 0.58016
5955.10986 0.572116
5955.37012 0.568159
5955.62988 0.561704
5955.89990 0.556766
5956.16016 0.552518
5956.41992 0.546106
5956.68018 0.54037
5956.93994 0.532424
5957.20020 0.52632
5957.45996 0.521357
5957.72021 0.515278
5957.97998 0.512047
5958.24023 0.504677
5958.50000 0.498529
5958.75977 0.491203
5959.02002 0.485569
5959.27979 0.479616
5959.54980 0.474062
5959.81006 0.469851
5960.06982 0.461121
5960.33008 0.456432
5960.58984 0.448571
5960.85010 0.446296
5961.10986 0.438781
5961.37012 0.431244
5961.62988 0.426167
5961.89014 0.420983
5962.14990 0.418365
5962.41016 0.411581
5962.66992 0.404949
5962.93018 0.39786
5963.18994 0.393341
5963.45996 0.38864
5963.72021 0.381206
5963.97998 0.377579
5964.24023 0.373056
5964.50000 0.367761
5964.75977 0.361716
5965.02002 0.355657
5965.27979 0.349876
5965.54004 0.346474
5965.79980 0.339683
5966.06006 0.335428
5966.31982 0.332053
5966.58008 0.326523
5966.83984 0.320373
5967.10986 0.314144
5967.37012 0.311732
5967.62988 0.306599
5967.89014 0.303408
5968.14990 0.297604
5968.41016 0.29188
5968.66992 0.286678
5968.93018 0.283416
5969.18994 0.278157
5969.45020 0.27588
5969.70996 0.270288
5969.97021 0.264378
5970.22998 0.261025
5970.49023 0.257069
5970.75977 0.255263
5971.02002 0.249007
5971.27979 0.245492
5971.54004 0.242124
5971.79980 0.237695
5972.06006 0.2358
5972.31982 0.230445
5972.58008 0.226395
5972.83984 0.222644
5973.10010 0.220459
5973.35986 0.215457
5973.62012 0.213097
5973.87988 0.210082
5974.14014 0.205938
5974.41016 0.202063
5974.66992 0.198587
5974.93018 0.195632
5975.18994 0.193063
5975.45020 0.189797
5975.70996 0.186945
5975.97021 0.183911
5976.22998 0.181042
5976.49023 0.17782
5976.75000 0.174785
5977.00977 0.171206
5977.27002 0.169639
5977.52979 0.165878
5977.79004 0.163489
5978.04980 0.161693
5978.31982 0.157591
5978.58008 0.15614
5978.83984 0.152797
5979.10010 0.150861
5979.35986 0.148391
5979.62012 0.146617
5979.87988 0.143708
5980.14014 0.141873
5980.39990 0.140051
5980.66016 0.137553
5980.91992 0.135085
5981.18018 0.132325
5981.43994 0.130734
5981.70020 0.12866
5981.97021 0.126494
5982.22998 0.124798
5982.49023 0.121735
5982.75000 0.120027
5983.00977 0.118267
5983.27002 0.115913
5983.52979 0.114534
5983.79004 0.113085
5984.04980 0.11107
5984.31006 0.110258
5984.56982 0.107926
5984.83008 0.106613
5985.08984 0.103276
5985.35010 0.102562
5985.62012 0.102004
5985.87988 0.099559
5986.14014 0.097439
5986.39990 0.095752
5986.66016 0.095313
5986.91992 0.093353
5987.18018 0.091713
5987.43994 0.091022
5987.70020 0.089614
5987.95996 0.088196
5988.22021 0.085997
5988.47998 0.085406
5988.74023 0.083535
5989.00000 0.082345
5989.27002 0.081876
5989.52979 0.080438
5989.79004 0.079295
5990.04980 0.078787
5990.31006 0.076618
5990.56982 0.074985
5990.83008 0.074937
5991.08984 0.073825
5991.35010 0.071568
5991.60986 0.071492
5991.87012 0.070094
5992.12988 0.069557
5992.39014 0.068211
5992.64990 0.067531
5992.91992 0.066693
5993.18018 0.064716
5993.43994 0.06392
5993.70020 0.063457
5993.95996 0.062075
5994.22021 0.062116
5994.47998 0.060934
5994.74023 0.059875
5995.00000 0.059073
5995.25977 0.057373
5995.52002 0.056857
5995.77979 0.056481
5996.04004 0.05586
5996.29980 0.054207
5996.56006 0.05409
5996.83008 0.053575
5997.08984 0.052774
5997.35010 0.051942
5997.60986 0.050912
5997.87012 0.050612
5998.12988 0.049848
5998.39014 0.048546
5998.64990 0.048248
5998.91016 0.047024
5999.16992 0.046208
5999.43018 0.046777
5999.68994 0.046053
5999.95020 0.044726
6000.20996 0.044188
6000.47998 0.043871
6000.74023 0.042871
6001.00000 0.042546
6001.25977 0.042211
6001.52002 0.041302
6001.77979 0.040131
6002.04004 0.040657
6002.29980 0.039755
6002.56006 0.039423
6002.81982 0.038189
6003.08008 0.038001
6003.33984 0.037293
6003.60010 0.036925
6003.85986 0.036853
6004.12012 0.035908
6004.39014 0.036054
6004.64990 0.035524
6004.91016 0.034693
6005.16992 0.034404
6005.43018 0.03408
6005.68994 0.03343
6005.95020 0.033078
6006.20996 0.032158
6006.47021 0.031778
6006.72998 0.031607
6006.99023 0.031678
6007.25000 0.031184
6007.50977 0.030791
6007.77002 0.030371
6008.04004 0.0296
6008.29980 0.029513
6008.56006 0.028921
6008.81982 0.02873
6009.08008 0.028171
6009.33984 0.027567
6009.60010 0.02768
6009.85986 0.027471
6010.12012 0.026965
6010.37988 0.026597
6010.64014 0.026389
6010.89990 0.025894
6011.16016 0.025677
6011.41992 0.025368
6011.68994 0.024935
6011.95020 0.024671
6012.20996 0.024302
6012.47021 0.023833
6012.72998 0.023709
6012.99023 0.023826
6013.25000 0.023352
6013.50977 0.02324
6013.77002 0.022762
6014.02979 0.022521
6014.29004 0.022285
6014.54980 0.021646
6014.81006 0.021653
6015.06982 0.021354
6015.33008 0.021331
6015.60010 0.020583
6015.85986 0.020623
6016.12012 0.020492
6016.37988 0.020085
6016.64014 0.019871
6016.89990 0.019855
6017.16016 0.018912
6017.41992 0.01957
6017.68018 0.01855
6017.93994 0.018402
6018.20020 0.018483
6018.45996 0.018218
6018.72021 0.01807
6018.97998 0.018069
6019.25000 0.017544
6019.50977 0.01737
6019.77002 0.017279
6020.02979 0.017222
6020.29004 0.017421
6020.54980 0.016965
6020.81006 0.016558
6021.06982 0.016418
6021.33008 0.016223
6021.58984 0.01588
6021.85010 0.015559
6022.10986 0.015713
6022.37012 0.015438
6022.62988 0.015283
6022.89990 0.015097
6023.16016 0.01494
6023.41992 0.014935
6023.68018 0.014765
6023.93994 0.014441
6024.20020 0.014457
6024.45996 0.01421
6024.72021 0.013892
6024.97998 0.013991
6025.24023 0.013639
6025.50000 0.01347
6025.75977 0.013635
6026.02002 0.01316
6026.27979 0.013011
6026.54004 0.013198
6026.81006 0.012922
6027.06982 0.012583
6027.33008 0.012717
6027.58984 0.012568
6027.85010 0.012275
6028.10986 0.012466
6028.37012 0.011958
6028.62988 0.012139
6028.89014 0.011937
6029.14990 0.011721
6029.41016 0.011383
6029.66992 0.011418
6029.93018 0.011505
6030.18994 0.011461
6030.45996 0.01106
6030.72021 0.011289
6030.97998 0.010613
6031.24023 0.010783
6031.50000 0.010761
6031.75977 0.010835
6032.02002 0.010438
6032.27979 0.010336
6032.54004 0.010729
6032.79980 0.010301
6033.06006 0.010266
6033.31982 0.009805
6033.58008 0.009874
6033.83984 0.010065
6034.10986 0.009734
6034.37012 0.009489
6034.62988 0.009458
6034.89014 0.009163
6035.14990 0.009274
6035.41016 0.009252
6035.66992 0.009047
6035.93018 0.009189
6036.18994 0.009126
6036.45020 0.008943
6036.70996 0.0088
6036.97021 0.008684
6037.22998 0.008705
6037.49023 0.008686
6037.75977 0.008481
6038.02002 0.008538
6038.27979 0.008329
6038.54004 0.007898
6038.79980 0.008366
6039.06006 0.0083
6039.31982 0.007921
6039.58008 0.008269
6039.83984 0.007763
6040.10010 0.007938
6040.35986 0.007698
6040.62012 0.007585
6040.87988 0.007838
6041.14014 0.007787
6041.39990 0.007429
6041.66992 0.007615
6041.93018 0.007413
6042.18994 0.007353
6042.45020 0.007201
6042.70996 0.007188
6042.97021 0.006887
6043.22998 0.007073
6043.49023 0.007151
6043.75000 0.006854
6044.00977 0.006687
6044.27002 0.006811
6044.52979 0.006757
6044.79004 0.006571
6045.04980 0.006624
6045.31982 0.006683
6045.58008 0.006348
6045.83984 0.00649
6046.10010 0.006273
6046.35986 0.006376
6046.62012 0.006154
6046.87988 0.006114
6047.14014 0.00617
6047.39990 0.006224
6047.66016 0.00619
6047.91992 0.006065
6048.18018 0.006027
6048.43994 0.006031
6048.70020 0.005944
6048.97021 0.005781
6049.22998 0.005559
6049.49023 0.005721
6049.75000 0.005745
6050.00977 0.005686
6050.27002 0.005569
6050.52979 0.00559
6050.79004 0.005258
6051.04980 0.005454
6051.31006 0.005006
6051.56982 0.005199
6051.83008 0.005074
6052.08984 0.005181
6052.35010 0.005344
6052.62012 0.005029
6052.87988 0.005218
6053.14014 0.005228
6053.39990 0.004874
6053.66016 0.00504
6053.91992 0.00505
6054.18018 0.004958
6054.43994 0.004798
6054.70020 0.004741
6054.95996 0.004789
6055.22021 0.004666
6055.47998 0.004641
6055.74023 0.004813
6056.00000 0.004995
6056.27002 0.004698
6056.52979 0.00454
6056.79004 0.004401
6057.04980 0.0042
6057.31006 0.004374
6057.56982 0.004439
6057.83008 0.004116
6058.08984 0.004312
6058.35010 0.00411
6058.60986 0.004156
6058.87012 0.004217
6059.12988 0.004364
6059.39014 0.004177
6059.64990 0.004135
6059.91016 0.004104
6060.18018 0.004235
6060.43994 0.004046
6060.70020 0.004366
6060.95996 0.004041
6061.22021 0.004097
6667.34229 0.0
