threeML/data/optical_filters/CAHA/CAHA-f_530_35.ecsv
# %ECSV 0.9
# ---
# datatype:
# - {name: wavelength, unit: Angstrom, datatype: float32}
# - {name: response, datatype: float32}
# meta: !!omap
# - {band_name: f_530_35}
# - {group_name: CAHA}
wavelength response
4242.36816 0.0
4713.74219 0.004048
4716.99609 0.0041
4720.25000 0.004153
4723.50391 0.004205
4726.75781 0.004257
4730.01221 0.00431
4733.26611 0.004362
4736.52002 0.004415
4739.77393 0.004467
4743.02881 0.00452
4746.28320 0.004572
4749.53809 0.004625
4752.79199 0.004677
4756.04688 0.00473
4759.30078 0.004782
4762.55615 0.004835
4765.81104 0.004887
4769.06592 0.004939
4772.32080 0.004992
4775.57617 0.005044
4778.83105 0.005097
4782.08496 0.005149
4785.34082 0.005202
4788.59619 0.005254
4791.85107 0.005307
4795.10596 0.005359
4798.36182 0.005412
4801.61719 0.005464
4804.87305 0.005517
4808.12793 0.005569
4811.38281 0.005622
4814.63916 0.005674
4817.89502 0.005726
4821.14990 0.005779
4824.40576 0.005831
4827.66211 0.005884
4830.91797 0.005936
4834.17383 0.005989
4837.43018 0.006041
4840.68604 0.006094
4843.94189 0.006146
4847.19922 0.006199
4850.45508 0.006251
4853.71094 0.006304
4856.96680 0.006356
4860.22412 0.006408
4863.47998 0.006461
4866.73682 0.006513
4869.99414 0.006566
4873.25000 0.006618
4876.50684 0.006671
4879.76416 0.006725
4883.02100 0.006781
4886.27783 0.006845
4889.53516 0.006922
4892.79199 0.007016
4896.04883 0.007116
4899.30615 0.0072
4902.56299 0.007238
4905.81982 0.007216
4909.07812 0.00715
4912.33496 0.007085
4915.59277 0.007082
4918.85010 0.007187
4922.10791 0.007409
4925.36621 0.007706
4928.62305 0.008001
4931.88086 0.008214
4935.13916 0.008285
4938.39600 0.008199
4941.65479 0.007983
4944.91309 0.007702
4948.17090 0.007437
4951.42920 0.007266
4954.68701 0.007241
4957.94482 0.007375
4961.20410 0.007634
4964.46191 0.007959
4967.72119 0.008272
4970.97900 0.008486
4974.23779 0.008545
4977.49609 0.008468
4980.75488 0.008332
4984.01416 0.00822
4987.27197 0.008182
4990.53076 0.008239
4993.79102 0.008392
4997.04883 0.008619
5000.30908 0.008869
5003.56689 0.009079
5006.82715 0.00922
5010.08594 0.009319
5013.34521 0.009427
5016.60400 0.00958
5019.86377 0.009782
5023.12402 0.010041
5026.38281 0.010367
5029.64307 0.010761
5032.90186 0.011194
5036.16211 0.011634
5039.42188 0.012082
5042.68213 0.012579
5045.94189 0.013181
5049.20215 0.013931
5052.46191 0.014849
5055.72217 0.015962
5058.98193 0.017324
5062.24316 0.019017
5065.50293 0.021136
5068.76318 0.023778
5072.02393 0.02705
5075.28418 0.031071
5078.54492 0.035991
5081.80615 0.042021
5085.06592 0.049488
5088.32715 0.058873
5091.58789 0.070824
5094.84912 0.086129
5098.10986 0.105649
5101.37109 0.130233
5104.63184 0.160646
5107.89307 0.197481
5111.15381 0.240953
5114.41602 0.290577
5117.67676 0.344883
5120.93799 0.401348
5124.20020 0.45668
5127.46094 0.507382
5130.72314 0.550443
5133.98389 0.583867
5137.24609 0.606865
5140.50781 0.619799
5143.77002 0.624054
5147.03223 0.621809
5150.29395 0.615592
5153.55615 0.607727
5156.81787 0.599907
5160.08008 0.59309
5163.34180 0.587665
5166.60498 0.583701
5169.86719 0.58116
5173.12988 0.580008
5176.39209 0.580256
5179.65479 0.58197
5182.91699 0.58525
5186.18018 0.590149
5189.44287 0.596524
5192.70605 0.603954
5195.96924 0.611805
5199.23193 0.619431
5202.49512 0.626432
5205.75781 0.632825
5209.02100 0.638952
5212.28418 0.645132
5215.54785 0.65135
5218.81104 0.65727
5222.07422 0.662502
5225.33789 0.666786
5228.60205 0.670017
5231.86523 0.672224
5235.12891 0.673585
5238.39307 0.674367
5241.65723 0.674769
5244.91992 0.674837
5248.18506 0.67454
5251.44922 0.673919
5254.71191 0.673138
5257.97705 0.672404
5261.24121 0.671846
5264.50488 0.671478
5267.77002 0.671234
5271.03418 0.670984
5274.29883 0.67056
5277.56299 0.669804
5280.82812 0.668629
5284.09277 0.66704
5287.35693 0.665091
5290.62305 0.662798
5293.88721 0.66009
5297.15186 0.656841
5300.41699 0.652958
5303.68311 0.648404
5306.94824 0.643153
5310.21289 0.637163
5313.47900 0.630454
5316.74414 0.623215
5320.00879 0.61582
5323.27490 0.608649
5326.54102 0.60191
5329.80615 0.595608
5333.07178 0.589655
5336.33691 0.583947
5339.60400 0.578389
5342.87012 0.572954
5346.13477 0.567782
5349.40088 0.563226
5352.66699 0.559762
5355.93408 0.55775
5359.20020 0.557228
5362.46680 0.557873
5365.73291 0.559185
5369.00000 0.560739
5372.26611 0.562328
5375.53320 0.563976
5378.79883 0.565856
5382.06592 0.568177
5385.33301 0.571035
5388.60010 0.574287
5391.86719 0.577548
5395.13379 0.580313
5398.40088 0.582148
5401.66797 0.582879
5404.93604 0.582682
5408.20312 0.581983
5411.47119 0.581142
5414.73779 0.580156
5418.00488 0.578636
5421.27295 0.576084
5424.54102 0.572214
5427.80908 0.567061
5431.07715 0.560868
5434.34424 0.5539
5437.61182 0.546264
5440.87988 0.537787
5444.14795 0.527982
5447.41699 0.516137
5450.68506 0.501526
5453.95312 0.48364
5457.22217 0.462334
5460.49023 0.437815
5463.75879 0.410537
5467.02686 0.38109
5470.29590 0.350145
5473.56494 0.318393
5476.83398 0.286494
5480.10303 0.255071
5483.37207 0.224747
5486.64111 0.196141
5489.91016 0.169812
5493.17920 0.146161
5496.44824 0.125363
5499.71680 0.107367
5502.98682 0.091944
5506.25586 0.078784
5509.52588 0.067575
5512.79492 0.058058
5516.06494 0.050028
5519.33496 0.043306
5522.60498 0.037707
5525.87500 0.033028
5529.14502 0.029084
5532.41504 0.025738
5535.68506 0.022898
5538.95508 0.020495
5542.22607 0.018471
5545.49609 0.016768
5548.76611 0.015322
5552.03711 0.014068
5555.30811 0.012948
5558.57812 0.011937
5561.84912 0.011043
5565.12012 0.010292
5568.39014 0.009698
5571.66113 0.009238
5574.93213 0.008859
5578.20312 0.008498
5581.47510 0.008118
5584.74609 0.007725
5588.01709 0.007352
5591.28906 0.007023
5594.56006 0.006742
5597.83203 0.006496
5601.10303 0.006288
5604.37500 0.006145
5607.64600 0.006101
5610.91797 0.006151
5614.18994 0.006247
5617.46191 0.00632
5620.73389 0.006318
5624.00586 0.006214
5627.27783 0.006019
5630.55078 0.005785
5633.82324 0.005584
5637.09619 0.005466
5640.36816 0.005438
5643.64111 0.00547
5646.91309 0.005523
5650.18604 0.005563
5653.45801 0.005571
5656.73096 0.005542
5660.00391 0.005492
5663.27686 0.005448
5666.55078 0.005423
5669.82422 0.005407
5673.09717 0.005376
5676.37012 0.005315
5679.64404 0.005231
5682.91699 0.005152
5686.18994 0.005103
5689.46387 0.005094
5692.73779 0.005109
5696.01221 0.005128
5699.28613 0.005131
5702.56006 0.0051
5705.83301 0.005021
5709.10791 0.004905
5712.38184 0.004791
5715.65576 0.004723
5718.93018 0.004719
5722.20508 0.00476
5725.47900 0.004812
5728.75293 0.004848
5732.02783 0.004858
5735.30322 0.004844
5738.57812 0.004821
5741.85303 0.004806
5745.12695 0.00481
5748.40186 0.004823
5751.67676 0.004817
5754.95312 0.004764
5758.22803 0.004672
5761.50293 0.00458
5764.77783 0.004522
5768.05420 0.004487
5771.33008 0.004449
5774.60498 0.004406
5777.88086 0.004385
5781.15723 0.004404
5784.43311 0.004428
5787.70801 0.004406
5790.98389 0.004322
5794.25977 0.004205
5797.53711 0.004098
5800.81299 0.004022
6380.89453 0.0
