threeML/data/optical_filters/CAHA/CAHA-f_458_89.ecsv
# %ECSV 0.9
# ---
# datatype:
# - {name: wavelength, unit: Angstrom, datatype: float32}
# - {name: response, datatype: float32}
# meta: !!omap
# - {band_name: f_458_89}
# - {group_name: CAHA}
wavelength response
3151.45801 0.0
3501.62012 0.018538
3503.67993 0.018538
3505.73999 0.018538
3507.80005 0.018313
3509.86011 0.018836
3511.91992 0.018836
3513.97998 0.018836
3516.04004 0.018566
3518.10010 0.018836
3520.15991 0.018566
3522.21997 0.018246
3524.28003 0.017623
3526.34009 0.018246
3528.39990 0.018246
3530.45996 0.018246
3532.52002 0.018327
3534.58008 0.019222
3536.63989 0.018715
3538.69995 0.019222
3540.76001 0.019508
3542.82007 0.019508
3544.87988 0.019508
3546.93994 0.020206
3549.00000 0.020206
3551.06006 0.020433
3553.12012 0.020433
3555.17993 0.018825
3557.23999 0.018572
3559.30005 0.018825
3561.36011 0.018825
3563.41992 0.019194
3565.47998 0.019194
3567.54004 0.020296
3569.60010 0.019194
3571.65991 0.019783
3573.71997 0.019645
3575.78003 0.019645
3577.84009 0.019645
3579.89990 0.019783
3581.95996 0.021766
3584.02002 0.021766
3586.08008 0.021766
3588.13989 0.020928
3590.19995 0.020928
3592.26001 0.020928
3594.32007 0.021178
3596.37988 0.021347
3598.43994 0.021347
3600.50000 0.021178
3602.56006 0.021178
3604.62012 0.022026
3606.67993 0.022026
3608.73999 0.022026
3610.80005 0.022026
3612.86011 0.022687
3614.91992 0.021923
3616.97998 0.021923
3619.04004 0.021923
3621.10010 0.022225
3623.15991 0.022225
3625.21997 0.022225
3627.28003 0.020796
3629.34009 0.022225
3631.39990 0.020796
3633.45996 0.020796
3635.52002 0.020733
3637.58008 0.020733
3639.63989 0.020733
3641.69995 0.023451
3643.76001 0.020338
3645.82007 0.023237
3647.87988 0.023354
3649.93994 0.023237
3652.00000 0.023237
3654.06006 0.023237
3656.12012 0.023354
3658.17993 0.023115
3660.23999 0.024628
3662.30005 0.024211
3664.36011 0.024211
3666.41992 0.02362
3668.47998 0.024211
3670.54004 0.024211
3672.60010 0.024246
3674.65991 0.024274
3676.71997 0.024417
3678.78003 0.024417
3680.84009 0.025214
3682.89990 0.025214
3684.95996 0.025214
3687.02002 0.025214
3689.08008 0.024353
3691.13989 0.023918
3693.19995 0.024353
3695.26001 0.023918
3697.32007 0.023918
3699.37988 0.023918
3701.43994 0.023459
3703.50000 0.023459
3705.56006 0.023459
3707.62012 0.023459
3709.67993 0.024767
3711.73999 0.026357
3713.80005 0.026095
3715.86011 0.026095
3717.91992 0.026095
3719.97998 0.026045
3722.04004 0.025138
3724.10010 0.025096
3726.15991 0.025138
3728.21997 0.025096
3730.28003 0.025096
3732.34009 0.025524
3734.39990 0.025524
3736.45996 0.025524
3738.52002 0.025715
3740.58008 0.02723
3742.63989 0.025715
3744.69995 0.02723
3746.76001 0.02723
3748.82007 0.027418
3750.87988 0.027054
3752.93994 0.027054
3755.00000 0.027054
3757.06006 0.026774
3759.12012 0.026774
3761.17993 0.027126
3763.23999 0.02755
3765.30005 0.02755
3767.36011 0.028859
3769.41992 0.028859
3771.47998 0.029102
3773.54004 0.028859
3775.60010 0.029102
3777.65991 0.031081
3779.71997 0.031081
3781.78003 0.029358
3783.84009 0.029358
3785.89990 0.029114
3787.95996 0.029114
3790.02002 0.029114
3792.08008 0.028171
3794.13989 0.029114
3796.19995 0.029747
3798.26001 0.028171
3800.32007 0.028171
3802.37988 0.029747
3804.43994 0.030754
3806.50000 0.029276
3808.56006 0.030754
3810.62012 0.030754
3812.67993 0.029276
3814.73999 0.029276
3816.80005 0.031793
3818.86011 0.029258
3820.91992 0.029323
3822.97998 0.030621
3825.04004 0.030621
3827.10010 0.029795
3829.15991 0.030621
3831.21997 0.03144
3833.28003 0.031687
3835.34009 0.031687
3837.39990 0.031687
3839.45996 0.031687
3841.52002 0.031687
3843.58008 0.031684
3845.63989 0.031129
3847.69995 0.032792
3849.76001 0.032249
3851.82007 0.032249
3853.87988 0.032249
3855.93994 0.033489
3858.00000 0.033489
3860.06006 0.035932
3862.12012 0.033545
3864.17993 0.036038
3866.23999 0.036038
3868.30005 0.0356
3870.36011 0.033545
3872.41992 0.033032
3874.47998 0.032859
3876.54004 0.032859
3878.60010 0.032859
3880.65991 0.034425
3882.71997 0.034425
3884.78003 0.034694
3886.84009 0.03586
3888.89990 0.03586
3890.95996 0.034701
3893.02002 0.035752
3895.08008 0.035752
3897.13989 0.035752
3899.19995 0.036926
3901.26001 0.036926
3903.32007 0.036935
3905.37988 0.037995
3907.43994 0.037995
3909.50000 0.03815
3911.56006 0.038521
3913.62012 0.039654
3915.67993 0.039654
3917.73999 0.039654
3919.80005 0.039654
3921.86011 0.038755
3923.91992 0.038755
3925.97998 0.038755
3928.04004 0.039246
3930.10010 0.041251
3932.15991 0.041861
3934.21997 0.041468
3936.28003 0.041468
3938.34009 0.042706
3940.39990 0.04272
3942.45996 0.04272
3944.52002 0.04272
3946.58008 0.04272
3948.63989 0.042133
3950.69995 0.042133
3952.76001 0.042133
3954.82007 0.043436
3956.87988 0.044575
3958.93994 0.044658
3961.00000 0.044658
3963.06006 0.044658
3965.12012 0.044851
3967.17993 0.044851
3969.23999 0.044851
3971.30005 0.046403
3973.36011 0.045198
3975.41992 0.045419
3977.47998 0.045198
3979.54004 0.045419
3981.60010 0.045198
3983.65991 0.045419
3985.71997 0.046437
3987.78003 0.048171
3989.84009 0.048171
3991.89990 0.04867
3993.95996 0.050844
3996.02002 0.051284
3998.08008 0.051284
4000.13989 0.051284
4002.19995 0.051284
4004.26001 0.051694
4006.32007 0.049555
4008.37988 0.051694
4010.43994 0.051888
4012.50000 0.051694
4014.56006 0.051888
4016.62012 0.055047
4018.67993 0.055047
4020.73999 0.056851
4022.80005 0.0586
4024.86011 0.0586
4026.91992 0.059264
4028.97998 0.060748
4031.04004 0.061273
4033.10010 0.062663
4035.15991 0.064619
4037.21997 0.064619
4039.28003 0.064619
4041.34009 0.068082
4043.39990 0.068082
4045.45996 0.065188
4047.52002 0.06902
4049.58008 0.069136
4051.63989 0.072403
4053.69995 0.073095
4055.76001 0.075558
4057.82007 0.080818
4059.87988 0.081484
4061.93994 0.081523
4064.00000 0.081484
4066.06006 0.081523
4068.12012 0.083431
4070.17993 0.088465
4072.23999 0.089539
4074.30005 0.091454
4076.36011 0.091622
4078.41992 0.097805
4080.47998 0.098562
4082.54004 0.102663
4084.60010 0.102913
4086.65991 0.108358
4088.71997 0.109296
4090.78003 0.112101
4092.84009 0.113217
4094.89990 0.114511
4096.95996 0.121475
4099.02002 0.123323
4101.08008 0.127123
4103.14014 0.131511
4105.20020 0.137741
4107.25977 0.140543
4109.31982 0.146289
4111.37988 0.147862
4113.43994 0.150917
4115.50000 0.154241
4117.56006 0.162688
4119.62012 0.165007
4121.68018 0.166965
4123.74023 0.172192
4125.79980 0.181439
4127.85986 0.182052
4129.91992 0.186075
4131.97998 0.191062
4134.04004 0.197053
4136.10010 0.206993
4138.16016 0.208381
4140.22021 0.208891
4142.27979 0.221894
4144.33984 0.222872
4146.39990 0.233361
4148.45996 0.233766
4150.52002 0.237072
4152.58008 0.24374
4154.64014 0.245061
4156.70020 0.251462
4158.75977 0.256673
4160.81982 0.264168
4162.87988 0.26687
4164.93994 0.270872
4167.00000 0.278994
4169.06006 0.280057
4171.12012 0.283003
4173.18018 0.28913
4175.24023 0.293122
4177.29980 0.300567
4179.35986 0.301754
4181.41992 0.306234
4183.47998 0.31119
4185.54004 0.314299
4187.60010 0.317792
4189.66016 0.32397
4191.72021 0.328989
4193.77979 0.32941
4195.83984 0.333482
4197.89990 0.334752
4199.95996 0.343244
4202.02002 0.347365
4204.08008 0.350284
4206.14014 0.354404
4208.20020 0.356838
4210.25977 0.358482
4212.31982 0.362607
4214.37988 0.364003
4216.43994 0.36729
4218.50000 0.369065
4220.56006 0.372302
4222.62012 0.371298
4224.68018 0.37344
4226.74023 0.373741
4228.79980 0.376752
4230.85986 0.378758
4232.91992 0.382987
4234.97998 0.383127
4237.04004 0.387188
4239.10010 0.391829
4241.16016 0.392115
4243.22021 0.392373
4245.27979 0.394619
4247.33984 0.397486
4249.39990 0.399332
4251.45996 0.399591
4253.52002 0.401236
4255.58008 0.401538
4257.64014 0.403757
4259.70020 0.406119
4261.75977 0.407212
4263.81982 0.409934
4265.87988 0.409934
4267.93994 0.411641
4270.00000 0.412933
4272.06006 0.413432
4274.12012 0.413432
4276.18018 0.415687
4278.24023 0.417734
4280.29980 0.41831
4282.35986 0.419469
4284.41992 0.419469
4286.47998 0.422994
4288.54004 0.422994
4290.60010 0.423137
4292.66016 0.428021
4294.72021 0.4284
4296.77979 0.430202
4298.83984 0.430202
4300.89990 0.430202
4302.95996 0.433939
4305.02002 0.433939
4307.08008 0.435194
4309.14014 0.437238
4311.20020 0.438196
4313.25977 0.440696
4315.31982 0.442106
4317.37988 0.442845
4319.43994 0.443102
4321.50000 0.443948
4323.56006 0.444793
4325.62012 0.445255
4327.68018 0.44565
4329.74023 0.44565
4331.79980 0.447874
4333.85986 0.447874
4335.91992 0.448568
4337.97998 0.448568
4340.04004 0.452301
4342.10010 0.452301
4344.16016 0.453157
4346.22021 0.453861
4348.27979 0.456995
4350.33984 0.456995
4352.39990 0.457682
4354.45996 0.456995
4356.52002 0.456995
4358.58008 0.461871
4360.64014 0.461871
4362.70020 0.461871
4364.75977 0.461871
4366.81982 0.461871
4368.87988 0.462412
4370.93994 0.463063
4373.00000 0.463063
4375.06006 0.463323
4377.12012 0.46399
4379.18018 0.466822
4381.24023 0.466848
4383.29980 0.466992
4385.35986 0.466992
4387.41992 0.468114
4389.47998 0.469448
4391.54004 0.475268
4393.60010 0.475268
4395.66016 0.475268
4397.72021 0.474138
4399.77979 0.474138
4401.83984 0.470697
4403.89990 0.470697
4405.95996 0.47492
4408.02002 0.474953
4410.08008 0.475228
4412.14014 0.475438
4414.20020 0.478242
4416.25977 0.477364
4418.31982 0.475438
4420.37988 0.477364
4422.43994 0.478805
4424.50000 0.481408
4426.56006 0.481408
4428.62012 0.481408
4430.68018 0.482956
4432.74023 0.482956
4434.79980 0.483393
4436.85986 0.483833
4438.91992 0.484546
4440.97998 0.484546
4443.04004 0.484913
4445.10010 0.484913
4447.16016 0.484546
4449.22021 0.484913
4451.27979 0.484913
4453.33984 0.484011
4455.39990 0.484266
4457.45996 0.484966
4459.52002 0.486431
4461.58008 0.486431
4463.64014 0.487888
4465.70020 0.489039
4467.75977 0.488624
4469.81982 0.489039
4471.87988 0.489039
4473.93994 0.489039
4476.00000 0.490072
4478.06006 0.490072
4480.12012 0.489979
4482.18018 0.489979
4484.24023 0.489979
4486.29980 0.489979
4488.35986 0.490016
4490.41992 0.492375
4492.47998 0.492375
4494.54004 0.492183
4496.60010 0.49092
4498.66016 0.491291
4500.72021 0.49092
4502.77979 0.49032
4504.83984 0.489763
4506.89990 0.487053
4508.95996 0.487053
4511.02002 0.489677
4513.08008 0.489763
4515.14014 0.491784
4517.20020 0.491893
4519.25977 0.492051
4521.31982 0.492933
4523.37988 0.492051
4525.43994 0.492933
4527.50000 0.492933
4529.56006 0.492933
4531.62012 0.493535
4533.68018 0.493535
4535.74023 0.495274
4537.79980 0.494023
4539.85986 0.494023
4541.91992 0.494023
4543.97998 0.494023
4546.04004 0.492558
4548.10010 0.492558
4550.16016 0.494252
4552.22021 0.493474
4554.27979 0.494252
4556.33984 0.494252
4558.39990 0.493508
4560.45996 0.493474
4562.52002 0.493192
4564.58008 0.492404
4566.64014 0.492404
4568.70020 0.492404
4570.75977 0.492373
4572.81982 0.490829
4574.87988 0.492373
4576.93994 0.492667
4579.00000 0.492667
4581.06006 0.495236
4583.12012 0.495236
4585.18018 0.49531
4587.24023 0.495236
4589.29980 0.494437
4591.35986 0.493188
4593.41992 0.494437
4595.47998 0.493188
4597.54004 0.493188
4599.60010 0.493188
4601.66016 0.493187
4603.72021 0.493056
4605.77979 0.493056
4607.83984 0.49304
4609.89990 0.490834
4611.95996 0.489437
4614.02002 0.490834
4616.08008 0.489437
4618.14014 0.48916
4620.20020 0.489418
4622.25977 0.489418
4624.31982 0.48916
4626.37988 0.488102
4628.43994 0.487724
4630.50000 0.487581
4632.56006 0.487581
4634.62012 0.487724
4636.68018 0.487724
4638.74023 0.488017
4640.79980 0.489646
4642.85986 0.488017
4644.91992 0.486999
4646.97998 0.488017
4649.04004 0.486955
4651.10010 0.486955
4653.16016 0.486955
4655.22021 0.48425
4657.27979 0.48425
4659.33984 0.484276
4661.39990 0.484276
4663.45996 0.484276
4665.52002 0.484276
4667.58008 0.481912
4669.64014 0.47894
4671.70020 0.47894
4673.75977 0.47889
4675.81982 0.478264
4677.87988 0.478264
4679.93994 0.47834
4682.00000 0.47834
4684.06006 0.478395
4686.12012 0.478395
4688.18018 0.47834
4690.24023 0.478266
4692.29980 0.473362
4694.35986 0.471945
4696.41992 0.471945
4698.47998 0.471945
4700.54004 0.470653
4702.60010 0.468527
4704.66016 0.467663
4706.72021 0.4675
4708.77979 0.4675
4710.83984 0.464203
4712.89990 0.464137
4714.95996 0.463913
4717.02002 0.462563
4719.08008 0.46222
4721.14014 0.461205
4723.20020 0.461205
4725.25977 0.460833
4727.31982 0.458392
4729.37988 0.45761
4731.43994 0.45755
4733.50000 0.456706
4735.56006 0.455869
4737.62012 0.455557
4739.68018 0.455166
4741.74023 0.451766
4743.79980 0.450655
4745.85986 0.449906
4747.91992 0.448376
4749.97998 0.447266
4752.04004 0.445045
4754.10010 0.444995
4756.16016 0.443444
4758.22021 0.442528
4760.27979 0.442528
4762.33984 0.442244
4764.39990 0.442244
4766.45996 0.438028
4768.52002 0.434177
4770.58008 0.434135
4772.64014 0.434135
4774.70020 0.433841
4776.75977 0.433471
4778.81982 0.433209
4780.87988 0.432991
4782.93994 0.428863
4785.00000 0.427303
4787.06006 0.424977
4789.12012 0.424977
4791.18018 0.424791
4793.24023 0.42318
4795.29980 0.419502
4797.35986 0.418146
4799.41992 0.416376
4801.47998 0.416297
4803.54004 0.415439
4805.60010 0.413341
4807.66016 0.412478
4809.72021 0.412448
4811.77979 0.409999
4813.83984 0.408674
4815.89990 0.406249
4817.95996 0.405708
4820.02002 0.403934
4822.08008 0.402415
4824.14014 0.401232
4826.20020 0.399291
4828.25977 0.397161
4830.31982 0.394645
4832.37988 0.393837
4834.43994 0.392571
4836.50000 0.392279
4838.56006 0.391121
4840.62012 0.390038
4842.68018 0.388548
4844.74023 0.387219
4846.79980 0.385622
4848.85986 0.380384
4850.91992 0.379787
4852.97998 0.379684
4855.04004 0.37697
4857.10010 0.376834
4859.16016 0.373587
4861.22021 0.371719
4863.27979 0.371072
4865.33984 0.368933
4867.39990 0.368212
4869.45996 0.367875
4871.52002 0.366794
4873.58008 0.363938
4875.64014 0.360873
4877.70020 0.360873
4879.75977 0.360258
4881.81982 0.360258
4883.87988 0.355536
4885.93994 0.355157
4888.00000 0.354164
4890.06006 0.353677
4892.12012 0.349371
4894.18018 0.347492
4896.24023 0.345887
4898.29980 0.34572
4900.35986 0.345177
4902.41992 0.342594
4904.47998 0.338925
4906.54004 0.338629
4908.60010 0.338585
4910.66016 0.336451
4912.72021 0.3363
4914.77979 0.33258
4916.83984 0.330004
4918.89990 0.329359
4920.95996 0.327421
4923.02002 0.326466
4925.08008 0.325912
4927.14014 0.32287
4929.20020 0.32287
4931.25977 0.322054
4933.31982 0.321786
4935.37988 0.317734
4937.43994 0.316582
4939.50000 0.31511
4941.56006 0.314459
4943.62012 0.313778
4945.68018 0.311558
4947.74023 0.310336
4949.79980 0.30991
4951.85986 0.309053
4953.91992 0.306632
4955.97998 0.306013
4958.04004 0.304473
4960.10010 0.304131
4962.16016 0.303722
4964.22021 0.299643
4966.27979 0.299306
4968.33984 0.299223
4970.39990 0.297722
4972.45996 0.296558
4974.52002 0.295772
4976.58008 0.294407
4978.64014 0.292649
4980.70020 0.290742
4982.75977 0.289619
4984.81982 0.28909
4986.87988 0.2887
4988.93994 0.286608
4991.00000 0.285376
4993.06006 0.283206
4995.12012 0.283026
4997.18018 0.281705
4999.24023 0.280056
5001.29980 0.280031
5003.35986 0.279127
5005.41992 0.276731
5007.47998 0.275747
5009.54004 0.27248
5011.60010 0.272203
5013.66016 0.272151
5015.72021 0.270002
5017.77979 0.268043
5019.83984 0.267994
5021.89990 0.265317
5023.95996 0.264973
5026.02002 0.26164
5028.08008 0.258373
5030.14014 0.257928
5032.20020 0.256315
5034.25977 0.255653
5036.31982 0.255547
5038.37988 0.253239
5040.43994 0.250646
5042.50000 0.249419
5044.56006 0.248384
5046.62012 0.246734
5048.68018 0.244695
5050.74023 0.241567
5052.79980 0.24108
5054.85986 0.238867
5056.91992 0.237817
5058.97998 0.234822
5061.04004 0.234744
5063.10010 0.234076
5065.16016 0.231625
5067.22021 0.230394
5069.27979 0.227443
5071.33984 0.224551
5073.39990 0.222614
5075.45996 0.222545
5077.52002 0.220083
5079.58008 0.217123
5081.64014 0.21667
5083.70020 0.215902
5085.75977 0.213644
5087.81982 0.213589
5089.87988 0.211053
5091.93994 0.210438
5094.00000 0.208795
5096.06006 0.206518
5098.12012 0.20604
5100.18018 0.205151
5102.24023 0.202883
5104.29980 0.200341
5106.35986 0.200285
5108.41992 0.199235
5110.47998 0.196182
5112.54004 0.195625
5114.60010 0.194189
5116.66016 0.193853
5118.72021 0.192276
5120.77979 0.190308
5122.83984 0.188403
5124.89990 0.186333
5126.95996 0.186094
5129.02002 0.185101
5131.08008 0.184726
5133.14014 0.180746
5135.20020 0.180548
5137.25977 0.180292
5139.31982 0.177303
5141.37988 0.176925
5143.43994 0.174039
5145.50000 0.173683
5147.56006 0.172706
5149.62012 0.169808
5151.68018 0.169212
5153.74023 0.167485
