threeML/data/optical_filters/CAHA/CAHA-f_520_11.ecsv
# %ECSV 0.9
# ---
# datatype:
# - {name: wavelength, unit: Angstrom, datatype: float32}
# - {name: response, datatype: float32}
# meta: !!omap
# - {band_name: f_520_11}
# - {group_name: CAHA}
wavelength response
[from data line 806]
5266.85010 0.185672
5267.10986 0.180556
5267.37012 0.17778
5267.62988 0.171502
5267.87988 0.169047
5268.14014 0.170031
5268.39990 0.165076
5268.66016 0.158122
5268.91992 0.155515
5269.18018 0.155613
5269.43994 0.151413
5269.70020 0.146049
5269.95996 0.143194
5270.22021 0.140609
5270.47998 0.140379
5270.74023 0.137129
5271.00000 0.132777
5271.25977 0.131283
5271.52002 0.129351
5271.77979 0.127804
5272.04004 0.122607
5272.29980 0.120315
5272.56006 0.120459
5272.81982 0.117466
5273.08008 0.114047
5273.33984 0.110493
5273.60010 0.109786
5273.85986 0.108888
5274.12012 0.105698
5274.37988 0.103486
5274.64014 0.101961
5274.89990 0.100378
5275.16016 0.098184
5275.41992 0.095101
5275.68018 0.09468
5275.93994 0.093674
5276.20020 0.092651
5276.45996 0.088179
5276.70996 0.085505
5276.97021 0.085649
5277.22998 0.085896
5277.49023 0.083124
5277.75000 0.080172
5278.00977 0.080254
5278.27002 0.07898
5278.52979 0.076476
5278.79004 0.074778
5279.04980 0.072969
5279.31006 0.07347
5279.56982 0.072046
5279.83008 0.070048
5280.08984 0.068172
5280.35010 0.068098
5280.60986 0.067677
5280.87012 0.066095
5281.12988 0.064379
5281.39014 0.06386
5281.64990 0.062217
5281.91016 0.061272
5282.16992 0.058227
5282.43018 0.058283
5282.68994 0.057486
5282.95020 0.056878
5283.20996 0.055931
5283.47021 0.053965
5283.72998 0.05397
5283.99023 0.053527
5284.25000 0.05215
5284.50977 0.050011
5284.77002 0.049825
5285.02979 0.050222
5285.27979 0.048567
5285.54004 0.047879
5285.79980 0.045842
5286.06006 0.046659
5286.31982 0.046071
5286.58008 0.045117
5286.83984 0.043688
5287.10010 0.04401
5287.35986 0.04408
5287.62012 0.042409
5287.87988 0.042021
5288.14014 0.040756
5288.39990 0.040412
5288.66016 0.039735
5288.91992 0.038771
5289.18018 0.038677
5289.43994 0.036562
5289.70020 0.037373
5289.95996 0.036022
5290.22021 0.035011
5290.47998 0.035017
5290.74023 0.03507
5291.00000 0.034245
5291.25977 0.032836
5291.52002 0.033118
5291.77979 0.032406
5292.04004 0.032665
5292.29980 0.031338
5292.56006 0.030512
5292.81982 0.031253
5293.08008 0.030579
5293.33984 0.030111
5293.60010 0.028931
5293.85010 0.028454
5294.10986 0.028932
5294.37012 0.028452
5294.62988 0.02806
5294.89014 0.026687
5295.14990 0.027026
5295.41016 0.027408
5295.66992 0.026694
5295.93018 0.025066
5296.18994 0.025175
5296.45020 0.025298
5296.70996 0.024947
5296.97021 0.024041
5297.22998 0.024011
5297.49023 0.024062
5297.75000 0.023463
5298.00977 0.023599
5298.27002 0.022944
5298.52979 0.022628
5298.79004 0.022743
5299.04980 0.022435
5299.31006 0.022197
5299.56982 0.021109
5299.83008 0.02101
5300.08984 0.021145
5300.35010 0.02058
5300.60986 0.020065
5300.87012 0.020164
5301.12988 0.019615
5301.39014 0.01991
5301.64990 0.019037
5301.91016 0.018718
5302.16992 0.018865
5302.43018 0.019044
5302.68018 0.018624
5302.93994 0.017934
5303.20020 0.018003
5303.45996 0.01773
5303.72021 0.017372
5303.97998 0.017068
5304.24023 0.017197
5304.50000 0.016333
5304.75977 0.016616
5305.02002 0.016029
5305.27979 0.015942
5305.54004 0.016046
5305.79980 0.015861
5306.06006 0.015581
5306.31982 0.015417
5306.58008 0.015279
5306.83984 0.014923
5307.10010 0.015112
5307.35986 0.01429
5307.62012 0.014736
5307.87988 0.014245
5308.14014 0.014261
5308.39990 0.01426
5308.66016 0.01321
5308.91992 0.013257
5309.18018 0.013918
5309.43994 0.01364
5309.70020 0.013676
5309.95996 0.012906
5310.22021 0.013278
5310.47998 0.013231
5310.74023 0.012965
5311.00000 0.012549
5311.25000 0.012528
5311.50977 0.012393
5311.77002 0.0121
5312.02979 0.011868
5312.29004 0.011992
5312.54980 0.011635
5312.81006 0.011905
5313.06982 0.011558
5313.33008 0.011533
5313.58984 0.010877
5313.85010 0.010902
5314.10986 0.011413
5314.37012 0.010907
5314.62988 0.010597
5314.89014 0.010512
5315.14990 0.010669
5315.41016 0.010231
5315.66992 0.010819
5315.93018 0.010523
5316.18994 0.010292
5316.45020 0.009693
5316.70996 0.010089
5316.97021 0.01004
5317.22998 0.009974
5317.49023 0.009961
5317.75000 0.010051
5318.00977 0.009127
5318.27002 0.00954
5318.52979 0.009422
5318.79004 0.009484
5319.04980 0.008992
5319.31006 0.009209
5319.56982 0.00911
5319.83008 0.008838
5320.08008 0.00892
5320.33984 0.008452
5320.60010 0.009023
5320.85986 0.008281
5321.12012 0.008407
5321.37988 0.008244
5321.64014 0.008524
5321.89990 0.008258
5322.16016 0.008402
5322.41992 0.008358
5322.68018 0.008186
5322.93994 0.00775
5323.20020 0.007866
5323.45996 0.007548
5323.72021 0.007411
5323.97998 0.007736
5324.24023 0.007838
5324.50000 0.007659
5324.75977 0.007092
5325.02002 0.007666
5325.27979 0.007373
5325.54004 0.007323
5325.79980 0.007314
5326.06006 0.00703
5326.31982 0.00716
5326.58008 0.007405
5326.83984 0.006995
5327.10010 0.00703
5327.35986 0.006907
5327.62012 0.006676
5327.87988 0.006516
5328.14014 0.006402
5328.39990 0.006771
5328.64990 0.006534
5328.91016 0.006815
5329.16992 0.00648
5329.43018 0.006565
5329.68994 0.006644
5329.95020 0.006477
5330.20996 0.006522
5330.47021 0.00602
5330.72998 0.006454
5330.99023 0.006328
5331.25000 0.006227
5331.50977 0.006231
5331.77002 0.005964
5332.02979 0.006178
5332.29004 0.005752
5332.54980 0.005831
5332.81006 0.005666
5333.06982 0.005597
5333.33008 0.005695
5333.58984 0.005466
5333.85010 0.00567
5334.10986 0.005863
5334.37012 0.005764
5334.62988 0.005747
5334.89014 0.005605
5335.14990 0.00564
5335.41016 0.005392
5335.66992 0.00558
5335.93018 0.005126
5336.18994 0.005469
5336.45020 0.005111
5336.70996 0.00511
5336.97021 0.005579
5337.22998 0.005228
5337.47998 0.00544
5337.74023 0.005341
5338.00000 0.005191
5338.25977 0.005147
5338.52002 0.004969
5338.77979 0.004931
5339.04004 0.004815
5339.29980 0.004884
5339.56006 0.005069
5339.81982 0.004822
5340.08008 0.005222
5340.33984 0.004749
5340.60010 0.004858
5340.85986 0.004978
5341.12012 0.004578
5341.37988 0.004796
5341.64014 0.004858
5341.89990 0.004803
5342.16016 0.004755
5342.41992 0.004334
5342.68018 0.004403
5342.93994 0.004542
5343.20020 0.004676
5343.45996 0.004296
5343.72021 0.004377
5343.97998 0.004435
5344.24023 0.004552
5344.50000 0.004613
5344.75977 0.004393
5345.02002 0.004782
5345.27979 0.004387
5345.54004 0.004253
5345.79004 0.004036
5346.04980 0.004064
5880.65479 0.0
