threeML/data/optical_filters/CAHA/CAHA-f_543_13.ecsv
# %ECSV 0.9
# ---
# datatype:
# - {name: wavelength, unit: Angstrom, datatype: float32}
# - {name: response, datatype: float32}
# meta: !!omap
# - {band_name: f_543_13}
# - {group_name: CAHA}
wavelength response
[from data line 805]
5494.75000 0.401156
5495.00977 0.395023
5495.27002 0.393279
5495.52979 0.388539
5495.79004 0.386694
5496.04980 0.385452
5496.31006 0.380949
5496.56982 0.3752
5496.83008 0.375217
5497.08984 0.369293
5497.35010 0.364688
5497.60986 0.363294
5497.87012 0.360605
5498.12988 0.356445
5498.39014 0.352717
5498.64990 0.352234
5498.91016 0.346105
5499.16992 0.343888
5499.43018 0.339926
5499.68994 0.33665
5499.95020 0.333945
5500.20996 0.331054
5500.47021 0.325849
5500.72998 0.323734
5500.99023 0.322109
5501.25000 0.316783
5501.50977 0.313469
5501.77002 0.311804
5502.02979 0.309542
5502.29004 0.305339
5502.54980 0.305739
5502.81006 0.300893
5503.06982 0.295918
5503.33008 0.295881
5503.58984 0.289874
5503.85010 0.287747
5504.10986 0.281535
5504.37012 0.283764
5504.62988 0.279253
5504.89014 0.275791
5505.14990 0.271211
5505.41016 0.271079
5505.66992 0.267961
5505.93018 0.264127
5506.18994 0.259865
5506.45020 0.259275
5506.70996 0.255296
5506.97021 0.253085
5507.22998 0.250405
5507.49023 0.245117
5507.75000 0.24339
5508.00977 0.240926
5508.27002 0.238273
5508.52979 0.237148
5508.79004 0.231164
5509.04980 0.231108
5509.31006 0.230194
5509.56982 0.226294
5509.83008 0.221614
5510.08984 0.218537
5510.35010 0.217762
5510.60986 0.213637
5510.87012 0.212735
5511.12988 0.2113
5511.39014 0.206261
5511.64990 0.203917
5511.91016 0.201492
5512.16992 0.200773
5512.43018 0.198117
5512.68994 0.195098
5512.95020 0.191891
5513.20996 0.191056
5513.47021 0.187569
5513.72998 0.186036
5513.99023 0.183129
5514.25000 0.179973
5514.50977 0.178851
5514.77002 0.174344
5515.02979 0.174527
5515.29004 0.171735
5515.54980 0.168692
5515.81006 0.166895
5516.06982 0.165317
5516.33008 0.161949
5516.58984 0.161943
5516.85010 0.160585
5517.10986 0.158143
5517.37012 0.154224
5517.62988 0.153725
5517.89014 0.151741
5518.14990 0.150065
5518.41016 0.146141
5518.66992 0.144415
5518.93018 0.143696
5519.18994 0.142143
5519.45020 0.140247
5519.70996 0.136395
5519.97021 0.136028
5520.22998 0.133702
5520.49023 0.1321
5520.75000 0.130427
5521.00977 0.1286
5521.27002 0.127061
5521.52979 0.126582
5521.79004 0.123986
5522.04980 0.121304
5522.31006 0.120467
5522.56982 0.11882
5522.83008 0.11682
5523.08984 0.115519
5523.35010 0.113813
5523.60986 0.113644
5523.87012 0.111383
5524.12988 0.109783
5524.39014 0.107708
5524.64990 0.108324
5524.91016 0.105012
5525.16992 0.10375
5525.43018 0.102756
5525.68994 0.101741
5525.95020 0.100091
5526.20996 0.098585
5526.47021 0.097051
5526.72998 0.095783
5526.99023 0.094069
5527.25000 0.092771
5527.50977 0.090567
5527.77002 0.091375
5528.02979 0.090467
5528.29004 0.087986
5528.54980 0.086375
5528.81006 0.085644
5529.06982 0.084864
5529.33008 0.082846
5529.58984 0.082501
5529.85010 0.081109
5530.10986 0.080433
5530.37012 0.078508
5530.62988 0.077156
5530.89014 0.077423
5531.14990 0.075453
5531.41016 0.074639
5531.66992 0.073078
5531.93018 0.072742
5532.18994 0.071672
5532.45020 0.071173
5532.70996 0.069782
5532.97021 0.069041
5533.22998 0.068407
5533.49023 0.065845
5533.75000 0.064791
5534.00977 0.065369
5534.27002 0.064067
5534.52979 0.063236
5534.79004 0.06172
5535.04980 0.061541
5535.31006 0.060568
5535.56982 0.060225
5535.83008 0.05859
5536.08984 0.058536
5536.35010 0.057288
5536.60986 0.056569
5536.87012 0.056576
5537.12988 0.054802
5537.39014 0.053997
5537.64990 0.053364
5537.91016 0.052503
5538.16992 0.052588
5538.43018 0.051498
5538.68994 0.051061
5538.95020 0.049315
5539.20996 0.049369
5539.47021 0.048393
5539.72998 0.048509
5539.99023 0.047244
5540.25000 0.045987
5540.50977 0.045749
5540.77002 0.045424
5541.02979 0.044782
5541.29004 0.04386
5541.54980 0.043444
5541.81006 0.043213
5542.06982 0.042514
5542.33008 0.041959
5542.58984 0.041085
5542.85010 0.041183
5543.10986 0.040294
5543.37012 0.038914
5543.62988 0.038529
5543.89014 0.038983
5544.14990 0.037315
5544.41016 0.03732
5544.66992 0.037324
5544.93018 0.037002
5545.18994 0.03584
5545.45020 0.035604
5545.70996 0.034886
5545.97021 0.034183
5546.22998 0.034393
5546.49023 0.033942
5546.75000 0.033698
5547.00977 0.032173
5547.27002 0.032081
5547.52979 0.031683
5547.79004 0.03161
5548.04980 0.031124
5548.31006 0.031328
5548.56982 0.030406
5548.83008 0.029624
5549.08984 0.029759
5549.35010 0.028174
5549.60986 0.028231
5549.87012 0.028704
5550.12988 0.027589
5550.39014 0.027476
5550.64990 0.027094
5550.91016 0.026768
5551.16992 0.025932
5551.43018 0.026333
5551.68994 0.025566
5551.95020 0.025041
5552.20996 0.024525
5552.47021 0.02506
5552.72998 0.024466
5552.99023 0.023583
5553.25000 0.023231
5553.50977 0.023442
5553.77002 0.023312
5554.02979 0.022566
5554.29004 0.02263
5554.54980 0.022399
5554.81006 0.022776
5555.06982 0.021548
5555.33008 0.021448
5555.58984 0.020986
5555.85010 0.021146
5556.10986 0.020679
5556.37012 0.020266
5556.62988 0.020342
5556.89014 0.020168
5557.14990 0.01972
5557.41016 0.019527
5557.66992 0.019087
5557.93018 0.018611
5558.18994 0.019045
5558.45020 0.018276
5558.70996 0.018376
5558.97021 0.018157
5559.22998 0.018333
5559.49023 0.017403
5559.75000 0.017062
5560.00977 0.017428
5560.27002 0.01648
5560.52979 0.016604
5560.79004 0.016475
5561.04980 0.016243
5561.31006 0.016484
5561.56982 0.016039
5561.83008 0.015725
5562.08984 0.015783
5562.35010 0.015524
5562.60986 0.014851
5562.87012 0.014784
5563.12988 0.015131
5563.39014 0.014713
5563.64990 0.014525
5563.91016 0.014163
5564.16992 0.013912
5564.43018 0.013879
5564.68994 0.013861
5564.95020 0.013465
5565.20996 0.013245
5565.47021 0.013105
5565.72998 0.013481
5565.99023 0.012424
5566.25000 0.012568
5566.50977 0.012161
5566.77002 0.012301
5567.02979 0.012295
5567.29004 0.011823
5567.54980 0.011644
5567.81006 0.011614
5568.06982 0.011272
5568.33008 0.011851
5568.58984 0.010627
5568.85010 0.011207
5569.10986 0.011605
5569.37012 0.011139
5569.62988 0.011603
5569.89014 0.010961
5570.14990 0.010622
5570.41016 0.010694
5570.66992 0.010633
5570.93018 0.010182
5571.18994 0.009972
5571.45020 0.010323
5571.70996 0.01032
5571.97021 0.01008
5572.22998 0.009892
5572.49023 0.009645
5572.75000 0.009488
5573.00977 0.009478
5573.27002 0.009671
5573.52979 0.008798
5573.79004 0.009296
5574.04980 0.009721
5574.31006 0.008836
5574.56982 0.008388
5574.83008 0.008532
5575.08984 0.00848
5575.35010 0.008867
5575.60986 0.008347
5575.87012 0.008507
5576.12988 0.008202
5576.39014 0.008024
5576.64990 0.007567
5576.91016 0.00859
5577.16992 0.007447
5577.43018 0.007637
5577.68994 0.007865
5577.95020 0.007367
5578.20996 0.007609
5578.47021 0.007616
5578.72998 0.006751
5578.99023 0.007206
5579.25000 0.007211
5579.50977 0.007534
5579.77002 0.007075
5580.02979 0.00708
5580.29004 0.007032
5580.54980 0.006873
5580.81006 0.00721
5581.06982 0.006798
5581.33008 0.006259
5581.58984 0.006662
5581.85010 0.006708
5582.10986 0.006308
5582.37012 0.006712
5582.62988 0.006468
5582.89014 0.006259
5583.14990 0.006195
5583.41016 0.005894
5583.66992 0.006279
5583.93018 0.005813
5584.18994 0.006004
5584.45020 0.00601
5584.70996 0.005962
5584.97021 0.005811
5585.22998 0.00573
5585.49023 0.005406
5585.75000 0.005417
5586.00977 0.005581
5586.27002 0.005512
5586.52979 0.005303
5586.79004 0.005365
5587.04980 0.005557
5587.31006 0.005342
5587.56982 0.005182
5587.83008 0.00521
5588.08984 0.005135
5588.35010 0.005429
5588.60986 0.004724
5588.87012 0.00503
5589.12988 0.004977
5589.39014 0.004988
5589.64990 0.00477
5589.91016 0.00477
5590.16992 0.005309
5590.43018 0.005098
5590.68994 0.004967
5590.95020 0.004929
5591.20996 0.004819
5591.47021 0.004714
5591.72998 0.004884
5591.99023 0.004538
5592.25000 0.004552
5592.50977 0.004667
5592.77002 0.004573
5593.02979 0.004215
5593.29004 0.004129
5593.54980 0.004222
5593.81006 0.00407
5594.06982 0.004271
6153.47705 0.0
