threeML/data/optical_filters/CAHA/CAHA-f_507_10.ecsv
# %ECSV 0.9
# ---
# datatype:
# - {name: wavelength, unit: Angstrom, datatype: float32}
# - {name: response, datatype: float32}
# meta: !!omap
# - {band_name: f_507_10}
# - {group_name: CAHA}
wavelength response
[from data line 805]
5129.43994 0.120291
5129.70020 0.117965
5129.95996 0.114024
5130.22021 0.112649
5130.47998 0.109203
5130.74023 0.108834
5131.00000 0.107056
5131.25977 0.104458
5131.52002 0.102077
5131.77979 0.099996
5132.04004 0.099347
5132.29980 0.095974
5132.56006 0.094299
5132.81982 0.092381
5133.08008 0.092271
5133.33984 0.091017
5133.60010 0.086841
5133.85986 0.085562
5134.12012 0.083856
5134.37988 0.082458
5134.64014 0.081901
5134.89990 0.078076
5135.16016 0.078351
5135.41992 0.075791
5135.68018 0.074862
5135.93994 0.073738
5136.20020 0.072565
5136.45996 0.071106
5136.72021 0.069233
5136.97998 0.068243
5137.24023 0.06755
5137.50000 0.065895
5137.75977 0.064711
5138.02002 0.063891
5138.27979 0.062559
5138.54004 0.060899
5138.79980 0.060993
5139.06006 0.058873
5139.31982 0.057139
5139.58008 0.057197
5139.83984 0.056852
5140.10010 0.05387
5140.35986 0.054393
5140.62012 0.05224
5140.87988 0.052167
5141.14014 0.051254
5141.39990 0.049671
5141.66016 0.049532
5141.91992 0.048185
5142.18018 0.047645
5142.43994 0.047375
5142.70020 0.046555
5142.95996 0.044517
5143.22021 0.04485
5143.47998 0.043789
5143.74023 0.042991
5144.00000 0.042648
5144.25977 0.042264
5144.52002 0.040558
5144.77979 0.040052
5145.04004 0.039606
5145.29980 0.03966
5145.56006 0.038246
5145.81982 0.037407
5146.08008 0.036552
5146.33984 0.035751
5146.60010 0.036564
5146.85986 0.034794
5147.12012 0.035457
5147.37988 0.034078
5147.64014 0.033245
5147.89990 0.032971
5148.16016 0.03292
5148.41992 0.032702
5148.68018 0.031471
5148.93994 0.031072
5149.20020 0.031556
5149.45996 0.030359
5149.72021 0.02954
5149.97998 0.02941
5150.24023 0.028938
5150.50000 0.028311
5150.75977 0.027723
5151.02002 0.027756
5151.27979 0.027189
5151.54004 0.027376
5151.79980 0.02646
5152.06006 0.02583
5152.31982 0.025315
5152.58008 0.024921
5152.83984 0.024968
5153.10010 0.024847
5153.35986 0.023732
5153.62012 0.02341
5153.87988 0.023297
5154.14014 0.022854
5154.39990 0.023171
5154.64990 0.022736
5154.91992 0.022061
5155.16992 0.022119
5155.43018 0.021739
5155.68994 0.020801
5155.95020 0.021213
5156.20996 0.020733
5156.47021 0.020966
5156.72998 0.020764
5156.99023 0.020548
5157.25000 0.019331
5157.50977 0.02054
5157.77002 0.019568
5158.02979 0.019006
5158.29004 0.01877
5158.54980 0.018732
5158.81006 0.017661
5159.06982 0.018135
5159.33008 0.017596
5159.58984 0.017374
5159.85010 0.017405
5160.10986 0.017382
5160.37012 0.016679
5160.62988 0.01733
5160.89014 0.016371
5161.14990 0.015954
5161.41016 0.015684
5161.66992 0.016145
5161.93018 0.015239
5162.18994 0.015064
5162.45020 0.015345
5162.70996 0.014743
5162.97021 0.01488
5163.22998 0.014637
5163.49023 0.014492
5163.75000 0.014818
5164.00977 0.014236
5164.27002 0.013828
5164.52979 0.013856
5164.79004 0.01342
5165.04980 0.013461
5165.31006 0.012895
5165.56982 0.013119
5165.83008 0.013337
5166.08984 0.012659
5166.35010 0.013166
5166.60986 0.012725
5166.87012 0.012451
5167.12988 0.01253
5167.39014 0.011961
5167.64990 0.012766
5167.91016 0.012108
5168.16992 0.011823
5168.43018 0.011896
5168.68994 0.01156
5168.95020 0.010912
5169.20996 0.011336
5169.47021 0.010687
5169.72998 0.011134
5169.99023 0.011535
5170.25000 0.01127
5170.50977 0.010797
5170.77002 0.010225
5171.02979 0.010547
5171.29004 0.010914
5171.54980 0.010311
5171.81006 0.009878
5172.06982 0.00959
5172.33008 0.010231
5172.58984 0.00936
5172.85010 0.009972
5173.10986 0.009698
5173.37012 0.009618
5173.62988 0.009298
5173.89014 0.009561
5174.14990 0.00934
5174.41016 0.009525
5174.66992 0.008999
5174.93018 0.00899
5175.18994 0.008933
5175.45020 0.008853
5175.70996 0.008958
5175.97021 0.008739
5176.22998 0.008331
5176.49023 0.008018
5176.75000 0.008285
5177.00977 0.008109
5177.27002 0.008104
5177.52979 0.008292
5177.79004 0.008063
5178.04980 0.008233
5178.31006 0.007544
5178.56982 0.00799
5178.83008 0.007965
5179.08984 0.007766
5179.35010 0.007758
5179.60986 0.007684
5179.87012 0.007476
5180.12012 0.007527
5180.37988 0.007457
5180.64990 0.007372
5180.89990 0.007229
5181.16016 0.007059
5181.41992 0.007261
5181.68018 0.007117
5181.93994 0.007013
5182.20020 0.006744
5182.45996 0.006702
5182.72021 0.006654
5182.97998 0.006743
5183.24023 0.006437
5183.50000 0.006796
5183.75977 0.006887
5184.02002 0.00681
5184.27979 0.00678
5184.54004 0.006288
5184.79980 0.006003
5185.06006 0.006404
5185.31982 0.006134
5185.58008 0.006508
5185.83984 0.006434
5186.10010 0.006145
5186.35986 0.005534
5186.62012 0.006012
5186.87988 0.005996
5187.14014 0.00624
5187.39990 0.006254
5187.66016 0.005849
5187.91992 0.006019
5188.18018 0.005916
5188.43994 0.005557
5188.70020 0.005786
5188.95996 0.005784
5189.22021 0.005655
5189.47998 0.005425
5189.74023 0.005647
5190.00000 0.005335
5190.25977 0.005722
5190.52002 0.005534
5190.77979 0.005458
5191.04004 0.004991
5191.29980 0.00562
5191.56006 0.005303
5191.81982 0.005354
5192.08008 0.00558
5192.33984 0.005091
5192.60010 0.00519
5192.85986 0.005048
5193.12012 0.004835
5193.37988 0.005228
5193.64014 0.004886
5193.89990 0.004921
5194.16016 0.005012
5194.41992 0.004998
5194.68018 0.004617
5194.93994 0.004962
5195.20020 0.004827
5195.45996 0.005292
5195.72021 0.004651
5195.97998 0.004864
5196.24023 0.004935
5196.50000 0.004725
5196.75977 0.004527
5197.02002 0.004405
5197.27979 0.004268
5197.54004 0.004345
5197.79980 0.004199
5198.06006 0.004659
5198.31982 0.004264
5198.58008 0.004251
5198.83984 0.004282
5199.10010 0.004215
5199.35986 0.00408
5199.62012 0.004329
5199.87988 0.004397
5200.14014 0.004305
5720.15430 0.0
