threeML/data/optical_filters/CAHA/CAHA-f_488_12.ecsv
# %ECSV 0.9
# ---
# datatype:
# - {name: wavelength, unit: Angstrom, datatype: float32}
# - {name: response, datatype: float32}
# meta: !!omap
# - {band_name: f_488_12}
# - {group_name: CAHA}
wavelength response
[from data line 806]
4909.54004 0.428083
4909.79980 0.430517
4910.06006 0.427674
4910.31982 0.42427
4910.58008 0.429818
4910.83984 0.426138
4911.10010 0.424725
4911.35986 0.423656
4911.62012 0.421435
4911.87988 0.425348
4912.14014 0.424795
4912.39990 0.418795
4912.66016 0.420534
4912.91992 0.416811
4913.18018 0.415967
4913.43994 0.412569
4913.70020 0.412484
4913.95996 0.41003
4914.22021 0.411952
4914.47998 0.407235
4914.74023 0.406998
4915.00000 0.410969
4915.25977 0.407492
4915.52002 0.406065
4915.77979 0.406109
4916.04004 0.403513
4916.29980 0.400874
4916.56006 0.397587
4916.81982 0.397613
4917.08008 0.394502
4917.33984 0.39482
4917.60010 0.392157
4917.85986 0.393461
4918.12012 0.390812
4918.37988 0.391774
4918.64014 0.391578
4918.89990 0.38939
4919.16016 0.385356
4919.41992 0.381498
4919.68018 0.381406
4919.93994 0.377542
4920.20020 0.376807
4920.45996 0.377579
4920.72021 0.373563
4920.97998 0.370904
4921.24023 0.36915
4921.50000 0.367966
4921.75977 0.369164
4922.02002 0.362569
4922.27979 0.362684
4922.54004 0.361725
4922.79980 0.361504
4923.06006 0.358061
4923.31982 0.357471
4923.58008 0.354353
4923.83984 0.352481
4924.10010 0.349751
4924.35986 0.34783
4924.62012 0.34686
4924.87988 0.346805
4925.14014 0.341802
4925.39990 0.336156
4925.66016 0.33857
4925.91992 0.334896
4926.18018 0.332701
4926.43994 0.32924
4926.70020 0.332413
4926.95996 0.329458
4927.22021 0.326875
4927.47998 0.323491
4927.74023 0.325498
4928.00000 0.323261
4928.25977 0.317588
4928.52002 0.317875
4928.77979 0.313498
4929.04004 0.31435
4929.29980 0.308363
4929.56006 0.309218
4929.81982 0.308558
4930.08008 0.307189
4930.33984 0.303986
4930.60010 0.3003
4930.85986 0.300542
4931.12012 0.29701
4931.37988 0.296752
4931.64014 0.295182
4931.89990 0.291647
4932.16016 0.28716
4932.41992 0.286014
4932.68018 0.28591
4932.93994 0.279515
4933.20020 0.279466
4933.45996 0.276376
4933.72021 0.277309
4933.97998 0.271953
4934.24023 0.272483
4934.50000 0.271239
4934.75977 0.265552
4935.02002 0.266354
4935.27979 0.264841
4935.54004 0.261723
4935.79980 0.263353
4936.06006 0.259174
4936.31982 0.251496
4936.58008 0.253092
4936.83984 0.250316
4937.10010 0.249895
4937.35986 0.247334
4937.62012 0.24307
4937.87988 0.244292
4938.14014 0.24095
4938.39990 0.240259
4938.66016 0.234331
4938.91992 0.236569
4939.18018 0.23441
4939.43994 0.231108
4939.70020 0.228619
4939.95996 0.227183
4940.22021 0.226298
4940.47998 0.226716
4940.74023 0.219587
4941.00000 0.218079
4941.25977 0.21726
4941.52002 0.214371
4941.77979 0.212435
4942.04004 0.211273
4942.29980 0.211709
4942.56006 0.20961
4942.81982 0.206754
4943.08008 0.204618
4943.33984 0.20429
4943.60010 0.200494
4943.85986 0.201171
4944.12012 0.198206
4944.37988 0.19381
4944.64014 0.192843
4944.89990 0.191322
4945.16016 0.19265
4945.41992 0.187566
4945.68018 0.186586
4945.93994 0.184951
4946.20020 0.18564
4946.45996 0.181254
4946.72021 0.179162
4946.97998 0.177098
4947.24023 0.177494
4947.50000 0.177756
4947.75977 0.17517
4948.02002 0.172614
4948.27979 0.169231
4948.54004 0.170726
4948.79980 0.166934
4949.06006 0.163794
4949.31982 0.164626
4949.58008 0.162846
4949.83984 0.163786
4950.10010 0.159002
4950.35986 0.159099
4950.62012 0.1579
4950.87988 0.155362
4951.14014 0.155533
4951.39990 0.152299
4951.66016 0.148906
4951.91992 0.14773
4952.18018 0.1464
4952.43994 0.1466
4952.70020 0.145427
4952.95996 0.143885
4953.22021 0.141925
4953.47998 0.141782
4953.74023 0.141044
4954.00000 0.13771
4954.25977 0.136936
4954.52002 0.136735
4954.77979 0.131674
4955.04004 0.134336
4955.29980 0.130158
4955.56006 0.131469
4955.81982 0.129387
4956.08008 0.127333
4956.33984 0.129172
4956.60010 0.127012
4956.85986 0.124458
4957.12012 0.122987
4957.37988 0.121164
4957.64014 0.121938
4957.89990 0.119299
4958.16016 0.120547
4958.41992 0.119204
4958.68018 0.115091
4958.93994 0.114126
4959.20020 0.113791
4959.45996 0.111306
4959.72021 0.110647
4959.97998 0.110526
4960.24023 0.109587
4960.50000 0.108556
4960.75977 0.107013
4961.02002 0.107048
4961.27979 0.105767
4961.54004 0.105757
4961.79980 0.104308
4962.06006 0.105165
4962.31982 0.102366
4962.58008 0.100609
4962.83984 0.101697
4963.10010 0.098471
4963.35986 0.098248
4963.62012 0.097221
4963.87988 0.096711
4964.14014 0.094637
4964.39990 0.092546
4964.66016 0.091854
4964.91992 0.091543
4965.18018 0.090516
4965.43994 0.091253
4965.70020 0.090406
4965.95996 0.089755
4966.22021 0.087286
4966.47998 0.086705
4966.74023 0.085794
4967.00000 0.084907
4967.25977 0.085318
4967.52002 0.082979
4967.77979 0.08333
4968.04004 0.081106
4968.29980 0.081657
4968.56006 0.082452
4968.81982 0.081644
4969.08008 0.080505
4969.33984 0.078485
4969.60010 0.078484
4969.85986 0.077853
4970.12012 0.076036
4970.37988 0.076169
4970.64014 0.073832
4970.89990 0.075142
4971.16016 0.073895
4971.41992 0.074046
4971.68018 0.070768
4971.93994 0.071251
4972.20020 0.070938
4972.45996 0.070201
4972.72021 0.068666
4972.97998 0.069369
4973.24023 0.065757
4973.50000 0.066322
4973.75977 0.067335
4974.02002 0.066487
4974.27979 0.065556
4974.54004 0.064983
4974.79980 0.064541
4975.06006 0.06323
4975.31982 0.062554
4975.58008 0.063686
4975.83984 0.064659
4976.10010 0.059929
4976.35986 0.060353
4976.62012 0.059003
4976.87988 0.060052
4977.14014 0.06042
4977.39990 0.05828
4977.66016 0.057707
4977.91992 0.055862
4978.18018 0.056143
4978.43994 0.057103
4978.70020 0.055748
4978.95996 0.05684
4979.22021 0.055653
4979.47998 0.055798
4979.74023 0.05361
4980.00000 0.053796
4980.25977 0.053236
4980.52002 0.053391
4980.77979 0.052619
4981.04004 0.052417
4981.29980 0.051139
4981.56006 0.049651
4981.81982 0.050876
4982.08008 0.050013
4982.33984 0.049278
4982.60010 0.048881
4982.85986 0.048844
4983.12012 0.049273
4983.37988 0.047385
4983.64014 0.049131
4983.89990 0.046685
4984.16016 0.046793
4984.41992 0.04622
4984.68018 0.045886
4984.93994 0.045388
4985.20020 0.044507
4985.45996 0.044417
4985.72021 0.044712
4985.97998 0.044346
4986.24023 0.043224
4986.50000 0.043639
4986.75977 0.043817
4987.02002 0.041114
4987.27979 0.041997
4987.54004 0.04227
4987.79980 0.040769
4988.06006 0.040947
4988.31982 0.040493
4988.58008 0.040674
4988.83984 0.039011
4989.10010 0.039775
4989.35986 0.039527
4989.62012 0.038337
4989.87988 0.038059
4990.14014 0.03829
4990.39990 0.038437
4990.66016 0.038313
4990.91992 0.037326
4991.18018 0.03695
4991.43994 0.036509
4991.70020 0.036703
4991.95996 0.035592
4992.22021 0.035473
4992.47998 0.03519
4992.74023 0.035886
4993.00000 0.034294
4993.25977 0.034964
4993.52002 0.035056
4993.77979 0.033892
4994.04004 0.032644
4994.29980 0.033462
4994.56006 0.032622
4994.81982 0.03345
4995.08008 0.032665
4995.33984 0.033073
4995.60010 0.032004
4995.85986 0.031048
4996.12012 0.031584
4996.37988 0.032567
4996.64014 0.031261
4996.89990 0.030205
4997.16016 0.030724
4997.41992 0.030365
4997.68018 0.030266
4997.93994 0.030076
4998.20020 0.030416
4998.45996 0.029563
4998.72021 0.028868
4998.97998 0.028831
4999.24023 0.029322
4999.50000 0.027839
4999.75977 0.029301
5000.02002 0.028198
5000.27979 0.027135
5000.54004 0.026496
5000.79980 0.027136
5001.06006 0.027827
5001.31982 0.027409
5001.58008 0.02731
5001.83984 0.027228
5002.10010 0.025503
5002.35986 0.026071
5002.62012 0.025328
5002.87988 0.02621
5003.14014 0.02524
5003.39990 0.025176
5003.66016 0.024914
5003.91992 0.024616
5004.18018 0.024131
5004.43994 0.023714
5004.70020 0.025319
5004.95996 0.023136
5005.22021 0.024349
5005.47998 0.023134
5005.74023 0.022907
5006.00000 0.023189
5006.25977 0.02305
5006.52002 0.022517
5006.77979 0.022478
5007.04004 0.024077
5007.29980 0.021918
5007.56006 0.022533
5007.81982 0.022298
5008.08008 0.021453
5008.33984 0.021785
5008.60010 0.021886
5008.85986 0.021104
5009.12012 0.020746
5009.37988 0.02143
5009.64014 0.020436
5009.89990 0.021629
5010.16016 0.021188
5010.41992 0.020671
5010.68018 0.020327
5010.93994 0.021247
5011.20020 0.020057
5011.45996 0.020699
5011.72021 0.019575
5011.97998 0.018731
5012.24023 0.019697
5012.50000 0.019409
5012.75977 0.018975
5013.02002 0.018415
5013.27979 0.018782
5013.54004 0.017713
5013.79980 0.018814
5014.06006 0.019409
5014.31982 0.018152
5014.58008 0.017631
5014.83984 0.018084
5015.10010 0.017416
5015.35986 0.018547
5015.62012 0.017453
5015.87988 0.017022
5016.14014 0.018227
5016.39990 0.016986
5016.66016 0.017295
5016.91992 0.01711
5017.18018 0.017047
5017.43994 0.016108
5017.70020 0.017558
5017.95996 0.016311
5018.22021 0.016188
5018.47998 0.015521
5018.74023 0.01607
5019.00000 0.01656
5019.25977 0.016841
5019.52002 0.015318
5019.77979 0.015957
5020.04004 0.015234
5020.29980 0.01569
5020.56006 0.015416
5020.81982 0.015989
5021.08008 0.01461
5021.33984 0.014779
5021.60010 0.014958
5021.85986 0.014564
5022.12012 0.014946
5022.37988 0.014695
5022.64014 0.013739
5022.89990 0.014695
5023.16016 0.013544
5023.41992 0.014124
5023.68018 0.013539
5023.93994 0.013991
5024.20020 0.013039
5024.45996 0.014538
5024.72021 0.013527
5024.97998 0.013927
5025.24023 0.013699
5025.50000 0.013434
5025.75977 0.013048
5026.02002 0.013886
5026.27979 0.013749
5026.54004 0.013704
5026.79980 0.013418
5027.06006 0.012169
5027.31982 0.012875
5027.58008 0.013128
5027.83984 0.013028
5028.10010 0.012609
5028.35986 0.012277
5028.62012 0.012718
5028.87988 0.012375
5029.14014 0.012087
5029.39990 0.011762
5029.66016 0.011769
5029.91992 0.012273
5030.18018 0.012001
5030.43994 0.011241
5030.70020 0.011711
5030.95996 0.011964
5031.22021 0.012421
5031.47998 0.011595
5031.74023 0.010897
5032.00000 0.010838
5032.25977 0.011206
5032.52002 0.011068
5032.77979 0.011415
5033.04004 0.011616
5033.29980 0.010744
5033.56006 0.010954
5033.81982 0.010415
5034.08008 0.010126
5034.33984 0.0108
5034.60010 0.010955
5034.85986 0.010755
5035.12012 0.01109
5035.37988 0.010739
5035.64014 0.010304
5035.89990 0.011011
5036.16016 0.010237
5036.41992 0.010618
5036.68018 0.010272
5036.93994 0.010059
5037.20020 0.010516
5037.45996 0.009981
5037.72021 0.009319
5037.97998 0.008914
5038.24023 0.009306
5038.50000 0.009512
5038.75977 0.009986
5039.02002 0.009988
5039.27979 0.009918
5039.54004 0.009085
5039.79980 0.009729
5040.06006 0.009931
5040.31982 0.009397
5040.58008 0.009224
5040.83984 0.009526
5041.10010 0.008222
5041.35986 0.009478
5041.62012 0.009582
5041.87988 0.009523
5042.14014 0.008838
5042.39990 0.008766
5042.66016 0.0083
5042.91992 0.008875
5043.18018 0.00879
5043.43994 0.008197
5043.70020 0.008415
5043.95996 0.009027
5044.22021 0.008933
5044.47998 0.008607
5044.74023 0.008842
5045.00000 0.008888
5045.25977 0.008591
5045.52002 0.008915
5045.77979 0.008387
5046.04004 0.007306
5046.29980 0.008966
5046.56006 0.008052
5046.81982 0.008277
5047.08008 0.007828
5047.33984 0.007881
5047.60010 0.007822
5047.85986 0.009148
5048.12012 0.007763
5048.37988 0.008053
5048.64014 0.007755
5048.89990 0.007864
5049.16016 0.008132
5049.41992 0.007847
5049.68018 0.006776
5049.93994 0.007774
5050.20020 0.008712
5050.45996 0.007524
5050.72021 0.007638
5050.97998 0.00749
5051.24023 0.007585
5051.50000 0.006935
5051.75977 0.007428
5052.02002 0.007009
5052.27979 0.007341
5052.54004 0.006591
5052.79980 0.006728
5053.06006 0.007517
5053.31982 0.006347
5053.58008 0.006681
5053.83984 0.007097
5054.10010 0.00645
5054.35986 0.006688
5054.62012 0.006061
5054.87988 0.007721
5055.14014 0.006956
5055.39990 0.006788
5055.66016 0.007376
5055.91992 0.006975
5056.18018 0.006298
5056.43994 0.006928
5056.70020 0.006634
5056.95996 0.006755
5057.22021 0.005662
5057.47998 0.006424
5057.74023 0.005797
5058.00000 0.006163
5058.25977 0.005577
5058.52002 0.005969
5058.77979 0.006497
5059.04004 0.005539
5059.29980 0.005785
5059.56006 0.006028
5059.81982 0.005191
5060.08008 0.005943
5060.33984 0.00632
5060.60010 0.006536
5060.85986 0.005416
5061.12012 0.005484
5061.37988 0.005102
5061.64014 0.00575
5061.89990 0.005663
5062.16016 0.005582
5062.41992 0.005842
5062.68018 0.005908
5062.93994 0.005477
5063.20020 0.005427
5063.45996 0.005865
5063.72021 0.005627
5063.97998 0.005619
5064.24023 0.005129
5064.50000 0.006233
5064.75977 0.005866
5065.02002 0.005046
5065.27979 0.006159
5065.54004 0.005909
5065.79980 0.005341
5066.06006 0.005725
5066.31982 0.005408
5066.58008 0.004879
5066.83984 0.004836
5067.10010 0.005618
5067.35986 0.005449
5067.62012 0.005438
5067.87988 0.005034
5068.14014 0.005234
5068.39990 0.004858
5068.66016 0.005598
5068.91992 0.004798
5069.18018 0.005415
5069.43994 0.005211
5069.70020 0.005216
5069.95996 0.005146
5070.22021 0.004922
5070.47998 0.004166
5070.74023 0.005519
5071.00000 0.005005
5071.25977 0.004543
5071.52002 0.004482
5071.77979 0.004973
5072.04004 0.004906
5072.29980 0.004618
5072.56006 0.005036
5072.81982 0.004504
5073.08008 0.005039
5073.33984 0.004893
5073.60010 0.004095
5073.85986 0.004139
5074.12012 0.00424
5581.53223 0.0
