threeML/data/optical_filters/CAHA/CAHA-f_655_150.ecsv
# %ECSV 0.9
# ---
# datatype:
# - {name: wavelength, unit: Angstrom, datatype: float32}
# - {name: response, datatype: float32}
# meta: !!omap
# - {band_name: f_655_150}
# - {group_name: CAHA}
wavelength response
4499.72998 0.0
4999.70020 0.020731
5001.79980 0.020708
5003.89014 0.020685
5005.99023 0.020622
5008.08008 0.020564
5010.18018 0.020509
5012.27002 0.020387
5014.37012 0.020402
5016.45996 0.020421
5018.56006 0.02031
5020.64990 0.020178
5022.75000 0.020278
5024.83984 0.020144
5026.93994 0.020132
5029.02979 0.020123
5031.12988 0.020103
5033.22021 0.020053
5035.31982 0.019921
5037.41016 0.019877
5039.50977 0.019775
5041.60010 0.019763
5043.70020 0.019727
5045.79004 0.019667
5047.89014 0.019729
5049.97998 0.019647
5052.08008 0.019571
5054.16992 0.019543
5056.27002 0.019567
5058.35986 0.019489
5060.45996 0.019397
5062.54980 0.019229
5064.64990 0.019259
5066.74023 0.019214
5068.83984 0.019141
5070.93018 0.019172
5073.02979 0.019057
5075.12012 0.018898
5077.22021 0.018887
5079.31006 0.018918
5081.41016 0.01882
5083.50000 0.018898
5085.60010 0.018863
5087.68994 0.01881
5089.79004 0.018766
5091.87988 0.018707
5093.97998 0.01877
5096.06982 0.018701
5098.16992 0.018649
5100.25977 0.018576
5102.35986 0.018647
5104.45020 0.018624
5106.54980 0.018499
5108.64014 0.018452
5110.74023 0.018416
5112.83008 0.018396
5114.93018 0.018378
5117.02002 0.018347
5119.12012 0.018264
5121.20996 0.01823
5123.31006 0.018214
5125.39990 0.018171
5127.50000 0.018096
5129.58984 0.018114
5131.68994 0.018081
5133.77979 0.018044
5135.87988 0.017949
5137.97021 0.017933
5140.06982 0.017952
5142.16016 0.017887
5144.25977 0.017851
5146.35010 0.017845
5148.45020 0.017867
5150.54004 0.017829
5152.64014 0.017741
5154.72998 0.017683
5156.83008 0.017767
5158.91992 0.017727
5161.02002 0.017676
5163.10986 0.017677
5165.20996 0.017587
5167.29980 0.017596
5169.39990 0.017496
5171.49023 0.017493
5173.58984 0.01738
5175.68018 0.017475
5177.77979 0.017423
5179.87012 0.017419
5181.97021 0.0174
5184.06006 0.017378
5186.16016 0.017352
5188.25000 0.017292
5190.35010 0.017287
5192.43994 0.01722
5194.54004 0.017168
5196.62988 0.017147
5198.72998 0.017164
5200.81982 0.017115
5202.91992 0.01713
5205.00977 0.017163
5207.10986 0.017105
5209.20020 0.016994
5211.29980 0.016992
5213.39014 0.017009
5215.49023 0.01699
5217.58008 0.016911
5219.68018 0.016887
5221.77002 0.016952
5223.87012 0.016851
5225.95996 0.016838
5228.06006 0.016827
5230.14990 0.016848
5232.25000 0.016806
5234.33984 0.016793
5236.43994 0.016779
5238.52979 0.016643
5240.62988 0.016746
5242.72021 0.016747
5244.81982 0.016711
5246.91016 0.016695
5249.00977 0.016647
5251.10010 0.016637
5253.20020 0.016627
5255.29004 0.016654
5257.39014 0.016653
5259.47998 0.016604
5261.58008 0.016508
5263.66992 0.016496
5265.77002 0.016549
5267.85986 0.016497
5269.95996 0.016542
5272.04980 0.016446
5274.14990 0.016403
5276.24023 0.016426
5278.33984 0.016367
5280.43018 0.016355
5282.52979 0.016375
5284.62012 0.016361
5286.72021 0.016316
5288.81006 0.01638
5290.91016 0.01636
5293.00000 0.016269
5295.10010 0.016342
5297.18994 0.016372
5299.29004 0.016347
5301.37988 0.016314
5303.47998 0.016189
5305.56982 0.016246
5307.66992 0.016251
5309.75977 0.016217
5311.85986 0.016252
5313.95020 0.016307
5316.04980 0.01621
5318.14014 0.016186
5320.24023 0.016207
5322.33008 0.01623
5324.43018 0.016209
5326.52002 0.016176
5328.62012 0.016195
5330.70996 0.016217
5332.81006 0.016162
5334.89990 0.016144
5337.00000 0.016209
5339.08984 0.016099
5341.18994 0.016098
5343.27979 0.016132
5345.37988 0.016116
5347.47021 0.016093
5349.56982 0.016075
5351.66016 0.016082
5353.75977 0.016125
5355.85010 0.016074
5357.95020 0.016089
5360.04004 0.016091
5362.14014 0.016052
5364.22998 0.016081
5366.33008 0.016079
5368.41992 0.016057
5370.52002 0.01614
5372.60986 0.016121
5374.70996 0.01609
5376.79980 0.016102
5378.89990 0.016091
5380.99023 0.016071
5383.08984 0.016106
5385.18018 0.01612
5387.27979 0.016067
5389.37012 0.016111
5391.47021 0.016075
5393.56006 0.016131
5395.66016 0.016128
5397.75000 0.016089
5399.85010 0.016101
5401.93994 0.016126
5404.04004 0.016149
5406.12988 0.016173
5408.22998 0.016176
5410.31982 0.01616
5412.41992 0.016199
5414.50977 0.016182
5416.60986 0.016219
5418.70020 0.016217
5420.79980 0.016171
5422.89014 0.016276
5424.99023 0.016264
5427.08008 0.016236
5429.18018 0.016237
5431.27002 0.016328
5433.37012 0.016363
5435.45996 0.016333
5437.56006 0.016409
5439.64990 0.016442
5441.75000 0.0164
5443.83984 0.016467
5445.93994 0.016521
5448.02979 0.016513
5450.12988 0.016563
5452.22021 0.016682
5454.31982 0.016681
5456.41016 0.016741
5458.50977 0.016856
5460.60010 0.016834
5462.70020 0.016918
5464.79004 0.016977
5466.89014 0.016984
5468.97998 0.017152
5471.08008 0.01727
5473.16992 0.017336
5475.27002 0.017447
5477.35986 0.017608
5479.45996 0.01771
5481.54980 0.017849
5483.64990 0.017985
5485.74023 0.018119
5487.83984 0.018314
5489.93018 0.01858
5492.02979 0.018771
5494.12012 0.018963
5496.22021 0.019365
5498.31006 0.019594
5500.41016 0.019979
5502.50000 0.020301
5504.60010 0.020753
5506.68994 0.021244
5508.79004 0.021757
5510.87988 0.02244
5512.97998 0.023147
5515.06982 0.023851
5517.16992 0.0246
5519.25977 0.025473
5521.35986 0.026464
5523.45020 0.027535
5525.54980 0.028625
5527.64014 0.029963
5529.74023 0.031445
5531.83008 0.032992
5533.93018 0.034616
5536.02002 0.036386
5538.12012 0.038376
5540.20996 0.040559
5542.31006 0.042965
5544.39990 0.045545
5546.50000 0.048317
5548.58984 0.051302
5550.68994 0.05443
5552.77979 0.057762
5554.87988 0.061364
5556.97021 0.065269
5559.06982 0.069365
5561.16016 0.073829
5563.25977 0.078503
5565.35010 0.083299
5567.45020 0.088561
5569.54004 0.094067
5571.64014 0.09998
5573.72998 0.106221
5575.83008 0.112385
5577.91992 0.118891
5580.02002 0.126059
5582.10986 0.133238
5584.20996 0.140884
5586.29980 0.148864
5588.39990 0.156869
5590.49023 0.165671
5592.58984 0.174501
5594.68018 0.183555
5596.77979 0.192835
5598.87012 0.202234
5600.97021 0.212039
5603.06006 0.222182
5605.16016 0.232297
5607.25000 0.242559
5609.35010 0.253095
5611.43994 0.263892
5613.54004 0.274707
5615.62988 0.28595
5617.72998 0.296976
5619.81982 0.308135
5621.91992 0.319428
5624.00977 0.330701
5626.10986 0.342109
5628.20020 0.353405
5630.29980 0.36444
5632.39014 0.3758
5634.49023 0.386784
5636.58008 0.398106
5638.68018 0.409101
5640.77002 0.420635
5642.87012 0.43123
5644.95996 0.441858
5647.06006 0.452391
5649.14990 0.462396
5651.25000 0.472344
5653.33984 0.482421
5655.43994 0.491827
5657.52979 0.501643
5659.62988 0.510731
5661.72021 0.519558
5663.81982 0.528131
5665.91016 0.536631
5668.00977 0.544701
5670.10010 0.552766
5672.20020 0.560766
5674.29004 0.568261
5676.39014 0.575448
5678.47998 0.582593
5680.58008 0.589611
5682.66992 0.59605
5684.77002 0.602394
5686.85986 0.608721
5688.95996 0.614808
5691.04980 0.620758
5693.14990 0.626572
5695.24023 0.632231
5697.33984 0.637873
5699.43018 0.64354
5701.52979 0.64846
5703.62012 0.653559
5705.72021 0.658568
5707.81006 0.664103
5709.91016 0.669458
5712.00000 0.674544
5714.10010 0.679317
5716.18994 0.684317
5718.29004 0.689514
5720.37988 0.694211
5722.47998 0.699531
5724.56982 0.704822
5726.66992 0.710054
5728.75977 0.714216
5730.85986 0.718887
5732.95020 0.724331
5735.04980 0.729203
5737.14014 0.734545
5739.24023 0.739298
5741.33008 0.744162
5743.43018 0.749282
5745.52002 0.754029
5747.62012 0.758986
5749.70996 0.764125
5751.81006 0.76861
5753.89990 0.774165
5756.00000 0.778843
5758.08984 0.783842
5760.18994 0.788728
5762.27979 0.793396
5764.37988 0.798216
5766.47021 0.802515
5768.56982 0.806919
5770.66016 0.811516
5772.75977 0.815778
5774.85010 0.819365
5776.95020 0.823463
5779.04004 0.827857
5781.14014 0.83134
5783.22998 0.835108
5785.33008 0.83851
5787.41992 0.841631
5789.52002 0.844533
5791.60986 0.84725
5793.70996 0.850118
5795.79980 0.853226
5797.89990 0.855753
5799.99023 0.857773
5802.08984 0.859693
5804.18018 0.861218
5806.27979 0.863199
5808.37012 0.864739
5810.47021 0.865973
5812.56006 0.867741
5814.66016 0.868328
5816.75000 0.869023
5818.85010 0.870212
5820.93994 0.87094
5823.04004 0.87159
5825.12988 0.872414
5827.22998 0.872683
5829.31982 0.872928
5831.41992 0.872697
5833.50977 0.873187
5835.60986 0.873783
5837.70020 0.873159
5839.79980 0.873243
5841.89014 0.873603
5843.99023 0.873829
5846.08008 0.874276
5848.18018 0.87382
5850.27002 0.87424
5852.37012 0.874758
5854.45996 0.876162
5856.56006 0.876079
5858.64990 0.876454
5860.75000 0.876801
5862.83984 0.877365
5864.93994 0.877839
5867.02979 0.878677
5869.12988 0.879549
5871.22021 0.880322
5873.31982 0.880915
5875.41016 0.881861
5877.50977 0.88334
5879.60010 0.884052
5881.70020 0.885113
5883.79004 0.886003
5885.89014 0.887178
5887.97998 0.888676
5890.08008 0.889876
5892.16992 0.891981
5894.27002 0.892626
5896.35986 0.894387
5898.45996 0.895679
5900.54980 0.896068
5902.64990 0.897644
5904.74023 0.898767
5906.83984 0.900012
5908.93018 0.901307
5911.02979 0.902669
5913.12012 0.903596
5915.22021 0.904035
5917.31006 0.905223
5919.41016 0.905226
5921.50000 0.906267
5923.60010 0.906393
5925.68994 0.906614
5927.79004 0.907145
5929.87988 0.90697
5931.97998 0.906613
5934.06982 0.906476
5936.16992 0.905628
5938.25977 0.905362
5940.35986 0.904507
5942.45020 0.903465
5944.54980 0.902368
5946.64014 0.901716
5948.74023 0.900479
5950.83008 0.898695
5952.93018 0.896257
5955.02002 0.895589
5957.12012 0.893776
5959.20996 0.891967
5961.31006 0.889987
5963.39990 0.888286
5965.50000 0.88531
5967.58984 0.884034
5969.68994 0.881866
5971.77979 0.879508
5973.87988 0.877337
5975.97021 0.875332
5978.06982 0.87275
5980.16016 0.870504
5982.25977 0.868516
5984.35010 0.866614
5986.45020 0.864612
5988.54004 0.862773
5990.64014 0.860501
5992.72998 0.858177
5994.83008 0.856862
5996.91992 0.855144
5999.02002 0.853698
6001.10986 0.852453
6003.20996 0.851059
6005.29980 0.849591
6007.39990 0.848246
6009.49023 0.847383
6011.58984 0.846953
6013.68018 0.845779
6015.77979 0.844869
6017.87012 0.844453
6019.97021 0.84391
6022.06006 0.843473
6024.16016 0.8435
6026.25000 0.843561
6028.35010 0.843634
6030.43994 0.843621
6032.54004 0.843498
6034.62988 0.84396
6036.72998 0.84455
6038.81982 0.845145
6040.91992 0.845923
6043.00977 0.846695
6045.10986 0.847782
6047.20020 0.848458
6049.29980 0.8494
6051.39014 0.850209
6053.49023 0.851072
6055.58008 0.852446
6057.68018 0.853465
6059.77002 0.854889
6061.87012 0.855287
6063.95996 0.856148
6066.06006 0.857457
6068.14990 0.858277
6070.25000 0.859304
6072.33984 0.860327
6074.43994 0.860948
6076.52979 0.861529
6078.62988 0.861785
6080.72021 0.862733
6082.81982 0.862524
6084.91016 0.863873
6087.00977 0.8638
6089.10010 0.863869
6091.20020 0.863523
6093.29004 0.863739
6095.39014 0.863473
6097.47998 0.863584
6099.58008 0.862422
6101.66992 0.861493
6103.77002 0.861556
6105.85986 0.860239
6107.95996 0.859212
6110.04980 0.858425
6112.14990 0.857284
6114.24023 0.855973
6116.33984 0.854637
6118.43018 0.85322
6120.52979 0.851286
6122.62012 0.849516
6124.72021 0.847971
6126.81006 0.846381
6128.91016 0.844489
6131.00000 0.842697
6133.10010 0.841073
6135.18994 0.839397
6137.29004 0.837588
6139.37988 0.835765
6141.47998 0.834178
6143.56982 0.832301
6145.66992 0.830689
6147.75977 0.828498
6149.85986 0.827189
6151.95020 0.825938
6154.04980 0.823954
6156.14014 0.823267
6158.24023 0.821641
6160.33008 0.820627
6162.43018 0.819118
6164.52002 0.817748
6166.62012 0.817646
6168.70996 0.817058
6170.81006 0.815899
6172.89990 0.8154
6175.00000 0.815102
6177.08984 0.81505
6179.18994 0.814802
6181.27979 0.814329
6183.37988 0.814599
6185.47021 0.814711
6187.56982 0.815361
6189.66016 0.815874
6191.75977 0.816586
6193.85010 0.81723
6195.95020 0.818114
6198.04004 0.819454
6200.14014 0.820577
6202.22998 0.821611
6204.33008 0.822927
6206.41992 0.824324
6208.52002 0.825889
6210.60986 0.827583
6212.70996 0.82947
6214.79980 0.831407
6216.89990 0.832525
6218.99023 0.83489
6221.08984 0.836978
6223.18018 0.838727
6225.27979 0.840774
6227.37012 0.843141
6229.47021 0.845238
6231.56006 0.847808
6233.66016 0.849134
6235.75000 0.851396
6237.85010 0.85396
6239.93994 0.855688
6242.04004 0.857746
6244.12988 0.859575
6246.22998 0.861639
6248.31982 0.863389
6250.41992 0.865044
6252.50977 0.866559
6254.60986 0.868068
6256.70020 0.86923
6258.79980 0.870479
6260.89014 0.871913
6262.99023 0.872908
6265.08008 0.873967
6267.18018 0.874537
6269.27002 0.874712
6271.37012 0.875382
6273.45996 0.875691
6275.56006 0.876049
6277.64990 0.875523
6279.75000 0.875135
6281.83984 0.875688
6283.93994 0.875108
6286.02979 0.874359
6288.12988 0.8739
6290.22021 0.873353
6292.31982 0.872542
6294.41016 0.870899
6296.50977 0.869612
6298.60010 0.868384
6300.70020 0.867517
6302.79004 0.86589
6304.89014 0.863727
6306.97998 0.862047
6309.08008 0.860632
6311.16992 0.859286
6313.27002 0.857817
6315.35986 0.855709
6317.45996 0.853843
6319.54980 0.851765
6321.64990 0.850226
6323.74023 0.848639
6325.83984 0.846546
6327.93018 0.845151
6330.02979 0.843075
6332.12012 0.84129
6334.22021 0.839808
6336.31006 0.837541
6338.41016 0.836235
6340.50000 0.834566
6342.60010 0.832852
6344.68994 0.831539
6346.79004 0.829869
6348.87988 0.82834
6350.97998 0.827308
6353.06982 0.826241
6355.16992 0.825065
6357.25977 0.823891
6359.35986 0.822993
6361.45020 0.822527
6363.54980 0.821406
6365.64014 0.820527
6367.74023 0.820146
6369.83008 0.819018
6371.93018 0.818855
6374.02002 0.818204
6376.12012 0.817765
6378.20996 0.817371
6380.31006 0.817303
6382.39990 0.817403
6384.50000 0.817265
6386.58984 0.817189
6388.68994 0.816912
6390.77979 0.816866
6392.87988 0.817281
6394.97021 0.817428
6397.06982 0.817504
6399.16016 0.817871
6401.25977 0.817777
6403.35010 0.817556
6405.45020 0.818402
6407.54004 0.819668
6409.64014 0.81948
6411.72998 0.819199
6413.83008 0.819437
6415.91992 0.820268
6418.02002 0.820387
6420.10986 0.820655
6422.20996 0.821057
6424.29980 0.8213
6426.39990 0.821473
6428.49023 0.821614
6430.58984 0.82175
6432.68018 0.821834
6434.77979 0.82164
6436.87012 0.821605
6438.97021 0.822053
6441.06006 0.82177
6443.16016 0.821144
6445.25000 0.821268
6447.35010 0.82111
6449.43994 0.821118
6451.54004 0.820871
6453.62988 0.819835
6455.72998 0.81958
6457.81982 0.81941
6459.91992 0.818809
6462.00977 0.818233
6464.10986 0.817786
6466.20020 0.816986
6468.29980 0.815836
6470.39014 0.814966
6472.49023 0.814559
6474.58008 0.814022
6476.68018 0.813349
6478.77002 0.812682
6480.87012 0.812117
6482.95996 0.81111
6485.06006 0.810224
6487.14990 0.809596
6489.25000 0.808594
6491.33984 0.80802
6493.43994 0.807438
6495.52979 0.806758
6497.62988 0.806119
6499.72021 0.805448
6501.81982 0.804794
6503.91016 0.803888
6506.00977 0.803496
6508.10010 0.802753
6510.20020 0.802819
6512.29004 0.802209
6514.39014 0.801898
6516.47998 0.801575
6518.58008 0.800949
6520.66992 0.80082
6522.77002 0.800789
6524.85986 0.800933
6526.95996 0.801158
6529.04980 0.801159
6531.14990 0.801047
6533.24023 0.801187
6535.33984 0.801543
6537.43018 0.802316
6539.52979 0.802682
6541.62012 0.802853
6543.72021 0.803338
6545.81006 0.803843
6547.91016 0.804552
6550.00000 0.805821
6552.10010 0.80661
6554.18994 0.807672
6556.29004 0.808682
6558.37988 0.809579
6560.47998 0.810568
6562.56982 0.811583
6564.66992 0.81303
6566.75977 0.814308
6568.85986 0.815611
6570.95020 0.816708
6573.04980 0.81839
6575.14014 0.819673
6577.24023 0.820939
6579.33008 0.822436
6581.43018 0.823783
6583.52002 0.824927
6585.62012 0.826618
6587.70996 0.82832
6589.81006 0.829477
6591.89990 0.830842
6594.00000 0.832332
6596.08984 0.833632
6598.18994 0.834704
6600.27979 0.83581
6602.37988 0.83715
6604.47021 0.838235
6606.56982 0.839709
6608.66016 0.840837
6610.75977 0.841633
6612.85010 0.842388
6614.95020 0.843322
6617.04004 0.844161
6619.14014 0.84463
6621.22998 0.845251
6623.33008 0.845951
6625.41992 0.845959
6627.52002 0.846271
6629.60986 0.846666
6631.70996 0.846776
6633.79980 0.846612
6635.89990 0.8464
6637.99023 0.846159
6640.08984 0.845868
6642.18018 0.845404
6644.27979 0.84486
6646.37012 0.844378
6648.47021 0.843657
6650.56006 0.842628
6652.66016 0.842093
6654.75000 0.841405
6656.85010 0.83989
6658.93994 0.838694
6661.04004 0.837642
6663.12988 0.836322
6665.22998 0.834703
6667.31982 0.833294
6669.41992 0.832052
6671.50977 0.83051
6673.60986 0.828904
6675.70020 0.827518
6677.79980 0.825592
6679.89014 0.823719
6681.99023 0.822253
