threeML/data/optical_filters/CAHA/CAHA-f_656_2.ecsv
# %ECSV 0.9
# ---
# datatype:
# - {name: wavelength, unit: Angstrom, datatype: float32}
# - {name: response, datatype: float32}
# meta: !!omap
# - {band_name: f_656_2}
# - {group_name: CAHA}
wavelength response
5891.71484 0.0
6546.35010 0.004006
6546.60986 0.00409
6546.87012 0.004181
6547.12988 0.004499
6547.39990 0.004689
6547.66016 0.004821
6547.91992 0.004985
6548.18018 0.005287
6548.43994 0.005485
6548.70020 0.005731
6548.95996 0.006144
6549.22021 0.006392
6549.49023 0.006854
6549.75000 0.007152
6550.00977 0.007416
6550.27002 0.007959
6550.52979 0.008538
6550.79004 0.009057
6551.04980 0.009538
6551.31006 0.010409
6551.58008 0.011295
6551.83984 0.012063
6552.10010 0.013103
6552.35986 0.014364
6552.62012 0.01548
6552.87988 0.017156
6553.14014 0.019065
6553.39990 0.020479
6553.66992 0.022709
6553.93018 0.024858
6554.18994 0.02782
6554.45020 0.031116
6554.70996 0.035372
6554.97021 0.039372
6555.22998 0.045043
6555.49023 0.050782
6555.75000 0.057482
6556.02002 0.065684
6556.27979 0.075887
6556.54004 0.087769
6556.79980 0.101055
6557.06006 0.116134
6557.31982 0.134792
6557.58008 0.154652
6557.83984 0.177982
6558.10010 0.20768
6558.37012 0.238743
6558.62988 0.274214
6558.89014 0.3137
6559.14990 0.352348
6559.41016 0.390068
6559.66992 0.428771
6559.93018 0.469952
6560.18994 0.507863
6560.45996 0.546108
6560.72021 0.576684
6560.97998 0.60114
6561.24023 0.616971
6561.50000 0.630329
6561.75977 0.640677
6562.02002 0.651278
6562.27979 0.660404
6562.54980 0.667211
6562.81006 0.670467
6563.06982 0.67167
6563.33008 0.668808
6563.58984 0.667849
6563.85010 0.668832
6564.10986 0.67174
6564.37012 0.675753
6564.64014 0.677638
6564.89990 0.678639
6565.16016 0.678605
6565.41992 0.676896
6565.68018 0.675291
6565.93994 0.677061
6566.20020 0.682346
6566.45996 0.684843
6566.72021 0.686326
6566.99023 0.685327
6567.25000 0.683271
6567.50977 0.678541
6567.77002 0.677217
6568.02979 0.679979
6568.29004 0.682502
6568.54980 0.685491
6568.81006 0.682827
6569.08008 0.679294
6569.33984 0.675615
6569.60010 0.672141
6569.85986 0.668534
6570.12012 0.671171
6570.37988 0.670162
6570.64014 0.666518
6570.89990 0.662664
6571.16992 0.650061
6571.43018 0.635698
6571.68994 0.621294
6571.95020 0.605821
6572.20996 0.583009
6572.47021 0.559497
6572.72998 0.530173
6572.99023 0.494711
6573.25000 0.455814
6573.52002 0.419572
6573.77979 0.37927
6574.04004 0.341222
6574.29980 0.304695
6574.56006 0.269616
6574.81982 0.236788
6575.08008 0.207535
6575.33984 0.180335
6575.60986 0.156996
6575.87012 0.137054
6576.12988 0.119883
6576.39014 0.104076
6576.64990 0.090226
6576.91016 0.078341
6577.16992 0.06846
6577.43018 0.060047
6577.70020 0.052977
6577.95996 0.046481
6578.22021 0.041442
6578.47998 0.036876
6578.74023 0.032446
6579.00000 0.029295
6579.25977 0.026518
6579.52002 0.023527
6579.77979 0.0211
6580.04980 0.019553
6580.31006 0.01771
6580.56982 0.015945
6580.83008 0.014663
6581.08984 0.013633
6581.35010 0.012677
6581.60986 0.011597
6581.87012 0.010876
6582.14014 0.010074
6582.39990 0.009412
6582.66016 0.008904
6582.91992 0.008282
6583.18018 0.007805
6583.43994 0.007223
6583.70020 0.006873
6583.95996 0.006571
6584.22998 0.006127
6584.49023 0.005872
6584.75000 0.005654
6585.00977 0.005329
6585.27002 0.005131
6585.52979 0.004982
6585.79004 0.004827
6586.04980 0.004569
6586.31006 0.004483
6586.58008 0.004139
6586.83984 0.004082
7245.52393 0.0
