threeML/data/optical_filters/CAHA/CAHA-f_487_3.ecsv
# %ECSV 0.9
# ---
# datatype:
# - {name: wavelength, unit: Angstrom, datatype: float32}
# - {name: response, datatype: float32}
# meta: !!omap
# - {band_name: f_487_3}
# - {group_name: CAHA}
wavelength response
4318.34424 0.0
4798.16016 0.004097
4799.02393 0.004339
4799.88916 0.004577
4800.75391 0.004755
4801.61914 0.004866
4802.48389 0.004948
4803.34912 0.005029
4804.21289 0.005098
4805.07910 0.005132
4805.94287 0.005129
4806.80811 0.00512
4807.67285 0.005139
4808.53809 0.00521
4809.40283 0.005343
4810.26807 0.005523
4811.13281 0.005717
4811.99805 0.005892
4812.86279 0.00603
4813.72803 0.006144
4814.59277 0.006281
4815.45801 0.006501
4816.32324 0.006833
4817.18799 0.007262
4818.05322 0.007744
4818.91797 0.008249
4819.78320 0.008773
4820.64795 0.009316
4821.51318 0.009871
4822.37793 0.010441
4823.24414 0.011056
4824.10791 0.011769
4824.97412 0.01262
4825.83887 0.013617
4826.70410 0.01474
4827.56885 0.015963
4828.43408 0.017269
4829.29883 0.018643
4830.16504 0.020079
4831.02979 0.021599
4831.89502 0.023261
4832.75977 0.025133
4833.62500 0.027261
4834.49121 0.029667
4835.35596 0.032381
4836.22119 0.035447
4837.08594 0.038927
4837.95215 0.042876
4838.81689 0.047343
4839.68213 0.052386
4840.54688 0.058086
4841.41309 0.064561
4842.27783 0.071957
4843.14404 0.0804
4844.00879 0.089974
4844.87402 0.100734
4845.74023 0.112784
4846.60498 0.126319
4847.47021 0.141603
4848.33496 0.158875
4849.20117 0.178261
4850.06592 0.199722
4850.93213 0.223067
4851.79688 0.248012
4852.66309 0.274269
4853.52783 0.301585
4854.39404 0.329659
4855.25879 0.358016
4856.12500 0.385953
4856.99023 0.412654
4857.85498 0.437372
4858.72119 0.459586
4859.58594 0.479042
4860.45215 0.49568
4861.31689 0.509522
4862.18311 0.520667
4863.04883 0.529364
4863.91406 0.536061
4864.77979 0.541299
4865.64600 0.545531
4866.51123 0.548975
4867.37598 0.551628
4868.24219 0.553423
4869.10791 0.554376
4869.97412 0.554586
4870.83887 0.554077
4871.70508 0.552655
4872.56982 0.549912
4873.43604 0.545326
4874.30176 0.538381
4875.16699 0.528679
4876.03320 0.51604
4876.89893 0.500523
4877.76514 0.482307
4878.62988 0.461545
4879.49609 0.438315
4880.36182 0.412752
4881.22803 0.385239
4882.09277 0.356469
4882.95898 0.327315
4883.82520 0.298606
4884.69092 0.27096
4885.55713 0.244749
4886.42188 0.22016
4887.28809 0.197318
4888.15381 0.176357
4889.02002 0.157391
4889.88623 0.140435
4890.75098 0.12537
4891.61719 0.111991
4892.48291 0.100089
4893.34912 0.089486
4894.21484 0.080032
4895.08105 0.071613
4895.94678 0.064163
4896.81299 0.05765
4897.67920 0.052009
4898.54492 0.04712
4899.41113 0.042832
4900.27686 0.039034
4901.14307 0.035673
4902.00879 0.032718
4902.87500 0.030113
4903.74121 0.027778
4904.60596 0.025648
4905.47314 0.023693
4906.33887 0.021907
4907.20508 0.020277
4908.07080 0.01877
4908.93701 0.01736
4909.80322 0.016051
4910.66895 0.014882
4911.53516 0.013879
4912.40088 0.013016
4913.26807 0.012224
4914.13379 0.011447
4915.00000 0.010696
4915.86621 0.010024
4916.73193 0.00947
4917.59814 0.00902
4918.46387 0.008631
4919.33105 0.008271
4920.19678 0.007928
4921.06299 0.007589
4921.92920 0.007237
4922.79492 0.006871
4923.66211 0.006519
4924.52783 0.006222
4925.39404 0.005986
4926.25977 0.005767
4927.12598 0.005509
4927.99316 0.005196
4928.85889 0.004876
4929.72607 0.00462
4930.59180 0.004465
4931.45801 0.004392
4932.32520 0.004346
4933.19092 0.004281
4934.05713 0.004182
4934.92383 0.004056
5428.41602 0.0
