threeML/data/optical_filters/CAHA/CAHA-f_421_7.ecsv
# %ECSV 0.9
# ---
# datatype:
# - {name: wavelength, unit: Angstrom, datatype: float32}
# - {name: response, datatype: float32}
# meta: !!omap
# - {band_name: f_421_7}
# - {group_name: CAHA}
wavelength response
3714.21924 0.0
4126.91016 0.004724
4127.16016 0.003326
4127.41992 0.007825
4127.68018 0.007547
4127.93994 0.006805
4128.20020 0.006545
4128.45996 0.01137
4128.72021 2.9e-05
4128.97998 0.009024
4129.24023 0.00198
4129.50000 0.00583
4129.75977 0.005782
4130.02002 0.007184
4130.27002 0.009387
4130.52979 0.005569
4130.79004 0.001714
4131.04980 0.010633
4131.31006 0.006728
4131.56982 0.009142
4131.83008 0.003267
4132.08984 0.006685
4132.35010 0.003246
4132.60986 0.007754
4132.87012 0.006578
4133.12988 0.010997
4133.39014 0.009946
4133.64014 0.009937
4133.89990 0.007717
4134.16016 0.010452
4134.41992 0.011867
4134.68018 0.008349
4134.93994 0.008999
4135.20020 0.006926
4135.45996 0.006716
4135.72021 0.004314
4135.97998 0.006246
4136.24023 0.012277
4136.50000 0.004424
4136.75000 0.010897
4137.00977 0.01593
4137.27002 0.007209
4137.52979 0.013396
4137.79004 0.00852
4138.04980 0.00477
4138.31006 0.011248
4138.56982 0.008367
4138.83008 0.008259
4139.08984 0.00313
4139.35010 0.014294
4139.60986 0.010743
4139.87012 0.018476
4140.12012 0.004115
4140.37988 0.01347
4140.64014 0.013047
4140.89990 0.013214
4141.16016 0.01736
4141.41992 0.015663
4141.68018 0.008055
4141.93994 0.009742
4142.20020 0.015586
4142.45996 0.015542
4142.72021 0.017728
4142.97998 0.014375
4143.22998 0.018258
4143.49023 0.014718
4143.75000 0.014388
4144.00977 0.010863
4144.27002 0.016091
4144.52979 0.011935
4144.79004 0.014668
4145.04980 0.019906
4145.31006 0.013967
4145.56982 0.012098
4145.83008 0.022001
4146.08984 0.018056
4146.35010 0.017472
4146.60010 0.022165
4146.85986 0.021528
4147.12012 0.017447
4147.37988 0.017143
4147.64014 0.022514
4147.89990 0.025522
4148.16016 0.017305
4148.41992 0.017937
4148.68018 0.019634
4148.93994 0.02125
4149.20020 0.015363
4149.45996 0.024622
4149.70996 0.018855
4149.97021 0.023808
4150.22998 0.014842
4150.49023 0.028678
4150.75000 0.024871
4151.00977 0.030473
4151.27002 0.031732
4151.52979 0.028161
4151.79004 0.026109
4152.04980 0.03362
4152.31006 0.040095
4152.56982 0.03347
4152.83008 0.033367
4153.08008 0.029675
4153.33984 0.038297
4153.60010 0.037243
4153.85986 0.030695
4154.12012 0.044931
4154.37988 0.033772
4154.64014 0.032966
4154.89990 0.041165
4155.16016 0.035824
4155.41992 0.040264
4155.68018 0.040403
4155.93994 0.040452
4156.18994 0.0449
4156.45020 0.046404
4156.70996 0.046715
4156.97021 0.052777
4157.22998 0.053322
4157.49023 0.048455
4157.75000 0.053273
4158.00977 0.057368
4158.27002 0.055515
4158.52979 0.05662
4158.79004 0.066484
4159.04980 0.057376
4159.31006 0.07069
4159.56006 0.064943
4159.81982 0.06512
4160.08008 0.068756
4160.33984 0.066191
4160.60010 0.076917
4160.85986 0.079675
4161.12012 0.070748
4161.37988 0.084708
4161.64014 0.08186
4161.89990 0.085088
4162.16016 0.081506
4162.41992 0.097405
4162.66992 0.094151
4162.93018 0.095935
4163.18994 0.100593
4163.45020 0.101161
4163.70996 0.103087
4163.97021 0.108281
4164.22998 0.107577
4164.49023 0.115436
4164.75000 0.115583
4165.00977 0.116633
4165.27002 0.129821
4165.52979 0.131698
4165.79004 0.133606
4166.04004 0.133768
4166.29980 0.142873
4166.56006 0.141637
4166.81982 0.146451
4167.08008 0.147468
4167.33984 0.170018
4167.60010 0.162442
4167.85986 0.176571
4168.12012 0.176554
4168.37988 0.171593
4168.64014 0.175822
4168.89990 0.186301
4169.14990 0.190614
4169.41016 0.199675
4169.66992 0.213638
4169.93018 0.203955
4170.18994 0.217823
4170.45020 0.228551
4170.70996 0.227112
4170.97021 0.232587
4171.22998 0.235081
4171.49023 0.245321
4171.75000 0.250992
4172.00977 0.247086
4172.27002 0.251369
4172.52002 0.247257
4172.77979 0.283649
4173.04004 0.269598
4173.29980 0.285265
4173.56006 0.281477
4173.81982 0.29093
4174.08008 0.291672
4174.33984 0.30337
4174.60010 0.319439
4174.85986 0.324357
4175.12012 0.318159
4175.37988 0.3244
4175.62988 0.345561
4175.89014 0.334862
4176.14990 0.349276
4176.41016 0.354939
4176.66992 0.363635
4176.93018 0.370221
4177.18994 0.366989
4177.45020 0.372567
4177.70996 0.365973
4177.97021 0.371841
4178.22998 0.373997
4178.49023 0.40995
4178.75000 0.402785
4179.00000 0.400027
4179.25977 0.40202
4179.52002 0.418836
4179.77979 0.421603
4180.04004 0.405075
4180.29980 0.416671
4180.56006 0.42053
4180.81982 0.41654
4181.08008 0.440678
4181.33984 0.423524
4181.60010 0.422761
4181.85986 0.436991
4182.10986 0.448375
4182.37012 0.44642
4182.62988 0.430892
4182.89014 0.44629
4183.14990 0.458721
4183.41016 0.456267
4183.66992 0.467818
4183.93018 0.454136
4184.18994 0.450065
4184.45020 0.470545
4184.70996 0.46801
4184.97021 0.46109
4185.22998 0.469866
4185.47998 0.473385
4185.74023 0.478773
4186.00000 0.490645
4186.25977 0.482216
4186.52002 0.485055
4186.77979 0.460575
4187.04004 0.484166
4187.29980 0.493763
4187.56006 0.482523
4187.81982 0.491213
4188.08008 0.481407
4188.33984 0.47306
4188.58984 0.483694
4188.85010 0.480814
4189.10986 0.482887
4189.37012 0.482925
4189.62988 0.493162
4189.89014 0.458756
4190.14990 0.502843
4190.41016 0.474346
4190.66992 0.486787
4190.93018 0.495489
4191.18994 0.504103
4191.45020 0.495285
4191.70996 0.486357
4191.95996 0.482379
4192.22021 0.504933
4192.47998 0.503697
4192.74023 0.485077
4193.00000 0.48174
4193.25977 0.494926
4193.52002 0.513197
4193.77979 0.510829
4194.04004 0.494939
4194.29980 0.493064
4194.56006 0.4943
4194.81982 0.501657
4195.06982 0.49757
4195.33008 0.501961
4195.58984 0.503927
4195.85010 0.513868
4196.10986 0.497349
4196.37012 0.509438
4196.62988 0.510398
4196.89014 0.510712
4197.14990 0.491009
4197.41016 0.500868
4197.66992 0.500401
4197.93018 0.519324
4198.18994 0.509317
4198.43994 0.498731
4198.70020 0.507316
4198.95996 0.504733
4199.22021 0.504696
4199.47998 0.51686
4199.74023 0.519853
4200.00000 0.519127
4200.25977 0.517536
4200.52002 0.514988
4200.77979 0.510184
4201.04004 0.506499
4201.29980 0.516276
4201.54980 0.503553
4201.81006 0.52902
4202.06982 0.507742
4202.33008 0.520196
4202.58984 0.528016
4202.85010 0.507406
4203.10986 0.530974
4203.37012 0.503271
4203.62988 0.509052
4203.89014 0.51135
4204.14990 0.515446
4204.41016 0.525028
4204.66992 0.514096
4204.91992 0.532348
4205.18018 0.525603
4205.43994 0.525311
4205.70020 0.518989
4205.95996 0.5161
4206.22021 0.525477
4206.47998 0.501337
4206.74023 0.498396
4207.00000 0.521624
4207.25977 0.505588
4207.52002 0.505164
4207.77979 0.505721
4208.02979 0.516875
4208.29004 0.512911
4208.54980 0.517355
4208.81006 0.504966
4209.06982 0.4962
4209.33008 0.511008
4209.58984 0.509344
4209.85010 0.523264
4210.10986 0.512988
4210.37012 0.514362
4210.62988 0.516831
4210.89014 0.519193
4211.14990 0.525014
4211.39990 0.543157
4211.66016 0.523245
4211.91992 0.517746
4212.18018 0.52451
4212.43994 0.518329
4212.70020 0.50158
4212.95996 0.505052
4213.22021 0.520407
4213.47998 0.508437
4213.74023 0.519313
4214.00000 0.53496
4214.25977 0.532964
4214.50977 0.516526
4214.77002 0.513528
4215.02979 0.513925
4215.29004 0.530697
4215.54980 0.503282
4215.81006 0.502232
4216.06982 0.512075
4216.33008 0.51262
4216.58984 0.537072
4216.85010 0.5112
4217.10986 0.508856
4217.37012 0.521653
4217.62012 0.498376
4217.87988 0.523625
4218.14014 0.507801
4218.39990 0.512831
4218.66016 0.519514
4218.91992 0.522377
4219.18018 0.529888
4219.43994 0.504187
4219.70020 0.514338
4219.95996 0.520841
4220.22021 0.51931
4220.47998 0.507468
4220.74023 0.498268
4220.99023 0.511311
4221.25000 0.517501
4221.50977 0.517717
4221.77002 0.495218
4222.02979 0.509759
4222.29004 0.517745
4222.54980 0.510853
4222.81006 0.499054
4223.06982 0.525327
4223.33008 0.49386
4223.58984 0.523122
4223.85010 0.508016
4224.10010 0.504171
4224.35986 0.505087
4224.62012 0.49825
4224.87988 0.499062
4225.14014 0.510287
4225.39990 0.503525
4225.66016 0.52064
4225.91992 0.516806
4226.18018 0.508201
4226.43994 0.472331
4226.70020 0.505436
4226.95996 0.509295
4227.22021 0.48712
4227.47021 0.488959
4227.72998 0.471781
4227.99023 0.488699
4228.25000 0.491602
4228.50977 0.486315
4228.77002 0.491443
4229.02979 0.480627
4229.29004 0.471366
4229.54980 0.483761
4229.81006 0.471078
4230.06982 0.469436
4230.33008 0.461651
4230.58008 0.47188
4230.83984 0.454626
4231.10010 0.458355
4231.35986 0.45276
4231.62012 0.461215
4231.87988 0.450629
4232.14014 0.437301
4232.39990 0.436995
4232.66016 0.428854
4232.91992 0.428351
4233.18018 0.421839
4233.43994 0.432741
4233.70020 0.419312
4233.95020 0.410059
4234.20996 0.405001
4234.47021 0.409208
4234.72998 0.392355
4234.99023 0.378094
4235.25000 0.379206
4235.50977 0.373555
4235.77002 0.370576
4236.02979 0.373596
4236.29004 0.376016
4236.54980 0.379492
4236.81006 0.343939
4237.06982 0.34261
4237.31982 0.331589
4237.58008 0.326465
4237.83984 0.329754
4238.10010 0.323636
4238.35986 0.308786
4238.62012 0.310882
4238.87988 0.309929
4239.14014 0.290156
4239.39990 0.286779
4239.66016 0.283203
4239.91992 0.270878
4240.18018 0.26101
4240.43018 0.260328
4240.68994 0.251151
4240.95020 0.248324
4241.20996 0.242824
4241.47021 0.233375
4241.72998 0.24225
4241.99023 0.226305
4242.25000 0.235057
4242.50977 0.207779
4242.77002 0.203693
4243.02979 0.20102
4243.29004 0.200022
4243.54980 0.193488
4243.79980 0.195312
4244.06006 0.185139
4244.31982 0.181765
4244.58008 0.175619
4244.83984 0.179713
4245.10010 0.170493
4245.35986 0.163439
4245.62012 0.149953
4245.87988 0.152431
4246.14014 0.147801
4246.39990 0.138767
4246.66016 0.140252
4246.91992 0.142207
4247.16992 0.128113
4247.43018 0.128944
4247.68994 0.122608
4247.95020 0.115208
4248.20996 0.12571
4248.47021 0.110833
4248.72998 0.115844
4248.99023 0.116724
4249.25000 0.111108
4249.50977 0.110755
4249.77002 0.105876
4250.02979 0.099897
4250.27979 0.095255
4250.54004 0.096191
4250.79980 0.095486
4251.06006 0.085155
4251.31982 0.091194
4251.58008 0.08279
4251.83984 0.083629
4252.10010 0.078073
4252.35986 0.069783
4252.62012 0.077263
4252.87988 0.070952
4253.14014 0.074686
4253.39990 0.074499
4253.64990 0.063572
4253.91016 0.059671
4254.16992 0.060002
4254.43018 0.055091
4254.68994 0.062289
4254.95020 0.051986
4255.20996 0.061006
4255.47021 0.048942
4255.72998 0.058601
4255.99023 0.052161
4256.25000 0.058469
4256.50977 0.046627
4256.75977 0.048753
4257.02002 0.043673
4257.27979 0.043682
4257.54004 0.04847
4257.79980 0.035288
4258.06006 0.042753
4258.31982 0.042285
4258.58008 0.048642
4258.83984 0.040724
4259.10010 0.034981
4259.35986 0.040501
4259.62012 0.03318
4259.87988 0.03515
4260.12988 0.033883
4260.39014 0.031964
4260.64990 0.032401
4260.91016 0.028949
4261.16992 0.026564
4261.43018 0.031455
4261.68994 0.025975
4261.95020 0.037096
4262.20996 0.029203
4262.47021 0.026837
4262.72998 0.024071
4262.99023 0.0309
4263.24023 0.025638
4263.50000 0.02074
4263.75977 0.024564
4264.02002 0.029308
4264.27979 0.022593
4264.54004 0.024993
4264.79980 0.015899
4265.06006 0.021773
4265.31982 0.025214
4265.58008 0.023238
4265.83984 0.019356
4266.10010 0.018214
4266.35010 0.0207
4266.60986 0.014086
4266.87012 0.017371
4267.12988 0.017392
4267.39014 0.017293
4267.64990 0.012966
4267.91016 0.020366
4268.16992 0.019836
4268.43018 0.018804
4268.68994 0.011394
4268.95020 0.023079
4269.20996 0.018516
4269.47021 0.014228
4269.72021 0.009128
4269.97998 0.01333
4270.24023 0.013248
4270.50000 0.020359
4270.75977 0.016087
4271.02002 0.015082
4271.27979 0.009364
4271.54004 0.008557
4271.79980 0.011474
4272.06006 0.014257
4272.31982 0.007653
4272.58008 0.015941
4272.83008 0.01025
4273.08984 0.00667
4273.35010 0.016631
4700.68506 0.0
