threeML/data/optical_filters/CAHA/CAHA-f_639_2.ecsv
# %ECSV 0.9
# ---
# datatype:
# - {name: wavelength, unit: Angstrom, datatype: float32}
# - {name: response, datatype: float32}
# meta: !!omap
# - {band_name: f_639_2}
# - {group_name: CAHA}
wavelength response
5726.88037 0.0
6363.20020 0.004003
6363.47021 0.003991
6363.72998 0.004142
6363.99023 0.004206
6364.25000 0.004258
6364.50977 0.004291
6364.77002 0.004395
6365.02979 0.004526
6365.29004 0.004501
6365.56006 0.004521
6365.81982 0.004802
6366.08008 0.004772
6366.33984 0.00495
6366.60010 0.004874
6366.85986 0.005286
6367.12012 0.005257
6367.37988 0.005464
6367.64990 0.00543
6367.91016 0.005542
6368.16992 0.005788
6368.43018 0.00587
6368.68994 0.005987
6368.95020 0.006271
6369.20996 0.006197
6369.47021 0.006448
6369.72998 0.006653
6370.00000 0.006843
6370.25977 0.007168
6370.52002 0.007098
6370.77979 0.00752
6371.04004 0.007605
6371.29980 0.007798
6371.56006 0.008082
6371.81982 0.008333
6372.08984 0.008555
6372.35010 0.008877
6372.60986 0.009142
6372.87012 0.009648
6373.12988 0.009977
6373.39014 0.010151
6373.64990 0.010406
6373.91016 0.010928
6374.18018 0.011333
6374.43994 0.011712
6374.70020 0.012156
6374.95996 0.012726
6375.22021 0.013191
6375.47998 0.013864
6375.74023 0.014226
6376.00000 0.015209
6376.25977 0.015606
6376.52979 0.01637
6376.79004 0.016855
6377.04980 0.017949
6377.31006 0.018762
6377.56982 0.019423
6377.83008 0.020663
6378.08984 0.021346
6378.35010 0.022766
6378.62012 0.024281
6378.87988 0.025446
6379.14014 0.026543
6379.39990 0.028375
6379.66016 0.029526
6379.91992 0.031633
6380.18018 0.032995
6380.43994 0.035517
6380.70996 0.037421
6380.97021 0.03974
6381.22998 0.042464
6381.49023 0.045074
6381.75000 0.048111
6382.00977 0.051757
6382.27002 0.054664
6382.52979 0.058781
6382.79004 0.062646
6383.06006 0.067063
6383.31982 0.071945
6383.58008 0.077211
6383.83984 0.083113
6384.10010 0.089134
6384.35986 0.09555
6384.62012 0.102872
6384.87988 0.109872
6385.14990 0.118643
6385.41016 0.127391
6385.66992 0.136581
6385.93018 0.147479
6386.18994 0.157785
6386.45020 0.169204
6386.70996 0.181614
6386.97021 0.193049
6387.24023 0.206755
6387.50000 0.221119
6387.75977 0.23453
6388.02002 0.249999
6388.27979 0.263959
6388.54004 0.280497
6388.79980 0.294992
6389.06006 0.309455
6389.31982 0.326245
6389.58984 0.341981
6389.85010 0.35814
6390.10986 0.373843
6390.37012 0.389673
6390.62988 0.403146
6390.89014 0.42008
6391.14990 0.434341
6391.41016 0.449795
6391.68018 0.464787
6391.93994 0.477837
6392.20020 0.490954
6392.45996 0.505996
6392.72021 0.518385
6392.97998 0.529235
6393.24023 0.543441
6393.50000 0.553839
6393.77002 0.565838
6394.02979 0.574433
6394.29004 0.58244
6394.54980 0.591298
6394.81006 0.599182
6395.06982 0.605019
6395.33008 0.61183
6395.58984 0.616969
6395.85010 0.616654
6396.12012 0.622183
6396.37988 0.623465
6396.64014 0.624366
6396.89990 0.624209
6397.16016 0.625217
6397.41992 0.625706
6397.68018 0.619692
6397.93994 0.616389
6398.20996 0.613522
6398.47021 0.609775
6398.72998 0.605739
6398.99023 0.601022
6399.25000 0.594916
6399.50977 0.587415
6399.77002 0.579741
6400.02979 0.573993
6400.29980 0.565802
6400.56006 0.556504
6400.81982 0.548387
6401.08008 0.535121
6401.33984 0.526975
6401.60010 0.514422
6401.85986 0.503022
6402.12012 0.487876
6402.37988 0.47487
6402.64990 0.459454
6402.91016 0.44501
6403.16992 0.429229
6403.43018 0.415094
6403.68994 0.396651
6403.95020 0.378995
6404.20996 0.361893
6404.47021 0.344276
6404.74023 0.324744
6405.00000 0.307039
6405.25977 0.289195
6405.52002 0.274334
6405.77979 0.256136
6406.04004 0.240288
6406.29980 0.22463
6406.56006 0.210029
6406.83008 0.196553
6407.08984 0.183317
6407.35010 0.170525
6407.60986 0.157926
6407.87012 0.14689
6408.12988 0.136669
6408.39014 0.126988
6408.64990 0.118052
6408.91992 0.110019
6409.18018 0.102255
6409.43994 0.095795
6409.70020 0.088666
6409.95996 0.082628
6410.22021 0.076621
6410.47998 0.072284
6410.74023 0.067768
6411.00000 0.063169
6411.27002 0.058905
6411.52979 0.055358
6411.79004 0.05193
6412.04980 0.048331
6412.31006 0.045708
6412.56982 0.043336
6412.83008 0.040424
6413.08984 0.038487
6413.35010 0.036041
6413.62012 0.034416
6413.87988 0.032155
6414.14014 0.030584
6414.39990 0.028876
6414.66016 0.027248
6414.91992 0.026101
6415.18018 0.024885
6415.43994 0.0236
6415.70996 0.022648
6415.97021 0.021517
6416.22998 0.020558
6416.49023 0.019651
6416.75000 0.018652
6417.00977 0.017862
6417.27002 0.017085
6417.52979 0.016667
6417.79980 0.015641
6418.06006 0.015075
6418.31982 0.014298
6418.58008 0.013934
6418.83984 0.013364
6419.10010 0.012762
6419.35986 0.012511
6419.62012 0.012004
6419.89014 0.011449
6420.14990 0.011314
6420.41016 0.010688
6420.66992 0.010442
6420.93018 0.00992
6421.18994 0.009591
6421.45020 0.009694
6421.70996 0.009189
6421.97021 0.008818
6422.24023 0.008668
6422.50000 0.008175
6422.75977 0.008287
6423.02002 0.00797
6423.27979 0.007628
6423.54004 0.007532
6423.79980 0.0073
6424.06006 0.006946
6424.33008 0.006913
6424.58984 0.006711
6424.85010 0.006513
6425.10986 0.00629
6425.37012 0.006201
6425.62988 0.006152
6425.89014 0.005961
6426.14990 0.005895
6426.41992 0.005724
6426.68018 0.005431
6426.93994 0.005512
6427.20020 0.005344
6427.45996 0.005246
6427.72021 0.005017
6427.97998 0.005117
6428.24023 0.004835
6428.50000 0.004796
6428.77002 0.004876
6429.02979 0.004683
6429.29004 0.004409
6429.54980 0.004618
6429.81006 0.004412
6430.06982 0.004274
6430.33008 0.004231
6430.58984 0.004086
6430.85986 0.004065
6431.12012 0.004046
7074.23193 0.0
