threeML/data/optical_filters/CAHA/CAHA-f_604_21_2.ecsv
# %ECSV 0.9
# ---
# datatype:
# - {name: wavelength, unit: Angstrom, datatype: float32}
# - {name: response, datatype: float32}
# meta: !!omap
# - {band_name: f_604_21_2}
# - {group_name: CAHA}
wavelength response
5174.96484 0.0
5749.96094 0.004324
5750.82617 0.004561
5751.69189 0.004818
5752.55811 0.005087
5753.42285 0.00536
5754.28906 0.005628
5755.15381 0.005885
5756.02002 0.006123
5756.88477 0.006334
5757.75098 0.006513
5758.61719 0.006654
5759.48193 0.006756
5760.34814 0.006817
5761.21289 0.006844
5762.07910 0.006846
5762.94385 0.006839
5763.81006 0.006838
5764.67480 0.006859
5765.54102 0.006912
5766.40723 0.007001
5767.27197 0.007119
5768.13818 0.007256
5769.00293 0.007397
5769.86914 0.007529
5770.73389 0.007646
5771.60010 0.007747
5772.46582 0.007835
5773.33105 0.007915
5774.19678 0.007993
5775.06299 0.008072
5775.92822 0.00815
5776.79297 0.008226
5777.65918 0.008297
5778.52393 0.008364
5779.39014 0.008427
5780.25586 0.008493
5781.12109 0.008568
5781.98682 0.00866
5782.85303 0.008774
5783.71777 0.008916
5784.58301 0.009084
5785.44922 0.009276
5786.31396 0.009487
5787.18018 0.009712
5788.04590 0.009945
5788.91211 0.010183
5789.77686 0.010425
5790.64307 0.010668
5791.50781 0.010911
5792.37402 0.011149
5793.23877 0.011375
5794.10498 0.011586
5794.97021 0.011774
5795.83594 0.011939
5796.70215 0.012086
5797.56689 0.012223
5798.43311 0.012357
5799.29785 0.012498
5800.16406 0.012656
5801.02881 0.012836
5801.89502 0.013044
5802.76123 0.013284
5803.62598 0.013556
5804.49219 0.013858
5805.35693 0.014186
5806.22314 0.014531
5807.08789 0.014881
5807.95410 0.015223
5808.81885 0.015546
5809.68506 0.015843
5810.55078 0.016107
5811.41602 0.016339
5812.28223 0.016543
5813.14697 0.016729
5814.01318 0.016907
5814.87793 0.017087
5815.74414 0.017278
5816.60986 0.017484
5817.47510 0.017703
5818.34082 0.01793
5819.20703 0.018161
5820.07178 0.018393
5820.93799 0.018623
5821.80322 0.018855
5822.66797 0.019094
5823.53418 0.019345
5824.39990 0.019613
5825.26514 0.019902
5826.13086 0.020214
5826.99707 0.020551
5827.86182 0.020915
5828.72803 0.021306
5829.59277 0.021726
5830.45801 0.022175
5831.32422 0.02265
5832.18994 0.023143
5833.05615 0.023649
5833.92090 0.024157
5834.78711 0.024654
5835.65186 0.025128
5836.51807 0.02557
5837.38281 0.02598
5838.24902 0.026356
5839.11377 0.026705
5839.97998 0.02704
5840.84619 0.027371
5841.71094 0.027714
5842.57715 0.028083
5843.44189 0.028495
5844.30811 0.02896
5845.17285 0.029487
5846.03906 0.030078
5846.90479 0.030728
5847.77002 0.031425
5848.63623 0.032153
5849.50098 0.032896
5850.36719 0.033639
5851.23193 0.034373
5852.09814 0.035094
5852.96289 0.035806
5853.82910 0.036516
5854.69482 0.037238
5855.56006 0.037985
5856.42578 0.038764
5857.29199 0.039581
5858.15723 0.040437
5859.02197 0.041327
5859.88818 0.042249
5860.75293 0.043198
5861.61914 0.044176
5862.48486 0.04518
5863.35107 0.046209
5864.21582 0.047261
5865.08203 0.048334
5865.94678 0.049422
5866.81299 0.050524
5867.67822 0.051641
5868.54395 0.052778
5869.40918 0.053944
5870.27490 0.055146
5871.14111 0.056397
5872.00586 0.057704
5872.87207 0.059078
5873.73682 0.060524
5874.60303 0.062048
5875.46777 0.06365
5876.33398 0.06533
5877.20020 0.067085
5878.06494 0.06891
5878.93115 0.070796
5879.79590 0.072733
5880.66211 0.074713
5881.52686 0.076731
5882.39307 0.07879
5883.25781 0.080898
5884.12402 0.083068
5884.99023 0.085311
5885.85498 0.087635
5886.72119 0.090041
5887.58594 0.092526
5888.45215 0.095085
5889.31689 0.097715
5890.18311 0.100421
5891.04883 0.103215
5891.91406 0.10611
5892.77979 0.109126
5893.64600 0.112274
5894.51123 0.115564
5895.37598 0.119
5896.24219 0.122582
5897.10693 0.126306
5897.97314 0.130163
5898.83887 0.13414
5899.70410 0.138222
5900.56982 0.142393
5901.43604 0.146637
5902.30078 0.150944
5903.16699 0.155308
5904.03223 0.159735
5904.89697 0.16423
5905.76318 0.168806
5906.62891 0.173475
5907.49512 0.178248
5908.35986 0.183133
5909.22607 0.188139
5910.09082 0.193272
5910.95703 0.198536
5911.82178 0.203939
5912.68799 0.209493
5913.55322 0.215212
5914.41895 0.221115
5915.28516 0.227222
5916.14990 0.233557
5917.01611 0.240134
5917.88086 0.24697
5918.74707 0.254067
5919.61182 0.261422
5920.47803 0.269022
5921.34424 0.276847
5922.20898 0.284869
5923.07520 0.293056
5923.93994 0.301379
5924.80615 0.30981
5925.67090 0.318338
5926.53711 0.326958
5927.40186 0.335679
5928.26807 0.34452
5929.13379 0.3535
5929.99902 0.362636
5930.86523 0.371942
5931.72998 0.381427
5932.59619 0.391096
5933.46094 0.400949
5934.32715 0.410982
5935.19189 0.421184
5936.05811 0.431528
5936.92383 0.441981
5937.79004 0.452495
5938.65479 0.463017
5939.52100 0.473506
5940.38623 0.483932
5941.25098 0.494279
5942.11719 0.504547
5942.98291 0.514744
5943.84814 0.524874
5944.71387 0.534934
5945.58008 0.544914
5946.44482 0.554791
5947.31104 0.564545
5948.17578 0.574158
5949.04199 0.583628
5949.90723 0.592957
5950.77295 0.602162
5951.63916 0.611254
5952.50391 0.620238
5953.37012 0.629113
5954.23486 0.63786
5955.10107 0.646451
5955.96582 0.654856
5956.83203 0.66304
5957.69678 0.670975
5958.56299 0.678641
5959.42920 0.686025
5960.29395 0.693126
5961.16016 0.699948
5962.02490 0.706502
5962.89111 0.712804
5963.75586 0.718871
5964.62207 0.724716
5965.48682 0.730343
5966.35303 0.735745
5967.21924 0.740909
5968.08398 0.745813
5968.95020 0.750439
5969.81494 0.754772
5970.68115 0.758805
5971.54590 0.76254
5972.41211 0.765989
5973.27783 0.769174
5974.14307 0.772116
5975.00879 0.774846
5975.87500 0.777394
5976.74023 0.779799
5977.60498 0.782098
5978.47119 0.784329
5979.33594 0.786524
5980.20215 0.788706
5981.06787 0.790885
5981.93408 0.79306
5982.79883 0.795214
5983.66504 0.797328
5984.52979 0.799367
5985.39600 0.801297
5986.26123 0.803078
5987.12695 0.804673
5987.99219 0.806056
5988.85791 0.807208
5989.72412 0.808128
5990.58887 0.808825
5991.45508 0.809326
5992.31982 0.809664
5993.18604 0.809875
5994.05078 0.809995
5994.91699 0.810055
5995.78320 0.810074
5996.64795 0.810061
5997.51416 0.810017
5998.37891 0.809931
5999.24512 0.809793
6000.10986 0.809583
6000.97607 0.809294
6001.84082 0.808922
6002.70703 0.808472
6003.57324 0.807962
6004.43799 0.807414
6005.30420 0.806851
6006.16895 0.80629
6007.03516 0.805743
6007.89990 0.805213
6008.76611 0.804691
6009.63086 0.804173
6010.49707 0.803651
6011.36279 0.803125
6012.22900 0.802598
6013.09424 0.802078
6013.95898 0.801575
6014.82520 0.801097
6015.68994 0.800658
6016.55615 0.800265
6017.42188 0.799929
6018.28711 0.799653
6019.15283 0.799442
6020.01904 0.799299
6020.88379 0.79922
6021.75000 0.799198
6022.61523 0.799218
6023.47998 0.799255
6024.34619 0.799283
6025.21191 0.79927
6026.07812 0.799199
6026.94287 0.799059
6027.80908 0.798853
6028.67383 0.798601
6029.54004 0.798325
6030.40479 0.798045
6031.27100 0.797772
6032.13623 0.797511
6033.00195 0.797249
6033.86816 0.796967
6034.73291 0.796637
6035.59912 0.796241
6036.46387 0.795758
6037.33008 0.795186
6038.19482 0.794528
6039.06104 0.793795
6039.92578 0.79301
6040.79199 0.792197
6041.65820 0.791386
6042.52295 0.790602
6043.38916 0.789876
6044.25391 0.789227
6045.12012 0.788676
6045.98486 0.788235
6046.85107 0.787902
6047.71680 0.787667
6048.58203 0.787505
6049.44824 0.78738
6050.31299 0.787251
6051.17920 0.787078
6052.04395 0.786826
6052.91016 0.786472
6053.77490 0.786012
6054.64111 0.785451
6055.50684 0.784799
6056.37305 0.784075
6057.23779 0.783293
6058.10400 0.782466
6058.96924 0.781605
6059.83398 0.780727
6060.70020 0.779848
6061.56592 0.778992
6062.43115 0.778184
6063.29688 0.777444
6064.16309 0.776782
6065.02783 0.776193
6065.89404 0.775664
6066.75879 0.775165
6067.62500 0.774663
6068.49023 0.774121
6069.35596 0.77351
6070.22217 0.772805
6071.08691 0.77199
6071.95312 0.771064
6072.81787 0.770036
6073.68408 0.768937
6074.54883 0.767807
6075.41504 0.766694
6076.27979 0.765644
6077.14600 0.764684
6078.01221 0.763817
6078.87695 0.763012
6079.74316 0.762221
6080.60791 0.761377
6081.47412 0.760413
6082.33887 0.759277
6083.20508 0.757936
6084.06982 0.75638
6084.93604 0.754626
6085.80176 0.752704
6086.66699 0.750658
6087.53320 0.748541
6088.39795 0.746398
6089.26416 0.744263
6090.12891 0.74216
6090.99512 0.740082
6091.86084 0.738007
6092.72607 0.73589
6093.59180 0.733685
6094.45801 0.731346
6095.32324 0.728842
6096.18799 0.726165
6097.05420 0.723334
6097.91895 0.720391
6098.78516 0.717386
6099.65088 0.714374
6100.51709 0.711399
6101.38184 0.708482
6102.24805 0.705617
6103.11279 0.702779
6103.97900 0.699919
6104.84424 0.696983
6105.70996 0.693904
6106.57520 0.690619
6107.44092 0.687071
6108.30713 0.683222
6109.17188 0.679054
6110.03809 0.674579
6110.90283 0.669839
6111.76904 0.664901
6112.63379 0.65985
6113.50000 0.654766
6114.36523 0.649711
6115.23096 0.644711
6116.09717 0.639751
6116.96191 0.634771
6117.82812 0.629686
6118.69287 0.624395
6119.55908 0.618815
6120.42383 0.612892
6121.29004 0.606617
6122.15576 0.600028
6123.02100 0.593198
6123.88721 0.586228
6124.75195 0.579218
6125.61816 0.572262
6126.48291 0.565426
6127.34912 0.558742
6128.21387 0.552211
6129.08008 0.545796
6129.94580 0.539434
6130.81201 0.533041
6131.67676 0.526527
6132.54199 0.519807
6133.40820 0.512813
6134.27295 0.505512
6135.13916 0.497903
6136.00488 0.49003
6136.87012 0.481972
6137.73584 0.473835
6138.60205 0.465738
6139.46680 0.457788
6140.33301 0.450072
6141.19824 0.442626
6142.06299 0.435442
6142.92920 0.428463
6143.79492 0.421589
6144.66016 0.414704
6145.52588 0.407693
6146.39209 0.400464
6147.25684 0.392967
6148.12305 0.385208
6148.98779 0.37724
6149.85400 0.369161
6150.71924 0.361092
6151.58496 0.353161
6152.45117 0.345474
6153.31592 0.338109
6154.18213 0.331093
6155.04688 0.32441
6155.91309 0.318002
6156.77783 0.31178
6157.64404 0.305648
6158.50879 0.299511
6159.37500 0.293296
6160.24121 0.286963
6161.10596 0.280504
6161.97217 0.273952
6162.83691 0.267365
6163.70312 0.260826
6164.56787 0.254423
6165.43408 0.248235
6166.29980 0.242321
6167.16504 0.236707
6168.03076 0.231386
6168.89600 0.226312
6169.76221 0.221418
6170.62695 0.216626
6171.49316 0.211856
6172.35791 0.207049
6173.22412 0.20217
6174.08984 0.197216
6174.95605 0.192216
6175.82080 0.187225
6176.68701 0.182309
6177.55176 0.177537
6178.41699 0.172963
6179.28320 0.168622
6180.14893 0.164519
6181.01416 0.160637
6181.87988 0.156934
6182.74609 0.153362
6183.61084 0.149869
6184.47705 0.146406
6185.34180 0.142941
6186.20801 0.139455
6187.07324 0.135946
6187.93896 0.132431
6188.80420 0.128938
6189.66992 0.125503
6190.53613 0.122169
6191.40088 0.118975
6192.26709 0.115952
6193.13184 0.113118
6193.99805 0.110473
6194.86279 0.107999
6195.72900 0.105659
6196.59521 0.103407
6197.45996 0.101194
6198.32617 0.098973
6199.19092 0.096711
6200.05713 0.094392
6200.92188 0.092021
6201.78809 0.089617
6202.65283 0.087212
6203.51904 0.084846
6204.38477 0.08256
6205.25000 0.080391
6206.11621 0.078365
6206.98096 0.076494
6207.84717 0.074774
6208.71191 0.073188
6209.57812 0.071703
6210.44385 0.070284
6211.30908 0.068894
6212.17480 0.0675
6213.04102 0.066083
6213.90576 0.064631
6214.77100 0.063143
6215.63721 0.061631
6216.50195 0.060111
6217.36816 0.058608
6218.23389 0.057147
6219.09912 0.055755
6219.96484 0.054457
6220.83105 0.053267
6221.69580 0.052191
6222.56201 0.05122
6223.42676 0.050334
6224.29297 0.049498
6225.15820 0.048675
6226.02393 0.047828
6226.89014 0.046927
6227.75488 0.045956
6228.62109 0.044915
6229.48584 0.043819
6230.35205 0.042695
6231.21680 0.041578
6232.08301 0.040499
6232.94824 0.039488
6233.81396 0.038562
6234.68018 0.037726
6235.54492 0.036975
6236.41113 0.036292
6237.27588 0.035655
6238.14209 0.035041
6239.00684 0.034433
6239.87305 0.033816
6240.73877 0.033186
6241.60400 0.032544
6242.47021 0.031899
6243.33496 0.031257
6244.20117 0.030633
6245.06592 0.030037
6245.93213 0.029478
6246.79688 0.028963
6247.66309 0.028494
6248.52881 0.028069
6249.39404 0.02768
6250.25977 0.027315
6251.12500 0.026959
6251.99121 0.026599
6252.85596 0.026224
6253.72217 0.025826
6254.58789 0.025404
6255.45312 0.024961
6256.31885 0.024503
6257.18506 0.024036
6258.04980 0.023567
6258.91602 0.023101
6259.78076 0.022645
6260.64600 0.022201
6261.51221 0.021774
6262.37793 0.021366
6263.24316 0.020977
6264.10889 0.020608
6264.97510 0.020256
6265.83984 0.019918
6266.70605 0.019591
6267.57080 0.019273
6268.43701 0.01896
6269.30176 0.018651
6270.16797 0.018343
6271.03418 0.018038
6271.89893 0.017735
6272.76514 0.017439
6273.62988 0.017155
6274.49609 0.016891
6275.36084 0.016651
6276.22705 0.016439
6277.09180 0.016255
6277.95801 0.01609
6278.82422 0.015936
6279.68896 0.015781
6280.55518 0.015615
6281.41992 0.015431
6282.28613 0.015229
6283.15088 0.015013
6284.01709 0.014788
6284.88281 0.014562
6285.74805 0.014343
6286.61377 0.014136
6287.47900 0.013943
6288.34521 0.013765
6289.20996 0.013602
6290.07617 0.013452
6290.94092 0.013313
6291.80713 0.013181
6292.67285 0.013053
6293.53906 0.012921
6294.40381 0.012782
6295.27002 0.012631
6296.13477 0.012465
6297.00000 0.012285
6297.86621 0.012091
6298.73193 0.01189
6299.59717 0.011685
6300.46289 0.011485
6301.32910 0.011294
6302.19385 0.011117
6303.06006 0.010956
6303.92480 0.01081
6304.79102 0.01068
6305.65576 0.010565
6306.52197 0.010465
6307.38721 0.010383
6308.25293 0.010318
6309.11914 0.01027
6309.98389 0.010237
6310.85010 0.010211
6311.71484 0.010186
6312.58105 0.010153
6313.44580 0.010106
6314.31201 0.010038
6315.17822 0.009949
6316.04297 0.009836
6316.90918 0.009703
6317.77393 0.009554
6318.64014 0.009398
6319.50488 0.009243
6320.37109 0.009102
6321.23584 0.008988
6322.10205 0.008913
6322.96777 0.008885
6323.83301 0.008906
6324.69922 0.008973
6325.56396 0.009076
6326.43018 0.009202
6327.29492 0.009332
6328.16113 0.009451
6329.02686 0.009542
6329.89209 0.009596
6330.75781 0.009607
6331.62402 0.009576
6332.48877 0.00951
6333.35400 0.009419
6334.22021 0.009316
6335.08496 0.009215
6335.95117 0.009127
6336.81689 0.009061
6337.68213 0.009022
6338.54785 0.009009
6339.41406 0.009018
6340.27881 0.009042
6341.14502 0.009071
6342.00977 0.009097
6342.87598 0.009113
6343.74121 0.009114
6344.60693 0.009097
6345.47314 0.009061
6346.33789 0.009005
6347.20410 0.008929
6348.06885 0.008834
6348.93506 0.008723
6349.79980 0.008605
6350.66602 0.00849
6351.53076 0.008394
6352.39697 0.008331
6353.26318 0.008317
6354.12793 0.008358
6354.99414 0.008455
6355.85889 0.008599
6356.72510 0.008775
6357.58984 0.008965
6358.45605 0.00915
6359.32178 0.009316
6360.18701 0.009451
6361.05322 0.009548
6361.91797 0.009603
6362.78418 0.009617
6363.64893 0.009593
6364.51514 0.009535
6365.37988 0.009449
6366.24609 0.009342
6367.11182 0.009222
6367.97705 0.009096
6368.84277 0.008971
6369.70801 0.008852
6370.57422 0.008743
6371.43896 0.008646
6372.30518 0.00856
6373.17090 0.008486
6374.03613 0.00842
6374.90186 0.008361
6375.76807 0.008306
6376.63281 0.008255
6377.49902 0.008206
6378.36377 0.008159
6379.22900 0.008111
6380.09521 0.008064
6380.96094 0.008018
6381.82617 0.007971
6382.69189 0.007925
6383.55811 0.007878
6384.42285 0.007831
6385.28906 0.007785
6386.15381 0.007738
6387.02002 0.007691
6387.88477 0.007645
6388.75098 0.007598
6389.61719 0.007552
6390.48193 0.007505
6391.34814 0.007458
6392.21289 0.007412
6393.07910 0.007365
6393.94385 0.007319
6394.81006 0.007272
6395.67480 0.007225
6396.54102 0.007179
6397.40723 0.007132
6398.27197 0.007085
6399.13818 0.007039
6400.00293 0.006992
7040.00342 0.0
