threeML/data/optical_filters/CAHA/CAHA-f_488_5.ecsv
# %ECSV 0.9
# ---
# datatype:
# - {name: wavelength, unit: Angstrom, datatype: float32}
# - {name: response, datatype: float32}
# meta: !!omap
# - {band_name: f_488_5}
# - {group_name: CAHA}
wavelength response
4286.43896 0.0
4762.70996 0.004032
4763.57422 0.004224
4764.43896 0.004307
4765.30322 0.004294
4766.16797 0.00423
4767.03223 0.004175
4767.89600 0.004185
4768.76123 0.00429
4769.62500 0.004465
4770.49023 0.004642
4771.35400 0.004762
4772.21924 0.004813
4773.08301 0.00482
4773.94824 0.004816
4774.81299 0.004819
4775.67676 0.004833
4776.54199 0.004855
4777.40723 0.004884
4778.27100 0.004922
4779.13623 0.004967
4780.00000 0.005011
4780.86523 0.005046
4781.72900 0.005081
4782.59424 0.005122
4783.45898 0.005159
4784.32422 0.005159
4785.18799 0.005098
4786.05322 0.004991
4786.91699 0.004901
4787.78223 0.004898
4788.64697 0.005006
4789.51221 0.005183
4790.37598 0.005341
4791.24121 0.005406
4792.10596 0.00536
4792.97119 0.005251
4793.83496 0.005149
4794.70020 0.005095
4795.56494 0.005089
4796.43018 0.00512
4797.29395 0.005189
4798.16016 0.005315
4799.02393 0.005493
4799.88916 0.00567
4800.75391 0.005774
4801.61914 0.005777
4802.48389 0.005723
4803.34912 0.005685
4804.21289 0.005705
4805.07910 0.005766
4805.94287 0.005823
4806.80811 0.005853
4807.67285 0.005883
4808.53809 0.005964
4809.40283 0.006125
4810.26807 0.006354
4811.13281 0.006603
4811.99805 0.006815
4812.86279 0.006958
4813.72803 0.007038
4814.59277 0.007091
4815.45801 0.007156
4816.32324 0.007262
4817.18799 0.007427
4818.05322 0.007669
4818.91797 0.008002
4819.78320 0.008422
4820.64795 0.008908
4821.51318 0.009432
4822.37793 0.009981
4823.24414 0.010554
4824.10791 0.011154
4824.97412 0.011788
4825.83887 0.012478
4826.70410 0.013262
4827.56885 0.014172
4828.43408 0.015212
4829.29883 0.016369
4830.16504 0.017651
4831.02979 0.019113
4831.89502 0.020841
4832.75977 0.022903
4833.62500 0.025324
4834.49121 0.028102
4835.35596 0.031251
4836.22119 0.03483
4837.08594 0.038929
4837.95215 0.043656
4838.81689 0.049131
4839.68213 0.055498
4840.54688 0.062933
4841.41309 0.071648
4842.27783 0.081898
4843.14404 0.093959
4844.00879 0.108083
4844.87402 0.124502
4845.74023 0.143484
4846.60498 0.165379
4847.47021 0.190561
4848.33496 0.219316
4849.20117 0.251703
4850.06592 0.287475
4850.93213 0.326068
4851.79688 0.366686
4852.66309 0.408419
4853.52783 0.450335
4854.39404 0.491493
4855.25879 0.530919
4856.12500 0.567618
4856.99023 0.600673
4857.85498 0.629403
4858.72119 0.653509
4859.58594 0.673117
4860.45215 0.688683
4861.31689 0.700812
4862.18311 0.710112
4863.04883 0.717139
4863.91406 0.722385
4864.77979 0.726255
4865.64600 0.72906
4866.51123 0.731058
4867.37598 0.732494
4868.24219 0.73358
4869.10791 0.734473
4869.97412 0.735307
4870.83887 0.736233
4871.70508 0.737362
4872.56982 0.738653
4873.43604 0.739876
4874.30176 0.740716
4875.16699 0.740979
4876.03320 0.740723
4876.89893 0.740162
4877.76514 0.739427
4878.62988 0.738447
4879.49609 0.73708
4880.36182 0.735288
4881.22803 0.733108
4882.09277 0.730491
4882.95898 0.727276
4883.82520 0.723336
4884.69092 0.718693
4885.55713 0.713444
4886.42188 0.707588
4887.28809 0.700952
4888.15381 0.693221
4889.02002 0.68403
4889.88623 0.673025
4890.75098 0.659879
4891.61719 0.644279
4892.48291 0.625926
4893.34912 0.604612
4894.21484 0.580329
4895.08105 0.553296
4895.94678 0.523881
4896.81299 0.492491
4897.67920 0.45955
4898.54492 0.425542
4899.41113 0.391034
4900.27686 0.356633
4901.14307 0.322917
4902.00879 0.290426
4902.87500 0.259662
4903.74121 0.231048
4904.60596 0.204836
4905.47314 0.181086
4906.33887 0.159739
4907.20508 0.140691
4908.07080 0.123826
4908.93701 0.109011
4909.80322 0.096087
4910.66895 0.084855
4911.53516 0.075071
4912.40088 0.066497
4913.26807 0.058957
4914.13379 0.052353
4915.00000 0.046611
4915.86621 0.041642
4916.73193 0.037338
4917.59814 0.033597
4918.46387 0.030336
4919.33105 0.027489
4920.19678 0.024996
4921.06299 0.022795
4921.92920 0.02083
4922.79492 0.019074
4923.66211 0.01753
4924.52783 0.016199
4925.39404 0.015062
4926.25977 0.014069
4927.12598 0.013161
4927.99316 0.012298
4928.85889 0.011473
4929.72607 0.010722
4930.59180 0.010084
4931.45801 0.00957
4932.32520 0.009145
4933.19092 0.00876
4934.05713 0.008389
4934.92383 0.00804
4935.79004 0.007722
4936.65576 0.007422
4937.52295 0.007114
4938.38916 0.006789
4939.25488 0.006474
4940.12207 0.006203
4940.98779 0.005989
4941.85498 0.005829
4942.72119 0.005718
4943.58789 0.005648
4944.45410 0.005596
4945.32080 0.005543
4946.18701 0.00548
4947.05420 0.005407
4947.91992 0.005323
4948.78711 0.00522
4949.65283 0.005101
4950.52002 0.004989
4951.38623 0.004908
4952.25293 0.004859
4953.12012 0.004815
4953.98584 0.004743
4954.85303 0.004631
4955.71924 0.004493
4956.58594 0.004367
4957.45312 0.004292
4958.31885 0.00429
4959.18604 0.004351
4960.05176 0.004438
4960.91895 0.004512
4961.78613 0.004544
4962.65186 0.004527
4963.51904 0.004468
4964.38623 0.004386
4965.25195 0.004303
4966.11914 0.004228
4966.98584 0.004153
4967.85303 0.004079
4968.71924 0.00402
5465.59131 0.0
