threeML/data/optical_filters/CAHA/CAHA-f_614_28.ecsv
# %ECSV 0.9
# ---
# datatype:
# - {name: wavelength, unit: Angstrom, datatype: float32}
# - {name: response, datatype: float32}
# meta: !!omap
# - {band_name: f_614_28}
# - {group_name: CAHA}
wavelength response
5200.75830 0.0
5778.62012 0.004081
5778.87988 0.003842
5779.14014 0.003659
5779.39990 0.003803
5779.66016 0.004115
5779.91992 0.004091
5780.18018 0.003877
5780.43994 0.003704
5780.70020 0.004371
5780.95996 0.004047
5781.22998 0.003785
5781.49023 0.00374
5781.75000 0.004171
5782.00977 0.004206
5782.27002 0.003992
5782.52979 0.003872
5782.79004 0.004073
5783.04980 0.004301
5783.31006 0.004191
5783.56982 0.00402
5783.83008 0.004421
5784.08984 0.004514
5784.35010 0.004262
5784.60986 0.003804
5784.87012 0.004312
5785.12988 0.004495
5785.39014 0.004291
5785.64990 0.003884
5785.91016 0.004169
5786.16992 0.004665
5786.43994 0.004469
5786.70020 0.004244
5786.95996 0.004261
5787.22021 0.004533
5787.47998 0.004589
5787.74023 0.004228
5788.00000 0.004366
5788.25977 0.004776
5788.52002 0.004433
5788.77979 0.004411
5789.04004 0.004381
5789.29980 0.00455
5789.56006 0.004744
5789.81982 0.004542
5790.08008 0.004245
5790.33984 0.004526
5790.60010 0.004845
5790.85986 0.004787
5791.12012 0.004579
5791.37988 0.004517
5791.64990 0.005101
5791.91016 0.004818
5792.16992 0.004733
5792.43018 0.004531
5792.68994 0.004979
5792.95020 0.004757
5793.20996 0.004473
5793.47021 0.004933
5793.72998 0.005032
5793.99023 0.004998
5794.25000 0.004738
5794.50977 0.004615
5794.77002 0.004979
5795.02979 0.005267
5795.29004 0.004736
5795.54980 0.004474
5795.81006 0.004988
5796.06982 0.005453
5796.33008 0.004999
5796.60010 0.004801
5796.85986 0.005162
5797.12012 0.00548
5797.37988 0.005295
5797.64014 0.005025
5797.89990 0.005073
5798.16016 0.005561
5798.41992 0.005354
5798.68018 0.004859
5798.93994 0.005038
5799.20020 0.005568
5799.45996 0.00578
5799.72021 0.00501
5799.97998 0.005101
5800.24023 0.005566
5800.50000 0.005741
5800.75977 0.00528
5801.02002 0.005207
5801.27979 0.005607
5801.54004 0.005679
5801.81006 0.005506
5802.06982 0.005132
5802.33008 0.00542
5802.58984 0.006103
5802.85010 0.005922
5803.10986 0.005142
5803.37012 0.00556
5803.62988 0.00618
5803.89014 0.005838
5804.14990 0.005619
5804.41016 0.005472
5804.66992 0.005862
5804.93018 0.006123
5805.18994 0.005835
5805.45020 0.005632
5805.70996 0.006147
5805.97021 0.006275
5806.22998 0.005878
5806.49023 0.005415
5806.75000 0.00614
5807.02002 0.006221
5807.27979 0.005855
5807.54004 0.005656
5807.79980 0.00587
5808.06006 0.006357
5808.31982 0.006185
5808.58008 0.006009
5808.83984 0.005926
5809.10010 0.006501
5809.35986 0.00622
5809.62012 0.006126
5809.87988 0.005974
5810.14014 0.006451
5810.39990 0.006655
5810.66016 0.006113
5810.91992 0.006066
5811.18018 0.006563
5811.43994 0.006867
5811.70020 0.006282
5811.95996 0.006009
5812.22998 0.006599
5812.49023 0.006806
5812.75000 0.00666
5813.00977 0.006107
5813.27002 0.006476
5813.52979 0.006984
5813.79004 0.006754
5814.04980 0.00638
5814.31006 0.006536
5814.56982 0.00707
5814.83008 0.00726
5815.08984 0.006293
5815.35010 0.006621
5815.60986 0.006847
5815.87012 0.007114
5816.12988 0.00687
5816.39014 0.006578
5816.64990 0.007114
5816.91016 0.007349
5817.16992 0.006971
5817.43994 0.006732
5817.70020 0.007129
5817.95996 0.007514
5818.22021 0.007204
5818.47998 0.006678
5818.74023 0.007201
5819.00000 0.007738
5819.25977 0.007414
5819.52002 0.007141
5819.77979 0.006975
5820.04004 0.007557
5820.29980 0.007635
5820.56006 0.007157
5820.81982 0.007109
5821.08008 0.007942
5821.33984 0.007906
5821.60010 0.007372
5821.85986 0.007226
5822.12012 0.007802
5822.37988 0.007868
5822.64990 0.00791
5822.91016 0.007021
5823.16992 0.007601
5823.43018 0.008032
5823.68994 0.008027
5823.95020 0.007391
5824.20996 0.007471
5824.47021 0.0082
5824.72998 0.008199
5824.99023 0.007618
5825.25000 0.007961
5825.50977 0.007897
5825.77002 0.008338
5826.02979 0.007907
5826.29004 0.007799
5826.54980 0.008118
5826.81006 0.008567
5827.06982 0.00808
5827.33008 0.007608
5827.58984 0.007944
5827.85010 0.008804
5828.12012 0.008367
5828.37988 0.007976
5828.64014 0.008318
5828.89990 0.008818
5829.16016 0.009001
5829.41992 0.008582
5829.68018 0.00832
5829.93994 0.008673
5830.20020 0.00907
5830.45996 0.008326
5830.72021 0.008513
5830.97998 0.008807
5831.24023 0.008883
5831.50000 0.008474
5831.75977 0.0088
5832.02002 0.008894
5832.27979 0.009238
5832.54004 0.008782
5832.79980 0.008759
5833.06006 0.008999
5833.33008 0.009183
5833.58984 0.009381
5833.85010 0.009024
5834.10986 0.009118
5834.37012 0.009213
5834.62988 0.009438
5834.89014 0.008922
5835.14990 0.008898
5835.41016 0.009444
5835.66992 0.009607
5835.93018 0.009126
5836.18994 0.009549
5836.45020 0.009821
5836.70996 0.009994
5836.97021 0.009288
5837.22998 0.009426
5837.49023 0.009652
5837.75000 0.009884
5838.00977 0.009838
5838.27002 0.009854
5838.54004 0.009874
5838.79980 0.010084
5839.06006 0.010187
5839.31982 0.009782
5839.58008 0.010071
5839.83984 0.010319
5840.10010 0.009939
5840.35986 0.010006
5840.62012 0.010162
5840.87988 0.010417
5841.14014 0.010739
5841.39990 0.010145
5841.66016 0.010428
5841.91992 0.010313
5842.18018 0.010626
5842.43994 0.010458
5842.70020 0.010295
5842.95996 0.010861
5843.22021 0.010971
5843.47998 0.010451
5843.75000 0.010451
5844.00977 0.010983
5844.27002 0.011198
5844.52979 0.010961
5844.79004 0.010719
5845.04980 0.011156
5845.31006 0.011512
5845.56982 0.010957
5845.83008 0.010647
5846.08984 0.011201
5846.35010 0.011788
5846.60986 0.011493
5846.87012 0.01108
5847.12988 0.011285
5847.39014 0.011761
5847.64990 0.011805
5847.91016 0.01102
5848.16992 0.011302
5848.43018 0.012037
5848.68994 0.012126
5848.95996 0.011626
5849.22021 0.011654
5849.47998 0.011839
5849.74023 0.012335
5850.00000 0.011987
5850.25977 0.011277
5850.52002 0.012376
5850.77979 0.012798
5851.04004 0.0124
5851.29980 0.011968
5851.56006 0.012233
5851.81982 0.013008
5852.08008 0.012969
5852.33984 0.01233
5852.60010 0.012387
5852.85986 0.013029
5853.12012 0.013138
5853.37988 0.01265
5853.64014 0.012328
5853.89990 0.013071
5854.16992 0.013655
5854.43018 0.012751
5854.68994 0.012602
5854.95020 0.013133
5855.20996 0.013796
5855.47021 0.013513
5855.72998 0.012547
5855.99023 0.013359
5856.25000 0.014398
5856.50977 0.013794
5856.77002 0.01296
5857.02979 0.013589
5857.29004 0.014328
5857.54980 0.014749
5857.81006 0.013185
5858.06982 0.013489
5858.33008 0.014231
5858.58984 0.015097
5858.85010 0.014206
5859.12012 0.013612
5859.37988 0.014703
5859.64014 0.015393
5859.89990 0.014773
5860.16016 0.014121
5860.41992 0.014549
5860.68018 0.01592
5860.93994 0.015551
5861.20020 0.014078
5861.45996 0.014596
5861.72021 0.016132
5861.97998 0.016171
5862.24023 0.01459
5862.50000 0.014749
5862.75977 0.015876
5863.02002 0.016485
5863.27979 0.015653
5863.54004 0.014921
5863.79980 0.016099
5864.06006 0.017237
5864.33008 0.015942
5864.58984 0.014935
5864.85010 0.016351
5865.10986 0.017258
5865.37012 0.017193
5865.62988 0.015572
5865.89014 0.015913
5866.14990 0.017406
5866.41016 0.017907
5866.66992 0.016143
5866.93018 0.01589
5867.18994 0.017685
5867.45020 0.018375
5867.70996 0.017427
5867.97021 0.01622
5868.22998 0.017269
5868.49023 0.018834
5868.75000 0.018235
5869.00977 0.01657
5869.27002 0.017519
5869.54004 0.019214
5869.79980 0.018736
5870.06006 0.017316
5870.31982 0.017334
5870.58008 0.019269
5870.83984 0.019965
5871.10010 0.01824
5871.35986 0.016885
5871.62012 0.019187
5871.87988 0.020659
5872.14014 0.019067
5872.39990 0.017574
5872.66016 0.01913
5872.91992 0.02089
5873.18018 0.020583
5873.43994 0.018245
5873.70020 0.018969
5873.95996 0.02113
5874.22021 0.021333
5874.47998 0.01928
5874.75000 0.019004
5875.00977 0.020796
5875.27002 0.022044
5875.52979 0.020297
5875.79004 0.019113
5876.04980 0.020828
5876.31006 0.022517
5876.56982 0.021519
5876.83008 0.019492
5877.08984 0.020788
5877.35010 0.022745
5877.60986 0.022412
5877.87012 0.020113
5878.12988 0.020588
5878.39014 0.022393
5878.64990 0.023622
5878.91016 0.021862
5879.16992 0.020645
5879.43018 0.022576
5879.68994 0.024572
5879.95996 0.023059
5880.22021 0.020782
5880.47998 0.022465
5880.74023 0.024601
5881.00000 0.024508
5881.25977 0.022157
5881.52002 0.022551
5881.77979 0.024687
5882.04004 0.025206
5882.29980 0.023235
5882.56006 0.022637
5882.81982 0.024433
5883.08008 0.026765
5883.33984 0.024347
5883.60010 0.02322
5883.85986 0.024379
5884.12012 0.026848
5884.37988 0.02575
5884.64014 0.023867
5884.89990 0.024451
5885.16992 0.026978
5885.43018 0.027418
5885.68994 0.025137
5885.95020 0.024148
5886.20996 0.026674
5886.47021 0.028492
5886.72998 0.026554
5886.99023 0.024274
5887.25000 0.026448
5887.50977 0.02884
5887.77002 0.027843
5888.02979 0.025759
5888.29004 0.02653
5888.54980 0.029195
5888.81006 0.029187
5889.06982 0.027417
5889.33008 0.026296
5889.58984 0.028902
5889.85010 0.030257
5890.10986 0.028705
5890.37988 0.027054
5890.64014 0.028763
5890.89990 0.030871
5891.16016 0.030035
5891.41992 0.028218
5891.68018 0.02854
5891.93994 0.030731
5892.20020 0.031201
5892.45996 0.029192
5892.72021 0.028555
5892.97998 0.031033
5893.24023 0.03267
5893.50000 0.030606
5893.75977 0.029226
5894.02002 0.03119
5894.27979 0.033227
5894.54004 0.032157
5894.79980 0.030656
5895.06006 0.031169
5895.31982 0.033437
5895.58008 0.033801
5895.85010 0.032184
5896.10986 0.031307
5896.37012 0.033737
5896.62988 0.034595
5896.89014 0.033321
5897.14990 0.031889
5897.41016 0.033522
5897.66992 0.035622
5897.93018 0.034705
5898.18994 0.033003
5898.45020 0.033674
5898.70996 0.035791
5898.97021 0.036479
5899.22998 0.034667
5899.49023 0.033818
5899.75000 0.036273
5900.00977 0.037604
5900.27002 0.036232
5900.52979 0.034563
5900.79004 0.035999
5901.06006 0.037917
5901.31982 0.037568
5901.58008 0.036345
5901.83984 0.036112
5902.10010 0.039048
5902.35986 0.038955
5902.62012 0.038166
5902.87988 0.037495
5903.14014 0.038998
5903.39990 0.039632
5903.66016 0.039325
5903.91992 0.038639
5904.18018 0.039077
5904.43994 0.040647
5904.70020 0.040993
5904.95996 0.039804
5905.22021 0.040134
5905.47998 0.041308
5905.74023 0.041462
5906.00000 0.040989
5906.27002 0.041064
5906.52979 0.04177
5906.79004 0.043102
5907.04980 0.042633
5907.31006 0.041906
5907.56982 0.042401
5907.83008 0.043865
5908.08984 0.043627
5908.35010 0.043061
5908.60986 0.043457
5908.87012 0.044645
5909.12988 0.045208
5909.39014 0.044571
5909.64990 0.045061
5909.91016 0.044801
5910.16992 0.04607
5910.43018 0.046614
5910.68994 0.046227
5910.95020 0.045295
5911.20996 0.047091
5911.47998 0.04758
5911.74023 0.047623
5912.00000 0.047447
5912.25977 0.047777
5912.52002 0.049522
5912.77979 0.048851
5913.04004 0.048817
5913.29980 0.048445
5913.56006 0.049599
5913.81982 0.050635
5914.08008 0.050859
5914.33984 0.04975
5914.60010 0.050841
5914.85986 0.052167
5915.12012 0.052385
5915.37988 0.051198
5915.64014 0.051312
5915.89990 0.052316
5916.16016 0.054356
5916.41992 0.053436
5916.68994 0.052604
5916.95020 0.053621
5917.20996 0.055376
5917.47021 0.055748
5917.72998 0.053526
5917.99023 0.053921
5918.25000 0.056428
5918.50977 0.057751
5918.77002 0.056571
5919.02979 0.055666
5919.29004 0.057212
5919.54980 0.059599
5919.81006 0.058924
5920.06982 0.057143
5920.33008 0.058034
5920.58984 0.060218
5920.85010 0.061618
5921.10986 0.059905
5921.37012 0.058898
5921.62988 0.06151
5921.89990 0.062836
5922.16016 0.061116
5922.41992 0.060601
5922.68018 0.06144
5922.93994 0.064747
5923.20020 0.06517
5923.45996 0.062727
5923.72021 0.062318
5923.97998 0.066502
5924.24023 0.067431
5924.50000 0.065416
5924.75977 0.064852
5925.02002 0.066314
5925.27979 0.069528
5925.54004 0.068409
5925.79980 0.066391
5926.06006 0.067675
5926.31982 0.070828
5926.58008 0.071313
5926.85010 0.06825
5927.10986 0.068314
5927.37012 0.071666
5927.62988 0.074192
5927.89014 0.072656
5928.14990 0.070505
5928.41016 0.071885
5928.66992 0.076142
5928.93018 0.075324
5929.18994 0.072093
5929.45020 0.072892
5929.70996 0.07737
5929.97021 0.077915
5930.22998 0.075425
5930.49023 0.074694
5930.75000 0.077852
5931.00977 0.081441
5931.27002 0.079433
5931.52979 0.076847
5931.79004 0.078876
5932.06006 0.083374
5932.31982 0.083595
5932.58008 0.08023
5932.83984 0.079712
5933.10010 0.084076
5933.35986 0.086618
5933.62012 0.084295
5933.87988 0.082131
5934.14014 0.084146
5934.39990 0.08828
5934.66016 0.087409
5934.91992 0.084345
5935.18018 0.085073
5935.43994 0.089458
5935.70020 0.090609
5935.95996 0.088549
5936.22021 0.086683
5936.47998 0.090248
5936.74023 0.0942
5937.00000 0.092907
5937.27002 0.09027
5937.52979 0.091328
5937.79004 0.095973
5938.04980 0.096343
5938.31006 0.093796
5938.56982 0.093058
5938.83008 0.09689
5939.08984 0.100373
5939.35010 0.097742
5939.60986 0.09615
5939.87012 0.098533
5940.12988 0.103228
5940.39014 0.103122
5940.64990 0.099552
5940.91016 0.100024
5941.16992 0.104149
5941.43018 0.105567
5941.68994 0.104056
5941.95020 0.101876
5942.20996 0.104782
5942.47998 0.109542
5942.74023 0.108647
5943.00000 0.106039
5943.25977 0.106875
5943.52002 0.111139
5943.77979 0.112262
5944.04004 0.110483
5944.29980 0.109108
5944.56006 0.112536
5944.81982 0.115952
5945.08008 0.115262
5945.33984 0.112463
5945.60010 0.113483
5945.85986 0.118694
5946.12012 0.120475
5946.37988 0.116924
5946.64014 0.117099
5946.89990 0.11977
5947.16016 0.12405
5947.41992 0.12221
5947.68994 0.119267
5947.95020 0.120903
5948.20996 0.125947
5948.47021 0.127457
5948.72998 0.124892
5948.99023 0.124207
5949.25000 0.127444
5949.50977 0.131908
5949.77002 0.129881
5950.02979 0.127003
5950.29004 0.129894
5950.54980 0.135525
5950.81006 0.135957
5951.06982 0.131828
5951.33008 0.131345
5951.58984 0.135799
5951.85010 0.140064
5952.10986 0.137706
5952.37012 0.134386
5952.62988 0.137984
5952.89990 0.14347
5953.16016 0.143469
5953.41992 0.14025
5953.68018 0.139122
5953.93994 0.144227
5954.20020 0.148961
5954.45996 0.145547
5954.72021 0.143047
5954.97998 0.146647
5955.24023 0.153335
5955.50000 0.15306
5955.75977 0.148595
5956.02002 0.148366
5956.27979 0.155384
5956.54004 0.159353
5956.79980 0.154863
5957.06006 0.151783
5957.31982 0.156228
5957.58008 0.163521
5957.83984 0.162594
5958.10010 0.1575
5958.37012 0.156643
5958.62988 0.163854
5958.89014 0.16939
5959.14990 0.165231
5959.41016 0.160287
5959.66992 0.166873
5959.93018 0.174199
5960.18994 0.172947
5960.45020 0.165512
5960.70996 0.167232
5960.97021 0.17656
5961.22998 0.180225
5961.49023 0.173845
5961.75000 0.171489
5962.00977 0.177291
5962.27002 0.186247
5962.52979 0.183824
5962.79004 0.176585
5963.04980 0.17913
5963.31006 0.187971
5963.58008 0.191886
5963.83984 0.18494
5964.10010 0.182294
5964.35986 0.189846
5964.62012 0.197727
5964.87988 0.194328
5965.14014 0.18723
5965.39990 0.190408
5965.66016 0.200641
5965.91992 0.204213
5966.18018 0.194529
5966.43994 0.192396
5966.70020 0.203243
5966.95996 0.212179
5967.22021 0.205096
5967.47998 0.199003
5967.74023 0.20425
5968.00000 0.21524
5968.25977 0.217006
5968.52002 0.207725
5968.79004 0.206171
5969.04980 0.217064
5969.31006 0.224534
5969.56982 0.218437
5969.83008 0.210338
5970.08984 0.217616
5970.35010 0.230596
5970.60986 0.228555
5970.87012 0.219692
5971.12988 0.218857
5971.39014 0.230142
5971.64990 0.238702
5971.91016 0.228905
5972.16992 0.222559
5972.43018 0.232075
5972.68994 0.245793
5972.95020 0.242584
5973.20996 0.232945
5973.47021 0.23278
5973.72998 0.247204
5974.00000 0.254137
5974.25977 0.244462
5974.52002 0.236921
5974.77979 0.246868
5975.04004 0.261182
5975.29980 0.257642
5975.56006 0.245104
5975.81982 0.247562
5976.08008 0.264792
5976.33984 0.269165
5976.60010 0.257558
5976.85986 0.251231
5977.12012 0.265141
5977.37988 0.278577
5977.64014 0.271253
5977.89990 0.259526
5978.16016 0.263754
5978.41992 0.282259
5978.68018 0.284679
5978.93994 0.271825
5979.20996 0.266264
5979.47021 0.281513
5979.72998 0.29556
5979.99023 0.286712
5980.25000 0.274281
5980.50977 0.281553
5980.77002 0.300604
5981.02979 0.300339
5981.29004 0.287355
5981.54980 0.285156
5981.81006 0.30085
5982.06982 0.311839
5982.33008 0.301855
5982.58984 0.290071
5982.85010 0.299476
5983.10986 0.319142
5983.37012 0.317792
5983.62988 0.303144
5983.89014 0.300172
5984.14990 0.318571
5984.41992 0.329492
5984.68018 0.320424
5984.93994 0.306304
5985.20020 0.318658
5985.45996 0.337393
5985.72021 0.334399
5985.97998 0.319071
5986.24023 0.317497
5986.50000 0.337746
5986.75977 0.347149
5987.02002 0.336506
5987.27979 0.326971
5987.54004 0.336949
