threeML/data/optical_filters/CAHA/CAHA-f_353_41.ecsv
# %ECSV 0.9
# ---
# datatype:
# - {name: wavelength, unit: Angstrom, datatype: float32}
# - {name: response, datatype: float32}
# meta: !!omap
# - {band_name: f_353_41}
# - {group_name: CAHA}
wavelength response
2698.64111 0.0
2998.48999 0.007075
3000.54004 0.007131
3002.60010 0.007172
3004.64990 0.007396
3006.70996 0.007338
3008.76001 0.00716
3010.81006 0.007303
3012.87012 0.007313
3014.91992 0.007137
3016.97998 0.007253
3019.03003 0.007273
3021.08008 0.007334
3023.13989 0.007326
3025.18994 0.007485
3027.25000 0.00764
3029.30005 0.007304
3031.35010 0.007558
3033.40991 0.007386
3035.45996 0.007262
3037.52002 0.007396
3039.57007 0.007292
3041.62012 0.007137
3043.67993 0.007458
3045.72998 0.00753
3047.79004 0.007573
3049.84009 0.007421
3051.89990 0.007381
3053.94995 0.007432
3056.00000 0.007332
3058.06006 0.007476
3060.11011 0.00763
3062.16992 0.007412
3064.21997 0.007584
3066.27002 0.007603
3068.33008 0.007815
3070.37988 0.007846
3072.43994 0.007528
3074.48999 0.007766
3076.54004 0.0078
3078.60010 0.007605
3080.64990 0.00761
3082.70996 0.007978
3084.76001 0.00783
3086.81006 0.007823
3088.87012 0.007772
3090.91992 0.008088
3092.97998 0.007908
3095.03003 0.007824
3097.08008 0.007972
3099.13989 0.00807
3101.18994 0.007882
3103.25000 0.007932
3105.30005 0.007823
3107.35010 0.007892
3109.40991 0.007857
3111.45996 0.007942
3113.51001 0.00794
3115.57007 0.007975
3117.62012 0.007102
3119.67993 0.007614
3121.72998 0.007398
3123.78003 0.007317
3125.84009 0.008248
3127.88989 0.00827
3129.94995 0.008302
3132.00000 0.008311
3134.05005 0.008172
3136.11011 0.008251
3138.15991 0.00824
3140.21997 0.008153
3142.27002 0.008252
3144.32007 0.008329
3146.37988 0.008263
3148.42993 0.008324
3150.48999 0.008596
3152.54004 0.009573
3154.59009 0.008816
3156.64990 0.008597
3158.69995 0.008308
3160.76001 0.00857
3162.81006 0.008727
3164.86011 0.008513
3166.91992 0.008649
3168.96997 0.008772
3171.03003 0.00871
3173.08008 0.008397
3175.13989 0.00855
3177.18994 0.008704
3179.23999 0.008794
3181.30005 0.009041
3183.35010 0.008797
3185.40991 0.008841
3187.45996 0.009089
3189.51001 0.009178
3191.57007 0.009035
3193.62012 0.009173
3195.67993 0.009351
3197.72998 0.009223
3199.78003 0.00938
3201.84009 0.009485
3203.88989 0.009484
3205.94995 0.009514
3208.00000 0.009156
3210.05005 0.009595
3212.11011 0.009503
3214.15991 0.009694
3216.21997 0.009358
3218.27002 0.009678
3220.32007 0.009488
3222.37988 0.009476
3224.42993 0.009458
3226.48999 0.009762
3228.54004 0.009777
3230.59009 0.009765
3232.64990 0.009929
3234.69995 0.010026
3236.75000 0.010094
3238.81006 0.01023
3240.86011 0.010817
3242.91992 0.01114
3244.96997 0.011406
3247.02002 0.012414
3249.08008 0.01332
3251.12988 0.014143
3253.18994 0.015143
3255.23999 0.016794
3257.29004 0.018117
3259.35010 0.019516
3261.39990 0.021471
3263.45996 0.023047
3265.51001 0.024209
3267.56006 0.02535
3269.62012 0.026478
3271.66992 0.027581
3273.72998 0.028269
3275.78003 0.029265
3277.83008 0.030093
3279.88989 0.030978
3281.93994 0.031768
3284.00000 0.033115
3286.05005 0.033611
3288.10010 0.034484
3290.15991 0.034729
3292.20996 0.035937
3294.27002 0.036582
3296.32007 0.03735
3298.37988 0.038046
3300.42993 0.038611
3302.47998 0.039623
3304.54004 0.040555
3306.59009 0.041008
3308.64990 0.04186
3310.69995 0.042778
3312.75000 0.043222
3314.81006 0.04374
3316.86011 0.045199
3318.91992 0.045499
3320.96997 0.046422
3323.02002 0.047511
3325.08008 0.048473
3327.12988 0.049083
3329.18994 0.050137
3331.23999 0.051054
3333.29004 0.051872
3335.35010 0.052711
3337.39990 0.054133
3339.45996 0.054927
3341.51001 0.055792
3343.56006 0.056873
3345.62012 0.057883
3347.66992 0.059017
3349.72998 0.060702
3351.78003 0.061542
3353.83008 0.062258
3355.88989 0.063161
3357.93994 0.06443
3360.00000 0.065425
3362.05005 0.066562
3364.10010 0.067469
3366.15991 0.068306
3368.20996 0.069519
3370.26001 0.070414
3372.32007 0.070949
3374.37012 0.071408
3376.42993 0.071923
3378.47998 0.073046
3380.53003 0.074454
3382.59009 0.075329
3384.63989 0.076475
3386.69995 0.077547
3388.75000 0.078839
3390.80005 0.079435
3392.86011 0.080497
3394.90991 0.081248
3396.96997 0.082462
3399.02002 0.083161
3401.07007 0.084443
3403.12988 0.086329
3405.17993 0.087766
3407.23999 0.089228
3409.29004 0.090152
3411.34009 0.091495
3413.39990 0.093257
3415.44995 0.094601
3417.51001 0.096196
3419.56006 0.098588
3421.61011 0.100241
3423.66992 0.101611
3425.71997 0.103898
3427.78003 0.104772
3429.83008 0.107377
3431.88989 0.110328
3433.93994 0.111617
3435.98999 0.112376
3438.05005 0.114505
3440.10010 0.116723
3442.15991 0.118885
3444.20996 0.120341
3446.26001 0.122208
3448.32007 0.124286
3450.37012 0.12638
3452.42993 0.1295
3454.47998 0.130952
3456.53003 0.132842
3458.59009 0.134831
3460.63989 0.137647
3462.69995 0.139681
3464.75000 0.1424
3466.80005 0.144376
3468.86011 0.14681
3470.90991 0.148851
3472.96997 0.151621
3475.02002 0.153846
3477.07007 0.155629
3479.12988 0.157297
3481.17993 0.159904
3483.23999 0.162252
3485.29004 0.16402
3487.34009 0.166308
3489.39990 0.168203
3491.44995 0.169667
3493.50000 0.171227
3495.56006 0.172859
3497.61011 0.174591
3499.66992 0.17639
3501.71997 0.17774
3503.77002 0.179643
3505.83008 0.180622
3507.87988 0.182036
3509.93994 0.182765
3511.98999 0.184543
3514.04004 0.186034
3516.10010 0.187192
3518.14990 0.187809
3520.20996 0.188998
3522.26001 0.189339
3524.31006 0.190155
3526.37012 0.192198
3528.41992 0.193053
3530.47998 0.194339
3532.53003 0.195225
3534.58008 0.195621
3536.63989 0.195207
3538.68994 0.196767
3540.75000 0.198452
3542.80005 0.199791
3544.85010 0.199219
3546.90991 0.200354
3548.95996 0.20065
3551.02002 0.201443
3553.07007 0.201879
3555.12012 0.202328
3557.17993 0.202049
3559.22998 0.202314
3561.29004 0.202527
3563.34009 0.202034
3565.39990 0.2019
3567.44995 0.20186
3569.50000 0.202254
3571.56006 0.201158
3573.61011 0.201067
3575.66992 0.201113
3577.71997 0.2003
3579.77002 0.199629
3581.83008 0.200487
3583.87988 0.200004
3585.93994 0.198711
3587.98999 0.198618
3590.04004 0.198684
3592.10010 0.199075
3594.14990 0.199203
3596.20996 0.198833
3598.26001 0.199086
3600.31006 0.199734
3602.37012 0.200277
3604.41992 0.200572
3606.47998 0.201258
3608.53003 0.202196
3610.58008 0.203484
3612.63989 0.205098
3614.68994 0.205888
3616.75000 0.207581
3618.80005 0.20972
3620.85010 0.211236
3622.90991 0.21236
3624.95996 0.214515
3627.01001 0.216097
3629.07007 0.218089
3631.12012 0.219311
3633.17993 0.2206
3635.22998 0.222332
3637.28003 0.224128
3639.34009 0.224911
3641.38989 0.225623
3643.44995 0.227356
3645.50000 0.227021
3647.55005 0.22719
3649.61011 0.226791
3651.65991 0.226834
3653.71997 0.226678
3655.77002 0.225916
3657.82007 0.225061
3659.87988 0.224157
3661.92993 0.222752
3663.98999 0.220632
3666.04004 0.219923
3668.09009 0.218268
3670.14990 0.21648
3672.19995 0.215102
3674.26001 0.212298
3676.31006 0.210948
3678.36011 0.208895
3680.41992 0.208155
3682.46997 0.206543
3684.53003 0.204987
3686.58008 0.203753
3688.63989 0.203109
3690.68994 0.20186
3692.73999 0.200541
3694.80005 0.19996
3696.85010 0.198685
3698.90991 0.196362
3700.95996 0.193692
3703.01001 0.190434
3705.07007 0.184996
3707.12012 0.176672
3709.17993 0.167398
3711.22998 0.155836
3713.28003 0.143129
3715.34009 0.127314
3717.38989 0.112256
3719.44995 0.096276
3721.50000 0.081526
3723.55005 0.067519
3725.61011 0.055085
3727.65991 0.044337
3729.71997 0.035756
3731.77002 0.028633
3733.82007 0.023172
3735.87988 0.019866
3737.92993 0.01736
3739.98999 0.013264
3742.04004 0.011244
3744.09009 0.00972
3746.14990 0.008723
3748.19995 0.007994
3750.25000 0.007406
3752.31006 0.006763
3754.36011 0.006397
3756.41992 0.006053
3758.46997 0.005784
3760.52002 0.005413
3762.58008 0.005361
3764.62988 0.005232
3766.68994 0.005046
3768.73999 0.004779
3770.79004 0.004844
3772.85010 0.004609
3774.89990 0.004548
3776.95996 0.004463
3779.01001 0.004325
3781.06006 0.00423
3783.12012 0.004184
3785.16992 0.004126
4163.68701 0.0
