threeML/data/optical_filters/CAHA/CAHA-f_586_21.ecsv
# %ECSV 0.9
# ---
# datatype:
# - {name: wavelength, unit: Angstrom, datatype: float32}
# - {name: response, datatype: float32}
# meta: !!omap
# - {band_name: f_586_21}
# - {group_name: CAHA}
wavelength response
[from data line 1612]
6011.68994 0.094652
6011.95020 0.093348
6012.20996 0.093461
6012.47021 0.092415
6012.72998 0.0916
6012.99023 0.090883
6013.25000 0.090402
6013.50977 0.089665
6013.77002 0.089194
6014.02979 0.087957
6014.29004 0.087659
6014.54980 0.086569
6014.81006 0.085912
6015.06982 0.085589
6015.33008 0.085299
6015.60010 0.084457
6015.85986 0.08355
6016.12012 0.083433
6016.37988 0.083048
6016.64014 0.082797
6016.89990 0.08134
6017.16016 0.080892
6017.41992 0.079684
6017.68018 0.079972
6017.93994 0.079482
6018.20020 0.078338
6018.45996 0.077155
6018.72021 0.078335
6018.97998 0.076356
6019.25000 0.076329
6019.50977 0.075746
6019.77002 0.075564
6020.02979 0.074645
6020.29004 0.07393
6020.54980 0.072907
6020.81006 0.072069
6021.06982 0.072587
6021.33008 0.072433
6021.58984 0.070383
6021.85010 0.070277
6022.10986 0.070371
6022.37012 0.06907
6022.62988 0.069592
6022.89990 0.068984
6023.16016 0.067586
6023.41992 0.067499
6023.68018 0.066864
6023.93994 0.06615
6024.20020 0.06611
6024.45996 0.064816
6024.72021 0.06545
6024.97998 0.064658
6025.24023 0.064148
6025.50000 0.062854
6025.75977 0.063101
6026.02002 0.062406
6026.27979 0.062305
6026.54004 0.061249
6026.81006 0.060863
6027.06982 0.059936
6027.33008 0.060781
6027.58984 0.060044
6027.85010 0.059963
6028.10986 0.059221
6028.37012 0.058064
6028.62988 0.057786
6028.89014 0.056676
6029.14990 0.056814
6029.41016 0.056328
6029.66992 0.055983
6029.93018 0.055694
6030.18994 0.05521
6030.45996 0.054615
6030.72021 0.054258
6030.97998 0.054331
6031.24023 0.053568
6031.50000 0.053375
6031.75977 0.052249
6032.02002 0.052368
6032.27979 0.051572
6032.54004 0.05104
6032.79980 0.05128
6033.06006 0.050414
6033.31982 0.050075
6033.58008 0.048731
6033.83984 0.049223
6034.10986 0.049201
6034.37012 0.048082
6034.62988 0.047869
6034.89014 0.048421
6035.14990 0.04757
6035.41016 0.046885
6035.66992 0.046829
6035.93018 0.046569
6036.18994 0.045742
6036.45020 0.045772
6036.70996 0.045451
6036.97021 0.044803
6037.22998 0.044293
6037.49023 0.044355
6037.75977 0.043721
6038.02002 0.04357
6038.27979 0.043416
6038.54004 0.042782
6038.79980 0.042794
6039.06006 0.042217
6039.31982 0.041168
6039.58008 0.041796
6039.83984 0.040901
6040.10010 0.041188
6040.35986 0.041107
6040.62012 0.039641
6040.87988 0.039812
6041.14014 0.0401
6041.39990 0.039404
6041.66992 0.038705
6041.93018 0.039038
6042.18994 0.038107
6042.45020 0.038183
6042.70996 0.038063
6042.97021 0.037974
6043.22998 0.037289
6043.49023 0.037558
6043.75000 0.036942
6044.00977 0.036984
6044.27002 0.036566
6044.52979 0.035815
6044.79004 0.035789
6045.04980 0.035292
6045.31982 0.035521
6045.58008 0.035215
6045.83984 0.034843
6046.10010 0.034412
6046.35986 0.034257
6046.62012 0.033668
6046.87988 0.033261
6047.14014 0.033919
6047.39990 0.033395
6047.66016 0.033023
6047.91992 0.032797
6048.18018 0.032401
6048.43994 0.03258
6048.70020 0.032449
6048.97021 0.032242
6049.22998 0.032369
6049.49023 0.031449
6049.75000 0.031281
6050.00977 0.030871
6050.27002 0.030976
6050.52979 0.030548
6050.79004 0.029638
6051.04980 0.030574
6051.31006 0.029781
6051.56982 0.029547
6051.83008 0.029165
6052.08984 0.0291
6052.35010 0.02922
6052.62012 0.029254
6052.87988 0.029206
6053.14014 0.028774
6053.39990 0.028328
6053.66016 0.028653
6053.91992 0.028118
6054.18018 0.027949
6054.43994 0.027869
6054.70020 0.027733
6054.95996 0.027444
6055.22021 0.027525
6055.47998 0.027025
6055.74023 0.02692
6056.00000 0.026796
6056.27002 0.026092
6056.52979 0.026547
6056.79004 0.026438
6057.04980 0.02573
6057.31006 0.026067
6057.56982 0.025376
6057.83008 0.02591
6058.08984 0.025806
6058.35010 0.0254
6058.60986 0.025371
6058.87012 0.024418
6059.12988 0.024807
6059.39014 0.024906
6059.64990 0.024118
6059.91016 0.02439
6060.18018 0.023724
6060.43994 0.023755
6060.70020 0.023516
6060.95996 0.023353
6061.22021 0.023117
6061.47998 0.023253
6061.74023 0.023071
6062.00000 0.022903
6062.25977 0.022533
6062.52002 0.022201
6062.77979 0.022651
6063.04004 0.021859
6063.29980 0.021685
6063.56006 0.021492
6063.83008 0.021447
6064.08984 0.021533
6064.35010 0.021535
6064.60986 0.021297
6064.87012 0.021321
6065.12988 0.021398
6065.39014 0.021279
6065.64990 0.020347
6065.91016 0.020988
6066.16992 0.020608
6066.43018 0.020454
6066.68994 0.02013
6066.95020 0.020212
6067.20996 0.019655
6067.47998 0.020192
6067.74023 0.020574
6068.00000 0.019335
6068.25977 0.019591
6068.52002 0.019692
6068.77979 0.019556
6069.04004 0.018888
6069.29980 0.018566
6069.56006 0.01886
6069.81982 0.019364
6070.08008 0.01942
6070.33984 0.018151
6070.60010 0.018444
6070.85986 0.018818
6071.12012 0.018305
6071.39014 0.01823
6071.64990 0.018113
6071.91016 0.018043
6072.16992 0.018068
6072.43018 0.017711
6072.68994 0.017626
6072.95020 0.017624
6073.20996 0.017719
6073.47021 0.017734
6073.72998 0.017415
6073.99023 0.017612
6074.25000 0.017449
6074.50977 0.017028
6074.77002 0.017023
6075.04004 0.017019
6075.29980 0.016911
6075.56006 0.017318
6075.81982 0.016236
6076.08008 0.016469
6076.33984 0.01624
6076.60010 0.016349
6076.85986 0.016541
6077.12012 0.016048
6077.37988 0.016104
6077.64014 0.016378
6077.89990 0.016272
6078.16016 0.016408
6078.41992 0.015698
6078.68994 0.015675
6078.95020 0.015328
6079.20996 0.015248
6079.47021 0.015772
6079.72998 0.016104
6079.99023 0.015425
6080.25000 0.015408
6080.50977 0.014661
6080.77002 0.014994
6081.02979 0.015171
6081.29004 0.015001
6081.54980 0.014919
6081.81006 0.01472
6082.06982 0.014928
6082.33008 0.014305
6082.60010 0.014377
6082.85986 0.014361
6083.12012 0.014516
6083.37988 0.014321
6083.64014 0.014312
6083.89990 0.01438
6084.16016 0.014475
6084.41992 0.013868
6084.68018 0.014354
6084.93994 0.013911
6085.20020 0.013742
6085.45996 0.013789
6085.72021 0.013371
6085.97998 0.013542
6086.25000 0.01334
6086.50977 0.013151
6086.77002 0.013579
6087.02979 0.01346
6087.29004 0.013547
6087.54980 0.013508
6087.81006 0.012996
6088.06982 0.012907
6088.33008 0.012836
6088.58984 0.012896
6088.85010 0.012735
6089.10986 0.012551
6089.37012 0.012602
6089.62988 0.012548
6089.89990 0.012557
6090.16016 0.012457
6090.41992 0.012502
6090.68018 0.012314
6090.93994 0.012155
6091.20020 0.012141
6091.45996 0.012205
6091.72021 0.012091
6091.97998 0.012017
6092.24023 0.011856
6092.50000 0.011862
6092.75977 0.012134
6093.02002 0.011556
6093.27979 0.011623
6093.54004 0.011687
6093.81006 0.011502
6094.06982 0.011648
6094.33008 0.011307
6094.58984 0.011133
6094.85010 0.011343
6095.10986 0.011016
6095.37012 0.010992
6095.62988 0.011206
6095.89014 0.01101
6096.14990 0.011446
6096.41016 0.011161
6096.66992 0.010975
6096.93018 0.010702
6097.18994 0.010827
6097.45996 0.010894
6097.72021 0.010535
6097.97998 0.011013
6098.24023 0.010897
6098.50000 0.010581
6098.75977 0.010608
6099.02002 0.010614
6099.27979 0.010483
6099.54004 0.010782
6099.79980 0.010433
6100.06006 0.01034
6100.31982 0.01024
6100.58008 0.010473
6100.83984 0.009958
6101.10986 0.010228
6101.37012 0.009919
6101.62988 0.010248
6101.89014 0.009773
6102.14990 0.010351
6102.41016 0.00986
6102.66992 0.009984
6102.93018 0.010107
6103.18994 0.010166
6103.45020 0.009806
6103.70996 0.009694
6103.97021 0.009592
6104.22998 0.009469
6104.49023 0.009553
6104.75000 0.009446
6105.02002 0.009492
6105.27979 0.009364
6105.54004 0.00949
6105.79980 0.0094
6106.06006 0.0094
6106.31982 0.009323
6106.58008 0.00945
6106.83984 0.009419
6107.10010 0.009242
6107.35986 0.00939
6107.62012 0.008823
6107.87988 0.008996
6108.14014 0.009094
6108.39990 0.009081
6108.66992 0.009368
6108.93018 0.00864
6109.18994 0.00911
6109.45020 0.008995
6109.70996 0.008571
6109.97021 0.008452
6110.22998 0.008907
6110.49023 0.008516
6110.75000 0.008718
6111.00977 0.008551
6111.27002 0.008526
6111.52979 0.008448
6111.79004 0.008683
6112.04980 0.008465
6112.31982 0.008374
6112.58008 0.008405
6112.83984 0.008041
6113.10010 0.007872
6113.35986 0.008221
6113.62012 0.008095
6113.87988 0.008222
6114.14014 0.00802
6114.39990 0.008081
6114.66016 0.007982
6114.91992 0.008018
6115.18018 0.008095
6115.43994 0.00791
6115.70020 0.007839
6115.97021 0.007829
6116.22998 0.008036
6116.49023 0.007595
6116.75000 0.007809
6117.00977 0.00793
6117.27002 0.00778
6117.52979 0.007558
6117.79004 0.00751
6118.04980 0.008119
6118.31006 0.00796
6118.56982 0.00758
6118.83008 0.007341
6119.08984 0.007246
6119.35010 0.007803
6119.62012 0.007185
6119.87988 0.007349
6120.14014 0.007664
6120.39990 0.007388
6120.66016 0.007331
6120.91992 0.007134
6121.18018 0.00733
6121.43994 0.007225
6121.70020 0.007093
6121.95996 0.007241
6122.22021 0.007019
6122.47998 0.007417
6122.74023 0.007451
6123.00000 0.007279
6123.25977 0.007257
6123.52979 0.007044
6123.79004 0.006792
6124.04980 0.007098
6124.31006 0.006896
6124.56982 0.007125
6124.83008 0.006981
6125.08984 0.006983
6125.35010 0.006652
6125.60986 0.006755
6125.87012 0.006706
6126.12988 0.007194
6126.39014 0.007017
6126.64990 0.006409
6126.91016 0.006519
6127.18018 0.007104
6127.43994 0.006434
6127.70020 0.006384
6127.95996 0.00688
6128.22021 0.006452
6128.47998 0.006467
6128.74023 0.006732
6129.00000 0.006519
6129.25977 0.006573
6129.52002 0.006412
6129.77979 0.006377
6130.04004 0.006582
6130.29980 0.006179
6130.56006 0.006609
6130.83008 0.006536
6131.08984 0.006274
6131.35010 0.006474
6131.60986 0.006634
6131.87012 0.006334
6132.12988 0.006378
6132.39014 0.006224
6132.64990 0.006297
6132.91016 0.005948
6133.16992 0.006481
6133.43018 0.006518
6133.68994 0.006119
6133.95020 0.006017
6134.20996 0.006225
6134.47998 0.006526
6134.74023 0.006075
6135.00000 0.005772
6135.25977 0.006123
6135.52002 0.005752
6135.77979 0.006165
6136.04004 0.005988
6136.29980 0.005899
6136.56006 0.006098
6136.81982 0.005981
6137.08008 0.005801
6137.33984 0.005776
6137.60010 0.005726
6137.85986 0.005984
6138.12012 0.005696
6138.39014 0.005593
6138.64990 0.005704
6138.91016 0.00544
6139.16992 0.005998
6139.43018 0.005387
6139.68994 0.005499
6139.95020 0.005459
6140.20996 0.005357
6140.47021 0.005238
6140.72998 0.005488
6140.99023 0.005672
6141.25000 0.005318
6141.50977 0.005424
6141.77002 0.005605
6142.04004 0.005465
6142.29980 0.005307
6142.56006 0.005727
6142.81982 0.005503
6143.08008 0.005308
6143.33984 0.005077
6143.60010 0.00505
6143.85986 0.005202
6144.12012 0.00538
6144.37988 0.00545
6144.64014 0.005417
6144.89990 0.005038
6145.16016 0.005393
6145.41992 0.0053
6145.68994 0.005311
6145.95020 0.004831
6146.20996 0.005373
6146.47021 0.005414
6146.72998 0.005144
6146.99023 0.005241
6147.25000 0.005302
6147.50977 0.004829
6147.77002 0.00506
6148.02979 0.004925
6148.29004 0.005124
6148.54980 0.005368
6148.81006 0.004901
6149.06982 0.004996
6149.33008 0.00508
6149.60010 0.004858
6149.85986 0.005166
6150.12012 0.005057
6150.37988 0.004825
6150.64014 0.004783
6150.89990 0.004799
6151.16016 0.004933
6151.41992 0.005
6151.68018 0.00466
6151.93994 0.005012
6152.20020 0.004947
6152.45996 0.004609
6152.72021 0.004881
6152.97998 0.004847
6153.25000 0.00461
6153.50977 0.004872
6153.77002 0.005058
6154.02979 0.00442
6154.29004 0.004519
6154.54980 0.004669
6154.81006 0.004021
6155.06982 0.00468
6155.33008 0.004926
6155.58984 0.004531
6155.85010 0.004684
6156.10986 0.004257
6156.37012 0.004613
6156.62988 0.004421
6156.89990 0.00428
6157.16016 0.004613
6157.41992 0.004274
6157.68018 0.004455
6157.93994 0.004317
6158.20020 0.004334
6158.45996 0.004391
6158.72021 0.004166
6158.97998 0.004415
6159.24023 0.004429
6775.16406 0.0
