threeML/data/optical_filters/CAHA/CAHA-f_659_1.ecsv
# %ECSV 0.9
# ---
# datatype:
# - {name: wavelength, unit: Angstrom, datatype: float32}
# - {name: response, datatype: float32}
# meta: !!omap
# - {band_name: f_659_1}
# - {group_name: CAHA}
wavelength response
5911.46094 0.0
6568.29004 0.004106
6568.56006 0.004288
6568.81982 0.004474
6569.08008 0.004627
6569.33984 0.004795
6569.60010 0.005022
6569.85986 0.005388
6570.12012 0.005618
6570.37988 0.005827
6570.64990 0.006071
6570.91016 0.006531
6571.16992 0.006906
6571.43018 0.007187
6571.68994 0.007638
6571.95020 0.007942
6572.20996 0.008562
6572.47021 0.008969
6572.72998 0.00944
6573.00000 0.010009
6573.25977 0.010557
6573.52002 0.011252
6573.77979 0.012115
6574.04004 0.01286
6574.29980 0.013735
6574.56006 0.014802
6574.81982 0.015485
6575.08008 0.016601
6575.35010 0.017826
6575.60986 0.019005
6575.87012 0.020346
6576.12988 0.021781
6576.39014 0.02345
6576.64990 0.025697
6576.91016 0.02714
6577.16992 0.029757
6577.43994 0.031989
6577.70020 0.034909
6577.95996 0.037562
6578.22021 0.041352
6578.47998 0.04459
6578.74023 0.048696
6579.00000 0.052684
6579.25977 0.057794
6579.52979 0.062921
6579.79004 0.068367
6580.04980 0.074887
6580.31006 0.081754
6580.56982 0.089708
6580.83008 0.098013
6581.08984 0.107395
6581.35010 0.116405
6581.62012 0.127108
6581.87988 0.138201
6582.14014 0.148874
6582.39990 0.160656
6582.66016 0.172961
6582.91992 0.185293
6583.18018 0.197871
6583.43994 0.209909
6583.70020 0.222159
6583.97021 0.234851
6584.22998 0.245926
6584.49023 0.257454
6584.75000 0.266986
6585.00977 0.277186
6585.27002 0.286071
6585.52979 0.29325
6585.79004 0.299552
6586.06006 0.305802
6586.31982 0.30956
6586.58008 0.31307
6586.83984 0.316331
6587.10010 0.319632
6587.35986 0.32083
6587.62012 0.323136
6587.87988 0.323238
6588.14990 0.32407
6588.41016 0.323642
6588.66992 0.324461
6588.93018 0.323224
6589.18994 0.321261
6589.45020 0.318418
6589.70996 0.316655
6589.97021 0.313551
6590.22998 0.309449
6590.50000 0.305006
6590.75977 0.299641
6591.02002 0.294129
6591.27979 0.287048
6591.54004 0.280027
6591.79980 0.272082
6592.06006 0.263474
6592.31982 0.252317
6592.58984 0.242336
6592.85010 0.231582
6593.10986 0.219714
6593.37012 0.207891
6593.62988 0.198055
6593.89014 0.186828
6594.14990 0.176655
6594.41016 0.165815
6594.68018 0.155909
6594.93994 0.145318
6595.20020 0.137258
6595.45996 0.127643
6595.72021 0.119314
6595.97998 0.111601
6596.24023 0.103849
6596.50000 0.097167
6596.75977 0.090335
6597.02979 0.08446
6597.29004 0.079122
6597.54980 0.073814
6597.81006 0.069353
6598.06982 0.064495
6598.33008 0.05985
6598.58984 0.055521
6598.85010 0.051664
6599.12012 0.048011
6599.37988 0.044358
6599.64014 0.041411
6599.89990 0.038429
6600.16016 0.035353
6600.41992 0.03331
6600.68018 0.030467
6600.93994 0.028777
6601.20996 0.026805
6601.47021 0.024949
6601.72998 0.023184
6601.99023 0.021391
6602.25000 0.019956
6602.50977 0.018812
6602.77002 0.017236
6603.02979 0.016319
6603.29004 0.015127
6603.56006 0.01418
6603.81982 0.013388
6604.08008 0.012669
6604.33984 0.011758
6604.60010 0.011135
6604.85986 0.010334
6605.12012 0.00976
6605.37988 0.009282
6605.64990 0.008821
6605.91016 0.008297
6606.16992 0.007826
6606.43018 0.007347
6606.68994 0.007156
6606.95020 0.006624
6607.20996 0.006409
6607.47021 0.006055
6607.74023 0.005849
6608.00000 0.005596
6608.25977 0.005282
6608.52002 0.005158
6608.77979 0.004952
6609.04004 0.004704
6609.29980 0.004473
6609.56006 0.004289
6609.81982 0.004002
7270.80176 0.0
