threeML/data/optical_filters/CAHA/CAHA-f_641_158.ecsv
# %ECSV 0.9
# ---
# datatype:
# - {name: wavelength, unit: Angstrom, datatype: float32}
# - {name: response, datatype: float32}
# meta: !!omap
# - {band_name: f_641_158}
# - {group_name: CAHA}
wavelength response
[from data line 805]
8029.06396 0.084922
8032.37109 0.084295
8035.67822 0.083648
8038.98486 0.08299
8042.29199 0.082333
8045.59912 0.081686
8048.90576 0.081056
8052.21289 0.08045
8055.52100 0.079867
8058.82812 0.079306
8062.13477 0.078763
8065.44189 0.078231
8068.75000 0.077706
8072.05713 0.077181
8075.36377 0.076654
8078.67090 0.076124
8081.97900 0.075592
8085.28711 0.075063
8088.59424 0.07454
8091.90088 0.074027
8095.20898 0.073525
8098.51709 0.073036
8101.82520 0.072554
8105.13184 0.072078
8108.43994 0.071603
8111.74805 0.071125
8115.05615 0.070642
8118.36377 0.070151
8121.67188 0.06965
8124.97998 0.069136
8128.28809 0.068609
8131.59619 0.068068
8134.90381 0.067514
8138.21191 0.06695
8141.52002 0.066382
8144.82910 0.065813
8148.13721 0.06525
8151.44482 0.064697
8154.75293 0.064158
8158.06201 0.063637
8161.37012 0.063135
8164.67920 0.062656
8167.98682 0.062202
8171.29590 0.061776
8174.60400 0.061378
8177.91309 0.061011
8181.22217 0.060672
8184.52979 0.060356
8187.83887 0.060055
8191.14795 0.05976
8194.45703 0.059458
8197.76562 0.05914
8201.07422 0.058798
8204.38379 0.058429
8207.69238 0.058035
8211.00098 0.057623
8214.31055 0.057202
8217.62012 0.056781
8220.92871 0.056367
8224.23828 0.055964
8227.54688 0.055571
8230.85645 0.055184
8234.16602 0.054796
8237.47559 0.054404
8240.78418 0.054004
8244.09375 0.053598
8247.40332 0.053191
8250.71289 0.052787
8254.02246 0.052392
8257.33203 0.052009
8260.64160 0.051642
8263.95117 0.051289
8267.26074 0.05095
8270.57031 0.050626
8273.87988 0.050318
8277.19043 0.050026
8280.50000 0.049754
8283.80957 0.049499
8287.12012 0.049259
8290.42969 0.049028
8293.74023 0.0488
8297.04980 0.048566
8300.36035 0.048321
8303.66992 0.048061
8306.98047 0.047784
8310.29102 0.047491
8313.60059 0.047183
8316.91113 0.046863
8320.22168 0.046535
8323.53223 0.0462
8326.84180 0.045861
8330.15234 0.045519
8333.46289 0.045178
8336.77344 0.044841
8340.08398 0.04451
8343.39453 0.044186
8346.70508 0.043873
8350.01660 0.043569
8353.32715 0.043275
8356.63770 0.042989
8359.94824 0.04271
8363.25977 0.042433
8366.57031 0.042155
8369.88086 0.041874
8373.19238 0.041588
8376.50293 0.041298
8379.81445 0.041004
8383.12500 0.040708
8386.43652 0.040413
8389.74805 0.04012
8393.05859 0.039828
8396.37012 0.039536
8399.68164 0.039243
8402.99316 0.038947
8406.30371 0.038649
8409.61523 0.038351
8412.92676 0.038058
8416.23828 0.037774
8419.54980 0.037505
8422.86133 0.037253
8426.17285 0.037016
8429.48535 0.036791
8432.79688 0.036572
8436.10840 0.036351
8439.41992 0.036123
8442.73145 0.035885
8446.04395 0.035636
8449.35547 0.035376
8452.66699 0.035107
8455.97852 0.034829
8459.29102 0.034544
8462.60352 0.034254
8465.91504 0.033959
8469.22754 0.033661
8472.54004 0.033365
8475.85156 0.033072
8479.16406 0.032787
8482.47656 0.032512
8485.78906 0.032251
8489.10156 0.032004
8492.41406 0.031772
8495.72559 0.031553
8499.03809 0.031346
8502.35156 0.031149
8505.66406 0.030958
8508.97656 0.030771
8512.28906 0.030585
8515.60156 0.030399
8518.91406 0.03021
8522.22754 0.03002
8525.54004 0.02983
8528.85254 0.029644
8532.16602 0.029462
8535.47852 0.029286
8538.79102 0.029115
8542.10352 0.028945
8545.41699 0.028769
8548.73047 0.028583
8552.04297 0.028382
8555.35645 0.028163
8558.66992 0.027931
8561.98340 0.027687
8565.29688 0.027442
8568.60938 0.0272
8571.92285 0.026972
8575.23633 0.026761
8578.54980 0.026573
8581.86328 0.026409
8585.17676 0.026268
8588.49023 0.02615
8591.80371 0.026051
8595.11816 0.025966
8598.43164 0.025889
8601.74512 0.025813
8605.05859 0.025732
8608.37305 0.025639
8611.68652 0.025529
8615.00000 0.025397
8618.31445 0.025242
8621.62793 0.025066
8624.94238 0.024871
8628.25586 0.024662
8631.57031 0.024447
8634.88477 0.024233
8638.19824 0.024028
8641.51270 0.023837
8644.82715 0.023665
8648.14160 0.023515
8651.45508 0.023385
8654.76953 0.023273
8658.08398 0.023175
8661.39844 0.023084
8664.71289 0.022993
8668.02734 0.022895
8671.34180 0.022784
8674.65625 0.022654
8677.97168 0.022504
8681.28613 0.022337
8684.60059 0.022156
8687.91602 0.021966
8691.23047 0.021776
8694.54492 0.021589
8697.86035 0.02141
8701.17480 0.021242
8704.48926 0.021086
8707.80469 0.020938
8711.12012 0.020797
8714.43457 0.020658
8717.75000 0.020518
8721.06543 0.020374
8724.37988 0.020224
8727.69531 0.020071
8731.01074 0.019916
8734.32617 0.019764
8737.64160 0.019619
8740.95703 0.019482
8744.27246 0.019357
8747.58789 0.019241
8750.90332 0.019132
8754.21875 0.019028
8757.53418 0.018926
8760.84961 0.018824
8764.16504 0.018721
8767.48145 0.018619
8770.79688 0.01852
8774.11230 0.018424
8777.42871 0.018332
8780.74414 0.018243
8784.06055 0.018155
8787.37598 0.018065
8790.69238 0.017972
8794.00781 0.017876
8797.32422 0.017777
8800.64062 0.017676
8803.95703 0.017573
8807.27246 0.017467
8810.58887 0.017356
8813.90527 0.01724
8817.22168 0.017116
8820.53809 0.016985
8823.85352 0.016849
8827.17090 0.016712
8830.48730 0.016579
8833.80371 0.016455
8837.12012 0.01634
8840.43652 0.016237
8843.75293 0.016142
8847.07031 0.016053
8850.38672 0.015967
8853.70312 0.015883
8857.02148 0.015801
8860.33691 0.015722
8863.65430 0.015647
8866.97070 0.015577
8870.28809 0.015511
8873.60352 0.015444
8876.92188 0.015375
8880.23926 0.015299
8883.55566 0.015216
8886.87305 0.015126
8890.19043 0.015032
8893.50684 0.014938
8896.82422 0.014846
8900.14160 0.014757
8903.45898 0.01467
8906.77637 0.014583
8910.09375 0.014492
8913.41113 0.014396
8916.72852 0.014293
8920.04590 0.014183
8923.36426 0.014066
8926.68164 0.013946
8929.99902 0.013827
8933.31738 0.013711
8936.63477 0.013603
8939.95215 0.013504
8943.27148 0.013417
8946.58789 0.01334
8949.90625 0.013272
8953.22363 0.013211
8956.54199 0.013154
8959.85938 0.013096
8963.17773 0.013037
8966.49609 0.012975
8969.81445 0.012911
8973.13281 0.012847
8976.45020 0.012787
8979.76855 0.012737
8983.08691 0.012702
8986.40527 0.012685
8989.72363 0.01269
8993.04199 0.012716
8996.36035 0.012762
8999.67871 0.012822
9002.99805 0.012887
9006.31641 0.012948
9009.63477 0.012994
9012.95312 0.013017
9016.27246 0.013012
9019.59082 0.012975
9022.90918 0.012908
9026.22852 0.012815
9029.54688 0.012701
9032.86621 0.012574
9036.18457 0.012441
9039.50391 0.012311
9042.82227 0.01219
9046.14160 0.012084
9049.46094 0.011996
9052.78027 0.011926
9056.09961 0.011875
9059.41797 0.011837
9062.73730 0.011809
9066.05664 0.011785
9069.37598 0.01176
9072.69531 0.011729
9076.01465 0.011689
9079.33398 0.011641
9082.65332 0.011584
9085.97363 0.01152
9089.29297 0.011449
9092.61230 0.011369
9095.93262 0.01128
9099.25195 0.011177
9102.57129 0.011063
9105.89160 0.010936
9109.21094 0.0108
9112.53125 0.010662
9115.85059 0.010527
9119.17090 0.0104
9122.49023 0.010287
9125.81055 0.010191
9129.13086 0.010113
9132.45020 0.010055
9135.77148 0.010014
9139.09082 0.00999
9142.41113 0.009977
9145.73145 0.009971
9149.05176 0.009971
9152.37207 0.009975
9155.69238 0.009986
9159.01270 0.010006
9162.33301 0.010042
9165.65332 0.010095
9168.97461 0.010166
9172.29492 0.010252
9175.61523 0.010344
9178.93555 0.010433
9182.25684 0.010511
9185.57715 0.010569
9188.89844 0.010603
9192.21875 0.01061
9195.53906 0.010588
9198.86035 0.010535
9202.18164 0.010452
9205.50195 0.01034
9208.82324 0.010205
9212.14453 0.010053
9215.46484 0.009894
9218.78613 0.009738
9222.10742 0.009596
9225.42871 0.009474
9228.75000 0.009376
9232.07129 0.009301
9235.39258 0.009245
9238.71387 0.009202
9242.03516 0.009167
9245.35645 0.009137
9248.67773 0.00911
9252.00000 0.009088
9255.32129 0.009074
9258.64258 0.009071
9261.96484 0.009082
9265.28613 0.009106
9268.60742 0.009142
9271.92969 0.009187
9275.25098 0.009237
9278.57324 0.009286
9281.89453 0.009331
9285.21680 0.009365
9288.53906 0.009385
9291.86035 0.009389
9295.18262 0.009375
9298.50488 0.009346
9301.82715 0.009305
9305.14941 0.009256
9308.47070 0.009204
9311.79395 0.009151
9315.11523 0.009101
9318.43848 0.009055
9321.76074 0.009012
9325.08301 0.008973
9328.40527 0.008936
9331.72754 0.0089
9335.04980 0.008866
9338.37207 0.008832
9341.69531 0.008799
9345.01758 0.008765
9348.33984 0.008731
9351.66309 0.008698
9354.98535 0.008665
9358.30859 0.008631
9361.63086 0.008598
9364.95410 0.008564
9368.27734 0.008531
9371.59961 0.008498
9374.92285 0.008464
9378.24609 0.008431
9381.56934 0.008397
9384.89258 0.008364
9388.21484 0.00833
9391.53809 0.008297
9394.86133 0.008263
9398.18457 0.00823
9401.50781 0.008197
9404.83203 0.008163
9408.15527 0.00813
9411.47852 0.008096
9414.80176 0.008063
9418.12500 0.008029
9421.44824 0.007996
9424.77246 0.007962
9428.09570 0.007929
9431.41895 0.007896
9434.74316 0.007862
9438.06738 0.007829
9441.39062 0.007795
9444.71484 0.007762
9448.03809 0.007728
9451.36230 0.007695
9454.68652 0.007661
9458.00977 0.007628
9461.33398 0.007595
9464.65820 0.007561
9467.98242 0.007528
9471.30664 0.007494
9474.63086 0.007461
9477.95508 0.007427
9481.27930 0.007394
9484.60352 0.00736
9487.92773 0.007327
9491.25195 0.007294
9494.57617 0.00726
9497.90039 0.007227
9501.22559 0.007193
9504.54980 0.00716
9507.87402 0.007126
9511.19922 0.007093
9514.52344 0.00706
9517.84863 0.007026
9521.17285 0.006993
9524.49805 0.006959
9527.82227 0.006926
9531.14746 0.006892
9534.47168 0.006859
9537.79688 0.006825
9541.12207 0.006792
9544.44727 0.006759
9547.77246 0.006725
9551.09766 0.006692
9554.42188 0.006658
9557.74805 0.006625
9561.07227 0.006591
9564.39746 0.006558
9567.72363 0.006524
9571.04883 0.006491
9574.37402 0.006458
9577.69922 0.006424
9581.02441 0.006391
9584.34961 0.006357
9587.67578 0.006324
9591.00098 0.00629
9594.32715 0.006257
9597.65234 0.006223
9600.97852 0.00619
9604.30371 0.006157
9607.62891 0.006123
9610.95508 0.00609
9614.28125 0.006056
9617.60645 0.006023
9620.93262 0.005989
9624.25879 0.005956
9627.58496 0.005922
9630.91113 0.005889
9634.23730 0.005856
9637.56348 0.005822
9640.88965 0.005789
9644.21582 0.005755
9647.54102 0.005722
9650.86816 0.005688
9654.19434 0.005655
9657.52148 0.005621
9660.84668 0.005588
9664.17383 0.005555
9667.50000 0.005521
9670.82617 0.005488
9674.15332 0.005454
9677.47852 0.005421
9680.80664 0.005387
9684.13281 0.005354
9687.45898 0.005321
9690.78613 0.005287
9694.11328 0.005254
9697.43945 0.00522
9700.76660 0.005187
9704.09375 0.005153
9707.42090 0.00512
9710.74707 0.005086
9714.07422 0.005053
9717.40137 0.00502
9720.72852 0.004986
9724.05566 0.004953
9727.38281 0.004919
9730.70996 0.004886
9734.03711 0.004852
9737.36426 0.004819
9740.69238 0.004785
9744.01953 0.004752
9747.34668 0.004719
9750.67383 0.004685
9754.00195 0.004652
9757.32910 0.004618
9760.65723 0.004585
9763.98438 0.004551
9767.31348 0.004518
9770.63965 0.004484
9773.96777 0.004451
9777.29590 0.004418
9780.62305 0.004384
9783.95117 0.004351
9787.27930 0.004317
9790.60645 0.004284
9793.93555 0.00425
9797.26270 0.004217
9800.59082 0.004183
9803.91895 0.00415
9807.24707 0.004117
9810.57520 0.004083
9813.90332 0.00405
9817.23145 0.004016
10798.95508 0.0
