threeML/data/optical_filters/CAHA/CAHA-f_572_21.ecsv
# %ECSV 0.9
# ---
# datatype:
# - {name: wavelength, unit: Angstrom, datatype: float32}
# - {name: response, datatype: float32}
# meta: !!omap
# - {band_name: f_572_21}
# - {group_name: CAHA}
wavelength response
4909.11279 0.0
5454.56982 0.004061
5454.83008 0.003982
5455.08984 0.003772
5455.35010 0.003884
5455.60986 0.00425
5455.87012 0.004227
5456.12988 0.004075
5456.39014 0.004127
5456.64990 0.004038
5456.91992 0.003772
5457.18018 0.004126
5457.43994 0.004319
5457.70020 0.004202
5457.95996 0.00403
5458.22021 0.003991
5458.47998 0.004127
5458.74023 0.004075
5459.00000 0.003993
5459.25977 0.004274
5459.52002 0.004375
5459.77979 0.004097
5460.04004 0.004282
5460.29980 0.004584
5460.56982 0.004385
5460.83008 0.004568
5461.08984 0.004452
5461.35010 0.004547
5461.60986 0.00412
5461.87012 0.00444
5462.12988 0.004599
5462.39014 0.004406
5462.64990 0.004484
5462.91016 0.004801
5463.16992 0.004631
5463.43018 0.00433
5463.68994 0.004689
5463.95020 0.00488
5464.22021 0.004645
5464.47998 0.004623
5464.74023 0.004926
5465.00000 0.004778
5465.25977 0.004811
5465.52002 0.00501
5465.77979 0.005039
5466.04004 0.004891
5466.29980 0.005093
5466.56006 0.004821
5466.81982 0.005194
5467.08008 0.004949
5467.33984 0.005085
5467.60010 0.005269
5467.87012 0.005203
5468.12988 0.005341
5468.39014 0.005283
5468.64990 0.005029
5468.91016 0.00527
5469.16992 0.005409
5469.43018 0.005253
5469.68994 0.00537
5469.95020 0.00529
5470.20996 0.005266
5470.47021 0.005262
5470.72998 0.005329
5470.99023 0.005378
5471.25000 0.005356
5471.50977 0.005638
5471.77979 0.005392
5472.04004 0.005492
5472.29980 0.005389
5472.56006 0.005496
5472.81982 0.005602
5473.08008 0.005531
5473.33984 0.005768
5473.60010 0.005683
5473.85986 0.005937
5474.12012 0.005849
5474.37988 0.005862
5474.64014 0.005688
5474.89990 0.006081
5475.16016 0.005982
5475.43018 0.005928
5475.68994 0.006
5475.95020 0.005862
5476.20996 0.005947
5476.47021 0.006244
5476.72998 0.006081
5476.99023 0.006233
5477.25000 0.006113
5477.50977 0.006348
5477.77002 0.006011
5478.02979 0.006296
5478.29004 0.006344
5478.54980 0.006034
5478.81006 0.006528
5479.08008 0.006221
5479.33984 0.006415
5479.60010 0.006722
5479.85986 0.0065
5480.12012 0.006762
5480.37988 0.006612
5480.64014 0.00667
5480.89990 0.006634
5481.16016 0.006654
5481.41992 0.006882
5481.68018 0.006826
5481.93994 0.006569
5482.20020 0.006794
5482.45996 0.006703
5482.72998 0.006894
5482.99023 0.007356
5483.25000 0.007087
5483.50977 0.007002
5483.77002 0.006983
5484.02979 0.007009
5484.29004 0.00731
5484.54980 0.006941
5484.81006 0.007039
5485.06982 0.007031
5485.33008 0.007188
5485.58984 0.007345
5485.85010 0.007354
5486.10986 0.00741
5486.37012 0.007133
5486.64014 0.007644
5486.89990 0.007915
5487.16016 0.007518
5487.41992 0.007386
5487.68018 0.007739
5487.93994 0.0077
5488.20020 0.007818
5488.45996 0.007627
5488.72021 0.007838
5488.97998 0.00836
5489.24023 0.007794
5489.50000 0.008082
5489.75977 0.00825
5490.02002 0.007901
5490.29004 0.008144
5490.54980 0.008292
5490.81006 0.008024
5491.06982 0.008572
5491.33008 0.008422
5491.58984 0.008432
5491.85010 0.008509
5492.10986 0.008351
5492.37012 0.008697
5492.62988 0.008326
5492.89014 0.008915
5493.14990 0.008613
5493.41016 0.008875
5493.66992 0.0091
5493.93994 0.008889
5494.20020 0.00937
5494.45996 0.008717
5494.72021 0.009144
5494.97998 0.009022
5495.24023 0.008969
5495.50000 0.009318
5495.75977 0.009335
5496.02002 0.009364
5496.27979 0.009688
5496.54004 0.009315
5496.79980 0.009466
5497.06006 0.009719
5497.31982 0.009453
5497.58008 0.009714
5497.85010 0.009853
5498.10986 0.009786
5498.37012 0.009732
5498.62988 0.010109
5498.89014 0.009979
5499.14990 0.010183
5499.41016 0.010047
5499.66992 0.009989
5499.93018 0.010013
5500.18994 0.010414
5500.45020 0.010066
5500.70996 0.010166
5500.97021 0.010261
5501.22998 0.010816
5501.50000 0.010597
5501.75977 0.010721
5502.02002 0.01086
5502.27979 0.010699
5502.54004 0.011077
5502.79980 0.010859
5503.06006 0.010876
5503.31982 0.010922
5503.58008 0.010866
5503.83984 0.011112
5504.10010 0.011158
5504.35986 0.011221
5504.62012 0.010875
5504.87988 0.011267
5505.14990 0.011425
5505.41016 0.011537
5505.66992 0.011624
5505.93018 0.011704
5506.18994 0.011719
5506.45020 0.011784
5506.70996 0.011924
5506.97021 0.011881
5507.22998 0.011719
5507.49023 0.01215
5507.75000 0.012238
5508.00977 0.012098
5508.27002 0.012697
5508.52979 0.012037
5508.79004 0.011977
5509.06006 0.012381
5509.31982 0.012119
5509.58008 0.0127
5509.83984 0.012624
5510.10010 0.012706
5510.35986 0.012828
5510.62012 0.012956
5510.87988 0.01292
5511.14014 0.013218
5511.39990 0.013019
5511.66016 0.013248
5511.91992 0.013351
5512.18018 0.013392
5512.43994 0.013238
5512.70996 0.01365
5512.97021 0.013304
5513.22998 0.013897
5513.49023 0.013814
5513.75000 0.013969
5514.00977 0.014028
5514.27002 0.014245
5514.52979 0.014194
5514.79004 0.01452
5515.04980 0.014524
5515.31006 0.014768
5515.56982 0.014245
5515.83008 0.014774
5516.08984 0.014393
5516.35010 0.015156
5516.62012 0.01533
5516.87988 0.015159
5517.14014 0.015059
5517.39990 0.015132
5517.66016 0.015218
5517.91992 0.015204
5518.18018 0.015493
5518.43994 0.015462
5518.70020 0.016176
5518.95996 0.015503
5519.22021 0.015691
5519.47998 0.015873
5519.74023 0.016179
5520.00000 0.016205
5520.27002 0.016191
5520.52979 0.016043
5520.79004 0.016591
5521.04980 0.016537
5521.31006 0.017041
5521.56982 0.016751
5521.83008 0.01683
5522.08984 0.017165
5522.35010 0.017175
5522.60986 0.017016
5522.87012 0.017179
5523.12988 0.017271
5523.39014 0.017682
5523.64990 0.01742
5523.91992 0.017687
5524.18018 0.01799
5524.43994 0.018495
5524.70020 0.018179
5524.95996 0.018266
5525.22021 0.018566
5525.47998 0.018233
5525.74023 0.018577
5526.00000 0.018551
5526.25977 0.018992
5526.52002 0.018762
5526.77979 0.019501
5527.04004 0.018723
5527.29980 0.019352
5527.56982 0.01957
5527.83008 0.019693
5528.08984 0.019439
5528.35010 0.019644
5528.60986 0.020222
5528.87012 0.020413
5529.12988 0.020572
5529.39014 0.020239
5529.64990 0.020082
5529.91016 0.02106
5530.16992 0.020724
5530.43018 0.021444
5530.68994 0.021404
5530.95020 0.021362
5531.22021 0.021593
5531.47998 0.021626
5531.74023 0.021936
5532.00000 0.021974
5532.25977 0.021788
5532.52002 0.021714
5532.77979 0.022221
5533.04004 0.022521
5533.29980 0.02257
5533.56006 0.022598
5533.81982 0.023035
5534.08008 0.022779
5534.33984 0.023263
5534.60010 0.024046
5534.85986 0.02356
5535.12988 0.024134
5535.39014 0.024001
5535.64990 0.024129
5535.91016 0.024581
5536.16992 0.024362
5536.43018 0.024362
5536.68994 0.024852
5536.95020 0.024991
5537.20996 0.025134
5537.47021 0.025988
5537.72998 0.025362
5537.99023 0.02575
5538.25000 0.025715
5538.50977 0.025852
5538.77979 0.025904
5539.04004 0.026841
5539.29980 0.026753
5539.56006 0.027115
5539.81982 0.026954
5540.08008 0.027418
5540.33984 0.026956
5540.60010 0.027434
5540.85986 0.027861
5541.12012 0.028191
5541.37988 0.028511
5541.64014 0.028324
5541.89990 0.028983
5542.16016 0.028858
5542.43018 0.028943
5542.68994 0.029267
5542.95020 0.02984
5543.20996 0.029564
5543.47021 0.029609
5543.72998 0.03018
5543.99023 0.03058
5544.25000 0.030343
5544.50977 0.030551
5544.77002 0.030935
5545.02979 0.031169
5545.29004 0.03151
5545.54980 0.03177
5545.81006 0.031586
5546.08008 0.032317
5546.33984 0.032107
5546.60010 0.03229
5546.85986 0.033091
5547.12012 0.033087
5547.37988 0.033069
5547.64014 0.033519
5547.89990 0.033675
5548.16016 0.034502
5548.41992 0.033913
5548.68018 0.034627
5548.93994 0.035367
5549.20020 0.035724
5549.45996 0.035125
5549.72021 0.035508
5549.99023 0.036079
5550.25000 0.036355
5550.50977 0.036372
5550.77002 0.036898
5551.02979 0.037449
5551.29004 0.036764
5551.54980 0.037963
5551.81006 0.038309
5552.06982 0.038671
5552.33008 0.038502
5552.58984 0.038783
5552.85010 0.038887
5553.10986 0.040013
5553.37012 0.039869
5553.64014 0.039982
5553.89990 0.04016
5554.16016 0.041095
5554.41992 0.041335
5554.68018 0.041767
5554.93994 0.041961
5555.20020 0.042168
5555.45996 0.042091
5555.72021 0.042747
5555.97998 0.043385
5556.24023 0.043713
5556.50000 0.043959
5556.75977 0.044205
5557.02002 0.044483
5557.29004 0.044369
5557.54980 0.04584
5557.81006 0.045546
5558.06982 0.046019
5558.33008 0.045675
5558.58984 0.046702
5558.85010 0.047124
5559.10986 0.047527
5559.37012 0.048076
5559.62988 0.048105
5559.89014 0.048017
5560.14990 0.049241
5560.41016 0.048963
5560.66992 0.050255
5560.93994 0.050203
5561.20020 0.050849
5561.45996 0.050505
5561.72021 0.050704
5561.97998 0.051663
5562.24023 0.052624
5562.50000 0.052919
5562.75977 0.053802
5563.02002 0.053977
5563.27979 0.054206
5563.54004 0.05514
5563.79980 0.055128
5564.06006 0.055187
5564.31982 0.055905
5564.58008 0.056171
5564.85010 0.05697
5565.10986 0.056348
5565.37012 0.057812
5565.62988 0.05809
5565.89014 0.058805
5566.14990 0.059511
5566.41016 0.059733
5566.66992 0.059992
5566.93018 0.060467
5567.18994 0.061377
5567.45020 0.061739
5567.70996 0.063441
5567.97021 0.063157
5568.22998 0.063189
5568.50000 0.064158
5568.75977 0.065194
5569.02002 0.064955
5569.27979 0.065646
5569.54004 0.065397
5569.79980 0.066705
5570.06006 0.068168
5570.31982 0.067993
5570.58008 0.068877
5570.83984 0.068964
5571.10010 0.070037
5571.35986 0.070828
5571.62012 0.070612
5571.87988 0.071077
5572.14990 0.072413
5572.41016 0.072268
5572.66992 0.073104
5572.93018 0.073862
5573.18994 0.074427
5573.45020 0.076242
5573.70996 0.076417
5573.97021 0.077573
5574.22998 0.077007
5574.49023 0.07867
5574.75000 0.078955
5575.00977 0.078496
5575.27002 0.080266
5575.52979 0.081455
5575.79004 0.081598
5576.06006 0.082437
5576.31982 0.083436
5576.58008 0.084593
5576.83984 0.084792
5577.10010 0.086427
5577.35986 0.086456
5577.62012 0.087742
5577.87988 0.087348
5578.14014 0.088149
5578.39990 0.089225
5578.66016 0.091238
5578.91992 0.091733
5579.18018 0.092423
5579.43994 0.09305
5579.70996 0.093695
5579.97021 0.094757
5580.22998 0.094426
5580.49023 0.096355
5580.75000 0.097539
5581.00977 0.098317
5581.27002 0.099136
5581.52979 0.099771
5581.79004 0.101009
5582.04980 0.101029
5582.31006 0.103007
5582.56982 0.103903
5582.83008 0.104673
5583.08984 0.105283
5583.35010 0.106509
5583.62012 0.107393
5583.87988 0.108275
5584.14014 0.108788
5584.39990 0.109743
5584.66016 0.110708
5584.91992 0.1113
5585.18018 0.113987
5585.43994 0.115485
5585.70020 0.114553
5585.95996 0.116631
5586.22021 0.117548
5586.47998 0.118417
5586.74023 0.118868
5587.00000 0.120657
5587.27002 0.122809
5587.52979 0.122855
5587.79004 0.124835
5588.04980 0.126652
5588.31006 0.126212
5588.56982 0.128183
5588.83008 0.131029
5589.08984 0.130897
5589.35010 0.131441
5589.60986 0.133536
5589.87012 0.134121
5590.12988 0.136478
5590.39014 0.136136
5590.64990 0.137996
5590.91992 0.139228
5591.18018 0.140559
5591.43994 0.142607
5591.70020 0.14336
5591.95996 0.143844
5592.22021 0.14587
5592.47998 0.14811
5592.74023 0.148824
5593.00000 0.150011
5593.25977 0.151489
5593.52002 0.152143
5593.77979 0.154094
5594.04004 0.155677
5594.29980 0.15786
5594.56982 0.159445
5594.83008 0.160611
5595.08984 0.159585
5595.35010 0.163695
5595.60986 0.165706
5595.87012 0.166615
5596.12988 0.168476
5596.39014 0.170127
5596.64990 0.171139
5596.91016 0.174179
5597.16992 0.174872
5597.43018 0.175818
5597.68994 0.178147
5597.95020 0.178521
5598.20996 0.181893
5598.47998 0.183119
5598.74023 0.184406
5599.00000 0.18544
5599.25977 0.188178
5599.52002 0.189023
5599.77979 0.192695
5600.04004 0.193545
5600.29980 0.19423
5600.56006 0.197919
5600.81982 0.200842
5601.08008 0.200215
5601.33984 0.201739
5601.60010 0.205024
5601.85986 0.207617
5602.12988 0.20836
5602.39014 0.210367
5602.64990 0.213319
5602.91016 0.21365
5603.16992 0.216899
5603.43018 0.218313
5603.68994 0.220325
5603.95020 0.222061
5604.20996 0.225617
5604.47021 0.227182
5604.72998 0.226966
5604.99023 0.230703
5605.25000 0.233029
5605.50977 0.233709
5605.77979 0.239523
5606.04004 0.238769
5606.29980 0.240664
5606.56006 0.242909
5606.81982 0.245936
5607.08008 0.247478
5607.33984 0.25137
5607.60010 0.251681
5607.85986 0.254797
5608.12012 0.257894
5608.37988 0.260157
5608.64014 0.261884
5608.89990 0.264936
5609.16016 0.265809
5609.43018 0.267473
5609.68994 0.271798
5609.95020 0.275973
5610.20996 0.275215
5610.47021 0.279514
5610.72998 0.2796
5610.99023 0.283559
5611.25000 0.285463
5611.50977 0.288903
5611.77002 0.290142
5612.02979 0.295189
5612.29004 0.295586
5612.54980 0.298106
5612.81006 0.302325
5613.06982 0.304235
5613.33984 0.305858
5613.60010 0.30838
5613.85986 0.313036
5614.12012 0.315996
5614.37988 0.315932
5614.64014 0.317866
5614.89990 0.322669
5615.16016 0.323971
5615.41992 0.329095
5615.68018 0.33068
5615.93994 0.332167
5616.20020 0.33579
5616.45996 0.337954
5616.72021 0.341014
5616.99023 0.341986
5617.25000 0.346142
5617.50977 0.348254
5617.77002 0.352005
5618.02979 0.356348
5618.29004 0.35744
5618.54980 0.359959
5618.81006 0.364132
5619.06982 0.367706
5619.33008 0.368282
5619.58984 0.371827
5619.85010 0.372155
5620.10986 0.376844
5620.37012 0.379843
5620.64014 0.383043
5620.89990 0.384329
5621.16016 0.38618
5621.41992 0.390111
5621.68018 0.394045
5621.93994 0.395602
5622.20020 0.399675
5622.45996 0.403555
5622.72021 0.404576
5622.97998 0.40826
5623.24023 0.412138
5623.50000 0.414402
5623.75977 0.416759
5624.02002 0.418483
5624.29004 0.420388
5624.54980 0.425982
5624.81006 0.428233
5625.06982 0.431518
5625.33008 0.432565
5625.58984 0.436254
5625.85010 0.441696
5626.10986 0.443907
5626.37012 0.44622
5626.62988 0.448303
5626.89014 0.450097
5627.14990 0.454304
5627.41016 0.456295
5627.66992 0.457898
5627.93018 0.461084
5628.20020 0.46553
5628.45996 0.468252
5628.72021 0.470735
5628.97998 0.472904
5629.24023 0.475239
5629.50000 0.481229
5629.75977 0.48369
5630.02002 0.483434
5630.27979 0.488459
5630.54004 0.490086
5630.79980 0.491854
5631.06006 0.496216
5631.31982 0.497602
5631.58008 0.500503
5631.85010 0.503407
5632.10986 0.505349
5632.37012 0.506949
5632.62988 0.508807
5632.89014 0.51453
5633.14990 0.514269
5633.41016 0.519672
5633.66992 0.521346
5633.93018 0.521332
5634.18994 0.526787
5634.45020 0.527783
5634.70996 0.528287
5634.97021 0.532688
5635.22998 0.538064
5635.50000 0.536129
5635.75977 0.539832
5636.02002 0.542226
5636.27979 0.545394
5636.54004 0.546713
5636.79980 0.549975
5637.06006 0.553211
5637.31982 0.556662
5637.58008 0.559502
5637.83984 0.55904
5638.10010 0.562477
5638.35986 0.56143
5638.62012 0.566167
5638.87988 0.568467
5639.14990 0.571414
5639.41016 0.573836
5639.66992 0.574639
5639.93018 0.573144
5640.18994 0.576357
5640.45020 0.579915
5640.70996 0.582921
5640.97021 0.582146
5641.22998 0.585063
5641.49023 0.586538
5641.75000 0.587597
5642.00977 0.58994
5642.27002 0.59235
5642.52979 0.593607
5642.79004 0.594289
5643.06006 0.597852
5643.31982 0.603391
5643.58008 0.604429
5643.83984 0.603463
5644.10010 0.603382
5644.35986 0.605973
5644.62012 0.610302
5644.87988 0.610496
5645.14014 0.60976
5645.39990 0.615803
5645.66016 0.615154
5645.91992 0.617273
5646.18018 0.617505
5646.43994 0.617849
5646.70996 0.619226
5646.97021 0.618279
5647.22998 0.624359
5647.49023 0.623823
5647.75000 0.62497
5648.00977 0.628439
5648.27002 0.628029
5648.52979 0.629676
5648.79004 0.631704
5649.04980 0.633537
5649.31006 0.633261
5649.56982 0.631749
5649.83008 0.635798
5650.08984 0.637561
5650.35010 0.636843
5650.62012 0.635673
5650.87988 0.640243
5651.14014 0.643136
5651.39990 0.63966
5651.66016 0.641943
5651.91992 0.643567
5652.18018 0.643941
5652.43994 0.646456
5652.70020 0.646782
5652.95996 0.647935
5653.22021 0.646054
5653.47998 0.64679
5653.74023 0.650262
5654.00000 0.651358
5654.27002 0.652003
5654.52979 0.653112
5654.79004 0.65481
5655.04980 0.653572
5655.31006 0.65386
5655.56982 0.655414
5655.83008 0.653757
5656.08984 0.654884
5656.35010 0.656282
5656.60986 0.655541
5656.87012 0.657299
5657.12988 0.660621
5657.39014 0.658157
5657.64990 0.660123
5657.91992 0.660682
5658.18018 0.661028
5658.43994 0.661914
5658.70020 0.659937
5658.95996 0.662214
5659.22021 0.661685
5659.47998 0.663852
5659.74023 0.663413
5660.00000 0.665221
5660.25977 0.664959
5660.52002 0.664045
5660.77979 0.664352
5661.04004 0.662809
5661.29980 0.668601
5661.56006 0.665531
5661.83008 0.666263
5662.08984 0.668453
5662.35010 0.66708
5662.60986 0.668469
5662.87012 0.664943
5663.12988 0.666122
5663.39014 0.668727
5663.64990 0.668519
