threeML/data/optical_filters/CAHA/CAHA-f_549_47.ecsv
# %ECSV 0.9
# ---
# datatype:
# - {name: wavelength, unit: Angstrom, datatype: float32}
# - {name: response, datatype: float32}
# meta: !!omap
# - {band_name: f_549_47}
# - {group_name: CAHA}
wavelength response
[from data line 805]
5296.87012 0.557552
5297.12988 0.56435
5297.39014 0.56297
5297.64990 0.56231
5297.91016 0.564702
5298.16992 0.565519
5298.43018 0.56605
5298.70020 0.566413
5298.95996 0.567922
5299.22021 0.569796
5299.47998 0.567245
5299.74023 0.571811
5300.00000 0.570038
5300.25977 0.574717
5300.52002 0.571123
5300.79004 0.574455
5301.04980 0.575007
5301.31006 0.573317
5301.56982 0.577945
5301.83008 0.578091
5302.08984 0.576692
5302.35010 0.576819
5302.60986 0.583382
5302.87988 0.581037
5303.14014 0.580445
5303.39990 0.580763
5303.66016 0.576152
5303.91992 0.581269
5304.18018 0.580997
5304.43994 0.582387
5304.70020 0.584002
5304.95996 0.583012
5305.22998 0.580908
5305.49023 0.58794
5305.75000 0.585495
5306.00977 0.584783
5306.27002 0.585288
5306.52979 0.58776
5306.79004 0.588226
5307.04980 0.590438
5307.31982 0.586067
5307.58008 0.588684
5307.83984 0.593031
5308.10010 0.592695
5308.35986 0.591987
5308.62012 0.59587
5308.87988 0.592548
5309.14014 0.593807
5309.41016 0.593951
5309.66992 0.597147
5309.93018 0.600572
5310.18994 0.594781
5310.45020 0.602226
5310.70996 0.596034
5310.97021 0.595686
5311.22998 0.598549
5311.49023 0.6034
5311.75977 0.601847
5312.02002 0.602435
5312.27979 0.603993
5312.54004 0.604491
5312.79980 0.601778
5313.06006 0.604562
5313.31982 0.604908
5313.58008 0.606607
5313.85010 0.601643
5314.10986 0.611263
5314.37012 0.60848
5314.62988 0.609273
5314.89014 0.614967
5315.14990 0.611388
5315.41016 0.610631
5315.66992 0.611445
5315.93994 0.6161
5316.20020 0.61447
5316.45996 0.609485
5316.72021 0.61181
5316.97998 0.614928
5317.24023 0.612963
5317.50000 0.617373
5317.75977 0.613299
5318.02002 0.611229
5318.29004 0.616428
5318.54980 0.619144
5318.81006 0.61901
5319.06982 0.617601
5319.33008 0.62227
5319.58984 0.618527
5319.85010 0.623704
5320.10986 0.623057
5320.37988 0.62039
5320.64014 0.622218
5320.89990 0.620347
5321.16016 0.62536
5321.41992 0.626839
5321.68018 0.626613
5321.93994 0.625936
5322.20020 0.625283
5322.47021 0.625722
5322.72998 0.630558
5322.99023 0.62938
5323.25000 0.629644
5323.50977 0.632372
5323.77002 0.629197
5324.02979 0.633913
5324.29004 0.62993
5324.54980 0.630394
5324.81982 0.630319
5325.08008 0.632221
5325.33984 0.631456
5325.60010 0.63657
5325.85986 0.634636
5326.12012 0.63518
5326.37988 0.634322
5326.64014 0.638376
5326.91016 0.636105
5327.16992 0.634689
5327.43018 0.642861
5327.68994 0.638617
5327.95020 0.634096
5328.20996 0.636592
5328.47021 0.63527
5328.72998 0.639183
5329.00000 0.640487
5329.25977 0.640733
5329.52002 0.639603
5329.77979 0.641436
5330.04004 0.64492
5330.29980 0.642413
5330.56006 0.645691
5330.81982 0.640853
5331.08008 0.642681
5331.35010 0.644154
5331.60986 0.645886
5331.87012 0.647737
5332.12988 0.646689
5332.39014 0.646091
5332.64990 0.646347
5332.91016 0.650628
5333.16992 0.651262
5333.43994 0.647664
5333.70020 0.648429
5333.95996 0.647306
5334.22021 0.649443
5334.47998 0.650491
5334.74023 0.654314
5335.00000 0.654916
5335.25977 0.649128
5335.52979 0.653064
5335.79004 0.656212
5336.04980 0.65515
5336.31006 0.655047
5336.56982 0.652803
5336.83008 0.655691
5337.08984 0.655042
5337.35010 0.660211
5337.60986 0.656261
5337.87988 0.656877
5338.14014 0.658016
5338.39990 0.654782
5338.66016 0.660647
5338.91992 0.659548
5339.18018 0.661029
5339.43994 0.658204
5339.70020 0.662624
5339.97021 0.656417
5340.22998 0.659821
5340.49023 0.662422
5340.75000 0.658733
5341.00977 0.662656
5341.27002 0.662862
5341.52979 0.666956
5341.79004 0.664986
5342.06006 0.664648
5342.31982 0.665056
5342.58008 0.662343
5342.83984 0.665662
5343.10010 0.664891
5343.35986 0.66226
5343.62012 0.665598
5343.87988 0.667934
5344.14990 0.664054
5344.41016 0.668094
5344.66992 0.668008
5344.93018 0.667793
5345.18994 0.666587
5345.45020 0.669332
5345.70996 0.674159
5345.97021 0.67396
5346.22998 0.674266
5346.50000 0.669469
5346.75977 0.670211
5347.02002 0.672116
5347.27979 0.66873
5347.54004 0.67351
5347.79980 0.675414
5348.06006 0.673741
5348.31982 0.672133
5348.58008 0.672673
5348.85010 0.677843
5349.10986 0.674095
5349.37012 0.677035
5349.62988 0.675778
5349.89014 0.673649
5350.14990 0.680006
5350.41016 0.677205
5350.66992 0.679535
5350.93994 0.679089
5351.20020 0.680372
5351.45996 0.67785
5351.72021 0.680188
5351.97998 0.678575
5352.24023 0.678317
5352.50000 0.680284
5352.75977 0.681099
5353.02979 0.682685
5353.29004 0.684006
5353.54980 0.680165
5353.81006 0.68032
5354.06982 0.677003
5354.33008 0.683547
5354.58984 0.684044
5354.85010 0.689412
5355.12012 0.683864
5355.37988 0.685447
5355.64014 0.686026
5355.89990 0.686823
5356.16016 0.683759
5356.41992 0.688003
5356.68018 0.689665
5356.93994 0.687031
5357.20020 0.682617
5357.47021 0.686425
5357.72998 0.687812
5357.99023 0.687334
5358.25000 0.685753
5358.50977 0.686745
5358.77002 0.6888
5359.02979 0.683951
5359.29004 0.688962
5359.56006 0.688512
5359.81982 0.688823
5360.08008 0.687729
5360.33984 0.68799
5360.60010 0.690471
5360.85986 0.686023
5361.12012 0.69135
5361.37988 0.689743
5361.64990 0.690527
5361.91016 0.693985
5362.16992 0.697099
5362.43018 0.693251
5362.68994 0.693252
5362.95020 0.695207
5363.20996 0.693029
5363.47021 0.693238
5363.72998 0.69627
5364.00000 0.696731
5364.25977 0.692133
5364.52002 0.697266
5364.77979 0.695842
5365.04004 0.694602
5365.29980 0.694278
5365.56006 0.69485
5365.81982 0.693519
5366.08984 0.700435
5366.35010 0.69825
5366.60986 0.696865
5366.87012 0.698073
5367.12988 0.698945
5367.39014 0.697285
5367.64990 0.697032
5367.91016 0.703146
5368.18018 0.699773
5368.43994 0.699175
5368.70020 0.696453
5368.95996 0.701486
5369.22021 0.697491
5369.47998 0.702383
5369.74023 0.699744
5370.00000 0.70038
5370.25977 0.699728
5370.52979 0.697289
5370.79004 0.7001
5371.04980 0.70453
5371.31006 0.701144
5371.56982 0.703267
5371.83008 0.702414
5372.08984 0.703416
5372.35010 0.702332
5372.62012 0.701959
5372.87988 0.704363
5373.14014 0.702868
5373.39990 0.706465
5373.66016 0.70267
5373.91992 0.704281
5374.18018 0.706462
5374.43994 0.700957
5374.70996 0.702606
5374.97021 0.708647
5375.22998 0.706279
5375.49023 0.706439
5375.75000 0.706466
5376.00977 0.704897
5376.27002 0.707864
5376.52979 0.711416
5376.79004 0.707588
5377.06006 0.709444
5377.31982 0.703276
5377.58008 0.710746
5377.83984 0.707593
5378.10010 0.707019
5378.35986 0.708592
5378.62012 0.706849
5378.87988 0.707544
5379.14990 0.70871
5379.41016 0.71099
5379.66992 0.705188
5379.93018 0.711989
5380.18994 0.707918
5380.45020 0.710365
5380.70996 0.710281
5380.97021 0.713339
5381.24023 0.710619
5381.50000 0.712874
5381.75977 0.710987
5382.02002 0.709229
5382.27979 0.707681
5382.54004 0.712201
5382.79980 0.71285
5383.06006 0.71202
5383.31982 0.71014
5383.58984 0.714801
5383.85010 0.715203
5384.10986 0.711109
5384.37012 0.710121
5384.62988 0.713352
5384.89014 0.710066
5385.14990 0.711794
5385.41016 0.713934
5385.68018 0.71638
5385.93994 0.711184
5386.20020 0.717556
5386.45996 0.716788
5386.72021 0.712219
5386.97998 0.715838
5387.24023 0.714868
5387.50000 0.712215
5387.77002 0.71824
5388.02979 0.710809
5388.29004 0.717002
5388.54980 0.710294
5388.81006 0.715662
5389.06982 0.712844
5389.33008 0.716404
5389.58984 0.714972
5389.85010 0.716782
5390.12012 0.714224
5390.37988 0.71816
5390.64014 0.717959
5390.89990 0.716206
5391.16016 0.717581
5391.41992 0.721733
5391.68018 0.719796
5391.93994 0.717618
5392.20996 0.721462
5392.47021 0.715679
5392.72998 0.718922
5392.99023 0.717302
5393.25000 0.71808
5393.50977 0.717526
5393.77002 0.718072
5394.02979 0.716282
5394.29980 0.716604
5394.56006 0.719726
5394.81982 0.71716
5395.08008 0.722813
5395.33984 0.721211
5395.60010 0.717618
5395.85986 0.721086
5396.12012 0.717569
5396.37988 0.720952
5396.64990 0.717541
5396.91016 0.719099
5397.16992 0.716461
5397.43018 0.724811
5397.68994 0.722451
5397.95020 0.717592
5398.20996 0.719492
5398.47021 0.720572
5398.74023 0.726633
5399.00000 0.721288
5399.25977 0.723022
5399.52002 0.720921
5399.77979 0.724862
5400.04004 0.718613
5400.29980 0.724259
5400.56006 0.719237
5400.83008 0.72849
5401.08984 0.723148
5401.35010 0.720645
5401.60986 0.723915
5401.87012 0.720442
5402.12988 0.720655
5402.39014 0.722409
5402.64990 0.721748
5402.91992 0.721318
5403.18018 0.724045
5403.43994 0.724943
5403.70020 0.725265
5403.95996 0.723207
5404.22021 0.724558
5404.47998 0.720462
5404.74023 0.724342
5405.00000 0.725885
5405.27002 0.721906
5405.52979 0.723639
5405.79004 0.721708
5406.04980 0.727972
5406.31006 0.722495
5406.56982 0.720766
5406.83008 0.726573
5407.08984 0.725266
5407.35010 0.72572
5407.62012 0.721465
5407.87988 0.72665
5408.14014 0.726181
5408.39990 0.725509
5408.66016 0.726758
5408.91992 0.722249
5409.18018 0.726785
5409.43994 0.725933
5409.70996 0.72326
5409.97021 0.724807
5410.22998 0.725352
5410.49023 0.724688
5410.75000 0.725555
5411.00977 0.729511
5411.27002 0.723687
5411.52979 0.728942
5411.79980 0.721375
5412.06006 0.724687
5412.31982 0.727977
5412.58008 0.728831
5412.83984 0.727236
5413.10010 0.72817
5413.35986 0.726559
5413.62012 0.726342
5413.89014 0.727143
5414.14990 0.722937
5414.41016 0.72977
5414.66992 0.72296
5414.93018 0.726729
5415.18994 0.729571
5415.45020 0.730042
5415.70996 0.728733
5415.97021 0.729298
5416.24023 0.727457
5416.50000 0.727283
5416.75977 0.728172
5417.02002 0.727496
5417.27979 0.730875
5417.54004 0.729737
5417.79980 0.728663
5418.06006 0.726844
5418.33008 0.727213
5418.58984 0.729178
5418.85010 0.725559
5419.10986 0.729509
5419.37012 0.730143
5419.62988 0.732213
5419.89014 0.730063
5420.14990 0.729439
5420.41992 0.730758
5420.68018 0.728717
5420.93994 0.731396
5421.20020 0.732391
5421.45996 0.729923
5421.72021 0.730604
5421.97998 0.72741
5422.24023 0.731172
5422.50000 0.726814
5422.77002 0.731015
5423.02979 0.732076
5423.29004 0.734407
5423.54980 0.727511
5423.81006 0.733782
5424.06982 0.727038
5424.33008 0.731768
5424.58984 0.732655
5424.85986 0.732529
5425.12012 0.730966
5425.37988 0.730967
5425.64014 0.731601
5425.89990 0.733412
5426.16016 0.735624
5426.41992 0.730148
5426.68018 0.732491
5426.95020 0.728771
5427.20996 0.726149
5427.47021 0.730684
5427.72998 0.7319
5427.99023 0.732337
5428.25000 0.733179
5428.50977 0.731085
5428.77002 0.734351
5429.02979 0.732935
5429.29980 0.733146
5429.56006 0.731958
5429.81982 0.730348
5430.08008 0.729493
5430.33984 0.73117
5430.60010 0.729124
5430.85986 0.732651
5431.12012 0.734552
5431.39014 0.730921
5431.64990 0.730719
5431.91016 0.731382
5432.16992 0.730953
5432.43018 0.731595
5432.68994 0.732422
5432.95020 0.733418
5433.20996 0.731101
5433.47998 0.734489
5433.74023 0.731089
5434.00000 0.731109
5434.25977 0.729533
5434.52002 0.733786
5434.77979 0.735448
5435.04004 0.731202
5435.29980 0.731881
5435.56006 0.731626
5435.83008 0.729606
5436.08984 0.732642
5436.35010 0.734023
5436.60986 0.735543
5436.87012 0.733254
5437.12988 0.735903
5437.39014 0.734486
5437.64990 0.733095
5437.91992 0.734477
5438.18018 0.731393
5438.43994 0.736426
5438.70020 0.731579
5438.95996 0.734865
5439.22021 0.735405
5439.47998 0.733057
5439.74023 0.738425
5440.00977 0.732599
5440.27002 0.736258
5440.52979 0.734478
5440.79004 0.730853
5441.04980 0.734378
5441.31006 0.732511
5441.56982 0.733933
5441.83008 0.736185
5442.08984 0.73466
5442.35986 0.733609
5442.62012 0.734645
5442.87988 0.734857
5443.14014 0.735418
5443.39990 0.735729
5443.66016 0.736262
5443.91992 0.73399
5444.18018 0.735789
5444.45020 0.732298
5444.70996 0.734929
5444.97021 0.734213
5445.22998 0.737654
5445.49023 0.734564
5445.75000 0.737741
5446.00977 0.735728
5446.27002 0.73361
5446.54004 0.735752
5446.79980 0.737183
5447.06006 0.736603
5447.31982 0.737976
5447.58008 0.733359
5447.83984 0.73743
5448.10010 0.73451
5448.35986 0.735126
5448.62012 0.736808
5448.89014 0.736891
5449.14990 0.739029
5449.41016 0.734585
5449.66992 0.733305
5449.93018 0.735889
5450.18994 0.735943
5450.45020 0.734195
5450.70996 0.736835
5450.97998 0.734877
5451.24023 0.736115
5451.50000 0.737378
5451.75977 0.737335
5452.02002 0.735152
5452.27979 0.738142
5452.54004 0.736626
5452.79980 0.738455
5453.06982 0.736445
5453.33008 0.739803
5453.58984 0.735846
5453.85010 0.73584
5454.10986 0.739193
5454.37012 0.736454
5454.62988 0.736788
5454.89014 0.738222
5455.14990 0.736606
5455.41992 0.738056
5455.68018 0.735427
5455.93994 0.740241
5456.20020 0.734716
5456.45996 0.738907
5456.72021 0.736535
5456.97998 0.738763
5457.24023 0.738451
5457.50977 0.738745
5457.77002 0.742014
5458.02979 0.737142
5458.29004 0.736062
5458.54980 0.740471
5458.81006 0.74239
5459.06982 0.742567
5459.33008 0.740284
5459.60010 0.739203
5459.85986 0.740908
5460.12012 0.738407
5460.37988 0.739917
5460.64014 0.742845
5460.89990 0.740133
5461.16016 0.741031
5461.41992 0.738737
5461.68018 0.741348
5461.95020 0.740265
5462.20996 0.739685
5462.47021 0.735401
5462.72998 0.742238
5462.99023 0.73365
5463.25000 0.73732
5463.50977 0.74166
5463.77002 0.743089
5464.04004 0.740259
5464.29980 0.738239
5464.56006 0.740105
5464.81982 0.737394
5465.08008 0.741913
5465.33984 0.739522
5465.60010 0.743897
5465.85986 0.741389
5466.12012 0.742125
5466.39014 0.743616
5466.64990 0.743354
5466.91016 0.742114
5467.16992 0.738852
5467.43018 0.744249
5467.68994 0.740034
5467.95020 0.743369
5468.20996 0.744733
5468.47998 0.7416
5468.74023 0.738937
5469.00000 0.745107
5469.25977 0.745143
5469.52002 0.74544
5469.77979 0.745325
5470.04004 0.742962
5470.29980 0.7432
5470.56982 0.743821
5470.83008 0.746488
5471.08984 0.746071
5471.35010 0.742953
5471.60986 0.742753
5471.87012 0.743354
5472.12988 0.74494
5472.39014 0.745212
5472.66016 0.746227
5472.91992 0.747311
5473.18018 0.744253
5473.43994 0.743414
5473.70020 0.743383
5473.95996 0.74292
5474.22021 0.742077
5474.47998 0.742977
5474.74023 0.747405
5475.00977 0.743694
5475.27002 0.744653
5475.52979 0.748168
5475.79004 0.747574
5476.04980 0.745948
5476.31006 0.744212
5476.56982 0.744661
5476.83008 0.747356
5477.10010 0.745639
5477.35986 0.746522
5477.62012 0.74706
5477.87988 0.745514
5478.14014 0.742744
5478.39990 0.74221
5478.66016 0.749392
5478.91992 0.748736
5479.18994 0.745784
5479.45020 0.7435
5479.70996 0.745349
5479.97021 0.744063
5480.22998 0.747322
5480.49023 0.748356
5480.75000 0.749571
5481.00977 0.747127
5481.27002 0.744127
5481.54004 0.748299
5481.79980 0.748445
5482.06006 0.747096
5482.31982 0.749648
5482.58008 0.748394
5482.83984 0.748927
5483.10010 0.748394
5483.35986 0.746761
5483.62988 0.748433
5483.89014 0.746621
5484.14990 0.746625
5484.41016 0.746433
5484.66992 0.747993
5484.93018 0.745845
5485.18994 0.746605
5485.45020 0.745322
5485.72021 0.748057
5485.97998 0.749735
5486.24023 0.749842
5486.50000 0.751786
5486.75977 0.750353
5487.02002 0.744647
5487.27979 0.748962
5487.54004 0.750679
5487.79980 0.747449
5488.06982 0.753446
5488.33008 0.750444
5488.58984 0.751939
5488.85010 0.751807
5489.10986 0.752524
5489.37012 0.749469
5489.62988 0.752482
5489.89014 0.7509
5490.16016 0.756245
5490.41992 0.750475
5490.68018 0.753697
5490.93994 0.752281
5491.20020 0.749885
5491.45996 0.747189
5491.72021 0.747352
5491.97998 0.75321
5492.25000 0.748295
5492.50977 0.749958
5492.77002 0.753442
5493.02979 0.754872
5493.29004 0.751712
5493.54980 0.754314
5493.81006 0.751848
5494.06982 0.750668
5494.33008 0.754792
5494.60010 0.752983
5494.85986 0.756217
5495.12012 0.752003
5495.37988 0.754089
5495.64014 0.753776
5495.89990 0.755757
5496.16016 0.75514
5496.41992 0.754202
5496.68994 0.754658
5496.95020 0.756702
5497.20996 0.757267
5497.47021 0.753411
5497.72998 0.757537
5497.99023 0.755852
5498.25000 0.755289
5498.50977 0.753739
5498.77979 0.756066
5499.04004 0.757083
5499.29980 0.756969
5499.56006 0.758393
5499.81982 0.758226
5500.08008 0.753121
5500.33984 0.757091
5500.60010 0.760138
5500.85986 0.758507
5501.12988 0.75427
5501.39014 0.761036
5501.64990 0.757796
5501.91016 0.758409
5502.16992 0.756514
5502.43018 0.758553
5502.68994 0.758115
5502.95020 0.757088
5503.22021 0.75977
5503.47998 0.760878
5503.74023 0.7589
5504.00000 0.756731
5504.25977 0.756
5504.52002 0.759742
5504.77979 0.759051
5505.04004 0.761421
5505.31006 0.760246
5505.56982 0.760173
5505.83008 0.758453
5506.08984 0.757001
5506.35010 0.760859
5506.60986 0.759291
