threeML/data/optical_filters/CAHA/CAHA-f_690_20.ecsv
# %ECSV 0.9
# ---
# datatype:
# - {name: wavelength, unit: Angstrom, datatype: float32}
# - {name: response, datatype: float32}
# meta: !!omap
# - {band_name: f_690_20}
# - {group_name: CAHA}
wavelength response
5978.52393 0.0
6642.80420 0.004415
6647.98682 0.004799
6653.16992 0.005307
6658.35400 0.00592
6663.53711 0.006633
6668.72119 0.007464
6673.90479 0.008452
6679.08887 0.009639
6684.27295 0.01104
6689.45801 0.012646
6694.64404 0.014443
6699.82910 0.016443
6705.01416 0.018706
6710.20020 0.021353
6715.38477 0.024556
6720.57080 0.028526
6725.75781 0.033501
6730.94385 0.039722
6736.13086 0.047434
6741.31689 0.056906
6746.50488 0.068482
6751.69189 0.082663
6756.87988 0.100127
6762.06689 0.12167
6767.25586 0.148033
6772.44385 0.179686
6777.63184 0.216637
6782.82080 0.258409
6788.00977 0.30412
6793.19922 0.352642
6798.38818 0.402724
6803.57812 0.453006
6808.76807 0.502035
6813.95801 0.548322
6819.14697 0.590524
6824.33789 0.627656
6829.52881 0.659265
6834.72021 0.68543
6839.91113 0.706587
6845.10205 0.723301
6850.29297 0.736069
6855.48486 0.745325
6860.67676 0.751477
6865.86914 0.755032
6871.06201 0.756592
6876.25391 0.756822
6881.44678 0.756325
6886.64014 0.755537
6891.83398 0.754646
6897.02686 0.753535
6902.22119 0.751897
6907.41504 0.74938
6912.60889 0.745734
6917.80322 0.740912
6922.99805 0.734998
6928.19287 0.728135
6933.38818 0.720357
6938.58301 0.7115
6943.77783 0.701097
6948.97510 0.68835
6954.16992 0.672243
6959.36719 0.65171
6964.56299 0.625932
6969.75879 0.594569
6974.95605 0.557928
6980.15283 0.516889
6985.35107 0.472722
6990.54785 0.426783
6995.74609 0.380348
7000.94287 0.334564
7006.14209 0.290488
7011.33984 0.249131
7016.53906 0.211363
7021.73682 0.177819
7026.93701 0.14879
7032.13477 0.124215
7037.33496 0.103759
7042.53516 0.086912
7047.73389 0.07312
7052.93506 0.06184
7058.13477 0.052605
7063.33496 0.045048
7068.53613 0.038883
7073.73682 0.0339
7078.93799 0.029913
7084.14014 0.026738
7089.34082 0.024182
7094.54297 0.022048
7099.74512 0.02018
7104.94824 0.018489
7110.14990 0.016948
7115.35303 0.015571
7120.55615 0.014389
7125.75879 0.013413
7130.96191 0.012633
7136.16602 0.012012
7141.37012 0.011506
7146.57422 0.011072
7151.77783 0.010673
7156.98193 0.010272
7162.18799 0.009826
7167.39209 0.009312
7172.59814 0.008742
7177.80322 0.00818
7183.00781 0.007544
7188.21387 0.007229
7193.41992 0.006919
7198.62598 0.006615
7203.83301 0.006316
7209.04004 0.006023
7214.24707 0.005736
7219.45410 0.005455
7224.66113 0.00518
7229.86914 0.00491
7235.07617 0.004646
7240.28516 0.004388
7245.49316 0.004135
7970.04248 0.0
