threeML/data/optical_filters/CAHA/CAHA-f_655_16.ecsv
# %ECSV 0.9
# ---
# datatype:
# - {name: wavelength, unit: Angstrom, datatype: float32}
# - {name: response, datatype: float32}
# meta: !!omap
# - {band_name: f_655_16}
# - {group_name: CAHA}
wavelength response
5730.92090 0.0
6367.68994 0.004043
6367.95020 0.004025
6368.20996 0.003988
6368.47021 0.004136
6368.74023 0.004044
6369.00000 0.004244
6369.25977 0.00426
6369.52002 0.004238
6369.77979 0.004283
6370.04004 0.004248
6370.29980 0.004356
6370.56006 0.004338
6370.81982 0.004345
6371.08984 0.004539
6371.35010 0.004454
6371.60986 0.004436
6371.87012 0.004405
6372.12988 0.004497
6372.39014 0.004428
6372.64990 0.004562
6372.91016 0.004464
6373.18018 0.004615
6373.43994 0.004591
6373.70020 0.004746
6373.95996 0.004666
6374.22021 0.004736
6374.47998 0.004877
6374.74023 0.00481
6375.00000 0.004844
6375.27002 0.004838
6375.52979 0.004911
6375.79004 0.00497
6376.04980 0.004931
6376.31006 0.005041
6376.56982 0.005068
6376.83008 0.005151
6377.08984 0.005128
6377.35010 0.005096
6377.62012 0.005282
6377.87988 0.005262
6378.14014 0.005362
6378.39990 0.00515
6378.66016 0.005489
6378.91992 0.005479
6379.18018 0.005473
6379.43994 0.005372
6379.70996 0.005593
6379.97021 0.005567
6380.22998 0.005528
6380.49023 0.005546
6380.75000 0.005791
6381.00977 0.005619
6381.27002 0.005789
6381.52979 0.00592
6381.79980 0.005804
6382.06006 0.005908
6382.31982 0.005959
6382.58008 0.005843
6382.83984 0.005941
6383.10010 0.005964
6383.35986 0.006048
6383.62012 0.006226
6383.87988 0.006145
6384.14990 0.006348
6384.41016 0.006282
6384.66992 0.006194
6384.93018 0.006278
6385.18994 0.006418
6385.45020 0.006568
6385.70996 0.006498
6385.97021 0.006491
6386.24023 0.006502
6386.50000 0.006718
6386.75977 0.0067
6387.02002 0.006791
6387.27979 0.006861
6387.54004 0.00685
6387.79980 0.006827
6388.06006 0.006967
6388.33008 0.006912
6388.58984 0.007284
6388.85010 0.007172
6389.10986 0.007266
6389.37012 0.007498
6389.62988 0.007301
6389.89014 0.007299
6390.14990 0.007347
6390.41992 0.007421
6390.68018 0.007569
6390.93994 0.007696
6391.20020 0.007799
6391.45996 0.007671
6391.72021 0.007974
6391.97998 0.00795
6392.24023 0.008085
6392.50000 0.007967
6392.77002 0.008077
6393.02979 0.008241
6393.29004 0.008267
6393.54980 0.008144
6393.81006 0.008445
6394.06982 0.008382
6394.33008 0.00855
6394.58984 0.008654
6394.85010 0.008529
6395.12012 0.008514
6395.37988 0.008878
6395.64014 0.008893
6395.89990 0.008961
6396.16016 0.00914
6396.41992 0.00912
6396.68018 0.009354
6396.93994 0.009147
6397.20996 0.009286
6397.47021 0.009242
6397.72998 0.009468
6397.99023 0.009692
6398.25000 0.009706
6398.50977 0.009754
6398.77002 0.009716
6399.02979 0.010136
6399.29980 0.009994
6399.56006 0.009942
6399.81982 0.010292
6400.08008 0.010253
6400.33984 0.010269
6400.60010 0.01046
6400.85986 0.010641
6401.12012 0.010606
6401.39014 0.010741
6401.64990 0.010832
6401.91016 0.011058
6402.16992 0.010909
6402.43018 0.010932
6402.68994 0.011128
6402.95020 0.011143
6403.20996 0.011431
6403.47021 0.011281
6403.74023 0.011702
6404.00000 0.011762
6404.25977 0.011833
6404.52002 0.012102
6404.77979 0.012044
6405.04004 0.012199
6405.29980 0.012286
6405.56006 0.012529
6405.83008 0.012413
6406.08984 0.012718
6406.35010 0.012661
6406.60986 0.012809
6406.87012 0.012629
6407.12988 0.013062
6407.39014 0.013392
6407.64990 0.013282
6407.91992 0.013529
6408.18018 0.013552
6408.43994 0.013907
6408.70020 0.013958
6408.95996 0.014157
6409.22021 0.014218
6409.47998 0.014324
6409.74023 0.014362
6410.00000 0.014466
6410.27002 0.014578
6410.52979 0.014787
6410.79004 0.015006
6411.04980 0.015265
6411.31006 0.0152
6411.56982 0.015571
6411.83008 0.015548
6412.08984 0.015706
6412.35986 0.015984
6412.62012 0.016052
6412.87988 0.016193
6413.14014 0.016541
6413.39990 0.016543
6413.66016 0.016738
6413.91992 0.016875
6414.18018 0.017267
6414.45020 0.016943
6414.70996 0.017569
6414.97021 0.017728
6415.22998 0.017875
6415.49023 0.017933
6415.75000 0.018294
6416.00977 0.018332
6416.27002 0.018431
6416.52979 0.018536
6416.79980 0.018898
6417.06006 0.01909
6417.31982 0.019271
6417.58008 0.019534
6417.83984 0.019756
6418.10010 0.019889
6418.35986 0.01978
6418.62012 0.020383
6418.89014 0.020391
6419.14990 0.020575
6419.41016 0.020908
6419.66992 0.02124
6419.93018 0.021439
6420.18994 0.021561
6420.45020 0.021668
6420.70996 0.021975
6420.97998 0.02236
6421.24023 0.022417
6421.50000 0.022746
6421.75977 0.023187
6422.02002 0.023297
6422.27979 0.023696
6422.54004 0.023826
6422.79980 0.024041
6423.06006 0.024481
6423.33008 0.024673
6423.58984 0.02509
6423.85010 0.025216
6424.10986 0.025731
6424.37012 0.025767
6424.62988 0.026061
6424.89014 0.026615
6425.14990 0.026575
6425.41992 0.026965
6425.68018 0.026988
6425.93994 0.027651
6426.20020 0.027865
6426.45996 0.028366
6426.72021 0.02838
6426.97998 0.028881
6427.24023 0.029252
6427.50977 0.029756
6427.77002 0.029986
6428.02979 0.030271
6428.29004 0.03079
6428.54980 0.031107
6428.81006 0.031642
6429.06982 0.031731
6429.33008 0.032324
6429.58984 0.032609
6429.85986 0.032515
6430.12012 0.033227
6430.37988 0.033267
6430.64014 0.034215
6430.89990 0.034665
6431.16016 0.03485
6431.41992 0.035356
6431.68018 0.035828
6431.95020 0.036165
6432.20996 0.036616
6432.47021 0.037216
6432.72998 0.037403
6432.99023 0.037827
6433.25000 0.038764
6433.50977 0.038859
6433.77002 0.039354
6434.04004 0.039846
6434.29980 0.04044
6434.56006 0.040862
6434.81982 0.041261
6435.08008 0.042087
6435.33984 0.042421
6435.60010 0.043145
6435.85986 0.0436
6436.12012 0.044389
6436.39014 0.044565
6436.64990 0.045414
6436.91016 0.04573
6437.16992 0.04637
6437.43018 0.047408
6437.68994 0.047399
6437.95020 0.047961
6438.20996 0.048687
6438.47998 0.049424
6438.74023 0.049782
6439.00000 0.050616
6439.25977 0.050974
6439.52002 0.051692
6439.77979 0.052975
6440.04004 0.053414
6440.29980 0.054214
6440.56982 0.0551
6440.83008 0.055378
6441.08984 0.056228
6441.35010 0.057268
6441.60986 0.057191
6441.87012 0.058159
6442.12988 0.059106
6442.39014 0.059951
6442.64990 0.061052
6442.91992 0.061646
6443.18018 0.062379
6443.43994 0.06339
6443.70020 0.064122
6443.95996 0.065144
6444.22021 0.065706
6444.47998 0.066568
6444.74023 0.067891
6445.00977 0.068802
6445.27002 0.069523
6445.52979 0.070101
6445.79004 0.071814
6446.04980 0.072413
6446.31006 0.073093
6446.56982 0.074428
6446.83008 0.075696
6447.10010 0.075814
6447.35986 0.077005
6447.62012 0.078375
6447.87988 0.079685
6448.14014 0.080432
6448.39990 0.081564
6448.66016 0.083352
6448.91992 0.084265
6449.18018 0.085135
6449.45020 0.086373
6449.70996 0.087929
6449.97021 0.089186
6450.22998 0.090246
6450.49023 0.091433
6450.75000 0.092455
6451.00977 0.09376
6451.27002 0.095619
6451.54004 0.096016
6451.79980 0.097925
6452.06006 0.099779
6452.31982 0.100999
6452.58008 0.102221
6452.83984 0.103149
6453.10010 0.105433
6453.35986 0.106858
6453.62012 0.108213
6453.89014 0.110079
6454.14990 0.110602
6454.41016 0.112494
6454.66992 0.114238
6454.93018 0.116408
6455.18994 0.118125
6455.45020 0.119999
6455.70996 0.120497
6455.97998 0.122572
6456.24023 0.12423
6456.50000 0.126487
6456.75977 0.128358
6457.02002 0.130612
6457.27979 0.131786
6457.54004 0.133528
6457.79980 0.135785
6458.06982 0.137695
6458.33008 0.139859
6458.58984 0.142105
6458.85010 0.143901
6459.10986 0.145884
6459.37012 0.148161
6459.62988 0.149429
6459.89014 0.152213
6460.16016 0.15441
6460.41992 0.156815
6460.68018 0.158072
6460.93994 0.161164
6461.20020 0.164547
6461.45996 0.166703
6461.72021 0.168861
6461.97998 0.170942
6462.24023 0.172916
6462.50977 0.175668
6462.77002 0.178476
6463.02979 0.180288
6463.29004 0.183614
6463.54980 0.185939
6463.81006 0.188335
6464.06982 0.191542
6464.33008 0.194632
6464.60010 0.197819
6464.85986 0.199491
6465.12012 0.202049
6465.37988 0.205276
6465.64014 0.208137
6465.89990 0.211714
6466.16016 0.213863
6466.41992 0.217989
6466.68994 0.220648
6466.95020 0.223516
6467.20996 0.226339
6467.47021 0.229234
6467.72998 0.23264
6467.99023 0.236204
6468.25000 0.240404
6468.50977 0.242005
6468.77002 0.246048
6469.04004 0.249945
6469.29980 0.252209
6469.56006 0.256661
6469.81982 0.259953
6470.08008 0.262975
6470.33984 0.266398
6470.60010 0.270995
6470.85986 0.273801
6471.12988 0.277736
6471.39014 0.281601
6471.64990 0.284451
6471.91016 0.28979
6472.16992 0.292673
6472.43018 0.296442
6472.68994 0.301025
6472.95020 0.305056
6473.22021 0.308962
6473.47998 0.312177
6473.74023 0.316921
6474.00000 0.320746
6474.25977 0.324902
6474.52002 0.328529
6474.77979 0.333696
6475.04004 0.338729
6475.29980 0.341379
6475.56982 0.344201
6475.83008 0.349905
6476.08984 0.354484
6476.35010 0.358269
6476.60986 0.362705
6476.87012 0.367662
6477.12988 0.372412
6477.39014 0.376303
6477.66016 0.38075
6477.91992 0.385361
6478.18018 0.389475
6478.43994 0.394305
6478.70020 0.400118
6478.95996 0.403742
6479.22021 0.4085
6479.47998 0.411679
6479.75000 0.417017
6480.00977 0.421859
6480.27002 0.426338
6480.52979 0.429652
6480.79004 0.436101
6481.04980 0.439873
6481.31006 0.44579
6481.56982 0.45068
6481.83008 0.454174
6482.10010 0.458916
6482.35986 0.464863
6482.62012 0.467231
6482.87988 0.472129
6483.14014 0.47754
6483.39990 0.481761
6483.66016 0.48549
6483.91992 0.490871
6484.18994 0.495779
6484.45020 0.501575
6484.70996 0.503392
6484.97021 0.510559
6485.22998 0.514845
6485.49023 0.518433
6485.75000 0.523536
6486.00977 0.527625
6486.27979 0.530374
6486.54004 0.535842
6486.79980 0.541651
6487.06006 0.54575
6487.31982 0.550602
6487.58008 0.554534
6487.83984 0.559444
6488.10010 0.561725
6488.35986 0.567854
6488.62988 0.57109
6488.89014 0.576572
6489.14990 0.581198
6489.41016 0.583741
6489.66992 0.588391
6489.93018 0.594881
6490.18994 0.596711
6490.45020 0.602081
6490.72021 0.603847
6490.97998 0.609752
6491.24023 0.613087
6491.50000 0.616215
6491.75977 0.621571
6492.02002 0.62403
6492.27979 0.627632
6492.54004 0.632154
6492.81006 0.636219
6493.06982 0.640037
6493.33008 0.643024
6493.58984 0.644243
6493.85010 0.649397
6494.10986 0.653317
6494.37012 0.654509
6494.62988 0.661019
6494.89990 0.663252
6495.16016 0.66734
6495.41992 0.669515
6495.68018 0.672408
6495.93994 0.673158
6496.20020 0.678064
6496.45996 0.681216
6496.72021 0.684314
6496.97998 0.687247
6497.25000 0.689967
6497.50977 0.691161
6497.77002 0.694728
6498.02979 0.698301
6498.29004 0.698814
6498.54980 0.702387
6498.81006 0.702623
6499.06982 0.70675
6499.33008 0.711228
6499.60010 0.71215
6499.85986 0.715126
6500.12012 0.717392
6500.37988 0.720194
6500.64014 0.721716
6500.89990 0.723122
6501.16016 0.727446
6501.41992 0.727621
6501.68994 0.729465
6501.95020 0.730713
6502.20996 0.733752
6502.47021 0.735317
6502.72998 0.735664
6502.99023 0.738412
6503.25000 0.741019
6503.50977 0.74406
6503.77979 0.743506
6504.04004 0.74599
6504.29980 0.74489
6504.56006 0.746227
6504.81982 0.749241
6505.08008 0.751835
6505.33984 0.7524
6505.60010 0.754135
6505.87012 0.754728
6506.12988 0.754333
6506.39014 0.754697
6506.64990 0.756957
6506.91016 0.75936
6507.16992 0.760664
6507.43018 0.761724
6507.68994 0.762636
6507.95020 0.766141
6508.22021 0.765301
6508.47998 0.765474
6508.74023 0.765685
6509.00000 0.765482
6509.25977 0.767166
6509.52002 0.767531
6509.77979 0.768503
6510.04004 0.77103
6510.31006 0.770375
6510.56982 0.770968
6510.83008 0.772551
6511.08984 0.774003
6511.35010 0.77308
6511.60986 0.772285
6511.87012 0.773786
6512.12988 0.775966
6512.39990 0.774043
6512.66016 0.775158
6512.91992 0.774211
6513.18018 0.773271
6513.43994 0.778041
6513.70020 0.779646
6513.95996 0.776757
6514.22021 0.778048
6514.47998 0.778698
6514.75000 0.777422
6515.00977 0.780538
6515.27002 0.779888
6515.52979 0.780023
6515.79004 0.776702
6516.04980 0.78203
6516.31006 0.781635
6516.56982 0.782353
6516.83984 0.779533
6517.10010 0.78159
6517.35986 0.783233
6517.62012 0.781983
6517.87988 0.782964
6518.14014 0.784284
6518.39990 0.779766
6518.66016 0.78318
6518.93018 0.783866
6519.18994 0.785278
6519.45020 0.783306
6519.70996 0.783945
6519.97021 0.782003
6520.22998 0.783283
6520.49023 0.783944
6520.75000 0.781112
6521.00977 0.78341
6521.27979 0.783124
6521.54004 0.784862
6521.79980 0.78468
6522.06006 0.784546
6522.31982 0.783218
6522.58008 0.783468
6522.83984 0.786112
6523.10010 0.784662
6523.37012 0.783378
6523.62988 0.784414
6523.89014 0.782204
6524.14990 0.78577
6524.41016 0.784728
6524.66992 0.784393
6524.93018 0.783791
6525.18994 0.782947
6525.45996 0.785561
6525.72021 0.787448
6525.97998 0.787319
6526.24023 0.786656
6526.50000 0.782313
6526.75977 0.785689
6527.02002 0.784983
6527.27979 0.786021
6527.54004 0.786523
6527.81006 0.783047
6528.06982 0.784129
6528.33008 0.784802
6528.58984 0.786826
6528.85010 0.785008
6529.10986 0.785099
6529.37012 0.784138
6529.62988 0.78721
6529.89990 0.784988
6530.16016 0.78618
6530.41992 0.785598
6530.68018 0.787356
6530.93994 0.786237
6531.20020 0.784446
6531.45996 0.786449
6531.72021 0.786929
6531.99023 0.785266
6532.25000 0.786511
6532.50977 0.786905
6532.77002 0.784826
6533.02979 0.788091
6533.29004 0.785601
6533.54980 0.78592
6533.81006 0.787804
6534.06982 0.784329
6534.33984 0.788914
6534.60010 0.786446
6534.85986 0.785201
6535.12012 0.786016
6535.37988 0.785891
6535.64014 0.787138
6535.89990 0.786043
6536.16016 0.787482
6536.43018 0.788302
6536.68994 0.787194
6536.95020 0.786933
6537.20996 0.788522
6537.47021 0.787575
6537.72998 0.786483
6537.99023 0.79008
6538.25000 0.788053
6538.52002 0.785941
6538.77979 0.78893
6539.04004 0.788699
6539.29980 0.786811
6539.56006 0.788577
6539.81982 0.789061
6540.08008 0.787149
6540.33984 0.787799
6540.60010 0.788991
6540.87012 0.789877
6541.12988 0.79034
6541.39014 0.789222
6541.64990 0.790601
6541.91016 0.790512
6542.16992 0.788774
6542.43018 0.789277
6542.68994 0.789723
6542.95996 0.789098
6543.22021 0.789275
6543.47998 0.790294
6543.74023 0.790004
6544.00000 0.790254
6544.25977 0.790961
6544.52002 0.790849
6544.77979 0.790264
6545.04980 0.790012
6545.31006 0.791269
6545.56982 0.790254
6545.83008 0.792128
6546.08984 0.790652
6546.35010 0.791646
6546.60986 0.789802
6546.87012 0.789661
6547.12988 0.791954
6547.39990 0.791184
6547.66016 0.791968
6547.91992 0.791322
6548.18018 0.789952
6548.43994 0.789832
6548.70020 0.79175
6548.95996 0.794226
6549.22021 0.792151
6549.49023 0.792203
6549.75000 0.790775
6550.00977 0.792932
6550.27002 0.793084
6550.52979 0.792723
6550.79004 0.794668
6551.04980 0.791342
6551.31006 0.792626
6551.58008 0.79397
6551.83984 0.791853
6552.10010 0.793197
6552.35986 0.792416
6552.62012 0.792602
6552.87988 0.791636
6553.14014 0.794286
6553.39990 0.794085
6553.66992 0.79222
6553.93018 0.793518
6554.18994 0.793133
6554.45020 0.793867
6554.70996 0.793634
6554.97021 0.794088
6555.22998 0.795437
6555.49023 0.791639
6555.75000 0.794408
6556.02002 0.794929
6556.27979 0.794224
6556.54004 0.791471
6556.79980 0.793133
6557.06006 0.793642
6557.31982 0.792204
6557.58008 0.794657
6557.83984 0.792624
6558.10010 0.793617
6558.37012 0.793079
6558.62988 0.792465
6558.89014 0.793765
6559.14990 0.793358
6559.41016 0.791066
6559.66992 0.794341
6559.93018 0.793756
6560.18994 0.793276
6560.45996 0.795209
6560.72021 0.79405
6560.97998 0.793094
6561.24023 0.794871
6561.50000 0.791842
6561.75977 0.79385
6562.02002 0.793472
6562.27979 0.794779
6562.54980 0.792482
6562.81006 0.793682
6563.06982 0.795691
6563.33008 0.792894
6563.58984 0.795165
6563.85010 0.792462
6564.10986 0.792243
6564.37012 0.793839
6564.64014 0.793462
6564.89990 0.793267
6565.16016 0.79131
6565.41992 0.792298
6565.68018 0.793472
6565.93994 0.791891
6566.20020 0.794574
6566.45996 0.793534
6566.72021 0.792378
6566.99023 0.794114
6567.25000 0.792859
6567.50977 0.791775
6567.77002 0.793352
6568.02979 0.793309
6568.29004 0.794669
6568.54980 0.791274
6568.81006 0.794493
6569.08008 0.792704
6569.33984 0.793051
6569.60010 0.792177
6569.85986 0.795053
6570.12012 0.791341
6570.37988 0.792724
6570.64014 0.793151
6570.89990 0.790988
6571.16992 0.791887
6571.43018 0.791428
6571.68994 0.790576
6571.95020 0.79313
6572.20996 0.790867
6572.47021 0.792062
6572.72998 0.790932
6572.99023 0.791556
6573.25000 0.788657
6573.52002 0.791311
6573.77979 0.790334
6574.04004 0.792053
6574.29980 0.791466
6574.56006 0.78998
6574.81982 0.790682
6575.08008 0.791701
6575.33984 0.79096
6575.60986 0.791496
6575.87012 0.788254
6576.12988 0.789484
6576.39014 0.790045
6576.64990 0.790763
6576.91016 0.788644
6577.16992 0.78758
