threeML/data/optical_filters/CAHA/CAHA-f_664_28.ecsv
# %ECSV 0.9
# ---
# datatype:
# - {name: wavelength, unit: Angstrom, datatype: float32}
# - {name: response, datatype: float32}
# meta: !!omap
# - {band_name: f_664_28}
# - {group_name: CAHA}
wavelength response
5643.17285 0.0
6270.19189 0.004052
6271.05713 0.004155
6271.92188 0.004259
6272.78711 0.004366
6273.65186 0.004476
6274.51709 0.004587
6275.38184 0.004701
6276.24707 0.004817
6277.11182 0.004935
6277.97705 0.005055
6278.84180 0.005177
6279.70703 0.005302
6280.57178 0.005429
6281.43701 0.005558
6282.30176 0.005689
6283.16699 0.005823
6284.03223 0.005959
6284.89697 0.006096
6285.76221 0.006237
6286.62695 0.006379
6287.49219 0.006524
6288.35693 0.00667
6289.22217 0.006819
6290.08691 0.006971
6290.95215 0.007124
6291.81689 0.00728
6292.68213 0.007437
6293.54688 0.007598
6294.41211 0.00776
6295.27686 0.007924
6296.14209 0.008091
6297.00684 0.00826
6297.87207 0.008431
6298.73682 0.008604
6299.60205 0.00878
6300.46680 0.008958
6301.33203 0.009138
6302.19678 0.00932
6303.06201 0.009504
6303.92676 0.009691
6304.79199 0.009879
6305.65576 0.01007
6306.52100 0.010264
6307.38623 0.010459
6308.25098 0.010657
6309.11621 0.010857
6309.98096 0.011059
6310.84619 0.011263
6311.71094 0.011469
6312.57617 0.011678
6313.44092 0.011889
6314.30615 0.012102
6315.17090 0.012317
6316.03613 0.012535
6316.90088 0.012755
6317.76611 0.012977
6318.63086 0.013201
6319.49609 0.013427
6320.36084 0.013656
6321.22607 0.013887
6322.08984 0.01412
6322.95605 0.014355
6323.81982 0.014592
6324.68604 0.014832
6325.54980 0.015074
6326.41504 0.015318
6327.27979 0.015564
6328.14502 0.015813
6329.00977 0.016063
6329.87500 0.016316
6330.74023 0.016571
6331.60498 0.016829
6332.47021 0.017088
6333.33398 0.01735
6334.20020 0.017614
6335.06396 0.01788
6335.93018 0.018149
6336.79395 0.018419
6337.65918 0.018692
6338.52393 0.018967
6339.38916 0.019244
6340.25391 0.019524
6341.11914 0.019805
6341.98389 0.020089
6342.84912 0.020375
6343.71387 0.020663
6344.57910 0.020954
6345.44287 0.021247
6346.30908 0.021542
6347.17285 0.021839
6348.03809 0.022138
6348.90283 0.02244
6349.76807 0.022743
6350.63281 0.023049
6351.49805 0.023358
6352.36279 0.023668
6353.22803 0.023981
6354.09277 0.024295
6354.95801 0.024612
6355.82178 0.024932
6356.68799 0.025253
6357.55176 0.025577
6358.41699 0.025903
6359.28223 0.026231
6360.14697 0.026561
6361.01221 0.026893
6361.87695 0.027228
6362.74219 0.027565
6363.60596 0.027904
6364.47217 0.028246
6365.33594 0.028589
6366.20117 0.028935
6367.06592 0.029283
6367.93115 0.029633
6368.79590 0.029986
6369.66113 0.03034
6370.52588 0.030697
6371.39111 0.031056
6372.25488 0.031417
6373.12012 0.031781
6373.98486 0.032146
6374.85010 0.032514
6375.71484 0.032884
6376.58008 0.033257
6377.44482 0.033631
6378.31006 0.034008
6379.17383 0.034387
6380.04004 0.034768
6380.90381 0.035151
6381.76904 0.035537
6382.63379 0.035925
6383.49902 0.036315
6384.36377 0.036707
6385.22900 0.037102
6386.09277 0.037499
6386.95801 0.037899
6387.82324 0.038303
6388.68799 0.038713
6389.55322 0.039131
6390.41699 0.039561
6391.28320 0.04001
6392.14697 0.040491
6393.01221 0.041024
6393.87695 0.041629
6394.74219 0.04232
6395.60693 0.043091
6396.47217 0.043914
6397.33594 0.044744
6398.20117 0.045543
6399.06592 0.046286
6399.93115 0.046977
6400.79590 0.047632
6401.66113 0.048266
6402.52588 0.048881
6403.39111 0.049468
6404.25488 0.05001
6405.12012 0.050497
6405.98486 0.050929
6406.85010 0.051331
6407.71484 0.051748
6408.58008 0.052233
6409.44385 0.05283
6410.30908 0.053559
6411.17383 0.054403
6412.03906 0.055325
6412.90381 0.056282
6413.76904 0.057243
6414.63281 0.0582
6415.49805 0.059158
6416.36279 0.060131
6417.22803 0.06113
6418.09277 0.062162
6418.95801 0.063228
6419.82178 0.064316
6420.68701 0.065413
6421.55176 0.066497
6422.41699 0.067553
6423.28223 0.068573
6424.14600 0.069566
6425.01123 0.070553
6425.87598 0.071569
6426.74121 0.072645
6427.60596 0.07381
6428.47119 0.075078
6429.33496 0.076441
6430.20020 0.077874
6431.06494 0.07934
6431.93018 0.080809
6432.79395 0.082269
6433.65918 0.083731
6434.52393 0.08522
6435.38916 0.086759
6436.25391 0.088373
6437.11914 0.090081
6437.98291 0.091905
6438.84814 0.093854
6439.71289 0.095914
6440.57812 0.098035
6441.44287 0.100144
6442.30811 0.102176
6443.17188 0.1041
6444.03711 0.105945
6444.90186 0.107781
6445.76709 0.109698
6446.63086 0.111765
6447.49609 0.114006
6448.36084 0.116395
6449.22607 0.118875
6450.09082 0.12139
6450.95605 0.123913
6451.81982 0.126464
6452.68506 0.129102
6453.54980 0.131906
6454.41504 0.134944
6455.27881 0.138246
6456.14404 0.141799
6457.00879 0.14555
6457.87402 0.149426
6458.73779 0.15336
6459.60303 0.157301
6460.46777 0.161231
6461.33301 0.165163
6462.19824 0.169134
6463.06299 0.173192
6463.92676 0.177373
6464.79199 0.181684
6465.65723 0.186107
6466.52100 0.190613
6467.38623 0.195186
6468.25098 0.199827
6469.11621 0.204552
6469.97998 0.209371
6470.84521 0.214286
6471.70996 0.219286
6472.57520 0.224367
6473.43896 0.229532
6474.30420 0.234802
6475.16895 0.240206
6476.03418 0.245769
6476.89795 0.251504
6477.76318 0.257406
6478.62793 0.263448
6479.49316 0.269608
6480.35693 0.275866
6481.22217 0.282221
6482.08691 0.288684
6482.95215 0.295258
6483.81592 0.301934
6484.68115 0.308688
6485.54590 0.31551
6486.41113 0.322422
6487.27490 0.329478
6488.14014 0.33675
6489.00488 0.344295
6489.87012 0.352139
6490.73389 0.360275
6491.59912 0.368669
6492.46387 0.377271
6493.32910 0.386018
6494.19287 0.394848
6495.05811 0.403705
6495.92285 0.412553
6496.78809 0.421395
6497.65186 0.430258
6498.51709 0.43918
6499.38184 0.448184
6500.24707 0.45725
6501.11084 0.466321
6501.97607 0.475334
6502.84082 0.484242
6503.70605 0.493037
6504.56982 0.501734
6505.43506 0.510351
6506.29980 0.5189
6507.16504 0.527379
6508.02881 0.535782
6508.89404 0.544127
6509.75781 0.552448
6510.62305 0.56078
6511.48779 0.56913
6512.35303 0.577465
6513.21680 0.585719
6514.08203 0.593833
6514.94678 0.601771
6515.81201 0.609525
6516.67578 0.617103
6517.54102 0.624516
6518.40576 0.631787
6519.27100 0.638951
6520.13477 0.646054
6521.00000 0.653139
6521.86377 0.660228
6522.72900 0.66731
6523.59424 0.674341
6524.45801 0.68125
6525.32324 0.687959
6526.18799 0.694423
6527.05322 0.700647
6527.91699 0.706674
6528.78223 0.712571
6529.64697 0.718379
6530.51123 0.724082
6531.37598 0.729607
6532.24121 0.734852
6533.10498 0.73972
6533.97021 0.744159
6534.83496 0.748178
6535.70020 0.751832
6536.56396 0.755212
6537.42920 0.75842
6538.29297 0.761562
6539.15820 0.764725
6540.02295 0.76795
6540.88818 0.771208
6541.75195 0.774395
6542.61719 0.77737
6543.48193 0.780015
6544.34619 0.782277
6545.21094 0.784188
6546.07617 0.785832
6546.93994 0.78732
6547.80518 0.788748
6548.66992 0.790192
6549.53418 0.7917
6550.39893 0.793288
6551.26416 0.794926
6552.12793 0.796539
6552.99316 0.798022
6553.85791 0.799273
6554.72217 0.800254
6555.58691 0.80101
6556.45215 0.801658
6557.31592 0.802326
6558.18115 0.803092
6559.04590 0.803946
6559.91016 0.804809
6560.77490 0.8056
6561.64014 0.806304
6562.50391 0.806981
6563.36914 0.80772
6564.23389 0.808546
6565.09814 0.809383
6565.96289 0.810068
6566.82812 0.810452
6567.69189 0.810473
6568.55713 0.810195
6569.42090 0.809756
6570.28613 0.809292
6571.15088 0.808875
6572.01611 0.808501
6572.87988 0.80815
6573.74512 0.807815
6574.60889 0.80753
6575.47412 0.807346
6576.33887 0.807284
6577.20312 0.807311
6578.06787 0.807346
6578.93311 0.807298
6579.79688 0.807094
6580.66211 0.806698
6581.52588 0.806128
6582.39111 0.805452
6583.25586 0.804774
6584.12012 0.804202
6584.98486 0.803828
6585.85010 0.803688
6586.71387 0.803756
6587.57910 0.80394
6588.44287 0.804109
6589.30811 0.80414
6590.17285 0.803963
6591.03711 0.80358
6591.90186 0.803046
6592.76709 0.802453
6593.63086 0.801884
6594.49609 0.801403
6595.35986 0.801041
6596.22510 0.800791
6597.08984 0.800612
6597.95410 0.800458
6598.81885 0.8003
6599.68408 0.800129
6600.54785 0.799944
6601.41309 0.799742
6602.27686 0.799517
6603.14209 0.799288
6604.00586 0.79908
6604.87109 0.798929
6605.73584 0.798841
6606.60010 0.798795
6607.46484 0.798754
6608.33008 0.798686
6609.19385 0.798583
6610.05908 0.798453
6610.92285 0.798297
6611.78809 0.79811
6612.65186 0.79788
6613.51709 0.797627
6614.38184 0.797395
6615.24609 0.797231
6616.11084 0.797159
6616.97607 0.797148
6617.83984 0.79714
6618.70508 0.797075
6619.56885 0.796935
6620.43408 0.796744
6621.29785 0.796566
6622.16309 0.796464
6623.02686 0.796488
6623.89209 0.796638
6624.75684 0.796881
6625.62109 0.797154
6626.48584 0.797403
6627.35107 0.797585
6628.21484 0.797672
6629.08008 0.797638
6629.94385 0.79746
6630.80908 0.797136
6631.67285 0.796725
6632.53809 0.796346
6633.40186 0.796149
6634.26709 0.796237
6635.13184 0.796585
6635.99609 0.797041
6636.86084 0.797378
6637.72510 0.797404
6638.58984 0.797052
6639.45508 0.796407
6640.31885 0.795647
6641.18408 0.794977
6642.04785 0.794545
6642.91309 0.794412
6643.77686 0.794555
6644.64209 0.79489
6645.50586 0.795304
6646.37109 0.795689
6647.23486 0.795954
6648.10010 0.796048
6648.96387 0.795959
6649.82910 0.795725
6650.69385 0.795434
6651.55811 0.795211
6652.42285 0.795168
6653.28711 0.795361
6654.15186 0.795758
6655.01611 0.796261
6655.88086 0.796764
6656.74609 0.797215
6657.60986 0.797627
6658.47510 0.798045
6659.33887 0.7985
6660.20410 0.798977
6661.06787 0.799425
6661.93311 0.799788
6662.79688 0.800021
6663.66211 0.800103
6664.52588 0.800042
6665.39111 0.799876
6666.25488 0.799681
6667.12012 0.799544
6667.98389 0.799532
6668.84912 0.799651
6669.71289 0.799845
6670.57812 0.800008
6671.44189 0.800033
6672.30713 0.799858
6673.17090 0.799494
6674.03613 0.799029
6674.89990 0.798586
6675.76514 0.798264
6676.62891 0.798112
6677.49414 0.79813
6678.35889 0.798287
6679.22314 0.798549
6680.08789 0.798884
6680.95215 0.799242
6681.81689 0.799543
6682.68115 0.79969
6683.54590 0.799582
6684.41016 0.799166
6685.27490 0.798455
6686.13916 0.797541
6687.00391 0.796565
6687.86816 0.795654
6688.73291 0.794881
6689.59717 0.794238
6690.46191 0.79366
6691.32617 0.793053
6692.19092 0.792334
6693.05518 0.791464
6693.91992 0.790464
6694.78418 0.789415
6695.64893 0.788435
6696.51318 0.787627
6697.37793 0.787037
6698.24219 0.786624
6699.10693 0.786277
6699.97119 0.785879
6700.83496 0.785366
6701.70020 0.784752
6702.56396 0.784105
6703.42920 0.783483
6704.29297 0.782877
6705.15820 0.782201
6706.02197 0.781328
6706.88721 0.780142
6707.75098 0.778593
6708.61621 0.77673
6709.47998 0.774676
6710.34521 0.772595
6711.20898 0.770628
6712.07422 0.768856
6712.93799 0.767279
6713.80322 0.765853
6714.66699 0.764525
6715.53223 0.763255
6716.39600 0.762021
6717.26123 0.760784
6718.12500 0.759476
6718.99023 0.757996
6719.85400 0.756251
6720.71924 0.754187
6721.58301 0.751817
6722.44824 0.749208
6723.31201 0.746454
6724.17578 0.743631
6725.04102 0.740774
6725.90479 0.737877
6726.77002 0.734911
6727.63379 0.731851
6728.49902 0.728693
6729.36279 0.725449
6730.22803 0.722138
6731.09180 0.718781
6731.95703 0.715399
6732.82080 0.712011
6733.68604 0.708618
6734.54980 0.705188
6735.41504 0.701651
6736.27881 0.697914
6737.14307 0.693904
6738.00781 0.689597
6738.87207 0.685018
6739.73682 0.680221
6740.60107 0.675237
6741.46484 0.670068
6742.33008 0.664692
6743.19385 0.659104
6744.05908 0.65334
6744.92285 0.647482
6745.78809 0.641628
6746.65186 0.635848
6747.51709 0.630153
6748.38086 0.624509
6749.24609 0.618852
6750.10986 0.61314
6750.97412 0.60737
6751.83887 0.601584
6752.70312 0.595846
6753.56689 0.590205
6754.43213 0.584664
6755.29590 0.579175
6756.16113 0.573651
6757.02490 0.568009
6757.89014 0.562198
6758.75391 0.55621
6759.61914 0.550073
6760.48291 0.543828
6761.34717 0.537501
6762.21191 0.531097
6763.07617 0.524595
6763.93994 0.517973
6764.80518 0.511221
6765.66895 0.504352
6766.53418 0.497398
6767.39795 0.490393
6768.26318 0.483364
6769.12695 0.47632
6769.99121 0.46924
6770.85596 0.462073
6771.72021 0.454754
6772.58398 0.447221
6773.44922 0.439462
6774.31299 0.431523
6775.17822 0.423516
6776.04199 0.41558
6776.90723 0.407845
6777.77100 0.400397
6778.63477 0.393257
6779.50000 0.386394
6780.36377 0.379747
6781.22900 0.373245
6782.09277 0.366828
6782.95801 0.360441
6783.82178 0.354046
6784.68604 0.347628
6785.55078 0.34122
6786.41504 0.334891
6787.27881 0.328736
6788.14404 0.322828
6789.00781 0.317195
6789.87305 0.3118
6790.73682 0.306565
6791.60107 0.301405
6792.46582 0.296243
6793.33008 0.291037
6794.19385 0.285768
6795.05908 0.280436
6795.92285 0.27505
6796.78809 0.269635
6797.65186 0.264227
6798.51611 0.258868
6799.37988 0.253594
6800.24512 0.248417
6801.10889 0.24333
6801.97412 0.238311
6802.83789 0.233351
6803.70312 0.22845
6804.56689 0.223621
6805.43115 0.218871
6806.29492 0.2142
6807.16016 0.209602
6808.02393 0.205077
6808.88916 0.200637
6809.75293 0.196296
6810.61719 0.192067
6811.48193 0.187945
6812.34619 0.183913
6813.20996 0.179939
6814.07520 0.175998
6814.93896 0.172076
6815.80322 0.168176
6816.66797 0.164319
6817.53223 0.160541
6818.39600 0.15688
6819.26123 0.153374
6820.12500 0.150043
6820.99023 0.146886
6821.85400 0.143881
6822.71777 0.140987
6823.58301 0.138165
6824.44678 0.135382
6825.31104 0.13263
6826.17578 0.129917
6827.04004 0.127266
6827.90381 0.124696
6828.76904 0.122215
6829.63281 0.119818
6830.49707 0.117494
6831.36182 0.115232
6832.22607 0.11303
6833.08984 0.110886
6833.95508 0.10879
6834.81885 0.106719
6835.68311 0.104634
6836.54688 0.102496
6837.41211 0.100292
6838.27588 0.098046
6839.14111 0.095821
6840.00488 0.093692
6840.86914 0.09171
6841.73291 0.089882
6842.59814 0.088164
6843.46191 0.086496
6844.32715 0.084824
6845.19092 0.083133
6846.05518 0.081435
6846.91895 0.079762
6847.78418 0.078141
6848.64795 0.076582
6849.51221 0.075079
6850.37598 0.073613
6851.24121 0.07217
6852.10498 0.070744
6852.97021 0.069341
6853.83398 0.067967
6854.69824 0.066627
6855.56299 0.065318
6856.42676 0.064028
6857.29102 0.062755
6858.15479 0.061503
6859.02002 0.060288
6859.88379 0.059131
6860.74902 0.058043
6861.61279 0.057025
6862.47705 0.056063
6863.34082 0.055135
6864.20605 0.054221
6865.06982 0.053305
6865.93408 0.052378
6866.79785 0.051439
6867.66309 0.050495
6868.52686 0.049559
6869.39111 0.048648
6870.25488 0.047774
6871.12012 0.046942
6871.98389 0.046149
6872.84814 0.045382
6873.71191 0.044628
6874.57715 0.043882
6875.44092 0.043149
6876.30615 0.042441
6877.16992 0.04177
6878.03418 0.041138
6878.89795 0.040535
6879.76318 0.039942
6880.62695 0.039339
6881.49121 0.03871
6882.35498 0.038047
6883.22021 0.03735
6884.08398 0.036621
6884.94824 0.035867
6885.81299 0.035089
6886.67676 0.034288
6887.54102 0.033465
6888.40479 0.032628
6889.27002 0.031796
6890.13379 0.030997
6890.99805 0.030261
6891.86182 0.029604
6892.72705 0.029029
6893.59082 0.028521
6894.45508 0.02806
6895.31885 0.02763
6896.18408 0.027217
6897.04785 0.026814
6897.91211 0.026417
6898.77588 0.026027
6899.64111 0.025654
6900.50488 0.025307
6901.36914 0.024996
6902.23291 0.024721
6903.09814 0.024475
6903.96191 0.024242
6904.82617 0.024001
6905.68994 0.023734
6906.55518 0.023429
6907.41895 0.02309
6908.28320 0.022731
6909.14697 0.02237
6910.01221 0.022018
6910.87598 0.021675
6911.74023 0.021331
6912.60400 0.020976
6913.46777 0.020607
6914.33301 0.020227
6915.19678 0.019847
6916.06104 0.019479
6916.92480 0.019135
6917.79004 0.018825
6918.65381 0.018558
6919.51807 0.018335
6920.38184 0.018142
6921.24707 0.017956
6922.11084 0.017755
6922.97510 0.017522
6923.83887 0.017259
6924.70410 0.016976
6925.56689 0.01669
6926.43213 0.016412
6927.29590 0.016148
6928.16016 0.015901
6929.02393 0.015666
6929.88916 0.015439
6930.75293 0.01522
6931.61719 0.015005
6932.48096 0.014795
6933.34619 0.014591
6934.20996 0.014396
6935.07422 0.014216
6935.93799 0.014053
6936.80176 0.013904
6937.66699 0.013764
6938.53076 0.01362
6939.39502 0.013468
6940.25879 0.013307
6941.12402 0.013142
6941.98779 0.012984
6942.85205 0.012843
6943.71582 0.012726
6944.58008 0.012626
6945.44385 0.012532
6946.30908 0.012426
6947.17285 0.012295
6948.03711 0.012135
6948.90088 0.011953
6949.76514 0.011756
6950.62891 0.011555
6951.49414 0.011356
6952.35791 0.011163
6953.22217 0.010979
6954.08594 0.010814
6954.95020 0.010678
6955.81396 0.010579
6956.67920 0.010519
6957.54297 0.010489
6958.40723 0.01047
6959.27100 0.010432
6960.13623 0.010347
6961.00000 0.010192
6961.86377 0.009962
6962.72803 0.009673
6963.59180 0.009358
6964.45703 0.009058
6965.32080 0.008809
6966.18506 0.008629
6967.04883 0.00852
6967.91309 0.008464
6968.77686 0.008437
6969.64209 0.008419
6970.50488 0.008392
6971.37012 0.008349
6972.23389 0.008286
6973.09814 0.008202
6973.96191 0.008098
6974.82617 0.007974
6975.68994 0.007835
6976.55518 0.007688
6977.41895 0.007547
6978.28320 0.007428
6979.14697 0.007344
6980.01123 0.007295
6980.87500 0.007268
6981.74023 0.007239
6982.60400 0.007176
6983.46777 0.007054
6984.33203 0.006866
6985.19580 0.006632
6986.06104 0.006387
6986.92383 0.006173
6987.78906 0.006015
6988.65283 0.005917
6989.51709 0.005866
6990.38086 0.005845
6991.24512 0.005844
6992.10889 0.005856
6992.97412 0.005874
6993.83789 0.005884
6994.70215 0.005866
6995.56592 0.005805
6996.43018 0.005701
6997.29395 0.005574
6998.15820 0.005454
6999.02197 0.005368
6999.88721 0.005327
7000.75000 0.005322
7001.61523 0.005329
7002.47900 0.005326
7003.34277 0.005293
7004.20703 0.005226
7005.07080 0.005131
7005.93604 0.005024
7006.79980 0.004925
7007.66406 0.004852
7008.52783 0.00481
7009.39209 0.004795
7010.25586 0.00479
7011.12012 0.004772
7011.98389 0.00472
7012.84912 0.004623
7013.71191 0.004483
7014.57715 0.004316
7015.44092 0.00415
7016.30518 0.004016
7717.93555 0.0
