threeML/data/optical_filters/CAHA/CAHA-f_423_5.ecsv
# %ECSV 0.9
# ---
# datatype:
# - {name: wavelength, unit: Angstrom, datatype: float32}
# - {name: response, datatype: float32}
# meta: !!omap
# - {band_name: f_423_5}
# - {group_name: CAHA}
wavelength response
3756.20410 0.0
4173.56006 0.005825
4173.81982 0.011168
4174.08008 0.012682
4174.33984 0.008589
4174.60010 0.008301
4174.85986 0.002767
4175.12012 0.009028
4175.37988 0.011678
4175.62988 0.006853
4175.89014 0.012296
4176.14990 0.005453
4176.41016 0.011152
4176.66992 0.010376
4176.93018 0.009584
4177.18994 0.013882
4177.45020 0.010915
4177.70996 0.011438
4177.97021 0.009616
4178.22998 0.014784
4178.49023 0.018453
4178.75000 0.013826
4179.00000 0.01755
4179.25977 0.013683
4179.52002 0.010958
4179.77979 0.010568
4180.04004 0.015179
4180.29980 0.01258
4180.56006 0.009103
4180.81982 0.01263
4181.08008 0.018358
4181.33984 0.013442
4181.60010 0.016315
4181.85986 0.007978
4182.10986 0.014796
4182.37012 0.014964
4182.62988 0.0177
4182.89014 0.018468
4183.14990 0.009863
4183.41016 0.01404
4183.66992 0.014334
4183.93018 0.008173
4184.18994 0.015913
4184.45020 0.012625
4184.70996 0.018117
4184.97021 0.023931
4185.22998 0.010942
4185.47998 0.014727
4185.74023 0.01534
4186.00000 0.014035
4186.25977 0.019236
4186.52002 0.018026
4186.77979 0.022188
4187.04004 0.020196
4187.29980 0.015968
4187.56006 0.022672
4187.81982 0.019327
4188.08008 0.014074
4188.33984 0.019014
4188.58984 0.026625
4188.85010 0.015086
4189.10986 0.020913
4189.37012 0.02429
4189.62988 0.020884
4189.89014 0.020263
4190.14990 0.021777
4190.41016 0.025618
4190.66992 0.024013
4190.93018 0.028962
4191.18994 0.024353
4191.45020 0.022463
4191.70996 0.023469
4191.95996 0.025521
4192.22021 0.024305
4192.47998 0.028621
4192.74023 0.034695
4193.00000 0.027958
4193.25977 0.027412
4193.52002 0.031079
4193.77979 0.030908
4194.04004 0.034145
4194.29980 0.028648
4194.56006 0.029557
4194.81982 0.030791
4195.06982 0.040132
4195.33008 0.031487
4195.58984 0.032738
4195.85010 0.035229
4196.10986 0.036786
4196.37012 0.037684
4196.62988 0.039945
4196.89014 0.037899
4197.14990 0.041163
4197.41016 0.044133
4197.66992 0.04178
4197.93018 0.048217
4198.18994 0.047785
4198.43994 0.045889
4198.70020 0.043931
4198.95996 0.053137
4199.22021 0.042094
4199.47998 0.052278
4199.74023 0.048168
4200.00000 0.0587
4200.25977 0.055222
4200.52002 0.053331
4200.77979 0.057492
4201.04004 0.053163
4201.29980 0.061898
4201.54980 0.056192
4201.81006 0.060687
4202.06982 0.06401
4202.33008 0.06375
4202.58984 0.06347
4202.85010 0.063046
4203.10986 0.058156
4203.37012 0.070399
4203.62988 0.073552
4203.89014 0.075565
4204.14990 0.077703
4204.41016 0.067837
4204.66992 0.075672
4204.91992 0.07667
4205.18018 0.079949
4205.43994 0.074916
4205.70020 0.092296
4205.95996 0.087135
4206.22021 0.093964
4206.47998 0.097708
4206.74023 0.107775
4207.00000 0.102478
4207.25977 0.097548
4207.52002 0.09011
4207.77979 0.09716
4208.02979 0.104888
4208.29004 0.106007
4208.54980 0.106304
4208.81006 0.113297
4209.06982 0.116463
4209.33008 0.118942
4209.58984 0.125333
4209.85010 0.12761
4210.10986 0.124165
4210.37012 0.126886
4210.62988 0.131476
4210.89014 0.135242
4211.14990 0.140395
4211.39990 0.135736
4211.66016 0.152989
4211.91992 0.145644
4212.18018 0.146852
4212.43994 0.156545
4212.70020 0.167686
4212.95996 0.170789
4213.22021 0.169808
4213.47998 0.167749
4213.74023 0.177223
4214.00000 0.173272
4214.25977 0.181495
4214.50977 0.189421
4214.77002 0.173956
4215.02979 0.193757
4215.29004 0.193539
4215.54980 0.205712
4215.81006 0.20067
4216.06982 0.198801
4216.33008 0.214353
4216.58984 0.213902
4216.85010 0.216801
4217.10986 0.211159
4217.37012 0.225556
4217.62012 0.222531
4217.87988 0.227647
4218.14014 0.22617
4218.39990 0.223709
4218.66016 0.239833
4218.91992 0.251196
4219.18018 0.260208
4219.43994 0.246257
4219.70020 0.268049
4219.95996 0.275212
4220.22021 0.262288
4220.47998 0.275996
4220.74023 0.284615
4220.99023 0.294165
4221.25000 0.285916
4221.50977 0.284382
4221.77002 0.289557
4222.02979 0.284477
4222.29004 0.282198
4222.54980 0.298964
4222.81006 0.300166
4223.06982 0.299094
4223.33008 0.302663
4223.58984 0.303959
4223.85010 0.326856
4224.10010 0.311935
4224.35986 0.327513
4224.62012 0.327389
4224.87988 0.325261
4225.14014 0.331771
4225.39990 0.328892
4225.66016 0.338644
4225.91992 0.334135
4226.18018 0.3221
4226.43994 0.333315
4226.70020 0.340569
4226.95996 0.343295
4227.22021 0.345956
4227.47021 0.341838
4227.72998 0.35878
4227.99023 0.346957
4228.25000 0.353288
4228.50977 0.350566
4228.77002 0.344647
4229.02979 0.367598
4229.29004 0.352
4229.54980 0.359597
4229.81006 0.371897
4230.06982 0.37491
4230.33008 0.366113
4230.58008 0.361783
4230.83984 0.370313
4231.10010 0.372941
4231.35986 0.360038
4231.62012 0.361923
4231.87988 0.370811
4232.14014 0.361656
4232.39990 0.37149
4232.66016 0.363511
4232.91992 0.359763
4233.18018 0.368485
4233.43994 0.374648
4233.70020 0.362939
4233.95020 0.370703
4234.20996 0.383709
4234.47021 0.376317
4234.72998 0.365245
4234.99023 0.380056
4235.25000 0.362903
4235.50977 0.377303
4235.77002 0.36276
4236.02979 0.371471
4236.29004 0.382732
4236.54980 0.377817
4236.81006 0.372899
4237.06982 0.363399
4237.31982 0.366516
4237.58008 0.382235
4237.83984 0.392234
4238.10010 0.380527
4238.35986 0.369803
4238.62012 0.373269
4238.87988 0.366524
4239.14014 0.374708
4239.39990 0.35905
4239.66016 0.364099
4239.91992 0.371434
4240.18018 0.362774
4240.43018 0.377354
4240.68994 0.358969
4240.95020 0.374003
4241.20996 0.368431
4241.47021 0.357714
4241.72998 0.362464
4241.99023 0.369502
4242.25000 0.360306
4242.50977 0.36961
4242.77002 0.370347
4243.02979 0.363796
4243.29004 0.364211
4243.54980 0.357689
4243.79980 0.367086
4244.06006 0.35164
4244.31982 0.358548
4244.58008 0.374296
4244.83984 0.357397
4245.10010 0.360373
4245.35986 0.350878
4245.62012 0.343653
4245.87988 0.347933
4246.14014 0.352063
4246.39990 0.342434
4246.66016 0.334563
4246.91992 0.336866
4247.16992 0.337018
4247.43018 0.324634
4247.68994 0.329433
4247.95020 0.342232
4248.20996 0.332821
4248.47021 0.332352
4248.72998 0.332332
4248.99023 0.321879
4249.25000 0.33881
4249.50977 0.32709
4249.77002 0.320802
4250.02979 0.320172
4250.27979 0.304797
4250.54004 0.323454
4250.79980 0.307478
4251.06006 0.30526
4251.31982 0.295444
4251.58008 0.29551
4251.83984 0.303584
4252.10010 0.285847
4252.35986 0.293791
4252.62012 0.273687
4252.87988 0.281769
4253.14014 0.283023
4253.39990 0.271109
4253.64990 0.271832
4253.91016 0.267164
4254.16992 0.273269
4254.43018 0.257216
4254.68994 0.259508
4254.95020 0.251671
4255.20996 0.246728
4255.47021 0.243644
4255.72998 0.240007
4255.99023 0.237488
4256.25000 0.234779
4256.50977 0.223381
4256.75977 0.219164
4257.02002 0.217586
4257.27979 0.216309
4257.54004 0.213269
4257.79980 0.198548
4258.06006 0.206251
4258.31982 0.212537
4258.58008 0.202968
4258.83984 0.193213
4259.10010 0.189086
4259.35986 0.194163
4259.62012 0.183629
4259.87988 0.178752
4260.12988 0.178433
4260.39014 0.163301
4260.64990 0.167412
4260.91016 0.174846
4261.16992 0.161795
4261.43018 0.158433
4261.68994 0.162325
4261.95020 0.151251
4262.20996 0.15449
4262.47021 0.149714
4262.72998 0.150095
4262.99023 0.143925
4263.24023 0.134917
4263.50000 0.133509
4263.75977 0.135829
4264.02002 0.133506
4264.27979 0.130435
4264.54004 0.114652
4264.79980 0.121112
4265.06006 0.135206
4265.31982 0.117986
4265.58008 0.109597
4265.83984 0.106146
4266.10010 0.110353
4266.35010 0.108467
4266.60986 0.106198
4266.87012 0.103378
4267.12988 0.094161
4267.39014 0.091634
4267.64990 0.086234
4267.91016 0.097327
4268.16992 0.094924
4268.43018 0.098731
4268.68994 0.088131
4268.95020 0.092834
4269.20996 0.088249
4269.47021 0.081492
4269.72021 0.081178
4269.97998 0.074717
4270.24023 0.076939
4270.50000 0.075268
4270.75977 0.071283
4271.02002 0.070833
4271.27979 0.062051
4271.54004 0.06774
4271.79980 0.073338
4272.06006 0.058911
4272.31982 0.068263
4272.58008 0.065177
4272.83008 0.060166
4273.08984 0.068661
4273.35010 0.061734
4273.60986 0.055846
4273.87012 0.055492
4274.12988 0.048952
4274.39014 0.053044
4274.64990 0.0554
4274.91016 0.052432
4275.16992 0.050201
4275.43018 0.050778
4275.68994 0.050342
4275.95020 0.049984
4276.20020 0.044112
4276.45996 0.04873
4276.72021 0.04993
4276.97998 0.05388
4277.24023 0.044625
4277.50000 0.037588
4277.75977 0.040957
4278.02002 0.043973
4278.27979 0.0403
4278.54004 0.040463
4278.79980 0.03978
4279.06006 0.035373
4279.31006 0.036419
4279.56982 0.040759
4279.83008 0.032068
4280.08984 0.039777
4280.35010 0.036608
4280.60986 0.028822
4280.87012 0.032548
4281.12988 0.02862
4281.39014 0.03221
4281.64990 0.026754
4281.91016 0.025219
4282.16992 0.02917
4282.43018 0.021641
4282.68018 0.03199
4282.93994 0.027098
4283.20020 0.024659
4283.45996 0.022111
4283.72021 0.028788
4283.97998 0.025632
4284.24023 0.026081
4284.50000 0.022622
4284.75977 0.021122
4285.02002 0.018324
4285.27979 0.016513
4285.54004 0.024063
4285.79004 0.025486
4286.04980 0.019429
4286.31006 0.022768
4286.56982 0.018441
4286.83008 0.019438
4287.08984 0.018171
4287.35010 0.020069
4287.60986 0.018626
4287.87012 0.019181
4288.12988 0.019818
4288.39014 0.019701
4288.64990 0.012857
4288.91016 0.016378
4289.16016 0.016852
4289.41992 0.018621
4289.68018 0.020554
4289.93994 0.016211
4290.20020 0.014349
4290.45996 0.015972
4290.72021 0.009338
4290.97998 0.015571
4291.24023 0.011916
4291.50000 0.01906
4291.75977 0.01447
4292.02002 0.014352
4292.27002 0.02173
4292.52979 0.013194
4292.79004 0.015251
4293.04980 0.01258
4293.31006 0.007388
4293.56982 0.014925
4293.83008 0.014011
4294.08984 0.010771
4294.35010 0.010206
4294.60986 0.014919
4294.87012 0.010292
4295.12988 0.011284
4295.39014 0.01316
4295.64014 0.008214
4295.89990 0.011575
4296.16016 0.009743
4296.41992 0.017327
4296.68018 0.012759
4296.93994 0.01259
4297.20020 0.007561
4297.45996 0.013102
4297.72021 0.004997
4297.97998 0.012353
4727.77783 0.0
