threeML/data/optical_filters/CAHA/CAHA-f_658_5.ecsv
# %ECSV 0.9
# ---
# datatype:
# - {name: wavelength, unit: Angstrom, datatype: float32}
# - {name: response, datatype: float32}
# meta: !!omap
# - {band_name: f_658_5}
# - {group_name: CAHA}
wavelength response
5872.68018 0.0
6525.20020 0.004033
6525.45996 0.004202
6525.72021 0.00406
6525.97998 0.004155
6526.24023 0.004229
6526.50000 0.004394
6526.75977 0.004392
6527.02002 0.004553
6527.29004 0.004515
6527.54980 0.004636
6527.81006 0.004661
6528.06982 0.004914
6528.33008 0.004954
6528.58984 0.004897
6528.85010 0.005035
6529.10986 0.005243
6529.37988 0.005299
6529.64014 0.005554
6529.89990 0.005791
6530.16016 0.005822
6530.41992 0.005902
6530.68018 0.006163
6530.93994 0.006174
6531.20020 0.006328
6531.45996 0.006323
6531.72998 0.006573
6531.99023 0.006999
6532.25000 0.007121
6532.50977 0.007408
6532.77002 0.007411
6533.02979 0.007742
6533.29004 0.007858
6533.54980 0.008085
6533.81982 0.008374
6534.08008 0.008813
6534.33984 0.009106
6534.60010 0.009253
6534.85986 0.009605
6535.12012 0.01019
6535.37988 0.010486
6535.64014 0.010809
6535.91016 0.011158
6536.16992 0.011769
6536.43018 0.01196
6536.68994 0.012767
6536.95020 0.013117
6537.20996 0.013742
6537.47021 0.01449
6537.72998 0.015096
6537.99023 0.015804
6538.25977 0.016119
6538.52002 0.017039
6538.77979 0.018099
6539.04004 0.019071
6539.29980 0.019994
6539.56006 0.020699
6539.81982 0.022281
6540.08008 0.023574
6540.35010 0.025019
6540.60986 0.026417
6540.87012 0.027679
6541.12988 0.029431
6541.39014 0.03144
6541.64990 0.033724
6541.91016 0.035751
6542.16992 0.038169
6542.43994 0.040711
6542.70020 0.043444
6542.95996 0.046613
6543.22021 0.049887
6543.47998 0.053305
6543.74023 0.057532
6544.00000 0.061666
6544.25977 0.066565
6544.52002 0.072071
6544.79004 0.077577
6545.04980 0.084003
6545.31006 0.090262
6545.56982 0.098127
6545.83008 0.106634
6546.08984 0.115061
6546.35010 0.125164
6546.60986 0.136251
6546.87988 0.148704
6547.14014 0.160535
6547.39990 0.175855
6547.66016 0.19116
6547.91992 0.20816
6548.18018 0.226687
6548.43994 0.247002
6548.70020 0.268286
6548.97021 0.29163
6549.22998 0.315445
6549.49023 0.342337
6549.75000 0.368395
6550.00977 0.398723
6550.27002 0.429486
6550.52979 0.458116
6550.79004 0.489623
6551.04980 0.519117
6551.31982 0.55042
6551.58008 0.577836
6551.83984 0.607408
6552.10010 0.633859
6552.35986 0.658378
6552.62012 0.679354
6552.87988 0.697343
6553.14014 0.710126
6553.41016 0.724669
6553.66992 0.733135
6553.93018 0.741236
6554.18994 0.745422
6554.45020 0.749448
6554.70996 0.74818
6554.97021 0.746903
6555.22998 0.744652
6555.50000 0.740603
6555.75977 0.733195
6556.02002 0.727519
6556.27979 0.721487
6556.54004 0.714934
6556.79980 0.707986
6557.06006 0.700941
6557.31982 0.694873
6557.58008 0.688786
6557.85010 0.683215
6558.10986 0.675827
6558.37012 0.671341
6558.62988 0.665417
6558.89014 0.659257
6559.14990 0.655146
6559.41016 0.651969
6559.66992 0.648814
6559.93994 0.647106
6560.20020 0.64063
6560.45996 0.639888
6560.72021 0.637356
6560.97998 0.636738
6561.24023 0.631705
6561.50000 0.633148
6561.75977 0.633953
6562.02979 0.633184
6562.29004 0.632744
6562.54980 0.63411
6562.81006 0.633513
6563.06982 0.635829
6563.33008 0.635634
6563.58984 0.638787
6563.85010 0.640677
6564.10986 0.642249
6564.37988 0.643597
6564.64014 0.646651
6564.89990 0.648053
6565.16016 0.650939
6565.41992 0.654779
6565.68018 0.655924
6565.93994 0.662121
6566.20020 0.663534
6566.47021 0.665541
6566.72998 0.669574
6566.99023 0.671249
6567.25000 0.675935
6567.50977 0.677087
6567.77002 0.680824
6568.02979 0.684833
6568.29004 0.688731
6568.56006 0.691711
6568.81982 0.694765
6569.08008 0.696771
6569.33984 0.701283
6569.60010 0.703902
6569.85986 0.704444
6570.12012 0.709363
6570.37988 0.71094
6570.64990 0.710998
6570.91016 0.717336
6571.16992 0.718257
6571.43018 0.719813
6571.68994 0.723843
6571.95020 0.7252
6572.20996 0.727291
6572.47021 0.730473
6572.72998 0.732122
6573.00000 0.732738
6573.25977 0.733961
6573.52002 0.736179
6573.77979 0.738144
6574.04004 0.738954
6574.29980 0.739645
6574.56006 0.740456
6574.81982 0.741642
6575.08008 0.743322
6575.35010 0.745091
6575.60986 0.744608
6575.87012 0.74406
6576.12988 0.743842
6576.39014 0.746649
6576.64990 0.74639
6576.91016 0.746079
6577.16992 0.748251
6577.43994 0.746288
6577.70020 0.74776
6577.95996 0.748927
6578.22021 0.74636
6578.47998 0.747886
6578.74023 0.748542
6579.00000 0.748394
6579.25977 0.749437
6579.52979 0.747069
6579.79004 0.747644
6580.04980 0.749189
6580.31006 0.747838
6580.56982 0.746324
6580.83008 0.746528
6581.08984 0.745812
6581.35010 0.746259
6581.62012 0.744823
6581.87988 0.746565
6582.14014 0.742809
6582.39990 0.744141
6582.66016 0.743515
6582.91992 0.741204
6583.18018 0.742283
6583.43994 0.740528
6583.70020 0.738206
6583.97021 0.73817
6584.22998 0.738035
6584.49023 0.738178
6584.75000 0.73802
6585.00977 0.733234
6585.27002 0.733895
6585.52979 0.73068
6585.79004 0.732706
6586.06006 0.729656
6586.31982 0.728945
6586.58008 0.726688
6586.83984 0.72413
6587.10010 0.723204
6587.35986 0.720994
6587.62012 0.72162
6587.87988 0.718728
6588.14990 0.716942
6588.41016 0.715453
6588.66992 0.714875
6588.93018 0.711697
6589.18994 0.711664
6589.45020 0.709799
6589.70996 0.709034
6589.97021 0.705278
6590.22998 0.70773
6590.50000 0.703795
6590.75977 0.703466
6591.02002 0.70362
6591.27979 0.70439
6591.54004 0.701427
6591.79980 0.700567
6592.06006 0.69987
6592.31982 0.69991
6592.58984 0.699342
6592.85010 0.700288
6593.10986 0.70022
6593.37012 0.699809
6593.62988 0.701549
6593.89014 0.703148
6594.14990 0.704884
6594.41016 0.704511
6594.68018 0.707247
6594.93994 0.708274
6595.20020 0.712233
6595.45996 0.714479
6595.72021 0.715098
6595.97998 0.717661
6596.24023 0.718997
6596.50000 0.720809
6596.75977 0.724398
6597.02979 0.725492
6597.29004 0.727831
6597.54980 0.729285
6597.81006 0.732522
6598.06982 0.732313
6598.33008 0.733254
6598.58984 0.732175
6598.85010 0.732395
6599.12012 0.733669
6599.37988 0.728144
6599.64014 0.723831
6599.89990 0.718034
6600.16016 0.710191
6600.41992 0.70298
6600.68018 0.691528
6600.93994 0.680145
6601.20996 0.667681
6601.47021 0.652041
6601.72998 0.633855
6601.99023 0.614441
6602.25000 0.59366
6602.50977 0.571491
6602.77002 0.550204
6603.02979 0.525242
6603.29004 0.501325
6603.56006 0.475876
6603.81982 0.450989
6604.08008 0.426035
6604.33984 0.399907
6604.60010 0.376453
6604.85986 0.351693
6605.12012 0.330137
6605.37988 0.306963
6605.64990 0.286627
6605.91016 0.266452
6606.16992 0.247476
6606.43018 0.230231
6606.68994 0.212643
6606.95020 0.196811
6607.20996 0.182494
6607.47021 0.169732
6607.74023 0.157024
6608.00000 0.14624
6608.25977 0.135147
6608.52002 0.125511
6608.77979 0.116512
6609.04004 0.108022
6609.29980 0.099962
6609.56006 0.09344
6609.81982 0.086888
6610.08984 0.080593
6610.35010 0.074725
6610.60986 0.070429
6610.87012 0.065141
6611.12988 0.060705
6611.39014 0.057317
6611.64990 0.053787
6611.91016 0.050215
6612.18018 0.046904
6612.43994 0.043897
6612.70020 0.041298
6612.95996 0.038704
6613.22021 0.03684
6613.47998 0.034545
6613.74023 0.032795
6614.00000 0.030735
6614.27002 0.029069
6614.52979 0.027485
6614.79004 0.02583
6615.04980 0.024555
6615.31006 0.023171
6615.56982 0.022271
6615.83008 0.020959
6616.08984 0.020386
6616.35010 0.019191
6616.62012 0.01813
6616.87988 0.017371
6617.14014 0.016692
6617.39990 0.015804
6617.66016 0.015416
6617.91992 0.014766
6618.18018 0.013925
6618.43994 0.013512
6618.70996 0.013077
6618.97021 0.012491
6619.22998 0.012004
6619.49023 0.011549
6619.75000 0.011172
6620.00977 0.010803
6620.27002 0.010205
6620.52979 0.010009
6620.79980 0.009691
6621.06006 0.009545
6621.31982 0.009065
6621.58008 0.008883
6621.83984 0.008553
6622.10010 0.008333
6622.35986 0.008056
6622.62012 0.007751
6622.87988 0.007534
6623.14990 0.007405
6623.41016 0.007175
6623.66992 0.007019
6623.93018 0.006749
6624.18994 0.006669
6624.45020 0.006361
6624.70996 0.006337
6624.97021 0.006125
6625.24023 0.005973
6625.50000 0.005951
6625.75977 0.005595
6626.02002 0.005602
6626.27979 0.005491
6626.54004 0.005326
6626.79980 0.005168
6627.06006 0.00509
6627.33008 0.005064
6627.58984 0.004896
6627.85010 0.004847
6628.10986 0.004671
6628.37012 0.004594
6628.62988 0.004635
6628.89014 0.004501
6629.14990 0.004508
6629.41992 0.004303
6629.68018 0.004331
6629.93994 0.00417
6630.20020 0.004085
6630.45996 0.004012
7293.50586 0.0
