threeML/data/optical_filters/CAHA/CAHA-f_530_2.ecsv
# %ECSV 0.9
# ---
# datatype:
# - {name: wavelength, unit: Angstrom, datatype: float32}
# - {name: response, datatype: float32}
# meta: !!omap
# - {band_name: f_530_2}
# - {group_name: CAHA}
wavelength response
4752.45898 0.0
5280.50977 0.004275
5280.77002 0.004197
5281.02979 0.004605
5281.29004 0.004814
5281.54980 0.005069
5281.81006 0.005258
5282.06982 0.005341
5282.33008 0.005556
5282.58984 0.006125
5282.85010 0.006479
5283.10986 0.006904
5283.37012 0.007197
5283.62988 0.00762
5283.89014 0.008275
5284.14990 0.008594
5284.41016 0.009082
5284.66992 0.009938
5284.93018 0.009679
5285.18994 0.011006
5285.45020 0.010817
5285.70996 0.012365
5285.97021 0.013073
5286.22998 0.014188
5286.49023 0.015474
5286.75000 0.015773
5287.00977 0.017596
5287.27002 0.018983
5287.52979 0.019865
5287.79004 0.021519
5288.04980 0.022987
5288.31006 0.025032
5288.56982 0.027527
5288.83008 0.029049
5289.08984 0.032337
5289.35010 0.034469
5289.60986 0.037932
5289.87012 0.040567
5290.12988 0.044187
5290.39014 0.047569
5290.64990 0.051998
5290.91016 0.055813
5291.16992 0.061521
5291.43018 0.066125
5291.68994 0.071468
5291.95020 0.075917
5292.20996 0.079898
5292.47021 0.085033
5292.72998 0.088673
5292.99023 0.093918
5293.25000 0.09768
5293.50977 0.101035
5293.77002 0.104257
5294.02979 0.106269
5294.29004 0.108096
5294.54980 0.109251
5294.81006 0.110823
5295.06982 0.109977
5295.33008 0.10955
5295.58984 0.10784
5295.85010 0.106265
5296.10986 0.105026
5296.37012 0.104087
5296.62988 0.10182
5296.89014 0.100426
5297.14990 0.097388
5297.41016 0.094308
5297.66992 0.093708
5297.93018 0.091657
5298.18994 0.089729
5298.45020 0.088929
5298.70996 0.085532
5298.97021 0.083818
5299.22998 0.081063
5299.49023 0.081021
5299.75000 0.08009
5300.00977 0.079786
5300.27002 0.079034
5300.52979 0.07713
5300.79004 0.075986
5301.04980 0.076612
5301.31006 0.076469
5301.56982 0.075935
5301.83008 0.076299
5302.08984 0.077055
5302.35010 0.076694
5302.60986 0.076881
5302.87012 0.076792
5303.12988 0.077232
5303.39014 0.07891
5303.64990 0.080804
5303.91016 0.081156
5304.16992 0.083404
5304.43018 0.084063
5304.68994 0.085519
5304.95020 0.088079
5305.20996 0.090818
5305.47021 0.092987
5305.72998 0.096163
5305.99023 0.099499
5306.25000 0.101689
5306.50977 0.105411
5306.77002 0.109367
5307.02979 0.114514
5307.29004 0.118081
5307.54980 0.122492
5307.81006 0.126284
5308.06982 0.131711
5308.33008 0.13511
5308.58984 0.140089
5308.85010 0.143539
5309.10986 0.147122
5309.37012 0.148971
5309.62988 0.151907
5309.89014 0.152835
5310.14990 0.153056
5310.41016 0.152985
5310.66992 0.149849
5310.93018 0.145669
5311.18994 0.141334
5311.45020 0.136006
5311.70996 0.128943
5311.97021 0.122923
5312.22998 0.114956
5312.49023 0.107032
5312.75000 0.10034
5313.00977 0.09347
5313.27002 0.085312
5313.52979 0.078964
5313.79004 0.072108
5314.04980 0.066029
5314.31006 0.059824
5314.56982 0.055218
5314.83008 0.050902
5315.08984 0.046815
5315.35010 0.043413
5315.60986 0.0391
5315.87012 0.035525
5316.12988 0.032581
5316.39014 0.030224
5316.64990 0.027517
5316.91016 0.025632
5317.16992 0.023508
5317.43018 0.022013
5317.68994 0.020283
5317.95020 0.018718
5318.20996 0.017592
5318.47021 0.017096
5318.72998 0.014965
5318.99023 0.014304
5319.25000 0.012688
5319.50977 0.012387
5319.77002 0.011514
5320.02979 0.010946
5320.29004 0.010486
5320.54980 0.009875
5320.81006 0.008892
5321.06982 0.009005
5321.33008 0.007887
5321.58984 0.007709
5321.85010 0.007687
5322.10986 0.006995
5322.37012 0.006447
5322.62988 0.006479
5322.89014 0.00607
5323.14990 0.006043
5323.41016 0.005248
5323.66992 0.00519
5323.93018 0.004921
5324.18994 0.004893
5324.45020 0.004627
5324.70996 0.004358
5324.97021 0.004111
5857.46729 0.0
