threeML/data/optical_filters/CAHA/CAHA-f_642_147.ecsv
# %ECSV 0.9
# ---
# datatype:
# - {name: wavelength, unit: Angstrom, datatype: float32}
# - {name: response, datatype: float32}
# meta: !!omap
# - {band_name: f_642_147}
# - {group_name: CAHA}
wavelength response
4936.26074 0.0
5484.73389 0.00407
5488.00977 0.004504
5491.28613 0.005014
5494.56299 0.005601
5497.83887 0.006265
5501.11523 0.007
5504.39209 0.007804
5507.66797 0.008671
5510.94385 0.009599
5514.22119 0.010583
5517.49805 0.011623
5520.77393 0.012716
5524.04980 0.013863
5527.32715 0.015065
5530.60400 0.016326
5533.87988 0.017652
5537.15723 0.019054
5540.43408 0.020548
5543.71094 0.022153
5546.98779 0.023893
5550.26514 0.025793
5553.54199 0.027879
5556.81885 0.030179
5560.09619 0.032718
5563.37305 0.035517
5566.64990 0.038601
5569.92676 0.041989
5573.20410 0.045701
5576.48096 0.049756
5579.75879 0.054177
5583.03613 0.058982
5586.31299 0.064195
5589.59082 0.069833
5592.86816 0.075917
5596.14600 0.082461
5599.42285 0.089474
5602.70117 0.096962
5605.97900 0.104926
5609.25586 0.11336
5612.53418 0.122254
5615.81201 0.13159
5619.08887 0.141343
5622.36719 0.151482
5625.64502 0.161974
5628.92285 0.172781
5632.20117 0.183875
5635.47900 0.195228
5638.75586 0.206818
5642.03516 0.218625
5645.31299 0.230628
5648.59082 0.242796
5651.86914 0.255093
5655.14697 0.267474
5658.42480 0.279887
5661.70410 0.292285
5664.98193 0.304625
5668.25977 0.316871
5671.53906 0.329005
5674.81689 0.341015
5678.09619 0.352897
5681.37402 0.364648
5684.65283 0.376263
5687.93115 0.387731
5691.20996 0.39903
5694.48877 0.410133
5697.76709 0.421011
5701.04590 0.431638
5704.32520 0.441996
5707.60400 0.452072
5710.88184 0.46186
5714.16211 0.471363
5717.43994 0.480583
5720.71924 0.489525
5723.99902 0.498191
5727.27686 0.506583
5730.55713 0.514708
5733.83496 0.522569
5737.11523 0.530176
5740.39404 0.537539
5743.67285 0.544665
5746.95312 0.551554
5750.23193 0.558207
5753.51123 0.564619
5756.79102 0.570786
5760.06982 0.576713
5763.35010 0.582403
5766.62891 0.587866
5769.90918 0.593119
5773.18799 0.598174
5776.46777 0.603045
5779.74805 0.607743
5783.02686 0.612276
5786.30713 0.616647
5789.58691 0.620855
5792.86719 0.624907
5796.14697 0.628802
5799.42676 0.632543
5802.70703 0.636138
5805.98682 0.639592
5809.26709 0.642912
5812.54688 0.646101
5815.82715 0.649155
5819.10693 0.652069
5822.38818 0.654832
5825.66797 0.657436
5828.94824 0.659877
5832.22900 0.662157
5835.50879 0.664294
5838.78906 0.66631
5842.06982 0.668238
5845.35010 0.670107
5848.63086 0.671946
5851.91113 0.673759
5855.19189 0.675544
5858.47314 0.677278
5861.75293 0.678934
5865.03418 0.680489
5868.31494 0.681932
5871.59619 0.683269
5874.87598 0.684524
5878.15723 0.685726
5881.43799 0.686905
5884.71924 0.688077
5888.00000 0.689242
5891.28076 0.690388
5894.56299 0.691484
5897.84424 0.692513
5901.12500 0.693459
5904.40576 0.694321
5907.68701 0.695114
5910.96777 0.695863
5914.25000 0.696595
5917.53076 0.697335
5920.81299 0.698094
5924.09424 0.698871
5927.37500 0.699654
5930.65723 0.700419
5933.93799 0.701143
5937.22021 0.701803
5940.50195 0.702386
5943.78418 0.702885
5947.06494 0.703306
5950.34717 0.703656
5953.62891 0.703947
5956.91113 0.704188
5960.19189 0.704385
5963.47510 0.704543
5966.75586 0.70466
5970.03906 0.704733
5973.31982 0.704761
5976.60303 0.704744
5979.88477 0.704684
5983.16699 0.704586
5986.44922 0.704456
5989.73096 0.704303
5993.01416 0.704135
5996.29590 0.703962
5999.57812 0.703786
6002.86084 0.703614
6006.14307 0.703446
6009.42578 0.703283
6012.70801 0.703123
6015.99121 0.702965
6019.27295 0.702805
6022.55615 0.702643
6025.83789 0.702476
6029.12207 0.702303
6032.40381 0.702124
6035.68701 0.701939
6038.97021 0.701746
6042.25195 0.701546
6045.53613 0.701339
6048.81787 0.701125
6052.10205 0.700903
6055.38477 0.700675
6058.66699 0.700439
6061.95117 0.700195
6065.23389 0.699945
6068.51709 0.699687
6071.79980 0.699422
6075.08301 0.699149
6078.36719 0.69887
6081.64990 0.698583
6084.93408 0.698289
6088.21680 0.697987
6091.50000 0.697679
6094.78418 0.697363
6098.06787 0.697039
6101.35107 0.696709
6104.63477 0.696371
6107.91797 0.696026
6111.20215 0.695674
6114.48584 0.695314
6117.77002 0.694948
6121.05420 0.694573
6124.33691 0.694192
6127.62207 0.693803
6130.90479 0.693408
6134.18896 0.693004
6137.47314 0.692594
6140.75684 0.692176
6144.04199 0.691751
6147.32617 0.691319
6150.60986 0.69088
6153.89404 0.690433
6157.17822 0.689979
6160.46289 0.689518
6163.74707 0.689049
6167.03076 0.688573
6170.31592 0.68809
6173.60107 0.6876
6176.88477 0.687102
6180.16895 0.686597
6183.45410 0.686086
6186.73877 0.685566
6190.02295 0.685039
6193.30811 0.684505
6196.59277 0.683964
6199.87695 0.683416
6203.16309 0.68286
6206.44678 0.682297
6209.73193 0.681727
6213.01709 0.681149
6216.30176 0.680565
6219.58691 0.679972
6222.87207 0.679373
6226.15723 0.678767
6229.44189 0.678153
6232.72803 0.677531
6236.01318 0.6769
6239.29785 0.676261
6242.58301 0.675611
6245.86914 0.674948
6249.15381 0.674269
6252.43896 0.673571
6255.72510 0.672848
6259.00977 0.672097
6262.29590 0.671314
6265.58203 0.670499
6268.86719 0.669654
6272.15283 0.668786
6275.43799 0.667904
6278.72412 0.66702
6282.00977 0.666146
6285.29590 0.665293
6288.58203 0.664468
6291.86816 0.663676
6295.15381 0.662916
6298.43896 0.662185
6301.72607 0.661476
6305.01221 0.660785
6308.29785 0.660104
6311.58398 0.659429
6314.87012 0.658756
6318.15576 0.658083
6321.44287 0.657408
6324.72900 0.656729
6328.01514 0.656046
6331.30176 0.655359
6334.58789 0.654668
6337.87500 0.653972
6341.16113 0.653272
6344.44678 0.652567
6347.73389 0.651858
6351.02100 0.651145
6354.30713 0.650427
6357.59424 0.649705
6360.88086 0.648978
6364.16699 0.648247
6367.45410 0.647511
6370.74121 0.646771
6374.02783 0.646026
6377.31494 0.645277
6380.60205 0.644524
6383.88916 0.643766
6387.17578 0.643003
6390.46289 0.642236
6393.75000 0.641465
6397.03809 0.64069
6400.32520 0.639909
6403.61182 0.639125
6406.89893 0.638336
6410.18701 0.637542
6413.47412 0.636744
6416.76123 0.635942
6420.04883 0.635135
6423.33594 0.634324
6426.62402 0.633508
6429.91113 0.632688
6433.19922 0.631863
6436.48682 0.631034
6439.77393 0.630201
6443.06201 0.629363
6446.35010 0.628521
6449.63818 0.627674
6452.92480 0.626822
6456.21289 0.625967
6459.50098 0.625107
6462.78906 0.624242
6466.07715 0.623373
6469.36523 0.622499
6472.65283 0.621621
6475.94092 0.620739
6479.22900 0.619852
6482.51807 0.618961
6485.80615 0.618065
6489.09424 0.617165
6492.38281 0.61626
6495.67090 0.615351
6498.95898 0.614438
6502.24805 0.61352
6505.53711 0.612597
6508.82520 0.611671
6512.11279 0.610739
6515.40186 0.609803
6518.68994 0.608863
6521.97900 0.607919
6525.26807 0.60697
6528.55713 0.606016
6531.84619 0.605058
6535.13379 0.604096
6538.42285 0.603129
6541.71191 0.602158
6545.00098 0.601182
6548.29004 0.600202
6551.57910 0.599217
6554.86816 0.598228
6558.15723 0.597234
6561.44678 0.596236
6564.73584 0.595234
6568.02490 0.594227
6571.31396 0.593216
6574.60400 0.5922
6577.89307 0.59118
6581.18213 0.590155
6584.47217 0.589126
6587.76123 0.588093
6591.05078 0.587055
6594.33984 0.586012
6597.62988 0.584965
6600.91895 0.583914
6604.20898 0.582858
6607.49902 0.581798
6610.78906 0.580733
6614.07910 0.579664
6617.36816 0.578591
6620.65820 0.577512
6623.94824 0.57643
6627.23779 0.575343
6630.52783 0.574252
6633.81787 0.573156
6637.10791 0.572056
6640.39795 0.570951
6643.68799 0.569842
6646.97900 0.568729
6650.26904 0.567611
6653.55908 0.566488
6656.85010 0.565361
6660.14014 0.56423
6663.43018 0.563094
6666.72119 0.561954
6670.01123 0.560809
6673.30176 0.55966
6676.59180 0.558507
6679.88281 0.557349
6683.17285 0.556186
6686.46387 0.555019
6689.75488 0.553848
6693.04492 0.552672
6696.33594 0.551492
6699.62695 0.550307
6702.91797 0.549118
6706.20898 0.547925
6709.50000 0.546727
6712.79102 0.545524
6716.08203 0.544317
6719.37305 0.543106
6722.66406 0.54189
6725.95508 0.54067
6729.24609 0.539445
6732.53809 0.538216
6735.82910 0.536982
6739.12012 0.535744
6742.41211 0.534502
6745.70312 0.533255
6748.99414 0.532003
6752.28613 0.530748
6755.57715 0.529487
6758.86914 0.528223
6762.16016 0.526954
6765.45215 0.52568
6768.74414 0.524402
6772.03516 0.523119
6775.32715 0.521833
6778.61914 0.520541
6781.91113 0.519245
6785.20312 0.517945
6788.49512 0.51664
6791.78613 0.515331
6795.07812 0.514018
6798.37109 0.5127
6801.66309 0.511377
6804.95508 0.51005
6808.24707 0.508719
6811.53906 0.507383
6814.83105 0.506043
6818.12305 0.504698
6821.41602 0.503349
6824.70801 0.501995
6828.00000 0.500637
6831.29199 0.499275
6834.58496 0.497908
6837.87695 0.496536
6841.16992 0.495161
6844.46289 0.49378
6847.75488 0.492395
6851.04785 0.491006
6854.34082 0.489613
6857.63281 0.488215
6860.92578 0.486812
6864.21924 0.485405
6867.51221 0.483994
6870.80518 0.482578
6874.09814 0.481158
6877.39111 0.479733
6880.68408 0.478304
6883.97705 0.47687
6887.27002 0.475432
6890.56299 0.47399
6893.85596 0.472542
6897.14893 0.47109
6900.44287 0.469634
6903.73584 0.468172
6907.02881 0.466705
6910.32324 0.465233
6913.61621 0.463755
6916.90918 0.462272
6920.20312 0.460786
6923.49707 0.459298
6926.79004 0.45781
6930.08301 0.456323
6933.37695 0.45484
6936.67090 0.453358
6939.96484 0.451873
6943.25781 0.450378
6946.55176 0.448863
6949.84619 0.447319
6953.14014 0.445739
6956.43408 0.444118
6959.72803 0.442458
6963.02197 0.440766
6966.31592 0.439052
6969.60986 0.437331
6972.90381 0.435615
6976.19824 0.433918
6979.49316 0.432248
6982.78711 0.430613
6986.08105 0.42902
6989.37500 0.427472
6992.66992 0.425973
6995.96387 0.424523
6999.25781 0.423119
7002.55322 0.421757
7005.84814 0.420426
7009.14209 0.419112
7012.43701 0.417801
7015.73096 0.416476
7019.02588 0.415123
7022.32080 0.413727
7025.61621 0.412273
7028.91016 0.410751
7032.20508 0.40915
7035.50000 0.40746
7038.79492 0.405681
7042.08984 0.403816
7045.38477 0.40188
7048.68018 0.3999
7051.97510 0.397912
7055.27002 0.395962
7058.56494 0.394101
7061.85986 0.392378
7065.15576 0.390833
7068.45117 0.38949
7071.74609 0.388354
7075.04199 0.387405
7078.33691 0.386604
7081.63184 0.385896
7084.92822 0.385223
7088.22412 0.384531
7091.51904 0.383776
7094.81396 0.382929
7098.10986 0.381977
7101.40576 0.380917
7104.70215 0.379749
7107.99805 0.378475
7111.29297 0.377088
7114.58887 0.375574
7117.88477 0.373914
7121.18115 0.372084
7124.47705 0.370067
7127.77295 0.367858
7131.06885 0.365472
7134.36523 0.362948
7137.66113 0.360349
7140.95703 0.357754
7144.25293 0.355247
7147.54883 0.352907
7150.84619 0.350791
7154.14209 0.348931
7157.43799 0.347327
7160.73486 0.345951
7164.03076 0.344753
7167.32812 0.343677
7170.62402 0.342664
7173.92090 0.341665
7177.21680 0.340646
7180.51416 0.339584
7183.81104 0.338475
7187.10693 0.337323
7190.40381 0.336137
7193.70117 0.334927
7196.99805 0.3337
7200.29395 0.332457
7203.59082 0.331198
7206.88916 0.32992
7210.18604 0.328621
7213.48193 0.327303
7216.77979 0.325966
7220.07715 0.324615
7223.37402 0.323252
7226.67090 0.321878
7229.96777 0.320492
7233.26514 0.319096
7236.56299 0.317693
7239.85986 0.316287
7243.15723 0.314885
7246.45508 0.313494
7249.75195 0.312118
7253.04980 0.310756
7256.34814 0.309401
7259.64502 0.308043
7262.94189 0.30667
7266.24023 0.305272
7269.53809 0.303838
7272.83496 0.302365
7276.13281 0.300853
7279.43115 0.299309
7282.72900 0.297746
7286.02686 0.296177
7289.32520 0.294621
7292.62305 0.293095
7295.92090 0.291618
7299.21924 0.290201
7302.51709 0.288854
7305.81494 0.287581
7309.11279 0.286379
7312.41211 0.285242
7315.70996 0.284162
7319.00781 0.283125
7322.30713 0.282118
7325.60498 0.281124
7328.90283 0.280126
7332.20215 0.279107
7335.50000 0.27805
7338.79883 0.276942
7342.09717 0.275773
7345.39600 0.274538
7348.69482 0.273236
7351.99316 0.271872
7355.29199 0.270453
7358.59082 0.268989
7361.89014 0.267495
7365.18799 0.265985
7368.48682 0.264475
7371.78613 0.262979
7375.08496 0.261513
7378.38379 0.260086
7381.68408 0.258707
7384.98193 0.257382
7388.28076 0.256111
7391.58105 0.254895
7394.87988 0.253729
7398.17920 0.252608
7401.47900 0.251525
7404.77783 0.25047
7408.07715 0.249432
7411.37598 0.248399
7414.67578 0.247357
7417.97607 0.246291
7421.27490 0.245192
7424.57520 0.24405
7427.87402 0.242862
7431.17383 0.241628
7434.47412 0.240357
7437.77295 0.239058
7441.07324 0.237745
7444.37305 0.236434
7447.67285 0.235135
7450.97314 0.233861
7454.27197 0.232617
7457.57178 0.231407
7460.87305 0.230229
7464.17188 0.22908
7467.47314 0.227956
7470.77295 0.226852
7474.07324 0.225764
7477.37305 0.224688
7480.67285 0.223622
7483.97412 0.222564
7487.27393 0.221512
7490.57422 0.220462
7493.87500 0.21941
7497.17480 0.218353
7500.47607 0.217284
7503.77588 0.216199
7507.07715 0.215091
7510.37695 0.213957
7513.67822 0.212792
7516.97900 0.211599
7520.27881 0.210379
7523.58008 0.209138
7526.88086 0.207887
7530.18213 0.206637
7533.48193 0.205396
7536.78418 0.204174
7540.08398 0.202976
7543.38623 0.201804
7546.68701 0.200657
7549.98682 0.199535
7553.28906 0.198434
7556.58984 0.197355
7559.89111 0.196298
7563.19189 0.195263
7566.49414 0.194251
7569.79492 0.193262
7573.09619 0.192294
7576.39697 0.191342
7579.69922 0.190402
7583.00000 0.189462
7586.30176 0.188517
7589.60400 0.187556
7592.90479 0.186576
7596.20703 0.185573
7599.50781 0.18455
7602.81006 0.18351
7606.11182 0.182459
7609.41406 0.181402
7612.71582 0.180342
7616.01807 0.17928
7619.31885 0.178214
7622.62109 0.177142
7625.92285 0.176062
7629.22510 0.174976
7632.52686 0.173887
7635.83008 0.172804
7639.13184 0.171733
7642.43408 0.170684
7645.73584 0.16966
7649.03809 0.168664
7652.33984 0.167692
7655.64307 0.16674
7658.94482 0.165801
7662.24805 0.164867
7665.54980 0.163934
7668.85303 0.162998
7672.15479 0.162058
7675.45801 0.161113
7678.76123 0.160166
7682.06299 0.159216
7685.36621 0.158266
7688.66797 0.157316
7691.97119 0.156366
7695.27393 0.155416
7698.57715 0.154467
7701.87988 0.153521
7705.18311 0.152579
7708.48584 0.151644
7711.78906 0.150719
7715.09180 0.149806
7718.39502 0.148908
7721.69824 0.148028
7725.00098 0.147164
7728.30518 0.146315
7731.60791 0.145479
7734.91113 0.144649
7738.21484 0.143822
7741.51807 0.142993
7744.82080 0.142158
7748.12500 0.141318
7751.42822 0.140473
7754.73193 0.139625
7758.03613 0.138779
7761.33887 0.137937
7764.64307 0.137102
7767.94580 0.136275
7771.25000 0.135457
7774.55420 0.134646
7777.85791 0.133841
7781.16211 0.133038
7784.46484 0.132234
7787.77002 0.131427
7791.07324 0.130613
7794.37695 0.12979
7797.68213 0.128958
7800.98584 0.128119
7804.29004 0.127276
7807.59424 0.126433
7810.89795 0.125593
7814.20215 0.12476
7817.50684 0.123937
7820.81104 0.123125
7824.11523 0.122323
7827.41992 0.121531
7830.72412 0.120748
7834.02881 0.11997
7837.33301 0.119197
7840.63818 0.118425
7843.94189 0.117654
7847.24707 0.116884
7850.55176 0.116115
7853.85596 0.11535
7857.16113 0.11459
7860.46582 0.113837
7863.77100 0.113091
7867.07617 0.112354
7870.38086 0.111624
7873.68604 0.110899
7876.99121 0.11018
7880.29590 0.109464
7883.60107 0.10875
7886.90576 0.10804
7890.21094 0.10733
7893.51709 0.106622
7896.82178 0.105916
7900.12695 0.10521
7903.43213 0.104504
7906.73779 0.103796
7910.04297 0.103084
7913.34912 0.102364
7916.65381 0.101636
7919.95898 0.100898
7923.26514 0.100152
7926.57080 0.099402
7929.87598 0.098651
7933.18213 0.097903
7936.48779 0.097162
7939.79297 0.09643
7943.09912 0.095706
7946.40479 0.094989
7949.71094 0.094279
7953.01709 0.093576
7956.32324 0.09288
7959.62891 0.092193
7962.93506 0.091515
7966.24121 0.090847
7969.54688 0.090189
7972.85400 0.089541
7976.16016 0.088904
7979.46582 0.088278
7982.77197 0.087663
7986.07910 0.087062
7989.38477 0.086472
7992.69092 0.085895
7995.99805 0.085329
7999.30420 0.084772
8002.61084 0.084219
8005.91699 0.083667
8009.22412 0.083111
8012.52979 0.082547
8015.83691 0.08197
8019.14404 0.081379
8022.45117 0.080773
8025.75684 0.080156
8029.06396 0.079532
8032.37109 0.078907
8035.67822 0.078288
8038.98486 0.077681
8042.29199 0.077091
8045.59912 0.07652
8048.90576 0.075969
8052.21289 0.075434
8055.52100 0.074912
8058.82812 0.074396
8062.13477 0.073883
8065.44189 0.073368
8068.75000 0.07285
8072.05713 0.072328
8075.36377 0.071802
8078.67090 0.071275
8081.97900 0.070748
8085.28711 0.070223
8088.59424 0.069701
8091.90088 0.069185
8095.20898 0.068678
8098.51709 0.068182
8101.82520 0.0677
8105.13184 0.067233
8108.43994 0.066782
8111.74805 0.066344
8115.05615 0.065915
8118.36377 0.06549
8121.67188 0.065065
8124.97998 0.064634
