threeML/data/optical_filters/CAHA/CAHA-f_411_20.ecsv
# %ECSV 0.9
# ---
# datatype:
# - {name: wavelength, unit: Angstrom, datatype: float32}
# - {name: response, datatype: float32}
# meta: !!omap
# - {band_name: f_411_20}
# - {group_name: CAHA}
wavelength response
3527.19360 0.0
3919.10400 0.00457
3922.35010 0.005789
3925.59497 0.007174
3928.84106 0.008673
3932.08691 0.010217
3935.33301 0.011752
3938.57788 0.013243
3941.82397 0.014699
3945.07007 0.016167
3948.31592 0.017705
3951.56201 0.019382
3954.80811 0.02124
3958.05396 0.023287
3961.30005 0.025504
3964.54590 0.027865
3967.79199 0.030348
3971.03906 0.032956
3974.28491 0.035723
3977.53101 0.038704
3980.77710 0.041972
3984.02393 0.045594
3987.27002 0.049632
3990.51611 0.054135
3993.76294 0.059123
3997.00903 0.064617
4000.25610 0.070592
4003.50195 0.077014
4006.74902 0.083801
4009.99512 0.090844
4013.24194 0.098017
4016.48901 0.105163
4019.73511 0.112152
4022.98193 0.118859
4026.22900 0.125205
4029.47510 0.131138
4032.72192 0.136636
4035.96899 0.141699
4039.21606 0.146335
4042.46289 0.150557
4045.70996 0.154384
4048.95703 0.157845
4052.20410 0.160973
4055.45093 0.163801
4058.69800 0.166372
4061.94507 0.168708
4065.19189 0.170814
4068.43896 0.172676
4071.68701 0.174272
4074.93408 0.175574
4078.18091 0.176578
4081.42798 0.17729
4084.67603 0.177748
4087.92310 0.178
4091.17090 0.178113
4094.41797 0.178138
4097.66602 0.178111
4100.91309 0.178061
4104.16113 0.177986
4107.40820 0.177872
4110.65576 0.177682
4113.90381 0.177368
4117.15088 0.176881
4120.39893 0.176154
4123.64697 0.175139
4126.89502 0.173773
4130.14307 0.172018
4133.39014 0.169852
4136.63818 0.167279
4139.88623 0.164337
4143.13379 0.161094
4146.38184 0.157638
4149.62988 0.154058
4152.87793 0.15043
4156.12598 0.146813
4159.37500 0.143226
4162.62305 0.139664
4165.87109 0.136099
4169.12012 0.1325
4172.36816 0.128837
4175.61621 0.125094
4178.86523 0.121259
4182.11279 0.117341
4185.36182 0.113345
4188.60986 0.109287
4191.85791 0.105185
4195.10693 0.101056
4198.35596 0.096931
4201.60400 0.09283
4204.85303 0.088786
4208.10205 0.084827
4211.35107 0.080981
4214.60010 0.077271
4217.84814 0.073705
4221.09717 0.070292
4224.34619 0.067013
4227.59521 0.063848
4230.84424 0.060758
4234.09277 0.057703
4237.34180 0.054654
4240.59082 0.051594
4243.83984 0.04852
4247.08984 0.045448
4250.33887 0.042405
4253.58789 0.039426
4256.83691 0.036541
4260.08691 0.033785
4263.33594 0.031188
4266.58496 0.028773
4269.83496 0.026558
4273.08398 0.02455
4276.33398 0.022758
4279.58301 0.021175
4282.83301 0.019794
4286.08301 0.018601
4289.33301 0.017582
4292.58203 0.01672
4295.83203 0.016
4299.08203 0.015403
4302.33203 0.014911
4305.58203 0.0145
4308.83105 0.014151
4312.08105 0.013836
4315.33105 0.013529
4318.58105 0.013209
4321.83203 0.012853
4325.08203 0.012458
4328.33203 0.012017
4331.58203 0.011535
4334.83203 0.011028
4338.08203 0.010501
4341.33301 0.009967
4344.58301 0.009435
4347.83301 0.008908
4351.08301 0.008392
4354.33398 0.00789
4357.58398 0.007409
4360.83496 0.006953
4364.08594 0.006529
4367.33594 0.006149
4370.58691 0.005817
4373.83789 0.005539
4377.08789 0.005315
4380.33887 0.004544
4383.58984 0.004409
4386.84082 0.004276
4390.09180 0.004144
4393.34277 0.004014
4832.67725 0.0
