threeML/data/optical_filters/CAHA/CAHA-f_654_199.ecsv
# %ECSV 0.9
# ---
# datatype:
# - {name: wavelength, unit: Angstrom, datatype: float32}
# - {name: response, datatype: float32}
# meta: !!omap
# - {band_name: f_654_199}
# - {group_name: CAHA}
wavelength response
4785.93213 0.0
5317.70215 0.004025
5320.97705 0.004369
5324.25000 0.004794
5327.52490 0.005304
5330.79883 0.0059
5334.07324 0.006579
5337.34814 0.007336
5340.62207 0.008163
5343.89600 0.009055
5347.17090 0.010005
5350.44482 0.011009
5353.72021 0.012063
5356.99512 0.013166
5360.26904 0.014318
5363.54395 0.01552
5366.81787 0.016777
5370.09277 0.018093
5373.36816 0.019476
5376.64307 0.020935
5379.91699 0.02248
5383.19189 0.024119
5386.46680 0.02586
5389.74316 0.027709
5393.01807 0.029668
5396.29199 0.031738
5399.56689 0.033921
5402.84277 0.03622
5406.11816 0.038639
5409.39307 0.041189
5412.66797 0.043885
5415.94385 0.04675
5419.21924 0.049813
5422.49414 0.053109
5425.77002 0.056678
5429.04492 0.060567
5432.32080 0.064819
5435.59619 0.069476
5438.87207 0.074574
5442.14697 0.080139
5445.42285 0.086185
5448.69922 0.092716
5451.97510 0.099728
5455.25000 0.107208
5458.52588 0.115142
5461.80176 0.12352
5465.07812 0.132333
5468.35400 0.141581
5471.62988 0.151269
5474.90576 0.161406
5478.18213 0.171999
5481.45801 0.183052
5484.73389 0.194558
5488.00977 0.206507
5491.28613 0.218873
5494.56299 0.231625
5497.83887 0.244729
5501.11523 0.25815
5504.39209 0.271854
5507.66797 0.285811
5510.94385 0.29999
5514.22119 0.314359
5517.49805 0.328883
5520.77393 0.343525
5524.04980 0.358241
5527.32715 0.372986
5530.60400 0.387713
5533.87988 0.402378
5537.15723 0.416942
5540.43408 0.431369
5543.71094 0.44563
5546.98779 0.459705
5550.26514 0.473575
5553.54199 0.487235
5556.81885 0.500681
5560.09619 0.513916
5563.37305 0.526947
5566.64990 0.539783
5569.92676 0.552425
5573.20410 0.564875
5576.48096 0.577122
5579.75879 0.589147
5583.03613 0.600927
5586.31299 0.612439
5589.59082 0.623664
5592.86816 0.634583
5596.14600 0.645185
5599.42285 0.65545
5602.70117 0.665359
5605.97900 0.674889
5609.25586 0.684025
5612.53418 0.692752
5615.81201 0.701075
5619.08887 0.709013
5622.36719 0.716596
5625.64502 0.72387
5628.92285 0.730874
5632.20117 0.737649
5635.47900 0.74422
5638.75586 0.750596
5642.03516 0.756777
5645.31299 0.762755
5648.59082 0.768516
5651.86914 0.774056
5655.14697 0.779378
5658.42480 0.784495
5661.70410 0.789429
5664.98193 0.794201
5668.25977 0.798833
5671.53906 0.803333
5674.81689 0.807704
5678.09619 0.81194
5681.37402 0.816035
5684.65283 0.819977
5687.93115 0.823762
5691.20996 0.827384
5694.48877 0.830842
5697.76709 0.834136
5701.04590 0.837262
5704.32520 0.840214
5707.60400 0.842989
5710.88184 0.845576
5714.16211 0.847981
5717.43994 0.850208
5720.71924 0.852276
5723.99902 0.854209
5727.27686 0.856031
5730.55713 0.857763
5733.83496 0.859412
5737.11523 0.860975
5740.39404 0.862442
5743.67285 0.863793
5746.95312 0.865015
5750.23193 0.866106
5753.51123 0.867075
5756.79102 0.867954
5760.06982 0.868791
5763.35010 0.869637
5766.62891 0.870549
5769.90918 0.871569
5773.18799 0.872725
5776.46777 0.874024
5779.74805 0.875449
5783.02686 0.876964
5786.30713 0.878522
5789.58691 0.880066
5792.86719 0.881548
5796.14697 0.882918
5799.42676 0.884145
5802.70703 0.885209
5805.98682 0.886106
5809.26709 0.886843
5812.54688 0.887434
5815.82715 0.887899
5819.10693 0.888263
5822.38818 0.888548
5825.66797 0.88878
5828.94824 0.888982
5832.22900 0.889174
5835.50879 0.889378
5838.78906 0.889608
5842.06982 0.889874
5845.35010 0.890184
5848.63086 0.890537
5851.91113 0.890924
5855.19189 0.891334
5858.47314 0.891745
5861.75293 0.892138
5865.03418 0.892497
5868.31494 0.89281
5871.59619 0.893069
5874.87598 0.893285
5878.15723 0.893467
5881.43799 0.893634
5884.71924 0.89381
5888.00000 0.894016
5891.28076 0.894264
5894.56299 0.894561
5897.84424 0.894906
5901.12500 0.895285
5904.40576 0.895679
5907.68701 0.896063
5910.96777 0.896416
5914.25000 0.896724
5917.53076 0.89698
5920.81299 0.897186
5924.09424 0.897345
5927.37500 0.897463
5930.65723 0.897542
5933.93799 0.897584
5937.22021 0.897585
5940.50195 0.897549
5943.78418 0.897476
5947.06494 0.897377
5950.34717 0.897262
5953.62891 0.897144
5956.91113 0.897031
5960.19189 0.896931
5963.47510 0.896846
5966.75586 0.896776
5970.03906 0.896718
5973.31982 0.89667
5976.60303 0.896624
5979.88477 0.896578
5983.16699 0.896532
5986.44922 0.896483
5989.73096 0.896428
5993.01416 0.89637
5996.29590 0.896308
5999.57812 0.896239
6002.86084 0.896166
6006.14307 0.896088
6009.42578 0.896004
6012.70801 0.895916
6015.99121 0.895822
6019.27295 0.895723
6022.55615 0.895619
6025.83789 0.89551
6029.12207 0.895396
6032.40381 0.895276
6035.68701 0.895151
6038.97021 0.895022
6042.25195 0.894887
6045.53613 0.894746
6048.81787 0.894601
6052.10205 0.894451
6055.38477 0.894296
6058.66699 0.894135
6061.95117 0.893969
6065.23389 0.893799
6068.51709 0.893622
6071.79980 0.893441
6075.08301 0.893255
6078.36719 0.893064
6081.64990 0.892867
6084.93408 0.892665
6088.21680 0.892458
6091.50000 0.892246
6094.78418 0.892029
6098.06787 0.891807
6101.35107 0.89158
6104.63477 0.891347
6107.91797 0.891109
6111.20215 0.890867
6114.48584 0.890619
6117.77002 0.890366
6121.05420 0.890107
6124.33691 0.889844
6127.62207 0.889575
6130.90479 0.889303
6134.18896 0.889027
6137.47314 0.888747
6140.75684 0.888466
6144.04199 0.888186
6147.32617 0.887911
6150.60986 0.887645
6153.89404 0.887393
6157.17822 0.887157
6160.46289 0.886937
6163.74707 0.886727
6167.03076 0.886516
6170.31592 0.886285
6173.60107 0.886012
6176.88477 0.885676
6180.16895 0.885259
6183.45410 0.884754
6186.73877 0.884169
6190.02295 0.883523
6193.30811 0.882844
6196.59277 0.882167
6199.87695 0.881522
6203.16309 0.880927
6206.44678 0.88039
6209.73193 0.879898
6213.01709 0.879429
6216.30176 0.87895
6219.58691 0.878432
6222.87207 0.877849
6226.15723 0.877194
6229.44189 0.876472
6232.72803 0.875704
6236.01318 0.874918
6239.29785 0.874142
6242.58301 0.873392
6245.86914 0.872678
6249.15381 0.871992
6252.43896 0.871325
6255.72510 0.870658
6259.00977 0.869977
6262.29590 0.869272
6265.58203 0.868544
6268.86719 0.867803
6272.15283 0.867067
6275.43799 0.866356
6278.72412 0.865695
6282.00977 0.865099
6285.29590 0.864576
6288.58203 0.864127
6291.86816 0.863739
6295.15381 0.863397
6298.43896 0.863077
6301.72607 0.862757
6305.01221 0.862414
6308.29785 0.862028
6311.58398 0.861583
6314.87012 0.861069
6318.15576 0.860485
6321.44287 0.859832
6324.72900 0.859119
6328.01514 0.858355
6331.30176 0.857552
6334.58789 0.856722
6337.87500 0.855872
6341.16113 0.855009
6344.44678 0.85414
6347.73389 0.853267
6351.02100 0.852392
6354.30713 0.851516
6357.59424 0.850639
6360.88086 0.849762
6364.16699 0.848885
6367.45410 0.848008
6370.74121 0.847131
6374.02783 0.846253
6377.31494 0.845376
6380.60205 0.844499
6383.88916 0.843622
6387.17578 0.842745
6390.46289 0.841868
6393.75000 0.840991
6397.03809 0.840114
6400.32520 0.839237
6403.61182 0.83836
6406.89893 0.837484
6410.18701 0.836609
6413.47412 0.835736
6416.76123 0.834867
6420.04883 0.834006
6423.33594 0.833155
6426.62402 0.832322
6429.91113 0.831513
6433.19922 0.830737
6436.48682 0.830003
6439.77393 0.829315
6443.06201 0.828677
6446.35010 0.828084
6449.63818 0.827524
6452.92480 0.826981
6456.21289 0.826432
6459.50098 0.825856
6462.78906 0.825235
6466.07715 0.824561
6469.36523 0.823831
6472.65283 0.823055
6475.94092 0.822251
6479.22900 0.821435
6482.51807 0.820625
6485.80615 0.819834
6489.09424 0.819067
6492.38281 0.818324
6495.67090 0.817603
6498.95898 0.816895
6502.24805 0.816195
6505.53711 0.815495
6508.82520 0.814792
6512.11279 0.814083
6515.40186 0.813372
6518.68994 0.812659
6521.97900 0.81195
6525.26807 0.811245
6528.55713 0.810543
6531.84619 0.809841
6535.13379 0.809129
6538.42285 0.808392
6541.71191 0.807617
6545.00098 0.806788
6548.29004 0.805896
6551.57910 0.804935
6554.86816 0.80391
6558.15723 0.802837
6561.44678 0.801737
6564.73584 0.800634
6568.02490 0.799552
6571.31396 0.798509
6574.60400 0.797512
6577.89307 0.796559
6581.18213 0.795641
6584.47217 0.794743
6587.76123 0.79385
6591.05078 0.792952
6594.33984 0.792039
6597.62988 0.791108
6600.91895 0.790156
6604.20898 0.789183
6607.49902 0.788184
6610.78906 0.787161
6614.07910 0.786115
6617.36816 0.78505
6620.65820 0.78398
6623.94824 0.782921
6627.23779 0.781899
6630.52783 0.780933
6633.81787 0.780043
6637.10791 0.779238
6640.39795 0.778517
6643.68799 0.77787
6646.97900 0.777273
6650.26904 0.776698
6653.55908 0.776117
6656.85010 0.775504
6660.14014 0.774837
6663.43018 0.774102
6666.72119 0.773292
6670.01123 0.772403
6673.30176 0.771435
6676.59180 0.770389
6679.88281 0.76927
6683.17285 0.768083
6686.46387 0.766834
6689.75488 0.765541
6693.04492 0.764216
6696.33594 0.76288
6699.62695 0.761549
6702.91797 0.760238
6706.20898 0.758954
6709.50000 0.757704
6712.79102 0.756484
6716.08203 0.755297
6719.37305 0.754145
6722.66406 0.753027
6725.95508 0.75195
6729.24609 0.750917
6732.53809 0.749931
6735.82910 0.74899
6739.12012 0.748092
6742.41211 0.747235
6745.70312 0.746413
6748.99414 0.745619
6752.28613 0.744845
6755.57715 0.744078
6758.86914 0.743303
6762.16016 0.742501
6765.45215 0.741659
6768.74414 0.740766
6772.03516 0.73982
6775.32715 0.738829
6778.61914 0.737803
6781.91113 0.736751
6785.20312 0.735678
6788.49512 0.734584
6791.78613 0.733459
6795.07812 0.732293
6798.37109 0.731078
6801.66309 0.729808
6804.95508 0.728485
6808.24707 0.727119
6811.53906 0.72572
6814.83105 0.724304
6818.12305 0.722886
6821.41602 0.721481
6824.70801 0.7201
6828.00000 0.718747
6831.29199 0.717425
6834.58496 0.716128
6837.87695 0.714847
6841.16992 0.713573
6844.46289 0.712294
6847.75488 0.711002
6851.04785 0.709694
6854.34082 0.708368
6857.63281 0.707023
6860.92578 0.705665
6864.21924 0.704297
6867.51221 0.702922
6870.80518 0.701543
6874.09814 0.700162
6877.39111 0.698781
6880.68408 0.697399
6883.97705 0.696017
6887.27002 0.694635
6890.56299 0.693254
6893.85596 0.691873
6897.14893 0.690492
6900.44287 0.689113
6903.73584 0.687733
6907.02881 0.686354
6910.32324 0.684975
6913.61621 0.683596
6916.90918 0.682218
6920.20312 0.68084
6923.49707 0.679463
6926.79004 0.678086
6930.08301 0.676709
6933.37695 0.675333
6936.67090 0.673957
6939.96484 0.672581
6943.25781 0.671206
6946.55176 0.669831
6949.84619 0.668457
6953.14014 0.667083
6956.43408 0.665709
6959.72803 0.664336
6963.02197 0.662963
6966.31592 0.66159
6969.60986 0.660218
6972.90381 0.658846
6976.19824 0.657475
6979.49316 0.656103
6982.78711 0.654733
6986.08105 0.653362
6989.37500 0.651992
6992.66992 0.650623
6995.96387 0.649254
6999.25781 0.647885
7002.55322 0.646516
7005.84814 0.645148
7009.14209 0.64378
7012.43701 0.642413
7015.73096 0.641046
7019.02588 0.639679
7022.32080 0.638313
7025.61621 0.636947
7028.91016 0.635581
7032.20508 0.634216
7035.50000 0.632851
7038.79492 0.631487
7042.08984 0.630123
7045.38477 0.628759
7048.68018 0.627396
7051.97510 0.626033
7055.27002 0.62467
7058.56494 0.623308
7061.85986 0.621946
7065.15576 0.620585
7068.45117 0.619224
7071.74609 0.617863
7075.04199 0.616502
7078.33691 0.615142
7081.63184 0.613783
7084.92822 0.612424
7088.22412 0.611065
7091.51904 0.609706
7094.81396 0.608348
7098.10986 0.60699
7101.40576 0.605633
7104.70215 0.604276
7107.99805 0.602919
7111.29297 0.601563
7114.58887 0.600207
7117.88477 0.598851
7121.18115 0.597496
7124.47705 0.596141
7127.77295 0.594787
7131.06885 0.593433
7134.36523 0.592079
7137.66113 0.590726
7140.95703 0.589373
7144.25293 0.58802
7147.54883 0.586668
7150.84619 0.585316
7154.14209 0.583965
7157.43799 0.582614
7160.73486 0.581263
7164.03076 0.579913
7167.32812 0.578563
7170.62402 0.577213
7173.92090 0.575864
7177.21680 0.574515
7180.51416 0.573167
7183.81104 0.571818
7187.10693 0.570471
7190.40381 0.569123
7193.70117 0.567776
7196.99805 0.56643
7200.29395 0.565083
7203.59082 0.563738
7206.88916 0.562392
7210.18604 0.561047
7213.48193 0.559702
7216.77979 0.558357
7220.07715 0.557014
7223.37402 0.55567
7226.67090 0.554327
7229.96777 0.552983
7233.26514 0.551641
7236.56299 0.550299
7239.85986 0.548957
7243.15723 0.547616
7246.45508 0.546274
7249.75195 0.544934
7253.04980 0.543593
7256.34814 0.542253
7259.64502 0.540914
7262.94189 0.539574
7266.24023 0.538236
7269.53809 0.536897
7272.83496 0.535559
7276.13281 0.534221
7279.43115 0.532884
7282.72900 0.531547
7286.02686 0.53021
7289.32520 0.528874
7292.62305 0.527538
7295.92090 0.526203
7299.21924 0.524867
7302.51709 0.523533
7305.81494 0.522198
7309.11279 0.520864
7312.41211 0.519531
7315.70996 0.518197
7319.00781 0.516864
7322.30713 0.515532
7325.60498 0.514199
7328.90283 0.512868
7332.20215 0.511536
7335.50000 0.510205
7338.79883 0.508875
7342.09717 0.507544
7345.39600 0.506214
7348.69482 0.504885
7351.99316 0.503555
7355.29199 0.502227
7358.59082 0.500898
7361.89014 0.49957
7365.18799 0.498242
7368.48682 0.496915
7371.78613 0.495588
7375.08496 0.494261
7378.38379 0.492935
7381.68408 0.491609
7384.98193 0.490283
7388.28076 0.488958
7391.58105 0.487634
7394.87988 0.486309
7398.17920 0.484985
7401.47900 0.483662
7404.77783 0.482338
7408.07715 0.481015
7411.37598 0.479693
7414.67578 0.478371
7417.97607 0.477049
7421.27490 0.475727
7424.57520 0.474406
7427.87402 0.473086
7431.17383 0.471765
7434.47412 0.470445
7437.77295 0.469126
7441.07324 0.467807
7444.37305 0.466488
7447.67285 0.465169
7450.97314 0.463851
7454.27197 0.462533
7457.57178 0.461216
7460.87305 0.459899
7464.17188 0.458582
7467.47314 0.457266
7470.77295 0.45595
7474.07324 0.454635
7477.37305 0.45332
7480.67285 0.452005
7483.97412 0.45069
7487.27393 0.449377
7490.57422 0.448063
7493.87500 0.44675
7497.17480 0.445437
7500.47607 0.444124
7503.77588 0.442812
7507.07715 0.4415
7510.37695 0.440189
7513.67822 0.438878
7516.97900 0.437567
7520.27881 0.436257
7523.58008 0.434947
7526.88086 0.433637
7530.18213 0.432328
7533.48193 0.431019
7536.78418 0.429711
7540.08398 0.428403
7543.38623 0.427095
7546.68701 0.425787
7549.98682 0.424481
7553.28906 0.423174
7556.58984 0.421868
7559.89111 0.420562
7563.19189 0.419256
7566.49414 0.417951
7569.79492 0.416646
7573.09619 0.415342
7576.39697 0.414038
7579.69922 0.412734
7583.00000 0.411431
7586.30176 0.410128
7589.60400 0.408826
7592.90479 0.407523
7596.20703 0.406222
7599.50781 0.40492
7602.81006 0.403619
7606.11182 0.402319
7609.41406 0.401018
7612.71582 0.399718
7616.01807 0.398419
7619.31885 0.39712
7622.62109 0.395821
7625.92285 0.394522
7629.22510 0.393224
7632.52686 0.391927
7635.83008 0.390629
7639.13184 0.389333
7642.43408 0.388037
7645.73584 0.386742
7649.03809 0.385449
7652.33984 0.38416
7655.64307 0.382876
7658.94482 0.3816
7662.24805 0.380335
7665.54980 0.379088
7668.85303 0.377862
7672.15479 0.376662
7675.45801 0.375492
7678.76123 0.374353
7682.06299 0.373244
7685.36621 0.372161
7688.66797 0.371094
7691.97119 0.370034
7695.27393 0.368968
7698.57715 0.367883
7701.87988 0.366769
7705.18311 0.365617
7708.48584 0.364424
7711.78906 0.363189
7715.09180 0.361918
7718.39502 0.360617
7721.69824 0.359299
7725.00098 0.357974
7728.30518 0.356655
7731.60791 0.35535
7734.91113 0.354067
7738.21484 0.352808
7741.51807 0.351575
7744.82080 0.350366
7748.12500 0.349179
7751.42822 0.348012
7754.73193 0.346859
7758.03613 0.345718
7761.33887 0.344585
7764.64307 0.343458
7767.94580 0.342333
7771.25000 0.341211
7774.55420 0.340089
7777.85791 0.338969
7781.16211 0.337847
7784.46484 0.336724
7787.77002 0.335594
7791.07324 0.334454
7794.37695 0.333299
7797.68213 0.332128
7800.98584 0.330938
7804.29004 0.329732
7807.59424 0.328516
7810.89795 0.327296
7814.20215 0.326082
7817.50684 0.324883
7820.81104 0.323707
7824.11523 0.32256
7827.41992 0.321441
7830.72412 0.320343
7834.02881 0.319259
7837.33301 0.318177
7840.63818 0.317085
7843.94189 0.315975
7847.24707 0.314846
7850.55176 0.313698
7853.85596 0.312538
7857.16113 0.311371
7860.46582 0.310205
7863.77100 0.309044
7867.07617 0.307891
7870.38086 0.306745
7873.68604 0.305606
7876.99121 0.304473
7880.29590 0.303345
7883.60107 0.302224
7886.90576 0.301112
7890.21094 0.300011
7893.51709 0.298921
7896.82178 0.297841
7900.12695 0.296765
7903.43213 0.295689
7906.73779 0.294608
7910.04297 0.293516
7913.34912 0.29241
7916.65381 0.291291
7919.95898 0.290158
7923.26514 0.289016
7926.57080 0.287867
7929.87598 0.286714
7933.18213 0.28556
7936.48779 0.284408
7939.79297 0.283258
7943.09912 0.282111
7946.40479 0.280969
7949.71094 0.279833
7953.01709 0.278705
