threeML/data/optical_filters/CAHA/CAHA-f_614_28.ecsv
# %ECSV 0.9
# ---
# datatype:
# - {name: wavelength, unit: Angstrom, datatype: float32}
# - {name: response, datatype: float32}
# meta: !!omap
# - {band_name: f_614_28}
# - {group_name: CAHA}
wavelength response
[from data line 2415]
6407.47021 0.021564
6407.72998 0.021594
6407.99023 0.021996
6408.25000 0.021486
6408.50977 0.021464
6408.77002 0.020546
6409.02979 0.020964
6409.29004 0.021869
6409.54980 0.020884
6409.81006 0.020635
6410.06982 0.020076
6410.33008 0.020781
6410.58984 0.020817
6410.85010 0.020495
6411.10986 0.019817
6411.37988 0.01977
6411.64014 0.01999
6411.89990 0.020817
6412.16016 0.020682
6412.41992 0.019742
6412.68018 0.019826
6412.93994 0.020508
6413.20020 0.020751
6413.45996 0.020581
6413.72021 0.020108
6413.97998 0.018735
6414.24023 0.019427
6414.50000 0.020033
6414.75977 0.019764
6415.02002 0.019694
6415.27979 0.018678
6415.54004 0.019056
6415.79980 0.019763
6416.06006 0.019569
6416.31982 0.019411
6416.58008 0.018463
6416.85010 0.018407
6417.10986 0.019212
6417.37012 0.019931
6417.62988 0.019091
6417.89014 0.01873
6418.14990 0.018221
6418.41016 0.018886
6418.66992 0.019535
6418.93018 0.018919
6419.18994 0.017925
6419.45020 0.018109
6419.70996 0.019103
6419.97021 0.018434
6420.22998 0.018629
6420.49023 0.018087
6420.75000 0.017843
6421.00977 0.01841
6421.27002 0.018704
6421.52979 0.018275
6421.79004 0.017344
6422.06006 0.017928
6422.31982 0.018067
6422.58008 0.018792
6422.83984 0.018291
6423.10010 0.017314
6423.35986 0.017344
6423.62012 0.017553
6423.87988 0.01871
6424.14014 0.018135
6424.39990 0.017939
6424.66016 0.01708
6424.91992 0.017186
6425.18018 0.017763
6425.43994 0.018371
6425.70020 0.017143
6425.95996 0.016509
6426.22021 0.016761
6426.47998 0.017795
6426.74023 0.017549
6427.00000 0.017089
6427.27002 0.01678
6427.52979 0.016437
6427.79004 0.01769
6428.04980 0.017512
6428.31006 0.016938
6428.56982 0.016294
6428.83008 0.016641
6429.08984 0.016576
6429.35010 0.016787
6429.60986 0.016812
6429.87012 0.016159
6430.12988 0.016229
6430.39014 0.01682
6430.64990 0.016986
6430.91016 0.016118
6431.16992 0.016157
6431.43018 0.016143
6431.68994 0.016548
6431.95020 0.01641
6432.20996 0.01606
6432.47998 0.015971
6432.74023 0.015431
6433.00000 0.015747
6433.25977 0.016491
6433.52002 0.015939
6433.77979 0.015675
6434.04004 0.015503
6434.29980 0.015692
6434.56006 0.015728
6434.81982 0.015888
6435.08008 0.015249
6435.33984 0.014544
6435.60010 0.015351
6435.85986 0.015631
6436.12012 0.016007
6436.37988 0.015332
6436.64014 0.014822
6436.89990 0.014618
6437.16016 0.015178
6437.41992 0.014697
6437.68994 0.01502
6437.95020 0.014799
6438.20996 0.014472
6438.47021 0.014717
6438.72998 0.015266
6438.99023 0.014652
6439.25000 0.014183
6439.50977 0.014311
6439.77002 0.014092
6440.02979 0.014836
6440.29004 0.01386
6440.54980 0.01416
6440.81006 0.013746
6441.06982 0.014546
6441.33008 0.014311
6441.58984 0.014423
6441.85010 0.013488
6442.10986 0.01367
6442.37012 0.013862
6442.62988 0.013949
6442.89990 0.0138
6443.16016 0.01365
6443.41992 0.013826
6443.68018 0.014154
6443.93994 0.013293
6444.20020 0.013865
6444.45996 0.013968
6444.72021 0.013126
6444.97998 0.01323
6445.24023 0.013476
6445.50000 0.01319
6445.75977 0.013145
6446.02002 0.013273
6446.27979 0.012998
6446.54004 0.013348
6446.79980 0.013272
6447.06006 0.012919
6447.31982 0.012647
6447.58008 0.01273
6447.85010 0.012806
6448.10986 0.012769
6448.37012 0.01275
6448.62988 0.012843
6448.89014 0.012586
6449.14990 0.012091
6449.41016 0.012289
6449.66992 0.012344
6449.93018 0.013132
6450.18994 0.012111
7095.20898 0.0
