threeML/data/optical_filters/CAHA/CAHA-f_538_106.ecsv
# %ECSV 0.9
# ---
# datatype:
# - {name: wavelength, unit: Angstrom, datatype: float32}
# - {name: response, datatype: float32}
# meta: !!omap
# - {band_name: f_538_106}
# - {group_name: CAHA}
wavelength response
4142.28174 0.0
4602.53516 0.004096
4607.62988 0.004424
4612.72607 0.004761
4617.82178 0.005107
4622.91895 0.005461
4628.01514 0.005825
4633.11182 0.006197
4638.20898 0.006578
4643.30615 0.006967
4648.40381 0.007366
4653.50098 0.007773
4658.60010 0.008189
4663.69824 0.008614
4668.79590 0.009047
4673.89502 0.010733
4678.99316 0.011134
4684.09180 0.011696
4689.19092 0.012468
4694.29102 0.013504
4699.39111 0.014866
4704.49023 0.016615
4709.58984 0.01882
4714.69092 0.021556
4719.79199 0.024903
4724.89209 0.028946
4729.99316 0.033777
4735.09424 0.039489
4740.19580 0.046171
4745.29688 0.053905
4750.39893 0.062751
4755.50098 0.072742
4760.60400 0.08388
4765.70605 0.096142
4770.80908 0.109487
4775.91211 0.123867
4781.01514 0.139235
4786.11816 0.155539
4791.22217 0.172724
4796.32617 0.19072
4801.43018 0.209443
4806.53418 0.228787
4811.63916 0.24863
4816.74316 0.268844
4821.84814 0.289314
4826.95312 0.309947
4832.05908 0.330682
4837.16406 0.35146
4842.27002 0.372206
4847.37598 0.392811
4852.48193 0.413141
4857.58887 0.433062
4862.69580 0.452478
4867.80176 0.471354
4872.91016 0.489703
4878.01709 0.507555
4883.12500 0.524915
4888.23193 0.541743
4893.33984 0.557952
4898.44922 0.573444
4903.55713 0.58815
4908.66602 0.602062
4913.77393 0.615238
4918.88379 0.627779
4923.99316 0.639786
4929.10303 0.651339
4934.21191 0.662473
4939.32178 0.673186
4944.43311 0.683451
4949.54297 0.693234
4954.65283 0.702499
4959.76416 0.711214
4964.87500 0.719364
4969.98682 0.726955
4975.09814 0.734029
4980.20996 0.740664
4985.32178 0.746949
4990.43408 0.752956
4995.54688 0.758709
5000.65918 0.764193
5005.77197 0.769385
5010.88477 0.774274
5015.99902 0.778856
5021.11182 0.783115
5026.22607 0.787009
5031.33984 0.790486
5036.45410 0.793524
5041.56787 0.796162
5046.68311 0.798515
5051.79688 0.800723
5056.91309 0.802906
5062.02783 0.805106
5067.14404 0.807307
5072.25879 0.809461
5077.37500 0.811543
5082.49121 0.813573
5087.60693 0.815599
5092.72412 0.817653
5097.84082 0.819722
5102.95801 0.821728
5108.07520 0.823566
5113.19189 0.825139
5118.31006 0.82641
5123.42822 0.827409
5128.54590 0.828218
5133.66504 0.828913
5138.78320 0.829532
5143.90186 0.830044
5149.02100 0.830366
5154.14014 0.830412
5159.25879 0.830147
5164.37891 0.829629
5169.49902 0.829001
5174.61914 0.828446
5179.73877 0.828116
5184.85986 0.828092
5189.98096 0.828369
5195.10205 0.828887
5200.22314 0.829544
5205.34424 0.830225
5210.46582 0.830812
5215.58789 0.831195
5220.70996 0.831302
5225.83203 0.831107
5230.95508 0.830653
5236.07812 0.830033
5241.20117 0.829358
5246.32422 0.828727
5251.44678 0.828194
5256.57080 0.827771
5261.69385 0.827435
5266.81787 0.827154
5271.94287 0.826891
5277.06689 0.8266
5282.19189 0.826228
5287.31689 0.825717
5292.44189 0.825028
5297.56689 0.824162
5302.69287 0.823162
5307.81885 0.822089
5312.94482 0.821004
5318.07080 0.819924
5323.19824 0.818841
5328.32422 0.817723
5333.45117 0.816538
5338.57812 0.815281
5343.70605 0.813963
5348.83301 0.812603
5353.96094 0.811214
5359.08887 0.809797
5364.21680 0.808345
5369.34619 0.806854
5374.47510 0.805333
5379.60303 0.803797
5384.73193 0.802266
5389.86182 0.800757
5394.99121 0.79927
5400.12109 0.797789
5405.25098 0.796285
5410.38086 0.794718
5415.51221 0.793063
5420.64209 0.791321
5425.77295 0.789499
5430.90381 0.787596
5436.03613 0.785586
5441.16699 0.783438
5446.29883 0.781155
5451.43115 0.778797
5456.56299 0.77646
5461.69482 0.774227
5466.82812 0.772118
5471.96094 0.770086
5477.09424 0.768061
5482.22705 0.765992
5487.36084 0.763875
5492.49512 0.761729
5497.62793 0.759569
5502.76221 0.75738
5507.89697 0.755115
5513.03076 0.752713
5518.16699 0.750121
5523.30078 0.747314
5528.43701 0.744295
5533.57178 0.741092
5538.70801 0.737754
5543.84424 0.734332
5548.97998 0.730882
5554.11621 0.727461
5559.25293 0.72412
5564.39014 0.720894
5569.52588 0.717791
5574.66406 0.71479
5579.80078 0.711855
5584.93896 0.708952
5590.07715 0.706054
5595.21484 0.703141
5600.35400 0.700183
5605.49219 0.697144
5610.63086 0.693991
5615.77002 0.690705
5620.90918 0.687292
5626.04785 0.683769
5631.18799 0.680155
5636.32812 0.676454
5641.46777 0.672658
5646.60791 0.668745
5651.74902 0.664704
5656.89014 0.660537
5662.03076 0.656253
5667.17188 0.651865
5672.31299 0.647382
5677.45508 0.642813
5682.59717 0.638186
5687.73877 0.633558
5692.88086 0.628994
5698.02295 0.624548
5703.16602 0.620222
5708.30908 0.615963
5713.45215 0.61168
5718.59619 0.60728
5723.73877 0.602701
5728.88281 0.597937
5734.02686 0.593026
5739.17090 0.588029
5744.31592 0.582987
5749.46094 0.577904
5754.60498 0.572749
5759.75098 0.567488
5764.89600 0.562125
5770.04199 0.556718
5775.18799 0.551362
5780.33301 0.546156
5785.47998 0.54116
5790.62598 0.536394
5795.77295 0.531825
5800.91992 0.527395
5806.06689 0.523027
5811.21387 0.518632
5816.36182 0.514121
5821.50977 0.509422
5826.65820 0.504497
5831.80615 0.499348
5836.95508 0.494032
5842.10303 0.488626
5847.25195 0.483208
5852.40088 0.477827
5857.54980 0.472492
5862.70020 0.467174
5867.85010 0.461827
5873.00000 0.4564
5878.14990 0.450865
5883.29980 0.44523
5888.45117 0.439544
5893.60205 0.43389
5898.75293 0.428362
5903.90381 0.423026
5909.05615 0.417892
5914.20801 0.412897
5919.35889 0.407927
5924.51221 0.402864
5929.66406 0.397637
5934.81689 0.392236
5939.97021 0.386727
5945.12305 0.381212
5950.27588 0.375791
5955.43018 0.37053
5960.58301 0.365417
5965.73682 0.360364
5970.89111 0.355237
5976.04590 0.349915
5981.20020 0.344344
5986.35498 0.33855
5991.50977 0.332627
5996.66602 0.326701
6001.82080 0.320906
6006.97705 0.315351
6012.13184 0.310093
6017.28906 0.305124
6022.44482 0.300378
6027.60205 0.295761
6032.75781 0.291188
6037.91602 0.286604
6043.07324 0.281987
6048.22998 0.277338
6053.38818 0.272678
6058.54492 0.268045
6063.70410 0.263476
6068.86182 0.258985
6074.02100 0.254557
6079.18018 0.250141
6084.33789 0.245682
6089.49805 0.241144
6094.65723 0.236524
6099.81689 0.231839
6104.97705 0.227108
6110.13721 0.222346
6115.29688 0.217558
6120.45801 0.212764
6125.61816 0.208006
6130.77881 0.203351
6135.93994 0.198876
6141.10205 0.194645
6146.26416 0.190677
6151.42578 0.186937
6156.58691 0.183336
6161.75000 0.179759
6166.91309 0.176105
6172.07520 0.172325
6177.23779 0.168445
6182.40088 0.164542
6187.56396 0.160712
6192.72803 0.157023
6197.89209 0.153481
6203.05615 0.150046
6208.22021 0.146643
6213.38477 0.143202
6218.54980 0.13969
6223.71387 0.136124
6228.87988 0.132574
6234.04492 0.129138
6239.20996 0.125903
6244.37598 0.122921
6249.54199 0.120193
6254.70898 0.117674
6259.87500 0.115299
6265.04199 0.113003
6270.20898 0.110725
6275.37598 0.108413
6280.54297 0.106028
6285.71094 0.103551
6290.87793 0.100999
6296.04688 0.098425
6301.21484 0.09591
6306.38281 0.093524
6311.55176 0.091304
6316.72119 0.089224
6321.89014 0.087223
6327.05908 0.085224
6332.22900 0.083187
6337.39795 0.081118
6342.56885 0.079065
6347.73877 0.077074
6352.90918 0.075177
6358.08008 0.073374
6363.25098 0.071655
6368.42188 0.07002
6373.59277 0.068484
6378.76514 0.067054
6383.93701 0.065724
6389.10791 0.064455
6394.27979 0.06319
6399.45312 0.061882
6404.62500 0.060507
6409.79785 0.05907
6414.97217 0.05759
6420.14502 0.056082
6425.31787 0.054555
6430.49219 0.053025
6435.66602 0.051519
6440.83984 0.050083
6446.01514 0.04876
6451.18896 0.047573
6456.36377 0.046505
6461.53906 0.045508
6466.71387 0.044528
6471.89014 0.04353
6477.06494 0.04251
6482.24121 0.041491
6487.41699 0.040506
6492.59424 0.039584
6497.77100 0.038739
6502.94678 0.037975
6508.12500 0.03728
6513.30176 0.036648
6518.47900 0.036073
6523.65723 0.035557
6528.83398 0.035103
6534.01318 0.034697
6539.19092 0.034309
6544.37012 0.033895
6549.54785 0.033419
6554.72803 0.03288
6559.90723 0.032335
6565.08594 0.031871
6570.26611 0.031313
6575.44580 0.030716
6580.62500 0.030125
6585.80615 0.02954
6590.98584 0.02896
6596.16699 0.028386
6601.34814 0.027818
6606.52881 0.027255
6611.71094 0.026698
6616.89307 0.026147
6622.07422 0.025602
6627.25586 0.025062
6632.43896 0.024528
6637.62109 0.024
6642.80420 0.023477
6647.98682 0.022961
6653.16992 0.02245
6658.35400 0.021945
6663.53711 0.021445
6668.72119 0.020951
6673.90479 0.020463
6679.08887 0.019981
6684.27295 0.019504
6689.45801 0.019033
6694.64404 0.018568
6699.82910 0.018109
6705.01416 0.017655
6710.20020 0.017207
6715.38477 0.016765
6720.57080 0.016328
6725.75781 0.015898
6730.94385 0.015473
6736.13086 0.015053
6741.31689 0.01464
6746.50488 0.014232
6751.69189 0.01383
6756.87988 0.013433
6762.06689 0.013043
6767.25586 0.012658
6772.44385 0.012279
6777.63184 0.011905
6782.82080 0.011537
6788.00977 0.011175
6793.19922 0.010819
6798.38818 0.010469
6803.57812 0.010124
6808.76807 0.009785
6813.95801 0.009451
6819.14697 0.009124
6824.33789 0.008802
6829.52881 0.008486
6834.72021 0.008175
6839.91113 0.007871
6845.10205 0.007572
6850.29297 0.007278
6855.48486 0.006991
6860.67676 0.006709
6865.86914 0.006433
6871.06201 0.006163
6876.25391 0.005898
6881.44678 0.005639
6886.64014 0.005386
6891.83398 0.005139
6897.02686 0.004897
6902.22119 0.004661
6907.41504 0.004431
6912.60889 0.004206
7603.86963 0.0
