threeML/data/optical_filters/CAHA/CAHA-f_448_75ab.ecsv
# %ECSV 0.9
# ---
# datatype:
# - {name: wavelength, unit: Angstrom, datatype: float32}
# - {name: response, datatype: float32}
# meta: !!omap
# - {band_name: f_448_75ab}
# - {group_name: CAHA}
wavelength response
3375.33496 0.0
3750.37207 0.004018
3753.61597 0.004442
3756.86011 0.004891
3760.10400 0.005367
3763.34790 0.005866
3766.59204 0.006415
3769.83594 0.007027
3773.08105 0.007733
3776.32495 0.008573
3779.56909 0.009587
3782.81396 0.010806
3786.05811 0.012247
3789.30200 0.013905
3792.54712 0.015748
3795.79102 0.017712
3799.03589 0.019719
3802.28003 0.021671
3805.52490 0.023481
3808.77002 0.025073
3812.01392 0.026406
3815.25903 0.027462
3818.50293 0.028241
3821.74805 0.028765
3824.99292 0.029072
3828.23804 0.02921
3831.48193 0.029251
3834.72705 0.0293
3837.97192 0.029464
3841.21704 0.02987
3844.46191 0.030619
3847.70703 0.031768
3850.95190 0.03333
3854.19702 0.035256
3857.44189 0.037472
3860.68701 0.039881
3863.93188 0.042401
3867.17700 0.044952
3870.42310 0.047499
3873.66797 0.05001
3876.91309 0.052467
3880.15796 0.054864
3883.40405 0.057188
3886.64893 0.059444
3889.89404 0.061617
3893.13989 0.063701
3896.38501 0.06569
3899.62988 0.067571
3902.87598 0.06936
3906.12109 0.071074
3909.36694 0.072761
3912.61304 0.074468
3915.85791 0.076266
3919.10400 0.078208
3922.35010 0.080336
3925.59497 0.082677
3928.84106 0.085231
3932.08691 0.087978
3935.33301 0.09089
3938.57788 0.093925
3941.82397 0.097043
3945.07007 0.100194
3948.31592 0.103341
3951.56201 0.106445
3954.80811 0.109487
3958.05396 0.112443
3961.30005 0.115315
3964.54590 0.118096
3967.79199 0.120805
3971.03906 0.123477
3974.28491 0.126166
3977.53101 0.128939
3980.77710 0.13187
3984.02393 0.135026
3987.27002 0.138442
3990.51611 0.142137
3993.76294 0.14609
3997.00903 0.150256
4000.25610 0.154578
4003.50195 0.158969
4006.74902 0.163355
4009.99512 0.167645
4013.24194 0.171755
4016.48901 0.175598
4019.73511 0.17911
4022.98193 0.18224
4026.22900 0.184974
4029.47510 0.187343
4032.72192 0.189405
4035.96899 0.191236
4039.21606 0.19292
4042.46289 0.194526
4045.70996 0.196113
4048.95703 0.197722
4052.20410 0.199391
4055.45093 0.201164
4058.69800 0.203101
4061.94507 0.20524
4065.19189 0.207625
4068.43896 0.21026
4071.68701 0.213124
4074.93408 0.216159
4078.18091 0.219304
4081.42798 0.22249
4084.67603 0.225675
4087.92310 0.228827
4091.17090 0.231949
4094.41797 0.235041
4097.66602 0.23812
4100.91309 0.241207
4104.16113 0.24432
4107.40820 0.247469
4110.65576 0.250658
4113.90381 0.253871
4117.15088 0.257084
4120.39893 0.260251
4123.64697 0.263328
4126.89502 0.266254
4130.14307 0.268977
4133.39014 0.271464
4136.63818 0.273706
4139.88623 0.275722
4143.13379 0.277551
4146.38184 0.279264
4149.62988 0.28094
4152.87793 0.282669
4156.12598 0.284525
4159.37500 0.286567
4162.62305 0.288838
4165.87109 0.291353
4169.12012 0.294105
4172.36816 0.297074
4175.61621 0.300221
4178.86523 0.303502
4182.11279 0.306871
4185.36182 0.310269
4188.60986 0.313647
4191.85791 0.316949
4195.10693 0.320123
4198.35596 0.323124
4201.60400 0.325911
4204.85303 0.328462
4208.10205 0.330766
4211.35107 0.332838
4214.60010 0.334702
4217.84814 0.336401
4221.09717 0.338006
4224.34619 0.339584
4227.59521 0.34123
4230.84424 0.343025
4234.09277 0.345032
4237.34180 0.347287
4240.59082 0.349767
4243.83984 0.35241
4247.08984 0.355107
4250.33887 0.357736
4253.58789 0.360193
4256.83691 0.362414
4260.08691 0.364382
4263.33594 0.366134
4266.58496 0.367734
4269.83496 0.369256
4273.08398 0.370749
4276.33398 0.37224
4279.58301 0.373718
4282.83301 0.375159
4286.08301 0.37654
4289.33301 0.377845
4292.58203 0.379081
4295.83203 0.380275
4299.08203 0.381449
4302.33203 0.382631
4305.58203 0.383822
4308.83105 0.385006
4312.08105 0.38616
4315.33105 0.387261
4318.58105 0.388301
4321.83203 0.389298
4325.08203 0.390302
4328.33203 0.391373
4331.58203 0.392579
4334.83203 0.393968
4338.08203 0.395555
4341.33301 0.397327
4344.58301 0.399221
4347.83301 0.401157
4351.08301 0.403044
4354.33398 0.404811
4357.58398 0.406411
4360.83496 0.407835
4364.08594 0.409102
4367.33594 0.410254
4370.58691 0.411341
4373.83789 0.412402
4377.08789 0.413459
4380.33887 0.414519
4383.58984 0.41558
4386.84082 0.416652
4390.09180 0.417766
4393.34277 0.418977
4396.59424 0.420363
4399.84521 0.422022
4403.09619 0.424038
4406.34717 0.426479
4409.59814 0.429376
4412.84912 0.432728
4416.10107 0.436488
4419.35205 0.440569
4422.60303 0.444861
4425.85400 0.44923
4429.10596 0.453537
4432.35693 0.457649
4435.60889 0.461456
4438.85986 0.464885
4442.11182 0.467897
4445.36279 0.470506
4448.61523 0.472755
4451.86719 0.474705
4455.11816 0.476418
4458.37012 0.477947
4461.62207 0.479324
4464.87402 0.480554
4468.12500 0.481634
4471.37695 0.482548
4474.62891 0.483297
4477.88086 0.483891
4481.13379 0.484362
4484.38623 0.484759
4487.63818 0.485137
4490.89014 0.48555
4494.14209 0.486041
4497.39502 0.486631
4500.64697 0.487308
4503.89893 0.488048
4507.15088 0.488798
4510.40381 0.489506
4513.65576 0.490121
4516.90918 0.490627
4520.16211 0.491027
4523.41406 0.491338
4526.66699 0.491598
4529.91895 0.491835
4533.17188 0.492062
4536.42480 0.492274
4539.67822 0.492449
4542.93115 0.492563
4546.18408 0.492591
4549.43701 0.492532
4552.68896 0.492395
4555.94189 0.492203
4559.19482 0.491988
4562.44922 0.491778
4565.70215 0.49159
4568.95508 0.491425
4572.20801 0.491268
4575.46094 0.491085
4578.71484 0.490833
4581.96777 0.490458
4585.22217 0.489922
4588.47510 0.489198
4591.72900 0.488285
4594.98193 0.487208
4598.23584 0.486007
4601.48877 0.484732
4604.74316 0.483423
4607.99707 0.482109
4611.25000 0.4808
4614.50391 0.479488
4617.75781 0.478154
4621.01221 0.47677
4624.26611 0.475316
4627.52002 0.473766
4630.77393 0.472111
4634.02783 0.47034
4637.28223 0.468451
4640.53711 0.466443
4643.79102 0.464322
4647.04492 0.462099
4650.29883 0.459785
4653.55420 0.457405
4656.80811 0.454984
4660.06299 0.452547
4663.31689 0.450118
4666.57080 0.447709
4669.82617 0.445319
4673.08105 0.442933
4676.33496 0.440517
4679.58984 0.438039
4682.84521 0.43546
4686.10010 0.432744
4689.35400 0.429872
4692.60889 0.426833
4695.86377 0.423631
4699.11914 0.420291
4702.37500 0.416847
4705.62891 0.413341
4708.88379 0.409818
4712.14014 0.406318
4715.39502 0.402868
4718.64990 0.399479
4721.90479 0.396145
4725.16113 0.392839
4728.41602 0.389536
4731.67188 0.386211
4734.92676 0.382846
4738.18311 0.379434
4741.43799 0.375978
4744.69385 0.372487
4747.95020 0.36897
4751.20508 0.365433
4754.46094 0.361877
4757.71680 0.358299
4760.97314 0.354692
4764.22900 0.351047
4767.48389 0.347356
4770.74121 0.343611
4773.99707 0.339809
4777.25195 0.335949
4780.50879 0.332036
4783.76514 0.328079
4787.02100 0.324092
4790.27686 0.320089
4793.53418 0.316091
4796.79004 0.312116
4800.04688 0.308181
4803.30322 0.3043
4806.56006 0.300483
4809.81592 0.296733
4813.07324 0.293044
4816.33008 0.289406
4819.58594 0.285797
4822.84277 0.282193
4826.10010 0.278565
4829.35596 0.274888
4832.61279 0.271152
4835.87109 0.267365
4839.12695 0.263553
4842.38379 0.259762
4845.64209 0.256041
4848.89893 0.252437
4852.15576 0.248983
4855.41309 0.245688
4858.66992 0.242542
4861.92822 0.239514
4865.18506 0.236566
4868.44287 0.233653
4871.70020 0.230736
4874.95801 0.227783
4878.21484 0.224778
4881.47314 0.221713
4884.72998 0.218598
4887.98779 0.215452
4891.24609 0.212297
4894.50391 0.20916
4897.76221 0.206059
4901.02002 0.203002
4904.27783 0.199989
4907.53613 0.197012
4910.79297 0.194058
4914.05176 0.191117
4917.31006 0.188178
4920.56787 0.185242
4923.82715 0.182318
4927.08496 0.179419
4930.34277 0.176563
4933.60205 0.173765
4936.85986 0.171044
4940.11914 0.168409
4943.37695 0.165865
4946.63623 0.163413
4949.89502 0.161046
4953.15283 0.158753
4956.41211 0.156518
4959.66992 0.154325
4962.93018 0.152153
4966.18799 0.149978
4969.44678 0.147783
4972.70703 0.145552
4975.96484 0.143278
4979.22510 0.140964
4982.48389 0.138623
4985.74316 0.136274
4989.00195 0.133943
4992.26221 0.131652
4995.52100 0.129415
4998.77979 0.127236
5002.04004 0.125107
5005.29883 0.123008
5008.55908 0.120913
5011.81787 0.118798
5015.07812 0.116645
5018.33789 0.114444
5021.59814 0.112198
5024.85693 0.109914
5028.11719 0.107606
5031.37695 0.105291
5034.63721 0.102981
5037.89697 0.100686
5041.15723 0.098407
5044.41699 0.096143
5047.67822 0.093892
5050.93799 0.091657
5054.19824 0.089446
5057.45801 0.087274
5060.71924 0.085162
5063.97900 0.083132
5067.24023 0.081199
5070.50000 0.079365
5073.76123 0.07762
5077.02100 0.075942
5080.28223 0.074295
5083.54297 0.072649
5086.80420 0.070974
5090.06494 0.069259
5093.32617 0.067504
5096.58691 0.065726
5099.84814 0.063949
5103.10889 0.062197
5106.37012 0.060489
5109.63086 0.05883
5112.89209 0.057218
5116.15381 0.055639
5119.41504 0.054085
5122.67578 0.052547
5125.93799 0.051026
5129.19922 0.049527
5132.46094 0.048057
5135.72314 0.046625
5138.98389 0.045236
5142.24609 0.04389
5145.50781 0.042582
5148.77002 0.041309
5152.03076 0.040064
5155.29297 0.038839
5158.55518 0.037633
5161.81689 0.036443
5165.07910 0.035268
5168.34082 0.034111
5171.60400 0.032977
5174.86621 0.031871
5178.12793 0.030805
5181.39111 0.029792
5184.65283 0.028848
5187.91602 0.027986
5191.17822 0.027209
5194.43994 0.026509
5197.70312 0.025867
5200.96582 0.025255
5204.22900 0.024641
5207.49121 0.023999
5210.75391 0.023317
5214.01709 0.022593
5217.27979 0.02184
5220.54297 0.021075
5223.80615 0.020319
5227.06885 0.019589
5230.33301 0.018895
5233.59619 0.018244
5236.85889 0.017636
5240.12207 0.017067
5243.38477 0.01653
5246.64893 0.016015
5249.91309 0.015511
5253.17578 0.015009
5256.43896 0.014503
5259.70312 0.013991
5262.96680 0.013477
5266.23096 0.012969
5269.49512 0.012481
5272.75781 0.012024
5276.02197 0.01161
5279.28711 0.011245
5282.54980 0.010927
5285.81396 0.010648
5289.07910 0.010393
5292.34277 0.010145
5295.60693 0.009886
5298.87207 0.009605
5302.13623 0.009297
5305.39990 0.008964
5308.66504 0.008617
5311.92920 0.008271
5315.19385 0.007939
5318.45801 0.007636
5321.72412 0.007372
5324.98779 0.007151
5328.25293 0.006978
5331.51807 0.006849
5334.78320 0.006758
5338.04785 0.006698
5341.31299 0.006656
5344.57812 0.00662
5347.84277 0.00658
5351.10791 0.006527
5354.37402 0.006457
5357.63916 0.006371
5360.90479 0.006275
5364.16992 0.006178
5367.43604 0.00609
5370.70117 0.006021
5373.96680 0.005972
5377.23193 0.005945
5380.49805 0.005931
5383.76416 0.005915
5387.02979 0.005885
5390.29590 0.005826
5393.56201 0.005731
5396.82812 0.005599
5400.09424 0.005438
5403.35986 0.005261
5406.62598 0.005088
5409.89307 0.004936
5413.15918 0.004821
5416.42480 0.00475
5419.69092 0.004725
5422.95801 0.00474
5426.22510 0.004785
5429.49121 0.004845
5432.75781 0.004909
5436.02490 0.004968
5439.29199 0.005012
5442.55908 0.005042
5445.82520 0.005056
5449.09180 0.005057
5452.35889 0.005052
5455.62598 0.005047
5458.89404 0.00505
5462.16113 0.005068
5465.42822 0.005105
5468.69482 0.005162
5471.96191 0.005234
5475.22998 0.005313
5478.49805 0.00539
5481.76514 0.005459
5485.03320 0.005519
5488.29980 0.005575
5491.56787 0.005634
5494.83594 0.005709
5498.10400 0.005809
5501.37207 0.005941
5504.64014 0.006107
5507.90820 0.006301
5511.17578 0.006516
5514.44385 0.006742
5517.71191 0.00697
5520.97998 0.007188
5524.24902 0.007394
5527.51709 0.007584
5530.78613 0.007761
5534.05420 0.007931
5537.32324 0.008101
5540.59082 0.008275
5543.85986 0.00846
5547.12793 0.008656
5550.39697 0.008862
5553.66699 0.009075
5556.93506 0.009287
5560.20410 0.009491
5563.47314 0.009681
5566.74219 0.009849
5570.01221 0.009994
5573.28076 0.010114
5576.54980 0.01021
5579.81885 0.010286
5583.08887 0.010342
5586.35791 0.010379
5589.62793 0.010398
5592.89697 0.010399
5596.16699 0.010382
5599.43701 0.010347
5602.70703 0.010295
5605.97705 0.010228
5609.24609 0.010148
5612.51611 0.010055
5615.78711 0.009947
5619.05713 0.009824
5622.32715 0.009682
5625.59717 0.009522
5628.86719 0.009346
5632.13721 0.009159
5635.40820 0.008972
5638.67822 0.008795
5641.94922 0.008635
5645.21924 0.008499
5648.49023 0.008387
5651.76123 0.008293
5655.03076 0.008211
5658.30176 0.00813
5661.57324 0.008045
5664.84424 0.00795
5668.11523 0.007845
5671.38623 0.007729
5674.65723 0.007603
5677.92920 0.007466
5681.20020 0.007315
5684.47119 0.007146
5687.74316 0.006958
5691.01416 0.00675
5694.28613 0.006523
5697.55713 0.006281
5700.82910 0.006027
5704.10107 0.005768
5707.37207 0.005509
5710.64404 0.005257
5713.91602 0.005021
5717.18799 0.004806
5720.45996 0.004618
5723.73193 0.004458
5727.00391 0.004321
5730.27588 0.004198
5733.54785 0.004076
6306.90283 0.0
