threeML/data/optical_filters/CAHA/CAHA-f_586_21.ecsv
# %ECSV 0.9
# ---
# datatype:
# - {name: wavelength, unit: Angstrom, datatype: float32}
# - {name: response, datatype: float32}
# meta: !!omap
# - {band_name: f_586_21}
# - {group_name: CAHA}
wavelength response
[from data line 807]
5801.81982 0.63284
5802.08008 0.629691
5802.33984 0.629995
5802.60010 0.62695
5802.85986 0.627151
5803.12012 0.62966
5803.39014 0.628272
5803.64990 0.628016
5803.91016 0.629818
5804.16992 0.626633
5804.43018 0.628274
5804.68994 0.626675
5804.95020 0.628795
5805.20996 0.624224
5805.47021 0.629276
5805.72998 0.628509
5805.99023 0.62646
5806.25000 0.630316
5806.50977 0.627019
5806.77002 0.628023
5807.04004 0.628643
5807.29980 0.62631
5807.56006 0.626794
5807.81982 0.626181
5808.08008 0.62624
5808.33984 0.626326
5808.60010 0.624682
5808.85986 0.627001
5809.12012 0.625497
5809.37988 0.624879
5809.64014 0.623384
5809.89990 0.625198
5810.16016 0.625934
5810.41992 0.622806
5810.68994 0.622678
5810.95020 0.622817
5811.20996 0.623425
5811.47021 0.622758
5811.72998 0.621229
5811.99023 0.62112
5812.25000 0.624661
5812.50977 0.621411
5812.77002 0.622402
5813.02979 0.620695
5813.29004 0.619635
5813.54980 0.620115
5813.81006 0.618928
5814.06982 0.620037
5814.33984 0.620945
5814.60010 0.618484
5814.85986 0.618855
5815.12012 0.618954
5815.37988 0.618819
5815.64014 0.61917
5815.89990 0.618551
5816.16016 0.619895
5816.41992 0.620186
5816.68018 0.617591
5816.93994 0.617704
5817.20020 0.615703
5817.45996 0.616051
5817.72021 0.617286
5817.97998 0.61662
5818.25000 0.615413
5818.50977 0.617258
5818.77002 0.615142
5819.02979 0.613753
5819.29004 0.61665
5819.54980 0.617458
5819.81006 0.615631
5820.06982 0.615164
5820.33008 0.615063
5820.58984 0.614829
5820.85010 0.611688
5821.10986 0.613165
5821.37012 0.611194
5821.62988 0.610313
5821.89990 0.612325
5822.16016 0.610703
5822.41992 0.609565
5822.68018 0.610372
5822.93994 0.608845
5823.20020 0.6103
5823.45996 0.608793
5823.72021 0.610679
5823.97998 0.60823
5824.24023 0.61001
5824.50000 0.608922
5824.75977 0.607898
5825.02002 0.604583
5825.27979 0.605711
5825.54980 0.606591
5825.81006 0.60702
5826.06982 0.606462
5826.33008 0.603835
5826.58984 0.608856
5826.85010 0.6051
5827.10986 0.604932
5827.37012 0.604576
5827.62988 0.6039
5827.89014 0.604344
5828.14990 0.600963
5828.41016 0.602502
5828.66992 0.601829
5828.93018 0.60552
5829.20020 0.603104
5829.45996 0.601771
5829.72021 0.602447
5829.97998 0.600803
5830.24023 0.604847
5830.50000 0.599927
5830.75977 0.599002
5831.02002 0.601247
5831.27979 0.600443
5831.54004 0.598111
5831.79980 0.597078
5832.06006 0.595284
5832.31982 0.596501
5832.58008 0.59894
5832.85010 0.59639
5833.10986 0.597512
5833.37012 0.597375
5833.62988 0.596009
5833.89014 0.594092
5834.14990 0.594219
5834.41016 0.594554
5834.66992 0.592812
5834.93018 0.595533
5835.18994 0.594074
5835.45020 0.591847
5835.70996 0.591371
5835.97021 0.589933
5836.22998 0.589992
5836.49023 0.59108
5836.75977 0.591214
5837.02002 0.589849
5837.27979 0.590707
5837.54004 0.589612
5837.79980 0.588431
5838.06006 0.586397
5838.31982 0.58796
5838.58008 0.584654
5838.83984 0.587992
5839.10010 0.589386
5839.35986 0.583937
5839.62012 0.585386
5839.87988 0.58667
5840.14014 0.585039
5840.41016 0.586192
5840.66992 0.583734
5840.93018 0.581137
5841.18994 0.587136
5841.45020 0.58505
5841.70996 0.5832
5841.97021 0.583423
5842.22998 0.584405
5842.49023 0.580086
5842.75000 0.582194
5843.00977 0.579276
5843.27002 0.57651
5843.52979 0.580069
5843.79004 0.579712
5844.06006 0.581224
5844.31982 0.579355
5844.58008 0.578379
5844.83984 0.57722
5845.10010 0.576446
5845.35986 0.577519
5845.62012 0.576949
5845.87988 0.573678
5846.14014 0.576606
5846.39990 0.574938
5846.66016 0.575026
5846.91992 0.576005
5847.18018 0.573855
5847.43994 0.573498
5847.70996 0.574596
5847.97021 0.574726
5848.22998 0.574526
5848.49023 0.575095
5848.75000 0.572904
5849.00977 0.571154
5849.27002 0.573045
5849.52979 0.571063
5849.79004 0.573878
5850.04980 0.571138
5850.31006 0.571148
5850.56982 0.569205
5850.83008 0.567715
5851.08984 0.569586
5851.35010 0.569512
5851.62012 0.569576
5851.87988 0.569398
5852.14014 0.567189
5852.39990 0.569552
5852.66016 0.567079
5852.91992 0.566604
5853.18018 0.567384
5853.43994 0.569173
5853.70020 0.568504
5853.95996 0.564949
5854.22021 0.56558
5854.47998 0.565793
5854.74023 0.565405
5855.00000 0.565355
5855.27002 0.563695
5855.52979 0.565387
5855.79004 0.563915
5856.04980 0.564282
5856.31006 0.563842
5856.56982 0.563033
5856.83008 0.561946
5857.08984 0.562642
5857.35010 0.561412
5857.60986 0.562123
5857.87012 0.561392
5858.12988 0.56209
5858.39014 0.561515
5858.64990 0.560499
5858.91992 0.560143
5859.18018 0.560595
5859.43994 0.558118
5859.70020 0.560447
5859.95996 0.560026
5860.22021 0.558924
5860.47998 0.560511
5860.74023 0.561824
5861.00000 0.560472
5861.25977 0.55856
5861.52002 0.561201
5861.77979 0.559285
5862.04004 0.55826
5862.29980 0.559396
5862.56006 0.557966
5862.83008 0.556534
5863.08984 0.557647
5863.35010 0.554897
5863.60986 0.558038
5863.87012 0.556926
5864.12988 0.555965
5864.39014 0.556095
5864.64990 0.555447
5864.91016 0.554157
5865.16992 0.555441
5865.43018 0.554157
5865.68994 0.5548
5865.95020 0.554371
5866.20996 0.554851
5866.47998 0.553335
5866.74023 0.553868
5867.00000 0.553661
5867.25977 0.553547
5867.52002 0.553023
5867.77979 0.554217
5868.04004 0.552258
5868.29980 0.551792
5868.56006 0.5505
5868.81982 0.553532
5869.08008 0.550158
5869.33984 0.552258
5869.60010 0.551216
5869.85986 0.553237
5870.12012 0.550605
5870.39014 0.551154
5870.64990 0.552371
5870.91016 0.550535
5871.16992 0.550995
5871.43018 0.54955
5871.68994 0.55037
5871.95020 0.550836
5872.20996 0.547945
5872.47021 0.549306
5872.72998 0.550563
5872.99023 0.550442
5873.25000 0.549011
5873.50977 0.549479
5873.77002 0.547244
5874.04004 0.546479
5874.29980 0.547198
5874.56006 0.547704
5874.81982 0.549303
5875.08008 0.546788
5875.33984 0.54978
5875.60010 0.544815
5875.85986 0.546275
5876.12012 0.547557
5876.37988 0.545157
5876.64014 0.544209
5876.89990 0.545828
5877.16016 0.546342
5877.41992 0.546028
5877.68994 0.543456
5877.95020 0.543052
5878.20996 0.546683
5878.47021 0.542779
5878.72998 0.542404
5878.99023 0.543412
5879.25000 0.544388
5879.50977 0.544056
5879.77002 0.545721
5880.02979 0.541645
5880.29004 0.542606
5880.54980 0.54242
5880.81006 0.54259
5881.06982 0.540909
5881.33008 0.542011
5881.60010 0.542788
5881.85986 0.541249
5882.12012 0.542795
5882.37988 0.541583
5882.64014 0.539299
5882.89990 0.541428
5883.16016 0.542013
5883.41992 0.53737
5883.68018 0.540286
5883.93994 0.537666
5884.20020 0.539136
5884.45996 0.537351
5884.72021 0.539243
5884.97998 0.536382
5885.25000 0.536447
5885.50977 0.53553
5885.77002 0.536512
5886.02979 0.536326
5886.29004 0.53569
5886.54980 0.537298
5886.81006 0.533813
5887.06982 0.533761
5887.33008 0.535091
5887.58984 0.534147
5887.85010 0.533722
5888.10986 0.535131
5888.37012 0.534787
5888.62988 0.53237
5888.89990 0.53225
5889.16016 0.531357
5889.41992 0.53103
5889.68018 0.531455
5889.93994 0.533565
5890.20020 0.530467
5890.45996 0.533308
5890.72021 0.531457
5890.97998 0.529501
5891.24023 0.53106
5891.50000 0.529416
5891.75977 0.528294
5892.02002 0.528768
5892.27979 0.528308
5892.54980 0.527586
5892.81006 0.526298
5893.06982 0.528699
5893.33008 0.527805
5893.58984 0.527615
5893.85010 0.528198
5894.10986 0.525165
5894.37012 0.526721
5894.62988 0.527296
5894.89014 0.524144
5895.14990 0.527726
5895.41016 0.524072
5895.66992 0.5237
5895.93018 0.522237
5896.20020 0.522689
5896.45996 0.524026
5896.72021 0.522631
5896.97998 0.521195
5897.24023 0.520184
5897.50000 0.52195
5897.75977 0.519568
5898.02002 0.522128
5898.27979 0.52092
5898.54004 0.520305
5898.79980 0.520202
5899.06006 0.516032
5899.31982 0.519179
5899.58008 0.518383
5899.83984 0.52076
5900.10986 0.518751
5900.37012 0.517277
5900.62988 0.518894
5900.89014 0.518339
5901.14990 0.516291
5901.41016 0.512789
5901.66992 0.513992
5901.93018 0.515637
5902.18994 0.515332
5902.45020 0.513601
5902.70996 0.512511
5902.97021 0.514282
5903.22998 0.513406
5903.49023 0.51218
5903.75977 0.511572
5904.02002 0.511235
5904.27979 0.512162
5904.54004 0.511235
5904.79980 0.509294
5905.06006 0.510186
5905.31982 0.508912
5905.58008 0.509224
5905.83984 0.508979
5906.10010 0.508216
5906.35986 0.507595
5906.62012 0.507922
5906.87988 0.508565
5907.14014 0.505434
5907.41016 0.50657
5907.66992 0.506406
5907.93018 0.507766
5908.18994 0.506937
5908.45020 0.504551
5908.70996 0.504286
5908.97021 0.504422
5909.22998 0.504808
5909.49023 0.502524
5909.75000 0.502662
5910.00977 0.503195
5910.27002 0.503058
5910.52979 0.499544
5910.79004 0.501
5911.06006 0.500269
5911.31982 0.50222
5911.58008 0.49833
5911.83984 0.499795
5912.10010 0.498022
5912.35986 0.49676
5912.62012 0.497573
5912.87988 0.497994
5913.14014 0.496184
5913.39990 0.496427
5913.66016 0.496716
5913.91992 0.494756
5914.18018 0.492659
5914.43994 0.493974
5914.70020 0.495033
5914.97021 0.49356
5915.22998 0.494565
5915.49023 0.491972
5915.75000 0.492306
5916.00977 0.493212
5916.27002 0.491875
5916.52979 0.48901
5916.79004 0.490395
5917.04980 0.490449
5917.31006 0.48874
5917.56982 0.490007
5917.83008 0.487757
5918.08984 0.488129
5918.35010 0.484586
5918.62012 0.486799
5918.87988 0.487355
5919.14014 0.486216
5919.39990 0.487393
5919.66016 0.483318
5919.91992 0.48416
5920.18018 0.484069
5920.43994 0.485143
5920.70020 0.484601
5920.95996 0.483337
5921.22021 0.483225
5921.47998 0.482619
5921.74023 0.481546
5922.00000 0.480753
5922.27002 0.480214
5922.52979 0.479434
5922.79004 0.479507
5923.04980 0.477779
5923.31006 0.479439
5923.56982 0.476852
5923.83008 0.479153
5924.08984 0.47678
5924.35010 0.477558
5924.60986 0.475889
5924.87012 0.475484
5925.12988 0.474746
5925.39014 0.475758
5925.64990 0.474046
5925.91992 0.473718
5926.18018 0.473163
5926.43994 0.471867
5926.70020 0.47245
5926.95996 0.472384
5927.22021 0.470745
5927.47998 0.469116
5927.74023 0.470525
5928.00000 0.469621
5928.25977 0.468187
5928.52002 0.467933
5928.77979 0.46825
5929.04004 0.467675
5929.29980 0.468706
5929.56006 0.467594
5929.83008 0.465738
5930.08984 0.46494
5930.35010 0.464152
5930.60986 0.465312
5930.87012 0.464231
5931.12988 0.463768
5931.39014 0.462571
5931.64990 0.463658
5931.91016 0.460753
5932.16992 0.45973
5932.43018 0.460375
5932.68994 0.460623
5932.95020 0.459028
5933.20996 0.458314
5933.47998 0.457109
5933.74023 0.456391
5934.00000 0.457397
5934.25977 0.456215
5934.52002 0.456899
5934.77979 0.455489
5935.04004 0.454459
5935.29980 0.45371
5935.56006 0.454321
5935.81982 0.452517
5936.08008 0.450135
5936.33984 0.450937
5936.60010 0.448885
5936.85986 0.449128
5937.12012 0.449389
5937.39014 0.447596
5937.64990 0.448086
5937.91016 0.446326
5938.16992 0.44614
5938.43018 0.44372
5938.68994 0.442972
5938.95020 0.443188
5939.20996 0.442639
5939.47021 0.439955
5939.72998 0.440111
5939.99023 0.43784
5940.25000 0.438204
5940.50977 0.43632
5940.77002 0.43634
5941.04004 0.435554
5941.29980 0.434804
5941.56006 0.434589
5941.81982 0.433879
5942.08008 0.431567
5942.33984 0.430973
5942.60010 0.430614
5942.85986 0.430675
5943.12012 0.427812
5943.37988 0.427614
5943.64014 0.424907
5943.89990 0.423966
5944.16016 0.423223
5944.41992 0.422712
5944.68994 0.420425
5944.95020 0.421368
5945.20996 0.418153
5945.47021 0.418115
5945.72998 0.415681
5945.99023 0.41564
5946.25000 0.41305
5946.50977 0.41058
5946.77002 0.411121
5947.02979 0.411316
5947.29004 0.408549
5947.54980 0.406396
5947.81006 0.405385
5948.06982 0.401361
5948.33008 0.40268
5948.60010 0.400467
5948.85986 0.400601
5949.12012 0.397409
5949.37988 0.396903
5949.64014 0.395414
5949.89990 0.394644
5950.16016 0.392854
5950.41992 0.39139
5950.68018 0.389785
5950.93994 0.387488
5951.20020 0.385838
5951.45996 0.384386
5951.72021 0.383455
5951.97998 0.381783
5952.25000 0.382469
5952.50977 0.38053
5952.77002 0.379037
5953.02979 0.376224
5953.29004 0.373388
5953.54980 0.370974
5953.81006 0.368282
5954.06982 0.368506
5954.33008 0.368068
5954.58984 0.367383
5954.85010 0.363395
5955.10986 0.3616
5955.37012 0.360313
5955.62988 0.359366
5955.89990 0.358061
5956.16016 0.356388
5956.41992 0.354111
5956.68018 0.353036
5956.93994 0.350654
5957.20020 0.349586
5957.45996 0.346955
5957.72021 0.344825
5957.97998 0.344388
5958.24023 0.342586
5958.50000 0.341398
5958.75977 0.339257
5959.02002 0.337046
5959.27979 0.334885
5959.54980 0.331794
5959.81006 0.329725
5960.06982 0.328634
5960.33008 0.327418
5960.58984 0.326265
5960.85010 0.325452
5961.10986 0.322586
5961.37012 0.321855
5961.62988 0.318891
5961.89014 0.317288
5962.14990 0.313011
5962.41016 0.313355
5962.66992 0.312213
5962.93018 0.310485
5963.18994 0.307354
5963.45996 0.305451
5963.72021 0.303712
5963.97998 0.302886
5964.24023 0.300132
5964.50000 0.298952
5964.75977 0.296348
5965.02002 0.295348
5965.27979 0.293695
5965.54004 0.291759
5965.79980 0.289726
5966.06006 0.286548
5966.31982 0.28763
5966.58008 0.284856
5966.83984 0.282374
5967.10986 0.281398
5967.37012 0.279532
5967.62988 0.276754
5967.89014 0.276029
5968.14990 0.273975
5968.41016 0.272159
5968.66992 0.271006
5968.93018 0.268528
5969.18994 0.268188
5969.45020 0.265878
5969.70996 0.263828
5969.97021 0.261944
5970.22998 0.259403
5970.49023 0.258643
5970.75977 0.256292
5971.02002 0.255003
5971.27979 0.254574
5971.54004 0.251957
5971.79980 0.25036
5972.06006 0.24775
5972.31982 0.245306
5972.58008 0.245313
5972.83984 0.244042
5973.10010 0.242183
5973.35986 0.240199
5973.62012 0.240017
5973.87988 0.235786
5974.14014 0.233793
5974.41016 0.234002
5974.66992 0.232298
5974.93018 0.229924
5975.18994 0.228526
5975.45020 0.227778
5975.70996 0.22587
5975.97021 0.22672
5976.22998 0.222778
5976.49023 0.221106
5976.75000 0.220571
5977.00977 0.218785
5977.27002 0.217355
5977.52979 0.215342
5977.79004 0.216244
5978.04980 0.212826
5978.31982 0.211515
5978.58008 0.211999
5978.83984 0.209213
5979.10010 0.209241
5979.35986 0.20599
5979.62012 0.204247
5979.87988 0.204574
5980.14014 0.202363
5980.39990 0.199932
5980.66016 0.199105
5980.91992 0.199921
5981.18018 0.196982
5981.43994 0.19544
5981.70020 0.194162
5981.97021 0.193991
5982.22998 0.191111
5982.49023 0.191729
5982.75000 0.190119
5983.00977 0.18886
5983.27002 0.188032
5983.52979 0.186516
5983.79004 0.186947
5984.04980 0.18336
5984.31006 0.182515
5984.56982 0.181573
5984.83008 0.181074
5985.08984 0.179109
5985.35010 0.178434
5985.62012 0.177124
5985.87988 0.175809
5986.14014 0.175893
5986.39990 0.173884
5986.66016 0.174433
5986.91992 0.171846
5987.18018 0.170547
5987.43994 0.17033
5987.70020 0.168681
5987.95996 0.168649
5988.22021 0.165659
5988.47998 0.16544
5988.74023 0.164151
5989.00000 0.164668
5989.27002 0.161546
5989.52979 0.161467
5989.79004 0.160515
5990.04980 0.160329
5990.31006 0.157451
5990.56982 0.158504
5990.83008 0.156659
5991.08984 0.156228
5991.35010 0.154223
5991.60986 0.154063
5991.87012 0.1529
5992.12988 0.151621
5992.39014 0.151014
5992.64990 0.149925
5992.91992 0.148957
5993.18018 0.148213
5993.43994 0.147137
5993.70020 0.146907
5993.95996 0.146094
5994.22021 0.144439
5994.47998 0.143676
5994.74023 0.143154
5995.00000 0.141172
5995.25977 0.140879
5995.52002 0.140125
5995.77979 0.138943
5996.04004 0.138514
5996.29980 0.138026
5996.56006 0.137482
5996.83008 0.13555
5997.08984 0.134939
5997.35010 0.133311
5997.60986 0.132958
5997.87012 0.132108
5998.12988 0.131873
5998.39014 0.131679
5998.64990 0.131054
5998.91016 0.129485
5999.16992 0.129845
5999.43018 0.128095
5999.68994 0.127234
5999.95020 0.127201
6000.20996 0.126425
6000.47998 0.124777
6000.74023 0.123973
6001.00000 0.123563
6001.25977 0.123232
6001.52002 0.123285
6001.77979 0.121391
6002.04004 0.121512
6002.29980 0.12017
6002.56006 0.119926
6002.81982 0.118861
6003.08008 0.117774
6003.33984 0.117461
6003.60010 0.117493
6003.85986 0.116044
6004.12012 0.115555
6004.39014 0.114716
6004.64990 0.114098
6004.91016 0.113239
6005.16992 0.113309
6005.43018 0.112904
6005.68994 0.11129
6005.95020 0.109783
6006.20996 0.11061
6006.47021 0.108542
6006.72998 0.107617
6006.99023 0.108042
6007.25000 0.106302
6007.50977 0.106209
6007.77002 0.10522
6008.04004 0.104451
6008.29980 0.103232
6008.56006 0.103453
6008.81982 0.102199
6009.08008 0.101651
6009.33984 0.101068
6009.60010 0.099901
6009.85986 0.099269
6010.12012 0.099558
6010.37988 0.097683
6010.64014 0.096785
6010.89990 0.096116
6011.16016 0.096353
