threeML/data/optical_filters/CAHA/CAHA-f_408_4.ecsv
# %ECSV 0.9
# ---
# datatype:
# - {name: wavelength, unit: Angstrom, datatype: float32}
# - {name: response, datatype: float32}
# meta: !!omap
# - {band_name: f_408_4}
# - {group_name: CAHA}
wavelength response
3555.81885 0.0
3950.90991 0.007908
3951.16992 0.0
3951.42993 0.0
3951.68994 0.0
3951.94995 0.005064
3952.19995 0.0
3952.45996 0.0
3952.71997 0.0
3952.97998 0.0
3953.23999 0.0
3953.50000 0.001687
3953.76001 0.002051
3954.02002 0.0
3954.28003 0.006516
3954.54004 0.0
3954.80005 0.002585
3955.06006 0.011638
3955.31006 0.0
3955.57007 0.0
3955.83008 0.0
3956.09009 0.007334
3956.35010 0.0
3956.61011 0.0
3956.87012 0.0
3957.12988 0.005905
3957.38989 0.0
3957.64990 0.0
3957.90991 0.0
3958.16992 0.0
3958.42993 0.00023
3958.67993 0.0
3958.93994 0.010278
3959.19995 0.0
3959.45996 0.005639
3959.71997 0.0
3959.97998 0.003328
3960.23999 0.012301
3960.50000 0.001526
3960.76001 0.0
3961.02002 0.001237
3961.28003 0.002952
3961.54004 0.0
3961.79004 0.003794
3962.05005 0.001988
3962.31006 0.0
3962.57007 0.0
3962.83008 0.0
3963.09009 0.0
3963.35010 0.0
3963.61011 0.010399
3963.87012 0.0
3964.12988 0.0005
3964.38989 0.000503
3964.64990 0.0
3964.90991 0.0
3965.15991 0.006299
3965.41992 0.00761
3965.67993 0.0
3965.93994 0.0
3966.19995 0.0014
3966.45996 0.002521
3966.71997 0.003771
3966.97998 0.001125
3967.23999 0.002941
3967.50000 0.002161
3967.76001 0.004121
3968.02002 0.011345
3968.27002 0.000224
3968.53003 0.001428
3968.79004 0.001553
3969.05005 0.0
3969.31006 0.004346
3969.57007 0.0
3969.83008 0.0
3970.09009 0.0
3970.35010 0.0
3970.61011 0.004333
3970.87012 0.0
3971.12988 0.001826
3971.38989 0.002134
3971.63989 0.0
3971.89990 0.000312
3972.15991 0.0
3972.41992 0.006907
3972.67993 0.011975
3972.93994 0.0
3973.19995 0.001386
3973.45996 0.0
3973.71997 0.001312
3973.97998 0.0
3974.23999 0.001661
3974.50000 0.0
3974.75000 0.008641
3975.01001 0.005309
3975.27002 0.002159
3975.53003 0.0
3975.79004 0.003207
3976.05005 0.0
3976.31006 0.0
3976.57007 0.007595
3976.83008 0.004487
3977.09009 0.0
3977.35010 0.004117
3977.61011 0.0
3977.87012 0.005352
3978.12012 0.0
3978.37988 0.0
3978.63989 0.005019
3978.89990 0.0
3979.15991 0.007394
3979.41992 0.0
3979.67993 0.0
3979.93994 0.0
3980.19995 0.0
3980.45996 0.0
3980.71997 0.000512
3980.97998 0.002515
3981.22998 0.021784
3981.48999 0.002242
3981.75000 0.005468
3982.01001 0.007626
3982.27002 0.0
3982.53003 0.0
3982.79004 0.0
3983.05005 0.0
3983.31006 0.0
3983.57007 0.011372
3983.83008 0.0
3984.09009 0.006508
3984.35010 0.0
3984.60010 0.0
3984.86011 0.002948
3985.12012 0.00387
3985.37988 0.0
3985.63989 0.0
3985.89990 0.001164
3986.15991 0.0
3986.41992 0.004142
3986.67993 0.007401
3986.93994 0.006749
3987.19995 0.0
3987.45996 0.002302
3987.70996 0.002457
3987.96997 0.0
3988.22998 0.0
3988.48999 0.0
3988.75000 0.006139
3989.01001 0.0
3989.27002 0.0
3989.53003 0.0
3989.79004 0.0
3990.05005 0.004252
3990.31006 0.004183
3990.57007 0.0
3990.83008 0.0
3991.08008 0.00201
3991.34009 0.0
3991.60010 0.0
3991.86011 0.018615
3992.12012 0.005317
3992.37988 0.001325
3992.63989 0.0
3992.89990 0.00372
3993.15991 0.0
3993.41992 0.006842
3993.67993 0.0
3993.93994 0.00407
3994.18994 0.0
3994.44995 0.0
3994.70996 0.0
3994.96997 0.007655
3995.22998 0.002701
3995.48999 0.0
3995.75000 0.0
3996.01001 0.0
3996.27002 0.0
3996.53003 0.0
3996.79004 0.0
3997.05005 0.003968
3997.31006 0.000394
3997.56006 0.013829
3997.82007 0.0
3998.08008 0.001931
3998.34009 0.00392
3998.60010 0.0
3998.86011 0.002022
3999.12012 0.0
3999.37988 0.0
3999.63989 0.000181
3999.89990 0.0
4000.15991 0.0
4000.41992 0.005018
4000.66992 0.008189
4000.92993 0.003534
4001.18994 0.0
4001.44995 0.0
4001.70996 0.0
4001.96997 0.005815
4002.22998 0.012756
4002.48999 0.0
4002.75000 0.016385
4003.01001 0.0
4003.27002 0.0
4003.53003 0.000855
4003.79004 0.000602
4004.04004 0.0
4004.30005 0.003574
4004.56006 0.001861
4004.82007 0.008012
4005.08008 0.002538
4005.34009 0.0
4005.60010 0.001464
4005.86011 0.002668
4006.12012 0.002618
4006.37988 0.0
4006.63989 0.0
4006.89990 0.001001
4007.14990 0.008521
4007.40991 0.0077
4007.66992 0.0
4007.92993 0.007757
4008.18994 0.0
4008.44995 0.0
4008.70996 0.003126
4008.96997 0.0
4009.22998 0.0
4009.48999 0.0
4009.75000 0.0
4010.01001 0.00067
4010.27002 0.0
4010.52002 0.0
4010.78003 0.0
4011.04004 0.0
4011.30005 0.0
4011.56006 0.0
4011.82007 0.002836
4012.08008 0.0
4012.34009 0.0
4012.60010 0.005249
4012.86011 0.0
4013.12012 0.0
4013.37988 0.0
4013.62988 0.005425
4013.88989 0.0
4014.14990 0.0
4014.40991 0.004886
4014.66992 0.0
4014.92993 0.005533
4015.18994 0.0
4015.44995 0.0
4015.70996 0.007556
4015.96997 0.004521
4016.22998 0.0
4016.48999 0.011832
4016.75000 0.0
4017.00000 0.0
4017.26001 0.0
4017.52002 0.0
4017.78003 0.0
4018.04004 0.0
4018.30005 0.0
4018.56006 0.001108
4018.82007 0.001676
4019.08008 0.0
4019.34009 0.006978
4019.60010 0.0
4019.86011 0.000567
4020.11011 0.007178
4020.37012 0.0
4020.62988 0.0
4020.88989 0.002649
4021.14990 0.0
4021.40991 0.009641
4021.66992 0.0
4021.92993 0.002873
4022.18994 0.015298
4022.44995 0.0
4022.70996 0.000255
4022.96997 0.005982
4023.22998 0.004148
4023.47998 0.00302
4023.73999 0.004573
4024.00000 0.0
4024.26001 0.007855
4024.52002 0.0
4024.78003 0.003753
4025.04004 0.00132
4025.30005 0.001779
4025.56006 0.003762
4025.82007 0.0
4026.08008 0.004475
4026.34009 0.000314
4026.59009 0.003408
4026.85010 0.007991
4027.11011 0.0055
4027.37012 0.0
4027.62988 0.0
4027.88989 0.003133
4028.14990 0.0
4028.40991 0.0
4028.66992 0.002296
4028.92993 0.0
4029.18994 0.0
4029.44995 0.002245
4029.70996 0.0
4029.95996 0.001212
4030.21997 0.0
4030.47998 0.0
4030.73999 0.005591
4031.00000 0.008032
4031.26001 0.003086
4031.52002 0.003426
4031.78003 0.00214
4032.04004 0.0
4032.30005 0.004712
4032.56006 0.001322
4032.82007 0.003264
4033.07007 0.007188
4033.33008 0.006134
4033.59009 0.0
4033.85010 0.007062
4034.11011 0.0
4034.37012 0.0
4034.62988 0.010739
4034.88989 0.0
4035.14990 0.002682
4035.40991 0.0
4035.66992 0.001456
4035.92993 0.0
4036.18994 0.0
4036.43994 0.003751
4036.69995 0.004672
4036.95996 0.001557
4037.21997 0.0
4037.47998 0.004415
4037.73999 0.010123
4038.00000 5.9e-05
4038.26001 0.004267
4038.52002 0.012408
4038.78003 0.0
4039.04004 0.000764
4039.30005 0.002224
4039.55005 0.005987
4039.81006 0.0
4040.07007 0.008331
4040.33008 0.006043
4040.59009 0.000457
4040.85010 0.008585
4041.11011 0.003329
4041.37012 0.003297
4041.62988 0.007917
4041.88989 0.0
4042.14990 0.00319
4042.40991 0.009055
4042.66992 0.0
4042.91992 0.00656
4043.17993 0.00112
4043.43994 0.0
4043.69995 0.005833
4043.95996 0.000941
4044.21997 0.006493
4044.47998 0.011712
4044.73999 0.011961
4045.00000 0.014163
4045.26001 0.005313
4045.52002 0.001041
4045.78003 0.007787
4046.03003 0.004317
4046.29004 0.004547
4046.55005 0.014409
4046.81006 0.004268
4047.07007 0.0
4047.33008 0.018295
4047.59009 0.009351
4047.85010 0.00408
4048.11011 0.0005
4048.37012 0.00889
4048.62988 0.007347
4048.88989 0.000153
4049.14990 0.0107
4049.39990 0.010634
4049.65991 0.012918
4049.91992 0.017771
4050.17993 0.00717
4050.43994 0.013469
4050.69995 0.012085
4050.95996 0.012476
4051.21997 0.009068
4051.47998 0.015731
4051.73999 0.012805
4052.00000 0.011713
4052.26001 0.008414
4052.51001 0.010119
4052.77002 0.014569
4053.03003 0.020352
4053.29004 0.018759
4053.55005 0.017347
4053.81006 0.018343
4054.07007 0.019867
4054.33008 0.021682
4054.59009 0.020566
4054.85010 0.027228
4055.11011 0.021332
4055.37012 0.021931
4055.62988 0.025232
4055.87988 0.025264
4056.13989 0.024686
4056.39990 0.029259
4056.65991 0.032726
4056.91992 0.028799
4057.17993 0.028349
4057.43994 0.033663
4057.69995 0.032696
4057.95996 0.042785
4058.21997 0.04843
4058.47998 0.042536
4058.73999 0.037083
4058.98999 0.046343
4059.25000 0.050642
4059.51001 0.058184
4059.77002 0.056616
4060.03003 0.06277
4060.29004 0.066332
4060.55005 0.060087
4060.81006 0.056369
4061.07007 0.071312
4061.33008 0.071476
4061.59009 0.071864
4061.85010 0.091187
4062.11011 0.085185
4062.36011 0.080766
4062.62012 0.087909
4062.87988 0.093073
4063.13989 0.101947
4063.39990 0.099505
4063.65991 0.101651
4063.91992 0.109449
4064.17993 0.107136
4064.43994 0.119253
4064.69995 0.119681
4064.95996 0.127877
4065.21997 0.121751
4065.46997 0.114848
4065.72998 0.135799
4065.98999 0.133262
4066.25000 0.138028
4066.51001 0.152982
4066.77002 0.145038
4067.03003 0.154306
4067.29004 0.150291
4067.55005 0.164026
4067.81006 0.165112
4068.07007 0.167704
4068.33008 0.18515
4068.59009 0.171461
4068.84009 0.177249
4069.10010 0.184136
4069.36011 0.197522
4069.62012 0.184597
4069.87988 0.195349
4070.13989 0.200855
4070.39990 0.190915
4070.65991 0.199106
4070.91992 0.201809
4071.17993 0.211854
4071.43994 0.197169
4071.69995 0.210509
4071.94995 0.205166
4072.20996 0.214685
4072.46997 0.210902
4072.72998 0.210117
4072.98999 0.229323
4073.25000 0.219646
4073.51001 0.224076
4073.77002 0.218629
4074.03003 0.225383
4074.29004 0.227373
4074.55005 0.219105
4074.81006 0.240407
4075.07007 0.223684
4075.32007 0.222054
4075.58008 0.221229
4075.84009 0.231983
4076.10010 0.216379
4076.36011 0.234799
4076.62012 0.229134
4076.87988 0.220788
4077.13989 0.232582
4077.39990 0.227879
4077.65991 0.228968
4077.91992 0.229877
4078.17993 0.233774
4078.42993 0.242178
4078.68994 0.246222
4078.94995 0.248854
4079.20996 0.238369
4079.46997 0.242326
4079.72998 0.23481
4079.98999 0.229454
4080.25000 0.244146
4080.51001 0.245754
4080.77002 0.240189
4081.03003 0.245485
4081.29004 0.24911
4081.55005 0.260246
4081.80005 0.239479
4082.06006 0.255318
4082.32007 0.247432
4082.58008 0.239735
4082.84009 0.257261
4083.10010 0.257566
4083.36011 0.259036
4083.62012 0.2491
4083.87988 0.241142
4084.13989 0.255809
4084.39990 0.250674
4084.65991 0.254392
4084.90991 0.248208
4085.16992 0.255052
4085.42993 0.246053
4085.68994 0.2552
4085.94995 0.263691
4086.20996 0.258007
4086.46997 0.259178
4086.72998 0.254449
4086.98999 0.250588
4087.25000 0.250696
4087.51001 0.256044
4087.77002 0.237214
4088.03003 0.26486
4088.28003 0.257883
4088.54004 0.251478
4088.80005 0.256809
4089.06006 0.245436
4089.32007 0.250814
4089.58008 0.261181
4089.84009 0.2558
4090.10010 0.261155
4090.36011 0.264335
4090.62012 0.253561
4090.87988 0.258608
4091.13989 0.24659
4091.38989 0.246021
4091.64990 0.244147
4091.90991 0.249693
4092.16992 0.252833
4092.42993 0.247365
4092.68994 0.252274
4092.94995 0.242474
4093.20996 0.240817
4093.46997 0.239163
4093.72998 0.245049
4093.98999 0.254817
4094.25000 0.241791
4094.51001 0.23336
4094.76001 0.233381
4095.02002 0.235007
4095.28003 0.245657
4095.54004 0.237104
4095.80005 0.235055
4096.06006 0.241779
4096.31982 0.230953
4096.58008 0.23219
4096.83984 0.223758
4097.10010 0.224148
4097.35986 0.220938
4097.62012 0.220827
4097.87988 0.223777
4098.12988 0.225388
4098.39014 0.225317
4098.64990 0.20592
4098.91016 0.216787
4099.16992 0.215555
4099.43018 0.218032
4099.68994 0.204212
4099.95020 0.199719
4100.20996 0.186096
4100.47021 0.202903
4100.72998 0.198437
4100.99023 0.18503
4101.24023 0.18905
4101.50000 0.188466
4101.75977 0.181557
4102.02002 0.180514
4102.27979 0.179101
4102.54004 0.171854
4102.79980 0.177198
4103.06006 0.16048
4103.31982 0.159114
4103.58008 0.160112
4103.83984 0.167582
4104.10010 0.159388
4104.35010 0.144763
4104.60986 0.133363
4104.87012 0.14037
4105.12988 0.129811
4105.39014 0.128636
4105.64990 0.131014
4105.91016 0.118329
4106.16992 0.119731
4106.43018 0.123746
4106.68994 0.113836
4106.95020 0.105843
4107.20996 0.10609
4107.47021 0.098866
4107.72021 0.096066
4107.97998 0.097314
4108.24023 0.088976
4108.50000 0.085928
4108.75977 0.07852
4109.02002 0.080768
4109.27979 0.087233
4109.54004 0.071983
4109.79980 0.07069
4110.06006 0.067905
4110.31982 0.067436
4110.58008 0.062138
4110.83008 0.057527
4111.08984 0.059917
4111.35010 0.056712
4111.60986 0.059366
4111.87012 0.068627
4112.12988 0.052797
4112.39014 0.058606
4112.64990 0.043873
4112.91016 0.041025
4113.16992 0.046745
4113.43018 0.044389
4113.68994 0.04338
4113.95020 0.035653
4114.20020 0.039306
4114.45996 0.039918
4114.72021 0.033841
4114.97998 0.036553
4115.24023 0.035484
4115.50000 0.031819
4115.75977 0.027548
4116.02002 0.030882
4116.27979 0.034027
4116.54004 0.025207
4116.79980 0.025064
4117.06006 0.02508
4117.31006 0.024646
4117.56982 0.018009
4117.83008 0.021697
4118.08984 0.018973
4118.35010 0.017379
4118.60986 0.013052
4118.87012 0.018155
4119.12988 0.021447
4119.39014 0.011996
4119.64990 0.0211
4119.91016 0.014559
4120.16992 0.015776
4120.43018 0.013492
4120.68018 0.01154
4120.93994 0.012389
4121.20020 0.020445
4121.45996 0.01144
4121.72021 0.007528
4121.97998 0.013435
4122.24023 0.008284
4122.50000 0.005042
4122.75977 0.018209
4123.02002 0.01867
4123.27979 0.013696
4123.54004 0.011371
4123.79004 0.007564
4124.04980 0.010044
4124.31006 0.00604
4124.56982 0.008338
4537.02686 0.0
