threeML/data/optical_filters/CAHA/CAHA-f_451_73.ecsv
# %ECSV 0.9
# ---
# datatype:
# - {name: wavelength, unit: Angstrom, datatype: float32}
# - {name: response, datatype: float32}
# meta: !!omap
# - {band_name: f_451_73}
# - {group_name: CAHA}
wavelength response
2708.72998 0.0
3009.69995 0.004024
3011.76001 0.004118
3013.82007 0.004246
3015.87988 0.004257
3017.93994 0.004493
3020.00000 0.00472
3022.06006 0.004848
3024.12012 0.004873
3026.17993 0.004782
3028.23999 0.00498
3030.30005 0.005186
3032.36011 0.005299
3034.41992 0.005351
3036.47998 0.005672
3038.54004 0.005792
3040.60010 0.005637
3042.65991 0.005637
3044.71997 0.005624
3046.78003 0.00583
3048.84009 0.005818
3050.89990 0.005751
3052.95996 0.005833
3055.02002 0.005784
3057.08008 0.005786
3059.13989 0.005757
3061.19995 0.005623
3063.26001 0.005575
3065.32007 0.005403
3067.37988 0.00534
3069.43994 0.005704
3071.50000 0.005549
3073.56006 0.005724
3075.62012 0.005735
3077.67993 0.006013
3079.73999 0.005947
3081.80005 0.005921
3083.86011 0.006077
3085.91992 0.006227
3087.97998 0.006096
3090.04004 0.006021
3092.10010 0.006063
3094.15991 0.005891
3096.21997 0.005786
3098.28003 0.005822
3100.34009 0.005833
3102.39990 0.00603
3104.45996 0.005972
3106.52002 0.00618
3108.58008 0.006196
3110.63989 0.006239
3112.69995 0.005872
3114.76001 0.005876
3116.82007 0.005631
3118.87988 0.005608
3120.93994 0.005451
3123.00000 0.005486
3125.06006 0.005305
3127.12012 0.005147
3129.17993 0.00511
3131.23999 0.004902
3133.30005 0.004805
3135.36011 0.004795
3137.41992 0.004905
3139.47998 0.004956
3141.54004 0.004932
3143.60010 0.005139
3145.65991 0.005174
3147.71997 0.005181
3149.78003 0.005034
3151.84009 0.005037
3153.89990 0.005156
3155.95996 0.005429
3158.02002 0.005472
3160.08008 0.00556
3162.13989 0.005396
3164.19995 0.00525
3166.26001 0.00524
3168.32007 0.005358
3170.37988 0.005673
3172.43994 0.005788
3174.50000 0.005939
3176.56006 0.005831
3178.62012 0.005644
3180.67993 0.005453
3182.73999 0.005446
3184.80005 0.005501
3186.86011 0.005167
3188.91992 0.004699
3190.97998 0.004602
3193.04004 0.004584
3195.10010 0.0049
3197.15991 0.004674
3199.21997 0.004629
3201.28003 0.004795
3203.34009 0.004789
3205.39990 0.005136
3207.45996 0.005373
3209.52002 0.005307
3211.58008 0.00549
3213.63989 0.005391
3215.69995 0.005274
3217.76001 0.005264
3219.82007 0.00576
3221.87988 0.006258
3223.93994 0.006688
3226.00000 0.006757
3228.06006 0.006746
3230.12012 0.006743
3232.17993 0.007046
3234.23999 0.007187
3236.30005 0.007125
3238.36011 0.006735
3240.41992 0.006719
3242.47998 0.006702
3244.54004 0.006491
3246.60010 0.006503
3248.65991 0.006432
3250.71997 0.006235
3252.78003 0.006228
3254.84009 0.005974
3256.89990 0.005627
3258.95996 0.005622
3261.02002 0.00573
3263.08008 0.005555
3265.13989 0.005442
3267.19995 0.005296
3269.26001 0.005211
3271.32007 0.005268
3273.37988 0.005447
3275.43994 0.005634
3277.50000 0.005694
3279.56006 0.005931
3281.62012 0.005991
3283.67993 0.006106
3285.73999 0.006312
3287.80005 0.006501
3289.86011 0.006596
3291.91992 0.006726
3293.97998 0.006964
3296.04004 0.006973
3298.10010 0.007021
3300.15991 0.007159
3302.21997 0.007172
3304.28003 0.007286
3306.34009 0.007183
3308.39990 0.007106
3310.45996 0.006976
3312.52002 0.006849
3314.58008 0.006877
3316.63989 0.00664
3318.69995 0.006294
3320.76001 0.006085
3322.82007 0.005803
3324.87988 0.005736
3326.93994 0.005675
3329.00000 0.005497
3331.06006 0.005271
3333.12012 0.005281
3335.17993 0.005233
3337.23999 0.005197
3339.30005 0.005188
3341.36011 0.005186
3343.41992 0.005353
3345.47998 0.005378
3347.54004 0.005495
3349.60010 0.0053
3351.65991 0.005328
3353.71997 0.005469
3355.78003 0.005562
3357.84009 0.005574
3359.89990 0.005963
3361.95996 0.006363
3364.02002 0.006614
3366.08008 0.006752
3368.13989 0.006886
3370.19995 0.006674
3372.26001 0.006743
3374.32007 0.007181
3376.37988 0.006938
3378.43994 0.006965
3380.50000 0.006843
3382.56006 0.006685
3384.62012 0.006606
3386.67993 0.006435
3388.73999 0.006492
3390.80005 0.006139
3392.86011 0.00633
3394.91992 0.006393
3396.97998 0.006356
3399.04004 0.006767
3401.10010 0.006615
3403.15991 0.006541
3405.21997 0.006365
3407.28003 0.006193
3409.34009 0.006054
3411.39990 0.006098
3413.45996 0.006489
3415.52002 0.006563
3417.58008 0.006523
3419.63989 0.006545
3421.69995 0.006549
3423.76001 0.006835
3425.82007 0.007318
3427.87988 0.007574
3429.93994 0.00773
3432.00000 0.007587
3434.06006 0.007795
3436.12012 0.007595
3438.17993 0.007392
3440.23999 0.007415
3442.30005 0.006951
3444.36011 0.007105
3446.41992 0.007061
3448.47998 0.007076
3450.54004 0.007266
3452.60010 0.007212
3454.65991 0.007207
3456.71997 0.007101
3458.78003 0.007089
3460.84009 0.00699
3462.89990 0.007102
3464.95996 0.007228
3467.02002 0.007296
3469.08008 0.007008
3471.13989 0.006689
3473.19995 0.006724
3475.26001 0.006887
3477.32007 0.007005
3479.37988 0.007184
3481.43994 0.007273
3483.50000 0.007339
3485.56006 0.00774
3487.62012 0.007893
3489.67993 0.007994
3491.73999 0.008048
3493.80005 0.007986
3495.86011 0.008098
3497.91992 0.00806
3499.97998 0.008017
3502.04004 0.007931
3504.10010 0.007985
3506.15991 0.008037
3508.21997 0.007765
3510.28003 0.007446
3512.34009 0.007447
3514.39990 0.007554
3516.45996 0.007593
3518.52002 0.007667
3520.58008 0.007463
3522.63989 0.007387
3524.69995 0.007485
3526.76001 0.007211
3528.82007 0.006657
3530.87988 0.006343
3532.93994 0.006385
3535.00000 0.006563
3537.06006 0.00646
3539.12012 0.006406
3541.17993 0.006576
3543.23999 0.006536
3545.30005 0.00666
3547.36011 0.00663
3549.41992 0.006577
3551.47998 0.006761
3553.54004 0.007083
3555.60010 0.007404
3557.65991 0.007226
3559.71997 0.006845
3561.78003 0.006824
3563.84009 0.006887
3565.89990 0.007128
3567.95996 0.007506
3570.02002 0.007754
3572.08008 0.008037
3574.13989 0.0082
3576.19995 0.008063
3578.26001 0.007865
3580.32007 0.008054
3582.37988 0.008071
3584.43994 0.007903
3586.50000 0.007964
3588.56006 0.008042
3590.62012 0.007893
3592.67993 0.008124
3594.73999 0.008093
3596.80005 0.007878
3598.86011 0.0078
3600.91992 0.008312
3602.97998 0.008802
3605.04004 0.008648
3607.10010 0.008837
3609.15991 0.008751
3611.21997 0.008315
3613.28003 0.00845
3615.34009 0.008415
3617.39990 0.00829
3619.45996 0.008391
3621.52002 0.008747
3623.58008 0.008616
3625.63989 0.008838
3627.69995 0.008922
3629.76001 0.009039
3631.82007 0.008823
3633.87988 0.00897
3635.93994 0.00899
3638.00000 0.009064
3640.06006 0.009189
3642.12012 0.009073
3644.17993 0.008728
3646.23999 0.008397
3648.30005 0.008232
3650.36011 0.008117
3652.41992 0.007962
3654.47998 0.007895
3656.54004 0.007883
3658.60010 0.007906
3660.65991 0.008016
3662.71997 0.007987
3664.78003 0.007671
3666.84009 0.007982
3668.89990 0.008163
3670.95996 0.008355
3673.02002 0.0083
3675.08008 0.008552
3677.13989 0.008643
3679.19995 0.008675
3681.26001 0.008911
3683.32007 0.009086
3685.37988 0.009149
3687.43994 0.009369
3689.50000 0.009596
3691.56006 0.009923
3693.62012 0.009824
3695.67993 0.010004
3697.73999 0.010089
3699.80005 0.00975
3701.86011 0.009886
3703.91992 0.009983
3705.97998 0.009777
3708.04004 0.009916
3710.10010 0.009879
3712.15991 0.009462
3714.21997 0.009367
3716.28003 0.009506
3718.34009 0.009121
3720.39990 0.008772
3722.45996 0.008621
3724.52002 0.00851
3726.58008 0.008247
3728.63989 0.008215
3730.69995 0.008044
3732.76001 0.007928
3734.82007 0.007903
3736.87988 0.007972
3738.93994 0.008083
3741.00000 0.008338
3743.06006 0.008709
3745.12012 0.00865
3747.17993 0.00882
3749.23999 0.009384
3751.30005 0.009453
3753.36011 0.009259
3755.41992 0.009692
3757.47998 0.009572
3759.54004 0.009345
3761.60010 0.009592
3763.65991 0.009969
3765.71997 0.009997
3767.78003 0.010001
3769.84009 0.010192
3771.89990 0.010041
3773.95996 0.010073
3776.02002 0.010047
3778.08008 0.010046
3780.13989 0.010152
3782.19995 0.010009
3784.26001 0.009775
3786.32007 0.009754
3788.37988 0.009974
3790.43994 0.009988
3792.50000 0.009709
3794.56006 0.009551
3796.62012 0.00953
3798.67993 0.009387
3800.73999 0.009512
3802.80005 0.00974
3804.86011 0.009966
3806.91992 0.009815
3808.97998 0.009917
3811.04004 0.009657
3813.10010 0.009658
3815.15991 0.010096
3817.21997 0.01045
3819.28003 0.010836
3821.34009 0.011032
3823.39990 0.011113
3825.45996 0.011165
3827.52002 0.01131
3829.58008 0.011437
3831.63989 0.011486
3833.69995 0.011275
3835.76001 0.01115
3837.82007 0.011174
3839.87988 0.010998
3841.93994 0.010867
3844.00000 0.010861
3846.06006 0.010646
3848.12012 0.010489
3850.17993 0.010668
3852.23999 0.010739
3854.30005 0.010996
3856.36011 0.011052
3858.41992 0.010776
3860.47998 0.010662
3862.54004 0.01058
3864.60010 0.010798
3866.65991 0.010822
3868.71997 0.011107
3870.78003 0.011239
3872.84009 0.011176
3874.89990 0.011178
3876.95996 0.011441
3879.02002 0.011895
3881.08008 0.011964
3883.13989 0.012536
3885.19995 0.012926
3887.26001 0.013115
3889.32007 0.013425
3891.37988 0.013693
3893.43994 0.013805
3895.50000 0.013843
3897.56006 0.014029
3899.62012 0.014125
3901.67993 0.014341
3903.73999 0.014306
3905.80005 0.014376
3907.86011 0.014015
3909.91992 0.014141
3911.97998 0.014277
3914.04004 0.014221
3916.10010 0.014575
3918.15991 0.014612
3920.21997 0.014903
3922.28003 0.014812
3924.34009 0.015116
3926.39990 0.015071
3928.45996 0.015081
3930.52002 0.015106
3932.58008 0.01554
3934.63989 0.015542
3936.69995 0.015741
3938.76001 0.016061
3940.82007 0.016114
3942.87988 0.016359
3944.93994 0.016439
3947.00000 0.01665
3949.06006 0.016702
3951.12012 0.017089
3953.17993 0.017273
3955.23999 0.017029
3957.30005 0.017254
3959.36011 0.017446
3961.41992 0.017688
3963.47998 0.01758
3965.54004 0.017731
3967.60010 0.017744
3969.65991 0.01794
3971.71997 0.018205
3973.78003 0.018561
3975.84009 0.018363
3977.89990 0.018641
3979.95996 0.018791
3982.02002 0.018868
3984.08008 0.019051
3986.13989 0.019142
3988.19995 0.019676
3990.26001 0.020155
3992.32007 0.020682
3994.37988 0.020776
3996.43994 0.021083
3998.50000 0.02173
4000.56006 0.022337
4002.62012 0.022532
4004.67993 0.022923
4006.73999 0.023338
4008.80005 0.023905
4010.86011 0.024317
4012.91992 0.024717
4014.97998 0.024998
4017.04004 0.025371
4019.10010 0.026003
4021.15991 0.026559
4023.21997 0.02687
4025.28003 0.027403
4027.34009 0.028416
4029.39990 0.029244
4031.45996 0.02966
4033.52002 0.030317
4035.58008 0.031006
4037.63989 0.03184
4039.69995 0.032575
4041.76001 0.033316
4043.82007 0.03362
4045.87988 0.034192
4047.93994 0.035182
4050.00000 0.035985
4052.06006 0.036901
4054.12012 0.038086
4056.17993 0.039397
4058.23999 0.040856
4060.30005 0.042298
4062.36011 0.043522
4064.41992 0.045118
4066.47998 0.046961
4068.54004 0.048532
4070.60010 0.04988
4072.65991 0.051539
4074.71997 0.053401
4076.78003 0.055141
4078.84009 0.057051
4080.89990 0.059435
4082.95996 0.061517
4085.02002 0.063856
4087.08008 0.066535
4089.13989 0.069323
4091.19995 0.071844
4093.26001 0.074839
4095.32007 0.077684
4097.37988 0.08041
4099.43994 0.083318
4101.50000 0.086264
4103.56006 0.08939
4105.62012 0.092568
4107.68018 0.095712
4109.74023 0.099029
4111.79980 0.102659
4113.85986 0.106225
4115.91992 0.109994
4117.97998 0.113768
4120.04004 0.117978
4122.10010 0.121893
4124.16016 0.125821
4126.22021 0.129994
4128.27979 0.134142
4130.33984 0.138386
4132.39990 0.142636
4134.45996 0.146911
4136.52002 0.1514
4138.58008 0.155713
4140.64014 0.160245
4142.70020 0.1649
4144.75977 0.169472
4146.81982 0.173968
4148.87988 0.178717
4150.93994 0.183307
4153.00000 0.187926
4155.06006 0.192461
4157.12012 0.196792
4159.18018 0.201118
4161.24023 0.205546
4163.29980 0.209621
4165.35986 0.214119
4167.41992 0.218281
4169.47998 0.222614
4171.54004 0.226775
4173.60010 0.230763
4175.66016 0.234686
4177.72021 0.238661
4179.77979 0.242331
4181.83984 0.246283
4183.89990 0.249936
4185.95996 0.253272
4188.02002 0.25666
4190.08008 0.260025
4192.14014 0.263264
4194.20020 0.266337
4196.25977 0.269339
4198.31982 0.272421
4200.37988 0.27569
4202.43994 0.278671
4204.50000 0.281554
4206.56006 0.284404
4208.62012 0.286897
4210.68018 0.289513
4212.74023 0.292065
4214.79980 0.294432
4216.85986 0.296712
4218.91992 0.299003
4220.97998 0.301212
4223.04004 0.303365
4225.10010 0.305223
4227.16016 0.307209
4229.22021 0.309214
4231.27979 0.311028
4233.33984 0.312835
4235.39990 0.314522
4237.45996 0.316256
4239.52002 0.317781
4241.58008 0.319292
4243.64014 0.320556
4245.70020 0.322044
4247.75977 0.323566
4249.81982 0.324958
4251.87988 0.326457
4253.93994 0.327792
4256.00000 0.329123
4258.06006 0.330551
4260.12012 0.332074
4262.18018 0.333295
4264.24023 0.33462
4266.29980 0.335857
4268.35986 0.337175
4270.41992 0.338497
4272.47998 0.339688
4274.54004 0.340861
4276.60010 0.341998
4278.66016 0.343241
4280.72021 0.344495
4282.77979 0.345843
4284.83984 0.346992
4286.89990 0.348338
4288.95996 0.349459
4291.02002 0.350318
4293.08008 0.351373
4295.14014 0.352252
4297.20020 0.353058
4299.25977 0.353753
4301.31982 0.354561
4303.37988 0.355397
4305.43994 0.356488
4307.50000 0.357349
4309.56006 0.35811
4311.62012 0.358918
4313.68018 0.359757
4315.74023 0.360629
4317.79980 0.361459
4319.85986 0.362347
4321.91992 0.362942
4323.97998 0.363569
4326.04004 0.364256
4328.10010 0.365066
4330.16016 0.365781
4332.22021 0.366342
4334.27979 0.367028
4336.33984 0.367883
4338.39990 0.368782
4340.45996 0.369683
4342.52002 0.370528
4344.58008 0.371292
4346.64014 0.371923
4348.70020 0.372502
4350.75977 0.372928
4352.81982 0.373605
4354.87988 0.374183
4356.93994 0.374786
4359.00000 0.375304
4361.06006 0.376005
4363.12012 0.376458
4365.18018 0.377086
4367.24023 0.377595
4369.29980 0.378042
4371.35986 0.378518
4373.41992 0.379068
4375.47998 0.379641
4377.54004 0.380354
4379.60010 0.380691
4381.66016 0.381082
4383.72021 0.381524
4385.77979 0.382002
4387.83984 0.382528
4389.89990 0.382911
4391.95996 0.383499
4394.02002 0.384282
4396.08008 0.38456
4398.14014 0.384994
4400.20020 0.385559
4402.25977 0.386037
4404.31982 0.386474
4406.37988 0.386981
4408.43994 0.387393
4410.50000 0.387893
4412.56006 0.388469
4414.62012 0.38892
4416.68018 0.389192
4418.74023 0.389584
4420.79980 0.389892
4422.85986 0.390234
4424.91992 0.39037
4426.97998 0.390681
4429.04004 0.390946
4431.10010 0.391135
4433.16016 0.391441
4435.22021 0.391618
4437.27979 0.391712
4439.33984 0.39197
4441.39990 0.392145
4443.45996 0.392115
4445.52002 0.392184
4447.58008 0.392009
4449.64014 0.392085
4451.70020 0.392293
4453.75977 0.392482
4455.81982 0.392441
4457.87988 0.392333
4459.93994 0.39235
4462.00000 0.392387
4464.06006 0.392219
4466.12012 0.392332
4468.18018 0.392485
4470.24023 0.392573
4472.29980 0.39258
4474.35986 0.392509
4476.41992 0.392505
4478.47998 0.392435
4480.54004 0.392301
4482.60010 0.392168
4484.66016 0.3921
4486.72021 0.392227
4488.77979 0.392237
4490.83984 0.392382
4492.89990 0.392351
4494.95996 0.392069
4497.02002 0.391965
4499.08008 0.391827
4501.14014 0.391741
4503.20020 0.391677
4505.25977 0.391577
4507.31982 0.391282
4509.37988 0.390938
4511.43994 0.390642
4513.50000 0.390468
4515.56006 0.390441
4517.62012 0.390265
4519.68018 0.390176
4521.74023 0.389973
4523.79980 0.38992
4525.85986 0.390207
4527.91992 0.390053
4529.97998 0.389783
4532.04004 0.389587
4534.10010 0.389416
4536.16016 0.38934
4538.22021 0.389514
4540.27979 0.389352
4542.33984 0.389275
4544.39990 0.389164
4546.45996 0.388968
4548.52002 0.388662
4550.58008 0.388711
4552.64014 0.388611
4554.70020 0.388644
4556.75977 0.388335
4558.81982 0.388005
4560.87988 0.387914
4562.93994 0.387617
4565.00000 0.387366
4567.06006 0.387047
4569.12012 0.386499
4571.18018 0.386183
4573.24023 0.385626
4575.29980 0.38526
4577.35986 0.384997
4579.41992 0.384533
4581.47998 0.384033
4583.54004 0.383565
4585.60010 0.383208
4587.66016 0.382688
4589.72021 0.382216
4591.77979 0.381781
4593.83984 0.381429
4595.89990 0.380919
4597.95996 0.380295
4600.02002 0.379865
4602.08008 0.379415
4604.14014 0.378865
4606.20020 0.378287
4608.25977 0.37776
4610.31982 0.377211
4612.37988 0.376568
4614.43994 0.376023
4616.50000 0.375535
4618.56006 0.374904
4620.62012 0.374218
4622.68018 0.373511
4624.74023 0.372828
4626.79980 0.372195
4628.85986 0.371355
4630.91992 0.370612
4632.97998 0.369866
4635.04004 0.36908
4637.10010 0.3683
4639.16016 0.367504
4641.22021 0.366692
4643.27979 0.365845
4645.33984 0.364944
4647.39990 0.363939
4649.45996 0.363102
4651.52002 0.362222
4653.58008 0.361264
4655.64014 0.360296
4657.70020 0.359307
4659.75977 0.358304
4661.81982 0.357194
