threeML/data/optical_filters/CAHA/CAHA-f_572_21_2.ecsv
# %ECSV 0.9
# ---
# datatype:
# - {name: wavelength, unit: Angstrom, datatype: float32}
# - {name: response, datatype: float32}
# meta: !!omap
# - {band_name: f_572_21_2}
# - {group_name: CAHA}
wavelength response
4853.28955 0.0
5392.54395 0.004098
5393.41113 0.004245
5394.27783 0.004353
5395.14600 0.004414
5396.01318 0.004434
5396.87988 0.004424
5397.74707 0.0044
5398.61377 0.004372
5399.48096 0.004343
5400.34912 0.004316
5401.21582 0.004293
5402.08301 0.004278
5402.95020 0.004276
5403.81689 0.004288
5404.68506 0.004312
5405.55176 0.004348
5406.41895 0.004395
5407.28613 0.004453
5408.15283 0.004515
5409.02100 0.004567
5409.88818 0.004595
5410.75488 0.004589
5411.62207 0.004548
5412.48877 0.004476
5413.35596 0.004384
5414.22412 0.004286
5415.09082 0.004199
5415.95801 0.004146
5416.82520 0.004146
5417.69189 0.004206
5418.56006 0.004314
5419.42676 0.004439
5420.29395 0.004551
5421.16113 0.004623
5422.02783 0.004654
5422.89600 0.004656
5423.76318 0.004652
5424.62988 0.00466
5425.49707 0.004686
5426.36377 0.004731
5427.23096 0.004786
5428.09814 0.004844
5428.96484 0.004901
5429.83301 0.004956
5430.70020 0.00501
5431.56689 0.005063
5432.43408 0.00511
5433.30078 0.00515
5434.16797 0.005183
5435.03516 0.005219
5435.90186 0.005281
5436.77002 0.005389
5437.63721 0.005551
5438.50391 0.005755
5439.37109 0.005966
5440.23779 0.006147
5441.10498 0.006264
5441.97217 0.006307
5442.83887 0.006287
5443.70703 0.006232
5444.57422 0.006172
5445.44092 0.006134
5446.30811 0.006129
5447.17480 0.006154
5448.04199 0.006198
5448.90918 0.006251
5449.77588 0.006305
5450.64307 0.006355
5451.50977 0.006404
5452.37695 0.006454
5453.24512 0.006513
5454.11182 0.006589
5454.97900 0.006683
5455.84619 0.006795
5456.71289 0.006915
5457.58008 0.007031
5458.44678 0.007125
5459.31396 0.007186
5460.18115 0.007219
5461.04785 0.007241
5461.91504 0.007275
5462.78223 0.007341
5463.64893 0.007439
5464.51709 0.007556
5465.38281 0.007671
5466.25000 0.007768
5467.11816 0.007845
5467.98486 0.00791
5468.85205 0.007981
5469.71924 0.008072
5470.58594 0.008191
5471.45312 0.008341
5472.31982 0.008519
5473.18701 0.008719
5474.05420 0.008937
5474.92090 0.009163
5475.78809 0.009384
5476.65479 0.009583
5477.52197 0.009746
5478.38916 0.009872
5479.25586 0.009971
5480.12305 0.010063
5480.99023 0.010166
5481.85693 0.01029
5482.72412 0.010435
5483.59082 0.010596
5484.45801 0.010766
5485.32520 0.010939
5486.19189 0.011107
5487.06006 0.011266
5487.92578 0.011412
5488.79297 0.011553
5489.66016 0.011696
5490.52686 0.011855
5491.39502 0.01203
5492.26123 0.012215
5493.12793 0.012395
5493.99609 0.012554
5494.86182 0.012684
5495.72900 0.012794
5496.59619 0.012905
5497.46289 0.013045
5498.33008 0.013235
5499.19678 0.013481
5500.06396 0.013774
5500.93115 0.014095
5501.79785 0.014428
5502.66504 0.014756
5503.53223 0.015067
5504.39893 0.01535
5505.26611 0.015597
5506.13281 0.015809
5507.00000 0.015994
5507.86719 0.016165
5508.73389 0.016339
5509.60107 0.016526
5510.46777 0.016731
5511.33496 0.016949
5512.20215 0.017175
5513.06885 0.017404
5513.93604 0.017638
5514.80322 0.017881
5515.66895 0.018143
5516.53711 0.018429
5517.40283 0.018742
5518.27100 0.019079
5519.13721 0.019441
5520.00391 0.01983
5520.87109 0.020251
5521.73779 0.020704
5522.60498 0.021183
5523.47217 0.021672
5524.33887 0.022149
5525.20605 0.022597
5526.07324 0.023004
5526.93994 0.023371
5527.80713 0.023709
5528.67285 0.024036
5529.54102 0.024372
5530.40723 0.024734
5531.27393 0.025141
5532.14111 0.025602
5533.00781 0.02612
5533.87500 0.026681
5534.74219 0.027267
5535.60889 0.027861
5536.47607 0.028455
5537.34277 0.029053
5538.20898 0.029667
5539.07715 0.03031
5539.94287 0.03099
5540.81006 0.031711
5541.67676 0.032464
5542.54395 0.033243
5543.41113 0.034035
5544.27783 0.034831
5545.14502 0.035626
5546.01221 0.036414
5546.87793 0.03719
5547.74512 0.037949
5548.61182 0.038689
5549.47900 0.039417
5550.34619 0.040152
5551.21289 0.040914
5552.08008 0.041718
5552.94580 0.042575
5553.81299 0.043488
5554.68018 0.044462
5555.54688 0.0455
5556.41406 0.046602
5557.28076 0.04776
5558.14697 0.048961
5559.01514 0.050187
5559.88086 0.051426
5560.74805 0.052671
5561.61523 0.053931
5562.48193 0.055229
5563.34912 0.056589
5564.21484 0.058029
5565.08301 0.059554
5565.94922 0.061152
5566.81592 0.06281
5567.68311 0.064513
5568.54980 0.066257
5569.41699 0.068043
5570.28320 0.069877
5571.14990 0.071762
5572.01709 0.073702
5572.88379 0.07569
5573.75000 0.077719
5574.61719 0.079777
5575.48389 0.081858
5576.35107 0.083962
5577.21777 0.086102
5578.08398 0.088299
5578.95215 0.090582
5579.81787 0.09298
5580.68506 0.095512
5581.55176 0.098188
5582.41797 0.101012
5583.28613 0.103983
5584.15186 0.107103
5585.01904 0.110366
5585.88623 0.113756
5586.75195 0.117244
5587.62012 0.120791
5588.48584 0.124364
5589.35303 0.127948
5590.22021 0.131555
5591.08594 0.135221
5591.95312 0.139004
5592.81982 0.142964
5593.68701 0.147154
5594.55420 0.151598
5595.41992 0.156284
5596.28711 0.161168
5597.15381 0.166198
5598.02100 0.171338
5598.88721 0.176587
5599.75391 0.181976
5600.62109 0.187549
5601.48779 0.19335
5602.35400 0.199409
5603.22119 0.205736
5604.08789 0.212318
5604.95508 0.219124
5605.82080 0.226105
5606.68799 0.233211
5607.55518 0.240403
5608.42188 0.247665
5609.28906 0.255012
5610.15479 0.262489
5611.02197 0.270145
5611.88916 0.278023
5612.75488 0.286136
5613.62207 0.294465
5614.48877 0.302968
5615.35498 0.311595
5616.22217 0.32031
5617.08887 0.329089
5617.95605 0.33792
5618.82178 0.346789
5619.68896 0.355674
5620.55615 0.364543
5621.42188 0.373368
5622.28906 0.382133
5623.15576 0.390841
5624.02197 0.399513
5624.88916 0.408182
5625.75586 0.416892
5626.62305 0.425691
5627.48877 0.434617
5628.35596 0.443675
5629.22314 0.452829
5630.08887 0.462001
5630.95605 0.471101
5631.82324 0.480058
5632.68896 0.488843
5633.55615 0.497459
5634.42285 0.505925
5635.29004 0.514259
5636.15576 0.522466
5637.02295 0.530529
5637.89014 0.538408
5638.75586 0.546041
5639.62305 0.553362
5640.49023 0.560327
5641.35596 0.566939
5642.22314 0.57325
5643.08984 0.579347
5643.95605 0.585305
5644.82324 0.591158
5645.68896 0.596873
5646.55615 0.602372
5647.42285 0.607564
5648.29004 0.612392
5649.15576 0.616849
5650.02295 0.620983
5650.89014 0.62487
5651.75586 0.628577
5652.62305 0.632129
5653.48877 0.635496
5654.35596 0.638612
5655.22314 0.641416
5656.08887 0.64389
5656.95605 0.646068
5657.82324 0.648018
5658.68896 0.649801
5659.55615 0.651448
5660.42188 0.652952
5661.28906 0.65429
5662.15576 0.655446
5663.02197 0.656427
5663.88916 0.65727
5664.75488 0.658026
5665.62207 0.658731
5666.48877 0.659397
5667.35498 0.66
5668.22217 0.660506
5669.08789 0.660885
5669.95508 0.66113
5670.82178 0.661259
5671.68799 0.661309
5672.55518 0.661328
5673.42090 0.661352
5674.28809 0.661396
5675.15479 0.661448
5676.02100 0.661473
5676.88818 0.661437
5677.75391 0.66133
5678.62109 0.66117
5679.48779 0.660996
5680.35400 0.660836
5681.22119 0.660691
5682.08691 0.660531
5682.95410 0.660309
5683.81982 0.659998
5684.68701 0.6596
5685.55420 0.659146
5686.41992 0.658674
5687.28711 0.658207
5688.15283 0.657744
5689.02002 0.657269
5689.88623 0.65677
5690.75293 0.65624
5691.62012 0.655678
5692.48584 0.655078
5693.35303 0.65443
5694.21924 0.65373
5695.08594 0.652989
5695.95215 0.652241
5696.81885 0.651528
5697.68604 0.650891
5698.55176 0.650347
5699.41797 0.649888
5700.28516 0.649487
5701.15088 0.64912
5702.01807 0.648782
5702.88477 0.648494
5703.75098 0.648288
5704.61816 0.648173
5705.48389 0.648115
5706.35107 0.648047
5707.21680 0.64789
5708.08301 0.647593
5708.95020 0.647164
5709.81689 0.646673
5710.68311 0.646227
5711.54980 0.645927
5712.41602 0.645828
5713.28320 0.645912
5714.14893 0.646098
5715.01611 0.646285
5715.88184 0.646394
5716.74902 0.646401
5717.61523 0.646331
5718.48193 0.64623
5719.34814 0.646133
5720.21484 0.646055
5721.08105 0.645996
5721.94824 0.64595
5722.81396 0.645919
5723.68115 0.645905
5724.54688 0.645899
5725.41406 0.645874
5726.27979 0.645788
5727.14600 0.645591
5728.01318 0.645232
5728.87891 0.644675
5729.74609 0.643912
5730.61182 0.642979
5731.47900 0.641953
5732.34521 0.640937
5733.21191 0.640015
5734.07812 0.639231
5734.94482 0.638572
5735.81104 0.637991
5736.67822 0.63745
5737.54395 0.636938
5738.41113 0.636472
5739.27686 0.636073
5740.14404 0.63574
5741.00977 0.635442
5741.87598 0.635132
5742.74316 0.634765
5743.60889 0.634319
5744.47607 0.633801
5745.34180 0.633229
5746.20801 0.632611
5747.07520 0.631943
5747.94092 0.631209
5748.80811 0.630409
5749.67383 0.629562
5750.54102 0.628714
5751.40723 0.627918
5752.27295 0.627227
5753.14014 0.626665
5754.00586 0.626235
5754.87305 0.625906
5755.73877 0.625633
5756.60498 0.625378
5757.47217 0.625119
5758.33789 0.624853
5759.20508 0.624582
5760.07080 0.624303
5760.93799 0.623996
5761.80420 0.623629
5762.66992 0.623146
5763.53711 0.622483
5764.40283 0.62159
5765.27002 0.620458
5766.13623 0.619138
5767.00195 0.617721
5767.86914 0.616302
5768.73486 0.61495
5769.60107 0.613691
5770.46777 0.612528
5771.33398 0.611449
5772.20020 0.610421
5773.06689 0.609379
5773.93311 0.608245
5774.79883 0.60694
5775.66602 0.605423
5776.53223 0.603708
5777.39795 0.601855
5778.26514 0.599945
5779.13086 0.59805
5779.99805 0.596215
5780.86377 0.594446
5781.72998 0.592714
5782.59717 0.590968
5783.46289 0.589143
5784.33008 0.587173
5785.19580 0.585004
5786.06201 0.582603
5786.92822 0.57997
5787.79492 0.577141
5788.66113 0.574169
5789.52686 0.57111
5790.39404 0.568003
5791.25977 0.564868
5792.12598 0.561712
5792.99316 0.558535
5793.85889 0.555343
5794.72607 0.55214
5795.59180 0.548924
5796.45801 0.545667
5797.32422 0.542307
5798.19092 0.538776
5799.05713 0.53501
5799.92285 0.530987
5800.79004 0.526724
5801.65576 0.52226
5802.52197 0.517634
5803.38916 0.512869
5804.25488 0.507975
5805.12109 0.502957
5805.98682 0.497825
5806.85400 0.492595
5807.72021 0.487274
5808.58594 0.481845
5809.45312 0.476275
5810.31885 0.470529
5811.18506 0.464587
5812.05078 0.45845
5812.91699 0.452131
5813.78418 0.445647
5814.64990 0.439018
5815.51709 0.432279
5816.38281 0.425478
5817.24902 0.418674
5818.11523 0.411903
5818.98096 0.405154
5819.84814 0.398379
5820.71387 0.391508
5821.58105 0.384487
5822.44678 0.377303
5823.31299 0.369984
5824.17920 0.362574
5825.04492 0.355114
5825.91211 0.347629
5826.77783 0.340128
5827.64404 0.332626
5828.50977 0.32514
5829.37598 0.317703
5830.24316 0.310343
5831.10889 0.303074
5831.97607 0.295901
5832.84180 0.288822
5833.70801 0.281837
5834.57422 0.274954
5835.43994 0.268173
5836.30713 0.261484
5837.17285 0.254864
5838.03906 0.248291
5838.90479 0.241761
5839.77100 0.235298
5840.63818 0.228946
5841.50391 0.22275
5842.37012 0.216737
5843.23584 0.210904
5844.10303 0.205225
5844.96924 0.19967
5845.83496 0.194211
5846.70117 0.18883
5847.56689 0.183515
5848.43408 0.178255
5849.29980 0.17305
5850.16602 0.167907
5851.03223 0.162849
5851.89795 0.157905
5852.76514 0.153106
5853.63086 0.148477
5854.49707 0.144029
5855.36279 0.139761
5856.22900 0.135663
5857.09521 0.13172
5857.96094 0.127919
5858.82812 0.124246
5859.69385 0.120691
5860.56006 0.117237
5861.42578 0.113868
5862.29199 0.110563
5863.15918 0.107308
5864.02490 0.104096
5864.89111 0.100932
5865.75684 0.097824
5866.62402 0.094777
5867.48877 0.091797
5868.35498 0.088888
5869.22217 0.086058
5870.08789 0.083321
5870.95410 0.080697
5871.81982 0.078201
5872.68701 0.07584
5873.55322 0.073609
5874.41797 0.071491
5875.28516 0.069461
5876.15088 0.067491
5877.01709 0.065565
5877.88281 0.063677
5878.75000 0.061836
5879.61621 0.06006
5880.48096 0.058363
5881.34814 0.056744
5882.21387 0.055189
5883.08008 0.053677
5883.94580 0.052188
5884.81201 0.050713
5885.67822 0.049253
5886.54395 0.047823
5887.41113 0.04644
5888.27686 0.045116
5889.14307 0.043854
5890.00879 0.042647
5890.87500 0.041479
5891.74121 0.040338
5892.60693 0.039213
5893.47314 0.038104
5894.33887 0.037023
5895.20605 0.035985
5896.07178 0.035009
5896.93799 0.034107
5897.80420 0.033277
5898.66992 0.032507
5899.53613 0.03177
5900.40186 0.031044
5901.26807 0.030313
5902.13379 0.029574
5903.00000 0.028835
5903.86621 0.028108
5904.73193 0.027401
5905.59912 0.026716
5906.46387 0.026046
5907.33105 0.025387
5908.19678 0.024738
5909.06299 0.024103
5909.92920 0.02349
5910.79492 0.022907
5911.66113 0.022357
5912.52686 0.02184
5913.39307 0.021349
5914.25879 0.020883
5915.12500 0.020442
5915.99121 0.020027
5916.85693 0.019638
5917.72314 0.019271
5918.58887 0.018915
5919.45605 0.018555
5920.32080 0.018183
5921.18799 0.017792
5922.05420 0.017384
5922.91895 0.016967
5923.78613 0.016553
5924.65186 0.016152
5925.51807 0.015774
5926.38379 0.015424
5927.25000 0.015107
5928.11621 0.01482
5928.98193 0.014556
5929.84814 0.014303
5930.71387 0.014048
5931.58008 0.013778
5932.44580 0.013488
5933.31201 0.013181
5934.17822 0.012864
5935.04395 0.012545
5935.91016 0.012232
5936.77588 0.01193
5937.64209 0.011642
5938.50781 0.011368
5939.37402 0.011105
5940.24023 0.01085
5941.10596 0.010602
5941.97217 0.010364
5942.83789 0.010142
5943.70410 0.009944
5944.56982 0.009776
5945.43604 0.009634
5946.30176 0.009508
5947.16797 0.009385
5948.03418 0.009252
5948.89990 0.009108
5949.76611 0.008957
5950.63184 0.008807
5951.49805 0.008666
5952.36377 0.008537
5953.22900 0.008419
5954.09619 0.008304
5954.96094 0.008188
5955.82812 0.008064
5956.69287 0.007932
5957.55908 0.007795
5958.42480 0.007661
5959.29102 0.007534
5960.15723 0.007418
5961.02295 0.007311
5961.88916 0.007209
5962.75488 0.007111
5963.62109 0.007019
5964.48682 0.006934
5965.35303 0.006861
5966.21924 0.006794
5967.08398 0.006728
5967.95117 0.006653
5968.81592 0.006561
5969.68311 0.006453
5970.54785 0.006331
5971.41504 0.006206
5972.27979 0.006085
5973.14600 0.005976
5974.01221 0.005878
5974.87793 0.005787
5975.74414 0.005697
5976.60986 0.005598
5977.47607 0.005487
5978.34180 0.005364
5979.20801 0.005236
5980.07422 0.005115
5980.93896 0.00501
5981.80518 0.004932
5982.67090 0.00488
5983.53711 0.004852
5984.40283 0.004838
5985.26904 0.004829
5986.13477 0.004817
5987.00000 0.0048
5987.86719 0.004778
5988.73193 0.004752
5989.59814 0.004721
5990.46387 0.004679
5991.33008 0.004622
5992.19580 0.004548
5993.06201 0.004459
5993.92822 0.004361
5994.79297 0.004263
5995.66016 0.004171
5996.52490 0.004087
5997.39111 0.00401
6597.13037 0.0
