threeML/data/optical_filters/CAHA/CAHA-f_456_11.ecsv
# %ECSV 0.9
# ---
# datatype:
# - {name: wavelength, unit: Angstrom, datatype: float32}
# - {name: response, datatype: float32}
# meta: !!omap
# - {band_name: f_456_11}
# - {group_name: CAHA}
wavelength response
[from data line 806]
4617.20020 0.331193
4617.45996 0.323726
4617.72021 0.319078
4617.97998 0.317698
4618.25000 0.312886
4618.50977 0.303766
4618.77002 0.301421
4619.02979 0.297852
4619.29004 0.292523
4619.54980 0.293883
4619.81006 0.283949
4620.06982 0.282649
4620.33008 0.275138
4620.58984 0.271195
4620.85010 0.26734
4621.10986 0.26144
4621.37012 0.258816
4621.62988 0.2568
4621.89014 0.247906
4622.14990 0.245405
4622.41016 0.244806
4622.66992 0.235887
4622.93018 0.236312
4623.18994 0.230722
4623.45020 0.22605
4623.70996 0.22802
4623.97021 0.22624
4624.22998 0.219755
4624.49023 0.215031
4624.75000 0.209779
4625.00977 0.206751
4625.27002 0.208741
4625.52979 0.202046
4625.79004 0.195735
4626.04980 0.196911
4626.31006 0.191631
4626.56982 0.191621
4626.83008 0.188543
4627.08984 0.180902
4627.35010 0.181851
4627.60986 0.175574
4627.87012 0.172656
4628.12988 0.169143
4628.39014 0.164094
4628.64990 0.160872
4628.91016 0.16076
4629.16992 0.161187
4629.43018 0.15427
4629.68994 0.152828
4629.95020 0.149612
4630.20996 0.151245
4630.47021 0.145333
4630.72998 0.141257
4631.00000 0.139908
4631.25977 0.136065
4631.52002 0.136066
4631.77979 0.133617
4632.04004 0.130535
4632.29980 0.128616
4632.56006 0.125216
4632.81982 0.126004
4633.08008 0.121151
4633.33984 0.123377
4633.60010 0.118966
4633.85986 0.115847
4634.12012 0.113879
4634.37988 0.11442
4634.64014 0.111638
4634.89990 0.109197
4635.16016 0.108556
4635.41992 0.104506
4635.68018 0.10328
4635.93994 0.103036
4636.20020 0.102386
4636.45996 0.09852
4636.72021 0.097177
4636.97998 0.094755
4637.24023 0.097622
4637.50000 0.091724
4637.75977 0.092084
4638.02002 0.0882
4638.27979 0.090101
4638.54004 0.088002
4638.79980 0.086214
4639.06006 0.083381
4639.31982 0.084631
4639.58008 0.082696
4639.83984 0.081101
4640.10010 0.079528
4640.35986 0.076356
4640.62012 0.078294
4640.87988 0.074054
4641.14014 0.071939
4641.39990 0.072545
4641.66016 0.071805
4641.91992 0.071026
4642.18018 0.070836
4642.43994 0.06778
4642.70020 0.067895
4642.95996 0.065991
4643.22021 0.06523
4643.47998 0.06401
4643.74023 0.063493
4644.00000 0.063289
4644.27002 0.059612
4644.52979 0.058718
4644.79004 0.057704
4645.04980 0.056542
4645.31006 0.059821
4645.56982 0.055613
4645.83008 0.055363
4646.08984 0.054646
4646.35010 0.054092
4646.60986 0.054974
4646.87012 0.052726
4647.12988 0.052771
4647.39014 0.05242
4647.64990 0.048901
4647.91016 0.049113
4648.16992 0.04839
4648.43018 0.04608
4648.68994 0.047031
4648.95020 0.04754
4649.20996 0.047224
4649.47021 0.04637
4649.72998 0.042554
4649.99023 0.043239
4650.25000 0.042829
4650.50977 0.043078
4650.77002 0.041291
4651.02979 0.041735
4651.29004 0.040395
4651.54980 0.041441
4651.81006 0.03957
4652.06982 0.039902
4652.33008 0.036826
4652.58984 0.036922
4652.85010 0.037316
4653.10986 0.035202
4653.37012 0.035861
4653.62988 0.035631
4653.89014 0.034916
4654.14990 0.034845
4654.41016 0.033478
4654.66992 0.032607
4654.93018 0.032493
4655.18994 0.033305
4655.45020 0.031704
4655.70996 0.031116
4655.97021 0.030869
4656.22998 0.02917
4656.49023 0.031001
4656.75000 0.029465
4657.02002 0.028639
4657.27979 0.028247
4657.54004 0.029468
4657.79980 0.028837
4658.06006 0.026602
4658.31982 0.028111
4658.58008 0.026042
4658.83984 0.026198
4659.10010 0.025997
4659.35986 0.027333
4659.62012 0.025305
4659.87988 0.026159
4660.14014 0.025009
4660.39990 0.024725
4660.66016 0.026767
4660.91992 0.02435
4661.18018 0.024023
4661.43994 0.024276
4661.70020 0.022756
4661.95996 0.023058
4662.22021 0.023524
4662.47998 0.022913
4662.74023 0.021652
4663.00000 0.023086
4663.25977 0.021042
4663.52002 0.022367
4663.77979 0.019725
4664.04004 0.021038
4664.29980 0.019193
4664.56006 0.020263
4664.81982 0.019932
4665.08008 0.018911
4665.33984 0.019884
4665.60010 0.018847
4665.85986 0.020321
4666.12012 0.019911
4666.37988 0.017922
4666.64014 0.018261
4666.89990 0.018912
4667.16016 0.017667
4667.41992 0.016554
4667.68018 0.018807
4667.93994 0.016977
4668.20020 0.015941
4668.45996 0.017584
4668.72021 0.017208
4668.97998 0.016268
4669.24023 0.015555
4669.50000 0.016107
4669.75977 0.016582
4670.02002 0.015515
4670.29004 0.015377
4670.54980 0.015822
4670.81006 0.015671
4671.06982 0.016488
4671.33008 0.014093
4671.58984 0.015761
4671.85010 0.01487
4672.10986 0.014552
4672.37012 0.013621
4672.62988 0.01446
4672.89014 0.013146
4673.14990 0.014389
4673.41016 0.013702
4673.66992 0.014934
4673.93018 0.013712
4674.18994 0.012692
4674.45020 0.012664
4674.70996 0.012525
4674.97021 0.012209
4675.22998 0.012899
4675.49023 0.012276
4675.75000 0.012319
4676.00977 0.012654
4676.27002 0.012101
4676.52979 0.012032
4676.79004 0.010448
4677.04980 0.012216
4677.31006 0.011397
4677.56982 0.011789
4677.83008 0.011125
4678.08984 0.010654
4678.35010 0.010844
4678.60986 0.010858
4678.87012 0.010666
4679.12988 0.010006
4679.39014 0.010717
4679.64990 0.01052
4679.91016 0.010477
4680.16992 0.010323
4680.43018 0.01002
4680.68994 0.009478
4680.95020 0.010101
4681.20996 0.009678
4681.47021 0.009417
4681.72998 0.009995
4681.99023 0.008659
4682.25000 0.009476
4682.50977 0.010762
4682.77002 0.009169
4683.04004 0.00929
4683.29980 0.009391
4683.56006 0.009371
4683.81982 0.008045
4684.08008 0.009092
4684.33984 0.008777
4684.60010 0.009513
4684.85986 0.008541
4685.12012 0.008633
4685.37988 0.009833
4685.64014 0.009047
4685.89990 0.007738
4686.16016 0.007786
4686.41992 0.007767
4686.68018 0.00896
4686.93994 0.007883
4687.20020 0.008084
4687.45996 0.008635
4687.72021 0.00799
4687.97998 0.007793
4688.24023 0.008249
4688.50000 0.007154
4688.75977 0.00775
4689.02002 0.007217
4689.27979 0.007652
4689.54004 0.008437
4689.79980 0.007099
4690.06006 0.007776
4690.31982 0.007048
4690.58008 0.006642
4690.83984 0.006632
4691.10010 0.00613
4691.35986 0.006364
4691.62012 0.007378
4691.87988 0.006209
4692.14014 0.006245
4692.39990 0.00574
4692.66016 0.006914
4692.91992 0.006457
4693.18018 0.006217
4693.43994 0.006016
4693.70020 0.005886
4693.95996 0.005996
4694.22021 0.005371
4694.47998 0.005627
4694.74023 0.006092
4695.00000 0.005732
4695.25977 0.006189
4695.52002 0.005896
4695.77979 0.005492
4696.04004 0.00629
4696.31006 0.004981
4696.56982 0.005661
4696.83008 0.00598
4697.08984 0.005338
4697.35010 0.005181
4697.60986 0.005704
4697.87012 0.004711
4698.12988 0.005303
4698.39014 0.005054
4698.64990 0.005355
4698.91016 0.004791
4699.16992 0.005373
4699.43018 0.004334
4699.68994 0.005005
4699.95020 0.0057
4700.20996 0.004632
4700.47021 0.004554
4700.72998 0.00504
4700.99023 0.004124
4701.25000 0.004903
4701.50977 0.004778
4701.77002 0.00484
4702.02979 0.005463
4702.29004 0.004034
4702.54980 0.004578
4702.81006 0.004447
4703.06982 0.005192
5173.37695 0.0
