threeML/data/optical_filters/CAHA/CAHA-f_402_9.ecsv
# %ECSV 0.9
# ---
# datatype:
# - {name: wavelength, unit: Angstrom, datatype: float32}
# - {name: response, datatype: float32}
# meta: !!omap
# - {band_name: f_402_9}
# - {group_name: CAHA}
wavelength response
3465.07202 0.0
3850.08008 0.015331
3850.34009 0.0
3850.60010 0.0
3850.86011 0.0
3851.12012 0.01554
3851.37988 0.012046
3851.62988 0.0
3851.88989 0.015177
3852.14990 0.0
3852.40991 0.009912
3852.66992 0.002492
3852.92993 0.0
3853.18994 0.003016
3853.44995 0.000147
3853.70996 0.007392
3853.96997 0.005219
3854.22998 0.014415
3854.48999 0.0
3854.75000 0.0
3855.00000 0.007925
3855.26001 0.000945
3855.52002 0.0
3855.78003 0.0
3856.04004 0.0
3856.30005 0.0
3856.56006 0.003734
3856.82007 0.0
3857.08008 0.000878
3857.34009 0.0
3857.60010 0.0
3857.86011 0.02946
3858.11011 0.0
3858.37012 0.0
3858.62988 0.004544
3858.88989 0.0
3859.14990 0.0
3859.40991 0.0
3859.66992 0.013989
3859.92993 0.005897
3860.18994 0.001693
3860.44995 0.009251
3860.70996 0.0
3860.96997 0.004984
3861.22998 0.001257
3861.47998 0.0
3861.73999 0.0
3862.00000 0.008606
3862.26001 0.003932
3862.52002 0.0
3862.78003 0.0
3863.04004 0.006209
3863.30005 0.007049
3863.56006 0.0
3863.82007 0.0
3864.08008 0.000185
3864.34009 0.0
3864.59009 0.0
3864.85010 0.003228
3865.11011 0.009445
3865.37012 0.0
3865.62988 0.0
3865.88989 0.0
3866.14990 0.001681
3866.40991 0.0
3866.66992 0.0
3866.92993 0.007579
3867.18994 0.0
3867.44995 0.008379
3867.70996 0.0
3867.95996 0.0
3868.21997 0.0
3868.47998 0.0
3868.73999 0.0
3869.00000 0.0
3869.26001 0.001856
3869.52002 0.015891
3869.78003 0.0
3870.04004 0.0
3870.30005 0.005663
3870.56006 0.0
3870.82007 0.00671
3871.07007 0.000691
3871.33008 0.004403
3871.59009 0.0
3871.85010 0.0
3872.11011 0.007183
3872.37012 0.0
3872.62988 0.001018
3872.88989 0.007053
3873.14990 0.0
3873.40991 0.0
3873.66992 0.022182
3873.92993 0.000891
3874.18994 0.007965
3874.43994 0.002943
3874.69995 0.010822
3874.95996 0.005232
3875.21997 0.002592
3875.47998 0.0
3875.73999 0.002139
3876.00000 0.016087
3876.26001 0.0
3876.52002 0.0
3876.78003 0.0
3877.04004 0.013621
3877.30005 0.0
3877.55005 0.0
3877.81006 0.0
3878.07007 0.002658
3878.33008 0.012215
3878.59009 0.0
3878.85010 0.0
3879.11011 0.0
3879.37012 0.00047
3879.62988 0.0
3879.88989 0.01292
3880.14990 0.013536
3880.40991 0.0
3880.66992 0.007839
3880.91992 0.0
3881.17993 0.0
3881.43994 0.0
3881.69995 0.006249
3881.95996 0.0
3882.21997 0.0
3882.47998 0.000555
3882.73999 0.0
3883.00000 0.01506
3883.26001 0.0
3883.52002 0.0
3883.78003 0.0
3884.03003 0.0
3884.29004 0.0
3884.55005 0.0
3884.81006 0.0
3885.07007 0.000308
3885.33008 0.0
3885.59009 0.0058
3885.85010 0.0
3886.11011 0.0
3886.37012 0.00584
3886.62988 0.001066
3886.88989 0.014673
3887.14990 0.003741
3887.39990 0.007169
3887.65991 0.0
3887.91992 0.006023
3888.17993 0.0
3888.43994 0.003813
3888.69995 0.013271
3888.95996 0.0
3889.21997 0.00093
3889.47998 0.0
3889.73999 0.0
3890.00000 0.0
3890.26001 0.0
3890.51001 0.0
3890.77002 0.0
3891.03003 0.0
3891.29004 0.003328
3891.55005 0.0
3891.81006 0.000183
3892.07007 0.0
3892.33008 0.0
3892.59009 0.0
3892.85010 0.003052
3893.11011 0.002671
3893.37012 0.0
3893.62988 0.0
3893.87988 0.014566
3894.13989 0.0
3894.39990 0.002766
3894.65991 0.0
3894.91992 0.01245
3895.17993 0.007769
3895.43994 0.0
3895.69995 0.0
3895.95996 0.021516
3896.21997 0.0
3896.47998 0.0
3896.73999 0.000588
3896.98999 0.0
3897.25000 0.0
3897.51001 0.001072
3897.77002 0.001882
3898.03003 0.010725
3898.29004 0.000619
3898.55005 0.0
3898.81006 0.004215
3899.07007 0.0
3899.33008 0.0
3899.59009 0.0
3899.85010 0.026068
3900.11011 0.0
3900.36011 0.007316
3900.62012 0.004726
3900.87988 0.0
3901.13989 0.003598
3901.39990 0.0
3901.65991 0.0
3901.91992 0.005614
3902.17993 0.0
3902.43994 0.0
3902.69995 0.0
3902.95996 0.0
3903.21997 0.0
3903.46997 0.001992
3903.72998 0.0
3903.98999 0.0
3904.25000 0.001017
3904.51001 0.013972
3904.77002 0.0
3905.03003 0.0
3905.29004 0.0
3905.55005 0.012063
3905.81006 0.0
3906.07007 0.0
3906.33008 0.0
3906.59009 0.004222
3906.84009 0.002313
3907.10010 0.003481
3907.36011 0.005778
3907.62012 0.0
3907.87988 0.0
3908.13989 0.001783
3908.39990 0.01416
3908.65991 0.0
3908.91992 0.004054
3909.17993 0.0
3909.43994 0.022166
3909.69995 0.002487
3909.94995 0.0
3910.20996 0.0
3910.46997 0.00306
3910.72998 0.015382
3910.98999 0.005822
3911.25000 0.003189
3911.51001 0.0
3911.77002 0.002318
3912.03003 0.003122
3912.29004 0.004401
3912.55005 0.008135
3912.81006 0.007414
3913.07007 0.006351
3913.32007 0.0
3913.58008 0.002374
3913.84009 0.019916
3914.10010 0.006
3914.36011 0.000624
3914.62012 0.005318
3914.87988 0.005289
3915.13989 0.018594
3915.39990 0.0
3915.65991 0.001283
3915.91992 0.001866
3916.17993 0.008952
3916.42993 0.0
3916.68994 0.0
3916.94995 0.001074
3917.20996 0.008099
3917.46997 0.0
3917.72998 0.0
3917.98999 0.004546
3918.25000 0.0
3918.51001 0.0
3918.77002 0.015514
3919.03003 0.022016
3919.29004 0.00575
3919.55005 0.0
3919.80005 0.0
3920.06006 0.0
3920.32007 0.0
3920.58008 0.006257
3920.84009 0.014245
3921.10010 0.000551
3921.36011 0.0
3921.62012 0.007848
3921.87988 0.008907
3922.13989 0.002606
3922.39990 0.013752
3922.65991 0.010768
3922.90991 0.014097
3923.16992 0.016975
3923.42993 0.01048
3923.68994 0.0
3923.94995 0.00542
3924.20996 0.011446
3924.46997 0.010848
3924.72998 0.004858
3924.98999 0.002114
3925.25000 0.015597
3925.51001 0.0
3925.77002 0.015822
3926.03003 0.001163
3926.28003 0.009235
3926.54004 0.007488
3926.80005 0.01293
3927.06006 0.008258
3927.32007 0.016137
3927.58008 0.001772
3927.84009 0.0
3928.10010 0.007917
3928.36011 0.011892
3928.62012 0.00817
3928.87988 0.00232
3929.13989 0.000984
3929.38989 0.016797
3929.64990 0.003391
3929.90991 0.0
3930.16992 0.004602
3930.42993 0.0
3930.68994 0.001381
3930.94995 0.008654
3931.20996 0.003005
3931.46997 0.010981
3931.72998 0.011792
3931.98999 0.026933
3932.25000 0.009902
3932.51001 0.012854
3932.76001 0.015785
3933.02002 0.009714
3933.28003 0.017599
3933.54004 0.005781
3933.80005 0.003432
3934.06006 0.014181
3934.32007 0.00682
3934.58008 0.023601
3934.84009 0.01191
3935.10010 0.008519
3935.36011 0.012632
3935.62012 0.008521
3935.87012 0.023604
3936.12988 0.008082
3936.38989 0.018239
3936.64990 0.002419
3936.90991 0.018117
3937.16992 0.004026
3937.42993 0.023267
3937.68994 0.004547
3937.94995 0.015478
3938.20996 0.027222
3938.46997 0.016295
3938.72998 0.025514
3938.98999 0.022544
3939.23999 0.026432
3939.50000 0.008493
3939.76001 0.019512
3940.02002 0.030598
3940.28003 0.023971
3940.54004 0.0081
3940.80005 0.015048
3941.06006 0.016293
3941.32007 0.024838
3941.58008 0.0202
3941.84009 0.028697
3942.10010 0.026551
3942.35010 0.027946
3942.61011 0.030444
3942.87012 0.034016
3943.12988 0.026261
3943.38989 0.015794
3943.64990 0.017015
3943.90991 0.025653
3944.16992 0.006311
3944.42993 0.021681
3944.68994 0.023587
3944.94995 0.025379
3945.20996 0.028646
3945.46997 0.023044
3945.71997 0.020856
3945.97998 0.030201
3946.23999 0.032319
3946.50000 0.033205
3946.76001 0.020115
3947.02002 0.037518
3947.28003 0.020987
3947.54004 0.042491
3947.80005 0.034169
3948.06006 0.025977
3948.32007 0.029984
3948.58008 0.022715
3948.83008 0.035411
3949.09009 0.041961
3949.35010 0.02821
3949.61011 0.041904
3949.87012 0.044385
3950.12988 0.039566
3950.38989 0.043179
3950.64990 0.050291
3950.90991 0.043017
3951.16992 0.039655
3951.42993 0.05128
3951.68994 0.038733
3951.94995 0.050854
3952.19995 0.044874
3952.45996 0.060664
3952.71997 0.048035
3952.97998 0.03803
3953.23999 0.04652
3953.50000 0.061345
3953.76001 0.045091
3954.02002 0.064143
3954.28003 0.061745
3954.54004 0.058778
3954.80005 0.063569
3955.06006 0.081495
3955.31006 0.079186
3955.57007 0.073037
3955.83008 0.059687
3956.09009 0.071139
3956.35010 0.062406
3956.61011 0.071681
3956.87012 0.070871
3957.12988 0.059921
3957.38989 0.072922
3957.64990 0.086935
3957.90991 0.075395
3958.16992 0.070462
3958.42993 0.083152
3958.67993 0.086549
3958.93994 0.092266
3959.19995 0.079123
3959.45996 0.109772
3959.71997 0.078189
3959.97998 0.076084
3960.23999 0.102134
3960.50000 0.083555
3960.76001 0.094678
3961.02002 0.100034
3961.28003 0.09074
3961.54004 0.100827
3961.79004 0.101529
3962.05005 0.109639
3962.31006 0.104918
3962.57007 0.104619
3962.83008 0.110667
3963.09009 0.123324
3963.35010 0.111315
3963.61011 0.121958
3963.87012 0.117927
3964.12988 0.12758
3964.38989 0.111861
3964.64990 0.116475
3964.90991 0.139975
3965.15991 0.14167
3965.41992 0.143397
3965.67993 0.118946
3965.93994 0.126452
3966.19995 0.134457
3966.45996 0.131531
3966.71997 0.138118
3966.97998 0.150543
3967.23999 0.157751
3967.50000 0.144236
3967.76001 0.146151
3968.02002 0.142607
3968.27002 0.162443
3968.53003 0.168843
3968.79004 0.160018
3969.05005 0.156835
3969.31006 0.158907
3969.57007 0.157789
3969.83008 0.164148
3970.09009 0.158365
3970.35010 0.177351
3970.61011 0.17599
3970.87012 0.184047
3971.12988 0.185271
3971.38989 0.168884
3971.63989 0.175145
3971.89990 0.181363
3972.15991 0.186637
3972.41992 0.193003
3972.67993 0.212017
3972.93994 0.178392
3973.19995 0.211588
3973.45996 0.201538
3973.71997 0.190772
3973.97998 0.197433
3974.23999 0.198736
3974.50000 0.216652
3974.75000 0.224576
3975.01001 0.219933
3975.27002 0.224199
3975.53003 0.225028
3975.79004 0.229004
3976.05005 0.223554
3976.31006 0.20836
3976.57007 0.257213
3976.83008 0.230214
3977.09009 0.249362
3977.35010 0.255345
3977.61011 0.228967
3977.87012 0.242866
3978.12012 0.241078
3978.37988 0.245644
3978.63989 0.265634
3978.89990 0.266236
3979.15991 0.24253
3979.41992 0.231249
3979.67993 0.250424
3979.93994 0.243529
3980.19995 0.235115
3980.45996 0.265838
3980.71997 0.248077
3980.97998 0.256878
3981.22998 0.263823
3981.48999 0.274966
3981.75000 0.294865
3982.01001 0.274932
3982.27002 0.258201
3982.53003 0.27549
3982.79004 0.281348
3983.05005 0.274229
3983.31006 0.296667
3983.57007 0.299807
3983.83008 0.28381
3984.09009 0.284935
3984.35010 0.277285
3984.60010 0.299715
3984.86011 0.303273
3985.12012 0.281804
3985.37988 0.309176
3985.63989 0.292726
3985.89990 0.290663
3986.15991 0.319045
3986.41992 0.306885
3986.67993 0.292624
3986.93994 0.307312
3987.19995 0.311616
3987.45996 0.30738
3987.70996 0.304385
3987.96997 0.308895
3988.22998 0.303786
3988.48999 0.307475
3988.75000 0.29849
3989.01001 0.31605
3989.27002 0.325712
3989.53003 0.31525
3989.79004 0.313321
3990.05005 0.336655
3990.31006 0.328629
3990.57007 0.302724
3990.83008 0.323721
3991.08008 0.331991
3991.34009 0.314233
3991.60010 0.30807
3991.86011 0.350649
3992.12012 0.32052
3992.37988 0.354208
3992.63989 0.34251
3992.89990 0.343497
3993.15991 0.329843
3993.41992 0.342548
3993.67993 0.340862
3993.93994 0.343613
3994.18994 0.347655
3994.44995 0.337368
3994.70996 0.345254
3994.96997 0.359261
3995.22998 0.336679
3995.48999 0.359475
3995.75000 0.340062
3996.01001 0.337713
3996.27002 0.359199
3996.53003 0.348524
3996.79004 0.351668
3997.05005 0.35762
3997.31006 0.352611
3997.56006 0.33884
3997.82007 0.363217
3998.08008 0.385615
3998.34009 0.353889
3998.60010 0.361768
3998.86011 0.379051
3999.12012 0.359977
3999.37988 0.378852
3999.63989 0.356402
3999.89990 0.354055
4000.15991 0.373937
4000.41992 0.359589
4000.66992 0.364015
4000.92993 0.365203
4001.18994 0.359574
4001.44995 0.360955
4001.70996 0.374829
4001.96997 0.356817
4002.22998 0.384567
4002.48999 0.381502
4002.75000 0.391158
4003.01001 0.375005
4003.27002 0.380083
4003.53003 0.386842
4003.79004 0.348792
4004.04004 0.376282
4004.30005 0.371012
4004.56006 0.365024
4004.82007 0.392236
4005.08008 0.377299
4005.34009 0.398299
4005.60010 0.368762
4005.86011 0.362186
4006.12012 0.370643
4006.37988 0.375448
4006.63989 0.381492
4006.89990 0.371333
4007.14990 0.386548
4007.40991 0.37162
4007.66992 0.352057
4007.92993 0.374647
4008.18994 0.372692
4008.44995 0.389416
4008.70996 0.361019
4008.96997 0.386316
4009.22998 0.381046
4009.48999 0.370198
4009.75000 0.37939
4010.01001 0.377591
4010.27002 0.375498
4010.52002 0.384423
4010.78003 0.372751
4011.04004 0.378447
4011.30005 0.370293
4011.56006 0.379494
4011.82007 0.395572
4012.08008 0.385115
4012.34009 0.384921
4012.60010 0.384899
4012.86011 0.391857
4013.12012 0.376734
4013.37988 0.368906
4013.62988 0.373437
4013.88989 0.367646
4014.14990 0.37989
4014.40991 0.374599
4014.66992 0.397878
4014.92993 0.390427
4015.18994 0.380467
4015.44995 0.375763
4015.70996 0.382997
4015.96997 0.377078
4016.22998 0.368443
4016.48999 0.372147
4016.75000 0.360838
4017.00000 0.389493
4017.26001 0.381383
4017.52002 0.393381
4017.78003 0.365192
4018.04004 0.374031
4018.30005 0.366814
4018.56006 0.368841
4018.82007 0.377326
4019.08008 0.38198
4019.34009 0.354467
4019.60010 0.348909
4019.86011 0.375906
4020.11011 0.384432
4020.37012 0.364109
4020.62988 0.359482
4020.88989 0.374918
4021.14990 0.374484
4021.40991 0.395468
4021.66992 0.35893
4021.92993 0.377614
4022.18994 0.37264
4022.44995 0.376219
4022.70996 0.370557
4022.96997 0.372094
4023.22998 0.357382
4023.47998 0.367189
4023.73999 0.367311
4024.00000 0.373759
4024.26001 0.367167
4024.52002 0.343224
4024.78003 0.365291
4025.04004 0.360514
4025.30005 0.365277
4025.56006 0.364451
4025.82007 0.354476
4026.08008 0.362057
4026.34009 0.337452
4026.59009 0.375661
4026.85010 0.371038
4027.11011 0.362872
4027.37012 0.342489
4027.62988 0.347696
4027.88989 0.368032
4028.14990 0.364408
4028.40991 0.375742
4028.66992 0.351492
4028.92993 0.345511
4029.18994 0.366285
4029.44995 0.35891
4029.70996 0.360481
4029.95996 0.366387
4030.21997 0.352714
4030.47998 0.358039
4030.73999 0.349073
4031.00000 0.36244
4031.26001 0.341246
4031.52002 0.352883
4031.78003 0.350137
4032.04004 0.34859
4032.30005 0.354024
4032.56006 0.355567
4032.82007 0.351578
4033.07007 0.354695
4033.33008 0.351334
4033.59009 0.361099
4033.85010 0.353112
4034.11011 0.332967
4034.37012 0.36148
4034.62988 0.372268
4034.88989 0.347201
4035.14990 0.346621
4035.40991 0.360964
4035.66992 0.346404
4035.92993 0.343173
4036.18994 0.338145
4036.43994 0.360754
4036.69995 0.347798
4036.95996 0.339061
4037.21997 0.322562
4037.47998 0.375894
4037.73999 0.350744
4038.00000 0.347192
4038.26001 0.363674
4038.52002 0.35741
4038.78003 0.32282
4039.04004 0.3371
4039.30005 0.366634
4039.55005 0.345652
4039.81006 0.338232
4040.07007 0.348217
4040.33008 0.327395
4040.59009 0.334254
4040.85010 0.338059
4041.11011 0.349928
4041.37012 0.328648
4041.62988 0.324665
4041.88989 0.337839
4042.14990 0.315811
4042.40991 0.330254
4042.66992 0.344673
4042.91992 0.321243
4043.17993 0.345073
4043.43994 0.303309
4043.69995 0.315247
4043.95996 0.315529
4044.21997 0.309579
4044.47998 0.324942
4044.73999 0.324585
4045.00000 0.318154
4045.26001 0.326958
4045.52002 0.317154
4045.78003 0.309965
4046.03003 0.311198
4046.29004 0.316258
4046.55005 0.307624
4046.81006 0.290171
4047.07007 0.291256
4047.33008 0.300101
4047.59009 0.298437
4047.85010 0.298105
4048.11011 0.289593
4048.37012 0.284016
4048.62988 0.295003
4048.88989 0.284495
4049.14990 0.282074
4049.39990 0.285545
4049.65991 0.287385
4049.91992 0.280492
4050.17993 0.285144
4050.43994 0.281171
4050.69995 0.276326
4050.95996 0.267827
4051.21997 0.270687
4051.47998 0.253293
4051.73999 0.265498
4052.00000 0.244138
4052.26001 0.248012
4052.51001 0.250592
4052.77002 0.25169
4053.03003 0.240627
4053.29004 0.237832
4053.55005 0.231569
4053.81006 0.232819
4054.07007 0.230483
4054.33008 0.231447
4054.59009 0.225417
4054.85010 0.22534
4055.11011 0.199863
4055.37012 0.231118
4055.62988 0.215881
4055.87988 0.21102
4056.13989 0.20536
4056.39990 0.206882
4056.65991 0.203526
4056.91992 0.201189
4057.17993 0.196467
4057.43994 0.19229
4057.69995 0.195999
4057.95996 0.19738
4058.21997 0.186778
4058.47998 0.189202
4058.73999 0.183398
4058.98999 0.190047
4059.25000 0.180881
4059.51001 0.178716
4059.77002 0.178549
4060.03003 0.168865
4060.29004 0.173396
4060.55005 0.170485
4060.81006 0.165288
4061.07007 0.162854
4061.33008 0.167672
4061.59009 0.152132
4061.85010 0.150067
4062.11011 0.156808
4062.36011 0.143447
4062.62012 0.149482
4062.87988 0.13489
4063.13989 0.14158
4063.39990 0.135135
4063.65991 0.137058
4063.91992 0.13703
4064.17993 0.123784
4064.43994 0.129505
4064.69995 0.122428
4064.95996 0.130167
4065.21997 0.1224
4065.46997 0.122098
4065.72998 0.119892
4065.98999 0.116651
4066.25000 0.114364
4066.51001 0.103515
4066.77002 0.105608
4067.03003 0.104554
4067.29004 0.112033
4067.55005 0.100753
4067.81006 0.098169
4068.07007 0.101243
4068.33008 0.097769
4068.59009 0.093287
4068.84009 0.096154
4069.10010 0.091148
4069.36011 0.093773
4069.62012 0.090188
4069.87988 0.089926
4070.13989 0.085894
4070.39990 0.084554
4070.65991 0.075696
4070.91992 0.090445
4071.17993 0.078789
4071.43994 0.07931
4071.69995 0.084697
4071.94995 0.068153
4072.20996 0.073385
4072.46997 0.06767
4072.72998 0.072042
4072.98999 0.079779
4073.25000 0.065843
4073.51001 0.064397
4073.77002 0.067475
4074.03003 0.063507
4074.29004 0.071149
4074.55005 0.058759
4074.81006 0.062783
4075.07007 0.064051
4075.32007 0.05147
4075.58008 0.055671
4075.84009 0.059867
4076.10010 0.056889
4076.36011 0.061901
4076.62012 0.048814
4076.87988 0.052487
4077.13989 0.054089
4077.39990 0.053964
4077.65991 0.051078
4077.91992 0.045283
4078.17993 0.047933
4078.42993 0.049366
4078.68994 0.051959
4078.94995 0.037779
4079.20996 0.036902
4079.46997 0.041286
4079.72998 0.037506
4079.98999 0.037655
4080.25000 0.042501
4080.51001 0.047463
4080.77002 0.049379
4081.03003 0.042458
4081.29004 0.041802
4081.55005 0.043701
4081.80005 0.042658
4082.06006 0.030749
4082.32007 0.043705
4082.58008 0.040749
4082.84009 0.031792
4083.10010 0.031919
4083.36011 0.036307
4083.62012 0.0378
4083.87988 0.038633
4084.13989 0.029749
4084.39990 0.025931
4084.65991 0.035971
4084.90991 0.030547
4085.16992 0.034481
4085.42993 0.027399
4085.68994 0.033655
4085.94995 0.027734
4086.20996 0.032934
4086.46997 0.02208
4086.72998 0.028818
4086.98999 0.028715
4087.25000 0.035906
4087.51001 0.021765
4087.77002 0.023813
4088.03003 0.031611
4088.28003 0.022355
4088.54004 0.027705
4088.80005 0.023697
4089.06006 0.023157
4089.32007 0.02211
4089.58008 0.025969
4089.84009 0.018418
4090.10010 0.030618
4090.36011 0.016165
4090.62012 0.01734
4090.87988 0.01808
4091.13989 0.020668
4091.38989 0.02273
4091.64990 0.022292
4091.90991 0.020674
4092.16992 0.013893
4092.42993 0.022811
4092.68994 0.02485
4092.94995 0.015064
4093.20996 0.016341
4093.46997 0.014963
4093.72998 0.013243
4093.98999 0.013847
4094.25000 0.021615
4094.51001 0.019609
4094.76001 0.018199
4095.02002 0.012748
4095.28003 0.014528
4095.54004 0.020561
4095.80005 0.019961
4096.06006 0.016861
4096.31982 0.016101
4096.58008 0.014595
4096.83984 0.009912
4097.10010 0.007761
4097.35986 0.014196
4097.62012 0.009072
4097.87988 0.016135
4098.12988 0.012861
4098.39014 0.012367
4508.22900 0.0
