threeML/data/optical_filters/CAHA/CAHA-f_663_3.ecsv
# %ECSV 0.9
# ---
# datatype:
# - {name: wavelength, unit: Angstrom, datatype: float32}
# - {name: response, datatype: float32}
# meta: !!omap
# - {band_name: f_663_3}
# - {group_name: CAHA}
wavelength response
5936.81396 0.0
6596.45996 0.004107
6596.72021 0.004192
6596.97998 0.004322
6597.24023 0.004459
6597.50977 0.004441
6597.77002 0.004605
6598.02979 0.004826
6598.29004 0.004867
6598.54980 0.005207
6598.81006 0.005233
6599.06982 0.005345
6599.33008 0.005436
6599.60010 0.005563
6599.85986 0.005797
6600.12012 0.006036
6600.37988 0.006283
6600.64014 0.006314
6600.89990 0.00663
6601.16016 0.006766
6601.43018 0.007044
6601.68994 0.007326
6601.95020 0.007694
6602.20996 0.007975
6602.47021 0.00827
6602.72998 0.008473
6602.99023 0.00902
6603.25000 0.009365
6603.52002 0.009553
6603.77979 0.010145
6604.04004 0.01067
6604.29980 0.011121
6604.56006 0.011777
6604.81982 0.01204
6605.08008 0.012638
6605.33984 0.013182
6605.60986 0.01403
6605.87012 0.01476
6606.12988 0.01561
6606.39014 0.016274
6606.64990 0.017353
6606.91016 0.018365
6607.16992 0.019533
6607.43994 0.02068
6607.70020 0.022002
6607.95996 0.023169
6608.22021 0.024648
6608.47998 0.026282
6608.74023 0.02806
6609.00000 0.029974
6609.25977 0.031727
6609.52979 0.033994
6609.79004 0.03645
6610.04980 0.038924
6610.31006 0.042152
6610.56982 0.045027
6610.83008 0.048636
6611.08984 0.052096
6611.35010 0.056493
6611.62012 0.060851
6611.87988 0.066277
6612.14014 0.071655
6612.39990 0.0775
6612.66016 0.083807
6612.91992 0.091314
6613.18018 0.099073
6613.43994 0.108213
6613.70996 0.117368
6613.97021 0.127757
6614.22998 0.140643
6614.49023 0.153022
6614.75000 0.166389
6615.00977 0.180245
6615.27002 0.197961
6615.54004 0.215279
6615.79980 0.234479
6616.06006 0.255078
6616.31982 0.276587
6616.58008 0.299737
6616.83984 0.325025
6617.10010 0.350248
6617.35986 0.378774
6617.62988 0.406058
6617.89014 0.433755
6618.14990 0.461734
6618.41016 0.491062
6618.66992 0.518784
6618.93018 0.544945
6619.18994 0.570917
6619.45020 0.595828
6619.72021 0.620295
6619.97998 0.640239
6620.24023 0.661392
6620.50000 0.678326
6620.75977 0.69283
6621.02002 0.70556
6621.27979 0.7164
6621.54980 0.725122
6621.81006 0.7339
6622.06982 0.739824
6622.33008 0.745207
6622.58984 0.747114
6622.85010 0.751255
6623.10986 0.751121
6623.37012 0.752121
6623.64014 0.754952
6623.89990 0.754701
6624.16016 0.757708
6624.41992 0.755846
6624.68018 0.754906
6624.93994 0.754759
6625.20020 0.754806
6625.45996 0.754979
6625.72998 0.754689
6625.99023 0.753699
6626.25000 0.756
6626.50977 0.753826
6626.77002 0.756843
6627.02979 0.754827
6627.29004 0.757569
6627.56006 0.757504
6627.81982 0.756051
6628.08008 0.756962
6628.33984 0.757254
6628.60010 0.75595
6628.85986 0.759493
6629.12012 0.759515
6629.37988 0.758821
6629.64990 0.759176
6629.91016 0.756771
6630.16992 0.756654
6630.43018 0.757495
6630.68994 0.757471
6630.95020 0.758625
6631.20996 0.755809
6631.47021 0.756775
6631.74023 0.754041
6632.00000 0.755445
6632.25977 0.751225
6632.52002 0.750018
6632.77979 0.748858
6633.04004 0.751066
6633.29980 0.747919
6633.56006 0.74691
6633.83008 0.744697
6634.08984 0.744629
6634.35010 0.741927
6634.60986 0.740762
6634.87012 0.73802
6635.12988 0.739645
6635.39014 0.740317
6635.66016 0.734873
6635.91992 0.733235
6636.18018 0.731894
6636.43994 0.730109
6636.70020 0.728002
6636.95996 0.727323
6637.22021 0.725254
6637.47998 0.720734
6637.75000 0.716982
6638.00977 0.713386
6638.27002 0.705865
6638.52979 0.69896
6638.79004 0.693782
6639.04980 0.685795
6639.31006 0.674077
6639.56982 0.661077
6639.83984 0.645929
6640.10010 0.632732
6640.35986 0.61396
6640.62012 0.596061
6640.87988 0.574799
6641.14014 0.553929
6641.39990 0.532207
6641.66992 0.507077
6641.93018 0.481979
6642.18994 0.45477
6642.45020 0.431457
6642.70996 0.403638
6642.97021 0.379834
6643.22998 0.355318
6643.49023 0.330277
6643.75977 0.307382
6644.02002 0.285217
6644.27979 0.263823
6644.54004 0.243632
6644.79980 0.224655
6645.06006 0.207265
6645.31982 0.190875
6645.58008 0.175114
6645.85010 0.161365
6646.10986 0.14845
6646.37012 0.137382
6646.62988 0.12619
6646.89014 0.115543
6647.14990 0.106156
6647.41016 0.099248
6647.68018 0.090716
6647.93994 0.08365
6648.20020 0.077427
6648.45996 0.071493
6648.72021 0.065949
6648.97998 0.061017
6649.24023 0.057091
6649.50000 0.052471
6649.77002 0.049043
6650.02979 0.04586
6650.29004 0.042319
6650.54980 0.039425
6650.81006 0.037171
6651.06982 0.034506
6651.33008 0.032077
6651.58984 0.030274
6651.85986 0.0283
6652.12012 0.026536
6652.37988 0.024927
6652.64014 0.023524
6652.89990 0.022194
6653.16016 0.020781
6653.41992 0.019684
6653.68994 0.01867
6653.95020 0.017662
6654.20996 0.016702
6654.47021 0.01586
6654.72998 0.015067
6654.99023 0.014478
6655.25000 0.013663
6655.50977 0.013034
6655.77979 0.012432
6656.04004 0.01188
6656.29980 0.011284
6656.56006 0.010708
6656.81982 0.010413
6657.08008 0.010019
6657.33984 0.009687
6657.60010 0.009067
6657.87012 0.008741
6658.12988 0.008498
6658.39014 0.008253
6658.64990 0.007832
6658.91016 0.00741
6659.16992 0.007301
6659.43018 0.007096
6659.68994 0.006688
6659.95996 0.006522
6660.22021 0.006463
6660.47998 0.006103
6660.74023 0.005809
6661.00000 0.005742
6661.25977 0.005557
6661.52002 0.005489
6661.79004 0.005244
6662.04980 0.00525
6662.31006 0.004979
6662.56982 0.004996
6662.83008 0.004669
6663.08984 0.004575
6663.35010 0.004518
6663.60986 0.00438
6663.87988 0.004268
6664.14014 0.004115
6664.39990 0.004123
7330.83984 0.0
