threeML/data/optical_filters/CAHA/CAHA-f_413_36.ecsv
# %ECSV 0.9
# ---
# datatype:
# - {name: wavelength, unit: Angstrom, datatype: float32}
# - {name: response, datatype: float32}
# meta: !!omap
# - {band_name: f_413_36}
# - {group_name: CAHA}
wavelength response
3357.81714 0.0
3730.90796 0.004234
3734.15210 0.005113
3737.39600 0.005967
3740.63892 0.006742
3743.88403 0.00742
3747.12695 0.007984
3750.37207 0.008425
3753.61597 0.008742
3756.86011 0.00893
3760.10400 0.008977
3763.34790 0.008867
3766.59204 0.0086
3769.83594 0.008176
3773.08105 0.007639
3776.32495 0.007036
3779.56909 0.006447
3782.81396 0.005955
3786.05811 0.005642
3789.30200 0.005583
3792.54712 0.005815
3795.79102 0.006369
3799.03589 0.007244
3802.28003 0.008406
3805.52490 0.009796
3808.77002 0.01137
3812.01392 0.013033
3815.25903 0.014698
3818.50293 0.016285
3821.74805 0.017714
3824.99292 0.018944
3828.23804 0.019963
3831.48193 0.020821
3834.72705 0.021612
3837.97192 0.02243
3841.21704 0.023411
3844.46191 0.024633
3847.70703 0.026147
3850.95190 0.027947
3854.19702 0.029959
3857.44189 0.032061
3860.68701 0.034116
3863.93188 0.035997
3867.17700 0.037603
3870.42310 0.038898
3873.66797 0.039901
3876.91309 0.040691
3880.15796 0.041379
3883.40405 0.042088
3886.64893 0.042925
3889.89404 0.04398
3893.13989 0.045304
3896.38501 0.046914
3899.62988 0.048804
3902.87598 0.050943
3906.12109 0.053286
3909.36694 0.05578
3912.61304 0.058393
3915.85791 0.061094
3919.10400 0.06387
3922.35010 0.066719
3925.59497 0.06963
3928.84106 0.072585
3932.08691 0.075541
3935.33301 0.078448
3938.57788 0.081244
3941.82397 0.083857
3945.07007 0.086245
3948.31592 0.088378
3951.56201 0.090252
3954.80811 0.091897
3958.05396 0.093353
3961.30005 0.094668
3964.54590 0.09588
3967.79199 0.097014
3971.03906 0.09808
3974.28491 0.099065
3977.53101 0.099966
3980.77710 0.100791
3984.02393 0.101581
3987.27002 0.102385
3990.51611 0.10327
3993.76294 0.104302
3997.00903 0.105522
4000.25610 0.106935
4003.50195 0.108515
4006.74902 0.110191
4009.99512 0.111859
4013.24194 0.113403
4016.48901 0.114722
4019.73511 0.115749
4022.98193 0.116465
4026.22900 0.116922
4029.47510 0.11722
4032.72192 0.117472
4035.96899 0.117795
4039.21606 0.118263
4042.46289 0.118893
4045.70996 0.119649
4048.95703 0.120459
4052.20410 0.121227
4055.45093 0.12187
4058.69800 0.122338
4061.94507 0.122623
4065.19189 0.122753
4068.43896 0.122773
4071.68701 0.122728
4074.93408 0.12266
4078.18091 0.122586
4081.42798 0.122499
4084.67603 0.122404
4087.92310 0.122305
4091.17090 0.122195
4094.41797 0.122076
4097.66602 0.121926
4100.91309 0.121717
4104.16113 0.121387
4107.40820 0.120883
4110.65576 0.120159
4113.90381 0.119197
4117.15088 0.118024
4120.39893 0.116696
4123.64697 0.115297
4126.89502 0.113909
4130.14307 0.112603
4133.39014 0.111418
4136.63818 0.110357
4139.88623 0.109416
4143.13379 0.108559
4146.38184 0.107751
4149.62988 0.106961
4152.87793 0.106171
4156.12598 0.105363
4159.37500 0.104528
4162.62305 0.103664
4165.87109 0.102759
4169.12012 0.101816
4172.36816 0.10083
4175.61621 0.0998
4178.86523 0.098729
4182.11279 0.097621
4185.36182 0.09647
4188.60986 0.095275
4191.85791 0.094037
4195.10693 0.092745
4198.35596 0.0914
4201.60400 0.089991
4204.85303 0.088531
4208.10205 0.087034
4211.35107 0.085533
4214.60010 0.084063
4217.84814 0.082661
4221.09717 0.081371
4224.34619 0.080221
4227.59521 0.07923
4230.84424 0.078393
4234.09277 0.077698
4237.34180 0.07711
4240.59082 0.076583
4243.83984 0.076081
4247.08984 0.07556
4250.33887 0.074976
4253.58789 0.0743
4256.83691 0.073508
4260.08691 0.072587
4263.33594 0.071535
4266.58496 0.070364
4269.83496 0.0691
4273.08398 0.067772
4276.33398 0.066421
4279.58301 0.065085
4282.83301 0.063798
4286.08301 0.062577
4289.33301 0.061419
4292.58203 0.06031
4295.83203 0.059224
4299.08203 0.058126
4302.33203 0.056992
4305.58203 0.055801
4308.83105 0.054549
4312.08105 0.053251
4315.33105 0.051935
4318.58105 0.050633
4321.83203 0.049375
4325.08203 0.048191
4328.33203 0.0471
4331.58203 0.046118
4334.83203 0.04526
4338.08203 0.044534
4341.33301 0.04394
4344.58301 0.043472
4347.83301 0.043106
4351.08301 0.042811
4354.33398 0.042537
4357.58398 0.042241
4360.83496 0.041881
4364.08594 0.041429
4367.33594 0.040882
4370.58691 0.040248
4373.83789 0.039551
4377.08789 0.038812
4380.33887 0.038044
4383.58984 0.037243
4386.84082 0.036403
4390.09180 0.035507
4393.34277 0.034545
4396.59424 0.033519
4399.84521 0.032443
4403.09619 0.031346
4406.34717 0.030259
4409.59814 0.029211
4412.84912 0.028223
4416.10107 0.027317
4419.35205 0.026508
4422.60303 0.025809
4425.85400 0.02523
4429.10596 0.024783
4432.35693 0.024469
4435.60889 0.024282
4438.85986 0.024208
4442.11182 0.024221
4445.36279 0.024279
4448.61523 0.024339
4451.86719 0.024357
4455.11816 0.024297
4458.37012 0.024133
4461.62207 0.023854
4464.87402 0.023463
4468.12500 0.022971
4471.37695 0.022389
4474.62891 0.021736
4477.88086 0.021025
4481.13379 0.020271
4484.38623 0.019488
4487.63818 0.018686
4490.89014 0.017883
4494.14209 0.017094
4497.39502 0.016341
4500.64697 0.015645
4503.89893 0.01502
4507.15088 0.014475
4510.40381 0.014012
4513.65576 0.013618
4516.90918 0.013272
4520.16211 0.012951
4523.41406 0.01263
4526.66699 0.012295
4529.91895 0.011936
4533.17188 0.011554
4536.42480 0.011153
4539.67822 0.010748
4542.93115 0.010358
4546.18408 0.009997
4549.43701 0.00968
4552.68896 0.009414
4555.94189 0.009201
4559.19482 0.009038
4562.44922 0.008914
4565.70215 0.008819
4568.95508 0.008735
4572.20801 0.008657
4575.46094 0.008571
4578.71484 0.008479
4581.96777 0.008375
4585.22217 0.008259
4588.47510 0.008129
4591.72900 0.007981
4594.98193 0.00781
4598.23584 0.007616
4601.48877 0.007404
4604.74316 0.007186
4607.99707 0.006979
4611.25000 0.006795
4614.50391 0.006647
4617.75781 0.006539
4621.01221 0.006463
4624.26611 0.006409
4627.52002 0.006359
4630.77393 0.006302
4634.02783 0.00623
4637.28223 0.006141
4640.53711 0.006038
4643.79102 0.005931
4647.04492 0.00583
4650.29883 0.005737
4653.55420 0.005654
4656.80811 0.005576
4660.06299 0.005495
4663.31689 0.005402
4666.57080 0.005289
4669.82617 0.005155
4673.08105 0.005002
4676.33496 0.004831
4679.58984 0.004646
4682.84521 0.004452
4686.10010 0.004257
4689.35400 0.004071
5158.28955 0.0
