threeML/data/optical_filters/CAHA/CAHA-f_496_100.ecsv
# %ECSV 0.9
# ---
# datatype:
# - {name: wavelength, unit: Angstrom, datatype: float32}
# - {name: response, datatype: float32}
# meta: !!omap
# - {band_name: f_496_100}
# - {group_name: CAHA}
wavelength response
3687.89941 0.0
4097.66602 0.004089
4100.91309 0.004244
4104.16113 0.004406
4107.40820 0.004575
4110.65576 0.00475
4113.90381 0.004931
4117.15088 0.005119
4120.39893 0.005314
4123.64697 0.005516
4126.89502 0.005723
4130.14307 0.005938
4133.39014 0.006159
4136.63818 0.006386
4139.88623 0.006621
4143.13379 0.006861
4146.38184 0.007109
4149.62988 0.007363
4152.87793 0.007623
4156.12598 0.00789
4159.37500 0.008164
4162.62305 0.008444
4165.87109 0.00873
4169.12012 0.009024
4172.36816 0.009324
4175.61621 0.00963
4178.86523 0.009943
4182.11279 0.010263
4185.36182 0.010589
4188.60986 0.010923
4191.85791 0.011267
4195.10693 0.011621
4198.35596 0.011993
4201.60400 0.012385
4204.85303 0.012812
4208.10205 0.013285
4211.35107 0.013823
4214.60010 0.014448
4217.84814 0.015177
4221.09717 0.016021
4224.34619 0.016977
4227.59521 0.018024
4230.84424 0.019117
4234.09277 0.020195
4237.34180 0.021195
4240.59082 0.022056
4243.83984 0.022743
4247.08984 0.023257
4250.33887 0.023634
4253.58789 0.023936
4256.83691 0.024242
4260.08691 0.024618
4263.33594 0.025105
4266.58496 0.025705
4269.83496 0.026394
4273.08398 0.027129
4276.33398 0.027873
4279.58301 0.028601
4282.83301 0.029324
4286.08301 0.030073
4289.33301 0.030888
4292.58203 0.03181
4295.83203 0.032865
4299.08203 0.034051
4302.33203 0.03535
4305.58203 0.036726
4308.83105 0.038147
4312.08105 0.03958
4315.33105 0.041014
4318.58105 0.042459
4321.83203 0.043934
4325.08203 0.045476
4328.33203 0.047118
4331.58203 0.0489
4334.83203 0.050853
4338.08203 0.053003
4341.33301 0.055377
4344.58301 0.057995
4347.83301 0.060872
4351.08301 0.064017
4354.33398 0.067429
4357.58398 0.071091
4360.83496 0.074983
4364.08594 0.079082
4367.33594 0.083376
4370.58691 0.087872
4373.83789 0.0926
4377.08789 0.097619
4380.33887 0.103015
4383.58984 0.108875
4386.84082 0.115293
4390.09180 0.122345
4393.34277 0.130081
4396.59424 0.138526
4399.84521 0.14768
4403.09619 0.157516
4406.34717 0.167985
4409.59814 0.179027
4412.84912 0.190574
4416.10107 0.20255
4419.35205 0.214882
4422.60303 0.227506
4425.85400 0.240365
4429.10596 0.253418
4432.35693 0.266623
4435.60889 0.279948
4438.85986 0.293352
4442.11182 0.306779
4445.36279 0.320167
4448.61523 0.333437
4451.86719 0.346504
4455.11816 0.359288
4458.37012 0.371717
4461.62207 0.383739
4464.87402 0.395319
4468.12500 0.406449
4471.37695 0.417133
4474.62891 0.427388
4477.88086 0.437231
4481.13379 0.446672
4484.38623 0.45571
4487.63818 0.464334
4490.89014 0.472529
4494.14209 0.480275
4497.39502 0.487556
4500.64697 0.49436
4503.89893 0.500687
4507.15088 0.506537
4510.40381 0.511917
4513.65576 0.516847
4516.90918 0.521355
4520.16211 0.525482
4523.41406 0.529272
4526.66699 0.532769
4529.91895 0.536011
4533.17188 0.539031
4536.42480 0.541841
4539.67822 0.54446
4542.93115 0.546905
4546.18408 0.549202
4549.43701 0.551384
4552.68896 0.553495
4555.94189 0.555563
4559.19482 0.557615
4562.44922 0.559653
4565.70215 0.561666
4568.95508 0.56363
4572.20801 0.565513
4575.46094 0.567289
4578.71484 0.568943
4581.96777 0.570473
4585.22217 0.5719
4588.47510 0.57326
4591.72900 0.574603
4594.98193 0.575987
4598.23584 0.577465
4601.48877 0.579077
4604.74316 0.580841
4607.99707 0.582756
4611.25000 0.584793
4614.50391 0.586905
4617.75781 0.589036
4621.01221 0.591121
4624.26611 0.593116
4627.52002 0.594987
4630.77393 0.596724
4634.02783 0.598345
4637.28223 0.599884
4640.53711 0.601383
4643.79102 0.602884
4647.04492 0.604415
4650.29883 0.605991
4653.55420 0.607612
4656.80811 0.609266
4660.06299 0.610931
4663.31689 0.612585
4666.57080 0.614199
4669.82617 0.615748
4673.08105 0.617216
4676.33496 0.618593
4679.58984 0.619875
4682.84521 0.621081
4686.10010 0.622223
4689.35400 0.623321
4692.60889 0.6244
4695.86377 0.625479
4699.11914 0.626575
4702.37500 0.627705
4705.62891 0.628887
4708.88379 0.630126
4712.14014 0.631421
4715.39502 0.632749
4718.64990 0.63408
4721.90479 0.63536
4725.16113 0.636532
4728.41602 0.637549
4731.67188 0.638385
4734.92676 0.639028
4738.18311 0.63951
4741.43799 0.639873
4744.69385 0.640175
4747.95020 0.640466
4751.20508 0.640775
4754.46094 0.641107
4757.71680 0.641442
4760.97314 0.641741
4764.22900 0.641958
4767.48389 0.642055
4770.74121 0.642006
4773.99707 0.6418
4777.25195 0.64145
4780.50879 0.640979
4783.76514 0.640417
4787.02100 0.6398
4790.27686 0.639157
4793.53418 0.638517
4796.79004 0.637901
4800.04688 0.637325
4803.30322 0.636806
4806.56006 0.636352
4809.81592 0.635986
4813.07324 0.635718
4816.33008 0.635575
4819.58594 0.63557
4822.84277 0.635722
4826.10010 0.636046
4829.35596 0.636544
4832.61279 0.637217
4835.87109 0.638063
4839.12695 0.639076
4842.38379 0.640245
4845.64209 0.641564
4848.89893 0.643023
4852.15576 0.644613
4855.41309 0.646324
4858.66992 0.648134
4861.92822 0.650017
4865.18506 0.651943
4868.44287 0.653872
4871.70020 0.655769
4874.95801 0.657605
4878.21484 0.659358
4881.47314 0.661019
4884.72998 0.662594
4887.98779 0.6641
4891.24609 0.665558
4894.50391 0.666988
4897.76221 0.668425
4901.02002 0.66989
4904.27783 0.671411
4907.53613 0.673012
4910.79297 0.674713
4914.05176 0.676525
4917.31006 0.678442
4920.56787 0.680445
4923.82715 0.682499
4927.08496 0.684556
4930.34277 0.686567
4933.60205 0.688485
4936.85986 0.690279
4940.11914 0.691935
4943.37695 0.693457
4946.63623 0.694866
4949.89502 0.696195
4953.15283 0.697478
4956.41211 0.698752
4959.66992 0.700054
4962.93018 0.701408
4966.18799 0.702831
4969.44678 0.70433
4972.70703 0.705896
4975.96484 0.707507
4979.22510 0.709126
4982.48389 0.71071
4985.74316 0.712211
4989.00195 0.713599
4992.26221 0.71486
4995.52100 0.716004
4998.77979 0.717062
5002.04004 0.718086
5005.29883 0.719125
5008.55908 0.720225
5011.81787 0.721408
5015.07812 0.722663
5018.33789 0.723953
5021.59814 0.72521
5024.85693 0.726356
5028.11719 0.727315
5031.37695 0.728033
5034.63721 0.728481
5037.89697 0.728677
5041.15723 0.728672
5044.41699 0.728542
5047.67822 0.728378
5050.93799 0.728258
5054.19824 0.728248
5057.45801 0.728371
5060.71924 0.728629
5063.97900 0.728983
5067.24023 0.729377
5070.50000 0.729749
5073.76123 0.730039
5077.02100 0.730206
5080.28223 0.730239
5083.54297 0.730141
5086.80420 0.729936
5090.06494 0.729653
5093.32617 0.729317
5096.58691 0.728947
5099.84814 0.728551
5103.10889 0.728133
5106.37012 0.727692
5109.63086 0.727226
5112.89209 0.726731
5116.15381 0.726205
5119.41504 0.725649
5122.67578 0.725061
5125.93799 0.724452
5129.19922 0.723837
5132.46094 0.723238
5135.72314 0.722676
5138.98389 0.722171
5142.24609 0.721735
5145.50781 0.721367
5148.77002 0.721046
5152.03076 0.720743
5155.29297 0.720421
5158.55518 0.720045
5161.81689 0.719587
5165.07910 0.719041
5168.34082 0.718411
5171.60400 0.717718
5174.86621 0.716995
5178.12793 0.716278
5181.39111 0.715596
5184.65283 0.714974
5187.91602 0.714427
5191.17822 0.713947
5194.43994 0.71352
5197.70312 0.713122
5200.96582 0.71272
5204.22900 0.712288
5207.49121 0.711811
5210.75391 0.711285
5214.01709 0.710727
5217.27979 0.710156
5220.54297 0.709593
5223.80615 0.709058
5227.06885 0.708549
5230.33301 0.708046
5233.59619 0.707516
5236.85889 0.706918
5240.12207 0.70621
5243.38477 0.70536
5246.64893 0.704357
5249.91309 0.703202
5253.17578 0.701911
5256.43896 0.700512
5259.70312 0.699036
5262.96680 0.697516
5266.23096 0.695983
5269.49512 0.694465
5272.75781 0.692978
5276.02197 0.691526
5279.28711 0.690105
5282.54980 0.688702
5285.81396 0.687296
5289.07910 0.685868
5292.34277 0.684406
5295.60693 0.682898
5298.87207 0.681343
5302.13623 0.679744
5305.39990 0.678112
5308.66504 0.676458
5311.92920 0.674796
5315.19385 0.673137
5318.45801 0.671494
5321.72412 0.669877
5324.98779 0.668281
5328.25293 0.666696
5331.51807 0.665101
5334.78320 0.663463
5338.04785 0.661744
5341.31299 0.659905
5344.57812 0.657909
5347.84277 0.655729
5351.10791 0.653341
5354.37402 0.650728
5357.63916 0.64788
5360.90479 0.64479
5364.16992 0.641446
5367.43604 0.637836
5370.70117 0.633938
5373.96680 0.629721
5377.23193 0.625144
5380.49805 0.62016
5383.76416 0.614722
5387.02979 0.608789
5390.29590 0.602322
5393.56201 0.595287
5396.82812 0.587655
5400.09424 0.579393
5403.35986 0.57047
5406.62598 0.56085
5409.89307 0.5505
5413.15918 0.53939
5416.42480 0.527504
5419.69092 0.514833
5422.95801 0.501392
5426.22510 0.487212
5429.49121 0.472345
5432.75781 0.456858
5436.02490 0.44083
5439.29199 0.42435
5442.55908 0.407513
5445.82520 0.390423
5449.09180 0.373184
5452.35889 0.355914
5455.62598 0.338728
5458.89404 0.321739
5462.16113 0.305054
5465.42822 0.288771
5468.69482 0.272964
5471.96191 0.257694
5475.22998 0.243
5478.49805 0.2289
5481.76514 0.215403
5485.03320 0.202507
5488.29980 0.190205
5491.56787 0.178493
5494.83594 0.16737
5498.10400 0.156838
5501.37207 0.1469
5504.64014 0.137556
5507.90820 0.128802
5511.17578 0.120623
5514.44385 0.112996
5517.71191 0.105889
5520.97998 0.099267
5524.24902 0.093094
5527.51709 0.087334
5530.78613 0.081958
5534.05420 0.076941
5537.32324 0.072263
5540.59082 0.067905
5543.85986 0.063852
5547.12793 0.060089
5550.39697 0.056598
5553.66699 0.053364
5556.93506 0.050368
5560.20410 0.047592
5563.47314 0.045018
5566.74219 0.042631
5570.01221 0.040416
5573.28076 0.038361
5576.54980 0.036454
5579.81885 0.034682
5583.08887 0.033034
5586.35791 0.031502
5589.62793 0.030076
5592.89697 0.028749
5596.16699 0.027513
5599.43701 0.02636
5602.70703 0.02528
5605.97705 0.024266
5609.24609 0.023307
5612.51611 0.022396
5615.78711 0.021526
5619.05713 0.020692
5622.32715 0.019891
5625.59717 0.019122
5628.86719 0.018385
5632.13721 0.017683
5635.40820 0.017016
5638.67822 0.016385
5641.94922 0.015789
5645.21924 0.015224
5648.49023 0.014688
5651.76123 0.01418
5655.03076 0.013697
5658.30176 0.013242
5661.57324 0.012816
5664.84424 0.012421
5668.11523 0.012056
5671.38623 0.01172
5674.65723 0.011406
5677.92920 0.011107
5681.20020 0.010815
5684.47119 0.010527
5687.74316 0.010239
5691.01416 0.009955
5694.28613 0.009678
5697.55713 0.009414
5700.82910 0.009166
5704.10107 0.008936
5707.37207 0.008721
5710.64404 0.00852
5713.91602 0.008329
5717.18799 0.008149
5720.45996 0.007977
5723.73193 0.007814
5727.00391 0.00766
5730.27588 0.007513
5733.54785 0.007372
5736.82080 0.007238
5740.09277 0.00711
5743.36621 0.006992
5746.63818 0.006885
5749.91113 0.006792
5753.18408 0.006711
5756.45605 0.006637
5759.72900 0.006562
5763.00195 0.006479
5766.27490 0.006381
5769.54785 0.006265
5772.82080 0.006131
5776.09424 0.005989
5779.36719 0.005847
5782.64111 0.005719
5785.91406 0.005614
5789.18701 0.005542
5792.45996 0.005504
5795.73389 0.0055
5799.00781 0.005527
5802.28076 0.005578
5805.55518 0.005646
5808.82910 0.005722
5812.10303 0.005796
5815.37598 0.005862
5818.64990 0.005911
5821.92383 0.005937
5825.19824 0.005936
5828.47217 0.005906
5831.74707 0.005849
5835.02100 0.005767
5838.29492 0.005664
5841.56885 0.005546
5844.84424 0.005417
5848.11914 0.005285
5851.39307 0.00515
5854.66797 0.005019
5857.94189 0.004893
5861.21680 0.004774
5864.49219 0.004665
5867.76709 0.004566
5871.04199 0.004479
5874.31689 0.004401
5877.59180 0.004333
5880.86816 0.004271
5884.14307 0.004215
5887.41797 0.004162
5890.69287 0.00411
5893.96924 0.004055
6483.36621 0.0
