threeML/data/optical_filters/CAHA/CAHA-f_734_14.ecsv
# %ECSV 0.9
# ---
# datatype:
# - {name: wavelength, unit: Angstrom, datatype: float32}
# - {name: response, datatype: float32}
# meta: !!omap
# - {band_name: f_734_14}
# - {group_name: CAHA}
wavelength response
6493.18750 0.0
7214.65283 0.012563
7214.91602 0.012869
7215.17822 0.013239
7215.44092 0.01365
7215.70312 0.014073
7215.96582 0.014481
7216.22900 0.014861
7216.49121 0.015213
7216.75293 0.015544
7217.01611 0.015864
7217.27783 0.016177
7217.54102 0.01648
7217.80420 0.016766
7218.06592 0.017029
7218.32910 0.017268
7218.59082 0.017488
7218.85400 0.017701
7219.11621 0.017922
7219.37793 0.018163
7219.64111 0.01843
7219.90381 0.018719
7220.16602 0.019022
7220.42920 0.019324
7220.69092 0.019616
7220.95410 0.019892
7221.21582 0.020155
7221.47900 0.02041
7221.74121 0.020665
7222.00391 0.020927
7222.26611 0.0212
7222.52881 0.021484
7222.79199 0.02178
7223.05420 0.02209
7223.31592 0.022415
7223.57910 0.022758
7223.84082 0.02312
7224.10400 0.023497
7224.36621 0.023881
7224.62891 0.024265
7224.89111 0.024642
7225.15381 0.025009
7225.41699 0.02537
7225.67920 0.025732
7225.94092 0.026102
7226.20410 0.026484
7226.46582 0.026879
7226.72900 0.027281
7226.99121 0.027686
7227.25391 0.028093
7227.51611 0.0285
7227.77881 0.028907
7228.04102 0.02931
7228.30420 0.029704
7228.56592 0.030089
7228.82910 0.030469
7229.09082 0.030857
7229.35400 0.031267
7229.61621 0.031707
7229.87793 0.032181
7230.14111 0.032681
7230.40381 0.033203
7230.66602 0.033742
7230.92920 0.034299
7231.19092 0.034874
7231.45410 0.035466
7231.71582 0.036068
7231.97900 0.036668
7232.24121 0.037258
7232.50293 0.037833
7232.76611 0.038395
7233.02783 0.038951
7233.29102 0.039511
7233.55322 0.040082
7233.81592 0.040673
7234.07812 0.041287
7234.34082 0.041921
7234.60303 0.042571
7234.86621 0.043236
7235.12793 0.043913
7235.39111 0.044606
7235.65283 0.045313
7235.91602 0.046036
7236.17822 0.046773
7236.43994 0.047522
7236.70312 0.048281
7236.96484 0.049048
7237.22803 0.049823
7237.49023 0.050608
7237.75195 0.051409
7238.01514 0.052231
7238.27686 0.053079
7238.54004 0.053952
7238.80176 0.054845
7239.06494 0.055749
7239.32715 0.056658
7239.58984 0.05757
7239.85205 0.058492
7240.11523 0.059433
7240.37695 0.060401
7240.63916 0.061398
7240.90186 0.062417
7241.16406 0.063447
7241.42676 0.064479
7241.68896 0.065514
7241.95215 0.066559
7242.21387 0.06763
7242.47705 0.068737
7242.73877 0.069883
7243.00098 0.071064
7243.26416 0.072269
7243.52588 0.073488
7243.78906 0.074719
7244.05078 0.075963
7244.31299 0.077226
7244.57617 0.078508
7244.83789 0.079809
7245.10107 0.081126
7245.36279 0.082455
7245.62500 0.083792
7245.88818 0.085136
7246.14990 0.086489
7246.41309 0.087855
7246.67480 0.089243
7246.93799 0.090665
7247.20020 0.092126
7247.46191 0.093631
7247.72510 0.095176
7247.98682 0.096755
7248.25000 0.098361
7248.51221 0.099988
7248.77393 0.101639
7249.03711 0.103318
7249.29883 0.105029
7249.56201 0.106774
7249.82422 0.108547
7250.08594 0.110342
7250.34912 0.112153
7250.61084 0.113979
7250.87402 0.115829
7251.13623 0.117709
7251.39795 0.119622
7251.66113 0.121563
7251.92285 0.123524
7252.18604 0.125499
7252.44824 0.127492
7252.70996 0.129516
7252.97314 0.131588
7253.23486 0.133719
7253.49805 0.135912
7253.75977 0.138159
7254.02197 0.140447
7254.28516 0.142764
7254.54688 0.145105
7254.81006 0.147472
7255.07178 0.149875
7255.33398 0.152324
7255.59717 0.154822
7255.85889 0.157362
7256.12207 0.159931
7256.38379 0.162513
7256.64600 0.1651
7256.90918 0.167693
7257.17090 0.170305
7257.43408 0.172952
7257.69580 0.175652
7257.95801 0.178417
7258.22119 0.181251
7258.48291 0.184149
7258.74512 0.187103
7259.00781 0.190094
7259.27002 0.193108
7259.53223 0.196137
7259.79492 0.199184
7260.05713 0.202259
7260.31885 0.205376
7260.58203 0.208546
7260.84424 0.211771
7261.10596 0.215043
7261.36914 0.218351
7261.63086 0.221684
7261.89404 0.225033
7262.15576 0.228403
7262.41797 0.231798
7262.68115 0.235231
7262.94287 0.238709
7263.20605 0.242236
7263.46777 0.24581
7263.72998 0.249426
7263.99219 0.253075
7264.25488 0.256749
7264.51709 0.260435
7264.77881 0.26412
7265.04199 0.267792
7265.30420 0.271446
7265.56592 0.275087
7265.82910 0.278731
7266.09082 0.282398
7266.35400 0.286106
7266.61621 0.289865
7266.87793 0.293677
7267.14111 0.297542
7267.40283 0.301462
7267.66504 0.305437
7267.92822 0.309462
7268.18994 0.313522
7268.45215 0.317593
7268.71387 0.321654
7268.97705 0.325691
7269.23877 0.329711
7269.50098 0.333731
7269.76416 0.337774
7270.02588 0.341845
7270.28906 0.345939
7270.55078 0.350036
7270.81299 0.354122
7271.07520 0.35819
7271.33789 0.362241
7271.60010 0.36628
7271.86182 0.370306
7272.12500 0.374318
7272.38721 0.378315
7272.64893 0.382302
7272.91211 0.386288
7273.17383 0.390289
7273.43701 0.394311
7273.69922 0.39835
7273.96094 0.402388
7274.22314 0.40641
7274.48486 0.41041
7274.74805 0.414396
7275.00977 0.418384
7275.27197 0.422388
7275.53516 0.426405
7275.79688 0.430421
7276.06006 0.434415
7276.32178 0.438376
7276.58398 0.442305
7276.84619 0.446209
7277.10791 0.450088
7277.37109 0.453929
7277.63281 0.457718
7277.89600 0.461443
7278.15820 0.46511
7278.41992 0.468743
7278.68213 0.472372
7278.94482 0.476017
7279.20703 0.479674
7279.46924 0.48332
7279.73096 0.486923
7279.99414 0.490459
7280.25586 0.493924
7280.51904 0.497332
7280.78076 0.500702
7281.04297 0.504052
7281.30518 0.507381
7281.56689 0.510677
7281.83008 0.513916
7282.09180 0.517087
7282.35400 0.520183
7282.61719 0.523214
7282.87891 0.526187
7283.14111 0.52911
7283.40283 0.531983
7283.66602 0.534808
7283.92822 0.537588
7284.18994 0.540329
7284.45312 0.543034
7284.71484 0.54571
7284.97705 0.548362
7285.23877 0.550991
7285.50098 0.553599
7285.76416 0.556186
7286.02588 0.558755
7286.28906 0.561309
7286.55078 0.563846
7286.81299 0.566356
7287.07520 0.568823
7287.33691 0.57123
7287.60010 0.57357
7287.86182 0.575843
7288.12402 0.578066
7288.38721 0.580255
7288.64893 0.582421
7288.91113 0.584558
7289.17285 0.586651
7289.43604 0.588677
7289.69824 0.590624
7289.95996 0.59249
7290.22217 0.59428
7290.48389 0.596007
7290.74707 0.597681
7291.00879 0.599316
7291.27100 0.600932
7291.53418 0.602546
7291.79590 0.604172
7292.05811 0.605812
7292.31982 0.607464
7292.58301 0.609119
7292.84521 0.61077
7293.10693 0.612413
7293.36914 0.61405
7293.63086 0.61568
7293.89404 0.617295
7294.15576 0.618875
7294.41797 0.620386
7294.68018 0.6218
7294.94189 0.623096
7295.20508 0.624279
7295.46680 0.625374
7295.72900 0.626419
7295.99219 0.627456
7296.25391 0.628514
7296.51611 0.629606
7296.77783 0.630726
7297.04102 0.63185
7297.30322 0.632961
7297.56494 0.634043
7297.82715 0.635098
7298.08887 0.636134
7298.35205 0.637167
7298.61377 0.638211
7298.87598 0.639271
7299.13818 0.640343
7299.39990 0.641414
7299.66309 0.64246
7299.92480 0.643456
7300.18701 0.644385
7300.44922 0.645246
7300.71094 0.646059
7300.97412 0.646853
7301.23584 0.647647
7301.49805 0.648437
7301.75977 0.649207
7302.02197 0.649941
7302.28516 0.650644
7302.54688 0.651346
7302.80908 0.652087
7303.07080 0.6529
7303.33301 0.653793
7303.59619 0.65475
7303.85791 0.655742
7304.12012 0.656734
7304.38184 0.657695
7304.64502 0.658591
7304.90723 0.659392
7305.16895 0.660076
7305.43115 0.660648
7305.69287 0.661141
7305.95605 0.66161
7306.21777 0.662112
7306.47998 0.662686
7306.74219 0.663338
7307.00391 0.664057
7307.26611 0.664821
7307.52783 0.665612
7307.79102 0.666416
7308.05322 0.667219
7308.31494 0.668004
7308.57715 0.668744
7308.83887 0.669413
7309.10205 0.669998
7309.36377 0.670505
7309.62598 0.670964
7309.88818 0.671412
7310.14990 0.671883
7310.41309 0.6724
7310.67480 0.672969
7310.93701 0.673584
7311.19922 0.67423
7311.46094 0.674892
7311.72314 0.675557
7311.98486 0.676229
7312.24805 0.67692
7312.50977 0.677639
7312.77197 0.678379
7313.03418 0.679113
7313.29590 0.679808
7313.55908 0.680445
7313.82080 0.681027
7314.08301 0.681573
7314.34521 0.682106
7314.60693 0.682636
7314.86914 0.683161
7315.13086 0.683673
7315.39404 0.684174
7315.65576 0.684674
7315.91797 0.685188
7316.18018 0.685724
7316.44189 0.686277
7316.70410 0.686835
7316.96582 0.687389
7317.22900 0.687935
7317.49121 0.688479
7317.75293 0.689025
7318.01514 0.689578
7318.27686 0.690137
7318.53906 0.690701
7318.80078 0.691268
7319.06299 0.691839
7319.32617 0.692413
7319.58789 0.693001
7319.85010 0.693611
7320.11182 0.694254
7320.37402 0.694924
7320.63623 0.695596
7320.89795 0.696234
7321.16113 0.696807
7321.42285 0.697306
7321.68506 0.697752
7321.94678 0.698182
7322.20898 0.698639
7322.47119 0.699154
7322.73291 0.699743
7322.99609 0.7004
7323.25781 0.701101
7323.52002 0.701806
7323.78223 0.702475
7324.04395 0.703077
7324.30615 0.703608
7324.56787 0.704083
7324.83105 0.704532
7325.09180 0.704988
7325.35400 0.705479
7325.61719 0.706025
7325.87891 0.706631
7326.14111 0.707284
7326.40283 0.707948
7326.66504 0.708581
7326.92676 0.709145
7327.18896 0.70962
7327.45215 0.71002
7327.71289 0.710376
7327.97607 0.71073
7328.23779 0.711116
7328.50000 0.711553
7328.76221 0.712043
7329.02393 0.712574
7329.28613 0.713128
7329.54785 0.713679
7329.81104 0.714199
7330.07178 0.71466
7330.33398 0.715043
7330.59717 0.715344
7330.85889 0.715576
7331.12109 0.715774
7331.38281 0.715976
7331.64502 0.716223
7331.90723 0.716541
7332.16895 0.716938
7332.43115 0.717407
7332.69287 0.717931
7332.95605 0.718488
7333.21777 0.719056
7333.47900 0.719614
7333.74219 0.720143
7334.00391 0.720627
7334.26611 0.721058
7334.52783 0.721435
7334.79004 0.721766
7335.05176 0.722068
7335.31396 0.722363
7335.57617 0.722672
7335.83789 0.723006
7336.10107 0.723368
7336.36182 0.723747
7336.62500 0.72412
7336.88721 0.724462
7337.14893 0.724764
7337.41113 0.725037
7337.67285 0.725303
7337.93506 0.725585
7338.19678 0.725888
7338.45898 0.726203
7338.72119 0.726509
7338.98291 0.726789
7339.24512 0.727044
7339.50684 0.727285
7339.77002 0.727531
7340.03076 0.727799
7340.29297 0.728098
7340.55615 0.728427
7340.81689 0.728774
7341.08008 0.729122
7341.34180 0.729449
7341.60400 0.729742
7341.86621 0.729996
7342.12793 0.730214
7342.39014 0.730404
7342.65186 0.730576
7342.91406 0.730738
7343.17578 0.7309
7343.43799 0.731071
7343.70020 0.731255
7343.96191 0.73144
7344.22412 0.731599
7344.48584 0.731703
7344.74902 0.731738
7345.00977 0.731722
7345.27197 0.731704
7345.53516 0.731741
7345.79590 0.731874
7346.05908 0.732106
7346.32080 0.732408
7346.58301 0.73273
7346.84521 0.73303
7347.10596 0.733279
7347.36914 0.733468
7347.63086 0.733596
7347.89307 0.733666
7348.15479 0.73368
7348.41699 0.733655
7348.67920 0.733615
7348.94092 0.733592
7349.20312 0.733614
7349.46484 0.733699
7349.72705 0.733847
7349.98877 0.734046
7350.25098 0.734269
7350.51318 0.734484
7350.77490 0.734663
7351.03711 0.734788
7351.29883 0.734859
7351.56104 0.734894
7351.82324 0.734919
7352.08496 0.734951
7352.34717 0.734998
7352.60889 0.735059
7352.87109 0.735127
7353.13281 0.735197
7353.39502 0.735258
7353.65723 0.735302
7353.91895 0.735318
7354.18115 0.735305
7354.44287 0.735273
7354.70508 0.735245
7354.96680 0.735247
7355.22900 0.735295
7355.49121 0.735392
7355.75293 0.735518
7356.01514 0.735645
7356.27686 0.735744
7356.53906 0.735801
7356.80078 0.735826
7357.06299 0.735845
7357.32520 0.735886
7357.58691 0.735967
7357.84912 0.736087
7358.11084 0.736231
7358.37305 0.736384
7358.63477 0.736534
7358.89697 0.736682
7359.15918 0.736833
7359.42090 0.736993
7359.68311 0.737164
7359.94482 0.737343
7360.20703 0.737522
7360.46924 0.737687
7360.73096 0.737825
7360.99316 0.73793
7361.25488 0.738005
7361.51709 0.73806
7361.77881 0.738102
7362.04102 0.738129
7362.30322 0.738125
7362.56494 0.738071
7362.82715 0.737963
7363.08887 0.737817
7363.35107 0.737669
7363.61279 0.737557
7363.87500 0.737511
7364.13721 0.737537
7364.39795 0.737623
7364.66113 0.737753
7364.92188 0.737906
7365.18506 0.73807
7365.44580 0.738234
7365.70801 0.738388
7365.97021 0.738523
7366.23193 0.738632
7366.49414 0.738714
7366.75586 0.73877
7367.01807 0.738806
7367.27979 0.738836
7367.54199 0.738876
7367.80420 0.738945
7368.06592 0.739051
7368.32812 0.739181
7368.58984 0.739299
7368.85205 0.739362
7369.11377 0.739344
7369.37598 0.739252
7369.63818 0.739121
7369.89893 0.738999
7370.16211 0.73893
7370.42285 0.738927
7370.68604 0.738981
7370.94678 0.739063
7371.20898 0.739135
7371.47119 0.739172
7371.73291 0.739162
7371.99512 0.739109
7372.25684 0.739019
7372.51904 0.738898
7372.78076 0.738748
7373.04297 0.738575
7373.30518 0.738396
7373.56689 0.738236
7373.82910 0.738117
7374.09082 0.738052
7374.35303 0.738035
7374.61377 0.738044
7374.87598 0.738049
7375.13818 0.738023
7375.39990 0.737953
7375.66211 0.73784
7375.92383 0.737691
7376.18604 0.737514
7376.44824 0.73731
7376.70996 0.737079
7376.97217 0.736825
7377.23389 0.736552
7377.49609 0.736263
7377.75684 0.735953
7378.02002 0.735607
7378.28076 0.735217
7378.54297 0.734794
7378.80518 0.734367
7379.06689 0.733977
7379.32910 0.733656
7379.59082 0.733407
7379.85303 0.733193
7380.11523 0.732954
7380.37598 0.732627
7380.63916 0.732174
7380.89990 0.731591
7381.16211 0.730906
7381.42383 0.730156
7381.68604 0.729376
7381.94824 0.72859
7382.20996 0.72781
7382.47217 0.727047
7382.73389 0.726312
7382.99609 0.72561
7383.25684 0.724942
7383.52002 0.724296
7383.78076 0.723643
7384.04297 0.722939
7384.30518 0.722138
7384.56689 0.721206
7384.82910 0.720132
7385.09082 0.718937
7385.35303 0.717661
7385.61377 0.716345
7385.87598 0.715015
7386.13818 0.713684
7386.39990 0.712347
7386.66211 0.710998
7386.92383 0.709623
7387.18604 0.708203
7387.44824 0.706713
7387.70898 0.705133
7387.97119 0.703457
7388.23291 0.7017
7388.49512 0.699886
7388.75684 0.698045
7389.01904 0.696195
7389.28076 0.694343
7389.54199 0.692484
7389.80518 0.690602
7390.06592 0.688684
7390.32812 0.68671
7390.58984 0.684662
7390.85205 0.682524
7391.11377 0.680286
7391.37500 0.677948
7391.63818 0.675528
7391.89893 0.673052
7392.16113 0.670545
7392.42285 0.668027
7392.68506 0.665504
7392.94678 0.662963
7393.20801 0.660372
7393.47119 0.657695
7393.73193 0.654903
7393.99414 0.651989
7394.25586 0.64898
7394.51807 0.645916
7394.77979 0.642833
7395.04199 0.639752
7395.30420 0.63667
7395.56494 0.633574
7395.82715 0.630443
7396.08887 0.627252
7396.35107 0.62397
7396.61279 0.620572
7396.87500 0.617041
7397.13623 0.613383
7397.39795 0.609623
7397.66016 0.605797
7397.92188 0.601938
7398.18408 0.598069
7398.44580 0.594198
7398.70801 0.59032
7398.96924 0.586423
7399.23096 0.582492
7399.49316 0.578513
7399.75488 0.574478
7400.01709 0.570378
7400.27783 0.566207
7400.54102 0.561965
7400.80176 0.557652
7401.06396 0.553279
7401.32617 0.548861
7401.58691 0.544415
7401.85010 0.539958
7402.11084 0.535499
7402.37305 0.531042
7402.63477 0.526582
7402.89600 0.522104
7403.15918 0.517595
7403.41992 0.513043
7403.68213 0.508448
7403.94385 0.503815
7404.20605 0.499157
7404.46777 0.494481
7404.72900 0.489792
7404.99121 0.485088
7405.25293 0.480368
7405.51514 0.475631
7405.77686 0.47088
7406.03906 0.46612
7406.29980 0.461356
7406.56201 0.456596
7406.82422 0.451851
7407.08496 0.447134
7407.34814 0.442453
7407.60889 0.437796
7407.87109 0.433138
7408.13281 0.428447
7408.39502 0.423701
7408.65576 0.418903
7408.91797 0.414073
7409.18018 0.409248
7409.44189 0.404459
7409.70410 0.399727
7409.96484 0.395057
7410.22705 0.390445
7410.48877 0.385879
7410.75098 0.381345
7411.01318 0.376827
7411.27393 0.37231
7411.53613 0.367784
7411.79785 0.36325
7412.06006 0.358718
7412.32080 0.354208
7412.58301 0.349741
7412.84521 0.34533
7413.10693 0.340982
7413.36914 0.336696
7413.62988 0.332457
7413.89209 0.328252
7414.15381 0.324062
7414.41602 0.319876
7414.67822 0.315692
7414.93896 0.311517
7415.20117 0.307363
7415.46289 0.303241
7415.72510 0.299159
7415.98584 0.295116
7416.24805 0.291108
7416.50977 0.287135
7416.77100 0.283197
7417.03418 0.279297
7417.29492 0.275444
7417.55713 0.271647
7417.81885 0.267912
7418.08105 0.264241
7418.34180 0.260629
7418.60400 0.257065
7418.86621 0.253538
7419.12695 0.250037
7419.38916 0.246554
7419.65088 0.243082
7419.91309 0.239613
7420.17383 0.236141
7420.43701 0.232669
7420.69824 0.229207
7420.95996 0.225774
7421.22217 0.222391
7421.48291 0.219072
7421.74512 0.215821
7422.00684 0.212636
7422.26904 0.209512
7422.52979 0.206447
7422.79199 0.203438
7423.05420 0.200483
7423.31494 0.197576
7423.57715 0.194713
7423.83887 0.191885
7424.10107 0.189089
7424.36182 0.186321
7424.62402 0.18358
7424.88623 0.180863
7425.14697 0.178176
7425.40918 0.175522
7425.67090 0.172911
7425.93311 0.170349
7426.19482 0.167835
7426.45703 0.165363
7426.71777 0.162924
7426.97998 0.160518
7427.24219 0.158147
7427.50293 0.155821
7427.76514 0.153545
7428.02686 0.151315
7428.28906 0.149119
7428.54980 0.146947
7428.81201 0.144791
7429.07422 0.142653
7429.33496 0.140543
7429.59717 0.138473
7429.85889 0.136453
7430.12109 0.134487
7430.38184 0.132565
7430.64404 0.130672
7430.90576 0.128791
7431.16699 0.126907
7431.42920 0.125017
7431.69092 0.123126
7431.95215 0.121252
7432.21387 0.119414
7432.47607 0.117629
7432.73682 0.115905
7432.99902 0.114235
7433.26123 0.112603
7433.52197 0.110987
7433.78418 0.109369
7434.04590 0.107742
7434.30811 0.106107
7434.56885 0.104479
7434.83105 0.102875
7435.09277 0.101312
7435.35400 0.099802
7435.61621 0.09835
7435.87793 0.09695
7436.14014 0.095594
7436.40088 0.094274
7436.66309 0.09298
7436.92480 0.091707
7437.18701 0.090452
7437.44824 0.08921
7437.70996 0.087974
7437.97119 0.086736
7438.23291 0.085487
7438.49512 0.084221
7438.75586 0.08294
7439.01807 0.081652
7439.27979 0.080372
7439.54199 0.079119
7439.80322 0.077906
7440.06494 0.076741
7440.32715 0.075626
7440.58789 0.074559
7440.85010 0.073534
7441.11084 0.072543
7441.37305 0.071573
7441.63477 0.070615
7441.89600 0.069663
7442.15820 0.068716
7442.41992 0.067778
7442.68213 0.066853
7442.94287 0.065943
7443.20508 0.065048
7443.46680 0.064168
7443.72803 0.063298
7443.99023 0.062435
7444.25098 0.061574
7444.51318 0.060713
7444.77490 0.05985
7445.03711 0.058988
7445.29785 0.058134
7445.56006 0.057296
7445.82080 0.056483
7446.08301 0.055697
7446.34521 0.054938
7446.60596 0.054199
7446.86816 0.05347
7447.12988 0.052742
7447.39209 0.05201
7447.65283 0.051275
7447.91504 0.050546
7448.17578 0.049832
7448.43799 0.049147
7448.70020 0.048499
7448.96094 0.047889
7449.22314 0.047314
7449.48389 0.046764
7449.74609 0.046226
7450.00781 0.045689
7450.27002 0.045147
7450.53076 0.044593
7450.79297 0.044026
7451.05420 0.043443
7451.31592 0.042844
7451.57812 0.042234
7451.83887 0.04162
7452.10107 0.041013
7452.36182 0.040422
7452.62402 0.039855
7452.88623 0.039315
7453.14697 0.038802
7453.40918 0.038314
7453.67090 0.037848
7453.93213 0.0374
7454.19385 0.036963
7454.45605 0.036529
7454.71680 0.036087
7454.97900 0.035632
7455.24023 0.035161
7455.50195 0.034676
7455.76416 0.034185
7456.02490 0.033697
7456.28711 0.033221
7456.54785 0.032766
7456.81006 0.032335
7457.07178 0.031932
7457.33301 0.031556
7457.59521 0.031204
7457.85596 0.030866
7458.11816 0.030532
7458.37988 0.030192
7458.64111 0.02984
7458.90283 0.029476
7459.16504 0.029104
7459.42578 0.028728
7459.68799 0.028354
7459.94922 0.027987
7460.21094 0.027628
7460.47314 0.027278
7460.73389 0.026936
7460.99609 0.026601
7461.25684 0.026274
7461.51904 0.025954
7461.78076 0.025644
7462.04199 0.025345
7462.30420 0.025058
7462.56494 0.024782
7462.82715 0.024514
7463.08789 0.024248
7463.35010 0.023978
7463.61182 0.023699
7463.87305 0.02341
7464.13477 0.023115
7464.39600 0.022816
7464.65820 0.022522
7464.91895 0.022238
7465.18115 0.021968
7465.44287 0.021716
7465.70410 0.021482
7465.96582 0.021265
7466.22803 0.02106
7466.48877 0.020861
7466.75000 0.02066
7467.01221 0.020448
7467.27393 0.020221
7467.53516 0.01998
7467.79688 0.019731
7468.05908 0.019481
7468.31982 0.019239
7468.58203 0.019014
7468.84277 0.018808
7469.10498 0.018617
7469.36621 0.018433
7469.62793 0.018247
7469.89014 0.018049
7470.15088 0.017834
7470.41309 0.017601
7470.67383 0.017356
7470.93604 0.017106
7471.19678 0.016858
7471.45898 0.016618
7471.72021 0.016392
7471.98193 0.016185
7472.24414 0.016004
7472.50488 0.015852
7472.76709 0.015726
7473.02783 0.015618
7473.29004 0.015512
7473.55078 0.015397
7473.81299 0.015263
7474.07422 0.01511
7474.33594 0.014943
7474.59814 0.014768
7474.85889 0.014594
7475.12109 0.014425
7475.38184 0.014266
7475.64404 0.014121
7475.90479 0.013992
7476.16699 0.013876
7476.42822 0.013768
7476.68994 0.013662
7476.95117 0.013553
7477.21289 0.013438
7477.47412 0.013319
7477.73584 0.013195
7477.99805 0.013064
7478.25879 0.012926
7478.52100 0.012777
7478.78223 0.01262
7479.04297 0.012456
7479.30518 0.012289
7479.56592 0.012125
7479.82812 0.011965
7480.08984 0.011812
7480.35107 0.011669
7480.61279 0.011538
7480.87402 0.01142
7481.13623 0.01132
7481.39697 0.011241
7481.65918 0.011189
7481.91992 0.011168
7482.18213 0.011178
7482.44287 0.011216
7482.70508 0.011271
8230.97559 0.0
