threeML/data/optical_filters/CAHA/CAHA-f_683_55_2.ecsv
# %ECSV 0.9
# ---
# datatype:
# - {name: wavelength, unit: Angstrom, datatype: float32}
# - {name: response, datatype: float32}
# meta: !!omap
# - {band_name: f_683_55_2}
# - {group_name: CAHA}
wavelength response
5418.55225 0.0
6020.61377 0.004007
6023.88184 0.004041
6027.15088 0.004066
6030.41895 0.004082
6033.68799 0.004088
6036.95605 0.004085
6040.22510 0.004074
6043.49316 0.004057
6046.76221 0.004037
6050.02979 0.004017
6053.29883 0.003999
6056.56787 0.003985
6059.83691 0.003974
6063.10596 0.003964
6066.37500 0.003955
6069.64502 0.003947
6072.91406 0.00394
6076.18311 0.003937
6079.45312 0.00394
6082.72217 0.003951
6085.99219 0.003972
6089.26221 0.004002
6092.53076 0.004038
6095.80078 0.004077
6099.07080 0.004114
6102.34082 0.004147
6105.61084 0.004173
6108.88086 0.004194
6112.15088 0.00421
6115.42188 0.004225
6118.69189 0.004243
6121.96191 0.004264
6125.23291 0.004291
6128.50391 0.004322
6131.77393 0.004356
6135.04492 0.00439
6138.31592 0.004421
6141.58691 0.004445
6144.85791 0.004462
6148.12891 0.004469
6151.39990 0.004466
6154.67090 0.004455
6157.94189 0.004437
6161.21387 0.004414
6164.48486 0.004392
6167.75684 0.004375
6171.02783 0.004369
6174.29980 0.004378
6177.57178 0.004407
6180.84424 0.004457
6184.11523 0.004528
6187.38721 0.004616
6190.66016 0.004721
6193.93213 0.004836
6197.20410 0.004959
6200.47607 0.005084
6203.74902 0.005209
6207.02100 0.005328
6210.29297 0.005439
6213.56592 0.005539
6216.83789 0.005623
6220.11084 0.005692
6223.38379 0.005745
6226.65723 0.005783
6229.93018 0.005809
6233.20312 0.005825
6236.47607 0.005836
6239.75000 0.005846
6243.02197 0.005859
6246.29590 0.005878
6249.56885 0.00591
6252.84277 0.005957
6256.11621 0.006022
6259.39014 0.006107
6262.66406 0.00621
6265.93799 0.006329
6269.21094 0.00646
6272.48486 0.006597
6275.75879 0.006734
6279.03320 0.006866
6282.30811 0.006989
6285.58203 0.007102
6288.85596 0.007205
6292.12988 0.007302
6295.40479 0.007398
6298.68018 0.007498
6301.95410 0.007608
6305.22900 0.007733
6308.50391 0.007877
6311.77881 0.008043
6315.05420 0.008231
6318.32910 0.008439
6321.60400 0.008666
6324.87891 0.008908
6328.15381 0.00916
6331.42920 0.009418
6334.70508 0.009683
6337.97998 0.009958
6341.25586 0.01025
6344.53076 0.010568
6347.80713 0.010923
6351.08301 0.011327
6354.35889 0.011786
6357.63477 0.012307
6360.91113 0.012891
6364.18701 0.013537
6367.46289 0.014246
6370.73877 0.015017
6374.01611 0.015855
6377.29199 0.016764
6380.56787 0.017755
6383.84521 0.018841
6387.12207 0.020036
6390.39795 0.021353
6393.67480 0.022806
6396.95215 0.024406
6400.22900 0.026164
6403.50488 0.028089
6406.78320 0.030189
6410.06006 0.032473
6413.33691 0.034946
6416.61377 0.037613
6419.89209 0.040475
6423.16895 0.043529
6426.44678 0.046768
6429.72510 0.05018
6433.00195 0.05375
6436.27979 0.057458
6439.55811 0.061286
6442.83496 0.065214
6446.11279 0.069227
6449.39209 0.073311
6452.66992 0.077459
6455.94824 0.081666
6459.22607 0.085931
6462.50391 0.090256
6465.78320 0.094647
6469.06201 0.099108
6472.33984 0.103645
6475.61914 0.108263
6478.89697 0.112969
6482.17578 0.117767
6485.45508 0.122665
6488.73389 0.12768
6492.01318 0.132832
6495.29199 0.138155
6498.57178 0.14369
6501.85107 0.14949
6505.12988 0.155612
6508.41016 0.162111
6511.68896 0.169039
6514.96924 0.176438
6518.24902 0.18434
6521.52783 0.192764
6524.80811 0.201722
6528.08789 0.211227
6531.36816 0.221292
6534.64795 0.231937
6537.92822 0.243193
6541.20801 0.255094
6544.48779 0.267679
6547.76904 0.280979
6551.04883 0.295012
6554.33008 0.309776
6557.60986 0.325238
6560.89111 0.341336
6564.17188 0.357969
6567.45312 0.375008
6570.73291 0.392294
6574.01416 0.409651
6577.29492 0.426891
6580.57715 0.443822
6583.85791 0.460259
6587.13916 0.476028
6590.41992 0.49097
6593.70215 0.504946
6596.98291 0.517836
6600.26514 0.529543
6603.54590 0.539991
6606.82812 0.54912
6610.10986 0.556895
6613.39209 0.563296
6616.67383 0.568325
6619.95605 0.572002
6623.23779 0.574369
6626.52002 0.575494
6629.80176 0.575464
6633.08398 0.574392
6636.36719 0.572404
6639.64893 0.569639
6642.93213 0.56624
6646.21484 0.562348
6649.49805 0.558099
6652.77979 0.553618
6656.06299 0.549018
6659.34619 0.544402
6662.62891 0.539852
6665.91211 0.535441
6669.19482 0.531221
6672.47900 0.527227
6675.76221 0.523482
6679.04492 0.519995
6682.32910 0.516766
6685.61182 0.513792
6688.89600 0.51107
6692.18018 0.508602
6695.46289 0.50639
6698.74707 0.504446
6702.03076 0.50278
6705.31494 0.501413
6708.59912 0.500364
6711.88281 0.499654
6715.16699 0.499313
6718.45215 0.499366
6721.73584 0.49984
6725.02100 0.500754
6728.30518 0.502124
6731.58984 0.503958
6734.87500 0.506257
6738.15918 0.509017
6741.44385 0.512219
6744.72900 0.51583
6748.01416 0.519788
6751.29883 0.524007
6754.58398 0.52837
6757.87012 0.532739
6761.15479 0.536976
6764.43994 0.540959
6767.72607 0.544595
6771.01123 0.547838
6774.29688 0.550687
6777.58301 0.553169
6780.86816 0.555335
6784.15381 0.557238
6787.43994 0.558918
6790.72607 0.560402
6794.01221 0.561696
6797.29785 0.562794
6800.58398 0.563688
6803.87109 0.564369
6807.15723 0.564836
6810.44287 0.565103
6813.72998 0.565193
6817.01709 0.565136
6820.30322 0.564976
6823.58984 0.564757
6826.87695 0.56453
6830.16406 0.564341
6833.45117 0.564238
6836.73779 0.564257
6840.02490 0.56442
6843.31201 0.56473
6846.59912 0.565169
6849.88721 0.565702
6853.17383 0.566274
6856.46094 0.566827
6859.75000 0.5673
6863.03711 0.567641
6866.32520 0.567812
6869.61279 0.56779
6872.89990 0.567565
6876.18799 0.567145
6879.47705 0.566544
6882.76514 0.565785
6886.05322 0.564888
6889.34082 0.563874
6892.62891 0.562755
6895.91797 0.561533
6899.20703 0.560195
6902.49512 0.558718
6905.78418 0.557064
6909.07178 0.55519
6912.36084 0.553047
6915.64990 0.550592
6918.93896 0.547786
6922.22803 0.544598
6925.51709 0.541011
6928.80615 0.537011
6932.09619 0.532601
6935.38477 0.527793
6938.67383 0.522611
6941.96387 0.517092
6945.25293 0.51128
6948.54297 0.505225
6951.83301 0.498976
6955.12305 0.492577
6958.41211 0.486059
6961.70215 0.479439
6964.99219 0.472714
6968.28223 0.465865
6971.57324 0.458859
6974.86279 0.451654
6978.15283 0.444208
6981.44385 0.436498
6984.73389 0.428529
6988.02393 0.420347
6991.31494 0.412044
6994.60596 0.403751
6997.89697 0.395623
7001.18799 0.38782
7004.47900 0.380489
7007.77002 0.373743
7011.06104 0.367655
7014.35205 0.362262
7017.64307 0.357565
7020.93506 0.353548
7024.22607 0.350176
7027.51709 0.347413
7030.80908 0.345216
7034.10107 0.343533
7037.39209 0.342306
7040.68408 0.341467
7043.97607 0.340935
7047.26807 0.340624
7050.56006 0.340434
7053.85205 0.340266
7057.14404 0.340016
7060.43604 0.339581
7063.72900 0.338855
7067.02100 0.33773
7070.31299 0.336095
7073.60596 0.333838
7076.89795 0.330852
7080.19092 0.327032
7083.48389 0.322286
7086.77686 0.316539
7090.06982 0.309737
7093.36279 0.301852
7096.65576 0.292884
7099.94922 0.282868
7103.24219 0.27187
7106.53613 0.259991
7109.82910 0.247362
7113.12207 0.23414
7116.41602 0.220503
7119.70898 0.206642
7123.00293 0.192749
7126.29688 0.179011
7129.59082 0.165599
7132.88477 0.152663
7136.17920 0.140326
7139.47314 0.128681
7142.76709 0.117792
7146.06104 0.107696
7149.35498 0.098401
7152.64893 0.089897
7155.94385 0.082157
7159.23779 0.075139
7162.53320 0.068794
7165.82812 0.06307
7169.12305 0.057909
7172.41699 0.053257
7175.71191 0.049062
7179.00684 0.045274
7182.30176 0.041849
7185.59814 0.03875
7188.89307 0.035941
7192.18799 0.033394
7195.48291 0.031083
7198.77881 0.028986
7202.07422 0.027083
7205.37012 0.025357
7208.66602 0.023793
7211.96094 0.022378
7215.25684 0.021099
7218.55322 0.019945
7221.84912 0.018906
7225.14502 0.017974
7228.44092 0.017138
7231.73682 0.016391
7235.03418 0.015725
7238.33008 0.015133
7241.62598 0.014608
7244.92285 0.014142
7248.21924 0.013727
7251.51611 0.013353
7254.81299 0.013011
7258.10889 0.012692
7261.40576 0.012386
7264.70410 0.012088
7268.00000 0.011792
7271.29688 0.011494
7274.59521 0.011194
7277.89209 0.010893
7281.18896 0.010593
7284.48682 0.010299
7287.78418 0.010016
7291.08203 0.009749
7294.37891 0.009501
7297.67676 0.009277
7300.97510 0.009079
7304.27295 0.008907
7307.57080 0.00876
7310.86914 0.008636
7314.16699 0.008533
7317.46484 0.008447
7320.76318 0.008376
7324.06201 0.008317
7327.35986 0.008268
7330.65918 0.00823
7333.95703 0.0082
7337.25586 0.008177
7340.55518 0.00816
7343.85400 0.008146
7347.15186 0.008131
7350.45117 0.008114
7353.75000 0.00809
7357.04883 0.008057
7360.34814 0.008011
7363.64697 0.00795
7366.94678 0.007871
7370.24609 0.007774
7373.54590 0.00766
7376.84521 0.007529
7380.14502 0.007386
7383.44482 0.007232
7386.74512 0.00707
7390.04395 0.006902
7393.34424 0.006727
7396.64404 0.006548
7399.94385 0.006364
7403.24512 0.006177
7406.54492 0.005989
7409.84521 0.005801
7413.14600 0.005616
7416.44580 0.005436
7419.74707 0.005263
7423.04688 0.005096
7426.34814 0.004936
7429.64795 0.004783
7432.94922 0.004636
7436.25000 0.004498
7439.55078 0.004368
7442.85205 0.004248
7446.15283 0.004139
7449.45508 0.004043
8194.40039 0.0
