threeML/data/optical_filters/CAHA/CAHA-f_451_73.ecsv
# %ECSV 0.9
# ---
# datatype:
# - {name: wavelength, unit: Angstrom, datatype: float32}
# - {name: response, datatype: float32}
# meta: !!omap
# - {band_name: f_451_73}
# - {group_name: CAHA}
wavelength response
[from data line 805]
4665.93994 0.354892
4668.00000 0.353805
4670.06006 0.352787
4672.12012 0.351696
4674.18018 0.350516
4676.24023 0.349324
4678.29980 0.348287
4680.35986 0.346931
4682.41992 0.345674
4684.47998 0.344413
4686.54004 0.343024
4688.60010 0.341623
4690.66016 0.340311
4692.72021 0.338878
4694.77979 0.33737
4696.83984 0.335872
4698.89990 0.334503
4700.95996 0.333015
4703.02002 0.331607
4705.08008 0.330303
4707.14014 0.328791
4709.20020 0.327341
4711.25977 0.325748
4713.31982 0.324058
4715.37988 0.3225
4717.43994 0.321032
4719.50000 0.319531
4721.56006 0.317908
4723.62012 0.316409
4725.68018 0.314819
4727.74023 0.313216
4729.79980 0.311557
4731.85986 0.310068
4733.91992 0.308548
4735.97998 0.307026
4738.04004 0.305479
4740.10010 0.303994
4742.16016 0.302489
4744.22021 0.30091
4746.27979 0.299265
4748.33984 0.297553
4750.39990 0.295838
4752.45996 0.294317
4754.52002 0.292711
4756.58008 0.290994
4758.64014 0.289234
4760.70020 0.287612
4762.75977 0.285897
4764.81982 0.284115
4766.87988 0.282344
4768.93994 0.280632
4771.00000 0.278878
4773.06006 0.277256
4775.12012 0.275406
4777.18018 0.273538
4779.24023 0.271738
4781.29980 0.269967
4783.35986 0.268187
4785.41992 0.26627
4787.47998 0.264487
4789.54004 0.262744
4791.60010 0.260975
4793.66016 0.25928
4795.72021 0.257393
4797.77979 0.255527
4799.83984 0.253805
4801.89990 0.251977
4803.95996 0.250086
4806.02002 0.248177
4808.08008 0.246331
4810.14014 0.244524
4812.20020 0.24269
4814.25977 0.240861
4816.31982 0.239028
4818.37988 0.237236
4820.43994 0.235381
4822.50000 0.233381
4824.56006 0.231461
4826.62012 0.229566
4828.68018 0.227723
4830.74023 0.225775
4832.79980 0.223861
4834.85986 0.221934
4836.91992 0.220061
4838.97998 0.218201
4841.04004 0.216358
4843.10010 0.214413
4845.16016 0.212639
4847.22021 0.21077
4849.27979 0.208994
4851.33984 0.207221
4853.39990 0.205384
4855.45996 0.20346
4857.52002 0.201651
4859.58008 0.199851
4861.64014 0.19807
4863.70020 0.196305
4865.75977 0.194639
4867.81982 0.192894
4869.87988 0.191127
4871.93994 0.189345
4874.00000 0.187702
4876.06006 0.185999
4878.12012 0.184305
4880.18018 0.182545
4882.24023 0.180851
4884.29980 0.17913
4886.35986 0.177504
4888.41992 0.175774
4890.47998 0.174123
4892.54004 0.172428
4894.60010 0.170652
4896.66016 0.169008
4898.72021 0.167464
4900.77979 0.16582
4902.83984 0.164198
4904.89990 0.162569
4906.95996 0.160947
4909.02002 0.159413
4911.08008 0.157866
4913.14014 0.156358
4915.20020 0.154838
4917.25977 0.153321
4919.31982 0.151878
4921.37988 0.150461
4923.43994 0.149046
4925.50000 0.147657
4927.56006 0.14631
4929.62012 0.144858
4931.68018 0.143554
4933.74023 0.142274
4935.79980 0.140966
4937.85986 0.139798
4939.91992 0.138561
4941.97998 0.137275
4944.04004 0.136081
4946.10010 0.134915
4948.16016 0.133708
4950.22021 0.132613
4952.27979 0.131431
4954.33984 0.13029
4956.39990 0.129135
4958.45996 0.12803
4960.52002 0.126928
4962.58008 0.125841
4964.64014 0.124791
4966.70020 0.123724
4968.75977 0.122718
4970.81982 0.12163
4972.87988 0.120631
4974.93994 0.119645
4977.00000 0.118613
4979.06006 0.117636
4981.12012 0.116652
4983.18018 0.115641
4985.24023 0.114713
4987.29980 0.113719
4989.35986 0.112768
4991.41992 0.111822
4993.47998 0.110835
4995.54004 0.109842
4997.60010 0.108862
4999.66016 0.107877
5001.72021 0.106909
5003.77979 0.105892
5005.83984 0.104848
5007.89990 0.1037
5009.95996 0.102665
5012.02002 0.10156
5014.08008 0.100511
5016.14014 0.09944
5018.20020 0.098332
5020.25977 0.097239
5022.31982 0.096188
5024.37988 0.095008
5026.43994 0.093916
5028.50000 0.092772
5030.56006 0.091651
5032.62012 0.090421
5034.68018 0.089241
5036.74023 0.088039
5038.79980 0.086869
5040.85986 0.085706
5042.91992 0.084553
5044.97998 0.083348
5047.04004 0.08215
5049.10010 0.080938
5051.16016 0.079837
5053.22021 0.078708
5055.27979 0.077612
5057.33984 0.076484
5059.39990 0.075377
5061.45996 0.074269
5063.52002 0.073157
5065.58008 0.071989
5067.64014 0.070915
5069.70020 0.069834
5071.75977 0.068813
5073.81982 0.067775
5075.87988 0.066761
5077.93994 0.065774
5080.00000 0.064815
5082.06006 0.063879
5084.12012 0.062938
5086.18018 0.061996
5088.24023 0.061108
5090.29980 0.060227
5092.35986 0.059388
5094.41992 0.058535
5096.47998 0.057682
5098.54004 0.056786
5100.60010 0.055933
5102.66016 0.055089
5104.72021 0.054271
5106.77979 0.053466
5108.83984 0.052756
5110.89990 0.052003
5112.95996 0.051216
5115.02002 0.050462
5117.08008 0.049739
5119.14014 0.049006
5121.20020 0.048294
5123.25977 0.047562
5125.31982 0.046807
5127.37988 0.046101
5129.43994 0.045407
5131.50000 0.044712
5133.56006 0.044041
5135.62012 0.043395
5137.68018 0.042758
5139.74023 0.042118
5141.79980 0.041506
5143.85986 0.04088
5145.91992 0.040245
5147.97998 0.039584
5150.04004 0.038964
5152.10010 0.038278
5154.16016 0.037689
5156.22021 0.037115
5158.27979 0.036467
5160.33984 0.035845
5162.39990 0.035234
5164.45996 0.034618
5166.52002 0.034045
5168.58008 0.033484
5170.64014 0.032906
5172.70020 0.032345
5174.75977 0.031784
5176.81982 0.031209
5178.87988 0.030613
5180.93994 0.030029
5183.00000 0.029482
5185.06006 0.028932
5187.12012 0.028408
5189.18018 0.027918
5191.24023 0.027392
5193.29980 0.026867
5195.35986 0.026394
5197.41992 0.025875
5199.47998 0.025347
5201.54004 0.024889
5203.60010 0.0244
5205.66016 0.02393
5207.72021 0.023471
5209.77979 0.023006
5211.83984 0.022585
5213.89990 0.022132
5215.95996 0.021671
5218.02002 0.021254
5220.08008 0.020816
5222.14014 0.020375
5224.20020 0.019957
5226.25977 0.019541
5228.31982 0.019117
5230.37988 0.018714
5232.43994 0.018317
5234.50000 0.017924
5236.56006 0.01756
5238.62012 0.017212
5240.68018 0.016868
5242.74023 0.016519
5244.79980 0.016169
5246.85986 0.015831
5248.91992 0.015526
5250.97998 0.015211
5253.04004 0.01491
5255.10010 0.014584
5257.16016 0.014297
5259.22021 0.014049
5261.27979 0.013744
5263.33984 0.0135
5265.39990 0.013262
5267.45996 0.013029
5269.52002 0.012763
5271.58008 0.012528
5273.64014 0.012337
5275.70020 0.012097
5277.75977 0.011909
5279.81982 0.011685
5281.87988 0.011456
5283.93994 0.01124
5286.00000 0.011058
5288.06006 0.010871
5290.12012 0.010693
5292.18018 0.010524
5294.24023 0.010349
5296.29980 0.010165
5298.35986 0.010004
5300.41992 0.009834
5302.47998 0.009652
5304.54004 0.009527
5306.60010 0.009373
5308.66016 0.009241
5310.72021 0.009091
5312.77979 0.008976
5314.83984 0.008853
5316.89990 0.008726
5318.95996 0.008635
5321.02002 0.008532
5323.08008 0.00845
5325.14014 0.008358
5327.20020 0.008266
5329.25977 0.008152
5331.31982 0.008066
5333.37988 0.008001
5335.43994 0.0079
5337.50000 0.00782
5339.56006 0.00775
5341.62012 0.007676
5343.68018 0.007605
5345.74023 0.007534
5347.79980 0.007483
5349.85986 0.007423
5351.91992 0.007362
5353.97998 0.007306
5356.04004 0.007234
5358.10010 0.007163
5360.16016 0.007091
5362.22021 0.007032
5364.27979 0.006961
5366.33984 0.006902
5368.39990 0.006853
5370.45996 0.006814
5372.52002 0.006795
5374.58008 0.00677
5376.64014 0.006741
5378.70020 0.00672
5380.75977 0.006698
5382.81982 0.00668
5384.87988 0.006667
5386.93994 0.006646
5389.00000 0.006646
5391.06006 0.006625
5393.12012 0.006621
5395.18018 0.00664
5397.24023 0.006639
5399.29980 0.006641
5401.35986 0.00667
5403.41992 0.006686
5405.47998 0.006685
5407.54004 0.006721
5409.60010 0.006732
5411.66016 0.006707
5413.72021 0.006711
5415.77979 0.006727
5417.83984 0.00672
5419.89990 0.006707
5421.95996 0.006711
5424.02002 0.006698
5426.08008 0.006699
5428.14014 0.006714
5430.20020 0.006733
5432.25977 0.006724
5434.31982 0.00673
5436.37988 0.006778
5438.43994 0.006776
5440.50000 0.006789
5442.56006 0.006829
5444.62012 0.006855
5446.68018 0.006898
5448.74023 0.006954
5450.79980 0.006997
5452.85986 0.00705
5454.91992 0.007134
5456.97998 0.007201
5459.04004 0.007271
5461.10010 0.007333
5463.16016 0.007401
5465.22021 0.00747
5467.27979 0.007559
5469.33984 0.007642
5471.39990 0.007726
5473.45996 0.0078
5475.52002 0.007908
5477.58008 0.008024
5479.64014 0.008104
5481.70020 0.008207
5483.75977 0.008302
5485.81982 0.0084
5487.87988 0.008499
5489.93994 0.00858
5492.00000 0.008666
5494.06006 0.008737
5496.12012 0.008842
5498.18018 0.008948
5500.24023 0.009041
5502.29980 0.009143
5504.35986 0.009241
5506.41992 0.009384
5508.47998 0.009516
5510.54004 0.009631
5512.60010 0.009737
5514.66016 0.009853
5516.72021 0.009995
5518.77979 0.010121
5520.83984 0.010236
5522.89990 0.010357
5524.95996 0.010466
5527.02002 0.010615
5529.08008 0.010724
5531.14014 0.010844
5533.20020 0.010963
5535.25977 0.011082
5537.31982 0.011211
5539.37988 0.011307
5541.43994 0.01142
5543.50000 0.011519
5545.56006 0.011629
5547.62012 0.01175
5549.68018 0.011797
5551.74023 0.011852
5553.79980 0.011948
5555.85986 0.012043
5557.91992 0.012102
5559.97998 0.012152
5562.04004 0.012189
5564.10010 0.01223
5566.16016 0.012283
5568.22021 0.012314
5570.27979 0.012333
5572.33984 0.012388
5574.39990 0.012428
5576.45996 0.012439
5578.52002 0.012466
5580.58008 0.012469
5582.64014 0.012483
5584.70020 0.01249
5586.75977 0.012497
5588.81982 0.012467
5590.87988 0.012456
5592.93994 0.012472
5595.00000 0.012474
5597.06006 0.012453
5599.12012 0.012438
5601.18018 0.012409
5603.24023 0.012377
5605.29980 0.012349
5607.35986 0.012315
5609.41992 0.012259
5611.47998 0.012217
5613.54004 0.012158
5615.60010 0.012074
5617.66016 0.011999
5619.72021 0.011929
5621.77979 0.011833
5623.83984 0.01177
5625.89990 0.011697
5627.95996 0.011609
5630.02002 0.011507
5632.08008 0.011419
5634.14014 0.011297
5636.20020 0.011171
5638.25977 0.011047
5640.31982 0.0109
5642.37988 0.010751
5644.43994 0.010628
5646.50000 0.010513
5648.56006 0.010383
5650.62012 0.010251
5652.68018 0.010119
5654.74023 0.010001
5656.79980 0.009868
5658.85986 0.00974
5660.91992 0.009582
5662.97998 0.009441
5665.04004 0.009315
5667.10010 0.009155
5669.16016 0.008999
5671.22021 0.008853
5673.27979 0.008703
5675.33984 0.008538
5677.39990 0.008401
5679.45996 0.008259
5681.52002 0.008106
5683.58008 0.007965
5685.64014 0.007822
5687.70020 0.007657
5689.75977 0.007481
5691.81982 0.007315
5693.87988 0.007139
5695.93994 0.00699
5698.00000 0.006826
5700.06006 0.006657
5702.12012 0.006479
5704.18018 0.006342
5706.24023 0.006178
5708.29980 0.006018
5710.35986 0.005896
5712.41992 0.005746
5714.47998 0.005598
5716.54004 0.005466
5718.60010 0.005333
5720.66016 0.005197
5722.72021 0.005064
5724.77979 0.00495
5726.83984 0.004825
5728.89990 0.004685
5730.95996 0.004574
5733.02002 0.004474
5735.08008 0.004344
5737.14014 0.004238
5739.20020 0.004111
6313.12012 0.0
