threeML/data/optical_filters/CAHA/CAHA-f_660_2.ecsv
# %ECSV 0.9
# ---
# datatype:
# - {name: wavelength, unit: Angstrom, datatype: float32}
# - {name: response, datatype: float32}
# meta: !!omap
# - {band_name: f_660_2}
# - {group_name: CAHA}
wavelength response
5901.29980 0.0
6557.00000 0.00411
6557.27002 0.004088
6557.52979 0.004121
6557.79004 0.004337
6558.04980 0.004289
6558.31006 0.004331
6558.56982 0.004528
6558.83008 0.004513
6559.08984 0.00466
6559.35986 0.004739
6559.62012 0.004852
6559.87988 0.004841
6560.14014 0.005072
6560.39990 0.005228
6560.66016 0.005238
6560.91992 0.005382
6561.18994 0.005517
6561.45020 0.005646
6561.70996 0.005809
6561.97021 0.005904
6562.22998 0.00618
6562.49023 0.006101
6562.75000 0.006248
6563.00977 0.006571
6563.27979 0.006629
6563.54004 0.006619
6563.79980 0.006925
6564.06006 0.007246
6564.31982 0.007257
6564.58008 0.007239
6564.83984 0.007714
6565.10010 0.007774
6565.37012 0.007909
6565.62988 0.008193
6565.89014 0.008433
6566.14990 0.008638
6566.41016 0.009078
6566.66992 0.009215
6566.93018 0.00948
6567.18994 0.00962
6567.45996 0.010097
6567.72021 0.010225
6567.97998 0.01057
6568.24023 0.010938
6568.50000 0.011147
6568.75977 0.011476
6569.02002 0.01188
6569.29004 0.01219
6569.54980 0.012576
6569.81006 0.012775
6570.06982 0.013413
6570.33008 0.01376
6570.58984 0.014366
6570.85010 0.015021
6571.10986 0.015254
6571.37988 0.015842
6571.64014 0.016337
6571.89990 0.017188
6572.16016 0.017518
6572.41992 0.018172
6572.68018 0.018849
6572.93994 0.019451
6573.20020 0.020162
6573.47021 0.021226
6573.72998 0.021668
6573.99023 0.02252
6574.25000 0.023475
6574.50977 0.024313
6574.77002 0.025261
6575.02979 0.026345
6575.29004 0.027641
6575.56006 0.028721
6575.81982 0.02985
6576.08008 0.030912
6576.33984 0.032387
6576.60010 0.033428
6576.85986 0.035104
6577.12012 0.036702
6577.39014 0.038516
6577.64990 0.040079
6577.91016 0.04159
6578.16992 0.043941
6578.43018 0.046057
6578.68994 0.047645
6578.95020 0.050003
6579.20996 0.052745
6579.47998 0.055384
6579.74023 0.058056
6580.00000 0.061201
6580.25977 0.063953
6580.52002 0.067225
6580.77979 0.070769
6581.04004 0.074545
6581.31006 0.077928
6581.56982 0.082403
6581.83008 0.087178
6582.08984 0.091843
6582.35010 0.096284
6582.60986 0.101366
6582.87012 0.107714
6583.12988 0.113924
6583.39990 0.120082
6583.66016 0.126329
6583.91992 0.133803
6584.18018 0.142305
6584.43994 0.15062
6584.70020 0.158841
6584.95996 0.16773
6585.22021 0.177909
6585.49023 0.18838
6585.75000 0.199895
6586.00977 0.211822
6586.27002 0.22364
6586.52979 0.235563
6586.79004 0.250603
6587.04980 0.264232
6587.31006 0.279359
6587.58008 0.294333
6587.83984 0.310428
6588.10010 0.327682
6588.35986 0.344262
6588.62012 0.362331
6588.87988 0.381167
6589.14014 0.400062
6589.41016 0.418996
6589.66992 0.43729
6589.93018 0.457026
6590.18994 0.476698
6590.45020 0.49409
6590.70996 0.514391
6590.97021 0.532192
6591.22998 0.550054
6591.50000 0.567137
6591.75977 0.583266
6592.02002 0.600536
6592.27979 0.615113
6592.54004 0.62535
6592.79980 0.641782
6593.06006 0.654324
6593.31982 0.664917
6593.58984 0.674156
6593.85010 0.683601
6594.10986 0.692325
6594.37012 0.702224
6594.62988 0.708603
6594.89014 0.714061
6595.14990 0.718595
6595.41992 0.722597
6595.68018 0.728682
6595.93994 0.730461
6596.20020 0.732503
6596.45996 0.732699
6596.72021 0.737704
6596.97998 0.739533
6597.24023 0.740375
6597.50977 0.740515
6597.77002 0.741664
6598.02979 0.74277
6598.29004 0.741796
6598.54980 0.741208
6598.81006 0.741346
6599.06982 0.740244
6599.33008 0.740268
6599.60010 0.738491
6599.85986 0.737713
6600.12012 0.733289
6600.37988 0.73116
6600.64014 0.72982
6600.89990 0.728569
6601.16016 0.722226
6601.43018 0.716989
6601.68994 0.714285
6601.95020 0.710397
6602.20996 0.703086
6602.47021 0.692227
6602.72998 0.683245
6602.99023 0.674123
6603.25000 0.665585
6603.52002 0.652728
6603.77979 0.637833
6604.04004 0.624453
6604.29980 0.612259
6604.56006 0.597655
6604.81982 0.581677
6605.08008 0.562753
6605.33984 0.545413
6605.60986 0.530608
6605.87012 0.511465
6606.12988 0.49244
6606.39014 0.472279
6606.64990 0.454052
6606.91016 0.435657
6607.16992 0.415825
6607.43994 0.397481
6607.70020 0.377754
6607.95996 0.361906
6608.22021 0.344098
6608.47998 0.3265
6608.74023 0.310131
6609.00000 0.294076
6609.25977 0.279424
6609.52979 0.264766
6609.79004 0.2501
6610.04980 0.236381
6610.31006 0.224183
6610.56982 0.21279
6610.83008 0.20112
6611.08984 0.189943
6611.35010 0.17959
6611.62012 0.169554
6611.87988 0.16063
6612.14014 0.151928
6612.39990 0.142774
6612.66016 0.135216
6612.91992 0.127812
6613.18018 0.121872
6613.43994 0.115101
6613.70996 0.108982
6613.97021 0.103885
6614.22998 0.098778
6614.49023 0.092827
6614.75000 0.087882
6615.00977 0.083899
6615.27002 0.080107
6615.54004 0.075702
6615.79980 0.072743
6616.06006 0.068455
6616.31982 0.065417
6616.58008 0.062521
6616.83984 0.059091
6617.10010 0.056797
6617.35986 0.054118
6617.62988 0.051298
6617.89014 0.049145
6618.14990 0.047025
6618.41016 0.044693
6618.66992 0.04281
6618.93018 0.041216
6619.18994 0.039
6619.45020 0.037917
6619.72021 0.036234
6619.97998 0.034663
6620.24023 0.033501
6620.50000 0.032331
6620.75977 0.030812
6621.02002 0.02948
6621.27979 0.028054
6621.54980 0.02696
6621.81006 0.026418
6622.06982 0.02525
6622.33008 0.024348
6622.58984 0.023434
6622.85010 0.022565
6623.10986 0.021804
6623.37012 0.020956
6623.64014 0.020231
6623.89990 0.019477
6624.16016 0.018686
6624.41992 0.018454
6624.68018 0.017708
6624.93994 0.017002
6625.20020 0.016766
6625.45996 0.016127
6625.72998 0.015289
6625.99023 0.015206
6626.25000 0.014546
6626.50977 0.014182
6626.77002 0.013669
6627.02979 0.01342
6627.29004 0.012704
6627.56006 0.012552
6627.81982 0.012214
6628.08008 0.011813
6628.33984 0.01149
6628.60010 0.011105
6628.85986 0.01097
6629.12012 0.01051
6629.37988 0.010193
6629.64990 0.009884
6629.91016 0.009643
6630.16992 0.009588
6630.43018 0.009231
6630.68994 0.008816
6630.95020 0.008819
6631.20996 0.008564
6631.47021 0.008251
6631.74023 0.00814
6632.00000 0.008007
6632.25977 0.007674
6632.52002 0.007458
6632.77979 0.007418
6633.04004 0.007111
6633.29980 0.006954
6633.56006 0.006736
6633.83008 0.006673
6634.08984 0.00655
6634.35010 0.006332
6634.60986 0.006244
6634.87012 0.006064
6635.12988 0.0061
6635.39014 0.005876
6635.66016 0.005686
6635.91992 0.005645
6636.18018 0.005364
6636.43994 0.005355
6636.70020 0.005255
6636.95996 0.005199
6637.22021 0.005018
6637.47998 0.005009
6637.75000 0.004802
6638.00977 0.004829
6638.27002 0.00467
6638.52979 0.00456
6638.79004 0.00447
6639.04980 0.00436
6639.31006 0.004371
6639.56982 0.004282
6639.83984 0.004203
6640.10010 0.00412
6640.35986 0.004024
7304.39600 0.0
