threeML/data/optical_filters/CAHA/CAHA-f_656_84.ecsv
# %ECSV 0.9
# ---
# datatype:
# - {name: wavelength, unit: Angstrom, datatype: float32}
# - {name: response, datatype: float32}
# meta: !!omap
# - {band_name: f_656_84}
# - {group_name: CAHA}
wavelength response
4901.94434 0.0
5446.60498 0.004015
5449.85986 0.004035
5453.11523 0.004054
5456.37012 0.004074
5459.62500 0.004093
5462.87988 0.004113
5466.13477 0.004132
5469.39111 0.004152
5472.64600 0.004171
5475.90088 0.004191
5479.15723 0.00421
5482.41211 0.00423
5485.66699 0.004249
5488.92285 0.004269
5492.17920 0.004288
5495.43506 0.004308
5498.69092 0.004327
5501.94678 0.004347
5505.20312 0.004366
5508.45898 0.004386
5511.71484 0.004405
5514.97119 0.004425
5518.22803 0.004444
5521.48389 0.004464
5524.74121 0.004484
5527.99707 0.004503
5531.25391 0.004523
5534.51123 0.004542
5537.76709 0.004562
5541.02393 0.004581
5544.28076 0.004601
5547.53809 0.00462
5550.79492 0.00464
5554.05176 0.004659
5557.31006 0.004679
5560.56689 0.004698
5563.82520 0.004718
5567.08203 0.004737
5570.33887 0.004757
5573.59717 0.004776
5576.85498 0.004796
5580.11279 0.004815
5583.37109 0.004835
5586.62793 0.004854
5589.88721 0.004874
5593.14502 0.004893
5596.40283 0.004913
5599.66113 0.004932
5602.91895 0.004952
5606.17822 0.004971
5609.43701 0.004991
5612.69482 0.004613
5615.95410 0.00468
5619.21191 0.004751
5622.47119 0.004827
5625.72998 0.004904
5628.98877 0.004978
5632.24805 0.005042
5635.50684 0.005091
5638.76611 0.005121
5642.02490 0.005129
5645.28516 0.005116
5648.54395 0.005083
5651.80322 0.005035
5655.06299 0.004977
5658.32324 0.004917
5661.58301 0.004865
5664.84180 0.004828
5668.10205 0.004816
5671.36182 0.004838
5674.62207 0.004895
5677.88184 0.004986
5681.14209 0.005102
5684.40186 0.005234
5687.66309 0.005368
5690.92285 0.005494
5694.18408 0.005606
5697.44385 0.005699
5700.70508 0.005777
5703.96484 0.005843
5707.22607 0.005901
5710.48682 0.005955
5713.74805 0.006008
5717.00879 0.00606
5720.27002 0.00611
5723.53076 0.006155
5726.79199 0.006193
5730.05420 0.006222
5733.31494 0.006243
5736.57715 0.006256
5739.83789 0.006261
5743.10010 0.00626
5746.36084 0.006255
5749.62305 0.006247
5752.88477 0.006241
5756.14600 0.006243
5759.40918 0.006258
5762.67090 0.006294
5765.93311 0.006354
5769.19482 0.006441
5772.45801 0.006553
5775.72021 0.006687
5778.98193 0.006839
5782.24512 0.007004
5785.50684 0.007174
5788.77002 0.007345
5792.03320 0.007508
5795.29492 0.007657
5798.55908 0.007785
5801.82080 0.007887
5805.08398 0.007961
5808.34814 0.008011
5811.61084 0.008042
5814.87402 0.008063
5818.13721 0.008081
5821.40088 0.008104
5824.66504 0.008132
5827.92822 0.008164
5831.19189 0.008197
5834.45605 0.008229
5837.71924 0.008257
5840.98291 0.008283
5844.24707 0.00831
5847.51123 0.008341
5850.77490 0.008377
5854.04004 0.008415
5857.30420 0.008448
5860.56787 0.008471
5863.83301 0.008474
5867.09717 0.008457
5870.36084 0.008423
5873.62598 0.008384
5876.89111 0.008354
5880.15576 0.008353
5883.41992 0.008394
5886.68604 0.008489
5889.95117 0.008638
5893.21582 0.008835
5896.48096 0.009068
5899.74609 0.009318
5903.01123 0.009565
5906.27686 0.009788
5909.54199 0.009973
5912.80811 0.010107
5916.07422 0.010188
5919.33887 0.010219
5922.60498 0.01021
5925.87109 0.010179
5929.13721 0.010143
5932.40283 0.010119
5935.66895 0.010123
5938.93506 0.010164
5942.20117 0.010249
5945.46777 0.010378
5948.73389 0.010549
5952.00000 0.010758
5955.26709 0.011004
5958.53418 0.011289
5961.79980 0.011615
5965.06689 0.011991
5968.33398 0.012429
5971.60107 0.012943
5974.86816 0.013549
5978.13477 0.014262
5981.40186 0.015099
5984.66895 0.016074
5987.93701 0.017205
5991.20410 0.018508
5994.47217 0.020002
5997.73877 0.021711
6001.00684 0.023657
6004.27490 0.025866
6007.54199 0.028361
6010.81006 0.031167
6014.07812 0.034305
6017.34619 0.037797
6020.61377 0.041662
6023.88184 0.04592
6027.15088 0.050588
6030.41895 0.055683
6033.68799 0.061219
6036.95605 0.067207
6040.22510 0.073657
6043.49316 0.080568
6046.76221 0.087941
6050.02979 0.095768
6053.29883 0.104041
6056.56787 0.112744
6059.83691 0.121862
6063.10596 0.131372
6066.37500 0.141247
6069.64502 0.151453
6072.91406 0.161946
6076.18311 0.17268
6079.45312 0.183601
6082.72217 0.194656
6085.99219 0.205788
6089.26221 0.21695
6092.53076 0.228101
6095.80078 0.239206
6099.07080 0.250242
6102.34082 0.261191
6105.61084 0.272039
6108.88086 0.282775
6112.15088 0.293382
6115.42188 0.303842
6118.69189 0.314134
6121.96191 0.324232
6125.23291 0.334106
6128.50391 0.343726
6131.77393 0.353058
6135.04492 0.36207
6138.31592 0.370733
6141.58691 0.379025
6144.85791 0.386933
6148.12891 0.394456
6151.39990 0.401606
6154.67090 0.408411
6157.94189 0.414907
6161.21387 0.42114
6164.48486 0.427162
6167.75684 0.433021
6171.02783 0.43876
6174.29980 0.444412
6177.57178 0.44999
6180.84424 0.455496
6184.11523 0.460917
6187.38721 0.466227
6190.66016 0.471392
6193.93213 0.476378
6197.20410 0.481146
6200.47607 0.485663
6203.74902 0.489906
6207.02100 0.493865
6210.29297 0.497545
6213.56592 0.500975
6216.83789 0.504198
6220.11084 0.507272
6223.38379 0.510264
6226.65723 0.513244
6229.93018 0.516273
6233.20312 0.519406
6236.47607 0.522675
6239.75000 0.526101
6243.02197 0.52968
6246.29590 0.533397
6249.56885 0.537226
6252.84277 0.541135
6256.11621 0.545093
6259.39014 0.549074
6262.66406 0.553055
6265.93799 0.55702
6269.21094 0.560956
6272.48486 0.564858
6275.75879 0.568719
6279.03320 0.572542
6282.30811 0.576333
6285.58203 0.5801
6288.85596 0.583856
6292.12988 0.587615
6295.40479 0.591387
6298.68018 0.595182
6301.95410 0.599005
6305.22900 0.602861
6308.50391 0.606752
6311.77881 0.610691
6315.05420 0.614687
6318.32910 0.618757
6321.60400 0.622914
6324.87891 0.627169
6328.15381 0.631527
6331.42920 0.635975
6334.70508 0.640492
6337.97998 0.645045
6341.25586 0.649592
6344.53076 0.654081
6347.80713 0.658461
6351.08301 0.662679
6354.35889 0.666687
6357.63477 0.670447
6360.91113 0.673936
6364.18701 0.67714
6367.46289 0.680063
6370.73877 0.682723
6374.01611 0.685142
6377.29199 0.687352
6380.56787 0.689382
6383.84521 0.691263
6387.12207 0.693029
6390.39795 0.694707
6393.67480 0.696326
6396.95215 0.697915
6400.22900 0.699503
6403.50488 0.701118
6406.78320 0.702775
6410.06006 0.70449
6413.33691 0.706265
6416.61377 0.708087
6419.89209 0.709924
6423.16895 0.711718
6426.44678 0.713382
6429.72510 0.714802
6433.00195 0.715839
6436.27979 0.716347
6439.55811 0.716192
6442.83496 0.715277
6446.11279 0.713564
6449.39209 0.711076
6452.66992 0.707917
6455.94824 0.704244
6459.22607 0.70025
6462.50391 0.696136
6465.78320 0.692082
6469.06201 0.688233
6472.33984 0.684684
6475.61914 0.681467
6478.89697 0.678582
6482.17578 0.675986
6485.45508 0.673612
6488.73389 0.6714
6492.01318 0.669303
6495.29199 0.667298
6498.57178 0.665387
6501.85107 0.663587
6505.12988 0.661911
6508.41016 0.66035
6511.68896 0.658854
6514.96924 0.657341
6518.24902 0.655708
6521.52783 0.653858
6524.80811 0.651727
6528.08789 0.64931
6531.36816 0.646662
6534.64795 0.643883
6537.92822 0.641105
6541.20801 0.638468
6544.48779 0.636084
6547.76904 0.634037
6551.04883 0.632379
6554.33008 0.631128
6557.60986 0.630288
6560.89111 0.629864
6564.17188 0.629861
6567.45312 0.630302
6570.73291 0.631215
6574.01416 0.632637
6577.29492 0.634608
6580.57715 0.637137
6583.85791 0.640222
6587.13916 0.643819
6590.41992 0.647842
6593.70215 0.652174
6596.98291 0.656675
6600.26514 0.661208
6603.54590 0.665658
6606.82812 0.669945
6610.10986 0.674031
6613.39209 0.677914
6616.67383 0.681613
6619.95605 0.685159
6623.23779 0.688575
6626.52002 0.691882
6629.80176 0.695089
6633.08398 0.698201
6636.36719 0.701231
6639.64893 0.704183
6642.93213 0.707075
6646.21484 0.709927
6649.49805 0.712761
6652.77979 0.715602
6656.06299 0.718464
6659.34619 0.721357
6662.62891 0.72428
6665.91211 0.727218
6669.19482 0.730142
6672.47900 0.733011
6675.76221 0.735771
6679.04492 0.738363
6682.32910 0.740724
6685.61182 0.742788
6688.89600 0.744491
6692.18018 0.745771
6695.46289 0.746571
6698.74707 0.746838
6702.03076 0.74653
6705.31494 0.745619
6708.59912 0.744099
6711.88281 0.741989
6715.16699 0.739326
6718.45215 0.736168
6721.73584 0.732575
6725.02100 0.728604
6728.30518 0.724302
6731.58984 0.719697
6734.87500 0.714803
6738.15918 0.709624
6741.44385 0.704159
6744.72900 0.698399
6748.01416 0.692339
6751.29883 0.685966
6754.58398 0.679268
6757.87012 0.672228
6761.15479 0.664838
6764.43994 0.657093
6767.72607 0.649003
6771.01123 0.640585
6774.29688 0.631871
6777.58301 0.622895
6780.86816 0.613689
6784.15381 0.604275
6787.43994 0.594671
6790.72607 0.584883
6794.01221 0.574927
6797.29785 0.564833
6800.58398 0.554659
6803.87109 0.544498
6807.15723 0.534479
6810.44287 0.524765
6813.72998 0.515536
6817.01709 0.506976
6820.30322 0.499254
6823.58984 0.492505
6826.87695 0.486813
6830.16406 0.482211
6833.45117 0.478675
6836.73779 0.476139
6840.02490 0.474507
6843.31201 0.473673
6846.59912 0.473539
6849.88721 0.474026
6853.17383 0.475077
6856.46094 0.476658
6859.75000 0.478745
6863.03711 0.481308
6866.32520 0.48431
6869.61279 0.4877
6872.89990 0.491424
6876.18799 0.49543
6879.47705 0.499685
6882.76514 0.504185
6886.05322 0.508959
6889.34082 0.514055
6892.62891 0.519543
6895.91797 0.525481
6899.20703 0.531916
6902.49512 0.538866
6905.78418 0.546311
6909.07178 0.554192
6912.36084 0.562407
6915.64990 0.570815
6918.93896 0.579237
6922.22803 0.587452
6925.51709 0.595209
6928.80615 0.602221
6932.09619 0.608166
6935.38477 0.612704
6938.67383 0.615481
6941.96387 0.616145
6945.25293 0.614362
6948.54297 0.609834
6951.83301 0.60232
6955.12305 0.591653
6958.41211 0.577761
6961.70215 0.560674
6964.99219 0.540539
6968.28223 0.517621
6971.57324 0.492294
6974.86279 0.465035
6978.15283 0.436393
6981.44385 0.406959
6984.73389 0.377327
6988.02393 0.348055
6991.31494 0.319631
6994.60596 0.292447
6997.89697 0.266794
7001.18799 0.242855
7004.47900 0.220721
7007.77002 0.200411
7011.06104 0.181885
7014.35205 0.165067
7017.64307 0.149857
7020.93506 0.136145
7024.22607 0.123815
7027.51709 0.112751
7030.80908 0.102839
7034.10107 0.093969
7037.39209 0.086035
7040.68408 0.078935
7043.97607 0.072574
7047.26807 0.066864
7050.56006 0.061726
7053.85205 0.05709
7057.14404 0.052896
7060.43604 0.049094
7063.72900 0.045642
7067.02100 0.042505
7070.31299 0.039654
7073.60596 0.037063
7076.89795 0.034705
7080.19092 0.032557
7083.48389 0.030596
7086.77686 0.028802
7090.06982 0.027156
7093.36279 0.025645
7096.65576 0.024257
7099.94922 0.022982
7103.24219 0.021813
7106.53613 0.020741
7109.82910 0.019755
7113.12207 0.018847
7116.41602 0.018008
7119.70898 0.017229
7123.00293 0.016506
7126.29688 0.015836
7129.59082 0.015217
7132.88477 0.01465
7136.17920 0.014138
7139.47314 0.013678
7142.76709 0.01327
7146.06104 0.012908
7149.35498 0.012584
7152.64893 0.012288
7155.94385 0.01201
7159.23779 0.011739
7162.53320 0.011467
7165.82812 0.011186
7169.12305 0.010896
7172.41699 0.010595
7175.71191 0.010289
7179.00684 0.009984
7182.30176 0.009686
7185.59814 0.009401
7188.89307 0.009133
7192.18799 0.008885
7195.48291 0.008656
7198.77881 0.008443
7202.07422 0.008244
7205.37012 0.008055
7208.66602 0.007875
7211.96094 0.007705
7215.25684 0.007546
7218.55322 0.007401
7221.84912 0.00727
7225.14502 0.007155
7228.44092 0.007055
7231.73682 0.006968
7235.03418 0.006889
7238.33008 0.006817
7241.62598 0.006749
7244.92285 0.006685
7248.21924 0.006625
7251.51611 0.006569
7254.81299 0.006519
7258.10889 0.006472
7261.40576 0.006428
7264.70410 0.006383
7268.00000 0.006333
7271.29688 0.006272
7274.59521 0.006199
7277.89209 0.006112
7281.18896 0.00601
7284.48682 0.005898
7287.78418 0.005779
7291.08203 0.005659
7294.37891 0.005543
7297.67676 0.005436
7300.97510 0.005339
7304.27295 0.005254
7307.57080 0.00518
7310.86914 0.005115
7314.16699 0.005057
7317.46484 0.005003
7320.76318 0.004951
7324.06201 0.0049
7327.35986 0.004848
7330.65918 0.004795
7333.95703 0.004743
7337.25586 0.004692
7340.55518 0.004643
7343.85400 0.004597
7347.15186 0.004551
7350.45117 0.004504
7353.75000 0.004454
7357.04883 0.004396
7360.34814 0.00433
7363.64697 0.004256
7366.94678 0.004175
7370.24609 0.004091
7373.54590 0.004008
8110.90039 0.0
