threeML/data/optical_filters/CAHA/CAHA-f_657_3.ecsv
# %ECSV 0.9
# ---
# datatype:
# - {name: wavelength, unit: Angstrom, datatype: float32}
# - {name: response, datatype: float32}
# meta: !!omap
# - {band_name: f_657_3}
# - {group_name: CAHA}
wavelength response
5878.54834 0.0
6531.72021 0.004054
6531.99023 0.00415
6532.25000 0.004292
6532.50977 0.004205
6532.77002 0.00442
6533.02979 0.004384
6533.29004 0.004662
6533.54980 0.00485
6533.81006 0.004929
6534.06982 0.004953
6534.33984 0.005183
6534.60010 0.005237
6534.85986 0.005299
6535.12012 0.005674
6535.37988 0.005561
6535.64014 0.005843
6535.89990 0.006045
6536.16016 0.006218
6536.43018 0.006444
6536.68994 0.006607
6536.95020 0.006892
6537.20996 0.006959
6537.47021 0.007203
6537.72998 0.007546
6537.99023 0.00785
6538.25000 0.0083
6538.52002 0.008631
6538.77979 0.00892
6539.04004 0.009251
6539.29980 0.00962
6539.56006 0.009862
6539.81982 0.010495
6540.08008 0.010649
6540.33984 0.01133
6540.60010 0.011519
6540.87012 0.012326
6541.12988 0.012758
6541.39014 0.013321
6541.64990 0.014041
6541.91016 0.014953
6542.16992 0.015566
6542.43018 0.016103
6542.68994 0.017026
6542.95996 0.018354
6543.22021 0.018929
6543.47998 0.020233
6543.74023 0.021636
6544.00000 0.022729
6544.25977 0.023788
6544.52002 0.025211
6544.77979 0.026751
6545.04980 0.029145
6545.31006 0.030632
6545.56982 0.032584
6545.83008 0.034649
6546.08984 0.037153
6546.35010 0.039506
6546.60986 0.042683
6546.87012 0.045717
6547.12988 0.048361
6547.39990 0.052395
6547.66016 0.056835
6547.91992 0.060545
6548.18018 0.065368
6548.43994 0.070795
6548.70020 0.076067
6548.95996 0.082472
6549.22021 0.089399
6549.49023 0.096358
6549.75000 0.103269
6550.00977 0.112906
6550.27002 0.122404
6550.52979 0.132567
6550.79004 0.144125
6551.04980 0.155792
6551.31006 0.170034
6551.58008 0.184238
6551.83984 0.200188
6552.10010 0.21637
6552.35986 0.233992
6552.62012 0.254485
6552.87988 0.276281
6553.14014 0.297742
6553.39990 0.320098
6553.66992 0.345434
6553.93018 0.369267
6554.18994 0.394145
6554.45020 0.420467
6554.70996 0.44875
6554.97021 0.474355
6555.22998 0.499531
6555.49023 0.527336
6555.75000 0.551266
6556.02002 0.57405
6556.27979 0.59587
6556.54004 0.619453
6556.79980 0.640303
6557.06006 0.65608
6557.31982 0.672929
6557.58008 0.686318
6557.83984 0.699731
6558.10010 0.708832
6558.37012 0.718894
6558.62988 0.725148
6558.89014 0.734201
6559.14990 0.738154
6559.41016 0.740598
6559.66992 0.746137
6559.93018 0.747123
6560.18994 0.749606
6560.45996 0.750517
6560.72021 0.751846
6560.97998 0.752495
6561.24023 0.753461
6561.50000 0.753921
6561.75977 0.751144
6562.02002 0.753527
6562.27979 0.753188
6562.54980 0.753167
6562.81006 0.753544
6563.06982 0.752861
6563.33008 0.754324
6563.58984 0.752409
6563.85010 0.753856
6564.10986 0.753319
6564.37012 0.755675
6564.64014 0.752759
6564.89990 0.752203
6565.16016 0.753919
6565.41992 0.753574
6565.68018 0.753031
6565.93994 0.755539
6566.20020 0.751577
6566.45996 0.754776
6566.72021 0.754558
6566.99023 0.75102
6567.25000 0.75184
6567.50977 0.753974
6567.77002 0.750718
6568.02979 0.749899
6568.29004 0.750899
6568.54980 0.7505
6568.81006 0.749002
6569.08008 0.747008
6569.33984 0.749527
6569.60010 0.748546
6569.85986 0.746713
6570.12012 0.746082
6570.37988 0.74388
6570.64014 0.74438
6570.89990 0.742337
6571.16992 0.741333
6571.43018 0.741877
6571.68994 0.743012
6571.95020 0.739453
6572.20996 0.739166
6572.47021 0.736512
6572.72998 0.737135
6572.99023 0.73453
6573.25000 0.736007
6573.52002 0.734977
6573.77979 0.729212
6574.04004 0.72877
6574.29980 0.725636
6574.56006 0.720833
6574.81982 0.716896
6575.08008 0.711561
6575.33984 0.705158
6575.60986 0.697037
6575.87012 0.690224
6576.12988 0.679771
6576.39014 0.671422
6576.64990 0.654844
6576.91016 0.6424
6577.16992 0.627999
6577.43018 0.609982
6577.70020 0.58934
6577.95996 0.568082
6578.22021 0.547024
6578.47998 0.52643
6578.74023 0.501636
6579.00000 0.477101
6579.25977 0.453046
6579.52002 0.428169
6579.77979 0.403109
6580.04980 0.377166
6580.31006 0.353994
6580.56982 0.331374
6580.83008 0.309893
6581.08984 0.287523
6581.35010 0.266889
6581.60986 0.245773
6581.87012 0.229494
6582.14014 0.211963
6582.39990 0.196508
6582.66016 0.182281
6582.91992 0.165962
6583.18018 0.154772
6583.43994 0.142048
6583.70020 0.131488
6583.95996 0.121034
6584.22998 0.11257
6584.49023 0.104327
6584.75000 0.096014
6585.00977 0.088961
6585.27002 0.08254
6585.52979 0.076277
6585.79004 0.07077
6586.04980 0.065847
6586.31006 0.060801
6586.58008 0.056657
6586.83984 0.05261
6587.10010 0.049619
6587.35986 0.045775
6587.62012 0.042506
6587.87988 0.04028
6588.14014 0.037471
6588.39990 0.035204
6588.66992 0.032984
6588.93018 0.03113
6589.18994 0.029117
6589.45020 0.027342
6589.70996 0.025927
6589.97021 0.024434
6590.22998 0.022964
6590.49023 0.021754
6590.75977 0.020355
6591.02002 0.019629
6591.27979 0.018394
6591.54004 0.017314
6591.79980 0.016462
6592.06006 0.015848
6592.31982 0.014844
6592.58008 0.014016
6592.83984 0.013684
6593.10986 0.012781
6593.37012 0.012471
6593.62988 0.011884
6593.89014 0.011372
6594.14990 0.010896
6594.41016 0.010723
6594.66992 0.009968
6594.93018 0.009681
6595.20020 0.009349
6595.45996 0.008982
6595.72021 0.008612
6595.97998 0.008382
6596.24023 0.007975
6596.50000 0.007598
6596.75977 0.007404
6597.02002 0.007082
6597.29004 0.006981
6597.54980 0.006688
6597.81006 0.006551
6598.06982 0.006474
6598.33008 0.006192
6598.58984 0.005975
6598.85010 0.005732
6599.10986 0.005431
6599.37988 0.005429
6599.64014 0.005234
6599.89990 0.005317
6600.16016 0.004972
6600.41992 0.004935
6600.68018 0.004713
6600.93994 0.004631
6601.20020 0.004538
6601.45996 0.004428
6601.72998 0.004246
6601.99023 0.004273
6602.25000 0.004182
6602.50977 0.004029
7262.76074 0.0
