threeML/data/optical_filters/CAHA/CAHA-f_632_1.ecsv
# %ECSV 0.9
# ---
# datatype:
# - {name: wavelength, unit: Angstrom, datatype: float32}
# - {name: response, datatype: float32}
# meta: !!omap
# - {band_name: f_632_1}
# - {group_name: CAHA}
wavelength response
5667.75000 0.0
6297.50000 0.004055
6297.75977 0.004068
6298.02002 0.004217
6298.27979 0.004367
6298.54004 0.004545
6298.79980 0.004676
6299.06006 0.004827
6299.31982 0.004993
6299.58008 0.005279
6299.83984 0.005453
6300.10010 0.005545
6300.35986 0.005631
6300.62988 0.006048
6300.89014 0.006149
6301.14990 0.006622
6301.41016 0.006683
6301.66992 0.00704
6301.93018 0.007438
6302.18994 0.007976
6302.45020 0.00848
6302.70996 0.008666
6302.97021 0.00937
6303.22998 0.009785
6303.49023 0.010415
6303.75000 0.011032
6304.02002 0.011793
6304.27979 0.012469
6304.54004 0.013529
6304.79980 0.014622
6305.06006 0.015487
6305.31982 0.016704
6305.58008 0.018253
6305.83984 0.019931
6306.10010 0.021392
6306.35986 0.023724
6306.62012 0.025617
6306.87988 0.027645
6307.14990 0.030897
6307.41016 0.034158
6307.66992 0.037309
6307.93018 0.041525
6308.18994 0.046624
6308.45020 0.052099
6308.70996 0.058298
6308.97021 0.066003
6309.22998 0.073948
6309.49023 0.083092
6309.75000 0.096297
6310.00977 0.109676
6310.27002 0.123559
6310.54004 0.141434
6310.79980 0.161554
6311.06006 0.183336
6311.31982 0.211646
6311.58008 0.240748
6311.83984 0.27033
6312.10010 0.304058
6312.35986 0.343554
6312.62012 0.383536
6312.87988 0.419098
6313.14014 0.4566
6313.39990 0.489707
6313.66992 0.519841
6313.93018 0.555805
6314.18994 0.582073
6314.45020 0.599761
6314.70996 0.61218
6314.97021 0.627685
6315.22998 0.642962
6315.49023 0.654209
6315.75000 0.657868
6316.00977 0.655577
6316.27002 0.653603
6316.52979 0.660163
6316.79004 0.660836
6317.06006 0.65311
6317.31982 0.64007
6317.58008 0.623768
6317.83984 0.610551
6318.10010 0.590686
6318.35986 0.556585
6318.62012 0.519725
6318.87988 0.482852
6319.14014 0.444226
6319.39990 0.40565
6319.66016 0.362668
6319.91992 0.323667
6320.18994 0.283402
6320.45020 0.252593
6320.70996 0.22185
6320.97021 0.192664
6321.22998 0.1688
6321.49023 0.14806
6321.75000 0.127856
6322.00977 0.112668
6322.27002 0.09821
6322.52979 0.085907
6322.79004 0.075634
6323.04980 0.067482
6323.31006 0.060075
6323.58008 0.053214
6323.83984 0.047417
6324.10010 0.042777
6324.35986 0.038359
6324.62012 0.034433
6324.87988 0.031572
6325.14014 0.028436
6325.39990 0.025899
6325.66016 0.023872
6325.91992 0.021621
6326.18018 0.019934
6326.43994 0.018317
6326.70996 0.017087
6326.97021 0.015841
6327.22998 0.014612
6327.49023 0.013833
6327.75000 0.012501
6328.00977 0.011703
6328.27002 0.011261
6328.52979 0.010552
6328.79004 0.0098
6329.04980 0.009461
6329.31006 0.008753
6329.56982 0.008273
6329.83008 0.007906
6330.10010 0.007733
6330.35986 0.00725
6330.62012 0.006858
6330.87988 0.006566
6331.14014 0.006343
6331.39990 0.006255
6331.66016 0.005984
6331.91992 0.005515
6332.18018 0.005472
6332.43994 0.005255
6332.70020 0.005171
6332.95996 0.004761
6333.22998 0.004825
6333.49023 0.004592
6333.75000 0.004547
6334.00977 0.004366
6334.27002 0.004238
6334.52979 0.004207
6334.79004 0.004033
6968.26904 0.0
