threeML/data/optical_filters/CAHA/CAHA-f_470_19.ecsv
# %ECSV 0.9
# ---
# datatype:
# - {name: wavelength, unit: Angstrom, datatype: float32}
# - {name: response, datatype: float32}
# meta: !!omap
# - {band_name: f_470_19}
# - {group_name: CAHA}
wavelength response
3930.60229 0.0
4367.33594 0.004182
4370.58691 0.004497
4373.83789 0.004874
4377.08789 0.005314
4380.33887 0.005805
4383.58984 0.00633
4386.84082 0.006861
4390.09180 0.007372
4393.34277 0.007837
4396.59424 0.008241
4399.84521 0.008582
4403.09619 0.00887
4406.34717 0.00913
4409.59814 0.009385
4412.84912 0.009665
4416.10107 0.009989
4419.35205 0.010369
4422.60303 0.010804
4425.85400 0.011287
4429.10596 0.0118
4432.35693 0.01233
4435.60889 0.012873
4438.85986 0.013439
4442.11182 0.014049
4445.36279 0.014733
4448.61523 0.015511
4451.86719 0.016393
4455.11816 0.017373
4458.37012 0.01842
4461.62207 0.019498
4464.87402 0.020569
4468.12500 0.021599
4471.37695 0.022571
4474.62891 0.02348
4477.88086 0.024336
4481.13379 0.025168
4484.38623 0.026011
4487.63818 0.026913
4490.89014 0.027926
4494.14209 0.029106
4497.39502 0.030511
4500.64697 0.032187
4503.89893 0.034169
4507.15088 0.03647
4510.40381 0.039077
4513.65576 0.041949
4516.90918 0.04503
4520.16211 0.048255
4523.41406 0.051572
4526.66699 0.054952
4529.91895 0.058416
4533.17188 0.062017
4536.42480 0.065849
4539.67822 0.070025
4542.93115 0.074658
4546.18408 0.079849
4549.43701 0.085678
4552.68896 0.092186
4555.94189 0.099397
4559.19482 0.107327
4562.44922 0.115985
4565.70215 0.125394
4568.95508 0.135585
4572.20801 0.146598
4575.46094 0.158479
4578.71484 0.171272
4581.96777 0.185008
4585.22217 0.199707
4588.47510 0.215363
4591.72900 0.231943
4594.98193 0.249391
4598.23584 0.267615
4601.48877 0.2865
4604.74316 0.3059
4607.99707 0.325651
4611.25000 0.345573
4614.50391 0.365466
4617.75781 0.38513
4621.01221 0.404361
4624.26611 0.42296
4627.52002 0.440737
4630.77393 0.457512
4634.02783 0.473124
4637.28223 0.487428
4640.53711 0.500311
4643.79102 0.511683
4647.04492 0.5215
4650.29883 0.529761
4653.55420 0.536532
4656.80811 0.541924
4660.06299 0.546092
4663.31689 0.54922
4666.57080 0.551497
4669.82617 0.553093
4673.08105 0.554151
4676.33496 0.554778
4679.58984 0.555045
4682.84521 0.554998
4686.10010 0.554666
4689.35400 0.554079
4692.60889 0.553271
4695.86377 0.552283
4699.11914 0.55116
4702.37500 0.549945
4705.62891 0.548662
4708.88379 0.547305
4712.14014 0.545827
4715.39502 0.544143
4718.64990 0.542127
4721.90479 0.539628
4725.16113 0.53649
4728.41602 0.532556
4731.67188 0.52769
4734.92676 0.521778
4738.18311 0.514741
4741.43799 0.506523
4744.69385 0.497108
4747.95020 0.486503
4751.20508 0.474739
4754.46094 0.461865
4757.71680 0.447953
4760.97314 0.43308
4764.22900 0.417343
4767.48389 0.400842
4770.74121 0.383695
4773.99707 0.366034
4777.25195 0.348009
4780.50879 0.329783
4783.76514 0.311532
4787.02100 0.29343
4790.27686 0.27565
4793.53418 0.25834
4796.79004 0.241628
4800.04688 0.22561
4803.30322 0.210351
4806.56006 0.195893
4809.81592 0.182253
4813.07324 0.169439
4816.33008 0.157447
4819.58594 0.146264
4822.84277 0.135871
4826.10010 0.126245
4829.35596 0.117353
4832.61279 0.109159
4835.87109 0.101622
4839.12695 0.094697
4842.38379 0.088343
4845.64209 0.082516
4848.89893 0.077176
4852.15576 0.072284
4855.41309 0.067799
4858.66992 0.063688
4861.92822 0.059914
4865.18506 0.05645
4868.44287 0.053271
4871.70020 0.050357
4874.95801 0.047691
4878.21484 0.045258
4881.47314 0.043037
4884.72998 0.041004
4887.98779 0.039127
4891.24609 0.037368
4894.50391 0.03569
4897.76221 0.034059
4901.02002 0.032448
4904.27783 0.030844
4907.53613 0.029242
4910.79297 0.027653
4914.05176 0.026094
4917.31006 0.024588
4920.56787 0.023163
4923.82715 0.021847
4927.08496 0.020663
4930.34277 0.019632
4933.60205 0.018764
4936.85986 0.01806
4940.11914 0.017506
4943.37695 0.017078
4946.63623 0.016743
4949.89502 0.016463
4953.15283 0.016202
4956.41211 0.01593
4959.66992 0.015627
4962.93018 0.015282
4966.18799 0.014895
4969.44678 0.014471
4972.70703 0.014019
4975.96484 0.013549
4979.22510 0.013071
4982.48389 0.012593
4985.74316 0.012124
4989.00195 0.011668
4992.26221 0.011232
4995.52100 0.010818
4998.77979 0.010432
5002.04004 0.010078
5005.29883 0.00976
5008.55908 0.009482
5011.81787 0.009245
5015.07812 0.009047
5018.33789 0.008885
5021.59814 0.008747
5024.85693 0.008626
5028.11719 0.008509
5031.37695 0.008387
5034.63721 0.008249
5037.89697 0.008088
5041.15723 0.007895
5044.41699 0.00767
5047.67822 0.007417
5050.93799 0.007138
5054.19824 0.006849
5057.45801 0.006563
5060.71924 0.006295
5063.97900 0.006056
5067.24023 0.005853
5070.50000 0.005687
5073.76123 0.005555
5077.02100 0.005448
5080.28223 0.005357
5083.54297 0.005273
5086.80420 0.005192
5090.06494 0.00511
5093.32617 0.005027
5096.58691 0.004947
5099.84814 0.004874
5103.10889 0.004811
5106.37012 0.00476
5109.63086 0.00472
5112.89209 0.004687
5116.15381 0.004657
5119.41504 0.004622
5122.67578 0.004575
5125.93799 0.004513
5129.19922 0.004429
5132.46094 0.004325
5135.72314 0.0042
5138.98389 0.004058
5652.88232 0.0
