threeML/data/optical_filters/CAHA/CAHA-f_409_19.ecsv
# %ECSV 0.9
# ---
# datatype:
# - {name: wavelength, unit: Angstrom, datatype: float32}
# - {name: response, datatype: float32}
# meta: !!omap
# - {band_name: f_409_19}
# - {group_name: CAHA}
wavelength response
3502.17529 0.0
3891.30591 0.018659
3896.37109 0.020552
3901.43604 0.022743
3906.50098 0.025224
3911.56689 0.028035
3916.63306 0.031258
3921.69897 0.034996
3926.76489 0.039353
3931.83203 0.044442
3936.89795 0.050392
3941.96509 0.057364
3947.03198 0.065539
3952.10010 0.075097
3957.16699 0.086186
3962.23511 0.098915
3967.30298 0.113336
3972.37109 0.129468
3977.43994 0.147306
3982.50806 0.166812
3987.57690 0.187881
3992.64600 0.21031
3997.71606 0.233801
4002.78491 0.257968
4007.85498 0.282367
4012.92505 0.306493
4017.99512 0.329757
4023.06494 0.351512
4028.13599 0.371081
4033.20703 0.38786
4038.27808 0.401424
4043.34912 0.411609
4048.42090 0.418536
4053.49292 0.42254
4058.56494 0.42407
4063.63696 0.423602
4068.70898 0.421608
4073.78198 0.418522
4078.85498 0.414713
4083.92798 0.410426
4089.00098 0.40576
4094.07397 0.400704
4099.14795 0.395211
4104.22217 0.389264
4109.29590 0.382867
4114.37109 0.376006
4119.44482 0.368594
4124.52002 0.360474
4129.59521 0.351461
4134.66992 0.341417
4139.74609 0.330303
4144.82178 0.318165
4149.89697 0.305094
4154.97412 0.29119
4160.04980 0.276553
4165.12598 0.261308
4170.20410 0.245624
4175.27979 0.229716
4180.35791 0.213818
4185.43506 0.198169
4190.51318 0.182989
4195.59082 0.168457
4200.66895 0.1547
4205.74707 0.14179
4210.82617 0.129747
4215.90381 0.118553
4220.98291 0.108171
4226.06299 0.098557
4231.14209 0.089665
4236.22217 0.081454
4241.30176 0.073888
4246.38184 0.066943
4251.46191 0.060608
4256.54199 0.054886
4261.62402 0.049778
4266.70508 0.045272
4271.78613 0.041329
4276.86719 0.037885
4281.94922 0.03486
4287.02979 0.032173
4292.11182 0.02975
4297.19482 0.027538
4302.27686 0.025503
4307.35986 0.023631
4312.44287 0.021921
4317.52588 0.020374
4322.60889 0.018983
4327.69287 0.017732
4332.77686 0.016601
4337.86084 0.015566
4342.94482 0.01461
4348.02979 0.013719
4353.11523 0.012884
4358.20020 0.012101
4363.28516 0.011372
4368.37012 0.010703
4373.45605 0.010096
4378.54199 0.009545
4383.62695 0.00903
4388.71387 0.008529
4393.79980 0.008029
4398.88721 0.007531
4403.97412 0.00705
4409.06104 0.006613
4414.14795 0.006236
4419.23584 0.005925
4424.32422 0.005672
4429.41211 0.005457
4434.50000 0.005258
4439.58789 0.00506
4444.67676 0.004857
4449.76611 0.004648
4454.85498 0.004438
4459.94385 0.004234
4465.03418 0.004039
4911.53760 0.0
