threeML/data/optical_filters/CAHA/CAHA-f_572_21.ecsv
# %ECSV 0.9
# ---
# datatype:
# - {name: wavelength, unit: Angstrom, datatype: float32}
# - {name: response, datatype: float32}
# meta: !!omap
# - {band_name: f_572_21}
# - {group_name: CAHA}
wavelength response
[from data line 1610]
5874.04004 0.066683
5874.29980 0.06574
5874.56006 0.065373
5874.81982 0.065063
5875.08008 0.06399
5875.33984 0.063778
5875.60010 0.063335
5875.85986 0.062524
5876.12012 0.061279
5876.37988 0.061482
5876.64014 0.060101
5876.89990 0.05945
5877.16016 0.058823
5877.41992 0.058309
5877.68994 0.057699
5877.95020 0.057408
5878.20996 0.056825
5878.47021 0.056675
5878.72998 0.055196
5878.99023 0.054972
5879.25000 0.054733
5879.50977 0.054701
5879.77002 0.053879
5880.02979 0.052983
5880.29004 0.053168
5880.54980 0.052113
5880.81006 0.052404
5881.06982 0.051142
5881.33008 0.050776
5881.60010 0.050576
5881.85986 0.05025
5882.12012 0.049881
5882.37988 0.049169
5882.64014 0.048234
5882.89990 0.048092
5883.16016 0.047842
5883.41992 0.047119
5883.68018 0.046881
5883.93994 0.04653
5884.20020 0.045322
5884.45996 0.045814
5884.72021 0.045024
5884.97998 0.044856
5885.25000 0.044124
5885.50977 0.043784
5885.77002 0.042558
5886.02979 0.042394
5886.29004 0.042967
5886.54980 0.042611
5886.81006 0.041907
5887.06982 0.041444
5887.33008 0.040803
5887.58984 0.040608
5887.85010 0.039958
5888.10986 0.039968
5888.37012 0.039607
5888.62988 0.038968
5888.89990 0.039102
5889.16016 0.038387
5889.41992 0.038206
5889.68018 0.037578
5889.93994 0.03768
5890.20020 0.037155
5890.45996 0.037016
5890.72021 0.036547
5890.97998 0.036224
5891.24023 0.035446
5891.50000 0.035298
5891.75977 0.035493
5892.02002 0.034554
5892.27979 0.034602
5892.54980 0.034273
5892.81006 0.034168
5893.06982 0.033386
5893.33008 0.033632
5893.58984 0.032801
5893.85010 0.033054
5894.10986 0.032382
5894.37012 0.031896
5894.62988 0.031573
5894.89014 0.031316
5895.14990 0.030982
5895.41016 0.03085
5895.66992 0.030676
5895.93018 0.030723
5896.20020 0.030464
5896.45996 0.02957
5896.72021 0.029584
5896.97998 0.029692
5897.24023 0.029157
5897.50000 0.028655
5897.75977 0.028091
5898.02002 0.028598
5898.27979 0.02795
5898.54004 0.028311
5898.79980 0.028019
5899.06006 0.027274
5899.31982 0.026737
5899.58008 0.027031
5899.83984 0.026942
5900.10986 0.026699
5900.37012 0.026158
5900.62988 0.02608
5900.89014 0.026048
5901.14990 0.02582
5901.41016 0.025568
5901.66992 0.025083
5901.93018 0.024621
5902.18994 0.024955
5902.45020 0.024008
5902.70996 0.024265
5902.97021 0.024289
5903.22998 0.024007
5903.49023 0.024108
5903.75977 0.023566
5904.02002 0.023199
5904.27979 0.023141
5904.54004 0.022805
5904.79980 0.022464
5905.06006 0.022928
5905.31982 0.022785
5905.58008 0.02216
5905.83984 0.021782
5906.10010 0.021579
5906.35986 0.021499
5906.62012 0.021598
5906.87988 0.021234
5907.14014 0.021154
5907.41016 0.02074
5907.66992 0.020433
5907.93018 0.020167
5908.18994 0.020434
5908.45020 0.020063
5908.70996 0.019633
5908.97021 0.020042
5909.22998 0.019177
5909.49023 0.019408
5909.75000 0.01951
5910.00977 0.019455
5910.27002 0.019154
5910.52979 0.018741
5910.79004 0.018299
5911.06006 0.018423
5911.31982 0.018445
5911.58008 0.018453
5911.83984 0.017647
5912.10010 0.017957
5912.35986 0.018051
5912.62012 0.017554
5912.87988 0.017434
5913.14014 0.017266
5913.39990 0.016843
5913.66016 0.016954
5913.91992 0.016857
5914.18018 0.016798
5914.43994 0.016881
5914.70020 0.01693
5914.97021 0.016603
5915.22998 0.015945
5915.49023 0.016174
5915.75000 0.016247
5916.00977 0.01596
5916.27002 0.01597
5916.52979 0.015469
5916.79004 0.015643
5917.04980 0.015099
5917.31006 0.015461
5917.56982 0.015352
5917.83008 0.01526
5918.08984 0.015359
5918.35010 0.014693
5918.62012 0.014794
5918.87988 0.01433
5919.14014 0.014161
5919.39990 0.014246
5919.66016 0.014415
5919.91992 0.013972
5920.18018 0.013929
5920.43994 0.014122
5920.70020 0.013818
5920.95996 0.013783
5921.22021 0.013963
5921.47998 0.013179
5921.74023 0.013365
5922.00000 0.013357
5922.27002 0.01314
5922.52979 0.012867
5922.79004 0.013004
5923.04980 0.012538
5923.31006 0.013028
5923.56982 0.012799
5923.83008 0.012714
5924.08984 0.012148
5924.35010 0.012009
5924.60986 0.012239
5924.87012 0.012019
5925.12988 0.011995
5925.39014 0.012175
5925.64990 0.011998
5925.91992 0.01181
5926.18018 0.011841
5926.43994 0.011853
5926.70020 0.011591
5926.95996 0.011539
5927.22021 0.011285
5927.47998 0.011423
5927.74023 0.011345
5928.00000 0.011302
5928.25977 0.011074
5928.52002 0.0109
5928.77979 0.010911
5929.04004 0.01074
5929.29980 0.010695
5929.56006 0.010767
5929.83008 0.010623
5930.08984 0.010625
5930.35010 0.010398
5930.60986 0.010309
5930.87012 0.010305
5931.12988 0.010103
5931.39014 0.010284
5931.64990 0.010166
5931.91016 0.009943
5932.16992 0.009915
5932.43018 0.009707
5932.68994 0.009722
5932.95020 0.009782
5933.20996 0.009753
5933.47998 0.0096
5933.74023 0.0095
5934.00000 0.00951
5934.25977 0.009451
5934.52002 0.009464
5934.77979 0.009315
5935.04004 0.009116
5935.29980 0.008906
5935.56006 0.009225
5935.81982 0.009267
5936.08008 0.008873
5936.33984 0.008743
5936.60010 0.0089
5936.85986 0.008739
5937.12012 0.008767
5937.39014 0.008716
5937.64990 0.008545
5937.91016 0.008635
5938.16992 0.00824
5938.43018 0.00841
5938.68994 0.00823
5938.95020 0.008381
5939.20996 0.008124
5939.47021 0.008137
5939.72998 0.008055
5939.99023 0.007901
5940.25000 0.008032
5940.50977 0.008026
5940.77002 0.00781
5941.04004 0.007918
5941.29980 0.007832
5941.56006 0.007582
5941.81982 0.007813
5942.08008 0.007647
5942.33984 0.007383
5942.60010 0.00731
5942.85986 0.007416
5943.12012 0.007321
5943.37988 0.00726
5943.64014 0.007197
5943.89990 0.00718
5944.16016 0.007435
5944.41992 0.007266
5944.68994 0.007068
5944.95020 0.0072
5945.20996 0.006913
5945.47021 0.007215
5945.72998 0.006881
5945.99023 0.006743
5946.25000 0.006913
5946.50977 0.006668
5946.77002 0.00666
5947.02979 0.006728
5947.29004 0.006677
5947.54980 0.006602
5947.81006 0.006691
5948.06982 0.006624
5948.33008 0.006381
5948.60010 0.006377
5948.85986 0.006503
5949.12012 0.006362
5949.37988 0.006063
5949.64014 0.006164
5949.89990 0.006058
5950.16016 0.006182
5950.41992 0.006294
5950.68018 0.006166
5950.93994 0.006153
5951.20020 0.005985
5951.45996 0.005755
5951.72021 0.006015
5951.97998 0.005949
5952.25000 0.005948
5952.50977 0.005694
5952.77002 0.006001
5953.02979 0.005857
5953.29004 0.00569
5953.54980 0.005659
5953.81006 0.005641
5954.06982 0.005748
5954.33008 0.005551
5954.58984 0.00567
5954.85010 0.005473
5955.10986 0.005636
5955.37012 0.005411
5955.62988 0.00543
5955.89990 0.005486
5956.16016 0.005373
5956.41992 0.005378
5956.68018 0.00531
5956.93994 0.005228
5957.20020 0.00508
5957.45996 0.005276
5957.72021 0.00508
5957.97998 0.005226
5958.24023 0.005022
5958.50000 0.005097
5958.75977 0.004999
5959.02002 0.005165
5959.27979 0.004989
5959.54980 0.004927
5959.81006 0.004758
5960.06982 0.004762
5960.33008 0.004593
5960.58984 0.004984
5960.85010 0.004833
5961.10986 0.004751
5961.37012 0.00456
5961.62988 0.004689
5961.89014 0.004644
5962.14990 0.004674
5962.41016 0.004591
5962.66992 0.004458
5962.93018 0.00481
5963.18994 0.004568
5963.45996 0.004743
5963.72021 0.004712
5963.97998 0.004393
5964.24023 0.004435
5964.50000 0.004262
5964.75977 0.004349
5965.02002 0.004422
5965.27979 0.004437
5965.54004 0.004662
5965.79980 0.004206
5966.06006 0.004427
5966.31982 0.004343
5966.58008 0.004219
5966.83984 0.00419
5967.10986 0.004048
5967.37012 0.004228
5967.62988 0.004187
5967.89014 0.004135
5968.14990 0.004006
5968.41016 0.004098
5968.66992 0.004034
5968.93018 0.004003
6565.82324 0.0
