threeML/data/optical_filters/CAHA/CAHA-f_673_1.ecsv
# %ECSV 0.9
# ---
# datatype:
# - {name: wavelength, unit: Angstrom, datatype: float32}
# - {name: response, datatype: float32}
# meta: !!omap
# - {band_name: f_673_1}
# - {group_name: CAHA}
wavelength response
6035.48193 0.0
6706.09082 0.004027
6706.35400 0.004167
6706.61621 0.004311
6706.87891 0.004251
6707.14111 0.004511
6707.40381 0.004913
6707.66602 0.005379
6707.92920 0.005829
6708.19092 0.006203
6708.45410 0.006483
6708.71582 0.006686
6708.97900 0.00686
6709.24121 0.007063
6709.50391 0.007342
6709.76611 0.007722
6710.02881 0.008196
6710.29102 0.008735
6710.55420 0.009296
6710.81592 0.009838
6711.07910 0.010346
6711.34082 0.010833
6711.60400 0.011339
6711.86621 0.011908
6712.12793 0.012577
6712.39111 0.013357
6712.65283 0.014238
6712.91602 0.0152
6713.17822 0.016221
6713.43994 0.017291
6713.70312 0.018417
6713.96484 0.019617
6714.22803 0.02092
6714.49023 0.022354
6714.75293 0.023947
6715.01514 0.025724
6715.27686 0.027716
6715.54004 0.029952
6715.80176 0.032452
6716.06494 0.035234
6716.32715 0.038321
6716.58887 0.041742
6716.85205 0.045536
6717.11377 0.049748
6717.37598 0.054438
6717.63916 0.059672
6717.90088 0.06553
6718.16406 0.072112
6718.42578 0.079533
6718.68799 0.087904
6718.95117 0.097332
6719.21289 0.107915
6719.47607 0.119745
6719.73779 0.132916
6720.00000 0.147532
6720.26318 0.163696
6720.52490 0.181487
6720.78711 0.200942
6721.04980 0.222038
6721.31201 0.244696
6721.57422 0.268782
6721.83594 0.29415
6722.09912 0.320657
6722.36084 0.348158
6722.62402 0.376445
6722.88623 0.405201
6723.14795 0.433972
6723.41113 0.46222
6723.67285 0.489417
6723.93506 0.515138
6724.19678 0.539114
6724.45898 0.56121
6724.72217 0.581371
6724.98389 0.599567
6725.24707 0.615765
6725.50879 0.629937
6725.77100 0.642078
6726.03320 0.652226
6726.29492 0.66044
6726.55811 0.666765
6726.81982 0.671171
6727.08203 0.673521
6727.34521 0.673598
6727.60693 0.671147
6727.86914 0.665955
6728.13086 0.657895
6728.39404 0.646935
6728.65576 0.633061
6728.91797 0.616243
6729.18018 0.596436
6729.44189 0.573648
6729.70508 0.548019
6729.96680 0.519892
6730.22900 0.489802
6730.49121 0.4584
6730.75293 0.426361
6731.01611 0.394315
6731.27783 0.362795
6731.54004 0.332228
6731.80176 0.30294
6732.06396 0.275166
6732.32715 0.249062
6732.58887 0.224734
6732.85107 0.202258
6733.11279 0.181678
6733.37500 0.163003
6733.63721 0.146184
6733.89893 0.131107
6734.16211 0.117612
6734.42383 0.105533
6734.68604 0.094727
6734.94824 0.085088
6735.20996 0.076542
6735.47314 0.069019
6735.73389 0.06243
6735.99707 0.056661
6736.25879 0.05159
6736.52100 0.047102
6736.78320 0.043106
6737.04492 0.039538
6737.30713 0.036356
6737.56885 0.033522
6737.83203 0.031
6738.09424 0.028743
6738.35498 0.026702
6738.61816 0.024819
6738.87988 0.023043
6739.14209 0.021338
6739.40381 0.019695
6739.66602 0.01813
6739.92822 0.016682
6740.18994 0.015393
6740.45215 0.014287
6740.71387 0.01337
6740.97705 0.012625
6741.23877 0.012015
6741.50000 0.01149
6741.76318 0.010992
6742.02490 0.010484
6742.28711 0.009954
6742.54883 0.009421
6742.81104 0.00893
6743.07324 0.008516
6743.33496 0.008189
6743.59717 0.007925
6743.85889 0.00768
6744.12109 0.007413
6744.38281 0.007104
6744.64502 0.006754
6744.90723 0.006373
6745.16895 0.005977
6745.43115 0.005579
6745.69287 0.005199
6745.95508 0.004857
6746.21680 0.00458
6746.47900 0.004376
6746.74121 0.004245
6747.00293 0.004164
6747.26514 0.004027
7421.99170 0.0
