threeML/data/optical_filters/CAHA/CAHA-f_696_15_2.ecsv
# %ECSV 0.9
# ---
# datatype:
# - {name: wavelength, unit: Angstrom, datatype: float32}
# - {name: response, datatype: float32}
# meta: !!omap
# - {band_name: f_696_15_2}
# - {group_name: CAHA}
wavelength response
6137.86670 0.0
6819.85205 0.017073
6820.11182 0.017234
6820.37402 0.017412
6820.63379 0.017596
6820.89600 0.017779
6821.15576 0.01796
6821.41699 0.018141
6821.67822 0.018328
6821.93896 0.018524
6822.20117 0.018731
6822.46094 0.01895
6822.72314 0.019181
6822.98291 0.019421
6823.24512 0.019664
6823.50488 0.019903
6823.76709 0.020132
6824.02783 0.02035
6824.28906 0.020566
6824.54980 0.020792
6824.81104 0.021034
6825.07178 0.021294
6825.33301 0.021567
6825.59424 0.021848
6825.85498 0.022136
6826.11621 0.022433
6826.37695 0.022737
6826.63818 0.023047
6826.89893 0.023355
6827.16016 0.023654
6827.42090 0.02394
6827.68213 0.024215
6827.94287 0.024483
6828.20410 0.024747
6828.46484 0.025014
6828.72607 0.02529
6828.98682 0.025577
6829.24902 0.025878
6829.50879 0.026192
6829.77100 0.026516
6830.03076 0.026849
6830.29199 0.027188
6830.55420 0.027531
6830.81396 0.027876
6831.07617 0.028217
6831.33691 0.028551
6831.59814 0.028877
6831.85889 0.029197
6832.12012 0.029514
6832.38086 0.029836
6832.64209 0.030167
6832.90283 0.030508
6833.16406 0.030861
6833.42480 0.031228
6833.68604 0.031612
6833.94678 0.032012
6834.20801 0.032429
6834.46924 0.032858
6834.72998 0.033292
6834.99219 0.033723
6835.25195 0.034145
6835.51416 0.034558
6835.77490 0.034963
6836.03613 0.035367
6836.29688 0.03578
6836.55811 0.036212
6836.81885 0.036669
6837.08008 0.037148
6837.34082 0.037637
6837.60205 0.038123
6837.86279 0.038594
6838.12500 0.039049
6838.38623 0.039496
6838.64600 0.039945
6838.90820 0.040406
6839.16895 0.040882
6839.43018 0.041376
6839.69092 0.04189
6839.95215 0.042422
6840.21289 0.042969
6840.47412 0.043527
6840.73486 0.044092
6840.99707 0.044662
6841.25684 0.045239
6841.51904 0.045825
6841.77979 0.046419
6842.04102 0.047017
6842.30176 0.047613
6842.56299 0.048201
6842.82422 0.048778
6843.08496 0.049345
6843.34619 0.049907
6843.60693 0.050468
6843.86816 0.051039
6844.12891 0.051634
6844.39111 0.052265
6844.65186 0.05294
6844.91309 0.053652
6845.17383 0.054388
6845.43506 0.055131
6845.69580 0.055869
6845.95703 0.056599
6846.21777 0.057329
6846.47900 0.058065
6846.74121 0.058815
6847.00098 0.059578
6847.26318 0.060352
6847.52393 0.061136
6847.78516 0.06193
6848.04590 0.062734
6848.30713 0.06355
6848.56787 0.064374
6848.83008 0.065206
6849.08984 0.066046
6849.35205 0.066893
6849.61279 0.067749
6849.87402 0.068613
6850.13477 0.069485
6850.39600 0.070368
6850.65723 0.071265
6850.91797 0.072183
6851.18018 0.073122
6851.43994 0.074081
6851.70215 0.075054
6851.96289 0.076033
6852.22412 0.077015
6852.48486 0.077999
6852.74609 0.078984
6853.00684 0.079978
6853.26904 0.080988
6853.52979 0.082028
6853.79102 0.083106
6854.05176 0.084228
6854.31299 0.085389
6854.57422 0.086579
6854.83496 0.087785
6855.09717 0.088996
6855.35693 0.090212
6855.61914 0.091437
6855.87988 0.092679
6856.14111 0.093943
6856.40186 0.095223
6856.66406 0.096507
6856.92383 0.097783
6857.18604 0.099047
6857.44678 0.100304
6857.70801 0.101568
6857.96924 0.102848
6858.22998 0.104151
6858.49121 0.105473
6858.75195 0.106813
6859.01416 0.108173
6859.27490 0.109558
6859.53613 0.110977
6859.79688 0.112437
6860.05811 0.113942
6860.31885 0.115491
6860.58105 0.117073
6860.84180 0.118673
6861.10303 0.120272
6861.36377 0.121853
6861.62500 0.123415
6861.88623 0.124966
6862.14697 0.126522
6862.40918 0.128096
6862.66992 0.129696
6862.93115 0.131327
6863.19189 0.132991
6863.45410 0.134692
6863.71484 0.136433
6863.97607 0.138215
6864.23682 0.140038
6864.49805 0.141901
6864.75879 0.143803
6865.02100 0.145746
6865.28223 0.147723
6865.54297 0.149719
6865.80420 0.151718
6866.06494 0.153705
6866.32617 0.155681
6866.58691 0.157657
6866.84912 0.159652
6867.10986 0.161681
6867.37109 0.163749
6867.63184 0.165851
6867.89404 0.16798
6868.15479 0.17013
6868.41602 0.172295
6868.67676 0.174468
6868.93799 0.176643
6869.19922 0.178816
6869.45996 0.180992
6869.72217 0.183181
6869.98291 0.185392
6870.24414 0.187631
6870.50488 0.189897
6870.76709 0.192193
6871.02783 0.194526
6871.28906 0.196907
6871.54980 0.199336
6871.81201 0.201799
6872.07324 0.204272
6872.33398 0.206728
6872.59521 0.209151
6872.85596 0.211539
6873.11816 0.213905
6873.37793 0.216272
6873.64014 0.218666
6873.90088 0.221119
6874.16211 0.223654
6874.42285 0.226275
6874.68506 0.228964
6874.94580 0.231687
6875.20703 0.234412
6875.46777 0.237117
6875.72900 0.239803
6875.99121 0.242481
6876.25195 0.245161
6876.51318 0.247846
6876.77393 0.250537
6877.03613 0.25324
6877.29688 0.255966
6877.55811 0.258728
6877.81885 0.261527
6878.08105 0.264355
6878.34180 0.267199
6878.60303 0.270054
6878.86377 0.272927
6879.12500 0.275826
6879.38721 0.278749
6879.64795 0.281682
6879.90918 0.284605
6880.16992 0.287507
6880.43213 0.290393
6880.69287 0.293278
6880.95410 0.296166
6881.21484 0.299054
6881.47705 0.301928
6881.73779 0.304777
6881.99902 0.307606
6882.25977 0.310428
6882.52100 0.313254
6882.78320 0.316092
6883.04395 0.318944
6883.30518 0.321821
6883.56592 0.324737
6883.82812 0.327703
6884.08887 0.33071
6884.35010 0.333728
6884.61084 0.336721
6884.87305 0.339667
6885.13379 0.342565
6885.39502 0.345429
6885.65576 0.348273
6885.91699 0.351106
6886.17920 0.353934
6886.43994 0.356773
6886.70215 0.359638
6886.96289 0.36254
6887.22412 0.365466
6887.48486 0.36839
6887.74707 0.371281
6888.00781 0.374123
6888.26904 0.37692
6888.52979 0.379686
6888.79199 0.38243
6889.05322 0.385147
6889.31396 0.387822
6889.57520 0.390446
6889.83594 0.393022
6890.09814 0.395562
6890.35889 0.398081
6890.62109 0.400591
6890.88184 0.403096
6891.14307 0.4056
6891.40381 0.408105
6891.66602 0.410608
6891.92676 0.413098
6892.18799 0.415557
6892.44922 0.417973
6892.70996 0.420347
6892.97217 0.422689
6893.23291 0.425008
6893.49512 0.427309
6893.75586 0.429592
6894.01709 0.431859
6894.27783 0.434121
6894.54004 0.436383
6894.80078 0.438642
6895.06201 0.440882
6895.32324 0.443084
6895.58398 0.445239
6895.84619 0.447351
6896.10693 0.449432
6896.36914 0.451489
6896.62988 0.453517
6896.89111 0.455507
6897.15186 0.457452
6897.41406 0.459355
6897.67480 0.461218
6897.93701 0.463041
6898.19824 0.464818
6898.45898 0.466545
6898.72021 0.468227
6898.98096 0.469877
6899.24316 0.471507
6899.50391 0.473115
6899.76611 0.474685
6900.02686 0.476203
6900.28809 0.477669
6900.54883 0.479099
6900.81104 0.480511
6901.07178 0.481915
6901.33301 0.483302
6901.59521 0.48466
6901.85596 0.485983
6902.11719 0.487279
6902.37793 0.488565
6902.64014 0.489849
6902.90088 0.49113
6903.16309 0.492405
6903.42383 0.493673
6903.68506 0.494934
6903.94580 0.496187
6904.20801 0.497421
6904.46924 0.498615
6904.72998 0.499757
6904.99219 0.500848
6905.25293 0.501907
6905.51416 0.502952
6905.77588 0.503991
6906.03711 0.505015
6906.29785 0.506008
6906.56006 0.506957
6906.82080 0.507857
6907.08301 0.508705
6907.34424 0.509498
6907.60498 0.510235
6907.86621 0.510922
6908.12695 0.511578
6908.38916 0.512232
6908.64990 0.512907
6908.91211 0.513617
6909.17285 0.514357
6909.43408 0.515112
6909.69580 0.515863
6909.95703 0.516596
6910.21777 0.517301
6910.47900 0.517964
6910.74121 0.518574
6911.00195 0.519121
6911.26416 0.519606
6911.52490 0.52004
6911.78711 0.520439
6912.04785 0.520826
6912.30908 0.521229
6912.56982 0.52168
6912.83203 0.522208
6913.09277 0.522826
6913.35400 0.523516
6913.61621 0.524227
6913.87695 0.524897
6914.13916 0.525473
6914.39990 0.525937
6914.66113 0.5263
6914.92285 0.526591
6915.18408 0.526845
6915.44482 0.527084
6915.70703 0.527314
6915.96777 0.527534
6916.22900 0.527733
6916.49121 0.527905
6916.75195 0.528056
6917.01416 0.528201
6917.27490 0.528363
6917.53613 0.528568
6917.79785 0.528831
6918.05908 0.529146
6918.31982 0.529491
6918.58203 0.529833
6918.84277 0.530143
6919.10400 0.530407
6919.36621 0.530627
6919.62695 0.530814
6919.88916 0.530983
6920.14990 0.531147
6920.41211 0.531322
6920.67285 0.531516
6920.93408 0.531739
6921.19482 0.53199
6921.45703 0.532262
6921.71777 0.53254
6921.97900 0.532813
6922.24121 0.533073
6922.50195 0.53332
6922.76416 0.533551
6923.02490 0.53376
6923.28711 0.533941
6923.54785 0.53409
6923.81006 0.534216
6924.07080 0.534328
6924.33203 0.534438
6924.59424 0.534546
6924.85498 0.534651
6925.11621 0.534758
6925.37793 0.534883
6925.63916 0.535047
6925.89990 0.535264
6926.16211 0.535536
6926.42285 0.535847
6926.68506 0.536176
6926.94580 0.536501
6927.20801 0.536804
6927.46924 0.537069
6927.72998 0.53728
6927.99219 0.53743
6928.25293 0.537523
6928.51514 0.537575
6928.77588 0.537605
6929.03809 0.537632
6929.29883 0.537671
6929.56006 0.537744
6929.82178 0.537871
6930.08301 0.538068
6930.34424 0.538338
6930.60596 0.538662
6930.86719 0.539005
6931.12891 0.539331
6931.39014 0.539611
6931.65088 0.539837
6931.91309 0.540017
6932.17383 0.540173
6932.43604 0.540328
6932.69678 0.540499
6932.95801 0.540697
6933.22021 0.540921
6933.48096 0.541168
6933.74316 0.541427
6934.00391 0.54169
6934.26611 0.54195
6934.52686 0.542206
6934.78906 0.54246
6935.04980 0.542722
6935.31201 0.543
6935.57324 0.543301
6935.83398 0.543623
6936.09619 0.543956
6936.35693 0.544282
6936.61914 0.544584
6936.87988 0.544858
6937.14209 0.545116
6937.40283 0.545379
6937.66504 0.545667
6937.92578 0.545993
6938.18799 0.546354
6938.44922 0.546735
6938.70996 0.547118
6938.97217 0.54749
6939.23291 0.547845
6939.49512 0.548188
6939.75586 0.548524
6940.01807 0.548864
6940.27881 0.54921
6940.54102 0.549568
6940.80176 0.549951
6941.06299 0.550375
6941.32520 0.550851
6941.58594 0.551379
6941.84814 0.551934
6942.10889 0.552484
6942.37109 0.552995
6942.63184 0.553447
6942.89404 0.553828
6943.15479 0.554139
6943.41699 0.554392
6943.67822 0.554613
6943.93896 0.554832
6944.20117 0.555085
6944.46191 0.555395
6944.72412 0.555773
6944.98486 0.556214
6945.24707 0.556703
6945.50781 0.557219
6945.77002 0.557749
6946.03076 0.558279
6946.29199 0.558802
6946.55420 0.559313
6946.81494 0.559809
6947.07715 0.560297
6947.33789 0.560788
6947.60010 0.561294
6947.86084 0.561817
6948.12305 0.562345
6948.38379 0.562854
6948.64600 0.563331
6948.90723 0.563774
6949.16895 0.5642
6949.43018 0.564626
6949.69189 0.565067
6949.95312 0.565527
6950.21484 0.566001
6950.47607 0.566482
6950.73779 0.56696
6951.00000 0.567424
6951.26123 0.567874
6951.52197 0.568318
6951.78418 0.568788
6952.04492 0.569321
6952.30713 0.569943
6952.56787 0.57065
6952.83008 0.571402
6953.09082 0.572147
6953.35303 0.572844
6953.61377 0.573481
6953.87598 0.574079
6954.13721 0.574673
6954.39893 0.57529
6954.66016 0.575945
6954.92188 0.576642
6955.18311 0.577377
6955.44482 0.578136
6955.70605 0.5789
6955.96777 0.57964
6956.22900 0.580331
6956.49121 0.58096
6956.75195 0.58153
6957.01416 0.582057
6957.27490 0.582565
6957.53711 0.583079
6957.79785 0.583629
6958.06006 0.584239
6958.32080 0.584926
6958.58301 0.585691
6958.84424 0.586517
6959.10596 0.587379
6959.36816 0.588249
6959.62891 0.589105
6959.89111 0.589935
6960.15186 0.590727
6960.41406 0.591478
6960.67480 0.592186
6960.93701 0.592859
6961.19824 0.593512
6961.45898 0.594169
6961.72119 0.594858
6961.98291 0.595605
6962.24414 0.596422
6962.50586 0.597308
6962.76807 0.598243
6963.02881 0.599193
6963.29102 0.600128
6963.55176 0.601027
6963.81299 0.601893
6964.07520 0.602744
6964.33594 0.603598
6964.59814 0.60446
6964.85986 0.605322
6965.12109 0.60617
6965.38281 0.606992
6965.64502 0.607793
6965.90576 0.608584
6966.16699 0.609382
6966.42920 0.6102
6966.68994 0.611046
6966.95215 0.611917
6967.21289 0.612807
6967.47510 0.613706
6967.73682 0.6146
6967.99805 0.61548
6968.25977 0.616344
6968.52100 0.617202
6968.78320 0.618072
6969.04395 0.618969
6969.30615 0.619896
6969.56689 0.62084
6969.82910 0.621774
6970.09082 0.622674
6970.35205 0.623529
6970.61377 0.624349
6970.87500 0.625159
6971.13721 0.625986
6971.39795 0.626845
6971.66016 0.627732
6971.92188 0.628623
6972.18311 0.629494
6972.44482 0.630332
6972.70703 0.63114
6972.96777 0.631939
6973.22900 0.632754
6973.49121 0.633613
6973.75195 0.634539
6974.01416 0.635547
6974.27588 0.636638
6974.53711 0.637794
6974.79883 0.638979
6975.06104 0.640154
6975.32178 0.641288
6975.58301 0.642365
6975.84521 0.643384
6976.10693 0.644357
6976.36914 0.645297
6976.62988 0.646218
6976.89209 0.647131
6977.15283 0.648051
6977.41504 0.648994
6977.67578 0.649972
6977.93799 0.650984
6978.20020 0.652016
6978.46094 0.653048
6978.72314 0.654057
6978.98389 0.655029
6979.24609 0.655963
6979.50684 0.656868
6979.76904 0.65776
6980.03076 0.658657
6980.29199 0.659578
6980.55420 0.660531
6980.81494 0.661518
6981.07715 0.662532
6981.33887 0.663561
6981.60010 0.664592
6981.86182 0.665617
6982.12402 0.666637
6982.38477 0.667668
6982.64600 0.668729
6982.90820 0.669834
6983.16992 0.67098
6983.43213 0.672145
6983.69287 0.673292
6983.95508 0.674382
6984.21582 0.675384
6984.47803 0.676279
6984.74023 0.677065
6985.00098 0.677759
6985.26318 0.678401
6985.52393 0.67904
6985.78613 0.679732
6986.04785 0.680517
6986.30908 0.681411
6986.57080 0.682399
6986.83301 0.683444
6987.09424 0.684513
6987.35596 0.68558
6987.61719 0.68663
6987.87891 0.687653
6988.14111 0.688636
6988.40186 0.689562
6988.66406 0.69042
6988.92578 0.691217
6989.18701 0.691971
6989.44922 0.692717
6989.70996 0.693488
6989.97217 0.694312
6990.23389 0.695193
6990.49512 0.696115
6990.75684 0.697045
6991.01904 0.697945
6991.27979 0.698786
6991.54199 0.699559
6991.80420 0.700273
6992.06494 0.700948
6992.32715 0.701605
6992.58789 0.702256
6992.85010 0.7029
6993.11182 0.703528
6993.37402 0.704133
6993.63477 0.704711
6993.89600 0.705267
6994.15820 0.705814
6994.41992 0.706357
6994.68213 0.706895
6994.94287 0.707422
6995.20508 0.707928
6995.46680 0.708413
6995.72803 0.708885
6995.99023 0.709355
6996.25098 0.709828
6996.51318 0.710304
6996.77490 0.710777
6997.03711 0.711243
6997.29785 0.711697
6997.56006 0.712128
6997.82080 0.712504
6998.08301 0.71279
6998.34521 0.712959
6998.60596 0.713018
6998.86816 0.713006
6999.12988 0.712971
6999.39209 0.712944
6999.65283 0.712923
6999.91504 0.712889
7000.17676 0.712832
7000.43799 0.712759
7000.70020 0.712686
7000.96094 0.712617
7001.22314 0.712531
7001.48486 0.712394
7001.74707 0.712186
7002.00781 0.711906
7002.27002 0.711572
7002.53223 0.711198
7002.79297 0.71078
7003.05518 0.71031
7003.31592 0.709788
7003.57812 0.70923
7003.83984 0.708666
7004.10205 0.708109
7004.36279 0.707549
7004.62500 0.706946
7004.88721 0.706253
7005.14795 0.705439
7005.41016 0.704499
7005.67188 0.703446
7005.93408 0.702306
7006.19482 0.701106
7006.45703 0.699873
7006.71924 0.698633
7006.97998 0.697404
7007.24219 0.696187
7007.50391 0.694949
7007.76514 0.69365
7008.02686 0.692252
7008.28906 0.690753
7008.54980 0.689186
7008.81201 0.6876
7009.07422 0.686033
7009.33496 0.684489
7009.59717 0.682946
7009.85889 0.681372
7010.12109 0.679742
7010.38184 0.678038
7010.64404 0.676247
7010.90576 0.674354
7011.16699 0.672355
7011.42920 0.67027
7011.69092 0.668139
7011.95312 0.665993
7012.21387 0.663833
7012.47607 0.661628
7012.73779 0.659338
7013.00000 0.656946
7013.26123 0.654471
7013.52295 0.651953
7013.78516 0.649416
7014.04590 0.646849
7014.30811 0.644216
7014.56982 0.641493
7014.83203 0.638686
7015.09277 0.635832
7015.35498 0.632964
7015.61719 0.630088
7015.87793 0.627177
7016.14014 0.624194
7016.40186 0.621121
7016.66406 0.617959
7016.92480 0.614718
7017.18701 0.611405
7017.44922 0.608025
7017.70996 0.604596
7017.97217 0.601152
7018.23389 0.597726
7018.49609 0.594329
7018.75781 0.590939
7019.02002 0.587508
7019.28076 0.583997
7019.54297 0.580394
7019.80518 0.576723
7020.06592 0.573011
7020.32812 0.569265
7020.58984 0.565472
7020.85205 0.56162
7021.11279 0.55773
7021.37500 0.553843
7021.63721 0.549995
7021.89795 0.546181
7022.16016 0.542348
7022.42188 0.538434
7022.68408 0.534416
7022.94482 0.53032
7023.20801 0.526207
7023.46924 0.522116
7023.73096 0.518047
7023.99316 0.513966
7024.25391 0.509841
7024.51611 0.505665
7024.77783 0.501451
7025.04004 0.497207
7025.30078 0.492925
7025.56299 0.488591
7025.82520 0.48421
7026.08594 0.479811
7026.34912 0.475433
7026.60986 0.471091
7026.87207 0.466761
7027.13379 0.462404
7027.39600 0.457999
7027.65723 0.453578
7027.91895 0.449201
7028.18115 0.444912
7028.44189 0.440708
7028.70410 0.436542
7028.96582 0.432362
7029.22803 0.428157
7029.49023 0.423953
7029.75098 0.419778
7030.01318 0.415634
7030.27490 0.411484
7030.53711 0.407289
7030.79785 0.403044
7031.06104 0.39878
7031.32178 0.39454
7031.58398 0.390339
7031.84619 0.386158
7032.10693 0.381961
7032.36914 0.377737
7032.63086 0.373513
7032.89307 0.369332
7033.15479 0.365221
7033.41699 0.361169
7033.67822 0.357149
7033.93994 0.353147
7034.20215 0.349174
7034.46387 0.345253
7034.72607 0.34139
7034.98682 0.33756
7035.24902 0.333726
7035.51123 0.329869
7035.77197 0.326004
7036.03418 0.322161
7036.29590 0.31836
7036.55811 0.314586
7036.81982 0.310805
7037.08203 0.306993
7037.34277 0.303163
7037.60498 0.299361
7037.86719 0.295628
7038.12891 0.291979
7038.39111 0.288399
7038.65186 0.284865
7038.91406 0.281372
7039.17578 0.277933
7039.43799 0.274556
7039.70020 0.271228
7039.96094 0.267911
7040.22314 0.264567
7040.48486 0.261187
7040.74707 0.257796
7041.00879 0.254436
7041.27100 0.251131
7041.53320 0.247878
7041.79395 0.244657
7042.05615 0.24146
7042.31787 0.238304
7042.58008 0.235212
7042.84180 0.232193
7043.10400 0.229224
7043.36523 0.226267
7043.62695 0.223298
7043.88916 0.220326
7044.15088 0.217385
7044.41309 0.214505
7044.67383 0.211694
7044.93604 0.208934
7045.19824 0.20621
7045.45996 0.203519
7045.72217 0.200874
7045.98291 0.198282
7046.24609 0.195729
7046.50684 0.19319
7046.76904 0.190644
7047.03076 0.188097
7047.29297 0.185574
7047.55518 0.183098
7047.81592 0.180675
7048.07812 0.178285
7048.33984 0.175906
7048.60205 0.173536
7048.86377 0.171188
7049.12500 0.168886
7049.38818 0.166636
7049.64893 0.164428
7049.91113 0.162243
7050.17285 0.160072
7050.43506 0.157924
7050.69678 0.155812
7050.95801 0.153736
7051.22119 0.151685
7051.48193 0.14964
7051.74414 0.147601
7052.00586 0.145588
7052.26807 0.143629
7052.52979 0.14174
7052.79199 0.139906
7053.05420 0.138095
7053.31494 0.136274
7053.57715 0.134433
7053.83887 0.132587
7054.10107 0.130762
7054.36279 0.128975
7054.62500 0.127229
7054.88721 0.125522
7055.14795 0.123853
7055.41016 0.122227
7055.67188 0.120641
7055.93408 0.119081
7056.19580 0.117526
7056.45801 0.11596
7056.72021 0.114387
7056.98096 0.112827
7057.24414 0.111303
7057.50488 0.109823
7057.76709 0.108375
7058.02881 0.106944
7058.29102 0.105521
7058.55322 0.104111
7058.81494 0.102728
7059.07715 0.101378
7059.33789 0.100051
7059.60107 0.09873
7059.86182 0.097403
7060.12402 0.09607
7060.38623 0.094747
7060.64795 0.093446
7060.91016 0.092174
7061.17188 0.090925
7061.43408 0.089697
7061.69580 0.088493
7061.95801 0.087323
7062.21924 0.086196
7062.48096 0.085105
7062.74316 0.084035
7063.00488 0.082963
7063.26709 0.081881
7063.52881 0.080796
7063.79102 0.079724
7064.05322 0.078678
7064.31396 0.07766
7064.57715 0.07666
7064.83789 0.075666
7065.10010 0.074677
7065.36182 0.073699
7065.62402 0.072742
7065.88623 0.071808
7066.14795 0.070897
7066.41016 0.070002
7066.67188 0.06912
7066.93408 0.06825
7067.19580 0.067389
7067.45801 0.066531
7067.71924 0.065672
7067.98096 0.064814
7068.24316 0.063968
7068.50488 0.063148
7068.76709 0.06236
7069.02881 0.061596
7069.29102 0.060839
7069.55322 0.060076
7069.81494 0.059305
7070.07715 0.058538
7070.33887 0.057788
7070.60107 0.057061
7070.86279 0.056353
7071.12500 0.055657
7071.38623 0.054968
7071.64795 0.054292
7071.91016 0.053636
7072.17188 0.053003
7072.43408 0.052389
7072.69580 0.051782
7072.95801 0.051173
7073.22021 0.050561
7073.48193 0.04995
7073.74414 0.049348
7074.00586 0.048753
7074.26807 0.048158
7074.52979 0.047558
7074.79199 0.046952
7075.05420 0.046348
7075.31494 0.045754
7075.57812 0.045177
7075.83887 0.044614
7076.10205 0.044059
7076.36279 0.043511
7076.62500 0.042975
7076.88721 0.04246
7077.14893 0.041969
7077.41113 0.041497
7077.67285 0.041029
7077.93506 0.040552
7078.19678 0.04006
7078.45898 0.039559
7078.72119 0.039059
7078.98291 0.03857
7079.24512 0.038101
7079.50684 0.037651
7079.76904 0.037222
7080.03076 0.036812
7080.29199 0.036419
7080.55518 0.036034
7080.81592 0.03565
7081.07910 0.03526
7081.33984 0.034866
7081.60303 0.034472
7081.86377 0.034086
7082.12598 0.033705
7082.38818 0.033322
7082.64990 0.032928
7082.91211 0.032522
7083.17383 0.032109
7083.43604 0.031699
7083.69824 0.0313
7083.95996 0.03091
7084.22217 0.030526
7084.48389 0.030142
7084.74609 0.029762
7085.00781 0.029392
7085.27002 0.02904
7085.53223 0.028708
7085.79395 0.028396
7086.05615 0.0281
7086.31787 0.027821
7086.58008 0.027564
7086.84180 0.027337
7087.10400 0.027149
7087.36621 0.027002
7796.10303 0.0
