threeML/data/optical_filters/CAHA/CAHA-f_658_10.ecsv
# %ECSV 0.9
# ---
# datatype:
# - {name: wavelength, unit: Angstrom, datatype: float32}
# - {name: response, datatype: float32}
# meta: !!omap
# - {band_name: f_658_10}
# - {group_name: CAHA}
wavelength response
5755.26807 0.0
6394.74219 0.004226
6395.60693 0.004278
6396.47217 0.00433
6397.33594 0.004382
6398.20117 0.004434
6399.06592 0.004487
6399.93115 0.00454
6400.79590 0.004593
6401.66113 0.004647
6402.52588 0.004701
6403.39111 0.004755
6404.25488 0.004809
6405.12012 0.004864
6405.98486 0.004919
6406.85010 0.004975
6407.71484 0.005031
6408.58008 0.005087
6409.44385 0.005143
6410.30908 0.0052
6411.17383 0.005257
6412.03906 0.005314
6412.90381 0.005372
6413.76904 0.005429
6414.63281 0.005488
6415.49805 0.005546
6416.36279 0.005603
6417.22803 0.00566
6418.09277 0.005715
6418.95801 0.005766
6419.82178 0.005812
6420.68701 0.005853
6421.55176 0.005889
6422.41699 0.005922
6423.28223 0.005954
6424.14600 0.005988
6425.01123 0.006027
6425.87598 0.006073
6426.74121 0.006125
6427.60596 0.006183
6428.47119 0.006246
6429.33496 0.006314
6430.20020 0.006387
6431.06494 0.006463
6431.93018 0.006543
6432.79395 0.006626
6433.65918 0.006713
6434.52393 0.006804
6435.38916 0.006899
6436.25391 0.006997
6437.11914 0.007099
6437.98291 0.007204
6438.84814 0.007314
6439.71289 0.007427
6440.57812 0.007543
6441.44287 0.007663
6442.30811 0.007787
6443.17188 0.007915
6444.03711 0.008046
6444.90186 0.008181
6445.76709 0.008319
6446.63086 0.008462
6447.49609 0.008608
6448.36084 0.008757
6449.22607 0.00891
6450.09082 0.009067
6450.95605 0.009228
6451.81982 0.009392
6452.68506 0.00956
6453.54980 0.009731
6454.41504 0.009906
6455.27881 0.010085
6456.14404 0.010268
6457.00879 0.010454
6457.87402 0.010644
6458.73779 0.010837
6459.60303 0.011035
6460.46777 0.011235
6461.33301 0.01144
6462.19824 0.011648
6463.06299 0.01186
6463.92676 0.012076
6464.79199 0.012295
6465.65723 0.012518
6466.52100 0.012744
6467.38623 0.012974
6468.25098 0.013208
6469.11621 0.013446
6469.97998 0.013686
6470.84521 0.01393
6471.70996 0.014176
6472.57520 0.014423
6473.43896 0.014668
6474.30420 0.014908
6475.16895 0.015143
6476.03418 0.015374
6476.89795 0.015608
6477.76318 0.01586
6478.62793 0.016142
6479.49316 0.016466
6480.35693 0.016839
6481.22217 0.017261
6482.08691 0.017738
6482.95215 0.018276
6483.81592 0.018889
6484.68115 0.019588
6485.54590 0.020376
6486.41113 0.021246
6487.27490 0.022175
6488.14014 0.023139
6489.00488 0.024114
6489.87012 0.025085
6490.73389 0.026049
6491.59912 0.027021
6492.46387 0.028032
6493.32910 0.029124
6494.19287 0.030337
6495.05811 0.031689
6495.92285 0.033172
6496.78809 0.034755
6497.65186 0.036405
6498.51709 0.038101
6499.38184 0.039852
6500.24707 0.041687
6501.11084 0.043659
6501.97607 0.045823
6502.84082 0.048246
6503.70605 0.050993
6504.56982 0.054125
6505.43506 0.057681
6506.29980 0.061671
6507.16504 0.06608
6508.02881 0.070883
6508.89404 0.076063
6509.75781 0.081625
6510.62305 0.087588
6511.48779 0.093985
6512.35303 0.100851
6513.21680 0.108224
6514.08203 0.116145
6514.94678 0.124662
6515.81201 0.133823
6516.67578 0.143686
6517.54102 0.154318
6518.40576 0.165791
6519.27100 0.178184
6520.13477 0.191558
6521.00000 0.205967
6521.86377 0.221435
6522.72900 0.237962
6523.59424 0.255527
6524.45801 0.274101
6525.32324 0.293651
6526.18799 0.314129
6527.05322 0.335457
6527.91699 0.357515
6528.78223 0.380128
6529.64697 0.403088
6530.51123 0.426162
6531.37598 0.449121
6532.24121 0.471749
6533.10498 0.493872
6533.97021 0.515352
6534.83496 0.53608
6535.70020 0.555951
6536.56396 0.574838
6537.42920 0.592612
6538.29297 0.609158
6539.15820 0.624414
6540.02295 0.638364
6540.88818 0.651041
6541.75195 0.662485
6542.61719 0.672712
6543.48193 0.681705
6544.34619 0.68942
6545.21094 0.695834
6546.07617 0.700991
6546.93994 0.705033
6547.80518 0.708179
6548.66992 0.710672
6549.53418 0.712719
6550.39893 0.714455
6551.26416 0.715941
6552.12793 0.717173
6552.99316 0.718108
6553.85791 0.718711
6554.72217 0.718988
6555.58691 0.719007
6556.45215 0.718873
6557.31592 0.718694
6558.18115 0.718544
6559.04590 0.718469
6559.91016 0.718499
6560.77490 0.718687
6561.64014 0.719107
6562.50391 0.719852
6563.36914 0.720993
6564.23389 0.722538
6565.09814 0.724405
6565.96289 0.72641
6566.82812 0.728312
6567.69189 0.729879
6568.55713 0.730979
6569.42090 0.731632
6570.28613 0.731993
6571.15088 0.732288
6572.01611 0.732702
6572.87988 0.733298
6573.74512 0.734017
6574.60889 0.734739
6575.47412 0.735367
6576.33887 0.735874
6577.20312 0.736295
6578.06787 0.73667
6578.93311 0.736991
6579.79688 0.737175
6580.66211 0.737114
6581.52588 0.736733
6582.39111 0.736047
6583.25586 0.735143
6584.12012 0.734131
6584.98486 0.733088
6585.85010 0.73204
6586.71387 0.730985
6587.57910 0.729916
6588.44287 0.728844
6589.30811 0.727788
6590.17285 0.726763
6591.03711 0.725788
6591.90186 0.724876
6592.76709 0.724023
6593.63086 0.723198
6594.49609 0.722334
6595.35986 0.721354
6596.22510 0.720189
6597.08984 0.718805
6597.95410 0.71721
6598.81885 0.715456
6599.68408 0.713616
6600.54785 0.711776
6601.41309 0.709992
6602.27686 0.708267
6603.14209 0.706506
6604.00586 0.704534
6604.87109 0.702132
6605.73584 0.699098
6606.60010 0.695299
6607.46484 0.690671
6608.33008 0.685199
6609.19385 0.678883
6610.05908 0.671716
6610.92285 0.663684
6611.78809 0.654785
6612.65186 0.645022
6613.51709 0.634403
6614.38184 0.622915
6615.24609 0.610515
6616.11084 0.597128
6616.97607 0.582657
6617.83984 0.567026
6618.70508 0.550216
6619.56885 0.532293
6620.43408 0.513411
6621.29785 0.493782
6622.16309 0.473625
6623.02686 0.453123
6623.89209 0.43242
6624.75684 0.411633
6625.62109 0.390888
6626.48584 0.370349
6627.35107 0.35019
6628.21484 0.330568
6629.08008 0.311582
6629.94385 0.293264
6630.80908 0.275606
6631.67285 0.258603
6632.53809 0.242281
6633.40186 0.226707
6634.26709 0.211963
6635.13184 0.198121
6635.99609 0.185215
6636.86084 0.173226
6637.72510 0.162088
6638.58984 0.151697
6639.45508 0.141933
6640.31885 0.132688
6641.18408 0.123895
6642.04785 0.115543
6642.91309 0.107667
6643.77686 0.100323
6644.64209 0.093549
6645.50586 0.087338
6646.37109 0.081652
6647.23486 0.076434
6648.10010 0.071636
6648.96387 0.067226
6649.82910 0.063171
6650.69385 0.059439
6651.55811 0.055985
6652.42285 0.052755
6653.28711 0.049703
6654.15186 0.046801
6655.01611 0.044045
6655.88086 0.041447
6656.74609 0.039025
6657.60986 0.036786
6658.47510 0.034723
6659.33887 0.03282
6660.20410 0.03106
6661.06787 0.029424
6661.93311 0.027898
6662.79688 0.026477
6663.66211 0.025167
6664.52588 0.023976
6665.39111 0.022911
6666.25488 0.021965
6667.12012 0.021125
6667.98389 0.020371
6668.84912 0.019688
6669.71289 0.019057
6670.57812 0.018461
6671.44189 0.01788
6672.30713 0.017293
6673.17090 0.016689
6674.03613 0.016065
6674.89990 0.015424
6675.76514 0.014779
6676.62891 0.01414
6677.49414 0.013524
6678.35889 0.01295
6679.22314 0.01244
6680.08789 0.012007
6680.95215 0.011654
6681.81689 0.011369
6682.68115 0.011131
6683.54590 0.010921
6684.41016 0.010725
6685.27490 0.010533
6686.13916 0.010338
6687.00391 0.010138
6687.86816 0.009941
6688.73291 0.00976
6689.59717 0.009611
6690.46191 0.009495
6691.32617 0.009404
6692.19092 0.009323
6693.05518 0.009238
6693.91992 0.009147
6694.78418 0.009057
6695.64893 0.008978
6696.51318 0.008917
6697.37793 0.008874
6698.24219 0.008841
6699.10693 0.008799
6699.97119 0.008733
6700.83496 0.008628
6701.70020 0.008481
6702.56396 0.008299
6703.42920 0.008093
6704.29297 0.007869
6705.15820 0.007627
6706.02197 0.007368
6706.88721 0.007098
6707.75098 0.006846
6708.61621 0.006647
6709.47998 0.006531
6710.34521 0.0065
6711.20898 0.006531
6712.07422 0.006577
6712.93799 0.006595
6713.80322 0.006564
6714.66699 0.006486
6715.53223 0.006386
6716.39600 0.006293
6717.26123 0.006225
6718.12500 0.006187
6718.99023 0.006168
6719.85400 0.006146
6720.71924 0.006099
6721.58301 0.006011
6722.44824 0.005873
6723.31201 0.005684
6724.17578 0.005451
6725.04102 0.005192
6725.90479 0.004928
6726.77002 0.004682
6727.63379 0.004469
6728.49902 0.004293
6729.36279 0.004151
6730.22803 0.004044
7403.25098 0.0
