threeML/data/optical_filters/CAHA/CAHA-f_549_47.ecsv
# %ECSV 0.9
# ---
# datatype:
# - {name: wavelength, unit: Angstrom, datatype: float32}
# - {name: response, datatype: float32}
# meta: !!omap
# - {band_name: f_549_47}
# - {group_name: CAHA}
wavelength response
4578.17383 0.0
5086.85986 0.004017
5087.12012 0.003824
5087.39014 0.004015
5087.64990 0.003664
5087.91016 0.0037
5088.16992 0.003966
5088.43018 0.003977
5088.68994 0.003822
5088.95020 0.004417
5089.20996 0.003818
5089.47021 0.003836
5089.74023 0.003578
5090.00000 0.004383
5090.25977 0.003557
5090.52002 0.004011
5090.77979 0.004371
5091.04004 0.004465
5091.29980 0.004575
5091.56006 0.004302
5091.83008 0.004377
5092.08984 0.004319
5092.35010 0.004838
5092.60986 0.004566
5092.87012 0.004533
5093.12988 0.004813
5093.39014 0.00456
5093.64990 0.004633
5093.91992 0.005024
5094.18018 0.005033
5094.43994 0.004622
5094.70020 0.004643
5094.95996 0.005429
5095.22021 0.004869
5095.47998 0.005117
5095.74023 0.004977
5096.00000 0.005452
5096.27002 0.004694
5096.52979 0.004848
5096.79004 0.005309
5097.04980 0.00579
5097.31006 0.005293
5097.56982 0.004768
5097.83008 0.005917
5098.08984 0.005417
5098.35986 0.005406
5098.62012 0.005495
5098.87988 0.006225
5099.14014 0.005586
5099.39990 0.005582
5099.66016 0.005879
5099.91992 0.005528
5100.18018 0.005895
5100.45020 0.006697
5100.70996 0.00588
5100.97021 0.006227
5101.22998 0.006157
5101.49023 0.006086
5101.75000 0.006545
5102.00977 0.006455
5102.27002 0.00694
5102.52979 0.007009
5102.79980 0.006626
5103.06006 0.006825
5103.31982 0.00679
5103.58008 0.006653
5103.83984 0.006924
5104.10010 0.007262
5104.35986 0.007086
5104.62012 0.00781
5104.89014 0.007293
5105.14990 0.00733
5105.41016 0.007193
5105.66992 0.007901
5105.93018 0.007608
5106.18994 0.007977
5106.45020 0.007686
5106.70996 0.00811
5106.97998 0.00813
5107.24023 0.008005
5107.50000 0.008455
5107.75977 0.008482
5108.02002 0.008765
5108.27979 0.008812
5108.54004 0.008549
5108.79980 0.008667
5109.06006 0.008892
5109.33008 0.009148
5109.58984 0.009243
5109.85010 0.009297
5110.10986 0.00953
5110.37012 0.009618
5110.62988 0.009858
5110.89014 0.009983
5111.14990 0.010006
5111.41992 0.010303
5111.68018 0.010197
5111.93994 0.010221
5112.20020 0.010528
5112.45996 0.010447
5112.72021 0.010491
5112.97998 0.01082
5113.24023 0.011022
5113.50977 0.010759
5113.77002 0.0108
5114.02979 0.011267
5114.29004 0.011439
5114.54980 0.011934
5114.81006 0.011741
5115.06982 0.011716
5115.33008 0.012317
5115.58984 0.012014
5115.85986 0.012578
5116.12012 0.012915
5116.37988 0.012923
5116.64014 0.012292
5116.89990 0.013069
5117.16016 0.013312
5117.41992 0.013321
5117.68018 0.013381
5117.95020 0.013949
5118.20996 0.013907
5118.47021 0.014111
5118.72998 0.014216
5118.99023 0.01416
5119.25000 0.014822
5119.50977 0.01489
5119.77002 0.015653
5120.04004 0.015084
5120.29980 0.016012
5120.56006 0.015507
5120.81982 0.015962
5121.08008 0.015272
5121.33984 0.016123
5121.60010 0.016471
5121.85986 0.016557
5122.12012 0.016656
5122.39014 0.016662
5122.64990 0.017379
5122.91016 0.017663
5123.16992 0.01758
5123.43018 0.017465
5123.68994 0.018523
5123.95020 0.018042
5124.20996 0.018892
5124.47998 0.018968
5124.74023 0.019344
5125.00000 0.018881
5125.25977 0.019191
5125.52002 0.020645
5125.77979 0.019887
5126.04004 0.020389
5126.29980 0.021047
5126.56982 0.021594
5126.83008 0.021141
5127.08984 0.021491
5127.35010 0.02147
5127.60986 0.02205
5127.87012 0.021678
5128.12988 0.02285
5128.39014 0.022723
5128.64990 0.023181
5128.91992 0.023055
5129.18018 0.02433
5129.43994 0.023498
5129.70020 0.024694
5129.95996 0.024561
5130.22021 0.024584
5130.47998 0.025448
5130.74023 0.025556
5131.00977 0.025618
5131.27002 0.025711
5131.52979 0.026258
5131.79004 0.025682
5132.04980 0.025877
5132.31006 0.027058
5132.56982 0.026981
5132.83008 0.027108
5133.10010 0.027608
5133.35986 0.028769
5133.62012 0.028852
5133.87988 0.029632
5134.14014 0.029943
5134.39990 0.030254
5134.66016 0.030185
5134.91992 0.029342
5135.18018 0.030841
5135.45020 0.03097
5135.70996 0.032126
5135.97021 0.031919
5136.22998 0.032128
5136.49023 0.032406
5136.75000 0.033462
5137.00977 0.033265
5137.27002 0.033412
5137.54004 0.033854
5137.79980 0.034128
5138.06006 0.034667
5138.31982 0.035083
5138.58008 0.034726
5138.83984 0.0373
5139.10010 0.036414
5139.35986 0.037054
5139.62012 0.036669
5139.89014 0.037031
5140.14990 0.038419
5140.41016 0.038018
5140.66992 0.038207
5140.93018 0.039227
5141.18994 0.038773
5141.45020 0.040152
5141.70996 0.03992
5141.97998 0.041558
5142.24023 0.04161
5142.50000 0.041718
5142.75977 0.042054
5143.02002 0.041733
5143.27979 0.043102
5143.54004 0.043771
5143.79980 0.043319
5144.06982 0.0443
5144.33008 0.043961
5144.58984 0.045023
5144.85010 0.045914
5145.10986 0.047045
5145.37012 0.046994
5145.62988 0.04699
5145.89014 0.047796
5146.16016 0.048602
5146.41992 0.04916
5146.68018 0.049226
5146.93994 0.049741
5147.20020 0.049648
5147.45996 0.051321
5147.72021 0.051355
5147.97998 0.051066
5148.24023 0.052382
5148.50977 0.052915
5148.77002 0.054144
5149.02979 0.053153
5149.29004 0.054283
5149.54980 0.055757
5149.81006 0.055822
5150.06982 0.055774
5150.33008 0.057042
5150.60010 0.057795
5150.85986 0.056565
5151.12012 0.058476
5151.37988 0.059339
5151.64014 0.05961
5151.89990 0.060166
5152.16016 0.06053
5152.41992 0.060429
5152.68994 0.06214
5152.95020 0.062141
5153.20996 0.062682
5153.47021 0.063161
5153.72998 0.064652
5153.99023 0.065262
5154.25000 0.065212
5154.50977 0.065912
5154.77002 0.066952
5155.04004 0.067541
5155.29980 0.067704
5155.56006 0.067329
5155.81982 0.068321
5156.08008 0.068634
5156.33984 0.07022
5156.60010 0.069971
5156.85986 0.071261
5157.12988 0.071341
5157.39014 0.072513
5157.64990 0.073342
5157.91016 0.073522
5158.16992 0.074325
5158.43018 0.075323
5158.68994 0.076237
5158.95020 0.076604
5159.22021 0.077658
5159.47998 0.077425
5159.74023 0.078766
5160.00000 0.080141
5160.25977 0.080014
5160.52002 0.080384
5160.77979 0.081732
5161.04004 0.082148
5161.29980 0.081712
5161.56982 0.083486
5161.83008 0.083346
5162.08984 0.085138
5162.35010 0.086469
5162.60986 0.085935
5162.87012 0.085667
5163.12988 0.086565
5163.39014 0.088149
5163.66016 0.087402
5163.91992 0.08908
5164.18018 0.089431
5164.43994 0.091407
5164.70020 0.092588
5164.95996 0.092502
5165.22021 0.092868
5165.47998 0.094567
5165.75000 0.094365
5166.00977 0.09501
5166.27002 0.096601
5166.52979 0.0969
5166.79004 0.097852
5167.04980 0.098932
5167.31006 0.098763
5167.56982 0.099451
5167.83008 0.10019
5168.10010 0.100777
5168.35986 0.10009
5168.62012 0.102697
5168.87988 0.102009
5169.14014 0.104699
5169.39990 0.105016
5169.66016 0.106095
5169.91992 0.106127
5170.18994 0.107625
5170.45020 0.108142
5170.70996 0.109016
5170.97021 0.110617
5171.22998 0.108708
5171.49023 0.110834
5171.75000 0.111324
5172.00977 0.112149
5172.27979 0.114836
5172.54004 0.115729
5172.79980 0.115931
5173.06006 0.116911
5173.31982 0.117117
5173.58008 0.119254
5173.83984 0.119572
5174.10010 0.121446
5174.35986 0.121585
5174.62988 0.121495
5174.89014 0.123967
5175.14990 0.122049
5175.41016 0.124518
5175.66992 0.124897
5175.93018 0.125755
5176.18994 0.126674
5176.45020 0.126637
5176.72021 0.127249
5176.97998 0.129298
5177.24023 0.128656
5177.50000 0.130854
5177.75977 0.131569
5178.02002 0.131569
5178.27979 0.134671
5178.54004 0.133444
5178.81006 0.133971
5179.06982 0.136083
5179.33008 0.136722
5179.58984 0.136806
5179.85010 0.138618
5180.10986 0.140144
5180.37012 0.138665
5180.62988 0.141436
5180.89990 0.142056
5181.16016 0.142258
5181.41992 0.143587
5181.68018 0.145616
5181.93994 0.143923
5182.20020 0.147072
5182.45996 0.147171
5182.72021 0.148985
5182.97998 0.150286
5183.25000 0.149395
5183.50977 0.151596
5183.77002 0.150343
5184.02979 0.153631
5184.29004 0.154895
5184.54980 0.155342
5184.81006 0.155672
5185.06982 0.15684
5185.33008 0.154955
5185.60010 0.157726
5185.85986 0.158352
5186.12012 0.159081
5186.37988 0.160712
5186.64014 0.163058
5186.89990 0.164216
5187.16016 0.162456
5187.41992 0.165135
5187.68994 0.164943
5187.95020 0.166291
5188.20996 0.169218
5188.47021 0.168852
5188.72998 0.168421
5188.99023 0.170408
5189.25000 0.171644
5189.50977 0.172959
5189.77979 0.173925
5190.04004 0.173759
5190.29980 0.176441
5190.56006 0.176713
5190.81982 0.177324
5191.08008 0.179511
5191.33984 0.179164
5191.60010 0.182253
5191.87012 0.17921
5192.12988 0.18225
5192.39014 0.182722
5192.64990 0.183642
5192.91016 0.183527
5193.16992 0.187141
5193.43018 0.186404
5193.68994 0.188772
5193.95020 0.189262
5194.22021 0.190177
5194.47998 0.190863
5194.74023 0.192964
5195.00000 0.19281
5195.25977 0.194718
5195.52002 0.195548
5195.77979 0.19643
5196.04004 0.196914
5196.31006 0.196781
5196.56982 0.198784
5196.83008 0.199224
5197.08984 0.200866
5197.35010 0.201006
5197.60986 0.201113
5197.87012 0.202074
5198.12988 0.205094
5198.39990 0.205211
5198.66016 0.206676
5198.91992 0.208992
5199.18018 0.207383
5199.43994 0.210131
5199.70020 0.212929
5199.95996 0.210952
5200.22021 0.213141
5200.47998 0.212436
5200.75000 0.214284
5201.00977 0.21516
5201.27002 0.218464
5201.52979 0.216459
5201.79004 0.218364
5202.04980 0.219766
5202.31006 0.222059
5202.56982 0.221542
5202.83984 0.22422
5203.10010 0.221879
5203.35986 0.22396
5203.62012 0.227962
5203.87988 0.224014
5204.14014 0.229123
5204.39990 0.230215
5204.66016 0.229125
5204.93018 0.231989
5205.18994 0.230334
5205.45020 0.234871
5205.70996 0.233344
5205.97021 0.233674
5206.22998 0.236883
5206.49023 0.23744
5206.75000 0.240106
5207.00977 0.238614
5207.27979 0.239715
5207.54004 0.238714
5207.79980 0.241639
5208.06006 0.244021
5208.31982 0.244068
5208.58008 0.245927
5208.83984 0.244914
5209.10010 0.249061
5209.37012 0.248304
5209.62988 0.248594
5209.89014 0.251175
5210.14990 0.252656
5210.41016 0.251887
5210.66992 0.252222
5210.93018 0.253127
5211.18994 0.255294
5211.45996 0.255267
5211.72021 0.256735
5211.97998 0.260325
5212.24023 0.262331
5212.50000 0.261388
5212.75977 0.261017
5213.02002 0.262105
5213.27979 0.26323
5213.54004 0.263582
5213.81006 0.266121
5214.06982 0.268001
5214.33008 0.268918
5214.58984 0.269434
5214.85010 0.270559
5215.10986 0.271549
5215.37012 0.273238
5215.62988 0.27373
5215.89990 0.273673
5216.16016 0.274027
5216.41992 0.275923
5216.68018 0.275357
5216.93994 0.279089
5217.20020 0.279331
5217.45996 0.278514
5217.72021 0.283388
5217.99023 0.283452
5218.25000 0.282939
5218.50977 0.283452
5218.77002 0.285251
5219.02979 0.285599
5219.29004 0.28842
5219.54980 0.28983
5219.81006 0.290111
5220.06982 0.290672
5220.33984 0.291328
5220.60010 0.292652
5220.85986 0.293629
5221.12012 0.294891
5221.37988 0.295197
5221.64014 0.295963
5221.89990 0.296799
5222.16016 0.298378
5222.43018 0.299961
5222.68994 0.29998
5222.95020 0.299127
5223.20996 0.299238
5223.47021 0.30454
5223.72998 0.303352
5223.99023 0.306877
5224.25000 0.308599
5224.52002 0.307503
5224.77979 0.310367
5225.04004 0.312802
5225.29980 0.311313
5225.56006 0.310145
5225.81982 0.312683
5226.08008 0.312949
5226.33984 0.318591
5226.60010 0.315374
5226.87012 0.316739
5227.12988 0.318356
5227.39014 0.321471
5227.64990 0.319697
5227.91016 0.321847
5228.16992 0.323458
5228.43018 0.32564
5228.68994 0.325223
5228.95996 0.324668
5229.22021 0.327157
5229.47998 0.327795
5229.74023 0.32982
5230.00000 0.331971
5230.25977 0.333748
5230.52002 0.332241
5230.77979 0.335461
5231.04980 0.332763
5231.31006 0.334181
5231.56982 0.334115
5231.83008 0.336563
5232.08984 0.339247
5232.35010 0.339415
5232.60986 0.339029
5232.87012 0.341112
5233.12988 0.340785
5233.39990 0.34237
5233.66016 0.341838
5233.91992 0.34613
5234.18018 0.342573
5234.43994 0.348152
5234.70020 0.349234
5234.95996 0.349381
5235.22021 0.35037
5235.49023 0.353011
5235.75000 0.353357
5236.00977 0.355763
5236.27002 0.353643
5236.52979 0.354821
5236.79004 0.356088
5237.04980 0.358107
5237.31006 0.355972
5237.58008 0.358811
5237.83984 0.359317
5238.10010 0.359574
5238.35986 0.361452
5238.62012 0.365194
5238.87988 0.36289
5239.14014 0.366588
5239.39990 0.363488
5239.66992 0.368216
5239.93018 0.36833
5240.18994 0.370085
5240.45020 0.370649
5240.70996 0.369827
5240.97021 0.371445
5241.22998 0.371484
5241.49023 0.374048
5241.75000 0.377371
5242.02002 0.378318
5242.27979 0.379096
5242.54004 0.381765
5242.79980 0.378428
5243.06006 0.379387
5243.31982 0.381804
5243.58008 0.382024
5243.83984 0.384476
5244.10010 0.386369
5244.37012 0.385475
5244.62988 0.385452
5244.89014 0.388445
5245.14990 0.391015
5245.41016 0.388561
5245.66992 0.390909
5245.93018 0.393172
5246.18994 0.392291
5246.45996 0.39217
5246.72021 0.394303
5246.97998 0.395184
5247.24023 0.397758
5247.50000 0.398528
5247.75977 0.399208
5248.02002 0.399131
5248.27979 0.401824
5248.54980 0.400445
5248.81006 0.40583
5249.06982 0.403023
5249.33008 0.40461
5249.58984 0.406594
5249.85010 0.407368
5250.10986 0.406426
5250.37012 0.405834
5250.64014 0.408347
5250.89990 0.408767
5251.16016 0.411058
5251.41992 0.414688
5251.68018 0.415421
5251.93994 0.414149
5252.20020 0.413767
5252.45996 0.417142
5252.72021 0.416242
5252.99023 0.418717
5253.25000 0.419222
5253.50977 0.417651
5253.77002 0.419959
5254.02979 0.422819
5254.29004 0.423078
5254.54980 0.426049
5254.81006 0.424054
5255.08008 0.422498
5255.33984 0.424921
5255.60010 0.428764
5255.85986 0.428656
5256.12012 0.431856
5256.37988 0.430405
5256.64014 0.42992
5256.89990 0.431042
5257.16992 0.433069
5257.43018 0.434012
5257.68994 0.433809
5257.95020 0.434667
5258.20996 0.438302
5258.47021 0.438797
5258.72998 0.442681
5258.99023 0.438959
5259.25000 0.43913
5259.52002 0.442281
5259.77979 0.440729
5260.04004 0.443188
5260.29980 0.445571
5260.56006 0.445325
5260.81982 0.448917
5261.08008 0.446388
5261.33984 0.449613
5261.60986 0.448914
5261.87012 0.453112
5262.12988 0.450311
5262.39014 0.449973
5262.64990 0.453176
5262.91016 0.45528
5263.16992 0.455875
5263.43018 0.458234
5263.70020 0.455809
5263.95996 0.45743
5264.22021 0.460783
5264.47998 0.461607
5264.74023 0.460604
5265.00000 0.462366
5265.25977 0.460329
5265.52002 0.462748
5265.77979 0.465155
5266.04980 0.460257
5266.31006 0.463954
5266.56982 0.466804
5266.83008 0.469291
5267.08984 0.467499
5267.35010 0.469058
5267.60986 0.470851
5267.87012 0.470599
5268.14014 0.471463
5268.39990 0.473683
5268.66016 0.475878
5268.91992 0.474229
5269.18018 0.474766
5269.43994 0.475873
5269.70020 0.476577
5269.95996 0.478936
5270.22998 0.477967
5270.49023 0.479144
5270.75000 0.482541
5271.00977 0.48063
5271.27002 0.482463
5271.52979 0.483257
5271.79004 0.483328
5272.04980 0.486183
5272.31006 0.487608
5272.58008 0.484996
5272.83984 0.486748
5273.10010 0.489489
5273.35986 0.490741
5273.62012 0.489006
5273.87988 0.490228
5274.14014 0.493976
5274.39990 0.495089
5274.66992 0.496506
5274.93018 0.494949
5275.18994 0.496281
5275.45020 0.498866
5275.70996 0.500022
5275.97021 0.498575
5276.22998 0.496878
5276.49023 0.49936
5276.75977 0.499862
5277.02002 0.502939
5277.27979 0.503941
5277.54004 0.502327
5277.79980 0.503614
5278.06006 0.508132
5278.31982 0.504037
5278.58008 0.506634
5278.83984 0.506517
5279.10986 0.511313
5279.37012 0.508416
5279.62988 0.508709
5279.89014 0.511237
5280.14990 0.51286
5280.41016 0.510002
5280.66992 0.514321
5280.93018 0.514136
5281.20020 0.516946
5281.45996 0.517325
5281.72021 0.518669
5281.97998 0.51909
5282.24023 0.519799
5282.50000 0.520328
5282.75977 0.522781
5283.02002 0.51916
5283.29004 0.521889
5283.54980 0.521286
5283.81006 0.52098
5284.06982 0.527015
5284.33008 0.522826
5284.58984 0.523223
5284.85010 0.524348
5285.10986 0.528613
5285.37988 0.527856
5285.64014 0.532038
5285.89990 0.531754
5286.16016 0.530135
5286.41992 0.532741
5286.68018 0.531093
5286.93994 0.531719
5287.20020 0.5345
5287.45996 0.534983
5287.72998 0.537579
5287.99023 0.538006
5288.25000 0.538291
5288.50977 0.540774
5288.77002 0.540971
5289.02979 0.539092
5289.29004 0.538307
5289.54980 0.542245
5289.81982 0.542219
5290.08008 0.541938
5290.33984 0.541277
5290.60010 0.544836
5290.85986 0.545824
5291.12012 0.547106
5291.37988 0.545892
5291.64014 0.546704
5291.89990 0.547622
5292.16992 0.546509
5292.43018 0.54739
5292.68994 0.547641
5292.95020 0.548077
5293.20996 0.552068
5293.47021 0.556965
5293.72998 0.552575
5293.99023 0.556532
5294.25977 0.555403
5294.52002 0.553892
5294.77979 0.557747
5295.04004 0.556176
5295.29980 0.558173
5295.56006 0.560551
5295.81982 0.562704
5296.08008 0.556951
5296.35010 0.56199
