threeML/data/optical_filters/CAHA/CAHA-f_756_11.ecsv
# %ECSV 0.9
# ---
# datatype:
# - {name: wavelength, unit: Angstrom, datatype: float32}
# - {name: response, datatype: float32}
# meta: !!omap
# - {band_name: f_756_11}
# - {group_name: CAHA}
wavelength response
6691.70508 0.0
7435.22803 0.005447
7435.48877 0.005564
7435.75098 0.005716
7436.01221 0.005907
7436.27295 0.006134
7436.53516 0.006393
7436.79590 0.006671
7437.05811 0.006953
7437.31885 0.007225
7437.58008 0.007475
7437.84180 0.007693
7438.10303 0.007877
7438.36377 0.008026
7438.62500 0.008144
7438.88721 0.008238
7439.14795 0.008319
7439.41016 0.008399
7439.67090 0.008492
7439.93311 0.008604
7440.19385 0.008735
7440.45508 0.00888
7440.71680 0.009028
7440.97803 0.009173
7441.23877 0.009309
7441.50000 0.009439
7441.76221 0.009566
7442.02295 0.009694
7442.28516 0.009825
7442.54590 0.009955
7442.80811 0.010078
7443.06885 0.010189
7443.33008 0.010284
7443.59180 0.010369
7443.85303 0.010451
7444.11377 0.010541
7444.37500 0.010649
7444.63721 0.01078
7444.89795 0.010936
7445.16016 0.011111
7445.42090 0.011298
7445.68311 0.011489
7445.94385 0.011679
7446.20605 0.011864
7446.46680 0.012043
7446.72803 0.012218
7446.98877 0.01239
7447.25098 0.012557
7447.51221 0.012717
7447.77295 0.012865
7448.03516 0.013004
7448.29590 0.013138
7448.55811 0.013277
7448.81885 0.013432
7449.08105 0.01361
7449.34180 0.013813
7449.60400 0.014037
7449.86523 0.014272
7450.12598 0.014508
7450.38818 0.01474
7450.64893 0.014968
7450.91016 0.015198
7451.17090 0.015435
7451.43311 0.015684
7451.69385 0.015944
7451.95605 0.016212
7452.21680 0.01648
7452.47900 0.016743
7452.74023 0.016999
7453.00098 0.017246
7453.26318 0.017487
7453.52393 0.017723
7453.78613 0.017957
7454.04688 0.018194
7454.30811 0.018444
7454.56982 0.018715
7454.83105 0.01901
7455.09277 0.019326
7455.35400 0.019654
7455.61523 0.01998
7455.87695 0.020298
7456.13818 0.020612
7456.39893 0.020927
7456.66113 0.021254
7456.92188 0.021596
7457.18408 0.021952
7457.44482 0.022318
7457.70703 0.02269
7457.96777 0.023069
7458.22900 0.02346
7458.49121 0.023869
7458.75195 0.024294
7459.01416 0.02473
7459.27490 0.025166
7459.53711 0.025594
7459.79785 0.026013
7460.05908 0.026431
7460.32080 0.02686
7460.58203 0.027313
7460.84277 0.027793
7461.10498 0.028295
7461.36621 0.028811
7461.62793 0.029329
7461.88916 0.029845
7462.14990 0.030359
7462.41211 0.030876
7462.67285 0.031397
7462.93506 0.031927
7463.19580 0.032465
7463.45801 0.033015
7463.71924 0.03358
7463.97998 0.03416
7464.24219 0.034759
7464.50293 0.035375
7464.76514 0.036009
7465.02588 0.036661
7465.28809 0.037333
7465.54883 0.038026
7465.81104 0.038741
7466.07178 0.039471
7466.33301 0.040209
7466.59521 0.040946
7466.85596 0.041677
7467.11816 0.042402
7467.37891 0.04313
7467.64111 0.043872
7467.90186 0.04464
7468.16406 0.045442
7468.42480 0.046275
7468.68604 0.047137
7468.94824 0.048019
7469.20898 0.048914
7469.47119 0.049821
7469.73193 0.05074
7469.99316 0.051676
7470.25488 0.052636
7470.51611 0.053627
7470.77783 0.054655
7471.03906 0.05572
7471.30078 0.056818
7471.56201 0.057944
7471.82324 0.059089
7472.08496 0.060244
7472.34619 0.061403
7472.60791 0.062563
7472.86914 0.063731
7473.13086 0.064917
7473.39209 0.066134
7473.65381 0.067394
7473.91504 0.0687
7474.17578 0.07005
7474.43799 0.071442
7474.69922 0.072872
7474.96094 0.074338
7475.22217 0.075839
7475.48389 0.077371
7475.74512 0.078932
7476.00684 0.08052
7476.26807 0.082131
7476.52979 0.083767
7476.79102 0.085433
7477.05176 0.087131
7477.31396 0.088869
7477.57520 0.090646
7477.83691 0.092463
7478.09814 0.094312
7478.35986 0.096191
7478.62109 0.098095
7478.88281 0.100028
7479.14404 0.101998
7479.40576 0.104016
7479.66699 0.106097
7479.92920 0.108253
7480.18994 0.110491
7480.45215 0.112811
7480.71289 0.115205
7480.97510 0.11766
7481.23584 0.120159
7481.49805 0.122687
7481.75879 0.125237
7482.02002 0.127811
7482.28223 0.13042
7482.54297 0.133081
7482.80518 0.13581
7483.06592 0.138615
7483.32812 0.141492
7483.58887 0.144433
7483.85107 0.147423
7484.11182 0.15045
7484.37402 0.15351
7484.63477 0.156604
7484.89600 0.159743
7485.15820 0.162945
7485.41895 0.166231
7485.68115 0.16962
7485.94189 0.173124
7486.20410 0.176744
7486.46484 0.180469
7486.72705 0.184276
7486.98779 0.188134
7487.25000 0.192019
7487.51123 0.195915
7487.77295 0.199819
7488.03418 0.20374
7488.29590 0.207695
7488.55713 0.211705
7488.81885 0.215785
7489.08008 0.219946
7489.34180 0.224189
7489.60303 0.228516
7489.86523 0.232925
7490.12598 0.237415
7490.38818 0.241981
7490.64893 0.246616
7490.91113 0.251312
7491.17188 0.256067
7491.43408 0.260883
7491.69482 0.265771
7491.95703 0.270739
7492.21777 0.275794
7492.47900 0.280933
7492.74121 0.286149
7493.00195 0.291431
7493.26416 0.296766
7493.52490 0.302142
7493.78711 0.307554
7494.04785 0.312999
7494.31006 0.318485
7494.57178 0.324031
7494.83301 0.32966
7495.09521 0.335394
7495.35596 0.341238
7495.61816 0.347177
7495.87891 0.353177
7496.14111 0.359204
7496.40186 0.365231
7496.66406 0.371252
7496.92480 0.377277
7497.18701 0.383315
7497.44824 0.389375
7497.70898 0.395452
7497.97119 0.401547
7498.23193 0.407667
7498.49414 0.413827
7498.75586 0.420041
7499.01709 0.426318
7499.27881 0.432655
7499.54004 0.439035
7499.80176 0.445434
7500.06299 0.451827
7500.32520 0.458196
7500.58594 0.464532
7500.84814 0.470834
7501.10889 0.477106
7501.37109 0.483351
7501.63184 0.489577
7501.89404 0.495793
7502.15479 0.502003
7502.41699 0.50821
7502.67822 0.51441
7502.93994 0.520594
7503.20215 0.526756
7503.46289 0.532893
7503.72510 0.539004
7503.98584 0.545089
7504.24805 0.551148
7504.50879 0.557182
7504.77100 0.563194
7505.03223 0.569182
7505.29297 0.575143
7505.55518 0.58107
7505.81689 0.586949
7506.07812 0.592757
7506.33984 0.598463
7506.60205 0.604035
7506.86279 0.609452
7507.12500 0.614719
7507.38623 0.619859
7507.64697 0.624912
7507.90918 0.629919
7508.16992 0.63491
7508.43213 0.639897
7508.69385 0.644879
7508.95508 0.649843
7509.21680 0.654769
7509.47803 0.659634
7509.74023 0.664413
7510.00098 0.669088
7510.26318 0.673642
7510.52393 0.678067
7510.78613 0.682351
7511.04688 0.686487
7511.30908 0.690472
7511.57080 0.694317
7511.83203 0.698042
7512.09424 0.701677
7512.35498 0.70525
7512.61719 0.708773
7512.87793 0.712244
7513.14014 0.715645
7513.40088 0.718959
7513.66309 0.722173
7513.92383 0.725285
7514.18604 0.728306
7514.44824 0.731254
7514.70898 0.734146
7514.97119 0.736993
7515.23193 0.73979
7515.49414 0.742518
7515.75488 0.74515
7516.01709 0.747667
7516.27783 0.750063
7516.54004 0.752345
7516.80176 0.754514
7517.06299 0.756565
7517.32520 0.758488
7517.58594 0.76028
7517.84814 0.761969
7518.10889 0.763607
7518.37109 0.765257
7518.63281 0.766963
7518.89404 0.768741
7519.15576 0.77057
7519.41699 0.772413
7519.67920 0.774227
7519.93994 0.775973
7520.20215 0.777626
7520.46289 0.779174
7520.72510 0.780614
7520.98682 0.781957
7521.24805 0.783214
7521.50977 0.784396
7521.77100 0.78551
7522.03320 0.786561
7522.29395 0.78755
7522.55615 0.788476
7522.81787 0.789338
7523.07910 0.790122
7523.34082 0.790817
7523.60303 0.791424
7523.86377 0.791964
7524.12500 0.792487
7524.38721 0.793053
7524.64893 0.793709
7524.91016 0.794467
7525.17188 0.795303
7525.43408 0.796167
7525.69482 0.79701
7525.95703 0.797799
7526.21777 0.798528
7526.47998 0.799213
7526.74121 0.799875
7527.00293 0.800531
7527.26514 0.801181
7527.52588 0.801808
7527.78809 0.802389
7528.04883 0.802902
7528.31104 0.80334
7528.57324 0.803716
7528.83398 0.804057
7529.09619 0.80439
7529.35693 0.804737
7529.61914 0.805101
7529.87988 0.805476
7530.14209 0.805854
7530.40381 0.806236
7530.66504 0.806628
7530.92676 0.807043
7531.18799 0.807487
7531.45020 0.807957
7531.71094 0.808437
7531.97314 0.80891
7532.23486 0.809366
7532.49707 0.809816
7532.75781 0.810283
7533.02002 0.810798
7533.28076 0.811382
7533.54297 0.812034
7533.80518 0.812725
7534.06592 0.81341
7534.32812 0.814044
7534.58887 0.814595
7534.85107 0.815055
7535.11182 0.815437
7535.37402 0.815766
7535.63623 0.816068
7535.89697 0.816362
7536.15918 0.816656
7536.41992 0.81695
7536.68213 0.81725
7536.94385 0.817581
7537.20605 0.817975
7537.46680 0.818465
7537.72900 0.819057
7537.99023 0.819724
7538.25195 0.820417
7538.51318 0.821078
7538.77490 0.821661
7539.03711 0.822144
7539.29785 0.822538
7539.56006 0.822881
7539.82080 0.823228
7540.08301 0.823632
7540.34521 0.824122
7540.60596 0.824696
7540.86816 0.825319
7541.12891 0.825944
7541.39111 0.82653
7541.65283 0.827059
7541.91504 0.827538
7542.17578 0.827992
7542.43799 0.828446
7542.69922 0.828908
7542.96094 0.82937
7543.22314 0.82981
7543.48389 0.830206
7543.74609 0.830546
7544.00684 0.830833
7544.26904 0.831087
7544.53076 0.831339
7544.79199 0.831623
7545.05420 0.831971
7545.31494 0.832398
7545.57715 0.832897
7545.83887 0.833442
7546.10107 0.833992
7546.36182 0.834512
7546.62402 0.834977
7546.88477 0.835385
7547.14697 0.835749
7547.40918 0.836089
7547.66992 0.836429
7547.93213 0.836782
7548.19385 0.837146
7548.45508 0.837504
7548.71680 0.837836
7548.97900 0.838129
7549.24023 0.838394
7549.50195 0.838651
7549.76416 0.838923
7550.02490 0.839215
7550.28711 0.839516
7550.54785 0.839804
7550.81006 0.84006
7551.07178 0.840274
7551.33301 0.84045
7551.59521 0.840596
7551.85693 0.840712
7552.11816 0.840792
7552.37988 0.840831
7552.64209 0.840827
7552.90283 0.840793
7553.16504 0.840751
7553.42676 0.840726
7553.68799 0.840737
7553.95020 0.840795
7554.21094 0.840893
7554.47314 0.841006
7554.73486 0.8411
7554.99707 0.841139
7555.25781 0.841108
7555.52002 0.84102
7555.78223 0.840909
7556.04297 0.840818
7556.30518 0.840779
7556.56592 0.840796
7556.82812 0.840846
7557.08984 0.840883
7557.35205 0.840868
7557.61279 0.840779
7557.87500 0.840625
7558.13721 0.840425
7558.39795 0.840199
7558.66016 0.839951
7558.92090 0.83967
7559.18311 0.839348
7559.44482 0.838995
7559.70703 0.838632
7559.96777 0.838284
7560.22998 0.837962
7560.49219 0.837651
7560.75293 0.837331
7561.01514 0.836985
7561.27588 0.836624
7561.53809 0.836274
7561.79980 0.835967
7562.06201 0.835712
7562.32324 0.835486
7562.58496 0.835242
7562.84717 0.834929
7563.10791 0.834509
7563.37012 0.833966
7563.63184 0.833306
7563.89404 0.83255
7564.15479 0.831727
7564.41699 0.830886
7564.67822 0.830078
7564.93994 0.829354
7565.20215 0.828746
7565.46289 0.828259
7565.72510 0.827866
7565.98682 0.827523
7566.24902 0.827177
7566.50977 0.826781
7566.77197 0.826302
7567.03418 0.825731
7567.29492 0.825086
7567.55713 0.824409
7567.81885 0.82375
7568.08105 0.823152
7568.34180 0.822636
7568.60400 0.822193
7568.86523 0.821794
7569.12695 0.821399
7569.38916 0.820972
7569.64990 0.820476
7569.91211 0.819876
7570.17383 0.819143
7570.43604 0.818263
7570.69678 0.817252
7570.95898 0.816162
7571.22119 0.815064
7571.48193 0.814033
7571.74414 0.813115
7572.00586 0.812317
7572.26807 0.811604
7572.52881 0.810921
7572.79102 0.810215
7573.05322 0.809456
7573.31396 0.808651
7573.57617 0.807832
7573.83789 0.807037
7574.10010 0.806287
7574.36084 0.805577
7574.62305 0.804878
7574.88477 0.804162
7575.14600 0.803421
7575.40820 0.802671
7575.66992 0.801943
7575.93213 0.801258
7576.19287 0.800611
7576.45508 0.799979
7576.71680 0.799331
7576.97803 0.798653
7577.24023 0.797948
7577.50098 0.797231
7577.76318 0.796518
7578.02490 0.795805
7578.28711 0.795072
7578.54785 0.794296
7578.81006 0.793462
7579.07178 0.792572
7579.33301 0.791649
7579.59521 0.790716
7579.85693 0.789789
7580.11914 0.788876
7580.38086 0.787985
7580.64307 0.787128
7580.90381 0.78632
7581.16602 0.785568
7581.42822 0.784861
7581.68896 0.784174
7581.95117 0.783468
7582.21289 0.782704
7582.47510 0.781845
7582.73584 0.780874
7582.99805 0.779791
7583.25977 0.778617
7583.52100 0.777391
7583.78320 0.776166
7584.04492 0.774993
7584.30713 0.77391
7584.56787 0.772925
7584.83008 0.772015
7585.09180 0.771136
7585.35400 0.77024
7585.61523 0.769303
7585.87695 0.768333
7586.13916 0.767359
7586.39990 0.766409
7586.66211 0.765484
7586.92383 0.764546
7587.18604 0.763533
7587.44678 0.762384
7587.70898 0.761065
7587.97119 0.759581
7588.23193 0.757979
7588.49512 0.756325
7588.75586 0.754681
7589.01807 0.753089
7589.27979 0.75156
7589.54199 0.750081
7589.80322 0.748624
7590.06494 0.747154
7590.32715 0.745651
7590.58789 0.744106
7590.85010 0.742526
7591.11182 0.740925
7591.37402 0.739308
7591.63477 0.737671
7591.89697 0.736004
7592.15918 0.73429
7592.41992 0.732514
7592.68311 0.730663
7592.94385 0.728724
7593.20605 0.726682
7593.46777 0.724531
7593.72900 0.722267
7593.99121 0.719899
7594.25293 0.717443
7594.51514 0.71492
7594.77588 0.712349
7595.03809 0.709744
7595.29980 0.707113
7595.56201 0.704465
7595.82422 0.701804
7596.08496 0.699133
7596.34717 0.696442
7596.60889 0.693712
7596.87109 0.690917
7597.13184 0.688037
7597.39404 0.685063
7597.65576 0.682008
7597.91699 0.678895
7598.17920 0.675745
7598.44092 0.672557
7598.70312 0.66931
7598.96484 0.66597
7599.22705 0.66251
7599.48779 0.658937
7599.75000 0.655274
7600.01221 0.651557
7600.27295 0.647804
7600.53516 0.644016
7600.79688 0.640181
7601.05908 0.636286
7601.32080 0.632325
7601.58301 0.628303
7601.84424 0.624223
7602.10596 0.620087
7602.36816 0.615894
7602.62891 0.61164
7602.89209 0.607316
7603.15283 0.602909
7603.41504 0.59841
7603.67676 0.593812
7603.93799 0.589118
7604.20020 0.584337
7604.46191 0.579487
7604.72412 0.574587
7604.98584 0.56966
7605.24805 0.56472
7605.50879 0.559774
7605.77100 0.554815
7606.03320 0.549828
7606.29395 0.54479
7606.55713 0.539676
7606.81787 0.53447
7607.08008 0.52916
7607.34180 0.523758
7607.60400 0.518287
7607.86523 0.512775
7608.12695 0.507238
7608.38916 0.501679
7608.65088 0.496091
7608.91309 0.490471
7609.17383 0.484823
7609.43604 0.47916
7609.69824 0.473493
7609.95996 0.467822
7610.22217 0.462144
7610.48291 0.456456
7610.74512 0.450765
7611.00684 0.445086
7611.26904 0.43943
7611.53076 0.433793
7611.79199 0.428156
7612.05420 0.422492
7612.31592 0.416792
7612.57812 0.411072
7612.83984 0.405372
7613.10205 0.399734
7613.36279 0.394185
7613.62500 0.38873
7613.88721 0.38335
7614.14893 0.37802
7614.41113 0.372721
7614.67188 0.367436
7614.93408 0.36216
7615.19580 0.356886
7615.45801 0.351606
7615.72021 0.346312
7615.98096 0.340996
7616.24316 0.335662
7616.50488 0.330329
7616.76709 0.325028
7617.02881 0.319786
7617.29102 0.314619
7617.55176 0.309521
7617.81396 0.30447
7618.07617 0.299449
7618.33789 0.294454
7618.60010 0.289504
7618.86084 0.284628
7619.12305 0.279852
7619.38477 0.27518
7619.64697 0.270594
7619.90918 0.266062
7620.16992 0.261556
7620.43213 0.257061
7620.69385 0.252578
7620.95605 0.248119
7621.21777 0.243702
7621.47900 0.239336
7621.74219 0.235029
7622.00293 0.23079
7622.26514 0.226622
7622.52686 0.22253
7622.78906 0.218511
7623.05078 0.214563
7623.31299 0.210682
7623.57422 0.20687
7623.83594 0.203132
7624.09814 0.199477
7624.35986 0.195907
7624.62207 0.192419
7624.88379 0.189001
7625.14600 0.185641
7625.40723 0.182324
7625.66895 0.179043
7625.93115 0.175799
7626.19287 0.172596
7626.45508 0.169437
7626.71582 0.16632
7626.97900 0.16324
7627.24023 0.160198
7627.50195 0.157198
7627.76416 0.154254
7628.02588 0.151376
7628.28809 0.148568
7628.54883 0.145829
7628.81104 0.143153
7629.07324 0.140535
7629.33496 0.137974
7629.59717 0.13547
7629.85791 0.133023
7630.12109 0.13063
7630.38184 0.128282
7630.64404 0.125966
7630.90576 0.123668
7631.16797 0.121382
7631.43018 0.119111
7631.69092 0.116865
7631.95410 0.11466
7632.21484 0.112506
7632.47705 0.110408
7632.73877 0.108361
7633.00098 0.106362
7633.26318 0.10441
7633.52393 0.102509
7633.78711 0.100662
7634.04785 0.098865
7634.31006 0.097108
7634.57178 0.09537
7634.83398 0.093634
7635.09619 0.091895
7635.35791 0.090159
7635.62012 0.088446
7635.88086 0.086781
7636.14307 0.085181
7636.40479 0.083654
7636.66699 0.082193
7636.92920 0.080783
7637.19092 0.079407
7637.45312 0.078052
7637.71387 0.076708
7637.97705 0.075374
7638.23779 0.07405
7638.50000 0.072738
7638.76221 0.071438
7639.02393 0.070148
7639.28613 0.068872
7639.54785 0.067615
7639.81006 0.066386
7640.07080 0.065187
7640.33301 0.064017
7640.59521 0.062871
7640.85693 0.061746
7641.11914 0.060647
7641.38086 0.059581
7641.64307 0.058557
7641.90381 0.057575
7642.16699 0.056629
7642.42822 0.055707
7642.68994 0.054795
7642.95215 0.053884
7643.21387 0.052973
7643.47607 0.052066
7643.73779 0.051172
7644.00000 0.050292
7644.26221 0.049424
7644.52295 0.048559
7644.78516 0.047692
7645.04688 0.04682
7645.30908 0.045953
7645.57080 0.045102
7645.83301 0.044279
7646.09521 0.04349
7646.35596 0.042731
7646.61914 0.041992
7646.87988 0.04127
7647.14307 0.040566
7647.40381 0.039885
7647.66602 0.039233
7647.92822 0.038604
7648.18994 0.037989
7648.45215 0.037372
7648.71387 0.036746
7648.97607 0.036109
7649.23779 0.035472
7649.50000 0.034847
7649.76123 0.034244
7650.02295 0.033665
7650.28516 0.03311
7650.54688 0.032574
7650.80908 0.032057
7651.07080 0.031561
7651.33301 0.031089
7651.59521 0.030636
7651.85596 0.030197
7652.11914 0.029757
7652.37988 0.02931
7652.64307 0.028852
7652.90381 0.028392
7653.16602 0.027939
7653.42822 0.027503
7653.68994 0.027085
7653.95215 0.026684
7654.21387 0.026292
7654.47607 0.025907
7654.73779 0.025527
7655.00000 0.025149
7655.26221 0.024772
7655.52295 0.02439
7655.78516 0.024002
7656.04688 0.02361
7656.30908 0.023219
7656.57080 0.022837
7656.83301 0.02247
7657.09521 0.022119
7657.35693 0.021786
7657.61914 0.021467
7657.88086 0.02116
7658.14307 0.020863
7658.40479 0.02057
7658.66699 0.020278
7658.92822 0.019983
7659.18994 0.019685
7659.45215 0.019385
7659.71387 0.019089
7659.97607 0.018797
7660.23779 0.018514
7660.50000 0.018238
7660.76221 0.017972
7661.02393 0.017716
7661.28613 0.017474
7661.54785 0.017247
7661.81006 0.017033
7662.07178 0.016827
7662.33301 0.016622
7662.59521 0.016411
7662.85693 0.016192
7663.11914 0.015966
7663.38086 0.015738
7663.64307 0.015511
7663.90479 0.015288
7664.16699 0.015069
7664.42920 0.014853
7664.69092 0.01464
7664.95312 0.014433
7665.21484 0.014237
7665.47705 0.014058
7665.73877 0.013897
7666.00000 0.013751
7666.26318 0.013612
7666.52393 0.01347
7666.78711 0.01332
7667.04785 0.013158
7667.31104 0.012984
7667.57178 0.012802
7667.83398 0.012614
7668.09619 0.012423
7668.35791 0.012232
7668.62012 0.012043
7668.88184 0.011854
7669.14404 0.011666
7669.40576 0.011483
7669.66797 0.01131
7669.93018 0.011157
7670.19189 0.011029
7670.45410 0.010927
7670.71582 0.01084
7670.97803 0.010752
7671.24023 0.010644
7671.50195 0.010505
7671.76416 0.010333
7672.02588 0.010138
7672.28809 0.00994
7672.54980 0.009759
7672.81201 0.009607
7673.07422 0.009489
7673.33496 0.009401
7673.59814 0.009334
7673.85889 0.009276
7674.12207 0.009214
7674.38281 0.009141
7674.64600 0.009054
7674.90723 0.008955
7675.16895 0.00885
7675.43115 0.008744
7675.69287 0.008639
7675.95508 0.008539
7676.21680 0.008443
7676.47900 0.00835
7676.74121 0.008255
7677.00293 0.008153
7677.26514 0.008039
7677.52686 0.007912
7677.78906 0.007779
7678.05078 0.007647
7678.31299 0.007525
7678.57520 0.007421
7678.83691 0.007334
7679.09912 0.007261
7679.36084 0.007192
7679.62305 0.007123
7679.88477 0.007049
7680.14697 0.006972
7680.40918 0.006898
7680.67090 0.00683
7680.93311 0.006771
7681.19482 0.00672
7681.45703 0.006671
7681.71924 0.00662
7681.97998 0.006563
7682.24316 0.0065
7682.50488 0.006434
7682.76709 0.00637
7683.02881 0.006309
7683.29102 0.006251
7683.55322 0.006193
7683.81396 0.006132
7684.07715 0.006067
7684.33789 0.005997
7684.60107 0.005921
7684.86279 0.00584
7685.12500 0.005757
7685.38721 0.005678
7685.64795 0.005609
7685.91113 0.005555
7686.17188 0.005513
7686.43506 0.005478
7686.69678 0.00544
7686.95801 0.005391
7687.22119 0.005326
7687.48193 0.005247
7687.74512 0.005162
7688.00586 0.005078
7688.26904 0.005001
7688.53076 0.004933
7688.79199 0.004876
7689.05518 0.004833
7689.31592 0.004806
7689.57910 0.004797
7689.84082 0.004803
7690.10303 0.004816
7690.36523 0.004821
7690.62598 0.004807
7690.88916 0.004766
7691.15088 0.004699
7691.41309 0.004613
7691.67480 0.004521
7691.93701 0.004439
7692.19922 0.004376
7692.46094 0.004335
7692.72314 0.004311
7692.98486 0.004294
7693.24707 0.004274
7693.50879 0.004245
7693.77100 0.004203
7694.03320 0.004149
7694.29492 0.004089
7694.55713 0.00403
8464.01270 0.0
