threeML/data/optical_filters/CAHA/CAHA-f_741_10.ecsv
# %ECSV 0.9
# ---
# datatype:
# - {name: wavelength, unit: Angstrom, datatype: float32}
# - {name: response, datatype: float32}
# meta: !!omap
# - {band_name: f_741_10}
# - {group_name: CAHA}
wavelength response
6568.97559 0.0
7298.86182 0.004004
7299.12402 0.004044
7299.38477 0.004082
7299.64600 0.004119
7299.90820 0.004152
7300.16895 0.004176
7300.43115 0.004189
7300.69189 0.004195
7300.95410 0.004203
7301.21484 0.004222
7301.47705 0.004259
7301.73877 0.004316
7302.00000 0.004387
7302.26221 0.004462
7302.52295 0.004535
7302.78516 0.004601
7303.04590 0.004665
7303.30811 0.004731
7303.56885 0.004803
7303.83105 0.004881
7304.09180 0.004964
7304.35400 0.00505
7304.61523 0.005136
7304.87695 0.005222
7305.13818 0.005304
7305.39990 0.005378
7305.66113 0.005438
7305.92285 0.005481
7306.18506 0.005507
7306.44580 0.005521
7306.70801 0.005531
7306.96924 0.005546
7307.22998 0.005574
7307.49219 0.005618
7307.75293 0.005682
7308.01514 0.005764
7308.27686 0.005863
7308.53809 0.005978
7308.79980 0.006107
7309.06104 0.00625
7309.32324 0.006402
7309.58398 0.006555
7309.84619 0.006698
7310.10693 0.006824
7310.36914 0.006928
7310.62988 0.007013
7310.89209 0.007086
7311.15283 0.007156
7311.41504 0.007229
7311.67676 0.007312
7311.93799 0.007407
7312.20020 0.007515
7312.46094 0.007634
7312.72314 0.007762
7312.98389 0.007892
7313.24609 0.008017
7313.50684 0.008133
7313.76904 0.008244
7314.03076 0.008355
7314.29199 0.008474
7314.55420 0.008605
7314.81494 0.008751
7315.07715 0.008906
7315.33789 0.00907
7315.60010 0.009236
7315.86084 0.009403
7316.12305 0.009568
7316.38477 0.00973
7316.64600 0.009889
7316.90820 0.010045
7317.16895 0.0102
7317.43115 0.010354
7317.69189 0.010508
7317.95410 0.010664
7318.21484 0.010823
7318.47705 0.010989
7318.73877 0.011164
7319.00000 0.011351
7319.26221 0.011552
7319.52295 0.011768
7319.78516 0.011995
7320.04590 0.012232
7320.30811 0.012475
7320.56885 0.01272
7320.83105 0.012962
7321.09277 0.0132
7321.35400 0.013433
7321.61621 0.013661
7321.87695 0.013885
7322.13916 0.014106
7322.39990 0.014324
7322.66211 0.014542
7322.92383 0.014764
7323.18604 0.014993
7323.44678 0.015233
7323.70801 0.015484
7323.97021 0.015746
7324.23096 0.016018
7324.49316 0.0163
7324.75488 0.016593
7325.01709 0.016902
7325.27783 0.017227
7325.54004 0.017567
7325.80078 0.017918
7326.06299 0.018272
7326.32422 0.018622
7326.58594 0.018968
7326.84814 0.019312
7327.10889 0.019664
7327.37109 0.020035
7327.63184 0.020428
7327.89404 0.020843
7328.15479 0.021274
7328.41699 0.021712
7328.67920 0.022151
7328.93994 0.022588
7329.20215 0.023025
7329.46289 0.023461
7329.72510 0.023901
7329.98682 0.024345
7330.24805 0.024796
7330.50977 0.025256
7330.77100 0.025729
7331.03320 0.026217
7331.29395 0.026719
7331.55615 0.027238
7331.81787 0.027771
7332.08008 0.028321
7332.34082 0.028886
7332.60303 0.029463
7332.86377 0.03005
7333.12598 0.030646
7333.38818 0.031252
7333.64893 0.031873
7333.91113 0.032513
7334.17188 0.033174
7334.43408 0.033857
7334.69482 0.034563
7334.95703 0.035294
7335.21924 0.036052
7335.47998 0.036839
7335.74219 0.037654
7336.00293 0.03849
7336.26514 0.039337
7336.52686 0.040189
7336.78906 0.041043
7337.04980 0.041904
7337.31201 0.042778
7337.57324 0.043673
7337.83496 0.044592
7338.09717 0.045536
7338.35791 0.046505
7338.62012 0.047499
7338.88086 0.048516
7339.14307 0.049558
7339.40479 0.050629
7339.66699 0.051728
7339.92822 0.052858
7340.18896 0.054017
7340.45117 0.055205
7340.71289 0.056424
7340.97510 0.057678
7341.23584 0.058977
7341.49805 0.060325
7341.75879 0.061723
7342.02100 0.063166
7342.28320 0.064643
7342.54395 0.066144
7342.80615 0.06766
7343.06689 0.069194
7343.32910 0.070751
7343.59082 0.072339
7343.85303 0.073959
7344.11377 0.075612
7344.37598 0.077292
7344.63721 0.078999
7344.89893 0.080737
7345.16113 0.082518
7345.42188 0.084356
7345.68408 0.086263
7345.94580 0.088242
7346.20801 0.090287
7346.46924 0.092388
7346.72998 0.094535
7346.99219 0.096723
7347.25391 0.09895
7347.51611 0.101221
7347.77686 0.10354
7348.03906 0.10591
7348.29980 0.108333
7348.56201 0.11081
7348.82422 0.113342
7349.08496 0.115928
7349.34717 0.118567
7349.60889 0.121257
7349.87109 0.124003
7350.13184 0.126808
7350.39404 0.129684
7350.65479 0.132635
7350.91699 0.135666
7351.17920 0.138772
7351.43994 0.141946
7351.70215 0.14518
7351.96387 0.148473
7352.22607 0.151828
7352.48682 0.155252
7352.74902 0.15875
7353.00977 0.162322
7353.27197 0.165962
7353.53418 0.169664
7353.79492 0.173432
7354.05713 0.177272
7354.31885 0.181196
7354.58105 0.185209
7354.84180 0.189311
7355.10400 0.193491
7355.36523 0.19774
7355.62695 0.202056
7355.88916 0.20644
7356.14990 0.210894
7356.41211 0.215417
7356.67383 0.220005
7356.93604 0.224657
7357.19678 0.22938
7357.45898 0.234188
7357.72119 0.239097
7357.98193 0.244108
7358.24414 0.249203
7358.50586 0.254349
7358.76709 0.259516
7359.02881 0.264688
7359.29102 0.26987
7359.55176 0.275084
7359.81396 0.280355
7360.07617 0.285707
7360.33691 0.291153
7360.59912 0.296698
7360.86084 0.302335
7361.12305 0.308045
7361.38379 0.313804
7361.64600 0.319595
7361.90820 0.325407
7362.16895 0.331242
7362.43115 0.337104
7362.69287 0.342998
7362.95508 0.348915
7363.21582 0.354837
7363.47803 0.360744
7363.74023 0.366624
7364.00098 0.372476
7364.26318 0.378308
7364.52393 0.384129
7364.78613 0.389946
7365.04785 0.395764
7365.31006 0.401584
7365.57080 0.407409
7365.83301 0.413247
7366.09521 0.419107
7366.35596 0.424999
7366.61816 0.430921
7366.87988 0.43686
7367.14209 0.44279
7367.40283 0.448684
7367.66504 0.454523
7367.92676 0.460296
7368.18799 0.466003
7368.45020 0.471643
7368.71191 0.477221
7368.97412 0.482735
7369.23486 0.488185
7369.49707 0.493573
7369.75879 0.498904
7370.02100 0.504184
7370.28223 0.509419
7370.54395 0.514604
7370.80615 0.519724
7371.06689 0.524757
7371.32910 0.52968
7371.59082 0.534486
7371.85303 0.539183
7372.11377 0.543789
7372.37598 0.548331
7372.63818 0.552828
7372.89893 0.557294
7373.16113 0.561733
7373.42285 0.566143
7373.68506 0.570512
7373.94580 0.574827
7374.20801 0.579072
7374.47021 0.583242
7374.73096 0.587344
7374.99414 0.591389
7375.25488 0.595391
7375.51709 0.599345
7375.77881 0.603234
7376.04102 0.607028
7376.30176 0.610701
7376.56396 0.614241
7376.82617 0.617653
7377.08691 0.62096
7377.34912 0.624196
7377.61084 0.627394
7377.87305 0.63058
7378.13379 0.633759
7378.39600 0.636912
7378.65820 0.640013
7378.91895 0.643037
7379.18115 0.645976
7379.44287 0.648834
7379.70508 0.651614
7379.96582 0.654309
7380.22900 0.656906
7380.49023 0.659391
7380.75195 0.661768
7381.01416 0.664058
7381.27490 0.6663
7381.53711 0.668534
7381.79883 0.670785
7382.06104 0.673054
7382.32178 0.675324
7382.58398 0.677566
7382.84619 0.679758
7383.10693 0.681889
7383.36914 0.683959
7383.63086 0.68597
7383.89307 0.687916
7384.15479 0.689783
7384.41699 0.691558
7384.67822 0.693241
7384.93994 0.694859
7385.20215 0.696464
7385.46289 0.69811
7385.72510 0.699826
7385.98682 0.701603
7386.24902 0.703402
7386.51123 0.70518
7386.77197 0.706913
7387.03418 0.708599
7387.29590 0.710248
7387.55811 0.711867
7387.81885 0.713449
7388.08105 0.714985
7388.34277 0.716467
7388.60498 0.71789
7388.86719 0.719259
7389.12793 0.720578
7389.39014 0.72185
7389.65186 0.723087
7389.91406 0.724309
7390.17480 0.725544
7390.43701 0.726815
7390.69922 0.72813
7390.96094 0.729473
7391.22314 0.730809
7391.48389 0.732098
7391.74609 0.733318
7392.00781 0.734463
7392.27002 0.735548
7392.53223 0.7366
7392.79297 0.737643
7393.05518 0.738699
7393.31689 0.739778
7393.57910 0.740874
7393.83984 0.741957
7394.10205 0.742994
7394.36377 0.743956
7394.62598 0.744836
7394.88818 0.745647
7395.14893 0.746404
7395.41113 0.747113
7395.67285 0.747775
7395.93506 0.748399
7396.19678 0.749022
7396.45801 0.749698
7396.72021 0.750477
7396.98193 0.751383
7397.24414 0.75239
7397.50586 0.753442
7397.76807 0.754467
7398.02881 0.75541
7398.29102 0.756241
7398.55322 0.756961
7398.81396 0.757588
7399.07715 0.758148
7399.33789 0.758668
7399.60010 0.759164
7399.86182 0.759648
7400.12402 0.760126
7400.38623 0.760591
7400.64697 0.761034
7400.90918 0.761436
7401.17090 0.761782
7401.43311 0.762058
7401.69482 0.762266
7401.95703 0.762419
7402.21777 0.762541
7402.47998 0.762659
7402.74219 0.762789
7403.00391 0.762931
7403.26611 0.763063
7403.52686 0.763157
7403.78906 0.763189
7404.05078 0.763151
7404.31299 0.763067
7404.57520 0.762973
7404.83594 0.762913
7405.09814 0.762915
7405.35986 0.762978
7405.62207 0.763074
7405.88379 0.763152
7406.14600 0.76316
7406.40723 0.763057
7406.66895 0.762831
7406.93115 0.762492
7407.19287 0.76207
7407.45508 0.761596
7407.71680 0.761097
7407.97900 0.760591
7408.24023 0.760091
7408.50195 0.759601
7408.76416 0.759119
7409.02588 0.758637
7409.28809 0.75815
7409.54883 0.757669
7409.81201 0.757212
7410.07324 0.7568
7410.33496 0.75644
7410.59717 0.756119
7410.85889 0.755809
7411.12109 0.755486
7411.38184 0.755134
7411.64404 0.754746
7411.90576 0.754326
7412.16797 0.753879
7412.43018 0.753412
7412.69092 0.752927
7412.95410 0.752412
7413.21484 0.751848
7413.47705 0.75121
7413.73877 0.750494
7414.00098 0.749721
7414.26318 0.748938
7414.52393 0.748195
7414.78711 0.747521
7415.04785 0.746911
7415.31006 0.746331
7415.57178 0.745731
7415.83398 0.745067
7416.09619 0.744315
7416.35693 0.743472
7416.62012 0.742554
7416.88086 0.741582
7417.14307 0.740573
7417.40479 0.739541
7417.66699 0.738503
7417.92920 0.73748
7418.18994 0.7365
7418.45312 0.735592
7418.71387 0.734781
7418.97607 0.734068
7419.23779 0.733436
7419.50000 0.73284
7419.76221 0.732224
7420.02393 0.731542
7420.28613 0.730767
7420.54688 0.729912
7420.81006 0.729014
7421.07080 0.728124
7421.33301 0.727281
7421.59521 0.726505
7421.85693 0.725796
7422.11914 0.725142
7422.38086 0.724531
7422.64307 0.723949
7422.90381 0.723383
7423.16699 0.722816
7423.42822 0.72223
7423.68994 0.721614
7423.95215 0.720959
7424.21387 0.720274
7424.47607 0.719578
7424.73779 0.718906
7425.00000 0.718297
7425.26123 0.717781
7425.52295 0.717373
7425.78516 0.717059
7426.04688 0.716811
7426.30908 0.716585
7426.57080 0.716348
7426.83301 0.716072
7427.09521 0.715742
7427.35596 0.715352
7427.61816 0.714898
7427.87988 0.714385
7428.14209 0.713827
7428.40381 0.713257
7428.66602 0.712725
7428.92822 0.712283
7429.18994 0.711971
7429.45215 0.711796
7429.71289 0.711735
7429.97607 0.711745
7430.23682 0.711785
7430.50000 0.711821
7430.76123 0.711837
7431.02295 0.711824
7431.28516 0.711785
7431.54688 0.71172
7431.80908 0.711632
7432.07080 0.711525
7432.33301 0.711399
7432.59521 0.711254
7432.85596 0.711088
7433.11816 0.710909
7433.37988 0.710737
7433.64209 0.710612
7433.90381 0.710575
7434.16602 0.71065
7434.42822 0.710826
7434.68994 0.711057
7434.95215 0.711275
7435.21387 0.711426
7435.47607 0.711485
7435.73779 0.711476
7436.00000 0.711455
7436.26123 0.711484
7436.52295 0.711611
7436.78516 0.711849
7437.04688 0.712176
7437.30908 0.712544
7437.57080 0.712896
7437.83301 0.713181
7438.09521 0.713364
7438.35693 0.713433
7438.61914 0.713389
7438.88086 0.713243
7439.14307 0.713007
7439.40381 0.7127
7439.66699 0.712347
7439.92822 0.711974
7440.18994 0.711602
7440.45215 0.711235
7440.71387 0.710857
7440.97607 0.710445
7441.23779 0.709971
7441.50000 0.709424
7441.76221 0.708802
7442.02393 0.708111
7442.28613 0.707351
7442.54785 0.706513
7442.81006 0.705578
7443.07178 0.704535
7443.33301 0.70339
7443.59619 0.702173
7443.85693 0.700912
7444.12012 0.699619
7444.38086 0.698268
7444.64307 0.696809
7444.90479 0.695188
7445.16699 0.693368
7445.42920 0.691346
7445.69092 0.689146
7445.95312 0.686811
7446.21484 0.684383
7446.47705 0.681888
7446.73877 0.679331
7447.00098 0.676698
7447.26318 0.67396
7447.52490 0.671084
7447.78711 0.668033
7448.04883 0.664779
7448.31104 0.661297
7448.57324 0.657589
7448.83398 0.65368
7449.09717 0.649612
7449.35791 0.645429
7449.62109 0.641166
7449.88184 0.636838
7450.14502 0.632447
7450.40576 0.627977
7450.66797 0.623405
7450.93018 0.618699
7451.19189 0.613829
7451.45410 0.608771
7451.71582 0.603513
7451.97803 0.598052
7452.24023 0.592397
7452.50195 0.586567
7452.76416 0.580585
7453.02588 0.574478
7453.28809 0.568269
7453.54980 0.561973
7453.81201 0.555594
7454.07422 0.549127
7454.33594 0.542563
7454.59814 0.535897
7454.85986 0.529135
7455.12207 0.522293
7455.38379 0.515393
7455.64600 0.50845
7455.90820 0.501467
7456.16992 0.494433
7456.43213 0.487326
7456.69385 0.480123
7456.95605 0.47281
7457.21777 0.465391
7457.47900 0.457896
7457.74219 0.450372
7458.00293 0.442873
7458.26611 0.435443
7458.52783 0.428107
7458.79004 0.420864
7459.05176 0.413699
7459.31299 0.406589
7459.57617 0.399514
7459.83691 0.392463
7460.10010 0.385433
7460.36182 0.378432
7460.62402 0.37147
7460.88623 0.364562
7461.14697 0.357714
7461.41016 0.350928
7461.67090 0.344195
7461.93408 0.3375
7462.19580 0.330826
7462.45801 0.324167
7462.72021 0.317529
7462.98096 0.310932
7463.24414 0.304406
7463.50488 0.297985
7463.76807 0.291693
7464.02979 0.285543
7464.29199 0.279535
7464.55420 0.273659
7464.81494 0.267899
7465.07812 0.262244
7465.33984 0.256693
7465.60205 0.251243
7465.86377 0.245893
7466.12500 0.240634
7466.38818 0.23545
7466.64990 0.230329
7466.91211 0.225264
7467.17383 0.220262
7467.43604 0.215336
7467.69824 0.210502
7467.95996 0.205773
7468.22217 0.201156
7468.48389 0.196653
7468.74609 0.192257
7469.00781 0.187962
7469.27002 0.18376
7469.53223 0.179645
7469.79395 0.175615
7470.05615 0.171671
7470.31787 0.167811
7470.58008 0.16403
7470.84180 0.160319
7471.10400 0.156666
7471.36621 0.153068
7471.62793 0.14953
7471.89014 0.146066
7472.15186 0.142697
7472.41406 0.139436
7472.67578 0.136286
7472.93799 0.133238
7473.20020 0.130276
7473.46191 0.127383
7473.72510 0.124549
7473.98584 0.121771
7474.24902 0.119048
7474.50977 0.116382
7474.77197 0.113772
7475.03516 0.11122
7475.29590 0.108725
7475.55908 0.10629
7475.82080 0.103923
7476.08301 0.101626
7476.34521 0.099402
7476.60693 0.097247
7476.86914 0.095152
7477.13086 0.093103
7477.39307 0.091083
7477.65479 0.089078
7477.91699 0.087084
7478.17920 0.085108
7478.44092 0.083171
7478.70312 0.081293
7478.96484 0.079488
7479.22803 0.077756
7479.48877 0.076081
7479.75098 0.074444
7480.01416 0.07283
7480.27490 0.071237
7480.53809 0.069671
7480.79980 0.068142
7481.06201 0.066658
7481.32422 0.06522
7481.58594 0.063823
7481.84814 0.062464
7482.10986 0.061138
7482.37207 0.059846
7482.63379 0.058586
7482.89600 0.057357
7483.15820 0.056156
7483.41992 0.054981
7483.68213 0.05383
7483.94385 0.052704
7484.20703 0.051604
7484.46777 0.050531
7484.72998 0.04948
7484.99316 0.048448
7485.25488 0.047428
7485.51709 0.046422
7485.77881 0.045435
7486.04102 0.044478
7486.30322 0.043559
7486.56494 0.04268
7486.82715 0.041836
7487.08887 0.041017
7487.35107 0.040212
7487.61279 0.039418
7487.87500 0.038639
7488.13818 0.037883
7488.39893 0.037155
7488.66211 0.036455
7488.92383 0.035773
7489.18604 0.035096
7489.44824 0.034418
7489.70996 0.033737
7489.97217 0.033062
7490.23389 0.032405
7490.49609 0.031776
7490.75781 0.03118
7491.02100 0.030616
7491.28320 0.030076
7491.54395 0.029555
7491.80713 0.029042
7492.06885 0.028531
7492.33105 0.028018
7492.59277 0.027499
7492.85498 0.026976
7493.11719 0.026451
7493.37891 0.025927
7493.64209 0.025406
7493.90283 0.024895
7494.16602 0.024397
7494.42822 0.023917
7494.68994 0.02346
7494.95215 0.023025
7495.21387 0.02261
7495.47607 0.022209
7495.73779 0.02182
7496.00000 0.021442
7496.26221 0.021077
7496.52393 0.020724
7496.78711 0.020381
7497.04883 0.020047
7497.31104 0.019718
7497.57324 0.019389
7497.83496 0.019059
7498.09717 0.018726
7498.35889 0.018395
7498.62207 0.018067
7498.88281 0.017749
7499.14600 0.017443
7499.40820 0.017149
7499.66992 0.01686
7499.93213 0.016571
7500.19385 0.016278
7500.45605 0.015982
7500.71777 0.015689
7500.97998 0.015407
7501.24316 0.015146
7501.50488 0.014907
7501.76709 0.01469
7502.02881 0.014484
7502.29102 0.014278
7502.55322 0.014063
7502.81494 0.013835
7503.07715 0.013599
7503.33887 0.013365
7503.60205 0.013143
7503.86377 0.012939
7504.12598 0.012751
7504.38818 0.012575
7504.64990 0.012399
7504.91211 0.012218
7505.17383 0.012031
7505.43701 0.011842
7505.69922 0.011656
7505.96094 0.011475
7506.22314 0.011297
7506.48486 0.011117
7506.74707 0.010935
7507.00879 0.010755
7507.27100 0.010583
7507.53418 0.010422
7507.79590 0.010267
7508.05811 0.010112
7508.31982 0.009946
7508.58203 0.009766
7508.84424 0.009577
7509.10596 0.009393
7509.36914 0.009224
7509.63086 0.009075
7509.89307 0.008947
7510.15479 0.008832
7510.41699 0.008725
7510.67920 0.008622
7510.94092 0.008524
7511.20410 0.008432
7511.46582 0.008342
7511.72803 0.00825
7511.99023 0.008151
7512.25195 0.008043
7512.51416 0.007928
7512.77588 0.007809
7513.03906 0.007692
7513.30078 0.007579
7513.56299 0.007471
7513.82520 0.007364
7514.08691 0.007258
7514.35010 0.007154
7514.61182 0.007055
7514.87402 0.006966
7515.13623 0.00689
7515.39795 0.006823
7515.66016 0.006757
7515.92188 0.006683
7516.18506 0.006596
7516.44678 0.006497
7516.70898 0.006395
7516.97119 0.0063
7517.23291 0.00622
7517.49609 0.006156
7517.75781 0.006105
7518.02002 0.00606
7518.28223 0.006011
7518.54395 0.005954
7518.80615 0.005888
7519.06787 0.005811
7519.33105 0.005729
7519.59277 0.005647
7519.85498 0.00557
7520.11719 0.005501
7520.37891 0.00544
7520.64209 0.005381
7520.90381 0.005318
7521.16602 0.005246
7521.42822 0.005168
7521.68994 0.005089
7521.95312 0.005015
7522.21484 0.004949
7522.47705 0.004889
7522.73877 0.00483
7523.00098 0.004766
7523.26318 0.004698
7523.52490 0.00463
7523.78809 0.004572
7524.04980 0.004528
7524.31201 0.004498
7524.57422 0.004474
7524.83594 0.004447
7525.09912 0.00441
7525.36084 0.004357
7525.62305 0.004291
7525.88477 0.004213
7526.14697 0.004127
7526.41016 0.004038
8279.05078 0.0
