threeML/data/optical_filters/CAHA/CAHA-f_487_1.ecsv
# %ECSV 0.9
# ---
# datatype:
# - {name: wavelength, unit: Angstrom, datatype: float32}
# - {name: response, datatype: float32}
# meta: !!omap
# - {band_name: f_487_1}
# - {group_name: CAHA}
wavelength response
4374.59424 0.0
4860.66016 0.004016
4860.91992 0.004331
4861.18018 0.00478
4861.43994 0.004668
4861.70020 0.005424
4861.95996 0.005729
4862.22021 0.005765
4862.47998 0.006428
4862.74023 0.007053
4863.00000 0.008363
4863.25977 0.00853
4863.52002 0.009607
4863.77979 0.010074
4864.04004 0.012635
4864.29980 0.013625
4864.56006 0.015668
4864.81982 0.01735
4865.08008 0.02106
4865.33984 0.024714
4865.60010 0.029317
4865.85986 0.035749
4866.12012 0.04149
4866.37988 0.049593
4866.64014 0.057908
4866.89990 0.066831
4867.16016 0.083389
4867.41992 0.102362
4867.68018 0.120759
4867.93994 0.141982
4868.20020 0.163913
4868.45996 0.191546
4868.72021 0.215871
4868.97998 0.24387
4869.24023 0.273532
4869.50000 0.297747
4869.75977 0.318528
4870.02002 0.334071
4870.27979 0.349896
4870.54004 0.362941
4870.79980 0.368414
4871.06006 0.371436
4871.31982 0.378163
4871.58008 0.37959
4871.83984 0.382844
4872.10010 0.389196
4872.35986 0.383619
4872.62012 0.38931
4872.87988 0.388653
4873.14014 0.3893
4873.39990 0.389832
4873.66016 0.389352
4873.91992 0.388836
4874.18018 0.388272
4874.43994 0.386474
4874.70020 0.382781
4874.95996 0.378006
4875.22021 0.373361
4875.47998 0.361884
4875.74023 0.355039
4876.00000 0.349238
4876.25977 0.343229
4876.52002 0.330751
4876.77979 0.317101
4877.04004 0.308815
4877.29980 0.304174
4877.56006 0.292037
4877.81982 0.277378
4878.08008 0.263715
4878.33984 0.252112
4878.60010 0.23881
4878.85986 0.221897
4879.12012 0.210881
4879.37988 0.195431
4879.64014 0.181757
4879.89990 0.167366
4880.16016 0.153402
4880.41992 0.136731
4880.68018 0.123409
4880.93994 0.109479
4881.20020 0.096789
4881.45996 0.084514
4881.72021 0.075177
4881.97998 0.066291
4882.24023 0.057443
4882.50000 0.050503
4882.75977 0.044502
4883.02002 0.036477
4883.27979 0.031927
4883.54004 0.028479
4883.79980 0.024597
4884.06006 0.021304
4884.31982 0.018983
4884.58008 0.016336
4884.83984 0.013593
4885.10010 0.012219
4885.35986 0.01104
4885.62012 0.010497
4885.87988 0.009875
4886.14014 0.008463
4886.39990 0.007546
4886.66016 0.007237
4886.91992 0.006496
4887.18018 0.005944
4887.43994 0.005389
4887.70020 0.005389
4887.95996 0.004411
4888.22021 0.004086
5377.04199 0.0
