threeML/data/optical_filters/CAHA/CAHA-f_527_12.ecsv
# %ECSV 0.9
# ---
# datatype:
# - {name: wavelength, unit: Angstrom, datatype: float32}
# - {name: response, datatype: float32}
# meta: !!omap
# - {band_name: f_527_12}
# - {group_name: CAHA}
wavelength response
[from data line 806]
5317.49023 0.486723
5317.75000 0.478178
5318.00977 0.473627
5318.27002 0.471386
5318.52979 0.464736
5318.79004 0.4592
5319.04980 0.453055
5319.31006 0.445577
5319.56982 0.44448
5319.83008 0.435257
5320.08984 0.429707
5320.35010 0.424665
5320.60986 0.416422
5320.87012 0.413623
5321.12988 0.407001
5321.39014 0.399564
5321.64990 0.39634
5321.91016 0.389039
5322.16992 0.382965
5322.43018 0.375858
5322.68994 0.371902
5322.93994 0.368147
5323.20020 0.36213
5323.45996 0.357326
5323.72021 0.349837
5323.97998 0.343167
5324.24023 0.338538
5324.50000 0.334251
5324.75977 0.329608
5325.02002 0.325402
5325.27979 0.318956
5325.54004 0.315374
5325.79980 0.309697
5326.06006 0.302327
5326.31982 0.296395
5326.58008 0.293269
5326.83984 0.28885
5327.10010 0.285193
5327.35986 0.277705
5327.62012 0.274395
5327.87988 0.271381
5328.14014 0.268096
5328.39990 0.261285
5328.66016 0.25486
5328.91992 0.252871
5329.18018 0.245466
5329.43994 0.242489
5329.70020 0.238392
5329.95996 0.235055
5330.22021 0.230958
5330.47998 0.226923
5330.74023 0.222613
5331.00000 0.217201
5331.25977 0.215925
5331.52002 0.211405
5331.77002 0.208143
5332.02979 0.202995
5332.29004 0.199415
5332.54980 0.195536
5332.81006 0.193091
5333.06982 0.189161
5333.33008 0.185656
5333.58984 0.183671
5333.85010 0.17906
5334.10986 0.175915
5334.37012 0.171093
5334.62988 0.169319
5334.89014 0.16476
5335.14990 0.162986
5335.41016 0.160263
5335.66992 0.15733
5335.93018 0.153331
5336.18994 0.15237
5336.45020 0.1504
5336.70996 0.147836
5336.97021 0.143622
5337.22998 0.141734
5337.49023 0.138311
5337.75000 0.136384
5338.00977 0.133628
5338.27002 0.131974
5338.52979 0.12788
5338.79004 0.125684
5339.04980 0.123602
5339.31006 0.122631
5339.56982 0.120287
5339.83008 0.117438
5340.08008 0.115745
5340.33984 0.113391
5340.60010 0.110666
5340.85986 0.109288
5341.12012 0.107889
5341.37988 0.105612
5341.64014 0.103265
5341.89990 0.101893
5342.16016 0.100487
5342.41992 0.098367
5342.68018 0.096305
5342.93994 0.095121
5343.20020 0.092865
5343.45996 0.090849
5343.72021 0.090031
5343.97998 0.087183
5344.24023 0.086437
5344.50000 0.084197
5344.75977 0.084083
5345.02002 0.0831
5345.27979 0.080917
5345.54004 0.079046
5345.79980 0.07885
5346.06006 0.076108
5346.31982 0.07578
5346.58008 0.075501
5346.83984 0.073965
5347.10010 0.072207
5347.35986 0.069399
5347.62012 0.068722
5347.87988 0.067802
5348.14014 0.067612
5348.39990 0.065857
5348.66016 0.064756
5348.91992 0.063848
5349.16992 0.063493
5349.43018 0.061498
5349.68994 0.060396
5349.95020 0.059283
5350.20996 0.058207
5350.47021 0.057477
5350.72998 0.057562
5350.99023 0.055648
5351.25000 0.055793
5351.50977 0.054583
5351.77002 0.053256
5352.02979 0.052635
5352.29004 0.051732
5352.54980 0.050954
5352.81006 0.050799
5353.06982 0.048702
5353.33008 0.04889
5353.58984 0.047839
5353.85010 0.046756
5354.10986 0.046577
5354.37012 0.045837
5354.62988 0.045057
5354.89014 0.044423
5355.14990 0.043733
5355.41016 0.042977
5355.66992 0.04163
5355.93018 0.041569
5356.18994 0.040767
5356.45020 0.039492
5356.70996 0.040311
5356.97021 0.039187
5357.22998 0.038591
5357.47998 0.037405
5357.74023 0.03722
5358.00000 0.037056
5358.25977 0.035982
5358.52002 0.035954
5358.77979 0.034846
5359.04004 0.035722
5359.29980 0.034068
5359.56006 0.03383
5359.81982 0.033739
5360.08008 0.032495
5360.33984 0.032044
5360.60010 0.03167
5360.85986 0.031627
5361.12012 0.030859
5361.37988 0.030525
5361.64014 0.030075
5361.89990 0.029729
5362.16016 0.029604
5362.41992 0.02893
5362.68018 0.027849
5362.93994 0.027424
5363.20020 0.027266
5363.45996 0.027064
5363.72021 0.027285
5363.97998 0.026311
5364.24023 0.025892
5364.50000 0.025598
5364.75977 0.024937
5365.02002 0.024666
5365.27979 0.024409
5365.54004 0.024449
5365.79980 0.024153
5366.06006 0.023598
5366.31006 0.023136
5366.56982 0.022729
5366.83008 0.023192
5367.08984 0.023126
5367.35010 0.022563
5367.60986 0.022208
5367.87012 0.021168
5368.12988 0.021763
5368.39014 0.021721
5368.64990 0.021137
5368.91016 0.020669
5369.16992 0.020573
5369.43018 0.020463
5369.68994 0.019582
5369.95020 0.019615
5370.20996 0.019733
5370.47021 0.019686
5370.72998 0.019274
5370.99023 0.018557
5371.25000 0.018639
5371.50977 0.018397
5371.77002 0.018199
5372.02979 0.017856
5372.29004 0.017578
5372.54980 0.017657
5372.81006 0.017312
5373.06982 0.017025
5373.33008 0.016581
5373.58984 0.016652
5373.85010 0.01665
5374.10986 0.015882
5374.37012 0.016176
5374.62012 0.015844
5374.87988 0.015386
5375.14014 0.01556
5375.39990 0.015482
5375.66016 0.015217
5375.91992 0.015217
5376.18018 0.014509
5376.43994 0.014691
5376.70020 0.014772
5376.95996 0.014557
5377.22021 0.014022
5377.47998 0.013795
5377.74023 0.014084
5378.00000 0.013822
5378.25977 0.013155
5378.52002 0.013274
5378.77979 0.013116
5379.04004 0.012966
5379.29980 0.013237
5379.56006 0.013196
5379.81982 0.0123
5380.08008 0.012808
5380.33984 0.012704
5380.60010 0.012308
5380.85986 0.012146
5381.12012 0.012621
5381.37988 0.011633
5381.64014 0.012188
5381.89990 0.011907
5382.16016 0.011668
5382.41992 0.011837
5382.68018 0.011342
5382.93994 0.011336
5383.20020 0.011365
5383.45996 0.010795
5383.70996 0.011307
5383.97021 0.01082
5384.22998 0.010804
5384.49023 0.010377
5384.75000 0.01069
5385.00977 0.010501
5385.27002 0.010059
5385.52979 0.010481
5385.79004 0.010491
5386.04980 0.009773
5386.31006 0.009862
5386.56982 0.009854
5386.83008 0.010273
5387.08984 0.00959
5387.35010 0.009555
5387.60986 0.009338
5387.87012 0.009501
5388.12988 0.009714
5388.39014 0.009058
5388.64990 0.009384
5388.91016 0.009348
5389.16992 0.008691
5389.43018 0.008796
5389.68994 0.00852
5389.95020 0.008688
5390.20996 0.008714
5390.47021 0.00865
5390.72998 0.008224
5390.99023 0.008323
5391.25000 0.008171
5391.50977 0.008399
5391.77002 0.007478
5392.02002 0.008013
5392.27979 0.008049
5392.54004 0.007874
5392.79980 0.007603
5393.06006 0.007851
5393.31982 0.007671
5393.58008 0.007347
5393.83984 0.007997
5394.10010 0.007497
5394.35986 0.007441
5394.62012 0.00748
5394.87988 0.007407
5395.14014 0.007112
5395.39990 0.007235
5395.66016 0.007252
5395.91992 0.007673
5396.18018 0.007041
5396.43994 0.00713
5396.70020 0.007191
5396.95996 0.006928
5397.22021 0.007142
5397.47998 0.006686
5397.74023 0.006644
5398.00000 0.006699
5398.25977 0.006938
5398.52002 0.006536
5398.77979 0.006719
5399.04004 0.006318
5399.29980 0.006511
5399.56006 0.006725
5399.81982 0.005942
5400.08008 0.005906
5400.33984 0.005953
5400.60010 0.006288
5400.85010 0.006422
5401.10986 0.006472
5401.37012 0.005974
5401.62988 0.005782
5401.89014 0.005693
5402.14990 0.006
5402.41016 0.005613
5402.66992 0.005796
5402.93018 0.005503
5403.18994 0.005704
5403.45020 0.006017
5403.70996 0.005816
5403.97021 0.005851
5404.22998 0.005655
5404.49023 0.005919
5404.75000 0.005695
5405.00977 0.006016
5405.27002 0.005448
5405.52979 0.005455
5405.79004 0.005165
5406.04980 0.005573
5406.31006 0.005568
5406.56982 0.005725
5406.83008 0.005461
5407.08984 0.005498
5407.35010 0.005356
5407.60986 0.005453
5407.87012 0.005138
5408.12988 0.005083
5408.39014 0.005009
5408.64990 0.004684
5408.91016 0.004834
5409.16992 0.005096
5409.41992 0.005029
5409.68018 0.005156
5409.93994 0.004797
5410.20020 0.004877
5410.45996 0.004963
5410.72021 0.004718
5410.97998 0.004967
5411.24023 0.004431
5411.50000 0.004836
5411.75977 0.004535
5412.02002 0.004857
5412.27979 0.004611
5412.54004 0.004674
5412.79980 0.004286
5413.06006 0.004555
5413.31982 0.004141
5413.58008 0.004582
5413.83984 0.004126
5414.10010 0.004515
5414.35986 0.004677
5414.62012 0.004332
5414.87988 0.004187
5415.14014 0.004548
5415.39990 0.004218
5415.66016 0.004209
5415.91992 0.004148
5416.18018 0.004488
5416.43994 0.004293
5958.08398 0.0
