threeML/data/optical_filters/CAHA/CAHA-f_655_150.ecsv
# %ECSV 0.9
# ---
# datatype:
# - {name: wavelength, unit: Angstrom, datatype: float32}
# - {name: response, datatype: float32}
# meta: !!omap
# - {band_name: f_655_150}
# - {group_name: CAHA}
wavelength response
[from data line 806]
6686.18018 0.817991
6688.27002 0.815681
6690.37012 0.814085
6692.45996 0.812611
6694.56006 0.810763
6696.64990 0.808805
6698.75000 0.806961
6700.83984 0.805075
6702.93994 0.80257
6705.02979 0.801133
6707.12988 0.799636
6709.22021 0.798251
6711.31982 0.796445
6713.41016 0.79476
6715.50977 0.79313
6717.60010 0.791555
6719.70020 0.789994
6721.79004 0.788467
6723.89014 0.787283
6725.97998 0.785735
6728.08008 0.783692
6730.16992 0.782256
6732.27002 0.781476
6734.35986 0.780054
6736.45996 0.779154
6738.54980 0.777939
6740.64990 0.776705
6742.74023 0.775849
6744.83984 0.775031
6746.93018 0.774099
6749.02979 0.77397
6751.12012 0.773256
6753.22021 0.772139
6755.31006 0.771471
6757.41016 0.770763
6759.50000 0.770741
6761.60010 0.770399
6763.68994 0.769948
6765.79004 0.769493
6767.87988 0.769299
6769.97998 0.76939
6772.06982 0.768673
6774.16992 0.769629
6776.25977 0.768909
6778.35986 0.769286
6780.45020 0.769235
6782.54980 0.768896
6784.64014 0.769283
6786.74023 0.769565
6788.83008 0.769824
6790.93018 0.770305
6793.02002 0.770493
6795.12012 0.770844
6797.20996 0.771089
6799.31006 0.771968
6801.39990 0.772065
6803.50000 0.772907
6805.58984 0.773623
6807.68994 0.774179
6809.77979 0.774835
6811.87988 0.775368
6813.97021 0.775642
6816.06982 0.77615
6818.16016 0.776647
6820.25977 0.777293
6822.35010 0.778075
6824.45020 0.778676
6826.54004 0.779291
6828.64014 0.780114
6830.72998 0.781136
6832.83008 0.781981
6834.91992 0.782741
6837.02002 0.783669
6839.10986 0.784087
6841.20996 0.78426
6843.29980 0.785493
6845.39990 0.785947
6847.49023 0.786797
6849.58984 0.787207
6851.68018 0.787616
6853.77979 0.788489
6855.87012 0.789323
6857.97021 0.789562
6860.06006 0.790068
6862.16016 0.790631
6864.25000 0.791721
6866.35010 0.79212
6868.43994 0.792866
6870.54004 0.793486
6872.62988 0.793845
6874.72998 0.794298
6876.81982 0.79481
6878.91992 0.795199
6881.00977 0.795921
6883.10986 0.796291
6885.20020 0.796741
6887.29980 0.796785
6889.39014 0.797174
6891.49023 0.797229
6893.58008 0.797656
6895.68018 0.797963
6897.77002 0.798018
6899.87012 0.798317
6901.95996 0.798726
6904.06006 0.798794
6906.14990 0.798995
6908.25000 0.799091
6910.33984 0.799088
6912.43994 0.799266
6914.52979 0.799246
6916.62988 0.799169
6918.72021 0.799112
6920.81982 0.798813
6922.91016 0.798812
6925.00977 0.799334
6927.10010 0.799606
6929.20020 0.79884
6931.29004 0.798544
6933.39014 0.798424
6935.47998 0.798121
6937.58008 0.797859
6939.66992 0.797855
6941.77002 0.797692
6943.85986 0.797178
6945.95996 0.796483
6948.04980 0.795808
6950.14990 0.795975
6952.24023 0.795276
6954.33984 0.794672
6956.43018 0.794238
6958.52979 0.793467
6960.62012 0.792476
6962.72021 0.792061
6964.81006 0.791229
6966.91016 0.790464
6969.00000 0.790062
6971.10010 0.789182
6973.18994 0.788211
6975.29004 0.787136
6977.37988 0.786172
6979.47998 0.785523
6981.56982 0.784445
6983.66992 0.783114
6985.75977 0.781627
6987.85986 0.780692
6989.95020 0.779663
6992.04980 0.778494
6994.14014 0.777335
6996.24023 0.776221
6998.33008 0.775034
7000.43018 0.773978
7002.52002 0.772706
7004.62012 0.770863
7006.70996 0.769513
7008.81006 0.767863
7010.89990 0.766441
7013.00000 0.764886
7015.08984 0.763138
7017.18994 0.7616
7019.27979 0.76036
7021.37988 0.759267
7023.47021 0.757483
7025.56982 0.755028
7027.66016 0.753709
7029.75977 0.752238
7031.85010 0.750614
7033.95020 0.749099
7036.04004 0.747408
7038.14014 0.745782
7040.22998 0.743928
7042.33008 0.741987
7044.41992 0.740076
7046.52002 0.738514
7048.60986 0.736656
7050.70996 0.735078
7052.79980 0.733801
7054.89990 0.731465
7056.99023 0.729619
7059.08984 0.727808
7061.18018 0.72616
7063.27979 0.724485
7065.37012 0.722777
7067.47021 0.721109
7069.56006 0.719511
7071.66016 0.717779
7073.75000 0.71565
7075.85010 0.713995
7077.93994 0.712021
7080.04004 0.710808
7082.12988 0.709253
7084.22998 0.707579
7086.31982 0.705825
7088.41992 0.704193
7090.50977 0.702937
7092.60986 0.701018
7094.70020 0.699336
7096.79980 0.697998
7098.89014 0.696422
7100.99023 0.695036
7103.08008 0.69391
7105.18018 0.692757
7107.27002 0.691355
7109.37012 0.690356
7111.45996 0.689098
7113.56006 0.687526
7115.64990 0.686419
7117.75000 0.685508
7119.83984 0.684442
7121.93994 0.683398
7124.02979 0.68253
7126.12988 0.681432
7128.22021 0.68054
7130.31982 0.679509
7132.41016 0.678976
7134.50977 0.678533
7136.60010 0.677919
7138.70020 0.677142
7140.79004 0.676485
7142.89014 0.676209
7144.97998 0.675621
7147.08008 0.675372
7149.16992 0.675501
7151.27002 0.675493
7153.35986 0.675466
7155.45996 0.675302
7157.54980 0.675139
7159.64990 0.675389
7161.74023 0.675692
7163.83984 0.676119
7165.93018 0.676082
7168.02979 0.676808
7170.12012 0.677427
7172.22021 0.678079
7174.31006 0.679084
7176.41016 0.680185
7178.50000 0.680946
7180.60010 0.681941
7182.68994 0.68316
7184.79004 0.684559
7186.87988 0.685679
7188.97998 0.686879
7191.06982 0.688524
7193.16992 0.690301
7195.25977 0.691717
7197.35986 0.694158
7199.45020 0.69603
7201.54980 0.697686
7203.64014 0.699656
7205.74023 0.701831
7207.83008 0.703901
7209.93018 0.705897
7212.02002 0.708248
7214.12012 0.710829
7216.20996 0.713166
7218.31006 0.715689
7220.39990 0.717677
7222.50000 0.719725
7224.58984 0.72259
7226.68994 0.725096
7228.77979 0.727641
7230.87988 0.729882
7232.97021 0.732313
7235.06982 0.734469
7237.16016 0.736362
7239.25977 0.738188
7241.35010 0.740078
7243.45020 0.742517
7245.54004 0.743865
7247.64014 0.745441
7249.72998 0.746892
7251.83008 0.74819
7253.91992 0.748949
7256.02002 0.749085
7258.10986 0.749192
7260.20996 0.749438
7262.29980 0.748995
7264.39990 0.747428
7266.49023 0.746343
7268.58984 0.744946
7270.68018 0.742779
7272.77979 0.740012
7274.87012 0.73694
7276.97021 0.732457
7279.06006 0.728269
7281.16016 0.723344
7283.25000 0.718397
7285.35010 0.713008
7287.43994 0.706866
7289.54004 0.700531
7291.62988 0.692399
7293.72998 0.684016
7295.81982 0.676273
7297.91992 0.667622
7300.00977 0.658538
7302.10986 0.649232
7304.20020 0.639409
7306.29980 0.629224
7308.39014 0.617054
7310.49023 0.606251
7312.58008 0.594827
7314.68018 0.582966
7316.77002 0.571339
7318.87012 0.560148
7320.95996 0.548028
7323.06006 0.53387
7325.14990 0.521451
7327.25000 0.509205
7329.33984 0.496966
7331.43994 0.484913
7333.52979 0.473081
7335.62988 0.461079
7337.72021 0.447537
7339.81982 0.435034
7341.91016 0.423392
7344.00977 0.412171
7346.10010 0.400963
7348.20020 0.389817
7350.29004 0.379288
7352.39014 0.367748
7354.47998 0.356298
7356.58008 0.346238
7358.66992 0.336332
7360.77002 0.326783
7362.85986 0.317509
7364.95996 0.30817
7367.04980 0.298618
7369.14990 0.289534
7371.24023 0.28102
7373.33984 0.272945
7375.43018 0.265231
7377.52979 0.257797
7379.62012 0.250562
7381.72021 0.242697
7383.81006 0.235241
7385.91016 0.228812
7388.00000 0.222365
7390.10010 0.216151
7392.18994 0.210228
7394.29004 0.204478
7396.37988 0.198635
7398.47998 0.192611
7400.56982 0.187415
7402.66992 0.182342
7404.75977 0.177528
7406.85986 0.172903
7408.95020 0.168294
7411.04980 0.163691
7413.14014 0.159094
7415.24023 0.155037
7417.33008 0.151155
7419.43018 0.147375
7421.52002 0.143713
7423.62012 0.140225
7425.70996 0.13642
7427.81006 0.132727
7429.89990 0.129558
7432.00000 0.126423
7434.08984 0.123394
7436.18994 0.120545
7438.27979 0.117861
7440.37988 0.114719
7442.47021 0.111844
7444.56982 0.109371
7446.66016 0.106961
7448.75977 0.104534
7450.85010 0.102107
7452.95020 0.099799
7455.04004 0.097369
7457.14014 0.09508
7459.22998 0.093077
7461.33008 0.091067
7463.41992 0.089065
7465.52002 0.087172
7467.60986 0.085458
7469.70996 0.083257
7471.79980 0.081468
7473.89990 0.079723
7475.99023 0.078071
7478.08984 0.076486
7480.18018 0.074901
7482.27979 0.073159
7484.37012 0.071653
7486.47021 0.070184
7488.56006 0.068698
7490.66016 0.067285
7492.75000 0.065954
7494.85010 0.064632
7496.93994 0.063113
7499.04004 0.061874
7501.12988 0.060585
7503.22998 0.059336
7505.31982 0.058172
7507.41992 0.057061
7509.50977 0.055865
7511.60986 0.054527
7513.70020 0.053414
7515.79980 0.052326
7517.89014 0.051286
7519.99023 0.050285
7522.08008 0.049285
7524.18018 0.048174
7526.27002 0.047116
7528.37012 0.046212
7530.45996 0.045327
7532.56006 0.044424
7534.64990 0.043505
7536.75000 0.042626
7538.83984 0.041592
7540.93994 0.040794
7543.02979 0.040032
7545.12988 0.039236
7547.22021 0.038392
7549.31982 0.037547
7551.41016 0.036856
7553.50977 0.036003
7555.60010 0.035264
7557.70020 0.034532
7559.79004 0.033831
7561.89014 0.033174
7563.97998 0.032532
7566.08008 0.031758
7568.16992 0.031037
7570.27002 0.030458
7572.35986 0.029869
7574.45996 0.029264
7576.54980 0.028721
7578.64990 0.028016
7580.74023 0.027491
7582.83984 0.026922
7584.93018 0.026388
7587.02979 0.025892
7589.12012 0.025416
7591.22021 0.024948
7593.31006 0.024374
7595.41016 0.023921
7597.50000 0.02346
7599.60010 0.023012
7601.68994 0.022596
7603.79004 0.022217
7605.87988 0.021631
7607.97998 0.021282
7610.06982 0.020896
7612.16992 0.020509
7614.25977 0.02013
7616.35986 0.019749
7618.45020 0.019347
7620.54980 0.01903
7622.64014 0.018685
7624.74023 0.018371
7626.83008 0.01808
7628.93018 0.017778
7631.02002 0.017419
7633.12012 0.017101
7635.20996 0.01678
7637.31006 0.016516
7639.39990 0.016262
7641.50000 0.015989
7643.58984 0.015748
7645.68994 0.015487
7647.77979 0.015254
7649.87988 0.015011
7651.97021 0.014777
7654.06982 0.014552
7656.16016 0.014304
7658.25977 0.014095
7660.35010 0.013896
7662.45020 0.013686
7664.54004 0.01351
7666.64014 0.013367
7668.72998 0.013217
7670.83008 0.01303
7672.91992 0.012885
7675.02002 0.012717
7677.10986 0.012581
7679.20996 0.01245
7681.29980 0.012252
7683.39990 0.012108
7685.49023 0.011938
7687.58984 0.011742
7689.68018 0.011593
7691.77979 0.011479
7693.87012 0.011346
7695.97021 0.011167
7698.06006 0.011054
7700.16016 0.010954
7702.25000 0.010838
7704.35010 0.01072
7706.43994 0.010627
7708.54004 0.010509
7710.62988 0.010395
7712.72998 0.010265
7714.81982 0.010141
7716.91992 0.01003
7719.00977 0.009935
7721.10986 0.009836
7723.20020 0.009756
7725.29980 0.009651
7727.39014 0.009545
7729.49023 0.009451
7731.58008 0.009371
7733.68018 0.00928
7735.77002 0.00918
7737.87012 0.009097
7739.95996 0.009014
7742.06006 0.008934
7744.14990 0.008863
7746.25000 0.008789
7748.33984 0.008718
7750.43994 0.00867
7752.52979 0.008621
7754.62988 0.008556
7756.72021 0.008463
7758.81982 0.008346
7760.91016 0.008355
7763.00977 0.008275
7765.10010 0.00822
7767.20020 0.008195
7769.29004 0.008133
7771.39014 0.00807
7773.47998 0.008046
7775.58008 0.007965
7777.66992 0.007898
7779.77002 0.007863
7781.85986 0.007827
7783.95996 0.007742
7786.04980 0.007719
7788.14990 0.007675
7790.24023 0.007628
7792.33984 0.007587
7794.43018 0.007537
7796.52979 0.007516
7798.62012 0.007494
7800.72021 0.007456
7802.81006 0.007389
7804.91016 0.007306
7807.00000 0.007299
7809.10010 0.00729
7811.18994 0.007256
7813.29004 0.007213
7815.37988 0.007171
7817.47998 0.007138
7819.56982 0.00709
7821.66992 0.007074
7823.75977 0.007036
7825.85986 0.006988
7827.95020 0.006944
7830.04980 0.00692
7832.14014 0.006904
7834.24023 0.0069
7836.33008 0.006862
7838.43018 0.006822
7840.52002 0.006796
7842.62012 0.006785
7844.70996 0.006726
7846.81006 0.006702
7848.89990 0.006693
7851.00000 0.006679
7853.08984 0.006649
7855.18994 0.006603
7857.27979 0.006589
7859.37988 0.006551
7861.47021 0.006526
7863.56982 0.006508
7865.66016 0.006475
7867.75977 0.006473
7869.85010 0.00645
7871.95020 0.00642
7874.04004 0.006395
7876.14014 0.006376
7878.22998 0.006353
7880.33008 0.006321
7882.41992 0.006292
7884.52002 0.006279
7886.60986 0.006267
7888.70996 0.006238
7890.79980 0.006163
7892.89990 0.006198
7894.99023 0.006169
7897.08984 0.006152
7899.18018 0.006144
7901.27979 0.006104
7903.37012 0.00609
7905.47021 0.006039
7907.56006 0.006031
7909.66016 0.006024
7911.75000 0.006
7913.85010 0.00598
7915.93994 0.005942
7918.04004 0.005921
7920.12988 0.005899
7922.22998 0.005877
7924.31982 0.005861
7926.41992 0.005833
7928.50977 0.005803
7930.60986 0.005778
7932.70020 0.005761
7934.79980 0.005748
7936.89014 0.005708
7938.99023 0.00572
7941.08008 0.005686
7943.18018 0.005654
7945.27002 0.005633
7947.37012 0.005623
7949.45996 0.005591
7951.56006 0.005561
7953.64990 0.005546
7955.75000 0.005528
7957.83984 0.005504
7959.93994 0.005501
7962.02979 0.005467
7964.12988 0.005451
7966.22021 0.005444
7968.31982 0.005426
7970.41016 0.005366
7972.50977 0.005383
7974.60010 0.005362
7976.70020 0.00532
7978.79004 0.005299
7980.89014 0.005307
7982.97998 0.005255
7985.08008 0.005268
7987.16992 0.00524
7989.27002 0.005199
7991.35986 0.005167
7993.45996 0.005175
7995.54980 0.00515
7997.64990 0.005144
7999.74023 0.005129
8001.83984 0.005106
8802.02344 0.0
