threeML/data/optical_filters/CAHA/CAHA-f_491_8.ecsv
# %ECSV 0.9
# ---
# datatype:
# - {name: wavelength, unit: Angstrom, datatype: float32}
# - {name: response, datatype: float32}
# meta: !!omap
# - {band_name: f_491_8}
# - {group_name: CAHA}
wavelength response
4322.88037 0.0
4803.20020 0.004377
4803.45996 0.004218
4803.72021 0.004477
4803.97998 0.004064
4804.24023 0.003983
4804.50000 0.003717
4804.75977 0.003795
4805.02002 0.003963
4805.27979 0.003873
4805.54004 0.004345
4805.79980 0.004262
4806.06006 0.003776
4806.31982 0.004918
4806.58008 0.004274
4806.83984 0.003916
4807.10010 0.004167
4807.35986 0.004463
4807.62012 0.003754
4807.87988 0.004613
4808.14014 0.005317
4808.39990 0.005
4808.66016 0.00486
4808.91992 0.00548
4809.18018 0.005111
4809.43994 0.004686
4809.70020 0.005201
4809.95996 0.004871
4810.22021 0.005271
4810.47998 0.004468
4810.74023 0.004807
4811.00000 0.004968
4811.25977 0.005152
4811.52002 0.004832
4811.77979 0.005439
4812.04004 0.005352
4812.29980 0.005958
4812.56006 0.005465
4812.81982 0.00528
4813.08008 0.005123
4813.33984 0.005576
4813.60010 0.005772
4813.85986 0.006084
4814.12012 0.005771
4814.37988 0.005974
4814.64014 0.00505
4814.89990 0.005754
4815.16016 0.005582
4815.41992 0.006701
4815.68018 0.00535
4815.93994 0.006718
4816.20020 0.005791
4816.45996 0.006345
4816.72021 0.006755
4816.97998 0.006227
4817.24023 0.006466
4817.50000 0.006079
4817.75977 0.006862
4818.02002 0.007444
4818.27979 0.007133
4818.54004 0.007054
4818.79980 0.007338
4819.06006 0.006402
4819.31982 0.007217
4819.58008 0.007602
4819.83984 0.006872
4820.10010 0.007102
4820.35986 0.00777
4820.62012 0.007401
4820.87988 0.007747
4821.14014 0.008263
4821.39990 0.007597
4821.66016 0.008447
4821.91992 0.008654
4822.18018 0.008297
4822.43994 0.008099
4822.70020 0.007815
4822.95996 0.009014
4823.22021 0.009138
4823.47998 0.009443
4823.74023 0.009433
4824.00000 0.009594
4824.25977 0.00937
4824.52002 0.009517
4824.77979 0.010108
4825.04004 0.009364
4825.29980 0.009612
4825.56006 0.001014
4826.08008 0.009738
4826.33984 0.01009
4826.60010 0.009991
4826.85986 0.010917
4827.12012 0.010511
4827.37988 0.010556
4827.64014 0.011269
4827.89990 0.011531
4828.16016 0.013012
4828.41992 0.011585
4828.68018 0.011828
4828.93994 0.012383
4829.20020 0.01268
4829.45996 0.012356
4829.72021 0.013319
4829.97998 0.012873
4830.24023 0.0122
4830.50000 0.013747
4830.75977 0.01388
4831.02002 0.013221
4831.27979 0.014377
4831.54004 0.014152
4831.79980 0.015397
4832.06006 0.014968
4832.31982 0.014626
4832.58008 0.015651
4832.83984 0.016763
4833.10010 0.016097
4833.35986 0.016785
4833.62012 0.015609
4833.87988 0.017188
4834.14014 0.016558
4834.39990 0.017582
4834.66016 0.018211
4834.91992 0.018159
4835.18018 0.018806
4835.43994 0.018606
4835.70020 0.019921
4835.95996 0.018435
4836.22021 0.020085
4836.47998 0.019547
4836.74023 0.020865
4837.00000 0.021347
4837.25977 0.022073
4837.52002 0.02338
4837.77979 0.021777
4838.04004 0.023445
4838.29980 0.023463
4838.56006 0.022728
4838.81982 0.024441
4839.08008 0.024549
4839.33984 0.025254
4839.60010 0.024934
4839.85986 0.026722
4840.12012 0.02707
4840.37988 0.028366
4840.64014 0.027132
4840.89990 0.02725
4841.16016 0.029125
4841.41992 0.03066
4841.68018 0.030162
4841.93994 0.031259
4842.20020 0.032683
4842.45996 0.032205
4842.72021 0.033494
4842.97998 0.034032
4843.24023 0.034794
4843.50000 0.035524
4843.75977 0.035818
4844.02002 0.037347
4844.27979 0.038413
4844.54004 0.038585
4844.79980 0.040115
4845.06006 0.043184
4845.31982 0.042262
4845.58008 0.043105
4845.83984 0.044307
4846.10010 0.044743
4846.35986 0.046185
4846.62012 0.046613
4846.87988 0.04932
4847.14014 0.050036
4847.39990 0.051471
4847.66016 0.053256
4847.91992 0.05355
4848.18018 0.055551
4848.43994 0.056733
4848.70020 0.058024
4848.95996 0.058476
4849.22021 0.060471
4849.47998 0.064071
4849.74023 0.065152
4850.00000 0.065985
4850.25977 0.06823
4850.52002 0.068098
4850.77979 0.070236
4851.04004 0.072757
4851.29980 0.074304
4851.56006 0.077974
4851.81982 0.078387
4852.08008 0.081225
4852.33984 0.084287
4852.60010 0.084374
4852.85986 0.088068
4853.12012 0.088386
4853.37988 0.092696
4853.64014 0.094668
4853.89990 0.097916
4854.16016 0.09991
4854.41992 0.104032
4854.68018 0.10703
4854.93994 0.110855
4855.20020 0.112601
4855.45996 0.115724
4855.72021 0.118517
4855.97998 0.120688
4856.24023 0.125273
4856.50000 0.129327
4856.75977 0.133336
4857.02002 0.137271
4857.27979 0.140449
4857.54004 0.14414
4857.79980 0.147563
4858.06006 0.153028
4858.31982 0.159212
4858.58008 0.159947
4858.83984 0.166949
4859.10010 0.169552
4859.35986 0.17688
4859.62012 0.181358
4859.87988 0.187012
4860.14014 0.188908
4860.39990 0.194598
4860.66016 0.200946
4860.91992 0.20636
4861.18018 0.214517
4861.43994 0.219075
4861.70020 0.224531
4861.95996 0.230276
4862.22021 0.23608
4862.47998 0.24536
4862.74023 0.248187
4863.00000 0.256473
4863.25977 0.263813
4863.52002 0.268128
4863.77979 0.272985
4864.04004 0.284071
4864.29980 0.287716
4864.56006 0.295981
4864.81982 0.306871
4865.08008 0.310024
4865.33984 0.317703
4865.60010 0.329047
4865.85986 0.335528
4866.12012 0.346954
4866.37988 0.347691
4866.64014 0.354565
4866.89990 0.364279
4867.16016 0.372059
4867.41992 0.384224
4867.68018 0.39033
4867.93994 0.3973
4868.20020 0.407931
4868.45996 0.413661
4868.72021 0.417887
4868.97998 0.429405
4869.24023 0.436909
4869.50000 0.44113
4869.75977 0.451406
4870.02002 0.461321
4870.27979 0.469693
4870.54004 0.468575
4870.79980 0.481983
4871.06006 0.488181
4871.31982 0.492376
4871.58008 0.502814
4871.83984 0.500628
4872.10010 0.516009
4872.35986 0.522602
4872.62012 0.528818
4872.87988 0.535621
4873.14014 0.547341
4873.39990 0.546125
4873.66016 0.547467
4873.91992 0.557427
4874.18018 0.572781
4874.43994 0.566809
4874.70020 0.577039
4874.95996 0.578841
4875.22021 0.585834
4875.47998 0.59272
4875.74023 0.592596
4876.00000 0.597728
4876.25977 0.607389
4876.52002 0.605767
4876.77979 0.607027
4877.04004 0.606869
4877.29980 0.615759
4877.56006 0.614113
4877.81982 0.614751
4878.08008 0.621448
4878.33984 0.625754
4878.60010 0.631846
4878.85986 0.628945
4879.12012 0.629943
4879.37988 0.635992
4879.64014 0.633035
4879.89990 0.634196
4880.16016 0.636488
4880.41992 0.638513
4880.68018 0.639634
4880.93994 0.636868
4881.20020 0.64272
4881.45996 0.645675
4881.72021 0.647744
4881.97998 0.644475
4882.24023 0.648299
4882.50000 0.651638
4882.75977 0.646645
4883.02002 0.647244
4883.27979 0.649665
4883.54004 0.653142
4883.79980 0.651574
4884.06006 0.647909
4884.31982 0.655474
4884.58008 0.653977
4884.83984 0.650421
4885.10010 0.654784
4885.35986 0.655035
4885.62012 0.654052
4885.87988 0.664619
4886.14014 0.656364
4886.39990 0.653537
4886.66016 0.652223
4886.91992 0.645472
4887.18018 0.651408
4887.43994 0.654989
4887.70020 0.646658
4887.95996 0.650289
4888.22021 0.656428
4888.47998 0.654442
4888.74023 0.65105
4889.00000 0.652552
4889.25977 0.651856
4889.52002 0.650118
4889.77979 0.654449
4890.04004 0.650602
4890.29980 0.65272
4890.56006 0.646939
4890.81982 0.650104
4891.08008 0.653697
4891.33984 0.650367
4891.60010 0.650501
4891.85986 0.653492
4892.12012 0.653802
4892.37988 0.654471
4892.64014 0.652393
4892.89990 0.650778
4893.16016 0.646026
4893.41992 0.651627
4893.68018 0.649271
4893.93994 0.654819
4894.20020 0.652491
4894.45996 0.647917
4894.72021 0.65192
4894.97998 0.650265
4895.24023 0.64493
4895.50000 0.64477
4895.75977 0.650504
4896.02002 0.64973
4896.27979 0.646967
4896.54004 0.64837
4896.79980 0.649573
4897.06006 0.652009
4897.31982 0.647977
4897.58008 0.653628
4897.83984 0.649644
4898.10010 0.655597
4898.35986 0.647859
4898.62012 0.647185
4898.87988 0.650622
4899.14014 0.652509
4899.39990 0.643218
4899.66016 0.651149
4899.91992 0.649688
4900.18018 0.648907
4900.43994 0.651161
4900.70020 0.648012
4900.95996 0.652832
4901.22021 0.653927
4901.47998 0.649856
4901.74023 0.653319
4902.00000 0.650288
4902.25977 0.649962
4902.52002 0.646374
4902.77979 0.650778
4903.04004 0.652655
4903.29980 0.655468
4903.56006 0.659152
4903.81982 0.652422
4904.08008 0.647018
4904.33984 0.650734
4904.60010 0.653818
4904.85986 0.650042
4905.12012 0.654408
4905.37988 0.653756
4905.64014 0.657247
4905.89990 0.654548
4906.16016 0.653204
4906.41992 0.657317
4906.68018 0.653387
4906.93994 0.654124
4907.20020 0.65331
4907.45996 0.650505
4907.72021 0.65582
4907.97998 0.651302
4908.24023 0.65501
4908.50000 0.645024
4908.75977 0.651652
4909.02002 0.654961
4909.27979 0.656552
4909.54004 0.649317
4909.79980 0.655613
4910.06006 0.647216
4910.31982 0.654866
4910.58008 0.651061
4910.83984 0.650233
4911.10010 0.656321
4911.35986 0.651164
4911.62012 0.648964
4911.87988 0.647072
4912.14014 0.647375
4912.39990 0.64749
4912.66016 0.65187
4912.91992 0.647683
4913.18018 0.651324
4913.43994 0.654547
4913.70020 0.650351
4913.95996 0.653204
4914.22021 0.64687
4914.47998 0.653829
4914.74023 0.644691
4915.00000 0.652546
4915.25977 0.650133
4915.52002 0.645163
4915.77979 0.6458
4916.04004 0.651338
4916.29980 0.650331
4916.56006 0.643498
4916.81982 0.647712
4917.08008 0.651407
4917.33984 0.649141
4917.60010 0.644302
4917.85986 0.648317
4918.12012 0.647605
4918.37988 0.64726
4918.64014 0.648504
4918.89990 0.6486
4919.16016 0.645892
4919.41992 0.649078
4919.68018 0.648548
4919.93994 0.64801
4920.20020 0.643943
4920.45996 0.644743
4920.72021 0.642107
4920.97998 0.638925
4921.24023 0.645923
4921.50000 0.644993
4921.75977 0.645405
4922.02002 0.64248
4922.27979 0.645374
4922.54004 0.64743
4922.79980 0.645469
4923.06006 0.640781
4923.31982 0.639683
4923.58008 0.643866
4923.83984 0.638526
4924.10010 0.6367
4924.35986 0.641344
4924.62012 0.639017
4924.87988 0.639557
4925.14014 0.638048
4925.39990 0.63188
4925.66016 0.63251
4925.91992 0.631317
4926.18018 0.624145
4926.43994 0.629592
4926.70020 0.626956
4926.95996 0.626399
4927.22021 0.626173
4927.47998 0.623202
4927.74023 0.624152
4928.00000 0.621164
4928.25977 0.619902
4928.52002 0.618205
4928.77979 0.618515
4929.04004 0.615801
4929.29980 0.615561
4929.56006 0.605999
4929.81982 0.608559
4930.08008 0.607315
4930.33984 0.605882
4930.60010 0.605707
4930.85986 0.596609
4931.12012 0.598204
4931.37988 0.593891
4931.64014 0.592647
4931.89990 0.588351
4932.16016 0.586936
4932.41992 0.580215
4932.68018 0.575007
4932.93994 0.571647
4933.20020 0.566468
4933.45996 0.561957
4933.72021 0.564617
4933.97998 0.55147
4934.24023 0.553354
4934.50000 0.552853
4934.75977 0.546003
4935.02002 0.540225
4935.27979 0.535123
4935.54004 0.531977
4935.79980 0.52281
4936.06006 0.522208
4936.31982 0.518394
4936.58008 0.509658
4936.83984 0.505333
4937.10010 0.500337
4937.35986 0.493495
4937.62012 0.490469
4937.87988 0.48817
4938.14014 0.473405
4938.39990 0.470203
4938.66016 0.46268
4938.91992 0.460783
4939.18018 0.452413
4939.43994 0.443701
4939.70020 0.434446
4939.95996 0.427777
4940.22021 0.421749
4940.47998 0.417869
4940.74023 0.411564
4941.00000 0.404551
4941.25977 0.400952
4941.52002 0.38932
4941.77979 0.382418
4942.04004 0.38097
4942.29980 0.371439
4942.56006 0.363061
4942.81982 0.357659
4943.08008 0.349177
4943.33984 0.345916
4943.60010 0.341692
4943.85986 0.330415
4944.12012 0.322885
4944.37988 0.31826
4944.64014 0.309914
4944.89990 0.306624
4945.16016 0.298522
4945.41992 0.296138
4945.68018 0.287791
4945.93994 0.28652
4946.20020 0.275448
4946.45996 0.269646
4946.72021 0.265398
4946.97998 0.256309
4947.24023 0.248913
4947.50000 0.241394
4947.75977 0.240871
4948.02002 0.232833
4948.27979 0.2313
4948.54004 0.226986
4948.79980 0.218046
4949.06006 0.215903
4949.31982 0.207592
4949.58008 0.204529
4949.83984 0.199914
4950.10010 0.195743
4950.35986 0.189395
4950.62012 0.185478
4950.87988 0.180682
4951.14014 0.177857
4951.39990 0.170214
4951.66016 0.166638
4951.91992 0.163214
4952.18018 0.157479
4952.43994 0.153051
4952.70020 0.15266
4952.95996 0.149229
4953.22021 0.144544
4953.47998 0.143889
4953.74023 0.135297
4954.00000 0.134936
4954.25977 0.131739
4954.52002 0.126862
4954.77979 0.124732
4955.04004 0.119888
4955.29980 0.117058
4955.56006 0.115077
4955.81982 0.11315
4956.08008 0.108429
4956.33984 0.106295
4956.60010 0.105603
4956.85986 0.100362
4957.12012 0.099268
4957.37988 0.097428
4957.64014 0.094093
4957.89990 0.092762
4958.16016 0.090417
4958.41992 0.088303
4958.68018 0.08264
4958.93994 0.082824
4959.20020 0.08193
4959.45996 0.079347
4959.72021 0.077523
4959.97998 0.075634
4960.24023 0.073123
4960.50000 0.07298
4960.75977 0.07133
4961.02002 0.06806
4961.27979 0.066167
4961.54004 0.065635
4961.79980 0.062522
4962.06006 0.061546
4962.31982 0.06113
4962.58008 0.059897
4962.83984 0.057969
4963.10010 0.057747
4963.35986 0.054964
4963.62012 0.053666
4963.87988 0.05283
4964.14014 0.050759
4964.39990 0.049989
4964.66016 0.04973
4964.91992 0.049124
4965.18018 0.047819
4965.43994 0.046936
4965.70020 0.04457
4965.95996 0.043893
4966.22021 0.043317
4966.47998 0.042157
4966.74023 0.041523
4967.00000 0.041512
4967.25977 0.039419
4967.52002 0.039024
4967.77979 0.036815
4968.04004 0.036718
4968.29980 0.035644
4968.56006 0.036775
4968.81982 0.034586
4969.08008 0.034516
4969.33984 0.033705
4969.60010 0.03197
4969.85986 0.031321
4970.12012 0.030773
4970.37988 0.029498
4970.64014 0.030676
4970.89990 0.029478
4971.16016 0.029581
4971.41992 0.029199
4971.68018 0.02776
4971.93994 0.027651
4972.20020 0.027589
4972.45996 0.02662
4972.72021 0.025972
4972.97998 0.025034
4973.24023 0.024089
4973.50000 0.025031
4973.75977 0.024267
4974.02002 0.023178
4974.27979 0.023346
4974.54004 0.022142
4974.79980 0.021541
4975.06006 0.020877
4975.31982 0.021061
4975.58008 0.020945
4975.83984 0.020599
4976.10010 0.01972
4976.35986 0.019044
4976.62012 0.018974
4976.87988 0.0187
4977.14014 0.018439
4977.39990 0.018281
4977.66016 0.017825
4977.91992 0.017898
4978.18018 0.016542
4978.43994 0.01718
4978.70020 0.016857
4978.95996 0.016421
4979.22021 0.01563
4979.47998 0.017152
4979.74023 0.01575
4980.00000 0.015838
4980.25977 0.015123
4980.52002 0.013812
4980.77979 0.014768
4981.04004 0.014858
4981.29980 0.013699
4981.56006 0.013382
4981.81982 0.013932
4982.08008 0.013121
4982.33984 0.013369
4982.60010 0.012511
4982.85986 0.012665
4983.12012 0.011742
4983.37988 0.012475
4983.64014 0.01165
4983.89990 0.011717
4984.16016 0.01144
4984.41992 0.01191
4984.68018 0.010371
4984.93994 0.010851
4985.20020 0.010721
4985.45996 0.011004
4985.72021 0.010827
4985.97998 0.009823
4986.24023 0.009389
4986.50000 0.010437
4986.75977 0.010904
4987.02002 0.008995
4987.27979 0.009341
4987.54004 0.009368
4987.79980 0.009442
4988.06006 0.008939
4988.31982 0.008446
4988.58008 0.008468
4988.83984 0.008794
4989.10010 0.008763
4989.35986 0.00882
4989.62012 0.007411
4989.87988 0.008736
4990.14014 0.007751
4990.39990 0.008577
4990.66016 0.008245
4990.91992 0.007502
4991.18018 0.007737
4991.43994 0.007639
4991.70020 0.007751
4991.95996 0.007622
4992.22021 0.00727
4992.47998 0.007032
4992.74023 0.007666
4993.00000 0.007154
4993.25977 0.007104
4993.52002 0.006513
4993.77979 0.006986
4994.04004 0.006527
4994.29980 0.0061
4994.56006 0.006653
4994.81982 0.007063
4995.08008 0.005967
4995.33984 0.006121
4995.60010 0.006207
4995.85986 0.006633
4996.12012 0.005685
4996.37988 0.005973
4996.64014 0.005554
4996.89990 0.006121
4997.16016 0.005097
4997.41992 0.005592
4997.68018 0.006465
4997.93994 0.005731
4998.20020 0.005758
4998.45996 0.00548
4998.72021 0.005223
4998.97998 0.005212
4999.24023 0.005328
4999.50000 0.004831
4999.75977 0.005403
5000.02002 0.004943
5000.27979 0.005362
5000.54004 0.004612
5000.79980 0.004569
5001.06006 0.004556
5001.31982 0.004578
5001.58008 0.004497
5001.83984 0.005257
5502.02393 0.0
