threeML/data/optical_filters/CAHA/CAHA-f_639_13.ecsv
# %ECSV 0.9
# ---
# datatype:
# - {name: wavelength, unit: Angstrom, datatype: float32}
# - {name: response, datatype: float32}
# meta: !!omap
# - {band_name: f_639_13}
# - {group_name: CAHA}
wavelength response
5609.10596 0.0
6232.33984 0.004033
6232.60010 0.004013
6232.87012 0.003943
6233.12988 0.004091
6233.39014 0.004068
6233.64990 0.004079
6233.91016 0.004105
6234.16992 0.004134
6234.43018 0.004231
6234.68994 0.004154
6234.95996 0.004325
6235.22021 0.004144
6235.47998 0.004109
6235.74023 0.004219
6236.00000 0.004226
6236.25977 0.00453
6236.52002 0.004355
6236.77979 0.004349
6237.04980 0.004386
6237.31006 0.004474
6237.56982 0.004495
6237.83008 0.004604
6238.08984 0.004457
6238.35010 0.004434
6238.60986 0.00455
6238.87012 0.004585
6239.12988 0.004686
6239.39990 0.004484
6239.66016 0.004497
6239.91992 0.004643
6240.18018 0.004733
6240.43994 0.00465
6240.70020 0.004681
6240.95996 0.00481
6241.22021 0.004874
6241.49023 0.004798
6241.75000 0.004825
6242.00977 0.004903
6242.27002 0.004946
6242.52979 0.00493
6242.79004 0.005038
6243.04980 0.005016
6243.31006 0.004992
6243.58008 0.005066
6243.83984 0.005173
6244.10010 0.005249
6244.35986 0.005153
6244.62012 0.005249
6244.87988 0.005281
6245.14014 0.005402
6245.39990 0.005339
6245.66992 0.005353
6245.93018 0.005343
6246.18994 0.005438
6246.45020 0.0055
6246.70996 0.005449
6246.97021 0.005588
6247.22998 0.005615
6247.49023 0.005614
6247.75000 0.005586
6248.02002 0.005694
6248.27979 0.005826
6248.54004 0.005745
6248.79980 0.005722
6249.06006 0.005916
6249.31982 0.005861
6249.58008 0.005854
6249.83984 0.005968
6250.10010 0.006016
6250.37012 0.005986
6250.62988 0.006245
6250.89014 0.006274
6251.14990 0.006195
6251.41016 0.006234
6251.66992 0.006411
6251.93018 0.006372
6252.18994 0.006324
6252.45996 0.006398
6252.72021 0.006506
6252.97998 0.006504
6253.24023 0.006595
6253.50000 0.006637
6253.75977 0.006736
6254.02002 0.006619
6254.27979 0.006864
6254.54980 0.006812
6254.81006 0.006792
6255.06982 0.007
6255.33008 0.006981
6255.58984 0.006942
6255.85010 0.007148
6256.10986 0.007116
6256.37012 0.007168
6256.64014 0.007269
6256.89990 0.00728
6257.16016 0.007349
6257.41992 0.007621
6257.68018 0.007517
6257.93994 0.007475
6258.20020 0.007629
6258.45996 0.007767
6258.72021 0.007835
6258.99023 0.007777
6259.25000 0.007796
6259.50977 0.007815
6259.77002 0.007897
6260.02979 0.00803
6260.29004 0.008182
6260.54980 0.008341
6260.81006 0.00835
6261.08008 0.00839
6261.33984 0.008514
6261.60010 0.008637
6261.85986 0.008624
6262.12012 0.008885
6262.37988 0.008655
6262.64014 0.008821
6262.89990 0.008928
6263.16992 0.009135
6263.43018 0.009064
6263.68994 0.009189
6263.95020 0.009186
6264.20996 0.009323
6264.47021 0.009615
6264.72998 0.009551
6264.99023 0.00955
6265.25000 0.009786
6265.52002 0.009759
6265.77979 0.009937
6266.04004 0.009801
6266.29980 0.01023
6266.56006 0.010043
6266.81982 0.010234
6267.08008 0.010495
6267.33984 0.01043
6267.60986 0.010566
6267.87012 0.010626
6268.12988 0.010738
6268.39014 0.010741
6268.64990 0.01075
6268.91016 0.011026
6269.16992 0.011163
6269.43018 0.011334
6269.70020 0.011306
6269.95996 0.011493
6270.22021 0.011399
6270.47998 0.01175
6270.74023 0.011731
6271.00000 0.012042
6271.25977 0.011979
6271.52002 0.012114
6271.77979 0.0124
6272.04980 0.012595
6272.31006 0.012605
6272.56982 0.012718
6272.83008 0.012775
6273.08984 0.01319
6273.35010 0.012928
6273.60986 0.013055
6273.87012 0.01334
6274.14014 0.013665
6274.39990 0.013735
6274.66016 0.013753
6274.91992 0.013864
6275.18018 0.014224
6275.43994 0.014459
6275.70020 0.01422
6275.95996 0.014321
6276.22998 0.014371
6276.49023 0.014575
6276.75000 0.014745
6277.00977 0.01519
6277.27002 0.015234
6277.52979 0.015341
6277.79004 0.015512
6278.04980 0.015648
6278.31006 0.016001
6278.58008 0.016035
6278.83984 0.016289
6279.10010 0.016251
6279.35986 0.016586
6279.62012 0.016695
6279.87988 0.01698
6280.14014 0.017054
6280.39990 0.017223
6280.66992 0.017654
6280.93018 0.017884
6281.18994 0.01814
6281.45020 0.018404
6281.70996 0.018334
6281.97021 0.018604
6282.22998 0.018818
6282.49023 0.018953
6282.75977 0.019128
6283.02002 0.019486
6283.27979 0.019767
6283.54004 0.020181
6283.79980 0.01994
6284.06006 0.020581
6284.31982 0.02037
6284.58008 0.020952
6284.83984 0.020864
6285.10986 0.021751
6285.37012 0.021307
6285.62988 0.021968
6285.89014 0.021996
6286.14990 0.02249
6286.41016 0.022583
6286.66992 0.022876
6286.93018 0.023648
6287.20020 0.023162
6287.45996 0.023689
6287.72021 0.024086
6287.97998 0.024456
6288.24023 0.024964
6288.50000 0.025127
6288.75977 0.025175
6289.02002 0.02554
6289.29004 0.025988
6289.54980 0.026488
6289.81006 0.026679
6290.06982 0.027429
6290.33008 0.027583
6290.58984 0.027772
6290.85010 0.028109
6291.10986 0.028629
6291.37988 0.028509
6291.64014 0.029233
6291.89990 0.029793
6292.16016 0.029947
6292.41992 0.030647
6292.68018 0.030889
6292.93994 0.031464
6293.20020 0.031957
6293.45996 0.032075
6293.72998 0.032622
6293.99023 0.032749
6294.25000 0.033529
6294.50977 0.034057
6294.77002 0.034368
6295.02979 0.035128
6295.29004 0.035274
6295.54980 0.035793
6295.81982 0.036131
6296.08008 0.036746
6296.33984 0.037415
6296.60010 0.03744
6296.85986 0.038402
6297.12012 0.038461
6297.37988 0.039525
6297.64014 0.040502
6297.89990 0.040583
6298.16992 0.041364
6298.43018 0.041544
6298.68994 0.042322
6298.95020 0.042678
6299.20996 0.043189
6299.47021 0.043938
6299.72998 0.044985
6299.99023 0.044982
6300.25977 0.046402
6300.52002 0.046225
6300.77979 0.04732
6301.04004 0.047645
6301.29980 0.04816
6301.56006 0.049397
6301.81982 0.050178
6302.08008 0.050678
6302.35010 0.051632
6302.60986 0.052847
6302.87012 0.053274
6303.12988 0.053783
6303.39014 0.054676
6303.64990 0.056094
6303.91016 0.056297
6304.16992 0.057275
6304.43018 0.057686
6304.70020 0.058987
6304.95996 0.059968
6305.22021 0.061029
6305.47998 0.061938
6305.74023 0.062535
6306.00000 0.063155
6306.25977 0.064273
6306.52002 0.065172
6306.79004 0.066293
6307.04980 0.067275
6307.31006 0.068552
6307.56982 0.069593
6307.83008 0.070987
6308.08984 0.071354
6308.35010 0.072394
6308.60986 0.074529
6308.87988 0.074618
6309.14014 0.076342
6309.39990 0.077251
6309.66016 0.078808
6309.91992 0.080311
6310.18018 0.080955
6310.43994 0.082555
6310.70020 0.083805
6310.95996 0.084627
6311.22998 0.085896
6311.49023 0.08798
6311.75000 0.089936
6312.00977 0.09088
6312.27002 0.091596
6312.52979 0.093375
6312.79004 0.095507
6313.04980 0.095958
6313.31982 0.097944
6313.58008 0.099383
6313.83984 0.10058
6314.10010 0.102751
6314.35986 0.104334
6314.62012 0.106485
6314.87988 0.107326
6315.14014 0.109536
6315.41016 0.111491
6315.66992 0.113071
6315.93018 0.114947
6316.18994 0.116169
6316.45020 0.118463
6316.70996 0.119768
6316.97021 0.122521
6317.22998 0.124909
6317.49023 0.126115
6317.75977 0.12828
6318.02002 0.130909
6318.27979 0.132704
6318.54004 0.134756
6318.79980 0.137497
6319.06006 0.139442
6319.31982 0.141663
6319.58008 0.144056
6319.85010 0.146984
6320.10986 0.148509
6320.37012 0.151236
6320.62988 0.153339
6320.89014 0.155748
6321.14990 0.158453
6321.41016 0.160942
6321.66992 0.164612
6321.93994 0.166151
6322.20020 0.169249
6322.45996 0.171631
6322.72021 0.175005
6322.97998 0.178086
6323.24023 0.180598
6323.50000 0.18446
6323.75977 0.186867
6324.02002 0.189475
6324.29004 0.192809
6324.54980 0.194966
6324.81006 0.199135
6325.06982 0.202065
6325.33008 0.20581
6325.58984 0.207815
6325.85010 0.211807
6326.10986 0.215682
6326.37988 0.218504
6326.64014 0.222328
6326.89990 0.225322
6327.16016 0.228745
6327.41992 0.233321
6327.68018 0.235885
6327.93994 0.240007
6328.20020 0.243853
6328.47021 0.247089
6328.72998 0.251387
6328.99023 0.254839
6329.25000 0.259677
6329.50977 0.262678
6329.77002 0.268115
6330.02979 0.270682
6330.29004 0.274861
6330.54980 0.279628
6330.81982 0.283732
6331.08008 0.288265
6331.33984 0.292316
6331.60010 0.295639
6331.85986 0.300528
6332.12012 0.306543
6332.37988 0.308616
6332.64014 0.313659
6332.91016 0.319491
6333.16992 0.32384
6333.43018 0.327166
6333.68994 0.332843
6333.95020 0.336339
6334.20996 0.340908
6334.47021 0.346005
6334.72998 0.351095
6335.00000 0.356509
6335.25977 0.361381
6335.52002 0.36589
6335.77979 0.370991
6336.04004 0.375731
6336.29980 0.380538
6336.56006 0.386211
6336.81982 0.390781
6337.08008 0.396844
6337.35010 0.402136
6337.60986 0.405162
6337.87012 0.412427
6338.12988 0.417469
6338.39014 0.422318
6338.64990 0.428116
6338.91016 0.432405
6339.16992 0.437754
6339.43994 0.44292
6339.70020 0.448953
6339.95996 0.453498
6340.22021 0.457521
6340.47998 0.463797
6340.74023 0.468609
6341.00000 0.473773
6341.25977 0.478557
6341.52979 0.484788
6341.79004 0.48951
6342.04980 0.495756
6342.31006 0.501573
6342.56982 0.506969
6342.83008 0.511485
6343.08984 0.517047
6343.35010 0.521857
6343.60986 0.528354
6343.87988 0.531492
6344.14014 0.538082
6344.39990 0.542574
6344.66016 0.548149
6344.91992 0.553279
6345.18018 0.557737
6345.43994 0.563597
6345.70020 0.566442
6345.97021 0.575509
6346.22998 0.576832
6346.49023 0.582382
6346.75000 0.588462
6347.00977 0.593757
6347.27002 0.598039
6347.52979 0.601681
6347.79004 0.605862
6348.06006 0.612472
6348.31982 0.616267
6348.58008 0.621718
6348.83984 0.62332
6349.10010 0.628984
6349.35986 0.635464
6349.62012 0.637899
6349.87988 0.643057
6350.14990 0.646373
6350.41016 0.650863
6350.66992 0.655296
6350.93018 0.658429
6351.18994 0.663857
6351.45020 0.667298
6351.70996 0.671364
6351.97021 0.675438
6352.22998 0.677627
6352.50000 0.680609
6352.75977 0.686197
6353.02002 0.689238
6353.27979 0.693579
6353.54004 0.696583
6353.79980 0.70176
6354.06006 0.703413
6354.31982 0.707389
6354.58008 0.70886
6354.85010 0.714481
6355.10986 0.717244
6355.37012 0.719939
6355.62988 0.72216
6355.89014 0.725109
6356.14990 0.729205
6356.41016 0.731713
6356.66992 0.736621
6356.93994 0.737048
6357.20020 0.740191
6357.45996 0.740405
6357.72021 0.745263
6357.97998 0.744154
6358.24023 0.749129
6358.50000 0.75073
6358.75977 0.753919
6359.02979 0.757909
6359.29004 0.762497
6359.54980 0.761469
6359.81006 0.763415
6360.06982 0.764732
6360.33008 0.767718
6360.58984 0.77161
6360.85010 0.772272
6361.12012 0.773691
6361.37988 0.775331
6361.64014 0.776615
6361.89990 0.780183
6362.16016 0.782813
6362.41992 0.782463
6362.68018 0.783456
6362.93994 0.784865
6363.20020 0.787777
6363.47021 0.78841
6363.72998 0.790088
6363.99023 0.790449
6364.25000 0.791805
6364.50977 0.794132
6364.77002 0.793843
6365.02979 0.796178
6365.29004 0.795111
6365.56006 0.798857
6365.81982 0.799113
6366.08008 0.802185
6366.33984 0.80362
6366.60010 0.804172
6366.85986 0.802135
6367.12012 0.805468
6367.37988 0.806034
6367.64990 0.80814
6367.91016 0.807341
6368.16992 0.808163
6368.43018 0.808008
6368.68994 0.808922
6368.95020 0.811505
6369.20996 0.810726
6369.47021 0.812818
6369.72998 0.812527
6370.00000 0.813793
6370.25977 0.816871
6370.52002 0.815763
6370.77979 0.815096
6371.04004 0.815119
6371.29980 0.815778
6371.56006 0.816709
6371.81982 0.817703
6372.08984 0.818802
6372.35010 0.818286
6372.60986 0.817663
6372.87012 0.820969
6373.12988 0.820478
6373.39014 0.819104
6373.64990 0.819694
6373.91016 0.819415
6374.18018 0.823847
6374.43994 0.821763
6374.70020 0.822796
6374.95996 0.821388
6375.22021 0.825023
6375.47998 0.82373
6375.74023 0.824727
6376.00000 0.821818
6376.25977 0.824747
6376.52979 0.823783
6376.79004 0.821829
6377.04980 0.825171
6377.31006 0.825797
6377.56982 0.826374
6377.83008 0.826398
6378.08984 0.825895
6378.35010 0.825304
6378.62012 0.827027
6378.87988 0.824536
6379.14014 0.826918
6379.39990 0.82795
6379.66016 0.827169
6379.91992 0.827829
6380.18018 0.827938
6380.43994 0.826566
6380.70996 0.824101
6380.97021 0.827337
6381.22998 0.827847
6381.49023 0.828517
6381.75000 0.827853
6382.00977 0.826077
6382.27002 0.827804
6382.52979 0.828699
6382.79004 0.826702
6383.06006 0.829467
6383.31982 0.827375
6383.58008 0.828647
6383.83984 0.826747
6384.10010 0.829045
6384.35986 0.828159
6384.62012 0.82825
6384.87988 0.826491
6385.14990 0.830528
6385.41016 0.828158
6385.66992 0.829672
6385.93018 0.826179
6386.18994 0.829055
6386.45020 0.827904
6386.70996 0.826408
6386.97021 0.828405
6387.24023 0.829737
6387.50000 0.825914
6387.75977 0.826162
6388.02002 0.829286
6388.27979 0.826212
6388.54004 0.828444
6388.79980 0.82853
6389.06006 0.827924
6389.31982 0.830084
6389.58984 0.828772
6389.85010 0.828496
6390.10986 0.824499
6390.37012 0.828354
6390.62988 0.826907
6390.89014 0.828548
6391.14990 0.829863
6391.41016 0.824398
6391.68018 0.828593
6391.93994 0.829265
6392.20020 0.827102
6392.45996 0.825251
6392.72021 0.827218
6392.97998 0.829539
6393.24023 0.826869
6393.50000 0.827462
6393.77002 0.825929
6394.02979 0.829635
6394.29004 0.826623
6394.54980 0.829197
6394.81006 0.825149
6395.06982 0.827085
6395.33008 0.826107
6395.58984 0.82912
6395.85010 0.826641
6396.12012 0.827598
6396.37988 0.825475
6396.64014 0.828563
6396.89990 0.826207
6397.16016 0.82477
6397.41992 0.825556
6397.68018 0.825035
6397.93994 0.828852
6398.20996 0.826967
6398.47021 0.825925
6398.72998 0.824726
6398.99023 0.825981
6399.25000 0.82295
6399.50977 0.825415
6399.77002 0.827216
6400.02979 0.826934
6400.29980 0.824099
6400.56006 0.824598
6400.81982 0.823166
6401.08008 0.824877
6401.33984 0.825068
6401.60010 0.826375
6401.85986 0.824694
6402.12012 0.825342
6402.37988 0.823915
6402.64990 0.824036
6402.91016 0.82458
6403.16992 0.825103
6403.43018 0.825788
6403.68994 0.824401
6403.95020 0.826221
6404.20996 0.82579
6404.47021 0.82301
6404.74023 0.825356
6405.00000 0.825556
6405.25977 0.826444
6405.52002 0.826718
6405.77979 0.827083
6406.04004 0.826941
6406.29980 0.824202
6406.56006 0.823806
6406.83008 0.82176
6407.08984 0.825533
6407.35010 0.82647
6407.60986 0.826246
6407.87012 0.82549
6408.12988 0.821726
6408.39014 0.823501
6408.64990 0.8247
6408.91992 0.824496
6409.18018 0.825797
6409.43994 0.824129
6409.70020 0.824798
6409.95996 0.823829
6410.22021 0.82382
6410.47998 0.82157
6410.74023 0.82401
6411.00000 0.825267
6411.27002 0.824611
6411.52979 0.825025
6411.79004 0.824887
6412.04980 0.825078
6412.31006 0.823508
6412.56982 0.825352
6412.83008 0.824493
6413.08984 0.823518
6413.35010 0.824176
6413.62012 0.826111
6413.87988 0.822911
6414.14014 0.822894
6414.39990 0.823387
6414.66016 0.823395
6414.91992 0.824526
6415.18018 0.823951
6415.43994 0.822819
6415.70996 0.822922
6415.97021 0.822446
6416.22998 0.82036
6416.49023 0.82232
6416.75000 0.819779
6417.00977 0.821304
6417.27002 0.820885
6417.52979 0.821877
6417.79980 0.822569
6418.06006 0.819729
6418.31982 0.819157
6418.58008 0.821376
6418.83984 0.82078
6419.10010 0.819683
6419.35986 0.819477
6419.62012 0.817976
6419.89014 0.817747
6420.14990 0.81822
6420.41016 0.817994
6420.66992 0.815169
6420.93018 0.814555
6421.18994 0.814963
6421.45020 0.817128
6421.70996 0.817226
6421.97021 0.813849
6422.24023 0.814958
6422.50000 0.815012
6422.75977 0.813427
6423.02002 0.81469
6423.27979 0.814772
6423.54004 0.814244
6423.79980 0.811416
6424.06006 0.810217
6424.33008 0.812357
6424.58984 0.809208
6424.85010 0.80773
6425.10986 0.810056
6425.37012 0.806821
6425.62988 0.804038
6425.89014 0.803643
6426.14990 0.802343
6426.41992 0.802851
6426.68018 0.801737
6426.93994 0.801589
6427.20020 0.799951
6427.45996 0.798246
6427.72021 0.796811
6427.97998 0.794944
6428.24023 0.794651
6428.50000 0.793269
6428.77002 0.792641
6429.02979 0.789519
6429.29004 0.790375
6429.54980 0.786151
6429.81006 0.784255
6430.06982 0.783768
6430.33008 0.782199
6430.58984 0.779047
6430.85986 0.779504
6431.12012 0.776447
6431.37988 0.773492
6431.64014 0.771952
6431.89990 0.76923
6432.16016 0.769131
6432.41992 0.767071
6432.68018 0.76263
6432.95020 0.760971
6433.20996 0.758124
6433.47021 0.755692
6433.72998 0.750526
6433.99023 0.750823
6434.25000 0.74599
6434.50977 0.743621
6434.77002 0.742247
6435.02979 0.737395
6435.29980 0.733083
6435.56006 0.732867
6435.81982 0.729682
6436.08008 0.72674
6436.33984 0.722259
6436.60010 0.720244
6436.85986 0.715136
6437.12012 0.712954
6437.39014 0.709378
6437.64990 0.704916
6437.91016 0.701887
6438.16992 0.69889
6438.43018 0.693014
6438.68994 0.689632
6438.95020 0.687831
6439.20996 0.681021
6439.47998 0.675038
6439.74023 0.671906
6440.00000 0.669883
6440.25977 0.667207
6440.52002 0.662526
6440.77979 0.657428
6441.04004 0.652296
6441.29980 0.647341
6441.56006 0.644462
6441.83008 0.636808
