threeML/data/optical_filters/CAHA/CAHA-f_760_20.ecsv
# %ECSV 0.9
# ---
# datatype:
# - {name: wavelength, unit: Angstrom, datatype: float32}
# - {name: response, datatype: float32}
# meta: !!omap
# - {band_name: f_760_20}
# - {group_name: CAHA}
wavelength response
6588.85059 0.0
7320.94482 0.004009
7321.81104 0.004117
7322.67676 0.004231
7323.54199 0.004355
7324.40820 0.004488
7325.27393 0.004621
7326.14014 0.004735
7327.00488 0.004808
7327.87109 0.004827
7328.73682 0.004795
7329.60205 0.004728
7330.46777 0.00465
7331.33301 0.004583
7332.19922 0.004541
7333.06494 0.004529
7333.93018 0.004545
7334.79590 0.004581
7335.66113 0.004628
7336.52686 0.004679
7337.39307 0.004729
7338.25781 0.004779
7339.12402 0.004836
7339.98877 0.004908
7340.85400 0.005002
7341.72021 0.005122
7342.58496 0.005261
7343.45117 0.005404
7344.31592 0.005528
7345.18115 0.005615
7346.04688 0.005658
7346.91211 0.005668
7347.77686 0.005668
7348.64307 0.005688
7349.50781 0.005748
7350.37305 0.005854
7351.23877 0.005996
7352.10400 0.006157
7352.96924 0.006319
7353.83398 0.006474
7354.70020 0.006618
7355.56494 0.006744
7356.43018 0.006841
7357.29492 0.006893
7358.16016 0.006892
7359.02490 0.006839
7359.89111 0.006758
7360.75586 0.006688
7361.62109 0.006667
7362.48584 0.006721
7363.35107 0.006851
7364.21582 0.007035
7365.08105 0.007244
7365.94580 0.007448
7366.81104 0.007628
7367.67578 0.007781
7368.54102 0.007908
7369.40576 0.008016
7370.27100 0.008112
7371.13623 0.008207
7372.00098 0.008311
7372.86621 0.008433
7373.72998 0.008577
7374.59619 0.008742
7375.45996 0.008926
7376.32520 0.009123
7377.18994 0.009331
7378.05518 0.009549
7378.91992 0.009775
7379.78516 0.010003
7380.64893 0.010224
7381.51416 0.01043
7382.37891 0.010618
7383.24414 0.010796
7384.10791 0.010977
7384.97314 0.011176
7385.83789 0.011395
7386.70312 0.011627
7387.56689 0.011852
7388.43213 0.012051
7389.29590 0.012211
7390.16113 0.012336
7391.02588 0.012439
7391.89014 0.012537
7392.75488 0.012648
7393.62012 0.012777
7394.48389 0.012931
7395.34912 0.013111
7396.21289 0.013314
7397.07812 0.013534
7397.94189 0.013765
7398.80713 0.014003
7399.67090 0.014253
7400.53613 0.014527
7401.39990 0.014831
7402.26416 0.015169
7403.12891 0.015535
7403.99316 0.015926
7404.85693 0.016333
7405.72217 0.016749
7406.58594 0.017168
7407.45117 0.017576
7408.31494 0.017961
7409.17920 0.018308
7410.04297 0.018613
7410.90820 0.018882
7411.77197 0.019135
7412.63623 0.019402
7413.50000 0.019706
7414.36523 0.020065
7415.22900 0.020481
7416.09277 0.020945
7416.95703 0.021447
7417.82080 0.02198
7418.68604 0.022542
7419.54980 0.023136
7420.41406 0.023762
7421.27783 0.024406
7422.14209 0.025045
7423.00586 0.025654
7423.87012 0.026215
7424.73389 0.02673
7425.59814 0.027216
7426.46191 0.027699
7427.32617 0.028205
7428.18994 0.028752
7429.05420 0.029351
7429.91797 0.030005
7430.78223 0.030714
7431.64600 0.031477
7432.50977 0.032287
7433.37402 0.033145
7434.23779 0.034051
7435.10205 0.035012
7435.96484 0.036032
7436.83008 0.037109
7437.69287 0.038233
7438.55713 0.039384
7439.42090 0.040535
7440.28516 0.041661
7441.14795 0.04275
7442.01221 0.043806
7442.87598 0.044849
7443.74023 0.045914
7444.60400 0.047044
7445.46680 0.048276
7446.33105 0.049639
7447.19385 0.051139
7448.05811 0.052762
7448.92188 0.05448
7449.78516 0.056253
7450.64893 0.058048
7451.51318 0.05984
7452.37598 0.061615
7453.24023 0.063373
7454.10303 0.065134
7454.96680 0.066927
7455.83008 0.068796
7456.69385 0.07078
7457.55713 0.072906
7458.42090 0.07518
7459.28418 0.077593
7460.14697 0.080124
7461.01123 0.082756
7461.87500 0.085488
7462.73779 0.088323
7463.60205 0.091269
7464.46484 0.094336
7465.32812 0.097531
7466.19092 0.100867
7467.05518 0.104367
7467.91797 0.108052
7468.78076 0.111937
7469.64502 0.116026
7470.50781 0.120306
7471.37109 0.124761
7472.23389 0.129388
7473.09814 0.134189
7473.96094 0.139183
7474.82422 0.144393
7475.68799 0.149826
7476.55078 0.155482
7477.41406 0.161359
7478.27686 0.16745
7479.14014 0.173761
7480.00293 0.180305
7480.86621 0.187086
7481.72900 0.194106
7482.59180 0.201362
7483.45605 0.208847
7484.31787 0.216557
7485.18213 0.224502
7486.04395 0.232687
7486.90820 0.24112
7487.77100 0.249809
7488.63379 0.258749
7489.49707 0.267932
7490.35889 0.277362
7491.22314 0.287045
7492.08496 0.297
7492.94824 0.307246
7493.81104 0.317785
7494.67383 0.328607
7495.53711 0.339692
7496.39990 0.351012
7497.26318 0.362551
7498.12500 0.374295
7498.98779 0.386219
7499.85107 0.398294
7500.71387 0.410492
7501.57715 0.42278
7502.43896 0.435138
7503.30176 0.447538
7504.16504 0.459929
7505.02686 0.472249
7505.89014 0.484439
7506.75293 0.49645
7507.61523 0.508269
7508.47803 0.519905
7509.34082 0.531363
7510.20312 0.542648
7511.06592 0.553754
7511.92920 0.564657
7512.79102 0.575343
7513.65381 0.585806
7514.51611 0.596033
7515.37891 0.60601
7516.24121 0.615701
7517.10400 0.625044
7517.96582 0.63398
7518.82910 0.642469
7519.69092 0.650498
7520.55420 0.65809
7521.41602 0.665281
7522.27783 0.672091
7523.14111 0.678523
7524.00293 0.684564
7524.86621 0.690216
7525.72803 0.69551
7526.58984 0.700513
7527.45312 0.705294
7528.31494 0.70991
7529.17676 0.714377
7530.04004 0.718656
7530.90186 0.722665
7531.76416 0.726293
7532.62598 0.729438
7533.48779 0.732048
7534.35107 0.734141
7535.21289 0.735819
7536.07520 0.737228
7536.93701 0.738511
7537.79883 0.739769
7538.66211 0.741042
7539.52295 0.742311
7540.38623 0.743523
7541.24805 0.744626
7542.10986 0.745569
7542.97217 0.746325
7543.83398 0.746881
7544.69580 0.747255
7545.55811 0.747504
7546.41992 0.747707
7547.28223 0.747941
7548.14404 0.748234
7549.00586 0.748566
7549.86816 0.748861
7550.72998 0.749051
7551.59180 0.749118
7552.45410 0.749113
7553.31494 0.749135
7554.17822 0.749287
7555.04004 0.74963
7555.90088 0.750156
7556.76318 0.750825
7557.62500 0.751577
7558.48682 0.752354
7559.34912 0.753087
7560.20996 0.753702
7561.07178 0.754141
7561.93408 0.754397
7562.79492 0.754533
7563.65723 0.754665
7564.51904 0.754933
7565.37988 0.755448
7566.24219 0.75625
7567.10400 0.757291
7567.96582 0.758443
7568.82715 0.75954
7569.68896 0.760429
7570.54980 0.761023
7571.41211 0.761333
7572.27295 0.761448
7573.13477 0.761503
7573.99707 0.761629
7574.85791 0.761912
7575.72021 0.762365
7576.58105 0.762954
7577.44287 0.763612
7578.30420 0.764279
7579.16602 0.764927
7580.02686 0.765562
7580.88916 0.766218
7581.75000 0.766926
7582.61084 0.767677
7583.47314 0.76842
7584.33398 0.769085
7585.19482 0.76963
7586.05713 0.770067
7586.91797 0.770467
7587.77881 0.770931
7588.64111 0.771526
7589.50195 0.772261
7590.36279 0.773079
7591.22510 0.773889
7592.08594 0.774612
7592.94678 0.775209
7593.80811 0.775685
7594.66895 0.776088
7595.53076 0.77648
7596.39209 0.776936
7597.25293 0.777506
7598.11377 0.778208
7598.97510 0.779016
7599.83594 0.779859
7600.69678 0.780662
7601.55908 0.781357
7602.41895 0.781905
7603.28076 0.782294
7604.14209 0.782539
7605.00195 0.78267
7605.86377 0.782714
7606.72510 0.782684
7607.58496 0.782585
7608.44678 0.782424
7609.30811 0.782236
7610.16797 0.782082
7611.02881 0.782034
7611.89014 0.782141
7612.75098 0.782407
7613.61182 0.782787
7614.47314 0.783197
7615.33398 0.783545
7616.19482 0.783759
7617.05615 0.783813
7617.91699 0.783734
7618.77686 0.78359
7619.63818 0.783454
7620.49902 0.783373
7621.35889 0.783366
7622.22021 0.783423
7623.08105 0.78352
7623.94092 0.783617
7624.80176 0.78366
7625.66309 0.783584
7626.52295 0.783342
7627.38379 0.782937
7628.24512 0.782425
7629.10498 0.781894
7629.96582 0.781434
7630.82715 0.781094
7631.68799 0.780883
7632.54785 0.780778
7633.40820 0.780735
7634.26904 0.780726
7635.12891 0.780731
7635.99023 0.780737
7636.85107 0.780718
7637.71094 0.780632
7638.57080 0.78044
7639.43213 0.780116
7640.29199 0.779669
7641.15283 0.779142
7642.01318 0.778601
7642.87402 0.77811
7643.73389 0.777713
7644.59424 0.777412
7645.45508 0.777164
7646.31494 0.776908
7647.17480 0.776607
7648.03613 0.776264
7648.89600 0.775911
7649.75586 0.775575
7650.61621 0.775229
7651.47705 0.774798
7652.33691 0.774186
7653.19678 0.773307
7654.05713 0.772116
7654.91699 0.770611
7655.77686 0.768812
7656.63818 0.766752
7657.49805 0.764458
7658.35791 0.76197
7659.21777 0.759334
7660.07812 0.756598
7660.93799 0.753805
7661.79785 0.750977
7662.65820 0.748109
7663.51904 0.745169
7664.37793 0.742097
7665.23779 0.738816
7666.09912 0.735258
7666.95801 0.731397
7667.81787 0.727241
7668.67822 0.722814
7669.53809 0.718134
7670.39795 0.713184
7671.25781 0.707904
7672.11816 0.702234
7672.97803 0.696145
7673.83789 0.689636
7674.69824 0.682768
7675.55811 0.675623
7676.41699 0.668274
7677.27686 0.660762
7678.13721 0.653091
7678.99707 0.645216
7679.85596 0.637065
7680.71582 0.628566
7681.57617 0.619649
7682.43604 0.610275
7683.29492 0.600448
7684.15479 0.590204
7685.01514 0.579584
7685.87500 0.568634
7686.73389 0.557405
7687.59424 0.545954
7688.45312 0.534364
7689.31299 0.522745
7690.17188 0.511199
7691.03223 0.499789
7691.89209 0.488536
7692.75098 0.477404
7693.61084 0.466317
7694.47021 0.455212
7695.33008 0.444052
7696.18896 0.432839
7697.04883 0.421616
7697.90820 0.410444
7698.76807 0.399362
7699.62695 0.388379
7700.48584 0.377482
7701.34619 0.366632
7702.20508 0.355809
7703.06396 0.345041
7703.92383 0.334402
7704.78320 0.323991
7705.64307 0.313909
7706.50195 0.304211
7707.36084 0.294883
7708.22119 0.285865
7709.08008 0.277065
7709.93896 0.268397
7710.79785 0.259821
7711.65820 0.251357
7712.51709 0.243067
7713.37598 0.235038
7714.23486 0.227335
7715.09424 0.219983
7715.95410 0.21296
7716.81299 0.206226
7717.67188 0.19973
7718.53076 0.193436
7719.39014 0.187322
7720.24902 0.181375
7721.10791 0.175583
7721.96680 0.169943
7722.82617 0.164447
7723.68604 0.159092
7724.54395 0.153889
7725.40283 0.148862
7726.26221 0.14404
7727.12109 0.139453
7727.97998 0.135111
7728.83887 0.130986
7729.69824 0.127029
7730.55713 0.123188
7731.41602 0.119425
7732.27490 0.115735
7733.13379 0.112148
7733.99316 0.108696
7734.85205 0.105401
7735.70996 0.102272
7736.56885 0.099299
7737.42822 0.096461
7738.28711 0.093741
7739.14600 0.091124
7740.00391 0.088588
7740.86279 0.086115
7741.72217 0.083695
7742.58008 0.081321
7743.43896 0.079011
7744.29785 0.07679
7745.15576 0.074678
7746.01514 0.072677
7746.87402 0.070765
7747.73193 0.068902
7748.59082 0.06705
7749.45020 0.065203
7750.30811 0.06339
7751.16699 0.06166
7752.02490 0.060061
7752.88379 0.058612
7753.74219 0.057291
7754.60107 0.056049
7755.45898 0.054833
7756.31787 0.053596
7757.17578 0.052316
7758.03516 0.050988
7758.89307 0.049626
7759.75098 0.048255
7760.60986 0.04692
7761.46777 0.045669
7762.32715 0.044544
7763.18506 0.043565
7764.04297 0.042714
7764.90186 0.041943
7765.75977 0.041192
7766.61816 0.040418
7767.47705 0.039604
7768.33496 0.038763
7769.19287 0.037925
7770.05078 0.037117
7770.91016 0.036357
7771.76807 0.035654
7772.62598 0.035007
7773.48389 0.034407
7774.34180 0.033838
7775.20117 0.033278
7776.05908 0.032704
7776.91699 0.032098
7777.77490 0.031447
7778.63281 0.030747
7779.49121 0.030007
7780.34912 0.029244
7781.20801 0.028488
7782.06494 0.02777
7782.92285 0.027121
7783.78076 0.026555
7784.63916 0.026071
7785.49805 0.025654
7786.35498 0.025282
7787.21289 0.024932
7788.07080 0.024592
7788.92920 0.024258
7789.78711 0.023924
7790.64502 0.023582
7791.50293 0.023213
7792.36084 0.022795
7793.21924 0.022308
7794.07715 0.02175
7794.93408 0.021136
7795.79199 0.020501
7796.64990 0.019897
7797.50781 0.019374
7798.36523 0.018961
7799.22314 0.018658
7800.08105 0.018431
7800.93799 0.018231
7801.79590 0.018014
7802.65381 0.017759
7803.51221 0.017467
7804.37012 0.017155
7805.22705 0.016845
7806.08496 0.016553
7806.94189 0.016281
7807.79980 0.016019
7808.65820 0.015754
7809.51514 0.015472
7810.37305 0.015165
7811.22998 0.014841
7812.08789 0.014514
7812.94482 0.0142
7813.80322 0.013921
7814.66016 0.013693
7815.51807 0.013531
7816.37500 0.013436
7817.23291 0.013399
7818.08984 0.013394
7818.94824 0.013387
7819.80518 0.01334
7820.66309 0.013231
7821.52002 0.013055
7822.37695 0.012825
7823.23389 0.012565
7824.09180 0.012293
7824.94922 0.01202
7825.80713 0.01175
7826.66406 0.011489
7827.52100 0.011248
7828.37793 0.011035
7829.23486 0.010854
7830.09277 0.010691
7830.95020 0.010527
7831.80713 0.010342
7832.66504 0.010128
7833.52100 0.009887
7834.37891 0.009637
7835.23584 0.009397
7836.09277 0.009188
7836.95020 0.009019
7837.80713 0.008887
7838.66504 0.008776
7839.52100 0.008665
7840.37793 0.008539
7841.23486 0.008397
7842.09277 0.008252
7842.95020 0.008121
7843.80713 0.008014
7844.66406 0.007932
7845.52100 0.007864
7846.37695 0.007797
7847.23389 0.007724
7848.09082 0.007648
7848.94824 0.007575
7849.80518 0.007518
7850.66211 0.007478
7851.51904 0.00745
7852.37598 0.007419
7853.23193 0.007365
7854.08887 0.007275
7854.94580 0.007146
7855.80322 0.006987
7856.66016 0.006817
7857.51709 0.006661
7858.37402 0.006542
7859.22998 0.006477
7860.08691 0.006475
7860.94287 0.006529
7861.79980 0.006617
7862.65723 0.006712
7863.51416 0.006785
7864.37012 0.00681
7865.22705 0.006779
7866.08301 0.006695
7866.93994 0.006571
7867.79688 0.006421
7868.65283 0.006259
7869.50977 0.006094
7870.36719 0.005932
7871.22314 0.005779
7872.08008 0.005634
7872.93604 0.005496
7873.79199 0.005362
7874.64893 0.005229
7875.50488 0.005099
7876.36182 0.004975
7877.21777 0.004858
7878.07520 0.004749
7878.93115 0.004646
7879.78809 0.004552
7880.64404 0.004473
7881.50000 0.00442
7882.35693 0.004406
7883.21289 0.00444
7884.06885 0.004522
7884.92578 0.004644
7885.78223 0.004789
7886.63818 0.004931
7887.49512 0.005047
7888.35107 0.005119
7889.20703 0.005135
7890.06299 0.005092
7890.91895 0.004991
7891.77588 0.004839
7892.63184 0.004649
7893.48779 0.004445
7894.34424 0.004256
7895.20020 0.004113
7896.05713 0.004041
7896.91309 0.00405
7897.76904 0.00413
7898.62500 0.004253
7899.48096 0.004379
7900.33691 0.004471
7901.19287 0.004499
7902.04883 0.004451
7902.90479 0.004331
7903.76123 0.004161
8694.13770 0.0
