threeML/data/optical_filters/CAHA/CAHA-f_532_12.ecsv
# %ECSV 0.9
# ---
# datatype:
# - {name: wavelength, unit: Angstrom, datatype: float32}
# - {name: response, datatype: float32}
# meta: !!omap
# - {band_name: f_532_12}
# - {group_name: CAHA}
wavelength response
4602.26758 0.0
5113.63086 0.00435
5114.49414 0.004654
5115.35693 0.004852
5116.22021 0.004951
5117.08301 0.004976
5117.94580 0.004965
5118.80908 0.004948
5119.67188 0.004945
5120.53516 0.004954
5121.39795 0.004964
5122.26221 0.004952
5123.12500 0.004899
5123.98779 0.004793
5124.85107 0.004631
5125.71387 0.004431
5126.57715 0.004222
5127.43994 0.004043
5128.30420 0.003925
5129.16699 0.003887
5130.02979 0.003932
5130.89404 0.00405
5131.75684 0.004223
5132.62012 0.004429
5133.48291 0.004643
5134.34717 0.004844
5135.20996 0.005019
5136.07422 0.005164
5136.93701 0.005287
5137.79980 0.005392
5138.66406 0.00548
5139.52686 0.005541
5140.39111 0.005568
5141.25391 0.005559
5142.11816 0.005527
5142.98096 0.005502
5143.84521 0.005513
5144.70801 0.00558
5145.57178 0.005702
5146.43604 0.005861
5147.29883 0.00603
5148.16309 0.00618
5149.02588 0.006295
5149.89014 0.006368
5150.75293 0.006402
5151.61719 0.006404
5152.48096 0.00638
5153.34521 0.006335
5154.20801 0.006276
5155.07178 0.006223
5155.93604 0.006204
5156.79980 0.00625
5157.66406 0.006374
5158.52686 0.006568
5159.39111 0.006795
5160.25488 0.007009
5161.11914 0.00717
5161.98193 0.007257
5162.84717 0.007274
5163.70996 0.00725
5164.57422 0.007232
5165.43799 0.007267
5166.30176 0.007388
5167.16602 0.007592
5168.02979 0.007845
5168.89404 0.008101
5169.75781 0.008314
5170.62207 0.008463
5171.48584 0.008552
5172.35010 0.0086
5173.21387 0.008624
5174.07812 0.008632
5174.94189 0.008631
5175.80713 0.008634
5176.66992 0.008664
5177.53516 0.008746
5178.39893 0.008897
5179.26318 0.009113
5180.12695 0.009376
5180.99121 0.009662
5181.85498 0.009958
5182.72021 0.010254
5183.58398 0.010544
5184.44824 0.010812
5185.31299 0.011039
5186.17676 0.011213
5187.04102 0.011338
5187.90479 0.011442
5188.77002 0.011553
5189.63379 0.011694
5190.49902 0.011864
5191.36279 0.012044
5192.22705 0.012212
5193.09180 0.012354
5193.95605 0.01247
5194.81982 0.012576
5195.68506 0.012693
5196.54883 0.012839
5197.41406 0.013019
5198.27783 0.013225
5199.14307 0.013446
5200.00684 0.013666
5200.87207 0.013871
5201.73584 0.014048
5202.60107 0.014196
5203.46484 0.014334
5204.33008 0.014504
5205.19385 0.014767
5206.05908 0.015173
5206.92383 0.015742
5207.78906 0.016459
5208.65283 0.01727
5209.51807 0.018115
5210.38184 0.018939
5211.24707 0.019704
5212.11182 0.020394
5212.97705 0.021012
5213.84082 0.021575
5214.70605 0.022117
5215.56982 0.022679
5216.43506 0.023303
5217.29980 0.024024
5218.16504 0.02487
5219.02979 0.025856
5219.89502 0.02698
5220.75879 0.028228
5221.62402 0.029577
5222.48877 0.031003
5223.35400 0.032494
5224.21924 0.034049
5225.08301 0.035677
5225.94824 0.037398
5226.81299 0.039233
5227.67822 0.041204
5228.54297 0.043324
5229.40820 0.045596
5230.27295 0.048005
5231.13818 0.050543
5232.00293 0.053211
5232.86816 0.056037
5233.73291 0.059061
5234.59814 0.062322
5235.46289 0.065843
5236.32812 0.069624
5237.19287 0.07366
5238.05811 0.077958
5238.92285 0.082551
5239.78809 0.087502
5240.65283 0.092884
5241.51807 0.098772
5242.38281 0.105221
5243.24902 0.112258
5244.11377 0.119887
5244.97900 0.128098
5245.84424 0.136869
5246.70898 0.146176
5247.57422 0.155993
5248.43896 0.166309
5249.30518 0.177134
5250.16992 0.188512
5251.03516 0.200515
5251.89990 0.213224
5252.76611 0.2267
5253.63086 0.240968
5254.49609 0.25601
5255.36084 0.271787
5256.22705 0.288253
5257.09180 0.305357
5257.95801 0.323038
5258.82324 0.341197
5259.68799 0.359692
5260.55322 0.378334
5261.41797 0.396908
5262.28418 0.415215
5263.14893 0.433095
5264.01514 0.450455
5264.87988 0.467261
5265.74609 0.483507
5266.61084 0.499196
5267.47705 0.514302
5268.34180 0.528758
5269.20703 0.542459
5270.07324 0.555261
5270.93799 0.567024
5271.80420 0.577645
5272.66895 0.587097
5273.53516 0.595441
5274.39990 0.602794
5275.26611 0.609296
5276.13086 0.615062
5276.99707 0.620163
5277.86182 0.624631
5278.72803 0.628469
5279.59277 0.631681
5280.45898 0.6343
5281.32422 0.636389
5282.18994 0.638036
5283.05615 0.639319
5283.92090 0.640292
5284.78711 0.640984
5285.65186 0.641417
5286.51807 0.641636
5287.38379 0.641721
5288.25000 0.641762
5289.11523 0.641848
5289.97998 0.642042
5290.84619 0.642378
5291.71191 0.642862
5292.57812 0.643489
5293.44287 0.64423
5294.30908 0.645035
5295.17480 0.645846
5296.04102 0.646613
5296.90576 0.647319
5297.77197 0.64799
5298.63818 0.648681
5299.50293 0.649443
5300.36914 0.650303
5301.23486 0.651254
5302.10107 0.652262
5302.96680 0.653288
5303.83301 0.654307
5304.69824 0.655319
5305.56396 0.656335
5306.43018 0.657364
5307.29590 0.658398
5308.16211 0.659424
5309.02686 0.660433
5309.89404 0.661439
5310.75879 0.662487
5311.62500 0.663628
5312.49121 0.664924
5313.35693 0.666422
5314.22314 0.668145
5315.08887 0.670077
5315.95508 0.672161
5316.82080 0.674318
5317.68701 0.676463
5318.55176 0.67853
5319.41797 0.680477
5320.28418 0.682275
5321.14990 0.683907
5322.01611 0.685362
5322.88184 0.686648
5323.74805 0.687788
5324.61377 0.68882
5325.47998 0.689777
5326.34619 0.69068
5327.21191 0.691527
5328.07812 0.692313
5328.94385 0.693037
5329.81104 0.693717
5330.67578 0.694389
5331.54199 0.695099
5332.40918 0.695891
5333.27393 0.696795
5334.14111 0.697835
5335.00684 0.699014
5335.87305 0.700307
5336.73877 0.701659
5337.60498 0.702998
5338.47119 0.70425
5339.33691 0.70536
5340.20312 0.706304
5341.06885 0.7071
5341.93604 0.707801
5342.80176 0.708495
5343.66797 0.709266
5344.53418 0.71016
5345.39990 0.711161
5346.26611 0.712195
5347.13184 0.713156
5347.99902 0.713933
5348.86523 0.714435
5349.73096 0.714597
5350.59717 0.714375
5351.46289 0.71374
5352.33008 0.712678
5353.19580 0.71118
5354.06201 0.709245
5354.92822 0.706878
5355.79395 0.704063
5356.66113 0.700752
5357.52686 0.696839
5358.39307 0.692178
5359.25879 0.68662
5360.12500 0.68006
5360.99219 0.672481
5361.85791 0.663931
5362.72412 0.654509
5363.59082 0.644295
5364.45703 0.633319
5365.32324 0.621559
5366.18896 0.608955
5367.05615 0.595455
5367.92188 0.58104
5368.78809 0.565727
5369.65479 0.549578
5370.52100 0.532669
5371.38721 0.515099
5372.25293 0.496982
5373.12012 0.478452
5373.98584 0.459666
5374.85303 0.440789
5375.71924 0.421977
5376.58496 0.403357
5377.45215 0.385006
5378.31787 0.366957
5379.18408 0.349222
5380.05078 0.331813
5380.91699 0.314781
5381.78320 0.298208
5382.64990 0.2822
5383.51611 0.266859
5384.38184 0.252249
5385.24902 0.238389
5386.11523 0.225247
5386.98193 0.212764
5387.84814 0.20088
5388.71387 0.189558
5389.58105 0.178797
5390.44678 0.168614
5391.31396 0.159029
5392.18018 0.150049
5393.04590 0.141656
5393.91309 0.133819
5394.77881 0.126484
5395.64600 0.119598
5396.51221 0.113112
5397.37891 0.10699
5398.24512 0.101216
5399.11182 0.095774
5399.97803 0.090648
5400.84521 0.085815
5401.71094 0.081258
5402.57812 0.076961
5403.44385 0.07292
5404.31104 0.069133
5405.17676 0.065599
5406.04297 0.062306
5406.91016 0.059237
5407.77588 0.056362
5408.64307 0.053651
5409.50879 0.051078
5410.37598 0.048628
5411.24219 0.046297
5412.10889 0.044086
5412.97510 0.041999
5413.84180 0.040031
5414.70801 0.038173
5415.57520 0.036414
5416.44092 0.034744
5417.30811 0.033161
5418.17383 0.031668
5419.04102 0.030274
5419.90723 0.028973
5420.77393 0.027754
5421.64014 0.026598
5422.50684 0.025491
5423.37402 0.024431
5424.24023 0.023427
5425.10596 0.022497
5425.97314 0.021656
5426.83887 0.020911
5427.70605 0.020254
5428.57324 0.019665
5429.43896 0.019119
5430.30615 0.018587
5431.17188 0.018053
5432.03906 0.017511
5432.90479 0.016966
5433.77197 0.016428
5434.63818 0.015904
5435.50488 0.015402
5436.37207 0.014927
5437.23779 0.014484
5438.10400 0.014075
5438.97119 0.013703
5439.83789 0.013366
5440.70410 0.013056
5441.57080 0.012759
5442.43799 0.012464
5443.30420 0.01216
5444.16992 0.011843
5445.03711 0.011518
5445.90381 0.011192
5446.77100 0.01087
5447.63721 0.010554
5448.50293 0.010243
5449.37012 0.009932
5450.23584 0.009623
5451.10303 0.009323
5451.97021 0.009043
5452.83594 0.008795
5453.70312 0.008585
5454.56885 0.008415
5455.43604 0.008282
5456.30322 0.008179
5457.16895 0.008096
5458.03613 0.008019
5458.90186 0.007933
5459.76904 0.007824
5460.63477 0.007685
5461.50195 0.007515
5462.36914 0.007325
5463.23486 0.007129
5464.10205 0.006941
5464.96777 0.006769
5465.83496 0.00661
5466.70215 0.006456
5467.56787 0.006299
5468.43506 0.006133
5469.30078 0.005961
5470.16797 0.005789
5471.03516 0.005626
5471.90088 0.005479
5472.76807 0.005348
5473.63379 0.005232
5474.50098 0.005125
5475.36719 0.00502
5476.23389 0.004913
5477.10107 0.004801
5477.96680 0.004688
5478.83301 0.004584
5479.70020 0.004502
5480.56689 0.004449
5481.43408 0.004428
5482.29980 0.004433
5483.16699 0.004456
5484.03320 0.004482
5484.89990 0.004498
5485.76611 0.004487
5486.63281 0.004436
5487.50000 0.004343
5488.36621 0.00422
5489.23193 0.004093
6038.15527 0.0
