threeML/data/optical_filters/CAHA/CAHA-f_664_114.ecsv
# %ECSV 0.9
# ---
# datatype:
# - {name: wavelength, unit: Angstrom, datatype: float32}
# - {name: response, datatype: float32}
# meta: !!omap
# - {band_name: f_664_114}
# - {group_name: CAHA}
wavelength response
4890.22803 0.0
5433.58691 0.004004
5436.84180 0.004085
5440.09619 0.004167
5443.35107 0.004248
5446.60498 0.00433
5449.85986 0.004411
5453.11523 0.004493
5456.37012 0.004575
5459.62500 0.004656
5462.87988 0.004738
5466.13477 0.004819
5469.39111 0.004901
5472.64600 0.004982
5475.90088 0.005064
5479.15723 0.005146
5482.41211 0.005227
5485.66699 0.005309
5488.92285 0.00539
5492.17920 0.005472
5495.43506 0.005553
5498.69092 0.005635
5501.94678 0.005717
5505.20312 0.005798
5508.45898 0.00588
5511.71484 0.005961
5514.97119 0.006043
5518.22803 0.006124
5521.48389 0.006206
5524.74121 0.006288
5527.99707 0.006369
5531.25391 0.006451
5534.51123 0.006532
5537.76709 0.006614
5541.02393 0.006695
5544.28076 0.006777
5547.53809 0.006859
5550.79492 0.00694
5554.05176 0.007022
5557.31006 0.007103
5560.56689 0.007185
5563.82520 0.007266
5567.08203 0.007348
5570.33887 0.007429
5573.59717 0.007511
5576.85498 0.007593
5580.11279 0.007674
5583.37109 0.007756
5586.62793 0.008097
5589.88721 0.008188
5593.14502 0.008305
5596.40283 0.008444
5599.66113 0.008596
5602.91895 0.008755
5606.17822 0.008911
5609.43701 0.009057
5612.69482 0.009186
5615.95410 0.009291
5619.21191 0.009367
5622.47119 0.009412
5625.72998 0.009425
5628.98877 0.009407
5632.24805 0.009365
5635.50684 0.009307
5638.76611 0.009248
5642.02490 0.009201
5645.28516 0.009181
5648.54395 0.009199
5651.80322 0.009262
5655.06299 0.00937
5658.32324 0.009518
5661.58301 0.009697
5664.84180 0.009896
5668.10205 0.010104
5671.36182 0.01031
5674.62207 0.010507
5677.88184 0.01069
5681.14209 0.010855
5684.40186 0.011
5687.66309 0.011125
5690.92285 0.011229
5694.18408 0.011313
5697.44385 0.011377
5700.70508 0.011422
5703.96484 0.011448
5707.22607 0.011456
5710.48682 0.011447
5713.74805 0.011426
5717.00879 0.011397
5720.27002 0.011363
5723.53076 0.011328
5726.79199 0.011295
5730.05420 0.011265
5733.31494 0.01124
5736.57715 0.011221
5739.83789 0.011209
5743.10010 0.011209
5746.36084 0.011224
5749.62305 0.011257
5752.88477 0.01131
5756.14600 0.011383
5759.40918 0.011473
5762.67090 0.011577
5765.93311 0.011688
5769.19482 0.0118
5772.45801 0.011911
5775.72021 0.012018
5778.98193 0.01212
5782.24512 0.012218
5785.50684 0.012313
5788.77002 0.012403
5792.03320 0.012489
5795.29492 0.012568
5798.55908 0.01264
5801.82080 0.012705
5805.08398 0.012766
5808.34814 0.012827
5811.61084 0.012893
5814.87402 0.012968
5818.13721 0.013056
5821.40088 0.013159
5824.66504 0.01328
5827.92822 0.01342
5831.19189 0.013579
5834.45605 0.013756
5837.71924 0.013948
5840.98291 0.01415
5844.24707 0.014356
5847.51123 0.014562
5850.77490 0.014762
5854.04004 0.014958
5857.30420 0.015154
5860.56787 0.01536
5863.83301 0.015586
5867.09717 0.015849
5870.36084 0.016162
5873.62598 0.016536
5876.89111 0.016982
5880.15576 0.017509
5883.41992 0.018127
5886.68604 0.018846
5889.95117 0.019682
5893.21582 0.020649
5896.48096 0.021767
5899.74609 0.023054
5903.01123 0.024528
5906.27686 0.026208
5909.54199 0.028109
5912.80811 0.030249
5916.07422 0.032641
5919.33887 0.035303
5922.60498 0.038251
5925.87109 0.041507
5929.13721 0.045096
5932.40283 0.049047
5935.66895 0.053391
5938.93506 0.058155
5942.20117 0.063363
5945.46777 0.069027
5948.73389 0.075151
5952.00000 0.081728
5955.26709 0.088747
5958.53418 0.096192
5961.79980 0.104051
5965.06689 0.112313
5968.33398 0.120974
5971.60107 0.13003
5974.86816 0.139474
5978.13477 0.149287
5981.40186 0.159442
5984.66895 0.169897
5987.93701 0.180605
5991.20410 0.191514
5994.47217 0.202581
5997.73877 0.213771
6001.00684 0.225062
6004.27490 0.236438
6007.54199 0.247889
6010.81006 0.259398
6014.07812 0.270943
6017.34619 0.282486
6020.61377 0.29398
6023.88184 0.30537
6027.15088 0.3166
6030.41895 0.327616
6033.68799 0.338373
6036.95605 0.348841
6040.22510 0.358998
6043.49316 0.36884
6046.76221 0.378374
6050.02979 0.387618
6053.29883 0.396599
6056.56787 0.405347
6059.83691 0.413894
6063.10596 0.422272
6066.37500 0.430506
6069.64502 0.438613
6072.91406 0.446606
6076.18311 0.454495
6079.45312 0.462284
6082.72217 0.469985
6085.99219 0.477607
6089.26221 0.485168
6092.53076 0.492688
6095.80078 0.500189
6099.07080 0.507686
6102.34082 0.515191
6105.61084 0.522712
6108.88086 0.530242
6112.15088 0.537783
6115.42188 0.545325
6118.69189 0.552868
6121.96191 0.560409
6125.23291 0.567945
6128.50391 0.575474
6131.77393 0.582992
6135.04492 0.590488
6138.31592 0.597953
6141.58691 0.605376
6144.85791 0.612741
6148.12891 0.62004
6151.39990 0.627264
6154.67090 0.634407
6157.94189 0.641466
6161.21387 0.648435
6164.48486 0.655306
6167.75684 0.662064
6171.02783 0.668684
6174.29980 0.67513
6177.57178 0.681353
6180.84424 0.687303
6184.11523 0.692923
6187.38721 0.698163
6190.66016 0.702977
6193.93213 0.707335
6197.20410 0.711218
6200.47607 0.714615
6203.74902 0.717529
6207.02100 0.719965
6210.29297 0.721942
6213.56592 0.72348
6216.83789 0.724618
6220.11084 0.725396
6223.38379 0.725867
6226.65723 0.726086
6229.93018 0.72611
6233.20312 0.725992
6236.47607 0.725777
6239.75000 0.725501
6243.02197 0.72519
6246.29590 0.724859
6249.56885 0.724518
6252.84277 0.724173
6256.11621 0.723831
6259.39014 0.7235
6262.66406 0.723197
6265.93799 0.722943
6269.21094 0.722766
6272.48486 0.722699
6275.75879 0.722767
6279.03320 0.722994
6282.30811 0.72339
6285.58203 0.723953
6288.85596 0.724674
6292.12988 0.725536
6295.40479 0.726512
6298.68018 0.727579
6301.95410 0.728714
6305.22900 0.729901
6308.50391 0.731127
6311.77881 0.732392
6315.05420 0.733699
6318.32910 0.735056
6321.60400 0.736463
6324.87891 0.737914
6328.15381 0.739388
6331.42920 0.740842
6334.70508 0.742225
6337.97998 0.743474
6341.25586 0.744534
6344.53076 0.745364
6347.80713 0.745948
6351.08301 0.746289
6354.35889 0.746414
6357.63477 0.746363
6360.91113 0.746184
6364.18701 0.745924
6367.46289 0.745635
6370.73877 0.745368
6374.01611 0.745187
6377.29199 0.74516
6380.56787 0.74537
6383.84521 0.745901
6387.12207 0.746834
6390.39795 0.748232
6393.67480 0.750124
6396.95215 0.752512
6400.22900 0.75535
6403.50488 0.75856
6406.78320 0.762041
6410.06006 0.765675
6413.33691 0.76934
6416.61377 0.772911
6419.89209 0.776275
6423.16895 0.779335
6426.44678 0.782018
6429.72510 0.78429
6433.00195 0.786164
6436.27979 0.787689
6439.55811 0.788959
6442.83496 0.790082
6446.11279 0.791171
6449.39209 0.792324
6452.66992 0.793614
6455.94824 0.795081
6459.22607 0.796741
6462.50391 0.798588
6465.78320 0.800613
6469.06201 0.802804
6472.33984 0.805153
6475.61914 0.807657
6478.89697 0.810317
6482.17578 0.813125
6485.45508 0.816066
6488.73389 0.819115
6492.01318 0.822232
6495.29199 0.825369
6498.57178 0.828464
6501.85107 0.831446
6505.12988 0.834244
6508.41016 0.836788
6511.68896 0.839017
6514.96924 0.840897
6518.24902 0.842418
6521.52783 0.843598
6524.80811 0.844476
6528.08789 0.845105
6531.36816 0.845538
6534.64795 0.845817
6537.92822 0.845971
6541.20801 0.846015
6544.48779 0.845951
6547.76904 0.845782
6551.04883 0.845507
6554.33008 0.845126
6557.60986 0.844642
6560.89111 0.84405
6564.17188 0.843337
6567.45312 0.842482
6570.73291 0.841455
6574.01416 0.840226
6577.29492 0.838772
6580.57715 0.837074
6583.85791 0.835133
6587.13916 0.832962
6590.41992 0.830588
6593.70215 0.828052
6596.98291 0.825404
6600.26514 0.8227
6603.54590 0.819997
6606.82812 0.817344
6610.10986 0.814778
6613.39209 0.812321
6616.67383 0.809976
6619.95605 0.807736
6623.23779 0.80559
6626.52002 0.803525
6629.80176 0.801543
6633.08398 0.799654
6636.36719 0.797886
6639.64893 0.796271
6642.93213 0.794847
6646.21484 0.793645
6649.49805 0.792685
6652.77979 0.791976
6656.06299 0.791516
6659.34619 0.791287
6662.62891 0.791269
6665.91211 0.791434
6669.19482 0.79175
6672.47900 0.792186
6675.76221 0.792706
6679.04492 0.793275
6682.32910 0.793862
6685.61182 0.794439
6688.89600 0.794994
6692.18018 0.795528
6695.46289 0.796058
6698.74707 0.796618
6702.03076 0.797247
6705.31494 0.797988
6708.59912 0.798879
6711.88281 0.799949
6715.16699 0.801215
6718.45215 0.802679
6721.73584 0.80433
6725.02100 0.806144
6728.30518 0.80809
6731.58984 0.810128
6734.87500 0.812223
6738.15918 0.81434
6741.44385 0.816455
6744.72900 0.818546
6748.01416 0.8206
6751.29883 0.8226
6754.58398 0.82453
6757.87012 0.826366
6761.15479 0.828082
6764.43994 0.829654
6767.72607 0.831066
6771.01123 0.832313
6774.29688 0.833406
6777.58301 0.834367
6780.86816 0.835226
6784.15381 0.836015
6787.43994 0.836762
6790.72607 0.837485
6794.01221 0.838197
6797.29785 0.838899
6800.58398 0.839591
6803.87109 0.840271
6807.15723 0.840935
6810.44287 0.841588
6813.72998 0.842234
6817.01709 0.842888
6820.30322 0.843564
6823.58984 0.844273
6826.87695 0.845022
6830.16406 0.845813
6833.45117 0.846634
6836.73779 0.847469
6840.02490 0.848293
6843.31201 0.849071
6846.59912 0.849769
6849.88721 0.850344
6853.17383 0.850754
6856.46094 0.850959
6859.75000 0.850928
6863.03711 0.850632
6866.32520 0.850053
6869.61279 0.849185
6872.89990 0.848025
6876.18799 0.84658
6879.47705 0.844863
6882.76514 0.842893
6886.05322 0.840693
6889.34082 0.838293
6892.62891 0.835726
6895.91797 0.833028
6899.20703 0.830231
6902.49512 0.827365
6905.78418 0.824453
6909.07178 0.821509
6912.36084 0.818539
6915.64990 0.815542
6918.93896 0.812513
6922.22803 0.80944
6925.51709 0.806314
6928.80615 0.803124
6932.09619 0.799867
6935.38477 0.796545
6938.67383 0.793169
6941.96387 0.789755
6945.25293 0.78632
6948.54297 0.782875
6951.83301 0.779432
6955.12305 0.775995
6958.41211 0.772571
6961.70215 0.769167
6964.99219 0.765801
6968.28223 0.762492
6971.57324 0.759266
6974.86279 0.756147
6978.15283 0.753153
6981.44385 0.750298
6984.73389 0.747586
6988.02393 0.745018
6991.31494 0.742595
6994.60596 0.740317
6997.89697 0.738191
7001.18799 0.736226
7004.47900 0.734435
7007.77002 0.732832
7011.06104 0.731429
7014.35205 0.730235
7017.64307 0.72926
7020.93506 0.728513
7024.22607 0.728
7027.51709 0.727733
7030.80908 0.727723
7034.10107 0.727984
7037.39209 0.728529
7040.68408 0.729367
7043.97607 0.730504
7047.26807 0.731939
7050.56006 0.733664
7053.85205 0.735668
7057.14404 0.737929
7060.43604 0.740423
7063.72900 0.743114
7067.02100 0.745957
7070.31299 0.748902
7073.60596 0.751891
7076.89795 0.754867
7080.19092 0.757782
7083.48389 0.7606
7086.77686 0.763313
7090.06982 0.76593
7093.36279 0.768484
7096.65576 0.77102
7099.94922 0.773576
7103.24219 0.77617
7106.53613 0.778784
7109.82910 0.781355
7113.12207 0.783782
7116.41602 0.785926
7119.70898 0.787635
7123.00293 0.788748
7126.29688 0.789115
7129.59082 0.788594
7132.88477 0.787048
7136.17920 0.784339
7139.47314 0.780319
7142.76709 0.774827
7146.06104 0.767701
7149.35498 0.758791
7152.64893 0.747981
7155.94385 0.735212
7159.23779 0.720496
7162.53320 0.70392
7165.82812 0.685637
7169.12305 0.665855
7172.41699 0.644815
7175.71191 0.622765
7179.00684 0.599954
7182.30176 0.576603
7185.59814 0.552912
7188.89307 0.529048
7192.18799 0.50515
7195.48291 0.481333
7198.77881 0.457697
7202.07422 0.43434
7205.37012 0.411366
7208.66602 0.38889
7211.96094 0.367044
7215.25684 0.345968
7218.55322 0.325797
7221.84912 0.306651
7225.14502 0.288619
7228.44092 0.271751
7231.73682 0.256056
7235.03418 0.241508
7238.33008 0.228054
7241.62598 0.215621
7244.92285 0.20413
7248.21924 0.193497
7251.51611 0.183642
7254.81299 0.174486
7258.10889 0.165961
7261.40576 0.158001
7264.70410 0.15055
7268.00000 0.14356
7271.29688 0.136991
7274.59521 0.130804
7277.89209 0.124972
7281.18896 0.119467
7284.48682 0.114269
7287.78418 0.10936
7291.08203 0.104727
7294.37891 0.100358
7297.67676 0.096245
7300.97510 0.09238
7304.27295 0.088754
7307.57080 0.085354
7310.86914 0.08217
7314.16699 0.079186
7317.46484 0.076384
7320.76318 0.073749
7324.06201 0.07126
7327.35986 0.0689
7330.65918 0.066651
7333.95703 0.064498
7337.25586 0.062426
7340.55518 0.060421
7343.85400 0.058474
7347.15186 0.056574
7350.45117 0.054717
7353.75000 0.052899
7357.04883 0.051119
7360.34814 0.049378
7363.64697 0.047678
7366.94678 0.046021
7370.24609 0.04441
7373.54590 0.042845
7376.84521 0.041326
7380.14502 0.039853
7383.44482 0.038425
7386.74512 0.037041
7390.04395 0.035704
7393.34424 0.034416
7396.64404 0.033181
7399.94385 0.032001
7403.24512 0.03088
7406.54492 0.029817
7409.84521 0.028808
7413.14600 0.02785
7416.44580 0.026934
7419.74707 0.026056
7423.04688 0.025211
7426.34814 0.024394
7429.64795 0.023605
7432.94922 0.022844
7436.25000 0.022113
7439.55078 0.021413
7442.85205 0.020747
7446.15283 0.020117
7449.45508 0.019525
7452.75586 0.018972
7456.05811 0.018458
7459.35889 0.017982
7462.66016 0.01754
7465.96191 0.017129
7469.26416 0.016744
7472.56494 0.016379
7475.86719 0.01603
7479.16895 0.015693
7482.47119 0.015365
7485.77295 0.015046
7489.07520 0.014735
7492.37695 0.014431
7495.68018 0.014136
7498.98193 0.013848
7502.28516 0.013569
7505.58691 0.013298
7508.89014 0.013038
7512.19189 0.012791
7515.49512 0.012558
7518.79785 0.01234
7522.10107 0.012139
7525.40381 0.01195
7528.70703 0.011771
7532.00977 0.011597
7535.31299 0.011423
7538.61621 0.011247
7541.91992 0.011066
7545.22314 0.010881
7548.52686 0.010692
7551.83105 0.0105
7555.13379 0.01031
7558.43799 0.010121
7561.74219 0.009936
7565.04492 0.009756
7568.35010 0.009585
7571.65283 0.009424
7574.95801 0.009277
7578.26221 0.009144
7581.56592 0.009028
7584.87109 0.008929
7588.17480 0.008845
7591.47900 0.008773
7594.78418 0.00871
7598.08887 0.00865
7601.39404 0.008588
7604.69824 0.008519
7608.00293 0.008439
7611.30811 0.008348
7614.61279 0.008245
7617.91797 0.008134
7621.22314 0.008019
7624.52881 0.007906
7627.83398 0.007801
7631.14014 0.007709
7634.44482 0.007633
7637.75000 0.007573
7641.05615 0.007528
7644.36182 0.007497
7647.66699 0.007473
7650.97314 0.007455
7654.27881 0.007437
7657.58496 0.007416
7660.89209 0.007392
7664.19824 0.007362
7667.50391 0.007328
7670.81006 0.007289
7674.11719 0.007248
7677.42285 0.007205
7680.72998 0.007161
7684.03613 0.007118
7687.34277 0.007077
7690.64990 0.007038
7693.95703 0.007001
7697.26416 0.006969
7700.57080 0.006939
7703.87793 0.006911
7707.18506 0.006881
7710.49219 0.006845
7713.79883 0.006798
7717.10693 0.006737
7720.41504 0.00666
7723.72217 0.006566
7727.02979 0.006457
7730.33691 0.00634
7733.64502 0.006218
7736.95312 0.006097
7740.26123 0.005982
7743.56885 0.005875
7746.87695 0.005777
7750.18506 0.00569
7753.49316 0.005611
7756.80176 0.005542
7760.10986 0.005482
7763.41797 0.005432
7766.72705 0.00539
7770.03613 0.005357
7773.34424 0.00533
7776.65283 0.005305
7779.96191 0.005277
7783.27100 0.005241
7786.58008 0.005195
7789.88916 0.005137
7793.19824 0.005067
7796.50684 0.00499
7799.81592 0.004908
7803.12598 0.004826
7806.43604 0.004748
7809.74512 0.004674
7813.05518 0.004607
7816.36377 0.004546
7819.67383 0.004489
7822.98389 0.004438
7826.29297 0.004391
7829.60400 0.004348
7832.91406 0.004311
7836.22412 0.004279
7839.53418 0.004252
7842.84424 0.00423
7846.15479 0.004211
7849.46484 0.004194
7852.77588 0.004178
7856.08594 0.004161
7859.39697 0.004141
7862.70801 0.004119
7866.01904 0.004093
7869.33008 0.004063
7872.64014 0.004029
8659.90430 0.0
