threeML/data/optical_filters/CAHA/CAHA-f_631_1.ecsv
# %ECSV 0.9
# ---
# datatype:
# - {name: wavelength, unit: Angstrom, datatype: float32}
# - {name: response, datatype: float32}
# meta: !!omap
# - {band_name: f_631_1}
# - {group_name: CAHA}
wavelength response
5666.81396 0.0
6296.45996 0.004158
6296.72021 0.004303
6296.97998 0.004684
6297.24023 0.004532
6297.50000 0.004824
6297.75977 0.005106
6298.02002 0.005358
6298.29004 0.005512
6298.54980 0.005715
6298.81006 0.00593
6299.06982 0.006281
6299.33008 0.006514
6299.58984 0.006987
6299.85010 0.007442
6300.10986 0.007888
6300.37988 0.008243
6300.64014 0.008644
6300.89990 0.009203
6301.16016 0.009879
6301.41992 0.010473
6301.68018 0.011318
6301.93994 0.01176
6302.20020 0.012677
6302.45996 0.013858
6302.72998 0.0148
6302.99023 0.015427
6303.25000 0.017153
6303.50977 0.01837
6303.77002 0.020124
6304.02979 0.021172
6304.29004 0.02303
6304.54980 0.025563
6304.81982 0.027898
6305.08008 0.029407
6305.33984 0.032511
6305.60010 0.036869
6305.85986 0.040678
6306.12012 0.043673
6306.37988 0.047551
6306.64014 0.054426
6306.89990 0.061167
6307.16992 0.066776
6307.43018 0.072989
6307.68994 0.083085
6307.95020 0.094116
6308.20996 0.105602
6308.47021 0.114975
6308.72998 0.130416
6308.99023 0.150221
6309.25977 0.166479
6309.52002 0.182963
6309.77979 0.203732
6310.04004 0.229986
6310.29980 0.25637
6310.56006 0.278536
6310.81982 0.30454
6311.08008 0.334739
6311.35010 0.364462
6311.60986 0.387431
6311.87012 0.411026
6312.12988 0.436048
6312.39014 0.463869
6312.64990 0.483249
6312.91016 0.497455
6313.16992 0.513893
6313.43018 0.531633
6313.70020 0.54418
6313.95996 0.549915
6314.22021 0.560193
6314.47998 0.568232
6314.74023 0.576816
6315.00000 0.581708
6315.25977 0.583383
6315.52002 0.590734
6315.79004 0.595524
6316.04980 0.596465
6316.31006 0.59824
6316.56982 0.607736
6316.83008 0.609967
6317.08984 0.607705
6317.35010 0.607985
6317.60986 0.608637
6317.87988 0.605268
6318.14014 0.593954
6318.39990 0.584219
6318.66016 0.573617
6318.91992 0.555246
6319.18018 0.53049
6319.43994 0.508542
6319.70020 0.485449
6319.95996 0.454085
6320.22998 0.418364
6320.49023 0.390135
6320.75000 0.363033
6321.00977 0.329079
6321.27002 0.296887
6321.52979 0.269016
6321.79004 0.242836
6322.04980 0.217425
6322.31982 0.192724
6322.58008 0.171654
6322.83984 0.154869
6323.10010 0.13715
6323.35986 0.120342
6323.62012 0.106207
6323.87988 0.096176
6324.14014 0.086106
6324.41016 0.076474
6324.66992 0.068097
6324.93018 0.061405
6325.18994 0.055122
6325.45020 0.050076
6325.70996 0.044779
6325.97021 0.040744
6326.22998 0.037048
6326.49023 0.033357
6326.75977 0.030511
6327.02002 0.02769
6327.27979 0.025811
6327.54004 0.023717
6327.79980 0.021547
6328.06006 0.02027
6328.31982 0.018447
6328.58008 0.017388
6328.85010 0.016085
6329.10986 0.015149
6329.37012 0.01378
6329.62988 0.01288
6329.89014 0.012316
6330.14990 0.011406
6330.41016 0.010939
6330.66992 0.010128
6330.93994 0.009741
6331.20020 0.009056
6331.45996 0.008485
6331.72021 0.008072
6331.97998 0.007746
6332.24023 0.007267
6332.50000 0.007046
6332.75977 0.006649
6333.02002 0.006313
6333.29004 0.006073
6333.54980 0.005865
6333.81006 0.005653
6334.06982 0.00545
6334.33008 0.005057
6334.58984 0.004763
6334.85010 0.004585
6335.10986 0.004578
6335.37988 0.004425
6335.64014 0.004349
6335.89990 0.004045
6969.48975 0.0
