threeML/data/optical_filters/CAHA/CAHA-f_520_11.ecsv
# %ECSV 0.9
# ---
# datatype:
# - {name: wavelength, unit: Angstrom, datatype: float32}
# - {name: response, datatype: float32}
# meta: !!omap
# - {band_name: f_520_11}
# - {group_name: CAHA}
wavelength response
4552.01123 0.0
5057.79004 0.004136
5058.04980 0.004061
5058.31006 0.003687
5058.56982 0.003662
5058.83008 0.004096
5059.08984 0.003602
5059.35010 0.003677
5059.60986 0.003835
5059.87012 0.004026
5060.12012 0.003564
5060.37988 0.003939
5060.64014 0.00395
5060.89990 0.004156
5061.16016 0.003933
5061.41992 0.003403
5061.68018 0.003853
5061.93994 0.003656
5062.20020 0.004297
5062.45996 0.004005
5062.72021 0.004245
5062.97998 0.004334
5063.24023 0.004253
5063.50000 0.00439
5063.75977 0.004226
5064.02002 0.004088
5064.27979 0.004479
5064.54004 0.004046
5064.79980 0.004008
5065.06006 0.004169
5065.31982 0.004509
5065.58008 0.004275
5065.83984 0.00445
5066.10010 0.004474
5066.35986 0.004034
5066.62012 0.004493
5066.87988 0.0044
5067.14014 0.004344
5067.39990 0.004714
5067.66016 0.004528
5067.91992 0.004682
5068.18018 0.004421
5068.43994 0.00445
5068.70020 0.004853
5068.95020 0.00473
5069.20996 0.004501
5069.47021 0.004832
5069.72998 0.004642
5069.99023 0.004785
5070.25000 0.004722
5070.50977 0.005015
5070.77002 0.004565
5071.02979 0.005032
5071.29004 0.00532
5071.54980 0.005165
5071.81006 0.004885
5072.06982 0.005056
5072.33008 0.005251
5072.58984 0.005322
5072.85010 0.004838
5073.10986 0.005364
5073.37012 0.005323
5073.62988 0.005298
5073.89014 0.005196
5074.14990 0.005293
5074.41016 0.005656
5074.66992 0.005704
5074.93018 0.005605
5075.18994 0.005736
5075.45020 0.005788
5075.70996 0.005539
5075.97021 0.005598
5076.22998 0.005715
5076.49023 0.005737
5076.75000 0.005867
5077.00977 0.005777
5077.27002 0.006179
5077.52002 0.005849
5077.77979 0.006076
5078.04004 0.005955
5078.29980 0.006232
5078.56006 0.006017
5078.81982 0.005952
5079.08008 0.006059
5079.33984 0.006499
5079.60010 0.006644
5079.85986 0.006445
5080.12012 0.006321
5080.37988 0.006661
5080.64014 0.006454
5080.89990 0.00687
5081.16016 0.006895
5081.41992 0.006555
5081.68018 0.007202
5081.93994 0.00691
5082.20020 0.006802
5082.45996 0.006788
5082.72021 0.006964
5082.97998 0.007526
5083.24023 0.007067
5083.50000 0.007103
5083.75977 0.007285
5084.02002 0.006991
5084.27979 0.006851
5084.54004 0.007184
5084.79980 0.007623
5085.06006 0.007381
5085.31982 0.007754
5085.58008 0.007753
5085.83984 0.007873
5086.10010 0.007803
5086.35010 0.007829
5086.60986 0.007832
5086.87012 0.00804
5087.12988 0.008474
5087.39014 0.008484
5087.64990 0.008512
5087.91016 0.008186
5088.16992 0.00859
5088.43018 0.008398
5088.68994 0.008269
5088.95020 0.00845
5089.20996 0.008732
5089.47021 0.009059
5089.72998 0.008887
5089.99023 0.00875
5090.25000 0.009303
5090.50977 0.009228
5090.77002 0.009287
5091.02979 0.009673
5091.29004 0.008985
5091.54980 0.009703
5091.81006 0.009996
5092.06982 0.009571
5092.33008 0.009727
5092.58984 0.009949
5092.85010 0.00969
5093.10986 0.010318
5093.37012 0.010536
5093.62988 0.010453
5093.89014 0.01028
5094.14990 0.01081
5094.41016 0.010492
5094.66992 0.010437
5094.91992 0.010718
5095.18018 0.01141
5095.43994 0.011039
5095.70020 0.01155
5095.95996 0.011496
5096.22021 0.011527
5096.47998 0.011998
5096.74023 0.011752
5097.00000 0.011866
5097.25977 0.012163
5097.52002 0.012623
5097.77979 0.012472
5098.04004 0.012924
5098.29980 0.012969
5098.56006 0.012983
5098.81982 0.012956
5099.08008 0.012756
5099.33984 0.013802
5099.60010 0.01377
5099.85986 0.014214
5100.12012 0.013713
5100.37988 0.014168
5100.64014 0.014663
5100.89990 0.014984
5101.16016 0.015061
5101.41992 0.014812
5101.68018 0.015147
5101.93994 0.015583
5102.20020 0.015897
5102.45996 0.016473
5102.72021 0.015866
5102.97998 0.016071
5103.24023 0.015659
5103.50000 0.015697
5103.75000 0.017179
5104.00977 0.016782
5104.27002 0.017061
5104.52979 0.017517
5104.79004 0.017824
5105.04980 0.018388
5105.31006 0.017972
5105.56982 0.018349
5105.83008 0.018284
5106.08984 0.019138
5106.35010 0.01909
5106.60986 0.019525
5106.87012 0.02008
5107.12988 0.020465
5107.39014 0.020633
5107.64990 0.0208
5107.91016 0.020521
5108.16992 0.021108
5108.43018 0.021349
5108.68994 0.021669
5108.95020 0.021928
5109.20996 0.022463
5109.47021 0.023173
5109.72998 0.02252
5109.99023 0.024734
5110.25000 0.024289
5110.50977 0.024388
5110.77002 0.024535
5111.02979 0.024612
5111.29004 0.024983
5111.54980 0.026435
5111.81006 0.026001
5112.06006 0.026585
5112.31982 0.028033
5112.58008 0.027891
5112.83984 0.027572
5113.10010 0.028349
5113.35986 0.028265
5113.62012 0.029912
5113.87988 0.029799
5114.14014 0.030064
5114.39990 0.03029
5114.66016 0.03075
5114.91992 0.030954
5115.18018 0.032045
5115.43994 0.033764
5115.70020 0.033587
5115.95996 0.033993
5116.22021 0.033681
5116.47998 0.036767
5116.74023 0.036517
5117.00000 0.036245
5117.25977 0.036457
5117.52002 0.038047
5117.77979 0.039041
5118.04004 0.038269
5118.29980 0.038717
5118.56006 0.040056
5118.81982 0.041655
5119.08008 0.041364
5119.33984 0.042065
5119.60010 0.042945
5119.85986 0.044619
5120.12012 0.044675
5120.37988 0.044842
5120.64014 0.046013
5120.89990 0.04762
5121.14990 0.0484
5121.41016 0.048915
5121.66992 0.048899
5121.93018 0.051663
5122.18994 0.052306
5122.45020 0.052057
5122.70996 0.053056
5122.97021 0.055686
5123.22998 0.055493
5123.49023 0.05642
5123.75000 0.056575
5124.00977 0.058655
5124.27002 0.061225
5124.52979 0.06095
5124.79004 0.060888
5125.04980 0.064161
5125.31006 0.065618
5125.56982 0.065987
5125.83008 0.068268
5126.08984 0.068558
5126.35010 0.071514
5126.60986 0.070825
5126.87012 0.071837
5127.12988 0.074157
5127.39014 0.074793
5127.64990 0.076425
5127.91016 0.078415
5128.16992 0.081227
5128.43018 0.0831
5128.68994 0.082834
5128.95020 0.083004
5129.20996 0.085908
5129.45996 0.089133
5129.72021 0.09068
5129.97998 0.0906
5130.24023 0.09226
5130.50000 0.09859
5130.75977 0.097757
5131.02002 0.097929
5131.27979 0.101244
5131.54004 0.102444
5131.79980 0.10625
5132.06006 0.10713
5132.31982 0.107538
5132.58008 0.111665
5132.83984 0.115935
5133.10010 0.117485
5133.35986 0.117314
5133.62012 0.120502
5133.87988 0.124853
5134.14014 0.126273
5134.39990 0.127552
5134.66016 0.131519
5134.91992 0.136695
5135.18018 0.137731
5135.43994 0.139645
5135.70020 0.141328
5135.95996 0.148991
5136.22021 0.150733
5136.47998 0.150962
5136.74023 0.153611
5137.00000 0.156254
5137.25977 0.162226
5137.52002 0.162076
5137.77979 0.16715
5138.04004 0.173469
5138.29004 0.175026
5138.54980 0.176162
5138.81006 0.177901
5139.06982 0.185285
5139.33008 0.190787
5139.58984 0.190521
5139.85010 0.193038
5140.10986 0.200927
5140.37012 0.205789
5140.62988 0.208801
5140.89014 0.209434
5141.14990 0.214291
5141.41016 0.224898
5141.66992 0.222437
5141.93018 0.225009
5142.18994 0.231764
5142.45020 0.239138
5142.70996 0.239049
5142.97021 0.241349
5143.22998 0.250011
5143.49023 0.256518
5143.75000 0.262907
5144.00977 0.262733
5144.27002 0.266295
5144.52979 0.276621
5144.79004 0.278486
5145.04980 0.281723
5145.31006 0.286303
5145.56982 0.29728
5145.83008 0.303419
5146.08984 0.301702
5146.35010 0.309194
5146.60010 0.318343
5146.85986 0.323619
5147.12012 0.320086
5147.37988 0.3259
5147.64014 0.336493
5147.89990 0.345424
5148.16016 0.344047
5148.41992 0.345495
5148.68018 0.355541
5148.93994 0.367941
5149.20020 0.368176
5149.45996 0.370682
5149.72021 0.377618
5149.97998 0.387344
5150.24023 0.391039
5150.50000 0.391106
5150.75977 0.396935
5151.02002 0.409498
5151.27979 0.412867
5151.54004 0.410353
5151.79980 0.417162
5152.06006 0.430664
5152.31982 0.43629
5152.58008 0.4378
5152.83984 0.437906
5153.10010 0.452239
5153.35986 0.457729
5153.62012 0.455226
5153.87988 0.462097
5154.14014 0.473678
5154.39990 0.480569
5154.66016 0.47943
5154.91992 0.481259
5155.18018 0.490053
5155.43994 0.499405
5155.68994 0.497684
5155.95020 0.496777
5156.20996 0.508042
5156.47021 0.519507
5156.72998 0.517102
5156.99023 0.515547
5157.25000 0.524742
5157.50977 0.53486
5157.77002 0.539679
5158.02979 0.53536
5158.29004 0.538437
5158.54980 0.548948
5158.81006 0.560123
5159.06982 0.551849
5159.33008 0.555553
5159.58984 0.566779
5159.85010 0.573205
5160.10986 0.569513
5160.37012 0.568488
5160.62988 0.580657
5160.89014 0.589913
5161.14990 0.590175
5161.41016 0.581994
5161.66992 0.589001
5161.93018 0.602177
5162.18994 0.599199
5162.45020 0.5968
5162.70996 0.60231
5162.97021 0.615086
5163.22998 0.616385
5163.49023 0.608388
5163.75000 0.612454
5164.00000 0.620525
5164.25977 0.628757
5164.52002 0.620443
5164.77979 0.617993
5165.04004 0.631581
5165.29980 0.635076
5165.56006 0.626725
5165.81982 0.630344
5166.08008 0.637355
5166.33984 0.647531
5166.60010 0.640253
5166.85986 0.638123
5167.12012 0.641278
5167.37988 0.653975
5167.64014 0.652721
5167.89990 0.639466
5168.16016 0.643076
5168.41992 0.660318
5168.68018 0.660895
5168.93994 0.646164
5169.20020 0.652055
5169.45996 0.663306
5169.72021 0.66349
5169.97998 0.654062
5170.24023 0.652972
5170.50000 0.669344
5170.75977 0.672774
5171.02002 0.664951
5171.27979 0.660819
5171.54004 0.664998
5171.79980 0.677629
5172.06006 0.669072
5172.31982 0.663754
5172.58008 0.67153
5172.83008 0.678001
5173.08984 0.678837
5173.35010 0.665371
5173.60986 0.670266
5173.87012 0.683177
5174.12988 0.682671
5174.39014 0.670964
5174.64990 0.670086
5174.91016 0.681956
5175.16992 0.684203
5175.43018 0.679115
5175.68994 0.670623
5175.95020 0.682575
5176.20996 0.686287
5176.47021 0.680579
5176.72998 0.674666
5176.99023 0.68532
5177.25000 0.689814
5177.50977 0.687
5177.77002 0.678269
5178.02979 0.678441
5178.29004 0.690837
5178.54980 0.688884
5178.81006 0.679579
5179.06982 0.68083
5179.33008 0.690834
5179.58984 0.692854
5179.85010 0.684253
5180.10986 0.683229
5180.37012 0.691001
5180.62988 0.693484
5180.89014 0.685684
5181.14990 0.679385
5181.39990 0.693463
5181.66016 0.698502
5181.91992 0.694382
5182.18018 0.686467
5182.43994 0.688686
5182.70020 0.697175
5182.95996 0.691739
5183.22021 0.683316
5183.47998 0.692513
5183.74023 0.695822
5184.00000 0.69578
5184.25977 0.684347
5184.52002 0.686219
5184.77979 0.698552
5185.04004 0.700769
5185.29980 0.687552
5185.56006 0.687188
5185.81982 0.6996
5186.08008 0.697437
5186.33984 0.691738
5186.60010 0.689789
5186.85986 0.695589
5187.12012 0.698023
5187.37988 0.700914
5187.64014 0.685926
5187.89990 0.691541
5188.16016 0.700476
5188.41992 0.69933
5188.68018 0.689195
5188.93994 0.690343
5189.20020 0.699909
5189.45996 0.700778
5189.72021 0.689302
5189.97998 0.690877
5190.22998 0.698152
5190.49023 0.706129
5190.75000 0.69812
5191.00977 0.687654
5191.27002 0.69864
5191.52979 0.701956
5191.79004 0.698166
5192.04980 0.688685
5192.31006 0.692441
5192.56982 0.697891
5192.83008 0.69924
5193.08984 0.693437
5193.35010 0.690461
5193.60986 0.702921
5193.87012 0.696273
5194.12988 0.694891
5194.39014 0.692214
5194.64990 0.702572
5194.91016 0.702194
5195.16992 0.695613
5195.43018 0.686636
5195.68994 0.690884
5195.95020 0.700975
5196.20996 0.694104
5196.47021 0.686771
5196.72998 0.691944
5196.99023 0.699824
5197.25000 0.697773
5197.50977 0.689658
5197.77002 0.690173
5198.02979 0.696622
5198.29004 0.694832
5198.54004 0.687984
5198.79980 0.687009
5199.06006 0.694054
5199.31982 0.694144
5199.58008 0.689656
5199.83984 0.684243
5200.10010 0.686973
5200.35986 0.695931
5200.62012 0.686282
5200.87988 0.687094
5201.14014 0.685829
5201.39990 0.694596
5201.66016 0.688389
5201.91992 0.684677
5202.18018 0.689781
5202.43994 0.690407
5202.70020 0.693226
5202.95996 0.685665
5203.22021 0.685149
5203.47998 0.693236
5203.74023 0.690522
5204.00000 0.688915
5204.25977 0.680814
5204.52002 0.687231
5204.77979 0.689175
5205.04004 0.686023
5205.29980 0.676913
5205.56006 0.683626
5205.81982 0.689372
5206.08008 0.689811
5206.33984 0.678081
5206.60010 0.680166
5206.85986 0.688404
5207.12012 0.685167
5207.37988 0.679087
5207.62988 0.675091
5207.89014 0.681802
5208.14990 0.688431
5208.41016 0.682313
5208.66992 0.68164
5208.93018 0.679701
5209.18994 0.685832
5209.45020 0.678665
5209.70996 0.67164
5209.97021 0.676053
5210.22998 0.686209
5210.49023 0.680887
5210.75000 0.676619
5211.00977 0.675042
5211.27002 0.685556
5211.52979 0.68896
5211.79004 0.674275
5212.04980 0.674982
5212.31006 0.680121
5212.56982 0.686506
5212.83008 0.67943
5213.08984 0.672574
5213.35010 0.680146
5213.60986 0.679755
5213.87012 0.68118
5214.12988 0.669288
5214.39014 0.673598
5214.64990 0.683242
5214.91016 0.68222
5215.16992 0.675955
5215.43018 0.672934
5215.68994 0.682983
5215.93994 0.680427
5216.20020 0.676166
5216.45996 0.673208
5216.72021 0.678316
5216.97998 0.683559
5217.24023 0.678089
5217.50000 0.673627
5217.75977 0.671645
5218.02002 0.681387
5218.27979 0.680212
5218.54004 0.675349
5218.79980 0.678823
5219.06006 0.680862
5219.31982 0.683987
5219.58008 0.679518
5219.83984 0.673423
5220.10010 0.679902
5220.35986 0.68382
5220.62012 0.67887
5220.87988 0.67946
5221.14014 0.677741
5221.39990 0.683825
5221.66016 0.680142
5221.91992 0.673912
5222.18018 0.677597
5222.43994 0.68617
5222.70020 0.686896
5222.95996 0.676236
5223.22021 0.682866
5223.47998 0.68565
5223.74023 0.687866
5224.00000 0.682876
5224.25977 0.68131
5224.52002 0.682233
5224.77002 0.69135
5225.02979 0.688903
5225.29004 0.682419
5225.54980 0.684082
5225.81006 0.695194
5226.06982 0.688647
5226.33008 0.685277
5226.58984 0.685909
5226.85010 0.692857
5227.10986 0.693285
5227.37012 0.688238
5227.62988 0.686165
5227.89014 0.690811
5228.14990 0.696551
5228.41016 0.692176
5228.66992 0.687943
5228.93018 0.694525
5229.18994 0.695129
5229.45020 0.695228
5229.70996 0.688425
5229.97021 0.695252
5230.22998 0.698075
5230.49023 0.699642
5230.75000 0.695601
5231.00977 0.692422
5231.27002 0.700848
5231.52979 0.705691
5231.79004 0.697694
5232.04980 0.694662
5232.31006 0.700211
5232.56982 0.707582
5232.83008 0.702324
5233.08008 0.699606
5233.33984 0.698211
5233.60010 0.703325
5233.85986 0.705843
5234.12012 0.699298
5234.37988 0.698676
5234.64014 0.704224
5234.89990 0.704231
5235.16016 0.703033
5235.41992 0.701226
5235.68018 0.701604
5235.93994 0.706015
5236.20020 0.704233
5236.45996 0.699373
5236.72021 0.702935
5236.97998 0.703744
5237.24023 0.70745
5237.50000 0.69573
5237.75977 0.695266
5238.02002 0.702863
5238.27979 0.703311
5238.54004 0.696494
5238.79980 0.692329
5239.06006 0.694882
5239.31982 0.697558
5239.58008 0.693874
5239.83984 0.689723
5240.10010 0.695796
5240.35986 0.698192
5240.62012 0.691015
5240.87988 0.686917
5241.14014 0.67927
5241.39990 0.684454
5241.66016 0.685039
5241.91992 0.678669
5242.16992 0.670996
5242.43018 0.6763
5242.68994 0.678737
5242.95020 0.668185
5243.20996 0.659236
5243.47021 0.661245
5243.72998 0.658505
5243.99023 0.658798
5244.25000 0.649658
5244.50977 0.650109
5244.77002 0.651015
5245.02979 0.646699
5245.29004 0.631763
5245.54980 0.632877
5245.81006 0.625786
5246.06982 0.62998
5246.33008 0.621505
5246.58984 0.616775
5246.85010 0.61613
5247.10986 0.608541
5247.37012 0.59972
5247.62988 0.593874
5247.89014 0.592529
5248.14990 0.591867
5248.41016 0.585253
5248.66992 0.574504
5248.93018 0.568984
5249.18994 0.571378
5249.45020 0.5625
5249.70996 0.551849
5249.97021 0.548363
5250.22998 0.544233
5250.47998 0.537393
5250.74023 0.528233
5251.00000 0.522191
5251.25977 0.520354
5251.52002 0.517256
5251.77979 0.50445
5252.04004 0.498082
5252.29980 0.491547
5252.56006 0.492144
5252.81982 0.481911
5253.08008 0.471336
5253.33984 0.469031
5253.60010 0.463642
5253.85986 0.457957
5254.12012 0.444861
5254.37988 0.436579
5254.64014 0.43847
5254.89990 0.428481
5255.16016 0.421048
5255.41992 0.414914
5255.68018 0.410465
5255.93994 0.405134
5256.20020 0.395439
5256.45996 0.388585
5256.72021 0.384219
5256.97998 0.380083
5257.24023 0.371553
5257.50000 0.362287
5257.75977 0.357327
5258.02002 0.352785
5258.27979 0.343983
5258.54004 0.338335
5258.79980 0.33179
5259.06006 0.332592
5259.31006 0.325134
5259.56982 0.314865
5259.83008 0.309269
5260.08984 0.305642
5260.35010 0.301414
5260.60986 0.294665
5260.87012 0.286355
5261.12988 0.28383
5261.39014 0.278911
5261.64990 0.274551
5261.91016 0.26734
5262.16992 0.25884
5262.43018 0.259256
5262.68994 0.254176
5262.95020 0.246749
5263.20996 0.240913
5263.47021 0.238953
5263.72998 0.235789
5263.99023 0.22889
5264.25000 0.222421
5264.50977 0.22084
5264.77002 0.216844
5265.02979 0.212421
5265.29004 0.205673
5265.54980 0.20409
5265.81006 0.200185
5266.06982 0.196206
5266.33008 0.191135
