threeML/data/optical_filters/CAHA/CAHA-f_385_8.ecsv
# %ECSV 0.9
# ---
# datatype:
# - {name: wavelength, unit: Angstrom, datatype: float32}
# - {name: response, datatype: float32}
# meta: !!omap
# - {band_name: f_385_8}
# - {group_name: CAHA}
wavelength response
3330.23389 0.0
3700.26001 0.026387
3700.52002 0.0
3700.78003 0.0
3701.04004 0.0
3701.30005 0.014188
3701.56006 0.0
3701.82007 0.0
3702.08008 0.0
3702.34009 0.0
3702.59009 0.0
3702.85010 0.0
3703.11011 0.0
3703.37012 0.0
3703.62988 0.0
3703.88989 0.0
3704.14990 0.017076
3704.40991 0.0
3704.66992 0.0
3704.92993 0.016573
3705.18994 0.010073
3705.44995 0.0
3705.70996 0.003537
3705.95996 0.003525
3706.21997 0.006395
3706.47998 0.0
3706.73999 0.005079
3707.00000 0.0
3707.26001 0.0
3707.52002 0.0
3707.78003 0.0
3708.04004 0.0
3708.30005 0.0
3708.56006 0.0
3708.82007 0.0
3709.07007 0.0
3709.33008 0.006471
3709.59009 0.0
3709.85010 0.0
3710.11011 0.0
3710.37012 0.0
3710.62988 0.012008
3710.88989 0.0
3711.14990 0.0
3711.40991 0.0
3711.66992 0.0
3711.92993 0.0
3712.18994 0.032491
3712.43994 0.005763
3712.69995 0.0
3712.95996 0.0
3713.21997 0.00975
3713.47998 0.0
3713.73999 0.0
3714.00000 0.029004
3714.26001 0.0
3714.52002 0.0
3714.78003 0.0
3715.04004 0.0
3715.30005 0.0
3715.55005 0.0
3715.81006 0.018723
3716.07007 0.002298
3716.33008 0.0
3716.59009 0.019332
3716.85010 0.0
3717.11011 0.0
3717.37012 6.8e-05
3717.62988 0.0
3717.88989 0.0
3718.14990 0.0
3718.40991 0.0
3718.66992 0.0
3718.91992 0.0
3719.17993 0.0
3719.43994 0.0
3719.69995 0.0
3719.95996 0.00509
3720.21997 0.019115
3720.47998 0.047562
3720.73999 0.015701
3721.00000 0.0
3721.26001 0.0
3721.52002 0.0
3721.78003 0.0
3722.03003 0.012956
3722.29004 0.0
3722.55005 0.006886
3722.81006 0.0
3723.07007 0.0
3723.33008 0.0
3723.59009 0.0
3723.85010 0.0
3724.11011 0.0
3724.37012 0.0
3724.62988 0.0
3724.88989 0.0
3725.14990 0.03015
3725.39990 0.0
3725.65991 0.0
3725.91992 0.023865
3726.17993 0.0
3726.43994 0.0
3726.69995 0.0
3726.95996 0.0
3727.21997 0.000321
3727.47998 0.006108
3727.73999 0.000905
3728.00000 0.0
3728.26001 0.0
3728.51001 0.009901
3728.77002 0.011281
3729.03003 0.011711
3729.29004 0.0
3729.55005 0.02904
3729.81006 0.0
3730.07007 0.0
3730.33008 0.0
3730.59009 0.0
3730.85010 0.007112
3731.11011 0.0
3731.37012 0.0
3731.62988 0.0
3731.87988 0.0
3732.13989 0.0
3732.39990 0.0
3732.65991 0.0
3732.91992 0.018242
3733.17993 0.0
3733.43994 0.0
3733.69995 0.006812
3733.95996 0.0
3734.21997 0.032557
3734.47998 0.024888
3734.73999 0.031224
3734.98999 0.0
3735.25000 0.010091
3735.51001 0.0
3735.77002 0.0
3736.03003 0.002379
3736.29004 0.030014
3736.55005 0.0
3736.81006 0.0
3737.07007 0.035406
3737.33008 0.0
3737.59009 0.0
3737.85010 0.0
3738.11011 0.019292
3738.36011 0.0
3738.62012 0.0
3738.87988 0.027687
3739.13989 0.008301
3739.39990 0.0
3739.65991 0.010015
3739.91992 0.0
3740.17993 0.029666
3740.43994 0.003851
3740.69995 0.010234
3740.95996 0.03676
3741.21997 0.024479
3741.46997 0.008738
3741.72998 0.0
3741.98999 0.016328
3742.25000 0.0
3742.51001 0.0
3742.77002 0.0
3743.03003 0.000989
3743.29004 0.0
3743.55005 0.0
3743.81006 0.0
3744.07007 0.0
3744.33008 0.0
3744.59009 0.0
3744.84009 0.0
3745.10010 0.0
3745.36011 0.012534
3745.62012 0.012734
3745.87988 0.023058
3746.13989 0.017024
3746.39990 0.004252
3746.65991 0.0
3746.91992 0.02547
3747.17993 0.019659
3747.43994 0.013744
3747.69995 0.0
3747.94995 0.0
3748.20996 0.003154
3748.46997 0.014106
3748.72998 0.013832
3748.98999 0.029924
3749.25000 0.008961
3749.51001 0.0
3749.77002 0.043781
3750.03003 0.036997
3750.29004 0.044267
3750.55005 0.011761
3750.81006 0.010206
3751.07007 0.010173
3751.32007 0.021478
3751.58008 0.020566
3751.84009 0.00967
3752.10010 0.040456
3752.36011 0.026903
3752.62012 0.006361
3752.87988 0.010215
3753.13989 0.001985
3753.39990 0.021415
3753.65991 0.0
3753.91992 0.020587
3754.17993 0.0
3754.42993 0.010412
3754.68994 0.021369
3754.94995 0.022089
3755.20996 0.024073
3755.46997 0.021388
3755.72998 0.013213
3755.98999 0.0
3756.25000 0.010631
3756.51001 0.0
3756.77002 0.023122
3757.03003 0.013874
3757.29004 0.008827
3757.55005 0.016164
3757.80005 0.028392
3758.06006 0.003644
3758.32007 0.029051
3758.58008 0.016442
3758.84009 0.0453
3759.10010 0.032245
3759.36011 0.0
3759.62012 0.0
3759.87988 0.021664
3760.13989 0.042774
3760.39990 0.053564
3760.65991 0.029452
3760.90991 0.006617
3761.16992 0.008258
3761.42993 0.028453
3761.68994 0.047534
3761.94995 0.020925
3762.20996 0.034099
3762.46997 0.024752
3762.72998 0.07611
3762.98999 0.048691
3763.25000 0.002959
3763.51001 0.02516
3763.77002 0.051951
3764.03003 0.031362
3764.28003 0.038414
3764.54004 0.038661
3764.80005 0.032095
3765.06006 0.021185
3765.32007 0.025758
3765.58008 0.010268
3765.84009 0.077101
3766.10010 0.055053
3766.36011 0.029592
3766.62012 0.036812
3766.87988 0.065434
3767.13989 0.063159
3767.38989 0.030321
3767.64990 0.064943
3767.90991 0.024521
3768.16992 0.019003
3768.42993 0.033389
3768.68994 0.033081
3768.94995 0.067292
3769.20996 0.06841
3769.46997 0.034501
3769.72998 0.044701
3769.98999 0.065389
3770.25000 0.051386
3770.51001 0.07158
3770.76001 0.082514
3771.02002 0.065549
3771.28003 0.057862
3771.54004 0.0
3771.80005 0.058901
3772.06006 0.055719
3772.32007 0.058899
3772.58008 0.03024
3772.84009 0.068659
3773.10010 0.033626
3773.36011 0.035006
3773.62012 0.037501
3773.87012 0.052793
3774.12988 0.011055
3774.38989 0.040227
3774.64990 0.041964
3774.90991 0.043721
3775.16992 0.051241
3775.42993 0.081449
3775.68994 0.049324
3775.94995 0.072446
3776.20996 0.04321
3776.46997 0.044936
3776.72998 0.059354
3776.98999 0.052986
3777.23999 0.043306
3777.50000 0.063441
3777.76001 0.076391
3778.02002 0.073216
3778.28003 0.088947
3778.54004 0.061357
3778.80005 0.026119
3779.06006 0.015032
3779.32007 0.064372
3779.58008 0.068124
3779.84009 0.097177
3780.10010 0.025743
3780.35010 0.061065
3780.61011 0.05031
3780.87012 0.071764
3781.12988 0.068687
3781.38989 0.101924
3781.64990 0.041278
3781.90991 0.079476
3782.16992 0.076584
3782.42993 0.089774
3782.68994 0.048617
3782.94995 0.066379
3783.20996 0.067495
3783.46997 0.082569
3783.71997 0.087636
3783.97998 0.065237
3784.23999 0.030721
3784.50000 0.06204
3784.76001 0.079221
3785.02002 0.044704
3785.28003 0.103684
3785.54004 0.077994
3785.80005 0.064014
3786.06006 0.074164
3786.32007 0.09932
3786.58008 0.067787
3786.83008 0.047907
3787.09009 0.062936
3787.35010 0.059668
3787.61011 0.092079
3787.87012 0.077082
3788.12988 0.108574
3788.38989 0.087005
3788.64990 0.110815
3788.90991 0.088733
3789.16992 0.099463
3789.42993 0.094532
3789.68994 0.10123
3789.94995 0.107004
3790.19995 0.122048
3790.45996 0.108574
3790.71997 0.095308
3790.97998 0.087886
3791.23999 0.108732
3791.50000 0.068928
3791.76001 0.061824
3792.02002 0.099885
3792.28003 0.10814
3792.54004 0.071072
3792.80005 0.09151
3793.06006 0.101601
3793.31006 0.106636
3793.57007 0.075808
3793.83008 0.079542
3794.09009 0.096773
3794.35010 0.101551
3794.61011 0.107681
3794.87012 0.126279
3795.12988 0.117333
3795.38989 0.134407
3795.64990 0.108148
3795.90991 0.104854
3796.16992 0.10675
3796.42993 0.097854
3796.67993 0.12381
3796.93994 0.12188
3797.19995 0.158043
3797.45996 0.093569
3797.71997 0.116232
3797.97998 0.112679
3798.23999 0.14823
3798.50000 0.133236
3798.76001 0.120592
3799.02002 0.091617
3799.28003 0.15181
3799.54004 0.150587
3799.79004 0.105107
3800.05005 0.165717
3800.31006 0.140847
3800.57007 0.151018
3800.83008 0.110188
3801.09009 0.110314
3801.35010 0.128617
3801.61011 0.134639
3801.87012 0.114378
3802.12988 0.127851
3802.38989 0.149556
3802.64990 0.137884
3802.90991 0.150185
3803.15991 0.150538
3803.41992 0.12928
3803.67993 0.136656
3803.93994 0.117575
3804.19995 0.141658
3804.45996 0.150972
3804.71997 0.157869
3804.97998 0.161617
3805.23999 0.11351
3805.50000 0.174772
3805.76001 0.147134
3806.02002 0.142397
3806.27002 0.166886
3806.53003 0.125477
3806.79004 0.171417
3807.05005 0.161961
3807.31006 0.12989
3807.57007 0.141602
3807.83008 0.148684
3808.09009 0.162566
3808.35010 0.129521
3808.61011 0.136118
3808.87012 0.179273
3809.12988 0.136261
3809.38989 0.160266
3809.63989 0.162932
3809.89990 0.158694
3810.15991 0.167111
3810.41992 0.17862
3810.67993 0.136963
3810.93994 0.159696
3811.19995 0.153123
3811.45996 0.20186
3811.71997 0.182287
3811.97998 0.195457
3812.23999 0.186985
3812.50000 0.125887
3812.75000 0.153323
3813.01001 0.190043
3813.27002 0.179083
3813.53003 0.196897
3813.79004 0.191205
3814.05005 0.170402
3814.31006 0.155478
3814.57007 0.192117
3814.83008 0.201011
3815.09009 0.152275
3815.35010 0.171215
3815.61011 0.178848
3815.87012 0.18888
3816.12012 0.204639
3816.37988 0.159561
3816.63989 0.1742
3816.89990 0.189441
3817.15991 0.207593
3817.41992 0.16966
3817.67993 0.186356
3817.93994 0.194103
3818.19995 0.161328
3818.45996 0.191161
3818.71997 0.172482
3818.97998 0.19521
3819.22998 0.202489
3819.48999 0.208321
3819.75000 0.189252
3820.01001 0.200943
3820.27002 0.183727
3820.53003 0.203129
3820.79004 0.189016
3821.05005 0.223168
3821.31006 0.181405
3821.57007 0.193746
3821.83008 0.183259
3822.09009 0.188329
3822.35010 0.199992
3822.60010 0.189013
3822.86011 0.198426
3823.12012 0.227219
3823.37988 0.190697
3823.63989 0.212455
3823.89990 0.183426
3824.15991 0.173046
3824.41992 0.211211
3824.67993 0.222368
3824.93994 0.218241
3825.19995 0.20663
3825.45996 0.205875
3825.70996 0.20723
3825.96997 0.21902
3826.22998 0.233863
3826.48999 0.207676
3826.75000 0.218808
3827.01001 0.232834
3827.27002 0.205903
3827.53003 0.198957
3827.79004 0.187948
3828.05005 0.196829
3828.31006 0.184054
3828.57007 0.230418
3828.83008 0.228857
3829.08008 0.219122
3829.34009 0.203574
3829.60010 0.242214
3829.86011 0.212495
3830.12012 0.204387
3830.37988 0.213367
3830.63989 0.213576
3830.89990 0.205746
3831.15991 0.202351
3831.41992 0.207979
3831.67993 0.184753
3831.93994 0.220479
3832.18994 0.199542
3832.44995 0.215425
3832.70996 0.2298
3832.96997 0.203285
3833.22998 0.210542
3833.48999 0.20845
3833.75000 0.217055
3834.01001 0.243928
3834.27002 0.202145
3834.53003 0.191957
3834.79004 0.22696
3835.05005 0.235808
3835.31006 0.207951
3835.56006 0.210967
3835.82007 0.230906
3836.08008 0.19892
3836.34009 0.250693
3836.60010 0.205292
3836.86011 0.221587
3837.12012 0.197924
3837.37988 0.229508
3837.63989 0.194692
3837.89990 0.222768
3838.15991 0.264784
3838.41992 0.244374
3838.66992 0.216319
3838.92993 0.214976
3839.18994 0.224529
3839.44995 0.216407
3839.70996 0.208652
3839.96997 0.242166
3840.22998 0.211085
3840.48999 0.225332
3840.75000 0.232229
3841.01001 0.232804
3841.27002 0.227978
3841.53003 0.208915
3841.79004 0.217517
3842.04004 0.216819
3842.30005 0.242977
3842.56006 0.222687
3842.82007 0.254157
3843.08008 0.213935
3843.34009 0.234621
3843.60010 0.260216
3843.86011 0.235089
3844.12012 0.205554
3844.37988 0.239984
3844.63989 0.183447
3844.89990 0.224114
3845.14990 0.246419
3845.40991 0.231422
3845.66992 0.210579
3845.92993 0.226341
3846.18994 0.210043
3846.44995 0.258157
3846.70996 0.2393
3846.96997 0.219789
3847.22998 0.232662
3847.48999 0.277409
3847.75000 0.238696
3848.01001 0.219804
3848.27002 0.259791
3848.52002 0.22058
3848.78003 0.227117
3849.04004 0.264955
3849.30005 0.21291
3849.56006 0.224172
3849.82007 0.244309
3850.08008 0.226607
3850.34009 0.212183
3850.60010 0.236346
3850.86011 0.222032
3851.12012 0.255892
3851.37988 0.233961
3851.62988 0.232681
3851.88989 0.246429
3852.14990 0.198308
3852.40991 0.228935
3852.66992 0.245463
3852.92993 0.237223
3853.18994 0.207314
3853.44995 0.226899
3853.70996 0.226133
3853.96997 0.254203
3854.22998 0.270617
3854.48999 0.236089
3854.75000 0.232508
3855.00000 0.236875
3855.26001 0.238188
3855.52002 0.226996
3855.78003 0.235892
3856.04004 0.222844
3856.30005 0.227603
3856.56006 0.246441
3856.82007 0.221347
3857.08008 0.196576
3857.34009 0.210661
3857.60010 0.22472
3857.86011 0.228564
3858.11011 0.243824
3858.37012 0.234266
3858.62988 0.224191
3858.88989 0.213556
3859.14990 0.252985
3859.40991 0.215825
3859.66992 0.253711
3859.92993 0.229506
3860.18994 0.25854
3860.44995 0.247028
3860.70996 0.220566
3860.96997 0.228531
3861.22998 0.214244
3861.47998 0.23153
3861.73999 0.22432
3862.00000 0.214722
3862.26001 0.217078
3862.52002 0.207929
3862.78003 0.237041
3863.04004 0.228262
3863.30005 0.19746
3863.56006 0.21199
3863.82007 0.226181
3864.08008 0.24195
3864.34009 0.237647
3864.59009 0.215232
3864.85010 0.229897
3865.11011 0.238749
3865.37012 0.229238
3865.62988 0.220043
3865.88989 0.220817
3866.14990 0.228515
3866.40991 0.248271
3866.66992 0.221912
3866.92993 0.224117
3867.18994 0.22585
3867.44995 0.239478
3867.70996 0.226033
3867.95996 0.207756
3868.21997 0.220684
3868.47998 0.219891
3868.73999 0.195273
3869.00000 0.209637
3869.26001 0.204124
3869.52002 0.228435
3869.78003 0.208103
3870.04004 0.197619
3870.30005 0.212177
3870.56006 0.197149
3870.82007 0.200606
3871.07007 0.212003
3871.33008 0.213164
3871.59009 0.204324
3871.85010 0.180617
3872.11011 0.199679
3872.37012 0.190444
3872.62988 0.194206
3872.88989 0.200565
3873.14990 0.183427
3873.40991 0.192618
3873.66992 0.192786
3873.92993 0.174167
3874.18994 0.193153
3874.43994 0.188813
3874.69995 0.194789
3874.95996 0.161945
3875.21997 0.195978
3875.47998 0.163902
3875.73999 0.180125
3876.00000 0.201508
3876.26001 0.167552
3876.52002 0.160824
3876.78003 0.18363
3877.04004 0.154823
3877.30005 0.172123
3877.55005 0.16608
3877.81006 0.169452
3878.07007 0.150539
3878.33008 0.156893
3878.59009 0.159733
3878.85010 0.169816
3879.11011 0.156569
3879.37012 0.130749
3879.62988 0.138619
3879.88989 0.160819
3880.14990 0.160094
3880.40991 0.130849
3880.66992 0.145477
3880.91992 0.136548
3881.17993 0.132044
3881.43994 0.144491
3881.69995 0.165586
3881.95996 0.119918
3882.21997 0.144703
3882.47998 0.148611
3882.73999 0.125058
3883.00000 0.133862
3883.26001 0.115217
3883.52002 0.141939
3883.78003 0.110549
3884.03003 0.130801
3884.29004 0.129526
3884.55005 0.138681
3884.81006 0.118025
3885.07007 0.138756
3885.33008 0.099114
3885.59009 0.114539
3885.85010 0.110266
3886.11011 0.128769
3886.37012 0.119863
3886.62988 0.137923
3886.88989 0.127716
3887.14990 0.098678
3887.39990 0.122589
3887.65991 0.106945
3887.91992 0.105216
3888.17993 0.10663
3888.43994 0.100348
3888.69995 0.122453
3888.95996 0.098809
3889.21997 0.101333
3889.47998 0.095428
3889.73999 0.094261
3890.00000 0.094615
3890.26001 0.081819
3890.51001 0.103147
3890.77002 0.092318
3891.03003 0.094548
3891.29004 0.094159
3891.55005 0.088029
3891.81006 0.100018
3892.07007 0.09183
3892.33008 0.095469
3892.59009 0.071037
3892.85010 0.06519
3893.11011 0.086943
3893.37012 0.082232
3893.62988 0.082799
3893.87988 0.093157
3894.13989 0.092002
3894.39990 0.093787
3894.65991 0.092891
3894.91992 0.084585
3895.17993 0.081421
3895.43994 0.077706
3895.69995 0.085802
3895.95996 0.073005
3896.21997 0.075051
3896.47998 0.067729
3896.73999 0.05625
3896.98999 0.044951
3897.25000 0.056393
3897.51001 0.045978
3897.77002 0.069703
3898.03003 0.058172
3898.29004 0.049361
3898.55005 0.048414
3898.81006 0.080683
3899.07007 0.066198
3899.33008 0.068431
3899.59009 0.064325
3899.85010 0.056664
3900.11011 0.050027
3900.36011 0.064758
3900.62012 0.058687
3900.87988 0.064137
3901.13989 0.054465
3901.39990 0.059475
3901.65991 0.055716
3901.91992 0.047976
3902.17993 0.046148
3902.43994 0.032996
3902.69995 0.042351
3902.95996 0.058944
3903.21997 0.055803
3903.46997 0.048083
3903.72998 0.025897
3903.98999 0.04339
3904.25000 0.053643
3904.51001 0.041703
3904.77002 0.057913
3905.03003 0.033858
3905.29004 0.027242
3905.55005 0.056605
3905.81006 0.041526
3906.07007 0.032045
3906.33008 0.030988
3906.59009 0.035361
3906.84009 0.030995
3907.10010 0.055988
3907.36011 0.039598
3907.62012 0.023444
3907.87988 0.040972
3908.13989 0.047512
3908.39990 0.045773
3908.65991 0.024378
3908.91992 0.016047
3909.17993 0.029406
3909.43994 0.065528
3909.69995 0.022181
3909.94995 0.021323
3910.20996 0.017135
3910.46997 0.031698
3910.72998 0.03529
3910.98999 0.034886
3911.25000 0.039546
3911.51001 0.029929
3911.77002 0.022218
3912.03003 0.042628
3912.29004 0.040752
3912.55005 0.032026
3912.81006 0.037613
3913.07007 0.026529
3913.32007 0.005261
3913.58008 0.016237
3913.84009 0.061647
3914.10010 0.028449
3914.36011 0.027376
3914.62012 0.027485
3914.87988 0.014455
3915.13989 0.050842
3915.39990 0.033209
3915.65991 0.031305
3915.91992 0.028563
3916.17993 0.026511
3916.42993 0.023377
3916.68994 0.008279
3916.94995 0.028934
3917.20996 0.037401
3917.46997 0.022953
3917.72998 0.024659
3917.98999 0.016561
3918.25000 0.011303
4310.07520 0.0
