threeML/data/optical_filters/CAHA/CAHA-f_366_52.ecsv
# %ECSV 0.9
# ---
# datatype:
# - {name: wavelength, unit: Angstrom, datatype: float32}
# - {name: response, datatype: float32}
# meta: !!omap
# - {band_name: f_366_52}
# - {group_name: CAHA}
wavelength response
2698.64111 0.0
2998.48999 0.008144
3000.54004 0.008209
3002.60010 0.008146
3004.64990 0.008179
3006.70996 0.008123
3008.76001 0.008256
3010.81006 0.008389
3012.87012 0.008304
3014.91992 0.008316
3016.97998 0.008415
3019.03003 0.008407
3021.08008 0.008528
3023.13989 0.008554
3025.18994 0.008521
3027.25000 0.00866
3029.30005 0.008488
3031.35010 0.008442
3033.40991 0.008376
3035.45996 0.008223
3037.52002 0.008519
3039.57007 0.008279
3041.62012 0.008453
3043.67993 0.008401
3045.72998 0.008287
3047.79004 0.008421
3049.84009 0.008333
3051.89990 0.008375
3053.94995 0.008507
3056.00000 0.008466
3058.06006 0.008347
3060.11011 0.008288
3062.16992 0.008391
3064.21997 0.008289
3066.27002 0.008599
3068.33008 0.008749
3070.37988 0.008555
3072.43994 0.008617
3074.48999 0.008796
3076.54004 0.008744
3078.60010 0.008795
3080.64990 0.008677
3082.70996 0.008663
3084.76001 0.008639
3086.81006 0.008744
3088.87012 0.008647
3090.91992 0.008545
3092.97998 0.008811
3095.03003 0.008676
3097.08008 0.008755
3099.13989 0.008883
3101.18994 0.008719
3103.25000 0.008801
3105.30005 0.008862
3107.35010 0.008821
3109.40991 0.008817
3111.45996 0.008642
3113.51001 0.008684
3115.57007 0.008792
3117.62012 0.008788
3119.67993 0.008841
3121.72998 0.009065
3123.78003 0.00902
3125.84009 0.008981
3127.88989 0.008857
3129.94995 0.009082
3132.00000 0.009025
3134.05005 0.009133
3136.11011 0.009016
3138.15991 0.00897
3140.21997 0.009218
3142.27002 0.009318
3144.32007 0.00921
3146.37988 0.00934
3148.42993 0.009345
3150.48999 0.009347
3152.54004 0.00926
3154.59009 0.009308
3156.64990 0.009238
3158.69995 0.009304
3160.76001 0.009357
3162.81006 0.009509
3164.86011 0.009319
3166.91992 0.009331
3168.96997 0.009386
3171.03003 0.00942
3173.08008 0.009434
3175.13989 0.009509
3177.18994 0.009353
3179.23999 0.009628
3181.30005 0.009661
3183.35010 0.009368
3185.40991 0.00963
3187.45996 0.009792
3189.51001 0.009586
3191.57007 0.009782
3193.62012 0.009898
3195.67993 0.009874
3197.72998 0.009951
3199.78003 0.010046
3201.84009 0.010259
3203.88989 0.010187
3205.94995 0.010229
3208.00000 0.010287
3210.05005 0.010347
3212.11011 0.01054
3214.15991 0.010424
3216.21997 0.01024
3218.27002 0.010365
3220.32007 0.010267
3222.37988 0.010512
3224.42993 0.010693
3226.48999 0.01084
3228.54004 0.010838
3230.59009 0.010804
3232.64990 0.010857
3234.69995 0.011146
3236.75000 0.011002
3238.81006 0.01142
3240.86011 0.011136
3242.91992 0.011465
3244.96997 0.011423
3247.02002 0.011844
3249.08008 0.011967
3251.12988 0.011999
3253.18994 0.012174
3255.23999 0.012483
3257.29004 0.012546
3259.35010 0.012628
3261.39990 0.013179
3263.45996 0.013497
3265.51001 0.013333
3267.56006 0.013562
3269.62012 0.013928
3271.66992 0.01406
3273.72998 0.014339
3275.78003 0.014478
3277.83008 0.014703
3279.88989 0.014921
3281.93994 0.015196
3284.00000 0.01568
3286.05005 0.01579
3288.10010 0.01619
3290.15991 0.016682
3292.20996 0.016777
3294.27002 0.0169
3296.32007 0.017045
3298.37988 0.017538
3300.42993 0.017921
3302.47998 0.018466
3304.54004 0.018911
3306.59009 0.019477
3308.64990 0.020044
3310.69995 0.020096
3312.75000 0.020559
3314.81006 0.02083
3316.86011 0.021234
3318.91992 0.021731
3320.96997 0.02248
3323.02002 0.023072
3325.08008 0.023386
3327.12988 0.02375
3329.18994 0.024417
3331.23999 0.025027
3333.29004 0.025429
3335.35010 0.025901
3337.39990 0.026598
3339.45996 0.02728
3341.51001 0.027658
3343.56006 0.028381
3345.62012 0.028755
3347.66992 0.029578
3349.72998 0.029914
3351.78003 0.030506
3353.83008 0.031139
3355.88989 0.031696
3357.93994 0.032738
3360.00000 0.033484
3362.05005 0.033996
3364.10010 0.034674
3366.15991 0.035441
3368.20996 0.036156
3370.26001 0.037093
3372.32007 0.038049
3374.37012 0.038817
3376.42993 0.039507
3378.47998 0.040444
3380.53003 0.041554
3382.59009 0.042281
3384.63989 0.043362
3386.69995 0.043811
3388.75000 0.04494
3390.80005 0.045832
3392.86011 0.047478
3394.90991 0.048185
3396.96997 0.048439
3399.02002 0.04981
3401.07007 0.05061
3403.12988 0.051866
3405.17993 0.052669
3407.23999 0.053828
3409.29004 0.054628
3411.34009 0.05593
3413.39990 0.05691
3415.44995 0.058238
3417.51001 0.05921
3419.56006 0.060275
3421.61011 0.061704
3423.66992 0.062903
3425.71997 0.064589
3427.78003 0.065517
3429.83008 0.066643
3431.88989 0.067874
3433.93994 0.069485
3435.98999 0.070754
3438.05005 0.07151
3440.10010 0.072894
3442.15991 0.074297
3444.20996 0.075579
3446.26001 0.07702
3448.32007 0.078424
3450.37012 0.079557
3452.42993 0.080844
3454.47998 0.083209
3456.53003 0.084688
3458.59009 0.086375
3460.63989 0.087679
3462.69995 0.088946
3464.75000 0.090387
3466.80005 0.092379
3468.86011 0.093453
3470.90991 0.09527
3472.96997 0.096855
3475.02002 0.09773
3477.07007 0.098948
3479.12988 0.100994
3481.17993 0.102637
3483.23999 0.103785
3485.29004 0.105865
3487.34009 0.107556
3489.39990 0.109099
3491.44995 0.109994
3493.50000 0.112559
3495.56006 0.113948
3497.61011 0.115374
3499.66992 0.116791
3501.71997 0.119741
3503.77002 0.120276
3505.83008 0.122608
3507.87988 0.123665
3509.93994 0.125812
3511.98999 0.127859
3514.04004 0.128797
3516.10010 0.130532
3518.14990 0.132329
3520.20996 0.134027
3522.26001 0.135845
3524.31006 0.137366
3526.37012 0.139453
3528.41992 0.141365
3530.47998 0.143358
3532.53003 0.144908
3534.58008 0.146768
3536.63989 0.148211
3538.68994 0.150809
3540.75000 0.153155
3542.80005 0.15382
3544.85010 0.156042
3546.90991 0.158223
3548.95996 0.159654
3551.02002 0.162151
3553.07007 0.163902
3555.12012 0.16613
3557.17993 0.167893
3559.22998 0.169208
3561.29004 0.171192
3563.34009 0.173197
3565.39990 0.174726
3567.44995 0.1772
3569.50000 0.178739
3571.56006 0.181224
3573.61011 0.182847
3575.66992 0.185813
3577.71997 0.187318
3579.77002 0.189574
3581.83008 0.191496
3583.87988 0.192467
3585.93994 0.195107
3587.98999 0.196801
3590.04004 0.198613
3592.10010 0.201139
3594.14990 0.202511
3596.20996 0.204666
3598.26001 0.206503
3600.31006 0.208841
3602.37012 0.210677
3604.41992 0.212818
3606.47998 0.214457
3608.53003 0.216514
3610.58008 0.217951
3612.63989 0.219203
3614.68994 0.222205
3616.75000 0.22332
3618.80005 0.225721
3620.85010 0.227889
3622.90991 0.230772
3624.95996 0.231683
3627.01001 0.232833
3629.07007 0.235484
3631.12012 0.237556
3633.17993 0.23915
3635.22998 0.241078
3637.28003 0.243294
3639.34009 0.244346
3641.38989 0.246068
3643.44995 0.248099
3645.50000 0.250316
3647.55005 0.251927
3649.61011 0.253023
3651.65991 0.255682
3653.71997 0.257547
3655.77002 0.258951
3657.82007 0.260311
3659.87988 0.263315
3661.92993 0.265071
3663.98999 0.265843
3666.04004 0.267449
3668.09009 0.269837
3670.14990 0.271625
3672.19995 0.272858
3674.26001 0.274226
3676.31006 0.275488
3678.36011 0.276509
3680.41992 0.27856
3682.46997 0.280403
3684.53003 0.282043
3686.58008 0.283453
3688.63989 0.284304
3690.68994 0.28549
3692.73999 0.287858
3694.80005 0.290097
3696.85010 0.291567
3698.90991 0.292278
3700.95996 0.294286
3703.01001 0.295878
3705.07007 0.297008
3707.12012 0.29744
3709.17993 0.299104
3711.22998 0.301157
3713.28003 0.300927
3715.34009 0.302248
3717.38989 0.304787
3719.44995 0.30529
3721.50000 0.306508
3723.55005 0.307149
3725.61011 0.308464
3727.65991 0.31001
3729.71997 0.311057
3731.77002 0.310947
3733.82007 0.31219
3735.87988 0.312737
3737.92993 0.314113
3739.98999 0.315606
3742.04004 0.316648
3744.09009 0.316688
3746.14990 0.318141
3748.19995 0.31872
3750.25000 0.319137
3752.31006 0.319672
3754.36011 0.320458
3756.41992 0.32138
3758.46997 0.322067
3760.52002 0.322292
3762.58008 0.322496
3764.62988 0.323685
3766.68994 0.324434
3768.73999 0.324841
3770.79004 0.324816
3772.85010 0.325212
3774.89990 0.324763
3776.95996 0.325289
3779.01001 0.325564
3781.06006 0.325855
3783.12012 0.3256
3785.16992 0.325425
3787.22998 0.325029
3789.28003 0.325674
3791.33008 0.32581
3793.38989 0.325957
3795.43994 0.325802
3797.50000 0.325331
3799.55005 0.325525
3801.60010 0.325319
3803.65991 0.32495
3805.70996 0.324291
3807.77002 0.323439
3809.82007 0.322996
3811.87988 0.322758
3813.92993 0.32268
3815.97998 0.321624
3818.04004 0.320907
3820.09009 0.320856
3822.14990 0.320064
3824.19995 0.318591
3826.25000 0.318319
3828.31006 0.316945
3830.36011 0.316803
3832.41992 0.316023
3834.46997 0.315269
3836.52002 0.313564
3838.58008 0.312165
3840.62988 0.310959
3842.68994 0.309837
3844.73999 0.308074
3846.79004 0.3069
3848.85010 0.305315
3850.89990 0.303587
3852.95996 0.302071
3855.01001 0.301148
3857.06006 0.299194
3859.12012 0.297121
3861.16992 0.295358
3863.22998 0.294445
3865.28003 0.29324
3867.33008 0.290654
3869.38989 0.287907
3871.43994 0.286595
3873.50000 0.284312
3875.55005 0.281607
3877.60010 0.280558
3879.65991 0.278418
3881.70996 0.27608
3883.76001 0.273908
3885.82007 0.271088
3887.87012 0.269109
3889.92993 0.266503
3891.97998 0.264016
3894.03003 0.261915
3896.09009 0.258986
3898.13989 0.256058
3900.19995 0.253624
3902.25000 0.25083
3904.30005 0.248121
3906.36011 0.245283
3908.40991 0.242583
3910.46997 0.240094
3912.52002 0.237169
3914.57007 0.234661
3916.62988 0.231662
3918.67993 0.228399
3920.73999 0.22546
3922.79004 0.222453
3924.84009 0.219085
3926.89990 0.216307
3928.94995 0.213473
3931.01001 0.21048
3933.06006 0.207367
3935.11011 0.203932
3937.16992 0.200831
3939.21997 0.197732
3941.28003 0.193877
3943.33008 0.191388
3945.38989 0.188389
3947.43994 0.184848
3949.48999 0.181667
3951.55005 0.178617
3953.60010 0.175635
3955.65991 0.172359
3957.70996 0.169155
3959.76001 0.16621
3961.82007 0.162857
3963.87012 0.159449
3965.92993 0.156031
3967.97998 0.152829
3970.03003 0.149999
3972.09009 0.14697
3974.13989 0.143771
3976.19995 0.1409
3978.25000 0.137642
3980.30005 0.134514
3982.36011 0.131681
3984.40991 0.128603
3986.46997 0.125661
3988.52002 0.122632
3990.57007 0.119691
3992.62988 0.116382
3994.67993 0.114038
3996.73999 0.111232
3998.79004 0.108226
4000.84009 0.105927
4002.89990 0.103312
4004.94995 0.100124
4007.00000 0.097375
4009.06006 0.094897
4011.11011 0.092036
4013.16992 0.0895
4015.21997 0.087314
4017.27002 0.084806
4019.33008 0.082475
4021.37988 0.079984
4023.43994 0.077735
4025.48999 0.075678
4027.54004 0.073551
4029.60010 0.071548
4031.64990 0.069117
4033.70996 0.06655
4035.76001 0.064431
4037.81006 0.062516
4039.87012 0.060643
4041.91992 0.05875
4043.97998 0.056903
4046.03003 0.055006
4048.08008 0.053023
4050.13989 0.051119
4052.18994 0.04949
4054.25000 0.047757
4056.30005 0.046319
4058.35010 0.044641
4060.40991 0.043045
4062.45996 0.04158
4064.52002 0.040276
4066.57007 0.038832
4068.62012 0.037448
4070.67993 0.035906
4072.72998 0.034539
4074.79004 0.033346
4076.84009 0.032136
4078.89990 0.030741
4080.94995 0.029559
4083.00000 0.028589
4085.06006 0.027532
4087.11011 0.026467
4089.16992 0.025433
4091.21997 0.024563
4093.27002 0.023495
4095.33008 0.022553
4097.37988 0.021704
4099.43994 0.020998
4101.49023 0.020207
4103.54004 0.019322
4105.60010 0.018609
4107.64990 0.017834
4109.70996 0.017032
4111.75977 0.016315
4113.81006 0.015688
4115.87012 0.015105
4117.91992 0.014462
4119.97998 0.013838
4122.02979 0.013312
4124.08008 0.012739
4126.14014 0.012246
4128.18994 0.011758
4130.25000 0.01131
4132.29980 0.010887
4134.35010 0.010456
4136.41016 0.010098
4138.45996 0.009631
4140.52002 0.009208
4142.56982 0.008786
4144.62012 0.008454
4146.68018 0.008169
4148.72998 0.00788
4150.79004 0.007592
4152.83984 0.007194
4154.89014 0.006894
4156.95020 0.006723
4159.00000 0.006439
4161.06006 0.006298
4163.10986 0.006033
4165.16016 0.00574
4167.22021 0.005512
4169.27002 0.0053
4171.33008 0.005118
4173.37988 0.00494
4175.43018 0.004806
4177.49023 0.004634
4179.54004 0.004446
4181.60010 0.004284
4183.64990 0.004145
4185.70020 0.004015
4604.27002 0.0
