threeML/data/optical_filters/CAHA/CAHA-f_657_12.ecsv
# %ECSV 0.9
# ---
# datatype:
# - {name: wavelength, unit: Angstrom, datatype: float32}
# - {name: response, datatype: float32}
# meta: !!omap
# - {band_name: f_657_12}
# - {group_name: CAHA}
wavelength response
5795.27539 0.0
6439.19482 0.00405
6439.45605 0.004381
6439.71680 0.004631
6439.97803 0.004811
6440.23877 0.004939
6440.50000 0.005035
6440.76123 0.005112
6441.02197 0.005175
6441.28320 0.005221
6441.54395 0.005249
6441.80518 0.005261
6442.06494 0.005266
6442.32715 0.005278
6442.58691 0.00531
6442.84912 0.005366
6443.10889 0.005444
6443.37109 0.005535
6443.63086 0.005625
6443.89307 0.005706
6444.15283 0.005773
6444.41406 0.005826
6444.67480 0.005867
6444.93604 0.0059
6445.19678 0.005928
6445.45801 0.005957
6445.71924 0.005992
6445.97998 0.006037
6446.24121 0.006096
6446.50195 0.00617
6446.76318 0.006256
6447.02393 0.00635
6447.28516 0.006447
6447.54590 0.006546
6447.80713 0.006644
6448.06787 0.006742
6448.32910 0.006839
6448.58984 0.006936
6448.85107 0.007033
6449.11182 0.00713
6449.37305 0.007227
6449.63379 0.007323
6449.89502 0.007416
6450.15479 0.007504
6450.41699 0.007586
6450.67676 0.007666
6450.93799 0.00775
6451.19922 0.007843
6451.45996 0.007947
6451.72119 0.008065
6451.98193 0.008195
6452.24316 0.008334
6452.50391 0.008474
6452.76514 0.008609
6453.02588 0.008732
6453.28711 0.008841
6453.54785 0.008941
6453.80908 0.009036
6454.06982 0.009135
6454.33105 0.009239
6454.59180 0.00935
6454.85303 0.009463
6455.11377 0.009575
6455.37500 0.009682
6455.63623 0.009784
6455.89697 0.009882
6456.15820 0.00998
6456.41895 0.010083
6456.68018 0.010193
6456.94092 0.010308
6457.20215 0.010427
6457.46289 0.01055
6457.72412 0.01068
6457.98486 0.010824
6458.24609 0.010986
6458.50684 0.01117
6458.76807 0.011372
6459.02881 0.011584
6459.29004 0.011796
6459.55078 0.011998
6459.81201 0.012186
6460.07324 0.012359
6460.33398 0.012519
6460.59521 0.012673
6460.85596 0.012826
6461.11719 0.012982
6461.37793 0.013143
6461.63916 0.01331
6461.89990 0.013484
6462.16113 0.013667
6462.42188 0.013863
6462.68311 0.014076
6462.94385 0.014306
6463.20508 0.014546
6463.46582 0.014789
6463.72705 0.015029
6463.98779 0.015267
6464.24902 0.015507
6464.50977 0.015752
6464.77100 0.016002
6465.03223 0.016252
6465.29297 0.016495
6465.55420 0.016728
6465.81494 0.016954
6466.07617 0.017181
6466.33691 0.017418
6466.59814 0.017669
6466.85889 0.017938
6467.12012 0.018219
6467.38086 0.018508
6467.64209 0.018802
6467.90283 0.019098
6468.16504 0.019399
6468.42480 0.019708
6468.68701 0.020026
6468.94678 0.020353
6469.20801 0.020684
6469.47021 0.021016
6469.72998 0.021344
6469.99219 0.021668
6470.25195 0.021991
6470.51416 0.022319
6470.77393 0.022657
6471.03613 0.023009
6471.29688 0.023374
6471.55811 0.023753
6471.81885 0.024145
6472.08008 0.02455
6472.34082 0.024971
6472.60205 0.025408
6472.86279 0.025861
6473.12402 0.02633
6473.38477 0.02681
6473.64600 0.027299
6473.90723 0.027793
6474.16797 0.028289
6474.42920 0.028784
6474.68994 0.029274
6474.95117 0.02976
6475.21191 0.030247
6475.47314 0.030742
6475.73389 0.03125
6475.99512 0.031774
6476.25586 0.032312
6476.51807 0.032861
6476.77783 0.033421
6477.04004 0.033995
6477.30078 0.034589
6477.56201 0.035208
6477.82324 0.035852
6478.08301 0.036516
6478.34521 0.037195
6478.60596 0.037879
6478.86719 0.038563
6479.12793 0.039244
6479.38916 0.039924
6479.64990 0.040608
6479.91113 0.041303
6480.17188 0.042016
6480.43311 0.042753
6480.69385 0.043517
6480.95508 0.044306
6481.21582 0.045121
6481.47803 0.04596
6481.73779 0.046822
6482.00000 0.047708
6482.26123 0.048624
6482.52100 0.049571
6482.78320 0.050547
6483.04395 0.051547
6483.30518 0.052561
6483.56592 0.053582
6483.82715 0.054612
6484.08789 0.055656
6484.34912 0.05672
6484.60986 0.057806
6484.87109 0.05891
6485.13184 0.060029
6485.39404 0.061162
6485.65381 0.062316
6485.91602 0.063503
6486.17676 0.06473
6486.43799 0.065999
6486.69922 0.067305
6486.95996 0.068641
6487.22119 0.070003
6487.48193 0.071389
6487.74316 0.072801
6488.00391 0.074241
6488.26514 0.075711
6488.52588 0.077211
6488.78711 0.078743
6489.04785 0.080308
6489.31006 0.081907
6489.57080 0.083537
6489.83203 0.085194
6490.09277 0.086869
6490.35400 0.088558
6490.61523 0.090263
6490.87598 0.091993
6491.13721 0.093763
6491.39795 0.095585
6491.65918 0.097466
6491.91992 0.099412
6492.18213 0.101422
6492.44189 0.103493
6492.70410 0.105617
6492.96484 0.107785
6493.22607 0.109985
6493.48682 0.112213
6493.74805 0.114473
6494.00879 0.116777
6494.27002 0.119144
6494.53076 0.121592
6494.79199 0.124131
6495.05322 0.126758
6495.31396 0.129459
6495.57617 0.132214
6495.83691 0.135007
6496.09814 0.137835
6496.35889 0.140702
6496.62012 0.143616
6496.88086 0.146584
6497.14209 0.149609
6497.40283 0.152691
6497.66504 0.155828
6497.92480 0.159023
6498.18701 0.162283
6498.44824 0.165615
6498.70898 0.16902
6498.97021 0.172497
6499.23096 0.176044
6499.49219 0.179661
6499.75293 0.183356
6500.01416 0.187143
6500.27490 0.191033
6500.53711 0.195026
6500.79785 0.199109
6501.05908 0.203261
6501.31982 0.207464
6501.58105 0.211709
6501.84180 0.216002
6502.10303 0.220352
6502.36377 0.224774
6502.62500 0.229275
6502.88721 0.233862
6503.14697 0.238538
6503.40918 0.243303
6503.66992 0.248159
6503.93115 0.253108
6504.19189 0.258153
6504.45312 0.263297
6504.71387 0.268537
6504.97607 0.27387
6505.23682 0.279283
6505.49805 0.284766
6505.75879 0.290309
6506.02002 0.295915
6506.28076 0.301596
6506.54199 0.307363
6506.80322 0.313226
6507.06396 0.319182
6507.32617 0.32522
6507.58691 0.331326
6507.84814 0.337483
6508.10889 0.34368
6508.37012 0.349905
6508.63086 0.356152
6508.89307 0.362423
6509.15381 0.368726
6509.41504 0.375078
6509.67578 0.381493
6509.93701 0.387979
6510.19824 0.394532
6510.45898 0.40114
6510.72021 0.407787
6510.98096 0.414467
6511.24316 0.421184
6511.50391 0.427944
6511.76514 0.434755
6512.02588 0.441616
6512.28711 0.448518
6512.54785 0.455456
6512.81006 0.462426
6513.07080 0.469437
6513.33203 0.476498
6513.59277 0.48361
6513.85400 0.490756
6514.11523 0.497907
6514.37598 0.505027
6514.63818 0.512092
6514.89893 0.519094
6515.16016 0.526042
6515.42090 0.532945
6515.68213 0.539803
6515.94287 0.54661
6516.20508 0.553354
6516.46582 0.560032
6516.72705 0.56665
6516.98779 0.573226
6517.24902 0.579777
6517.50977 0.586317
6517.77100 0.592853
6518.03320 0.599378
6518.29297 0.60588
6518.55518 0.612337
6518.81592 0.61872
6519.07715 0.624995
6519.33789 0.631133
6519.60010 0.637121
6519.86084 0.642968
6520.12207 0.648698
6520.38281 0.654344
6520.64404 0.659934
6520.90479 0.665481
6521.16699 0.670982
6521.42822 0.676421
6521.68896 0.681775
6521.95020 0.687023
6522.21094 0.692157
6522.47217 0.69718
6522.73291 0.70211
6522.99512 0.706963
6523.25586 0.711743
6523.51709 0.716438
6523.77783 0.721022
6524.04004 0.725473
6524.29980 0.729783
6524.56201 0.733965
6524.82324 0.738043
6525.08398 0.742036
6525.34521 0.745945
6525.60596 0.749748
6525.86816 0.75342
6526.12891 0.756943
6526.39014 0.760325
6526.65088 0.763597
6526.91211 0.766795
6527.17285 0.769946
6527.43506 0.77305
6527.69580 0.776085
6527.95703 0.779014
6528.21777 0.781802
6528.47900 0.784424
6528.74121 0.786874
6529.00195 0.789167
6529.26318 0.791335
6529.52393 0.793422
6529.78516 0.795469
6530.04590 0.797492
6530.30811 0.799477
6530.56885 0.801386
6530.83008 0.803182
6531.09082 0.804848
6531.35303 0.806402
6531.61377 0.80788
6531.87500 0.809314
6532.13623 0.810722
6532.39697 0.812103
6532.65918 0.81345
6532.91895 0.814752
6533.18115 0.815991
6533.44189 0.817142
6533.70312 0.81818
6533.96387 0.819091
6534.22607 0.819885
6534.48682 0.820602
6534.74805 0.821304
6535.00879 0.822055
6535.27100 0.822906
6535.53223 0.823876
6535.79297 0.824949
6536.05420 0.826072
6536.31494 0.827167
6536.57715 0.828154
6536.83789 0.828971
6537.09912 0.829599
6537.35986 0.830069
6537.62109 0.830445
6537.88184 0.830797
6538.14404 0.831175
6538.40479 0.831593
6538.66602 0.832038
6538.92676 0.832484
6539.18799 0.832905
6539.45020 0.833289
6539.71094 0.833632
6539.97217 0.833946
6540.23291 0.834247
6540.49512 0.834553
6540.75586 0.834873
6541.01709 0.835202
6541.27783 0.835527
6541.54004 0.835833
6541.80078 0.836114
6542.06201 0.83638
6542.32324 0.836643
6542.58398 0.836909
6542.84619 0.837171
6543.10693 0.837413
6543.36816 0.837627
6543.62891 0.837826
6543.89111 0.838038
6544.15186 0.838294
6544.41309 0.838612
6544.67383 0.838987
6544.93604 0.839387
6545.19678 0.839767
6545.45801 0.840082
6545.71924 0.840305
6545.97998 0.840437
6546.24219 0.84051
6546.50293 0.840572
6546.76416 0.840673
6547.02490 0.840842
6547.28711 0.841087
6547.54785 0.841395
6547.80908 0.841737
6548.06982 0.842076
6548.33203 0.842376
6548.59277 0.842607
6548.85400 0.842756
6549.11523 0.842832
6549.37598 0.842861
6549.63818 0.842886
6549.89893 0.842953
6550.16016 0.843096
6550.42090 0.843332
6550.68311 0.843646
6550.94385 0.844001
6551.20508 0.844346
6551.46582 0.844637
6551.72803 0.84485
6551.98877 0.84499
6552.25000 0.845081
6552.51123 0.845162
6552.77295 0.845272
6553.03418 0.845443
6553.29492 0.845687
6553.55713 0.845997
6553.81787 0.84635
6554.07910 0.846712
6554.33984 0.847046
6554.60205 0.847326
6554.86279 0.847538
6555.12402 0.847682
6555.38477 0.847772
6555.64600 0.847831
6555.90820 0.847893
6556.16895 0.847997
6556.43018 0.848176
6556.69092 0.848446
6556.95312 0.848796
6557.21387 0.849199
6557.47510 0.849616
6557.73682 0.850011
6557.99805 0.850355
6558.25879 0.850637
6558.52100 0.850866
6558.78223 0.851068
6559.04297 0.851281
6559.30420 0.851526
6559.56494 0.851803
6559.82715 0.852088
6560.08789 0.852342
6560.34912 0.852538
6560.60986 0.852674
6560.87207 0.852769
6561.13281 0.852847
6561.39502 0.852926
6561.65576 0.853007
6561.91699 0.853078
6562.17822 0.853132
6562.43896 0.85316
6562.70117 0.853157
6562.96191 0.853119
6563.22314 0.853055
6563.48389 0.852986
6563.74609 0.852941
6564.00684 0.852948
6564.26904 0.85302
6564.52979 0.853149
6564.79102 0.853297
6565.05176 0.85342
6565.31299 0.853478
6565.57520 0.853457
6565.83594 0.853373
6566.09814 0.853263
6566.35889 0.853164
6566.62012 0.853096
6566.88086 0.853064
6567.14307 0.853062
6567.40381 0.853089
6567.66504 0.853145
6567.92578 0.853228
6568.18799 0.853324
6568.44922 0.853405
6568.70996 0.853436
6568.97217 0.853389
6569.23291 0.853255
6569.49414 0.853045
6569.75488 0.852788
6570.01709 0.852523
6570.27783 0.852282
6570.54004 0.852089
6570.80078 0.851951
6571.06201 0.851858
6571.32324 0.851789
6571.58398 0.851714
6571.84619 0.851606
6572.10693 0.851455
6572.36914 0.85127
6572.62988 0.851078
6572.89111 0.850901
6573.15186 0.850753
6573.41406 0.850623
6573.67480 0.850492
6573.93701 0.850338
6574.19824 0.850151
6574.45898 0.84993
6574.72021 0.849682
6574.98096 0.849421
6575.24316 0.849157
6575.50391 0.848897
6575.76611 0.848643
6576.02686 0.848389
6576.28809 0.848129
6576.54883 0.847856
6576.81104 0.847568
6577.07178 0.847271
6577.33301 0.846978
6577.59521 0.846699
6577.85596 0.846436
6578.11719 0.846183
6578.37891 0.845928
6578.64014 0.845663
6578.90088 0.845393
6579.16309 0.845137
6579.42383 0.844918
6579.68604 0.84475
6579.94678 0.844628
6580.20801 0.844531
6580.46924 0.844425
6580.72998 0.844274
6580.99219 0.844056
6581.25293 0.843771
6581.51514 0.84344
6581.77588 0.843091
6582.03711 0.842756
6582.29883 0.842452
6582.56006 0.842186
6582.82080 0.841962
6583.08301 0.841783
6583.34424 0.841649
6583.60498 0.841545
6583.86719 0.841445
6584.12793 0.841313
6584.38916 0.841119
6584.64990 0.840852
6584.91211 0.840528
6585.17285 0.840187
6585.43506 0.839876
6585.69580 0.83963
6585.95801 0.839456
6586.21924 0.83934
6586.47998 0.839252
6586.74121 0.83916
6587.00293 0.839048
6587.26416 0.838918
6587.52490 0.838793
6587.78711 0.838706
6588.04785 0.838681
6588.31006 0.838731
6588.57080 0.838843
6588.83203 0.83899
6589.09277 0.839132
6589.35498 0.839238
6589.61621 0.839284
6589.87695 0.839271
6590.13916 0.839213
6590.39990 0.839142
6590.66211 0.839096
6590.92285 0.8391
6591.18408 0.839163
6591.44580 0.839276
6591.70703 0.839411
6591.96777 0.839536
6592.22900 0.839623
6592.49121 0.839649
6592.75195 0.839607
6593.01416 0.839495
6593.27490 0.839329
6593.53711 0.839136
6593.79785 0.83895
6594.05908 0.838805
6594.32080 0.838718
6594.58203 0.838691
6594.84277 0.838709
6595.10400 0.838754
6595.36621 0.838812
6595.62695 0.838877
6595.88916 0.838948
6596.14990 0.839027
6596.41211 0.839123
6596.67285 0.839247
6596.93408 0.839405
6597.19580 0.839586
6597.45703 0.839761
6597.71777 0.839879
6597.97998 0.839891
6598.24121 0.839768
6598.50195 0.839512
6598.76416 0.839159
6599.02490 0.838759
6599.28711 0.838364
6599.54785 0.838004
6599.81006 0.837684
6600.07080 0.837387
6600.33203 0.837085
6600.59424 0.836751
6600.85498 0.836376
6601.11621 0.835973
6601.37695 0.835564
6601.63916 0.835173
6601.89990 0.834799
6602.16211 0.834413
6602.42285 0.833969
6602.68506 0.833422
6602.94580 0.832746
6603.20801 0.831949
6603.46924 0.831059
6603.72998 0.830116
6603.99219 0.829149
6604.25293 0.828169
6604.51416 0.82716
6604.77588 0.826096
6605.03711 0.824949
6605.29785 0.823706
6605.56006 0.822368
6605.82080 0.820948
6606.08301 0.819459
6606.34424 0.817904
6606.60498 0.816268
6606.86719 0.814528
6607.12793 0.812657
6607.39014 0.810632
6607.65088 0.808449
6607.91309 0.806125
6608.17383 0.803695
6608.43506 0.8012
6608.69678 0.798662
6608.95801 0.796072
6609.21924 0.7934
6609.48096 0.790604
6609.74219 0.787666
6610.00391 0.78459
6610.26514 0.781406
6610.52588 0.778141
6610.78809 0.774812
6611.04883 0.771424
6611.31104 0.767978
6611.57178 0.764478
6611.83301 0.760926
6612.09521 0.757312
6612.35596 0.753607
6612.61816 0.749767
6612.87891 0.745753
6613.14111 0.741541
6613.40186 0.737131
6613.66406 0.732541
6613.92480 0.727792
6614.18604 0.722905
6614.44824 0.717894
6614.70898 0.712768
6614.97119 0.70754
6615.23193 0.702222
6615.49316 0.696831
6615.75488 0.691376
6616.01611 0.68586
6616.27783 0.680277
6616.53906 0.674615
6616.79980 0.668858
6617.06201 0.662989
6617.32324 0.656987
6617.58496 0.650836
6617.84619 0.64454
6618.10693 0.638125
6618.36914 0.631628
6618.62988 0.625085
6618.89209 0.618506
6619.15283 0.611881
6619.41504 0.60519
6619.67578 0.598417
6619.93799 0.591562
6620.19922 0.584638
6620.45996 0.57767
6620.72217 0.57068
6620.98291 0.563693
6621.24512 0.556725
6621.50586 0.549783
6621.76807 0.54286
6622.02881 0.535938
6622.29102 0.528994
6622.55176 0.522016
6622.81299 0.515
6623.07520 0.507949
6623.33594 0.500867
6623.59814 0.493758
6623.85889 0.486628
6624.12109 0.479488
6624.38184 0.47235
6624.64404 0.465223
6624.90479 0.45811
6625.16699 0.451016
6625.42822 0.443956
6625.68896 0.436955
6625.95117 0.430042
6626.21191 0.423236
6626.47412 0.41654
6626.73486 0.409934
6626.99707 0.403386
6627.25781 0.396865
6627.52002 0.390352
6627.78076 0.383847
6628.04199 0.37736
6628.30420 0.370915
6628.56494 0.364531
6628.82715 0.358218
6629.08789 0.35198
6629.35010 0.345815
6629.61084 0.339722
6629.87305 0.3337
6630.13379 0.327751
6630.39600 0.321871
6630.65723 0.316056
6630.91797 0.310306
6631.18018 0.304624
6631.44092 0.299024
6631.70312 0.293515
6631.96387 0.288101
6632.22607 0.282772
6632.48682 0.277513
6632.74902 0.272312
6633.00977 0.267168
6633.27100 0.262095
6633.53320 0.257114
6633.79395 0.252247
6634.05615 0.247502
6634.31689 0.242877
6634.57910 0.238358
6634.83984 0.233926
6635.10205 0.229563
6635.36279 0.225258
6635.62500 0.221013
6635.88623 0.216831
6636.14795 0.212718
6636.40918 0.20867
6636.67090 0.20468
6636.93213 0.200741
6637.19385 0.196849
6637.45508 0.19301
6637.71680 0.189232
6637.97803 0.185528
6638.24023 0.181909
6638.50098 0.178377
6638.76318 0.174927
6639.02393 0.171549
6639.28613 0.16823
6639.54688 0.164965
6639.80908 0.16175
6640.06982 0.158589
6640.33203 0.155487
6640.59277 0.152452
6640.85400 0.149494
6641.11621 0.146617
6641.37695 0.143818
6641.63916 0.141089
6641.89990 0.138415
6642.16211 0.135782
6642.42285 0.133182
6642.68506 0.130616
6642.94580 0.128093
6643.20801 0.125622
6643.47021 0.123209
6643.73096 0.120853
6643.99316 0.118551
6644.25391 0.116296
6644.51611 0.114086
6644.77686 0.11192
6645.03906 0.109798
6645.29980 0.107717
6645.56201 0.105677
6645.82324 0.103671
6646.08398 0.101699
6646.34619 0.09976
6646.60693 0.097857
6646.86914 0.095992
6647.12988 0.094164
6647.39209 0.09237
6647.65283 0.090607
6647.91504 0.088879
6648.17676 0.087188
6648.43799 0.085539
6648.70020 0.083932
6648.96094 0.082368
6649.22314 0.08084
6649.48389 0.079347
6649.74609 0.077886
6650.00684 0.076457
6650.26904 0.075059
6650.52979 0.073685
6650.79199 0.07233
6651.05322 0.07099
6651.31396 0.069667
6651.57617 0.068369
6651.83789 0.067107
6652.09912 0.065893
6652.36084 0.064726
6652.62207 0.063604
6652.88379 0.062517
6653.14600 0.061458
6653.40723 0.060418
6653.66797 0.05939
6653.93018 0.058364
6654.19092 0.057334
6654.45312 0.056295
6654.71387 0.055252
6654.97607 0.054216
6655.23682 0.053204
6655.49902 0.052226
6655.76123 0.051288
6656.02197 0.050382
6656.28418 0.049496
6656.54492 0.048623
6656.80713 0.047758
6657.06787 0.046909
6657.33008 0.046084
6657.59082 0.045288
6657.85303 0.044522
6658.11377 0.04378
6658.37598 0.04305
6658.63818 0.042327
6658.89893 0.041606
6659.16113 0.040893
6659.42188 0.040198
6659.68408 0.03953
6659.94482 0.038895
6660.20703 0.038292
6660.46777 0.037711
6660.72998 0.037141
6660.99121 0.036568
6661.25293 0.035986
6661.51514 0.035392
6661.77588 0.034787
6662.03809 0.034179
6662.29883 0.033573
6662.56104 0.032977
6662.82178 0.032398
6663.08301 0.031841
6663.34521 0.031306
6663.60693 0.030793
6663.86816 0.030298
6664.12988 0.029817
6664.39209 0.029348
6664.65283 0.028891
6664.91504 0.028444
6665.17578 0.028005
6665.43799 0.02757
6665.69922 0.027137
6665.96094 0.026709
6666.22217 0.026291
6666.48389 0.025888
6666.74609 0.025505
6667.00684 0.025139
6667.26904 0.024788
6667.52979 0.024445
6667.79199 0.024105
6668.05322 0.023765
6668.31494 0.023421
6668.57617 0.023073
6668.83789 0.022721
6669.10010 0.022366
6669.36084 0.022012
6669.62305 0.021662
6669.88379 0.021318
6670.14600 0.020984
6670.40723 0.02066
6670.66895 0.020346
6670.93115 0.020039
6671.19189 0.019738
6671.45410 0.019439
6671.71484 0.019143
6671.97705 0.018851
6672.23779 0.018563
6672.50000 0.018279
6672.76221 0.017998
6673.02295 0.01772
6673.28516 0.017445
6673.54590 0.017174
6673.80811 0.016909
6674.06885 0.016653
6674.33105 0.016407
6674.59277 0.016172
6674.85400 0.015946
6675.11621 0.015725
6675.37695 0.015508
6675.63916 0.015297
6675.89990 0.015094
6676.16211 0.014904
6676.42383 0.01473
6676.68506 0.01457
6676.94678 0.014419
6677.20801 0.01427
6677.47021 0.014114
6677.73096 0.013947
6677.99316 0.013767
6678.25488 0.013578
6678.51709 0.013386
6678.77783 0.013193
6679.04004 0.013001
6679.30078 0.01281
6679.56299 0.012618
6679.82422 0.012428
6680.08594 0.012241
6680.34814 0.012055
6680.60889 0.011869
6680.87109 0.01168
6681.13184 0.011492
6681.39404 0.011308
6681.65479 0.011138
6681.91699 0.010988
6682.17920 0.010861
6682.43994 0.010752
6682.70215 0.01065
6682.96289 0.010544
6683.22510 0.010428
6683.48682 0.010301
6683.74902 0.010166
6684.00977 0.01003
6684.27100 0.009901
6684.53320 0.00978
6684.79492 0.009665
6685.05615 0.009552
6685.31787 0.009435
6685.58008 0.009315
6685.84082 0.009195
6686.10303 0.009078
6686.36377 0.008967
6686.62598 0.008864
6686.88818 0.008766
6687.14893 0.008672
6687.41113 0.008582
6687.67188 0.008497
6687.93408 0.008419
6688.19580 0.008346
6688.45801 0.008275
6688.71924 0.008199
6688.97998 0.008112
6689.24219 0.008012
6689.50391 0.0079
6689.76611 0.007784
6690.02686 0.00767
6690.28906 0.007565
6690.54980 0.00747
6690.81201 0.007385
6691.07422 0.007308
6691.33496 0.007236
6691.59717 0.007167
6691.85791 0.007098
6692.12012 0.007026
6692.38184 0.006946
6692.64404 0.006857
6692.90479 0.006757
6693.16699 0.00665
6693.42822 0.006543
6693.68994 0.006439
6693.95215 0.006342
6694.21289 0.006256
6694.47510 0.00618
6694.73584 0.006117
6694.99805 0.006064
6695.25977 0.00602
6695.52100 0.005983
6695.78320 0.005946
6696.04395 0.005904
6696.30615 0.00585
6696.56787 0.005782
6696.83008 0.005699
6697.09082 0.005607
6697.35303 0.005514
6697.61377 0.005428
6697.87598 0.005356
6698.13818 0.005302
6698.39893 0.005264
6698.66113 0.00524
6698.92285 0.005222
6699.18408 0.005203
6699.44580 0.005179
6699.70801 0.005146
6699.96924 0.005104
6700.23096 0.005055
6700.49316 0.004999
6700.75391 0.004936
6701.01611 0.00487
6701.27686 0.004803
6701.53906 0.004744
6701.80078 0.004698
6702.06299 0.004668
6702.32422 0.004648
6702.58594 0.004632
6702.84814 0.00461
6703.10889 0.004573
6703.37109 0.004521
6703.63184 0.004457
6703.89404 0.004388
6704.15576 0.004321
6704.41699 0.004263
6704.67920 0.004218
6704.94092 0.004185
7375.43506 0.0
