threeML/data/optical_filters/CAHA/CAHA-f_452_87.ecsv
# %ECSV 0.9
# ---
# datatype:
# - {name: wavelength, unit: Angstrom, datatype: float32}
# - {name: response, datatype: float32}
# meta: !!omap
# - {band_name: f_452_87}
# - {group_name: CAHA}
wavelength response
3151.45801 0.0
3501.62012 0.016448
3503.67993 0.016448
3505.73999 0.01559
3507.80005 0.013883
3509.86011 0.013883
3511.91992 0.013883
3513.97998 0.014764
3516.04004 0.014764
3518.10010 0.015655
3520.15991 0.016203
3522.21997 0.015655
3524.28003 0.015655
3526.34009 0.015655
3528.39990 0.015118
3530.45996 0.015118
3532.52002 0.015118
3534.58008 0.015118
3536.63989 0.015118
3538.69995 0.016776
3540.76001 0.016085
3542.82007 0.017104
3544.87988 0.016085
3546.93994 0.016085
3549.00000 0.015781
3551.06006 0.015781
3553.12012 0.015385
3555.17993 0.015385
3557.23999 0.016533
3559.30005 0.018997
3561.36011 0.016533
3563.41992 0.018145
3565.47998 0.018054
3567.54004 0.018145
3569.60010 0.018054
3571.65991 0.018054
3573.71997 0.017484
3575.78003 0.01715
3577.84009 0.016295
3579.89990 0.016295
3581.95996 0.016282
3584.02002 0.015866
3586.08008 0.015866
3588.13989 0.015866
3590.19995 0.015866
3592.26001 0.016643
3594.32007 0.016643
3596.37988 0.017657
3598.43994 0.017657
3600.50000 0.017007
3602.56006 0.017007
3604.62012 0.019821
3606.67993 0.018308
3608.73999 0.018308
3610.80005 0.018308
3612.86011 0.017056
3614.91992 0.016892
3616.97998 0.016503
3619.04004 0.016488
3621.10010 0.016488
3623.15991 0.016488
3625.21997 0.01647
3627.28003 0.01647
3629.34009 0.016625
3631.39990 0.016625
3633.45996 0.01647
3635.52002 0.018218
3637.58008 0.018218
3639.63989 0.018764
3641.69995 0.018764
3643.76001 0.018764
3645.82007 0.018764
3647.87988 0.019069
3649.93994 0.019069
3652.00000 0.018554
3654.06006 0.019069
3656.12012 0.018554
3658.17993 0.018554
3660.23999 0.019744
3662.30005 0.019744
3664.36011 0.019063
3666.41992 0.019063
3668.47998 0.019063
3670.54004 0.01729
3672.60010 0.018034
3674.65991 0.018034
3676.71997 0.018441
3678.78003 0.018441
3680.84009 0.019459
3682.89990 0.019857
3684.95996 0.019857
3687.02002 0.020293
3689.08008 0.019459
3691.13989 0.017578
3693.19995 0.017578
3695.26001 0.020923
3697.32007 0.019216
3699.37988 0.019216
3701.43994 0.020763
3703.50000 0.020763
3705.56006 0.020184
3707.62012 0.020763
3709.67993 0.020763
3711.73999 0.020184
3713.80005 0.01942
3715.86011 0.018434
3717.91992 0.018434
3719.97998 0.01942
3722.04004 0.018241
3724.10010 0.01861
3726.15991 0.021213
3728.21997 0.021448
3730.28003 0.020192
3732.34009 0.020192
3734.39990 0.020192
3736.45996 0.020192
3738.52002 0.020192
3740.58008 0.020816
3742.63989 0.020816
3744.69995 0.021316
3746.76001 0.020816
3748.82007 0.020722
3750.87988 0.020415
3752.93994 0.020415
3755.00000 0.020415
3757.06006 0.020415
3759.12012 0.020153
3761.17993 0.020153
3763.23999 0.020153
3765.30005 0.020153
3767.36011 0.020153
3769.41992 0.019727
3771.47998 0.020938
3773.54004 0.020484
3775.60010 0.020484
3777.65991 0.020484
3779.71997 0.020484
3781.78003 0.020484
3783.84009 0.020973
3785.89990 0.024157
3787.95996 0.024157
3790.02002 0.024157
3792.08008 0.024157
3794.13989 0.022179
3796.19995 0.022179
3798.26001 0.022346
3800.32007 0.022947
3802.37988 0.022346
3804.43994 0.022452
3806.50000 0.022452
3808.56006 0.022452
3810.62012 0.022452
3812.67993 0.022452
3814.73999 0.023571
3816.80005 0.023571
3818.86011 0.022419
3820.91992 0.022419
3822.97998 0.022419
3825.04004 0.022419
3827.10010 0.024158
3829.15991 0.024158
3831.21997 0.02363
3833.28003 0.02363
3835.34009 0.02363
3837.39990 0.02363
3839.45996 0.023991
3841.52002 0.02463
3843.58008 0.02463
3845.63989 0.023991
3847.69995 0.02463
3849.76001 0.023577
3851.82007 0.023577
3853.87988 0.025177
3855.93994 0.025177
3858.00000 0.025177
3860.06006 0.026179
3862.12012 0.026179
3864.17993 0.025194
3866.23999 0.025498
3868.30005 0.025194
3870.36011 0.024487
3872.41992 0.025194
3874.47998 0.025368
3876.54004 0.024487
3878.60010 0.024696
3880.65991 0.025368
3882.71997 0.025918
3884.78003 0.025918
3886.84009 0.025991
3888.89990 0.027297
3890.95996 0.027297
3893.02002 0.027297
3895.08008 0.027297
3897.13989 0.026462
3899.19995 0.026462
3901.26001 0.026341
3903.32007 0.026341
3905.37988 0.026341
3907.43994 0.026341
3909.50000 0.026341
3911.56006 0.028316
3913.62012 0.029431
3915.67993 0.02921
3917.73999 0.029462
3919.80005 0.029462
3921.86011 0.029462
3923.91992 0.029462
3925.97998 0.030307
3928.04004 0.030395
3930.10010 0.030395
3932.15991 0.030395
3934.21997 0.030307
3936.28003 0.030216
3938.34009 0.028356
3940.39990 0.030216
3942.45996 0.028356
3944.52002 0.028356
3946.58008 0.029028
3948.63989 0.03119
3950.69995 0.029704
3952.76001 0.03119
3954.82007 0.029704
3956.87988 0.03119
3958.93994 0.033272
3961.00000 0.033272
3963.06006 0.033272
3965.12012 0.033295
3967.17993 0.033295
3969.23999 0.035261
3971.30005 0.035928
3973.36011 0.036557
3975.41992 0.035261
3977.47998 0.035755
3979.54004 0.035755
3981.60010 0.035755
3983.65991 0.035713
3985.71997 0.035755
3987.78003 0.038033
3989.84009 0.038804
3991.89990 0.038804
3993.95996 0.039055
3996.02002 0.039683
3998.08008 0.039683
4000.13989 0.039055
4002.19995 0.040551
4004.26001 0.040551
4006.32007 0.038993
4008.37988 0.041361
4010.43994 0.041636
4012.50000 0.041796
4014.56006 0.04395
4016.62012 0.044325
4018.67993 0.045155
4020.73999 0.046985
4022.80005 0.047891
4024.86011 0.047891
4026.91992 0.047891
4028.97998 0.048453
4031.04004 0.051262
4033.10010 0.051324
4035.15991 0.052212
4037.21997 0.054224
4039.28003 0.054853
4041.34009 0.057368
4043.39990 0.05764
4045.45996 0.057754
4047.52002 0.057754
4049.58008 0.058163
4051.63989 0.061051
4053.69995 0.064827
4055.76001 0.065908
4057.82007 0.065908
4059.87988 0.0673
4061.93994 0.070839
4064.00000 0.074467
4066.06006 0.074629
4068.12012 0.078619
4070.17993 0.081525
4072.23999 0.084094
4074.30005 0.084543
4076.36011 0.085701
4078.41992 0.089518
4080.47998 0.09051
4082.54004 0.098579
4084.60010 0.098973
4086.65991 0.099378
4088.71997 0.101812
4090.78003 0.108025
4092.84009 0.111232
4094.89990 0.117386
4096.95996 0.122074
4099.02002 0.122332
4101.08008 0.125365
4103.14014 0.134975
4105.20020 0.136254
4107.25977 0.141431
4109.31982 0.144065
4111.37988 0.149665
4113.43994 0.153997
4115.50000 0.161553
4117.56006 0.164945
4119.62012 0.168903
4121.68018 0.174512
4123.74023 0.180097
4125.79980 0.189652
4127.85986 0.191623
4129.91992 0.198836
4131.97998 0.201928
4134.04004 0.210958
4136.10010 0.214717
4138.16016 0.218724
4140.22021 0.220367
4142.27979 0.231838
4144.33984 0.239997
4146.39990 0.244461
4148.45996 0.246071
4150.52002 0.251068
4152.58008 0.261181
4154.64014 0.266644
4156.70020 0.271382
4158.75977 0.278697
4160.81982 0.283451
4162.87988 0.287237
4164.93994 0.289345
4167.00000 0.297494
4169.06006 0.29796
4171.12012 0.311276
4173.18018 0.314851
4175.24023 0.316832
4177.29980 0.330003
4179.35986 0.330055
4181.41992 0.330487
4183.47998 0.338342
4185.54004 0.347283
4187.60010 0.353177
4189.66016 0.353308
4191.72021 0.356202
4193.77979 0.358955
4195.83984 0.370422
4197.89990 0.372691
4199.95996 0.377011
4202.02002 0.378513
4204.08008 0.38331
4206.14014 0.383712
4208.20020 0.392775
4210.25977 0.395505
4212.31982 0.396827
4214.37988 0.40136
4216.43994 0.407824
4218.50000 0.40832
4220.56006 0.409796
4222.62012 0.412174
4224.68018 0.415031
4226.74023 0.415205
4228.79980 0.417414
4230.85986 0.419306
4232.91992 0.422542
4234.97998 0.428677
4237.04004 0.429703
4239.10010 0.429762
4241.16016 0.430886
4243.22021 0.432163
4245.27979 0.433354
4247.33984 0.433489
4249.39990 0.439522
4251.45996 0.439522
4253.52002 0.440271
4255.58008 0.440609
4257.64014 0.440609
4259.70020 0.445042
4261.75977 0.446531
4263.81982 0.448536
4265.87988 0.449504
4267.93994 0.452921
4270.00000 0.45419
4272.06006 0.456028
4274.12012 0.457475
4276.18018 0.457507
4278.24023 0.45911
4280.29980 0.459682
4282.35986 0.45911
4284.41992 0.460257
4286.47998 0.46283
4288.54004 0.465469
4290.60010 0.469288
4292.66016 0.470024
4294.72021 0.470905
4296.77979 0.471258
4298.83984 0.471258
4300.89990 0.473037
4302.95996 0.473453
4305.02002 0.475479
4307.08008 0.475499
4309.14014 0.478377
4311.20020 0.478593
4313.25977 0.481657
4315.31982 0.481657
4317.37988 0.482201
4319.43994 0.482461
4321.50000 0.482461
4323.56006 0.484656
4325.62012 0.485744
4327.68018 0.487468
4329.74023 0.487969
4331.79980 0.491252
4333.85986 0.491252
4335.91992 0.491405
4337.97998 0.491645
4340.04004 0.491405
4342.10010 0.493058
4344.16016 0.49725
4346.22021 0.496954
4348.27979 0.497562
4350.33984 0.499658
4352.39990 0.498293
4354.45996 0.498293
4356.52002 0.500287
4358.58008 0.500892
4360.64014 0.500287
4362.70020 0.500287
4364.75977 0.499777
4366.81982 0.499777
4368.87988 0.499777
4370.93994 0.50008
4373.00000 0.504411
4375.06006 0.507873
4377.12012 0.508572
4379.18018 0.508572
4381.24023 0.508572
4383.29980 0.510484
4385.35986 0.508572
4387.41992 0.510484
4389.47998 0.510638
4391.54004 0.511484
4393.60010 0.512664
4395.66016 0.512852
4397.72021 0.512664
4399.77979 0.512852
4401.83984 0.513216
4403.89990 0.514519
4405.95996 0.515223
4408.02002 0.516015
4410.08008 0.517044
4412.14014 0.517475
4414.20020 0.519228
4416.25977 0.519228
4418.31982 0.518228
4420.37988 0.518228
4422.43994 0.519228
4424.50000 0.519429
4426.56006 0.521237
4428.62012 0.521305
4430.68018 0.521527
4432.74023 0.523193
4434.79980 0.522169
4436.85986 0.523193
4438.91992 0.523193
4440.97998 0.523193
4443.04004 0.522169
4445.10010 0.523357
4447.16016 0.523357
4449.22021 0.524401
4451.27979 0.526797
4453.33984 0.527619
4455.39990 0.527174
4457.45996 0.527174
4459.52002 0.527594
4461.58008 0.527174
4463.64014 0.527174
4465.70020 0.524819
4467.75977 0.527594
4469.81982 0.528249
4471.87988 0.528249
4473.93994 0.528249
4476.00000 0.528249
4478.06006 0.525098
4480.12012 0.525098
4482.18018 0.525531
4484.24023 0.525531
4486.29980 0.527655
4488.35986 0.528433
4490.41992 0.527655
4492.47998 0.527655
4494.54004 0.525145
4496.60010 0.525145
4498.66016 0.525145
4500.72021 0.526611
4502.77979 0.526611
4504.83984 0.526611
4506.89990 0.526611
4508.95996 0.526617
4511.02002 0.527774
4513.08008 0.527774
4515.14014 0.528187
4517.20020 0.529727
4519.25977 0.529861
4521.31982 0.529861
4523.37988 0.530251
4525.43994 0.530695
4527.50000 0.530614
4529.56006 0.530614
4531.62012 0.530614
4533.68018 0.530614
4535.74023 0.529902
4537.79980 0.529446
4539.85986 0.529902
4541.91992 0.529902
4543.97998 0.529446
4546.04004 0.528362
4548.10010 0.528362
4550.16016 0.528362
4552.22021 0.52978
4554.27979 0.530105
4556.33984 0.530105
4558.39990 0.52978
4560.45996 0.530105
4562.52002 0.528794
4564.58008 0.528337
4566.64014 0.528337
4568.70020 0.527445
4570.75977 0.527149
4572.81982 0.527149
4574.87988 0.527149
4576.93994 0.527149
4579.00000 0.529685
4581.06006 0.530509
4583.12012 0.529685
4585.18018 0.529685
4587.24023 0.527607
4589.29980 0.527607
4591.35986 0.526479
4593.41992 0.527607
4595.47998 0.525262
4597.54004 0.526162
4599.60010 0.526162
4601.66016 0.526381
4603.72021 0.526162
4605.77979 0.526381
4607.83984 0.526381
4609.89990 0.526381
4611.95996 0.523881
4614.02002 0.524247
4616.08008 0.524247
4618.14014 0.524247
4620.20020 0.524247
4622.25977 0.525366
4624.31982 0.525366
4626.37988 0.519943
4628.43994 0.519943
4630.50000 0.519601
4632.56006 0.518753
4634.62012 0.518753
4636.68018 0.518753
4638.74023 0.518753
4640.79980 0.518753
4642.85986 0.51821
4644.91992 0.517954
4646.97998 0.517145
4649.04004 0.516775
4651.10010 0.516775
4653.16016 0.515758
4655.22021 0.516688
4657.27979 0.516688
4659.33984 0.516688
4661.39990 0.516097
4663.45996 0.516097
4665.52002 0.515324
4667.58008 0.514028
4669.64014 0.51185
4671.70020 0.510196
4673.75977 0.510196
4675.81982 0.510196
4677.87988 0.50887
4679.93994 0.50887
4682.00000 0.507718
4684.06006 0.505916
4686.12012 0.505851
4688.18018 0.504256
4690.24023 0.504256
4692.29980 0.505851
4694.35986 0.502738
4696.41992 0.501896
4698.47998 0.500713
4700.54004 0.498033
4702.60010 0.497703
4704.66016 0.497703
4706.72021 0.495795
4708.77979 0.495795
4710.83984 0.495563
4712.89990 0.495184
4714.95996 0.49369
4717.02002 0.491464
4719.08008 0.490697
4721.14014 0.490697
4723.20020 0.48482
4725.25977 0.48482
4727.31982 0.48482
4729.37988 0.484256
4731.43994 0.484256
4733.50000 0.484151
4735.56006 0.482001
4737.62012 0.479208
4739.68018 0.478151
4741.74023 0.477314
4743.79980 0.476312
4745.85986 0.475664
4747.91992 0.474159
4749.97998 0.472631
4752.04004 0.471999
4754.10010 0.470625
4756.16016 0.469934
4758.22021 0.468545
4760.27979 0.466801
4762.33984 0.464271
4764.39990 0.462794
4766.45996 0.461153
4768.52002 0.459529
4770.58008 0.459336
4772.64014 0.456433
4774.70020 0.454779
4776.75977 0.454143
4778.81982 0.454011
4780.87988 0.453548
4782.93994 0.450248
4785.00000 0.44916
4787.06006 0.44748
4789.12012 0.446828
4791.18018 0.445796
4793.24023 0.441739
4795.29980 0.44153
4797.35986 0.439082
4799.41992 0.437555
4801.47998 0.436076
4803.54004 0.435989
4805.60010 0.435336
4807.66016 0.432613
4809.72021 0.432453
4811.77979 0.432064
4813.83984 0.429144
4815.89990 0.42741
4817.95996 0.42524
4820.02002 0.423485
4822.08008 0.422196
4824.14014 0.419049
4826.20020 0.419049
4828.25977 0.417882
4830.31982 0.417504
4832.37988 0.415126
4834.43994 0.41362
4836.50000 0.410235
4838.56006 0.409684
4840.62012 0.406316
4842.68018 0.405011
4844.74023 0.402311
4846.79980 0.40136
4848.85986 0.397109
4850.91992 0.396989
4852.97998 0.394318
4855.04004 0.392941
4857.10010 0.391246
4859.16016 0.390803
4861.22021 0.389316
4863.27979 0.388387
4865.33984 0.385639
4867.39990 0.384436
4869.45996 0.380907
4871.52002 0.380409
4873.58008 0.379261
4875.64014 0.377214
4877.70020 0.376774
4879.75977 0.37624
4881.81982 0.37464
4883.87988 0.372369
4885.93994 0.368895
4888.00000 0.368611
4890.06006 0.367437
4892.12012 0.365324
4894.18018 0.363961
4896.24023 0.363827
4898.29980 0.360502
4900.35986 0.357735
4902.41992 0.355421
4904.47998 0.353499
4906.54004 0.352406
4908.60010 0.352334
4910.66016 0.352066
4912.72021 0.349693
4914.77979 0.346583
4916.83984 0.342539
4918.89990 0.341981
4920.95996 0.341084
4923.02002 0.340864
4925.08008 0.340047
4927.14014 0.338753
4929.20020 0.336264
4931.25977 0.332193
4933.31982 0.332174
4935.37988 0.329494
4937.43994 0.328986
4939.50000 0.327347
4941.56006 0.325047
4943.62012 0.324957
4945.68018 0.324487
4947.74023 0.324334
4949.79980 0.322593
4951.85986 0.319611
4953.91992 0.319511
4955.97998 0.318368
4958.04004 0.316783
4960.10010 0.314666
4962.16016 0.31267
4964.22021 0.310972
4966.27979 0.310381
4968.33984 0.308805
4970.39990 0.308181
4972.45996 0.307576
4974.52002 0.30649
4976.58008 0.303184
4978.64014 0.302764
4980.70020 0.302086
4982.75977 0.298566
4984.81982 0.298564
4986.87988 0.297476
4988.93994 0.296798
4991.00000 0.29482
4993.06006 0.294194
4995.12012 0.293195
4997.18018 0.292129
4999.24023 0.290118
5001.29980 0.289139
5003.35986 0.288458
5005.41992 0.287869
5007.47998 0.285203
5009.54004 0.283389
5011.60010 0.281488
5013.66016 0.28099
5015.72021 0.280478
5017.77979 0.277632
5019.83984 0.27529
5021.89990 0.274964
5023.95996 0.274964
5026.02002 0.270099
5028.08008 0.269709
5030.14014 0.266993
5032.20020 0.2661
5034.25977 0.264064
5036.31982 0.26394
5038.37988 0.260714
5040.43994 0.258194
5042.50000 0.257446
5044.56006 0.253351
5046.62012 0.252768
5048.68018 0.251474
5050.74023 0.248239
5052.79980 0.247471
5054.85986 0.24709
5056.91992 0.245577
5058.97998 0.240485
5061.04004 0.240364
5063.10010 0.239846
5065.16016 0.238078
5067.22021 0.235043
5069.27979 0.233164
5071.33984 0.232609
5073.39990 0.231842
5075.45996 0.23031
5077.52002 0.226796
5079.58008 0.224699
5081.64014 0.223381
5083.70020 0.221522
5085.75977 0.220428
5087.81982 0.219615
5089.87988 0.216233
5091.93994 0.215318
5094.00000 0.215257
5096.06006 0.210443
5098.12012 0.209937
5100.18018 0.208423
5102.24023 0.206632
5104.29980 0.206525
5106.35986 0.204456
5108.41992 0.203773
5110.47998 0.20253
5112.54004 0.200739
5114.60010 0.199057
5116.66016 0.197592
5118.72021 0.1958
5120.77979 0.194773
5122.83984 0.191583
5124.89990 0.191377
5126.95996 0.190716
5129.02002 0.189306
5131.08008 0.18606
5133.14014 0.185357
5135.20020 0.184339
5137.25977 0.183173
5139.31982 0.181207
5141.37988 0.180799
5143.43994 0.178916
5145.50000 0.177977
5147.56006 0.177124
5149.62012 0.175819
5151.68018 0.171832
