threeML/data/optical_filters/CAHA/CAHA-f_720_73.ecsv
# %ECSV 0.9
# ---
# datatype:
# - {name: wavelength, unit: Angstrom, datatype: float32}
# - {name: response, datatype: float32}
# meta: !!omap
# - {band_name: f_720_73}
# - {group_name: CAHA}
wavelength response
5713.53467 0.0
6348.37207 0.004007
6351.64600 0.004098
6354.91992 0.004205
6358.19385 0.004321
6361.46924 0.004435
6364.74316 0.004536
6368.01807 0.004616
6371.29297 0.004671
6374.56787 0.004702
6377.84277 0.004715
6381.11816 0.004721
6384.39307 0.004728
6387.66797 0.004741
6390.94287 0.004765
6394.21924 0.004801
6397.49414 0.00485
6400.77002 0.004909
6404.04590 0.004974
6407.32178 0.005038
6410.59814 0.005094
6413.87402 0.00514
6417.14990 0.005174
6420.42578 0.0052
6423.70312 0.005222
6426.97900 0.005248
6430.25488 0.005285
6433.53223 0.005335
6436.80908 0.005395
6440.08594 0.005464
6443.36279 0.005542
6446.64014 0.005635
6449.91699 0.005744
6453.19385 0.005868
6456.47217 0.005994
6459.74902 0.006112
6463.02588 0.006218
6466.30420 0.006315
6469.58203 0.006414
6472.85986 0.006525
6476.13818 0.006652
6479.41602 0.006795
6482.69385 0.006952
6485.97217 0.00712
6489.25000 0.007296
6492.52881 0.007477
6495.80811 0.007663
6499.08594 0.007858
6502.36523 0.008069
6505.64404 0.008311
6508.92188 0.008591
6512.20215 0.008913
6515.47998 0.009271
6518.75977 0.009654
6522.03906 0.010051
6525.31787 0.010458
6528.59814 0.010873
6531.87695 0.011304
6535.15723 0.011759
6538.43701 0.012249
6541.71680 0.012781
6544.99707 0.013362
6548.27686 0.013988
6551.55713 0.014655
6554.83691 0.015358
6558.11816 0.016096
6561.39795 0.016872
6564.67920 0.017696
6567.95898 0.018573
6571.24023 0.019502
6574.52100 0.02048
6577.80176 0.021499
6581.08301 0.022559
6584.36377 0.023659
6587.64502 0.024808
6590.92578 0.026015
6594.20801 0.027284
6597.48877 0.028617
6600.77100 0.030004
6604.05176 0.031432
6607.33398 0.032885
6610.61621 0.034354
6613.89795 0.035839
6617.18018 0.037345
6620.46191 0.038887
6623.74512 0.040476
6627.02686 0.042122
6630.30908 0.043826
6633.59180 0.045581
6636.87402 0.047383
6640.15723 0.049231
6643.43896 0.051133
6646.72314 0.053101
6650.00488 0.055141
6653.28906 0.057252
6656.57178 0.059427
6659.85498 0.061656
6663.13818 0.063933
6666.42090 0.066264
6669.70508 0.068667
6672.98877 0.071162
6676.27197 0.073766
6679.55615 0.076476
6682.83984 0.079276
6686.12402 0.082144
6689.40820 0.085068
6692.69189 0.088045
6695.97607 0.091086
6699.25977 0.094198
6702.54492 0.097381
6705.82910 0.100624
6709.11377 0.103914
6712.39795 0.107241
6715.68311 0.110615
6718.96777 0.114061
6722.25293 0.117619
6725.53809 0.121319
6728.82324 0.125172
6732.10791 0.129154
6735.39404 0.133213
6738.67920 0.137294
6741.96387 0.141363
6745.25000 0.145436
6748.53613 0.149577
6751.82080 0.153881
6755.10693 0.158434
6758.39307 0.163279
6761.67920 0.1684
6764.96484 0.173727
6768.25098 0.179171
6771.53711 0.184657
6774.82422 0.190151
6778.10986 0.195662
6781.39600 0.201227
6784.68311 0.206885
6787.97021 0.212666
6791.25586 0.21858
6794.54297 0.224628
6797.83008 0.230805
6801.11719 0.23711
6804.40381 0.243542
6807.69092 0.250104
6810.97900 0.256803
6814.26611 0.263641
6817.55420 0.27062
6820.84082 0.277727
6824.12793 0.284946
6827.41602 0.292254
6830.70410 0.29964
6833.99219 0.307095
6837.27979 0.314607
6840.56787 0.32216
6843.85596 0.329725
6847.14404 0.337277
6850.43213 0.3448
6853.72119 0.352305
6857.00879 0.359828
6860.29688 0.36743
6863.58594 0.375178
6866.87500 0.383113
6870.16406 0.391234
6873.45215 0.399484
6876.74121 0.407772
6880.02979 0.416002
6883.31885 0.424107
6886.60791 0.432064
6889.89795 0.439878
6893.18701 0.447563
6896.47705 0.455123
6899.76611 0.462546
6903.05615 0.46981
6906.34521 0.4769
6909.63477 0.483814
6912.92480 0.490563
6916.21387 0.497169
6919.50391 0.503653
6922.79395 0.51003
6926.08496 0.516287
6929.37500 0.522384
6932.66504 0.528254
6935.95605 0.533836
6939.24609 0.539105
6942.53711 0.544075
6945.82715 0.548793
6949.11816 0.553307
6952.40918 0.55765
6955.69922 0.561831
6958.99023 0.565844
6962.28076 0.569674
6965.57178 0.573297
6968.86377 0.576683
6972.15479 0.579799
6975.44580 0.582621
6978.73682 0.585147
6982.02881 0.587397
6985.32080 0.589407
6988.61182 0.591225
6991.90381 0.592906
6995.19580 0.594491
6998.48682 0.596003
7001.77881 0.597438
7005.07080 0.598768
7008.36279 0.599954
7011.65576 0.600951
7014.94824 0.601729
7018.24023 0.602277
7021.53320 0.602617
7024.82520 0.602799
7028.11816 0.602889
7031.41016 0.602945
7034.70312 0.60301
7037.99609 0.603105
7041.28906 0.60324
7044.58203 0.603412
7047.87500 0.603591
7051.16699 0.603727
7054.45996 0.603756
7057.75391 0.60363
7061.04688 0.603324
7064.34082 0.602852
7067.63379 0.602253
7070.92822 0.601584
7074.22119 0.600904
7077.51514 0.600258
7080.80908 0.599663
7084.10303 0.599109
7087.39600 0.598562
7090.68994 0.597987
7093.98389 0.597357
7097.27783 0.596649
7100.57324 0.595858
7103.86719 0.594987
7107.16113 0.594046
7110.45605 0.593057
7113.75000 0.592057
7117.04395 0.591095
7120.33887 0.590236
7123.63379 0.589537
7126.92920 0.589028
7130.22314 0.588696
7133.51807 0.588491
7136.81299 0.588342
7140.10791 0.588181
7143.40283 0.587942
7146.69922 0.587583
7149.99414 0.587087
7153.28906 0.586469
7156.58398 0.585765
7159.87988 0.58503
7163.17578 0.584324
7166.47119 0.583711
7169.76709 0.583253
7173.06299 0.582993
7176.35791 0.582945
7179.65381 0.583079
7182.95020 0.583313
7186.24707 0.583542
7189.54199 0.58367
7192.83789 0.583645
7196.13477 0.58347
7199.43115 0.583189
7202.72803 0.582853
7206.02393 0.582487
7209.31982 0.582079
7212.61719 0.581593
7215.91406 0.580995
7219.20996 0.580277
7222.50684 0.579471
7225.80420 0.578627
7229.10107 0.57779
7232.39795 0.576978
7235.69482 0.576168
7238.99219 0.575323
7242.29004 0.574397
7245.58691 0.57336
7248.88379 0.572207
7252.18213 0.570968
7255.47900 0.569701
7258.77588 0.568474
7262.07422 0.56734
7265.37207 0.566307
7268.66895 0.565339
7271.96680 0.564375
7275.26514 0.563356
7278.56299 0.562259
7281.86084 0.561095
7285.15918 0.559897
7288.45703 0.558698
7291.75488 0.557505
7295.05420 0.556304
7298.35205 0.555074
7301.64990 0.553805
7304.94922 0.552504
7308.24707 0.551185
7311.54590 0.549859
7314.84521 0.548523
7318.14307 0.54715
7321.44189 0.5457
7324.74121 0.544125
7328.04004 0.542389
7331.33887 0.540485
7334.63818 0.538446
7337.93701 0.536334
7341.23584 0.53422
7344.53516 0.532161
7347.83398 0.530182
7351.13379 0.528281
7354.43311 0.526444
7357.73291 0.52466
7361.03223 0.522919
7364.33203 0.521212
7367.63086 0.519523
7370.93115 0.517815
7374.23096 0.516045
7377.53076 0.514166
7380.83105 0.512157
7384.13086 0.510026
7387.43115 0.507828
7390.73096 0.505637
7394.03076 0.503527
7397.33203 0.501542
7400.63184 0.499683
7403.93213 0.497911
7407.23193 0.496167
7410.53320 0.494398
7413.83301 0.492577
7417.13379 0.490707
7420.43506 0.488815
7423.73486 0.486934
7427.03613 0.485085
7430.33691 0.483268
7433.63818 0.481466
7436.93799 0.479658
7440.24023 0.477834
7443.54102 0.476014
7446.84180 0.474228
7450.14307 0.472513
7453.44385 0.470892
7456.74609 0.469363
7460.04688 0.467897
7463.34814 0.466448
7466.64990 0.464963
7469.95117 0.463399
7473.25293 0.461721
7476.55518 0.459913
7479.85596 0.457973
7483.15820 0.455915
7486.45996 0.45377
7489.76221 0.451576
7493.06299 0.449357
7496.36621 0.447111
7499.66699 0.444803
7502.97021 0.442376
7506.27197 0.439774
7509.57422 0.43696
7512.87598 0.433922
7516.17920 0.430662
7519.48096 0.427189
7522.78418 0.423507
7526.08594 0.419619
7529.38916 0.415535
7532.69092 0.411274
7535.99414 0.406857
7539.29590 0.402288
7542.59912 0.39755
7545.90186 0.392603
7549.20508 0.387398
7552.50781 0.381899
7555.81104 0.376093
7559.11377 0.369992
7562.41699 0.363617
7565.72021 0.356987
7569.02295 0.350103
7572.32715 0.342955
7575.62988 0.335541
7578.93408 0.327886
7582.23682 0.320051
7585.54102 0.312119
7588.84424 0.304168
7592.14697 0.296239
7595.45117 0.288333
7598.75488 0.280416
7602.05908 0.272454
7605.36279 0.264432
7608.66699 0.256363
7611.97021 0.248273
7615.27393 0.240189
7618.57812 0.232128
7621.88184 0.224097
7625.18701 0.216101
7628.49121 0.208152
7631.79492 0.200281
7635.09912 0.192545
7638.40283 0.185004
7641.70801 0.177716
7645.01221 0.170712
7648.31689 0.16399
7651.62109 0.157525
7654.92578 0.151281
7658.22998 0.145228
7661.53516 0.13935
7664.83984 0.133649
7668.14502 0.128136
7671.45020 0.122823
7674.75391 0.117722
7678.06006 0.112839
7681.36377 0.108183
7684.66895 0.103756
7687.97510 0.099558
7691.27979 0.095577
7694.58496 0.091797
7697.89014 0.088197
7701.19482 0.084757
7704.50000 0.081461
7707.80615 0.078294
7711.11084 0.075243
7714.41699 0.072294
7717.72314 0.069442
7721.02783 0.066684
7724.33301 0.064023
7727.64014 0.061465
7730.94482 0.059015
7734.25098 0.056677
7737.55713 0.054455
7740.86279 0.052348
7744.16797 0.05036
7747.47412 0.048484
7750.77979 0.046713
7754.08594 0.045033
7757.39307 0.043425
7760.69922 0.041876
7764.00488 0.040375
7767.31104 0.038924
7770.61719 0.037531
7773.92383 0.036209
7777.22998 0.034969
7780.53711 0.033815
7783.84277 0.032744
7787.14893 0.031748
7790.45605 0.03082
7793.76318 0.029959
7797.06885 0.029168
7800.37598 0.028447
7803.68311 0.027789
7806.99023 0.027174
7810.29590 0.026578
7813.60303 0.025977
7816.91016 0.025357
7820.21680 0.024719
7823.52393 0.024074
7826.83105 0.023438
7830.13818 0.022824
7833.44482 0.022242
7836.75293 0.021693
7840.06006 0.021173
7843.36719 0.020673
7846.67383 0.02018
7849.98193 0.019679
7853.28906 0.019163
7856.59717 0.018637
7859.90381 0.01812
7863.21191 0.017634
7866.52002 0.017201
7869.82715 0.016829
7873.13379 0.01652
7876.44189 0.016264
7879.75000 0.016046
7883.05811 0.015849
7886.36621 0.015651
7889.67285 0.015435
7892.98096 0.015191
7896.29004 0.014919
7899.59717 0.014631
7902.90479 0.014342
7906.21289 0.014066
7909.52100 0.013809
7912.83008 0.013565
7916.13818 0.013325
7919.44580 0.013081
7922.75391 0.012833
7926.06299 0.012588
7929.37109 0.012358
7932.67920 0.012154
7935.98779 0.011978
7939.29590 0.011826
7942.60498 0.011687
7945.91406 0.011552
7949.22217 0.011417
7952.53076 0.011284
7955.83887 0.011158
7959.14795 0.011042
7962.45703 0.010934
7965.76611 0.010827
7969.07422 0.010711
7972.38281 0.01058
7975.69189 0.010428
7979.00098 0.01026
7982.31006 0.010088
7985.61914 0.00993
7988.92822 0.009802
7992.23682 0.009715
7995.54590 0.009668
7998.85498 0.009643
8002.16504 0.009617
8005.47412 0.009567
8008.78320 0.009488
8012.09277 0.009388
8015.40186 0.009288
8018.71094 0.00921
8022.02100 0.009165
8025.33008 0.00915
8028.64014 0.009148
8031.94922 0.009139
8035.25879 0.009108
8038.56787 0.009047
8041.87793 0.008962
8045.18799 0.008861
8048.49805 0.008756
8051.80713 0.00865
8055.11719 0.008538
8058.42676 0.008415
8061.73682 0.008276
8065.04590 0.008128
8068.35596 0.007986
8071.66699 0.00787
8074.97705 0.007789
8078.28711 0.007742
8081.59619 0.007712
8084.90723 0.00768
8088.21680 0.007632
8091.52686 0.007566
8094.83691 0.007487
8098.14697 0.007402
8101.45801 0.007319
8104.76807 0.007247
8108.07812 0.007187
8111.38916 0.007138
8114.69922 0.007089
8118.00879 0.007028
8121.31982 0.00694
8124.62988 0.006825
8127.94092 0.006692
8131.25098 0.006564
8134.56201 0.006462
8137.87305 0.0064
8141.18311 0.006377
8144.49414 0.006381
8147.80518 0.006395
8151.11523 0.006408
8154.42578 0.006416
8157.73682 0.006421
8161.04785 0.006421
8164.35791 0.006408
8167.66895 0.006365
8170.97998 0.006278
8174.29199 0.006145
8177.60303 0.005983
8180.91406 0.005823
8184.22510 0.005693
8187.53613 0.00561
8190.84717 0.005573
8194.15723 0.00557
8197.46875 0.005582
8200.78027 0.005595
8204.09180 0.005596
8207.40234 0.005583
8210.71387 0.00556
8214.02539 0.005541
8217.33691 0.005536
8220.64746 0.005549
8223.95898 0.005577
8227.27148 0.005606
8230.58203 0.005619
8233.89355 0.0056
8237.20508 0.005542
8240.51660 0.005451
8243.82812 0.005339
8247.13965 0.005225
8250.45117 0.005126
8253.76270 0.005049
8257.07520 0.004994
8260.38672 0.004952
8263.69824 0.004909
8267.00977 0.004852
8270.32129 0.004771
8273.63379 0.004666
8276.94531 0.004548
8280.25684 0.004432
8283.56934 0.004336
8286.88086 0.00427
8290.19238 0.004231
8293.50488 0.004212
8296.81641 0.004199
8300.12891 0.004181
8303.44043 0.004155
8306.75293 0.004122
8310.06543 0.004087
8313.37695 0.004047
8316.68945 0.004003
9148.35840 0.0
