threeML/data/optical_filters/CAHA/CAHA-f_793_14_2.ecsv
# %ECSV 0.9
# ---
# datatype:
# - {name: wavelength, unit: Angstrom, datatype: float32}
# - {name: response, datatype: float32}
# meta: !!omap
# - {band_name: f_793_14_2}
# - {group_name: CAHA}
wavelength response
7029.43262 0.0
7810.48096 0.019967
7810.74414 0.020175
7811.00488 0.020423
7811.26807 0.020703
7811.52881 0.021007
7811.79102 0.021329
7812.05322 0.021662
7812.31494 0.022002
7812.57715 0.022342
7812.83887 0.022677
7813.10107 0.023003
7813.36279 0.023315
7813.62500 0.023614
7813.88721 0.0239
7814.14795 0.024179
7814.41016 0.024455
7814.67188 0.024739
7814.93408 0.025037
7815.19580 0.025354
7815.45801 0.025691
7815.72021 0.026043
7815.98193 0.026402
7816.24414 0.026762
7816.50586 0.027115
7816.76807 0.027462
7817.02881 0.027805
7817.29199 0.028149
7817.55322 0.028502
7817.81494 0.028865
7818.07715 0.029245
7818.33887 0.029645
7818.60107 0.030072
7818.86279 0.030529
7819.12500 0.031016
7819.38721 0.031523
7819.64795 0.032037
7819.91113 0.032543
7820.17188 0.033035
7820.43506 0.033517
7820.69580 0.034
7820.95801 0.034498
7821.22021 0.035023
7821.48193 0.035574
7821.74414 0.036143
7822.00586 0.036717
7822.26807 0.037279
7822.52979 0.037818
7822.79199 0.03833
7823.05420 0.038821
7823.31494 0.039308
7823.57715 0.039808
7823.83887 0.040342
7824.10107 0.040921
7824.36279 0.041546
7824.62500 0.042205
7824.88721 0.042878
7825.14893 0.043543
7825.41113 0.04418
7825.67285 0.044783
7825.93506 0.045363
7826.19580 0.045944
7826.45801 0.046555
7826.72021 0.047223
7826.98193 0.04796
7827.24414 0.048765
7827.50586 0.049619
7827.76807 0.050494
7828.02979 0.051361
7828.29199 0.052197
7828.55420 0.052992
7828.81494 0.053753
7829.07812 0.054501
7829.33887 0.055263
7829.60205 0.056064
7829.86279 0.056918
7830.12500 0.057826
7830.38721 0.058775
7830.64893 0.059745
7830.91113 0.060715
7831.17285 0.06167
7831.43506 0.062602
7831.69678 0.063513
7831.95801 0.064415
7832.22119 0.065328
7832.48193 0.066277
7832.74414 0.067287
7833.00586 0.068376
7833.26807 0.069547
7833.52979 0.070785
7833.79199 0.072061
7834.05420 0.073339
7834.31592 0.074588
7834.57812 0.075791
7834.83887 0.076951
7835.10205 0.078091
7835.36279 0.079247
7835.62500 0.080455
7835.88721 0.081741
7836.14893 0.083109
7836.41113 0.084545
7836.67285 0.08602
7836.93506 0.087498
7837.19678 0.088948
7837.45801 0.090357
7837.72119 0.091734
7837.98193 0.093109
7838.24512 0.094523
7838.50586 0.096013
7838.76807 0.097602
7839.02979 0.099289
7839.29199 0.101055
7839.55420 0.102863
7839.81592 0.104673
7840.07812 0.10645
7840.33984 0.108176
7840.60205 0.109861
7840.86377 0.111536
7841.12500 0.113249
7841.38721 0.115043
7841.64893 0.116945
7841.91113 0.118956
7842.17285 0.121051
7842.43506 0.123191
7842.69678 0.125335
7842.95898 0.12745
7843.22119 0.12952
7843.48291 0.131553
7843.74512 0.133581
7844.00586 0.135647
7844.26904 0.1378
7844.52979 0.140073
7844.79199 0.142477
7845.05420 0.144994
7845.31592 0.147581
7845.57812 0.150186
7845.83984 0.152764
7846.10205 0.155288
7846.36377 0.15776
7846.62500 0.160213
7846.88818 0.162697
7847.14893 0.165269
7847.41211 0.167974
7847.67285 0.170831
7847.93506 0.173827
7848.19678 0.176918
7848.45898 0.180046
7848.72119 0.183152
7848.98291 0.186197
7849.24512 0.189173
7849.50684 0.192115
7849.76904 0.195084
7850.03076 0.19815
7850.29199 0.201368
7850.55420 0.20476
7850.81592 0.208305
7851.07812 0.211949
7851.33984 0.215621
7851.60205 0.219252
7851.86377 0.222799
7852.12598 0.22626
7852.38818 0.229677
7852.64990 0.233123
7852.91211 0.236683
7853.17285 0.240423
7853.43604 0.244377
7853.69678 0.248531
7853.95898 0.252828
7854.22119 0.257181
7854.48291 0.261491
7854.74512 0.265677
7855.00684 0.269705
7855.26904 0.2736
7855.53076 0.277442
7855.79199 0.281342
7856.05518 0.285407
7856.31592 0.289707
7856.57910 0.294252
7856.83984 0.298995
7857.10205 0.303844
7857.36377 0.308692
7857.62598 0.313448
7857.88818 0.318063
7858.14990 0.322544
7858.41211 0.326952
7858.67383 0.331386
7858.93604 0.335948
7859.19824 0.340719
7859.45898 0.345725
7859.72119 0.350928
7859.98291 0.356237
7860.24512 0.361526
7860.50684 0.366678
7860.76904 0.371625
7861.03076 0.376376
7861.29297 0.381027
7861.55518 0.385723
7861.81689 0.390612
7862.07910 0.395788
7862.33984 0.401257
7862.60303 0.406939
7862.86377 0.412695
7863.12598 0.41837
7863.38818 0.423832
7863.64990 0.429013
7863.91211 0.433928
7864.17383 0.438672
7864.43604 0.443397
7864.69824 0.448261
7864.95898 0.453385
7865.22217 0.458812
7865.48291 0.464494
7865.74609 0.470306
7866.00684 0.476085
7866.26904 0.48167
7866.53076 0.486957
7866.79297 0.491932
7867.05518 0.496674
7867.31689 0.50134
7867.57910 0.506113
7867.84082 0.511141
7868.10303 0.516488
7868.36523 0.522107
7868.62598 0.527851
7868.88818 0.533524
7869.14990 0.538939
7869.41211 0.543983
7869.67383 0.548646
7869.93604 0.553026
7870.19824 0.557297
7870.45996 0.561649
7870.72217 0.566236
7870.98389 0.571121
7871.24609 0.576263
7871.50684 0.581525
7871.77002 0.586715
7872.03076 0.591643
7872.29297 0.596189
7872.55518 0.600337
7872.81689 0.604186
7873.07910 0.607919
7873.34082 0.61174
7873.60303 0.615812
7873.86523 0.620199
7874.12598 0.624852
7874.38916 0.629628
7874.64990 0.634334
7874.91309 0.638788
7875.17383 0.642871
7875.43604 0.646568
7875.69824 0.649965
7875.95996 0.653221
7876.22217 0.656514
7876.48389 0.65998
7876.74609 0.663676
7877.00781 0.667563
7877.27002 0.671519
7877.53223 0.675377
7877.79297 0.678974
7878.05518 0.682207
7878.31689 0.685066
7878.57910 0.687641
7878.84082 0.690098
7879.10303 0.692619
7879.36523 0.695343
7879.62695 0.698314
7879.88916 0.701474
7880.15088 0.704686
7880.41309 0.70778
7880.67383 0.710607
7880.93701 0.713084
7881.19824 0.715219
7881.45996 0.71711
7881.72217 0.718921
7881.98389 0.720833
7882.24609 0.722981
7882.50781 0.725418
7882.77002 0.728088
7883.03223 0.730849
7883.29297 0.733513
7883.55615 0.735904
7883.81689 0.737914
7884.07910 0.739536
7884.34082 0.740868
7884.60303 0.742081
7884.86523 0.743361
7885.12695 0.744853
7885.38916 0.746616
7885.65088 0.748608
7885.91309 0.750703
7886.17480 0.752731
7886.43701 0.754528
7886.69824 0.755991
7886.95996 0.757108
7887.22217 0.757965
7887.48389 0.758719
7887.74609 0.759551
7888.00781 0.760606
7888.27002 0.761953
7888.53223 0.763555
7888.79395 0.765288
7889.05615 0.766977
7889.31689 0.768455
7889.58008 0.769613
7889.84082 0.770436
7890.10400 0.771005
7890.36523 0.771471
7890.62695 0.772007
7890.88916 0.772748
7891.15088 0.773754
7891.41309 0.774987
7891.67480 0.776329
7891.93701 0.777614
7892.19922 0.778682
7892.45996 0.779431
7892.72314 0.779843
7892.98389 0.779994
7893.24609 0.780029
7893.50781 0.780123
7893.77002 0.780424
7894.03223 0.78101
7894.29395 0.781862
7894.55615 0.782874
7894.81787 0.78389
7895.08008 0.78476
7895.34180 0.785384
7895.60400 0.785741
7895.86523 0.78589
7896.12695 0.785949
7896.38916 0.78606
7896.65088 0.786355
7896.91309 0.786907
7897.17480 0.787711
7897.43701 0.788681
7897.69922 0.789678
7897.96094 0.790555
7898.22314 0.791201
7898.48389 0.791572
7898.74707 0.791703
7899.00781 0.791693
7899.27100 0.791679
7899.53223 0.791801
7899.79395 0.792166
7900.05615 0.792818
7900.31787 0.793716
7900.58008 0.794744
7900.84180 0.795741
7901.10400 0.796548
7901.36621 0.797063
7901.62695 0.797269
7901.89014 0.797241
7902.15088 0.797127
7902.41309 0.797091
7902.67480 0.797272
7902.93701 0.797735
7903.19922 0.798456
7903.46094 0.799331
7903.72314 0.800211
7903.98486 0.800947
7904.24707 0.801439
7904.50879 0.801659
7904.77100 0.801658
7905.03223 0.801549
7905.29395 0.801472
7905.55615 0.801558
7905.81787 0.801888
7906.08008 0.802474
7906.34180 0.803254
7906.60400 0.804101
7906.86621 0.804865
7907.12793 0.805412
7907.39014 0.805673
7907.65088 0.805672
7907.91406 0.80552
7908.17480 0.805377
7908.43799 0.805401
7908.69922 0.805689
7908.96094 0.80625
7909.22314 0.807009
7909.48486 0.807833
7909.74707 0.808578
7910.00879 0.80913
7910.27100 0.80943
7910.53320 0.809484
7910.79395 0.809362
7911.05713 0.809173
7911.31787 0.809043
7911.58008 0.809078
7911.84180 0.809343
7912.10400 0.809842
7912.36621 0.810518
7912.62793 0.811261
7912.89014 0.811941
7913.15186 0.812445
7913.41406 0.812707
7913.67578 0.812736
7913.93799 0.812608
7914.19922 0.812449
7914.46094 0.812388
7914.72314 0.812525
7914.98486 0.812903
7915.24707 0.813494
7915.50879 0.81421
7915.77100 0.814923
7916.03320 0.815504
7916.29492 0.815862
7916.55713 0.815978
7916.81787 0.815911
7917.08105 0.815778
7917.34180 0.815712
7917.60400 0.815813
7917.86621 0.816113
7918.12793 0.81657
7918.39014 0.817097
7918.65186 0.817587
7918.91406 0.817954
7919.17578 0.818151
7919.43799 0.818175
7919.70020 0.818067
7919.96094 0.817904
7920.22412 0.817784
7920.48486 0.8178
7920.74707 0.81802
7921.00879 0.818458
7921.27100 0.81907
7921.53320 0.819758
7921.79492 0.820394
7922.05713 0.820858
7922.31885 0.821076
7922.58105 0.821044
7922.84277 0.820833
7923.10400 0.820564
7923.36621 0.820364
7923.62793 0.820337
7923.89014 0.820533
7924.15186 0.820942
7924.41406 0.821495
7924.67578 0.822079
7924.93799 0.822567
7925.20020 0.822852
7925.46191 0.822879
7925.72412 0.822673
7925.98486 0.822333
7926.24805 0.822
7926.50879 0.821807
7926.77100 0.821837
7927.03320 0.822097
7927.29492 0.822517
7927.55713 0.822985
7927.81885 0.823384
7928.08105 0.823624
7928.34277 0.823674
7928.60400 0.823562
7928.86719 0.823357
7929.12793 0.823138
7929.39014 0.822966
7929.65186 0.822867
7929.91406 0.822837
7930.17578 0.822853
7930.43799 0.822881
7930.70020 0.822891
7930.96191 0.822854
7931.22412 0.82275
7931.48584 0.822569
7931.74805 0.822324
7932.00879 0.822053
7932.27100 0.821808
7932.53320 0.821638
7932.79492 0.821567
7933.05713 0.821591
7933.31885 0.821684
7933.58105 0.821808
7933.84277 0.821928
7934.10498 0.822007
7934.36719 0.822011
7934.62793 0.821913
7934.89111 0.821704
7935.15186 0.821403
7935.41504 0.821056
7935.67578 0.820725
7935.93799 0.820471
7936.20020 0.820331
7936.46191 0.82031
7936.72412 0.820377
7936.98584 0.820471
7937.24805 0.820523
7937.50977 0.820471
7937.77100 0.82028
7938.03418 0.819959
7938.29492 0.81955
7938.55713 0.819125
7938.81885 0.818757
7939.08105 0.818499
7939.34277 0.818378
7939.60498 0.818384
7939.86719 0.818477
7940.12891 0.818599
7940.39111 0.818681
7940.65283 0.818655
7940.91504 0.818474
7941.17578 0.81812
7941.43799 0.817624
7941.70020 0.817058
7941.96191 0.81652
7942.22412 0.816106
7942.48584 0.815884
7942.74805 0.815875
7943.00977 0.816044
7943.27197 0.8163
7943.53418 0.816518
7943.79492 0.816568
7944.05811 0.81636
7944.31885 0.815876
7944.58203 0.815187
7944.84277 0.81443
7945.10498 0.813764
7945.36719 0.813324
7945.62891 0.813178
7945.89111 0.813305
7946.15283 0.813607
7946.41504 0.813925
7946.67676 0.814091
7946.93799 0.81398
7947.20117 0.813554
7947.46191 0.81288
7947.72412 0.812114
7947.98584 0.811442
7948.24805 0.811017
7948.50977 0.810913
7948.77197 0.811103
7949.03418 0.81148
7949.29590 0.811893
7949.55811 0.812196
7949.81982 0.812291
7950.08203 0.812147
7950.34277 0.811804
7950.60498 0.811353
7950.86719 0.810914
7951.12891 0.810599
7951.39111 0.810483
7951.65283 0.810588
7951.91504 0.81087
7952.17676 0.811234
7952.43896 0.811549
7952.70117 0.811689
7952.96191 0.811574
7953.22510 0.811198
7953.48584 0.810637
7953.74902 0.810028
7954.00977 0.809529
7954.27197 0.809264
7954.53418 0.809292
7954.79590 0.809588
7955.05811 0.810052
7955.31982 0.81054
7955.58203 0.81091
7955.84424 0.811058
7956.10498 0.810952
7956.36816 0.810637
7956.62891 0.810217
7956.89111 0.809822
7957.15283 0.809573
7957.41504 0.809551
7957.67676 0.809779
7957.93896 0.810218
7958.20117 0.810776
7958.46289 0.81133
7958.72510 0.811758
7958.98682 0.811972
7959.24902 0.811948
7959.50977 0.811729
7959.77197 0.81142
7960.03418 0.811151
7960.29590 0.811039
7960.55811 0.811151
7960.81982 0.811476
7961.08203 0.811929
7961.34424 0.812374
7961.60596 0.812671
7961.86816 0.81272
7962.12891 0.8125
7962.39209 0.812078
7962.65283 0.811582
7962.91602 0.811162
7963.17676 0.81094
7963.43896 0.810973
7963.70117 0.811244
7963.96289 0.811673
7964.22510 0.812143
7964.48682 0.812541
7964.74902 0.812783
7965.01123 0.812836
7965.27197 0.812729
7965.53516 0.812537
7965.79590 0.812358
7966.05811 0.812276
7966.31982 0.81233
7966.58203 0.812504
7966.84424 0.812737
7967.10596 0.812947
7967.36816 0.813062
7967.62988 0.813038
7967.89209 0.812862
7968.15381 0.812556
7968.41602 0.812163
7968.67676 0.811746
7968.93896 0.811373
7969.20117 0.811102
7969.46289 0.810965
7969.72510 0.810962
7969.98682 0.811056
7970.24902 0.811184
7970.51123 0.811278
7970.77295 0.811278
7971.03516 0.811153
7971.29590 0.810907
7971.55908 0.810572
7971.81982 0.810185
7972.08301 0.809769
7972.34424 0.809326
7972.60596 0.808847
7972.86816 0.808327
7973.12988 0.807784
7973.39209 0.807249
7973.65381 0.806756
7973.91602 0.806322
7974.17822 0.805931
7974.43896 0.80554
7974.70215 0.805095
7974.96289 0.804547
7975.22510 0.803876
7975.48682 0.803088
7975.74902 0.802213
7976.01123 0.801285
7976.27295 0.800332
7976.53516 0.799366
7976.79688 0.798386
7977.05908 0.797385
7977.31982 0.796355
7977.58301 0.795282
7977.84424 0.794151
7978.10596 0.792936
7978.36816 0.791612
7978.62988 0.790153
7978.89209 0.788554
7979.15381 0.786837
7979.41602 0.785054
7979.67822 0.78328
7979.93896 0.781587
7980.20215 0.780011
7980.46289 0.778521
7980.72607 0.777018
7980.98682 0.77536
7981.24902 0.773409
7981.51123 0.771092
7981.77295 0.768434
7982.03516 0.765555
7982.29688 0.762629
7982.55908 0.759824
7982.82080 0.757247
7983.08301 0.754914
7983.34521 0.752748
7983.60596 0.75061
7983.86816 0.748332
7984.12988 0.745764
7984.39209 0.742807
7984.65381 0.73944
7984.91602 0.735727
7985.17822 0.731817
7985.43994 0.727905
7985.70215 0.724183
7985.96387 0.720777
7986.22607 0.717704
7986.48682 0.71486
7986.75000 0.712056
7987.01123 0.709065
7987.27295 0.705691
7987.53516 0.701821
7987.79688 0.697455
7988.05908 0.692706
7988.32080 0.68777
7988.58301 0.682879
7988.84521 0.678234
7989.10596 0.673944
7989.36914 0.669999
7989.62988 0.666261
7989.89307 0.662511
7990.15381 0.658511
7990.41602 0.654081
7990.67822 0.649154
7990.93994 0.643791
7991.20215 0.638162
7991.46387 0.632496
7991.72607 0.627019
7991.98779 0.621889
7992.25000 0.61715
7992.51221 0.612722
7992.77295 0.608416
7993.03516 0.603986
7993.29688 0.599197
7993.55908 0.593898
7993.82080 0.588067
7994.08301 0.581827
7994.34521 0.575415
7994.60693 0.569109
7994.86914 0.56315
7995.13086 0.557657
7995.39307 0.552597
7995.65381 0.547806
7995.91699 0.54304
7996.17822 0.538063
7996.43994 0.5327
7996.70215 0.526891
7996.96387 0.520692
7997.22607 0.514267
7997.48779 0.507845
7997.75000 0.501653
7998.01221 0.495864
7998.27295 0.490533
7998.53613 0.485587
7998.79688 0.480834
7999.06006 0.476022
7999.32080 0.470909
7999.58301 0.465341
7999.84521 0.459298
8000.10693 0.452903
8000.36914 0.446384
8000.63086 0.440012
8000.89307 0.434011
8001.15479 0.428503
8001.41699 0.42347
8001.67920 0.418768
8001.93994 0.414177
8002.20215 0.409458
8002.46387 0.404419
8002.72607 0.398966
8002.98779 0.393122
8003.25000 0.38702
8003.51221 0.380873
8003.77393 0.374915
8004.03613 0.369339
8004.29785 0.364242
8004.56006 0.359601
8004.82080 0.355274
8005.08301 0.351047
8005.34521 0.346695
8005.60693 0.342045
8005.86914 0.337027
8006.13086 0.331688
8006.39307 0.326175
8006.65479 0.320688
8006.91699 0.315423
8007.17920 0.31052
8007.43994 0.306027
8007.70312 0.301897
8007.96387 0.297996
8008.22705 0.294149
8008.48779 0.29018
8008.75000 0.285963
8009.01221 0.28146
8009.27393 0.276728
8009.53613 0.271902
8009.79785 0.267163
8010.06006 0.262679
8010.32178 0.258559
8010.58301 0.254825
8010.84619 0.251405
8011.10693 0.248159
8011.36914 0.24492
8011.63086 0.241539
8011.89307 0.237925
8012.15479 0.234064
8012.41699 0.230026
8012.67920 0.225939
8012.94092 0.221961
8013.20312 0.218232
8013.46484 0.214835
8013.72705 0.211771
8013.98779 0.208957
8014.25000 0.206251
8014.51221 0.203499
8014.77393 0.200575
8015.03613 0.197419
8015.29785 0.194049
8015.56006 0.19055
8015.82178 0.187051
8016.08398 0.183687
8016.34619 0.180564
8016.60693 0.177737
8016.87012 0.175193
8017.13086 0.172859
8017.39404 0.170618
8017.65479 0.168344
8017.91699 0.165934
8018.17920 0.163336
8018.44092 0.16056
8018.70312 0.157672
8018.96484 0.154779
8019.22705 0.151993
8019.48877 0.149407
8019.75000 0.147065
8020.01318 0.144951
8020.27393 0.143
8020.53613 0.14111
8020.79785 0.13918
8021.06006 0.137133
8021.32178 0.134941
8021.58398 0.132624
8021.84619 0.130249
8022.10791 0.127907
8022.37012 0.125688
8022.63086 0.123658
8022.89404 0.121837
8023.15479 0.120198
8023.41699 0.11867
8023.67920 0.117159
8023.94092 0.115578
8024.20312 0.113869
8024.46484 0.112022
8024.72705 0.110071
8024.98877 0.108086
8025.25000 0.10615
8025.51318 0.104338
8025.77393 0.102695
8026.03711 0.10123
8026.29785 0.09991
8026.56006 0.098677
8026.82178 0.097452
8027.08398 0.096165
8027.34619 0.094768
8027.60791 0.093247
8027.87012 0.091631
8028.13184 0.089982
8028.39404 0.088378
8028.65576 0.086892
8028.91699 0.085569
8029.17920 0.084412
8029.44092 0.083384
8029.70312 0.082421
8029.96484 0.08145
8030.22705 0.080409
8030.48877 0.079267
8030.75098 0.078023
8031.01318 0.076711
8031.27490 0.075389
8031.53711 0.074118
8031.79785 0.072949
8032.06104 0.071904
8032.32178 0.070972
8032.58398 0.070115
8032.84619 0.06928
8033.10791 0.068417
8033.37012 0.067487
8033.63184 0.06648
8033.89404 0.065405
8034.15576 0.064296
8034.41699 0.063195
8034.68018 0.062145
8034.94092 0.06118
8035.20410 0.060318
8035.46484 0.059552
8035.72705 0.058856
8035.98877 0.058188
8036.25098 0.057503
8036.51318 0.056767
8036.77490 0.055966
8037.03711 0.055108
8037.29883 0.05422
8037.56104 0.053339
8037.82324 0.052501
8038.08398 0.051732
8038.34619 0.051041
8038.60791 0.050422
8038.87012 0.049852
8039.13184 0.049299
8039.39404 0.048728
8039.65576 0.048113
8039.91797 0.047444
8040.18018 0.046731
8040.44189 0.045999
8040.70410 0.045284
8040.96484 0.044614
8041.22803 0.044011
8041.48877 0.043474
8041.75098 0.042986
8042.01318 0.04252
8042.27490 0.042043
8042.53711 0.041529
8042.79883 0.040963
8043.06104 0.040349
8043.32324 0.039701
8043.58398 0.039044
8043.84717 0.038404
8044.10791 0.037806
8044.37109 0.037267
8044.63184 0.036792
8044.89404 0.036377
8045.15576 0.036001
8045.41797 0.035642
8045.68018 0.035272
8045.94189 0.034874
8046.20410 0.034437
8046.46582 0.033968
8046.72803 0.033481
8046.99023 0.032998
8047.25098 0.032542
8047.51318 0.032129
8047.77490 0.031764
8048.03711 0.03144
8048.29883 0.031141
8048.56104 0.030844
8048.82324 0.030528
8049.08496 0.030179
8049.34717 0.029793
8049.60889 0.029378
8049.87109 0.028954
8050.13184 0.028544
8050.39502 0.028167
8050.65576 0.027834
8050.91797 0.027541
8051.18018 0.027275
8051.44189 0.027018
8051.70410 0.026748
8051.96582 0.026449
8052.22803 0.026114
8052.49023 0.025743
8052.75098 0.025348
8053.01416 0.024948
8053.27490 0.024563
8053.53809 0.024214
8053.79883 0.023908
8054.06104 0.023644
8054.32324 0.023411
8054.58496 0.02319
8054.84717 0.022963
8055.10889 0.022719
8055.37109 0.022453
8055.63281 0.022167
8055.89502 0.021873
8056.15723 0.021585
8056.41797 0.021315
8056.68018 0.021072
8056.94189 0.020856
8057.20410 0.020662
8057.46582 0.020482
8057.72803 0.020309
8057.99023 0.020135
8058.25195 0.019953
8058.51416 0.019759
8058.77588 0.019548
8059.03809 0.019317
8059.29883 0.019068
8059.56201 0.018806
8059.82324 0.01854
8060.08496 0.018282
8060.34717 0.018043
8060.60889 0.017828
8060.87109 0.017634
8061.13281 0.017454
8061.39502 0.01728
8061.65723 0.017101
8061.91797 0.016915
8062.18115 0.016724
8062.44189 0.016534
8062.70508 0.016356
8062.96582 0.016198
8063.22803 0.016059
8063.49023 0.015934
8063.75195 0.015811
8064.01416 0.015677
8064.27588 0.015524
8064.53809 0.015349
8064.79980 0.015153
8065.06201 0.014943
8065.32422 0.014729
8065.58496 0.014524
8065.84717 0.014338
8066.10889 0.01418
8066.37109 0.014055
8066.63281 0.013955
8066.89502 0.013869
8067.15723 0.01378
8067.41895 0.013673
8067.68115 0.013541
8067.94287 0.013381
8068.20508 0.0132
8068.46582 0.013007
8068.72900 0.012814
8068.99023 0.012632
8069.25195 0.012471
8069.51416 0.012335
8069.77588 0.012225
8070.03809 0.012136
8070.29980 0.012061
8070.56201 0.011989
8070.82422 0.01191
8071.08496 0.011821
8071.34814 0.011723
8071.60889 0.011622
8071.87109 0.011523
8072.13281 0.011431
8072.39502 0.011346
8072.65723 0.011266
8072.91895 0.011189
8073.18115 0.01111
8073.44287 0.011025
8073.70508 0.010928
8073.96680 0.010816
8074.22900 0.010685
8074.49023 0.010539
8074.75195 0.010384
8075.01416 0.010228
8075.27588 0.010081
8075.53809 0.009952
8075.79980 0.009847
8076.06201 0.00977
8076.32422 0.009722
8076.58594 0.009696
8076.84814 0.009686
8077.10889 0.009679
8077.37207 0.009664
8077.63281 0.009634
8077.89600 0.009586
8078.15723 0.009524
8078.41895 0.009458
8886.26074 0.0
