threeML/data/optical_filters/CAHA/CAHA-f_706_6.ecsv
# %ECSV 0.9
# ---
# datatype:
# - {name: wavelength, unit: Angstrom, datatype: float32}
# - {name: response, datatype: float32}
# meta: !!omap
# - {band_name: f_706_6}
# - {group_name: CAHA}
wavelength response
6292.20215 0.0
6991.33594 0.004031
6991.59717 0.004113
6991.85791 0.004193
6992.12012 0.004269
6992.38086 0.004343
6992.64307 0.004415
6992.90381 0.004489
6993.16602 0.004569
6993.42676 0.004656
6993.68799 0.004749
6993.95020 0.004843
6994.21094 0.004934
6994.47217 0.005019
6994.73389 0.005099
6994.99512 0.005179
6995.25586 0.005266
6995.51807 0.005365
6995.77881 0.005479
6996.04102 0.005611
6996.30176 0.005761
6996.56299 0.005929
6996.82520 0.006113
6997.08594 0.00631
6997.34814 0.006517
6997.60889 0.006726
6997.87012 0.006926
6998.13184 0.007112
6998.39307 0.007279
6998.65381 0.007435
6998.91602 0.007591
6999.17676 0.007764
6999.43799 0.007963
6999.70020 0.008189
6999.96094 0.008433
7000.22314 0.008683
7000.48389 0.008926
7000.74609 0.009161
7001.00684 0.00939
7001.26904 0.009622
7001.52979 0.009863
7001.79102 0.010116
7002.05322 0.010378
7002.31396 0.010649
7002.57520 0.010928
7002.83691 0.011218
7003.09814 0.011522
7003.35889 0.011844
7003.62109 0.012185
7003.88184 0.012545
7004.14404 0.012924
7004.40479 0.01332
7004.66699 0.013731
7004.92822 0.014156
7005.18896 0.014592
7005.45117 0.015038
7005.71191 0.015494
7005.97412 0.015959
7006.23486 0.016435
7006.49707 0.016922
7006.75781 0.017421
7007.01904 0.017937
7007.28076 0.018474
7007.54199 0.019034
7007.80322 0.019619
7008.06494 0.020227
7008.32617 0.020855
7008.58691 0.021501
7008.84912 0.022167
7009.10986 0.022856
7009.37207 0.023574
7009.63281 0.024328
7009.89502 0.025123
7010.15576 0.025963
7010.41699 0.02685
7010.67920 0.027783
7010.93994 0.02876
7011.20215 0.029774
7011.46289 0.030826
7011.72510 0.031915
7011.98584 0.033048
7012.24805 0.034229
7012.50879 0.035462
7012.77002 0.036749
7013.03223 0.038086
7013.29297 0.039467
7013.55518 0.040888
7013.81592 0.042344
7014.07715 0.043837
7014.33887 0.04537
7014.60010 0.046956
7014.86182 0.048608
7015.12305 0.05034
7015.38379 0.052165
7015.64600 0.054091
7015.90723 0.056122
7016.16895 0.058262
7016.43018 0.060512
7016.69092 0.062871
7016.95312 0.065331
7017.21387 0.067882
7017.47607 0.070512
7017.73682 0.073217
7017.99902 0.076001
7018.25977 0.078877
7018.52100 0.081863
7018.78320 0.084976
7019.04395 0.088229
7019.30615 0.091629
7019.56689 0.095181
7019.82910 0.098887
7020.08984 0.10275
7020.35205 0.106776
7020.61279 0.11097
7020.87500 0.115338
7021.13623 0.119882
7021.39697 0.124601
7021.65918 0.129486
7021.91992 0.134532
7022.18213 0.139731
7022.44287 0.145084
7022.70508 0.150594
7022.96582 0.156274
7023.22803 0.16214
7023.48877 0.168215
7023.75000 0.17452
7024.01221 0.181068
7024.27295 0.18786
7024.53516 0.194881
7024.79590 0.202102
7025.05811 0.209492
7025.31885 0.217028
7025.58105 0.224703
7025.84180 0.232529
7026.10400 0.240527
7026.36523 0.248723
7026.62598 0.257132
7026.88818 0.265751
7027.14893 0.27456
7027.41113 0.283517
7027.67188 0.292578
7027.93408 0.301702
7028.19482 0.310868
7028.45703 0.320078
7028.71777 0.329347
7028.97900 0.338691
7029.24121 0.348113
7029.50195 0.3576
7029.76416 0.367128
7030.02490 0.37667
7030.28711 0.386212
7030.54785 0.395748
7030.81006 0.405282
7031.07080 0.414819
7031.33301 0.424351
7031.59424 0.433863
7031.85498 0.443329
7032.11719 0.452724
7032.37793 0.462027
7032.64014 0.471222
7032.90088 0.480304
7033.16309 0.489274
7033.42383 0.498138
7033.68604 0.506898
7033.94678 0.515546
7034.20801 0.52406
7034.47021 0.532415
7034.73096 0.54059
7034.99316 0.548583
7035.25391 0.556408
7035.51611 0.564087
7035.77686 0.571641
7036.03906 0.579085
7036.29980 0.586424
7036.56201 0.593657
7036.82324 0.600772
7037.08398 0.607754
7037.34619 0.614584
7037.60693 0.621252
7037.86914 0.62776
7038.12988 0.634121
7038.39209 0.640342
7038.65283 0.646411
7038.91504 0.652289
7039.17578 0.657926
7039.43799 0.663285
7039.69922 0.668357
7039.96094 0.67317
7040.22217 0.677774
7040.48389 0.682228
7040.74512 0.686573
7041.00684 0.690839
7041.26807 0.695031
7041.52979 0.699146
7041.79102 0.703168
7042.05322 0.707076
7042.31396 0.710844
7042.57617 0.714448
7042.83691 0.717868
7043.09912 0.721101
7043.35986 0.724159
7043.62207 0.727075
7043.88281 0.729898
7044.14502 0.732674
7044.40576 0.735435
7044.66699 0.738181
7044.92920 0.740882
7045.18994 0.74349
7045.45215 0.745948
7045.71289 0.748212
7045.97510 0.750262
7046.23584 0.752113
7046.49805 0.753803
7046.75879 0.755386
7047.02100 0.756909
7047.28223 0.758398
7047.54395 0.759862
7047.80518 0.761294
7048.06689 0.762685
7048.32812 0.764026
7048.58984 0.765312
7048.85107 0.766537
7049.11279 0.767695
7049.37402 0.768772
7049.63623 0.769751
7049.89697 0.77062
7050.15918 0.771371
7050.41992 0.77201
7050.68213 0.77255
7050.94287 0.773015
7051.20508 0.773431
7051.46582 0.773825
7051.72803 0.774228
7051.98877 0.774659
7052.25000 0.775123
7052.51221 0.775603
7052.77393 0.776066
7053.03516 0.77647
7053.29688 0.77678
7053.55811 0.776976
7053.81982 0.77705
7054.08105 0.777013
7054.34277 0.776885
7054.60400 0.776698
7054.86621 0.776486
7055.12695 0.776278
7055.38916 0.776087
7055.64990 0.77591
7055.91211 0.775735
7056.17285 0.775552
7056.43506 0.775354
7056.69580 0.775141
7056.95801 0.774915
7057.21924 0.774671
7057.48096 0.774398
7057.74219 0.774082
7058.00391 0.773704
7058.26611 0.77325
7058.52686 0.772715
7058.78906 0.772104
7059.04980 0.77143
7059.31201 0.770704
7059.57324 0.769934
7059.83398 0.76913
7060.09619 0.768301
7060.35693 0.767465
7060.61914 0.766643
7060.87988 0.76586
7061.14209 0.765133
7061.40381 0.764468
7061.66504 0.76386
7061.92676 0.763288
7062.18799 0.762729
7062.45020 0.76216
7062.71094 0.761558
7062.97314 0.760905
7063.23389 0.760189
7063.49609 0.75941
7063.75684 0.758587
7064.01904 0.757745
7064.27979 0.756904
7064.54199 0.756073
7064.80322 0.755248
7065.06494 0.754433
7065.32715 0.753636
7065.58789 0.752879
7065.85010 0.752183
7066.11084 0.751558
7066.37305 0.750995
7066.63379 0.750469
7066.89600 0.749951
7067.15723 0.749416
7067.41895 0.748846
7067.68018 0.748236
7067.94189 0.747593
7068.20410 0.746931
7068.46484 0.746274
7068.72705 0.745644
7068.98779 0.745057
7069.25000 0.74452
7069.51123 0.744032
7069.77197 0.743592
7070.03418 0.743197
7070.29590 0.742842
7070.55713 0.742514
7070.81885 0.742189
7071.08008 0.74183
7071.34180 0.741402
7071.60400 0.740881
7071.86523 0.740269
7072.12598 0.739576
7072.38818 0.738817
7072.64893 0.737997
7072.91113 0.737107
7073.17285 0.736127
7073.43408 0.735038
7073.69580 0.733833
7073.95801 0.732524
7074.21924 0.731134
7074.47998 0.729694
7074.74219 0.728225
7075.00293 0.726723
7075.26514 0.725167
7075.52686 0.723525
7075.78809 0.721762
7076.04980 0.719851
7076.31104 0.717772
7076.57324 0.71551
7076.83398 0.713058
7077.09619 0.710408
7077.35693 0.707551
7077.61914 0.704471
7077.87988 0.701152
7078.14209 0.697583
7078.40381 0.693772
7078.66504 0.689744
7078.92676 0.68554
7079.18799 0.681193
7079.45020 0.676719
7079.71094 0.67211
7079.97314 0.66734
7080.23486 0.66237
7080.49609 0.657165
7080.75781 0.651699
7081.02002 0.645964
7081.28076 0.639972
7081.54199 0.633754
7081.80420 0.62735
7082.06494 0.620791
7082.32715 0.614088
7082.58887 0.60723
7082.85010 0.600194
7083.11182 0.59295
7083.37402 0.58548
7083.63477 0.577779
7083.89600 0.569863
7084.15820 0.561756
7084.41992 0.553489
7084.68115 0.545081
7084.94287 0.536536
7085.20508 0.527846
7085.46582 0.518998
7085.72803 0.509987
7085.98877 0.500818
7086.25000 0.491508
7086.51221 0.482076
7086.77393 0.472544
7087.03613 0.462934
7087.29688 0.453265
7087.55908 0.443555
7087.81982 0.433815
7088.08203 0.424052
7088.34277 0.414269
7088.60498 0.404471
7088.86719 0.394669
7089.12793 0.384881
7089.39014 0.375132
7089.65088 0.365444
7089.91309 0.355833
7090.17383 0.346305
7090.43604 0.336853
7090.69824 0.327472
7090.95898 0.31816
7091.22119 0.308924
7091.48193 0.299779
7091.74414 0.290744
7092.00488 0.281842
7092.26709 0.273098
7092.52881 0.264537
7092.79004 0.25618
7093.05176 0.248033
7093.31299 0.24009
7093.57520 0.232334
7093.83594 0.224744
7094.09814 0.217303
7094.35986 0.210008
7094.62207 0.202858
7094.88281 0.19586
7095.14502 0.189019
7095.40576 0.182335
7095.66797 0.175816
7095.92920 0.169468
7096.19092 0.163306
7096.45312 0.157345
7096.71387 0.151606
7096.97607 0.146098
7097.23682 0.140823
7097.49902 0.13577
7097.76123 0.130919
7098.02197 0.12625
7098.28418 0.121748
7098.54492 0.117399
7098.80713 0.113197
7099.06787 0.109131
7099.33008 0.105195
7099.59180 0.101385
7099.85400 0.0977
7100.11523 0.094145
7100.37598 0.090728
7100.63818 0.087456
7100.89990 0.084331
7101.16113 0.08135
7101.42285 0.078502
7101.68506 0.075769
7101.94580 0.073131
7102.20801 0.070574
7102.46924 0.068096
7102.73096 0.065699
7102.99316 0.06339
7103.25391 0.061173
7103.51611 0.059047
7103.77686 0.057008
7104.03906 0.055051
7104.30078 0.05317
7104.56299 0.051363
7104.82422 0.049624
7105.08496 0.047947
7105.34717 0.046327
7105.60889 0.044758
7105.87012 0.043241
7106.13184 0.041776
7106.39404 0.040367
7106.65479 0.039017
7106.91699 0.037725
7107.17822 0.036489
7107.43994 0.035303
7107.70215 0.034164
7107.96289 0.033068
7108.22510 0.032012
7108.48584 0.030992
7108.74805 0.030002
7109.00977 0.029038
7109.27100 0.028097
7109.53320 0.027184
7109.79395 0.026305
7110.05615 0.025471
7110.31787 0.024692
7110.58008 0.023972
7110.84082 0.023307
7111.10303 0.022682
7111.36377 0.02208
7111.62598 0.02148
7111.88818 0.02087
7112.14893 0.020244
7112.41113 0.019605
7112.67188 0.018963
7112.93408 0.018333
7113.19580 0.017729
7113.45801 0.017161
7113.71924 0.016633
7113.98096 0.016139
7114.24219 0.015672
7114.50391 0.015222
7114.76611 0.014784
7115.02686 0.014357
7115.28906 0.013943
7115.55078 0.013545
7115.81201 0.013166
7116.07422 0.012806
7116.33496 0.012466
7116.59717 0.012146
7116.85889 0.011842
7117.12109 0.011551
7117.38184 0.011265
7117.64404 0.010981
7117.90479 0.010698
7118.16699 0.010421
7118.42920 0.010158
7118.68994 0.009915
7118.95215 0.009693
7119.21289 0.009487
7119.47510 0.009288
7119.73682 0.009085
7119.99902 0.008873
7120.25977 0.00865
7120.52197 0.008418
7120.78320 0.008185
7121.04492 0.007957
7121.30713 0.007743
7121.56787 0.007544
7121.83008 0.007364
7122.09180 0.007198
7122.35400 0.007043
7122.61523 0.006896
7122.87598 0.006752
7123.13818 0.006609
7123.39990 0.006464
7123.66211 0.006316
7123.92285 0.006166
7124.18506 0.006015
7124.44580 0.005869
7124.70801 0.00573
7124.97021 0.005605
7125.23096 0.005494
7125.49316 0.005396
7125.75488 0.005308
7126.01709 0.005224
7126.27783 0.005142
7126.54004 0.005059
7126.80078 0.004976
7127.06299 0.004891
7127.32520 0.004805
7127.58594 0.004719
7127.84814 0.004633
7128.10986 0.004549
7128.37207 0.004465
7128.63281 0.00438
7128.89502 0.004289
7129.15576 0.00419
7129.41797 0.004084
7842.35986 0.0
