threeML/data/optical_filters/CAHA/CAHA-f_656_1.ecsv
# %ECSV 0.9
# ---
# datatype:
# - {name: wavelength, unit: Angstrom, datatype: float32}
# - {name: response, datatype: float32}
# meta: !!omap
# - {band_name: f_656_1}
# - {group_name: CAHA}
wavelength response
5889.13184 0.0
6543.47998 0.004318
6543.74023 0.004523
6544.00000 0.004712
6544.25977 0.004873
6544.52002 0.005206
6544.77979 0.005345
6545.04980 0.005627
6545.31006 0.005882
6545.56982 0.006234
6545.83008 0.006478
6546.08984 0.006894
6546.35010 0.007245
6546.60986 0.007672
6546.87012 0.00807
6547.12988 0.008392
6547.39990 0.009154
6547.66016 0.009504
6547.91992 0.010241
6548.18018 0.010702
6548.43994 0.011573
6548.70020 0.012402
6548.95996 0.013101
6549.22021 0.014014
6549.49023 0.015211
6549.75000 0.016075
6550.00977 0.017258
6550.27002 0.018503
6550.52979 0.019955
6550.79004 0.021476
6551.04980 0.023486
6551.31006 0.025236
6551.58008 0.027272
6551.83984 0.029494
6552.10010 0.032401
6552.35986 0.035176
6552.62012 0.038373
6552.87988 0.041923
6553.14014 0.046163
6553.39990 0.050294
6553.66992 0.055027
6553.93018 0.060392
6554.18994 0.066212
6554.45020 0.073257
6554.70996 0.080125
6554.97021 0.088524
6555.22998 0.098064
6555.49023 0.108589
6555.75000 0.11912
6556.02002 0.131066
6556.27979 0.142801
6556.54004 0.156079
6556.79980 0.170087
6557.06006 0.185132
6557.31982 0.201097
6557.58008 0.217743
6557.83984 0.233505
6558.10010 0.249014
6558.37012 0.265437
6558.62988 0.280394
6558.89014 0.293657
6559.14990 0.30617
6559.41016 0.316142
6559.66992 0.327585
6559.93018 0.335012
6560.18994 0.343719
6560.45996 0.351038
6560.72021 0.356576
6560.97998 0.362292
6561.24023 0.364659
6561.50000 0.368144
6561.75977 0.370834
6562.02002 0.373961
6562.27979 0.374161
6562.54980 0.373035
6562.81006 0.373256
6563.06982 0.373819
6563.33008 0.371017
6563.58984 0.370142
6563.85010 0.366819
6564.10986 0.363819
6564.37012 0.358747
6564.64014 0.352271
6564.89990 0.34374
6565.16016 0.334253
6565.41992 0.323465
6565.68018 0.311011
6565.93994 0.296728
6566.20020 0.281873
6566.45996 0.266368
6566.72021 0.25182
6566.99023 0.236271
6567.25000 0.219921
6567.50977 0.204212
6567.77002 0.189269
6568.02979 0.175288
6568.29004 0.160406
6568.54980 0.146226
6568.81006 0.133607
6569.08008 0.121887
6569.33984 0.11107
6569.60010 0.101232
6569.85986 0.092882
6570.12012 0.084556
6570.37988 0.077262
6570.64014 0.070599
6570.89990 0.064031
6571.16992 0.058571
6571.43018 0.053318
6571.68994 0.048282
6571.95020 0.044384
6572.20996 0.040766
6572.47021 0.037196
6572.72998 0.034032
6572.99023 0.031382
6573.25000 0.028894
6573.52002 0.026912
6573.77979 0.025052
6574.04004 0.022885
6574.29980 0.021139
6574.56006 0.019681
6574.81982 0.018483
6575.08008 0.016972
6575.33984 0.015961
6575.60986 0.014535
6575.87012 0.013751
6576.12988 0.012894
6576.39014 0.011791
6576.64990 0.011291
6576.91016 0.010655
6577.16992 0.010072
6577.43018 0.009748
6577.70020 0.008861
6577.95996 0.008493
6578.22021 0.007942
6578.47998 0.007673
6578.74023 0.00711
6579.00000 0.006837
6579.25977 0.006433
6579.52002 0.006168
6579.77979 0.00583
6580.04980 0.005748
6580.31006 0.005435
6580.56982 0.00519
6580.83008 0.004952
6581.08984 0.004728
6581.35010 0.004528
6581.60986 0.004368
6581.87012 0.004071
6582.14014 0.00409
7240.35400 0.0
