threeML/data/optical_filters/CAHA/CAHA-f_657_2.ecsv
# %ECSV 0.9
# ---
# datatype:
# - {name: wavelength, unit: Angstrom, datatype: float32}
# - {name: response, datatype: float32}
# meta: !!omap
# - {band_name: f_657_2}
# - {group_name: CAHA}
wavelength response
5903.23486 0.0
6559.14990 0.004197
6559.41016 0.004134
6559.66992 0.004558
6559.93018 0.004879
6560.18994 0.004864
6560.45996 0.005174
6560.72021 0.005727
6560.97998 0.005861
6561.24023 0.00285
6561.50000 0.00549
6561.75977 0.006928
6562.02002 0.007411
6562.27979 0.008547
6562.54980 0.009008
6562.81006 0.009402
6563.06982 0.010502
6563.33008 0.011723
6563.58984 0.012062
6563.85010 0.013673
6564.10986 0.015205
6564.37012 0.015974
6564.64014 0.018157
6564.89990 0.020483
6565.16016 0.021496
6565.41992 0.024096
6565.68018 0.027833
6565.93994 0.029314
6566.20020 0.032488
6566.45996 0.037693
6566.72021 0.040047
6566.99023 0.042459
6567.25000 0.049471
6567.50977 0.053142
6567.77002 0.056421
6568.02979 0.063485
6568.29004 0.069766
6568.54980 0.071455
6568.81006 0.079192
6569.08008 0.087193
6569.33984 0.089595
6569.60010 0.096585
6569.85986 0.106428
6570.12012 0.109725
6570.37988 0.115276
6570.64014 0.127254
6570.89990 0.13256
6571.16992 0.136377
6571.43018 0.151372
6571.68994 0.159176
6571.95020 0.161736
6572.20996 0.176034
6572.47021 0.187622
6572.72998 0.191397
6572.99023 0.204914
6573.25000 0.219785
6573.52002 0.221582
6573.77979 0.232339
6574.04004 0.247801
6574.29980 0.24908
6574.56006 0.25483
6574.81982 0.269961
6575.08008 0.272159
6575.33984 0.271403
6575.60986 0.283637
6575.87012 0.285179
6576.12988 0.280169
6576.39014 0.289234
6576.64990 0.292338
6576.91016 0.285562
6577.16992 0.290779
6577.43018 0.296769
6577.70020 0.289643
6577.95996 0.292891
6578.22021 0.299631
6578.47998 0.293988
6578.74023 0.297634
6579.00000 0.304343
6579.25977 0.301342
6579.52002 0.30472
6579.77979 0.310733
6580.04980 0.31075
6580.31006 0.312666
6580.56982 0.318079
6580.83008 0.316134
6581.08984 0.315718
6581.35010 0.318721
6581.60986 0.311012
6581.87012 0.308565
6582.14014 0.302599
6582.39990 0.289657
6582.66016 0.280894
6582.91992 0.266673
6583.18018 0.249536
6583.43994 0.23617
6583.70020 0.218082
6583.95996 0.197034
6584.22998 0.182818
6584.49023 0.165957
6584.75000 0.145917
6585.00977 0.133534
6585.27002 0.119927
6585.52979 0.103378
6585.79004 0.094465
6586.04980 0.083725
6586.31006 0.072438
6586.58008 0.065168
6586.83984 0.05843
6587.10010 0.050522
6587.35986 0.04539
6587.62012 0.041387
6587.87988 0.036158
6588.14014 0.032584
6588.39990 0.029802
6588.66992 0.026437
6588.93018 0.023662
6589.18994 0.022146
6589.45020 0.019611
6589.70996 0.017818
6589.97021 0.016822
6590.22998 0.015182
6590.49023 0.013723
6590.75977 0.01309
6591.02002 0.012265
6591.27979 0.0108
6591.54004 0.010341
6591.79980 0.009761
6592.06006 0.008827
6592.31982 0.008345
6592.58008 0.007947
6592.83984 0.007433
6593.10986 0.006814
6593.37012 0.006708
6593.62988 0.006335
6593.89014 0.005746
6594.14990 0.005515
6594.41016 0.005502
6594.66992 0.004932
6594.93018 0.004848
6595.20020 0.004666
6595.45996 0.004399
6595.72021 0.004314
6595.97998 0.004045
7255.57812 0.0
