threeML/data/optical_filters/CAHA/CAHA-f_907_2.ecsv
# %ECSV 0.9
# ---
# datatype:
# - {name: wavelength, unit: Angstrom, datatype: float32}
# - {name: response, datatype: float32}
# meta: !!omap
# - {band_name: f_907_2}
# - {group_name: CAHA}
wavelength response
8119.47852 0.0
9021.64258 0.004025
9021.90527 0.004057
9022.16797 0.004088
9022.43066 0.00412
9022.69336 0.004152
9022.95605 0.004184
9023.21875 0.004216
9023.48145 0.004249
9023.74414 0.004281
9024.00684 0.004314
9024.27148 0.004346
9024.53320 0.004379
9024.79590 0.004412
9025.05859 0.004445
9025.32129 0.004576
9025.58398 0.004585
9025.84668 0.004598
9026.11035 0.004614
9026.37305 0.004632
9026.63574 0.004654
9026.89844 0.004679
9027.16113 0.004707
9027.42480 0.004738
9027.68848 0.004772
9027.95020 0.004809
9028.21289 0.00485
9028.47559 0.004893
9028.73926 0.004939
9029.00195 0.004989
9029.26465 0.005041
9029.52734 0.005097
9029.79102 0.005155
9030.05371 0.005217
9030.31641 0.005282
9030.57910 0.00535
9030.84277 0.005421
9031.10547 0.005495
9031.36816 0.005572
9031.63184 0.005652
9031.89453 0.005735
9032.15723 0.005822
9032.42090 0.005911
9032.68359 0.006003
9032.94629 0.006099
9033.20996 0.006197
9033.47266 0.006299
9033.73535 0.006404
9033.99902 0.006512
9034.26172 0.006622
9034.52441 0.006736
9034.78809 0.006853
9035.05078 0.006835
9035.31348 0.00699
9035.57715 0.007152
9035.83984 0.00732
9036.10352 0.007494
9036.36621 0.007675
9036.62988 0.007862
9036.89258 0.008056
9037.15527 0.008255
9037.41895 0.008462
9037.68164 0.008674
9037.94531 0.008893
9038.20801 0.009119
9038.47168 0.009351
9038.73438 0.009589
9038.99805 0.009834
9039.26074 0.010085
9039.52441 0.010342
9039.78711 0.010606
9040.05078 0.010876
9040.31348 0.011153
9040.57715 0.011436
9040.83984 0.011725
9041.10352 0.012021
9041.36621 0.012323
9041.62988 0.012632
9041.89258 0.012947
9042.15625 0.013268
9042.41895 0.013596
9042.68262 0.01393
9042.94629 0.01427
9043.20898 0.014355
9043.47266 0.014897
9043.73535 0.015471
9043.99902 0.016037
9044.26270 0.01658
9044.52539 0.017108
9044.78906 0.017643
9045.05273 0.018205
9045.31543 0.0188
9045.57910 0.019419
9045.84180 0.020051
9046.10547 0.020687
9046.36914 0.021336
9046.63184 0.022008
9046.89648 0.022709
9047.15918 0.023427
9047.42188 0.024136
9047.68555 0.02481
9047.94922 0.025447
9048.21289 0.026066
9048.47559 0.026704
9048.73926 0.027394
9049.00293 0.028155
9049.26562 0.028995
9049.52930 0.029914
9049.79297 0.030916
9050.05664 0.031993
9050.32031 0.033132
9050.58301 0.034301
9050.84668 0.035472
9051.11035 0.036628
9051.37402 0.037778
9051.63672 0.03895
9051.90039 0.040176
9052.16406 0.04148
9052.42773 0.042889
9052.69141 0.044441
9052.95410 0.0462
9053.21777 0.048235
9053.48145 0.050576
9053.74512 0.053175
9054.00879 0.055909
9054.27246 0.058633
9054.53613 0.06127
9054.79883 0.063866
9055.06348 0.066587
9055.32617 0.069624
9055.58984 0.073105
9055.85352 0.077039
9056.11719 0.081353
9056.38086 0.085983
9056.64453 0.090936
9056.90820 0.096289
9057.17188 0.10211
9057.43457 0.108384
9057.69824 0.115018
9057.96191 0.121912
9058.22559 0.129064
9058.48926 0.136608
9058.75293 0.144738
9059.01660 0.153578
9059.28027 0.163098
9059.54395 0.173149
9059.80762 0.183601
9060.07129 0.194473
9060.33496 0.205955
9060.59863 0.218285
9060.86230 0.231593
9061.12598 0.245835
9061.38965 0.260889
9061.65332 0.276698
9061.91699 0.293335
9062.18066 0.310899
9062.44434 0.329309
9062.70898 0.3482
9062.97266 0.367056
9063.23633 0.385531
9063.50000 0.403717
9063.76367 0.42214
9064.02734 0.441437
9064.29102 0.461904
9064.55469 0.483254
9064.81836 0.504692
9065.08203 0.525309
9065.34570 0.544462
9065.61035 0.561939
9065.87402 0.577853
9066.13770 0.592431
9066.40137 0.605899
9066.66504 0.618514
9066.92871 0.630657
9067.19336 0.642778
9067.45703 0.655171
9067.72070 0.667693
9067.98438 0.679663
9068.24805 0.690077
9068.51270 0.698049
9068.77637 0.703274
9069.04004 0.706197
9069.30371 0.707832
9069.56738 0.709327
9069.83203 0.711499
9070.09570 0.714592
9070.35938 0.718302
9070.62305 0.721998
9070.88770 0.724981
9071.15137 0.726723
9071.41504 0.727
9071.67871 0.725961
9071.94336 0.724115
9072.20703 0.722202
9072.47070 0.720989
9072.73535 0.720961
9072.99902 0.722106
9073.26270 0.723854
9073.52734 0.725269
9073.79102 0.725378
9074.05469 0.723516
9074.31934 0.71952
9074.58301 0.713749
9074.84668 0.706964
9075.11133 0.700113
9075.37500 0.694047
9075.63867 0.689237
9075.90332 0.685513
9076.16699 0.682014
9076.43164 0.677427
9076.69531 0.670476
9076.95898 0.66044
9077.22363 0.647439
9077.48730 0.63231
9077.75195 0.616162
9078.01562 0.599886
9078.28027 0.583862
9078.54395 0.568029
9078.80859 0.552107
9079.07227 0.53582
9079.33594 0.518949
9079.60059 0.501277
9079.86426 0.482575
9080.12891 0.462738
9080.39258 0.441965
9080.65723 0.420837
9080.92090 0.400123
9081.18555 0.380425
9081.44922 0.36188
9081.71387 0.34415
9081.97852 0.326698
9082.24219 0.309163
9082.50684 0.291579
9082.77148 0.274321
9083.03516 0.257843
9083.29883 0.242437
9083.56348 0.22815
9083.82715 0.214875
9084.09180 0.202507
9084.35645 0.191014
9084.62012 0.180394
9084.88477 0.170578
9085.14844 0.161382
9085.41309 0.152567
9085.67773 0.143964
9085.94141 0.135564
9086.20605 0.127508
9086.47070 0.119983
9086.73438 0.113102
9086.99902 0.106848
9087.26367 0.10111
9087.52734 0.095773
9087.79199 0.090778
9088.05664 0.086129
9088.32031 0.081853
9088.58496 0.077941
9088.84961 0.074341
9089.11328 0.070977
9089.37793 0.067786
9089.64258 0.064734
9089.90723 0.061803
9090.17090 0.058976
9090.43555 0.056224
9090.70020 0.05353
9090.96484 0.050904
9091.22852 0.048393
9091.49316 0.046054
9091.75781 0.043935
9092.02246 0.042051
9092.28613 0.040382
9092.55078 0.038896
9092.81543 0.037567
9093.08008 0.036375
9093.34473 0.035302
9093.60840 0.034314
9093.87305 0.033361
9094.13770 0.032398
9094.40234 0.031408
9094.66699 0.030407
9094.93164 0.029428
9095.19531 0.028494
9095.45996 0.0276
9095.72461 0.026725
9095.98926 0.025837
9096.25391 0.02493
9096.51855 0.024025
9096.78320 0.023166
9097.04785 0.022388
9097.31348 0.0217
9097.57617 0.021081
9097.84082 0.020487
9098.10547 0.019892
9098.37012 0.019297
9098.63477 0.018733
9098.89941 0.018244
9099.16406 0.017861
9099.42871 0.017584
9099.69336 0.017389
9099.95801 0.01723
9100.22266 0.017063
9100.48730 0.016861
9100.75195 0.016614
9101.01660 0.016334
9101.28125 0.016041
9101.54590 0.015747
9101.81055 0.01545
9102.07520 0.01513
9102.33984 0.01477
9102.60352 0.014369
9102.86914 0.013949
9103.13379 0.013546
9103.39844 0.013187
9103.66309 0.012879
9103.92773 0.012607
9104.19238 0.012345
9104.45801 0.01207
9104.72266 0.011772
9104.98730 0.011456
9105.25195 0.01148
9105.51660 0.011238
9105.78125 0.011001
9106.04590 0.01077
9106.31055 0.010544
9106.57520 0.010324
9106.84082 0.010109
9107.10547 0.0099
9107.37012 0.009696
9107.63477 0.009497
9107.89941 0.009304
9108.16406 0.009117
9108.42969 0.008935
9108.69434 0.008758
9108.95898 0.008587
9109.22363 0.008421
9109.48828 0.008261
9109.75391 0.008106
9110.01855 0.007956
9110.28320 0.007812
9110.54785 0.007674
9110.81348 0.007541
9111.07812 0.007413
9111.34277 0.007291
9111.60742 0.007174
9111.87207 0.007063
9112.13770 0.006957
9112.40234 0.006596
9112.66699 0.006538
9112.93262 0.006481
9113.19727 0.006424
9113.46191 0.006367
9113.72656 0.006311
9113.99219 0.006255
9114.25684 0.006199
9114.52148 0.006143
9114.78711 0.006088
9115.05176 0.006033
9115.31641 0.005978
9115.58203 0.005924
9115.84668 0.00587
9116.11230 0.005816
9116.37695 0.005762
9116.64160 0.005709
9116.90723 0.005656
9117.17188 0.005604
9117.43652 0.005551
9117.70215 0.005499
9117.96680 0.005447
9118.23242 0.005396
9118.49707 0.005345
9118.76270 0.005294
9119.02734 0.005243
9119.29199 0.005193
9119.55762 0.005143
9119.82227 0.005093
9120.08789 0.005043
9120.35254 0.004994
9120.61816 0.004945
9120.88281 0.004897
9121.14844 0.004848
9121.41309 0.0048
9121.67871 0.004752
9121.94336 0.004705
9122.20898 0.004658
9122.47363 0.004611
9122.73926 0.004564
9123.00391 0.004518
9123.26953 0.004472
9123.53418 0.004426
9123.79980 0.00438
9124.06543 0.004335
9124.33008 0.00429
9124.59570 0.004246
9124.86035 0.004201
9125.12598 0.004157
9125.39062 0.004114
9125.65625 0.00407
9125.92188 0.004027
10038.51367 0.0
