threeML/data/optical_filters/CAHA/CAHA-f_641_158.ecsv
# %ECSV 0.9
# ---
# datatype:
# - {name: wavelength, unit: Angstrom, datatype: float32}
# - {name: response, datatype: float32}
# meta: !!omap
# - {band_name: f_641_158}
# - {group_name: CAHA}
wavelength response
4844.87256 0.0
5383.19189 0.004309
5386.46680 0.004704
5389.74316 0.005117
5393.01807 0.005548
5396.29199 0.005997
5399.56689 0.006464
5402.84277 0.006949
5406.11816 0.007451
5409.39307 0.007972
5412.66797 0.00851
5415.94385 0.009067
5419.21924 0.009641
5422.49414 0.010234
5425.77002 0.010844
5429.04492 0.011472
5432.32080 0.012119
5435.59619 0.012783
5438.87207 0.013466
5442.14697 0.014168
5445.42285 0.01489
5448.69922 0.015635
5451.97510 0.016406
5455.25000 0.017207
5458.52588 0.018045
5461.80176 0.018932
5465.07812 0.019878
5468.35400 0.020896
5471.62988 0.022001
5474.90576 0.023203
5478.18213 0.024514
5481.45801 0.025939
5484.73389 0.027483
5488.00977 0.029146
5491.28613 0.030932
5494.56299 0.032849
5497.83887 0.034906
5501.11523 0.037121
5504.39209 0.039515
5507.66797 0.042112
5510.94385 0.044936
5514.22119 0.048011
5517.49805 0.051356
5520.77393 0.05499
5524.04980 0.058928
5527.32715 0.063185
5530.60400 0.067772
5533.87988 0.072696
5537.15723 0.077965
5540.43408 0.083581
5543.71094 0.08955
5546.98779 0.095875
5550.26514 0.102558
5553.54199 0.1096
5556.81885 0.116997
5560.09619 0.124738
5563.37305 0.132802
5566.64990 0.141161
5569.92676 0.149785
5573.20410 0.15864
5576.48096 0.1677
5579.75879 0.176941
5583.03613 0.186347
5586.31299 0.195905
5589.59082 0.205607
5592.86816 0.215442
5596.14600 0.225397
5599.42285 0.23546
5602.70117 0.245614
5605.97900 0.255847
5609.25586 0.266142
5612.53418 0.276482
5615.81201 0.286847
5619.08887 0.297211
5622.36719 0.307541
5625.64502 0.317799
5628.92285 0.327946
5632.20117 0.337947
5635.47900 0.347766
5638.75586 0.357378
5642.03516 0.366766
5645.31299 0.375914
5648.59082 0.384809
5651.86914 0.393445
5655.14697 0.401815
5658.42480 0.409921
5661.70410 0.41777
5664.98193 0.425376
5668.25977 0.43276
5671.53906 0.439947
5674.81689 0.446955
5678.09619 0.453799
5681.37402 0.460483
5684.65283 0.467
5687.93115 0.473336
5691.20996 0.479471
5694.48877 0.485389
5697.76709 0.491077
5701.04590 0.496529
5704.32520 0.501751
5707.60400 0.506754
5710.88184 0.511559
5714.16211 0.51619
5717.43994 0.52067
5720.71924 0.525017
5723.99902 0.529244
5727.27686 0.533354
5730.55713 0.53734
5733.83496 0.541186
5737.11523 0.544871
5740.39404 0.548374
5743.67285 0.551671
5746.95312 0.554755
5750.23193 0.557624
5753.51123 0.560289
5756.79102 0.562775
5760.06982 0.565112
5763.35010 0.567325
5766.62891 0.569442
5769.90918 0.571476
5773.18799 0.573434
5776.46777 0.575315
5779.74805 0.577112
5783.02686 0.578819
5786.30713 0.580433
5789.58691 0.581954
5792.86719 0.583387
5796.14697 0.584742
5799.42676 0.586028
5802.70703 0.587263
5805.98682 0.588457
5809.26709 0.589624
5812.54688 0.590769
5815.82715 0.591891
5819.10693 0.59298
5822.38818 0.59402
5825.66797 0.594988
5828.94824 0.595867
5832.22900 0.596645
5835.50879 0.597329
5838.78906 0.597937
5842.06982 0.598504
5845.35010 0.599068
5848.63086 0.599666
5851.91113 0.600315
5855.19189 0.601016
5858.47314 0.601747
5861.75293 0.602469
5865.03418 0.603142
5868.31494 0.603727
5871.59619 0.604204
5874.87598 0.604565
5878.15723 0.604825
5881.43799 0.605011
5884.71924 0.605158
5888.00000 0.605297
5891.28076 0.605454
5894.56299 0.605645
5897.84424 0.605874
5901.12500 0.606132
5904.40576 0.606403
5907.68701 0.606666
5910.96777 0.6069
5914.25000 0.60709
5917.53076 0.607226
5920.81299 0.607301
5924.09424 0.607318
5927.37500 0.607285
5930.65723 0.607207
5933.93799 0.607096
5937.22021 0.606958
5940.50195 0.6068
5943.78418 0.606627
5947.06494 0.606443
5950.34717 0.606248
5953.62891 0.606046
5956.91113 0.605836
5960.19189 0.605619
5963.47510 0.605397
5966.75586 0.60517
5970.03906 0.604939
5973.31982 0.604702
5976.60303 0.604463
5979.88477 0.604218
5983.16699 0.60397
5986.44922 0.603717
5989.73096 0.60346
5993.01416 0.603197
5996.29590 0.602931
5999.57812 0.602658
6002.86084 0.602381
6006.14307 0.602099
6009.42578 0.601812
6012.70801 0.60152
6015.99121 0.601223
6019.27295 0.600921
6022.55615 0.600613
6025.83789 0.600301
6029.12207 0.599984
6032.40381 0.599661
6035.68701 0.599334
6038.97021 0.599001
6042.25195 0.598664
6045.53613 0.598321
6048.81787 0.597973
6052.10205 0.59762
6055.38477 0.597262
6058.66699 0.5969
6061.95117 0.596532
6065.23389 0.596159
6068.51709 0.595781
6071.79980 0.595397
6075.08301 0.595009
6078.36719 0.594616
6081.64990 0.594218
6084.93408 0.593814
6088.21680 0.593406
6091.50000 0.592993
6094.78418 0.592574
6098.06787 0.59215
6101.35107 0.591722
6104.63477 0.591288
6107.91797 0.590849
6111.20215 0.590406
6114.48584 0.589957
6117.77002 0.589503
6121.05420 0.589044
6124.33691 0.58858
6127.62207 0.588111
6130.90479 0.587637
6134.18896 0.587157
6137.47314 0.586673
6140.75684 0.586184
6144.04199 0.58569
6147.32617 0.58519
6150.60986 0.584686
6153.89404 0.584176
6157.17822 0.583662
6160.46289 0.583142
6163.74707 0.582617
6167.03076 0.582087
6170.31592 0.581553
6173.60107 0.581013
6176.88477 0.580468
6180.16895 0.579918
6183.45410 0.579363
6186.73877 0.578803
6190.02295 0.578238
6193.30811 0.577668
6196.59277 0.577092
6199.87695 0.576512
6203.16309 0.575927
6206.44678 0.575336
6209.73193 0.574741
6213.01709 0.57414
6216.30176 0.573535
6219.58691 0.572924
6222.87207 0.572308
6226.15723 0.571688
6229.44189 0.571062
6232.72803 0.570431
6236.01318 0.569795
6239.29785 0.569154
6242.58301 0.568508
6245.86914 0.567857
6249.15381 0.567201
6252.43896 0.56654
6255.72510 0.565873
6259.00977 0.565202
6262.29590 0.564526
6265.58203 0.563844
6268.86719 0.563158
6272.15283 0.562466
6275.43799 0.56177
6278.72412 0.561068
6282.00977 0.560361
6285.29590 0.559649
6288.58203 0.558931
6291.86816 0.558207
6295.15381 0.557476
6298.43896 0.556738
6301.72607 0.555992
6305.01221 0.555237
6308.29785 0.554473
6311.58398 0.5537
6314.87012 0.552919
6318.15576 0.552133
6321.44287 0.551347
6324.72900 0.550566
6328.01514 0.549794
6331.30176 0.549037
6334.58789 0.548298
6337.87500 0.547579
6341.16113 0.546881
6344.44678 0.5462
6347.73389 0.545535
6351.02100 0.544882
6354.30713 0.544237
6357.59424 0.543597
6360.88086 0.542959
6364.16699 0.542322
6367.45410 0.541683
6370.74121 0.541043
6374.02783 0.540401
6377.31494 0.539757
6380.60205 0.539109
6383.88916 0.538459
6387.17578 0.537807
6390.46289 0.537152
6393.75000 0.536494
6397.03809 0.535833
6400.32520 0.53517
6403.61182 0.534504
6406.89893 0.533835
6410.18701 0.533163
6413.47412 0.532489
6416.76123 0.531812
6420.04883 0.531133
6423.33594 0.53045
6426.62402 0.529765
6429.91113 0.529077
6433.19922 0.528387
6436.48682 0.527694
6439.77393 0.526998
6443.06201 0.5263
6446.35010 0.525598
6449.63818 0.524894
6452.92480 0.524188
6456.21289 0.523478
6459.50098 0.522766
6462.78906 0.522051
6466.07715 0.521334
6469.36523 0.520613
6472.65283 0.519891
6475.94092 0.519165
6479.22900 0.518437
6482.51807 0.517706
6485.80615 0.516972
6489.09424 0.516236
6492.38281 0.515496
6495.67090 0.514755
6498.95898 0.51401
6502.24805 0.513263
6505.53711 0.512513
6508.82520 0.51176
6512.11279 0.511005
6515.40186 0.510247
6518.68994 0.509486
6521.97900 0.508722
6525.26807 0.507956
6528.55713 0.507187
6531.84619 0.506416
6535.13379 0.505641
6538.42285 0.504864
6541.71191 0.504085
6545.00098 0.503302
6548.29004 0.502517
6551.57910 0.501729
6554.86816 0.500938
6558.15723 0.500145
6561.44678 0.499349
6564.73584 0.498551
6568.02490 0.497749
6571.31396 0.496945
6574.60400 0.496138
6577.89307 0.495329
6581.18213 0.494517
6584.47217 0.493702
6587.76123 0.492884
6591.05078 0.492064
6594.33984 0.491241
6597.62988 0.490415
6600.91895 0.489587
6604.20898 0.488756
6607.49902 0.487922
6610.78906 0.487085
6614.07910 0.486246
6617.36816 0.485404
6620.65820 0.484559
6623.94824 0.483712
6627.23779 0.482862
6630.52783 0.482009
6633.81787 0.481154
6637.10791 0.480295
6640.39795 0.479434
6643.68799 0.478571
6646.97900 0.477704
6650.26904 0.476836
6653.55908 0.475964
6656.85010 0.475089
6660.14014 0.474212
6663.43018 0.473332
6666.72119 0.47245
6670.01123 0.471564
6673.30176 0.470677
6676.59180 0.469786
6679.88281 0.468893
6683.17285 0.467996
6686.46387 0.467098
6689.75488 0.466196
6693.04492 0.465292
6696.33594 0.464385
6699.62695 0.463475
6702.91797 0.462563
6706.20898 0.461648
6709.50000 0.46073
6712.79102 0.45981
6716.08203 0.458887
6719.37305 0.457961
6722.66406 0.457033
6725.95508 0.456101
6729.24609 0.455167
6732.53809 0.454231
6735.82910 0.453291
6739.12012 0.452349
6742.41211 0.451404
6745.70312 0.450457
6748.99414 0.449507
6752.28613 0.448554
6755.57715 0.447598
6758.86914 0.44664
6762.16016 0.445679
6765.45215 0.444715
6768.74414 0.443749
6772.03516 0.44278
6775.32715 0.441808
6778.61914 0.440833
6781.91113 0.439856
6785.20312 0.438876
6788.49512 0.437893
6791.78613 0.436908
6795.07812 0.43592
6798.37109 0.434929
6801.66309 0.433936
6804.95508 0.43294
6808.24707 0.431941
6811.53906 0.430939
6814.83105 0.429935
6818.12305 0.428928
6821.41602 0.427918
6824.70801 0.426906
6828.00000 0.425891
6831.29199 0.424873
6834.58496 0.423852
6837.87695 0.422829
6841.16992 0.421803
6844.46289 0.420774
6847.75488 0.419743
6851.04785 0.418709
6854.34082 0.417672
6857.63281 0.416633
6860.92578 0.41559
6864.21924 0.414546
6867.51221 0.413498
6870.80518 0.412448
6874.09814 0.411394
6877.39111 0.410338
6880.68408 0.409279
6883.97705 0.408215
6887.27002 0.407148
6890.56299 0.406074
6893.85596 0.404993
6897.14893 0.403902
6900.44287 0.402798
6903.73584 0.40168
6907.02881 0.400545
6910.32324 0.399394
6913.61621 0.398226
6916.90918 0.397048
6920.20312 0.395863
6923.49707 0.394678
6926.79004 0.393501
6930.08301 0.392336
6933.37695 0.391186
6936.67090 0.39005
6939.96484 0.388926
6943.25781 0.387808
6946.55176 0.386692
6949.84619 0.385574
6953.14014 0.384454
6956.43408 0.383333
6959.72803 0.382219
6963.02197 0.38112
6966.31592 0.380042
6969.60986 0.378991
6972.90381 0.377966
6976.19824 0.376958
6979.49316 0.375958
6982.78711 0.374949
6986.08105 0.373916
6989.37500 0.37285
6992.66992 0.371743
6995.96387 0.370598
6999.25781 0.369418
7002.55322 0.368213
7005.84814 0.366994
7009.14209 0.365768
7012.43701 0.364544
7015.73096 0.363327
7019.02588 0.36212
7022.32080 0.360926
7025.61621 0.359747
7028.91016 0.358583
7032.20508 0.357437
7035.50000 0.356307
7038.79492 0.355191
7042.08984 0.354086
7045.38477 0.352985
7048.68018 0.351883
7051.97510 0.350772
7055.27002 0.349646
7058.56494 0.348502
7061.85986 0.34734
7065.15576 0.346159
7068.45117 0.344966
7071.74609 0.343766
7075.04199 0.34257
7078.33691 0.341384
7081.63184 0.340217
7084.92822 0.339077
7088.22412 0.337965
7091.51904 0.336885
7094.81396 0.335834
7098.10986 0.334809
7101.40576 0.333805
7104.70215 0.332816
7107.99805 0.331839
7111.29297 0.330871
7114.58887 0.329909
7117.88477 0.328956
7121.18115 0.328015
7124.47705 0.327089
7127.77295 0.326179
7131.06885 0.325287
7134.36523 0.324407
7137.66113 0.323531
7140.95703 0.322644
7144.25293 0.321729
7147.54883 0.320767
7150.84619 0.319743
7154.14209 0.318648
7157.43799 0.317481
7160.73486 0.31625
7164.03076 0.314975
7167.32812 0.31368
7170.62402 0.312391
7173.92090 0.311134
7177.21680 0.309932
7180.51416 0.308798
7183.81104 0.30774
7187.10693 0.306756
7190.40381 0.305838
7193.70117 0.304972
7196.99805 0.30414
7200.29395 0.303324
7203.59082 0.302507
7206.88916 0.301674
7210.18604 0.300813
7213.48193 0.299918
7216.77979 0.298984
7220.07715 0.29801
7223.37402 0.296998
7226.67090 0.295951
7229.96777 0.294872
7233.26514 0.293765
7236.56299 0.292637
7239.85986 0.291497
7243.15723 0.290351
7246.45508 0.28921
7249.75195 0.288081
7253.04980 0.286971
7256.34814 0.28588
7259.64502 0.28481
7262.94189 0.283756
7266.24023 0.282712
7269.53809 0.28167
7272.83496 0.28062
7276.13281 0.279555
7279.43115 0.278468
7282.72900 0.277354
7286.02686 0.276216
7289.32520 0.275058
7292.62305 0.273886
7295.92090 0.27271
7299.21924 0.27154
7302.51709 0.270383
7305.81494 0.269247
7309.11279 0.268137
7312.41211 0.267056
7315.70996 0.266007
7319.00781 0.264987
7322.30713 0.263992
7325.60498 0.263017
7328.90283 0.262052
7332.20215 0.26109
7335.50000 0.260122
7338.79883 0.259141
7342.09717 0.258141
7345.39600 0.257122
7348.69482 0.256081
7351.99316 0.255022
7355.29199 0.253948
7358.59082 0.252863
7361.89014 0.251771
7365.18799 0.250675
7368.48682 0.249577
7371.78613 0.248478
7375.08496 0.247382
7378.38379 0.246287
7381.68408 0.245196
7384.98193 0.244107
7388.28076 0.243022
7391.58105 0.241938
7394.87988 0.240856
7398.17920 0.239773
7401.47900 0.23869
7404.77783 0.237608
7408.07715 0.236529
7411.37598 0.235458
7414.67578 0.234399
7417.97607 0.233359
7421.27490 0.232343
7424.57520 0.231354
7427.87402 0.230392
7431.17383 0.229454
7434.47412 0.228535
7437.77295 0.227624
7441.07324 0.226711
7444.37305 0.225786
7447.67285 0.22484
7450.97314 0.223869
7454.27197 0.222873
7457.57178 0.221856
7460.87305 0.220824
7464.17188 0.219787
7467.47314 0.218752
7470.77295 0.217726
7474.07324 0.216713
7477.37305 0.215717
7480.67285 0.214736
7483.97412 0.213769
7487.27393 0.212811
7490.57422 0.211856
7493.87500 0.210898
7497.17480 0.209931
7500.47607 0.208953
7503.77588 0.207963
7507.07715 0.206962
7510.37695 0.205955
7513.67822 0.204948
7516.97900 0.203946
7520.27881 0.202953
7523.58008 0.201973
7526.88086 0.201005
7530.18213 0.200045
7533.48193 0.199091
7536.78418 0.198138
7540.08398 0.197182
7543.38623 0.196222
7546.68701 0.195258
7549.98682 0.194291
7553.28906 0.193325
7556.58984 0.192364
7559.89111 0.191413
7563.19189 0.190474
7566.49414 0.189546
7569.79492 0.188629
7573.09619 0.187717
7576.39697 0.186808
7579.69922 0.185899
7583.00000 0.184989
7586.30176 0.184078
7589.60400 0.183168
7592.90479 0.182262
7596.20703 0.181362
7599.50781 0.180466
7602.81006 0.179573
7606.11182 0.178678
7609.41406 0.177779
7612.71582 0.176872
7616.01807 0.175959
7619.31885 0.17504
7622.62109 0.174122
7625.92285 0.173208
7629.22510 0.172304
7632.52686 0.171413
7635.83008 0.170538
7639.13184 0.169677
7642.43408 0.168828
7645.73584 0.167986
7649.03809 0.167145
7652.33984 0.166302
7655.64307 0.165452
7658.94482 0.164595
7662.24805 0.163728
7665.54980 0.162853
7668.85303 0.16197
7672.15479 0.161084
7675.45801 0.160196
7678.76123 0.159312
7682.06299 0.158437
7685.36621 0.157574
7688.66797 0.156728
7691.97119 0.155901
7695.27393 0.15509
7698.57715 0.154293
7701.87988 0.153505
7705.18311 0.152718
7708.48584 0.151927
7711.78906 0.151125
7715.09180 0.150308
7718.39502 0.149475
7721.69824 0.148626
7725.00098 0.147765
7728.30518 0.146897
7731.60791 0.14603
7734.91113 0.14517
7738.21484 0.144325
7741.51807 0.1435
7744.82080 0.142698
7748.12500 0.141916
7751.42822 0.141151
7754.73193 0.140395
7758.03613 0.139642
7761.33887 0.138885
7764.64307 0.138121
7767.94580 0.137346
7771.25000 0.136562
7774.55420 0.135774
7777.85791 0.134984
7781.16211 0.134199
7784.46484 0.133423
7787.77002 0.13266
7791.07324 0.131914
7794.37695 0.131187
7797.68213 0.130478
7800.98584 0.129785
7804.29004 0.129103
7807.59424 0.128426
7810.89795 0.127748
7814.20215 0.127061
7817.50684 0.126361
7820.81104 0.125646
7824.11523 0.124915
7827.41992 0.124173
7830.72412 0.123421
7834.02881 0.122666
7837.33301 0.121912
7840.63818 0.121161
7843.94189 0.120414
7847.24707 0.119673
7850.55176 0.118938
7853.85596 0.118211
7857.16113 0.117492
7860.46582 0.116785
7863.77100 0.116092
7867.07617 0.115413
7870.38086 0.114747
7873.68604 0.114092
7876.99121 0.113443
7880.29590 0.112794
7883.60107 0.112142
7886.90576 0.111484
7890.21094 0.110817
7893.51709 0.110143
7896.82178 0.109466
7900.12695 0.10879
7903.43213 0.108118
7906.73779 0.107454
7910.04297 0.106801
7913.34912 0.10616
7916.65381 0.10553
7919.95898 0.10491
7923.26514 0.104298
7926.57080 0.103689
7929.87598 0.10308
7933.18213 0.102464
7936.48779 0.101835
7939.79297 0.101189
7943.09912 0.100522
7946.40479 0.099835
7949.71094 0.099131
7953.01709 0.098417
7956.32324 0.097701
7959.62891 0.096992
7962.93506 0.096297
7966.24121 0.09562
7969.54688 0.094962
7972.85400 0.094324
7976.16016 0.093702
7979.46582 0.093093
7982.77197 0.092497
7986.07910 0.091911
7989.38477 0.091336
7992.69092 0.090773
7995.99805 0.090223
7999.30420 0.089687
8002.61084 0.089166
8005.91699 0.088657
8009.22412 0.088156
8012.52979 0.087658
8015.83691 0.087154
8019.14404 0.086635
8022.45117 0.086093
