threeML/data/optical_filters/CAHA/CAHA-f_501_9.ecsv
# %ECSV 0.9
# ---
# datatype:
# - {name: wavelength, unit: Angstrom, datatype: float32}
# - {name: response, datatype: float32}
# meta: !!omap
# - {band_name: f_501_9}
# - {group_name: CAHA}
wavelength response
4378.30176 0.0
4864.77979 0.004004
4865.64600 0.004057
4866.51123 0.00414
4867.37598 0.004239
4868.24219 0.004335
4869.10791 0.004419
4869.97412 0.004499
4870.83887 0.004595
4871.70508 0.004726
4872.56982 0.004897
4873.43604 0.005091
4874.30176 0.005277
4875.16699 0.005418
4876.03320 0.005488
4876.89893 0.005486
4877.76514 0.005446
4878.62988 0.005421
4879.49609 0.005452
4880.36182 0.005548
4881.22803 0.005688
4882.09277 0.00584
4882.95898 0.005977
4883.82520 0.006086
4884.69092 0.006173
4885.55713 0.006252
4886.42188 0.006349
4887.28809 0.006482
4888.15381 0.006653
4889.02002 0.006838
4889.88623 0.006992
4890.75098 0.00709
4891.61719 0.007151
4892.48291 0.007235
4893.34912 0.007385
4894.21484 0.007595
4895.08105 0.007814
4895.94678 0.007983
4896.81299 0.008075
4897.67920 0.008103
4898.54492 0.008116
4899.41113 0.008172
4900.27686 0.008313
4901.14307 0.008549
4902.00879 0.008865
4902.87500 0.00923
4903.74121 0.009606
4904.60596 0.009963
4905.47314 0.010282
4906.33887 0.010568
4907.20508 0.010845
4908.07080 0.011147
4908.93701 0.011495
4909.80322 0.011886
4910.66895 0.012298
4911.53516 0.012713
4912.40088 0.013125
4913.26807 0.01354
4914.13379 0.013975
4915.00000 0.014445
4915.86621 0.014958
4916.73193 0.015506
4917.59814 0.016066
4918.46387 0.016607
4919.33105 0.01713
4920.19678 0.01767
4921.06299 0.01828
4921.92920 0.018981
4922.79492 0.019765
4923.66211 0.020618
4924.52783 0.021546
4925.39404 0.022563
4926.25977 0.023669
4927.12598 0.024837
4927.99316 0.026033
4928.85889 0.027252
4929.72607 0.028547
4930.59180 0.030005
4931.45801 0.031684
4932.32520 0.033568
4933.19092 0.03558
4934.05713 0.03766
4934.92383 0.039807
4935.79004 0.042068
4936.65576 0.044484
4937.52295 0.047062
4938.38916 0.049791
4939.25488 0.05269
4940.12207 0.055824
4940.98779 0.059276
4941.85498 0.063099
4942.72119 0.067293
4943.58789 0.071833
4944.45410 0.076713
4945.32080 0.081978
4946.18701 0.087693
4947.05420 0.093894
4947.91992 0.100562
4948.78711 0.10767
4949.65283 0.115247
4950.52002 0.123382
4951.38623 0.132181
4952.25293 0.141712
4953.12012 0.152004
4953.98584 0.163066
4954.85303 0.174913
4955.71924 0.187567
4956.58594 0.20102
4957.45312 0.215208
4958.31885 0.23004
4959.18604 0.245453
4960.05176 0.261429
4960.91895 0.277953
4961.78613 0.294958
4962.65186 0.312323
4963.51904 0.32991
4964.38623 0.347625
4965.25195 0.365438
4966.11914 0.383344
4966.98584 0.401286
4967.85303 0.419094
4968.71924 0.436512
4969.58594 0.453318
4970.45312 0.469407
4971.31982 0.484795
4972.18701 0.499551
4973.05322 0.513726
4973.91992 0.52728
4974.78711 0.540036
4975.65381 0.55175
4976.52100 0.562276
4977.38721 0.571667
4978.25391 0.580136
4979.12109 0.587924
4979.98779 0.595203
4980.85498 0.602034
4981.72217 0.608393
4982.58887 0.614213
4983.45605 0.619441
4984.32324 0.624081
4985.18896 0.628188
4986.05713 0.631832
4986.92285 0.635028
4987.79102 0.637764
4988.65723 0.640073
4989.52393 0.642067
4990.39111 0.643848
4991.25781 0.645419
4992.12500 0.646721
4992.99219 0.647773
4993.85889 0.648741
4994.72705 0.649832
4995.59277 0.651083
4996.45996 0.652274
4997.32812 0.653081
4998.19482 0.653309
4999.06201 0.653008
4999.92920 0.652423
5000.79590 0.651839
5001.66309 0.651442
5002.52979 0.651268
5003.39697 0.651255
5004.26514 0.651339
5005.13184 0.651502
5005.99902 0.651734
5006.86621 0.651944
5007.73291 0.651985
5008.60107 0.651775
5009.46777 0.651389
5010.33496 0.651
5011.20215 0.650736
5012.06885 0.650573
5012.93701 0.650376
5013.80420 0.649974
5014.67090 0.649231
5015.53809 0.648108
5016.40479 0.646722
5017.27295 0.645304
5018.14014 0.64407
5019.00684 0.643107
5019.87500 0.642349
5020.74219 0.641629
5021.60889 0.640756
5022.47705 0.639566
5023.34424 0.63797
5024.21094 0.635961
5025.07910 0.6336
5025.94580 0.630959
5026.81299 0.628062
5027.68115 0.624881
5028.54785 0.621368
5029.41602 0.617469
5030.28320 0.613122
5031.15088 0.608271
5032.01807 0.602888
5032.88623 0.596929
5033.75293 0.590287
5034.62109 0.58282
5035.48779 0.574467
5036.35596 0.565321
5037.22314 0.555538
5038.09082 0.545194
5038.95801 0.534239
5039.82617 0.522585
5040.69287 0.510147
5041.56104 0.496839
5042.42920 0.482595
5043.29590 0.467428
5044.16406 0.451469
5045.03076 0.434936
5045.89893 0.418057
5046.76709 0.400995
5047.63379 0.383826
5048.50195 0.36659
5049.37012 0.349344
5050.23682 0.332179
5051.10498 0.31522
5051.97314 0.298613
5052.83984 0.282468
5053.70801 0.266818
5054.57617 0.251639
5055.44287 0.236929
5056.31104 0.222751
5057.17920 0.209202
5058.04688 0.196332
5058.91504 0.184114
5059.78223 0.172503
5060.64990 0.161509
5061.51807 0.15119
5062.38623 0.141572
5063.25293 0.132599
5064.12109 0.124157
5064.98877 0.11617
5065.85693 0.108647
5066.72510 0.101658
5067.59277 0.095256
5068.45996 0.089425
5069.32812 0.084079
5070.19580 0.079098
5071.06396 0.074378
5071.93213 0.069859
5072.79980 0.06554
5073.66797 0.061467
5074.53613 0.057693
5075.40381 0.05424
5076.27197 0.051082
5077.14014 0.048174
5078.00781 0.045489
5078.87500 0.043019
5079.74414 0.040747
5080.61182 0.038639
5081.47900 0.036662
5082.34814 0.034812
5083.21582 0.0331
5084.08398 0.031524
5084.95215 0.030046
5085.81982 0.028613
5086.68799 0.02719
5087.55615 0.025784
5088.42383 0.024435
5089.29199 0.023189
5090.16113 0.022074
5091.02881 0.021097
5091.89600 0.02023
5092.76514 0.019423
5093.63281 0.018629
5094.50098 0.017832
5095.36914 0.017056
5096.23682 0.016336
5097.10498 0.015686
5097.97412 0.015087
5098.84180 0.014504
5099.70996 0.013923
5100.57910 0.013363
5101.44678 0.012849
5102.31494 0.012394
5103.18311 0.011986
5104.05176 0.011615
5104.91992 0.011287
5105.78809 0.011013
5106.65576 0.010778
5107.52490 0.010539
5108.39307 0.010256
5109.26123 0.009927
5110.12988 0.009587
5110.99805 0.00929
5111.86719 0.009069
5112.73486 0.00891
5113.60303 0.008772
5114.47217 0.008621
5115.33984 0.008455
5116.20801 0.008285
5117.07715 0.008117
5117.94482 0.007946
5118.81396 0.007768
5119.68213 0.007583
5120.55078 0.007398
5121.41895 0.007216
5122.28809 0.007037
5123.15576 0.006868
5124.02393 0.00672
5124.89307 0.006591
5125.76221 0.006468
5126.62988 0.006337
5127.49902 0.006202
5128.36719 0.006083
5129.23584 0.005985
5130.10400 0.005892
5130.97314 0.005779
5131.84082 0.005644
5132.70996 0.005509
5133.57910 0.005409
5134.44678 0.005359
5135.31592 0.005345
5136.18506 0.005327
5137.05322 0.005272
5137.92188 0.005177
5138.79102 0.005067
5139.65918 0.004971
5140.52783 0.004903
5141.39600 0.004862
5142.26514 0.004843
5143.13379 0.00483
5144.00293 0.004807
5144.87207 0.004761
5145.74023 0.004698
5146.60889 0.00464
5147.47803 0.004607
5148.34717 0.004602
5149.21484 0.004615
5150.08398 0.004633
5150.95312 0.004641
5151.82178 0.004626
5152.68994 0.00458
5153.56006 0.004503
5154.42822 0.004411
5155.29688 0.004319
5156.16602 0.004239
5157.03516 0.004167
5157.90381 0.004086
5673.69434 0.0
