threeML/data/optical_filters/CAHA/CAHA-f_655_16.ecsv
# %ECSV 0.9
# ---
# datatype:
# - {name: wavelength, unit: Angstrom, datatype: float32}
# - {name: response, datatype: float32}
# meta: !!omap
# - {band_name: f_655_16}
# - {group_name: CAHA}
wavelength response
[from data line 805]
6577.70020 0.78982
6577.95996 0.791746
6578.22021 0.788575
6578.47998 0.788683
6578.74023 0.78853
6579.00000 0.788724
6579.25977 0.788685
6579.52002 0.789555
6579.77979 0.788337
6580.04980 0.789656
6580.31006 0.789463
6580.56982 0.788222
6580.83008 0.790857
6581.08984 0.789975
6581.35010 0.787904
6581.60986 0.789106
6581.87012 0.787404
6582.14014 0.789692
6582.39990 0.787726
6582.66016 0.788578
6582.91992 0.787397
6583.18018 0.785026
6583.43994 0.787065
6583.70020 0.788242
6583.95996 0.788393
6584.22998 0.786938
6584.49023 0.787583
6584.75000 0.786612
6585.00977 0.788391
6585.27002 0.788361
6585.52979 0.790087
6585.79004 0.787469
6586.04980 0.788555
6586.31006 0.789693
6586.58008 0.787476
6586.83984 0.786106
6587.10010 0.786797
6587.35986 0.788168
6587.62012 0.788231
6587.87988 0.788908
6588.14014 0.786832
6588.39990 0.785922
6588.66992 0.787106
6588.93018 0.786118
6589.18994 0.787186
6589.45020 0.785332
6589.70996 0.786849
6589.97021 0.785977
6590.22998 0.785419
6590.49023 0.787588
6590.75977 0.788393
6591.02002 0.785003
6591.27979 0.78587
6591.54004 0.78471
6591.79980 0.787825
6592.06006 0.787212
6592.31982 0.78684
6592.58008 0.783967
6592.83984 0.784383
6593.10986 0.785472
6593.37012 0.785547
6593.62988 0.78639
6593.89014 0.78634
6594.14990 0.786634
6594.41016 0.785371
6594.66992 0.785858
6594.93018 0.786701
6595.20020 0.785821
6595.45996 0.785491
6595.72021 0.785484
6595.97998 0.784226
6596.24023 0.784641
6596.50000 0.785072
6596.75977 0.785235
6597.02002 0.782489
6597.29004 0.784178
6597.54980 0.783982
6597.81006 0.784466
6598.06982 0.784805
6598.33008 0.78378
6598.58984 0.782229
6598.85010 0.783764
6599.10986 0.783934
6599.37988 0.786435
6599.64014 0.784343
6599.89990 0.781641
6600.16016 0.783094
6600.41992 0.784261
6600.68018 0.780917
6600.93994 0.781985
6601.20020 0.782683
6601.45996 0.782712
6601.72998 0.783922
6601.99023 0.781785
6602.25000 0.782896
6602.50977 0.780867
6602.77002 0.78117
6603.02979 0.780225
6603.29004 0.780382
6603.54980 0.779159
6603.81982 0.780437
6604.08008 0.780648
6604.33984 0.779342
6604.60010 0.778695
6604.85986 0.77828
6605.12012 0.77991
6605.37988 0.780524
6605.64014 0.776384
6605.89990 0.778594
6606.16992 0.775925
6606.43018 0.778568
6606.68994 0.776064
6606.95020 0.774497
6607.20996 0.777669
6607.47021 0.775311
6607.72998 0.774915
6607.99023 0.773398
6608.25977 0.773682
6608.52002 0.772187
6608.77979 0.772062
6609.04004 0.772864
6609.29980 0.770664
6609.56006 0.769408
6609.81982 0.770541
6610.08008 0.770115
6610.35010 0.767306
6610.60986 0.768618
6610.87012 0.767561
6611.12988 0.765029
6611.39014 0.76266
6611.64990 0.762927
6611.91016 0.764037
6612.16992 0.762376
6612.43018 0.76001
6612.70020 0.760923
6612.95996 0.758483
6613.22021 0.756461
6613.47998 0.75669
6613.74023 0.756367
6614.00000 0.754523
6614.25977 0.754178
6614.52002 0.75144
6614.79004 0.750987
6615.04980 0.750696
6615.31006 0.750059
6615.56982 0.747052
6615.83008 0.74359
6616.08984 0.744576
6616.35010 0.746202
6616.60986 0.743075
6616.87988 0.739743
6617.14014 0.737575
6617.39990 0.736098
6617.66016 0.73495
6617.91992 0.733519
6618.18018 0.731207
6618.43994 0.727467
6618.70020 0.725299
6618.95996 0.726117
6619.22998 0.72189
6619.49023 0.720011
6619.75000 0.718614
6620.00977 0.716135
6620.27002 0.715083
6620.52979 0.71321
6620.79004 0.709856
6621.04980 0.708576
6621.31982 0.70292
6621.58008 0.70177
6621.83984 0.700938
6622.10010 0.696707
6622.35986 0.694851
6622.62012 0.690932
6622.87988 0.687822
6623.14014 0.687557
6623.41016 0.683668
6623.66992 0.681394
6623.93018 0.680432
6624.18994 0.676053
6624.45020 0.672348
6624.70996 0.669901
6624.97021 0.668484
6625.22998 0.664413
6625.49023 0.661058
6625.75977 0.656248
6626.02002 0.655945
6626.27979 0.652898
6626.54004 0.648508
6626.79980 0.644259
6627.06006 0.640763
6627.31982 0.639016
6627.58008 0.634226
6627.85010 0.631889
6628.10986 0.628714
6628.37012 0.623485
6628.62988 0.619441
6628.89014 0.617172
6629.14990 0.612466
6629.41016 0.609838
6629.66992 0.605435
6629.93994 0.601449
6630.20020 0.596226
6630.45996 0.592996
6630.72021 0.589914
6630.97998 0.587729
6631.24023 0.581644
6631.50000 0.577768
6631.75977 0.574057
6632.02002 0.571135
6632.29004 0.563862
6632.54980 0.560837
6632.81006 0.556622
6633.06982 0.553752
6633.33008 0.547729
6633.58984 0.545032
6633.85010 0.542186
6634.10986 0.535775
6634.37988 0.532667
6634.64014 0.5284
6634.89990 0.525748
6635.16016 0.519745
6635.41992 0.514423
6635.68018 0.510509
6635.93994 0.505159
6636.20020 0.501734
6636.47021 0.497953
6636.72998 0.491989
6636.99023 0.488567
6637.25000 0.48267
6637.50977 0.480726
6637.77002 0.476044
6638.02979 0.471625
6638.29004 0.465151
6638.54980 0.461515
6638.81982 0.45716
6639.08008 0.453199
6639.33984 0.449483
6639.60010 0.44425
6639.85986 0.440378
6640.12012 0.435968
6640.37988 0.431447
6640.64014 0.428323
6640.91016 0.425155
6641.16992 0.419569
6641.43018 0.413483
6641.68994 0.409367
6641.95020 0.406335
6642.20996 0.402576
6642.47021 0.397884
6642.72998 0.393715
6643.00000 0.389139
6643.25977 0.383839
6643.52002 0.380747
6643.77979 0.377289
6644.04004 0.371726
6644.29980 0.368164
6644.56006 0.363417
6644.81982 0.35976
6645.08008 0.356117
6645.35010 0.352395
6645.60986 0.348015
6645.87012 0.343765
6646.12988 0.340524
6646.39014 0.335909
6646.64990 0.331799
6646.91016 0.329548
6647.16992 0.324257
6647.43994 0.32056
6647.70020 0.317018
6647.95996 0.313108
6648.22021 0.309274
6648.47998 0.305276
6648.74023 0.30207
6649.00000 0.298291
6649.25977 0.295895
6649.52979 0.290942
6649.79004 0.287064
6650.04980 0.282969
6650.31006 0.280467
6650.56982 0.276851
6650.83008 0.273939
6651.08984 0.270759
6651.35010 0.266697
6651.60986 0.264931
6651.87988 0.260958
6652.14014 0.258253
6652.39990 0.253937
6652.66016 0.25161
6652.91992 0.248342
6653.18018 0.244643
6653.43994 0.24211
6653.70020 0.238693
6653.97021 0.236602
6654.22998 0.232029
6654.49023 0.229982
6654.75000 0.226411
6655.00977 0.223352
6655.27002 0.221543
6655.52979 0.21773
6655.79004 0.215773
6656.06006 0.213417
6656.31982 0.209678
6656.58008 0.207454
6656.83984 0.205028
6657.10010 0.202418
6657.35986 0.199817
6657.62012 0.196575
6657.87988 0.194319
6658.14990 0.191797
6658.41016 0.188858
6658.66992 0.186532
6658.93018 0.184043
6659.18994 0.182457
6659.45020 0.179922
6659.70996 0.177202
6659.97021 0.176073
6660.22998 0.172922
6660.50000 0.170294
6660.75977 0.168959
6661.02002 0.167026
6661.27979 0.164361
6661.54004 0.16201
6661.79980 0.159884
6662.06006 0.15699
6662.31982 0.156496
6662.58008 0.154063
6662.85010 0.151692
6663.10986 0.149487
6663.37012 0.148166
6663.62988 0.145544
6663.89014 0.144283
6664.14990 0.143618
6664.41016 0.140499
6664.66992 0.138696
6664.93994 0.136327
6665.20020 0.13577
6665.45996 0.133799
6665.72021 0.132011
6665.97998 0.130803
6666.24023 0.128374
6666.50000 0.127005
6666.75977 0.125705
6667.02979 0.123736
6667.29004 0.121891
6667.54980 0.120984
6667.81006 0.118289
6668.06982 0.117441
6668.33008 0.115998
6668.58984 0.11439
6668.85010 0.113434
6669.12012 0.111086
6669.37988 0.109983
6669.64014 0.109043
6669.89990 0.107679
6670.16016 0.106412
6670.41992 0.10464
6670.68018 0.103627
6670.93994 0.102273
6671.20020 0.100912
6671.47021 0.099168
6671.72998 0.09864
6671.99023 0.097358
6672.25000 0.095752
6672.50977 0.095004
6672.77002 0.093982
6673.02979 0.092773
6673.29004 0.091461
6673.56006 0.089987
6673.81982 0.088952
6674.08008 0.088015
6674.33984 0.087033
6674.60010 0.085993
6674.85986 0.084759
6675.12012 0.083844
6675.37988 0.082946
6675.64990 0.081611
6675.91016 0.080703
6676.16992 0.08005
6676.43018 0.07869
6676.68994 0.07757
6676.95020 0.076924
6677.20996 0.075806
6677.47021 0.074831
6677.72998 0.074358
6678.00000 0.073264
6678.25977 0.072165
6678.52002 0.071246
6678.77979 0.070779
6679.04004 0.069664
6679.29980 0.06956
6679.56006 0.068174
6679.81982 0.067648
6680.08984 0.066462
6680.35010 0.065906
6680.60986 0.065316
6680.87012 0.064348
6681.12988 0.063452
6681.39014 0.062764
6681.64990 0.062056
6681.91016 0.06135
6682.18018 0.060502
6682.43994 0.060219
6682.70020 0.059771
6682.95996 0.058005
6683.22021 0.057718
6683.47998 0.057017
6683.74023 0.056169
6684.00000 0.056023
6684.25977 0.055763
6684.52979 0.054729
6684.79004 0.053877
6685.04980 0.053179
6685.31006 0.05283
6685.56982 0.052253
6685.83008 0.051485
6686.08984 0.050718
6686.35010 0.050413
6686.62012 0.049737
6686.87988 0.049163
6687.14014 0.048641
6687.39990 0.048375
6687.66016 0.047615
6687.91992 0.04688
6688.18018 0.046139
6688.43994 0.046133
6688.70996 0.045809
6688.97021 0.045207
6689.22998 0.04442
6689.49023 0.04358
6689.75000 0.043224
6690.00977 0.042892
6690.27002 0.042674
6690.52979 0.042049
6690.79004 0.041949
6691.06006 0.04106
6691.31982 0.040569
6691.58008 0.040408
6691.83984 0.040074
6692.10010 0.03918
6692.35986 0.039292
6692.62012 0.038491
6692.87988 0.038215
6693.14990 0.037782
6693.41016 0.03736
6693.66992 0.037111
6693.93018 0.036276
6694.18994 0.036223
6694.45020 0.035749
6694.70996 0.035395
6694.97021 0.034935
6695.24023 0.034562
6695.50000 0.033936
6695.75977 0.034151
6696.02002 0.033885
6696.27979 0.033097
6696.54004 0.032711
6696.79980 0.032349
6697.06006 0.03213
6697.31982 0.031514
6697.58984 0.031326
6697.85010 0.031375
6698.10986 0.030887
6698.37012 0.030609
6698.62988 0.030602
6698.89014 0.029965
6699.14990 0.0297
6699.41016 0.029176
6699.68018 0.029262
6699.93994 0.028626
6700.20020 0.02847
6700.45996 0.028237
6700.72021 0.027715
6700.97998 0.02752
6701.24023 0.027229
6701.50000 0.02714
6701.77002 0.026851
6702.02979 0.026599
6702.29004 0.026303
6702.54980 0.025929
6702.81006 0.025453
6703.06982 0.025413
6703.33008 0.025187
6703.58984 0.025137
6703.85010 0.024632
6704.12012 0.024448
6704.37988 0.024078
6704.64014 0.024156
6704.89990 0.023652
6705.16016 0.023766
6705.41992 0.023289
6705.68018 0.02338
6705.93994 0.02277
6706.20996 0.022419
6706.47021 0.022423
6706.72998 0.022247
6706.99023 0.021964
6707.25000 0.02165
6707.50977 0.021476
6707.77002 0.021338
6708.02979 0.02117
6708.29980 0.020839
6708.56006 0.020601
6708.81982 0.020626
6709.08008 0.0204
6709.33984 0.020254
6709.60010 0.019901
6709.85986 0.019635
6710.12012 0.019929
6710.37988 0.019385
6710.64990 0.019369
6710.91016 0.019217
6711.16992 0.018805
6711.43018 0.018762
6711.68994 0.018643
6711.95020 0.018238
6712.20996 0.018399
6712.47021 0.018063
6712.74023 0.017679
6713.00000 0.017888
6713.25977 0.017465
6713.52002 0.017273
6713.77979 0.017374
6714.04004 0.017217
6714.29980 0.016883
6714.56006 0.016851
6714.83008 0.016543
6715.08984 0.016685
6715.35010 0.016506
6715.60986 0.01625
6715.87012 0.016091
6716.12988 0.015911
6716.39014 0.015582
6716.64990 0.015634
6716.91992 0.015503
6717.18018 0.015456
6717.43994 0.015237
6717.70020 0.014951
6717.95996 0.014941
6718.22021 0.014728
6718.47998 0.014522
6718.74023 0.014717
6719.00000 0.014331
6719.27002 0.014301
6719.52979 0.014
6719.79004 0.014055
6720.04980 0.013792
6720.31006 0.013803
6720.56982 0.013683
6720.83008 0.01332
6721.08984 0.013522
6721.35010 0.013319
6721.62012 0.013118
6721.87988 0.013248
6722.14014 0.012927
6722.39990 0.012768
6722.66016 0.012815
6722.91992 0.012752
6723.18018 0.012776
6723.43994 0.012412
6723.70996 0.012275
6723.97021 0.012374
6724.22998 0.012237
6724.49023 0.01204
6724.75000 0.011927
6725.00977 0.011996
6725.27002 0.011861
6725.52979 0.011801
6725.79980 0.011568
6726.06006 0.011585
6726.31982 0.011388
6726.58008 0.011311
6726.83984 0.010999
6727.10010 0.011088
6727.35986 0.010948
6727.62012 0.010809
6727.89014 0.010938
6728.14990 0.010639
6728.41016 0.010703
6728.66992 0.010565
6728.93018 0.010447
6729.18994 0.010256
6729.45020 0.010269
6729.70996 0.010448
6729.97021 0.010297
6730.24023 0.010197
6730.50000 0.010015
6730.75977 0.010005
6731.02002 0.009801
6731.27979 0.009766
6731.54004 0.009667
6731.79980 0.009562
6732.06006 0.009436
6732.33008 0.009246
6732.58984 0.009448
6732.85010 0.009364
6733.10986 0.009177
6733.37012 0.009207
6733.62988 0.009095
6733.89014 0.009078
6734.14990 0.008885
6734.41992 0.008871
6734.68018 0.008839
6734.93994 0.00865
6735.20020 0.008577
6735.45996 0.008648
6735.72021 0.008534
6735.97998 0.008512
6736.24023 0.008425
6736.50000 0.008426
6736.77002 0.008233
6737.02979 0.008256
6737.29004 0.008223
6737.54980 0.008236
6737.81006 0.007998
6738.06982 0.007765
6738.33008 0.007859
6738.58984 0.007844
6738.85986 0.007685
6739.12012 0.007776
6739.37988 0.007685
6739.64014 0.007574
6739.89990 0.007655
6740.16016 0.007604
6740.41992 0.007399
6740.68018 0.007455
6740.95020 0.007366
6741.20996 0.007493
6741.47021 0.007209
6741.72998 0.007199
6741.99023 0.00725
6742.25000 0.007017
6742.50977 0.007103
6742.77002 0.007048
6743.02979 0.00677
6743.29980 0.006831
6743.56006 0.006823
6743.81982 0.006765
6744.08008 0.006586
6744.33984 0.006611
6744.60010 0.006815
6744.85986 0.006719
6745.12012 0.006606
6745.39014 0.006409
6745.64990 0.006599
6745.91016 0.006495
6746.16992 0.006371
6746.43018 0.006402
6746.68994 0.006281
6746.95020 0.006349
6747.20996 0.006211
6747.47998 0.006087
6747.74023 0.006104
6748.00000 0.006022
6748.25977 0.006216
6748.52002 0.006157
6748.77979 0.005868
6749.04004 0.005937
6749.29980 0.006016
6749.56006 0.005889
6749.83008 0.005871
6750.08984 0.005901
6750.35010 0.005764
6750.60986 0.005683
6750.87012 0.005612
6751.12988 0.005579
6751.39014 0.005671
6751.64990 0.005533
6751.91992 0.005458
6752.18018 0.005374
6752.43994 0.005447
6752.70020 0.005369
6752.95996 0.005404
6753.22021 0.00543
6753.47998 0.0053
6753.74023 0.0052
6754.00977 0.005295
6754.27002 0.005174
6754.52979 0.005142
6754.79004 0.005141
6755.04980 0.005112
6755.31006 0.005167
6755.56982 0.004944
6755.83008 0.00519
6756.08984 0.004938
6756.35986 0.004778
6756.62012 0.004986
6756.87988 0.004902
6757.14014 0.004808
6757.39990 0.004809
6757.66016 0.004847
6757.91992 0.004754
6758.18018 0.004658
6758.45020 0.004565
6758.70996 0.004641
6758.97021 0.00465
6759.22998 0.004555
6759.49023 0.004705
6759.75000 0.004643
6760.00977 0.004591
6760.27002 0.004555
6760.54004 0.004519
6760.79980 0.004409
6761.06006 0.004383
6761.31982 0.004502
6761.58008 0.004297
6761.83984 0.004232
6762.10010 0.004196
6762.35986 0.004251
6762.62012 0.004251
6762.89014 0.004135
6763.14990 0.004254
6763.41016 0.004149
6763.66992 0.004229
6763.93018 0.004149
6764.18994 0.004107
6764.45020 0.004145
7440.89502 0.0
