threeML/data/optical_filters/CAHA/CAHA-f_683_9.ecsv
# %ECSV 0.9
# ---
# datatype:
# - {name: wavelength, unit: Angstrom, datatype: float32}
# - {name: response, datatype: float32}
# meta: !!omap
# - {band_name: f_683_9}
# - {group_name: CAHA}
wavelength response
5994.58838 0.0
6660.65381 0.004171
6661.52295 0.004365
6662.39307 0.004517
6663.26221 0.004639
6664.12988 0.004748
6665.00000 0.004852
6665.86914 0.004939
6666.73682 0.004986
6667.60596 0.00497
6668.47607 0.004884
6669.34424 0.004745
6670.21289 0.004581
6671.08203 0.004423
6671.95117 0.004294
6672.81982 0.004205
6673.68896 0.004153
6674.55811 0.004131
6675.42578 0.004124
6676.29492 0.004122
6677.16406 0.004127
6678.03320 0.004159
6678.90186 0.004258
6679.77100 0.004457
6680.63916 0.00477
6681.50781 0.005174
6682.37598 0.005614
6683.24512 0.006028
6684.11377 0.006365
6684.98291 0.006602
6685.85205 0.006743
6686.72021 0.006808
6687.58887 0.006817
6688.45801 0.00678
6689.32617 0.006704
6690.19385 0.006594
6691.06299 0.006462
6691.93213 0.006335
6692.79980 0.006241
6693.66895 0.006199
6694.53809 0.006206
6695.40576 0.006239
6696.27393 0.006263
6697.14307 0.006251
6698.01123 0.006197
6698.87988 0.006114
6699.74902 0.006034
6700.61719 0.00599
6701.48486 0.006007
6702.35400 0.006097
6703.22217 0.006255
6704.08984 0.006458
6704.95898 0.00668
6705.82715 0.006889
6706.69482 0.007052
6707.56396 0.007145
6708.43213 0.007143
6709.29980 0.007041
6710.16895 0.006849
6711.03711 0.006604
6711.90479 0.006369
6712.77295 0.006207
6713.64209 0.006171
6714.50977 0.006277
6715.37793 0.006505
6716.24707 0.006811
6717.11523 0.007145
6717.98291 0.007472
6718.85107 0.007771
6719.71924 0.008032
6720.58691 0.008254
6721.45605 0.008437
6722.32422 0.00858
6723.19092 0.008687
6724.06006 0.008761
6724.92822 0.008812
6725.79590 0.008848
6726.66406 0.008873
6727.53223 0.008888
6728.39990 0.008892
6729.26807 0.008891
6730.13623 0.008895
6731.00391 0.008921
6731.87207 0.00898
6732.74023 0.009069
6733.60791 0.009178
6734.47607 0.009289
6735.34277 0.009386
6736.21094 0.009461
6737.07910 0.00951
6737.94678 0.009536
6738.81494 0.00954
6739.68311 0.009526
6740.55078 0.009493
6741.41797 0.009437
6742.28613 0.009352
6743.15381 0.009239
6744.02197 0.009117
6744.89014 0.009018
6745.75684 0.008988
6746.62500 0.009062
6747.49316 0.009255
6748.35986 0.00955
6749.22803 0.009907
6750.09619 0.010281
6750.96289 0.010634
6751.83105 0.010951
6752.69922 0.011244
6753.56592 0.011543
6754.43408 0.011892
6755.30176 0.012325
6756.16895 0.012857
6757.03711 0.013476
6757.90381 0.014146
6758.77197 0.014821
6759.63916 0.015458
6760.50684 0.016027
6761.37500 0.01653
6762.24219 0.016995
6763.10889 0.017485
6763.97705 0.018078
6764.84424 0.018842
6765.71191 0.019826
6766.57910 0.021049
6767.44580 0.022525
6768.31396 0.024267
6769.18115 0.026308
6770.04883 0.028692
6770.91602 0.031465
6771.78320 0.034669
6772.64990 0.038342
6773.51807 0.042529
6774.38477 0.0473
6775.25195 0.052766
6776.12012 0.059082
6776.98682 0.066448
6777.85400 0.075103
6778.72217 0.085314
6779.58887 0.097362
6780.45605 0.111525
6781.32324 0.128067
6782.18994 0.147239
6783.05811 0.169278
6783.92480 0.194397
6784.79199 0.222777
6785.65918 0.254519
6786.52588 0.289588
6787.39307 0.327739
6788.25977 0.368457
6789.12695 0.41092
6789.99414 0.454029
6790.86084 0.496507
6791.72900 0.537036
6792.59521 0.574415
6793.46191 0.607686
6794.33008 0.63621
6795.19580 0.65969
6796.06299 0.678139
6796.93018 0.69182
6797.79688 0.701173
6798.66406 0.706738
6799.53076 0.709107
6800.39795 0.708863
6801.26514 0.706557
6802.13184 0.702704
6802.99902 0.697779
6803.86523 0.692247
6804.73193 0.686568
6805.59912 0.681183
6806.46582 0.676476
6807.33301 0.672722
6808.19922 0.670069
6809.06592 0.668528
6809.93311 0.668013
6810.79980 0.668396
6811.66699 0.669545
6812.53320 0.671347
6813.39990 0.673716
6814.26611 0.676584
6815.13281 0.679905
6816.00000 0.683639
6816.86621 0.687742
6817.73291 0.69214
6818.60010 0.696716
6819.46582 0.701346
6820.33301 0.705939
6821.19922 0.710476
6822.06592 0.715016
6822.93311 0.719641
6823.79883 0.72441
6824.66602 0.729302
6825.53223 0.734227
6826.39795 0.739043
6827.26514 0.743599
6828.13086 0.747769
6828.99805 0.751459
6829.86377 0.754617
6830.72998 0.757228
6831.59717 0.759332
6832.46289 0.761015
6833.33008 0.762401
6834.19580 0.763603
6835.06299 0.764689
6835.92920 0.765688
6836.79492 0.766598
6837.66211 0.767431
6838.52783 0.768216
6839.39404 0.768971
6840.25977 0.769688
6841.12598 0.770309
6841.99316 0.77077
6842.85889 0.771039
6843.72607 0.771143
6844.59180 0.771161
6845.45801 0.771196
6846.32422 0.771318
6847.18994 0.771542
6848.05615 0.771817
6848.92188 0.772042
6849.78906 0.772102
6850.65479 0.771881
6851.52100 0.771283
6852.38721 0.770238
6853.25293 0.768706
6854.11914 0.766681
6854.98486 0.764171
6855.85107 0.761185
6856.71680 0.757678
6857.58301 0.753543
6858.44922 0.748629
6859.31494 0.742766
6860.18115 0.735803
6861.04688 0.727596
6861.91309 0.71798
6862.77881 0.706747
6863.64502 0.69364
6864.51123 0.678388
6865.37598 0.66079
6866.24219 0.64076
6867.10791 0.618361
6867.97412 0.593782
6868.83984 0.567286
6869.70605 0.539178
6870.57080 0.50977
6871.43701 0.479387
6872.30322 0.448378
6873.16895 0.417109
6874.03516 0.385954
6874.89990 0.355283
6875.76611 0.325449
6876.63184 0.296769
6877.49805 0.269517
6878.36279 0.243909
6879.22900 0.22009
6880.09424 0.198131
6880.95996 0.178037
6881.82617 0.159767
6882.69092 0.143249
6883.55713 0.128396
6884.42188 0.115109
6885.28809 0.103272
6886.15283 0.092761
6887.01904 0.083449
6887.88477 0.075215
6888.75000 0.067942
6889.61621 0.061522
6890.48096 0.055844
6891.34717 0.050797
6892.21191 0.046286
6893.07812 0.042234
6893.94287 0.038592
6894.80908 0.035329
6895.67383 0.032428
6896.53906 0.029862
6897.40479 0.027602
6898.27002 0.02561
6899.13477 0.023847
6900.00000 0.022272
6900.86621 0.02085
6901.73096 0.019548
6902.59717 0.018342
6903.46191 0.017212
6904.32715 0.016143
6905.19189 0.01513
6906.05811 0.014173
6906.92285 0.01328
6907.78809 0.012468
6908.65283 0.011758
6909.51904 0.011168
6910.38379 0.010702
6911.24902 0.010339
6912.11377 0.010044
6912.97900 0.009779
6913.84424 0.009522
6914.70898 0.009274
6915.57422 0.009048
6916.43896 0.008857
6917.30518 0.008694
6918.16895 0.008536
6919.03516 0.008348
6919.89990 0.008107
6920.76514 0.007813
6921.62988 0.007489
6922.49512 0.007175
6923.35986 0.006905
6924.22510 0.0067
6925.08984 0.006558
6925.95508 0.006465
6926.81885 0.006399
6927.68506 0.006339
6928.54883 0.006275
6929.41406 0.006207
6930.27881 0.00614
6931.14404 0.006084
6932.00879 0.006041
6932.87402 0.006011
6933.73779 0.005991
6934.60303 0.005973
6935.46777 0.005953
6936.33301 0.005932
6937.19824 0.00591
6938.06299 0.005888
6938.92676 0.005859
6939.79199 0.005807
6940.65576 0.005717
6941.52100 0.005581
6942.38623 0.005407
6943.25000 0.005218
6944.11523 0.005048
6944.97998 0.004929
6945.84424 0.004881
6946.70898 0.004905
6947.57422 0.004987
6948.43799 0.0051
6949.30322 0.005217
6950.16699 0.005309
6951.03223 0.005357
6951.89600 0.005356
6952.76123 0.005311
6953.62500 0.005238
6954.49023 0.005158
6955.35400 0.005088
6956.21924 0.005031
6957.08301 0.004978
6957.94824 0.004904
6958.81201 0.004788
6959.67676 0.004622
6960.54102 0.004414
6961.40479 0.004194
7657.54541 0.0
