threeML/data/optical_filters/CAHA/CAHA-f_540_10.ecsv
# %ECSV 0.9
# ---
# datatype:
# - {name: wavelength, unit: Angstrom, datatype: float32}
# - {name: response, datatype: float32}
# meta: !!omap
# - {band_name: f_540_10}
# - {group_name: CAHA}
wavelength response
4746.60889 0.0
5274.00977 0.004116
5274.27002 0.00401
5274.52979 0.004193
5274.79004 0.004081
5275.04980 0.00428
5275.31006 0.004015
5275.56982 0.004372
5275.83008 0.004302
5276.08984 0.004478
5276.35010 0.004483
5276.60986 0.004395
5276.87012 0.004396
5277.12988 0.004537
5277.39014 0.004403
5277.64990 0.004652
5277.91016 0.004634
5278.16992 0.004765
5278.43018 0.004811
5278.68994 0.004852
5278.95020 0.004625
5279.20996 0.005031
5279.47021 0.004763
5279.72998 0.004687
5279.99023 0.00489
5280.25000 0.004688
5280.50977 0.004849
5280.77002 0.004817
5281.02979 0.005026
5281.29004 0.005001
5281.54980 0.004967
5281.81006 0.005054
5282.06982 0.004743
5282.33008 0.005304
5282.58984 0.005617
5282.85010 0.005261
5283.10986 0.005699
5283.37012 0.005673
5283.62988 0.005447
5283.89014 0.005713
5284.14990 0.005741
5284.41016 0.005779
5284.66992 0.005465
5284.93018 0.005707
5285.18994 0.005865
5285.45020 0.005781
5285.70996 0.006228
5285.97021 0.00586
5286.22998 0.006191
5286.49023 0.006284
5286.75000 0.006373
5287.00977 0.006395
5287.27002 0.006455
5287.52979 0.006192
5287.79004 0.006291
5288.04980 0.006421
5288.31006 0.006299
5288.56982 0.00637
5288.83008 0.006813
5289.08984 0.006762
5289.35010 0.006603
5289.60986 0.007251
5289.87012 0.006735
5290.12988 0.007064
5290.39014 0.007267
5290.64990 0.007398
5290.91016 0.006991
5291.16992 0.007494
5291.43018 0.007686
5291.68994 0.007575
5291.95020 0.00764
5292.20996 0.007893
5292.47021 0.007764
5292.72998 0.007967
5292.99023 0.008087
5293.25000 0.008172
5293.50977 0.008192
5293.77002 0.008695
5294.02979 0.008544
5294.29004 0.008774
5294.54980 0.008414
5294.81006 0.009006
5295.06982 0.008553
5295.33008 0.008769
5295.58984 0.009197
5295.85010 0.008617
5296.10986 0.009303
5296.37012 0.009372
5296.62988 0.009621
5296.89014 0.009652
5297.14990 0.009351
5297.41016 0.009935
5297.66992 0.009631
5297.93018 0.00995
5298.18994 0.010273
5298.45020 0.010125
5298.70996 0.010278
5298.97021 0.010219
5299.22998 0.010962
5299.49023 0.010931
5299.75000 0.011125
5300.00977 0.011245
5300.27002 0.011267
5300.52979 0.011404
5300.79004 0.011296
5301.04980 0.011689
5301.31006 0.011909
5301.56982 0.011888
5301.83008 0.011897
5302.08984 0.012616
5302.35010 0.012567
5302.60986 0.012434
5302.87012 0.012852
5303.12988 0.013033
5303.39014 0.012977
5303.64990 0.013066
5303.91016 0.013529
5304.16992 0.013739
5304.43018 0.013643
5304.68994 0.014184
5304.95020 0.014577
5305.20996 0.013942
5305.47021 0.014163
5305.72998 0.014396
5305.99023 0.014986
5306.25000 0.015322
5306.50977 0.015542
5306.77002 0.015308
5307.02979 0.01616
5307.29004 0.015953
5307.54980 0.016707
5307.81006 0.016833
5308.06982 0.016357
5308.33008 0.016534
5308.58984 0.016547
5308.85010 0.01716
5309.10986 0.017558
5309.37012 0.01769
5309.62988 0.017829
5309.89014 0.018537
5310.14990 0.018318
5310.41016 0.019089
5310.66992 0.019056
5310.93018 0.019611
5311.18994 0.01933
5311.45020 0.020098
5311.70996 0.020415
5311.97021 0.020311
5312.22998 0.021364
5312.49023 0.02151
5312.75000 0.021948
5313.00977 0.022282
5313.27002 0.022191
5313.52979 0.02309
5313.79004 0.022886
5314.04980 0.023047
5314.31006 0.023704
5314.56982 0.023715
5314.83008 0.024612
5315.08984 0.025188
5315.35010 0.024873
5315.60986 0.025519
5315.87012 0.026122
5316.12988 0.026451
5316.39014 0.026307
5316.64990 0.026942
5316.91016 0.027364
5317.16992 0.027894
5317.43018 0.028617
5317.68994 0.02866
5317.95020 0.02911
5318.20996 0.029949
5318.47021 0.030494
5318.72998 0.030388
5318.99023 0.031278
5319.25000 0.031552
5319.50977 0.032229
5319.77002 0.033344
5320.02979 0.033499
5320.29004 0.033533
5320.54980 0.034777
5320.81006 0.035413
5321.06982 0.034893
5321.33008 0.036512
5321.58984 0.036942
5321.85010 0.037857
5322.10986 0.038536
5322.37012 0.039669
5322.62988 0.039769
5322.89014 0.040081
5323.14990 0.040409
5323.41016 0.041682
5323.66992 0.041985
5323.93018 0.043681
5324.18994 0.043286
5324.45020 0.044353
5324.70996 0.045682
5324.97021 0.046431
5325.22998 0.046948
5325.49023 0.0475
5325.75000 0.048192
5326.00977 0.049676
5326.27002 0.050437
5326.52979 0.051473
5326.79004 0.051368
5327.04980 0.052772
5327.31006 0.054033
5327.56982 0.054292
5327.83008 0.055661
5328.08984 0.056595
5328.35010 0.055872
5328.60986 0.058713
5328.87012 0.05964
5329.12988 0.061633
5329.39014 0.061866
5329.64990 0.062292
5329.91016 0.062931
5330.16992 0.064482
5330.43018 0.066471
5330.68994 0.067318
5330.95020 0.068542
5331.20996 0.070323
5331.47021 0.07121
5331.72998 0.071963
5331.99023 0.073843
5332.25000 0.07414
5332.50977 0.07594
5332.77002 0.077566
5333.02979 0.079919
5333.29004 0.079421
5333.54980 0.082898
5333.81006 0.083375
5334.06982 0.084622
5334.33008 0.085619
5334.58984 0.087177
5334.85010 0.089348
5335.10986 0.090814
5335.37012 0.092928
5335.62988 0.094701
5335.89014 0.096156
5336.14990 0.09826
5336.41016 0.099026
5336.66992 0.100668
5336.93018 0.102842
5337.18994 0.104828
5337.45020 0.106321
5337.70996 0.109016
5337.97021 0.110267
5338.22998 0.112196
5338.49023 0.114357
5338.75000 0.116176
5339.00977 0.117804
5339.27002 0.120366
5339.52979 0.124075
5339.79004 0.124989
5340.04980 0.126624
5340.31006 0.129083
5340.56982 0.131081
5340.83008 0.132362
5341.08984 0.135059
5341.35010 0.137052
5341.60986 0.139686
5341.87012 0.144092
5342.12988 0.143824
5342.39014 0.148355
5342.64990 0.151425
5342.91016 0.153696
5343.16992 0.154736
5343.43018 0.158413
5343.68994 0.160983
5343.95020 0.163157
5344.20996 0.165617
5344.47021 0.1689
5344.72998 0.172492
5344.99023 0.176104
5345.25000 0.176706
5345.50977 0.1806
5345.77002 0.182582
5346.02979 0.187095
5346.29004 0.191104
5346.54980 0.191824
5346.81006 0.195358
5347.06982 0.197736
5347.33008 0.201823
5347.58984 0.204148
5347.85010 0.205233
5348.10986 0.208443
5348.37012 0.213575
5348.62988 0.218291
5348.89014 0.218528
5349.14990 0.22361
5349.41016 0.227825
5349.66992 0.230875
5349.93018 0.231998
5350.18994 0.237368
5350.45020 0.238989
5350.70996 0.243803
5350.97021 0.246028
5351.22998 0.248871
5351.49023 0.254094
5351.75000 0.255158
5352.00977 0.258703
5352.27002 0.262212
5352.52979 0.265142
5352.79004 0.268224
5353.04980 0.272033
5353.31006 0.276981
5353.56982 0.280053
5353.83008 0.282965
5354.08984 0.283673
5354.35010 0.288913
5354.60986 0.292956
5354.87012 0.296025
5355.12988 0.301131
5355.39014 0.301711
5355.64990 0.305657
5355.91016 0.308961
5356.16992 0.311598
5356.43018 0.316342
5356.68994 0.318775
5356.95020 0.323513
5357.20996 0.32401
5357.47021 0.330331
5357.72998 0.332012
5357.99023 0.333694
5358.25000 0.336767
5358.50977 0.340843
5358.77002 0.344632
5359.02979 0.344716
5359.29004 0.350381
5359.54980 0.355073
5359.81006 0.358092
5360.06982 0.359786
5360.33008 0.361253
5360.58984 0.366082
5360.85010 0.367636
5361.10986 0.373805
5361.37012 0.374102
5361.62988 0.378088
5361.89014 0.38113
5362.14990 0.384557
5362.41016 0.38581
5362.66992 0.389052
5362.93018 0.390592
5363.18994 0.395296
5363.45020 0.398154
5363.70996 0.396586
5363.97021 0.402626
5364.22998 0.40205
5364.49023 0.40893
5364.75000 0.410428
5365.00977 0.412189
5365.27002 0.413553
5365.52979 0.417802
5365.79004 0.419368
5366.04980 0.421559
5366.31006 0.422037
5366.56982 0.427798
5366.83008 0.426481
5367.08984 0.430968
5367.35010 0.43144
5367.60986 0.43105
5367.87012 0.435772
5368.12988 0.437108
5368.39014 0.442988
5368.64990 0.442302
5368.91016 0.443276
5369.16992 0.446353
5369.43018 0.447908
5369.68994 0.449669
5369.95020 0.451943
5370.20996 0.454924
5370.47021 0.455139
5370.72998 0.454277
5370.99023 0.46041
5371.25000 0.459018
5371.50977 0.462798
5371.77002 0.46272
5372.02979 0.463648
5372.29004 0.468437
5372.54980 0.465794
5372.81006 0.4699
5373.06982 0.471291
5373.33008 0.472883
5373.58984 0.471457
5373.85010 0.473943
5374.10986 0.472774
5374.37012 0.476189
5374.62988 0.477773
5374.89014 0.478544
5375.14990 0.479504
5375.41016 0.482004
5375.66992 0.483561
5375.93018 0.484614
5376.18994 0.483051
5376.45020 0.486736
5376.70996 0.488851
5376.97021 0.489857
5377.22998 0.48802
5377.49023 0.49442
5377.75000 0.493203
5378.00977 0.496417
5378.27002 0.495491
5378.52979 0.496516
5378.79004 0.495973
5379.04980 0.497139
5379.31006 0.49936
5379.56982 0.499066
5379.83008 0.498321
5380.08984 0.499969
5380.35010 0.502667
5380.60986 0.502357
5380.87012 0.503985
5381.12988 0.505982
5381.39014 0.504755
5381.64990 0.503616
5381.91016 0.506294
5382.16992 0.507311
5382.43018 0.507827
5382.68994 0.507576
5382.95020 0.508753
5383.20996 0.509743
5383.47021 0.512756
5383.72998 0.510877
5383.99023 0.514331
5384.25000 0.512172
5384.50977 0.512366
5384.77002 0.513447
5385.02979 0.514374
5385.29004 0.512176
5385.54980 0.514377
5385.81006 0.517752
5386.06982 0.519291
5386.33008 0.517424
5386.58984 0.516648
5386.85010 0.519128
5387.10986 0.517658
5387.37012 0.518952
5387.62988 0.519168
5387.89014 0.519013
5388.14990 0.520291
5388.41016 0.523558
5388.66992 0.522352
5388.93018 0.521757
5389.18994 0.520736
5389.45020 0.521161
5389.70996 0.523117
5389.97021 0.522318
5390.22998 0.52166
5390.49023 0.525634
5390.75000 0.526102
5391.00977 0.522642
5391.27002 0.527211
5391.52979 0.523915
5391.79004 0.521617
5392.04980 0.523644
5392.31006 0.526492
5392.56982 0.524984
5392.83008 0.528585
5393.08984 0.525961
5393.35010 0.526153
5393.60986 0.527197
5393.87012 0.523176
5394.12988 0.526333
5394.39014 0.522241
5394.64990 0.529048
5394.91016 0.525966
5395.16992 0.529799
5395.43018 0.528167
5395.68994 0.529948
5395.95020 0.528473
5396.20996 0.526513
5396.47021 0.527592
5396.72998 0.526693
5396.99023 0.528164
5397.25000 0.528201
5397.50977 0.528806
5397.77002 0.528493
5398.02979 0.527405
5398.29004 0.527777
5398.54980 0.525548
5398.81006 0.527824
5399.06982 0.52796
5399.33008 0.527189
5399.58984 0.525265
5399.85010 0.528511
5400.10986 0.52913
5400.37012 0.527619
5400.62988 0.524807
5400.89014 0.529777
5401.14990 0.528542
5401.41016 0.527025
5401.66992 0.525128
5401.93018 0.525532
5402.18994 0.527263
5402.45020 0.525338
5402.70996 0.525646
5402.97021 0.525945
5403.22998 0.526015
5403.49023 0.52515
5403.75000 0.523984
5404.00977 0.526727
5404.27002 0.522874
5404.52979 0.523033
5404.79004 0.522971
5405.04980 0.52364
5405.31006 0.52214
5405.56982 0.524255
5405.83008 0.5236
5406.08984 0.524169
5406.35010 0.520235
5406.60986 0.521175
5406.87012 0.520294
5407.12988 0.518689
5407.39014 0.522382
5407.64990 0.519343
5407.91016 0.517544
5408.16992 0.517895
5408.43018 0.516203
5408.68994 0.519441
5408.95020 0.518701
5409.20996 0.516289
5409.47021 0.516492
5409.72998 0.51926
5409.99023 0.514948
5410.25000 0.513067
5410.50977 0.514794
5410.77002 0.514806
5411.02979 0.514012
5411.29004 0.515069
5411.54980 0.514799
5411.81006 0.511896
5412.06982 0.515562
5412.33008 0.511079
5412.58984 0.51173
5412.85010 0.508774
5413.10986 0.509586
5413.37012 0.50675
5413.62988 0.507687
5413.89014 0.503228
5414.14990 0.507614
5414.41016 0.505232
5414.66992 0.506442
5414.93018 0.506322
5415.18994 0.502413
5415.45020 0.507185
5415.70996 0.503207
5415.97021 0.502774
5416.22998 0.502804
5416.49023 0.503043
5416.75000 0.499551
5417.00977 0.50221
5417.27002 0.501186
5417.52979 0.499384
5417.79004 0.495775
5418.04980 0.500634
5418.31006 0.498497
5418.56982 0.496959
5418.83008 0.495822
5419.08984 0.494736
5419.35010 0.495921
5419.60986 0.494051
5419.87012 0.494196
5420.12988 0.495058
5420.39014 0.492882
5420.64990 0.491558
5420.91016 0.498322
5421.16992 0.490144
5421.43018 0.490724
5421.68994 0.48944
5421.95020 0.487788
5422.20996 0.487126
5422.47021 0.485612
5422.72998 0.486985
5422.99023 0.487748
5423.25000 0.4854
5423.50977 0.487552
5423.77002 0.481011
5424.02979 0.482066
5424.29004 0.483045
5424.54980 0.481569
5424.81006 0.481794
5425.06982 0.481279
5425.33008 0.479505
5425.58984 0.481309
5425.85010 0.479466
5426.10986 0.481382
5426.37012 0.477222
5426.62988 0.476179
5426.89014 0.475275
5427.14990 0.477081
5427.41016 0.473472
5427.66992 0.471924
5427.93018 0.471487
5428.18994 0.47096
5428.45020 0.471126
5428.70996 0.471421
5428.97021 0.469542
5429.22998 0.464331
5429.49023 0.467966
5429.75000 0.464823
5430.00977 0.465606
5430.27002 0.463921
5430.52979 0.462979
5430.79004 0.463355
5431.04980 0.461386
5431.31006 0.459561
5431.56982 0.458947
5431.83008 0.457513
5432.08984 0.458066
5432.35010 0.457664
5432.60986 0.45403
5432.87012 0.454621
5433.12988 0.455098
5433.39014 0.451367
5433.64990 0.449113
5433.91016 0.449991
5434.16992 0.448964
5434.43018 0.449276
5434.68994 0.44473
5434.95020 0.445736
5435.20996 0.443655
5435.47021 0.444374
5435.72998 0.444299
5435.99023 0.440761
5436.25000 0.437363
5436.50977 0.438047
5436.77002 0.433312
5437.02979 0.433133
5437.29004 0.434167
5437.54980 0.429082
5437.81006 0.429406
5438.06982 0.428006
5438.33008 0.42577
5438.58984 0.423072
5438.85010 0.422054
5439.10986 0.420976
5439.37012 0.414389
5439.62988 0.412501
5439.89014 0.412368
5440.14990 0.410287
5440.41016 0.411408
5440.66992 0.407713
5440.93018 0.406642
5441.18994 0.405488
5441.45020 0.404001
5441.70996 0.399054
5441.97021 0.397068
5442.22998 0.396512
5442.49023 0.393228
5442.75000 0.390232
5443.00977 0.388104
5443.27002 0.38511
5443.52979 0.384294
5443.79004 0.380195
5444.04980 0.378743
5444.31006 0.373463
5444.56982 0.372292
5444.83008 0.369632
5445.08984 0.369
5445.35010 0.36495
5445.60986 0.361026
5445.87012 0.358975
5446.12988 0.358183
5446.39014 0.353039
5446.64990 0.351918
5446.91016 0.347084
5447.16992 0.344145
5447.43018 0.341186
5447.68994 0.339176
5447.95020 0.334308
5448.20996 0.334363
5448.47021 0.329107
5448.72998 0.327515
5448.99023 0.325189
5449.25000 0.321545
5449.50977 0.315266
5449.77002 0.313453
5450.02979 0.308438
5450.29004 0.306819
5450.54980 0.305877
5450.81006 0.300619
5451.06982 0.295406
5451.33008 0.293071
5451.58984 0.290429
5451.85010 0.287423
5452.10986 0.283991
5452.37012 0.280826
5452.62988 0.276123
5452.89014 0.273711
5453.14990 0.272216
5453.41016 0.268051
5453.66992 0.263683
5453.93018 0.260772
5454.18994 0.257425
5454.45020 0.254373
5454.70996 0.251075
5454.97021 0.245212
5455.22998 0.244183
5455.49023 0.240352
5455.75000 0.236918
5456.00977 0.234403
5456.27002 0.230189
5456.52979 0.226157
5456.79004 0.22421
5457.04980 0.220277
5457.31006 0.217052
5457.56982 0.213027
5457.83008 0.21158
5458.08984 0.206677
5458.35010 0.206242
5458.60986 0.20173
5458.87012 0.197761
5459.12988 0.195573
5459.39014 0.193879
5459.64990 0.189872
5459.91016 0.186616
5460.16992 0.185033
5460.43018 0.180516
5460.68994 0.177387
5460.95020 0.177301
5461.20996 0.174032
5461.47021 0.168374
5461.72998 0.166962
5461.99023 0.162938
5462.25000 0.1598
5462.50977 0.15919
5462.77002 0.157317
5463.02979 0.15243
5463.29004 0.14925
5463.54980 0.147329
5463.81006 0.145572
5464.06982 0.1429
5464.33008 0.141363
5464.58984 0.13845
5464.85010 0.136738
5465.10986 0.134346
5465.37012 0.131333
5465.62988 0.12868
5465.89014 0.12682
5466.14990 0.124502
5466.41016 0.122539
5466.66992 0.1193
5466.93018 0.118318
5467.18994 0.115662
5467.45020 0.113774
5467.70996 0.111412
5467.97021 0.109224
5468.22998 0.107934
5468.49023 0.105283
5468.75000 0.105489
5469.00977 0.10214
5469.27002 0.098457
5469.52979 0.099225
5469.79004 0.096806
5470.04980 0.093955
5470.31006 0.09336
5470.56982 0.092233
5470.83008 0.089817
5471.08984 0.088728
5471.35010 0.087795
5471.60986 0.0859
5471.87012 0.083377
5472.12988 0.082492
5472.39014 0.081567
5472.64990 0.079361
5472.91016 0.078437
5473.16992 0.077091
5473.43018 0.074631
5473.68994 0.073341
5473.95020 0.072382
5474.20996 0.071259
5474.47021 0.070214
5474.72998 0.068799
5474.99023 0.067605
5475.25000 0.066217
5475.50977 0.065364
5475.77002 0.063895
5476.02979 0.063561
5476.29004 0.061134
5476.54980 0.060919
5476.81006 0.059068
5477.06982 0.057932
5477.33008 0.058059
5477.58984 0.056765
5477.85010 0.056587
5478.10986 0.054766
5478.37012 0.053622
5478.62988 0.05321
5478.89014 0.051319
5479.14990 0.049987
5479.41016 0.051186
5479.66992 0.048985
5479.93018 0.048408
5480.18994 0.047617
5480.45020 0.046454
5480.70996 0.046292
5480.97021 0.045122
5481.22998 0.043708
5481.49023 0.04343
5481.75000 0.042877
5482.00977 0.041545
5482.27002 0.04155
5482.52979 0.040323
5482.79004 0.040297
5483.04980 0.038843
5483.31006 0.037953
5483.56982 0.037032
5483.83008 0.037067
5484.08984 0.036148
5484.35010 0.036159
5484.60986 0.035661
5484.87012 0.034897
5485.12988 0.0336
5485.39014 0.033907
5485.64990 0.032972
5485.91016 0.032607
5486.16992 0.031469
5486.43018 0.032084
5486.68994 0.030499
5486.95020 0.030891
5487.20996 0.029666
5487.47021 0.02933
5487.72998 0.029258
5487.99023 0.028525
5488.25000 0.027742
5488.50977 0.027688
5488.77002 0.027427
5489.02979 0.02668
5489.29004 0.025752
5489.54980 0.026173
5489.81006 0.025024
5490.06982 0.024537
5490.33008 0.024605
5490.58984 0.024016
5490.85010 0.024057
5491.10986 0.02327
5491.37012 0.023357
5491.62988 0.022695
5491.89014 0.02226
5492.14990 0.021522
5492.41016 0.021542
5492.66992 0.021593
5492.93018 0.020832
5493.18994 0.020557
5493.45020 0.019892
5493.70996 0.020321
5493.97021 0.019665
5494.22998 0.019626
5494.49023 0.019087
5494.75000 0.019124
5495.00977 0.018746
5495.27002 0.018459
5495.52979 0.018032
5495.79004 0.018139
5496.04980 0.017294
5496.31006 0.017128
5496.56982 0.01741
5496.83008 0.016601
5497.08984 0.016702
5497.35010 0.016395
5497.60986 0.016039
5497.87012 0.015807
5498.12988 0.015183
5498.39014 0.01547
5498.64990 0.015285
5498.91016 0.015321
5499.16992 0.014733
5499.43018 0.014601
5499.68994 0.014156
5499.95020 0.013859
5500.20996 0.013867
5500.47021 0.013761
5500.72998 0.013821
5500.99023 0.012877
5501.25000 0.013028
5501.50977 0.012689
5501.77002 0.013058
5502.02979 0.013061
5502.29004 0.012389
5502.54980 0.01229
5502.81006 0.012346
5503.06982 0.01206
5503.33008 0.011824
5503.58984 0.012058
5503.85010 0.011575
5504.10986 0.01118
5504.37012 0.011169
5504.62988 0.011232
5504.89014 0.010591
5505.14990 0.010951
5505.41016 0.010508
5505.66992 0.010613
5505.93018 0.010734
5506.18994 0.010292
5506.45020 0.009882
5506.70996 0.009871
5506.97021 0.00971
5507.22998 0.009904
5507.49023 0.009584
5507.75000 0.00973
5508.00977 0.009285
5508.27002 0.008943
5508.52979 0.008783
5508.79004 0.009279
5509.04980 0.008904
5509.31006 0.008498
5509.56982 0.008399
5509.83008 0.00849
5510.08984 0.008307
5510.35010 0.007968
5510.60986 0.007982
5510.87012 0.007935
5511.12988 0.008194
5511.39014 0.00786
5511.64990 0.007802
5511.91016 0.007952
5512.16992 0.007414
5512.43018 0.007321
5512.68994 0.007658
5512.95020 0.007477
5513.20996 0.007189
5513.47021 0.007421
5513.72998 0.006786
5513.99023 0.006779
5514.25000 0.007165
5514.50977 0.007237
5514.77002 0.006811
5515.02979 0.006571
5515.29004 0.006721
5515.54980 0.006482
5515.81006 0.006561
5516.06982 0.006516
5516.33008 0.00615
5516.58984 0.00621
5516.85010 0.006383
5517.10986 0.005952
5517.37012 0.006237
5517.62988 0.005864
5517.89014 0.006161
5518.14990 0.006034
5518.41016 0.005873
5518.66992 0.006111
5518.93018 0.005788
5519.18994 0.005414
5519.45020 0.005689
5519.70996 0.005475
5519.97021 0.005128
5520.22998 0.005349
5520.49023 0.005402
5520.75000 0.005354
5521.00977 0.005103
5521.27002 0.004869
5521.52979 0.004789
5521.79004 0.004805
5522.04980 0.005033
5522.31006 0.005322
5522.56982 0.005007
5522.83008 0.004538
5523.08984 0.00444
5523.35010 0.004634
5523.60986 0.004636
5523.87012 0.004365
5524.12988 0.004701
5524.39014 0.004758
5524.64990 0.004405
5524.91016 0.004395
5525.16992 0.004265
5525.43018 0.004525
5525.68994 0.00457
5525.95020 0.004296
5526.20996 0.004196
5526.47021 0.004142
6079.11719 0.0
