threeML/data/optical_filters/CAHA/CAHA-f_793_14.ecsv
# %ECSV 0.9
# ---
# datatype:
# - {name: wavelength, unit: Angstrom, datatype: float32}
# - {name: response, datatype: float32}
# meta: !!omap
# - {band_name: f_793_14}
# - {group_name: CAHA}
wavelength response
6917.56152 0.0
7686.17920 0.004025
7687.04297 0.004085
7687.90576 0.00413
7688.77002 0.004156
7689.63281 0.004156
7690.49609 0.004133
7691.35889 0.004091
7692.22314 0.004037
7693.08594 0.003972
7693.94922 0.003892
7694.81299 0.003788
7695.67578 0.003658
7696.53906 0.003513
7697.40186 0.003385
7698.26611 0.003311
7699.12793 0.003326
7699.99219 0.00344
7700.85498 0.00363
7701.71777 0.003856
7702.58105 0.00408
7703.44385 0.004281
7704.30713 0.004461
7705.16992 0.00463
7706.03320 0.004786
7706.89600 0.00491
7707.75879 0.004974
7708.62207 0.004959
7709.48486 0.004871
7710.34814 0.004741
7711.21094 0.004614
7712.07422 0.004526
7712.93701 0.004497
7713.79980 0.004527
7714.66309 0.004604
7715.52490 0.004713
7716.38916 0.004842
7717.25098 0.004982
7718.11377 0.005126
7718.97705 0.005266
7719.83984 0.005401
7720.70215 0.005529
7721.56494 0.005654
7722.42822 0.00578
7723.29102 0.005905
7724.15283 0.006017
7725.01611 0.006101
7725.87793 0.006141
7726.74121 0.006133
7727.60400 0.00608
7728.46582 0.005998
7729.32910 0.005909
7730.19092 0.005835
7731.05420 0.005799
7731.91699 0.005813
7732.77881 0.005876
7733.64209 0.005973
7734.50391 0.006081
7735.36719 0.006179
7736.22900 0.006256
7737.09180 0.006318
7737.95410 0.006383
7738.81592 0.006465
7739.67920 0.006574
7740.54102 0.00671
7741.40381 0.006872
7742.26611 0.007058
7743.12793 0.007267
7743.99121 0.007496
7744.85303 0.007738
7745.71484 0.00798
7746.57812 0.008209
7747.43896 0.008416
7748.30176 0.008598
7749.16406 0.00875
7750.02588 0.008874
7750.88916 0.008973
7751.75000 0.009061
7752.61279 0.009154
7753.47510 0.009267
7754.33691 0.009403
7755.19922 0.009556
7756.06104 0.009708
7756.92285 0.009843
7757.78516 0.009952
7758.64697 0.010036
7759.50879 0.010102
7760.37207 0.010163
7761.23291 0.010229
7762.09521 0.010308
7762.95801 0.010403
7763.81885 0.010523
7764.68115 0.010676
7765.54297 0.010869
7766.40479 0.011101
7767.26709 0.011358
7768.12891 0.011616
7768.99121 0.011853
7769.85303 0.012053
7770.71387 0.012212
7771.57617 0.012333
7772.43799 0.012422
7773.29883 0.012487
7774.16113 0.012542
7775.02295 0.012605
7775.88477 0.012699
7776.74609 0.01284
7777.60791 0.013032
7778.47021 0.013268
7779.33105 0.013524
7780.19287 0.013782
7781.05518 0.014023
7781.91602 0.014241
7782.77783 0.014442
7783.63916 0.014643
7784.50098 0.014866
7785.36182 0.015131
7786.22412 0.015437
7787.08496 0.015767
7787.94678 0.016085
7788.80811 0.016359
7789.66992 0.01658
7790.53076 0.016763
7791.39307 0.016947
7792.25391 0.017173
7793.11523 0.017473
7793.97705 0.017855
7794.83789 0.018309
7795.69922 0.018809
7796.56104 0.019328
7797.42188 0.019848
7798.28320 0.020366
7799.14502 0.020886
7800.00586 0.021417
7800.86719 0.021959
7801.72803 0.022499
7802.58887 0.023019
7803.45117 0.023501
7804.31201 0.023942
7805.17285 0.024356
7806.03418 0.02478
7806.89502 0.025256
7807.75586 0.025819
7808.61719 0.026477
7809.47900 0.027213
7810.33887 0.027991
7811.20117 0.028774
7812.06201 0.029546
7812.92188 0.030311
7813.78418 0.031097
7814.64502 0.031939
7815.50488 0.032862
7816.36621 0.033874
7817.22705 0.034971
7818.08789 0.036144
7818.94922 0.037387
7819.81006 0.038705
7820.67090 0.040103
7821.53223 0.041583
7822.39307 0.043139
7823.25293 0.044756
7824.11377 0.046415
7824.97510 0.048096
7825.83496 0.049798
7826.69580 0.051536
7827.55713 0.05335
7828.41699 0.055293
7829.27783 0.05742
7830.13916 0.059764
7831.00000 0.06231
7831.85986 0.065001
7832.72119 0.067751
7833.58203 0.070482
7834.44189 0.07317
7835.30322 0.075859
7836.16309 0.078646
7837.02393 0.081641
7837.88379 0.084924
7838.74512 0.088521
7839.60498 0.092409
7840.46582 0.096549
7841.32617 0.100923
7842.18701 0.105533
7843.04688 0.110403
7843.90820 0.11556
7844.76807 0.12102
7845.62793 0.126783
7846.48877 0.132849
7847.34912 0.139221
7848.20898 0.145913
7849.06982 0.152954
7849.93018 0.160382
7850.79102 0.168231
7851.64990 0.17652
7852.51123 0.18526
7853.37109 0.194456
7854.23096 0.204103
7855.09082 0.214202
7855.95215 0.224768
7856.81201 0.235815
7857.67188 0.247365
7858.53223 0.25944
7859.39209 0.272047
7860.25195 0.285172
7861.11182 0.298783
7861.97314 0.312838
7862.83301 0.327285
7863.69189 0.342076
7864.55322 0.357178
7865.41309 0.372564
7866.27197 0.388206
7867.13184 0.404089
7867.99316 0.420189
7868.85303 0.436472
7869.71191 0.452882
7870.57178 0.469353
7871.43213 0.485791
7872.29199 0.502095
7873.15186 0.518175
7874.01221 0.533948
7874.87207 0.549338
7875.73096 0.564288
7876.59082 0.578762
7877.45117 0.59275
7878.31104 0.606258
7879.16992 0.619312
7880.02979 0.631913
7880.89014 0.644034
7881.75000 0.655621
7882.60889 0.666598
7883.46924 0.676866
7884.32910 0.686347
7885.18799 0.695006
7886.04785 0.702882
7886.90723 0.710094
7887.76709 0.716812
7888.62598 0.723183
7889.48584 0.729271
7890.34521 0.735069
7891.20508 0.740518
7892.06396 0.745566
7892.92383 0.75022
7893.78320 0.754535
7894.64307 0.758579
7895.50195 0.762389
7896.36182 0.765942
7897.22119 0.769181
7898.08105 0.772051
7898.93994 0.774545
7899.79883 0.776716
7900.65918 0.778637
7901.51807 0.780382
7902.37695 0.782006
7903.23584 0.78354
7904.09619 0.785002
7904.95508 0.786399
7905.81396 0.787729
7906.67285 0.788991
7907.53320 0.790192
7908.39209 0.791361
7909.25098 0.792534
7910.10986 0.793748
7910.96924 0.795022
7911.82812 0.796336
7912.68799 0.797651
7913.54590 0.798918
7914.40479 0.800092
7915.26514 0.801145
7916.12402 0.802064
7916.98193 0.802845
7917.84180 0.803478
7918.70117 0.803968
7919.56006 0.804343
7920.41797 0.804647
7921.27686 0.804938
7922.13623 0.805263
7922.99512 0.805636
7923.85400 0.806041
7924.71289 0.806458
7925.57178 0.806882
7926.43115 0.807333
7927.29004 0.807839
7928.14795 0.808398
7929.00684 0.808962
7929.86621 0.809436
7930.72510 0.809716
7931.58301 0.809738
7932.44189 0.809507
7933.30078 0.809097
7934.16016 0.808616
7935.01807 0.808164
7935.87695 0.807803
7936.73486 0.807556
7937.59424 0.807417
7938.45312 0.807361
7939.31201 0.807344
7940.16992 0.807295
7941.02783 0.807121
7941.88721 0.806738
7942.74609 0.806104
7943.60400 0.805253
7944.46191 0.804279
7945.32080 0.803289
7946.17920 0.802358
7947.03809 0.801493
7947.89600 0.800654
7948.75488 0.799786
7949.61279 0.798861
7950.47217 0.797888
7951.33008 0.796895
7952.18799 0.795926
7953.04590 0.795041
7953.90479 0.794324
7954.76318 0.793865
7955.62207 0.793736
7956.47900 0.79395
7957.33789 0.794441
7958.19580 0.795077
7959.05420 0.795705
7959.91309 0.796184
7960.77100 0.796443
7961.62891 0.796497
7962.48682 0.796444
7963.34521 0.79643
7964.20312 0.796595
7965.06201 0.797015
7965.91895 0.797693
7966.77686 0.798553
7967.63623 0.79949
7968.49414 0.800391
7969.35205 0.801157
7970.20898 0.801705
7971.06787 0.801967
7971.92578 0.801907
7972.78418 0.801542
7973.64209 0.800936
7974.50000 0.800192
7975.35693 0.799399
7976.21484 0.798596
7977.07324 0.79775
7977.93115 0.796778
7978.78906 0.795591
7979.64600 0.794114
7980.50391 0.792305
7981.36182 0.790136
7982.22021 0.78755
7983.07812 0.784438
7983.93604 0.780671
7984.79297 0.776137
7985.65088 0.770768
7986.50781 0.764539
7987.36621 0.757471
7988.22412 0.749593
7989.08203 0.74093
7989.93896 0.731514
7990.79688 0.721376
7991.65381 0.710515
7992.51221 0.698913
7993.37012 0.686526
7994.22705 0.673294
7995.08398 0.659149
7995.94189 0.644053
7996.79883 0.628028
7997.65723 0.611162
7998.51514 0.593619
7999.37207 0.575604
8000.22900 0.557318
8001.08691 0.538935
8001.94385 0.520583
8002.80176 0.502348
8003.65918 0.484268
8004.51611 0.466346
8005.37402 0.448564
8006.23096 0.430898
8007.08789 0.413351
8007.94482 0.395969
8008.80322 0.378841
8009.66016 0.362084
8010.51709 0.345816
8011.37500 0.330111
8012.23096 0.314992
8013.08887 0.300447
8013.94580 0.286449
8014.80322 0.272978
8015.66016 0.260032
8016.51709 0.247627
8017.37500 0.235769
8018.23096 0.224451
8019.08789 0.213659
8019.94580 0.203373
8020.80322 0.193574
8021.66016 0.184247
8022.51709 0.175384
8023.37402 0.166972
8024.22998 0.158998
8025.08691 0.151455
8025.94385 0.144359
8026.80078 0.137719
8027.65820 0.131542
8028.51514 0.125813
8029.37207 0.120483
8030.22900 0.115467
8031.08594 0.110674
8031.94189 0.106038
8032.79883 0.101541
8033.65576 0.097208
8034.51318 0.093094
8035.37012 0.089244
8036.22705 0.08567
8037.08301 0.082351
8037.93994 0.079255
8038.79590 0.076345
8039.65283 0.073592
8040.50977 0.070976
8041.36719 0.06848
8042.22314 0.066085
8043.08008 0.063775
8043.93701 0.061538
8044.79297 0.059364
8045.64893 0.057262
8046.50586 0.055251
8047.36279 0.053363
8048.21924 0.051628
8049.07617 0.050055
8049.93213 0.048633
8050.78906 0.047328
8051.64502 0.0461
8052.50098 0.044916
8053.35791 0.043751
8054.21387 0.042589
8055.06982 0.041416
8055.92676 0.04023
8056.78320 0.039042
8057.64014 0.03788
8058.49609 0.036774
8059.35205 0.035743
8060.20801 0.034786
8061.06494 0.033878
8061.92090 0.03299
8062.77686 0.032096
8063.63281 0.031191
8064.49023 0.030287
8065.34619 0.029413
8066.20215 0.028603
8067.05811 0.027884
8067.91406 0.027264
8068.77100 0.02673
8069.62598 0.026252
8070.48193 0.025794
8071.33789 0.025333
8072.19482 0.024862
8073.05078 0.024389
8073.90723 0.023928
8074.76318 0.023491
8075.61914 0.023078
8076.47510 0.022678
8077.33105 0.022273
8078.18701 0.021845
8079.04199 0.021388
8079.89795 0.020914
8080.75391 0.020451
8081.60986 0.020034
8082.46582 0.019687
8083.32178 0.019414
8084.17822 0.019205
8085.03320 0.019033
8085.88916 0.01887
8086.74512 0.018686
8087.60107 0.018458
8088.45703 0.018172
8089.31201 0.017829
8090.16797 0.017446
8091.02295 0.017053
8091.87891 0.016684
8092.73486 0.016365
8093.58984 0.016106
8094.44580 0.0159
8095.30176 0.015728
8096.15723 0.015565
8097.01318 0.015391
8097.86914 0.015197
8098.72412 0.014986
8099.58008 0.014768
8100.43506 0.014556
8101.29102 0.014353
8102.14600 0.014151
8103.00098 0.013931
8103.85693 0.013673
8104.71191 0.013375
8105.56787 0.013056
8106.42285 0.012755
8107.27783 0.012512
8108.13379 0.01235
8108.98877 0.012274
8109.84521 0.012264
8110.70020 0.012293
8111.55518 0.012331
8112.41113 0.012345
8113.26611 0.012311
8114.12109 0.01221
8114.97607 0.012044
8115.83203 0.011831
8116.68701 0.01161
8117.54199 0.011421
8118.39697 0.011294
8119.25195 0.011229
8120.10693 0.011202
8120.96191 0.011166
8121.81689 0.011081
8122.67188 0.010915
8123.52783 0.010663
8124.38281 0.010342
8125.23779 0.009986
8126.09277 0.009644
8126.94824 0.009357
8127.80322 0.009143
8128.65820 0.008992
8129.51318 0.00887
8130.36816 0.008738
8131.22314 0.008579
8132.07812 0.008403
8132.93213 0.008243
8133.78711 0.008129
8134.64209 0.00807
8135.49707 0.008049
8136.35205 0.008036
8137.20703 0.008004
8138.06104 0.007939
8138.91602 0.00784
8139.77100 0.007711
8140.62500 0.007559
8141.47998 0.007394
8142.33496 0.007231
8143.18896 0.007092
8144.04395 0.006996
8144.89893 0.006956
8145.75293 0.006974
8146.60791 0.007032
8147.46289 0.007103
8148.31689 0.007163
8149.17188 0.007195
8150.02588 0.007198
8150.88086 0.007187
8151.73584 0.007182
8152.58984 0.007203
8153.44482 0.007261
8154.29883 0.007349
8155.15283 0.007441
8156.00781 0.007503
8156.86182 0.007501
8157.71680 0.007418
8158.57080 0.007258
8159.42578 0.007038
8160.27979 0.006778
8161.13379 0.006505
8161.98877 0.006243
8162.84277 0.006021
8163.69678 0.005859
8164.55078 0.005767
8165.40576 0.005732
8166.25977 0.005723
8167.11377 0.005698
8167.96777 0.00562
8168.82324 0.005466
8169.67676 0.005238
8170.53076 0.004964
8171.38477 0.004687
8172.23877 0.00445
8173.09277 0.004284
8173.94678 0.004201
8174.80176 0.004191
8175.65576 0.004231
8176.50977 0.004293
8177.36377 0.004349
8178.21777 0.004375
8179.07178 0.004349
8179.92578 0.004267
8180.77979 0.004139
8998.85742 0.0
