threeML/data/optical_filters/CAHA/CAHA-f_549_47.ecsv
# %ECSV 0.9
# ---
# datatype:
# - {name: wavelength, unit: Angstrom, datatype: float32}
# - {name: response, datatype: float32}
# meta: !!omap
# - {band_name: f_549_47}
# - {group_name: CAHA}
wavelength response
[from data line 1610]
5507.12988 0.757111
5507.39990 0.760747
5507.66016 0.759512
5507.91992 0.757106
5508.18018 0.759445
5508.43994 0.76571
5508.70020 0.765177
5508.95996 0.764172
5509.22021 0.763912
5509.47998 0.762971
5509.75000 0.761105
5510.00977 0.76235
5510.27002 0.762924
5510.52979 0.757797
5510.79004 0.763341
5511.04980 0.762529
5511.31006 0.762727
5511.56982 0.765244
5511.83008 0.76234
5512.10010 0.763683
5512.35986 0.761921
5512.62012 0.765332
5512.87988 0.761569
5513.14014 0.765134
5513.39990 0.762498
5513.66016 0.764188
5513.91992 0.763684
5514.18994 0.765026
5514.45020 0.764382
5514.70996 0.767834
5514.97021 0.767634
5515.22998 0.765151
5515.49023 0.764934
5515.75000 0.769232
5516.00977 0.761589
5516.27979 0.764954
5516.54004 0.764965
5516.79980 0.764208
5517.06006 0.768133
5517.31982 0.766213
5517.58008 0.768117
5517.83984 0.76764
5518.10010 0.770423
5518.37012 0.767333
5518.62988 0.769274
5518.89014 0.77208
5519.14990 0.764897
5519.41016 0.769362
5519.66992 0.767122
5519.93018 0.768228
5520.18994 0.764464
5520.45020 0.767815
5520.72021 0.769938
5520.97998 0.767399
5521.24023 0.766927
5521.50000 0.767907
5521.75977 0.77054
5522.02002 0.772244
5522.27979 0.769523
5522.54004 0.769355
5522.81006 0.768608
5523.06982 0.771451
5523.33008 0.77317
5523.58984 0.772532
5523.85010 0.769147
5524.10986 0.769465
5524.37012 0.770017
5524.62988 0.770947
5524.89990 0.77094
5525.16016 0.769467
5525.41992 0.773763
5525.68018 0.774122
5525.93994 0.77154
5526.20020 0.771206
5526.45996 0.772346
5526.72021 0.77149
5526.97998 0.772031
5527.25000 0.773057
5527.50977 0.769893
5527.77002 0.771783
5528.02979 0.774992
5528.29004 0.776335
5528.54980 0.77646
5528.81006 0.771428
5529.06982 0.771368
5529.33984 0.773893
5529.60010 0.775204
5529.85986 0.777631
5530.12012 0.777444
5530.37988 0.77257
5530.64014 0.773519
5530.89990 0.773896
5531.16016 0.772122
5531.43018 0.774081
5531.68994 0.782076
5531.95020 0.776245
5532.20996 0.779235
5532.47021 0.772632
5532.72998 0.776853
5532.99023 0.776568
5533.25000 0.776527
5533.50977 0.774423
5533.77979 0.77713
5534.04004 0.775565
5534.29980 0.776613
5534.56006 0.777126
5534.81982 0.777311
5535.08008 0.77846
5535.33984 0.782144
5535.60010 0.773708
5535.87012 0.775857
5536.12988 0.780709
5536.39014 0.780812
5536.64990 0.779733
5536.91016 0.776905
5537.16992 0.777652
5537.43018 0.776403
5537.68994 0.779354
5537.95996 0.779097
5538.22021 0.781687
5538.47998 0.778417
5538.74023 0.778668
5539.00000 0.784718
5539.25977 0.782453
5539.52002 0.780851
5539.77979 0.780693
5540.04004 0.777785
5540.31006 0.779877
5540.56982 0.782708
5540.83008 0.781397
5541.08984 0.78147
5541.35010 0.782047
5541.60986 0.780121
5541.87012 0.782132
5542.12988 0.781086
5542.39990 0.784237
5542.66016 0.784876
5542.91992 0.781129
5543.18018 0.786171
5543.43994 0.784952
5543.70020 0.784979
5543.95996 0.784146
5544.22021 0.782342
5544.49023 0.78062
5544.75000 0.782846
5545.00977 0.784412
5545.27002 0.784221
5545.52979 0.788429
5545.79004 0.782889
5546.04980 0.786257
5546.31006 0.786673
5546.56982 0.785394
5546.83984 0.790604
5547.10010 0.789373
5547.35986 0.786036
5547.62012 0.785208
5547.87988 0.789122
5548.14014 0.78514
5548.39990 0.787568
5548.66016 0.788881
5548.93018 0.787418
5549.18994 0.788257
5549.45020 0.786974
5549.70996 0.788324
5549.97021 0.788787
5550.22998 0.790333
5550.49023 0.789812
5550.75000 0.793248
5551.02002 0.789336
5551.27979 0.791245
5551.54004 0.79232
5551.79980 0.7905
5552.06006 0.791464
5552.31982 0.788965
5552.58008 0.791223
5552.83984 0.791342
5553.10010 0.790245
5553.37012 0.790934
5553.62988 0.787056
5553.89014 0.792993
5554.14990 0.790209
5554.41016 0.788175
5554.66992 0.792206
5554.93018 0.797188
5555.18994 0.795812
5555.45996 0.793003
5555.72021 0.790017
5555.97998 0.793751
5556.24023 0.794538
5556.50000 0.795626
5556.75977 0.79645
5557.02002 0.7949
5557.27979 0.79484
5557.54980 0.794399
5557.81006 0.796378
5558.06982 0.794096
5558.33008 0.79266
5558.58984 0.795618
5558.85010 0.796126
5559.10986 0.795369
5559.37012 0.794446
5559.62988 0.800974
5559.89990 0.796438
5560.16016 0.797145
5560.41992 0.795821
5560.68018 0.795677
5560.93994 0.797139
5561.20020 0.79884
5561.45996 0.797315
5561.72021 0.799176
5561.99023 0.800091
5562.25000 0.799272
5562.50977 0.794314
5562.77002 0.800189
5563.02979 0.798667
5563.29004 0.798777
5563.54980 0.798696
5563.81006 0.797137
5564.08008 0.798105
5564.33984 0.79869
5564.60010 0.80465
5564.85986 0.798561
5565.12012 0.798903
5565.37988 0.799914
5565.64014 0.802909
5565.89990 0.804824
5566.16992 0.802791
5566.43018 0.800834
5566.68994 0.801021
5566.95020 0.801452
5567.20996 0.803945
5567.47021 0.80246
5567.72998 0.806546
5567.99023 0.803588
5568.25000 0.805971
5568.52002 0.805008
5568.77979 0.801913
5569.04004 0.801201
5569.29980 0.805495
5569.56006 0.803869
5569.81982 0.805117
5570.08008 0.803751
5570.33984 0.803735
5570.60010 0.803437
5570.87012 0.805604
5571.12988 0.806014
5571.39014 0.809196
5571.64990 0.804979
5571.91016 0.801186
5572.16992 0.80667
5572.43018 0.807224
5572.68994 0.807355
5572.95996 0.806109
5573.22021 0.806424
5573.47998 0.808849
5573.74023 0.80962
5574.00000 0.809646
5574.25977 0.808176
5574.52002 0.803795
5574.77979 0.803933
5575.04980 0.8082
5575.31006 0.806989
5575.56982 0.809279
5575.83008 0.806953
5576.08984 0.806075
5576.35010 0.808524
5576.60986 0.810024
5576.87012 0.807956
5577.14014 0.81291
5577.39990 0.808115
5577.66016 0.805788
5577.91992 0.808366
5578.18018 0.806315
5578.43994 0.808458
5578.70020 0.813645
5578.95996 0.812417
5579.22021 0.810764
5579.49023 0.81122
5579.75000 0.812621
5580.00977 0.809873
5580.27002 0.812147
5580.52979 0.809219
5580.79004 0.81431
5581.04980 0.815655
5581.31006 0.810007
5581.58008 0.813813
5581.83984 0.819479
5582.10010 0.811626
5582.35986 0.811625
5582.62012 0.812423
5582.87988 0.815804
5583.14014 0.812209
5583.39990 0.819105
5583.66992 0.814179
5583.93018 0.817112
5584.18994 0.81597
5584.45020 0.815226
5584.70996 0.817563
5584.97021 0.813443
5585.22998 0.817162
5585.49023 0.818701
5585.75000 0.814935
5586.02002 0.818561
5586.27979 0.815463
5586.54004 0.815484
5586.79980 0.819616
5587.06006 0.816452
5587.31982 0.818413
5587.58008 0.816819
5587.83984 0.819674
5588.10986 0.818341
5588.37012 0.817328
5588.62988 0.819093
5588.89014 0.817516
5589.14990 0.818358
5589.41016 0.816283
5589.66992 0.820079
5589.93018 0.819772
5590.20020 0.818705
5590.45996 0.819457
5590.72021 0.81812
5590.97998 0.816239
5591.24023 0.819248
5591.50000 0.821491
5591.75977 0.819081
5592.02002 0.819268
5592.27979 0.817691
5592.54980 0.817617
5592.81006 0.822024
5593.06982 0.823902
5593.33008 0.821877
5593.58984 0.819441
5593.85010 0.821975
5594.10986 0.819631
5594.37012 0.820907
5594.64014 0.82257
5594.89990 0.822027
5595.16016 0.821731
5595.41992 0.820649
5595.68018 0.820806
5595.93994 0.822546
5596.20020 0.825082
5596.45996 0.821932
5596.72998 0.820701
5596.99023 0.820881
5597.25000 0.820757
5597.50977 0.825182
5597.77002 0.822701
5598.02979 0.827086
5598.29004 0.825886
5598.54980 0.823424
5598.81006 0.824868
5599.08008 0.825184
5599.33984 0.824972
5599.60010 0.824366
5599.85986 0.830336
5600.12012 0.822687
5600.37988 0.826588
5600.64014 0.828713
5600.89990 0.829452
5601.16992 0.826768
5601.43018 0.825821
5601.68994 0.827727
5601.95020 0.824477
5602.20996 0.83021
5602.47021 0.825592
5602.72998 0.8274
5602.99023 0.831015
5603.25977 0.82792
5603.52002 0.828468
5603.77979 0.826929
5604.04004 0.827305
5604.29980 0.830399
5604.56006 0.828979
5604.81982 0.828301
5605.08008 0.827727
5605.33984 0.826366
5605.60986 0.827999
5605.87012 0.828572
5606.12988 0.827037
5606.39014 0.828312
5606.64990 0.829841
5606.91016 0.831622
5607.16992 0.830334
5607.43018 0.83251
5607.70020 0.828878
5607.95996 0.830651
5608.22021 0.827917
5608.47998 0.828418
5608.74023 0.829977
5609.00000 0.828972
5609.25977 0.827287
5609.52002 0.831794
5609.79004 0.830438
5610.04980 0.830289
5610.31006 0.831352
5610.56982 0.831402
5610.83008 0.830998
5611.08984 0.833925
5611.35010 0.830437
5611.60986 0.832217
5611.87988 0.833429
5612.14014 0.832457
5612.39990 0.833303
5612.66016 0.830371
5612.91992 0.83076
5613.18018 0.833428
5613.43994 0.829652
5613.70020 0.83102
5613.95996 0.834023
5614.22998 0.831895
5614.49023 0.834086
5614.75000 0.828437
5615.00977 0.829336
5615.27002 0.83416
5615.52979 0.832646
5615.79004 0.835503
5616.04980 0.834292
5616.31982 0.83243
5616.58008 0.835342
5616.83984 0.834665
5617.10010 0.833223
5617.35986 0.833657
5617.62012 0.831836
5617.87988 0.835565
5618.14014 0.837683
5618.39990 0.831862
5618.66992 0.834507
5618.93018 0.833375
5619.18994 0.835243
5619.45020 0.835505
5619.70996 0.834201
5619.97021 0.83465
5620.22998 0.834083
5620.49023 0.835177
5620.75977 0.832852
5621.02002 0.833794
5621.27979 0.83403
5621.54004 0.833885
5621.79980 0.83775
5622.06006 0.833752
5622.31982 0.838411
5622.58008 0.834413
5622.85010 0.834672
5623.10986 0.835027
5623.37012 0.836323
5623.62988 0.833593
5623.89014 0.83387
5624.14990 0.834484
5624.41016 0.835485
5624.66992 0.831369
5624.93018 0.832328
5625.20020 0.834508
5625.45996 0.838071
5625.72021 0.832292
5625.97998 0.836227
5626.24023 0.833003
5626.50000 0.83662
5626.75977 0.834137
5627.02002 0.836375
5627.29004 0.836903
5627.54980 0.836349
5627.81006 0.829848
5628.06982 0.83541
5628.33008 0.837526
5628.58984 0.835633
5628.85010 0.837777
5629.10986 0.833701
5629.37988 0.834015
5629.64014 0.83641
5629.89990 0.8355
5630.16016 0.837092
5630.41992 0.835413
5630.68018 0.837799
5630.93994 0.833462
5631.20020 0.833485
5631.45996 0.835236
5631.72998 0.834241
5631.99023 0.835519
5632.25000 0.836333
5632.50977 0.835606
5632.77002 0.834492
5633.02979 0.83617
5633.29004 0.83695
5633.54980 0.83588
5633.81982 0.836216
5634.08008 0.832962
5634.33984 0.836716
5634.60010 0.834595
5634.85986 0.836227
5635.12012 0.835475
5635.37988 0.836592
5635.64014 0.835948
5635.91016 0.834498
5636.16992 0.83381
5636.43018 0.836961
5636.68994 0.83461
5636.95020 0.833065
5637.20996 0.837516
5637.47021 0.835992
5637.72998 0.836403
5637.99023 0.835337
5638.25977 0.837503
5638.52002 0.834567
5638.77979 0.83408
5639.04004 0.832809
5639.29980 0.834372
5639.56006 0.833452
5639.81982 0.838506
5640.08008 0.835129
5640.35010 0.833139
5640.60986 0.834717
5640.87012 0.831742
5641.12988 0.831725
5641.39014 0.834097
5641.64990 0.830494
5641.91016 0.834545
5642.16992 0.829022
5642.43994 0.829494
5642.70020 0.829127
5642.95996 0.831832
5643.22021 0.832915
5643.47998 0.828793
5643.74023 0.831703
5644.00000 0.831989
5644.25977 0.833835
5644.52002 0.832621
5644.79004 0.832315
5645.04980 0.829818
5645.31006 0.828544
5645.56982 0.825783
5645.83008 0.829608
5646.08984 0.828792
5646.35010 0.830527
5646.60986 0.834739
5646.87988 0.82645
5647.14014 0.827803
5647.39990 0.832025
5647.66016 0.828174
5647.91992 0.829254
5648.18018 0.828153
5648.43994 0.829786
5648.70020 0.828856
5648.97021 0.82676
5649.22998 0.828562
5649.49023 0.825963
5649.75000 0.829058
5650.00977 0.827181
5650.27002 0.828042
5650.52979 0.826953
5650.79004 0.826287
5651.04980 0.828237
5651.31982 0.823971
5651.58008 0.825073
5651.83984 0.822343
5652.10010 0.825136
5652.35986 0.821268
5652.62012 0.82452
5652.87988 0.829853
5653.14014 0.824812
5653.41016 0.82505
5653.66992 0.820328
5653.93018 0.822059
5654.18994 0.819984
5654.45020 0.825847
5654.70996 0.822439
5654.97021 0.826611
5655.22998 0.821273
5655.50000 0.821489
5655.75977 0.822368
5656.02002 0.82131
5656.27979 0.821999
5656.54004 0.817205
5656.79980 0.817936
5657.06006 0.816139
5657.31982 0.817395
5657.58008 0.818743
5657.85010 0.820398
5658.10986 0.817626
5658.37012 0.816786
5658.62988 0.815663
5658.89014 0.816068
5659.14990 0.815301
5659.41016 0.813666
5659.66992 0.814708
5659.93994 0.811609
5660.20020 0.810222
5660.45996 0.816571
5660.72021 0.814137
5660.97998 0.810069
5661.24023 0.816214
5661.50000 0.811767
5661.75977 0.81135
5662.02979 0.810085
5662.29004 0.807314
5662.54980 0.808494
5662.81006 0.808148
5663.06982 0.810939
5663.33008 0.808964
5663.58984 0.808689
5663.85010 0.802927
5664.10986 0.806686
5664.37988 0.807062
5664.64014 0.805532
5664.89990 0.805096
5665.16016 0.803659
5665.41992 0.801122
5665.68018 0.807121
5665.93994 0.803947
5666.20020 0.802119
5666.47021 0.805831
5666.72998 0.80247
5666.99023 0.799941
5667.25000 0.798838
5667.50977 0.802908
5667.77002 0.799055
5668.02979 0.80081
5668.29004 0.797898
5668.56006 0.797662
5668.81982 0.795106
5669.08008 0.796847
5669.33984 0.793723
5669.60010 0.794151
5669.85986 0.794704
5670.12012 0.795169
5670.37988 0.79258
5670.64990 0.793114
5670.91016 0.792863
5671.16992 0.789147
5671.43018 0.788075
5671.68994 0.789144
5671.95020 0.789166
5672.20996 0.787939
5672.47021 0.788394
5672.72998 0.788019
5673.00000 0.788419
5673.25977 0.785475
5673.52002 0.780857
5673.77979 0.784635
5674.04004 0.782161
5674.29980 0.780299
5674.56006 0.777692
5674.81982 0.783564
5675.08008 0.775464
5675.35010 0.781113
5675.60986 0.777782
5675.87012 0.776838
5676.12988 0.773318
5676.39014 0.775856
5676.64990 0.776455
5676.91016 0.77315
5677.16992 0.77447
5677.43994 0.770685
5677.70020 0.772372
5677.95996 0.77258
5678.22021 0.768959
5678.47998 0.7723
5678.74023 0.770004
5679.00000 0.766867
5679.25977 0.769614
5679.52979 0.768131
5679.79004 0.765709
5680.04980 0.765799
5680.31006 0.76241
5680.56982 0.762571
5680.83008 0.762122
5681.08984 0.76017
5681.35010 0.760419
5681.62012 0.759986
5681.87988 0.758988
5682.14014 0.757259
5682.39990 0.75599
5682.66016 0.755261
5682.91992 0.752555
5683.18018 0.752046
5683.43994 0.753024
5683.70020 0.750779
5683.97021 0.749348
5684.22998 0.750442
5684.49023 0.747618
5684.75000 0.747656
5685.00977 0.745706
5685.27002 0.748101
5685.52979 0.744369
5685.79004 0.743514
5686.06006 0.740198
5686.31982 0.740761
5686.58008 0.738444
5686.83984 0.740683
5687.10010 0.737832
5687.35986 0.736966
5687.62012 0.733484
5687.87988 0.731284
5688.14990 0.73243
5688.41016 0.734542
5688.66992 0.734113
5688.93018 0.733588
5689.18994 0.730107
5689.45020 0.729139
5689.70996 0.726781
5689.97021 0.72569
5690.22998 0.725931
5690.50000 0.727296
5690.75977 0.723029
5691.02002 0.719827
5691.27979 0.72194
5691.54004 0.718375
5691.79980 0.719033
5692.06006 0.720666
5692.31982 0.713697
5692.58984 0.714307
5692.85010 0.711679
5693.10986 0.714461
5693.37012 0.711534
5693.62988 0.709538
5693.89014 0.711069
5694.14990 0.710584
5694.41016 0.707326
5694.68018 0.705847
5694.93994 0.703052
5695.20020 0.704056
5695.45996 0.701065
5695.72021 0.698796
5695.97998 0.698286
5696.24023 0.696404
5696.50000 0.698611
5696.75977 0.692386
5697.02979 0.694846
5697.29004 0.692867
5697.54980 0.695282
5697.81006 0.692802
5698.06982 0.685869
5698.33008 0.689
5698.58984 0.683895
5698.85010 0.686244
5699.12012 0.684506
5699.37988 0.682025
5699.64014 0.679532
5699.89990 0.678757
5700.16016 0.681679
5700.41992 0.675871
5700.68018 0.674501
5700.93994 0.673791
5701.20996 0.671657
5701.47021 0.671504
5701.72998 0.671441
5701.99023 0.671241
5702.25000 0.666693
5702.50977 0.664108
5702.77002 0.666407
5703.02979 0.66193
5703.29004 0.66313
5703.56006 0.66049
5703.81982 0.658048
5704.08008 0.656489
5704.33984 0.654446
5704.60010 0.654859
5704.85986 0.655565
5705.12012 0.654033
5705.37988 0.648213
5705.64990 0.650542
5705.91016 0.646571
5706.16992 0.645478
5706.43018 0.642045
5706.68994 0.641098
5706.95020 0.640289
5707.20996 0.639349
5707.47021 0.637704
5707.74023 0.637569
5708.00000 0.633575
5708.25977 0.633519
5708.52002 0.631982
5708.77979 0.631543
5709.04004 0.626437
5709.29980 0.628652
5709.56006 0.623579
5709.81982 0.624615
5710.08984 0.624534
5710.35010 0.620819
5710.60986 0.618776
5710.87012 0.617393
5711.12988 0.615724
5711.39014 0.614632
5711.64990 0.613349
5711.91016 0.611107
5712.18018 0.611279
5712.43994 0.610316
5712.70020 0.607593
5712.95996 0.606451
5713.22021 0.603969
5713.47998 0.605144
5713.74023 0.601217
5714.00000 0.599251
5714.27002 0.596618
5714.52979 0.597208
5714.79004 0.593416
5715.04980 0.593814
5715.31006 0.593767
5715.56982 0.590286
5715.83008 0.583806
5716.08984 0.584888
5716.35010 0.582111
5716.62012 0.582456
