threeML/data/optical_filters/CAHA/CAHA-f_590_7.ecsv
# %ECSV 0.9
# ---
# datatype:
# - {name: wavelength, unit: Angstrom, datatype: float32}
# - {name: response, datatype: float32}
# meta: !!omap
# - {band_name: f_590_7}
# - {group_name: CAHA}
wavelength response
5237.64893 0.0
5819.60986 0.004135
5819.87012 0.004128
5820.12988 0.004029
5820.39014 0.004323
5820.64990 0.004584
5820.91016 0.004514
5821.16992 0.004386
5821.43018 0.004252
5821.68994 0.004482
5821.95996 0.004756
5822.22021 0.004775
5822.47998 0.004545
5822.74023 0.004797
5823.00000 0.00486
5823.25977 0.004928
5823.52002 0.004989
5823.77979 0.005199
5824.04004 0.005224
5824.29980 0.005166
5824.56006 0.005217
5824.81982 0.0053
5825.08008 0.005466
5825.33984 0.005418
5825.60010 0.005605
5825.85986 0.005703
5826.12012 0.005899
5826.37988 0.00575
5826.64014 0.005889
5826.89990 0.005942
5827.16992 0.006248
5827.43018 0.006078
5827.68994 0.006157
5827.95020 0.006389
5828.20996 0.006275
5828.47021 0.00654
5828.72998 0.006699
5828.99023 0.006758
5829.25000 0.006903
5829.50977 0.007143
5829.77002 0.006909
5830.02979 0.007111
5830.29004 0.007272
5830.54980 0.007259
5830.81006 0.007514
5831.06982 0.007803
5831.33008 0.00785
5831.58984 0.007999
5831.85010 0.008076
5832.10986 0.008202
5832.37988 0.008391
5832.64014 0.008242
5832.89990 0.008458
5833.16016 0.008784
5833.41992 0.008837
5833.68018 0.009037
5833.93994 0.009203
5834.20020 0.009236
5834.45996 0.009471
5834.72021 0.009759
5834.97998 0.009779
5835.24023 0.010243
5835.50000 0.010443
5835.75977 0.010544
5836.02002 0.010845
5836.27979 0.010737
5836.54004 0.010899
5836.79980 0.011428
5837.06006 0.011293
5837.31982 0.011707
5837.58008 0.011792
5837.85010 0.01226
5838.10986 0.012479
5838.37012 0.012769
5838.62988 0.013042
5838.89014 0.012997
5839.14990 0.013603
5839.41016 0.013457
5839.66992 0.013947
5839.93018 0.014358
5840.18994 0.014342
5840.45020 0.014982
5840.70996 0.015239
5840.97021 0.015576
5841.22998 0.015842
5841.49023 0.016288
5841.75000 0.016509
5842.00977 0.016816
5842.27002 0.017196
5842.52979 0.01767
5842.79004 0.01758
5843.06006 0.018378
5843.31982 0.018785
5843.58008 0.019128
5843.83984 0.019446
5844.10010 0.019666
5844.35986 0.020605
5844.62012 0.020859
5844.87988 0.021183
5845.14014 0.021884
5845.39990 0.022445
5845.66016 0.02299
5845.91992 0.023547
5846.18018 0.023744
5846.43994 0.024884
5846.70020 0.025414
5846.95996 0.025609
5847.22021 0.026735
5847.47998 0.027105
5847.74023 0.027584
5848.00000 0.028239
5848.27002 0.028928
5848.52979 0.029234
5848.79004 0.030291
5849.04980 0.031386
5849.31006 0.031671
5849.56982 0.03317
5849.83008 0.033338
5850.08984 0.034334
5850.35010 0.035485
5850.60986 0.036235
5850.87012 0.037133
5851.12988 0.037849
5851.39014 0.039083
5851.64990 0.040042
5851.91016 0.040794
5852.16992 0.041421
5852.43018 0.043395
5852.68994 0.044536
5852.95020 0.045777
5853.20996 0.046672
5853.47998 0.047519
5853.74023 0.049096
5854.00000 0.05083
5854.25977 0.051853
5854.52002 0.053347
5854.77979 0.054441
5855.04004 0.056154
5855.29980 0.057942
5855.56006 0.059674
5855.81982 0.061094
5856.08008 0.062916
5856.33984 0.064269
5856.60010 0.065748
5856.85986 0.068363
5857.12012 0.069325
5857.37988 0.071966
5857.64014 0.073663
5857.89990 0.075989
5858.16016 0.078027
5858.41992 0.080099
5858.68994 0.083031
5858.95020 0.084706
5859.20996 0.087928
5859.47021 0.089737
5859.72998 0.092671
5859.99023 0.094863
5860.25000 0.09728
5860.50977 0.100256
5860.77002 0.10346
5861.02979 0.106094
5861.29004 0.109172
5861.54980 0.11202
5861.81006 0.115012
5862.06982 0.11934
5862.33008 0.122099
5862.58984 0.124788
5862.85010 0.12952
5863.10986 0.132048
5863.37012 0.135565
5863.62988 0.139795
5863.89990 0.144033
5864.16016 0.147425
5864.41992 0.152003
5864.68018 0.15651
5864.93994 0.159872
5865.20020 0.164075
5865.45996 0.168381
5865.72021 0.173547
5865.97998 0.177344
5866.24023 0.182074
5866.50000 0.18908
5866.75977 0.191644
5867.02002 0.197425
5867.27979 0.20239
5867.54004 0.207476
5867.79980 0.211955
5868.06006 0.218099
5868.31982 0.222566
5868.58008 0.230062
5868.85010 0.235191
5869.10986 0.24111
5869.37012 0.247125
5869.62988 0.253435
5869.89014 0.258619
5870.14990 0.266034
5870.41016 0.271032
5870.66992 0.277629
5870.93018 0.283768
5871.18994 0.289612
5871.45020 0.297785
5871.70996 0.301706
5871.97021 0.308636
5872.22998 0.317327
5872.49023 0.323853
5872.75000 0.328845
5873.00977 0.335842
5873.27002 0.341914
5873.52979 0.349007
5873.79004 0.355067
5874.06006 0.363544
5874.31982 0.370342
5874.58008 0.375389
5874.83984 0.381551
5875.10010 0.388372
5875.35986 0.396376
5875.62012 0.404297
5875.87988 0.408342
5876.14014 0.416115
5876.39990 0.421944
5876.66016 0.429973
5876.91992 0.434675
5877.18018 0.441799
5877.43994 0.446887
5877.70020 0.454127
5877.95996 0.461185
5878.22021 0.466861
5878.47998 0.473241
5878.74023 0.478933
5879.00000 0.48559
5879.27002 0.491026
5879.52979 0.497256
5879.79004 0.504049
5880.04980 0.50889
5880.31006 0.514043
5880.56982 0.519259
5880.83008 0.52326
5881.08984 0.531189
5881.35010 0.535961
5881.60986 0.541315
5881.87012 0.543334
5882.12988 0.550074
5882.39014 0.553794
5882.64990 0.559227
5882.91016 0.562251
5883.16992 0.565957
5883.43018 0.572187
5883.68994 0.576675
5883.95020 0.581833
5884.20996 0.583098
5884.47998 0.588882
5884.74023 0.593061
5885.00000 0.596972
5885.25977 0.597065
5885.52002 0.60313
5885.77979 0.605116
5886.04004 0.609246
5886.29980 0.612148
5886.56006 0.614426
5886.81982 0.617115
5887.08008 0.61894
5887.33984 0.623809
5887.60010 0.623949
5887.85986 0.627516
5888.12012 0.630369
5888.37988 0.63291
5888.64014 0.633761
5888.89990 0.63927
5889.16016 0.639144
5889.41992 0.641886
5889.68994 0.642091
5889.95020 0.643654
5890.20996 0.64826
5890.47021 0.647915
5890.72998 0.64951
5890.99023 0.651877
5891.25000 0.653417
5891.50977 0.651881
5891.77002 0.656946
5892.02979 0.657765
5892.29004 0.657056
5892.54980 0.65804
5892.81006 0.661425
5893.06982 0.661261
5893.33008 0.661952
5893.58984 0.66269
5893.85010 0.664312
5894.10986 0.663951
5894.37012 0.664802
5894.62988 0.66537
5894.89990 0.667741
5895.16016 0.668633
5895.41992 0.66871
5895.68018 0.667235
5895.93994 0.670972
5896.20020 0.668999
5896.45996 0.670097
5896.72021 0.670497
5896.97998 0.670586
5897.24023 0.670428
5897.50000 0.671276
5897.75977 0.671527
5898.02002 0.674261
5898.27979 0.671708
5898.54004 0.67265
5898.79980 0.673535
5899.06006 0.672548
5899.31982 0.674723
5899.58008 0.673982
5899.83984 0.673847
5900.10010 0.675553
5900.37012 0.67602
5900.62988 0.676162
5900.89014 0.673973
5901.14990 0.6739
5901.41016 0.672702
5901.66992 0.675003
5901.93018 0.673477
5902.18994 0.67632
5902.45020 0.674082
5902.70996 0.673762
5902.97021 0.674643
5903.22998 0.676765
5903.49023 0.676158
5903.75000 0.671959
5904.00977 0.673694
5904.27002 0.672895
5904.52979 0.67445
5904.79004 0.673149
5905.04980 0.674852
5905.31006 0.67386
5905.58008 0.670459
5905.83984 0.67256
5906.10010 0.674006
5906.35986 0.672241
5906.62012 0.673736
5906.87988 0.672524
5907.14014 0.675583
5907.39990 0.675641
5907.66016 0.675352
5907.91992 0.672247
5908.18018 0.673391
5908.43994 0.672756
5908.70020 0.672157
5908.95996 0.673651
5909.22021 0.67022
5909.47998 0.674458
5909.74023 0.673772
5910.00000 0.672953
5910.25977 0.672205
5910.52002 0.671503
5910.79004 0.671477
5911.04980 0.673806
5911.31006 0.669165
5911.56982 0.672034
5911.83008 0.674458
5912.08984 0.669626
5912.35010 0.671486
5912.60986 0.670787
5912.87012 0.672949
5913.12988 0.67221
5913.39014 0.673719
5913.64990 0.672662
5913.91016 0.674635
5914.16992 0.672987
5914.43018 0.674861
5914.68994 0.675905
5914.95020 0.672213
5915.20996 0.674466
5915.47021 0.67392
5915.72998 0.675499
5916.00000 0.675143
5916.25977 0.677351
5916.52002 0.674765
5916.77979 0.675785
5917.04004 0.675454
5917.29980 0.677762
5917.56006 0.675462
5917.81982 0.67687
5918.08008 0.678325
5918.33984 0.677692
5918.60010 0.676862
5918.85986 0.674859
5919.12012 0.682177
5919.37988 0.680291
5919.64014 0.676819
5919.89990 0.677782
5920.16016 0.677433
5920.41992 0.679022
5920.68018 0.681585
5920.93994 0.679604
5921.20996 0.679763
5921.47021 0.681724
5921.72998 0.680726
5921.99023 0.680173
5922.25000 0.679185
5922.50977 0.681309
5922.77002 0.682435
5923.02979 0.679628
5923.29004 0.680752
5923.54980 0.678121
5923.81006 0.680608
5924.06982 0.678093
5924.33008 0.678846
5924.58984 0.675357
5924.85010 0.676626
5925.10986 0.67671
5925.37012 0.67563
5925.62988 0.67367
5925.89014 0.672004
5926.14990 0.670963
5926.41992 0.666679
5926.68018 0.667478
5926.93994 0.668382
5927.20020 0.665574
5927.45996 0.661547
5927.72021 0.65841
5927.97998 0.657565
5928.24023 0.654114
5928.50000 0.652668
5928.75977 0.647375
5929.02002 0.646871
5929.27979 0.641182
5929.54004 0.640916
5929.79980 0.634995
5930.06006 0.631047
5930.31982 0.628021
5930.58008 0.621464
5930.83984 0.617977
5931.10010 0.610661
5931.37012 0.607688
5931.62988 0.604723
5931.89014 0.597916
5932.14990 0.590363
5932.41016 0.587759
5932.66992 0.582136
5932.93018 0.573759
5933.18994 0.56714
5933.45020 0.56252
5933.70996 0.552112
5933.97021 0.546746
5934.22998 0.537541
5934.49023 0.53228
5934.75000 0.526822
5935.00977 0.517795
5935.27002 0.511967
5935.52979 0.49994
5935.79004 0.49235
5936.04980 0.483644
5936.31006 0.476844
5936.58008 0.466032
5936.83984 0.461208
5937.10010 0.452109
5937.35986 0.44383
5937.62012 0.43435
5937.87988 0.42551
5938.14014 0.415802
5938.39990 0.408385
5938.66016 0.399306
5938.91992 0.392279
5939.18018 0.381582
5939.43994 0.374609
5939.70020 0.366025
5939.95996 0.357552
5940.22021 0.349253
5940.47998 0.338206
5940.74023 0.332276
5941.00000 0.323742
5941.25977 0.315501
5941.52002 0.30722
5941.79004 0.301044
5942.04980 0.291531
5942.31006 0.284583
5942.56982 0.275509
5942.83008 0.26973
5943.08984 0.262486
5943.35010 0.253532
5943.60986 0.247442
5943.87012 0.240606
5944.12988 0.233959
5944.39014 0.227537
5944.64990 0.220831
5944.91016 0.213691
5945.16992 0.207881
5945.43018 0.201907
5945.68994 0.195708
5945.95020 0.190696
5946.20996 0.183737
5946.47021 0.178993
5946.72998 0.173856
5947.00000 0.16779
5947.25977 0.163965
5947.52002 0.158594
5947.77979 0.153683
5948.04004 0.149264
5948.29980 0.145126
5948.56006 0.140667
5948.81982 0.136167
5949.08008 0.13174
5949.33984 0.127982
5949.60010 0.123932
5949.85986 0.120097
5950.12012 0.116625
5950.37988 0.113749
5950.64014 0.110217
5950.89990 0.106968
5951.16016 0.103964
5951.41992 0.100756
5951.68018 0.097362
5951.93994 0.094537
5952.20996 0.091223
5952.47021 0.088556
5952.72998 0.086054
5952.99023 0.082723
5953.25000 0.081717
5953.50977 0.079094
5953.77002 0.076888
5954.02979 0.074313
5954.29004 0.072263
5954.54980 0.06998
5954.81006 0.0682
5955.06982 0.066773
5955.33008 0.064627
5955.58984 0.062024
5955.85010 0.06118
5956.10986 0.059398
5956.37012 0.057423
5956.62988 0.055564
5956.89014 0.05381
5957.14990 0.052812
5957.41992 0.051121
5957.68018 0.04945
5957.93994 0.047923
5958.20020 0.04669
5958.45996 0.045139
5958.72021 0.044542
5958.97998 0.043471
5959.24023 0.041954
5959.50000 0.040928
5959.75977 0.040024
5960.02002 0.038851
5960.27979 0.03821
5960.54004 0.036868
5960.79980 0.035775
5961.06006 0.035046
5961.31982 0.033901
5961.58008 0.033022
5961.83984 0.032519
5962.10010 0.03196
5962.35986 0.03075
5962.62012 0.02982
5962.89014 0.029081
5963.14990 0.028288
5963.41016 0.02766
5963.66992 0.026935
5963.93018 0.026215
5964.18994 0.02602
5964.45020 0.024768
5964.70996 0.024419
5964.97021 0.02437
5965.22998 0.02358
5965.49023 0.022907
5965.75000 0.022605
5966.00977 0.022087
5966.27002 0.021218
5966.52979 0.020914
5966.79004 0.020173
5967.04980 0.020263
5967.31006 0.019167
5967.56982 0.01909
5967.83008 0.018823
5968.10010 0.018389
5968.35986 0.017731
5968.62012 0.01732
5968.87988 0.016686
5969.14014 0.016597
5969.39990 0.016497
5969.66016 0.015636
5969.91992 0.015476
5970.18018 0.015372
5970.43994 0.014988
5970.70020 0.014547
5970.95996 0.014131
5971.22021 0.014004
5971.47998 0.013811
5971.74023 0.01363
5972.00000 0.013354
5972.25977 0.012965
5972.52002 0.012653
5972.77979 0.012588
5973.04004 0.012308
5973.31006 0.012145
5973.56982 0.011812
5973.83008 0.011491
5974.08984 0.011404
5974.35010 0.011157
5974.60986 0.0108
5974.87012 0.010743
5975.12988 0.010418
5975.39014 0.010646
5975.64990 0.010039
5975.91016 0.010008
5976.16992 0.009717
5976.43018 0.009473
5976.68994 0.009194
5976.95020 0.009197
5977.20996 0.008988
5977.47021 0.008927
5977.72998 0.008816
5977.99023 0.008524
5978.25000 0.008285
5978.52002 0.008292
5978.77979 0.008005
5979.04004 0.007879
5979.29980 0.007959
5979.56006 0.007974
5979.81982 0.007843
5980.08008 0.007483
5980.33984 0.007205
5980.60010 0.007309
5980.85986 0.007308
5981.12012 0.007193
5981.37988 0.006769
5981.64014 0.006615
5981.89990 0.006827
5982.16016 0.006527
5982.41992 0.006463
5982.68018 0.006314
5982.93994 0.00641
5983.20020 0.006086
5983.45996 0.005939
5983.72998 0.005921
5983.99023 0.00588
5984.25000 0.005781
5984.50977 0.005685
5984.77002 0.005603
5985.02979 0.005622
5985.29004 0.00549
5985.54980 0.005407
5985.81006 0.005409
5986.06982 0.00504
5986.33008 0.005182
5986.58984 0.005159
5986.85010 0.005084
5987.10986 0.004897
5987.37012 0.004739
5987.62988 0.004719
5987.89014 0.004843
5988.14990 0.004858
5988.41016 0.004504
5988.66992 0.004518
5988.93994 0.004562
5989.20020 0.00446
5989.45996 0.004397
5989.72021 0.004276
5989.97998 0.004337
5990.24023 0.004347
5990.50000 0.004106
5990.75977 0.004084
5991.02002 0.004122
6590.12207 0.0
