threeML/data/optical_filters/CAHA/Omega2000-H_old.ecsv
# %ECSV 0.9
# ---
# datatype:
# - {name: wavelength, unit: Angstrom, datatype: float32}
# - {name: response, datatype: float32}
# meta: !!omap
# - {band_name: H_old}
# - {group_name: Omega2000}
wavelength response
13401.90039 0.0
14891.00000 0.00518
14896.00000 0.00564
14901.00000 0.0063
14906.00000 0.00644
14911.00000 0.00796
14916.00000 0.00791
14921.00000 0.00889
14926.00000 0.0097
14931.00000 0.0106
14936.00000 0.01133
14941.00000 0.01236
14946.00000 0.01329
14951.00000 0.01444
14956.00000 0.01574
14961.00000 0.01706
14966.00000 0.01915
14971.00000 0.02085
14976.00000 0.02165
14981.00000 0.02469
14986.00000 0.02605
14991.00000 0.02891
14996.00000 0.03235
15001.00000 0.03411
15006.00000 0.03733
15011.00000 0.0409
15016.00000 0.04421
15021.00000 0.04871
15026.00000 0.05404
15031.00000 0.05905
15036.00000 0.06448
15041.00000 0.0702
15046.00000 0.07654
15051.00000 0.08467
15056.00000 0.09327
15061.00000 0.10319
15066.00000 0.11299
15071.00000 0.12368
15076.00000 0.13584
15081.00000 0.14941
15086.00000 0.16497
15091.00000 0.18224
15096.00000 0.20166
15101.00000 0.2198
15106.00000 0.23929
15111.00000 0.26239
15116.00000 0.28873
15121.00000 0.31557
15126.00000 0.34367
15131.00000 0.36988
15136.00000 0.39872
15141.00000 0.42719
15146.00000 0.45828
15151.00000 0.49026
15156.00000 0.52076
15161.00000 0.54643
15166.00000 0.57132
15171.00000 0.59615
15176.00000 0.61856
15181.00000 0.64018
15186.00000 0.66035
15191.00000 0.67504
15196.00000 0.68803
15201.00000 0.70022
15206.00000 0.71026
15211.00000 0.71916
15216.00000 0.72772
15221.00000 0.73233
15226.00000 0.73864
15231.00000 0.7422
15236.00000 0.74368
15241.00000 0.74905
15246.00000 0.75192
15251.00000 0.75384
15256.00000 0.75614
15261.00000 0.75827
15266.00000 0.76042
15271.00000 0.7627
15276.00000 0.76558
15281.00000 0.76798
15286.00000 0.7704
15291.00000 0.77281
15296.00000 0.77589
15301.00000 0.77783
15306.00000 0.78077
15311.00000 0.78483
15316.00000 0.78651
15321.00000 0.79105
15326.00000 0.7926
15331.00000 0.79624
15336.00000 0.7994
15341.00000 0.80185
15346.00000 0.80508
15351.00000 0.80842
15356.00000 0.80993
15361.00000 0.81382
15366.00000 0.81582
15371.00000 0.8183
15376.00000 0.82299
15381.00000 0.82396
15386.00000 0.82741
15391.00000 0.83034
15396.00000 0.831
15401.00000 0.83638
15406.00000 0.83815
15411.00000 0.83762
15416.00000 0.84562
15421.00000 0.84528
15426.00000 0.84555
15431.00000 0.84952
15436.00000 0.8524
15441.00000 0.85442
15446.00000 0.85691
15451.00000 0.85851
15456.00000 0.86076
15461.00000 0.86232
15466.00000 0.86444
15471.00000 0.86643
15476.00000 0.86815
15481.00000 0.8696
15486.00000 0.87067
15491.00000 0.87225
15496.00000 0.87348
15501.00000 0.87399
15506.00000 0.87536
15511.00000 0.87589
15516.00000 0.8766
15521.00000 0.87675
15526.00000 0.87704
15531.00000 0.87697
15536.00000 0.87726
15541.00000 0.87703
15546.00000 0.8768
15551.00000 0.87517
15556.00000 0.8755
15561.00000 0.87449
15566.00000 0.87299
15571.00000 0.8724
15576.00000 0.87035
15581.00000 0.86904
15586.00000 0.86748
15591.00000 0.86484
15596.00000 0.86402
15601.00000 0.86192
15606.00000 0.86002
15611.00000 0.85784
15616.00000 0.85527
15621.00000 0.85376
15626.00000 0.85065
15631.00000 0.84819
15636.00000 0.84597
15641.00000 0.84374
15646.00000 0.84169
15651.00000 0.83852
15656.00000 0.8354
15661.00000 0.83349
15666.00000 0.83185
15671.00000 0.82969
15676.00000 0.82697
15681.00000 0.82444
15686.00000 0.82164
15691.00000 0.8189
15696.00000 0.81719
15701.00000 0.81509
15706.00000 0.81292
15711.00000 0.81059
15716.00000 0.80849
15721.00000 0.80636
15726.00000 0.80476
15731.00000 0.80322
15736.00000 0.80149
15741.00000 0.80078
15746.00000 0.7989
15751.00000 0.79724
15756.00000 0.79682
15761.00000 0.79463
15766.00000 0.79435
15771.00000 0.79406
15776.00000 0.79212
15781.00000 0.79197
15786.00000 0.79194
15791.00000 0.79071
15796.00000 0.79071
15801.00000 0.79063
15806.00000 0.79029
15811.00000 0.7906
15816.00000 0.79121
15821.00000 0.7913
15826.00000 0.7913
15831.00000 0.79095
15836.00000 0.7928
15841.00000 0.79315
15846.00000 0.79424
15851.00000 0.79535
15856.00000 0.79588
15861.00000 0.79739
15866.00000 0.79797
15871.00000 0.79939
15876.00000 0.80102
15881.00000 0.80234
15886.00000 0.80364
15891.00000 0.80557
15896.00000 0.80669
15901.00000 0.80856
15906.00000 0.81098
15911.00000 0.81306
15916.00000 0.81481
15921.00000 0.81659
15926.00000 0.81875
15931.00000 0.82039
15936.00000 0.82273
15941.00000 0.82478
15946.00000 0.8272
15951.00000 0.82924
15956.00000 0.83181
15961.00000 0.83379
15966.00000 0.83608
15971.00000 0.83904
15976.00000 0.84151
15981.00000 0.84391
15986.00000 0.84658
15991.00000 0.84849
15996.00000 0.8514
16001.00000 0.85381
16006.00000 0.85634
16011.00000 0.85921
16016.00000 0.86153
16021.00000 0.86409
16026.00000 0.86612
16031.00000 0.86967
16036.00000 0.87216
16041.00000 0.87531
16046.00000 0.87637
16051.00000 0.87919
16056.00000 0.88074
16061.00000 0.88301
16066.00000 0.88603
16071.00000 0.88823
16076.00000 0.8903
16081.00000 0.89179
16086.00000 0.89292
16091.00000 0.89504
16096.00000 0.89704
16101.00000 0.89832
16106.00000 0.89928
16111.00000 0.90012
16116.00000 0.90167
16121.00000 0.90175
16126.00000 0.90268
16131.00000 0.90167
16136.00000 0.9026
16141.00000 0.90236
16146.00000 0.90186
16151.00000 0.90135
16156.00000 0.90054
16161.00000 0.89983
16166.00000 0.89797
16171.00000 0.89653
16176.00000 0.8953
16181.00000 0.89301
16186.00000 0.89071
16191.00000 0.88879
16196.00000 0.8858
16201.00000 0.88352
16206.00000 0.88029
16211.00000 0.87764
16216.00000 0.87476
16221.00000 0.87121
16226.00000 0.86744
16231.00000 0.86385
16236.00000 0.86025
16241.00000 0.85659
16246.00000 0.85329
16251.00000 0.84938
16256.00000 0.84475
16261.00000 0.84137
16266.00000 0.83722
16271.00000 0.83353
16276.00000 0.8296
16281.00000 0.82592
16286.00000 0.82196
16291.00000 0.8172
16296.00000 0.81315
16301.00000 0.80988
16306.00000 0.80613
16311.00000 0.80269
16316.00000 0.79928
16321.00000 0.7952
16326.00000 0.79247
16331.00000 0.78856
16336.00000 0.78583
16341.00000 0.78284
16346.00000 0.77998
16351.00000 0.77634
16356.00000 0.77287
16361.00000 0.77068
16366.00000 0.76806
16371.00000 0.76529
16376.00000 0.76301
16381.00000 0.76055
16386.00000 0.75783
16391.00000 0.75576
16396.00000 0.75412
16401.00000 0.75166
16406.00000 0.74986
16411.00000 0.74774
16416.00000 0.74577
16421.00000 0.74461
16426.00000 0.74266
16431.00000 0.74126
16436.00000 0.74016
16441.00000 0.73793
16446.00000 0.73652
16451.00000 0.73602
16456.00000 0.73384
16461.00000 0.73349
16466.00000 0.7325
16471.00000 0.73185
16476.00000 0.73139
16481.00000 0.73066
16486.00000 0.72977
16491.00000 0.73001
16496.00000 0.72879
16501.00000 0.72906
16506.00000 0.72899
16511.00000 0.72914
16516.00000 0.72894
16521.00000 0.7292
16526.00000 0.72965
16531.00000 0.72997
16536.00000 0.73063
16541.00000 0.7318
16546.00000 0.73266
16551.00000 0.73357
16556.00000 0.73482
16561.00000 0.73551
16566.00000 0.73725
16571.00000 0.73888
16576.00000 0.74104
16581.00000 0.74205
16586.00000 0.74364
16591.00000 0.74561
16596.00000 0.74813
16601.00000 0.75062
16606.00000 0.75336
16611.00000 0.75606
16616.00000 0.75835
16621.00000 0.76142
16626.00000 0.76401
16631.00000 0.76723
16636.00000 0.771
16641.00000 0.77436
16646.00000 0.77684
16651.00000 0.78147
16656.00000 0.78455
16661.00000 0.78812
16666.00000 0.79213
16671.00000 0.79675
16676.00000 0.79975
16681.00000 0.80395
16686.00000 0.80779
16691.00000 0.81171
16696.00000 0.81653
16701.00000 0.82132
16706.00000 0.82507
16711.00000 0.82855
16716.00000 0.83214
16721.00000 0.83646
16726.00000 0.84093
16731.00000 0.84525
16736.00000 0.8493
16741.00000 0.85293
16746.00000 0.85577
16751.00000 0.85944
16756.00000 0.86342
16761.00000 0.86778
16766.00000 0.87139
16771.00000 0.87477
16776.00000 0.87737
16781.00000 0.88085
16786.00000 0.8833
16791.00000 0.88647
16796.00000 0.88984
16801.00000 0.89147
16806.00000 0.89357
16811.00000 0.89569
16816.00000 0.89817
16821.00000 0.90038
16826.00000 0.90199
16831.00000 0.90339
16836.00000 0.90506
16841.00000 0.90658
16846.00000 0.90779
16851.00000 0.90908
16856.00000 0.91011
16861.00000 0.91055
16866.00000 0.91078
16871.00000 0.91137
16876.00000 0.91164
16881.00000 0.91141
16886.00000 0.91185
16891.00000 0.91163
16896.00000 0.91087
16901.00000 0.91131
16906.00000 0.91039
16911.00000 0.91016
16916.00000 0.90899
16921.00000 0.90831
16926.00000 0.90723
16931.00000 0.90643
16936.00000 0.90506
16941.00000 0.90427
16946.00000 0.90299
16951.00000 0.90143
16956.00000 0.89943
16961.00000 0.89819
16966.00000 0.89623
16971.00000 0.89459
16976.00000 0.89279
16981.00000 0.89089
16986.00000 0.8882
16991.00000 0.886
16996.00000 0.88474
17001.00000 0.8817
17006.00000 0.87956
17011.00000 0.87701
17016.00000 0.87416
17021.00000 0.87125
17026.00000 0.86965
17031.00000 0.86709
17036.00000 0.86435
17041.00000 0.86272
17046.00000 0.85913
17051.00000 0.85635
17056.00000 0.85365
17061.00000 0.85149
17066.00000 0.84851
17071.00000 0.84541
17076.00000 0.84258
17081.00000 0.84019
17086.00000 0.8376
17091.00000 0.83521
17096.00000 0.83228
17101.00000 0.83002
17106.00000 0.82763
17111.00000 0.82468
17116.00000 0.82194
17121.00000 0.82058
17126.00000 0.81764
17131.00000 0.81572
17136.00000 0.8138
17141.00000 0.81184
17146.00000 0.80972
17151.00000 0.80777
17156.00000 0.80604
17161.00000 0.80446
17166.00000 0.80282
17171.00000 0.80147
17176.00000 0.79933
17181.00000 0.79855
17186.00000 0.79737
17191.00000 0.79635
17196.00000 0.79577
17201.00000 0.79423
17206.00000 0.79381
17211.00000 0.7929
17216.00000 0.79211
17221.00000 0.79174
17226.00000 0.79161
17231.00000 0.79131
17236.00000 0.79047
17241.00000 0.79057
17246.00000 0.79055
17251.00000 0.79048
17256.00000 0.79075
17261.00000 0.79052
17266.00000 0.7912
17271.00000 0.79146
17276.00000 0.79156
17281.00000 0.79185
17286.00000 0.79213
17291.00000 0.79355
17296.00000 0.794
17301.00000 0.79406
17306.00000 0.79504
17311.00000 0.79524
17316.00000 0.7963
17321.00000 0.79711
17326.00000 0.79819
17331.00000 0.79858
17336.00000 0.79889
17341.00000 0.79933
17346.00000 0.80058
17351.00000 0.80082
17356.00000 0.80155
17361.00000 0.80254
17366.00000 0.80261
17371.00000 0.80397
17376.00000 0.80386
17381.00000 0.80474
17386.00000 0.80571
17391.00000 0.80649
17396.00000 0.80667
17401.00000 0.80778
17406.00000 0.80764
17411.00000 0.80878
17416.00000 0.80915
17421.00000 0.80889
17426.00000 0.80995
17431.00000 0.80995
17436.00000 0.811
17441.00000 0.81126
17446.00000 0.812
17451.00000 0.81218
17456.00000 0.81275
17461.00000 0.81324
17466.00000 0.81399
17471.00000 0.81441
17476.00000 0.81493
17481.00000 0.81531
17486.00000 0.81599
17491.00000 0.81623
17496.00000 0.81747
17501.00000 0.81758
17506.00000 0.81849
17511.00000 0.81931
17516.00000 0.81992
17521.00000 0.82109
17526.00000 0.82135
17531.00000 0.82247
17536.00000 0.82304
17541.00000 0.82391
17546.00000 0.82486
17551.00000 0.82597
17556.00000 0.82713
17561.00000 0.82806
17566.00000 0.8292
17571.00000 0.83031
17576.00000 0.83127
17581.00000 0.83231
17586.00000 0.83373
17591.00000 0.83452
17596.00000 0.83508
17601.00000 0.83639
17606.00000 0.83691
17611.00000 0.83723
17616.00000 0.83839
17621.00000 0.83859
17626.00000 0.83919
17631.00000 0.83897
17636.00000 0.83914
17641.00000 0.83865
17646.00000 0.83858
17651.00000 0.83771
17656.00000 0.83595
17661.00000 0.83501
17666.00000 0.83356
17671.00000 0.83081
17676.00000 0.8279
17681.00000 0.82538
17686.00000 0.82082
17691.00000 0.81714
17696.00000 0.81249
17701.00000 0.80602
17706.00000 0.79932
17711.00000 0.79199
17716.00000 0.78364
17721.00000 0.77531
17726.00000 0.76599
17731.00000 0.75541
17736.00000 0.74424
17741.00000 0.73035
17746.00000 0.71602
17751.00000 0.70271
17756.00000 0.68829
17761.00000 0.67215
17766.00000 0.65497
17771.00000 0.63548
17776.00000 0.61462
17781.00000 0.59587
17786.00000 0.57634
17791.00000 0.55694
17796.00000 0.53656
17801.00000 0.51348
17806.00000 0.4906
17811.00000 0.4675
17816.00000 0.44622
17821.00000 0.4258
17826.00000 0.40449
17831.00000 0.38275
17836.00000 0.35961
17841.00000 0.33837
17846.00000 0.31877
17851.00000 0.3006
17856.00000 0.28269
17861.00000 0.26462
17866.00000 0.24676
17871.00000 0.22919
17876.00000 0.21369
17881.00000 0.20058
17886.00000 0.18723
17891.00000 0.17405
17896.00000 0.16105
17901.00000 0.1485
17906.00000 0.13814
17911.00000 0.12861
17916.00000 0.1202
17921.00000 0.11111
17926.00000 0.10264
17931.00000 0.09465
17936.00000 0.08745
17941.00000 0.08124
17946.00000 0.07592
17951.00000 0.07053
17956.00000 0.06525
17961.00000 0.05925
17966.00000 0.05518
17971.00000 0.0511
17976.00000 0.04791
17981.00000 0.0446
17986.00000 0.04106
17991.00000 0.03798
17996.00000 0.03499
18001.00000 0.03302
18006.00000 0.02983
18011.00000 0.0285
18016.00000 0.0261
18021.00000 0.02503
18026.00000 0.02309
18031.00000 0.02131
18036.00000 0.01962
18041.00000 0.01832
18046.00000 0.01737
18051.00000 0.01588
18056.00000 0.01529
18061.00000 0.01413
18066.00000 0.01304
18071.00000 0.0126
18076.00000 0.01176
18081.00000 0.01086
18086.00000 0.01005
18091.00000 0.00957
18096.00000 0.00869
18101.00000 0.00848
18106.00000 0.008
18111.00000 0.0075
18116.00000 0.00665
18121.00000 0.0064
18126.00000 0.00612
18131.00000 0.00616
18136.00000 0.006
18141.00000 0.00519
18146.00000 0.00516
19960.59961 0.0
