threeML/data/optical_filters/CAHA/Omega2000-z.ecsv
# %ECSV 0.9
# ---
# datatype:
# - {name: wavelength, unit: Angstrom, datatype: float32}
# - {name: response, datatype: float32}
# meta: !!omap
# - {band_name: z}
# - {group_name: Omega2000}
wavelength response
7326.00000 0.0
8140.00000 0.0001284
8141.00000 0.00010788
8142.00000 0.00016562
8143.00000 0.00031334
8144.00000 0.0002471
8145.00000 0.00028675
8146.00000 0.00028055
8147.00000 0.0002911
8148.00000 0.00018718
8149.00000 0.00031617
8150.00000 0.00030526
8151.00000 0.00051761
8152.00000 0.00050368
8153.00000 0.00054297
8154.00000 0.00051938
8155.00000 0.00038494
8156.00000 0.00056546
8157.00000 0.00072925
8158.00000 0.00041609
8159.00000 0.00061265
8160.00000 0.00072082
8161.00000 0.00106882
8162.00000 0.00069767
8163.00000 0.00088522
8164.00000 0.00097007
8165.00000 0.00105524
8166.00000 0.00139998
8167.00000 0.00145168
8168.00000 0.00136394
8169.00000 0.00162034
8170.00000 0.00170295
8171.00000 0.00176074
8172.00000 0.00192733
8173.00000 0.00215162
8174.00000 0.00242472
8175.00000 0.00258244
8176.00000 0.002679
8177.00000 0.00306992
8178.00000 0.00352239
8179.00000 0.00384098
8180.00000 0.00420775
8181.00000 0.00456215
8182.00000 0.00517015
8183.00000 0.00568722
8184.00000 0.0062489
8185.00000 0.00729049
8186.00000 0.00773582
8187.00000 0.00846625
8188.00000 0.00946967
8189.00000 0.0104143
8190.00000 0.0116839
8191.00000 0.0133005
8192.00000 0.0152442
8193.00000 0.016601
8194.00000 0.0185281
8195.00000 0.0208267
8196.00000 0.0234095
8197.00000 0.0269144
8198.00000 0.0304194
8199.00000 0.034807
8200.00000 0.0376397
8201.00000 0.0437704
8202.00000 0.0493728
8203.00000 0.0557238
8204.00000 0.0630991
8205.00000 0.0712649
8206.00000 0.0825149
8207.00000 0.0950028
8208.00000 0.109157
8209.00000 0.124915
8210.00000 0.144569
8211.00000 0.166478
8212.00000 0.192184
8213.00000 0.216185
8214.00000 0.246325
8215.00000 0.279772
8216.00000 0.31861
8217.00000 0.354057
8218.00000 0.399131
8219.00000 0.442324
8220.00000 0.491835
8221.00000 0.541192
8222.00000 0.591281
8223.00000 0.635588
8224.00000 0.683169
8225.00000 0.7205
8226.00000 0.752743
8227.00000 0.784517
8228.00000 0.802911
8229.00000 0.821305
8230.00000 0.834018
8231.00000 0.844566
8232.00000 0.850223
8233.00000 0.848174
8234.00000 0.85207
8235.00000 0.847785
8236.00000 0.843956
8237.00000 0.827777
8238.00000 0.828024
8239.00000 0.830218
8240.00000 0.819593
8241.00000 0.811627
8242.00000 0.804867
8243.00000 0.799551
8244.00000 0.799966
8245.00000 0.794817
8246.00000 0.791153
8247.00000 0.792979
8248.00000 0.79137
8249.00000 0.791252
8250.00000 0.790549
8251.00000 0.793466
8252.00000 0.797236
8253.00000 0.793758
8254.00000 0.797642
8255.00000 0.805139
8256.00000 0.806539
8257.00000 0.817001
8258.00000 0.814648
8259.00000 0.82222
8260.00000 0.826097
8261.00000 0.826453
8262.00000 0.834449
8263.00000 0.844371
8264.00000 0.848216
8265.00000 0.855861
8266.00000 0.862743
8267.00000 0.869266
8268.00000 0.870823
8269.00000 0.870318
8270.00000 0.882638
8271.00000 0.886707
8272.00000 0.886268
8273.00000 0.894559
8274.00000 0.899968
8275.00000 0.901768
8276.00000 0.910859
8277.00000 0.909255
8278.00000 0.914697
8279.00000 0.922741
8280.00000 0.919458
8281.00000 0.914297
8282.00000 0.921712
8283.00000 0.931143
8284.00000 0.930754
8285.00000 0.931245
8286.00000 0.934402
8287.00000 0.937959
8288.00000 0.938974
8289.00000 0.939739
8290.00000 0.939953
8291.00000 0.934624
8292.00000 0.946101
8293.00000 0.944212
8294.00000 0.946863
8295.00000 0.937205
8296.00000 0.942705
8297.00000 0.943848
8298.00000 0.939132
8299.00000 0.939202
8300.00000 0.944635
8301.00000 0.946
8302.00000 0.949723
8303.00000 0.941178
8304.00000 0.938704
8305.00000 0.946005
8306.00000 0.94579
8307.00000 0.937408
8308.00000 0.948503
8309.00000 0.937752
8310.00000 0.945209
8311.00000 0.943041
8312.00000 0.941737
8313.00000 0.940096
8314.00000 0.947725
8315.00000 0.938481
8316.00000 0.942334
8317.00000 0.937047
8318.00000 0.939262
8319.00000 0.941158
8320.00000 0.934063
8321.00000 0.933871
8322.00000 0.934333
8323.00000 0.938292
8324.00000 0.934057
8325.00000 0.938669
8326.00000 0.932628
8327.00000 0.938287
8328.00000 0.933494
8329.00000 0.932556
8330.00000 0.929625
8331.00000 0.934391
8332.00000 0.93774
8333.00000 0.931385
8334.00000 0.93441
8335.00000 0.931311
8336.00000 0.936562
8337.00000 0.928768
8338.00000 0.926609
8339.00000 0.930682
8340.00000 0.929361
8341.00000 0.926799
8342.00000 0.924889
8343.00000 0.924584
8344.00000 0.930102
8345.00000 0.923624
8346.00000 0.92806
8347.00000 0.924557
8348.00000 0.929435
8349.00000 0.92885
8350.00000 0.926376
8351.00000 0.924424
8352.00000 0.923825
8353.00000 0.924071
8354.00000 0.931571
8355.00000 0.928124
8356.00000 0.926993
8357.00000 0.927621
8358.00000 0.921377
8359.00000 0.931409
8360.00000 0.93063
8361.00000 0.923945
8362.00000 0.926272
8363.00000 0.930896
8364.00000 0.932149
8365.00000 0.928673
8366.00000 0.92952
8367.00000 0.932575
8368.00000 0.934722
8369.00000 0.936618
8370.00000 0.929486
8371.00000 0.932872
8372.00000 0.933247
8373.00000 0.933797
8374.00000 0.938132
8375.00000 0.937493
8376.00000 0.939191
8377.00000 0.932443
8378.00000 0.940402
8379.00000 0.942457
8380.00000 0.933709
8381.00000 0.947765
8382.00000 0.934746
8383.00000 0.93966
8384.00000 0.936765
8385.00000 0.946342
8386.00000 0.938188
8387.00000 0.940113
8388.00000 0.945808
8389.00000 0.945491
8390.00000 0.948357
8391.00000 0.945989
8392.00000 0.947827
8393.00000 0.951746
8394.00000 0.945839
8395.00000 0.945626
8396.00000 0.945686
8397.00000 0.954682
8398.00000 0.95483
8399.00000 0.948976
8400.00000 0.954822
8401.00000 0.953473
8402.00000 0.950427
8403.00000 0.954844
8404.00000 0.952347
8405.00000 0.945512
8406.00000 0.950234
8407.00000 0.949633
8408.00000 0.954063
8409.00000 0.957186
8410.00000 0.950381
8411.00000 0.952611
8412.00000 0.947756
8413.00000 0.949905
8414.00000 0.947472
8415.00000 0.955393
8416.00000 0.950164
8417.00000 0.946875
8418.00000 0.945062
8419.00000 0.933701
8420.00000 0.944962
8421.00000 0.944929
8422.00000 0.939625
8423.00000 0.942266
8424.00000 0.940183
8425.00000 0.942747
8426.00000 0.938499
8427.00000 0.9314
8428.00000 0.942396
8429.00000 0.932632
8430.00000 0.922054
8431.00000 0.935152
8432.00000 0.924922
8433.00000 0.931182
8434.00000 0.927001
8435.00000 0.920508
8436.00000 0.936176
8437.00000 0.924609
8438.00000 0.918644
8439.00000 0.923004
8440.00000 0.923815
8441.00000 0.918041
8442.00000 0.922379
8443.00000 0.928419
8444.00000 0.924191
8445.00000 0.920447
8446.00000 0.918246
8447.00000 0.919963
8448.00000 0.912309
8449.00000 0.915064
8450.00000 0.921558
8451.00000 0.915474
8452.00000 0.916198
8453.00000 0.914648
8454.00000 0.916377
8455.00000 0.917542
8456.00000 0.921321
8457.00000 0.904546
8458.00000 0.921781
8459.00000 0.914836
8460.00000 0.918661
8461.00000 0.91815
8462.00000 0.922985
8463.00000 0.922707
8464.00000 0.914627
8465.00000 0.907011
8466.00000 0.913048
8467.00000 0.915122
8468.00000 0.929892
8469.00000 0.91684
8470.00000 0.923503
8471.00000 0.928106
8472.00000 0.925168
8473.00000 0.917845
8474.00000 0.919608
8475.00000 0.920434
8476.00000 0.923503
8477.00000 0.926775
8478.00000 0.927376
8479.00000 0.919753
8480.00000 0.928903
8481.00000 0.920809
8482.00000 0.916852
8483.00000 0.92073
8484.00000 0.930055
8485.00000 0.927151
8486.00000 0.937585
8487.00000 0.943097
8488.00000 0.929491
8489.00000 0.930681
8490.00000 0.937277
8491.00000 0.926301
8492.00000 0.935178
8493.00000 0.936289
8494.00000 0.936513
8495.00000 0.934877
8496.00000 0.941263
8497.00000 0.934789
8498.00000 0.937858
8499.00000 0.944825
8500.00000 0.940548
8501.00000 0.937108
8502.00000 0.942162
8503.00000 0.946965
8504.00000 0.944655
8505.00000 0.941969
8506.00000 0.933048
8507.00000 0.935393
8508.00000 0.938954
8509.00000 0.941344
8510.00000 0.931582
8511.00000 0.937752
8512.00000 0.953294
8513.00000 0.946121
8514.00000 0.93984
8515.00000 0.945268
8516.00000 0.943993
8517.00000 0.932373
8518.00000 0.937128
8519.00000 0.948305
8520.00000 0.936784
8521.00000 0.936325
8522.00000 0.932031
8523.00000 0.940199
8524.00000 0.93482
8525.00000 0.933297
8526.00000 0.941989
8527.00000 0.952676
8528.00000 0.939512
8529.00000 0.938382
8530.00000 0.93719
8531.00000 0.923667
8532.00000 0.924401
8533.00000 0.93036
8534.00000 0.92119
8535.00000 0.928398
8536.00000 0.933009
8537.00000 0.913248
8538.00000 0.925433
8539.00000 0.931992
8540.00000 0.929701
8541.00000 0.926665
8542.00000 0.919405
8543.00000 0.925302
8544.00000 0.913114
8545.00000 0.917901
8546.00000 0.912544
8547.00000 0.92082
8548.00000 0.915374
8549.00000 0.918381
8550.00000 0.910599
8551.00000 0.902001
8552.00000 0.907519
8553.00000 0.912327
8554.00000 0.906397
8555.00000 0.914102
8556.00000 0.905212
8557.00000 0.906458
8558.00000 0.912851
8559.00000 0.899869
8560.00000 0.911074
8561.00000 0.916709
8562.00000 0.903817
8563.00000 0.897463
8564.00000 0.899964
8565.00000 0.894644
8566.00000 0.888104
8567.00000 0.905786
8568.00000 0.907329
8569.00000 0.907941
8570.00000 0.89299
8571.00000 0.898767
8572.00000 0.904343
8573.00000 0.897836
8574.00000 0.906595
8575.00000 0.89548
8576.00000 0.896146
8577.00000 0.893009
8578.00000 0.901027
8579.00000 0.900695
8580.00000 0.896528
8581.00000 0.895863
8582.00000 0.911953
8583.00000 0.898472
8584.00000 0.900888
8585.00000 0.904304
8586.00000 0.914716
8587.00000 0.894836
8588.00000 0.903362
8589.00000 0.900174
8590.00000 0.895231
8591.00000 0.904739
8592.00000 0.903955
8593.00000 0.895287
8594.00000 0.917178
8595.00000 0.899318
8596.00000 0.908975
8597.00000 0.894192
8598.00000 0.908321
8599.00000 0.906659
8600.00000 0.904966
8601.00000 0.916306
8602.00000 0.906749
8603.00000 0.91306
8604.00000 0.90994
8605.00000 0.902398
8606.00000 0.927687
8607.00000 0.91419
8608.00000 0.922155
8609.00000 0.910248
8610.00000 0.910525
8611.00000 0.92817
8612.00000 0.899711
8613.00000 0.908541
8614.00000 0.916392
8615.00000 0.910621
8616.00000 0.911691
8617.00000 0.918133
8618.00000 0.916418
8619.00000 0.910246
8620.00000 0.925823
8621.00000 0.906413
8622.00000 0.916644
8623.00000 0.910173
8624.00000 0.917463
8625.00000 0.918535
8626.00000 0.927814
8627.00000 0.917351
8628.00000 0.925399
8629.00000 0.934063
8630.00000 0.930215
8631.00000 0.935098
8632.00000 0.931123
8633.00000 0.920989
8634.00000 0.919088
8635.00000 0.925931
8636.00000 0.936964
8637.00000 0.936229
8638.00000 0.936605
8639.00000 0.935308
8640.00000 0.937342
8641.00000 0.929182
8642.00000 0.920523
8643.00000 0.954656
8644.00000 0.949122
8645.00000 0.938687
8646.00000 0.928772
8647.00000 0.938726
8648.00000 0.957242
8649.00000 0.963456
8650.00000 0.935785
8651.00000 0.939931
8652.00000 0.938955
8653.00000 0.948519
8654.00000 0.934455
8655.00000 0.936027
8656.00000 0.957392
8657.00000 0.941551
8658.00000 0.937018
8659.00000 0.94965
8660.00000 0.953075
8661.00000 0.953487
8662.00000 0.941478
8663.00000 0.955061
8664.00000 0.951599
8665.00000 0.964024
8666.00000 0.954534
8667.00000 0.936734
8668.00000 0.94238
8669.00000 0.963938
8670.00000 0.945029
8671.00000 0.942851
8672.00000 0.950185
8673.00000 0.950353
8674.00000 0.966409
8675.00000 0.942566
8676.00000 0.95372
8677.00000 0.944697
8678.00000 0.952723
8679.00000 0.95951
8680.00000 0.953333
8681.00000 0.932693
8682.00000 0.947653
8683.00000 0.947035
8684.00000 0.919038
8685.00000 0.941644
8686.00000 0.925126
8687.00000 0.941969
8688.00000 0.927442
8689.00000 0.943746
8690.00000 0.919118
8691.00000 0.931769
8692.00000 0.924529
8693.00000 0.941551
8694.00000 0.929282
8695.00000 0.912566
8696.00000 0.925238
8697.00000 0.921222
8698.00000 0.916833
8699.00000 0.918633
8700.00000 0.941419
8701.00000 0.925916
8702.00000 0.916993
8703.00000 0.922598
8704.00000 0.93472
8705.00000 0.930748
8706.00000 0.908196
8707.00000 0.887989
8708.00000 0.927188
8709.00000 0.89354
8710.00000 0.926103
8711.00000 0.91336
8712.00000 0.896996
8713.00000 0.921813
8714.00000 0.919175
8715.00000 0.93366
8716.00000 0.913978
8717.00000 0.927607
8718.00000 0.916575
8719.00000 0.918317
8720.00000 0.91409
8721.00000 0.904624
8722.00000 0.91639
8723.00000 0.914489
8724.00000 0.902058
8725.00000 0.920819
8726.00000 0.912228
8727.00000 0.932255
8728.00000 0.895915
8729.00000 0.898983
8730.00000 0.919675
8731.00000 0.906325
8732.00000 0.942478
8733.00000 0.904993
8734.00000 0.904165
8735.00000 0.90613
8736.00000 0.909852
8737.00000 0.900798
8738.00000 0.920645
8739.00000 0.905779
8740.00000 0.910875
8741.00000 0.912884
8742.00000 0.905939
8743.00000 0.934677
8744.00000 0.916235
8745.00000 0.927029
8746.00000 0.934909
8747.00000 0.90476
8748.00000 0.907474
8749.00000 0.941577
8750.00000 0.926309
8751.00000 0.926004
8752.00000 0.926207
8753.00000 0.925469
8754.00000 0.925617
8755.00000 0.926271
8756.00000 0.925267
8757.00000 0.925027
8758.00000 0.926245
8759.00000 0.924793
8760.00000 0.92538
8761.00000 0.925496
8762.00000 0.925464
8763.00000 0.925139
8764.00000 0.924637
8765.00000 0.925164
8766.00000 0.92579
8767.00000 0.924122
8768.00000 0.924255
8769.00000 0.925469
8770.00000 0.923735
8771.00000 0.923954
8772.00000 0.92465
8773.00000 0.923825
8774.00000 0.924178
8775.00000 0.924099
8776.00000 0.924102
8777.00000 0.924319
8778.00000 0.92347
8779.00000 0.923577
8780.00000 0.923685
8781.00000 0.923049
8782.00000 0.924339
8783.00000 0.92366
8784.00000 0.92193
8785.00000 0.924088
8786.00000 0.923083
8787.00000 0.922563
8788.00000 0.923239
8789.00000 0.92285
8790.00000 0.923604
8791.00000 0.923181
8792.00000 0.922251
8793.00000 0.923223
8794.00000 0.923082
8795.00000 0.922485
8796.00000 0.923803
8797.00000 0.92274
8798.00000 0.922761
8799.00000 0.922891
8800.00000 0.922974
8801.00000 0.923331
8802.00000 0.92296
8803.00000 0.923099
8804.00000 0.92344
8805.00000 0.922281
8806.00000 0.923877
8807.00000 0.924179
8808.00000 0.922403
8809.00000 0.923361
8810.00000 0.924314
8811.00000 0.922882
8812.00000 0.923239
8813.00000 0.924583
8814.00000 0.923035
8815.00000 0.923464
8816.00000 0.923899
8817.00000 0.924926
8818.00000 0.924402
8819.00000 0.923731
8820.00000 0.924442
8821.00000 0.925445
8822.00000 0.923834
8823.00000 0.925178
8824.00000 0.925393
8825.00000 0.924454
8826.00000 0.925572
8827.00000 0.925472
8828.00000 0.925421
8829.00000 0.925625
8830.00000 0.925692
8831.00000 0.927142
8832.00000 0.925994
8833.00000 0.925727
8834.00000 0.927799
8835.00000 0.927369
8836.00000 0.926954
8837.00000 0.927885
8838.00000 0.928169
8839.00000 0.928106
8840.00000 0.928262
8841.00000 0.928239
8842.00000 0.929456
8843.00000 0.929069
8844.00000 0.929091
8845.00000 0.92996
8846.00000 0.929586
8847.00000 0.930382
8848.00000 0.931106
8849.00000 0.930885
8850.00000 0.931238
8851.00000 0.931362
8852.00000 0.931642
8853.00000 0.93224
8854.00000 0.932294
8855.00000 0.933235
8856.00000 0.933311
8857.00000 0.932914
8858.00000 0.934121
8859.00000 0.935106
8860.00000 0.933465
8861.00000 0.935038
8862.00000 0.93593
8863.00000 0.935482
8864.00000 0.935689
8865.00000 0.936447
8866.00000 0.936362
8867.00000 0.937238
8868.00000 0.937043
8869.00000 0.937432
8870.00000 0.938322
8871.00000 0.937716
8872.00000 0.93819
8873.00000 0.939252
8874.00000 0.939056
8875.00000 0.939468
8876.00000 0.93961
8877.00000 0.939943
8878.00000 0.940122
8879.00000 0.940385
8880.00000 0.94164
8881.00000 0.941061
8882.00000 0.941672
8883.00000 0.94253
8884.00000 0.941759
8885.00000 0.94181
8886.00000 0.943833
8887.00000 0.942813
8888.00000 0.943136
8889.00000 0.944081
8890.00000 0.943663
8891.00000 0.944354
8892.00000 0.944347
8893.00000 0.944359
8894.00000 0.946289
8895.00000 0.944995
8896.00000 0.945157
8897.00000 0.946249
8898.00000 0.9453
8899.00000 0.946864
8900.00000 0.946857
8901.00000 0.94593
8902.00000 0.946888
8903.00000 0.947427
8904.00000 0.946425
8905.00000 0.947368
8906.00000 0.947533
8907.00000 0.947608
8908.00000 0.947833
8909.00000 0.9476
8910.00000 0.94904
8911.00000 0.948511
8912.00000 0.948193
8913.00000 0.949373
8914.00000 0.94922
8915.00000 0.947942
8916.00000 0.948948
8917.00000 0.948526
8918.00000 0.949449
8919.00000 0.949858
8920.00000 0.949174
8921.00000 0.950102
8922.00000 0.949669
8923.00000 0.949862
8924.00000 0.950906
8925.00000 0.949816
8926.00000 0.949882
8927.00000 0.950949
8928.00000 0.950502
8929.00000 0.950563
8930.00000 0.950732
8931.00000 0.950515
8932.00000 0.95081
8933.00000 0.950913
8934.00000 0.951289
8935.00000 0.951323
8936.00000 0.950946
