threeML/data/optical_filters/CAHA/Omega2000-NB2144.ecsv
# %ECSV 0.9
# ---
# datatype:
# - {name: wavelength, unit: Angstrom, datatype: float32}
# - {name: response, datatype: float32}
# meta: !!omap
# - {band_name: NB2144}
# - {group_name: Omega2000}
wavelength response
19075.50000 0.0
21195.00000 0.00464585
21196.00000 0.00506019
21198.00000 0.00514921
21201.00000 0.00556523
21203.00000 0.00584015
21205.00000 0.00615027
21206.00000 0.00645545
21208.00000 0.00721168
21211.00000 0.00730317
21213.00000 0.00797199
21215.00000 0.0085091
21216.00000 0.00900433
21218.00000 0.00951692
21221.00000 0.0104233
21223.00000 0.0110284
21225.00000 0.0119518
21226.00000 0.0127532
21228.00000 0.0135483
21231.00000 0.0146653
21233.00000 0.0157287
21235.00000 0.0168668
21236.00000 0.018261
21238.00000 0.0198894
21241.00000 0.0211608
21243.00000 0.0232117
21245.00000 0.0244852
21246.00000 0.0269284
21248.00000 0.0289849
21251.00000 0.0317584
21253.00000 0.0341917
21255.00000 0.03682
21256.00000 0.0403102
21258.00000 0.0435914
21261.00000 0.0474938
21263.00000 0.0509532
21265.00000 0.0563086
21266.00000 0.060426
21268.00000 0.0671556
21271.00000 0.0718302
21273.00000 0.0799491
21275.00000 0.0863198
21276.00000 0.0945277
21278.00000 0.102348
21281.00000 0.111269
21283.00000 0.121693
21285.00000 0.132659
21286.00000 0.145085
21288.00000 0.15537
21291.00000 0.171792
21293.00000 0.183139
21295.00000 0.201876
21296.00000 0.214666
21298.00000 0.235565
21301.00000 0.251315
21303.00000 0.27413
21305.00000 0.293047
21306.00000 0.315186
21308.00000 0.33734
21311.00000 0.359768
21313.00000 0.382398
21315.00000 0.402478
21316.00000 0.432021
21318.00000 0.451458
21321.00000 0.482654
21323.00000 0.500602
21325.00000 0.533202
21326.00000 0.552423
21328.00000 0.579849
21331.00000 0.600575
21333.00000 0.624658
21335.00000 0.646263
21336.00000 0.667829
21338.00000 0.688074
21341.00000 0.706063
21343.00000 0.727083
21345.00000 0.739634
21346.00000 0.758004
21348.00000 0.768147
21351.00000 0.784926
21353.00000 0.794936
21355.00000 0.807499
21356.00000 0.815529
21358.00000 0.825272
21361.00000 0.831383
21363.00000 0.837411
21365.00000 0.842568
21366.00000 0.846605
21368.00000 0.850635
21371.00000 0.853415
21373.00000 0.855878
21375.00000 0.857988
21376.00000 0.860152
21378.00000 0.861353
21381.00000 0.86317
21383.00000 0.864014
21385.00000 0.864835
21386.00000 0.86604
21388.00000 0.866422
21391.00000 0.867279
21393.00000 0.867502
21395.00000 0.86792
21396.00000 0.868291
21398.00000 0.868572
21401.00000 0.868146
21403.00000 0.868828
21405.00000 0.869071
21406.00000 0.869271
21408.00000 0.869727
21411.00000 0.869362
21413.00000 0.869747
21415.00000 0.869262
21416.00000 0.869033
21418.00000 0.868747
21421.00000 0.867778
21423.00000 0.867376
21425.00000 0.867135
21426.00000 0.86598
21428.00000 0.865869
21431.00000 0.865131
21433.00000 0.864415
21435.00000 0.86405
21436.00000 0.863338
21438.00000 0.862205
21441.00000 0.861951
21443.00000 0.860741
21445.00000 0.860216
21446.00000 0.859206
21448.00000 0.858707
21451.00000 0.858633
21453.00000 0.858282
21455.00000 0.857698
21456.00000 0.858336
21458.00000 0.858417
21461.00000 0.858973
21463.00000 0.859526
21465.00000 0.859786
21466.00000 0.860323
21468.00000 0.860574
21471.00000 0.861042
21473.00000 0.86156
21475.00000 0.861325
21476.00000 0.861194
21478.00000 0.861435
21481.00000 0.860112
21483.00000 0.859461
21485.00000 0.857403
21486.00000 0.855957
21488.00000 0.851189
21491.00000 0.84811
21493.00000 0.841784
21495.00000 0.836068
21496.00000 0.827835
21498.00000 0.818587
21501.00000 0.808853
21503.00000 0.796982
21505.00000 0.786337
21506.00000 0.768974
21508.00000 0.756401
21511.00000 0.734887
21513.00000 0.72136
21515.00000 0.694849
21516.00000 0.678198
21518.00000 0.649794
21521.00000 0.628838
21523.00000 0.604825
21525.00000 0.577744
21526.00000 0.552439
21528.00000 0.524218
21531.00000 0.501785
21533.00000 0.471317
21535.00000 0.449804
21536.00000 0.417629
21538.00000 0.39939
21541.00000 0.366664
21543.00000 0.347947
21545.00000 0.317037
21546.00000 0.297836
21548.00000 0.272805
21551.00000 0.252871
21553.00000 0.232546
21555.00000 0.215049
21556.00000 0.199229
21558.00000 0.180963
21561.00000 0.169049
21563.00000 0.151264
21565.00000 0.142098
21566.00000 0.126995
21568.00000 0.118881
21571.00000 0.105877
21573.00000 0.0986251
21575.00000 0.0892663
21576.00000 0.0818047
21578.00000 0.0746159
21581.00000 0.0684172
21583.00000 0.0629633
21585.00000 0.0577956
21586.00000 0.0537173
21588.00000 0.0486184
21591.00000 0.0457912
21593.00000 0.0412515
21595.00000 0.038814
21596.00000 0.0348471
21598.00000 0.0328116
21601.00000 0.0298637
21603.00000 0.0278703
21605.00000 0.025815
21606.00000 0.0239663
21608.00000 0.022201
21611.00000 0.0205599
21613.00000 0.0194993
21615.00000 0.0177696
21616.00000 0.0169898
21618.00000 0.0156373
21621.00000 0.0146399
21623.00000 0.0135001
21625.00000 0.0127796
21626.00000 0.0119851
21628.00000 0.0112159
21631.00000 0.0105767
21633.00000 0.0100046
21635.00000 0.00936259
21636.00000 0.00878067
21638.00000 0.00832849
21641.00000 0.00792304
21643.00000 0.00754883
21645.00000 0.00706278
21646.00000 0.00669058
21648.00000 0.0061376
21651.00000 0.00597494
21653.00000 0.00546876
21655.00000 0.00527578
21656.00000 0.00489479
23821.59961 0.0
