threeML/data/optical_filters/CAHA/Omega2000-Pag.ecsv
# %ECSV 0.9
# ---
# datatype:
# - {name: wavelength, unit: Angstrom, datatype: float32}
# - {name: response, datatype: float32}
# meta: !!omap
# - {band_name: Pag}
# - {group_name: Omega2000}
wavelength response
9693.00000 0.0
10770.00000 0.00185
10772.00000 0.00225
10774.00000 0.00242
10776.00000 0.00206
10778.00000 0.00243
10780.00000 0.00257
10782.00000 0.00304
10784.00000 0.00217
10786.00000 0.00264
10788.00000 0.00357
10790.00000 0.00245
10792.00000 0.00315
10794.00000 0.00417
10796.00000 0.00382
10798.00000 0.00503
10800.00000 0.00562
10802.00000 0.00514
10804.00000 0.00646
10806.00000 0.00694
10808.00000 0.00813
10810.00000 0.00948
10812.00000 0.00979
10814.00000 0.00975
10816.00000 0.01009
10818.00000 0.01418
10820.00000 0.01481
10822.00000 0.01597
10824.00000 0.01673
10826.00000 0.01903
10828.00000 0.02013
10830.00000 0.02446
10832.00000 0.02847
10834.00000 0.03101
10836.00000 0.0353
10838.00000 0.03737
10840.00000 0.04548
10842.00000 0.04981
10844.00000 0.05812
10846.00000 0.06307
10848.00000 0.07502
10850.00000 0.08447
10852.00000 0.09802
10854.00000 0.10918
10856.00000 0.12663
10858.00000 0.14308
10860.00000 0.1643
10862.00000 0.18555
10864.00000 0.2103
10866.00000 0.23809
10868.00000 0.26585
10870.00000 0.29906
10872.00000 0.33002
10874.00000 0.37295
10876.00000 0.40108
10878.00000 0.44916
10880.00000 0.48349
10882.00000 0.52572
10884.00000 0.5613
10886.00000 0.60014
10888.00000 0.63283
10890.00000 0.65979
10892.00000 0.68876
10894.00000 0.71209
10896.00000 0.73151
10898.00000 0.74497
10900.00000 0.76153
10902.00000 0.76981
10904.00000 0.77831
10906.00000 0.78334
10908.00000 0.79094
10910.00000 0.79103
10912.00000 0.79384
10914.00000 0.79473
10916.00000 0.79461
10918.00000 0.79436
10920.00000 0.79173
10922.00000 0.7904
10924.00000 0.79185
10926.00000 0.78822
10928.00000 0.78716
10930.00000 0.78416
10932.00000 0.78311
10934.00000 0.77877
10936.00000 0.77936
10938.00000 0.77534
10940.00000 0.77185
10942.00000 0.76629
10944.00000 0.76218
10946.00000 0.75719
10948.00000 0.75066
10950.00000 0.74385
10952.00000 0.73094
10954.00000 0.72177
10956.00000 0.70442
10958.00000 0.69249
10960.00000 0.66828
10962.00000 0.6494
10964.00000 0.62039
10966.00000 0.59354
10968.00000 0.56152
10970.00000 0.52753
10972.00000 0.49064
10974.00000 0.45581
10976.00000 0.42227
10978.00000 0.38124
10980.00000 0.3487
10982.00000 0.31168
10984.00000 0.28593
10986.00000 0.24848
10988.00000 0.22339
10990.00000 0.19428
10992.00000 0.17379
10994.00000 0.15218
10996.00000 0.13421
10998.00000 0.11814
11000.00000 0.10477
11002.00000 0.09192
11004.00000 0.08117
11006.00000 0.07205
11008.00000 0.06308
11010.00000 0.05648
11012.00000 0.04991
11014.00000 0.04571
11016.00000 0.03825
11018.00000 0.03369
11020.00000 0.03087
11022.00000 0.0279
11024.00000 0.02497
11026.00000 0.02106
11028.00000 0.01961
11030.00000 0.01772
11032.00000 0.0159
11034.00000 0.01459
11036.00000 0.01302
11038.00000 0.01327
11040.00000 0.01066
11042.00000 0.00773
11044.00000 0.00752
11046.00000 0.0076
11048.00000 0.00598
11050.00000 0.00755
11052.00000 0.00676
11054.00000 0.00513
11056.00000 0.00539
11058.00000 0.00462
11060.00000 0.00392
11062.00000 0.0048
11064.00000 0.00474
11066.00000 0.00455
11068.00000 0.00449
11070.00000 0.00303
11072.00000 0.00245
11074.00000 0.00404
11076.00000 0.00256
11078.00000 0.00299
11080.00000 0.00398
11082.00000 0.00372
11084.00000 0.00039
11086.00000 0.00153
11088.00000 0.00339
11090.00000 0.00128
12199.00000 0.0
