threeML/data/optical_filters/CAHA/Omega2000-Methane_off.ecsv
# %ECSV 0.9
# ---
# datatype:
# - {name: wavelength, unit: Angstrom, datatype: float32}
# - {name: response, datatype: float32}
# meta: !!omap
# - {band_name: Methane_off}
# - {group_name: Omega2000}
wavelength response
13428.00000 0.0
14920.00000 0.00553
14930.00000 0.00561
14940.00000 0.0066
14950.00000 0.00756
14960.00000 0.00791
14970.00000 0.00966
14980.00000 0.01023
14990.00000 0.0117
15000.00000 0.01325
15010.00000 0.01519
15020.00000 0.01719
15030.00000 0.01941
15040.00000 0.02205
15050.00000 0.02498
15060.00000 0.028
15070.00000 0.03246
15080.00000 0.03706
15090.00000 0.04288
15100.00000 0.0491
15110.00000 0.05556
15120.00000 0.06385
15130.00000 0.07286
15140.00000 0.08411
15150.00000 0.09473
15160.00000 0.10925
15170.00000 0.12497
15180.00000 0.1417
15190.00000 0.16114
15200.00000 0.18305
15210.00000 0.20677
15220.00000 0.23264
15230.00000 0.26131
15240.00000 0.29024
15250.00000 0.3212
15260.00000 0.35382
15270.00000 0.38669
15280.00000 0.41994
15290.00000 0.45357
15300.00000 0.48537
15310.00000 0.51626
15320.00000 0.5469
15330.00000 0.57495
15340.00000 0.60128
15350.00000 0.62564
15360.00000 0.64968
15370.00000 0.6703
15380.00000 0.69129
15390.00000 0.70976
15400.00000 0.72718
15410.00000 0.74335
15420.00000 0.75856
15430.00000 0.77125
15440.00000 0.78283
15450.00000 0.79351
15460.00000 0.80244
15470.00000 0.80936
15480.00000 0.8149
15490.00000 0.81912
15500.00000 0.82245
15510.00000 0.82387
15520.00000 0.82443
15530.00000 0.82408
15540.00000 0.82241
15550.00000 0.8201
15560.00000 0.81799
15570.00000 0.81362
15580.00000 0.80976
15590.00000 0.80546
15600.00000 0.80126
15610.00000 0.79659
15620.00000 0.79233
15630.00000 0.78807
15640.00000 0.78474
15650.00000 0.78077
15660.00000 0.77844
15670.00000 0.77616
15680.00000 0.77399
15690.00000 0.77333
15700.00000 0.7721
15710.00000 0.77259
15720.00000 0.77236
15730.00000 0.77326
15740.00000 0.77423
15750.00000 0.77581
15760.00000 0.77786
15770.00000 0.77993
15780.00000 0.78284
15790.00000 0.78457
15800.00000 0.78786
15810.00000 0.79112
15820.00000 0.79427
15830.00000 0.79641
15840.00000 0.79937
15850.00000 0.80139
15860.00000 0.80361
15870.00000 0.80563
15880.00000 0.80645
15890.00000 0.80878
15900.00000 0.81001
15910.00000 0.81021
15920.00000 0.81174
15930.00000 0.81225
15940.00000 0.8132
15950.00000 0.81272
15960.00000 0.81354
15970.00000 0.81483
15980.00000 0.81422
15990.00000 0.81486
16000.00000 0.81603
16010.00000 0.8163
16020.00000 0.81761
16030.00000 0.8195
16040.00000 0.82156
16050.00000 0.82292
16060.00000 0.82524
16070.00000 0.82751
16080.00000 0.83091
16090.00000 0.83361
16100.00000 0.83779
16110.00000 0.84088
16120.00000 0.84387
16130.00000 0.84713
16140.00000 0.8499
16150.00000 0.85221
16160.00000 0.85249
16170.00000 0.85245
16180.00000 0.84966
16190.00000 0.84483
16200.00000 0.83607
16210.00000 0.82269
16220.00000 0.80434
16230.00000 0.77815
16240.00000 0.74351
16250.00000 0.70008
16260.00000 0.64592
16270.00000 0.58494
16280.00000 0.51701
16290.00000 0.4463
16300.00000 0.37729
16310.00000 0.31109
16320.00000 0.25317
16330.00000 0.2029
16340.00000 0.16115
16350.00000 0.12665
16360.00000 0.09997
16370.00000 0.0774
16380.00000 0.06131
16390.00000 0.04823
16400.00000 0.03826
16410.00000 0.0303
16420.00000 0.0241
16430.00000 0.01877
16440.00000 0.01554
16450.00000 0.01209
16460.00000 0.01066
16470.00000 0.00847
16480.00000 0.00637
16490.00000 0.00574
18139.00000 0.0
