threeML/data/optical_filters/CAHA/Omega2000-HeI_2058.ecsv
# %ECSV 0.9
# ---
# datatype:
# - {name: wavelength, unit: Angstrom, datatype: float32}
# - {name: response, datatype: float32}
# meta: !!omap
# - {band_name: HeI_2058}
# - {group_name: Omega2000}
wavelength response
18354.59961 0.0
20394.00000 0.00485337
20396.00000 0.00503212
20398.00000 0.00538489
20400.00000 0.00561001
20402.00000 0.00592116
20404.00000 0.00645713
20406.00000 0.00671947
20408.00000 0.00707683
20410.00000 0.00774238
20412.00000 0.00819467
20414.00000 0.00859886
20416.00000 0.00927153
20418.00000 0.00989561
20420.00000 0.0104978
20422.00000 0.0112054
20424.00000 0.0123075
20426.00000 0.0129442
20428.00000 0.0141467
20430.00000 0.0148234
20432.00000 0.0161264
20434.00000 0.0172318
20436.00000 0.0185736
20438.00000 0.0199076
20440.00000 0.0215008
20442.00000 0.0233321
20444.00000 0.025103
20446.00000 0.0273827
20448.00000 0.0291389
20450.00000 0.0320428
20452.00000 0.0341847
20454.00000 0.0375964
20456.00000 0.0402802
20458.00000 0.0444602
20460.00000 0.0477108
20462.00000 0.0526082
20464.00000 0.0564888
20466.00000 0.0616194
20468.00000 0.0671508
20470.00000 0.0723827
20472.00000 0.0796935
20474.00000 0.0854829
20476.00000 0.0953589
20478.00000 0.101878
20480.00000 0.11387
20482.00000 0.121495
20484.00000 0.134794
20486.00000 0.144691
20488.00000 0.159424
20490.00000 0.171648
20492.00000 0.18724
20494.00000 0.203413
20496.00000 0.22033
20498.00000 0.239383
20500.00000 0.254531
20502.00000 0.278552
20504.00000 0.294043
20506.00000 0.321727
20508.00000 0.339233
20510.00000 0.368964
20512.00000 0.388694
20514.00000 0.419603
20516.00000 0.440968
20518.00000 0.46736
20520.00000 0.492832
20522.00000 0.517818
20524.00000 0.54477
20526.00000 0.565541
20528.00000 0.596972
20530.00000 0.615272
20532.00000 0.645289
20534.00000 0.662043
20536.00000 0.689751
20538.00000 0.706569
20540.00000 0.730498
20542.00000 0.747435
20544.00000 0.765126
20546.00000 0.781807
20548.00000 0.796219
20550.00000 0.808991
20552.00000 0.819165
20554.00000 0.831027
20556.00000 0.838678
20558.00000 0.84844
20560.00000 0.854365
20562.00000 0.862673
20564.00000 0.86622
20566.00000 0.871681
20568.00000 0.874401
20570.00000 0.877526
20572.00000 0.878816
20574.00000 0.879718
20576.00000 0.881063
20578.00000 0.881149
20580.00000 0.881379
20582.00000 0.881315
20584.00000 0.880845
20586.00000 0.880585
20588.00000 0.879203
20590.00000 0.878117
20592.00000 0.876626
20594.00000 0.875244
20596.00000 0.873236
20598.00000 0.871119
20600.00000 0.869037
20602.00000 0.867232
20604.00000 0.865167
20606.00000 0.862561
20608.00000 0.861451
20610.00000 0.858977
20612.00000 0.856971
20614.00000 0.853696
20616.00000 0.851849
20618.00000 0.848845
20620.00000 0.846488
20622.00000 0.843555
20624.00000 0.841485
20626.00000 0.839107
20628.00000 0.836865
20630.00000 0.834957
20632.00000 0.833133
20634.00000 0.83199
20636.00000 0.829738
20638.00000 0.828535
20640.00000 0.82677
20642.00000 0.825851
20644.00000 0.824205
20646.00000 0.823695
20648.00000 0.8231
20650.00000 0.823239
20652.00000 0.823344
20654.00000 0.823895
20656.00000 0.824822
20658.00000 0.825692
20660.00000 0.82639
20662.00000 0.827469
20664.00000 0.828173
20666.00000 0.829522
20668.00000 0.830112
20670.00000 0.830767
20672.00000 0.831312
20674.00000 0.83221
20676.00000 0.831704
20678.00000 0.830163
20680.00000 0.829473
20682.00000 0.828055
20684.00000 0.824202
20686.00000 0.819446
20688.00000 0.812904
20690.00000 0.807701
20692.00000 0.796987
20694.00000 0.78932
20696.00000 0.774245
20698.00000 0.764576
20700.00000 0.746907
20702.00000 0.73166
20704.00000 0.711141
20706.00000 0.693816
20708.00000 0.671202
20710.00000 0.648731
20712.00000 0.626152
20714.00000 0.599459
20716.00000 0.577341
20718.00000 0.544232
20720.00000 0.524319
20722.00000 0.489414
20724.00000 0.471671
20726.00000 0.435919
20728.00000 0.414995
20730.00000 0.382744
20732.00000 0.360469
20734.00000 0.332094
20736.00000 0.308898
20738.00000 0.284871
20740.00000 0.2626
20742.00000 0.244648
20744.00000 0.221263
20746.00000 0.2072
20748.00000 0.185707
20750.00000 0.175854
20752.00000 0.156764
20754.00000 0.147932
20756.00000 0.13127
20758.00000 0.12284
20760.00000 0.110788
20762.00000 0.10246
20764.00000 0.0935394
20766.00000 0.0853851
20768.00000 0.0785367
20770.00000 0.0710592
20772.00000 0.0659825
20774.00000 0.0590754
20776.00000 0.0556034
20778.00000 0.0496301
20780.00000 0.046493
20782.00000 0.0417651
20784.00000 0.038969
20786.00000 0.0352934
20788.00000 0.0325274
20790.00000 0.0299903
20792.00000 0.0277635
20794.00000 0.02589
20796.00000 0.0238131
20798.00000 0.0224635
20800.00000 0.0203534
20802.00000 0.0192951
20804.00000 0.0174812
20806.00000 0.0165334
20808.00000 0.0151567
20810.00000 0.0141944
20812.00000 0.0130481
20814.00000 0.0122956
20816.00000 0.0113773
20818.00000 0.0107252
20820.00000 0.0101223
20822.00000 0.00938718
20824.00000 0.00886612
20826.00000 0.00830008
20828.00000 0.00779226
20830.00000 0.0073219
20832.00000 0.0070202
20834.00000 0.00639458
20836.00000 0.00617153
20838.00000 0.00563826
20840.00000 0.00538221
20842.00000 0.00508303
20844.00000 0.00475521
22928.40039 0.0
