threeML/data/optical_filters/CAHA/Omega2000-Jhigh.ecsv
# %ECSV 0.9
# ---
# datatype:
# - {name: wavelength, unit: Angstrom, datatype: float32}
# - {name: response, datatype: float32}
# meta: !!omap
# - {band_name: Jhigh}
# - {group_name: Omega2000}
wavelength response
11059.20020 0.0
12288.00000 0.00558617
12293.00000 0.00617081
12298.00000 0.00665797
12303.00000 0.00734969
12308.00000 0.00809666
12313.00000 0.00919557
12318.00000 0.0100554
12323.00000 0.0109708
12328.00000 0.0121027
12333.00000 0.0132907
12338.00000 0.0146867
12343.00000 0.016296
12348.00000 0.0180752
12353.00000 0.0199688
12358.00000 0.0219125
12363.00000 0.0240209
12368.00000 0.0265957
12373.00000 0.0295778
12378.00000 0.03297
12383.00000 0.0367386
12388.00000 0.0403544
12393.00000 0.0445154
12398.00000 0.0495073
12403.00000 0.0554676
12408.00000 0.0621354
12413.00000 0.069558
12418.00000 0.0777605
12423.00000 0.086015
12428.00000 0.0961182
12433.00000 0.108137
12438.00000 0.122208
12443.00000 0.13857
12448.00000 0.155138
12453.00000 0.172959
12458.00000 0.193149
12463.00000 0.217746
12468.00000 0.246483
12473.00000 0.278694
12478.00000 0.312007
12483.00000 0.346453
12488.00000 0.382455
12493.00000 0.422354
12498.00000 0.46548
12503.00000 0.51507
12508.00000 0.55946
12513.00000 0.601363
12518.00000 0.639198
12523.00000 0.676532
12528.00000 0.711929
12533.00000 0.745266
12538.00000 0.773194
12543.00000 0.794492
12548.00000 0.810627
12553.00000 0.823469
12558.00000 0.832927
12563.00000 0.840366
12568.00000 0.845455
12573.00000 0.847559
12578.00000 0.848686
12583.00000 0.849021
12588.00000 0.848616
12593.00000 0.848675
12598.00000 0.848634
12603.00000 0.84897
12608.00000 0.84985
12613.00000 0.851
12618.00000 0.852632
12623.00000 0.854724
12628.00000 0.856919
12633.00000 0.860451
12638.00000 0.86465
12643.00000 0.867936
12648.00000 0.872079
12653.00000 0.87662
12658.00000 0.881507
12663.00000 0.886773
12668.00000 0.891396
12673.00000 0.894995
12678.00000 0.89952
12683.00000 0.904076
12688.00000 0.907751
12693.00000 0.911678
12698.00000 0.914664
12703.00000 0.918113
12708.00000 0.920548
12713.00000 0.922217
12718.00000 0.923514
12723.00000 0.924668
12728.00000 0.925814
12733.00000 0.926441
12738.00000 0.926314
12743.00000 0.926655
12748.00000 0.926626
12753.00000 0.926275
12758.00000 0.925705
12763.00000 0.925142
12768.00000 0.924807
12773.00000 0.924641
12778.00000 0.924193
12783.00000 0.923793
12788.00000 0.922747
12793.00000 0.922267
12798.00000 0.922138
12803.00000 0.921813
12808.00000 0.921381
12813.00000 0.921307
12818.00000 0.921507
12823.00000 0.9216
12828.00000 0.921351
12833.00000 0.921625
12838.00000 0.922385
12843.00000 0.922753
12848.00000 0.923327
12853.00000 0.923514
12858.00000 0.924101
12863.00000 0.924462
12868.00000 0.925142
12873.00000 0.924676
12878.00000 0.924733
12883.00000 0.925257
12888.00000 0.92585
12893.00000 0.925847
12898.00000 0.925767
12903.00000 0.926311
12908.00000 0.926687
12913.00000 0.927008
12918.00000 0.926688
12923.00000 0.926115
12928.00000 0.925852
12933.00000 0.925999
12938.00000 0.925791
12943.00000 0.925068
12948.00000 0.924419
12953.00000 0.924573
12958.00000 0.923999
12963.00000 0.923125
12968.00000 0.922812
12973.00000 0.922346
12978.00000 0.921778
12983.00000 0.920852
12988.00000 0.920301
12993.00000 0.919737
12998.00000 0.919148
13003.00000 0.918211
13008.00000 0.917079
13013.00000 0.915823
13018.00000 0.915034
13023.00000 0.91403
13028.00000 0.91289
13033.00000 0.911172
13038.00000 0.909836
13043.00000 0.90903
13048.00000 0.907695
13053.00000 0.906817
13058.00000 0.906274
13063.00000 0.904971
13068.00000 0.904858
13073.00000 0.904384
13078.00000 0.90328
13083.00000 0.903134
13088.00000 0.903139
13093.00000 0.902793
13098.00000 0.903057
13103.00000 0.9023
13108.00000 0.902798
13113.00000 0.903322
13118.00000 0.903833
13123.00000 0.904863
13128.00000 0.905484
13133.00000 0.906522
13138.00000 0.908048
13143.00000 0.909063
13148.00000 0.909744
13153.00000 0.910843
13158.00000 0.91229
13163.00000 0.913607
13168.00000 0.914548
13173.00000 0.916147
13178.00000 0.917248
13183.00000 0.918141
13188.00000 0.919345
13193.00000 0.920316
13198.00000 0.921329
13203.00000 0.92241
13208.00000 0.922989
13213.00000 0.923262
13218.00000 0.92329
13223.00000 0.923655
13228.00000 0.923657
13233.00000 0.923211
13238.00000 0.922285
13243.00000 0.921338
13248.00000 0.920106
13253.00000 0.918204
13258.00000 0.915968
13263.00000 0.91321
13268.00000 0.909693
13273.00000 0.907193
13278.00000 0.9036
13283.00000 0.899816
13288.00000 0.895361
13293.00000 0.890351
13298.00000 0.885839
13303.00000 0.881049
13308.00000 0.876146
13313.00000 0.870552
13318.00000 0.865868
13323.00000 0.860162
13328.00000 0.853803
13333.00000 0.84865
13338.00000 0.843934
13343.00000 0.839437
13348.00000 0.834586
13353.00000 0.829658
13358.00000 0.825925
13363.00000 0.822333
13368.00000 0.819365
13373.00000 0.816362
13378.00000 0.813898
13383.00000 0.811978
13388.00000 0.809978
13393.00000 0.808438
13398.00000 0.807766
13403.00000 0.807984
13408.00000 0.808698
13413.00000 0.809399
13418.00000 0.810571
13423.00000 0.812785
13428.00000 0.815376
13433.00000 0.818498
13438.00000 0.821542
13443.00000 0.824173
13448.00000 0.827296
13453.00000 0.831485
13458.00000 0.834631
13463.00000 0.837097
13468.00000 0.83928
13473.00000 0.840907
13478.00000 0.841506
13483.00000 0.840481
13488.00000 0.837679
13493.00000 0.833605
13498.00000 0.827496
13503.00000 0.818037
13508.00000 0.805985
13513.00000 0.788305
13518.00000 0.768195
13523.00000 0.74492
13528.00000 0.720834
13533.00000 0.69216
13538.00000 0.658151
13543.00000 0.622232
13548.00000 0.583017
13553.00000 0.54307
13558.00000 0.505096
13563.00000 0.467201
13568.00000 0.429326
13573.00000 0.389532
13578.00000 0.348975
13583.00000 0.309131
13588.00000 0.274077
13593.00000 0.245999
13598.00000 0.221345
13603.00000 0.197815
13608.00000 0.172008
13613.00000 0.149003
13618.00000 0.130062
13623.00000 0.11564
13628.00000 0.102761
13633.00000 0.0908658
13638.00000 0.079378
13643.00000 0.067962
13648.00000 0.0593154
13653.00000 0.0521811
13658.00000 0.0462701
13663.00000 0.0409486
13668.00000 0.0358474
13673.00000 0.0309383
13678.00000 0.0269076
13683.00000 0.0239265
13688.00000 0.0212741
13693.00000 0.0187477
13698.00000 0.0166615
13703.00000 0.0148395
13708.00000 0.0130776
13713.00000 0.0115849
13718.00000 0.0103761
13723.00000 0.00944676
13728.00000 0.00835074
13733.00000 0.00762635
13738.00000 0.00664999
13743.00000 0.00606341
13748.00000 0.00543162
15122.79980 0.0
