threeML/data/optical_filters/CAHA/Omega2000-FeII.ecsv
# %ECSV 0.9
# ---
# datatype:
# - {name: wavelength, unit: Angstrom, datatype: float32}
# - {name: response, datatype: float32}
# meta: !!omap
# - {band_name: FeII}
# - {group_name: Omega2000}
wavelength response
11138.40039 0.0
12376.00000 0.00127
12378.00000 0.00241
12381.00000 0.00193
12384.00000 0.0019
12386.00000 0.00199
12389.00000 0.00207
12391.00000 0.00205
12394.00000 0.0027
12397.00000 0.0035
12399.00000 0.00338
12402.00000 0.00359
12404.00000 0.00389
12407.00000 0.00398
12410.00000 0.00498
12412.00000 0.00489
12415.00000 0.0057
12417.00000 0.00609
12420.00000 0.0068
12423.00000 0.00798
12425.00000 0.00893
12428.00000 0.00976
12430.00000 0.01005
12433.00000 0.01157
12436.00000 0.01324
12438.00000 0.01496
12441.00000 0.01695
12443.00000 0.01841
12446.00000 0.02155
12449.00000 0.02438
12451.00000 0.02812
12454.00000 0.03173
12456.00000 0.03596
12459.00000 0.04155
12462.00000 0.04719
12464.00000 0.05505
12467.00000 0.06378
12469.00000 0.07183
12472.00000 0.08527
12475.00000 0.09675
12477.00000 0.11367
12480.00000 0.13135
12482.00000 0.14976
12485.00000 0.17566
12488.00000 0.19914
12490.00000 0.23031
12493.00000 0.26404
12495.00000 0.29634
12498.00000 0.34321
12501.00000 0.38411
12503.00000 0.43168
12506.00000 0.47956
12508.00000 0.52191
12511.00000 0.57814
12514.00000 0.62082
12516.00000 0.66796
12519.00000 0.71036
12521.00000 0.743
12524.00000 0.7793
12527.00000 0.80397
12529.00000 0.82615
12532.00000 0.84455
12534.00000 0.857
12537.00000 0.86837
12540.00000 0.87519
12542.00000 0.88046
12545.00000 0.88381
12547.00000 0.88632
12550.00000 0.88879
12553.00000 0.88802
12555.00000 0.88938
12558.00000 0.88888
12560.00000 0.88731
12563.00000 0.88642
12566.00000 0.88524
12568.00000 0.88371
12571.00000 0.88034
12573.00000 0.87701
12576.00000 0.87223
12579.00000 0.86646
12581.00000 0.85918
12584.00000 0.85001
12586.00000 0.84107
12589.00000 0.82677
12592.00000 0.81147
12594.00000 0.79143
12597.00000 0.76947
12599.00000 0.74496
12602.00000 0.71142
12605.00000 0.6788
12607.00000 0.64153
12610.00000 0.59771
12612.00000 0.56056
12615.00000 0.50988
12618.00000 0.46542
12620.00000 0.42231
12623.00000 0.37344
12625.00000 0.33833
12628.00000 0.29446
12631.00000 0.26056
12633.00000 0.2296
12636.00000 0.19982
12638.00000 0.17705
12641.00000 0.15127
12644.00000 0.13119
12646.00000 0.11575
12649.00000 0.09919
12651.00000 0.08775
12654.00000 0.07455
12657.00000 0.06507
12659.00000 0.05728
12662.00000 0.05013
12664.00000 0.04391
12667.00000 0.03777
12670.00000 0.03373
12672.00000 0.02984
12675.00000 0.02594
12677.00000 0.02297
12680.00000 0.02002
12683.00000 0.01819
12685.00000 0.01611
12688.00000 0.01433
12690.00000 0.01254
12693.00000 0.01191
12696.00000 0.01018
12698.00000 0.00869
12701.00000 0.00805
12703.00000 0.00733
12706.00000 0.00666
12709.00000 0.00587
12711.00000 0.0059
12714.00000 0.00506
12716.00000 0.0047
12719.00000 0.00445
12722.00000 0.00391
12724.00000 0.00355
12727.00000 0.00322
12729.00000 0.00289
12732.00000 0.00259
12735.00000 0.00216
12737.00000 0.00237
12740.00000 0.0022
12742.00000 0.00252
12745.00000 0.00205
12748.00000 0.0016
14022.79980 0.0
