threeML/data/optical_filters/CAHA/Omega2000-NB2260.ecsv
# %ECSV 0.9
# ---
# datatype:
# - {name: wavelength, unit: Angstrom, datatype: float32}
# - {name: response, datatype: float32}
# meta: !!omap
# - {band_name: NB2260}
# - {group_name: Omega2000}
wavelength response
20242.80078 0.0
22492.00000 0.00471494
22494.00000 0.00514331
22496.00000 0.0053533
22498.00000 0.00577346
22500.00000 0.00600774
22502.00000 0.0065319
22504.00000 0.00696198
22506.00000 0.00734708
22508.00000 0.00779102
22510.00000 0.00836074
22512.00000 0.00908942
22514.00000 0.00960239
22516.00000 0.010307
22518.00000 0.0108333
22520.00000 0.0118759
22522.00000 0.0124787
22524.00000 0.0132956
22526.00000 0.0144277
22528.00000 0.0157026
22530.00000 0.0166797
22532.00000 0.0181117
22534.00000 0.019435
22536.00000 0.0211642
22538.00000 0.0227264
22540.00000 0.0243753
22542.00000 0.0263739
22544.00000 0.0282366
22546.00000 0.0310607
22548.00000 0.0331742
22550.00000 0.0365075
22552.00000 0.0388682
22554.00000 0.0435983
22556.00000 0.0462467
22558.00000 0.0508937
22560.00000 0.0546253
22562.00000 0.0598999
22564.00000 0.0648324
22566.00000 0.0705629
22568.00000 0.076874
22570.00000 0.0827285
22572.00000 0.0913007
22574.00000 0.0968775
22576.00000 0.107306
22578.00000 0.114264
22580.00000 0.126355
22582.00000 0.134412
22584.00000 0.148361
22586.00000 0.158975
22588.00000 0.172426
22590.00000 0.18545
22592.00000 0.199613
22594.00000 0.21374
22596.00000 0.227785
22598.00000 0.246973
22600.00000 0.26044
22602.00000 0.28289
22604.00000 0.296832
22606.00000 0.320343
22608.00000 0.335047
22610.00000 0.359611
22612.00000 0.377325
22614.00000 0.399862
22616.00000 0.419255
22618.00000 0.442097
22620.00000 0.463287
22622.00000 0.48286
22624.00000 0.50648
22626.00000 0.5229
22628.00000 0.548296
22630.00000 0.562911
22632.00000 0.589203
22634.00000 0.602686
22636.00000 0.627786
22638.00000 0.642549
22640.00000 0.663824
22642.00000 0.67797
22644.00000 0.695044
22646.00000 0.708545
22648.00000 0.722549
22650.00000 0.736548
22652.00000 0.747926
22654.00000 0.760805
22656.00000 0.769505
22658.00000 0.77971
22660.00000 0.786966
22662.00000 0.795609
22664.00000 0.800798
22666.00000 0.808913
22668.00000 0.812825
22670.00000 0.817174
22672.00000 0.821365
22674.00000 0.823831
22676.00000 0.82684
22678.00000 0.82834
22680.00000 0.829769
22682.00000 0.83092
22684.00000 0.832697
22686.00000 0.832623
22688.00000 0.833591
22690.00000 0.833367
22692.00000 0.834331
22694.00000 0.834371
22696.00000 0.83409
22698.00000 0.833611
22700.00000 0.834406
22702.00000 0.833313
22704.00000 0.833857
22706.00000 0.832383
22708.00000 0.832955
22710.00000 0.832594
22712.00000 0.83257
22714.00000 0.831737
22716.00000 0.832374
22718.00000 0.831571
22720.00000 0.832485
22722.00000 0.830565
22724.00000 0.830937
22726.00000 0.830353
22728.00000 0.828633
22730.00000 0.829602
22732.00000 0.830723
22734.00000 0.827855
22736.00000 0.827676
22738.00000 0.826402
22740.00000 0.825209
22742.00000 0.825061
22744.00000 0.824383
22746.00000 0.823623
22748.00000 0.822779
22750.00000 0.821083
22752.00000 0.819792
22754.00000 0.819745
22756.00000 0.818275
22758.00000 0.817232
22760.00000 0.815966
22762.00000 0.814926
22764.00000 0.814491
22766.00000 0.81246
22768.00000 0.811827
22770.00000 0.809478
22772.00000 0.809464
22774.00000 0.80835
22776.00000 0.806383
22778.00000 0.803826
22780.00000 0.802461
22782.00000 0.800242
22784.00000 0.797519
22786.00000 0.79509
22788.00000 0.790986
22790.00000 0.789263
22792.00000 0.783105
22794.00000 0.778869
22796.00000 0.771772
22798.00000 0.767117
22800.00000 0.758264
22802.00000 0.751456
22804.00000 0.740041
22806.00000 0.731622
22808.00000 0.719061
22810.00000 0.707496
22812.00000 0.69325
22814.00000 0.678826
22816.00000 0.664797
22818.00000 0.646257
22820.00000 0.632332
22822.00000 0.609386
22824.00000 0.593087
22826.00000 0.568014
22828.00000 0.550897
22830.00000 0.525527
22832.00000 0.506181
22834.00000 0.481623
22836.00000 0.460942
22838.00000 0.437232
22840.00000 0.414781
22842.00000 0.392777
22844.00000 0.367935
22846.00000 0.348599
22848.00000 0.323124
22850.00000 0.306497
22852.00000 0.280967
22854.00000 0.265462
22856.00000 0.24234
22858.00000 0.227344
22860.00000 0.207916
22862.00000 0.193806
22864.00000 0.177823
22866.00000 0.164616
22868.00000 0.149938
22870.00000 0.138628
22872.00000 0.129403
22874.00000 0.117017
22876.00000 0.108702
22878.00000 0.0975984
22880.00000 0.0911007
22882.00000 0.08198
22884.00000 0.0764784
22886.00000 0.069361
22888.00000 0.0643419
22890.00000 0.0588319
22892.00000 0.0546366
22894.00000 0.0500382
22896.00000 0.0461052
22898.00000 0.0426837
22900.00000 0.0392076
22902.00000 0.0366067
22904.00000 0.0333424
22906.00000 0.0315416
22908.00000 0.0285091
22910.00000 0.0268239
22912.00000 0.0245359
22914.00000 0.0229166
22916.00000 0.0215584
22918.00000 0.0198935
22920.00000 0.0184801
22922.00000 0.0173328
22924.00000 0.0162094
22926.00000 0.0150382
22928.00000 0.0142394
22930.00000 0.0131245
22932.00000 0.0124871
22934.00000 0.0113257
22936.00000 0.0108603
22938.00000 0.01011
22940.00000 0.00964231
22942.00000 0.00892162
22944.00000 0.00840952
22946.00000 0.0079196
22948.00000 0.00740194
22950.00000 0.00703161
22952.00000 0.00660626
22954.00000 0.00637433
22956.00000 0.00573803
22958.00000 0.00563572
22960.00000 0.00531065
22962.00000 0.00504348
22964.00000 0.00459224
25260.40039 0.0
