threeML/data/optical_filters/CAHA/Omega2000-H2_2248.ecsv
# %ECSV 0.9
# ---
# datatype:
# - {name: wavelength, unit: Angstrom, datatype: float32}
# - {name: response, datatype: float32}
# meta: !!omap
# - {band_name: H2_2248}
# - {group_name: Omega2000}
wavelength response
20027.69922 0.0
22253.00000 0.00460522
22255.00000 0.0061182
22257.00000 0.00526754
22259.00000 0.00624946
22261.00000 0.00693869
22263.00000 0.00704024
22265.00000 0.0084494
22267.00000 0.00849555
22269.00000 0.0091023
22271.00000 0.00786025
22273.00000 0.00952583
22275.00000 0.00971985
22277.00000 0.0104435
22279.00000 0.0122773
22281.00000 0.0123408
22283.00000 0.0126014
22285.00000 0.0135095
22287.00000 0.0157533
22289.00000 0.016366
22291.00000 0.0163414
22293.00000 0.0176231
22295.00000 0.0192838
22297.00000 0.0195497
22299.00000 0.022495
22301.00000 0.0242617
22303.00000 0.0261007
22305.00000 0.0278589
22307.00000 0.0300764
22309.00000 0.0320438
22311.00000 0.0338797
22313.00000 0.0381186
22315.00000 0.0409378
22317.00000 0.0435092
22319.00000 0.0470582
22321.00000 0.0517354
22323.00000 0.0548775
22325.00000 0.059624
22327.00000 0.0640509
22329.00000 0.0696717
22331.00000 0.074915
22333.00000 0.0804286
22335.00000 0.0872959
22337.00000 0.0929239
22339.00000 0.101473
22341.00000 0.108136
22343.00000 0.118349
22345.00000 0.126788
22347.00000 0.137986
22349.00000 0.147297
22351.00000 0.159422
22353.00000 0.168971
22355.00000 0.182946
22357.00000 0.196325
22359.00000 0.210692
22361.00000 0.224522
22363.00000 0.238945
22365.00000 0.255646
22367.00000 0.27004
22369.00000 0.290673
22371.00000 0.3039
22373.00000 0.32534
22375.00000 0.341946
22377.00000 0.362866
22379.00000 0.379638
22381.00000 0.401507
22383.00000 0.417247
22385.00000 0.436089
22387.00000 0.453594
22389.00000 0.470408
22391.00000 0.486836
22393.00000 0.501131
22395.00000 0.518255
22397.00000 0.529422
22399.00000 0.544691
22401.00000 0.55447
22403.00000 0.566744
22405.00000 0.57464
22407.00000 0.584171
22409.00000 0.590398
22411.00000 0.597199
22413.00000 0.602166
22415.00000 0.607048
22417.00000 0.610467
22419.00000 0.613517
22421.00000 0.616762
22423.00000 0.618465
22425.00000 0.621109
22427.00000 0.622162
22429.00000 0.623352
22431.00000 0.624421
22433.00000 0.62469
22435.00000 0.62516
22437.00000 0.625691
22439.00000 0.626039
22441.00000 0.627167
22443.00000 0.627891
22445.00000 0.629115
22447.00000 0.629263
22449.00000 0.630182
22451.00000 0.631098
22453.00000 0.631075
22455.00000 0.632369
22457.00000 0.632806
22459.00000 0.633732
22461.00000 0.634529
22463.00000 0.636089
22465.00000 0.636992
22467.00000 0.638181
22469.00000 0.638793
22471.00000 0.639497
22473.00000 0.640127
22475.00000 0.641135
22477.00000 0.641933
22479.00000 0.642882
22481.00000 0.643729
22483.00000 0.644051
22485.00000 0.64471
22487.00000 0.645456
22489.00000 0.646037
22491.00000 0.646309
22493.00000 0.646267
22495.00000 0.646442
22497.00000 0.646475
22499.00000 0.646832
22501.00000 0.647175
22503.00000 0.648048
22505.00000 0.648447
22507.00000 0.650016
22509.00000 0.649439
22511.00000 0.651652
22513.00000 0.651274
22515.00000 0.652727
22517.00000 0.653666
22519.00000 0.655093
22521.00000 0.655943
22523.00000 0.659232
22525.00000 0.660369
22527.00000 0.663759
22529.00000 0.664555
22531.00000 0.669506
22533.00000 0.66564
22535.00000 0.6712
22537.00000 0.673469
22539.00000 0.675362
22541.00000 0.677248
22543.00000 0.679094
22545.00000 0.681327
22547.00000 0.68328
22549.00000 0.685513
22551.00000 0.68596
22553.00000 0.686982
22555.00000 0.687808
22557.00000 0.687343
22559.00000 0.685777
22561.00000 0.684497
22563.00000 0.680556
22565.00000 0.676859
22567.00000 0.669538
22569.00000 0.663879
22571.00000 0.653571
22573.00000 0.644517
22575.00000 0.630809
22577.00000 0.619472
22579.00000 0.605557
22581.00000 0.587024
22583.00000 0.57042
22585.00000 0.548446
22587.00000 0.531101
22589.00000 0.503091
22591.00000 0.485283
22593.00000 0.456267
22595.00000 0.437827
22597.00000 0.407164
22599.00000 0.386783
22601.00000 0.358934
22603.00000 0.33653
22605.00000 0.311991
22607.00000 0.290008
22609.00000 0.269965
22611.00000 0.247986
22613.00000 0.232461
22615.00000 0.209183
22617.00000 0.1961
22619.00000 0.175853
22621.00000 0.164551
22623.00000 0.147155
22625.00000 0.137734
22627.00000 0.124426
22629.00000 0.115276
22631.00000 0.10466
22633.00000 0.0961594
22635.00000 0.088378
22637.00000 0.0807567
22639.00000 0.0747789
22641.00000 0.0680688
22643.00000 0.0644154
22645.00000 0.0577402
22647.00000 0.0536683
22649.00000 0.0485689
22651.00000 0.0462777
22653.00000 0.041621
22655.00000 0.0389687
22657.00000 0.0351193
22659.00000 0.0337078
22661.00000 0.0311261
22663.00000 0.0288044
22665.00000 0.0267745
22667.00000 0.0247337
22669.00000 0.0239532
22671.00000 0.0209606
22673.00000 0.0206305
22675.00000 0.0188604
22677.00000 0.0170955
22679.00000 0.0153761
22681.00000 0.0157399
22683.00000 0.0139547
22685.00000 0.0137867
22687.00000 0.0131148
22689.00000 0.0117657
22691.00000 0.0104308
22693.00000 0.0105942
22695.00000 0.00938771
22697.00000 0.00873903
22699.00000 0.00980508
22701.00000 0.00760143
22703.00000 0.00669432
22705.00000 0.00773269
22707.00000 0.00763423
22709.00000 0.00678603
22711.00000 0.00581526
22713.00000 0.00593456
22715.00000 0.00551904
22717.00000 0.00486789
24988.69922 0.0
