threeML/data/optical_filters/CAHA/Omega2000-z.ecsv
# %ECSV 0.9
# ---
# datatype:
# - {name: wavelength, unit: Angstrom, datatype: float32}
# - {name: response, datatype: float32}
# meta: !!omap
# - {band_name: z}
# - {group_name: Omega2000}
wavelength response
[from data line 1604]
9743.00000 0.95841
9744.00000 0.957516
9745.00000 0.958382
9746.00000 0.957692
9747.00000 0.956242
9748.00000 0.956459
9749.00000 0.955484
9750.00000 0.955764
9751.00000 0.956173
9752.00000 0.953806
9753.00000 0.953988
9754.00000 0.953911
9755.00000 0.951304
9756.00000 0.952145
9757.00000 0.951823
9758.00000 0.949636
9759.00000 0.949363
9760.00000 0.947527
9761.00000 0.947884
9762.00000 0.946471
9763.00000 0.944798
9764.00000 0.944028
9765.00000 0.943146
9766.00000 0.941782
9767.00000 0.940533
9768.00000 0.938432
9769.00000 0.936896
9770.00000 0.936332
9771.00000 0.934871
9772.00000 0.932108
9773.00000 0.93057
9774.00000 0.928985
9775.00000 0.927806
9776.00000 0.924812
9777.00000 0.922602
9778.00000 0.922027
9779.00000 0.918658
9780.00000 0.916134
9781.00000 0.914715
9782.00000 0.912033
9783.00000 0.909609
9784.00000 0.905576
9785.00000 0.903201
9786.00000 0.901039
9787.00000 0.898011
9788.00000 0.894867
9789.00000 0.891786
9790.00000 0.887969
9791.00000 0.885036
9792.00000 0.882068
9793.00000 0.87656
9794.00000 0.87257
9795.00000 0.869533
9796.00000 0.865842
9797.00000 0.861824
9798.00000 0.856637
9799.00000 0.852143
9800.00000 0.848928
9801.00000 0.843045
9802.00000 0.837405
9803.00000 0.833121
9804.00000 0.827695
9805.00000 0.823322
9806.00000 0.819645
9807.00000 0.812672
9808.00000 0.80646
9809.00000 0.800533
9810.00000 0.793886
9811.00000 0.787724
9812.00000 0.781335
9813.00000 0.775315
9814.00000 0.770828
9815.00000 0.762151
9816.00000 0.75591
9817.00000 0.749733
9818.00000 0.74149
9819.00000 0.733731
9820.00000 0.726295
9821.00000 0.71835
9822.00000 0.71361
9823.00000 0.704905
9824.00000 0.696908
9825.00000 0.688923
9826.00000 0.68083
9827.00000 0.67257
9828.00000 0.66276
9829.00000 0.653574
9830.00000 0.647026
9831.00000 0.639606
9832.00000 0.629611
9833.00000 0.622661
9834.00000 0.613056
9835.00000 0.604613
9836.00000 0.595755
9837.00000 0.585169
9838.00000 0.576673
9839.00000 0.570274
9840.00000 0.561182
9841.00000 0.55157
9842.00000 0.542202
9843.00000 0.532794
9844.00000 0.524753
9845.00000 0.512257
9846.00000 0.503203
9847.00000 0.495955
9848.00000 0.486619
9849.00000 0.477522
9850.00000 0.469703
9851.00000 0.459913
9852.00000 0.451018
9853.00000 0.442416
9854.00000 0.431542
9855.00000 0.422713
9856.00000 0.414915
9857.00000 0.40866
9858.00000 0.398949
9859.00000 0.389354
9860.00000 0.380884
9861.00000 0.373743
9862.00000 0.363684
9863.00000 0.353511
9864.00000 0.345463
9865.00000 0.339396
9866.00000 0.331303
9867.00000 0.32312
9868.00000 0.315174
9869.00000 0.307849
9870.00000 0.300584
9871.00000 0.292094
9872.00000 0.284719
9873.00000 0.278951
9874.00000 0.272822
9875.00000 0.265403
9876.00000 0.258084
9877.00000 0.251649
9878.00000 0.245322
9879.00000 0.238522
9880.00000 0.230529
9881.00000 0.225171
9882.00000 0.219583
9883.00000 0.214194
9884.00000 0.207874
9885.00000 0.202389
9886.00000 0.196389
9887.00000 0.191514
9888.00000 0.185018
9889.00000 0.179666
9890.00000 0.175437
9891.00000 0.171092
9892.00000 0.167097
9893.00000 0.16139
9894.00000 0.15634
9895.00000 0.152564
9896.00000 0.148418
9897.00000 0.143117
9898.00000 0.138511
9899.00000 0.135328
9900.00000 0.131822
9901.00000 0.127908
9902.00000 0.123746
9903.00000 0.12008
9904.00000 0.11731
9905.00000 0.113094
9906.00000 0.109334
9907.00000 0.106663
9908.00000 0.104006
9909.00000 0.101291
9910.00000 0.0977998
9911.00000 0.0947434
9912.00000 0.092493
9913.00000 0.0898673
9914.00000 0.0862539
9915.00000 0.0838464
9916.00000 0.0814924
9917.00000 0.0795051
9918.00000 0.0773356
9919.00000 0.0748416
9920.00000 0.0724032
9921.00000 0.0707214
9922.00000 0.0683098
9923.00000 0.0659349
9924.00000 0.0641132
9925.00000 0.0626564
9926.00000 0.0611219
9927.00000 0.0588507
9928.00000 0.0570709
9929.00000 0.0556057
9930.00000 0.0541096
9931.00000 0.0522234
9932.00000 0.0504523
9933.00000 0.048993
9934.00000 0.0477437
9935.00000 0.0466439
9936.00000 0.045159
9937.00000 0.0436858
9938.00000 0.0426403
9939.00000 0.041392
9940.00000 0.0399759
9941.00000 0.0387715
9942.00000 0.0378703
9943.00000 0.0369273
9944.00000 0.0359082
9945.00000 0.0347219
9946.00000 0.0336999
9947.00000 0.0329051
9948.00000 0.031783
9949.00000 0.0307271
9950.00000 0.0298398
9951.00000 0.0290063
9952.00000 0.0284372
9953.00000 0.0275391
9954.00000 0.0266849
9955.00000 0.0260512
9956.00000 0.0253644
9957.00000 0.0245164
9958.00000 0.0238825
9959.00000 0.0230996
9960.00000 0.0226747
9961.00000 0.0221888
9962.00000 0.0213364
9963.00000 0.0208037
9964.00000 0.0202551
9965.00000 0.0196332
9966.00000 0.0190529
9967.00000 0.0184383
9968.00000 0.0179976
9969.00000 0.0176099
9970.00000 0.0170724
9971.00000 0.0166419
9972.00000 0.0162302
9973.00000 0.0157858
9974.00000 0.0152775
9975.00000 0.0149168
9976.00000 0.0144691
9977.00000 0.0141574
9978.00000 0.0138633
9979.00000 0.0134837
9980.00000 0.013055
9981.00000 0.0127416
9982.00000 0.0124441
9983.00000 0.0120108
9984.00000 0.0116659
9985.00000 0.0114151
9986.00000 0.0110552
9987.00000 0.0108213
9988.00000 0.0105684
9989.00000 0.0103065
9990.00000 0.00998666
9991.00000 0.00983237
9992.00000 0.00944264
9993.00000 0.0092008
9994.00000 0.00906415
9995.00000 0.00884531
9996.00000 0.00860532
9997.00000 0.0084168
9998.00000 0.00811015
9999.00000 0.00803017
10000.00000 0.00773809
10001.00000 0.00746084
10002.00000 0.00732411
10003.00000 0.00719275
10004.00000 0.0070928
10005.00000 0.00692078
10006.00000 0.00664705
10007.00000 0.00648005
10008.00000 0.00635601
10009.00000 0.00621715
10010.00000 0.00602513
10011.00000 0.00592781
10012.00000 0.00577324
10013.00000 0.00563973
10014.00000 0.00548305
10015.00000 0.00534576
10016.00000 0.0052631
10017.00000 0.00512547
10018.00000 0.00486943
10019.00000 0.00484724
10020.00000 0.00469683
10021.00000 0.00460955
10022.00000 0.00451805
10023.00000 0.00439978
10024.00000 0.00432458
10025.00000 0.00423949
10026.00000 0.00405726
10027.00000 0.00397781
10028.00000 0.00388944
10029.00000 0.00381007
10030.00000 0.00381014
10031.00000 0.00366265
10032.00000 0.00358817
10033.00000 0.00347353
10034.00000 0.0033982
10035.00000 0.0033005
10036.00000 0.0031856
10037.00000 0.00321737
10038.00000 0.00308677
10039.00000 0.00307945
10040.00000 0.00301432
10041.00000 0.00288849
10042.00000 0.00286357
10043.00000 0.00274631
10044.00000 0.00270046
10045.00000 0.002631
10046.00000 0.00256984
10047.00000 0.00252547
10048.00000 0.00251977
10049.00000 0.00243103
10050.00000 0.00237411
10051.00000 0.00239916
10052.00000 0.00228545
10053.00000 0.00219276
10054.00000 0.00216405
10055.00000 0.00212135
10056.00000 0.00208984
10057.00000 0.00204189
10058.00000 0.00196245
11063.79980 0.0
