threeML/data/optical_filters/CAHA/Omega2000-FeII_1644.ecsv
# %ECSV 0.9
# ---
# datatype:
# - {name: wavelength, unit: Angstrom, datatype: float32}
# - {name: response, datatype: float32}
# meta: !!omap
# - {band_name: FeII_1644}
# - {group_name: Omega2000}
wavelength response
14634.00000 0.0
16260.00000 0.00523313
16262.50000 0.00571786
16265.00000 0.00648695
16267.50000 0.00713027
16270.00000 0.00822432
16272.50000 0.00918392
16275.00000 0.0103958
16277.50000 0.0118909
16280.00000 0.0132257
16282.50000 0.0154071
16285.00000 0.0171964
16287.50000 0.0195805
16290.00000 0.0226473
16292.50000 0.0257384
16295.00000 0.030044
16297.50000 0.0335032
16300.00000 0.0394401
16302.50000 0.0445891
16305.00000 0.0519734
16307.50000 0.0604404
16310.00000 0.0679624
16312.50000 0.0798277
16315.00000 0.0891109
16317.50000 0.103889
16320.00000 0.118237
16322.50000 0.134171
16325.00000 0.155414
16327.50000 0.171893
16330.00000 0.197565
16332.50000 0.217938
16335.00000 0.247223
16337.50000 0.27572
16340.00000 0.302581
16342.50000 0.337563
16345.00000 0.362738
16347.50000 0.400362
16350.00000 0.430602
16352.50000 0.463265
16355.00000 0.49696
16357.50000 0.522769
16360.00000 0.557162
16362.50000 0.579259
16365.00000 0.608397
16367.50000 0.630153
16370.00000 0.651623
16372.50000 0.671877
16375.00000 0.684973
16377.50000 0.701686
16380.00000 0.712633
16382.50000 0.722567
16385.00000 0.730739
16387.50000 0.737947
16390.00000 0.744425
16392.50000 0.747195
16395.00000 0.751426
16397.50000 0.754316
16400.00000 0.755863
16402.50000 0.756899
16405.00000 0.758306
16407.50000 0.759882
16410.00000 0.759727
16412.50000 0.759754
16415.00000 0.759632
16417.50000 0.758991
16420.00000 0.757868
16422.50000 0.757532
16425.00000 0.756553
16427.50000 0.754563
16430.00000 0.752381
16432.50000 0.7508
16435.00000 0.749323
16437.50000 0.746796
16440.00000 0.744677
16442.50000 0.741137
16445.00000 0.737444
16447.50000 0.731311
16450.00000 0.726204
16452.50000 0.721562
16455.00000 0.711748
16457.50000 0.70458
16460.00000 0.690702
16462.50000 0.676801
16465.00000 0.660873
16467.50000 0.640095
16470.00000 0.624089
16472.50000 0.596906
16475.00000 0.574408
16477.50000 0.544555
16480.00000 0.512849
16482.50000 0.483285
16485.00000 0.445938
16487.50000 0.41987
16490.00000 0.38063
16492.50000 0.349663
16495.00000 0.31598
16497.50000 0.280629
16500.00000 0.255098
16502.50000 0.22235
16505.00000 0.2003
16507.50000 0.172763
16510.00000 0.151485
16512.50000 0.131902
16515.00000 0.112324
16517.50000 0.0995642
16520.00000 0.0841247
16522.50000 0.0740393
16525.00000 0.0630248
16527.50000 0.0540847
16530.00000 0.0473638
16532.50000 0.0400212
16535.00000 0.0356964
16537.50000 0.0304108
16540.00000 0.0267932
16542.50000 0.0234574
16545.00000 0.0202376
16547.50000 0.0181642
16550.00000 0.015617
16552.50000 0.0140878
16555.00000 0.0122672
16557.50000 0.0108056
16560.00000 0.00981387
16562.50000 0.00860089
16565.00000 0.00790973
16567.50000 0.0070488
16570.00000 0.00634867
16572.50000 0.00562085
18229.75000 0.0
