threeML/data/optical_filters/CAHA/Omega2000-NB1207.ecsv
# %ECSV 0.9
# ---
# datatype:
# - {name: wavelength, unit: Angstrom, datatype: float32}
# - {name: response, datatype: float32}
# meta: !!omap
# - {band_name: NB1207}
# - {group_name: Omega2000}
wavelength response
10685.70020 0.0
11873.00000 0.00072
11874.00000 0.00245
11875.00000 0.00029
11876.00000 0.00236
11877.00000 0.00191
11878.00000 0.00164
11879.00000 0.00236
11880.00000 0.00208
11881.00000 0.00087
11882.00000 0.00288
11883.00000 0.00087
11884.00000 0.00255
11885.00000 0.00106
11886.00000 0.00258
11887.00000 0.00202
11888.00000 0.00231
11889.00000 0.0008
11890.00000 0.00236
11891.00000 0.00121
11892.00000 0.00248
11893.00000 0.00231
11894.00000 0.0036
11895.00000 0.00223
11896.00000 0.00303
11897.00000 0.00273
11898.00000 0.00281
11899.00000 0.00308
11900.00000 0.0037
11901.00000 0.0022
11902.00000 0.0032
11903.00000 0.00217
11904.00000 0.00268
11905.00000 0.00424
11906.00000 0.00228
11907.00000 0.00318
11908.00000 0.00301
11909.00000 0.00313
11910.00000 0.00491
11911.00000 0.00535
11912.00000 0.0039
11913.00000 0.00484
11914.00000 0.00366
11915.00000 0.00376
11916.00000 0.00475
11917.00000 0.00512
11918.00000 0.00519
11919.00000 0.00494
11920.00000 0.00474
11921.00000 0.00447
11922.00000 0.0051
11923.00000 0.00671
11924.00000 0.00603
11925.00000 0.00592
11926.00000 0.00781
11927.00000 0.00677
11928.00000 0.00716
11929.00000 0.00792
11930.00000 0.00893
11931.00000 0.0083
11932.00000 0.00958
11933.00000 0.00858
11934.00000 0.01008
11935.00000 0.00977
11936.00000 0.01159
11937.00000 0.01079
11938.00000 0.01182
11939.00000 0.01164
11940.00000 0.0125
11941.00000 0.01358
11942.00000 0.01417
11943.00000 0.01607
11944.00000 0.01494
11945.00000 0.01681
11946.00000 0.01622
11947.00000 0.0179
11948.00000 0.01829
11949.00000 0.02046
11950.00000 0.02136
11951.00000 0.02092
11952.00000 0.02239
11953.00000 0.02364
11954.00000 0.02444
11955.00000 0.02621
11956.00000 0.02651
11957.00000 0.03049
11958.00000 0.03073
11959.00000 0.03183
11960.00000 0.03297
11961.00000 0.03699
11962.00000 0.03846
11963.00000 0.03985
11964.00000 0.04154
11965.00000 0.04629
11966.00000 0.04761
11967.00000 0.05074
11968.00000 0.05311
11969.00000 0.05723
11970.00000 0.06011
11971.00000 0.06427
11972.00000 0.06661
11973.00000 0.07152
11974.00000 0.07573
11975.00000 0.08145
11976.00000 0.08706
11977.00000 0.08996
11978.00000 0.09455
11979.00000 0.1025
11980.00000 0.10626
11981.00000 0.11264
11982.00000 0.11896
11983.00000 0.1275
11984.00000 0.13628
11985.00000 0.14542
11986.00000 0.15201
11987.00000 0.16303
11988.00000 0.17308
11989.00000 0.18268
11990.00000 0.19291
11991.00000 0.20604
11992.00000 0.21806
11993.00000 0.23023
11994.00000 0.23972
11995.00000 0.25586
11996.00000 0.27179
11997.00000 0.28629
11998.00000 0.30176
11999.00000 0.31679
12000.00000 0.3341
12001.00000 0.3521
12002.00000 0.36829
12003.00000 0.3847
12004.00000 0.40675
12005.00000 0.42617
12006.00000 0.44347
12007.00000 0.46038
12008.00000 0.48036
12009.00000 0.50128
12010.00000 0.51847
12011.00000 0.53521
12012.00000 0.55232
12013.00000 0.57406
12014.00000 0.59243
12015.00000 0.60834
12016.00000 0.62253
12017.00000 0.64433
12018.00000 0.66122
12019.00000 0.67454
12020.00000 0.68655
12021.00000 0.7051
12022.00000 0.71879
12023.00000 0.73057
12024.00000 0.73851
12025.00000 0.75168
12026.00000 0.76229
12027.00000 0.77082
12028.00000 0.77724
12029.00000 0.78414
12030.00000 0.79121
12031.00000 0.79846
12032.00000 0.79962
12033.00000 0.80318
12034.00000 0.80852
12035.00000 0.80936
12036.00000 0.81055
12037.00000 0.81373
12038.00000 0.81533
12039.00000 0.8163
12040.00000 0.81452
12041.00000 0.81511
12042.00000 0.81523
12043.00000 0.81465
12044.00000 0.8141
12045.00000 0.81289
12046.00000 0.81423
12047.00000 0.81257
12048.00000 0.81037
12049.00000 0.81054
12050.00000 0.80864
12051.00000 0.80715
12052.00000 0.80736
12053.00000 0.80316
12054.00000 0.80257
12055.00000 0.80112
12056.00000 0.79817
12057.00000 0.79703
12058.00000 0.79553
12059.00000 0.79381
12060.00000 0.79302
12061.00000 0.78992
12062.00000 0.78933
12063.00000 0.78895
12064.00000 0.78563
12065.00000 0.78386
12066.00000 0.78165
12067.00000 0.78179
12068.00000 0.77874
12069.00000 0.77643
12070.00000 0.7728
12071.00000 0.77118
12072.00000 0.77139
12073.00000 0.76633
12074.00000 0.76233
12075.00000 0.76143
12076.00000 0.75724
12077.00000 0.75536
12078.00000 0.75054
12079.00000 0.74593
12080.00000 0.74057
12081.00000 0.73878
12082.00000 0.73227
12083.00000 0.72721
12084.00000 0.72453
12085.00000 0.71979
12086.00000 0.7129
12087.00000 0.70559
12088.00000 0.69988
12089.00000 0.69429
12090.00000 0.68634
12091.00000 0.68049
12092.00000 0.67127
12093.00000 0.66554
12094.00000 0.65895
12095.00000 0.6486
12096.00000 0.63972
12097.00000 0.63027
12098.00000 0.62315
12099.00000 0.61048
12100.00000 0.60095
12101.00000 0.58889
12102.00000 0.57819
12103.00000 0.5676
12104.00000 0.55267
12105.00000 0.53699
12106.00000 0.52577
12107.00000 0.51341
12108.00000 0.49636
12109.00000 0.47769
12110.00000 0.46384
12111.00000 0.45178
12112.00000 0.43408
12113.00000 0.41663
12114.00000 0.40171
12115.00000 0.39023
12116.00000 0.37385
12117.00000 0.35617
12118.00000 0.34295
12119.00000 0.32924
12120.00000 0.31693
12121.00000 0.30198
12122.00000 0.2863
12123.00000 0.27573
12124.00000 0.26466
12125.00000 0.24854
12126.00000 0.23701
12127.00000 0.2252
12128.00000 0.21744
12129.00000 0.20597
12130.00000 0.19292
12131.00000 0.18452
12132.00000 0.17693
12133.00000 0.16832
12134.00000 0.15792
12135.00000 0.1493
12136.00000 0.14247
12137.00000 0.13573
12138.00000 0.12793
12139.00000 0.11897
12140.00000 0.11375
12141.00000 0.10812
12142.00000 0.10149
12143.00000 0.09696
12144.00000 0.09189
12145.00000 0.08598
12146.00000 0.08281
12147.00000 0.07595
12148.00000 0.07355
12149.00000 0.07043
12150.00000 0.06633
12151.00000 0.06185
12152.00000 0.05763
12153.00000 0.05691
12154.00000 0.05446
12155.00000 0.05082
12156.00000 0.04635
12157.00000 0.04554
12158.00000 0.04413
12159.00000 0.04092
12160.00000 0.03972
12161.00000 0.03604
12162.00000 0.03409
12163.00000 0.03316
12164.00000 0.0318
12165.00000 0.03042
12166.00000 0.02788
12167.00000 0.02785
12168.00000 0.02605
12169.00000 0.02522
12170.00000 0.02173
12171.00000 0.02175
12172.00000 0.0223
12173.00000 0.02052
12174.00000 0.02087
12175.00000 0.01758
12176.00000 0.01691
12177.00000 0.01797
12178.00000 0.0158
12179.00000 0.01607
12180.00000 0.01448
12181.00000 0.01376
12182.00000 0.0127
12183.00000 0.01389
12184.00000 0.01208
12185.00000 0.01336
12186.00000 0.01172
12187.00000 0.01119
12188.00000 0.0102
12189.00000 0.01047
12190.00000 0.00903
12191.00000 0.00993
12192.00000 0.00849
12193.00000 0.0092
12194.00000 0.00821
12195.00000 0.00833
12196.00000 0.00744
12197.00000 0.00717
12198.00000 0.00637
12199.00000 0.0068
12200.00000 0.0055
12201.00000 0.0083
12202.00000 0.00673
12203.00000 0.00537
12204.00000 0.00567
12205.00000 0.00581
12206.00000 0.00632
12207.00000 0.00567
12208.00000 0.00504
12209.00000 0.00577
12210.00000 0.00528
12211.00000 0.00345
12212.00000 0.00414
12213.00000 0.00419
12214.00000 0.00449
12215.00000 0.00323
12216.00000 0.0042
12217.00000 0.00378
12218.00000 0.00411
12219.00000 0.00286
12220.00000 0.003
12221.00000 0.00298
12222.00000 0.00185
12223.00000 0.00361
12224.00000 0.00358
12225.00000 0.00354
12226.00000 0.00359
12227.00000 0.00292
12228.00000 0.00249
12229.00000 0.00313
12230.00000 0.00241
12231.00000 0.00278
12232.00000 0.00249
12233.00000 0.00137
13456.29980 0.0
