threeML/data/optical_filters/CAHA/Omega2000-CO.ecsv
# %ECSV 0.9
# ---
# datatype:
# - {name: wavelength, unit: Angstrom, datatype: float32}
# - {name: response, datatype: float32}
# meta: !!omap
# - {band_name: CO}
# - {group_name: Omega2000}
wavelength response
20354.40039 0.0
22616.00000 0.00498533
22618.00000 0.00525393
22620.00000 0.00555719
22622.00000 0.00579291
22624.00000 0.00616194
22626.00000 0.00654726
22628.00000 0.00695827
22630.00000 0.00718958
22632.00000 0.00773555
22634.00000 0.00819554
22636.00000 0.00868566
22638.00000 0.0090317
22640.00000 0.00974932
22642.00000 0.0103654
22644.00000 0.0108804
22646.00000 0.0116917
22648.00000 0.0123946
22650.00000 0.0134857
22652.00000 0.0138788
22654.00000 0.0152194
22656.00000 0.0160258
22658.00000 0.0174883
22660.00000 0.0185009
22662.00000 0.0199152
22664.00000 0.0212387
22666.00000 0.0228142
22668.00000 0.0243572
22670.00000 0.0259388
22672.00000 0.0279516
22674.00000 0.0297329
22676.00000 0.0326433
22678.00000 0.0342754
22680.00000 0.0377438
22682.00000 0.0398671
22684.00000 0.0440167
22686.00000 0.0469338
22688.00000 0.0510003
22690.00000 0.0547317
22692.00000 0.0594224
22694.00000 0.064216
22696.00000 0.0693903
22698.00000 0.0751651
22700.00000 0.0806226
22702.00000 0.088183
22704.00000 0.0927518
22706.00000 0.103116
22708.00000 0.10963
22710.00000 0.121213
22712.00000 0.129075
22714.00000 0.14136
22716.00000 0.151476
22718.00000 0.166092
22720.00000 0.176998
22722.00000 0.19135
22724.00000 0.206874
22726.00000 0.222117
22728.00000 0.24082
22730.00000 0.25435
22732.00000 0.277784
22734.00000 0.293658
22736.00000 0.319117
22738.00000 0.335918
22740.00000 0.362421
22742.00000 0.382842
22744.00000 0.411243
22746.00000 0.432644
22748.00000 0.458758
22750.00000 0.483642
22752.00000 0.509438
22754.00000 0.534499
22756.00000 0.554267
22758.00000 0.585749
22760.00000 0.60671
22762.00000 0.637224
22764.00000 0.656097
22766.00000 0.683167
22768.00000 0.701389
22770.00000 0.724774
22772.00000 0.74091
22774.00000 0.759771
22776.00000 0.776385
22778.00000 0.792229
22780.00000 0.80583
22782.00000 0.816845
22784.00000 0.830416
22786.00000 0.83765
22788.00000 0.849024
22790.00000 0.853819
22792.00000 0.860966
22794.00000 0.865426
22796.00000 0.870019
22798.00000 0.872563
22800.00000 0.874909
22802.00000 0.876304
22804.00000 0.876901
22806.00000 0.877755
22808.00000 0.878222
22810.00000 0.877663
22812.00000 0.877659
22814.00000 0.87673
22816.00000 0.877012
22818.00000 0.875651
22820.00000 0.875528
22822.00000 0.874517
22824.00000 0.874182
22826.00000 0.873275
22828.00000 0.872963
22830.00000 0.872006
22832.00000 0.871974
22834.00000 0.871035
22836.00000 0.87076
22838.00000 0.870571
22840.00000 0.8702
22842.00000 0.869866
22844.00000 0.870177
22846.00000 0.869448
22848.00000 0.869363
22850.00000 0.869141
22852.00000 0.86907
22854.00000 0.868588
22856.00000 0.868015
22858.00000 0.867538
22860.00000 0.867095
22862.00000 0.865954
22864.00000 0.865304
22866.00000 0.863924
22868.00000 0.863014
22870.00000 0.861705
22872.00000 0.861027
22874.00000 0.859051
22876.00000 0.858453
22878.00000 0.856498
22880.00000 0.855878
22882.00000 0.854044
22884.00000 0.852549
22886.00000 0.85135
22888.00000 0.850063
22890.00000 0.8488
22892.00000 0.847451
22894.00000 0.845791
22896.00000 0.844364
22898.00000 0.843329
22900.00000 0.841867
22902.00000 0.840868
22904.00000 0.83971
22906.00000 0.838924
22908.00000 0.837745
22910.00000 0.836758
22912.00000 0.835875
22914.00000 0.834789
22916.00000 0.833725
22918.00000 0.8324
22920.00000 0.830952
22922.00000 0.828791
22924.00000 0.826908
22926.00000 0.823712
22928.00000 0.821186
22930.00000 0.816659
22932.00000 0.812257
22934.00000 0.806136
22936.00000 0.801003
22938.00000 0.79351
22940.00000 0.785557
22942.00000 0.776415
22944.00000 0.766166
22946.00000 0.756275
22948.00000 0.741414
22950.00000 0.729207
22952.00000 0.71002
22954.00000 0.69566
22956.00000 0.674011
22958.00000 0.656631
22960.00000 0.633223
22962.00000 0.614708
22964.00000 0.589487
22966.00000 0.567399
22968.00000 0.541644
22970.00000 0.516424
22972.00000 0.493397
22974.00000 0.46515
22976.00000 0.442971
22978.00000 0.415618
22980.00000 0.396028
22982.00000 0.367293
22984.00000 0.345547
22986.00000 0.318505
22988.00000 0.299347
22990.00000 0.276628
22992.00000 0.258182
22994.00000 0.238698
22996.00000 0.22197
22998.00000 0.206881
23000.00000 0.189562
23002.00000 0.176964
23004.00000 0.159688
23006.00000 0.149876
23008.00000 0.135183
23010.00000 0.12654
23012.00000 0.114925
23014.00000 0.107378
23016.00000 0.0981067
23018.00000 0.0910179
23020.00000 0.0837106
23022.00000 0.0773748
23024.00000 0.0714935
23026.00000 0.0656274
23028.00000 0.0612376
23030.00000 0.0559713
23032.00000 0.0527095
23034.00000 0.0479223
23036.00000 0.0450239
23038.00000 0.0410161
23040.00000 0.0386414
23042.00000 0.0352592
23044.00000 0.033191
23046.00000 0.0307178
23048.00000 0.0289814
23050.00000 0.0269291
23052.00000 0.0248413
23054.00000 0.0233378
23056.00000 0.0217336
23058.00000 0.020558
23060.00000 0.018692
23062.00000 0.0179298
23064.00000 0.0164421
23066.00000 0.0155497
23068.00000 0.0145369
23070.00000 0.0135729
23072.00000 0.0129279
23074.00000 0.0120156
23076.00000 0.0112708
23078.00000 0.0105952
23080.00000 0.010179
23082.00000 0.00963435
23084.00000 0.00929211
23086.00000 0.00852721
23088.00000 0.00807777
23090.00000 0.00768322
23092.00000 0.00743515
23094.00000 0.00693636
23096.00000 0.00662275
23098.00000 0.00604201
23100.00000 0.00570866
23102.00000 0.00560187
23104.00000 0.00524092
23106.00000 0.00513038
23108.00000 0.00486004
25418.80078 0.0
