threeML/data/optical_filters/CAHA/Omega2000-Kprime.ecsv
# %ECSV 0.9
# ---
# datatype:
# - {name: wavelength, unit: Angstrom, datatype: float32}
# - {name: response, datatype: float32}
# meta: !!omap
# - {band_name: Kprime}
# - {group_name: Omega2000}
wavelength response
16940.69922 0.0
18823.00000 0.00424
18833.00000 0.00522
18843.00000 0.00492
18853.00000 0.00622
18863.00000 0.00613
18873.00000 0.00676
18883.00000 0.00786
18893.00000 0.00866
18903.00000 0.00939
18913.00000 0.01027
18923.00000 0.01136
18933.00000 0.0116
18943.00000 0.0134
18953.00000 0.01451
18963.00000 0.01567
18973.00000 0.01682
18983.00000 0.01768
18993.00000 0.01978
19003.00000 0.02105
19013.00000 0.02253
19023.00000 0.02564
19033.00000 0.02882
19043.00000 0.03238
19053.00000 0.03719
19063.00000 0.0415
19073.00000 0.0466
19083.00000 0.05271
19093.00000 0.06197
19103.00000 0.0706
19113.00000 0.08003
19123.00000 0.09038
19133.00000 0.1031
19143.00000 0.11542
19153.00000 0.12843
19163.00000 0.14343
19173.00000 0.1583
19183.00000 0.17305
19193.00000 0.18863
19203.00000 0.20462
19213.00000 0.22002
19223.00000 0.23782
19233.00000 0.25646
19243.00000 0.27684
19253.00000 0.30094
19263.00000 0.32469
19273.00000 0.35361
19283.00000 0.38972
19293.00000 0.42549
19303.00000 0.46756
19313.00000 0.51318
19323.00000 0.55915
19333.00000 0.60757
19343.00000 0.65475
19353.00000 0.6964
19363.00000 0.73563
19373.00000 0.76757
19383.00000 0.79138
19393.00000 0.80771
19403.00000 0.81744
19413.00000 0.82049
19423.00000 0.8195
19433.00000 0.81584
19443.00000 0.81113
19453.00000 0.80593
19463.00000 0.80289
19473.00000 0.80012
19483.00000 0.79799
19493.00000 0.79825
19503.00000 0.8
19513.00000 0.80086
19523.00000 0.80382
19533.00000 0.80472
19543.00000 0.80699
19553.00000 0.80783
19563.00000 0.80881
19573.00000 0.80764
19583.00000 0.80527
19593.00000 0.8033
19603.00000 0.79954
19613.00000 0.7952
19623.00000 0.78995
19633.00000 0.78545
19643.00000 0.78025
19653.00000 0.77594
19663.00000 0.77216
19673.00000 0.7698
19683.00000 0.76794
19693.00000 0.76728
19703.00000 0.76727
19713.00000 0.76966
19723.00000 0.77285
19733.00000 0.77637
19743.00000 0.78195
19753.00000 0.78818
19763.00000 0.79513
19773.00000 0.80239
19783.00000 0.81033
19793.00000 0.81937
19803.00000 0.82806
19813.00000 0.83646
19823.00000 0.84466
19833.00000 0.85244
19843.00000 0.85968
19853.00000 0.86649
19863.00000 0.87291
19873.00000 0.87668
19883.00000 0.88171
19893.00000 0.88418
19903.00000 0.88654
19913.00000 0.88684
19923.00000 0.8876
19933.00000 0.88628
19943.00000 0.88565
19953.00000 0.88313
19963.00000 0.88112
19973.00000 0.87813
19983.00000 0.87511
19993.00000 0.87167
20003.00000 0.86759
20013.00000 0.86354
20023.00000 0.85992
20033.00000 0.85657
20043.00000 0.85196
20053.00000 0.84945
20063.00000 0.8457
20073.00000 0.84297
20083.00000 0.83975
20093.00000 0.83755
20103.00000 0.83516
20113.00000 0.83202
20123.00000 0.82989
20133.00000 0.82792
20143.00000 0.82543
20153.00000 0.82261
20163.00000 0.82034
20173.00000 0.81784
20183.00000 0.81584
20193.00000 0.81289
20203.00000 0.81054
20213.00000 0.80736
20223.00000 0.8054
20233.00000 0.80277
20243.00000 0.80069
20253.00000 0.79923
20263.00000 0.79761
20273.00000 0.79658
20283.00000 0.79646
20293.00000 0.79746
20303.00000 0.79785
20313.00000 0.79911
20323.00000 0.8014
20333.00000 0.8043
20343.00000 0.80753
20353.00000 0.81173
20363.00000 0.81668
20373.00000 0.82134
20383.00000 0.82806
20393.00000 0.83393
20403.00000 0.83986
20413.00000 0.84692
20423.00000 0.85374
20433.00000 0.86115
20443.00000 0.86867
20453.00000 0.87537
20463.00000 0.88341
20473.00000 0.89018
20483.00000 0.89696
20493.00000 0.90245
20503.00000 0.90799
20513.00000 0.9126
20523.00000 0.91631
20533.00000 0.91878
20543.00000 0.91982
20553.00000 0.92089
20563.00000 0.91987
20573.00000 0.91771
20583.00000 0.91456
20593.00000 0.91126
20603.00000 0.90574
20613.00000 0.89956
20623.00000 0.89318
20633.00000 0.88496
20643.00000 0.87705
20653.00000 0.8685
20663.00000 0.85978
20673.00000 0.84995
20683.00000 0.84035
20693.00000 0.83097
20703.00000 0.82072
20713.00000 0.81174
20723.00000 0.80233
20733.00000 0.79361
20743.00000 0.78478
20753.00000 0.77616
20763.00000 0.76829
20773.00000 0.76056
20783.00000 0.75408
20793.00000 0.74795
20803.00000 0.74236
20813.00000 0.73826
20823.00000 0.73437
20833.00000 0.7308
20843.00000 0.72891
20853.00000 0.72747
20863.00000 0.72725
20873.00000 0.72831
20883.00000 0.73005
20893.00000 0.73289
20903.00000 0.73576
20913.00000 0.73912
20923.00000 0.74427
20933.00000 0.74974
20943.00000 0.75577
20953.00000 0.76164
20963.00000 0.76879
20973.00000 0.7761
20983.00000 0.78327
20993.00000 0.79049
21003.00000 0.79763
21013.00000 0.80523
21023.00000 0.81252
21033.00000 0.81914
21043.00000 0.82556
21053.00000 0.83111
21063.00000 0.83624
21073.00000 0.84133
21083.00000 0.84493
21093.00000 0.84846
21103.00000 0.85188
21113.00000 0.85339
21123.00000 0.85506
21133.00000 0.85651
21143.00000 0.85785
21153.00000 0.85788
21163.00000 0.85744
21173.00000 0.85772
21183.00000 0.85744
21193.00000 0.85758
21203.00000 0.85651
21213.00000 0.85658
21223.00000 0.85524
21233.00000 0.85541
21243.00000 0.85623
21253.00000 0.85534
21263.00000 0.8551
21273.00000 0.8553
21283.00000 0.85512
21293.00000 0.85551
21303.00000 0.85522
21313.00000 0.85577
21323.00000 0.85618
21333.00000 0.8554
21343.00000 0.85534
21353.00000 0.85518
21363.00000 0.85496
21373.00000 0.85564
21383.00000 0.85416
21393.00000 0.85422
21403.00000 0.85257
21413.00000 0.85246
21423.00000 0.85232
21433.00000 0.85077
21443.00000 0.84919
21453.00000 0.84862
21463.00000 0.8476
21473.00000 0.84628
21483.00000 0.84512
21493.00000 0.84343
21503.00000 0.84287
21513.00000 0.84221
21523.00000 0.84099
21533.00000 0.84025
21543.00000 0.8396
21553.00000 0.83968
21563.00000 0.83943
21573.00000 0.83996
21583.00000 0.84052
21593.00000 0.84192
21603.00000 0.84304
21613.00000 0.84457
21623.00000 0.84615
21633.00000 0.84832
21643.00000 0.85044
21653.00000 0.85229
21663.00000 0.85389
21673.00000 0.85621
21683.00000 0.85846
21693.00000 0.86003
21703.00000 0.86056
21713.00000 0.86075
21723.00000 0.8614
21733.00000 0.86079
21743.00000 0.86037
21753.00000 0.85817
21763.00000 0.85473
21773.00000 0.85183
21783.00000 0.84735
21793.00000 0.84081
21803.00000 0.83475
21813.00000 0.82678
21823.00000 0.8187
21833.00000 0.8094
21843.00000 0.7984
21853.00000 0.7885
21863.00000 0.77719
21873.00000 0.76576
21883.00000 0.75417
21893.00000 0.74187
21903.00000 0.73109
21913.00000 0.72013
21923.00000 0.70954
21933.00000 0.69975
21943.00000 0.69164
21953.00000 0.68403
21963.00000 0.67729
21973.00000 0.67104
21983.00000 0.66675
21993.00000 0.66408
22003.00000 0.6612
22013.00000 0.65985
22023.00000 0.65941
22033.00000 0.6598
22043.00000 0.66144
22053.00000 0.66337
22063.00000 0.66671
22073.00000 0.67072
22083.00000 0.67543
22093.00000 0.68086
22103.00000 0.68617
22113.00000 0.69194
22123.00000 0.69897
22133.00000 0.70588
22143.00000 0.71338
22153.00000 0.72009
22163.00000 0.72713
22173.00000 0.73464
22183.00000 0.74223
22193.00000 0.74903
22203.00000 0.75482
22213.00000 0.76101
22223.00000 0.76662
22233.00000 0.77182
22243.00000 0.77539
22253.00000 0.77852
22263.00000 0.78092
22273.00000 0.78324
22283.00000 0.78357
22293.00000 0.78319
22303.00000 0.78213
22313.00000 0.78022
22323.00000 0.77685
22333.00000 0.77324
22343.00000 0.76866
22353.00000 0.76403
22363.00000 0.75901
22373.00000 0.75373
22383.00000 0.74691
22393.00000 0.74118
22403.00000 0.73626
22413.00000 0.73038
22423.00000 0.72522
22433.00000 0.71938
22443.00000 0.71474
22453.00000 0.71126
22463.00000 0.70697
22473.00000 0.70252
22483.00000 0.69975
22493.00000 0.69822
22503.00000 0.69519
22513.00000 0.69275
22523.00000 0.69305
22533.00000 0.69294
22543.00000 0.69349
22553.00000 0.69362
22563.00000 0.69643
22573.00000 0.69839
22583.00000 0.70032
22593.00000 0.70446
22603.00000 0.7089
22613.00000 0.71304
22623.00000 0.71634
22633.00000 0.72003
22643.00000 0.72207
22653.00000 0.72329
22663.00000 0.72298
22673.00000 0.72078
22683.00000 0.71578
22693.00000 0.70872
22703.00000 0.69971
22713.00000 0.68722
22723.00000 0.67096
22733.00000 0.65333
22743.00000 0.63222
22753.00000 0.60785
22763.00000 0.58085
22773.00000 0.5531
22783.00000 0.52366
22793.00000 0.48924
22803.00000 0.46087
22813.00000 0.42935
22823.00000 0.39499
22833.00000 0.36686
22843.00000 0.33977
22853.00000 0.30882
22863.00000 0.28473
22873.00000 0.26249
22883.00000 0.23639
22893.00000 0.21337
22903.00000 0.195
22913.00000 0.17287
22923.00000 0.15225
22933.00000 0.13677
22943.00000 0.12076
22953.00000 0.10409
22963.00000 0.0925
22973.00000 0.08181
22983.00000 0.06969
22993.00000 0.06077
23003.00000 0.05388
23013.00000 0.04592
23023.00000 0.03993
23033.00000 0.03591
23043.00000 0.02986
23053.00000 0.02576
23063.00000 0.02342
23073.00000 0.0195
23083.00000 0.01673
23093.00000 0.01479
23103.00000 0.01336
23113.00000 0.01155
23123.00000 0.01029
23133.00000 0.00882
23143.00000 0.00754
23153.00000 0.00737
23163.00000 0.00621
23173.00000 0.00504
23183.00000 0.00483
25501.30078 0.0
