threeML/data/optical_filters/CAHA/Omega2000-NB1710.ecsv
# %ECSV 0.9
# ---
# datatype:
# - {name: wavelength, unit: Angstrom, datatype: float32}
# - {name: response, datatype: float32}
# meta: !!omap
# - {band_name: NB1710}
# - {group_name: Omega2000}
wavelength response
15237.00000 0.0
16930.00000 0.00628
16931.00000 0.00541
16932.00000 0.00613
16933.00000 0.00654
16934.00000 0.0062
16935.00000 0.00759
16936.00000 0.00821
16937.00000 0.0088
16938.00000 0.00816
16939.00000 0.00818
16940.00000 0.00752
16941.00000 0.00889
16942.00000 0.01037
16943.00000 0.01155
16944.00000 0.01024
16945.00000 0.01171
16946.00000 0.01208
16947.00000 0.01236
16948.00000 0.01373
16949.00000 0.01518
16950.00000 0.01488
16951.00000 0.01437
16952.00000 0.01621
16953.00000 0.0169
16954.00000 0.01819
16955.00000 0.01764
16956.00000 0.01936
16957.00000 0.0218
16958.00000 0.0212
16959.00000 0.02189
16960.00000 0.0233
16961.00000 0.02539
16962.00000 0.02535
16963.00000 0.02765
16964.00000 0.02929
16965.00000 0.02906
16966.00000 0.03289
16967.00000 0.03309
16968.00000 0.03669
16969.00000 0.03736
16970.00000 0.04055
16971.00000 0.04366
16972.00000 0.0453
16973.00000 0.04658
16974.00000 0.05048
16975.00000 0.05299
16976.00000 0.05559
16977.00000 0.05976
16978.00000 0.06151
16979.00000 0.0672
16980.00000 0.07093
16981.00000 0.07517
16982.00000 0.07725
16983.00000 0.0837
16984.00000 0.0897
16985.00000 0.09342
16986.00000 0.09775
16987.00000 0.10408
16988.00000 0.10886
16989.00000 0.11538
16990.00000 0.12332
16991.00000 0.12892
16992.00000 0.13595
16993.00000 0.14623
16994.00000 0.1528
16995.00000 0.16021
16996.00000 0.17035
16997.00000 0.18093
16998.00000 0.1909
16999.00000 0.1981
17000.00000 0.21012
17001.00000 0.22271
17002.00000 0.23386
17003.00000 0.24399
17004.00000 0.25735
17005.00000 0.2699
17006.00000 0.2847
17007.00000 0.29631
17008.00000 0.3079
17009.00000 0.32559
17010.00000 0.34145
17011.00000 0.35511
17012.00000 0.36816
17013.00000 0.3854
17014.00000 0.40104
17015.00000 0.41719
17016.00000 0.43128
17017.00000 0.44805
17018.00000 0.46751
17019.00000 0.48178
17020.00000 0.49663
17021.00000 0.511
17022.00000 0.52947
17023.00000 0.54738
17024.00000 0.56111
17025.00000 0.57163
17026.00000 0.58926
17027.00000 0.60303
17028.00000 0.61681
17029.00000 0.62707
17030.00000 0.63943
17031.00000 0.65011
17032.00000 0.66327
17033.00000 0.67322
17034.00000 0.68305
17035.00000 0.69299
17036.00000 0.70281
17037.00000 0.7104
17038.00000 0.71644
17039.00000 0.72423
17040.00000 0.73131
17041.00000 0.73716
17042.00000 0.7413
17043.00000 0.74652
17044.00000 0.75193
17045.00000 0.75455
17046.00000 0.75914
17047.00000 0.76302
17048.00000 0.76594
17049.00000 0.76961
17050.00000 0.7716
17051.00000 0.77186
17052.00000 0.77636
17053.00000 0.77904
17054.00000 0.77978
17055.00000 0.78068
17056.00000 0.78468
17057.00000 0.78436
17058.00000 0.78525
17059.00000 0.7866
17060.00000 0.78812
17061.00000 0.78943
17062.00000 0.7897
17063.00000 0.79173
17064.00000 0.79151
17065.00000 0.79113
17066.00000 0.79291
17067.00000 0.79525
17068.00000 0.79636
17069.00000 0.79737
17070.00000 0.79723
17071.00000 0.7981
17072.00000 0.80018
17073.00000 0.8006
17074.00000 0.79996
17075.00000 0.80199
17076.00000 0.80322
17077.00000 0.80487
17078.00000 0.80339
17079.00000 0.80596
17080.00000 0.80642
17081.00000 0.80698
17082.00000 0.80925
17083.00000 0.81024
17084.00000 0.80996
17085.00000 0.80949
17086.00000 0.81124
17087.00000 0.81244
17088.00000 0.81305
17089.00000 0.81195
17090.00000 0.81416
17091.00000 0.81294
17092.00000 0.81347
17093.00000 0.81519
17094.00000 0.81418
17095.00000 0.8146
17096.00000 0.81428
17097.00000 0.81607
17098.00000 0.81388
17099.00000 0.81362
17100.00000 0.81365
17101.00000 0.81242
17102.00000 0.81324
17103.00000 0.81224
17104.00000 0.81226
17105.00000 0.81239
17106.00000 0.81127
17107.00000 0.80884
17108.00000 0.81032
17109.00000 0.80969
17110.00000 0.8057
17111.00000 0.8067
17112.00000 0.80423
17113.00000 0.80355
17114.00000 0.80339
17115.00000 0.80203
17116.00000 0.80112
17117.00000 0.80042
17118.00000 0.79782
17119.00000 0.79859
17120.00000 0.79798
17121.00000 0.7962
17122.00000 0.79349
17123.00000 0.79356
17124.00000 0.79151
17125.00000 0.79084
17126.00000 0.78828
17127.00000 0.78638
17128.00000 0.78594
17129.00000 0.78475
17130.00000 0.78081
17131.00000 0.77831
17132.00000 0.77544
17133.00000 0.77409
17134.00000 0.76954
17135.00000 0.76558
17136.00000 0.76452
17137.00000 0.75942
17138.00000 0.75582
17139.00000 0.75052
17140.00000 0.7443
17141.00000 0.74072
17142.00000 0.73288
17143.00000 0.72496
17144.00000 0.71806
17145.00000 0.70895
17146.00000 0.70124
17147.00000 0.69206
17148.00000 0.68065
17149.00000 0.67038
17150.00000 0.65875
17151.00000 0.64666
17152.00000 0.63324
17153.00000 0.61863
17154.00000 0.60532
17155.00000 0.59416
17156.00000 0.57546
17157.00000 0.55876
17158.00000 0.54107
17159.00000 0.52798
17160.00000 0.50869
17161.00000 0.48904
17162.00000 0.47322
17163.00000 0.46049
17164.00000 0.43977
17165.00000 0.42259
17166.00000 0.40352
17167.00000 0.39228
17168.00000 0.37593
17169.00000 0.35824
17170.00000 0.33817
17171.00000 0.32708
17172.00000 0.3122
17173.00000 0.2954
17174.00000 0.2788
17175.00000 0.26683
17176.00000 0.2546
17177.00000 0.24212
17178.00000 0.22653
17179.00000 0.21427
17180.00000 0.20593
17181.00000 0.19503
17182.00000 0.18355
17183.00000 0.17317
17184.00000 0.16472
17185.00000 0.15733
17186.00000 0.14857
17187.00000 0.13839
17188.00000 0.13384
17189.00000 0.12672
17190.00000 0.11851
17191.00000 0.11278
17192.00000 0.10723
17193.00000 0.10134
17194.00000 0.09639
17195.00000 0.08893
17196.00000 0.08382
17197.00000 0.08141
17198.00000 0.07758
17199.00000 0.07269
17200.00000 0.06799
17201.00000 0.06426
17202.00000 0.06248
17203.00000 0.05914
17204.00000 0.0552
17205.00000 0.05092
17206.00000 0.05017
17207.00000 0.04733
17208.00000 0.04522
17209.00000 0.04239
17210.00000 0.04107
17211.00000 0.03817
17212.00000 0.03615
17213.00000 0.03493
17214.00000 0.03305
17215.00000 0.03043
17216.00000 0.02988
17217.00000 0.02792
17218.00000 0.0253
17219.00000 0.02594
17220.00000 0.02379
17221.00000 0.02367
17222.00000 0.02057
17223.00000 0.0206
17224.00000 0.02087
17225.00000 0.01879
17226.00000 0.018
17227.00000 0.01684
17228.00000 0.01653
17229.00000 0.0163
17230.00000 0.01499
17231.00000 0.01396
17232.00000 0.01434
17233.00000 0.01438
17234.00000 0.01125
17235.00000 0.01272
17236.00000 0.01251
17237.00000 0.01195
17238.00000 0.01086
17239.00000 0.01062
17240.00000 0.00892
17241.00000 0.0109
17242.00000 0.00769
17243.00000 0.0082
17244.00000 0.00734
17245.00000 0.00833
17246.00000 0.0071
17247.00000 0.00668
17248.00000 0.00616
17249.00000 0.0059
17250.00000 0.00575
17251.00000 0.00724
17252.00000 0.00676
17253.00000 0.00562
18978.30078 0.0
