threeML/data/optical_filters/CAHA/Omega2000-Brg.ecsv
# %ECSV 0.9
# ---
# datatype:
# - {name: wavelength, unit: Angstrom, datatype: float32}
# - {name: response, datatype: float32}
# meta: !!omap
# - {band_name: Brg}
# - {group_name: Omega2000}
wavelength response
19319.40039 0.0
21466.00000 0.00437378
21468.00000 0.00485575
21470.00000 0.00516237
21472.00000 0.00556843
21474.00000 0.00602287
21476.00000 0.00673183
21478.00000 0.00704997
21480.00000 0.00763333
21482.00000 0.00826688
21484.00000 0.00903192
21486.00000 0.0097386
21488.00000 0.0104808
21490.00000 0.0117452
21492.00000 0.0124283
21494.00000 0.0140831
21496.00000 0.0150551
21498.00000 0.0165573
21500.00000 0.0178973
21502.00000 0.0199162
21504.00000 0.0214314
21506.00000 0.0235414
21508.00000 0.0259278
21510.00000 0.0280765
21512.00000 0.0310674
21514.00000 0.0337513
21516.00000 0.037333
21518.00000 0.0404174
21520.00000 0.045405
21522.00000 0.0489787
21524.00000 0.0547196
21526.00000 0.0591174
21528.00000 0.0657412
21530.00000 0.0709738
21532.00000 0.0784901
21534.00000 0.0851097
21536.00000 0.0932283
21538.00000 0.101919
21540.00000 0.109368
21542.00000 0.121848
21544.00000 0.131132
21546.00000 0.145443
21548.00000 0.155517
21550.00000 0.171434
21552.00000 0.181901
21554.00000 0.199281
21556.00000 0.211747
21558.00000 0.230736
21560.00000 0.245889
21562.00000 0.263943
21564.00000 0.2828
21566.00000 0.301387
21568.00000 0.322264
21570.00000 0.33848
21572.00000 0.362226
21574.00000 0.378022
21576.00000 0.402968
21578.00000 0.418388
21580.00000 0.443467
21582.00000 0.460227
21584.00000 0.48461
21586.00000 0.500759
21588.00000 0.520787
21590.00000 0.538271
21592.00000 0.554615
21594.00000 0.573376
21596.00000 0.587844
21598.00000 0.605017
21600.00000 0.615721
21602.00000 0.632611
21604.00000 0.64271
21606.00000 0.655909
21608.00000 0.663933
21610.00000 0.675658
21612.00000 0.682645
21614.00000 0.689037
21616.00000 0.694581
21618.00000 0.702567
21620.00000 0.706925
21622.00000 0.709563
21624.00000 0.712924
21626.00000 0.715204
21628.00000 0.716685
21630.00000 0.7175
21632.00000 0.719751
21634.00000 0.721342
21636.00000 0.720777
21638.00000 0.720535
21640.00000 0.720564
21642.00000 0.720135
21644.00000 0.719867
21646.00000 0.719851
21648.00000 0.719831
21650.00000 0.719009
21652.00000 0.718782
21654.00000 0.718542
21656.00000 0.718488
21658.00000 0.717558
21660.00000 0.718241
21662.00000 0.718407
21664.00000 0.718419
21666.00000 0.717989
21668.00000 0.718533
21670.00000 0.717893
21672.00000 0.717424
21674.00000 0.716432
21676.00000 0.717362
21678.00000 0.718111
21680.00000 0.717712
21682.00000 0.716696
21684.00000 0.714568
21686.00000 0.713086
21688.00000 0.7106
21690.00000 0.710365
21692.00000 0.70852
21694.00000 0.705388
21696.00000 0.701392
21698.00000 0.69746
21700.00000 0.692118
21702.00000 0.687058
21704.00000 0.683282
21706.00000 0.678322
21708.00000 0.672118
21710.00000 0.662073
21712.00000 0.655794
21714.00000 0.645534
21716.00000 0.63868
21718.00000 0.627305
21720.00000 0.619519
21722.00000 0.606515
21724.00000 0.59503
21726.00000 0.582446
21728.00000 0.572027
21730.00000 0.56109
21732.00000 0.545861
21734.00000 0.535078
21736.00000 0.517801
21738.00000 0.505808
21740.00000 0.488405
21742.00000 0.478128
21744.00000 0.4613
21746.00000 0.448931
21748.00000 0.432066
21750.00000 0.419738
21752.00000 0.403355
21754.00000 0.389212
21756.00000 0.375971
21758.00000 0.360861
21760.00000 0.349159
21762.00000 0.332654
21764.00000 0.322781
21766.00000 0.30613
21768.00000 0.29576
21770.00000 0.280629
21772.00000 0.270248
21774.00000 0.255329
21776.00000 0.245436
21778.00000 0.233553
21780.00000 0.222623
21782.00000 0.212117
21784.00000 0.200756
21786.00000 0.191675
21788.00000 0.18007
21790.00000 0.172268
21792.00000 0.161527
21794.00000 0.154156
21796.00000 0.143537
21798.00000 0.136827
21800.00000 0.127305
21802.00000 0.1208
21804.00000 0.112559
21806.00000 0.105938
21808.00000 0.0988815
21810.00000 0.0926471
21812.00000 0.0870649
21814.00000 0.0808374
21816.00000 0.0764483
21818.00000 0.070176
21820.00000 0.0659184
21822.00000 0.0597254
21824.00000 0.0562389
21826.00000 0.0516971
21828.00000 0.0486245
21830.00000 0.0442953
21832.00000 0.0414691
21834.00000 0.0380919
21836.00000 0.0354343
21838.00000 0.0326707
21840.00000 0.0299199
21842.00000 0.027797
21844.00000 0.025359
21846.00000 0.0235646
21848.00000 0.0213427
21850.00000 0.020017
21852.00000 0.0179996
21854.00000 0.0168412
21856.00000 0.0153299
21858.00000 0.0143041
21860.00000 0.0129377
21862.00000 0.0120938
21864.00000 0.0111096
21866.00000 0.0102723
21868.00000 0.00951974
21870.00000 0.00874278
21872.00000 0.0081353
21874.00000 0.0071585
21876.00000 0.00708609
21878.00000 0.00622104
21880.00000 0.00573932
21882.00000 0.00549238
21884.00000 0.00492341
24072.40039 0.0
