threeML/data/optical_filters/CAHA/Omega2000-Pab.ecsv
# %ECSV 0.9
# ---
# datatype:
# - {name: wavelength, unit: Angstrom, datatype: float32}
# - {name: response, datatype: float32}
# meta: !!omap
# - {band_name: Pab}
# - {group_name: Omega2000}
wavelength response
11402.09961 0.0
12669.00000 0.00705
12670.00000 0.00698
12671.00000 0.00836
12672.00000 0.00953
12673.00000 0.00898
12674.00000 0.00754
12675.00000 0.0082
12676.00000 0.00943
12677.00000 0.00931
12678.00000 0.00982
12679.00000 0.01109
12680.00000 0.01224
12681.00000 0.0128
12682.00000 0.01333
12683.00000 0.01472
12684.00000 0.01422
12685.00000 0.01438
12686.00000 0.01431
12687.00000 0.01646
12688.00000 0.01672
12689.00000 0.01769
12690.00000 0.0186
12691.00000 0.02024
12692.00000 0.02074
12693.00000 0.02241
12694.00000 0.02158
12695.00000 0.02372
12696.00000 0.02478
12697.00000 0.02734
12698.00000 0.02727
12699.00000 0.02913
12700.00000 0.02989
12701.00000 0.03334
12702.00000 0.03501
12703.00000 0.03609
12704.00000 0.03807
12705.00000 0.03988
12706.00000 0.0429
12707.00000 0.04415
12708.00000 0.04729
12709.00000 0.04982
12710.00000 0.05238
12711.00000 0.05464
12712.00000 0.05757
12713.00000 0.06266
12714.00000 0.06533
12715.00000 0.07015
12716.00000 0.07182
12717.00000 0.07755
12718.00000 0.08218
12719.00000 0.08696
12720.00000 0.09067
12721.00000 0.0981
12722.00000 0.1034
12723.00000 0.10908
12724.00000 0.11436
12725.00000 0.1203
12726.00000 0.12868
12727.00000 0.1362
12728.00000 0.14349
12729.00000 0.15097
12730.00000 0.16149
12731.00000 0.1709
12732.00000 0.17846
12733.00000 0.18762
12734.00000 0.20083
12735.00000 0.21185
12736.00000 0.22278
12737.00000 0.23357
12738.00000 0.24722
12739.00000 0.26128
12740.00000 0.27485
12741.00000 0.28837
12742.00000 0.30425
12743.00000 0.32198
12744.00000 0.33739
12745.00000 0.35086
12746.00000 0.36868
12747.00000 0.38848
12748.00000 0.40407
12749.00000 0.42152
12750.00000 0.43762
12751.00000 0.45956
12752.00000 0.47646
12753.00000 0.49608
12754.00000 0.51218
12755.00000 0.53239
12756.00000 0.55571
12757.00000 0.57072
12758.00000 0.58811
12759.00000 0.6043
12760.00000 0.62533
12761.00000 0.64374
12762.00000 0.658
12763.00000 0.67156
12764.00000 0.68696
12765.00000 0.7026
12766.00000 0.71683
12767.00000 0.72845
12768.00000 0.73969
12769.00000 0.75188
12770.00000 0.76425
12771.00000 0.77086
12772.00000 0.78095
12773.00000 0.79182
12774.00000 0.79989
12775.00000 0.80405
12776.00000 0.81138
12777.00000 0.81573
12778.00000 0.82209
12779.00000 0.82559
12780.00000 0.826
12781.00000 0.83238
12782.00000 0.83638
12783.00000 0.84011
12784.00000 0.83912
12785.00000 0.83998
12786.00000 0.84193
12787.00000 0.84569
12788.00000 0.84566
12789.00000 0.84544
12790.00000 0.84469
12791.00000 0.84606
12792.00000 0.84678
12793.00000 0.84666
12794.00000 0.84529
12795.00000 0.84572
12796.00000 0.84414
12797.00000 0.84503
12798.00000 0.84369
12799.00000 0.84391
12800.00000 0.84428
12801.00000 0.84332
12802.00000 0.84083
12803.00000 0.84007
12804.00000 0.84059
12805.00000 0.83761
12806.00000 0.83767
12807.00000 0.83461
12808.00000 0.83495
12809.00000 0.8336
12810.00000 0.83278
12811.00000 0.83169
12812.00000 0.82816
12813.00000 0.82588
12814.00000 0.82753
12815.00000 0.82488
12816.00000 0.82284
12817.00000 0.82345
12818.00000 0.81973
12819.00000 0.81829
12820.00000 0.81644
12821.00000 0.81303
12822.00000 0.81118
12823.00000 0.81003
12824.00000 0.80844
12825.00000 0.80441
12826.00000 0.80151
12827.00000 0.79772
12828.00000 0.79573
12829.00000 0.79028
12830.00000 0.78396
12831.00000 0.78271
12832.00000 0.78048
12833.00000 0.77609
12834.00000 0.77105
12835.00000 0.76519
12836.00000 0.76002
12837.00000 0.75549
12838.00000 0.75143
12839.00000 0.74106
12840.00000 0.73326
12841.00000 0.72892
12842.00000 0.72023
12843.00000 0.71233
12844.00000 0.70257
12845.00000 0.69561
12846.00000 0.68379
12847.00000 0.67387
12848.00000 0.66461
12849.00000 0.65333
12850.00000 0.64151
12851.00000 0.62749
12852.00000 0.61679
12853.00000 0.60449
12854.00000 0.5924
12855.00000 0.57668
12856.00000 0.56235
12857.00000 0.55002
12858.00000 0.53529
12859.00000 0.51894
12860.00000 0.50204
12861.00000 0.48836
12862.00000 0.47629
12863.00000 0.45796
12864.00000 0.43966
12865.00000 0.42689
12866.00000 0.41159
12867.00000 0.39899
12868.00000 0.38025
12869.00000 0.36396
12870.00000 0.35086
12871.00000 0.33949
12872.00000 0.32137
12873.00000 0.30751
12874.00000 0.2942
12875.00000 0.2844
12876.00000 0.27149
12877.00000 0.25456
12878.00000 0.24229
12879.00000 0.2329
12880.00000 0.22279
12881.00000 0.20837
12882.00000 0.19831
12883.00000 0.18942
12884.00000 0.18162
12885.00000 0.17076
12886.00000 0.16109
12887.00000 0.15357
12888.00000 0.14652
12889.00000 0.1387
12890.00000 0.13011
12891.00000 0.12478
12892.00000 0.11913
12893.00000 0.11432
12894.00000 0.10582
12895.00000 0.09896
12896.00000 0.09498
12897.00000 0.09115
12898.00000 0.0851
12899.00000 0.08114
12900.00000 0.07621
12901.00000 0.07328
12902.00000 0.07053
12903.00000 0.06606
12904.00000 0.06236
12905.00000 0.05936
12906.00000 0.05812
12907.00000 0.05308
12908.00000 0.05054
12909.00000 0.04869
12910.00000 0.04713
12911.00000 0.04458
12912.00000 0.04128
12913.00000 0.03946
12914.00000 0.03855
12915.00000 0.03625
12916.00000 0.03389
12917.00000 0.03365
12918.00000 0.03146
12919.00000 0.02989
12920.00000 0.02797
12921.00000 0.02733
12922.00000 0.02521
12923.00000 0.02519
12924.00000 0.0236
12925.00000 0.02235
12926.00000 0.02326
12927.00000 0.02077
12928.00000 0.0199
12929.00000 0.01957
12930.00000 0.01632
12931.00000 0.01722
12932.00000 0.01577
12933.00000 0.01587
12934.00000 0.0145
12935.00000 0.0146
12936.00000 0.01409
12937.00000 0.01275
12938.00000 0.01248
12939.00000 0.01126
12940.00000 0.01154
12941.00000 0.01026
12942.00000 0.01062
12943.00000 0.00979
12944.00000 0.00991
12945.00000 0.00987
12946.00000 0.00957
12947.00000 0.00957
12948.00000 0.0089
12949.00000 0.00882
12950.00000 0.00778
12951.00000 0.00671
12952.00000 0.00685
12953.00000 0.00605
12954.00000 0.0072
12955.00000 0.0075
12956.00000 0.0056
14251.59961 0.0
