threeML/data/optical_filters/CAHA/Omega2000-HeI_1083.ecsv
# %ECSV 0.9
# ---
# datatype:
# - {name: wavelength, unit: Angstrom, datatype: float32}
# - {name: response, datatype: float32}
# meta: !!omap
# - {band_name: HeI_1083}
# - {group_name: Omega2000}
wavelength response
9627.29980 0.0
10697.00000 0.00203218
10698.00000 0.00228656
10699.00000 0.00233436
10700.00000 0.00232931
10701.00000 0.00243143
10702.00000 0.00272614
10703.00000 0.00277472
10704.00000 0.00290283
10705.00000 0.0032528
10706.00000 0.0033081
10707.00000 0.0034526
10708.00000 0.00357991
10709.00000 0.0038502
10710.00000 0.00420123
10711.00000 0.00432903
10712.00000 0.00458405
10713.00000 0.00482885
10714.00000 0.00495782
10715.00000 0.00554373
10716.00000 0.00581265
10717.00000 0.00614149
10718.00000 0.00653844
10719.00000 0.00695187
10720.00000 0.00729774
10721.00000 0.0078598
10722.00000 0.00829992
10723.00000 0.00898469
10724.00000 0.00923952
10725.00000 0.00993768
10726.00000 0.0106046
10727.00000 0.0115229
10728.00000 0.0122556
10729.00000 0.0130747
10730.00000 0.0138465
10731.00000 0.0149997
10732.00000 0.0162728
10733.00000 0.0172265
10734.00000 0.0183331
10735.00000 0.0199298
10736.00000 0.0218646
10737.00000 0.0233155
10738.00000 0.0247163
10739.00000 0.0267225
10740.00000 0.029426
10741.00000 0.0314293
10742.00000 0.0337202
10743.00000 0.0359782
10744.00000 0.0396178
10745.00000 0.0432032
10746.00000 0.0459859
10747.00000 0.0491191
10748.00000 0.0538629
10749.00000 0.0590443
10750.00000 0.0637427
10751.00000 0.0681572
10752.00000 0.0747816
10753.00000 0.082708
10754.00000 0.0892214
10755.00000 0.0950994
10756.00000 0.101724
10757.00000 0.112214
10758.00000 0.12295
10759.00000 0.131754
10760.00000 0.141416
10761.00000 0.155193
10762.00000 0.168078
10763.00000 0.178583
10764.00000 0.189938
10765.00000 0.20621
10766.00000 0.223537
10767.00000 0.238515
10768.00000 0.252879
10769.00000 0.269811
10770.00000 0.293553
10771.00000 0.311123
10772.00000 0.3289
10773.00000 0.344957
10774.00000 0.369283
10775.00000 0.391459
10776.00000 0.410675
10777.00000 0.424351
10778.00000 0.448984
10779.00000 0.476659
10780.00000 0.494822
10781.00000 0.51177
10782.00000 0.529966
10783.00000 0.553341
10784.00000 0.574058
10785.00000 0.589988
10786.00000 0.605128
10787.00000 0.62768
10788.00000 0.64431
10789.00000 0.658277
10790.00000 0.671437
10791.00000 0.686962
10792.00000 0.705127
10793.00000 0.719063
10794.00000 0.727686
10795.00000 0.736504
10796.00000 0.747025
10797.00000 0.757232
10798.00000 0.762917
10799.00000 0.766766
10800.00000 0.774981
10801.00000 0.782081
10802.00000 0.786911
10803.00000 0.791251
10804.00000 0.796915
10805.00000 0.802289
10806.00000 0.80612
10807.00000 0.809339
10808.00000 0.813149
10809.00000 0.817681
10810.00000 0.820076
10811.00000 0.822479
10812.00000 0.825056
10813.00000 0.828289
10814.00000 0.830164
10815.00000 0.832315
10816.00000 0.834211
10817.00000 0.836446
10818.00000 0.838551
10819.00000 0.840224
10820.00000 0.841158
10821.00000 0.843012
10822.00000 0.844415
10823.00000 0.845255
10824.00000 0.846163
10825.00000 0.847214
10826.00000 0.846906
10827.00000 0.847761
10828.00000 0.84719
10829.00000 0.847414
10830.00000 0.8472
10831.00000 0.846278
10832.00000 0.846824
10833.00000 0.84693
10834.00000 0.845591
10835.00000 0.845598
10836.00000 0.844476
10837.00000 0.84404
10838.00000 0.843013
10839.00000 0.842356
10840.00000 0.841082
10841.00000 0.841111
10842.00000 0.839543
10843.00000 0.839839
10844.00000 0.838192
10845.00000 0.837749
10846.00000 0.836597
10847.00000 0.835749
10848.00000 0.833674
10849.00000 0.833111
10850.00000 0.830743
10851.00000 0.830155
10852.00000 0.827151
10853.00000 0.824233
10854.00000 0.821605
10855.00000 0.82005
10856.00000 0.813581
10857.00000 0.808975
10858.00000 0.802345
10859.00000 0.796898
10860.00000 0.788641
10861.00000 0.777678
10862.00000 0.767675
10863.00000 0.757919
10864.00000 0.747269
10865.00000 0.731805
10866.00000 0.715603
10867.00000 0.702766
10868.00000 0.689688
10869.00000 0.669106
10870.00000 0.644796
10871.00000 0.627574
10872.00000 0.610444
10873.00000 0.58545
10874.00000 0.557269
10875.00000 0.533426
10876.00000 0.513065
10877.00000 0.492582
10878.00000 0.460432
10879.00000 0.434158
10880.00000 0.414822
10881.00000 0.394209
10882.00000 0.366667
10883.00000 0.341075
10884.00000 0.320474
10885.00000 0.304903
10886.00000 0.281948
10887.00000 0.257814
10888.00000 0.240206
10889.00000 0.224703
10890.00000 0.207675
10891.00000 0.186173
10892.00000 0.170504
10893.00000 0.158175
10894.00000 0.14803
10895.00000 0.133039
10896.00000 0.120425
10897.00000 0.111525
10898.00000 0.103625
10899.00000 0.0931645
10900.00000 0.0845499
10901.00000 0.0780331
10902.00000 0.0729392
10903.00000 0.0670658
10904.00000 0.0605754
10905.00000 0.0554982
10906.00000 0.0512727
10907.00000 0.04746
10908.00000 0.0428061
10909.00000 0.0391758
10910.00000 0.0362978
10911.00000 0.0340808
10912.00000 0.0310387
10913.00000 0.0282218
10914.00000 0.026255
10915.00000 0.024806
10916.00000 0.0227716
10917.00000 0.0209539
10918.00000 0.019536
10919.00000 0.0183885
10920.00000 0.0173209
10921.00000 0.0158281
10922.00000 0.014732
10923.00000 0.0138135
10924.00000 0.0129579
10925.00000 0.0120412
10926.00000 0.0112513
10927.00000 0.0103886
10928.00000 0.01001
10929.00000 0.00918544
10930.00000 0.0086242
10931.00000 0.00811683
10932.00000 0.00758304
10933.00000 0.00715224
10934.00000 0.00677887
10935.00000 0.00629824
10936.00000 0.0061359
10937.00000 0.00572372
10938.00000 0.00543146
10939.00000 0.00500382
10940.00000 0.00476067
10941.00000 0.00460622
10942.00000 0.00425759
10943.00000 0.00395517
10944.00000 0.00372337
10945.00000 0.0036505
10946.00000 0.00341827
10947.00000 0.00340763
10948.00000 0.0030157
10949.00000 0.00279534
10950.00000 0.00275745
10951.00000 0.00256267
10952.00000 0.00244533
10953.00000 0.00234598
10954.00000 0.0022176
10955.00000 0.00215019
10956.00000 0.00209172
10957.00000 0.00186808
12052.70020 0.0
