threeML/data/optical_filters/CAHA/Omega2000-Methane_on.ecsv
# %ECSV 0.9
# ---
# datatype:
# - {name: wavelength, unit: Angstrom, datatype: float32}
# - {name: response, datatype: float32}
# meta: !!omap
# - {band_name: Methane_on}
# - {group_name: Omega2000}
wavelength response
14406.29980 0.0
16007.00000 0.00546
16012.00000 0.00583
16017.00000 0.0056
16022.00000 0.00655
16027.00000 0.00661
16032.00000 0.0071
16037.00000 0.00737
16042.00000 0.00753
16047.00000 0.00863
16052.00000 0.0082
16057.00000 0.00892
16062.00000 0.00954
16067.00000 0.01057
16072.00000 0.01034
16077.00000 0.01155
16082.00000 0.01159
16087.00000 0.01228
16092.00000 0.01353
16097.00000 0.01319
16102.00000 0.01402
16107.00000 0.01496
16112.00000 0.01567
16117.00000 0.01687
16122.00000 0.01781
16127.00000 0.01979
16132.00000 0.02004
16137.00000 0.02134
16142.00000 0.02218
16147.00000 0.02367
16152.00000 0.02512
16157.00000 0.02628
16162.00000 0.02762
16167.00000 0.02917
16172.00000 0.03098
16177.00000 0.03353
16182.00000 0.035
16187.00000 0.03684
16192.00000 0.03873
16197.00000 0.04109
16202.00000 0.04402
16207.00000 0.04566
16212.00000 0.04948
16217.00000 0.0522
16222.00000 0.05584
16227.00000 0.05884
16232.00000 0.06207
16237.00000 0.06586
16242.00000 0.07004
16247.00000 0.07415
16252.00000 0.07863
16257.00000 0.08291
16262.00000 0.08788
16267.00000 0.09347
16272.00000 0.10048
16277.00000 0.1049
16282.00000 0.1111
16287.00000 0.11824
16292.00000 0.12568
16297.00000 0.13264
16302.00000 0.14134
16307.00000 0.14952
16312.00000 0.15827
16317.00000 0.16777
16322.00000 0.17737
16327.00000 0.18805
16332.00000 0.19971
16337.00000 0.21164
16342.00000 0.22354
16347.00000 0.2354
16352.00000 0.24877
16357.00000 0.26278
16362.00000 0.27804
16367.00000 0.29462
16372.00000 0.31076
16377.00000 0.32602
16382.00000 0.34267
16387.00000 0.36047
16392.00000 0.3799
16397.00000 0.40021
16402.00000 0.42033
16407.00000 0.4396
16412.00000 0.45859
16417.00000 0.47905
16422.00000 0.5009
16427.00000 0.52318
16432.00000 0.5464
16437.00000 0.56648
16442.00000 0.58639
16447.00000 0.60663
16452.00000 0.62856
16457.00000 0.64956
16462.00000 0.67118
16467.00000 0.68996
16472.00000 0.70863
16477.00000 0.72571
16482.00000 0.74249
16487.00000 0.75907
16492.00000 0.77488
16497.00000 0.78948
16502.00000 0.80123
16507.00000 0.81254
16512.00000 0.82284
16517.00000 0.83244
16522.00000 0.84137
16527.00000 0.84857
16532.00000 0.85419
16537.00000 0.85919
16542.00000 0.86274
16547.00000 0.86541
16552.00000 0.86747
16557.00000 0.86929
16562.00000 0.8696
16567.00000 0.86856
16572.00000 0.86815
16577.00000 0.86724
16582.00000 0.86475
16587.00000 0.86285
16592.00000 0.86048
16597.00000 0.85859
16602.00000 0.85626
16607.00000 0.85319
16612.00000 0.84981
16617.00000 0.84665
16622.00000 0.84358
16627.00000 0.84052
16632.00000 0.83716
16637.00000 0.8344
16642.00000 0.83053
16647.00000 0.82752
16652.00000 0.8238
16657.00000 0.82063
16662.00000 0.81695
16667.00000 0.81301
16672.00000 0.80925
16677.00000 0.80541
16682.00000 0.80031
16687.00000 0.79677
16692.00000 0.79307
16697.00000 0.78783
16702.00000 0.78404
16707.00000 0.77941
16712.00000 0.77452
16717.00000 0.77025
16722.00000 0.7655
16727.00000 0.76111
16732.00000 0.75565
16737.00000 0.75104
16742.00000 0.74614
16747.00000 0.74095
16752.00000 0.73697
16757.00000 0.7322
16762.00000 0.72863
16767.00000 0.72451
16772.00000 0.72091
16777.00000 0.71738
16782.00000 0.71424
16787.00000 0.71061
16792.00000 0.70879
16797.00000 0.70628
16802.00000 0.70364
16807.00000 0.70136
16812.00000 0.69991
16817.00000 0.69777
16822.00000 0.69625
16827.00000 0.69489
16832.00000 0.69339
16837.00000 0.69195
16842.00000 0.68976
16847.00000 0.68884
16852.00000 0.6863
16857.00000 0.68458
16862.00000 0.68334
16867.00000 0.68191
16872.00000 0.67981
16877.00000 0.67867
16882.00000 0.67738
16887.00000 0.67638
16892.00000 0.67528
16897.00000 0.67474
16902.00000 0.67345
16907.00000 0.67374
16912.00000 0.67329
16917.00000 0.67407
16922.00000 0.67445
16927.00000 0.67382
16932.00000 0.67533
16937.00000 0.67598
16942.00000 0.67672
16947.00000 0.67808
16952.00000 0.67937
16957.00000 0.68028
16962.00000 0.68159
16967.00000 0.68263
16972.00000 0.684
16977.00000 0.6857
16982.00000 0.68693
16987.00000 0.68855
16992.00000 0.68954
16997.00000 0.69172
17002.00000 0.69327
17007.00000 0.6945
17012.00000 0.69621
17017.00000 0.698
17022.00000 0.69957
17027.00000 0.70169
17032.00000 0.7042
17037.00000 0.70648
17042.00000 0.70843
17047.00000 0.71023
17052.00000 0.71373
17057.00000 0.71595
17062.00000 0.71811
17067.00000 0.72162
17072.00000 0.72347
17077.00000 0.7258
17082.00000 0.72848
17087.00000 0.73066
17092.00000 0.73371
17097.00000 0.73658
17102.00000 0.73899
17107.00000 0.74037
17112.00000 0.743
17117.00000 0.74493
17122.00000 0.7472
17127.00000 0.7501
17132.00000 0.75215
17137.00000 0.75399
17142.00000 0.75542
17147.00000 0.75686
17152.00000 0.7583
17157.00000 0.76056
17162.00000 0.76187
17167.00000 0.76314
17172.00000 0.76342
17177.00000 0.76535
17182.00000 0.7658
17187.00000 0.76595
17192.00000 0.76628
17197.00000 0.76612
17202.00000 0.76672
17207.00000 0.76611
17212.00000 0.76569
17217.00000 0.76517
17222.00000 0.76485
17227.00000 0.76407
17232.00000 0.76405
17237.00000 0.7632
17242.00000 0.76354
17247.00000 0.76332
17252.00000 0.76257
17257.00000 0.76259
17262.00000 0.76306
17267.00000 0.76313
17272.00000 0.76396
17277.00000 0.76475
17282.00000 0.76638
17287.00000 0.76851
17292.00000 0.77083
17297.00000 0.77297
17302.00000 0.77597
17307.00000 0.78015
17312.00000 0.7827
17317.00000 0.78654
17322.00000 0.78963
17327.00000 0.79191
17332.00000 0.79565
17337.00000 0.79727
17342.00000 0.79788
17347.00000 0.79723
17352.00000 0.7951
17357.00000 0.7899
17362.00000 0.78294
17367.00000 0.7735
17372.00000 0.76097
17377.00000 0.74297
17382.00000 0.72244
17387.00000 0.69946
17392.00000 0.67333
17397.00000 0.64361
17402.00000 0.6101
17407.00000 0.56961
17412.00000 0.53087
17417.00000 0.49275
17422.00000 0.45488
17427.00000 0.41614
17432.00000 0.378
17437.00000 0.33968
17442.00000 0.30252
17447.00000 0.27243
17452.00000 0.24431
17457.00000 0.21846
17462.00000 0.19411
17467.00000 0.17246
17472.00000 0.1519
17477.00000 0.13552
17482.00000 0.12085
17487.00000 0.10802
17492.00000 0.09566
17497.00000 0.08491
17502.00000 0.07515
17507.00000 0.06685
17512.00000 0.05897
17517.00000 0.05358
17522.00000 0.04772
17527.00000 0.04266
17532.00000 0.0379
17537.00000 0.03388
17542.00000 0.03005
17547.00000 0.02684
17552.00000 0.02436
17557.00000 0.02255
17562.00000 0.01989
17567.00000 0.01757
17572.00000 0.01595
17577.00000 0.01473
17582.00000 0.01327
17587.00000 0.01233
17592.00000 0.01096
17597.00000 0.0099
17602.00000 0.00968
17607.00000 0.00834
17612.00000 0.0078
17617.00000 0.00696
17622.00000 0.00662
17627.00000 0.0062
17632.00000 0.00488
19395.19922 0.0
