threeML/data/optical_filters/CAHA/Omega2000-z.ecsv
# %ECSV 0.9
# ---
# datatype:
# - {name: wavelength, unit: Angstrom, datatype: float32}
# - {name: response, datatype: float32}
# meta: !!omap
# - {band_name: z}
# - {group_name: Omega2000}
wavelength response
[from data line 799]
8938.00000 0.952102
8939.00000 0.951158
8940.00000 0.950413
8941.00000 0.951834
8942.00000 0.951964
8943.00000 0.951865
8944.00000 0.951371
8945.00000 0.952868
8946.00000 0.952315
8947.00000 0.951279
8948.00000 0.952362
8949.00000 0.95272
8950.00000 0.951649
8951.00000 0.951959
8952.00000 0.952663
8953.00000 0.951798
8954.00000 0.952431
8955.00000 0.952691
8956.00000 0.951944
8957.00000 0.95253
8958.00000 0.952906
8959.00000 0.952895
8960.00000 0.952633
8961.00000 0.951432
8962.00000 0.9529
8963.00000 0.952574
8964.00000 0.951828
8965.00000 0.953169
8966.00000 0.952518
8967.00000 0.952199
8968.00000 0.953033
8969.00000 0.953136
8970.00000 0.952228
8971.00000 0.952348
8972.00000 0.953315
8973.00000 0.951557
8974.00000 0.950829
8975.00000 0.952438
8976.00000 0.95267
8977.00000 0.951413
8978.00000 0.951496
8979.00000 0.952457
8980.00000 0.951499
8981.00000 0.951309
8982.00000 0.952112
8983.00000 0.951201
8984.00000 0.951744
8985.00000 0.951537
8986.00000 0.951734
8987.00000 0.951237
8988.00000 0.951068
8989.00000 0.950737
8990.00000 0.95174
8991.00000 0.950473
8992.00000 0.949432
8993.00000 0.950867
8994.00000 0.949907
8995.00000 0.950077
8996.00000 0.949033
8997.00000 0.949164
8998.00000 0.949673
8999.00000 0.948468
9000.00000 0.948556
9001.00000 0.94899
9002.00000 0.94737
9003.00000 0.94719
9004.00000 0.94841
9005.00000 0.947036
9006.00000 0.946198
9007.00000 0.94748
9008.00000 0.946345
9009.00000 0.945556
9010.00000 0.945913
9011.00000 0.945802
9012.00000 0.945268
9013.00000 0.943568
9014.00000 0.945222
9015.00000 0.944293
9016.00000 0.943519
9017.00000 0.944336
9018.00000 0.943374
9019.00000 0.942402
9020.00000 0.942836
9021.00000 0.942172
9022.00000 0.941976
9023.00000 0.941505
9024.00000 0.941127
9025.00000 0.941301
9026.00000 0.940426
9027.00000 0.939399
9028.00000 0.940159
9029.00000 0.939635
9030.00000 0.939358
9031.00000 0.94014
9032.00000 0.938386
9033.00000 0.937627
9034.00000 0.938112
9035.00000 0.937629
9036.00000 0.937506
9037.00000 0.936765
9038.00000 0.937129
9039.00000 0.937265
9040.00000 0.935147
9041.00000 0.936924
9042.00000 0.936443
9043.00000 0.934655
9044.00000 0.935486
9045.00000 0.935595
9046.00000 0.93464
9047.00000 0.934508
9048.00000 0.93428
9049.00000 0.93414
9050.00000 0.934506
9051.00000 0.933547
9052.00000 0.933572
9053.00000 0.933065
9054.00000 0.93293
9055.00000 0.933697
9056.00000 0.933233
9057.00000 0.932295
9058.00000 0.932446
9059.00000 0.932351
9060.00000 0.932286
9061.00000 0.932092
9062.00000 0.931952
9063.00000 0.932171
9064.00000 0.931337
9065.00000 0.931942
9066.00000 0.932648
9067.00000 0.931367
9068.00000 0.930975
9069.00000 0.931365
9070.00000 0.931946
9071.00000 0.931734
9072.00000 0.931406
9073.00000 0.93127
9074.00000 0.931255
9075.00000 0.931241
9076.00000 0.931814
9077.00000 0.931833
9078.00000 0.930402
9079.00000 0.931536
9080.00000 0.931427
9081.00000 0.930713
9082.00000 0.930906
9083.00000 0.930935
9084.00000 0.930668
9085.00000 0.930804
9086.00000 0.931277
9087.00000 0.930942
9088.00000 0.930423
9089.00000 0.929969
9090.00000 0.931012
9091.00000 0.9309
9092.00000 0.92995
9093.00000 0.930173
9094.00000 0.92997
9095.00000 0.929516
9096.00000 0.930303
9097.00000 0.930347
9098.00000 0.929098
9099.00000 0.929056
9100.00000 0.929313
9101.00000 0.930077
9102.00000 0.929268
9103.00000 0.928592
9104.00000 0.928447
9105.00000 0.928725
9106.00000 0.927944
9107.00000 0.928499
9108.00000 0.92836
9109.00000 0.926838
9110.00000 0.92813
9111.00000 0.92805
9112.00000 0.927143
9113.00000 0.925543
9114.00000 0.927491
9115.00000 0.926552
9116.00000 0.92382
9117.00000 0.926198
9118.00000 0.925322
9119.00000 0.924457
9120.00000 0.92413
9121.00000 0.924937
9122.00000 0.922834
9123.00000 0.922748
9124.00000 0.923528
9125.00000 0.921558
9126.00000 0.921961
9127.00000 0.922039
9128.00000 0.920882
9129.00000 0.921097
9130.00000 0.919914
9131.00000 0.920351
9132.00000 0.920352
9133.00000 0.918787
9134.00000 0.918522
9135.00000 0.918593
9136.00000 0.917629
9137.00000 0.918067
9138.00000 0.917039
9139.00000 0.916319
9140.00000 0.916311
9141.00000 0.915623
9142.00000 0.915706
9143.00000 0.915892
9144.00000 0.913726
9145.00000 0.914053
9146.00000 0.914203
9147.00000 0.913328
9148.00000 0.913719
9149.00000 0.912284
9150.00000 0.912393
9151.00000 0.913391
9152.00000 0.911471
9153.00000 0.911672
9154.00000 0.91116
9155.00000 0.910078
9156.00000 0.91151
9157.00000 0.910624
9158.00000 0.909427
9159.00000 0.910398
9160.00000 0.909712
9161.00000 0.909888
9162.00000 0.910292
9163.00000 0.909073
9164.00000 0.909745
9165.00000 0.908811
9166.00000 0.909047
9167.00000 0.910365
9168.00000 0.908665
9169.00000 0.908519
9170.00000 0.909424
9171.00000 0.908984
9172.00000 0.909241
9173.00000 0.909884
9174.00000 0.908958
9175.00000 0.909716
9176.00000 0.909992
9177.00000 0.909622
9178.00000 0.910356
9179.00000 0.909807
9180.00000 0.910773
9181.00000 0.911018
9182.00000 0.911184
9183.00000 0.911506
9184.00000 0.911783
9185.00000 0.911188
9186.00000 0.912908
9187.00000 0.913046
9188.00000 0.912134
9189.00000 0.913755
9190.00000 0.913833
9191.00000 0.913426
9192.00000 0.915071
9193.00000 0.915362
9194.00000 0.915479
9195.00000 0.915868
9196.00000 0.916233
9197.00000 0.917036
9198.00000 0.918182
9199.00000 0.917904
9200.00000 0.918527
9201.00000 0.918858
9202.00000 0.919442
9203.00000 0.920448
9204.00000 0.921088
9205.00000 0.920808
9206.00000 0.921266
9207.00000 0.923119
9208.00000 0.923747
9209.00000 0.923053
9210.00000 0.923754
9211.00000 0.925135
9212.00000 0.925277
9213.00000 0.925978
9214.00000 0.926946
9215.00000 0.926696
9216.00000 0.926579
9217.00000 0.927823
9218.00000 0.929111
9219.00000 0.928791
9220.00000 0.928921
9221.00000 0.929633
9222.00000 0.930704
9223.00000 0.930573
9224.00000 0.931533
9225.00000 0.931258
9226.00000 0.931077
9227.00000 0.93252
9228.00000 0.933057
9229.00000 0.932504
9230.00000 0.933433
9231.00000 0.933438
9232.00000 0.934203
9233.00000 0.93539
9234.00000 0.934792
9235.00000 0.935304
9236.00000 0.934567
9237.00000 0.935061
9238.00000 0.936409
9239.00000 0.93619
9240.00000 0.935051
9241.00000 0.935917
9242.00000 0.935873
9243.00000 0.935865
9244.00000 0.936727
9245.00000 0.935712
9246.00000 0.936402
9247.00000 0.936652
9248.00000 0.936681
9249.00000 0.937469
9250.00000 0.93614
9251.00000 0.935309
9252.00000 0.937189
9253.00000 0.93615
9254.00000 0.936068
9255.00000 0.936739
9256.00000 0.935576
9257.00000 0.936348
9258.00000 0.936099
9259.00000 0.935567
9260.00000 0.936135
9261.00000 0.934567
9262.00000 0.934168
9263.00000 0.936094
9264.00000 0.934436
9265.00000 0.934362
9266.00000 0.935278
9267.00000 0.933305
9268.00000 0.934002
9269.00000 0.934588
9270.00000 0.932757
9271.00000 0.93358
9272.00000 0.93259
9273.00000 0.932205
9274.00000 0.93236
9275.00000 0.932515
9276.00000 0.932056
9277.00000 0.931444
9278.00000 0.932138
9279.00000 0.93229
9280.00000 0.931549
9281.00000 0.930855
9282.00000 0.930902
9283.00000 0.931073
9284.00000 0.931375
9285.00000 0.931237
9286.00000 0.929582
9287.00000 0.930482
9288.00000 0.930386
9289.00000 0.930079
9290.00000 0.930939
9291.00000 0.929046
9292.00000 0.929302
9293.00000 0.930094
9294.00000 0.92955
9295.00000 0.930189
9296.00000 0.929979
9297.00000 0.929401
9298.00000 0.930516
9299.00000 0.930019
9300.00000 0.930063
9301.00000 0.930848
9302.00000 0.929865
9303.00000 0.930561
9304.00000 0.931223
9305.00000 0.930517
9306.00000 0.93067
9307.00000 0.930849
9308.00000 0.930793
9309.00000 0.9317
9310.00000 0.931902
9311.00000 0.9317
9312.00000 0.931839
9313.00000 0.93222
9314.00000 0.932148
9315.00000 0.933463
9316.00000 0.932356
9317.00000 0.932873
9318.00000 0.934537
9319.00000 0.933488
9320.00000 0.934849
9321.00000 0.934825
9322.00000 0.934105
9323.00000 0.936128
9324.00000 0.935305
9325.00000 0.935812
9326.00000 0.936692
9327.00000 0.936381
9328.00000 0.937134
9329.00000 0.937362
9330.00000 0.937507
9331.00000 0.939003
9332.00000 0.937866
9333.00000 0.937661
9334.00000 0.939884
9335.00000 0.939834
9336.00000 0.939674
9337.00000 0.940215
9338.00000 0.940323
9339.00000 0.94105
9340.00000 0.941031
9341.00000 0.941298
9342.00000 0.941872
9343.00000 0.942079
9344.00000 0.942091
9345.00000 0.943749
9346.00000 0.942757
9347.00000 0.942827
9348.00000 0.943482
9349.00000 0.943115
9350.00000 0.944086
9351.00000 0.944034
9352.00000 0.944234
9353.00000 0.94444
9354.00000 0.94429
9355.00000 0.945031
9356.00000 0.945319
9357.00000 0.944443
9358.00000 0.945165
9359.00000 0.945827
9360.00000 0.945533
9361.00000 0.94569
9362.00000 0.945282
9363.00000 0.94543
9364.00000 0.946124
9365.00000 0.945476
9366.00000 0.94623
9367.00000 0.946339
9368.00000 0.945342
9369.00000 0.945908
9370.00000 0.945769
9371.00000 0.946051
9372.00000 0.945978
9373.00000 0.944228
9374.00000 0.945054
9375.00000 0.946101
9376.00000 0.944715
9377.00000 0.945334
9378.00000 0.944738
9379.00000 0.943567
9380.00000 0.945512
9381.00000 0.944382
9382.00000 0.943255
9383.00000 0.944559
9384.00000 0.943518
9385.00000 0.943803
9386.00000 0.943869
9387.00000 0.943066
9388.00000 0.943293
9389.00000 0.942262
9390.00000 0.943234
9391.00000 0.943617
9392.00000 0.941758
9393.00000 0.942067
9394.00000 0.942061
9395.00000 0.941318
9396.00000 0.941828
9397.00000 0.941517
9398.00000 0.940925
9399.00000 0.941583
9400.00000 0.940789
9401.00000 0.940789
9402.00000 0.940669
9403.00000 0.939844
9404.00000 0.939875
9405.00000 0.940579
9406.00000 0.940218
9407.00000 0.940038
9408.00000 0.939647
9409.00000 0.93918
9410.00000 0.939334
9411.00000 0.940142
9412.00000 0.939683
9413.00000 0.938989
9414.00000 0.939353
9415.00000 0.939598
9416.00000 0.939477
9417.00000 0.938924
9418.00000 0.939344
9419.00000 0.938957
9420.00000 0.938414
9421.00000 0.940049
9422.00000 0.939564
9423.00000 0.939432
9424.00000 0.93995
9425.00000 0.938371
9426.00000 0.940228
9427.00000 0.940445
9428.00000 0.939988
9429.00000 0.940161
9430.00000 0.939942
9431.00000 0.941424
9432.00000 0.941158
9433.00000 0.940574
9434.00000 0.940868
9435.00000 0.941942
9436.00000 0.940874
9437.00000 0.942263
9438.00000 0.942428
9439.00000 0.941429
9440.00000 0.94298
9441.00000 0.942731
9442.00000 0.943469
9443.00000 0.943489
9444.00000 0.942861
9445.00000 0.943744
9446.00000 0.944761
9447.00000 0.944234
9448.00000 0.944782
9449.00000 0.94489
9450.00000 0.945219
9451.00000 0.945968
9452.00000 0.946172
9453.00000 0.946272
9454.00000 0.946675
9455.00000 0.946525
9456.00000 0.947636
9457.00000 0.947705
9458.00000 0.947562
9459.00000 0.947986
9460.00000 0.948117
9461.00000 0.948055
9462.00000 0.949515
9463.00000 0.94915
9464.00000 0.948772
9465.00000 0.949511
9466.00000 0.949173
9467.00000 0.9509
9468.00000 0.950347
9469.00000 0.949229
9470.00000 0.950593
9471.00000 0.950578
9472.00000 0.950639
9473.00000 0.951938
9474.00000 0.951123
9475.00000 0.950628
9476.00000 0.951307
9477.00000 0.951364
9478.00000 0.952095
9479.00000 0.95121
9480.00000 0.950925
9481.00000 0.951295
9482.00000 0.9512
9483.00000 0.951266
9484.00000 0.951322
9485.00000 0.95154
9486.00000 0.9512
9487.00000 0.951507
9488.00000 0.951189
9489.00000 0.951051
9490.00000 0.950303
9491.00000 0.950568
9492.00000 0.951121
9493.00000 0.949753
9494.00000 0.949973
9495.00000 0.949196
9496.00000 0.949334
9497.00000 0.950418
9498.00000 0.949983
9499.00000 0.94887
9500.00000 0.948637
9501.00000 0.948311
9502.00000 0.948789
9503.00000 0.948367
9504.00000 0.947773
9505.00000 0.947875
9506.00000 0.947083
9507.00000 0.946888
9508.00000 0.947859
9509.00000 0.945291
9510.00000 0.94553
9511.00000 0.946082
9512.00000 0.945407
9513.00000 0.944658
9514.00000 0.945103
9515.00000 0.94431
9516.00000 0.943758
9517.00000 0.944188
9518.00000 0.943105
9519.00000 0.943983
9520.00000 0.943204
9521.00000 0.94129
9522.00000 0.942212
9523.00000 0.942252
9524.00000 0.94285
9525.00000 0.941692
9526.00000 0.941239
9527.00000 0.941443
9528.00000 0.941001
9529.00000 0.941014
9530.00000 0.941043
9531.00000 0.939535
9532.00000 0.939359
9533.00000 0.940009
9534.00000 0.939849
9535.00000 0.93944
9536.00000 0.939129
9537.00000 0.939183
9538.00000 0.940299
9539.00000 0.939191
9540.00000 0.938514
9541.00000 0.938931
9542.00000 0.938463
9543.00000 0.938414
9544.00000 0.938419
9545.00000 0.939095
9546.00000 0.939217
9547.00000 0.937464
9548.00000 0.939691
9549.00000 0.940136
9550.00000 0.940132
9551.00000 0.939145
9552.00000 0.939875
9553.00000 0.939198
9554.00000 0.94067
9555.00000 0.941181
9556.00000 0.938079
9557.00000 0.941796
9558.00000 0.943056
9559.00000 0.940241
9560.00000 0.941747
9561.00000 0.940724
9562.00000 0.942321
9563.00000 0.942178
9564.00000 0.942105
9565.00000 0.942443
9566.00000 0.94249
9567.00000 0.942526
9568.00000 0.943784
9569.00000 0.94404
9570.00000 0.94415
9571.00000 0.944345
9572.00000 0.943992
9573.00000 0.945204
9574.00000 0.945454
9575.00000 0.945462
9576.00000 0.946363
9577.00000 0.946246
9578.00000 0.946905
9579.00000 0.947719
9580.00000 0.948088
9581.00000 0.947244
9582.00000 0.948303
9583.00000 0.949309
9584.00000 0.949376
9585.00000 0.950037
9586.00000 0.950638
9587.00000 0.950878
9588.00000 0.949724
9589.00000 0.950178
9590.00000 0.951503
9591.00000 0.951472
9592.00000 0.951793
9593.00000 0.952994
9594.00000 0.95247
9595.00000 0.953421
9596.00000 0.953635
9597.00000 0.95276
9598.00000 0.953841
9599.00000 0.954545
9600.00000 0.953925
9601.00000 0.954187
9602.00000 0.953946
9603.00000 0.954269
9604.00000 0.955952
9605.00000 0.954438
9606.00000 0.95523
9607.00000 0.955963
9608.00000 0.954503
9609.00000 0.956036
9610.00000 0.956112
9611.00000 0.956714
9612.00000 0.955711
9613.00000 0.955445
9614.00000 0.956375
9615.00000 0.956784
9616.00000 0.954893
9617.00000 0.956323
9618.00000 0.95613
9619.00000 0.956114
9620.00000 0.956927
9621.00000 0.954826
9622.00000 0.956494
9623.00000 0.956733
9624.00000 0.955096
9625.00000 0.955869
9626.00000 0.956273
9627.00000 0.954994
9628.00000 0.955434
9629.00000 0.954946
9630.00000 0.955221
9631.00000 0.955293
9632.00000 0.954541
9633.00000 0.954485
9634.00000 0.955096
9635.00000 0.954229
9636.00000 0.954257
9637.00000 0.953555
9638.00000 0.952634
9639.00000 0.953805
9640.00000 0.952932
9641.00000 0.952679
9642.00000 0.953045
9643.00000 0.95261
9644.00000 0.951997
9645.00000 0.952844
9646.00000 0.95142
9647.00000 0.951434
9648.00000 0.951869
9649.00000 0.951101
9650.00000 0.951665
9651.00000 0.951233
9652.00000 0.950629
9653.00000 0.950842
9654.00000 0.950584
9655.00000 0.950999
9656.00000 0.950474
9657.00000 0.949469
9658.00000 0.950668
9659.00000 0.949384
9660.00000 0.949179
9661.00000 0.950449
9662.00000 0.948699
9663.00000 0.949294
9664.00000 0.950145
9665.00000 0.948558
9666.00000 0.949379
9667.00000 0.949998
9668.00000 0.948147
9669.00000 0.94939
9670.00000 0.949548
9671.00000 0.94919
9672.00000 0.949459
9673.00000 0.948586
9674.00000 0.9495
9675.00000 0.950121
9676.00000 0.948954
9677.00000 0.949767
9678.00000 0.949164
9679.00000 0.949439
9680.00000 0.951197
9681.00000 0.949335
9682.00000 0.949843
9683.00000 0.950495
9684.00000 0.949742
9685.00000 0.950877
9686.00000 0.951052
9687.00000 0.950217
9688.00000 0.95035
9689.00000 0.950901
9690.00000 0.951673
9691.00000 0.952352
9692.00000 0.95134
9693.00000 0.950989
9694.00000 0.95423
9695.00000 0.952662
9696.00000 0.95335
9697.00000 0.953812
9698.00000 0.95287
9699.00000 0.954035
9700.00000 0.954409
9701.00000 0.953521
9702.00000 0.955078
9703.00000 0.954199
9704.00000 0.95498
9705.00000 0.956065
9706.00000 0.955148
9707.00000 0.956351
9708.00000 0.955919
9709.00000 0.955927
9710.00000 0.9576
9711.00000 0.956596
9712.00000 0.95697
9713.00000 0.957543
9714.00000 0.957224
9715.00000 0.958658
9716.00000 0.958378
9717.00000 0.958107
9718.00000 0.959545
9719.00000 0.958528
9720.00000 0.958314
9721.00000 0.959863
9722.00000 0.95919
9723.00000 0.958623
9724.00000 0.959931
9725.00000 0.958978
9726.00000 0.960048
9727.00000 0.960167
9728.00000 0.958919
9729.00000 0.960317
9730.00000 0.960132
9731.00000 0.960121
9732.00000 0.960447
9733.00000 0.959682
9734.00000 0.959471
9735.00000 0.960373
9736.00000 0.9594
9737.00000 0.96027
9738.00000 0.959497
9739.00000 0.958834
9740.00000 0.959378
9741.00000 0.959163
