threeML/data/optical_filters/CAHA/Omega2000-Jlow.ecsv
# %ECSV 0.9
# ---
# datatype:
# - {name: wavelength, unit: Angstrom, datatype: float32}
# - {name: response, datatype: float32}
# meta: !!omap
# - {band_name: Jlow}
# - {group_name: Omega2000}
wavelength response
10129.50000 0.0
11255.00000 0.00178909
11260.00000 0.00195618
11265.00000 0.00209962
11270.00000 0.00240786
11275.00000 0.00234681
11280.00000 0.00290004
11285.00000 0.00312806
11290.00000 0.00340849
11295.00000 0.00389328
11300.00000 0.00417663
11305.00000 0.00459015
11310.00000 0.00496078
11315.00000 0.00563578
11320.00000 0.00618844
11325.00000 0.00679985
11330.00000 0.00761265
11335.00000 0.00848026
11340.00000 0.00933982
11345.00000 0.0102921
11350.00000 0.0117006
11355.00000 0.0131577
11360.00000 0.0146263
11365.00000 0.0162974
11370.00000 0.0179568
11375.00000 0.0201744
11380.00000 0.0228939
11385.00000 0.0261609
11390.00000 0.0293776
11395.00000 0.0326561
11400.00000 0.0367064
11405.00000 0.0415519
11410.00000 0.0469822
11415.00000 0.0538922
11420.00000 0.0610617
11425.00000 0.0687059
11430.00000 0.0768244
11435.00000 0.0869437
11440.00000 0.0987936
11445.00000 0.113366
11450.00000 0.129466
11455.00000 0.146234
11460.00000 0.163229
11465.00000 0.184188
11470.00000 0.208462
11475.00000 0.236329
11480.00000 0.266907
11485.00000 0.297862
11490.00000 0.329666
11495.00000 0.363147
11500.00000 0.401028
11505.00000 0.443624
11510.00000 0.487646
11515.00000 0.528472
11520.00000 0.566222
11525.00000 0.602856
11530.00000 0.639551
11535.00000 0.676106
11540.00000 0.711784
11545.00000 0.741932
11550.00000 0.765936
11555.00000 0.785371
11560.00000 0.803387
11565.00000 0.817798
11570.00000 0.83027
11575.00000 0.839705
11580.00000 0.84517
11585.00000 0.849213
11590.00000 0.8521
11595.00000 0.853075
11600.00000 0.854181
11605.00000 0.853972
11610.00000 0.852983
11615.00000 0.852565
11620.00000 0.851419
11625.00000 0.849961
11630.00000 0.849078
11635.00000 0.847126
11640.00000 0.846223
11645.00000 0.845069
11650.00000 0.843798
11655.00000 0.843123
11660.00000 0.841755
11665.00000 0.840431
11670.00000 0.839749
11675.00000 0.83819
11680.00000 0.83751
11685.00000 0.836832
11690.00000 0.835325
11695.00000 0.834846
11700.00000 0.834055
11705.00000 0.833045
11710.00000 0.832571
11715.00000 0.831792
11720.00000 0.831582
11725.00000 0.831396
11730.00000 0.831367
11735.00000 0.831689
11740.00000 0.832367
11745.00000 0.83247
11750.00000 0.833874
11755.00000 0.834957
11760.00000 0.836518
11765.00000 0.839036
11770.00000 0.840579
11775.00000 0.842616
11780.00000 0.845511
11785.00000 0.847536
11790.00000 0.850661
11795.00000 0.854665
11800.00000 0.85729
11805.00000 0.860888
11810.00000 0.863894
11815.00000 0.866761
11820.00000 0.871127
11825.00000 0.874823
11830.00000 0.877931
11835.00000 0.881775
11840.00000 0.884837
11845.00000 0.887378
11850.00000 0.89064
11855.00000 0.895267
11860.00000 0.897596
11865.00000 0.897574
11870.00000 0.902541
11875.00000 0.906074
11880.00000 0.904406
11885.00000 0.908366
11890.00000 0.911199
11895.00000 0.911884
11900.00000 0.913678
11905.00000 0.91475
11910.00000 0.91541
11915.00000 0.91703
11920.00000 0.917919
11925.00000 0.918744
11930.00000 0.919826
11935.00000 0.92016
11940.00000 0.922342
11945.00000 0.922272
11950.00000 0.922934
11955.00000 0.922971
11960.00000 0.92403
11965.00000 0.923894
11970.00000 0.924506
11975.00000 0.924727
11980.00000 0.924724
11985.00000 0.925201
11990.00000 0.924876
11995.00000 0.924388
12000.00000 0.924777
12005.00000 0.923807
12010.00000 0.923463
12015.00000 0.923117
12020.00000 0.921863
12025.00000 0.921203
12030.00000 0.920116
12035.00000 0.918688
12040.00000 0.917967
12045.00000 0.915622
12050.00000 0.914011
12055.00000 0.912815
12060.00000 0.910562
12065.00000 0.908824
12070.00000 0.90652
12075.00000 0.903614
12080.00000 0.901576
12085.00000 0.898717
12090.00000 0.895652
12095.00000 0.893185
12100.00000 0.889846
12105.00000 0.886848
12110.00000 0.883826
12115.00000 0.879641
12120.00000 0.876656
12125.00000 0.87395
12130.00000 0.870587
12135.00000 0.86681
12140.00000 0.863216
12145.00000 0.859132
12150.00000 0.855787
12155.00000 0.852247
12160.00000 0.848789
12165.00000 0.8454
12170.00000 0.841673
12175.00000 0.837495
12180.00000 0.834233
12185.00000 0.83109
12190.00000 0.828619
12195.00000 0.825019
12200.00000 0.822347
12205.00000 0.819666
12210.00000 0.816286
12215.00000 0.814395
12220.00000 0.812699
12225.00000 0.80996
12230.00000 0.808554
12235.00000 0.806516
12240.00000 0.804761
12245.00000 0.804213
12250.00000 0.803051
12255.00000 0.802467
12260.00000 0.802475
12265.00000 0.802085
12270.00000 0.802542
12275.00000 0.803056
12280.00000 0.803567
12285.00000 0.804946
12290.00000 0.806198
12295.00000 0.80807
12300.00000 0.810895
12305.00000 0.812991
12310.00000 0.815823
12315.00000 0.819148
12320.00000 0.822282
12325.00000 0.826299
12330.00000 0.830792
12335.00000 0.834807
12340.00000 0.839371
12345.00000 0.842788
12350.00000 0.846767
12355.00000 0.85141
12360.00000 0.854905
12365.00000 0.858223
12370.00000 0.860752
12375.00000 0.860985
12380.00000 0.861047
12385.00000 0.858634
12390.00000 0.85395
12395.00000 0.845803
12400.00000 0.835505
12405.00000 0.822028
12410.00000 0.805207
12415.00000 0.783427
12420.00000 0.756404
12425.00000 0.722282
12430.00000 0.685707
12435.00000 0.648029
12440.00000 0.610172
12445.00000 0.569036
12450.00000 0.522633
12455.00000 0.473859
12460.00000 0.425805
12465.00000 0.384393
12470.00000 0.344638
12475.00000 0.308442
12480.00000 0.272537
12485.00000 0.237803
12490.00000 0.205446
12495.00000 0.178754
12500.00000 0.157063
12505.00000 0.137403
12510.00000 0.119613
12515.00000 0.103607
12520.00000 0.0883853
12525.00000 0.0761334
12530.00000 0.0666766
12535.00000 0.0583334
12540.00000 0.050716
12545.00000 0.0440901
12550.00000 0.0379776
12555.00000 0.0328106
12560.00000 0.0284699
12565.00000 0.0251226
12570.00000 0.0223386
12575.00000 0.0194141
12580.00000 0.0168388
12585.00000 0.0148248
12590.00000 0.0129978
12595.00000 0.0115364
12600.00000 0.0102395
12605.00000 0.00908867
12610.00000 0.00793094
12615.00000 0.00709758
12620.00000 0.00635626
12625.00000 0.00561223
12630.00000 0.00505231
12635.00000 0.00452963
12640.00000 0.00412593
12645.00000 0.00355528
12650.00000 0.00319435
12655.00000 0.00291518
12660.00000 0.00266387
12665.00000 0.00235583
12670.00000 0.00236698
12675.00000 0.0017851
13942.50000 0.0
