threeML/data/optical_filters/CAHA/Omega2000-H2_2122.ecsv
# %ECSV 0.9
# ---
# datatype:
# - {name: wavelength, unit: Angstrom, datatype: float32}
# - {name: response, datatype: float32}
# meta: !!omap
# - {band_name: H2_2122}
# - {group_name: Omega2000}
wavelength response
18900.90039 0.0
21001.00000 0.00502317
21002.00000 0.00502925
21003.00000 0.00525589
21004.00000 0.00545791
21005.00000 0.0056487
21006.00000 0.00584838
21007.00000 0.00606859
21008.00000 0.00622926
21009.00000 0.0064721
21010.00000 0.00675622
21011.00000 0.00689874
21012.00000 0.00706802
21013.00000 0.00736692
21014.00000 0.00770833
21015.00000 0.00788994
21016.00000 0.00811032
21017.00000 0.00845965
21018.00000 0.0087197
21019.00000 0.0090364
21020.00000 0.00939607
21021.00000 0.00964502
21022.00000 0.0100254
21023.00000 0.0104251
21024.00000 0.0108265
21025.00000 0.0111265
21026.00000 0.0116231
21027.00000 0.0121931
21028.00000 0.0126003
21029.00000 0.0128901
21030.00000 0.0135771
21031.00000 0.013949
21032.00000 0.0144604
21033.00000 0.0149712
21034.00000 0.0156416
21035.00000 0.0161822
21036.00000 0.0169434
21037.00000 0.0173758
21038.00000 0.0180819
21039.00000 0.0188317
21040.00000 0.0195582
21041.00000 0.0202321
21042.00000 0.0210529
21043.00000 0.0220531
21044.00000 0.0230513
21045.00000 0.0237272
21046.00000 0.0246194
21047.00000 0.0256009
21048.00000 0.0268431
21049.00000 0.0279398
21050.00000 0.0288498
21051.00000 0.0299131
21052.00000 0.0314982
21053.00000 0.0328019
21054.00000 0.0338357
21055.00000 0.0349885
21056.00000 0.0366927
21057.00000 0.0383427
21058.00000 0.0398755
21059.00000 0.0411974
21060.00000 0.0433198
21061.00000 0.0451222
21062.00000 0.0473127
21063.00000 0.0488925
21064.00000 0.0509913
21065.00000 0.0531836
21066.00000 0.0556809
21067.00000 0.057445
21068.00000 0.0596229
21069.00000 0.0625036
21070.00000 0.0651386
21071.00000 0.0675256
21072.00000 0.0701629
21073.00000 0.0729281
21074.00000 0.0761366
21075.00000 0.0797146
21076.00000 0.0824625
21077.00000 0.0857887
21078.00000 0.0901914
21079.00000 0.0936133
21080.00000 0.0968909
21081.00000 0.100486
21082.00000 0.105337
21083.00000 0.109653
21084.00000 0.113509
21085.00000 0.117012
21086.00000 0.122591
21087.00000 0.127062
21088.00000 0.132595
21089.00000 0.136614
21090.00000 0.14185
21091.00000 0.14819
21092.00000 0.153672
21093.00000 0.158735
21094.00000 0.164785
21095.00000 0.171673
21096.00000 0.178381
21097.00000 0.184411
21098.00000 0.190138
21099.00000 0.198129
21100.00000 0.20519
21101.00000 0.212397
21102.00000 0.218009
21103.00000 0.225905
21104.00000 0.234039
21105.00000 0.241897
21106.00000 0.248505
21107.00000 0.25495
21108.00000 0.264956
21109.00000 0.274097
21110.00000 0.281357
21111.00000 0.288642
21112.00000 0.299381
21113.00000 0.308267
21114.00000 0.31757
21115.00000 0.325462
21116.00000 0.334001
21117.00000 0.344816
21118.00000 0.354681
21119.00000 0.362926
21120.00000 0.37192
21121.00000 0.382314
21122.00000 0.392359
21123.00000 0.401488
21124.00000 0.408452
21125.00000 0.419425
21126.00000 0.430983
21127.00000 0.439888
21128.00000 0.447892
21129.00000 0.459373
21130.00000 0.470351
21131.00000 0.4804
21132.00000 0.488983
21133.00000 0.498534
21134.00000 0.510024
21135.00000 0.520348
21136.00000 0.528589
21137.00000 0.536994
21138.00000 0.547153
21139.00000 0.556994
21140.00000 0.566111
21141.00000 0.573624
21142.00000 0.582692
21143.00000 0.593284
21144.00000 0.602203
21145.00000 0.610314
21146.00000 0.618216
21147.00000 0.628048
21148.00000 0.6372
21149.00000 0.645459
21150.00000 0.65106
21151.00000 0.659869
21152.00000 0.669005
21153.00000 0.674835
21154.00000 0.681056
21155.00000 0.68867
21156.00000 0.695544
21157.00000 0.702586
21158.00000 0.708444
21159.00000 0.713684
21160.00000 0.721031
21161.00000 0.7262
21162.00000 0.73226
21163.00000 0.737769
21164.00000 0.743606
21165.00000 0.749088
21166.00000 0.754584
21167.00000 0.758516
21168.00000 0.762452
21169.00000 0.767512
21170.00000 0.771767
21171.00000 0.775568
21172.00000 0.780097
21173.00000 0.783639
21174.00000 0.787779
21175.00000 0.790839
21176.00000 0.7937
21177.00000 0.797495
21178.00000 0.800494
21179.00000 0.803291
21180.00000 0.805689
21181.00000 0.808008
21182.00000 0.810691
21183.00000 0.812361
21184.00000 0.813252
21185.00000 0.816119
21186.00000 0.818964
21187.00000 0.820682
21188.00000 0.821722
21189.00000 0.822962
21190.00000 0.824066
21191.00000 0.825223
21192.00000 0.827185
21193.00000 0.828528
21194.00000 0.829937
21195.00000 0.830733
21196.00000 0.831448
21197.00000 0.831773
21198.00000 0.831948
21199.00000 0.833081
21200.00000 0.83454
21201.00000 0.835376
21202.00000 0.835986
21203.00000 0.836637
21204.00000 0.836718
21205.00000 0.836462
21206.00000 0.836424
21207.00000 0.836683
21208.00000 0.836761
21209.00000 0.837342
21210.00000 0.837643
21211.00000 0.837992
21212.00000 0.838244
21213.00000 0.837556
21214.00000 0.837147
21215.00000 0.8379
21216.00000 0.838143
21217.00000 0.838453
21218.00000 0.839056
21219.00000 0.83827
21220.00000 0.837667
21221.00000 0.836964
21222.00000 0.836647
21223.00000 0.836816
21224.00000 0.836285
21225.00000 0.835456
21226.00000 0.835311
21227.00000 0.834982
21228.00000 0.834307
21229.00000 0.833502
21230.00000 0.833414
21231.00000 0.833215
21232.00000 0.832551
21233.00000 0.831735
21234.00000 0.831041
21235.00000 0.830027
21236.00000 0.829617
21237.00000 0.828538
21238.00000 0.827611
21239.00000 0.827336
21240.00000 0.826805
21241.00000 0.82512
21242.00000 0.824055
21243.00000 0.8226
21244.00000 0.822111
21245.00000 0.821358
21246.00000 0.820187
21247.00000 0.819687
21248.00000 0.818478
21249.00000 0.817159
21250.00000 0.815366
21251.00000 0.813368
21252.00000 0.812581
21253.00000 0.810908
21254.00000 0.808616
21255.00000 0.807487
21256.00000 0.80501
21257.00000 0.803218
21258.00000 0.801028
21259.00000 0.799246
21260.00000 0.796494
21261.00000 0.793641
21262.00000 0.791325
21263.00000 0.789472
21264.00000 0.786402
21265.00000 0.783279
21266.00000 0.780086
21267.00000 0.776949
21268.00000 0.773288
21269.00000 0.769457
21270.00000 0.766225
21271.00000 0.763721
21272.00000 0.759363
21273.00000 0.754264
21274.00000 0.749292
21275.00000 0.745872
21276.00000 0.740483
21277.00000 0.734889
21278.00000 0.729354
21279.00000 0.72566
21280.00000 0.720478
21281.00000 0.713913
21282.00000 0.705842
21283.00000 0.701411
21284.00000 0.697139
21285.00000 0.688889
21286.00000 0.681653
21287.00000 0.67505
21288.00000 0.669249
21289.00000 0.66114
21290.00000 0.651563
21291.00000 0.64419
21292.00000 0.63978
21293.00000 0.631776
21294.00000 0.621299
21295.00000 0.612488
21296.00000 0.605801
21297.00000 0.598079
21298.00000 0.587918
21299.00000 0.578518
21300.00000 0.570582
21301.00000 0.562277
21302.00000 0.550508
21303.00000 0.541692
21304.00000 0.530881
21305.00000 0.522815
21306.00000 0.51224
21307.00000 0.501559
21308.00000 0.490461
21309.00000 0.481736
21310.00000 0.473572
21311.00000 0.462178
21312.00000 0.450149
21313.00000 0.440864
21314.00000 0.43191
21315.00000 0.422301
21316.00000 0.410149
21317.00000 0.39998
21318.00000 0.391966
21319.00000 0.379357
21320.00000 0.367854
21321.00000 0.357428
21322.00000 0.348589
21323.00000 0.340536
21324.00000 0.328439
21325.00000 0.317182
21326.00000 0.310127
21327.00000 0.301885
21328.00000 0.290711
21329.00000 0.280816
21330.00000 0.272334
21331.00000 0.26474
21332.00000 0.255947
21333.00000 0.246533
21334.00000 0.236967
21335.00000 0.229041
21336.00000 0.222104
21337.00000 0.213014
21338.00000 0.203457
21339.00000 0.197266
21340.00000 0.190577
21341.00000 0.182342
21342.00000 0.173113
21343.00000 0.167251
21344.00000 0.161786
21345.00000 0.154243
21346.00000 0.148099
21347.00000 0.14145
21348.00000 0.136452
21349.00000 0.131011
21350.00000 0.124609
21351.00000 0.118523
21352.00000 0.114156
21353.00000 0.109427
21354.00000 0.103655
21355.00000 0.0985802
21356.00000 0.0942847
21357.00000 0.0906111
21358.00000 0.0858061
21359.00000 0.0812984
21360.00000 0.0777026
21361.00000 0.0744231
21362.00000 0.0710649
21363.00000 0.0674863
21364.00000 0.0640298
21365.00000 0.0613171
21366.00000 0.0588626
21367.00000 0.055732
21368.00000 0.0526857
21369.00000 0.05044
21370.00000 0.0483213
21371.00000 0.0455364
21372.00000 0.043406
21373.00000 0.040869
21374.00000 0.0395929
21375.00000 0.0375849
21376.00000 0.035565
21377.00000 0.0339421
21378.00000 0.0323979
21379.00000 0.0309079
21380.00000 0.0296435
21381.00000 0.0279101
21382.00000 0.0267033
21383.00000 0.0257302
21384.00000 0.0244496
21385.00000 0.0233058
21386.00000 0.0221154
21387.00000 0.0213109
21388.00000 0.0203781
21389.00000 0.0194821
21390.00000 0.0184607
21391.00000 0.0176584
21392.00000 0.0170169
21393.00000 0.016214
21394.00000 0.0154421
21395.00000 0.0147904
21396.00000 0.0142137
21397.00000 0.0136031
21398.00000 0.0129941
21399.00000 0.012428
21400.00000 0.0121191
21401.00000 0.0115026
21402.00000 0.011019
21403.00000 0.0106099
21404.00000 0.0102474
21405.00000 0.00982268
21406.00000 0.00947356
21407.00000 0.0089178
21408.00000 0.00871664
21409.00000 0.00837357
21410.00000 0.0080661
21411.00000 0.00777467
21412.00000 0.00736664
21413.00000 0.00714448
21414.00000 0.00695615
21415.00000 0.00664138
21416.00000 0.00637271
21417.00000 0.00620744
21418.00000 0.00598533
21419.00000 0.00565864
21420.00000 0.00560682
21421.00000 0.00538077
21422.00000 0.0051239
21423.00000 0.00501998
23565.30078 0.0
