threeML/data/optical_filters/CAHA/Omega2000-OI.ecsv
# %ECSV 0.9
# ---
# datatype:
# - {name: wavelength, unit: Angstrom, datatype: float32}
# - {name: response, datatype: float32}
# meta: !!omap
# - {band_name: OI}
# - {group_name: Omega2000}
wavelength response
10962.00000 0.0
12180.00000 0.00105
12181.00000 0.00239
12182.00000 0.00134
12183.00000 0.00198
12184.00000 0.00281
12185.00000 0.00364
12186.00000 0.00307
12187.00000 0.00069
12188.00000 0.00223
12189.00000 0.00191
12190.00000 0.00161
12191.00000 0.00217
12192.00000 0.00249
12193.00000 0.00289
12194.00000 0.002
12195.00000 0.00203
12196.00000 0.00223
12197.00000 0.00342
12198.00000 0.00278
12199.00000 0.00263
12200.00000 0.00265
12201.00000 0.00117
12202.00000 0.00213
12203.00000 0.0032
12204.00000 0.00361
12205.00000 0.00251
12206.00000 0.00368
12207.00000 0.00234
12208.00000 0.00265
12209.00000 0.00411
12210.00000 0.00367
12211.00000 0.00302
12212.00000 0.00315
12213.00000 0.00339
12214.00000 0.00398
12215.00000 0.00378
12216.00000 0.00428
12217.00000 0.00333
12218.00000 0.00304
12219.00000 0.00439
12220.00000 0.00484
12221.00000 0.0041
12222.00000 0.00364
12223.00000 0.0039
12224.00000 0.00516
12225.00000 0.00599
12226.00000 0.00482
12227.00000 0.00601
12228.00000 0.00441
12229.00000 0.00461
12230.00000 0.00457
12231.00000 0.00577
12232.00000 0.00618
12233.00000 0.00612
12234.00000 0.00546
12235.00000 0.00738
12236.00000 0.0058
12237.00000 0.00641
12238.00000 0.00747
12239.00000 0.00751
12240.00000 0.00897
12241.00000 0.00853
12242.00000 0.00731
12243.00000 0.01017
12244.00000 0.00963
12245.00000 0.00978
12246.00000 0.01007
12247.00000 0.00937
12248.00000 0.01128
12249.00000 0.01092
12250.00000 0.01077
12251.00000 0.01118
12252.00000 0.01327
12253.00000 0.014
12254.00000 0.01449
12255.00000 0.01439
12256.00000 0.01518
12257.00000 0.01671
12258.00000 0.01689
12259.00000 0.01802
12260.00000 0.01915
12261.00000 0.0198
12262.00000 0.02037
12263.00000 0.02121
12264.00000 0.02216
12265.00000 0.02419
12266.00000 0.02473
12267.00000 0.02598
12268.00000 0.02709
12269.00000 0.02901
12270.00000 0.02906
12271.00000 0.03134
12272.00000 0.03286
12273.00000 0.03441
12274.00000 0.03648
12275.00000 0.03916
12276.00000 0.04037
12277.00000 0.04335
12278.00000 0.04753
12279.00000 0.0482
12280.00000 0.05087
12281.00000 0.05484
12282.00000 0.05744
12283.00000 0.06001
12284.00000 0.06323
12285.00000 0.06639
12286.00000 0.07103
12287.00000 0.07414
12288.00000 0.0778
12289.00000 0.08284
12290.00000 0.08716
12291.00000 0.09224
12292.00000 0.09682
12293.00000 0.10156
12294.00000 0.10877
12295.00000 0.11498
12296.00000 0.12125
12297.00000 0.12667
12298.00000 0.13489
12299.00000 0.14116
12300.00000 0.14905
12301.00000 0.15564
12302.00000 0.16209
12303.00000 0.17229
12304.00000 0.18277
12305.00000 0.19007
12306.00000 0.19867
12307.00000 0.21071
12308.00000 0.22184
12309.00000 0.23181
12310.00000 0.24159
12311.00000 0.2559
12312.00000 0.26865
12313.00000 0.27904
12314.00000 0.29197
12315.00000 0.30235
12316.00000 0.31752
12317.00000 0.33105
12318.00000 0.34462
12319.00000 0.3555
12320.00000 0.37387
12321.00000 0.38997
12322.00000 0.40376
12323.00000 0.41658
12324.00000 0.43191
12325.00000 0.44996
12326.00000 0.467
12327.00000 0.47887
12328.00000 0.49492
12329.00000 0.51021
12330.00000 0.52717
12331.00000 0.54186
12332.00000 0.55456
12333.00000 0.56985
12334.00000 0.58535
12335.00000 0.59646
12336.00000 0.60895
12337.00000 0.62373
12338.00000 0.63835
12339.00000 0.6488
12340.00000 0.65737
12341.00000 0.66858
12342.00000 0.68218
12343.00000 0.69275
12344.00000 0.69982
12345.00000 0.70854
12346.00000 0.71912
12347.00000 0.72442
12348.00000 0.73053
12349.00000 0.73831
12350.00000 0.74294
12351.00000 0.7497
12352.00000 0.75602
12353.00000 0.7579
12354.00000 0.76216
12355.00000 0.76647
12356.00000 0.77068
12357.00000 0.77282
12358.00000 0.77433
12359.00000 0.77906
12360.00000 0.78126
12361.00000 0.78299
12362.00000 0.78375
12363.00000 0.78725
12364.00000 0.78825
12365.00000 0.79017
12366.00000 0.79048
12367.00000 0.79087
12368.00000 0.792
12369.00000 0.79155
12370.00000 0.7921
12371.00000 0.79235
12372.00000 0.79366
12373.00000 0.79343
12374.00000 0.79289
12375.00000 0.79411
12376.00000 0.79441
12377.00000 0.79255
12378.00000 0.79253
12379.00000 0.79359
12380.00000 0.79392
12381.00000 0.79342
12382.00000 0.79243
12383.00000 0.79212
12384.00000 0.79064
12385.00000 0.78979
12386.00000 0.79152
12387.00000 0.78852
12388.00000 0.78844
12389.00000 0.78624
12390.00000 0.78511
12391.00000 0.78447
12392.00000 0.78193
12393.00000 0.78135
12394.00000 0.77879
12395.00000 0.77771
12396.00000 0.77596
12397.00000 0.77153
12398.00000 0.77011
12399.00000 0.76626
12400.00000 0.76425
12401.00000 0.76037
12402.00000 0.75554
12403.00000 0.75267
12404.00000 0.74953
12405.00000 0.74634
12406.00000 0.7406
12407.00000 0.73579
12408.00000 0.72889
12409.00000 0.72409
12410.00000 0.71852
12411.00000 0.71243
12412.00000 0.70554
12413.00000 0.70009
12414.00000 0.69155
12415.00000 0.681
12416.00000 0.6741
12417.00000 0.66469
12418.00000 0.65891
12419.00000 0.6462
12420.00000 0.63615
12421.00000 0.6277
12422.00000 0.6181
12423.00000 0.60661
12424.00000 0.59519
12425.00000 0.58183
12426.00000 0.57153
12427.00000 0.55653
12428.00000 0.54197
12429.00000 0.52998
12430.00000 0.51698
12431.00000 0.50515
12432.00000 0.48729
12433.00000 0.47427
12434.00000 0.46057
12435.00000 0.44637
12436.00000 0.43333
12437.00000 0.41695
12438.00000 0.40385
12439.00000 0.38788
12440.00000 0.37481
12441.00000 0.35819
12442.00000 0.34416
12443.00000 0.33141
12444.00000 0.31945
12445.00000 0.3005
12446.00000 0.29092
12447.00000 0.27622
12448.00000 0.26469
12449.00000 0.25181
12450.00000 0.23766
12451.00000 0.22727
12452.00000 0.21807
12453.00000 0.20737
12454.00000 0.19632
12455.00000 0.18819
12456.00000 0.17865
12457.00000 0.16872
12458.00000 0.15961
12459.00000 0.15217
12460.00000 0.14492
12461.00000 0.1383
12462.00000 0.12866
12463.00000 0.12292
12464.00000 0.11633
12465.00000 0.10952
12466.00000 0.10504
12467.00000 0.09765
12468.00000 0.09183
12469.00000 0.08956
12470.00000 0.08582
12471.00000 0.07942
12472.00000 0.07573
12473.00000 0.07055
12474.00000 0.06902
12475.00000 0.06412
12476.00000 0.06174
12477.00000 0.05885
12478.00000 0.05485
12479.00000 0.05371
12480.00000 0.05117
12481.00000 0.04656
12482.00000 0.0442
12483.00000 0.04357
12484.00000 0.04026
12485.00000 0.03787
12486.00000 0.0364
12487.00000 0.03604
12488.00000 0.0324
12489.00000 0.03139
12490.00000 0.03138
12491.00000 0.02829
12492.00000 0.02828
12493.00000 0.02626
12494.00000 0.02343
12495.00000 0.02463
12496.00000 0.02288
12497.00000 0.02099
12498.00000 0.02082
12499.00000 0.02039
12500.00000 0.01833
12501.00000 0.01805
12502.00000 0.0169
12503.00000 0.01636
12504.00000 0.01638
12505.00000 0.01429
12506.00000 0.01547
12507.00000 0.01526
12508.00000 0.0139
12509.00000 0.01234
12510.00000 0.01173
12511.00000 0.01208
12512.00000 0.01225
12513.00000 0.01123
12514.00000 0.01082
12515.00000 0.01021
12516.00000 0.0104
12517.00000 0.00913
12518.00000 0.00879
12519.00000 0.00893
12520.00000 0.00843
12521.00000 0.00892
12522.00000 0.00866
12523.00000 0.00654
12524.00000 0.00705
12525.00000 0.00672
12526.00000 0.00771
12527.00000 0.00631
12528.00000 0.0061
12529.00000 0.0056
12530.00000 0.00697
12531.00000 0.00573
12532.00000 0.00487
12533.00000 0.00718
12534.00000 0.0054
12535.00000 0.00621
12536.00000 0.00487
12537.00000 0.00486
12538.00000 0.00528
12539.00000 0.00378
12540.00000 0.00507
12541.00000 0.00505
12542.00000 0.00447
12543.00000 0.00392
12544.00000 0.00361
12545.00000 0.00461
12546.00000 0.00495
12547.00000 0.00505
12548.00000 0.00352
12549.00000 0.00364
12550.00000 0.00351
12551.00000 0.00374
12552.00000 0.00469
12553.00000 0.0042
12554.00000 0.00332
12555.00000 0.00348
12556.00000 0.00216
12557.00000 0.00261
12558.00000 0.00221
12559.00000 0.00265
12560.00000 0.0042
12561.00000 0.00458
12562.00000 0.00083
13818.20020 0.0
