threeML/data/optical_filters/NOT/ALFOSC-Bes_V.ecsv
# %ECSV 0.9
# ---
# datatype:
# - {name: wavelength, unit: Angstrom, datatype: float32}
# - {name: response, datatype: float32}
# meta: !!omap
# - {band_name: Bes_V}
# - {group_name: ALFOSC}
wavelength response
4297.50000 0.0
4775.00000 0.00426
4780.00000 0.005874
4785.00000 0.007996
4790.00000 0.01079
4795.00000 0.01416
4800.00000 0.01846
4805.00000 0.02347
4810.00000 0.02958
4815.00000 0.03682
4820.00000 0.045
4825.00000 0.05458
4830.00000 0.06509
4835.00000 0.07697
4840.00000 0.09009
4845.00000 0.104
4850.00000 0.1194
4855.00000 0.1359
4860.00000 0.1531
4865.00000 0.1713
4870.00000 0.1901
4875.00000 0.2095
4880.00000 0.2299
4885.00000 0.2499
4890.00000 0.2708
4895.00000 0.2919
4900.00000 0.3126
4905.00000 0.3336
4910.00000 0.3547
4915.00000 0.3751
4920.00000 0.3961
4925.00000 0.4158
4930.00000 0.4351
4935.00000 0.4543
4940.00000 0.4729
4945.00000 0.4915
4950.00000 0.5091
4955.00000 0.5259
4960.00000 0.5425
4965.00000 0.5585
4970.00000 0.574
4975.00000 0.5886
4980.00000 0.6028
4985.00000 0.6168
4990.00000 0.6299
4995.00000 0.6421
5000.00000 0.6544
5005.00000 0.6657
5010.00000 0.6766
5015.00000 0.6871
5020.00000 0.6965
5025.00000 0.7066
5030.00000 0.7149
5035.00000 0.7235
5040.00000 0.7315
5045.00000 0.7397
5050.00000 0.747
5055.00000 0.7542
5060.00000 0.7608
5065.00000 0.7671
5070.00000 0.7731
5075.00000 0.7783
5080.00000 0.7839
5085.00000 0.7892
5090.00000 0.7939
5095.00000 0.7985
5100.00000 0.8026
5105.00000 0.8071
5110.00000 0.8109
5115.00000 0.8148
5120.00000 0.8186
5125.00000 0.8214
5130.00000 0.824
5135.00000 0.8269
5140.00000 0.8301
5145.00000 0.8324
5150.00000 0.8347
5155.00000 0.8374
5160.00000 0.8393
5165.00000 0.8411
5170.00000 0.8426
5175.00000 0.8449
5180.00000 0.846
5185.00000 0.8475
5190.00000 0.8489
5195.00000 0.8495
5200.00000 0.8505
5205.00000 0.8514
5210.00000 0.8526
5215.00000 0.8535
5220.00000 0.8536
5225.00000 0.8544
5230.00000 0.8547
5235.00000 0.8548
5240.00000 0.8551
5245.00000 0.8557
5250.00000 0.8553
5255.00000 0.8553
5260.00000 0.8548
5265.00000 0.8547
5270.00000 0.8539
5275.00000 0.8534
5280.00000 0.8534
5285.00000 0.8532
5290.00000 0.8523
5295.00000 0.852
5300.00000 0.8512
5305.00000 0.8508
5310.00000 0.8494
5315.00000 0.8482
5320.00000 0.8474
5325.00000 0.8463
5330.00000 0.8445
5335.00000 0.8435
5340.00000 0.8425
5345.00000 0.8411
5350.00000 0.8396
5355.00000 0.8379
5360.00000 0.8364
5365.00000 0.8342
5370.00000 0.8321
5375.00000 0.8308
5380.00000 0.8295
5385.00000 0.8269
5390.00000 0.825
5395.00000 0.824
5400.00000 0.8211
5405.00000 0.8183
5410.00000 0.8165
5415.00000 0.814
5420.00000 0.8116
5425.00000 0.8087
5430.00000 0.8061
5435.00000 0.804
5440.00000 0.8007
5445.00000 0.7982
5450.00000 0.7951
5455.00000 0.7919
5460.00000 0.7893
5465.00000 0.7864
5470.00000 0.7835
5475.00000 0.7802
5480.00000 0.7766
5485.00000 0.7733
5490.00000 0.7695
5495.00000 0.7663
5500.00000 0.7628
5505.00000 0.7593
5510.00000 0.7556
5515.00000 0.7516
5520.00000 0.7476
5525.00000 0.7445
5530.00000 0.7403
5535.00000 0.7362
5540.00000 0.7324
5545.00000 0.7281
5550.00000 0.7241
5555.00000 0.72
5560.00000 0.7156
5565.00000 0.7108
5570.00000 0.7065
5575.00000 0.7023
5580.00000 0.6976
5585.00000 0.6929
5590.00000 0.6882
5595.00000 0.6835
5600.00000 0.6788
5605.00000 0.6742
5610.00000 0.669
5615.00000 0.6642
5620.00000 0.6594
5625.00000 0.6545
5630.00000 0.6493
5635.00000 0.6443
5640.00000 0.639
5645.00000 0.6338
5650.00000 0.6279
5655.00000 0.6222
5660.00000 0.6167
5665.00000 0.6119
5670.00000 0.6065
5675.00000 0.6008
5680.00000 0.5952
5685.00000 0.5902
5690.00000 0.585
5695.00000 0.578
5700.00000 0.5721
5705.00000 0.5665
5710.00000 0.5606
5715.00000 0.5552
5720.00000 0.5487
5725.00000 0.5429
5730.00000 0.5372
5735.00000 0.5312
5740.00000 0.5247
5745.00000 0.5188
5750.00000 0.5128
5755.00000 0.5068
5760.00000 0.5008
5765.00000 0.4947
5770.00000 0.4887
5775.00000 0.4825
5780.00000 0.4762
5785.00000 0.4701
5790.00000 0.4638
5795.00000 0.4577
5800.00000 0.4516
5805.00000 0.4454
5810.00000 0.4393
5815.00000 0.4331
5820.00000 0.4268
5825.00000 0.4206
5830.00000 0.4143
5835.00000 0.4082
5840.00000 0.4024
5845.00000 0.396
5850.00000 0.3897
5855.00000 0.3837
5860.00000 0.378
5865.00000 0.3719
5870.00000 0.3653
5875.00000 0.3591
5880.00000 0.3532
5885.00000 0.3471
5890.00000 0.3412
5895.00000 0.3355
5900.00000 0.3294
5905.00000 0.3234
5910.00000 0.3174
5915.00000 0.3118
5920.00000 0.306
5925.00000 0.3004
5930.00000 0.2945
5935.00000 0.2888
5940.00000 0.2831
5945.00000 0.2773
5950.00000 0.2718
5955.00000 0.2664
5960.00000 0.261
5965.00000 0.2553
5970.00000 0.2501
5975.00000 0.2448
5980.00000 0.2394
5985.00000 0.2341
5990.00000 0.2289
5995.00000 0.2238
6000.00000 0.2188
6005.00000 0.2139
6010.00000 0.209
6015.00000 0.2042
6020.00000 0.1993
6025.00000 0.1945
6030.00000 0.1898
6035.00000 0.1851
6040.00000 0.1805
6045.00000 0.1762
6050.00000 0.1717
6055.00000 0.1673
6060.00000 0.1631
6065.00000 0.1588
6070.00000 0.1546
6075.00000 0.1505
6080.00000 0.1465
6085.00000 0.1424
6090.00000 0.1385
6095.00000 0.1347
6100.00000 0.131
6105.00000 0.1272
6110.00000 0.1236
6115.00000 0.12
6120.00000 0.1167
6125.00000 0.1132
6130.00000 0.1098
6135.00000 0.1066
6140.00000 0.1033
6145.00000 0.1003
6150.00000 0.0971
6155.00000 0.09412
6160.00000 0.0912
6165.00000 0.08822
6170.00000 0.0854
6175.00000 0.08267
6180.00000 0.08
6185.00000 0.07731
6190.00000 0.07473
6195.00000 0.07222
6200.00000 0.06976
6205.00000 0.06739
6210.00000 0.0651
6215.00000 0.06292
6220.00000 0.0607
6225.00000 0.05859
6230.00000 0.0565
6235.00000 0.05453
6240.00000 0.05251
6245.00000 0.05061
6250.00000 0.0487
6255.00000 0.04687
6260.00000 0.04514
6265.00000 0.04345
6270.00000 0.04177
6275.00000 0.04018
6280.00000 0.03861
6285.00000 0.0371
6290.00000 0.03564
6295.00000 0.03426
6300.00000 0.03283
6305.00000 0.03155
6310.00000 0.0303
6315.00000 0.02904
6320.00000 0.02777
6325.00000 0.02664
6330.00000 0.02553
6335.00000 0.02446
6340.00000 0.02341
6345.00000 0.0224
6350.00000 0.02143
6355.00000 0.02052
6360.00000 0.01959
6365.00000 0.01872
6370.00000 0.01792
6375.00000 0.01712
6380.00000 0.01634
6385.00000 0.01555
6390.00000 0.01489
6395.00000 0.01419
6400.00000 0.01354
6405.00000 0.01291
6410.00000 0.01227
6415.00000 0.01171
6420.00000 0.01116
6425.00000 0.01059
6430.00000 0.01006
6435.00000 0.009695
6440.00000 0.009223
6445.00000 0.008777
6450.00000 0.008341
6455.00000 0.007927
6460.00000 0.007535
6465.00000 0.007134
6470.00000 0.006772
6475.00000 0.006428
6480.00000 0.006092
6485.00000 0.005768
6490.00000 0.005467
6495.00000 0.005186
6500.00000 0.004905
6505.00000 0.00464
6510.00000 0.004406
6515.00000 0.004156
7166.50000 0.0
