threeML/data/optical_filters/NOT/ALFOSC-i797.ecsv
# %ECSV 0.9
# ---
# datatype:
# - {name: wavelength, unit: Angstrom, datatype: float32}
# - {name: response, datatype: float32}
# meta: !!omap
# - {band_name: i797}
# - {group_name: ALFOSC}
wavelength response
6381.00000 0.0
7090.00000 0.004791
7095.00000 0.006071
7100.00000 0.007655
7105.00000 0.009779
7110.00000 0.01242
7115.00000 0.0161
7120.00000 0.020568
7125.00000 0.026797
7130.00000 0.034677
7135.00000 0.045432
7140.00000 0.059069
7145.00000 0.0775
7150.00000 0.100312
7155.00000 0.132534
7160.00000 0.169368
7165.00000 0.217413
7170.00000 0.272827
7175.00000 0.337953
7180.00000 0.405185
7185.00000 0.475301
7190.00000 0.502273
7195.00000 0.604985
7200.00000 0.654998
7205.00000 0.699116
7210.00000 0.730213
7215.00000 0.754585
7220.00000 0.773394
7225.00000 0.786696
7230.00000 0.797878
7235.00000 0.806352
7240.00000 0.814945
7245.00000 0.822098
7250.00000 0.82967
7255.00000 0.834781
7260.00000 0.840689
7265.00000 0.845696
7270.00000 0.851084
7275.00000 0.855089
7280.00000 0.858842
7285.00000 0.861212
7290.00000 0.862531
7295.00000 0.864048
7300.00000 0.862784
7305.00000 0.864017
7310.00000 0.863597
7315.00000 0.861802
7320.00000 0.863002
7325.00000 0.861538
7330.00000 0.86071
7335.00000 0.859809
7340.00000 0.859683
7345.00000 0.860591
7350.00000 0.859128
7355.00000 0.860162
7360.00000 0.859651
7365.00000 0.861287
7370.00000 0.862986
7375.00000 0.863943
7380.00000 0.865359
7385.00000 0.868288
7390.00000 0.869731
7395.00000 0.871631
7400.00000 0.874459
7405.00000 0.876769
7410.00000 0.875761
7415.00000 0.878945
7420.00000 0.879651
7425.00000 0.879203
7430.00000 0.881909
7435.00000 0.882454
7440.00000 0.881777
7445.00000 0.882124
7450.00000 0.883416
7455.00000 0.881589
7460.00000 0.88078
7465.00000 0.882701
7470.00000 0.879421
7475.00000 0.879427
7480.00000 0.87791
7485.00000 0.877882
7490.00000 0.877018
7495.00000 0.876477
7500.00000 0.876696
7505.00000 0.877522
7510.00000 0.875634
7515.00000 0.876329
7520.00000 0.875218
7525.00000 0.876232
7530.00000 0.875601
7535.00000 0.876879
7540.00000 0.879099
7545.00000 0.879127
7550.00000 0.881184
7555.00000 0.882811
7560.00000 0.883384
7565.00000 0.884656
7570.00000 0.887788
7575.00000 0.890338
7580.00000 0.893722
7585.00000 0.894049
7590.00000 0.895859
7595.00000 0.896822
7600.00000 0.900317
7605.00000 0.903322
7610.00000 0.901953
7615.00000 0.906297
7620.00000 0.906215
7625.00000 0.906848
7630.00000 0.907753
7635.00000 0.908636
7640.00000 0.908362
7645.00000 0.909798
7650.00000 0.911349
7655.00000 0.911025
7660.00000 0.912157
7665.00000 0.911727
7670.00000 0.90777
7675.00000 0.908927
7680.00000 0.908014
7685.00000 0.906899
7690.00000 0.9058
7695.00000 0.90536
7700.00000 0.901708
7705.00000 0.899463
7710.00000 0.898796
7715.00000 0.894746
7720.00000 0.89309
7725.00000 0.892761
7730.00000 0.888855
7735.00000 0.886905
7740.00000 0.884063
7745.00000 0.883884
7750.00000 0.880874
7755.00000 0.878415
7760.00000 0.876464
7765.00000 0.874214
7770.00000 0.871415
7775.00000 0.868667
7780.00000 0.869747
7785.00000 0.865821
7790.00000 0.863887
7795.00000 0.86264
7800.00000 0.860011
7805.00000 0.859379
7810.00000 0.857307
7815.00000 0.854199
7820.00000 0.853359
7825.00000 0.852933
7830.00000 0.851809
7835.00000 0.850444
7840.00000 0.849979
7845.00000 0.849985
7850.00000 0.848046
7855.00000 0.848478
7860.00000 0.847166
7865.00000 0.850357
7870.00000 0.849204
7875.00000 0.847702
7880.00000 0.848949
7885.00000 0.847135
7890.00000 0.848793
7895.00000 0.849853
7900.00000 0.849814
7905.00000 0.853678
7910.00000 0.853778
7915.00000 0.854193
7920.00000 0.855141
7925.00000 0.855356
7930.00000 0.857152
7935.00000 0.859497
7940.00000 0.860375
7945.00000 0.86279
7950.00000 0.862576
7955.00000 0.864151
7960.00000 0.866696
7965.00000 0.873204
7970.00000 0.874045
7975.00000 0.873312
7980.00000 0.87602
7985.00000 0.877088
7990.00000 0.880559
7995.00000 0.880893
8000.00000 0.882455
8005.00000 0.885028
8010.00000 0.887709
8015.00000 0.887978
8020.00000 0.889313
8025.00000 0.891744
8030.00000 0.893436
8035.00000 0.892084
8040.00000 0.894104
8045.00000 0.894288
8050.00000 0.895284
8055.00000 0.89635
8060.00000 0.897017
8065.00000 0.896288
8070.00000 0.894737
8075.00000 0.89577
8080.00000 0.89484
8085.00000 0.895792
8090.00000 0.893864
8095.00000 0.891824
8100.00000 0.891008
8105.00000 0.891662
8110.00000 0.888385
8115.00000 0.890022
8120.00000 0.88675
8125.00000 0.884574
8130.00000 0.883661
8135.00000 0.881114
8140.00000 0.878438
8145.00000 0.87864
8150.00000 0.875309
8155.00000 0.874313
8160.00000 0.871049
8165.00000 0.871767
8170.00000 0.866709
8175.00000 0.865379
8180.00000 0.863874
8185.00000 0.862297
8190.00000 0.861343
8195.00000 0.859922
8200.00000 0.85755
8205.00000 0.858723
8210.00000 0.855076
8215.00000 0.856268
8220.00000 0.852703
8225.00000 0.858133
8230.00000 0.85763
8235.00000 0.85537
8240.00000 0.853199
8245.00000 0.855974
8250.00000 0.857417
8255.00000 0.858125
8260.00000 0.858872
8265.00000 0.857428
8270.00000 0.857956
8275.00000 0.86128
8280.00000 0.860987
8285.00000 0.863165
8290.00000 0.863694
8295.00000 0.863908
8300.00000 0.869112
8305.00000 0.86893
8310.00000 0.870794
8315.00000 0.871304
8320.00000 0.871333
8325.00000 0.872633
8330.00000 0.874618
8335.00000 0.871793
8340.00000 0.875877
8345.00000 0.873246
8350.00000 0.875441
8355.00000 0.876385
8360.00000 0.879089
8365.00000 0.876236
8370.00000 0.876836
8375.00000 0.878494
8380.00000 0.877408
8385.00000 0.87464
8390.00000 0.878755
8395.00000 0.875948
8400.00000 0.873654
8405.00000 0.872856
8410.00000 0.876274
8415.00000 0.874331
8420.00000 0.872058
8425.00000 0.874592
8430.00000 0.869094
8435.00000 0.874137
8440.00000 0.874206
8445.00000 0.870665
8450.00000 0.87011
8455.00000 0.872703
8460.00000 0.875733
8465.00000 0.874195
8470.00000 0.878789
8475.00000 0.877828
8480.00000 0.879545
8485.00000 0.882689
8490.00000 0.884809
8495.00000 0.88768
8500.00000 0.884103
8505.00000 0.884319
8510.00000 0.887229
8515.00000 0.892613
8520.00000 0.891167
8525.00000 0.886815
8530.00000 0.886419
8535.00000 0.881682
8540.00000 0.877611
8545.00000 0.87544
8550.00000 0.87231
8555.00000 0.867526
8560.00000 0.860176
8565.00000 0.858492
8570.00000 0.84354
8575.00000 0.83678
8580.00000 0.823215
8585.00000 0.814117
8590.00000 0.812291
8595.00000 0.800435
8600.00000 0.788595
8605.00000 0.776847
8610.00000 0.771884
8615.00000 0.763518
8620.00000 0.75436
8625.00000 0.743965
8630.00000 0.738058
8635.00000 0.737422
8640.00000 0.72788
8645.00000 0.727498
8650.00000 0.726447
8655.00000 0.73488
8660.00000 0.732938
8665.00000 0.74472
8670.00000 0.746768
8675.00000 0.756988
8680.00000 0.773981
8685.00000 0.792852
8690.00000 0.813325
8695.00000 0.831376
8700.00000 0.846184
8705.00000 0.866273
8710.00000 0.885585
8715.00000 0.869562
8720.00000 0.87194
8725.00000 0.840985
8730.00000 0.808739
8735.00000 0.748499
8740.00000 0.682467
8745.00000 0.60667
8750.00000 0.524599
8755.00000 0.453629
8760.00000 0.384523
8765.00000 0.318722
8770.00000 0.266419
8775.00000 0.219587
8780.00000 0.181457
8785.00000 0.146614
8790.00000 0.122713
8795.00000 0.102394
8800.00000 0.083409
8805.00000 0.068502
8810.00000 0.057863
8815.00000 0.049586
8820.00000 0.042064
8825.00000 0.036413
8830.00000 0.029572
8835.00000 0.024608
8840.00000 0.022862
8845.00000 0.019455
8850.00000 0.015699
8855.00000 0.013594
8860.00000 0.013199
8865.00000 0.011018
8870.00000 0.010158
8875.00000 0.008047
8880.00000 0.00822
8885.00000 0.006667
8890.00000 0.006177
8895.00000 0.005298
8900.00000 0.004489
9790.00000 0.0
