threeML/data/optical_filters/NOT/ALFOSC-Bes_I.ecsv
# %ECSV 0.9
# ---
# datatype:
# - {name: wavelength, unit: Angstrom, datatype: float32}
# - {name: response, datatype: float32}
# meta: !!omap
# - {band_name: Bes_I}
# - {group_name: ALFOSC}
wavelength response
5753.33984 0.0
6392.60010 0.010756
6405.70020 0.010937
6418.70020 0.010929
6431.70020 0.010791
6444.70020 0.010569
6457.70020 0.010381
6470.79980 0.010687
6483.79980 0.010269
6496.79980 0.010203
6509.79980 0.010436
6522.79980 0.010445
6535.79980 0.010337
6548.89990 0.010287
6561.89990 0.010476
6574.89990 0.010338
6587.89990 0.010188
6600.89990 0.010473
6614.00000 0.010373
6627.00000 0.010223
6640.00000 0.010051
6653.00000 0.010085
6666.00000 0.010395
6679.10010 0.009927
6692.10010 0.010209
6705.10010 0.010165
6718.10010 0.010117
6731.10010 0.010369
6744.20020 0.010096
6757.20020 0.009978
6770.20020 0.009956
6783.20020 0.010259
6796.20020 0.010632
6809.20020 0.010307
6822.29980 0.010355
6835.29980 0.010676
6848.29980 0.010786
6861.29980 0.01061
6874.29980 0.010381
6887.39990 0.010565
6900.39990 0.010454
6913.39990 0.010653
6926.39990 0.011336
6939.39990 0.011034
6952.50000 0.01076
6965.50000 0.011654
6978.50000 0.012112
6991.50000 0.012471
7004.50000 0.013583
7017.60010 0.015259
7030.60010 0.018712
7043.60010 0.021883
7056.60010 0.026924
7069.60010 0.035485
7082.60010 0.045567
7095.70020 0.057258
7108.70020 0.071706
7121.70020 0.089618
7134.70020 0.111565
7147.70020 0.134048
7160.79980 0.159954
7173.79980 0.191889
7186.79980 0.221459
7199.79980 0.256713
7212.79980 0.29197
7225.89990 0.325792
7238.89990 0.362777
7251.89990 0.398674
7264.89990 0.434081
7277.89990 0.471015
7291.00000 0.502754
7304.00000 0.538384
7317.00000 0.570713
7330.00000 0.596899
7343.00000 0.632821
7356.00000 0.660739
7369.10010 0.679971
7382.10010 0.711299
7395.10010 0.734025
7408.10010 0.747505
7421.10010 0.77383
7434.20020 0.786771
7447.20020 0.798434
7460.20020 0.826457
7473.20020 0.833159
7486.20020 0.83651
7499.29980 0.864737
7512.29980 0.859949
7525.29980 0.871718
7538.29980 0.892872
7551.29980 0.879353
7564.29980 0.892399
7577.39990 0.915656
7590.39990 0.899592
7603.39990 0.906531
7616.39990 0.929069
7629.39990 0.913936
7642.50000 0.914556
7655.50000 0.944577
7668.50000 0.929388
7681.50000 0.918349
7694.50000 0.946857
7707.60010 0.949379
7720.60010 0.926736
7733.60010 0.948471
7746.60010 0.965509
7759.60010 0.927049
7772.70020 0.946511
7785.70020 0.974354
7798.70020 0.934254
7811.70020 0.935469
7824.70020 0.97571
7837.70020 0.949478
7850.79980 0.923714
7863.79980 0.970043
7876.79980 0.968673
7889.79980 0.920826
7902.79980 0.952515
7915.89990 0.993535
7928.89990 0.942838
7941.89990 0.925754
7954.89990 0.986786
7967.89990 0.964779
7981.00000 0.914436
7994.00000 0.966892
8007.00000 0.996068
8020.00000 0.933828
8033.00000 0.924196
8046.10010 0.987841
8059.10010 0.969368
8072.10010 0.910202
8085.10010 0.954641
8098.10010 1.00301
8111.10010 0.943705
8124.20020 0.90648
8137.20020 0.973525
8150.20020 1.00237
8163.20020 0.931539
8176.20020 0.904325
8189.29980 0.972398
8202.29980 0.995234
8215.29980 0.930236
8228.29980 0.904478
8241.29980 0.970743
8254.40039 0.996086
8267.40039 0.922007
8280.40039 0.902986
8293.40039 0.97889
8306.40039 0.993258
8319.40039 0.910501
8332.50000 0.89905
8345.50000 0.980481
8358.50000 0.992004
8371.50000 0.918362
8384.50000 0.89968
8397.59961 0.965092
8410.59961 0.991901
8423.59961 0.921549
8436.59961 0.886668
8449.59961 0.944348
8462.70020 0.992605
8475.70020 0.946398
8488.70020 0.884388
8501.70020 0.917791
8514.70020 0.990929
8527.79980 0.968523
8540.79980 0.891382
8553.79980 0.882656
8566.79980 0.957144
8579.79980 0.986589
8592.79980 0.919911
8605.90039 0.868324
8618.90039 0.923683
8631.90039 0.979381
8644.90039 0.934321
8657.90039 0.865439
8671.00000 0.894856
8684.00000 0.969468
8697.00000 0.961467
8710.00000 0.88304
8723.00000 0.865282
8736.09961 0.93672
8749.09961 0.972062
8762.09961 0.914576
8775.09961 0.853803
8788.09961 0.891393
8801.20020 0.968258
8814.20020 0.951053
8827.20020 0.876062
8840.20020 0.852954
8853.20020 0.918504
8866.20020 0.969512
8879.29980 0.920179
8892.29980 0.856969
8905.29980 0.871791
8918.29980 0.943933
8931.29980 0.944457
8944.40039 0.88526
8957.40039 0.846869
8970.40039 0.891757
8983.40039 0.944208
8996.40039 0.909539
9009.50000 0.85471
9022.50000 0.862168
9035.50000 0.926526
9048.50000 0.925775
9061.50000 0.87416
9074.50000 0.840379
9087.59961 0.871942
9100.59961 0.920347
9113.59961 0.912606
9126.59961 0.866251
9139.59961 0.834567
9152.70020 0.867962
9165.70020 0.908943
9178.70020 0.888717
9191.70020 0.852028
9204.70020 0.836978
9217.79980 0.865733
9230.79980 0.898807
9243.79980 0.882386
9256.79980 0.854926
9269.79980 0.83411
9282.90039 0.84832
9295.90039 0.884351
9308.90039 0.876512
9321.90039 0.849047
9334.90039 0.830493
9347.90039 0.839012
9361.00000 0.861788
9374.00000 0.863108
9387.00000 0.835206
9400.00000 0.828012
9413.00000 0.833251
9426.09961 0.853574
9439.09961 0.84768
9452.09961 0.823826
9465.09961 0.827319
9478.09961 0.830728
9491.20020 0.834654
9504.20020 0.83342
9517.20020 0.820947
9530.20020 0.814361
9543.20020 0.815588
9556.29980 0.825398
9569.29980 0.815551
9582.29980 0.804004
9595.29980 0.800987
9608.29980 0.797971
9621.29980 0.803944
9634.40039 0.795868
9647.40039 0.779242
9660.40039 0.777672
9673.40039 0.778589
9686.40039 0.788416
9699.50000 0.789054
9712.50000 0.763151
9725.50000 0.750587
9738.50000 0.763212
9751.50000 0.773862
9764.59961 0.786371
9777.59961 0.771392
9790.59961 0.747042
9803.59961 0.735126
9816.59961 0.744855
9829.59961 0.763698
9842.70020 0.781583
9855.70020 0.75657
9868.70020 0.723716
9881.70020 0.710862
9894.70020 0.719215
9907.79980 0.743277
9920.79980 0.763576
9933.79980 0.717249
9946.79980 0.682553
9959.79980 0.695004
9972.90039 0.707214
9985.90039 0.731534
9998.90039 0.743153
10011.90039 0.705125
10024.90039 0.66877
10038.00000 0.667561
10051.00000 0.676101
10064.00000 0.705437
10077.00000 0.737553
10090.00000 0.709408
10103.00000 0.653113
10116.09961 0.646331
10129.09961 0.64796
10142.09961 0.668282
10155.09961 0.684861
10168.09961 0.69302
10181.20020 0.639832
10194.20020 0.611711
10207.20020 0.622905
10220.20020 0.6341
10233.20020 0.671204
10246.29980 0.684785
11270.92969 0.0
