threeML/data/optical_filters/NOT/NOTcam-HeIc.ecsv
# %ECSV 0.9
# ---
# datatype:
# - {name: wavelength, unit: Angstrom, datatype: float32}
# - {name: response, datatype: float32}
# meta: !!omap
# - {band_name: HeIc}
# - {group_name: NOTcam}
wavelength response
19333.25977 0.0
21481.40039 0.004582
21485.50000 0.005082
21489.69922 0.005381
21493.80078 0.006048
21497.90039 0.006614
21502.00000 0.007093
21506.19922 0.007876
21510.30078 0.008688
21514.40039 0.009566
21518.50000 0.010788
21522.59961 0.011777
21526.80078 0.013074
21530.90039 0.014587
21535.00000 0.016329
21539.09961 0.018344
21543.30078 0.020929
21547.40039 0.023323
21551.50000 0.02594
21555.59961 0.029612
21559.69922 0.033053
21563.90039 0.037293
21568.00000 0.042373
21572.09961 0.047924
21576.19922 0.054269
21580.40039 0.061255
21584.50000 0.068988
21588.59961 0.077592
21592.69922 0.086884
21596.80078 0.0983
21601.00000 0.110534
21605.09961 0.124753
21609.19922 0.139936
21613.30078 0.155456
21617.50000 0.172325
21621.59961 0.189937
21625.69922 0.206603
21629.80078 0.226535
21633.90039 0.246314
21638.09961 0.267338
21642.19922 0.290254
21646.30078 0.313393
21650.40039 0.335825
21654.59961 0.356513
21658.69922 0.377783
21662.80078 0.40067
21666.90039 0.420386
21671.00000 0.438727
21675.19922 0.460728
21679.30078 0.480559
21683.40039 0.49686
21687.50000 0.51427
21691.69922 0.529695
21695.80078 0.541775
21699.90039 0.555189
21704.00000 0.56986
21708.09961 0.580766
21712.30078 0.586905
21716.40039 0.595958
21720.50000 0.603669
21724.59961 0.607547
21728.80078 0.614156
21732.90039 0.617176
21737.00000 0.617794
21741.09961 0.621694
21745.19922 0.625247
21749.40039 0.626322
21753.50000 0.627079
21757.59961 0.628332
21761.69922 0.628657
21765.90039 0.629262
21770.00000 0.629599
21774.09961 0.62956
21778.19922 0.629571
21782.30078 0.629621
21786.50000 0.629134
21790.59961 0.627859
21794.69922 0.626936
21798.80078 0.626498
21803.00000 0.625961
21807.09961 0.625729
21811.19922 0.624621
21815.30078 0.622822
21819.40039 0.622189
21823.59961 0.620646
21827.69922 0.619209
21831.80078 0.617683
21835.90039 0.615425
21840.09961 0.614665
21844.19922 0.612885
21848.30078 0.610733
21852.40039 0.609581
21856.50000 0.60731
21860.69922 0.605797
21864.80078 0.602851
21868.90039 0.601298
21873.00000 0.598548
21877.19922 0.594805
21881.30078 0.591287
21885.40039 0.585374
21889.50000 0.57882
21893.59961 0.57294
21897.80078 0.565359
21901.90039 0.558969
21906.00000 0.55071
21910.09961 0.538535
21914.30078 0.528028
21918.40039 0.51681
21922.50000 0.503336
21926.59961 0.488305
21930.69922 0.475049
21934.90039 0.465824
21939.00000 0.453214
21943.09961 0.422499
21947.19922 0.401385
21951.40039 0.382324
21955.50000 0.36295
21959.59961 0.342038
21963.69922 0.322346
21967.80078 0.303144
21972.00000 0.281881
21976.09961 0.261732
21980.19922 0.241512
21984.30078 0.221877
21988.50000 0.204561
21992.59961 0.186785
21996.69922 0.16948
22000.80078 0.153379
22004.90039 0.1385
22009.09961 0.125102
22013.19922 0.111339
22017.30078 0.099932
22021.40039 0.089117
22025.59961 0.079121
22029.69922 0.070693
22033.80078 0.063543
22037.90039 0.056339
22042.00000 0.050449
22046.19922 0.044548
22050.30078 0.039814
22054.40039 0.035591
22058.50000 0.03201
22062.69922 0.028644
22066.80078 0.025537
22070.90039 0.022864
22075.00000 0.02047
22079.09961 0.018455
22083.30078 0.016914
22087.40039 0.015421
22091.50000 0.014044
22095.59961 0.012973
22099.80078 0.011467
22103.90039 0.010182
22108.00000 0.009532
22112.09961 0.008207
22116.30078 0.007617
22120.40039 0.007177
22124.50000 0.006469
22128.59961 0.006179
22132.69922 0.00608
22136.90039 0.005972
22141.00000 0.005542
22145.09961 0.005035
22149.19922 0.004559
22153.40039 0.004409
24368.74023 0.0
