threeML/data/optical_filters/NOT/NOTcam-CO.ecsv
# %ECSV 0.9
# ---
# datatype:
# - {name: wavelength, unit: Angstrom, datatype: float32}
# - {name: response, datatype: float32}
# meta: !!omap
# - {band_name: CO}
# - {group_name: NOTcam}
wavelength response
20177.82031 0.0
22419.80078 0.004261
22424.00000 0.004732
22428.09961 0.005052
22432.30078 0.005184
22436.40039 0.005827
22440.59961 0.006569
22444.69922 0.006774
22448.90039 0.007144
22453.09961 0.007589
22457.19922 0.008323
22461.40039 0.008674
22465.50000 0.008929
22469.69922 0.009625
22473.80078 0.010522
22478.00000 0.011237
22482.09961 0.012008
22486.30078 0.013026
22490.40039 0.01396
22494.59961 0.014927
22498.69922 0.016607
22502.90039 0.018153
22507.00000 0.018883
22511.19922 0.020588
22515.30078 0.02263
22519.50000 0.023848
22523.59961 0.026113
22527.80078 0.027745
22532.00000 0.0303
22536.09961 0.032744
22540.30078 0.036207
22544.40039 0.038026
22548.59961 0.040575
22552.69922 0.044013
22556.90039 0.047087
22561.00000 0.050714
22565.19922 0.054002
22569.30078 0.057457
22573.50000 0.062125
22577.59961 0.066244
22581.80078 0.070743
22585.90039 0.075588
22590.09961 0.080353
22594.19922 0.085488
22598.40039 0.091406
22602.50000 0.096922
22606.69922 0.10279
22610.90039 0.109429
22615.00000 0.115638
22619.19922 0.122255
22623.30078 0.129523
22627.50000 0.136549
22631.59961 0.144354
22635.80078 0.152879
22639.90039 0.162336
22644.09961 0.170356
22648.19922 0.179889
22652.40039 0.190874
22656.50000 0.200261
22660.69922 0.21041
22664.80078 0.222887
22669.00000 0.234712
22673.09961 0.245078
22677.30078 0.257628
22681.40039 0.271564
22685.59961 0.285165
22689.80078 0.300842
22693.90039 0.314992
22698.09961 0.32888
22702.19922 0.345472
22706.40039 0.360637
22710.50000 0.376355
22714.69922 0.396257
22718.80078 0.412154
22723.00000 0.427341
22727.09961 0.443933
22731.30078 0.461368
22735.40039 0.479706
22739.59961 0.494527
22743.69922 0.507325
22747.90039 0.522654
22752.00000 0.535588
22756.19922 0.547085
22760.30078 0.559426
22764.50000 0.567181
22768.69922 0.574531
22772.80078 0.584882
22777.00000 0.593102
22781.09961 0.596729
22785.30078 0.597595
22789.40039 0.597547
22793.59961 0.597302
22797.69922 0.596621
22801.90039 0.594546
22806.00000 0.589618
22810.19922 0.587731
22814.30078 0.581548
22818.50000 0.576063
22822.59961 0.566871
22826.80078 0.557386
22830.90039 0.549921
22835.09961 0.543038
22839.19922 0.533852
22843.40039 0.522807
22847.59961 0.513738
22851.69922 0.50444
22855.90039 0.495645
22860.00000 0.489237
22864.19922 0.482568
22868.30078 0.479455
22872.50000 0.474545
22876.59961 0.467333
22880.80078 0.464145
22884.90039 0.463542
22889.09961 0.462807
22893.19922 0.462863
22897.40039 0.462915
22901.50000 0.463713
22905.69922 0.46655
22909.80078 0.471125
22914.00000 0.474306
22918.09961 0.479733
22922.30078 0.485398
22926.50000 0.49092
22930.59961 0.494891
22934.80078 0.499031
22938.90039 0.504775
22943.09961 0.508052
22947.19922 0.507899
22951.40039 0.507813
22955.50000 0.506737
22959.69922 0.503677
22963.80078 0.49976
22968.00000 0.494065
22972.09961 0.485692
22976.30078 0.475491
22980.40039 0.463946
22984.59961 0.452188
22988.69922 0.437665
22992.90039 0.419443
22997.00000 0.402321
23001.19922 0.383504
23005.40039 0.365278
23009.50000 0.34578
23013.69922 0.325291
23017.80078 0.302949
23022.00000 0.281004
23026.09961 0.258315
23030.30078 0.236028
23034.40039 0.215769
23038.59961 0.195432
23042.69922 0.175694
23046.90039 0.157524
23051.00000 0.140901
23055.19922 0.124591
23059.30078 0.110215
23063.50000 0.09809
23067.59961 0.086366
23071.80078 0.076603
23075.90039 0.068326
23080.09961 0.059947
23084.30078 0.053012
23088.40039 0.047199
23092.59961 0.041594
23096.69922 0.037518
23100.90039 0.033691
23105.00000 0.030302
23109.19922 0.026729
23113.30078 0.02405
23117.50000 0.022256
23121.59961 0.020223
23125.80078 0.018401
23129.90039 0.017008
23134.09961 0.015307
23138.19922 0.014118
23142.40039 0.012393
23146.50000 0.011577
23150.69922 0.010905
23154.80078 0.009992
23159.00000 0.009313
23163.19922 0.008903
23167.30078 0.008292
23171.50000 0.00738
23175.59961 0.006692
23179.80078 0.006454
23183.90039 0.00633
23188.09961 0.005556
23192.19922 0.005225
23196.40039 0.005237
23200.50000 0.004552
25520.55078 0.0
