threeML/data/optical_filters/NOT/NOTcam-Pab.ecsv
# %ECSV 0.9
# ---
# datatype:
# - {name: wavelength, unit: Angstrom, datatype: float32}
# - {name: response, datatype: float32}
# meta: !!omap
# - {band_name: Pab}
# - {group_name: NOTcam}
wavelength response
11372.93945 0.0
12636.59961 0.004306
12639.00000 0.004548
12641.40039 0.004783
12643.90039 0.005294
12646.29980 0.005486
12648.79980 0.005869
12651.20020 0.006775
12653.70020 0.007442
12656.09961 0.00812
12658.59961 0.009229
12661.00000 0.009892
12663.40039 0.010853
12665.90039 0.011658
12668.29980 0.013213
12670.79980 0.014669
12673.20020 0.015826
12675.70020 0.017901
12678.09961 0.019128
12680.50000 0.020509
12683.00000 0.0233
12685.40039 0.025557
12687.90039 0.028221
12690.29980 0.032015
12692.79980 0.035503
12695.20020 0.039301
12697.70020 0.043802
12700.09961 0.049114
12702.50000 0.05435
12705.00000 0.060317
12707.40039 0.067864
12709.90039 0.075432
12712.29980 0.083857
12714.79980 0.093437
12717.20020 0.104188
12719.59961 0.114952
12722.09961 0.127338
12724.50000 0.140423
12727.00000 0.1544
12729.40039 0.169719
12731.90039 0.18618
12734.29980 0.203674
12736.79980 0.221087
12739.20020 0.240339
12741.59961 0.261082
12744.09961 0.281528
12746.50000 0.30205
12749.00000 0.32273
12751.40039 0.345388
12753.90039 0.367951
12756.29980 0.389784
12758.79980 0.410651
12761.20020 0.432277
12763.59961 0.455319
12766.09961 0.476347
12768.50000 0.499838
12771.00000 0.521102
12773.40039 0.540771
12775.90039 0.557737
12778.29980 0.5764
12780.70020 0.592954
12783.20020 0.609539
12785.59961 0.62215
12788.09961 0.637745
12790.50000 0.65071
12793.00000 0.662617
12795.40039 0.67274
12797.90039 0.681817
12800.29980 0.690814
12802.70020 0.69399
12805.20020 0.699009
12807.59961 0.706793
12810.09961 0.712217
12812.50000 0.716303
12815.00000 0.718018
12817.40039 0.721552
12819.79980 0.722397
12822.29980 0.722256
12824.70020 0.72224
12827.20020 0.720398
12829.59961 0.719357
12832.09961 0.717983
12834.50000 0.717575
12837.00000 0.715216
12839.40039 0.711897
12841.79980 0.707808
12844.29980 0.705104
12846.70020 0.704563
12849.20020 0.699587
12851.59961 0.697599
12854.09961 0.697368
12856.50000 0.693832
12858.90039 0.690496
12861.40039 0.689675
12863.79980 0.689274
12866.29980 0.688876
12868.70020 0.688888
12871.20020 0.687915
12873.59961 0.686878
12876.09961 0.686704
12878.50000 0.686651
12880.90039 0.686585
12883.40039 0.68667
12885.79980 0.686345
12888.29980 0.686087
12890.70020 0.685919
12893.20020 0.685366
12895.59961 0.681511
12898.00000 0.677163
12900.50000 0.672409
12902.90039 0.662044
12905.40039 0.65109
12907.79980 0.644969
12910.29980 0.633473
12912.70020 0.616471
12915.20020 0.60219
12917.59961 0.585194
12920.00000 0.569371
12922.50000 0.551195
12924.90039 0.527788
12927.40039 0.506092
12929.79980 0.48221
12932.29980 0.457568
12934.70020 0.434711
12937.20020 0.408273
12939.59961 0.380689
12942.00000 0.3562
12944.50000 0.329785
12946.90039 0.305604
12949.40039 0.281685
12951.79980 0.258005
12954.29980 0.235325
12956.70020 0.213729
12959.09961 0.192194
12961.59961 0.171726
12964.00000 0.154146
12966.50000 0.138503
12968.90039 0.12281
12971.40039 0.109175
12973.79980 0.096814
12976.29980 0.085791
12978.70020 0.076348
12981.09961 0.067828
12983.59961 0.05963
12986.00000 0.052952
12988.50000 0.047182
12990.90039 0.042112
12993.40039 0.037638
12995.79980 0.03389
12998.20020 0.030122
13000.70020 0.027585
13003.09961 0.024894
13005.59961 0.022652
13008.00000 0.02051
13010.50000 0.018938
13012.90039 0.017525
13015.40039 0.015473
13017.79980 0.014207
13020.20020 0.013163
13022.70020 0.011879
13025.09961 0.011449
13027.59961 0.0105
13030.00000 0.009455
13032.50000 0.008719
13034.90039 0.007776
13037.29980 0.007749
13039.79980 0.007291
13042.20020 0.006658
13044.70020 0.006485
13047.09961 0.006142
13049.59961 0.005851
13052.00000 0.005482
13054.50000 0.005121
13056.90039 0.004792
13059.29980 0.004533
13061.79980 0.0043
13064.20020 0.004202
14370.62012 0.0
