threeML/data/optical_filters/NOT/NOTcam-H2_2.ecsv
# %ECSV 0.9
# ---
# datatype:
# - {name: wavelength, unit: Angstrom, datatype: float32}
# - {name: response, datatype: float32}
# meta: !!omap
# - {band_name: H2_2}
# - {group_name: NOTcam}
wavelength response
19856.42969 0.0
22062.69922 0.004478
22066.90039 0.004804
22071.00000 0.00489
22075.19922 0.004975
22079.30078 0.005631
22083.50000 0.006217
22087.59961 0.00704
22091.80078 0.007521
22095.90039 0.007943
22100.09961 0.00843
22104.19922 0.009165
22108.40039 0.010099
22112.50000 0.011173
22116.69922 0.012359
22120.80078 0.012967
22125.00000 0.013847
22129.19922 0.015084
22133.30078 0.016473
22137.50000 0.018554
22141.59961 0.019598
22145.80078 0.02165
22149.90039 0.024228
22154.09961 0.026087
22158.19922 0.028119
22162.40039 0.030181
22166.50000 0.032833
22170.69922 0.036156
22174.80078 0.039167
22179.00000 0.042987
22183.09961 0.047134
22187.30078 0.051012
22191.40039 0.055418
22195.59961 0.060331
22199.69922 0.065661
22203.90039 0.071309
22208.09961 0.076878
22212.19922 0.083592
22216.40039 0.091236
22220.50000 0.098144
22224.69922 0.106262
22228.80078 0.114588
22233.00000 0.123284
22237.09961 0.133033
22241.30078 0.142501
22245.40039 0.152092
22249.59961 0.163298
22253.69922 0.174375
22257.90039 0.184998
22262.00000 0.196436
22266.19922 0.208468
22270.30078 0.221205
22274.50000 0.233972
22278.59961 0.245945
22282.80078 0.258977
22287.00000 0.27267
22291.09961 0.285356
22295.30078 0.298705
22299.40039 0.312528
22303.59961 0.326482
22307.69922 0.340404
22311.90039 0.35416
22316.00000 0.369784
22320.19922 0.383943
22324.30078 0.397297
22328.50000 0.411159
22332.59961 0.426501
22336.80078 0.439804
22340.90039 0.453035
22345.09961 0.467302
22349.19922 0.480761
22353.40039 0.493451
22357.50000 0.505769
22361.69922 0.517608
22365.90039 0.528829
22370.00000 0.539339
22374.19922 0.54885
22378.30078 0.55852
22382.50000 0.571874
22386.59961 0.581796
22390.80078 0.589981
22394.90039 0.59644
22399.09961 0.602087
22403.19922 0.60815
22407.40039 0.61487
22411.50000 0.620906
22415.69922 0.623701
22419.80078 0.624191
22424.00000 0.624415
22428.09961 0.624849
22432.30078 0.624767
22436.40039 0.624329
22440.59961 0.623945
22444.80078 0.621316
22448.90039 0.617819
22453.09961 0.615537
22457.19922 0.609903
22461.40039 0.606496
22465.50000 0.602779
22469.69922 0.599274
22473.80078 0.59524
22478.00000 0.589784
22482.09961 0.586676
22486.30078 0.582512
22490.40039 0.576829
22494.59961 0.573521
22498.69922 0.57011
22502.90039 0.566309
22507.00000 0.56555
22511.19922 0.565433
22515.30078 0.565395
22519.50000 0.565521
22523.69922 0.56653
22527.80078 0.567453
22532.00000 0.567846
22536.09961 0.570324
22540.30078 0.5742
22544.40039 0.579562
22548.59961 0.581968
22552.69922 0.583699
22556.90039 0.58916
22561.00000 0.59496
22565.19922 0.59735
22569.30078 0.597411
22573.50000 0.597457
22577.59961 0.59728
22581.80078 0.595688
22585.90039 0.592591
22590.09961 0.588435
22594.19922 0.580562
22598.40039 0.569564
22602.59961 0.562158
22606.69922 0.552898
22610.90039 0.539476
22615.00000 0.524552
22619.19922 0.508054
22623.30078 0.488583
22627.50000 0.467352
22631.59961 0.446615
22635.80078 0.425217
22639.90039 0.403517
22644.09961 0.377872
22648.19922 0.354956
22652.40039 0.332998
22656.50000 0.306451
22660.69922 0.280892
22664.80078 0.259525
22669.00000 0.237279
22673.09961 0.214232
22677.30078 0.193577
22681.50000 0.175106
22685.59961 0.157719
22689.80078 0.141367
22693.90039 0.126886
22698.09961 0.112157
22702.19922 0.099746
22706.40039 0.08923
22710.50000 0.079816
22714.69922 0.074565
22718.80078 0.065657
22723.00000 0.056823
22727.09961 0.051269
22731.30078 0.045902
22735.40039 0.041175
22739.59961 0.037601
22743.69922 0.033864
22747.90039 0.030415
22752.00000 0.027879
22756.19922 0.025906
22760.40039 0.023301
22764.50000 0.021586
22768.69922 0.020025
22772.80078 0.017959
22777.00000 0.01654
22781.09961 0.015349
22785.30078 0.014312
22789.40039 0.01341
22793.59961 0.012243
22797.69922 0.011598
22801.90039 0.010771
22806.00000 0.009749
22810.19922 0.009058
22814.30078 0.008501
22818.50000 0.008228
22822.59961 0.007997
22826.80078 0.00724
22830.90039 0.006772
22835.09961 0.006428
22839.30078 0.00585
22843.40039 0.005501
22847.59961 0.00521
22851.69922 0.004923
22855.90039 0.004676
22860.00000 0.004484
22864.19922 0.004237
25150.61914 0.0
