threeML/data/optical_filters/NOT/NOTcam-Kcont.ecsv
# %ECSV 0.9
# ---
# datatype:
# - {name: wavelength, unit: Angstrom, datatype: float32}
# - {name: response, datatype: float32}
# meta: !!omap
# - {band_name: Kcont}
# - {group_name: NOTcam}
wavelength response
19990.16992 0.0
22211.30078 0.004242
22215.40039 0.00474
22219.50000 0.00497
22223.69922 0.004977
22227.80078 0.004924
22231.90039 0.005381
22236.00000 0.006319
22240.09961 0.007213
22244.30078 0.007751
22248.40039 0.007886
22252.50000 0.008251
22256.59961 0.009077
22260.80078 0.010322
22264.90039 0.011353
22269.00000 0.012351
22273.09961 0.012807
22277.19922 0.014147
22281.40039 0.015573
22285.50000 0.016786
22289.59961 0.018576
22293.69922 0.020063
22297.80078 0.021757
22302.00000 0.024129
22306.09961 0.025686
22310.19922 0.0272
22314.30078 0.029837
22318.50000 0.032248
22322.59961 0.034834
22326.69922 0.038009
22330.80078 0.041291
22334.90039 0.044107
22339.09961 0.047323
22343.19922 0.050608
22347.30078 0.055934
22351.40039 0.059887
22355.59961 0.063852
22359.69922 0.068247
22363.80078 0.073511
22367.90039 0.079203
22372.00000 0.084634
22376.19922 0.090374
22380.30078 0.096665
22384.40039 0.103281
22388.50000 0.109735
22392.59961 0.117173
22396.80078 0.12459
22400.90039 0.132285
22405.00000 0.139253
22409.09961 0.147902
22413.30078 0.155831
22417.40039 0.16483
22421.50000 0.174356
22425.59961 0.183302
22429.69922 0.192618
22433.90039 0.20318
22438.00000 0.214243
22442.09961 0.224918
22446.19922 0.23551
22450.40039 0.246661
22454.50000 0.259357
22458.59961 0.271855
22462.69922 0.285174
22466.80078 0.29994
22471.00000 0.313736
22475.09961 0.325707
22479.19922 0.338637
22483.30078 0.353737
22487.40039 0.368547
22491.59961 0.38352
22495.69922 0.401396
22499.80078 0.41784
22503.90039 0.433307
22508.09961 0.453564
22512.19922 0.469336
22516.30078 0.484343
22520.40039 0.501769
22524.50000 0.523152
22528.69922 0.539681
22532.80078 0.55066
22536.90039 0.567761
22541.00000 0.585206
22545.09961 0.602909
22549.30078 0.616594
22553.40039 0.627441
22557.50000 0.641379
22561.59961 0.654783
22565.80078 0.668533
22569.90039 0.67569
22574.00000 0.681254
22578.09961 0.687457
22582.19922 0.700387
22586.40039 0.703535
22590.50000 0.703385
22594.59961 0.703754
22598.69922 0.703783
22602.90039 0.704001
22607.00000 0.703987
22611.09961 0.703982
22615.19922 0.702995
22619.30078 0.698944
22623.50000 0.692806
22627.59961 0.687265
22631.69922 0.68553
22635.80078 0.673478
22639.90039 0.668455
22644.09961 0.66507
22648.19922 0.660542
22652.30078 0.660007
22656.40039 0.651537
22660.59961 0.643216
22664.69922 0.642596
22668.80078 0.639929
22672.90039 0.639402
22677.00000 0.639335
22681.19922 0.639624
22685.30078 0.641833
22689.40039 0.643992
22693.50000 0.644914
22697.69922 0.647296
22701.80078 0.649007
22705.90039 0.649571
22710.00000 0.650146
22714.09961 0.656641
22718.30078 0.663506
22722.40039 0.663762
22726.50000 0.664865
22730.59961 0.663205
22734.69922 0.662624
22738.90039 0.658281
22743.00000 0.647746
22747.09961 0.640674
22751.19922 0.634621
22755.40039 0.625737
22759.50000 0.613839
22763.59961 0.596424
22767.69922 0.577576
22771.80078 0.562133
22776.00000 0.545941
22780.09961 0.526218
22784.19922 0.501857
22788.30078 0.478348
22792.40039 0.451749
22796.59961 0.425184
22800.69922 0.399808
22804.80078 0.371628
22808.90039 0.347592
22813.09961 0.322785
22817.19922 0.295209
22821.30078 0.270585
22825.40039 0.246
22829.50000 0.223027
22833.69922 0.200576
22837.80078 0.181116
22841.90039 0.163481
22846.00000 0.144978
22850.19922 0.128665
22854.30078 0.114385
22858.40039 0.101846
22862.50000 0.091129
22866.59961 0.081229
22870.80078 0.072182
22874.90039 0.06421
22879.00000 0.05688
22883.09961 0.051276
22887.19922 0.046279
22891.40039 0.041016
22895.50000 0.037379
22899.59961 0.033464
22903.69922 0.029225
22907.90039 0.026447
22912.00000 0.024432
22916.09961 0.02197
22920.19922 0.019869
22924.30078 0.018544
22928.50000 0.017073
22932.59961 0.015605
22936.69922 0.014712
22940.80078 0.012811
22945.00000 0.011688
22949.09961 0.011434
22953.19922 0.010852
22957.30078 0.00957
22961.40039 0.008591
22965.59961 0.008344
22969.69922 0.008067
22973.80078 0.007745
22977.90039 0.006863
22982.00000 0.006008
22986.19922 0.005548
22990.30078 0.005331
22994.40039 0.005148
22998.50000 0.005045
23002.69922 0.004681
23006.80078 0.004079
25307.48047 0.0
