threeML/data/optical_filters/NOT/NOTcam-Jcont.ecsv
# %ECSV 0.9
# ---
# datatype:
# - {name: wavelength, unit: Angstrom, datatype: float32}
# - {name: response, datatype: float32}
# meta: !!omap
# - {band_name: Jcont}
# - {group_name: NOTcam}
wavelength response
10701.62988 0.0
11890.70020 0.0042
11893.20020 0.00449
11895.79980 0.005226
11898.29980 0.006031
11900.79980 0.006542
11903.40039 0.007732
11905.90039 0.008613
11908.40039 0.009257
11910.90039 0.010382
11913.50000 0.01093
11916.00000 0.012211
11918.50000 0.013313
11921.09961 0.014657
11923.59961 0.01755
11926.09961 0.018794
11928.59961 0.020762
11931.20020 0.023793
11933.70020 0.02645
11936.20020 0.029616
11938.79980 0.033094
11941.29980 0.036909
11943.79980 0.041754
11946.29980 0.046889
11948.90039 0.052493
11951.40039 0.057793
11953.90039 0.06525
11956.50000 0.073453
11959.00000 0.081796
11961.50000 0.091302
11964.00000 0.101681
11966.59961 0.112553
11969.09961 0.125362
11971.59961 0.138228
11974.20020 0.153371
11976.70020 0.169292
11979.20020 0.185859
11981.70020 0.203599
11984.29980 0.221507
11986.79980 0.242037
11989.29980 0.2625
11991.90039 0.282139
11994.40039 0.302892
11996.90039 0.324817
11999.40039 0.347829
12002.00000 0.371152
12004.50000 0.391449
12007.00000 0.413444
12009.59961 0.434729
12012.09961 0.456373
12014.59961 0.477914
12017.09961 0.497493
12019.70020 0.51331
12022.20020 0.531191
12024.70020 0.548926
12027.29980 0.562874
12029.79980 0.578335
12032.29980 0.589118
12034.79980 0.601597
12037.40039 0.610142
12039.90039 0.619038
12042.40039 0.624007
12045.00000 0.629814
12047.50000 0.63335
12050.00000 0.639353
12052.50000 0.63988
12055.09961 0.640247
12057.59961 0.640569
12060.09961 0.640108
12062.70020 0.639678
12065.20020 0.636116
12067.70020 0.633363
12070.20020 0.62953
12072.79980 0.624759
12075.29980 0.622896
12077.79980 0.617294
12080.40039 0.611267
12082.90039 0.606792
12085.40039 0.602564
12087.90039 0.596461
12090.50000 0.589634
12093.00000 0.58555
12095.50000 0.583265
12098.09961 0.57792
12100.59961 0.574825
12103.09961 0.572586
12105.59961 0.568745
12108.20020 0.566907
12110.70020 0.564063
12113.20020 0.563195
12115.79980 0.563148
12118.29980 0.562989
12120.79980 0.563201
12123.29980 0.563682
12125.90039 0.565946
12128.40039 0.57093
12130.90039 0.573072
12133.50000 0.575261
12136.00000 0.57789
12138.50000 0.579046
12141.00000 0.581017
12143.59961 0.582039
12146.09961 0.582122
12148.59961 0.579984
12151.20020 0.578366
12153.70020 0.57294
12156.20020 0.567021
12158.70020 0.558918
12161.29980 0.550555
12163.79980 0.538659
12166.29980 0.524563
12168.90039 0.509482
12171.40039 0.493819
12173.90039 0.475855
12176.40039 0.455909
12179.00000 0.433761
12181.50000 0.411303
12184.00000 0.388174
12186.59961 0.364301
12189.09961 0.338931
12191.59961 0.314713
12194.09961 0.289885
12196.70020 0.266838
12199.20020 0.242801
12201.70020 0.219335
12204.29980 0.198834
12206.79980 0.177303
12209.29980 0.158035
12211.79980 0.141096
12214.40039 0.125062
12216.90039 0.110478
12219.40039 0.097611
12222.00000 0.086294
12224.50000 0.076369
12227.00000 0.06724
12229.50000 0.059264
12232.09961 0.052725
12234.59961 0.046852
12237.09961 0.041218
12239.70020 0.036754
12242.20020 0.032694
12244.70020 0.029275
12247.20020 0.026411
12249.79980 0.023903
12252.29980 0.021484
12254.79980 0.02021
12257.29980 0.017962
12259.90039 0.015863
12262.40039 0.014819
12264.90039 0.012833
12267.50000 0.01179
12270.00000 0.010923
12272.50000 0.010332
12275.00000 0.009946
12277.59961 0.009586
12280.09961 0.008499
12282.59961 0.007953
12285.20020 0.007427
12287.70020 0.00621
12290.20020 0.005962
12292.70020 0.005754
12295.29980 0.005451
12297.79980 0.005379
12300.29980 0.005321
12302.90039 0.005008
12305.40039 0.004445
12307.90039 0.004284
12310.40039 0.004304
12313.00000 0.004304
12315.50000 0.004292
12318.00000 0.004011
13549.79980 0.0
