threeML/data/optical_filters/NOT/NOTcam-Kprime.ecsv
# %ECSV 0.9
# ---
# datatype:
# - {name: wavelength, unit: Angstrom, datatype: float32}
# - {name: response, datatype: float32}
# meta: !!omap
# - {band_name: Kprime}
# - {group_name: NOTcam}
wavelength response
17034.92969 0.0
18927.69922 0.004281
18939.40039 0.004281
18951.09961 0.007705
18962.80078 0.007705
18974.50000 0.007705
18986.19922 0.008562
18997.90039 0.010274
19009.59961 0.009418
19021.30078 0.009418
19033.00000 0.009418
19044.69922 0.009418
19056.40039 0.011558
19068.09961 0.011986
19079.80078 0.012414
19091.59961 0.014555
19103.30078 0.016267
19115.00000 0.016267
19126.69922 0.019692
19138.40039 0.019692
19150.09961 0.023116
19161.80078 0.023116
19173.50000 0.026541
19185.19922 0.028253
19196.90039 0.029966
19208.59961 0.035103
19220.30078 0.038527
19232.00000 0.041952
19243.69922 0.048801
19255.40039 0.053938
19267.09961 0.060788
19278.80078 0.069349
19290.59961 0.079623
19302.30078 0.093322
19314.00000 0.105308
19325.69922 0.118151
19337.40039 0.141267
19349.09961 0.163527
19360.80078 0.192637
19372.50000 0.221747
19384.19922 0.257705
19395.90039 0.291952
19407.59961 0.333048
19419.30078 0.384418
19431.00000 0.442637
19442.69922 0.495719
19454.40039 0.555138
19466.09961 0.612158
19477.80078 0.672089
19489.50000 0.726884
19501.30078 0.778253
19513.00000 0.816781
19524.69922 0.857021
19536.40039 0.887842
19548.09961 0.90839
19559.80078 0.925391
19571.50000 0.939212
19583.19922 0.946062
19594.90039 0.947774
19606.59961 0.951199
19618.30078 0.952911
19630.00000 0.958048
19641.69922 0.956336
19653.40039 0.958048
19665.09961 0.954623
19676.80078 0.954623
19688.50000 0.954623
19700.30078 0.954623
19712.00000 0.956336
19723.69922 0.958048
19735.40039 0.958048
19747.09961 0.961473
19758.80078 0.961473
19770.50000 0.963185
19782.19922 0.964897
19793.90039 0.964897
19805.59961 0.964897
19817.30078 0.964897
19829.00000 0.964897
19840.69922 0.964897
19852.40039 0.964897
19864.09961 0.964897
19875.80078 0.961473
19887.50000 0.961473
19899.19922 0.958048
19911.00000 0.958048
19922.69922 0.956336
19934.40039 0.952911
19946.09961 0.949058
19957.80078 0.945634
19969.50000 0.942209
19981.19922 0.93964
19992.90039 0.9375
20004.59961 0.934075
20016.30078 0.932363
20028.00000 0.928938
20039.69922 0.923801
20051.40039 0.923801
20063.09961 0.922089
20074.80078 0.920377
20086.50000 0.916952
20098.19922 0.916952
20109.90039 0.916952
20121.69922 0.916952
20133.40039 0.916952
20145.09961 0.91524
20156.80078 0.916952
20168.50000 0.916952
20180.19922 0.916952
20191.90039 0.913527
20203.59961 0.91524
20215.30078 0.91524
20227.00000 0.916952
20238.69922 0.918664
20250.40039 0.920377
20262.09961 0.920377
20273.80078 0.922089
20285.50000 0.923801
20297.19922 0.925514
20308.90039 0.925514
20320.69922 0.923801
20332.40039 0.928938
20344.09961 0.930651
20355.80078 0.930651
20367.50000 0.932363
20379.19922 0.934075
20390.90039 0.939212
20402.59961 0.940925
20414.30078 0.940925
20426.00000 0.940925
20437.69922 0.944349
20449.40039 0.944349
20461.09961 0.946062
20472.80078 0.947774
20484.50000 0.951199
20496.19922 0.951199
20507.90039 0.951199
20519.59961 0.951199
20531.40039 0.954623
20543.09961 0.954623
20554.80078 0.95976
20566.50000 0.961473
20578.19922 0.961473
20589.90039 0.961473
20601.59961 0.961473
20613.30078 0.961473
20625.00000 0.961473
20636.69922 0.961473
20648.40039 0.961473
20660.09961 0.961473
20671.80078 0.961473
20683.50000 0.961473
20695.19922 0.961473
20706.90039 0.961473
20718.59961 0.961473
20730.40039 0.961473
20742.09961 0.961473
20753.80078 0.961473
20765.50000 0.961473
20777.19922 0.961473
20788.90039 0.961473
20800.59961 0.961473
20812.30078 0.961473
20824.00000 0.961473
20835.69922 0.95976
20847.40039 0.958048
20859.09961 0.958048
20870.80078 0.95976
20882.50000 0.958048
20894.19922 0.954623
20905.90039 0.954623
20917.59961 0.954623
20929.30078 0.952483
20941.09961 0.949058
20952.80078 0.947774
20964.50000 0.945205
20976.19922 0.944349
20987.90039 0.944349
20999.59961 0.944349
21011.30078 0.944349
21023.00000 0.944349
21034.69922 0.942637
21046.40039 0.940925
21058.09961 0.940925
21069.80078 0.939212
21081.50000 0.9375
21093.19922 0.9375
21104.90039 0.935788
21116.59961 0.932363
21128.30078 0.930651
21140.09961 0.930651
21151.80078 0.927226
21163.50000 0.923801
21175.19922 0.922089
21186.90039 0.920377
21198.59961 0.918664
21210.30078 0.920377
21222.00000 0.916952
21233.69922 0.913527
21245.40039 0.913527
21257.09961 0.911815
21268.80078 0.910103
21280.50000 0.910103
21292.19922 0.910103
21303.90039 0.907534
21315.59961 0.907249
21327.30078 0.906678
21339.00000 0.906678
21350.80078 0.904966
21362.50000 0.906678
21374.19922 0.906678
21385.90039 0.906678
21397.59961 0.904966
21409.30078 0.904966
21421.00000 0.905394
21432.69922 0.90625
21444.40039 0.908819
21456.09961 0.910103
21467.80078 0.911815
21479.50000 0.911815
21491.19922 0.911815
21502.90039 0.911815
21514.59961 0.91524
21526.30078 0.916952
21538.00000 0.916952
21549.69922 0.916952
21561.50000 0.920377
21573.19922 0.922089
21584.90039 0.920377
21596.59961 0.920377
21608.30078 0.922089
21620.00000 0.923801
21631.69922 0.927226
21643.40039 0.927226
21655.09961 0.927226
21666.80078 0.928938
21678.50000 0.930651
21690.19922 0.934075
21701.90039 0.934075
21713.59961 0.934075
21725.30078 0.934075
21737.00000 0.935788
21748.69922 0.9375
21760.40039 0.934075
21772.19922 0.932363
21783.90039 0.932363
21795.59961 0.932363
21807.30078 0.932363
21819.00000 0.928938
21830.69922 0.928938
21842.40039 0.927226
21854.09961 0.927226
21865.80078 0.927226
21877.50000 0.925514
21889.19922 0.922089
21900.90039 0.920377
21912.59961 0.916952
21924.30078 0.916952
21936.00000 0.911815
21947.69922 0.907106
21959.40039 0.904966
21971.19922 0.903253
21982.90039 0.898973
21994.59961 0.897688
22006.30078 0.895976
22018.00000 0.891267
22029.69922 0.889555
22041.40039 0.884418
22053.09961 0.880993
22064.80078 0.879281
22076.50000 0.877569
22088.19922 0.870719
22099.90039 0.869007
22111.59961 0.869007
22123.30078 0.869007
22135.00000 0.867295
22146.69922 0.865582
22158.40039 0.865582
22170.19922 0.862158
22181.90039 0.858733
22193.59961 0.858733
22205.30078 0.858733
22217.00000 0.858733
22228.69922 0.858733
22240.40039 0.858733
22252.09961 0.858733
22263.80078 0.860445
22275.50000 0.862158
22287.19922 0.862158
22298.90039 0.86387
22310.59961 0.867295
22322.30078 0.869007
22334.00000 0.870719
22345.69922 0.872431
22357.40039 0.877569
22369.09961 0.88399
22380.90039 0.889127
22392.59961 0.892551
22404.30078 0.895548
22416.00000 0.899829
22427.69922 0.906678
22439.40039 0.911815
22451.09961 0.916952
22462.80078 0.920377
22474.50000 0.925514
22486.19922 0.930651
22497.90039 0.935788
22509.59961 0.942637
22521.30078 0.946062
22533.00000 0.947774
22544.69922 0.951199
22556.40039 0.956336
22568.09961 0.958048
22579.80078 0.961473
22591.59961 0.961473
22603.30078 0.95976
22615.00000 0.963185
22626.69922 0.964897
22638.40039 0.964897
22650.09961 0.963185
22661.80078 0.961473
22673.50000 0.963185
22685.19922 0.961473
22696.90039 0.961473
22708.59961 0.961473
22720.30078 0.958048
22732.00000 0.958048
22743.69922 0.958048
22755.40039 0.958048
22767.09961 0.958048
22778.80078 0.954623
22790.59961 0.952911
22802.30078 0.944349
22814.00000 0.9375
22825.69922 0.927732
22837.40039 0.913527
22849.09961 0.896404
22860.80078 0.8746
22872.50000 0.845034
22884.19922 0.807363
22895.90039 0.766267
22907.59961 0.720034
22919.30078 0.662354
22931.00000 0.610445
22942.69922 0.550514
22954.40039 0.497558
22966.09961 0.449486
22977.80078 0.400788
22989.50000 0.35274
23001.30078 0.298801
23013.00000 0.267123
23024.69922 0.228596
23036.40039 0.196062
23048.09961 0.172578
23059.80078 0.146404
23071.50000 0.127568
23083.19922 0.110445
23094.90039 0.095034
23106.59961 0.081336
23118.30078 0.072774
23130.00000 0.060788
23141.69922 0.053938
23153.40039 0.045377
23165.09961 0.041952
23176.80078 0.035103
23188.50000 0.031678
23200.19922 0.028253
23212.00000 0.023116
23223.69922 0.023116
23235.40039 0.019692
23247.09961 0.016267
23258.80078 0.016267
23270.50000 0.012842
23282.19922 0.012842
23293.90039 0.008562
23305.59961 0.008134
23317.30078 0.007705
23329.00000 0.006849
23340.69922 0.004281
23352.40039 0.004281
23364.09961 0.004281
23375.80078 0.004281
25713.38086 0.0
