threeML/data/optical_filters/NOT/NOTcam-H2_1.ecsv
# %ECSV 0.9
# ---
# datatype:
# - {name: wavelength, unit: Angstrom, datatype: float32}
# - {name: response, datatype: float32}
# meta: !!omap
# - {band_name: H2_1}
# - {group_name: NOTcam}
wavelength response
18715.77148 0.0
20795.30078 0.004272
20799.40039 0.004371
20803.59961 0.004737
20807.69922 0.005384
20811.80078 0.005671
20815.90039 0.00593
20820.00000 0.006917
20824.19922 0.007601
20828.30078 0.008147
20832.40039 0.009195
20836.50000 0.009696
20840.59961 0.010466
20844.69922 0.011825
20848.90039 0.012678
20853.00000 0.013203
20857.09961 0.014557
20861.19922 0.016208
20865.30078 0.01776
20869.40039 0.019581
20873.59961 0.022111
20877.69922 0.024708
20881.80078 0.027249
20885.90039 0.030709
20890.00000 0.034157
20894.19922 0.038226
20898.30078 0.042967
20902.40039 0.048192
20906.50000 0.054573
20910.59961 0.061279
20914.69922 0.068702
20918.90039 0.076992
20923.00000 0.08683
20927.09961 0.097693
20931.19922 0.109145
20935.30078 0.121982
20939.50000 0.136704
20943.59961 0.15192
20947.69922 0.169196
20951.80078 0.187133
20955.90039 0.205955
20960.00000 0.225796
20964.19922 0.245099
20968.30078 0.266505
20972.40039 0.288607
20976.50000 0.31117
20980.59961 0.334168
20984.69922 0.358262
20988.90039 0.381276
20993.00000 0.403682
20997.09961 0.42683
21001.19922 0.449781
21005.30078 0.471899
21009.50000 0.492699
21013.59961 0.514867
21017.69922 0.533162
21021.80078 0.553006
21025.90039 0.571372
21030.00000 0.586043
21034.19922 0.602385
21038.30078 0.616842
21042.40039 0.630753
21046.50000 0.641509
21050.59961 0.65437
21054.69922 0.661449
21058.90039 0.666736
21063.00000 0.676905
21067.09961 0.684823
21071.19922 0.686898
21075.30078 0.69099
21079.50000 0.691144
21083.59961 0.693267
21087.69922 0.696164
21091.80078 0.696843
21095.90039 0.698254
21100.00000 0.700237
21104.19922 0.700971
21108.30078 0.700954
21112.40039 0.700826
21116.50000 0.700622
21120.59961 0.700404
21124.80078 0.699178
21128.90039 0.698117
21133.00000 0.698022
21137.09961 0.697654
21141.19922 0.697639
21145.30078 0.697761
21149.50000 0.697065
21153.59961 0.695856
21157.69922 0.695716
21161.80078 0.694985
21165.90039 0.693855
21170.00000 0.69395
21174.19922 0.693943
21178.30078 0.694215
21182.40039 0.695316
21186.50000 0.695537
21190.59961 0.694529
21194.80078 0.694492
21198.90039 0.694274
21203.00000 0.693904
21207.09961 0.692386
21211.19922 0.688976
21215.30078 0.685399
21219.50000 0.680207
21223.59961 0.675757
21227.69922 0.671433
21231.80078 0.664503
21235.90039 0.654363
21240.00000 0.641741
21244.19922 0.629905
21248.30078 0.613555
21252.40039 0.598748
21256.50000 0.583498
21260.59961 0.565085
21264.80078 0.545354
21268.90039 0.52473
21273.00000 0.500412
21277.09961 0.476873
21281.19922 0.453486
21285.30078 0.428306
21289.50000 0.404323
21293.59961 0.377546
21297.69922 0.352718
21301.80078 0.327585
21305.90039 0.301946
21310.09961 0.276885
21314.19922 0.252043
21318.30078 0.22963
21322.40039 0.208738
21326.50000 0.188258
21330.59961 0.169827
21334.80078 0.152872
21338.90039 0.136742
21343.00000 0.121171
21347.09961 0.107677
21351.19922 0.094965
21355.30078 0.083777
21359.50000 0.074311
21363.59961 0.065999
21367.69922 0.059086
21371.80078 0.052472
21375.90039 0.047053
21380.09961 0.041926
21384.19922 0.037267
21388.30078 0.033382
21392.40039 0.029917
21396.50000 0.026489
21400.59961 0.024391
21404.80078 0.023942
21408.90039 0.021728
21413.00000 0.019525
21417.09961 0.016629
21421.19922 0.014595
21425.30078 0.013548
21429.50000 0.012155
21433.59961 0.01077
21437.69922 0.010315
21441.80078 0.009179
21445.90039 0.008303
21450.09961 0.008205
21454.19922 0.008087
21458.30078 0.006981
21462.40039 0.006532
21466.50000 0.006021
21470.59961 0.005278
21474.80078 0.005026
21478.90039 0.004885
21483.00000 0.004611
21487.09961 0.00414
23635.81055 0.0
