threeML/data/optical_filters/NOT/NOTcam-HeIb.ecsv
# %ECSV 0.9
# ---
# datatype:
# - {name: wavelength, unit: Angstrom, datatype: float32}
# - {name: response, datatype: float32}
# meta: !!omap
# - {band_name: HeIb}
# - {group_name: NOTcam}
wavelength response
18287.82031 0.0
20319.80078 0.004549
20323.90039 0.005847
20328.00000 0.005159
20332.09961 0.005316
20336.30078 0.005855
20340.40039 0.005789
20344.50000 0.006181
20348.59961 0.006933
20352.69922 0.007504
20356.90039 0.008453
20361.00000 0.009046
20365.09961 0.009522
20369.19922 0.010232
20373.30078 0.010399
20377.50000 0.011183
20381.59961 0.013072
20385.69922 0.01418
20389.80078 0.015812
20394.00000 0.017322
20398.09961 0.017804
20402.19922 0.019528
20406.30078 0.021027
20410.40039 0.022949
20414.59961 0.026001
20418.69922 0.028305
20422.80078 0.03131
20426.90039 0.034408
20431.00000 0.037671
20435.19922 0.04095
20439.30078 0.045637
20443.40039 0.050275
20447.50000 0.055751
20451.59961 0.061605
20455.80078 0.068541
20459.90039 0.07627
20464.00000 0.083514
20468.09961 0.092541
20472.30078 0.101903
20476.40039 0.111969
20480.50000 0.123421
20484.59961 0.135969
20488.69922 0.148575
20492.90039 0.162516
20497.00000 0.177052
20501.09961 0.192575
20505.19922 0.209217
20509.30078 0.225712
20513.50000 0.242353
20517.59961 0.258712
20521.69922 0.277584
20525.80078 0.296577
20530.00000 0.314609
20534.09961 0.331506
20538.19922 0.349482
20542.30078 0.366317
20546.40039 0.384224
20550.59961 0.400828
20554.69922 0.415333
20558.80078 0.431354
20562.90039 0.447343
20567.00000 0.460324
20571.19922 0.47206
20575.30078 0.483895
20579.40039 0.497673
20583.50000 0.508661
20587.69922 0.517653
20591.80078 0.526931
20595.90039 0.532537
20600.00000 0.540425
20604.09961 0.546528
20608.30078 0.550645
20612.40039 0.556874
20616.50000 0.561829
20620.59961 0.565369
20624.69922 0.568004
20628.90039 0.570672
20633.00000 0.573188
20637.09961 0.575939
20641.19922 0.580861
20645.40039 0.583356
20649.50000 0.584251
20653.59961 0.589185
20657.69922 0.591301
20661.80078 0.594682
20666.00000 0.595735
20670.09961 0.598822
20674.19922 0.602774
20678.30078 0.607529
20682.40039 0.612708
20686.59961 0.617195
20690.69922 0.618516
20694.80078 0.620873
20698.90039 0.62566
20703.00000 0.630633
20707.19922 0.632119
20711.30078 0.633715
20715.40039 0.634152
20719.50000 0.633987
20723.69922 0.633776
20727.80078 0.632506
20731.90039 0.630562
20736.00000 0.627388
20740.09961 0.622351
20744.30078 0.619981
20748.40039 0.615952
20752.50000 0.605715
20756.59961 0.595945
20760.69922 0.584385
20764.90039 0.572548
20769.00000 0.561183
20773.09961 0.547288
20777.19922 0.531895
20781.40039 0.515394
20785.50000 0.498515
20789.59961 0.481336
20793.69922 0.462632
20797.80078 0.443807
20802.00000 0.422696
20806.09961 0.402483
20810.19922 0.383624
20814.30078 0.363707
20818.40039 0.342126
20822.59961 0.321189
20826.69922 0.30121
20830.80078 0.281073
20834.90039 0.261698
20839.09961 0.243027
20843.19922 0.225513
20847.30078 0.208199
20851.40039 0.192349
20855.50000 0.176834
20859.69922 0.162732
20863.80078 0.149192
20867.90039 0.136251
20872.00000 0.124281
20876.09961 0.113923
20880.30078 0.103209
20884.40039 0.093951
20888.50000 0.085641
20892.59961 0.077814
20896.80078 0.071084
20900.90039 0.065172
20905.00000 0.05941
20909.09961 0.053843
20913.19922 0.048609
20917.40039 0.044148
20921.50000 0.040368
20925.59961 0.037025
20929.69922 0.033939
20933.80078 0.031306
20938.00000 0.028235
20942.09961 0.02594
20946.19922 0.023727
20950.30078 0.021707
20954.40039 0.019657
20958.59961 0.017987
20962.69922 0.016978
20966.80078 0.015532
20970.90039 0.014327
20975.09961 0.013229
20979.19922 0.011718
20983.30078 0.01129
20987.40039 0.010877
20991.50000 0.009653
20995.69922 0.008817
20999.80078 0.007851
21003.90039 0.007231
21008.00000 0.006923
21012.09961 0.006449
21016.30078 0.006349
21020.40039 0.006073
21024.50000 0.005309
21028.59961 0.004896
21032.80078 0.00472
21036.90039 0.004372
21041.00000 0.004068
23145.09961 0.0
