threeML/data/optical_filters/NOT/NOTcam-K.ecsv
# %ECSV 0.9
# ---
# datatype:
# - {name: wavelength, unit: Angstrom, datatype: float32}
# - {name: response, datatype: float32}
# meta: !!omap
# - {band_name: K}
# - {group_name: NOTcam}
wavelength response
17709.30078 0.0
19677.00000 0.004266
19688.59961 0.004266
19700.30078 0.005119
19712.00000 0.005973
19723.69922 0.005119
19735.40039 0.005119
19747.09961 0.005973
19758.80078 0.005119
19770.50000 0.004266
19782.09961 0.005973
19793.80078 0.007679
19805.50000 0.007679
19817.19922 0.007679
19828.90039 0.008106
19840.59961 0.009386
19852.30078 0.010751
19863.90039 0.012799
19875.59961 0.012799
19887.30078 0.013652
19899.00000 0.015785
19910.69922 0.017492
19922.40039 0.019198
19934.09961 0.020904
19945.69922 0.022184
19957.40039 0.023037
19969.09961 0.023891
19980.80078 0.026024
19992.50000 0.02901
20004.19922 0.03157
20015.90039 0.034983
20027.50000 0.039249
20039.19922 0.043515
20050.90039 0.048635
20062.59961 0.054608
20074.30078 0.061433
20086.00000 0.069966
20097.69922 0.080449
20109.30078 0.091541
20121.00000 0.102389
20132.69922 0.115472
20144.40039 0.133959
20156.09961 0.15036
20167.80078 0.173891
20179.50000 0.197099
20191.19922 0.221274
20202.80078 0.252939
20214.50000 0.285362
20226.19922 0.316653
20237.90039 0.351753
20249.59961 0.389078
20261.30078 0.424829
20273.00000 0.464164
20284.59961 0.5
20296.30078 0.534983
20308.00000 0.56788
20319.69922 0.599829
20331.40039 0.628306
20343.09961 0.654437
20354.80078 0.679569
20366.40039 0.695392
20378.09961 0.711837
20389.80078 0.731229
20401.50000 0.746587
20413.19922 0.761945
20424.90039 0.773038
20436.59961 0.78413
20448.19922 0.795222
20459.90039 0.802901
20471.59961 0.81442
20483.30078 0.824232
20495.00000 0.831058
20506.69922 0.837884
20518.40039 0.846416
20530.00000 0.853242
20541.69922 0.859215
20553.40039 0.865188
20565.09961 0.868601
20576.80078 0.87116
20588.50000 0.87372
20600.19922 0.87628
20611.90039 0.877986
20623.50000 0.87884
20635.19922 0.880546
20646.90039 0.881399
20658.59961 0.881399
20670.30078 0.881399
20682.00000 0.880546
20693.69922 0.879693
20705.30078 0.879693
20717.00000 0.877986
20728.69922 0.877133
20740.40039 0.877986
20752.09961 0.87884
20763.80078 0.879693
20775.50000 0.879693
20787.09961 0.879693
20798.80078 0.880546
20810.50000 0.882253
20822.19922 0.883959
20833.90039 0.886945
20845.59961 0.890358
20857.30078 0.893771
20868.90039 0.895051
20880.59961 0.896758
20892.30078 0.899317
20904.00000 0.901877
20915.69922 0.906143
20927.40039 0.909556
20939.09961 0.912969
20950.80078 0.917235
20962.40039 0.919795
20974.09961 0.922782
20985.80078 0.925341
20997.50000 0.927474
21009.19922 0.930034
21020.90039 0.930887
21032.59961 0.931741
21044.19922 0.932594
21055.90039 0.933447
21067.59961 0.935154
21079.30078 0.935154
21091.00000 0.933447
21102.69922 0.933447
21114.40039 0.9343
21126.00000 0.9343
21137.69922 0.933447
21149.40039 0.932594
21161.09961 0.930887
21172.80078 0.928328
21184.50000 0.925768
21196.19922 0.923208
21207.80078 0.920648
21219.50000 0.917235
21231.19922 0.913823
21242.90039 0.911263
21254.59961 0.91041
21266.30078 0.909556
21278.00000 0.9059
21289.59961 0.90273
21301.30078 0.901024
21313.00000 0.901024
21324.69922 0.900171
21336.40039 0.896758
21348.09961 0.894198
21359.80078 0.892491
21371.50000 0.889932
21383.09961 0.887372
21394.80078 0.886519
21406.50000 0.887799
21418.19922 0.888225
21429.90039 0.886092
21441.59961 0.884812
21453.30078 0.884812
21464.90039 0.884812
21476.59961 0.884812
21488.30078 0.883959
21500.00000 0.883959
21511.69922 0.885666
21523.40039 0.886519
21535.09961 0.887372
21546.69922 0.889932
21558.40039 0.891638
21570.09961 0.892918
21581.80078 0.893345
21593.50000 0.893345
21605.19922 0.894198
21616.90039 0.895051
21628.50000 0.897611
21640.19922 0.901024
21651.90039 0.901877
21663.59961 0.90273
21675.30078 0.904522
21687.00000 0.90785
21698.69922 0.908703
21710.40039 0.909556
21722.00000 0.912116
21733.69922 0.914676
21745.40039 0.915529
21757.09961 0.917235
21768.80078 0.918942
21780.50000 0.918942
21792.19922 0.920648
21803.80078 0.921502
21815.50000 0.921502
21827.19922 0.923208
21838.90039 0.923208
21850.59961 0.923208
21862.30078 0.924061
21874.00000 0.923208
21885.59961 0.923208
21897.30078 0.923208
21909.00000 0.923208
21920.69922 0.924061
21932.40039 0.923208
21944.09961 0.922355
21955.80078 0.922355
21967.40039 0.921075
21979.09961 0.919369
21990.80078 0.918942
22002.50000 0.918089
22014.19922 0.917235
22025.90039 0.917235
22037.59961 0.917235
22049.19922 0.918089
22060.90039 0.918942
22072.59961 0.918089
22084.30078 0.917235
22096.00000 0.918089
22107.69922 0.918942
22119.40039 0.918942
22131.09961 0.920648
22142.69922 0.923208
22154.40039 0.924915
22166.09961 0.926621
22177.80078 0.928328
22189.50000 0.930034
22201.19922 0.931741
22212.90039 0.932594
22224.50000 0.933447
22236.19922 0.9343
22247.90039 0.935154
22259.59961 0.93686
22271.30078 0.938567
22283.00000 0.93942
22294.69922 0.940273
22306.30078 0.941126
22318.00000 0.941126
22329.69922 0.94198
22341.40039 0.943686
22353.09961 0.943686
22364.80078 0.943686
22376.50000 0.945392
22388.09961 0.945392
22399.80078 0.944539
22411.50000 0.944539
22423.19922 0.944539
22434.90039 0.945392
22446.59961 0.945392
22458.30078 0.944539
22469.90039 0.944539
22481.59961 0.943686
22493.30078 0.94198
22505.00000 0.941126
22516.69922 0.940273
22528.40039 0.93942
22540.09961 0.93942
22551.80078 0.93942
22563.40039 0.938567
22575.09961 0.937713
22586.80078 0.937713
22598.50000 0.938567
22610.19922 0.93942
22621.90039 0.93942
22633.59961 0.93942
22645.19922 0.940273
22656.90039 0.94198
22668.59961 0.943686
22680.30078 0.944539
22692.00000 0.943686
22703.69922 0.943686
22715.40039 0.945392
22727.00000 0.946246
22738.69922 0.946246
22750.40039 0.946246
22762.09961 0.947099
22773.80078 0.947099
22785.50000 0.947099
22797.19922 0.948805
22808.80078 0.950512
22820.50000 0.951365
22832.19922 0.952218
22843.90039 0.953072
22855.59961 0.953072
22867.30078 0.952218
22879.00000 0.952218
22890.69922 0.953925
22902.30078 0.954778
22914.00000 0.955631
22925.69922 0.955631
22937.40039 0.954778
22949.09961 0.953925
22960.80078 0.953072
22972.50000 0.953072
22984.09961 0.950939
22995.80078 0.949659
23007.50000 0.948805
23019.19922 0.947099
23030.90039 0.946246
23042.59961 0.946246
23054.30078 0.946246
23065.90039 0.944539
23077.59961 0.94198
23089.30078 0.94198
23101.00000 0.94198
23112.69922 0.940273
23124.40039 0.938567
23136.09961 0.937713
23147.69922 0.937713
23159.40039 0.93686
23171.09961 0.935154
23182.80078 0.9343
23194.50000 0.9343
23206.19922 0.933447
23217.90039 0.932594
23229.50000 0.932594
23241.19922 0.932594
23252.90039 0.932594
23264.59961 0.932594
23276.30078 0.933447
23288.00000 0.9343
23299.69922 0.935154
23311.40039 0.936007
23323.00000 0.936007
23334.69922 0.937713
23346.40039 0.941126
23358.09961 0.944539
23369.80078 0.947099
23381.50000 0.947952
23393.19922 0.948805
23404.80078 0.951365
23416.50000 0.953925
23428.19922 0.953925
23439.90039 0.953925
23451.59961 0.954778
23463.30078 0.953072
23475.00000 0.949659
23486.59961 0.942833
23498.30078 0.931741
23510.00000 0.917235
23521.69922 0.895904
23533.40039 0.871255
23545.09961 0.841297
23556.80078 0.806314
23568.40039 0.766508
23580.09961 0.716792
23591.80078 0.668645
23603.50000 0.619539
23615.19922 0.56572
23626.90039 0.510305
23638.59961 0.454275
23650.30078 0.397782
23661.90039 0.350292
23673.59961 0.30802
23685.30078 0.270819
23697.00000 0.232854
23708.69922 0.199659
23720.40039 0.17528
23732.09961 0.151024
23743.69922 0.128684
23755.40039 0.11149
23767.09961 0.098123
23778.80078 0.088311
23790.50000 0.075085
23802.19922 0.064846
23813.90039 0.056314
23825.50000 0.048635
23837.19922 0.042662
23848.90039 0.037543
23860.59961 0.033277
23872.30078 0.029864
23884.00000 0.025597
23895.69922 0.021331
23907.30078 0.019625
23919.00000 0.018771
23930.69922 0.016212
23942.40039 0.013652
23954.09961 0.011945
23965.80078 0.010665
23977.50000 0.009386
23989.09961 0.005973
24000.80078 0.005973
24012.50000 0.005119
24024.19922 0.004266
24035.90039 0.004266
24047.59961 0.004266
26452.35938 0.0
