threeML/data/optical_filters/NOT/NOTcam-H.ecsv
# %ECSV 0.9
# ---
# datatype:
# - {name: wavelength, unit: Angstrom, datatype: float32}
# - {name: response, datatype: float32}
# meta: !!omap
# - {band_name: H}
# - {group_name: NOTcam}
wavelength response
12952.08008 0.0
14391.20020 0.004661
14402.90039 0.007627
14414.59961 0.007627
14426.20020 0.005932
14437.90039 0.005932
14449.59961 0.007627
14461.29980 0.011017
14472.90039 0.009322
14484.59961 0.011017
14496.29980 0.014407
14507.90039 0.01483
14519.59961 0.017797
14531.29980 0.01822
14542.90039 0.021186
14554.59961 0.024576
14566.20020 0.026271
14577.90039 0.029661
14589.59961 0.034746
14601.20020 0.03983
14612.90039 0.04661
14624.59961 0.05339
14636.29980 0.061864
14647.90039 0.073729
14659.59961 0.082203
14671.29980 0.097458
14682.90039 0.111017
14694.59961 0.126271
14706.29980 0.14322
14717.90039 0.172034
14729.59961 0.190678
14741.29980 0.212712
14752.90039 0.241525
14764.59961 0.263559
14776.29980 0.294068
14787.90039 0.317458
14799.59961 0.34661
14811.20020 0.388983
14822.90039 0.413842
14834.59961 0.444915
14846.20020 0.487288
14857.90039 0.521186
14869.59961 0.55678
14881.20020 0.597458
14892.90039 0.629661
14904.59961 0.666949
14916.20020 0.699153
14927.90039 0.727966
14939.59961 0.758475
14951.20020 0.782203
14962.90039 0.802542
14974.59961 0.821186
14986.29980 0.831356
14997.90039 0.83983
15009.59961 0.844915
15021.29980 0.851695
15032.90039 0.851695
15044.59961 0.851695
15056.29980 0.851695
15067.90039 0.848305
15079.59961 0.848305
15091.20020 0.844915
15102.90039 0.844915
15114.59961 0.844915
15126.20020 0.844915
15137.90039 0.844915
15149.59961 0.84661
15161.20020 0.848305
15172.90039 0.851695
15184.59961 0.85678
15196.29980 0.86017
15207.90039 0.863559
15219.59961 0.866949
15231.29980 0.870339
15242.90039 0.872034
15254.59961 0.877119
15266.29980 0.878814
15277.90039 0.882203
15289.59961 0.882203
15301.29980 0.882203
15312.90039 0.882203
15324.59961 0.882203
15336.29980 0.880508
15347.90039 0.877119
15359.59961 0.875424
15371.20020 0.875424
15382.90039 0.872034
15394.59961 0.868644
15406.20020 0.865254
15417.90039 0.861864
15429.59961 0.86017
15441.20020 0.858475
15452.90039 0.858475
15464.59961 0.85678
15476.20020 0.855085
15487.90039 0.855085
15499.59961 0.855085
15511.20020 0.85678
15522.90039 0.858475
15534.59961 0.861864
15546.20020 0.861864
15557.90039 0.865254
15569.59961 0.868644
15581.29980 0.872034
15592.90039 0.873729
15604.59961 0.877119
15616.29980 0.878814
15627.90039 0.882203
15639.59961 0.885593
15651.20020 0.888983
15662.90039 0.892373
15674.59961 0.894068
15686.20020 0.894068
15697.90039 0.894068
15709.59961 0.894068
15721.20020 0.892373
15732.90039 0.892373
15744.59961 0.890678
15756.29980 0.888983
15767.90039 0.885593
15779.59961 0.885593
15791.29980 0.882203
15802.90039 0.878814
15814.59961 0.877119
15826.29980 0.875424
15837.90039 0.875424
15849.59961 0.872034
15861.29980 0.872034
15872.90039 0.872034
15884.59961 0.868644
15896.29980 0.868644
15907.90039 0.868644
15919.59961 0.868644
15931.20020 0.868644
15942.90039 0.872034
15954.59961 0.872034
15966.20020 0.872034
15977.90039 0.872034
15989.59961 0.875424
16001.20020 0.878814
16012.90039 0.880508
16024.59961 0.882203
16036.20020 0.885593
16047.90039 0.885593
16059.59961 0.890678
16071.20020 0.892373
16082.90039 0.892373
16094.59961 0.894068
16106.29980 0.892373
16117.90039 0.894068
16129.59961 0.892373
16141.29980 0.892373
16152.90039 0.892373
16164.59961 0.890678
16176.20020 0.888983
16187.90039 0.887288
16199.59961 0.883898
16211.20020 0.878814
16222.90039 0.875424
16234.59961 0.872034
16246.20020 0.866949
16257.90039 0.863559
16269.59961 0.86017
16281.29980 0.85339
16292.90039 0.85
16304.59961 0.84661
16316.29980 0.841525
16327.90039 0.836441
16339.59961 0.831356
16351.29980 0.829661
16362.90039 0.827966
16374.59961 0.824576
16386.30078 0.821186
16397.90039 0.817797
16409.59961 0.814407
16421.30078 0.814407
16432.90039 0.814407
16444.59961 0.814407
16456.19922 0.814407
16467.90039 0.814407
16491.19922 0.817797
16502.90039 0.817797
16514.59961 0.821186
16526.19922 0.824576
16537.90039 0.827966
16549.59961 0.831356
16561.19922 0.834746
16572.90039 0.834746
16584.59961 0.83983
16596.19922 0.844915
16607.90039 0.84661
16619.59961 0.851695
16631.19922 0.85339
16642.90039 0.855085
16654.59961 0.858475
16666.30078 0.861864
16677.90039 0.863559
16689.59961 0.865254
16701.30078 0.868644
16712.90039 0.868644
16724.59961 0.868644
16736.19922 0.872034
16747.90039 0.872034
16759.59961 0.872034
16771.19922 0.868644
16782.90039 0.868644
16794.59961 0.868644
16806.30078 0.868644
16817.90039 0.868644
16829.59961 0.865254
16841.30078 0.861864
16852.90039 0.861864
16864.59961 0.861864
16876.30078 0.858475
16887.90039 0.858475
16899.59961 0.858475
16911.30078 0.858475
16922.90039 0.858475
16934.59961 0.858475
16957.90039 0.855085
16969.59961 0.858475
16981.30078 0.858475
16992.90039 0.86017
17004.59961 0.86017
17016.19922 0.861864
17027.90039 0.861864
17039.59961 0.861864
17051.19922 0.861864
17062.90039 0.861864
17074.59961 0.861864
17086.19922 0.861864
17097.90039 0.861864
17109.59961 0.861864
17121.19922 0.858475
17132.90039 0.855085
17144.59961 0.855085
17156.19922 0.851695
17167.90039 0.851695
17179.59961 0.848305
17191.30078 0.844915
17202.90039 0.841525
17214.59961 0.836441
17226.30078 0.831356
17237.90039 0.826271
17249.59961 0.821186
17261.30078 0.817797
17272.90039 0.812712
17284.59961 0.807627
17296.19922 0.804237
17307.90039 0.799153
17319.59961 0.795763
17331.19922 0.794068
17342.90039 0.792373
17354.59961 0.787288
17366.19922 0.787288
17377.90039 0.787288
17389.59961 0.787288
17401.30078 0.787288
17412.90039 0.787288
17424.59961 0.787288
17436.30078 0.790678
17447.90039 0.792373
17459.59961 0.795763
17471.30078 0.795763
17482.90039 0.799153
17494.59961 0.802542
17506.30078 0.804237
17517.90039 0.807627
17529.59961 0.811017
17541.19922 0.811017
17552.90039 0.811017
17564.59961 0.814407
17576.19922 0.814407
17587.90039 0.811017
17599.59961 0.811017
17611.19922 0.805932
17622.90039 0.799718
17634.59961 0.795763
17646.19922 0.785593
17657.90039 0.773729
17669.59961 0.76017
17681.19922 0.74322
17692.90039 0.733051
17704.59961 0.716102
17716.19922 0.690678
17727.90039 0.663559
17739.59961 0.621186
17751.19922 0.587288
17762.90039 0.539831
17774.59961 0.490678
17786.30078 0.448305
17797.90039 0.397458
17809.59961 0.355085
17821.19922 0.311017
17832.90039 0.265254
17844.59961 0.233051
17856.19922 0.192373
17867.90039 0.165254
17879.59961 0.14322
17891.19922 0.116102
17902.90039 0.100847
17914.59961 0.083898
17926.30078 0.070339
17937.90039 0.06017
17949.59961 0.05
17961.30078 0.04322
17972.90039 0.036441
17984.59961 0.031356
17996.30078 0.024576
18007.90039 0.021186
18019.59961 0.019491
18031.30078 0.017797
18042.90039 0.014407
18054.59961 0.011441
18066.30078 0.011017
18077.90039 0.008051
18089.59961 0.007627
18101.19922 0.007627
18112.90039 0.004237
18124.59961 0.004237
19937.05859 0.0
