threeML/data/optical_filters/NOT/NOTcam-FeII.ecsv
# %ECSV 0.9
# ---
# datatype:
# - {name: wavelength, unit: Angstrom, datatype: float32}
# - {name: response, datatype: float32}
# meta: !!omap
# - {band_name: FeII}
# - {group_name: NOTcam}
wavelength response
14545.16992 0.0
16161.29980 0.004397
16164.50000 0.004742
16167.59961 0.004903
16170.79980 0.004947
16173.90039 0.005524
16177.09961 0.006158
16180.20020 0.006797
16183.40039 0.007052
16186.50000 0.008244
16189.70020 0.008889
16192.79980 0.010113
16196.00000 0.011573
16199.20020 0.011933
16202.29980 0.013186
16205.50000 0.015292
16208.59961 0.016769
16211.79980 0.018699
16214.90039 0.020856
16218.09961 0.02349
16221.20020 0.026509
16224.40039 0.029252
16227.50000 0.033403
16230.70020 0.037704
16233.90039 0.042556
16237.00000 0.048682
16240.20020 0.054215
16243.29980 0.060868
16246.50000 0.068435
16249.59961 0.077617
16252.79980 0.088305
16255.90039 0.099393
16259.09961 0.111963
16262.20020 0.125808
16265.40039 0.140158
16268.59961 0.170828
16271.70020 0.185331
16274.90039 0.19354
16278.00000 0.217207
16281.20020 0.238868
16284.29980 0.259043
16287.50000 0.28333
16290.59961 0.309966
16293.79980 0.338975
16296.90039 0.363661
16300.09961 0.386196
16303.29980 0.413151
16306.40039 0.440727
16309.59961 0.467658
16312.70020 0.49506
16315.90039 0.521706
16319.00000 0.545763
16322.20020 0.566714
16325.29980 0.585339
16328.50000 0.608867
16331.59961 0.630378
16334.79980 0.648026
16338.00000 0.666316
16341.09961 0.684434
16344.29980 0.694359
16347.40039 0.704759
16350.59961 0.716692
16353.70020 0.728298
16356.90039 0.735075
16360.00000 0.741522
16363.20020 0.749087
16366.29980 0.750811
16369.50000 0.751575
16372.70020 0.75382
16375.79980 0.754765
16379.00000 0.757626
16382.09961 0.764695
16385.30078 0.765915
16388.40039 0.765777
16391.59961 0.765741
16394.69922 0.764288
16397.90039 0.761975
16401.00000 0.761581
16404.19922 0.761629
16407.40039 0.758401
16410.50000 0.757371
16413.69922 0.756057
16416.80078 0.754134
16420.00000 0.753716
16423.09961 0.753172
16426.30078 0.751849
16429.40039 0.751189
16432.59961 0.746357
16435.69922 0.743388
16438.90039 0.741394
16442.09961 0.737619
16445.19922 0.736631
16448.40039 0.734356
16451.50000 0.731342
16454.69922 0.731173
16457.80078 0.731308
16461.00000 0.730402
16464.09961 0.7292
16467.30078 0.728146
16470.40039 0.725371
16473.59961 0.724658
16476.80078 0.724651
16479.90039 0.72492
16483.09961 0.723476
16486.19922 0.718093
16489.40039 0.716753
16492.50000 0.716381
16495.69922 0.712298
16498.80078 0.703727
16502.00000 0.699672
16505.09961 0.691338
16508.30078 0.676287
16511.50000 0.665258
16514.59961 0.653524
16517.80078 0.636984
16520.90039 0.621928
16524.09961 0.607434
16527.19922 0.587033
16530.40039 0.565178
16533.50000 0.546509
16536.69922 0.525738
16539.80078 0.501936
16543.00000 0.474753
16546.19922 0.4496
16549.30078 0.424081
16552.50000 0.396404
16555.59961 0.369598
16558.80078 0.341004
16561.90039 0.31603
16565.09961 0.291592
16568.19922 0.264639
16571.40039 0.241808
16574.50000 0.218595
16577.69922 0.196526
16580.90039 0.17679
16584.00000 0.158057
16587.19922 0.14145
16590.30078 0.126428
16593.50000 0.112975
16596.59961 0.100575
16599.80078 0.08888
16602.90039 0.078335
16606.09961 0.069733
16609.19922 0.062621
16612.40039 0.055909
16615.59961 0.049561
16618.69922 0.044096
16621.90039 0.039654
16625.00000 0.035722
16628.19922 0.03211
16631.30078 0.028825
16634.50000 0.026377
16637.59961 0.024172
16640.80078 0.021698
16643.90039 0.019655
16647.09961 0.017728
16650.30078 0.016156
16653.40039 0.014355
16656.59961 0.013177
16659.69922 0.012328
16662.90039 0.01183
16666.00000 0.011619
16669.19922 0.010383
16672.30078 0.010048
16675.50000 0.008891
16678.59961 0.007864
16681.80078 0.007176
16685.00000 0.006714
16688.09961 0.006559
16691.30078 0.005562
16694.40039 0.004995
16697.59961 0.004997
16700.69922 0.004947
16703.90039 0.004641
16707.00000 0.004203
16710.19922 0.004114
16713.30078 0.004012
18384.63086 0.0
