threeML/data/optical_filters/NOT/NOTcam-Brg.ecsv
# %ECSV 0.9
# ---
# datatype:
# - {name: wavelength, unit: Angstrom, datatype: float32}
# - {name: response, datatype: float32}
# meta: !!omap
# - {band_name: Brg}
# - {group_name: NOTcam}
wavelength response
19090.25977 0.0
21211.40039 0.004262
21215.50000 0.004826
21219.59961 0.005129
21223.69922 0.005211
21227.80078 0.005457
21231.90039 0.006108
21236.09961 0.006548
21240.19922 0.00671
21244.30078 0.007442
21248.40039 0.00861
21252.50000 0.009175
21256.69922 0.009441
21260.80078 0.010404
21264.90039 0.011401
21269.00000 0.012361
21273.09961 0.013535
21277.19922 0.014878
21281.40039 0.015872
21285.50000 0.017236
21289.59961 0.0192
21293.69922 0.020958
21297.80078 0.02291
21301.90039 0.025196
21306.09961 0.027706
21310.19922 0.029913
21314.30078 0.032985
21318.40039 0.036566
21322.50000 0.040606
21326.69922 0.044272
21330.80078 0.048484
21334.90039 0.052765
21339.00000 0.057978
21343.09961 0.063536
21347.19922 0.069834
21351.40039 0.07693
21355.50000 0.084019
21359.59961 0.092135
21363.69922 0.09949
21367.80078 0.103437
21371.90039 0.111532
21376.09961 0.129677
21380.19922 0.141251
21384.30078 0.153087
21388.40039 0.16652
21392.50000 0.179734
21396.59961 0.192973
21400.80078 0.209012
21404.90039 0.22503
21409.00000 0.242664
21413.09961 0.270143
21417.19922 0.275963
21421.40039 0.293141
21425.50000 0.315891
21429.59961 0.335171
21433.69922 0.352698
21437.80078 0.372212
21441.90039 0.392905
21446.09961 0.416815
21450.19922 0.431895
21454.30078 0.45169
21458.40039 0.474946
21462.50000 0.49815
21466.59961 0.517524
21470.80078 0.537497
21474.90039 0.554027
21479.00000 0.574544
21483.09961 0.587012
21487.19922 0.605437
21491.40039 0.625463
21495.50000 0.642622
21499.59961 0.658908
21503.69922 0.676408
21507.80078 0.682514
21511.90039 0.687749
21516.09961 0.698019
21520.19922 0.709509
21524.30078 0.713128
21528.40039 0.715767
21532.50000 0.723286
21536.59961 0.726538
21540.80078 0.726106
21544.90039 0.726106
21549.00000 0.726353
21553.09961 0.723942
21557.19922 0.721268
21561.40039 0.719146
21565.50000 0.713433
21569.59961 0.706024
21573.69922 0.69857
21577.80078 0.69508
21581.90039 0.690118
21586.09961 0.677871
21590.19922 0.671805
21594.30078 0.66763
21598.40039 0.659703
21602.50000 0.655678
21606.59961 0.649043
21610.80078 0.641166
21614.90039 0.641177
21619.00000 0.639336
21623.09961 0.633343
21627.19922 0.63267
21631.30078 0.632742
21635.50000 0.632866
21639.59961 0.633918
21643.69922 0.634484
21647.80078 0.636712
21651.90039 0.637706
21656.09961 0.638893
21660.19922 0.645786
21664.30078 0.652004
21668.40039 0.655751
21672.50000 0.658459
21676.59961 0.660804
21680.80078 0.662368
21684.90039 0.662748
21689.00000 0.662226
21693.09961 0.662273
21697.19922 0.659086
21701.30078 0.65165
21705.50000 0.647121
21709.59961 0.639995
21713.69922 0.625079
21717.80078 0.609726
21721.90039 0.594026
21726.09961 0.575555
21730.19922 0.555226
21734.30078 0.533668
21738.40039 0.512387
21742.50000 0.491428
21746.59961 0.465919
21750.80078 0.437518
21754.90039 0.411055
21759.00000 0.384724
21763.09961 0.357511
21767.19922 0.328879
21771.30078 0.302725
21775.50000 0.278253
21779.59961 0.253816
21783.69922 0.228775
21787.80078 0.204321
21791.90039 0.181438
21796.00000 0.161657
21800.19922 0.142926
21804.30078 0.12558
21808.40039 0.111277
21812.50000 0.098887
21816.59961 0.087163
21820.80078 0.076767
21824.90039 0.067699
21829.00000 0.059571
21833.09961 0.052496
21837.19922 0.046409
21841.30078 0.041183
21845.50000 0.036487
21849.59961 0.03266
21853.69922 0.029525
21857.80078 0.026678
21861.90039 0.023942
21866.00000 0.021122
21870.19922 0.019475
21874.30078 0.017365
21878.40039 0.015604
21882.50000 0.014316
21886.59961 0.013522
21890.80078 0.012189
21894.90039 0.011371
21899.00000 0.010264
21903.09961 0.009687
21907.19922 0.009398
21911.30078 0.007987
21915.50000 0.006766
21919.59961 0.006471
21923.69922 0.006326
21927.80078 0.006309
21931.90039 0.005883
21936.00000 0.005102
21940.19922 0.0046
21944.30078 0.004043
24138.73047 0.0
