threeML/data/optical_filters/NOT/NOTcam-J.ecsv
# %ECSV 0.9
# ---
# datatype:
# - {name: wavelength, unit: Angstrom, datatype: float32}
# - {name: response, datatype: float32}
# meta: !!omap
# - {band_name: J}
# - {group_name: NOTcam}
wavelength response
10271.25000 0.0
11412.50000 0.004281
11420.79980 0.005993
11429.20020 0.005137
11437.50000 0.004281
11445.79980 0.005422
11454.20020 0.010274
11462.50000 0.011986
11470.79980 0.014555
11479.20020 0.017123
11487.50000 0.020548
11495.79980 0.024829
11504.20020 0.028253
11512.50000 0.032534
11520.79980 0.036815
11529.20020 0.042808
11537.50000 0.052226
11545.79980 0.0625
11554.20020 0.074486
11562.50000 0.089041
11570.79980 0.104452
11579.20020 0.122509
11587.50000 0.14905
11595.79980 0.180651
11604.20020 0.21661
11612.50000 0.263699
11620.79980 0.314127
11629.20020 0.37149
11637.50000 0.4375
11645.79980 0.503425
11654.20020 0.574486
11662.50000 0.64726
11670.79980 0.707192
11679.20020 0.755993
11687.50000 0.793664
11695.79980 0.819349
11704.20020 0.837329
11712.50000 0.84589
11720.79980 0.848459
11729.20020 0.84589
11737.50000 0.839897
11745.79980 0.833048
11754.20020 0.827911
11762.50000 0.82363
11770.79980 0.820205
11779.20020 0.819349
11787.50000 0.820205
11795.79980 0.822774
11804.20020 0.825342
11812.50000 0.829623
11820.79980 0.835616
11829.20020 0.840753
11837.50000 0.84589
11845.79980 0.851027
11854.20020 0.855308
11862.50000 0.859589
11870.79980 0.86387
11879.20020 0.866438
11887.50000 0.867295
11895.79980 0.868151
11904.20020 0.869863
11912.50000 0.870719
11920.79980 0.870719
11929.20020 0.869863
11937.50000 0.868151
11945.79980 0.866438
11954.20020 0.865582
11962.50000 0.865582
11970.79980 0.865582
11979.20020 0.864726
11987.50000 0.86387
11995.79980 0.864726
12004.20020 0.865582
12012.50000 0.866438
12020.79980 0.867295
12029.20020 0.867295
12037.50000 0.867295
12045.79980 0.868151
12054.20020 0.869007
12062.50000 0.869007
12070.79980 0.869007
12079.20020 0.868151
12087.50000 0.866438
12095.79980 0.865582
12104.20020 0.864726
12112.50000 0.863014
12120.79980 0.860445
12129.20020 0.857021
12137.50000 0.853596
12145.79980 0.850171
12154.20020 0.84589
12162.50000 0.840753
12170.79980 0.836473
12179.20020 0.832192
12187.50000 0.827911
12195.79980 0.822774
12204.20020 0.816781
12212.50000 0.8125
12220.79980 0.808219
12229.20020 0.804795
12237.50000 0.802226
12245.79980 0.800514
12254.20020 0.799229
12262.50000 0.797089
12270.79980 0.795377
12279.20020 0.794949
12287.50000 0.796233
12295.79980 0.796233
12304.20020 0.797089
12312.50000 0.798801
12320.79980 0.802226
12329.20020 0.805651
12337.50000 0.809075
12345.79980 0.813356
12354.20020 0.819349
12362.50000 0.825342
12370.79980 0.830479
12379.20020 0.836473
12387.50000 0.842466
12395.79980 0.849315
12404.20020 0.857021
12412.50000 0.863014
12420.79980 0.868151
12429.20020 0.874144
12437.50000 0.880137
12445.79980 0.885274
12454.20020 0.891267
12462.50000 0.896404
12470.79980 0.899829
12479.20020 0.903253
12487.50000 0.906678
12495.79980 0.910959
12504.20020 0.91524
12512.50000 0.916952
12520.79980 0.917808
12529.20020 0.918664
12537.50000 0.919521
12545.79980 0.922089
12554.20020 0.924658
12562.50000 0.925514
12570.79980 0.925514
12579.20020 0.92637
12587.50000 0.927226
12595.79980 0.928938
12604.20020 0.931507
12612.50000 0.932363
12620.79980 0.932363
12629.20020 0.932363
12637.50000 0.932363
12645.79980 0.933219
12654.20020 0.933219
12662.50000 0.931507
12670.79980 0.929795
12679.20020 0.928082
12687.50000 0.927226
12695.79980 0.927226
12704.20020 0.925514
12712.50000 0.922089
12720.79980 0.920377
12729.20020 0.918664
12737.50000 0.916096
12745.79980 0.914384
12754.20020 0.911815
12762.50000 0.906678
12770.79980 0.903253
12779.20020 0.901541
12787.50000 0.898973
12795.79980 0.89726
12804.20020 0.896404
12812.50000 0.894692
12820.79980 0.892123
12829.20020 0.891267
12837.50000 0.891267
12845.79980 0.891267
12854.20020 0.891267
12862.50000 0.892123
12870.79980 0.893836
12879.20020 0.895548
12887.50000 0.898116
12895.79980 0.900685
12904.20020 0.902397
12912.50000 0.904966
12920.79980 0.90839
12929.20020 0.910103
12937.50000 0.911815
12945.79980 0.914384
12954.20020 0.916096
12962.50000 0.916952
12970.79980 0.916952
12979.20020 0.916952
12987.50000 0.914384
12995.79980 0.911815
13004.20020 0.90839
13012.50000 0.903253
13020.79980 0.898116
13029.20020 0.891267
13037.50000 0.883562
13045.79980 0.875
13054.20020 0.866438
13062.50000 0.856164
13070.79980 0.845034
13079.20020 0.833904
13087.50000 0.824486
13095.79980 0.816781
13104.20020 0.808219
13112.50000 0.80137
13120.79980 0.795377
13129.20020 0.79024
13137.50000 0.787671
13145.79980 0.786815
13154.20020 0.788527
13162.50000 0.791952
13170.79980 0.795377
13179.20020 0.798801
13187.50000 0.800514
13195.79980 0.797945
13204.20020 0.789384
13212.50000 0.775685
13220.79980 0.752569
13229.20020 0.719178
13237.50000 0.677226
13245.79980 0.622431
13254.20020 0.564212
13262.50000 0.502569
13270.79980 0.433219
13279.20020 0.369528
13287.50000 0.313877
13295.79980 0.263699
13304.20020 0.220034
13312.50000 0.180651
13320.79980 0.14726
13329.20020 0.122432
13337.50000 0.101027
13345.79980 0.083904
13354.20020 0.070206
13362.50000 0.057363
13370.79980 0.047945
13379.20020 0.039384
13387.50000 0.03339
13395.79980 0.02911
13404.20020 0.024829
13412.50000 0.021404
13420.79980 0.017979
13429.20020 0.015411
13437.50000 0.013699
13445.79980 0.011986
13454.20020 0.010702
13462.50000 0.009418
13470.79980 0.007705
13479.20020 0.005565
13487.50000 0.005137
14836.25000 0.0
