threeML/data/optical_filters/NOT/NOTcam-Hcont.ecsv
# %ECSV 0.9
# ---
# datatype:
# - {name: wavelength, unit: Angstrom, datatype: float32}
# - {name: response, datatype: float32}
# meta: !!omap
# - {band_name: Hcont}
# - {group_name: NOTcam}
wavelength response
13918.32031 0.0
15464.79980 0.004372
15467.90039 0.004629
15471.09961 0.004806
15474.20020 0.005386
15477.40039 0.005658
15480.50000 0.006411
15483.70020 0.006937
15486.79980 0.007772
15490.00000 0.008723
15493.09961 0.009062
15496.29980 0.010233
15499.40039 0.011142
15502.59961 0.012871
15505.70020 0.014615
15508.90039 0.015955
15512.09961 0.017339
15515.20020 0.01921
15518.40039 0.021501
15521.50000 0.023245
15524.70020 0.026527
15527.79980 0.030287
15531.00000 0.034142
15534.09961 0.038728
15537.29980 0.044011
15540.40039 0.05031
15543.59961 0.057203
15546.70020 0.065569
15549.90039 0.07501
15553.09961 0.085589
15556.20020 0.097161
15559.40039 0.110479
15562.50000 0.125878
15565.70020 0.143261
15568.79980 0.162144
15572.00000 0.182247
15575.09961 0.204929
15578.29980 0.227807
15581.40039 0.252485
15584.59961 0.276534
15587.70020 0.303664
15590.90039 0.332016
15594.09961 0.358594
15597.20020 0.385337
15600.40039 0.412475
15603.50000 0.441848
15606.70020 0.469829
15609.79980 0.496439
15613.00000 0.520717
15616.09961 0.546689
15619.29980 0.571633
15622.40039 0.595627
15625.59961 0.616346
15628.70020 0.638216
15631.90039 0.657912
15635.09961 0.678376
15638.20020 0.692132
15641.40039 0.713038
15644.50000 0.721271
15647.70020 0.733335
15650.79980 0.744724
15654.00000 0.750955
15657.09961 0.758919
15660.29980 0.766969
15663.40039 0.771304
15666.59961 0.771948
15669.70020 0.774883
15672.90039 0.776474
15676.09961 0.77921
15679.20020 0.782637
15682.40039 0.78504
15685.50000 0.786367
15688.70020 0.787125
15691.79980 0.788277
15695.00000 0.788476
15698.09961 0.788274
15701.29980 0.787227
15704.40039 0.787155
15707.59961 0.787199
15710.70020 0.787005
15713.90039 0.786301
15717.00000 0.786206
15720.20020 0.786325
15723.40039 0.786054
15726.50000 0.786206
15729.70020 0.78504
15732.79980 0.780668
15736.00000 0.777574
15739.09961 0.77743
15742.29980 0.774562
15745.40039 0.769088
15748.59961 0.766749
15751.70020 0.76662
15754.90039 0.766603
15758.00000 0.765622
15761.20020 0.764805
15764.40039 0.763654
15767.50000 0.760226
15770.70020 0.753856
15773.79980 0.752584
15777.00000 0.751582
15780.09961 0.746171
15783.29980 0.740918
15786.40039 0.732572
15789.59961 0.725431
15792.70020 0.716266
15795.90039 0.703134
15799.00000 0.69452
15802.20020 0.676144
15805.40039 0.657611
15808.50000 0.644003
15811.70020 0.626774
15814.79980 0.60478
15818.00000 0.580836
15821.09961 0.556371
15824.29980 0.531228
15827.40039 0.504865
15830.59961 0.478153
15833.70020 0.451143
15836.90039 0.4206
15840.00000 0.394402
15843.20020 0.368347
15846.40039 0.339876
15849.50000 0.3115
15852.70020 0.284168
15855.79980 0.255998
15859.00000 0.231325
15862.09961 0.207096
15865.29980 0.185966
15868.40039 0.165844
15871.59961 0.146605
15874.70020 0.130361
15877.90039 0.114523
15881.00000 0.101078
15884.20020 0.088347
15887.29980 0.077678
15890.50000 0.068681
15893.70020 0.060084
15896.79980 0.053136
15900.00000 0.04727
15903.09961 0.041648
15906.29980 0.037013
15909.40039 0.033163
15912.59961 0.029633
15915.70020 0.026393
15918.90039 0.023329
15922.00000 0.020942
15925.20020 0.018982
15928.29980 0.017419
15931.50000 0.015808
15934.70020 0.014012
15937.79980 0.012431
15941.00000 0.011654
15944.09961 0.011212
15947.29980 0.009601
15950.40039 0.008737
15953.59961 0.008284
15956.70020 0.007311
15959.90039 0.006672
15963.00000 0.006266
15966.20020 0.006153
15969.29980 0.006046
15972.50000 0.005671
15975.70020 0.004996
15978.79980 0.004644
15982.00000 0.004567
15985.09961 0.004438
15988.29980 0.004074
17587.12891 0.0
