threeML/data/optical_filters/NOT/NOTcam-Ks.ecsv
# %ECSV 0.9
# ---
# datatype:
# - {name: wavelength, unit: Angstrom, datatype: float32}
# - {name: response, datatype: float32}
# meta: !!omap
# - {band_name: Ks}
# - {group_name: NOTcam}
wavelength response
17523.44922 0.0
19470.50000 0.004281
19482.09961 0.004281
19493.80078 0.004281
19505.40039 0.004281
19517.09961 0.009418
19528.69922 0.009418
19540.30078 0.009418
19552.00000 0.012842
19563.59961 0.012842
19575.30078 0.016267
19586.90039 0.019692
19598.59961 0.019692
19610.19922 0.023116
19621.90039 0.026541
19633.50000 0.029966
19645.19922 0.035103
19656.80078 0.038527
19668.50000 0.043664
19680.09961 0.050514
19691.80078 0.057363
19703.40039 0.065925
19715.09961 0.072774
19726.69922 0.086473
19738.40039 0.096747
19750.00000 0.105787
19761.59961 0.130993
19773.30078 0.149673
19784.90039 0.177226
19796.59961 0.204623
19808.19922 0.228596
19819.90039 0.255993
19831.50000 0.28339
19843.19922 0.314212
19854.80078 0.345034
19866.50000 0.382705
19878.09961 0.422089
19889.80078 0.463185
19901.40039 0.517725
19913.09961 0.554006
19924.69922 0.608733
19936.40039 0.648596
19948.00000 0.680651
19959.69922 0.719178
19971.30078 0.745719
19982.90039 0.773116
19994.59961 0.804794
20006.19922 0.825576
20017.90039 0.853596
20029.50000 0.874144
20041.19922 0.889555
20052.80078 0.899829
20064.50000 0.909732
20076.09961 0.918331
20087.80078 0.923801
20099.40039 0.927226
20111.09961 0.927226
20122.69922 0.927226
20134.40039 0.927226
20146.00000 0.923801
20157.69922 0.923202
20169.30078 0.920377
20180.90039 0.917951
20192.59961 0.915925
20204.19922 0.912928
20215.90039 0.910103
20227.50000 0.908819
20239.19922 0.90625
20250.80078 0.905394
20262.50000 0.904966
20274.09961 0.903253
20285.80078 0.902397
20297.40039 0.902397
20309.09961 0.903253
20320.69922 0.904538
20332.40039 0.906678
20344.00000 0.911815
20355.69922 0.913527
20367.30078 0.920377
20379.00000 0.923801
20390.59961 0.928938
20402.19922 0.932363
20413.90039 0.935788
20425.50000 0.940925
20437.19922 0.942637
20448.80078 0.946062
20460.50000 0.949486
20472.09961 0.952911
20483.80078 0.956336
20495.40039 0.958048
20507.09961 0.961473
20518.69922 0.961473
20530.40039 0.961473
20542.00000 0.961473
20553.69922 0.964897
20565.30078 0.964897
20577.00000 0.964897
20588.59961 0.963185
20600.19922 0.961473
20611.90039 0.961473
20623.50000 0.95976
20635.19922 0.958048
20646.80078 0.958048
20658.50000 0.956336
20670.09961 0.954623
20681.80078 0.952911
20693.40039 0.951199
20705.09961 0.947774
20716.69922 0.947774
20728.40039 0.944349
20740.00000 0.944349
20751.69922 0.940925
20763.30078 0.940925
20775.00000 0.940925
20786.59961 0.940925
20798.30078 0.940925
20809.90039 0.940925
20821.50000 0.940925
20833.19922 0.940925
20844.80078 0.940925
20856.50000 0.940925
20868.09961 0.940925
20879.80078 0.940925
20891.40039 0.940925
20903.09961 0.940925
20914.69922 0.940925
20926.40039 0.940925
20938.00000 0.944349
20949.69922 0.944349
20961.30078 0.944349
20973.00000 0.944349
20984.59961 0.944349
20996.30078 0.944349
21007.90039 0.947346
21019.50000 0.947774
21031.19922 0.947774
21042.80078 0.947774
21054.50000 0.944349
21066.09961 0.944349
21077.80078 0.944349
21089.40039 0.944349
21101.09961 0.944349
21112.69922 0.944349
21124.40039 0.944349
21136.00000 0.944349
21147.69922 0.944349
21159.30078 0.944349
21171.00000 0.944349
21182.59961 0.940925
21194.30078 0.940925
21205.90039 0.940925
21217.59961 0.939926
21229.19922 0.9375
21240.80078 0.9375
21252.50000 0.9375
21264.09961 0.9375
21275.80078 0.9375
21287.40039 0.935788
21299.09961 0.934075
21310.69922 0.934075
21322.40039 0.935788
21334.00000 0.934646
21345.69922 0.937357
21357.30078 0.9375
21369.00000 0.9375
21380.59961 0.9375
21392.30078 0.9375
21403.90039 0.9375
21415.59961 0.9375
21427.19922 0.9375
21438.90039 0.9375
21450.50000 0.9375
21462.09961 0.9375
21473.80078 0.940925
21485.40039 0.940925
21497.09961 0.940925
21508.69922 0.940925
21520.40039 0.940925
21532.00000 0.942637
21543.69922 0.944349
21555.30078 0.942637
21567.00000 0.944349
21578.59961 0.944349
21590.30078 0.947774
21601.90039 0.947774
21613.59961 0.947774
21625.19922 0.951199
21636.90039 0.951199
21648.50000 0.951199
21660.09961 0.951199
21671.80078 0.951199
21683.40039 0.951199
21695.09961 0.951199
21706.69922 0.951199
21718.40039 0.951199
21730.00000 0.951199
21741.69922 0.951199
21753.30078 0.952911
21765.00000 0.951199
21776.59961 0.951199
21788.30078 0.951199
21799.90039 0.951199
21811.59961 0.951199
21823.19922 0.951199
21834.90039 0.949486
21846.50000 0.947774
21858.19922 0.947774
21869.80078 0.949486
21881.40039 0.947774
21893.09961 0.947774
21904.69922 0.947774
21916.40039 0.947774
21928.00000 0.947774
21939.69922 0.947774
21951.30078 0.947774
21963.00000 0.94649
21974.59961 0.946062
21986.30078 0.945205
21997.90039 0.944777
22009.59961 0.944349
22021.19922 0.944349
22032.90039 0.944349
22044.50000 0.944349
22056.19922 0.944349
22067.80078 0.944349
22079.40039 0.944349
22091.09961 0.944349
22102.69922 0.944349
22114.40039 0.944349
22126.00000 0.944349
22137.69922 0.944349
22149.30078 0.944349
22161.00000 0.946062
22172.59961 0.944349
22184.30078 0.944349
22195.90039 0.944349
22207.59961 0.944349
22219.19922 0.944349
22230.90039 0.946062
22242.50000 0.944349
22254.19922 0.944349
22265.80078 0.944349
22277.50000 0.944349
22289.09961 0.944349
22300.69922 0.944349
22312.40039 0.944349
22324.00000 0.944349
22335.69922 0.944349
22347.30078 0.944349
22359.00000 0.944349
22370.59961 0.944349
22382.30078 0.944349
22393.90039 0.944349
22405.59961 0.944349
22417.19922 0.944349
22428.90039 0.944349
22440.50000 0.944349
22452.19922 0.944349
22463.80078 0.944349
22475.50000 0.944349
22487.09961 0.944349
22498.80078 0.944349
22510.40039 0.944349
22522.00000 0.946062
22533.69922 0.947774
22545.30078 0.947774
22557.00000 0.947774
22568.59961 0.947774
22580.30078 0.947774
22591.90039 0.947774
22603.59961 0.951199
22615.19922 0.948202
22626.90039 0.947774
22638.50000 0.947774
22650.19922 0.947774
22661.80078 0.951199
22673.50000 0.951199
22685.09961 0.949486
22696.80078 0.947774
22708.40039 0.944349
22720.09961 0.939212
22731.69922 0.935788
22743.30078 0.932363
22755.00000 0.928938
22766.59961 0.921539
22778.30078 0.915753
22789.90039 0.90839
22801.59961 0.902825
22813.19922 0.891629
22824.90039 0.879281
22836.50000 0.862158
22848.19922 0.846747
22859.80078 0.827911
22871.50000 0.798801
22883.09961 0.781678
22894.80078 0.74604
22906.40039 0.714897
22918.09961 0.682363
22929.69922 0.64688
22941.30078 0.605308
22953.00000 0.569349
22964.59961 0.538731
22976.30078 0.521333
22987.90039 0.460987
22999.59961 0.443147
23011.19922 0.394092
23022.90039 0.350171
23034.50000 0.311032
23046.19922 0.274829
23057.80078 0.242937
23069.50000 0.211473
23081.09961 0.189212
23092.80078 0.166952
23104.40039 0.149829
23116.09961 0.136008
23127.69922 0.125856
23139.40039 0.108733
23151.00000 0.096747
23162.59961 0.085833
23174.30078 0.072774
23185.90039 0.064212
23197.59961 0.055651
23209.19922 0.050514
23220.90039 0.041952
23232.50000 0.038527
23244.19922 0.035103
23255.80078 0.029966
23267.50000 0.026541
23279.09961 0.023116
23290.80078 0.019692
23302.40039 0.019692
23314.09961 0.016267
23325.69922 0.012842
23337.40039 0.012842
23349.00000 0.01113
23360.59961 0.010274
23372.30078 0.009418
23383.90039 0.009418
23395.59961 0.006849
23407.19922 0.005993
23418.90039 0.005993
23430.50000 0.005993
23442.19922 0.004281
23453.80078 0.004281
23465.50000 0.004281
25812.05078 0.0
