threeML/data/optical_filters/NOT/StanCam-Bes_B.ecsv
# %ECSV 0.9
# ---
# datatype:
# - {name: wavelength, unit: Angstrom, datatype: float32}
# - {name: response, datatype: float32}
# meta: !!omap
# - {band_name: Bes_B}
# - {group_name: StanCam}
wavelength response
3168.00000 0.0
3520.00000 0.004698
3540.00000 0.011133
3560.00000 0.022509
3580.00000 0.039273
3600.00000 0.061702
3620.00000 0.088986
3640.00000 0.118968
3660.00000 0.150937
3680.00000 0.174154
3700.00000 0.215475
3720.00000 0.247468
3740.00000 0.277338
3760.00000 0.306318
3780.00000 0.333531
3800.00000 0.358905
3820.00000 0.382397
3840.00000 0.404508
3860.00000 0.424821
3880.00000 0.443597
3900.00000 0.460967
3920.00000 0.476741
3940.00000 0.491227
3960.00000 0.504662
3980.00000 0.516773
4000.00000 0.526958
4020.00000 0.537746
4040.00000 0.546084
4060.00000 0.555058
4080.00000 0.562709
4100.00000 0.569199
4120.00000 0.576491
4140.00000 0.581493
4160.00000 0.586279
4180.00000 0.591588
4200.00000 0.596168
4220.00000 0.599446
4240.00000 0.601616
4260.00000 0.60327
4280.00000 0.604656
4300.00000 0.605764
4320.00000 0.606525
4340.00000 0.605375
4360.00000 0.605632
4380.00000 0.604263
4400.00000 0.602899
4420.00000 0.601289
4440.00000 0.598792
4460.00000 0.595097
4480.00000 0.589815
4500.00000 0.583628
4520.00000 0.578374
4540.00000 0.571745
4560.00000 0.565076
4580.00000 0.555844
4600.00000 0.54551
4620.00000 0.53371
4640.00000 0.519057
4660.00000 0.501936
4680.00000 0.481854
4700.00000 0.459686
4720.00000 0.437008
4740.00000 0.412902
4760.00000 0.388826
4780.00000 0.364082
4800.00000 0.338784
4820.00000 0.312963
4840.00000 0.287478
4860.00000 0.263379
4880.00000 0.240195
4900.00000 0.218995
4920.00000 0.199488
4940.00000 0.182637
4960.00000 0.167558
4980.00000 0.154277
5000.00000 0.14089
5020.00000 0.126492
5040.00000 0.111313
5060.00000 0.096748
5080.00000 0.083642
5100.00000 0.072514
5120.00000 0.062924
5140.00000 0.054312
5160.00000 0.046433
5180.00000 0.039155
5200.00000 0.032578
5220.00000 0.026907
5240.00000 0.022085
5260.00000 0.018091
5280.00000 0.014958
5300.00000 0.012611
5320.00000 0.010887
5340.00000 0.009717
5360.00000 0.00886
5380.00000 0.008379
5400.00000 0.008135
5420.00000 0.008168
5440.00000 0.008492
5460.00000 0.009111
5480.00000 0.010065
5500.00000 0.011296
5520.00000 0.012808
5540.00000 0.014312
5560.00000 0.015526
5580.00000 0.01626
5600.00000 0.01636
5620.00000 0.015831
5640.00000 0.014851
5660.00000 0.013401
5680.00000 0.012126
5700.00000 0.009646
5720.00000 0.007695
5740.00000 0.005895
5760.00000 0.004363
6336.00000 0.0
