threeML/data/optical_filters/NOT/StanCam-i793.ecsv
# %ECSV 0.9
# ---
# datatype:
# - {name: wavelength, unit: Angstrom, datatype: float32}
# - {name: response, datatype: float32}
# meta: !!omap
# - {band_name: i793}
# - {group_name: StanCam}
wavelength response
6156.00000 0.0
6840.00000 0.00465
6860.00000 0.007935
6880.00000 0.013495
6900.00000 0.022338
6920.00000 0.036078
6940.00000 0.055769
6960.00000 0.083442
6980.00000 0.118953
7000.00000 0.162773
7020.00000 0.213873
7040.00000 0.270287
7060.00000 0.329329
7080.00000 0.389323
7100.00000 0.444569
7120.00000 0.497118
7140.00000 0.543482
7160.00000 0.583128
7180.00000 0.607782
7200.00000 0.646612
7220.00000 0.669505
7240.00000 0.688638
7260.00000 0.705496
7280.00000 0.718842
7300.00000 0.73165
7320.00000 0.741756
7340.00000 0.748857
7360.00000 0.756633
7380.00000 0.765018
7400.00000 0.767658
7420.00000 0.773034
7440.00000 0.774455
7460.00000 0.777007
7480.00000 0.77603
7500.00000 0.775051
7520.00000 0.772106
7540.00000 0.770472
7560.00000 0.767331
7580.00000 0.764861
7600.00000 0.763937
7620.00000 0.761956
7640.00000 0.762196
7660.00000 0.764062
7680.00000 0.766042
7700.00000 0.76844
7720.00000 0.773487
7740.00000 0.778123
7760.00000 0.783287
7780.00000 0.788246
7800.00000 0.793212
7820.00000 0.796324
7840.00000 0.797955
7860.00000 0.800349
7880.00000 0.798643
7900.00000 0.798691
7920.00000 0.796362
7940.00000 0.795862
7960.00000 0.792203
7980.00000 0.788101
8000.00000 0.784016
8020.00000 0.780334
8040.00000 0.780522
8060.00000 0.778656
8080.00000 0.776616
8100.00000 0.77591
8120.00000 0.776791
8140.00000 0.779693
8160.00000 0.781658
8180.00000 0.782863
8200.00000 0.785867
8220.00000 0.788373
8240.00000 0.789573
8260.00000 0.787526
8280.00000 0.785252
8300.00000 0.781928
8320.00000 0.774836
8340.00000 0.762037
8360.00000 0.749998
8380.00000 0.732869
8400.00000 0.710979
8420.00000 0.69508
8440.00000 0.672367
8460.00000 0.645265
8480.00000 0.62141
8500.00000 0.601052
8520.00000 0.587338
8540.00000 0.569116
8560.00000 0.563539
8580.00000 0.561788
8600.00000 0.572283
8620.00000 0.591118
8640.00000 0.615955
8660.00000 0.659947
8680.00000 0.702279
8700.00000 0.751505
8720.00000 0.760372
8740.00000 0.692836
8760.00000 0.569968
8780.00000 0.411445
8800.00000 0.280168
8820.00000 0.182097
8840.00000 0.122905
8860.00000 0.081026
8880.00000 0.055784
8900.00000 0.041118
8920.00000 0.028222
8940.00000 0.021548
8960.00000 0.015805
8980.00000 0.010545
9000.00000 0.008757
9900.00000 0.0
