threeML/data/optical_filters/NOT/StanCam-Bes_R.ecsv
# %ECSV 0.9
# ---
# datatype:
# - {name: wavelength, unit: Angstrom, datatype: float32}
# - {name: response, datatype: float32}
# meta: !!omap
# - {band_name: Bes_R}
# - {group_name: StanCam}
wavelength response
5004.00000 0.0
5560.00000 0.010486
5580.00000 0.029741
5600.00000 0.069937
5620.00000 0.135367
5640.00000 0.223726
5660.00000 0.322261
5680.00000 0.390932
5700.00000 0.507373
5720.00000 0.580058
5740.00000 0.637174
5760.00000 0.681419
5780.00000 0.713946
5800.00000 0.737518
5820.00000 0.75395
5840.00000 0.767337
5860.00000 0.7759
5880.00000 0.78142
5900.00000 0.784782
5920.00000 0.785495
5940.00000 0.786401
5960.00000 0.786221
5980.00000 0.785305
6000.00000 0.784252
6020.00000 0.783445
6040.00000 0.779697
6060.00000 0.776378
6080.00000 0.77417
6100.00000 0.770309
6120.00000 0.765825
6140.00000 0.761814
6160.00000 0.75711
6180.00000 0.753029
6200.00000 0.748314
6220.00000 0.742894
6240.00000 0.738819
6260.00000 0.733059
6280.00000 0.727629
6300.00000 0.722532
6320.00000 0.716787
6340.00000 0.71091
6360.00000 0.704917
6380.00000 0.699273
6400.00000 0.692622
6420.00000 0.686446
6440.00000 0.680944
6460.00000 0.674588
6480.00000 0.667422
6500.00000 0.66009
6520.00000 0.653583
6540.00000 0.647282
6560.00000 0.640555
6580.00000 0.633922
6600.00000 0.62733
6620.00000 0.620038
6640.00000 0.612517
6660.00000 0.606477
6680.00000 0.599125
6700.00000 0.591206
6720.00000 0.583755
6740.00000 0.575889
6760.00000 0.56934
6780.00000 0.560934
6800.00000 0.553551
6820.00000 0.54503
6840.00000 0.536453
6860.00000 0.528258
6880.00000 0.519483
6900.00000 0.511588
6920.00000 0.502589
6940.00000 0.49419
6960.00000 0.485871
6980.00000 0.47679
7000.00000 0.468231
7020.00000 0.460045
7040.00000 0.451624
7060.00000 0.443198
7080.00000 0.434665
7100.00000 0.425579
7120.00000 0.416962
7140.00000 0.408864
7160.00000 0.400626
7180.00000 0.395062
7200.00000 0.384333
7220.00000 0.376246
7240.00000 0.367646
7260.00000 0.359258
7280.00000 0.351421
7300.00000 0.343817
7320.00000 0.336027
7340.00000 0.327516
7360.00000 0.320545
7380.00000 0.312564
7400.00000 0.304234
7420.00000 0.297158
7440.00000 0.290265
7460.00000 0.282002
7480.00000 0.274825
7500.00000 0.267734
7520.00000 0.260285
7540.00000 0.253421
7560.00000 0.246294
7580.00000 0.239234
7600.00000 0.232654
7620.00000 0.225944
7640.00000 0.21922
7660.00000 0.212733
7680.00000 0.206144
7700.00000 0.200004
7720.00000 0.193288
7740.00000 0.187477
7760.00000 0.181673
7780.00000 0.175924
7800.00000 0.170286
7820.00000 0.164607
7840.00000 0.158927
7860.00000 0.153868
7880.00000 0.148751
7900.00000 0.143846
7920.00000 0.139011
7940.00000 0.134127
7960.00000 0.129051
7980.00000 0.12454
8000.00000 0.120429
8020.00000 0.11622
8040.00000 0.111518
8060.00000 0.107663
8080.00000 0.103935
8100.00000 0.099982
8120.00000 0.096137
8140.00000 0.09245
8160.00000 0.08963
8180.00000 0.085795
8200.00000 0.082399
8220.00000 0.079579
8240.00000 0.07607
8260.00000 0.073199
8280.00000 0.070241
8300.00000 0.067684
8320.00000 0.065161
8340.00000 0.062595
8360.00000 0.059601
8380.00000 0.057589
8400.00000 0.055034
8420.00000 0.052744
8440.00000 0.050522
8460.00000 0.048387
8480.00000 0.046556
8500.00000 0.04477
8520.00000 0.042714
8540.00000 0.040833
8560.00000 0.039131
8580.00000 0.037447
8600.00000 0.035231
8620.00000 0.034561
8640.00000 0.033699
8660.00000 0.031843
8680.00000 0.029226
8700.00000 0.028893
8720.00000 0.027648
8740.00000 0.027659
8760.00000 0.026381
8780.00000 0.026225
8800.00000 0.024631
8820.00000 0.021525
8840.00000 0.019953
8860.00000 0.019499
8880.00000 0.020394
8900.00000 0.019442
8920.00000 0.018083
8940.00000 0.016365
8960.00000 0.016834
8980.00000 0.016919
9000.00000 0.018474
9900.00000 0.0
