threeML/data/optical_filters/NOT/StanCam-Bes_V.ecsv
# %ECSV 0.9
# ---
# datatype:
# - {name: wavelength, unit: Angstrom, datatype: float32}
# - {name: response, datatype: float32}
# meta: !!omap
# - {band_name: Bes_V}
# - {group_name: StanCam}
wavelength response
4320.00000 0.0
4800.00000 0.005921
4820.00000 0.022376
4840.00000 0.061921
4860.00000 0.130741
4880.00000 0.225402
4900.00000 0.330122
4920.00000 0.432289
4940.00000 0.522451
4960.00000 0.595322
4980.00000 0.652862
5000.00000 0.69716
5020.00000 0.729352
5040.00000 0.753338
5060.00000 0.773371
5080.00000 0.78567
5100.00000 0.796791
5120.00000 0.805303
5140.00000 0.810037
5160.00000 0.814475
5180.00000 0.818392
5200.00000 0.819451
5220.00000 0.820454
5240.00000 0.820708
5260.00000 0.81937
5280.00000 0.818948
5300.00000 0.816074
5320.00000 0.813178
5340.00000 0.811671
5360.00000 0.807157
5380.00000 0.802725
5400.00000 0.798575
5420.00000 0.793477
5440.00000 0.786212
5460.00000 0.780953
5480.00000 0.773321
5500.00000 0.765073
5520.00000 0.757758
5540.00000 0.747512
5560.00000 0.736872
5580.00000 0.726826
5600.00000 0.714846
5620.00000 0.702134
5640.00000 0.68946
5660.00000 0.675087
5680.00000 0.66469
5700.00000 0.646007
5720.00000 0.629293
5740.00000 0.611879
5760.00000 0.595401
5780.00000 0.577197
5800.00000 0.558216
5820.00000 0.540788
5840.00000 0.520293
5860.00000 0.500454
5880.00000 0.481304
5900.00000 0.460555
5920.00000 0.439786
5940.00000 0.419786
5960.00000 0.399204
5980.00000 0.378695
6000.00000 0.359064
6020.00000 0.33838
6040.00000 0.318703
6060.00000 0.299026
6080.00000 0.280039
6100.00000 0.261161
6120.00000 0.243139
6140.00000 0.225322
6160.00000 0.208357
6180.00000 0.192155
6200.00000 0.176261
6220.00000 0.161825
6240.00000 0.147578
6260.00000 0.134079
6280.00000 0.121777
6300.00000 0.109766
6320.00000 0.098894
6340.00000 0.088736
6360.00000 0.079328
6380.00000 0.070635
6400.00000 0.062643
6420.00000 0.05544
6440.00000 0.048785
6460.00000 0.042869
6480.00000 0.037424
6500.00000 0.03255
6520.00000 0.028187
6540.00000 0.024324
6560.00000 0.020897
6580.00000 0.017976
6600.00000 0.015292
6620.00000 0.013035
6640.00000 0.010997
6660.00000 0.009309
6680.00000 0.007799
6700.00000 0.006554
6720.00000 0.005387
6740.00000 0.004462
7414.00000 0.0
