threeML/data/optical_filters/NOT/StanCam-Halpha.ecsv
# %ECSV 0.9
# ---
# datatype:
# - {name: wavelength, unit: Angstrom, datatype: float32}
# - {name: response, datatype: float32}
# meta: !!omap
# - {band_name: Halpha}
# - {group_name: StanCam}
wavelength response
5796.45020 0.0
6440.50000 0.004071
6441.70020 0.004391
6443.00000 0.004988
6444.20020 0.004861
6445.50000 0.005237
6446.70020 0.006109
6448.00000 0.006634
6449.20020 0.006435
6450.50000 0.006253
6451.70020 0.007985
6453.00000 0.008081
6454.20020 0.009413
6455.50000 0.010868
6456.79980 0.01102
6458.00000 0.01209
6459.29980 0.013266
6460.50000 0.014839
6461.79980 0.014873
6463.00000 0.015839
6464.29980 0.01786
6465.50000 0.019616
6466.79980 0.020718
6468.00000 0.022943
6469.29980 0.025727
6470.50000 0.027343
6471.79980 0.030338
6473.00000 0.032945
6474.29980 0.035772
6475.50000 0.03885
6476.79980 0.044662
6478.00000 0.047594
6479.29980 0.05235
6480.50000 0.056963
6481.79980 0.062313
6483.00000 0.070878
6484.29980 0.076316
6485.50000 0.084425
6486.79980 0.093324
6488.00000 0.102612
6489.29980 0.11201
6490.50000 0.120426
6491.79980 0.134184
6493.00000 0.148755
6494.29980 0.161842
6495.50000 0.180887
6496.79980 0.199885
6498.00000 0.217848
6499.29980 0.238746
6500.50000 0.258647
6501.79980 0.277998
6503.00000 0.303514
6504.29980 0.32304
6505.60010 0.350172
6506.79980 0.377079
6508.10010 0.398302
6509.29980 0.421305
6510.60010 0.437781
6511.79980 0.465997
6513.10010 0.490407
6514.29980 0.508437
6515.60010 0.528451
6516.79980 0.538323
6518.10010 0.551688
6519.29980 0.565764
6520.60010 0.577471
6521.79980 0.5837
6523.10010 0.591182
6524.29980 0.591199
6525.60010 0.596132
6526.79980 0.605923
6528.10010 0.605746
6529.29980 0.607306
6530.60010 0.614968
6531.79980 0.610629
6533.10010 0.612956
6534.29980 0.622123
6535.60010 0.619629
6536.79980 0.614153
6538.10010 0.61688
6539.29980 0.621898
6540.60010 0.616756
6541.79980 0.617996
6543.10010 0.615056
6544.29980 0.61476
6545.60010 0.616226
6546.79980 0.617096
6548.10010 0.609044
6549.29980 0.615132
6550.60010 0.621083
6551.79980 0.616884
6553.10010 0.62226
6554.39990 0.620778
6555.60010 0.619141
6556.89990 0.616779
6558.10010 0.618989
6559.39990 0.616966
6560.60010 0.615738
6561.89990 0.615028
6563.10010 0.617586
6564.39990 0.616794
6565.60010 0.616822
6566.89990 0.617579
6568.10010 0.61591
6569.39990 0.612626
6570.60010 0.611024
6571.89990 0.615343
6573.10010 0.612555
6574.39990 0.612821
6575.60010 0.607679
6576.89990 0.605646
6578.10010 0.611423
6579.39990 0.612306
6580.60010 0.60464
6581.89990 0.605261
6583.10010 0.606297
6584.39990 0.608112
6585.60010 0.605538
6586.89990 0.604977
6588.10010 0.595323
6589.39990 0.597345
6590.60010 0.600383
6591.89990 0.600519
6593.10010 0.596969
6594.39990 0.590504
6595.60010 0.587901
6596.89990 0.583099
6598.10010 0.567622
6599.39990 0.563937
6600.60010 0.54883
6601.89990 0.537082
6603.20020 0.527041
6604.39990 0.507148
6605.70020 0.494693
6606.89990 0.477551
6608.20020 0.458451
6609.39990 0.435179
6610.70020 0.411486
6611.89990 0.391153
6613.20020 0.371054
6614.39990 0.34986
6615.70020 0.324965
6616.89990 0.306086
6618.20020 0.282971
6619.39990 0.259685
6620.70020 0.246722
6621.89990 0.224702
6623.20020 0.200435
6624.39990 0.183659
6625.70020 0.169682
6626.89990 0.157411
6628.20020 0.142954
6629.39990 0.126664
6630.70020 0.119188
6631.89990 0.110076
6633.20020 0.098445
6634.39990 0.091183
6635.70020 0.083357
6636.89990 0.076757
6638.20020 0.071263
6639.39990 0.063676
6640.70020 0.05711
6641.89990 0.054101
6643.20020 0.04887
6644.39990 0.044238
6645.70020 0.041194
6646.89990 0.037924
6648.20020 0.03547
6649.39990 0.032212
6650.70020 0.028685
6652.00000 0.026476
6653.20020 0.024507
6654.50000 0.022041
6655.70020 0.019895
6657.00000 0.018779
6658.20020 0.016928
6659.50000 0.015889
6660.70020 0.01463
6662.00000 0.01368
6663.20020 0.013282
6664.50000 0.012617
6665.70020 0.011136
6667.00000 0.011068
6668.20020 0.009308
6669.50000 0.008941
6670.70020 0.00854
6672.00000 0.00783
6673.20020 0.007088
6674.50000 0.007047
6675.70020 0.006317
6677.00000 0.005219
6678.20020 0.005339
6679.50000 0.005308
6680.70020 0.0046
6682.00000 0.004805
7350.20020 0.0
