threeML/data/optical_filters/GTC/CanariCam-PAH2.ecsv
# %ECSV 0.9
# ---
# datatype:
# - {name: wavelength, unit: Angstrom, datatype: float32}
# - {name: response, datatype: float32}
# meta: !!omap
# - {band_name: PAH2}
# - {group_name: CanariCam}
wavelength response
[from data line 1462]
119300.00000 0.020753
119310.00000 0.020621
119320.00000 0.02049
119330.00000 0.020359
119340.00000 0.020228
119350.00000 0.020097
119360.00000 0.019966
119370.00000 0.019835
119380.00000 0.019705
119390.00000 0.019576
119400.00000 0.019448
119410.00000 0.019321
119420.00000 0.019195
119430.00000 0.01907
119440.00000 0.018946
119450.00000 0.018822
119460.00000 0.0187
119470.00000 0.018578
119480.00000 0.018457
119490.00000 0.018337
119500.00000 0.018218
119510.00000 0.0181
119520.00000 0.017982
119530.00000 0.017865
119540.00000 0.017747
119550.00000 0.01763
119560.00000 0.017513
119570.00000 0.017396
119580.00000 0.01728
119590.00000 0.017164
119600.00000 0.017047
119610.00000 0.016929
119620.00000 0.016811
119630.00000 0.016691
119640.00000 0.016571
119650.00000 0.01645
119660.00000 0.01633
119670.00000 0.016208
119680.00000 0.016087
119690.00000 0.015965
119700.00000 0.015843
119710.00000 0.01572
119720.00000 0.015597
119730.00000 0.015474
119740.00000 0.015352
119750.00000 0.015231
119760.00000 0.015111
119770.00000 0.014992
119780.00000 0.014874
119790.00000 0.014756
119800.00000 0.014639
119810.00000 0.014525
119820.00000 0.014412
119830.00000 0.014303
119840.00000 0.014197
119850.00000 0.014093
119860.00000 0.013991
119870.00000 0.013891
119880.00000 0.013794
119890.00000 0.0137
119900.00000 0.01361
119910.00000 0.013522
119920.00000 0.013438
119930.00000 0.013357
119940.00000 0.013279
119950.00000 0.013204
119960.00000 0.013132
119970.00000 0.013061
119980.00000 0.012994
119990.00000 0.01293
120000.00000 0.012868
120010.00000 0.01281
120020.00000 0.012753
120030.00000 0.012698
120040.00000 0.012645
120050.00000 0.012591
120060.00000 0.01254
120070.00000 0.012491
120080.00000 0.012444
120090.00000 0.012397
120100.00000 0.01235
120110.00000 0.012303
120120.00000 0.012255
120130.00000 0.012207
120140.00000 0.01216
120150.00000 0.012113
120160.00000 0.012065
120170.00000 0.012016
120180.00000 0.011966
120190.00000 0.011912
120200.00000 0.011857
120210.00000 0.0118
120220.00000 0.011742
120230.00000 0.011682
120240.00000 0.01162
120250.00000 0.011555
120260.00000 0.011488
120270.00000 0.011418
120280.00000 0.011345
120290.00000 0.011269
120300.00000 0.011191
120310.00000 0.01111
120320.00000 0.011028
120330.00000 0.010944
120340.00000 0.010858
120350.00000 0.01077
120360.00000 0.010679
120370.00000 0.010587
120380.00000 0.010492
120390.00000 0.010397
120400.00000 0.010303
120410.00000 0.010208
120420.00000 0.010113
120430.00000 0.010017
120440.00000 0.00992
120450.00000 0.009823
120460.00000 0.009727
120470.00000 0.009632
120480.00000 0.009539
120490.00000 0.009448
120500.00000 0.009357
120510.00000 0.009268
120520.00000 0.00918
120530.00000 0.009093
120540.00000 0.009009
120550.00000 0.008926
120560.00000 0.008845
120570.00000 0.008766
120580.00000 0.00869
120590.00000 0.008615
120600.00000 0.008541
120610.00000 0.00847
120620.00000 0.008399
120630.00000 0.008331
120640.00000 0.008264
120650.00000 0.008199
120660.00000 0.008136
120670.00000 0.008074
120680.00000 0.008013
120690.00000 0.007953
120700.00000 0.007895
120710.00000 0.007837
120720.00000 0.00778
120730.00000 0.007724
120740.00000 0.00767
120750.00000 0.007617
120760.00000 0.007564
120770.00000 0.007513
120780.00000 0.007463
120790.00000 0.007413
120800.00000 0.007365
120810.00000 0.007317
120820.00000 0.007271
120830.00000 0.007226
120840.00000 0.007182
120850.00000 0.007139
120860.00000 0.007097
120870.00000 0.007057
120880.00000 0.007018
120890.00000 0.00698
120900.00000 0.006943
120910.00000 0.006907
120920.00000 0.006873
120930.00000 0.006839
120940.00000 0.006807
120950.00000 0.006777
120960.00000 0.006747
120970.00000 0.006719
120980.00000 0.00669
120990.00000 0.006663
121000.00000 0.006635
121010.00000 0.006609
121020.00000 0.006584
121030.00000 0.006559
121040.00000 0.006534
121050.00000 0.006509
121060.00000 0.006484
121070.00000 0.006459
121080.00000 0.006433
121090.00000 0.006408
121100.00000 0.006383
121110.00000 0.006357
121120.00000 0.006331
121130.00000 0.006304
121140.00000 0.006276
121150.00000 0.006247
121160.00000 0.006217
121170.00000 0.006187
121180.00000 0.006155
121190.00000 0.006123
121200.00000 0.006091
121210.00000 0.006057
121220.00000 0.006022
121230.00000 0.005986
121240.00000 0.00595
121250.00000 0.005912
121260.00000 0.005874
121270.00000 0.005835
121280.00000 0.005796
121290.00000 0.005757
121300.00000 0.005717
121310.00000 0.005676
121320.00000 0.005634
121330.00000 0.005593
121340.00000 0.005551
121350.00000 0.00551
121360.00000 0.005469
121370.00000 0.005429
121380.00000 0.005389
121390.00000 0.005348
121400.00000 0.005308
121410.00000 0.005269
121420.00000 0.00523
121430.00000 0.005193
121440.00000 0.005156
121450.00000 0.00512
121460.00000 0.005085
121470.00000 0.00505
121480.00000 0.005017
121490.00000 0.004984
121500.00000 0.004953
121510.00000 0.004922
121520.00000 0.004893
121530.00000 0.004865
121540.00000 0.004838
121550.00000 0.004812
121560.00000 0.004787
121570.00000 0.004763
121580.00000 0.00474
121590.00000 0.004719
121600.00000 0.004699
121610.00000 0.00468
121620.00000 0.004662
121630.00000 0.004644
121640.00000 0.004628
121650.00000 0.004612
121660.00000 0.004596
121670.00000 0.004583
121680.00000 0.00457
121690.00000 0.004558
121700.00000 0.004546
121710.00000 0.004534
121720.00000 0.004521
121730.00000 0.004507
121740.00000 0.004493
121750.00000 0.00448
121760.00000 0.004466
121770.00000 0.004452
121780.00000 0.004437
121790.00000 0.004419
121800.00000 0.004399
121810.00000 0.004377
121820.00000 0.004353
121830.00000 0.004328
121840.00000 0.004301
121850.00000 0.004272
121860.00000 0.00424
121870.00000 0.004206
121880.00000 0.004168
121890.00000 0.004127
121900.00000 0.004083
121910.00000 0.004037
134101.00000 0.0
