threeML/data/optical_filters/GTC/CanariCam-ArIII.ecsv
# %ECSV 0.9
# ---
# datatype:
# - {name: wavelength, unit: Angstrom, datatype: float32}
# - {name: response, datatype: float32}
# meta: !!omap
# - {band_name: ArIII}
# - {group_name: CanariCam}
wavelength response
79596.00000 0.0
88440.00000 0.00406
88450.00000 0.004232
88460.00000 0.004413
88470.00000 0.004603
88480.00000 0.004802
88490.00000 0.005014
88500.00000 0.005241
88510.00000 0.00548
88520.00000 0.005733
88530.00000 0.006
88540.00000 0.006281
88550.00000 0.006572
88560.00000 0.006879
88570.00000 0.00721
88580.00000 0.007569
88590.00000 0.007952
88600.00000 0.008358
88610.00000 0.00879
88620.00000 0.009243
88630.00000 0.009718
88640.00000 0.010219
88650.00000 0.010753
88660.00000 0.011326
88670.00000 0.011933
88680.00000 0.012573
88690.00000 0.013243
88700.00000 0.01394
88710.00000 0.014662
88720.00000 0.015422
88730.00000 0.016233
88740.00000 0.017098
88750.00000 0.018008
88760.00000 0.018971
88770.00000 0.019997
88780.00000 0.021077
88790.00000 0.022208
88800.00000 0.023413
88810.00000 0.024718
88820.00000 0.026117
88830.00000 0.027602
88840.00000 0.02919
88850.00000 0.030894
88860.00000 0.032701
88870.00000 0.034613
88880.00000 0.036657
88890.00000 0.03886
88900.00000 0.041208
88910.00000 0.043698
88920.00000 0.046357
88930.00000 0.04921
88940.00000 0.052229
88950.00000 0.055424
88960.00000 0.058835
88970.00000 0.062503
88980.00000 0.066395
88990.00000 0.070518
89000.00000 0.074916
89010.00000 0.079627
89020.00000 0.084615
89030.00000 0.089891
89040.00000 0.095502
89050.00000 0.101486
89060.00000 0.107815
89070.00000 0.114494
89080.00000 0.121551
89090.00000 0.129013
89100.00000 0.136868
89110.00000 0.145111
89120.00000 0.153749
89130.00000 0.16279
89140.00000 0.172249
89150.00000 0.182104
89160.00000 0.192323
89170.00000 0.202885
89180.00000 0.213841
89190.00000 0.225148
89200.00000 0.236734
89210.00000 0.248547
89220.00000 0.260676
89230.00000 0.273056
89240.00000 0.285577
89250.00000 0.298155
89260.00000 0.310909
89270.00000 0.323763
89280.00000 0.336585
89290.00000 0.349274
89300.00000 0.361961
89310.00000 0.374569
89320.00000 0.386968
89330.00000 0.399056
89340.00000 0.410946
89350.00000 0.422586
89360.00000 0.433874
89370.00000 0.444731
89380.00000 0.455232
89390.00000 0.465354
89400.00000 0.475045
89410.00000 0.484262
89420.00000 0.493026
89430.00000 0.50135
89440.00000 0.50924
89450.00000 0.516693
89460.00000 0.523684
89470.00000 0.530248
89480.00000 0.536431
89490.00000 0.542264
89500.00000 0.547686
89510.00000 0.552747
89520.00000 0.557517
89530.00000 0.562048
89540.00000 0.56627
89550.00000 0.570225
89560.00000 0.573986
89570.00000 0.577607
89580.00000 0.581019
89590.00000 0.584261
89600.00000 0.5874
89610.00000 0.590492
89620.00000 0.593481
89630.00000 0.596388
89640.00000 0.59926
89650.00000 0.602134
89660.00000 0.604971
89670.00000 0.607787
89680.00000 0.610614
89690.00000 0.613482
89700.00000 0.616376
89710.00000 0.619291
89720.00000 0.622224
89730.00000 0.625176
89740.00000 0.628152
89750.00000 0.631147
89760.00000 0.63415
89770.00000 0.637155
89780.00000 0.64019
89790.00000 0.643229
89800.00000 0.646234
89810.00000 0.64917
89820.00000 0.652065
89830.00000 0.654913
89840.00000 0.657685
89850.00000 0.660357
89860.00000 0.662964
89870.00000 0.665488
89880.00000 0.667881
89890.00000 0.670095
89900.00000 0.672157
89910.00000 0.67407
89920.00000 0.67581
89930.00000 0.677355
89940.00000 0.678733
89950.00000 0.679934
89960.00000 0.680918
89970.00000 0.681648
89980.00000 0.682132
89990.00000 0.682382
90000.00000 0.68239
90010.00000 0.682151
90020.00000 0.681674
90030.00000 0.680957
90040.00000 0.679983
90050.00000 0.678739
90060.00000 0.677213
90070.00000 0.675416
90080.00000 0.673368
90090.00000 0.671088
90100.00000 0.668573
90110.00000 0.665817
90120.00000 0.66283
90130.00000 0.659625
90140.00000 0.656191
90150.00000 0.65252
90160.00000 0.648649
90170.00000 0.644616
90180.00000 0.640424
90190.00000 0.63605
90200.00000 0.631517
90210.00000 0.626846
90220.00000 0.622037
90230.00000 0.617072
90240.00000 0.611979
90250.00000 0.60679
90260.00000 0.601517
90270.00000 0.59614
90280.00000 0.590667
90290.00000 0.585111
90300.00000 0.579475
90310.00000 0.573749
90320.00000 0.567943
90330.00000 0.562069
90340.00000 0.556136
90350.00000 0.550141
90360.00000 0.544077
90370.00000 0.537942
90380.00000 0.531732
90390.00000 0.525453
90400.00000 0.519101
90410.00000 0.512669
90420.00000 0.506153
90430.00000 0.499567
90440.00000 0.492898
90450.00000 0.48613
90460.00000 0.479246
90470.00000 0.472262
90480.00000 0.465173
90490.00000 0.457964
90500.00000 0.45062
90510.00000 0.443152
90520.00000 0.43556
90530.00000 0.427831
90540.00000 0.419955
90550.00000 0.41193
90560.00000 0.403762
90570.00000 0.395457
90580.00000 0.387023
90590.00000 0.378447
90600.00000 0.369731
90610.00000 0.360899
90620.00000 0.351976
90630.00000 0.342949
90640.00000 0.333805
90650.00000 0.324588
90660.00000 0.31534
90670.00000 0.306064
90680.00000 0.296722
90690.00000 0.287366
90700.00000 0.278049
90710.00000 0.268786
90720.00000 0.259527
90730.00000 0.25032
90740.00000 0.241221
90750.00000 0.23226
90760.00000 0.223384
90770.00000 0.214628
90780.00000 0.206036
90790.00000 0.19764
90800.00000 0.1894
90810.00000 0.181334
90820.00000 0.173474
90830.00000 0.16585
90840.00000 0.158441
90850.00000 0.151246
90860.00000 0.144279
90870.00000 0.137551
90880.00000 0.13106
90890.00000 0.124802
90900.00000 0.118776
90910.00000 0.112985
90920.00000 0.107437
90930.00000 0.102127
90940.00000 0.09704
90950.00000 0.092163
90960.00000 0.087499
90970.00000 0.083054
90980.00000 0.078816
90990.00000 0.074769
91000.00000 0.070915
91010.00000 0.067267
91020.00000 0.063804
91030.00000 0.060501
91040.00000 0.057349
91050.00000 0.054367
91060.00000 0.051543
91070.00000 0.048861
91080.00000 0.046312
91090.00000 0.043916
91100.00000 0.041658
91110.00000 0.039514
91120.00000 0.037466
91130.00000 0.035529
91140.00000 0.033702
91150.00000 0.031975
91160.00000 0.030338
91170.00000 0.028806
91180.00000 0.027372
91190.00000 0.026019
91200.00000 0.024731
91210.00000 0.023511
91220.00000 0.022365
91230.00000 0.021288
91240.00000 0.020274
91250.00000 0.01933
91260.00000 0.018458
91270.00000 0.017643
91280.00000 0.016868
91290.00000 0.016126
91300.00000 0.015429
91310.00000 0.014772
91320.00000 0.014149
91330.00000 0.013559
91340.00000 0.013011
91350.00000 0.012494
91360.00000 0.011997
91370.00000 0.011507
91380.00000 0.011031
91390.00000 0.010571
91400.00000 0.010129
91410.00000 0.009704
91420.00000 0.009299
91430.00000 0.008912
91440.00000 0.00854
91450.00000 0.008177
91460.00000 0.007822
91470.00000 0.007479
91480.00000 0.007149
91490.00000 0.006835
91500.00000 0.006541
91510.00000 0.006264
91520.00000 0.006001
91530.00000 0.005748
91540.00000 0.005503
91550.00000 0.005268
91560.00000 0.005043
91570.00000 0.004829
91580.00000 0.004624
91590.00000 0.004431
91600.00000 0.004247
91610.00000 0.00407
100771.00000 0.0
