threeML/data/optical_filters/GTC/CanariCam-Si3.ecsv
# %ECSV 0.9
# ---
# datatype:
# - {name: wavelength, unit: Angstrom, datatype: float32}
# - {name: response, datatype: float32}
# meta: !!omap
# - {band_name: Si3}
# - {group_name: CanariCam}
wavelength response
[from data line 1515]
103500.00000 0.147484
103510.00000 0.145038
103520.00000 0.142625
103530.00000 0.140248
103540.00000 0.137908
103550.00000 0.135605
103560.00000 0.133337
103570.00000 0.131104
103580.00000 0.128905
103590.00000 0.126738
103600.00000 0.124604
103610.00000 0.122501
103620.00000 0.120428
103630.00000 0.118386
103640.00000 0.116377
103650.00000 0.114402
103660.00000 0.11246
103670.00000 0.110551
103680.00000 0.108672
103690.00000 0.106824
103700.00000 0.105005
103710.00000 0.103213
103720.00000 0.101449
103730.00000 0.09971
103740.00000 0.097997
103750.00000 0.096315
103760.00000 0.094662
103770.00000 0.093039
103780.00000 0.091443
103790.00000 0.089875
103800.00000 0.088332
103810.00000 0.086815
103820.00000 0.085321
103830.00000 0.083851
103840.00000 0.082403
103850.00000 0.080977
103860.00000 0.079579
103870.00000 0.078207
103880.00000 0.076859
103890.00000 0.075536
103900.00000 0.074236
103910.00000 0.072959
103920.00000 0.071702
103930.00000 0.070466
103940.00000 0.069249
103950.00000 0.06805
103960.00000 0.066873
103970.00000 0.065718
103980.00000 0.064586
103990.00000 0.063475
104000.00000 0.062385
104010.00000 0.061313
104020.00000 0.060261
104030.00000 0.059226
104040.00000 0.058207
104050.00000 0.057204
104060.00000 0.056216
104070.00000 0.055246
104080.00000 0.054294
104090.00000 0.053361
104100.00000 0.052446
104110.00000 0.051547
104120.00000 0.050664
104130.00000 0.049797
104140.00000 0.048944
104150.00000 0.048105
104160.00000 0.047279
104170.00000 0.046465
104180.00000 0.045667
104190.00000 0.044885
104200.00000 0.044118
104210.00000 0.043366
104220.00000 0.042628
104230.00000 0.041903
104240.00000 0.04119
104250.00000 0.040489
104260.00000 0.039799
104270.00000 0.039119
104280.00000 0.038449
104290.00000 0.037791
104300.00000 0.037146
104310.00000 0.036513
104320.00000 0.035892
104330.00000 0.035282
104340.00000 0.034683
104350.00000 0.034094
104360.00000 0.033516
104370.00000 0.032946
104380.00000 0.032387
104390.00000 0.031836
104400.00000 0.031297
104410.00000 0.030769
104420.00000 0.030252
104430.00000 0.029745
104440.00000 0.029247
104450.00000 0.028758
104460.00000 0.028278
104470.00000 0.027805
104480.00000 0.027339
104490.00000 0.02688
104500.00000 0.026428
104510.00000 0.025984
104520.00000 0.025548
104530.00000 0.025121
104540.00000 0.024701
104550.00000 0.024289
104560.00000 0.023884
104570.00000 0.023487
104580.00000 0.023096
104590.00000 0.022713
104600.00000 0.022335
104610.00000 0.021965
104620.00000 0.021603
104630.00000 0.021249
104640.00000 0.020903
104650.00000 0.020563
104660.00000 0.02023
104670.00000 0.019903
104680.00000 0.019581
104690.00000 0.019264
104700.00000 0.018952
104710.00000 0.018644
104720.00000 0.01834
104730.00000 0.018041
104740.00000 0.017748
104750.00000 0.01746
104760.00000 0.017178
104770.00000 0.0169
104780.00000 0.016627
104790.00000 0.016359
104800.00000 0.016096
104810.00000 0.015838
104820.00000 0.015584
104830.00000 0.015335
104840.00000 0.015092
104850.00000 0.014855
104860.00000 0.014623
104870.00000 0.014395
104880.00000 0.014172
104890.00000 0.013953
104900.00000 0.013737
104910.00000 0.013524
104920.00000 0.013314
104930.00000 0.013106
104940.00000 0.0129
104950.00000 0.012697
104960.00000 0.012498
104970.00000 0.012302
104980.00000 0.012109
104990.00000 0.01192
105000.00000 0.011733
105010.00000 0.01155
105020.00000 0.01137
105030.00000 0.011194
105040.00000 0.01102
105050.00000 0.01085
105060.00000 0.010684
105070.00000 0.010522
105080.00000 0.010364
105090.00000 0.010209
105100.00000 0.010056
105110.00000 0.009906
105120.00000 0.009759
105130.00000 0.009613
105140.00000 0.009469
105150.00000 0.009326
105160.00000 0.009185
105170.00000 0.009045
105180.00000 0.008908
105190.00000 0.008772
105200.00000 0.008639
105210.00000 0.008507
105220.00000 0.008378
105230.00000 0.008251
105240.00000 0.008127
105250.00000 0.008004
105260.00000 0.007885
105270.00000 0.007767
105280.00000 0.007653
105290.00000 0.007542
105300.00000 0.007433
105310.00000 0.007326
105320.00000 0.007221
105330.00000 0.007118
105340.00000 0.007017
105350.00000 0.006917
105360.00000 0.006818
105370.00000 0.00672
105380.00000 0.006623
105390.00000 0.006527
105400.00000 0.006432
105410.00000 0.006339
105420.00000 0.006247
105430.00000 0.006156
105440.00000 0.006067
105450.00000 0.00598
105460.00000 0.005894
105470.00000 0.005809
105480.00000 0.005726
105490.00000 0.005645
105500.00000 0.005566
105510.00000 0.005489
105520.00000 0.005413
105530.00000 0.00534
105540.00000 0.005267
105550.00000 0.005196
105560.00000 0.005125
105570.00000 0.005056
105580.00000 0.004987
105590.00000 0.004919
105600.00000 0.004851
105610.00000 0.004783
105620.00000 0.004716
105630.00000 0.004651
105640.00000 0.004585
105650.00000 0.004521
105660.00000 0.004458
105670.00000 0.004395
105680.00000 0.004334
105690.00000 0.004273
105700.00000 0.004214
105710.00000 0.004155
105720.00000 0.004098
105730.00000 0.004042
116303.00000 0.0
