threeML/data/optical_filters/GTC/CanariCam-Si1.ecsv
# %ECSV 0.9
# ---
# datatype:
# - {name: wavelength, unit: Angstrom, datatype: float32}
# - {name: response, datatype: float32}
# meta: !!omap
# - {band_name: Si1}
# - {group_name: CanariCam}
wavelength response
[from data line 767]
73370.00000 0.879878
73380.00000 0.879898
73390.00000 0.879903
73400.00000 0.879894
73410.00000 0.87987
73420.00000 0.879829
73430.00000 0.879773
73440.00000 0.879702
73450.00000 0.879615
73460.00000 0.879511
73470.00000 0.87939
73480.00000 0.879249
73490.00000 0.87909
73500.00000 0.878914
73510.00000 0.878719
73520.00000 0.878508
73530.00000 0.878279
73540.00000 0.878035
73550.00000 0.877774
73560.00000 0.877496
73570.00000 0.877198
73580.00000 0.876877
73590.00000 0.876534
73600.00000 0.876172
73610.00000 0.875789
73620.00000 0.875383
73630.00000 0.874954
73640.00000 0.8745
73650.00000 0.874024
73660.00000 0.873526
73670.00000 0.873004
73680.00000 0.872454
73690.00000 0.871873
73700.00000 0.87126
73710.00000 0.870618
73720.00000 0.869947
73730.00000 0.869247
73740.00000 0.86852
73750.00000 0.867766
73760.00000 0.866983
73770.00000 0.866172
73780.00000 0.865334
73790.00000 0.864469
73800.00000 0.863578
73810.00000 0.862658
73820.00000 0.86171
73830.00000 0.860735
73840.00000 0.859737
73850.00000 0.858718
73860.00000 0.85768
73870.00000 0.856622
73880.00000 0.855543
73890.00000 0.854442
73900.00000 0.853318
73910.00000 0.852171
73920.00000 0.851002
73930.00000 0.849811
73940.00000 0.848597
73950.00000 0.847359
73960.00000 0.846097
73970.00000 0.844809
73980.00000 0.843498
73990.00000 0.842164
74000.00000 0.840804
74010.00000 0.839414
74020.00000 0.837993
74030.00000 0.83654
74040.00000 0.835058
74050.00000 0.833546
74060.00000 0.832007
74070.00000 0.830442
74080.00000 0.828851
74090.00000 0.827231
74100.00000 0.825584
74110.00000 0.823912
74120.00000 0.822218
74130.00000 0.820506
74140.00000 0.81877
74150.00000 0.817009
74160.00000 0.815228
74170.00000 0.813431
74180.00000 0.811619
74190.00000 0.809796
74200.00000 0.807957
74210.00000 0.806102
74220.00000 0.804233
74230.00000 0.802353
74240.00000 0.800464
74250.00000 0.798563
74260.00000 0.796648
74270.00000 0.794723
74280.00000 0.79279
74290.00000 0.790854
74300.00000 0.788915
74310.00000 0.786968
74320.00000 0.785015
74330.00000 0.783059
74340.00000 0.781103
74350.00000 0.779152
74360.00000 0.777203
74370.00000 0.775255
74380.00000 0.773308
74390.00000 0.771363
74400.00000 0.769423
74410.00000 0.767489
74420.00000 0.765565
74430.00000 0.763646
74440.00000 0.761727
74450.00000 0.759804
74460.00000 0.757872
74470.00000 0.755937
74480.00000 0.754004
74490.00000 0.752064
74500.00000 0.750111
74510.00000 0.748134
74520.00000 0.746128
74530.00000 0.744102
74540.00000 0.742057
74550.00000 0.73999
74560.00000 0.737899
74570.00000 0.735783
74580.00000 0.733633
74590.00000 0.731449
74600.00000 0.729241
74610.00000 0.727021
74620.00000 0.724799
74630.00000 0.722585
74640.00000 0.720355
74650.00000 0.718113
74660.00000 0.715875
74670.00000 0.713659
74680.00000 0.711481
74690.00000 0.709344
74700.00000 0.707227
74710.00000 0.705137
74720.00000 0.703082
74730.00000 0.70107
74740.00000 0.699109
74750.00000 0.697199
74760.00000 0.695334
74770.00000 0.693511
74780.00000 0.691724
74790.00000 0.68997
74800.00000 0.688247
74810.00000 0.686565
74820.00000 0.684918
74830.00000 0.683302
74840.00000 0.681708
74850.00000 0.680132
74860.00000 0.678576
74870.00000 0.677044
74880.00000 0.675534
74890.00000 0.674044
74900.00000 0.672571
74910.00000 0.671113
74920.00000 0.66967
74930.00000 0.668245
74940.00000 0.666838
74950.00000 0.665451
74960.00000 0.664084
74970.00000 0.662738
74980.00000 0.661413
74990.00000 0.660107
75000.00000 0.658821
75010.00000 0.657556
75020.00000 0.656311
75030.00000 0.655085
75040.00000 0.653877
75050.00000 0.65269
75060.00000 0.651525
75070.00000 0.650386
75080.00000 0.649272
75090.00000 0.648181
75100.00000 0.647114
75110.00000 0.646071
75120.00000 0.645053
75130.00000 0.644061
75140.00000 0.643094
75150.00000 0.64215
75160.00000 0.641231
75170.00000 0.640339
75180.00000 0.639476
75190.00000 0.638643
75200.00000 0.637841
75210.00000 0.637068
75220.00000 0.636322
75230.00000 0.635605
75240.00000 0.634913
75250.00000 0.634247
75260.00000 0.633607
75270.00000 0.632993
75280.00000 0.632406
75290.00000 0.631848
75300.00000 0.63132
75310.00000 0.630822
75320.00000 0.630354
75330.00000 0.629915
75340.00000 0.629504
75350.00000 0.629119
75360.00000 0.62876
75370.00000 0.628426
75380.00000 0.628117
75390.00000 0.627836
75400.00000 0.627582
75410.00000 0.627356
75420.00000 0.627158
75430.00000 0.62699
75440.00000 0.62685
75450.00000 0.626736
75460.00000 0.626648
75470.00000 0.626582
75480.00000 0.626538
75490.00000 0.626518
75500.00000 0.626522
75510.00000 0.626551
75520.00000 0.626605
75530.00000 0.626685
75540.00000 0.626793
75550.00000 0.626927
75560.00000 0.627085
75570.00000 0.627268
75580.00000 0.627475
75590.00000 0.627703
75600.00000 0.627953
75610.00000 0.628226
75620.00000 0.628523
75630.00000 0.628845
75640.00000 0.629194
75650.00000 0.62957
75660.00000 0.629973
75670.00000 0.630401
75680.00000 0.630855
75690.00000 0.631335
75700.00000 0.63184
75710.00000 0.632371
75720.00000 0.632927
75730.00000 0.633509
75740.00000 0.634117
75750.00000 0.634751
75760.00000 0.635411
75770.00000 0.636101
75780.00000 0.636819
75790.00000 0.637562
75800.00000 0.638327
75810.00000 0.639113
75820.00000 0.639917
75830.00000 0.640744
75840.00000 0.641594
75850.00000 0.642463
75860.00000 0.64335
75870.00000 0.644251
75880.00000 0.645168
75890.00000 0.646101
75900.00000 0.647052
75910.00000 0.648018
75920.00000 0.648999
75930.00000 0.649992
75940.00000 0.650998
75950.00000 0.652016
75960.00000 0.653049
75970.00000 0.654098
75980.00000 0.655163
75990.00000 0.656247
76000.00000 0.657348
76010.00000 0.658466
76020.00000 0.659601
76030.00000 0.660753
76040.00000 0.661923
76050.00000 0.663112
76060.00000 0.664321
76070.00000 0.665548
76080.00000 0.666793
76090.00000 0.668052
76100.00000 0.669325
76110.00000 0.670611
76120.00000 0.671916
76130.00000 0.673235
76140.00000 0.674567
76150.00000 0.675906
76160.00000 0.677248
76170.00000 0.678596
76180.00000 0.679954
76190.00000 0.681318
76200.00000 0.682687
76210.00000 0.684056
76220.00000 0.685422
76230.00000 0.686788
76240.00000 0.688155
76250.00000 0.689523
76260.00000 0.690889
76270.00000 0.692253
76280.00000 0.693612
76290.00000 0.694968
76300.00000 0.696322
76310.00000 0.697673
76320.00000 0.69902
76330.00000 0.700365
76340.00000 0.701706
76350.00000 0.703045
76360.00000 0.704381
76370.00000 0.705713
76380.00000 0.707042
76390.00000 0.708366
76400.00000 0.709685
76410.00000 0.711002
76420.00000 0.712315
76430.00000 0.713624
76440.00000 0.714925
76450.00000 0.716218
76460.00000 0.717503
76470.00000 0.718784
76480.00000 0.720058
76490.00000 0.721323
76500.00000 0.722576
76510.00000 0.723816
76520.00000 0.725043
76530.00000 0.726259
76540.00000 0.727464
76550.00000 0.728656
76560.00000 0.729833
76570.00000 0.730994
76580.00000 0.732139
76590.00000 0.73327
76600.00000 0.734386
76610.00000 0.735486
76620.00000 0.73657
76630.00000 0.737636
76640.00000 0.738685
76650.00000 0.739719
76660.00000 0.740735
76670.00000 0.741735
76680.00000 0.742719
76690.00000 0.743686
76700.00000 0.744638
76710.00000 0.745574
76720.00000 0.746493
76730.00000 0.747395
76740.00000 0.748278
76750.00000 0.749144
76760.00000 0.749992
76770.00000 0.750822
76780.00000 0.751635
76790.00000 0.75243
76800.00000 0.753207
76810.00000 0.753966
76820.00000 0.754707
76830.00000 0.75543
76840.00000 0.756135
76850.00000 0.756822
76860.00000 0.75749
76870.00000 0.758138
76880.00000 0.758768
76890.00000 0.759379
76900.00000 0.759971
76910.00000 0.760546
76920.00000 0.761102
76930.00000 0.761642
76940.00000 0.762163
76950.00000 0.762667
76960.00000 0.763153
76970.00000 0.763621
76980.00000 0.76407
76990.00000 0.764501
77000.00000 0.764913
77010.00000 0.765306
77020.00000 0.765682
77030.00000 0.766042
77040.00000 0.766385
77050.00000 0.766713
77060.00000 0.767023
77070.00000 0.767316
77080.00000 0.767593
77090.00000 0.767856
77100.00000 0.768106
77110.00000 0.768341
77120.00000 0.768559
77130.00000 0.768763
77140.00000 0.768954
77150.00000 0.769134
77160.00000 0.769304
77170.00000 0.769463
77180.00000 0.76961
77190.00000 0.769747
77200.00000 0.769873
77210.00000 0.769989
77220.00000 0.770096
77230.00000 0.770194
77240.00000 0.770281
77250.00000 0.770358
77260.00000 0.770428
77270.00000 0.77049
77280.00000 0.770546
77290.00000 0.770595
77300.00000 0.770636
77310.00000 0.77067
77320.00000 0.770698
77330.00000 0.770721
77340.00000 0.770742
77350.00000 0.770758
77360.00000 0.770768
77370.00000 0.770774
77380.00000 0.770777
77390.00000 0.77078
77400.00000 0.770783
77410.00000 0.770787
77420.00000 0.770788
77430.00000 0.770788
77440.00000 0.770789
77450.00000 0.770792
77460.00000 0.770799
77470.00000 0.770807
77480.00000 0.770816
77490.00000 0.770827
77500.00000 0.770841
77510.00000 0.770859
77520.00000 0.770883
77530.00000 0.770911
77540.00000 0.770943
77550.00000 0.770978
77560.00000 0.771019
77570.00000 0.771066
77580.00000 0.77112
77590.00000 0.771179
77600.00000 0.771243
77610.00000 0.771314
77620.00000 0.771391
77630.00000 0.771475
77640.00000 0.771567
77650.00000 0.771667
77660.00000 0.771773
77670.00000 0.771887
77680.00000 0.772009
77690.00000 0.772139
77700.00000 0.772278
77710.00000 0.772425
77720.00000 0.772581
77730.00000 0.772744
77740.00000 0.772917
77750.00000 0.773099
77760.00000 0.773291
77770.00000 0.773492
77780.00000 0.773703
77790.00000 0.773923
77800.00000 0.774153
77810.00000 0.774393
77820.00000 0.774644
77830.00000 0.774905
77840.00000 0.775176
77850.00000 0.775457
77860.00000 0.775749
77870.00000 0.776051
77880.00000 0.776365
77890.00000 0.77669
77900.00000 0.777026
77910.00000 0.777373
77920.00000 0.77773
77930.00000 0.778099
77940.00000 0.77848
77950.00000 0.778871
77960.00000 0.779274
77970.00000 0.779688
77980.00000 0.780113
77990.00000 0.78055
78000.00000 0.780998
78010.00000 0.781457
78020.00000 0.781928
78030.00000 0.782411
78040.00000 0.782904
78050.00000 0.783408
78060.00000 0.783923
78070.00000 0.784447
78080.00000 0.784984
78090.00000 0.78553
78100.00000 0.786087
78110.00000 0.786654
78120.00000 0.787229
78130.00000 0.787813
78140.00000 0.788407
78150.00000 0.789011
78160.00000 0.789623
78170.00000 0.790243
78180.00000 0.790871
78190.00000 0.791504
78200.00000 0.792145
78210.00000 0.792794
78220.00000 0.79345
78230.00000 0.794112
78240.00000 0.79478
78250.00000 0.795454
78260.00000 0.796133
78270.00000 0.79682
78280.00000 0.797512
78290.00000 0.798209
78300.00000 0.798911
78310.00000 0.799617
78320.00000 0.800328
78330.00000 0.801045
78340.00000 0.801766
78350.00000 0.802492
78360.00000 0.803221
78370.00000 0.803954
78380.00000 0.80469
78390.00000 0.805432
78400.00000 0.806177
78410.00000 0.806926
78420.00000 0.807677
78430.00000 0.80843
78440.00000 0.809186
78450.00000 0.809946
78460.00000 0.810708
78470.00000 0.811472
78480.00000 0.812238
78490.00000 0.813005
78500.00000 0.813772
78510.00000 0.814541
78520.00000 0.815312
78530.00000 0.816083
78540.00000 0.816855
78550.00000 0.817625
78560.00000 0.818394
78570.00000 0.819164
78580.00000 0.819934
78590.00000 0.820702
78600.00000 0.821469
78610.00000 0.822231
78620.00000 0.822989
78630.00000 0.823744
78640.00000 0.824497
78650.00000 0.825246
78660.00000 0.825991
78670.00000 0.826731
78680.00000 0.827465
78690.00000 0.828195
78700.00000 0.828921
78710.00000 0.829642
78720.00000 0.830357
78730.00000 0.831066
78740.00000 0.831767
78750.00000 0.832461
78760.00000 0.833149
78770.00000 0.83383
78780.00000 0.834504
78790.00000 0.835173
78800.00000 0.835834
78810.00000 0.83649
78820.00000 0.83714
78830.00000 0.837784
78840.00000 0.838421
78850.00000 0.83905
78860.00000 0.839672
78870.00000 0.840284
78880.00000 0.840889
78890.00000 0.841487
78900.00000 0.842076
78910.00000 0.842658
78920.00000 0.843233
78930.00000 0.8438
78940.00000 0.844361
78950.00000 0.844915
78960.00000 0.84546
78970.00000 0.845998
78980.00000 0.846527
78990.00000 0.847046
79000.00000 0.847555
79010.00000 0.848055
79020.00000 0.848546
79030.00000 0.849028
79040.00000 0.849502
79050.00000 0.849967
79060.00000 0.850425
79070.00000 0.850875
79080.00000 0.851316
79090.00000 0.851748
79100.00000 0.852171
79110.00000 0.852582
79120.00000 0.852983
79130.00000 0.853374
79140.00000 0.853755
79150.00000 0.854126
79160.00000 0.854486
79170.00000 0.854835
79180.00000 0.855171
79190.00000 0.855499
79200.00000 0.855816
79210.00000 0.856122
79220.00000 0.856415
79230.00000 0.856693
79240.00000 0.856955
79250.00000 0.857202
79260.00000 0.857436
79270.00000 0.857656
79280.00000 0.85786
79290.00000 0.858046
79300.00000 0.858212
79310.00000 0.85836
79320.00000 0.858492
79330.00000 0.858607
79340.00000 0.858703
79350.00000 0.858777
79360.00000 0.858829
79370.00000 0.858858
79380.00000 0.858866
79390.00000 0.858854
79400.00000 0.85882
79410.00000 0.858762
79420.00000 0.858679
79430.00000 0.858568
79440.00000 0.858434
79450.00000 0.858277
79460.00000 0.858094
79470.00000 0.857885
79480.00000 0.857647
79490.00000 0.85738
79500.00000 0.857084
79510.00000 0.856764
79520.00000 0.856415
79530.00000 0.856037
79540.00000 0.855625
79550.00000 0.855176
79560.00000 0.85469
79570.00000 0.854173
79580.00000 0.853623
79590.00000 0.853037
79600.00000 0.852413
79610.00000 0.851746
79620.00000 0.851034
79630.00000 0.850284
79640.00000 0.849496
79650.00000 0.848667
79660.00000 0.847793
79670.00000 0.846868
79680.00000 0.845888
79690.00000 0.844855
79700.00000 0.843776
79710.00000 0.842648
79720.00000 0.841466
79730.00000 0.84023
79740.00000 0.838936
79750.00000 0.837583
79760.00000 0.836178
79770.00000 0.834719
79780.00000 0.833203
79790.00000 0.831626
79800.00000 0.829984
79810.00000 0.828275
79820.00000 0.826501
79830.00000 0.824666
79840.00000 0.822767
79850.00000 0.820803
79860.00000 0.818773
79870.00000 0.816674
79880.00000 0.814508
79890.00000 0.812279
79900.00000 0.809984
79910.00000 0.807621
79920.00000 0.805187
79930.00000 0.80268
79940.00000 0.800098
79950.00000 0.797443
79960.00000 0.794717
79970.00000 0.791919
79980.00000 0.789049
79990.00000 0.786109
80000.00000 0.783097
80010.00000 0.780015
80020.00000 0.776862
80030.00000 0.773637
80040.00000 0.770343
80050.00000 0.766976
80060.00000 0.76354
80070.00000 0.760031
80080.00000 0.756448
80090.00000 0.752793
80100.00000 0.749068
80110.00000 0.745277
80120.00000 0.741422
80130.00000 0.737506
80140.00000 0.733525
80150.00000 0.729476
80160.00000 0.725364
80170.00000 0.72119
80180.00000 0.716957
80190.00000 0.712667
80200.00000 0.708319
80210.00000 0.703905
80220.00000 0.69943
80230.00000 0.694899
80240.00000 0.690319
80250.00000 0.685693
80260.00000 0.681026
80270.00000 0.676307
80280.00000 0.671535
80290.00000 0.666717
80300.00000 0.661858
80310.00000 0.656964
80320.00000 0.652039
80330.00000 0.64708
80340.00000 0.642076
80350.00000 0.637034
80360.00000 0.631962
80370.00000 0.626868
80380.00000 0.62176
80390.00000 0.616641
80400.00000 0.611497
80410.00000 0.606328
80420.00000 0.601143
80430.00000 0.595948
80440.00000 0.590749
80450.00000 0.585554
80460.00000 0.580356
80470.00000 0.575147
80480.00000 0.569933
80490.00000 0.564719
80500.00000 0.559514
80510.00000 0.554322
80520.00000 0.549149
80530.00000 0.543981
80540.00000 0.538819
80550.00000 0.533669
80560.00000 0.528535
80570.00000 0.523424
80580.00000 0.518338
80590.00000 0.513275
80600.00000 0.508227
80610.00000 0.503198
80620.00000 0.498195
80630.00000 0.49322
80640.00000 0.488279
80650.00000 0.483373
80660.00000 0.478494
80670.00000 0.473641
80680.00000 0.468821
80690.00000 0.464036
80700.00000 0.459292
80710.00000 0.454591
80720.00000 0.449931
80730.00000 0.445306
80740.00000 0.44072
80750.00000 0.436175
80760.00000 0.431676
80770.00000 0.427224
80780.00000 0.422822
80790.00000 0.418465
80800.00000 0.414151
80810.00000 0.409884
80820.00000 0.405666
80830.00000 0.401498
80840.00000 0.397383
80850.00000 0.39332
80860.00000 0.389305
80870.00000 0.385341
80880.00000 0.381428
80890.00000 0.377567
80900.00000 0.373757
80910.00000 0.370001
80920.00000 0.366296
80930.00000 0.362643
80940.00000 0.359042
80950.00000 0.355493
80960.00000 0.351996
80970.00000 0.348552
80980.00000 0.345162
80990.00000 0.341823
81000.00000 0.338537
