threeML/data/optical_filters/GTC/CanariCam-N.ecsv
# %ECSV 0.9
# ---
# datatype:
# - {name: wavelength, unit: Angstrom, datatype: float32}
# - {name: response, datatype: float32}
# meta: !!omap
# - {band_name: N}
# - {group_name: CanariCam}
wavelength response
[from data line 767]
80920.00000 0.852142
80930.00000 0.853065
80940.00000 0.853968
80950.00000 0.854853
80960.00000 0.855723
80970.00000 0.856566
80980.00000 0.857377
80990.00000 0.858159
81000.00000 0.858921
81010.00000 0.859666
81020.00000 0.860388
81030.00000 0.861098
81040.00000 0.86181
81050.00000 0.862518
81060.00000 0.863226
81070.00000 0.863943
81080.00000 0.864672
81090.00000 0.865409
81100.00000 0.866158
81110.00000 0.86692
81120.00000 0.867696
81130.00000 0.868482
81140.00000 0.869276
81150.00000 0.870081
81160.00000 0.870895
81170.00000 0.871711
81180.00000 0.87253
81190.00000 0.873352
81200.00000 0.874177
81210.00000 0.875002
81220.00000 0.875829
81230.00000 0.876657
81240.00000 0.877486
81250.00000 0.878317
81260.00000 0.879147
81270.00000 0.879974
81280.00000 0.880803
81290.00000 0.881627
81300.00000 0.882439
81310.00000 0.883238
81320.00000 0.884026
81330.00000 0.884795
81340.00000 0.885538
81350.00000 0.88626
81360.00000 0.88696
81370.00000 0.887635
81380.00000 0.888284
81390.00000 0.88891
81400.00000 0.889523
81410.00000 0.890119
81420.00000 0.890699
81430.00000 0.891274
81440.00000 0.891849
81450.00000 0.892418
81460.00000 0.892988
81470.00000 0.893565
81480.00000 0.894147
81490.00000 0.894734
81500.00000 0.895326
81510.00000 0.895924
81520.00000 0.896526
81530.00000 0.897131
81540.00000 0.897738
81550.00000 0.898348
81560.00000 0.898957
81570.00000 0.899561
81580.00000 0.900164
81590.00000 0.900761
81600.00000 0.901342
81610.00000 0.90191
81620.00000 0.902464
81630.00000 0.902997
81640.00000 0.903502
81650.00000 0.903985
81660.00000 0.904443
81670.00000 0.904874
81680.00000 0.905275
81690.00000 0.905652
81700.00000 0.906011
81710.00000 0.90635
81720.00000 0.906669
81730.00000 0.906977
81740.00000 0.907278
81750.00000 0.907568
81760.00000 0.907851
81770.00000 0.908133
81780.00000 0.908413
81790.00000 0.908689
81800.00000 0.908962
81810.00000 0.909233
81820.00000 0.909502
81830.00000 0.909768
81840.00000 0.910032
81850.00000 0.910295
81860.00000 0.910554
81870.00000 0.910806
81880.00000 0.911053
81890.00000 0.911294
81900.00000 0.911525
81910.00000 0.911747
81920.00000 0.911961
81930.00000 0.91216
81940.00000 0.912339
81950.00000 0.912502
81960.00000 0.912648
81970.00000 0.912778
81980.00000 0.912888
81990.00000 0.912982
82000.00000 0.913062
82010.00000 0.913127
82020.00000 0.913178
82030.00000 0.913216
82040.00000 0.913247
82050.00000 0.913269
82060.00000 0.913279
82070.00000 0.913271
82080.00000 0.913249
82090.00000 0.913211
82100.00000 0.913148
82110.00000 0.91306
82120.00000 0.912948
82130.00000 0.912809
82140.00000 0.912639
82150.00000 0.912436
82160.00000 0.912207
82170.00000 0.911961
82180.00000 0.911693
82190.00000 0.911406
82200.00000 0.91111
82210.00000 0.910814
82220.00000 0.910509
82230.00000 0.910204
82240.00000 0.90991
82250.00000 0.909624
82260.00000 0.909344
82270.00000 0.909068
82280.00000 0.908798
82290.00000 0.908534
82300.00000 0.908269
82310.00000 0.907998
82320.00000 0.907726
82330.00000 0.907447
82340.00000 0.907151
82350.00000 0.906841
82360.00000 0.906517
82370.00000 0.906173
82380.00000 0.905806
82390.00000 0.90542
82400.00000 0.905011
82410.00000 0.904578
82420.00000 0.904119
82430.00000 0.903637
82440.00000 0.903135
82450.00000 0.90261
82460.00000 0.902064
82470.00000 0.901501
82480.00000 0.900925
82490.00000 0.900332
82500.00000 0.899728
82510.00000 0.899119
82520.00000 0.898505
82530.00000 0.897884
82540.00000 0.897263
82550.00000 0.896645
82560.00000 0.896026
82570.00000 0.895408
82580.00000 0.89479
82590.00000 0.894173
82600.00000 0.893556
82610.00000 0.892933
82620.00000 0.892306
82630.00000 0.891674
82640.00000 0.891032
82650.00000 0.890374
82660.00000 0.889704
82670.00000 0.88902
82680.00000 0.888317
82690.00000 0.887595
82700.00000 0.886856
82710.00000 0.886101
82720.00000 0.88533
82730.00000 0.884541
82740.00000 0.883741
82750.00000 0.882938
82760.00000 0.882127
82770.00000 0.88131
82780.00000 0.880497
82790.00000 0.87969
82800.00000 0.878886
82810.00000 0.878085
82820.00000 0.877292
82830.00000 0.876507
82840.00000 0.875725
82850.00000 0.874937
82860.00000 0.874144
82870.00000 0.873347
82880.00000 0.872536
82890.00000 0.871704
82900.00000 0.870857
82910.00000 0.86999
82920.00000 0.8691
82930.00000 0.868184
82940.00000 0.867245
82950.00000 0.866289
82960.00000 0.865318
82970.00000 0.864327
82980.00000 0.863324
82990.00000 0.862315
83000.00000 0.861296
83010.00000 0.86027
83020.00000 0.859239
83030.00000 0.858207
83040.00000 0.857172
83050.00000 0.856132
83060.00000 0.855086
83070.00000 0.854035
83080.00000 0.852977
83090.00000 0.851913
83100.00000 0.850841
83110.00000 0.849762
83120.00000 0.848677
83130.00000 0.847588
83140.00000 0.846493
83150.00000 0.845396
83160.00000 0.844304
83170.00000 0.843218
83180.00000 0.842135
83190.00000 0.841062
83200.00000 0.840003
83210.00000 0.838957
83220.00000 0.837921
83230.00000 0.836895
83240.00000 0.835884
83250.00000 0.834883
83260.00000 0.833884
83270.00000 0.832883
83280.00000 0.831885
83290.00000 0.830883
83300.00000 0.829867
83310.00000 0.828838
83320.00000 0.827798
83330.00000 0.826744
83340.00000 0.825672
83350.00000 0.824583
83360.00000 0.823484
83370.00000 0.822381
83380.00000 0.82127
83390.00000 0.820153
83400.00000 0.819042
83410.00000 0.817943
83420.00000 0.81685
83430.00000 0.815765
83440.00000 0.814694
83450.00000 0.81364
83460.00000 0.812596
83470.00000 0.811556
83480.00000 0.810519
83490.00000 0.809488
83500.00000 0.808455
83510.00000 0.807409
83520.00000 0.806353
83530.00000 0.805288
83540.00000 0.80421
83550.00000 0.803114
83560.00000 0.802003
83570.00000 0.800883
83580.00000 0.799762
83590.00000 0.798632
83600.00000 0.797501
83610.00000 0.79638
83620.00000 0.795274
83630.00000 0.794177
83640.00000 0.793096
83650.00000 0.792037
83660.00000 0.791001
83670.00000 0.789984
83680.00000 0.788984
83690.00000 0.788001
83700.00000 0.787038
83710.00000 0.786086
83720.00000 0.785139
83730.00000 0.7842
83740.00000 0.783268
83750.00000 0.782335
83760.00000 0.781398
83770.00000 0.780461
83780.00000 0.779522
83790.00000 0.778579
83800.00000 0.777631
83810.00000 0.776681
83820.00000 0.775731
83830.00000 0.77478
83840.00000 0.773827
83850.00000 0.772877
83860.00000 0.771935
83870.00000 0.770997
83880.00000 0.770066
83890.00000 0.769148
83900.00000 0.768245
83910.00000 0.767352
83920.00000 0.766477
83930.00000 0.765625
83940.00000 0.764793
83950.00000 0.763983
83960.00000 0.763198
83970.00000 0.76244
83980.00000 0.761708
83990.00000 0.761001
84000.00000 0.760323
84010.00000 0.759675
84020.00000 0.759053
84030.00000 0.758455
84040.00000 0.757878
84050.00000 0.757328
84060.00000 0.756795
84070.00000 0.756267
84080.00000 0.755753
84090.00000 0.75525
84100.00000 0.754736
84110.00000 0.754198
84120.00000 0.753652
84130.00000 0.753083
84140.00000 0.75247
84150.00000 0.751812
84160.00000 0.751116
84170.00000 0.750375
84180.00000 0.749581
84190.00000 0.74873
84200.00000 0.747837
84210.00000 0.746918
84220.00000 0.745967
84230.00000 0.744982
84240.00000 0.74399
84250.00000 0.743017
84260.00000 0.742042
84270.00000 0.741079
84280.00000 0.74015
84290.00000 0.739267
84300.00000 0.738417
84310.00000 0.737603
84320.00000 0.736832
84330.00000 0.736107
84340.00000 0.735419
84350.00000 0.734758
84360.00000 0.73412
84370.00000 0.733512
84380.00000 0.732923
84390.00000 0.732338
84400.00000 0.731761
84410.00000 0.731194
84420.00000 0.730631
84430.00000 0.730067
84440.00000 0.729506
84450.00000 0.728948
84460.00000 0.728397
84470.00000 0.72785
84480.00000 0.727309
84490.00000 0.726778
84500.00000 0.72626
84510.00000 0.725751
84520.00000 0.725255
84530.00000 0.724775
84540.00000 0.724312
84550.00000 0.723863
84560.00000 0.72343
84570.00000 0.723014
84580.00000 0.722614
84590.00000 0.72223
84600.00000 0.72186
84610.00000 0.721503
84620.00000 0.721161
84630.00000 0.72083
84640.00000 0.720504
84650.00000 0.720186
84660.00000 0.719875
84670.00000 0.719567
84680.00000 0.719258
84690.00000 0.718952
84700.00000 0.718647
84710.00000 0.718341
84720.00000 0.718031
84730.00000 0.717719
84740.00000 0.717408
84750.00000 0.717102
84760.00000 0.716797
84770.00000 0.716497
84780.00000 0.716207
84790.00000 0.715928
84800.00000 0.715657
84810.00000 0.715401
84820.00000 0.715168
84830.00000 0.714956
84840.00000 0.714764
84850.00000 0.714591
84860.00000 0.714439
84870.00000 0.71431
84880.00000 0.714198
84890.00000 0.714098
84900.00000 0.714015
84910.00000 0.713948
84920.00000 0.713885
84930.00000 0.71382
84940.00000 0.713757
84950.00000 0.713695
84960.00000 0.713626
84970.00000 0.713548
84980.00000 0.713463
84990.00000 0.713372
85000.00000 0.713272
85010.00000 0.713161
85020.00000 0.713043
85030.00000 0.712924
85040.00000 0.712808
85050.00000 0.712689
85060.00000 0.712574
85070.00000 0.712472
85080.00000 0.712379
85090.00000 0.712296
85100.00000 0.712228
85110.00000 0.712183
85120.00000 0.712158
85130.00000 0.712151
85140.00000 0.712167
85150.00000 0.712205
85160.00000 0.712266
85170.00000 0.712348
85180.00000 0.712449
85190.00000 0.712574
85200.00000 0.712719
85210.00000 0.712881
85220.00000 0.713055
85230.00000 0.713246
85240.00000 0.71345
85250.00000 0.713662
85260.00000 0.713881
85270.00000 0.714109
85280.00000 0.714343
85290.00000 0.714579
85300.00000 0.714818
85310.00000 0.71506
85320.00000 0.715304
85330.00000 0.715551
85340.00000 0.7158
85350.00000 0.716052
85360.00000 0.716309
85370.00000 0.71657
85380.00000 0.716835
85390.00000 0.717106
85400.00000 0.717383
85410.00000 0.717666
85420.00000 0.717956
85430.00000 0.71825
85440.00000 0.71855
85450.00000 0.718857
85460.00000 0.719168
85470.00000 0.719483
85480.00000 0.719802
85490.00000 0.720124
85500.00000 0.720452
85510.00000 0.720784
85520.00000 0.721119
85530.00000 0.72146
85540.00000 0.721808
85550.00000 0.722163
85560.00000 0.722524
85570.00000 0.722895
85580.00000 0.723278
85590.00000 0.723674
85600.00000 0.724082
85610.00000 0.724503
85620.00000 0.72494
85630.00000 0.725392
85640.00000 0.725858
85650.00000 0.726342
85660.00000 0.726843
85670.00000 0.727362
85680.00000 0.727897
85690.00000 0.728447
85700.00000 0.729012
85710.00000 0.729593
85720.00000 0.730186
85730.00000 0.730789
85740.00000 0.731406
85750.00000 0.732033
85760.00000 0.732663
85770.00000 0.733293
85780.00000 0.733927
85790.00000 0.734562
85800.00000 0.735191
85810.00000 0.735815
85820.00000 0.736436
85830.00000 0.73705
85840.00000 0.737655
85850.00000 0.738249
85860.00000 0.738835
85870.00000 0.739418
85880.00000 0.740001
85890.00000 0.740577
85900.00000 0.741155
85910.00000 0.741744
85920.00000 0.742342
85930.00000 0.742947
85940.00000 0.743567
85950.00000 0.74421
85960.00000 0.744877
85970.00000 0.745563
85980.00000 0.746268
85990.00000 0.746993
86000.00000 0.747741
86010.00000 0.748506
86020.00000 0.74928
86030.00000 0.750062
86040.00000 0.750856
86050.00000 0.751654
86060.00000 0.752447
86070.00000 0.753237
86080.00000 0.754025
86090.00000 0.754812
86100.00000 0.755599
86110.00000 0.756381
86120.00000 0.757163
86130.00000 0.757953
86140.00000 0.758752
86150.00000 0.759555
86160.00000 0.760369
86170.00000 0.761199
86180.00000 0.762046
86190.00000 0.762908
86200.00000 0.763783
86210.00000 0.764672
86220.00000 0.765576
86230.00000 0.766492
86240.00000 0.767417
86250.00000 0.768346
86260.00000 0.769283
86270.00000 0.770225
86280.00000 0.77117
86290.00000 0.772115
86300.00000 0.773061
86310.00000 0.774011
86320.00000 0.774966
86330.00000 0.775923
86340.00000 0.776884
86350.00000 0.777852
86360.00000 0.778828
86370.00000 0.779812
86380.00000 0.780803
86390.00000 0.781798
86400.00000 0.782798
86410.00000 0.783807
86420.00000 0.784816
86430.00000 0.785821
86440.00000 0.786821
86450.00000 0.78782
86460.00000 0.78881
86470.00000 0.789786
86480.00000 0.790749
86490.00000 0.791699
86500.00000 0.792639
86510.00000 0.793566
86520.00000 0.794478
86530.00000 0.79538
86540.00000 0.796283
86550.00000 0.797189
86560.00000 0.79809
86570.00000 0.798998
86580.00000 0.799926
86590.00000 0.800875
86600.00000 0.801838
86610.00000 0.802823
86620.00000 0.803838
86630.00000 0.804882
86640.00000 0.805952
86650.00000 0.807044
86660.00000 0.808157
86670.00000 0.809297
86680.00000 0.810455
86690.00000 0.811619
86700.00000 0.812787
86710.00000 0.813965
86720.00000 0.815145
86730.00000 0.816315
86740.00000 0.817474
86750.00000 0.818628
86760.00000 0.819769
86770.00000 0.820891
86780.00000 0.821997
86790.00000 0.823086
86800.00000 0.82416
86810.00000 0.825217
86820.00000 0.826255
86830.00000 0.827278
86840.00000 0.828292
86850.00000 0.8293
86860.00000 0.830294
86870.00000 0.831284
86880.00000 0.832281
86890.00000 0.833285
86900.00000 0.834291
86910.00000 0.835308
86920.00000 0.836348
86930.00000 0.837409
86940.00000 0.838489
86950.00000 0.839588
86960.00000 0.84071
86970.00000 0.841859
86980.00000 0.843028
86990.00000 0.844204
87000.00000 0.845384
87010.00000 0.846578
87020.00000 0.847773
87030.00000 0.848952
87040.00000 0.850106
87050.00000 0.851248
87060.00000 0.852368
87070.00000 0.853457
87080.00000 0.85451
87090.00000 0.855532
87100.00000 0.85653
87110.00000 0.857509
87120.00000 0.85846
87130.00000 0.85939
87140.00000 0.860314
87150.00000 0.861244
87160.00000 0.862171
87170.00000 0.863099
87180.00000 0.864039
87190.00000 0.865
87200.00000 0.865977
87210.00000 0.866967
87220.00000 0.867971
87230.00000 0.86899
87240.00000 0.870027
87250.00000 0.871071
87260.00000 0.872114
87270.00000 0.873158
87280.00000 0.874205
87290.00000 0.875245
87300.00000 0.876269
87310.00000 0.87728
87320.00000 0.878279
87330.00000 0.879263
87340.00000 0.88023
87350.00000 0.881178
87360.00000 0.88211
87370.00000 0.883032
87380.00000 0.883945
87390.00000 0.884845
87400.00000 0.885736
87410.00000 0.886622
87420.00000 0.887504
87430.00000 0.888382
87440.00000 0.889254
87450.00000 0.890119
87460.00000 0.890977
87470.00000 0.891829
87480.00000 0.892674
87490.00000 0.893509
87500.00000 0.894334
87510.00000 0.89515
87520.00000 0.89596
87530.00000 0.896768
87540.00000 0.897568
87550.00000 0.898365
87560.00000 0.899165
87570.00000 0.899976
87580.00000 0.900792
87590.00000 0.901614
87600.00000 0.902445
87610.00000 0.903288
87620.00000 0.904143
87630.00000 0.905005
87640.00000 0.90587
87650.00000 0.906736
87660.00000 0.907608
87670.00000 0.908479
87680.00000 0.90934
87690.00000 0.91019
87700.00000 0.911032
87710.00000 0.911867
87720.00000 0.912694
87730.00000 0.913511
87740.00000 0.91432
87750.00000 0.915125
87760.00000 0.915932
87770.00000 0.916741
87780.00000 0.917548
87790.00000 0.918356
87800.00000 0.919166
87810.00000 0.919984
87820.00000 0.920802
87830.00000 0.921608
87840.00000 0.922395
87850.00000 0.923173
87860.00000 0.923935
87870.00000 0.924668
87880.00000 0.925364
87890.00000 0.926031
87900.00000 0.926668
87910.00000 0.927272
87920.00000 0.927839
87930.00000 0.928369
87940.00000 0.928871
87950.00000 0.929356
87960.00000 0.929824
87970.00000 0.930269
87980.00000 0.9307
87990.00000 0.931125
88000.00000 0.931546
88010.00000 0.931957
88020.00000 0.932362
88030.00000 0.932761
88040.00000 0.933157
88050.00000 0.933546
88060.00000 0.933926
88070.00000 0.934291
88080.00000 0.934644
88090.00000 0.934985
88100.00000 0.935314
88110.00000 0.935633
88120.00000 0.935938
88130.00000 0.936233
88140.00000 0.936523
88150.00000 0.936812
88160.00000 0.937095
88170.00000 0.937374
88180.00000 0.937655
88190.00000 0.937941
88200.00000 0.938231
88210.00000 0.938522
88220.00000 0.93881
88230.00000 0.939097
88240.00000 0.939384
88250.00000 0.939667
88260.00000 0.93994
88270.00000 0.940204
88280.00000 0.94046
88290.00000 0.940706
88300.00000 0.94094
88310.00000 0.941162
88320.00000 0.941371
88330.00000 0.94157
88340.00000 0.941759
88350.00000 0.94194
88360.00000 0.94211
88370.00000 0.942271
88380.00000 0.942424
88390.00000 0.942569
88400.00000 0.942705
88410.00000 0.942833
88420.00000 0.942951
88430.00000 0.94306
88440.00000 0.94316
88450.00000 0.943249
88460.00000 0.943329
88470.00000 0.943398
88480.00000 0.943457
88490.00000 0.943506
88500.00000 0.943547
88510.00000 0.943578
88520.00000 0.943601
88530.00000 0.943616
88540.00000 0.943626
88550.00000 0.943629
88560.00000 0.943625
