threeML/data/optical_filters/GTC/CanariCam-Si1.ecsv
# %ECSV 0.9
# ---
# datatype:
# - {name: wavelength, unit: Angstrom, datatype: float32}
# - {name: response, datatype: float32}
# meta: !!omap
# - {band_name: Si1}
# - {group_name: CanariCam}
wavelength response
[from data line 1532]
81020.00000 0.33212
81030.00000 0.328991
81040.00000 0.325913
81050.00000 0.322889
81060.00000 0.319917
81070.00000 0.316997
81080.00000 0.314128
81090.00000 0.311311
81100.00000 0.308543
81110.00000 0.305826
81120.00000 0.303159
81130.00000 0.300543
81140.00000 0.297977
81150.00000 0.295462
81160.00000 0.292996
81170.00000 0.290581
81180.00000 0.288216
81190.00000 0.285903
81200.00000 0.283639
81210.00000 0.281425
81220.00000 0.279258
81230.00000 0.277138
81240.00000 0.275063
81250.00000 0.273035
81260.00000 0.271055
81270.00000 0.269122
81280.00000 0.267236
81290.00000 0.265399
81300.00000 0.263611
81310.00000 0.261872
81320.00000 0.260183
81330.00000 0.258542
81340.00000 0.256948
81350.00000 0.255401
81360.00000 0.253898
81370.00000 0.252439
81380.00000 0.251024
81390.00000 0.249654
81400.00000 0.248329
81410.00000 0.24705
81420.00000 0.245818
81430.00000 0.244635
81440.00000 0.243499
81450.00000 0.242412
81460.00000 0.241371
81470.00000 0.240378
81480.00000 0.23943
81490.00000 0.238528
81500.00000 0.237671
81510.00000 0.236858
81520.00000 0.23609
81530.00000 0.235366
81540.00000 0.234689
81550.00000 0.234059
81560.00000 0.233477
81570.00000 0.232943
81580.00000 0.232455
81590.00000 0.232012
81600.00000 0.231617
81610.00000 0.23127
81620.00000 0.230974
81630.00000 0.230731
81640.00000 0.23054
81650.00000 0.230397
81660.00000 0.230303
81670.00000 0.230261
81680.00000 0.230272
81690.00000 0.230337
81700.00000 0.230459
81710.00000 0.23063
81720.00000 0.230851
81730.00000 0.231124
81740.00000 0.231455
81750.00000 0.231848
81760.00000 0.232306
81770.00000 0.232834
81780.00000 0.233422
81790.00000 0.234071
81800.00000 0.234783
81810.00000 0.235563
81820.00000 0.236412
81830.00000 0.237335
81840.00000 0.238329
81850.00000 0.239382
81860.00000 0.2405
81870.00000 0.241692
81880.00000 0.242967
81890.00000 0.244332
81900.00000 0.245797
81910.00000 0.247351
81920.00000 0.248984
81930.00000 0.250703
81940.00000 0.252517
81950.00000 0.254433
81960.00000 0.256457
81970.00000 0.258595
81980.00000 0.260826
81990.00000 0.263149
82000.00000 0.265577
82010.00000 0.268123
82020.00000 0.2708
82030.00000 0.27362
82040.00000 0.276587
82050.00000 0.279675
82060.00000 0.282888
82070.00000 0.286236
82080.00000 0.289732
82090.00000 0.293386
82100.00000 0.297209
82110.00000 0.301194
82120.00000 0.305319
82130.00000 0.309595
82140.00000 0.314035
82150.00000 0.318652
82160.00000 0.323458
82170.00000 0.328466
82180.00000 0.333667
82190.00000 0.339052
82200.00000 0.344621
82210.00000 0.350376
82220.00000 0.356318
82230.00000 0.362449
82240.00000 0.368771
82250.00000 0.375309
82260.00000 0.382052
82270.00000 0.38898
82280.00000 0.396076
82290.00000 0.403317
82300.00000 0.410686
82310.00000 0.418188
82320.00000 0.425916
82330.00000 0.433828
82340.00000 0.441865
82350.00000 0.449968
82360.00000 0.458077
82370.00000 0.466135
82380.00000 0.474183
82390.00000 0.482381
82400.00000 0.490636
82410.00000 0.498849
82420.00000 0.506919
82430.00000 0.514746
82440.00000 0.522231
82450.00000 0.529508
82460.00000 0.536718
82470.00000 0.543745
82480.00000 0.55047
82490.00000 0.556776
82500.00000 0.562543
82510.00000 0.567663
82520.00000 0.57233
82530.00000 0.576613
82540.00000 0.580421
82550.00000 0.583662
82560.00000 0.586248
82570.00000 0.588085
82580.00000 0.589102
82590.00000 0.589418
82600.00000 0.589064
82610.00000 0.58802
82620.00000 0.586268
82630.00000 0.583792
82640.00000 0.580571
82650.00000 0.576575
82660.00000 0.57175
82670.00000 0.566149
82680.00000 0.55984
82690.00000 0.552886
82700.00000 0.545357
82710.00000 0.537316
82720.00000 0.528728
82730.00000 0.519387
82740.00000 0.5094
82750.00000 0.498892
82760.00000 0.487988
82770.00000 0.476813
82780.00000 0.465492
82790.00000 0.453937
82800.00000 0.441912
82810.00000 0.429543
82820.00000 0.416962
82830.00000 0.4043
82840.00000 0.391688
82850.00000 0.379258
82860.00000 0.366877
82870.00000 0.354386
82880.00000 0.34188
82890.00000 0.329454
82900.00000 0.317204
82910.00000 0.305224
82920.00000 0.293606
82930.00000 0.282244
82940.00000 0.271063
82950.00000 0.260106
82960.00000 0.249413
82970.00000 0.239023
82980.00000 0.228978
82990.00000 0.219314
83000.00000 0.209999
83010.00000 0.201007
83020.00000 0.192337
83030.00000 0.183986
83040.00000 0.175952
83050.00000 0.168233
83060.00000 0.160829
83070.00000 0.153776
83080.00000 0.147061
83090.00000 0.14066
83100.00000 0.134548
83110.00000 0.128698
83120.00000 0.123086
83130.00000 0.117699
83140.00000 0.112602
83150.00000 0.107785
83160.00000 0.103219
83170.00000 0.098877
83180.00000 0.09473
83190.00000 0.090748
83200.00000 0.086922
83210.00000 0.083316
83220.00000 0.079918
83230.00000 0.076705
83240.00000 0.07365
83250.00000 0.070729
83260.00000 0.067918
83270.00000 0.065208
83280.00000 0.062652
83290.00000 0.06024
83300.00000 0.057954
83310.00000 0.055778
83320.00000 0.053693
83330.00000 0.051683
83340.00000 0.049745
83350.00000 0.047916
83360.00000 0.046186
83370.00000 0.044544
83380.00000 0.042975
83390.00000 0.041468
83400.00000 0.04001
83410.00000 0.0386
83420.00000 0.037263
83430.00000 0.035991
83440.00000 0.034779
83450.00000 0.033618
83460.00000 0.032502
83470.00000 0.031422
83480.00000 0.03038
83490.00000 0.029391
83500.00000 0.02845
83510.00000 0.027551
83520.00000 0.026689
83530.00000 0.025858
83540.00000 0.025052
83550.00000 0.024274
83560.00000 0.023533
83570.00000 0.022826
83580.00000 0.022148
83590.00000 0.021497
83600.00000 0.020867
83610.00000 0.020255
83620.00000 0.019662
83630.00000 0.019094
83640.00000 0.018549
83650.00000 0.018026
83660.00000 0.017522
83670.00000 0.017036
83680.00000 0.016565
83690.00000 0.016112
83700.00000 0.015681
83710.00000 0.015269
83720.00000 0.014874
83730.00000 0.014492
83740.00000 0.014119
83750.00000 0.013752
83760.00000 0.013391
83770.00000 0.013037
83780.00000 0.012694
83790.00000 0.01236
83800.00000 0.012038
83810.00000 0.011728
83820.00000 0.01143
83830.00000 0.011148
83840.00000 0.010883
83850.00000 0.010631
83860.00000 0.01039
83870.00000 0.010156
83880.00000 0.009926
83890.00000 0.009697
83900.00000 0.009467
83910.00000 0.009237
83920.00000 0.009011
83930.00000 0.00879
83940.00000 0.008575
83950.00000 0.00837
83960.00000 0.008174
83970.00000 0.007992
83980.00000 0.007822
83990.00000 0.007662
84000.00000 0.00751
84010.00000 0.007363
84020.00000 0.007218
84030.00000 0.007073
84040.00000 0.006925
84050.00000 0.006777
84060.00000 0.00663
84070.00000 0.006485
84080.00000 0.006344
84090.00000 0.006209
84100.00000 0.00608
84110.00000 0.005959
84120.00000 0.005846
84130.00000 0.005739
84140.00000 0.005638
84150.00000 0.00554
84160.00000 0.005443
84170.00000 0.005347
84180.00000 0.005249
84190.00000 0.005151
84200.00000 0.005054
84210.00000 0.004958
84220.00000 0.004865
84230.00000 0.004774
84240.00000 0.004687
84250.00000 0.004604
84260.00000 0.004526
84270.00000 0.004451
84280.00000 0.004379
84290.00000 0.00431
84300.00000 0.004241
84310.00000 0.004173
84320.00000 0.004105
84330.00000 0.004037
92763.00000 0.0
