threeML/data/optical_filters/GTC/CanariCam-Q1.ecsv
# %ECSV 0.9
# ---
# datatype:
# - {name: wavelength, unit: Angstrom, datatype: float32}
# - {name: response, datatype: float32}
# meta: !!omap
# - {band_name: Q1}
# - {group_name: CanariCam}
wavelength response
[from data line 732]
173050.00000 0.326155
173060.00000 0.328007
173070.00000 0.329862
173080.00000 0.33172
173090.00000 0.33358
173100.00000 0.335444
173110.00000 0.337311
173120.00000 0.339182
173130.00000 0.341058
173140.00000 0.342938
173150.00000 0.344824
173160.00000 0.346714
173170.00000 0.348609
173180.00000 0.350505
173190.00000 0.352404
173200.00000 0.354305
173210.00000 0.35621
173220.00000 0.358119
173230.00000 0.360033
173240.00000 0.361951
173250.00000 0.363875
173260.00000 0.365805
173270.00000 0.367742
173280.00000 0.369685
173290.00000 0.371636
173300.00000 0.373596
173310.00000 0.375564
173320.00000 0.377541
173330.00000 0.379527
173340.00000 0.381521
173350.00000 0.383523
173360.00000 0.385532
173370.00000 0.387547
173380.00000 0.389569
173390.00000 0.391596
173400.00000 0.393627
173410.00000 0.395664
173420.00000 0.397703
173430.00000 0.399746
173440.00000 0.401792
173450.00000 0.403839
173460.00000 0.405888
173470.00000 0.407943
173480.00000 0.410009
173490.00000 0.412083
173500.00000 0.414165
173510.00000 0.416252
173520.00000 0.418343
173530.00000 0.420436
173540.00000 0.422529
173550.00000 0.424621
173560.00000 0.42671
173570.00000 0.428795
173580.00000 0.430873
173590.00000 0.432943
173600.00000 0.435003
173610.00000 0.437051
173620.00000 0.439093
173630.00000 0.441136
173640.00000 0.443178
173650.00000 0.445219
173660.00000 0.447257
173670.00000 0.449289
173680.00000 0.451316
173690.00000 0.453335
173700.00000 0.455346
173710.00000 0.457346
173720.00000 0.459334
173730.00000 0.461309
173740.00000 0.46327
173750.00000 0.465214
173760.00000 0.467141
173770.00000 0.469052
173780.00000 0.470952
173790.00000 0.47284
173800.00000 0.474717
173810.00000 0.476582
173820.00000 0.478435
173830.00000 0.480276
173840.00000 0.482105
173850.00000 0.483922
173860.00000 0.485725
173870.00000 0.487516
173880.00000 0.489294
173890.00000 0.491058
173900.00000 0.49281
173910.00000 0.494547
173920.00000 0.49627
173930.00000 0.497979
173940.00000 0.499673
173950.00000 0.501353
173960.00000 0.503019
173970.00000 0.504673
173980.00000 0.506313
173990.00000 0.507942
174000.00000 0.509559
174010.00000 0.511165
174020.00000 0.512761
174030.00000 0.514346
174040.00000 0.515921
174050.00000 0.517488
174060.00000 0.519045
174070.00000 0.520594
174080.00000 0.522131
174090.00000 0.523657
174100.00000 0.525173
174110.00000 0.526677
174120.00000 0.528171
174130.00000 0.529654
174140.00000 0.531128
174150.00000 0.532591
174160.00000 0.534045
174170.00000 0.53549
174180.00000 0.536925
174190.00000 0.538352
174200.00000 0.53977
174210.00000 0.541179
174220.00000 0.542581
174230.00000 0.543974
174240.00000 0.545359
174250.00000 0.546736
174260.00000 0.548103
174270.00000 0.549462
174280.00000 0.550811
174290.00000 0.552151
174300.00000 0.553481
174310.00000 0.554801
174320.00000 0.556111
174330.00000 0.55741
174340.00000 0.558698
174350.00000 0.559976
174360.00000 0.561242
174370.00000 0.562497
174380.00000 0.563742
174390.00000 0.564977
174400.00000 0.566202
174410.00000 0.567418
174420.00000 0.568623
174430.00000 0.569818
174440.00000 0.571002
174450.00000 0.572175
174460.00000 0.573337
174470.00000 0.574488
174480.00000 0.575628
174490.00000 0.576756
174500.00000 0.577872
174510.00000 0.578976
174520.00000 0.580067
174530.00000 0.581147
174540.00000 0.582215
174550.00000 0.583272
174560.00000 0.584318
174570.00000 0.585351
174580.00000 0.586374
174590.00000 0.587385
174600.00000 0.588385
174610.00000 0.589373
174620.00000 0.590351
174630.00000 0.591317
174640.00000 0.592271
174650.00000 0.593215
174660.00000 0.594147
174670.00000 0.595068
174680.00000 0.595978
174690.00000 0.596875
174700.00000 0.59776
174710.00000 0.598633
174720.00000 0.599494
174730.00000 0.600344
174740.00000 0.601183
174750.00000 0.602011
174760.00000 0.602829
174770.00000 0.603637
174780.00000 0.604435
174790.00000 0.605223
174800.00000 0.606003
174810.00000 0.606774
174820.00000 0.607536
174830.00000 0.60829
174840.00000 0.609034
174850.00000 0.609768
174860.00000 0.610491
174870.00000 0.611205
174880.00000 0.611909
174890.00000 0.612604
174900.00000 0.613289
174910.00000 0.613966
174920.00000 0.614633
174930.00000 0.615291
174940.00000 0.615941
174950.00000 0.616582
174960.00000 0.617215
174970.00000 0.617839
174980.00000 0.618456
174990.00000 0.619063
175000.00000 0.619661
175010.00000 0.620249
175020.00000 0.620828
175030.00000 0.621399
175040.00000 0.62196
175050.00000 0.622513
175060.00000 0.623058
175070.00000 0.623595
175080.00000 0.624124
175090.00000 0.624646
175100.00000 0.625161
175110.00000 0.625668
175120.00000 0.626169
175130.00000 0.626664
175140.00000 0.627151
175150.00000 0.62763
175160.00000 0.628101
175170.00000 0.628564
175180.00000 0.629019
175190.00000 0.629466
175200.00000 0.629906
175210.00000 0.63034
175220.00000 0.630766
175230.00000 0.631187
175240.00000 0.631601
175250.00000 0.632009
175260.00000 0.632412
175270.00000 0.632809
175280.00000 0.633201
175290.00000 0.633588
175300.00000 0.633967
175310.00000 0.634338
175320.00000 0.634702
175330.00000 0.635059
175340.00000 0.635409
175350.00000 0.635754
175360.00000 0.636093
175370.00000 0.636428
175380.00000 0.636758
175390.00000 0.637085
175400.00000 0.637409
175410.00000 0.637729
175420.00000 0.638048
175430.00000 0.638365
175440.00000 0.638681
175450.00000 0.638994
175460.00000 0.639303
175470.00000 0.639608
175480.00000 0.63991
175490.00000 0.640207
175500.00000 0.640502
175510.00000 0.640793
175520.00000 0.641082
175530.00000 0.641368
175540.00000 0.641651
175550.00000 0.641931
175560.00000 0.64221
175570.00000 0.642486
175580.00000 0.642761
175590.00000 0.643034
175600.00000 0.643305
175610.00000 0.643573
175620.00000 0.643839
175630.00000 0.644102
175640.00000 0.644362
175650.00000 0.64462
175660.00000 0.644876
175670.00000 0.64513
175680.00000 0.645381
175690.00000 0.64563
175700.00000 0.645878
175710.00000 0.646123
175720.00000 0.646367
175730.00000 0.646609
175740.00000 0.646849
175750.00000 0.647088
175760.00000 0.647326
175770.00000 0.647562
175780.00000 0.647797
175790.00000 0.64803
175800.00000 0.648262
175810.00000 0.648491
175820.00000 0.648719
175830.00000 0.648944
175840.00000 0.649167
175850.00000 0.649387
175860.00000 0.649605
175870.00000 0.649819
175880.00000 0.650031
175890.00000 0.650239
175900.00000 0.650444
175910.00000 0.650646
175920.00000 0.650844
175930.00000 0.651039
175940.00000 0.651231
175950.00000 0.651419
175960.00000 0.651606
175970.00000 0.651789
175980.00000 0.65197
175990.00000 0.652149
176000.00000 0.652326
176010.00000 0.6525
176020.00000 0.652673
176030.00000 0.652845
176040.00000 0.653015
176050.00000 0.653184
176060.00000 0.653352
176070.00000 0.653518
176080.00000 0.653682
176090.00000 0.653843
176100.00000 0.654003
176110.00000 0.654161
176120.00000 0.654317
176130.00000 0.654471
176140.00000 0.654624
176150.00000 0.654775
176160.00000 0.654925
176170.00000 0.655073
176180.00000 0.655221
176190.00000 0.655367
176200.00000 0.655512
176210.00000 0.655656
176220.00000 0.655799
176230.00000 0.655939
176240.00000 0.656078
176250.00000 0.656215
176260.00000 0.656351
176270.00000 0.656485
176280.00000 0.656618
176290.00000 0.65675
176300.00000 0.656881
176310.00000 0.657011
176320.00000 0.657141
176330.00000 0.657271
176340.00000 0.6574
176350.00000 0.65753
176360.00000 0.65766
176370.00000 0.65779
176380.00000 0.657921
176390.00000 0.658052
176400.00000 0.658183
176410.00000 0.658314
176420.00000 0.658444
176430.00000 0.658575
176440.00000 0.658704
176450.00000 0.658833
176460.00000 0.658961
176470.00000 0.659088
176480.00000 0.659214
176490.00000 0.659339
176500.00000 0.659462
176510.00000 0.659583
176520.00000 0.659703
176530.00000 0.659821
176540.00000 0.659939
176550.00000 0.660055
176560.00000 0.660171
176570.00000 0.660286
176580.00000 0.660399
176590.00000 0.660512
176600.00000 0.660623
176610.00000 0.660732
176620.00000 0.66084
176630.00000 0.660946
176640.00000 0.66105
176650.00000 0.661152
176660.00000 0.661252
176670.00000 0.66135
176680.00000 0.661445
176690.00000 0.661539
176700.00000 0.661632
176710.00000 0.661723
176720.00000 0.661813
176730.00000 0.6619
176740.00000 0.661986
176750.00000 0.662071
176760.00000 0.662153
176770.00000 0.662232
176780.00000 0.66231
176790.00000 0.662385
176800.00000 0.662457
176810.00000 0.662527
176820.00000 0.662594
176830.00000 0.662658
176840.00000 0.662719
176850.00000 0.662777
176860.00000 0.662832
176870.00000 0.662884
176880.00000 0.662933
176890.00000 0.66298
176900.00000 0.663024
176910.00000 0.663066
176920.00000 0.663106
176930.00000 0.663144
176940.00000 0.663179
176950.00000 0.663214
176960.00000 0.663246
176970.00000 0.663277
176980.00000 0.663307
176990.00000 0.663335
177000.00000 0.663362
177010.00000 0.663386
177020.00000 0.663408
177030.00000 0.663428
177040.00000 0.663446
177050.00000 0.663463
177060.00000 0.663477
177070.00000 0.66349
177080.00000 0.663502
177090.00000 0.663512
177100.00000 0.663521
177110.00000 0.663529
177120.00000 0.663536
177130.00000 0.663543
177140.00000 0.663548
177150.00000 0.663553
177160.00000 0.663557
177170.00000 0.663559
177180.00000 0.663559
177190.00000 0.663559
177200.00000 0.663556
177210.00000 0.663553
177220.00000 0.663549
177230.00000 0.663544
177240.00000 0.663538
177250.00000 0.663532
177260.00000 0.663525
177270.00000 0.663518
177280.00000 0.66351
177290.00000 0.663503
177300.00000 0.663495
177310.00000 0.663488
177320.00000 0.66348
177330.00000 0.663472
177340.00000 0.663464
177350.00000 0.663455
177360.00000 0.663446
177370.00000 0.663436
177380.00000 0.663426
177390.00000 0.663416
177400.00000 0.663405
177410.00000 0.663393
177420.00000 0.663381
177430.00000 0.663368
177440.00000 0.663355
177450.00000 0.663341
177460.00000 0.663326
177470.00000 0.663311
177480.00000 0.663295
177490.00000 0.66328
177500.00000 0.663264
177510.00000 0.663247
177520.00000 0.663231
177530.00000 0.663213
177540.00000 0.663195
177550.00000 0.663176
177560.00000 0.663156
177570.00000 0.663135
177580.00000 0.663113
177590.00000 0.663089
177600.00000 0.663065
177610.00000 0.663039
177620.00000 0.663012
177630.00000 0.662983
177640.00000 0.662955
177650.00000 0.662926
177660.00000 0.662896
177670.00000 0.662865
177680.00000 0.662834
177690.00000 0.662801
177700.00000 0.662767
177710.00000 0.662731
177720.00000 0.662694
177730.00000 0.662655
177740.00000 0.662613
177750.00000 0.662569
177760.00000 0.662523
177770.00000 0.662474
177780.00000 0.662423
177790.00000 0.662369
177800.00000 0.662315
177810.00000 0.662259
177820.00000 0.662201
177830.00000 0.662142
177840.00000 0.662081
177850.00000 0.662017
177860.00000 0.661951
177870.00000 0.661882
177880.00000 0.661811
177890.00000 0.661737
177900.00000 0.66166
177910.00000 0.661579
177920.00000 0.661495
177930.00000 0.661407
177940.00000 0.661316
177950.00000 0.661222
177960.00000 0.661125
177970.00000 0.661026
177980.00000 0.660923
177990.00000 0.660818
178000.00000 0.66071
178010.00000 0.660599
178020.00000 0.660485
178030.00000 0.660367
178040.00000 0.660246
178050.00000 0.660122
178060.00000 0.659993
178070.00000 0.659861
178080.00000 0.659726
178090.00000 0.659586
178100.00000 0.659443
178110.00000 0.659296
178120.00000 0.659145
178130.00000 0.658991
178140.00000 0.658833
178150.00000 0.658671
178160.00000 0.658506
178170.00000 0.658338
178180.00000 0.658166
178190.00000 0.657991
178200.00000 0.657812
178210.00000 0.65763
178220.00000 0.657445
178230.00000 0.657257
178240.00000 0.657065
178250.00000 0.656869
178260.00000 0.656671
178270.00000 0.656468
178280.00000 0.656262
178290.00000 0.656052
178300.00000 0.655838
178310.00000 0.655621
178320.00000 0.655401
178330.00000 0.655178
178340.00000 0.654951
178350.00000 0.654722
178360.00000 0.65449
178370.00000 0.654255
178380.00000 0.654017
178390.00000 0.653778
178400.00000 0.653536
178410.00000 0.653292
178420.00000 0.653046
178430.00000 0.652797
178440.00000 0.652545
178450.00000 0.65229
178460.00000 0.652033
178470.00000 0.651773
178480.00000 0.651511
178490.00000 0.651246
178500.00000 0.650978
178510.00000 0.650708
178520.00000 0.650436
178530.00000 0.650161
178540.00000 0.649883
178550.00000 0.649603
178560.00000 0.64932
178570.00000 0.649035
178580.00000 0.648748
178590.00000 0.648459
178600.00000 0.648167
178610.00000 0.647873
178620.00000 0.647576
178630.00000 0.647277
178640.00000 0.646976
178650.00000 0.646672
178660.00000 0.646365
178670.00000 0.646055
178680.00000 0.645743
178690.00000 0.645428
178700.00000 0.64511
178710.00000 0.644789
178720.00000 0.644466
178730.00000 0.644139
178740.00000 0.643809
178750.00000 0.643478
178760.00000 0.643144
178770.00000 0.642808
178780.00000 0.64247
178790.00000 0.642129
178800.00000 0.641785
178810.00000 0.641438
178820.00000 0.641088
178830.00000 0.640734
178840.00000 0.640376
178850.00000 0.640015
178860.00000 0.639649
178870.00000 0.63928
178880.00000 0.638906
178890.00000 0.638527
178900.00000 0.638144
178910.00000 0.637758
178920.00000 0.637368
178930.00000 0.636975
178940.00000 0.636578
178950.00000 0.636177
178960.00000 0.635773
178970.00000 0.635364
178980.00000 0.634952
178990.00000 0.634535
179000.00000 0.634114
179010.00000 0.633689
179020.00000 0.633259
179030.00000 0.632825
179040.00000 0.632386
179050.00000 0.631942
179060.00000 0.631494
179070.00000 0.631042
179080.00000 0.630587
179090.00000 0.630127
179100.00000 0.629664
179110.00000 0.629196
179120.00000 0.628724
179130.00000 0.628247
179140.00000 0.627766
179150.00000 0.627279
179160.00000 0.626788
179170.00000 0.626291
179180.00000 0.625789
179190.00000 0.625281
179200.00000 0.624768
179210.00000 0.624248
179220.00000 0.623724
179230.00000 0.623193
179240.00000 0.622658
179250.00000 0.622118
179260.00000 0.621572
179270.00000 0.621021
179280.00000 0.620466
179290.00000 0.619904
179300.00000 0.619338
179310.00000 0.618766
179320.00000 0.61819
179330.00000 0.617608
179340.00000 0.61702
179350.00000 0.616428
179360.00000 0.61583
179370.00000 0.615227
179380.00000 0.614619
179390.00000 0.614006
179400.00000 0.613388
179410.00000 0.612765
179420.00000 0.612138
179430.00000 0.611505
179440.00000 0.610866
179450.00000 0.610223
179460.00000 0.609574
179470.00000 0.60892
179480.00000 0.608259
179490.00000 0.607593
179500.00000 0.606921
179510.00000 0.606244
179520.00000 0.60556
179530.00000 0.60487
179540.00000 0.604174
179550.00000 0.603472
179560.00000 0.602765
179570.00000 0.602052
179580.00000 0.601334
179590.00000 0.60061
179600.00000 0.599881
179610.00000 0.599145
179620.00000 0.598404
179630.00000 0.597656
179640.00000 0.596903
179650.00000 0.596144
179660.00000 0.595378
179670.00000 0.594606
179680.00000 0.593828
179690.00000 0.593044
179700.00000 0.592253
179710.00000 0.591457
179720.00000 0.590657
179730.00000 0.58985
179740.00000 0.589039
179750.00000 0.588221
179760.00000 0.587397
179770.00000 0.586567
179780.00000 0.58573
179790.00000 0.584886
179800.00000 0.584036
179810.00000 0.583178
179820.00000 0.582313
179830.00000 0.581439
179840.00000 0.580558
179850.00000 0.579669
179860.00000 0.578771
179870.00000 0.577866
179880.00000 0.576954
179890.00000 0.576035
179900.00000 0.575108
179910.00000 0.574174
179920.00000 0.573233
179930.00000 0.572285
179940.00000 0.571329
179950.00000 0.570366
179960.00000 0.569395
179970.00000 0.568416
179980.00000 0.56743
179990.00000 0.566437
180000.00000 0.565435
180010.00000 0.564426
180020.00000 0.563409
180030.00000 0.562384
180040.00000 0.561352
180050.00000 0.560312
180060.00000 0.559264
180070.00000 0.558209
180080.00000 0.557146
180090.00000 0.556076
180100.00000 0.554998
180110.00000 0.553912
180120.00000 0.552819
180130.00000 0.551719
180140.00000 0.550611
180150.00000 0.549496
180160.00000 0.548373
180170.00000 0.547243
180180.00000 0.546106
180190.00000 0.54496
180200.00000 0.543807
180210.00000 0.542645
180220.00000 0.541474
180230.00000 0.540297
180240.00000 0.539111
180250.00000 0.537918
180260.00000 0.536719
180270.00000 0.535512
180280.00000 0.534299
180290.00000 0.53308
180300.00000 0.531854
180310.00000 0.530622
180320.00000 0.529385
180330.00000 0.528143
