threeML/data/optical_filters/GTC/CanariCam-SiC.ecsv
# %ECSV 0.9
# ---
# datatype:
# - {name: wavelength, unit: Angstrom, datatype: float32}
# - {name: response, datatype: float32}
# meta: !!omap
# - {band_name: SiC}
# - {group_name: CanariCam}
wavelength response
[from data line 2927]
128810.00000 0.493639
128820.00000 0.491354
128830.00000 0.489053
128840.00000 0.486736
128850.00000 0.484406
128860.00000 0.482062
128870.00000 0.479706
128880.00000 0.477334
128890.00000 0.474945
128900.00000 0.472542
128910.00000 0.470126
128920.00000 0.467697
128930.00000 0.465258
128940.00000 0.462809
128950.00000 0.460352
128960.00000 0.457883
128970.00000 0.455402
128980.00000 0.45291
128990.00000 0.450407
129000.00000 0.447895
129010.00000 0.445375
129020.00000 0.442848
129030.00000 0.440316
129040.00000 0.437778
129050.00000 0.43523
129060.00000 0.432673
129070.00000 0.430109
129080.00000 0.427539
129090.00000 0.424964
129100.00000 0.422385
129110.00000 0.419803
129120.00000 0.417219
129130.00000 0.414631
129140.00000 0.412038
129150.00000 0.40944
129160.00000 0.406839
129170.00000 0.404235
129180.00000 0.401627
129190.00000 0.399018
129200.00000 0.396406
129210.00000 0.393792
129220.00000 0.391174
129230.00000 0.388553
129240.00000 0.385929
129250.00000 0.383304
129260.00000 0.380676
129270.00000 0.378048
129280.00000 0.375419
129290.00000 0.372789
129300.00000 0.370156
129310.00000 0.367521
129320.00000 0.364885
129330.00000 0.362248
129340.00000 0.359611
129350.00000 0.356975
129360.00000 0.35434
129370.00000 0.351707
129380.00000 0.349073
129390.00000 0.346437
129400.00000 0.343802
129410.00000 0.341169
129420.00000 0.338537
129430.00000 0.33591
129440.00000 0.333288
129450.00000 0.330672
129460.00000 0.32806
129470.00000 0.32545
129480.00000 0.322843
129490.00000 0.32024
129500.00000 0.317643
129510.00000 0.315053
129520.00000 0.312471
129530.00000 0.309897
129540.00000 0.307333
129550.00000 0.304775
129560.00000 0.302224
129570.00000 0.29968
129580.00000 0.297144
129590.00000 0.294617
129600.00000 0.292099
129610.00000 0.289593
129620.00000 0.287098
129630.00000 0.284612
129640.00000 0.282134
129650.00000 0.279666
129660.00000 0.277208
129670.00000 0.274761
129680.00000 0.272325
129690.00000 0.269902
129700.00000 0.267492
129710.00000 0.265095
129720.00000 0.262708
129730.00000 0.260332
129740.00000 0.257968
129750.00000 0.255617
129760.00000 0.253279
129770.00000 0.250954
129780.00000 0.248645
129790.00000 0.24635
129800.00000 0.244067
129810.00000 0.241796
129820.00000 0.239539
129830.00000 0.237296
129840.00000 0.235068
129850.00000 0.232856
129860.00000 0.230662
129870.00000 0.228486
129880.00000 0.226328
129890.00000 0.224185
129900.00000 0.222059
129910.00000 0.219949
129920.00000 0.217856
129930.00000 0.21578
129940.00000 0.213722
129950.00000 0.211681
129960.00000 0.20966
129970.00000 0.207656
129980.00000 0.205669
129990.00000 0.203701
130000.00000 0.201749
130010.00000 0.199815
130020.00000 0.197899
130030.00000 0.196
130040.00000 0.194118
130050.00000 0.192254
130060.00000 0.19041
130070.00000 0.188584
130080.00000 0.186775
130090.00000 0.184982
130100.00000 0.183204
130110.00000 0.18144
130120.00000 0.179689
130130.00000 0.17795
130140.00000 0.176228
130150.00000 0.174521
130160.00000 0.172829
130170.00000 0.17115
130180.00000 0.169485
130190.00000 0.167831
130200.00000 0.166189
130210.00000 0.164558
130220.00000 0.162939
130230.00000 0.161333
130240.00000 0.15974
130250.00000 0.158159
130260.00000 0.156589
130270.00000 0.15503
130280.00000 0.15348
130290.00000 0.15194
130300.00000 0.150409
130310.00000 0.148888
130320.00000 0.147376
130330.00000 0.145875
130340.00000 0.144384
130350.00000 0.142904
130360.00000 0.141435
130370.00000 0.139977
130380.00000 0.13853
130390.00000 0.137093
130400.00000 0.135666
130410.00000 0.13425
130420.00000 0.132844
130430.00000 0.13145
130440.00000 0.130068
130450.00000 0.128697
130460.00000 0.12734
130470.00000 0.125994
130480.00000 0.12466
130490.00000 0.123337
130500.00000 0.122025
130510.00000 0.120726
130520.00000 0.119439
130530.00000 0.118166
130540.00000 0.116907
130550.00000 0.115661
130560.00000 0.11443
130570.00000 0.113211
130580.00000 0.112006
130590.00000 0.110814
130600.00000 0.109635
130610.00000 0.108469
130620.00000 0.107316
130630.00000 0.106177
130640.00000 0.10505
130650.00000 0.103938
130660.00000 0.102839
130670.00000 0.101753
130680.00000 0.10068
130690.00000 0.09962
130700.00000 0.098571
130710.00000 0.097535
130720.00000 0.096509
130730.00000 0.095496
130740.00000 0.094496
130750.00000 0.093508
130760.00000 0.092532
130770.00000 0.091568
130780.00000 0.090615
130790.00000 0.089672
130800.00000 0.088739
130810.00000 0.087817
130820.00000 0.086906
130830.00000 0.086006
130840.00000 0.085117
130850.00000 0.084238
130860.00000 0.08337
130870.00000 0.082511
130880.00000 0.081661
130890.00000 0.080821
130900.00000 0.079989
130910.00000 0.079168
130920.00000 0.078356
130930.00000 0.077554
130940.00000 0.076762
130950.00000 0.075979
130960.00000 0.075204
130970.00000 0.074439
130980.00000 0.073682
130990.00000 0.072935
131000.00000 0.072197
131010.00000 0.071469
131020.00000 0.07075
131030.00000 0.070039
131040.00000 0.069336
131050.00000 0.06864
131060.00000 0.067952
131070.00000 0.067271
131080.00000 0.066599
131090.00000 0.065935
131100.00000 0.065279
131110.00000 0.06463
131120.00000 0.063989
131130.00000 0.063354
131140.00000 0.062726
131150.00000 0.062105
131160.00000 0.061491
131170.00000 0.060885
131180.00000 0.060287
131190.00000 0.059695
131200.00000 0.059109
131210.00000 0.058529
131220.00000 0.057955
131230.00000 0.057384
131240.00000 0.056819
131250.00000 0.056259
131260.00000 0.055704
131270.00000 0.055155
131280.00000 0.054611
131290.00000 0.054072
131300.00000 0.053539
131310.00000 0.05301
131320.00000 0.052485
131330.00000 0.051966
131340.00000 0.051453
131350.00000 0.050944
131360.00000 0.050441
131370.00000 0.049942
131380.00000 0.049447
131390.00000 0.048956
131400.00000 0.048468
131410.00000 0.047983
131420.00000 0.047502
131430.00000 0.047025
131440.00000 0.046551
131450.00000 0.046082
131460.00000 0.045616
131470.00000 0.045153
131480.00000 0.044695
131490.00000 0.04424
131500.00000 0.04379
131510.00000 0.043343
131520.00000 0.042901
131530.00000 0.042462
131540.00000 0.042028
131550.00000 0.041596
131560.00000 0.041168
131570.00000 0.040742
131580.00000 0.04032
131590.00000 0.0399
131600.00000 0.039482
131610.00000 0.039068
131620.00000 0.038656
131630.00000 0.038249
131640.00000 0.037845
131650.00000 0.037445
131660.00000 0.03705
131670.00000 0.03666
131680.00000 0.036274
131690.00000 0.035892
131700.00000 0.035514
131710.00000 0.03514
131720.00000 0.034771
131730.00000 0.034405
131740.00000 0.034044
131750.00000 0.033687
131760.00000 0.033334
131770.00000 0.032985
131780.00000 0.03264
131790.00000 0.032299
131800.00000 0.031962
131810.00000 0.03163
131820.00000 0.031302
131830.00000 0.03098
131840.00000 0.030662
131850.00000 0.03035
131860.00000 0.030043
131870.00000 0.029742
131880.00000 0.029445
131890.00000 0.029152
131900.00000 0.028863
131910.00000 0.028577
131920.00000 0.028295
131930.00000 0.028015
131940.00000 0.02774
131950.00000 0.027468
131960.00000 0.027199
131970.00000 0.026935
131980.00000 0.026673
131990.00000 0.026415
132000.00000 0.026159
132010.00000 0.025906
132020.00000 0.025656
132030.00000 0.02541
132040.00000 0.025167
132050.00000 0.024928
132060.00000 0.024691
132070.00000 0.024456
132080.00000 0.024224
132090.00000 0.023993
132100.00000 0.023764
132110.00000 0.023536
132120.00000 0.02331
132130.00000 0.023086
132140.00000 0.022864
132150.00000 0.022645
132160.00000 0.022427
132170.00000 0.022212
132180.00000 0.021999
132190.00000 0.021789
132200.00000 0.02158
132210.00000 0.021375
132220.00000 0.021172
132230.00000 0.020971
132240.00000 0.020772
132250.00000 0.020575
132260.00000 0.020381
132270.00000 0.020188
132280.00000 0.019998
132290.00000 0.019809
132300.00000 0.019623
132310.00000 0.019439
132320.00000 0.019257
132330.00000 0.019077
132340.00000 0.018899
132350.00000 0.018724
132360.00000 0.01855
132370.00000 0.01838
132380.00000 0.018211
132390.00000 0.018045
132400.00000 0.017882
132410.00000 0.01772
132420.00000 0.017561
132430.00000 0.017403
132440.00000 0.017246
132450.00000 0.017091
132460.00000 0.016938
132470.00000 0.016786
132480.00000 0.016637
132490.00000 0.016489
132500.00000 0.016342
132510.00000 0.016197
132520.00000 0.016054
132530.00000 0.015912
132540.00000 0.015772
132550.00000 0.015633
132560.00000 0.015496
132570.00000 0.015361
132580.00000 0.015227
132590.00000 0.015095
132600.00000 0.014964
132610.00000 0.014834
132620.00000 0.014705
132630.00000 0.014577
132640.00000 0.01445
132650.00000 0.014324
132660.00000 0.0142
132670.00000 0.014076
132680.00000 0.013954
132690.00000 0.013833
132700.00000 0.013712
132710.00000 0.013592
132720.00000 0.013474
132730.00000 0.013356
132740.00000 0.01324
132750.00000 0.013124
132760.00000 0.01301
132770.00000 0.012896
132780.00000 0.012783
132790.00000 0.01267
132800.00000 0.012558
132810.00000 0.012446
132820.00000 0.012335
132830.00000 0.012225
132840.00000 0.012116
132850.00000 0.012007
132860.00000 0.011899
132870.00000 0.01179
132880.00000 0.011683
132890.00000 0.011575
132900.00000 0.011468
132910.00000 0.011362
132920.00000 0.011255
132930.00000 0.01115
132940.00000 0.011044
132950.00000 0.010939
132960.00000 0.010834
132970.00000 0.010729
132980.00000 0.010623
132990.00000 0.010517
133000.00000 0.010412
133010.00000 0.010307
133020.00000 0.010201
133030.00000 0.010096
133040.00000 0.00999
133050.00000 0.009884
133060.00000 0.009778
133070.00000 0.009671
133080.00000 0.009564
133090.00000 0.009457
133100.00000 0.009349
133110.00000 0.009241
133120.00000 0.009133
133130.00000 0.009024
133140.00000 0.008916
133150.00000 0.008808
133160.00000 0.0087
133170.00000 0.008591
133180.00000 0.008482
133190.00000 0.008372
133200.00000 0.008263
133210.00000 0.008154
133220.00000 0.008045
133230.00000 0.007938
133240.00000 0.007832
133250.00000 0.007728
133260.00000 0.007624
133270.00000 0.00752
133280.00000 0.007417
133290.00000 0.007315
133300.00000 0.007214
133310.00000 0.007116
133320.00000 0.007021
133330.00000 0.006928
133340.00000 0.006839
133350.00000 0.006752
133360.00000 0.006666
133370.00000 0.006583
133380.00000 0.006502
133390.00000 0.006424
133400.00000 0.00635
133410.00000 0.006278
133420.00000 0.00621
133430.00000 0.006146
133440.00000 0.006085
133450.00000 0.006028
133460.00000 0.005974
133470.00000 0.005922
133480.00000 0.005874
133490.00000 0.005828
133500.00000 0.005783
133510.00000 0.005741
133520.00000 0.005702
133530.00000 0.005666
133540.00000 0.005633
133550.00000 0.005603
133560.00000 0.005574
133570.00000 0.005546
133580.00000 0.00552
133590.00000 0.005492
133600.00000 0.005464
133610.00000 0.005436
133620.00000 0.005409
133630.00000 0.005384
133640.00000 0.005359
133650.00000 0.005333
133660.00000 0.005307
133670.00000 0.00528
133680.00000 0.00525
133690.00000 0.005219
133700.00000 0.005185
133710.00000 0.00515
133720.00000 0.005114
133730.00000 0.005076
133740.00000 0.005037
133750.00000 0.004997
133760.00000 0.004955
133770.00000 0.004911
133780.00000 0.004866
133790.00000 0.004818
133800.00000 0.004768
133810.00000 0.004716
133820.00000 0.004662
133830.00000 0.004608
133840.00000 0.004552
133850.00000 0.004497
133860.00000 0.004442
133870.00000 0.004388
133880.00000 0.004333
133890.00000 0.004277
133900.00000 0.004221
133910.00000 0.004164
133920.00000 0.004108
133930.00000 0.004053
133940.00000 0.004
147334.00000 0.0
