threeML/data/optical_filters/GTC/CanariCam-SiC.ecsv
# %ECSV 0.9
# ---
# datatype:
# - {name: wavelength, unit: Angstrom, datatype: float32}
# - {name: response, datatype: float32}
# meta: !!omap
# - {band_name: SiC}
# - {group_name: CanariCam}
wavelength response
[from data line 1464]
114180.00000 0.813595
114190.00000 0.813475
114200.00000 0.81334
114210.00000 0.81319
114220.00000 0.813021
114230.00000 0.812835
114240.00000 0.812631
114250.00000 0.812411
114260.00000 0.812176
114270.00000 0.811926
114280.00000 0.811663
114290.00000 0.811386
114300.00000 0.811093
114310.00000 0.810785
114320.00000 0.810463
114330.00000 0.810129
114340.00000 0.809785
114350.00000 0.809433
114360.00000 0.809071
114370.00000 0.808697
114380.00000 0.808312
114390.00000 0.807918
114400.00000 0.807515
114410.00000 0.807107
114420.00000 0.806693
114430.00000 0.806271
114440.00000 0.805841
114450.00000 0.805404
114460.00000 0.804961
114470.00000 0.804513
114480.00000 0.804061
114490.00000 0.803606
114500.00000 0.803144
114510.00000 0.802676
114520.00000 0.802205
114530.00000 0.801731
114540.00000 0.801255
114550.00000 0.800779
114560.00000 0.8003
114570.00000 0.799818
114580.00000 0.799334
114590.00000 0.798849
114600.00000 0.798366
114610.00000 0.797884
114620.00000 0.797405
114630.00000 0.796926
114640.00000 0.796447
114650.00000 0.795969
114660.00000 0.795495
114670.00000 0.795024
114680.00000 0.794559
114690.00000 0.794097
114700.00000 0.793638
114710.00000 0.793183
114720.00000 0.792732
114730.00000 0.792286
114740.00000 0.791846
114750.00000 0.791413
114760.00000 0.790985
114770.00000 0.790561
114780.00000 0.790143
114790.00000 0.789732
114800.00000 0.789329
114810.00000 0.788935
114820.00000 0.788548
114830.00000 0.788167
114840.00000 0.787793
114850.00000 0.787428
114860.00000 0.787074
114870.00000 0.786731
114880.00000 0.786401
114890.00000 0.786081
114900.00000 0.78577
114910.00000 0.785471
114920.00000 0.785185
114930.00000 0.784912
114940.00000 0.784656
114950.00000 0.784415
114960.00000 0.784187
114970.00000 0.783973
114980.00000 0.783774
114990.00000 0.78359
115000.00000 0.783422
115010.00000 0.783272
115020.00000 0.783138
115030.00000 0.783021
115040.00000 0.78292
115050.00000 0.782835
115060.00000 0.782764
115070.00000 0.782708
115080.00000 0.782666
115090.00000 0.78264
115100.00000 0.782631
115110.00000 0.782635
115120.00000 0.782653
115130.00000 0.782682
115140.00000 0.782722
115150.00000 0.782774
115160.00000 0.78284
115170.00000 0.782918
115180.00000 0.783007
115190.00000 0.783105
115200.00000 0.78321
115210.00000 0.783321
115220.00000 0.783441
115230.00000 0.78357
115240.00000 0.783707
115250.00000 0.78385
115260.00000 0.783999
115270.00000 0.784152
115280.00000 0.784308
115290.00000 0.784471
115300.00000 0.78464
115310.00000 0.784813
115320.00000 0.784989
115330.00000 0.785167
115340.00000 0.785346
115350.00000 0.785525
115360.00000 0.785707
115370.00000 0.785892
115380.00000 0.786077
115390.00000 0.786264
115400.00000 0.786449
115410.00000 0.786635
115420.00000 0.78682
115430.00000 0.787007
115440.00000 0.787194
115450.00000 0.78738
115460.00000 0.787565
115470.00000 0.787747
115480.00000 0.787928
115490.00000 0.788106
115500.00000 0.788283
115510.00000 0.788458
115520.00000 0.788633
115530.00000 0.788806
115540.00000 0.788978
115550.00000 0.789149
115560.00000 0.789319
115570.00000 0.789487
115580.00000 0.789654
115590.00000 0.789821
115600.00000 0.789988
115610.00000 0.790155
115620.00000 0.79032
115630.00000 0.790485
115640.00000 0.790649
115650.00000 0.790814
115660.00000 0.790981
115670.00000 0.791151
115680.00000 0.791324
115690.00000 0.791497
115700.00000 0.791673
115710.00000 0.791851
115720.00000 0.792031
115730.00000 0.792215
115740.00000 0.792404
115750.00000 0.792596
115760.00000 0.792791
115770.00000 0.792989
115780.00000 0.793191
115790.00000 0.793397
115800.00000 0.793608
115810.00000 0.793825
115820.00000 0.794047
115830.00000 0.794273
115840.00000 0.794505
115850.00000 0.79474
115860.00000 0.794981
115870.00000 0.795225
115880.00000 0.795474
115890.00000 0.795728
115900.00000 0.795987
115910.00000 0.79625
115920.00000 0.796517
115930.00000 0.796787
115940.00000 0.797061
115950.00000 0.797339
115960.00000 0.797621
115970.00000 0.797908
115980.00000 0.798197
115990.00000 0.79849
116000.00000 0.798784
116010.00000 0.799081
116020.00000 0.799379
116030.00000 0.799681
116040.00000 0.799985
116050.00000 0.800291
116060.00000 0.800599
116070.00000 0.800908
116080.00000 0.801218
116090.00000 0.80153
116100.00000 0.801844
116110.00000 0.802159
116120.00000 0.802475
116130.00000 0.802793
116140.00000 0.803111
116150.00000 0.80343
116160.00000 0.803751
116170.00000 0.804072
116180.00000 0.804395
116190.00000 0.804718
116200.00000 0.805041
116210.00000 0.805363
116220.00000 0.805686
116230.00000 0.80601
116240.00000 0.806334
116250.00000 0.806658
116260.00000 0.80698
116270.00000 0.8073
116280.00000 0.807615
116290.00000 0.80793
116300.00000 0.808244
116310.00000 0.808555
116320.00000 0.808864
116330.00000 0.809166
116340.00000 0.809462
116350.00000 0.80975
116360.00000 0.810033
116370.00000 0.810311
116380.00000 0.810583
116390.00000 0.810848
116400.00000 0.811104
116410.00000 0.811349
116420.00000 0.811584
116430.00000 0.811809
116440.00000 0.812025
116450.00000 0.812232
116460.00000 0.81243
116470.00000 0.812618
116480.00000 0.812797
116490.00000 0.812966
116500.00000 0.813123
116510.00000 0.81327
116520.00000 0.813409
116530.00000 0.81354
116540.00000 0.813665
116550.00000 0.813786
116560.00000 0.8139
116570.00000 0.814006
116580.00000 0.814105
116590.00000 0.814198
116600.00000 0.814289
116610.00000 0.814379
116620.00000 0.814468
116630.00000 0.814556
116640.00000 0.814641
116650.00000 0.814723
116660.00000 0.814804
116670.00000 0.814885
116680.00000 0.814964
116690.00000 0.815045
116700.00000 0.815126
116710.00000 0.815208
116720.00000 0.815289
116730.00000 0.815368
116740.00000 0.815445
116750.00000 0.815519
116760.00000 0.81559
116770.00000 0.81566
116780.00000 0.815729
116790.00000 0.815796
116800.00000 0.815858
116810.00000 0.815914
116820.00000 0.815963
116830.00000 0.816005
116840.00000 0.816042
116850.00000 0.816073
116860.00000 0.816098
116870.00000 0.816117
116880.00000 0.816128
116890.00000 0.816132
116900.00000 0.816127
116910.00000 0.816114
116920.00000 0.816094
116930.00000 0.816068
116940.00000 0.816034
116950.00000 0.815995
116960.00000 0.815951
116970.00000 0.815899
116980.00000 0.81584
116990.00000 0.815774
117000.00000 0.815704
117010.00000 0.81563
117020.00000 0.815553
117030.00000 0.815474
117040.00000 0.815392
117050.00000 0.815306
117060.00000 0.815216
117070.00000 0.815125
117080.00000 0.815031
117090.00000 0.814937
117100.00000 0.814843
117110.00000 0.814747
117120.00000 0.81465
117130.00000 0.814551
117140.00000 0.814452
117150.00000 0.814353
117160.00000 0.814253
117170.00000 0.814155
117180.00000 0.814056
117190.00000 0.813957
117200.00000 0.813858
117210.00000 0.813759
117220.00000 0.813659
117230.00000 0.813559
117240.00000 0.813459
117250.00000 0.813359
117260.00000 0.813258
117270.00000 0.813157
117280.00000 0.813056
117290.00000 0.812955
117300.00000 0.812854
117310.00000 0.812754
117320.00000 0.812653
117330.00000 0.812552
117340.00000 0.812451
117350.00000 0.81235
117360.00000 0.812249
117370.00000 0.812149
117380.00000 0.812048
117390.00000 0.811947
117400.00000 0.811845
117410.00000 0.811745
117420.00000 0.811645
117430.00000 0.811547
117440.00000 0.81145
117450.00000 0.811355
117460.00000 0.811261
117470.00000 0.811167
117480.00000 0.811076
117490.00000 0.810987
117500.00000 0.810902
117510.00000 0.810822
117520.00000 0.810744
117530.00000 0.810668
117540.00000 0.810596
117550.00000 0.810527
117560.00000 0.810464
117570.00000 0.810406
117580.00000 0.810355
117590.00000 0.810311
117600.00000 0.810271
117610.00000 0.810238
117620.00000 0.810209
117630.00000 0.810186
117640.00000 0.810169
117650.00000 0.810158
117660.00000 0.810154
117670.00000 0.810156
117680.00000 0.810165
117690.00000 0.810177
117700.00000 0.810193
117710.00000 0.810212
117720.00000 0.810231
117730.00000 0.810256
117740.00000 0.810286
117750.00000 0.810319
117760.00000 0.810353
117770.00000 0.810385
117780.00000 0.810415
117790.00000 0.810441
117800.00000 0.810466
117810.00000 0.810491
117820.00000 0.810514
117830.00000 0.810535
117840.00000 0.810551
117850.00000 0.810562
117860.00000 0.810567
117870.00000 0.810566
117880.00000 0.810561
117890.00000 0.810551
117900.00000 0.810538
117910.00000 0.81052
117920.00000 0.8105
117930.00000 0.810476
117940.00000 0.810445
117950.00000 0.81041
117960.00000 0.810372
117970.00000 0.810332
117980.00000 0.810291
117990.00000 0.810252
118000.00000 0.810215
118010.00000 0.810175
118020.00000 0.810135
118030.00000 0.810095
118040.00000 0.810056
118050.00000 0.81002
118060.00000 0.809987
118070.00000 0.809959
118080.00000 0.809933
118090.00000 0.80991
118100.00000 0.80989
118110.00000 0.809872
118120.00000 0.809856
118130.00000 0.809842
118140.00000 0.80983
118150.00000 0.809822
118160.00000 0.809817
118170.00000 0.809814
118180.00000 0.809811
118190.00000 0.809807
118200.00000 0.8098
118210.00000 0.809791
118220.00000 0.809783
118230.00000 0.809774
118240.00000 0.809763
118250.00000 0.80975
118260.00000 0.809733
118270.00000 0.809711
118280.00000 0.809683
118290.00000 0.809652
118300.00000 0.809617
118310.00000 0.809578
118320.00000 0.809534
118330.00000 0.809486
118340.00000 0.809434
118350.00000 0.809376
118360.00000 0.809313
118370.00000 0.809245
118380.00000 0.809172
118390.00000 0.809096
118400.00000 0.809017
118410.00000 0.808935
118420.00000 0.80885
118430.00000 0.808761
118440.00000 0.808669
118450.00000 0.808574
118460.00000 0.808476
118470.00000 0.808376
118480.00000 0.808273
118490.00000 0.80817
118500.00000 0.808063
118510.00000 0.807955
118520.00000 0.807845
118530.00000 0.807731
118540.00000 0.807616
118550.00000 0.807497
118560.00000 0.807376
118570.00000 0.807252
118580.00000 0.807126
118590.00000 0.806997
118600.00000 0.806866
118610.00000 0.806731
118620.00000 0.806592
118630.00000 0.80645
118640.00000 0.806304
118650.00000 0.806155
118660.00000 0.806003
118670.00000 0.805848
118680.00000 0.80569
118690.00000 0.805529
118700.00000 0.805366
118710.00000 0.8052
118720.00000 0.80503
118730.00000 0.804858
118740.00000 0.804684
118750.00000 0.804509
118760.00000 0.804333
118770.00000 0.804157
118780.00000 0.803979
118790.00000 0.803799
118800.00000 0.803618
118810.00000 0.803437
118820.00000 0.803257
118830.00000 0.803077
118840.00000 0.802899
118850.00000 0.802721
118860.00000 0.802543
118870.00000 0.802366
118880.00000 0.80219
118890.00000 0.802015
118900.00000 0.801841
118910.00000 0.80167
118920.00000 0.8015
118930.00000 0.801331
118940.00000 0.801163
118950.00000 0.800997
118960.00000 0.800833
118970.00000 0.800671
118980.00000 0.800512
118990.00000 0.800355
119000.00000 0.800199
119010.00000 0.800045
119020.00000 0.799894
119030.00000 0.799746
119040.00000 0.799602
119050.00000 0.799462
119060.00000 0.799325
119070.00000 0.79919
119080.00000 0.799059
119090.00000 0.798932
119100.00000 0.79881
119110.00000 0.798694
119120.00000 0.798585
119130.00000 0.79848
119140.00000 0.79838
119150.00000 0.798285
119160.00000 0.798196
119170.00000 0.798115
119180.00000 0.798041
119190.00000 0.797977
119200.00000 0.79792
119210.00000 0.79787
119220.00000 0.797828
119230.00000 0.797794
119240.00000 0.797769
119250.00000 0.797752
119260.00000 0.797745
119270.00000 0.797748
119280.00000 0.797761
119290.00000 0.797782
119300.00000 0.797813
119310.00000 0.797851
119320.00000 0.797898
119330.00000 0.797952
119340.00000 0.798015
119350.00000 0.798089
119360.00000 0.798171
119370.00000 0.798261
119380.00000 0.798357
119390.00000 0.798456
119400.00000 0.798558
119410.00000 0.798663
119420.00000 0.798777
119430.00000 0.798896
119440.00000 0.799018
119450.00000 0.799141
119460.00000 0.799263
119470.00000 0.79938
119480.00000 0.799493
119490.00000 0.799606
119500.00000 0.79972
119510.00000 0.799831
119520.00000 0.799938
119530.00000 0.800038
119540.00000 0.800129
119550.00000 0.80021
119560.00000 0.800283
119570.00000 0.80035
119580.00000 0.800409
119590.00000 0.80046
119600.00000 0.800504
119610.00000 0.800538
119620.00000 0.800563
119630.00000 0.800577
119640.00000 0.80058
119650.00000 0.800576
119660.00000 0.800563
119670.00000 0.800546
119680.00000 0.800524
119690.00000 0.8005
119700.00000 0.80047
119710.00000 0.800432
119720.00000 0.800389
119730.00000 0.800343
119740.00000 0.800296
119750.00000 0.800251
119760.00000 0.80021
119770.00000 0.800172
119780.00000 0.800133
119790.00000 0.800095
119800.00000 0.800058
119810.00000 0.800024
119820.00000 0.799995
119830.00000 0.799972
119840.00000 0.799955
119850.00000 0.799943
119860.00000 0.799937
119870.00000 0.799934
119880.00000 0.799935
119890.00000 0.799938
119900.00000 0.799943
119910.00000 0.799951
119920.00000 0.799963
119930.00000 0.79998
119940.00000 0.799999
119950.00000 0.800019
119960.00000 0.800037
119970.00000 0.800052
119980.00000 0.800063
119990.00000 0.800074
120000.00000 0.800084
120010.00000 0.800093
120020.00000 0.800099
120030.00000 0.800101
120040.00000 0.800099
120050.00000 0.800091
120060.00000 0.800077
120070.00000 0.800059
120080.00000 0.800036
120090.00000 0.80001
120100.00000 0.799981
120110.00000 0.799949
120120.00000 0.799914
120130.00000 0.799876
120140.00000 0.799833
120150.00000 0.799787
120160.00000 0.799738
120170.00000 0.799688
120180.00000 0.799639
120190.00000 0.799591
120200.00000 0.799544
120210.00000 0.799497
120220.00000 0.799449
120230.00000 0.799401
120240.00000 0.799355
120250.00000 0.79931
120260.00000 0.799268
120270.00000 0.799228
120280.00000 0.799192
120290.00000 0.799157
120300.00000 0.799125
120310.00000 0.799094
120320.00000 0.799064
120330.00000 0.799034
120340.00000 0.799006
120350.00000 0.79898
120360.00000 0.798956
120370.00000 0.798933
120380.00000 0.79891
120390.00000 0.798887
120400.00000 0.798863
120410.00000 0.798836
120420.00000 0.798808
120430.00000 0.798781
120440.00000 0.798752
120450.00000 0.798722
120460.00000 0.79869
120470.00000 0.798656
120480.00000 0.798619
120490.00000 0.798579
120500.00000 0.798537
120510.00000 0.798492
120520.00000 0.798445
120530.00000 0.798396
120540.00000 0.798345
120550.00000 0.798293
120560.00000 0.798239
120570.00000 0.798182
120580.00000 0.798123
120590.00000 0.798062
120600.00000 0.798001
120610.00000 0.797938
120620.00000 0.797876
120630.00000 0.797815
120640.00000 0.797753
120650.00000 0.79769
120660.00000 0.797627
120670.00000 0.797564
120680.00000 0.797502
120690.00000 0.797442
120700.00000 0.797384
120710.00000 0.797327
120720.00000 0.797272
120730.00000 0.797218
120740.00000 0.797165
120750.00000 0.797114
120760.00000 0.797066
120770.00000 0.797019
120780.00000 0.796976
120790.00000 0.796935
120800.00000 0.796895
120810.00000 0.796858
120820.00000 0.796823
120830.00000 0.79679
120840.00000 0.79676
120850.00000 0.796731
120860.00000 0.796705
120870.00000 0.796681
120880.00000 0.796659
120890.00000 0.79664
120900.00000 0.796621
120910.00000 0.796605
120920.00000 0.796589
120930.00000 0.796574
120940.00000 0.796562
120950.00000 0.796551
120960.00000 0.796541
120970.00000 0.796533
120980.00000 0.796525
120990.00000 0.796517
121000.00000 0.79651
121010.00000 0.796505
121020.00000 0.7965
121030.00000 0.796497
121040.00000 0.796493
121050.00000 0.79649
121060.00000 0.796486
121070.00000 0.796482
121080.00000 0.796478
121090.00000 0.796475
121100.00000 0.796473
121110.00000 0.796469
121120.00000 0.796465
121130.00000 0.796459
121140.00000 0.796451
121150.00000 0.796442
121160.00000 0.796433
121170.00000 0.796423
121180.00000 0.796411
121190.00000 0.796397
121200.00000 0.79638
121210.00000 0.79636
121220.00000 0.796336
121230.00000 0.79631
121240.00000 0.796281
121250.00000 0.796249
121260.00000 0.796214
121270.00000 0.796176
121280.00000 0.796135
121290.00000 0.796091
121300.00000 0.796043
121310.00000 0.795991
121320.00000 0.795936
121330.00000 0.795878
121340.00000 0.795819
121350.00000 0.795758
121360.00000 0.795696
121370.00000 0.795633
121380.00000 0.795566
121390.00000 0.795498
121400.00000 0.795428
121410.00000 0.795358
121420.00000 0.795289
121430.00000 0.795221
121440.00000 0.795155
121450.00000 0.795088
121460.00000 0.795022
121470.00000 0.794956
121480.00000 0.794891
