threeML/data/optical_filters/GTC/CanariCam-Si3.ecsv
# %ECSV 0.9
# ---
# datatype:
# - {name: wavelength, unit: Angstrom, datatype: float32}
# - {name: response, datatype: float32}
# meta: !!omap
# - {band_name: Si3}
# - {group_name: CanariCam}
wavelength response
79524.00000 0.0
88360.00000 0.004034
88370.00000 0.004082
88380.00000 0.00413
88390.00000 0.00418
88400.00000 0.00423
88410.00000 0.004281
88420.00000 0.004333
88430.00000 0.004386
88440.00000 0.004441
88450.00000 0.004495
88460.00000 0.004551
88470.00000 0.004608
88480.00000 0.004665
88490.00000 0.004724
88500.00000 0.004783
88510.00000 0.004843
88520.00000 0.004903
88530.00000 0.004965
88540.00000 0.005027
88550.00000 0.00509
88560.00000 0.005154
88570.00000 0.005218
88580.00000 0.005283
88590.00000 0.005349
88600.00000 0.005416
88610.00000 0.005483
88620.00000 0.005552
88630.00000 0.005621
88640.00000 0.00569
88650.00000 0.005761
88660.00000 0.005832
88670.00000 0.005904
88680.00000 0.005976
88690.00000 0.00605
88700.00000 0.006124
88710.00000 0.006198
88720.00000 0.006274
88730.00000 0.006351
88740.00000 0.006428
88750.00000 0.006506
88760.00000 0.006585
88770.00000 0.006665
88780.00000 0.006745
88790.00000 0.006827
88800.00000 0.006909
88810.00000 0.006993
88820.00000 0.007077
88830.00000 0.007163
88840.00000 0.007249
88850.00000 0.007336
88860.00000 0.007425
88870.00000 0.007514
88880.00000 0.007605
88890.00000 0.007697
88900.00000 0.00779
88910.00000 0.007884
88920.00000 0.00798
88930.00000 0.008076
88940.00000 0.008174
88950.00000 0.008273
88960.00000 0.008374
88970.00000 0.008477
88980.00000 0.008581
88990.00000 0.008686
89000.00000 0.008793
89010.00000 0.008901
89020.00000 0.009011
89030.00000 0.009123
89040.00000 0.009236
89050.00000 0.009351
89060.00000 0.009467
89070.00000 0.009585
89080.00000 0.009705
89090.00000 0.009826
89100.00000 0.009949
89110.00000 0.010074
89120.00000 0.0102
89130.00000 0.010328
89140.00000 0.010458
89150.00000 0.010589
89160.00000 0.010723
89170.00000 0.010857
89180.00000 0.010994
89190.00000 0.011132
89200.00000 0.011271
89210.00000 0.011413
89220.00000 0.011555
89230.00000 0.011699
89240.00000 0.011844
89250.00000 0.011991
89260.00000 0.01214
89270.00000 0.012291
89280.00000 0.012444
89290.00000 0.0126
89300.00000 0.012758
89310.00000 0.012917
89320.00000 0.013079
89330.00000 0.013243
89340.00000 0.013409
89350.00000 0.013578
89360.00000 0.013748
89370.00000 0.013922
89380.00000 0.014098
89390.00000 0.014275
89400.00000 0.014455
89410.00000 0.014637
89420.00000 0.014823
89430.00000 0.015011
89440.00000 0.015202
89450.00000 0.015397
89460.00000 0.015595
89470.00000 0.015795
89480.00000 0.015999
89490.00000 0.016206
89500.00000 0.016415
89510.00000 0.016628
89520.00000 0.016843
89530.00000 0.017061
89540.00000 0.017281
89550.00000 0.017504
89560.00000 0.017729
89570.00000 0.017957
89580.00000 0.018189
89590.00000 0.018425
89600.00000 0.018664
89610.00000 0.018908
89620.00000 0.019155
89630.00000 0.019406
89640.00000 0.019661
89650.00000 0.019919
89660.00000 0.020181
89670.00000 0.020446
89680.00000 0.020715
89690.00000 0.020987
89700.00000 0.021263
89710.00000 0.021541
89720.00000 0.021823
89730.00000 0.022108
89740.00000 0.022398
89750.00000 0.022693
89760.00000 0.022992
89770.00000 0.023297
89780.00000 0.023607
89790.00000 0.023921
89800.00000 0.02424
89810.00000 0.024564
89820.00000 0.024892
89830.00000 0.025224
89840.00000 0.025561
89850.00000 0.025902
89860.00000 0.026246
89870.00000 0.026594
89880.00000 0.026946
89890.00000 0.027302
89900.00000 0.027664
89910.00000 0.028032
89920.00000 0.028406
89930.00000 0.028787
89940.00000 0.029175
89950.00000 0.029569
89960.00000 0.029968
89970.00000 0.030373
89980.00000 0.030785
89990.00000 0.031202
90000.00000 0.031625
90010.00000 0.032053
90020.00000 0.032487
90030.00000 0.032925
90040.00000 0.033369
90050.00000 0.033818
90060.00000 0.034275
90070.00000 0.034738
90080.00000 0.03521
90090.00000 0.03569
90100.00000 0.036179
90110.00000 0.036675
90120.00000 0.037179
90130.00000 0.03769
90140.00000 0.038209
90150.00000 0.038734
90160.00000 0.039267
90170.00000 0.039807
90180.00000 0.040353
90190.00000 0.040905
90200.00000 0.041464
90210.00000 0.04203
90220.00000 0.042603
90230.00000 0.043186
90240.00000 0.043778
90250.00000 0.04438
90260.00000 0.044993
90270.00000 0.045616
90280.00000 0.046248
90290.00000 0.046889
90300.00000 0.047539
90310.00000 0.048198
90320.00000 0.048866
90330.00000 0.049543
90340.00000 0.050228
90350.00000 0.050921
90360.00000 0.051622
90370.00000 0.052332
90380.00000 0.053051
90390.00000 0.053781
90400.00000 0.054521
90410.00000 0.055272
90420.00000 0.056036
90430.00000 0.05681
90440.00000 0.057596
90450.00000 0.058391
90460.00000 0.059198
90470.00000 0.060015
90480.00000 0.060842
90490.00000 0.06168
90500.00000 0.062528
90510.00000 0.063385
90520.00000 0.064251
90530.00000 0.065127
90540.00000 0.066014
90550.00000 0.066913
90560.00000 0.067825
90570.00000 0.06875
90580.00000 0.069691
90590.00000 0.070645
90600.00000 0.071611
90610.00000 0.07259
90620.00000 0.073582
90630.00000 0.074588
90640.00000 0.075608
90650.00000 0.076643
90660.00000 0.077692
90670.00000 0.078756
90680.00000 0.079832
90690.00000 0.080921
90700.00000 0.082025
90710.00000 0.083144
90720.00000 0.084279
90730.00000 0.085431
90740.00000 0.086602
90750.00000 0.087792
90760.00000 0.088998
90770.00000 0.090221
90780.00000 0.091461
90790.00000 0.092717
90800.00000 0.093992
90810.00000 0.095284
90820.00000 0.096595
90830.00000 0.097925
90840.00000 0.099271
90850.00000 0.100634
90860.00000 0.102014
90870.00000 0.103413
90880.00000 0.104831
90890.00000 0.106269
90900.00000 0.107727
90910.00000 0.109207
90920.00000 0.110706
90930.00000 0.112225
90940.00000 0.113763
90950.00000 0.115321
90960.00000 0.116899
90970.00000 0.118499
90980.00000 0.120119
90990.00000 0.121761
91000.00000 0.123424
91010.00000 0.125106
91020.00000 0.126809
91030.00000 0.128532
91040.00000 0.130277
91050.00000 0.132045
91060.00000 0.133835
91070.00000 0.135649
91080.00000 0.137487
91090.00000 0.139347
91100.00000 0.14123
91110.00000 0.143135
91120.00000 0.145063
91130.00000 0.147014
91140.00000 0.14899
91150.00000 0.150991
91160.00000 0.153016
91170.00000 0.155066
91180.00000 0.157139
91190.00000 0.159235
91200.00000 0.161356
91210.00000 0.163502
91220.00000 0.165672
91230.00000 0.167869
91240.00000 0.170091
91250.00000 0.172338
91260.00000 0.174611
91270.00000 0.176908
91280.00000 0.179231
91290.00000 0.181578
91300.00000 0.183952
91310.00000 0.186351
91320.00000 0.188777
91330.00000 0.191229
91340.00000 0.193706
91350.00000 0.196209
91360.00000 0.198738
91370.00000 0.201292
91380.00000 0.203872
91390.00000 0.206479
91400.00000 0.209111
91410.00000 0.21177
91420.00000 0.214455
91430.00000 0.217165
91440.00000 0.219901
91450.00000 0.222663
91460.00000 0.225451
91470.00000 0.228266
91480.00000 0.231108
91490.00000 0.233976
91500.00000 0.236872
91510.00000 0.239795
91520.00000 0.242744
91530.00000 0.24572
91540.00000 0.248722
91550.00000 0.251751
91560.00000 0.254806
91570.00000 0.257887
91580.00000 0.260995
91590.00000 0.26413
91600.00000 0.267292
91610.00000 0.270479
91620.00000 0.273693
91630.00000 0.276933
91640.00000 0.280199
91650.00000 0.28349
91660.00000 0.286807
91670.00000 0.29015
91680.00000 0.29352
91690.00000 0.296917
91700.00000 0.300339
91710.00000 0.303785
91720.00000 0.307255
91730.00000 0.310747
91740.00000 0.31426
91750.00000 0.317795
91760.00000 0.321354
91770.00000 0.324938
91780.00000 0.328545
91790.00000 0.332172
91800.00000 0.335821
91810.00000 0.339489
91820.00000 0.343176
91830.00000 0.34688
91840.00000 0.350605
91850.00000 0.354351
91860.00000 0.358118
91870.00000 0.361904
91880.00000 0.365707
91890.00000 0.369526
91900.00000 0.37336
91910.00000 0.377207
91920.00000 0.381068
91930.00000 0.384947
91940.00000 0.388843
91950.00000 0.392755
91960.00000 0.39668
91970.00000 0.400618
91980.00000 0.404568
91990.00000 0.408528
92000.00000 0.412498
92010.00000 0.416482
92020.00000 0.420479
92030.00000 0.424489
92040.00000 0.42851
92050.00000 0.43254
92060.00000 0.436578
92070.00000 0.440623
92080.00000 0.444672
92090.00000 0.448729
92100.00000 0.452796
92110.00000 0.456873
92120.00000 0.460957
92130.00000 0.465047
92140.00000 0.46914
92150.00000 0.473234
92160.00000 0.477328
92170.00000 0.481421
92180.00000 0.48552
92190.00000 0.489624
92200.00000 0.493731
92210.00000 0.497839
92220.00000 0.501945
92230.00000 0.506047
92240.00000 0.510143
92250.00000 0.51423
92260.00000 0.518312
92270.00000 0.522394
92280.00000 0.526474
92290.00000 0.53055
92300.00000 0.534618
92310.00000 0.538676
92320.00000 0.542722
92330.00000 0.546754
92340.00000 0.550768
92350.00000 0.554773
92360.00000 0.558769
92370.00000 0.562753
92380.00000 0.566724
92390.00000 0.570682
92400.00000 0.574624
92410.00000 0.578549
92420.00000 0.582455
92430.00000 0.586344
92440.00000 0.590218
92450.00000 0.594078
92460.00000 0.597922
92470.00000 0.601749
92480.00000 0.605557
92490.00000 0.609346
92500.00000 0.613115
92510.00000 0.616862
92520.00000 0.620591
92530.00000 0.624302
92540.00000 0.627995
92550.00000 0.631668
92560.00000 0.635321
92570.00000 0.638953
92580.00000 0.642564
92590.00000 0.646151
92600.00000 0.649717
92610.00000 0.653266
92620.00000 0.656795
92630.00000 0.660302
92640.00000 0.663787
92650.00000 0.667248
92660.00000 0.670683
92670.00000 0.674089
92680.00000 0.677467
92690.00000 0.680818
92700.00000 0.684145
92710.00000 0.687447
92720.00000 0.690723
92730.00000 0.693971
92740.00000 0.697191
92750.00000 0.700383
92760.00000 0.703543
92770.00000 0.706674
92780.00000 0.709777
92790.00000 0.712852
92800.00000 0.715899
92810.00000 0.718917
92820.00000 0.721905
92830.00000 0.724862
92840.00000 0.727789
92850.00000 0.730683
92860.00000 0.733547
92870.00000 0.736379
92880.00000 0.739181
92890.00000 0.741953
92900.00000 0.744694
92910.00000 0.747405
92920.00000 0.750086
92930.00000 0.752736
92940.00000 0.755356
92950.00000 0.757947
92960.00000 0.760508
92970.00000 0.763039
92980.00000 0.765539
92990.00000 0.768009
93000.00000 0.770448
93010.00000 0.772855
93020.00000 0.77523
93030.00000 0.777573
93040.00000 0.779883
93050.00000 0.782162
93060.00000 0.784409
93070.00000 0.786625
93080.00000 0.788811
93090.00000 0.790968
93100.00000 0.793095
93110.00000 0.795193
93120.00000 0.797261
93130.00000 0.799297
93140.00000 0.801304
93150.00000 0.80328
93160.00000 0.805228
93170.00000 0.807149
93180.00000 0.809042
93190.00000 0.81091
93200.00000 0.812752
93210.00000 0.814566
93220.00000 0.816351
93230.00000 0.818109
93240.00000 0.81984
93250.00000 0.821546
93260.00000 0.823227
93270.00000 0.824886
93280.00000 0.826523
93290.00000 0.828139
93300.00000 0.82973
93310.00000 0.831297
93320.00000 0.832841
93330.00000 0.834362
93340.00000 0.83586
93350.00000 0.837335
93360.00000 0.838789
93370.00000 0.84022
93380.00000 0.84163
93390.00000 0.843018
93400.00000 0.844382
93410.00000 0.845725
93420.00000 0.847046
93430.00000 0.848344
93440.00000 0.849621
93450.00000 0.850877
93460.00000 0.852112
93470.00000 0.853325
93480.00000 0.854515
93490.00000 0.855683
93500.00000 0.85683
93510.00000 0.857956
93520.00000 0.859062
93530.00000 0.860149
93540.00000 0.861217
93550.00000 0.862266
93560.00000 0.863293
93570.00000 0.8643
93580.00000 0.865286
93590.00000 0.866253
93600.00000 0.867202
93610.00000 0.868134
93620.00000 0.86905
93630.00000 0.869952
93640.00000 0.870837
93650.00000 0.871704
93660.00000 0.872553
93670.00000 0.873385
93680.00000 0.874201
93690.00000 0.875003
93700.00000 0.875792
93710.00000 0.876569
93720.00000 0.877335
93730.00000 0.87809
93740.00000 0.878831
93750.00000 0.879559
93760.00000 0.880273
93770.00000 0.880976
93780.00000 0.881666
93790.00000 0.882346
93800.00000 0.883016
93810.00000 0.883676
93820.00000 0.884325
93830.00000 0.884962
93840.00000 0.885588
93850.00000 0.886203
93860.00000 0.886808
93870.00000 0.887402
93880.00000 0.887987
93890.00000 0.888562
93900.00000 0.889129
93910.00000 0.889686
93920.00000 0.890234
93930.00000 0.890772
93940.00000 0.8913
93950.00000 0.891818
93960.00000 0.892325
93970.00000 0.892823
93980.00000 0.89331
93990.00000 0.893787
94000.00000 0.894252
94010.00000 0.894706
94020.00000 0.895149
94030.00000 0.895583
94040.00000 0.896007
94050.00000 0.896423
94060.00000 0.896831
94070.00000 0.897231
94080.00000 0.897624
94090.00000 0.898007
94100.00000 0.898382
94110.00000 0.898748
94120.00000 0.899106
94130.00000 0.899456
94140.00000 0.899799
94150.00000 0.900136
94160.00000 0.900467
94170.00000 0.900791
94180.00000 0.901107
94190.00000 0.901414
94200.00000 0.901715
94210.00000 0.902009
94220.00000 0.902298
94230.00000 0.902583
94240.00000 0.902866
94250.00000 0.903146
94260.00000 0.903423
94270.00000 0.903696
94280.00000 0.903966
94290.00000 0.904231
94300.00000 0.904493
94310.00000 0.90475
94320.00000 0.905004
94330.00000 0.905254
94340.00000 0.9055
94350.00000 0.905742
94360.00000 0.905979
94370.00000 0.906213
94380.00000 0.906443
94390.00000 0.906669
94400.00000 0.906892
94410.00000 0.907112
94420.00000 0.907328
94430.00000 0.907541
94440.00000 0.907752
94450.00000 0.907959
94460.00000 0.908164
94470.00000 0.908365
94480.00000 0.908563
94490.00000 0.908756
94500.00000 0.908946
94510.00000 0.90913
94520.00000 0.909309
94530.00000 0.909483
94540.00000 0.909652
94550.00000 0.909817
94560.00000 0.909977
94570.00000 0.910133
94580.00000 0.910286
94590.00000 0.910436
94600.00000 0.910583
94610.00000 0.910728
94620.00000 0.910869
94630.00000 0.911007
94640.00000 0.911142
94650.00000 0.911274
94660.00000 0.911402
94670.00000 0.911528
94680.00000 0.911652
94690.00000 0.911772
94700.00000 0.911891
94710.00000 0.912006
94720.00000 0.912117
94730.00000 0.912225
94740.00000 0.912331
94750.00000 0.912435
94760.00000 0.912537
94770.00000 0.912638
94780.00000 0.912739
94790.00000 0.912839
94800.00000 0.912939
94810.00000 0.913038
94820.00000 0.913136
94830.00000 0.913232
94840.00000 0.913328
94850.00000 0.913422
94860.00000 0.913514
94870.00000 0.913606
94880.00000 0.913696
94890.00000 0.913784
94900.00000 0.913872
94910.00000 0.913958
94920.00000 0.914042
94930.00000 0.914126
94940.00000 0.914208
94950.00000 0.914289
94960.00000 0.914369
94970.00000 0.914448
94980.00000 0.914526
94990.00000 0.914603
95000.00000 0.914679
95010.00000 0.914754
95020.00000 0.914827
95030.00000 0.914898
95040.00000 0.914967
95050.00000 0.915034
95060.00000 0.915098
95070.00000 0.91516
95080.00000 0.91522
95090.00000 0.915277
95100.00000 0.915333
95110.00000 0.915386
95120.00000 0.915438
95130.00000 0.915489
95140.00000 0.915537
95150.00000 0.915585
95160.00000 0.915631
95170.00000 0.915674
95180.00000 0.915716
95190.00000 0.915757
95200.00000 0.915796
95210.00000 0.915833
95220.00000 0.91587
95230.00000 0.915905
95240.00000 0.91594
95250.00000 0.915973
95260.00000 0.916004
95270.00000 0.916034
95280.00000 0.916063
95290.00000 0.916091
95300.00000 0.916118
95310.00000 0.916145
95320.00000 0.916171
95330.00000 0.916198
95340.00000 0.916224
95350.00000 0.91625
95360.00000 0.916276
95370.00000 0.916301
95380.00000 0.916325
95390.00000 0.916349
95400.00000 0.916371
95410.00000 0.916393
95420.00000 0.916414
95430.00000 0.916434
95440.00000 0.916453
95450.00000 0.916472
95460.00000 0.916489
95470.00000 0.916506
95480.00000 0.916522
95490.00000 0.916536
95500.00000 0.91655
95510.00000 0.916561
95520.00000 0.916572
95530.00000 0.916581
95540.00000 0.91659
95550.00000 0.916597
95560.00000 0.916603
95570.00000 0.916607
95580.00000 0.91661
95590.00000 0.916612
95600.00000 0.916612
95610.00000 0.91661
95620.00000 0.916607
95630.00000 0.916602
95640.00000 0.916595
95650.00000 0.916587
95660.00000 0.916578
95670.00000 0.916568
95680.00000 0.916556
95690.00000 0.916543
95700.00000 0.916529
95710.00000 0.916514
95720.00000 0.916497
95730.00000 0.91648
95740.00000 0.916461
95750.00000 0.91644
95760.00000 0.916419
95770.00000 0.916397
95780.00000 0.916373
95790.00000 0.916349
95800.00000 0.916323
95810.00000 0.916297
95820.00000 0.916269
95830.00000 0.916241
95840.00000 0.916211
95850.00000 0.91618
95860.00000 0.916148
95870.00000 0.916115
95880.00000 0.91608
95890.00000 0.916045
95900.00000 0.916008
95910.00000 0.915971
95920.00000 0.915932
95930.00000 0.915892
95940.00000 0.915851
95950.00000 0.915808
95960.00000 0.915764
95970.00000 0.915718
95980.00000 0.915671
95990.00000 0.915622
