threeML/data/optical_filters/GTC/CanariCam-N.ecsv
# %ECSV 0.9
# ---
# datatype:
# - {name: wavelength, unit: Angstrom, datatype: float32}
# - {name: response, datatype: float32}
# meta: !!omap
# - {band_name: N}
# - {group_name: CanariCam}
wavelength response
[from data line 2299]
96240.00000 0.89138
96250.00000 0.890756
96260.00000 0.890144
96270.00000 0.889545
96280.00000 0.888966
96290.00000 0.888416
96300.00000 0.8879
96310.00000 0.887412
96320.00000 0.88695
96330.00000 0.886512
96340.00000 0.886097
96350.00000 0.88571
96360.00000 0.885349
96370.00000 0.885008
96380.00000 0.88468
96390.00000 0.884358
96400.00000 0.884049
96410.00000 0.883753
96420.00000 0.883467
96430.00000 0.883186
96440.00000 0.882909
96450.00000 0.882635
96460.00000 0.882369
96470.00000 0.882116
96480.00000 0.881878
96490.00000 0.881651
96500.00000 0.881436
96510.00000 0.881237
96520.00000 0.881057
96530.00000 0.880901
96540.00000 0.880768
96550.00000 0.880655
96560.00000 0.880559
96570.00000 0.880474
96580.00000 0.880405
96590.00000 0.880358
96600.00000 0.880321
96610.00000 0.880282
96620.00000 0.880229
96630.00000 0.880174
96640.00000 0.880118
96650.00000 0.880049
96660.00000 0.879954
96670.00000 0.879824
96680.00000 0.879672
96690.00000 0.879494
96700.00000 0.879288
96710.00000 0.879048
96720.00000 0.878772
96730.00000 0.87846
96740.00000 0.878118
96750.00000 0.87775
96760.00000 0.877362
96770.00000 0.876945
96780.00000 0.876499
96790.00000 0.876036
96800.00000 0.875563
96810.00000 0.875088
96820.00000 0.874597
96830.00000 0.874096
96840.00000 0.873594
96850.00000 0.873103
96860.00000 0.872624
96870.00000 0.872146
96880.00000 0.871677
96890.00000 0.871223
96900.00000 0.870792
96910.00000 0.870382
96920.00000 0.869988
96930.00000 0.869615
96940.00000 0.869265
96950.00000 0.868941
96960.00000 0.868644
96970.00000 0.868372
96980.00000 0.86812
96990.00000 0.867886
97000.00000 0.867671
97010.00000 0.86748
97020.00000 0.867307
97030.00000 0.867144
97040.00000 0.866984
97050.00000 0.866831
97060.00000 0.86669
97070.00000 0.866552
97080.00000 0.866411
97090.00000 0.866261
97100.00000 0.866105
97110.00000 0.865945
97120.00000 0.86578
97130.00000 0.865607
97140.00000 0.865425
97150.00000 0.865231
97160.00000 0.865031
97170.00000 0.864826
97180.00000 0.864622
97190.00000 0.864416
97200.00000 0.864205
97210.00000 0.863993
97220.00000 0.863786
97230.00000 0.863587
97240.00000 0.863396
97250.00000 0.86321
97260.00000 0.86303
97270.00000 0.862856
97280.00000 0.86269
97290.00000 0.862533
97300.00000 0.862384
97310.00000 0.862239
97320.00000 0.862093
97330.00000 0.861947
97340.00000 0.861805
97350.00000 0.861663
97360.00000 0.861518
97370.00000 0.861365
97380.00000 0.861204
97390.00000 0.861037
97400.00000 0.860864
97410.00000 0.860683
97420.00000 0.860492
97430.00000 0.86029
97440.00000 0.86008
97450.00000 0.859862
97460.00000 0.859637
97470.00000 0.859406
97480.00000 0.859167
97490.00000 0.85892
97500.00000 0.85867
97510.00000 0.858419
97520.00000 0.85817
97530.00000 0.857916
97540.00000 0.857662
97550.00000 0.857411
97560.00000 0.857168
97570.00000 0.856932
97580.00000 0.856699
97590.00000 0.856473
97600.00000 0.856258
97610.00000 0.856057
97620.00000 0.855869
97630.00000 0.855693
97640.00000 0.855529
97650.00000 0.855378
97660.00000 0.855241
97670.00000 0.85512
97680.00000 0.855012
97690.00000 0.854916
97700.00000 0.854827
97710.00000 0.854746
97720.00000 0.854678
97730.00000 0.854618
97740.00000 0.854562
97750.00000 0.854505
97760.00000 0.854447
97770.00000 0.854393
97780.00000 0.854339
97790.00000 0.854282
97800.00000 0.854219
97810.00000 0.85415
97820.00000 0.854078
97830.00000 0.854002
97840.00000 0.853923
97850.00000 0.853842
97860.00000 0.853755
97870.00000 0.853665
97880.00000 0.853574
97890.00000 0.853486
97900.00000 0.853404
97910.00000 0.853322
97920.00000 0.853242
97930.00000 0.853168
97940.00000 0.853103
97950.00000 0.85305
97960.00000 0.853004
97970.00000 0.852967
97980.00000 0.852939
97990.00000 0.852923
98000.00000 0.852918
98010.00000 0.852924
98020.00000 0.85294
98030.00000 0.852964
98040.00000 0.852996
98050.00000 0.853038
98060.00000 0.853089
98070.00000 0.853148
98080.00000 0.853209
98090.00000 0.85327
98100.00000 0.853336
98110.00000 0.853405
98120.00000 0.853474
98130.00000 0.85354
98140.00000 0.8536
98150.00000 0.853658
98160.00000 0.853713
98170.00000 0.853762
98180.00000 0.853804
98190.00000 0.853837
98200.00000 0.853861
98210.00000 0.853878
98220.00000 0.85389
98230.00000 0.853897
98240.00000 0.853898
98250.00000 0.853891
98260.00000 0.853881
98270.00000 0.853869
98280.00000 0.853858
98290.00000 0.853848
98300.00000 0.853835
98310.00000 0.853823
98320.00000 0.853817
98330.00000 0.853818
98340.00000 0.853826
98350.00000 0.853839
98360.00000 0.853859
98370.00000 0.853885
98380.00000 0.853918
98390.00000 0.85396
98400.00000 0.854008
98410.00000 0.854063
98420.00000 0.854123
98430.00000 0.854187
98440.00000 0.854258
98450.00000 0.854335
98460.00000 0.854415
98470.00000 0.854496
98480.00000 0.854578
98490.00000 0.854662
98500.00000 0.854748
98510.00000 0.854836
98520.00000 0.854926
98530.00000 0.855016
98540.00000 0.855108
98550.00000 0.855201
98560.00000 0.855297
98570.00000 0.855397
98580.00000 0.855501
98590.00000 0.855607
98600.00000 0.855717
98610.00000 0.855832
98620.00000 0.855956
98630.00000 0.856086
98640.00000 0.856222
98650.00000 0.856365
98660.00000 0.856515
98670.00000 0.856673
98680.00000 0.856839
98690.00000 0.857012
98700.00000 0.857192
98710.00000 0.857379
98720.00000 0.857571
98730.00000 0.857771
98740.00000 0.857978
98750.00000 0.858191
98760.00000 0.858407
98770.00000 0.858625
98780.00000 0.858848
98790.00000 0.859074
98800.00000 0.859304
98810.00000 0.859535
98820.00000 0.859767
98830.00000 0.860001
98840.00000 0.860237
98850.00000 0.860475
98860.00000 0.860716
98870.00000 0.860959
98880.00000 0.861203
98890.00000 0.86145
98900.00000 0.861701
98910.00000 0.861957
98920.00000 0.862218
98930.00000 0.862484
98940.00000 0.862754
98950.00000 0.86303
98960.00000 0.863312
98970.00000 0.863602
98980.00000 0.863897
98990.00000 0.864198
99000.00000 0.864505
99010.00000 0.864816
99020.00000 0.865134
99030.00000 0.865458
99040.00000 0.865786
99050.00000 0.866118
99060.00000 0.866451
99070.00000 0.866788
99080.00000 0.867128
99090.00000 0.867471
99100.00000 0.867813
99110.00000 0.868153
99120.00000 0.868494
99130.00000 0.868834
99140.00000 0.869174
99150.00000 0.869509
99160.00000 0.869839
99170.00000 0.870164
99180.00000 0.870486
99190.00000 0.870803
99200.00000 0.871115
99210.00000 0.871421
99220.00000 0.87172
99230.00000 0.872013
99240.00000 0.872302
99250.00000 0.872589
99260.00000 0.872873
99270.00000 0.873151
99280.00000 0.873426
99290.00000 0.8737
99300.00000 0.873977
99310.00000 0.874258
99320.00000 0.874542
99330.00000 0.874828
99340.00000 0.875115
99350.00000 0.875403
99360.00000 0.875693
99370.00000 0.875985
99380.00000 0.876278
99390.00000 0.876572
99400.00000 0.876864
99410.00000 0.877157
99420.00000 0.877451
99430.00000 0.877745
99440.00000 0.878035
99450.00000 0.87832
99460.00000 0.878598
99470.00000 0.878872
99480.00000 0.879142
99490.00000 0.879405
99500.00000 0.879661
99510.00000 0.879909
99520.00000 0.880148
99530.00000 0.880381
99540.00000 0.880611
99550.00000 0.880842
99560.00000 0.881075
99570.00000 0.881308
99580.00000 0.88154
99590.00000 0.881772
99600.00000 0.882002
99610.00000 0.882232
99620.00000 0.882461
99630.00000 0.882689
99640.00000 0.882915
99650.00000 0.883137
99660.00000 0.883357
99670.00000 0.883575
99680.00000 0.883791
99690.00000 0.884
99700.00000 0.8842
99710.00000 0.884392
99720.00000 0.884576
99730.00000 0.884754
99740.00000 0.884923
99750.00000 0.885084
99760.00000 0.885236
99770.00000 0.885377
99780.00000 0.885512
99790.00000 0.885641
99800.00000 0.885767
99810.00000 0.885887
99820.00000 0.885998
99830.00000 0.886106
99840.00000 0.886219
99850.00000 0.886342
99860.00000 0.886473
99870.00000 0.886607
99880.00000 0.886749
99890.00000 0.886903
99900.00000 0.887074
99910.00000 0.887272
99920.00000 0.887497
99930.00000 0.887728
99940.00000 0.88795
99950.00000 0.888144
99960.00000 0.888348
99970.00000 0.888575
99980.00000 0.888767
99990.00000 0.888865
100000.00000 0.88881
100010.00000 0.888653
100020.00000 0.888431
100030.00000 0.888072
100040.00000 0.887502
100050.00000 0.886648
100060.00000 0.885518
100070.00000 0.884163
100080.00000 0.882569
100090.00000 0.880721
100100.00000 0.878608
100110.00000 0.87615
100120.00000 0.873356
100130.00000 0.870342
100140.00000 0.867227
100150.00000 0.864127
100160.00000 0.860903
100170.00000 0.857464
100180.00000 0.854032
100190.00000 0.850833
100200.00000 0.848087
100210.00000 0.845705
100220.00000 0.843511
100230.00000 0.84168
100240.00000 0.840387
100250.00000 0.839808
100260.00000 0.839982
100270.00000 0.840786
100280.00000 0.842186
100290.00000 0.844151
100300.00000 0.846648
100310.00000 0.849807
100320.00000 0.853696
100330.00000 0.858081
100340.00000 0.862721
100350.00000 0.867379
100360.00000 0.87214
100370.00000 0.877256
100380.00000 0.88247
100390.00000 0.887515
100400.00000 0.892125
100410.00000 0.896273
100420.00000 0.900207
100430.00000 0.903828
100440.00000 0.907027
100450.00000 0.909698
100460.00000 0.911762
100470.00000 0.913277
100480.00000 0.914325
100490.00000 0.914987
100500.00000 0.915344
100510.00000 0.915371
100520.00000 0.91493
100530.00000 0.914159
100540.00000 0.913212
100550.00000 0.91224
100560.00000 0.911293
100570.00000 0.910189
100580.00000 0.909005
100590.00000 0.907834
100600.00000 0.906773
100610.00000 0.905877
100620.00000 0.905065
100630.00000 0.904331
100640.00000 0.903679
100650.00000 0.903112
100660.00000 0.902642
100670.00000 0.902288
100680.00000 0.902022
100690.00000 0.901811
100700.00000 0.901625
100710.00000 0.901441
100720.00000 0.901298
100730.00000 0.901187
100740.00000 0.901093
100750.00000 0.900999
100760.00000 0.90089
100770.00000 0.900778
100780.00000 0.900668
100790.00000 0.90056
100800.00000 0.900455
100810.00000 0.900352
100820.00000 0.900251
100830.00000 0.900152
100840.00000 0.900056
100850.00000 0.899965
100860.00000 0.89988
100870.00000 0.899801
100880.00000 0.899727
100890.00000 0.899658
100900.00000 0.899592
100910.00000 0.899529
100920.00000 0.89947
100930.00000 0.899415
100940.00000 0.899363
100950.00000 0.899315
100960.00000 0.899271
100970.00000 0.89923
100980.00000 0.899191
100990.00000 0.899157
101000.00000 0.89913
101010.00000 0.899114
101020.00000 0.899106
101030.00000 0.899106
101040.00000 0.899114
101050.00000 0.899132
101060.00000 0.899163
101070.00000 0.899208
101080.00000 0.899264
101090.00000 0.899332
101100.00000 0.899409
101110.00000 0.899495
101120.00000 0.89959
101130.00000 0.899694
101140.00000 0.899808
101150.00000 0.89993
101160.00000 0.900058
101170.00000 0.900195
101180.00000 0.900345
101190.00000 0.900502
101200.00000 0.900661
101210.00000 0.900815
101220.00000 0.900961
101230.00000 0.901105
101240.00000 0.901247
101250.00000 0.901383
101260.00000 0.90151
101270.00000 0.901627
101280.00000 0.901736
101290.00000 0.901838
101300.00000 0.90193
101310.00000 0.90201
101320.00000 0.902075
101330.00000 0.902127
101340.00000 0.902166
101350.00000 0.902194
101360.00000 0.90221
101370.00000 0.902215
101380.00000 0.902206
101390.00000 0.902182
101400.00000 0.90215
101410.00000 0.902111
101420.00000 0.902071
101430.00000 0.902027
101440.00000 0.901976
101450.00000 0.901922
101460.00000 0.901867
101470.00000 0.901815
101480.00000 0.901766
101490.00000 0.901718
101500.00000 0.901671
101510.00000 0.901625
101520.00000 0.901581
101530.00000 0.901541
101540.00000 0.901503
101550.00000 0.901468
101560.00000 0.901434
101570.00000 0.901398
101580.00000 0.901362
101590.00000 0.901326
101600.00000 0.90129
101610.00000 0.901252
101620.00000 0.901211
101630.00000 0.901165
101640.00000 0.901117
101650.00000 0.901066
101660.00000 0.901012
101670.00000 0.900953
101680.00000 0.90089
101690.00000 0.900821
101700.00000 0.900749
101710.00000 0.900673
101720.00000 0.900592
101730.00000 0.900505
101740.00000 0.900414
101750.00000 0.900318
101760.00000 0.900217
101770.00000 0.900111
101780.00000 0.9
101790.00000 0.899884
101800.00000 0.899762
101810.00000 0.899635
101820.00000 0.899503
101830.00000 0.899368
101840.00000 0.899227
101850.00000 0.899082
101860.00000 0.898931
101870.00000 0.898778
101880.00000 0.898624
101890.00000 0.89847
101900.00000 0.898312
101910.00000 0.898153
101920.00000 0.897994
101930.00000 0.897839
101940.00000 0.89769
101950.00000 0.897544
101960.00000 0.897401
101970.00000 0.897262
101980.00000 0.897131
101990.00000 0.89701
102000.00000 0.896898
102010.00000 0.896794
102020.00000 0.896697
102030.00000 0.896609
102040.00000 0.89653
102050.00000 0.89646
102060.00000 0.8964
102070.00000 0.896349
102080.00000 0.896303
102090.00000 0.89626
102100.00000 0.89622
102110.00000 0.896187
102120.00000 0.896159
102130.00000 0.896132
102140.00000 0.896102
102150.00000 0.896069
102160.00000 0.896035
102170.00000 0.896001
102180.00000 0.895964
102190.00000 0.895922
102200.00000 0.895873
102210.00000 0.895819
102220.00000 0.89576
102230.00000 0.895696
102240.00000 0.895627
102250.00000 0.895552
102260.00000 0.895473
102270.00000 0.895387
102280.00000 0.895297
102290.00000 0.895202
102300.00000 0.895104
102310.00000 0.895002
102320.00000 0.894896
102330.00000 0.894786
102340.00000 0.894672
102350.00000 0.894555
102360.00000 0.894434
102370.00000 0.894311
102380.00000 0.894183
102390.00000 0.894052
102400.00000 0.893916
102410.00000 0.893774
102420.00000 0.893628
102430.00000 0.893477
102440.00000 0.89332
102450.00000 0.893159
102460.00000 0.892991
102470.00000 0.892817
102480.00000 0.892637
102490.00000 0.892452
102500.00000 0.892262
102510.00000 0.892068
102520.00000 0.891869
102530.00000 0.891665
102540.00000 0.891456
102550.00000 0.891245
102560.00000 0.891034
102570.00000 0.890823
102580.00000 0.89061
102590.00000 0.890395
102600.00000 0.89018
102610.00000 0.889968
102620.00000 0.88976
102630.00000 0.889553
102640.00000 0.889348
102650.00000 0.889146
102660.00000 0.888946
102670.00000 0.88875
102680.00000 0.888558
102690.00000 0.88837
102700.00000 0.888184
102710.00000 0.888
102720.00000 0.887818
102730.00000 0.887637
102740.00000 0.887459
102750.00000 0.887282
102760.00000 0.887107
102770.00000 0.886931
102780.00000 0.886754
102790.00000 0.886578
102800.00000 0.886402
102810.00000 0.886226
102820.00000 0.88605
102830.00000 0.885872
102840.00000 0.885693
102850.00000 0.885513
102860.00000 0.885332
102870.00000 0.885151
102880.00000 0.88497
102890.00000 0.884788
102900.00000 0.884606
102910.00000 0.884424
102920.00000 0.884241
102930.00000 0.884057
102940.00000 0.883874
102950.00000 0.88369
102960.00000 0.883506
102970.00000 0.883322
102980.00000 0.883137
102990.00000 0.882951
103000.00000 0.882765
103010.00000 0.882578
103020.00000 0.88239
103030.00000 0.882202
103040.00000 0.882012
103050.00000 0.881821
103060.00000 0.881628
103070.00000 0.881434
103080.00000 0.88124
103090.00000 0.881046
103100.00000 0.880851
103110.00000 0.880656
103120.00000 0.88046
103130.00000 0.880264
103140.00000 0.880069
103150.00000 0.879875
103160.00000 0.879683
103170.00000 0.87949
103180.00000 0.879299
103190.00000 0.879109
103200.00000 0.878921
103210.00000 0.878734
103220.00000 0.878549
103230.00000 0.878365
103240.00000 0.878182
103250.00000 0.878
103260.00000 0.877819
103270.00000 0.877638
103280.00000 0.877459
103290.00000 0.87728
103300.00000 0.877102
103310.00000 0.876924
103320.00000 0.876747
103330.00000 0.87657
103340.00000 0.876394
103350.00000 0.876218
103360.00000 0.876043
103370.00000 0.875869
103380.00000 0.875696
103390.00000 0.875523
103400.00000 0.87535
103410.00000 0.875177
103420.00000 0.875004
103430.00000 0.874832
103440.00000 0.87466
103450.00000 0.874487
103460.00000 0.874312
103470.00000 0.874134
103480.00000 0.873956
103490.00000 0.873776
103500.00000 0.873593
103510.00000 0.873407
103520.00000 0.873217
103530.00000 0.873022
103540.00000 0.872823
103550.00000 0.872621
103560.00000 0.872415
103570.00000 0.872205
103580.00000 0.871991
103590.00000 0.871772
103600.00000 0.871548
103610.00000 0.871323
103620.00000 0.871097
103630.00000 0.870871
103640.00000 0.870642
103650.00000 0.870412
103660.00000 0.870182
103670.00000 0.869954
103680.00000 0.86973
103690.00000 0.869511
103700.00000 0.869294
103710.00000 0.86908
