threeML/data/optical_filters/GTC/CanariCam-Si6.ecsv
# %ECSV 0.9
# ---
# datatype:
# - {name: wavelength, unit: Angstrom, datatype: float32}
# - {name: response, datatype: float32}
# meta: !!omap
# - {band_name: Si6}
# - {group_name: CanariCam}
wavelength response
[from data line 1463]
130920.00000 0.019169
130930.00000 0.018996
130940.00000 0.018824
130950.00000 0.018654
130960.00000 0.018485
130970.00000 0.018317
130980.00000 0.018151
130990.00000 0.017986
131000.00000 0.017823
131010.00000 0.017662
131020.00000 0.017501
131030.00000 0.017343
131040.00000 0.017186
131050.00000 0.01703
131060.00000 0.016877
131070.00000 0.016724
131080.00000 0.016574
131090.00000 0.016425
131100.00000 0.016278
131110.00000 0.016133
131120.00000 0.015989
131130.00000 0.015846
131140.00000 0.015705
131150.00000 0.015566
131160.00000 0.015428
131170.00000 0.015291
131180.00000 0.015155
131190.00000 0.015021
131200.00000 0.014887
131210.00000 0.014755
131220.00000 0.014623
131230.00000 0.014493
131240.00000 0.014364
131250.00000 0.014236
131260.00000 0.014108
131270.00000 0.013982
131280.00000 0.013858
131290.00000 0.013734
131300.00000 0.013612
131310.00000 0.01349
131320.00000 0.01337
131330.00000 0.013252
131340.00000 0.013134
131350.00000 0.013018
131360.00000 0.012903
131370.00000 0.012789
131380.00000 0.012677
131390.00000 0.012566
131400.00000 0.012457
131410.00000 0.012349
131420.00000 0.012242
131430.00000 0.012137
131440.00000 0.012034
131450.00000 0.011932
131460.00000 0.011832
131470.00000 0.011733
131480.00000 0.011635
131490.00000 0.011538
131500.00000 0.011442
131510.00000 0.011348
131520.00000 0.011254
131530.00000 0.011161
131540.00000 0.011069
131550.00000 0.010978
131560.00000 0.010887
131570.00000 0.010797
131580.00000 0.010708
131590.00000 0.010618
131600.00000 0.01053
131610.00000 0.010443
131620.00000 0.010357
131630.00000 0.010271
131640.00000 0.010187
131650.00000 0.010103
131660.00000 0.01002
131670.00000 0.009938
131680.00000 0.009856
131690.00000 0.009775
131700.00000 0.009696
131710.00000 0.009617
131720.00000 0.009538
131730.00000 0.009461
131740.00000 0.009384
131750.00000 0.009308
131760.00000 0.009233
131770.00000 0.009158
131780.00000 0.009085
131790.00000 0.009013
131800.00000 0.008942
131810.00000 0.008871
131820.00000 0.008801
131830.00000 0.008732
131840.00000 0.008664
131850.00000 0.008596
131860.00000 0.008529
131870.00000 0.008462
131880.00000 0.008396
131890.00000 0.00833
131900.00000 0.008265
131910.00000 0.0082
131920.00000 0.008134
131930.00000 0.00807
131940.00000 0.008005
131950.00000 0.007941
131960.00000 0.007877
131970.00000 0.007814
131980.00000 0.007751
131990.00000 0.007689
132000.00000 0.007627
132010.00000 0.007565
132020.00000 0.007504
132030.00000 0.007444
132040.00000 0.007384
132050.00000 0.007324
132060.00000 0.007265
132070.00000 0.007207
132080.00000 0.007149
132090.00000 0.007092
132100.00000 0.007036
132110.00000 0.00698
132120.00000 0.006925
132130.00000 0.00687
132140.00000 0.006816
132150.00000 0.006763
132160.00000 0.00671
132170.00000 0.006658
132180.00000 0.006606
132190.00000 0.006555
132200.00000 0.006504
132210.00000 0.006454
132220.00000 0.006404
132230.00000 0.006355
132240.00000 0.006306
132250.00000 0.006257
132260.00000 0.006208
132270.00000 0.00616
132280.00000 0.006112
132290.00000 0.006064
132300.00000 0.006017
132310.00000 0.00597
132320.00000 0.005924
132330.00000 0.005877
132340.00000 0.005831
132350.00000 0.005786
132360.00000 0.005741
132370.00000 0.005697
132380.00000 0.005652
132390.00000 0.005609
132400.00000 0.005565
132410.00000 0.005522
132420.00000 0.00548
132430.00000 0.005437
132440.00000 0.005396
132450.00000 0.005355
132460.00000 0.005314
132470.00000 0.005274
132480.00000 0.005234
132490.00000 0.005195
132500.00000 0.005156
132510.00000 0.005118
132520.00000 0.00508
132530.00000 0.005042
132540.00000 0.005005
132550.00000 0.004968
132560.00000 0.004931
132570.00000 0.004895
132580.00000 0.004859
132590.00000 0.004823
132600.00000 0.004788
132610.00000 0.004752
132620.00000 0.004717
132630.00000 0.004681
132640.00000 0.004646
132650.00000 0.004611
132660.00000 0.004577
132670.00000 0.004542
132680.00000 0.004508
132690.00000 0.004474
132700.00000 0.004441
132710.00000 0.004407
132720.00000 0.004374
132730.00000 0.004341
132740.00000 0.004309
132750.00000 0.004276
132760.00000 0.004244
132770.00000 0.004212
132780.00000 0.004181
132790.00000 0.004149
132800.00000 0.004118
132810.00000 0.004088
132820.00000 0.004057
132830.00000 0.004027
146113.00000 0.0
