threeML/data/optical_filters/GTC/CanariCam-Si5.ecsv
# %ECSV 0.9
# ---
# datatype:
# - {name: wavelength, unit: Angstrom, datatype: float32}
# - {name: response, datatype: float32}
# meta: !!omap
# - {band_name: Si5}
# - {group_name: CanariCam}
wavelength response
95112.00000 0.0
105680.00000 0.004015
105690.00000 0.004047
105700.00000 0.00408
105710.00000 0.004113
105720.00000 0.004146
105730.00000 0.00418
105740.00000 0.004214
105750.00000 0.004249
105760.00000 0.004284
105770.00000 0.004319
105780.00000 0.004355
105790.00000 0.004392
105800.00000 0.004428
105810.00000 0.004466
105820.00000 0.004504
105830.00000 0.004542
105840.00000 0.004581
105850.00000 0.004621
105860.00000 0.004661
105870.00000 0.004702
105880.00000 0.004743
105890.00000 0.004785
105900.00000 0.004828
105910.00000 0.004872
105920.00000 0.004916
105930.00000 0.004961
105940.00000 0.005007
105950.00000 0.005053
105960.00000 0.005101
105970.00000 0.005148
105980.00000 0.005197
105990.00000 0.005246
106000.00000 0.005296
106010.00000 0.005346
106020.00000 0.005397
106030.00000 0.005449
106040.00000 0.005501
106050.00000 0.005554
106060.00000 0.005607
106070.00000 0.005661
106080.00000 0.005715
106090.00000 0.00577
106100.00000 0.005826
106110.00000 0.005882
106120.00000 0.005939
106130.00000 0.005995
106140.00000 0.006053
106150.00000 0.006111
106160.00000 0.00617
106170.00000 0.006229
106180.00000 0.006288
106190.00000 0.006349
106200.00000 0.00641
106210.00000 0.006471
106220.00000 0.006534
106230.00000 0.006596
106240.00000 0.00666
106250.00000 0.006723
106260.00000 0.006787
106270.00000 0.006852
106280.00000 0.006918
106290.00000 0.006983
106300.00000 0.007049
106310.00000 0.007116
106320.00000 0.007183
106330.00000 0.00725
106340.00000 0.007318
106350.00000 0.007386
106360.00000 0.007454
106370.00000 0.007522
106380.00000 0.007591
106390.00000 0.00766
106400.00000 0.00773
106410.00000 0.007799
106420.00000 0.007869
106430.00000 0.007939
106440.00000 0.008009
106450.00000 0.008079
106460.00000 0.00815
106470.00000 0.008222
106480.00000 0.008293
106490.00000 0.008366
106500.00000 0.008438
106510.00000 0.008512
106520.00000 0.008585
106530.00000 0.00866
106540.00000 0.008735
106550.00000 0.008811
106560.00000 0.008887
106570.00000 0.008964
106580.00000 0.009042
106590.00000 0.009121
106600.00000 0.009201
106610.00000 0.009281
106620.00000 0.009362
106630.00000 0.009444
106640.00000 0.009526
106650.00000 0.009608
106660.00000 0.009691
106670.00000 0.009775
106680.00000 0.009859
106690.00000 0.009944
106700.00000 0.010029
106710.00000 0.010115
106720.00000 0.010202
106730.00000 0.01029
106740.00000 0.010378
106750.00000 0.010468
106760.00000 0.010558
106770.00000 0.010649
106780.00000 0.010741
106790.00000 0.010834
106800.00000 0.010928
106810.00000 0.011023
106820.00000 0.011119
106830.00000 0.011217
106840.00000 0.011315
106850.00000 0.011415
106860.00000 0.011515
106870.00000 0.011616
106880.00000 0.011717
106890.00000 0.011819
106900.00000 0.011922
106910.00000 0.012026
106920.00000 0.012131
106930.00000 0.012237
106940.00000 0.012344
106950.00000 0.012452
106960.00000 0.012561
106970.00000 0.01267
106980.00000 0.012781
106990.00000 0.012894
107000.00000 0.013007
107010.00000 0.013122
107020.00000 0.013237
107030.00000 0.013355
107040.00000 0.013473
107050.00000 0.013593
107060.00000 0.013714
107070.00000 0.013837
107080.00000 0.013961
107090.00000 0.014085
107100.00000 0.01421
107110.00000 0.014336
107120.00000 0.014464
107130.00000 0.014592
107140.00000 0.014721
107150.00000 0.014851
107160.00000 0.014983
107170.00000 0.015116
107180.00000 0.01525
107190.00000 0.015386
107200.00000 0.015523
107210.00000 0.015662
107220.00000 0.015802
107230.00000 0.015944
107240.00000 0.016087
107250.00000 0.016233
107260.00000 0.01638
107270.00000 0.016529
107280.00000 0.01668
107290.00000 0.016833
107300.00000 0.016988
107310.00000 0.017145
107320.00000 0.017303
107330.00000 0.017462
107340.00000 0.017622
107350.00000 0.017784
107360.00000 0.017948
107370.00000 0.018113
107380.00000 0.01828
107390.00000 0.018448
107400.00000 0.018618
107410.00000 0.01879
107420.00000 0.018963
107430.00000 0.019139
107440.00000 0.019316
107450.00000 0.019496
107460.00000 0.019677
107470.00000 0.019861
107480.00000 0.020046
107490.00000 0.020234
107500.00000 0.020424
107510.00000 0.020616
107520.00000 0.02081
107530.00000 0.021007
107540.00000 0.021206
107550.00000 0.021406
107560.00000 0.021608
107570.00000 0.021812
107580.00000 0.022018
107590.00000 0.022226
107600.00000 0.022435
107610.00000 0.022647
107620.00000 0.02286
107630.00000 0.023076
107640.00000 0.023294
107650.00000 0.023514
107660.00000 0.023736
107670.00000 0.02396
107680.00000 0.024187
107690.00000 0.024416
107700.00000 0.024647
107710.00000 0.02488
107720.00000 0.025116
107730.00000 0.025355
107740.00000 0.025596
107750.00000 0.02584
107760.00000 0.026086
107770.00000 0.026334
107780.00000 0.026584
107790.00000 0.026836
107800.00000 0.02709
107810.00000 0.027346
107820.00000 0.027605
107830.00000 0.027865
107840.00000 0.028128
107850.00000 0.028393
107860.00000 0.028661
107870.00000 0.028931
107880.00000 0.029203
107890.00000 0.029478
107900.00000 0.029756
107910.00000 0.030036
107920.00000 0.030319
107930.00000 0.030604
107940.00000 0.030893
107950.00000 0.031185
107960.00000 0.031479
107970.00000 0.031777
107980.00000 0.032077
107990.00000 0.032381
108000.00000 0.032687
108010.00000 0.032996
108020.00000 0.033306
108030.00000 0.033618
108040.00000 0.033933
108050.00000 0.03425
108060.00000 0.034569
108070.00000 0.034891
108080.00000 0.035216
108090.00000 0.035544
108100.00000 0.035875
108110.00000 0.036209
108120.00000 0.036546
108130.00000 0.036886
108140.00000 0.03723
108150.00000 0.037577
108160.00000 0.037929
108170.00000 0.038284
108180.00000 0.038643
108190.00000 0.039006
108200.00000 0.039374
108210.00000 0.039745
108220.00000 0.040122
108230.00000 0.040503
108240.00000 0.040886
108250.00000 0.041272
108260.00000 0.041662
108270.00000 0.042054
108280.00000 0.04245
108290.00000 0.042848
108300.00000 0.043251
108310.00000 0.043657
108320.00000 0.044066
108330.00000 0.04448
108340.00000 0.044898
108350.00000 0.045319
108360.00000 0.045746
108370.00000 0.046176
108380.00000 0.046612
108390.00000 0.047052
108400.00000 0.047497
108410.00000 0.047947
108420.00000 0.048402
108430.00000 0.048863
108440.00000 0.049329
108450.00000 0.0498
108460.00000 0.050278
108470.00000 0.05076
108480.00000 0.051245
108490.00000 0.051735
108500.00000 0.052229
108510.00000 0.052726
108520.00000 0.053228
108530.00000 0.053735
108540.00000 0.054246
108550.00000 0.054762
108560.00000 0.055283
108570.00000 0.055809
108580.00000 0.05634
108590.00000 0.056876
108600.00000 0.057419
108610.00000 0.057966
108620.00000 0.05852
108630.00000 0.059079
108640.00000 0.059645
108650.00000 0.060217
108660.00000 0.060795
108670.00000 0.06138
108680.00000 0.061972
108690.00000 0.062571
108700.00000 0.063176
108710.00000 0.063786
108720.00000 0.0644
108730.00000 0.065019
108740.00000 0.065642
108750.00000 0.066271
108760.00000 0.066905
108770.00000 0.067544
108780.00000 0.068189
108790.00000 0.06884
108800.00000 0.069498
108810.00000 0.070161
108820.00000 0.070832
108830.00000 0.07151
108840.00000 0.072195
108850.00000 0.072887
108860.00000 0.073587
108870.00000 0.074295
108880.00000 0.075011
108890.00000 0.075736
108900.00000 0.07647
108910.00000 0.077212
108920.00000 0.077964
108930.00000 0.078725
108940.00000 0.079494
108950.00000 0.08027
108960.00000 0.081051
108970.00000 0.081839
108980.00000 0.082634
108990.00000 0.083436
109000.00000 0.084245
109010.00000 0.085061
109020.00000 0.085885
109030.00000 0.086717
109040.00000 0.087557
109050.00000 0.088406
109060.00000 0.089263
109070.00000 0.090129
109080.00000 0.091005
109090.00000 0.09189
109100.00000 0.092785
109110.00000 0.09369
109120.00000 0.094605
109130.00000 0.09553
109140.00000 0.096467
109150.00000 0.097414
109160.00000 0.098373
109170.00000 0.099343
109180.00000 0.100323
109190.00000 0.101311
109200.00000 0.102307
109210.00000 0.103312
109220.00000 0.104325
109230.00000 0.105347
109240.00000 0.106379
109250.00000 0.10742
109260.00000 0.10847
109270.00000 0.109531
109280.00000 0.110602
109290.00000 0.111683
109300.00000 0.112775
109310.00000 0.113878
109320.00000 0.114992
109330.00000 0.116117
109340.00000 0.117254
109350.00000 0.118403
109360.00000 0.119564
109370.00000 0.120737
109380.00000 0.121923
109390.00000 0.123122
109400.00000 0.124334
109410.00000 0.125559
109420.00000 0.126796
109430.00000 0.128041
109440.00000 0.129297
109450.00000 0.130562
109460.00000 0.131838
109470.00000 0.133124
109480.00000 0.134421
109490.00000 0.13573
109500.00000 0.137049
109510.00000 0.138381
109520.00000 0.139725
109530.00000 0.141082
109540.00000 0.142451
109550.00000 0.143834
109560.00000 0.14523
109570.00000 0.146639
109580.00000 0.148063
109590.00000 0.149501
109600.00000 0.150954
109610.00000 0.152421
109620.00000 0.153904
109630.00000 0.155403
109640.00000 0.156917
109650.00000 0.158448
109660.00000 0.159992
109670.00000 0.161549
109680.00000 0.163118
109690.00000 0.1647
109700.00000 0.166294
109710.00000 0.167902
109720.00000 0.169523
109730.00000 0.171158
109740.00000 0.172807
109750.00000 0.17447
109760.00000 0.176148
109770.00000 0.17784
109780.00000 0.179546
109790.00000 0.181268
109800.00000 0.183006
109810.00000 0.184759
109820.00000 0.186528
109830.00000 0.188312
109840.00000 0.190114
109850.00000 0.191931
109860.00000 0.193766
109870.00000 0.195617
109880.00000 0.197486
109890.00000 0.199373
109900.00000 0.201275
109910.00000 0.203193
109920.00000 0.205125
109930.00000 0.207072
109940.00000 0.209034
109950.00000 0.211012
109960.00000 0.213005
109970.00000 0.215014
109980.00000 0.217038
109990.00000 0.219078
110000.00000 0.221134
110010.00000 0.223206
110020.00000 0.225295
110030.00000 0.227399
110040.00000 0.22952
110050.00000 0.231658
110060.00000 0.233813
110070.00000 0.235984
110080.00000 0.238172
110090.00000 0.240378
110100.00000 0.2426
110110.00000 0.24484
110120.00000 0.247098
110130.00000 0.249373
110140.00000 0.251666
110150.00000 0.253976
110160.00000 0.256303
110170.00000 0.258647
110180.00000 0.261008
110190.00000 0.263386
110200.00000 0.26578
110210.00000 0.268191
110220.00000 0.270619
110230.00000 0.273063
110240.00000 0.275524
110250.00000 0.278002
110260.00000 0.280495
110270.00000 0.283005
110280.00000 0.285531
110290.00000 0.288073
110300.00000 0.290631
110310.00000 0.293205
110320.00000 0.295795
110330.00000 0.298401
110340.00000 0.301022
110350.00000 0.303659
110360.00000 0.306312
110370.00000 0.30898
110380.00000 0.311664
110390.00000 0.314366
110400.00000 0.317088
110410.00000 0.319828
110420.00000 0.322586
110430.00000 0.325362
110440.00000 0.328155
110450.00000 0.330964
110460.00000 0.33379
110470.00000 0.336631
110480.00000 0.339487
110490.00000 0.342358
110500.00000 0.345244
110510.00000 0.348143
110520.00000 0.351056
110530.00000 0.353981
110540.00000 0.356919
110550.00000 0.35987
110560.00000 0.362831
110570.00000 0.365804
110580.00000 0.368788
110590.00000 0.371781
110600.00000 0.374785
110610.00000 0.377798
110620.00000 0.380819
110630.00000 0.383854
110640.00000 0.386907
110650.00000 0.389976
110660.00000 0.39306
110670.00000 0.39616
110680.00000 0.399273
110690.00000 0.402401
110700.00000 0.405541
110710.00000 0.408693
110720.00000 0.411857
110730.00000 0.415031
110740.00000 0.418215
110750.00000 0.421409
110760.00000 0.42461
110770.00000 0.42782
110780.00000 0.431037
110790.00000 0.43426
110800.00000 0.437489
110810.00000 0.440722
110820.00000 0.44396
110830.00000 0.447201
110840.00000 0.450445
110850.00000 0.453692
110860.00000 0.456939
110870.00000 0.460189
110880.00000 0.463452
110890.00000 0.466727
110900.00000 0.470015
110910.00000 0.473313
110920.00000 0.476621
110930.00000 0.479938
110940.00000 0.483263
110950.00000 0.486595
110960.00000 0.489932
110970.00000 0.493274
110980.00000 0.49662
110990.00000 0.499968
111000.00000 0.503318
111010.00000 0.506669
111020.00000 0.510019
111030.00000 0.513368
111040.00000 0.516715
111050.00000 0.520058
111060.00000 0.523397
111070.00000 0.52673
111080.00000 0.530057
111090.00000 0.533376
111100.00000 0.536686
111110.00000 0.539988
111120.00000 0.543286
111130.00000 0.546591
111140.00000 0.549901
111150.00000 0.553215
111160.00000 0.556533
111170.00000 0.559853
111180.00000 0.563173
111190.00000 0.566493
111200.00000 0.56981
111210.00000 0.573125
111220.00000 0.576435
111230.00000 0.57974
111240.00000 0.583038
111250.00000 0.586328
111260.00000 0.589609
111270.00000 0.592879
111280.00000 0.596138
111290.00000 0.599383
111300.00000 0.602615
111310.00000 0.605831
111320.00000 0.609031
111330.00000 0.612212
111340.00000 0.615375
111350.00000 0.618518
111360.00000 0.621639
111370.00000 0.62475
111380.00000 0.627855
111390.00000 0.630953
111400.00000 0.634045
111410.00000 0.637127
111420.00000 0.640201
111430.00000 0.643265
111440.00000 0.646317
111450.00000 0.649357
111460.00000 0.652384
111470.00000 0.655397
111480.00000 0.658395
111490.00000 0.661377
111500.00000 0.664341
111510.00000 0.667288
111520.00000 0.670216
111530.00000 0.673124
111540.00000 0.676011
111550.00000 0.678876
111560.00000 0.681718
111570.00000 0.684537
111580.00000 0.687331
111590.00000 0.690099
111600.00000 0.692841
111610.00000 0.695555
111620.00000 0.69825
111630.00000 0.700927
111640.00000 0.703587
111650.00000 0.706229
111660.00000 0.708853
111670.00000 0.711457
111680.00000 0.714042
111690.00000 0.716608
111700.00000 0.719153
111710.00000 0.721678
111720.00000 0.724182
111730.00000 0.726664
111740.00000 0.729125
111750.00000 0.731564
111760.00000 0.73398
111770.00000 0.736373
111780.00000 0.738742
111790.00000 0.741088
111800.00000 0.74341
111810.00000 0.745707
111820.00000 0.747979
111830.00000 0.750225
111840.00000 0.752446
111850.00000 0.75464
111860.00000 0.756808
111870.00000 0.758951
111880.00000 0.76107
111890.00000 0.763165
111900.00000 0.765236
111910.00000 0.767284
111920.00000 0.769308
111930.00000 0.771309
111940.00000 0.773286
111950.00000 0.77524
111960.00000 0.77717
111970.00000 0.779078
111980.00000 0.780962
111990.00000 0.782823
112000.00000 0.784662
112010.00000 0.786478
112020.00000 0.788271
112030.00000 0.790041
112040.00000 0.791789
112050.00000 0.793514
112060.00000 0.795217
112070.00000 0.796898
112080.00000 0.798557
112090.00000 0.800193
112100.00000 0.801808
112110.00000 0.8034
112120.00000 0.804968
112130.00000 0.806512
112140.00000 0.80803
112150.00000 0.809525
112160.00000 0.810995
112170.00000 0.812442
112180.00000 0.813866
112190.00000 0.815267
112200.00000 0.816646
112210.00000 0.818002
112220.00000 0.819337
112230.00000 0.820651
112240.00000 0.821943
112250.00000 0.823215
112260.00000 0.824467
112270.00000 0.825699
112280.00000 0.826911
112290.00000 0.828104
112300.00000 0.829278
112310.00000 0.830434
112320.00000 0.831571
112330.00000 0.832691
112340.00000 0.833793
112350.00000 0.834878
112360.00000 0.835947
112370.00000 0.836995
112380.00000 0.83802
112390.00000 0.839023
112400.00000 0.840004
112410.00000 0.840962
112420.00000 0.8419
112430.00000 0.842818
112440.00000 0.843715
112450.00000 0.844594
112460.00000 0.845453
112470.00000 0.846294
112480.00000 0.847117
112490.00000 0.847923
112500.00000 0.848713
112510.00000 0.849486
112520.00000 0.850243
112530.00000 0.850986
112540.00000 0.851713
112550.00000 0.852427
112560.00000 0.853127
112570.00000 0.853814
112580.00000 0.854489
112590.00000 0.855152
112600.00000 0.855803
112610.00000 0.856444
112620.00000 0.857071
112630.00000 0.85768
112640.00000 0.858271
112650.00000 0.858845
112660.00000 0.859401
112670.00000 0.85994
112680.00000 0.860464
112690.00000 0.860971
112700.00000 0.861464
112710.00000 0.861943
112720.00000 0.862408
112730.00000 0.862859
112740.00000 0.863298
112750.00000 0.863724
112760.00000 0.864139
112770.00000 0.864542
112780.00000 0.864936
112790.00000 0.865319
112800.00000 0.865692
112810.00000 0.866057
112820.00000 0.866413
112830.00000 0.866761
112840.00000 0.867102
112850.00000 0.867437
112860.00000 0.867765
112870.00000 0.868086
112880.00000 0.868397
112890.00000 0.868694
112900.00000 0.868979
112910.00000 0.869253
112920.00000 0.869514
112930.00000 0.869764
112940.00000 0.870003
112950.00000 0.870233
112960.00000 0.870452
112970.00000 0.870661
