threeML/data/optical_filters/GTC/CanariCam-PAH1.ecsv
# %ECSV 0.9
# ---
# datatype:
# - {name: wavelength, unit: Angstrom, datatype: float32}
# - {name: response, datatype: float32}
# meta: !!omap
# - {band_name: PAH1}
# - {group_name: CanariCam}
wavelength response
72297.00000 0.0
80330.00000 0.004063
80340.00000 0.00412
80350.00000 0.004148
80360.00000 0.004143
80370.00000 0.004105
80380.00000 0.004042
80390.00000 0.003963
80400.00000 0.003856
80410.00000 0.003737
80420.00000 0.003625
80430.00000 0.003512
80440.00000 0.003404
80450.00000 0.003316
80460.00000 0.003253
80470.00000 0.003209
80480.00000 0.003191
80490.00000 0.003203
80500.00000 0.003243
80510.00000 0.003307
80520.00000 0.003393
80530.00000 0.003504
80540.00000 0.003635
80550.00000 0.003778
80560.00000 0.003938
80570.00000 0.00411
80580.00000 0.004286
80590.00000 0.004467
80600.00000 0.004653
80610.00000 0.004835
80620.00000 0.005006
80630.00000 0.005173
80640.00000 0.005325
80650.00000 0.005454
80660.00000 0.005566
80670.00000 0.005654
80680.00000 0.005713
80690.00000 0.005742
80700.00000 0.005743
80710.00000 0.005718
80720.00000 0.005663
80730.00000 0.005581
80740.00000 0.005484
80750.00000 0.005376
80760.00000 0.005249
80770.00000 0.005122
80780.00000 0.005008
80790.00000 0.004897
80800.00000 0.004799
80810.00000 0.004729
80820.00000 0.004684
80830.00000 0.004663
80840.00000 0.004671
80850.00000 0.00471
80860.00000 0.004777
80870.00000 0.004867
80880.00000 0.004975
80890.00000 0.005107
80900.00000 0.005252
80910.00000 0.0054
80920.00000 0.005558
80930.00000 0.00572
80940.00000 0.005878
80950.00000 0.006032
80960.00000 0.006183
80970.00000 0.006329
80980.00000 0.006469
80990.00000 0.006603
81000.00000 0.006733
81010.00000 0.00686
81020.00000 0.006983
81030.00000 0.007103
81040.00000 0.007222
81050.00000 0.00734
81060.00000 0.007455
81070.00000 0.007568
81080.00000 0.007677
81090.00000 0.007784
81100.00000 0.007883
81110.00000 0.007975
81120.00000 0.00806
81130.00000 0.008134
81140.00000 0.008195
81150.00000 0.008244
81160.00000 0.00828
81170.00000 0.008303
81180.00000 0.00831
81190.00000 0.008303
81200.00000 0.008287
81210.00000 0.008262
81220.00000 0.008226
81230.00000 0.008185
81240.00000 0.008143
81250.00000 0.008099
81260.00000 0.008053
81270.00000 0.008008
81280.00000 0.007964
81290.00000 0.00792
81300.00000 0.007878
81310.00000 0.007836
81320.00000 0.007794
81330.00000 0.007758
81340.00000 0.007729
81350.00000 0.007702
81360.00000 0.007688
81370.00000 0.0077
81380.00000 0.007729
81390.00000 0.007783
81400.00000 0.007875
81410.00000 0.008011
81420.00000 0.008184
81430.00000 0.008396
81440.00000 0.008652
81450.00000 0.008953
81460.00000 0.009283
81470.00000 0.009627
81480.00000 0.009999
81490.00000 0.010384
81500.00000 0.010753
81510.00000 0.011108
81520.00000 0.011453
81530.00000 0.01177
81540.00000 0.012046
81550.00000 0.01229
81560.00000 0.012501
81570.00000 0.012678
81580.00000 0.012818
81590.00000 0.012927
81600.00000 0.013016
81610.00000 0.013081
81620.00000 0.013124
81630.00000 0.013156
81640.00000 0.013181
81650.00000 0.013193
81660.00000 0.013202
81670.00000 0.013215
81680.00000 0.013227
81690.00000 0.013243
81700.00000 0.013271
81710.00000 0.013312
81720.00000 0.013363
81730.00000 0.013432
81740.00000 0.013523
81750.00000 0.013635
81760.00000 0.013764
81770.00000 0.013912
81780.00000 0.014081
81790.00000 0.014266
81800.00000 0.014459
81810.00000 0.014662
81820.00000 0.014874
81830.00000 0.015088
81840.00000 0.015298
81850.00000 0.015509
81860.00000 0.01572
81870.00000 0.015933
81880.00000 0.016144
81890.00000 0.016357
81900.00000 0.016579
81910.00000 0.01681
81920.00000 0.017048
81930.00000 0.017296
81940.00000 0.017558
81950.00000 0.017831
81960.00000 0.018114
81970.00000 0.018403
81980.00000 0.018699
81990.00000 0.019003
82000.00000 0.019311
82010.00000 0.019622
82020.00000 0.019936
82030.00000 0.020257
82040.00000 0.020584
82050.00000 0.020916
82060.00000 0.021256
82070.00000 0.021608
82080.00000 0.021974
82090.00000 0.022349
82100.00000 0.022732
82110.00000 0.023123
82120.00000 0.023522
82130.00000 0.023924
82140.00000 0.024322
82150.00000 0.02472
82160.00000 0.025117
82170.00000 0.025512
82180.00000 0.025898
82190.00000 0.026282
82200.00000 0.026675
82210.00000 0.027083
82220.00000 0.027498
82230.00000 0.027933
82240.00000 0.028402
82250.00000 0.028902
82260.00000 0.02943
82270.00000 0.029986
82280.00000 0.03058
82290.00000 0.031207
82300.00000 0.031845
82310.00000 0.032483
82320.00000 0.033135
82330.00000 0.033782
82340.00000 0.034397
82350.00000 0.034985
82360.00000 0.035548
82370.00000 0.036076
82380.00000 0.036559
82390.00000 0.036999
82400.00000 0.037414
82410.00000 0.037816
82420.00000 0.038189
82430.00000 0.038551
82440.00000 0.038934
82450.00000 0.039337
82460.00000 0.039754
82470.00000 0.040206
82480.00000 0.040711
82490.00000 0.041259
82500.00000 0.04185
82510.00000 0.042486
82520.00000 0.043172
82530.00000 0.043902
82540.00000 0.044664
82550.00000 0.045453
82560.00000 0.046277
82570.00000 0.047124
82580.00000 0.047984
82590.00000 0.048862
82600.00000 0.049756
82610.00000 0.05066
82620.00000 0.051573
82630.00000 0.052497
82640.00000 0.053432
82650.00000 0.054376
82660.00000 0.055332
82670.00000 0.056296
82680.00000 0.057264
82690.00000 0.058238
82700.00000 0.059216
82710.00000 0.0602
82720.00000 0.061187
82730.00000 0.062178
82740.00000 0.063174
82750.00000 0.064179
82760.00000 0.065187
82770.00000 0.066203
82780.00000 0.067241
82790.00000 0.068303
82800.00000 0.069384
82810.00000 0.070492
82820.00000 0.07163
82830.00000 0.072796
82840.00000 0.073991
82850.00000 0.075222
82860.00000 0.076489
82870.00000 0.07779
82880.00000 0.079124
82890.00000 0.080489
82900.00000 0.081882
82910.00000 0.08331
82920.00000 0.08478
82930.00000 0.086292
82940.00000 0.087844
82950.00000 0.089439
82960.00000 0.091077
82970.00000 0.092757
82980.00000 0.094481
82990.00000 0.096251
83000.00000 0.098072
83010.00000 0.099937
83020.00000 0.101834
83030.00000 0.103756
83040.00000 0.105709
83050.00000 0.107691
83060.00000 0.109698
83070.00000 0.111731
83080.00000 0.11379
83090.00000 0.115878
83100.00000 0.117988
83110.00000 0.120122
83120.00000 0.122294
83130.00000 0.124518
83140.00000 0.126787
83150.00000 0.129101
83160.00000 0.131464
83170.00000 0.133879
83180.00000 0.136343
83190.00000 0.138854
83200.00000 0.141409
83210.00000 0.144015
83220.00000 0.146661
83230.00000 0.149338
83240.00000 0.152042
83250.00000 0.154779
83260.00000 0.157552
83270.00000 0.16036
83280.00000 0.163201
83290.00000 0.166083
83300.00000 0.169017
83310.00000 0.171997
83320.00000 0.175026
83330.00000 0.178118
83340.00000 0.181285
83350.00000 0.184518
83360.00000 0.187818
83370.00000 0.191191
83380.00000 0.194638
83390.00000 0.198156
83400.00000 0.20174
83410.00000 0.205389
83420.00000 0.209106
83430.00000 0.212886
83440.00000 0.216722
83450.00000 0.220615
83460.00000 0.224566
83470.00000 0.228577
83480.00000 0.232649
83490.00000 0.236779
83500.00000 0.240975
83510.00000 0.245246
83520.00000 0.24959
83530.00000 0.254005
83540.00000 0.258493
83550.00000 0.263058
83560.00000 0.267702
83570.00000 0.27241
83580.00000 0.277172
83590.00000 0.282
83600.00000 0.286883
83610.00000 0.291795
83620.00000 0.296729
83630.00000 0.301696
83640.00000 0.306683
83650.00000 0.311675
83660.00000 0.316675
83670.00000 0.321687
83680.00000 0.326712
83690.00000 0.331747
83700.00000 0.336788
83710.00000 0.341854
83720.00000 0.34696
83730.00000 0.352094
83740.00000 0.357264
83750.00000 0.362486
83760.00000 0.367766
83770.00000 0.373095
83780.00000 0.378483
83790.00000 0.383938
83800.00000 0.38946
83810.00000 0.395045
83820.00000 0.400687
83830.00000 0.406387
83840.00000 0.41215
83850.00000 0.417959
83860.00000 0.423798
83870.00000 0.429681
83880.00000 0.435598
83890.00000 0.441522
83900.00000 0.447443
83910.00000 0.453379
83920.00000 0.459304
83930.00000 0.465194
83940.00000 0.471057
83950.00000 0.476893
83960.00000 0.482687
83970.00000 0.488432
83980.00000 0.494134
83990.00000 0.499791
84000.00000 0.505402
84010.00000 0.510963
84020.00000 0.516478
84030.00000 0.52195
84040.00000 0.527386
84050.00000 0.532784
84060.00000 0.538137
84070.00000 0.543436
84080.00000 0.548688
84090.00000 0.553889
84100.00000 0.559026
84110.00000 0.564088
84120.00000 0.569086
84130.00000 0.574011
84140.00000 0.57885
84150.00000 0.583596
84160.00000 0.588257
84170.00000 0.592846
84180.00000 0.597371
84190.00000 0.601817
84200.00000 0.606204
84210.00000 0.610557
84220.00000 0.614876
84230.00000 0.619152
84240.00000 0.623405
84250.00000 0.627651
84260.00000 0.631891
84270.00000 0.636112
84280.00000 0.640297
84290.00000 0.644453
84300.00000 0.648585
84310.00000 0.652659
84320.00000 0.656645
84330.00000 0.660561
84340.00000 0.664399
84350.00000 0.668129
84360.00000 0.671735
84370.00000 0.675231
84380.00000 0.678617
84390.00000 0.681894
84400.00000 0.685052
84410.00000 0.688101
84420.00000 0.69106
84430.00000 0.693939
84440.00000 0.696728
84450.00000 0.699435
84460.00000 0.702067
84470.00000 0.704632
84480.00000 0.707122
84490.00000 0.70953
84500.00000 0.711851
84510.00000 0.714094
84520.00000 0.71625
84530.00000 0.718307
84540.00000 0.720258
84550.00000 0.72211
84560.00000 0.723871
84570.00000 0.725549
84580.00000 0.727131
84590.00000 0.72863
84600.00000 0.730071
84610.00000 0.731459
84620.00000 0.73278
84630.00000 0.734056
84640.00000 0.735312
84650.00000 0.736547
84660.00000 0.737752
84670.00000 0.738929
84680.00000 0.740079
84690.00000 0.741204
84700.00000 0.742298
84710.00000 0.743353
84720.00000 0.744373
84730.00000 0.745358
84740.00000 0.746299
84750.00000 0.747189
84760.00000 0.748026
84770.00000 0.748819
84780.00000 0.749578
84790.00000 0.750307
84800.00000 0.750999
84810.00000 0.751662
84820.00000 0.752301
84830.00000 0.752914
84840.00000 0.753501
84850.00000 0.754062
84860.00000 0.7546
84870.00000 0.755119
84880.00000 0.755604
84890.00000 0.756039
84900.00000 0.756423
84910.00000 0.756762
84920.00000 0.757049
84930.00000 0.757277
84940.00000 0.757445
84950.00000 0.75756
84960.00000 0.757627
84970.00000 0.757641
84980.00000 0.757598
84990.00000 0.757523
85000.00000 0.757438
85010.00000 0.757331
85020.00000 0.757206
85030.00000 0.757083
85040.00000 0.756975
85050.00000 0.756871
85060.00000 0.756776
85070.00000 0.756702
85080.00000 0.756652
85090.00000 0.756623
85100.00000 0.756608
85110.00000 0.756605
85120.00000 0.756616
85130.00000 0.756639
85140.00000 0.756668
85150.00000 0.756699
85160.00000 0.756738
85170.00000 0.756779
85180.00000 0.756817
85190.00000 0.756853
85200.00000 0.756888
85210.00000 0.756923
85220.00000 0.756956
85230.00000 0.756988
85240.00000 0.757019
85250.00000 0.757053
85260.00000 0.757089
85270.00000 0.757125
85280.00000 0.757167
85290.00000 0.757222
85300.00000 0.757284
85310.00000 0.757356
85320.00000 0.757444
85330.00000 0.757553
85340.00000 0.757678
85350.00000 0.757821
85360.00000 0.757982
85370.00000 0.758164
85380.00000 0.758367
85390.00000 0.758581
85400.00000 0.758799
85410.00000 0.75903
85420.00000 0.759267
85430.00000 0.759495
85440.00000 0.759706
85450.00000 0.759911
85460.00000 0.760101
85470.00000 0.760266
85480.00000 0.760403
85490.00000 0.760516
85500.00000 0.760608
85510.00000 0.760679
85520.00000 0.760722
85530.00000 0.760745
85540.00000 0.76076
85550.00000 0.76077
85560.00000 0.760767
85570.00000 0.760762
85580.00000 0.760769
85590.00000 0.760786
85600.00000 0.76081
85610.00000 0.760847
85620.00000 0.760905
85630.00000 0.760981
85640.00000 0.761074
85650.00000 0.761184
85660.00000 0.761311
85670.00000 0.761456
85680.00000 0.761617
85690.00000 0.761789
85700.00000 0.761974
85710.00000 0.762173
85720.00000 0.76238
85730.00000 0.762591
85740.00000 0.762809
85750.00000 0.763033
85760.00000 0.763262
85770.00000 0.763494
85780.00000 0.763729
85790.00000 0.763969
85800.00000 0.764212
85810.00000 0.764458
85820.00000 0.764707
85830.00000 0.764962
85840.00000 0.765225
85850.00000 0.765496
85860.00000 0.765775
85870.00000 0.76606
85880.00000 0.766353
85890.00000 0.766656
85900.00000 0.766964
85910.00000 0.767269
85920.00000 0.767577
85930.00000 0.767888
85940.00000 0.768187
85950.00000 0.768462
85960.00000 0.768722
85970.00000 0.768962
85980.00000 0.769169
85990.00000 0.769332
86000.00000 0.769459
86010.00000 0.769548
86020.00000 0.769592
86030.00000 0.769587
86040.00000 0.769535
86050.00000 0.769446
86060.00000 0.769328
86070.00000 0.769172
86080.00000 0.768984
86090.00000 0.768779
86100.00000 0.768572
86110.00000 0.768348
86120.00000 0.768117
86130.00000 0.767892
86140.00000 0.767684
86150.00000 0.767483
86160.00000 0.76729
86170.00000 0.767104
86180.00000 0.766933
86190.00000 0.766773
86200.00000 0.766611
86210.00000 0.766437
86220.00000 0.766263
86230.00000 0.766081
86240.00000 0.765875
86250.00000 0.765634
86260.00000 0.765369
86270.00000 0.765074
86280.00000 0.764742
86290.00000 0.764368
86300.00000 0.763956
86310.00000 0.76351
86320.00000 0.763036
86330.00000 0.762525
86340.00000 0.761984
86350.00000 0.761424
86360.00000 0.760859
86370.00000 0.760276
86380.00000 0.759682
86390.00000 0.759094
86400.00000 0.758519
86410.00000 0.757946
86420.00000 0.757384
86430.00000 0.756841
86440.00000 0.756321
86450.00000 0.755818
86460.00000 0.755333
86470.00000 0.754865
86480.00000 0.754423
86490.00000 0.753998
86500.00000 0.753579
86510.00000 0.75316
86520.00000 0.752754
86530.00000 0.752347
86540.00000 0.751919
86550.00000 0.751465
86560.00000 0.751001
86570.00000 0.750505
86580.00000 0.749954
86590.00000 0.749349
86600.00000 0.748698
86610.00000 0.747989
86620.00000 0.747212
86630.00000 0.746364
86640.00000 0.745454
86650.00000 0.744485
86660.00000 0.743459
86670.00000 0.742364
86680.00000 0.741218
86690.00000 0.740044
86700.00000 0.738849
86710.00000 0.737617
86720.00000 0.736367
86730.00000 0.73512
86740.00000 0.73388
86750.00000 0.732635
86760.00000 0.731396
86770.00000 0.730171
86780.00000 0.728966
86790.00000 0.727772
86800.00000 0.726573
86810.00000 0.725361
86820.00000 0.72415
86830.00000 0.722926
86840.00000 0.721674
86850.00000 0.720382
86860.00000 0.719064
86870.00000 0.717711
86880.00000 0.716312
86890.00000 0.714858
86900.00000 0.713356
86910.00000 0.71182
86920.00000 0.710262
86930.00000 0.708674
86940.00000 0.707056
86950.00000 0.70543
86960.00000 0.703813
86970.00000 0.702192
86980.00000 0.700571
86990.00000 0.69896
87000.00000 0.697371
87010.00000 0.695803
87020.00000 0.694243
87030.00000 0.692673
87040.00000 0.691092
87050.00000 0.689513
87060.00000 0.687912
87070.00000 0.686264
87080.00000 0.684571
87090.00000 0.682842
87100.00000 0.681061
87110.00000 0.679212
87120.00000 0.677292
87130.00000 0.675312
87140.00000 0.673283
87150.00000 0.671214
87160.00000 0.669088
87170.00000 0.666922
87180.00000 0.664737
87190.00000 0.662549
87200.00000 0.660339
87210.00000 0.65812
87220.00000 0.655909
87230.00000 0.653715
87240.00000 0.651531
87250.00000 0.64935
87260.00000 0.647167
87270.00000 0.644989
87280.00000 0.642815
87290.00000 0.640629
87300.00000 0.638413
87310.00000 0.636179
87320.00000 0.633924
87330.00000 0.631632
87340.00000 0.629287
87350.00000 0.626901
87360.00000 0.62447
87370.00000 0.621986
87380.00000 0.619443
87390.00000 0.616845
87400.00000 0.614193
87410.00000 0.611485
87420.00000 0.608721
87430.00000 0.605898
87440.00000 0.603023
87450.00000 0.6001
87460.00000 0.597125
87470.00000 0.594099
87480.00000 0.59103
87490.00000 0.587931
87500.00000 0.584792
87510.00000 0.581616
87520.00000 0.578417
87530.00000 0.575208
87540.00000 0.571976
87550.00000 0.568727
87560.00000 0.565477
87570.00000 0.562237
87580.00000 0.558996
87590.00000 0.55576
87600.00000 0.552536
87610.00000 0.549329
87620.00000 0.546136
87630.00000 0.542956
87640.00000 0.539789
87650.00000 0.536638
87660.00000 0.533505
87670.00000 0.530381
87680.00000 0.527255
87690.00000 0.524129
87700.00000 0.521008
87710.00000 0.51788
87720.00000 0.514729
87730.00000 0.511562
87740.00000 0.508381
87750.00000 0.505174
87760.00000 0.501929
87770.00000 0.498647
87780.00000 0.495333
87790.00000 0.491989
87800.00000 0.488613
87810.00000 0.4852
87820.00000 0.481758
87830.00000 0.478299
87840.00000 0.474832
87850.00000 0.471341
87860.00000 0.467841
87870.00000 0.464347
87880.00000 0.46087
87890.00000 0.457399
87900.00000 0.453938
87910.00000 0.450491
87920.00000 0.447064
87930.00000 0.443656
87940.00000 0.440258
87950.00000 0.436861
87960.00000 0.433469
