threeML/data/optical_filters/GTC/CanariCam-Si4.ecsv
# %ECSV 0.9
# ---
# datatype:
# - {name: wavelength, unit: Angstrom, datatype: float32}
# - {name: response, datatype: float32}
# meta: !!omap
# - {band_name: Si4}
# - {group_name: CanariCam}
wavelength response
[from data line 757]
102170.00000 0.905977
102180.00000 0.906159
102190.00000 0.906336
102200.00000 0.906511
102210.00000 0.906683
102220.00000 0.906852
102230.00000 0.907018
102240.00000 0.907182
102250.00000 0.907344
102260.00000 0.907504
102270.00000 0.90766
102280.00000 0.907814
102290.00000 0.907965
102300.00000 0.908114
102310.00000 0.90826
102320.00000 0.908403
102330.00000 0.908544
102340.00000 0.908682
102350.00000 0.908817
102360.00000 0.908951
102370.00000 0.909081
102380.00000 0.909208
102390.00000 0.909332
102400.00000 0.909454
102410.00000 0.909574
102420.00000 0.909691
102430.00000 0.909807
102440.00000 0.909921
102450.00000 0.910033
102460.00000 0.910144
102470.00000 0.910254
102480.00000 0.910361
102490.00000 0.910467
102500.00000 0.910571
102510.00000 0.910674
102520.00000 0.910774
102530.00000 0.910873
102540.00000 0.91097
102550.00000 0.911066
102560.00000 0.911159
102570.00000 0.911251
102580.00000 0.911341
102590.00000 0.911429
102600.00000 0.911515
102610.00000 0.911599
102620.00000 0.911681
102630.00000 0.911762
102640.00000 0.911842
102650.00000 0.91192
102660.00000 0.911998
102670.00000 0.912074
102680.00000 0.91215
102690.00000 0.912224
102700.00000 0.912297
102710.00000 0.912368
102720.00000 0.912439
102730.00000 0.912508
102740.00000 0.912575
102750.00000 0.912641
102760.00000 0.912706
102770.00000 0.91277
102780.00000 0.912832
102790.00000 0.912892
102800.00000 0.91295
102810.00000 0.913007
102820.00000 0.913063
102830.00000 0.913118
102840.00000 0.913171
102850.00000 0.913223
102860.00000 0.913275
102870.00000 0.913326
102880.00000 0.913377
102890.00000 0.913427
102900.00000 0.913475
102910.00000 0.913523
102920.00000 0.913571
102930.00000 0.913617
102940.00000 0.913662
102950.00000 0.913707
102960.00000 0.913752
102970.00000 0.913795
102980.00000 0.913838
102990.00000 0.913881
103000.00000 0.913923
103010.00000 0.913963
103020.00000 0.914003
103030.00000 0.914042
103040.00000 0.914081
103050.00000 0.91412
103060.00000 0.914158
103070.00000 0.914196
103080.00000 0.914234
103090.00000 0.914273
103100.00000 0.914312
103110.00000 0.914351
103120.00000 0.91439
103130.00000 0.914429
103140.00000 0.914467
103150.00000 0.914506
103160.00000 0.914545
103170.00000 0.914583
103180.00000 0.914621
103190.00000 0.91466
103200.00000 0.914697
103210.00000 0.914735
103220.00000 0.914773
103230.00000 0.914811
103240.00000 0.914848
103250.00000 0.914886
103260.00000 0.914923
103270.00000 0.91496
103280.00000 0.914997
103290.00000 0.915033
103300.00000 0.915069
103310.00000 0.915105
103320.00000 0.91514
103330.00000 0.915176
103340.00000 0.915212
103350.00000 0.915247
103360.00000 0.915282
103370.00000 0.915316
103380.00000 0.91535
103390.00000 0.915382
103400.00000 0.915413
103410.00000 0.915443
103420.00000 0.915471
103430.00000 0.915499
103440.00000 0.915525
103450.00000 0.915551
103460.00000 0.915576
103470.00000 0.9156
103480.00000 0.915623
103490.00000 0.915644
103500.00000 0.915663
103510.00000 0.915682
103520.00000 0.915698
103530.00000 0.915713
103540.00000 0.915727
103550.00000 0.915739
103560.00000 0.915751
103570.00000 0.91576
103580.00000 0.915768
103590.00000 0.915775
103600.00000 0.91578
103610.00000 0.915784
103620.00000 0.915786
103630.00000 0.915786
103640.00000 0.915784
103650.00000 0.91578
103660.00000 0.915775
103670.00000 0.915768
103680.00000 0.91576
103690.00000 0.91575
103700.00000 0.915738
103710.00000 0.915726
103720.00000 0.915712
103730.00000 0.915697
103740.00000 0.91568
103750.00000 0.915662
103760.00000 0.915643
103770.00000 0.915622
103780.00000 0.915599
103790.00000 0.915576
103800.00000 0.915551
103810.00000 0.915525
103820.00000 0.915499
103830.00000 0.915471
103840.00000 0.915443
103850.00000 0.915413
103860.00000 0.915383
103870.00000 0.915352
103880.00000 0.915319
103890.00000 0.915286
103900.00000 0.915252
103910.00000 0.915216
103920.00000 0.91518
103930.00000 0.915143
103940.00000 0.915105
103950.00000 0.915067
103960.00000 0.915028
103970.00000 0.914987
103980.00000 0.914946
103990.00000 0.914904
104000.00000 0.914861
104010.00000 0.914818
104020.00000 0.914773
104030.00000 0.914728
104040.00000 0.914681
104050.00000 0.914634
104060.00000 0.914586
104070.00000 0.914538
104080.00000 0.914488
104090.00000 0.914439
104100.00000 0.914388
104110.00000 0.914336
104120.00000 0.914284
104130.00000 0.91423
104140.00000 0.914175
104150.00000 0.914118
104160.00000 0.91406
104170.00000 0.914
104180.00000 0.913938
104190.00000 0.913876
104200.00000 0.913812
104210.00000 0.913746
104220.00000 0.91368
104230.00000 0.913611
104240.00000 0.913542
104250.00000 0.91347
104260.00000 0.913397
104270.00000 0.913322
104280.00000 0.913245
104290.00000 0.913167
104300.00000 0.913089
104310.00000 0.913009
104320.00000 0.912927
104330.00000 0.912843
104340.00000 0.912758
104350.00000 0.912669
104360.00000 0.912578
104370.00000 0.912484
104380.00000 0.912386
104390.00000 0.912285
104400.00000 0.912181
104410.00000 0.912075
104420.00000 0.911966
104430.00000 0.911855
104440.00000 0.91174
104450.00000 0.911623
104460.00000 0.911502
104470.00000 0.911378
104480.00000 0.911252
104490.00000 0.911121
104500.00000 0.910988
104510.00000 0.910853
104520.00000 0.910715
104530.00000 0.910575
104540.00000 0.910432
104550.00000 0.910285
104560.00000 0.910134
104570.00000 0.909979
104580.00000 0.909819
104590.00000 0.909653
104600.00000 0.909482
104610.00000 0.909305
104620.00000 0.909124
104630.00000 0.908937
104640.00000 0.908747
104650.00000 0.908552
104660.00000 0.908351
104670.00000 0.908146
104680.00000 0.907937
104690.00000 0.907721
104700.00000 0.907501
104710.00000 0.907276
104720.00000 0.907046
104730.00000 0.906813
104740.00000 0.906576
104750.00000 0.906334
104760.00000 0.906088
104770.00000 0.905836
104780.00000 0.905577
104790.00000 0.905311
104800.00000 0.905038
104810.00000 0.904756
104820.00000 0.904465
104830.00000 0.904166
104840.00000 0.90386
104850.00000 0.903547
104860.00000 0.903226
104870.00000 0.902899
104880.00000 0.902563
104890.00000 0.90222
104900.00000 0.901868
104910.00000 0.901508
104920.00000 0.90114
104930.00000 0.900762
104940.00000 0.900377
104950.00000 0.899987
104960.00000 0.89959
104970.00000 0.899185
104980.00000 0.898773
104990.00000 0.89835
105000.00000 0.897918
105010.00000 0.897474
105020.00000 0.897017
105030.00000 0.896548
105040.00000 0.896063
105050.00000 0.895566
105060.00000 0.895057
105070.00000 0.894537
105080.00000 0.894006
105090.00000 0.893463
105100.00000 0.892908
105110.00000 0.892339
105120.00000 0.891758
105130.00000 0.891163
105140.00000 0.890553
105150.00000 0.88993
105160.00000 0.889292
105170.00000 0.888645
105180.00000 0.887986
105190.00000 0.887315
105200.00000 0.886631
105210.00000 0.885932
105220.00000 0.885217
105230.00000 0.884485
105240.00000 0.883735
105250.00000 0.882965
105260.00000 0.882175
105270.00000 0.881365
105280.00000 0.880538
105290.00000 0.879695
105300.00000 0.878834
105310.00000 0.877956
105320.00000 0.877059
105330.00000 0.876144
105340.00000 0.87521
105350.00000 0.874257
105360.00000 0.873283
105370.00000 0.872289
105380.00000 0.871275
105390.00000 0.870245
105400.00000 0.869198
105410.00000 0.868133
105420.00000 0.867049
105430.00000 0.865944
105440.00000 0.864818
105450.00000 0.863669
105460.00000 0.862497
105470.00000 0.8613
105480.00000 0.860077
105490.00000 0.858827
105500.00000 0.857555
105510.00000 0.85626
105520.00000 0.854943
105530.00000 0.853603
105540.00000 0.852238
105550.00000 0.85085
105560.00000 0.849436
105570.00000 0.847997
105580.00000 0.846531
105590.00000 0.84504
105600.00000 0.843521
105610.00000 0.84198
105620.00000 0.840416
105630.00000 0.838828
105640.00000 0.837215
105650.00000 0.835576
105660.00000 0.83391
105670.00000 0.832216
105680.00000 0.830492
105690.00000 0.828737
105700.00000 0.82695
105710.00000 0.82513
105720.00000 0.82328
105730.00000 0.821403
105740.00000 0.819497
105750.00000 0.817561
105760.00000 0.815596
105770.00000 0.8136
105780.00000 0.811573
105790.00000 0.809514
105800.00000 0.807422
105810.00000 0.805298
105820.00000 0.80314
105830.00000 0.80095
105840.00000 0.798731
105850.00000 0.796481
105860.00000 0.794201
105870.00000 0.791887
105880.00000 0.789542
105890.00000 0.787162
105900.00000 0.784748
105910.00000 0.782299
105920.00000 0.779813
105930.00000 0.777291
105940.00000 0.774732
105950.00000 0.772138
105960.00000 0.769509
105970.00000 0.766846
105980.00000 0.764148
105990.00000 0.761415
106000.00000 0.758648
106010.00000 0.755845
106020.00000 0.753008
106030.00000 0.750136
106040.00000 0.747229
106050.00000 0.744287
106060.00000 0.74131
106070.00000 0.738297
106080.00000 0.735249
106090.00000 0.732166
106100.00000 0.729049
106110.00000 0.725898
106120.00000 0.722714
106130.00000 0.719495
106140.00000 0.716244
106150.00000 0.71296
106160.00000 0.709643
106170.00000 0.70629
106180.00000 0.702901
106190.00000 0.699476
106200.00000 0.696018
106210.00000 0.692528
106220.00000 0.689005
106230.00000 0.685453
106240.00000 0.681871
106250.00000 0.678262
106260.00000 0.674625
106270.00000 0.670963
106280.00000 0.667272
106290.00000 0.663547
106300.00000 0.659791
106310.00000 0.656005
106320.00000 0.65219
106330.00000 0.648349
106340.00000 0.644483
106350.00000 0.640593
106360.00000 0.636681
106370.00000 0.632749
106380.00000 0.628798
106390.00000 0.624827
106400.00000 0.620827
106410.00000 0.6168
106420.00000 0.612748
106430.00000 0.608673
106440.00000 0.604578
106450.00000 0.600464
106460.00000 0.596334
106470.00000 0.59219
106480.00000 0.588034
106490.00000 0.583867
106500.00000 0.579693
106510.00000 0.575499
106520.00000 0.571284
106530.00000 0.567053
106540.00000 0.562806
106550.00000 0.558546
106560.00000 0.554275
106570.00000 0.549996
106580.00000 0.54571
106590.00000 0.541421
106600.00000 0.53713
106610.00000 0.53284
106620.00000 0.528543
106630.00000 0.524235
106640.00000 0.519916
106650.00000 0.515589
106660.00000 0.511258
106670.00000 0.506924
106680.00000 0.502589
106690.00000 0.498257
106700.00000 0.493929
106710.00000 0.489607
106720.00000 0.485296
106730.00000 0.480992
106740.00000 0.476685
106750.00000 0.472378
106760.00000 0.468071
106770.00000 0.463767
106780.00000 0.459468
106790.00000 0.455177
106800.00000 0.450896
106810.00000 0.446626
106820.00000 0.44237
106830.00000 0.43813
106840.00000 0.433908
106850.00000 0.429695
106860.00000 0.425489
106870.00000 0.421292
106880.00000 0.417106
106890.00000 0.412931
106900.00000 0.408772
106910.00000 0.404628
106920.00000 0.400502
106930.00000 0.396396
106940.00000 0.392312
106950.00000 0.388251
106960.00000 0.384212
106970.00000 0.380187
106980.00000 0.376179
106990.00000 0.372187
107000.00000 0.368215
107010.00000 0.364262
107020.00000 0.36033
107030.00000 0.356422
107040.00000 0.352537
107050.00000 0.348677
107060.00000 0.344844
107070.00000 0.341039
107080.00000 0.337256
107090.00000 0.333494
107100.00000 0.329755
107110.00000 0.326039
107120.00000 0.322347
107130.00000 0.31868
107140.00000 0.315039
107150.00000 0.311425
107160.00000 0.307838
107170.00000 0.30428
107180.00000 0.300752
107190.00000 0.297252
107200.00000 0.293778
107210.00000 0.29033
107220.00000 0.286909
107230.00000 0.283515
107240.00000 0.280148
107250.00000 0.276809
107260.00000 0.273498
107270.00000 0.270216
107280.00000 0.266963
107290.00000 0.26374
107300.00000 0.260546
107310.00000 0.257381
107320.00000 0.254243
107330.00000 0.251134
107340.00000 0.248053
107350.00000 0.245
107360.00000 0.241976
107370.00000 0.238982
107380.00000 0.236016
107390.00000 0.233079
107400.00000 0.230172
107410.00000 0.227295
107420.00000 0.224447
107430.00000 0.221629
107440.00000 0.21884
107450.00000 0.216081
107460.00000 0.21335
107470.00000 0.210649
107480.00000 0.207976
107490.00000 0.205331
107500.00000 0.202714
107510.00000 0.200125
107520.00000 0.197564
107530.00000 0.19503
107540.00000 0.192524
107550.00000 0.190048
107560.00000 0.1876
107570.00000 0.185179
107580.00000 0.182787
107590.00000 0.180422
107600.00000 0.178085
107610.00000 0.175775
107620.00000 0.173491
107630.00000 0.171234
107640.00000 0.169003
107650.00000 0.166798
107660.00000 0.164623
107670.00000 0.162476
107680.00000 0.160357
107690.00000 0.158264
107700.00000 0.156198
107710.00000 0.154157
107720.00000 0.15214
107730.00000 0.150148
107740.00000 0.148179
107750.00000 0.146233
107760.00000 0.144308
107770.00000 0.142408
107780.00000 0.140533
107790.00000 0.138683
107800.00000 0.136857
107810.00000 0.135054
107820.00000 0.133276
107830.00000 0.131519
107840.00000 0.129786
107850.00000 0.128073
107860.00000 0.126382
107870.00000 0.124712
107880.00000 0.123063
107890.00000 0.121438
107900.00000 0.119836
107910.00000 0.118258
107920.00000 0.116702
107930.00000 0.115168
107940.00000 0.113653
107950.00000 0.112158
107960.00000 0.110682
107970.00000 0.109223
107980.00000 0.107781
107990.00000 0.106354
108000.00000 0.104945
108010.00000 0.103554
108020.00000 0.102183
108030.00000 0.100831
108040.00000 0.099497
108050.00000 0.09818
108060.00000 0.096881
108070.00000 0.095599
108080.00000 0.094333
108090.00000 0.093084
108100.00000 0.091851
108110.00000 0.090633
108120.00000 0.089433
108130.00000 0.088251
108140.00000 0.087088
108150.00000 0.085942
108160.00000 0.084812
108170.00000 0.083698
108180.00000 0.082599
108190.00000 0.081513
108200.00000 0.08044
108210.00000 0.079379
108220.00000 0.07833
108230.00000 0.077292
108240.00000 0.076267
108250.00000 0.075256
108260.00000 0.074258
108270.00000 0.073273
108280.00000 0.072302
108290.00000 0.071344
108300.00000 0.070399
108310.00000 0.069466
108320.00000 0.068545
108330.00000 0.067638
108340.00000 0.066742
108350.00000 0.065859
108360.00000 0.064991
108370.00000 0.064136
108380.00000 0.063296
108390.00000 0.062467
108400.00000 0.061651
108410.00000 0.060846
108420.00000 0.060052
108430.00000 0.059267
108440.00000 0.058491
108450.00000 0.057724
108460.00000 0.056965
108470.00000 0.056214
108480.00000 0.055474
108490.00000 0.054743
108500.00000 0.054021
108510.00000 0.05331
108520.00000 0.052608
108530.00000 0.051916
108540.00000 0.051234
108550.00000 0.050561
108560.00000 0.049898
108570.00000 0.049244
108580.00000 0.0486
108590.00000 0.047968
108600.00000 0.047346
108610.00000 0.046735
108620.00000 0.046134
108630.00000 0.045543
108640.00000 0.04496
108650.00000 0.044386
108660.00000 0.043819
108670.00000 0.043259
108680.00000 0.042705
108690.00000 0.042157
108700.00000 0.041614
108710.00000 0.041078
108720.00000 0.040549
108730.00000 0.040027
108740.00000 0.039513
108750.00000 0.039005
108760.00000 0.038505
108770.00000 0.038011
108780.00000 0.037525
108790.00000 0.037045
108800.00000 0.036573
108810.00000 0.036107
108820.00000 0.035649
108830.00000 0.035199
108840.00000 0.034757
108850.00000 0.034323
108860.00000 0.033897
108870.00000 0.033477
108880.00000 0.033063
108890.00000 0.032654
108900.00000 0.03225
108910.00000 0.031851
108920.00000 0.031456
108930.00000 0.031064
108940.00000 0.030675
108950.00000 0.030291
108960.00000 0.029912
108970.00000 0.029538
108980.00000 0.029169
108990.00000 0.028804
109000.00000 0.028445
109010.00000 0.028089
109020.00000 0.027739
109030.00000 0.027394
109040.00000 0.027053
109050.00000 0.026717
109060.00000 0.026386
109070.00000 0.026061
109080.00000 0.025741
109090.00000 0.025426
109100.00000 0.025116
109110.00000 0.024811
109120.00000 0.02451
109130.00000 0.024212
109140.00000 0.023918
109150.00000 0.023626
109160.00000 0.023337
109170.00000 0.023051
109180.00000 0.022767
109190.00000 0.022486
109200.00000 0.022209
109210.00000 0.021934
109220.00000 0.021663
109230.00000 0.021395
109240.00000 0.021131
109250.00000 0.02087
109260.00000 0.020613
109270.00000 0.020359
109280.00000 0.020109
109290.00000 0.019862
109300.00000 0.01962
109310.00000 0.019381
109320.00000 0.019146
109330.00000 0.018915
109340.00000 0.018688
109350.00000 0.018463
109360.00000 0.018242
109370.00000 0.018024
109380.00000 0.017808
109390.00000 0.017595
109400.00000 0.017384
109410.00000 0.017175
109420.00000 0.016968
109430.00000 0.016764
109440.00000 0.016563
109450.00000 0.016364
109460.00000 0.016168
