threeML/data/optical_filters/GTC/CanariCam-NeII.ecsv
# %ECSV 0.9
# ---
# datatype:
# - {name: wavelength, unit: Angstrom, datatype: float32}
# - {name: response, datatype: float32}
# meta: !!omap
# - {band_name: NeII}
# - {group_name: CanariCam}
wavelength response
112914.00000 0.0
125460.00000 0.004039
125470.00000 0.00416
125480.00000 0.004288
125490.00000 0.004422
125500.00000 0.004561
125510.00000 0.004707
125520.00000 0.004858
125530.00000 0.005014
125540.00000 0.005176
125550.00000 0.005343
125560.00000 0.005512
125570.00000 0.005685
125580.00000 0.005862
125590.00000 0.006046
125600.00000 0.006236
125610.00000 0.006436
125620.00000 0.006647
125630.00000 0.006869
125640.00000 0.007103
125650.00000 0.007346
125660.00000 0.007599
125670.00000 0.007861
125680.00000 0.008132
125690.00000 0.008411
125700.00000 0.008699
125710.00000 0.008996
125720.00000 0.009298
125730.00000 0.009608
125740.00000 0.009926
125750.00000 0.010253
125760.00000 0.010591
125770.00000 0.010941
125780.00000 0.011304
125790.00000 0.011682
125800.00000 0.012071
125810.00000 0.012473
125820.00000 0.012886
125830.00000 0.013311
125840.00000 0.013749
125850.00000 0.014199
125860.00000 0.014663
125870.00000 0.015139
125880.00000 0.015623
125890.00000 0.016118
125900.00000 0.016625
125910.00000 0.017147
125920.00000 0.017685
125930.00000 0.018242
125940.00000 0.018819
125950.00000 0.019419
125960.00000 0.020033
125970.00000 0.020664
125980.00000 0.021312
125990.00000 0.021981
126000.00000 0.022672
126010.00000 0.023386
126020.00000 0.024127
126030.00000 0.024893
126040.00000 0.025676
126050.00000 0.026479
126060.00000 0.027306
126070.00000 0.028159
126080.00000 0.029042
126090.00000 0.029959
126100.00000 0.030913
126110.00000 0.031903
126120.00000 0.032919
126130.00000 0.033963
126140.00000 0.03504
126150.00000 0.036153
126160.00000 0.037306
126170.00000 0.038504
126180.00000 0.039749
126190.00000 0.04104
126200.00000 0.042364
126210.00000 0.043724
126220.00000 0.045128
126230.00000 0.04658
126240.00000 0.048086
126250.00000 0.049653
126260.00000 0.051286
126270.00000 0.052981
126280.00000 0.054722
126290.00000 0.056514
126300.00000 0.058365
126310.00000 0.060281
126320.00000 0.062269
126330.00000 0.064337
126340.00000 0.06649
126350.00000 0.068726
126360.00000 0.071023
126370.00000 0.073389
126380.00000 0.075832
126390.00000 0.07836
126400.00000 0.080981
126410.00000 0.083704
126420.00000 0.086535
126430.00000 0.089472
126440.00000 0.092495
126450.00000 0.095609
126460.00000 0.098821
126470.00000 0.102138
126480.00000 0.105567
126490.00000 0.109115
126500.00000 0.112789
126510.00000 0.116587
126520.00000 0.120493
126530.00000 0.124512
126540.00000 0.128646
126550.00000 0.132901
126560.00000 0.13728
126570.00000 0.141786
126580.00000 0.146425
126590.00000 0.151198
126600.00000 0.1561
126610.00000 0.16113
126620.00000 0.166286
126630.00000 0.171565
126640.00000 0.176967
126650.00000 0.182488
126660.00000 0.188127
126670.00000 0.19389
126680.00000 0.19979
126690.00000 0.205818
126700.00000 0.211966
126710.00000 0.218225
126720.00000 0.224585
126730.00000 0.231038
126740.00000 0.237575
126750.00000 0.244205
126760.00000 0.250961
126770.00000 0.25783
126780.00000 0.264795
126790.00000 0.271837
126800.00000 0.278941
126810.00000 0.286088
126820.00000 0.293263
126830.00000 0.300473
126840.00000 0.307774
126850.00000 0.315149
126860.00000 0.322574
126870.00000 0.330025
126880.00000 0.33748
126890.00000 0.344916
126900.00000 0.352308
126910.00000 0.359663
126920.00000 0.367049
126930.00000 0.374451
126940.00000 0.381841
126950.00000 0.389195
126960.00000 0.396487
126970.00000 0.40369
126980.00000 0.410779
126990.00000 0.417751
127000.00000 0.424677
127010.00000 0.431547
127020.00000 0.438338
127030.00000 0.445028
127040.00000 0.451595
127050.00000 0.458018
127060.00000 0.464274
127070.00000 0.470355
127080.00000 0.476315
127090.00000 0.48215
127100.00000 0.487847
127110.00000 0.493394
127120.00000 0.498778
127130.00000 0.503984
127140.00000 0.509001
127150.00000 0.513819
127160.00000 0.518461
127170.00000 0.52293
127180.00000 0.527225
127190.00000 0.531345
127200.00000 0.535286
127210.00000 0.539049
127220.00000 0.54263
127230.00000 0.546028
127240.00000 0.549233
127250.00000 0.552249
127260.00000 0.555085
127270.00000 0.557746
127280.00000 0.56024
127290.00000 0.562575
127300.00000 0.564757
127310.00000 0.566792
127320.00000 0.568651
127330.00000 0.570332
127340.00000 0.571848
127350.00000 0.573213
127360.00000 0.574438
127370.00000 0.575539
127380.00000 0.576527
127390.00000 0.577414
127400.00000 0.57817
127410.00000 0.578781
127420.00000 0.579261
127430.00000 0.579623
127440.00000 0.579882
127450.00000 0.580051
127460.00000 0.580144
127470.00000 0.580174
127480.00000 0.580116
127490.00000 0.579949
127500.00000 0.579687
127510.00000 0.579343
127520.00000 0.57893
127530.00000 0.578463
127540.00000 0.577955
127550.00000 0.577419
127560.00000 0.576844
127570.00000 0.576203
127580.00000 0.575504
127590.00000 0.574759
127600.00000 0.573975
127610.00000 0.573163
127620.00000 0.572331
127630.00000 0.571489
127640.00000 0.570633
127650.00000 0.569739
127660.00000 0.568814
127670.00000 0.567865
127680.00000 0.566901
127690.00000 0.565929
127700.00000 0.564958
127710.00000 0.563995
127720.00000 0.563042
127730.00000 0.562084
127740.00000 0.561121
127750.00000 0.560155
127760.00000 0.55919
127770.00000 0.558227
127780.00000 0.557269
127790.00000 0.556319
127800.00000 0.555378
127810.00000 0.55444
127820.00000 0.553504
127830.00000 0.552572
127840.00000 0.551647
127850.00000 0.550729
127860.00000 0.549821
127870.00000 0.548924
127880.00000 0.548041
127890.00000 0.547172
127900.00000 0.546316
127910.00000 0.54547
127920.00000 0.544633
127930.00000 0.543802
127940.00000 0.542976
127950.00000 0.542152
127960.00000 0.541329
127970.00000 0.540509
127980.00000 0.539694
127990.00000 0.538885
128000.00000 0.538079
128010.00000 0.537276
128020.00000 0.536476
128030.00000 0.535677
128040.00000 0.534879
128050.00000 0.534084
128060.00000 0.533296
128070.00000 0.532511
128080.00000 0.531728
128090.00000 0.530945
128100.00000 0.530158
128110.00000 0.529366
128120.00000 0.528566
128130.00000 0.527758
128140.00000 0.526946
128150.00000 0.526132
128160.00000 0.525313
128170.00000 0.524488
128180.00000 0.523658
128190.00000 0.522821
128200.00000 0.521976
128210.00000 0.521125
128220.00000 0.52027
128230.00000 0.519412
128240.00000 0.518548
128250.00000 0.517676
128260.00000 0.516793
128270.00000 0.515898
128280.00000 0.514987
128290.00000 0.514059
128300.00000 0.513122
128310.00000 0.512174
128320.00000 0.511216
128330.00000 0.510243
128340.00000 0.509254
128350.00000 0.508246
128360.00000 0.507217
128370.00000 0.506165
128380.00000 0.505096
128390.00000 0.504015
128400.00000 0.502918
128410.00000 0.501801
128420.00000 0.500659
128430.00000 0.499487
128440.00000 0.498281
128450.00000 0.497037
128460.00000 0.495757
128470.00000 0.494455
128480.00000 0.493127
128490.00000 0.491766
128500.00000 0.490369
128510.00000 0.48893
128520.00000 0.487444
128530.00000 0.485905
128540.00000 0.484314
128550.00000 0.482687
128560.00000 0.481021
128570.00000 0.479311
128580.00000 0.477551
128590.00000 0.475735
128600.00000 0.473858
128610.00000 0.471912
128620.00000 0.469894
128630.00000 0.467818
128640.00000 0.465687
128650.00000 0.463496
128660.00000 0.461242
128670.00000 0.45892
128680.00000 0.456524
128690.00000 0.45405
128700.00000 0.451495
128710.00000 0.448862
128720.00000 0.446158
128730.00000 0.443383
128740.00000 0.440532
128750.00000 0.437606
128760.00000 0.4346
128770.00000 0.431513
128780.00000 0.428344
128790.00000 0.425089
128800.00000 0.421751
128810.00000 0.41833
128820.00000 0.41483
128830.00000 0.411251
128840.00000 0.407598
128850.00000 0.403871
128860.00000 0.400073
128870.00000 0.396204
128880.00000 0.392252
128890.00000 0.388217
128900.00000 0.384106
128910.00000 0.379926
128920.00000 0.375683
128930.00000 0.371383
128940.00000 0.367033
128950.00000 0.362638
128960.00000 0.358181
128970.00000 0.353651
128980.00000 0.349059
128990.00000 0.344414
129000.00000 0.339727
129010.00000 0.335005
129020.00000 0.33026
129030.00000 0.3255
129040.00000 0.320719
129050.00000 0.315889
129060.00000 0.31102
129070.00000 0.306121
129080.00000 0.301203
129090.00000 0.296278
129100.00000 0.291354
129110.00000 0.286442
129120.00000 0.281547
129130.00000 0.276638
129140.00000 0.271717
129150.00000 0.266791
129160.00000 0.261872
129170.00000 0.256968
129180.00000 0.252088
129190.00000 0.247243
129200.00000 0.242441
129210.00000 0.237665
129220.00000 0.232902
129230.00000 0.22816
129240.00000 0.223446
129250.00000 0.218767
129260.00000 0.214131
129270.00000 0.209545
129280.00000 0.205016
129290.00000 0.200541
129300.00000 0.196104
129310.00000 0.191707
129320.00000 0.187356
129330.00000 0.183056
129340.00000 0.178811
129350.00000 0.174625
129360.00000 0.170505
129370.00000 0.166453
129380.00000 0.162458
129390.00000 0.158519
129400.00000 0.154637
129410.00000 0.150817
129420.00000 0.147059
129430.00000 0.143365
129440.00000 0.139739
129450.00000 0.136182
129460.00000 0.132694
129470.00000 0.129269
129480.00000 0.12591
129490.00000 0.122616
129500.00000 0.119388
129510.00000 0.116225
129520.00000 0.113127
129530.00000 0.110096
129540.00000 0.107131
129550.00000 0.104235
129560.00000 0.101406
129570.00000 0.098643
129580.00000 0.095944
129590.00000 0.093307
129600.00000 0.090731
129610.00000 0.088214
129620.00000 0.085755
129630.00000 0.083359
129640.00000 0.081028
129650.00000 0.078759
129660.00000 0.07655
129670.00000 0.074397
129680.00000 0.072299
129690.00000 0.070252
129700.00000 0.068255
129710.00000 0.066311
129720.00000 0.064426
129730.00000 0.062598
129740.00000 0.060823
129750.00000 0.059098
129760.00000 0.057419
129770.00000 0.055784
129780.00000 0.054189
129790.00000 0.052632
129800.00000 0.051123
129810.00000 0.049662
129820.00000 0.048246
129830.00000 0.046872
129840.00000 0.045538
129850.00000 0.044239
129860.00000 0.042974
129870.00000 0.04174
129880.00000 0.040541
129890.00000 0.039383
129900.00000 0.038263
129910.00000 0.037178
129920.00000 0.036125
129930.00000 0.035101
129940.00000 0.034104
129950.00000 0.033129
129960.00000 0.032177
129970.00000 0.031255
129980.00000 0.030363
129990.00000 0.029497
130000.00000 0.028658
130010.00000 0.027844
130020.00000 0.027052
130030.00000 0.02628
130040.00000 0.025529
130050.00000 0.0248
130060.00000 0.024097
130070.00000 0.023418
130080.00000 0.02276
130090.00000 0.022123
130100.00000 0.021504
130110.00000 0.020903
130120.00000 0.020317
130130.00000 0.019746
130140.00000 0.019194
130150.00000 0.018661
130160.00000 0.018145
130170.00000 0.017647
130180.00000 0.017165
130190.00000 0.016698
130200.00000 0.016246
130210.00000 0.015808
130220.00000 0.015387
130230.00000 0.014984
130240.00000 0.014597
130250.00000 0.014226
130260.00000 0.013867
130270.00000 0.013521
130280.00000 0.013186
130290.00000 0.012859
130300.00000 0.012542
130310.00000 0.012237
130320.00000 0.011945
130330.00000 0.011665
130340.00000 0.011395
130350.00000 0.011134
130360.00000 0.010883
130370.00000 0.010639
130380.00000 0.010402
130390.00000 0.010176
130400.00000 0.009959
130410.00000 0.009753
130420.00000 0.009555
130430.00000 0.009364
130440.00000 0.009179
130450.00000 0.009
130460.00000 0.008824
130470.00000 0.008653
130480.00000 0.008488
130490.00000 0.008329
130500.00000 0.008176
130510.00000 0.008028
130520.00000 0.007885
130530.00000 0.007747
130540.00000 0.007613
130550.00000 0.007482
130560.00000 0.007357
130570.00000 0.007237
130580.00000 0.007122
130590.00000 0.007012
130600.00000 0.006905
130610.00000 0.006801
130620.00000 0.006698
130630.00000 0.006598
130640.00000 0.006498
130650.00000 0.006402
130660.00000 0.00631
130670.00000 0.00622
130680.00000 0.006131
130690.00000 0.006044
130700.00000 0.005957
130710.00000 0.005871
130720.00000 0.005783
130730.00000 0.005696
130740.00000 0.005611
130750.00000 0.005527
130760.00000 0.005442
130770.00000 0.005358
130780.00000 0.005273
130790.00000 0.005186
130800.00000 0.005096
130810.00000 0.005004
130820.00000 0.004911
130830.00000 0.004815
130840.00000 0.004719
130850.00000 0.004621
130860.00000 0.004522
130870.00000 0.004422
130880.00000 0.00432
130890.00000 0.004217
130900.00000 0.004112
130910.00000 0.004005
144001.00000 0.0
