threeML/data/optical_filters/GTC/CanariCam-Si5.ecsv
# %ECSV 0.9
# ---
# datatype:
# - {name: wavelength, unit: Angstrom, datatype: float32}
# - {name: response, datatype: float32}
# meta: !!omap
# - {band_name: Si5}
# - {group_name: CanariCam}
wavelength response
[from data line 732]
112990.00000 0.871054
113000.00000 0.871238
113010.00000 0.871414
113020.00000 0.871582
113030.00000 0.871744
113040.00000 0.871899
113050.00000 0.872048
113060.00000 0.872192
113070.00000 0.87233
113080.00000 0.872463
113090.00000 0.872592
113100.00000 0.872717
113110.00000 0.872838
113120.00000 0.872956
113130.00000 0.87307
113140.00000 0.873175
113150.00000 0.873272
113160.00000 0.873361
113170.00000 0.873442
113180.00000 0.873516
113190.00000 0.873584
113200.00000 0.873644
113210.00000 0.873698
113220.00000 0.873746
113230.00000 0.873788
113240.00000 0.873825
113250.00000 0.873856
113260.00000 0.873883
113270.00000 0.873904
113280.00000 0.873922
113290.00000 0.873936
113300.00000 0.873945
113310.00000 0.873952
113320.00000 0.873955
113330.00000 0.873956
113340.00000 0.873954
113350.00000 0.873949
113360.00000 0.873943
113370.00000 0.873935
113380.00000 0.873926
113390.00000 0.873914
113400.00000 0.873897
113410.00000 0.873876
113420.00000 0.873852
113430.00000 0.873823
113440.00000 0.87379
113450.00000 0.873754
113460.00000 0.873714
113470.00000 0.87367
113480.00000 0.873622
113490.00000 0.873571
113500.00000 0.873517
113510.00000 0.87346
113520.00000 0.873399
113530.00000 0.873335
113540.00000 0.873268
113550.00000 0.873199
113560.00000 0.873126
113570.00000 0.873051
113580.00000 0.872973
113590.00000 0.872892
113600.00000 0.872809
113610.00000 0.872723
113620.00000 0.872635
113630.00000 0.872545
113640.00000 0.872453
113650.00000 0.87236
113660.00000 0.872266
113670.00000 0.872171
113680.00000 0.872075
113690.00000 0.871977
113700.00000 0.871877
113710.00000 0.871775
113720.00000 0.871671
113730.00000 0.871564
113740.00000 0.871454
113750.00000 0.871341
113760.00000 0.871223
113770.00000 0.871102
113780.00000 0.870977
113790.00000 0.870848
113800.00000 0.870713
113810.00000 0.870574
113820.00000 0.870429
113830.00000 0.870279
113840.00000 0.870123
113850.00000 0.86996
113860.00000 0.869791
113870.00000 0.869615
113880.00000 0.869433
113890.00000 0.869243
113900.00000 0.869046
113910.00000 0.868847
113920.00000 0.868647
113930.00000 0.868445
113940.00000 0.868241
113950.00000 0.868034
113960.00000 0.867823
113970.00000 0.867608
113980.00000 0.867388
113990.00000 0.867164
114000.00000 0.866933
114010.00000 0.866697
114020.00000 0.866453
114030.00000 0.866202
114040.00000 0.865944
114050.00000 0.865677
114060.00000 0.865401
114070.00000 0.865116
114080.00000 0.86482
114090.00000 0.864515
114100.00000 0.864198
114110.00000 0.863869
114120.00000 0.863529
114130.00000 0.863175
114140.00000 0.862809
114150.00000 0.862429
114160.00000 0.862035
114170.00000 0.861631
114180.00000 0.861219
114190.00000 0.860797
114200.00000 0.860366
114210.00000 0.859926
114220.00000 0.859476
114230.00000 0.859016
114240.00000 0.858547
114250.00000 0.858068
114260.00000 0.85758
114270.00000 0.857081
114280.00000 0.856572
114290.00000 0.856053
114300.00000 0.855523
114310.00000 0.854984
114320.00000 0.854433
114330.00000 0.853872
114340.00000 0.853301
114350.00000 0.852718
114360.00000 0.852125
114370.00000 0.85152
114380.00000 0.850905
114390.00000 0.850278
114400.00000 0.84964
114410.00000 0.84899
114420.00000 0.848329
114430.00000 0.847649
114440.00000 0.84695
114450.00000 0.846234
114460.00000 0.845502
114470.00000 0.844753
114480.00000 0.84399
114490.00000 0.843215
114500.00000 0.842426
114510.00000 0.841627
114520.00000 0.840819
114530.00000 0.840001
114540.00000 0.839175
114550.00000 0.838343
114560.00000 0.837506
114570.00000 0.836663
114580.00000 0.835818
114590.00000 0.834971
114600.00000 0.834122
114610.00000 0.833274
114620.00000 0.832427
114630.00000 0.831582
114640.00000 0.83074
114650.00000 0.829902
114660.00000 0.82907
114670.00000 0.828245
114680.00000 0.827428
114690.00000 0.826604
114700.00000 0.825766
114710.00000 0.824917
114720.00000 0.824056
114730.00000 0.823187
114740.00000 0.822311
114750.00000 0.821429
114760.00000 0.820544
114770.00000 0.819656
114780.00000 0.818769
114790.00000 0.817882
114800.00000 0.816998
114810.00000 0.81612
114820.00000 0.815248
114830.00000 0.814383
114840.00000 0.813529
114850.00000 0.812686
114860.00000 0.811856
114870.00000 0.811041
114880.00000 0.810242
114890.00000 0.809462
114900.00000 0.808701
114910.00000 0.807962
114920.00000 0.807246
114930.00000 0.806556
114940.00000 0.805891
114950.00000 0.805249
114960.00000 0.804618
114970.00000 0.803996
114980.00000 0.803385
114990.00000 0.802786
115000.00000 0.802198
115010.00000 0.801622
115020.00000 0.801059
115030.00000 0.800509
115040.00000 0.799972
115050.00000 0.79945
115060.00000 0.798943
115070.00000 0.798451
115080.00000 0.797975
115090.00000 0.797515
115100.00000 0.797072
115110.00000 0.796646
115120.00000 0.796239
115130.00000 0.795849
115140.00000 0.795478
115150.00000 0.795127
115160.00000 0.794795
115170.00000 0.794484
115180.00000 0.794194
115190.00000 0.793925
115200.00000 0.793678
115210.00000 0.793454
115220.00000 0.793253
115230.00000 0.793074
115240.00000 0.792918
115250.00000 0.792784
115260.00000 0.79267
115270.00000 0.792577
115280.00000 0.792504
115290.00000 0.79245
115300.00000 0.792414
115310.00000 0.792396
115320.00000 0.792396
115330.00000 0.792412
115340.00000 0.792444
115350.00000 0.792491
115360.00000 0.792553
115370.00000 0.792629
115380.00000 0.792719
115390.00000 0.792821
115400.00000 0.792936
115410.00000 0.793062
115420.00000 0.7932
115430.00000 0.793347
115440.00000 0.793505
115450.00000 0.793671
115460.00000 0.793846
115470.00000 0.794029
115480.00000 0.794221
115490.00000 0.794429
115500.00000 0.794652
115510.00000 0.79489
115520.00000 0.795142
115530.00000 0.795409
115540.00000 0.79569
115550.00000 0.795984
115560.00000 0.796291
115570.00000 0.79661
115580.00000 0.796942
115590.00000 0.797286
115600.00000 0.79764
115610.00000 0.798006
115620.00000 0.798382
115630.00000 0.798768
115640.00000 0.799164
115650.00000 0.799569
115660.00000 0.799983
115670.00000 0.800405
115680.00000 0.800835
115690.00000 0.801273
115700.00000 0.801718
115710.00000 0.80217
115720.00000 0.802628
115730.00000 0.803092
115740.00000 0.803562
115750.00000 0.80404
115760.00000 0.80453
115770.00000 0.805032
115780.00000 0.805546
115790.00000 0.806071
115800.00000 0.806607
115810.00000 0.807152
115820.00000 0.807707
115830.00000 0.808272
115840.00000 0.808845
115850.00000 0.809426
115860.00000 0.810015
115870.00000 0.810611
115880.00000 0.811214
115890.00000 0.811824
115900.00000 0.812439
115910.00000 0.81306
115920.00000 0.813685
115930.00000 0.814316
115940.00000 0.81495
115950.00000 0.815588
115960.00000 0.816229
115970.00000 0.816872
115980.00000 0.817518
115990.00000 0.818166
116000.00000 0.818815
116010.00000 0.819465
116020.00000 0.820122
116030.00000 0.820793
116040.00000 0.821475
116050.00000 0.822167
116060.00000 0.822869
116070.00000 0.823579
116080.00000 0.824297
116090.00000 0.825022
116100.00000 0.825752
116110.00000 0.826486
116120.00000 0.827223
116130.00000 0.827963
116140.00000 0.828705
116150.00000 0.829446
116160.00000 0.830187
116170.00000 0.830926
116180.00000 0.831662
116190.00000 0.832394
116200.00000 0.833122
116210.00000 0.833844
116220.00000 0.834559
116230.00000 0.835266
116240.00000 0.835964
116250.00000 0.836652
116260.00000 0.837329
116270.00000 0.837995
116280.00000 0.838647
116290.00000 0.839295
116300.00000 0.839945
116310.00000 0.840595
116320.00000 0.841245
116330.00000 0.841894
116340.00000 0.842541
116350.00000 0.843186
116360.00000 0.843827
116370.00000 0.844465
116380.00000 0.845097
116390.00000 0.845725
116400.00000 0.846346
116410.00000 0.84696
116420.00000 0.847566
116430.00000 0.848164
116440.00000 0.848753
116450.00000 0.849331
116460.00000 0.849899
116470.00000 0.850456
116480.00000 0.851
116490.00000 0.851531
116500.00000 0.852048
116510.00000 0.852551
116520.00000 0.853038
116530.00000 0.85351
116540.00000 0.853965
116550.00000 0.854402
116560.00000 0.854824
116570.00000 0.855233
116580.00000 0.855631
116590.00000 0.856015
116600.00000 0.856388
116610.00000 0.856749
116620.00000 0.857097
116630.00000 0.857435
116640.00000 0.85776
116650.00000 0.858075
116660.00000 0.858378
116670.00000 0.858669
116680.00000 0.85895
116690.00000 0.859221
116700.00000 0.85948
116710.00000 0.859729
116720.00000 0.859968
116730.00000 0.860197
116740.00000 0.860415
116750.00000 0.860624
116760.00000 0.860822
116770.00000 0.861012
116780.00000 0.861191
116790.00000 0.861362
116800.00000 0.861523
116810.00000 0.861675
116820.00000 0.861818
116830.00000 0.86195
116840.00000 0.862068
116850.00000 0.86217
116860.00000 0.862259
116870.00000 0.862334
116880.00000 0.862397
116890.00000 0.862447
116900.00000 0.862485
116910.00000 0.862514
116920.00000 0.862531
116930.00000 0.86254
116940.00000 0.862539
116950.00000 0.86253
116960.00000 0.862514
116970.00000 0.86249
116980.00000 0.862461
116990.00000 0.862426
117000.00000 0.862385
117010.00000 0.862341
117020.00000 0.862292
117030.00000 0.862241
117040.00000 0.862187
117050.00000 0.862131
117060.00000 0.862074
117070.00000 0.862017
117080.00000 0.861959
117090.00000 0.861903
117100.00000 0.861847
117110.00000 0.861785
117120.00000 0.861718
117130.00000 0.861644
117140.00000 0.861565
117150.00000 0.86148
117160.00000 0.861389
117170.00000 0.861294
117180.00000 0.861195
117190.00000 0.861091
117200.00000 0.860983
117210.00000 0.860871
117220.00000 0.860756
117230.00000 0.860638
117240.00000 0.860518
117250.00000 0.860395
117260.00000 0.860269
117270.00000 0.860142
117280.00000 0.860014
117290.00000 0.859884
117300.00000 0.859753
117310.00000 0.859622
117320.00000 0.859491
117330.00000 0.859359
117340.00000 0.859228
117350.00000 0.859098
117360.00000 0.858968
117370.00000 0.85884
117380.00000 0.858713
117390.00000 0.858589
117400.00000 0.858466
117410.00000 0.858344
117420.00000 0.858224
117430.00000 0.858103
117440.00000 0.857983
117450.00000 0.857862
117460.00000 0.857741
117470.00000 0.857619
117480.00000 0.857495
117490.00000 0.857369
117500.00000 0.857241
117510.00000 0.857111
117520.00000 0.856977
117530.00000 0.85684
117540.00000 0.856699
117550.00000 0.856553
117560.00000 0.856403
117570.00000 0.856249
117580.00000 0.856088
117590.00000 0.855922
117600.00000 0.85575
117610.00000 0.855571
117620.00000 0.855386
117630.00000 0.855193
117640.00000 0.854992
117650.00000 0.854784
117660.00000 0.854574
117670.00000 0.854367
117680.00000 0.854159
117690.00000 0.853951
117700.00000 0.853742
117710.00000 0.853531
117720.00000 0.853318
117730.00000 0.853101
117740.00000 0.85288
117750.00000 0.852655
117760.00000 0.852424
117770.00000 0.852186
117780.00000 0.851942
117790.00000 0.851689
117800.00000 0.851429
117810.00000 0.851159
117820.00000 0.850879
117830.00000 0.850588
117840.00000 0.850286
117850.00000 0.849972
117860.00000 0.849645
117870.00000 0.849304
117880.00000 0.848949
117890.00000 0.848579
117900.00000 0.848193
117910.00000 0.84779
117920.00000 0.84737
117930.00000 0.846935
117940.00000 0.846493
117950.00000 0.846046
117960.00000 0.845593
117970.00000 0.845132
117980.00000 0.844665
117990.00000 0.844188
118000.00000 0.843703
118010.00000 0.843207
118020.00000 0.8427
118030.00000 0.842181
118040.00000 0.841651
118050.00000 0.841107
118060.00000 0.840548
118070.00000 0.839975
118080.00000 0.839387
118090.00000 0.838782
118100.00000 0.83816
118110.00000 0.83752
118120.00000 0.836861
118130.00000 0.836183
118140.00000 0.835484
118150.00000 0.834764
118160.00000 0.834023
118170.00000 0.833259
118180.00000 0.832471
118190.00000 0.831659
118200.00000 0.830823
118210.00000 0.829963
118220.00000 0.829088
118230.00000 0.828199
118240.00000 0.827294
118250.00000 0.826373
118260.00000 0.825435
118270.00000 0.824482
118280.00000 0.82351
118290.00000 0.822521
118300.00000 0.821514
118310.00000 0.820488
118320.00000 0.819443
118330.00000 0.818378
118340.00000 0.817293
118350.00000 0.816187
118360.00000 0.81506
118370.00000 0.813911
118380.00000 0.812741
118390.00000 0.811548
118400.00000 0.810331
118410.00000 0.809091
118420.00000 0.807828
118430.00000 0.806539
118440.00000 0.805226
118450.00000 0.803888
118460.00000 0.802523
118470.00000 0.801132
118480.00000 0.799714
118490.00000 0.798269
118500.00000 0.796797
118510.00000 0.795298
118520.00000 0.793772
118530.00000 0.792221
118540.00000 0.790645
118550.00000 0.789044
118560.00000 0.787419
118570.00000 0.78577
118580.00000 0.784097
118590.00000 0.782403
118600.00000 0.780686
118610.00000 0.778947
118620.00000 0.777187
118630.00000 0.775407
118640.00000 0.773606
118650.00000 0.771786
118660.00000 0.769947
118670.00000 0.768089
118680.00000 0.766213
118690.00000 0.76432
118700.00000 0.762409
118710.00000 0.760482
118720.00000 0.758539
118730.00000 0.756581
118740.00000 0.754607
118750.00000 0.752619
118760.00000 0.750617
118770.00000 0.748599
118780.00000 0.746556
118790.00000 0.744488
118800.00000 0.742395
118810.00000 0.740279
118820.00000 0.73814
118830.00000 0.735979
118840.00000 0.733798
118850.00000 0.731597
118860.00000 0.729377
118870.00000 0.727139
118880.00000 0.724885
118890.00000 0.722615
118900.00000 0.72033
118910.00000 0.718031
118920.00000 0.715719
118930.00000 0.713395
118940.00000 0.711061
118950.00000 0.708716
118960.00000 0.706363
118970.00000 0.704001
118980.00000 0.701632
118990.00000 0.699257
119000.00000 0.696878
119010.00000 0.694493
119020.00000 0.692106
119030.00000 0.689717
119040.00000 0.687326
119050.00000 0.684934
119060.00000 0.682536
119070.00000 0.680129
119080.00000 0.677712
119090.00000 0.675287
119100.00000 0.672852
119110.00000 0.670408
119120.00000 0.667956
119130.00000 0.665494
119140.00000 0.663024
119150.00000 0.660546
119160.00000 0.658059
119170.00000 0.655563
119180.00000 0.653059
119190.00000 0.650546
119200.00000 0.648026
119210.00000 0.645497
119220.00000 0.64296
119230.00000 0.640415
119240.00000 0.637863
119250.00000 0.635302
119260.00000 0.632734
119270.00000 0.630158
119280.00000 0.627574
119290.00000 0.624983
119300.00000 0.622385
119310.00000 0.619779
119320.00000 0.617166
119330.00000 0.614546
119340.00000 0.611919
119350.00000 0.609285
119360.00000 0.606645
119370.00000 0.603999
119380.00000 0.601345
119390.00000 0.598685
119400.00000 0.596017
119410.00000 0.593342
119420.00000 0.59066
119430.00000 0.58797
119440.00000 0.585272
119450.00000 0.582566
119460.00000 0.579852
119470.00000 0.57713
119480.00000 0.574399
119490.00000 0.57166
119500.00000 0.568911
119510.00000 0.566154
119520.00000 0.563388
119530.00000 0.560612
119540.00000 0.557827
119550.00000 0.555032
119560.00000 0.552227
119570.00000 0.549412
119580.00000 0.546587
119590.00000 0.543752
119600.00000 0.540906
119610.00000 0.53805
119620.00000 0.535183
119630.00000 0.5323
119640.00000 0.529401
119650.00000 0.526487
119660.00000 0.523559
119670.00000 0.520616
119680.00000 0.517661
119690.00000 0.514694
119700.00000 0.511716
119710.00000 0.508728
119720.00000 0.50573
119730.00000 0.502723
119740.00000 0.499708
119750.00000 0.496687
119760.00000 0.493659
119770.00000 0.490626
119780.00000 0.487589
119790.00000 0.484548
119800.00000 0.481504
119810.00000 0.478458
119820.00000 0.475411
119830.00000 0.472363
119840.00000 0.469316
119850.00000 0.46627
119860.00000 0.463227
119870.00000 0.460186
119880.00000 0.457149
119890.00000 0.454116
119900.00000 0.451089
119910.00000 0.448065
119920.00000 0.44503
119930.00000 0.441985
119940.00000 0.438931
119950.00000 0.435869
119960.00000 0.432799
119970.00000 0.429724
119980.00000 0.426643
119990.00000 0.42356
120000.00000 0.420473
120010.00000 0.417386
120020.00000 0.414298
120030.00000 0.411211
120040.00000 0.408127
120050.00000 0.405045
120060.00000 0.401968
120070.00000 0.398896
120080.00000 0.395832
120090.00000 0.392774
120100.00000 0.389726
120110.00000 0.386688
120120.00000 0.383661
120130.00000 0.380647
120140.00000 0.377645
120150.00000 0.374659
120160.00000 0.371688
120170.00000 0.368734
120180.00000 0.365798
120190.00000 0.362881
120200.00000 0.359979
120210.00000 0.357082
120220.00000 0.35419
120230.00000 0.351304
120240.00000 0.348423
120250.00000 0.345549
120260.00000 0.342683
120270.00000 0.339824
120280.00000 0.336974
