threeML/data/optical_filters/GTC/CanariCam-Q4.ecsv
# %ECSV 0.9
# ---
# datatype:
# - {name: wavelength, unit: Angstrom, datatype: float32}
# - {name: response, datatype: float32}
# meta: !!omap
# - {band_name: Q4}
# - {group_name: CanariCam}
wavelength response
[from data line 732]
201100.00000 0.458837
201110.00000 0.458796
201120.00000 0.458756
201130.00000 0.458717
201140.00000 0.458679
201150.00000 0.458642
201160.00000 0.458607
201170.00000 0.458573
201180.00000 0.458542
201190.00000 0.458513
201200.00000 0.458487
201210.00000 0.458463
201220.00000 0.458441
201230.00000 0.458419
201240.00000 0.458397
201250.00000 0.458377
201260.00000 0.458358
201270.00000 0.45834
201280.00000 0.458323
201290.00000 0.458307
201300.00000 0.458293
201310.00000 0.458281
201320.00000 0.458271
201330.00000 0.458263
201340.00000 0.458257
201350.00000 0.458254
201360.00000 0.458253
201370.00000 0.458254
201380.00000 0.458258
201390.00000 0.458266
201400.00000 0.458276
201410.00000 0.458289
201420.00000 0.458306
201430.00000 0.458324
201440.00000 0.458344
201450.00000 0.458367
201460.00000 0.458391
201470.00000 0.458419
201480.00000 0.458448
201490.00000 0.45848
201500.00000 0.458514
201510.00000 0.458551
201520.00000 0.45859
201530.00000 0.458631
201540.00000 0.458676
201550.00000 0.458723
201560.00000 0.458772
201570.00000 0.458824
201580.00000 0.45888
201590.00000 0.458937
201600.00000 0.458998
201610.00000 0.459062
201620.00000 0.459128
201630.00000 0.459197
201640.00000 0.459267
201650.00000 0.459341
201660.00000 0.459416
201670.00000 0.459494
201680.00000 0.459575
201690.00000 0.459658
201700.00000 0.459744
201710.00000 0.459833
201720.00000 0.459925
201730.00000 0.460019
201740.00000 0.460117
201750.00000 0.460218
201760.00000 0.460321
201770.00000 0.460428
201780.00000 0.460538
201790.00000 0.460652
201800.00000 0.460769
201810.00000 0.460889
201820.00000 0.461013
201830.00000 0.461141
201840.00000 0.461271
201850.00000 0.461404
201860.00000 0.46154
201870.00000 0.461679
201880.00000 0.461821
201890.00000 0.461967
201900.00000 0.462115
201910.00000 0.462267
201920.00000 0.462422
201930.00000 0.46258
201940.00000 0.462741
201950.00000 0.462905
201960.00000 0.463073
201970.00000 0.463244
201980.00000 0.463418
201990.00000 0.463595
202000.00000 0.463776
202010.00000 0.46396
202020.00000 0.464147
202030.00000 0.464338
202040.00000 0.464532
202050.00000 0.464731
202060.00000 0.464933
202070.00000 0.465138
202080.00000 0.465348
202090.00000 0.46556
202100.00000 0.465775
202110.00000 0.465994
202120.00000 0.466216
202130.00000 0.46644
202140.00000 0.466667
202150.00000 0.466897
202160.00000 0.467129
202170.00000 0.467364
202180.00000 0.467601
202190.00000 0.46784
202200.00000 0.468081
202210.00000 0.468324
202220.00000 0.468569
202230.00000 0.468816
202240.00000 0.469067
202250.00000 0.46932
202260.00000 0.469577
202270.00000 0.469836
202280.00000 0.470098
202290.00000 0.470363
202300.00000 0.47063
202310.00000 0.4709
202320.00000 0.471171
202330.00000 0.471445
202340.00000 0.471721
202350.00000 0.471998
202360.00000 0.472277
202370.00000 0.472558
202380.00000 0.47284
202390.00000 0.473123
202400.00000 0.473407
202410.00000 0.473692
202420.00000 0.473978
202430.00000 0.474264
202440.00000 0.474551
202450.00000 0.47484
202460.00000 0.47513
202470.00000 0.475421
202480.00000 0.475714
202490.00000 0.476008
202500.00000 0.476304
202510.00000 0.476601
202520.00000 0.4769
202530.00000 0.4772
202540.00000 0.477501
202550.00000 0.477805
202560.00000 0.478109
202570.00000 0.478415
202580.00000 0.478723
202590.00000 0.479033
202600.00000 0.479344
202610.00000 0.479656
202620.00000 0.479971
202630.00000 0.480287
202640.00000 0.480604
202650.00000 0.480922
202660.00000 0.481241
202670.00000 0.481561
202680.00000 0.481882
202690.00000 0.482205
202700.00000 0.482529
202710.00000 0.482854
202720.00000 0.483181
202730.00000 0.483509
202740.00000 0.48384
202750.00000 0.484173
202760.00000 0.484508
202770.00000 0.484845
202780.00000 0.485185
202790.00000 0.485528
202800.00000 0.485874
202810.00000 0.486222
202820.00000 0.486574
202830.00000 0.486929
202840.00000 0.487287
202850.00000 0.487649
202860.00000 0.488012
202870.00000 0.488378
202880.00000 0.488745
202890.00000 0.489115
202900.00000 0.489488
202910.00000 0.489863
202920.00000 0.490241
202930.00000 0.490621
202940.00000 0.491004
202950.00000 0.49139
202960.00000 0.491779
202970.00000 0.49217
202980.00000 0.492565
202990.00000 0.492963
203000.00000 0.493364
203010.00000 0.493768
203020.00000 0.494175
203030.00000 0.494586
203040.00000 0.495001
203050.00000 0.495419
203060.00000 0.495841
203070.00000 0.496267
203080.00000 0.496697
203090.00000 0.49713
203100.00000 0.497567
203110.00000 0.498008
203120.00000 0.498451
203130.00000 0.498898
203140.00000 0.499347
203150.00000 0.499799
203160.00000 0.500253
203170.00000 0.50071
203180.00000 0.501169
203190.00000 0.501629
203200.00000 0.502092
203210.00000 0.502556
203220.00000 0.503021
203230.00000 0.503488
203240.00000 0.503956
203250.00000 0.504424
203260.00000 0.504895
203270.00000 0.50537
203280.00000 0.505848
203290.00000 0.50633
203300.00000 0.506815
203310.00000 0.507303
203320.00000 0.507793
203330.00000 0.508284
203340.00000 0.508778
203350.00000 0.509272
203360.00000 0.509768
203370.00000 0.510263
203380.00000 0.510759
203390.00000 0.511254
203400.00000 0.511749
203410.00000 0.512242
203420.00000 0.512734
203430.00000 0.513225
203440.00000 0.513713
203450.00000 0.514198
203460.00000 0.51468
203470.00000 0.515162
203480.00000 0.515645
203490.00000 0.516129
203500.00000 0.516613
203510.00000 0.517097
203520.00000 0.517581
203530.00000 0.518065
203540.00000 0.518548
203550.00000 0.519029
203560.00000 0.519509
203570.00000 0.519988
203580.00000 0.520465
203590.00000 0.520939
203600.00000 0.521411
203610.00000 0.52188
203620.00000 0.522345
203630.00000 0.522807
203640.00000 0.523266
203650.00000 0.52372
203660.00000 0.52417
203670.00000 0.524616
203680.00000 0.525059
203690.00000 0.5255
203700.00000 0.525938
203710.00000 0.526373
203720.00000 0.526807
203730.00000 0.527237
203740.00000 0.527665
203750.00000 0.52809
203760.00000 0.528512
203770.00000 0.528931
203780.00000 0.529347
203790.00000 0.52976
203800.00000 0.53017
203810.00000 0.530576
203820.00000 0.530979
203830.00000 0.531378
203840.00000 0.531775
203850.00000 0.532167
203860.00000 0.532555
203870.00000 0.53294
203880.00000 0.533321
203890.00000 0.533698
203900.00000 0.534071
203910.00000 0.53444
203920.00000 0.534805
203930.00000 0.535167
203940.00000 0.535525
203950.00000 0.53588
203960.00000 0.536232
203970.00000 0.536581
203980.00000 0.536926
203990.00000 0.537269
204000.00000 0.537609
204010.00000 0.537946
204020.00000 0.53828
204030.00000 0.538612
204040.00000 0.538941
204050.00000 0.539269
204060.00000 0.539594
204070.00000 0.539916
204080.00000 0.540237
204090.00000 0.540556
204100.00000 0.540872
204110.00000 0.541185
204120.00000 0.541495
204130.00000 0.541802
204140.00000 0.542107
204150.00000 0.542409
204160.00000 0.542708
204170.00000 0.543005
204180.00000 0.5433
204190.00000 0.543592
204200.00000 0.543881
204210.00000 0.544169
204220.00000 0.544453
204230.00000 0.544736
204240.00000 0.545016
204250.00000 0.545294
204260.00000 0.54557
204270.00000 0.545844
204280.00000 0.546116
204290.00000 0.546386
204300.00000 0.546653
204310.00000 0.546918
204320.00000 0.547181
204330.00000 0.547442
204340.00000 0.5477
204350.00000 0.547957
204360.00000 0.54821
204370.00000 0.548462
204380.00000 0.548711
204390.00000 0.548958
204400.00000 0.549203
204410.00000 0.549445
204420.00000 0.549686
204430.00000 0.549924
204440.00000 0.550159
204450.00000 0.550393
204460.00000 0.550624
204470.00000 0.550853
204480.00000 0.55108
204490.00000 0.551305
204500.00000 0.551527
204510.00000 0.551748
204520.00000 0.551967
204530.00000 0.552184
204540.00000 0.552399
204550.00000 0.552612
204560.00000 0.552824
204570.00000 0.553033
204580.00000 0.55324
204590.00000 0.553444
204600.00000 0.553647
204610.00000 0.553846
204620.00000 0.554043
204630.00000 0.554237
204640.00000 0.554429
204650.00000 0.554617
204660.00000 0.554803
204670.00000 0.554986
204680.00000 0.555165
204690.00000 0.555341
204700.00000 0.555513
204710.00000 0.555682
204720.00000 0.555848
204730.00000 0.556011
204740.00000 0.556172
204750.00000 0.556329
204760.00000 0.556483
204770.00000 0.556634
204780.00000 0.556783
204790.00000 0.556928
204800.00000 0.557071
204810.00000 0.557211
204820.00000 0.557348
204830.00000 0.557482
204840.00000 0.557613
204850.00000 0.557742
204860.00000 0.557867
204870.00000 0.55799
204880.00000 0.55811
204890.00000 0.558228
204900.00000 0.558342
204910.00000 0.558454
204920.00000 0.558563
204930.00000 0.55867
204940.00000 0.558774
204950.00000 0.558876
204960.00000 0.558975
204970.00000 0.559071
204980.00000 0.559164
204990.00000 0.559255
205000.00000 0.559343
205010.00000 0.559428
205020.00000 0.55951
205030.00000 0.559589
205040.00000 0.559666
205050.00000 0.559739
205060.00000 0.559809
205070.00000 0.559876
205080.00000 0.55994
205090.00000 0.560001
205100.00000 0.560059
205110.00000 0.560113
205120.00000 0.560164
205130.00000 0.560212
205140.00000 0.560256
205150.00000 0.560296
205160.00000 0.560333
205170.00000 0.560367
205180.00000 0.560397
205190.00000 0.560424
205200.00000 0.560448
205210.00000 0.560469
205220.00000 0.560487
205230.00000 0.560502
205240.00000 0.560514
205250.00000 0.560524
205260.00000 0.560531
205270.00000 0.560535
205280.00000 0.560537
205290.00000 0.560536
205300.00000 0.560533
205310.00000 0.560528
205320.00000 0.560521
205330.00000 0.560512
205340.00000 0.5605
205350.00000 0.560487
205360.00000 0.560471
205370.00000 0.560452
205380.00000 0.560431
205390.00000 0.560408
205400.00000 0.560382
205410.00000 0.560354
205420.00000 0.560323
205430.00000 0.56029
205440.00000 0.560254
205450.00000 0.560216
205460.00000 0.560175
205470.00000 0.560132
205480.00000 0.560086
205490.00000 0.560038
205500.00000 0.559987
205510.00000 0.559934
205520.00000 0.559878
205530.00000 0.55982
205540.00000 0.559759
205550.00000 0.559696
205560.00000 0.55963
205570.00000 0.559561
205580.00000 0.55949
205590.00000 0.559415
205600.00000 0.559338
205610.00000 0.559259
205620.00000 0.559177
205630.00000 0.559092
205640.00000 0.559006
205650.00000 0.558916
205660.00000 0.558825
205670.00000 0.558731
205680.00000 0.558635
205690.00000 0.558536
205700.00000 0.558436
205710.00000 0.558334
205720.00000 0.558229
205730.00000 0.558123
205740.00000 0.558015
205750.00000 0.557904
205760.00000 0.557793
205770.00000 0.557679
205780.00000 0.557565
205790.00000 0.557449
205800.00000 0.557331
205810.00000 0.557212
205820.00000 0.557092
205830.00000 0.556969
205840.00000 0.556845
205850.00000 0.556718
205860.00000 0.556588
205870.00000 0.556457
205880.00000 0.556322
205890.00000 0.556185
205900.00000 0.556045
205910.00000 0.555902
205920.00000 0.555755
205930.00000 0.555605
205940.00000 0.555451
205950.00000 0.555294
205960.00000 0.555133
205970.00000 0.554968
205980.00000 0.554799
205990.00000 0.554628
206000.00000 0.554455
206010.00000 0.55428
206020.00000 0.554102
206030.00000 0.553922
206040.00000 0.553739
206050.00000 0.553552
206060.00000 0.553362
206070.00000 0.553169
206080.00000 0.552973
206090.00000 0.552772
206100.00000 0.552568
206110.00000 0.552359
206120.00000 0.552146
206130.00000 0.551928
206140.00000 0.551706
206150.00000 0.551479
206160.00000 0.551246
206170.00000 0.551009
206180.00000 0.550766
206190.00000 0.550517
206200.00000 0.550265
206210.00000 0.55001
206220.00000 0.549752
206230.00000 0.54949
206240.00000 0.549225
206250.00000 0.548955
206260.00000 0.548681
206270.00000 0.548402
206280.00000 0.548119
206290.00000 0.547831
206300.00000 0.547537
206310.00000 0.547238
206320.00000 0.546934
206330.00000 0.546624
206340.00000 0.546307
206350.00000 0.545984
206360.00000 0.545655
206370.00000 0.545319
206380.00000 0.544975
206390.00000 0.544625
206400.00000 0.544267
206410.00000 0.543902
206420.00000 0.543531
206430.00000 0.543155
206440.00000 0.542772
206450.00000 0.542383
206460.00000 0.541988
206470.00000 0.541587
206480.00000 0.541181
206490.00000 0.540768
206500.00000 0.540349
206510.00000 0.539924
206520.00000 0.539493
206530.00000 0.539056
206540.00000 0.538613
206550.00000 0.538164
206560.00000 0.537709
206570.00000 0.537248
206580.00000 0.536781
206590.00000 0.536309
206600.00000 0.53583
206610.00000 0.535345
206620.00000 0.534854
206630.00000 0.534357
206640.00000 0.533854
206650.00000 0.533345
206660.00000 0.53283
206670.00000 0.532309
206680.00000 0.531782
206690.00000 0.531249
206700.00000 0.53071
206710.00000 0.530165
206720.00000 0.529615
206730.00000 0.529058
206740.00000 0.528495
206750.00000 0.527927
206760.00000 0.527353
206770.00000 0.526773
206780.00000 0.526187
206790.00000 0.525595
206800.00000 0.524998
206810.00000 0.524395
206820.00000 0.523786
206830.00000 0.523172
206840.00000 0.522552
206850.00000 0.521928
206860.00000 0.521299
206870.00000 0.520664
206880.00000 0.520024
206890.00000 0.519378
206900.00000 0.518727
206910.00000 0.51807
206920.00000 0.517406
206930.00000 0.516737
206940.00000 0.516062
206950.00000 0.51538
206960.00000 0.514691
206970.00000 0.513996
206980.00000 0.513293
206990.00000 0.512584
207000.00000 0.511868
207010.00000 0.511144
207020.00000 0.510413
207030.00000 0.509674
207040.00000 0.508927
207050.00000 0.508175
207060.00000 0.507419
207070.00000 0.506657
207080.00000 0.505891
207090.00000 0.505119
207100.00000 0.504342
207110.00000 0.503558
207120.00000 0.502767
207130.00000 0.501969
207140.00000 0.501163
207150.00000 0.50035
207160.00000 0.499527
207170.00000 0.498696
207180.00000 0.497856
207190.00000 0.497006
207200.00000 0.496145
207210.00000 0.495274
207220.00000 0.494393
207230.00000 0.493499
207240.00000 0.492594
207250.00000 0.491677
207260.00000 0.490747
207270.00000 0.48981
207280.00000 0.488865
207290.00000 0.487912
207300.00000 0.486949
207310.00000 0.485979
207320.00000 0.484998
207330.00000 0.484008
207340.00000 0.483008
207350.00000 0.481998
207360.00000 0.480978
207370.00000 0.479946
207380.00000 0.478903
207390.00000 0.477848
207400.00000 0.476782
207410.00000 0.475703
207420.00000 0.474612
207430.00000 0.473507
207440.00000 0.47239
207450.00000 0.471259
207460.00000 0.470114
207470.00000 0.468954
207480.00000 0.467781
207490.00000 0.466596
207500.00000 0.465399
207510.00000 0.464189
207520.00000 0.462967
207530.00000 0.461732
207540.00000 0.460485
207550.00000 0.459227
207560.00000 0.457956
207570.00000 0.456673
207580.00000 0.455378
207590.00000 0.454072
207600.00000 0.452753
207610.00000 0.451423
207620.00000 0.450081
207630.00000 0.448727
207640.00000 0.447362
207650.00000 0.445986
207660.00000 0.444597
207670.00000 0.443198
207680.00000 0.441787
207690.00000 0.440365
207700.00000 0.438927
207710.00000 0.437476
207720.00000 0.436011
207730.00000 0.434532
207740.00000 0.433041
207750.00000 0.431537
207760.00000 0.430021
207770.00000 0.428494
207780.00000 0.426955
207790.00000 0.425407
207800.00000 0.423848
207810.00000 0.42228
207820.00000 0.420702
207830.00000 0.419117
207840.00000 0.417523
207850.00000 0.415921
207860.00000 0.414312
207870.00000 0.412697
207880.00000 0.411076
207890.00000 0.409449
207900.00000 0.407816
207910.00000 0.406175
207920.00000 0.404522
207930.00000 0.402858
207940.00000 0.401183
207950.00000 0.399498
207960.00000 0.397804
207970.00000 0.3961
207980.00000 0.394389
207990.00000 0.392669
208000.00000 0.390943
208010.00000 0.38921
208020.00000 0.387471
208030.00000 0.385727
208040.00000 0.383979
208050.00000 0.382226
208060.00000 0.380471
208070.00000 0.378712
208080.00000 0.376951
208090.00000 0.375189
208100.00000 0.373426
208110.00000 0.371663
208120.00000 0.369899
208130.00000 0.36813
208140.00000 0.366354
208150.00000 0.364572
208160.00000 0.362785
208170.00000 0.360992
208180.00000 0.359194
208190.00000 0.357393
208200.00000 0.355588
208210.00000 0.35378
208220.00000 0.351969
208230.00000 0.350156
208240.00000 0.348341
208250.00000 0.346526
208260.00000 0.344709
208270.00000 0.342893
208280.00000 0.341077
208290.00000 0.339262
208300.00000 0.337448
208310.00000 0.335636
208320.00000 0.333827
208330.00000 0.33202
208340.00000 0.330216
208350.00000 0.328409
208360.00000 0.326601
208370.00000 0.32479
208380.00000 0.322979
208390.00000 0.321166
