threeML/data/optical_filters/GTC/CanariCam-N.ecsv
# %ECSV 0.9
# ---
# datatype:
# - {name: wavelength, unit: Angstrom, datatype: float32}
# - {name: response, datatype: float32}
# meta: !!omap
# - {band_name: N}
# - {group_name: CanariCam}
wavelength response
[from data line 1533]
88580.00000 0.943601
88590.00000 0.94358
88600.00000 0.943553
88610.00000 0.943519
88620.00000 0.943475
88630.00000 0.943426
88640.00000 0.943367
88650.00000 0.943296
88660.00000 0.943212
88670.00000 0.943117
88680.00000 0.94301
88690.00000 0.942893
88700.00000 0.942764
88710.00000 0.942623
88720.00000 0.942472
88730.00000 0.942312
88740.00000 0.942144
88750.00000 0.941966
88760.00000 0.94178
88770.00000 0.941588
88780.00000 0.941391
88790.00000 0.941187
88800.00000 0.940976
88810.00000 0.940755
88820.00000 0.940524
88830.00000 0.940285
88840.00000 0.940035
88850.00000 0.939774
88860.00000 0.939502
88870.00000 0.939218
88880.00000 0.938924
88890.00000 0.938621
88900.00000 0.938307
88910.00000 0.937981
88920.00000 0.93765
88930.00000 0.937319
88940.00000 0.936984
88950.00000 0.936646
88960.00000 0.936308
88970.00000 0.935974
88980.00000 0.93564
88990.00000 0.935309
89000.00000 0.93498
89010.00000 0.934656
89020.00000 0.934336
89030.00000 0.93402
89040.00000 0.933708
89050.00000 0.933402
89060.00000 0.933097
89070.00000 0.932797
89080.00000 0.932507
89090.00000 0.932232
89100.00000 0.931968
89110.00000 0.931716
89120.00000 0.931479
89130.00000 0.931259
89140.00000 0.931062
89150.00000 0.93088
89160.00000 0.930705
89170.00000 0.930533
89180.00000 0.930379
89190.00000 0.930229
89200.00000 0.930061
89210.00000 0.929856
89220.00000 0.929636
89230.00000 0.92939
89240.00000 0.929094
89250.00000 0.92873
89260.00000 0.928308
89270.00000 0.927832
89280.00000 0.927296
89290.00000 0.926696
89300.00000 0.926021
89310.00000 0.925288
89320.00000 0.924521
89330.00000 0.923735
89340.00000 0.922904
89350.00000 0.922047
89360.00000 0.921196
89370.00000 0.920378
89380.00000 0.919567
89390.00000 0.918772
89400.00000 0.91801
89410.00000 0.917295
89420.00000 0.916623
89430.00000 0.915987
89440.00000 0.915379
89450.00000 0.914794
89460.00000 0.914246
89470.00000 0.913723
89480.00000 0.913204
89490.00000 0.912677
89500.00000 0.912155
89510.00000 0.911634
89520.00000 0.9111
89530.00000 0.910543
89540.00000 0.909968
89550.00000 0.909378
89560.00000 0.908773
89570.00000 0.908151
89580.00000 0.907509
89590.00000 0.906852
89600.00000 0.906187
89610.00000 0.90552
89620.00000 0.904842
89630.00000 0.904159
89640.00000 0.903477
89650.00000 0.902803
89660.00000 0.90213
89670.00000 0.901461
89680.00000 0.900801
89690.00000 0.900151
89700.00000 0.899512
89710.00000 0.898882
89720.00000 0.898261
89730.00000 0.89765
89740.00000 0.897051
89750.00000 0.896461
89760.00000 0.895877
89770.00000 0.895298
89780.00000 0.894726
89790.00000 0.894161
89800.00000 0.893596
89810.00000 0.893029
89820.00000 0.892462
89830.00000 0.891894
89840.00000 0.891325
89850.00000 0.890752
89860.00000 0.890175
89870.00000 0.889595
89880.00000 0.889015
89890.00000 0.888437
89900.00000 0.88786
89910.00000 0.887283
89920.00000 0.88671
89930.00000 0.886144
89940.00000 0.885585
89950.00000 0.885032
89960.00000 0.884484
89970.00000 0.883941
89980.00000 0.883406
89990.00000 0.882877
90000.00000 0.882348
90010.00000 0.881816
90020.00000 0.881281
90030.00000 0.880745
90040.00000 0.880205
90050.00000 0.879658
90060.00000 0.879102
90070.00000 0.878539
90080.00000 0.877973
90090.00000 0.877408
90100.00000 0.87684
90110.00000 0.876268
90120.00000 0.875702
90130.00000 0.875151
90140.00000 0.874615
90150.00000 0.874088
90160.00000 0.873577
90170.00000 0.873088
90180.00000 0.872624
90190.00000 0.872183
90200.00000 0.87176
90210.00000 0.871354
90220.00000 0.870967
90230.00000 0.870602
90240.00000 0.870249
90250.00000 0.869899
90260.00000 0.869548
90270.00000 0.869205
90280.00000 0.868863
90290.00000 0.868511
90300.00000 0.868146
90310.00000 0.867772
90320.00000 0.86739
90330.00000 0.866997
90340.00000 0.866591
90350.00000 0.866171
90360.00000 0.865741
90370.00000 0.865307
90380.00000 0.86487
90390.00000 0.864427
90400.00000 0.863981
90410.00000 0.863536
90420.00000 0.863097
90430.00000 0.862661
90440.00000 0.862228
90450.00000 0.861799
90460.00000 0.861375
90470.00000 0.860958
90480.00000 0.860546
90490.00000 0.860136
90500.00000 0.859726
90510.00000 0.859319
90520.00000 0.858914
90530.00000 0.858508
90540.00000 0.8581
90550.00000 0.857689
90560.00000 0.857277
90570.00000 0.856862
90580.00000 0.856444
90590.00000 0.856022
90600.00000 0.855597
90610.00000 0.85517
90620.00000 0.854743
90630.00000 0.854316
90640.00000 0.853887
90650.00000 0.85346
90660.00000 0.853038
90670.00000 0.852623
90680.00000 0.852211
90690.00000 0.851805
90700.00000 0.851409
90710.00000 0.851024
90720.00000 0.850648
90730.00000 0.850281
90740.00000 0.849925
90750.00000 0.849581
90760.00000 0.849247
90770.00000 0.848923
90780.00000 0.84861
90790.00000 0.848307
90800.00000 0.848013
90810.00000 0.84773
90820.00000 0.847458
90830.00000 0.847198
90840.00000 0.84695
90850.00000 0.846714
90860.00000 0.846491
90870.00000 0.846284
90880.00000 0.846091
90890.00000 0.845913
90900.00000 0.845748
90910.00000 0.845595
90920.00000 0.845457
90930.00000 0.845333
90940.00000 0.845217
90950.00000 0.845106
90960.00000 0.844999
90970.00000 0.8449
90980.00000 0.844802
90990.00000 0.844702
91000.00000 0.844596
91010.00000 0.84449
91020.00000 0.84438
91030.00000 0.844264
91040.00000 0.844139
91050.00000 0.844006
91060.00000 0.843867
91070.00000 0.843726
91080.00000 0.843583
91090.00000 0.843435
91100.00000 0.843285
91110.00000 0.843138
91120.00000 0.842997
91130.00000 0.842858
91140.00000 0.842722
91150.00000 0.842594
91160.00000 0.842478
91170.00000 0.842372
91180.00000 0.842276
91190.00000 0.842189
91200.00000 0.84211
91210.00000 0.842042
91220.00000 0.841982
91230.00000 0.84193
91240.00000 0.841884
91250.00000 0.841843
91260.00000 0.84181
91270.00000 0.841781
91280.00000 0.841756
91290.00000 0.841732
91300.00000 0.841711
91310.00000 0.841694
91320.00000 0.841682
91330.00000 0.841675
91340.00000 0.841673
91350.00000 0.841675
91360.00000 0.841683
91370.00000 0.841698
91380.00000 0.841718
91390.00000 0.841745
91400.00000 0.841776
91410.00000 0.841812
91420.00000 0.841854
91430.00000 0.8419
91440.00000 0.84195
91450.00000 0.841998
91460.00000 0.842047
91470.00000 0.842097
91480.00000 0.842147
91490.00000 0.842195
91500.00000 0.842241
91510.00000 0.842285
91520.00000 0.842329
91530.00000 0.842374
91540.00000 0.842421
91550.00000 0.842467
91560.00000 0.842516
91570.00000 0.842571
91580.00000 0.842637
91590.00000 0.842708
91600.00000 0.842787
91610.00000 0.842878
91620.00000 0.842984
91630.00000 0.843103
91640.00000 0.843235
91650.00000 0.843381
91660.00000 0.843541
91670.00000 0.843717
91680.00000 0.843908
91690.00000 0.844111
91700.00000 0.844324
91710.00000 0.844548
91720.00000 0.844784
91730.00000 0.845029
91740.00000 0.84528
91750.00000 0.845534
91760.00000 0.845795
91770.00000 0.846061
91780.00000 0.846327
91790.00000 0.846592
91800.00000 0.846857
91810.00000 0.847124
91820.00000 0.847388
91830.00000 0.847649
91840.00000 0.847907
91850.00000 0.848163
91860.00000 0.848417
91870.00000 0.84867
91880.00000 0.848921
91890.00000 0.84917
91900.00000 0.849419
91910.00000 0.849669
91920.00000 0.84992
91930.00000 0.850171
91940.00000 0.850423
91950.00000 0.85068
91960.00000 0.850942
91970.00000 0.851208
91980.00000 0.851477
91990.00000 0.851752
92000.00000 0.852035
92010.00000 0.852324
92020.00000 0.852619
92030.00000 0.852921
92040.00000 0.853231
92050.00000 0.853551
92060.00000 0.853878
92070.00000 0.854211
92080.00000 0.854548
92090.00000 0.85489
92100.00000 0.855238
92110.00000 0.855588
92120.00000 0.855936
92130.00000 0.85628
92140.00000 0.856624
92150.00000 0.856965
92160.00000 0.857299
92170.00000 0.857622
92180.00000 0.857936
92190.00000 0.858243
92200.00000 0.858541
92210.00000 0.858833
92220.00000 0.859115
92230.00000 0.859389
92240.00000 0.859658
92250.00000 0.859926
92260.00000 0.860193
92270.00000 0.860455
92280.00000 0.860717
92290.00000 0.860985
92300.00000 0.86126
92310.00000 0.861539
92320.00000 0.861824
92330.00000 0.862118
92340.00000 0.862424
92350.00000 0.862738
92360.00000 0.863061
92370.00000 0.863397
92380.00000 0.863745
92390.00000 0.864107
92400.00000 0.864481
92410.00000 0.864869
92420.00000 0.86527
92430.00000 0.865687
92440.00000 0.866117
92450.00000 0.866562
92460.00000 0.867018
92470.00000 0.867488
92480.00000 0.867974
92490.00000 0.868471
92500.00000 0.868975
92510.00000 0.869483
92520.00000 0.87
92530.00000 0.870524
92540.00000 0.871047
92550.00000 0.871563
92560.00000 0.872074
92570.00000 0.872583
92580.00000 0.873085
92590.00000 0.873575
92600.00000 0.87405
92610.00000 0.874513
92620.00000 0.874966
92630.00000 0.875409
92640.00000 0.875843
92650.00000 0.876263
92660.00000 0.876675
92670.00000 0.877083
92680.00000 0.877496
92690.00000 0.877907
92700.00000 0.878316
92710.00000 0.87873
92720.00000 0.879155
92730.00000 0.879592
92740.00000 0.880038
92750.00000 0.880493
92760.00000 0.880959
92770.00000 0.881438
92780.00000 0.88193
92790.00000 0.882432
92800.00000 0.882942
92810.00000 0.883457
92820.00000 0.88398
92830.00000 0.88451
92840.00000 0.885045
92850.00000 0.88558
92860.00000 0.886115
92870.00000 0.886653
92880.00000 0.887193
92890.00000 0.887733
92900.00000 0.888275
92910.00000 0.888818
92920.00000 0.889362
92930.00000 0.889908
92940.00000 0.890458
92950.00000 0.891011
92960.00000 0.891567
92970.00000 0.892125
92980.00000 0.892683
92990.00000 0.893245
93000.00000 0.893809
93010.00000 0.894373
93020.00000 0.89493
93030.00000 0.895482
93040.00000 0.896031
93050.00000 0.896575
93060.00000 0.897108
93070.00000 0.897627
93080.00000 0.898134
93090.00000 0.89863
93100.00000 0.899113
93110.00000 0.899581
93120.00000 0.900032
93130.00000 0.900468
93140.00000 0.90089
93150.00000 0.9013
93160.00000 0.901698
93170.00000 0.90208
93180.00000 0.902451
93190.00000 0.902815
93200.00000 0.903174
93210.00000 0.903523
93220.00000 0.903864
93230.00000 0.904204
93240.00000 0.904549
93250.00000 0.904897
93260.00000 0.905243
93270.00000 0.905595
93280.00000 0.90596
93290.00000 0.906341
93300.00000 0.906732
93310.00000 0.907136
93320.00000 0.907558
93330.00000 0.908
93340.00000 0.908463
93350.00000 0.908945
93360.00000 0.909443
93370.00000 0.909954
93380.00000 0.910483
93390.00000 0.911029
93400.00000 0.911587
93410.00000 0.912147
93420.00000 0.912707
93430.00000 0.913275
93440.00000 0.913845
93450.00000 0.91441
93460.00000 0.91496
93470.00000 0.915502
93480.00000 0.916036
93490.00000 0.916558
93500.00000 0.917062
93510.00000 0.917548
93520.00000 0.918019
93530.00000 0.918473
93540.00000 0.91891
93550.00000 0.919328
93560.00000 0.919726
93570.00000 0.920107
93580.00000 0.920471
93590.00000 0.920819
93600.00000 0.921149
93610.00000 0.921462
93620.00000 0.921761
93630.00000 0.922048
93640.00000 0.922322
93650.00000 0.92258
93660.00000 0.922827
93670.00000 0.923069
93680.00000 0.92331
93690.00000 0.923543
93700.00000 0.923772
93710.00000 0.924003
93720.00000 0.924243
93730.00000 0.924493
93740.00000 0.924746
93750.00000 0.925008
93760.00000 0.925284
93770.00000 0.925577
93780.00000 0.925887
93790.00000 0.926209
93800.00000 0.926544
93810.00000 0.926888
93820.00000 0.927248
93830.00000 0.92762
93840.00000 0.927999
93850.00000 0.928378
93860.00000 0.928755
93870.00000 0.929138
93880.00000 0.92952
93890.00000 0.929895
93900.00000 0.930256
93910.00000 0.930608
93920.00000 0.930951
93930.00000 0.931283
93940.00000 0.931602
93950.00000 0.931905
93960.00000 0.932195
93970.00000 0.932473
93980.00000 0.932742
93990.00000 0.933002
94000.00000 0.933251
94010.00000 0.93349
94020.00000 0.933724
94030.00000 0.933957
94040.00000 0.934188
94050.00000 0.934414
94060.00000 0.934639
94070.00000 0.934864
94080.00000 0.935091
94090.00000 0.935319
94100.00000 0.935547
94110.00000 0.935774
94120.00000 0.935999
94130.00000 0.936224
94140.00000 0.936449
94150.00000 0.936669
94160.00000 0.936884
94170.00000 0.937093
94180.00000 0.937297
94190.00000 0.937495
94200.00000 0.937687
94210.00000 0.937869
94220.00000 0.938043
94230.00000 0.93821
94240.00000 0.938369
94250.00000 0.938522
94260.00000 0.938668
94270.00000 0.938807
94280.00000 0.938939
94290.00000 0.939066
94300.00000 0.939188
94310.00000 0.939304
94320.00000 0.939415
94330.00000 0.939521
94340.00000 0.939622
94350.00000 0.939718
94360.00000 0.93981
94370.00000 0.939896
94380.00000 0.939975
94390.00000 0.940046
94400.00000 0.94011
94410.00000 0.940168
94420.00000 0.940217
94430.00000 0.940256
94440.00000 0.940286
94450.00000 0.940307
94460.00000 0.940319
94470.00000 0.940321
94480.00000 0.940312
94490.00000 0.940292
94500.00000 0.940262
94510.00000 0.940224
94520.00000 0.94018
94530.00000 0.940128
94540.00000 0.940069
94550.00000 0.940003
94560.00000 0.939935
94570.00000 0.939864
94580.00000 0.939789
94590.00000 0.93971
94600.00000 0.939629
94610.00000 0.939548
94620.00000 0.939467
94630.00000 0.939384
94640.00000 0.939299
94650.00000 0.939212
94660.00000 0.939122
94670.00000 0.939029
94680.00000 0.938934
94690.00000 0.938837
94700.00000 0.93874
94710.00000 0.93864
94720.00000 0.938539
94730.00000 0.938437
94740.00000 0.938338
94750.00000 0.93824
94760.00000 0.938143
94770.00000 0.938048
94780.00000 0.937954
94790.00000 0.937864
94800.00000 0.937779
94810.00000 0.937698
94820.00000 0.937615
94830.00000 0.937527
94840.00000 0.937435
94850.00000 0.937343
94860.00000 0.937245
94870.00000 0.937136
94880.00000 0.937011
94890.00000 0.936874
94900.00000 0.936726
94910.00000 0.936563
94920.00000 0.936383
94930.00000 0.936183
94940.00000 0.935964
94950.00000 0.93573
94960.00000 0.935485
94970.00000 0.935232
94980.00000 0.934964
94990.00000 0.934683
95000.00000 0.934398
95010.00000 0.934116
95020.00000 0.933836
95030.00000 0.933552
95040.00000 0.933271
95050.00000 0.932997
95060.00000 0.932737
95070.00000 0.932487
95080.00000 0.932246
95090.00000 0.932015
95100.00000 0.931796
95110.00000 0.931589
95120.00000 0.931394
95130.00000 0.93121
95140.00000 0.931034
95150.00000 0.930864
95160.00000 0.930703
95170.00000 0.930551
95180.00000 0.930404
95190.00000 0.930259
95200.00000 0.930115
95210.00000 0.929976
95220.00000 0.92984
95230.00000 0.929702
95240.00000 0.929559
95250.00000 0.929416
95260.00000 0.929272
95270.00000 0.929123
95280.00000 0.928964
95290.00000 0.928794
95300.00000 0.928617
95310.00000 0.928432
95320.00000 0.928231
95330.00000 0.928012
95340.00000 0.927775
95350.00000 0.927523
95360.00000 0.927253
95370.00000 0.926965
95380.00000 0.926655
95390.00000 0.926323
95400.00000 0.925972
95410.00000 0.925607
95420.00000 0.925232
95430.00000 0.924841
95440.00000 0.924435
95450.00000 0.92402
95460.00000 0.923607
95470.00000 0.923202
95480.00000 0.922795
95490.00000 0.922389
95500.00000 0.921991
95510.00000 0.921607
95520.00000 0.921241
95530.00000 0.920887
95540.00000 0.920545
95550.00000 0.920213
95560.00000 0.919891
95570.00000 0.919586
95580.00000 0.919292
95590.00000 0.919001
95600.00000 0.918705
95610.00000 0.918402
95620.00000 0.918101
95630.00000 0.917796
95640.00000 0.917478
95650.00000 0.917142
95660.00000 0.916787
95670.00000 0.916417
95680.00000 0.916034
95690.00000 0.915638
95700.00000 0.915229
95710.00000 0.914799
95720.00000 0.914358
95730.00000 0.913915
95740.00000 0.913477
95750.00000 0.913041
95760.00000 0.912601
95770.00000 0.912167
95780.00000 0.911747
95790.00000 0.911348
95800.00000 0.910964
95810.00000 0.910594
95820.00000 0.910238
95830.00000 0.909896
95840.00000 0.909573
95850.00000 0.909269
95860.00000 0.908977
95870.00000 0.908689
95880.00000 0.908399
95890.00000 0.908116
95900.00000 0.907839
95910.00000 0.907558
95920.00000 0.907267
95930.00000 0.906961
95940.00000 0.906647
95950.00000 0.906324
95960.00000 0.905988
95970.00000 0.905636
95980.00000 0.905269
95990.00000 0.904887
96000.00000 0.904491
96010.00000 0.904084
96020.00000 0.903667
96030.00000 0.903237
96040.00000 0.902795
96050.00000 0.902342
96060.00000 0.901878
96070.00000 0.901404
96080.00000 0.900921
96090.00000 0.900426
96100.00000 0.899917
96110.00000 0.899392
96120.00000 0.898852
96130.00000 0.898297
96140.00000 0.897728
96150.00000 0.897144
96160.00000 0.896543
96170.00000 0.895922
96180.00000 0.895286
96190.00000 0.894643
96200.00000 0.893999
96210.00000 0.893348
96220.00000 0.892687
