threeML/data/optical_filters/GTC/CanariCam-PAH1.ecsv
# %ECSV 0.9
# ---
# datatype:
# - {name: wavelength, unit: Angstrom, datatype: float32}
# - {name: response, datatype: float32}
# meta: !!omap
# - {band_name: PAH1}
# - {group_name: CanariCam}
wavelength response
[from data line 766]
87980.00000 0.426697
87990.00000 0.423286
88000.00000 0.419858
88010.00000 0.416416
88020.00000 0.412951
88030.00000 0.409456
88040.00000 0.405928
88050.00000 0.402374
88060.00000 0.398796
88070.00000 0.395198
88080.00000 0.391571
88090.00000 0.387923
88100.00000 0.384265
88110.00000 0.380609
88120.00000 0.376939
88130.00000 0.373265
88140.00000 0.369605
88150.00000 0.365966
88160.00000 0.362337
88170.00000 0.358727
88180.00000 0.355148
88190.00000 0.351608
88200.00000 0.348098
88210.00000 0.344622
88220.00000 0.341186
88230.00000 0.337795
88240.00000 0.334449
88250.00000 0.331137
88260.00000 0.327848
88270.00000 0.324587
88280.00000 0.321361
88290.00000 0.318147
88300.00000 0.314924
88310.00000 0.311695
88320.00000 0.308468
88330.00000 0.305225
88340.00000 0.301944
88350.00000 0.298625
88360.00000 0.295276
88370.00000 0.291899
88380.00000 0.288499
88390.00000 0.285056
88400.00000 0.281584
88410.00000 0.278113
88420.00000 0.274668
88430.00000 0.271221
88440.00000 0.267786
88450.00000 0.264401
88460.00000 0.261097
88470.00000 0.257852
88480.00000 0.25467
88490.00000 0.25157
88500.00000 0.24857
88510.00000 0.245669
88520.00000 0.242853
88530.00000 0.240107
88540.00000 0.237427
88550.00000 0.234834
88560.00000 0.232301
88570.00000 0.229797
88580.00000 0.227301
88590.00000 0.224844
88600.00000 0.222403
88610.00000 0.219953
88620.00000 0.217475
88630.00000 0.214986
88640.00000 0.212487
88650.00000 0.209978
88660.00000 0.207454
88670.00000 0.204909
88680.00000 0.202363
88690.00000 0.199835
88700.00000 0.197327
88710.00000 0.194825
88720.00000 0.19235
88730.00000 0.189927
88740.00000 0.187563
88750.00000 0.185243
88760.00000 0.182974
88770.00000 0.180761
88780.00000 0.17861
88790.00000 0.176517
88800.00000 0.174472
88810.00000 0.172467
88820.00000 0.170509
88830.00000 0.1686
88840.00000 0.166718
88850.00000 0.164839
88860.00000 0.162972
88870.00000 0.161123
88880.00000 0.159272
88890.00000 0.157404
88900.00000 0.155523
88910.00000 0.153633
88920.00000 0.151727
88930.00000 0.149795
88940.00000 0.147831
88950.00000 0.145844
88960.00000 0.143846
88970.00000 0.14185
88980.00000 0.139836
88990.00000 0.137815
89000.00000 0.135813
89010.00000 0.133853
89020.00000 0.131911
89030.00000 0.129996
89040.00000 0.12814
89050.00000 0.126372
89060.00000 0.124679
89070.00000 0.123057
89080.00000 0.121513
89090.00000 0.120057
89100.00000 0.118699
89110.00000 0.117423
89120.00000 0.116207
89130.00000 0.115035
89140.00000 0.11394
89150.00000 0.112897
89160.00000 0.111862
89170.00000 0.1108
89180.00000 0.109742
89190.00000 0.108679
89200.00000 0.10758
89210.00000 0.10642
89220.00000 0.105207
89230.00000 0.103951
89240.00000 0.102655
89250.00000 0.101322
89260.00000 0.099929
89270.00000 0.098501
89280.00000 0.097073
89290.00000 0.095672
89300.00000 0.094265
89310.00000 0.09287
89320.00000 0.091516
89330.00000 0.09023
89340.00000 0.088996
89350.00000 0.08781
89360.00000 0.086676
89370.00000 0.085598
89380.00000 0.084588
89390.00000 0.083627
89400.00000 0.08269
89410.00000 0.081758
89420.00000 0.080856
89430.00000 0.079969
89440.00000 0.079072
89450.00000 0.078145
89460.00000 0.0772
89470.00000 0.076239
89480.00000 0.075258
89490.00000 0.074249
89500.00000 0.073208
89510.00000 0.072148
89520.00000 0.071081
89530.00000 0.070021
89540.00000 0.068949
89550.00000 0.067878
89560.00000 0.066824
89570.00000 0.065799
89580.00000 0.064795
89590.00000 0.063812
89600.00000 0.062854
89610.00000 0.061926
89620.00000 0.061027
89630.00000 0.060154
89640.00000 0.059303
89650.00000 0.058469
89660.00000 0.057658
89670.00000 0.056867
89680.00000 0.056093
89690.00000 0.055332
89700.00000 0.054585
89710.00000 0.053855
89720.00000 0.053144
89730.00000 0.052455
89740.00000 0.051785
89750.00000 0.051136
89760.00000 0.050509
89770.00000 0.049909
89780.00000 0.049336
89790.00000 0.048787
89800.00000 0.048259
89810.00000 0.047751
89820.00000 0.047268
89830.00000 0.046805
89840.00000 0.046354
89850.00000 0.045907
89860.00000 0.045469
89870.00000 0.045039
89880.00000 0.044612
89890.00000 0.044179
89900.00000 0.043744
89910.00000 0.043308
89920.00000 0.042868
89930.00000 0.042421
89940.00000 0.041967
89950.00000 0.041507
89960.00000 0.041043
89970.00000 0.040575
89980.00000 0.040105
89990.00000 0.039631
90000.00000 0.039152
90010.00000 0.038666
90020.00000 0.038175
90030.00000 0.037677
90040.00000 0.037173
90050.00000 0.036661
90060.00000 0.036138
90070.00000 0.035608
90080.00000 0.035071
90090.00000 0.034531
90100.00000 0.033983
90110.00000 0.033427
90120.00000 0.032874
90130.00000 0.032335
90140.00000 0.031807
90150.00000 0.031284
90160.00000 0.030779
90170.00000 0.030302
90180.00000 0.029857
90190.00000 0.029435
90200.00000 0.029042
90210.00000 0.028683
90220.00000 0.028363
90230.00000 0.02808
90240.00000 0.027827
90250.00000 0.0276
90260.00000 0.027397
90270.00000 0.027226
90280.00000 0.027077
90290.00000 0.026937
90300.00000 0.026803
90310.00000 0.026685
90320.00000 0.026574
90330.00000 0.02646
90340.00000 0.026338
90350.00000 0.026214
90360.00000 0.026086
90370.00000 0.025948
90380.00000 0.025797
90390.00000 0.025637
90400.00000 0.025466
90410.00000 0.025282
90420.00000 0.025084
90430.00000 0.024871
90440.00000 0.024645
90450.00000 0.024406
90460.00000 0.024153
90470.00000 0.023885
90480.00000 0.023603
90490.00000 0.023311
90500.00000 0.023012
90510.00000 0.0227
90520.00000 0.022379
90530.00000 0.022056
90540.00000 0.02174
90550.00000 0.021423
90560.00000 0.021108
90570.00000 0.020801
90580.00000 0.020511
90590.00000 0.020239
90600.00000 0.019979
90610.00000 0.019735
90620.00000 0.019509
90630.00000 0.019305
90640.00000 0.019121
90650.00000 0.018952
90660.00000 0.018791
90670.00000 0.018638
90680.00000 0.018501
90690.00000 0.018368
90700.00000 0.018229
90710.00000 0.018081
90720.00000 0.017931
90730.00000 0.017773
90740.00000 0.017602
90750.00000 0.017411
90760.00000 0.017204
90770.00000 0.016983
90780.00000 0.016749
90790.00000 0.016503
90800.00000 0.016239
90810.00000 0.015963
90820.00000 0.015683
90830.00000 0.015407
90840.00000 0.015125
90850.00000 0.014842
90860.00000 0.014566
90870.00000 0.014306
90880.00000 0.014058
90890.00000 0.013819
90900.00000 0.013597
90910.00000 0.013396
90920.00000 0.013217
90930.00000 0.013057
90940.00000 0.012915
90950.00000 0.012793
90960.00000 0.012691
90970.00000 0.01261
90980.00000 0.012544
90990.00000 0.01249
91000.00000 0.012446
91010.00000 0.012418
91020.00000 0.012398
91030.00000 0.01238
91040.00000 0.01236
91050.00000 0.012345
91060.00000 0.01233
91070.00000 0.01231
91080.00000 0.012281
91090.00000 0.012246
91100.00000 0.012206
91110.00000 0.012158
91120.00000 0.012102
91130.00000 0.012037
91140.00000 0.011963
91150.00000 0.011886
91160.00000 0.011807
91170.00000 0.011723
91180.00000 0.011637
91190.00000 0.011549
91200.00000 0.011465
91210.00000 0.011383
91220.00000 0.011303
91230.00000 0.011224
91240.00000 0.011148
91250.00000 0.011075
91260.00000 0.011006
91270.00000 0.010937
91280.00000 0.010863
91290.00000 0.010784
91300.00000 0.010702
91310.00000 0.010615
91320.00000 0.010519
91330.00000 0.010409
91340.00000 0.010288
91350.00000 0.010158
91360.00000 0.010019
91370.00000 0.009871
91380.00000 0.009709
91390.00000 0.00954
91400.00000 0.009369
91410.00000 0.009203
91420.00000 0.009035
91430.00000 0.008867
91440.00000 0.008707
91450.00000 0.008563
91460.00000 0.008435
91470.00000 0.008318
91480.00000 0.008215
91490.00000 0.008129
91500.00000 0.008062
91510.00000 0.008014
91520.00000 0.00798
91530.00000 0.007952
91540.00000 0.00793
91550.00000 0.007922
91560.00000 0.007918
91570.00000 0.007911
91580.00000 0.007894
91590.00000 0.007875
91600.00000 0.00785
91610.00000 0.007815
91620.00000 0.007765
91630.00000 0.007699
91640.00000 0.007621
91650.00000 0.007534
91660.00000 0.00744
91670.00000 0.007333
91680.00000 0.007217
91690.00000 0.007097
91700.00000 0.006982
91710.00000 0.006871
91720.00000 0.006759
91730.00000 0.006653
91740.00000 0.00656
91750.00000 0.006484
91760.00000 0.00642
91770.00000 0.006369
91780.00000 0.006332
91790.00000 0.006311
91800.00000 0.006308
91810.00000 0.00632
91820.00000 0.00634
91830.00000 0.006366
91840.00000 0.006404
91850.00000 0.00645
91860.00000 0.006498
91870.00000 0.006537
91880.00000 0.006573
91890.00000 0.006607
91900.00000 0.006633
91910.00000 0.006643
91920.00000 0.006636
91930.00000 0.006615
91940.00000 0.00658
91950.00000 0.006527
91960.00000 0.006453
91970.00000 0.006359
91980.00000 0.006249
91990.00000 0.006125
92000.00000 0.00599
92010.00000 0.005838
92020.00000 0.005674
92030.00000 0.005504
92040.00000 0.005338
92050.00000 0.005168
92060.00000 0.004995
92070.00000 0.004827
92080.00000 0.004672
92090.00000 0.00453
92100.00000 0.004397
92110.00000 0.004276
92120.00000 0.004172
92130.00000 0.004089
92140.00000 0.004023
101354.00000 0.0
