threeML/data/optical_filters/GTC/CanariCam-SIV.ecsv
# %ECSV 0.9
# ---
# datatype:
# - {name: wavelength, unit: Angstrom, datatype: float32}
# - {name: response, datatype: float32}
# meta: !!omap
# - {band_name: SIV}
# - {group_name: CanariCam}
wavelength response
92475.00000 0.0
102750.00000 0.004056
102760.00000 0.004163
102770.00000 0.004274
102780.00000 0.004388
102790.00000 0.004501
102800.00000 0.004616
102810.00000 0.004739
102820.00000 0.004875
102830.00000 0.005029
102840.00000 0.005198
102850.00000 0.005381
102860.00000 0.005576
102870.00000 0.005785
102880.00000 0.006008
102890.00000 0.006242
102900.00000 0.006486
102910.00000 0.006744
102920.00000 0.007021
102930.00000 0.007319
102940.00000 0.007641
102950.00000 0.007987
102960.00000 0.008353
102970.00000 0.008737
102980.00000 0.009137
102990.00000 0.00955
103000.00000 0.009975
103010.00000 0.010415
103020.00000 0.010872
103030.00000 0.011351
103040.00000 0.011856
103050.00000 0.012383
103060.00000 0.01293
103070.00000 0.013501
103080.00000 0.014097
103090.00000 0.014721
103100.00000 0.01537
103110.00000 0.016037
103120.00000 0.01673
103130.00000 0.017459
103140.00000 0.018233
103150.00000 0.019058
103160.00000 0.019921
103170.00000 0.020824
103180.00000 0.021776
103190.00000 0.022785
103200.00000 0.02386
103210.00000 0.024989
103220.00000 0.026167
103230.00000 0.027408
103240.00000 0.028724
103250.00000 0.030125
103260.00000 0.031613
103270.00000 0.033169
103280.00000 0.034804
103290.00000 0.036532
103300.00000 0.038367
103310.00000 0.040317
103320.00000 0.042354
103330.00000 0.044488
103340.00000 0.046738
103350.00000 0.049125
103360.00000 0.051668
103370.00000 0.054343
103380.00000 0.057138
103390.00000 0.060081
103400.00000 0.063196
103410.00000 0.06651
103420.00000 0.070021
103430.00000 0.073688
103440.00000 0.077538
103450.00000 0.081604
103460.00000 0.085915
103470.00000 0.090497
103480.00000 0.095298
103490.00000 0.100329
103500.00000 0.105617
103510.00000 0.111195
103520.00000 0.11709
103530.00000 0.123285
103540.00000 0.129758
103550.00000 0.136529
103560.00000 0.143618
103570.00000 0.151044
103580.00000 0.158819
103590.00000 0.166927
103600.00000 0.175362
103610.00000 0.184123
103620.00000 0.193205
103630.00000 0.202609
103640.00000 0.212367
103650.00000 0.222462
103660.00000 0.232861
103670.00000 0.243533
103680.00000 0.254444
103690.00000 0.265634
103700.00000 0.27714
103710.00000 0.288901
103720.00000 0.300851
103730.00000 0.312926
103740.00000 0.325105
103750.00000 0.337511
103760.00000 0.350086
103770.00000 0.362742
103780.00000 0.375394
103790.00000 0.387959
103800.00000 0.400557
103810.00000 0.413206
103820.00000 0.425811
103830.00000 0.438282
103840.00000 0.450524
103850.00000 0.462542
103860.00000 0.474459
103870.00000 0.486203
103880.00000 0.497696
103890.00000 0.508859
103900.00000 0.519631
103910.00000 0.530114
103920.00000 0.540301
103930.00000 0.550146
103940.00000 0.559603
103950.00000 0.568624
103960.00000 0.577219
103970.00000 0.585421
103980.00000 0.593225
103990.00000 0.600624
104000.00000 0.607611
104010.00000 0.614174
104020.00000 0.620299
104030.00000 0.626008
104040.00000 0.631332
104050.00000 0.636299
104060.00000 0.640935
104070.00000 0.645183
104080.00000 0.649043
104090.00000 0.652565
104100.00000 0.655801
104110.00000 0.6588
104120.00000 0.661561
104130.00000 0.664007
104140.00000 0.666187
104150.00000 0.668152
104160.00000 0.669955
104170.00000 0.671638
104180.00000 0.673122
104190.00000 0.674415
104200.00000 0.675563
104210.00000 0.676612
104220.00000 0.677608
104230.00000 0.67854
104240.00000 0.679362
104250.00000 0.680101
104260.00000 0.680784
104270.00000 0.68144
104280.00000 0.682086
104290.00000 0.682683
104300.00000 0.683239
104310.00000 0.683772
104320.00000 0.6843
104330.00000 0.68484
104340.00000 0.68539
104350.00000 0.685936
104360.00000 0.686481
104370.00000 0.687024
104380.00000 0.687568
104390.00000 0.688113
104400.00000 0.688658
104410.00000 0.689203
104420.00000 0.689748
104430.00000 0.690291
104440.00000 0.690832
104450.00000 0.691381
104460.00000 0.691936
104470.00000 0.692486
104480.00000 0.693021
104490.00000 0.693528
104500.00000 0.694006
104510.00000 0.694467
104520.00000 0.694909
104530.00000 0.695324
104540.00000 0.695707
104550.00000 0.696053
104560.00000 0.696373
104570.00000 0.696667
104580.00000 0.696925
104590.00000 0.697139
104600.00000 0.697301
104610.00000 0.697406
104620.00000 0.697465
104630.00000 0.697476
104640.00000 0.697438
104650.00000 0.69735
104660.00000 0.697209
104670.00000 0.697019
104680.00000 0.69678
104690.00000 0.696489
104700.00000 0.696145
104710.00000 0.695743
104720.00000 0.695283
104730.00000 0.694767
104740.00000 0.694196
104750.00000 0.693571
104760.00000 0.692891
104770.00000 0.692158
104780.00000 0.691375
104790.00000 0.69054
104800.00000 0.689649
104810.00000 0.688698
104820.00000 0.687684
104830.00000 0.686609
104840.00000 0.685481
104850.00000 0.684292
104860.00000 0.683033
104870.00000 0.681697
104880.00000 0.680276
104890.00000 0.678794
104900.00000 0.677246
104910.00000 0.675611
104920.00000 0.673873
104930.00000 0.672011
104940.00000 0.670037
104950.00000 0.667979
104960.00000 0.665811
104970.00000 0.663505
104980.00000 0.661033
104990.00000 0.658373
105000.00000 0.655577
105010.00000 0.652637
105020.00000 0.649519
105030.00000 0.646188
105040.00000 0.642608
105050.00000 0.638784
105060.00000 0.634766
105070.00000 0.630524
105080.00000 0.626024
105090.00000 0.621232
105100.00000 0.616119
105110.00000 0.610725
105120.00000 0.605054
105130.00000 0.599089
105140.00000 0.592808
105150.00000 0.586193
105160.00000 0.579233
105170.00000 0.571944
105180.00000 0.564331
105190.00000 0.556403
105200.00000 0.548165
105210.00000 0.539622
105220.00000 0.530736
105230.00000 0.521516
105240.00000 0.512002
105250.00000 0.50223
105260.00000 0.492236
105270.00000 0.482017
105280.00000 0.471495
105290.00000 0.460722
105300.00000 0.449761
105310.00000 0.438675
105320.00000 0.427524
105330.00000 0.416216
105340.00000 0.404731
105350.00000 0.393143
105360.00000 0.381527
105370.00000 0.369958
105380.00000 0.358462
105390.00000 0.346915
105400.00000 0.335363
105410.00000 0.323875
105420.00000 0.312519
105430.00000 0.301363
105440.00000 0.290354
105450.00000 0.279443
105460.00000 0.268681
105470.00000 0.258117
105480.00000 0.247801
105490.00000 0.237767
105500.00000 0.227947
105510.00000 0.21835
105520.00000 0.208999
105530.00000 0.199918
105540.00000 0.191133
105550.00000 0.182644
105560.00000 0.174429
105570.00000 0.166489
105580.00000 0.158828
105590.00000 0.151449
105600.00000 0.144354
105610.00000 0.137555
105620.00000 0.131043
105630.00000 0.124805
105640.00000 0.118826
105650.00000 0.113092
105660.00000 0.107608
105670.00000 0.1024
105680.00000 0.097448
105690.00000 0.092729
105700.00000 0.08822
105710.00000 0.083902
105720.00000 0.079806
105730.00000 0.075939
105740.00000 0.072275
105750.00000 0.06879
105760.00000 0.065461
105770.00000 0.062278
105780.00000 0.059282
105790.00000 0.056457
105800.00000 0.053783
105810.00000 0.051235
105820.00000 0.048792
105830.00000 0.046467
105840.00000 0.044281
105850.00000 0.042217
105860.00000 0.040256
105870.00000 0.038382
105880.00000 0.036581
105890.00000 0.034881
105900.00000 0.033278
105910.00000 0.03176
105920.00000 0.030311
105930.00000 0.028919
105940.00000 0.027583
105950.00000 0.02632
105960.00000 0.025123
105970.00000 0.023985
105980.00000 0.022896
105990.00000 0.021849
106000.00000 0.020854
106010.00000 0.019914
106020.00000 0.019022
106030.00000 0.018172
106040.00000 0.017357
106050.00000 0.016573
106060.00000 0.01583
106070.00000 0.015125
106080.00000 0.014456
106090.00000 0.013819
106100.00000 0.01321
106110.00000 0.012631
106120.00000 0.012086
106130.00000 0.011572
106140.00000 0.011085
106150.00000 0.010622
106160.00000 0.010178
106170.00000 0.009759
106180.00000 0.009366
106190.00000 0.008995
106200.00000 0.008645
106210.00000 0.008312
106220.00000 0.007997
106230.00000 0.007703
106240.00000 0.007429
106250.00000 0.007173
106260.00000 0.006929
106270.00000 0.006698
106280.00000 0.006479
106290.00000 0.006277
106300.00000 0.006087
106310.00000 0.005909
106320.00000 0.005739
106330.00000 0.005575
106340.00000 0.005422
106350.00000 0.005279
106360.00000 0.005144
106370.00000 0.005015
106380.00000 0.004889
106390.00000 0.004766
106400.00000 0.004649
106410.00000 0.004537
106420.00000 0.004428
106430.00000 0.004321
106440.00000 0.004214
106450.00000 0.004108
106460.00000 0.004002
117106.00000 0.0
