threeML/data/optical_filters/GTC/CanariCam-Si2.ecsv
# %ECSV 0.9
# ---
# datatype:
# - {name: wavelength, unit: Angstrom, datatype: float32}
# - {name: response, datatype: float32}
# meta: !!omap
# - {band_name: Si2}
# - {group_name: CanariCam}
wavelength response
[from data line 766]
86010.00000 0.821414
86020.00000 0.821385
86030.00000 0.821364
86040.00000 0.821351
86050.00000 0.821345
86060.00000 0.821346
86070.00000 0.821355
86080.00000 0.821372
86090.00000 0.821396
86100.00000 0.821428
86110.00000 0.821467
86120.00000 0.821512
86130.00000 0.821563
86140.00000 0.821621
86150.00000 0.821686
86160.00000 0.821759
86170.00000 0.821837
86180.00000 0.821922
86190.00000 0.822012
86200.00000 0.822106
86210.00000 0.822204
86220.00000 0.822308
86230.00000 0.822418
86240.00000 0.822534
86250.00000 0.822653
86260.00000 0.822776
86270.00000 0.822902
86280.00000 0.823029
86290.00000 0.82316
86300.00000 0.823295
86310.00000 0.823435
86320.00000 0.823576
86330.00000 0.823719
86340.00000 0.823863
86350.00000 0.824006
86360.00000 0.824147
86370.00000 0.82429
86380.00000 0.824434
86390.00000 0.824579
86400.00000 0.824723
86410.00000 0.824865
86420.00000 0.825004
86430.00000 0.825138
86440.00000 0.825271
86450.00000 0.825402
86460.00000 0.825531
86470.00000 0.825658
86480.00000 0.82578
86490.00000 0.825897
86500.00000 0.826007
86510.00000 0.82611
86520.00000 0.826208
86530.00000 0.826302
86540.00000 0.826391
86550.00000 0.826473
86560.00000 0.826548
86570.00000 0.826615
86580.00000 0.826672
86590.00000 0.826721
86600.00000 0.826763
86610.00000 0.826799
86620.00000 0.826826
86630.00000 0.826843
86640.00000 0.826851
86650.00000 0.826848
86660.00000 0.826833
86670.00000 0.826809
86680.00000 0.826775
86690.00000 0.826732
86700.00000 0.826678
86710.00000 0.826612
86720.00000 0.826535
86730.00000 0.826444
86740.00000 0.826342
86750.00000 0.826229
86760.00000 0.826104
86770.00000 0.825967
86780.00000 0.825818
86790.00000 0.825655
86800.00000 0.825479
86810.00000 0.825288
86820.00000 0.825084
86830.00000 0.824867
86840.00000 0.824638
86850.00000 0.824394
86860.00000 0.824136
86870.00000 0.823863
86880.00000 0.823575
86890.00000 0.823272
86900.00000 0.822954
86910.00000 0.822622
86920.00000 0.822276
86930.00000 0.821914
86940.00000 0.821537
86950.00000 0.821143
86960.00000 0.820734
86970.00000 0.820309
86980.00000 0.819869
86990.00000 0.819413
87000.00000 0.818941
87010.00000 0.818454
87020.00000 0.817952
87030.00000 0.817434
87040.00000 0.816901
87050.00000 0.816351
87060.00000 0.815786
87070.00000 0.815205
87080.00000 0.81461
87090.00000 0.814
87100.00000 0.813375
87110.00000 0.812737
87120.00000 0.812083
87130.00000 0.811415
87140.00000 0.810731
87150.00000 0.810034
87160.00000 0.809322
87170.00000 0.808598
87180.00000 0.807861
87190.00000 0.807112
87200.00000 0.806348
87210.00000 0.805571
87220.00000 0.80478
87230.00000 0.803978
87240.00000 0.803163
87250.00000 0.802336
87260.00000 0.801499
87270.00000 0.80065
87280.00000 0.799788
87290.00000 0.798914
87300.00000 0.798028
87310.00000 0.797132
87320.00000 0.796226
87330.00000 0.79531
87340.00000 0.794386
87350.00000 0.793451
87360.00000 0.792505
87370.00000 0.791549
87380.00000 0.790583
87390.00000 0.789609
87400.00000 0.788628
87410.00000 0.787639
87420.00000 0.786643
87430.00000 0.785637
87440.00000 0.784622
87450.00000 0.7836
87460.00000 0.782571
87470.00000 0.781536
87480.00000 0.780496
87490.00000 0.779452
87500.00000 0.778402
87510.00000 0.777344
87520.00000 0.776281
87530.00000 0.775213
87540.00000 0.774141
87550.00000 0.773067
87560.00000 0.77199
87570.00000 0.770912
87580.00000 0.769829
87590.00000 0.768742
87600.00000 0.767652
87610.00000 0.76656
87620.00000 0.765468
87630.00000 0.764377
87640.00000 0.763289
87650.00000 0.762204
87660.00000 0.761117
87670.00000 0.76003
87680.00000 0.758944
87690.00000 0.757861
87700.00000 0.756781
87710.00000 0.755706
87720.00000 0.754638
87730.00000 0.753572
87740.00000 0.752509
87750.00000 0.75145
87760.00000 0.750395
87770.00000 0.749346
87780.00000 0.748305
87790.00000 0.747273
87800.00000 0.746251
87810.00000 0.745235
87820.00000 0.744226
87830.00000 0.743224
87840.00000 0.742231
87850.00000 0.741247
87860.00000 0.740274
87870.00000 0.739312
87880.00000 0.738361
87890.00000 0.737418
87900.00000 0.736484
87910.00000 0.735561
87920.00000 0.734649
87930.00000 0.73375
87940.00000 0.732866
87950.00000 0.731998
87960.00000 0.731144
87970.00000 0.730303
87980.00000 0.729475
87990.00000 0.728661
88000.00000 0.727862
88010.00000 0.727079
88020.00000 0.726312
88030.00000 0.725562
88040.00000 0.724827
88050.00000 0.724107
88060.00000 0.723403
88070.00000 0.722714
88080.00000 0.722043
88090.00000 0.72139
88100.00000 0.720755
88110.00000 0.72014
88120.00000 0.719542
88130.00000 0.718962
88140.00000 0.7184
88150.00000 0.717856
88160.00000 0.717331
88170.00000 0.716823
88180.00000 0.716335
88190.00000 0.715864
88200.00000 0.715412
88210.00000 0.714977
88220.00000 0.71456
88230.00000 0.714162
88240.00000 0.713784
88250.00000 0.713425
88260.00000 0.713087
88270.00000 0.71277
88280.00000 0.712472
88290.00000 0.712193
88300.00000 0.711935
88310.00000 0.711696
88320.00000 0.711476
88330.00000 0.711276
88340.00000 0.711096
88350.00000 0.710935
88360.00000 0.710793
88370.00000 0.710671
88380.00000 0.710568
88390.00000 0.710485
88400.00000 0.710422
88410.00000 0.71038
88420.00000 0.710357
88430.00000 0.710354
88440.00000 0.710372
88450.00000 0.710409
88460.00000 0.710467
88470.00000 0.710543
88480.00000 0.71064
88490.00000 0.710755
88500.00000 0.71089
88510.00000 0.711044
88520.00000 0.711217
88530.00000 0.71141
88540.00000 0.711623
88550.00000 0.711854
88560.00000 0.712106
88570.00000 0.712376
88580.00000 0.712667
88590.00000 0.712978
88600.00000 0.713309
88610.00000 0.713659
88620.00000 0.714028
88630.00000 0.714416
88640.00000 0.714821
88650.00000 0.715244
88660.00000 0.715685
88670.00000 0.716145
88680.00000 0.716623
88690.00000 0.71712
88700.00000 0.717633
88710.00000 0.718163
88720.00000 0.718708
88730.00000 0.719268
88740.00000 0.719844
88750.00000 0.720438
88760.00000 0.721047
88770.00000 0.721673
88780.00000 0.722313
88790.00000 0.722967
88800.00000 0.723635
88810.00000 0.724314
88820.00000 0.725007
88830.00000 0.725715
88840.00000 0.726436
88850.00000 0.727171
88860.00000 0.727918
88870.00000 0.728677
88880.00000 0.729447
88890.00000 0.730227
88900.00000 0.731019
88910.00000 0.731824
88920.00000 0.732641
88930.00000 0.733469
88940.00000 0.734307
88950.00000 0.735153
88960.00000 0.736006
88970.00000 0.736866
88980.00000 0.737735
88990.00000 0.738615
89000.00000 0.739504
89010.00000 0.7404
89020.00000 0.741302
89030.00000 0.742208
89040.00000 0.743116
89050.00000 0.744026
89060.00000 0.744941
89070.00000 0.745862
89080.00000 0.746788
89090.00000 0.747717
89100.00000 0.748647
89110.00000 0.749576
89120.00000 0.750503
89130.00000 0.751425
89140.00000 0.752349
89150.00000 0.753274
89160.00000 0.754199
89170.00000 0.755122
89180.00000 0.756041
89190.00000 0.756954
89200.00000 0.75786
89210.00000 0.758757
89220.00000 0.759651
89230.00000 0.760542
89240.00000 0.761427
89250.00000 0.762306
89260.00000 0.763176
89270.00000 0.764036
89280.00000 0.764884
89290.00000 0.765719
89300.00000 0.766547
89310.00000 0.767366
89320.00000 0.768176
89330.00000 0.768974
89340.00000 0.76976
89350.00000 0.770531
89360.00000 0.771286
89370.00000 0.772024
89380.00000 0.772749
89390.00000 0.773461
89400.00000 0.774159
89410.00000 0.774842
89420.00000 0.775509
89430.00000 0.776158
89440.00000 0.776788
89450.00000 0.777398
89460.00000 0.777993
89470.00000 0.778572
89480.00000 0.779133
89490.00000 0.779677
89500.00000 0.780201
89510.00000 0.780704
89520.00000 0.781186
89530.00000 0.781646
89540.00000 0.782086
89550.00000 0.782506
89560.00000 0.782907
89570.00000 0.783287
89580.00000 0.783645
89590.00000 0.783982
89600.00000 0.784295
89610.00000 0.784586
89620.00000 0.784855
89630.00000 0.785102
89640.00000 0.785328
89650.00000 0.785531
89660.00000 0.785712
89670.00000 0.78587
89680.00000 0.786005
89690.00000 0.786116
89700.00000 0.786203
89710.00000 0.786266
89720.00000 0.786306
89730.00000 0.786323
89740.00000 0.786319
89750.00000 0.786294
89760.00000 0.786249
89770.00000 0.786184
89780.00000 0.786097
89790.00000 0.785988
89800.00000 0.785857
89810.00000 0.785706
89820.00000 0.785536
89830.00000 0.785347
89840.00000 0.78514
89850.00000 0.784916
89860.00000 0.784672
89870.00000 0.784408
89880.00000 0.784125
89890.00000 0.783823
89900.00000 0.783505
89910.00000 0.783172
89920.00000 0.782825
89930.00000 0.782464
89940.00000 0.782087
89950.00000 0.781692
89960.00000 0.781282
89970.00000 0.780856
89980.00000 0.780418
89990.00000 0.779968
90000.00000 0.779508
90010.00000 0.779039
90020.00000 0.778557
90030.00000 0.778061
90040.00000 0.777552
90050.00000 0.777032
90060.00000 0.776504
90070.00000 0.77597
90080.00000 0.775431
90090.00000 0.77489
90100.00000 0.774343
90110.00000 0.773785
90120.00000 0.773219
90130.00000 0.772649
90140.00000 0.772076
90150.00000 0.771504
90160.00000 0.770935
90170.00000 0.770372
90180.00000 0.769812
90190.00000 0.769251
90200.00000 0.768689
90210.00000 0.768129
90220.00000 0.767574
90230.00000 0.767024
90240.00000 0.766483
90250.00000 0.765952
90260.00000 0.765431
90270.00000 0.764911
90280.00000 0.764396
90290.00000 0.763888
90300.00000 0.763391
90310.00000 0.762906
90320.00000 0.762438
90330.00000 0.761989
90340.00000 0.76156
90350.00000 0.761144
90360.00000 0.76074
90370.00000 0.760352
90380.00000 0.759981
90390.00000 0.759627
90400.00000 0.759294
90410.00000 0.758982
90420.00000 0.758693
90430.00000 0.75842
90440.00000 0.758162
90450.00000 0.757923
90460.00000 0.757706
90470.00000 0.757513
90480.00000 0.757347
90490.00000 0.757212
90500.00000 0.757109
90510.00000 0.757034
90520.00000 0.756985
90530.00000 0.756964
90540.00000 0.756969
90550.00000 0.757004
90560.00000 0.757067
90570.00000 0.757159
90580.00000 0.757282
90590.00000 0.757432
90600.00000 0.757609
90610.00000 0.757813
90620.00000 0.758047
90630.00000 0.758312
90640.00000 0.75861
90650.00000 0.758942
90660.00000 0.75931
90670.00000 0.759715
90680.00000 0.760154
90690.00000 0.760627
90700.00000 0.761133
90710.00000 0.761673
90720.00000 0.762244
90730.00000 0.762848
90740.00000 0.763483
90750.00000 0.764149
90760.00000 0.764847
90770.00000 0.765578
90780.00000 0.76634
90790.00000 0.767135
90800.00000 0.76796
90810.00000 0.768817
90820.00000 0.769706
90830.00000 0.770625
90840.00000 0.771581
90850.00000 0.772573
90860.00000 0.773597
90870.00000 0.774651
90880.00000 0.775731
90890.00000 0.776834
90900.00000 0.777957
90910.00000 0.779097
90920.00000 0.780263
90930.00000 0.781458
90940.00000 0.78268
90950.00000 0.783923
90960.00000 0.785182
90970.00000 0.786453
90980.00000 0.787732
90990.00000 0.789013
91000.00000 0.790304
91010.00000 0.791621
91020.00000 0.792955
91030.00000 0.794298
91040.00000 0.795644
91050.00000 0.796982
91060.00000 0.798307
91070.00000 0.799609
91080.00000 0.800888
91090.00000 0.802173
91100.00000 0.803458
91110.00000 0.804734
91120.00000 0.80599
91130.00000 0.807216
91140.00000 0.808402
91150.00000 0.809538
91160.00000 0.810615
91170.00000 0.811666
91180.00000 0.812697
91190.00000 0.813695
91200.00000 0.814647
91210.00000 0.815541
91220.00000 0.816363
91230.00000 0.817102
91240.00000 0.817743
91250.00000 0.818305
91260.00000 0.818818
91270.00000 0.819267
91280.00000 0.819639
91290.00000 0.81992
91300.00000 0.820097
91310.00000 0.820157
91320.00000 0.820086
91330.00000 0.819882
91340.00000 0.819587
91350.00000 0.819196
91360.00000 0.818695
91370.00000 0.818071
91380.00000 0.817312
91390.00000 0.816404
91400.00000 0.815336
91410.00000 0.814095
91420.00000 0.812711
91430.00000 0.811195
91440.00000 0.809535
91450.00000 0.807725
91460.00000 0.805753
91470.00000 0.803611
91480.00000 0.801291
91490.00000 0.798782
91500.00000 0.79609
91510.00000 0.793231
91520.00000 0.790202
91530.00000 0.787001
91540.00000 0.783624
91550.00000 0.780069
91560.00000 0.776332
91570.00000 0.772412
91580.00000 0.768304
91590.00000 0.764005
91600.00000 0.759521
91610.00000 0.754854
91620.00000 0.750012
91630.00000 0.744998
91640.00000 0.739819
91650.00000 0.734479
91660.00000 0.728982
91670.00000 0.723307
91680.00000 0.717445
91690.00000 0.711409
91700.00000 0.705212
91710.00000 0.698867
91720.00000 0.692386
91730.00000 0.685782
91740.00000 0.679068
91750.00000 0.672235
91760.00000 0.665241
91770.00000 0.658098
91780.00000 0.650823
91790.00000 0.643436
91800.00000 0.635953
91810.00000 0.628393
91820.00000 0.620773
91830.00000 0.613108
91840.00000 0.605341
91850.00000 0.597466
91860.00000 0.589502
91870.00000 0.581467
91880.00000 0.573383
91890.00000 0.56527
91900.00000 0.557146
91910.00000 0.549032
91920.00000 0.540911
91930.00000 0.532734
91940.00000 0.524517
91950.00000 0.516277
91960.00000 0.508032
91970.00000 0.4998
91980.00000 0.4916
91990.00000 0.483448
92000.00000 0.475357
92010.00000 0.467276
92020.00000 0.459201
92030.00000 0.451148
92040.00000 0.44313
92050.00000 0.435161
92060.00000 0.427256
92070.00000 0.41943
92080.00000 0.411695
92090.00000 0.404039
92100.00000 0.396436
92110.00000 0.388892
92120.00000 0.381415
92130.00000 0.374015
92140.00000 0.366701
92150.00000 0.359479
92160.00000 0.352359
92170.00000 0.345347
92180.00000 0.338421
92190.00000 0.33158
92200.00000 0.324828
92210.00000 0.31817
92220.00000 0.311609
92230.00000 0.305151
92240.00000 0.298798
92250.00000 0.292557
92260.00000 0.286425
92270.00000 0.280396
92280.00000 0.27447
92290.00000 0.268647
92300.00000 0.262927
92310.00000 0.257308
92320.00000 0.251792
92330.00000 0.246377
92340.00000 0.241064
92350.00000 0.235858
92360.00000 0.230756
92370.00000 0.225757
92380.00000 0.220858
92390.00000 0.216058
92400.00000 0.211353
92410.00000 0.206741
92420.00000 0.20222
92430.00000 0.197795
92440.00000 0.193472
92450.00000 0.189249
92460.00000 0.18512
92470.00000 0.181081
92480.00000 0.177128
92490.00000 0.173257
92500.00000 0.169464
92510.00000 0.165744
92520.00000 0.162112
92530.00000 0.158569
92540.00000 0.15511
92550.00000 0.151731
92560.00000 0.148428
92570.00000 0.145196
92580.00000 0.142032
92590.00000 0.13893
92600.00000 0.135894
92610.00000 0.132934
92620.00000 0.130048
92630.00000 0.127233
92640.00000 0.124483
92650.00000 0.121795
92660.00000 0.119165
92670.00000 0.116589
92680.00000 0.114064
92690.00000 0.111599
92700.00000 0.109198
92710.00000 0.106857
92720.00000 0.104573
92730.00000 0.102342
92740.00000 0.100161
92750.00000 0.098026
92760.00000 0.095933
92770.00000 0.093882
92780.00000 0.091883
92790.00000 0.089935
92800.00000 0.088035
92810.00000 0.086181
92820.00000 0.084369
92830.00000 0.082597
92840.00000 0.080862
92850.00000 0.079162
92860.00000 0.0775
92870.00000 0.075882
92880.00000 0.074307
92890.00000 0.07277
92900.00000 0.07127
92910.00000 0.069803
92920.00000 0.068366
92930.00000 0.066957
92940.00000 0.065573
92950.00000 0.064221
92960.00000 0.062903
92970.00000 0.061616
92980.00000 0.06036
92990.00000 0.059132
93000.00000 0.05793
93010.00000 0.056754
93020.00000 0.055601
93030.00000 0.054472
93040.00000 0.053373
93050.00000 0.052301
93060.00000 0.051256
93070.00000 0.050235
93080.00000 0.049237
93090.00000 0.048259
93100.00000 0.0473
93110.00000 0.046357
93120.00000 0.045433
93130.00000 0.044532
93140.00000 0.043651
93150.00000 0.04279
93160.00000 0.041949
93170.00000 0.041125
93180.00000 0.040319
93190.00000 0.039528
93200.00000 0.038753
93210.00000 0.037997
93220.00000 0.037261
93230.00000 0.036542
93240.00000 0.03584
93250.00000 0.035154
93260.00000 0.034481
93270.00000 0.03382
93280.00000 0.033171
93290.00000 0.032533
93300.00000 0.031909
93310.00000 0.031299
93320.00000 0.030702
93330.00000 0.030118
93340.00000 0.029547
93350.00000 0.028986
93360.00000 0.028436
93370.00000 0.027896
93380.00000 0.027367
93390.00000 0.02685
93400.00000 0.026346
93410.00000 0.025852
93420.00000 0.025369
93430.00000 0.024896
93440.00000 0.024431
93450.00000 0.023973
93460.00000 0.023523
93470.00000 0.023081
93480.00000 0.022648
93490.00000 0.022224
93500.00000 0.021809
93510.00000 0.021402
93520.00000 0.021003
93530.00000 0.020611
93540.00000 0.020225
93550.00000 0.019846
93560.00000 0.019475
93570.00000 0.019112
93580.00000 0.018757
93590.00000 0.018409
93600.00000 0.018067
93610.00000 0.017732
93620.00000 0.017402
93630.00000 0.017078
93640.00000 0.01676
93650.00000 0.016448
