threeML/data/optical_filters/GTC/CanariCam-Q1.ecsv
# %ECSV 0.9
# ---
# datatype:
# - {name: wavelength, unit: Angstrom, datatype: float32}
# - {name: response, datatype: float32}
# meta: !!omap
# - {band_name: Q1}
# - {group_name: CanariCam}
wavelength response
149166.00000 0.0
165740.00000 0.004
165750.00000 0.004006
165760.00000 0.004012
165770.00000 0.004018
165780.00000 0.004025
165790.00000 0.004031
165800.00000 0.004038
165810.00000 0.004046
165820.00000 0.004055
165830.00000 0.004065
165840.00000 0.004077
165850.00000 0.004089
165860.00000 0.004101
165870.00000 0.004113
165880.00000 0.004126
165890.00000 0.004139
165900.00000 0.004153
165910.00000 0.004168
165920.00000 0.004183
165930.00000 0.0042
165940.00000 0.004218
165950.00000 0.004238
165960.00000 0.004259
165970.00000 0.004282
165980.00000 0.004306
165990.00000 0.004333
166000.00000 0.004361
166010.00000 0.004391
166020.00000 0.004422
166030.00000 0.004454
166040.00000 0.004487
166050.00000 0.004522
166060.00000 0.004557
166070.00000 0.004593
166080.00000 0.00463
166090.00000 0.004668
166100.00000 0.004706
166110.00000 0.004744
166120.00000 0.004783
166130.00000 0.004824
166140.00000 0.004866
166150.00000 0.00491
166160.00000 0.004955
166170.00000 0.005
166180.00000 0.005046
166190.00000 0.005092
166200.00000 0.005138
166210.00000 0.005183
166220.00000 0.005227
166230.00000 0.005269
166240.00000 0.00531
166250.00000 0.005349
166260.00000 0.005387
166270.00000 0.005425
166280.00000 0.005462
166290.00000 0.0055
166300.00000 0.005536
166310.00000 0.005572
166320.00000 0.005607
166330.00000 0.00564
166340.00000 0.005672
166350.00000 0.005701
166360.00000 0.005729
166370.00000 0.005754
166380.00000 0.005776
166390.00000 0.005795
166400.00000 0.005812
166410.00000 0.005827
166420.00000 0.005839
166430.00000 0.005849
166440.00000 0.005857
166450.00000 0.005863
166460.00000 0.005867
166470.00000 0.005869
166480.00000 0.00587
166490.00000 0.005869
166500.00000 0.005866
166510.00000 0.005861
166520.00000 0.005855
166530.00000 0.005848
166540.00000 0.005838
166550.00000 0.005825
166560.00000 0.005809
166570.00000 0.005792
166580.00000 0.005773
166590.00000 0.005752
166600.00000 0.005729
166610.00000 0.005706
166620.00000 0.005683
166630.00000 0.005659
166640.00000 0.005635
166650.00000 0.005612
166660.00000 0.00559
166670.00000 0.005568
166680.00000 0.005546
166690.00000 0.005522
166700.00000 0.005497
166710.00000 0.005472
166720.00000 0.005446
166730.00000 0.005421
166740.00000 0.005396
166750.00000 0.005371
166760.00000 0.005347
166770.00000 0.005325
166780.00000 0.005304
166790.00000 0.005286
166800.00000 0.005269
166810.00000 0.005255
166820.00000 0.005242
166830.00000 0.00523
166840.00000 0.005219
166850.00000 0.005209
166860.00000 0.005201
166870.00000 0.005193
166880.00000 0.005187
166890.00000 0.005183
166900.00000 0.005181
166910.00000 0.00518
166920.00000 0.005181
166930.00000 0.005185
166940.00000 0.00519
166950.00000 0.005198
166960.00000 0.005208
166970.00000 0.005219
166980.00000 0.005233
166990.00000 0.005248
167000.00000 0.005265
167010.00000 0.005284
167020.00000 0.005305
167030.00000 0.005327
167040.00000 0.005351
167050.00000 0.005377
167060.00000 0.005404
167070.00000 0.005433
167080.00000 0.005463
167090.00000 0.005495
167100.00000 0.005528
167110.00000 0.005564
167120.00000 0.005601
167130.00000 0.00564
167140.00000 0.005681
167150.00000 0.005723
167160.00000 0.005766
167170.00000 0.005811
167180.00000 0.005858
167190.00000 0.005905
167200.00000 0.005953
167210.00000 0.006002
167220.00000 0.006053
167230.00000 0.006104
167240.00000 0.006156
167250.00000 0.00621
167260.00000 0.006265
167270.00000 0.006322
167280.00000 0.006379
167290.00000 0.006438
167300.00000 0.006498
167310.00000 0.006558
167320.00000 0.00662
167330.00000 0.006682
167340.00000 0.006744
167350.00000 0.006807
167360.00000 0.006871
167370.00000 0.006935
167380.00000 0.007001
167390.00000 0.007067
167400.00000 0.007135
167410.00000 0.007203
167420.00000 0.007273
167430.00000 0.007343
167440.00000 0.007413
167450.00000 0.007483
167460.00000 0.007554
167470.00000 0.007625
167480.00000 0.007695
167490.00000 0.007766
167500.00000 0.007836
167510.00000 0.007905
167520.00000 0.007975
167530.00000 0.008046
167540.00000 0.008117
167550.00000 0.008188
167560.00000 0.008259
167570.00000 0.00833
167580.00000 0.0084
167590.00000 0.008471
167600.00000 0.008541
167610.00000 0.00861
167620.00000 0.008678
167630.00000 0.008745
167640.00000 0.008811
167650.00000 0.008877
167660.00000 0.008941
167670.00000 0.009006
167680.00000 0.009069
167690.00000 0.009133
167700.00000 0.009195
167710.00000 0.009257
167720.00000 0.009318
167730.00000 0.009378
167740.00000 0.009438
167750.00000 0.009496
167760.00000 0.009553
167770.00000 0.009608
167780.00000 0.009663
167790.00000 0.009716
167800.00000 0.009767
167810.00000 0.009817
167820.00000 0.009866
167830.00000 0.009913
167840.00000 0.00996
167850.00000 0.010005
167860.00000 0.01005
167870.00000 0.010094
167880.00000 0.010137
167890.00000 0.010179
167900.00000 0.010221
167910.00000 0.010263
167920.00000 0.010304
167930.00000 0.010345
167940.00000 0.010385
167950.00000 0.010424
167960.00000 0.010461
167970.00000 0.010498
167980.00000 0.010535
167990.00000 0.01057
168000.00000 0.010606
168010.00000 0.010641
168020.00000 0.010676
168030.00000 0.010712
168040.00000 0.010747
168050.00000 0.010784
168060.00000 0.010821
168070.00000 0.010859
168080.00000 0.010896
168090.00000 0.010934
168100.00000 0.010971
168110.00000 0.011009
168120.00000 0.011046
168130.00000 0.011084
168140.00000 0.011122
168150.00000 0.011161
168160.00000 0.0112
168170.00000 0.01124
168180.00000 0.011281
168190.00000 0.011324
168200.00000 0.011367
168210.00000 0.011412
168220.00000 0.011458
168230.00000 0.011505
168240.00000 0.011553
168250.00000 0.011602
168260.00000 0.011651
168270.00000 0.011702
168280.00000 0.011753
168290.00000 0.011805
168300.00000 0.011858
168310.00000 0.011911
168320.00000 0.011965
168330.00000 0.01202
168340.00000 0.012075
168350.00000 0.012131
168360.00000 0.012188
168370.00000 0.012245
168380.00000 0.012304
168390.00000 0.012363
168400.00000 0.012422
168410.00000 0.012483
168420.00000 0.012544
168430.00000 0.012605
168440.00000 0.012668
168450.00000 0.01273
168460.00000 0.012793
168470.00000 0.012857
168480.00000 0.012921
168490.00000 0.012986
168500.00000 0.01305
168510.00000 0.013116
168520.00000 0.013181
168530.00000 0.013247
168540.00000 0.013313
168550.00000 0.013379
168560.00000 0.013447
168570.00000 0.013515
168580.00000 0.013583
168590.00000 0.013653
168600.00000 0.013723
168610.00000 0.013794
168620.00000 0.013866
168630.00000 0.01394
168640.00000 0.014014
168650.00000 0.014088
168660.00000 0.014163
168670.00000 0.014238
168680.00000 0.014313
168690.00000 0.01439
168700.00000 0.014467
168710.00000 0.014546
168720.00000 0.014626
168730.00000 0.014707
168740.00000 0.01479
168750.00000 0.014876
168760.00000 0.014963
168770.00000 0.015052
168780.00000 0.015144
168790.00000 0.015237
168800.00000 0.015333
168810.00000 0.015429
168820.00000 0.015528
168830.00000 0.015628
168840.00000 0.01573
168850.00000 0.015833
168860.00000 0.015939
168870.00000 0.016046
168880.00000 0.016154
168890.00000 0.016265
168900.00000 0.016377
168910.00000 0.016491
168920.00000 0.016606
168930.00000 0.016724
168940.00000 0.016845
168950.00000 0.016967
168960.00000 0.017092
168970.00000 0.017218
168980.00000 0.017346
168990.00000 0.017476
169000.00000 0.017607
169010.00000 0.017739
169020.00000 0.017872
169030.00000 0.018006
169040.00000 0.01814
169050.00000 0.018275
169060.00000 0.01841
169070.00000 0.018546
169080.00000 0.018684
169090.00000 0.018823
169100.00000 0.018964
169110.00000 0.019106
169120.00000 0.019248
169130.00000 0.019391
169140.00000 0.019535
169150.00000 0.019679
169160.00000 0.019823
169170.00000 0.019967
169180.00000 0.020111
169190.00000 0.020254
169200.00000 0.020396
169210.00000 0.020538
169220.00000 0.020679
169230.00000 0.02082
169240.00000 0.020961
169250.00000 0.021101
169260.00000 0.021242
169270.00000 0.021383
169280.00000 0.021523
169290.00000 0.021664
169300.00000 0.021804
169310.00000 0.021945
169320.00000 0.022086
169330.00000 0.022227
169340.00000 0.022368
169350.00000 0.02251
169360.00000 0.022651
169370.00000 0.022791
169380.00000 0.022931
169390.00000 0.023071
169400.00000 0.02321
169410.00000 0.02335
169420.00000 0.02349
169430.00000 0.023631
169440.00000 0.023773
169450.00000 0.023916
169460.00000 0.02406
169470.00000 0.024206
169480.00000 0.024354
169490.00000 0.024503
169500.00000 0.024655
169510.00000 0.024807
169520.00000 0.024959
169530.00000 0.025112
169540.00000 0.025267
169550.00000 0.025422
169560.00000 0.025579
169570.00000 0.025738
169580.00000 0.025898
169590.00000 0.026061
169600.00000 0.026226
169610.00000 0.026394
169620.00000 0.026565
169630.00000 0.026738
169640.00000 0.026915
169650.00000 0.027094
169660.00000 0.027276
169670.00000 0.027459
169680.00000 0.027645
169690.00000 0.027833
169700.00000 0.028023
169710.00000 0.028216
169720.00000 0.028411
169730.00000 0.028609
169740.00000 0.02881
169750.00000 0.029013
169760.00000 0.029218
169770.00000 0.029426
169780.00000 0.029637
169790.00000 0.029851
169800.00000 0.030068
169810.00000 0.030288
169820.00000 0.030511
169830.00000 0.030736
169840.00000 0.030964
169850.00000 0.031194
169860.00000 0.031427
169870.00000 0.031661
169880.00000 0.031898
169890.00000 0.032136
169900.00000 0.032376
169910.00000 0.032617
169920.00000 0.03286
169930.00000 0.033104
169940.00000 0.033351
169950.00000 0.0336
169960.00000 0.033851
169970.00000 0.034104
169980.00000 0.034359
169990.00000 0.034615
170000.00000 0.034874
170010.00000 0.035133
170020.00000 0.035395
170030.00000 0.035657
170040.00000 0.035921
170050.00000 0.036186
170060.00000 0.036452
170070.00000 0.036718
170080.00000 0.036986
170090.00000 0.037256
170100.00000 0.037527
170110.00000 0.037799
170120.00000 0.038073
170130.00000 0.038348
170140.00000 0.038624
170150.00000 0.038902
170160.00000 0.03918
170170.00000 0.03946
170180.00000 0.039741
170190.00000 0.040023
170200.00000 0.040306
170210.00000 0.040589
170220.00000 0.040874
170230.00000 0.041159
170240.00000 0.041445
170250.00000 0.041731
170260.00000 0.042019
170270.00000 0.042308
170280.00000 0.042598
170290.00000 0.042889
170300.00000 0.043182
170310.00000 0.043476
170320.00000 0.043771
170330.00000 0.044069
170340.00000 0.044368
170350.00000 0.044669
170360.00000 0.044973
170370.00000 0.045277
170380.00000 0.045583
170390.00000 0.045889
170400.00000 0.046198
170410.00000 0.046507
170420.00000 0.046819
170430.00000 0.047132
170440.00000 0.047447
170450.00000 0.047764
170460.00000 0.048084
170470.00000 0.048406
170480.00000 0.04873
170490.00000 0.049058
170500.00000 0.049388
170510.00000 0.04972
170520.00000 0.050054
170530.00000 0.050389
170540.00000 0.050725
170550.00000 0.051063
170560.00000 0.051404
170570.00000 0.051747
170580.00000 0.052093
170590.00000 0.052443
170600.00000 0.052796
170610.00000 0.053154
170620.00000 0.053515
170630.00000 0.053882
170640.00000 0.054254
170650.00000 0.054631
170660.00000 0.055012
170670.00000 0.055397
170680.00000 0.055785
170690.00000 0.056176
170700.00000 0.056572
170710.00000 0.056971
170720.00000 0.057375
170730.00000 0.057784
170740.00000 0.058197
170750.00000 0.058616
170760.00000 0.05904
170770.00000 0.059469
170780.00000 0.059904
170790.00000 0.060346
170800.00000 0.060793
170810.00000 0.061244
170820.00000 0.0617
170830.00000 0.062162
170840.00000 0.062628
170850.00000 0.063099
170860.00000 0.063575
170870.00000 0.064057
170880.00000 0.064545
170890.00000 0.065038
170900.00000 0.065538
170910.00000 0.066044
170920.00000 0.066556
170930.00000 0.067074
170940.00000 0.0676
170950.00000 0.068132
170960.00000 0.06867
170970.00000 0.069215
170980.00000 0.069767
170990.00000 0.070324
171000.00000 0.070887
171010.00000 0.071457
171020.00000 0.072032
171030.00000 0.072613
171040.00000 0.073199
171050.00000 0.07379
171060.00000 0.074387
171070.00000 0.074989
171080.00000 0.075596
171090.00000 0.076207
171100.00000 0.076824
171110.00000 0.077447
171120.00000 0.078075
171130.00000 0.078708
171140.00000 0.079347
171150.00000 0.079991
171160.00000 0.08064
171170.00000 0.081295
171180.00000 0.081955
171190.00000 0.08262
171200.00000 0.08329
171210.00000 0.083966
171220.00000 0.084647
171230.00000 0.085333
171240.00000 0.086025
171250.00000 0.086722
171260.00000 0.087426
171270.00000 0.088135
171280.00000 0.08885
171290.00000 0.08957
171300.00000 0.090296
171310.00000 0.091026
171320.00000 0.09176
171330.00000 0.092499
171340.00000 0.093243
171350.00000 0.09399
171360.00000 0.094741
171370.00000 0.095496
171380.00000 0.096253
171390.00000 0.097015
171400.00000 0.09778
171410.00000 0.098549
171420.00000 0.099322
171430.00000 0.100099
171440.00000 0.10088
171450.00000 0.101666
171460.00000 0.102456
171470.00000 0.10325
171480.00000 0.104049
171490.00000 0.104853
171500.00000 0.105662
171510.00000 0.106475
171520.00000 0.107294
171530.00000 0.108118
171540.00000 0.108945
171550.00000 0.109775
171560.00000 0.110609
171570.00000 0.111448
171580.00000 0.112291
171590.00000 0.113138
171600.00000 0.113991
171610.00000 0.11485
171620.00000 0.115714
171630.00000 0.116585
171640.00000 0.117462
171650.00000 0.118347
171660.00000 0.119238
171670.00000 0.120138
171680.00000 0.121045
171690.00000 0.121955
171700.00000 0.122868
171710.00000 0.123787
171720.00000 0.12471
171730.00000 0.12564
171740.00000 0.126577
171750.00000 0.127522
171760.00000 0.128475
171770.00000 0.129438
171780.00000 0.130412
171790.00000 0.131397
171800.00000 0.132393
171810.00000 0.133403
171820.00000 0.134426
171830.00000 0.135462
171840.00000 0.136506
171850.00000 0.13756
171860.00000 0.138623
171870.00000 0.139697
171880.00000 0.14078
171890.00000 0.141875
171900.00000 0.142981
171910.00000 0.144099
171920.00000 0.145229
171930.00000 0.146372
171940.00000 0.147527
171950.00000 0.148696
171960.00000 0.149878
171970.00000 0.151074
171980.00000 0.152284
171990.00000 0.153508
172000.00000 0.154744
172010.00000 0.155994
172020.00000 0.157255
172030.00000 0.158529
172040.00000 0.159816
172050.00000 0.161114
172060.00000 0.162425
172070.00000 0.163746
172080.00000 0.16508
172090.00000 0.166424
172100.00000 0.167779
172110.00000 0.169145
172120.00000 0.170522
172130.00000 0.171913
172140.00000 0.173318
172150.00000 0.174737
172160.00000 0.176169
172170.00000 0.177612
172180.00000 0.179066
172190.00000 0.180531
172200.00000 0.182005
172210.00000 0.183488
172220.00000 0.184979
172230.00000 0.186476
172240.00000 0.18798
172250.00000 0.18949
172260.00000 0.191004
172270.00000 0.192522
172280.00000 0.19405
172290.00000 0.195587
172300.00000 0.197132
172310.00000 0.198686
172320.00000 0.200247
172330.00000 0.201816
172340.00000 0.20339
172350.00000 0.204971
172360.00000 0.206557
172370.00000 0.208148
172380.00000 0.209744
172390.00000 0.211343
172400.00000 0.212945
172410.00000 0.21455
172420.00000 0.216158
172430.00000 0.21777
172440.00000 0.219387
172450.00000 0.221009
172460.00000 0.222636
172470.00000 0.224267
172480.00000 0.225903
172490.00000 0.227543
172500.00000 0.229187
172510.00000 0.230836
172520.00000 0.232489
172530.00000 0.234147
172540.00000 0.235808
172550.00000 0.237473
172560.00000 0.239143
172570.00000 0.240816
172580.00000 0.242493
172590.00000 0.244173
172600.00000 0.245858
172610.00000 0.247546
172620.00000 0.249239
172630.00000 0.250935
172640.00000 0.252637
172650.00000 0.254343
172660.00000 0.256053
172670.00000 0.257769
172680.00000 0.259489
172690.00000 0.261215
172700.00000 0.262946
172710.00000 0.264682
172720.00000 0.266424
172730.00000 0.268172
172740.00000 0.269925
172750.00000 0.271684
172760.00000 0.273448
172770.00000 0.275216
172780.00000 0.27699
172790.00000 0.278768
172800.00000 0.28055
172810.00000 0.282335
172820.00000 0.284125
172830.00000 0.285918
172840.00000 0.287714
172850.00000 0.289513
172860.00000 0.291314
172870.00000 0.293119
172880.00000 0.294929
172890.00000 0.296743
172900.00000 0.298561
172910.00000 0.300383
172920.00000 0.302209
172930.00000 0.304038
172940.00000 0.30587
172950.00000 0.307705
172960.00000 0.309543
172970.00000 0.311383
172980.00000 0.313225
172990.00000 0.315068
173000.00000 0.316913
173010.00000 0.318759
173020.00000 0.320607
173030.00000 0.322455
