threeML/data/optical_filters/GTC/CanariCam-Q4.ecsv
# %ECSV 0.9
# ---
# datatype:
# - {name: wavelength, unit: Angstrom, datatype: float32}
# - {name: response, datatype: float32}
# meta: !!omap
# - {band_name: Q4}
# - {group_name: CanariCam}
wavelength response
[from data line 1463]
208410.00000 0.317539
208420.00000 0.315726
208430.00000 0.313913
208440.00000 0.312101
208450.00000 0.31029
208460.00000 0.308481
208470.00000 0.306673
208480.00000 0.304868
208490.00000 0.303065
208500.00000 0.301266
208510.00000 0.29947
208520.00000 0.297677
208530.00000 0.295889
208540.00000 0.294105
208550.00000 0.292326
208560.00000 0.290549
208570.00000 0.288774
208580.00000 0.286999
208590.00000 0.285226
208600.00000 0.283454
208610.00000 0.281684
208620.00000 0.279916
208630.00000 0.27815
208640.00000 0.276388
208650.00000 0.274628
208660.00000 0.272872
208670.00000 0.271119
208680.00000 0.269371
208690.00000 0.267626
208700.00000 0.265887
208710.00000 0.264152
208720.00000 0.262422
208730.00000 0.260698
208740.00000 0.25898
208750.00000 0.257268
208760.00000 0.255563
208770.00000 0.253864
208780.00000 0.252169
208790.00000 0.250478
208800.00000 0.248791
208810.00000 0.247107
208820.00000 0.245428
208830.00000 0.243753
208840.00000 0.242082
208850.00000 0.240416
208860.00000 0.238755
208870.00000 0.237099
208880.00000 0.235448
208890.00000 0.233804
208900.00000 0.232165
208910.00000 0.230532
208920.00000 0.228906
208930.00000 0.227286
208940.00000 0.225673
208950.00000 0.224067
208960.00000 0.222468
208970.00000 0.220877
208980.00000 0.219293
208990.00000 0.217717
209000.00000 0.216148
209010.00000 0.214584
209020.00000 0.213027
209030.00000 0.211476
209040.00000 0.20993
209050.00000 0.208392
209060.00000 0.206859
209070.00000 0.205333
209080.00000 0.203813
209090.00000 0.2023
209100.00000 0.200793
209110.00000 0.199293
209120.00000 0.1978
209130.00000 0.196314
209140.00000 0.194835
209150.00000 0.193363
209160.00000 0.191898
209170.00000 0.19044
209180.00000 0.188989
209190.00000 0.187546
209200.00000 0.18611
209210.00000 0.184681
209220.00000 0.18326
209230.00000 0.181845
209240.00000 0.180437
209250.00000 0.179037
209260.00000 0.177643
209270.00000 0.176256
209280.00000 0.174876
209290.00000 0.173503
209300.00000 0.172137
209310.00000 0.170778
209320.00000 0.169425
209330.00000 0.16808
209340.00000 0.166742
209350.00000 0.16541
209360.00000 0.164086
209370.00000 0.162768
209380.00000 0.161457
209390.00000 0.160153
209400.00000 0.158856
209410.00000 0.157566
209420.00000 0.156283
209430.00000 0.155006
209440.00000 0.153736
209450.00000 0.152473
209460.00000 0.151216
209470.00000 0.149966
209480.00000 0.148722
209490.00000 0.147486
209500.00000 0.146256
209510.00000 0.145033
209520.00000 0.143817
209530.00000 0.142607
209540.00000 0.141405
209550.00000 0.140211
209560.00000 0.139023
209570.00000 0.137843
209580.00000 0.13667
209590.00000 0.135505
209600.00000 0.134347
209610.00000 0.133197
209620.00000 0.132054
209630.00000 0.130919
209640.00000 0.129792
209650.00000 0.128673
209660.00000 0.12756
209670.00000 0.126454
209680.00000 0.125356
209690.00000 0.124264
209700.00000 0.123179
209710.00000 0.122102
209720.00000 0.121032
209730.00000 0.119969
209740.00000 0.118914
209750.00000 0.117866
209760.00000 0.116826
209770.00000 0.115793
209780.00000 0.114769
209790.00000 0.113752
209800.00000 0.112744
209810.00000 0.111743
209820.00000 0.11075
209830.00000 0.109766
209840.00000 0.10879
209850.00000 0.107823
209860.00000 0.106864
209870.00000 0.105913
209880.00000 0.10497
209890.00000 0.104036
209900.00000 0.103109
209910.00000 0.102191
209920.00000 0.10128
209930.00000 0.100377
209940.00000 0.099483
209950.00000 0.098596
209960.00000 0.097717
209970.00000 0.096846
209980.00000 0.095983
209990.00000 0.095128
210000.00000 0.094281
210010.00000 0.093441
210020.00000 0.09261
210030.00000 0.091786
210040.00000 0.09097
210050.00000 0.090163
210060.00000 0.089362
210070.00000 0.08857
210080.00000 0.087786
210090.00000 0.087009
210100.00000 0.086241
210110.00000 0.085482
210120.00000 0.084732
210130.00000 0.083989
210140.00000 0.083255
210150.00000 0.08253
210160.00000 0.081812
210170.00000 0.081102
210180.00000 0.080399
210190.00000 0.079704
210200.00000 0.079016
210210.00000 0.078336
210220.00000 0.077663
210230.00000 0.076996
210240.00000 0.076337
210250.00000 0.075684
210260.00000 0.075038
210270.00000 0.074398
210280.00000 0.073764
210290.00000 0.073136
210300.00000 0.072514
210310.00000 0.071899
210320.00000 0.071291
210330.00000 0.07069
210340.00000 0.070097
210350.00000 0.069511
210360.00000 0.068933
210370.00000 0.068361
210380.00000 0.067797
210390.00000 0.067239
210400.00000 0.066687
210410.00000 0.066143
210420.00000 0.065604
210430.00000 0.065072
210440.00000 0.064545
210450.00000 0.064025
210460.00000 0.06351
210470.00000 0.063001
210480.00000 0.062497
210490.00000 0.061998
210500.00000 0.061505
210510.00000 0.061016
210520.00000 0.060532
210530.00000 0.060054
210540.00000 0.059582
210550.00000 0.059117
210560.00000 0.058659
210570.00000 0.058208
210580.00000 0.057764
210590.00000 0.057325
210600.00000 0.056893
210610.00000 0.056466
210620.00000 0.056044
210630.00000 0.055628
210640.00000 0.055217
210650.00000 0.05481
210660.00000 0.054407
210670.00000 0.054009
210680.00000 0.053614
210690.00000 0.053223
210700.00000 0.052836
210710.00000 0.052451
210720.00000 0.052069
210730.00000 0.05169
210740.00000 0.051313
210750.00000 0.050938
210760.00000 0.050568
210770.00000 0.050202
210780.00000 0.049843
210790.00000 0.049488
210800.00000 0.049137
210810.00000 0.048791
210820.00000 0.048449
210830.00000 0.048111
210840.00000 0.047776
210850.00000 0.047444
210860.00000 0.047115
210870.00000 0.04679
210880.00000 0.046466
210890.00000 0.046145
210900.00000 0.045825
210910.00000 0.045507
210920.00000 0.04519
210930.00000 0.044875
210940.00000 0.04456
210950.00000 0.044246
210960.00000 0.043932
210970.00000 0.043617
210980.00000 0.043304
210990.00000 0.042995
211000.00000 0.042688
211010.00000 0.042384
211020.00000 0.042082
211030.00000 0.041783
211040.00000 0.041485
211050.00000 0.041189
211060.00000 0.040895
211070.00000 0.040602
211080.00000 0.040311
211090.00000 0.04002
211100.00000 0.03973
211110.00000 0.03944
211120.00000 0.039151
211130.00000 0.038862
211140.00000 0.038572
211150.00000 0.038282
211160.00000 0.037991
211170.00000 0.0377
211180.00000 0.037407
211190.00000 0.037114
211200.00000 0.036818
211210.00000 0.036523
211220.00000 0.036226
211230.00000 0.035929
211240.00000 0.035632
211250.00000 0.035335
211260.00000 0.035037
211270.00000 0.034739
211280.00000 0.034442
211290.00000 0.034144
211300.00000 0.033847
211310.00000 0.03355
211320.00000 0.033254
211330.00000 0.032958
211340.00000 0.032663
211350.00000 0.032369
211360.00000 0.032076
211370.00000 0.031784
211380.00000 0.031493
211390.00000 0.031203
211400.00000 0.030914
211410.00000 0.030627
211420.00000 0.030342
211430.00000 0.030056
211440.00000 0.02977
211450.00000 0.029483
211460.00000 0.029197
211470.00000 0.028911
211480.00000 0.028626
211490.00000 0.028341
211500.00000 0.028056
211510.00000 0.027773
211520.00000 0.027491
211530.00000 0.027211
211540.00000 0.026932
211550.00000 0.026655
211560.00000 0.026379
211570.00000 0.026106
211580.00000 0.025836
211590.00000 0.025568
211600.00000 0.025302
211610.00000 0.02504
211620.00000 0.024781
211630.00000 0.024525
211640.00000 0.024272
211650.00000 0.024022
211660.00000 0.023773
211670.00000 0.023526
211680.00000 0.02328
211690.00000 0.023035
211700.00000 0.022793
211710.00000 0.022552
211720.00000 0.022314
211730.00000 0.022077
211740.00000 0.021844
211750.00000 0.021613
211760.00000 0.021385
211770.00000 0.02116
211780.00000 0.020939
211790.00000 0.02072
211800.00000 0.020506
211810.00000 0.020295
211820.00000 0.020088
211830.00000 0.019886
211840.00000 0.019687
211850.00000 0.019493
211860.00000 0.019304
211870.00000 0.01912
211880.00000 0.01894
211890.00000 0.018764
211900.00000 0.018592
211910.00000 0.018424
211920.00000 0.01826
211930.00000 0.0181
211940.00000 0.017943
211950.00000 0.01779
211960.00000 0.01764
211970.00000 0.017494
211980.00000 0.017351
211990.00000 0.017212
212000.00000 0.017075
212010.00000 0.016942
212020.00000 0.016811
212030.00000 0.016683
212040.00000 0.016557
212050.00000 0.016435
212060.00000 0.016314
212070.00000 0.016196
212080.00000 0.016081
212090.00000 0.015967
212100.00000 0.015857
212110.00000 0.015751
212120.00000 0.015649
212130.00000 0.01555
212140.00000 0.015455
212150.00000 0.015363
212160.00000 0.015274
212170.00000 0.015188
212180.00000 0.015105
212190.00000 0.015024
212200.00000 0.014946
212210.00000 0.01487
212220.00000 0.014795
212230.00000 0.014723
212240.00000 0.014652
212250.00000 0.014582
212260.00000 0.014514
212270.00000 0.014447
212280.00000 0.014381
212290.00000 0.014315
212300.00000 0.01425
212310.00000 0.014185
212320.00000 0.014121
212330.00000 0.01406
212340.00000 0.014001
212350.00000 0.013944
212360.00000 0.01389
212370.00000 0.013838
212380.00000 0.013788
212390.00000 0.013739
212400.00000 0.013692
212410.00000 0.013646
212420.00000 0.013601
212430.00000 0.013557
212440.00000 0.013513
212450.00000 0.01347
212460.00000 0.013427
212470.00000 0.013384
212480.00000 0.01334
212490.00000 0.013297
212500.00000 0.013252
212510.00000 0.013207
212520.00000 0.01316
212530.00000 0.013112
212540.00000 0.013063
212550.00000 0.013013
212560.00000 0.012963
212570.00000 0.012913
212580.00000 0.012864
212590.00000 0.012814
212600.00000 0.012764
212610.00000 0.012715
212620.00000 0.012665
212630.00000 0.012615
212640.00000 0.012565
212650.00000 0.012514
212660.00000 0.012463
212670.00000 0.012412
212680.00000 0.01236
212690.00000 0.012308
212700.00000 0.012256
212710.00000 0.012202
212720.00000 0.012149
212730.00000 0.012094
212740.00000 0.012039
212750.00000 0.011983
212760.00000 0.011926
212770.00000 0.011869
212780.00000 0.01181
212790.00000 0.011751
212800.00000 0.011692
212810.00000 0.011632
212820.00000 0.011571
212830.00000 0.01151
212840.00000 0.011448
212850.00000 0.011386
212860.00000 0.011323
212870.00000 0.01126
212880.00000 0.011196
212890.00000 0.011132
212900.00000 0.011067
212910.00000 0.011002
212920.00000 0.010936
212930.00000 0.01087
212940.00000 0.010804
212950.00000 0.010737
212960.00000 0.01067
212970.00000 0.010603
212980.00000 0.010535
212990.00000 0.010468
213000.00000 0.010399
213010.00000 0.01033
213020.00000 0.01026
213030.00000 0.010189
213040.00000 0.010117
213050.00000 0.010045
213060.00000 0.009973
213070.00000 0.0099
213080.00000 0.009826
213090.00000 0.009752
213100.00000 0.009678
213110.00000 0.009604
213120.00000 0.00953
213130.00000 0.009455
213140.00000 0.009381
213150.00000 0.009307
213160.00000 0.009233
213170.00000 0.009159
213180.00000 0.009086
213190.00000 0.009013
213200.00000 0.00894
213210.00000 0.008868
213220.00000 0.008797
213230.00000 0.008726
213240.00000 0.008654
213250.00000 0.008583
213260.00000 0.008511
213270.00000 0.008439
213280.00000 0.008368
213290.00000 0.008296
213300.00000 0.008224
213310.00000 0.008153
213320.00000 0.008082
213330.00000 0.008011
213340.00000 0.00794
213350.00000 0.00787
213360.00000 0.007801
213370.00000 0.007731
213380.00000 0.007663
213390.00000 0.007595
213400.00000 0.007527
213410.00000 0.00746
213420.00000 0.007395
213430.00000 0.007329
213440.00000 0.007265
213450.00000 0.007202
213460.00000 0.007139
213470.00000 0.007076
213480.00000 0.007014
213490.00000 0.006952
213500.00000 0.00689
213510.00000 0.006829
213520.00000 0.006768
213530.00000 0.006708
213540.00000 0.006649
213550.00000 0.00659
213560.00000 0.006531
213570.00000 0.006474
213580.00000 0.006417
213590.00000 0.006361
213600.00000 0.006306
213610.00000 0.006252
213620.00000 0.006199
213630.00000 0.006146
213640.00000 0.006095
213650.00000 0.006045
213660.00000 0.005996
213670.00000 0.005948
213680.00000 0.005901
213690.00000 0.005855
213700.00000 0.005811
213710.00000 0.005767
213720.00000 0.005724
213730.00000 0.005682
213740.00000 0.005641
213750.00000 0.005601
213760.00000 0.005562
213770.00000 0.005524
213780.00000 0.005486
213790.00000 0.00545
213800.00000 0.005414
213810.00000 0.005379
213820.00000 0.005345
213830.00000 0.005312
213840.00000 0.005279
213850.00000 0.005247
213860.00000 0.005216
213870.00000 0.005186
213880.00000 0.005157
213890.00000 0.005128
213900.00000 0.005099
213910.00000 0.005072
213920.00000 0.005046
213930.00000 0.00502
213940.00000 0.004996
213950.00000 0.004973
213960.00000 0.004951
213970.00000 0.00493
213980.00000 0.004909
213990.00000 0.004889
214000.00000 0.00487
214010.00000 0.004852
214020.00000 0.004834
214030.00000 0.004817
214040.00000 0.0048
214050.00000 0.004784
214060.00000 0.004768
214070.00000 0.004753
214080.00000 0.004738
214090.00000 0.004723
214100.00000 0.004708
214110.00000 0.004693
214120.00000 0.004679
214130.00000 0.004664
214140.00000 0.00465
214150.00000 0.004636
214160.00000 0.004623
214170.00000 0.004611
214180.00000 0.004599
214190.00000 0.004588
214200.00000 0.004577
214210.00000 0.004567
214220.00000 0.004557
214230.00000 0.004547
214240.00000 0.004538
214250.00000 0.004529
214260.00000 0.00452
214270.00000 0.00451
214280.00000 0.004502
214290.00000 0.004492
214300.00000 0.004483
214310.00000 0.004474
214320.00000 0.004465
214330.00000 0.004455
214340.00000 0.004445
214350.00000 0.004434
214360.00000 0.004424
214370.00000 0.004412
214380.00000 0.004401
214390.00000 0.00439
214400.00000 0.004379
214410.00000 0.004368
214420.00000 0.004357
214430.00000 0.004346
214440.00000 0.004335
214450.00000 0.004324
214460.00000 0.004313
214470.00000 0.004302
214480.00000 0.00429
214490.00000 0.004279
214500.00000 0.004267
214510.00000 0.004255
214520.00000 0.004242
214530.00000 0.00423
214540.00000 0.004217
214550.00000 0.004204
214560.00000 0.004191
214570.00000 0.004177
214580.00000 0.004163
214590.00000 0.004149
214600.00000 0.004134
214610.00000 0.004119
214620.00000 0.004104
214630.00000 0.004088
214640.00000 0.004073
214650.00000 0.004057
214660.00000 0.00404
214670.00000 0.004024
214680.00000 0.004007
236148.00000 0.0
