threeML/data/optical_filters/GTC/CanariCam-PAH2.ecsv
# %ECSV 0.9
# ---
# datatype:
# - {name: wavelength, unit: Angstrom, datatype: float32}
# - {name: response, datatype: float32}
# meta: !!omap
# - {band_name: PAH2}
# - {group_name: CanariCam}
wavelength response
[from data line 731]
111990.00000 0.758565
112000.00000 0.758289
112010.00000 0.758014
112020.00000 0.757741
112030.00000 0.757469
112040.00000 0.757198
112050.00000 0.756929
112060.00000 0.756661
112070.00000 0.756393
112080.00000 0.756128
112090.00000 0.755864
112100.00000 0.755603
112110.00000 0.755345
112120.00000 0.755089
112130.00000 0.754835
112140.00000 0.754583
112150.00000 0.754334
112160.00000 0.754089
112170.00000 0.753848
112180.00000 0.75361
112190.00000 0.753374
112200.00000 0.753142
112210.00000 0.752914
112220.00000 0.752689
112230.00000 0.752469
112240.00000 0.752253
112250.00000 0.752041
112260.00000 0.751833
112270.00000 0.751629
112280.00000 0.751429
112290.00000 0.751233
112300.00000 0.751042
112310.00000 0.750855
112320.00000 0.750672
112330.00000 0.750494
112340.00000 0.750319
112350.00000 0.750149
112360.00000 0.749982
112370.00000 0.749819
112380.00000 0.749662
112390.00000 0.749508
112400.00000 0.749358
112410.00000 0.74921
112420.00000 0.749064
112430.00000 0.748921
112440.00000 0.748781
112450.00000 0.748645
112460.00000 0.748511
112470.00000 0.748376
112480.00000 0.748241
112490.00000 0.748103
112500.00000 0.747966
112510.00000 0.747829
112520.00000 0.747692
112530.00000 0.747552
112540.00000 0.747409
112550.00000 0.747261
112560.00000 0.747109
112570.00000 0.746953
112580.00000 0.746795
112590.00000 0.746632
112600.00000 0.746467
112610.00000 0.746298
112620.00000 0.746125
112630.00000 0.745947
112640.00000 0.745765
112650.00000 0.745581
112660.00000 0.745396
112670.00000 0.745212
112680.00000 0.74503
112690.00000 0.744845
112700.00000 0.74466
112710.00000 0.744475
112720.00000 0.744292
112730.00000 0.744113
112740.00000 0.74394
112750.00000 0.743771
112760.00000 0.743605
112770.00000 0.743442
112780.00000 0.743283
112790.00000 0.743128
112800.00000 0.742978
112810.00000 0.742832
112820.00000 0.742692
112830.00000 0.742557
112840.00000 0.742425
112850.00000 0.742294
112860.00000 0.742164
112870.00000 0.742033
112880.00000 0.741904
112890.00000 0.741778
112900.00000 0.741652
112910.00000 0.741525
112920.00000 0.741396
112930.00000 0.741262
112940.00000 0.741125
112950.00000 0.740986
112960.00000 0.740844
112970.00000 0.740699
112980.00000 0.740551
112990.00000 0.740399
113000.00000 0.740243
113010.00000 0.740082
113020.00000 0.739917
113030.00000 0.739749
113040.00000 0.739579
113050.00000 0.739408
113060.00000 0.739236
113070.00000 0.739063
113080.00000 0.738888
113090.00000 0.738711
113100.00000 0.738534
113110.00000 0.738358
113120.00000 0.738182
113130.00000 0.738008
113140.00000 0.737834
113150.00000 0.737661
113160.00000 0.737488
113170.00000 0.737316
113180.00000 0.737143
113190.00000 0.736971
113200.00000 0.736802
113210.00000 0.736634
113220.00000 0.736465
113230.00000 0.736296
113240.00000 0.736122
113250.00000 0.735944
113260.00000 0.735762
113270.00000 0.735579
113280.00000 0.735393
113290.00000 0.735203
113300.00000 0.735007
113310.00000 0.734804
113320.00000 0.734594
113330.00000 0.734379
113340.00000 0.734158
113350.00000 0.733932
113360.00000 0.733697
113370.00000 0.733453
113380.00000 0.733199
113390.00000 0.732935
113400.00000 0.732662
113410.00000 0.73238
113420.00000 0.73209
113430.00000 0.731792
113440.00000 0.731486
113450.00000 0.731172
113460.00000 0.73085
113470.00000 0.730519
113480.00000 0.730181
113490.00000 0.729835
113500.00000 0.729481
113510.00000 0.72912
113520.00000 0.728751
113530.00000 0.728372
113540.00000 0.727986
113550.00000 0.727594
113560.00000 0.727197
113570.00000 0.726796
113580.00000 0.726391
113590.00000 0.725981
113600.00000 0.725565
113610.00000 0.725145
113620.00000 0.72472
113630.00000 0.72429
113640.00000 0.723855
113650.00000 0.723415
113660.00000 0.72297
113670.00000 0.72252
113680.00000 0.722065
113690.00000 0.721606
113700.00000 0.721143
113710.00000 0.720676
113720.00000 0.720207
113730.00000 0.719733
113740.00000 0.719253
113750.00000 0.718768
113760.00000 0.718275
113770.00000 0.717773
113780.00000 0.717265
113790.00000 0.71675
113800.00000 0.716228
113810.00000 0.715699
113820.00000 0.715162
113830.00000 0.714618
113840.00000 0.714066
113850.00000 0.713508
113860.00000 0.712943
113870.00000 0.71237
113880.00000 0.711787
113890.00000 0.711194
113900.00000 0.710591
113910.00000 0.709978
113920.00000 0.709357
113930.00000 0.708726
113940.00000 0.708084
113950.00000 0.707432
113960.00000 0.706768
113970.00000 0.706094
113980.00000 0.705413
113990.00000 0.704721
114000.00000 0.704017
114010.00000 0.703297
114020.00000 0.702561
114030.00000 0.701806
114040.00000 0.701038
114050.00000 0.700256
114060.00000 0.699457
114070.00000 0.69864
114080.00000 0.697803
114090.00000 0.696942
114100.00000 0.69606
114110.00000 0.695161
114120.00000 0.694242
114130.00000 0.6933
114140.00000 0.692334
114150.00000 0.691341
114160.00000 0.690319
114170.00000 0.689272
114180.00000 0.6882
114190.00000 0.687102
114200.00000 0.685978
114210.00000 0.684827
114220.00000 0.683648
114230.00000 0.682441
114240.00000 0.681207
114250.00000 0.679946
114260.00000 0.678659
114270.00000 0.677346
114280.00000 0.676008
114290.00000 0.674645
114300.00000 0.673253
114310.00000 0.671834
114320.00000 0.670391
114330.00000 0.668925
114340.00000 0.667437
114350.00000 0.665931
114360.00000 0.664404
114370.00000 0.662851
114380.00000 0.661277
114390.00000 0.659684
114400.00000 0.658075
114410.00000 0.656455
114420.00000 0.654824
114430.00000 0.653176
114440.00000 0.65151
114450.00000 0.649831
114460.00000 0.648143
114470.00000 0.646451
114480.00000 0.644759
114490.00000 0.643066
114500.00000 0.641364
114510.00000 0.639656
114520.00000 0.637946
114530.00000 0.636238
114540.00000 0.634533
114550.00000 0.632837
114560.00000 0.631144
114570.00000 0.629455
114580.00000 0.627769
114590.00000 0.626086
114600.00000 0.624406
114610.00000 0.622728
114620.00000 0.621055
114630.00000 0.619389
114640.00000 0.617727
114650.00000 0.616067
114660.00000 0.614405
114670.00000 0.612739
114680.00000 0.611067
114690.00000 0.609392
114700.00000 0.607719
114710.00000 0.606042
114720.00000 0.604359
114730.00000 0.602665
114740.00000 0.600958
114750.00000 0.599235
114760.00000 0.597502
114770.00000 0.59576
114780.00000 0.594005
114790.00000 0.592237
114800.00000 0.590454
114810.00000 0.588655
114820.00000 0.586838
114830.00000 0.585007
114840.00000 0.583161
114850.00000 0.5813
114860.00000 0.579424
114870.00000 0.577533
114880.00000 0.575626
114890.00000 0.573702
114900.00000 0.571762
114910.00000 0.569807
114920.00000 0.567839
114930.00000 0.56586
114940.00000 0.563871
114950.00000 0.561873
114960.00000 0.55986
114970.00000 0.557836
114980.00000 0.555801
114990.00000 0.55376
115000.00000 0.551712
115010.00000 0.549662
115020.00000 0.547604
115030.00000 0.545537
115040.00000 0.543464
115050.00000 0.541387
115060.00000 0.539309
115070.00000 0.537234
115080.00000 0.535162
115090.00000 0.533088
115100.00000 0.531014
115110.00000 0.528941
115120.00000 0.526869
115130.00000 0.5248
115140.00000 0.522734
115150.00000 0.520673
115160.00000 0.518614
115170.00000 0.516559
115180.00000 0.514505
115190.00000 0.512454
115200.00000 0.510406
115210.00000 0.508359
115220.00000 0.506317
115230.00000 0.50428
115240.00000 0.502245
115250.00000 0.50021
115260.00000 0.498173
115270.00000 0.496132
115280.00000 0.494087
115290.00000 0.492042
115300.00000 0.489996
115310.00000 0.487947
115320.00000 0.485892
115330.00000 0.483831
115340.00000 0.48176
115350.00000 0.479682
115360.00000 0.4776
115370.00000 0.47551
115380.00000 0.473413
115390.00000 0.471307
115400.00000 0.46919
115410.00000 0.467062
115420.00000 0.464922
115430.00000 0.462774
115440.00000 0.460615
115450.00000 0.458447
115460.00000 0.456269
115470.00000 0.454083
115480.00000 0.451886
115490.00000 0.449679
115500.00000 0.447462
115510.00000 0.445237
115520.00000 0.443003
115530.00000 0.440762
115540.00000 0.438516
115550.00000 0.436262
115560.00000 0.433999
115570.00000 0.431728
115580.00000 0.429451
115590.00000 0.42717
115600.00000 0.424886
115610.00000 0.4226
115620.00000 0.420309
115630.00000 0.418013
115640.00000 0.415713
115650.00000 0.413411
115660.00000 0.411108
115670.00000 0.408807
115680.00000 0.406508
115690.00000 0.404207
115700.00000 0.401904
115710.00000 0.399602
115720.00000 0.397302
115730.00000 0.395005
115740.00000 0.392714
115750.00000 0.390427
115760.00000 0.388142
115770.00000 0.38586
115780.00000 0.383582
115790.00000 0.381308
115800.00000 0.37904
115810.00000 0.376779
115820.00000 0.374523
115830.00000 0.372272
115840.00000 0.370027
115850.00000 0.367786
115860.00000 0.365551
115870.00000 0.363319
115880.00000 0.361093
115890.00000 0.358872
115900.00000 0.356656
115910.00000 0.354445
115920.00000 0.352238
115930.00000 0.350033
115940.00000 0.34783
115950.00000 0.345629
115960.00000 0.343432
115970.00000 0.341237
115980.00000 0.339045
115990.00000 0.336855
116000.00000 0.334665
116010.00000 0.332474
116020.00000 0.330284
116030.00000 0.328094
116040.00000 0.325906
116050.00000 0.323718
116060.00000 0.321531
116070.00000 0.319346
116080.00000 0.317163
116090.00000 0.314979
116100.00000 0.312795
116110.00000 0.310613
116120.00000 0.308433
116130.00000 0.306257
116140.00000 0.304085
116150.00000 0.301919
116160.00000 0.299754
116170.00000 0.297591
116180.00000 0.295433
116190.00000 0.293281
116200.00000 0.291135
116210.00000 0.288998
116220.00000 0.286868
116230.00000 0.284745
116240.00000 0.282627
116250.00000 0.280517
116260.00000 0.278415
116270.00000 0.276323
116280.00000 0.274241
116290.00000 0.272168
116300.00000 0.270103
116310.00000 0.268048
116320.00000 0.266002
116330.00000 0.263965
116340.00000 0.261937
116350.00000 0.25992
116360.00000 0.257912
116370.00000 0.255913
116380.00000 0.253924
116390.00000 0.251945
116400.00000 0.249974
116410.00000 0.248013
116420.00000 0.246061
116430.00000 0.244119
116440.00000 0.242186
116450.00000 0.240262
116460.00000 0.238347
116470.00000 0.236441
116480.00000 0.234545
116490.00000 0.232656
116500.00000 0.230777
116510.00000 0.228906
116520.00000 0.227045
116530.00000 0.225192
116540.00000 0.22335
116550.00000 0.221518
116560.00000 0.219696
116570.00000 0.217883
116580.00000 0.216081
116590.00000 0.214288
116600.00000 0.212504
116610.00000 0.210731
116620.00000 0.208968
116630.00000 0.207215
116640.00000 0.205471
116650.00000 0.203738
116660.00000 0.202014
116670.00000 0.200301
116680.00000 0.198598
116690.00000 0.196907
116700.00000 0.195226
116710.00000 0.193557
116720.00000 0.191897
116730.00000 0.190248
116740.00000 0.188608
116750.00000 0.186978
116760.00000 0.185357
116770.00000 0.183745
116780.00000 0.182142
116790.00000 0.18055
116800.00000 0.178966
116810.00000 0.177392
116820.00000 0.175828
116830.00000 0.174273
116840.00000 0.172729
116850.00000 0.171194
116860.00000 0.169669
116870.00000 0.168153
116880.00000 0.166644
116890.00000 0.165144
116900.00000 0.163651
116910.00000 0.162166
116920.00000 0.16069
116930.00000 0.159222
116940.00000 0.157763
116950.00000 0.156313
116960.00000 0.154873
116970.00000 0.153443
116980.00000 0.152021
116990.00000 0.150609
117000.00000 0.149206
117010.00000 0.147813
117020.00000 0.146428
117030.00000 0.145053
117040.00000 0.143686
117050.00000 0.142327
117060.00000 0.140978
117070.00000 0.139638
117080.00000 0.13831
117090.00000 0.136994
117100.00000 0.135691
117110.00000 0.134399
117120.00000 0.133118
117130.00000 0.131849
117140.00000 0.130592
117150.00000 0.129347
117160.00000 0.128114
117170.00000 0.126894
117180.00000 0.125684
117190.00000 0.124486
117200.00000 0.1233
117210.00000 0.122127
117220.00000 0.120968
117230.00000 0.119823
117240.00000 0.118694
117250.00000 0.117578
117260.00000 0.116477
117270.00000 0.115389
117280.00000 0.114314
117290.00000 0.113252
117300.00000 0.112202
117310.00000 0.111164
117320.00000 0.110139
117330.00000 0.109127
117340.00000 0.108128
117350.00000 0.107141
117360.00000 0.106167
117370.00000 0.105206
117380.00000 0.104258
117390.00000 0.103324
117400.00000 0.102403
117410.00000 0.101495
117420.00000 0.100597
117430.00000 0.099709
117440.00000 0.098831
117450.00000 0.097963
117460.00000 0.097106
117470.00000 0.09626
117480.00000 0.095424
117490.00000 0.094598
117500.00000 0.09378
117510.00000 0.092971
117520.00000 0.092172
117530.00000 0.091383
117540.00000 0.090604
117550.00000 0.089833
117560.00000 0.089069
117570.00000 0.088311
117580.00000 0.087556
117590.00000 0.086808
117600.00000 0.086066
117610.00000 0.085331
117620.00000 0.084601
117630.00000 0.083876
117640.00000 0.083155
117650.00000 0.082438
117660.00000 0.081726
117670.00000 0.081019
117680.00000 0.080316
117690.00000 0.079618
117700.00000 0.078923
117710.00000 0.078232
117720.00000 0.077543
117730.00000 0.076857
117740.00000 0.076174
117750.00000 0.075494
117760.00000 0.074818
117770.00000 0.074148
117780.00000 0.073483
117790.00000 0.072823
117800.00000 0.072168
117810.00000 0.071517
117820.00000 0.070872
117830.00000 0.070232
117840.00000 0.069597
117850.00000 0.06897
117860.00000 0.06835
117870.00000 0.067735
117880.00000 0.067126
117890.00000 0.066523
117900.00000 0.065927
117910.00000 0.065338
117920.00000 0.064756
117930.00000 0.064182
117940.00000 0.063616
117950.00000 0.063057
117960.00000 0.062505
117970.00000 0.06196
117980.00000 0.061421
117990.00000 0.060888
118000.00000 0.060362
118010.00000 0.059842
118020.00000 0.059329
118030.00000 0.058822
118040.00000 0.058321
118050.00000 0.057825
118060.00000 0.057333
118070.00000 0.056845
118080.00000 0.056364
118090.00000 0.055887
118100.00000 0.055416
118110.00000 0.054949
118120.00000 0.054485
118130.00000 0.054024
118140.00000 0.053565
118150.00000 0.05311
118160.00000 0.052659
118170.00000 0.05221
118180.00000 0.051765
118190.00000 0.051322
118200.00000 0.050881
118210.00000 0.050442
118220.00000 0.050005
118230.00000 0.049571
118240.00000 0.049139
118250.00000 0.048709
118260.00000 0.048282
118270.00000 0.047857
118280.00000 0.047434
118290.00000 0.047013
118300.00000 0.046594
118310.00000 0.046178
118320.00000 0.045765
118330.00000 0.045354
118340.00000 0.044947
118350.00000 0.044543
118360.00000 0.044141
118370.00000 0.043742
118380.00000 0.043346
118390.00000 0.042954
118400.00000 0.042566
118410.00000 0.042183
118420.00000 0.041804
118430.00000 0.041429
118440.00000 0.041057
118450.00000 0.04069
118460.00000 0.040328
118470.00000 0.039969
118480.00000 0.039615
118490.00000 0.039267
118500.00000 0.038922
118510.00000 0.038583
118520.00000 0.038248
118530.00000 0.037917
118540.00000 0.03759
118550.00000 0.037268
118560.00000 0.036951
118570.00000 0.036638
118580.00000 0.03633
118590.00000 0.036026
118600.00000 0.035726
118610.00000 0.035429
118620.00000 0.035135
118630.00000 0.034843
118640.00000 0.034555
118650.00000 0.03427
118660.00000 0.033988
118670.00000 0.033709
118680.00000 0.033432
118690.00000 0.033156
118700.00000 0.032882
118710.00000 0.03261
118720.00000 0.032341
118730.00000 0.032073
118740.00000 0.031808
118750.00000 0.031543
118760.00000 0.031279
118770.00000 0.031016
118780.00000 0.030753
118790.00000 0.030492
118800.00000 0.030231
118810.00000 0.029973
118820.00000 0.029715
118830.00000 0.02946
118840.00000 0.029206
118850.00000 0.028954
118860.00000 0.028703
118870.00000 0.028454
118880.00000 0.028207
118890.00000 0.027962
118900.00000 0.027721
118910.00000 0.027482
118920.00000 0.027245
118930.00000 0.02701
118940.00000 0.026778
118950.00000 0.026549
118960.00000 0.026323
118970.00000 0.026102
118980.00000 0.025886
118990.00000 0.025674
119000.00000 0.025465
119010.00000 0.025261
119020.00000 0.025061
119030.00000 0.024865
119040.00000 0.024672
119050.00000 0.024484
119060.00000 0.024301
119070.00000 0.024122
119080.00000 0.023946
119090.00000 0.023775
119100.00000 0.023607
119110.00000 0.023442
119120.00000 0.023281
119130.00000 0.023123
119140.00000 0.02297
119150.00000 0.02282
119160.00000 0.022673
119170.00000 0.022528
119180.00000 0.022385
119190.00000 0.022242
119200.00000 0.0221
119210.00000 0.021961
119220.00000 0.021824
119230.00000 0.021688
119240.00000 0.021553
119250.00000 0.021418
119260.00000 0.021284
119270.00000 0.02115
119280.00000 0.021017
