threeML/data/optical_filters/GTC/CanariCam-Si2.ecsv
# %ECSV 0.9
# ---
# datatype:
# - {name: wavelength, unit: Angstrom, datatype: float32}
# - {name: response, datatype: float32}
# meta: !!omap
# - {band_name: Si2}
# - {group_name: CanariCam}
wavelength response
70524.00000 0.0
78360.00000 0.004036
78370.00000 0.004079
78380.00000 0.004123
78390.00000 0.004167
78400.00000 0.004212
78410.00000 0.004257
78420.00000 0.004303
78430.00000 0.00435
78440.00000 0.004398
78450.00000 0.004446
78460.00000 0.004495
78470.00000 0.004546
78480.00000 0.004598
78490.00000 0.004651
78500.00000 0.004706
78510.00000 0.004763
78520.00000 0.004821
78530.00000 0.004881
78540.00000 0.004943
78550.00000 0.005006
78560.00000 0.00507
78570.00000 0.005137
78580.00000 0.005205
78590.00000 0.005274
78600.00000 0.005345
78610.00000 0.005418
78620.00000 0.005492
78630.00000 0.005568
78640.00000 0.005646
78650.00000 0.005725
78660.00000 0.005805
78670.00000 0.005887
78680.00000 0.005969
78690.00000 0.006052
78700.00000 0.006136
78710.00000 0.006222
78720.00000 0.006308
78730.00000 0.006395
78740.00000 0.006483
78750.00000 0.006573
78760.00000 0.006663
78770.00000 0.006754
78780.00000 0.006846
78790.00000 0.006939
78800.00000 0.007034
78810.00000 0.007129
78820.00000 0.007224
78830.00000 0.007321
78840.00000 0.007419
78850.00000 0.007518
78860.00000 0.007618
78870.00000 0.00772
78880.00000 0.007824
78890.00000 0.007929
78900.00000 0.008035
78910.00000 0.008142
78920.00000 0.008251
78930.00000 0.008362
78940.00000 0.008474
78950.00000 0.008586
78960.00000 0.008701
78970.00000 0.008817
78980.00000 0.008934
78990.00000 0.009054
79000.00000 0.009175
79010.00000 0.009298
79020.00000 0.009423
79030.00000 0.009549
79040.00000 0.009678
79050.00000 0.009808
79060.00000 0.00994
79070.00000 0.010073
79080.00000 0.010208
79090.00000 0.010345
79100.00000 0.010485
79110.00000 0.010627
79120.00000 0.010773
79130.00000 0.01092
79140.00000 0.01107
79150.00000 0.011223
79160.00000 0.011378
79170.00000 0.011538
79180.00000 0.0117
79190.00000 0.011866
79200.00000 0.012035
79210.00000 0.012207
79220.00000 0.012382
79230.00000 0.012562
79240.00000 0.012745
79250.00000 0.012932
79260.00000 0.013123
79270.00000 0.013318
79280.00000 0.013516
79290.00000 0.013718
79300.00000 0.013923
79310.00000 0.014131
79320.00000 0.014343
79330.00000 0.014559
79340.00000 0.014778
79350.00000 0.015
79360.00000 0.015225
79370.00000 0.015453
79380.00000 0.015683
79390.00000 0.015916
79400.00000 0.016153
79410.00000 0.016392
79420.00000 0.016634
79430.00000 0.016879
79440.00000 0.017127
79450.00000 0.017377
79460.00000 0.01763
79470.00000 0.017887
79480.00000 0.018147
79490.00000 0.01841
79500.00000 0.018677
79510.00000 0.018946
79520.00000 0.019219
79530.00000 0.019496
79540.00000 0.019777
79550.00000 0.020063
79560.00000 0.020355
79570.00000 0.020651
79580.00000 0.020951
79590.00000 0.021257
79600.00000 0.021568
79610.00000 0.021884
79620.00000 0.022206
79630.00000 0.022534
79640.00000 0.022866
79650.00000 0.023204
79660.00000 0.023548
79670.00000 0.023898
79680.00000 0.024256
79690.00000 0.02462
79700.00000 0.024991
79710.00000 0.025368
79720.00000 0.025752
79730.00000 0.026142
79740.00000 0.026538
79750.00000 0.02694
79760.00000 0.027348
79770.00000 0.027761
79780.00000 0.028181
79790.00000 0.028608
79800.00000 0.029043
79810.00000 0.029485
79820.00000 0.029935
79830.00000 0.030392
79840.00000 0.030856
79850.00000 0.031327
79860.00000 0.031806
79870.00000 0.032291
79880.00000 0.032784
79890.00000 0.033281
79900.00000 0.033786
79910.00000 0.034298
79920.00000 0.034819
79930.00000 0.03535
79940.00000 0.035891
79950.00000 0.036441
79960.00000 0.037001
79970.00000 0.03757
79980.00000 0.038147
79990.00000 0.038734
80000.00000 0.03933
80010.00000 0.039934
80020.00000 0.040546
80030.00000 0.041166
80040.00000 0.041797
80050.00000 0.042439
80060.00000 0.043093
80070.00000 0.043761
80080.00000 0.044441
80090.00000 0.045133
80100.00000 0.045837
80110.00000 0.046552
80120.00000 0.047278
80130.00000 0.048016
80140.00000 0.048763
80150.00000 0.04952
80160.00000 0.050288
80170.00000 0.05107
80180.00000 0.051866
80190.00000 0.052678
80200.00000 0.053507
80210.00000 0.05435
80220.00000 0.055209
80230.00000 0.056081
80240.00000 0.056969
80250.00000 0.05787
80260.00000 0.058785
80270.00000 0.059713
80280.00000 0.060653
80290.00000 0.061607
80300.00000 0.062578
80310.00000 0.063567
80320.00000 0.064576
80330.00000 0.065604
80340.00000 0.06665
80350.00000 0.067714
80360.00000 0.068796
80370.00000 0.069895
80380.00000 0.071012
80390.00000 0.072145
80400.00000 0.073294
80410.00000 0.074458
80420.00000 0.07564
80430.00000 0.076842
80440.00000 0.078065
80450.00000 0.079312
80460.00000 0.080582
80470.00000 0.081873
80480.00000 0.083186
80490.00000 0.084519
80500.00000 0.085874
80510.00000 0.08725
80520.00000 0.088646
80530.00000 0.090061
80540.00000 0.091495
80550.00000 0.092951
80560.00000 0.09443
80570.00000 0.095935
80580.00000 0.097465
80590.00000 0.099022
80600.00000 0.100604
80610.00000 0.10221
80620.00000 0.103841
80630.00000 0.105496
80640.00000 0.107177
80650.00000 0.108882
80660.00000 0.11061
80670.00000 0.112361
80680.00000 0.114138
80690.00000 0.115941
80700.00000 0.117774
80710.00000 0.119637
80720.00000 0.12153
80730.00000 0.123452
80740.00000 0.125402
80750.00000 0.127381
80760.00000 0.129388
80770.00000 0.131426
80780.00000 0.133492
80790.00000 0.135586
80800.00000 0.137707
80810.00000 0.139858
80820.00000 0.142041
80830.00000 0.144255
80840.00000 0.146504
80850.00000 0.148786
80860.00000 0.151099
80870.00000 0.153444
80880.00000 0.155822
80890.00000 0.158234
80900.00000 0.160681
80910.00000 0.163162
80920.00000 0.165676
80930.00000 0.168223
80940.00000 0.170804
80950.00000 0.173421
80960.00000 0.176077
80970.00000 0.178772
80980.00000 0.181507
80990.00000 0.184279
81000.00000 0.187089
81010.00000 0.189937
81020.00000 0.192824
81030.00000 0.195751
81040.00000 0.198717
81050.00000 0.201723
81060.00000 0.204767
81070.00000 0.207851
81080.00000 0.210974
81090.00000 0.214136
81100.00000 0.217337
81110.00000 0.220578
81120.00000 0.223859
81130.00000 0.227179
81140.00000 0.230538
81150.00000 0.233934
81160.00000 0.237367
81170.00000 0.240836
81180.00000 0.244342
81190.00000 0.247887
81200.00000 0.251468
81210.00000 0.255085
81220.00000 0.258737
81230.00000 0.262423
81240.00000 0.266142
81250.00000 0.269898
81260.00000 0.273689
81270.00000 0.277514
81280.00000 0.281373
81290.00000 0.285263
81300.00000 0.289183
81310.00000 0.293136
81320.00000 0.297121
81330.00000 0.301139
81340.00000 0.305187
81350.00000 0.309266
81360.00000 0.313375
81370.00000 0.317512
81380.00000 0.321679
81390.00000 0.325876
81400.00000 0.330104
81410.00000 0.33436
81420.00000 0.338644
81430.00000 0.342954
81440.00000 0.347292
81450.00000 0.35166
81460.00000 0.356056
81470.00000 0.36048
81480.00000 0.364928
81490.00000 0.3694
81500.00000 0.373894
81510.00000 0.378414
81520.00000 0.382961
81530.00000 0.387534
81540.00000 0.392127
81550.00000 0.396738
81560.00000 0.401364
81570.00000 0.406002
81580.00000 0.410661
81590.00000 0.415341
81600.00000 0.420036
81610.00000 0.424742
81620.00000 0.429454
81630.00000 0.434167
81640.00000 0.438884
81650.00000 0.443613
81660.00000 0.448351
81670.00000 0.453092
81680.00000 0.457831
81690.00000 0.462563
81700.00000 0.467284
81710.00000 0.471998
81720.00000 0.476712
81730.00000 0.481422
81740.00000 0.486122
81750.00000 0.49081
81760.00000 0.495481
81770.00000 0.500133
81780.00000 0.504774
81790.00000 0.509404
81800.00000 0.514019
81810.00000 0.518616
81820.00000 0.523191
81830.00000 0.52774
81840.00000 0.532264
81850.00000 0.536769
81860.00000 0.541253
81870.00000 0.545713
81880.00000 0.550148
81890.00000 0.554554
81900.00000 0.558929
81910.00000 0.563277
81920.00000 0.567601
81930.00000 0.571898
81940.00000 0.576165
81950.00000 0.580398
81960.00000 0.584594
81970.00000 0.588751
81980.00000 0.592873
81990.00000 0.596962
82000.00000 0.601016
82010.00000 0.605033
82020.00000 0.60901
82030.00000 0.612946
82040.00000 0.616839
82050.00000 0.620696
82060.00000 0.624515
82070.00000 0.628293
82080.00000 0.632027
82090.00000 0.635716
82100.00000 0.639355
82110.00000 0.642945
82120.00000 0.64649
82130.00000 0.64999
82140.00000 0.653444
82150.00000 0.656849
82160.00000 0.660207
82170.00000 0.663514
82180.00000 0.666775
82190.00000 0.669989
82200.00000 0.673155
82210.00000 0.676272
82220.00000 0.679338
82230.00000 0.682352
82240.00000 0.685313
82250.00000 0.688221
82260.00000 0.691077
82270.00000 0.693881
82280.00000 0.696636
82290.00000 0.699341
82300.00000 0.701997
82310.00000 0.704605
82320.00000 0.707164
82330.00000 0.709673
82340.00000 0.712132
82350.00000 0.714544
82360.00000 0.716907
82370.00000 0.719223
82380.00000 0.72149
82390.00000 0.723706
82400.00000 0.725873
82410.00000 0.727994
82420.00000 0.730069
82430.00000 0.732103
82440.00000 0.734096
82450.00000 0.736047
82460.00000 0.737954
82470.00000 0.739818
82480.00000 0.741639
82490.00000 0.74342
82500.00000 0.745161
82510.00000 0.746863
82520.00000 0.748522
82530.00000 0.750139
82540.00000 0.751715
82550.00000 0.753253
82560.00000 0.754755
82570.00000 0.756224
82580.00000 0.75766
82590.00000 0.75906
82600.00000 0.760423
82610.00000 0.761752
82620.00000 0.763047
82630.00000 0.76431
82640.00000 0.765544
82650.00000 0.766748
82660.00000 0.767917
82670.00000 0.769053
82680.00000 0.770158
82690.00000 0.771236
82700.00000 0.772288
82710.00000 0.773318
82720.00000 0.774325
82730.00000 0.775304
82740.00000 0.776257
82750.00000 0.777186
82760.00000 0.778093
82770.00000 0.77898
82780.00000 0.779849
82790.00000 0.780698
82800.00000 0.781524
82810.00000 0.782328
82820.00000 0.783114
82830.00000 0.783883
82840.00000 0.784638
82850.00000 0.785381
82860.00000 0.78611
82870.00000 0.786822
82880.00000 0.787518
82890.00000 0.788201
82900.00000 0.788872
82910.00000 0.789533
82920.00000 0.790186
82930.00000 0.790827
82940.00000 0.791456
82950.00000 0.792074
82960.00000 0.792682
82970.00000 0.793283
82980.00000 0.793877
82990.00000 0.794467
83000.00000 0.79505
83010.00000 0.795624
83020.00000 0.796191
83030.00000 0.796752
83040.00000 0.79731
83050.00000 0.797864
83060.00000 0.798416
83070.00000 0.798963
83080.00000 0.799506
83090.00000 0.800045
83100.00000 0.800581
83110.00000 0.801116
83120.00000 0.80165
83130.00000 0.802184
83140.00000 0.802716
83150.00000 0.803246
83160.00000 0.803774
83170.00000 0.804303
83180.00000 0.804832
83190.00000 0.805364
83200.00000 0.805898
83210.00000 0.806434
83220.00000 0.806969
83230.00000 0.807506
83240.00000 0.808046
83250.00000 0.808588
83260.00000 0.809133
83270.00000 0.809683
83280.00000 0.810234
83290.00000 0.810788
83300.00000 0.811345
83310.00000 0.811906
83320.00000 0.812472
83330.00000 0.813043
83340.00000 0.813621
83350.00000 0.814203
83360.00000 0.81479
83370.00000 0.815381
83380.00000 0.815978
83390.00000 0.816581
83400.00000 0.817188
83410.00000 0.817801
83420.00000 0.818418
83430.00000 0.819041
83440.00000 0.819669
83450.00000 0.820302
83460.00000 0.820941
83470.00000 0.821585
83480.00000 0.822236
83490.00000 0.822893
83500.00000 0.823557
83510.00000 0.824225
83520.00000 0.824898
83530.00000 0.825574
83540.00000 0.826254
83550.00000 0.826937
83560.00000 0.827625
83570.00000 0.828316
83580.00000 0.829012
83590.00000 0.82971
83600.00000 0.830412
83610.00000 0.831116
83620.00000 0.831823
83630.00000 0.832534
83640.00000 0.833249
83650.00000 0.833967
83660.00000 0.834686
83670.00000 0.835406
83680.00000 0.836127
83690.00000 0.836847
83700.00000 0.837569
83710.00000 0.838291
83720.00000 0.839015
83730.00000 0.839739
83740.00000 0.840463
83750.00000 0.841188
83760.00000 0.841914
83770.00000 0.842641
83780.00000 0.843369
83790.00000 0.844097
83800.00000 0.844825
83810.00000 0.845551
83820.00000 0.846275
83830.00000 0.846997
83840.00000 0.847718
83850.00000 0.848438
83860.00000 0.849157
83870.00000 0.849873
83880.00000 0.850587
83890.00000 0.851299
83900.00000 0.852008
83910.00000 0.852716
83920.00000 0.853423
83930.00000 0.854127
83940.00000 0.854827
83950.00000 0.855522
83960.00000 0.856211
83970.00000 0.856894
83980.00000 0.857572
83990.00000 0.858246
84000.00000 0.858914
84010.00000 0.859577
84020.00000 0.860233
84030.00000 0.860881
84040.00000 0.861523
84050.00000 0.862159
84060.00000 0.86279
84070.00000 0.863414
84080.00000 0.864029
84090.00000 0.864636
84100.00000 0.865233
84110.00000 0.865819
84120.00000 0.866397
84130.00000 0.866966
84140.00000 0.867526
84150.00000 0.868077
84160.00000 0.868617
84170.00000 0.869147
84180.00000 0.869667
84190.00000 0.870177
84200.00000 0.870678
84210.00000 0.871169
84220.00000 0.871649
84230.00000 0.872117
84240.00000 0.872572
84250.00000 0.873014
84260.00000 0.873444
84270.00000 0.873863
84280.00000 0.874269
84290.00000 0.874663
84300.00000 0.875044
84310.00000 0.875411
84320.00000 0.875764
84330.00000 0.876105
84340.00000 0.876434
84350.00000 0.876749
84360.00000 0.87705
84370.00000 0.877337
84380.00000 0.877608
84390.00000 0.877862
84400.00000 0.878102
84410.00000 0.878326
84420.00000 0.878536
84430.00000 0.87873
84440.00000 0.878909
84450.00000 0.879072
84460.00000 0.879219
84470.00000 0.879351
84480.00000 0.879467
84490.00000 0.879567
84500.00000 0.879651
84510.00000 0.87972
84520.00000 0.879772
84530.00000 0.879808
84540.00000 0.879827
84550.00000 0.87983
84560.00000 0.879816
84570.00000 0.879786
84580.00000 0.87974
84590.00000 0.879679
84600.00000 0.879603
84610.00000 0.879511
84620.00000 0.879403
84630.00000 0.87928
84640.00000 0.879141
84650.00000 0.878988
84660.00000 0.878819
84670.00000 0.878637
84680.00000 0.878439
84690.00000 0.878227
84700.00000 0.877999
84710.00000 0.877757
84720.00000 0.877501
84730.00000 0.877231
84740.00000 0.876949
84750.00000 0.876654
84760.00000 0.876346
84770.00000 0.876023
84780.00000 0.875688
84790.00000 0.87534
84800.00000 0.874979
84810.00000 0.874607
84820.00000 0.874224
84830.00000 0.873829
84840.00000 0.87342
84850.00000 0.873
84860.00000 0.872568
84870.00000 0.872126
84880.00000 0.871674
84890.00000 0.871212
84900.00000 0.87074
84910.00000 0.870257
84920.00000 0.869762
84930.00000 0.869259
84940.00000 0.868746
84950.00000 0.868225
84960.00000 0.867696
84970.00000 0.86716
84980.00000 0.866614
84990.00000 0.866059
85000.00000 0.865496
85010.00000 0.864926
85020.00000 0.86435
85030.00000 0.86377
85040.00000 0.863185
85050.00000 0.862592
85060.00000 0.861993
85070.00000 0.861387
85080.00000 0.860778
85090.00000 0.860165
85100.00000 0.85955
85110.00000 0.858935
85120.00000 0.858315
85130.00000 0.857691
85140.00000 0.857064
85150.00000 0.856435
85160.00000 0.855806
85170.00000 0.855177
85180.00000 0.854549
85190.00000 0.853921
85200.00000 0.853292
85210.00000 0.852662
85220.00000 0.852033
85230.00000 0.851405
85240.00000 0.85078
85250.00000 0.850157
85260.00000 0.849538
85270.00000 0.848919
85280.00000 0.848302
85290.00000 0.847688
85300.00000 0.847076
85310.00000 0.846468
85320.00000 0.845863
85330.00000 0.845262
85340.00000 0.844664
85350.00000 0.844069
85360.00000 0.843477
85370.00000 0.842889
85380.00000 0.842306
85390.00000 0.841727
85400.00000 0.841153
85410.00000 0.840583
85420.00000 0.840017
85430.00000 0.839455
85440.00000 0.838898
85450.00000 0.838346
85460.00000 0.837801
85470.00000 0.837262
85480.00000 0.836729
85490.00000 0.836201
85500.00000 0.835678
85510.00000 0.835162
85520.00000 0.834652
85530.00000 0.834151
85540.00000 0.833658
85550.00000 0.833174
85560.00000 0.832696
85570.00000 0.832226
85580.00000 0.831763
85590.00000 0.83131
85600.00000 0.830866
85610.00000 0.830431
85620.00000 0.830008
85630.00000 0.829593
85640.00000 0.829187
85650.00000 0.828791
85660.00000 0.828405
85670.00000 0.828029
85680.00000 0.827664
85690.00000 0.82731
85700.00000 0.826967
85710.00000 0.826634
85720.00000 0.826312
85730.00000 0.826
85740.00000 0.825699
85750.00000 0.825408
85760.00000 0.825129
85770.00000 0.82486
85780.00000 0.824601
85790.00000 0.824354
85800.00000 0.824117
85810.00000 0.823891
85820.00000 0.823675
85830.00000 0.823469
85840.00000 0.823273
85850.00000 0.823087
85860.00000 0.822913
85870.00000 0.822748
85880.00000 0.822593
85890.00000 0.822448
85900.00000 0.822312
85910.00000 0.822185
85920.00000 0.822067
85930.00000 0.821959
85940.00000 0.82186
85950.00000 0.82177
85960.00000 0.82169
85970.00000 0.821618
85980.00000 0.821554
85990.00000 0.821498
