threeML/data/optical_filters/GTC/CanariCam-Q4.ecsv
# %ECSV 0.9
# ---
# datatype:
# - {name: wavelength, unit: Angstrom, datatype: float32}
# - {name: response, datatype: float32}
# meta: !!omap
# - {band_name: Q4}
# - {group_name: CanariCam}
wavelength response
174411.00000 0.0
193790.00000 0.004035
193800.00000 0.004071
193810.00000 0.004106
193820.00000 0.004141
193830.00000 0.004175
193840.00000 0.00421
193850.00000 0.004243
193860.00000 0.004277
193870.00000 0.004311
193880.00000 0.004344
193890.00000 0.004377
193900.00000 0.00441
193910.00000 0.004442
193920.00000 0.004475
193930.00000 0.004508
193940.00000 0.004541
193950.00000 0.004574
193960.00000 0.004607
193970.00000 0.00464
193980.00000 0.004673
193990.00000 0.004707
194000.00000 0.00474
194010.00000 0.004774
194020.00000 0.004807
194030.00000 0.004841
194040.00000 0.004874
194050.00000 0.004908
194060.00000 0.004941
194070.00000 0.004975
194080.00000 0.005008
194090.00000 0.005042
194100.00000 0.005076
194110.00000 0.00511
194120.00000 0.005143
194130.00000 0.005177
194140.00000 0.005211
194150.00000 0.005246
194160.00000 0.00528
194170.00000 0.005314
194180.00000 0.005349
194190.00000 0.005383
194200.00000 0.005418
194210.00000 0.005452
194220.00000 0.005486
194230.00000 0.00552
194240.00000 0.005555
194250.00000 0.005589
194260.00000 0.005624
194270.00000 0.005658
194280.00000 0.005693
194290.00000 0.005729
194300.00000 0.005764
194310.00000 0.0058
194320.00000 0.005836
194330.00000 0.005873
194340.00000 0.00591
194350.00000 0.005948
194360.00000 0.005986
194370.00000 0.006025
194380.00000 0.006064
194390.00000 0.006104
194400.00000 0.006144
194410.00000 0.006184
194420.00000 0.006225
194430.00000 0.006266
194440.00000 0.006307
194450.00000 0.006349
194460.00000 0.006391
194470.00000 0.006434
194480.00000 0.006476
194490.00000 0.00652
194500.00000 0.006563
194510.00000 0.006607
194520.00000 0.006651
194530.00000 0.006695
194540.00000 0.00674
194550.00000 0.006785
194560.00000 0.00683
194570.00000 0.006875
194580.00000 0.006921
194590.00000 0.006967
194600.00000 0.007013
194610.00000 0.007059
194620.00000 0.007105
194630.00000 0.007152
194640.00000 0.007199
194650.00000 0.007247
194660.00000 0.007295
194670.00000 0.007344
194680.00000 0.007393
194690.00000 0.007442
194700.00000 0.007493
194710.00000 0.007543
194720.00000 0.007595
194730.00000 0.007647
194740.00000 0.0077
194750.00000 0.007754
194760.00000 0.007808
194770.00000 0.007863
194780.00000 0.007919
194790.00000 0.007975
194800.00000 0.008032
194810.00000 0.008089
194820.00000 0.008147
194830.00000 0.008205
194840.00000 0.008264
194850.00000 0.008323
194860.00000 0.008383
194870.00000 0.008443
194880.00000 0.008504
194890.00000 0.008565
194900.00000 0.008627
194910.00000 0.008689
194920.00000 0.008752
194930.00000 0.008815
194940.00000 0.008878
194950.00000 0.008941
194960.00000 0.009005
194970.00000 0.009069
194980.00000 0.009134
194990.00000 0.009199
195000.00000 0.009264
195010.00000 0.00933
195020.00000 0.009396
195030.00000 0.009463
195040.00000 0.009531
195050.00000 0.009599
195060.00000 0.009668
195070.00000 0.009737
195080.00000 0.009807
195090.00000 0.009878
195100.00000 0.00995
195110.00000 0.010023
195120.00000 0.010096
195130.00000 0.010171
195140.00000 0.010246
195150.00000 0.010321
195160.00000 0.010398
195170.00000 0.010475
195180.00000 0.010553
195190.00000 0.010632
195200.00000 0.010711
195210.00000 0.010791
195220.00000 0.010872
195230.00000 0.010953
195240.00000 0.011035
195250.00000 0.011118
195260.00000 0.011201
195270.00000 0.011285
195280.00000 0.011369
195290.00000 0.011454
195300.00000 0.01154
195310.00000 0.011626
195320.00000 0.011713
195330.00000 0.0118
195340.00000 0.011888
195350.00000 0.011975
195360.00000 0.012063
195370.00000 0.012152
195380.00000 0.012241
195390.00000 0.012331
195400.00000 0.012421
195410.00000 0.012513
195420.00000 0.012605
195430.00000 0.012698
195440.00000 0.012793
195450.00000 0.012888
195460.00000 0.012985
195470.00000 0.013084
195480.00000 0.013183
195490.00000 0.013285
195500.00000 0.013388
195510.00000 0.013492
195520.00000 0.013598
195530.00000 0.013704
195540.00000 0.013811
195550.00000 0.01392
195560.00000 0.014029
195570.00000 0.01414
195580.00000 0.014252
195590.00000 0.014365
195600.00000 0.014479
195610.00000 0.014595
195620.00000 0.014712
195630.00000 0.014831
195640.00000 0.014951
195650.00000 0.015073
195660.00000 0.015197
195670.00000 0.015322
195680.00000 0.015449
195690.00000 0.015578
195700.00000 0.015709
195710.00000 0.01584
195720.00000 0.015973
195730.00000 0.016108
195740.00000 0.016243
195750.00000 0.01638
195760.00000 0.016519
195770.00000 0.016659
195780.00000 0.016801
195790.00000 0.016945
195800.00000 0.01709
195810.00000 0.017237
195820.00000 0.017386
195830.00000 0.017537
195840.00000 0.01769
195850.00000 0.017845
195860.00000 0.018002
195870.00000 0.018162
195880.00000 0.018324
195890.00000 0.018489
195900.00000 0.018655
195910.00000 0.018824
195920.00000 0.018995
195930.00000 0.019168
195940.00000 0.019342
195950.00000 0.019519
195960.00000 0.019698
195970.00000 0.019879
195980.00000 0.020062
195990.00000 0.020247
196000.00000 0.020434
196010.00000 0.020622
196020.00000 0.020813
196030.00000 0.021005
196040.00000 0.021199
196050.00000 0.021395
196060.00000 0.021593
196070.00000 0.021792
196080.00000 0.021993
196090.00000 0.022196
196100.00000 0.022401
196110.00000 0.022607
196120.00000 0.022816
196130.00000 0.023026
196140.00000 0.023238
196150.00000 0.023452
196160.00000 0.023668
196170.00000 0.023886
196180.00000 0.024106
196190.00000 0.024327
196200.00000 0.02455
196210.00000 0.024775
196220.00000 0.025002
196230.00000 0.02523
196240.00000 0.025461
196250.00000 0.025693
196260.00000 0.025927
196270.00000 0.026163
196280.00000 0.026401
196290.00000 0.02664
196300.00000 0.026881
196310.00000 0.027125
196320.00000 0.02737
196330.00000 0.027617
196340.00000 0.027866
196350.00000 0.028116
196360.00000 0.028369
196370.00000 0.028623
196380.00000 0.028878
196390.00000 0.029136
196400.00000 0.029396
196410.00000 0.029657
196420.00000 0.029919
196430.00000 0.030184
196440.00000 0.03045
196450.00000 0.030718
196460.00000 0.030987
196470.00000 0.031258
196480.00000 0.03153
196490.00000 0.031801
196500.00000 0.032074
196510.00000 0.032348
196520.00000 0.032622
196530.00000 0.032899
196540.00000 0.033177
196550.00000 0.033457
196560.00000 0.033739
196570.00000 0.034024
196580.00000 0.034312
196590.00000 0.034603
196600.00000 0.034897
196610.00000 0.035194
196620.00000 0.035495
196630.00000 0.0358
196640.00000 0.03611
196650.00000 0.036424
196660.00000 0.036743
196670.00000 0.037063
196680.00000 0.037384
196690.00000 0.037706
196700.00000 0.03803
196710.00000 0.038357
196720.00000 0.038686
196730.00000 0.039019
196740.00000 0.039355
196750.00000 0.039696
196760.00000 0.040041
196770.00000 0.040392
196780.00000 0.040747
196790.00000 0.041109
196800.00000 0.041478
196810.00000 0.041853
196820.00000 0.042236
196830.00000 0.042626
196840.00000 0.043026
196850.00000 0.043433
196860.00000 0.043848
196870.00000 0.044268
196880.00000 0.044692
196890.00000 0.045122
196900.00000 0.045557
196910.00000 0.045998
196920.00000 0.046445
196930.00000 0.046899
196940.00000 0.047359
196950.00000 0.047826
196960.00000 0.048301
196970.00000 0.048783
196980.00000 0.049273
196990.00000 0.049772
197000.00000 0.050279
197010.00000 0.050794
197020.00000 0.051319
197030.00000 0.051853
197040.00000 0.052397
197050.00000 0.052951
197060.00000 0.053514
197070.00000 0.054086
197080.00000 0.054668
197090.00000 0.055258
197100.00000 0.055857
197110.00000 0.056463
197120.00000 0.057078
197130.00000 0.057702
197140.00000 0.058332
197150.00000 0.058971
197160.00000 0.059616
197170.00000 0.060269
197180.00000 0.060929
197190.00000 0.061595
197200.00000 0.062268
197210.00000 0.062947
197220.00000 0.063632
197230.00000 0.064323
197240.00000 0.06502
197250.00000 0.065724
197260.00000 0.066437
197270.00000 0.067158
197280.00000 0.067886
197290.00000 0.068622
197300.00000 0.069366
197310.00000 0.070116
197320.00000 0.070873
197330.00000 0.071636
197340.00000 0.072405
197350.00000 0.07318
197360.00000 0.07396
197370.00000 0.074745
197380.00000 0.075536
197390.00000 0.07633
197400.00000 0.077129
197410.00000 0.077932
197420.00000 0.078738
197430.00000 0.079547
197440.00000 0.08036
197450.00000 0.081177
197460.00000 0.081999
197470.00000 0.082824
197480.00000 0.083654
197490.00000 0.084489
197500.00000 0.085329
197510.00000 0.086173
197520.00000 0.087023
197530.00000 0.087877
197540.00000 0.088737
197550.00000 0.089602
197560.00000 0.090472
197570.00000 0.091347
197580.00000 0.092229
197590.00000 0.093116
197600.00000 0.094008
197610.00000 0.094907
197620.00000 0.095812
197630.00000 0.096723
197640.00000 0.097638
197650.00000 0.098556
197660.00000 0.099479
197670.00000 0.100406
197680.00000 0.101337
197690.00000 0.102274
197700.00000 0.103216
197710.00000 0.104164
197720.00000 0.105117
197730.00000 0.106078
197740.00000 0.107045
197750.00000 0.108019
197760.00000 0.109
197770.00000 0.10999
197780.00000 0.110988
197790.00000 0.111994
197800.00000 0.113009
197810.00000 0.114033
197820.00000 0.115067
197830.00000 0.11611
197840.00000 0.117161
197850.00000 0.11822
197860.00000 0.119286
197870.00000 0.12036
197880.00000 0.121442
197890.00000 0.122532
197900.00000 0.123629
197910.00000 0.124734
197920.00000 0.125847
197930.00000 0.126967
197940.00000 0.128096
197950.00000 0.129233
197960.00000 0.130377
197970.00000 0.131529
197980.00000 0.13269
197990.00000 0.133858
198000.00000 0.135035
198010.00000 0.13622
198020.00000 0.137413
198030.00000 0.138615
198040.00000 0.139825
198050.00000 0.141045
198060.00000 0.142274
198070.00000 0.143511
198080.00000 0.144756
198090.00000 0.146009
198100.00000 0.147271
198110.00000 0.148539
198120.00000 0.149816
198130.00000 0.151099
198140.00000 0.152389
198150.00000 0.153686
198160.00000 0.15499
198170.00000 0.1563
198180.00000 0.157616
198190.00000 0.158938
198200.00000 0.160265
198210.00000 0.161598
198220.00000 0.162936
198230.00000 0.16428
198240.00000 0.165629
198250.00000 0.166985
198260.00000 0.168347
198270.00000 0.169715
198280.00000 0.171089
198290.00000 0.172469
198300.00000 0.173856
198310.00000 0.175251
198320.00000 0.176651
198330.00000 0.178059
198340.00000 0.179474
198350.00000 0.180896
198360.00000 0.182325
198370.00000 0.183762
198380.00000 0.185206
198390.00000 0.186658
198400.00000 0.188118
198410.00000 0.189586
198420.00000 0.191061
198430.00000 0.192539
198440.00000 0.19402
198450.00000 0.195507
198460.00000 0.196999
198470.00000 0.198497
198480.00000 0.200001
198490.00000 0.201513
198500.00000 0.203033
198510.00000 0.204562
198520.00000 0.2061
198530.00000 0.207648
198540.00000 0.209208
198550.00000 0.210778
198560.00000 0.212361
198570.00000 0.213957
198580.00000 0.215566
198590.00000 0.21719
198600.00000 0.218828
198610.00000 0.220482
198620.00000 0.222149
198630.00000 0.223826
198640.00000 0.225514
198650.00000 0.227212
198660.00000 0.22892
198670.00000 0.230641
198680.00000 0.232372
198690.00000 0.234116
198700.00000 0.235872
198710.00000 0.23764
198720.00000 0.239421
198730.00000 0.241215
198740.00000 0.243023
198750.00000 0.244844
198760.00000 0.24668
198770.00000 0.248529
198780.00000 0.250394
198790.00000 0.252273
198800.00000 0.254167
198810.00000 0.256078
198820.00000 0.258008
198830.00000 0.259959
198840.00000 0.261929
198850.00000 0.263917
198860.00000 0.265923
198870.00000 0.267943
198880.00000 0.269977
198890.00000 0.272024
198900.00000 0.274083
198910.00000 0.276152
198920.00000 0.27823
198930.00000 0.280315
198940.00000 0.282407
198950.00000 0.284504
198960.00000 0.286605
198970.00000 0.288708
198980.00000 0.290812
198990.00000 0.292916
199000.00000 0.295019
199010.00000 0.297122
199020.00000 0.299243
199030.00000 0.301383
199040.00000 0.303538
199050.00000 0.305706
199060.00000 0.307886
199070.00000 0.310072
199080.00000 0.312265
199090.00000 0.31446
199100.00000 0.316655
199110.00000 0.318849
199120.00000 0.321037
199130.00000 0.323217
199140.00000 0.325388
199150.00000 0.327546
199160.00000 0.329689
199170.00000 0.331814
199180.00000 0.333919
199190.00000 0.336
199200.00000 0.338056
199210.00000 0.340091
199220.00000 0.342124
199230.00000 0.344154
199240.00000 0.346179
199250.00000 0.348197
199260.00000 0.350208
199270.00000 0.352208
199280.00000 0.354196
199290.00000 0.356171
199300.00000 0.358129
199310.00000 0.360071
199320.00000 0.361993
199330.00000 0.363894
199340.00000 0.365772
199350.00000 0.367625
199360.00000 0.369452
199370.00000 0.37125
199380.00000 0.373019
199390.00000 0.374755
199400.00000 0.376457
199410.00000 0.378127
199420.00000 0.379772
199430.00000 0.381392
199440.00000 0.382987
199450.00000 0.384557
199460.00000 0.386103
199470.00000 0.387625
199480.00000 0.389124
199490.00000 0.390598
199500.00000 0.39205
199510.00000 0.393478
199520.00000 0.394884
199530.00000 0.396267
199540.00000 0.397628
199550.00000 0.398967
199560.00000 0.400284
199570.00000 0.401579
199580.00000 0.402853
199590.00000 0.404106
199600.00000 0.405339
199610.00000 0.406546
199620.00000 0.407725
199630.00000 0.408875
199640.00000 0.409999
199650.00000 0.411097
199660.00000 0.412171
199670.00000 0.413222
199680.00000 0.414252
199690.00000 0.41526
199700.00000 0.41625
199710.00000 0.417221
199720.00000 0.418176
199730.00000 0.419115
199740.00000 0.42004
199750.00000 0.420952
199760.00000 0.421853
199770.00000 0.422742
199780.00000 0.423623
199790.00000 0.424495
199800.00000 0.425361
199810.00000 0.426215
199820.00000 0.427052
199830.00000 0.427872
199840.00000 0.428676
199850.00000 0.429465
199860.00000 0.43024
199870.00000 0.431
199880.00000 0.431746
199890.00000 0.43248
199900.00000 0.433201
199910.00000 0.433911
199920.00000 0.434609
199930.00000 0.435297
199940.00000 0.435975
199950.00000 0.436644
199960.00000 0.437304
199970.00000 0.437955
199980.00000 0.438599
199990.00000 0.439237
200000.00000 0.439867
200010.00000 0.440491
200020.00000 0.441105
200030.00000 0.44171
200040.00000 0.442305
200050.00000 0.442892
200060.00000 0.443468
200070.00000 0.444036
200080.00000 0.444593
200090.00000 0.44514
200100.00000 0.445678
200110.00000 0.446205
200120.00000 0.446723
200130.00000 0.44723
200140.00000 0.447726
200150.00000 0.448213
200160.00000 0.448688
200170.00000 0.449153
200180.00000 0.449607
200190.00000 0.45005
200200.00000 0.450482
200210.00000 0.450903
200220.00000 0.451313
200230.00000 0.451712
200240.00000 0.4521
200250.00000 0.452477
200260.00000 0.452844
200270.00000 0.4532
200280.00000 0.453546
200290.00000 0.453881
200300.00000 0.454207
200310.00000 0.454523
200320.00000 0.454828
200330.00000 0.455124
200340.00000 0.455411
200350.00000 0.455688
200360.00000 0.455956
200370.00000 0.456215
200380.00000 0.456464
200390.00000 0.456705
200400.00000 0.456937
200410.00000 0.457159
200420.00000 0.457368
200430.00000 0.457564
200440.00000 0.45775
200450.00000 0.457924
200460.00000 0.458088
200470.00000 0.458242
200480.00000 0.458387
200490.00000 0.458522
200500.00000 0.45865
200510.00000 0.45877
200520.00000 0.458883
200530.00000 0.458989
200540.00000 0.459089
200550.00000 0.459183
200560.00000 0.459273
200570.00000 0.459358
200580.00000 0.459439
200590.00000 0.459517
200600.00000 0.459592
200610.00000 0.459663
200620.00000 0.459724
200630.00000 0.459778
200640.00000 0.459824
200650.00000 0.459862
200660.00000 0.459894
200670.00000 0.45992
200680.00000 0.45994
200690.00000 0.459954
200700.00000 0.459964
200710.00000 0.45997
200720.00000 0.459972
200730.00000 0.45997
200740.00000 0.459966
200750.00000 0.45996
200760.00000 0.459952
200770.00000 0.459942
200780.00000 0.459932
200790.00000 0.459922
200800.00000 0.459912
200810.00000 0.459901
200820.00000 0.459886
200830.00000 0.459867
200840.00000 0.459844
200850.00000 0.459818
200860.00000 0.459788
200870.00000 0.459756
200880.00000 0.459721
200890.00000 0.459684
200900.00000 0.459646
200910.00000 0.459606
200920.00000 0.459564
200930.00000 0.459523
200940.00000 0.45948
200950.00000 0.459438
200960.00000 0.459396
200970.00000 0.459354
200980.00000 0.459314
200990.00000 0.459275
201000.00000 0.459237
201010.00000 0.459201
201020.00000 0.459164
201030.00000 0.459125
201040.00000 0.459085
201050.00000 0.459045
201060.00000 0.459004
201070.00000 0.458962
201080.00000 0.45892
