threeML/data/optical_filters/GTC/CanariCam-PAH2.ecsv
# %ECSV 0.9
# ---
# datatype:
# - {name: wavelength, unit: Angstrom, datatype: float32}
# - {name: response, datatype: float32}
# meta: !!omap
# - {band_name: PAH2}
# - {group_name: CanariCam}
wavelength response
94221.00000 0.0
104690.00000 0.004004
104700.00000 0.004039
104710.00000 0.004073
104720.00000 0.004104
104730.00000 0.004135
104740.00000 0.004165
104750.00000 0.004194
104760.00000 0.004221
104770.00000 0.004247
104780.00000 0.004269
104790.00000 0.004291
104800.00000 0.004311
104810.00000 0.00433
104820.00000 0.00435
104830.00000 0.004369
104840.00000 0.004386
104850.00000 0.004404
104860.00000 0.004422
104870.00000 0.004441
104880.00000 0.004463
104890.00000 0.004486
104900.00000 0.00451
104910.00000 0.004536
104920.00000 0.004563
104930.00000 0.004593
104940.00000 0.004625
104950.00000 0.00466
104960.00000 0.004697
104970.00000 0.004734
104980.00000 0.004773
104990.00000 0.004812
105000.00000 0.004853
105010.00000 0.004895
105020.00000 0.004938
105030.00000 0.00498
105040.00000 0.00502
105050.00000 0.005058
105060.00000 0.005096
105070.00000 0.005133
105080.00000 0.005169
105090.00000 0.005201
105100.00000 0.005231
105110.00000 0.005258
105120.00000 0.005282
105130.00000 0.005304
105140.00000 0.005323
105150.00000 0.005341
105160.00000 0.005357
105170.00000 0.00537
105180.00000 0.005381
105190.00000 0.005391
105200.00000 0.005401
105210.00000 0.005413
105220.00000 0.005425
105230.00000 0.005436
105240.00000 0.005448
105250.00000 0.005462
105260.00000 0.005479
105270.00000 0.005501
105280.00000 0.005525
105290.00000 0.005552
105300.00000 0.005583
105310.00000 0.005617
105320.00000 0.005656
105330.00000 0.0057
105340.00000 0.005749
105350.00000 0.005802
105360.00000 0.005858
105370.00000 0.005916
105380.00000 0.005977
105390.00000 0.006041
105400.00000 0.006109
105410.00000 0.006178
105420.00000 0.006247
105430.00000 0.006314
105440.00000 0.00638
105450.00000 0.006447
105460.00000 0.006514
105470.00000 0.006577
105480.00000 0.006637
105490.00000 0.006692
105500.00000 0.006743
105510.00000 0.006791
105520.00000 0.006835
105530.00000 0.006875
105540.00000 0.006912
105550.00000 0.006943
105560.00000 0.006969
105570.00000 0.006991
105580.00000 0.007011
105590.00000 0.00703
105600.00000 0.007049
105610.00000 0.007065
105620.00000 0.007079
105630.00000 0.007093
105640.00000 0.007108
105650.00000 0.007128
105660.00000 0.007151
105670.00000 0.007177
105680.00000 0.007205
105690.00000 0.007236
105700.00000 0.007274
105710.00000 0.007317
105720.00000 0.007367
105730.00000 0.007423
105740.00000 0.007484
105750.00000 0.007549
105760.00000 0.007619
105770.00000 0.007693
105780.00000 0.007773
105790.00000 0.007858
105800.00000 0.007947
105810.00000 0.008035
105820.00000 0.008123
105830.00000 0.008212
105840.00000 0.008302
105850.00000 0.008393
105860.00000 0.008483
105870.00000 0.008569
105880.00000 0.00865
105890.00000 0.008728
105900.00000 0.008803
105910.00000 0.008875
105920.00000 0.008944
105930.00000 0.009008
105940.00000 0.009068
105950.00000 0.009123
105960.00000 0.009173
105970.00000 0.009222
105980.00000 0.009269
105990.00000 0.009316
106000.00000 0.009361
106010.00000 0.009403
106020.00000 0.009444
106030.00000 0.009487
106040.00000 0.009533
106050.00000 0.009583
106060.00000 0.009635
106070.00000 0.009689
106080.00000 0.009746
106090.00000 0.009808
106100.00000 0.009875
106110.00000 0.009949
106120.00000 0.010027
106130.00000 0.01011
106140.00000 0.010197
106150.00000 0.010288
106160.00000 0.010382
106170.00000 0.010481
106180.00000 0.010585
106190.00000 0.010692
106200.00000 0.0108
106210.00000 0.01091
106220.00000 0.011019
106230.00000 0.01113
106240.00000 0.011243
106250.00000 0.011356
106260.00000 0.011468
106270.00000 0.011577
106280.00000 0.011684
106290.00000 0.011791
106300.00000 0.011896
106310.00000 0.011999
106320.00000 0.012101
106330.00000 0.012199
106340.00000 0.012295
106350.00000 0.012389
106360.00000 0.01248
106370.00000 0.012571
106380.00000 0.01266
106390.00000 0.012748
106400.00000 0.012834
106410.00000 0.012918
106420.00000 0.013002
106430.00000 0.013087
106440.00000 0.013172
106450.00000 0.013258
106460.00000 0.013343
106470.00000 0.013429
106480.00000 0.013517
106490.00000 0.013607
106500.00000 0.013701
106510.00000 0.013798
106520.00000 0.013896
106530.00000 0.013998
106540.00000 0.014103
106550.00000 0.014212
106560.00000 0.014327
106570.00000 0.014445
106580.00000 0.014567
106590.00000 0.014694
106600.00000 0.014824
106610.00000 0.014958
106620.00000 0.015097
106630.00000 0.01524
106640.00000 0.015388
106650.00000 0.015538
106660.00000 0.01569
106670.00000 0.015843
106680.00000 0.015999
106690.00000 0.016158
106700.00000 0.016319
106710.00000 0.01648
106720.00000 0.016641
106730.00000 0.016802
106740.00000 0.016962
106750.00000 0.017124
106760.00000 0.017285
106770.00000 0.017446
106780.00000 0.017606
106790.00000 0.017765
106800.00000 0.017923
106810.00000 0.01808
106820.00000 0.018238
106830.00000 0.018397
106840.00000 0.018558
106850.00000 0.018719
106860.00000 0.018881
106870.00000 0.019044
106880.00000 0.019209
106890.00000 0.019376
106900.00000 0.019547
106910.00000 0.01972
106920.00000 0.019894
106930.00000 0.020072
106940.00000 0.020252
106950.00000 0.020436
106960.00000 0.020623
106970.00000 0.020814
106980.00000 0.021008
106990.00000 0.021205
107000.00000 0.021404
107010.00000 0.021604
107020.00000 0.021806
107030.00000 0.02201
107040.00000 0.022216
107050.00000 0.022423
107060.00000 0.022633
107070.00000 0.022844
107080.00000 0.023056
107090.00000 0.02327
107100.00000 0.023486
107110.00000 0.023705
107120.00000 0.023926
107130.00000 0.02415
107140.00000 0.024375
107150.00000 0.024602
107160.00000 0.024833
107170.00000 0.025069
107180.00000 0.025311
107190.00000 0.025559
107200.00000 0.025812
107210.00000 0.026069
107220.00000 0.026333
107230.00000 0.026602
107240.00000 0.026877
107250.00000 0.02716
107260.00000 0.027448
107270.00000 0.027742
107280.00000 0.028042
107290.00000 0.028347
107300.00000 0.028656
107310.00000 0.028972
107320.00000 0.029295
107330.00000 0.029621
107340.00000 0.02995
107350.00000 0.030279
107360.00000 0.030608
107370.00000 0.03094
107380.00000 0.031274
107390.00000 0.031608
107400.00000 0.031942
107410.00000 0.032274
107420.00000 0.032604
107430.00000 0.032933
107440.00000 0.033261
107450.00000 0.033589
107460.00000 0.033915
107470.00000 0.034239
107480.00000 0.034561
107490.00000 0.03488
107500.00000 0.035198
107510.00000 0.035517
107520.00000 0.035839
107530.00000 0.036164
107540.00000 0.03649
107550.00000 0.036817
107560.00000 0.037146
107570.00000 0.037481
107580.00000 0.037824
107590.00000 0.038175
107600.00000 0.038531
107610.00000 0.038893
107620.00000 0.039263
107630.00000 0.039642
107640.00000 0.040033
107650.00000 0.040436
107660.00000 0.040849
107670.00000 0.041273
107680.00000 0.041706
107690.00000 0.042151
107700.00000 0.042606
107710.00000 0.043073
107720.00000 0.043552
107730.00000 0.044041
107740.00000 0.04454
107750.00000 0.045048
107760.00000 0.045563
107770.00000 0.046088
107780.00000 0.046622
107790.00000 0.047165
107800.00000 0.047715
107810.00000 0.048272
107820.00000 0.048834
107830.00000 0.049402
107840.00000 0.049977
107850.00000 0.050558
107860.00000 0.051146
107870.00000 0.05174
107880.00000 0.052339
107890.00000 0.052943
107900.00000 0.053553
107910.00000 0.05417
107920.00000 0.054794
107930.00000 0.055427
107940.00000 0.056068
107950.00000 0.056717
107960.00000 0.057373
107970.00000 0.058037
107980.00000 0.05871
107990.00000 0.059394
108000.00000 0.060086
108010.00000 0.060788
108020.00000 0.061499
108030.00000 0.062219
108040.00000 0.062949
108050.00000 0.06369
108060.00000 0.064441
108070.00000 0.065203
108080.00000 0.065975
108090.00000 0.066756
108100.00000 0.067545
108110.00000 0.068341
108120.00000 0.069145
108130.00000 0.069957
108140.00000 0.070777
108150.00000 0.071605
108160.00000 0.072441
108170.00000 0.073285
108180.00000 0.074137
108190.00000 0.074997
108200.00000 0.075864
108210.00000 0.07674
108220.00000 0.077624
108230.00000 0.078516
108240.00000 0.079413
108250.00000 0.080318
108260.00000 0.081231
108270.00000 0.082157
108280.00000 0.083095
108290.00000 0.084048
108300.00000 0.085012
108310.00000 0.085988
108320.00000 0.086976
108330.00000 0.087978
108340.00000 0.088994
108350.00000 0.090023
108360.00000 0.091064
108370.00000 0.092118
108380.00000 0.093187
108390.00000 0.094272
108400.00000 0.095374
108410.00000 0.096495
108420.00000 0.097632
108430.00000 0.098785
108440.00000 0.099955
108450.00000 0.10114
108460.00000 0.102341
108470.00000 0.103555
108480.00000 0.104783
108490.00000 0.106027
108500.00000 0.107289
108510.00000 0.108571
108520.00000 0.109875
108530.00000 0.1112
108540.00000 0.112545
108550.00000 0.113909
108560.00000 0.115294
108570.00000 0.1167
108580.00000 0.118126
108590.00000 0.119571
108600.00000 0.121036
108610.00000 0.122522
108620.00000 0.124029
108630.00000 0.125561
108640.00000 0.127116
108650.00000 0.128698
108660.00000 0.130304
108670.00000 0.131933
108680.00000 0.133581
108690.00000 0.135248
108700.00000 0.136931
108710.00000 0.138633
108720.00000 0.140353
108730.00000 0.142093
108740.00000 0.143851
108750.00000 0.145627
108760.00000 0.147421
108770.00000 0.149234
108780.00000 0.151066
108790.00000 0.152916
108800.00000 0.154782
108810.00000 0.156665
108820.00000 0.158562
108830.00000 0.160471
108840.00000 0.162396
108850.00000 0.164339
108860.00000 0.166303
108870.00000 0.168291
108880.00000 0.170303
108890.00000 0.172335
108900.00000 0.174389
108910.00000 0.176466
108920.00000 0.178569
108930.00000 0.1807
108940.00000 0.182858
108950.00000 0.185039
108960.00000 0.187247
108970.00000 0.189483
108980.00000 0.191751
108990.00000 0.194054
109000.00000 0.196393
109010.00000 0.198765
109020.00000 0.20117
109030.00000 0.203608
109040.00000 0.206078
109050.00000 0.208581
109060.00000 0.211117
109070.00000 0.213686
109080.00000 0.216287
109090.00000 0.218922
109100.00000 0.221588
109110.00000 0.224286
109120.00000 0.227017
109130.00000 0.229781
109140.00000 0.232578
109150.00000 0.235405
109160.00000 0.238261
109170.00000 0.241145
109180.00000 0.244056
109190.00000 0.246997
109200.00000 0.249967
109210.00000 0.252965
109220.00000 0.255992
109230.00000 0.259048
109240.00000 0.262132
109250.00000 0.265245
109260.00000 0.268387
109270.00000 0.271557
109280.00000 0.274754
109290.00000 0.277979
109300.00000 0.281231
109310.00000 0.284512
109320.00000 0.28782
109330.00000 0.291155
109340.00000 0.294518
109350.00000 0.297909
109360.00000 0.301327
109370.00000 0.304774
109380.00000 0.308248
109390.00000 0.311748
109400.00000 0.315274
109410.00000 0.318824
109420.00000 0.3224
109430.00000 0.326001
109440.00000 0.329629
109450.00000 0.33328
109460.00000 0.336953
109470.00000 0.340648
109480.00000 0.344365
109490.00000 0.348107
109500.00000 0.351871
109510.00000 0.355656
109520.00000 0.35946
109530.00000 0.363281
109540.00000 0.367122
109550.00000 0.370982
109560.00000 0.374862
109570.00000 0.37876
109580.00000 0.382675
109590.00000 0.386606
109600.00000 0.390553
109610.00000 0.394519
109620.00000 0.398501
109630.00000 0.402499
109640.00000 0.406512
109650.00000 0.41054
109660.00000 0.414583
109670.00000 0.418642
109680.00000 0.422716
109690.00000 0.426803
109700.00000 0.430902
109710.00000 0.435012
109720.00000 0.439136
109730.00000 0.443276
109740.00000 0.447427
109750.00000 0.451586
109760.00000 0.455751
109770.00000 0.459918
109780.00000 0.464092
109790.00000 0.468275
109800.00000 0.472463
109810.00000 0.476653
109820.00000 0.480839
109830.00000 0.485017
109840.00000 0.489193
109850.00000 0.49337
109860.00000 0.497545
109870.00000 0.501711
109880.00000 0.505864
109890.00000 0.510001
109900.00000 0.514123
109910.00000 0.518234
109920.00000 0.522333
109930.00000 0.526417
109940.00000 0.530484
109950.00000 0.534532
109960.00000 0.538562
109970.00000 0.542576
109980.00000 0.546574
109990.00000 0.550553
110000.00000 0.554512
110010.00000 0.55845
110020.00000 0.562367
110030.00000 0.566264
110040.00000 0.570142
110050.00000 0.573999
110060.00000 0.577838
110070.00000 0.581657
110080.00000 0.585458
110090.00000 0.589243
110100.00000 0.593009
110110.00000 0.596753
110120.00000 0.600473
110130.00000 0.604166
110140.00000 0.607832
110150.00000 0.611478
110160.00000 0.615099
110170.00000 0.618693
110180.00000 0.622256
110190.00000 0.625788
110200.00000 0.629287
110210.00000 0.632762
110220.00000 0.636208
110230.00000 0.639619
110240.00000 0.642991
110250.00000 0.646319
110260.00000 0.6496
110270.00000 0.652841
110280.00000 0.656043
110290.00000 0.659202
110300.00000 0.662316
110310.00000 0.665383
110320.00000 0.668402
110330.00000 0.671378
110340.00000 0.674309
110350.00000 0.677192
110360.00000 0.680027
110370.00000 0.682811
110380.00000 0.685542
110390.00000 0.688219
110400.00000 0.690846
110410.00000 0.693423
110420.00000 0.695954
110430.00000 0.698439
110440.00000 0.70088
110450.00000 0.703274
110460.00000 0.705622
110470.00000 0.707924
110480.00000 0.710181
110490.00000 0.712394
110500.00000 0.714564
110510.00000 0.716687
110520.00000 0.718765
110530.00000 0.720798
110540.00000 0.72279
110550.00000 0.724742
110560.00000 0.726657
110570.00000 0.728534
110580.00000 0.730371
110590.00000 0.732169
110600.00000 0.733925
110610.00000 0.735641
110620.00000 0.737315
110630.00000 0.738947
110640.00000 0.740537
110650.00000 0.742086
110660.00000 0.743595
110670.00000 0.745064
110680.00000 0.746496
110690.00000 0.747889
110700.00000 0.749242
110710.00000 0.750557
110720.00000 0.751832
110730.00000 0.753069
110740.00000 0.754268
110750.00000 0.755427
110760.00000 0.756545
110770.00000 0.757624
110780.00000 0.758665
110790.00000 0.759672
110800.00000 0.760646
110810.00000 0.761586
110820.00000 0.762491
110830.00000 0.763361
110840.00000 0.764197
110850.00000 0.765001
110860.00000 0.765774
110870.00000 0.766517
110880.00000 0.767226
110890.00000 0.767902
110900.00000 0.768547
110910.00000 0.769165
110920.00000 0.769758
110930.00000 0.770327
110940.00000 0.770869
110950.00000 0.771383
110960.00000 0.771872
110970.00000 0.772336
110980.00000 0.77278
110990.00000 0.773203
111000.00000 0.773604
111010.00000 0.773981
111020.00000 0.774337
111030.00000 0.774672
111040.00000 0.774988
111050.00000 0.775286
111060.00000 0.775566
111070.00000 0.775827
111080.00000 0.776068
111090.00000 0.776291
111100.00000 0.776495
111110.00000 0.776683
111120.00000 0.776853
111130.00000 0.777004
111140.00000 0.777138
111150.00000 0.777254
111160.00000 0.777353
111170.00000 0.777436
111180.00000 0.777501
111190.00000 0.777548
111200.00000 0.777578
111210.00000 0.777592
111220.00000 0.777591
111230.00000 0.777576
111240.00000 0.777547
111250.00000 0.777503
111260.00000 0.777443
111270.00000 0.77737
111280.00000 0.777284
111290.00000 0.777187
111300.00000 0.77708
111310.00000 0.776959
111320.00000 0.776826
111330.00000 0.776681
111340.00000 0.776527
111350.00000 0.776364
111360.00000 0.776195
111370.00000 0.776018
111380.00000 0.775832
111390.00000 0.775638
111400.00000 0.775436
111410.00000 0.775227
111420.00000 0.775012
111430.00000 0.77479
111440.00000 0.77456
111450.00000 0.774324
111460.00000 0.774081
111470.00000 0.773834
111480.00000 0.773583
111490.00000 0.773328
111500.00000 0.773068
111510.00000 0.772804
111520.00000 0.772535
111530.00000 0.772263
111540.00000 0.771987
111550.00000 0.771709
111560.00000 0.771426
111570.00000 0.771139
111580.00000 0.770848
111590.00000 0.770556
111600.00000 0.770263
111610.00000 0.769969
111620.00000 0.769674
111630.00000 0.769378
111640.00000 0.76908
111650.00000 0.768781
111660.00000 0.76848
111670.00000 0.768178
111680.00000 0.767873
111690.00000 0.767566
111700.00000 0.767258
111710.00000 0.766949
111720.00000 0.766639
111730.00000 0.766329
111740.00000 0.76602
111750.00000 0.76571
111760.00000 0.765399
111770.00000 0.765089
111780.00000 0.764778
111790.00000 0.764468
111800.00000 0.764159
111810.00000 0.763849
111820.00000 0.763539
111830.00000 0.76323
111840.00000 0.762923
111850.00000 0.762618
111860.00000 0.762316
111870.00000 0.762016
111880.00000 0.761718
111890.00000 0.761423
111900.00000 0.761129
111910.00000 0.760837
111920.00000 0.760547
111930.00000 0.760258
111940.00000 0.759972
111950.00000 0.759687
111960.00000 0.759405
111970.00000 0.759123
