threeML/data/optical_filters/GTC/CanariCam-N.ecsv
# %ECSV 0.9
# ---
# datatype:
# - {name: wavelength, unit: Angstrom, datatype: float32}
# - {name: response, datatype: float32}
# meta: !!omap
# - {band_name: N}
# - {group_name: CanariCam}
wavelength response
[from data line 3048]
103730.00000 0.868667
103740.00000 0.86847
103750.00000 0.86828
103760.00000 0.868095
103770.00000 0.867916
103780.00000 0.867742
103790.00000 0.867572
103800.00000 0.867409
103810.00000 0.867252
103820.00000 0.867099
103830.00000 0.866949
103840.00000 0.866801
103850.00000 0.866654
103860.00000 0.866511
103870.00000 0.866371
103880.00000 0.866231
103890.00000 0.86609
103900.00000 0.865948
103910.00000 0.865805
103920.00000 0.865662
103930.00000 0.865518
103940.00000 0.865372
103950.00000 0.865224
103960.00000 0.865072
103970.00000 0.864919
103980.00000 0.864763
103990.00000 0.864605
104000.00000 0.864445
104010.00000 0.864282
104020.00000 0.864116
104030.00000 0.863948
104040.00000 0.863778
104050.00000 0.863605
104060.00000 0.86343
104070.00000 0.863253
104080.00000 0.863074
104090.00000 0.862892
104100.00000 0.862708
104110.00000 0.862521
104120.00000 0.862332
104130.00000 0.862139
104140.00000 0.861945
104150.00000 0.861748
104160.00000 0.861549
104170.00000 0.861348
104180.00000 0.861144
104190.00000 0.860938
104200.00000 0.86073
104210.00000 0.860522
104220.00000 0.860316
104230.00000 0.860109
104240.00000 0.859902
104250.00000 0.859695
104260.00000 0.859491
104270.00000 0.859291
104280.00000 0.859097
104290.00000 0.858906
104300.00000 0.858719
104310.00000 0.858536
104320.00000 0.858358
104330.00000 0.858187
104340.00000 0.858022
104350.00000 0.857863
104360.00000 0.857709
104370.00000 0.857559
104380.00000 0.857413
104390.00000 0.85727
104400.00000 0.857131
104410.00000 0.856997
104420.00000 0.856865
104430.00000 0.856735
104440.00000 0.856606
104450.00000 0.856476
104460.00000 0.856349
104470.00000 0.856223
104480.00000 0.856098
104490.00000 0.855975
104500.00000 0.855854
104510.00000 0.855733
104520.00000 0.855613
104530.00000 0.855496
104540.00000 0.855383
104550.00000 0.855273
104560.00000 0.855168
104570.00000 0.855066
104580.00000 0.854967
104590.00000 0.854871
104600.00000 0.854776
104610.00000 0.854685
104620.00000 0.854599
104630.00000 0.854516
104640.00000 0.854432
104650.00000 0.854344
104660.00000 0.854249
104670.00000 0.854154
104680.00000 0.854056
104690.00000 0.853953
104700.00000 0.853841
104710.00000 0.853715
104720.00000 0.853576
104730.00000 0.853425
104740.00000 0.853264
104750.00000 0.853092
104760.00000 0.852906
104770.00000 0.852707
104780.00000 0.85249
104790.00000 0.85226
104800.00000 0.852018
104810.00000 0.85177
104820.00000 0.851517
104830.00000 0.85126
104840.00000 0.85099
104850.00000 0.850715
104860.00000 0.85044
104870.00000 0.85017
104880.00000 0.84991
104890.00000 0.849653
104900.00000 0.849399
104910.00000 0.849151
104920.00000 0.848913
104930.00000 0.848689
104940.00000 0.84848
104950.00000 0.848283
104960.00000 0.848097
104970.00000 0.847922
104980.00000 0.847757
104990.00000 0.847603
105000.00000 0.847463
105010.00000 0.847335
105020.00000 0.847216
105030.00000 0.847104
105040.00000 0.846995
105050.00000 0.846889
105060.00000 0.846792
105070.00000 0.846699
105080.00000 0.846609
105090.00000 0.84652
105100.00000 0.84643
105110.00000 0.846339
105120.00000 0.84625
105130.00000 0.846161
105140.00000 0.846072
105150.00000 0.845984
105160.00000 0.845896
105170.00000 0.845806
105180.00000 0.845717
105190.00000 0.845629
105200.00000 0.845544
105210.00000 0.845463
105220.00000 0.845384
105230.00000 0.845308
105240.00000 0.845235
105250.00000 0.845165
105260.00000 0.845098
105270.00000 0.845035
105280.00000 0.844977
105290.00000 0.844922
105300.00000 0.844869
105310.00000 0.844816
105320.00000 0.844761
105330.00000 0.844708
105340.00000 0.844657
105350.00000 0.844604
105360.00000 0.844548
105370.00000 0.844486
105380.00000 0.844416
105390.00000 0.844341
105400.00000 0.844262
105410.00000 0.844176
105420.00000 0.844082
105430.00000 0.843979
105440.00000 0.843866
105450.00000 0.843744
105460.00000 0.843614
105470.00000 0.843476
105480.00000 0.843333
105490.00000 0.843183
105500.00000 0.843023
105510.00000 0.842856
105520.00000 0.842684
105530.00000 0.84251
105540.00000 0.842336
105550.00000 0.842162
105560.00000 0.841983
105570.00000 0.841803
105580.00000 0.841625
105590.00000 0.84145
105600.00000 0.841281
105610.00000 0.841116
105620.00000 0.840953
105630.00000 0.840795
105640.00000 0.840642
105650.00000 0.840495
105660.00000 0.840356
105670.00000 0.840222
105680.00000 0.840095
105690.00000 0.839973
105700.00000 0.839856
105710.00000 0.839743
105720.00000 0.839636
105730.00000 0.839534
105740.00000 0.839437
105750.00000 0.839344
105760.00000 0.839255
105770.00000 0.839169
105780.00000 0.839087
105790.00000 0.839008
105800.00000 0.838934
105810.00000 0.838863
105820.00000 0.838797
105830.00000 0.838735
105840.00000 0.838676
105850.00000 0.838621
105860.00000 0.838572
105870.00000 0.838529
105880.00000 0.838492
105890.00000 0.838462
105900.00000 0.838438
105910.00000 0.838419
105920.00000 0.838407
105930.00000 0.838402
105940.00000 0.838405
105950.00000 0.838415
105960.00000 0.838433
105970.00000 0.838455
105980.00000 0.838482
105990.00000 0.838511
106000.00000 0.838546
106010.00000 0.838587
106020.00000 0.838632
106030.00000 0.838677
106040.00000 0.838721
106050.00000 0.838763
106060.00000 0.838807
106070.00000 0.838851
106080.00000 0.838893
106090.00000 0.838932
106100.00000 0.838967
106110.00000 0.838998
106120.00000 0.839025
106130.00000 0.839048
106140.00000 0.839069
106150.00000 0.839087
106160.00000 0.839102
106170.00000 0.839113
106180.00000 0.839121
106190.00000 0.839127
106200.00000 0.839131
106210.00000 0.839136
106220.00000 0.839142
106230.00000 0.839147
106240.00000 0.839151
106250.00000 0.839156
106260.00000 0.839162
106270.00000 0.839169
106280.00000 0.839178
106290.00000 0.839189
106300.00000 0.839201
106310.00000 0.839213
106320.00000 0.839224
106330.00000 0.839233
106340.00000 0.839244
106350.00000 0.839255
106360.00000 0.839264
106370.00000 0.83927
106380.00000 0.839272
106390.00000 0.839269
106400.00000 0.839263
106410.00000 0.839253
106420.00000 0.83924
106430.00000 0.839221
106440.00000 0.839197
106450.00000 0.839166
106460.00000 0.839129
106470.00000 0.839088
106480.00000 0.839042
106490.00000 0.838993
106500.00000 0.838941
106510.00000 0.838884
106520.00000 0.838822
106530.00000 0.838757
106540.00000 0.838691
106550.00000 0.838624
106560.00000 0.838556
106570.00000 0.838486
106580.00000 0.838415
106590.00000 0.838343
106600.00000 0.838271
106610.00000 0.8382
106620.00000 0.838129
106630.00000 0.838059
106640.00000 0.837989
106650.00000 0.837919
106660.00000 0.837849
106670.00000 0.837778
106680.00000 0.837707
106690.00000 0.837636
106700.00000 0.837565
106710.00000 0.837493
106720.00000 0.83742
106730.00000 0.837346
106740.00000 0.837272
106750.00000 0.837196
106760.00000 0.83712
106770.00000 0.837044
106780.00000 0.836968
106790.00000 0.836891
106800.00000 0.836813
106810.00000 0.836735
106820.00000 0.836658
106830.00000 0.836582
106840.00000 0.836509
106850.00000 0.836437
106860.00000 0.836367
106870.00000 0.836298
106880.00000 0.836231
106890.00000 0.836169
106900.00000 0.836111
106910.00000 0.836055
106920.00000 0.836002
106930.00000 0.835954
106940.00000 0.835909
106950.00000 0.835869
106960.00000 0.835834
106970.00000 0.835803
106980.00000 0.835776
106990.00000 0.835754
107000.00000 0.835737
107010.00000 0.835726
107020.00000 0.835719
107030.00000 0.835718
107040.00000 0.835722
107050.00000 0.835732
107060.00000 0.835747
107070.00000 0.83577
107080.00000 0.835799
107090.00000 0.835833
107100.00000 0.835874
107110.00000 0.835921
107120.00000 0.835974
107130.00000 0.836033
107140.00000 0.836098
107150.00000 0.83617
107160.00000 0.836248
107170.00000 0.83633
107180.00000 0.836417
107190.00000 0.836509
107200.00000 0.836606
107210.00000 0.836708
107220.00000 0.836815
107230.00000 0.836926
107240.00000 0.837039
107250.00000 0.837156
107260.00000 0.837277
107270.00000 0.837402
107280.00000 0.837531
107290.00000 0.837664
107300.00000 0.8378
107310.00000 0.837941
107320.00000 0.838084
107330.00000 0.838233
107340.00000 0.838386
107350.00000 0.838545
107360.00000 0.838709
107370.00000 0.838879
107380.00000 0.839054
107390.00000 0.839235
107400.00000 0.839421
107410.00000 0.839612
107420.00000 0.83981
107430.00000 0.840014
107440.00000 0.840224
107450.00000 0.840439
107460.00000 0.840656
107470.00000 0.840876
107480.00000 0.841099
107490.00000 0.841328
107500.00000 0.84156
107510.00000 0.841793
107520.00000 0.842024
107530.00000 0.842253
107540.00000 0.842482
107550.00000 0.842712
107560.00000 0.84294
107570.00000 0.843166
107580.00000 0.843386
107590.00000 0.8436
107600.00000 0.843811
107610.00000 0.844018
107620.00000 0.84422
107630.00000 0.844417
107640.00000 0.844608
107650.00000 0.844792
107660.00000 0.84497
107670.00000 0.845143
107680.00000 0.845309
107690.00000 0.84547
107700.00000 0.845625
107710.00000 0.845773
107720.00000 0.845916
107730.00000 0.846052
107740.00000 0.846183
107750.00000 0.846309
107760.00000 0.846429
107770.00000 0.846545
107780.00000 0.846654
107790.00000 0.846759
107800.00000 0.846859
107810.00000 0.846956
107820.00000 0.84705
107830.00000 0.847139
107840.00000 0.847224
107850.00000 0.847306
107860.00000 0.847385
107870.00000 0.847463
107880.00000 0.847539
107890.00000 0.847612
107900.00000 0.847684
107910.00000 0.847754
107920.00000 0.847822
107930.00000 0.847888
107940.00000 0.847954
107950.00000 0.848018
107960.00000 0.848081
107970.00000 0.848143
107980.00000 0.848201
107990.00000 0.848257
108000.00000 0.848311
108010.00000 0.848363
108020.00000 0.848412
108030.00000 0.848458
108040.00000 0.8485
108050.00000 0.848536
108060.00000 0.848568
108070.00000 0.848595
108080.00000 0.848619
108090.00000 0.848637
108100.00000 0.84865
108110.00000 0.848657
108120.00000 0.848658
108130.00000 0.848654
108140.00000 0.848644
108150.00000 0.84863
108160.00000 0.848612
108170.00000 0.84859
108180.00000 0.848562
108190.00000 0.848529
108200.00000 0.848492
108210.00000 0.848453
108220.00000 0.848414
108230.00000 0.848375
108240.00000 0.848333
108250.00000 0.84829
108260.00000 0.848247
108270.00000 0.848204
108280.00000 0.848165
108290.00000 0.848129
108300.00000 0.848095
108310.00000 0.848063
108320.00000 0.848032
108330.00000 0.848005
108340.00000 0.847981
108350.00000 0.847962
108360.00000 0.847947
108370.00000 0.847935
108380.00000 0.847926
108390.00000 0.847916
108400.00000 0.847905
108410.00000 0.847895
108420.00000 0.847887
108430.00000 0.84788
108440.00000 0.84787
108450.00000 0.847856
108460.00000 0.847834
108470.00000 0.847807
108480.00000 0.847778
108490.00000 0.847744
108500.00000 0.847703
108510.00000 0.847653
108520.00000 0.847592
108530.00000 0.847521
108540.00000 0.847441
108550.00000 0.847353
108560.00000 0.847256
108570.00000 0.84715
108580.00000 0.847037
108590.00000 0.846914
108600.00000 0.84678
108610.00000 0.846639
108620.00000 0.846493
108630.00000 0.846343
108640.00000 0.846191
108650.00000 0.846033
108660.00000 0.84587
108670.00000 0.845703
108680.00000 0.845535
108690.00000 0.845369
108700.00000 0.845206
108710.00000 0.845043
108720.00000 0.844881
108730.00000 0.844719
108740.00000 0.844558
108750.00000 0.8444
108760.00000 0.844245
108770.00000 0.844092
108780.00000 0.843942
108790.00000 0.843793
108800.00000 0.843644
108810.00000 0.843495
108820.00000 0.843346
108830.00000 0.843198
108840.00000 0.84305
108850.00000 0.842902
108860.00000 0.842753
108870.00000 0.842599
108880.00000 0.842442
108890.00000 0.842283
108900.00000 0.842121
108910.00000 0.841956
108920.00000 0.841789
108930.00000 0.841618
108940.00000 0.841443
108950.00000 0.841265
108960.00000 0.841083
108970.00000 0.840899
108980.00000 0.840713
108990.00000 0.840525
109000.00000 0.840335
109010.00000 0.840143
109020.00000 0.839948
109030.00000 0.839752
109040.00000 0.839557
109050.00000 0.839363
109060.00000 0.83917
109070.00000 0.838977
109080.00000 0.838785
109090.00000 0.838594
109100.00000 0.838404
109110.00000 0.838217
109120.00000 0.838033
109130.00000 0.83785
109140.00000 0.837669
109150.00000 0.83749
109160.00000 0.837313
109170.00000 0.837138
109180.00000 0.836965
109190.00000 0.836794
109200.00000 0.836625
109210.00000 0.836458
109220.00000 0.836292
109230.00000 0.836126
109240.00000 0.835962
109250.00000 0.835798
109260.00000 0.835636
109270.00000 0.835476
109280.00000 0.835317
109290.00000 0.835159
109300.00000 0.835003
109310.00000 0.834848
109320.00000 0.834694
109330.00000 0.834543
109340.00000 0.834395
109350.00000 0.83425
109360.00000 0.834109
109370.00000 0.833971
109380.00000 0.833835
109390.00000 0.833703
109400.00000 0.833575
109410.00000 0.833452
109420.00000 0.833334
109430.00000 0.833221
109440.00000 0.833112
109450.00000 0.833005
109460.00000 0.832901
109470.00000 0.832799
109480.00000 0.832701
109490.00000 0.832607
109500.00000 0.832515
109510.00000 0.832424
109520.00000 0.83233
109530.00000 0.832231
109540.00000 0.832131
109550.00000 0.832031
109560.00000 0.831929
109570.00000 0.831821
109580.00000 0.831706
109590.00000 0.831579
109600.00000 0.831445
109610.00000 0.831303
109620.00000 0.831154
109630.00000 0.830996
109640.00000 0.830826
109650.00000 0.830645
109660.00000 0.83045
109670.00000 0.830244
109680.00000 0.830027
109690.00000 0.829801
109700.00000 0.829565
109710.00000 0.829321
109720.00000 0.829066
109730.00000 0.8288
109740.00000 0.828524
109750.00000 0.828243
109760.00000 0.827958
109770.00000 0.827673
109780.00000 0.827383
109790.00000 0.827087
109800.00000 0.826787
109810.00000 0.826487
109820.00000 0.82619
109830.00000 0.825899
109840.00000 0.825612
109850.00000 0.825326
109860.00000 0.825042
109870.00000 0.824763
109880.00000 0.824491
109890.00000 0.824226
109900.00000 0.82397
109910.00000 0.82372
109920.00000 0.823477
109930.00000 0.823239
109940.00000 0.823007
109950.00000 0.822781
109960.00000 0.822561
109970.00000 0.822348
109980.00000 0.822141
109990.00000 0.821939
110000.00000 0.821738
110010.00000 0.821539
110020.00000 0.821341
110030.00000 0.821147
110040.00000 0.820956
110050.00000 0.820766
110060.00000 0.820575
110070.00000 0.820384
110080.00000 0.82019
110090.00000 0.819997
110100.00000 0.819803
110110.00000 0.819609
110120.00000 0.819414
110130.00000 0.819218
110140.00000 0.819021
110150.00000 0.818823
110160.00000 0.818624
110170.00000 0.818425
110180.00000 0.818224
110190.00000 0.818023
110200.00000 0.817822
110210.00000 0.81762
110220.00000 0.817417
110230.00000 0.817214
110240.00000 0.817009
110250.00000 0.816802
110260.00000 0.816594
110270.00000 0.816384
110280.00000 0.816174
110290.00000 0.815962
110300.00000 0.815746
110310.00000 0.815527
110320.00000 0.815303
110330.00000 0.815075
110340.00000 0.814845
110350.00000 0.814611
110360.00000 0.814373
110370.00000 0.814131
110380.00000 0.813884
110390.00000 0.813633
110400.00000 0.813377
110410.00000 0.813117
110420.00000 0.812855
110430.00000 0.812591
110440.00000 0.812325
110450.00000 0.812055
110460.00000 0.811781
110470.00000 0.811506
110480.00000 0.81123
110490.00000 0.810955
110500.00000 0.810683
110510.00000 0.810411
110520.00000 0.810138
110530.00000 0.809866
110540.00000 0.809597
110550.00000 0.809331
110560.00000 0.80907
110570.00000 0.808811
110580.00000 0.808555
110590.00000 0.808302
110600.00000 0.808053
110610.00000 0.80781
110620.00000 0.807573
110630.00000 0.807342
110640.00000 0.807114
110650.00000 0.806893
110660.00000 0.806677
110670.00000 0.806468
110680.00000 0.806267
110690.00000 0.806074
110700.00000 0.805887
110710.00000 0.805707
110720.00000 0.805534
110730.00000 0.80537
110740.00000 0.805212
110750.00000 0.805064
110760.00000 0.804925
110770.00000 0.804794
110780.00000 0.80467
110790.00000 0.804551
110800.00000 0.804436
110810.00000 0.804326
110820.00000 0.804223
110830.00000 0.804126
110840.00000 0.804033
110850.00000 0.803941
110860.00000 0.803849
110870.00000 0.803755
110880.00000 0.803662
110890.00000 0.803571
110900.00000 0.80348
110910.00000 0.803387
110920.00000 0.803291
110930.00000 0.803191
110940.00000 0.803087
110950.00000 0.802981
110960.00000 0.802872
110970.00000 0.802763
110980.00000 0.802654
110990.00000 0.802546
111000.00000 0.802436
111010.00000 0.802324
111020.00000 0.802212
