threeML/data/optical_filters/GTC/CanariCam-Si4.ecsv
# %ECSV 0.9
# ---
# datatype:
# - {name: wavelength, unit: Angstrom, datatype: float32}
# - {name: response, datatype: float32}
# meta: !!omap
# - {band_name: Si4}
# - {group_name: CanariCam}
wavelength response
85149.00000 0.0
94610.00000 0.004012
94620.00000 0.004052
94630.00000 0.004092
94640.00000 0.004133
94650.00000 0.004174
94660.00000 0.004215
94670.00000 0.004257
94680.00000 0.004299
94690.00000 0.004342
94700.00000 0.004386
94710.00000 0.00443
94720.00000 0.004474
94730.00000 0.004519
94740.00000 0.004565
94750.00000 0.004611
94760.00000 0.004657
94770.00000 0.004705
94780.00000 0.004752
94790.00000 0.004801
94800.00000 0.00485
94810.00000 0.0049
94820.00000 0.00495
94830.00000 0.005
94840.00000 0.005052
94850.00000 0.005104
94860.00000 0.005157
94870.00000 0.005211
94880.00000 0.005265
94890.00000 0.005321
94900.00000 0.005377
94910.00000 0.005435
94920.00000 0.005493
94930.00000 0.005552
94940.00000 0.005611
94950.00000 0.005671
94960.00000 0.005731
94970.00000 0.005792
94980.00000 0.005854
94990.00000 0.005916
95000.00000 0.005979
95010.00000 0.006042
95020.00000 0.006106
95030.00000 0.00617
95040.00000 0.006236
95050.00000 0.006301
95060.00000 0.006367
95070.00000 0.006434
95080.00000 0.006501
95090.00000 0.006569
95100.00000 0.006638
95110.00000 0.006707
95120.00000 0.006776
95130.00000 0.006846
95140.00000 0.006917
95150.00000 0.006988
95160.00000 0.007059
95170.00000 0.00713
95180.00000 0.007202
95190.00000 0.007275
95200.00000 0.007348
95210.00000 0.007422
95220.00000 0.007496
95230.00000 0.007572
95240.00000 0.007648
95250.00000 0.007726
95260.00000 0.007804
95270.00000 0.007883
95280.00000 0.007963
95290.00000 0.008043
95300.00000 0.008125
95310.00000 0.008207
95320.00000 0.008291
95330.00000 0.008376
95340.00000 0.008462
95350.00000 0.008549
95360.00000 0.008636
95370.00000 0.008725
95380.00000 0.008815
95390.00000 0.008906
95400.00000 0.008998
95410.00000 0.009092
95420.00000 0.009187
95430.00000 0.009284
95440.00000 0.009382
95450.00000 0.009481
95460.00000 0.009581
95470.00000 0.009683
95480.00000 0.009787
95490.00000 0.009891
95500.00000 0.009997
95510.00000 0.010104
95520.00000 0.010212
95530.00000 0.010322
95540.00000 0.010433
95550.00000 0.010545
95560.00000 0.010658
95570.00000 0.010773
95580.00000 0.010889
95590.00000 0.011007
95600.00000 0.011126
95610.00000 0.011247
95620.00000 0.011368
95630.00000 0.011492
95640.00000 0.011617
95650.00000 0.011743
95660.00000 0.011871
95670.00000 0.012
95680.00000 0.012131
95690.00000 0.012263
95700.00000 0.012397
95710.00000 0.012533
95720.00000 0.01267
95730.00000 0.012808
95740.00000 0.012948
95750.00000 0.01309
95760.00000 0.013234
95770.00000 0.013379
95780.00000 0.013527
95790.00000 0.013676
95800.00000 0.013827
95810.00000 0.01398
95820.00000 0.014135
95830.00000 0.014291
95840.00000 0.014449
95850.00000 0.01461
95860.00000 0.014772
95870.00000 0.014937
95880.00000 0.015104
95890.00000 0.015274
95900.00000 0.015445
95910.00000 0.015618
95920.00000 0.015794
95930.00000 0.015971
95940.00000 0.016151
95950.00000 0.016334
95960.00000 0.016518
95970.00000 0.016705
95980.00000 0.016895
95990.00000 0.017086
96000.00000 0.01728
96010.00000 0.017476
96020.00000 0.017675
96030.00000 0.017875
96040.00000 0.018079
96050.00000 0.018285
96060.00000 0.018494
96070.00000 0.018705
96080.00000 0.018919
96090.00000 0.019136
96100.00000 0.019355
96110.00000 0.019577
96120.00000 0.019801
96130.00000 0.020028
96140.00000 0.020257
96150.00000 0.020489
96160.00000 0.020724
96170.00000 0.020961
96180.00000 0.0212
96190.00000 0.021442
96200.00000 0.021687
96210.00000 0.021934
96220.00000 0.022185
96230.00000 0.022438
96240.00000 0.022694
96250.00000 0.022954
96260.00000 0.023216
96270.00000 0.023482
96280.00000 0.02375
96290.00000 0.024022
96300.00000 0.024296
96310.00000 0.024573
96320.00000 0.024853
96330.00000 0.025136
96340.00000 0.025422
96350.00000 0.025711
96360.00000 0.026002
96370.00000 0.026295
96380.00000 0.026592
96390.00000 0.026891
96400.00000 0.027194
96410.00000 0.027501
96420.00000 0.027811
96430.00000 0.028126
96440.00000 0.028444
96450.00000 0.028766
96460.00000 0.029091
96470.00000 0.02942
96480.00000 0.029752
96490.00000 0.030088
96500.00000 0.030428
96510.00000 0.030772
96520.00000 0.031119
96530.00000 0.03147
96540.00000 0.031824
96550.00000 0.032182
96560.00000 0.032543
96570.00000 0.032907
96580.00000 0.033276
96590.00000 0.03365
96600.00000 0.034028
96610.00000 0.034412
96620.00000 0.034802
96630.00000 0.035196
96640.00000 0.035596
96650.00000 0.036
96660.00000 0.036409
96670.00000 0.036824
96680.00000 0.037243
96690.00000 0.037667
96700.00000 0.038096
96710.00000 0.03853
96720.00000 0.038968
96730.00000 0.039411
96740.00000 0.039858
96750.00000 0.04031
96760.00000 0.040767
96770.00000 0.041231
96780.00000 0.0417
96790.00000 0.042175
96800.00000 0.042658
96810.00000 0.043148
96820.00000 0.043644
96830.00000 0.044147
96840.00000 0.044656
96850.00000 0.045171
96860.00000 0.045693
96870.00000 0.046221
96880.00000 0.046755
96890.00000 0.047295
96900.00000 0.047841
96910.00000 0.048392
96920.00000 0.048949
96930.00000 0.049511
96940.00000 0.050079
96950.00000 0.050654
96960.00000 0.051236
96970.00000 0.051826
96980.00000 0.052423
96990.00000 0.05303
97000.00000 0.053644
97010.00000 0.054267
97020.00000 0.054897
97030.00000 0.055536
97040.00000 0.056181
97050.00000 0.056834
97060.00000 0.057495
97070.00000 0.058163
97080.00000 0.058838
97090.00000 0.059521
97100.00000 0.06021
97110.00000 0.060905
97120.00000 0.061607
97130.00000 0.062316
97140.00000 0.063034
97150.00000 0.06376
97160.00000 0.064495
97170.00000 0.06524
97180.00000 0.065995
97190.00000 0.06676
97200.00000 0.067535
97210.00000 0.068318
97220.00000 0.069111
97230.00000 0.069913
97240.00000 0.070724
97250.00000 0.071543
97260.00000 0.072372
97270.00000 0.07321
97280.00000 0.074057
97290.00000 0.074911
97300.00000 0.075773
97310.00000 0.076643
97320.00000 0.077522
97330.00000 0.078412
97340.00000 0.079311
97350.00000 0.080222
97360.00000 0.081144
97370.00000 0.082079
97380.00000 0.083026
97390.00000 0.083983
97400.00000 0.084952
97410.00000 0.085931
97420.00000 0.086922
97430.00000 0.087924
97440.00000 0.088936
97450.00000 0.08996
97460.00000 0.090995
97470.00000 0.092041
97480.00000 0.093096
97490.00000 0.094162
97500.00000 0.095238
97510.00000 0.096325
97520.00000 0.097424
97530.00000 0.098536
97540.00000 0.09966
97550.00000 0.100798
97560.00000 0.101951
97570.00000 0.103117
97580.00000 0.104297
97590.00000 0.105489
97600.00000 0.106695
97610.00000 0.107913
97620.00000 0.109144
97630.00000 0.110389
97640.00000 0.111646
97650.00000 0.112916
97660.00000 0.114198
97670.00000 0.115493
97680.00000 0.1168
97690.00000 0.118119
97700.00000 0.119451
97710.00000 0.120796
97720.00000 0.122156
97730.00000 0.12353
97740.00000 0.124918
97750.00000 0.126322
97760.00000 0.127741
97770.00000 0.129175
97780.00000 0.130623
97790.00000 0.132085
97800.00000 0.133561
97810.00000 0.135052
97820.00000 0.136557
97830.00000 0.138076
97840.00000 0.13961
97850.00000 0.141157
97860.00000 0.142718
97870.00000 0.144293
97880.00000 0.145881
97890.00000 0.147484
97900.00000 0.149101
97910.00000 0.150733
97920.00000 0.152381
97930.00000 0.154044
97940.00000 0.155724
97950.00000 0.15742
97960.00000 0.159132
97970.00000 0.160859
97980.00000 0.162601
97990.00000 0.164358
98000.00000 0.166132
98010.00000 0.167921
98020.00000 0.169725
98030.00000 0.171545
98040.00000 0.173381
98050.00000 0.175232
98060.00000 0.177099
98070.00000 0.17898
98080.00000 0.180877
98090.00000 0.18279
98100.00000 0.184719
98110.00000 0.186665
98120.00000 0.188627
98130.00000 0.190606
98140.00000 0.192602
98150.00000 0.194615
98160.00000 0.196644
98170.00000 0.19869
98180.00000 0.200753
98190.00000 0.202831
98200.00000 0.204926
98210.00000 0.207037
98220.00000 0.209165
98230.00000 0.211308
98240.00000 0.213467
98250.00000 0.215643
98260.00000 0.217835
98270.00000 0.220043
98280.00000 0.222267
98290.00000 0.224507
98300.00000 0.226763
98310.00000 0.229035
98320.00000 0.231323
98330.00000 0.233627
98340.00000 0.235947
98350.00000 0.238283
98360.00000 0.240636
98370.00000 0.243004
98380.00000 0.245388
98390.00000 0.247788
98400.00000 0.250202
98410.00000 0.252631
98420.00000 0.255075
98430.00000 0.257533
98440.00000 0.260006
98450.00000 0.262495
98460.00000 0.264999
98470.00000 0.267518
98480.00000 0.270051
98490.00000 0.272598
98500.00000 0.27516
98510.00000 0.277735
98520.00000 0.280324
98530.00000 0.282927
98540.00000 0.285545
98550.00000 0.288178
98560.00000 0.290824
98570.00000 0.293484
98580.00000 0.296158
98590.00000 0.298846
98600.00000 0.301546
98610.00000 0.304258
98620.00000 0.306983
98630.00000 0.309721
98640.00000 0.312473
98650.00000 0.315238
98660.00000 0.318016
98670.00000 0.320807
98680.00000 0.32361
98690.00000 0.326425
98700.00000 0.329251
98710.00000 0.332089
98720.00000 0.334936
98730.00000 0.337797
98740.00000 0.34067
98750.00000 0.343555
98760.00000 0.346452
98770.00000 0.349359
98780.00000 0.352277
98790.00000 0.355205
98800.00000 0.358141
98810.00000 0.361087
98820.00000 0.364041
98830.00000 0.367007
98840.00000 0.369983
98850.00000 0.37297
98860.00000 0.375966
98870.00000 0.378971
98880.00000 0.381983
98890.00000 0.385003
98900.00000 0.38803
98910.00000 0.391062
98920.00000 0.394101
98930.00000 0.397149
98940.00000 0.400205
98950.00000 0.40327
98960.00000 0.406341
98970.00000 0.409418
98980.00000 0.4125
98990.00000 0.415586
99000.00000 0.418676
99010.00000 0.421769
99020.00000 0.424866
99030.00000 0.42797
99040.00000 0.431079
99050.00000 0.434193
99060.00000 0.437311
99070.00000 0.440431
99080.00000 0.443554
99090.00000 0.446678
99100.00000 0.449803
99110.00000 0.452927
99120.00000 0.456053
99130.00000 0.459183
99140.00000 0.462316
99150.00000 0.465451
99160.00000 0.468586
99170.00000 0.471721
99180.00000 0.474855
99190.00000 0.477987
99200.00000 0.481115
99210.00000 0.48424
99220.00000 0.487365
99230.00000 0.490491
99240.00000 0.493615
99250.00000 0.496738
99260.00000 0.499859
99270.00000 0.502976
99280.00000 0.506089
99290.00000 0.509197
99300.00000 0.5123
99310.00000 0.515396
99320.00000 0.51849
99330.00000 0.521581
99340.00000 0.524669
99350.00000 0.527752
99360.00000 0.53083
99370.00000 0.533902
99380.00000 0.536966
99390.00000 0.540022
99400.00000 0.543069
99410.00000 0.546107
99420.00000 0.54914
99430.00000 0.552166
99440.00000 0.555185
99450.00000 0.558197
99460.00000 0.561201
99470.00000 0.564195
99480.00000 0.56718
99490.00000 0.570155
99500.00000 0.573119
99510.00000 0.576072
99520.00000 0.579018
99530.00000 0.581955
99540.00000 0.584884
99550.00000 0.587802
99560.00000 0.59071
99570.00000 0.593606
99580.00000 0.59649
99590.00000 0.59936
99600.00000 0.602217
99610.00000 0.60506
99620.00000 0.607893
99630.00000 0.610713
99640.00000 0.613522
99650.00000 0.616318
99660.00000 0.619101
99670.00000 0.621872
99680.00000 0.624628
99690.00000 0.627371
99700.00000 0.630099
99710.00000 0.632813
99720.00000 0.635516
99730.00000 0.638205
99740.00000 0.640881
99750.00000 0.643544
99760.00000 0.646192
99770.00000 0.648825
99780.00000 0.651443
99790.00000 0.654045
99800.00000 0.65663
99810.00000 0.659199
99820.00000 0.661753
99830.00000 0.664292
99840.00000 0.666816
99850.00000 0.669324
99860.00000 0.671817
99870.00000 0.674295
99880.00000 0.676757
99890.00000 0.679204
99900.00000 0.681635
99910.00000 0.684051
99920.00000 0.686453
99930.00000 0.688839
99940.00000 0.691211
99950.00000 0.693566
99960.00000 0.695906
99970.00000 0.69823
99980.00000 0.700537
99990.00000 0.702826
100000.00000 0.705099
100010.00000 0.707354
100020.00000 0.709592
100030.00000 0.711814
100040.00000 0.714019
100050.00000 0.716208
100060.00000 0.71838
100070.00000 0.720537
100080.00000 0.722677
100090.00000 0.724801
100100.00000 0.726909
100110.00000 0.729001
100120.00000 0.731079
100130.00000 0.73314
100140.00000 0.735185
100150.00000 0.737214
100160.00000 0.739227
100170.00000 0.741223
100180.00000 0.743202
100190.00000 0.745163
100200.00000 0.747107
100210.00000 0.749034
100220.00000 0.750943
100230.00000 0.752835
100240.00000 0.75471
100250.00000 0.756568
100260.00000 0.75841
100270.00000 0.760236
100280.00000 0.762046
100290.00000 0.76384
100300.00000 0.765619
100310.00000 0.767382
100320.00000 0.769129
100330.00000 0.770861
100340.00000 0.772576
100350.00000 0.774276
100360.00000 0.77596
100370.00000 0.777627
100380.00000 0.779279
100390.00000 0.780914
100400.00000 0.782533
100410.00000 0.784135
100420.00000 0.78572
100430.00000 0.787289
100440.00000 0.788841
100450.00000 0.790378
100460.00000 0.791898
100470.00000 0.793404
100480.00000 0.794895
100490.00000 0.79637
100500.00000 0.797832
100510.00000 0.79928
100520.00000 0.800712
100530.00000 0.80213
100540.00000 0.803532
100550.00000 0.80492
100560.00000 0.806292
100570.00000 0.807651
100580.00000 0.808994
100590.00000 0.810322
100600.00000 0.811636
100610.00000 0.812935
100620.00000 0.814218
100630.00000 0.815486
100640.00000 0.816739
100650.00000 0.817977
100660.00000 0.819201
100670.00000 0.820411
100680.00000 0.821608
100690.00000 0.822792
100700.00000 0.823963
100710.00000 0.825122
100720.00000 0.826267
100730.00000 0.827399
100740.00000 0.828517
100750.00000 0.829622
100760.00000 0.830713
100770.00000 0.831793
100780.00000 0.83286
100790.00000 0.833915
100800.00000 0.834958
100810.00000 0.835989
100820.00000 0.837008
100830.00000 0.838013
100840.00000 0.839005
100850.00000 0.839985
100860.00000 0.840953
100870.00000 0.841911
100880.00000 0.842857
100890.00000 0.843794
100900.00000 0.84472
100910.00000 0.845638
100920.00000 0.846546
100930.00000 0.847442
100940.00000 0.848327
100950.00000 0.849202
100960.00000 0.850067
100970.00000 0.850922
100980.00000 0.851768
100990.00000 0.852605
101000.00000 0.853433
101010.00000 0.854252
101020.00000 0.855063
101030.00000 0.855864
101040.00000 0.856655
101050.00000 0.857437
101060.00000 0.858209
101070.00000 0.858974
101080.00000 0.85973
101090.00000 0.860478
101100.00000 0.861218
101110.00000 0.861951
101120.00000 0.862677
101130.00000 0.863395
101140.00000 0.864104
101150.00000 0.864805
101160.00000 0.865498
101170.00000 0.866183
101180.00000 0.866861
101190.00000 0.867532
101200.00000 0.868196
101210.00000 0.868853
101220.00000 0.869503
101230.00000 0.870145
101240.00000 0.87078
101250.00000 0.871408
101260.00000 0.872028
101270.00000 0.872642
101280.00000 0.873248
101290.00000 0.873848
101300.00000 0.874442
101310.00000 0.875029
101320.00000 0.875609
101330.00000 0.876183
101340.00000 0.87675
101350.00000 0.87731
101360.00000 0.877864
101370.00000 0.878411
101380.00000 0.878951
101390.00000 0.879486
101400.00000 0.880015
101410.00000 0.880538
101420.00000 0.881056
101430.00000 0.881568
101440.00000 0.882074
101450.00000 0.882574
101460.00000 0.883067
101470.00000 0.883555
101480.00000 0.884038
101490.00000 0.884514
101500.00000 0.884985
101510.00000 0.885451
101520.00000 0.885911
101530.00000 0.886366
101540.00000 0.886815
101550.00000 0.887258
101560.00000 0.887696
101570.00000 0.888128
101580.00000 0.888555
101590.00000 0.888976
101600.00000 0.889393
101610.00000 0.889805
101620.00000 0.890213
101630.00000 0.890616
101640.00000 0.891015
101650.00000 0.891409
101660.00000 0.891797
101670.00000 0.892181
101680.00000 0.892561
101690.00000 0.892935
101700.00000 0.893305
101710.00000 0.89367
101720.00000 0.89403
101730.00000 0.894386
101740.00000 0.894737
101750.00000 0.895083
101760.00000 0.895424
101770.00000 0.89576
101780.00000 0.896091
101790.00000 0.896418
101800.00000 0.896741
101810.00000 0.89706
101820.00000 0.897375
101830.00000 0.897686
101840.00000 0.897994
101850.00000 0.898297
101860.00000 0.898597
101870.00000 0.898892
101880.00000 0.899184
101890.00000 0.899471
101900.00000 0.899754
101910.00000 0.900034
101920.00000 0.900309
101930.00000 0.90058
101940.00000 0.900847
101950.00000 0.90111
101960.00000 0.901368
101970.00000 0.901622
101980.00000 0.901872
101990.00000 0.902118
102000.00000 0.902361
102010.00000 0.9026
102020.00000 0.902836
102030.00000 0.903068
102040.00000 0.903298
102050.00000 0.903524
102060.00000 0.903747
102070.00000 0.903967
102080.00000 0.904184
102090.00000 0.904397
102100.00000 0.904606
102110.00000 0.904813
102120.00000 0.905016
102130.00000 0.905215
102140.00000 0.905411
102150.00000 0.905604
