threeML/data/optical_filters/GTC/CanariCam-QH2.ecsv
# %ECSV 0.9
# ---
# datatype:
# - {name: wavelength, unit: Angstrom, datatype: float32}
# - {name: response, datatype: float32}
# meta: !!omap
# - {band_name: QH2}
# - {group_name: CanariCam}
wavelength response
150561.00000 0.0
167290.00000 0.004039
167300.00000 0.004151
167310.00000 0.004266
167320.00000 0.004384
167330.00000 0.004505
167340.00000 0.004629
167350.00000 0.004758
167360.00000 0.004889
167370.00000 0.005025
167380.00000 0.005164
167390.00000 0.005308
167400.00000 0.005454
167410.00000 0.005604
167420.00000 0.005757
167430.00000 0.005914
167440.00000 0.006073
167450.00000 0.006235
167460.00000 0.0064
167470.00000 0.006567
167480.00000 0.006737
167490.00000 0.006909
167500.00000 0.007083
167510.00000 0.007259
167520.00000 0.007437
167530.00000 0.007617
167540.00000 0.007799
167550.00000 0.007983
167560.00000 0.00817
167570.00000 0.008359
167580.00000 0.008552
167590.00000 0.008748
167600.00000 0.008947
167610.00000 0.009149
167620.00000 0.009356
167630.00000 0.009566
167640.00000 0.00978
167650.00000 0.009999
167660.00000 0.010221
167670.00000 0.010447
167680.00000 0.010675
167690.00000 0.010908
167700.00000 0.011143
167710.00000 0.011383
167720.00000 0.011626
167730.00000 0.011872
167740.00000 0.012123
167750.00000 0.012377
167760.00000 0.012635
167770.00000 0.012897
167780.00000 0.013164
167790.00000 0.013434
167800.00000 0.013707
167810.00000 0.013982
167820.00000 0.014261
167830.00000 0.014543
167840.00000 0.014828
167850.00000 0.015118
167860.00000 0.015413
167870.00000 0.015712
167880.00000 0.016016
167890.00000 0.016326
167900.00000 0.016642
167910.00000 0.016965
167920.00000 0.017294
167930.00000 0.01763
167940.00000 0.017971
167950.00000 0.018318
167960.00000 0.018669
167970.00000 0.019025
167980.00000 0.019387
167990.00000 0.019755
168000.00000 0.020128
168010.00000 0.020508
168020.00000 0.020895
168030.00000 0.021288
168040.00000 0.021688
168050.00000 0.022095
168060.00000 0.022509
168070.00000 0.022931
168080.00000 0.023358
168090.00000 0.023791
168100.00000 0.024229
168110.00000 0.024673
168120.00000 0.025124
168130.00000 0.025581
168140.00000 0.026046
168150.00000 0.026519
168160.00000 0.026999
168170.00000 0.027489
168180.00000 0.027988
168190.00000 0.028496
168200.00000 0.029015
168210.00000 0.029544
168220.00000 0.030081
168230.00000 0.030624
168240.00000 0.031175
168250.00000 0.031733
168260.00000 0.0323
168270.00000 0.032876
168280.00000 0.033462
168290.00000 0.034058
168300.00000 0.034664
168310.00000 0.035282
168320.00000 0.035912
168330.00000 0.036555
168340.00000 0.03721
168350.00000 0.03788
168360.00000 0.03856
168370.00000 0.039246
168380.00000 0.03994
168390.00000 0.040644
168400.00000 0.041358
168410.00000 0.042084
168420.00000 0.042823
168430.00000 0.043577
168440.00000 0.044346
168450.00000 0.045133
168460.00000 0.045938
168470.00000 0.046762
168480.00000 0.047608
168490.00000 0.048476
168500.00000 0.049363
168510.00000 0.05026
168520.00000 0.051169
168530.00000 0.052092
168540.00000 0.053031
168550.00000 0.053987
168560.00000 0.054963
168570.00000 0.055961
168580.00000 0.056983
168590.00000 0.058031
168600.00000 0.059106
168610.00000 0.06021
168620.00000 0.061346
168630.00000 0.062516
168640.00000 0.063718
168650.00000 0.064943
168660.00000 0.066189
168670.00000 0.067459
168680.00000 0.068755
168690.00000 0.070077
168700.00000 0.071427
168710.00000 0.072807
168720.00000 0.074218
168730.00000 0.075662
168740.00000 0.077139
168750.00000 0.078653
168760.00000 0.080203
168770.00000 0.081793
168780.00000 0.083421
168790.00000 0.085087
168800.00000 0.086789
168810.00000 0.088526
168820.00000 0.090297
168830.00000 0.092102
168840.00000 0.093941
168850.00000 0.095812
168860.00000 0.097717
168870.00000 0.099653
168880.00000 0.101621
168890.00000 0.10362
168900.00000 0.105649
168910.00000 0.107709
168920.00000 0.109798
168930.00000 0.111924
168940.00000 0.11409
168950.00000 0.116293
168960.00000 0.118532
168970.00000 0.120803
168980.00000 0.123105
168990.00000 0.125436
169000.00000 0.127792
169010.00000 0.130171
169020.00000 0.132572
169030.00000 0.134992
169040.00000 0.137427
169050.00000 0.139877
169060.00000 0.142339
169070.00000 0.144818
169080.00000 0.147326
169090.00000 0.149861
169100.00000 0.152421
169110.00000 0.155003
169120.00000 0.157606
169130.00000 0.160225
169140.00000 0.16286
169150.00000 0.165508
169160.00000 0.168166
169170.00000 0.170832
169180.00000 0.173504
169190.00000 0.176179
169200.00000 0.178855
169210.00000 0.181532
169220.00000 0.184223
169230.00000 0.186926
169240.00000 0.189643
169250.00000 0.192369
169260.00000 0.195105
169270.00000 0.197848
169280.00000 0.200598
169290.00000 0.203352
169300.00000 0.206109
169310.00000 0.208867
169320.00000 0.211626
169330.00000 0.214383
169340.00000 0.217137
169350.00000 0.219886
169360.00000 0.22264
169370.00000 0.225399
169380.00000 0.228164
169390.00000 0.230933
169400.00000 0.233705
169410.00000 0.236476
169420.00000 0.239248
169430.00000 0.242017
169440.00000 0.244783
169450.00000 0.247544
169460.00000 0.250299
169470.00000 0.253046
169480.00000 0.255784
169490.00000 0.258511
169500.00000 0.261233
169510.00000 0.263957
169520.00000 0.266682
169530.00000 0.269406
169540.00000 0.272126
169550.00000 0.274841
169560.00000 0.277548
169570.00000 0.280246
169580.00000 0.282931
169590.00000 0.285603
169600.00000 0.288258
169610.00000 0.290895
169620.00000 0.293512
169630.00000 0.296106
169640.00000 0.298678
169650.00000 0.30124
169660.00000 0.303795
169670.00000 0.306338
169680.00000 0.308869
169690.00000 0.311385
169700.00000 0.313885
169710.00000 0.316365
169720.00000 0.318823
169730.00000 0.321259
169740.00000 0.323668
169750.00000 0.32605
169760.00000 0.328403
169770.00000 0.330723
169780.00000 0.33301
169790.00000 0.335269
169800.00000 0.337506
169810.00000 0.339721
169820.00000 0.341912
169830.00000 0.344077
169840.00000 0.346217
169850.00000 0.34833
169860.00000 0.350415
169870.00000 0.35247
169880.00000 0.354495
169890.00000 0.356489
169900.00000 0.35845
169910.00000 0.360378
169920.00000 0.362271
169930.00000 0.364129
169940.00000 0.365956
169950.00000 0.367751
169960.00000 0.369514
169970.00000 0.371247
169980.00000 0.372949
169990.00000 0.37462
170000.00000 0.376261
170010.00000 0.377872
170020.00000 0.379453
170030.00000 0.381003
170040.00000 0.382525
170050.00000 0.384017
170060.00000 0.38548
170070.00000 0.386914
170080.00000 0.388316
170090.00000 0.389684
170100.00000 0.391021
170110.00000 0.392326
170120.00000 0.393601
170130.00000 0.394846
170140.00000 0.396064
170150.00000 0.397254
170160.00000 0.398417
170170.00000 0.399555
170180.00000 0.400669
170190.00000 0.401759
170200.00000 0.402826
170210.00000 0.403872
170220.00000 0.404895
170230.00000 0.405889
170240.00000 0.406856
170250.00000 0.407796
170260.00000 0.40871
170270.00000 0.409598
170280.00000 0.410463
170290.00000 0.411304
170300.00000 0.412123
170310.00000 0.412921
170320.00000 0.413699
170330.00000 0.414457
170340.00000 0.415196
170350.00000 0.415918
170360.00000 0.416624
170370.00000 0.417307
170380.00000 0.417967
170390.00000 0.418605
170400.00000 0.419221
170410.00000 0.419816
170420.00000 0.420391
170430.00000 0.420947
170440.00000 0.421484
170450.00000 0.422004
170460.00000 0.422507
170470.00000 0.422994
170480.00000 0.423466
170490.00000 0.423924
170500.00000 0.424368
170510.00000 0.424798
170520.00000 0.425209
170530.00000 0.425602
170540.00000 0.425977
170550.00000 0.426336
170560.00000 0.426678
170570.00000 0.427004
170580.00000 0.427315
170590.00000 0.427611
170600.00000 0.427893
170610.00000 0.428161
170620.00000 0.428417
170630.00000 0.42866
170640.00000 0.428891
170650.00000 0.42911
170660.00000 0.429315
170670.00000 0.429503
170680.00000 0.429675
170690.00000 0.429833
170700.00000 0.429976
170710.00000 0.430106
170720.00000 0.430223
170730.00000 0.430329
170740.00000 0.430424
170750.00000 0.430508
170760.00000 0.430584
170770.00000 0.43065
170780.00000 0.43071
170790.00000 0.430762
170800.00000 0.430807
170810.00000 0.430841
170820.00000 0.430864
170830.00000 0.430876
170840.00000 0.430878
170850.00000 0.430871
170860.00000 0.430854
170870.00000 0.430828
170880.00000 0.430793
170890.00000 0.430751
170900.00000 0.430701
170910.00000 0.430643
170920.00000 0.430579
170930.00000 0.430508
170940.00000 0.430431
170950.00000 0.430347
170960.00000 0.430253
170970.00000 0.43015
170980.00000 0.430039
170990.00000 0.429919
171000.00000 0.429792
171010.00000 0.429658
171020.00000 0.429517
171030.00000 0.429371
171040.00000 0.429218
171050.00000 0.429061
171060.00000 0.428899
171070.00000 0.428733
171080.00000 0.428563
171090.00000 0.42839
171100.00000 0.428212
171110.00000 0.42803
171120.00000 0.427843
171130.00000 0.427651
171140.00000 0.427454
171150.00000 0.427252
171160.00000 0.427044
171170.00000 0.426831
171180.00000 0.426612
171190.00000 0.426387
171200.00000 0.426156
171210.00000 0.425919
171220.00000 0.425676
171230.00000 0.425426
171240.00000 0.42517
171250.00000 0.424907
171260.00000 0.424636
171270.00000 0.424359
171280.00000 0.424076
171290.00000 0.423787
171300.00000 0.423493
171310.00000 0.423193
171320.00000 0.422888
171330.00000 0.422578
171340.00000 0.422264
171350.00000 0.421947
171360.00000 0.421625
171370.00000 0.4213
171380.00000 0.420972
171390.00000 0.420641
171400.00000 0.420305
171410.00000 0.419965
171420.00000 0.419621
171430.00000 0.419273
171440.00000 0.418921
171450.00000 0.418564
171460.00000 0.418203
171470.00000 0.417837
171480.00000 0.417467
171490.00000 0.417092
171500.00000 0.416712
171510.00000 0.416328
171520.00000 0.41594
171530.00000 0.415546
171540.00000 0.415146
171550.00000 0.41474
171560.00000 0.414328
171570.00000 0.41391
171580.00000 0.413488
171590.00000 0.413062
171600.00000 0.412632
171610.00000 0.412198
171620.00000 0.411761
171630.00000 0.411322
171640.00000 0.410881
171650.00000 0.410439
171660.00000 0.409996
171670.00000 0.409552
171680.00000 0.409107
171690.00000 0.40866
171700.00000 0.408211
171710.00000 0.407759
171720.00000 0.407305
171730.00000 0.406849
171740.00000 0.40639
171750.00000 0.40593
171760.00000 0.405468
171770.00000 0.405003
171780.00000 0.404537
171790.00000 0.404069
171800.00000 0.403599
171810.00000 0.403128
171820.00000 0.402655
171830.00000 0.402179
171840.00000 0.4017
171850.00000 0.401218
171860.00000 0.400733
171870.00000 0.400246
171880.00000 0.399757
171890.00000 0.399267
171900.00000 0.398776
171910.00000 0.398284
171920.00000 0.397792
171930.00000 0.397299
171940.00000 0.396808
171950.00000 0.396317
171960.00000 0.395828
171970.00000 0.395341
171980.00000 0.394856
171990.00000 0.394371
172000.00000 0.393887
172010.00000 0.393404
172020.00000 0.392921
172030.00000 0.392439
172040.00000 0.391956
172050.00000 0.391473
172060.00000 0.390989
172070.00000 0.390505
172080.00000 0.390019
172090.00000 0.389533
172100.00000 0.389045
172110.00000 0.388555
172120.00000 0.388064
172130.00000 0.387573
172140.00000 0.387084
172150.00000 0.386595
172160.00000 0.386106
172170.00000 0.385616
172180.00000 0.385126
172190.00000 0.384633
172200.00000 0.384139
172210.00000 0.383642
172220.00000 0.383141
172230.00000 0.382636
172240.00000 0.382127
172250.00000 0.381613
172260.00000 0.381093
172270.00000 0.380568
172280.00000 0.380045
172290.00000 0.379524
172300.00000 0.379002
172310.00000 0.378478
172320.00000 0.377952
172330.00000 0.377421
172340.00000 0.376885
172350.00000 0.376341
172360.00000 0.375788
172370.00000 0.375224
172380.00000 0.37465
172390.00000 0.374061
172400.00000 0.373459
172410.00000 0.37284
172420.00000 0.372206
172430.00000 0.371568
172440.00000 0.370924
172450.00000 0.370274
172460.00000 0.369615
172470.00000 0.368945
172480.00000 0.368264
172490.00000 0.367569
172500.00000 0.366858
172510.00000 0.366131
172520.00000 0.365385
172530.00000 0.364618
172540.00000 0.36383
172550.00000 0.363017
172560.00000 0.362179
172570.00000 0.361319
172580.00000 0.360444
172590.00000 0.359555
172600.00000 0.35865
172610.00000 0.357727
172620.00000 0.356785
172630.00000 0.355823
172640.00000 0.354839
172650.00000 0.353833
172660.00000 0.352802
172670.00000 0.351746
172680.00000 0.350663
172690.00000 0.349551
172700.00000 0.34841
172710.00000 0.347238
172720.00000 0.346036
172730.00000 0.34481
172740.00000 0.343559
172750.00000 0.342283
172760.00000 0.340981
172770.00000 0.339654
172780.00000 0.3383
172790.00000 0.336921
172800.00000 0.335514
172810.00000 0.334081
172820.00000 0.33262
172830.00000 0.331131
172840.00000 0.329615
172850.00000 0.32807
172860.00000 0.326497
172870.00000 0.324895
172880.00000 0.323263
172890.00000 0.321603
172900.00000 0.319915
172910.00000 0.318199
172920.00000 0.316456
172930.00000 0.314686
172940.00000 0.312889
172950.00000 0.311066
172960.00000 0.309219
172970.00000 0.307345
172980.00000 0.305447
172990.00000 0.303525
173000.00000 0.30158
173010.00000 0.29961
173020.00000 0.297616
173030.00000 0.295593
173040.00000 0.293542
173050.00000 0.291465
173060.00000 0.289363
173070.00000 0.287235
173080.00000 0.285083
173090.00000 0.282907
173100.00000 0.280709
173110.00000 0.278489
173120.00000 0.276248
173130.00000 0.273987
173140.00000 0.271706
173150.00000 0.269407
173160.00000 0.267089
173170.00000 0.264749
173180.00000 0.262381
173190.00000 0.259988
173200.00000 0.25757
173210.00000 0.255129
173220.00000 0.252668
173230.00000 0.250187
173240.00000 0.247688
173250.00000 0.245173
173260.00000 0.242644
173270.00000 0.240102
173280.00000 0.237549
173290.00000 0.234987
173300.00000 0.232416
173310.00000 0.229839
173320.00000 0.227247
173330.00000 0.224629
173340.00000 0.221988
173350.00000 0.219329
173360.00000 0.216653
173370.00000 0.213965
173380.00000 0.211267
173390.00000 0.208562
173400.00000 0.205854
173410.00000 0.203147
173420.00000 0.200441
173430.00000 0.197743
173440.00000 0.195053
173450.00000 0.192376
173460.00000 0.189715
173470.00000 0.187057
173480.00000 0.184387
173490.00000 0.181709
173500.00000 0.179026
173510.00000 0.176342
173520.00000 0.173661
173530.00000 0.170987
173540.00000 0.168323
173550.00000 0.165673
173560.00000 0.163041
173570.00000 0.16043
173580.00000 0.157844
173590.00000 0.155287
173600.00000 0.152762
173610.00000 0.150273
173620.00000 0.147812
173630.00000 0.145365
173640.00000 0.142933
173650.00000 0.140518
173660.00000 0.138122
173670.00000 0.135748
173680.00000 0.133397
173690.00000 0.131072
173700.00000 0.128773
173710.00000 0.126505
173720.00000 0.124268
173730.00000 0.122064
173740.00000 0.119896
173750.00000 0.117766
173760.00000 0.115675
173770.00000 0.113623
173780.00000 0.111605
173790.00000 0.109619
173800.00000 0.107666
173810.00000 0.105746
173820.00000 0.103857
173830.00000 0.101999
173840.00000 0.100173
173850.00000 0.098377
173860.00000 0.096612
173870.00000 0.094877
173880.00000 0.093171
173890.00000 0.091494
173900.00000 0.089846
173910.00000 0.088227
173920.00000 0.086638
173930.00000 0.085084
173940.00000 0.083566
173950.00000 0.08208
173960.00000 0.080626
173970.00000 0.079203
173980.00000 0.077808
173990.00000 0.076441
174000.00000 0.075099
174010.00000 0.073782
174020.00000 0.072487
174030.00000 0.071214
174040.00000 0.06996
174050.00000 0.068725
174060.00000 0.067506
174070.00000 0.066305
174080.00000 0.06513
174090.00000 0.063981
174100.00000 0.062858
174110.00000 0.061759
174120.00000 0.060682
174130.00000 0.059627
174140.00000 0.058591
174150.00000 0.057575
174160.00000 0.056577
174170.00000 0.055595
174180.00000 0.054629
174190.00000 0.053677
174200.00000 0.052738
174210.00000 0.05181
174220.00000 0.050894
174230.00000 0.049995
174240.00000 0.049114
174250.00000 0.048251
174260.00000 0.047406
174270.00000 0.046576
174280.00000 0.045762
174290.00000 0.044963
174300.00000 0.044179
174310.00000 0.043407
174320.00000 0.042649
174330.00000 0.041902
174340.00000 0.041167
174350.00000 0.040443
174360.00000 0.039729
174370.00000 0.039024
174380.00000 0.038331
174390.00000 0.037654
174400.00000 0.03699
174410.00000 0.036339
174420.00000 0.035701
174430.00000 0.035075
174440.00000 0.034461
174450.00000 0.033858
174460.00000 0.033265
174470.00000 0.032682
174480.00000 0.032108
174490.00000 0.031544
174500.00000 0.030987
174510.00000 0.030438
174520.00000 0.029896
174530.00000 0.029363
174540.00000 0.028842
174550.00000 0.02833
174560.00000 0.027829
174570.00000 0.027338
174580.00000 0.026856
174590.00000 0.026384
174600.00000 0.025919
174610.00000 0.025463
174620.00000 0.025015
174630.00000 0.024574
174640.00000 0.024139
174650.00000 0.023712
174660.00000 0.02329
174670.00000 0.022874
174680.00000 0.022465
174690.00000 0.022064
174700.00000 0.021671
174710.00000 0.021286
174720.00000 0.020909
174730.00000 0.020539
174740.00000 0.020177
174750.00000 0.019821
174760.00000 0.019471
174770.00000 0.019127
174780.00000 0.01879
174790.00000 0.018457
174800.00000 0.01813
174810.00000 0.017807
174820.00000 0.017489
174830.00000 0.017176
174840.00000 0.016868
174850.00000 0.016566
174860.00000 0.016271
174870.00000 0.015981
174880.00000 0.015697
174890.00000 0.015419
174900.00000 0.015146
174910.00000 0.014878
174920.00000 0.014615
174930.00000 0.014357
174940.00000 0.014104
174950.00000 0.013855
174960.00000 0.013611
174970.00000 0.013371
174980.00000 0.013135
174990.00000 0.012905
175000.00000 0.012681
175010.00000 0.012463
175020.00000 0.012249
175030.00000 0.012042
175040.00000 0.011838
175050.00000 0.01164
175060.00000 0.011445
175070.00000 0.011254
175080.00000 0.011066
175090.00000 0.010882
175100.00000 0.0107
175110.00000 0.010521
175120.00000 0.010344
175130.00000 0.010168
175140.00000 0.009995
175150.00000 0.009826
175160.00000 0.009661
175170.00000 0.0095
175180.00000 0.009343
175190.00000 0.009188
175200.00000 0.009036
175210.00000 0.008887
175220.00000 0.00874
175230.00000 0.008595
175240.00000 0.008452
175250.00000 0.008311
175260.00000 0.008171
175270.00000 0.008031
175280.00000 0.007893
175290.00000 0.007755
175300.00000 0.00762
175310.00000 0.007489
175320.00000 0.007359
175330.00000 0.007232
175340.00000 0.007106
175350.00000 0.006982
175360.00000 0.00686
175370.00000 0.006738
175380.00000 0.006617
175390.00000 0.006497
175400.00000 0.006377
175410.00000 0.006256
175420.00000 0.006135
175430.00000 0.006012
175440.00000 0.005889
175450.00000 0.005765
175460.00000 0.00564
175470.00000 0.005514
175480.00000 0.005389
175490.00000 0.005263
175500.00000 0.005137
175510.00000 0.005012
175520.00000 0.004887
175530.00000 0.004763
175540.00000 0.00464
175550.00000 0.004518
175560.00000 0.004398
175570.00000 0.004279
175580.00000 0.004163
175590.00000 0.004048
193149.00000 0.0
