threeML/data/optical_filters/GTC/CanariCam-Si4.ecsv
# %ECSV 0.9
# ---
# datatype:
# - {name: wavelength, unit: Angstrom, datatype: float32}
# - {name: response, datatype: float32}
# meta: !!omap
# - {band_name: Si4}
# - {group_name: CanariCam}
wavelength response
[from data line 1488]
109480.00000 0.015783
109490.00000 0.015595
109500.00000 0.01541
109510.00000 0.015227
109520.00000 0.015047
109530.00000 0.01487
109540.00000 0.014696
109550.00000 0.014525
109560.00000 0.014358
109570.00000 0.014192
109580.00000 0.01403
109590.00000 0.01387
109600.00000 0.013713
109610.00000 0.013558
109620.00000 0.013404
109630.00000 0.013253
109640.00000 0.013102
109650.00000 0.012954
109660.00000 0.012807
109670.00000 0.012662
109680.00000 0.01252
109690.00000 0.012379
109700.00000 0.01224
109710.00000 0.012104
109720.00000 0.011969
109730.00000 0.011835
109740.00000 0.011704
109750.00000 0.011574
109760.00000 0.011446
109770.00000 0.011319
109780.00000 0.011194
109790.00000 0.011071
109800.00000 0.01095
109810.00000 0.010831
109820.00000 0.010714
109830.00000 0.010598
109840.00000 0.010484
109850.00000 0.010371
109860.00000 0.010259
109870.00000 0.010148
109880.00000 0.010038
109890.00000 0.009928
109900.00000 0.00982
109910.00000 0.009712
109920.00000 0.009606
109930.00000 0.009502
109940.00000 0.009398
109950.00000 0.009295
109960.00000 0.009193
109970.00000 0.009093
109980.00000 0.008993
109990.00000 0.008894
110000.00000 0.008797
110010.00000 0.0087
110020.00000 0.008604
110030.00000 0.008509
110040.00000 0.008416
110050.00000 0.008323
110060.00000 0.008231
110070.00000 0.008141
110080.00000 0.008051
110090.00000 0.007962
110100.00000 0.007874
110110.00000 0.007787
110120.00000 0.0077
110130.00000 0.007614
110140.00000 0.007529
110150.00000 0.007445
110160.00000 0.007362
110170.00000 0.007279
110180.00000 0.007198
110190.00000 0.007117
110200.00000 0.007037
110210.00000 0.006958
110220.00000 0.00688
110230.00000 0.006802
110240.00000 0.006726
110250.00000 0.00665
110260.00000 0.006576
110270.00000 0.006502
110280.00000 0.006429
110290.00000 0.006358
110300.00000 0.006287
110310.00000 0.006217
110320.00000 0.006148
110330.00000 0.006079
110340.00000 0.006012
110350.00000 0.005945
110360.00000 0.005879
110370.00000 0.005814
110380.00000 0.00575
110390.00000 0.005686
110400.00000 0.005624
110410.00000 0.005562
110420.00000 0.005501
110430.00000 0.005441
110440.00000 0.005382
110450.00000 0.005323
110460.00000 0.005266
110470.00000 0.005209
110480.00000 0.005152
110490.00000 0.005096
110500.00000 0.005041
110510.00000 0.004986
110520.00000 0.004933
110530.00000 0.00488
110540.00000 0.004828
110550.00000 0.004776
110560.00000 0.004725
110570.00000 0.004675
110580.00000 0.004625
110590.00000 0.004576
110600.00000 0.004527
110610.00000 0.004479
110620.00000 0.004431
110630.00000 0.004384
110640.00000 0.004337
110650.00000 0.004291
110660.00000 0.004246
110670.00000 0.0042
110680.00000 0.004156
110690.00000 0.004112
110700.00000 0.004068
110710.00000 0.004025
121781.00000 0.0
