threeML/data/optical_filters/GTC/CanariCam-SiC.ecsv
# %ECSV 0.9
# ---
# datatype:
# - {name: wavelength, unit: Angstrom, datatype: float32}
# - {name: response, datatype: float32}
# meta: !!omap
# - {band_name: SiC}
# - {group_name: CanariCam}
wavelength response
[from data line 734]
106880.00000 0.475549
106890.00000 0.476512
106900.00000 0.477477
106910.00000 0.478444
106920.00000 0.479412
106930.00000 0.480383
106940.00000 0.481355
106950.00000 0.482329
106960.00000 0.483304
106970.00000 0.484282
106980.00000 0.485261
106990.00000 0.486242
107000.00000 0.487223
107010.00000 0.488205
107020.00000 0.489189
107030.00000 0.490174
107040.00000 0.491161
107050.00000 0.492146
107060.00000 0.493131
107070.00000 0.494112
107080.00000 0.495093
107090.00000 0.496073
107100.00000 0.497052
107110.00000 0.498027
107120.00000 0.498999
107130.00000 0.499967
107140.00000 0.500932
107150.00000 0.501894
107160.00000 0.502852
107170.00000 0.503807
107180.00000 0.504758
107190.00000 0.505704
107200.00000 0.506645
107210.00000 0.507582
107220.00000 0.508516
107230.00000 0.509448
107240.00000 0.510379
107250.00000 0.511307
107260.00000 0.512232
107270.00000 0.513156
107280.00000 0.514078
107290.00000 0.515002
107300.00000 0.515926
107310.00000 0.516851
107320.00000 0.517775
107330.00000 0.518699
107340.00000 0.519625
107350.00000 0.520554
107360.00000 0.521486
107370.00000 0.522421
107380.00000 0.523358
107390.00000 0.524297
107400.00000 0.525237
107410.00000 0.526179
107420.00000 0.527122
107430.00000 0.528069
107440.00000 0.529017
107450.00000 0.529965
107460.00000 0.530914
107470.00000 0.53186
107480.00000 0.532807
107490.00000 0.533755
107500.00000 0.534702
107510.00000 0.535647
107520.00000 0.53659
107530.00000 0.537529
107540.00000 0.538465
107550.00000 0.539398
107560.00000 0.540329
107570.00000 0.541257
107580.00000 0.542182
107590.00000 0.543103
107600.00000 0.544021
107610.00000 0.544936
107620.00000 0.545848
107630.00000 0.546758
107640.00000 0.547666
107650.00000 0.548574
107660.00000 0.549478
107670.00000 0.550381
107680.00000 0.551283
107690.00000 0.552183
107700.00000 0.553084
107710.00000 0.553985
107720.00000 0.554887
107730.00000 0.555787
107740.00000 0.556687
107750.00000 0.557585
107760.00000 0.558481
107770.00000 0.559377
107780.00000 0.560273
107790.00000 0.561167
107800.00000 0.562057
107810.00000 0.562942
107820.00000 0.563821
107830.00000 0.564696
107840.00000 0.565567
107850.00000 0.566433
107860.00000 0.567292
107870.00000 0.568143
107880.00000 0.568985
107890.00000 0.569819
107900.00000 0.570646
107910.00000 0.571465
107920.00000 0.572278
107930.00000 0.573084
107940.00000 0.573882
107950.00000 0.574672
107960.00000 0.575455
107970.00000 0.576232
107980.00000 0.577004
107990.00000 0.577774
108000.00000 0.57854
108010.00000 0.579301
108020.00000 0.580058
108030.00000 0.580812
108040.00000 0.581563
108050.00000 0.582312
108060.00000 0.583059
108070.00000 0.583804
108080.00000 0.584546
108090.00000 0.585286
108100.00000 0.586022
108110.00000 0.586754
108120.00000 0.587484
108130.00000 0.58821
108140.00000 0.588934
108150.00000 0.589653
108160.00000 0.590368
108170.00000 0.591078
108180.00000 0.591783
108190.00000 0.592484
108200.00000 0.59318
108210.00000 0.593874
108220.00000 0.594566
108230.00000 0.595256
108240.00000 0.595942
108250.00000 0.596626
108260.00000 0.597307
108270.00000 0.597989
108280.00000 0.598672
108290.00000 0.599357
108300.00000 0.600043
108310.00000 0.600728
108320.00000 0.601414
108330.00000 0.602102
108340.00000 0.602792
108350.00000 0.603485
108360.00000 0.604181
108370.00000 0.60488
108380.00000 0.605578
108390.00000 0.606276
108400.00000 0.60697
108410.00000 0.607663
108420.00000 0.608357
108430.00000 0.609049
108440.00000 0.609738
108450.00000 0.610421
108460.00000 0.611096
108470.00000 0.611765
108480.00000 0.612429
108490.00000 0.613088
108500.00000 0.613739
108510.00000 0.614383
108520.00000 0.615018
108530.00000 0.615643
108540.00000 0.61626
108550.00000 0.61687
108560.00000 0.617473
108570.00000 0.618071
108580.00000 0.618665
108590.00000 0.619252
108600.00000 0.619833
108610.00000 0.620409
108620.00000 0.620981
108630.00000 0.621552
108640.00000 0.622121
108650.00000 0.622689
108660.00000 0.623253
108670.00000 0.623815
108680.00000 0.624376
108690.00000 0.624935
108700.00000 0.625493
108710.00000 0.626051
108720.00000 0.626609
108730.00000 0.627164
108740.00000 0.627717
108750.00000 0.628266
108760.00000 0.628811
108770.00000 0.629354
108780.00000 0.629893
108790.00000 0.630429
108800.00000 0.630962
108810.00000 0.631492
108820.00000 0.632017
108830.00000 0.632538
108840.00000 0.633056
108850.00000 0.63357
108860.00000 0.634083
108870.00000 0.634595
108880.00000 0.635107
108890.00000 0.635616
108900.00000 0.636122
108910.00000 0.636629
108920.00000 0.637138
108930.00000 0.63765
108940.00000 0.638165
108950.00000 0.638683
108960.00000 0.639203
108970.00000 0.639725
108980.00000 0.64025
108990.00000 0.640779
109000.00000 0.641312
109010.00000 0.641849
109020.00000 0.64239
109030.00000 0.642932
109040.00000 0.643477
109050.00000 0.644022
109060.00000 0.644568
109070.00000 0.645116
109080.00000 0.645667
109090.00000 0.646217
109100.00000 0.646768
109110.00000 0.647316
109120.00000 0.647863
109130.00000 0.648409
109140.00000 0.648954
109150.00000 0.649499
109160.00000 0.650045
109170.00000 0.650591
109180.00000 0.651137
109190.00000 0.651682
109200.00000 0.652228
109210.00000 0.652775
109220.00000 0.653326
109230.00000 0.65388
109240.00000 0.654439
109250.00000 0.654999
109260.00000 0.655563
109270.00000 0.656131
109280.00000 0.656702
109290.00000 0.657277
109300.00000 0.657857
109310.00000 0.658443
109320.00000 0.659032
109330.00000 0.659623
109340.00000 0.660215
109350.00000 0.660806
109360.00000 0.661398
109370.00000 0.661993
109380.00000 0.662588
109390.00000 0.663181
109400.00000 0.66377
109410.00000 0.664352
109420.00000 0.664929
109430.00000 0.665503
109440.00000 0.666073
109450.00000 0.666637
109460.00000 0.667195
109470.00000 0.667744
109480.00000 0.668286
109490.00000 0.66882
109500.00000 0.669347
109510.00000 0.669869
109520.00000 0.670385
109530.00000 0.670897
109540.00000 0.671402
109550.00000 0.671901
109560.00000 0.672394
109570.00000 0.672884
109580.00000 0.67337
109590.00000 0.673855
109600.00000 0.674338
109610.00000 0.674818
109620.00000 0.675294
109630.00000 0.675768
109640.00000 0.67624
109650.00000 0.67671
109660.00000 0.677179
109670.00000 0.677646
109680.00000 0.678111
109690.00000 0.678573
109700.00000 0.679032
109710.00000 0.679486
109720.00000 0.679937
109730.00000 0.680385
109740.00000 0.680829
109750.00000 0.681269
109760.00000 0.681705
109770.00000 0.682137
109780.00000 0.682562
109790.00000 0.682983
109800.00000 0.6834
109810.00000 0.683813
109820.00000 0.684223
109830.00000 0.68463
109840.00000 0.685033
109850.00000 0.685432
109860.00000 0.685827
109870.00000 0.686221
109880.00000 0.686613
109890.00000 0.687006
109900.00000 0.687399
109910.00000 0.687789
109920.00000 0.688178
109930.00000 0.688568
109940.00000 0.688959
109950.00000 0.689353
109960.00000 0.689749
109970.00000 0.690146
109980.00000 0.690544
109990.00000 0.690944
110000.00000 0.691347
110010.00000 0.691751
110020.00000 0.692158
110030.00000 0.692568
110040.00000 0.69298
110050.00000 0.693393
110060.00000 0.693808
110070.00000 0.694223
110080.00000 0.694639
110090.00000 0.695058
110100.00000 0.695478
110110.00000 0.695899
110120.00000 0.696318
110130.00000 0.696736
110140.00000 0.697151
110150.00000 0.697567
110160.00000 0.697982
110170.00000 0.698395
110180.00000 0.698805
110190.00000 0.699212
110200.00000 0.699614
110210.00000 0.700013
110220.00000 0.70041
110230.00000 0.700803
110240.00000 0.701191
110250.00000 0.701575
110260.00000 0.701953
110270.00000 0.702326
110280.00000 0.702695
110290.00000 0.703059
110300.00000 0.703419
110310.00000 0.703776
110320.00000 0.704128
110330.00000 0.704476
110340.00000 0.704819
110350.00000 0.705158
110360.00000 0.705496
110370.00000 0.705832
110380.00000 0.706166
110390.00000 0.706498
110400.00000 0.706827
110410.00000 0.707155
110420.00000 0.707482
110430.00000 0.707811
110440.00000 0.708142
110450.00000 0.708474
110460.00000 0.708806
110470.00000 0.709138
110480.00000 0.709473
110490.00000 0.709811
110500.00000 0.710153
110510.00000 0.710497
110520.00000 0.710844
110530.00000 0.711194
110540.00000 0.711547
110550.00000 0.711902
110560.00000 0.712262
110570.00000 0.712625
110580.00000 0.712991
110590.00000 0.71336
110600.00000 0.713733
110610.00000 0.714108
110620.00000 0.714485
110630.00000 0.714865
110640.00000 0.715247
110650.00000 0.715632
110660.00000 0.71602
110670.00000 0.716409
110680.00000 0.716801
110690.00000 0.717194
110700.00000 0.71759
110710.00000 0.717987
110720.00000 0.718387
110730.00000 0.718789
110740.00000 0.719192
110750.00000 0.719598
110760.00000 0.720005
110770.00000 0.720414
110780.00000 0.720825
110790.00000 0.721238
110800.00000 0.721652
110810.00000 0.722068
110820.00000 0.722485
110830.00000 0.722905
110840.00000 0.723326
110850.00000 0.723747
110860.00000 0.724169
110870.00000 0.724591
110880.00000 0.725015
110890.00000 0.725439
110900.00000 0.725864
110910.00000 0.726288
110920.00000 0.726711
110930.00000 0.727132
110940.00000 0.727553
110950.00000 0.727973
110960.00000 0.728393
110970.00000 0.728811
110980.00000 0.729226
110990.00000 0.729639
111000.00000 0.73005
111010.00000 0.730459
111020.00000 0.730866
111030.00000 0.73127
111040.00000 0.731673
111050.00000 0.732072
111060.00000 0.732469
111070.00000 0.732862
111080.00000 0.733253
111090.00000 0.733643
111100.00000 0.734031
111110.00000 0.734418
111120.00000 0.734804
111130.00000 0.735187
111140.00000 0.735568
111150.00000 0.73595
111160.00000 0.736332
111170.00000 0.736717
111180.00000 0.737104
111190.00000 0.73749
111200.00000 0.737878
111210.00000 0.738268
111220.00000 0.738661
111230.00000 0.739058
111240.00000 0.739461
111250.00000 0.739867
111260.00000 0.740277
111270.00000 0.740691
111280.00000 0.741109
111290.00000 0.741531
111300.00000 0.741959
111310.00000 0.742392
111320.00000 0.74283
111330.00000 0.743272
111340.00000 0.743717
111350.00000 0.744165
111360.00000 0.744613
111370.00000 0.745066
111380.00000 0.745521
111390.00000 0.74598
111400.00000 0.746439
111410.00000 0.746896
111420.00000 0.747352
111430.00000 0.747805
111440.00000 0.74826
111450.00000 0.748713
111460.00000 0.749164
111470.00000 0.749612
111480.00000 0.750054
111490.00000 0.750492
111500.00000 0.750926
111510.00000 0.751356
111520.00000 0.751783
111530.00000 0.752204
111540.00000 0.752621
111550.00000 0.753032
111560.00000 0.753437
111570.00000 0.753837
111580.00000 0.754232
111590.00000 0.754623
111600.00000 0.755011
111610.00000 0.755396
111620.00000 0.755777
111630.00000 0.756153
111640.00000 0.756526
111650.00000 0.756897
111660.00000 0.757267
111670.00000 0.757639
111680.00000 0.75801
111690.00000 0.758378
111700.00000 0.758746
111710.00000 0.759115
111720.00000 0.759486
111730.00000 0.759861
111740.00000 0.76024
111750.00000 0.76062
111760.00000 0.761003
111770.00000 0.761389
111780.00000 0.761778
111790.00000 0.762172
111800.00000 0.76257
111810.00000 0.762973
111820.00000 0.76338
111830.00000 0.763791
111840.00000 0.764205
111850.00000 0.764622
111860.00000 0.765042
111870.00000 0.765467
111880.00000 0.765896
111890.00000 0.766328
111900.00000 0.766762
111910.00000 0.767197
111920.00000 0.767632
111930.00000 0.768069
111940.00000 0.768508
111950.00000 0.768948
111960.00000 0.769389
111970.00000 0.769828
111980.00000 0.770266
111990.00000 0.770703
112000.00000 0.771139
112010.00000 0.771576
112020.00000 0.77201
112030.00000 0.772442
112040.00000 0.772871
112050.00000 0.773295
112060.00000 0.773718
112070.00000 0.774137
112080.00000 0.774554
112090.00000 0.774967
112100.00000 0.775374
112110.00000 0.775776
112120.00000 0.776174
112130.00000 0.776568
112140.00000 0.776957
112150.00000 0.777341
112160.00000 0.777718
112170.00000 0.778089
112180.00000 0.778452
112190.00000 0.77881
112200.00000 0.779162
112210.00000 0.779507
112220.00000 0.779845
112230.00000 0.780178
112240.00000 0.780503
112250.00000 0.780821
112260.00000 0.781132
112270.00000 0.781438
112280.00000 0.781738
112290.00000 0.782035
112300.00000 0.782328
112310.00000 0.782614
112320.00000 0.782895
112330.00000 0.783172
112340.00000 0.783447
112350.00000 0.783722
112360.00000 0.784
112370.00000 0.784276
112380.00000 0.784551
112390.00000 0.784826
112400.00000 0.785101
112410.00000 0.78538
112420.00000 0.785662
112430.00000 0.78595
112440.00000 0.78624
112450.00000 0.786534
112460.00000 0.78683
112470.00000 0.78713
112480.00000 0.787432
112490.00000 0.787738
112500.00000 0.788049
112510.00000 0.788364
112520.00000 0.788682
112530.00000 0.789001
112540.00000 0.78932
112550.00000 0.789638
112560.00000 0.789956
112570.00000 0.790277
112580.00000 0.790597
112590.00000 0.790917
112600.00000 0.791235
112610.00000 0.79155
112620.00000 0.791861
112630.00000 0.79217
112640.00000 0.792478
112650.00000 0.792783
112660.00000 0.793086
112670.00000 0.793386
112680.00000 0.793684
112690.00000 0.793979
112700.00000 0.794271
112710.00000 0.794562
112720.00000 0.79485
112730.00000 0.795138
112740.00000 0.795425
112750.00000 0.795712
112760.00000 0.795997
112770.00000 0.796281
112780.00000 0.796564
112790.00000 0.796846
112800.00000 0.797128
112810.00000 0.79741
112820.00000 0.797692
112830.00000 0.797974
112840.00000 0.798255
112850.00000 0.798534
112860.00000 0.798811
112870.00000 0.799084
112880.00000 0.799356
112890.00000 0.799627
112900.00000 0.799896
112910.00000 0.800161
112920.00000 0.800423
112930.00000 0.800679
112940.00000 0.800932
112950.00000 0.80118
112960.00000 0.801425
112970.00000 0.801666
112980.00000 0.801903
112990.00000 0.802135
113000.00000 0.802363
113010.00000 0.802585
113020.00000 0.802803
113030.00000 0.803017
113040.00000 0.803228
113050.00000 0.803435
113060.00000 0.803641
113070.00000 0.803842
113080.00000 0.80404
113090.00000 0.804236
113100.00000 0.804428
113110.00000 0.804619
113120.00000 0.804808
113130.00000 0.804996
113140.00000 0.805182
113150.00000 0.805365
113160.00000 0.805547
113170.00000 0.805728
113180.00000 0.805909
113190.00000 0.80609
113200.00000 0.806271
113210.00000 0.806451
113220.00000 0.80663
113230.00000 0.80681
113240.00000 0.80699
113250.00000 0.807171
113260.00000 0.807352
113270.00000 0.807534
113280.00000 0.807715
113290.00000 0.807898
113300.00000 0.808082
113310.00000 0.808268
113320.00000 0.808456
113330.00000 0.808647
113340.00000 0.808839
113350.00000 0.809032
113360.00000 0.809227
113370.00000 0.809423
113380.00000 0.809619
113390.00000 0.809817
113400.00000 0.810017
113410.00000 0.810217
113420.00000 0.810418
113430.00000 0.810619
113440.00000 0.81082
113450.00000 0.811019
113460.00000 0.811221
113470.00000 0.811422
113480.00000 0.811623
113490.00000 0.811822
113500.00000 0.812017
113510.00000 0.812207
113520.00000 0.812396
113530.00000 0.812582
113540.00000 0.812765
113550.00000 0.812944
113560.00000 0.813118
113570.00000 0.813286
113580.00000 0.813448
113590.00000 0.813607
113600.00000 0.813761
113610.00000 0.813909
113620.00000 0.81405
113630.00000 0.814182
113640.00000 0.814304
113650.00000 0.814418
113660.00000 0.814524
113670.00000 0.814623
113680.00000 0.814712
113690.00000 0.814792
113700.00000 0.814861
113710.00000 0.81492
113720.00000 0.814969
113730.00000 0.815009
113740.00000 0.815039
113750.00000 0.81506
113760.00000 0.815071
113770.00000 0.815073
113780.00000 0.815062
113790.00000 0.81504
113800.00000 0.81501
113810.00000 0.814973
113820.00000 0.814931
113830.00000 0.814888
113840.00000 0.814839
113850.00000 0.814783
113860.00000 0.814721
113870.00000 0.814657
113880.00000 0.814594
113890.00000 0.814534
113900.00000 0.814479
113910.00000 0.814423
113920.00000 0.814368
113930.00000 0.814315
113940.00000 0.814266
113950.00000 0.814223
113960.00000 0.814187
113970.00000 0.814159
113980.00000 0.814138
113990.00000 0.814123
114000.00000 0.814112
114010.00000 0.814104
114020.00000 0.814096
114030.00000 0.81409
114040.00000 0.81409
114050.00000 0.814095
114060.00000 0.8141
114070.00000 0.814103
114080.00000 0.814099
114090.00000 0.814086
114100.00000 0.814067
114110.00000 0.814045
114120.00000 0.814019
114130.00000 0.813984
114140.00000 0.813937
114150.00000 0.813875
114160.00000 0.813794
