threeML/data/optical_filters/GTC/CanariCam-SiC.ecsv
# %ECSV 0.9
# ---
# datatype:
# - {name: wavelength, unit: Angstrom, datatype: float32}
# - {name: response, datatype: float32}
# meta: !!omap
# - {band_name: SiC}
# - {group_name: CanariCam}
wavelength response
[from data line 2196]
121500.00000 0.794766
121510.00000 0.794706
121520.00000 0.794648
121530.00000 0.794592
121540.00000 0.794538
121550.00000 0.794484
121560.00000 0.794432
121570.00000 0.79438
121580.00000 0.794328
121590.00000 0.794278
121600.00000 0.79423
121610.00000 0.794183
121620.00000 0.794136
121630.00000 0.794089
121640.00000 0.794041
121650.00000 0.793992
121660.00000 0.793942
121670.00000 0.793891
121680.00000 0.793841
121690.00000 0.793789
121700.00000 0.793736
121710.00000 0.793682
121720.00000 0.793625
121730.00000 0.793565
121740.00000 0.793503
121750.00000 0.79344
121760.00000 0.793374
121770.00000 0.793307
121780.00000 0.793237
121790.00000 0.793164
121800.00000 0.793089
121810.00000 0.793011
121820.00000 0.79293
121830.00000 0.792846
121840.00000 0.79276
121850.00000 0.792671
121860.00000 0.792581
121870.00000 0.792489
121880.00000 0.792394
121890.00000 0.792297
121900.00000 0.792198
121910.00000 0.792096
121920.00000 0.791993
121930.00000 0.791889
121940.00000 0.791783
121950.00000 0.791677
121960.00000 0.79157
121970.00000 0.791461
121980.00000 0.791351
121990.00000 0.79124
122000.00000 0.791129
122010.00000 0.791017
122020.00000 0.790906
122030.00000 0.790796
122040.00000 0.790685
122050.00000 0.790574
122060.00000 0.790463
122070.00000 0.790353
122080.00000 0.790242
122090.00000 0.790133
122100.00000 0.790024
122110.00000 0.789916
122120.00000 0.789809
122130.00000 0.789702
122140.00000 0.789596
122150.00000 0.78949
122160.00000 0.789384
122170.00000 0.789277
122180.00000 0.789171
122190.00000 0.789065
122200.00000 0.788959
122210.00000 0.788853
122220.00000 0.788747
122230.00000 0.788639
122240.00000 0.78853
122250.00000 0.788419
122260.00000 0.788307
122270.00000 0.788193
122280.00000 0.788079
122290.00000 0.787963
122300.00000 0.787845
122310.00000 0.787725
122320.00000 0.787602
122330.00000 0.787477
122340.00000 0.787348
122350.00000 0.787218
122360.00000 0.787084
122370.00000 0.786949
122380.00000 0.786812
122390.00000 0.786674
122400.00000 0.786533
122410.00000 0.786391
122420.00000 0.786246
122430.00000 0.786098
122440.00000 0.78595
122450.00000 0.7858
122460.00000 0.78565
122470.00000 0.7855
122480.00000 0.78535
122490.00000 0.785199
122500.00000 0.785047
122510.00000 0.784895
122520.00000 0.784743
122530.00000 0.784591
122540.00000 0.784439
122550.00000 0.784288
122560.00000 0.784139
122570.00000 0.783991
122580.00000 0.783843
122590.00000 0.783695
122600.00000 0.783546
122610.00000 0.783397
122620.00000 0.783246
122630.00000 0.783094
122640.00000 0.782942
122650.00000 0.782789
122660.00000 0.782636
122670.00000 0.782481
122680.00000 0.782324
122690.00000 0.782163
122700.00000 0.781997
122710.00000 0.781829
122720.00000 0.781658
122730.00000 0.781484
122740.00000 0.781307
122750.00000 0.781126
122760.00000 0.780941
122770.00000 0.780751
122780.00000 0.780555
122790.00000 0.780354
122800.00000 0.780148
122810.00000 0.779937
122820.00000 0.779723
122830.00000 0.779505
122840.00000 0.779283
122850.00000 0.77906
122860.00000 0.778832
122870.00000 0.7786
122880.00000 0.778364
122890.00000 0.778125
122900.00000 0.777884
122910.00000 0.777641
122920.00000 0.777398
122930.00000 0.777155
122940.00000 0.77691
122950.00000 0.776662
122960.00000 0.776413
122970.00000 0.776164
122980.00000 0.775914
122990.00000 0.775666
123000.00000 0.775418
123010.00000 0.775172
123020.00000 0.774926
123030.00000 0.774682
123040.00000 0.774437
123050.00000 0.774193
123060.00000 0.773948
123070.00000 0.773702
123080.00000 0.773456
123090.00000 0.77321
123100.00000 0.772965
123110.00000 0.77272
123120.00000 0.772473
123130.00000 0.772224
123140.00000 0.771972
123150.00000 0.771716
123160.00000 0.771455
123170.00000 0.771194
123180.00000 0.770931
123190.00000 0.770664
123200.00000 0.770393
123210.00000 0.770116
123220.00000 0.769833
123230.00000 0.769542
123240.00000 0.769244
123250.00000 0.768941
123260.00000 0.768632
123270.00000 0.768317
123280.00000 0.767996
123290.00000 0.767668
123300.00000 0.767334
123310.00000 0.766992
123320.00000 0.766643
123330.00000 0.766287
123340.00000 0.765925
123350.00000 0.765556
123360.00000 0.765183
123370.00000 0.764805
123380.00000 0.764424
123390.00000 0.764038
123400.00000 0.763645
123410.00000 0.763247
123420.00000 0.762845
123430.00000 0.76244
123440.00000 0.762033
123450.00000 0.761624
123460.00000 0.761216
123470.00000 0.760806
123480.00000 0.760393
123490.00000 0.759978
123500.00000 0.759562
123510.00000 0.759144
123520.00000 0.758726
123530.00000 0.758308
123540.00000 0.757889
123550.00000 0.75747
123560.00000 0.75705
123570.00000 0.75663
123580.00000 0.756208
123590.00000 0.755785
123600.00000 0.755359
123610.00000 0.754933
123620.00000 0.754504
123630.00000 0.754076
123640.00000 0.753645
123650.00000 0.753213
123660.00000 0.752779
123670.00000 0.752341
123680.00000 0.7519
123690.00000 0.751455
123700.00000 0.751007
123710.00000 0.750555
123720.00000 0.750101
123730.00000 0.749643
123740.00000 0.749182
123750.00000 0.748719
123760.00000 0.748252
123770.00000 0.747782
123780.00000 0.747308
123790.00000 0.74683
123800.00000 0.746349
123810.00000 0.745866
123820.00000 0.745382
123830.00000 0.744896
123840.00000 0.744411
123850.00000 0.743923
123860.00000 0.743433
123870.00000 0.742941
123880.00000 0.742448
123890.00000 0.741955
123900.00000 0.741464
123910.00000 0.740975
123920.00000 0.740489
123930.00000 0.740004
123940.00000 0.73952
123950.00000 0.739037
123960.00000 0.738555
123970.00000 0.738076
123980.00000 0.737599
123990.00000 0.737126
124000.00000 0.736656
124010.00000 0.736189
124020.00000 0.735726
124030.00000 0.735264
124040.00000 0.734805
124050.00000 0.734347
124060.00000 0.733892
124070.00000 0.733438
124080.00000 0.732986
124090.00000 0.732537
124100.00000 0.73209
124110.00000 0.731645
124120.00000 0.731201
124130.00000 0.730757
124140.00000 0.730313
124150.00000 0.729868
124160.00000 0.729424
124170.00000 0.72898
124180.00000 0.728537
124190.00000 0.728093
124200.00000 0.727649
124210.00000 0.727205
124220.00000 0.726759
124230.00000 0.726312
124240.00000 0.725864
124250.00000 0.725415
124260.00000 0.724966
124270.00000 0.724516
124280.00000 0.724066
124290.00000 0.723614
124300.00000 0.723162
124310.00000 0.72271
124320.00000 0.722256
124330.00000 0.721802
124340.00000 0.721347
124350.00000 0.720892
124360.00000 0.720435
124370.00000 0.719978
124380.00000 0.71952
124390.00000 0.719062
124400.00000 0.718603
124410.00000 0.718144
124420.00000 0.717684
124430.00000 0.717222
124440.00000 0.716759
124450.00000 0.716293
124460.00000 0.715826
124470.00000 0.715357
124480.00000 0.714888
124490.00000 0.714417
124500.00000 0.713943
124510.00000 0.713468
124520.00000 0.712989
124530.00000 0.712506
124540.00000 0.71202
124550.00000 0.711532
124560.00000 0.711041
124570.00000 0.710547
124580.00000 0.71005
124590.00000 0.70955
124600.00000 0.709045
124610.00000 0.708537
124620.00000 0.708024
124630.00000 0.707508
124640.00000 0.706988
124650.00000 0.706464
124660.00000 0.705937
124670.00000 0.705407
124680.00000 0.704874
124690.00000 0.704337
124700.00000 0.703797
124710.00000 0.703253
124720.00000 0.702705
124730.00000 0.702154
124740.00000 0.701601
124750.00000 0.701046
124760.00000 0.70049
124770.00000 0.699932
124780.00000 0.699371
124790.00000 0.698807
124800.00000 0.698241
124810.00000 0.697674
124820.00000 0.697106
124830.00000 0.696539
124840.00000 0.695972
124850.00000 0.695407
124860.00000 0.694839
124870.00000 0.694271
124880.00000 0.693704
124890.00000 0.693137
124900.00000 0.692572
124910.00000 0.69201
124920.00000 0.691452
124930.00000 0.690897
124940.00000 0.690344
124950.00000 0.689792
124960.00000 0.689243
124970.00000 0.688698
124980.00000 0.688157
124990.00000 0.687621
125000.00000 0.687091
125010.00000 0.686567
125020.00000 0.686047
125030.00000 0.685532
125040.00000 0.685022
125050.00000 0.684516
125060.00000 0.684016
125070.00000 0.683519
125080.00000 0.683028
125090.00000 0.682542
125100.00000 0.682062
125110.00000 0.681588
125120.00000 0.681117
125130.00000 0.68065
125140.00000 0.680185
125150.00000 0.679721
125160.00000 0.679259
125170.00000 0.6788
125180.00000 0.678345
125190.00000 0.677893
125200.00000 0.677443
125210.00000 0.676992
125220.00000 0.676541
125230.00000 0.676088
125240.00000 0.675632
125250.00000 0.675175
125260.00000 0.674718
125270.00000 0.674261
125280.00000 0.673802
125290.00000 0.673342
125300.00000 0.67288
125310.00000 0.672416
125320.00000 0.671949
125330.00000 0.67148
125340.00000 0.671008
125350.00000 0.670535
125360.00000 0.67006
125370.00000 0.669585
125380.00000 0.66911
125390.00000 0.668635
125400.00000 0.66816
125410.00000 0.667683
125420.00000 0.667205
125430.00000 0.666726
125440.00000 0.666249
125450.00000 0.665773
125460.00000 0.6653
125470.00000 0.664832
125480.00000 0.664366
125490.00000 0.663902
125500.00000 0.663439
125510.00000 0.66298
125520.00000 0.662523
125530.00000 0.662069
125540.00000 0.66162
125550.00000 0.661175
125560.00000 0.660734
125570.00000 0.660297
125580.00000 0.659863
125590.00000 0.659434
125600.00000 0.659007
125610.00000 0.658584
125620.00000 0.658164
125630.00000 0.657748
125640.00000 0.657335
125650.00000 0.656927
125660.00000 0.656522
125670.00000 0.656121
125680.00000 0.655722
125690.00000 0.655325
125700.00000 0.654929
125710.00000 0.654535
125720.00000 0.654143
125730.00000 0.653753
125740.00000 0.653365
125750.00000 0.652979
125760.00000 0.652594
125770.00000 0.652211
125780.00000 0.651829
125790.00000 0.651449
125800.00000 0.651069
125810.00000 0.650691
125820.00000 0.650314
125830.00000 0.649938
125840.00000 0.649565
125850.00000 0.649193
125860.00000 0.648823
125870.00000 0.648456
125880.00000 0.64809
125890.00000 0.647725
125900.00000 0.647362
125910.00000 0.647002
125920.00000 0.646644
125930.00000 0.646289
125940.00000 0.645937
125950.00000 0.645589
125960.00000 0.645244
125970.00000 0.644902
125980.00000 0.644563
125990.00000 0.644227
126000.00000 0.643893
126010.00000 0.643563
126020.00000 0.643235
126030.00000 0.64291
126040.00000 0.642589
126050.00000 0.64227
126060.00000 0.641955
126070.00000 0.641642
126080.00000 0.641332
126090.00000 0.641024
126100.00000 0.640718
126110.00000 0.640415
126120.00000 0.640114
126130.00000 0.639816
126140.00000 0.63952
126150.00000 0.639227
126160.00000 0.638937
126170.00000 0.638649
126180.00000 0.638365
126190.00000 0.638083
126200.00000 0.637803
126210.00000 0.637526
126220.00000 0.637252
126230.00000 0.636981
126240.00000 0.636714
126250.00000 0.636451
126260.00000 0.636194
126270.00000 0.635941
126280.00000 0.635692
126290.00000 0.635447
126300.00000 0.635206
126310.00000 0.634969
126320.00000 0.634738
126330.00000 0.634512
126340.00000 0.634293
126350.00000 0.634079
126360.00000 0.63387
126370.00000 0.633667
126380.00000 0.633469
126390.00000 0.633277
126400.00000 0.63309
126410.00000 0.632908
126420.00000 0.632732
126430.00000 0.632561
126440.00000 0.632397
126450.00000 0.632238
126460.00000 0.632084
126470.00000 0.631936
126480.00000 0.631792
126490.00000 0.631653
126500.00000 0.631518
126510.00000 0.631389
126520.00000 0.631264
126530.00000 0.631144
126540.00000 0.631029
126550.00000 0.630918
126560.00000 0.630812
126570.00000 0.630709
126580.00000 0.630611
126590.00000 0.630516
126600.00000 0.630425
126610.00000 0.630339
126620.00000 0.630257
126630.00000 0.630179
126640.00000 0.630104
126650.00000 0.630032
126660.00000 0.629962
126670.00000 0.629896
126680.00000 0.629834
126690.00000 0.629775
126700.00000 0.629719
126710.00000 0.629667
126720.00000 0.629615
126730.00000 0.629566
126740.00000 0.629517
126750.00000 0.62947
126760.00000 0.629426
126770.00000 0.629384
126780.00000 0.629344
126790.00000 0.629305
126800.00000 0.629266
126810.00000 0.629227
126820.00000 0.629186
126830.00000 0.629144
126840.00000 0.629103
126850.00000 0.629061
126860.00000 0.62902
126870.00000 0.628978
126880.00000 0.628935
126890.00000 0.628891
126900.00000 0.628846
126910.00000 0.628798
126920.00000 0.62875
126930.00000 0.6287
126940.00000 0.628649
126950.00000 0.628597
126960.00000 0.628544
126970.00000 0.62849
126980.00000 0.628436
126990.00000 0.62838
127000.00000 0.628323
127010.00000 0.628263
127020.00000 0.628203
127030.00000 0.628143
127040.00000 0.628082
127050.00000 0.628023
127060.00000 0.627965
127070.00000 0.627909
127080.00000 0.627854
127090.00000 0.627799
127100.00000 0.627745
127110.00000 0.627692
127120.00000 0.62764
127130.00000 0.62759
127140.00000 0.62754
127150.00000 0.627492
127160.00000 0.627446
127170.00000 0.627401
127180.00000 0.627358
127190.00000 0.627315
127200.00000 0.627274
127210.00000 0.627233
127220.00000 0.627192
127230.00000 0.627152
127240.00000 0.627114
127250.00000 0.627078
127260.00000 0.627043
127270.00000 0.627009
127280.00000 0.626973
127290.00000 0.626934
127300.00000 0.626893
127310.00000 0.626847
127320.00000 0.626799
127330.00000 0.62675
127340.00000 0.626698
127350.00000 0.626644
127360.00000 0.626587
127370.00000 0.626526
127380.00000 0.62646
127390.00000 0.62639
127400.00000 0.626317
127410.00000 0.626241
127420.00000 0.626161
127430.00000 0.626078
127440.00000 0.625989
127450.00000 0.625896
127460.00000 0.625795
127470.00000 0.625688
127480.00000 0.625574
127490.00000 0.625454
127500.00000 0.625329
127510.00000 0.625198
127520.00000 0.625061
127530.00000 0.624918
127540.00000 0.624769
127550.00000 0.624613
127560.00000 0.624452
127570.00000 0.624286
127580.00000 0.624115
127590.00000 0.623937
127600.00000 0.623753
127610.00000 0.623559
127620.00000 0.623357
127630.00000 0.623144
127640.00000 0.622922
127650.00000 0.622691
127660.00000 0.622452
127670.00000 0.622204
127680.00000 0.621946
127690.00000 0.621679
127700.00000 0.621402
127710.00000 0.621115
127720.00000 0.620817
127730.00000 0.62051
127740.00000 0.620195
127750.00000 0.619869
127760.00000 0.619533
127770.00000 0.619185
127780.00000 0.618826
127790.00000 0.618455
127800.00000 0.61807
127810.00000 0.617673
127820.00000 0.617264
127830.00000 0.616843
127840.00000 0.616411
127850.00000 0.615968
127860.00000 0.615513
127870.00000 0.615047
127880.00000 0.614571
127890.00000 0.614085
127900.00000 0.613587
127910.00000 0.613079
127920.00000 0.61256
127930.00000 0.612029
127940.00000 0.611486
127950.00000 0.61093
127960.00000 0.610362
127970.00000 0.609781
127980.00000 0.609189
127990.00000 0.608586
128000.00000 0.60797
128010.00000 0.607341
128020.00000 0.606699
128030.00000 0.606044
128040.00000 0.605374
128050.00000 0.604693
128060.00000 0.604
128070.00000 0.603294
128080.00000 0.602576
128090.00000 0.601842
128100.00000 0.601093
128110.00000 0.600327
128120.00000 0.599542
128130.00000 0.59874
128140.00000 0.597923
128150.00000 0.597091
128160.00000 0.596242
128170.00000 0.595375
128180.00000 0.59449
128190.00000 0.593586
128200.00000 0.592661
128210.00000 0.591714
128220.00000 0.59075
128230.00000 0.589768
128240.00000 0.588766
128250.00000 0.587745
128260.00000 0.586703
128270.00000 0.585638
128280.00000 0.58455
128290.00000 0.583437
128300.00000 0.582303
128310.00000 0.581148
128320.00000 0.57997
128330.00000 0.57877
128340.00000 0.577547
128350.00000 0.576301
128360.00000 0.57503
128370.00000 0.573735
128380.00000 0.572416
128390.00000 0.571074
128400.00000 0.569708
128410.00000 0.568319
128420.00000 0.566906
128430.00000 0.565468
128440.00000 0.564006
128450.00000 0.56252
128460.00000 0.561008
128470.00000 0.559473
128480.00000 0.557913
128490.00000 0.556329
128500.00000 0.55472
128510.00000 0.553088
128520.00000 0.551431
128530.00000 0.549751
128540.00000 0.548047
128550.00000 0.546317
128560.00000 0.544564
128570.00000 0.542786
128580.00000 0.540984
128590.00000 0.53916
128600.00000 0.537312
128610.00000 0.535443
128620.00000 0.533552
128630.00000 0.531638
128640.00000 0.5297
128650.00000 0.527739
128660.00000 0.525756
128670.00000 0.523751
128680.00000 0.521726
128690.00000 0.519682
128700.00000 0.517618
128710.00000 0.515534
128720.00000 0.513428
128730.00000 0.511301
128740.00000 0.509154
128750.00000 0.506988
128760.00000 0.504804
128770.00000 0.502604
128780.00000 0.500389
128790.00000 0.498157
