threeML/data/optical_filters/GTC/CanariCam-Si3.ecsv
# %ECSV 0.9
# ---
# datatype:
# - {name: wavelength, unit: Angstrom, datatype: float32}
# - {name: response, datatype: float32}
# meta: !!omap
# - {band_name: Si3}
# - {group_name: CanariCam}
wavelength response
[from data line 766]
96010.00000 0.915521
96020.00000 0.915468
96030.00000 0.915414
96040.00000 0.915358
96050.00000 0.9153
96060.00000 0.915241
96070.00000 0.91518
96080.00000 0.915118
96090.00000 0.915054
96100.00000 0.914988
96110.00000 0.914921
96120.00000 0.914852
96130.00000 0.914782
96140.00000 0.91471
96150.00000 0.914637
96160.00000 0.914562
96170.00000 0.914485
96180.00000 0.914408
96190.00000 0.914328
96200.00000 0.914247
96210.00000 0.914164
96220.00000 0.91408
96230.00000 0.913994
96240.00000 0.913907
96250.00000 0.913817
96260.00000 0.913727
96270.00000 0.913634
96280.00000 0.91354
96290.00000 0.913445
96300.00000 0.913348
96310.00000 0.913249
96320.00000 0.913149
96330.00000 0.913046
96340.00000 0.912943
96350.00000 0.912838
96360.00000 0.912731
96370.00000 0.912622
96380.00000 0.912512
96390.00000 0.912401
96400.00000 0.912288
96410.00000 0.912173
96420.00000 0.912057
96430.00000 0.911939
96440.00000 0.911819
96450.00000 0.911698
96460.00000 0.911575
96470.00000 0.911451
96480.00000 0.911325
96490.00000 0.911198
96500.00000 0.911069
96510.00000 0.910939
96520.00000 0.910807
96530.00000 0.910675
96540.00000 0.910541
96550.00000 0.910406
96560.00000 0.910269
96570.00000 0.910131
96580.00000 0.909992
96590.00000 0.909851
96600.00000 0.909709
96610.00000 0.909565
96620.00000 0.90942
96630.00000 0.909273
96640.00000 0.909125
96650.00000 0.908976
96660.00000 0.908825
96670.00000 0.908673
96680.00000 0.90852
96690.00000 0.908365
96700.00000 0.908208
96710.00000 0.90805
96720.00000 0.907891
96730.00000 0.90773
96740.00000 0.907567
96750.00000 0.907403
96760.00000 0.907238
96770.00000 0.907071
96780.00000 0.906903
96790.00000 0.906733
96800.00000 0.906563
96810.00000 0.90639
96820.00000 0.906216
96830.00000 0.906041
96840.00000 0.905864
96850.00000 0.905686
96860.00000 0.905506
96870.00000 0.905326
96880.00000 0.905144
96890.00000 0.904961
96900.00000 0.904778
96910.00000 0.904593
96920.00000 0.904408
96930.00000 0.904221
96940.00000 0.904033
96950.00000 0.903844
96960.00000 0.903654
96970.00000 0.903464
96980.00000 0.903272
96990.00000 0.90308
97000.00000 0.902888
97010.00000 0.902694
97020.00000 0.9025
97030.00000 0.902305
97040.00000 0.902108
97050.00000 0.901912
97060.00000 0.901715
97070.00000 0.901517
97080.00000 0.901319
97090.00000 0.901121
97100.00000 0.900922
97110.00000 0.900722
97120.00000 0.900523
97130.00000 0.900322
97140.00000 0.900122
97150.00000 0.89992
97160.00000 0.899719
97170.00000 0.899517
97180.00000 0.899315
97190.00000 0.899112
97200.00000 0.898909
97210.00000 0.898706
97220.00000 0.898502
97230.00000 0.898298
97240.00000 0.898094
97250.00000 0.897889
97260.00000 0.897685
97270.00000 0.89748
97280.00000 0.897274
97290.00000 0.897069
97300.00000 0.896863
97310.00000 0.896657
97320.00000 0.896451
97330.00000 0.896244
97340.00000 0.896037
97350.00000 0.89583
97360.00000 0.895623
97370.00000 0.895416
97380.00000 0.895209
97390.00000 0.895002
97400.00000 0.894794
97410.00000 0.894586
97420.00000 0.894378
97430.00000 0.89417
97440.00000 0.893962
97450.00000 0.893754
97460.00000 0.893546
97470.00000 0.893338
97480.00000 0.89313
97490.00000 0.892922
97500.00000 0.892714
97510.00000 0.892506
97520.00000 0.892298
97530.00000 0.892091
97540.00000 0.891883
97550.00000 0.891676
97560.00000 0.89147
97570.00000 0.891263
97580.00000 0.891057
97590.00000 0.890852
97600.00000 0.890646
97610.00000 0.890441
97620.00000 0.890236
97630.00000 0.890032
97640.00000 0.889828
97650.00000 0.889624
97660.00000 0.889421
97670.00000 0.889219
97680.00000 0.889016
97690.00000 0.888814
97700.00000 0.888613
97710.00000 0.888412
97720.00000 0.888211
97730.00000 0.888011
97740.00000 0.887811
97750.00000 0.887613
97760.00000 0.887414
97770.00000 0.887216
97780.00000 0.887018
97790.00000 0.886821
97800.00000 0.886625
97810.00000 0.886428
97820.00000 0.886233
97830.00000 0.886038
97840.00000 0.885844
97850.00000 0.885651
97860.00000 0.885458
97870.00000 0.885266
97880.00000 0.885074
97890.00000 0.884883
97900.00000 0.884693
97910.00000 0.884503
97920.00000 0.884315
97930.00000 0.884127
97940.00000 0.883941
97950.00000 0.883756
97960.00000 0.883572
97970.00000 0.883388
97980.00000 0.883206
97990.00000 0.883025
98000.00000 0.882844
98010.00000 0.882665
98020.00000 0.882487
98030.00000 0.882311
98040.00000 0.882136
98050.00000 0.881962
98060.00000 0.88179
98070.00000 0.881619
98080.00000 0.881449
98090.00000 0.88128
98100.00000 0.881113
98110.00000 0.880947
98120.00000 0.880782
98130.00000 0.880619
98140.00000 0.880457
98150.00000 0.880296
98160.00000 0.880137
98170.00000 0.87998
98180.00000 0.879823
98190.00000 0.879668
98200.00000 0.879514
98210.00000 0.879361
98220.00000 0.879209
98230.00000 0.879059
98240.00000 0.878909
98250.00000 0.87876
98260.00000 0.878613
98270.00000 0.878466
98280.00000 0.878321
98290.00000 0.878177
98300.00000 0.878034
98310.00000 0.877893
98320.00000 0.877753
98330.00000 0.877614
98340.00000 0.877476
98350.00000 0.877339
98360.00000 0.877204
98370.00000 0.877069
98380.00000 0.876936
98390.00000 0.876805
98400.00000 0.876676
98410.00000 0.876549
98420.00000 0.876425
98430.00000 0.876303
98440.00000 0.876183
98450.00000 0.876065
98460.00000 0.875948
98470.00000 0.875834
98480.00000 0.875722
98490.00000 0.875613
98500.00000 0.875507
98510.00000 0.875404
98520.00000 0.875304
98530.00000 0.875207
98540.00000 0.875114
98550.00000 0.875023
98560.00000 0.874936
98570.00000 0.874851
98580.00000 0.874769
98590.00000 0.87469
98600.00000 0.874613
98610.00000 0.874539
98620.00000 0.874468
98630.00000 0.874399
98640.00000 0.874334
98650.00000 0.874271
98660.00000 0.874211
98670.00000 0.874154
98680.00000 0.874099
98690.00000 0.874046
98700.00000 0.873994
98710.00000 0.873945
98720.00000 0.873896
98730.00000 0.873849
98740.00000 0.873805
98750.00000 0.873762
98760.00000 0.873722
98770.00000 0.873683
98780.00000 0.873646
98790.00000 0.87361
98800.00000 0.873576
98810.00000 0.873543
98820.00000 0.873511
98830.00000 0.873481
98840.00000 0.873452
98850.00000 0.873425
98860.00000 0.8734
98870.00000 0.873375
98880.00000 0.873353
98890.00000 0.873331
98900.00000 0.873311
98910.00000 0.873292
98920.00000 0.873275
98930.00000 0.87326
98940.00000 0.873246
98950.00000 0.873234
98960.00000 0.873223
98970.00000 0.873214
98980.00000 0.873205
98990.00000 0.873196
99000.00000 0.873188
99010.00000 0.87318
99020.00000 0.873173
99030.00000 0.873167
99040.00000 0.873162
99050.00000 0.873158
99060.00000 0.873154
99070.00000 0.873151
99080.00000 0.873147
99090.00000 0.873143
99100.00000 0.873138
99110.00000 0.873133
99120.00000 0.873127
99130.00000 0.873121
99140.00000 0.873115
99150.00000 0.873109
99160.00000 0.873102
99170.00000 0.873095
99180.00000 0.873087
99190.00000 0.873078
99200.00000 0.873068
99210.00000 0.873057
99220.00000 0.873045
99230.00000 0.873033
99240.00000 0.87302
99250.00000 0.873006
99260.00000 0.872991
99270.00000 0.872976
99280.00000 0.872959
99290.00000 0.872942
99300.00000 0.872923
99310.00000 0.872903
99320.00000 0.872883
99330.00000 0.872863
99340.00000 0.872842
99350.00000 0.87282
99360.00000 0.872796
99370.00000 0.872771
99380.00000 0.872744
99390.00000 0.872715
99400.00000 0.872684
99410.00000 0.87265
99420.00000 0.872615
99430.00000 0.872578
99440.00000 0.87254
99450.00000 0.872499
99460.00000 0.872457
99470.00000 0.872412
99480.00000 0.872364
99490.00000 0.872314
99500.00000 0.87226
99510.00000 0.872203
99520.00000 0.872144
99530.00000 0.872083
99540.00000 0.872019
99550.00000 0.871952
99560.00000 0.871883
99570.00000 0.87181
99580.00000 0.871735
99590.00000 0.871657
99600.00000 0.871576
99610.00000 0.871492
99620.00000 0.871405
99630.00000 0.871314
99640.00000 0.87122
99650.00000 0.871124
99660.00000 0.871025
99670.00000 0.870924
99680.00000 0.870822
99690.00000 0.870717
99700.00000 0.87061
99710.00000 0.870502
99720.00000 0.870392
99730.00000 0.87028
99740.00000 0.870165
99750.00000 0.870049
99760.00000 0.86993
99770.00000 0.869809
99780.00000 0.869686
99790.00000 0.869561
99800.00000 0.869433
99810.00000 0.869304
99820.00000 0.869172
99830.00000 0.869038
99840.00000 0.868902
99850.00000 0.868764
99860.00000 0.868623
99870.00000 0.86848
99880.00000 0.868334
99890.00000 0.868185
99900.00000 0.868033
99910.00000 0.867879
99920.00000 0.867723
99930.00000 0.867564
99940.00000 0.867403
99950.00000 0.86724
99960.00000 0.867073
99970.00000 0.866902
99980.00000 0.866728
99990.00000 0.866549
100000.00000 0.866367
100010.00000 0.866179
100020.00000 0.865988
100030.00000 0.865793
100040.00000 0.865595
100050.00000 0.865392
100060.00000 0.865186
100070.00000 0.864977
100080.00000 0.864765
100090.00000 0.864549
100100.00000 0.864331
100110.00000 0.864109
100120.00000 0.863885
100130.00000 0.863656
100140.00000 0.863425
100150.00000 0.86319
100160.00000 0.862953
100170.00000 0.862712
100180.00000 0.862468
100190.00000 0.86222
100200.00000 0.86197
100210.00000 0.861717
100220.00000 0.861461
100230.00000 0.861201
100240.00000 0.860939
100250.00000 0.860673
100260.00000 0.860405
100270.00000 0.860133
100280.00000 0.859858
100290.00000 0.859581
100300.00000 0.8593
100310.00000 0.859017
100320.00000 0.858733
100330.00000 0.858446
100340.00000 0.858156
100350.00000 0.857863
100360.00000 0.857566
100370.00000 0.857266
100380.00000 0.85696
100390.00000 0.856649
100400.00000 0.856333
100410.00000 0.856011
100420.00000 0.855685
100430.00000 0.855354
100440.00000 0.855019
100450.00000 0.854679
100460.00000 0.854334
100470.00000 0.853985
100480.00000 0.853632
100490.00000 0.853274
100500.00000 0.852911
100510.00000 0.852544
100520.00000 0.852171
100530.00000 0.851795
100540.00000 0.851413
100550.00000 0.851027
100560.00000 0.850637
100570.00000 0.850242
100580.00000 0.849843
100590.00000 0.84944
100600.00000 0.849033
100610.00000 0.848621
100620.00000 0.848205
100630.00000 0.847784
100640.00000 0.847359
100650.00000 0.846929
100660.00000 0.846496
100670.00000 0.846058
100680.00000 0.845617
100690.00000 0.845173
100700.00000 0.844725
100710.00000 0.844274
100720.00000 0.84382
100730.00000 0.843363
100740.00000 0.842902
100750.00000 0.842438
100760.00000 0.84197
100770.00000 0.841497
100780.00000 0.84102
100790.00000 0.840539
100800.00000 0.840052
100810.00000 0.83956
100820.00000 0.839063
100830.00000 0.838562
100840.00000 0.838056
100850.00000 0.837546
100860.00000 0.837031
100870.00000 0.836511
100880.00000 0.835987
100890.00000 0.835459
100900.00000 0.834925
100910.00000 0.834388
100920.00000 0.833846
100930.00000 0.833299
100940.00000 0.832748
100950.00000 0.832193
100960.00000 0.831632
100970.00000 0.831068
100980.00000 0.830499
100990.00000 0.829925
101000.00000 0.829347
101010.00000 0.828765
101020.00000 0.828178
101030.00000 0.827588
101040.00000 0.826994
101050.00000 0.826395
101060.00000 0.825792
101070.00000 0.825184
101080.00000 0.824571
101090.00000 0.823952
101100.00000 0.823327
101110.00000 0.822697
101120.00000 0.822061
101130.00000 0.821421
101140.00000 0.820777
101150.00000 0.820129
101160.00000 0.819475
101170.00000 0.818814
101180.00000 0.818146
101190.00000 0.81747
101200.00000 0.816784
101210.00000 0.81609
101220.00000 0.815385
101230.00000 0.814674
101240.00000 0.813957
101250.00000 0.813233
101260.00000 0.8125
101270.00000 0.811758
101280.00000 0.811007
101290.00000 0.810244
101300.00000 0.80947
101310.00000 0.808682
101320.00000 0.807882
101330.00000 0.807071
101340.00000 0.80625
101350.00000 0.805419
101360.00000 0.804577
101370.00000 0.803724
101380.00000 0.802858
101390.00000 0.801978
101400.00000 0.801085
101410.00000 0.800178
101420.00000 0.799256
101430.00000 0.79832
101440.00000 0.797374
101450.00000 0.796415
101460.00000 0.795444
101470.00000 0.794459
101480.00000 0.793458
101490.00000 0.792442
101500.00000 0.791408
101510.00000 0.790357
101520.00000 0.789287
101530.00000 0.788198
101540.00000 0.787096
101550.00000 0.785979
101560.00000 0.784846
101570.00000 0.783696
101580.00000 0.782528
101590.00000 0.78134
101600.00000 0.780131
101610.00000 0.7789
101620.00000 0.777645
101630.00000 0.776367
101640.00000 0.775071
101650.00000 0.773757
101660.00000 0.772424
101670.00000 0.77107
101680.00000 0.769693
101690.00000 0.768292
101700.00000 0.766864
101710.00000 0.765409
101720.00000 0.763924
101730.00000 0.762408
101740.00000 0.760864
101750.00000 0.759297
101760.00000 0.757705
101770.00000 0.756086
101780.00000 0.754439
101790.00000 0.752763
101800.00000 0.751058
101810.00000 0.74932
101820.00000 0.747549
101830.00000 0.745745
101840.00000 0.743906
101850.00000 0.74204
101860.00000 0.740144
101870.00000 0.738217
101880.00000 0.73626
101890.00000 0.734269
101900.00000 0.732244
101910.00000 0.730184
101920.00000 0.728087
101930.00000 0.725953
101940.00000 0.723781
101950.00000 0.721574
101960.00000 0.719333
101970.00000 0.717058
101980.00000 0.714748
101990.00000 0.712402
102000.00000 0.710019
102010.00000 0.707598
102020.00000 0.705139
102030.00000 0.702641
102040.00000 0.700102
102050.00000 0.697526
102060.00000 0.694913
102070.00000 0.692264
102080.00000 0.689578
102090.00000 0.686853
102100.00000 0.684089
102110.00000 0.681285
102120.00000 0.67844
102130.00000 0.675553
102140.00000 0.672624
102150.00000 0.669651
102160.00000 0.666638
102170.00000 0.663583
102180.00000 0.660489
102190.00000 0.657353
102200.00000 0.654176
102210.00000 0.650959
102220.00000 0.647701
102230.00000 0.644402
102240.00000 0.641062
102250.00000 0.637682
102260.00000 0.634258
102270.00000 0.630792
102280.00000 0.627283
102290.00000 0.623734
102300.00000 0.620144
102310.00000 0.616515
102320.00000 0.612848
102330.00000 0.609144
102340.00000 0.605404
102350.00000 0.60163
102360.00000 0.597819
102370.00000 0.593966
102380.00000 0.590072
102390.00000 0.586139
102400.00000 0.582169
102410.00000 0.578164
102420.00000 0.574128
102430.00000 0.570061
102440.00000 0.565966
102450.00000 0.561846
102460.00000 0.557702
102470.00000 0.553527
102480.00000 0.549316
102490.00000 0.545072
102500.00000 0.540798
102510.00000 0.536497
102520.00000 0.53217
102530.00000 0.527823
102540.00000 0.523456
102550.00000 0.519072
102560.00000 0.514675
102570.00000 0.510264
102580.00000 0.505826
102590.00000 0.501363
102600.00000 0.496877
102610.00000 0.492372
102620.00000 0.487852
102630.00000 0.483319
102640.00000 0.478776
102650.00000 0.474227
102660.00000 0.469675
102670.00000 0.465122
102680.00000 0.46056
102690.00000 0.455981
102700.00000 0.451388
102710.00000 0.446787
102720.00000 0.442178
102730.00000 0.437567
102740.00000 0.432957
102750.00000 0.42835
102760.00000 0.42375
102770.00000 0.419161
102780.00000 0.414584
102790.00000 0.410002
102800.00000 0.405418
102810.00000 0.400834
102820.00000 0.396253
102830.00000 0.39168
102840.00000 0.387117
102850.00000 0.382568
102860.00000 0.378036
102870.00000 0.373525
102880.00000 0.369038
102890.00000 0.364568
102900.00000 0.360106
102910.00000 0.355655
102920.00000 0.351218
102930.00000 0.346798
102940.00000 0.342397
102950.00000 0.338019
102960.00000 0.333666
102970.00000 0.329341
102980.00000 0.325048
102990.00000 0.320787
103000.00000 0.316549
103010.00000 0.312333
103020.00000 0.30814
103030.00000 0.303972
103040.00000 0.299832
103050.00000 0.29572
103060.00000 0.29164
103070.00000 0.287592
103080.00000 0.28358
103090.00000 0.279605
103100.00000 0.275665
103110.00000 0.271756
103120.00000 0.267876
103130.00000 0.264028
103140.00000 0.260213
103150.00000 0.256431
103160.00000 0.252685
103170.00000 0.248974
103180.00000 0.2453
103190.00000 0.241665
103200.00000 0.238069
103210.00000 0.234511
103220.00000 0.230987
103230.00000 0.2275
103240.00000 0.224048
103250.00000 0.220633
103260.00000 0.217255
103270.00000 0.213914
103280.00000 0.210611
103290.00000 0.207346
103300.00000 0.204119
103310.00000 0.200931
103320.00000 0.19778
103330.00000 0.194668
103340.00000 0.191592
103350.00000 0.188555
103360.00000 0.185555
103370.00000 0.182592
103380.00000 0.179667
103390.00000 0.176779
103400.00000 0.173928
103410.00000 0.171115
103420.00000 0.168339
103430.00000 0.165602
103440.00000 0.162904
103450.00000 0.160243
103460.00000 0.157619
103470.00000 0.155032
103480.00000 0.152481
