threeML/data/optical_filters/GTC/CanariCam-Si1.ecsv
# %ECSV 0.9
# ---
# datatype:
# - {name: wavelength, unit: Angstrom, datatype: float32}
# - {name: response, datatype: float32}
# meta: !!omap
# - {band_name: Si1}
# - {group_name: CanariCam}
wavelength response
59139.00000 0.0
65710.00000 0.004015
65720.00000 0.004093
65730.00000 0.004174
65740.00000 0.004253
65750.00000 0.004332
65760.00000 0.00441
65770.00000 0.004487
65780.00000 0.004564
65790.00000 0.004638
65800.00000 0.004708
65810.00000 0.004777
65820.00000 0.004844
65830.00000 0.004911
65840.00000 0.004978
65850.00000 0.005043
65860.00000 0.005109
65870.00000 0.005176
65880.00000 0.005245
65890.00000 0.005315
65900.00000 0.005387
65910.00000 0.00546
65920.00000 0.005535
65930.00000 0.005611
65940.00000 0.00569
65950.00000 0.005769
65960.00000 0.005846
65970.00000 0.00592
65980.00000 0.005992
65990.00000 0.006063
66000.00000 0.006132
66010.00000 0.006197
66020.00000 0.006258
66030.00000 0.006316
66040.00000 0.006373
66050.00000 0.006433
66060.00000 0.006495
66070.00000 0.006556
66080.00000 0.006621
66090.00000 0.006691
66100.00000 0.006771
66110.00000 0.006859
66120.00000 0.006952
66130.00000 0.007047
66140.00000 0.007141
66150.00000 0.007239
66160.00000 0.007339
66170.00000 0.007436
66180.00000 0.007526
66190.00000 0.007606
66200.00000 0.007677
66210.00000 0.007745
66220.00000 0.007812
66230.00000 0.00788
66240.00000 0.00794
66250.00000 0.008001
66260.00000 0.008073
66270.00000 0.00817
66280.00000 0.008287
66290.00000 0.00842
66300.00000 0.008574
66310.00000 0.008752
66320.00000 0.00896
66330.00000 0.0092
66340.00000 0.009461
66350.00000 0.009733
66360.00000 0.010009
66370.00000 0.010299
66380.00000 0.010601
66390.00000 0.010901
66400.00000 0.011186
66410.00000 0.011453
66420.00000 0.011711
66430.00000 0.011957
66440.00000 0.012188
66450.00000 0.012401
66460.00000 0.012594
66470.00000 0.012771
66480.00000 0.012939
66490.00000 0.013104
66500.00000 0.01326
66510.00000 0.013408
66520.00000 0.013551
66530.00000 0.013697
66540.00000 0.013847
66550.00000 0.013999
66560.00000 0.014151
66570.00000 0.014307
66580.00000 0.014467
66590.00000 0.01463
66600.00000 0.014797
66610.00000 0.014967
66620.00000 0.015141
66630.00000 0.015317
66640.00000 0.015495
66650.00000 0.015678
66660.00000 0.01587
66670.00000 0.016073
66680.00000 0.016282
66690.00000 0.0165
66700.00000 0.016733
66710.00000 0.016988
66720.00000 0.017264
66730.00000 0.017558
66740.00000 0.017871
66750.00000 0.018208
66760.00000 0.018572
66770.00000 0.018964
66780.00000 0.019381
66790.00000 0.019814
66800.00000 0.020258
66810.00000 0.020719
66820.00000 0.021199
66830.00000 0.021688
66840.00000 0.022172
66850.00000 0.022644
66860.00000 0.023119
66870.00000 0.023588
66880.00000 0.024044
66890.00000 0.024476
66900.00000 0.024882
66910.00000 0.025269
66920.00000 0.025638
66930.00000 0.025992
66940.00000 0.026328
66950.00000 0.026637
66960.00000 0.026931
66970.00000 0.027225
66980.00000 0.027531
66990.00000 0.027838
67000.00000 0.028142
67010.00000 0.028462
67020.00000 0.028817
67030.00000 0.029219
67040.00000 0.029653
67050.00000 0.03012
67060.00000 0.030626
67070.00000 0.031176
67080.00000 0.031777
67090.00000 0.032422
67100.00000 0.033102
67110.00000 0.033805
67120.00000 0.034527
67130.00000 0.035283
67140.00000 0.036062
67150.00000 0.036848
67160.00000 0.037623
67170.00000 0.038393
67180.00000 0.039165
67190.00000 0.039933
67200.00000 0.040694
67210.00000 0.041443
67220.00000 0.042184
67230.00000 0.042917
67240.00000 0.043643
67250.00000 0.044361
67260.00000 0.04507
67270.00000 0.04577
67280.00000 0.046465
67290.00000 0.047157
67300.00000 0.04785
67310.00000 0.048536
67320.00000 0.04922
67330.00000 0.049908
67340.00000 0.050606
67350.00000 0.051307
67360.00000 0.052009
67370.00000 0.052723
67380.00000 0.053459
67390.00000 0.054224
67400.00000 0.055009
67410.00000 0.055816
67420.00000 0.056649
67430.00000 0.057512
67440.00000 0.058409
67450.00000 0.059338
67460.00000 0.060292
67470.00000 0.061267
67480.00000 0.062259
67490.00000 0.063279
67500.00000 0.06432
67510.00000 0.06537
67520.00000 0.066419
67530.00000 0.067461
67540.00000 0.068507
67550.00000 0.069553
67560.00000 0.070596
67570.00000 0.071633
67580.00000 0.072657
67590.00000 0.073675
67600.00000 0.074695
67610.00000 0.075726
67620.00000 0.076771
67630.00000 0.077819
67640.00000 0.078877
67650.00000 0.079957
67660.00000 0.081068
67670.00000 0.08221
67680.00000 0.083377
67690.00000 0.084568
67700.00000 0.085781
67710.00000 0.087015
67720.00000 0.088267
67730.00000 0.089542
67740.00000 0.090844
67750.00000 0.092176
67760.00000 0.093527
67770.00000 0.09489
67780.00000 0.096293
67790.00000 0.097763
67800.00000 0.099323
67810.00000 0.100947
67820.00000 0.102639
67830.00000 0.104413
67840.00000 0.106288
67850.00000 0.108283
67860.00000 0.1104
67870.00000 0.112604
67880.00000 0.114861
67890.00000 0.117135
67900.00000 0.11948
67910.00000 0.12189
67920.00000 0.124302
67930.00000 0.126652
67940.00000 0.128896
67950.00000 0.13109
67960.00000 0.133226
67970.00000 0.135283
67980.00000 0.137239
67990.00000 0.139073
68000.00000 0.140798
68010.00000 0.142442
68020.00000 0.144035
68030.00000 0.145601
68040.00000 0.147101
68050.00000 0.148545
68060.00000 0.14997
68070.00000 0.151412
68080.00000 0.152886
68090.00000 0.15435
68100.00000 0.155828
68110.00000 0.157348
68120.00000 0.158938
68130.00000 0.160581
68140.00000 0.162261
68150.00000 0.16401
68160.00000 0.16586
68170.00000 0.16784
68180.00000 0.169934
68190.00000 0.172133
68200.00000 0.174432
68210.00000 0.176831
68220.00000 0.179347
68230.00000 0.182007
68240.00000 0.184756
68250.00000 0.187538
68260.00000 0.190293
68270.00000 0.193065
68280.00000 0.195875
68290.00000 0.198665
68300.00000 0.201377
68310.00000 0.20396
68320.00000 0.20645
68330.00000 0.20886
68340.00000 0.211187
68350.00000 0.213432
68360.00000 0.215586
68370.00000 0.217642
68380.00000 0.21962
68390.00000 0.221538
68400.00000 0.223417
68410.00000 0.22524
68420.00000 0.227
68430.00000 0.22872
68440.00000 0.230426
68450.00000 0.232129
68460.00000 0.233762
68470.00000 0.235366
68480.00000 0.237019
68490.00000 0.238794
68500.00000 0.240707
68510.00000 0.242653
68520.00000 0.244716
68530.00000 0.24699
68540.00000 0.249571
68550.00000 0.252484
68560.00000 0.255668
68570.00000 0.259093
68580.00000 0.26273
68590.00000 0.26656
68600.00000 0.270726
68610.00000 0.275145
68620.00000 0.279649
68630.00000 0.284068
68640.00000 0.288313
68650.00000 0.292577
68660.00000 0.296781
68670.00000 0.300806
68680.00000 0.304536
68690.00000 0.30791
68700.00000 0.311005
68710.00000 0.313871
68720.00000 0.316556
68730.00000 0.319107
68740.00000 0.321436
68750.00000 0.323554
68760.00000 0.325565
68770.00000 0.327572
68780.00000 0.329661
68790.00000 0.331746
68800.00000 0.333824
68810.00000 0.335922
68820.00000 0.33807
68830.00000 0.340289
68840.00000 0.342569
68850.00000 0.344887
68860.00000 0.347225
68870.00000 0.349561
68880.00000 0.351892
68890.00000 0.35423
68900.00000 0.356579
68910.00000 0.358942
68920.00000 0.361323
68930.00000 0.363707
68940.00000 0.3661
68950.00000 0.368519
68960.00000 0.37098
68970.00000 0.3735
68980.00000 0.37607
68990.00000 0.378684
69000.00000 0.381335
69010.00000 0.384016
69020.00000 0.386733
69030.00000 0.389504
69040.00000 0.392305
69050.00000 0.395107
69060.00000 0.397881
69070.00000 0.400636
69080.00000 0.403394
69090.00000 0.406131
69100.00000 0.408823
69110.00000 0.411444
69120.00000 0.414004
69130.00000 0.416513
69140.00000 0.418968
69150.00000 0.421366
69160.00000 0.423702
69170.00000 0.425964
69180.00000 0.428165
69190.00000 0.430323
69200.00000 0.432454
69210.00000 0.434567
69220.00000 0.436638
69230.00000 0.43868
69240.00000 0.44071
69250.00000 0.442744
69260.00000 0.44479
69270.00000 0.446838
69280.00000 0.448882
69290.00000 0.450922
69300.00000 0.452955
69310.00000 0.454991
69320.00000 0.457032
69330.00000 0.459061
69340.00000 0.461059
69350.00000 0.463009
69360.00000 0.464921
69370.00000 0.4668
69380.00000 0.468643
69390.00000 0.470446
69400.00000 0.472204
69410.00000 0.473905
69420.00000 0.475561
69430.00000 0.477193
69440.00000 0.478818
69450.00000 0.480444
69460.00000 0.482038
69470.00000 0.483621
69480.00000 0.485224
69490.00000 0.486875
69500.00000 0.488586
69510.00000 0.490331
69520.00000 0.492115
69530.00000 0.493948
69540.00000 0.495839
69550.00000 0.497804
69560.00000 0.49984
69570.00000 0.501922
69580.00000 0.504025
69590.00000 0.506123
69600.00000 0.50825
69610.00000 0.510412
69620.00000 0.512567
69630.00000 0.514673
69640.00000 0.516687
69650.00000 0.518642
69660.00000 0.520546
69670.00000 0.522382
69680.00000 0.524131
69690.00000 0.525776
69700.00000 0.52731
69710.00000 0.528753
69720.00000 0.530123
69730.00000 0.53144
69740.00000 0.532712
69750.00000 0.533901
69760.00000 0.535031
69770.00000 0.536135
69780.00000 0.537248
69790.00000 0.538388
69800.00000 0.539519
69810.00000 0.540651
69820.00000 0.541797
69830.00000 0.542972
69840.00000 0.544186
69850.00000 0.54543
69860.00000 0.546697
69870.00000 0.547979
69880.00000 0.549269
69890.00000 0.550573
69900.00000 0.551901
69910.00000 0.553237
69920.00000 0.554565
69930.00000 0.555869
69940.00000 0.557157
69950.00000 0.558437
69960.00000 0.5597
69970.00000 0.560936
69980.00000 0.562135
69990.00000 0.563299
70000.00000 0.564434
70010.00000 0.565539
70020.00000 0.566613
70030.00000 0.567654
70040.00000 0.568655
70050.00000 0.569621
70060.00000 0.570561
70070.00000 0.571488
70080.00000 0.57241
70090.00000 0.573311
70100.00000 0.574195
70110.00000 0.575074
70120.00000 0.575962
70130.00000 0.576867
70140.00000 0.577782
70150.00000 0.578704
70160.00000 0.579635
70170.00000 0.580577
70180.00000 0.581532
70190.00000 0.582507
70200.00000 0.583495
70210.00000 0.584485
70220.00000 0.585466
70230.00000 0.586431
70240.00000 0.587394
70250.00000 0.588351
70260.00000 0.589294
70270.00000 0.590213
70280.00000 0.591102
70290.00000 0.591962
70300.00000 0.592801
70310.00000 0.593625
70320.00000 0.594442
70330.00000 0.595252
70340.00000 0.596037
70350.00000 0.596813
70360.00000 0.597597
70370.00000 0.598407
70380.00000 0.59925
70390.00000 0.600107
70400.00000 0.600984
70410.00000 0.601889
70420.00000 0.602828
70430.00000 0.603812
70440.00000 0.60484
70450.00000 0.605898
70460.00000 0.606972
70470.00000 0.608048
70480.00000 0.609129
70490.00000 0.610234
70500.00000 0.611345
70510.00000 0.61244
70520.00000 0.613499
70530.00000 0.614514
70540.00000 0.615506
70550.00000 0.616471
70560.00000 0.617404
70570.00000 0.618302
70580.00000 0.619158
70590.00000 0.61997
70600.00000 0.620751
70610.00000 0.621515
70620.00000 0.622274
70630.00000 0.623026
70640.00000 0.623758
70650.00000 0.624481
70660.00000 0.625206
70670.00000 0.625945
70680.00000 0.626701
70690.00000 0.627463
70700.00000 0.628232
70710.00000 0.629012
70720.00000 0.629803
70730.00000 0.630607
70740.00000 0.631421
70750.00000 0.632245
70760.00000 0.633079
70770.00000 0.633923
70780.00000 0.634776
70790.00000 0.635637
70800.00000 0.636509
70810.00000 0.63739
70820.00000 0.638284
70830.00000 0.639189
70840.00000 0.640107
70850.00000 0.641035
70860.00000 0.641972
70870.00000 0.642918
70880.00000 0.643875
70890.00000 0.644844
70900.00000 0.645821
70910.00000 0.646802
70920.00000 0.64778
70930.00000 0.648756
70940.00000 0.649733
70950.00000 0.650711
70960.00000 0.651689
70970.00000 0.652664
70980.00000 0.653635
70990.00000 0.6546
71000.00000 0.655564
71010.00000 0.656533
71020.00000 0.657515
71030.00000 0.658507
71040.00000 0.659502
71050.00000 0.660506
71060.00000 0.661528
71070.00000 0.662577
71080.00000 0.663657
71090.00000 0.66476
71100.00000 0.665888
71110.00000 0.667038
71120.00000 0.668211
71130.00000 0.66941
71140.00000 0.670643
71150.00000 0.671899
71160.00000 0.673168
71170.00000 0.674438
71180.00000 0.675705
71190.00000 0.676987
71200.00000 0.678275
71210.00000 0.679556
71220.00000 0.680816
71230.00000 0.682045
71240.00000 0.683254
71250.00000 0.684445
71260.00000 0.685618
71270.00000 0.686773
71280.00000 0.687907
71290.00000 0.689009
71300.00000 0.690089
71310.00000 0.691162
71320.00000 0.692243
71330.00000 0.693344
71340.00000 0.694444
71350.00000 0.695546
71360.00000 0.696664
71370.00000 0.697815
71380.00000 0.699011
71390.00000 0.700248
71400.00000 0.701518
71410.00000 0.70282
71420.00000 0.70415
71430.00000 0.705508
71440.00000 0.706903
71450.00000 0.708335
71460.00000 0.709789
71470.00000 0.711253
71480.00000 0.712712
71490.00000 0.714173
71500.00000 0.715641
71510.00000 0.717115
71520.00000 0.718588
71530.00000 0.720057
71540.00000 0.721516
71550.00000 0.722966
71560.00000 0.724417
71570.00000 0.725877
71580.00000 0.727354
71590.00000 0.728849
71600.00000 0.730355
71610.00000 0.731874
71620.00000 0.733409
71630.00000 0.734965
71640.00000 0.736547
71650.00000 0.738159
71660.00000 0.739791
71670.00000 0.74143
71680.00000 0.743066
71690.00000 0.744693
71700.00000 0.746333
71710.00000 0.747974
71720.00000 0.749602
71730.00000 0.751201
71740.00000 0.752758
71750.00000 0.754289
71760.00000 0.755794
71770.00000 0.757268
71780.00000 0.758705
71790.00000 0.760099
71800.00000 0.761449
71810.00000 0.762758
71820.00000 0.764034
71830.00000 0.765283
71840.00000 0.766511
71850.00000 0.767706
71860.00000 0.768866
71870.00000 0.770006
71880.00000 0.771138
71890.00000 0.772278
71900.00000 0.773418
71910.00000 0.774545
71920.00000 0.775673
71930.00000 0.776816
71940.00000 0.777989
71950.00000 0.779194
71960.00000 0.780419
71970.00000 0.781666
71980.00000 0.782941
71990.00000 0.784247
72000.00000 0.785591
72010.00000 0.786976
72020.00000 0.788394
72030.00000 0.789832
72040.00000 0.791281
72050.00000 0.792734
72060.00000 0.794212
72070.00000 0.795708
72080.00000 0.797204
72090.00000 0.798685
72100.00000 0.800134
72110.00000 0.801567
72120.00000 0.802989
72130.00000 0.80439
72140.00000 0.805758
72150.00000 0.807085
72160.00000 0.808369
72170.00000 0.809616
72180.00000 0.810831
72190.00000 0.812014
72200.00000 0.813168
72210.00000 0.814291
72220.00000 0.815377
72230.00000 0.816434
72240.00000 0.817469
72250.00000 0.81849
72260.00000 0.819501
72270.00000 0.820491
72280.00000 0.821464
72290.00000 0.822426
72300.00000 0.823384
72310.00000 0.824344
72320.00000 0.8253
72330.00000 0.826252
72340.00000 0.827199
72350.00000 0.828142
72360.00000 0.82908
72370.00000 0.830016
72380.00000 0.830948
72390.00000 0.831875
72400.00000 0.832795
72410.00000 0.833705
72420.00000 0.834606
72430.00000 0.835501
72440.00000 0.836388
72450.00000 0.837263
72460.00000 0.838125
72470.00000 0.83897
72480.00000 0.839803
72490.00000 0.840622
72500.00000 0.841429
72510.00000 0.842221
72520.00000 0.843001
72530.00000 0.843765
72540.00000 0.844517
72550.00000 0.845255
72560.00000 0.845981
72570.00000 0.846695
72580.00000 0.847394
72590.00000 0.848078
72600.00000 0.848752
72610.00000 0.84942
72620.00000 0.850086
72630.00000 0.850752
72640.00000 0.85141
72650.00000 0.852065
72660.00000 0.852721
72670.00000 0.85338
72680.00000 0.854047
72690.00000 0.854719
72700.00000 0.855395
72710.00000 0.856072
72720.00000 0.85675
72730.00000 0.857429
72740.00000 0.858115
72750.00000 0.858806
72760.00000 0.859495
72770.00000 0.860172
72780.00000 0.860832
72790.00000 0.861477
72800.00000 0.862113
72810.00000 0.862737
72820.00000 0.863341
72830.00000 0.863923
72840.00000 0.864478
72850.00000 0.865009
72860.00000 0.865519
72870.00000 0.86601
72880.00000 0.866484
72890.00000 0.866941
72900.00000 0.867376
72910.00000 0.867791
72920.00000 0.868192
72930.00000 0.868586
72940.00000 0.868979
72950.00000 0.869367
72960.00000 0.869746
72970.00000 0.870121
72980.00000 0.870493
72990.00000 0.870865
73000.00000 0.87124
73010.00000 0.871615
73020.00000 0.871989
73030.00000 0.872362
73040.00000 0.872731
73050.00000 0.873096
73060.00000 0.873461
73070.00000 0.873824
73080.00000 0.874182
73090.00000 0.874533
73100.00000 0.874872
73110.00000 0.875202
73120.00000 0.875525
73130.00000 0.875839
73140.00000 0.876142
73150.00000 0.876432
73160.00000 0.876709
73170.00000 0.876973
73180.00000 0.877226
73190.00000 0.877467
73200.00000 0.877696
73210.00000 0.877914
73220.00000 0.87812
73230.00000 0.878314
73240.00000 0.878496
73250.00000 0.878668
73260.00000 0.878829
73270.00000 0.87898
73280.00000 0.87912
73290.00000 0.879249
73300.00000 0.879366
73310.00000 0.879473
73320.00000 0.879569
73330.00000 0.879656
73340.00000 0.879732
73350.00000 0.879796
