threeML/data/optical_filters/GTC/CanariCam-Si6.ecsv
# %ECSV 0.9
# ---
# datatype:
# - {name: wavelength, unit: Angstrom, datatype: float32}
# - {name: response, datatype: float32}
# meta: !!omap
# - {band_name: Si6}
# - {group_name: CanariCam}
wavelength response
104670.00000 0.0
116300.00000 0.004036
116310.00000 0.004076
116320.00000 0.004117
116330.00000 0.004157
116340.00000 0.004198
116350.00000 0.00424
116360.00000 0.004281
116370.00000 0.004323
116380.00000 0.004365
116390.00000 0.004407
116400.00000 0.004449
116410.00000 0.004492
116420.00000 0.004535
116430.00000 0.004579
116440.00000 0.004622
116450.00000 0.004666
116460.00000 0.00471
116470.00000 0.004755
116480.00000 0.004799
116490.00000 0.004844
116500.00000 0.004889
116510.00000 0.004935
116520.00000 0.004981
116530.00000 0.005028
116540.00000 0.005075
116550.00000 0.005123
116560.00000 0.005171
116570.00000 0.00522
116580.00000 0.005269
116590.00000 0.005318
116600.00000 0.005368
116610.00000 0.005418
116620.00000 0.005469
116630.00000 0.00552
116640.00000 0.005571
116650.00000 0.005624
116660.00000 0.005677
116670.00000 0.00573
116680.00000 0.005785
116690.00000 0.00584
116700.00000 0.005895
116710.00000 0.005951
116720.00000 0.006008
116730.00000 0.006066
116740.00000 0.006124
116750.00000 0.006182
116760.00000 0.006242
116770.00000 0.006301
116780.00000 0.006362
116790.00000 0.006423
116800.00000 0.006485
116810.00000 0.006547
116820.00000 0.00661
116830.00000 0.006674
116840.00000 0.006738
116850.00000 0.006803
116860.00000 0.006868
116870.00000 0.006935
116880.00000 0.007001
116890.00000 0.007069
116900.00000 0.007137
116910.00000 0.007205
116920.00000 0.007275
116930.00000 0.007345
116940.00000 0.007415
116950.00000 0.007487
116960.00000 0.007559
116970.00000 0.007631
116980.00000 0.007704
116990.00000 0.007778
117000.00000 0.007853
117010.00000 0.007928
117020.00000 0.008003
117030.00000 0.00808
117040.00000 0.008157
117050.00000 0.008235
117060.00000 0.008314
117070.00000 0.008393
117080.00000 0.008474
117090.00000 0.008555
117100.00000 0.008637
117110.00000 0.00872
117120.00000 0.008804
117130.00000 0.008889
117140.00000 0.008974
117150.00000 0.00906
117160.00000 0.009147
117170.00000 0.009234
117180.00000 0.009323
117190.00000 0.009413
117200.00000 0.009503
117210.00000 0.009595
117220.00000 0.009688
117230.00000 0.009782
117240.00000 0.009877
117250.00000 0.009973
117260.00000 0.010069
117270.00000 0.010167
117280.00000 0.010265
117290.00000 0.010365
117300.00000 0.010465
117310.00000 0.010567
117320.00000 0.01067
117330.00000 0.010774
117340.00000 0.010879
117350.00000 0.010986
117360.00000 0.011094
117370.00000 0.011203
117380.00000 0.011314
117390.00000 0.011426
117400.00000 0.011539
117410.00000 0.011654
117420.00000 0.01177
117430.00000 0.011887
117440.00000 0.012005
117450.00000 0.012124
117460.00000 0.012245
117470.00000 0.012367
117480.00000 0.01249
117490.00000 0.012614
117500.00000 0.01274
117510.00000 0.012867
117520.00000 0.012995
117530.00000 0.013124
117540.00000 0.013254
117550.00000 0.013386
117560.00000 0.013518
117570.00000 0.013652
117580.00000 0.013787
117590.00000 0.013923
117600.00000 0.014061
117610.00000 0.0142
117620.00000 0.014341
117630.00000 0.014484
117640.00000 0.014628
117650.00000 0.014773
117660.00000 0.01492
117670.00000 0.015069
117680.00000 0.015219
117690.00000 0.01537
117700.00000 0.015523
117710.00000 0.015678
117720.00000 0.015833
117730.00000 0.015991
117740.00000 0.016149
117750.00000 0.016309
117760.00000 0.016471
117770.00000 0.016634
117780.00000 0.016799
117790.00000 0.016965
117800.00000 0.017132
117810.00000 0.0173
117820.00000 0.017469
117830.00000 0.01764
117840.00000 0.017812
117850.00000 0.017985
117860.00000 0.01816
117870.00000 0.018337
117880.00000 0.018516
117890.00000 0.018697
117900.00000 0.018881
117910.00000 0.019066
117920.00000 0.019254
117930.00000 0.019445
117940.00000 0.019637
117950.00000 0.019832
117960.00000 0.020029
117970.00000 0.020227
117980.00000 0.020428
117990.00000 0.02063
118000.00000 0.020835
118010.00000 0.021042
118020.00000 0.021251
118030.00000 0.021462
118040.00000 0.021675
118050.00000 0.02189
118060.00000 0.022108
118070.00000 0.022327
118080.00000 0.022548
118090.00000 0.022771
118100.00000 0.022995
118110.00000 0.023221
118120.00000 0.023449
118130.00000 0.023679
118140.00000 0.023912
118150.00000 0.024148
118160.00000 0.024386
118170.00000 0.024627
118180.00000 0.024872
118190.00000 0.02512
118200.00000 0.025372
118210.00000 0.025627
118220.00000 0.025885
118230.00000 0.026147
118240.00000 0.026411
118250.00000 0.026678
118260.00000 0.026949
118270.00000 0.027222
118280.00000 0.027498
118290.00000 0.027778
118300.00000 0.02806
118310.00000 0.028344
118320.00000 0.028632
118330.00000 0.028923
118340.00000 0.029216
118350.00000 0.029512
118360.00000 0.029809
118370.00000 0.030109
118380.00000 0.030411
118390.00000 0.030716
118400.00000 0.031024
118410.00000 0.031334
118420.00000 0.031648
118430.00000 0.031966
118440.00000 0.032288
118450.00000 0.032613
118460.00000 0.032944
118470.00000 0.033279
118480.00000 0.033618
118490.00000 0.033963
118500.00000 0.034312
118510.00000 0.034665
118520.00000 0.035023
118530.00000 0.035384
118540.00000 0.035749
118550.00000 0.036119
118560.00000 0.036492
118570.00000 0.03687
118580.00000 0.037251
118590.00000 0.037637
118600.00000 0.038026
118610.00000 0.038419
118620.00000 0.038816
118630.00000 0.039217
118640.00000 0.03962
118650.00000 0.040026
118660.00000 0.040435
118670.00000 0.040847
118680.00000 0.041264
118690.00000 0.041684
118700.00000 0.04211
118710.00000 0.04254
118720.00000 0.042976
118730.00000 0.043417
118740.00000 0.043865
118750.00000 0.044319
118760.00000 0.04478
118770.00000 0.045249
118780.00000 0.045723
118790.00000 0.046202
118800.00000 0.046687
118810.00000 0.047178
118820.00000 0.047674
118830.00000 0.048177
118840.00000 0.048684
118850.00000 0.049198
118860.00000 0.049717
118870.00000 0.050242
118880.00000 0.050773
118890.00000 0.05131
118900.00000 0.051853
118910.00000 0.052401
118920.00000 0.052954
118930.00000 0.053511
118940.00000 0.054072
118950.00000 0.054638
118960.00000 0.05521
118970.00000 0.055788
118980.00000 0.056373
118990.00000 0.056965
119000.00000 0.057564
119010.00000 0.058172
119020.00000 0.058788
119030.00000 0.059413
119040.00000 0.060048
119050.00000 0.060693
119060.00000 0.061347
119070.00000 0.062008
119080.00000 0.062677
119090.00000 0.063354
119100.00000 0.064039
119110.00000 0.064733
119120.00000 0.065434
119130.00000 0.066144
119140.00000 0.066863
119150.00000 0.06759
119160.00000 0.068326
119170.00000 0.069071
119180.00000 0.069825
119190.00000 0.070589
119200.00000 0.07136
119210.00000 0.072138
119220.00000 0.072922
119230.00000 0.073715
119240.00000 0.074516
119250.00000 0.075326
119260.00000 0.076145
119270.00000 0.076974
119280.00000 0.077814
119290.00000 0.078664
119300.00000 0.079527
119310.00000 0.080401
119320.00000 0.081288
119330.00000 0.082189
119340.00000 0.083102
119350.00000 0.084026
119360.00000 0.08496
119370.00000 0.085905
119380.00000 0.086861
119390.00000 0.087829
119400.00000 0.088808
119410.00000 0.089799
119420.00000 0.090801
119430.00000 0.091816
119440.00000 0.092843
119450.00000 0.093882
119460.00000 0.094933
119470.00000 0.095998
119480.00000 0.097075
119490.00000 0.098162
119500.00000 0.09926
119510.00000 0.100368
119520.00000 0.101488
119530.00000 0.102621
119540.00000 0.103765
119550.00000 0.104923
119560.00000 0.106094
119570.00000 0.107279
119580.00000 0.108478
119590.00000 0.109693
119600.00000 0.110922
119610.00000 0.112167
119620.00000 0.113429
119630.00000 0.114705
119640.00000 0.115994
119650.00000 0.117297
119660.00000 0.118614
119670.00000 0.119945
119680.00000 0.12129
119690.00000 0.12265
119700.00000 0.124025
119710.00000 0.125415
119720.00000 0.126821
119730.00000 0.128242
119740.00000 0.129678
119750.00000 0.131131
119760.00000 0.132601
119770.00000 0.134085
119780.00000 0.135583
119790.00000 0.137095
119800.00000 0.138621
119810.00000 0.140163
119820.00000 0.14172
119830.00000 0.143292
119840.00000 0.144881
119850.00000 0.146487
119860.00000 0.14811
119870.00000 0.149751
119880.00000 0.15141
119890.00000 0.153088
119900.00000 0.154784
119910.00000 0.156499
119920.00000 0.158231
119930.00000 0.159979
119940.00000 0.161743
119950.00000 0.163524
119960.00000 0.165323
119970.00000 0.167139
119980.00000 0.168974
119990.00000 0.170827
120000.00000 0.172698
120010.00000 0.174589
120020.00000 0.1765
120030.00000 0.17843
120040.00000 0.180381
120050.00000 0.182352
120060.00000 0.184341
120070.00000 0.186348
120080.00000 0.188373
120090.00000 0.190416
120100.00000 0.192478
120110.00000 0.194559
120120.00000 0.19666
120130.00000 0.198781
120140.00000 0.200923
120150.00000 0.203086
120160.00000 0.205271
120170.00000 0.207478
120180.00000 0.209708
120190.00000 0.21196
120200.00000 0.214235
120210.00000 0.21653
120220.00000 0.218845
120230.00000 0.22118
120240.00000 0.223536
120250.00000 0.225914
120260.00000 0.228313
120270.00000 0.230734
120280.00000 0.233178
120290.00000 0.235644
120300.00000 0.238134
120310.00000 0.240647
120320.00000 0.243184
120330.00000 0.245746
120340.00000 0.248333
120350.00000 0.250942
120360.00000 0.253573
120370.00000 0.256227
120380.00000 0.258904
120390.00000 0.261603
120400.00000 0.264326
120410.00000 0.267072
120420.00000 0.269841
120430.00000 0.272635
120440.00000 0.275453
120450.00000 0.278296
120460.00000 0.281163
120470.00000 0.284055
120480.00000 0.286972
120490.00000 0.289914
120500.00000 0.292881
120510.00000 0.295872
120520.00000 0.298887
120530.00000 0.301927
120540.00000 0.304991
120550.00000 0.308079
120560.00000 0.311191
120570.00000 0.314327
120580.00000 0.317487
120590.00000 0.32067
120600.00000 0.323878
120610.00000 0.327109
120620.00000 0.330364
120630.00000 0.333642
120640.00000 0.336947
120650.00000 0.340276
120660.00000 0.343631
120670.00000 0.347011
120680.00000 0.350415
120690.00000 0.353842
120700.00000 0.357292
120710.00000 0.360764
120720.00000 0.364259
120730.00000 0.367775
120740.00000 0.371311
120750.00000 0.374868
120760.00000 0.378444
120770.00000 0.382039
120780.00000 0.385655
120790.00000 0.389296
120800.00000 0.392963
120810.00000 0.396652
120820.00000 0.400364
120830.00000 0.404097
120840.00000 0.40785
120850.00000 0.411622
120860.00000 0.415411
120870.00000 0.419217
120880.00000 0.423038
120890.00000 0.426873
120900.00000 0.430721
120910.00000 0.434581
120920.00000 0.438451
120930.00000 0.442339
120940.00000 0.44625
120950.00000 0.450182
120960.00000 0.454132
120970.00000 0.458098
120980.00000 0.462079
120990.00000 0.466073
121000.00000 0.470078
121010.00000 0.474092
121020.00000 0.478112
121030.00000 0.482138
121040.00000 0.486166
121050.00000 0.490195
121060.00000 0.494224
121070.00000 0.498252
121080.00000 0.502293
121090.00000 0.50635
121100.00000 0.510418
121110.00000 0.514496
121120.00000 0.51858
121130.00000 0.522668
121140.00000 0.526758
121150.00000 0.530846
121160.00000 0.534931
121170.00000 0.53901
121180.00000 0.543079
121190.00000 0.547137
121200.00000 0.55118
121210.00000 0.555207
121220.00000 0.559222
121230.00000 0.563242
121240.00000 0.567263
121250.00000 0.571283
121260.00000 0.575299
121270.00000 0.579309
121280.00000 0.583308
121290.00000 0.587295
121300.00000 0.591267
121310.00000 0.59522
121320.00000 0.599151
121330.00000 0.603059
121340.00000 0.60694
121350.00000 0.610791
121360.00000 0.614609
121370.00000 0.618408
121380.00000 0.622195
121390.00000 0.625967
121400.00000 0.629723
121410.00000 0.633461
121420.00000 0.637176
121430.00000 0.640868
121440.00000 0.644532
121450.00000 0.648168
121460.00000 0.651772
121470.00000 0.655343
121480.00000 0.658876
121490.00000 0.662371
121500.00000 0.665824
121510.00000 0.669234
121520.00000 0.672613
121530.00000 0.675965
121540.00000 0.679288
121550.00000 0.68258
121560.00000 0.685839
121570.00000 0.689065
121580.00000 0.692255
121590.00000 0.695408
121600.00000 0.698522
121610.00000 0.701597
121620.00000 0.704629
121630.00000 0.707618
121640.00000 0.710562
121650.00000 0.71346
121660.00000 0.716311
121670.00000 0.719123
121680.00000 0.721896
121690.00000 0.724629
121700.00000 0.727322
121710.00000 0.729975
121720.00000 0.732586
121730.00000 0.735156
121740.00000 0.737683
121750.00000 0.740168
121760.00000 0.742609
121770.00000 0.745006
121780.00000 0.747359
121790.00000 0.749667
121800.00000 0.751929
121810.00000 0.754146
121820.00000 0.756317
121830.00000 0.758444
121840.00000 0.760527
121850.00000 0.762566
121860.00000 0.764561
121870.00000 0.766514
121880.00000 0.768424
121890.00000 0.770292
121900.00000 0.772117
121910.00000 0.773901
121920.00000 0.775644
121930.00000 0.777346
121940.00000 0.779008
121950.00000 0.78063
121960.00000 0.78221
121970.00000 0.783745
121980.00000 0.785237
121990.00000 0.786685
122000.00000 0.788092
122010.00000 0.789457
122020.00000 0.790782
122030.00000 0.792067
122040.00000 0.793313
122050.00000 0.794521
122060.00000 0.795692
122070.00000 0.796826
122080.00000 0.797924
122090.00000 0.798988
122100.00000 0.800017
122110.00000 0.801009
122120.00000 0.801958
122130.00000 0.802868
122140.00000 0.803737
122150.00000 0.804569
122160.00000 0.805364
122170.00000 0.806122
122180.00000 0.806846
122190.00000 0.807536
122200.00000 0.808194
122210.00000 0.808821
122220.00000 0.809417
122230.00000 0.809985
122240.00000 0.810525
122250.00000 0.811038
122260.00000 0.81152
122270.00000 0.811966
122280.00000 0.812378
122290.00000 0.812756
122300.00000 0.813102
122310.00000 0.813417
122320.00000 0.813702
122330.00000 0.813959
122340.00000 0.814188
122350.00000 0.81439
122360.00000 0.814567
122370.00000 0.814719
122380.00000 0.814848
122390.00000 0.814955
122400.00000 0.815041
122410.00000 0.8151
122420.00000 0.815129
122430.00000 0.815128
122440.00000 0.815099
122450.00000 0.815043
122460.00000 0.814962
122470.00000 0.814857
122480.00000 0.81473
122490.00000 0.814581
122500.00000 0.814412
122510.00000 0.814225
122520.00000 0.814021
122530.00000 0.813801
122540.00000 0.813567
122550.00000 0.813319
122560.00000 0.813052
122570.00000 0.812763
122580.00000 0.812452
122590.00000 0.81212
122600.00000 0.811769
122610.00000 0.811399
122620.00000 0.811011
122630.00000 0.810608
122640.00000 0.810189
122650.00000 0.809756
122660.00000 0.809311
122670.00000 0.808853
122680.00000 0.808384
122690.00000 0.807905
122700.00000 0.807418
122710.00000 0.806917
122720.00000 0.806398
122730.00000 0.805862
122740.00000 0.80531
122750.00000 0.804744
122760.00000 0.804166
122770.00000 0.803575
122780.00000 0.802974
122790.00000 0.802364
122800.00000 0.801745
122810.00000 0.80112
122820.00000 0.80049
122830.00000 0.799854
122840.00000 0.799216
122850.00000 0.798576
122860.00000 0.79793
122870.00000 0.797275
122880.00000 0.79661
122890.00000 0.795938
122900.00000 0.795257
122910.00000 0.79457
122920.00000 0.793877
122930.00000 0.793178
122940.00000 0.792475
122950.00000 0.791767
122960.00000 0.791057
122970.00000 0.790344
122980.00000 0.78963
122990.00000 0.788915
123000.00000 0.788199
123010.00000 0.787481
123020.00000 0.786756
123030.00000 0.786026
123040.00000 0.78529
123050.00000 0.784551
123060.00000 0.783808
123070.00000 0.783063
123080.00000 0.782316
123090.00000 0.781569
123100.00000 0.780822
123110.00000 0.780077
123120.00000 0.779333
123130.00000 0.778592
123140.00000 0.777855
123150.00000 0.777122
123160.00000 0.776393
123170.00000 0.775665
123180.00000 0.774936
123190.00000 0.774209
123200.00000 0.773482
123210.00000 0.772756
123220.00000 0.772032
123230.00000 0.77131
123240.00000 0.77059
123250.00000 0.769872
123260.00000 0.769157
123270.00000 0.768445
123280.00000 0.767736
123290.00000 0.767031
123300.00000 0.76633
123310.00000 0.765632
123320.00000 0.764936
123330.00000 0.76424
123340.00000 0.763547
123350.00000 0.762855
123360.00000 0.762166
123370.00000 0.761479
123380.00000 0.760797
123390.00000 0.760118
123400.00000 0.759444
123410.00000 0.758775
123420.00000 0.758111
123430.00000 0.757453
123440.00000 0.756802
123450.00000 0.756158
123460.00000 0.75552
123470.00000 0.754889
123480.00000 0.754263
123490.00000 0.753642
123500.00000 0.753027
123510.00000 0.752417
123520.00000 0.751812
123530.00000 0.751212
123540.00000 0.750618
123550.00000 0.750028
123560.00000 0.749444
123570.00000 0.748865
123580.00000 0.748291
123590.00000 0.747722
