threeML/data/optical_filters/GTC/CanariCam-Q1.ecsv
# %ECSV 0.9
# ---
# datatype:
# - {name: wavelength, unit: Angstrom, datatype: float32}
# - {name: response, datatype: float32}
# meta: !!omap
# - {band_name: Q1}
# - {group_name: CanariCam}
wavelength response
[from data line 1462]
180350.00000 0.525642
180360.00000 0.524382
180370.00000 0.523115
180380.00000 0.521842
180390.00000 0.520562
180400.00000 0.519276
180410.00000 0.517984
180420.00000 0.516686
180430.00000 0.515382
180440.00000 0.514073
180450.00000 0.512758
180460.00000 0.511438
180470.00000 0.510113
180480.00000 0.508784
180490.00000 0.507449
180500.00000 0.50611
180510.00000 0.504767
180520.00000 0.503417
180530.00000 0.502061
180540.00000 0.5007
180550.00000 0.499333
180560.00000 0.49796
180570.00000 0.496582
180580.00000 0.4952
180590.00000 0.493812
180600.00000 0.49242
180610.00000 0.491024
180620.00000 0.489624
180630.00000 0.488221
180640.00000 0.486814
180650.00000 0.485403
180660.00000 0.483989
180670.00000 0.482573
180680.00000 0.481152
180690.00000 0.479727
180700.00000 0.478298
180710.00000 0.476864
180720.00000 0.475426
180730.00000 0.473984
180740.00000 0.472538
180750.00000 0.471089
180760.00000 0.469637
180770.00000 0.468181
180780.00000 0.466722
180790.00000 0.46526
180800.00000 0.463796
180810.00000 0.462329
180820.00000 0.46086
180830.00000 0.459388
180840.00000 0.457914
180850.00000 0.456436
180860.00000 0.454954
180870.00000 0.45347
180880.00000 0.451981
180890.00000 0.45049
180900.00000 0.448996
180910.00000 0.4475
180920.00000 0.446001
180930.00000 0.444499
180940.00000 0.442996
180950.00000 0.44149
180960.00000 0.439983
180970.00000 0.438474
180980.00000 0.436964
180990.00000 0.435453
181000.00000 0.43394
181010.00000 0.432426
181020.00000 0.43091
181030.00000 0.429392
181040.00000 0.427873
181050.00000 0.426351
181060.00000 0.424828
181070.00000 0.423302
181080.00000 0.421775
181090.00000 0.420245
181100.00000 0.418714
181110.00000 0.417181
181120.00000 0.415646
181130.00000 0.414108
181140.00000 0.412569
181150.00000 0.411028
181160.00000 0.409484
181170.00000 0.407939
181180.00000 0.406393
181190.00000 0.404845
181200.00000 0.403296
181210.00000 0.401745
181220.00000 0.400191
181230.00000 0.398636
181240.00000 0.397079
181250.00000 0.395519
181260.00000 0.393957
181270.00000 0.392392
181280.00000 0.390824
181290.00000 0.389253
181300.00000 0.387679
181310.00000 0.386102
181320.00000 0.384522
181330.00000 0.382938
181340.00000 0.381351
181350.00000 0.379762
181360.00000 0.37817
181370.00000 0.376574
181380.00000 0.374977
181390.00000 0.373376
181400.00000 0.371773
181410.00000 0.370166
181420.00000 0.368557
181430.00000 0.366946
181440.00000 0.365331
181450.00000 0.363714
181460.00000 0.362094
181470.00000 0.360472
181480.00000 0.358846
181490.00000 0.357218
181500.00000 0.355585
181510.00000 0.353947
181520.00000 0.352305
181530.00000 0.350659
181540.00000 0.349009
181550.00000 0.347357
181560.00000 0.345702
181570.00000 0.344045
181580.00000 0.342387
181590.00000 0.340728
181600.00000 0.339069
181610.00000 0.33741
181620.00000 0.335752
181630.00000 0.334095
181640.00000 0.332439
181650.00000 0.330787
181660.00000 0.329135
181670.00000 0.32748
181680.00000 0.325822
181690.00000 0.324162
181700.00000 0.3225
181710.00000 0.320838
181720.00000 0.319177
181730.00000 0.317516
181740.00000 0.315858
181750.00000 0.314202
181760.00000 0.312549
181770.00000 0.310901
181780.00000 0.309258
181790.00000 0.307621
181800.00000 0.30599
181810.00000 0.304367
181820.00000 0.302752
181830.00000 0.301142
181840.00000 0.299534
181850.00000 0.297928
181860.00000 0.296326
181870.00000 0.294729
181880.00000 0.293135
181890.00000 0.291546
181900.00000 0.289963
181910.00000 0.288385
181920.00000 0.286814
181930.00000 0.285249
181940.00000 0.283692
181950.00000 0.282142
181960.00000 0.2806
181970.00000 0.279067
181980.00000 0.277543
181990.00000 0.276028
182000.00000 0.274521
182010.00000 0.273021
182020.00000 0.271529
182030.00000 0.270044
182040.00000 0.268566
182050.00000 0.267095
182060.00000 0.265631
182070.00000 0.264174
182080.00000 0.262723
182090.00000 0.26128
182100.00000 0.259843
182110.00000 0.258412
182120.00000 0.256988
182130.00000 0.25557
182140.00000 0.254157
182150.00000 0.252752
182160.00000 0.251353
182170.00000 0.249962
182180.00000 0.248578
182190.00000 0.247201
182200.00000 0.245832
182210.00000 0.244469
182220.00000 0.243112
182230.00000 0.241761
182240.00000 0.240417
182250.00000 0.239077
182260.00000 0.237743
182270.00000 0.236413
182280.00000 0.235089
182290.00000 0.233768
182300.00000 0.232452
182310.00000 0.231139
182320.00000 0.22983
182330.00000 0.228526
182340.00000 0.227227
182350.00000 0.225934
182360.00000 0.224646
182370.00000 0.223362
182380.00000 0.222084
182390.00000 0.22081
182400.00000 0.219541
182410.00000 0.218276
182420.00000 0.217016
182430.00000 0.215761
182440.00000 0.214509
182450.00000 0.213261
182460.00000 0.212018
182470.00000 0.210778
182480.00000 0.209542
182490.00000 0.20831
182500.00000 0.207082
182510.00000 0.205857
182520.00000 0.204637
182530.00000 0.203421
182540.00000 0.202209
182550.00000 0.201001
182560.00000 0.199798
182570.00000 0.198599
182580.00000 0.197404
182590.00000 0.196214
182600.00000 0.195028
182610.00000 0.193847
182620.00000 0.192671
182630.00000 0.191499
182640.00000 0.190332
182650.00000 0.18917
182660.00000 0.188012
182670.00000 0.186859
182680.00000 0.185711
182690.00000 0.184567
182700.00000 0.183428
182710.00000 0.182293
182720.00000 0.181163
182730.00000 0.180037
182740.00000 0.178915
182750.00000 0.177799
182760.00000 0.176686
182770.00000 0.175579
182780.00000 0.174475
182790.00000 0.173377
182800.00000 0.172282
182810.00000 0.171193
182820.00000 0.170107
182830.00000 0.169027
182840.00000 0.167951
182850.00000 0.166879
182860.00000 0.165812
182870.00000 0.16475
182880.00000 0.163692
182890.00000 0.162638
182900.00000 0.161589
182910.00000 0.160544
182920.00000 0.159504
182930.00000 0.158468
182940.00000 0.157437
182950.00000 0.15641
182960.00000 0.155387
182970.00000 0.154368
182980.00000 0.153353
182990.00000 0.152343
183000.00000 0.151337
183010.00000 0.150335
183020.00000 0.149337
183030.00000 0.148344
183040.00000 0.147355
183050.00000 0.14637
183060.00000 0.14539
183070.00000 0.144414
183080.00000 0.143442
183090.00000 0.142475
183100.00000 0.141512
183110.00000 0.140553
183120.00000 0.139599
183130.00000 0.13865
183140.00000 0.137705
183150.00000 0.136764
183160.00000 0.135828
183170.00000 0.134894
183180.00000 0.133965
183190.00000 0.133039
183200.00000 0.132118
183210.00000 0.131201
183220.00000 0.130288
183230.00000 0.12938
183240.00000 0.128477
183250.00000 0.127578
183260.00000 0.126686
183270.00000 0.125798
183280.00000 0.124917
183290.00000 0.124041
183300.00000 0.123171
183310.00000 0.122308
183320.00000 0.121451
183330.00000 0.120599
183340.00000 0.119753
183350.00000 0.118911
183360.00000 0.118074
183370.00000 0.117243
183380.00000 0.116418
183390.00000 0.115598
183400.00000 0.114783
183410.00000 0.113975
183420.00000 0.113172
183430.00000 0.112376
183440.00000 0.111586
183450.00000 0.110802
183460.00000 0.110024
183470.00000 0.109253
183480.00000 0.108489
183490.00000 0.107732
183500.00000 0.106981
183510.00000 0.106236
183520.00000 0.105498
183530.00000 0.104765
183540.00000 0.104039
183550.00000 0.103319
183560.00000 0.102606
183570.00000 0.101898
183580.00000 0.101197
183590.00000 0.100502
183600.00000 0.099813
183610.00000 0.09913
183620.00000 0.098453
183630.00000 0.097783
183640.00000 0.097119
183650.00000 0.096461
183660.00000 0.095809
183670.00000 0.095165
183680.00000 0.094528
183690.00000 0.093897
183700.00000 0.093274
183710.00000 0.092657
183720.00000 0.092046
183730.00000 0.091441
183740.00000 0.090842
183750.00000 0.090248
183760.00000 0.08966
183770.00000 0.089076
183780.00000 0.088497
183790.00000 0.087922
183800.00000 0.087352
183810.00000 0.086785
183820.00000 0.086222
183830.00000 0.085663
183840.00000 0.08511
183850.00000 0.084562
183860.00000 0.084019
183870.00000 0.083481
183880.00000 0.082948
183890.00000 0.08242
183900.00000 0.081896
183910.00000 0.081377
183920.00000 0.080862
183930.00000 0.080351
183940.00000 0.079843
183950.00000 0.079339
183960.00000 0.078839
183970.00000 0.078342
183980.00000 0.077848
183990.00000 0.077357
184000.00000 0.076869
184010.00000 0.076386
184020.00000 0.075907
184030.00000 0.075433
184040.00000 0.074962
184050.00000 0.074496
184060.00000 0.074033
184070.00000 0.073573
184080.00000 0.073117
184090.00000 0.072664
184100.00000 0.072214
184110.00000 0.071766
184120.00000 0.071321
184130.00000 0.070878
184140.00000 0.070438
184150.00000 0.069999
184160.00000 0.069562
184170.00000 0.069128
184180.00000 0.068695
184190.00000 0.068266
184200.00000 0.067839
184210.00000 0.067415
184220.00000 0.066993
184230.00000 0.066574
184240.00000 0.066158
184250.00000 0.065744
184260.00000 0.065333
184270.00000 0.064924
184280.00000 0.064517
184290.00000 0.064113
184300.00000 0.063712
184310.00000 0.063312
184320.00000 0.062916
184330.00000 0.062521
184340.00000 0.062129
184350.00000 0.06174
184360.00000 0.061353
184370.00000 0.060969
184380.00000 0.060588
184390.00000 0.060209
184400.00000 0.059833
184410.00000 0.059459
184420.00000 0.059087
184430.00000 0.058717
184440.00000 0.05835
184450.00000 0.057984
184460.00000 0.057621
184470.00000 0.05726
184480.00000 0.0569
184490.00000 0.056542
184500.00000 0.056186
184510.00000 0.055831
184520.00000 0.055479
184530.00000 0.055127
184540.00000 0.054778
184550.00000 0.05443
184560.00000 0.054085
184570.00000 0.053741
184580.00000 0.053399
184590.00000 0.05306
184600.00000 0.052723
184610.00000 0.052388
184620.00000 0.052056
184630.00000 0.051726
184640.00000 0.051399
184650.00000 0.051075
184660.00000 0.050754
184670.00000 0.050435
184680.00000 0.050119
184690.00000 0.049806
184700.00000 0.049496
184710.00000 0.049188
184720.00000 0.048882
184730.00000 0.048579
184740.00000 0.048279
184750.00000 0.047981
184760.00000 0.047686
184770.00000 0.047393
184780.00000 0.047102
184790.00000 0.046813
184800.00000 0.046527
184810.00000 0.046243
184820.00000 0.045962
184830.00000 0.045683
184840.00000 0.045405
184850.00000 0.04513
184860.00000 0.044858
184870.00000 0.044588
184880.00000 0.04432
184890.00000 0.044055
184900.00000 0.043792
184910.00000 0.043531
184920.00000 0.043273
184930.00000 0.043016
184940.00000 0.042762
184950.00000 0.042511
184960.00000 0.042261
184970.00000 0.042013
184980.00000 0.041768
184990.00000 0.041524
185000.00000 0.041283
185010.00000 0.041043
185020.00000 0.040806
185030.00000 0.040571
185040.00000 0.040339
185050.00000 0.04011
185060.00000 0.039884
185070.00000 0.039659
185080.00000 0.039437
185090.00000 0.039217
185100.00000 0.038998
185110.00000 0.038781
185120.00000 0.038566
185130.00000 0.038352
185140.00000 0.038138
185150.00000 0.037926
185160.00000 0.037715
185170.00000 0.037504
185180.00000 0.037293
185190.00000 0.037083
185200.00000 0.036874
185210.00000 0.036666
185220.00000 0.03646
185230.00000 0.036255
185240.00000 0.036051
185250.00000 0.035849
185260.00000 0.035647
185270.00000 0.035446
185280.00000 0.035247
185290.00000 0.035048
185300.00000 0.03485
185310.00000 0.034653
185320.00000 0.034456
185330.00000 0.03426
185340.00000 0.034065
185350.00000 0.03387
185360.00000 0.033676
185370.00000 0.033483
185380.00000 0.03329
185390.00000 0.033099
185400.00000 0.032908
185410.00000 0.032718
185420.00000 0.032529
185430.00000 0.03234
185440.00000 0.032153
185450.00000 0.031966
185460.00000 0.031779
185470.00000 0.031593
185480.00000 0.031408
185490.00000 0.031224
185500.00000 0.03104
185510.00000 0.030856
185520.00000 0.030673
185530.00000 0.03049
185540.00000 0.030308
185550.00000 0.030126
185560.00000 0.029944
185570.00000 0.029762
185580.00000 0.029581
185590.00000 0.029401
185600.00000 0.029221
185610.00000 0.029042
185620.00000 0.028864
185630.00000 0.028686
185640.00000 0.02851
185650.00000 0.028334
185660.00000 0.028159
185670.00000 0.027985
185680.00000 0.027813
185690.00000 0.027641
185700.00000 0.027471
185710.00000 0.027302
185720.00000 0.027134
185730.00000 0.026968
185740.00000 0.026802
185750.00000 0.026637
185760.00000 0.026473
185770.00000 0.02631
185780.00000 0.026148
185790.00000 0.025987
185800.00000 0.025827
185810.00000 0.025667
185820.00000 0.025509
185830.00000 0.025351
185840.00000 0.025194
185850.00000 0.025037
185860.00000 0.024882
185870.00000 0.024727
185880.00000 0.024573
185890.00000 0.024419
185900.00000 0.024267
185910.00000 0.024116
185920.00000 0.023966
185930.00000 0.023816
185940.00000 0.023667
185950.00000 0.023519
185960.00000 0.023372
185970.00000 0.023225
185980.00000 0.023079
185990.00000 0.022934
186000.00000 0.022789
186010.00000 0.022644
186020.00000 0.0225
186030.00000 0.022356
186040.00000 0.022213
186050.00000 0.022069
186060.00000 0.021927
186070.00000 0.021785
186080.00000 0.021644
186090.00000 0.021503
186100.00000 0.021364
186110.00000 0.021224
186120.00000 0.021085
186130.00000 0.020947
186140.00000 0.020809
186150.00000 0.020671
186160.00000 0.020533
186170.00000 0.020396
186180.00000 0.020258
186190.00000 0.020121
186200.00000 0.019984
186210.00000 0.019846
186220.00000 0.019708
186230.00000 0.019571
186240.00000 0.019432
186250.00000 0.019294
186260.00000 0.019156
186270.00000 0.019018
186280.00000 0.01888
186290.00000 0.018742
186300.00000 0.018605
186310.00000 0.018468
186320.00000 0.01833
186330.00000 0.018194
186340.00000 0.018058
186350.00000 0.017922
186360.00000 0.017787
186370.00000 0.017652
186380.00000 0.017518
186390.00000 0.017385
186400.00000 0.017252
186410.00000 0.01712
186420.00000 0.016987
186430.00000 0.016854
186440.00000 0.016722
186450.00000 0.01659
186460.00000 0.016458
186470.00000 0.016327
186480.00000 0.016197
186490.00000 0.016067
186500.00000 0.015938
186510.00000 0.015811
186520.00000 0.015684
186530.00000 0.015559
186540.00000 0.015435
186550.00000 0.015312
186560.00000 0.015191
186570.00000 0.015072
186580.00000 0.014953
186590.00000 0.014836
186600.00000 0.014719
186610.00000 0.014603
186620.00000 0.014488
186630.00000 0.014374
186640.00000 0.014261
186650.00000 0.014149
186660.00000 0.014039
186670.00000 0.01393
186680.00000 0.013823
186690.00000 0.013717
186700.00000 0.013613
186710.00000 0.01351
186720.00000 0.01341
186730.00000 0.013311
186740.00000 0.013214
186750.00000 0.013119
186760.00000 0.013026
186770.00000 0.012935
186780.00000 0.012846
186790.00000 0.012758
186800.00000 0.012671
186810.00000 0.012587
186820.00000 0.012503
186830.00000 0.012422
186840.00000 0.012342
186850.00000 0.012263
186860.00000 0.012185
186870.00000 0.012109
186880.00000 0.012035
186890.00000 0.011961
186900.00000 0.011889
186910.00000 0.011818
186920.00000 0.011748
186930.00000 0.011681
186940.00000 0.011615
186950.00000 0.01155
186960.00000 0.011488
186970.00000 0.011427
186980.00000 0.011367
186990.00000 0.011309
187000.00000 0.011252
187010.00000 0.011196
187020.00000 0.011141
187030.00000 0.011087
187040.00000 0.011033
187050.00000 0.01098
187060.00000 0.010927
187070.00000 0.010875
187080.00000 0.010822
187090.00000 0.01077
187100.00000 0.010718
187110.00000 0.010668
187120.00000 0.010618
187130.00000 0.01057
187140.00000 0.010522
187150.00000 0.010475
187160.00000 0.010429
187170.00000 0.010383
187180.00000 0.010338
187190.00000 0.010293
187200.00000 0.010248
187210.00000 0.010203
187220.00000 0.010158
187230.00000 0.010113
187240.00000 0.010067
187250.00000 0.010022
187260.00000 0.009975
187270.00000 0.009928
187280.00000 0.009881
187290.00000 0.009835
187300.00000 0.009788
187310.00000 0.009741
187320.00000 0.009694
187330.00000 0.009647
187340.00000 0.0096
187350.00000 0.009553
187360.00000 0.009506
187370.00000 0.009459
187380.00000 0.009412
187390.00000 0.009365
187400.00000 0.009317
187410.00000 0.009269
187420.00000 0.009221
187430.00000 0.009173
187440.00000 0.009124
187450.00000 0.009075
187460.00000 0.009025
187470.00000 0.008975
187480.00000 0.008925
187490.00000 0.008875
187500.00000 0.008824
187510.00000 0.008773
187520.00000 0.008722
187530.00000 0.008671
187540.00000 0.00862
187550.00000 0.008569
187560.00000 0.008518
187570.00000 0.008467
187580.00000 0.008416
187590.00000 0.008366
187600.00000 0.008316
187610.00000 0.008266
187620.00000 0.008217
187630.00000 0.008167
187640.00000 0.008118
