threeML/data/optical_filters/GTC/CanariCam-Si6.ecsv
# %ECSV 0.9
# ---
# datatype:
# - {name: wavelength, unit: Angstrom, datatype: float32}
# - {name: response, datatype: float32}
# meta: !!omap
# - {band_name: Si6}
# - {group_name: CanariCam}
wavelength response
[from data line 732]
123610.00000 0.7466
123620.00000 0.746046
123630.00000 0.745496
123640.00000 0.744951
123650.00000 0.74441
123660.00000 0.743874
123670.00000 0.743344
123680.00000 0.742818
123690.00000 0.742298
123700.00000 0.741784
123710.00000 0.741277
123720.00000 0.740775
123730.00000 0.74028
123740.00000 0.739791
123750.00000 0.739309
123760.00000 0.738835
123770.00000 0.738367
123780.00000 0.737907
123790.00000 0.737453
123800.00000 0.737005
123810.00000 0.736564
123820.00000 0.736129
123830.00000 0.735701
123840.00000 0.735278
123850.00000 0.734862
123860.00000 0.734451
123870.00000 0.734046
123880.00000 0.733646
123890.00000 0.733252
123900.00000 0.732863
123910.00000 0.732479
123920.00000 0.7321
123930.00000 0.731726
123940.00000 0.731358
123950.00000 0.730994
123960.00000 0.730637
123970.00000 0.730284
123980.00000 0.729937
123990.00000 0.729596
124000.00000 0.729261
124010.00000 0.728932
124020.00000 0.728609
124030.00000 0.728292
124040.00000 0.727981
124050.00000 0.727677
124060.00000 0.727379
124070.00000 0.727088
124080.00000 0.726804
124090.00000 0.726526
124100.00000 0.726255
124110.00000 0.725991
124120.00000 0.725732
124130.00000 0.72548
124140.00000 0.725234
124150.00000 0.724994
124160.00000 0.724759
124170.00000 0.72453
124180.00000 0.724307
124190.00000 0.724089
124200.00000 0.723876
124210.00000 0.723669
124220.00000 0.723466
124230.00000 0.723268
124240.00000 0.723076
124250.00000 0.722889
124260.00000 0.722708
124270.00000 0.722533
124280.00000 0.722362
124290.00000 0.722198
124300.00000 0.722038
124310.00000 0.721884
124320.00000 0.721735
124330.00000 0.721592
124340.00000 0.721454
124350.00000 0.721321
124360.00000 0.721194
124370.00000 0.721071
124380.00000 0.720954
124390.00000 0.720843
124400.00000 0.720739
124410.00000 0.72064
124420.00000 0.720547
124430.00000 0.720459
124440.00000 0.720377
124450.00000 0.7203
124460.00000 0.720227
124470.00000 0.72016
124480.00000 0.720096
124490.00000 0.720037
124500.00000 0.719981
124510.00000 0.719929
124520.00000 0.719881
124530.00000 0.719836
124540.00000 0.719794
124550.00000 0.719757
124560.00000 0.719725
124570.00000 0.719697
124580.00000 0.719674
124590.00000 0.719655
124600.00000 0.719639
124610.00000 0.719628
124620.00000 0.71962
124630.00000 0.719615
124640.00000 0.719614
124650.00000 0.719616
124660.00000 0.71962
124670.00000 0.719627
124680.00000 0.719636
124690.00000 0.719647
124700.00000 0.719662
124710.00000 0.719682
124720.00000 0.719705
124730.00000 0.719732
124740.00000 0.719762
124750.00000 0.719795
124760.00000 0.719831
124770.00000 0.719869
124780.00000 0.71991
124790.00000 0.719952
124800.00000 0.719996
124810.00000 0.720041
124820.00000 0.720087
124830.00000 0.720133
124840.00000 0.72018
124850.00000 0.720228
124860.00000 0.720278
124870.00000 0.72033
124880.00000 0.720385
124890.00000 0.720441
124900.00000 0.720499
124910.00000 0.720559
124920.00000 0.720619
124930.00000 0.72068
124940.00000 0.720742
124950.00000 0.720804
124960.00000 0.720866
124970.00000 0.720928
124980.00000 0.720989
124990.00000 0.721049
125000.00000 0.721108
125010.00000 0.721167
125020.00000 0.721228
125030.00000 0.721289
125040.00000 0.721352
125050.00000 0.721414
125060.00000 0.721477
125070.00000 0.72154
125080.00000 0.721602
125090.00000 0.721663
125100.00000 0.721723
125110.00000 0.721781
125120.00000 0.721838
125130.00000 0.721892
125140.00000 0.721944
125150.00000 0.721993
125160.00000 0.722039
125170.00000 0.722085
125180.00000 0.72213
125190.00000 0.722175
125200.00000 0.722218
125210.00000 0.72226
125220.00000 0.722301
125230.00000 0.722339
125240.00000 0.722375
125250.00000 0.722408
125260.00000 0.722438
125270.00000 0.722465
125280.00000 0.722488
125290.00000 0.722507
125300.00000 0.722522
125310.00000 0.722531
125320.00000 0.722537
125330.00000 0.72254
125340.00000 0.722542
125350.00000 0.722541
125360.00000 0.722537
125370.00000 0.72253
125380.00000 0.72252
125390.00000 0.722505
125400.00000 0.722486
125410.00000 0.722463
125420.00000 0.722434
125430.00000 0.7224
125440.00000 0.72236
125450.00000 0.722313
125460.00000 0.72226
125470.00000 0.7222
125480.00000 0.722135
125490.00000 0.722066
125500.00000 0.721993
125510.00000 0.721916
125520.00000 0.721834
125530.00000 0.721747
125540.00000 0.721655
125550.00000 0.721556
125560.00000 0.72145
125570.00000 0.721337
125580.00000 0.721217
125590.00000 0.721089
125600.00000 0.720952
125610.00000 0.720806
125620.00000 0.720651
125630.00000 0.720486
125640.00000 0.720315
125650.00000 0.720137
125660.00000 0.719954
125670.00000 0.719763
125680.00000 0.719565
125690.00000 0.71936
125700.00000 0.719146
125710.00000 0.718923
125720.00000 0.718692
125730.00000 0.71845
125740.00000 0.718199
125750.00000 0.717937
125760.00000 0.717664
125770.00000 0.717379
125780.00000 0.717082
125790.00000 0.716773
125800.00000 0.716455
125810.00000 0.716129
125820.00000 0.715795
125830.00000 0.715451
125840.00000 0.715098
125850.00000 0.714734
125860.00000 0.714359
125870.00000 0.713973
125880.00000 0.713575
125890.00000 0.713164
125900.00000 0.712741
125910.00000 0.712303
125920.00000 0.711852
125930.00000 0.711386
125940.00000 0.710905
125950.00000 0.710408
125960.00000 0.7099
125970.00000 0.709381
125980.00000 0.708851
125990.00000 0.708307
126000.00000 0.707752
126010.00000 0.707182
126020.00000 0.7066
126030.00000 0.706003
126040.00000 0.705392
126050.00000 0.704765
126060.00000 0.704123
126070.00000 0.703465
126080.00000 0.70279
126090.00000 0.702099
126100.00000 0.70139
126110.00000 0.700664
126120.00000 0.699924
126130.00000 0.699171
126140.00000 0.698403
126150.00000 0.69762
126160.00000 0.696823
126170.00000 0.696009
126180.00000 0.69518
126190.00000 0.694334
126200.00000 0.693471
126210.00000 0.692591
126220.00000 0.691693
126230.00000 0.690776
126240.00000 0.689841
126250.00000 0.688887
126260.00000 0.687914
126270.00000 0.686922
126280.00000 0.685913
126290.00000 0.684887
126300.00000 0.683844
126310.00000 0.682784
126320.00000 0.681706
126330.00000 0.680611
126340.00000 0.679498
126350.00000 0.678366
126360.00000 0.677216
126370.00000 0.676047
126380.00000 0.674859
126390.00000 0.673652
126400.00000 0.672425
126410.00000 0.671179
126420.00000 0.669913
126430.00000 0.668628
126440.00000 0.667324
126450.00000 0.666001
126460.00000 0.66466
126470.00000 0.663301
126480.00000 0.661923
126490.00000 0.660526
126500.00000 0.65911
126510.00000 0.657674
126520.00000 0.65622
126530.00000 0.654745
126540.00000 0.653252
126550.00000 0.651738
126560.00000 0.650205
126570.00000 0.648652
126580.00000 0.647079
126590.00000 0.645485
126600.00000 0.643872
126610.00000 0.642238
126620.00000 0.640585
126630.00000 0.638913
126640.00000 0.63722
126650.00000 0.635509
126660.00000 0.633778
126670.00000 0.632028
126680.00000 0.630258
126690.00000 0.62847
126700.00000 0.626663
126710.00000 0.624837
126720.00000 0.622993
126730.00000 0.62113
126740.00000 0.619248
126750.00000 0.617348
126760.00000 0.615427
126770.00000 0.613487
126780.00000 0.611527
126790.00000 0.609549
126800.00000 0.60755
126810.00000 0.605534
126820.00000 0.603499
126830.00000 0.601446
126840.00000 0.599375
126850.00000 0.597286
126860.00000 0.595181
126870.00000 0.593058
126880.00000 0.590918
126890.00000 0.588763
126900.00000 0.586591
126910.00000 0.584402
126920.00000 0.582193
126930.00000 0.579966
126940.00000 0.577719
126950.00000 0.575454
126960.00000 0.573172
126970.00000 0.570872
126980.00000 0.568556
126990.00000 0.566225
127000.00000 0.563878
127010.00000 0.561516
127020.00000 0.55914
127030.00000 0.556751
127040.00000 0.554349
127050.00000 0.551934
127060.00000 0.549508
127070.00000 0.54707
127080.00000 0.544615
127090.00000 0.542142
127100.00000 0.539654
127110.00000 0.53715
127120.00000 0.534632
127130.00000 0.5321
127140.00000 0.529555
127150.00000 0.526997
127160.00000 0.524428
127170.00000 0.521848
127180.00000 0.519258
127190.00000 0.516658
127200.00000 0.51405
127210.00000 0.511435
127220.00000 0.508812
127230.00000 0.506183
127240.00000 0.50354
127250.00000 0.500885
127260.00000 0.498216
127270.00000 0.495536
127280.00000 0.492844
127290.00000 0.490143
127300.00000 0.487433
127310.00000 0.484716
127320.00000 0.481991
127330.00000 0.47926
127340.00000 0.476524
127350.00000 0.473784
127360.00000 0.471041
127370.00000 0.468295
127380.00000 0.465549
127390.00000 0.462802
127400.00000 0.460049
127410.00000 0.457287
127420.00000 0.454518
127430.00000 0.451741
127440.00000 0.44896
127450.00000 0.446173
127460.00000 0.443382
127470.00000 0.440588
127480.00000 0.437792
127490.00000 0.434996
127500.00000 0.432199
127510.00000 0.429403
127520.00000 0.426609
127530.00000 0.423817
127540.00000 0.421029
127550.00000 0.418246
127560.00000 0.415464
127570.00000 0.412679
127580.00000 0.409891
127590.00000 0.407101
127600.00000 0.40431
127610.00000 0.40152
127620.00000 0.39873
127630.00000 0.395942
127640.00000 0.393157
127650.00000 0.390376
127660.00000 0.387599
127670.00000 0.384828
127680.00000 0.382064
127690.00000 0.379307
127700.00000 0.376558
127710.00000 0.373819
127720.00000 0.371088
127730.00000 0.36836
127740.00000 0.365634
127750.00000 0.362912
127760.00000 0.360194
127770.00000 0.357481
127780.00000 0.354774
127790.00000 0.352073
127800.00000 0.349379
127810.00000 0.346693
127820.00000 0.344016
127830.00000 0.341348
127840.00000 0.33869
127850.00000 0.336043
127860.00000 0.333407
127870.00000 0.330784
127880.00000 0.328173
127890.00000 0.325571
127900.00000 0.322976
127910.00000 0.320389
127920.00000 0.31781
127930.00000 0.31524
127940.00000 0.31268
127950.00000 0.310129
127960.00000 0.307589
127970.00000 0.30506
127980.00000 0.302543
127990.00000 0.300037
128000.00000 0.297545
128010.00000 0.295066
128020.00000 0.2926
128030.00000 0.29015
128040.00000 0.287714
128050.00000 0.285291
128060.00000 0.28288
128070.00000 0.28048
128080.00000 0.278091
128090.00000 0.275715
128100.00000 0.273351
128110.00000 0.271
128120.00000 0.268661
128130.00000 0.266336
128140.00000 0.264024
128150.00000 0.261727
128160.00000 0.259443
128170.00000 0.257173
128180.00000 0.254919
128190.00000 0.252679
128200.00000 0.250455
128210.00000 0.248246
128220.00000 0.24605
128230.00000 0.243869
128240.00000 0.241701
128250.00000 0.239547
128260.00000 0.237407
128270.00000 0.235282
128280.00000 0.23317
128290.00000 0.231072
128300.00000 0.228989
128310.00000 0.226921
128320.00000 0.224866
128330.00000 0.222827
128340.00000 0.220802
128350.00000 0.218792
128360.00000 0.216797
128370.00000 0.214817
128380.00000 0.212852
128390.00000 0.210901
128400.00000 0.208966
128410.00000 0.207045
128420.00000 0.205138
128430.00000 0.203246
128440.00000 0.201369
128450.00000 0.199506
128460.00000 0.197658
128470.00000 0.195823
128480.00000 0.194003
128490.00000 0.192197
128500.00000 0.190405
128510.00000 0.188627
128520.00000 0.186863
128530.00000 0.185112
128540.00000 0.183376
128550.00000 0.181654
128560.00000 0.179948
128570.00000 0.178255
128580.00000 0.176577
128590.00000 0.174913
128600.00000 0.173264
128610.00000 0.171628
128620.00000 0.170006
128630.00000 0.168397
128640.00000 0.166802
128650.00000 0.16522
128660.00000 0.163651
128670.00000 0.162095
128680.00000 0.160552
128690.00000 0.159021
128700.00000 0.157503
128710.00000 0.155997
128720.00000 0.154506
128730.00000 0.153028
128740.00000 0.151565
128750.00000 0.150114
128760.00000 0.148677
128770.00000 0.147252
128780.00000 0.14584
128790.00000 0.144441
128800.00000 0.143055
128810.00000 0.14168
128820.00000 0.140317
128830.00000 0.138966
128840.00000 0.137627
128850.00000 0.136299
128860.00000 0.134982
128870.00000 0.133676
128880.00000 0.132383
128890.00000 0.131102
128900.00000 0.129834
128910.00000 0.128579
128920.00000 0.127336
128930.00000 0.126104
128940.00000 0.124884
128950.00000 0.123676
128960.00000 0.122479
128970.00000 0.121293
128980.00000 0.120117
128990.00000 0.118952
129000.00000 0.117798
129010.00000 0.116653
129020.00000 0.115518
129030.00000 0.114393
129040.00000 0.113278
129050.00000 0.112175
129060.00000 0.111083
129070.00000 0.110002
129080.00000 0.108932
129090.00000 0.107873
129100.00000 0.106824
129110.00000 0.105786
129120.00000 0.104758
129130.00000 0.103739
129140.00000 0.10273
129150.00000 0.101731
129160.00000 0.10074
129170.00000 0.099759
129180.00000 0.098786
129190.00000 0.097821
129200.00000 0.096866
129210.00000 0.095919
129220.00000 0.094983
129230.00000 0.094056
129240.00000 0.09314
129250.00000 0.092233
129260.00000 0.091335
129270.00000 0.090447
129280.00000 0.089567
129290.00000 0.088696
129300.00000 0.087834
129310.00000 0.08698
129320.00000 0.086134
129330.00000 0.085295
129340.00000 0.084465
129350.00000 0.083641
129360.00000 0.082825
129370.00000 0.082016
129380.00000 0.081216
129390.00000 0.080424
129400.00000 0.079641
129410.00000 0.078867
129420.00000 0.078101
129430.00000 0.077343
129440.00000 0.076592
129450.00000 0.075849
129460.00000 0.075114
129470.00000 0.074386
129480.00000 0.073665
129490.00000 0.07295
129500.00000 0.072242
129510.00000 0.071541
129520.00000 0.070846
129530.00000 0.070156
129540.00000 0.069473
129550.00000 0.068797
129560.00000 0.068129
129570.00000 0.067468
129580.00000 0.066814
129590.00000 0.066167
129600.00000 0.065527
129610.00000 0.064893
129620.00000 0.064266
129630.00000 0.063645
129640.00000 0.063031
129650.00000 0.062422
129660.00000 0.061819
129670.00000 0.061222
129680.00000 0.060629
129690.00000 0.060043
129700.00000 0.059461
129710.00000 0.058885
129720.00000 0.058316
129730.00000 0.057753
129740.00000 0.057196
129750.00000 0.056645
129760.00000 0.056101
129770.00000 0.055562
129780.00000 0.055028
129790.00000 0.054501
129800.00000 0.053978
129810.00000 0.053461
129820.00000 0.052948
129830.00000 0.05244
129840.00000 0.051937
129850.00000 0.051439
129860.00000 0.050944
129870.00000 0.050454
129880.00000 0.049969
129890.00000 0.049489
129900.00000 0.049014
129910.00000 0.048544
129920.00000 0.048079
129930.00000 0.04762
129940.00000 0.047165
129950.00000 0.046715
129960.00000 0.046269
129970.00000 0.045828
129980.00000 0.045391
129990.00000 0.044959
130000.00000 0.044531
130010.00000 0.044107
130020.00000 0.043687
130030.00000 0.043271
130040.00000 0.042859
130050.00000 0.042452
130060.00000 0.042049
130070.00000 0.041651
130080.00000 0.041258
130090.00000 0.040869
130100.00000 0.040484
130110.00000 0.040104
130120.00000 0.039728
130130.00000 0.039356
130140.00000 0.038988
130150.00000 0.038623
130160.00000 0.038262
130170.00000 0.037904
130180.00000 0.037549
130190.00000 0.037198
130200.00000 0.03685
130210.00000 0.036504
130220.00000 0.036162
130230.00000 0.035824
130240.00000 0.03549
130250.00000 0.035159
130260.00000 0.034832
130270.00000 0.034509
130280.00000 0.034189
130290.00000 0.033872
130300.00000 0.033559
130310.00000 0.033249
130320.00000 0.032942
130330.00000 0.032638
130340.00000 0.032337
130350.00000 0.032039
130360.00000 0.031745
130370.00000 0.031453
130380.00000 0.031163
130390.00000 0.030877
130400.00000 0.030595
130410.00000 0.030317
130420.00000 0.030042
130430.00000 0.02977
130440.00000 0.029501
130450.00000 0.029236
130460.00000 0.028973
130470.00000 0.028713
130480.00000 0.028456
130490.00000 0.028201
130500.00000 0.027948
130510.00000 0.027698
130520.00000 0.027449
130530.00000 0.027202
130540.00000 0.026957
130550.00000 0.026714
130560.00000 0.026473
130570.00000 0.026234
130580.00000 0.025998
130590.00000 0.025764
130600.00000 0.025533
130610.00000 0.025303
130620.00000 0.025076
130630.00000 0.024852
130640.00000 0.024629
130650.00000 0.024409
130660.00000 0.02419
130670.00000 0.023973
130680.00000 0.023759
130690.00000 0.023546
130700.00000 0.023335
130710.00000 0.023126
130720.00000 0.022919
130730.00000 0.022714
130740.00000 0.022511
130750.00000 0.022311
130760.00000 0.022113
130770.00000 0.021917
130780.00000 0.021723
130790.00000 0.021531
130800.00000 0.021341
130810.00000 0.021153
130820.00000 0.020966
130830.00000 0.020781
130840.00000 0.020597
130850.00000 0.020415
130860.00000 0.020233
130870.00000 0.020053
130880.00000 0.019874
130890.00000 0.019696
130900.00000 0.019519
