threeML/data/optical_filters/GTC/CanariCam-Si5.ecsv
# %ECSV 0.9
# ---
# datatype:
# - {name: wavelength, unit: Angstrom, datatype: float32}
# - {name: response, datatype: float32}
# meta: !!omap
# - {band_name: Si5}
# - {group_name: CanariCam}
wavelength response
[from data line 1463]
120300.00000 0.331302
120310.00000 0.32848
120320.00000 0.32567
120330.00000 0.32287
120340.00000 0.320083
120350.00000 0.317308
120360.00000 0.314546
120370.00000 0.311798
120380.00000 0.309064
120390.00000 0.306345
120400.00000 0.303641
120410.00000 0.300954
120420.00000 0.298282
120430.00000 0.295628
120440.00000 0.292992
120450.00000 0.290374
120460.00000 0.287774
120470.00000 0.285194
120480.00000 0.282634
120490.00000 0.280092
120500.00000 0.277565
120510.00000 0.275052
120520.00000 0.272553
120530.00000 0.270069
120540.00000 0.267599
120550.00000 0.265144
120560.00000 0.262703
120570.00000 0.260278
120580.00000 0.257867
120590.00000 0.255471
120600.00000 0.25309
120610.00000 0.250725
120620.00000 0.248374
120630.00000 0.246039
120640.00000 0.24372
120650.00000 0.241415
120660.00000 0.239127
120670.00000 0.236854
120680.00000 0.234596
120690.00000 0.232355
120700.00000 0.23013
120710.00000 0.22792
120720.00000 0.225727
120730.00000 0.223549
120740.00000 0.221389
120750.00000 0.219244
120760.00000 0.217116
120770.00000 0.215004
120780.00000 0.212909
120790.00000 0.21083
120800.00000 0.208769
120810.00000 0.206723
120820.00000 0.204694
120830.00000 0.202681
120840.00000 0.200685
120850.00000 0.198704
120860.00000 0.196739
120870.00000 0.19479
120880.00000 0.192857
120890.00000 0.190939
120900.00000 0.189037
120910.00000 0.18715
120920.00000 0.185278
120930.00000 0.183421
120940.00000 0.181579
120950.00000 0.179751
120960.00000 0.177939
120970.00000 0.176141
120980.00000 0.174358
120990.00000 0.172589
121000.00000 0.170834
121010.00000 0.169093
121020.00000 0.167367
121030.00000 0.165654
121040.00000 0.163955
121050.00000 0.162269
121060.00000 0.160598
121070.00000 0.158939
121080.00000 0.157297
121090.00000 0.15567
121100.00000 0.154058
121110.00000 0.152461
121120.00000 0.15088
121130.00000 0.149313
121140.00000 0.147762
121150.00000 0.146225
121160.00000 0.144703
121170.00000 0.143195
121180.00000 0.141702
121190.00000 0.140222
121200.00000 0.138757
121210.00000 0.137305
121220.00000 0.135867
121230.00000 0.134442
121240.00000 0.133031
121250.00000 0.131633
121260.00000 0.130249
121270.00000 0.128877
121280.00000 0.127518
121290.00000 0.126171
121300.00000 0.124838
121310.00000 0.123516
121320.00000 0.122207
121330.00000 0.12091
121340.00000 0.119625
121350.00000 0.118352
121360.00000 0.11709
121370.00000 0.115842
121380.00000 0.114609
121390.00000 0.11339
121400.00000 0.112186
121410.00000 0.110996
121420.00000 0.10982
121430.00000 0.108657
121440.00000 0.107508
121450.00000 0.106372
121460.00000 0.105249
121470.00000 0.104139
121480.00000 0.103042
121490.00000 0.101957
121500.00000 0.100883
121510.00000 0.099822
121520.00000 0.098772
121530.00000 0.097734
121540.00000 0.096707
121550.00000 0.09569
121560.00000 0.094685
121570.00000 0.093689
121580.00000 0.092705
121590.00000 0.09173
121600.00000 0.090764
121610.00000 0.089808
121620.00000 0.088862
121630.00000 0.087925
121640.00000 0.086996
121650.00000 0.086076
121660.00000 0.085166
121670.00000 0.084268
121680.00000 0.083382
121690.00000 0.08251
121700.00000 0.08165
121710.00000 0.080802
121720.00000 0.079966
121730.00000 0.079141
121740.00000 0.078327
121750.00000 0.077524
121760.00000 0.076732
121770.00000 0.07595
121780.00000 0.075177
121790.00000 0.074415
121800.00000 0.073662
121810.00000 0.072918
121820.00000 0.072182
121830.00000 0.071455
121840.00000 0.070736
121850.00000 0.070025
121860.00000 0.069322
121870.00000 0.068625
121880.00000 0.067936
121890.00000 0.067254
121900.00000 0.066577
121910.00000 0.065907
121920.00000 0.065243
121930.00000 0.064584
121940.00000 0.06393
121950.00000 0.063281
121960.00000 0.062639
121970.00000 0.062007
121980.00000 0.061384
121990.00000 0.06077
122000.00000 0.060165
122010.00000 0.059569
122020.00000 0.058981
122030.00000 0.058402
122040.00000 0.05783
122050.00000 0.057267
122060.00000 0.05671
122070.00000 0.056161
122080.00000 0.055619
122090.00000 0.055083
122100.00000 0.054554
122110.00000 0.054031
122120.00000 0.053514
122130.00000 0.053002
122140.00000 0.052496
122150.00000 0.051995
122160.00000 0.051498
122170.00000 0.051007
122180.00000 0.05052
122190.00000 0.050036
122200.00000 0.049557
122210.00000 0.049081
122220.00000 0.048609
122230.00000 0.04814
122240.00000 0.047673
122250.00000 0.047209
122260.00000 0.04675
122270.00000 0.046297
122280.00000 0.04585
122290.00000 0.045409
122300.00000 0.044974
122310.00000 0.044544
122320.00000 0.04412
122330.00000 0.043701
122340.00000 0.043288
122350.00000 0.042879
122360.00000 0.042475
122370.00000 0.042076
122380.00000 0.041681
122390.00000 0.041291
122400.00000 0.040904
122410.00000 0.040522
122420.00000 0.040144
122430.00000 0.039769
122440.00000 0.039398
122450.00000 0.03903
122460.00000 0.038665
122470.00000 0.038304
122480.00000 0.037945
122490.00000 0.037589
122500.00000 0.037235
122510.00000 0.036885
122520.00000 0.036536
122530.00000 0.036189
122540.00000 0.035845
122550.00000 0.035502
122560.00000 0.035162
122570.00000 0.034826
122580.00000 0.034494
122590.00000 0.034165
122600.00000 0.03384
122610.00000 0.033518
122620.00000 0.033201
122630.00000 0.032886
122640.00000 0.032575
122650.00000 0.032267
122660.00000 0.031962
122670.00000 0.03166
122680.00000 0.031362
122690.00000 0.031066
122700.00000 0.030773
122710.00000 0.030483
122720.00000 0.030196
122730.00000 0.029912
122740.00000 0.02963
122750.00000 0.029351
122760.00000 0.029074
122770.00000 0.0288
122780.00000 0.028528
122790.00000 0.028259
122800.00000 0.027991
122810.00000 0.027726
122820.00000 0.027463
122830.00000 0.027202
122840.00000 0.026943
122850.00000 0.026686
122860.00000 0.026431
122870.00000 0.026179
122880.00000 0.02593
122890.00000 0.025684
122900.00000 0.025441
122910.00000 0.0252
122920.00000 0.024962
122930.00000 0.024727
122940.00000 0.024495
122950.00000 0.024264
122960.00000 0.024037
122970.00000 0.023811
122980.00000 0.023589
122990.00000 0.023368
123000.00000 0.02315
123010.00000 0.022934
123020.00000 0.02272
123030.00000 0.022509
123040.00000 0.022299
123050.00000 0.022092
123060.00000 0.021886
123070.00000 0.021683
123080.00000 0.021481
123090.00000 0.021282
123100.00000 0.021084
123110.00000 0.020888
123120.00000 0.020693
123130.00000 0.020501
123140.00000 0.020309
123150.00000 0.02012
123160.00000 0.019932
123170.00000 0.019747
123180.00000 0.019564
123190.00000 0.019384
123200.00000 0.019207
123210.00000 0.019031
123220.00000 0.018858
123230.00000 0.018687
123240.00000 0.018518
123250.00000 0.018351
123260.00000 0.018186
123270.00000 0.018023
123280.00000 0.017862
123290.00000 0.017703
123300.00000 0.017546
123310.00000 0.01739
123320.00000 0.017236
123330.00000 0.017083
123340.00000 0.016932
123350.00000 0.016783
123360.00000 0.016634
123370.00000 0.016487
123380.00000 0.016342
123390.00000 0.016197
123400.00000 0.016054
123410.00000 0.015912
123420.00000 0.01577
123430.00000 0.01563
123440.00000 0.01549
123450.00000 0.015351
123460.00000 0.015213
123470.00000 0.015077
123480.00000 0.014942
123490.00000 0.014809
123500.00000 0.014678
123510.00000 0.014548
123520.00000 0.014419
123530.00000 0.014292
123540.00000 0.014167
123550.00000 0.014043
123560.00000 0.01392
123570.00000 0.013799
123580.00000 0.013678
123590.00000 0.01356
123600.00000 0.013442
123610.00000 0.013325
123620.00000 0.01321
123630.00000 0.013095
123640.00000 0.012982
123650.00000 0.01287
123660.00000 0.012758
123670.00000 0.012648
123680.00000 0.012538
123690.00000 0.012429
123700.00000 0.012322
123710.00000 0.012214
123720.00000 0.012108
123730.00000 0.012002
123740.00000 0.011896
123750.00000 0.011792
123760.00000 0.011687
123770.00000 0.011584
123780.00000 0.011481
123790.00000 0.01138
123800.00000 0.011279
123810.00000 0.011179
123820.00000 0.011081
123830.00000 0.010983
123840.00000 0.010886
123850.00000 0.01079
123860.00000 0.010695
123870.00000 0.010601
123880.00000 0.010507
123890.00000 0.010415
123900.00000 0.010324
123910.00000 0.010233
123920.00000 0.010143
123930.00000 0.010054
123940.00000 0.009966
123950.00000 0.009879
123960.00000 0.009792
123970.00000 0.009706
123980.00000 0.009622
123990.00000 0.009538
124000.00000 0.009454
124010.00000 0.009372
124020.00000 0.00929
124030.00000 0.009209
124040.00000 0.009129
124050.00000 0.009049
124060.00000 0.00897
124070.00000 0.008892
124080.00000 0.008815
124090.00000 0.008739
124100.00000 0.008664
124110.00000 0.008589
124120.00000 0.008516
124130.00000 0.008443
124140.00000 0.008372
124150.00000 0.008301
124160.00000 0.008231
124170.00000 0.008162
124180.00000 0.008093
124190.00000 0.008026
124200.00000 0.007959
124210.00000 0.007893
124220.00000 0.007828
124230.00000 0.007763
124240.00000 0.007699
124250.00000 0.007636
124260.00000 0.007573
124270.00000 0.007511
124280.00000 0.00745
124290.00000 0.007389
124300.00000 0.007328
124310.00000 0.007269
124320.00000 0.007209
124330.00000 0.007151
124340.00000 0.007092
124350.00000 0.007035
124360.00000 0.006977
124370.00000 0.00692
124380.00000 0.006864
124390.00000 0.006808
124400.00000 0.006753
124410.00000 0.006699
124420.00000 0.006646
124430.00000 0.006593
124440.00000 0.006541
124450.00000 0.00649
124460.00000 0.00644
124470.00000 0.00639
124480.00000 0.006341
124490.00000 0.006292
124500.00000 0.006244
124510.00000 0.006197
124520.00000 0.00615
124530.00000 0.006103
124540.00000 0.006057
124550.00000 0.006012
124560.00000 0.005966
124570.00000 0.005921
124580.00000 0.005877
124590.00000 0.005833
124600.00000 0.005789
124610.00000 0.005745
124620.00000 0.005702
124630.00000 0.005658
124640.00000 0.005615
124650.00000 0.005572
124660.00000 0.005529
124670.00000 0.005486
124680.00000 0.005444
124690.00000 0.005401
124700.00000 0.005358
124710.00000 0.005316
124720.00000 0.005274
124730.00000 0.005233
124740.00000 0.005191
124750.00000 0.005151
124760.00000 0.00511
124770.00000 0.00507
124780.00000 0.00503
124790.00000 0.00499
124800.00000 0.00495
124810.00000 0.004911
124820.00000 0.004872
124830.00000 0.004834
124840.00000 0.004795
124850.00000 0.004757
124860.00000 0.004719
124870.00000 0.004682
124880.00000 0.004645
124890.00000 0.004608
124900.00000 0.004571
124910.00000 0.004535
124920.00000 0.004498
124930.00000 0.004462
124940.00000 0.004427
124950.00000 0.004391
124960.00000 0.004356
124970.00000 0.004321
124980.00000 0.004286
124990.00000 0.004252
125000.00000 0.004218
125010.00000 0.004184
125020.00000 0.00415
125030.00000 0.004117
125040.00000 0.004084
125050.00000 0.004051
125060.00000 0.004018
137566.00000 0.0
