threeML/data/optical_filters/GTC/OSIRIS-F819.ecsv
# %ECSV 0.9
# ---
# datatype:
# - {name: wavelength, unit: Angstrom, datatype: float32}
# - {name: response, datatype: float32}
# meta: !!omap
# - {band_name: F819}
# - {group_name: OSIRIS}
wavelength response
6894.00000 0.0
7660.00000 0.009321
7670.00000 0.009122
7680.00000 0.009198
7690.00000 0.00922
7700.00000 0.009658
7710.00000 0.009752
7720.00000 0.009578
7730.00000 0.009777
7740.00000 0.009965
7750.00000 0.010099
7760.00000 0.010775
7770.00000 0.011309
7780.00000 0.01237
7790.00000 0.014344
7800.00000 0.017048
7810.00000 0.022834
7820.00000 0.030613
7830.00000 0.04377
7840.00000 0.061478
7850.00000 0.088293
7860.00000 0.127321
7870.00000 0.18147
7880.00000 0.247068
7890.00000 0.33481
7900.00000 0.429688
7910.00000 0.533649
7920.00000 0.626725
7930.00000 0.704792
7940.00000 0.764228
7950.00000 0.809216
7960.00000 0.844336
7970.00000 0.867322
7980.00000 0.885502
7990.00000 0.898755
8000.00000 0.905833
8010.00000 0.911987
8020.00000 0.915683
8030.00000 0.919423
8040.00000 0.922289
8050.00000 0.922813
8060.00000 0.923276
8070.00000 0.922944
8080.00000 0.924216
8090.00000 0.927257
8100.00000 0.928634
8110.00000 0.929266
8120.00000 0.92984
8130.00000 0.931311
8140.00000 0.933632
8150.00000 0.936994
8160.00000 0.939421
8170.00000 0.940963
8180.00000 0.943585
8190.00000 0.946119
8200.00000 0.947802
8210.00000 0.950459
8220.00000 0.953039
8230.00000 0.955638
8240.00000 0.955638
8250.00000 0.953747
8260.00000 0.953618
8270.00000 0.953532
8280.00000 0.949767
8290.00000 0.945996
8300.00000 0.943203
8310.00000 0.942218
8320.00000 0.94211
8330.00000 0.943044
8340.00000 0.94403
8350.00000 0.944134
8360.00000 0.94781
8370.00000 0.949674
8380.00000 0.946927
8390.00000 0.941395
8400.00000 0.931291
8410.00000 0.911214
8420.00000 0.882902
8430.00000 0.842251
8440.00000 0.787097
8450.00000 0.706244
8460.00000 0.600458
8470.00000 0.474429
8480.00000 0.348998
8490.00000 0.241742
8500.00000 0.157014
8510.00000 0.100541
8520.00000 0.062478
8530.00000 0.038596
8540.00000 0.025134
8550.00000 0.019432
8560.00000 0.015942
8570.00000 0.013653
8580.00000 0.012797
8590.00000 0.0124
8600.00000 0.012036
8610.00000 0.012267
8620.00000 0.01205
8630.00000 0.011527
8640.00000 0.011976
8650.00000 0.011567
8660.00000 0.011618
8670.00000 0.011783
8680.00000 0.01161
8690.00000 0.011427
8700.00000 0.011334
9570.00000 0.0
