threeML/data/optical_filters/GTC/OSIRIS-sdss_g.ecsv
# %ECSV 0.9
# ---
# datatype:
# - {name: wavelength, unit: Angstrom, datatype: float32}
# - {name: response, datatype: float32}
# meta: !!omap
# - {band_name: sdss_g}
# - {group_name: OSIRIS}
wavelength response
3420.00000 0.0
3800.00000 0.012039
3810.00000 0.024791
3820.00000 0.007698
3830.00000 0.0156
3840.00000 0.012872
3850.00000 0.00451
3860.00000 0.000535
3870.00000 0.009773
3880.00000 0.020824
3890.00000 0.013686
3900.00000 0.015594
3910.00000 0.0063
3920.00000 0.013754
3930.00000 0.015697
3940.00000 0.014343
3950.00000 0.026067
3960.00000 0.052115
3970.00000 0.069951
3980.00000 0.101252
3990.00000 0.145162
4000.00000 0.202681
4010.00000 0.221653
4020.00000 0.272173
4030.00000 0.353016
4040.00000 0.392407
4050.00000 0.414343
4060.00000 0.462659
4070.00000 0.491652
4080.00000 0.491716
4090.00000 0.512632
4100.00000 0.55501
4110.00000 0.5634
4120.00000 0.580785
4130.00000 0.596213
4140.00000 0.588191
4150.00000 0.599982
4160.00000 0.584525
4170.00000 0.59025
4180.00000 0.605915
4190.00000 0.615849
4200.00000 0.613269
4210.00000 0.619788
4220.00000 0.621447
4230.00000 0.620793
4240.00000 0.628173
4250.00000 0.636808
4260.00000 0.640998
4270.00000 0.66869
4280.00000 0.674482
4290.00000 0.672146
4300.00000 0.67793
4310.00000 0.698716
4320.00000 0.696273
4330.00000 0.704173
4340.00000 0.720777
4350.00000 0.721244
4360.00000 0.727967
4370.00000 0.728738
4380.00000 0.722613
4390.00000 0.727853
4400.00000 0.729063
4410.00000 0.726632
4420.00000 0.734694
4430.00000 0.735773
4440.00000 0.727891
4450.00000 0.728149
4460.00000 0.732634
4470.00000 0.734866
4480.00000 0.732886
4490.00000 0.738801
4500.00000 0.740924
4510.00000 0.748921
4520.00000 0.751818
4530.00000 0.757066
4540.00000 0.757239
4550.00000 0.768797
4560.00000 0.76792
4570.00000 0.767396
4580.00000 0.777165
4590.00000 0.770064
4600.00000 0.784969
4610.00000 0.785727
4620.00000 0.78298
4630.00000 0.786271
4640.00000 0.781599
4650.00000 0.784984
4660.00000 0.78726
4670.00000 0.785169
4680.00000 0.786089
4690.00000 0.781988
4700.00000 0.785575
4710.00000 0.782831
4720.00000 0.780782
4730.00000 0.786548
4740.00000 0.786926
4750.00000 0.786426
4760.00000 0.793945
4770.00000 0.793391
4780.00000 0.799275
4790.00000 0.798406
4800.00000 0.805187
4810.00000 0.813
4820.00000 0.81423
4830.00000 0.816421
4840.00000 0.822159
4850.00000 0.820622
4860.00000 0.823001
4870.00000 0.823794
4880.00000 0.824751
4890.00000 0.821976
4900.00000 0.819207
4910.00000 0.813656
4920.00000 0.812946
4930.00000 0.805059
4940.00000 0.795853
4950.00000 0.791436
4960.00000 0.785326
4970.00000 0.775377
4980.00000 0.766386
4990.00000 0.758971
5000.00000 0.748581
5010.00000 0.740413
5020.00000 0.735307
5030.00000 0.730701
5040.00000 0.721641
5050.00000 0.719218
5060.00000 0.716614
5070.00000 0.712324
5080.00000 0.711186
5090.00000 0.714253
5100.00000 0.716779
5110.00000 0.719454
5120.00000 0.723091
5130.00000 0.72683
5140.00000 0.730847
5150.00000 0.735876
5160.00000 0.741941
5170.00000 0.748418
5180.00000 0.755596
5190.00000 0.760079
5200.00000 0.763319
5210.00000 0.764426
5220.00000 0.765424
5230.00000 0.764112
5240.00000 0.759003
5250.00000 0.754295
5260.00000 0.746084
5270.00000 0.733248
5280.00000 0.718398
5290.00000 0.702597
5300.00000 0.684496
5310.00000 0.66358
5320.00000 0.644739
5330.00000 0.625776
5340.00000 0.605658
5350.00000 0.587884
5360.00000 0.569913
5370.00000 0.553937
5380.00000 0.540847
5390.00000 0.527564
5400.00000 0.518701
5410.00000 0.510619
5420.00000 0.502485
5430.00000 0.498034
5440.00000 0.495215
5450.00000 0.494193
5460.00000 0.495593
5470.00000 0.499327
5480.00000 0.503357
5490.00000 0.508966
5500.00000 0.515535
5510.00000 0.520626
5520.00000 0.525056
5530.00000 0.524444
5540.00000 0.517886
5550.00000 0.50635
5560.00000 0.485154
5570.00000 0.454737
5580.00000 0.415791
5590.00000 0.372835
5600.00000 0.328732
5610.00000 0.285887
5620.00000 0.244303
5630.00000 0.207119
5640.00000 0.173905
5650.00000 0.144683
5660.00000 0.121975
5670.00000 0.100935
5680.00000 0.083442
5690.00000 0.070785
5700.00000 0.059009
5710.00000 0.048738
5720.00000 0.040008
5730.00000 0.033404
5740.00000 0.027675
5750.00000 0.02252
5760.00000 0.018442
5770.00000 0.015817
5780.00000 0.013108
5790.00000 0.010853
5800.00000 0.008885
5810.00000 0.007794
5820.00000 0.006475
5830.00000 0.004964
5840.00000 0.004518
6424.00000 0.0
