threeML/data/optical_filters/GTC/OSIRIS-F785.ecsv
# %ECSV 0.9
# ---
# datatype:
# - {name: wavelength, unit: Angstrom, datatype: float32}
# - {name: response, datatype: float32}
# meta: !!omap
# - {band_name: F785}
# - {group_name: OSIRIS}
wavelength response
6615.00000 0.0
7350.00000 0.009136
7360.00000 0.009046
7370.00000 0.009213
7380.00000 0.00937
7390.00000 0.009465
7400.00000 0.009421
7410.00000 0.009511
7420.00000 0.009573
7430.00000 0.009635
7440.00000 0.009947
7450.00000 0.010018
7460.00000 0.010669
7470.00000 0.01191
7480.00000 0.012929
7490.00000 0.014493
7500.00000 0.017473
7510.00000 0.021442
7520.00000 0.028353
7530.00000 0.037469
7540.00000 0.050318
7550.00000 0.068487
7560.00000 0.094508
7570.00000 0.128844
7580.00000 0.172059
7590.00000 0.226238
7600.00000 0.288189
7610.00000 0.359162
7620.00000 0.435437
7630.00000 0.510648
7640.00000 0.583544
7650.00000 0.652815
7660.00000 0.714767
7670.00000 0.765265
7680.00000 0.804911
7690.00000 0.838023
7700.00000 0.864641
7710.00000 0.886569
7720.00000 0.903994
7730.00000 0.917431
7740.00000 0.928267
7750.00000 0.935
7760.00000 0.940288
7770.00000 0.944928
7780.00000 0.945295
7790.00000 0.942082
7800.00000 0.940959
7810.00000 0.941264
7820.00000 0.938531
7830.00000 0.933585
7840.00000 0.930144
7850.00000 0.928079
7860.00000 0.925983
7870.00000 0.924748
7880.00000 0.925117
7890.00000 0.92773
7900.00000 0.931116
7910.00000 0.934609
7920.00000 0.939807
7930.00000 0.945073
7940.00000 0.950406
7950.00000 0.954174
7960.00000 0.957202
7970.00000 0.96106
7980.00000 0.9625
7990.00000 0.961442
8000.00000 0.958685
8010.00000 0.955047
8020.00000 0.951365
8030.00000 0.946827
8040.00000 0.94143
8050.00000 0.935931
8060.00000 0.924216
8070.00000 0.896672
8080.00000 0.838292
8090.00000 0.740973
8100.00000 0.603467
8110.00000 0.459428
8120.00000 0.32316
8130.00000 0.211181
8140.00000 0.133726
8150.00000 0.084572
8160.00000 0.054384
8170.00000 0.035925
8180.00000 0.025836
8190.00000 0.020627
8200.00000 0.017465
8210.00000 0.016215
8220.00000 0.01586
8230.00000 0.015299
8240.00000 0.01507
8250.00000 0.014925
8260.00000 0.014691
8270.00000 0.014644
8280.00000 0.01508
8290.00000 0.015221
8300.00000 0.015188
8310.00000 0.014774
8320.00000 0.014878
8330.00000 0.01468
8340.00000 0.014563
8350.00000 0.01461
9185.00000 0.0
