threeML/data/optical_filters/ISO/ISO-LW4.ecsv
# %ECSV 0.9
# ---
# datatype:
# - {name: wavelength, unit: Angstrom, datatype: float32}
# - {name: response, datatype: float32}
# meta: !!omap
# - {band_name: LW4}
# - {group_name: ISO}
wavelength response
44820.00000 0.0
49800.00000 0.002364
50000.00000 0.00531412
50200.00000 0.00117983
50400.00000 0.00176812
50600.00000 0.0117766
50800.00000 0.00823604
51000.00000 0.00587746
51200.00000 0.000587204
51400.00000 0.00703994
51600.00000 0.00644731
51800.00000 0.00702692
52000.00000 0.00410704
52200.00000 0.00764223
52400.00000 0.00471206
52600.00000 0.00944241
52800.00000 0.0094607
53000.00000 0.0154034
53200.00000 0.0308662
53400.00000 0.045199
53600.00000 0.0828255
53800.00000 0.136118
54000.00000 0.185428
54200.00000 0.250506
54400.00000 0.308626
54600.00000 0.34952
54800.00000 0.37791
55000.00000 0.396744
55200.00000 0.390304
55400.00000 0.394618
55600.00000 0.393547
55800.00000 0.404865
56000.00000 0.414897
56200.00000 0.426584
56400.00000 0.436991
56600.00000 0.426987
56800.00000 0.434383
57000.00000 0.43077
57200.00000 0.418011
57400.00000 0.402497
57600.00000 0.378589
57800.00000 0.393868
58000.00000 0.378055
58200.00000 0.374689
58400.00000 0.384719
58600.00000 0.36023
58800.00000 0.375178
59000.00000 0.381175
59200.00000 0.373414
59400.00000 0.361892
59600.00000 0.355343
59800.00000 0.35316
60000.00000 0.340409
60200.00000 0.334017
60400.00000 0.355072
60600.00000 0.363616
60800.00000 0.373361
61000.00000 0.373638
61200.00000 0.381249
61400.00000 0.389499
61600.00000 0.397251
61800.00000 0.403337
62000.00000 0.410631
62200.00000 0.405693
62400.00000 0.410672
62600.00000 0.41331
62800.00000 0.405206
63000.00000 0.390961
63200.00000 0.418202
63400.00000 0.389199
63600.00000 0.392845
63800.00000 0.397737
64000.00000 0.402041
64200.00000 0.393901
64400.00000 0.381871
64600.00000 0.412563
64800.00000 0.424558
65000.00000 0.416914
65200.00000 0.364186
65400.00000 0.362489
65600.00000 0.332145
65800.00000 0.254342
66000.00000 0.199934
66200.00000 0.161412
66400.00000 0.109786
66600.00000 0.0990432
66800.00000 0.0599019
67000.00000 0.0379063
67200.00000 0.0537787
67400.00000 0.0308064
67600.00000 0.0261604
67800.00000 0.00899957
68000.00000 0.00417671
68200.00000 0.0118994
68400.00000 0.00844568
68600.00000 0.00990711
68800.00000 0.000711494
69000.00000 0.0114454
69200.00000 0.00431509
69400.00000 0.0130145
69600.00000 0.00508809
69800.00000 0.0
