threeML/data/optical_filters/ISO/ISO-LW7.ecsv
# %ECSV 0.9
# ---
# datatype:
# - {name: wavelength, unit: Angstrom, datatype: float32}
# - {name: response, datatype: float32}
# meta: !!omap
# - {band_name: LW7}
# - {group_name: ISO}
wavelength response
71685.00000 0.0
79650.00000 0.0098325
80000.00000 0.00738403
80350.00000 0.0131443
80700.00000 0.0115163
81050.00000 0.0156497
81400.00000 0.0173196
81750.00000 0.026426
82100.00000 0.0413444
82450.00000 0.0761723
82800.00000 0.165807
83150.00000 0.255673
83500.00000 0.354083
83850.00000 0.403643
84200.00000 0.419163
84550.00000 0.410524
84900.00000 0.424377
85250.00000 0.459151
85600.00000 0.514099
85950.00000 0.554083
86300.00000 0.57905
86650.00000 0.59063
87000.00000 0.568591
87350.00000 0.533869
87700.00000 0.521828
88050.00000 0.506383
88400.00000 0.487523
88750.00000 0.488073
89100.00000 0.48947
89450.00000 0.509521
89800.00000 0.514908
90150.00000 0.525173
90500.00000 0.532413
90850.00000 0.528711
91200.00000 0.546194
91550.00000 0.513062
91900.00000 0.53042
92250.00000 0.518342
92600.00000 0.507108
92950.00000 0.487251
93300.00000 0.489146
93650.00000 0.466186
94000.00000 0.457466
94350.00000 0.45682
94700.00000 0.439768
95050.00000 0.45034
95400.00000 0.457285
95750.00000 0.462481
96100.00000 0.475443
96450.00000 0.487683
96800.00000 0.499145
97150.00000 0.513759
97500.00000 0.517053
97850.00000 0.520661
98200.00000 0.530785
98550.00000 0.53421
98900.00000 0.555611
99250.00000 0.570407
99600.00000 0.567839
99950.00000 0.573131
100300.00000 0.562717
100650.00000 0.588489
101000.00000 0.591336
101350.00000 0.595963
101700.00000 0.58052
102050.00000 0.59006
102400.00000 0.609605
102750.00000 0.626421
103100.00000 0.625375
103450.00000 0.629098
103800.00000 0.62785
104150.00000 0.632455
104500.00000 0.639051
104850.00000 0.636903
105200.00000 0.629684
105550.00000 0.638636
105900.00000 0.60099
106250.00000 0.608908
106600.00000 0.606683
106950.00000 0.594274
107300.00000 0.560431
107650.00000 0.506087
108000.00000 0.447509
108350.00000 0.349894
108700.00000 0.314508
109050.00000 0.24825
109400.00000 0.170515
109750.00000 0.129596
110100.00000 0.0988602
110450.00000 0.0577386
110800.00000 0.0598734
111150.00000 0.0537448
111500.00000 0.0569144
111850.00000 0.0538751
112200.00000 0.0446045
112550.00000 0.0477741
112900.00000 0.0790263
113250.00000 0.0624644
113600.00000 0.106317
113950.00000 0.032351
114300.00000 0.0470175
114650.00000 0.0
