threeML/data/optical_filters/ISO/ISO_CVF-LW290.ecsv
# %ECSV 0.9
# ---
# datatype:
# - {name: wavelength, unit: Angstrom, datatype: float32}
# - {name: response, datatype: float32}
# meta: !!omap
# - {band_name: LW290}
# - {group_name: ISO_CVF}
wavelength response
54315.00391 0.0
60350.00391 0.00549462
60500.00391 0.0
60650.00391 0.00333083
60800.00391 0.00557977
60950.00391 0.0162636
61100.00391 0.00676385
61250.00391 0.00169948
61400.00391 0.0074013
61550.00391 0.00400518
61700.00391 0.00690009
61850.00391 0.0132905
62000.00391 0.00696822
62150.00391 0.00291762
62300.00391 0.00351817
62450.00391 0.0011784
62600.00391 0.00473631
62750.00391 0.0101129
62900.00391 0.00358629
63050.00391 0.00600554
63200.00391 0.00663732
63350.00391 0.00909346
63500.00391 0.017663
63650.00391 0.0171334
63800.00391 0.0116802
63950.00391 0.0277913
64100.00391 0.0533564
64250.00391 0.0461214
64400.00000 0.0776364
64550.00000 0.13648
64700.00000 0.169316
64850.00000 0.193558
65000.00000 0.267112
65150.00000 0.325954
65300.00000 0.34479
65450.00000 0.407073
65600.00000 0.416677
65750.00000 0.46351
65900.00000 0.430856
66050.00000 0.47616
66200.00000 0.474944
66350.00000 0.484315
66500.00000 0.47176
66650.00000 0.495216
66800.00000 0.48458
66950.00000 0.493408
67100.00000 0.498227
67250.00000 0.496262
67400.00000 0.510668
67550.00000 0.512136
67700.00000 0.490157
67850.00000 0.501899
68000.00000 0.516502
68150.00000 0.500495
68300.00000 0.516581
68450.00000 0.505333
68600.00000 0.493269
68750.00000 0.499539
68900.00000 0.485182
69050.00000 0.478561
69200.00000 0.463253
69350.00000 0.486745
69500.00000 0.4829
69650.00000 0.460109
69800.00000 0.47215
69950.00000 0.442213
70100.00000 0.397979
70250.00000 0.372627
70400.00000 0.309455
70550.00000 0.276279
70700.00000 0.226564
70850.00000 0.195183
71000.00000 0.161376
71150.00000 0.148351
71300.00000 0.116465
71450.00000 0.0972048
71600.00000 0.0770778
71750.00000 0.0644132
71900.00000 0.0585155
72050.00000 0.0426765
72200.00000 0.0359183
72350.00000 0.0130281
72500.00000 0.0138329
72650.00000 0.0246603
72800.00000 0.017001
72950.00000 0.0209226
73100.00000 0.00543935
73250.00000 0.00233757
73400.00000 0.0117199
73550.00000 0.0141024
73700.00000 0.00628483
73850.00000 0.0055142
74000.00000 0.0181673
74150.00000 0.00950424
74300.00000 0.0166773
74450.00000 0.0151296
74600.00000 0.0
74750.00000 0.0216155
74900.00000 0.0160435
75050.00000 0.0136458
75200.00000 0.00401608
75350.00000 0.0
