threeML/data/optical_filters/ISO/ISO_CVF-SW111.ecsv
# %ECSV 0.9
# ---
# datatype:
# - {name: wavelength, unit: Angstrom, datatype: float32}
# - {name: response, datatype: float32}
# meta: !!omap
# - {band_name: SW111}
# - {group_name: ISO_CVF}
wavelength response
22320.00000 0.0
24800.00000 0.00542056
25000.00000 0.00305296
25200.00000 0.0160914
25400.00000 0.0119169
25600.00000 0.0139813
25800.00000 0.0
26000.00000 0.0117757
26200.00000 0.011298
26400.00000 0.00944964
26600.00000 0.0082243
26800.00000 0.00834891
27000.00000 0.00631776
27200.00000 0.00283281
27400.00000 0.00500104
27600.00000 0.00360332
27800.00000 0.00145379
28000.00000 0.002935
28200.00000 0.00444361
28400.00000 0.00298982
28600.00000 0.0082974
28800.00000 0.00304465
29000.00000 0.00925109
29200.00000 0.00780685
29400.00000 0.0110663
29600.00000 0.0208054
29800.00000 0.0429283
30000.00000 0.0842825
30200.00000 0.183502
30400.00000 0.329782
30600.00000 0.516037
30800.00000 0.672689
31000.00000 0.739369
31200.00000 0.763747
31400.00000 0.776216
31600.00000 0.767751
31800.00000 0.774091
32000.00000 0.770294
32200.00000 0.769979
32400.00000 0.766028
32600.00000 0.756581
32800.00000 0.739738
33000.00000 0.756292
33200.00000 0.750003
33400.00000 0.770422
33600.00000 0.782656
33800.00000 0.802511
34000.00000 0.820448
34200.00000 0.838569
34400.00000 0.858802
34600.00000 0.86662
34800.00000 0.883267
35000.00000 0.889544
35200.00000 0.891884
35400.00000 0.894206
35600.00000 0.898505
35800.00000 0.889763
36000.00000 0.898935
36200.00000 0.894006
36400.00000 0.906254
36600.00000 0.901273
36800.00000 0.910526
37000.00000 0.907281
37200.00000 0.905038
37400.00000 0.905794
37600.00000 0.901495
37800.00000 0.895203
38000.00000 0.890029
38200.00000 0.903893
38400.00000 0.910763
38600.00000 0.903395
38800.00000 0.902042
39000.00000 0.904012
39200.00000 0.897803
39400.00000 0.886506
39600.00000 0.887461
39800.00000 0.882305
40000.00000 0.893239
40200.00000 0.880799
40400.00000 0.888657
40600.00000 0.891429
40800.00000 0.887117
41000.00000 0.89271
41200.00000 0.900353
41400.00000 0.912753
41600.00000 0.917667
41800.00000 0.926704
42000.00000 0.922895
42200.00000 0.931356
42400.00000 0.960793
42600.00000 0.965353
42800.00000 0.97404
43000.00000 0.920572
43200.00000 0.933476
43400.00000 0.91423
43600.00000 0.90109
43800.00000 0.874
44000.00000 0.878
44200.00000 0.87
44400.00000 0.877
44600.00000 0.875
44800.00000 0.88
45000.00000 0.874517
45200.00000 0.869034
45400.00000 0.863551
45600.00000 0.858069
45800.00000 0.852586
46000.00000 0.849479
46200.00000 0.846372
46400.00000 0.843265
46600.00000 0.840158
46800.00000 0.837051
47000.00000 0.829192
47200.00000 0.821333
47400.00000 0.813474
47600.00000 0.805616
47800.00000 0.797757
48000.00000 0.786243
48200.00000 0.774729
48400.00000 0.763215
48600.00000 0.751701
48800.00000 0.740187
49000.00000 0.732145
49200.00000 0.724104
49400.00000 0.716062
49600.00000 0.708021
49800.00000 0.699979
50000.00000 0.692669
50200.00000 0.685358
50400.00000 0.674393
50600.00000 0.659772
50800.00000 0.645151
51000.00000 0.63784
51200.00000 0.63053
51400.00000 0.618467
51600.00000 0.601653
51800.00000 0.584839
52000.00000 0.533666
52200.00000 0.482493
52400.00000 0.415418
52600.00000 0.332444
52800.00000 0.24947
53000.00000 0.193545
53200.00000 0.13762
53400.00000 0.097412
53600.00000 0.072922
53800.00000 0.048432
54000.00000 0.0385628
54200.00000 0.0286936
54400.00000 0.0213831
54600.00000 0.0
