threeML/data/optical_filters/OAJ/JPAS-J0348.ecsv
# %ECSV 0.9
# ---
# datatype:
# - {name: wavelength, unit: Angstrom, datatype: float32}
# - {name: response, datatype: float32}
# meta: !!omap
# - {band_name: J0348}
# - {group_name: JPAS}
wavelength response
2863.80005 0.0
3182.00000 0.0001
3183.00000 0.0001
3184.00000 0.0001
3185.00000 0.0001
3186.00000 0.0001
3187.00000 0.0001
3188.00000 0.0001
3189.00000 0.0001
3190.00000 0.0002
3191.00000 0.0002
3192.00000 0.0002
3193.00000 0.0002
3194.00000 0.0002
3195.00000 0.0003
3196.00000 0.0003
3197.00000 0.0003
3198.00000 0.0004
3199.00000 0.0004
3200.00000 0.0005
3201.00000 0.0005
3202.00000 0.0006
3203.00000 0.0007
3204.00000 0.0008
3205.00000 0.0009
3206.00000 0.001
3207.00000 0.0012
3208.00000 0.0013
3209.00000 0.0015
3210.00000 0.0017
3211.00000 0.002
3212.00000 0.0023
3213.00000 0.0027
3214.00000 0.0031
3215.00000 0.0035
3216.00000 0.004
3217.00000 0.0046
3218.00000 0.0052
3219.00000 0.0059
3220.00000 0.0066
3221.00000 0.0073
3222.00000 0.0082
3223.00000 0.0089
3224.00000 0.01
3225.00000 0.011
3226.00000 0.0119
3227.00000 0.0128
3228.00000 0.0141
3229.00000 0.0155
3230.00000 0.0167
3231.00000 0.0184
3232.00000 0.0201
3233.00000 0.0218
3234.00000 0.0236
3235.00000 0.0256
3236.00000 0.0277
3237.00000 0.0302
3238.00000 0.033
3239.00000 0.0357
3240.00000 0.0386
3241.00000 0.0414
3242.00000 0.045
3243.00000 0.0486
3244.00000 0.0523
3245.00000 0.0558
3246.00000 0.0598
3247.00000 0.0639
3248.00000 0.068
3249.00000 0.0724
3250.00000 0.0766
3251.00000 0.0812
3252.00000 0.0859
3253.00000 0.0903
3254.00000 0.0942
3255.00000 0.0983
3256.00000 0.1026
3257.00000 0.1065
3258.00000 0.1101
3259.00000 0.113
3260.00000 0.116
3261.00000 0.1184
3262.00000 0.121
3263.00000 0.1222
3264.00000 0.1237
3265.00000 0.1252
3266.00000 0.1263
3267.00000 0.1269
3268.00000 0.1279
3269.00000 0.129
3270.00000 0.1292
3271.00000 0.1297
3272.00000 0.1307
3273.00000 0.1319
3274.00000 0.1329
3275.00000 0.1338
3276.00000 0.1343
3277.00000 0.1353
3278.00000 0.1358
3279.00000 0.1364
3280.00000 0.137
3281.00000 0.1381
3282.00000 0.1387
3283.00000 0.1385
3284.00000 0.1389
3285.00000 0.1392
3286.00000 0.1397
3287.00000 0.14
3288.00000 0.1399
3289.00000 0.14
3290.00000 0.1398
3291.00000 0.1401
3292.00000 0.1407
3293.00000 0.1405
3294.00000 0.1417
3295.00000 0.1418
3296.00000 0.1418
3297.00000 0.1421
3298.00000 0.1429
3299.00000 0.1432
3300.00000 0.1435
3301.00000 0.1444
3302.00000 0.1447
3303.00000 0.1453
3304.00000 0.1463
3305.00000 0.1467
3306.00000 0.1473
3307.00000 0.1477
3308.00000 0.1481
3309.00000 0.1485
3310.00000 0.1503
3311.00000 0.15
3312.00000 0.1512
3313.00000 0.1516
3314.00000 0.1524
3315.00000 0.1534
3316.00000 0.1542
3317.00000 0.155
3318.00000 0.1551
3319.00000 0.1556
3320.00000 0.1566
3321.00000 0.1566
3322.00000 0.1572
3323.00000 0.1578
3324.00000 0.1582
3325.00000 0.1584
3326.00000 0.1584
3327.00000 0.1587
3328.00000 0.1596
3329.00000 0.1597
3330.00000 0.1605
3331.00000 0.1612
3332.00000 0.1612
3333.00000 0.1621
3334.00000 0.1627
3335.00000 0.1635
3336.00000 0.1645
3337.00000 0.1655
3338.00000 0.166
3339.00000 0.1684
3340.00000 0.1685
3341.00000 0.1697
3342.00000 0.1702
3343.00000 0.1711
3344.00000 0.172
3345.00000 0.1727
3346.00000 0.1738
3347.00000 0.1738
3348.00000 0.1747
3349.00000 0.1762
3350.00000 0.1765
3351.00000 0.1766
3352.00000 0.1781
3353.00000 0.1784
3354.00000 0.179
3355.00000 0.1788
3356.00000 0.1801
3357.00000 0.1797
3358.00000 0.1806
3359.00000 0.1804
3360.00000 0.1794
3361.00000 0.1809
3362.00000 0.1815
3363.00000 0.1807
3364.00000 0.1813
3365.00000 0.1813
3366.00000 0.1815
3367.00000 0.1813
3368.00000 0.1819
3369.00000 0.1812
3370.00000 0.1815
3371.00000 0.1819
3372.00000 0.1822
3373.00000 0.1826
3374.00000 0.1825
3375.00000 0.184
3376.00000 0.1836
3377.00000 0.1842
3378.00000 0.185
3379.00000 0.1848
3380.00000 0.1858
3381.00000 0.1863
3382.00000 0.1874
3383.00000 0.1873
3384.00000 0.1882
3385.00000 0.1898
3386.00000 0.19
3387.00000 0.1898
3388.00000 0.1907
3389.00000 0.1913
3390.00000 0.1906
3391.00000 0.1907
3392.00000 0.1921
3393.00000 0.1915
3394.00000 0.1908
3395.00000 0.1914
3396.00000 0.1907
3397.00000 0.1917
3398.00000 0.1915
3399.00000 0.1909
3400.00000 0.1916
3401.00000 0.1928
3402.00000 0.1937
3403.00000 0.1941
3404.00000 0.1948
3405.00000 0.1946
3406.00000 0.1967
3407.00000 0.1965
3408.00000 0.1982
3409.00000 0.1984
3410.00000 0.1996
3411.00000 0.2004
3412.00000 0.2008
3413.00000 0.2014
3414.00000 0.2027
3415.00000 0.2027
3416.00000 0.2029
3417.00000 0.2031
3418.00000 0.2033
3419.00000 0.2039
3420.00000 0.2039
3421.00000 0.2049
3422.00000 0.2056
3423.00000 0.2055
3424.00000 0.2057
3425.00000 0.2061
3426.00000 0.2062
3427.00000 0.2067
3428.00000 0.207
3429.00000 0.2072
3430.00000 0.2081
3431.00000 0.2078
3432.00000 0.209
3433.00000 0.2096
3434.00000 0.2103
3435.00000 0.2109
3436.00000 0.2107
3437.00000 0.2117
3438.00000 0.2119
3439.00000 0.2119
3440.00000 0.2127
3441.00000 0.2128
3442.00000 0.2134
3443.00000 0.2139
3444.00000 0.2143
3445.00000 0.2142
3446.00000 0.2143
3447.00000 0.215
3448.00000 0.2147
3449.00000 0.2136
3450.00000 0.2137
3451.00000 0.2141
3452.00000 0.2122
3453.00000 0.2119
3454.00000 0.2112
3455.00000 0.2106
3456.00000 0.2102
3457.00000 0.2085
3458.00000 0.2088
3459.00000 0.2088
3460.00000 0.2098
3461.00000 0.2101
3462.00000 0.2108
3463.00000 0.2119
3464.00000 0.2129
3465.00000 0.2145
3466.00000 0.2177
3467.00000 0.2178
3468.00000 0.2206
3469.00000 0.2234
3470.00000 0.2243
3471.00000 0.2271
3472.00000 0.2292
3473.00000 0.2304
3474.00000 0.233
3475.00000 0.2335
3476.00000 0.235
3477.00000 0.2346
3478.00000 0.2351
3479.00000 0.2352
3480.00000 0.2355
3481.00000 0.2355
3482.00000 0.2349
3483.00000 0.2359
3484.00000 0.2354
3485.00000 0.236
3486.00000 0.2368
3487.00000 0.2363
3488.00000 0.2384
3489.00000 0.2382
3490.00000 0.2403
3491.00000 0.2412
3492.00000 0.2416
3493.00000 0.2417
3494.00000 0.2439
3495.00000 0.2448
3496.00000 0.2461
3497.00000 0.2449
3498.00000 0.2462
3499.00000 0.2467
3500.00000 0.2508
3501.00000 0.2509
3502.00000 0.2511
3503.00000 0.251
3504.00000 0.2512
3505.00000 0.2513
3506.00000 0.2518
3507.00000 0.2516
3508.00000 0.2518
3509.00000 0.2518
3510.00000 0.2525
3511.00000 0.2534
3512.00000 0.2542
3513.00000 0.2552
3514.00000 0.2554
3515.00000 0.257
3516.00000 0.2576
3517.00000 0.2579
3518.00000 0.2594
3519.00000 0.2603
3520.00000 0.2603
3521.00000 0.2618
3522.00000 0.2625
3523.00000 0.2632
3524.00000 0.2632
3525.00000 0.2642
3526.00000 0.2649
3527.00000 0.2657
3528.00000 0.2666
3529.00000 0.2674
3530.00000 0.2684
3531.00000 0.2688
3532.00000 0.2691
3533.00000 0.2702
3534.00000 0.2709
3535.00000 0.2714
3536.00000 0.2722
3537.00000 0.2715
3538.00000 0.2723
3539.00000 0.2727
3540.00000 0.2724
3541.00000 0.2728
3542.00000 0.2725
3543.00000 0.2719
3544.00000 0.2718
3545.00000 0.2713
3546.00000 0.2711
3547.00000 0.2713
3548.00000 0.2716
3549.00000 0.2719
3550.00000 0.2724
3551.00000 0.2725
3552.00000 0.2732
3553.00000 0.2733
3554.00000 0.2746
3555.00000 0.2758
3556.00000 0.2767
3557.00000 0.2767
3558.00000 0.2777
3559.00000 0.2785
3560.00000 0.2786
3561.00000 0.2784
3562.00000 0.2788
3563.00000 0.2788
3564.00000 0.2791
3565.00000 0.2784
3566.00000 0.2783
3567.00000 0.2787
3568.00000 0.2788
3569.00000 0.2783
3570.00000 0.2786
3571.00000 0.2792
3572.00000 0.2795
3573.00000 0.2808
3574.00000 0.2817
3575.00000 0.2832
3576.00000 0.2844
3577.00000 0.2856
3578.00000 0.2878
3579.00000 0.2896
3580.00000 0.2911
3581.00000 0.2929
3582.00000 0.2948
3583.00000 0.295
3584.00000 0.2963
3585.00000 0.2979
3586.00000 0.2975
3587.00000 0.2978
3588.00000 0.2978
3589.00000 0.2978
3590.00000 0.2974
3591.00000 0.2968
3592.00000 0.2963
3593.00000 0.2961
3594.00000 0.295
3595.00000 0.2953
3596.00000 0.2945
3597.00000 0.2955
3598.00000 0.2956
3599.00000 0.2968
3600.00000 0.297
3601.00000 0.297
3602.00000 0.2979
3603.00000 0.2993
3604.00000 0.2999
3605.00000 0.3006
3606.00000 0.3007
3607.00000 0.3015
3608.00000 0.3017
3609.00000 0.3023
3610.00000 0.303
3611.00000 0.3031
3612.00000 0.3025
3613.00000 0.3024
3614.00000 0.3025
3615.00000 0.3026
3616.00000 0.3036
3617.00000 0.3039
3618.00000 0.3046
3619.00000 0.3054
3620.00000 0.3062
3621.00000 0.3062
3622.00000 0.3083
3623.00000 0.3085
3624.00000 0.31
3625.00000 0.3102
3626.00000 0.3115
3627.00000 0.3111
3628.00000 0.3121
3629.00000 0.3122
3630.00000 0.3117
3631.00000 0.3125
3632.00000 0.3119
3633.00000 0.3116
3634.00000 0.3111
3635.00000 0.3117
3636.00000 0.312
3637.00000 0.3124
3638.00000 0.3115
3639.00000 0.3126
3640.00000 0.3137
3641.00000 0.3146
3642.00000 0.3154
3643.00000 0.3165
3644.00000 0.3182
3645.00000 0.3202
3646.00000 0.322
3647.00000 0.323
3648.00000 0.3238
3649.00000 0.3263
3650.00000 0.3263
3651.00000 0.3266
3652.00000 0.3272
3653.00000 0.327
3654.00000 0.3276
3655.00000 0.3263
3656.00000 0.3252
3657.00000 0.3244
3658.00000 0.324
3659.00000 0.3234
3660.00000 0.3227
3661.00000 0.3224
3662.00000 0.3227
3663.00000 0.3241
3664.00000 0.3237
3665.00000 0.3252
3666.00000 0.3256
3667.00000 0.3271
3668.00000 0.3291
3669.00000 0.3311
3670.00000 0.3328
3671.00000 0.3345
3672.00000 0.3357
3673.00000 0.337
3674.00000 0.3373
3675.00000 0.3387
3676.00000 0.3391
3677.00000 0.3386
3678.00000 0.338
3679.00000 0.3389
3680.00000 0.338
3681.00000 0.3372
3682.00000 0.3371
3683.00000 0.3358
3684.00000 0.3359
3685.00000 0.3366
3686.00000 0.3364
3687.00000 0.338
3688.00000 0.339
3689.00000 0.3401
3690.00000 0.3416
3691.00000 0.3443
3692.00000 0.3453
3693.00000 0.3488
3694.00000 0.3513
3695.00000 0.3527
3696.00000 0.3535
3697.00000 0.3553
3698.00000 0.356
3699.00000 0.3566
3700.00000 0.3555
3701.00000 0.3554
3702.00000 0.3537
3703.00000 0.3518
3704.00000 0.3507
3705.00000 0.3486
3706.00000 0.3467
3707.00000 0.3441
3708.00000 0.3436
3709.00000 0.342
3710.00000 0.3405
3711.00000 0.3391
3712.00000 0.3395
3713.00000 0.3394
3714.00000 0.3402
3715.00000 0.3407
3716.00000 0.3415
3717.00000 0.3429
3718.00000 0.3437
3719.00000 0.3448
3720.00000 0.3457
3721.00000 0.3457
3722.00000 0.3455
3723.00000 0.345
3724.00000 0.3426
3725.00000 0.3412
3726.00000 0.3384
3727.00000 0.3353
3728.00000 0.3314
3729.00000 0.3275
3730.00000 0.3237
3731.00000 0.3198
3732.00000 0.3152
3733.00000 0.3106
3734.00000 0.3066
3735.00000 0.3032
3736.00000 0.2981
3737.00000 0.295
3738.00000 0.292
3739.00000 0.2883
3740.00000 0.2856
3741.00000 0.2825
3742.00000 0.2794
3743.00000 0.276
3744.00000 0.2729
3745.00000 0.2691
3746.00000 0.2649
3747.00000 0.2604
3748.00000 0.2563
3749.00000 0.2505
3750.00000 0.2454
3751.00000 0.239
3752.00000 0.2337
3753.00000 0.2274
3754.00000 0.2208
3755.00000 0.2143
3756.00000 0.2078
3757.00000 0.201
3758.00000 0.1939
3759.00000 0.1877
3760.00000 0.1812
3761.00000 0.1756
3762.00000 0.1691
3763.00000 0.1631
3764.00000 0.1572
3765.00000 0.1517
3766.00000 0.146
3767.00000 0.1415
3768.00000 0.1364
3769.00000 0.1317
3770.00000 0.1271
3771.00000 0.1221
3772.00000 0.1181
3773.00000 0.1138
3774.00000 0.1099
3775.00000 0.1054
3776.00000 0.1015
3777.00000 0.0978
3778.00000 0.0941
3779.00000 0.0906
3780.00000 0.0873
3781.00000 0.084
3782.00000 0.0809
3783.00000 0.0776
3784.00000 0.0746
3785.00000 0.0721
3786.00000 0.0693
3787.00000 0.0667
3788.00000 0.0637
3789.00000 0.0612
3790.00000 0.0587
3791.00000 0.0562
3792.00000 0.0537
3793.00000 0.0515
3794.00000 0.049
3795.00000 0.0466
3796.00000 0.0443
3797.00000 0.0419
3798.00000 0.0396
3799.00000 0.0372
3800.00000 0.0349
3801.00000 0.0322
3802.00000 0.0296
3803.00000 0.027
3804.00000 0.0245
3805.00000 0.0221
3806.00000 0.0198
3807.00000 0.0175
3808.00000 0.0152
3809.00000 0.0132
3810.00000 0.0113
3811.00000 0.0098
3812.00000 0.0083
3813.00000 0.007
3814.00000 0.0058
3815.00000 0.0049
3816.00000 0.0041
3817.00000 0.0034
3818.00000 0.0028
3819.00000 0.0024
3820.00000 0.0019
3821.00000 0.0016
3822.00000 0.0013
3823.00000 0.0011
3824.00000 0.0009
3825.00000 0.0008
3826.00000 0.0007
3827.00000 0.0005
3828.00000 0.0004
3829.00000 0.0004
3830.00000 0.0003
3831.00000 0.0003
3832.00000 0.0002
3833.00000 0.0002
3834.00000 0.0002
3835.00000 0.0001
3836.00000 0.0001
3837.00000 0.0001
3838.00000 0.0001
3839.00000 0.0001
3840.00000 0.0001
4224.00000 0.0
