threeML/data/optical_filters/OAJ/JPAS-J0840.ecsv
# %ECSV 0.9
# ---
# datatype:
# - {name: wavelength, unit: Angstrom, datatype: float32}
# - {name: response, datatype: float32}
# meta: !!omap
# - {band_name: J0840}
# - {group_name: JPAS}
wavelength response
7443.89990 0.0
8271.00000 0.0001
8272.00000 0.0
8273.00000 0.0
8274.00000 0.0
8275.00000 0.0
8276.00000 0.0
8277.00000 0.0
8278.00000 0.0001
8279.00000 0.0001
8280.00000 0.0
8281.00000 0.0001
8282.00000 0.0001
8283.00000 0.0001
8284.00000 0.0001
8285.00000 0.0001
8286.00000 0.0001
8287.00000 0.0002
8288.00000 0.0001
8289.00000 0.0002
8290.00000 0.0002
8291.00000 0.0002
8292.00000 0.0002
8293.00000 0.0003
8294.00000 0.0003
8295.00000 0.0003
8296.00000 0.0004
8297.00000 0.0004
8298.00000 0.0005
8299.00000 0.0005
8300.00000 0.0007
8301.00000 0.0008
8302.00000 0.0008
8303.00000 0.0009
8304.00000 0.0011
8305.00000 0.0013
8306.00000 0.0014
8307.00000 0.0016
8308.00000 0.0019
8309.00000 0.0022
8310.00000 0.0026
8311.00000 0.0031
8312.00000 0.0034
8313.00000 0.0041
8314.00000 0.0047
8315.00000 0.0059
8316.00000 0.0067
8317.00000 0.0078
8318.00000 0.0094
8319.00000 0.0111
8320.00000 0.0132
8321.00000 0.0156
8322.00000 0.0193
8323.00000 0.023
8324.00000 0.0278
8325.00000 0.0336
8326.00000 0.0416
8327.00000 0.0503
8328.00000 0.0617
8329.00000 0.0751
8330.00000 0.0941
8331.00000 0.1131
8332.00000 0.1398
8333.00000 0.172
8334.00000 0.2081
8335.00000 0.2499
8336.00000 0.2958
8337.00000 0.3556
8338.00000 0.4123
8339.00000 0.4723
8340.00000 0.5325
8341.00000 0.5895
8342.00000 0.6347
8343.00000 0.6857
8344.00000 0.7205
8345.00000 0.7485
8346.00000 0.7629
8347.00000 0.7777
8348.00000 0.7825
8349.00000 0.7869
8350.00000 0.7854
8351.00000 0.7831
8352.00000 0.7857
8353.00000 0.7832
8354.00000 0.7788
8355.00000 0.7811
8356.00000 0.7825
8357.00000 0.7813
8358.00000 0.7818
8359.00000 0.7837
8360.00000 0.7829
8361.00000 0.7824
8362.00000 0.7841
8363.00000 0.782
8364.00000 0.7887
8365.00000 0.7885
8366.00000 0.7861
8367.00000 0.7871
8368.00000 0.7924
8369.00000 0.7901
8370.00000 0.7861
8371.00000 0.7888
8372.00000 0.7896
8373.00000 0.7874
8374.00000 0.7906
8375.00000 0.7863
8376.00000 0.7836
8377.00000 0.7834
8378.00000 0.7829
8379.00000 0.778
8380.00000 0.7789
8381.00000 0.7816
8382.00000 0.7802
8383.00000 0.7829
8384.00000 0.7793
8385.00000 0.7794
8386.00000 0.7741
8387.00000 0.7791
8388.00000 0.7803
8389.00000 0.7772
8390.00000 0.7788
8391.00000 0.7798
8392.00000 0.7852
8393.00000 0.7781
8394.00000 0.7817
8395.00000 0.78
8396.00000 0.7813
8397.00000 0.7872
8398.00000 0.7817
8399.00000 0.7855
8400.00000 0.7835
8401.00000 0.7817
8402.00000 0.7844
8403.00000 0.7914
8404.00000 0.7842
8405.00000 0.7865
8406.00000 0.785
8407.00000 0.7852
8408.00000 0.7868
8409.00000 0.7837
8410.00000 0.7882
8411.00000 0.7895
8412.00000 0.784
8413.00000 0.7875
8414.00000 0.785
8415.00000 0.787
8416.00000 0.7883
8417.00000 0.7847
8418.00000 0.7879
8419.00000 0.7884
8420.00000 0.7845
8421.00000 0.7879
8422.00000 0.7839
8423.00000 0.7854
8424.00000 0.783
8425.00000 0.7887
8426.00000 0.7861
8427.00000 0.7872
8428.00000 0.7884
8429.00000 0.7847
8430.00000 0.7856
8431.00000 0.7862
8432.00000 0.7831
8433.00000 0.7855
8434.00000 0.7805
8435.00000 0.7841
8436.00000 0.7844
8437.00000 0.7837
8438.00000 0.7854
8439.00000 0.7779
8440.00000 0.7845
8441.00000 0.7825
8442.00000 0.785
8443.00000 0.779
8444.00000 0.7828
8445.00000 0.7834
8446.00000 0.7816
8447.00000 0.7865
8448.00000 0.7871
8449.00000 0.7806
8450.00000 0.7845
8451.00000 0.7803
8452.00000 0.7779
8453.00000 0.7753
8454.00000 0.7836
8455.00000 0.7795
8456.00000 0.7757
8457.00000 0.7765
8458.00000 0.7795
8459.00000 0.7727
8460.00000 0.7766
8461.00000 0.7759
8462.00000 0.7729
8463.00000 0.774
8464.00000 0.7702
8465.00000 0.778
8466.00000 0.7743
8467.00000 0.7766
8468.00000 0.7801
8469.00000 0.7753
8470.00000 0.7766
8471.00000 0.7778
8472.00000 0.7724
8473.00000 0.7635
8474.00000 0.7556
8475.00000 0.7493
8476.00000 0.7338
8477.00000 0.7061
8478.00000 0.6818
8479.00000 0.6474
8480.00000 0.611
8481.00000 0.5656
8482.00000 0.5202
8483.00000 0.469
8484.00000 0.4171
8485.00000 0.3626
8486.00000 0.3132
8487.00000 0.2679
8488.00000 0.2288
8489.00000 0.1896
8490.00000 0.1571
8491.00000 0.1311
8492.00000 0.1095
8493.00000 0.0903
8494.00000 0.0757
8495.00000 0.0624
8496.00000 0.0528
8497.00000 0.044
8498.00000 0.0364
8499.00000 0.03
8500.00000 0.026
8501.00000 0.0213
8502.00000 0.0182
8503.00000 0.0154
8504.00000 0.0127
8505.00000 0.0112
8506.00000 0.0093
8507.00000 0.0079
8508.00000 0.0067
8509.00000 0.0057
8510.00000 0.005
8511.00000 0.0045
8512.00000 0.0043
8513.00000 0.0033
8514.00000 0.0027
8515.00000 0.0027
8516.00000 0.0023
8517.00000 0.0018
8518.00000 0.0016
8519.00000 0.0014
8520.00000 0.0012
8521.00000 0.0011
8522.00000 0.001
8523.00000 0.0011
8524.00000 0.0008
8525.00000 0.0007
8526.00000 0.0006
8527.00000 0.0004
8528.00000 0.0007
8529.00000 0.0005
8530.00000 0.0001
8531.00000 0.0003
8532.00000 0.0003
8533.00000 0.0004
8534.00000 0.0005
9387.40039 0.0
