threeML/data/optical_filters/OAJ/JPAS-J0760.ecsv
# %ECSV 0.9
# ---
# datatype:
# - {name: wavelength, unit: Angstrom, datatype: float32}
# - {name: response, datatype: float32}
# meta: !!omap
# - {band_name: J0760}
# - {group_name: JPAS}
wavelength response
6726.60010 0.0
7474.00000 0.0001
7475.00000 0.0001
7476.00000 0.0001
7477.00000 0.0001
7478.00000 0.0001
7479.00000 0.0001
7480.00000 0.0001
7481.00000 0.0001
7482.00000 0.0002
7483.00000 0.0002
7484.00000 0.0002
7485.00000 0.0002
7486.00000 0.0003
7487.00000 0.0003
7488.00000 0.0003
7489.00000 0.0004
7490.00000 0.0004
7491.00000 0.0005
7492.00000 0.0005
7493.00000 0.0006
7494.00000 0.0007
7495.00000 0.0008
7496.00000 0.0009
7497.00000 0.0011
7498.00000 0.0012
7499.00000 0.0014
7500.00000 0.0016
7501.00000 0.0019
7502.00000 0.0021
7503.00000 0.0025
7504.00000 0.0029
7505.00000 0.0033
7506.00000 0.0038
7507.00000 0.0044
7508.00000 0.0053
7509.00000 0.0063
7510.00000 0.0075
7511.00000 0.0088
7512.00000 0.0109
7513.00000 0.0127
7514.00000 0.0154
7515.00000 0.0182
7516.00000 0.0219
7517.00000 0.026
7518.00000 0.0313
7519.00000 0.0381
7520.00000 0.0463
7521.00000 0.0576
7522.00000 0.0706
7523.00000 0.0882
7524.00000 0.1085
7525.00000 0.1371
7526.00000 0.1671
7527.00000 0.2046
7528.00000 0.2433
7529.00000 0.2951
7530.00000 0.3519
7531.00000 0.4142
7532.00000 0.482
7533.00000 0.5486
7534.00000 0.621
7535.00000 0.6834
7536.00000 0.7379
7537.00000 0.7787
7538.00000 0.8122
7539.00000 0.8326
7540.00000 0.8455
7541.00000 0.8564
7542.00000 0.861
7543.00000 0.8635
7544.00000 0.8611
7545.00000 0.8606
7546.00000 0.8592
7547.00000 0.8544
7548.00000 0.8561
7549.00000 0.8571
7550.00000 0.8561
7551.00000 0.858
7552.00000 0.8588
7553.00000 0.8597
7554.00000 0.8591
7555.00000 0.8604
7556.00000 0.8589
7557.00000 0.8622
7558.00000 0.8624
7559.00000 0.8636
7560.00000 0.8649
7561.00000 0.8663
7562.00000 0.8655
7563.00000 0.8659
7564.00000 0.8658
7565.00000 0.8652
7566.00000 0.8644
7567.00000 0.8643
7568.00000 0.8659
7569.00000 0.865
7570.00000 0.8638
7571.00000 0.8617
7572.00000 0.8621
7573.00000 0.8597
7574.00000 0.8593
7575.00000 0.8571
7576.00000 0.8588
7577.00000 0.8583
7578.00000 0.8604
7579.00000 0.8601
7580.00000 0.8612
7581.00000 0.8442
7582.00000 0.8265
7583.00000 0.811
7584.00000 0.7942
7585.00000 0.7777
7586.00000 0.7617
7587.00000 0.746
7588.00000 0.7298
7589.00000 0.7148
7590.00000 0.7
7591.00000 0.6834
7592.00000 0.6685
7593.00000 0.652
7594.00000 0.6348
7595.00000 0.618
7596.00000 0.6022
7597.00000 0.5847
7598.00000 0.5688
7599.00000 0.5535
7600.00000 0.5363
7601.00000 0.5211
7602.00000 0.5039
7603.00000 0.4866
7604.00000 0.47
7605.00000 0.4547
7606.00000 0.4601
7607.00000 0.4658
7608.00000 0.471
7609.00000 0.4774
7610.00000 0.4835
7611.00000 0.4886
7612.00000 0.4951
7613.00000 0.5009
7614.00000 0.5059
7615.00000 0.5128
7616.00000 0.5195
7617.00000 0.5247
7618.00000 0.5301
7619.00000 0.5346
7620.00000 0.5401
7621.00000 0.5465
7622.00000 0.5523
7623.00000 0.5582
7624.00000 0.5634
7625.00000 0.571
7626.00000 0.5766
7627.00000 0.5832
7628.00000 0.5893
7629.00000 0.5951
7630.00000 0.6015
7631.00000 0.6069
7632.00000 0.6113
7633.00000 0.6161
7634.00000 0.6204
7635.00000 0.6267
7636.00000 0.6325
7637.00000 0.6377
7638.00000 0.6431
7639.00000 0.6478
7640.00000 0.6525
7641.00000 0.6573
7642.00000 0.6626
7643.00000 0.6678
7644.00000 0.673
7645.00000 0.6769
7646.00000 0.6806
7647.00000 0.6858
7648.00000 0.6882
7649.00000 0.6925
7650.00000 0.6951
7651.00000 0.6998
7652.00000 0.7028
7653.00000 0.7081
7654.00000 0.7147
7655.00000 0.7198
7656.00000 0.7267
7657.00000 0.7333
7658.00000 0.7401
7659.00000 0.7466
7660.00000 0.753
7661.00000 0.7596
7662.00000 0.7638
7663.00000 0.7696
7664.00000 0.7738
7665.00000 0.7728
7666.00000 0.7667
7667.00000 0.7581
7668.00000 0.7425
7669.00000 0.7211
7670.00000 0.6907
7671.00000 0.6527
7672.00000 0.6088
7673.00000 0.5541
7674.00000 0.4952
7675.00000 0.4346
7676.00000 0.3782
7677.00000 0.3166
7678.00000 0.2691
7679.00000 0.2247
7680.00000 0.1922
7681.00000 0.1586
7682.00000 0.134
7683.00000 0.1111
7684.00000 0.0923
7685.00000 0.0757
7686.00000 0.0618
7687.00000 0.0507
7688.00000 0.0415
7689.00000 0.0345
7690.00000 0.0284
7691.00000 0.024
7692.00000 0.0202
7693.00000 0.0175
7694.00000 0.015
7695.00000 0.0128
7696.00000 0.011
7697.00000 0.0092
7698.00000 0.0079
7699.00000 0.0066
7700.00000 0.0057
7701.00000 0.0049
7702.00000 0.0042
7703.00000 0.0036
7704.00000 0.0032
7705.00000 0.0028
7706.00000 0.0025
7707.00000 0.0022
7708.00000 0.002
7709.00000 0.0017
7710.00000 0.0015
7711.00000 0.0013
7712.00000 0.0011
7713.00000 0.001
7714.00000 0.0009
7715.00000 0.0008
7716.00000 0.0007
7717.00000 0.0006
7718.00000 0.0005
7719.00000 0.0005
7720.00000 0.0004
7721.00000 0.0004
7722.00000 0.0004
7723.00000 0.0003
7724.00000 0.0003
7725.00000 0.0003
7726.00000 0.0002
7727.00000 0.0002
7728.00000 0.0002
7729.00000 0.0001
7730.00000 0.0001
7731.00000 0.0001
7732.00000 0.0001
7733.00000 0.0001
7734.00000 0.0001
7735.00000 0.0001
7736.00000 0.0001
7737.00000 0.0001
7738.00000 0.0001
7739.00000 0.0001
7740.00000 0.0001
8514.00000 0.0
