threeML/data/optical_filters/OAJ/JPAS-J0540.ecsv
# %ECSV 0.9
# ---
# datatype:
# - {name: wavelength, unit: Angstrom, datatype: float32}
# - {name: response, datatype: float32}
# meta: !!omap
# - {band_name: J0540}
# - {group_name: JPAS}
wavelength response
4735.79980 0.0
5262.00000 0.0001
5263.00000 0.0001
5264.00000 0.0001
5265.00000 0.0001
5266.00000 0.0001
5267.00000 0.0001
5268.00000 0.0001
5269.00000 0.0001
5270.00000 0.0001
5271.00000 0.0001
5272.00000 0.0001
5273.00000 0.0002
5274.00000 0.0002
5275.00000 0.0002
5276.00000 0.0002
5277.00000 0.0002
5278.00000 0.0003
5279.00000 0.0003
5280.00000 0.0004
5281.00000 0.0004
5282.00000 0.0005
5283.00000 0.0005
5284.00000 0.0006
5285.00000 0.0006
5286.00000 0.0007
5287.00000 0.0008
5288.00000 0.001
5289.00000 0.0011
5290.00000 0.0012
5291.00000 0.0014
5292.00000 0.0016
5293.00000 0.0019
5294.00000 0.0021
5295.00000 0.0025
5296.00000 0.0029
5297.00000 0.0033
5298.00000 0.0038
5299.00000 0.0044
5300.00000 0.0052
5301.00000 0.006
5302.00000 0.0072
5303.00000 0.0084
5304.00000 0.0101
5305.00000 0.0118
5306.00000 0.0142
5307.00000 0.0167
5308.00000 0.0202
5309.00000 0.0241
5310.00000 0.0291
5311.00000 0.035
5312.00000 0.0423
5313.00000 0.0519
5314.00000 0.0627
5315.00000 0.0773
5316.00000 0.094
5317.00000 0.1162
5318.00000 0.1409
5319.00000 0.1725
5320.00000 0.2055
5321.00000 0.2484
5322.00000 0.2958
5323.00000 0.3487
5324.00000 0.4039
5325.00000 0.4591
5326.00000 0.5193
5327.00000 0.5708
5328.00000 0.6195
5329.00000 0.6582
5330.00000 0.6932
5331.00000 0.7175
5332.00000 0.7348
5333.00000 0.7453
5334.00000 0.7516
5335.00000 0.7562
5336.00000 0.7569
5337.00000 0.7581
5338.00000 0.7563
5339.00000 0.7556
5340.00000 0.7541
5341.00000 0.7537
5342.00000 0.7531
5343.00000 0.753
5344.00000 0.7531
5345.00000 0.7536
5346.00000 0.7533
5347.00000 0.7547
5348.00000 0.7554
5349.00000 0.757
5350.00000 0.7576
5351.00000 0.7585
5352.00000 0.7572
5353.00000 0.7577
5354.00000 0.7579
5355.00000 0.7588
5356.00000 0.7582
5357.00000 0.7586
5358.00000 0.7576
5359.00000 0.7566
5360.00000 0.7558
5361.00000 0.7561
5362.00000 0.7556
5363.00000 0.7552
5364.00000 0.7542
5365.00000 0.7535
5366.00000 0.7537
5367.00000 0.7525
5368.00000 0.7524
5369.00000 0.7516
5370.00000 0.7524
5371.00000 0.7515
5372.00000 0.7524
5373.00000 0.7521
5374.00000 0.7518
5375.00000 0.7521
5376.00000 0.7521
5377.00000 0.7522
5378.00000 0.7533
5379.00000 0.7528
5380.00000 0.753
5381.00000 0.7537
5382.00000 0.7532
5383.00000 0.7532
5384.00000 0.7532
5385.00000 0.753
5386.00000 0.7537
5387.00000 0.7532
5388.00000 0.7534
5389.00000 0.7533
5390.00000 0.7534
5391.00000 0.7529
5392.00000 0.7534
5393.00000 0.7529
5394.00000 0.7528
5395.00000 0.753
5396.00000 0.7529
5397.00000 0.753
5398.00000 0.7519
5399.00000 0.753
5400.00000 0.7526
5401.00000 0.7518
5402.00000 0.7519
5403.00000 0.7524
5404.00000 0.751
5405.00000 0.751
5406.00000 0.7498
5407.00000 0.7494
5408.00000 0.749
5409.00000 0.7493
5410.00000 0.7487
5411.00000 0.7485
5412.00000 0.7477
5413.00000 0.7466
5414.00000 0.7468
5415.00000 0.7462
5416.00000 0.7458
5417.00000 0.7444
5418.00000 0.7437
5419.00000 0.7436
5420.00000 0.7427
5421.00000 0.7425
5422.00000 0.7419
5423.00000 0.7421
5424.00000 0.7412
5425.00000 0.7408
5426.00000 0.7398
5427.00000 0.7411
5428.00000 0.741
5429.00000 0.7409
5430.00000 0.7409
5431.00000 0.7416
5432.00000 0.7421
5433.00000 0.7413
5434.00000 0.7431
5435.00000 0.7424
5436.00000 0.7429
5437.00000 0.7435
5438.00000 0.7444
5439.00000 0.7443
5440.00000 0.7445
5441.00000 0.7445
5442.00000 0.7461
5443.00000 0.7462
5444.00000 0.7453
5445.00000 0.7453
5446.00000 0.7461
5447.00000 0.7456
5448.00000 0.746
5449.00000 0.7452
5450.00000 0.7449
5451.00000 0.7446
5452.00000 0.7446
5453.00000 0.7436
5454.00000 0.7431
5455.00000 0.7424
5456.00000 0.7405
5457.00000 0.7396
5458.00000 0.7356
5459.00000 0.7316
5460.00000 0.7256
5461.00000 0.7177
5462.00000 0.7071
5463.00000 0.6942
5464.00000 0.6766
5465.00000 0.6526
5466.00000 0.6259
5467.00000 0.5924
5468.00000 0.5574
5469.00000 0.5125
5470.00000 0.4693
5471.00000 0.4212
5472.00000 0.3768
5473.00000 0.3274
5474.00000 0.286
5475.00000 0.2457
5476.00000 0.2114
5477.00000 0.1797
5478.00000 0.151
5479.00000 0.128
5480.00000 0.1079
5481.00000 0.0916
5482.00000 0.076
5483.00000 0.0643
5484.00000 0.0538
5485.00000 0.0458
5486.00000 0.0381
5487.00000 0.0325
5488.00000 0.0276
5489.00000 0.0237
5490.00000 0.0202
5491.00000 0.0171
5492.00000 0.0147
5493.00000 0.0127
5494.00000 0.0109
5495.00000 0.0093
5496.00000 0.0081
5497.00000 0.007
5498.00000 0.0061
5499.00000 0.0053
5500.00000 0.0046
5501.00000 0.004
5502.00000 0.0036
5503.00000 0.0032
5504.00000 0.0028
5505.00000 0.0024
5506.00000 0.0022
5507.00000 0.0019
5508.00000 0.0017
5509.00000 0.0015
5510.00000 0.0013
5511.00000 0.0012
5512.00000 0.001
5513.00000 0.0009
5514.00000 0.0008
5515.00000 0.0007
5516.00000 0.0007
5517.00000 0.0006
5518.00000 0.0005
5519.00000 0.0005
5520.00000 0.0004
5521.00000 0.0004
5522.00000 0.0004
5523.00000 0.0003
5524.00000 0.0003
5525.00000 0.0003
5526.00000 0.0003
5527.00000 0.0002
5528.00000 0.0002
5529.00000 0.0002
5530.00000 0.0002
5531.00000 0.0002
5532.00000 0.0001
5533.00000 0.0001
5534.00000 0.0001
5535.00000 0.0001
5536.00000 0.0001
5537.00000 0.0001
5538.00000 0.0001
5539.00000 0.0001
5540.00000 0.0001
5541.00000 0.0001
5542.00000 0.0001
5543.00000 0.0001
5544.00000 0.0001
6098.39990 0.0
