threeML/data/optical_filters/OAJ/JPAS-J0790.ecsv
# %ECSV 0.9
# ---
# datatype:
# - {name: wavelength, unit: Angstrom, datatype: float32}
# - {name: response, datatype: float32}
# meta: !!omap
# - {band_name: J0790}
# - {group_name: JPAS}
wavelength response
6998.39990 0.0
7776.00000 0.0001
7777.00000 0.0001
7778.00000 0.0001
7779.00000 0.0001
7780.00000 0.0001
7781.00000 0.0001
7782.00000 0.0001
7783.00000 0.0001
7784.00000 0.0001
7785.00000 0.0002
7786.00000 0.0001
7787.00000 0.0002
7788.00000 0.0002
7789.00000 0.0002
7790.00000 0.0003
7791.00000 0.0003
7792.00000 0.0003
7793.00000 0.0003
7794.00000 0.0004
7795.00000 0.0005
7796.00000 0.0005
7797.00000 0.0006
7798.00000 0.0007
7799.00000 0.0008
7800.00000 0.0009
7801.00000 0.0009
7802.00000 0.0011
7803.00000 0.0012
7804.00000 0.0015
7805.00000 0.0017
7806.00000 0.0019
7807.00000 0.0023
7808.00000 0.0026
7809.00000 0.003
7810.00000 0.0035
7811.00000 0.0039
7812.00000 0.0048
7813.00000 0.0055
7814.00000 0.0064
7815.00000 0.0075
7816.00000 0.0089
7817.00000 0.0103
7818.00000 0.0122
7819.00000 0.0143
7820.00000 0.0173
7821.00000 0.0202
7822.00000 0.0243
7823.00000 0.0288
7824.00000 0.0347
7825.00000 0.042
7826.00000 0.0509
7827.00000 0.0617
7828.00000 0.0736
7829.00000 0.0901
7830.00000 0.1084
7831.00000 0.1326
7832.00000 0.1588
7833.00000 0.1927
7834.00000 0.2299
7835.00000 0.2732
7836.00000 0.3188
7837.00000 0.3768
7838.00000 0.4374
7839.00000 0.4953
7840.00000 0.556
7841.00000 0.6104
7842.00000 0.6674
7843.00000 0.7147
7844.00000 0.7569
7845.00000 0.7875
7846.00000 0.8152
7847.00000 0.8317
7848.00000 0.8466
7849.00000 0.8569
7850.00000 0.8632
7851.00000 0.8685
7852.00000 0.872
7853.00000 0.8729
7854.00000 0.8722
7855.00000 0.8719
7856.00000 0.871
7857.00000 0.8739
7858.00000 0.873
7859.00000 0.8708
7860.00000 0.8713
7861.00000 0.8713
7862.00000 0.8717
7863.00000 0.873
7864.00000 0.8696
7865.00000 0.8715
7866.00000 0.8718
7867.00000 0.8707
7868.00000 0.8689
7869.00000 0.8696
7870.00000 0.8679
7871.00000 0.8669
7872.00000 0.8688
7873.00000 0.869
7874.00000 0.8677
7875.00000 0.8662
7876.00000 0.8666
7877.00000 0.8655
7878.00000 0.8667
7879.00000 0.8651
7880.00000 0.8663
7881.00000 0.865
7882.00000 0.8636
7883.00000 0.867
7884.00000 0.8677
7885.00000 0.866
7886.00000 0.8671
7887.00000 0.8674
7888.00000 0.8658
7889.00000 0.8654
7890.00000 0.8672
7891.00000 0.8665
7892.00000 0.8678
7893.00000 0.869
7894.00000 0.8699
7895.00000 0.8682
7896.00000 0.8687
7897.00000 0.8687
7898.00000 0.8684
7899.00000 0.8721
7900.00000 0.8699
7901.00000 0.8701
7902.00000 0.8716
7903.00000 0.8706
7904.00000 0.8712
7905.00000 0.8718
7906.00000 0.8718
7907.00000 0.8728
7908.00000 0.8711
7909.00000 0.8724
7910.00000 0.8725
7911.00000 0.8729
7912.00000 0.8734
7913.00000 0.8723
7914.00000 0.8702
7915.00000 0.8731
7916.00000 0.8712
7917.00000 0.8721
7918.00000 0.8717
7919.00000 0.8723
7920.00000 0.8709
7921.00000 0.8712
7922.00000 0.8705
7923.00000 0.8676
7924.00000 0.8681
7925.00000 0.8662
7926.00000 0.8663
7927.00000 0.8653
7928.00000 0.8634
7929.00000 0.8647
7930.00000 0.8645
7931.00000 0.8628
7932.00000 0.8635
7933.00000 0.8625
7934.00000 0.8618
7935.00000 0.8603
7936.00000 0.8621
7937.00000 0.8628
7938.00000 0.8625
7939.00000 0.8642
7940.00000 0.863
7941.00000 0.8657
7942.00000 0.8654
7943.00000 0.8662
7944.00000 0.8652
7945.00000 0.869
7946.00000 0.8686
7947.00000 0.8724
7948.00000 0.8729
7949.00000 0.874
7950.00000 0.8767
7951.00000 0.8763
7952.00000 0.8783
7953.00000 0.8756
7954.00000 0.8776
7955.00000 0.8786
7956.00000 0.8808
7957.00000 0.8794
7958.00000 0.8789
7959.00000 0.878
7960.00000 0.8799
7961.00000 0.8785
7962.00000 0.8753
7963.00000 0.876
7964.00000 0.8751
7965.00000 0.8691
7966.00000 0.8644
7967.00000 0.8574
7968.00000 0.8472
7969.00000 0.8345
7970.00000 0.8209
7971.00000 0.7997
7972.00000 0.7704
7973.00000 0.7412
7974.00000 0.7007
7975.00000 0.6628
7976.00000 0.6104
7977.00000 0.5549
7978.00000 0.4992
7979.00000 0.446
7980.00000 0.3937
7981.00000 0.337
7982.00000 0.2915
7983.00000 0.2449
7984.00000 0.2099
7985.00000 0.1734
7986.00000 0.1462
7987.00000 0.1213
7988.00000 0.1031
7989.00000 0.085
7990.00000 0.0708
7991.00000 0.0592
7992.00000 0.0494
7993.00000 0.042
7994.00000 0.035
7995.00000 0.0295
7996.00000 0.0245
7997.00000 0.021
7998.00000 0.0176
7999.00000 0.0148
8000.00000 0.0128
8001.00000 0.011
8002.00000 0.0095
8003.00000 0.008
8004.00000 0.0069
8005.00000 0.006
8006.00000 0.0052
8007.00000 0.0044
8008.00000 0.0038
8009.00000 0.0033
8010.00000 0.0029
8011.00000 0.0025
8012.00000 0.0022
8013.00000 0.002
8014.00000 0.0018
8015.00000 0.0015
8016.00000 0.0013
8017.00000 0.0012
8018.00000 0.001
8019.00000 0.0009
8020.00000 0.0009
8021.00000 0.0008
8022.00000 0.0007
8023.00000 0.0006
8024.00000 0.0005
8025.00000 0.0005
8026.00000 0.0004
8027.00000 0.0004
8028.00000 0.0004
8029.00000 0.0003
8030.00000 0.0002
8031.00000 0.0003
8032.00000 0.0002
8033.00000 0.0002
8034.00000 0.0002
8035.00000 0.0002
8036.00000 0.0001
8037.00000 0.0001
8038.00000 0.0001
8039.00000 0.0001
8040.00000 0.0001
8041.00000 0.0001
8042.00000 0.0001
8043.00000 0.0001
8044.00000 0.0001
8045.00000 0.0001
8046.00000 0.0001
8850.59961 0.0
