threeML/data/optical_filters/OAJ/JPAS-J0850.ecsv
# %ECSV 0.9
# ---
# datatype:
# - {name: wavelength, unit: Angstrom, datatype: float32}
# - {name: response, datatype: float32}
# meta: !!omap
# - {band_name: J0850}
# - {group_name: JPAS}
wavelength response
7528.50000 0.0
8365.00000 0.0001
8366.00000 0.0
8367.00000 0.0
8368.00000 0.0
8369.00000 0.0
8370.00000 0.0
8371.00000 0.0
8372.00000 0.0
8373.00000 0.0
8374.00000 0.0
8375.00000 0.0
8376.00000 0.0
8377.00000 0.0
8378.00000 0.0001
8379.00000 0.0001
8380.00000 0.0001
8381.00000 0.0
8382.00000 0.0
8383.00000 0.0001
8384.00000 0.0001
8385.00000 0.0001
8386.00000 0.0001
8387.00000 0.0002
8388.00000 0.0002
8389.00000 0.0002
8390.00000 0.0002
8391.00000 0.0002
8392.00000 0.0002
8393.00000 0.0003
8394.00000 0.0003
8395.00000 0.0004
8396.00000 0.0003
8397.00000 0.0004
8398.00000 0.0004
8399.00000 0.0006
8400.00000 0.0006
8401.00000 0.0007
8402.00000 0.0008
8403.00000 0.001
8404.00000 0.0011
8405.00000 0.0012
8406.00000 0.0015
8407.00000 0.0016
8408.00000 0.002
8409.00000 0.0023
8410.00000 0.0026
8411.00000 0.0031
8412.00000 0.0036
8413.00000 0.0044
8414.00000 0.0051
8415.00000 0.0063
8416.00000 0.0072
8417.00000 0.0086
8418.00000 0.0104
8419.00000 0.0121
8420.00000 0.0147
8421.00000 0.018
8422.00000 0.0215
8423.00000 0.0265
8424.00000 0.0327
8425.00000 0.0391
8426.00000 0.0485
8427.00000 0.0586
8428.00000 0.0742
8429.00000 0.0909
8430.00000 0.1114
8431.00000 0.1356
8432.00000 0.1652
8433.00000 0.2
8434.00000 0.2443
8435.00000 0.2882
8436.00000 0.3402
8437.00000 0.4012
8438.00000 0.4575
8439.00000 0.5166
8440.00000 0.574
8441.00000 0.6254
8442.00000 0.672
8443.00000 0.7043
8444.00000 0.7335
8445.00000 0.7537
8446.00000 0.7624
8447.00000 0.7711
8448.00000 0.7766
8449.00000 0.7772
8450.00000 0.7769
8451.00000 0.7835
8452.00000 0.7745
8453.00000 0.7732
8454.00000 0.7706
8455.00000 0.7719
8456.00000 0.7743
8457.00000 0.7739
8458.00000 0.7701
8459.00000 0.7724
8460.00000 0.7727
8461.00000 0.7702
8462.00000 0.7783
8463.00000 0.7781
8464.00000 0.7731
8465.00000 0.7843
8466.00000 0.7798
8467.00000 0.7807
8468.00000 0.7836
8469.00000 0.7792
8470.00000 0.7738
8471.00000 0.7716
8472.00000 0.7723
8473.00000 0.7749
8474.00000 0.7708
8475.00000 0.7779
8476.00000 0.7706
8477.00000 0.7686
8478.00000 0.7667
8479.00000 0.766
8480.00000 0.7672
8481.00000 0.7652
8482.00000 0.772
8483.00000 0.7657
8484.00000 0.7672
8485.00000 0.7624
8486.00000 0.7648
8487.00000 0.7657
8488.00000 0.7637
8489.00000 0.768
8490.00000 0.7606
8491.00000 0.762
8492.00000 0.7685
8493.00000 0.7672
8494.00000 0.7682
8495.00000 0.77
8496.00000 0.7631
8497.00000 0.7655
8498.00000 0.7607
8499.00000 0.7641
8500.00000 0.7629
8501.00000 0.7625
8502.00000 0.7671
8503.00000 0.7606
8504.00000 0.7604
8505.00000 0.7665
8506.00000 0.7692
8507.00000 0.7642
8508.00000 0.7573
8509.00000 0.7636
8510.00000 0.7639
8511.00000 0.7654
8512.00000 0.7605
8513.00000 0.76
8514.00000 0.7654
8515.00000 0.756
8516.00000 0.7564
8517.00000 0.7682
8518.00000 0.7568
8519.00000 0.7638
8520.00000 0.7561
8521.00000 0.7648
8522.00000 0.7666
8523.00000 0.76
8524.00000 0.7619
8525.00000 0.7641
8526.00000 0.7657
8527.00000 0.7648
8528.00000 0.7688
8529.00000 0.766
8530.00000 0.7632
8531.00000 0.755
8532.00000 0.7591
8533.00000 0.7623
8534.00000 0.7536
8535.00000 0.7616
8536.00000 0.7543
8537.00000 0.7574
8538.00000 0.7541
8539.00000 0.756
8540.00000 0.7608
8541.00000 0.7548
8542.00000 0.7555
8543.00000 0.7577
8544.00000 0.7518
8545.00000 0.7549
8546.00000 0.7586
8547.00000 0.7583
8548.00000 0.75
8549.00000 0.7579
8550.00000 0.7589
8551.00000 0.7609
8552.00000 0.755
8553.00000 0.7566
8554.00000 0.7518
8555.00000 0.7609
8556.00000 0.7568
8557.00000 0.7614
8558.00000 0.7513
8559.00000 0.7618
8560.00000 0.7486
8561.00000 0.7524
8562.00000 0.749
8563.00000 0.7559
8564.00000 0.7503
8565.00000 0.7584
8566.00000 0.7361
8567.00000 0.7462
8568.00000 0.7482
8569.00000 0.7515
8570.00000 0.7309
8571.00000 0.7274
8572.00000 0.7201
8573.00000 0.7087
8574.00000 0.6899
8575.00000 0.6662
8576.00000 0.6394
8577.00000 0.604
8578.00000 0.563
8579.00000 0.53
8580.00000 0.4768
8581.00000 0.4316
8582.00000 0.3837
8583.00000 0.3422
8584.00000 0.2929
8585.00000 0.2458
8586.00000 0.2101
8587.00000 0.1746
8588.00000 0.147
8589.00000 0.1218
8590.00000 0.0994
8591.00000 0.083
8592.00000 0.0698
8593.00000 0.0577
8594.00000 0.0471
8595.00000 0.0391
8596.00000 0.0326
8597.00000 0.027
8598.00000 0.0231
8599.00000 0.0183
8600.00000 0.0147
8601.00000 0.0132
8602.00000 0.0103
8603.00000 0.0091
8604.00000 0.0075
8605.00000 0.0072
8606.00000 0.0058
8607.00000 0.0057
8608.00000 0.0041
8609.00000 0.0039
8610.00000 0.0033
8611.00000 0.0029
8612.00000 0.0023
8613.00000 0.002
8614.00000 0.0022
8615.00000 0.0015
8616.00000 0.0015
8617.00000 0.001
8618.00000 0.0012
8619.00000 0.0009
8620.00000 0.001
8621.00000 0.0007
8622.00000 0.0006
8623.00000 0.0004
8624.00000 0.0004
8625.00000 0.0005
8626.00000 0.0001
8627.00000 0.0004
8628.00000 0.0007
8629.00000 0.0007
9491.90039 0.0
