threeML/data/optical_filters/OAJ/JPAS-J0620.ecsv
# %ECSV 0.9
# ---
# datatype:
# - {name: wavelength, unit: Angstrom, datatype: float32}
# - {name: response, datatype: float32}
# meta: !!omap
# - {band_name: J0620}
# - {group_name: JPAS}
wavelength response
5481.89990 0.0
6091.00000 0.0001
6092.00000 0.0001
6093.00000 0.0001
6094.00000 0.0001
6095.00000 0.0002
6096.00000 0.0002
6097.00000 0.0003
6098.00000 0.0004
6099.00000 0.0005
6100.00000 0.0007
6101.00000 0.0009
6102.00000 0.0012
6103.00000 0.0014
6104.00000 0.0017
6105.00000 0.0021
6106.00000 0.0025
6107.00000 0.003
6108.00000 0.0035
6109.00000 0.0041
6110.00000 0.0049
6111.00000 0.0057
6112.00000 0.0067
6113.00000 0.0079
6114.00000 0.0092
6115.00000 0.0111
6116.00000 0.0131
6117.00000 0.0156
6118.00000 0.0185
6119.00000 0.0222
6120.00000 0.0265
6121.00000 0.0319
6122.00000 0.0381
6123.00000 0.0459
6124.00000 0.0557
6125.00000 0.0671
6126.00000 0.0815
6127.00000 0.0982
6128.00000 0.1215
6129.00000 0.1468
6130.00000 0.1792
6131.00000 0.2136
6132.00000 0.2572
6133.00000 0.3038
6134.00000 0.3586
6135.00000 0.4149
6136.00000 0.4764
6137.00000 0.5412
6138.00000 0.6007
6139.00000 0.6569
6140.00000 0.7038
6141.00000 0.7481
6142.00000 0.7811
6143.00000 0.8073
6144.00000 0.8254
6145.00000 0.8384
6146.00000 0.8457
6147.00000 0.8502
6148.00000 0.8505
6149.00000 0.851
6150.00000 0.8506
6151.00000 0.8501
6152.00000 0.85
6153.00000 0.8498
6154.00000 0.8491
6155.00000 0.8486
6156.00000 0.8484
6157.00000 0.8491
6158.00000 0.8497
6159.00000 0.8508
6160.00000 0.852
6161.00000 0.8537
6162.00000 0.8553
6163.00000 0.8561
6164.00000 0.8563
6165.00000 0.8569
6166.00000 0.8573
6167.00000 0.8576
6168.00000 0.8584
6169.00000 0.859
6170.00000 0.8591
6171.00000 0.8589
6172.00000 0.8596
6173.00000 0.8591
6174.00000 0.8587
6175.00000 0.8573
6176.00000 0.8572
6177.00000 0.857
6178.00000 0.8571
6179.00000 0.8567
6180.00000 0.8572
6181.00000 0.8569
6182.00000 0.8565
6183.00000 0.8562
6184.00000 0.8558
6185.00000 0.8551
6186.00000 0.8548
6187.00000 0.855
6188.00000 0.8553
6189.00000 0.8558
6190.00000 0.856
6191.00000 0.8565
6192.00000 0.8566
6193.00000 0.8561
6194.00000 0.8558
6195.00000 0.8549
6196.00000 0.855
6197.00000 0.8555
6198.00000 0.8561
6199.00000 0.8568
6200.00000 0.8579
6201.00000 0.8579
6202.00000 0.8571
6203.00000 0.8562
6204.00000 0.8556
6205.00000 0.8557
6206.00000 0.8555
6207.00000 0.8574
6208.00000 0.8574
6209.00000 0.8587
6210.00000 0.8585
6211.00000 0.8582
6212.00000 0.8575
6213.00000 0.8565
6214.00000 0.8562
6215.00000 0.8564
6216.00000 0.8574
6217.00000 0.8581
6218.00000 0.8591
6219.00000 0.8597
6220.00000 0.8594
6221.00000 0.859
6222.00000 0.8587
6223.00000 0.8583
6224.00000 0.8582
6225.00000 0.8587
6226.00000 0.859
6227.00000 0.8603
6228.00000 0.8612
6229.00000 0.8613
6230.00000 0.861
6231.00000 0.8614
6232.00000 0.861
6233.00000 0.8608
6234.00000 0.8614
6235.00000 0.8625
6236.00000 0.8624
6237.00000 0.8631
6238.00000 0.8643
6239.00000 0.8653
6240.00000 0.8652
6241.00000 0.8652
6242.00000 0.8654
6243.00000 0.8655
6244.00000 0.8657
6245.00000 0.8656
6246.00000 0.8663
6247.00000 0.8669
6248.00000 0.8669
6249.00000 0.8679
6250.00000 0.8672
6251.00000 0.8662
6252.00000 0.8657
6253.00000 0.8634
6254.00000 0.8628
6255.00000 0.8623
6256.00000 0.8614
6257.00000 0.8615
6258.00000 0.8613
6259.00000 0.8606
6260.00000 0.8598
6261.00000 0.8585
6262.00000 0.8578
6263.00000 0.8563
6264.00000 0.8561
6265.00000 0.8562
6266.00000 0.8579
6267.00000 0.8591
6268.00000 0.8598
6269.00000 0.8591
6270.00000 0.8581
6271.00000 0.8532
6272.00000 0.847
6273.00000 0.8371
6274.00000 0.8239
6275.00000 0.8052
6276.00000 0.7811
6277.00000 0.7508
6278.00000 0.7139
6279.00000 0.6674
6280.00000 0.6129
6281.00000 0.5587
6282.00000 0.4991
6283.00000 0.4439
6284.00000 0.3822
6285.00000 0.3312
6286.00000 0.2815
6287.00000 0.2422
6288.00000 0.2034
6289.00000 0.1705
6290.00000 0.1427
6291.00000 0.1197
6292.00000 0.1003
6293.00000 0.0831
6294.00000 0.07
6295.00000 0.0584
6296.00000 0.0496
6297.00000 0.0411
6298.00000 0.0349
6299.00000 0.0294
6300.00000 0.0253
6301.00000 0.0215
6302.00000 0.0183
6303.00000 0.0157
6304.00000 0.0135
6305.00000 0.0116
6306.00000 0.0099
6307.00000 0.0087
6308.00000 0.0075
6309.00000 0.0065
6310.00000 0.0056
6311.00000 0.0049
6312.00000 0.0043
6313.00000 0.0038
6314.00000 0.0033
6315.00000 0.0029
6316.00000 0.0026
6317.00000 0.0023
6318.00000 0.002
6319.00000 0.0018
6320.00000 0.0016
6321.00000 0.0014
6322.00000 0.0013
6323.00000 0.0011
6324.00000 0.001
6325.00000 0.0009
6326.00000 0.0008
6327.00000 0.0007
6328.00000 0.0007
6329.00000 0.0006
6330.00000 0.0005
6331.00000 0.0005
6332.00000 0.0004
6333.00000 0.0004
6334.00000 0.0003
6335.00000 0.0003
6336.00000 0.0003
6337.00000 0.0003
6338.00000 0.0002
6339.00000 0.0002
6340.00000 0.0002
6341.00000 0.0002
6342.00000 0.0002
6343.00000 0.0002
6344.00000 0.0001
6345.00000 0.0001
6346.00000 0.0001
6347.00000 0.0001
6348.00000 0.0001
6349.00000 0.0001
6350.00000 0.0001
6351.00000 0.0001
6352.00000 0.0001
6353.00000 0.0001
6354.00000 0.0001
6989.39990 0.0
