threeML/data/optical_filters/OAJ/JPAS-J0530.ecsv
# %ECSV 0.9
# ---
# datatype:
# - {name: wavelength, unit: Angstrom, datatype: float32}
# - {name: response, datatype: float32}
# meta: !!omap
# - {band_name: J0530}
# - {group_name: JPAS}
wavelength response
4649.39990 0.0
5166.00000 0.0001
5167.00000 0.0001
5168.00000 0.0001
5169.00000 0.0001
5170.00000 0.0001
5171.00000 0.0001
5172.00000 0.0001
5173.00000 0.0001
5174.00000 0.0001
5175.00000 0.0001
5176.00000 0.0001
5177.00000 0.0002
5178.00000 0.0002
5179.00000 0.0002
5180.00000 0.0002
5181.00000 0.0003
5182.00000 0.0003
5183.00000 0.0003
5184.00000 0.0004
5185.00000 0.0004
5186.00000 0.0005
5187.00000 0.0005
5188.00000 0.0006
5189.00000 0.0007
5190.00000 0.0008
5191.00000 0.0009
5192.00000 0.001
5193.00000 0.0011
5194.00000 0.0012
5195.00000 0.0014
5196.00000 0.0016
5197.00000 0.0018
5198.00000 0.0021
5199.00000 0.0024
5200.00000 0.0028
5201.00000 0.0032
5202.00000 0.0037
5203.00000 0.0043
5204.00000 0.005
5205.00000 0.0058
5206.00000 0.0068
5207.00000 0.0079
5208.00000 0.0092
5209.00000 0.0109
5210.00000 0.0128
5211.00000 0.0152
5212.00000 0.0179
5213.00000 0.0216
5214.00000 0.0256
5215.00000 0.0306
5216.00000 0.0362
5217.00000 0.0438
5218.00000 0.0526
5219.00000 0.0634
5220.00000 0.076
5221.00000 0.0908
5222.00000 0.1108
5223.00000 0.1328
5224.00000 0.1615
5225.00000 0.1932
5226.00000 0.2322
5227.00000 0.2721
5228.00000 0.319
5229.00000 0.3662
5230.00000 0.4197
5231.00000 0.4739
5232.00000 0.5268
5233.00000 0.5738
5234.00000 0.6171
5235.00000 0.6582
5236.00000 0.6895
5237.00000 0.7171
5238.00000 0.736
5239.00000 0.7514
5240.00000 0.7595
5241.00000 0.7669
5242.00000 0.7707
5243.00000 0.7739
5244.00000 0.7751
5245.00000 0.7754
5246.00000 0.7754
5247.00000 0.775
5248.00000 0.7752
5249.00000 0.7752
5250.00000 0.7742
5251.00000 0.7739
5252.00000 0.7748
5253.00000 0.7743
5254.00000 0.7745
5255.00000 0.7745
5256.00000 0.7738
5257.00000 0.7736
5258.00000 0.7739
5259.00000 0.7743
5260.00000 0.7741
5261.00000 0.774
5262.00000 0.7738
5263.00000 0.7731
5264.00000 0.7727
5265.00000 0.7719
5266.00000 0.7723
5267.00000 0.7716
5268.00000 0.7704
5269.00000 0.7703
5270.00000 0.7698
5271.00000 0.769
5272.00000 0.7683
5273.00000 0.7689
5274.00000 0.7682
5275.00000 0.7676
5276.00000 0.7675
5277.00000 0.7677
5278.00000 0.7668
5279.00000 0.7664
5280.00000 0.7677
5281.00000 0.7665
5282.00000 0.7663
5283.00000 0.7666
5284.00000 0.7666
5285.00000 0.7659
5286.00000 0.7663
5287.00000 0.7667
5288.00000 0.7664
5289.00000 0.7658
5290.00000 0.766
5291.00000 0.7663
5292.00000 0.7665
5293.00000 0.766
5294.00000 0.7662
5295.00000 0.7664
5296.00000 0.766
5297.00000 0.7663
5298.00000 0.7664
5299.00000 0.7661
5300.00000 0.7668
5301.00000 0.7666
5302.00000 0.766
5303.00000 0.7673
5304.00000 0.7675
5305.00000 0.7667
5306.00000 0.7671
5307.00000 0.7674
5308.00000 0.7672
5309.00000 0.7674
5310.00000 0.7674
5311.00000 0.7675
5312.00000 0.767
5313.00000 0.7673
5314.00000 0.7672
5315.00000 0.7665
5316.00000 0.7669
5317.00000 0.767
5318.00000 0.7663
5319.00000 0.767
5320.00000 0.7666
5321.00000 0.7659
5322.00000 0.7655
5323.00000 0.7651
5324.00000 0.7657
5325.00000 0.7659
5326.00000 0.7651
5327.00000 0.7645
5328.00000 0.7652
5329.00000 0.7645
5330.00000 0.7648
5331.00000 0.7657
5332.00000 0.7652
5333.00000 0.7659
5334.00000 0.7657
5335.00000 0.7669
5336.00000 0.7668
5337.00000 0.7671
5338.00000 0.7671
5339.00000 0.7679
5340.00000 0.7681
5341.00000 0.7675
5342.00000 0.7673
5343.00000 0.7682
5344.00000 0.7688
5345.00000 0.769
5346.00000 0.7682
5347.00000 0.7673
5348.00000 0.7676
5349.00000 0.767
5350.00000 0.7664
5351.00000 0.7659
5352.00000 0.7655
5353.00000 0.7641
5354.00000 0.7632
5355.00000 0.7622
5356.00000 0.7623
5357.00000 0.7616
5358.00000 0.7618
5359.00000 0.7613
5360.00000 0.7613
5361.00000 0.7624
5362.00000 0.7628
5363.00000 0.7631
5364.00000 0.7635
5365.00000 0.7632
5366.00000 0.7618
5367.00000 0.759
5368.00000 0.755
5369.00000 0.7471
5370.00000 0.7361
5371.00000 0.7197
5372.00000 0.7008
5373.00000 0.6736
5374.00000 0.6377
5375.00000 0.5979
5376.00000 0.5532
5377.00000 0.5055
5378.00000 0.4513
5379.00000 0.4013
5380.00000 0.3501
5381.00000 0.3047
5382.00000 0.2597
5383.00000 0.2228
5384.00000 0.1883
5385.00000 0.1592
5386.00000 0.1339
5387.00000 0.1121
5388.00000 0.094
5389.00000 0.0784
5390.00000 0.0664
5391.00000 0.0551
5392.00000 0.0468
5393.00000 0.0392
5394.00000 0.0334
5395.00000 0.0281
5396.00000 0.024
5397.00000 0.0205
5398.00000 0.0179
5399.00000 0.0152
5400.00000 0.0131
5401.00000 0.0113
5402.00000 0.0097
5403.00000 0.0084
5404.00000 0.0072
5405.00000 0.0063
5406.00000 0.0055
5407.00000 0.0048
5408.00000 0.0042
5409.00000 0.0037
5410.00000 0.0033
5411.00000 0.0029
5412.00000 0.0026
5413.00000 0.0023
5414.00000 0.002
5415.00000 0.0018
5416.00000 0.0016
5417.00000 0.0014
5418.00000 0.0012
5419.00000 0.0011
5420.00000 0.001
5421.00000 0.0009
5422.00000 0.0008
5423.00000 0.0007
5424.00000 0.0007
5425.00000 0.0006
5426.00000 0.0005
5427.00000 0.0005
5428.00000 0.0004
5429.00000 0.0004
5430.00000 0.0003
5431.00000 0.0003
5432.00000 0.0003
5433.00000 0.0003
5434.00000 0.0002
5435.00000 0.0002
5436.00000 0.0002
5437.00000 0.0002
5438.00000 0.0002
5439.00000 0.0001
5440.00000 0.0001
5441.00000 0.0001
5442.00000 0.0001
5443.00000 0.0001
5444.00000 0.0001
5445.00000 0.0001
5446.00000 0.0001
5447.00000 0.0001
5448.00000 0.0001
5449.00000 0.0001
5450.00000 0.0001
5995.00000 0.0
