threeML/data/optical_filters/OAJ/JPAS-J0480.ecsv
# %ECSV 0.9
# ---
# datatype:
# - {name: wavelength, unit: Angstrom, datatype: float32}
# - {name: response, datatype: float32}
# meta: !!omap
# - {band_name: J0480}
# - {group_name: JPAS}
wavelength response
4210.20020 0.0
4678.00000 0.0001
4679.00000 0.0001
4680.00000 0.0001
4681.00000 0.0001
4682.00000 0.0001
4683.00000 0.0001
4684.00000 0.0001
4685.00000 0.0001
4686.00000 0.0001
4687.00000 0.0001
4688.00000 0.0002
4689.00000 0.0002
4690.00000 0.0002
4691.00000 0.0002
4692.00000 0.0002
4693.00000 0.0003
4694.00000 0.0003
4695.00000 0.0004
4696.00000 0.0004
4697.00000 0.0005
4698.00000 0.0005
4699.00000 0.0006
4700.00000 0.0007
4701.00000 0.0008
4702.00000 0.0009
4703.00000 0.001
4704.00000 0.0011
4705.00000 0.0013
4706.00000 0.0015
4707.00000 0.0017
4708.00000 0.002
4709.00000 0.0023
4710.00000 0.0027
4711.00000 0.0032
4712.00000 0.0037
4713.00000 0.0043
4714.00000 0.005
4715.00000 0.006
4716.00000 0.007
4717.00000 0.0084
4718.00000 0.0099
4719.00000 0.0119
4720.00000 0.0142
4721.00000 0.017
4722.00000 0.0204
4723.00000 0.0246
4724.00000 0.0301
4725.00000 0.0364
4726.00000 0.0448
4727.00000 0.0544
4728.00000 0.068
4729.00000 0.083
4730.00000 0.1024
4731.00000 0.1247
4732.00000 0.154
4733.00000 0.188
4734.00000 0.2279
4735.00000 0.2728
4736.00000 0.3218
4737.00000 0.3807
4738.00000 0.4354
4739.00000 0.4938
4740.00000 0.5444
4741.00000 0.5945
4742.00000 0.6314
4743.00000 0.6627
4744.00000 0.6828
4745.00000 0.6971
4746.00000 0.7059
4747.00000 0.7101
4748.00000 0.71
4749.00000 0.7098
4750.00000 0.709
4751.00000 0.7063
4752.00000 0.7045
4753.00000 0.703
4754.00000 0.7029
4755.00000 0.7013
4756.00000 0.7017
4757.00000 0.7012
4758.00000 0.7026
4759.00000 0.7048
4760.00000 0.7059
4761.00000 0.7071
4762.00000 0.7107
4763.00000 0.7115
4764.00000 0.7131
4765.00000 0.7146
4766.00000 0.7156
4767.00000 0.7171
4768.00000 0.7194
4769.00000 0.7201
4770.00000 0.7209
4771.00000 0.7213
4772.00000 0.722
4773.00000 0.7234
4774.00000 0.7228
4775.00000 0.7235
4776.00000 0.723
4777.00000 0.7228
4778.00000 0.7237
4779.00000 0.7238
4780.00000 0.7236
4781.00000 0.7235
4782.00000 0.723
4783.00000 0.724
4784.00000 0.7236
4785.00000 0.7234
4786.00000 0.7243
4787.00000 0.7247
4788.00000 0.7252
4789.00000 0.7256
4790.00000 0.726
4791.00000 0.7263
4792.00000 0.7267
4793.00000 0.7271
4794.00000 0.7271
4795.00000 0.7275
4796.00000 0.7281
4797.00000 0.7301
4798.00000 0.7282
4799.00000 0.7291
4800.00000 0.73
4801.00000 0.7301
4802.00000 0.7304
4803.00000 0.7311
4804.00000 0.7315
4805.00000 0.7321
4806.00000 0.7325
4807.00000 0.7324
4808.00000 0.7321
4809.00000 0.7321
4810.00000 0.7324
4811.00000 0.7334
4812.00000 0.7313
4813.00000 0.7327
4814.00000 0.7325
4815.00000 0.7331
4816.00000 0.7322
4817.00000 0.7318
4818.00000 0.7319
4819.00000 0.7323
4820.00000 0.7312
4821.00000 0.7311
4822.00000 0.7313
4823.00000 0.73
4824.00000 0.7301
4825.00000 0.7296
4826.00000 0.7295
4827.00000 0.7303
4828.00000 0.7295
4829.00000 0.7303
4830.00000 0.7288
4831.00000 0.7294
4832.00000 0.7295
4833.00000 0.7294
4834.00000 0.7293
4835.00000 0.7291
4836.00000 0.7295
4837.00000 0.7285
4838.00000 0.7287
4839.00000 0.7296
4840.00000 0.7288
4841.00000 0.729
4842.00000 0.7279
4843.00000 0.7282
4844.00000 0.7276
4845.00000 0.7276
4846.00000 0.7263
4847.00000 0.7262
4848.00000 0.7253
4849.00000 0.7247
4850.00000 0.7246
4851.00000 0.7233
4852.00000 0.7225
4853.00000 0.7218
4854.00000 0.7209
4855.00000 0.7213
4856.00000 0.7211
4857.00000 0.7202
4858.00000 0.721
4859.00000 0.7214
4860.00000 0.7214
4861.00000 0.7227
4862.00000 0.7245
4863.00000 0.7267
4864.00000 0.7278
4865.00000 0.7283
4866.00000 0.7288
4867.00000 0.7282
4868.00000 0.7253
4869.00000 0.7194
4870.00000 0.7109
4871.00000 0.6952
4872.00000 0.6763
4873.00000 0.6498
4874.00000 0.6187
4875.00000 0.5801
4876.00000 0.5359
4877.00000 0.4875
4878.00000 0.4378
4879.00000 0.3895
4880.00000 0.3376
4881.00000 0.293
4882.00000 0.2493
4883.00000 0.2124
4884.00000 0.1767
4885.00000 0.149
4886.00000 0.1241
4887.00000 0.1047
4888.00000 0.0876
4889.00000 0.0732
4890.00000 0.0612
4891.00000 0.0512
4892.00000 0.0433
4893.00000 0.0361
4894.00000 0.0309
4895.00000 0.026
4896.00000 0.0222
4897.00000 0.0186
4898.00000 0.016
4899.00000 0.0136
4900.00000 0.0118
4901.00000 0.0102
4902.00000 0.0087
4903.00000 0.0075
4904.00000 0.0066
4905.00000 0.0057
4906.00000 0.005
4907.00000 0.0043
4908.00000 0.0038
4909.00000 0.0033
4910.00000 0.0029
4911.00000 0.0026
4912.00000 0.0023
4913.00000 0.002
4914.00000 0.0018
4915.00000 0.0016
4916.00000 0.0014
4917.00000 0.0012
4918.00000 0.0011
4919.00000 0.001
4920.00000 0.0009
4921.00000 0.0008
4922.00000 0.0007
4923.00000 0.0006
4924.00000 0.0006
4925.00000 0.0005
4926.00000 0.0005
4927.00000 0.0004
4928.00000 0.0004
4929.00000 0.0003
4930.00000 0.0003
4931.00000 0.0003
4932.00000 0.0003
4933.00000 0.0002
4934.00000 0.0002
4935.00000 0.0002
4936.00000 0.0002
4937.00000 0.0002
4938.00000 0.0002
4939.00000 0.0001
4940.00000 0.0001
4941.00000 0.0001
4942.00000 0.0001
4943.00000 0.0001
4944.00000 0.0001
4945.00000 0.0001
4946.00000 0.0001
4947.00000 0.0001
4948.00000 0.0001
4949.00000 0.0001
5443.89990 0.0
