threeML/data/optical_filters/OAJ/JPAS-J1007.ecsv
# %ECSV 0.9
# ---
# datatype:
# - {name: wavelength, unit: Angstrom, datatype: float32}
# - {name: response, datatype: float32}
# meta: !!omap
# - {band_name: J1007}
# - {group_name: JPAS}
wavelength response
8010.89990 0.0
8901.00000 0.0007
8902.00000 0.0026
8903.00000 0.0004
8904.00000 0.0
8905.00000 0.0
8906.00000 0.0
8907.00000 0.0011
8908.00000 0.0001
8909.00000 0.0
8910.00000 0.0004
8911.00000 0.0005
8912.00000 0.0
8913.00000 0.0015
8914.00000 0.0
8915.00000 0.0011
8916.00000 0.0
8917.00000 0.0
8918.00000 0.0
8919.00000 0.0
8920.00000 0.0004
8921.00000 0.0
8922.00000 0.0
8923.00000 0.0008
8924.00000 0.0
8925.00000 0.0
8926.00000 0.0
8927.00000 0.0005
8928.00000 0.0
8929.00000 0.0011
8930.00000 0.0018
8931.00000 0.0
8932.00000 0.0
8933.00000 0.001
8934.00000 0.0
8935.00000 0.0006
8936.00000 0.0004
8937.00000 0.0
8938.00000 0.0011
8939.00000 0.0
8940.00000 0.0023
8941.00000 0.0009
8942.00000 0.0001
8943.00000 0.0
8944.00000 0.0
8945.00000 0.0
8946.00000 0.0007
8947.00000 0.0
8948.00000 0.0005
8949.00000 0.0019
8950.00000 0.0013
8951.00000 0.0012
8952.00000 0.0
8953.00000 0.003
8954.00000 0.0007
8955.00000 0.0
8956.00000 0.0
8957.00000 0.0015
8958.00000 0.0001
8959.00000 0.0
8960.00000 0.0
8961.00000 0.0005
8962.00000 0.0
8963.00000 0.0
8964.00000 0.0015
8965.00000 0.0005
8966.00000 0.0
8967.00000 0.0013
8968.00000 0.0
8969.00000 0.0
8970.00000 0.0
8971.00000 0.0
8972.00000 0.0
8973.00000 0.0
8974.00000 0.0
8975.00000 0.0033
8976.00000 0.0
8977.00000 0.0006
8978.00000 0.0
8979.00000 0.0
8980.00000 0.0028
8981.00000 0.0015
8982.00000 0.0
8983.00000 0.0
8984.00000 0.0022
8985.00000 0.0
8986.00000 0.0
8987.00000 0.0033
8988.00000 0.0009
8989.00000 0.0
8990.00000 0.0026
8991.00000 0.0031
8992.00000 0.003
8993.00000 0.0018
8994.00000 0.0026
8995.00000 0.0013
8996.00000 0.0022
8997.00000 0.0028
8998.00000 0.0062
8999.00000 0.003
9000.00000 0.0001
9001.00000 0.0001
9002.00000 0.0001
9003.00000 0.0
9004.00000 0.0
9005.00000 0.0001
9006.00000 0.0
9007.00000 0.0001
9008.00000 0.0
9009.00000 0.0001
9010.00000 0.0001
9011.00000 0.0001
9012.00000 0.0001
9013.00000 0.0
9014.00000 0.0001
9015.00000 0.0001
9016.00000 0.0001
9017.00000 0.0001
9018.00000 0.0001
9019.00000 0.0001
9020.00000 0.0001
9021.00000 0.0001
9022.00000 0.0001
9023.00000 0.0002
9024.00000 0.0001
9025.00000 0.0002
9026.00000 0.0001
9027.00000 0.0002
9028.00000 0.0002
9029.00000 0.0002
9030.00000 0.0001
9031.00000 0.0002
9032.00000 0.0002
9033.00000 0.0002
9034.00000 0.0002
9035.00000 0.0003
9036.00000 0.0002
9037.00000 0.0003
9038.00000 0.0002
9039.00000 0.0003
9040.00000 0.0003
9041.00000 0.0004
9042.00000 0.0003
9043.00000 0.0003
9044.00000 0.0004
9045.00000 0.0005
9046.00000 0.0004
9047.00000 0.0005
9048.00000 0.0005
9049.00000 0.0005
9050.00000 0.0006
9051.00000 0.0007
9052.00000 0.0006
9053.00000 0.0007
9054.00000 0.0008
9055.00000 0.0008
9056.00000 0.0007
9057.00000 0.0008
9058.00000 0.0009
9059.00000 0.0009
9060.00000 0.0009
9061.00000 0.001
9062.00000 0.0012
9063.00000 0.0013
9064.00000 0.0014
9065.00000 0.0014
9066.00000 0.0014
9067.00000 0.0015
9068.00000 0.0016
9069.00000 0.0018
9070.00000 0.0018
9071.00000 0.0021
9072.00000 0.0025
9073.00000 0.0025
9074.00000 0.0027
9075.00000 0.0027
9076.00000 0.003
9077.00000 0.003
9078.00000 0.0033
9079.00000 0.0036
9080.00000 0.0038
9081.00000 0.0039
9082.00000 0.004
9083.00000 0.0043
9084.00000 0.0047
9085.00000 0.005
9086.00000 0.0052
9087.00000 0.0059
9088.00000 0.0063
9089.00000 0.007
9090.00000 0.0076
9091.00000 0.0078
9092.00000 0.0089
9093.00000 0.0094
9094.00000 0.0105
9095.00000 0.011
9096.00000 0.0126
9097.00000 0.0138
9098.00000 0.0149
9099.00000 0.0159
9100.00000 0.017
9101.00000 0.0188
9102.00000 0.0198
9103.00000 0.0218
9104.00000 0.0228
9105.00000 0.0253
9106.00000 0.0283
9107.00000 0.0299
9108.00000 0.032
9109.00000 0.0349
9110.00000 0.039
9111.00000 0.0436
9112.00000 0.0463
9113.00000 0.0513
9114.00000 0.058
9115.00000 0.0651
9116.00000 0.0695
9117.00000 0.0741
9118.00000 0.0805
9119.00000 0.0888
9120.00000 0.0954
9121.00000 0.102
9122.00000 0.1112
9123.00000 0.1212
9124.00000 0.1315
9125.00000 0.1396
9126.00000 0.1485
9127.00000 0.1615
9128.00000 0.1733
9129.00000 0.1832
9130.00000 0.2009
9131.00000 0.2186
9132.00000 0.2412
9133.00000 0.2527
9134.00000 0.2707
9135.00000 0.2853
9136.00000 0.3049
9137.00000 0.3218
9138.00000 0.3363
9139.00000 0.3479
9140.00000 0.3614
9141.00000 0.3796
9142.00000 0.3879
9143.00000 0.395
9144.00000 0.4041
9145.00000 0.4143
9146.00000 0.4233
9147.00000 0.432
9148.00000 0.4397
9149.00000 0.451
9150.00000 0.4579
9151.00000 0.4587
9152.00000 0.4681
9153.00000 0.4718
9154.00000 0.4707
9155.00000 0.476
9156.00000 0.4783
9157.00000 0.4721
9158.00000 0.4824
9159.00000 0.4797
9160.00000 0.4743
9161.00000 0.4737
9162.00000 0.4769
9163.00000 0.4795
9164.00000 0.4754
9165.00000 0.4779
9166.00000 0.4817
9167.00000 0.4768
9168.00000 0.4795
9169.00000 0.4748
9170.00000 0.475
9171.00000 0.4814
9172.00000 0.4802
9173.00000 0.4779
9174.00000 0.4774
9175.00000 0.476
9176.00000 0.4757
9177.00000 0.4722
9178.00000 0.4732
9179.00000 0.4719
9180.00000 0.4736
9181.00000 0.4757
9182.00000 0.479
9183.00000 0.4737
9184.00000 0.4774
9185.00000 0.4774
9186.00000 0.4805
9187.00000 0.4801
9188.00000 0.4765
9189.00000 0.4802
9190.00000 0.4839
9191.00000 0.482
9192.00000 0.4792
9193.00000 0.4838
9194.00000 0.4807
9195.00000 0.4814
9196.00000 0.483
9197.00000 0.4822
9198.00000 0.4814
9199.00000 0.4839
9200.00000 0.4816
9201.00000 0.473
9202.00000 0.4845
9203.00000 0.4827
9204.00000 0.4815
9205.00000 0.484
9206.00000 0.4825
9207.00000 0.4824
9208.00000 0.486
9209.00000 0.4815
9210.00000 0.4787
9211.00000 0.4803
9212.00000 0.4868
9213.00000 0.4825
9214.00000 0.4842
9215.00000 0.4804
9216.00000 0.4783
9217.00000 0.4832
9218.00000 0.4813
9219.00000 0.4798
9220.00000 0.4753
9221.00000 0.4809
9222.00000 0.4826
9223.00000 0.4764
9224.00000 0.4773
9225.00000 0.4771
9226.00000 0.4753
9227.00000 0.4701
9228.00000 0.4744
9229.00000 0.4748
9230.00000 0.4691
9231.00000 0.4709
9232.00000 0.4693
9233.00000 0.4693
9234.00000 0.463
9235.00000 0.4677
9236.00000 0.4638
9237.00000 0.4616
9238.00000 0.4602
9239.00000 0.4627
9240.00000 0.4673
9241.00000 0.4612
9242.00000 0.4534
9243.00000 0.4576
9244.00000 0.4591
9245.00000 0.4465
9246.00000 0.4532
9247.00000 0.449
9248.00000 0.4496
9249.00000 0.4433
9250.00000 0.4466
9251.00000 0.442
9252.00000 0.4387
9253.00000 0.4385
9254.00000 0.4419
9255.00000 0.4374
9256.00000 0.4362
9257.00000 0.4307
9258.00000 0.435
9259.00000 0.4326
9260.00000 0.4341
9261.00000 0.4274
9262.00000 0.4289
9263.00000 0.4236
9264.00000 0.4261
9265.00000 0.419
9266.00000 0.4195
9267.00000 0.4145
9268.00000 0.4173
9269.00000 0.4111
9270.00000 0.4117
9271.00000 0.4104
9272.00000 0.4079
9273.00000 0.407
9274.00000 0.4044
9275.00000 0.398
9276.00000 0.4014
9277.00000 0.3961
9278.00000 0.3973
9279.00000 0.3981
9280.00000 0.394
9281.00000 0.3892
9282.00000 0.396
9283.00000 0.3931
9284.00000 0.3899
9285.00000 0.3855
9286.00000 0.3833
9287.00000 0.3816
9288.00000 0.3792
9289.00000 0.3755
9290.00000 0.376
9291.00000 0.3738
9292.00000 0.3749
9293.00000 0.3666
9294.00000 0.3665
9295.00000 0.3666
9296.00000 0.365
9297.00000 0.3651
9298.00000 0.3564
9299.00000 0.357
9300.00000 0.3563
9301.00000 0.3542
9302.00000 0.3521
9303.00000 0.35
9304.00000 0.3479
9305.00000 0.3458
9306.00000 0.3442
9307.00000 0.3425
9308.00000 0.3409
9309.00000 0.3392
9310.00000 0.3376
9311.00000 0.3359
9312.00000 0.3343
9313.00000 0.3326
9314.00000 0.331
9315.00000 0.3293
9316.00000 0.3277
9317.00000 0.326
9318.00000 0.3244
9319.00000 0.3227
9320.00000 0.3211
9321.00000 0.3194
9322.00000 0.3178
9323.00000 0.3161
9324.00000 0.3145
9325.00000 0.3129
9326.00000 0.3112
9327.00000 0.3096
9328.00000 0.3079
9329.00000 0.3063
9330.00000 0.3046
9331.00000 0.3038
9332.00000 0.3031
9333.00000 0.3023
9334.00000 0.3015
9335.00000 0.3008
9336.00000 0.3
9337.00000 0.2992
9338.00000 0.2985
9339.00000 0.2977
9340.00000 0.297
9341.00000 0.2962
9342.00000 0.2954
9343.00000 0.2947
9344.00000 0.2939
9345.00000 0.2931
9346.00000 0.2924
9347.00000 0.2916
9348.00000 0.2908
9349.00000 0.2901
9350.00000 0.2893
9351.00000 0.2885
9352.00000 0.2878
9353.00000 0.287
9354.00000 0.2862
9355.00000 0.2855
9356.00000 0.2856
9357.00000 0.2857
9358.00000 0.2858
9359.00000 0.2859
9360.00000 0.286
9361.00000 0.2861
9362.00000 0.2862
9363.00000 0.2863
9364.00000 0.2864
9365.00000 0.2865
9366.00000 0.2866
9367.00000 0.2867
9368.00000 0.2868
9369.00000 0.2869
9370.00000 0.287
9371.00000 0.2871
9372.00000 0.2872
9373.00000 0.2873
9374.00000 0.2874
9375.00000 0.2875
9376.00000 0.2876
9377.00000 0.2877
9378.00000 0.2878
9379.00000 0.2879
9380.00000 0.288
9381.00000 0.2883
9382.00000 0.2886
9383.00000 0.2888
9384.00000 0.2891
9385.00000 0.2894
9386.00000 0.2896
9387.00000 0.2899
9388.00000 0.2902
9389.00000 0.2904
9390.00000 0.2907
9391.00000 0.291
9392.00000 0.2912
9393.00000 0.2915
9394.00000 0.2918
9395.00000 0.292
9396.00000 0.2923
9397.00000 0.2926
9398.00000 0.2928
9399.00000 0.2931
9400.00000 0.2933
9401.00000 0.2936
9402.00000 0.2939
9403.00000 0.2942
9404.00000 0.2945
9405.00000 0.2948
9406.00000 0.2945
9407.00000 0.2942
9408.00000 0.2938
9409.00000 0.2935
9410.00000 0.2932
9411.00000 0.2928
9412.00000 0.2925
9413.00000 0.2922
9414.00000 0.2918
9415.00000 0.2915
9416.00000 0.2912
9417.00000 0.2908
9418.00000 0.2905
9419.00000 0.2902
9420.00000 0.2899
9421.00000 0.2895
9422.00000 0.2892
9423.00000 0.2889
9424.00000 0.2885
9425.00000 0.2882
9426.00000 0.2879
9427.00000 0.2875
9428.00000 0.2872
9429.00000 0.2869
9430.00000 0.2865
9431.00000 0.2858
9432.00000 0.285
9433.00000 0.2842
9434.00000 0.2834
9435.00000 0.2826
9436.00000 0.2818
9437.00000 0.281
9438.00000 0.2803
9439.00000 0.2795
9440.00000 0.2787
9441.00000 0.2779
9442.00000 0.2771
9443.00000 0.2763
9444.00000 0.2756
9445.00000 0.2748
9446.00000 0.274
9447.00000 0.2732
9448.00000 0.2724
9449.00000 0.2716
9450.00000 0.2708
9451.00000 0.2701
9452.00000 0.2693
9453.00000 0.2685
9454.00000 0.2677
9455.00000 0.2669
9456.00000 0.2667
9457.00000 0.2666
9458.00000 0.2664
9459.00000 0.2662
9460.00000 0.2661
9461.00000 0.2659
9462.00000 0.2657
9463.00000 0.2656
9464.00000 0.2654
9465.00000 0.2652
9466.00000 0.2651
9467.00000 0.2649
9468.00000 0.2647
9469.00000 0.2646
9470.00000 0.2644
9471.00000 0.2642
9472.00000 0.2641
9473.00000 0.2639
9474.00000 0.2637
9475.00000 0.2636
9476.00000 0.2634
9477.00000 0.2632
9478.00000 0.2631
9479.00000 0.2629
9480.00000 0.2627
9481.00000 0.2627
9482.00000 0.2627
9483.00000 0.2626
9484.00000 0.2626
9485.00000 0.2626
9486.00000 0.2626
9487.00000 0.2625
9488.00000 0.2625
9489.00000 0.2625
9490.00000 0.2625
9491.00000 0.2625
9492.00000 0.2624
9493.00000 0.2624
9494.00000 0.2624
9495.00000 0.2624
9496.00000 0.2623
9497.00000 0.2623
9498.00000 0.2623
9499.00000 0.2623
9500.00000 0.2622
9501.00000 0.2622
9502.00000 0.2621
9503.00000 0.2621
9504.00000 0.262
9505.00000 0.262
9506.00000 0.2615
9507.00000 0.2611
9508.00000 0.2606
9509.00000 0.2601
9510.00000 0.2597
9511.00000 0.2592
9512.00000 0.2588
9513.00000 0.2583
9514.00000 0.2578
9515.00000 0.2574
9516.00000 0.2569
9517.00000 0.2565
9518.00000 0.256
9519.00000 0.2556
9520.00000 0.2551
9521.00000 0.2546
9522.00000 0.2542
9523.00000 0.2537
9524.00000 0.2533
9525.00000 0.2528
9526.00000 0.2524
9527.00000 0.2519
9528.00000 0.2514
9529.00000 0.251
9530.00000 0.2505
9531.00000 0.2503
9532.00000 0.2501
9533.00000 0.2499
9534.00000 0.2497
9535.00000 0.2494
9536.00000 0.2492
9537.00000 0.249
9538.00000 0.2488
9539.00000 0.2486
9540.00000 0.2483
9541.00000 0.2481
9542.00000 0.2479
9543.00000 0.2477
9544.00000 0.2475
9545.00000 0.2472
9546.00000 0.247
9547.00000 0.2468
9548.00000 0.2466
9549.00000 0.2464
9550.00000 0.2461
9551.00000 0.2459
9552.00000 0.2457
9553.00000 0.2455
9554.00000 0.2453
9555.00000 0.245
9556.00000 0.2451
9557.00000 0.2452
9558.00000 0.2453
9559.00000 0.2454
9560.00000 0.2454
9561.00000 0.2455
9562.00000 0.2456
9563.00000 0.2457
9564.00000 0.2458
9565.00000 0.2458
9566.00000 0.2459
9567.00000 0.246
9568.00000 0.2461
9569.00000 0.2462
9570.00000 0.2463
9571.00000 0.2463
9572.00000 0.2464
9573.00000 0.2465
9574.00000 0.2466
9575.00000 0.2467
9576.00000 0.2467
9577.00000 0.2468
9578.00000 0.2469
9579.00000 0.247
9580.00000 0.2471
9581.00000 0.2471
9582.00000 0.2471
9583.00000 0.2472
9584.00000 0.2472
9585.00000 0.2472
9586.00000 0.2473
9587.00000 0.2473
9588.00000 0.2473
9589.00000 0.2474
9590.00000 0.2474
9591.00000 0.2474
9592.00000 0.2474
9593.00000 0.2475
9594.00000 0.2475
9595.00000 0.2475
9596.00000 0.2476
9597.00000 0.2476
9598.00000 0.2476
9599.00000 0.2477
9600.00000 0.2477
9601.00000 0.2477
9602.00000 0.2477
9603.00000 0.2478
9604.00000 0.2478
9605.00000 0.2478
9606.00000 0.2478
9607.00000 0.2479
9608.00000 0.2479
9609.00000 0.248
9610.00000 0.2481
9611.00000 0.2481
9612.00000 0.2482
9613.00000 0.2482
9614.00000 0.2483
9615.00000 0.2483
9616.00000 0.2484
9617.00000 0.2484
9618.00000 0.2485
9619.00000 0.2486
9620.00000 0.2486
9621.00000 0.2487
9622.00000 0.2487
9623.00000 0.2488
9624.00000 0.2488
9625.00000 0.2489
9626.00000 0.249
9627.00000 0.249
9628.00000 0.2491
9629.00000 0.2491
9630.00000 0.2492
9631.00000 0.2493
9632.00000 0.2494
9633.00000 0.2495
9634.00000 0.2496
9635.00000 0.2497
9636.00000 0.2499
9637.00000 0.25
9638.00000 0.2501
9639.00000 0.2502
9640.00000 0.2503
9641.00000 0.2504
9642.00000 0.2506
9643.00000 0.2507
9644.00000 0.2508
9645.00000 0.2509
9646.00000 0.251
9647.00000 0.2511
9648.00000 0.2512
9649.00000 0.2514
9650.00000 0.2515
9651.00000 0.2516
9652.00000 0.2517
9653.00000 0.2518
9654.00000 0.2519
9655.00000 0.2521
9656.00000 0.252
9657.00000 0.252
9658.00000 0.252
9659.00000 0.252
9660.00000 0.252
9661.00000 0.2519
9662.00000 0.2519
9663.00000 0.2519
9664.00000 0.2519
9665.00000 0.2519
9666.00000 0.2518
9667.00000 0.2518
9668.00000 0.2518
9669.00000 0.2518
9670.00000 0.2518
9671.00000 0.2517
9672.00000 0.2517
9673.00000 0.2517
9674.00000 0.2517
9675.00000 0.2517
9676.00000 0.2516
9677.00000 0.2516
9678.00000 0.2516
9679.00000 0.2516
9680.00000 0.2516
9681.00000 0.2512
9682.00000 0.2509
9683.00000 0.2505
9684.00000 0.2502
9685.00000 0.2498
9686.00000 0.2495
9687.00000 0.2491
9688.00000 0.2487
9689.00000 0.2484
9690.00000 0.248
9691.00000 0.2477
9692.00000 0.2473
9693.00000 0.247
9694.00000 0.2466
9695.00000 0.2463
9696.00000 0.2459
9697.00000 0.2456
9698.00000 0.2452
9699.00000 0.2449
9700.00000 0.2445
9701.00000 0.2442
9702.00000 0.2439
9703.00000 0.2436
9704.00000 0.2433
9705.00000 0.243
9706.00000 0.2424
9707.00000 0.2417
9708.00000 0.2411
9709.00000 0.2405
9710.00000 0.2399
9711.00000 0.2393
9712.00000 0.2387
9713.00000 0.238
9714.00000 0.2374
9715.00000 0.2368
9716.00000 0.2362
9717.00000 0.2356
9718.00000 0.235
9719.00000 0.2343
9720.00000 0.2337
9721.00000 0.2331
9722.00000 0.2325
9723.00000 0.2319
9724.00000 0.2313
9725.00000 0.2307
9726.00000 0.23
9727.00000 0.2294
9728.00000 0.2288
9729.00000 0.2282
9730.00000 0.2276
9731.00000 0.2271
9732.00000 0.2265
9733.00000 0.226
9734.00000 0.2255
9735.00000 0.225
9736.00000 0.2245
9737.00000 0.2239
9738.00000 0.2234
9739.00000 0.2229
9740.00000 0.2224
9741.00000 0.2219
9742.00000 0.2213
9743.00000 0.2208
9744.00000 0.2203
9745.00000 0.2198
9746.00000 0.2193
9747.00000 0.2187
9748.00000 0.2182
9749.00000 0.2177
9750.00000 0.2172
9751.00000 0.2167
9752.00000 0.2162
9753.00000 0.2156
9754.00000 0.2151
9755.00000 0.2146
9756.00000 0.2143
9757.00000 0.214
9758.00000 0.2136
9759.00000 0.2133
9760.00000 0.213
9761.00000 0.2127
9762.00000 0.2124
9763.00000 0.2121
9764.00000 0.2117
9765.00000 0.2114
9766.00000 0.2111
9767.00000 0.2108
9768.00000 0.2105
9769.00000 0.2102
9770.00000 0.2098
9771.00000 0.2095
9772.00000 0.2092
9773.00000 0.2089
9774.00000 0.2086
9775.00000 0.2083
9776.00000 0.2079
9777.00000 0.2076
9778.00000 0.2073
9779.00000 0.207
9780.00000 0.2067
9781.00000 0.2064
9782.00000 0.2062
9783.00000 0.206
9784.00000 0.2058
9785.00000 0.2056
9786.00000 0.2053
9787.00000 0.2051
9788.00000 0.2049
9789.00000 0.2047
9790.00000 0.2045
9791.00000 0.2042
9792.00000 0.204
9793.00000 0.2038
9794.00000 0.2036
9795.00000 0.2034
9796.00000 0.2031
9797.00000 0.2029
9798.00000 0.2027
9799.00000 0.2025
9800.00000 0.2023
9801.00000 0.2021
