threeML/data/optical_filters/OAJ/JPAS-J0740.ecsv
# %ECSV 0.9
# ---
# datatype:
# - {name: wavelength, unit: Angstrom, datatype: float32}
# - {name: response, datatype: float32}
# meta: !!omap
# - {band_name: J0740}
# - {group_name: JPAS}
wavelength response
6552.89990 0.0
7281.00000 0.0001
7282.00000 0.0001
7283.00000 0.0001
7284.00000 0.0001
7285.00000 0.0001
7286.00000 0.0001
7287.00000 0.0001
7288.00000 0.0001
7289.00000 0.0001
7290.00000 0.0001
7291.00000 0.0001
7292.00000 0.0002
7293.00000 0.0002
7294.00000 0.0002
7295.00000 0.0002
7296.00000 0.0003
7297.00000 0.0003
7298.00000 0.0003
7299.00000 0.0004
7300.00000 0.0004
7301.00000 0.0005
7302.00000 0.0005
7303.00000 0.0006
7304.00000 0.0007
7305.00000 0.0007
7306.00000 0.0009
7307.00000 0.001
7308.00000 0.0011
7309.00000 0.0013
7310.00000 0.0015
7311.00000 0.0016
7312.00000 0.0019
7313.00000 0.0022
7314.00000 0.0025
7315.00000 0.0029
7316.00000 0.0034
7317.00000 0.004
7318.00000 0.0046
7319.00000 0.0054
7320.00000 0.0063
7321.00000 0.0074
7322.00000 0.0086
7323.00000 0.0103
7324.00000 0.012
7325.00000 0.0145
7326.00000 0.0173
7327.00000 0.0208
7328.00000 0.0248
7329.00000 0.0301
7330.00000 0.037
7331.00000 0.0451
7332.00000 0.0546
7333.00000 0.066
7334.00000 0.0822
7335.00000 0.0995
7336.00000 0.1231
7337.00000 0.1491
7338.00000 0.1826
7339.00000 0.2198
7340.00000 0.2668
7341.00000 0.3195
7342.00000 0.3792
7343.00000 0.4468
7344.00000 0.5138
7345.00000 0.5826
7346.00000 0.6413
7347.00000 0.7059
7348.00000 0.7564
7349.00000 0.8015
7350.00000 0.8291
7351.00000 0.8538
7352.00000 0.8705
7353.00000 0.8808
7354.00000 0.8849
7355.00000 0.8878
7356.00000 0.8865
7357.00000 0.8846
7358.00000 0.8829
7359.00000 0.8809
7360.00000 0.8823
7361.00000 0.8797
7362.00000 0.8797
7363.00000 0.8796
7364.00000 0.8793
7365.00000 0.881
7366.00000 0.8842
7367.00000 0.8808
7368.00000 0.884
7369.00000 0.8851
7370.00000 0.8875
7371.00000 0.8872
7372.00000 0.8894
7373.00000 0.8922
7374.00000 0.8914
7375.00000 0.8909
7376.00000 0.8914
7377.00000 0.8938
7378.00000 0.8919
7379.00000 0.8919
7380.00000 0.8912
7381.00000 0.8921
7382.00000 0.8912
7383.00000 0.888
7384.00000 0.8882
7385.00000 0.8877
7386.00000 0.8862
7387.00000 0.8857
7388.00000 0.8854
7389.00000 0.8868
7390.00000 0.8851
7391.00000 0.8861
7392.00000 0.8853
7393.00000 0.884
7394.00000 0.8836
7395.00000 0.8844
7396.00000 0.884
7397.00000 0.8802
7398.00000 0.8825
7399.00000 0.8812
7400.00000 0.8807
7401.00000 0.8831
7402.00000 0.8803
7403.00000 0.8808
7404.00000 0.8798
7405.00000 0.8782
7406.00000 0.8813
7407.00000 0.8785
7408.00000 0.8797
7409.00000 0.8777
7410.00000 0.8782
7411.00000 0.8762
7412.00000 0.8749
7413.00000 0.8754
7414.00000 0.8732
7415.00000 0.8738
7416.00000 0.8745
7417.00000 0.8747
7418.00000 0.8716
7419.00000 0.8729
7420.00000 0.8726
7421.00000 0.8732
7422.00000 0.8725
7423.00000 0.8709
7424.00000 0.8715
7425.00000 0.871
7426.00000 0.87
7427.00000 0.8711
7428.00000 0.8698
7429.00000 0.8705
7430.00000 0.871
7431.00000 0.8711
7432.00000 0.8714
7433.00000 0.8692
7434.00000 0.871
7435.00000 0.8711
7436.00000 0.8678
7437.00000 0.869
7438.00000 0.8709
7439.00000 0.8701
7440.00000 0.8708
7441.00000 0.871
7442.00000 0.872
7443.00000 0.873
7444.00000 0.8726
7445.00000 0.8726
7446.00000 0.8748
7447.00000 0.8759
7448.00000 0.8773
7449.00000 0.8776
7450.00000 0.8775
7451.00000 0.8799
7452.00000 0.8812
7453.00000 0.8833
7454.00000 0.8846
7455.00000 0.885
7456.00000 0.8873
7457.00000 0.8903
7458.00000 0.89
7459.00000 0.8905
7460.00000 0.8919
7461.00000 0.8918
7462.00000 0.8912
7463.00000 0.8902
7464.00000 0.8915
7465.00000 0.8898
7466.00000 0.891
7467.00000 0.8934
7468.00000 0.8911
7469.00000 0.8918
7470.00000 0.8922
7471.00000 0.8923
7472.00000 0.8891
7473.00000 0.8932
7474.00000 0.8921
7475.00000 0.8923
7476.00000 0.8912
7477.00000 0.887
7478.00000 0.8833
7479.00000 0.8793
7480.00000 0.8696
7481.00000 0.8562
7482.00000 0.8348
7483.00000 0.81
7484.00000 0.7748
7485.00000 0.7352
7486.00000 0.6814
7487.00000 0.6285
7488.00000 0.5635
7489.00000 0.5041
7490.00000 0.4377
7491.00000 0.3819
7492.00000 0.3268
7493.00000 0.2783
7494.00000 0.2337
7495.00000 0.1941
7496.00000 0.1624
7497.00000 0.134
7498.00000 0.1123
7499.00000 0.0908
7500.00000 0.0759
7501.00000 0.0619
7502.00000 0.0519
7503.00000 0.0428
7504.00000 0.0361
7505.00000 0.0304
7506.00000 0.0257
7507.00000 0.0216
7508.00000 0.0184
7509.00000 0.0155
7510.00000 0.0133
7511.00000 0.0115
7512.00000 0.0098
7513.00000 0.0082
7514.00000 0.0071
7515.00000 0.0061
7516.00000 0.0052
7517.00000 0.0046
7518.00000 0.004
7519.00000 0.0035
7520.00000 0.003
7521.00000 0.0026
7522.00000 0.0024
7523.00000 0.0021
7524.00000 0.0018
7525.00000 0.0016
7526.00000 0.0014
7527.00000 0.0012
7528.00000 0.0011
7529.00000 0.001
7530.00000 0.0009
7531.00000 0.0008
7532.00000 0.0007
7533.00000 0.0006
7534.00000 0.0005
7535.00000 0.0005
7536.00000 0.0004
7537.00000 0.0004
7538.00000 0.0004
7539.00000 0.0003
7540.00000 0.0003
7541.00000 0.0003
7542.00000 0.0002
7543.00000 0.0002
7544.00000 0.0002
7545.00000 0.0002
7546.00000 0.0002
7547.00000 0.0002
7548.00000 0.0001
7549.00000 0.0001
7550.00000 0.0001
7551.00000 0.0001
7552.00000 0.0001
7553.00000 0.0001
7554.00000 0.0001
7555.00000 0.0001
7556.00000 0.0001
7557.00000 0.0001
7558.00000 0.0001
8313.79980 0.0
