threeML/data/optical_filters/OAJ/JPAS-J0490.ecsv
# %ECSV 0.9
# ---
# datatype:
# - {name: wavelength, unit: Angstrom, datatype: float32}
# - {name: response, datatype: float32}
# meta: !!omap
# - {band_name: J0490}
# - {group_name: JPAS}
wavelength response
4290.29980 0.0
4767.00000 0.0001
4768.00000 0.0001
4769.00000 0.0001
4770.00000 0.0001
4771.00000 0.0001
4772.00000 0.0001
4773.00000 0.0001
4774.00000 0.0001
4775.00000 0.0001
4776.00000 0.0001
4777.00000 0.0001
4778.00000 0.0002
4779.00000 0.0002
4780.00000 0.0002
4781.00000 0.0002
4782.00000 0.0003
4783.00000 0.0003
4784.00000 0.0003
4785.00000 0.0004
4786.00000 0.0004
4787.00000 0.0004
4788.00000 0.0005
4789.00000 0.0006
4790.00000 0.0006
4791.00000 0.0007
4792.00000 0.0008
4793.00000 0.0009
4794.00000 0.001
4795.00000 0.0012
4796.00000 0.0013
4797.00000 0.0015
4798.00000 0.0017
4799.00000 0.0019
4800.00000 0.0022
4801.00000 0.0025
4802.00000 0.0028
4803.00000 0.0033
4804.00000 0.0038
4805.00000 0.0043
4806.00000 0.0051
4807.00000 0.0059
4808.00000 0.0068
4809.00000 0.0079
4810.00000 0.0093
4811.00000 0.0108
4812.00000 0.0127
4813.00000 0.0149
4814.00000 0.0175
4815.00000 0.0208
4816.00000 0.0246
4817.00000 0.0294
4818.00000 0.0348
4819.00000 0.0422
4820.00000 0.05
4821.00000 0.0602
4822.00000 0.0718
4823.00000 0.0864
4824.00000 0.104
4825.00000 0.1249
4826.00000 0.1491
4827.00000 0.1772
4828.00000 0.2127
4829.00000 0.2487
4830.00000 0.2918
4831.00000 0.335
4832.00000 0.3882
4833.00000 0.4353
4834.00000 0.485
4835.00000 0.528
4836.00000 0.5707
4837.00000 0.6059
4838.00000 0.636
4839.00000 0.6597
4840.00000 0.6786
4841.00000 0.6928
4842.00000 0.7012
4843.00000 0.7084
4844.00000 0.7119
4845.00000 0.7137
4846.00000 0.7157
4847.00000 0.7157
4848.00000 0.7157
4849.00000 0.7154
4850.00000 0.7162
4851.00000 0.716
4852.00000 0.716
4853.00000 0.7164
4854.00000 0.7159
4855.00000 0.7166
4856.00000 0.7165
4857.00000 0.7162
4858.00000 0.717
4859.00000 0.7171
4860.00000 0.7179
4861.00000 0.7176
4862.00000 0.7185
4863.00000 0.718
4864.00000 0.7182
4865.00000 0.7173
4866.00000 0.7175
4867.00000 0.7171
4868.00000 0.7171
4869.00000 0.7165
4870.00000 0.7168
4871.00000 0.7163
4872.00000 0.7155
4873.00000 0.7155
4874.00000 0.7154
4875.00000 0.7148
4876.00000 0.7147
4877.00000 0.714
4878.00000 0.7144
4879.00000 0.7143
4880.00000 0.7153
4881.00000 0.7151
4882.00000 0.7152
4883.00000 0.7157
4884.00000 0.7165
4885.00000 0.7163
4886.00000 0.7174
4887.00000 0.7175
4888.00000 0.7181
4889.00000 0.7186
4890.00000 0.7192
4891.00000 0.7195
4892.00000 0.7205
4893.00000 0.7208
4894.00000 0.7222
4895.00000 0.7218
4896.00000 0.7226
4897.00000 0.724
4898.00000 0.7234
4899.00000 0.7246
4900.00000 0.725
4901.00000 0.7251
4902.00000 0.7254
4903.00000 0.7267
4904.00000 0.7263
4905.00000 0.7263
4906.00000 0.727
4907.00000 0.7277
4908.00000 0.7275
4909.00000 0.7284
4910.00000 0.7288
4911.00000 0.7288
4912.00000 0.7285
4913.00000 0.7291
4914.00000 0.73
4915.00000 0.7294
4916.00000 0.7299
4917.00000 0.7292
4918.00000 0.7299
4919.00000 0.7307
4920.00000 0.7301
4921.00000 0.7308
4922.00000 0.7307
4923.00000 0.7306
4924.00000 0.7303
4925.00000 0.7312
4926.00000 0.7303
4927.00000 0.7299
4928.00000 0.7295
4929.00000 0.7299
4930.00000 0.7311
4931.00000 0.7302
4932.00000 0.7307
4933.00000 0.7303
4934.00000 0.73
4935.00000 0.7298
4936.00000 0.7298
4937.00000 0.7301
4938.00000 0.7295
4939.00000 0.7293
4940.00000 0.7299
4941.00000 0.7284
4942.00000 0.7296
4943.00000 0.7292
4944.00000 0.7288
4945.00000 0.728
4946.00000 0.7284
4947.00000 0.7286
4948.00000 0.7282
4949.00000 0.7279
4950.00000 0.7273
4951.00000 0.7269
4952.00000 0.7264
4953.00000 0.7263
4954.00000 0.7267
4955.00000 0.7264
4956.00000 0.7265
4957.00000 0.7262
4958.00000 0.7255
4959.00000 0.7252
4960.00000 0.7249
4961.00000 0.7251
4962.00000 0.7249
4963.00000 0.7235
4964.00000 0.7231
4965.00000 0.7208
4966.00000 0.7178
4967.00000 0.7138
4968.00000 0.7085
4969.00000 0.7013
4970.00000 0.6921
4971.00000 0.6799
4972.00000 0.6652
4973.00000 0.6457
4974.00000 0.624
4975.00000 0.5951
4976.00000 0.5665
4977.00000 0.5317
4978.00000 0.4963
4979.00000 0.4559
4980.00000 0.4162
4981.00000 0.3759
4982.00000 0.3371
4983.00000 0.3002
4984.00000 0.2627
4985.00000 0.231
4986.00000 0.2001
4987.00000 0.174
4988.00000 0.148
4989.00000 0.1283
4990.00000 0.11
4991.00000 0.0952
4992.00000 0.0814
4993.00000 0.0697
4994.00000 0.06
4995.00000 0.0518
4996.00000 0.0448
4997.00000 0.0384
4998.00000 0.0332
4999.00000 0.0285
5000.00000 0.0248
5001.00000 0.0213
5002.00000 0.0187
5003.00000 0.0162
5004.00000 0.0143
5005.00000 0.0124
5006.00000 0.0109
5007.00000 0.0095
5008.00000 0.0084
5009.00000 0.0074
5010.00000 0.0065
5011.00000 0.0058
5012.00000 0.0051
5013.00000 0.0045
5014.00000 0.004
5015.00000 0.0036
5016.00000 0.0032
5017.00000 0.0028
5018.00000 0.0026
5019.00000 0.0022
5020.00000 0.002
5021.00000 0.0018
5022.00000 0.0016
5023.00000 0.0015
5024.00000 0.0013
5025.00000 0.0012
5026.00000 0.0011
5027.00000 0.001
5028.00000 0.0009
5029.00000 0.0008
5030.00000 0.0007
5031.00000 0.0006
5032.00000 0.0006
5033.00000 0.0005
5034.00000 0.0005
5035.00000 0.0005
5036.00000 0.0004
5037.00000 0.0004
5038.00000 0.0003
5039.00000 0.0003
5040.00000 0.0003
5041.00000 0.0003
5042.00000 0.0002
5043.00000 0.0002
5044.00000 0.0002
5045.00000 0.0002
5046.00000 0.0002
5047.00000 0.0002
5048.00000 0.0001
5049.00000 0.0001
5050.00000 0.0001
5051.00000 0.0001
5052.00000 0.0001
5053.00000 0.0001
5054.00000 0.0001
5055.00000 0.0001
5056.00000 0.0001
5057.00000 0.0001
5058.00000 0.0001
5059.00000 0.0001
5060.00000 0.0001
5061.00000 0.0001
5567.10010 0.0
