threeML/data/optical_filters/OAJ/JPAS-J0378.ecsv
# %ECSV 0.9
# ---
# datatype:
# - {name: wavelength, unit: Angstrom, datatype: float32}
# - {name: response, datatype: float32}
# meta: !!omap
# - {band_name: J0378}
# - {group_name: JPAS}
wavelength response
3282.30005 0.0
3647.00000 0.0001
3648.00000 0.0001
3649.00000 0.0001
3650.00000 0.0001
3651.00000 0.0001
3652.00000 0.0001
3653.00000 0.0001
3654.00000 0.0001
3655.00000 0.0001
3656.00000 0.0001
3657.00000 0.0001
3658.00000 0.0001
3659.00000 0.0002
3660.00000 0.0002
3661.00000 0.0002
3662.00000 0.0002
3663.00000 0.0002
3664.00000 0.0002
3665.00000 0.0003
3666.00000 0.0003
3667.00000 0.0003
3668.00000 0.0004
3669.00000 0.0004
3670.00000 0.0004
3671.00000 0.0005
3672.00000 0.0005
3673.00000 0.0006
3674.00000 0.0007
3675.00000 0.0008
3676.00000 0.0008
3677.00000 0.0009
3678.00000 0.001
3679.00000 0.0011
3680.00000 0.0013
3681.00000 0.0014
3682.00000 0.0017
3683.00000 0.0018
3684.00000 0.0021
3685.00000 0.0023
3686.00000 0.0027
3687.00000 0.003
3688.00000 0.0034
3689.00000 0.0039
3690.00000 0.0045
3691.00000 0.0051
3692.00000 0.0059
3693.00000 0.0067
3694.00000 0.0077
3695.00000 0.0089
3696.00000 0.0101
3697.00000 0.0119
3698.00000 0.0137
3699.00000 0.016
3700.00000 0.0185
3701.00000 0.022
3702.00000 0.0256
3703.00000 0.0301
3704.00000 0.0348
3705.00000 0.041
3706.00000 0.0484
3707.00000 0.0569
3708.00000 0.0666
3709.00000 0.0776
3710.00000 0.0913
3711.00000 0.1058
3712.00000 0.1234
3713.00000 0.141
3714.00000 0.1639
3715.00000 0.1858
3716.00000 0.2097
3717.00000 0.2326
3718.00000 0.2567
3719.00000 0.2794
3720.00000 0.3015
3721.00000 0.3224
3722.00000 0.34
3723.00000 0.3567
3724.00000 0.3674
3725.00000 0.3798
3726.00000 0.3881
3727.00000 0.3955
3728.00000 0.4017
3729.00000 0.4055
3730.00000 0.4087
3731.00000 0.4111
3732.00000 0.4131
3733.00000 0.415
3734.00000 0.4164
3735.00000 0.4177
3736.00000 0.4189
3737.00000 0.4194
3738.00000 0.4199
3739.00000 0.4223
3740.00000 0.4225
3741.00000 0.4244
3742.00000 0.4249
3743.00000 0.4266
3744.00000 0.4277
3745.00000 0.4283
3746.00000 0.4297
3747.00000 0.4299
3748.00000 0.4312
3749.00000 0.4315
3750.00000 0.4334
3751.00000 0.4338
3752.00000 0.4343
3753.00000 0.4358
3754.00000 0.4366
3755.00000 0.4371
3756.00000 0.4377
3757.00000 0.4389
3758.00000 0.4399
3759.00000 0.4409
3760.00000 0.4412
3761.00000 0.4425
3762.00000 0.4428
3763.00000 0.4431
3764.00000 0.4437
3765.00000 0.4452
3766.00000 0.4459
3767.00000 0.4474
3768.00000 0.447
3769.00000 0.4483
3770.00000 0.4498
3771.00000 0.4494
3772.00000 0.4504
3773.00000 0.4522
3774.00000 0.4527
3775.00000 0.4538
3776.00000 0.4546
3777.00000 0.4554
3778.00000 0.4566
3779.00000 0.4579
3780.00000 0.4582
3781.00000 0.459
3782.00000 0.4603
3783.00000 0.4604
3784.00000 0.4614
3785.00000 0.4623
3786.00000 0.4639
3787.00000 0.465
3788.00000 0.4659
3789.00000 0.4661
3790.00000 0.4678
3791.00000 0.4671
3792.00000 0.4686
3793.00000 0.4701
3794.00000 0.4704
3795.00000 0.4725
3796.00000 0.472
3797.00000 0.4728
3798.00000 0.4737
3799.00000 0.475
3800.00000 0.4761
3801.00000 0.4756
3802.00000 0.4769
3803.00000 0.4772
3804.00000 0.4777
3805.00000 0.4778
3806.00000 0.479
3807.00000 0.4793
3808.00000 0.4799
3809.00000 0.4802
3810.00000 0.4802
3811.00000 0.4805
3812.00000 0.481
3813.00000 0.4827
3814.00000 0.4834
3815.00000 0.4827
3816.00000 0.483
3817.00000 0.484
3818.00000 0.4842
3819.00000 0.4853
3820.00000 0.4855
3821.00000 0.4852
3822.00000 0.485
3823.00000 0.4862
3824.00000 0.4864
3825.00000 0.4867
3826.00000 0.4867
3827.00000 0.4867
3828.00000 0.4866
3829.00000 0.4878
3830.00000 0.4877
3831.00000 0.4872
3832.00000 0.4878
3833.00000 0.4882
3834.00000 0.4882
3835.00000 0.4879
3836.00000 0.4882
3837.00000 0.4882
3838.00000 0.4882
3839.00000 0.4886
3840.00000 0.4899
3841.00000 0.4896
3842.00000 0.4898
3843.00000 0.4902
3844.00000 0.4904
3845.00000 0.4908
3846.00000 0.492
3847.00000 0.492
3848.00000 0.4924
3849.00000 0.4934
3850.00000 0.4945
3851.00000 0.4961
3852.00000 0.4954
3853.00000 0.4963
3854.00000 0.4956
3855.00000 0.4958
3856.00000 0.4951
3857.00000 0.4927
3858.00000 0.4903
3859.00000 0.4867
3860.00000 0.4823
3861.00000 0.4741
3862.00000 0.466
3863.00000 0.4551
3864.00000 0.442
3865.00000 0.4254
3866.00000 0.4063
3867.00000 0.3867
3868.00000 0.3647
3869.00000 0.3412
3870.00000 0.3143
3871.00000 0.289
3872.00000 0.2623
3873.00000 0.2391
3874.00000 0.2127
3875.00000 0.1915
3876.00000 0.1686
3877.00000 0.1502
3878.00000 0.1322
3879.00000 0.1157
3880.00000 0.1021
3881.00000 0.0892
3882.00000 0.0784
3883.00000 0.068
3884.00000 0.0597
3885.00000 0.0518
3886.00000 0.0459
3887.00000 0.04
3888.00000 0.0351
3889.00000 0.0307
3890.00000 0.0274
3891.00000 0.024
3892.00000 0.0212
3893.00000 0.0187
3894.00000 0.0167
3895.00000 0.0148
3896.00000 0.013
3897.00000 0.0116
3898.00000 0.0103
3899.00000 0.0093
3900.00000 0.0083
3901.00000 0.0074
3902.00000 0.0066
3903.00000 0.006
3904.00000 0.0054
3905.00000 0.0048
3906.00000 0.0043
3907.00000 0.0039
3908.00000 0.0036
3909.00000 0.0032
3910.00000 0.003
3911.00000 0.0026
3912.00000 0.0024
3913.00000 0.0022
3914.00000 0.002
3915.00000 0.0018
3916.00000 0.0017
3917.00000 0.0015
3918.00000 0.0014
3919.00000 0.0013
3920.00000 0.0012
3921.00000 0.0011
3922.00000 0.001
3923.00000 0.0009
3924.00000 0.0008
3925.00000 0.0008
3926.00000 0.0008
3927.00000 0.0007
3928.00000 0.0006
3929.00000 0.0006
3930.00000 0.0005
3931.00000 0.0005
3932.00000 0.0004
3933.00000 0.0004
3934.00000 0.0004
3935.00000 0.0004
3936.00000 0.0003
3937.00000 0.0003
3938.00000 0.0003
3939.00000 0.0003
3940.00000 0.0003
3941.00000 0.0002
3942.00000 0.0002
3943.00000 0.0002
3944.00000 0.0002
3945.00000 0.0002
3946.00000 0.0002
3947.00000 0.0002
3948.00000 0.0002
3949.00000 0.0001
3950.00000 0.0001
3951.00000 0.0001
3952.00000 0.0001
3953.00000 0.0001
3954.00000 0.0001
3955.00000 0.0001
3956.00000 0.0001
3957.00000 0.0001
3958.00000 0.0001
3959.00000 0.0001
3960.00000 0.0001
3961.00000 0.0001
3962.00000 0.0001
3963.00000 0.0001
3964.00000 0.0001
4360.39990 0.0
