threeML/data/optical_filters/OAJ/JPAS-J0520.ecsv
# %ECSV 0.9
# ---
# datatype:
# - {name: wavelength, unit: Angstrom, datatype: float32}
# - {name: response, datatype: float32}
# meta: !!omap
# - {band_name: J0520}
# - {group_name: JPAS}
wavelength response
4561.20020 0.0
5068.00000 0.0001
5069.00000 0.0001
5070.00000 0.0001
5071.00000 0.0001
5072.00000 0.0001
5073.00000 0.0001
5074.00000 0.0001
5075.00000 0.0001
5076.00000 0.0001
5077.00000 0.0001
5078.00000 0.0001
5079.00000 0.0002
5080.00000 0.0002
5081.00000 0.0002
5082.00000 0.0002
5083.00000 0.0002
5084.00000 0.0003
5085.00000 0.0003
5086.00000 0.0003
5087.00000 0.0004
5088.00000 0.0004
5089.00000 0.0005
5090.00000 0.0005
5091.00000 0.0006
5092.00000 0.0006
5093.00000 0.0007
5094.00000 0.0008
5095.00000 0.001
5096.00000 0.0011
5097.00000 0.0012
5098.00000 0.0013
5099.00000 0.0015
5100.00000 0.0017
5101.00000 0.002
5102.00000 0.0023
5103.00000 0.0026
5104.00000 0.003
5105.00000 0.0034
5106.00000 0.0039
5107.00000 0.0045
5108.00000 0.0052
5109.00000 0.006
5110.00000 0.0071
5111.00000 0.0082
5112.00000 0.0095
5113.00000 0.0109
5114.00000 0.0127
5115.00000 0.0149
5116.00000 0.0178
5117.00000 0.021
5118.00000 0.0253
5119.00000 0.0294
5120.00000 0.0346
5121.00000 0.0402
5122.00000 0.048
5123.00000 0.0576
5124.00000 0.0694
5125.00000 0.0827
5126.00000 0.0976
5127.00000 0.1165
5128.00000 0.1367
5129.00000 0.1629
5130.00000 0.192
5131.00000 0.2301
5132.00000 0.2671
5133.00000 0.3092
5134.00000 0.349
5135.00000 0.3931
5136.00000 0.44
5137.00000 0.4882
5138.00000 0.5347
5139.00000 0.5759
5140.00000 0.6138
5141.00000 0.6426
5142.00000 0.6665
5143.00000 0.6873
5144.00000 0.7084
5145.00000 0.7229
5146.00000 0.7337
5147.00000 0.7392
5148.00000 0.744
5149.00000 0.746
5150.00000 0.7477
5151.00000 0.7501
5152.00000 0.7518
5153.00000 0.7518
5154.00000 0.7521
5155.00000 0.7521
5156.00000 0.7514
5157.00000 0.751
5158.00000 0.7513
5159.00000 0.7508
5160.00000 0.7502
5161.00000 0.7507
5162.00000 0.7503
5163.00000 0.751
5164.00000 0.7514
5165.00000 0.7502
5166.00000 0.7507
5167.00000 0.7513
5168.00000 0.7505
5169.00000 0.7503
5170.00000 0.7509
5171.00000 0.7501
5172.00000 0.7493
5173.00000 0.7498
5174.00000 0.7499
5175.00000 0.7498
5176.00000 0.7493
5177.00000 0.7501
5178.00000 0.7497
5179.00000 0.7496
5180.00000 0.7489
5181.00000 0.7481
5182.00000 0.748
5183.00000 0.7484
5184.00000 0.7478
5185.00000 0.7475
5186.00000 0.7468
5187.00000 0.747
5188.00000 0.7468
5189.00000 0.7459
5190.00000 0.7451
5191.00000 0.7447
5192.00000 0.7446
5193.00000 0.7443
5194.00000 0.7446
5195.00000 0.7441
5196.00000 0.7437
5197.00000 0.7423
5198.00000 0.7421
5199.00000 0.741
5200.00000 0.7414
5201.00000 0.7407
5202.00000 0.7403
5203.00000 0.7403
5204.00000 0.7395
5205.00000 0.7391
5206.00000 0.7373
5207.00000 0.7372
5208.00000 0.7374
5209.00000 0.738
5210.00000 0.7376
5211.00000 0.7365
5212.00000 0.736
5213.00000 0.7352
5214.00000 0.7331
5215.00000 0.7327
5216.00000 0.7325
5217.00000 0.7315
5218.00000 0.7312
5219.00000 0.732
5220.00000 0.7303
5221.00000 0.73
5222.00000 0.7281
5223.00000 0.7273
5224.00000 0.7252
5225.00000 0.7262
5226.00000 0.7265
5227.00000 0.7265
5228.00000 0.7259
5229.00000 0.7246
5230.00000 0.7233
5231.00000 0.7227
5232.00000 0.7225
5233.00000 0.7228
5234.00000 0.7237
5235.00000 0.724
5236.00000 0.7236
5237.00000 0.7237
5238.00000 0.7228
5239.00000 0.7227
5240.00000 0.7239
5241.00000 0.7236
5242.00000 0.7263
5243.00000 0.7258
5244.00000 0.7266
5245.00000 0.7263
5246.00000 0.7261
5247.00000 0.725
5248.00000 0.725
5249.00000 0.7256
5250.00000 0.7251
5251.00000 0.7246
5252.00000 0.724
5253.00000 0.7231
5254.00000 0.7222
5255.00000 0.7195
5256.00000 0.7183
5257.00000 0.7169
5258.00000 0.7151
5259.00000 0.7145
5260.00000 0.7156
5261.00000 0.7147
5262.00000 0.7134
5263.00000 0.7122
5264.00000 0.7113
5265.00000 0.712
5266.00000 0.713
5267.00000 0.7147
5268.00000 0.7181
5269.00000 0.7192
5270.00000 0.7213
5271.00000 0.7207
5272.00000 0.7195
5273.00000 0.7158
5274.00000 0.7096
5275.00000 0.6993
5276.00000 0.6839
5277.00000 0.6645
5278.00000 0.6391
5279.00000 0.6049
5280.00000 0.5642
5281.00000 0.5181
5282.00000 0.4674
5283.00000 0.412
5284.00000 0.3638
5285.00000 0.3157
5286.00000 0.2749
5287.00000 0.2324
5288.00000 0.1968
5289.00000 0.1626
5290.00000 0.1362
5291.00000 0.1137
5292.00000 0.0949
5293.00000 0.0807
5294.00000 0.0688
5295.00000 0.0584
5296.00000 0.0481
5297.00000 0.0403
5298.00000 0.0334
5299.00000 0.0284
5300.00000 0.0241
5301.00000 0.0211
5302.00000 0.0181
5303.00000 0.0157
5304.00000 0.0134
5305.00000 0.0112
5306.00000 0.0097
5307.00000 0.0084
5308.00000 0.0074
5309.00000 0.0064
5310.00000 0.0058
5311.00000 0.0049
5312.00000 0.0044
5313.00000 0.0037
5314.00000 0.0033
5315.00000 0.0029
5316.00000 0.0026
5317.00000 0.0023
5318.00000 0.0021
5319.00000 0.0019
5320.00000 0.0017
5321.00000 0.0015
5322.00000 0.0013
5323.00000 0.0012
5324.00000 0.001
5325.00000 0.0009
5326.00000 0.0008
5327.00000 0.0008
5328.00000 0.0007
5329.00000 0.0006
5330.00000 0.0006
5331.00000 0.0005
5332.00000 0.0005
5333.00000 0.0004
5334.00000 0.0004
5335.00000 0.0003
5336.00000 0.0003
5337.00000 0.0003
5338.00000 0.0003
5339.00000 0.0002
5340.00000 0.0002
5341.00000 0.0002
5342.00000 0.0002
5343.00000 0.0002
5344.00000 0.0001
5345.00000 0.0001
5346.00000 0.0001
5347.00000 0.0001
5348.00000 0.0001
5349.00000 0.0001
5350.00000 0.0001
5351.00000 0.0001
5352.00000 0.0001
5353.00000 0.0001
5354.00000 0.0001
5355.00000 0.0001
5356.00000 0.0001
5357.00000 0.0001
5892.70020 0.0
