threeML/data/optical_filters/OAJ/JPAS-J0600.ecsv
# %ECSV 0.9
# ---
# datatype:
# - {name: wavelength, unit: Angstrom, datatype: float32}
# - {name: response, datatype: float32}
# meta: !!omap
# - {band_name: J0600}
# - {group_name: JPAS}
wavelength response
5281.20020 0.0
5868.00000 0.0001
5869.00000 0.0
5870.00000 0.0001
5871.00000 0.0001
5872.00000 0.0001
5873.00000 0.0001
5874.00000 0.0001
5875.00000 0.0001
5876.00000 0.0001
5877.00000 0.0001
5878.00000 0.0001
5879.00000 0.0001
5880.00000 0.0001
5881.00000 0.0001
5882.00000 0.0001
5883.00000 0.0001
5884.00000 0.0001
5885.00000 0.0002
5886.00000 0.0002
5887.00000 0.0002
5888.00000 0.0003
5889.00000 0.0003
5890.00000 0.0003
5891.00000 0.0003
5892.00000 0.0004
5893.00000 0.0004
5894.00000 0.0005
5895.00000 0.0006
5896.00000 0.0006
5897.00000 0.0007
5898.00000 0.0008
5899.00000 0.0009
5900.00000 0.001
5901.00000 0.0012
5902.00000 0.0013
5903.00000 0.0015
5904.00000 0.0017
5905.00000 0.002
5906.00000 0.0022
5907.00000 0.0026
5908.00000 0.003
5909.00000 0.0035
5910.00000 0.004
5911.00000 0.0047
5912.00000 0.0054
5913.00000 0.0064
5914.00000 0.0074
5915.00000 0.0088
5916.00000 0.0104
5917.00000 0.0123
5918.00000 0.0144
5919.00000 0.0172
5920.00000 0.0206
5921.00000 0.0247
5922.00000 0.0296
5923.00000 0.0354
5924.00000 0.0434
5925.00000 0.0524
5926.00000 0.0646
5927.00000 0.0783
5928.00000 0.0968
5929.00000 0.1174
5930.00000 0.1433
5931.00000 0.1725
5932.00000 0.2101
5933.00000 0.2555
5934.00000 0.3039
5935.00000 0.3597
5936.00000 0.4175
5937.00000 0.4844
5938.00000 0.5447
5939.00000 0.6084
5940.00000 0.6572
5941.00000 0.7058
5942.00000 0.7401
5943.00000 0.7687
5944.00000 0.7879
5945.00000 0.8001
5946.00000 0.8082
5947.00000 0.8121
5948.00000 0.8138
5949.00000 0.8128
5950.00000 0.8125
5951.00000 0.8114
5952.00000 0.811
5953.00000 0.8091
5954.00000 0.8091
5955.00000 0.8081
5956.00000 0.8097
5957.00000 0.8094
5958.00000 0.81
5959.00000 0.8111
5960.00000 0.8125
5961.00000 0.8139
5962.00000 0.8148
5963.00000 0.8149
5964.00000 0.8153
5965.00000 0.8169
5966.00000 0.8169
5967.00000 0.8172
5968.00000 0.8171
5969.00000 0.8171
5970.00000 0.8165
5971.00000 0.8165
5972.00000 0.8157
5973.00000 0.8154
5974.00000 0.8147
5975.00000 0.8146
5976.00000 0.8136
5977.00000 0.8125
5978.00000 0.8128
5979.00000 0.8116
5980.00000 0.8118
5981.00000 0.8112
5982.00000 0.8105
5983.00000 0.8106
5984.00000 0.8113
5985.00000 0.8117
5986.00000 0.8113
5987.00000 0.8115
5988.00000 0.8119
5989.00000 0.8116
5990.00000 0.812
5991.00000 0.8126
5992.00000 0.8129
5993.00000 0.8131
5994.00000 0.8144
5995.00000 0.8144
5996.00000 0.8148
5997.00000 0.8147
5998.00000 0.8151
5999.00000 0.8158
6000.00000 0.8161
6001.00000 0.8158
6002.00000 0.8159
6003.00000 0.8167
6004.00000 0.817
6005.00000 0.8179
6006.00000 0.8187
6007.00000 0.8185
6008.00000 0.8185
6009.00000 0.8188
6010.00000 0.8199
6011.00000 0.8194
6012.00000 0.8198
6013.00000 0.8206
6014.00000 0.8201
6015.00000 0.8206
6016.00000 0.8213
6017.00000 0.8215
6018.00000 0.821
6019.00000 0.8212
6020.00000 0.821
6021.00000 0.8219
6022.00000 0.8214
6023.00000 0.8212
6024.00000 0.8214
6025.00000 0.8211
6026.00000 0.8211
6027.00000 0.8208
6028.00000 0.821
6029.00000 0.8199
6030.00000 0.8204
6031.00000 0.8195
6032.00000 0.8197
6033.00000 0.8196
6034.00000 0.8189
6035.00000 0.8187
6036.00000 0.8187
6037.00000 0.8177
6038.00000 0.818
6039.00000 0.8171
6040.00000 0.8177
6041.00000 0.8177
6042.00000 0.8177
6043.00000 0.8183
6044.00000 0.8174
6045.00000 0.8176
6046.00000 0.8171
6047.00000 0.8185
6048.00000 0.8187
6049.00000 0.8187
6050.00000 0.8186
6051.00000 0.8181
6052.00000 0.8184
6053.00000 0.8179
6054.00000 0.8182
6055.00000 0.8177
6056.00000 0.8173
6057.00000 0.8176
6058.00000 0.816
6059.00000 0.816
6060.00000 0.8154
6061.00000 0.8151
6062.00000 0.8151
6063.00000 0.8153
6064.00000 0.8163
6065.00000 0.8164
6066.00000 0.8168
6067.00000 0.8178
6068.00000 0.8188
6069.00000 0.8195
6070.00000 0.8196
6071.00000 0.8202
6072.00000 0.8178
6073.00000 0.8151
6074.00000 0.8086
6075.00000 0.798
6076.00000 0.7829
6077.00000 0.7624
6078.00000 0.7351
6079.00000 0.7018
6080.00000 0.658
6081.00000 0.6108
6082.00000 0.5556
6083.00000 0.5044
6084.00000 0.4444
6085.00000 0.392
6086.00000 0.3391
6087.00000 0.2914
6088.00000 0.2471
6089.00000 0.208
6090.00000 0.1758
6091.00000 0.1465
6092.00000 0.1232
6093.00000 0.101
6094.00000 0.0849
6095.00000 0.0707
6096.00000 0.0599
6097.00000 0.0496
6098.00000 0.0421
6099.00000 0.0355
6100.00000 0.0302
6101.00000 0.0256
6102.00000 0.0216
6103.00000 0.0185
6104.00000 0.0158
6105.00000 0.0136
6106.00000 0.0115
6107.00000 0.01
6108.00000 0.0085
6109.00000 0.0075
6110.00000 0.0065
6111.00000 0.0056
6112.00000 0.0049
6113.00000 0.0043
6114.00000 0.0038
6115.00000 0.0034
6116.00000 0.003
6117.00000 0.0026
6118.00000 0.0023
6119.00000 0.002
6120.00000 0.0018
6121.00000 0.0016
6122.00000 0.0014
6123.00000 0.0013
6124.00000 0.0011
6125.00000 0.001
6126.00000 0.0009
6127.00000 0.0008
6128.00000 0.0007
6129.00000 0.0006
6130.00000 0.0006
6131.00000 0.0005
6132.00000 0.0005
6133.00000 0.0004
6134.00000 0.0004
6135.00000 0.0004
6136.00000 0.0003
6137.00000 0.0003
6138.00000 0.0003
6139.00000 0.0002
6140.00000 0.0002
6141.00000 0.0002
6142.00000 0.0002
6143.00000 0.0002
6144.00000 0.0001
6145.00000 0.0001
6146.00000 0.0001
6147.00000 0.0001
6148.00000 0.0001
6149.00000 0.0001
6150.00000 0.0001
6151.00000 0.0001
6152.00000 0.0001
6767.20020 0.0
