threeML/data/optical_filters/OAJ/JPAS-J0750.ecsv
# %ECSV 0.9
# ---
# datatype:
# - {name: wavelength, unit: Angstrom, datatype: float32}
# - {name: response, datatype: float32}
# meta: !!omap
# - {band_name: J0750}
# - {group_name: JPAS}
wavelength response
6635.70020 0.0
7373.00000 0.0001
7374.00000 0.0
7375.00000 0.0
7376.00000 0.0001
7377.00000 0.0
7378.00000 0.0001
7379.00000 0.0001
7380.00000 0.0001
7381.00000 0.0001
7382.00000 0.0001
7383.00000 0.0001
7384.00000 0.0001
7385.00000 0.0001
7386.00000 0.0002
7387.00000 0.0002
7388.00000 0.0002
7389.00000 0.0002
7390.00000 0.0003
7391.00000 0.0003
7392.00000 0.0004
7393.00000 0.0004
7394.00000 0.0004
7395.00000 0.0005
7396.00000 0.0006
7397.00000 0.0007
7398.00000 0.0007
7399.00000 0.0009
7400.00000 0.001
7401.00000 0.0012
7402.00000 0.0014
7403.00000 0.0016
7404.00000 0.0019
7405.00000 0.0022
7406.00000 0.0026
7407.00000 0.003
7408.00000 0.0036
7409.00000 0.0043
7410.00000 0.005
7411.00000 0.006
7412.00000 0.0073
7413.00000 0.0087
7414.00000 0.0106
7415.00000 0.0127
7416.00000 0.0153
7417.00000 0.0187
7418.00000 0.0229
7419.00000 0.0282
7420.00000 0.0346
7421.00000 0.0433
7422.00000 0.0536
7423.00000 0.0675
7424.00000 0.0843
7425.00000 0.1075
7426.00000 0.1341
7427.00000 0.1681
7428.00000 0.2066
7429.00000 0.2567
7430.00000 0.3133
7431.00000 0.3779
7432.00000 0.4492
7433.00000 0.5207
7434.00000 0.5983
7435.00000 0.6637
7436.00000 0.7265
7437.00000 0.775
7438.00000 0.8177
7439.00000 0.8443
7440.00000 0.8636
7441.00000 0.8728
7442.00000 0.8764
7443.00000 0.8764
7444.00000 0.8756
7445.00000 0.8739
7446.00000 0.8721
7447.00000 0.8703
7448.00000 0.8703
7449.00000 0.8701
7450.00000 0.8694
7451.00000 0.87
7452.00000 0.8727
7453.00000 0.8748
7454.00000 0.8742
7455.00000 0.8792
7456.00000 0.882
7457.00000 0.8816
7458.00000 0.8833
7459.00000 0.8855
7460.00000 0.8852
7461.00000 0.8858
7462.00000 0.8852
7463.00000 0.8855
7464.00000 0.8853
7465.00000 0.8843
7466.00000 0.8827
7467.00000 0.8831
7468.00000 0.8796
7469.00000 0.8812
7470.00000 0.8786
7471.00000 0.8791
7472.00000 0.8773
7473.00000 0.8775
7474.00000 0.8754
7475.00000 0.8772
7476.00000 0.8772
7477.00000 0.8757
7478.00000 0.8773
7479.00000 0.8735
7480.00000 0.8748
7481.00000 0.8761
7482.00000 0.8767
7483.00000 0.8763
7484.00000 0.8754
7485.00000 0.8778
7486.00000 0.8771
7487.00000 0.8755
7488.00000 0.8757
7489.00000 0.8779
7490.00000 0.8771
7491.00000 0.8769
7492.00000 0.8753
7493.00000 0.8746
7494.00000 0.8784
7495.00000 0.8767
7496.00000 0.8773
7497.00000 0.8758
7498.00000 0.8773
7499.00000 0.878
7500.00000 0.8766
7501.00000 0.8755
7502.00000 0.8776
7503.00000 0.8763
7504.00000 0.8749
7505.00000 0.8755
7506.00000 0.8729
7507.00000 0.8756
7508.00000 0.8758
7509.00000 0.8762
7510.00000 0.8739
7511.00000 0.8757
7512.00000 0.8778
7513.00000 0.8772
7514.00000 0.8788
7515.00000 0.8761
7516.00000 0.8739
7517.00000 0.8757
7518.00000 0.876
7519.00000 0.876
7520.00000 0.8751
7521.00000 0.8768
7522.00000 0.8737
7523.00000 0.8741
7524.00000 0.8759
7525.00000 0.8742
7526.00000 0.8718
7527.00000 0.8758
7528.00000 0.8735
7529.00000 0.8725
7530.00000 0.8718
7531.00000 0.8722
7532.00000 0.8734
7533.00000 0.8757
7534.00000 0.8757
7535.00000 0.8777
7536.00000 0.8778
7537.00000 0.8768
7538.00000 0.8793
7539.00000 0.8812
7540.00000 0.8812
7541.00000 0.8802
7542.00000 0.883
7543.00000 0.8824
7544.00000 0.883
7545.00000 0.8832
7546.00000 0.8819
7547.00000 0.8824
7548.00000 0.8826
7549.00000 0.8827
7550.00000 0.8824
7551.00000 0.8806
7552.00000 0.8825
7553.00000 0.8832
7554.00000 0.8819
7555.00000 0.8815
7556.00000 0.8791
7557.00000 0.8794
7558.00000 0.8812
7559.00000 0.8785
7560.00000 0.8782
7561.00000 0.8735
7562.00000 0.8687
7563.00000 0.8595
7564.00000 0.843
7565.00000 0.8234
7566.00000 0.7938
7567.00000 0.7575
7568.00000 0.711
7569.00000 0.6584
7570.00000 0.5999
7571.00000 0.537
7572.00000 0.4702
7573.00000 0.4017
7574.00000 0.3434
7575.00000 0.2877
7576.00000 0.2422
7577.00000 0.195
7578.00000 0.1616
7579.00000 0.1302
7580.00000 0.1075
7581.00000 0.085
7582.00000 0.0682
7583.00000 0.0542
7584.00000 0.0439
7585.00000 0.0353
7586.00000 0.028
7587.00000 0.0229
7588.00000 0.0186
7589.00000 0.0153
7590.00000 0.0124
7591.00000 0.01
7592.00000 0.0082
7593.00000 0.0068
7594.00000 0.0055
7595.00000 0.0046
7596.00000 0.0038
7597.00000 0.0032
7598.00000 0.0026
7599.00000 0.0022
7600.00000 0.0018
7601.00000 0.0015
7602.00000 0.0013
7603.00000 0.0011
7604.00000 0.0009
7605.00000 0.0008
7606.00000 0.0007
7607.00000 0.0006
7608.00000 0.0005
7609.00000 0.0005
7610.00000 0.0004
7611.00000 0.0004
7612.00000 0.0003
7613.00000 0.0003
7614.00000 0.0003
7615.00000 0.0002
7616.00000 0.0002
7617.00000 0.0002
7618.00000 0.0002
7619.00000 0.0002
7620.00000 0.0002
7621.00000 0.0001
7622.00000 0.0001
7623.00000 0.0001
7624.00000 0.0001
7625.00000 0.0001
7626.00000 0.0001
7627.00000 0.0001
7628.00000 0.0001
8390.79980 0.0
