threeML/data/optical_filters/OAJ/JPAS-J0580.ecsv
# %ECSV 0.9
# ---
# datatype:
# - {name: wavelength, unit: Angstrom, datatype: float32}
# - {name: response, datatype: float32}
# meta: !!omap
# - {band_name: J0580}
# - {group_name: JPAS}
wavelength response
5103.00000 0.0
5670.00000 0.0001
5671.00000 0.0001
5672.00000 0.0
5673.00000 0.0001
5674.00000 0.0001
5675.00000 0.0001
5676.00000 0.0001
5677.00000 0.0001
5678.00000 0.0001
5679.00000 0.0001
5680.00000 0.0001
5681.00000 0.0001
5682.00000 0.0001
5683.00000 0.0002
5684.00000 0.0002
5685.00000 0.0002
5686.00000 0.0002
5687.00000 0.0002
5688.00000 0.0003
5689.00000 0.0003
5690.00000 0.0003
5691.00000 0.0004
5692.00000 0.0004
5693.00000 0.0004
5694.00000 0.0005
5695.00000 0.0005
5696.00000 0.0006
5697.00000 0.0007
5698.00000 0.0008
5699.00000 0.0009
5700.00000 0.001
5701.00000 0.0011
5702.00000 0.0012
5703.00000 0.0014
5704.00000 0.0016
5705.00000 0.0019
5706.00000 0.0021
5707.00000 0.0024
5708.00000 0.0028
5709.00000 0.0032
5710.00000 0.0036
5711.00000 0.0042
5712.00000 0.0049
5713.00000 0.0057
5714.00000 0.0066
5715.00000 0.0076
5716.00000 0.009
5717.00000 0.0105
5718.00000 0.0125
5719.00000 0.0145
5720.00000 0.0173
5721.00000 0.0202
5722.00000 0.0241
5723.00000 0.0285
5724.00000 0.0342
5725.00000 0.0409
5726.00000 0.0491
5727.00000 0.0592
5728.00000 0.0705
5729.00000 0.0868
5730.00000 0.1041
5731.00000 0.1273
5732.00000 0.1514
5733.00000 0.1837
5734.00000 0.2174
5735.00000 0.2599
5736.00000 0.3045
5737.00000 0.3563
5738.00000 0.4108
5739.00000 0.4659
5740.00000 0.5247
5741.00000 0.5759
5742.00000 0.6282
5743.00000 0.6681
5744.00000 0.7066
5745.00000 0.7331
5746.00000 0.7566
5747.00000 0.7712
5748.00000 0.7816
5749.00000 0.7874
5750.00000 0.7914
5751.00000 0.7916
5752.00000 0.792
5753.00000 0.7907
5754.00000 0.7893
5755.00000 0.7878
5756.00000 0.7867
5757.00000 0.7855
5758.00000 0.7848
5759.00000 0.7842
5760.00000 0.7846
5761.00000 0.7841
5762.00000 0.7842
5763.00000 0.7845
5764.00000 0.7842
5765.00000 0.7849
5766.00000 0.7865
5767.00000 0.7863
5768.00000 0.7864
5769.00000 0.7869
5770.00000 0.7863
5771.00000 0.7856
5772.00000 0.787
5773.00000 0.787
5774.00000 0.7873
5775.00000 0.7864
5776.00000 0.7863
5777.00000 0.7858
5778.00000 0.7871
5779.00000 0.7863
5780.00000 0.7865
5781.00000 0.7852
5782.00000 0.7864
5783.00000 0.7859
5784.00000 0.7866
5785.00000 0.7861
5786.00000 0.7871
5787.00000 0.7877
5788.00000 0.7883
5789.00000 0.7883
5790.00000 0.7887
5791.00000 0.7895
5792.00000 0.7905
5793.00000 0.7908
5794.00000 0.791
5795.00000 0.7924
5796.00000 0.7924
5797.00000 0.7932
5798.00000 0.794
5799.00000 0.7946
5800.00000 0.7958
5801.00000 0.7966
5802.00000 0.7969
5803.00000 0.7966
5804.00000 0.7978
5805.00000 0.7984
5806.00000 0.7984
5807.00000 0.7987
5808.00000 0.7998
5809.00000 0.7999
5810.00000 0.7992
5811.00000 0.8002
5812.00000 0.8003
5813.00000 0.7997
5814.00000 0.8004
5815.00000 0.8004
5816.00000 0.7999
5817.00000 0.7995
5818.00000 0.8002
5819.00000 0.7991
5820.00000 0.7997
5821.00000 0.7997
5822.00000 0.799
5823.00000 0.798
5824.00000 0.799
5825.00000 0.7981
5826.00000 0.7976
5827.00000 0.7976
5828.00000 0.7978
5829.00000 0.7978
5830.00000 0.7974
5831.00000 0.7971
5832.00000 0.7982
5833.00000 0.7972
5834.00000 0.7979
5835.00000 0.7978
5836.00000 0.7973
5837.00000 0.7982
5838.00000 0.7969
5839.00000 0.7986
5840.00000 0.7984
5841.00000 0.7986
5842.00000 0.7988
5843.00000 0.7996
5844.00000 0.7989
5845.00000 0.7996
5846.00000 0.8003
5847.00000 0.7997
5848.00000 0.8004
5849.00000 0.7991
5850.00000 0.7985
5851.00000 0.7993
5852.00000 0.7991
5853.00000 0.7984
5854.00000 0.7981
5855.00000 0.7978
5856.00000 0.7977
5857.00000 0.7961
5858.00000 0.7964
5859.00000 0.7961
5860.00000 0.7967
5861.00000 0.7978
5862.00000 0.7966
5863.00000 0.7974
5864.00000 0.7973
5865.00000 0.7985
5866.00000 0.7993
5867.00000 0.8001
5868.00000 0.8002
5869.00000 0.8021
5870.00000 0.8024
5871.00000 0.8015
5872.00000 0.7994
5873.00000 0.7951
5874.00000 0.7885
5875.00000 0.7801
5876.00000 0.7661
5877.00000 0.7465
5878.00000 0.7225
5879.00000 0.6934
5880.00000 0.658
5881.00000 0.6143
5882.00000 0.5692
5883.00000 0.5191
5884.00000 0.4702
5885.00000 0.4134
5886.00000 0.3655
5887.00000 0.3165
5888.00000 0.2764
5889.00000 0.2363
5890.00000 0.2016
5891.00000 0.1705
5892.00000 0.1455
5893.00000 0.1232
5894.00000 0.1029
5895.00000 0.0872
5896.00000 0.0737
5897.00000 0.0625
5898.00000 0.0522
5899.00000 0.0445
5900.00000 0.0378
5901.00000 0.0326
5902.00000 0.0275
5903.00000 0.0237
5904.00000 0.0203
5905.00000 0.0175
5906.00000 0.0152
5907.00000 0.013
5908.00000 0.0112
5909.00000 0.0097
5910.00000 0.0085
5911.00000 0.0074
5912.00000 0.0064
5913.00000 0.0056
5914.00000 0.005
5915.00000 0.0043
5916.00000 0.0038
5917.00000 0.0034
5918.00000 0.003
5919.00000 0.0027
5920.00000 0.0024
5921.00000 0.0021
5922.00000 0.0019
5923.00000 0.0017
5924.00000 0.0015
5925.00000 0.0013
5926.00000 0.0012
5927.00000 0.0011
5928.00000 0.001
5929.00000 0.0009
5930.00000 0.0008
5931.00000 0.0007
5932.00000 0.0006
5933.00000 0.0006
5934.00000 0.0005
5935.00000 0.0005
5936.00000 0.0004
5937.00000 0.0004
5938.00000 0.0004
5939.00000 0.0003
5940.00000 0.0003
5941.00000 0.0003
5942.00000 0.0002
5943.00000 0.0002
5944.00000 0.0002
5945.00000 0.0002
5946.00000 0.0002
5947.00000 0.0002
5948.00000 0.0001
5949.00000 0.0001
5950.00000 0.0001
5951.00000 0.0001
5952.00000 0.0001
5953.00000 0.0001
5954.00000 0.0001
5955.00000 0.0001
5956.00000 0.0001
5957.00000 0.0001
5958.00000 0.0001
5959.00000 0.0001
5960.00000 0.0001
5961.00000 0.0001
5962.00000 0.0001
6558.20020 0.0
