threeML/data/optical_filters/OAJ/JPAS-J0650.ecsv
# %ECSV 0.9
# ---
# datatype:
# - {name: wavelength, unit: Angstrom, datatype: float32}
# - {name: response, datatype: float32}
# meta: !!omap
# - {band_name: J0650}
# - {group_name: JPAS}
wavelength response
5733.89990 0.0
6371.00000 0.0001
6372.00000 0.0001
6373.00000 0.0001
6374.00000 0.0001
6375.00000 0.0001
6376.00000 0.0001
6377.00000 0.0001
6378.00000 0.0001
6379.00000 0.0001
6380.00000 0.0001
6381.00000 0.0001
6382.00000 0.0002
6383.00000 0.0002
6384.00000 0.0002
6385.00000 0.0002
6386.00000 0.0003
6387.00000 0.0003
6388.00000 0.0003
6389.00000 0.0003
6390.00000 0.0004
6391.00000 0.0004
6392.00000 0.0005
6393.00000 0.0006
6394.00000 0.0006
6395.00000 0.0007
6396.00000 0.0008
6397.00000 0.0009
6398.00000 0.001
6399.00000 0.0012
6400.00000 0.0014
6401.00000 0.0016
6402.00000 0.0018
6403.00000 0.002
6404.00000 0.0023
6405.00000 0.0027
6406.00000 0.0031
6407.00000 0.0036
6408.00000 0.0042
6409.00000 0.0048
6410.00000 0.0056
6411.00000 0.0066
6412.00000 0.0078
6413.00000 0.0092
6414.00000 0.011
6415.00000 0.0128
6416.00000 0.0154
6417.00000 0.0182
6418.00000 0.0219
6419.00000 0.0259
6420.00000 0.0313
6421.00000 0.0375
6422.00000 0.0455
6423.00000 0.0554
6424.00000 0.0672
6425.00000 0.0822
6426.00000 0.0991
6427.00000 0.1235
6428.00000 0.1493
6429.00000 0.1833
6430.00000 0.2193
6431.00000 0.2663
6432.00000 0.3152
6433.00000 0.3726
6434.00000 0.4329
6435.00000 0.497
6436.00000 0.5642
6437.00000 0.6265
6438.00000 0.6841
6439.00000 0.7319
6440.00000 0.7786
6441.00000 0.8107
6442.00000 0.8363
6443.00000 0.853
6444.00000 0.8644
6445.00000 0.8723
6446.00000 0.8756
6447.00000 0.8777
6448.00000 0.8778
6449.00000 0.8775
6450.00000 0.8773
6451.00000 0.8773
6452.00000 0.8767
6453.00000 0.877
6454.00000 0.8772
6455.00000 0.8779
6456.00000 0.8788
6457.00000 0.8797
6458.00000 0.8802
6459.00000 0.8814
6460.00000 0.882
6461.00000 0.883
6462.00000 0.8833
6463.00000 0.8842
6464.00000 0.8842
6465.00000 0.8838
6466.00000 0.8839
6467.00000 0.8825
6468.00000 0.8832
6469.00000 0.8829
6470.00000 0.8818
6471.00000 0.8811
6472.00000 0.8804
6473.00000 0.8798
6474.00000 0.8791
6475.00000 0.8788
6476.00000 0.8775
6477.00000 0.8773
6478.00000 0.8771
6479.00000 0.8773
6480.00000 0.8773
6481.00000 0.8769
6482.00000 0.8774
6483.00000 0.8779
6484.00000 0.8785
6485.00000 0.8791
6486.00000 0.8792
6487.00000 0.8803
6488.00000 0.8805
6489.00000 0.8815
6490.00000 0.8825
6491.00000 0.8832
6492.00000 0.8839
6493.00000 0.8839
6494.00000 0.8849
6495.00000 0.8856
6496.00000 0.8865
6497.00000 0.8873
6498.00000 0.8874
6499.00000 0.8886
6500.00000 0.8884
6501.00000 0.8892
6502.00000 0.8896
6503.00000 0.8895
6504.00000 0.8902
6505.00000 0.8904
6506.00000 0.891
6507.00000 0.891
6508.00000 0.8913
6509.00000 0.8914
6510.00000 0.8909
6511.00000 0.892
6512.00000 0.8914
6513.00000 0.8923
6514.00000 0.8923
6515.00000 0.8927
6516.00000 0.8923
6517.00000 0.8922
6518.00000 0.8927
6519.00000 0.8931
6520.00000 0.8931
6521.00000 0.8935
6522.00000 0.8929
6523.00000 0.8926
6524.00000 0.8931
6525.00000 0.893
6526.00000 0.8934
6527.00000 0.8932
6528.00000 0.8933
6529.00000 0.8935
6530.00000 0.8933
6531.00000 0.8933
6532.00000 0.8936
6533.00000 0.8935
6534.00000 0.8936
6535.00000 0.8941
6536.00000 0.8938
6537.00000 0.8943
6538.00000 0.8941
6539.00000 0.8942
6540.00000 0.8948
6541.00000 0.8944
6542.00000 0.8948
6543.00000 0.8952
6544.00000 0.8952
6545.00000 0.8956
6546.00000 0.8945
6547.00000 0.8949
6548.00000 0.8937
6549.00000 0.894
6550.00000 0.8936
6551.00000 0.8932
6552.00000 0.8923
6553.00000 0.8924
6554.00000 0.8913
6555.00000 0.8907
6556.00000 0.8902
6557.00000 0.8898
6558.00000 0.8891
6559.00000 0.8891
6560.00000 0.8888
6561.00000 0.8889
6562.00000 0.8902
6563.00000 0.8905
6564.00000 0.8911
6565.00000 0.8913
6566.00000 0.8917
6567.00000 0.891
6568.00000 0.8894
6569.00000 0.885
6570.00000 0.8774
6571.00000 0.8677
6572.00000 0.8519
6573.00000 0.832
6574.00000 0.8059
6575.00000 0.771
6576.00000 0.7301
6577.00000 0.6811
6578.00000 0.6276
6579.00000 0.5662
6580.00000 0.5083
6581.00000 0.4459
6582.00000 0.3901
6583.00000 0.3319
6584.00000 0.284
6585.00000 0.2392
6586.00000 0.2038
6587.00000 0.1703
6588.00000 0.1426
6589.00000 0.1183
6590.00000 0.0988
6591.00000 0.0829
6592.00000 0.0685
6593.00000 0.0575
6594.00000 0.0479
6595.00000 0.0406
6596.00000 0.0338
6597.00000 0.0287
6598.00000 0.0244
6599.00000 0.0209
6600.00000 0.0178
6601.00000 0.0152
6602.00000 0.0129
6603.00000 0.0111
6604.00000 0.0096
6605.00000 0.0082
6606.00000 0.0072
6607.00000 0.0062
6608.00000 0.0054
6609.00000 0.0046
6610.00000 0.0041
6611.00000 0.0036
6612.00000 0.0032
6613.00000 0.0028
6614.00000 0.0025
6615.00000 0.0021
6616.00000 0.0019
6617.00000 0.0017
6618.00000 0.0015
6619.00000 0.0013
6620.00000 0.0012
6621.00000 0.0011
6622.00000 0.0009
6623.00000 0.0008
6624.00000 0.0007
6625.00000 0.0007
6626.00000 0.0006
6627.00000 0.0005
6628.00000 0.0005
6629.00000 0.0004
6630.00000 0.0004
6631.00000 0.0004
6632.00000 0.0003
6633.00000 0.0003
6634.00000 0.0003
6635.00000 0.0002
6636.00000 0.0002
6637.00000 0.0002
6638.00000 0.0002
6639.00000 0.0002
6640.00000 0.0001
6641.00000 0.0001
6642.00000 0.0001
6643.00000 0.0001
6644.00000 0.0001
6645.00000 0.0001
6646.00000 0.0001
6647.00000 0.0001
6648.00000 0.0001
6649.00000 0.0001
6650.00000 0.0001
6651.00000 0.0001
6652.00000 0.0001
7317.20020 0.0
