threeML/data/optical_filters/OAJ/JPAS-J0560.ecsv
# %ECSV 0.9
# ---
# datatype:
# - {name: wavelength, unit: Angstrom, datatype: float32}
# - {name: response, datatype: float32}
# meta: !!omap
# - {band_name: J0560}
# - {group_name: JPAS}
wavelength response
4921.20020 0.0
5468.00000 0.0001
5469.00000 0.0001
5470.00000 0.0001
5471.00000 0.0001
5472.00000 0.0001
5473.00000 0.0001
5474.00000 0.0001
5475.00000 0.0001
5476.00000 0.0001
5477.00000 0.0001
5478.00000 0.0001
5479.00000 0.0001
5480.00000 0.0002
5481.00000 0.0002
5482.00000 0.0002
5483.00000 0.0002
5484.00000 0.0003
5485.00000 0.0003
5486.00000 0.0003
5487.00000 0.0004
5488.00000 0.0004
5489.00000 0.0005
5490.00000 0.0006
5491.00000 0.0006
5492.00000 0.0007
5493.00000 0.0008
5494.00000 0.0009
5495.00000 0.001
5496.00000 0.0012
5497.00000 0.0014
5498.00000 0.0015
5499.00000 0.0018
5500.00000 0.002
5501.00000 0.0023
5502.00000 0.0027
5503.00000 0.0031
5504.00000 0.0037
5505.00000 0.0042
5506.00000 0.0049
5507.00000 0.0057
5508.00000 0.0068
5509.00000 0.0079
5510.00000 0.0095
5511.00000 0.0111
5512.00000 0.0131
5513.00000 0.0157
5514.00000 0.0187
5515.00000 0.0224
5516.00000 0.0268
5517.00000 0.0325
5518.00000 0.039
5519.00000 0.0475
5520.00000 0.0573
5521.00000 0.0707
5522.00000 0.086
5523.00000 0.1056
5524.00000 0.1274
5525.00000 0.1556
5526.00000 0.1881
5527.00000 0.2252
5528.00000 0.2685
5529.00000 0.3179
5530.00000 0.3716
5531.00000 0.4251
5532.00000 0.4831
5533.00000 0.5351
5534.00000 0.5897
5535.00000 0.6316
5536.00000 0.6688
5537.00000 0.6958
5538.00000 0.717
5539.00000 0.7309
5540.00000 0.742
5541.00000 0.7476
5542.00000 0.751
5543.00000 0.7522
5544.00000 0.7531
5545.00000 0.7524
5546.00000 0.7523
5547.00000 0.7517
5548.00000 0.7509
5549.00000 0.7507
5550.00000 0.751
5551.00000 0.7511
5552.00000 0.7518
5553.00000 0.7525
5554.00000 0.7538
5555.00000 0.7537
5556.00000 0.7548
5557.00000 0.7552
5558.00000 0.7557
5559.00000 0.7559
5560.00000 0.7561
5561.00000 0.7567
5562.00000 0.7566
5563.00000 0.7561
5564.00000 0.7565
5565.00000 0.756
5566.00000 0.7556
5567.00000 0.7559
5568.00000 0.7554
5569.00000 0.7549
5570.00000 0.7552
5571.00000 0.7539
5572.00000 0.7542
5573.00000 0.7538
5574.00000 0.7534
5575.00000 0.7538
5576.00000 0.7539
5577.00000 0.7538
5578.00000 0.7536
5579.00000 0.7539
5580.00000 0.754
5581.00000 0.755
5582.00000 0.7549
5583.00000 0.7557
5584.00000 0.7555
5585.00000 0.7559
5586.00000 0.7566
5587.00000 0.7563
5588.00000 0.7573
5589.00000 0.7576
5590.00000 0.7576
5591.00000 0.7583
5592.00000 0.7588
5593.00000 0.7587
5594.00000 0.7594
5595.00000 0.7594
5596.00000 0.7596
5597.00000 0.7595
5598.00000 0.759
5599.00000 0.7595
5600.00000 0.7597
5601.00000 0.7597
5602.00000 0.7595
5603.00000 0.7601
5604.00000 0.759
5605.00000 0.7598
5606.00000 0.7593
5607.00000 0.7592
5608.00000 0.7594
5609.00000 0.7594
5610.00000 0.7593
5611.00000 0.7594
5612.00000 0.7594
5613.00000 0.7593
5614.00000 0.7586
5615.00000 0.7585
5616.00000 0.7581
5617.00000 0.7578
5618.00000 0.7568
5619.00000 0.7572
5620.00000 0.7565
5621.00000 0.7555
5622.00000 0.7551
5623.00000 0.7548
5624.00000 0.7548
5625.00000 0.7544
5626.00000 0.7543
5627.00000 0.7544
5628.00000 0.7536
5629.00000 0.7535
5630.00000 0.7537
5631.00000 0.7535
5632.00000 0.7537
5633.00000 0.7539
5634.00000 0.7543
5635.00000 0.7551
5636.00000 0.7554
5637.00000 0.7558
5638.00000 0.7564
5639.00000 0.7575
5640.00000 0.7579
5641.00000 0.7585
5642.00000 0.7591
5643.00000 0.7602
5644.00000 0.7605
5645.00000 0.761
5646.00000 0.7617
5647.00000 0.7623
5648.00000 0.762
5649.00000 0.7619
5650.00000 0.7625
5651.00000 0.7627
5652.00000 0.762
5653.00000 0.7613
5654.00000 0.7618
5655.00000 0.7605
5656.00000 0.7609
5657.00000 0.7609
5658.00000 0.7606
5659.00000 0.7611
5660.00000 0.7599
5661.00000 0.7604
5662.00000 0.7606
5663.00000 0.7603
5664.00000 0.7601
5665.00000 0.7588
5666.00000 0.7564
5667.00000 0.7529
5668.00000 0.7463
5669.00000 0.7374
5670.00000 0.7239
5671.00000 0.7063
5672.00000 0.6834
5673.00000 0.6529
5674.00000 0.6204
5675.00000 0.5795
5676.00000 0.535
5677.00000 0.4811
5678.00000 0.4303
5679.00000 0.3805
5680.00000 0.336
5681.00000 0.2868
5682.00000 0.2467
5683.00000 0.2081
5684.00000 0.1774
5685.00000 0.1496
5686.00000 0.1245
5687.00000 0.1039
5688.00000 0.0868
5689.00000 0.0729
5690.00000 0.0603
5691.00000 0.0511
5692.00000 0.0428
5693.00000 0.0365
5694.00000 0.0307
5695.00000 0.0261
5696.00000 0.0222
5697.00000 0.0189
5698.00000 0.0161
5699.00000 0.0136
5700.00000 0.0118
5701.00000 0.0102
5702.00000 0.0088
5703.00000 0.0075
5704.00000 0.0066
5705.00000 0.0057
5706.00000 0.005
5707.00000 0.0044
5708.00000 0.0039
5709.00000 0.0033
5710.00000 0.0029
5711.00000 0.0026
5712.00000 0.0023
5713.00000 0.002
5714.00000 0.0018
5715.00000 0.0016
5716.00000 0.0014
5717.00000 0.0013
5718.00000 0.0011
5719.00000 0.001
5720.00000 0.0009
5721.00000 0.0008
5722.00000 0.0007
5723.00000 0.0007
5724.00000 0.0006
5725.00000 0.0005
5726.00000 0.0005
5727.00000 0.0004
5728.00000 0.0004
5729.00000 0.0004
5730.00000 0.0003
5731.00000 0.0003
5732.00000 0.0003
5733.00000 0.0002
5734.00000 0.0002
5735.00000 0.0002
5736.00000 0.0002
5737.00000 0.0002
5738.00000 0.0001
5739.00000 0.0001
5740.00000 0.0001
5741.00000 0.0001
5742.00000 0.0001
5743.00000 0.0001
5744.00000 0.0001
5745.00000 0.0001
5746.00000 0.0001
5747.00000 0.0001
5748.00000 0.0001
5749.00000 0.0001
6323.89990 0.0
