threeML/data/optical_filters/OAJ/JPAS-J0690.ecsv
# %ECSV 0.9
# ---
# datatype:
# - {name: wavelength, unit: Angstrom, datatype: float32}
# - {name: response, datatype: float32}
# meta: !!omap
# - {band_name: J0690}
# - {group_name: JPAS}
wavelength response
6100.20020 0.0
6778.00000 0.0001
6779.00000 0.0
6780.00000 0.0001
6781.00000 0.0001
6782.00000 0.0001
6783.00000 0.0001
6784.00000 0.0001
6785.00000 0.0001
6786.00000 0.0001
6787.00000 0.0001
6788.00000 0.0001
6789.00000 0.0001
6790.00000 0.0002
6791.00000 0.0002
6792.00000 0.0002
6793.00000 0.0002
6794.00000 0.0002
6795.00000 0.0003
6796.00000 0.0003
6797.00000 0.0003
6798.00000 0.0004
6799.00000 0.0004
6800.00000 0.0005
6801.00000 0.0006
6802.00000 0.0006
6803.00000 0.0007
6804.00000 0.0008
6805.00000 0.0009
6806.00000 0.0011
6807.00000 0.0012
6808.00000 0.0014
6809.00000 0.0015
6810.00000 0.0017
6811.00000 0.002
6812.00000 0.0023
6813.00000 0.0027
6814.00000 0.0031
6815.00000 0.0036
6816.00000 0.0041
6817.00000 0.0048
6818.00000 0.0055
6819.00000 0.0065
6820.00000 0.0075
6821.00000 0.0088
6822.00000 0.0104
6823.00000 0.0123
6824.00000 0.0146
6825.00000 0.0172
6826.00000 0.0209
6827.00000 0.0247
6828.00000 0.0298
6829.00000 0.0356
6830.00000 0.0431
6831.00000 0.0517
6832.00000 0.0629
6833.00000 0.0763
6834.00000 0.0932
6835.00000 0.1143
6836.00000 0.139
6837.00000 0.1693
6838.00000 0.2036
6839.00000 0.2498
6840.00000 0.2967
6841.00000 0.3546
6842.00000 0.4113
6843.00000 0.4783
6844.00000 0.5425
6845.00000 0.6076
6846.00000 0.6678
6847.00000 0.7216
6848.00000 0.7681
6849.00000 0.8017
6850.00000 0.8272
6851.00000 0.8435
6852.00000 0.855
6853.00000 0.8603
6854.00000 0.8623
6855.00000 0.8613
6856.00000 0.8598
6857.00000 0.8571
6858.00000 0.8549
6859.00000 0.852
6860.00000 0.8509
6861.00000 0.8494
6862.00000 0.8481
6863.00000 0.8478
6864.00000 0.8467
6865.00000 0.8474
6866.00000 0.8477
6867.00000 0.8487
6868.00000 0.8486
6869.00000 0.8511
6870.00000 0.8512
6871.00000 0.8521
6872.00000 0.8523
6873.00000 0.8535
6874.00000 0.8527
6875.00000 0.8517
6876.00000 0.852
6877.00000 0.8517
6878.00000 0.8503
6879.00000 0.8494
6880.00000 0.8482
6881.00000 0.8477
6882.00000 0.848
6883.00000 0.8475
6884.00000 0.8465
6885.00000 0.846
6886.00000 0.8463
6887.00000 0.8462
6888.00000 0.8453
6889.00000 0.8449
6890.00000 0.8451
6891.00000 0.8447
6892.00000 0.8444
6893.00000 0.8438
6894.00000 0.8444
6895.00000 0.8441
6896.00000 0.845
6897.00000 0.8457
6898.00000 0.8455
6899.00000 0.8456
6900.00000 0.8454
6901.00000 0.846
6902.00000 0.8462
6903.00000 0.8455
6904.00000 0.8466
6905.00000 0.8472
6906.00000 0.8465
6907.00000 0.8479
6908.00000 0.849
6909.00000 0.8507
6910.00000 0.8513
6911.00000 0.852
6912.00000 0.8526
6913.00000 0.8525
6914.00000 0.8537
6915.00000 0.8541
6916.00000 0.8553
6917.00000 0.8561
6918.00000 0.8566
6919.00000 0.8572
6920.00000 0.8581
6921.00000 0.8592
6922.00000 0.8599
6923.00000 0.8595
6924.00000 0.8603
6925.00000 0.8615
6926.00000 0.8623
6927.00000 0.8634
6928.00000 0.8636
6929.00000 0.8648
6930.00000 0.8656
6931.00000 0.8666
6932.00000 0.8671
6933.00000 0.8681
6934.00000 0.869
6935.00000 0.8695
6936.00000 0.8702
6937.00000 0.8708
6938.00000 0.8723
6939.00000 0.8727
6940.00000 0.8738
6941.00000 0.8747
6942.00000 0.8761
6943.00000 0.8775
6944.00000 0.8789
6945.00000 0.8794
6946.00000 0.8806
6947.00000 0.8817
6948.00000 0.8828
6949.00000 0.8841
6950.00000 0.8858
6951.00000 0.8869
6952.00000 0.8878
6953.00000 0.8892
6954.00000 0.8905
6955.00000 0.8907
6956.00000 0.8921
6957.00000 0.8926
6958.00000 0.8934
6959.00000 0.8927
6960.00000 0.894
6961.00000 0.8932
6962.00000 0.8938
6963.00000 0.8933
6964.00000 0.8941
6965.00000 0.894
6966.00000 0.8942
6967.00000 0.8947
6968.00000 0.8948
6969.00000 0.8958
6970.00000 0.8968
6971.00000 0.8973
6972.00000 0.8991
6973.00000 0.8984
6974.00000 0.8997
6975.00000 0.8994
6976.00000 0.8983
6977.00000 0.8947
6978.00000 0.8883
6979.00000 0.8792
6980.00000 0.8655
6981.00000 0.8461
6982.00000 0.819
6983.00000 0.7866
6984.00000 0.7458
6985.00000 0.7022
6986.00000 0.6487
6987.00000 0.5906
6988.00000 0.5284
6989.00000 0.4692
6990.00000 0.4114
6991.00000 0.3534
6992.00000 0.3037
6993.00000 0.2571
6994.00000 0.2193
6995.00000 0.1829
6996.00000 0.1549
6997.00000 0.1284
6998.00000 0.1077
6999.00000 0.0895
7000.00000 0.0743
7001.00000 0.0623
7002.00000 0.0522
7003.00000 0.0447
7004.00000 0.0372
7005.00000 0.0317
7006.00000 0.0267
7007.00000 0.0229
7008.00000 0.0194
7009.00000 0.0166
7010.00000 0.0142
7011.00000 0.0121
7012.00000 0.0104
7013.00000 0.009
7014.00000 0.0078
7015.00000 0.0068
7016.00000 0.006
7017.00000 0.0052
7018.00000 0.0045
7019.00000 0.004
7020.00000 0.0035
7021.00000 0.003
7022.00000 0.0027
7023.00000 0.0023
7024.00000 0.0021
7025.00000 0.0018
7026.00000 0.0016
7027.00000 0.0015
7028.00000 0.0013
7029.00000 0.0011
7030.00000 0.001
7031.00000 0.0009
7032.00000 0.0008
7033.00000 0.0007
7034.00000 0.0007
7035.00000 0.0006
7036.00000 0.0005
7037.00000 0.0005
7038.00000 0.0004
7039.00000 0.0004
7040.00000 0.0004
7041.00000 0.0003
7042.00000 0.0003
7043.00000 0.0003
7044.00000 0.0002
7045.00000 0.0002
7046.00000 0.0002
7047.00000 0.0002
7048.00000 0.0002
7049.00000 0.0001
7050.00000 0.0001
7051.00000 0.0001
7052.00000 0.0001
7053.00000 0.0001
7054.00000 0.0001
7055.00000 0.0001
7056.00000 0.0001
7057.00000 0.0001
7058.00000 0.0001
7059.00000 0.0001
7764.89990 0.0
