threeML/data/optical_filters/OAJ/JPAS-J0860.ecsv
# %ECSV 0.9
# ---
# datatype:
# - {name: wavelength, unit: Angstrom, datatype: float32}
# - {name: response, datatype: float32}
# meta: !!omap
# - {band_name: J0860}
# - {group_name: JPAS}
wavelength response
7620.29980 0.0
8467.00000 0.0001
8468.00000 0.0001
8469.00000 0.0001
8470.00000 0.0001
8471.00000 0.0001
8472.00000 0.0001
8473.00000 0.0001
8474.00000 0.0001
8475.00000 0.0001
8476.00000 0.0001
8477.00000 0.0002
8478.00000 0.0002
8479.00000 0.0002
8480.00000 0.0002
8481.00000 0.0002
8482.00000 0.0003
8483.00000 0.0003
8484.00000 0.0004
8485.00000 0.0004
8486.00000 0.0005
8487.00000 0.0005
8488.00000 0.0006
8489.00000 0.0007
8490.00000 0.0008
8491.00000 0.0009
8492.00000 0.0011
8493.00000 0.0012
8494.00000 0.0014
8495.00000 0.0016
8496.00000 0.0018
8497.00000 0.0021
8498.00000 0.0024
8499.00000 0.0029
8500.00000 0.0034
8501.00000 0.0042
8502.00000 0.0048
8503.00000 0.0055
8504.00000 0.0066
8505.00000 0.008
8506.00000 0.0095
8507.00000 0.0113
8508.00000 0.0138
8509.00000 0.0171
8510.00000 0.0213
8511.00000 0.0252
8512.00000 0.0306
8513.00000 0.0366
8514.00000 0.046
8515.00000 0.0561
8516.00000 0.0683
8517.00000 0.0857
8518.00000 0.1097
8519.00000 0.1346
8520.00000 0.1579
8521.00000 0.1913
8522.00000 0.2322
8523.00000 0.2812
8524.00000 0.3222
8525.00000 0.3828
8526.00000 0.4426
8527.00000 0.5105
8528.00000 0.5569
8529.00000 0.5998
8530.00000 0.6395
8531.00000 0.6779
8532.00000 0.706
8533.00000 0.7225
8534.00000 0.7361
8535.00000 0.7443
8536.00000 0.7472
8537.00000 0.7469
8538.00000 0.7438
8539.00000 0.7401
8540.00000 0.7385
8541.00000 0.735
8542.00000 0.7332
8543.00000 0.7327
8544.00000 0.7334
8545.00000 0.7354
8546.00000 0.7361
8547.00000 0.7374
8548.00000 0.7383
8549.00000 0.7415
8550.00000 0.7419
8551.00000 0.7436
8552.00000 0.7446
8553.00000 0.7469
8554.00000 0.7468
8555.00000 0.7487
8556.00000 0.7492
8557.00000 0.7497
8558.00000 0.7514
8559.00000 0.7532
8560.00000 0.7527
8561.00000 0.7535
8562.00000 0.7536
8563.00000 0.7543
8564.00000 0.7552
8565.00000 0.7544
8566.00000 0.7546
8567.00000 0.7541
8568.00000 0.7529
8569.00000 0.7526
8570.00000 0.7524
8571.00000 0.7525
8572.00000 0.7517
8573.00000 0.7507
8574.00000 0.7499
8575.00000 0.7502
8576.00000 0.7492
8577.00000 0.7486
8578.00000 0.7495
8579.00000 0.748
8580.00000 0.7489
8581.00000 0.7484
8582.00000 0.7489
8583.00000 0.7479
8584.00000 0.7489
8585.00000 0.7502
8586.00000 0.7497
8587.00000 0.7493
8588.00000 0.7491
8589.00000 0.7487
8590.00000 0.7472
8591.00000 0.7475
8592.00000 0.7472
8593.00000 0.7472
8594.00000 0.7463
8595.00000 0.7459
8596.00000 0.7458
8597.00000 0.7452
8598.00000 0.7451
8599.00000 0.7449
8600.00000 0.7443
8601.00000 0.7447
8602.00000 0.7445
8603.00000 0.7458
8604.00000 0.7455
8605.00000 0.7462
8606.00000 0.7455
8607.00000 0.7454
8608.00000 0.7452
8609.00000 0.7452
8610.00000 0.745
8611.00000 0.7439
8612.00000 0.7421
8613.00000 0.7427
8614.00000 0.7425
8615.00000 0.7414
8616.00000 0.7425
8617.00000 0.7411
8618.00000 0.7411
8619.00000 0.7391
8620.00000 0.7388
8621.00000 0.738
8622.00000 0.7373
8623.00000 0.7359
8624.00000 0.7348
8625.00000 0.7331
8626.00000 0.7325
8627.00000 0.7312
8628.00000 0.7316
8629.00000 0.7313
8630.00000 0.7301
8631.00000 0.7294
8632.00000 0.7305
8633.00000 0.7308
8634.00000 0.7294
8635.00000 0.7306
8636.00000 0.7289
8637.00000 0.729
8638.00000 0.7296
8639.00000 0.7282
8640.00000 0.7272
8641.00000 0.7257
8642.00000 0.7267
8643.00000 0.7262
8644.00000 0.728
8645.00000 0.726
8646.00000 0.7278
8647.00000 0.728
8648.00000 0.728
8649.00000 0.7263
8650.00000 0.726
8651.00000 0.7258
8652.00000 0.7255
8653.00000 0.7244
8654.00000 0.7235
8655.00000 0.7221
8656.00000 0.7202
8657.00000 0.7177
8658.00000 0.7152
8659.00000 0.7121
8660.00000 0.706
8661.00000 0.6972
8662.00000 0.6869
8663.00000 0.6731
8664.00000 0.6496
8665.00000 0.6213
8666.00000 0.593
8667.00000 0.5622
8668.00000 0.5263
8669.00000 0.4839
8670.00000 0.438
8671.00000 0.3967
8672.00000 0.3439
8673.00000 0.2976
8674.00000 0.2485
8675.00000 0.2196
8676.00000 0.1864
8677.00000 0.1596
8678.00000 0.1328
8679.00000 0.1122
8680.00000 0.0934
8681.00000 0.0759
8682.00000 0.0611
8683.00000 0.0496
8684.00000 0.0423
8685.00000 0.0351
8686.00000 0.0293
8687.00000 0.024
8688.00000 0.0206
8689.00000 0.0171
8690.00000 0.0142
8691.00000 0.0116
8692.00000 0.0099
8693.00000 0.0087
8694.00000 0.0075
8695.00000 0.0064
8696.00000 0.0054
8697.00000 0.0049
8698.00000 0.0041
8699.00000 0.0035
8700.00000 0.003
8701.00000 0.0027
8702.00000 0.0023
8703.00000 0.002
8704.00000 0.0018
8705.00000 0.0015
8706.00000 0.0013
8707.00000 0.0012
8708.00000 0.001
8709.00000 0.0009
8710.00000 0.0008
8711.00000 0.0007
8712.00000 0.0006
8713.00000 0.0007
8714.00000 0.0005
8715.00000 0.0004
8716.00000 0.0004
8717.00000 0.0004
8718.00000 0.0003
8719.00000 0.0002
8720.00000 0.0002
8721.00000 0.0003
8722.00000 0.0002
8723.00000 0.0002
8724.00000 0.0003
8725.00000 0.0002
8726.00000 0.0001
8727.00000 0.0001
8728.00000 0.0001
8729.00000 0.0001
9601.90039 0.0
