threeML/data/optical_filters/OAJ/JPAS-u.ecsv
# %ECSV 0.9
# ---
# datatype:
# - {name: wavelength, unit: Angstrom, datatype: float32}
# - {name: response, datatype: float32}
# meta: !!omap
# - {band_name: u}
# - {group_name: JPAS}
wavelength response
2871.00000 0.0
3190.00000 0.000409011
3195.00000 0.000542069
3200.00000 0.000740286
3205.00000 0.00105454
3210.00000 0.00157676
3215.00000 0.00249107
3220.00000 0.00413335
3225.00000 0.00703438
3230.00000 0.0117127
3235.00000 0.0177894
3240.00000 0.0235931
3245.00000 0.0275721
3250.00000 0.0298849
3255.00000 0.0314615
3260.00000 0.0329749
3265.00000 0.0346044
3270.00000 0.0361917
3275.00000 0.0375843
3280.00000 0.0388112
3285.00000 0.0400555
3290.00000 0.041539
3295.00000 0.0433271
3300.00000 0.0452926
3305.00000 0.0471142
3310.00000 0.0486719
3315.00000 0.0500315
3320.00000 0.0513713
3325.00000 0.0528716
3330.00000 0.0545895
3335.00000 0.056374
3340.00000 0.0581545
3345.00000 0.0598647
3350.00000 0.061554
3355.00000 0.0632524
3360.00000 0.064958
3365.00000 0.0667189
3370.00000 0.0684236
3375.00000 0.0700022
3380.00000 0.0714945
3385.00000 0.0729984
3390.00000 0.0746382
3395.00000 0.0764141
3400.00000 0.0782236
3405.00000 0.0799183
3410.00000 0.0813854
3415.00000 0.0828116
3420.00000 0.0843451
3425.00000 0.0860807
3430.00000 0.087987
3435.00000 0.0900193
3440.00000 0.09192
3445.00000 0.0936254
3450.00000 0.0952164
3455.00000 0.0968327
3460.00000 0.0988766
3465.00000 0.101116
3470.00000 0.10346
3475.00000 0.10578
3480.00000 0.108019
3485.00000 0.110251
3490.00000 0.112563
3495.00000 0.115034
3500.00000 0.117632
3505.00000 0.120128
3510.00000 0.122251
3515.00000 0.124141
3520.00000 0.125883
3525.00000 0.12766
3530.00000 0.129646
3535.00000 0.13172
3540.00000 0.133976
3545.00000 0.136248
3550.00000 0.138398
3555.00000 0.140295
3560.00000 0.142041
3565.00000 0.143854
3570.00000 0.145811
3575.00000 0.14788
3580.00000 0.14995
3585.00000 0.151924
3590.00000 0.153816
3595.00000 0.155755
3600.00000 0.157918
3605.00000 0.160674
3610.00000 0.163758
3615.00000 0.166837
3620.00000 0.169596
3625.00000 0.17183
3630.00000 0.173588
3635.00000 0.175214
3640.00000 0.177077
3645.00000 0.179497
3650.00000 0.182548
3655.00000 0.185962
3660.00000 0.189385
3665.00000 0.192401
3670.00000 0.194821
3675.00000 0.196763
3680.00000 0.198574
3685.00000 0.200588
3690.00000 0.203084
3695.00000 0.206036
3700.00000 0.209197
3705.00000 0.212532
3710.00000 0.215494
3715.00000 0.21819
3720.00000 0.220862
3725.00000 0.223813
3730.00000 0.227236
3735.00000 0.23101
3740.00000 0.234923
3745.00000 0.238578
3750.00000 0.241681
3755.00000 0.244124
3760.00000 0.246177
3765.00000 0.24828
3770.00000 0.250804
3775.00000 0.253908
3780.00000 0.257475
3785.00000 0.26118
3790.00000 0.264655
3795.00000 0.267688
3800.00000 0.270324
3805.00000 0.272048
3810.00000 0.274009
3815.00000 0.276352
3820.00000 0.278991
3825.00000 0.281587
3830.00000 0.283712
3835.00000 0.285124
3840.00000 0.285821
3845.00000 0.286218
3850.00000 0.286952
3855.00000 0.288467
3860.00000 0.291299
3865.00000 0.295253
3870.00000 0.299791
3875.00000 0.304118
3880.00000 0.307494
3885.00000 0.309602
3890.00000 0.310562
3895.00000 0.310991
3900.00000 0.311666
3905.00000 0.311935
3910.00000 0.31332
3915.00000 0.315476
3920.00000 0.317811
3925.00000 0.319687
3930.00000 0.320738
3935.00000 0.321087
3940.00000 0.321227
3945.00000 0.321845
3950.00000 0.323455
3955.00000 0.325264
3960.00000 0.327578
3965.00000 0.329543
3970.00000 0.330386
3975.00000 0.32994
3980.00000 0.328818
3985.00000 0.327682
3990.00000 0.32562
3995.00000 0.317133
4000.00000 0.291906
4005.00000 0.242817
4010.00000 0.177458
4015.00000 0.114673
4020.00000 0.0685194
4025.00000 0.0400803
4030.00000 0.0238731
4035.00000 0.0147448
4040.00000 0.0095015
4045.00000 0.00639191
4050.00000 0.0044825
4055.00000 0.00327016
4060.00000 0.00247808
4065.00000 0.00194824
4070.00000 0.00158756
4075.00000 0.00133963
4080.00000 0.00116936
4085.00000 0.00105374
4090.00000 0.000976808
4095.00000 0.000924603
4100.00000 0.000881835
4105.00000 0.000827214
4110.00000 0.000745381
4115.00000 0.000629922
4120.00000 0.000493622
4125.00000 0.000361143
4537.50000 0.0
