threeML/data/optical_filters/OAJ/JPAS-J0630.ecsv
# %ECSV 0.9
# ---
# datatype:
# - {name: wavelength, unit: Angstrom, datatype: float32}
# - {name: response, datatype: float32}
# meta: !!omap
# - {band_name: J0630}
# - {group_name: JPAS}
wavelength response
5560.20020 0.0
6178.00000 0.0001
6179.00000 0.0001
6180.00000 0.0001
6181.00000 0.0001
6182.00000 0.0001
6183.00000 0.0001
6184.00000 0.0001
6185.00000 0.0001
6186.00000 0.0001
6187.00000 0.0002
6188.00000 0.0002
6189.00000 0.0002
6190.00000 0.0002
6191.00000 0.0002
6192.00000 0.0003
6193.00000 0.0003
6194.00000 0.0003
6195.00000 0.0004
6196.00000 0.0004
6197.00000 0.0005
6198.00000 0.0005
6199.00000 0.0006
6200.00000 0.0007
6201.00000 0.0008
6202.00000 0.0009
6203.00000 0.001
6204.00000 0.0011
6205.00000 0.0013
6206.00000 0.0015
6207.00000 0.0017
6208.00000 0.002
6209.00000 0.0023
6210.00000 0.0026
6211.00000 0.003
6212.00000 0.0036
6213.00000 0.0041
6214.00000 0.0048
6215.00000 0.0056
6216.00000 0.0066
6217.00000 0.0077
6218.00000 0.0091
6219.00000 0.0108
6220.00000 0.0128
6221.00000 0.0153
6222.00000 0.0182
6223.00000 0.0221
6224.00000 0.0265
6225.00000 0.0322
6226.00000 0.0383
6227.00000 0.0463
6228.00000 0.0564
6229.00000 0.0693
6230.00000 0.0849
6231.00000 0.1035
6232.00000 0.1278
6233.00000 0.1555
6234.00000 0.1901
6235.00000 0.2296
6236.00000 0.2811
6237.00000 0.3331
6238.00000 0.3927
6239.00000 0.4523
6240.00000 0.5202
6241.00000 0.5868
6242.00000 0.6481
6243.00000 0.7049
6244.00000 0.7514
6245.00000 0.7907
6246.00000 0.8172
6247.00000 0.8361
6248.00000 0.8464
6249.00000 0.8541
6250.00000 0.8573
6251.00000 0.8583
6252.00000 0.8571
6253.00000 0.8557
6254.00000 0.8537
6255.00000 0.8524
6256.00000 0.8519
6257.00000 0.8516
6258.00000 0.8518
6259.00000 0.8523
6260.00000 0.8535
6261.00000 0.8547
6262.00000 0.8567
6263.00000 0.8585
6264.00000 0.8591
6265.00000 0.8611
6266.00000 0.8622
6267.00000 0.8627
6268.00000 0.8651
6269.00000 0.8652
6270.00000 0.8667
6271.00000 0.8668
6272.00000 0.8666
6273.00000 0.8663
6274.00000 0.8668
6275.00000 0.8656
6276.00000 0.8655
6277.00000 0.8649
6278.00000 0.8643
6279.00000 0.8644
6280.00000 0.8639
6281.00000 0.8632
6282.00000 0.8627
6283.00000 0.8623
6284.00000 0.8618
6285.00000 0.8613
6286.00000 0.8607
6287.00000 0.8603
6288.00000 0.8602
6289.00000 0.8604
6290.00000 0.8606
6291.00000 0.8607
6292.00000 0.8613
6293.00000 0.8606
6294.00000 0.8603
6295.00000 0.8605
6296.00000 0.861
6297.00000 0.8614
6298.00000 0.8614
6299.00000 0.8619
6300.00000 0.8622
6301.00000 0.8626
6302.00000 0.8635
6303.00000 0.8631
6304.00000 0.8638
6305.00000 0.8641
6306.00000 0.8643
6307.00000 0.8655
6308.00000 0.8655
6309.00000 0.8659
6310.00000 0.8669
6311.00000 0.8669
6312.00000 0.8675
6313.00000 0.8672
6314.00000 0.8676
6315.00000 0.8686
6316.00000 0.8688
6317.00000 0.8694
6318.00000 0.8706
6319.00000 0.87
6320.00000 0.8708
6321.00000 0.8707
6322.00000 0.8715
6323.00000 0.8705
6324.00000 0.8706
6325.00000 0.8717
6326.00000 0.871
6327.00000 0.8706
6328.00000 0.8704
6329.00000 0.8698
6330.00000 0.8698
6331.00000 0.87
6332.00000 0.8695
6333.00000 0.8691
6334.00000 0.869
6335.00000 0.8686
6336.00000 0.8681
6337.00000 0.8682
6338.00000 0.868
6339.00000 0.8676
6340.00000 0.8679
6341.00000 0.8683
6342.00000 0.8683
6343.00000 0.8687
6344.00000 0.8694
6345.00000 0.8692
6346.00000 0.8703
6347.00000 0.8703
6348.00000 0.8713
6349.00000 0.8713
6350.00000 0.8721
6351.00000 0.8731
6352.00000 0.8734
6353.00000 0.874
6354.00000 0.8744
6355.00000 0.8737
6356.00000 0.8736
6357.00000 0.8738
6358.00000 0.8737
6359.00000 0.8736
6360.00000 0.873
6361.00000 0.8721
6362.00000 0.8715
6363.00000 0.871
6364.00000 0.8704
6365.00000 0.8708
6366.00000 0.8699
6367.00000 0.8705
6368.00000 0.8704
6369.00000 0.8719
6370.00000 0.8726
6371.00000 0.8734
6372.00000 0.8746
6373.00000 0.8745
6374.00000 0.874
6375.00000 0.8716
6376.00000 0.8668
6377.00000 0.8583
6378.00000 0.8453
6379.00000 0.8252
6380.00000 0.7989
6381.00000 0.7648
6382.00000 0.7233
6383.00000 0.6743
6384.00000 0.6155
6385.00000 0.557
6386.00000 0.495
6387.00000 0.4344
6388.00000 0.3711
6389.00000 0.3165
6390.00000 0.2654
6391.00000 0.2233
6392.00000 0.1844
6393.00000 0.1536
6394.00000 0.1267
6395.00000 0.1058
6396.00000 0.088
6397.00000 0.0726
6398.00000 0.0606
6399.00000 0.0505
6400.00000 0.0425
6401.00000 0.0352
6402.00000 0.0297
6403.00000 0.0248
6404.00000 0.0211
6405.00000 0.0178
6406.00000 0.0152
6407.00000 0.0129
6408.00000 0.0112
6409.00000 0.0096
6410.00000 0.0082
6411.00000 0.0071
6412.00000 0.0061
6413.00000 0.0053
6414.00000 0.0045
6415.00000 0.004
6416.00000 0.0035
6417.00000 0.003
6418.00000 0.0027
6419.00000 0.0023
6420.00000 0.0021
6421.00000 0.0018
6422.00000 0.0016
6423.00000 0.0014
6424.00000 0.0012
6425.00000 0.0011
6426.00000 0.001
6427.00000 0.0009
6428.00000 0.0008
6429.00000 0.0007
6430.00000 0.0006
6431.00000 0.0006
6432.00000 0.0005
6433.00000 0.0005
6434.00000 0.0004
6435.00000 0.0004
6436.00000 0.0003
6437.00000 0.0003
6438.00000 0.0003
6439.00000 0.0002
6440.00000 0.0002
6441.00000 0.0002
6442.00000 0.0002
6443.00000 0.0002
6444.00000 0.0001
6445.00000 0.0001
6446.00000 0.0001
6447.00000 0.0001
6448.00000 0.0001
6449.00000 0.0001
6450.00000 0.0001
6451.00000 0.0001
6452.00000 0.0001
6453.00000 0.0001
6454.00000 0.0001
6455.00000 0.0001
6456.00000 0.0001
7101.60010 0.0
