threeML/data/optical_filters/OAJ/JPAS-F9669.ecsv
# %ECSV 0.9
# ---
# datatype:
# - {name: wavelength, unit: Angstrom, datatype: float32}
# - {name: response, datatype: float32}
# meta: !!omap
# - {band_name: F9669}
# - {group_name: JPAS}
wavelength response
8100.00000 0.0
9000.00000 0.00042547
9005.00000 0.000509204
9010.00000 0.000614094
9015.00000 0.00074773
9020.00000 0.000913535
9025.00000 0.00111993
9030.00000 0.00137787
9035.00000 0.00170249
9040.00000 0.00211182
9045.00000 0.00263013
9050.00000 0.00328954
9055.00000 0.00410068
9060.00000 0.00511766
9065.00000 0.00646558
9070.00000 0.00820651
9075.00000 0.0104644
9080.00000 0.0134026
9085.00000 0.0171901
9090.00000 0.022124
9095.00000 0.0285439
9100.00000 0.0368628
9105.00000 0.0471404
9110.00000 0.0600655
9115.00000 0.0766799
9120.00000 0.0968856
9125.00000 0.120712
9130.00000 0.147793
9135.00000 0.177657
9140.00000 0.208738
9145.00000 0.239351
9150.00000 0.267687
9155.00000 0.291385
9160.00000 0.311729
9165.00000 0.327763
9170.00000 0.338988
9175.00000 0.346166
9180.00000 0.35029
9185.00000 0.352688
9190.00000 0.353793
9195.00000 0.354203
9200.00000 0.354324
9205.00000 0.354333
9210.00000 0.352986
9215.00000 0.351793
9220.00000 0.350761
9225.00000 0.349864
9230.00000 0.349071
9235.00000 0.345133
9240.00000 0.341239
9245.00000 0.337371
9250.00000 0.33349
9255.00000 0.329574
9260.00000 0.321754
9265.00000 0.313927
9270.00000 0.306094
9275.00000 0.298262
9280.00000 0.290447
9285.00000 0.281584
9290.00000 0.27277
9295.00000 0.264013
9300.00000 0.255325
9305.00000 0.246704
9310.00000 0.240004
9315.00000 0.233372
9320.00000 0.226808
9325.00000 0.220316
9330.00000 0.213895
9335.00000 0.211075
9340.00000 0.208287
9345.00000 0.205529
9350.00000 0.202799
9355.00000 0.200093
9360.00000 0.201071
9365.00000 0.202031
9370.00000 0.202972
9375.00000 0.203891
9380.00000 0.204785
9385.00000 0.206496
9390.00000 0.20817
9395.00000 0.209806
9400.00000 0.211403
9405.00000 0.212966
9410.00000 0.211826
9415.00000 0.210676
9420.00000 0.209516
9425.00000 0.208344
9430.00000 0.207163
9435.00000 0.20395
9440.00000 0.200753
9445.00000 0.197577
9450.00000 0.19442
9455.00000 0.191284
9460.00000 0.190779
9465.00000 0.190264
9470.00000 0.18974
9475.00000 0.18921
9480.00000 0.188672
9485.00000 0.188806
9490.00000 0.188924
9495.00000 0.189029
9500.00000 0.189118
9505.00000 0.189194
9510.00000 0.18752
9515.00000 0.185854
9520.00000 0.184196
9525.00000 0.182547
9530.00000 0.180904
9535.00000 0.180301
9540.00000 0.179689
9545.00000 0.179069
9550.00000 0.178441
9555.00000 0.177801
9560.00000 0.178559
9565.00000 0.179285
9570.00000 0.17998
9575.00000 0.180643
9580.00000 0.181274
9585.00000 0.181809
9590.00000 0.182313
9595.00000 0.182783
9600.00000 0.183221
9605.00000 0.183627
9610.00000 0.184292
9615.00000 0.184921
9620.00000 0.185511
9625.00000 0.186064
9630.00000 0.18658
9635.00000 0.187516
9640.00000 0.188408
9645.00000 0.189254
9650.00000 0.190056
9655.00000 0.190813
9660.00000 0.191134
9665.00000 0.191418
9670.00000 0.191665
9675.00000 0.191875
9680.00000 0.19205
9685.00000 0.190795
9690.00000 0.189531
9695.00000 0.188257
9700.00000 0.186974
9705.00000 0.185682
9710.00000 0.182967
9715.00000 0.18027
9720.00000 0.177592
9725.00000 0.174933
9730.00000 0.172292
9735.00000 0.170041
9740.00000 0.167802
9745.00000 0.165573
9750.00000 0.163354
9755.00000 0.161145
9760.00000 0.159845
9765.00000 0.158535
9770.00000 0.157216
9775.00000 0.155885
9780.00000 0.154545
9785.00000 0.153678
9790.00000 0.15279
9795.00000 0.151879
9800.00000 0.150947
9805.00000 0.149991
9810.00000 0.149097
9815.00000 0.148178
9820.00000 0.147234
9825.00000 0.146265
9830.00000 0.14527
9835.00000 0.143929
9840.00000 0.142571
9845.00000 0.141196
9850.00000 0.139804
9855.00000 0.138395
9860.00000 0.136468
9865.00000 0.134539
9870.00000 0.132607
9875.00000 0.130673
9880.00000 0.128738
9885.00000 0.126743
9890.00000 0.124749
9895.00000 0.122755
9900.00000 0.120762
9905.00000 0.118769
9910.00000 0.116783
9915.00000 0.114798
9920.00000 0.112813
9925.00000 0.110829
9930.00000 0.108846
9935.00000 0.106864
9940.00000 0.104883
9945.00000 0.102903
9950.00000 0.100924
9955.00000 0.0989456
9960.00000 0.096971
9965.00000 0.0949973
9970.00000 0.0930244
9975.00000 0.091052
9980.00000 0.0890802
9985.00000 0.087111
9990.00000 0.0851421
9995.00000 0.0831734
10000.00000 0.0812047
10005.00000 0.0792361
10010.00000 0.0772694
10015.00000 0.0753024
10020.00000 0.0733349
10025.00000 0.0713671
10030.00000 0.0693988
10035.00000 0.0674247
10040.00000 0.0654503
10045.00000 0.0634756
10050.00000 0.0615005
10055.00000 0.0595251
10060.00000 0.0575523
10065.00000 0.0555787
10070.00000 0.0536047
10075.00000 0.0516301
10080.00000 0.0496551
10085.00000 0.0476799
10090.00000 0.0457043
10095.00000 0.0437284
10100.00000 0.0417524
10105.00000 0.0397763
10110.00000 0.037801
10115.00000 0.0358257
10120.00000 0.0338503
10125.00000 0.0318751
10130.00000 0.0299
10135.00000 0.027925
10140.00000 0.0259502
10145.00000 0.0239756
10150.00000 0.0220012
10155.00000 0.020027
10160.00000 0.018054
10165.00000 0.0160811
10170.00000 0.0141081
10175.00000 0.0121351
10180.00000 0.010162
10185.00000 0.00818879
10190.00000 0.00621545
10195.00000 0.0042419
10200.00000 0.00226812
10205.00000 0.00113415
11225.50000 0.0
