threeML/data/optical_filters/OAJ/JPAS-J0640.ecsv
# %ECSV 0.9
# ---
# datatype:
# - {name: wavelength, unit: Angstrom, datatype: float32}
# - {name: response, datatype: float32}
# meta: !!omap
# - {band_name: J0640}
# - {group_name: JPAS}
wavelength response
5643.89990 0.0
6271.00000 0.0001
6272.00000 0.0001
6273.00000 0.0001
6274.00000 0.0001
6275.00000 0.0001
6276.00000 0.0001
6277.00000 0.0001
6278.00000 0.0001
6279.00000 0.0001
6280.00000 0.0001
6281.00000 0.0001
6282.00000 0.0002
6283.00000 0.0002
6284.00000 0.0002
6285.00000 0.0002
6286.00000 0.0002
6287.00000 0.0003
6288.00000 0.0003
6289.00000 0.0003
6290.00000 0.0004
6291.00000 0.0004
6292.00000 0.0004
6293.00000 0.0005
6294.00000 0.0006
6295.00000 0.0006
6296.00000 0.0007
6297.00000 0.0008
6298.00000 0.0009
6299.00000 0.001
6300.00000 0.0011
6301.00000 0.0013
6302.00000 0.0015
6303.00000 0.0017
6304.00000 0.0019
6305.00000 0.0022
6306.00000 0.0025
6307.00000 0.0029
6308.00000 0.0033
6309.00000 0.0038
6310.00000 0.0044
6311.00000 0.0051
6312.00000 0.0059
6313.00000 0.0069
6314.00000 0.008
6315.00000 0.0093
6316.00000 0.0109
6317.00000 0.0127
6318.00000 0.015
6319.00000 0.0179
6320.00000 0.0211
6321.00000 0.0251
6322.00000 0.0295
6323.00000 0.0358
6324.00000 0.0426
6325.00000 0.0517
6326.00000 0.0613
6327.00000 0.0747
6328.00000 0.0893
6329.00000 0.1081
6330.00000 0.1291
6331.00000 0.1551
6332.00000 0.1889
6333.00000 0.2261
6334.00000 0.2687
6335.00000 0.3137
6336.00000 0.3712
6337.00000 0.4269
6338.00000 0.4895
6339.00000 0.5448
6340.00000 0.6055
6341.00000 0.6569
6342.00000 0.7051
6343.00000 0.7443
6344.00000 0.778
6345.00000 0.8047
6346.00000 0.8231
6347.00000 0.8371
6348.00000 0.8462
6349.00000 0.8528
6350.00000 0.8567
6351.00000 0.8596
6352.00000 0.8602
6353.00000 0.8614
6354.00000 0.8616
6355.00000 0.8615
6356.00000 0.8623
6357.00000 0.8626
6358.00000 0.8641
6359.00000 0.8651
6360.00000 0.8662
6361.00000 0.8676
6362.00000 0.8693
6363.00000 0.8702
6364.00000 0.8713
6365.00000 0.8729
6366.00000 0.8738
6367.00000 0.8749
6368.00000 0.8754
6369.00000 0.8763
6370.00000 0.8769
6371.00000 0.8774
6372.00000 0.8773
6373.00000 0.8777
6374.00000 0.8777
6375.00000 0.8775
6376.00000 0.8777
6377.00000 0.8776
6378.00000 0.8778
6379.00000 0.878
6380.00000 0.8784
6381.00000 0.8782
6382.00000 0.8784
6383.00000 0.878
6384.00000 0.8786
6385.00000 0.8789
6386.00000 0.879
6387.00000 0.8793
6388.00000 0.8797
6389.00000 0.8799
6390.00000 0.8798
6391.00000 0.8806
6392.00000 0.8809
6393.00000 0.8816
6394.00000 0.8816
6395.00000 0.8823
6396.00000 0.8823
6397.00000 0.8828
6398.00000 0.883
6399.00000 0.8835
6400.00000 0.8838
6401.00000 0.8844
6402.00000 0.8842
6403.00000 0.8849
6404.00000 0.8851
6405.00000 0.8854
6406.00000 0.8852
6407.00000 0.8854
6408.00000 0.8862
6409.00000 0.886
6410.00000 0.8862
6411.00000 0.8866
6412.00000 0.886
6413.00000 0.8863
6414.00000 0.8864
6415.00000 0.8867
6416.00000 0.8865
6417.00000 0.8867
6418.00000 0.8868
6419.00000 0.8875
6420.00000 0.8866
6421.00000 0.8868
6422.00000 0.8869
6423.00000 0.8875
6424.00000 0.887
6425.00000 0.8878
6426.00000 0.8878
6427.00000 0.8877
6428.00000 0.8883
6429.00000 0.888
6430.00000 0.8873
6431.00000 0.8882
6432.00000 0.8878
6433.00000 0.8885
6434.00000 0.888
6435.00000 0.8887
6436.00000 0.889
6437.00000 0.8886
6438.00000 0.8888
6439.00000 0.889
6440.00000 0.8896
6441.00000 0.8894
6442.00000 0.8898
6443.00000 0.8903
6444.00000 0.8902
6445.00000 0.8905
6446.00000 0.8903
6447.00000 0.8897
6448.00000 0.8895
6449.00000 0.8895
6450.00000 0.8895
6451.00000 0.8891
6452.00000 0.8888
6453.00000 0.8876
6454.00000 0.8879
6455.00000 0.887
6456.00000 0.8865
6457.00000 0.8857
6458.00000 0.8859
6459.00000 0.8853
6460.00000 0.8849
6461.00000 0.8848
6462.00000 0.8849
6463.00000 0.8851
6464.00000 0.8859
6465.00000 0.8863
6466.00000 0.8873
6467.00000 0.8878
6468.00000 0.8881
6469.00000 0.8878
6470.00000 0.887
6471.00000 0.8843
6472.00000 0.8791
6473.00000 0.8716
6474.00000 0.8599
6475.00000 0.8427
6476.00000 0.8209
6477.00000 0.7919
6478.00000 0.7578
6479.00000 0.7112
6480.00000 0.6635
6481.00000 0.6064
6482.00000 0.5537
6483.00000 0.493
6484.00000 0.4374
6485.00000 0.3815
6486.00000 0.3291
6487.00000 0.2816
6488.00000 0.2376
6489.00000 0.2021
6490.00000 0.1699
6491.00000 0.1438
6492.00000 0.1192
6493.00000 0.1007
6494.00000 0.0841
6495.00000 0.0716
6496.00000 0.0601
6497.00000 0.0508
6498.00000 0.043
6499.00000 0.0364
6500.00000 0.0311
6501.00000 0.0262
6502.00000 0.0226
6503.00000 0.0193
6504.00000 0.0167
6505.00000 0.0142
6506.00000 0.0123
6507.00000 0.0106
6508.00000 0.0092
6509.00000 0.008
6510.00000 0.007
6511.00000 0.0061
6512.00000 0.0053
6513.00000 0.0047
6514.00000 0.0041
6515.00000 0.0036
6516.00000 0.0032
6517.00000 0.0028
6518.00000 0.0025
6519.00000 0.0022
6520.00000 0.0019
6521.00000 0.0017
6522.00000 0.0015
6523.00000 0.0014
6524.00000 0.0012
6525.00000 0.0011
6526.00000 0.001
6527.00000 0.0009
6528.00000 0.0008
6529.00000 0.0007
6530.00000 0.0006
6531.00000 0.0006
6532.00000 0.0005
6533.00000 0.0005
6534.00000 0.0004
6535.00000 0.0004
6536.00000 0.0004
6537.00000 0.0003
6538.00000 0.0003
6539.00000 0.0003
6540.00000 0.0002
6541.00000 0.0002
6542.00000 0.0002
6543.00000 0.0002
6544.00000 0.0002
6545.00000 0.0002
6546.00000 0.0001
6547.00000 0.0001
6548.00000 0.0001
6549.00000 0.0001
6550.00000 0.0001
6551.00000 0.0001
6552.00000 0.0001
6553.00000 0.0001
6554.00000 0.0001
6555.00000 0.0001
6556.00000 0.0001
6557.00000 0.0001
6558.00000 0.0001
7213.79980 0.0
