threeML/data/optical_filters/OAJ/JPAS-F3495.ecsv
# %ECSV 0.9
# ---
# datatype:
# - {name: wavelength, unit: Angstrom, datatype: float32}
# - {name: response, datatype: float32}
# meta: !!omap
# - {band_name: F3495}
# - {group_name: JPAS}
wavelength response
2866.50000 0.0
3185.00000 0.000231194
3190.00000 0.000487807
3195.00000 0.000877159
3200.00000 0.00139297
3205.00000 0.00213068
3210.00000 0.00324125
3215.00000 0.00492886
3220.00000 0.00743471
3225.00000 0.0109587
3230.00000 0.0155389
3235.00000 0.0207937
3240.00000 0.0260671
3245.00000 0.0306415
3250.00000 0.0341492
3255.00000 0.0366559
3260.00000 0.0384635
3265.00000 0.0399233
3270.00000 0.0412469
3275.00000 0.0425628
3280.00000 0.0439024
3285.00000 0.0453255
3290.00000 0.0468999
3295.00000 0.0485316
3300.00000 0.0502135
3305.00000 0.0519995
3310.00000 0.0538574
3315.00000 0.0556092
3320.00000 0.0572446
3325.00000 0.0588699
3330.00000 0.0604926
3335.00000 0.0621115
3340.00000 0.0639181
3345.00000 0.065799
3350.00000 0.0675754
3355.00000 0.0692823
3360.00000 0.070916
3365.00000 0.0724964
3370.00000 0.0740264
3375.00000 0.0756517
3380.00000 0.0773186
3385.00000 0.078832
3390.00000 0.0803229
3395.00000 0.0820201
3400.00000 0.0838761
3405.00000 0.0856969
3410.00000 0.0873112
3415.00000 0.0888699
3420.00000 0.0904344
3425.00000 0.0921182
3430.00000 0.0939227
3435.00000 0.0957342
3440.00000 0.0973964
3445.00000 0.0992125
3450.00000 0.101296
3455.00000 0.103278
3460.00000 0.105238
3465.00000 0.107282
3470.00000 0.109584
3475.00000 0.111696
3480.00000 0.113413
3485.00000 0.115336
3490.00000 0.117834
3495.00000 0.120398
3500.00000 0.122536
3505.00000 0.124611
3510.00000 0.127048
3515.00000 0.129738
3520.00000 0.132063
3525.00000 0.134156
3530.00000 0.136501
3535.00000 0.13876
3540.00000 0.140706
3545.00000 0.14256
3550.00000 0.144844
3555.00000 0.147487
3560.00000 0.149731
3565.00000 0.151637
3570.00000 0.153607
3575.00000 0.15556
3580.00000 0.157099
3585.00000 0.158492
3590.00000 0.160492
3595.00000 0.163049
3600.00000 0.165202
3605.00000 0.166847
3610.00000 0.168762
3615.00000 0.171661
3620.00000 0.174948
3625.00000 0.177536
3630.00000 0.179494
3635.00000 0.181826
3640.00000 0.184738
3645.00000 0.18749
3650.00000 0.189687
3655.00000 0.191881
3660.00000 0.194545
3665.00000 0.197268
3670.00000 0.199634
3675.00000 0.202139
3680.00000 0.205525
3685.00000 0.209441
3690.00000 0.21278
3695.00000 0.214803
3700.00000 0.215476
3705.00000 0.214426
3710.00000 0.20979
3715.00000 0.200238
3720.00000 0.185759
3725.00000 0.16738
3730.00000 0.146366
3735.00000 0.124247
3740.00000 0.102913
3745.00000 0.0838104
3750.00000 0.0675244
3755.00000 0.0540586
3760.00000 0.0431376
3765.00000 0.0344461
3770.00000 0.0276009
3775.00000 0.0222251
3780.00000 0.0179957
3785.00000 0.0146624
3790.00000 0.012027
3795.00000 0.00993356
3800.00000 0.00825943
3805.00000 0.00689982
3810.00000 0.00580244
3815.00000 0.00491139
3820.00000 0.00418283
3825.00000 0.00358283
3830.00000 0.00308584
3835.00000 0.00267293
3840.00000 0.00232789
3845.00000 0.00203769
3850.00000 0.00179201
3855.00000 0.0015822
3860.00000 0.00140234
3865.00000 0.00124604
3870.00000 0.00110929
3875.00000 0.0009909
3880.00000 0.000891133
3885.00000 0.000809198
3890.00000 0.00074118
3895.00000 0.000681178
3900.00000 0.000624809
3905.00000 0.000569204
3910.00000 0.000518748
3915.00000 0.00047379
3920.00000 0.000431684
3925.00000 0.000388591
3930.00000 0.000343609
3935.00000 0.00029959
3940.00000 0.000259551
3945.00000 0.000223863
4339.50000 0.0
