threeML/data/optical_filters/OAJ/JPAS-J0570.ecsv
# %ECSV 0.9
# ---
# datatype:
# - {name: wavelength, unit: Angstrom, datatype: float32}
# - {name: response, datatype: float32}
# meta: !!omap
# - {band_name: J0570}
# - {group_name: JPAS}
wavelength response
5012.10010 0.0
5569.00000 0.0001
5570.00000 0.0001
5571.00000 0.0001
5572.00000 0.0001
5573.00000 0.0001
5574.00000 0.0001
5575.00000 0.0001
5576.00000 0.0001
5577.00000 0.0001
5578.00000 0.0001
5579.00000 0.0001
5580.00000 0.0001
5581.00000 0.0001
5582.00000 0.0002
5583.00000 0.0002
5584.00000 0.0002
5585.00000 0.0002
5586.00000 0.0002
5587.00000 0.0003
5588.00000 0.0003
5589.00000 0.0003
5590.00000 0.0004
5591.00000 0.0004
5592.00000 0.0005
5593.00000 0.0005
5594.00000 0.0006
5595.00000 0.0007
5596.00000 0.0007
5597.00000 0.0008
5598.00000 0.0009
5599.00000 0.0011
5600.00000 0.0012
5601.00000 0.0014
5602.00000 0.0015
5603.00000 0.0018
5604.00000 0.002
5605.00000 0.0023
5606.00000 0.0026
5607.00000 0.003
5608.00000 0.0035
5609.00000 0.004
5610.00000 0.0046
5611.00000 0.0053
5612.00000 0.0063
5613.00000 0.0073
5614.00000 0.0086
5615.00000 0.0099
5616.00000 0.0118
5617.00000 0.0137
5618.00000 0.0163
5619.00000 0.019
5620.00000 0.0228
5621.00000 0.0273
5622.00000 0.0325
5623.00000 0.0388
5624.00000 0.0465
5625.00000 0.0566
5626.00000 0.0682
5627.00000 0.0824
5628.00000 0.0977
5629.00000 0.1194
5630.00000 0.1426
5631.00000 0.1733
5632.00000 0.2048
5633.00000 0.2425
5634.00000 0.2885
5635.00000 0.3354
5636.00000 0.3879
5637.00000 0.4388
5638.00000 0.4961
5639.00000 0.5453
5640.00000 0.5931
5641.00000 0.6308
5642.00000 0.6664
5643.00000 0.6908
5644.00000 0.7121
5645.00000 0.7259
5646.00000 0.7365
5647.00000 0.7421
5648.00000 0.7459
5649.00000 0.7468
5650.00000 0.7475
5651.00000 0.7457
5652.00000 0.7447
5653.00000 0.7451
5654.00000 0.7434
5655.00000 0.7437
5656.00000 0.7426
5657.00000 0.7423
5658.00000 0.7414
5659.00000 0.743
5660.00000 0.7437
5661.00000 0.7432
5662.00000 0.7446
5663.00000 0.7461
5664.00000 0.7466
5665.00000 0.7463
5666.00000 0.7469
5667.00000 0.7479
5668.00000 0.7483
5669.00000 0.7495
5670.00000 0.7492
5671.00000 0.7497
5672.00000 0.7492
5673.00000 0.7492
5674.00000 0.7497
5675.00000 0.7496
5676.00000 0.7509
5677.00000 0.7498
5678.00000 0.7497
5679.00000 0.7497
5680.00000 0.75
5681.00000 0.7497
5682.00000 0.7502
5683.00000 0.7511
5684.00000 0.7502
5685.00000 0.7499
5686.00000 0.7496
5687.00000 0.7489
5688.00000 0.749
5689.00000 0.7501
5690.00000 0.7507
5691.00000 0.7505
5692.00000 0.7501
5693.00000 0.7499
5694.00000 0.7496
5695.00000 0.7491
5696.00000 0.7504
5697.00000 0.7508
5698.00000 0.7513
5699.00000 0.7508
5700.00000 0.7497
5701.00000 0.7506
5702.00000 0.7503
5703.00000 0.7511
5704.00000 0.7511
5705.00000 0.7515
5706.00000 0.7504
5707.00000 0.7498
5708.00000 0.7495
5709.00000 0.7504
5710.00000 0.75
5711.00000 0.7501
5712.00000 0.7507
5713.00000 0.751
5714.00000 0.7501
5715.00000 0.749
5716.00000 0.75
5717.00000 0.7495
5718.00000 0.7497
5719.00000 0.7508
5720.00000 0.7498
5721.00000 0.7495
5722.00000 0.7478
5723.00000 0.748
5724.00000 0.7479
5725.00000 0.749
5726.00000 0.7487
5727.00000 0.7488
5728.00000 0.749
5729.00000 0.7484
5730.00000 0.7475
5731.00000 0.7466
5732.00000 0.7482
5733.00000 0.7483
5734.00000 0.7483
5735.00000 0.749
5736.00000 0.7495
5737.00000 0.7487
5738.00000 0.7488
5739.00000 0.7498
5740.00000 0.7502
5741.00000 0.7513
5742.00000 0.7516
5743.00000 0.7514
5744.00000 0.7517
5745.00000 0.7503
5746.00000 0.7516
5747.00000 0.7515
5748.00000 0.7516
5749.00000 0.7515
5750.00000 0.7509
5751.00000 0.7504
5752.00000 0.7494
5753.00000 0.7477
5754.00000 0.7486
5755.00000 0.7479
5756.00000 0.7466
5757.00000 0.7462
5758.00000 0.7451
5759.00000 0.7446
5760.00000 0.7431
5761.00000 0.743
5762.00000 0.7436
5763.00000 0.7436
5764.00000 0.7439
5765.00000 0.7439
5766.00000 0.745
5767.00000 0.7467
5768.00000 0.747
5769.00000 0.7483
5770.00000 0.7494
5771.00000 0.7491
5772.00000 0.7474
5773.00000 0.7451
5774.00000 0.7376
5775.00000 0.7288
5776.00000 0.7148
5777.00000 0.6948
5778.00000 0.671
5779.00000 0.6375
5780.00000 0.5998
5781.00000 0.553
5782.00000 0.5059
5783.00000 0.4545
5784.00000 0.4088
5785.00000 0.3578
5786.00000 0.3109
5787.00000 0.2658
5788.00000 0.2272
5789.00000 0.1922
5790.00000 0.161
5791.00000 0.1357
5792.00000 0.1138
5793.00000 0.0963
5794.00000 0.0796
5795.00000 0.0673
5796.00000 0.0568
5797.00000 0.0482
5798.00000 0.0407
5799.00000 0.0347
5800.00000 0.0293
5801.00000 0.025
5802.00000 0.0214
5803.00000 0.0181
5804.00000 0.0156
5805.00000 0.0134
5806.00000 0.0115
5807.00000 0.0098
5808.00000 0.0086
5809.00000 0.0074
5810.00000 0.0065
5811.00000 0.0057
5812.00000 0.005
5813.00000 0.0044
5814.00000 0.0039
5815.00000 0.0034
5816.00000 0.0029
5817.00000 0.0026
5818.00000 0.0023
5819.00000 0.0021
5820.00000 0.0018
5821.00000 0.0016
5822.00000 0.0015
5823.00000 0.0013
5824.00000 0.0012
5825.00000 0.001
5826.00000 0.0009
5827.00000 0.0008
5828.00000 0.0008
5829.00000 0.0007
5830.00000 0.0006
5831.00000 0.0005
5832.00000 0.0005
5833.00000 0.0004
5834.00000 0.0004
5835.00000 0.0004
5836.00000 0.0003
5837.00000 0.0003
5838.00000 0.0003
5839.00000 0.0002
5840.00000 0.0002
5841.00000 0.0002
5842.00000 0.0002
5843.00000 0.0002
5844.00000 0.0002
5845.00000 0.0002
5846.00000 0.0001
5847.00000 0.0001
5848.00000 0.0001
5849.00000 0.0001
5850.00000 0.0001
5851.00000 0.0001
5852.00000 0.0001
5853.00000 0.0001
5854.00000 0.0001
5855.00000 0.0001
5856.00000 0.0001
5857.00000 0.0001
5858.00000 0.0001
6443.79980 0.0
