threeML/data/optical_filters/OAJ/JPAS-J0900.ecsv
# %ECSV 0.9
# ---
# datatype:
# - {name: wavelength, unit: Angstrom, datatype: float32}
# - {name: response, datatype: float32}
# meta: !!omap
# - {band_name: J0900}
# - {group_name: JPAS}
wavelength response
7925.39990 0.0
8806.00000 0.0001
8807.00000 0.0
8808.00000 0.0
8809.00000 0.0
8810.00000 0.0
8811.00000 0.0
8812.00000 0.0
8813.00000 0.0
8814.00000 0.0
8815.00000 0.0
8816.00000 0.0
8817.00000 0.0
8818.00000 0.0
8819.00000 0.0001
8820.00000 0.0
8821.00000 0.0
8822.00000 0.0
8823.00000 0.0
8824.00000 0.0
8825.00000 0.0001
8826.00000 0.0
8827.00000 0.0
8828.00000 0.0
8829.00000 0.0
8830.00000 0.0
8831.00000 0.0
8832.00000 0.0
8833.00000 0.0
8834.00000 0.0
8835.00000 0.0
8836.00000 0.0
8837.00000 0.0
8838.00000 0.0
8839.00000 0.0001
8840.00000 0.0
8841.00000 0.0
8842.00000 0.0
8843.00000 0.0
8844.00000 0.0
8845.00000 0.0
8846.00000 0.0
8847.00000 0.0
8848.00000 0.0
8849.00000 0.0
8850.00000 0.0
8851.00000 0.0
8852.00000 0.0
8853.00000 0.0
8854.00000 0.0
8855.00000 0.0
8856.00000 0.0
8857.00000 0.0
8858.00000 0.0
8859.00000 0.0
8860.00000 0.0
8861.00000 0.0
8862.00000 0.0
8863.00000 0.0
8864.00000 0.0
8865.00000 0.0001
8866.00000 0.0
8867.00000 0.0
8868.00000 0.0
8869.00000 0.0
8870.00000 0.0002
8871.00000 0.0001
8872.00000 0.0001
8873.00000 0.0001
8874.00000 0.0001
8875.00000 0.0001
8876.00000 0.0001
8877.00000 0.0002
8878.00000 0.0001
8879.00000 0.0001
8880.00000 0.0001
8881.00000 0.0001
8882.00000 0.0002
8883.00000 0.0001
8884.00000 0.0002
8885.00000 0.0003
8886.00000 0.0002
8887.00000 0.0003
8888.00000 0.0003
8889.00000 0.0005
8890.00000 0.0004
8891.00000 0.0005
8892.00000 0.0006
8893.00000 0.0006
8894.00000 0.0007
8895.00000 0.0007
8896.00000 0.0008
8897.00000 0.001
8898.00000 0.0013
8899.00000 0.0013
8900.00000 0.0014
8901.00000 0.0017
8902.00000 0.0019
8903.00000 0.0022
8904.00000 0.0026
8905.00000 0.003
8906.00000 0.0033
8907.00000 0.0042
8908.00000 0.0049
8909.00000 0.0057
8910.00000 0.0068
8911.00000 0.0077
8912.00000 0.0091
8913.00000 0.0111
8914.00000 0.013
8915.00000 0.0155
8916.00000 0.0188
8917.00000 0.0232
8918.00000 0.027
8919.00000 0.0323
8920.00000 0.0388
8921.00000 0.048
8922.00000 0.0568
8923.00000 0.0689
8924.00000 0.0862
8925.00000 0.1066
8926.00000 0.1316
8927.00000 0.1539
8928.00000 0.1825
8929.00000 0.2139
8930.00000 0.2556
8931.00000 0.2904
8932.00000 0.3298
8933.00000 0.3729
8934.00000 0.4216
8935.00000 0.4528
8936.00000 0.4804
8937.00000 0.5081
8938.00000 0.5329
8939.00000 0.5517
8940.00000 0.5667
8941.00000 0.573
8942.00000 0.5799
8943.00000 0.5844
8944.00000 0.5777
8945.00000 0.5802
8946.00000 0.5781
8947.00000 0.5778
8948.00000 0.5734
8949.00000 0.569
8950.00000 0.5693
8951.00000 0.5661
8952.00000 0.5644
8953.00000 0.5644
8954.00000 0.5629
8955.00000 0.5621
8956.00000 0.562
8957.00000 0.5627
8958.00000 0.5628
8959.00000 0.5606
8960.00000 0.5619
8961.00000 0.5652
8962.00000 0.5641
8963.00000 0.5609
8964.00000 0.5647
8965.00000 0.5636
8966.00000 0.559
8967.00000 0.5594
8968.00000 0.563
8969.00000 0.5603
8970.00000 0.556
8971.00000 0.5552
8972.00000 0.5524
8973.00000 0.5567
8974.00000 0.5529
8975.00000 0.5535
8976.00000 0.5496
8977.00000 0.5507
8978.00000 0.5486
8979.00000 0.5453
8980.00000 0.5488
8981.00000 0.5457
8982.00000 0.546
8983.00000 0.5437
8984.00000 0.5461
8985.00000 0.5453
8986.00000 0.544
8987.00000 0.5467
8988.00000 0.5445
8989.00000 0.5435
8990.00000 0.5401
8991.00000 0.5419
8992.00000 0.5398
8993.00000 0.542
8994.00000 0.5407
8995.00000 0.5426
8996.00000 0.5431
8997.00000 0.5368
8998.00000 0.5434
8999.00000 0.5406
9000.00000 0.5428
9001.00000 0.5424
9002.00000 0.5357
9003.00000 0.5376
9004.00000 0.5399
9005.00000 0.5387
9006.00000 0.5357
9007.00000 0.5375
9008.00000 0.5371
9009.00000 0.5377
9010.00000 0.5379
9011.00000 0.5311
9012.00000 0.5356
9013.00000 0.5405
9014.00000 0.5364
9015.00000 0.5325
9016.00000 0.5341
9017.00000 0.5352
9018.00000 0.5339
9019.00000 0.5374
9020.00000 0.5366
9021.00000 0.5349
9022.00000 0.5351
9023.00000 0.5334
9024.00000 0.5285
9025.00000 0.5323
9026.00000 0.5353
9027.00000 0.5325
9028.00000 0.5338
9029.00000 0.5329
9030.00000 0.5346
9031.00000 0.5322
9032.00000 0.5357
9033.00000 0.5369
9034.00000 0.5286
9035.00000 0.529
9036.00000 0.5322
9037.00000 0.5307
9038.00000 0.5286
9039.00000 0.5337
9040.00000 0.5337
9041.00000 0.5346
9042.00000 0.5339
9043.00000 0.5331
9044.00000 0.532
9045.00000 0.5313
9046.00000 0.5289
9047.00000 0.5349
9048.00000 0.5341
9049.00000 0.5318
9050.00000 0.5332
9051.00000 0.5367
9052.00000 0.5352
9053.00000 0.5359
9054.00000 0.5313
9055.00000 0.5312
9056.00000 0.5282
9057.00000 0.532
9058.00000 0.5335
9059.00000 0.5273
9060.00000 0.5326
9061.00000 0.5299
9062.00000 0.5278
9063.00000 0.5278
9064.00000 0.5228
9065.00000 0.5188
9066.00000 0.5149
9067.00000 0.5082
9068.00000 0.4986
9069.00000 0.4885
9070.00000 0.4706
9071.00000 0.4548
9072.00000 0.4271
9073.00000 0.4015
9074.00000 0.3813
9075.00000 0.3573
9076.00000 0.3228
9077.00000 0.2891
9078.00000 0.2595
9079.00000 0.2291
9080.00000 0.1955
9081.00000 0.162
9082.00000 0.1383
9083.00000 0.1201
9084.00000 0.1032
9085.00000 0.0845
9086.00000 0.0698
9087.00000 0.0595
9088.00000 0.0491
9089.00000 0.0398
9090.00000 0.0321
9091.00000 0.0283
9092.00000 0.0241
9093.00000 0.0211
9094.00000 0.0179
9095.00000 0.0148
9096.00000 0.0112
9097.00000 0.01
9098.00000 0.0078
9099.00000 0.0068
9100.00000 0.0061
9101.00000 0.0054
9102.00000 0.0043
9103.00000 0.0038
9104.00000 0.0036
9105.00000 0.0031
9106.00000 0.0025
9107.00000 0.0022
9108.00000 0.0021
9109.00000 0.0015
9110.00000 0.0013
9111.00000 0.0014
9112.00000 0.0013
9113.00000 0.001
9114.00000 0.0008
9115.00000 0.001
9116.00000 0.0009
9117.00000 0.0006
9118.00000 0.0006
9119.00000 0.0007
9120.00000 0.0006
9121.00000 0.0006
9122.00000 0.0003
9123.00000 0.0006
9124.00000 0.0005
9125.00000 0.0004
9126.00000 0.0003
9127.00000 0.0002
9128.00000 0.0004
9129.00000 0.0004
9130.00000 0.0003
9131.00000 0.0002
9132.00000 0.0001
9133.00000 0.0001
9134.00000 0.0003
9135.00000 0.0001
9136.00000 0.0002
9137.00000 0.0001
9138.00000 0.0001
10051.79980 0.0
