threeML/data/optical_filters/OAJ/JPAS-J0500.ecsv
# %ECSV 0.9
# ---
# datatype:
# - {name: wavelength, unit: Angstrom, datatype: float32}
# - {name: response, datatype: float32}
# meta: !!omap
# - {band_name: J0500}
# - {group_name: JPAS}
wavelength response
4385.70020 0.0
4873.00000 0.0001
4874.00000 0.0001
4875.00000 0.0001
4876.00000 0.0001
4877.00000 0.0001
4878.00000 0.0001
4879.00000 0.0001
4880.00000 0.0001
4881.00000 0.0001
4882.00000 0.0001
4883.00000 0.0002
4884.00000 0.0002
4885.00000 0.0002
4886.00000 0.0002
4887.00000 0.0003
4888.00000 0.0003
4889.00000 0.0003
4890.00000 0.0004
4891.00000 0.0004
4892.00000 0.0005
4893.00000 0.0006
4894.00000 0.0006
4895.00000 0.0007
4896.00000 0.0008
4897.00000 0.0009
4898.00000 0.0011
4899.00000 0.0012
4900.00000 0.0014
4901.00000 0.0016
4902.00000 0.0019
4903.00000 0.0022
4904.00000 0.0025
4905.00000 0.0029
4906.00000 0.0035
4907.00000 0.004
4908.00000 0.0048
4909.00000 0.0056
4910.00000 0.0066
4911.00000 0.0078
4912.00000 0.0094
4913.00000 0.0111
4914.00000 0.0136
4915.00000 0.0161
4916.00000 0.0195
4917.00000 0.0237
4918.00000 0.0287
4919.00000 0.0353
4920.00000 0.0429
4921.00000 0.0524
4922.00000 0.0643
4923.00000 0.0808
4924.00000 0.099
4925.00000 0.1232
4926.00000 0.1488
4927.00000 0.1874
4928.00000 0.2267
4929.00000 0.2731
4930.00000 0.3239
4931.00000 0.3829
4932.00000 0.4442
4933.00000 0.5017
4934.00000 0.5587
4935.00000 0.6068
4936.00000 0.6512
4937.00000 0.6849
4938.00000 0.711
4939.00000 0.726
4940.00000 0.7374
4941.00000 0.7438
4942.00000 0.7472
4943.00000 0.7477
4944.00000 0.7475
4945.00000 0.7472
4946.00000 0.7467
4947.00000 0.7463
4948.00000 0.746
4949.00000 0.7461
4950.00000 0.7466
4951.00000 0.747
4952.00000 0.7486
4953.00000 0.7489
4954.00000 0.7501
4955.00000 0.7506
4956.00000 0.7506
4957.00000 0.7509
4958.00000 0.7504
4959.00000 0.7504
4960.00000 0.7494
4961.00000 0.7485
4962.00000 0.7478
4963.00000 0.7461
4964.00000 0.7448
4965.00000 0.744
4966.00000 0.7423
4967.00000 0.741
4968.00000 0.7397
4969.00000 0.7382
4970.00000 0.7374
4971.00000 0.7366
4972.00000 0.7365
4973.00000 0.7353
4974.00000 0.7353
4975.00000 0.7356
4976.00000 0.7355
4977.00000 0.7359
4978.00000 0.7364
4979.00000 0.7362
4980.00000 0.7381
4981.00000 0.739
4982.00000 0.7401
4983.00000 0.7409
4984.00000 0.7426
4985.00000 0.7431
4986.00000 0.7452
4987.00000 0.7455
4988.00000 0.7467
4989.00000 0.748
4990.00000 0.7488
4991.00000 0.7504
4992.00000 0.7509
4993.00000 0.752
4994.00000 0.7526
4995.00000 0.753
4996.00000 0.754
4997.00000 0.7545
4998.00000 0.7548
4999.00000 0.7552
5000.00000 0.7554
5001.00000 0.7554
5002.00000 0.7559
5003.00000 0.7556
5004.00000 0.7554
5005.00000 0.7562
5006.00000 0.7554
5007.00000 0.7561
5008.00000 0.7559
5009.00000 0.7553
5010.00000 0.7561
5011.00000 0.7551
5012.00000 0.7552
5013.00000 0.7552
5014.00000 0.7551
5015.00000 0.7544
5016.00000 0.7541
5017.00000 0.7546
5018.00000 0.7538
5019.00000 0.7538
5020.00000 0.7532
5021.00000 0.7533
5022.00000 0.7528
5023.00000 0.7518
5024.00000 0.7525
5025.00000 0.7524
5026.00000 0.7525
5027.00000 0.7518
5028.00000 0.752
5029.00000 0.7512
5030.00000 0.7515
5031.00000 0.7514
5032.00000 0.7512
5033.00000 0.7515
5034.00000 0.7512
5035.00000 0.7519
5036.00000 0.7519
5037.00000 0.7519
5038.00000 0.7524
5039.00000 0.7523
5040.00000 0.7529
5041.00000 0.7531
5042.00000 0.7535
5043.00000 0.7528
5044.00000 0.7531
5045.00000 0.7525
5046.00000 0.7525
5047.00000 0.7522
5048.00000 0.751
5049.00000 0.7503
5050.00000 0.7482
5051.00000 0.7475
5052.00000 0.7464
5053.00000 0.7451
5054.00000 0.7434
5055.00000 0.7422
5056.00000 0.7411
5057.00000 0.74
5058.00000 0.7387
5059.00000 0.7388
5060.00000 0.739
5061.00000 0.7395
5062.00000 0.7404
5063.00000 0.7411
5064.00000 0.7435
5065.00000 0.746
5066.00000 0.7489
5067.00000 0.7517
5068.00000 0.753
5069.00000 0.7526
5070.00000 0.7503
5071.00000 0.7442
5072.00000 0.7328
5073.00000 0.7159
5074.00000 0.6908
5075.00000 0.6574
5076.00000 0.6187
5077.00000 0.571
5078.00000 0.5204
5079.00000 0.4593
5080.00000 0.4041
5081.00000 0.3469
5082.00000 0.2981
5083.00000 0.2488
5084.00000 0.2099
5085.00000 0.1738
5086.00000 0.1453
5087.00000 0.1199
5088.00000 0.0989
5089.00000 0.0823
5090.00000 0.0683
5091.00000 0.0574
5092.00000 0.0472
5093.00000 0.0396
5094.00000 0.0329
5095.00000 0.0278
5096.00000 0.0233
5097.00000 0.0198
5098.00000 0.0168
5099.00000 0.0144
5100.00000 0.0122
5101.00000 0.0104
5102.00000 0.009
5103.00000 0.0078
5104.00000 0.0068
5105.00000 0.0058
5106.00000 0.005
5107.00000 0.0044
5108.00000 0.0038
5109.00000 0.0033
5110.00000 0.0029
5111.00000 0.0026
5112.00000 0.0023
5113.00000 0.002
5114.00000 0.0017
5115.00000 0.0016
5116.00000 0.0014
5117.00000 0.0012
5118.00000 0.0011
5119.00000 0.001
5120.00000 0.0009
5121.00000 0.0008
5122.00000 0.0007
5123.00000 0.0006
5124.00000 0.0006
5125.00000 0.0005
5126.00000 0.0005
5127.00000 0.0004
5128.00000 0.0004
5129.00000 0.0003
5130.00000 0.0003
5131.00000 0.0003
5132.00000 0.0003
5133.00000 0.0002
5134.00000 0.0002
5135.00000 0.0002
5136.00000 0.0002
5137.00000 0.0002
5138.00000 0.0001
5139.00000 0.0001
5140.00000 0.0001
5141.00000 0.0001
5142.00000 0.0001
5143.00000 0.0001
5144.00000 0.0001
5145.00000 0.0001
5146.00000 0.0001
5147.00000 0.0001
5148.00000 0.0001
5149.00000 0.0001
5663.89990 0.0
