threeML/data/optical_filters/OAJ/JPAS-J0870.ecsv
# %ECSV 0.9
# ---
# datatype:
# - {name: wavelength, unit: Angstrom, datatype: float32}
# - {name: response, datatype: float32}
# meta: !!omap
# - {band_name: J0870}
# - {group_name: JPAS}
wavelength response
7720.20020 0.0
8578.00000 0.0001
8579.00000 0.0001
8580.00000 0.0001
8581.00000 0.0001
8582.00000 0.0001
8583.00000 0.0001
8584.00000 0.0001
8585.00000 0.0001
8586.00000 0.0001
8587.00000 0.0001
8588.00000 0.0002
8589.00000 0.0002
8590.00000 0.0002
8591.00000 0.0002
8592.00000 0.0002
8593.00000 0.0003
8594.00000 0.0003
8595.00000 0.0004
8596.00000 0.0004
8597.00000 0.0005
8598.00000 0.0005
8599.00000 0.0006
8600.00000 0.0007
8601.00000 0.0007
8602.00000 0.0009
8603.00000 0.001
8604.00000 0.0012
8605.00000 0.0013
8606.00000 0.0015
8607.00000 0.0017
8608.00000 0.002
8609.00000 0.0023
8610.00000 0.0027
8611.00000 0.0032
8612.00000 0.0039
8613.00000 0.0048
8614.00000 0.0055
8615.00000 0.0065
8616.00000 0.0076
8617.00000 0.0091
8618.00000 0.0107
8619.00000 0.0127
8620.00000 0.0155
8621.00000 0.019
8622.00000 0.0232
8623.00000 0.0271
8624.00000 0.0332
8625.00000 0.0397
8626.00000 0.0499
8627.00000 0.0596
8628.00000 0.0751
8629.00000 0.0969
8630.00000 0.1231
8631.00000 0.1504
8632.00000 0.1811
8633.00000 0.2147
8634.00000 0.2541
8635.00000 0.2966
8636.00000 0.3393
8637.00000 0.3934
8638.00000 0.4412
8639.00000 0.4989
8640.00000 0.5352
8641.00000 0.575
8642.00000 0.6077
8643.00000 0.6382
8644.00000 0.6597
8645.00000 0.6754
8646.00000 0.6865
8647.00000 0.6893
8648.00000 0.6905
8649.00000 0.6899
8650.00000 0.6878
8651.00000 0.6872
8652.00000 0.6863
8653.00000 0.6865
8654.00000 0.6871
8655.00000 0.6874
8656.00000 0.6872
8657.00000 0.6869
8658.00000 0.6861
8659.00000 0.689
8660.00000 0.6871
8661.00000 0.6882
8662.00000 0.6904
8663.00000 0.6914
8664.00000 0.6943
8665.00000 0.6983
8666.00000 0.6997
8667.00000 0.7011
8668.00000 0.7023
8669.00000 0.7037
8670.00000 0.7041
8671.00000 0.7044
8672.00000 0.7036
8673.00000 0.7026
8674.00000 0.7014
8675.00000 0.702
8676.00000 0.7028
8677.00000 0.703
8678.00000 0.7026
8679.00000 0.7007
8680.00000 0.7028
8681.00000 0.7036
8682.00000 0.703
8683.00000 0.7006
8684.00000 0.7016
8685.00000 0.7007
8686.00000 0.7007
8687.00000 0.7003
8688.00000 0.6997
8689.00000 0.7003
8690.00000 0.7006
8691.00000 0.7003
8692.00000 0.6999
8693.00000 0.6993
8694.00000 0.6986
8695.00000 0.6992
8696.00000 0.7005
8697.00000 0.6986
8698.00000 0.6997
8699.00000 0.6971
8700.00000 0.6966
8701.00000 0.6975
8702.00000 0.6972
8703.00000 0.6958
8704.00000 0.6958
8705.00000 0.698
8706.00000 0.6941
8707.00000 0.695
8708.00000 0.6957
8709.00000 0.6947
8710.00000 0.6934
8711.00000 0.693
8712.00000 0.6924
8713.00000 0.6928
8714.00000 0.6911
8715.00000 0.6904
8716.00000 0.6894
8717.00000 0.6905
8718.00000 0.6878
8719.00000 0.6881
8720.00000 0.6882
8721.00000 0.6875
8722.00000 0.688
8723.00000 0.6859
8724.00000 0.6868
8725.00000 0.6871
8726.00000 0.6858
8727.00000 0.6843
8728.00000 0.6843
8729.00000 0.683
8730.00000 0.6825
8731.00000 0.6818
8732.00000 0.6779
8733.00000 0.6786
8734.00000 0.6777
8735.00000 0.6774
8736.00000 0.676
8737.00000 0.6776
8738.00000 0.6737
8739.00000 0.6744
8740.00000 0.6736
8741.00000 0.6741
8742.00000 0.6738
8743.00000 0.6766
8744.00000 0.6762
8745.00000 0.6755
8746.00000 0.6773
8747.00000 0.6749
8748.00000 0.6754
8749.00000 0.6753
8750.00000 0.6723
8751.00000 0.672
8752.00000 0.6741
8753.00000 0.6724
8754.00000 0.6709
8755.00000 0.6701
8756.00000 0.6708
8757.00000 0.6685
8758.00000 0.6677
8759.00000 0.667
8760.00000 0.6639
8761.00000 0.6649
8762.00000 0.6651
8763.00000 0.6621
8764.00000 0.6643
8765.00000 0.6617
8766.00000 0.6612
8767.00000 0.6618
8768.00000 0.6575
8769.00000 0.6559
8770.00000 0.6543
8771.00000 0.6482
8772.00000 0.6428
8773.00000 0.631
8774.00000 0.6196
8775.00000 0.605
8776.00000 0.5858
8777.00000 0.5519
8778.00000 0.5268
8779.00000 0.4966
8780.00000 0.4587
8781.00000 0.4196
8782.00000 0.372
8783.00000 0.3367
8784.00000 0.2918
8785.00000 0.2489
8786.00000 0.2074
8787.00000 0.1814
8788.00000 0.1555
8789.00000 0.1348
8790.00000 0.1109
8791.00000 0.0943
8792.00000 0.0805
8793.00000 0.0653
8794.00000 0.0526
8795.00000 0.0434
8796.00000 0.037
8797.00000 0.031
8798.00000 0.026
8799.00000 0.0209
8800.00000 0.0178
8801.00000 0.0149
8802.00000 0.0123
8803.00000 0.0099
8804.00000 0.0086
8805.00000 0.0078
8806.00000 0.0067
8807.00000 0.0058
8808.00000 0.005
8809.00000 0.0045
8810.00000 0.0039
8811.00000 0.0033
8812.00000 0.0029
8813.00000 0.0025
8814.00000 0.0023
8815.00000 0.002
8816.00000 0.0017
8817.00000 0.0014
8818.00000 0.0012
8819.00000 0.0012
8820.00000 0.001
8821.00000 0.0009
8822.00000 0.0008
8823.00000 0.0007
8824.00000 0.0007
8825.00000 0.0005
8826.00000 0.0006
8827.00000 0.0005
8828.00000 0.0004
8829.00000 0.0004
8830.00000 0.0003
8831.00000 0.0003
8832.00000 0.0003
8833.00000 0.0002
8834.00000 0.0002
8835.00000 0.0002
8836.00000 0.0002
8837.00000 0.0002
8838.00000 0.0001
8839.00000 0.0001
8840.00000 0.0001
8841.00000 0.0001
8842.00000 0.0001
8843.00000 0.0001
9727.29980 0.0
