threeML/data/optical_filters/OAJ/JPAS-J0590.ecsv
# %ECSV 0.9
# ---
# datatype:
# - {name: wavelength, unit: Angstrom, datatype: float32}
# - {name: response, datatype: float32}
# meta: !!omap
# - {band_name: J0590}
# - {group_name: JPAS}
wavelength response
5193.89990 0.0
5771.00000 0.0001
5772.00000 0.0
5773.00000 0.0
5774.00000 0.0
5775.00000 0.0001
5776.00000 0.0
5777.00000 0.0
5778.00000 0.0001
5779.00000 0.0001
5780.00000 0.0001
5781.00000 0.0001
5782.00000 0.0
5783.00000 0.0001
5784.00000 0.0001
5785.00000 0.0001
5786.00000 0.0001
5787.00000 0.0001
5788.00000 0.0001
5789.00000 0.0001
5790.00000 0.0001
5791.00000 0.0001
5792.00000 0.0001
5793.00000 0.0001
5794.00000 0.0001
5795.00000 0.0002
5796.00000 0.0002
5797.00000 0.0002
5798.00000 0.0002
5799.00000 0.0003
5800.00000 0.0003
5801.00000 0.0004
5802.00000 0.0004
5803.00000 0.0005
5804.00000 0.0005
5805.00000 0.0006
5806.00000 0.0006
5807.00000 0.0007
5808.00000 0.0008
5809.00000 0.0009
5810.00000 0.001
5811.00000 0.0012
5812.00000 0.0013
5813.00000 0.0015
5814.00000 0.0018
5815.00000 0.0019
5816.00000 0.0023
5817.00000 0.0026
5818.00000 0.003
5819.00000 0.0034
5820.00000 0.0041
5821.00000 0.0046
5822.00000 0.0054
5823.00000 0.0063
5824.00000 0.0074
5825.00000 0.0087
5826.00000 0.0103
5827.00000 0.0119
5828.00000 0.0142
5829.00000 0.0168
5830.00000 0.0202
5831.00000 0.0239
5832.00000 0.0287
5833.00000 0.0349
5834.00000 0.0419
5835.00000 0.0513
5836.00000 0.0616
5837.00000 0.0762
5838.00000 0.0922
5839.00000 0.1131
5840.00000 0.1358
5841.00000 0.1659
5842.00000 0.201
5843.00000 0.2427
5844.00000 0.2897
5845.00000 0.3409
5846.00000 0.4028
5847.00000 0.4615
5848.00000 0.5277
5849.00000 0.5864
5850.00000 0.6442
5851.00000 0.6868
5852.00000 0.7263
5853.00000 0.7546
5854.00000 0.7744
5855.00000 0.7901
5856.00000 0.8001
5857.00000 0.8053
5858.00000 0.8086
5859.00000 0.8084
5860.00000 0.8072
5861.00000 0.8048
5862.00000 0.803
5863.00000 0.8007
5864.00000 0.7998
5865.00000 0.8004
5866.00000 0.8018
5867.00000 0.8024
5868.00000 0.8047
5869.00000 0.8051
5870.00000 0.8068
5871.00000 0.8079
5872.00000 0.809
5873.00000 0.811
5874.00000 0.8119
5875.00000 0.8143
5876.00000 0.8147
5877.00000 0.8166
5878.00000 0.8167
5879.00000 0.8171
5880.00000 0.8159
5881.00000 0.8165
5882.00000 0.8149
5883.00000 0.8149
5884.00000 0.8144
5885.00000 0.8136
5886.00000 0.813
5887.00000 0.8131
5888.00000 0.8126
5889.00000 0.811
5890.00000 0.8093
5891.00000 0.8087
5892.00000 0.8085
5893.00000 0.8076
5894.00000 0.8078
5895.00000 0.8097
5896.00000 0.8086
5897.00000 0.8092
5898.00000 0.8095
5899.00000 0.8075
5900.00000 0.8081
5901.00000 0.8086
5902.00000 0.8099
5903.00000 0.8104
5904.00000 0.8121
5905.00000 0.8125
5906.00000 0.8138
5907.00000 0.8138
5908.00000 0.8139
5909.00000 0.813
5910.00000 0.8153
5911.00000 0.8152
5912.00000 0.8173
5913.00000 0.8177
5914.00000 0.8179
5915.00000 0.8172
5916.00000 0.8167
5917.00000 0.817
5918.00000 0.8168
5919.00000 0.8178
5920.00000 0.8181
5921.00000 0.8193
5922.00000 0.8195
5923.00000 0.8195
5924.00000 0.8196
5925.00000 0.8179
5926.00000 0.8175
5927.00000 0.8172
5928.00000 0.8181
5929.00000 0.8189
5930.00000 0.8201
5931.00000 0.8202
5932.00000 0.8199
5933.00000 0.8197
5934.00000 0.8177
5935.00000 0.8176
5936.00000 0.8181
5937.00000 0.8189
5938.00000 0.8191
5939.00000 0.8207
5940.00000 0.8213
5941.00000 0.8202
5942.00000 0.82
5943.00000 0.8186
5944.00000 0.8174
5945.00000 0.8168
5946.00000 0.8177
5947.00000 0.8175
5948.00000 0.8203
5949.00000 0.8206
5950.00000 0.8209
5951.00000 0.8197
5952.00000 0.8176
5953.00000 0.8164
5954.00000 0.8148
5955.00000 0.8151
5956.00000 0.8161
5957.00000 0.8159
5958.00000 0.8169
5959.00000 0.8162
5960.00000 0.8156
5961.00000 0.8135
5962.00000 0.8125
5963.00000 0.8101
5964.00000 0.8084
5965.00000 0.8085
5966.00000 0.81
5967.00000 0.8103
5968.00000 0.8109
5969.00000 0.811
5970.00000 0.8102
5971.00000 0.808
5972.00000 0.8071
5973.00000 0.807
5974.00000 0.8075
5975.00000 0.8083
5976.00000 0.8124
5977.00000 0.814
5978.00000 0.8146
5979.00000 0.8143
5980.00000 0.812
5981.00000 0.8071
5982.00000 0.8009
5983.00000 0.794
5984.00000 0.7835
5985.00000 0.7703
5986.00000 0.7517
5987.00000 0.7276
5988.00000 0.6976
5989.00000 0.6567
5990.00000 0.6137
5991.00000 0.5629
5992.00000 0.515
5993.00000 0.4604
5994.00000 0.411
5995.00000 0.3618
5996.00000 0.3173
5997.00000 0.2737
5998.00000 0.2337
5999.00000 0.1999
6000.00000 0.1697
6001.00000 0.1447
6002.00000 0.1203
6003.00000 0.1019
6004.00000 0.0858
6005.00000 0.0731
6006.00000 0.0614
6007.00000 0.0526
6008.00000 0.0446
6009.00000 0.0382
6010.00000 0.0326
6011.00000 0.0277
6012.00000 0.0238
6013.00000 0.0205
6014.00000 0.0177
6015.00000 0.0151
6016.00000 0.0132
6017.00000 0.0113
6018.00000 0.0099
6019.00000 0.0085
6020.00000 0.0075
6021.00000 0.0066
6022.00000 0.0058
6023.00000 0.0051
6024.00000 0.0044
6025.00000 0.0039
6026.00000 0.0035
6027.00000 0.0031
6028.00000 0.0027
6029.00000 0.0024
6030.00000 0.0021
6031.00000 0.0019
6032.00000 0.0017
6033.00000 0.0015
6034.00000 0.0014
6035.00000 0.0012
6036.00000 0.0011
6037.00000 0.001
6038.00000 0.0009
6039.00000 0.0008
6040.00000 0.0007
6041.00000 0.0006
6042.00000 0.0006
6043.00000 0.0005
6044.00000 0.0005
6045.00000 0.0004
6046.00000 0.0004
6047.00000 0.0004
6048.00000 0.0003
6049.00000 0.0003
6050.00000 0.0003
6051.00000 0.0003
6052.00000 0.0002
6053.00000 0.0002
6054.00000 0.0002
6055.00000 0.0002
6056.00000 0.0002
6057.00000 0.0001
6058.00000 0.0001
6059.00000 0.0001
6060.00000 0.0001
6061.00000 0.0001
6062.00000 0.0001
6063.00000 0.0001
6064.00000 0.0001
6065.00000 0.0001
6066.00000 0.0001
6067.00000 0.0001
6068.00000 0.0001
6069.00000 0.0001
6070.00000 0.0001
6071.00000 0.0001
6678.10010 0.0
