threeML/data/optical_filters/OAJ/JPAS-J0390.ecsv
# %ECSV 0.9
# ---
# datatype:
# - {name: wavelength, unit: Angstrom, datatype: float32}
# - {name: response, datatype: float32}
# meta: !!omap
# - {band_name: J0390}
# - {group_name: JPAS}
wavelength response
3363.30005 0.0
3737.00000 0.0001
3738.00000 0.0
3739.00000 0.0
3740.00000 0.0
3741.00000 0.0
3742.00000 0.0
3743.00000 0.0
3744.00000 0.0
3745.00000 0.0
3746.00000 0.0
3747.00000 0.0
3748.00000 0.0
3749.00000 0.0
3750.00000 0.0
3751.00000 0.0
3752.00000 0.0
3753.00000 0.0
3754.00000 0.0
3755.00000 0.0
3756.00000 0.0
3757.00000 0.0
3758.00000 0.0
3759.00000 0.0
3760.00000 0.0
3761.00000 0.0
3762.00000 0.0
3763.00000 0.0
3764.00000 0.0
3765.00000 0.0
3766.00000 0.0
3767.00000 0.0
3768.00000 0.0
3769.00000 0.0
3770.00000 0.0
3771.00000 0.0
3772.00000 0.0
3773.00000 0.0
3774.00000 0.0
3775.00000 0.0
3776.00000 0.0
3777.00000 0.0
3778.00000 0.0
3779.00000 0.0
3780.00000 0.0
3781.00000 0.0001
3782.00000 0.0001
3783.00000 0.0001
3784.00000 0.0001
3785.00000 0.0001
3786.00000 0.0001
3787.00000 0.0001
3788.00000 0.0001
3789.00000 0.0001
3790.00000 0.0002
3791.00000 0.0002
3792.00000 0.0002
3793.00000 0.0003
3794.00000 0.0003
3795.00000 0.0004
3796.00000 0.0004
3797.00000 0.0005
3798.00000 0.0006
3799.00000 0.0007
3800.00000 0.0008
3801.00000 0.0009
3802.00000 0.0011
3803.00000 0.0013
3804.00000 0.0015
3805.00000 0.0019
3806.00000 0.0022
3807.00000 0.0027
3808.00000 0.0032
3809.00000 0.0039
3810.00000 0.0047
3811.00000 0.0057
3812.00000 0.0069
3813.00000 0.0085
3814.00000 0.0105
3815.00000 0.0128
3816.00000 0.0159
3817.00000 0.0193
3818.00000 0.0246
3819.00000 0.0303
3820.00000 0.0383
3821.00000 0.0471
3822.00000 0.0595
3823.00000 0.073
3824.00000 0.0914
3825.00000 0.1133
3826.00000 0.1399
3827.00000 0.1705
3828.00000 0.2037
3829.00000 0.2412
3830.00000 0.278
3831.00000 0.3183
3832.00000 0.3525
3833.00000 0.3833
3834.00000 0.4055
3835.00000 0.4267
3836.00000 0.44
3837.00000 0.4505
3838.00000 0.4567
3839.00000 0.4611
3840.00000 0.4642
3841.00000 0.4662
3842.00000 0.4678
3843.00000 0.4692
3844.00000 0.4717
3845.00000 0.4726
3846.00000 0.4751
3847.00000 0.4784
3848.00000 0.4809
3849.00000 0.483
3850.00000 0.4861
3851.00000 0.4887
3852.00000 0.493
3853.00000 0.4945
3854.00000 0.4967
3855.00000 0.4997
3856.00000 0.5011
3857.00000 0.5025
3858.00000 0.5041
3859.00000 0.5054
3860.00000 0.5063
3861.00000 0.5069
3862.00000 0.5064
3863.00000 0.5069
3864.00000 0.5062
3865.00000 0.5059
3866.00000 0.5057
3867.00000 0.5057
3868.00000 0.5049
3869.00000 0.5045
3870.00000 0.5045
3871.00000 0.5055
3872.00000 0.5045
3873.00000 0.5048
3874.00000 0.5054
3875.00000 0.5064
3876.00000 0.5077
3877.00000 0.5081
3878.00000 0.5105
3879.00000 0.5119
3880.00000 0.5131
3881.00000 0.5148
3882.00000 0.5173
3883.00000 0.5196
3884.00000 0.5226
3885.00000 0.5248
3886.00000 0.5276
3887.00000 0.5301
3888.00000 0.5314
3889.00000 0.5354
3890.00000 0.537
3891.00000 0.5393
3892.00000 0.5425
3893.00000 0.5437
3894.00000 0.5468
3895.00000 0.5475
3896.00000 0.5511
3897.00000 0.5527
3898.00000 0.5544
3899.00000 0.5564
3900.00000 0.5576
3901.00000 0.559
3902.00000 0.5608
3903.00000 0.5609
3904.00000 0.5624
3905.00000 0.5627
3906.00000 0.5645
3907.00000 0.565
3908.00000 0.5648
3909.00000 0.5659
3910.00000 0.5669
3911.00000 0.5659
3912.00000 0.567
3913.00000 0.5674
3914.00000 0.5675
3915.00000 0.5675
3916.00000 0.5678
3917.00000 0.5676
3918.00000 0.5675
3919.00000 0.5668
3920.00000 0.567
3921.00000 0.567
3922.00000 0.5658
3923.00000 0.5662
3924.00000 0.5648
3925.00000 0.5656
3926.00000 0.5637
3927.00000 0.5643
3928.00000 0.5643
3929.00000 0.5637
3930.00000 0.5637
3931.00000 0.562
3932.00000 0.5633
3933.00000 0.5628
3934.00000 0.562
3935.00000 0.5623
3936.00000 0.562
3937.00000 0.5626
3938.00000 0.5622
3939.00000 0.5633
3940.00000 0.5646
3941.00000 0.5639
3942.00000 0.5637
3943.00000 0.5642
3944.00000 0.5651
3945.00000 0.5652
3946.00000 0.5663
3947.00000 0.5671
3948.00000 0.5676
3949.00000 0.5691
3950.00000 0.5694
3951.00000 0.5714
3952.00000 0.5717
3953.00000 0.5726
3954.00000 0.576
3955.00000 0.5778
3956.00000 0.5807
3957.00000 0.5825
3958.00000 0.5856
3959.00000 0.5889
3960.00000 0.591
3961.00000 0.5929
3962.00000 0.5936
3963.00000 0.5939
3964.00000 0.5915
3965.00000 0.5864
3966.00000 0.5776
3967.00000 0.5621
3968.00000 0.5419
3969.00000 0.5157
3970.00000 0.4826
3971.00000 0.4443
3972.00000 0.4025
3973.00000 0.3617
3974.00000 0.3143
3975.00000 0.2716
3976.00000 0.2303
3977.00000 0.1966
3978.00000 0.1637
3979.00000 0.1369
3980.00000 0.1132
3981.00000 0.0953
3982.00000 0.0788
3983.00000 0.0651
3984.00000 0.0542
3985.00000 0.0452
3986.00000 0.0379
3987.00000 0.0315
3988.00000 0.0263
3989.00000 0.0221
3990.00000 0.0188
3991.00000 0.0157
3992.00000 0.0134
3993.00000 0.0114
3994.00000 0.0099
3995.00000 0.0084
3996.00000 0.0072
3997.00000 0.0062
3998.00000 0.0053
3999.00000 0.0047
4000.00000 0.004
4001.00000 0.0035
4002.00000 0.003
4003.00000 0.0027
4004.00000 0.0023
4005.00000 0.0021
4006.00000 0.0018
4007.00000 0.0016
4008.00000 0.0014
4009.00000 0.0012
4010.00000 0.0011
4011.00000 0.001
4012.00000 0.0009
4013.00000 0.0008
4014.00000 0.0007
4015.00000 0.0006
4016.00000 0.0006
4017.00000 0.0005
4018.00000 0.0005
4019.00000 0.0004
4020.00000 0.0004
4021.00000 0.0003
4022.00000 0.0003
4023.00000 0.0003
4024.00000 0.0002
4025.00000 0.0002
4026.00000 0.0002
4027.00000 0.0002
4028.00000 0.0002
4029.00000 0.0001
4030.00000 0.0001
4031.00000 0.0001
4032.00000 0.0001
4033.00000 0.0001
4034.00000 0.0001
4035.00000 0.0001
4036.00000 0.0001
4037.00000 0.0001
4038.00000 0.0001
4039.00000 0.0001
4040.00000 0.0001
4444.00000 0.0
