threeML/data/optical_filters/OAJ/JPAS-J1007.ecsv
# %ECSV 0.9
# ---
# datatype:
# - {name: wavelength, unit: Angstrom, datatype: float32}
# - {name: response, datatype: float32}
# meta: !!omap
# - {band_name: J1007}
# - {group_name: JPAS}
wavelength response
[from data line 903]
9803.00000 0.2017
9804.00000 0.2015
9805.00000 0.2013
9806.00000 0.2011
9807.00000 0.201
9808.00000 0.2008
9809.00000 0.2006
9810.00000 0.2004
9811.00000 0.2003
9812.00000 0.2001
9813.00000 0.1999
9814.00000 0.1997
9815.00000 0.1995
9816.00000 0.1994
9817.00000 0.1992
9818.00000 0.199
9819.00000 0.1988
9820.00000 0.1987
9821.00000 0.1985
9822.00000 0.1983
9823.00000 0.1981
9824.00000 0.1979
9825.00000 0.1978
9826.00000 0.1976
9827.00000 0.1974
9828.00000 0.1972
9829.00000 0.1971
9830.00000 0.1969
9831.00000 0.1966
9832.00000 0.1963
9833.00000 0.1961
9834.00000 0.1958
9835.00000 0.1956
9836.00000 0.1953
9837.00000 0.195
9838.00000 0.1948
9839.00000 0.1945
9840.00000 0.1942
9841.00000 0.194
9842.00000 0.1937
9843.00000 0.1934
9844.00000 0.1932
9845.00000 0.1929
9846.00000 0.1926
9847.00000 0.1924
9848.00000 0.1921
9849.00000 0.1918
9850.00000 0.1916
9851.00000 0.1913
9852.00000 0.191
9853.00000 0.1908
9854.00000 0.1905
9855.00000 0.1903
9856.00000 0.1899
9857.00000 0.1895
9858.00000 0.1891
9859.00000 0.1887
9860.00000 0.1883
9861.00000 0.1879
9862.00000 0.1875
9863.00000 0.1871
9864.00000 0.1868
9865.00000 0.1864
9866.00000 0.186
9867.00000 0.1856
9868.00000 0.1852
9869.00000 0.1848
9870.00000 0.1844
9871.00000 0.184
9872.00000 0.1837
9873.00000 0.1833
9874.00000 0.1829
9875.00000 0.1825
9876.00000 0.1821
9877.00000 0.1817
9878.00000 0.1813
9879.00000 0.1809
9880.00000 0.1805
9881.00000 0.1801
9882.00000 0.1797
9883.00000 0.1793
9884.00000 0.1789
9885.00000 0.1785
9886.00000 0.1781
9887.00000 0.1777
9888.00000 0.1773
9889.00000 0.1769
9890.00000 0.1765
9891.00000 0.1761
9892.00000 0.1757
9893.00000 0.1753
9894.00000 0.1749
9895.00000 0.1745
9896.00000 0.1741
9897.00000 0.1737
9898.00000 0.1733
9899.00000 0.1729
9900.00000 0.1725
9901.00000 0.1721
9902.00000 0.1718
9903.00000 0.1714
9904.00000 0.171
9905.00000 0.1706
9906.00000 0.1702
9907.00000 0.1699
9908.00000 0.1695
9909.00000 0.1691
9910.00000 0.1687
9911.00000 0.1683
9912.00000 0.168
9913.00000 0.1676
9914.00000 0.1672
9915.00000 0.1668
9916.00000 0.1664
9917.00000 0.1661
9918.00000 0.1657
9919.00000 0.1653
9920.00000 0.1649
9921.00000 0.1645
9922.00000 0.1642
9923.00000 0.1638
9924.00000 0.1634
9925.00000 0.163
9926.00000 0.1626
9927.00000 0.1623
9928.00000 0.1619
9929.00000 0.1615
9930.00000 0.1611
9931.00000 0.1607
9932.00000 0.1604
9933.00000 0.16
9934.00000 0.1596
9935.00000 0.1592
9936.00000 0.1589
9937.00000 0.1585
9938.00000 0.1581
9939.00000 0.1577
9940.00000 0.1573
9941.00000 0.157
9942.00000 0.1566
9943.00000 0.1562
9944.00000 0.1558
9945.00000 0.1554
9946.00000 0.1551
9947.00000 0.1547
9948.00000 0.1543
9949.00000 0.1539
9950.00000 0.1535
9951.00000 0.1532
9952.00000 0.1528
9953.00000 0.1524
9954.00000 0.152
9955.00000 0.1517
9956.00000 0.1513
9957.00000 0.1509
9958.00000 0.1505
9959.00000 0.1501
9960.00000 0.1498
9961.00000 0.1494
9962.00000 0.149
9963.00000 0.1486
9964.00000 0.1483
9965.00000 0.1479
9966.00000 0.1475
9967.00000 0.1471
9968.00000 0.1468
9969.00000 0.1464
9970.00000 0.146
9971.00000 0.1456
9972.00000 0.1452
9973.00000 0.1449
9974.00000 0.1445
9975.00000 0.1441
9976.00000 0.1437
9977.00000 0.1434
9978.00000 0.143
9979.00000 0.1426
9980.00000 0.1422
9981.00000 0.1418
9982.00000 0.1415
9983.00000 0.1411
9984.00000 0.1407
9985.00000 0.1403
9986.00000 0.14
9987.00000 0.1396
9988.00000 0.1392
9989.00000 0.1388
9990.00000 0.1385
9991.00000 0.1381
9992.00000 0.1377
9993.00000 0.1373
9994.00000 0.137
9995.00000 0.1366
9996.00000 0.1362
9997.00000 0.1358
9998.00000 0.1355
9999.00000 0.1351
10000.00000 0.1347
10001.00000 0.1344
10002.00000 0.1341
10003.00000 0.1337
10004.00000 0.1334
10005.00000 0.1331
10006.00000 0.1327
10007.00000 0.1324
10008.00000 0.1321
10009.00000 0.1318
10010.00000 0.1314
10011.00000 0.1311
10012.00000 0.1308
10013.00000 0.1304
10014.00000 0.1301
10015.00000 0.1298
10016.00000 0.1295
10017.00000 0.1291
10018.00000 0.1288
10019.00000 0.1285
10020.00000 0.1282
10021.00000 0.1278
10022.00000 0.1275
10023.00000 0.1272
10024.00000 0.1268
10025.00000 0.1265
10026.00000 0.1262
10027.00000 0.1259
10028.00000 0.1255
10029.00000 0.1252
10030.00000 0.1249
10031.00000 0.1246
10032.00000 0.1242
10033.00000 0.1239
10034.00000 0.1236
10035.00000 0.1233
10036.00000 0.1229
10037.00000 0.1226
10038.00000 0.1223
10039.00000 0.1219
10040.00000 0.1216
10041.00000 0.1213
10042.00000 0.121
10043.00000 0.1206
10044.00000 0.1203
10045.00000 0.12
10046.00000 0.1197
10047.00000 0.1193
10048.00000 0.119
10049.00000 0.1187
10050.00000 0.1184
10051.00000 0.118
10052.00000 0.1177
10053.00000 0.1174
10054.00000 0.117
10055.00000 0.1167
10056.00000 0.1164
10057.00000 0.1161
10058.00000 0.1157
10059.00000 0.1154
10060.00000 0.1151
10061.00000 0.1148
10062.00000 0.1144
10063.00000 0.1141
10064.00000 0.1138
10065.00000 0.1135
10066.00000 0.1131
10067.00000 0.1128
10068.00000 0.1125
10069.00000 0.1122
10070.00000 0.1118
10071.00000 0.1115
10072.00000 0.1112
10073.00000 0.1109
10074.00000 0.1105
10075.00000 0.1102
10076.00000 0.1099
10077.00000 0.1096
10078.00000 0.1092
10079.00000 0.1089
10080.00000 0.1086
10081.00000 0.1083
10082.00000 0.1079
10083.00000 0.1076
10084.00000 0.1073
10085.00000 0.107
10086.00000 0.1066
10087.00000 0.1063
10088.00000 0.106
10089.00000 0.1057
10090.00000 0.1054
10091.00000 0.105
10092.00000 0.1047
10093.00000 0.1044
10094.00000 0.1041
10095.00000 0.1037
10096.00000 0.1034
10097.00000 0.1031
10098.00000 0.1028
10099.00000 0.1024
10100.00000 0.1021
10101.00000 0.1018
10102.00000 0.1016
10103.00000 0.1013
10104.00000 0.101
10105.00000 0.1008
10106.00000 0.1005
10107.00000 0.1002
10108.00000 0.1
10109.00000 0.0997
10110.00000 0.0994
10111.00000 0.0992
10112.00000 0.0989
10113.00000 0.0986
10114.00000 0.0984
10115.00000 0.0981
10116.00000 0.0978
10117.00000 0.0976
10118.00000 0.0973
10119.00000 0.097
10120.00000 0.0968
10121.00000 0.0965
10122.00000 0.0962
10123.00000 0.096
10124.00000 0.0957
10125.00000 0.0954
10126.00000 0.0952
10127.00000 0.0949
10128.00000 0.0946
10129.00000 0.0944
10130.00000 0.0941
10131.00000 0.0938
10132.00000 0.0936
10133.00000 0.0933
10134.00000 0.093
10135.00000 0.0928
10136.00000 0.0925
10137.00000 0.0922
10138.00000 0.092
10139.00000 0.0917
10140.00000 0.0914
10141.00000 0.0912
10142.00000 0.0909
10143.00000 0.0906
10144.00000 0.0904
10145.00000 0.0901
10146.00000 0.0898
10147.00000 0.0896
10148.00000 0.0893
10149.00000 0.089
10150.00000 0.0888
10151.00000 0.0885
10152.00000 0.0882
10153.00000 0.088
10154.00000 0.0877
10155.00000 0.0874
10156.00000 0.0872
10157.00000 0.0869
10158.00000 0.0866
10159.00000 0.0864
10160.00000 0.0861
10161.00000 0.0858
10162.00000 0.0856
10163.00000 0.0853
10164.00000 0.085
10165.00000 0.0848
10166.00000 0.0845
10167.00000 0.0842
10168.00000 0.084
10169.00000 0.0837
10170.00000 0.0834
10171.00000 0.0832
10172.00000 0.0829
10173.00000 0.0826
10174.00000 0.0824
10175.00000 0.0821
10176.00000 0.0818
10177.00000 0.0816
10178.00000 0.0813
10179.00000 0.081
10180.00000 0.0808
10181.00000 0.0805
10182.00000 0.0802
10183.00000 0.08
10184.00000 0.0797
10185.00000 0.0795
10186.00000 0.0792
10187.00000 0.0789
10188.00000 0.0787
10189.00000 0.0784
10190.00000 0.0781
10191.00000 0.0779
10192.00000 0.0776
10193.00000 0.0773
10194.00000 0.0771
10195.00000 0.0768
10196.00000 0.0765
10197.00000 0.0763
10198.00000 0.076
10199.00000 0.0757
10200.00000 0.0755
10201.00000 0.0753
10202.00000 0.0751
10203.00000 0.0748
10204.00000 0.0746
10205.00000 0.0744
10206.00000 0.0742
10207.00000 0.074
10208.00000 0.0738
10209.00000 0.0736
10210.00000 0.0734
10211.00000 0.0732
10212.00000 0.073
10213.00000 0.0728
10214.00000 0.0725
10215.00000 0.0723
10216.00000 0.0721
10217.00000 0.0719
10218.00000 0.0717
10219.00000 0.0715
10220.00000 0.0713
10221.00000 0.0711
10222.00000 0.0709
10223.00000 0.0707
10224.00000 0.0705
10225.00000 0.0703
10226.00000 0.07
10227.00000 0.0698
10228.00000 0.0696
10229.00000 0.0694
10230.00000 0.0692
10231.00000 0.069
10232.00000 0.0688
10233.00000 0.0686
10234.00000 0.0684
10235.00000 0.0682
10236.00000 0.068
10237.00000 0.0678
10238.00000 0.0675
10239.00000 0.0673
10240.00000 0.0671
10241.00000 0.0669
10242.00000 0.0667
10243.00000 0.0665
10244.00000 0.0663
10245.00000 0.0661
10246.00000 0.0659
10247.00000 0.0657
10248.00000 0.0655
10249.00000 0.0653
10250.00000 0.065
10251.00000 0.0648
10252.00000 0.0646
10253.00000 0.0644
10254.00000 0.0642
10255.00000 0.064
10256.00000 0.0638
10257.00000 0.0636
10258.00000 0.0634
10259.00000 0.0632
10260.00000 0.063
10261.00000 0.0628
10262.00000 0.0626
10263.00000 0.0623
10264.00000 0.0621
10265.00000 0.0619
10266.00000 0.0617
10267.00000 0.0615
10268.00000 0.0613
10269.00000 0.0611
10270.00000 0.0609
10271.00000 0.0607
10272.00000 0.0605
10273.00000 0.0603
10274.00000 0.0601
10275.00000 0.0599
10276.00000 0.0596
10277.00000 0.0594
10278.00000 0.0592
10279.00000 0.059
10280.00000 0.0588
10281.00000 0.0586
10282.00000 0.0584
10283.00000 0.0582
10284.00000 0.058
10285.00000 0.0578
10286.00000 0.0576
10287.00000 0.0574
10288.00000 0.0572
10289.00000 0.0569
10290.00000 0.0567
10291.00000 0.0565
10292.00000 0.0563
10293.00000 0.0561
10294.00000 0.0559
10295.00000 0.0557
10296.00000 0.0555
10297.00000 0.0553
10298.00000 0.0551
10299.00000 0.0549
10300.00000 0.0547
10301.00000 0.0545
10302.00000 0.0543
10303.00000 0.0541
10304.00000 0.054
10305.00000 0.0538
10306.00000 0.0536
10307.00000 0.0535
10308.00000 0.0533
10309.00000 0.0531
10310.00000 0.053
10311.00000 0.0528
10312.00000 0.0526
10313.00000 0.0524
10314.00000 0.0523
10315.00000 0.0521
10316.00000 0.0519
10317.00000 0.0518
10318.00000 0.0516
10319.00000 0.0514
10320.00000 0.0513
10321.00000 0.0511
10322.00000 0.0509
10323.00000 0.0507
10324.00000 0.0506
10325.00000 0.0504
10326.00000 0.0502
10327.00000 0.0501
10328.00000 0.0499
10329.00000 0.0497
10330.00000 0.0496
10331.00000 0.0494
10332.00000 0.0492
10333.00000 0.0491
10334.00000 0.0489
10335.00000 0.0487
10336.00000 0.0485
10337.00000 0.0484
10338.00000 0.0482
10339.00000 0.048
10340.00000 0.0479
10341.00000 0.0477
10342.00000 0.0475
10343.00000 0.0474
10344.00000 0.0472
10345.00000 0.047
10346.00000 0.0468
10347.00000 0.0467
10348.00000 0.0465
10349.00000 0.0463
10350.00000 0.0462
10351.00000 0.046
10352.00000 0.0458
10353.00000 0.0457
10354.00000 0.0455
10355.00000 0.0453
10356.00000 0.0452
10357.00000 0.045
10358.00000 0.0448
10359.00000 0.0446
10360.00000 0.0445
10361.00000 0.0443
10362.00000 0.0441
10363.00000 0.044
10364.00000 0.0438
10365.00000 0.0436
10366.00000 0.0435
10367.00000 0.0433
10368.00000 0.0431
10369.00000 0.0429
10370.00000 0.0428
10371.00000 0.0426
10372.00000 0.0424
10373.00000 0.0423
10374.00000 0.0421
10375.00000 0.0419
10376.00000 0.0418
10377.00000 0.0416
10378.00000 0.0414
10379.00000 0.0413
10380.00000 0.0411
10381.00000 0.0409
10382.00000 0.0407
10383.00000 0.0406
10384.00000 0.0404
10385.00000 0.0402
10386.00000 0.0401
10387.00000 0.0399
10388.00000 0.0397
10389.00000 0.0396
10390.00000 0.0394
10391.00000 0.0392
10392.00000 0.039
10393.00000 0.0389
10394.00000 0.0387
10395.00000 0.0385
10396.00000 0.0384
10397.00000 0.0382
10398.00000 0.038
10399.00000 0.0379
10400.00000 0.0377
10401.00000 0.0376
10402.00000 0.0374
10403.00000 0.0373
10404.00000 0.0372
10405.00000 0.037
10406.00000 0.0369
10407.00000 0.0368
10408.00000 0.0366
10409.00000 0.0365
10410.00000 0.0364
10411.00000 0.0362
10412.00000 0.0361
10413.00000 0.036
10414.00000 0.0358
10415.00000 0.0357
10416.00000 0.0356
10417.00000 0.0355
10418.00000 0.0353
10419.00000 0.0352
10420.00000 0.0351
10421.00000 0.0349
10422.00000 0.0348
10423.00000 0.0347
10424.00000 0.0345
10425.00000 0.0344
10426.00000 0.0343
10427.00000 0.0341
10428.00000 0.034
10429.00000 0.0339
10430.00000 0.0337
10431.00000 0.0336
10432.00000 0.0335
10433.00000 0.0333
10434.00000 0.0332
10435.00000 0.0331
10436.00000 0.0329
10437.00000 0.0328
10438.00000 0.0327
10439.00000 0.0326
10440.00000 0.0324
10441.00000 0.0323
10442.00000 0.0322
10443.00000 0.032
10444.00000 0.0319
10445.00000 0.0318
10446.00000 0.0316
10447.00000 0.0315
10448.00000 0.0314
10449.00000 0.0312
10450.00000 0.0311
10451.00000 0.031
10452.00000 0.0308
10453.00000 0.0307
10454.00000 0.0306
10455.00000 0.0304
10456.00000 0.0303
10457.00000 0.0302
10458.00000 0.03
10459.00000 0.0299
10460.00000 0.0298
10461.00000 0.0297
10462.00000 0.0295
10463.00000 0.0294
10464.00000 0.0293
10465.00000 0.0291
10466.00000 0.029
10467.00000 0.0289
10468.00000 0.0287
10469.00000 0.0286
10470.00000 0.0285
10471.00000 0.0283
10472.00000 0.0282
10473.00000 0.0281
10474.00000 0.0279
10475.00000 0.0278
10476.00000 0.0277
10477.00000 0.0275
10478.00000 0.0274
10479.00000 0.0273
10480.00000 0.0271
10481.00000 0.027
10482.00000 0.0269
10483.00000 0.0268
10484.00000 0.0266
10485.00000 0.0265
10486.00000 0.0264
10487.00000 0.0262
10488.00000 0.0261
10489.00000 0.026
10490.00000 0.0258
10491.00000 0.0257
10492.00000 0.0256
10493.00000 0.0254
10494.00000 0.0253
10495.00000 0.0252
10496.00000 0.025
10497.00000 0.0249
10498.00000 0.0248
10499.00000 0.0246
10500.00000 0.0245
10501.00000 0.0244
10502.00000 0.0243
10503.00000 0.0242
10504.00000 0.0241
10505.00000 0.024
10506.00000 0.024
10507.00000 0.0239
10508.00000 0.0238
10509.00000 0.0237
10510.00000 0.0236
10511.00000 0.0235
10512.00000 0.0234
10513.00000 0.0233
10514.00000 0.0232
10515.00000 0.0231
10516.00000 0.023
10517.00000 0.0229
10518.00000 0.0228
10519.00000 0.0227
10520.00000 0.0226
10521.00000 0.0225
10522.00000 0.0224
10523.00000 0.0224
10524.00000 0.0223
10525.00000 0.0222
10526.00000 0.0221
10527.00000 0.022
10528.00000 0.0219
10529.00000 0.0218
10530.00000 0.0217
10531.00000 0.0216
10532.00000 0.0215
10533.00000 0.0214
10534.00000 0.0213
10535.00000 0.0212
10536.00000 0.0211
10537.00000 0.021
10538.00000 0.0209
10539.00000 0.0208
10540.00000 0.0208
10541.00000 0.0207
10542.00000 0.0206
10543.00000 0.0205
10544.00000 0.0204
10545.00000 0.0203
10546.00000 0.0202
10547.00000 0.0201
10548.00000 0.02
10549.00000 0.0199
10550.00000 0.0198
10551.00000 0.0197
10552.00000 0.0196
10553.00000 0.0195
10554.00000 0.0194
10555.00000 0.0193
10556.00000 0.0192
10557.00000 0.0192
10558.00000 0.0191
10559.00000 0.019
10560.00000 0.0189
10561.00000 0.0188
10562.00000 0.0187
10563.00000 0.0186
10564.00000 0.0185
10565.00000 0.0184
10566.00000 0.0183
10567.00000 0.0182
10568.00000 0.0181
10569.00000 0.018
10570.00000 0.0179
10571.00000 0.0178
10572.00000 0.0177
10573.00000 0.0176
10574.00000 0.0176
10575.00000 0.0175
10576.00000 0.0174
10577.00000 0.0173
10578.00000 0.0172
10579.00000 0.0171
10580.00000 0.017
10581.00000 0.0169
10582.00000 0.0168
10583.00000 0.0167
10584.00000 0.0166
10585.00000 0.0165
10586.00000 0.0164
10587.00000 0.0163
10588.00000 0.0162
10589.00000 0.0161
10590.00000 0.016
10591.00000 0.016
10592.00000 0.0159
10593.00000 0.0158
10594.00000 0.0157
10595.00000 0.0156
10596.00000 0.0155
10597.00000 0.0154
10598.00000 0.0153
10599.00000 0.0152
10600.00000 0.0151
10601.00000 0.015
10602.00000 0.015
10603.00000 0.0149
10604.00000 0.0148
10605.00000 0.0148
10606.00000 0.0147
10607.00000 0.0146
10608.00000 0.0146
10609.00000 0.0145
10610.00000 0.0144
10611.00000 0.0144
10612.00000 0.0143
10613.00000 0.0142
10614.00000 0.0142
10615.00000 0.0141
10616.00000 0.0141
10617.00000 0.014
10618.00000 0.0139
10619.00000 0.0139
10620.00000 0.0138
10621.00000 0.0137
10622.00000 0.0137
10623.00000 0.0136
10624.00000 0.0135
10625.00000 0.0135
10626.00000 0.0134
10627.00000 0.0133
10628.00000 0.0133
10629.00000 0.0132
10630.00000 0.0131
10631.00000 0.0131
10632.00000 0.013
10633.00000 0.0129
10634.00000 0.0129
10635.00000 0.0128
10636.00000 0.0127
10637.00000 0.0127
10638.00000 0.0126
10639.00000 0.0125
10640.00000 0.0125
10641.00000 0.0124
10642.00000 0.0123
10643.00000 0.0123
10644.00000 0.0122
10645.00000 0.0121
10646.00000 0.0121
10647.00000 0.012
10648.00000 0.0119
10649.00000 0.0119
10650.00000 0.0118
10651.00000 0.0117
10652.00000 0.0117
10653.00000 0.0116
10654.00000 0.0115
10655.00000 0.0115
10656.00000 0.0114
10657.00000 0.0114
10658.00000 0.0113
10659.00000 0.0112
