threeML/data/optical_filters/OAJ/JPAS-J0780.ecsv
# %ECSV 0.9
# ---
# datatype:
# - {name: wavelength, unit: Angstrom, datatype: float32}
# - {name: response, datatype: float32}
# meta: !!omap
# - {band_name: J0780}
# - {group_name: JPAS}
wavelength response
6912.89990 0.0
7681.00000 0.0001
7682.00000 0.0001
7683.00000 0.0001
7684.00000 0.0001
7685.00000 0.0001
7686.00000 0.0001
7687.00000 0.0001
7688.00000 0.0001
7689.00000 0.0002
7690.00000 0.0002
7691.00000 0.0002
7692.00000 0.0002
7693.00000 0.0003
7694.00000 0.0003
7695.00000 0.0004
7696.00000 0.0004
7697.00000 0.0004
7698.00000 0.0005
7699.00000 0.0006
7700.00000 0.0007
7701.00000 0.0008
7702.00000 0.0009
7703.00000 0.0011
7704.00000 0.0012
7705.00000 0.0014
7706.00000 0.0016
7707.00000 0.0018
7708.00000 0.002
7709.00000 0.0024
7710.00000 0.0028
7711.00000 0.0033
7712.00000 0.0039
7713.00000 0.0046
7714.00000 0.0054
7715.00000 0.0063
7716.00000 0.0076
7717.00000 0.0089
7718.00000 0.0107
7719.00000 0.0124
7720.00000 0.0149
7721.00000 0.0179
7722.00000 0.0215
7723.00000 0.026
7724.00000 0.0311
7725.00000 0.0381
7726.00000 0.0468
7727.00000 0.057
7728.00000 0.0695
7729.00000 0.0859
7730.00000 0.1044
7731.00000 0.1277
7732.00000 0.1532
7733.00000 0.1863
7734.00000 0.2248
7735.00000 0.2708
7736.00000 0.3219
7737.00000 0.3772
7738.00000 0.4442
7739.00000 0.507
7740.00000 0.5715
7741.00000 0.6275
7742.00000 0.6867
7743.00000 0.7298
7744.00000 0.7699
7745.00000 0.7999
7746.00000 0.8239
7747.00000 0.8454
7748.00000 0.8574
7749.00000 0.8657
7750.00000 0.8711
7751.00000 0.874
7752.00000 0.8746
7753.00000 0.8756
7754.00000 0.8748
7755.00000 0.8766
7756.00000 0.8765
7757.00000 0.877
7758.00000 0.8774
7759.00000 0.8778
7760.00000 0.8772
7761.00000 0.8798
7762.00000 0.8781
7763.00000 0.8799
7764.00000 0.8809
7765.00000 0.8784
7766.00000 0.8804
7767.00000 0.8796
7768.00000 0.8794
7769.00000 0.8787
7770.00000 0.8798
7771.00000 0.8801
7772.00000 0.881
7773.00000 0.8808
7774.00000 0.8794
7775.00000 0.8805
7776.00000 0.8814
7777.00000 0.879
7778.00000 0.881
7779.00000 0.8811
7780.00000 0.8806
7781.00000 0.8792
7782.00000 0.8794
7783.00000 0.8794
7784.00000 0.8797
7785.00000 0.8806
7786.00000 0.8806
7787.00000 0.8825
7788.00000 0.8821
7789.00000 0.8813
7790.00000 0.8814
7791.00000 0.8802
7792.00000 0.8802
7793.00000 0.8804
7794.00000 0.8811
7795.00000 0.8809
7796.00000 0.883
7797.00000 0.8813
7798.00000 0.8817
7799.00000 0.8814
7800.00000 0.8823
7801.00000 0.8819
7802.00000 0.8806
7803.00000 0.8807
7804.00000 0.8817
7805.00000 0.8799
7806.00000 0.8798
7807.00000 0.8803
7808.00000 0.8813
7809.00000 0.881
7810.00000 0.8794
7811.00000 0.8822
7812.00000 0.8792
7813.00000 0.8781
7814.00000 0.8778
7815.00000 0.8769
7816.00000 0.8759
7817.00000 0.8748
7818.00000 0.8729
7819.00000 0.8712
7820.00000 0.8716
7821.00000 0.8715
7822.00000 0.8694
7823.00000 0.8708
7824.00000 0.8665
7825.00000 0.8647
7826.00000 0.8649
7827.00000 0.8629
7828.00000 0.8608
7829.00000 0.8592
7830.00000 0.858
7831.00000 0.8579
7832.00000 0.8549
7833.00000 0.8557
7834.00000 0.8571
7835.00000 0.857
7836.00000 0.8558
7837.00000 0.8579
7838.00000 0.8581
7839.00000 0.8603
7840.00000 0.8606
7841.00000 0.859
7842.00000 0.8632
7843.00000 0.8627
7844.00000 0.863
7845.00000 0.8662
7846.00000 0.8666
7847.00000 0.8668
7848.00000 0.8703
7849.00000 0.8701
7850.00000 0.8694
7851.00000 0.8677
7852.00000 0.8687
7853.00000 0.8671
7854.00000 0.8671
7855.00000 0.8651
7856.00000 0.8647
7857.00000 0.8632
7858.00000 0.8602
7859.00000 0.8587
7860.00000 0.8574
7861.00000 0.8556
7862.00000 0.8555
7863.00000 0.8552
7864.00000 0.8588
7865.00000 0.86
7866.00000 0.8595
7867.00000 0.8594
7868.00000 0.8608
7869.00000 0.8598
7870.00000 0.8545
7871.00000 0.8456
7872.00000 0.8318
7873.00000 0.8086
7874.00000 0.7733
7875.00000 0.7308
7876.00000 0.6758
7877.00000 0.6088
7878.00000 0.5443
7879.00000 0.4705
7880.00000 0.4064
7881.00000 0.3379
7882.00000 0.284
7883.00000 0.233
7884.00000 0.1924
7885.00000 0.1555
7886.00000 0.1267
7887.00000 0.1024
7888.00000 0.0821
7889.00000 0.0673
7890.00000 0.054
7891.00000 0.0448
7892.00000 0.0362
7893.00000 0.0302
7894.00000 0.025
7895.00000 0.0208
7896.00000 0.0172
7897.00000 0.0145
7898.00000 0.0123
7899.00000 0.0101
7900.00000 0.0087
7901.00000 0.0072
7902.00000 0.0062
7903.00000 0.0051
7904.00000 0.0045
7905.00000 0.0038
7906.00000 0.0033
7907.00000 0.0028
7908.00000 0.0025
7909.00000 0.0021
7910.00000 0.0018
7911.00000 0.0016
7912.00000 0.0015
7913.00000 0.0012
7914.00000 0.0011
7915.00000 0.001
7916.00000 0.0008
7917.00000 0.0007
7918.00000 0.0006
7919.00000 0.0006
7920.00000 0.0005
7921.00000 0.0005
7922.00000 0.0004
7923.00000 0.0004
7924.00000 0.0003
7925.00000 0.0003
7926.00000 0.0002
7927.00000 0.0002
7928.00000 0.0002
7929.00000 0.0002
7930.00000 0.0002
7931.00000 0.0001
7932.00000 0.0001
7933.00000 0.0001
7934.00000 0.0001
7935.00000 0.0001
7936.00000 0.0001
7937.00000 0.0001
7938.00000 0.0001
8731.79980 0.0
