threeML/data/optical_filters/OAJ/JPAS-J0670.ecsv
# %ECSV 0.9
# ---
# datatype:
# - {name: wavelength, unit: Angstrom, datatype: float32}
# - {name: response, datatype: float32}
# meta: !!omap
# - {band_name: J0670}
# - {group_name: JPAS}
wavelength response
5919.29980 0.0
6577.00000 0.0001
6578.00000 0.0001
6579.00000 0.0001
6580.00000 0.0001
6581.00000 0.0001
6582.00000 0.0001
6583.00000 0.0001
6584.00000 0.0001
6585.00000 0.0001
6586.00000 0.0002
6587.00000 0.0002
6588.00000 0.0002
6589.00000 0.0002
6590.00000 0.0002
6591.00000 0.0003
6592.00000 0.0003
6593.00000 0.0003
6594.00000 0.0004
6595.00000 0.0004
6596.00000 0.0005
6597.00000 0.0005
6598.00000 0.0006
6599.00000 0.0007
6600.00000 0.0008
6601.00000 0.0009
6602.00000 0.001
6603.00000 0.0011
6604.00000 0.0013
6605.00000 0.0014
6606.00000 0.0016
6607.00000 0.0019
6608.00000 0.0021
6609.00000 0.0025
6610.00000 0.0028
6611.00000 0.0033
6612.00000 0.0037
6613.00000 0.0043
6614.00000 0.005
6615.00000 0.0059
6616.00000 0.0068
6617.00000 0.0079
6618.00000 0.0093
6619.00000 0.0109
6620.00000 0.0129
6621.00000 0.0151
6622.00000 0.0182
6623.00000 0.0215
6624.00000 0.0258
6625.00000 0.0306
6626.00000 0.0367
6627.00000 0.0442
6628.00000 0.0535
6629.00000 0.0645
6630.00000 0.0779
6631.00000 0.0952
6632.00000 0.114
6633.00000 0.139
6634.00000 0.1664
6635.00000 0.2042
6636.00000 0.2418
6637.00000 0.2884
6638.00000 0.3361
6639.00000 0.3927
6640.00000 0.4512
6641.00000 0.5133
6642.00000 0.5735
6643.00000 0.6304
6644.00000 0.687
6645.00000 0.7314
6646.00000 0.7723
6647.00000 0.8026
6648.00000 0.8291
6649.00000 0.846
6650.00000 0.8579
6651.00000 0.865
6652.00000 0.8691
6653.00000 0.8704
6654.00000 0.8699
6655.00000 0.8698
6656.00000 0.8686
6657.00000 0.8676
6658.00000 0.8668
6659.00000 0.8655
6660.00000 0.8658
6661.00000 0.8653
6662.00000 0.8659
6663.00000 0.8657
6664.00000 0.8668
6665.00000 0.8675
6666.00000 0.8678
6667.00000 0.8688
6668.00000 0.8698
6669.00000 0.8701
6670.00000 0.8707
6671.00000 0.8717
6672.00000 0.872
6673.00000 0.8729
6674.00000 0.8729
6675.00000 0.8729
6676.00000 0.8726
6677.00000 0.8735
6678.00000 0.8738
6679.00000 0.8739
6680.00000 0.8742
6681.00000 0.8734
6682.00000 0.8742
6683.00000 0.8742
6684.00000 0.8739
6685.00000 0.875
6686.00000 0.8742
6687.00000 0.8743
6688.00000 0.8741
6689.00000 0.8741
6690.00000 0.8748
6691.00000 0.8749
6692.00000 0.875
6693.00000 0.8746
6694.00000 0.8742
6695.00000 0.8741
6696.00000 0.8741
6697.00000 0.8748
6698.00000 0.8745
6699.00000 0.8746
6700.00000 0.874
6701.00000 0.8739
6702.00000 0.8738
6703.00000 0.8742
6704.00000 0.8739
6705.00000 0.8732
6706.00000 0.8733
6707.00000 0.8742
6708.00000 0.873
6709.00000 0.873
6710.00000 0.8732
6711.00000 0.8728
6712.00000 0.8728
6713.00000 0.8722
6714.00000 0.8723
6715.00000 0.8721
6716.00000 0.8719
6717.00000 0.8721
6718.00000 0.8712
6719.00000 0.8717
6720.00000 0.871
6721.00000 0.871
6722.00000 0.8706
6723.00000 0.87
6724.00000 0.87
6725.00000 0.8697
6726.00000 0.8698
6727.00000 0.8686
6728.00000 0.8688
6729.00000 0.8684
6730.00000 0.8694
6731.00000 0.8683
6732.00000 0.8687
6733.00000 0.8686
6734.00000 0.8683
6735.00000 0.8688
6736.00000 0.8698
6737.00000 0.8702
6738.00000 0.8701
6739.00000 0.8711
6740.00000 0.8718
6741.00000 0.8722
6742.00000 0.8726
6743.00000 0.8745
6744.00000 0.8754
6745.00000 0.8764
6746.00000 0.878
6747.00000 0.8786
6748.00000 0.8799
6749.00000 0.8805
6750.00000 0.8817
6751.00000 0.8828
6752.00000 0.8835
6753.00000 0.884
6754.00000 0.8843
6755.00000 0.8857
6756.00000 0.8853
6757.00000 0.8853
6758.00000 0.8851
6759.00000 0.8847
6760.00000 0.8849
6761.00000 0.8848
6762.00000 0.8844
6763.00000 0.8839
6764.00000 0.8836
6765.00000 0.8828
6766.00000 0.8838
6767.00000 0.8844
6768.00000 0.8854
6769.00000 0.8866
6770.00000 0.8877
6771.00000 0.8895
6772.00000 0.8897
6773.00000 0.8898
6774.00000 0.8883
6775.00000 0.8852
6776.00000 0.878
6777.00000 0.8678
6778.00000 0.8511
6779.00000 0.8302
6780.00000 0.8008
6781.00000 0.7657
6782.00000 0.7191
6783.00000 0.6679
6784.00000 0.6117
6785.00000 0.5513
6786.00000 0.493
6787.00000 0.4269
6788.00000 0.37
6789.00000 0.3132
6790.00000 0.2672
6791.00000 0.2227
6792.00000 0.1868
6793.00000 0.1549
6794.00000 0.1299
6795.00000 0.1078
6796.00000 0.0892
6797.00000 0.0747
6798.00000 0.0623
6799.00000 0.0525
6800.00000 0.0433
6801.00000 0.0365
6802.00000 0.0304
6803.00000 0.0259
6804.00000 0.0218
6805.00000 0.0187
6806.00000 0.0158
6807.00000 0.0136
6808.00000 0.0116
6809.00000 0.0099
6810.00000 0.0086
6811.00000 0.0074
6812.00000 0.0065
6813.00000 0.0055
6814.00000 0.0049
6815.00000 0.0042
6816.00000 0.0037
6817.00000 0.0032
6818.00000 0.0028
6819.00000 0.0025
6820.00000 0.0022
6821.00000 0.0019
6822.00000 0.0017
6823.00000 0.0015
6824.00000 0.0013
6825.00000 0.0012
6826.00000 0.0011
6827.00000 0.0009
6828.00000 0.0008
6829.00000 0.0008
6830.00000 0.0006
6831.00000 0.0006
6832.00000 0.0005
6833.00000 0.0005
6834.00000 0.0004
6835.00000 0.0004
6836.00000 0.0003
6837.00000 0.0003
6838.00000 0.0003
6839.00000 0.0003
6840.00000 0.0002
6841.00000 0.0002
6842.00000 0.0002
6843.00000 0.0002
6844.00000 0.0002
6845.00000 0.0001
6846.00000 0.0001
6847.00000 0.0001
6848.00000 0.0001
6849.00000 0.0001
6850.00000 0.0001
6851.00000 0.0001
6852.00000 0.0001
6853.00000 0.0001
6854.00000 0.0001
7539.39990 0.0
