threeML/data/optical_filters/OAJ/JPAS-J0830.ecsv
# %ECSV 0.9
# ---
# datatype:
# - {name: wavelength, unit: Angstrom, datatype: float32}
# - {name: response, datatype: float32}
# meta: !!omap
# - {band_name: J0830}
# - {group_name: JPAS}
wavelength response
7366.50000 0.0
8185.00000 0.0001
8186.00000 0.0
8187.00000 0.0001
8188.00000 0.0001
8189.00000 0.0001
8190.00000 0.0001
8191.00000 0.0001
8192.00000 0.0001
8193.00000 0.0001
8194.00000 0.0001
8195.00000 0.0001
8196.00000 0.0002
8197.00000 0.0002
8198.00000 0.0002
8199.00000 0.0002
8200.00000 0.0002
8201.00000 0.0003
8202.00000 0.0003
8203.00000 0.0004
8204.00000 0.0004
8205.00000 0.0005
8206.00000 0.0006
8207.00000 0.0007
8208.00000 0.0007
8209.00000 0.0009
8210.00000 0.001
8211.00000 0.0011
8212.00000 0.0012
8213.00000 0.0015
8214.00000 0.0016
8215.00000 0.002
8216.00000 0.0023
8217.00000 0.0027
8218.00000 0.0031
8219.00000 0.0036
8220.00000 0.0042
8221.00000 0.0049
8222.00000 0.0059
8223.00000 0.007
8224.00000 0.0084
8225.00000 0.0099
8226.00000 0.0118
8227.00000 0.0144
8228.00000 0.0174
8229.00000 0.0208
8230.00000 0.0251
8231.00000 0.0305
8232.00000 0.0367
8233.00000 0.0455
8234.00000 0.0553
8235.00000 0.0686
8236.00000 0.0837
8237.00000 0.1042
8238.00000 0.1268
8239.00000 0.156
8240.00000 0.1871
8241.00000 0.2255
8242.00000 0.2723
8243.00000 0.322
8244.00000 0.3747
8245.00000 0.4294
8246.00000 0.4888
8247.00000 0.542
8248.00000 0.5923
8249.00000 0.6349
8250.00000 0.6704
8251.00000 0.6933
8252.00000 0.7117
8253.00000 0.7219
8254.00000 0.7323
8255.00000 0.7354
8256.00000 0.7366
8257.00000 0.7388
8258.00000 0.7367
8259.00000 0.7358
8260.00000 0.7353
8261.00000 0.7372
8262.00000 0.7369
8263.00000 0.7353
8264.00000 0.7375
8265.00000 0.7376
8266.00000 0.7416
8267.00000 0.7447
8268.00000 0.742
8269.00000 0.7438
8270.00000 0.746
8271.00000 0.7466
8272.00000 0.7465
8273.00000 0.7497
8274.00000 0.7505
8275.00000 0.7519
8276.00000 0.7533
8277.00000 0.7506
8278.00000 0.7544
8279.00000 0.7532
8280.00000 0.7507
8281.00000 0.7529
8282.00000 0.7548
8283.00000 0.7501
8284.00000 0.7527
8285.00000 0.7494
8286.00000 0.7541
8287.00000 0.7533
8288.00000 0.7541
8289.00000 0.7518
8290.00000 0.7557
8291.00000 0.7586
8292.00000 0.7572
8293.00000 0.7582
8294.00000 0.7597
8295.00000 0.7594
8296.00000 0.7606
8297.00000 0.7616
8298.00000 0.7627
8299.00000 0.7627
8300.00000 0.764
8301.00000 0.7657
8302.00000 0.7661
8303.00000 0.7662
8304.00000 0.771
8305.00000 0.7692
8306.00000 0.7718
8307.00000 0.7728
8308.00000 0.7754
8309.00000 0.773
8310.00000 0.7739
8311.00000 0.7762
8312.00000 0.7799
8313.00000 0.7753
8314.00000 0.7805
8315.00000 0.7796
8316.00000 0.7811
8317.00000 0.7799
8318.00000 0.7813
8319.00000 0.7803
8320.00000 0.7766
8321.00000 0.7826
8322.00000 0.7811
8323.00000 0.7853
8324.00000 0.7886
8325.00000 0.7853
8326.00000 0.7835
8327.00000 0.7861
8328.00000 0.7837
8329.00000 0.7853
8330.00000 0.7879
8331.00000 0.7864
8332.00000 0.7864
8333.00000 0.7876
8334.00000 0.7895
8335.00000 0.787
8336.00000 0.7865
8337.00000 0.7898
8338.00000 0.7876
8339.00000 0.7905
8340.00000 0.7922
8341.00000 0.7856
8342.00000 0.7895
8343.00000 0.7906
8344.00000 0.7907
8345.00000 0.7887
8346.00000 0.7899
8347.00000 0.7896
8348.00000 0.7883
8349.00000 0.7956
8350.00000 0.7892
8351.00000 0.7919
8352.00000 0.7917
8353.00000 0.7894
8354.00000 0.7898
8355.00000 0.7938
8356.00000 0.7904
8357.00000 0.7874
8358.00000 0.7915
8359.00000 0.792
8360.00000 0.788
8361.00000 0.79
8362.00000 0.7909
8363.00000 0.7889
8364.00000 0.7905
8365.00000 0.7861
8366.00000 0.7893
8367.00000 0.7832
8368.00000 0.7837
8369.00000 0.7828
8370.00000 0.7818
8371.00000 0.782
8372.00000 0.7842
8373.00000 0.7789
8374.00000 0.7851
8375.00000 0.7856
8376.00000 0.7875
8377.00000 0.7879
8378.00000 0.7892
8379.00000 0.786
8380.00000 0.7849
8381.00000 0.7805
8382.00000 0.7739
8383.00000 0.7601
8384.00000 0.7419
8385.00000 0.7158
8386.00000 0.6864
8387.00000 0.6483
8388.00000 0.6044
8389.00000 0.5462
8390.00000 0.4946
8391.00000 0.4365
8392.00000 0.3848
8393.00000 0.3298
8394.00000 0.2798
8395.00000 0.2352
8396.00000 0.199
8397.00000 0.1631
8398.00000 0.135
8399.00000 0.1122
8400.00000 0.0925
8401.00000 0.0765
8402.00000 0.0622
8403.00000 0.0515
8404.00000 0.0426
8405.00000 0.0357
8406.00000 0.0295
8407.00000 0.0252
8408.00000 0.0213
8409.00000 0.0174
8410.00000 0.0148
8411.00000 0.0123
8412.00000 0.0104
8413.00000 0.0089
8414.00000 0.0076
8415.00000 0.0066
8416.00000 0.0058
8417.00000 0.0048
8418.00000 0.0043
8419.00000 0.0037
8420.00000 0.0031
8421.00000 0.0025
8422.00000 0.0024
8423.00000 0.0021
8424.00000 0.0018
8425.00000 0.0016
8426.00000 0.0013
8427.00000 0.0012
8428.00000 0.001
8429.00000 0.001
8430.00000 0.001
8431.00000 0.0007
8432.00000 0.0006
8433.00000 0.0005
8434.00000 0.0005
8435.00000 0.0005
8436.00000 0.0004
8437.00000 0.0004
8438.00000 0.0003
8439.00000 0.0003
8440.00000 0.0003
8441.00000 0.0002
8442.00000 0.0002
8443.00000 0.0003
8444.00000 0.0001
8445.00000 0.0001
8446.00000 0.0001
8447.00000 0.0001
8448.00000 0.0001
8449.00000 0.0001
8450.00000 0.0001
9295.00000 0.0
