threeML/data/optical_filters/OAJ/JPAS-J1007.ecsv
# %ECSV 0.9
# ---
# datatype:
# - {name: wavelength, unit: Angstrom, datatype: float32}
# - {name: response, datatype: float32}
# meta: !!omap
# - {band_name: J1007}
# - {group_name: JPAS}
wavelength response
[from data line 1761]
10661.00000 0.0111
10662.00000 0.011
10663.00000 0.011
10664.00000 0.0109
10665.00000 0.0108
10666.00000 0.0108
10667.00000 0.0107
10668.00000 0.0106
10669.00000 0.0106
10670.00000 0.0105
10671.00000 0.0104
10672.00000 0.0104
10673.00000 0.0103
10674.00000 0.0102
10675.00000 0.0102
10676.00000 0.0101
10677.00000 0.01
10678.00000 0.01
10679.00000 0.0099
10680.00000 0.0098
10681.00000 0.0098
10682.00000 0.0097
10683.00000 0.0096
10684.00000 0.0096
10685.00000 0.0095
10686.00000 0.0094
10687.00000 0.0094
10688.00000 0.0093
10689.00000 0.0092
10690.00000 0.0092
10691.00000 0.0091
10692.00000 0.009
10693.00000 0.009
10694.00000 0.0089
10695.00000 0.0088
10696.00000 0.0088
10697.00000 0.0087
10698.00000 0.0086
10699.00000 0.0086
10700.00000 0.0085
10701.00000 0.0085
10702.00000 0.0084
10703.00000 0.0084
10704.00000 0.0084
10705.00000 0.0083
10706.00000 0.0083
10707.00000 0.0082
10708.00000 0.0082
10709.00000 0.0082
10710.00000 0.0081
10711.00000 0.0081
10712.00000 0.0081
10713.00000 0.008
10714.00000 0.008
10715.00000 0.0079
10716.00000 0.0079
10717.00000 0.0079
10718.00000 0.0078
10719.00000 0.0078
10720.00000 0.0078
10721.00000 0.0077
10722.00000 0.0077
10723.00000 0.0076
10724.00000 0.0076
10725.00000 0.0076
10726.00000 0.0075
10727.00000 0.0075
10728.00000 0.0075
10729.00000 0.0074
10730.00000 0.0074
10731.00000 0.0073
10732.00000 0.0073
10733.00000 0.0073
10734.00000 0.0072
10735.00000 0.0072
10736.00000 0.0072
10737.00000 0.0071
10738.00000 0.0071
10739.00000 0.007
10740.00000 0.007
10741.00000 0.007
10742.00000 0.0069
10743.00000 0.0069
10744.00000 0.0069
10745.00000 0.0068
10746.00000 0.0068
10747.00000 0.0067
10748.00000 0.0067
10749.00000 0.0067
10750.00000 0.0066
10751.00000 0.0066
10752.00000 0.0066
10753.00000 0.0065
10754.00000 0.0065
10755.00000 0.0064
10756.00000 0.0064
10757.00000 0.0064
10758.00000 0.0063
10759.00000 0.0063
10760.00000 0.0063
10761.00000 0.0062
10762.00000 0.0062
10763.00000 0.0061
10764.00000 0.0061
10765.00000 0.0061
10766.00000 0.006
10767.00000 0.006
10768.00000 0.0059
10769.00000 0.0059
10770.00000 0.0059
10771.00000 0.0058
10772.00000 0.0058
10773.00000 0.0058
10774.00000 0.0057
10775.00000 0.0057
10776.00000 0.0056
10777.00000 0.0056
10778.00000 0.0056
10779.00000 0.0055
10780.00000 0.0055
10781.00000 0.0055
10782.00000 0.0054
10783.00000 0.0054
10784.00000 0.0053
10785.00000 0.0053
10786.00000 0.0053
10787.00000 0.0052
10788.00000 0.0052
10789.00000 0.0052
10790.00000 0.0051
10791.00000 0.0051
10792.00000 0.005
10793.00000 0.005
10794.00000 0.005
10795.00000 0.0049
10796.00000 0.0049
10797.00000 0.0049
10798.00000 0.0048
10799.00000 0.0048
10800.00000 0.0047
10801.00000 0.0047
10802.00000 0.0047
10803.00000 0.0047
10804.00000 0.0047
10805.00000 0.0046
10806.00000 0.0046
10807.00000 0.0046
10808.00000 0.0046
10809.00000 0.0046
10810.00000 0.0046
10811.00000 0.0045
10812.00000 0.0045
10813.00000 0.0045
10814.00000 0.0045
10815.00000 0.0045
10816.00000 0.0044
10817.00000 0.0044
10818.00000 0.0044
10819.00000 0.0044
10820.00000 0.0044
10821.00000 0.0043
10822.00000 0.0043
10823.00000 0.0043
10824.00000 0.0043
10825.00000 0.0043
10826.00000 0.0042
10827.00000 0.0042
10828.00000 0.0042
10829.00000 0.0042
10830.00000 0.0042
10831.00000 0.0042
10832.00000 0.0041
10833.00000 0.0041
10834.00000 0.0041
10835.00000 0.0041
10836.00000 0.0041
10837.00000 0.004
10838.00000 0.004
10839.00000 0.004
10840.00000 0.004
10841.00000 0.004
10842.00000 0.0039
10843.00000 0.0039
10844.00000 0.0039
10845.00000 0.0039
10846.00000 0.0039
10847.00000 0.0039
10848.00000 0.0038
10849.00000 0.0038
10850.00000 0.0038
10851.00000 0.0038
10852.00000 0.0038
10853.00000 0.0037
10854.00000 0.0037
10855.00000 0.0037
10856.00000 0.0037
10857.00000 0.0037
10858.00000 0.0036
10859.00000 0.0036
10860.00000 0.0036
10861.00000 0.0036
10862.00000 0.0036
10863.00000 0.0036
10864.00000 0.0035
10865.00000 0.0035
10866.00000 0.0035
10867.00000 0.0035
10868.00000 0.0035
10869.00000 0.0034
10870.00000 0.0034
10871.00000 0.0034
10872.00000 0.0034
10873.00000 0.0034
10874.00000 0.0033
10875.00000 0.0033
10876.00000 0.0033
10877.00000 0.0033
10878.00000 0.0033
10879.00000 0.0032
10880.00000 0.0032
10881.00000 0.0032
10882.00000 0.0032
10883.00000 0.0032
10884.00000 0.0032
10885.00000 0.0031
10886.00000 0.0031
10887.00000 0.0031
10888.00000 0.0031
10889.00000 0.0031
10890.00000 0.003
10891.00000 0.003
10892.00000 0.003
10893.00000 0.003
10894.00000 0.003
10895.00000 0.0029
10896.00000 0.0029
10897.00000 0.0029
10898.00000 0.0029
10899.00000 0.0029
10900.00000 0.0029
10901.00000 0.0028
10902.00000 0.0028
10903.00000 0.0028
10904.00000 0.0027
10905.00000 0.0027
10906.00000 0.0027
10907.00000 0.0027
10908.00000 0.0026
10909.00000 0.0026
10910.00000 0.0026
10911.00000 0.0025
10912.00000 0.0025
10913.00000 0.0025
10914.00000 0.0025
10915.00000 0.0024
10916.00000 0.0024
10917.00000 0.0024
10918.00000 0.0023
10919.00000 0.0023
10920.00000 0.0023
10921.00000 0.0023
10922.00000 0.0022
10923.00000 0.0022
10924.00000 0.0022
10925.00000 0.0021
10926.00000 0.0021
10927.00000 0.0021
10928.00000 0.0021
10929.00000 0.002
10930.00000 0.002
10931.00000 0.002
10932.00000 0.0019
10933.00000 0.0019
10934.00000 0.0019
10935.00000 0.0019
10936.00000 0.0018
10937.00000 0.0018
10938.00000 0.0018
10939.00000 0.0017
10940.00000 0.0017
10941.00000 0.0017
10942.00000 0.0017
10943.00000 0.0016
10944.00000 0.0016
10945.00000 0.0016
10946.00000 0.0015
10947.00000 0.0015
10948.00000 0.0015
10949.00000 0.0015
10950.00000 0.0014
10951.00000 0.0014
10952.00000 0.0014
10953.00000 0.0013
10954.00000 0.0013
10955.00000 0.0013
10956.00000 0.0013
10957.00000 0.0012
10958.00000 0.0012
10959.00000 0.0012
10960.00000 0.0011
10961.00000 0.0011
10962.00000 0.0011
10963.00000 0.0011
10964.00000 0.001
10965.00000 0.001
10966.00000 0.001
10967.00000 0.0009
10968.00000 0.0009
10969.00000 0.0009
10970.00000 0.0009
10971.00000 0.0008
10972.00000 0.0008
10973.00000 0.0008
10974.00000 0.0007
10975.00000 0.0007
10976.00000 0.0007
10977.00000 0.0007
10978.00000 0.0006
10979.00000 0.0006
10980.00000 0.0006
10981.00000 0.0005
10982.00000 0.0005
10983.00000 0.0005
10984.00000 0.0005
10985.00000 0.0004
10986.00000 0.0004
10987.00000 0.0004
10988.00000 0.0003
10989.00000 0.0003
10990.00000 0.0003
10991.00000 0.0003
10992.00000 0.0002
10993.00000 0.0002
10994.00000 0.0002
10995.00000 0.0001
10996.00000 0.0001
10997.00000 0.0001
10998.00000 0.0001
12097.79980 0.0
