threeML/data/optical_filters/OAJ/JPAS-J0510.ecsv
# %ECSV 0.9
# ---
# datatype:
# - {name: wavelength, unit: Angstrom, datatype: float32}
# - {name: response, datatype: float32}
# meta: !!omap
# - {band_name: J0510}
# - {group_name: JPAS}
wavelength response
4472.10010 0.0
4969.00000 0.0001
4970.00000 0.0001
4971.00000 0.0001
4972.00000 0.0001
4973.00000 0.0001
4974.00000 0.0001
4975.00000 0.0001
4976.00000 0.0001
4977.00000 0.0001
4978.00000 0.0001
4979.00000 0.0002
4980.00000 0.0002
4981.00000 0.0002
4982.00000 0.0002
4983.00000 0.0003
4984.00000 0.0003
4985.00000 0.0003
4986.00000 0.0004
4987.00000 0.0004
4988.00000 0.0005
4989.00000 0.0005
4990.00000 0.0006
4991.00000 0.0007
4992.00000 0.0008
4993.00000 0.0009
4994.00000 0.001
4995.00000 0.0012
4996.00000 0.0013
4997.00000 0.0015
4998.00000 0.0018
4999.00000 0.0021
5000.00000 0.0023
5001.00000 0.0027
5002.00000 0.0032
5003.00000 0.0037
5004.00000 0.0042
5005.00000 0.005
5006.00000 0.006
5007.00000 0.007
5008.00000 0.0082
5009.00000 0.0096
5010.00000 0.0115
5011.00000 0.0136
5012.00000 0.0161
5013.00000 0.0195
5014.00000 0.0239
5015.00000 0.0287
5016.00000 0.0349
5017.00000 0.0417
5018.00000 0.0504
5019.00000 0.0612
5020.00000 0.0749
5021.00000 0.0916
5022.00000 0.1105
5023.00000 0.1365
5024.00000 0.1665
5025.00000 0.2032
5026.00000 0.2411
5027.00000 0.2892
5028.00000 0.3367
5029.00000 0.3911
5030.00000 0.4415
5031.00000 0.4948
5032.00000 0.5459
5033.00000 0.5898
5034.00000 0.6283
5035.00000 0.6584
5036.00000 0.6831
5037.00000 0.699
5038.00000 0.71
5039.00000 0.7178
5040.00000 0.7251
5041.00000 0.7272
5042.00000 0.7292
5043.00000 0.7307
5044.00000 0.7307
5045.00000 0.7303
5046.00000 0.7299
5047.00000 0.7302
5048.00000 0.7318
5049.00000 0.7318
5050.00000 0.7312
5051.00000 0.7318
5052.00000 0.7329
5053.00000 0.7334
5054.00000 0.7342
5055.00000 0.7349
5056.00000 0.734
5057.00000 0.7333
5058.00000 0.7326
5059.00000 0.7326
5060.00000 0.7326
5061.00000 0.7332
5062.00000 0.732
5063.00000 0.7306
5064.00000 0.7294
5065.00000 0.7283
5066.00000 0.7275
5067.00000 0.7267
5068.00000 0.7267
5069.00000 0.7253
5070.00000 0.7246
5071.00000 0.7238
5072.00000 0.7235
5073.00000 0.7232
5074.00000 0.7238
5075.00000 0.7239
5076.00000 0.7231
5077.00000 0.7224
5078.00000 0.7228
5079.00000 0.7239
5080.00000 0.7244
5081.00000 0.7248
5082.00000 0.7248
5083.00000 0.7241
5084.00000 0.7243
5085.00000 0.7247
5086.00000 0.7264
5087.00000 0.7267
5088.00000 0.7267
5089.00000 0.7271
5090.00000 0.7267
5091.00000 0.7269
5092.00000 0.7284
5093.00000 0.7283
5094.00000 0.729
5095.00000 0.729
5096.00000 0.7289
5097.00000 0.7283
5098.00000 0.729
5099.00000 0.73
5100.00000 0.7299
5101.00000 0.7299
5102.00000 0.7297
5103.00000 0.7304
5104.00000 0.7294
5105.00000 0.731
5106.00000 0.7309
5107.00000 0.732
5108.00000 0.7315
5109.00000 0.731
5110.00000 0.7308
5111.00000 0.7308
5112.00000 0.7315
5113.00000 0.7319
5114.00000 0.7317
5115.00000 0.7318
5116.00000 0.7309
5117.00000 0.7306
5118.00000 0.7313
5119.00000 0.7315
5120.00000 0.7315
5121.00000 0.732
5122.00000 0.7316
5123.00000 0.7315
5124.00000 0.7313
5125.00000 0.7321
5126.00000 0.7324
5127.00000 0.7328
5128.00000 0.7327
5129.00000 0.7319
5130.00000 0.7328
5131.00000 0.7328
5132.00000 0.7337
5133.00000 0.7345
5134.00000 0.7345
5135.00000 0.7342
5136.00000 0.7344
5137.00000 0.7336
5138.00000 0.7339
5139.00000 0.7345
5140.00000 0.735
5141.00000 0.7356
5142.00000 0.734
5143.00000 0.7329
5144.00000 0.7316
5145.00000 0.7316
5146.00000 0.7321
5147.00000 0.7313
5148.00000 0.7296
5149.00000 0.7281
5150.00000 0.7264
5151.00000 0.726
5152.00000 0.7261
5153.00000 0.7252
5154.00000 0.7245
5155.00000 0.7239
5156.00000 0.7239
5157.00000 0.7239
5158.00000 0.7245
5159.00000 0.7252
5160.00000 0.7263
5161.00000 0.727
5162.00000 0.7264
5163.00000 0.726
5164.00000 0.7223
5165.00000 0.7181
5166.00000 0.7114
5167.00000 0.6997
5168.00000 0.6833
5169.00000 0.6628
5170.00000 0.6298
5171.00000 0.5939
5172.00000 0.5522
5173.00000 0.5116
5174.00000 0.4621
5175.00000 0.411
5176.00000 0.3599
5177.00000 0.313
5178.00000 0.2699
5179.00000 0.2287
5180.00000 0.1945
5181.00000 0.1618
5182.00000 0.1348
5183.00000 0.1107
5184.00000 0.0941
5185.00000 0.0791
5186.00000 0.0667
5187.00000 0.0552
5188.00000 0.0463
5189.00000 0.0393
5190.00000 0.0333
5191.00000 0.0283
5192.00000 0.0235
5193.00000 0.0202
5194.00000 0.017
5195.00000 0.0147
5196.00000 0.0126
5197.00000 0.011
5198.00000 0.0093
5199.00000 0.008
5200.00000 0.007
5201.00000 0.0061
5202.00000 0.0053
5203.00000 0.0046
5204.00000 0.004
5205.00000 0.0035
5206.00000 0.0031
5207.00000 0.0027
5208.00000 0.0024
5209.00000 0.0021
5210.00000 0.0019
5211.00000 0.0017
5212.00000 0.0015
5213.00000 0.0013
5214.00000 0.0012
5215.00000 0.001
5216.00000 0.0009
5217.00000 0.0008
5218.00000 0.0007
5219.00000 0.0007
5220.00000 0.0006
5221.00000 0.0006
5222.00000 0.0005
5223.00000 0.0004
5224.00000 0.0004
5225.00000 0.0004
5226.00000 0.0003
5227.00000 0.0003
5228.00000 0.0003
5229.00000 0.0002
5230.00000 0.0002
5231.00000 0.0002
5232.00000 0.0002
5233.00000 0.0002
5234.00000 0.0001
5235.00000 0.0001
5236.00000 0.0001
5237.00000 0.0001
5238.00000 0.0001
5239.00000 0.0001
5240.00000 0.0001
5241.00000 0.0001
5242.00000 0.0001
5243.00000 0.0001
5244.00000 0.0001
5245.00000 0.0001
5246.00000 0.0001
5770.60010 0.0
