threeML/data/optical_filters/OAJ/JPAS-J0820.ecsv
# %ECSV 0.9
# ---
# datatype:
# - {name: wavelength, unit: Angstrom, datatype: float32}
# - {name: response, datatype: float32}
# meta: !!omap
# - {band_name: J0820}
# - {group_name: JPAS}
wavelength response
7281.89990 0.0
8091.00000 0.0001
8092.00000 0.0001
8093.00000 0.0001
8094.00000 0.0001
8095.00000 0.0001
8096.00000 0.0001
8097.00000 0.0001
8098.00000 0.0001
8099.00000 0.0001
8100.00000 0.0002
8101.00000 0.0002
8102.00000 0.0002
8103.00000 0.0002
8104.00000 0.0003
8105.00000 0.0003
8106.00000 0.0003
8107.00000 0.0004
8108.00000 0.0004
8109.00000 0.0005
8110.00000 0.0005
8111.00000 0.0006
8112.00000 0.0007
8113.00000 0.0008
8114.00000 0.0009
8115.00000 0.001
8116.00000 0.0012
8117.00000 0.0014
8118.00000 0.0016
8119.00000 0.0018
8120.00000 0.0022
8121.00000 0.0026
8122.00000 0.0029
8123.00000 0.0034
8124.00000 0.0039
8125.00000 0.0047
8126.00000 0.0055
8127.00000 0.0066
8128.00000 0.008
8129.00000 0.01
8130.00000 0.0121
8131.00000 0.0144
8132.00000 0.0172
8133.00000 0.0211
8134.00000 0.0262
8135.00000 0.0315
8136.00000 0.0398
8137.00000 0.0503
8138.00000 0.0652
8139.00000 0.0795
8140.00000 0.0974
8141.00000 0.1194
8142.00000 0.153
8143.00000 0.1888
8144.00000 0.2298
8145.00000 0.2853
8146.00000 0.3547
8147.00000 0.4264
8148.00000 0.4794
8149.00000 0.5421
8150.00000 0.5993
8151.00000 0.6616
8152.00000 0.7028
8153.00000 0.7348
8154.00000 0.7592
8155.00000 0.7739
8156.00000 0.7772
8157.00000 0.7765
8158.00000 0.7732
8159.00000 0.7685
8160.00000 0.763
8161.00000 0.7593
8162.00000 0.7554
8163.00000 0.7527
8164.00000 0.7513
8165.00000 0.7513
8166.00000 0.752
8167.00000 0.7534
8168.00000 0.7572
8169.00000 0.7606
8170.00000 0.7645
8171.00000 0.7695
8172.00000 0.7743
8173.00000 0.778
8174.00000 0.7799
8175.00000 0.7816
8176.00000 0.7833
8177.00000 0.7841
8178.00000 0.7842
8179.00000 0.7835
8180.00000 0.7827
8181.00000 0.7813
8182.00000 0.7797
8183.00000 0.7781
8184.00000 0.7759
8185.00000 0.7734
8186.00000 0.7705
8187.00000 0.768
8188.00000 0.7658
8189.00000 0.7635
8190.00000 0.7621
8191.00000 0.7614
8192.00000 0.7608
8193.00000 0.7599
8194.00000 0.7594
8195.00000 0.7591
8196.00000 0.7586
8197.00000 0.7582
8198.00000 0.7578
8199.00000 0.7576
8200.00000 0.7577
8201.00000 0.7582
8202.00000 0.7593
8203.00000 0.7606
8204.00000 0.7619
8205.00000 0.7636
8206.00000 0.7654
8207.00000 0.7678
8208.00000 0.7694
8209.00000 0.7703
8210.00000 0.7711
8211.00000 0.7722
8212.00000 0.7726
8213.00000 0.7731
8214.00000 0.7736
8215.00000 0.7745
8216.00000 0.7751
8217.00000 0.7758
8218.00000 0.7763
8219.00000 0.7766
8220.00000 0.7772
8221.00000 0.7773
8222.00000 0.7779
8223.00000 0.7781
8224.00000 0.778
8225.00000 0.7779
8226.00000 0.7777
8227.00000 0.7777
8228.00000 0.7775
8229.00000 0.7773
8230.00000 0.7772
8231.00000 0.7775
8232.00000 0.7775
8233.00000 0.7776
8234.00000 0.778
8235.00000 0.7778
8236.00000 0.778
8237.00000 0.7782
8238.00000 0.7781
8239.00000 0.7782
8240.00000 0.7779
8241.00000 0.7777
8242.00000 0.7774
8243.00000 0.7772
8244.00000 0.7772
8245.00000 0.777
8246.00000 0.7771
8247.00000 0.7769
8248.00000 0.7764
8249.00000 0.7764
8250.00000 0.7762
8251.00000 0.7758
8252.00000 0.7754
8253.00000 0.7749
8254.00000 0.7743
8255.00000 0.7738
8256.00000 0.7735
8257.00000 0.7735
8258.00000 0.7738
8259.00000 0.7732
8260.00000 0.7733
8261.00000 0.7737
8262.00000 0.7729
8263.00000 0.7723
8264.00000 0.7716
8265.00000 0.7702
8266.00000 0.7683
8267.00000 0.766
8268.00000 0.7629
8269.00000 0.7604
8270.00000 0.7574
8271.00000 0.7536
8272.00000 0.7475
8273.00000 0.7419
8274.00000 0.7335
8275.00000 0.7237
8276.00000 0.7078
8277.00000 0.6924
8278.00000 0.6768
8279.00000 0.6581
8280.00000 0.63
8281.00000 0.6018
8282.00000 0.5755
8283.00000 0.5407
8284.00000 0.5022
8285.00000 0.455
8286.00000 0.422
8287.00000 0.3887
8288.00000 0.3513
8289.00000 0.3076
8290.00000 0.2725
8291.00000 0.2403
8292.00000 0.2073
8293.00000 0.1733
8294.00000 0.1474
8295.00000 0.1301
8296.00000 0.1118
8297.00000 0.0961
8298.00000 0.0797
8299.00000 0.0697
8300.00000 0.0593
8301.00000 0.0494
8302.00000 0.0397
8303.00000 0.0342
8304.00000 0.0296
8305.00000 0.0255
8306.00000 0.0211
8307.00000 0.0178
8308.00000 0.0156
8309.00000 0.0132
8310.00000 0.0111
8311.00000 0.0095
8312.00000 0.0084
8313.00000 0.0074
8314.00000 0.0065
8315.00000 0.0055
8316.00000 0.0049
8317.00000 0.0043
8318.00000 0.0037
8319.00000 0.0031
8320.00000 0.0026
8321.00000 0.0024
8322.00000 0.0021
8323.00000 0.0018
8324.00000 0.0016
8325.00000 0.0014
8326.00000 0.0013
8327.00000 0.0011
8328.00000 0.001
8329.00000 0.0009
8330.00000 0.0008
8331.00000 0.0007
8332.00000 0.0006
8333.00000 0.0006
8334.00000 0.0005
8335.00000 0.0004
8336.00000 0.0004
8337.00000 0.0003
8338.00000 0.0003
8339.00000 0.0003
8340.00000 0.0003
8341.00000 0.0002
8342.00000 0.0002
8343.00000 0.0002
8344.00000 0.0002
8345.00000 0.0001
8346.00000 0.0001
8347.00000 0.0001
8348.00000 0.0001
8349.00000 0.0001
8350.00000 0.0001
8351.00000 0.0001
8352.00000 0.0001
8353.00000 0.0001
8354.00000 0.0001
8355.00000 0.0001
9190.50000 0.0
