threeML/data/optical_filters/OAJ/JPLUS-F0515.ecsv
# %ECSV 0.9
# ---
# datatype:
# - {name: wavelength, unit: Angstrom, datatype: float32}
# - {name: response, datatype: float32}
# meta: !!omap
# - {band_name: F0515}
# - {group_name: JPLUS}
wavelength response
4885.00000 0.0
4890.00000 1e-07
4895.00000 1e-07
4900.00000 1e-07
4905.00000 1e-07
4910.00000 2e-07
4915.00000 2e-07
4920.00000 3e-07
4925.00000 3e-07
4930.00000 5e-07
4935.00000 6e-07
4940.00000 8e-07
4945.00000 1.2e-06
4950.00000 1.6e-06
4955.00000 2.3e-06
4960.00000 3.3e-06
4965.00000 4.8e-06
4970.00000 7.2e-06
4975.00000 1.09e-05
4980.00000 1.68e-05
4985.00000 2.65e-05
4990.00000 4.28e-05
4995.00000 7.09e-05
5000.00000 0.0001209
5005.00000 0.0002122
5010.00000 0.0003859
5015.00000 0.0007309
5020.00000 0.001451
5025.00000 0.0030438
5030.00000 0.0068186
5035.00000 0.0165175
5040.00000 0.0436761
5045.00000 0.123395
5050.00000 0.325203
5055.00000 0.630841
5060.00000 0.858726
5065.00000 0.925056
5070.00000 0.925903
5075.00000 0.927187
5080.00000 0.93174
5085.00000 0.932958
5090.00000 0.930346
5095.00000 0.927199
5100.00000 0.926195
5105.00000 0.927688
5110.00000 0.930399
5115.00000 0.932778
5120.00000 0.933992
5125.00000 0.934157
5130.00000 0.933929
5135.00000 0.933921
5140.00000 0.934332
5145.00000 0.934936
5150.00000 0.935347
5155.00000 0.935345
5160.00000 0.935035
5165.00000 0.934757
5170.00000 0.934815
5175.00000 0.935204
5180.00000 0.935526
5185.00000 0.935196
5190.00000 0.933869
5195.00000 0.931836
5200.00000 0.930061
5205.00000 0.929179
5210.00000 0.930158
5215.00000 0.932036
5220.00000 0.932631
5225.00000 0.930328
5230.00000 0.926685
5235.00000 0.925996
5240.00000 0.922477
5245.00000 0.868217
5250.00000 0.693395
5255.00000 0.430957
5260.00000 0.205509
5265.00000 0.0849676
5270.00000 0.0352103
5275.00000 0.0154932
5280.00000 0.0072909
5285.00000 0.0036455
5290.00000 0.0019207
5295.00000 0.0010586
5300.00000 0.0006067
5305.00000 0.0003597
5310.00000 0.0002198
5315.00000 0.000138
5320.00000 8.88e-05
5325.00000 5.84e-05
5330.00000 3.92e-05
5335.00000 2.68e-05
5340.00000 1.86e-05
5345.00000 1.32e-05
5350.00000 9.4e-06
5355.00000 6.9e-06
5360.00000 5.1e-06
5365.00000 3.8e-06
5370.00000 2.9e-06
5375.00000 2.2e-06
5380.00000 1.7e-06
5385.00000 1.3e-06
5390.00000 1e-06
5395.00000 8e-07
5400.00000 7e-07
5405.00000 5e-07
5410.00000 4e-07
5415.00000 4e-07
5420.00000 3e-07
5425.00000 2e-07
5430.00000 2e-07
5435.00000 2e-07
5440.00000 1e-07
5445.00000 1e-07
5450.00000 1e-07
5455.00000 1e-07
5460.00000 1e-07
5465.00000 1e-07
5470.00000 1e-07
5475.00000 1e-07
5480.00000 0.0
