threeML/data/optical_filters/OAJ/JPLUS-uJAVA.ecsv
# %ECSV 0.9
# ---
# datatype:
# - {name: wavelength, unit: Angstrom, datatype: float32}
# - {name: response, datatype: float32}
# meta: !!omap
# - {band_name: uJAVA}
# - {group_name: JPLUS}
wavelength response
3050.00000 0.0
3060.00000 2e-07
3070.00000 1e-07
3080.00000 1e-07
3090.00000 9e-07
3100.00000 3.3e-06
3110.00000 5.6e-06
3120.00000 3.06e-05
3130.00000 0.0001947
3140.00000 5.29e-05
3150.00000 3.68e-05
3160.00000 0.0001267
3170.00000 0.0006942
3180.00000 0.0030501
3190.00000 0.0131591
3200.00000 0.0381417
3210.00000 0.0813185
3220.00000 0.172008
3230.00000 0.334167
3240.00000 0.524451
3250.00000 0.640423
3260.00000 0.673414
3270.00000 0.678856
3280.00000 0.681424
3290.00000 0.687238
3300.00000 0.696174
3310.00000 0.707922
3320.00000 0.716696
3330.00000 0.721539
3340.00000 0.727092
3350.00000 0.736631
3360.00000 0.741622
3370.00000 0.745108
3380.00000 0.749409
3390.00000 0.751034
3400.00000 0.756401
3410.00000 0.762054
3420.00000 0.764546
3430.00000 0.768837
3440.00000 0.772699
3450.00000 0.776535
3460.00000 0.781359
3470.00000 0.783522
3480.00000 0.7847
3490.00000 0.784386
3500.00000 0.790113
3510.00000 0.791197
3520.00000 0.800407
3530.00000 0.802719
3540.00000 0.807924
3550.00000 0.809211
3560.00000 0.817853
3570.00000 0.819773
3580.00000 0.821051
3590.00000 0.817426
3600.00000 0.824824
3610.00000 0.81852
3620.00000 0.824217
3630.00000 0.824762
3640.00000 0.824327
3650.00000 0.825842
3660.00000 0.823911
3670.00000 0.825095
3680.00000 0.825638
3690.00000 0.835302
3700.00000 0.824182
3710.00000 0.782887
3720.00000 0.67568
3730.00000 0.517403
3740.00000 0.353939
3750.00000 0.22586
3760.00000 0.140847
3770.00000 0.0880764
3780.00000 0.0561946
3790.00000 0.0367622
3800.00000 0.0247244
3810.00000 0.0170999
3820.00000 0.0121357
3830.00000 0.008816
3840.00000 0.0065456
3850.00000 0.0049613
3860.00000 0.0038246
3870.00000 0.0029827
3880.00000 0.0023511
3890.00000 0.0019168
3900.00000 0.0015992
3910.00000 0.0013146
3920.00000 0.0010865
3930.00000 0.0008694
3940.00000 0.0006521
3950.00000 0.0004794
3960.00000 0.0003326
3970.00000 0.0002433
3980.00000 0.0002352
3990.00000 0.0002908
4000.00000 0.0003312
4010.00000 0.0003587
4020.00000 0.0003699
4030.00000 0.0002326
4040.00000 0.0001448
4050.00000 0.0001069
4060.00000 6.89e-05
4070.00000 4.68e-05
4080.00000 4.59e-05
4090.00000 6.33e-05
4100.00000 7.87e-05
4110.00000 6.68e-05
4120.00000 6.1e-05
4130.00000 7.35e-05
4140.00000 8.98e-05
4150.00000 7.73e-05
4160.00000 5.32e-05
4170.00000 3.6e-05
4180.00000 2.55e-05
4190.00000 1.87e-05
4200.00000 1.44e-05
4210.00000 1.25e-05
4220.00000 1.22e-05
4230.00000 1.03e-05
4240.00000 7.5e-06
4250.00000 5.9e-06
4260.00000 5.3e-06
4270.00000 4.8e-06
4280.00000 4.1e-06
4290.00000 3.3e-06
4300.00000 2.5e-06
4310.00000 2e-06
4320.00000 1.7e-06
4330.00000 1.6e-06
4340.00000 1.4e-06
4350.00000 1.3e-06
4360.00000 1.1e-06
4370.00000 8e-07
4380.00000 6e-07
4390.00000 6e-07
4400.00000 5e-07
4410.00000 5e-07
4420.00000 4e-07
4430.00000 4e-07
4440.00000 4e-07
4450.00000 3e-07
4460.00000 3e-07
4470.00000 3e-07
4480.00000 2e-07
4490.00000 2e-07
4500.00000 2e-07
4510.00000 2e-07
4520.00000 2e-07
4530.00000 2e-07
4540.00000 2e-07
4550.00000 2e-07
4560.00000 1e-07
5016.00000 0.0
