threeML/data/optical_filters/TJO/MEIA-B.ecsv
# %ECSV 0.9
# ---
# datatype:
# - {name: wavelength, unit: Angstrom, datatype: float32}
# - {name: response, datatype: float32}
# meta: !!omap
# - {band_name: B}
# - {group_name: MEIA}
wavelength response
3226.50000 0.0
3585.00000 0.00104397
3590.00000 0.00130304
3595.00000 0.00165151
3600.00000 0.00203571
3605.00000 0.00247744
3610.00000 0.00301068
3615.00000 0.00362732
3620.00000 0.00427416
3625.00000 0.00506641
3630.00000 0.00592587
3635.00000 0.00686088
3640.00000 0.00796081
3645.00000 0.00906007
3650.00000 0.0104025
3655.00000 0.0117533
3660.00000 0.0132424
3665.00000 0.0148683
3670.00000 0.0165952
3675.00000 0.0184382
3680.00000 0.0205191
3685.00000 0.0225919
3690.00000 0.0248394
3695.00000 0.0272461
3700.00000 0.029691
3705.00000 0.0324361
3710.00000 0.0351511
3715.00000 0.0381787
3720.00000 0.0412832
3725.00000 0.0443173
3730.00000 0.0476578
3735.00000 0.0511362
3740.00000 0.0545313
3745.00000 0.0583378
3750.00000 0.0620382
3755.00000 0.0657395
3760.00000 0.0698454
3765.00000 0.0737808
3770.00000 0.0778747
3775.00000 0.0821504
3780.00000 0.0863337
3785.00000 0.0906161
3790.00000 0.0949939
3795.00000 0.099227
3800.00000 0.103689
3805.00000 0.108175
3810.00000 0.112536
3815.00000 0.116909
3820.00000 0.121275
3825.00000 0.125556
3830.00000 0.130054
3835.00000 0.134277
3840.00000 0.13889
3845.00000 0.143205
3850.00000 0.147504
3855.00000 0.151834
3860.00000 0.156287
3865.00000 0.16058
3870.00000 0.164825
3875.00000 0.169115
3880.00000 0.173464
3885.00000 0.177641
3890.00000 0.181954
3895.00000 0.186266
3900.00000 0.190541
3905.00000 0.194745
3910.00000 0.199164
3915.00000 0.203183
3920.00000 0.207461
3925.00000 0.211871
3930.00000 0.21566
3935.00000 0.22006
3940.00000 0.22398
3945.00000 0.228017
3950.00000 0.232286
3955.00000 0.236219
3960.00000 0.240503
3965.00000 0.244323
3970.00000 0.248378
3975.00000 0.252475
3980.00000 0.256328
3985.00000 0.26005
3990.00000 0.26389
3995.00000 0.267825
4000.00000 0.271598
4005.00000 0.275215
4010.00000 0.27909
4015.00000 0.28285
4020.00000 0.286465
4025.00000 0.289911
4030.00000 0.293652
4035.00000 0.297198
4040.00000 0.300654
4045.00000 0.304386
4050.00000 0.307518
4055.00000 0.311181
4060.00000 0.314554
4065.00000 0.317614
4070.00000 0.321275
4075.00000 0.324132
4080.00000 0.327056
4085.00000 0.330536
4090.00000 0.333445
4095.00000 0.336258
4100.00000 0.339348
4105.00000 0.341668
4110.00000 0.344952
4115.00000 0.347226
4120.00000 0.350153
4125.00000 0.352356
4130.00000 0.35484
4135.00000 0.357345
4140.00000 0.359501
4145.00000 0.36178
4150.00000 0.363842
4155.00000 0.366012
4160.00000 0.368173
4165.00000 0.370301
4170.00000 0.372032
4175.00000 0.374364
4180.00000 0.376134
4185.00000 0.378306
4190.00000 0.380072
4195.00000 0.381879
4200.00000 0.383581
4205.00000 0.385318
4210.00000 0.38713
4215.00000 0.388516
4220.00000 0.389571
4225.00000 0.39163
4230.00000 0.392797
4235.00000 0.393893
4240.00000 0.395626
4245.00000 0.396387
4250.00000 0.397706
4255.00000 0.398821
4260.00000 0.399867
4265.00000 0.400903
4270.00000 0.402471
4275.00000 0.403479
4280.00000 0.404787
4285.00000 0.405802
4290.00000 0.40708
4295.00000 0.408295
4300.00000 0.409265
4305.00000 0.410242
4310.00000 0.411516
4315.00000 0.412539
4320.00000 0.413488
4325.00000 0.414417
4330.00000 0.41505
4335.00000 0.416461
4340.00000 0.417161
4345.00000 0.418388
4350.00000 0.419165
4355.00000 0.419867
4360.00000 0.420905
4365.00000 0.421858
4370.00000 0.42263
4375.00000 0.423362
4380.00000 0.424163
4385.00000 0.425167
4390.00000 0.425928
4395.00000 0.426495
4400.00000 0.427105
4405.00000 0.427749
4410.00000 0.428693
4415.00000 0.429057
4420.00000 0.429495
4425.00000 0.42967
4430.00000 0.429981
4435.00000 0.430255
4440.00000 0.430641
4445.00000 0.431126
4450.00000 0.431
4455.00000 0.430919
4460.00000 0.430706
4465.00000 0.430858
4470.00000 0.430614
4475.00000 0.430553
4480.00000 0.430177
4485.00000 0.429505
4490.00000 0.429405
4495.00000 0.429056
4500.00000 0.428773
4505.00000 0.428605
4510.00000 0.42814
4515.00000 0.427948
4520.00000 0.427893
4525.00000 0.427485
4530.00000 0.427369
4535.00000 0.426993
4540.00000 0.426829
4545.00000 0.426443
4550.00000 0.426101
4555.00000 0.425668
4560.00000 0.42493
4565.00000 0.424486
4570.00000 0.423788
4575.00000 0.422854
4580.00000 0.421942
4585.00000 0.42066
4590.00000 0.419747
4595.00000 0.418319
4600.00000 0.417088
4605.00000 0.415367
4610.00000 0.413507
4615.00000 0.411828
4620.00000 0.410326
4625.00000 0.408348
4630.00000 0.406283
4635.00000 0.403799
4640.00000 0.401191
4645.00000 0.3989
4650.00000 0.39583
4655.00000 0.392892
4660.00000 0.389977
4665.00000 0.386799
4670.00000 0.383595
4675.00000 0.3801
4680.00000 0.376406
4685.00000 0.372727
4690.00000 0.368765
4695.00000 0.364958
4700.00000 0.361032
4705.00000 0.35671
4710.00000 0.352923
4715.00000 0.348446
4720.00000 0.34431
4725.00000 0.340044
4730.00000 0.335593
4735.00000 0.33127
4740.00000 0.326752
4745.00000 0.322341
4750.00000 0.318065
4755.00000 0.313456
4760.00000 0.308821
4765.00000 0.304302
4770.00000 0.299531
4775.00000 0.29502
4780.00000 0.290376
4785.00000 0.28529
4790.00000 0.280666
4795.00000 0.275568
4800.00000 0.27055
4805.00000 0.265746
4810.00000 0.260467
4815.00000 0.255486
4820.00000 0.250364
4825.00000 0.245111
4830.00000 0.2402
4835.00000 0.235135
4840.00000 0.229874
4845.00000 0.225049
4850.00000 0.219989
4855.00000 0.214933
4860.00000 0.209955
4865.00000 0.205107
4870.00000 0.200297
4875.00000 0.195549
4880.00000 0.190903
4885.00000 0.186537
4890.00000 0.182025
4895.00000 0.177462
4900.00000 0.173309
4905.00000 0.16893
4910.00000 0.16504
4915.00000 0.16094
4920.00000 0.156938
4925.00000 0.153198
4930.00000 0.149567
4935.00000 0.14592
4940.00000 0.142624
4945.00000 0.139247
4950.00000 0.13607
4955.00000 0.132899
4960.00000 0.129855
4965.00000 0.127124
4970.00000 0.124109
4975.00000 0.121485
4980.00000 0.118815
4985.00000 0.116125
4990.00000 0.1136
4995.00000 0.11102
5000.00000 0.108213
5005.00000 0.105653
5010.00000 0.102982
5015.00000 0.10018
5020.00000 0.0973946
5025.00000 0.0945062
5030.00000 0.0916338
5035.00000 0.088687
5040.00000 0.0856964
5045.00000 0.0828118
5050.00000 0.079829
5055.00000 0.0767764
5060.00000 0.0739745
5065.00000 0.0711187
5070.00000 0.0683771
5075.00000 0.0658113
5080.00000 0.0631543
5085.00000 0.0607519
5090.00000 0.0584951
5095.00000 0.0562419
5100.00000 0.0541908
5105.00000 0.0521797
5110.00000 0.0501439
5115.00000 0.0483717
5120.00000 0.0464752
5125.00000 0.0448272
5130.00000 0.0431066
5135.00000 0.0414898
5140.00000 0.0399166
5145.00000 0.0383358
5150.00000 0.0367394
5155.00000 0.0353482
5160.00000 0.0338161
5165.00000 0.0323929
5170.00000 0.0310136
5175.00000 0.0296152
5180.00000 0.0282955
5185.00000 0.0270159
5190.00000 0.025724
5195.00000 0.0245524
5200.00000 0.0233758
5205.00000 0.0221805
5210.00000 0.0210967
5215.00000 0.0200348
5220.00000 0.0190213
5225.00000 0.0180548
5230.00000 0.0171092
5235.00000 0.0162259
5240.00000 0.0153564
5245.00000 0.0145607
5250.00000 0.0137861
5255.00000 0.013057
5260.00000 0.0123881
5265.00000 0.0117478
5270.00000 0.0111116
5275.00000 0.0105815
5280.00000 0.00998065
5285.00000 0.00952673
5290.00000 0.00905269
5295.00000 0.00862381
5300.00000 0.00823363
5305.00000 0.00784952
5310.00000 0.0075034
5315.00000 0.00722065
5320.00000 0.00693267
5325.00000 0.00663948
5330.00000 0.00640245
5335.00000 0.00618726
5340.00000 0.0059956
5345.00000 0.0058021
5350.00000 0.00564198
5355.00000 0.00552266
5360.00000 0.00535813
5365.00000 0.00523853
5370.00000 0.00513109
5375.00000 0.00500795
5380.00000 0.00491422
5385.00000 0.00488842
5390.00000 0.00477727
5395.00000 0.00474064
5400.00000 0.00470229
5405.00000 0.00465565
5410.00000 0.00462534
5415.00000 0.00463514
5420.00000 0.00461782
5425.00000 0.00461766
5430.00000 0.00463056
5435.00000 0.00465735
5440.00000 0.0047095
5445.00000 0.00473046
5450.00000 0.00480547
5455.00000 0.00487225
5460.00000 0.00497586
5465.00000 0.00505649
5470.00000 0.00515019
5475.00000 0.00529629
5480.00000 0.00542679
5485.00000 0.00557773
5490.00000 0.00572209
5495.00000 0.00590738
5500.00000 0.00607627
5505.00000 0.0062738
5510.00000 0.00648114
5515.00000 0.00671056
5520.00000 0.0068491
5525.00000 0.0071014
5530.00000 0.00732093
5535.00000 0.00752817
5540.00000 0.00777466
5545.00000 0.00799412
5550.00000 0.00817101
5555.00000 0.00837814
5560.00000 0.00851572
5565.00000 0.0087457
5570.00000 0.00883088
5575.00000 0.00897492
5580.00000 0.00906905
5585.00000 0.00912472
5590.00000 0.0092237
5595.00000 0.00923354
5600.00000 0.00921229
5605.00000 0.00921963
5610.00000 0.00915584
5615.00000 0.00910921
5620.00000 0.00901764
5625.00000 0.00893015
5630.00000 0.00876261
5635.00000 0.00860407
5640.00000 0.00846517
5645.00000 0.00829853
5650.00000 0.00809354
5655.00000 0.00788369
5660.00000 0.00762
5665.00000 0.00735556
5670.00000 0.00712546
5675.00000 0.00684889
5680.00000 0.00661156
5685.00000 0.00629921
5690.00000 0.00602609
5695.00000 0.00574652
5700.00000 0.00546212
5705.00000 0.00518185
5710.00000 0.00487963
5715.00000 0.00458479
5720.00000 0.00433079
5725.00000 0.00403931
5730.00000 0.00377886
5735.00000 0.00350704
5740.00000 0.0032752
6314.00000 0.0
