threeML/data/optical_filters/TJO/MEIA-Rc.ecsv
# %ECSV 0.9
# ---
# datatype:
# - {name: wavelength, unit: Angstrom, datatype: float32}
# - {name: response, datatype: float32}
# meta: !!omap
# - {band_name: Rc}
# - {group_name: MEIA}
wavelength response
4959.00000 0.0
5510.00000 0.00358153
5515.00000 0.00439158
5520.00000 0.00535127
5525.00000 0.0065637
5530.00000 0.00789541
5535.00000 0.00953296
5540.00000 0.0115139
5545.00000 0.0136696
5550.00000 0.0162635
5555.00000 0.019333
5560.00000 0.0226181
5565.00000 0.0265667
5570.00000 0.0308565
5575.00000 0.0357737
5580.00000 0.0413083
5585.00000 0.047119
5590.00000 0.0537888
5595.00000 0.0612168
5600.00000 0.068717
5605.00000 0.0774056
5610.00000 0.0864129
5615.00000 0.0959054
5620.00000 0.106532
5625.00000 0.11714
5630.00000 0.128705
5635.00000 0.140884
5640.00000 0.152694
5645.00000 0.165684
5650.00000 0.179015
5655.00000 0.192426
5660.00000 0.206705
5665.00000 0.220231
5670.00000 0.234845
5675.00000 0.249613
5680.00000 0.263576
5685.00000 0.278743
5690.00000 0.29392
5695.00000 0.307159
5700.00000 0.321988
5705.00000 0.336111
5710.00000 0.349987
5715.00000 0.364602
5720.00000 0.377673
5725.00000 0.390856
5730.00000 0.403998
5735.00000 0.41622
5740.00000 0.428785
5745.00000 0.440472
5750.00000 0.451695
5755.00000 0.463102
5760.00000 0.473575
5765.00000 0.483566
5770.00000 0.493632
5775.00000 0.50282
5780.00000 0.512047
5785.00000 0.520227
5790.00000 0.528537
5795.00000 0.53625
5800.00000 0.543591
5805.00000 0.550244
5810.00000 0.557065
5815.00000 0.563274
5820.00000 0.568939
5825.00000 0.574576
5830.00000 0.579647
5835.00000 0.584443
5840.00000 0.588509
5845.00000 0.592977
5850.00000 0.596779
5855.00000 0.600383
5860.00000 0.603948
5865.00000 0.60742
5870.00000 0.610113
5875.00000 0.61278
5880.00000 0.615387
5885.00000 0.617555
5890.00000 0.619713
5895.00000 0.621594
5900.00000 0.623306
5905.00000 0.624598
5910.00000 0.62621
5915.00000 0.627215
5920.00000 0.628705
5925.00000 0.629395
5930.00000 0.630045
5935.00000 0.631174
5940.00000 0.631769
5945.00000 0.632456
5950.00000 0.632696
5955.00000 0.632883
5960.00000 0.633095
5965.00000 0.63334
5970.00000 0.633432
5975.00000 0.633599
5980.00000 0.633245
5985.00000 0.633067
5990.00000 0.632909
5995.00000 0.6326
6000.00000 0.632201
6005.00000 0.631806
6010.00000 0.631109
6015.00000 0.63073
6020.00000 0.630457
6025.00000 0.629363
6030.00000 0.628839
6035.00000 0.628199
6040.00000 0.62719
6045.00000 0.62658
6050.00000 0.625309
6055.00000 0.624552
6060.00000 0.623967
6065.00000 0.62271
6070.00000 0.621696
6075.00000 0.620714
6080.00000 0.619892
6085.00000 0.618383
6090.00000 0.617222
6095.00000 0.616149
6100.00000 0.615089
6105.00000 0.613724
6110.00000 0.612445
6115.00000 0.611511
6120.00000 0.609841
6125.00000 0.608989
6130.00000 0.607401
6135.00000 0.606135
6140.00000 0.604482
6145.00000 0.603473
6150.00000 0.601973
6155.00000 0.600397
6160.00000 0.598839
6165.00000 0.598103
6170.00000 0.596008
6175.00000 0.594547
6180.00000 0.592941
6185.00000 0.591498
6190.00000 0.589906
6195.00000 0.588109
6200.00000 0.587141
6205.00000 0.585629
6210.00000 0.583653
6215.00000 0.582192
6220.00000 0.580509
6225.00000 0.578737
6230.00000 0.576972
6235.00000 0.57548
6240.00000 0.573535
6245.00000 0.571979
6250.00000 0.57055
6255.00000 0.568648
6260.00000 0.567207
6265.00000 0.56529
6270.00000 0.563328
6275.00000 0.561503
6280.00000 0.559672
6285.00000 0.558065
6290.00000 0.556077
6295.00000 0.554444
6300.00000 0.552447
6305.00000 0.550829
6310.00000 0.548685
6315.00000 0.546856
6320.00000 0.545101
6325.00000 0.543107
6330.00000 0.541321
6335.00000 0.539416
6340.00000 0.537398
6345.00000 0.535521
6350.00000 0.533489
6355.00000 0.531515
6360.00000 0.529844
6365.00000 0.527908
6370.00000 0.525983
6375.00000 0.523904
6380.00000 0.521988
6385.00000 0.519979
6390.00000 0.518232
6395.00000 0.516413
6400.00000 0.514321
6405.00000 0.512528
6410.00000 0.510516
6415.00000 0.508629
6420.00000 0.506508
6425.00000 0.504734
6430.00000 0.502785
6435.00000 0.500754
6440.00000 0.498737
6445.00000 0.496786
6450.00000 0.494607
6455.00000 0.492668
6460.00000 0.490362
6465.00000 0.488874
6470.00000 0.486496
6475.00000 0.484648
6480.00000 0.482357
6485.00000 0.480275
6490.00000 0.478393
6495.00000 0.476136
6500.00000 0.474166
6505.00000 0.471981
6510.00000 0.469596
6515.00000 0.467517
6520.00000 0.465193
6525.00000 0.46324
6530.00000 0.460665
6535.00000 0.458728
6540.00000 0.456277
6545.00000 0.454423
6550.00000 0.451995
6555.00000 0.449663
6560.00000 0.447681
6565.00000 0.445332
6570.00000 0.443206
6575.00000 0.441015
6580.00000 0.438891
6585.00000 0.436808
6590.00000 0.434359
6595.00000 0.432582
6600.00000 0.430537
6605.00000 0.428231
6610.00000 0.426034
6615.00000 0.424148
6620.00000 0.421932
6625.00000 0.41993
6630.00000 0.417731
6635.00000 0.415639
6640.00000 0.413717
6645.00000 0.411784
6650.00000 0.409567
6655.00000 0.407699
6660.00000 0.405547
6665.00000 0.403505
6670.00000 0.401534
6675.00000 0.39943
6680.00000 0.39731
6685.00000 0.395375
6690.00000 0.393201
6695.00000 0.391265
6700.00000 0.389076
6705.00000 0.387058
6710.00000 0.384951
6715.00000 0.382821
6720.00000 0.380805
6725.00000 0.378761
6730.00000 0.376588
6735.00000 0.374464
6740.00000 0.372177
6745.00000 0.369844
6750.00000 0.367753
6755.00000 0.36554
6760.00000 0.363455
6765.00000 0.361341
6770.00000 0.35905
6775.00000 0.356731
6780.00000 0.354486
6785.00000 0.352231
6790.00000 0.350024
6795.00000 0.347628
6800.00000 0.345439
6805.00000 0.343116
6810.00000 0.340918
6815.00000 0.338596
6820.00000 0.336388
6825.00000 0.334059
6830.00000 0.331732
6835.00000 0.329486
6840.00000 0.327261
6845.00000 0.325062
6850.00000 0.322799
6855.00000 0.320464
6860.00000 0.318251
6865.00000 0.316019
6870.00000 0.313683
6875.00000 0.311551
6880.00000 0.30927
6885.00000 0.307224
6890.00000 0.305107
6895.00000 0.302949
6900.00000 0.300606
6905.00000 0.298332
6910.00000 0.296446
6915.00000 0.294383
6920.00000 0.292149
6925.00000 0.290093
6930.00000 0.287747
6935.00000 0.285525
6940.00000 0.283767
6945.00000 0.281423
6950.00000 0.279311
6955.00000 0.277312
6960.00000 0.275109
6965.00000 0.272946
6970.00000 0.27095
6975.00000 0.268943
6980.00000 0.266836
6985.00000 0.26468
6990.00000 0.262618
6995.00000 0.260487
7000.00000 0.258463
7005.00000 0.256297
7010.00000 0.254199
7015.00000 0.252078
7020.00000 0.250167
7025.00000 0.247918
7030.00000 0.246023
7035.00000 0.243949
7040.00000 0.241879
7045.00000 0.239935
7050.00000 0.237729
7055.00000 0.235805
7060.00000 0.23386
7065.00000 0.231757
7070.00000 0.229768
7075.00000 0.227886
7080.00000 0.225777
7085.00000 0.223884
7090.00000 0.221827
7095.00000 0.219908
7100.00000 0.218082
7105.00000 0.216205
7110.00000 0.214241
7115.00000 0.212242
7120.00000 0.210243
7125.00000 0.208509
7130.00000 0.206618
7135.00000 0.204823
7140.00000 0.203033
7145.00000 0.200992
7150.00000 0.199349
7155.00000 0.197414
7160.00000 0.195442
7165.00000 0.193801
7170.00000 0.191835
7175.00000 0.190137
7180.00000 0.188424
7185.00000 0.186719
7190.00000 0.184889
7195.00000 0.183219
7200.00000 0.18138
7205.00000 0.179725
7210.00000 0.177932
7215.00000 0.176333
7220.00000 0.17455
7225.00000 0.172944
7230.00000 0.171204
7235.00000 0.169498
7240.00000 0.167841
7245.00000 0.166219
7250.00000 0.16454
7255.00000 0.162932
7260.00000 0.161323
7265.00000 0.159685
7270.00000 0.158183
7275.00000 0.156464
7280.00000 0.154868
7285.00000 0.153413
7290.00000 0.151882
7295.00000 0.150386
7300.00000 0.14885
7305.00000 0.147089
7310.00000 0.14564
7315.00000 0.144165
7320.00000 0.142664
7325.00000 0.141201
7330.00000 0.139607
7335.00000 0.138025
7340.00000 0.136643
7345.00000 0.135162
7350.00000 0.133604
7355.00000 0.132235
7360.00000 0.130704
7365.00000 0.129261
7370.00000 0.127793
7375.00000 0.126267
7380.00000 0.124978
7385.00000 0.123475
7390.00000 0.121993
7395.00000 0.120622
7400.00000 0.119174
7405.00000 0.11777
7410.00000 0.116395
7415.00000 0.114974
7420.00000 0.113673
7425.00000 0.112214
7430.00000 0.110848
7435.00000 0.109487
7440.00000 0.108209
7445.00000 0.1068
7450.00000 0.105523
7455.00000 0.104274
7460.00000 0.102974
7465.00000 0.101762
7470.00000 0.100494
7475.00000 0.0992884
7480.00000 0.0980208
7485.00000 0.0966922
7490.00000 0.0956462
7495.00000 0.0944655
7500.00000 0.0932346
7505.00000 0.0921301
7510.00000 0.0910032
7515.00000 0.0898304
7520.00000 0.08879
7525.00000 0.0876845
7530.00000 0.0866125
7535.00000 0.085449
7540.00000 0.0845337
7545.00000 0.0833896
7550.00000 0.0822916
7555.00000 0.0813305
7560.00000 0.0803486
7565.00000 0.0791554
7570.00000 0.0781825
7575.00000 0.0772229
7580.00000 0.0762312
7585.00000 0.0752219
7590.00000 0.0742282
7595.00000 0.0733461
7600.00000 0.0722893
7605.00000 0.0712384
7610.00000 0.0704011
7615.00000 0.069392
7620.00000 0.0684093
7625.00000 0.0674432
7630.00000 0.0665107
7635.00000 0.0656007
7640.00000 0.0647078
7645.00000 0.0637617
7650.00000 0.0628117
7655.00000 0.0619253
7660.00000 0.0609917
7665.00000 0.0601954
7670.00000 0.0592576
7675.00000 0.0584311
7680.00000 0.0575888
7685.00000 0.0567622
7690.00000 0.0559141
7695.00000 0.0551732
7700.00000 0.0543649
7705.00000 0.0535989
7710.00000 0.0528513
7715.00000 0.0520173
7720.00000 0.0512485
7725.00000 0.0505356
7730.00000 0.0498354
7735.00000 0.0491011
7740.00000 0.0483874
7745.00000 0.0476958
7750.00000 0.0469671
7755.00000 0.0463382
7760.00000 0.045636
7765.00000 0.0449374
7770.00000 0.044268
7775.00000 0.0436474
7780.00000 0.0429864
7785.00000 0.0422922
7790.00000 0.0416545
7795.00000 0.0411059
7800.00000 0.0404369
7805.00000 0.0397792
7810.00000 0.0391958
7815.00000 0.0386378
7820.00000 0.0380113
7825.00000 0.0374668
7830.00000 0.0368507
7835.00000 0.0362224
7840.00000 0.0356968
7845.00000 0.0350746
7850.00000 0.0346022
7855.00000 0.0340309
7860.00000 0.0334988
7865.00000 0.0328954
7870.00000 0.0324079
7875.00000 0.0318518
7880.00000 0.0313713
7885.00000 0.0308481
7890.00000 0.0302854
7895.00000 0.0298142
7900.00000 0.0294179
7905.00000 0.0289074
7910.00000 0.0284347
7915.00000 0.0279654
7920.00000 0.0275306
7925.00000 0.0270774
7930.00000 0.0265889
7935.00000 0.026218
7940.00000 0.0257968
7945.00000 0.0253374
7950.00000 0.0249827
7955.00000 0.0245053
7960.00000 0.0241226
7965.00000 0.0236939
7970.00000 0.0233177
7975.00000 0.022927
7980.00000 0.0225641
7985.00000 0.0221944
7990.00000 0.0218411
7995.00000 0.020896
8000.00000 0.0205249
8005.00000 0.02017
8010.00000 0.0199214
8015.00000 0.0196042
8020.00000 0.0192521
8025.00000 0.0189835
8030.00000 0.0186135
8035.00000 0.0182417
8040.00000 0.0180537
8045.00000 0.0177321
8050.00000 0.0174751
8055.00000 0.0170718
8060.00000 0.016738
8065.00000 0.0165141
8070.00000 0.0162993
8075.00000 0.01604
8080.00000 0.0157547
8085.00000 0.015433
8090.00000 0.0151376
8095.00000 0.0149104
8100.00000 0.0146522
8105.00000 0.0144048
8110.00000 0.0141572
8115.00000 0.0139089
8120.00000 0.0137277
8125.00000 0.0133562
8130.00000 0.0131767
8135.00000 0.0130145
8140.00000 0.0127478
8145.00000 0.0125243
8150.00000 0.012251
8155.00000 0.0120691
8160.00000 0.0118508
8165.00000 0.0116723
8170.00000 0.0114518
8175.00000 0.0112967
8180.00000 0.0110185
8185.00000 0.0107367
8190.00000 0.0106356
8195.00000 0.0103808
8200.00000 0.0102612
8205.00000 0.0100326
8210.00000 0.00981563
8215.00000 0.00974823
8220.00000 0.00946609
8225.00000 0.00933766
8230.00000 0.00920525
8235.00000 0.00890098
8240.00000 0.00881664
8245.00000 0.0086369
8250.00000 0.00847268
8255.00000 0.00831903
8260.00000 0.00817586
8265.00000 0.00798983
8270.00000 0.0078259
8275.00000 0.00769405
8280.00000 0.00754702
8285.00000 0.00746016
8290.00000 0.00728831
8295.00000 0.0071203
8300.00000 0.00704265
8305.00000 0.00687927
8310.00000 0.0067438
8315.00000 0.00666624
8320.00000 0.00648555
8325.00000 0.00628747
8330.00000 0.00631208
8335.00000 0.00615749
8340.00000 0.00595928
8345.00000 0.00586811
8350.00000 0.00578056
8355.00000 0.0056609
8360.00000 0.00558702
8365.00000 0.00544922
8370.00000 0.00537408
8375.00000 0.0052509
8380.00000 0.00516982
8385.00000 0.00504459
8390.00000 0.00501641
8395.00000 0.00480345
8400.00000 0.00475645
8405.00000 0.00463339
8410.00000 0.00456081
8415.00000 0.00451492
8420.00000 0.00440754
8425.00000 0.0043341
8430.00000 0.00424701
8435.00000 0.00415131
8440.00000 0.00407817
8445.00000 0.00400838
8450.00000 0.0038819
8455.00000 0.0038053
8460.00000 0.00372858
8465.00000 0.00364169
8470.00000 0.00364113
8475.00000 0.00354134
8480.00000 0.00344293
8485.00000 0.00339646
8490.00000 0.00329248
8495.00000 0.00322429
8500.00000 0.00312351
8505.00000 0.00308221
8510.00000 0.00300113
8515.00000 0.00303208
8520.00000 0.00300405
8525.00000 0.00288387
8530.00000 0.00279259
8535.00000 0.00272576
8540.00000 0.00273579
8545.00000 0.00269872
8550.00000 0.00258721
8555.00000 0.00250041
8560.00000 0.00248968
8565.00000 0.00243917
8570.00000 0.00238737
8575.00000 0.00234863
8580.00000 0.00221108
8585.00000 0.00218949
8590.00000 0.00226019
8595.00000 0.0021247
8600.00000 0.00210543
8605.00000 0.00204572
8610.00000 0.00204743
8615.00000 0.00200476
8620.00000 0.00192441
8625.00000 0.00184131
8630.00000 0.00189699
8635.00000 0.00180765
8640.00000 0.001767
8645.00000 0.00175022
8650.00000 0.00172995
8655.00000 0.00169048
8660.00000 0.00161271
8665.00000 0.00160917
9531.50000 0.0
