threeML/data/optical_filters/TJO/MEIA-Ic.ecsv
# %ECSV 0.9
# ---
# datatype:
# - {name: wavelength, unit: Angstrom, datatype: float32}
# - {name: response, datatype: float32}
# meta: !!omap
# - {band_name: Ic}
# - {group_name: MEIA}
wavelength response
6304.50000 0.0
7005.00000 0.00342343
7010.00000 0.00420384
7015.00000 0.00508908
7020.00000 0.00608621
7025.00000 0.00728459
7030.00000 0.00858752
7035.00000 0.0101297
7040.00000 0.0118438
7045.00000 0.0137118
7050.00000 0.0159909
7055.00000 0.018307
7060.00000 0.0209025
7065.00000 0.0239053
7070.00000 0.0269269
7075.00000 0.0304111
7080.00000 0.0342161
7085.00000 0.0381599
7090.00000 0.042549
7095.00000 0.0470699
7100.00000 0.051975
7105.00000 0.0573655
7110.00000 0.0626375
7115.00000 0.0685107
7120.00000 0.074633
7125.00000 0.0808764
7130.00000 0.0876638
7135.00000 0.0944621
7140.00000 0.101522
7145.00000 0.109297
7150.00000 0.116591
7155.00000 0.124485
7160.00000 0.132707
7165.00000 0.14071
7170.00000 0.149134
7175.00000 0.157612
7180.00000 0.166175
7185.00000 0.175261
7190.00000 0.183718
7195.00000 0.192666
7200.00000 0.201725
7205.00000 0.210395
7210.00000 0.219619
7215.00000 0.22874
7220.00000 0.237416
7225.00000 0.246643
7230.00000 0.255563
7235.00000 0.264278
7240.00000 0.273421
7245.00000 0.281783
7250.00000 0.290461
7255.00000 0.299066
7260.00000 0.307305
7265.00000 0.315742
7270.00000 0.32388
7275.00000 0.331614
7280.00000 0.339756
7285.00000 0.347048
7290.00000 0.354343
7295.00000 0.362087
7300.00000 0.368764
7305.00000 0.375814
7310.00000 0.382798
7315.00000 0.389154
7320.00000 0.395911
7325.00000 0.401896
7330.00000 0.408155
7335.00000 0.414204
7340.00000 0.419693
7345.00000 0.425363
7350.00000 0.430627
7355.00000 0.435992
7360.00000 0.440576
7365.00000 0.445364
7370.00000 0.44991
7375.00000 0.454544
7380.00000 0.458466
7385.00000 0.462532
7390.00000 0.466661
7395.00000 0.470094
7400.00000 0.473649
7405.00000 0.476909
7410.00000 0.48039
7415.00000 0.483181
7420.00000 0.486218
7425.00000 0.488808
7430.00000 0.491607
7435.00000 0.493884
7440.00000 0.49617
7445.00000 0.498159
7450.00000 0.499956
7455.00000 0.502288
7460.00000 0.503926
7465.00000 0.505457
7470.00000 0.507567
7475.00000 0.508533
7480.00000 0.510331
7485.00000 0.511425
7490.00000 0.512846
7495.00000 0.514123
7500.00000 0.514691
7505.00000 0.516156
7510.00000 0.517686
7515.00000 0.518222
7520.00000 0.519466
7525.00000 0.519729
7530.00000 0.520275
7535.00000 0.521384
7540.00000 0.521828
7545.00000 0.52316
7550.00000 0.523493
7555.00000 0.523958
7560.00000 0.524068
7565.00000 0.524567
7570.00000 0.524744
7575.00000 0.525249
7580.00000 0.52534
7585.00000 0.525598
7590.00000 0.525512
7595.00000 0.52555
7600.00000 0.525692
7605.00000 0.525315
7610.00000 0.525101
7615.00000 0.524469
7620.00000 0.524212
7625.00000 0.523991
7630.00000 0.523637
7635.00000 0.523207
7640.00000 0.522687
7645.00000 0.522081
7650.00000 0.521322
7655.00000 0.520398
7660.00000 0.519664
7665.00000 0.519095
7670.00000 0.518268
7675.00000 0.51775
7680.00000 0.516695
7685.00000 0.516041
7690.00000 0.515625
7695.00000 0.514537
7700.00000 0.513384
7705.00000 0.512901
7710.00000 0.51209
7715.00000 0.511553
7720.00000 0.510757
7725.00000 0.510206
7730.00000 0.509316
7735.00000 0.508301
7740.00000 0.507804
7745.00000 0.506968
7750.00000 0.506344
7755.00000 0.505571
7760.00000 0.504671
7765.00000 0.503739
7770.00000 0.50325
7775.00000 0.502617
7780.00000 0.501842
7785.00000 0.500478
7790.00000 0.500193
7795.00000 0.49894
7800.00000 0.498032
7805.00000 0.497167
7810.00000 0.496159
7815.00000 0.494924
7820.00000 0.494355
7825.00000 0.493785
7830.00000 0.492035
7835.00000 0.491058
7840.00000 0.489963
7845.00000 0.488761
7850.00000 0.487665
7855.00000 0.486946
7860.00000 0.485611
7865.00000 0.484538
7870.00000 0.48331
7875.00000 0.482037
7880.00000 0.481124
7885.00000 0.479811
7890.00000 0.478477
7895.00000 0.47759
7900.00000 0.476568
7905.00000 0.47529
7910.00000 0.474476
7915.00000 0.473412
7920.00000 0.472373
7925.00000 0.470952
7930.00000 0.470061
7935.00000 0.468738
7940.00000 0.467795
7945.00000 0.466935
7950.00000 0.465945
7955.00000 0.464569
7960.00000 0.463362
7965.00000 0.462539
7970.00000 0.461259
7975.00000 0.460158
7980.00000 0.459044
7985.00000 0.457729
7990.00000 0.456568
7995.00000 0.453744
8000.00000 0.452849
8005.00000 0.451738
8010.00000 0.450736
8015.00000 0.449319
8020.00000 0.44835
8025.00000 0.447351
8030.00000 0.445773
8035.00000 0.444568
8040.00000 0.443474
8045.00000 0.442333
8050.00000 0.441003
8055.00000 0.439893
8060.00000 0.438609
8065.00000 0.436047
8070.00000 0.436183
8075.00000 0.435084
8080.00000 0.433942
8085.00000 0.432776
8090.00000 0.431713
8095.00000 0.430503
8100.00000 0.429396
8105.00000 0.428128
8110.00000 0.427004
8115.00000 0.425913
8120.00000 0.424685
8125.00000 0.423748
8130.00000 0.422716
8135.00000 0.421066
8140.00000 0.420693
8145.00000 0.419377
8150.00000 0.418426
8155.00000 0.417202
8160.00000 0.416295
8165.00000 0.415162
8170.00000 0.414175
8175.00000 0.413027
8180.00000 0.412156
8185.00000 0.410965
8190.00000 0.409635
8195.00000 0.408669
8200.00000 0.407428
8205.00000 0.406394
8210.00000 0.405166
8215.00000 0.404187
8220.00000 0.402861
8225.00000 0.401857
8230.00000 0.400543
8235.00000 0.399258
8240.00000 0.398127
8245.00000 0.397158
8250.00000 0.396056
8255.00000 0.394638
8260.00000 0.393761
8265.00000 0.392524
8270.00000 0.391419
8275.00000 0.390225
8280.00000 0.388908
8285.00000 0.387952
8290.00000 0.386966
8295.00000 0.385457
8300.00000 0.384502
8305.00000 0.38352
8310.00000 0.382224
8315.00000 0.381531
8320.00000 0.380305
8325.00000 0.37932
8330.00000 0.378132
8335.00000 0.377201
8340.00000 0.376287
8345.00000 0.375279
8350.00000 0.374161
8355.00000 0.37325
8360.00000 0.372187
8365.00000 0.371178
8370.00000 0.370123
8375.00000 0.369069
8380.00000 0.367968
8385.00000 0.367217
8390.00000 0.365869
8395.00000 0.364928
8400.00000 0.364041
8405.00000 0.362767
8410.00000 0.361689
8415.00000 0.360514
8420.00000 0.359462
8425.00000 0.358202
8430.00000 0.357085
8435.00000 0.355845
8440.00000 0.354703
8445.00000 0.353512
8450.00000 0.352157
8455.00000 0.350957
8460.00000 0.349789
8465.00000 0.348645
8470.00000 0.347515
8475.00000 0.34619
8480.00000 0.344861
8485.00000 0.343724
8490.00000 0.342497
8495.00000 0.341227
8500.00000 0.340019
8505.00000 0.338798
8510.00000 0.337631
8515.00000 0.336421
8520.00000 0.335082
8525.00000 0.33389
8530.00000 0.332763
8535.00000 0.33149
8540.00000 0.330287
8545.00000 0.329176
8550.00000 0.327966
8555.00000 0.326756
8560.00000 0.325723
8565.00000 0.324498
8570.00000 0.323284
8575.00000 0.322216
8580.00000 0.321215
8585.00000 0.32028
8590.00000 0.319101
8595.00000 0.318226
8600.00000 0.316996
8605.00000 0.316217
8610.00000 0.315181
8615.00000 0.314213
8620.00000 0.313417
8625.00000 0.312491
8630.00000 0.311351
8635.00000 0.310594
8640.00000 0.309727
8645.00000 0.308763
8650.00000 0.307789
8655.00000 0.306918
8660.00000 0.306072
8665.00000 0.305107
8670.00000 0.304155
8675.00000 0.303255
8680.00000 0.302239
8685.00000 0.30133
8690.00000 0.300241
8695.00000 0.299237
8700.00000 0.29818
8705.00000 0.297064
8710.00000 0.296022
8715.00000 0.294798
8720.00000 0.293617
8725.00000 0.292571
8730.00000 0.291295
8735.00000 0.290096
8740.00000 0.288879
8745.00000 0.28755
8750.00000 0.286428
8755.00000 0.285
8760.00000 0.283808
8765.00000 0.282646
8770.00000 0.281434
8775.00000 0.280148
8780.00000 0.279001
8785.00000 0.27773
8790.00000 0.276366
8795.00000 0.275315
8800.00000 0.274393
8805.00000 0.273165
8810.00000 0.272009
8815.00000 0.27084
8820.00000 0.269772
8825.00000 0.268726
8830.00000 0.267701
8835.00000 0.266611
8840.00000 0.265559
8845.00000 0.264518
8850.00000 0.263574
8855.00000 0.262518
8860.00000 0.261587
8865.00000 0.260542
8870.00000 0.259551
8875.00000 0.258591
8880.00000 0.257682
8885.00000 0.256687
8890.00000 0.25564
8895.00000 0.254747
8900.00000 0.253724
8905.00000 0.252674
8910.00000 0.251641
8915.00000 0.250635
8920.00000 0.249626
8925.00000 0.2487
8930.00000 0.247703
8935.00000 0.246584
8940.00000 0.245461
8945.00000 0.244477
8950.00000 0.243539
8955.00000 0.242388
8960.00000 0.241334
8965.00000 0.240234
8970.00000 0.239352
8975.00000 0.238282
8980.00000 0.237106
8985.00000 0.236049
8990.00000 0.23497
8995.00000 0.233824
9000.00000 0.232767
9005.00000 0.231794
9010.00000 0.230731
9015.00000 0.229711
9020.00000 0.228573
9025.00000 0.227483
9030.00000 0.226523
9035.00000 0.225355
9040.00000 0.224265
9045.00000 0.223126
9050.00000 0.222086
9055.00000 0.221056
9060.00000 0.22002
9065.00000 0.219043
9070.00000 0.217824
9075.00000 0.216729
9080.00000 0.215669
9085.00000 0.214699
9090.00000 0.213566
9095.00000 0.212446
9100.00000 0.211351
9105.00000 0.210393
9110.00000 0.209218
9115.00000 0.208105
9120.00000 0.207025
9125.00000 0.206076
9130.00000 0.204844
9135.00000 0.203765
9140.00000 0.202653
9145.00000 0.201701
9150.00000 0.200636
9155.00000 0.199421
9160.00000 0.198432
9165.00000 0.197296
9170.00000 0.19631
9175.00000 0.195291
9180.00000 0.19422
9185.00000 0.193133
9190.00000 0.192035
9195.00000 0.191063
9200.00000 0.189944
9205.00000 0.188869
9210.00000 0.187778
9215.00000 0.186678
9220.00000 0.185728
9225.00000 0.184617
9230.00000 0.183473
9235.00000 0.182549
9240.00000 0.181442
9245.00000 0.180439
9250.00000 0.179422
9255.00000 0.17828
9260.00000 0.177269
9265.00000 0.176187
9270.00000 0.17517
9275.00000 0.174059
9280.00000 0.173058
9285.00000 0.171966
9290.00000 0.17087
9295.00000 0.16978
9300.00000 0.168678
9305.00000 0.167672
9310.00000 0.166555
9315.00000 0.165421
9320.00000 0.164412
9325.00000 0.163253
9330.00000 0.162186
9335.00000 0.161068
9340.00000 0.160015
9345.00000 0.158764
9350.00000 0.157763
9355.00000 0.156724
9360.00000 0.155616
9365.00000 0.154575
9370.00000 0.153493
9375.00000 0.152436
9380.00000 0.151364
9385.00000 0.150307
9390.00000 0.149309
9395.00000 0.148278
9400.00000 0.14725
9405.00000 0.146326
9410.00000 0.145263
9415.00000 0.144301
9420.00000 0.143316
9425.00000 0.142448
9430.00000 0.141447
9435.00000 0.140496
9440.00000 0.139529
9445.00000 0.138618
9450.00000 0.137698
9455.00000 0.136743
9460.00000 0.135804
9465.00000 0.134874
9470.00000 0.133988
9475.00000 0.133037
9480.00000 0.132085
9485.00000 0.131152
9490.00000 0.130213
9495.00000 0.129246
9500.00000 0.128274
9505.00000 0.127302
9510.00000 0.1264
9515.00000 0.125381
9520.00000 0.124394
9525.00000 0.123456
9530.00000 0.122418
9535.00000 0.121457
9540.00000 0.120455
9545.00000 0.11942
9550.00000 0.118452
9555.00000 0.117504
9560.00000 0.116525
9565.00000 0.115519
9570.00000 0.114519
9575.00000 0.113588
9580.00000 0.112562
9585.00000 0.11168
9590.00000 0.11075
9595.00000 0.109814
9600.00000 0.108837
9605.00000 0.107967
9610.00000 0.107046
9615.00000 0.106149
9620.00000 0.105341
9625.00000 0.10445
9630.00000 0.103577
9635.00000 0.102743
9640.00000 0.101916
9645.00000 0.101044
9650.00000 0.100262
9655.00000 0.0994966
9660.00000 0.0986155
9665.00000 0.0978272
9670.00000 0.0969907
9675.00000 0.0961906
9680.00000 0.095408
9685.00000 0.0945958
9690.00000 0.0937819
9695.00000 0.0929894
9700.00000 0.0921534
9705.00000 0.0913431
9710.00000 0.0905356
9715.00000 0.0897279
9720.00000 0.0889426
9725.00000 0.0881262
9730.00000 0.0872618
9735.00000 0.0864545
9740.00000 0.0856186
9745.00000 0.0848347
9750.00000 0.0840244
9755.00000 0.0831931
9760.00000 0.0823266
9765.00000 0.0814804
9770.00000 0.0806285
9775.00000 0.0798532
9780.00000 0.079033
9785.00000 0.0781746
9790.00000 0.0773603
9795.00000 0.0764836
9800.00000 0.0756581
9805.00000 0.074814
9810.00000 0.073957
9815.00000 0.0731724
9820.00000 0.0723114
9825.00000 0.0714521
9830.00000 0.0706135
9835.00000 0.0697993
9840.00000 0.0689809
9845.00000 0.0681608
9850.00000 0.0673255
9855.00000 0.0664858
9860.00000 0.0657091
9865.00000 0.0649462
9870.00000 0.0641397
9875.00000 0.0633856
9880.00000 0.0625995
9885.00000 0.0618369
9890.00000 0.0610955
9895.00000 0.0603759
9900.00000 0.059658
9905.00000 0.0589526
9910.00000 0.0582812
9915.00000 0.0576063
9920.00000 0.0569427
9925.00000 0.0562617
9930.00000 0.0556211
9935.00000 0.0549837
9940.00000 0.0543637
9945.00000 0.0537346
9950.00000 0.0531167
9955.00000 0.0524692
9960.00000 0.0518801
9965.00000 0.0512757
9970.00000 0.0506533
9975.00000 0.0500124
9980.00000 0.0494195
9985.00000 0.0487945
9990.00000 0.0481654
9995.00000 0.0475562
10000.00000 0.0469722
10005.00000 0.0463063
10010.00000 0.045678
10015.00000 0.0450437
10020.00000 0.0444032
10025.00000 0.0437571
10030.00000 0.043115
10035.00000 0.0424786
10040.00000 0.0418002
10045.00000 0.0411515
10050.00000 0.0404845
10055.00000 0.0398185
10060.00000 0.0391659
10065.00000 0.0385101
10070.00000 0.0378275
10075.00000 0.0371827
10080.00000 0.0365094
10085.00000 0.0358135
10090.00000 0.0351741
10095.00000 0.0345049
10100.00000 0.0338452
10105.00000 0.0331799
10110.00000 0.0325247
10115.00000 0.0318636
10120.00000 0.0311954
10125.00000 0.0305593
10130.00000 0.0298922
10135.00000 0.0292695
10140.00000 0.028631
10145.00000 0.028005
10150.00000 0.0273894
10155.00000 0.0267673
10160.00000 0.0261847
10165.00000 0.0255763
10170.00000 0.0250112
10175.00000 0.0244589
10180.00000 0.0239019
10185.00000 0.0233686
10190.00000 0.0228384
10195.00000 0.0223422
10200.00000 0.0218352
10205.00000 0.0213521
10210.00000 0.0209049
10215.00000 0.0204518
10220.00000 0.0200127
10225.00000 0.0196093
10230.00000 0.0191996
10235.00000 0.0188023
10240.00000 0.0184064
10245.00000 0.0180321
10250.00000 0.0176572
10255.00000 0.0173001
10260.00000 0.0169281
10265.00000 0.0165812
10270.00000 0.0162278
10275.00000 0.0158754
10280.00000 0.0155314
10285.00000 0.0151944
10290.00000 0.0148492
10295.00000 0.0144879
10300.00000 0.0141445
10305.00000 0.013799
10310.00000 0.0134413
10315.00000 0.0131077
10320.00000 0.012754
10325.00000 0.0124021
10330.00000 0.0120521
10335.00000 0.0116968
10340.00000 0.011341
10345.00000 0.0109948
10350.00000 0.0106569
10355.00000 0.0103092
10360.00000 0.00996627
10365.00000 0.00963048
10370.00000 0.00929555
10375.00000 0.00896972
10380.00000 0.00864478
10385.00000 0.00831759
10390.00000 0.00800335
10395.00000 0.00768516
10400.00000 0.00737831
10405.00000 0.00708339
10410.00000 0.00678686
10415.00000 0.0065022
10420.00000 0.00622348
10425.00000 0.00595074
10430.00000 0.00568384
10435.00000 0.00543486
10440.00000 0.0051988
10445.00000 0.00496687
10450.00000 0.00474662
10455.00000 0.00453875
10460.00000 0.00434761
10465.00000 0.00416538
10470.00000 0.00400003
10475.00000 0.00385282
10480.00000 0.0037143
10485.00000 0.00359096
10490.00000 0.00348295
10495.00000 0.00339298
10500.00000 0.00331955
11550.00000 0.0
