threeML/data/optical_filters/TJO/MEIA-U.ecsv
# %ECSV 0.9
# ---
# datatype:
# - {name: wavelength, unit: Angstrom, datatype: float32}
# - {name: response, datatype: float32}
# meta: !!omap
# - {band_name: U}
# - {group_name: MEIA}
wavelength response
2817.00000 0.0
3130.00000 0.000441523
3135.00000 0.000552327
3140.00000 0.000694255
3145.00000 0.000851709
3150.00000 0.00104948
3155.00000 0.00128162
3160.00000 0.0015318
3165.00000 0.00182188
3170.00000 0.00218134
3175.00000 0.00256568
3180.00000 0.00302328
3185.00000 0.0034886
3190.00000 0.00402852
3195.00000 0.00464077
3200.00000 0.00528116
3205.00000 0.00598482
3210.00000 0.00678564
3215.00000 0.00756765
3220.00000 0.00846271
3225.00000 0.00938848
3230.00000 0.0104273
3235.00000 0.0114868
3240.00000 0.0125818
3245.00000 0.0137847
3250.00000 0.015089
3255.00000 0.016292
3260.00000 0.0176935
3265.00000 0.0190507
3270.00000 0.0205299
3275.00000 0.0220298
3280.00000 0.0234806
3285.00000 0.0250548
3290.00000 0.0266788
3295.00000 0.0283251
3300.00000 0.0299959
3305.00000 0.0317719
3310.00000 0.0334487
3315.00000 0.0352193
3320.00000 0.0370884
3325.00000 0.0387435
3330.00000 0.0408517
3335.00000 0.0425706
3340.00000 0.0443878
3345.00000 0.0463711
3350.00000 0.0484254
3355.00000 0.0503732
3360.00000 0.0522531
3365.00000 0.0540918
3370.00000 0.0562321
3375.00000 0.0580966
3380.00000 0.0600459
3385.00000 0.0618966
3390.00000 0.0641334
3395.00000 0.0658996
3400.00000 0.0679889
3405.00000 0.0697027
3410.00000 0.0719596
3415.00000 0.0737713
3420.00000 0.0759474
3425.00000 0.0777229
3430.00000 0.0797266
3435.00000 0.0818528
3440.00000 0.0834804
3445.00000 0.0854021
3450.00000 0.0874879
3455.00000 0.0893353
3460.00000 0.0913058
3465.00000 0.0931089
3470.00000 0.0951121
3475.00000 0.0971952
3480.00000 0.0990923
3485.00000 0.10075
3490.00000 0.102604
3495.00000 0.101857
3500.00000 0.103416
3505.00000 0.10521
3510.00000 0.106965
3515.00000 0.108557
3520.00000 0.110175
3525.00000 0.111639
3530.00000 0.113484
3535.00000 0.115022
3540.00000 0.116519
3545.00000 0.117999
3550.00000 0.119681
3555.00000 0.121229
3560.00000 0.122596
3565.00000 0.124173
3570.00000 0.125729
3575.00000 0.127272
3580.00000 0.128699
3585.00000 0.1303
3590.00000 0.131655
3595.00000 0.133251
3600.00000 0.134896
3605.00000 0.136405
3610.00000 0.138078
3615.00000 0.139612
3620.00000 0.141062
3625.00000 0.142631
3630.00000 0.144293
3635.00000 0.145868
3640.00000 0.147658
3645.00000 0.149319
3650.00000 0.150997
3655.00000 0.152976
3660.00000 0.154644
3665.00000 0.156771
3670.00000 0.158678
3675.00000 0.160602
3680.00000 0.162568
3685.00000 0.164607
3690.00000 0.166825
3695.00000 0.169068
3700.00000 0.171305
3705.00000 0.173396
3710.00000 0.175837
3715.00000 0.178527
3720.00000 0.180699
3725.00000 0.182874
3730.00000 0.185546
3735.00000 0.187697
3740.00000 0.190227
3745.00000 0.192294
3750.00000 0.194498
3755.00000 0.196231
3760.00000 0.19847
3765.00000 0.20032
3770.00000 0.202077
3775.00000 0.203804
3780.00000 0.205283
3785.00000 0.206403
3790.00000 0.207384
3795.00000 0.208503
3800.00000 0.20875
3805.00000 0.209196
3810.00000 0.209426
3815.00000 0.209236
3820.00000 0.208831
3825.00000 0.208474
3830.00000 0.207318
3835.00000 0.206227
3840.00000 0.205012
3845.00000 0.203541
3850.00000 0.201838
3855.00000 0.199637
3860.00000 0.197577
3865.00000 0.195098
3870.00000 0.192144
3875.00000 0.189316
3880.00000 0.186162
3885.00000 0.182597
3890.00000 0.179152
3895.00000 0.175104
3900.00000 0.171141
3905.00000 0.16699
3910.00000 0.16263
3915.00000 0.15837
3920.00000 0.153411
3925.00000 0.148588
3930.00000 0.143821
3935.00000 0.138516
3940.00000 0.133497
3945.00000 0.128197
3950.00000 0.12279
3955.00000 0.1177
3960.00000 0.112553
3965.00000 0.107087
3970.00000 0.101905
3975.00000 0.0965663
3980.00000 0.0915993
3985.00000 0.0864068
3990.00000 0.0814139
3995.00000 0.0766526
4000.00000 0.0718139
4005.00000 0.0671481
4010.00000 0.0629121
4015.00000 0.0584365
4020.00000 0.054301
4025.00000 0.0504649
4030.00000 0.0464949
4035.00000 0.043032
4040.00000 0.0396051
4045.00000 0.0362971
4050.00000 0.0334447
4055.00000 0.030474
4060.00000 0.0278102
4065.00000 0.0253143
4070.00000 0.0228791
4075.00000 0.0207835
4080.00000 0.0187705
4085.00000 0.0168849
4090.00000 0.0152122
4095.00000 0.0135908
4100.00000 0.0122025
4105.00000 0.0108972
4110.00000 0.00964109
4115.00000 0.00861743
4120.00000 0.0076462
4125.00000 0.00672477
4130.00000 0.00597956
4135.00000 0.005252
4140.00000 0.00461543
4145.00000 0.00405728
4150.00000 0.00354863
4155.00000 0.00308016
4160.00000 0.00272848
4165.00000 0.00235297
4581.50000 0.0
