threeML/data/optical_filters/TJO/MEIA-V.ecsv
# %ECSV 0.9
# ---
# datatype:
# - {name: wavelength, unit: Angstrom, datatype: float32}
# - {name: response, datatype: float32}
# meta: !!omap
# - {band_name: V}
# - {group_name: MEIA}
wavelength response
4261.50000 0.0
4735.00000 0.00363468
4740.00000 0.00453712
4745.00000 0.0057521
4750.00000 0.00709501
4755.00000 0.00881583
4760.00000 0.0109265
4765.00000 0.0133891
4770.00000 0.0164034
4775.00000 0.019873
4780.00000 0.0240072
4785.00000 0.028934
4790.00000 0.0342716
4795.00000 0.0408573
4800.00000 0.0481996
4805.00000 0.0564171
4810.00000 0.0659285
4815.00000 0.0761593
4820.00000 0.0873572
4825.00000 0.100477
4830.00000 0.113442
4835.00000 0.12827
4840.00000 0.144308
4845.00000 0.160417
4850.00000 0.178261
4855.00000 0.196513
4860.00000 0.215198
4865.00000 0.2353
4870.00000 0.25448
4875.00000 0.274869
4880.00000 0.29569
4885.00000 0.315269
4890.00000 0.335833
4895.00000 0.355938
4900.00000 0.375487
4905.00000 0.395554
4910.00000 0.413876
4915.00000 0.43222
4920.00000 0.450272
4925.00000 0.467327
4930.00000 0.484002
4935.00000 0.499663
4940.00000 0.514396
4945.00000 0.528934
4950.00000 0.542799
4955.00000 0.555714
4960.00000 0.568001
4965.00000 0.578977
4970.00000 0.590004
4975.00000 0.60058
4980.00000 0.609563
4985.00000 0.619102
4990.00000 0.627034
4995.00000 0.635071
5000.00000 0.642746
5005.00000 0.649638
5010.00000 0.656239
5015.00000 0.661924
5020.00000 0.667501
5025.00000 0.67266
5030.00000 0.677423
5035.00000 0.682145
5040.00000 0.685986
5045.00000 0.690229
5050.00000 0.69397
5055.00000 0.697012
5060.00000 0.699809
5065.00000 0.702826
5070.00000 0.705723
5075.00000 0.707981
5080.00000 0.710379
5085.00000 0.712663
5090.00000 0.714462
5095.00000 0.715984
5100.00000 0.717831
5105.00000 0.719287
5110.00000 0.720721
5115.00000 0.721518
5120.00000 0.722558
5125.00000 0.72314
5130.00000 0.724246
5135.00000 0.725069
5140.00000 0.725656
5145.00000 0.726236
5150.00000 0.726949
5155.00000 0.727039
5160.00000 0.727514
5165.00000 0.727658
5170.00000 0.727962
5175.00000 0.728099
5180.00000 0.728067
5185.00000 0.728229
5190.00000 0.728255
5195.00000 0.728115
5200.00000 0.727953
5205.00000 0.727656
5210.00000 0.727622
5215.00000 0.72738
5220.00000 0.726853
5225.00000 0.72693
5230.00000 0.726108
5235.00000 0.725486
5240.00000 0.724971
5245.00000 0.724511
5250.00000 0.723686
5255.00000 0.722858
5260.00000 0.721984
5265.00000 0.721433
5270.00000 0.720527
5275.00000 0.719697
5280.00000 0.718725
5285.00000 0.717896
5290.00000 0.716412
5295.00000 0.715138
5300.00000 0.714571
5305.00000 0.713271
5310.00000 0.711398
5315.00000 0.710168
5320.00000 0.708696
5325.00000 0.7074
5330.00000 0.705494
5335.00000 0.704073
5340.00000 0.702112
5345.00000 0.700946
5350.00000 0.698983
5355.00000 0.697237
5360.00000 0.695079
5365.00000 0.692713
5370.00000 0.690798
5375.00000 0.688702
5380.00000 0.686319
5385.00000 0.684243
5390.00000 0.681696
5395.00000 0.679468
5400.00000 0.676853
5405.00000 0.674737
5410.00000 0.671639
5415.00000 0.668974
5420.00000 0.6661
5425.00000 0.663435
5430.00000 0.660553
5435.00000 0.657568
5440.00000 0.654614
5445.00000 0.651278
5450.00000 0.648377
5455.00000 0.645047
5460.00000 0.641745
5465.00000 0.638789
5470.00000 0.635164
5475.00000 0.631639
5480.00000 0.628393
5485.00000 0.624761
5490.00000 0.621239
5495.00000 0.617643
5500.00000 0.613834
5505.00000 0.610029
5510.00000 0.606375
5515.00000 0.602495
5520.00000 0.598612
5525.00000 0.594413
5530.00000 0.590609
5535.00000 0.586468
5540.00000 0.582379
5545.00000 0.578366
5550.00000 0.574396
5555.00000 0.569941
5560.00000 0.565445
5565.00000 0.561211
5570.00000 0.557197
5575.00000 0.55245
5580.00000 0.547837
5585.00000 0.543329
5590.00000 0.538915
5595.00000 0.533947
5600.00000 0.529679
5605.00000 0.524735
5610.00000 0.520148
5615.00000 0.515309
5620.00000 0.510358
5625.00000 0.505544
5630.00000 0.500659
5635.00000 0.495337
5640.00000 0.490158
5645.00000 0.485382
5650.00000 0.480185
5655.00000 0.475253
5660.00000 0.469738
5665.00000 0.464956
5670.00000 0.45924
5675.00000 0.453994
5680.00000 0.448736
5685.00000 0.443584
5690.00000 0.438063
5695.00000 0.433241
5700.00000 0.427412
5705.00000 0.422167
5710.00000 0.416852
5715.00000 0.411191
5720.00000 0.405893
5725.00000 0.400378
5730.00000 0.395086
5735.00000 0.389787
5740.00000 0.384203
5745.00000 0.378891
5750.00000 0.373242
5755.00000 0.367563
5760.00000 0.362319
5765.00000 0.35714
5770.00000 0.351216
5775.00000 0.346119
5780.00000 0.34056
5785.00000 0.335058
5790.00000 0.329757
5795.00000 0.324417
5800.00000 0.318721
5805.00000 0.313682
5810.00000 0.307943
5815.00000 0.302827
5820.00000 0.297229
5825.00000 0.292081
5830.00000 0.286834
5835.00000 0.281376
5840.00000 0.276161
5845.00000 0.270816
5850.00000 0.265491
5855.00000 0.260537
5860.00000 0.255201
5865.00000 0.25002
5870.00000 0.245075
5875.00000 0.239867
5880.00000 0.234985
5885.00000 0.230098
5890.00000 0.224905
5895.00000 0.220176
5900.00000 0.215405
5905.00000 0.210515
5910.00000 0.205942
5915.00000 0.201193
5920.00000 0.196573
5925.00000 0.192059
5930.00000 0.187357
5935.00000 0.183093
5940.00000 0.178616
5945.00000 0.17426
5950.00000 0.170128
5955.00000 0.1659
5960.00000 0.161664
5965.00000 0.157561
5970.00000 0.153441
5975.00000 0.149574
5980.00000 0.145679
5985.00000 0.141794
5990.00000 0.138075
5995.00000 0.134353
6000.00000 0.130597
6005.00000 0.127114
6010.00000 0.123453
6015.00000 0.120077
6020.00000 0.116637
6025.00000 0.113218
6030.00000 0.11
6035.00000 0.106715
6040.00000 0.103495
6045.00000 0.100502
6050.00000 0.0973496
6055.00000 0.0944197
6060.00000 0.0915414
6065.00000 0.0885204
6070.00000 0.0857994
6075.00000 0.0830177
6080.00000 0.0802454
6085.00000 0.077702
6090.00000 0.0750685
6095.00000 0.0725982
6100.00000 0.0701443
6105.00000 0.0676837
6110.00000 0.0654348
6115.00000 0.0631461
6120.00000 0.0608873
6125.00000 0.0588588
6130.00000 0.0567138
6135.00000 0.0546614
6140.00000 0.0526953
6145.00000 0.0507537
6150.00000 0.0488863
6155.00000 0.0470849
6160.00000 0.0453039
6165.00000 0.0436214
6170.00000 0.0420063
6175.00000 0.0403757
6180.00000 0.0388258
6185.00000 0.0373184
6190.00000 0.0358319
6195.00000 0.0344618
6200.00000 0.0330688
6205.00000 0.0317737
6210.00000 0.0305065
6215.00000 0.0292489
6220.00000 0.028093
6225.00000 0.0268697
6230.00000 0.0257654
6235.00000 0.0247142
6240.00000 0.0236701
6245.00000 0.0226853
6250.00000 0.0216956
6255.00000 0.0207352
6260.00000 0.019872
6265.00000 0.0189808
6270.00000 0.0181323
6275.00000 0.0173491
6280.00000 0.0165468
6285.00000 0.0157971
6290.00000 0.0151065
6295.00000 0.0143776
6300.00000 0.0137013
6305.00000 0.0130571
6310.00000 0.0124504
6315.00000 0.0118693
6320.00000 0.0112856
6325.00000 0.0107543
6330.00000 0.0102454
6335.00000 0.00971412
6340.00000 0.00926429
6345.00000 0.0088274
6350.00000 0.00836962
6355.00000 0.00793972
6360.00000 0.00755337
6365.00000 0.00717126
6370.00000 0.0068138
6375.00000 0.00645035
6380.00000 0.00611072
6385.00000 0.00580822
6390.00000 0.00550283
6395.00000 0.00521179
6400.00000 0.00496642
6405.00000 0.00467425
6410.00000 0.00444024
6415.00000 0.00420951
6420.00000 0.00399615
6425.00000 0.00377276
6430.00000 0.00355497
6435.00000 0.00338499
6440.00000 0.00319712
7084.00000 0.0
