threeML/data/optical_filters/MSX/MSX-E.ecsv
# %ECSV 0.9
# ---
# datatype:
# - {name: wavelength, unit: Angstrom, datatype: float32}
# - {name: response, datatype: float32}
# meta: !!omap
# - {band_name: E}
# - {group_name: MSX}
wavelength response
170500.00000 0.0
170600.00000 0.001952
170700.00000 0.00212
170800.00000 0.002288
170900.00000 0.002455
171000.00000 0.002623
171100.00000 0.002791
171200.00000 0.002959
171300.00000 0.003126
171400.00000 0.003294
171500.00000 0.003462
171600.00000 0.003629
171700.00000 0.003711
171800.00000 0.003699
171900.00000 0.003687
172000.00000 0.003675
172100.00000 0.003662
172200.00000 0.00365
172300.00000 0.003638
172400.00000 0.003626
172500.00000 0.003614
172600.00000 0.003601
172700.00000 0.003589
172800.00000 0.00357
172900.00000 0.003349
173000.00000 0.003127
173100.00000 0.002906
173200.00000 0.002685
173300.00000 0.002464
173400.00000 0.002242
173500.00000 0.002021
173600.00000 0.0018
173700.00000 0.001579
173800.00000 0.001357
173900.00000 0.001136
174000.00000 0.00114
174100.00000 0.001434
174200.00000 0.001729
174300.00000 0.002023
174400.00000 0.002317
174500.00000 0.002611
174600.00000 0.002906
174700.00000 0.0032
174800.00000 0.003494
174900.00000 0.003788
175000.00000 0.004083
175100.00000 0.004377
175200.00000 0.004704
175300.00000 0.005046
175400.00000 0.005388
175500.00000 0.005731
175600.00000 0.006073
175700.00000 0.006415
175800.00000 0.006758
175900.00000 0.0071
176000.00000 0.007442
176100.00000 0.007785
176200.00000 0.008127
176300.00000 0.008469
176400.00000 0.008278
176500.00000 0.007928
176600.00000 0.007578
176700.00000 0.007228
176800.00000 0.006877
176900.00000 0.006527
177000.00000 0.006177
177100.00000 0.005827
177200.00000 0.005476
177300.00000 0.005126
177400.00000 0.004776
177500.00000 0.004425
177600.00000 0.005355
177700.00000 0.006852
177800.00000 0.008349
177900.00000 0.009846
178000.00000 0.011343
178100.00000 0.01284
178200.00000 0.014338
178300.00000 0.015835
178400.00000 0.017332
178500.00000 0.018829
178600.00000 0.020326
178700.00000 0.021823
178800.00000 0.024665
178900.00000 0.029156
179000.00000 0.033647
179100.00000 0.038138
179200.00000 0.042629
179300.00000 0.04712
179400.00000 0.051611
179500.00000 0.056102
179600.00000 0.060593
179700.00000 0.065084
179800.00000 0.069575
179900.00000 0.074067
180000.00000 0.079143
180100.00000 0.100104
180200.00000 0.121064
180300.00000 0.142025
180400.00000 0.162985
180500.00000 0.183946
180600.00000 0.204906
180700.00000 0.225867
180800.00000 0.246827
180900.00000 0.267788
181000.00000 0.288749
181100.00000 0.309709
181200.00000 0.33067
181300.00000 0.352437
181400.00000 0.375198
181500.00000 0.397958
181600.00000 0.420719
181700.00000 0.443479
181800.00000 0.46624
181900.00000 0.489
182000.00000 0.511761
182100.00000 0.534521
182200.00000 0.557282
182300.00000 0.580042
182400.00000 0.602803
182500.00000 0.625563
182600.00000 0.629681
182700.00000 0.625185
182800.00000 0.620689
182900.00000 0.616193
183000.00000 0.611697
183100.00000 0.607201
183200.00000 0.602705
183300.00000 0.598209
183400.00000 0.593714
183500.00000 0.589218
183600.00000 0.584722
183700.00000 0.580226
183800.00000 0.57573
183900.00000 0.577537
184000.00000 0.581577
184100.00000 0.585617
184200.00000 0.589656
184300.00000 0.593696
184400.00000 0.597735
184500.00000 0.601775
184600.00000 0.605814
184700.00000 0.609854
184800.00000 0.613893
184900.00000 0.617933
185000.00000 0.621972
185100.00000 0.626012
185200.00000 0.632841
185300.00000 0.641469
185400.00000 0.650097
185500.00000 0.658725
185600.00000 0.667353
185700.00000 0.675981
185800.00000 0.684609
185900.00000 0.693237
186000.00000 0.701865
186100.00000 0.710493
186200.00000 0.719121
186300.00000 0.727749
186400.00000 0.736376
186500.00000 0.744552
186600.00000 0.751613
186700.00000 0.758675
186800.00000 0.765736
186900.00000 0.772798
187000.00000 0.779859
187100.00000 0.786921
187200.00000 0.793982
187300.00000 0.801044
187400.00000 0.808105
187500.00000 0.815167
187600.00000 0.822228
187700.00000 0.82929
187800.00000 0.836351
187900.00000 0.838203
188000.00000 0.838553
188100.00000 0.838903
188200.00000 0.839253
188300.00000 0.839603
188400.00000 0.839953
188500.00000 0.840303
188600.00000 0.840653
188700.00000 0.841003
188800.00000 0.841353
188900.00000 0.841703
189000.00000 0.842053
189100.00000 0.842403
189200.00000 0.842532
189300.00000 0.839569
189400.00000 0.836606
189500.00000 0.833643
189600.00000 0.83068
189700.00000 0.827717
189800.00000 0.824754
189900.00000 0.821791
190000.00000 0.818828
190100.00000 0.815865
190200.00000 0.812902
190300.00000 0.809938
190400.00000 0.806975
190500.00000 0.804012
190600.00000 0.801512
190700.00000 0.801528
190800.00000 0.801545
190900.00000 0.801561
191000.00000 0.801578
191100.00000 0.801594
191200.00000 0.801611
191300.00000 0.801627
191400.00000 0.801644
191500.00000 0.80166
191600.00000 0.801677
191700.00000 0.801693
191800.00000 0.80171
191900.00000 0.801726
192000.00000 0.80185
192100.00000 0.804696
192200.00000 0.807542
192300.00000 0.810388
192400.00000 0.813234
192500.00000 0.81608
192600.00000 0.818926
192700.00000 0.821772
192800.00000 0.824618
192900.00000 0.827464
193000.00000 0.83031
193100.00000 0.833155
193200.00000 0.836001
193300.00000 0.838847
193400.00000 0.841693
193500.00000 0.844767
193600.00000 0.847934
193700.00000 0.851101
193800.00000 0.854268
193900.00000 0.857435
194000.00000 0.860601
194100.00000 0.863768
194200.00000 0.866935
194300.00000 0.870102
194400.00000 0.873269
194500.00000 0.876436
194600.00000 0.879603
194700.00000 0.88277
194800.00000 0.885936
194900.00000 0.888957
195000.00000 0.891246
195100.00000 0.893535
195200.00000 0.895824
195300.00000 0.898113
195400.00000 0.900402
195500.00000 0.902691
195600.00000 0.90498
195700.00000 0.907269
195800.00000 0.909558
195900.00000 0.911847
196000.00000 0.914137
196100.00000 0.916426
196200.00000 0.918715
196300.00000 0.921004
196400.00000 0.922906
196500.00000 0.924235
196600.00000 0.925564
196700.00000 0.926893
196800.00000 0.928222
196900.00000 0.929551
197000.00000 0.93088
197100.00000 0.932209
197200.00000 0.933537
197300.00000 0.934866
197400.00000 0.936195
197500.00000 0.937524
197600.00000 0.938853
197700.00000 0.940182
197800.00000 0.941511
197900.00000 0.942322
198000.00000 0.942399
198100.00000 0.942475
198200.00000 0.942551
198300.00000 0.942628
198400.00000 0.942704
198500.00000 0.94278
198600.00000 0.942856
198700.00000 0.942933
198800.00000 0.943009
198900.00000 0.943085
199000.00000 0.943162
199100.00000 0.943238
199200.00000 0.943314
199300.00000 0.94339
199400.00000 0.943569
199500.00000 0.944174
199600.00000 0.944779
199700.00000 0.945384
199800.00000 0.945989
199900.00000 0.946594
200000.00000 0.947199
200100.00000 0.947804
200200.00000 0.948409
200300.00000 0.949014
200400.00000 0.949619
200500.00000 0.950224
200600.00000 0.950829
200700.00000 0.951434
200800.00000 0.952039
200900.00000 0.952644
201000.00000 0.952395
201100.00000 0.951841
201200.00000 0.951288
201300.00000 0.950734
201400.00000 0.950181
201500.00000 0.949628
201600.00000 0.949075
201700.00000 0.948521
201800.00000 0.947968
201900.00000 0.947415
202000.00000 0.946861
202100.00000 0.946308
202200.00000 0.945754
202300.00000 0.945201
202400.00000 0.944648
202500.00000 0.944052
202600.00000 0.942446
202700.00000 0.940841
202800.00000 0.939235
202900.00000 0.937629
203000.00000 0.936023
203100.00000 0.934417
203200.00000 0.932812
203300.00000 0.931206
203400.00000 0.9296
203500.00000 0.927994
203600.00000 0.926388
203700.00000 0.924783
203800.00000 0.923177
203900.00000 0.921571
204000.00000 0.919965
204100.00000 0.918277
204200.00000 0.915812
204300.00000 0.913346
204400.00000 0.910881
204500.00000 0.908416
204600.00000 0.90595
204700.00000 0.903485
204800.00000 0.901019
204900.00000 0.898554
205000.00000 0.896089
205100.00000 0.893623
205200.00000 0.891158
205300.00000 0.888692
205400.00000 0.886227
205500.00000 0.883762
205600.00000 0.881296
205700.00000 0.878831
205800.00000 0.877089
205900.00000 0.87543
206000.00000 0.873771
206100.00000 0.872112
206200.00000 0.870453
206300.00000 0.868793
206400.00000 0.867134
206500.00000 0.865475
206600.00000 0.863816
206700.00000 0.862157
206800.00000 0.860497
206900.00000 0.858838
207000.00000 0.857179
207100.00000 0.85552
207200.00000 0.853861
207300.00000 0.852202
207400.00000 0.850461
207500.00000 0.848618
207600.00000 0.846775
207700.00000 0.844931
207800.00000 0.843088
207900.00000 0.841244
208000.00000 0.839401
208100.00000 0.837558
208200.00000 0.835714
208300.00000 0.833871
208400.00000 0.832027
208500.00000 0.830184
208600.00000 0.828341
208700.00000 0.826497
208800.00000 0.824654
208900.00000 0.822811
209000.00000 0.820967
209100.00000 0.822086
209200.00000 0.824364
209300.00000 0.826642
209400.00000 0.828919
209500.00000 0.831197
209600.00000 0.833475
209700.00000 0.835753
209800.00000 0.838031
209900.00000 0.840309
210000.00000 0.842587
210100.00000 0.844865
210200.00000 0.847143
210300.00000 0.84942
210400.00000 0.851698
210500.00000 0.853976
210600.00000 0.856254
210700.00000 0.858532
210800.00000 0.861315
210900.00000 0.86429
211000.00000 0.867264
211100.00000 0.870239
211200.00000 0.873214
211300.00000 0.876189
211400.00000 0.879163
211500.00000 0.882138
211600.00000 0.885113
211700.00000 0.888088
211800.00000 0.891062
211900.00000 0.894037
212000.00000 0.897012
212100.00000 0.899987
212200.00000 0.902961
212300.00000 0.905936
212400.00000 0.908911
212500.00000 0.911413
212600.00000 0.913341
212700.00000 0.91527
212800.00000 0.917198
212900.00000 0.919126
213000.00000 0.921055
213100.00000 0.922983
213200.00000 0.924911
213300.00000 0.92684
213400.00000 0.928768
213500.00000 0.930697
213600.00000 0.932625
213700.00000 0.934553
213800.00000 0.936482
213900.00000 0.93841
214000.00000 0.940338
214100.00000 0.942267
214200.00000 0.944195
214300.00000 0.946077
214400.00000 0.947952
214500.00000 0.949828
214600.00000 0.951703
214700.00000 0.953579
214800.00000 0.955455
214900.00000 0.95733
215000.00000 0.959206
215100.00000 0.961081
215200.00000 0.962957
215300.00000 0.964833
215400.00000 0.966708
215500.00000 0.968584
215600.00000 0.970459
215700.00000 0.972335
215800.00000 0.974211
215900.00000 0.976086
216000.00000 0.977932
216100.00000 0.979105
216200.00000 0.980278
216300.00000 0.981451
216400.00000 0.982624
216500.00000 0.983796
216600.00000 0.984969
216700.00000 0.986142
216800.00000 0.987315
216900.00000 0.988488
217000.00000 0.989661
217100.00000 0.990834
217200.00000 0.992007
217300.00000 0.99318
217400.00000 0.994353
217500.00000 0.995526
217600.00000 0.996699
217700.00000 0.997872
217800.00000 0.999044
217900.00000 0.999211
218000.00000 0.999256
218100.00000 0.999301
218200.00000 0.999346
218300.00000 0.999391
218400.00000 0.999436
218500.00000 0.999481
218600.00000 0.999526
218700.00000 0.999571
218800.00000 0.999615
218900.00000 0.99966
219000.00000 0.999705
219100.00000 0.99975
219200.00000 0.999795
219300.00000 0.99984
219400.00000 0.999885
219500.00000 0.99993
219600.00000 0.999975
219700.00000 0.99926
219800.00000 0.997552
219900.00000 0.995843
220000.00000 0.994135
220100.00000 0.992427
220200.00000 0.990718
220300.00000 0.98901
220400.00000 0.987302
220500.00000 0.985593
220600.00000 0.983885
220700.00000 0.982177
220800.00000 0.980468
220900.00000 0.97876
221000.00000 0.977052
221100.00000 0.975343
221200.00000 0.973635
221300.00000 0.971927
221400.00000 0.970218
221500.00000 0.96851
221600.00000 0.966447
221700.00000 0.964201
221800.00000 0.961955
221900.00000 0.959709
222000.00000 0.957463
222100.00000 0.955217
222200.00000 0.952971
222300.00000 0.950724
222400.00000 0.948478
222500.00000 0.946232
222600.00000 0.943986
222700.00000 0.94174
222800.00000 0.939494
222900.00000 0.937248
223000.00000 0.935002
223100.00000 0.932755
223200.00000 0.930509
223300.00000 0.928263
223400.00000 0.926017
223500.00000 0.924321
223600.00000 0.923055
223700.00000 0.92179
223800.00000 0.920524
223900.00000 0.919258
224000.00000 0.917992
224100.00000 0.916726
224200.00000 0.91546
224300.00000 0.914194
224400.00000 0.912928
224500.00000 0.911662
224600.00000 0.910396
224700.00000 0.909131
224800.00000 0.907865
224900.00000 0.906599
225000.00000 0.905333
225100.00000 0.904067
225200.00000 0.902801
225300.00000 0.901535
225400.00000 0.900254
225500.00000 0.898875
225600.00000 0.897496
225700.00000 0.896117
225800.00000 0.894738
225900.00000 0.893359
226000.00000 0.89198
226100.00000 0.890601
226200.00000 0.889222
226300.00000 0.887843
226400.00000 0.886464
226500.00000 0.885085
226600.00000 0.883705
226700.00000 0.882326
226800.00000 0.880947
226900.00000 0.879568
227000.00000 0.878189
227100.00000 0.87681
227200.00000 0.875431
227300.00000 0.874052
227400.00000 0.872929
227500.00000 0.87226
227600.00000 0.871591
227700.00000 0.870921
227800.00000 0.870252
227900.00000 0.869583
228000.00000 0.868914
228100.00000 0.868245
228200.00000 0.867576
228300.00000 0.866906
228400.00000 0.866237
228500.00000 0.865568
228600.00000 0.864899
228700.00000 0.86423
228800.00000 0.86356
228900.00000 0.862891
229000.00000 0.862222
229100.00000 0.861553
229200.00000 0.860884
229300.00000 0.860215
229400.00000 0.85968
229500.00000 0.859569
229600.00000 0.859458
229700.00000 0.859348
229800.00000 0.859237
229900.00000 0.859126
230000.00000 0.859016
230100.00000 0.858905
230200.00000 0.858794
230300.00000 0.858684
230400.00000 0.858573
230500.00000 0.858462
230600.00000 0.858352
230700.00000 0.858241
230800.00000 0.85813
230900.00000 0.85802
231000.00000 0.857909
231100.00000 0.857798
231200.00000 0.857688
231300.00000 0.857577
231400.00000 0.857466
231500.00000 0.856242
231600.00000 0.854666
231700.00000 0.853091
231800.00000 0.851515
231900.00000 0.849939
232000.00000 0.848363
232100.00000 0.846787
232200.00000 0.845212
232300.00000 0.843636
232400.00000 0.84206
232500.00000 0.840484
232600.00000 0.838908
232700.00000 0.837333
232800.00000 0.835757
232900.00000 0.834181
233000.00000 0.832605
233100.00000 0.83103
233200.00000 0.829454
233300.00000 0.827878
233400.00000 0.826302
233500.00000 0.824726
233600.00000 0.823351
233700.00000 0.821996
233800.00000 0.82064
233900.00000 0.819284
234000.00000 0.817929
234100.00000 0.816573
234200.00000 0.815217
234300.00000 0.813862
234400.00000 0.812506
234500.00000 0.811151
234600.00000 0.809795
234700.00000 0.808439
234800.00000 0.807084
234900.00000 0.805728
235000.00000 0.804373
235100.00000 0.803017
235200.00000 0.801661
235300.00000 0.800306
235400.00000 0.79895
235500.00000 0.797595
235600.00000 0.796239
235700.00000 0.795427
235800.00000 0.794867
235900.00000 0.794307
236000.00000 0.793747
236100.00000 0.793188
236200.00000 0.792628
236300.00000 0.792068
236400.00000 0.791508
236500.00000 0.790949
236600.00000 0.790389
236700.00000 0.789829
236800.00000 0.789269
236900.00000 0.788709
237000.00000 0.788149
237100.00000 0.78759
237200.00000 0.78703
237300.00000 0.78647
237400.00000 0.78591
237500.00000 0.785351
237600.00000 0.784791
237700.00000 0.784231
237800.00000 0.783589
237900.00000 0.781775
238000.00000 0.779961
238100.00000 0.778147
238200.00000 0.776333
238300.00000 0.774519
238400.00000 0.772705
238500.00000 0.770891
238600.00000 0.769077
238700.00000 0.767263
238800.00000 0.76545
238900.00000 0.763636
239000.00000 0.761822
239100.00000 0.760008
239200.00000 0.758194
239300.00000 0.75638
239400.00000 0.754566
239500.00000 0.752752
239600.00000 0.750938
239700.00000 0.749124
239800.00000 0.74731
239900.00000 0.745496
240000.00000 0.74368
240100.00000 0.741818
240200.00000 0.739956
240300.00000 0.738094
240400.00000 0.736232
240500.00000 0.73437
240600.00000 0.732508
240700.00000 0.730646
240800.00000 0.728784
240900.00000 0.726922
241000.00000 0.72506
241100.00000 0.723198
241200.00000 0.721336
241300.00000 0.719474
241400.00000 0.717612
241500.00000 0.71575
241600.00000 0.713888
241700.00000 0.712026
241800.00000 0.710164
241900.00000 0.708302
242000.00000 0.70644
242100.00000 0.704578
242200.00000 0.702716
242300.00000 0.702476
242400.00000 0.70324
242500.00000 0.704004
242600.00000 0.704767
242700.00000 0.705531
242800.00000 0.706294
242900.00000 0.707058
243000.00000 0.707822
243100.00000 0.708586
243200.00000 0.709349
243300.00000 0.710113
243400.00000 0.710876
243500.00000 0.71164
