threeML/data/optical_filters/MSX/MSX-E.ecsv
# %ECSV 0.9
# ---
# datatype:
# - {name: wavelength, unit: Angstrom, datatype: float32}
# - {name: response, datatype: float32}
# meta: !!omap
# - {band_name: E}
# - {group_name: MSX}
wavelength response
[from data line 732]
243700.00000 0.713167
243800.00000 0.713931
243900.00000 0.714695
244000.00000 0.715458
244100.00000 0.716222
244200.00000 0.716986
244300.00000 0.717749
244400.00000 0.718513
244500.00000 0.719277
244600.00000 0.717883
244700.00000 0.715827
244800.00000 0.713771
244900.00000 0.711716
245000.00000 0.70966
245100.00000 0.707604
245200.00000 0.705549
245300.00000 0.703493
245400.00000 0.701437
245500.00000 0.699382
245600.00000 0.697326
245700.00000 0.69527
245800.00000 0.693215
245900.00000 0.691159
246000.00000 0.689103
246100.00000 0.687048
246200.00000 0.684992
246300.00000 0.682936
246400.00000 0.680881
246500.00000 0.678825
246600.00000 0.676769
246700.00000 0.674714
246800.00000 0.672658
246900.00000 0.670273
247000.00000 0.667529
247100.00000 0.664784
247200.00000 0.66204
247300.00000 0.659295
247400.00000 0.656551
247500.00000 0.653806
247600.00000 0.651062
247700.00000 0.648317
247800.00000 0.645573
247900.00000 0.642828
248000.00000 0.640084
248100.00000 0.637339
248200.00000 0.634595
248300.00000 0.63185
248400.00000 0.629106
248500.00000 0.626361
248600.00000 0.623616
248700.00000 0.620872
248800.00000 0.618127
248900.00000 0.615383
249000.00000 0.612638
249100.00000 0.609894
249200.00000 0.607149
249300.00000 0.603361
249400.00000 0.599208
249500.00000 0.595056
249600.00000 0.590903
249700.00000 0.586751
249800.00000 0.582598
249900.00000 0.578445
250000.00000 0.574293
250100.00000 0.57014
250200.00000 0.565988
250300.00000 0.561835
250400.00000 0.557683
250500.00000 0.55353
250600.00000 0.549378
250700.00000 0.545225
250800.00000 0.541073
250900.00000 0.53692
251000.00000 0.532768
251100.00000 0.528615
251200.00000 0.524463
251300.00000 0.52031
251400.00000 0.516158
251500.00000 0.512005
251600.00000 0.507852
251700.00000 0.504031
251800.00000 0.500487
251900.00000 0.496943
252000.00000 0.493399
252100.00000 0.489855
252200.00000 0.48631
252300.00000 0.482766
252400.00000 0.479222
252500.00000 0.475678
252600.00000 0.472133
252700.00000 0.468589
252800.00000 0.465045
252900.00000 0.461501
253000.00000 0.457956
253100.00000 0.454412
253200.00000 0.450868
253300.00000 0.447324
253400.00000 0.44378
253500.00000 0.440235
253600.00000 0.436691
253700.00000 0.433147
253800.00000 0.429603
253900.00000 0.426059
254000.00000 0.422514
254100.00000 0.41897
254200.00000 0.414899
254300.00000 0.410752
254400.00000 0.406605
254500.00000 0.402458
254600.00000 0.398311
254700.00000 0.394164
254800.00000 0.390017
254900.00000 0.38587
255000.00000 0.381723
255100.00000 0.377576
255200.00000 0.373429
255300.00000 0.369282
255400.00000 0.365135
255500.00000 0.360988
255600.00000 0.356841
255700.00000 0.352694
255800.00000 0.348547
255900.00000 0.3444
256000.00000 0.340253
256100.00000 0.336106
256200.00000 0.331959
256300.00000 0.327812
256400.00000 0.323665
256500.00000 0.319518
256600.00000 0.315371
256700.00000 0.311047
256800.00000 0.306652
256900.00000 0.302257
257000.00000 0.297862
257100.00000 0.293468
257200.00000 0.289073
257300.00000 0.284678
257400.00000 0.280283
257500.00000 0.275889
257600.00000 0.271494
257700.00000 0.267099
257800.00000 0.262704
257900.00000 0.25831
258000.00000 0.253915
258100.00000 0.24952
258200.00000 0.245126
258300.00000 0.240731
258400.00000 0.236336
258500.00000 0.231941
258600.00000 0.227547
258700.00000 0.223152
258800.00000 0.218757
258900.00000 0.214362
259000.00000 0.209968
259100.00000 0.205573
259200.00000 0.201279
259300.00000 0.198848
259400.00000 0.196416
259500.00000 0.193985
259600.00000 0.191554
259700.00000 0.189123
259800.00000 0.186691
259900.00000 0.18426
260000.00000 0.181829
260100.00000 0.179398
260200.00000 0.176967
260300.00000 0.174535
260400.00000 0.172104
260500.00000 0.169673
260600.00000 0.167242
260700.00000 0.164811
260800.00000 0.162379
260900.00000 0.159948
261000.00000 0.157517
261100.00000 0.155086
261200.00000 0.152655
261300.00000 0.150223
261400.00000 0.147792
261500.00000 0.145361
261600.00000 0.14293
261700.00000 0.140499
261800.00000 0.138067
261900.00000 0.135619
262000.00000 0.133168
262100.00000 0.130717
262200.00000 0.128266
262300.00000 0.125815
262400.00000 0.123364
262500.00000 0.120913
262600.00000 0.118461
262700.00000 0.116011
262800.00000 0.113559
262900.00000 0.111108
263000.00000 0.108657
263100.00000 0.106206
263200.00000 0.103755
263300.00000 0.101304
263400.00000 0.098853
263500.00000 0.096402
263600.00000 0.093951
263700.00000 0.0915
263800.00000 0.089049
263900.00000 0.086598
264000.00000 0.084147
264100.00000 0.081696
264200.00000 0.079245
264300.00000 0.076794
264400.00000 0.074343
264500.00000 0.071918
264600.00000 0.069639
264700.00000 0.06736
264800.00000 0.065081
264900.00000 0.062802
265000.00000 0.060523
265100.00000 0.058244
265200.00000 0.055965
265300.00000 0.053686
265400.00000 0.051407
265500.00000 0.049128
265600.00000 0.046849
265700.00000 0.04457
265800.00000 0.042291
265900.00000 0.040012
266000.00000 0.037732
266100.00000 0.035453
266200.00000 0.033174
266300.00000 0.030895
266400.00000 0.028616
266500.00000 0.026337
266600.00000 0.024058
266700.00000 0.021779
266800.00000 0.0195
266900.00000 0.017221
267000.00000 0.014942
267100.00000 0.012663
267200.00000 0.010384
267300.00000 0.009652
267400.00000 0.009115
267500.00000 0.008579
267600.00000 0.008042
267700.00000 0.007505
267800.00000 0.006969
267900.00000 0.006432
268000.00000 0.005895
268100.00000 0.005359
268200.00000 0.004822
268300.00000 0.004286
268400.00000 0.003749
268500.00000 0.003212
268600.00000 0.002676
268700.00000 0.002139
268800.00000 0.001602
268900.00000 0.001066
269000.00000 0.000529
269100.00000 0.0
