threeML/data/optical_filters/MSX/MSX-C.ecsv
# %ECSV 0.9
# ---
# datatype:
# - {name: wavelength, unit: Angstrom, datatype: float32}
# - {name: response, datatype: float32}
# meta: !!omap
# - {band_name: C}
# - {group_name: MSX}
wavelength response
109500.00000 0.0
109600.00000 0.001146
109700.00000 0.00316
109800.00000 0.007546
109900.00000 0.010988
110000.00000 0.013128
110100.00000 0.018689
110200.00000 0.029163
110300.00000 0.045861
110400.00000 0.073646
110500.00000 0.116041
110600.00000 0.180054
110700.00000 0.268399
110800.00000 0.367111
110900.00000 0.461857
111000.00000 0.541751
111100.00000 0.582732
111200.00000 0.592429
111300.00000 0.595371
111400.00000 0.600282
111500.00000 0.596081
111600.00000 0.589153
111700.00000 0.594159
111800.00000 0.600414
111900.00000 0.599422
112000.00000 0.604639
112100.00000 0.619805
112200.00000 0.630077
112300.00000 0.634649
112400.00000 0.650775
112500.00000 0.675642
112600.00000 0.691725
112700.00000 0.707202
112800.00000 0.733673
112900.00000 0.757055
113000.00000 0.770278
113100.00000 0.789894
113200.00000 0.815887
113300.00000 0.828956
113400.00000 0.82951
113500.00000 0.8379
113600.00000 0.851178
113700.00000 0.850236
113800.00000 0.841676
113900.00000 0.84243
114000.00000 0.841868
114100.00000 0.828683
114200.00000 0.81915
114300.00000 0.821549
114400.00000 0.819564
114500.00000 0.80913
114600.00000 0.808749
114700.00000 0.818953
114800.00000 0.821419
114900.00000 0.814055
115000.00000 0.813937
115100.00000 0.821276
115200.00000 0.820997
115300.00000 0.816728
115400.00000 0.821064
115500.00000 0.824815
115600.00000 0.815556
115700.00000 0.80397
115800.00000 0.801957
115900.00000 0.799875
116000.00000 0.789415
116100.00000 0.781961
116200.00000 0.785514
116300.00000 0.786397
116400.00000 0.776755
116500.00000 0.770338
116600.00000 0.775501
116700.00000 0.779546
116800.00000 0.775725
116900.00000 0.777365
117000.00000 0.790802
117100.00000 0.801077
117200.00000 0.80172
117300.00000 0.808188
117400.00000 0.826442
117500.00000 0.839255
117600.00000 0.838775
117700.00000 0.840581
117800.00000 0.851027
117900.00000 0.85559
118000.00000 0.849256
118100.00000 0.84724
118200.00000 0.853587
118300.00000 0.852686
118400.00000 0.839411
118500.00000 0.829114
118600.00000 0.82909
118700.00000 0.826714
118800.00000 0.813243
118900.00000 0.799741
119000.00000 0.796164
119100.00000 0.793991
119200.00000 0.78416
119300.00000 0.774647
119400.00000 0.773922
119500.00000 0.773681
119600.00000 0.764548
119700.00000 0.753388
119800.00000 0.75002
119900.00000 0.749957
120000.00000 0.743866
120100.00000 0.734533
120200.00000 0.731074
120300.00000 0.730451
120400.00000 0.722635
120500.00000 0.70897
120600.00000 0.699785
120700.00000 0.695293
120800.00000 0.686018
120900.00000 0.671838
121000.00000 0.661443
121100.00000 0.65548
121200.00000 0.645937
121300.00000 0.629844
121400.00000 0.614818
121500.00000 0.606542
121600.00000 0.600001
121700.00000 0.591091
121800.00000 0.582555
121900.00000 0.578402
122000.00000 0.576725
122100.00000 0.572682
122200.00000 0.568462
122300.00000 0.569773
122400.00000 0.573974
122500.00000 0.573115
122600.00000 0.568583
122700.00000 0.568734
122800.00000 0.576485
122900.00000 0.582601
123000.00000 0.582822
123100.00000 0.584365
123200.00000 0.593394
123300.00000 0.605218
123400.00000 0.611266
123500.00000 0.613958
123600.00000 0.624829
123700.00000 0.643474
123800.00000 0.660871
123900.00000 0.671621
124000.00000 0.684086
124100.00000 0.704255
124200.00000 0.725692
124300.00000 0.741261
124400.00000 0.755515
124500.00000 0.777914
124600.00000 0.804879
124700.00000 0.826315
124800.00000 0.84068
124900.00000 0.858359
125000.00000 0.88495
125100.00000 0.910804
125200.00000 0.926906
125300.00000 0.937302
125400.00000 0.953886
125500.00000 0.974576
125600.00000 0.987508
125700.00000 0.987643
125800.00000 0.987425
125900.00000 0.994191
126000.00000 0.999549
126100.00000 0.992145
126200.00000 0.976015
126300.00000 0.967222
126400.00000 0.970762
126500.00000 0.976142
126600.00000 0.974949
126700.00000 0.973701
126800.00000 0.980872
126900.00000 0.991611
127000.00000 0.991006
127100.00000 0.97981
127200.00000 0.970563
127300.00000 0.971465
127400.00000 0.973731
127500.00000 0.967147
127600.00000 0.954937
127700.00000 0.950207
127800.00000 0.954999
127900.00000 0.959023
128000.00000 0.953985
128100.00000 0.945174
128200.00000 0.943652
128300.00000 0.949313
128400.00000 0.952164
128500.00000 0.946372
128600.00000 0.940372
128700.00000 0.941482
128800.00000 0.946862
128900.00000 0.946624
129000.00000 0.940718
129100.00000 0.936569
129200.00000 0.938257
129300.00000 0.939507
129400.00000 0.934586
129500.00000 0.926862
129600.00000 0.924296
129700.00000 0.928839
129800.00000 0.932106
129900.00000 0.929682
130000.00000 0.92571
130100.00000 0.928891
130200.00000 0.938114
130300.00000 0.945024
130400.00000 0.944792
130500.00000 0.941964
130600.00000 0.945179
130700.00000 0.952966
130800.00000 0.957635
130900.00000 0.955204
131000.00000 0.949419
131100.00000 0.94606
131200.00000 0.9416
131300.00000 0.928023
131400.00000 0.901526
131500.00000 0.865228
131600.00000 0.822691
131700.00000 0.77062
131800.00000 0.702625
131900.00000 0.618561
132000.00000 0.526146
132100.00000 0.436962
132200.00000 0.355539
132300.00000 0.282405
132400.00000 0.217163
132500.00000 0.163171
132600.00000 0.121814
132700.00000 0.090776
132800.00000 0.066893
132900.00000 0.048544
133000.00000 0.035263
133100.00000 0.026145
133200.00000 0.019499
133300.00000 0.013888
133400.00000 0.009122
133500.00000 0.005454
133600.00000 0.003148
133700.00000 0.002164
133800.00000 0.001908
133900.00000 0.001694
134000.00000 0.001106
134100.00000 9.7e-05
134200.00000 0.0
