threeML/data/optical_filters/KPNO/KP4in-Strom_y.ecsv
# %ECSV 0.9
# ---
# datatype:
# - {name: wavelength, unit: Angstrom, datatype: float32}
# - {name: response, datatype: float32}
# meta: !!omap
# - {band_name: Strom_y}
# - {group_name: KP4in}
wavelength response
4720.50000 0.0
5245.00000 0.0041
5250.00000 0.0045
5255.00000 0.00505
5260.00000 0.0057
5265.00000 0.0064
5270.00000 0.00725
5275.00000 0.00815
5280.00000 0.0093
5285.00000 0.0106
5290.00000 0.0121
5295.00000 0.01405
5300.00000 0.01615
5305.00000 0.01875
5310.00000 0.02195
5315.00000 0.0255
5320.00000 0.0302
5325.00000 0.03575
5330.00000 0.04235
5335.00000 0.0505
5340.00000 0.0609
5345.00000 0.07315
5350.00000 0.08855
5355.00000 0.10725
5360.00000 0.1303
5365.00000 0.1587
5370.00000 0.19235
5375.00000 0.2325
5380.00000 0.2803
5385.00000 0.3322
5390.00000 0.3889
5395.00000 0.4461
5400.00000 0.4993
5405.00000 0.5493
5410.00000 0.5865
5415.00000 0.61425
5420.00000 0.63475
5425.00000 0.646
5430.00000 0.65235
5435.00000 0.65645
5440.00000 0.65545
5445.00000 0.6565
5450.00000 0.65695
5455.00000 0.6547
5460.00000 0.65705
5465.00000 0.6582
5470.00000 0.6607
5475.00000 0.66375
5480.00000 0.6655
5485.00000 0.66905
5490.00000 0.6685
5495.00000 0.66935
5500.00000 0.6672
5505.00000 0.66515
5510.00000 0.66145
5515.00000 0.65385
5520.00000 0.6479
5525.00000 0.64035
5530.00000 0.63075
5535.00000 0.6234
5540.00000 0.61555
5545.00000 0.60545
5550.00000 0.5996
5555.00000 0.5934
5560.00000 0.58805
5565.00000 0.5838
5570.00000 0.58055
5575.00000 0.57965
5580.00000 0.57745
5585.00000 0.5747
5590.00000 0.5701
5595.00000 0.56165
5600.00000 0.55015
5605.00000 0.53175
5610.00000 0.50565
5615.00000 0.4739
5620.00000 0.4358
5625.00000 0.39115
5630.00000 0.3451
5635.00000 0.2994
5640.00000 0.2551
5645.00000 0.2149
5650.00000 0.1806
5655.00000 0.1507
5660.00000 0.12535
5665.00000 0.1048
5670.00000 0.08685
5675.00000 0.07245
5680.00000 0.0606
5685.00000 0.05105
5690.00000 0.043
5695.00000 0.0365
5700.00000 0.03105
5705.00000 0.0263
5710.00000 0.0227
5715.00000 0.0196
5720.00000 0.017
5725.00000 0.0147
5730.00000 0.0128
5735.00000 0.0112
5740.00000 0.0098
5745.00000 0.00865
5750.00000 0.0077
5755.00000 0.0068
5760.00000 0.006
5765.00000 0.00535
5770.00000 0.0048
5775.00000 0.0043
6352.50000 0.0
