threeML/data/optical_filters/KPNO/KP4in-Gunn_g.ecsv
# %ECSV 0.9
# ---
# datatype:
# - {name: wavelength, unit: Angstrom, datatype: float32}
# - {name: response, datatype: float32}
# meta: !!omap
# - {band_name: Gunn_g}
# - {group_name: KP4in}
wavelength response
3996.00000 0.0
4440.00000 0.00585
4450.00000 0.00865
4460.00000 0.0126
4470.00000 0.0184
4480.00000 0.02665
4490.00000 0.038
4500.00000 0.0533
4510.00000 0.0733
4520.00000 0.0981
4530.00000 0.12735
4540.00000 0.16105
4550.00000 0.1982
4560.00000 0.23855
4570.00000 0.2813
4580.00000 0.3265
4590.00000 0.3744
4600.00000 0.42515
4610.00000 0.4775
4620.00000 0.5311
4630.00000 0.58335
4640.00000 0.63285
4650.00000 0.67795
4660.00000 0.716
4670.00000 0.7467
4680.00000 0.76845
4690.00000 0.78325
4700.00000 0.79225
4710.00000 0.79665
4720.00000 0.79785
4730.00000 0.79705
4740.00000 0.7958
4750.00000 0.79495
4760.00000 0.7938
4770.00000 0.79355
4780.00000 0.7941
4790.00000 0.7952
4800.00000 0.7976
4810.00000 0.8001
4820.00000 0.803
4830.00000 0.80675
4840.00000 0.8098
4850.00000 0.8136
4860.00000 0.81725
4870.00000 0.8204
4880.00000 0.82385
4890.00000 0.82705
4900.00000 0.8303
4910.00000 0.83255
4920.00000 0.83405
4930.00000 0.83595
4940.00000 0.83595
4950.00000 0.8371
4960.00000 0.8372
4970.00000 0.83685
4980.00000 0.83675
4990.00000 0.837
5000.00000 0.8368
5010.00000 0.8368
5020.00000 0.83675
5030.00000 0.8368
5040.00000 0.83685
5050.00000 0.8367
5060.00000 0.83585
5070.00000 0.83575
5080.00000 0.83515
5090.00000 0.83435
5100.00000 0.83375
5110.00000 0.8336
5120.00000 0.8326
5130.00000 0.83185
5140.00000 0.83045
5150.00000 0.8295
5160.00000 0.8271
5170.00000 0.8235
5180.00000 0.81885
5190.00000 0.81105
5200.00000 0.8002
5210.00000 0.7852
5220.00000 0.766
5230.00000 0.741
5240.00000 0.71105
5250.00000 0.67525
5260.00000 0.63475
5270.00000 0.5895
5280.00000 0.5415
5290.00000 0.4913
5300.00000 0.44015
5310.00000 0.38955
5320.00000 0.3416
5330.00000 0.29605
5340.00000 0.25435
5350.00000 0.2168
5360.00000 0.18385
5370.00000 0.15485
5380.00000 0.13
5390.00000 0.10865
5400.00000 0.09035
5410.00000 0.0749
5420.00000 0.0622
5430.00000 0.0516
5440.00000 0.04275
5450.00000 0.0353
5460.00000 0.0294
5470.00000 0.02435
5480.00000 0.0203
5490.00000 0.01685
5500.00000 0.01405
5510.00000 0.01175
5520.00000 0.0098
5530.00000 0.00825
5540.00000 0.0069
5550.00000 0.0058
5560.00000 0.0049
5570.00000 0.0042
6127.00000 0.0
