threeML/data/optical_filters/KPNO/KP4in-Gunn_v.ecsv
# %ECSV 0.9
# ---
# datatype:
# - {name: wavelength, unit: Angstrom, datatype: float32}
# - {name: response, datatype: float32}
# meta: !!omap
# - {band_name: Gunn_v}
# - {group_name: KP4in}
wavelength response
3168.00000 0.0
3520.00000 0.00435
3530.00000 0.007
3540.00000 0.0108
3550.00000 0.0159
3560.00000 0.02235
3570.00000 0.0307
3580.00000 0.0407
3590.00000 0.05255
3600.00000 0.06615
3610.00000 0.08165
3620.00000 0.0984
3630.00000 0.1163
3640.00000 0.13555
3650.00000 0.15555
3660.00000 0.1756
3670.00000 0.1963
3680.00000 0.21675
3690.00000 0.23775
3700.00000 0.25865
3710.00000 0.27945
3720.00000 0.29935
3730.00000 0.31845
3740.00000 0.33755
3750.00000 0.3566
3760.00000 0.3752
3770.00000 0.3926
3780.00000 0.40945
3790.00000 0.4261
3800.00000 0.4413
3810.00000 0.4558
3820.00000 0.46945
3830.00000 0.48225
3840.00000 0.4945
3850.00000 0.5054
3860.00000 0.51575
3870.00000 0.5246
3880.00000 0.53275
3890.00000 0.5405
3900.00000 0.54595
3910.00000 0.55095
3920.00000 0.55485
3930.00000 0.55705
3940.00000 0.5583
3950.00000 0.55775
3960.00000 0.5572
3970.00000 0.55465
3980.00000 0.55095
3990.00000 0.54675
4000.00000 0.5413
4010.00000 0.53435
4020.00000 0.5269
4030.00000 0.51875
4040.00000 0.50915
4050.00000 0.49855
4060.00000 0.48795
4070.00000 0.47595
4080.00000 0.46335
4090.00000 0.4495
4100.00000 0.43485
4110.00000 0.41885
4120.00000 0.40175
4130.00000 0.3844
4140.00000 0.3651
4150.00000 0.34555
4160.00000 0.32555
4170.00000 0.30405
4180.00000 0.28325
4190.00000 0.26355
4200.00000 0.24625
4210.00000 0.23265
4220.00000 0.22155
4230.00000 0.2122
4240.00000 0.20325
4250.00000 0.1937
4260.00000 0.18335
4270.00000 0.1724
4280.00000 0.16125
4290.00000 0.15045
4300.00000 0.1399
4310.00000 0.1296
4320.00000 0.11995
4330.00000 0.1114
4340.00000 0.1032
4350.00000 0.09565
4360.00000 0.0886
4370.00000 0.08235
4380.00000 0.0762
4390.00000 0.07075
4400.00000 0.06545
4410.00000 0.0604
4420.00000 0.05585
4430.00000 0.05155
4440.00000 0.04745
4450.00000 0.0438
4460.00000 0.0403
4470.00000 0.037
4480.00000 0.034
4490.00000 0.0312
4500.00000 0.0286
4510.00000 0.02625
4520.00000 0.02405
4530.00000 0.02205
4540.00000 0.02025
4550.00000 0.01855
4560.00000 0.01695
4570.00000 0.0156
4580.00000 0.0144
4590.00000 0.01325
4600.00000 0.0123
4610.00000 0.01145
4620.00000 0.01065
4630.00000 0.0099
4640.00000 0.0091
4650.00000 0.0084
4660.00000 0.00775
4670.00000 0.0071
4680.00000 0.0065
4690.00000 0.00595
4700.00000 0.00545
4710.00000 0.005
4720.00000 0.0046
4730.00000 0.0042
5203.00000 0.0
