threeML/data/optical_filters/KPNO/KP4in-Gunn_r.ecsv
# %ECSV 0.9
# ---
# datatype:
# - {name: wavelength, unit: Angstrom, datatype: float32}
# - {name: response, datatype: float32}
# meta: !!omap
# - {band_name: Gunn_r}
# - {group_name: KP4in}
wavelength response
5319.00000 0.0
5910.00000 0.00465
5920.00000 0.00645
5930.00000 0.00895
5940.00000 0.0123
5950.00000 0.0168
5960.00000 0.0225
5970.00000 0.02985
5980.00000 0.0392
5990.00000 0.0506
6000.00000 0.06465
6010.00000 0.08145
6020.00000 0.10135
6030.00000 0.1239
6040.00000 0.14995
6050.00000 0.17815
6060.00000 0.2092
6070.00000 0.24225
6080.00000 0.277
6090.00000 0.313
6100.00000 0.3499
6110.00000 0.38675
6120.00000 0.4229
6130.00000 0.4588
6140.00000 0.493
6150.00000 0.5256
6160.00000 0.55565
6170.00000 0.58305
6180.00000 0.60785
6190.00000 0.63
6200.00000 0.6483
6210.00000 0.6648
6220.00000 0.6774
6230.00000 0.6882
6240.00000 0.69585
6250.00000 0.7016
6260.00000 0.7053
6270.00000 0.7084
6280.00000 0.70945
6290.00000 0.70925
6300.00000 0.70815
6310.00000 0.70655
6320.00000 0.70475
6330.00000 0.7028
6340.00000 0.6992
6350.00000 0.69655
6360.00000 0.693
6370.00000 0.68885
6380.00000 0.68605
6390.00000 0.68205
6400.00000 0.67805
6410.00000 0.67425
6420.00000 0.67095
6430.00000 0.66675
6440.00000 0.66285
6450.00000 0.6576
6460.00000 0.6545
6470.00000 0.65095
6480.00000 0.6467
6490.00000 0.64295
6500.00000 0.63895
6510.00000 0.6346
6520.00000 0.6298
6530.00000 0.62635
6540.00000 0.62225
6550.00000 0.61745
6560.00000 0.6132
6570.00000 0.60835
6580.00000 0.6048
6590.00000 0.59975
6600.00000 0.5948
6610.00000 0.59065
6620.00000 0.5852
6630.00000 0.58025
6640.00000 0.57515
6650.00000 0.57035
6660.00000 0.5646
6670.00000 0.55935
6680.00000 0.5533
6690.00000 0.5473
6700.00000 0.54085
6710.00000 0.5343
6720.00000 0.52795
6730.00000 0.52105
6740.00000 0.5136
6750.00000 0.5059
6760.00000 0.4978
6770.00000 0.49015
6780.00000 0.48145
6790.00000 0.4724
6800.00000 0.4634
6810.00000 0.45365
6820.00000 0.4434
6830.00000 0.4325
6840.00000 0.4215
6850.00000 0.40985
6860.00000 0.39665
6870.00000 0.3837
6880.00000 0.3702
6890.00000 0.35605
6900.00000 0.34065
6910.00000 0.32515
6920.00000 0.3091
6930.00000 0.29295
6940.00000 0.27605
6950.00000 0.2583
6960.00000 0.24165
6970.00000 0.2248
6980.00000 0.20825
6990.00000 0.1921
7000.00000 0.17605
7010.00000 0.1608
7020.00000 0.14635
7030.00000 0.1327
7040.00000 0.12005
7050.00000 0.10845
7060.00000 0.09735
7070.00000 0.08725
7080.00000 0.0781
7090.00000 0.06965
7100.00000 0.06195
7110.00000 0.05495
7120.00000 0.04885
7130.00000 0.04345
7140.00000 0.0386
7150.00000 0.0341
7160.00000 0.0302
7170.00000 0.02655
7180.00000 0.02345
7190.00000 0.0209
7200.00000 0.01845
7210.00000 0.01615
7220.00000 0.01425
7230.00000 0.0125
7240.00000 0.011
7250.00000 0.00975
7260.00000 0.00855
7270.00000 0.00755
7280.00000 0.0067
7290.00000 0.0059
7300.00000 0.00515
7310.00000 0.00455
7320.00000 0.004
8052.00000 0.0
