threeML/data/optical_filters/KPNO/KP4in-Strom_u.ecsv
# %ECSV 0.9
# ---
# datatype:
# - {name: wavelength, unit: Angstrom, datatype: float32}
# - {name: response, datatype: float32}
# meta: !!omap
# - {band_name: Strom_u}
# - {group_name: KP4in}
wavelength response
2938.50000 0.0
3265.00000 0.00435
3270.00000 0.00575
3275.00000 0.00745
3280.00000 0.0094
3285.00000 0.01175
3290.00000 0.01485
3295.00000 0.018
3300.00000 0.0219
3305.00000 0.02635
3310.00000 0.03125
3315.00000 0.03685
3320.00000 0.04255
3325.00000 0.0495
3330.00000 0.05645
3335.00000 0.06425
3340.00000 0.07275
3345.00000 0.08195
3350.00000 0.0909
3355.00000 0.1006
3360.00000 0.1102
3365.00000 0.1208
3370.00000 0.13225
3375.00000 0.14255
3380.00000 0.1545
3385.00000 0.16505
3390.00000 0.1775
3395.00000 0.1875
3400.00000 0.1994
3405.00000 0.2107
3410.00000 0.22215
3415.00000 0.2327
3420.00000 0.2433
3425.00000 0.2528
3430.00000 0.2635
3435.00000 0.2738
3440.00000 0.28255
3445.00000 0.29215
3450.00000 0.2999
3455.00000 0.30895
3460.00000 0.3157
3465.00000 0.3231
3470.00000 0.33075
3475.00000 0.33785
3480.00000 0.34355
3485.00000 0.3498
3490.00000 0.354
3495.00000 0.3591
3500.00000 0.36245
3505.00000 0.36605
3510.00000 0.369
3515.00000 0.3715
3520.00000 0.3738
3525.00000 0.3757
3530.00000 0.37665
3535.00000 0.3752
3540.00000 0.37535
3545.00000 0.3745
3550.00000 0.37275
3555.00000 0.37055
3560.00000 0.36805
3565.00000 0.36425
3570.00000 0.3603
3575.00000 0.35685
3580.00000 0.35245
3585.00000 0.34715
3590.00000 0.34185
3595.00000 0.3357
3600.00000 0.3302
3605.00000 0.3218
3610.00000 0.3141
3615.00000 0.3061
3620.00000 0.2983
3625.00000 0.28885
3630.00000 0.27925
3635.00000 0.2696
3640.00000 0.26175
3645.00000 0.25005
3650.00000 0.2401
3655.00000 0.22895
3660.00000 0.2186
3665.00000 0.20715
3670.00000 0.196
3675.00000 0.18475
3680.00000 0.17355
3685.00000 0.1624
3690.00000 0.1517
3695.00000 0.1402
3700.00000 0.12865
3705.00000 0.11805
3710.00000 0.10835
3715.00000 0.09815
3720.00000 0.0884
3725.00000 0.0799
3730.00000 0.0708
3735.00000 0.06245
3740.00000 0.0547
3745.00000 0.0475
3750.00000 0.04105
3755.00000 0.0349
3760.00000 0.0292
3765.00000 0.0244
3770.00000 0.0202
3775.00000 0.01605
3780.00000 0.01305
3785.00000 0.0102
3790.00000 0.00805
3795.00000 0.00615
3800.00000 0.00465
4180.00000 0.0
