threeML/data/optical_filters/KPNO/Mosaic-V.ecsv
# %ECSV 0.9
# ---
# datatype:
# - {name: wavelength, unit: Angstrom, datatype: float32}
# - {name: response, datatype: float32}
# meta: !!omap
# - {band_name: V}
# - {group_name: Mosaic}
wavelength response
3960.00000 0.0
4400.00000 5e-05
4402.00000 0.0
4404.00000 5e-05
4406.00000 0.0
4408.00000 0.0
4410.00000 0.0
4412.00000 5e-05
4414.00000 5e-05
4416.00000 5e-05
4418.00000 0.0
4420.00000 0.0
4422.00000 0.0
4424.00000 0.0
4426.00000 0.0
4428.00000 0.0
4430.00000 0.0
4432.00000 5e-05
4434.00000 0.0
4436.00000 0.0
4438.00000 0.0
4440.00000 0.0
4442.00000 0.0
4444.00000 0.0
4446.00000 0.0
4448.00000 0.0
4450.00000 0.0
4452.00000 0.0
4454.00000 5e-05
4456.00000 0.0
4458.00000 5e-05
4460.00000 0.0
4462.00000 0.0
4464.00000 5e-05
4466.00000 5e-05
4468.00000 5e-05
4470.00000 0.0
4472.00000 0.0
4474.00000 0.0
4476.00000 0.0
4478.00000 5e-05
4480.00000 0.0
4482.00000 0.0
4484.00000 0.0
4486.00000 0.0
4488.00000 0.0001
4490.00000 0.0
4492.00000 0.0
4494.00000 5e-05
4496.00000 0.0
4498.00000 0.0
4500.00000 0.0
4502.00000 0.0
4504.00000 0.0
4506.00000 0.0
4508.00000 5e-05
4510.00000 0.0
4512.00000 5e-05
4514.00000 5e-05
4516.00000 0.0
4518.00000 0.0
4520.00000 5e-05
4522.00000 5e-05
4524.00000 0.0
4526.00000 0.0
4528.00000 5e-05
4530.00000 5e-05
4532.00000 5e-05
4534.00000 0.0
4536.00000 5e-05
4538.00000 0.0
4540.00000 5e-05
4542.00000 0.0
4544.00000 5e-05
4546.00000 5e-05
4548.00000 0.0
4550.00000 5e-05
4552.00000 5e-05
4554.00000 0.0
4556.00000 0.0
4558.00000 5e-05
4560.00000 0.0
4562.00000 0.0
4564.00000 5e-05
4566.00000 0.0
4568.00000 0.0
4570.00000 5e-05
4572.00000 5e-05
4574.00000 5e-05
4576.00000 0.0
4578.00000 0.0
4580.00000 0.0
4582.00000 0.0
4584.00000 0.0
4586.00000 5e-05
4588.00000 0.0
4590.00000 0.0
4592.00000 5e-05
4594.00000 0.0
4596.00000 0.0
4598.00000 0.0
4600.00000 0.0
4602.00000 0.0
4604.00000 5e-05
4606.00000 0.0
4608.00000 0.0
4610.00000 0.0
4612.00000 0.0
4614.00000 0.0
4616.00000 0.0
4618.00000 0.0
4620.00000 5e-05
4622.00000 0.0
4624.00000 0.0
4626.00000 0.0
4628.00000 0.0
4630.00000 0.0
4632.00000 0.0
4634.00000 0.0
4636.00000 0.0
4638.00000 0.0
4640.00000 0.0
4642.00000 0.0
4644.00000 5e-05
4646.00000 0.0
4648.00000 0.0
4650.00000 0.0
4652.00000 0.0
4654.00000 0.0
4656.00000 0.0
4658.00000 0.0
4660.00000 5e-05
4662.00000 0.0
4664.00000 0.0
4666.00000 0.0
4668.00000 5e-05
4670.00000 0.0
4672.00000 0.0
4674.00000 5e-05
4676.00000 0.0
4678.00000 0.0
4680.00000 0.0
4682.00000 0.0
4684.00000 0.0
4686.00000 0.0
4688.00000 0.0
4690.00000 0.0
4692.00000 0.0
4694.00000 5e-05
4696.00000 0.0
4698.00000 0.0
4700.00000 0.0
4702.00000 0.0
4704.00000 0.0
4706.00000 0.0
4708.00000 0.0
4710.00000 0.0
4712.00000 0.0
4714.00000 0.0
4716.00000 0.0
4718.00000 0.0
4720.00000 5e-05
4722.00000 0.0
4724.00000 0.0
4726.00000 0.0
4728.00000 0.0
4730.00000 0.0
4732.00000 0.0
4734.00000 5e-05
4736.00000 0.0
4738.00000 0.0
4740.00000 0.0
4742.00000 0.0
4744.00000 0.0
4746.00000 0.0
4748.00000 0.0
4750.00000 5e-05
4752.00000 0.0
4754.00000 5e-05
4756.00000 5e-05
4758.00000 5e-05
4760.00000 5e-05
4762.00000 5e-05
4764.00000 5e-05
4766.00000 5e-05
4768.00000 5e-05
4770.00000 0.00015
4772.00000 0.00015
4774.00000 0.00025
4776.00000 0.00025
4778.00000 0.00035
4780.00000 0.0004
4782.00000 0.00055
4784.00000 0.0007
4786.00000 0.0009
4788.00000 0.00105
4790.00000 0.0013
4792.00000 0.00165
4794.00000 0.0021
4796.00000 0.0025
4798.00000 0.00305
4800.00000 0.00375
4802.00000 0.00445
4804.00000 0.00535
4806.00000 0.00655
4808.00000 0.0077
4810.00000 0.0091
4812.00000 0.01075
4814.00000 0.01275
4816.00000 0.0149
4818.00000 0.01755
4820.00000 0.0198
4822.00000 0.02315
4824.00000 0.02635
4826.00000 0.03045
4828.00000 0.0345
4830.00000 0.03855
4832.00000 0.0438
4834.00000 0.0492
4836.00000 0.05485
4838.00000 0.06145
4840.00000 0.0679
4842.00000 0.0758
4844.00000 0.08345
4846.00000 0.092
4848.00000 0.10035
4850.00000 0.10935
4852.00000 0.11925
4854.00000 0.1291
4856.00000 0.13965
4858.00000 0.1503
4860.00000 0.16085
4862.00000 0.172
4864.00000 0.1843
4866.00000 0.1967
4868.00000 0.20855
4870.00000 0.22125
4872.00000 0.23325
4874.00000 0.24705
4876.00000 0.2613
4878.00000 0.2729
4880.00000 0.28545
4882.00000 0.29975
4884.00000 0.31325
4886.00000 0.3272
4888.00000 0.34215
4890.00000 0.35465
4892.00000 0.36845
4894.00000 0.38115
4896.00000 0.39485
4898.00000 0.4093
4900.00000 0.4219
4902.00000 0.4353
4904.00000 0.4477
4906.00000 0.46025
4908.00000 0.4724
4910.00000 0.48485
4912.00000 0.49765
4914.00000 0.50785
4916.00000 0.51995
4918.00000 0.52975
4920.00000 0.54095
4922.00000 0.55195
4924.00000 0.56165
4926.00000 0.57205
4928.00000 0.58045
4930.00000 0.5918
4932.00000 0.59985
4934.00000 0.60795
4936.00000 0.61865
4938.00000 0.626
4940.00000 0.6359
4942.00000 0.64355
4944.00000 0.652
4946.00000 0.65695
4948.00000 0.66725
4950.00000 0.6747
4952.00000 0.6818
4954.00000 0.687
4956.00000 0.6936
4958.00000 0.7007
4960.00000 0.70815
4962.00000 0.7138
4964.00000 0.71915
4966.00000 0.72475
4968.00000 0.73055
4970.00000 0.7357
4972.00000 0.74
4974.00000 0.7464
4976.00000 0.74965
4978.00000 0.7543
4980.00000 0.75875
4982.00000 0.76265
4984.00000 0.76625
4986.00000 0.772
4988.00000 0.7764
4990.00000 0.77875
4992.00000 0.78135
4994.00000 0.78535
4996.00000 0.78885
4998.00000 0.7931
5000.00000 0.79545
5002.00000 0.7994
5004.00000 0.8027
5006.00000 0.80515
5008.00000 0.80915
5010.00000 0.81085
5012.00000 0.812
5014.00000 0.8133
5016.00000 0.8157
5018.00000 0.8189
5020.00000 0.8215
5022.00000 0.8229
5024.00000 0.8258
5026.00000 0.82775
5028.00000 0.8291
5030.00000 0.83145
5032.00000 0.83305
5034.00000 0.8342
5036.00000 0.8373
5038.00000 0.839
5040.00000 0.84045
5042.00000 0.84175
5044.00000 0.8415
5046.00000 0.8439
5048.00000 0.8447
5050.00000 0.8454
5052.00000 0.84745
5054.00000 0.8483
5056.00000 0.8515
5058.00000 0.8511
5060.00000 0.852
5062.00000 0.8539
5064.00000 0.8533
5066.00000 0.85605
5068.00000 0.8553
5070.00000 0.8562
5072.00000 0.8572
5074.00000 0.85775
5076.00000 0.8586
5078.00000 0.86
5080.00000 0.8603
5082.00000 0.8596
5084.00000 0.86235
5086.00000 0.86325
5088.00000 0.8648
5090.00000 0.8647
5092.00000 0.86325
5094.00000 0.86745
5096.00000 0.86645
5098.00000 0.86555
5100.00000 0.86575
5102.00000 0.8678
5104.00000 0.86855
5106.00000 0.86775
5108.00000 0.86815
5110.00000 0.8687
5112.00000 0.8703
5114.00000 0.86845
5116.00000 0.86935
5118.00000 0.872
5120.00000 0.8723
5122.00000 0.87025
5124.00000 0.8702
5126.00000 0.8724
5128.00000 0.87365
5130.00000 0.87315
5132.00000 0.8735
5134.00000 0.8744
5136.00000 0.87255
5138.00000 0.87365
5140.00000 0.8748
5142.00000 0.8751
5144.00000 0.8735
5146.00000 0.8742
5148.00000 0.87255
5150.00000 0.87115
5152.00000 0.8756
5154.00000 0.8756
5156.00000 0.87325
5158.00000 0.87375
5160.00000 0.87405
5162.00000 0.87465
5164.00000 0.8731
5166.00000 0.8743
5168.00000 0.876
5170.00000 0.8773
5172.00000 0.87485
5174.00000 0.87365
5176.00000 0.87515
5178.00000 0.8727
5180.00000 0.876
5182.00000 0.87385
5184.00000 0.8758
5186.00000 0.8758
5188.00000 0.8757
5190.00000 0.8751
5192.00000 0.8743
5194.00000 0.87365
5196.00000 0.87355
5198.00000 0.8739
5200.00000 0.8767
5202.00000 0.877
5204.00000 0.87305
5206.00000 0.87255
5208.00000 0.8755
5210.00000 0.8759
5212.00000 0.87315
5214.00000 0.8735
5216.00000 0.875
5218.00000 0.87195
5220.00000 0.8739
5222.00000 0.87445
5224.00000 0.87175
5226.00000 0.87335
5228.00000 0.87175
5230.00000 0.87265
5232.00000 0.86965
5234.00000 0.87305
5236.00000 0.87215
5238.00000 0.8693
5240.00000 0.87065
5242.00000 0.8715
5244.00000 0.8705
5246.00000 0.87125
5248.00000 0.86965
5250.00000 0.8681
5252.00000 0.86825
5254.00000 0.8706
5256.00000 0.87015
5258.00000 0.8672
5260.00000 0.86715
5262.00000 0.86725
5264.00000 0.8667
5266.00000 0.8693
5268.00000 0.8688
5270.00000 0.8681
5272.00000 0.86505
5274.00000 0.8661
5276.00000 0.86455
5278.00000 0.86195
5280.00000 0.8629
5282.00000 0.8671
5284.00000 0.8665
5286.00000 0.8648
5288.00000 0.86135
5290.00000 0.86385
5292.00000 0.8629
5294.00000 0.8647
5296.00000 0.8624
5298.00000 0.8602
5300.00000 0.86095
5302.00000 0.85985
5304.00000 0.8614
5306.00000 0.8608
5308.00000 0.86055
5310.00000 0.85825
5312.00000 0.86
5314.00000 0.8571
5316.00000 0.85845
5318.00000 0.85545
5320.00000 0.85755
5322.00000 0.8534
5324.00000 0.85475
5326.00000 0.8563
5328.00000 0.85575
5330.00000 0.8542
5332.00000 0.85315
5334.00000 0.8527
5336.00000 0.8513
5338.00000 0.85115
5340.00000 0.8507
5342.00000 0.8491
5344.00000 0.8498
5346.00000 0.84955
5348.00000 0.84765
5350.00000 0.8487
5352.00000 0.8453
5354.00000 0.8458
5356.00000 0.84635
5358.00000 0.84485
5360.00000 0.84565
5362.00000 0.84165
5364.00000 0.84075
5366.00000 0.84355
5368.00000 0.8404
5370.00000 0.84225
5372.00000 0.84065
5374.00000 0.83835
5376.00000 0.83915
5378.00000 0.8399
5380.00000 0.83865
5382.00000 0.8382
5384.00000 0.83725
5386.00000 0.83275
5388.00000 0.83045
5390.00000 0.83315
5392.00000 0.83315
5394.00000 0.83195
5396.00000 0.8314
5398.00000 0.83195
5400.00000 0.829
5402.00000 0.827
5404.00000 0.8251
5406.00000 0.82585
5408.00000 0.82795
5410.00000 0.82475
5412.00000 0.8253
5414.00000 0.8259
5416.00000 0.82075
5418.00000 0.8235
5420.00000 0.82155
5422.00000 0.8205
5424.00000 0.8193
5426.00000 0.81765
5428.00000 0.81625
5430.00000 0.8144
5432.00000 0.81155
5434.00000 0.81255
5436.00000 0.81245
5438.00000 0.81275
5440.00000 0.81025
5442.00000 0.8125
5444.00000 0.8121
5446.00000 0.8115
5448.00000 0.806
5450.00000 0.80545
5452.00000 0.80505
5454.00000 0.80715
5456.00000 0.8005
5458.00000 0.8034
5460.00000 0.7988
5462.00000 0.80115
5464.00000 0.80225
5466.00000 0.7984
5468.00000 0.7981
5470.00000 0.7963
5472.00000 0.7974
5474.00000 0.794
5476.00000 0.7913
5478.00000 0.7905
5480.00000 0.7893
5482.00000 0.7876
5484.00000 0.7863
5486.00000 0.78735
5488.00000 0.7871
5490.00000 0.7844
5492.00000 0.7818
5494.00000 0.78305
5496.00000 0.78165
5498.00000 0.77965
5500.00000 0.7801
5502.00000 0.7792
5504.00000 0.777
5506.00000 0.77715
5508.00000 0.77185
5510.00000 0.77285
5512.00000 0.77
5514.00000 0.7696
5516.00000 0.76685
5518.00000 0.769
5520.00000 0.76315
5522.00000 0.7637
5524.00000 0.76325
5526.00000 0.7615
5528.00000 0.76265
5530.00000 0.75915
5532.00000 0.7592
5534.00000 0.7592
5536.00000 0.753
5538.00000 0.75115
5540.00000 0.7493
5542.00000 0.74995
5544.00000 0.74775
5546.00000 0.7462
5548.00000 0.74365
5550.00000 0.7442
5552.00000 0.74305
5554.00000 0.74225
5556.00000 0.7438
5558.00000 0.73565
5560.00000 0.73775
5562.00000 0.73445
5564.00000 0.7313
5566.00000 0.73295
5568.00000 0.73195
5570.00000 0.73085
5572.00000 0.7277
5574.00000 0.7269
5576.00000 0.72225
5578.00000 0.72235
5580.00000 0.72175
5582.00000 0.71785
5584.00000 0.71755
5586.00000 0.718
5588.00000 0.71445
5590.00000 0.7122
5592.00000 0.7108
5594.00000 0.709
5596.00000 0.7069
5598.00000 0.7037
5600.00000 0.7041
5602.00000 0.7038
5604.00000 0.7022
5606.00000 0.69895
5608.00000 0.6984
5610.00000 0.69485
5612.00000 0.69475
5614.00000 0.6937
5616.00000 0.69205
5618.00000 0.6894
5620.00000 0.68445
5622.00000 0.68385
5624.00000 0.68085
5626.00000 0.67875
5628.00000 0.6802
5630.00000 0.6794
5632.00000 0.67685
5634.00000 0.67385
5636.00000 0.67215
5638.00000 0.67045
5640.00000 0.6686
5642.00000 0.6681
5644.00000 0.66445
5646.00000 0.66365
5648.00000 0.66005
5650.00000 0.66115
5652.00000 0.6589
5654.00000 0.6533
5656.00000 0.6539
5658.00000 0.64955
5660.00000 0.65005
5662.00000 0.64685
5664.00000 0.64445
5666.00000 0.64495
5668.00000 0.63975
5670.00000 0.6383
5672.00000 0.63835
5674.00000 0.6345
5676.00000 0.6339
5678.00000 0.63165
5680.00000 0.6271
5682.00000 0.6285
5684.00000 0.62645
5686.00000 0.62335
5688.00000 0.6218
5690.00000 0.61775
5692.00000 0.617
5694.00000 0.6137
5696.00000 0.613
5698.00000 0.61005
5700.00000 0.608
5702.00000 0.60435
5704.00000 0.60465
5706.00000 0.6008
5708.00000 0.59945
5710.00000 0.5977
5712.00000 0.59585
5714.00000 0.59365
5716.00000 0.5895
5718.00000 0.58905
5720.00000 0.58785
5722.00000 0.5837
5724.00000 0.58235
5726.00000 0.5792
5728.00000 0.57825
5730.00000 0.5751
5732.00000 0.5757
5734.00000 0.57155
5736.00000 0.5686
5738.00000 0.567
5740.00000 0.566
5742.00000 0.5619
5744.00000 0.5608
5746.00000 0.55795
5748.00000 0.55645
5750.00000 0.5532
5752.00000 0.54985
5754.00000 0.5469
5756.00000 0.5467
5758.00000 0.54425
5760.00000 0.5423
5762.00000 0.53915
5764.00000 0.5353
5766.00000 0.53385
5768.00000 0.53285
5770.00000 0.52905
5772.00000 0.52995
5774.00000 0.52605
5776.00000 0.52535
5778.00000 0.5206
5780.00000 0.51745
5782.00000 0.51535
5784.00000 0.5141
5786.00000 0.5114
5788.00000 0.50935
5790.00000 0.50675
5792.00000 0.504
5794.00000 0.5022
5796.00000 0.49855
5798.00000 0.4965
5800.00000 0.4952
5802.00000 0.4913
5804.00000 0.4905
5806.00000 0.4873
5808.00000 0.48545
5810.00000 0.48155
5812.00000 0.4799
5814.00000 0.4778
5816.00000 0.47595
5818.00000 0.47265
5820.00000 0.4718
5822.00000 0.46855
5824.00000 0.46685
5826.00000 0.4643
5828.00000 0.4606
5830.00000 0.45775
5832.00000 0.45625
5834.00000 0.455
5836.00000 0.45125
5838.00000 0.45075
5840.00000 0.44735
5842.00000 0.4451
5844.00000 0.4427
5846.00000 0.44
5848.00000 0.43845
5850.00000 0.43545
5852.00000 0.4327
5854.00000 0.4318
5856.00000 0.42875
5858.00000 0.42565
5860.00000 0.4236
5862.00000 0.42065
5864.00000 0.41915
5866.00000 0.41595
5868.00000 0.4142
5870.00000 0.41035
5872.00000 0.408
5874.00000 0.40705
5876.00000 0.4046
5878.00000 0.4019
5880.00000 0.39835
5882.00000 0.3978
5884.00000 0.3955
5886.00000 0.3923
5888.00000 0.3898
5890.00000 0.38945
5892.00000 0.386
5894.00000 0.3828
5896.00000 0.38125
5898.00000 0.37955
5900.00000 0.37635
5902.00000 0.3734
5904.00000 0.3707
5906.00000 0.36945
5908.00000 0.3671
5910.00000 0.36405
5912.00000 0.36185
5914.00000 0.3604
5916.00000 0.356
5918.00000 0.35545
5920.00000 0.3528
5922.00000 0.3501
5924.00000 0.3478
5926.00000 0.3464
5928.00000 0.3447
5930.00000 0.3408
5932.00000 0.33905
5934.00000 0.33675
5936.00000 0.3334
5938.00000 0.33225
5940.00000 0.33055
5942.00000 0.32665
5944.00000 0.32535
5946.00000 0.3225
5948.00000 0.3214
5950.00000 0.3179
5952.00000 0.31585
5954.00000 0.31405
5956.00000 0.3116
5958.00000 0.3103
5960.00000 0.30855
5962.00000 0.3051
5964.00000 0.3029
5966.00000 0.30135
5968.00000 0.2988
5970.00000 0.2965
5972.00000 0.2941
5974.00000 0.2916
5976.00000 0.291
5978.00000 0.28905
5980.00000 0.28695
5982.00000 0.28395
5984.00000 0.28165
5986.00000 0.28005
5988.00000 0.2768
5990.00000 0.27525
5992.00000 0.2742
5994.00000 0.27085
5996.00000 0.26725
5998.00000 0.26675
6000.00000 0.2647
6002.00000 0.2615
6004.00000 0.261
6006.00000 0.25905
6008.00000 0.25665
6010.00000 0.25485
6012.00000 0.25235
6014.00000 0.24935
6016.00000 0.24915
6018.00000 0.24625
6020.00000 0.24375
6022.00000 0.2421
6024.00000 0.23965
6026.00000 0.23885
6028.00000 0.2369
6030.00000 0.2344
6032.00000 0.2335
6034.00000 0.22925
6036.00000 0.2289
6038.00000 0.2269
6040.00000 0.2244
6042.00000 0.2226
6044.00000 0.22115
6046.00000 0.21925
6048.00000 0.21665
6050.00000 0.2154
6052.00000 0.2136
6054.00000 0.21065
6056.00000 0.20925
6058.00000 0.2084
6060.00000 0.2063
6062.00000 0.20455
6064.00000 0.20275
6066.00000 0.2005
6068.00000 0.19935
6070.00000 0.1975
6072.00000 0.1954
6074.00000 0.19255
6076.00000 0.19115
6078.00000 0.1894
6080.00000 0.1881
6082.00000 0.1867
6084.00000 0.1838
6086.00000 0.1824
6088.00000 0.1809
6090.00000 0.1794
6092.00000 0.17745
6094.00000 0.1756
6096.00000 0.1738
6098.00000 0.1726
6100.00000 0.17135
6102.00000 0.1695
6104.00000 0.16775
6106.00000 0.16545
6108.00000 0.1641
6110.00000 0.1628
6112.00000 0.16075
6114.00000 0.1603
6116.00000 0.1575
6118.00000 0.15695
6120.00000 0.15475
6122.00000 0.15255
6124.00000 0.15165
6126.00000 0.1501
6128.00000 0.14795
6130.00000 0.1471
6132.00000 0.14665
6134.00000 0.1438
6136.00000 0.14255
6138.00000 0.1423
6140.00000 0.1401
6142.00000 0.13885
6144.00000 0.1368
6146.00000 0.13555
6148.00000 0.13395
6150.00000 0.13325
6152.00000 0.1313
6154.00000 0.12985
6156.00000 0.12885
6158.00000 0.12725
6160.00000 0.12635
6162.00000 0.1244
6164.00000 0.12335
6166.00000 0.12225
6168.00000 0.1212
6170.00000 0.11985
6172.00000 0.118
6174.00000 0.1169
6176.00000 0.11525
6178.00000 0.11495
6180.00000 0.11245
6182.00000 0.11165
6184.00000 0.11115
6186.00000 0.1095
6188.00000 0.1076
