threeML/data/optical_filters/KPNO/Mosaic-B.ecsv
# %ECSV 0.9
# ---
# datatype:
# - {name: wavelength, unit: Angstrom, datatype: float32}
# - {name: response, datatype: float32}
# meta: !!omap
# - {band_name: B}
# - {group_name: Mosaic}
wavelength response
[from data line 868]
5334.00000 0.016
5336.00000 0.0158
5338.00000 0.0156
5340.00000 0.01535
5342.00000 0.0153
5344.00000 0.015
5346.00000 0.0149
5348.00000 0.015
5350.00000 0.0147
5352.00000 0.0145
5354.00000 0.01435
5356.00000 0.0141
5358.00000 0.01415
5360.00000 0.0139
5362.00000 0.01405
5364.00000 0.0139
5366.00000 0.0136
5368.00000 0.01355
5370.00000 0.0133
5372.00000 0.01325
5374.00000 0.0134
5376.00000 0.01315
5378.00000 0.0132
5380.00000 0.01315
5382.00000 0.01295
5384.00000 0.01295
5386.00000 0.01285
5388.00000 0.0127
5390.00000 0.01275
5392.00000 0.01235
5394.00000 0.01265
5396.00000 0.0125
5398.00000 0.01235
5400.00000 0.0124
5402.00000 0.0125
5404.00000 0.01215
5406.00000 0.01245
5408.00000 0.01235
5410.00000 0.01215
5412.00000 0.0125
5414.00000 0.0122
5416.00000 0.0122
5418.00000 0.0122
5420.00000 0.0121
5422.00000 0.01215
5424.00000 0.01225
5426.00000 0.01235
5428.00000 0.0122
5430.00000 0.01225
5432.00000 0.0122
5434.00000 0.01245
5436.00000 0.01235
5438.00000 0.0126
5440.00000 0.01235
5442.00000 0.01245
5444.00000 0.01245
5446.00000 0.01275
5448.00000 0.0125
5450.00000 0.01275
5452.00000 0.0126
5454.00000 0.01275
5456.00000 0.013
5458.00000 0.01295
5460.00000 0.01305
5462.00000 0.01285
5464.00000 0.0132
5466.00000 0.0134
5468.00000 0.01345
5470.00000 0.01335
5472.00000 0.0138
5474.00000 0.01385
5476.00000 0.0138
5478.00000 0.0141
5480.00000 0.01425
5482.00000 0.01415
5484.00000 0.0143
5486.00000 0.01435
5488.00000 0.0145
5490.00000 0.01495
5492.00000 0.01475
5494.00000 0.01515
5496.00000 0.0153
5498.00000 0.01535
5500.00000 0.01535
5502.00000 0.01555
5504.00000 0.016
5506.00000 0.01615
5508.00000 0.01645
5510.00000 0.0163
5512.00000 0.01665
5514.00000 0.01705
5516.00000 0.01695
5518.00000 0.0171
5520.00000 0.01745
5522.00000 0.01765
5524.00000 0.0178
5526.00000 0.018
5528.00000 0.01815
5530.00000 0.0181
5532.00000 0.01865
5534.00000 0.0185
5536.00000 0.01895
5538.00000 0.0191
5540.00000 0.01935
5542.00000 0.0194
5544.00000 0.01965
5546.00000 0.0195
5548.00000 0.01975
5550.00000 0.0202
5552.00000 0.0203
5554.00000 0.02045
5556.00000 0.0205
5558.00000 0.0208
5560.00000 0.02085
5562.00000 0.0211
5564.00000 0.0212
5566.00000 0.0213
5568.00000 0.02145
5570.00000 0.02135
5572.00000 0.0216
5574.00000 0.0217
5576.00000 0.02205
5578.00000 0.02205
5580.00000 0.02215
5582.00000 0.02195
5584.00000 0.0225
5586.00000 0.02225
5588.00000 0.0224
5590.00000 0.02255
5592.00000 0.02225
5594.00000 0.0223
5596.00000 0.02235
5598.00000 0.02265
5600.00000 0.02265
5602.00000 0.02225
5604.00000 0.0222
5606.00000 0.0223
5608.00000 0.02225
5610.00000 0.022
5612.00000 0.0221
5614.00000 0.02235
5616.00000 0.02205
5618.00000 0.02215
5620.00000 0.02195
5622.00000 0.02195
5624.00000 0.0215
5626.00000 0.0217
5628.00000 0.02155
5630.00000 0.02155
5632.00000 0.02125
5634.00000 0.02115
5636.00000 0.021
5638.00000 0.02105
5640.00000 0.02065
5642.00000 0.02095
5644.00000 0.0204
5646.00000 0.02015
5648.00000 0.02035
5650.00000 0.02
5652.00000 0.01985
5654.00000 0.0195
5656.00000 0.01935
5658.00000 0.0193
5660.00000 0.0192
5662.00000 0.0189
5664.00000 0.01875
5666.00000 0.01835
5668.00000 0.01815
5670.00000 0.01795
5672.00000 0.0179
5674.00000 0.01765
5676.00000 0.01735
5678.00000 0.017
5680.00000 0.0165
5682.00000 0.01685
5684.00000 0.01635
5686.00000 0.01605
5688.00000 0.0158
5690.00000 0.01575
5692.00000 0.01535
5694.00000 0.015
5696.00000 0.01485
5698.00000 0.01465
5700.00000 0.01415
5702.00000 0.014
5704.00000 0.0138
5706.00000 0.01355
5708.00000 0.01345
5710.00000 0.013
5712.00000 0.0129
5714.00000 0.01255
5716.00000 0.0124
5718.00000 0.01205
5720.00000 0.0117
5722.00000 0.0114
5724.00000 0.01105
5726.00000 0.0109
5728.00000 0.0108
5730.00000 0.0105
5732.00000 0.01035
5734.00000 0.0101
5736.00000 0.0098
5738.00000 0.00955
5740.00000 0.00945
5742.00000 0.00915
5744.00000 0.00905
5746.00000 0.0086
5748.00000 0.00835
5750.00000 0.00815
5752.00000 0.00795
5754.00000 0.00775
5756.00000 0.00745
5758.00000 0.00715
5760.00000 0.0072
5762.00000 0.00685
5764.00000 0.0068
5766.00000 0.00665
5768.00000 0.0064
5770.00000 0.0063
5772.00000 0.006
5774.00000 0.00555
5776.00000 0.0055
5778.00000 0.00535
5780.00000 0.00525
5782.00000 0.00505
5784.00000 0.00495
5786.00000 0.00485
5788.00000 0.0045
5790.00000 0.00445
5792.00000 0.00425
5794.00000 0.0041
5796.00000 0.00405
5798.00000 0.00385
5800.00000 0.0037
5802.00000 0.00355
5804.00000 0.00345
5806.00000 0.00335
5808.00000 0.0032
5810.00000 0.00305
5812.00000 0.003
5814.00000 0.00285
5816.00000 0.00285
5818.00000 0.00265
5820.00000 0.0026
5822.00000 0.00265
5824.00000 0.0024
5826.00000 0.00235
5828.00000 0.00225
5830.00000 0.0021
5832.00000 0.002
5834.00000 0.00205
5836.00000 0.0019
5838.00000 0.00185
5840.00000 0.0018
5842.00000 0.0017
5844.00000 0.00165
5846.00000 0.00165
5848.00000 0.00145
5850.00000 0.0014
5852.00000 0.0013
5854.00000 0.00135
5856.00000 0.0013
5858.00000 0.00135
5860.00000 0.0012
5862.00000 0.00115
5864.00000 0.0012
5866.00000 0.0011
5868.00000 0.001
5870.00000 0.001
5872.00000 0.0011
5874.00000 0.001
5876.00000 0.00095
5878.00000 0.00095
5880.00000 0.00095
5882.00000 0.0009
5884.00000 0.00085
5886.00000 0.0008
5888.00000 0.00075
5890.00000 0.0008
5892.00000 0.0008
5894.00000 0.0007
5896.00000 0.0007
5898.00000 0.0007
5900.00000 0.0007
5902.00000 0.00065
5904.00000 0.0007
5906.00000 0.0006
5908.00000 0.00055
5910.00000 0.00065
5912.00000 0.0007
5914.00000 0.00065
5916.00000 0.00055
5918.00000 0.00055
5920.00000 0.00055
5922.00000 0.00055
5924.00000 0.00055
5926.00000 0.00055
5928.00000 0.00055
5930.00000 0.00065
5932.00000 0.00055
5934.00000 0.00055
5936.00000 0.0005
5938.00000 0.00055
5940.00000 0.00055
5942.00000 0.0005
5944.00000 0.0004
5946.00000 0.0005
5948.00000 0.00045
5950.00000 0.0005
5952.00000 0.00045
5954.00000 0.00045
5956.00000 0.0004
5958.00000 0.0004
5960.00000 0.00045
5962.00000 0.0005
5964.00000 0.0005
5966.00000 0.00055
5968.00000 0.00045
5970.00000 0.0005
5972.00000 0.0005
5974.00000 0.00055
5976.00000 0.0006
5978.00000 0.00045
5980.00000 0.00055
5982.00000 0.00055
5984.00000 0.0005
5986.00000 0.00045
5988.00000 0.00045
5990.00000 0.0005
5992.00000 0.00045
5994.00000 0.0005
5996.00000 0.00045
5998.00000 0.00045
6000.00000 0.00055
6600.00000 0.0
