threeML/data/optical_filters/KPNO/Mosaic-C.ecsv
# %ECSV 0.9
# ---
# datatype:
# - {name: wavelength, unit: Angstrom, datatype: float32}
# - {name: response, datatype: float32}
# meta: !!omap
# - {band_name: C}
# - {group_name: Mosaic}
wavelength response
3130.00000 0.0
3140.00000 5e-05
3150.00000 0.0002
3160.00000 0.0006
3170.00000 0.0015
3180.00000 0.00315
3190.00000 0.00595
3200.00000 0.0104
3210.00000 0.01705
3220.00000 0.0257
3230.00000 0.03705
3240.00000 0.0511
3250.00000 0.06745
3260.00000 0.0862
3270.00000 0.10685
3280.00000 0.12885
3290.00000 0.1525
3300.00000 0.1776
3310.00000 0.2031
3320.00000 0.2284
3330.00000 0.254
3340.00000 0.27985
3350.00000 0.3052
3360.00000 0.3295
3370.00000 0.3536
3380.00000 0.3766
3390.00000 0.399
3400.00000 0.42115
3410.00000 0.4416
3420.00000 0.4609
3430.00000 0.47975
3440.00000 0.4978
3450.00000 0.5141
3460.00000 0.5302
3470.00000 0.5457
3480.00000 0.5604
3490.00000 0.57445
3500.00000 0.58785
3510.00000 0.60035
3520.00000 0.61105
3530.00000 0.6223
3540.00000 0.6325
3550.00000 0.64195
3560.00000 0.65095
3570.00000 0.6588
3580.00000 0.66685
3590.00000 0.6736
3600.00000 0.67995
3610.00000 0.6859
3620.00000 0.6915
3630.00000 0.6965
3640.00000 0.701
3650.00000 0.70485
3660.00000 0.7086
3670.00000 0.7116
3680.00000 0.7147
3690.00000 0.7173
3700.00000 0.72045
3710.00000 0.7228
3720.00000 0.72525
3730.00000 0.72795
3740.00000 0.73
3750.00000 0.7329
3760.00000 0.7348
3770.00000 0.7373
3780.00000 0.7393
3790.00000 0.7414
3800.00000 0.7434
3810.00000 0.7453
3820.00000 0.74625
3830.00000 0.748
3840.00000 0.74945
3850.00000 0.7512
3860.00000 0.7525
3870.00000 0.7533
3880.00000 0.75405
3890.00000 0.7542
3900.00000 0.7543
3910.00000 0.7533
3920.00000 0.75185
3930.00000 0.7502
3940.00000 0.74685
3950.00000 0.7435
3960.00000 0.7398
3970.00000 0.7354
3980.00000 0.7302
3990.00000 0.7244
4000.00000 0.7187
4010.00000 0.71235
4020.00000 0.7058
4030.00000 0.6998
4040.00000 0.69355
4050.00000 0.6867
4060.00000 0.68085
4070.00000 0.67455
4080.00000 0.6683
4090.00000 0.66195
4100.00000 0.6547
4110.00000 0.64795
4120.00000 0.6399
4130.00000 0.63235
4140.00000 0.62455
4150.00000 0.61705
4160.00000 0.60895
4170.00000 0.60265
4180.00000 0.596
4190.00000 0.5892
4200.00000 0.5816
4210.00000 0.5738
4220.00000 0.5653
4230.00000 0.55525
4240.00000 0.54515
4250.00000 0.5344
4260.00000 0.5236
4270.00000 0.51365
4280.00000 0.504
4290.00000 0.4939
4300.00000 0.4841
4310.00000 0.4738
4320.00000 0.4634
4330.00000 0.45225
4340.00000 0.44165
4350.00000 0.431
4360.00000 0.42085
4370.00000 0.4112
4380.00000 0.4012
4390.00000 0.3918
4400.00000 0.38225
4410.00000 0.3728
4420.00000 0.36335
4430.00000 0.35335
4440.00000 0.3431
4450.00000 0.3322
4460.00000 0.32055
4470.00000 0.3083
4480.00000 0.2961
4490.00000 0.28415
4500.00000 0.2721
4510.00000 0.2609
4520.00000 0.2504
4530.00000 0.24045
4540.00000 0.23055
4550.00000 0.22035
4560.00000 0.21005
4570.00000 0.1995
4580.00000 0.1889
4590.00000 0.1782
4600.00000 0.1673
4610.00000 0.15645
4620.00000 0.146
4630.00000 0.1353
4640.00000 0.1246
4650.00000 0.1139
4660.00000 0.10325
4670.00000 0.0928
4680.00000 0.0828
4690.00000 0.0733
4700.00000 0.06415
4710.00000 0.0558
4720.00000 0.04845
4730.00000 0.0417
4740.00000 0.0357
4750.00000 0.03035
4760.00000 0.0257
4770.00000 0.0216
4780.00000 0.0181
4790.00000 0.015
4800.00000 0.01235
4810.00000 0.01005
4820.00000 0.0081
4830.00000 0.0065
4840.00000 0.00515
4850.00000 0.00405
4860.00000 0.0032
4870.00000 0.0025
4880.00000 0.002
4890.00000 0.0015
4900.00000 0.0012
4910.00000 0.0009
4920.00000 0.0007
4930.00000 0.00055
4940.00000 0.00045
4950.00000 0.00035
4960.00000 0.00025
4970.00000 0.0002
4980.00000 0.00015
4990.00000 0.00015
5000.00000 0.0001
5500.00000 0.0
