threeML/data/optical_filters/KPNO/Mosaic-D51.ecsv
# %ECSV 0.9
# ---
# datatype:
# - {name: wavelength, unit: Angstrom, datatype: float32}
# - {name: response, datatype: float32}
# meta: !!omap
# - {band_name: D51}
# - {group_name: Mosaic}
wavelength response
4946.00000 0.0
4948.00000 5e-05
4950.00000 5e-05
4952.00000 5e-05
4954.00000 5e-05
4956.00000 5e-05
4958.00000 5e-05
4960.00000 5e-05
4962.00000 5e-05
4964.00000 5e-05
4966.00000 0.0001
4968.00000 0.0001
4970.00000 0.0001
4972.00000 0.00015
4974.00000 0.00015
4976.00000 0.00015
4978.00000 0.0002
4980.00000 0.0002
4982.00000 0.0003
4984.00000 0.0003
4986.00000 0.00035
4988.00000 0.00045
4990.00000 0.0005
4992.00000 0.00055
4994.00000 0.0007
4996.00000 0.0008
4998.00000 0.0009
5000.00000 0.00105
5002.00000 0.00125
5004.00000 0.00145
5006.00000 0.0017
5008.00000 0.00205
5010.00000 0.0024
5012.00000 0.00285
5014.00000 0.0034
5016.00000 0.00405
5018.00000 0.0048
5020.00000 0.00575
5022.00000 0.00695
5024.00000 0.00825
5026.00000 0.00995
5028.00000 0.01215
5030.00000 0.0147
5032.00000 0.01805
5034.00000 0.02215
5036.00000 0.0272
5038.00000 0.03365
5040.00000 0.0415
5042.00000 0.05135
5044.00000 0.0636
5046.00000 0.07825
5048.00000 0.0974
5050.00000 0.1208
5052.00000 0.1491
5054.00000 0.18355
5056.00000 0.22415
5058.00000 0.2706
5060.00000 0.32395
5062.00000 0.38315
5064.00000 0.44545
5066.00000 0.50805
5068.00000 0.5701
5070.00000 0.62985
5072.00000 0.6827
5074.00000 0.7291
5076.00000 0.7679
5078.00000 0.79815
5080.00000 0.82025
5082.00000 0.8372
5084.00000 0.84735
5086.00000 0.85245
5088.00000 0.855
5090.00000 0.85485
5092.00000 0.85335
5094.00000 0.85045
5096.00000 0.84875
5098.00000 0.84615
5100.00000 0.84475
5102.00000 0.8436
5104.00000 0.8435
5106.00000 0.8438
5108.00000 0.8453
5110.00000 0.8461
5112.00000 0.8478
5114.00000 0.85125
5116.00000 0.85565
5118.00000 0.8579
5120.00000 0.8636
5122.00000 0.8676
5124.00000 0.8702
5126.00000 0.8726
5128.00000 0.8749
5130.00000 0.87565
5132.00000 0.8748
5134.00000 0.8721
5136.00000 0.8709
5138.00000 0.86625
5140.00000 0.86065
5142.00000 0.85475
5144.00000 0.8476
5146.00000 0.83855
5148.00000 0.8283
5150.00000 0.81905
5152.00000 0.80865
5154.00000 0.79985
5156.00000 0.79045
5158.00000 0.78215
5160.00000 0.77505
5162.00000 0.7677
5164.00000 0.7622
5166.00000 0.757
5168.00000 0.7539
5170.00000 0.7512
5172.00000 0.7508
5174.00000 0.75155
5176.00000 0.7526
5178.00000 0.75655
5180.00000 0.76025
5182.00000 0.76725
5184.00000 0.7732
5186.00000 0.78045
5188.00000 0.78935
5190.00000 0.79885
5192.00000 0.8079
5194.00000 0.8186
5196.00000 0.8281
5198.00000 0.83815
5200.00000 0.84685
5202.00000 0.85115
5204.00000 0.8548
5206.00000 0.8528
5208.00000 0.8477
5210.00000 0.8355
5212.00000 0.8157
5214.00000 0.7888
5216.00000 0.7526
5218.00000 0.7062
5220.00000 0.65145
5222.00000 0.59075
5224.00000 0.526
5226.00000 0.4588
5228.00000 0.393
5230.00000 0.332
5232.00000 0.27705
5234.00000 0.2296
5236.00000 0.1876
5238.00000 0.15265
5240.00000 0.12425
5242.00000 0.10065
5244.00000 0.0818
5246.00000 0.0666
5248.00000 0.05395
5250.00000 0.04405
5252.00000 0.03615
5254.00000 0.02975
5256.00000 0.0242
5258.00000 0.02005
5260.00000 0.0167
5262.00000 0.01375
5264.00000 0.0115
5266.00000 0.0097
5268.00000 0.00815
5270.00000 0.00685
5272.00000 0.00585
5274.00000 0.005
5276.00000 0.00425
5278.00000 0.00365
5280.00000 0.0031
5282.00000 0.00265
5284.00000 0.0023
5286.00000 0.002
5288.00000 0.0017
5290.00000 0.0015
5292.00000 0.0013
5294.00000 0.0011
5296.00000 0.001
5298.00000 0.00085
5300.00000 0.00075
5302.00000 0.00065
5304.00000 0.00055
5306.00000 0.0005
5308.00000 0.00045
5310.00000 0.0004
5312.00000 0.00035
5314.00000 0.0003
5316.00000 0.00025
5318.00000 0.00025
5320.00000 0.0002
5322.00000 0.0002
5324.00000 0.00015
5326.00000 0.00015
5328.00000 0.00015
5330.00000 0.0001
5332.00000 0.0001
5334.00000 0.0001
5336.00000 0.0001
5338.00000 0.0001
5340.00000 0.0001
5342.00000 5e-05
5344.00000 5e-05
5346.00000 5e-05
5348.00000 5e-05
5350.00000 0.0
5352.00000 5e-05
5354.00000 5e-05
5356.00000 5e-05
5358.00000 5e-05
5360.00000 0.0
5362.00000 0.0
5364.00000 0.0
5366.00000 0.0
5368.00000 0.0
5370.00000 0.0
5372.00000 0.0
5374.00000 0.0
5376.00000 0.0
5378.00000 0.0
5380.00000 0.0
5382.00000 0.0
5384.00000 0.0
5386.00000 0.0
5388.00000 0.0
5390.00000 0.0
5392.00000 0.0
5394.00000 0.0
5396.00000 0.0
5398.00000 0.0
5400.00000 5e-05
5940.00000 0.0
