threeML/data/optical_filters/KPNO/Mosaic-B.ecsv
# %ECSV 0.9
# ---
# datatype:
# - {name: wavelength, unit: Angstrom, datatype: float32}
# - {name: response, datatype: float32}
# meta: !!omap
# - {band_name: B}
# - {group_name: Mosaic}
wavelength response
3240.00000 0.0
3600.00000 0.01975
3602.00000 0.02065
3604.00000 0.0219
3606.00000 0.02315
3608.00000 0.02435
3610.00000 0.0253
3612.00000 0.0263
3614.00000 0.0275
3616.00000 0.02885
3618.00000 0.03005
3620.00000 0.03125
3622.00000 0.0326
3624.00000 0.03385
3626.00000 0.03565
3628.00000 0.0365
3630.00000 0.038
3632.00000 0.0399
3634.00000 0.0412
3636.00000 0.042
3638.00000 0.04405
3640.00000 0.0459
3642.00000 0.0469
3644.00000 0.04935
3646.00000 0.05105
3648.00000 0.05285
3650.00000 0.05465
3652.00000 0.05595
3654.00000 0.05815
3656.00000 0.05985
3658.00000 0.0615
3660.00000 0.06395
3662.00000 0.06515
3664.00000 0.0679
3666.00000 0.0693
3668.00000 0.07065
3670.00000 0.0738
3672.00000 0.07675
3674.00000 0.0784
3676.00000 0.0803
3678.00000 0.0826
3680.00000 0.0848
3682.00000 0.0864
3684.00000 0.089
3686.00000 0.09215
3688.00000 0.09425
3690.00000 0.0969
3692.00000 0.09905
3694.00000 0.10095
3696.00000 0.10375
3698.00000 0.1054
3700.00000 0.1085
3702.00000 0.11115
3704.00000 0.1128
3706.00000 0.11585
3708.00000 0.1184
3710.00000 0.12165
3712.00000 0.12345
3714.00000 0.12645
3716.00000 0.1296
3718.00000 0.13105
3720.00000 0.1325
3722.00000 0.1366
3724.00000 0.13845
3726.00000 0.142
3728.00000 0.1455
3730.00000 0.1477
3732.00000 0.1508
3734.00000 0.1546
3736.00000 0.15625
3738.00000 0.15925
3740.00000 0.16225
3742.00000 0.16335
3744.00000 0.16855
3746.00000 0.1717
3748.00000 0.1742
3750.00000 0.17705
3752.00000 0.1791
3754.00000 0.18135
3756.00000 0.18305
3758.00000 0.1879
3760.00000 0.1914
3762.00000 0.19435
3764.00000 0.19745
3766.00000 0.2026
3768.00000 0.2051
3770.00000 0.20685
3772.00000 0.21115
3774.00000 0.2108
3776.00000 0.2147
3778.00000 0.2207
3780.00000 0.2216
3782.00000 0.2228
3784.00000 0.22735
3786.00000 0.22845
3788.00000 0.23435
3790.00000 0.23595
3792.00000 0.24
3794.00000 0.2432
3796.00000 0.24645
3798.00000 0.2515
3800.00000 0.25265
3802.00000 0.2553
3804.00000 0.25745
3806.00000 0.26375
3808.00000 0.26545
3810.00000 0.2681
3812.00000 0.26935
3814.00000 0.27365
3816.00000 0.27825
3818.00000 0.2795
3820.00000 0.28295
3822.00000 0.28555
3824.00000 0.28955
3826.00000 0.29175
3828.00000 0.29815
3830.00000 0.30075
3832.00000 0.3028
3834.00000 0.30595
3836.00000 0.30615
3838.00000 0.31295
3840.00000 0.31465
3842.00000 0.3172
3844.00000 0.31905
3846.00000 0.32545
3848.00000 0.32675
3850.00000 0.32975
3852.00000 0.33155
3854.00000 0.33705
3856.00000 0.33875
3858.00000 0.3448
3860.00000 0.346
3862.00000 0.3482
3864.00000 0.35185
3866.00000 0.3532
3868.00000 0.3579
3870.00000 0.36155
3872.00000 0.364
3874.00000 0.365
3876.00000 0.37045
3878.00000 0.37175
3880.00000 0.3746
3882.00000 0.3801
3884.00000 0.38225
3886.00000 0.3826
3888.00000 0.38635
3890.00000 0.39135
3892.00000 0.3937
3894.00000 0.3943
3896.00000 0.4002
3898.00000 0.399
3900.00000 0.4041
3902.00000 0.4077
3904.00000 0.41045
3906.00000 0.41325
3908.00000 0.4137
3910.00000 0.4187
3912.00000 0.42245
3914.00000 0.42345
3916.00000 0.4259
3918.00000 0.43075
3920.00000 0.4316
3922.00000 0.435
3924.00000 0.43655
3926.00000 0.44065
3928.00000 0.4433
3930.00000 0.44615
3932.00000 0.4487
3934.00000 0.4499
3936.00000 0.4534
3938.00000 0.45545
3940.00000 0.45815
3942.00000 0.45995
3944.00000 0.4645
3946.00000 0.4649
3948.00000 0.4663
3950.00000 0.4704
3952.00000 0.4747
3954.00000 0.47515
3956.00000 0.47865
3958.00000 0.4842
3960.00000 0.4861
3962.00000 0.48635
3964.00000 0.48715
3966.00000 0.4916
3968.00000 0.49175
3970.00000 0.4944
3972.00000 0.4956
3974.00000 0.5008
3976.00000 0.50075
3978.00000 0.5022
3980.00000 0.5054
3982.00000 0.50365
3984.00000 0.5086
3986.00000 0.51075
3988.00000 0.5138
3990.00000 0.51505
3992.00000 0.52235
3994.00000 0.52035
3996.00000 0.5201
3998.00000 0.5251
4000.00000 0.52505
4002.00000 0.529
4004.00000 0.5295
4006.00000 0.53405
4008.00000 0.5362
4010.00000 0.5377
4012.00000 0.53695
4014.00000 0.54045
4016.00000 0.54225
4018.00000 0.545
4020.00000 0.54615
4022.00000 0.55035
4024.00000 0.5496
4026.00000 0.54865
4028.00000 0.554
4030.00000 0.55555
4032.00000 0.5569
4034.00000 0.5585
4036.00000 0.55925
4038.00000 0.5615
4040.00000 0.56705
4042.00000 0.56665
4044.00000 0.56695
4046.00000 0.56775
4048.00000 0.5719
4050.00000 0.5698
4052.00000 0.57305
4054.00000 0.5731
4056.00000 0.57445
4058.00000 0.57805
4060.00000 0.5806
4062.00000 0.5833
4064.00000 0.58405
4066.00000 0.58535
4068.00000 0.58545
4070.00000 0.58945
4072.00000 0.59015
4074.00000 0.5921
4076.00000 0.5913
4078.00000 0.5938
4080.00000 0.59845
4082.00000 0.5941
4084.00000 0.602
4086.00000 0.59905
4088.00000 0.6027
4090.00000 0.6054
4092.00000 0.60455
4094.00000 0.60475
4096.00000 0.60835
4098.00000 0.60875
4100.00000 0.6078
4102.00000 0.61025
4104.00000 0.61155
4106.00000 0.6113
4108.00000 0.61485
4110.00000 0.615
4112.00000 0.6163
4114.00000 0.62
4116.00000 0.62055
4118.00000 0.6215
4120.00000 0.62075
4122.00000 0.6251
4124.00000 0.6255
4126.00000 0.62405
4128.00000 0.6264
4130.00000 0.6272
4132.00000 0.62715
4134.00000 0.6303
4136.00000 0.6333
4138.00000 0.63195
4140.00000 0.6348
4142.00000 0.6345
4144.00000 0.6372
4146.00000 0.63925
4148.00000 0.6351
4150.00000 0.64275
4152.00000 0.6386
4154.00000 0.643
4156.00000 0.6422
4158.00000 0.64185
4160.00000 0.64285
4162.00000 0.6418
4164.00000 0.64435
4166.00000 0.64735
4168.00000 0.6452
4170.00000 0.6512
4172.00000 0.64925
4174.00000 0.6525
4176.00000 0.6514
4178.00000 0.6522
4180.00000 0.65525
4182.00000 0.6527
4184.00000 0.65525
4186.00000 0.65725
4188.00000 0.65535
4190.00000 0.6584
4192.00000 0.65895
4194.00000 0.6603
4196.00000 0.663
4198.00000 0.66375
4200.00000 0.66315
4202.00000 0.66345
4204.00000 0.6627
4206.00000 0.66715
4208.00000 0.66405
4210.00000 0.6665
4212.00000 0.66605
4214.00000 0.66985
4216.00000 0.6666
4218.00000 0.67145
4220.00000 0.67075
4222.00000 0.6704
4224.00000 0.66885
4226.00000 0.67185
4228.00000 0.67275
4230.00000 0.6695
4232.00000 0.6731
4234.00000 0.67285
4236.00000 0.67705
4238.00000 0.67855
4240.00000 0.67835
4242.00000 0.6788
4244.00000 0.67635
4246.00000 0.67765
4248.00000 0.67615
4250.00000 0.67835
4252.00000 0.67915
4254.00000 0.67855
4256.00000 0.6783
4258.00000 0.6805
4260.00000 0.6775
4262.00000 0.6773
4264.00000 0.67915
4266.00000 0.68145
4268.00000 0.68105
4270.00000 0.67985
4272.00000 0.68395
4274.00000 0.68415
4276.00000 0.6839
4278.00000 0.6826
4280.00000 0.6842
4282.00000 0.68425
4284.00000 0.68455
4286.00000 0.68325
4288.00000 0.68485
4290.00000 0.68565
4292.00000 0.68555
4294.00000 0.6883
4296.00000 0.68755
4298.00000 0.6876
4300.00000 0.68665
4302.00000 0.6849
4304.00000 0.688
4306.00000 0.6894
4308.00000 0.68865
4310.00000 0.68715
4312.00000 0.6867
4314.00000 0.68825
4316.00000 0.6883
4318.00000 0.6906
4320.00000 0.6892
4322.00000 0.6894
4324.00000 0.69025
4326.00000 0.6909
4328.00000 0.68945
4330.00000 0.6907
4332.00000 0.69255
4334.00000 0.69305
4336.00000 0.6892
4338.00000 0.68705
4340.00000 0.6922
4342.00000 0.69105
4344.00000 0.69125
4346.00000 0.6914
4348.00000 0.68855
4350.00000 0.6932
4352.00000 0.68795
4354.00000 0.69165
4356.00000 0.69215
4358.00000 0.69165
4360.00000 0.68925
4362.00000 0.68895
4364.00000 0.68935
4366.00000 0.68925
4368.00000 0.6935
4370.00000 0.69
4372.00000 0.69065
4374.00000 0.69065
4376.00000 0.68965
4378.00000 0.6906
4380.00000 0.6926
4382.00000 0.69075
4384.00000 0.6893
4386.00000 0.69195
4388.00000 0.69115
4390.00000 0.69145
4392.00000 0.6916
4394.00000 0.69185
4396.00000 0.6897
4398.00000 0.6903
4400.00000 0.69245
4402.00000 0.6919
4404.00000 0.68925
4406.00000 0.6905
4408.00000 0.6905
4410.00000 0.6907
4412.00000 0.68985
4414.00000 0.69115
4416.00000 0.6882
4418.00000 0.6937
4420.00000 0.68975
4422.00000 0.6876
4424.00000 0.69265
4426.00000 0.68905
4428.00000 0.68945
4430.00000 0.68945
4432.00000 0.68745
4434.00000 0.6865
4436.00000 0.68945
4438.00000 0.68595
4440.00000 0.68895
4442.00000 0.69
4444.00000 0.6879
4446.00000 0.6879
4448.00000 0.6865
4450.00000 0.6869
4452.00000 0.68695
4454.00000 0.68635
4456.00000 0.6838
4458.00000 0.6846
4460.00000 0.6832
4462.00000 0.6854
4464.00000 0.68635
4466.00000 0.68435
4468.00000 0.6827
4470.00000 0.6827
4472.00000 0.68465
4474.00000 0.68145
4476.00000 0.68155
4478.00000 0.6812
4480.00000 0.68135
4482.00000 0.6791
4484.00000 0.6811
4486.00000 0.67885
4488.00000 0.6785
4490.00000 0.6786
4492.00000 0.6778
4494.00000 0.6764
4496.00000 0.67565
4498.00000 0.6764
4500.00000 0.6722
4502.00000 0.6726
4504.00000 0.6711
4506.00000 0.67365
4508.00000 0.67225
4510.00000 0.67105
4512.00000 0.67115
4514.00000 0.67265
4516.00000 0.6702
4518.00000 0.66835
4520.00000 0.66985
4522.00000 0.66805
4524.00000 0.66755
4526.00000 0.6678
4528.00000 0.6659
4530.00000 0.6642
4532.00000 0.6674
4534.00000 0.66565
4536.00000 0.66375
4538.00000 0.66355
4540.00000 0.66505
4542.00000 0.6619
4544.00000 0.66255
4546.00000 0.6617
4548.00000 0.66355
4550.00000 0.66175
4552.00000 0.66135
4554.00000 0.66055
4556.00000 0.66035
4558.00000 0.6576
4560.00000 0.6543
4562.00000 0.6533
4564.00000 0.65355
4566.00000 0.6517
4568.00000 0.6553
4570.00000 0.6522
4572.00000 0.6502
4574.00000 0.6516
4576.00000 0.6483
4578.00000 0.64855
4580.00000 0.64675
4582.00000 0.6469
4584.00000 0.64785
4586.00000 0.64415
4588.00000 0.6457
4590.00000 0.64345
4592.00000 0.64255
4594.00000 0.6419
4596.00000 0.6407
4598.00000 0.6389
4600.00000 0.63775
4602.00000 0.63625
4604.00000 0.6368
4606.00000 0.63525
4608.00000 0.634
4610.00000 0.63355
4612.00000 0.6315
4614.00000 0.632
4616.00000 0.6303
4618.00000 0.62715
4620.00000 0.62485
4622.00000 0.6253
4624.00000 0.62355
4626.00000 0.62455
4628.00000 0.6225
4630.00000 0.62065
4632.00000 0.61855
4634.00000 0.61705
4636.00000 0.61585
4638.00000 0.6124
4640.00000 0.61365
4642.00000 0.61215
4644.00000 0.6119
4646.00000 0.6073
4648.00000 0.6054
4650.00000 0.6045
4652.00000 0.60355
4654.00000 0.6007
4656.00000 0.5985
4658.00000 0.5976
4660.00000 0.5963
4662.00000 0.5937
4664.00000 0.594
4666.00000 0.58965
4668.00000 0.5871
4670.00000 0.58585
4672.00000 0.5829
4674.00000 0.58155
4676.00000 0.57995
4678.00000 0.57655
4680.00000 0.5765
4682.00000 0.57395
4684.00000 0.57195
4686.00000 0.5691
4688.00000 0.56585
4690.00000 0.5644
4692.00000 0.56185
4694.00000 0.55935
4696.00000 0.5593
4698.00000 0.5558
4700.00000 0.55375
4702.00000 0.5505
4704.00000 0.54655
4706.00000 0.5452
4708.00000 0.54395
4710.00000 0.54015
4712.00000 0.5386
4714.00000 0.53675
4716.00000 0.534
4718.00000 0.532
4720.00000 0.52835
4722.00000 0.52625
4724.00000 0.5246
4726.00000 0.52245
4728.00000 0.5204
4730.00000 0.517
4732.00000 0.5144
4734.00000 0.51265
4736.00000 0.50845
4738.00000 0.5068
4740.00000 0.5042
4742.00000 0.5021
4744.00000 0.49885
4746.00000 0.49795
4748.00000 0.49485
4750.00000 0.491
4752.00000 0.4895
4754.00000 0.4851
4756.00000 0.4826
4758.00000 0.48065
4760.00000 0.4788
4762.00000 0.4751
4764.00000 0.4719
4766.00000 0.4701
4768.00000 0.46665
4770.00000 0.4656
4772.00000 0.46195
4774.00000 0.45945
4776.00000 0.4571
4778.00000 0.45295
4780.00000 0.4521
4782.00000 0.44915
4784.00000 0.4459
4786.00000 0.44525
4788.00000 0.4399
4790.00000 0.4384
4792.00000 0.4352
4794.00000 0.43305
4796.00000 0.4292
4798.00000 0.4259
4800.00000 0.42215
4802.00000 0.41905
4804.00000 0.4164
4806.00000 0.41595
4808.00000 0.4132
4810.00000 0.40905
4812.00000 0.4073
4814.00000 0.4034
4816.00000 0.4003
4818.00000 0.39775
4820.00000 0.3939
4822.00000 0.39285
4824.00000 0.3908
4826.00000 0.3857
4828.00000 0.3833
4830.00000 0.3807
4832.00000 0.3771
4834.00000 0.3741
4836.00000 0.37195
4838.00000 0.3689
4840.00000 0.36525
4842.00000 0.36325
4844.00000 0.3609
4846.00000 0.3571
4848.00000 0.35435
4850.00000 0.3513
4852.00000 0.34955
4854.00000 0.3473
4856.00000 0.34345
4858.00000 0.3404
4860.00000 0.33915
4862.00000 0.3356
4864.00000 0.33305
4866.00000 0.33035
4868.00000 0.3279
4870.00000 0.32485
4872.00000 0.32165
4874.00000 0.3178
4876.00000 0.31705
4878.00000 0.31345
4880.00000 0.3121
4882.00000 0.309
4884.00000 0.307
4886.00000 0.30205
4888.00000 0.3013
4890.00000 0.2994
4892.00000 0.29725
4894.00000 0.2935
4896.00000 0.29135
4898.00000 0.28985
4900.00000 0.2858
4902.00000 0.28265
4904.00000 0.2812
4906.00000 0.27935
4908.00000 0.277
4910.00000 0.27435
4912.00000 0.27245
4914.00000 0.2696
4916.00000 0.26725
4918.00000 0.2648
4920.00000 0.2628
4922.00000 0.2595
4924.00000 0.2575
4926.00000 0.25605
4928.00000 0.25425
4930.00000 0.25225
4932.00000 0.2499
4934.00000 0.24805
4936.00000 0.24555
4938.00000 0.2434
4940.00000 0.24145
4942.00000 0.2397
4944.00000 0.23685
4946.00000 0.23565
4948.00000 0.23415
4950.00000 0.2326
4952.00000 0.23055
4954.00000 0.2289
4956.00000 0.2265
4958.00000 0.22485
4960.00000 0.2235
4962.00000 0.2212
4964.00000 0.2198
4966.00000 0.21885
4968.00000 0.21655
4970.00000 0.2146
4972.00000 0.21355
4974.00000 0.21205
4976.00000 0.21
4978.00000 0.2083
4980.00000 0.2071
4982.00000 0.2055
4984.00000 0.20365
4986.00000 0.2014
4988.00000 0.2004
4990.00000 0.19855
4992.00000 0.19705
4994.00000 0.19535
4996.00000 0.19355
4998.00000 0.1924
5000.00000 0.19055
5002.00000 0.18895
5004.00000 0.1874
5006.00000 0.1853
5008.00000 0.18345
5010.00000 0.1822
5012.00000 0.18065
5014.00000 0.1791
5016.00000 0.1772
5018.00000 0.17545
5020.00000 0.1739
5022.00000 0.17205
5024.00000 0.17045
5026.00000 0.16865
5028.00000 0.1666
5030.00000 0.16485
5032.00000 0.1629
5034.00000 0.161
5036.00000 0.15915
5038.00000 0.15725
5040.00000 0.15545
5042.00000 0.15345
5044.00000 0.15175
5046.00000 0.1497
5048.00000 0.14795
5050.00000 0.14625
5052.00000 0.1438
5054.00000 0.14245
5056.00000 0.1402
5058.00000 0.1388
5060.00000 0.1371
5062.00000 0.1356
5064.00000 0.1336
5066.00000 0.13165
5068.00000 0.12995
5070.00000 0.12815
5072.00000 0.12615
5074.00000 0.1248
5076.00000 0.12305
5078.00000 0.1213
5080.00000 0.1192
5082.00000 0.1179
5084.00000 0.11655
5086.00000 0.11475
5088.00000 0.11345
5090.00000 0.11165
5092.00000 0.1105
5094.00000 0.10865
5096.00000 0.10785
5098.00000 0.10565
5100.00000 0.1041
5102.00000 0.10325
5104.00000 0.10185
5106.00000 0.10035
5108.00000 0.0993
5110.00000 0.0977
5112.00000 0.0969
5114.00000 0.09555
5116.00000 0.094
5118.00000 0.09275
5120.00000 0.09135
5122.00000 0.09095
5124.00000 0.0896
5126.00000 0.08845
5128.00000 0.08685
5130.00000 0.0859
5132.00000 0.0851
5134.00000 0.0839
5136.00000 0.08265
5138.00000 0.08125
5140.00000 0.08065
5142.00000 0.07955
5144.00000 0.0781
5146.00000 0.07735
5148.00000 0.07595
5150.00000 0.07485
5152.00000 0.0736
5154.00000 0.0729
5156.00000 0.0718
5158.00000 0.0707
5160.00000 0.06935
5162.00000 0.06845
5164.00000 0.0677
5166.00000 0.0666
5168.00000 0.06585
5170.00000 0.0644
5172.00000 0.06345
5174.00000 0.0626
5176.00000 0.0616
5178.00000 0.0607
5180.00000 0.05965
5182.00000 0.0584
5184.00000 0.05745
5186.00000 0.0567
5188.00000 0.0559
5190.00000 0.05495
5192.00000 0.054
5194.00000 0.05285
5196.00000 0.0521
5198.00000 0.0515
5200.00000 0.0502
5202.00000 0.0493
5204.00000 0.04845
5206.00000 0.0476
5208.00000 0.0469
5210.00000 0.0461
5212.00000 0.04535
5214.00000 0.0444
5216.00000 0.0437
5218.00000 0.043
5220.00000 0.0422
5222.00000 0.04145
5224.00000 0.04025
5226.00000 0.0398
5228.00000 0.0393
5230.00000 0.03825
5232.00000 0.03785
5234.00000 0.03715
5236.00000 0.03645
5238.00000 0.0356
5240.00000 0.03505
5242.00000 0.03425
5244.00000 0.0335
5246.00000 0.03305
5248.00000 0.0325
5250.00000 0.03175
5252.00000 0.03125
5254.00000 0.03055
5256.00000 0.0299
5258.00000 0.0293
5260.00000 0.0288
5262.00000 0.02845
5264.00000 0.0279
5266.00000 0.0275
5268.00000 0.0268
5270.00000 0.0265
5272.00000 0.0259
5274.00000 0.0255
5276.00000 0.02505
5278.00000 0.0245
5280.00000 0.0242
5282.00000 0.0236
5284.00000 0.0232
5286.00000 0.02285
5288.00000 0.0226
5290.00000 0.02225
5292.00000 0.0219
5294.00000 0.0212
5296.00000 0.02105
5298.00000 0.0207
5300.00000 0.0205
5302.00000 0.01995
5304.00000 0.01965
5306.00000 0.0195
5308.00000 0.019
5310.00000 0.01875
5312.00000 0.0186
5314.00000 0.01815
5316.00000 0.018
5318.00000 0.0178
5320.00000 0.01765
5322.00000 0.0172
5324.00000 0.017
5326.00000 0.01685
5328.00000 0.0165
5330.00000 0.0163
