threeML/data/optical_filters/KPNO/Mosaic-M.ecsv
# %ECSV 0.9
# ---
# datatype:
# - {name: wavelength, unit: Angstrom, datatype: float32}
# - {name: response, datatype: float32}
# meta: !!omap
# - {band_name: M}
# - {group_name: Mosaic}
wavelength response
[from data line 883]
5964.00000 0.17525
5966.00000 0.1707
5968.00000 0.16965
5970.00000 0.16835
5972.00000 0.1663
5974.00000 0.1624
5976.00000 0.1627
5978.00000 0.1614
5980.00000 0.15835
5982.00000 0.15815
5984.00000 0.15605
5986.00000 0.15355
5988.00000 0.15345
5990.00000 0.15175
5992.00000 0.14895
5994.00000 0.1484
5996.00000 0.14545
5998.00000 0.14395
6000.00000 0.1418
6002.00000 0.1394
6004.00000 0.1377
6006.00000 0.13865
6008.00000 0.13605
6010.00000 0.13355
6012.00000 0.13185
6014.00000 0.13155
6016.00000 0.1292
6018.00000 0.1279
6020.00000 0.1266
6022.00000 0.1256
6024.00000 0.12445
6026.00000 0.1226
6028.00000 0.1205
6030.00000 0.11885
6032.00000 0.1183
6034.00000 0.1155
6036.00000 0.1151
6038.00000 0.1145
6040.00000 0.113
6042.00000 0.11
6044.00000 0.1098
6046.00000 0.10815
6048.00000 0.10565
6050.00000 0.1045
6052.00000 0.10275
6054.00000 0.1035
6056.00000 0.10145
6058.00000 0.0988
6060.00000 0.0985
6062.00000 0.09645
6064.00000 0.09575
6066.00000 0.0951
6068.00000 0.09325
6070.00000 0.09235
6072.00000 0.09095
6074.00000 0.0897
6076.00000 0.08835
6078.00000 0.0882
6080.00000 0.0861
6082.00000 0.0853
6084.00000 0.0839
6086.00000 0.0821
6088.00000 0.08185
6090.00000 0.0804
6092.00000 0.07905
6094.00000 0.0785
6096.00000 0.07755
6098.00000 0.0766
6100.00000 0.07475
6102.00000 0.0753
6104.00000 0.0717
6106.00000 0.07165
6108.00000 0.0705
6110.00000 0.06955
6112.00000 0.0688
6114.00000 0.0685
6116.00000 0.06715
6118.00000 0.06475
6120.00000 0.06615
6122.00000 0.0645
6124.00000 0.0636
6126.00000 0.06235
6128.00000 0.06095
6130.00000 0.06005
6132.00000 0.05915
6134.00000 0.0589
6136.00000 0.05735
6138.00000 0.05785
6140.00000 0.0561
6142.00000 0.05545
6144.00000 0.054
6146.00000 0.0538
6148.00000 0.05255
6150.00000 0.05125
6152.00000 0.05065
6154.00000 0.05025
6156.00000 0.0499
6158.00000 0.0489
6160.00000 0.0473
6162.00000 0.0476
6164.00000 0.04635
6166.00000 0.04575
6168.00000 0.04495
6170.00000 0.0445
6172.00000 0.04395
6174.00000 0.04285
6176.00000 0.04245
6178.00000 0.04165
6180.00000 0.0409
6182.00000 0.04025
6184.00000 0.03985
6186.00000 0.03925
6188.00000 0.0389
6190.00000 0.0379
6192.00000 0.0369
6194.00000 0.0367
6196.00000 0.03655
6198.00000 0.03555
6200.00000 0.0343
6202.00000 0.0349
6204.00000 0.03445
6206.00000 0.03305
6208.00000 0.03245
6210.00000 0.03255
6212.00000 0.03235
6214.00000 0.03095
6216.00000 0.03085
6218.00000 0.0292
6220.00000 0.0294
6222.00000 0.02855
6224.00000 0.0285
6226.00000 0.0283
6228.00000 0.02745
6230.00000 0.0275
6232.00000 0.0273
6234.00000 0.0264
6236.00000 0.0257
6238.00000 0.02485
6240.00000 0.02485
6242.00000 0.0241
6244.00000 0.02355
6246.00000 0.02335
6248.00000 0.0225
6250.00000 0.0224
6252.00000 0.02165
6254.00000 0.0213
6256.00000 0.02145
6258.00000 0.0206
6260.00000 0.02025
6262.00000 0.0201
6264.00000 0.01975
6266.00000 0.01915
6268.00000 0.019
6270.00000 0.0188
6272.00000 0.0191
6274.00000 0.0184
6276.00000 0.01745
6278.00000 0.0175
6280.00000 0.0172
6282.00000 0.0166
6284.00000 0.01645
6286.00000 0.01625
6288.00000 0.01585
6290.00000 0.0153
6292.00000 0.0154
6294.00000 0.01465
6296.00000 0.0146
6298.00000 0.01435
6300.00000 0.01395
6302.00000 0.0136
6304.00000 0.0138
6306.00000 0.0134
6308.00000 0.01335
6310.00000 0.01285
6312.00000 0.01255
6314.00000 0.01225
6316.00000 0.0117
6318.00000 0.01175
6320.00000 0.01195
6322.00000 0.01125
6324.00000 0.0113
6326.00000 0.011
6328.00000 0.0104
6330.00000 0.01055
6332.00000 0.01025
6334.00000 0.01
6336.00000 0.00995
6338.00000 0.0099
6340.00000 0.0092
6342.00000 0.009
6344.00000 0.0092
6346.00000 0.00885
6348.00000 0.0083
6350.00000 0.0084
6352.00000 0.0085
6354.00000 0.0081
6356.00000 0.0081
6358.00000 0.00775
6360.00000 0.00765
6362.00000 0.0077
6364.00000 0.0071
6366.00000 0.0073
6368.00000 0.00685
6370.00000 0.00655
6372.00000 0.00665
6374.00000 0.00615
6376.00000 0.0063
6378.00000 0.00625
6380.00000 0.006
6382.00000 0.00595
6384.00000 0.0059
6386.00000 0.00585
6388.00000 0.00565
6390.00000 0.00555
6392.00000 0.00555
6394.00000 0.00525
6396.00000 0.0051
6398.00000 0.005
6400.00000 0.00505
6402.00000 0.00485
6404.00000 0.0046
6406.00000 0.00445
6408.00000 0.0046
6410.00000 0.0044
6412.00000 0.00435
6414.00000 0.00415
6416.00000 0.0041
6418.00000 0.004
6420.00000 0.00375
6422.00000 0.0039
6424.00000 0.00365
6426.00000 0.00365
6428.00000 0.00345
6430.00000 0.0037
6432.00000 0.0033
6434.00000 0.0033
6436.00000 0.0034
6438.00000 0.00325
6440.00000 0.00315
6442.00000 0.00305
6444.00000 0.00295
6446.00000 0.00305
6448.00000 0.00295
6450.00000 0.0028
6452.00000 0.00245
6454.00000 0.00265
6456.00000 0.0026
6458.00000 0.00255
6460.00000 0.00255
6462.00000 0.0024
6464.00000 0.0023
6466.00000 0.00235
6468.00000 0.00225
6470.00000 0.0022
6472.00000 0.00225
6474.00000 0.002
6476.00000 0.00195
6478.00000 0.002
6480.00000 0.00185
6482.00000 0.00185
6484.00000 0.00195
6486.00000 0.00175
6488.00000 0.00195
6490.00000 0.0017
6492.00000 0.0017
6494.00000 0.00165
6496.00000 0.0016
6498.00000 0.00165
6500.00000 0.00155
6502.00000 0.00165
6504.00000 0.00135
6506.00000 0.00135
6508.00000 0.0015
6510.00000 0.00135
6512.00000 0.0013
6514.00000 0.0013
6516.00000 0.00115
6518.00000 0.0012
6520.00000 0.00115
6522.00000 0.00125
6524.00000 0.00095
6526.00000 0.001
6528.00000 0.00105
6530.00000 0.00105
6532.00000 0.001
6534.00000 0.00095
6536.00000 0.0009
6538.00000 0.0011
6540.00000 0.0007
6542.00000 0.00085
6544.00000 0.00085
6546.00000 0.0007
6548.00000 0.00085
6550.00000 0.00085
6552.00000 0.00085
6554.00000 0.0007
6556.00000 0.00085
6558.00000 0.0006
6560.00000 0.0007
6562.00000 0.00065
6564.00000 0.0007
6566.00000 0.0007
6568.00000 0.00065
6570.00000 0.00065
6572.00000 0.0006
6574.00000 0.0007
6576.00000 0.00055
6578.00000 0.00045
6580.00000 0.0006
6582.00000 0.0005
6584.00000 0.0004
6586.00000 0.0005
6588.00000 0.00045
6590.00000 0.00035
6592.00000 0.00045
6594.00000 0.0004
6596.00000 0.00035
6598.00000 0.0003
6600.00000 0.00045
7260.00000 0.0
