threeML/data/optical_filters/KPNO/Mosaic-V.ecsv
# %ECSV 0.9
# ---
# datatype:
# - {name: wavelength, unit: Angstrom, datatype: float32}
# - {name: response, datatype: float32}
# meta: !!omap
# - {band_name: V}
# - {group_name: Mosaic}
wavelength response
[from data line 897]
6192.00000 0.10605
6194.00000 0.1046
6196.00000 0.10335
6198.00000 0.1024
6200.00000 0.1012
6202.00000 0.0997
6204.00000 0.0987
6206.00000 0.09755
6208.00000 0.0962
6210.00000 0.09515
6212.00000 0.09355
6214.00000 0.09305
6216.00000 0.0927
6218.00000 0.09085
6220.00000 0.0898
6222.00000 0.08925
6224.00000 0.08775
6226.00000 0.08625
6228.00000 0.08545
6230.00000 0.08475
6232.00000 0.08375
6234.00000 0.0831
6236.00000 0.08185
6238.00000 0.08045
6240.00000 0.07925
6242.00000 0.0787
6244.00000 0.0776
6246.00000 0.0764
6248.00000 0.0756
6250.00000 0.0744
6252.00000 0.07395
6254.00000 0.07265
6256.00000 0.07255
6258.00000 0.07095
6260.00000 0.0701
6262.00000 0.06915
6264.00000 0.0686
6266.00000 0.06745
6268.00000 0.06695
6270.00000 0.0662
6272.00000 0.0654
6274.00000 0.06465
6276.00000 0.06345
6278.00000 0.0631
6280.00000 0.0626
6282.00000 0.0613
6284.00000 0.0604
6286.00000 0.0598
6288.00000 0.05875
6290.00000 0.0578
6292.00000 0.05705
6294.00000 0.0567
6296.00000 0.0554
6298.00000 0.05515
6300.00000 0.05405
6302.00000 0.05315
6304.00000 0.05285
6306.00000 0.05205
6308.00000 0.0518
6310.00000 0.0507
6312.00000 0.05
6314.00000 0.0495
6316.00000 0.04875
6318.00000 0.0478
6320.00000 0.04735
6322.00000 0.04675
6324.00000 0.04645
6326.00000 0.04575
6328.00000 0.0451
6330.00000 0.04425
6332.00000 0.04365
6334.00000 0.04305
6336.00000 0.04245
6338.00000 0.0416
6340.00000 0.04125
6342.00000 0.0406
6344.00000 0.0401
6346.00000 0.03935
6348.00000 0.03915
6350.00000 0.0383
6352.00000 0.03775
6354.00000 0.03725
6356.00000 0.03675
6358.00000 0.0367
6360.00000 0.0357
6362.00000 0.0352
6364.00000 0.0345
6366.00000 0.03435
6368.00000 0.03365
6370.00000 0.03325
6372.00000 0.03275
6374.00000 0.03235
6376.00000 0.0321
6378.00000 0.0315
6380.00000 0.03065
6382.00000 0.0306
6384.00000 0.0303
6386.00000 0.02945
6388.00000 0.0293
6390.00000 0.0286
6392.00000 0.02815
6394.00000 0.0278
6396.00000 0.02755
6398.00000 0.02725
6400.00000 0.0265
6402.00000 0.0264
6404.00000 0.02565
6406.00000 0.02555
6408.00000 0.02485
6410.00000 0.0247
6412.00000 0.0243
6414.00000 0.024
6416.00000 0.02335
6418.00000 0.02315
6420.00000 0.023
6422.00000 0.0225
6424.00000 0.0221
6426.00000 0.0217
6428.00000 0.02125
6430.00000 0.0211
6432.00000 0.0207
6434.00000 0.0206
6436.00000 0.0201
6438.00000 0.0199
6440.00000 0.01955
6442.00000 0.01925
6444.00000 0.01875
6446.00000 0.0187
6448.00000 0.01805
6450.00000 0.0179
6452.00000 0.01775
6454.00000 0.01755
6456.00000 0.01695
6458.00000 0.01685
6460.00000 0.01655
6462.00000 0.0161
6464.00000 0.01625
6466.00000 0.0159
6468.00000 0.01565
6470.00000 0.0153
6472.00000 0.01515
6474.00000 0.01485
6476.00000 0.0148
6478.00000 0.01415
6480.00000 0.01405
6482.00000 0.0139
6484.00000 0.0135
6486.00000 0.01355
6488.00000 0.01305
6490.00000 0.01285
6492.00000 0.0128
6494.00000 0.01255
6496.00000 0.0125
6498.00000 0.01205
6500.00000 0.0119
6502.00000 0.01165
6504.00000 0.0115
6506.00000 0.0112
6508.00000 0.01105
6510.00000 0.01105
6512.00000 0.0107
6514.00000 0.01055
6516.00000 0.01055
6518.00000 0.01
6520.00000 0.01
6522.00000 0.0099
6524.00000 0.0098
6526.00000 0.00955
6528.00000 0.0094
6530.00000 0.0091
6532.00000 0.00905
6534.00000 0.00895
6536.00000 0.00875
6538.00000 0.0087
6540.00000 0.00815
6542.00000 0.00825
6544.00000 0.0081
6546.00000 0.00815
6548.00000 0.0079
6550.00000 0.00755
6552.00000 0.0076
6554.00000 0.0075
6556.00000 0.0072
6558.00000 0.00735
6560.00000 0.00695
6562.00000 0.0069
6564.00000 0.0068
6566.00000 0.00675
6568.00000 0.00665
6570.00000 0.00625
6572.00000 0.00625
6574.00000 0.00625
6576.00000 0.0062
6578.00000 0.00585
6580.00000 0.0058
6582.00000 0.00575
6584.00000 0.0055
6586.00000 0.00545
6588.00000 0.00555
6590.00000 0.00535
6592.00000 0.0053
6594.00000 0.00505
6596.00000 0.00505
6598.00000 0.00495
6600.00000 0.00475
6602.00000 0.00495
6604.00000 0.00475
6606.00000 0.0046
6608.00000 0.00455
6610.00000 0.00435
6612.00000 0.0043
6614.00000 0.00425
6616.00000 0.00405
6618.00000 0.0042
6620.00000 0.004
6622.00000 0.00405
6624.00000 0.00385
6626.00000 0.0038
6628.00000 0.00375
6630.00000 0.00365
6632.00000 0.0036
6634.00000 0.00345
6636.00000 0.0034
6638.00000 0.0034
6640.00000 0.00315
6642.00000 0.0033
6644.00000 0.00325
6646.00000 0.0031
6648.00000 0.0031
6650.00000 0.00305
6652.00000 0.0031
6654.00000 0.003
6656.00000 0.0029
6658.00000 0.00285
6660.00000 0.00265
6662.00000 0.00265
6664.00000 0.00275
6666.00000 0.0026
6668.00000 0.00245
6670.00000 0.0025
6672.00000 0.0023
6674.00000 0.00225
6676.00000 0.0023
6678.00000 0.0024
6680.00000 0.00225
6682.00000 0.00205
6684.00000 0.002
6686.00000 0.0021
6688.00000 0.00205
6690.00000 0.00195
6692.00000 0.00205
6694.00000 0.00195
6696.00000 0.00195
6698.00000 0.0018
6700.00000 0.00175
6702.00000 0.0018
6704.00000 0.00165
6706.00000 0.00165
6708.00000 0.00165
6710.00000 0.0016
6712.00000 0.00155
6714.00000 0.0016
6716.00000 0.0016
6718.00000 0.00145
6720.00000 0.0016
6722.00000 0.00135
6724.00000 0.00135
6726.00000 0.0014
6728.00000 0.0014
6730.00000 0.0013
6732.00000 0.00125
6734.00000 0.0013
6736.00000 0.0012
6738.00000 0.00135
6740.00000 0.00125
6742.00000 0.00125
6744.00000 0.0011
6746.00000 0.00115
6748.00000 0.0011
6750.00000 0.0011
6752.00000 0.0011
6754.00000 0.0009
6756.00000 0.001
6758.00000 0.001
6760.00000 0.001
6762.00000 0.00095
6764.00000 0.00095
6766.00000 0.00085
6768.00000 0.0008
6770.00000 0.00085
6772.00000 0.00085
6774.00000 0.00085
6776.00000 0.0008
6778.00000 0.00085
6780.00000 0.00075
6782.00000 0.00075
6784.00000 0.0008
6786.00000 0.0008
6788.00000 0.00065
6790.00000 0.00065
6792.00000 0.0006
6794.00000 0.0006
6796.00000 0.00065
6798.00000 0.00055
6800.00000 0.0006
6802.00000 0.00065
6804.00000 0.00065
6806.00000 0.00055
6808.00000 0.00055
6810.00000 0.00055
6812.00000 0.00055
6814.00000 0.00065
6816.00000 0.00055
6818.00000 0.0005
6820.00000 0.00045
6822.00000 0.00045
6824.00000 0.0005
6826.00000 0.00055
6828.00000 0.00045
6830.00000 0.0006
6832.00000 0.00045
6834.00000 0.0004
6836.00000 0.00045
6838.00000 0.0005
6840.00000 0.00045
6842.00000 0.00045
6844.00000 0.00045
6846.00000 0.00035
6848.00000 0.0004
6850.00000 0.0004
6852.00000 0.0003
6854.00000 0.00035
6856.00000 0.00035
6858.00000 0.00035
6860.00000 0.0003
6862.00000 0.0003
6864.00000 0.00035
6866.00000 0.0004
6868.00000 0.00025
6870.00000 0.00035
6872.00000 0.0003
6874.00000 0.00035
6876.00000 0.0003
6878.00000 0.00035
6880.00000 0.00025
6882.00000 0.0003
6884.00000 0.0002
6886.00000 0.00025
6888.00000 0.00035
6890.00000 0.00025
6892.00000 0.0002
6894.00000 0.0003
6896.00000 0.00015
6898.00000 0.00025
6900.00000 0.0003
6902.00000 0.0002
6904.00000 0.0003
6906.00000 0.0002
6908.00000 0.00015
6910.00000 0.0001
6912.00000 0.00015
6914.00000 0.00015
6916.00000 0.00015
6918.00000 0.00025
6920.00000 0.0002
6922.00000 0.0002
6924.00000 0.0002
6926.00000 0.0001
6928.00000 5e-05
6930.00000 0.00015
6932.00000 0.0002
6934.00000 0.00015
6936.00000 0.0002
6938.00000 5e-05
6940.00000 5e-05
6942.00000 0.00015
6944.00000 0.0002
6946.00000 0.00015
6948.00000 0.00015
6950.00000 5e-05
6952.00000 0.0001
6954.00000 0.0
6956.00000 0.0001
6958.00000 0.00015
6960.00000 0.00015
6962.00000 0.00015
6964.00000 0.0001
6966.00000 0.0001
6968.00000 0.0
6970.00000 5e-05
6972.00000 0.0001
6974.00000 5e-05
6976.00000 0.0001
6978.00000 0.00015
6980.00000 0.00015
6982.00000 0.0
6984.00000 0.0
6986.00000 5e-05
6988.00000 0.0001
6990.00000 5e-05
6992.00000 0.0001
6994.00000 0.0002
6996.00000 0.00015
6998.00000 0.00015
7000.00000 5e-05
7700.00000 0.0
