threeML/data/optical_filters/KPNO/Mosaic-M.ecsv
# %ECSV 0.9
# ---
# datatype:
# - {name: wavelength, unit: Angstrom, datatype: float32}
# - {name: response, datatype: float32}
# meta: !!omap
# - {band_name: M}
# - {group_name: Mosaic}
wavelength response
3780.00000 0.0
4200.00000 5e-05
4202.00000 0.0001
4204.00000 0.0001
4206.00000 5e-05
4208.00000 5e-05
4210.00000 0.0
4212.00000 5e-05
4214.00000 0.0
4216.00000 0.0
4218.00000 5e-05
4220.00000 5e-05
4222.00000 5e-05
4224.00000 5e-05
4226.00000 5e-05
4228.00000 0.0
4230.00000 0.0
4232.00000 0.0
4234.00000 0.0
4236.00000 0.0
4238.00000 0.0
4240.00000 0.0
4242.00000 5e-05
4244.00000 0.0
4246.00000 5e-05
4248.00000 0.0
4250.00000 5e-05
4252.00000 5e-05
4254.00000 0.0
4256.00000 5e-05
4258.00000 5e-05
4260.00000 0.0001
4262.00000 0.0
4264.00000 5e-05
4266.00000 5e-05
4268.00000 5e-05
4270.00000 5e-05
4272.00000 0.0
4274.00000 0.0
4276.00000 0.0
4278.00000 0.0
4280.00000 5e-05
4282.00000 0.0
4284.00000 0.0
4286.00000 0.0
4288.00000 5e-05
4290.00000 5e-05
4292.00000 0.0
4294.00000 5e-05
4296.00000 5e-05
4298.00000 0.0001
4300.00000 0.0
4302.00000 0.0
4304.00000 0.0
4306.00000 5e-05
4308.00000 5e-05
4310.00000 5e-05
4312.00000 5e-05
4314.00000 0.0
4316.00000 0.0
4318.00000 5e-05
4320.00000 5e-05
4322.00000 5e-05
4324.00000 5e-05
4326.00000 0.0
4328.00000 0.0
4330.00000 5e-05
4332.00000 0.0
4334.00000 5e-05
4336.00000 0.0
4338.00000 5e-05
4340.00000 0.0
4342.00000 5e-05
4344.00000 0.0
4346.00000 5e-05
4348.00000 5e-05
4350.00000 5e-05
4352.00000 5e-05
4354.00000 5e-05
4356.00000 5e-05
4358.00000 0.0
4360.00000 0.0
4362.00000 5e-05
4364.00000 0.0
4366.00000 5e-05
4368.00000 0.0
4370.00000 0.0
4372.00000 5e-05
4374.00000 5e-05
4376.00000 5e-05
4378.00000 0.0
4380.00000 0.0
4382.00000 0.0
4384.00000 5e-05
4386.00000 5e-05
4388.00000 5e-05
4390.00000 5e-05
4392.00000 0.0
4394.00000 0.0
4396.00000 5e-05
4398.00000 0.0
4400.00000 5e-05
4402.00000 5e-05
4404.00000 5e-05
4406.00000 0.0001
4408.00000 0.0
4410.00000 0.0
4412.00000 0.00015
4414.00000 0.0
4416.00000 5e-05
4418.00000 5e-05
4420.00000 5e-05
4422.00000 5e-05
4424.00000 0.0
4426.00000 0.0001
4428.00000 0.0001
4430.00000 0.00015
4432.00000 0.0001
4434.00000 0.00025
4436.00000 0.0002
4438.00000 0.0002
4440.00000 0.00035
4442.00000 0.0004
4444.00000 0.0004
4446.00000 0.00065
4448.00000 0.00075
4450.00000 0.00095
4452.00000 0.00105
4454.00000 0.00125
4456.00000 0.00155
4458.00000 0.002
4460.00000 0.0024
4462.00000 0.0028
4464.00000 0.00335
4466.00000 0.0039
4468.00000 0.00485
4470.00000 0.00575
4472.00000 0.0065
4474.00000 0.0081
4476.00000 0.0087
4478.00000 0.00975
4480.00000 0.0118
4482.00000 0.01355
4484.00000 0.01575
4486.00000 0.01715
4488.00000 0.01965
4490.00000 0.02275
4492.00000 0.02545
4494.00000 0.02825
4496.00000 0.0322
4498.00000 0.0355
4500.00000 0.03935
4502.00000 0.0434
4504.00000 0.04825
4506.00000 0.05215
4508.00000 0.05755
4510.00000 0.0628
4512.00000 0.06845
4514.00000 0.07465
4516.00000 0.07885
4518.00000 0.0851
4520.00000 0.09175
4522.00000 0.09795
4524.00000 0.106
4526.00000 0.1119
4528.00000 0.1199
4530.00000 0.12675
4532.00000 0.1337
4534.00000 0.14275
4536.00000 0.15095
4538.00000 0.1599
4540.00000 0.1681
4542.00000 0.1765
4544.00000 0.1845
4546.00000 0.194
4548.00000 0.20345
4550.00000 0.2125
4552.00000 0.22105
4554.00000 0.22845
4556.00000 0.24005
4558.00000 0.2471
4560.00000 0.2586
4562.00000 0.26695
4564.00000 0.2749
4566.00000 0.2856
4568.00000 0.29565
4570.00000 0.30275
4572.00000 0.31115
4574.00000 0.3209
4576.00000 0.3309
4578.00000 0.3394
4580.00000 0.3484
4582.00000 0.3564
4584.00000 0.36725
4586.00000 0.37545
4588.00000 0.3828
4590.00000 0.39205
4592.00000 0.4012
4594.00000 0.4114
4596.00000 0.41895
4598.00000 0.42615
4600.00000 0.43505
4602.00000 0.44345
4604.00000 0.45025
4606.00000 0.45795
4608.00000 0.46605
4610.00000 0.4732
4612.00000 0.4803
4614.00000 0.48705
4616.00000 0.4958
4618.00000 0.50325
4620.00000 0.50875
4622.00000 0.51525
4624.00000 0.5234
4626.00000 0.5271
4628.00000 0.5353
4630.00000 0.5392
4632.00000 0.5502
4634.00000 0.55355
4636.00000 0.55895
4638.00000 0.56405
4640.00000 0.5727
4642.00000 0.57725
4644.00000 0.5835
4646.00000 0.5881
4648.00000 0.59515
4650.00000 0.59955
4652.00000 0.605
4654.00000 0.6117
4656.00000 0.61385
4658.00000 0.6191
4660.00000 0.62645
4662.00000 0.6287
4664.00000 0.63545
4666.00000 0.63835
4668.00000 0.6444
4670.00000 0.6485
4672.00000 0.651
4674.00000 0.65485
4676.00000 0.65805
4678.00000 0.6629
4680.00000 0.66755
4682.00000 0.66965
4684.00000 0.6749
4686.00000 0.67855
4688.00000 0.6811
4690.00000 0.68585
4692.00000 0.68975
4694.00000 0.69225
4696.00000 0.698
4698.00000 0.70185
4700.00000 0.7023
4702.00000 0.7053
4704.00000 0.70835
4706.00000 0.7115
4708.00000 0.7146
4710.00000 0.7195
4712.00000 0.72265
4714.00000 0.72665
4716.00000 0.72695
4718.00000 0.7293
4720.00000 0.72965
4722.00000 0.7358
4724.00000 0.7374
4726.00000 0.74075
4728.00000 0.7426
4730.00000 0.73985
4732.00000 0.7483
4734.00000 0.74715
4736.00000 0.7535
4738.00000 0.75195
4740.00000 0.754
4742.00000 0.7508
4744.00000 0.75525
4746.00000 0.763
4748.00000 0.76305
4750.00000 0.76435
4752.00000 0.7705
4754.00000 0.7698
4756.00000 0.77165
4758.00000 0.77035
4760.00000 0.77675
4762.00000 0.77775
4764.00000 0.77815
4766.00000 0.7793
4768.00000 0.77975
4770.00000 0.7819
4772.00000 0.7853
4774.00000 0.78885
4776.00000 0.79065
4778.00000 0.79005
4780.00000 0.79005
4782.00000 0.7908
4784.00000 0.7925
4786.00000 0.79465
4788.00000 0.79305
4790.00000 0.79875
4792.00000 0.80165
4794.00000 0.80305
4796.00000 0.80105
4798.00000 0.80445
4800.00000 0.80545
4802.00000 0.80345
4804.00000 0.8041
4806.00000 0.80965
4808.00000 0.8128
4810.00000 0.8093
4812.00000 0.8132
4814.00000 0.81655
4816.00000 0.8156
4818.00000 0.81735
4820.00000 0.81235
4822.00000 0.81925
4824.00000 0.81795
4826.00000 0.82065
4828.00000 0.8204
4830.00000 0.8215
4832.00000 0.8172
4834.00000 0.82545
4836.00000 0.82265
4838.00000 0.82345
4840.00000 0.8213
4842.00000 0.82405
4844.00000 0.82595
4846.00000 0.8279
4848.00000 0.82765
4850.00000 0.82855
4852.00000 0.83025
4854.00000 0.8285
4856.00000 0.83125
4858.00000 0.8351
4860.00000 0.8345
4862.00000 0.84115
4864.00000 0.83315
4866.00000 0.83615
4868.00000 0.83495
4870.00000 0.841
4872.00000 0.83415
4874.00000 0.8325
4876.00000 0.83715
4878.00000 0.8347
4880.00000 0.84455
4882.00000 0.8416
4884.00000 0.84225
4886.00000 0.8414
4888.00000 0.83845
4890.00000 0.84505
4892.00000 0.8446
4894.00000 0.846
4896.00000 0.845
4898.00000 0.8484
4900.00000 0.8429
4902.00000 0.84975
4904.00000 0.8475
4906.00000 0.84645
4908.00000 0.84755
4910.00000 0.8492
4912.00000 0.8531
4914.00000 0.85235
4916.00000 0.8555
4918.00000 0.8498
4920.00000 0.8523
4922.00000 0.8527
4924.00000 0.8523
4926.00000 0.85545
4928.00000 0.8507
4930.00000 0.85765
4932.00000 0.8548
4934.00000 0.8548
4936.00000 0.8565
4938.00000 0.85495
4940.00000 0.8572
4942.00000 0.8595
4944.00000 0.85775
4946.00000 0.85655
4948.00000 0.85415
4950.00000 0.8609
4952.00000 0.85485
4954.00000 0.85755
4956.00000 0.86055
4958.00000 0.86065
4960.00000 0.86145
4962.00000 0.86245
4964.00000 0.8595
4966.00000 0.86205
4968.00000 0.8636
4970.00000 0.86745
4972.00000 0.86055
4974.00000 0.86095
4976.00000 0.86035
4978.00000 0.86045
4980.00000 0.8654
4982.00000 0.86205
4984.00000 0.862
4986.00000 0.86685
4988.00000 0.86575
4990.00000 0.866
4992.00000 0.86335
4994.00000 0.8643
4996.00000 0.8664
4998.00000 0.8673
5000.00000 0.8683
5002.00000 0.8665
5004.00000 0.8673
5006.00000 0.86865
5008.00000 0.86825
5010.00000 0.86575
5012.00000 0.86705
5014.00000 0.872
5016.00000 0.86645
5018.00000 0.87055
5020.00000 0.8683
5022.00000 0.8693
5024.00000 0.8684
5026.00000 0.8684
5028.00000 0.87035
5030.00000 0.869
5032.00000 0.86845
5034.00000 0.8705
5036.00000 0.8694
5038.00000 0.87215
5040.00000 0.8678
5042.00000 0.8698
5044.00000 0.86915
5046.00000 0.8688
5048.00000 0.867
5050.00000 0.87145
5052.00000 0.8705
5054.00000 0.86975
5056.00000 0.87365
5058.00000 0.8696
5060.00000 0.8725
5062.00000 0.87
5064.00000 0.86975
5066.00000 0.87095
5068.00000 0.87345
5070.00000 0.8657
5072.00000 0.8697
5074.00000 0.8727
5076.00000 0.87
5078.00000 0.8706
5080.00000 0.87285
5082.00000 0.87075
5084.00000 0.87295
5086.00000 0.8694
5088.00000 0.8696
5090.00000 0.8705
5092.00000 0.87175
5094.00000 0.86815
5096.00000 0.87005
5098.00000 0.86865
5100.00000 0.8694
5102.00000 0.8705
5104.00000 0.87035
5106.00000 0.87065
5108.00000 0.87185
5110.00000 0.871
5112.00000 0.87305
5114.00000 0.8707
5116.00000 0.8712
5118.00000 0.8701
5120.00000 0.8734
5122.00000 0.8697
5124.00000 0.86825
5126.00000 0.87135
5128.00000 0.8695
5130.00000 0.869
5132.00000 0.87185
5134.00000 0.86825
5136.00000 0.87005
5138.00000 0.86635
5140.00000 0.87275
5142.00000 0.86705
5144.00000 0.86705
5146.00000 0.8679
5148.00000 0.8677
5150.00000 0.86515
5152.00000 0.8652
5154.00000 0.8657
5156.00000 0.8651
5158.00000 0.86595
5160.00000 0.8697
5162.00000 0.86825
5164.00000 0.8673
5166.00000 0.86855
5168.00000 0.86255
5170.00000 0.8701
5172.00000 0.8649
5174.00000 0.8622
5176.00000 0.86565
5178.00000 0.8586
5180.00000 0.86095
5182.00000 0.8617
5184.00000 0.8626
5186.00000 0.861
5188.00000 0.8624
5190.00000 0.8615
5192.00000 0.8636
5194.00000 0.8653
5196.00000 0.8637
5198.00000 0.86305
5200.00000 0.85915
5202.00000 0.8614
5204.00000 0.8582
5206.00000 0.86135
5208.00000 0.86245
5210.00000 0.86115
5212.00000 0.8602
5214.00000 0.86
5216.00000 0.85605
5218.00000 0.86225
5220.00000 0.8547
5222.00000 0.85665
5224.00000 0.856
5226.00000 0.8542
5228.00000 0.8522
5230.00000 0.8555
5232.00000 0.8519
5234.00000 0.85075
5236.00000 0.8526
5238.00000 0.8512
5240.00000 0.8487
5242.00000 0.8489
5244.00000 0.8481
5246.00000 0.8497
5248.00000 0.8493
5250.00000 0.85205
5252.00000 0.8507
5254.00000 0.84985
5256.00000 0.848
5258.00000 0.84785
5260.00000 0.8493
5262.00000 0.8475
5264.00000 0.8434
5266.00000 0.84495
5268.00000 0.84395
5270.00000 0.841
5272.00000 0.8433
5274.00000 0.8405
5276.00000 0.84355
5278.00000 0.83875
5280.00000 0.83725
5282.00000 0.8412
5284.00000 0.83815
5286.00000 0.83505
5288.00000 0.8344
5290.00000 0.83115
5292.00000 0.8334
5294.00000 0.83445
5296.00000 0.83115
5298.00000 0.83275
5300.00000 0.831
5302.00000 0.8284
5304.00000 0.83205
5306.00000 0.8267
5308.00000 0.83005
5310.00000 0.83155
5312.00000 0.82825
5314.00000 0.8257
5316.00000 0.8253
5318.00000 0.821
5320.00000 0.8206
5322.00000 0.81685
5324.00000 0.8231
5326.00000 0.8232
5328.00000 0.8181
5330.00000 0.8174
5332.00000 0.81775
5334.00000 0.8138
5336.00000 0.8185
5338.00000 0.8127
5340.00000 0.8153
5342.00000 0.8144
5344.00000 0.81575
5346.00000 0.8062
5348.00000 0.8105
5350.00000 0.8107
5352.00000 0.81195
5354.00000 0.8119
5356.00000 0.8068
5358.00000 0.8055
5360.00000 0.8087
5362.00000 0.80735
5364.00000 0.8034
5366.00000 0.79895
5368.00000 0.8044
5370.00000 0.79625
5372.00000 0.7984
5374.00000 0.79965
5376.00000 0.7967
5378.00000 0.7913
5380.00000 0.79375
5382.00000 0.7873
5384.00000 0.79155
5386.00000 0.79135
5388.00000 0.78585
5390.00000 0.78745
5392.00000 0.78445
5394.00000 0.78785
5396.00000 0.78825
5398.00000 0.78345
5400.00000 0.7837
5402.00000 0.77715
5404.00000 0.7767
5406.00000 0.7798
5408.00000 0.7744
5410.00000 0.778
5412.00000 0.7757
5414.00000 0.7728
5416.00000 0.7705
5418.00000 0.7698
5420.00000 0.7636
5422.00000 0.7709
5424.00000 0.76815
5426.00000 0.7651
5428.00000 0.7631
5430.00000 0.7628
5432.00000 0.75685
5434.00000 0.75905
5436.00000 0.7579
5438.00000 0.75365
5440.00000 0.7526
5442.00000 0.75455
5444.00000 0.7514
5446.00000 0.74675
5448.00000 0.7478
5450.00000 0.75285
5452.00000 0.7421
5454.00000 0.74425
5456.00000 0.7483
5458.00000 0.74445
5460.00000 0.7374
5462.00000 0.73495
5464.00000 0.73705
5466.00000 0.73465
5468.00000 0.7307
5470.00000 0.7307
5472.00000 0.72785
5474.00000 0.73265
5476.00000 0.72705
5478.00000 0.7247
5480.00000 0.7241
5482.00000 0.7203
5484.00000 0.718
5486.00000 0.7185
5488.00000 0.71775
5490.00000 0.7129
5492.00000 0.7173
5494.00000 0.71215
5496.00000 0.71035
5498.00000 0.70905
5500.00000 0.7094
5502.00000 0.7055
5504.00000 0.7037
5506.00000 0.7001
5508.00000 0.6961
5510.00000 0.6983
5512.00000 0.6952
5514.00000 0.69465
5516.00000 0.6964
5518.00000 0.68935
5520.00000 0.6848
5522.00000 0.68425
5524.00000 0.68575
5526.00000 0.683
5528.00000 0.6792
5530.00000 0.67775
5532.00000 0.67625
5534.00000 0.6734
5536.00000 0.6767
5538.00000 0.6718
5540.00000 0.66735
5542.00000 0.6679
5544.00000 0.6647
5546.00000 0.66415
5548.00000 0.65875
5550.00000 0.6606
5552.00000 0.66005
5554.00000 0.65655
5556.00000 0.655
5558.00000 0.6551
5560.00000 0.64975
5562.00000 0.64865
5564.00000 0.6447
5566.00000 0.64715
5568.00000 0.64335
5570.00000 0.64235
5572.00000 0.6357
5574.00000 0.6389
5576.00000 0.63155
5578.00000 0.63355
5580.00000 0.63415
5582.00000 0.62615
5584.00000 0.63045
5586.00000 0.62565
5588.00000 0.61935
5590.00000 0.61515
5592.00000 0.6162
5594.00000 0.6115
5596.00000 0.6129
5598.00000 0.608
5600.00000 0.60505
5602.00000 0.6046
5604.00000 0.6033
5606.00000 0.60175
5608.00000 0.5983
5610.00000 0.59755
5612.00000 0.5924
5614.00000 0.5904
5616.00000 0.58895
5618.00000 0.5879
5620.00000 0.58175
5622.00000 0.58405
5624.00000 0.5818
5626.00000 0.5785
5628.00000 0.57845
5630.00000 0.5757
5632.00000 0.5735
5634.00000 0.5675
5636.00000 0.56945
5638.00000 0.5622
5640.00000 0.55905
5642.00000 0.5563
5644.00000 0.55535
5646.00000 0.5553
5648.00000 0.55105
5650.00000 0.5471
5652.00000 0.54975
5654.00000 0.5442
5656.00000 0.54275
5658.00000 0.539
5660.00000 0.53375
5662.00000 0.5338
5664.00000 0.5334
5666.00000 0.5308
5668.00000 0.52705
5670.00000 0.5266
5672.00000 0.5196
5674.00000 0.5204
5676.00000 0.51535
5678.00000 0.5123
5680.00000 0.51315
5682.00000 0.50645
5684.00000 0.5052
5686.00000 0.5057
5688.00000 0.50135
5690.00000 0.4983
5692.00000 0.4971
5694.00000 0.49595
5696.00000 0.49545
5698.00000 0.4907
5700.00000 0.48655
5702.00000 0.48475
5704.00000 0.48125
5706.00000 0.4784
5708.00000 0.4737
5710.00000 0.47405
5712.00000 0.47225
5714.00000 0.4681
5716.00000 0.46745
5718.00000 0.46425
5720.00000 0.45975
5722.00000 0.46
5724.00000 0.45475
5726.00000 0.4561
5728.00000 0.4537
5730.00000 0.44745
5732.00000 0.44435
5734.00000 0.44525
5736.00000 0.443
5738.00000 0.43715
5740.00000 0.43785
5742.00000 0.4323
5744.00000 0.4321
5746.00000 0.42795
5748.00000 0.42705
5750.00000 0.4199
5752.00000 0.4227
5754.00000 0.418
5756.00000 0.4163
5758.00000 0.4105
5760.00000 0.40985
5762.00000 0.4082
5764.00000 0.40625
5766.00000 0.401
5768.00000 0.39905
5770.00000 0.3979
5772.00000 0.3945
5774.00000 0.39435
5776.00000 0.3891
5778.00000 0.38595
5780.00000 0.38405
5782.00000 0.38425
5784.00000 0.38015
5786.00000 0.3751
5788.00000 0.378
5790.00000 0.3705
5792.00000 0.36645
5794.00000 0.3685
5796.00000 0.3633
5798.00000 0.36095
5800.00000 0.3575
5802.00000 0.3548
5804.00000 0.35285
5806.00000 0.3489
5808.00000 0.348
5810.00000 0.3466
5812.00000 0.34465
5814.00000 0.3393
5816.00000 0.3376
5818.00000 0.33555
5820.00000 0.33465
5822.00000 0.3329
5824.00000 0.32985
5826.00000 0.326
5828.00000 0.3234
5830.00000 0.3215
5832.00000 0.31915
5834.00000 0.3124
5836.00000 0.31265
5838.00000 0.3131
5840.00000 0.309
5842.00000 0.3064
5844.00000 0.3019
5846.00000 0.30155
5848.00000 0.2987
5850.00000 0.296
5852.00000 0.2946
5854.00000 0.2902
5856.00000 0.2911
5858.00000 0.28785
5860.00000 0.2834
5862.00000 0.2828
5864.00000 0.2806
5866.00000 0.27645
5868.00000 0.2745
5870.00000 0.27305
5872.00000 0.2716
5874.00000 0.2676
5876.00000 0.2655
5878.00000 0.26465
5880.00000 0.26145
5882.00000 0.25805
5884.00000 0.25585
5886.00000 0.2534
5888.00000 0.25195
5890.00000 0.25025
5892.00000 0.2476
5894.00000 0.2442
5896.00000 0.24485
5898.00000 0.23985
5900.00000 0.2382
5902.00000 0.2348
5904.00000 0.23535
5906.00000 0.2329
5908.00000 0.2283
5910.00000 0.22715
5912.00000 0.2251
5914.00000 0.22255
5916.00000 0.22265
5918.00000 0.22065
5920.00000 0.2173
5922.00000 0.2147
5924.00000 0.21265
5926.00000 0.21025
5928.00000 0.2072
5930.00000 0.2045
5932.00000 0.20405
5934.00000 0.20325
5936.00000 0.20125
5938.00000 0.19975
5940.00000 0.19725
5942.00000 0.19525
5944.00000 0.19425
5946.00000 0.1912
5948.00000 0.1861
5950.00000 0.1869
5952.00000 0.18375
5954.00000 0.18325
5956.00000 0.1805
5958.00000 0.17865
5960.00000 0.17655
