threeML/data/optical_filters/TYCHO/TYCHO-V_MvB.ecsv
# %ECSV 0.9
# ---
# datatype:
# - {name: wavelength, unit: Angstrom, datatype: float32}
# - {name: response, datatype: float32}
# meta: !!omap
# - {band_name: V_MvB}
# - {group_name: TYCHO}
wavelength response
4494.70020 0.0
4517.70020 0.009
4540.70020 0.024
4563.70020 0.049
4586.70020 0.09
4609.79980 0.145
4632.79980 0.215
4655.89990 0.297
4679.00000 0.386
4702.00000 0.478
4725.10010 0.568
4748.20020 0.65
4771.29980 0.721
4794.39990 0.78
4817.50000 0.828
4840.70020 0.866
4863.79980 0.895
4886.89990 0.919
4910.10010 0.937
4933.20020 0.953
4956.39990 0.966
4979.50000 0.977
5002.70020 0.986
5025.89990 0.993
5049.10010 0.997
5072.29980 0.999
5095.50000 1.0
5118.70020 0.998
5141.89990 0.994
5165.20020 0.988
5188.39990 0.98
5211.60010 0.971
5234.89990 0.96
5258.20020 0.948
5281.39990 0.935
5304.70020 0.922
5328.00000 0.907
5351.29980 0.893
5374.60010 0.878
5397.89990 0.862
5421.20020 0.845
5444.50000 0.828
5467.79980 0.81
5491.10010 0.792
5514.50000 0.774
5537.79980 0.755
5561.20020 0.736
5584.50000 0.717
5607.89990 0.698
5631.29980 0.678
5654.70020 0.657
5678.00000 0.635
5701.39990 0.613
5724.79980 0.592
5748.29980 0.571
5771.70020 0.549
5795.10010 0.527
5818.50000 0.505
5842.00000 0.484
5865.39990 0.462
5888.89990 0.439
5912.29980 0.417
5935.79980 0.395
5959.29980 0.374
5982.70020 0.354
6006.20020 0.334
6029.70020 0.314
6053.20020 0.295
6076.70020 0.277
6100.20020 0.259
6123.70020 0.243
6147.29980 0.228
6170.79980 0.214
6194.29980 0.2
6217.89990 0.187
6241.39990 0.175
6265.00000 0.163
6288.60010 0.152
6312.10010 0.142
6335.70020 0.133
6359.29980 0.124
6382.89990 0.116
6406.50000 0.109
6430.10010 0.101
6453.70020 0.094
6477.29980 0.087
6501.00000 0.08
6524.60010 0.074
6548.20020 0.067
6571.89990 0.062
6595.50000 0.056
6619.20020 0.05
6642.89990 0.044
6666.50000 0.038
6690.20020 0.031
6713.89990 0.024
6737.60010 0.018
6761.29980 0.012
6785.00000 0.006
7463.50000 0.0
