threeML/data/optical_filters/TYCHO/TYCHO-B_MvB.ecsv
# %ECSV 0.9
# ---
# datatype:
# - {name: wavelength, unit: Angstrom, datatype: float32}
# - {name: response, datatype: float32}
# meta: !!omap
# - {band_name: B_MvB}
# - {group_name: TYCHO}
wavelength response
3511.39990 0.0
3527.30005 0.005
3543.19995 0.01
3559.10010 0.018
3575.10010 0.029
3591.00000 0.044
3606.89990 0.061
3622.80005 0.08
3638.80005 0.101
3654.69995 0.124
3670.60010 0.149
3686.60010 0.176
3702.50000 0.205
3718.39990 0.235
3734.39990 0.267
3750.30005 0.3
3766.19995 0.334
3782.19995 0.37
3798.10010 0.407
3814.10010 0.444
3830.00000 0.481
3846.00000 0.518
3861.89990 0.555
3877.89990 0.59
3893.80005 0.625
3909.80005 0.658
3925.69995 0.689
3941.69995 0.717
3957.69995 0.744
3973.60010 0.768
3989.60010 0.789
4005.50000 0.808
4021.50000 0.825
4037.50000 0.84
4053.39990 0.852
4069.39990 0.863
4085.39990 0.873
4101.39990 0.881
4117.29980 0.889
4133.29980 0.896
4149.29980 0.904
4165.29980 0.911
4181.20020 0.918
4197.20020 0.926
4213.20020 0.934
4229.20020 0.943
4245.20020 0.951
4261.10010 0.96
4277.10010 0.968
4293.10010 0.976
4309.10010 0.983
4325.10010 0.989
4341.10010 0.994
4357.10010 0.999
4373.10010 1.0
4389.10010 0.996
4405.10010 0.987
4421.10010 0.972
4437.10010 0.948
4453.10010 0.915
4469.10010 0.876
4485.10010 0.831
4501.10010 0.779
4517.10010 0.722
4533.10010 0.664
4549.10010 0.604
4565.10010 0.543
4581.10010 0.484
4597.20020 0.428
4613.20020 0.375
4629.20020 0.326
4645.20020 0.283
4661.20020 0.246
4677.29980 0.214
4693.29980 0.186
4709.29980 0.163
4725.29980 0.144
4741.39990 0.128
4757.39990 0.116
4773.39990 0.105
4789.39990 0.096
4805.50000 0.089
4821.50000 0.083
4837.50000 0.076
4853.60010 0.07
4869.60010 0.063
4885.60010 0.057
4901.70020 0.05
4917.70020 0.044
4933.79980 0.037
4949.79980 0.031
4965.89990 0.025
4981.89990 0.019
4997.89990 0.014
5014.00000 0.01
5030.00000 0.006
5046.10010 0.004
5062.10010 0.002
5078.20020 0.001
5586.02002 0.0
