threeML/data/optical_filters/GALEX/GALEX-NUV.ecsv
# %ECSV 0.9
# ---
# datatype:
# - {name: wavelength, unit: Angstrom, datatype: float32}
# - {name: response, datatype: float32}
# meta: !!omap
# - {band_name: NUV}
# - {group_name: GALEX}
wavelength response
[from data line 818]
2508.00000 0.523692
2509.00000 0.523516
2510.00000 0.52334
2511.00000 0.523164
2512.00000 0.522988
2513.00000 0.522812
2514.00000 0.522636
2515.00000 0.52246
2516.00000 0.522284
2517.00000 0.522108
2518.00000 0.521932
2519.00000 0.521756
2520.00000 0.52158
2521.00000 0.521404
2522.00000 0.521228
2523.00000 0.521052
2524.00000 0.520876
2525.00000 0.5207
2526.00000 0.520524
2527.00000 0.520348
2528.00000 0.520172
2529.00000 0.519996
2530.00000 0.51982
2531.00000 0.519644
2532.00000 0.519468
2533.00000 0.519292
2534.00000 0.519116
2535.00000 0.51894
2536.00000 0.518764
2537.00000 0.518588
2538.00000 0.518412
2539.00000 0.518236
2540.00000 0.51806
2541.00000 0.517884
2542.00000 0.517708
2543.00000 0.517532
2544.00000 0.517356
2545.00000 0.51718
2546.00000 0.517004
2547.00000 0.516828
2548.00000 0.516652
2549.00000 0.516476
2550.00000 0.5163
2551.00000 0.515988
2552.00000 0.515676
2553.00000 0.515364
2554.00000 0.515052
2555.00000 0.51474
2556.00000 0.514428
2557.00000 0.514116
2558.00000 0.513804
2559.00000 0.513492
2560.00000 0.51318
2561.00000 0.512868
2562.00000 0.512556
2563.00000 0.512244
2564.00000 0.511932
2565.00000 0.51162
2566.00000 0.511308
2567.00000 0.510996
2568.00000 0.510684
2569.00000 0.510372
2570.00000 0.51006
2571.00000 0.509748
2572.00000 0.509436
2573.00000 0.509124
2574.00000 0.508812
2575.00000 0.5085
2576.00000 0.508188
2577.00000 0.507876
2578.00000 0.507564
2579.00000 0.507252
2580.00000 0.50694
2581.00000 0.506628
2582.00000 0.506316
2583.00000 0.506004
2584.00000 0.505692
2585.00000 0.50538
2586.00000 0.505068
2587.00000 0.504756
2588.00000 0.504444
2589.00000 0.504132
2590.00000 0.50382
2591.00000 0.503508
2592.00000 0.503196
2593.00000 0.502884
2594.00000 0.502572
2595.00000 0.50226
2596.00000 0.501948
2597.00000 0.501636
2598.00000 0.501324
2599.00000 0.501012
2600.00000 0.5007
2601.00000 0.499824
2602.00000 0.498948
2603.00000 0.498072
2604.00000 0.497196
2605.00000 0.49632
2606.00000 0.495444
2607.00000 0.494568
2608.00000 0.493692
2609.00000 0.492816
2610.00000 0.49194
2611.00000 0.491064
2612.00000 0.490188
2613.00000 0.489312
2614.00000 0.488436
2615.00000 0.48756
2616.00000 0.486684
2617.00000 0.485808
2618.00000 0.484932
2619.00000 0.484056
2620.00000 0.48318
2621.00000 0.482304
2622.00000 0.481428
2623.00000 0.480552
2624.00000 0.479676
2625.00000 0.4788
2626.00000 0.477924
2627.00000 0.477048
2628.00000 0.476172
2629.00000 0.475296
2630.00000 0.47442
2631.00000 0.473544
2632.00000 0.472668
2633.00000 0.471792
2634.00000 0.470916
2635.00000 0.47004
2636.00000 0.469164
2637.00000 0.468288
2638.00000 0.467412
2639.00000 0.466536
2640.00000 0.46566
2641.00000 0.464784
2642.00000 0.463908
2643.00000 0.463032
2644.00000 0.462156
2645.00000 0.46128
2646.00000 0.460404
2647.00000 0.459528
2648.00000 0.458652
2649.00000 0.457776
2650.00000 0.4569
2651.00000 0.45528
2652.00000 0.45366
2653.00000 0.45204
2654.00000 0.45042
2655.00000 0.4488
2656.00000 0.44718
2657.00000 0.44556
2658.00000 0.44394
2659.00000 0.44232
2660.00000 0.4407
2661.00000 0.43908
2662.00000 0.43746
2663.00000 0.43584
2664.00000 0.43422
2665.00000 0.4326
2666.00000 0.43098
2667.00000 0.42936
2668.00000 0.42774
2669.00000 0.42612
2670.00000 0.4245
2671.00000 0.42288
2672.00000 0.42126
2673.00000 0.41964
2674.00000 0.41802
2675.00000 0.4164
2676.00000 0.41478
2677.00000 0.41316
2678.00000 0.41154
2679.00000 0.40992
2680.00000 0.4083
2681.00000 0.40668
2682.00000 0.40506
2683.00000 0.40344
2684.00000 0.40182
2685.00000 0.4002
2686.00000 0.39858
2687.00000 0.39696
2688.00000 0.39534
2689.00000 0.39372
2690.00000 0.3921
2691.00000 0.39048
2692.00000 0.38886
2693.00000 0.38724
2694.00000 0.38562
2695.00000 0.384
2696.00000 0.38238
2697.00000 0.38076
2698.00000 0.37914
2699.00000 0.37752
2700.00000 0.3759
2701.00000 0.373362
2702.00000 0.370824
2703.00000 0.368286
2704.00000 0.365748
2705.00000 0.36321
2706.00000 0.360672
2707.00000 0.358134
2708.00000 0.355596
2709.00000 0.353058
2710.00000 0.35052
2711.00000 0.347982
2712.00000 0.345444
2713.00000 0.342906
2714.00000 0.340368
2715.00000 0.33783
2716.00000 0.335292
2717.00000 0.332754
2718.00000 0.330216
2719.00000 0.327678
2720.00000 0.32514
2721.00000 0.322602
2722.00000 0.320064
2723.00000 0.317526
2724.00000 0.314988
2725.00000 0.31245
2726.00000 0.309912
2727.00000 0.307374
2728.00000 0.304836
2729.00000 0.302298
2730.00000 0.29976
2731.00000 0.297222
2732.00000 0.294684
2733.00000 0.292146
2734.00000 0.289608
2735.00000 0.28707
2736.00000 0.284532
2737.00000 0.281994
2738.00000 0.279456
2739.00000 0.276918
2740.00000 0.27438
2741.00000 0.271842
2742.00000 0.269304
2743.00000 0.266766
2744.00000 0.264228
2745.00000 0.26169
2746.00000 0.259152
2747.00000 0.256614
2748.00000 0.254076
2749.00000 0.251538
2750.00000 0.249
2751.00000 0.246186
2752.00000 0.243372
2753.00000 0.240558
2754.00000 0.237744
2755.00000 0.23493
2756.00000 0.232116
2757.00000 0.229302
2758.00000 0.226488
2759.00000 0.223674
2760.00000 0.22086
2761.00000 0.218046
2762.00000 0.215232
2763.00000 0.212418
2764.00000 0.209604
2765.00000 0.20679
2766.00000 0.203976
2767.00000 0.201162
2768.00000 0.198348
2769.00000 0.195534
2770.00000 0.19272
2771.00000 0.189906
2772.00000 0.187092
2773.00000 0.184278
2774.00000 0.181464
2775.00000 0.17865
2776.00000 0.175836
2777.00000 0.173022
2778.00000 0.170208
2779.00000 0.167394
2780.00000 0.16458
2781.00000 0.161766
2782.00000 0.158952
2783.00000 0.156138
2784.00000 0.153324
2785.00000 0.15051
2786.00000 0.147696
2787.00000 0.144882
2788.00000 0.142068
2789.00000 0.139254
2790.00000 0.13644
2791.00000 0.133626
2792.00000 0.130812
2793.00000 0.127998
2794.00000 0.125184
2795.00000 0.12237
2796.00000 0.119556
2797.00000 0.116742
2798.00000 0.113928
2799.00000 0.111114
2800.00000 0.1083
2801.00000 0.106824
2802.00000 0.105348
2803.00000 0.103872
2804.00000 0.102396
2805.00000 0.10092
2806.00000 0.099444
2807.00000 0.097968
2808.00000 0.096492
2809.00000 0.095016
2810.00000 0.09354
2811.00000 0.092064
2812.00000 0.090588
2813.00000 0.089112
2814.00000 0.087636
2815.00000 0.08616
2816.00000 0.084684
2817.00000 0.083208
2818.00000 0.081732
2819.00000 0.080256
2820.00000 0.07878
2821.00000 0.077304
2822.00000 0.075828
2823.00000 0.074352
2824.00000 0.072876
2825.00000 0.0714
2826.00000 0.069924
2827.00000 0.068448
2828.00000 0.066972
2829.00000 0.065496
2830.00000 0.06402
2831.00000 0.062544
2832.00000 0.061068
2833.00000 0.059592
2834.00000 0.058116
2835.00000 0.05664
2836.00000 0.055164
2837.00000 0.053688
2838.00000 0.052212
2839.00000 0.050736
2840.00000 0.04926
2841.00000 0.047784
2842.00000 0.046308
2843.00000 0.044832
2844.00000 0.043356
2845.00000 0.04188
2846.00000 0.040404
2847.00000 0.038928
2848.00000 0.037452
2849.00000 0.035976
2850.00000 0.0345
2851.00000 0.03406
2852.00000 0.03362
2853.00000 0.03318
2854.00000 0.03274
2855.00000 0.0323
2856.00000 0.03186
2857.00000 0.03142
2858.00000 0.03098
2859.00000 0.03054
2860.00000 0.0301
2861.00000 0.02966
2862.00000 0.02922
2863.00000 0.02878
2864.00000 0.02834
2865.00000 0.0279
2866.00000 0.02746
2867.00000 0.02702
2868.00000 0.02658
2869.00000 0.02614
2870.00000 0.0257
2871.00000 0.02526
2872.00000 0.02482
2873.00000 0.02438
2874.00000 0.02394
2875.00000 0.0235
2876.00000 0.02306
2877.00000 0.02262
2878.00000 0.02218
2879.00000 0.02174
2880.00000 0.0213
2881.00000 0.02086
2882.00000 0.02042
2883.00000 0.01998
2884.00000 0.01954
2885.00000 0.0191
2886.00000 0.01866
2887.00000 0.01822
2888.00000 0.01778
2889.00000 0.01734
2890.00000 0.0169
2891.00000 0.01646
2892.00000 0.01602
2893.00000 0.01558
2894.00000 0.01514
2895.00000 0.0147
2896.00000 0.01426
2897.00000 0.01382
2898.00000 0.01338
2899.00000 0.01294
2900.00000 0.0125
2901.00000 0.012522
2902.00000 0.012544
2903.00000 0.012566
2904.00000 0.012588
2905.00000 0.01261
2906.00000 0.012632
2907.00000 0.012654
2908.00000 0.012676
2909.00000 0.012698
2910.00000 0.01272
2911.00000 0.012742
2912.00000 0.012764
2913.00000 0.012786
2914.00000 0.012808
2915.00000 0.01283
2916.00000 0.012852
2917.00000 0.012874
2918.00000 0.012896
2919.00000 0.012918
2920.00000 0.01294
2921.00000 0.012962
2922.00000 0.012984
2923.00000 0.013006
2924.00000 0.013028
2925.00000 0.01305
2926.00000 0.013072
2927.00000 0.013094
2928.00000 0.013116
2929.00000 0.013138
2930.00000 0.01316
2931.00000 0.013182
2932.00000 0.013204
2933.00000 0.013226
2934.00000 0.013248
2935.00000 0.01327
2936.00000 0.013292
2937.00000 0.013314
2938.00000 0.013336
2939.00000 0.013358
2940.00000 0.01338
2941.00000 0.013402
2942.00000 0.013424
2943.00000 0.013446
2944.00000 0.013468
2945.00000 0.01349
2946.00000 0.013512
2947.00000 0.013534
2948.00000 0.013556
2949.00000 0.013578
2950.00000 0.0136
2951.00000 0.013698
2952.00000 0.013796
2953.00000 0.013894
2954.00000 0.013992
2955.00000 0.01409
2956.00000 0.014188
2957.00000 0.014286
2958.00000 0.014384
2959.00000 0.014482
2960.00000 0.01458
2961.00000 0.014678
2962.00000 0.014776
2963.00000 0.014874
2964.00000 0.014972
2965.00000 0.01507
2966.00000 0.015168
2967.00000 0.015266
2968.00000 0.015364
2969.00000 0.015462
2970.00000 0.01556
2971.00000 0.015658
2972.00000 0.015756
2973.00000 0.015854
2974.00000 0.015952
2975.00000 0.01605
2976.00000 0.016148
2977.00000 0.016246
2978.00000 0.016344
2979.00000 0.016442
2980.00000 0.01654
2981.00000 0.016638
2982.00000 0.016736
2983.00000 0.016834
2984.00000 0.016932
2985.00000 0.01703
2986.00000 0.017128
2987.00000 0.017226
2988.00000 0.017324
2989.00000 0.017422
2990.00000 0.01752
2991.00000 0.017618
2992.00000 0.017716
2993.00000 0.017814
2994.00000 0.017912
2995.00000 0.01801
2996.00000 0.018108
2997.00000 0.018206
2998.00000 0.018304
2999.00000 0.018402
3000.00000 0.0185
3001.00000 0.01665
3002.00000 0.0148
3003.00000 0.01295
3004.00000 0.0111
3005.00000 0.00925
3006.00000 0.0074
3007.00000 0.00555
3008.00000 0.0037
3009.00000 0.00185
3010.00000 0.0
