threeML/data/optical_filters/GALEX/GALEX-FUV.ecsv
# %ECSV 0.9
# ---
# datatype:
# - {name: wavelength, unit: Angstrom, datatype: float32}
# - {name: response, datatype: float32}
# meta: !!omap
# - {band_name: FUV}
# - {group_name: GALEX}
wavelength response
1340.00000 0.0
1341.00000 0.01154
1342.00000 0.02308
1343.00000 0.03462
1344.00000 0.04616
1345.00000 0.0577
1346.00000 0.06924
1347.00000 0.08078
1348.00000 0.09232
1349.00000 0.10386
1350.00000 0.1154
1351.00000 0.118456
1352.00000 0.121512
1353.00000 0.124568
1354.00000 0.127624
1355.00000 0.13068
1356.00000 0.133736
1357.00000 0.136792
1358.00000 0.139848
1359.00000 0.142904
1360.00000 0.14596
1361.00000 0.149016
1362.00000 0.152072
1363.00000 0.155128
1364.00000 0.158184
1365.00000 0.16124
1366.00000 0.164296
1367.00000 0.167352
1368.00000 0.170408
1369.00000 0.173464
1370.00000 0.17652
1371.00000 0.176642
1372.00000 0.176764
1373.00000 0.176886
1374.00000 0.177008
1375.00000 0.17713
1376.00000 0.177252
1377.00000 0.177374
1378.00000 0.177496
1379.00000 0.177618
1380.00000 0.17774
1381.00000 0.174928
1382.00000 0.172116
1383.00000 0.169304
1384.00000 0.166492
1385.00000 0.16368
1386.00000 0.160868
1387.00000 0.158056
1388.00000 0.155244
1389.00000 0.152432
1390.00000 0.14962
1391.00000 0.146808
1392.00000 0.143996
1393.00000 0.141184
1394.00000 0.138372
1395.00000 0.13556
1396.00000 0.132748
1397.00000 0.129936
1398.00000 0.127124
1399.00000 0.124312
1400.00000 0.1215
1401.00000 0.126744
1402.00000 0.131988
1403.00000 0.137232
1404.00000 0.142476
1405.00000 0.14772
1406.00000 0.152964
1407.00000 0.158208
1408.00000 0.163452
1409.00000 0.168696
1410.00000 0.17394
1411.00000 0.179184
1412.00000 0.184428
1413.00000 0.189672
1414.00000 0.194916
1415.00000 0.20016
1416.00000 0.205404
1417.00000 0.210648
1418.00000 0.215892
1419.00000 0.221136
1420.00000 0.22638
1421.00000 0.230784
1422.00000 0.235188
1423.00000 0.239592
1424.00000 0.243996
1425.00000 0.2484
1426.00000 0.252804
1427.00000 0.257208
1428.00000 0.261612
1429.00000 0.266016
1430.00000 0.27042
1431.00000 0.273984
1432.00000 0.277548
1433.00000 0.281112
1434.00000 0.284676
1435.00000 0.28824
1436.00000 0.291804
1437.00000 0.295368
1438.00000 0.298932
1439.00000 0.302496
1440.00000 0.30606
1441.00000 0.309936
1442.00000 0.313188
1443.00000 0.316752
1444.00000 0.320316
1445.00000 0.32388
1446.00000 0.327444
1447.00000 0.331008
1448.00000 0.334572
1449.00000 0.338136
1450.00000 0.3417
1451.00000 0.342944
1452.00000 0.344188
1453.00000 0.345432
1454.00000 0.346676
1455.00000 0.34792
1456.00000 0.349164
1457.00000 0.350408
1458.00000 0.351652
1459.00000 0.352896
1460.00000 0.35414
1461.00000 0.355384
1462.00000 0.356628
1463.00000 0.357872
1464.00000 0.359116
1465.00000 0.36036
1466.00000 0.361604
1467.00000 0.362848
1468.00000 0.364092
1469.00000 0.365336
1470.00000 0.36658
1471.00000 0.366728
1472.00000 0.366876
1473.00000 0.367024
1474.00000 0.367172
1475.00000 0.36732
1476.00000 0.367468
1477.00000 0.367616
1478.00000 0.367764
1479.00000 0.367912
1480.00000 0.36806
1481.00000 0.367112
1482.00000 0.366164
1483.00000 0.365216
1484.00000 0.364268
1485.00000 0.36332
1486.00000 0.362372
1487.00000 0.361424
1488.00000 0.360476
1489.00000 0.359528
1490.00000 0.35858
1491.00000 0.357632
1492.00000 0.356684
1493.00000 0.355736
1494.00000 0.354788
1495.00000 0.35384
1496.00000 0.352892
1497.00000 0.351944
1498.00000 0.350996
1499.00000 0.350048
1500.00000 0.3491
1501.00000 0.348988
1502.00000 0.348876
1503.00000 0.348764
1504.00000 0.348652
1505.00000 0.34854
1506.00000 0.348428
1507.00000 0.348316
1508.00000 0.348204
1509.00000 0.348092
1510.00000 0.34798
1511.00000 0.347868
1512.00000 0.347756
1513.00000 0.347644
1514.00000 0.347532
1515.00000 0.34742
1516.00000 0.347308
1517.00000 0.347196
1518.00000 0.347084
1519.00000 0.346972
1520.00000 0.34686
1521.00000 0.345116
1522.00000 0.343372
1523.00000 0.341628
1524.00000 0.339884
1525.00000 0.33814
1526.00000 0.336396
1527.00000 0.334652
1528.00000 0.332908
1529.00000 0.331164
1530.00000 0.32942
1531.00000 0.326044
1532.00000 0.322668
1533.00000 0.319292
1534.00000 0.315916
1535.00000 0.31254
1536.00000 0.309164
1537.00000 0.305788
1538.00000 0.302412
1539.00000 0.299036
1540.00000 0.29566
1541.00000 0.292284
1542.00000 0.288908
1543.00000 0.285532
1544.00000 0.282156
1545.00000 0.27878
1546.00000 0.275404
1547.00000 0.272028
1548.00000 0.268652
1549.00000 0.265276
1550.00000 0.2619
1551.00000 0.261797
1552.00000 0.261693
1553.00000 0.26159
1554.00000 0.261487
1555.00000 0.261383
1556.00000 0.26128
1557.00000 0.261177
1558.00000 0.261074
1559.00000 0.26097
1560.00000 0.260867
1561.00000 0.260764
1562.00000 0.26066
1563.00000 0.260557
1564.00000 0.260453
1565.00000 0.26035
1566.00000 0.260247
1567.00000 0.260143
1568.00000 0.26004
1569.00000 0.259936
1570.00000 0.259833
1571.00000 0.25973
1572.00000 0.259626
1573.00000 0.259523
1574.00000 0.25942
1575.00000 0.259316
1576.00000 0.259213
1577.00000 0.25911
1578.00000 0.259007
1579.00000 0.258903
1580.00000 0.2588
1581.00000 0.258697
1582.00000 0.258593
1583.00000 0.25849
1584.00000 0.258387
1585.00000 0.258284
1586.00000 0.25818
1587.00000 0.258077
1588.00000 0.257974
1589.00000 0.25787
1590.00000 0.257767
1591.00000 0.257664
1592.00000 0.25756
1593.00000 0.257457
1594.00000 0.257353
1595.00000 0.25725
1596.00000 0.257147
1597.00000 0.257043
1598.00000 0.25694
1599.00000 0.256836
1600.00000 0.256733
1601.00000 0.25663
1602.00000 0.256526
1603.00000 0.256423
1604.00000 0.25632
1605.00000 0.256217
1606.00000 0.256113
1607.00000 0.25601
1608.00000 0.255907
1609.00000 0.255803
1610.00000 0.2557
1611.00000 0.25329
1612.00000 0.25088
1613.00000 0.24847
1614.00000 0.24606
1615.00000 0.24365
1616.00000 0.24124
1617.00000 0.23883
1618.00000 0.23642
1619.00000 0.23401
1620.00000 0.2316
1621.00000 0.22919
1622.00000 0.22678
1623.00000 0.22437
1624.00000 0.22196
1625.00000 0.21955
1626.00000 0.21714
1627.00000 0.21473
1628.00000 0.21232
1629.00000 0.20991
1630.00000 0.2075
1631.00000 0.20509
1632.00000 0.20268
1633.00000 0.20027
1634.00000 0.19786
1635.00000 0.19545
1636.00000 0.19304
1637.00000 0.19063
1638.00000 0.18822
1639.00000 0.18581
1640.00000 0.1834
1641.00000 0.18099
1642.00000 0.17858
1643.00000 0.17617
1644.00000 0.17376
1645.00000 0.17135
1646.00000 0.16894
1647.00000 0.16653
1648.00000 0.16412
1649.00000 0.16171
1650.00000 0.1593
1651.00000 0.158554
1652.00000 0.157808
1653.00000 0.157062
1654.00000 0.156316
1655.00000 0.15557
1656.00000 0.154824
1657.00000 0.154078
1658.00000 0.153332
1659.00000 0.152586
1660.00000 0.15184
1661.00000 0.151094
1662.00000 0.150348
1663.00000 0.149602
1664.00000 0.148856
1665.00000 0.14811
1666.00000 0.147364
1667.00000 0.146618
1668.00000 0.145872
1669.00000 0.145126
1670.00000 0.14438
1671.00000 0.143634
1672.00000 0.142888
1673.00000 0.142142
1674.00000 0.141396
1675.00000 0.14065
1676.00000 0.139904
1677.00000 0.139158
1678.00000 0.138412
1679.00000 0.137666
1680.00000 0.13692
1681.00000 0.136174
1682.00000 0.135428
1683.00000 0.134682
1684.00000 0.133936
1685.00000 0.13319
1686.00000 0.132444
1687.00000 0.131698
1688.00000 0.130952
1689.00000 0.130206
1690.00000 0.12946
1691.00000 0.128714
1692.00000 0.127968
1693.00000 0.127222
1694.00000 0.126476
1695.00000 0.12573
1696.00000 0.124984
1697.00000 0.124238
1698.00000 0.123492
1699.00000 0.122746
1700.00000 0.122
1701.00000 0.12167
1702.00000 0.12134
1703.00000 0.12101
1704.00000 0.12068
1705.00000 0.12035
1706.00000 0.12002
1707.00000 0.11969
1708.00000 0.11936
1709.00000 0.11903
1710.00000 0.1187
1711.00000 0.11837
1712.00000 0.11804
1713.00000 0.11771
1714.00000 0.11738
1715.00000 0.11705
1716.00000 0.11672
1717.00000 0.11639
1718.00000 0.11606
1719.00000 0.11573
1720.00000 0.1154
1721.00000 0.11507
1722.00000 0.11474
1723.00000 0.11441
1724.00000 0.11408
1725.00000 0.11375
1726.00000 0.11342
1727.00000 0.11309
1728.00000 0.11276
1729.00000 0.11243
1730.00000 0.1121
1731.00000 0.11177
1732.00000 0.11144
1733.00000 0.11111
1734.00000 0.11078
1735.00000 0.11045
1736.00000 0.11012
1737.00000 0.10979
1738.00000 0.10946
1739.00000 0.10913
1740.00000 0.1088
1741.00000 0.10847
1742.00000 0.10814
1743.00000 0.10781
1744.00000 0.10748
1745.00000 0.10715
1746.00000 0.10682
1747.00000 0.10649
1748.00000 0.10616
1749.00000 0.10583
1750.00000 0.1055
1751.00000 0.103596
1752.00000 0.101692
1753.00000 0.099788
1754.00000 0.097884
1755.00000 0.09598
1756.00000 0.094076
1757.00000 0.092172
1758.00000 0.090268
1759.00000 0.088364
1760.00000 0.08646
1761.00000 0.084556
1762.00000 0.082652
1763.00000 0.080748
1764.00000 0.078844
1765.00000 0.07694
1766.00000 0.075036
1767.00000 0.073132
1768.00000 0.071228
1769.00000 0.069324
1770.00000 0.06742
1771.00000 0.065516
1772.00000 0.063612
1773.00000 0.061708
1774.00000 0.059804
1775.00000 0.0579
1776.00000 0.055996
1777.00000 0.054092
1778.00000 0.052188
1779.00000 0.050284
1780.00000 0.04838
1781.00000 0.046476
1782.00000 0.044572
1783.00000 0.042668
1784.00000 0.040764
1785.00000 0.03886
1786.00000 0.036956
1787.00000 0.035052
1788.00000 0.033148
1789.00000 0.031244
1790.00000 0.02934
1791.00000 0.027436
1792.00000 0.025532
1793.00000 0.023628
1794.00000 0.021724
1795.00000 0.01982
1796.00000 0.017916
1797.00000 0.016012
1798.00000 0.014108
1799.00000 0.012204
1800.00000 0.0103
1801.00000 0.00927
1802.00000 0.00824
1803.00000 0.00721
1804.00000 0.00618
1805.00000 0.00515
1806.00000 0.00412
1807.00000 0.00309
1808.00000 0.00206
1809.00000 0.00103
1810.00000 0.0
