threeML/data/optical_filters/GALEX/GALEX-NUV.ecsv
# %ECSV 0.9
# ---
# datatype:
# - {name: wavelength, unit: Angstrom, datatype: float32}
# - {name: response, datatype: float32}
# meta: !!omap
# - {band_name: NUV}
# - {group_name: GALEX}
wavelength response
1690.00000 0.0
1691.00000 0.00245
1692.00000 0.0049
1693.00000 0.00735
1694.00000 0.0098
1695.00000 0.01225
1696.00000 0.0147
1697.00000 0.01715
1698.00000 0.0196
1699.00000 0.02205
1700.00000 0.0245
1701.00000 0.024676
1702.00000 0.024852
1703.00000 0.025028
1704.00000 0.025204
1705.00000 0.02538
1706.00000 0.025556
1707.00000 0.025732
1708.00000 0.025908
1709.00000 0.026084
1710.00000 0.02626
1711.00000 0.026436
1712.00000 0.026612
1713.00000 0.026788
1714.00000 0.026964
1715.00000 0.02714
1716.00000 0.027316
1717.00000 0.027492
1718.00000 0.027668
1719.00000 0.027844
1720.00000 0.02802
1721.00000 0.028196
1722.00000 0.028372
1723.00000 0.028548
1724.00000 0.028724
1725.00000 0.0289
1726.00000 0.029076
1727.00000 0.029252
1728.00000 0.029428
1729.00000 0.029604
1730.00000 0.02978
1731.00000 0.029956
1732.00000 0.030132
1733.00000 0.030308
1734.00000 0.030484
1735.00000 0.03066
1736.00000 0.030836
1737.00000 0.031012
1738.00000 0.031188
1739.00000 0.031364
1740.00000 0.03154
1741.00000 0.031716
1742.00000 0.031892
1743.00000 0.032068
1744.00000 0.032244
1745.00000 0.03242
1746.00000 0.032596
1747.00000 0.032772
1748.00000 0.032948
1749.00000 0.033124
1750.00000 0.0333
1751.00000 0.034672
1752.00000 0.036044
1753.00000 0.037416
1754.00000 0.038788
1755.00000 0.04016
1756.00000 0.041532
1757.00000 0.042904
1758.00000 0.044276
1759.00000 0.045648
1760.00000 0.04702
1761.00000 0.048392
1762.00000 0.049764
1763.00000 0.051136
1764.00000 0.052508
1765.00000 0.05388
1766.00000 0.055252
1767.00000 0.056624
1768.00000 0.057996
1769.00000 0.059368
1770.00000 0.06074
1771.00000 0.062112
1772.00000 0.063484
1773.00000 0.064856
1774.00000 0.066228
1775.00000 0.0676
1776.00000 0.068972
1777.00000 0.070344
1778.00000 0.071716
1779.00000 0.073088
1780.00000 0.07446
1781.00000 0.075832
1782.00000 0.077204
1783.00000 0.078576
1784.00000 0.079948
1785.00000 0.08132
1786.00000 0.082692
1787.00000 0.084064
1788.00000 0.085436
1789.00000 0.086808
1790.00000 0.08818
1791.00000 0.089552
1792.00000 0.090924
1793.00000 0.092296
1794.00000 0.093668
1795.00000 0.09504
1796.00000 0.096412
1797.00000 0.097784
1798.00000 0.099156
1799.00000 0.100528
1800.00000 0.1019
1801.00000 0.10338
1802.00000 0.10486
1803.00000 0.10634
1804.00000 0.10782
1805.00000 0.1093
1806.00000 0.11078
1807.00000 0.11226
1808.00000 0.11374
1809.00000 0.11522
1810.00000 0.1167
1811.00000 0.11818
1812.00000 0.11966
1813.00000 0.12114
1814.00000 0.12262
1815.00000 0.1241
1816.00000 0.12558
1817.00000 0.12706
1818.00000 0.12854
1819.00000 0.13002
1820.00000 0.1315
1821.00000 0.13298
1822.00000 0.13446
1823.00000 0.13594
1824.00000 0.13742
1825.00000 0.1389
1826.00000 0.14038
1827.00000 0.14186
1828.00000 0.14334
1829.00000 0.14482
1830.00000 0.1463
1831.00000 0.14778
1832.00000 0.14926
1833.00000 0.15074
1834.00000 0.15222
1835.00000 0.1537
1836.00000 0.15518
1837.00000 0.15666
1838.00000 0.15814
1839.00000 0.15962
1840.00000 0.1611
1841.00000 0.16258
1842.00000 0.16406
1843.00000 0.16554
1844.00000 0.16702
1845.00000 0.1685
1846.00000 0.16998
1847.00000 0.17146
1848.00000 0.17294
1849.00000 0.17442
1850.00000 0.1759
1851.00000 0.17772
1852.00000 0.17954
1853.00000 0.18136
1854.00000 0.18318
1855.00000 0.185
1856.00000 0.18682
1857.00000 0.18864
1858.00000 0.19046
1859.00000 0.19228
1860.00000 0.1941
1861.00000 0.19592
1862.00000 0.19774
1863.00000 0.19956
1864.00000 0.20138
1865.00000 0.2032
1866.00000 0.20502
1867.00000 0.20684
1868.00000 0.20866
1869.00000 0.21048
1870.00000 0.2123
1871.00000 0.21412
1872.00000 0.21594
1873.00000 0.21776
1874.00000 0.21958
1875.00000 0.2214
1876.00000 0.22322
1877.00000 0.22504
1878.00000 0.22686
1879.00000 0.22868
1880.00000 0.2305
1881.00000 0.23232
1882.00000 0.23414
1883.00000 0.23596
1884.00000 0.23778
1885.00000 0.2396
1886.00000 0.24142
1887.00000 0.24324
1888.00000 0.24506
1889.00000 0.24688
1890.00000 0.2487
1891.00000 0.25052
1892.00000 0.25234
1893.00000 0.25416
1894.00000 0.25598
1895.00000 0.2578
1896.00000 0.25962
1897.00000 0.26144
1898.00000 0.26326
1899.00000 0.26508
1900.00000 0.2669
1901.00000 0.268236
1902.00000 0.269572
1903.00000 0.270908
1904.00000 0.272244
1905.00000 0.27358
1906.00000 0.274916
1907.00000 0.276252
1908.00000 0.277588
1909.00000 0.278924
1910.00000 0.28026
1911.00000 0.281596
1912.00000 0.282932
1913.00000 0.284268
1914.00000 0.285604
1915.00000 0.28694
1916.00000 0.288276
1917.00000 0.289612
1918.00000 0.290948
1919.00000 0.292284
1920.00000 0.29362
1921.00000 0.294956
1922.00000 0.296292
1923.00000 0.297628
1924.00000 0.298964
1925.00000 0.3003
1926.00000 0.301636
1927.00000 0.302972
1928.00000 0.304308
1929.00000 0.305644
1930.00000 0.30698
1931.00000 0.308316
1932.00000 0.309652
1933.00000 0.310988
1934.00000 0.312324
1935.00000 0.31366
1936.00000 0.314996
1937.00000 0.316332
1938.00000 0.317668
1939.00000 0.319004
1940.00000 0.32034
1941.00000 0.321676
1942.00000 0.323012
1943.00000 0.324348
1944.00000 0.325684
1945.00000 0.32702
1946.00000 0.328356
1947.00000 0.329692
1948.00000 0.331028
1949.00000 0.332364
1950.00000 0.3337
1951.00000 0.336012
1952.00000 0.338324
1953.00000 0.340636
1954.00000 0.342948
1955.00000 0.34526
1956.00000 0.347572
1957.00000 0.349884
1958.00000 0.352196
1959.00000 0.354508
1960.00000 0.35682
1961.00000 0.359132
1962.00000 0.361444
1963.00000 0.363756
1964.00000 0.366068
1965.00000 0.36838
1966.00000 0.370692
1967.00000 0.373004
1968.00000 0.375316
1969.00000 0.377628
1970.00000 0.37994
1971.00000 0.382252
1972.00000 0.384564
1973.00000 0.386876
1974.00000 0.389188
1975.00000 0.3915
1976.00000 0.393812
1977.00000 0.396124
1978.00000 0.398436
1979.00000 0.400748
1980.00000 0.40306
1981.00000 0.405372
1982.00000 0.407684
1983.00000 0.409996
1984.00000 0.412308
1985.00000 0.41462
1986.00000 0.416932
1987.00000 0.419244
1988.00000 0.421556
1989.00000 0.423868
1990.00000 0.42618
1991.00000 0.428492
1992.00000 0.430804
1993.00000 0.433116
1994.00000 0.435428
1995.00000 0.43774
1996.00000 0.440052
1997.00000 0.442364
1998.00000 0.444676
1999.00000 0.446988
2000.00000 0.4493
2001.00000 0.449736
2002.00000 0.450172
2003.00000 0.450608
2004.00000 0.451044
2005.00000 0.45148
2006.00000 0.451916
2007.00000 0.452352
2008.00000 0.452788
2009.00000 0.453224
2010.00000 0.45366
2011.00000 0.454096
2012.00000 0.454532
2013.00000 0.454968
2014.00000 0.455404
2015.00000 0.45584
2016.00000 0.456276
2017.00000 0.456712
2018.00000 0.457148
2019.00000 0.457584
2020.00000 0.45802
2021.00000 0.458456
2022.00000 0.458892
2023.00000 0.459328
2024.00000 0.459764
2025.00000 0.4602
2026.00000 0.460636
2027.00000 0.461072
2028.00000 0.461508
2029.00000 0.461944
2030.00000 0.46238
2031.00000 0.462816
2032.00000 0.463252
2033.00000 0.463688
2034.00000 0.464124
2035.00000 0.46456
2036.00000 0.464996
2037.00000 0.465432
2038.00000 0.465868
2039.00000 0.466304
2040.00000 0.46674
2041.00000 0.467176
2042.00000 0.467612
2043.00000 0.468048
2044.00000 0.468484
2045.00000 0.46892
2046.00000 0.469356
2047.00000 0.469792
2048.00000 0.470228
2049.00000 0.470664
2050.00000 0.4711
2051.00000 0.472198
2052.00000 0.473296
2053.00000 0.474394
2054.00000 0.475492
2055.00000 0.47659
2056.00000 0.477688
2057.00000 0.478786
2058.00000 0.479884
2059.00000 0.480982
2060.00000 0.48208
2061.00000 0.483178
2062.00000 0.484276
2063.00000 0.485374
2064.00000 0.486472
2065.00000 0.48757
2066.00000 0.488668
2067.00000 0.489766
2068.00000 0.490864
2069.00000 0.491962
2070.00000 0.49306
2071.00000 0.494158
2072.00000 0.495256
2073.00000 0.496354
2074.00000 0.497452
2075.00000 0.49855
2076.00000 0.499648
2077.00000 0.500746
2078.00000 0.501844
2079.00000 0.502942
2080.00000 0.50404
2081.00000 0.505138
2082.00000 0.506236
2083.00000 0.507334
2084.00000 0.508432
2085.00000 0.50953
2086.00000 0.510628
2087.00000 0.511726
2088.00000 0.512824
2089.00000 0.513922
2090.00000 0.51502
2091.00000 0.516118
2092.00000 0.517216
2093.00000 0.518314
2094.00000 0.519412
2095.00000 0.52051
2096.00000 0.521608
2097.00000 0.522706
2098.00000 0.523804
2099.00000 0.524902
2100.00000 0.526
2101.00000 0.52738
2102.00000 0.52876
2103.00000 0.53014
2104.00000 0.53152
2105.00000 0.5329
2106.00000 0.53428
2107.00000 0.53566
2108.00000 0.53704
2109.00000 0.53842
2110.00000 0.5398
2111.00000 0.54118
2112.00000 0.54256
2113.00000 0.54394
2114.00000 0.54532
2115.00000 0.5467
2116.00000 0.54808
2117.00000 0.54946
2118.00000 0.55084
2119.00000 0.55222
2120.00000 0.5536
2121.00000 0.55498
2122.00000 0.55636
2123.00000 0.55774
2124.00000 0.55912
2125.00000 0.5605
2126.00000 0.56188
2127.00000 0.56326
2128.00000 0.56464
2129.00000 0.56602
2130.00000 0.5674
2131.00000 0.56878
2132.00000 0.57016
2133.00000 0.57154
2134.00000 0.57292
2135.00000 0.5743
2136.00000 0.57568
2137.00000 0.57706
2138.00000 0.57844
2139.00000 0.57982
2140.00000 0.5812
2141.00000 0.58258
2142.00000 0.58396
2143.00000 0.58534
2144.00000 0.58672
2145.00000 0.5881
2146.00000 0.58948
2147.00000 0.59086
2148.00000 0.59224
2149.00000 0.59362
2150.00000 0.595
2151.00000 0.595432
2152.00000 0.595864
2153.00000 0.596296
2154.00000 0.596728
2155.00000 0.59716
2156.00000 0.597592
2157.00000 0.598024
2158.00000 0.598456
2159.00000 0.598888
2160.00000 0.59932
2161.00000 0.599752
2162.00000 0.600184
2163.00000 0.600616
2164.00000 0.601048
2165.00000 0.60148
2166.00000 0.601912
2167.00000 0.602344
2168.00000 0.602776
2169.00000 0.603208
2170.00000 0.60364
2171.00000 0.604072
2172.00000 0.604504
2173.00000 0.604936
2174.00000 0.605368
2175.00000 0.6058
2176.00000 0.606232
2177.00000 0.606664
2178.00000 0.607096
2179.00000 0.607528
2180.00000 0.60796
2181.00000 0.608392
2182.00000 0.608824
2183.00000 0.609256
2184.00000 0.609688
2185.00000 0.61012
2186.00000 0.610552
2187.00000 0.610984
2188.00000 0.611416
2189.00000 0.611848
2190.00000 0.61228
2191.00000 0.612712
2192.00000 0.613144
2193.00000 0.613576
2194.00000 0.614008
2195.00000 0.61444
2196.00000 0.614872
2197.00000 0.615304
2198.00000 0.615736
2199.00000 0.616168
2200.00000 0.6166
2201.00000 0.615552
2202.00000 0.614504
2203.00000 0.613456
2204.00000 0.612408
2205.00000 0.61136
2206.00000 0.610312
2207.00000 0.609264
2208.00000 0.608216
2209.00000 0.607168
2210.00000 0.60612
2211.00000 0.605072
2212.00000 0.604024
2213.00000 0.602976
2214.00000 0.601928
2215.00000 0.60088
2216.00000 0.599832
2217.00000 0.598784
2218.00000 0.597736
2219.00000 0.596688
2220.00000 0.59564
2221.00000 0.594592
2222.00000 0.593544
2223.00000 0.592496
2224.00000 0.591448
2225.00000 0.5904
2226.00000 0.589352
2227.00000 0.588304
2228.00000 0.587256
2229.00000 0.586208
2230.00000 0.58516
2231.00000 0.584112
2232.00000 0.583064
2233.00000 0.582016
2234.00000 0.580968
2235.00000 0.57992
2236.00000 0.578872
2237.00000 0.577824
2238.00000 0.576776
2239.00000 0.575728
2240.00000 0.57468
2241.00000 0.573632
2242.00000 0.572584
2243.00000 0.571536
2244.00000 0.570488
2245.00000 0.56944
2246.00000 0.568392
2247.00000 0.567344
2248.00000 0.566296
2249.00000 0.565248
2250.00000 0.5642
2251.00000 0.563528
2252.00000 0.562856
2253.00000 0.562184
2254.00000 0.561512
2255.00000 0.56084
2256.00000 0.560168
2257.00000 0.559496
2258.00000 0.558824
2259.00000 0.558152
2260.00000 0.55748
2261.00000 0.556808
2262.00000 0.556136
2263.00000 0.555464
2264.00000 0.554792
2265.00000 0.55412
2266.00000 0.553448
2267.00000 0.552776
2268.00000 0.552104
2269.00000 0.551432
2270.00000 0.55076
2271.00000 0.550088
2272.00000 0.549416
2273.00000 0.548744
2274.00000 0.548072
2275.00000 0.5474
2276.00000 0.546728
2277.00000 0.546056
2278.00000 0.545384
2279.00000 0.544712
2280.00000 0.54404
2281.00000 0.543368
2282.00000 0.542696
2283.00000 0.542024
2284.00000 0.541352
2285.00000 0.54068
2286.00000 0.540008
2287.00000 0.539336
2288.00000 0.538664
2289.00000 0.537992
2290.00000 0.53732
2291.00000 0.536648
2292.00000 0.535976
2293.00000 0.535304
2294.00000 0.534632
2295.00000 0.53396
2296.00000 0.533288
2297.00000 0.532616
2298.00000 0.531944
2299.00000 0.531272
2300.00000 0.5306
2301.00000 0.529518
2302.00000 0.528436
2303.00000 0.527354
2304.00000 0.526272
2305.00000 0.52519
2306.00000 0.524108
2307.00000 0.523026
2308.00000 0.521944
2309.00000 0.520862
2310.00000 0.51978
2311.00000 0.518698
2312.00000 0.517616
2313.00000 0.516534
2314.00000 0.515452
2315.00000 0.51437
2316.00000 0.513288
2317.00000 0.512206
2318.00000 0.511124
2319.00000 0.510042
2320.00000 0.50896
2321.00000 0.507878
2322.00000 0.506796
2323.00000 0.505714
2324.00000 0.504632
2325.00000 0.50355
2326.00000 0.502468
2327.00000 0.501386
2328.00000 0.500304
2329.00000 0.499222
2330.00000 0.49814
2331.00000 0.497058
2332.00000 0.495976
2333.00000 0.494894
2334.00000 0.493812
2335.00000 0.49273
2336.00000 0.491648
2337.00000 0.490566
2338.00000 0.489484
2339.00000 0.488402
2340.00000 0.48732
2341.00000 0.486238
2342.00000 0.485156
2343.00000 0.484074
2344.00000 0.482992
2345.00000 0.48191
2346.00000 0.480828
2347.00000 0.479746
2348.00000 0.478664
2349.00000 0.477582
2350.00000 0.4765
2351.00000 0.477116
2352.00000 0.477732
2353.00000 0.478348
2354.00000 0.478964
2355.00000 0.47958
2356.00000 0.480196
2357.00000 0.480812
2358.00000 0.481428
2359.00000 0.482044
2360.00000 0.48266
2361.00000 0.483276
2362.00000 0.483892
2363.00000 0.484508
2364.00000 0.485124
2365.00000 0.48574
2366.00000 0.486356
2367.00000 0.486972
2368.00000 0.487588
2369.00000 0.488204
2370.00000 0.48882
2371.00000 0.489436
2372.00000 0.490052
2373.00000 0.490668
2374.00000 0.491284
2375.00000 0.4919
2376.00000 0.492516
2377.00000 0.493132
2378.00000 0.493748
2379.00000 0.494364
2380.00000 0.49498
2381.00000 0.495596
2382.00000 0.496212
2383.00000 0.496828
2384.00000 0.497444
2385.00000 0.49806
2386.00000 0.498676
2387.00000 0.499292
2388.00000 0.499908
2389.00000 0.500524
2390.00000 0.50114
2391.00000 0.501756
2392.00000 0.502372
2393.00000 0.502988
2394.00000 0.503604
2395.00000 0.50422
2396.00000 0.504836
2397.00000 0.505452
2398.00000 0.506068
2399.00000 0.506684
2400.00000 0.5073
2401.00000 0.507848
2402.00000 0.508396
2403.00000 0.508944
2404.00000 0.509492
2405.00000 0.51004
2406.00000 0.510588
2407.00000 0.511136
2408.00000 0.511684
2409.00000 0.512232
2410.00000 0.51278
2411.00000 0.513328
2412.00000 0.513876
2413.00000 0.514424
2414.00000 0.514972
2415.00000 0.51552
2416.00000 0.516068
2417.00000 0.516616
2418.00000 0.517164
2419.00000 0.517712
2420.00000 0.51826
2421.00000 0.518808
2422.00000 0.519356
2423.00000 0.519904
2424.00000 0.520452
2425.00000 0.521
2426.00000 0.521548
2427.00000 0.522096
2428.00000 0.522644
2429.00000 0.523192
2430.00000 0.52374
2431.00000 0.524288
2432.00000 0.524836
2433.00000 0.525384
2434.00000 0.525932
2435.00000 0.52648
2436.00000 0.527028
2437.00000 0.527576
2438.00000 0.528124
2439.00000 0.528672
2440.00000 0.52922
2441.00000 0.529768
2442.00000 0.530316
2443.00000 0.530864
2444.00000 0.531412
2445.00000 0.53196
2446.00000 0.532508
2447.00000 0.533056
2448.00000 0.533604
2449.00000 0.534152
2450.00000 0.5347
2451.00000 0.534508
2452.00000 0.534316
2453.00000 0.534124
2454.00000 0.533932
2455.00000 0.53374
2456.00000 0.533548
2457.00000 0.533356
2458.00000 0.533164
2459.00000 0.532972
2460.00000 0.53278
2461.00000 0.532588
2462.00000 0.532396
2463.00000 0.532204
2464.00000 0.532012
2465.00000 0.53182
2466.00000 0.531628
2467.00000 0.531436
2468.00000 0.531244
2469.00000 0.531052
2470.00000 0.53086
2471.00000 0.530668
2472.00000 0.530476
2473.00000 0.530284
2474.00000 0.530092
2475.00000 0.5299
2476.00000 0.529708
2477.00000 0.529516
2478.00000 0.529324
2479.00000 0.529132
2480.00000 0.52894
2481.00000 0.528748
2482.00000 0.528556
2483.00000 0.528364
2484.00000 0.528172
2485.00000 0.52798
2486.00000 0.527788
2487.00000 0.527596
2488.00000 0.527404
2489.00000 0.527212
2490.00000 0.52702
2491.00000 0.526828
2492.00000 0.526636
2493.00000 0.526444
2494.00000 0.526252
2495.00000 0.52606
2496.00000 0.525868
2497.00000 0.525676
2498.00000 0.525484
2499.00000 0.525292
2500.00000 0.5251
2501.00000 0.524924
2502.00000 0.524748
2503.00000 0.524572
2504.00000 0.524396
2505.00000 0.52422
2506.00000 0.524044
