threeML/data/optical_filters/JWST/MIRI-F1130W.ecsv
# %ECSV 0.9
# ---
# datatype:
# - {name: wavelength, unit: Angstrom, datatype: float32}
# - {name: response, datatype: float32}
# meta: !!omap
# - {band_name: F1130W}
# - {group_name: MIRI}
wavelength response
99774.00000 0.0
110860.00000 0.0001
110920.00000 0.0001
110980.00000 0.0001
111040.00000 0.0001
111090.00000 0.0002
111150.00000 0.0002
111210.00000 0.0003
111270.00000 0.0003
111330.00000 0.0004
111380.00000 0.0005
111440.00000 0.0005
111500.00000 0.0006
111560.00000 0.0007
111620.00000 0.0008
111670.00000 0.001
111730.00000 0.0011
111790.00000 0.0012
111850.00000 0.0014
111910.00000 0.0015
111960.00000 0.0017
112020.00000 0.0019
112080.00000 0.0021
112140.00000 0.0022
112200.00000 0.0024
112250.00000 0.0026
112310.00000 0.0028
112370.00000 0.003
112430.00000 0.0032
112490.00000 0.0034
112540.00000 0.0036
112600.00000 0.0038
112660.00000 0.004
112720.00000 0.0042
112780.00000 0.0044
112830.00000 0.0045
112890.00000 0.0047
112950.00000 0.0049
113010.00000 0.0051
113070.00000 0.0053
113120.00000 0.0056
113180.00000 0.0058
113240.00000 0.006
113300.00000 0.0062
113360.00000 0.0065
113410.00000 0.0067
113470.00000 0.007
113530.00000 0.0073
113590.00000 0.0077
113650.00000 0.0081
113700.00000 0.0085
113760.00000 0.0089
113820.00000 0.0094
113880.00000 0.01
113940.00000 0.0106
113990.00000 0.0112
114050.00000 0.0119
114110.00000 0.0127
114170.00000 0.0135
114230.00000 0.0144
114280.00000 0.0155
114340.00000 0.0166
114400.00000 0.0177
114460.00000 0.0194
114520.00000 0.0211
114570.00000 0.0228
114630.00000 0.0249
114690.00000 0.0274
114750.00000 0.0298
114810.00000 0.0324
114860.00000 0.0358
114920.00000 0.0393
114980.00000 0.0427
115040.00000 0.047
115100.00000 0.0518
115150.00000 0.0566
115210.00000 0.0619
115270.00000 0.0694
115330.00000 0.0768
115390.00000 0.0843
115440.00000 0.0934
115500.00000 0.103
115560.00000 0.1126
115620.00000 0.1228
115680.00000 0.1344
115730.00000 0.146
115790.00000 0.1576
115850.00000 0.1707
115910.00000 0.1841
115970.00000 0.1975
116020.00000 0.2108
116080.00000 0.2241
116140.00000 0.2374
116200.00000 0.2507
116260.00000 0.262
116310.00000 0.2733
116370.00000 0.2846
116430.00000 0.2945
116490.00000 0.3033
116550.00000 0.312
116600.00000 0.3205
116660.00000 0.3257
116720.00000 0.3308
116780.00000 0.336
116840.00000 0.3392
116890.00000 0.3411
116950.00000 0.343
117010.00000 0.3448
117070.00000 0.3455
117130.00000 0.3463
117180.00000 0.3471
117240.00000 0.3473
117300.00000 0.3473
117360.00000 0.3473
117420.00000 0.3472
117470.00000 0.347
117530.00000 0.3468
117590.00000 0.3465
117650.00000 0.3464
117710.00000 0.3463
117760.00000 0.3462
117820.00000 0.3461
117880.00000 0.346
117940.00000 0.346
118000.00000 0.3459
118050.00000 0.346
118110.00000 0.346
118170.00000 0.3461
118230.00000 0.3461
118290.00000 0.3462
118340.00000 0.3463
118400.00000 0.3464
118460.00000 0.3464
118520.00000 0.3465
118580.00000 0.3466
118630.00000 0.3467
118690.00000 0.3468
118750.00000 0.3469
118810.00000 0.347
118870.00000 0.3472
118920.00000 0.3473
118980.00000 0.3474
119040.00000 0.3475
119100.00000 0.3476
119160.00000 0.3478
119210.00000 0.3479
119270.00000 0.348
119330.00000 0.3481
119390.00000 0.3482
119450.00000 0.3483
119500.00000 0.3485
119560.00000 0.3486
119620.00000 0.3487
119680.00000 0.3488
119740.00000 0.349
119790.00000 0.3491
119850.00000 0.3492
119910.00000 0.3494
119970.00000 0.3496
120030.00000 0.3497
120080.00000 0.3497
120140.00000 0.3498
120200.00000 0.3499
120260.00000 0.3499
120320.00000 0.35
120370.00000 0.35
120430.00000 0.3501
120490.00000 0.3502
120550.00000 0.3502
120610.00000 0.3503
120660.00000 0.3503
120720.00000 0.3503
120780.00000 0.3504
120840.00000 0.3504
120900.00000 0.3503
120950.00000 0.3503
121010.00000 0.3503
121070.00000 0.3502
121130.00000 0.3502
121190.00000 0.3501
121240.00000 0.35
121300.00000 0.3499
121360.00000 0.3498
121420.00000 0.3497
121480.00000 0.3495
121530.00000 0.3493
121590.00000 0.3491
121650.00000 0.3489
121710.00000 0.3487
121770.00000 0.3485
121820.00000 0.3483
121880.00000 0.348
121940.00000 0.3478
122000.00000 0.3475
122060.00000 0.3473
122110.00000 0.347
122170.00000 0.3467
122230.00000 0.3464
122290.00000 0.3461
122350.00000 0.3458
122400.00000 0.3455
122460.00000 0.3452
122520.00000 0.3449
122580.00000 0.3445
122640.00000 0.3442
122690.00000 0.3439
122750.00000 0.3436
122810.00000 0.3432
122870.00000 0.3429
122930.00000 0.3426
122980.00000 0.3423
123040.00000 0.342
123100.00000 0.3418
123160.00000 0.3415
123220.00000 0.3412
123270.00000 0.341
123330.00000 0.3407
123390.00000 0.3404
123450.00000 0.3402
123510.00000 0.3401
123560.00000 0.3399
123620.00000 0.3397
123680.00000 0.3395
123740.00000 0.3394
123800.00000 0.3392
123850.00000 0.3392
123910.00000 0.3392
123970.00000 0.3391
124030.00000 0.3392
124090.00000 0.3392
124140.00000 0.3393
124200.00000 0.3394
124260.00000 0.3395
124320.00000 0.3396
124380.00000 0.3397
124430.00000 0.3399
124490.00000 0.3401
124550.00000 0.3404
124610.00000 0.3406
124670.00000 0.3408
124720.00000 0.3411
124780.00000 0.3413
124840.00000 0.3416
124900.00000 0.3419
124960.00000 0.3422
125010.00000 0.3425
125070.00000 0.3428
125130.00000 0.3432
125190.00000 0.3436
125250.00000 0.344
125300.00000 0.3443
125360.00000 0.3447
125420.00000 0.345
125480.00000 0.3454
125540.00000 0.3457
125590.00000 0.3461
125650.00000 0.3463
125710.00000 0.3466
125770.00000 0.3468
125830.00000 0.3471
125880.00000 0.3473
125940.00000 0.3475
126000.00000 0.3477
126060.00000 0.3479
126120.00000 0.348
126170.00000 0.3482
126230.00000 0.3483
126290.00000 0.3483
126350.00000 0.3484
126410.00000 0.3484
126460.00000 0.3485
126520.00000 0.3485
126580.00000 0.3485
126640.00000 0.3484
126700.00000 0.3484
126750.00000 0.3483
126810.00000 0.3482
126870.00000 0.3481
126930.00000 0.348
126990.00000 0.3479
127040.00000 0.3478
127100.00000 0.3477
127160.00000 0.3476
127220.00000 0.3474
127280.00000 0.3472
127330.00000 0.347
127390.00000 0.3468
127450.00000 0.3466
127510.00000 0.3464
127570.00000 0.3462
127620.00000 0.346
127680.00000 0.3458
127740.00000 0.3456
127800.00000 0.3454
127860.00000 0.3453
127910.00000 0.3451
127970.00000 0.3449
128030.00000 0.3448
128090.00000 0.3447
128150.00000 0.3445
128200.00000 0.3444
128260.00000 0.3444
128320.00000 0.3443
128380.00000 0.3443
128440.00000 0.3443
128490.00000 0.3443
128550.00000 0.3444
128610.00000 0.3444
128670.00000 0.3445
128730.00000 0.3445
128780.00000 0.3446
128840.00000 0.3447
128900.00000 0.3448
128960.00000 0.345
129020.00000 0.3451
129070.00000 0.3452
129130.00000 0.3454
129190.00000 0.3455
129250.00000 0.3457
129310.00000 0.3459
129360.00000 0.3461
129420.00000 0.3463
129480.00000 0.3465
129540.00000 0.3468
129600.00000 0.347
129650.00000 0.3472
129710.00000 0.3475
129770.00000 0.3477
129830.00000 0.3479
129890.00000 0.3482
129940.00000 0.3484
130000.00000 0.3486
130060.00000 0.3486
130120.00000 0.3485
130180.00000 0.3485
130230.00000 0.3484
130290.00000 0.3482
130350.00000 0.3481
130410.00000 0.3479
130470.00000 0.3477
130520.00000 0.3475
130580.00000 0.3473
130640.00000 0.347
130700.00000 0.3467
130760.00000 0.3464
130810.00000 0.3461
130870.00000 0.3457
130930.00000 0.3453
130990.00000 0.345
131050.00000 0.3446
131100.00000 0.3442
131160.00000 0.3438
131220.00000 0.3434
131280.00000 0.343
131340.00000 0.3426
131390.00000 0.3422
131450.00000 0.3418
131510.00000 0.3414
131570.00000 0.3409
131630.00000 0.3405
131680.00000 0.3401
131740.00000 0.3397
131800.00000 0.3393
131860.00000 0.3389
131920.00000 0.3385
131970.00000 0.3381
132030.00000 0.3378
132090.00000 0.3374
132150.00000 0.3371
132210.00000 0.3367
132260.00000 0.3364
132320.00000 0.3361
132380.00000 0.3358
132440.00000 0.3355
132500.00000 0.3352
132550.00000 0.3349
132610.00000 0.3347
132670.00000 0.3344
132730.00000 0.3342
132790.00000 0.3339
132840.00000 0.3337
132900.00000 0.3334
132960.00000 0.3332
133020.00000 0.333
133080.00000 0.3328
133130.00000 0.3326
133190.00000 0.3325
133250.00000 0.3323
133310.00000 0.3321
133370.00000 0.332
133420.00000 0.3318
133480.00000 0.3317
133540.00000 0.3316
133600.00000 0.3314
133660.00000 0.3313
133710.00000 0.3311
133770.00000 0.331
133830.00000 0.3308
133890.00000 0.3307
133950.00000 0.3306
134000.00000 0.3304
134060.00000 0.3302
134120.00000 0.33
134180.00000 0.3298
134240.00000 0.3296
134290.00000 0.3294
134350.00000 0.3292
134410.00000 0.3289
134470.00000 0.3286
134530.00000 0.3284
134580.00000 0.3281
134640.00000 0.3278
134700.00000 0.3274
134760.00000 0.3271
134820.00000 0.3268
134870.00000 0.3264
134930.00000 0.326
134990.00000 0.3257
135050.00000 0.3256
135110.00000 0.3257
135160.00000 0.3258
135220.00000 0.3258
135280.00000 0.3258
135340.00000 0.3259
135400.00000 0.3259
135450.00000 0.3259
135510.00000 0.3259
135570.00000 0.3259
135630.00000 0.326
135690.00000 0.326
135740.00000 0.326
135800.00000 0.326
135860.00000 0.326
135920.00000 0.3261
135980.00000 0.3261
136030.00000 0.3261
136090.00000 0.3262
136150.00000 0.3262
136210.00000 0.3263
136270.00000 0.3264
136320.00000 0.3265
136380.00000 0.3266
136440.00000 0.3268
136500.00000 0.3269
136560.00000 0.327
136610.00000 0.3271
136670.00000 0.3273
136730.00000 0.3275
136790.00000 0.3277
136850.00000 0.3279
136900.00000 0.3281
136960.00000 0.3283
137020.00000 0.3285
137080.00000 0.3287
137140.00000 0.329
137190.00000 0.3292
137250.00000 0.3294
137310.00000 0.3297
137370.00000 0.3299
137430.00000 0.3301
137480.00000 0.3303
137540.00000 0.3305
137600.00000 0.3306
137660.00000 0.3307
137720.00000 0.3308
137770.00000 0.3309
137830.00000 0.3309
137890.00000 0.3308
137950.00000 0.3307
138010.00000 0.3306
138060.00000 0.3303
138120.00000 0.3299
138180.00000 0.3296
138240.00000 0.329
138300.00000 0.3283
138350.00000 0.3276
138410.00000 0.3268
138470.00000 0.3258
138530.00000 0.3248
138590.00000 0.3238
138640.00000 0.3225
138700.00000 0.3211
138760.00000 0.3198
138820.00000 0.3183
138880.00000 0.3169
138930.00000 0.3154
138990.00000 0.3139
139050.00000 0.3123
139110.00000 0.3107
139170.00000 0.3091
139220.00000 0.3076
139280.00000 0.3064
139340.00000 0.3051
139400.00000 0.3039
139460.00000 0.3028
139510.00000 0.3018
139570.00000 0.3007
139630.00000 0.3
139690.00000 0.2996
139750.00000 0.2991
139800.00000 0.2987
139860.00000 0.2986
139920.00000 0.2985
139980.00000 0.2984
140040.00000 0.2979
140090.00000 0.2971
140150.00000 0.2964
140210.00000 0.2956
140270.00000 0.2945
140330.00000 0.2935
140380.00000 0.2925
140440.00000 0.2886
140500.00000 0.2836
140560.00000 0.2786
140620.00000 0.2733
140670.00000 0.267
140730.00000 0.2607
140790.00000 0.2543
140850.00000 0.2446
140910.00000 0.2341
140960.00000 0.2236
141020.00000 0.2126
141080.00000 0.2009
141140.00000 0.1891
141200.00000 0.1773
141250.00000 0.1659
141310.00000 0.1545
141370.00000 0.1431
141430.00000 0.1317
141490.00000 0.1204
141540.00000 0.109
141600.00000 0.0977
141660.00000 0.0898
141720.00000 0.0818
141780.00000 0.0739
141830.00000 0.0665
141890.00000 0.0594
141950.00000 0.0524
142010.00000 0.0457
142070.00000 0.0416
142120.00000 0.0374
142180.00000 0.0333
142240.00000 0.0297
142300.00000 0.0264
142360.00000 0.0231
142410.00000 0.0201
142470.00000 0.0182
142530.00000 0.0164
142590.00000 0.0145
142650.00000 0.013
142700.00000 0.0116
142760.00000 0.0102
142820.00000 0.0091
142880.00000 0.0082
142940.00000 0.0074
142990.00000 0.0066
143050.00000 0.006
143110.00000 0.0055
143170.00000 0.0049
143230.00000 0.0044
143280.00000 0.004
143340.00000 0.0037
143400.00000 0.0033
143460.00000 0.0031
143520.00000 0.0028
143570.00000 0.0026
143630.00000 0.0024
143690.00000 0.0022
143750.00000 0.002
143810.00000 0.0018
143860.00000 0.0017
143920.00000 0.0016
143980.00000 0.0015
144040.00000 0.0014
144100.00000 0.0013
144150.00000 0.0012
144210.00000 0.0011
144270.00000 0.001
144330.00000 0.001
144390.00000 0.0009
144440.00000 0.0008
144500.00000 0.0008
144560.00000 0.0007
144620.00000 0.0007
144680.00000 0.0006
144730.00000 0.0006
144790.00000 0.0006
144850.00000 0.0005
144910.00000 0.0005
144970.00000 0.0004
145020.00000 0.0004
145080.00000 0.0004
145140.00000 0.0004
145200.00000 0.0003
145260.00000 0.0003
145310.00000 0.0003
145370.00000 0.0003
145430.00000 0.0002
145490.00000 0.0002
145550.00000 0.0002
145600.00000 0.0002
145660.00000 0.0002
145720.00000 0.0002
145780.00000 0.0001
145840.00000 0.0001
145890.00000 0.0001
145950.00000 0.0001
146010.00000 0.0001
146070.00000 0.0001
146130.00000 0.0001
160743.00000 0.0
