threeML/data/optical_filters/JWST/MIRI-F2100W.ecsv
# %ECSV 0.9
# ---
# datatype:
# - {name: wavelength, unit: Angstrom, datatype: float32}
# - {name: response, datatype: float32}
# meta: !!omap
# - {band_name: F2100W}
# - {group_name: MIRI}
wavelength response
[from data line 804]
217990.00000 0.3097
218050.00000 0.3098
218100.00000 0.3099
218160.00000 0.31
218220.00000 0.3102
218280.00000 0.3103
218340.00000 0.3104
218390.00000 0.3106
218450.00000 0.3107
218510.00000 0.3108
218570.00000 0.3109
218630.00000 0.311
218680.00000 0.3112
218740.00000 0.3113
218800.00000 0.3114
218860.00000 0.3114
218920.00000 0.3115
218970.00000 0.3116
219030.00000 0.3116
219090.00000 0.3117
219150.00000 0.3117
219210.00000 0.3118
219260.00000 0.3118
219320.00000 0.3118
219380.00000 0.3118
219440.00000 0.3118
219500.00000 0.3118
219550.00000 0.3117
219610.00000 0.3117
219670.00000 0.3117
219730.00000 0.3116
219790.00000 0.3116
219840.00000 0.3116
219900.00000 0.3115
219960.00000 0.3115
220020.00000 0.3114
220080.00000 0.3113
220130.00000 0.3111
220190.00000 0.311
220250.00000 0.3109
220310.00000 0.3107
220370.00000 0.3106
220420.00000 0.3105
220480.00000 0.3103
220540.00000 0.3102
220600.00000 0.3101
220660.00000 0.31
220710.00000 0.3098
220770.00000 0.3097
220830.00000 0.3095
220890.00000 0.3094
220950.00000 0.3092
221000.00000 0.3091
221060.00000 0.3089
221120.00000 0.3088
221180.00000 0.3086
221240.00000 0.3084
221290.00000 0.3082
221350.00000 0.3081
221410.00000 0.3079
221470.00000 0.3077
221530.00000 0.3075
221580.00000 0.3073
221640.00000 0.3071
221700.00000 0.3069
221760.00000 0.3066
221820.00000 0.3064
221870.00000 0.3062
221930.00000 0.306
221990.00000 0.3058
222050.00000 0.3055
222110.00000 0.3053
222160.00000 0.3051
222220.00000 0.3048
222280.00000 0.3046
222340.00000 0.3044
222400.00000 0.3041
222450.00000 0.3039
222510.00000 0.3037
222570.00000 0.3035
222630.00000 0.3032
222690.00000 0.303
222740.00000 0.3028
222800.00000 0.3026
222860.00000 0.3024
222920.00000 0.3022
222980.00000 0.302
223030.00000 0.3018
223090.00000 0.3016
223150.00000 0.3014
223210.00000 0.3012
223270.00000 0.3011
223320.00000 0.3009
223380.00000 0.3007
223440.00000 0.3005
223500.00000 0.3004
223560.00000 0.3002
223610.00000 0.3
223670.00000 0.2999
223730.00000 0.2997
223790.00000 0.2995
223850.00000 0.2994
223900.00000 0.2992
223960.00000 0.2991
224020.00000 0.2989
224080.00000 0.2988
224140.00000 0.2986
224190.00000 0.2985
224250.00000 0.2984
224310.00000 0.2982
224370.00000 0.2981
224430.00000 0.298
224480.00000 0.2978
224540.00000 0.2977
224600.00000 0.2976
224660.00000 0.2975
224720.00000 0.2974
224770.00000 0.2972
224830.00000 0.2971
224890.00000 0.297
224950.00000 0.297
225010.00000 0.2969
225060.00000 0.2968
225120.00000 0.2967
225180.00000 0.2966
225240.00000 0.2965
225300.00000 0.2965
225350.00000 0.2964
225410.00000 0.2963
225470.00000 0.2962
225530.00000 0.2962
225590.00000 0.2961
225640.00000 0.2961
225700.00000 0.296
225760.00000 0.2959
225820.00000 0.2958
225880.00000 0.2958
225930.00000 0.2957
225990.00000 0.2956
226050.00000 0.2955
226110.00000 0.2954
226170.00000 0.2953
226220.00000 0.2951
226280.00000 0.295
226340.00000 0.2948
226400.00000 0.2947
226460.00000 0.2945
226510.00000 0.2942
226570.00000 0.294
226630.00000 0.2938
226690.00000 0.2935
226750.00000 0.2933
226800.00000 0.293
226860.00000 0.2926
226920.00000 0.2922
226980.00000 0.2919
227040.00000 0.2915
227090.00000 0.291
227150.00000 0.2906
227210.00000 0.2901
227270.00000 0.2895
227330.00000 0.289
227380.00000 0.2884
227440.00000 0.2878
227500.00000 0.2871
227560.00000 0.2864
227620.00000 0.2857
227670.00000 0.2849
227730.00000 0.2841
227790.00000 0.2833
227850.00000 0.2824
227910.00000 0.2815
227960.00000 0.2806
228020.00000 0.2797
228080.00000 0.2786
228140.00000 0.2776
228200.00000 0.2766
228250.00000 0.2754
228310.00000 0.2742
228370.00000 0.2731
228430.00000 0.2719
228490.00000 0.2706
228540.00000 0.2693
228600.00000 0.268
228660.00000 0.2666
228720.00000 0.2652
228780.00000 0.2639
228830.00000 0.2624
228890.00000 0.2609
228950.00000 0.2594
229010.00000 0.2578
229070.00000 0.2562
229120.00000 0.2546
229180.00000 0.2529
229240.00000 0.2512
229300.00000 0.2495
229360.00000 0.2477
229410.00000 0.2459
229470.00000 0.2441
229530.00000 0.2422
229590.00000 0.2404
229650.00000 0.2384
229700.00000 0.2364
229760.00000 0.2344
229820.00000 0.2324
229880.00000 0.2303
229940.00000 0.2282
229990.00000 0.2261
230050.00000 0.2239
230110.00000 0.2216
230170.00000 0.2194
230230.00000 0.2171
230280.00000 0.2147
230340.00000 0.2123
230400.00000 0.21
230460.00000 0.2075
230520.00000 0.2051
230570.00000 0.2027
230630.00000 0.2002
230690.00000 0.1977
230750.00000 0.1952
230810.00000 0.1926
230860.00000 0.1901
230920.00000 0.1875
230980.00000 0.185
231040.00000 0.1824
231100.00000 0.1798
231150.00000 0.1773
231210.00000 0.1747
231270.00000 0.1721
231330.00000 0.1695
231390.00000 0.167
231440.00000 0.1644
231500.00000 0.1618
231560.00000 0.1593
231620.00000 0.1568
231680.00000 0.1543
231730.00000 0.1518
231790.00000 0.1493
231850.00000 0.1468
231910.00000 0.1444
231970.00000 0.1419
232020.00000 0.1395
232080.00000 0.1372
232140.00000 0.1348
232200.00000 0.1324
232260.00000 0.1301
232310.00000 0.1279
232370.00000 0.1256
232430.00000 0.1233
232490.00000 0.1211
232550.00000 0.1189
232600.00000 0.1168
232660.00000 0.1146
232720.00000 0.1125
232780.00000 0.1104
232840.00000 0.1083
232890.00000 0.1063
232950.00000 0.1043
233010.00000 0.1023
233070.00000 0.1003
233130.00000 0.0984
233180.00000 0.0964
233240.00000 0.0945
233300.00000 0.0926
233360.00000 0.0908
233420.00000 0.0889
233470.00000 0.0871
233530.00000 0.0854
233590.00000 0.0836
233650.00000 0.0818
233710.00000 0.0801
233760.00000 0.0784
233820.00000 0.0768
233880.00000 0.0751
233940.00000 0.0735
234000.00000 0.0719
234050.00000 0.0704
234110.00000 0.0688
234170.00000 0.0673
234230.00000 0.0658
234290.00000 0.0643
234340.00000 0.0629
234400.00000 0.0615
234460.00000 0.0601
234520.00000 0.0588
234580.00000 0.0574
234630.00000 0.0561
234690.00000 0.0549
234750.00000 0.0536
234810.00000 0.0524
234870.00000 0.0513
234920.00000 0.0501
234980.00000 0.049
235040.00000 0.0479
235100.00000 0.0469
235160.00000 0.0459
235210.00000 0.0449
235270.00000 0.044
235330.00000 0.0431
235390.00000 0.0422
235450.00000 0.0413
235500.00000 0.0405
235560.00000 0.0396
235620.00000 0.0389
235680.00000 0.0381
235740.00000 0.0374
235790.00000 0.0367
235850.00000 0.036
235910.00000 0.0353
235970.00000 0.0346
236030.00000 0.034
236080.00000 0.0334
236140.00000 0.0327
236200.00000 0.0321
236260.00000 0.0315
236320.00000 0.031
236370.00000 0.0304
236430.00000 0.0298
236490.00000 0.0293
236550.00000 0.0287
236610.00000 0.0282
236660.00000 0.0276
236720.00000 0.0271
236780.00000 0.0265
236840.00000 0.026
236900.00000 0.0255
236950.00000 0.0249
237010.00000 0.0244
237070.00000 0.0239
237130.00000 0.0233
237190.00000 0.0228
237240.00000 0.0223
237300.00000 0.0217
237360.00000 0.0212
237420.00000 0.0207
237480.00000 0.0202
237530.00000 0.0196
237590.00000 0.0191
237650.00000 0.0186
237710.00000 0.0182
237770.00000 0.0177
237820.00000 0.0172
237880.00000 0.0167
237940.00000 0.0163
238000.00000 0.0158
238060.00000 0.0154
238110.00000 0.015
238170.00000 0.0146
238230.00000 0.0142
238290.00000 0.0138
238350.00000 0.0135
238400.00000 0.0131
238460.00000 0.0128
238520.00000 0.0125
238580.00000 0.0122
238640.00000 0.0119
238690.00000 0.0116
238750.00000 0.0114
238810.00000 0.0111
238870.00000 0.0109
238930.00000 0.0107
238980.00000 0.0104
239040.00000 0.0102
239100.00000 0.01
239160.00000 0.0099
239220.00000 0.0097
239270.00000 0.0095
239330.00000 0.0093
239390.00000 0.0092
239450.00000 0.009
239510.00000 0.0089
239560.00000 0.0087
239620.00000 0.0086
239680.00000 0.0085
239740.00000 0.0083
239800.00000 0.0082
239850.00000 0.0081
239910.00000 0.0079
239970.00000 0.0078
240030.00000 0.0077
240090.00000 0.0076
240140.00000 0.0074
240200.00000 0.0073
240260.00000 0.0072
240320.00000 0.0071
240380.00000 0.0069
240430.00000 0.0068
240490.00000 0.0067
240550.00000 0.0066
240610.00000 0.0065
240670.00000 0.0064
240720.00000 0.0063
240780.00000 0.0061
240840.00000 0.006
240900.00000 0.0059
240960.00000 0.0058
241010.00000 0.0057
241070.00000 0.0056
241130.00000 0.0055
241190.00000 0.0055
241250.00000 0.0054
241300.00000 0.0053
241360.00000 0.0052
241420.00000 0.0051
241480.00000 0.005
241540.00000 0.0049
241590.00000 0.0049
241650.00000 0.0048
241710.00000 0.0047
241770.00000 0.0047
241830.00000 0.0046
241880.00000 0.0045
241940.00000 0.0045
242000.00000 0.0044
242060.00000 0.0044
242120.00000 0.0043
242170.00000 0.0043
242230.00000 0.0042
242290.00000 0.0042
242350.00000 0.0041
242410.00000 0.0041
242460.00000 0.004
242520.00000 0.004
242580.00000 0.0039
242640.00000 0.0039
242700.00000 0.0039
242750.00000 0.0038
242810.00000 0.0038
242870.00000 0.0038
242930.00000 0.0037
242990.00000 0.0037
243040.00000 0.0037
243100.00000 0.0036
243160.00000 0.0036
243220.00000 0.0036
243280.00000 0.0035
243330.00000 0.0035
243390.00000 0.0035
243450.00000 0.0035
243510.00000 0.0034
243570.00000 0.0034
243620.00000 0.0034
243680.00000 0.0033
243740.00000 0.0033
243800.00000 0.0033
243860.00000 0.0033
243910.00000 0.0032
243970.00000 0.0032
244030.00000 0.0032
244090.00000 0.0031
244150.00000 0.0031
244200.00000 0.0031
244260.00000 0.003
244320.00000 0.003
244380.00000 0.003
244440.00000 0.003
244490.00000 0.0029
244550.00000 0.0029
244610.00000 0.0029
244670.00000 0.0028
244730.00000 0.0028
244780.00000 0.0028
244840.00000 0.0027
244900.00000 0.0027
244960.00000 0.0027
245020.00000 0.0026
245070.00000 0.0026
245130.00000 0.0026
245190.00000 0.0026
245250.00000 0.0025
245310.00000 0.0025
245360.00000 0.0025
245420.00000 0.0024
245480.00000 0.0024
245540.00000 0.0024
245600.00000 0.0023
245650.00000 0.0023
245710.00000 0.0022
245770.00000 0.0022
245830.00000 0.0022
245890.00000 0.0021
245940.00000 0.0021
246000.00000 0.0021
246060.00000 0.002
246120.00000 0.002
246180.00000 0.002
246230.00000 0.0019
246290.00000 0.0019
246350.00000 0.0019
246410.00000 0.0018
246470.00000 0.0018
246520.00000 0.0017
246580.00000 0.0017
246640.00000 0.0017
246700.00000 0.0016
246760.00000 0.0016
246810.00000 0.0015
246870.00000 0.0015
246930.00000 0.0015
246990.00000 0.0014
247050.00000 0.0014
247100.00000 0.0014
247160.00000 0.0013
247220.00000 0.0013
247280.00000 0.0012
247340.00000 0.0012
247390.00000 0.0012
247450.00000 0.0011
247510.00000 0.0011
247570.00000 0.001
247630.00000 0.001
247680.00000 0.0009
247740.00000 0.0009
247800.00000 0.0009
247860.00000 0.0008
247920.00000 0.0008
247970.00000 0.0007
248030.00000 0.0007
248090.00000 0.0007
248150.00000 0.0006
248210.00000 0.0006
248260.00000 0.0005
248320.00000 0.0005
248380.00000 0.0005
248440.00000 0.0004
248500.00000 0.0004
248550.00000 0.0004
248610.00000 0.0003
248670.00000 0.0003
248730.00000 0.0003
248790.00000 0.0003
248840.00000 0.0002
248900.00000 0.0002
248960.00000 0.0002
249020.00000 0.0002
249080.00000 0.0002
249130.00000 0.0001
249190.00000 0.0001
249250.00000 0.0001
249310.00000 0.0001
249370.00000 0.0001
249420.00000 0.0001
249480.00000 0.0001
249540.00000 0.0001
249600.00000 0.0001
249660.00000 0.0002
249710.00000 0.0002
249770.00000 0.0002
249830.00000 0.0002
249890.00000 0.0002
249950.00000 0.0002
250000.00000 0.0002
250060.00000 0.0003
250120.00000 0.0003
250180.00000 0.0003
250240.00000 0.0003
250290.00000 0.0004
250350.00000 0.0004
250410.00000 0.0004
250470.00000 0.0004
250530.00000 0.0004
250580.00000 0.0005
250640.00000 0.0005
250700.00000 0.0005
250760.00000 0.0005
250820.00000 0.0005
250870.00000 0.0006
250930.00000 0.0006
250990.00000 0.0006
251050.00000 0.0006
251110.00000 0.0006
251160.00000 0.0006
251220.00000 0.0006
251280.00000 0.0006
251340.00000 0.0006
251400.00000 0.0006
251450.00000 0.0006
251510.00000 0.0006
251570.00000 0.0006
251630.00000 0.0006
251690.00000 0.0006
251740.00000 0.0006
251800.00000 0.0006
251860.00000 0.0006
251920.00000 0.0005
251980.00000 0.0005
252030.00000 0.0005
252090.00000 0.0005
252150.00000 0.0005
252210.00000 0.0005
252270.00000 0.0005
252320.00000 0.0005
252380.00000 0.0005
252440.00000 0.0004
252500.00000 0.0004
252560.00000 0.0004
252610.00000 0.0004
252670.00000 0.0004
252730.00000 0.0004
252790.00000 0.0004
252850.00000 0.0004
252900.00000 0.0004
252960.00000 0.0004
253020.00000 0.0004
253080.00000 0.0004
253140.00000 0.0004
253190.00000 0.0004
253250.00000 0.0004
253310.00000 0.0004
253370.00000 0.0004
253430.00000 0.0004
253480.00000 0.0004
253540.00000 0.0004
253600.00000 0.0004
253660.00000 0.0004
253720.00000 0.0004
253770.00000 0.0004
253830.00000 0.0004
253890.00000 0.0004
253950.00000 0.0003
254010.00000 0.0003
254060.00000 0.0003
254120.00000 0.0003
254180.00000 0.0003
254240.00000 0.0003
254300.00000 0.0003
254350.00000 0.0003
254410.00000 0.0003
254470.00000 0.0003
254530.00000 0.0003
254590.00000 0.0003
254640.00000 0.0003
254700.00000 0.0003
254760.00000 0.0003
254820.00000 0.0003
254880.00000 0.0003
254930.00000 0.0002
254990.00000 0.0002
255050.00000 0.0002
255110.00000 0.0002
255170.00000 0.0002
255220.00000 0.0002
255280.00000 0.0002
255340.00000 0.0002
255400.00000 0.0001
255460.00000 0.0001
255510.00000 0.0001
255570.00000 0.0001
255630.00000 0.0001
255690.00000 0.0001
255750.00000 0.0001
281325.00000 0.0
