threeML/data/optical_filters/JWST/MIRI-F1800W.ecsv
# %ECSV 0.9
# ---
# datatype:
# - {name: wavelength, unit: Angstrom, datatype: float32}
# - {name: response, datatype: float32}
# meta: !!omap
# - {band_name: F1800W}
# - {group_name: MIRI}
wavelength response
135270.00000 0.0
150300.00000 0.0001
150360.00000 0.0001
150420.00000 0.0001
150480.00000 0.0001
150530.00000 0.0001
150590.00000 0.0001
150650.00000 0.0001
150710.00000 0.0001
150770.00000 0.0001
150820.00000 0.0001
150880.00000 0.0001
150940.00000 0.0002
151000.00000 0.0002
151060.00000 0.0002
151110.00000 0.0002
151170.00000 0.0002
151230.00000 0.0002
151290.00000 0.0002
151350.00000 0.0002
151400.00000 0.0002
151460.00000 0.0002
151520.00000 0.0002
151580.00000 0.0002
151640.00000 0.0002
151690.00000 0.0002
151750.00000 0.0002
151810.00000 0.0002
151870.00000 0.0002
151930.00000 0.0002
151980.00000 0.0002
152040.00000 0.0001
152100.00000 0.0001
152160.00000 0.0001
152220.00000 0.0001
152270.00000 0.0001
152330.00000 0.0001
152390.00000 0.0001
152450.00000 0.0001
152510.00000 0.0001
152560.00000 0.0001
152620.00000 0.0001
152680.00000 0.0001
152740.00000 0.0001
152800.00000 0.0001
152850.00000 0.0001
152910.00000 0.0001
152970.00000 0.0001
153030.00000 0.0001
153090.00000 0.0001
153140.00000 0.0001
153200.00000 0.0001
153260.00000 0.0001
153320.00000 0.0002
153380.00000 0.0002
153430.00000 0.0002
153490.00000 0.0002
153550.00000 0.0002
153610.00000 0.0001
153670.00000 0.0001
153720.00000 0.0001
153780.00000 0.0001
153840.00000 0.0001
153900.00000 0.0001
153960.00000 0.0001
154010.00000 0.0001
154070.00000 0.0001
154130.00000 0.0001
154190.00000 0.0001
154250.00000 0.0001
154300.00000 0.0001
154360.00000 0.0001
154420.00000 0.0001
154480.00000 0.0001
154540.00000 0.0001
154590.00000 0.0001
154650.00000 0.0001
154710.00000 0.0001
154770.00000 0.0001
154830.00000 0.0001
154880.00000 0.0001
154940.00000 0.0001
155000.00000 0.0001
155060.00000 0.0001
155120.00000 0.0001
155170.00000 0.0001
155230.00000 0.0001
155290.00000 0.0001
155350.00000 0.0001
155410.00000 0.0001
155460.00000 0.0001
155520.00000 0.0001
155580.00000 0.0001
155640.00000 0.0001
155700.00000 0.0001
155750.00000 0.0001
155810.00000 0.0001
155870.00000 0.0001
155930.00000 0.0001
155990.00000 0.0001
156040.00000 0.0002
156100.00000 0.0002
156160.00000 0.0002
156220.00000 0.0002
156280.00000 0.0002
156330.00000 0.0002
156390.00000 0.0002
156450.00000 0.0003
156510.00000 0.0003
156570.00000 0.0003
156620.00000 0.0003
156680.00000 0.0003
156740.00000 0.0004
156800.00000 0.0004
156860.00000 0.0004
156910.00000 0.0005
156970.00000 0.0005
157030.00000 0.0005
157090.00000 0.0005
157150.00000 0.0006
157200.00000 0.0006
157260.00000 0.0006
157320.00000 0.0006
157380.00000 0.0007
157440.00000 0.0007
157490.00000 0.0007
157550.00000 0.0007
157610.00000 0.0007
157670.00000 0.0008
157730.00000 0.0008
157780.00000 0.0008
157840.00000 0.0008
157900.00000 0.0008
157960.00000 0.0009
158020.00000 0.0009
158070.00000 0.0009
158130.00000 0.0009
158190.00000 0.0009
158250.00000 0.001
158310.00000 0.001
158360.00000 0.001
158420.00000 0.0011
158480.00000 0.0011
158540.00000 0.0011
158600.00000 0.0012
158650.00000 0.0012
158710.00000 0.0012
158770.00000 0.0013
158830.00000 0.0013
158890.00000 0.0014
158940.00000 0.0014
159000.00000 0.0015
159060.00000 0.0016
159120.00000 0.0016
159180.00000 0.0017
159230.00000 0.0018
159290.00000 0.0018
159350.00000 0.0019
159410.00000 0.002
159470.00000 0.0021
159520.00000 0.0021
159580.00000 0.0022
159640.00000 0.0023
159700.00000 0.0024
159760.00000 0.0025
159810.00000 0.0026
159870.00000 0.0027
159930.00000 0.0028
159990.00000 0.0029
160050.00000 0.003
160100.00000 0.0031
160160.00000 0.0032
160220.00000 0.0034
160280.00000 0.0035
160340.00000 0.0037
160390.00000 0.0038
160450.00000 0.004
160510.00000 0.0041
160570.00000 0.0043
160630.00000 0.0045
160680.00000 0.0047
160740.00000 0.0049
160800.00000 0.0051
160860.00000 0.0053
160920.00000 0.0056
160970.00000 0.0058
161030.00000 0.0061
161090.00000 0.0064
161150.00000 0.0066
161210.00000 0.0069
161260.00000 0.0073
161320.00000 0.0076
161380.00000 0.008
161440.00000 0.0083
161500.00000 0.0087
161550.00000 0.0091
161610.00000 0.0095
161670.00000 0.01
161730.00000 0.0105
161790.00000 0.0109
161840.00000 0.0115
161900.00000 0.012
161960.00000 0.0126
162020.00000 0.0132
162080.00000 0.0139
162130.00000 0.0145
162190.00000 0.0152
162250.00000 0.016
162310.00000 0.0168
162370.00000 0.0176
162420.00000 0.0184
162480.00000 0.0194
162540.00000 0.0204
162600.00000 0.0213
162660.00000 0.0225
162710.00000 0.0236
162770.00000 0.0248
162830.00000 0.0261
162890.00000 0.0275
162950.00000 0.0289
163000.00000 0.0303
163060.00000 0.0319
163120.00000 0.0336
163180.00000 0.0353
163240.00000 0.0371
163290.00000 0.0391
163350.00000 0.0411
163410.00000 0.0432
163470.00000 0.0456
163530.00000 0.0479
163580.00000 0.0503
163640.00000 0.053
163700.00000 0.0558
163760.00000 0.0586
163820.00000 0.0616
163870.00000 0.0649
163930.00000 0.0682
163990.00000 0.0715
164050.00000 0.0753
164110.00000 0.0791
164160.00000 0.083
164220.00000 0.0871
164280.00000 0.0915
164340.00000 0.0959
164400.00000 0.1003
164450.00000 0.1052
164510.00000 0.1101
164570.00000 0.1151
164630.00000 0.1202
164690.00000 0.1256
164740.00000 0.131
164800.00000 0.1364
164860.00000 0.1422
164920.00000 0.1479
164980.00000 0.1537
165030.00000 0.1596
165090.00000 0.1657
165150.00000 0.1717
165210.00000 0.1778
165270.00000 0.1839
165320.00000 0.1901
165380.00000 0.1963
165440.00000 0.2024
165500.00000 0.2085
165560.00000 0.2146
165610.00000 0.2207
165670.00000 0.2266
165730.00000 0.2325
165790.00000 0.2384
165850.00000 0.2441
165900.00000 0.2497
165960.00000 0.2552
166020.00000 0.2606
166080.00000 0.2657
166140.00000 0.2707
166190.00000 0.2758
166250.00000 0.2803
166310.00000 0.2847
166370.00000 0.2891
166430.00000 0.2933
166480.00000 0.297
166540.00000 0.3008
166600.00000 0.3045
166660.00000 0.3076
166720.00000 0.3107
166770.00000 0.3137
166830.00000 0.3164
166890.00000 0.3188
166950.00000 0.3212
167010.00000 0.3236
167060.00000 0.3254
167120.00000 0.3272
167180.00000 0.329
167240.00000 0.3305
167300.00000 0.3318
167350.00000 0.3331
167410.00000 0.3343
167470.00000 0.3352
167530.00000 0.3361
167590.00000 0.3369
167640.00000 0.3376
167700.00000 0.3382
167760.00000 0.3388
167820.00000 0.3393
167880.00000 0.3397
167930.00000 0.34
167990.00000 0.3404
168050.00000 0.3406
168110.00000 0.3409
168170.00000 0.3411
168220.00000 0.3413
168280.00000 0.3414
168340.00000 0.3416
168400.00000 0.3417
168460.00000 0.3419
168510.00000 0.342
168570.00000 0.3421
168630.00000 0.3423
168690.00000 0.3424
168750.00000 0.3425
168800.00000 0.3426
168860.00000 0.3427
168920.00000 0.3429
168980.00000 0.343
169040.00000 0.3431
169090.00000 0.3433
169150.00000 0.3434
169210.00000 0.3436
169270.00000 0.3437
169330.00000 0.3438
169380.00000 0.344
169440.00000 0.3441
169500.00000 0.3443
169560.00000 0.3444
169620.00000 0.3446
169670.00000 0.3447
169730.00000 0.3449
169790.00000 0.345
169850.00000 0.3452
169910.00000 0.3454
169960.00000 0.3455
170020.00000 0.3457
170080.00000 0.3457
170140.00000 0.3457
170200.00000 0.3458
170250.00000 0.3458
170310.00000 0.3459
170370.00000 0.3459
170430.00000 0.346
170490.00000 0.3461
170540.00000 0.3461
170600.00000 0.3462
170660.00000 0.3463
170720.00000 0.3464
170780.00000 0.3465
170830.00000 0.3466
170890.00000 0.3467
170950.00000 0.3468
171010.00000 0.3468
171070.00000 0.3469
171120.00000 0.347
171180.00000 0.3471
171240.00000 0.3472
171300.00000 0.3473
171360.00000 0.3474
171410.00000 0.3475
171470.00000 0.3476
171530.00000 0.3477
171590.00000 0.3477
171650.00000 0.3478
171700.00000 0.3479
171760.00000 0.348
171820.00000 0.348
171880.00000 0.3481
171940.00000 0.3481
171990.00000 0.3482
172050.00000 0.3482
172110.00000 0.3483
172170.00000 0.3483
172230.00000 0.3483
172280.00000 0.3484
172340.00000 0.3484
172400.00000 0.3484
172460.00000 0.3484
172520.00000 0.3485
172570.00000 0.3485
172630.00000 0.3485
172690.00000 0.3486
172750.00000 0.3486
172810.00000 0.3486
172860.00000 0.3487
172920.00000 0.3488
172980.00000 0.3488
173040.00000 0.3489
173100.00000 0.349
173150.00000 0.3491
173210.00000 0.3491
173270.00000 0.3492
173330.00000 0.3493
173390.00000 0.3494
173440.00000 0.3494
173500.00000 0.3495
173560.00000 0.3496
173620.00000 0.3496
173680.00000 0.3497
173730.00000 0.3497
173790.00000 0.3498
173850.00000 0.3498
173910.00000 0.3498
173970.00000 0.3498
174020.00000 0.3498
174080.00000 0.3498
174140.00000 0.3498
174200.00000 0.3498
174260.00000 0.3497
174310.00000 0.3497
174370.00000 0.3496
174430.00000 0.3496
174490.00000 0.3495
174550.00000 0.3495
174600.00000 0.3494
174660.00000 0.3493
174720.00000 0.3493
174780.00000 0.3492
174840.00000 0.3492
174890.00000 0.3491
174950.00000 0.3491
175010.00000 0.349
175070.00000 0.3489
175130.00000 0.3488
175180.00000 0.3487
175240.00000 0.3486
175300.00000 0.3485
175360.00000 0.3484
175420.00000 0.3483
175470.00000 0.3483
175530.00000 0.3482
175590.00000 0.3481
175650.00000 0.348
175710.00000 0.3479
175760.00000 0.3479
175820.00000 0.3478
175880.00000 0.3477
175940.00000 0.3477
176000.00000 0.3476
176050.00000 0.3475
176110.00000 0.3475
176170.00000 0.3474
176230.00000 0.3473
176290.00000 0.3472
176340.00000 0.3472
176400.00000 0.3471
176460.00000 0.347
176520.00000 0.347
176580.00000 0.3469
176630.00000 0.3468
176690.00000 0.3467
176750.00000 0.3467
176810.00000 0.3466
176870.00000 0.3465
176920.00000 0.3464
176980.00000 0.3464
177040.00000 0.3463
177100.00000 0.3462
177160.00000 0.3462
177210.00000 0.3461
177270.00000 0.346
177330.00000 0.3459
177390.00000 0.3459
177450.00000 0.3458
177500.00000 0.3457
177560.00000 0.3456
177620.00000 0.3456
177680.00000 0.3455
177740.00000 0.3454
177790.00000 0.3453
177850.00000 0.3452
177910.00000 0.3452
177970.00000 0.3451
178030.00000 0.345
178080.00000 0.3449
178140.00000 0.3448
178200.00000 0.3447
178260.00000 0.3446
178320.00000 0.3445
178370.00000 0.3444
178430.00000 0.3443
178490.00000 0.3442
178550.00000 0.3441
178610.00000 0.344
178660.00000 0.3439
178720.00000 0.3438
178780.00000 0.3437
178840.00000 0.3435
178900.00000 0.3434
178950.00000 0.3433
179010.00000 0.3432
179070.00000 0.3431
179130.00000 0.343
179190.00000 0.3428
179240.00000 0.3427
179300.00000 0.3426
179360.00000 0.3425
179420.00000 0.3423
179480.00000 0.3422
179530.00000 0.3421
179590.00000 0.342
179650.00000 0.3418
179710.00000 0.3417
179770.00000 0.3416
179820.00000 0.3415
179880.00000 0.3413
179940.00000 0.3412
180000.00000 0.3411
180060.00000 0.3411
180110.00000 0.3411
180170.00000 0.3411
180230.00000 0.3411
180290.00000 0.3411
180350.00000 0.3411
180400.00000 0.3411
180460.00000 0.3411
180520.00000 0.3411
180580.00000 0.3411
180640.00000 0.3411
180690.00000 0.3411
180750.00000 0.3412
180810.00000 0.3412
180870.00000 0.3412
180930.00000 0.3412
180980.00000 0.3412
181040.00000 0.3412
181100.00000 0.3413
181160.00000 0.3413
181220.00000 0.3413
181270.00000 0.3413
181330.00000 0.3414
181390.00000 0.3414
181450.00000 0.3414
181510.00000 0.3415
181560.00000 0.3415
181620.00000 0.3415
181680.00000 0.3416
181740.00000 0.3416
181800.00000 0.3416
181850.00000 0.3417
181910.00000 0.3417
181970.00000 0.3417
182030.00000 0.3417
182090.00000 0.3418
182140.00000 0.3418
182200.00000 0.3418
182260.00000 0.3418
182320.00000 0.3419
182380.00000 0.3419
182430.00000 0.3419
182490.00000 0.342
182550.00000 0.342
182610.00000 0.342
182670.00000 0.3421
182720.00000 0.3421
182780.00000 0.3421
182840.00000 0.3422
182900.00000 0.3422
182960.00000 0.3423
183010.00000 0.3423
183070.00000 0.3424
183130.00000 0.3424
183190.00000 0.3425
183250.00000 0.3426
183300.00000 0.3426
183360.00000 0.3427
183420.00000 0.3428
183480.00000 0.3428
183540.00000 0.3429
183590.00000 0.343
183650.00000 0.3431
183710.00000 0.3431
183770.00000 0.3432
183830.00000 0.3433
183880.00000 0.3434
183940.00000 0.3434
184000.00000 0.3435
184060.00000 0.3436
184120.00000 0.3437
184170.00000 0.3437
184230.00000 0.3438
184290.00000 0.3439
184350.00000 0.344
184410.00000 0.344
184460.00000 0.3441
184520.00000 0.3441
184580.00000 0.3442
184640.00000 0.3442
184700.00000 0.3443
184750.00000 0.3443
184810.00000 0.3443
184870.00000 0.3443
184930.00000 0.3444
184990.00000 0.3444
185040.00000 0.3442
185100.00000 0.3439
185160.00000 0.3436
185220.00000 0.3433
185280.00000 0.343
185330.00000 0.3427
185390.00000 0.3424
185450.00000 0.3421
185510.00000 0.3418
185570.00000 0.3415
185620.00000 0.3411
185680.00000 0.3408
185740.00000 0.3404
185800.00000 0.3401
185860.00000 0.3397
185910.00000 0.3394
185970.00000 0.339
186030.00000 0.3387
186090.00000 0.3383
186150.00000 0.338
186200.00000 0.3376
186260.00000 0.3372
186320.00000 0.3369
186380.00000 0.3365
186440.00000 0.3361
186490.00000 0.3358
186550.00000 0.3354
186610.00000 0.335
186670.00000 0.3346
186730.00000 0.3342
186780.00000 0.3339
186840.00000 0.3335
186900.00000 0.3331
186960.00000 0.3327
187020.00000 0.3323
187070.00000 0.3319
187130.00000 0.3315
187190.00000 0.3311
187250.00000 0.3308
187310.00000 0.3304
187360.00000 0.33
187420.00000 0.3296
187480.00000 0.3292
187540.00000 0.3288
187600.00000 0.3284
187650.00000 0.328
187710.00000 0.3277
187770.00000 0.3273
187830.00000 0.3269
187890.00000 0.3265
187940.00000 0.3261
188000.00000 0.3257
188060.00000 0.3253
188120.00000 0.325
188180.00000 0.3246
188230.00000 0.3242
188290.00000 0.3238
188350.00000 0.3234
188410.00000 0.3231
188470.00000 0.3227
188520.00000 0.3223
188580.00000 0.3219
188640.00000 0.3216
188700.00000 0.3212
188760.00000 0.3209
188810.00000 0.3205
188870.00000 0.3202
188930.00000 0.3199
188990.00000 0.3196
189050.00000 0.3193
189100.00000 0.319
189160.00000 0.3187
189220.00000 0.3184
189280.00000 0.3182
189340.00000 0.3179
189390.00000 0.3177
189450.00000 0.3175
189510.00000 0.3173
189570.00000 0.317
189630.00000 0.3169
189680.00000 0.3167
189740.00000 0.3165
189800.00000 0.3163
189860.00000 0.3162
189920.00000 0.3161
189970.00000 0.3159
190030.00000 0.3159
190090.00000 0.3159
190150.00000 0.316
190210.00000 0.316
190260.00000 0.316
190320.00000 0.3161
190380.00000 0.3161
190440.00000 0.3161
190500.00000 0.3161
190550.00000 0.3161
190610.00000 0.3161
190670.00000 0.3161
190730.00000 0.3161
190790.00000 0.3161
190840.00000 0.316
190900.00000 0.3159
190960.00000 0.3158
191020.00000 0.3157
191080.00000 0.3155
191130.00000 0.3154
191190.00000 0.3152
191250.00000 0.315
191310.00000 0.3148
191370.00000 0.3145
191420.00000 0.3142
191480.00000 0.3139
191540.00000 0.3135
191600.00000 0.3132
191660.00000 0.3127
191710.00000 0.3122
191770.00000 0.3118
191830.00000 0.3112
191890.00000 0.3106
191950.00000 0.3099
192000.00000 0.3093
192060.00000 0.3085
192120.00000 0.3077
192180.00000 0.3069
192240.00000 0.306
192290.00000 0.3049
192350.00000 0.3039
192410.00000 0.3029
192470.00000 0.3016
192530.00000 0.3004
192580.00000 0.2991
192640.00000 0.2977
192700.00000 0.2962
192760.00000 0.2946
192820.00000 0.293
192870.00000 0.2912
192930.00000 0.2894
192990.00000 0.2876
193050.00000 0.2856
193110.00000 0.2835
193160.00000 0.2814
193220.00000 0.2792
193280.00000 0.2768
193340.00000 0.2744
193400.00000 0.272
193450.00000 0.2694
193510.00000 0.2667
193570.00000 0.264
193630.00000 0.2612
193690.00000 0.2582
193740.00000 0.2552
193800.00000 0.2523
193860.00000 0.249
193920.00000 0.2458
193980.00000 0.2426
194030.00000 0.2392
194090.00000 0.2357
194150.00000 0.2322
194210.00000 0.2286
194270.00000 0.2249
194320.00000 0.2212
194380.00000 0.2176
194440.00000 0.2137
194500.00000 0.2099
194560.00000 0.206
194610.00000 0.2021
194670.00000 0.1981
194730.00000 0.1942
194790.00000 0.1903
194850.00000 0.1863
194900.00000 0.1823
194960.00000 0.1783
195020.00000 0.1743
195080.00000 0.1705
195140.00000 0.1666
195190.00000 0.1628
195250.00000 0.159
195310.00000 0.1552
195370.00000 0.1514
195430.00000 0.1476
195480.00000 0.144
195540.00000 0.1403
195600.00000 0.1367
195660.00000 0.1331
195720.00000 0.1296
195770.00000 0.1261
195830.00000 0.1227
195890.00000 0.1193
195950.00000 0.116
196010.00000 0.1127
196060.00000 0.1095
196120.00000 0.1064
196180.00000 0.1032
196240.00000 0.1002
196300.00000 0.0973
196350.00000 0.0944
196410.00000 0.0915
196470.00000 0.0888
196530.00000 0.0861
196590.00000 0.0834
196640.00000 0.0809
196700.00000 0.0784
196760.00000 0.076
196820.00000 0.0736
196880.00000 0.0714
196930.00000 0.0692
196990.00000 0.0669
197050.00000 0.0649
197110.00000 0.0629
197170.00000 0.061
197220.00000 0.0591
197280.00000 0.0573
197340.00000 0.0555
197400.00000 0.0537
197460.00000 0.0521
197510.00000 0.0505
197570.00000 0.0489
197630.00000 0.0474
197690.00000 0.0459
197750.00000 0.0445
197800.00000 0.043
197860.00000 0.0417
197920.00000 0.0404
197980.00000 0.0391
198040.00000 0.0378
198090.00000 0.0366
198150.00000 0.0354
198210.00000 0.0343
198270.00000 0.0332
198330.00000 0.0321
198380.00000 0.031
198440.00000 0.03
198500.00000 0.029
198560.00000 0.0281
198620.00000 0.0271
198670.00000 0.0263
198730.00000 0.0254
198790.00000 0.0245
198850.00000 0.0238
198910.00000 0.023
198960.00000 0.0223
199020.00000 0.0216
199080.00000 0.021
199140.00000 0.0204
199200.00000 0.0197
199250.00000 0.0192
199310.00000 0.0187
199370.00000 0.0181
199430.00000 0.0177
199490.00000 0.0172
199540.00000 0.0168
199600.00000 0.0163
199660.00000 0.016
199720.00000 0.0156
199780.00000 0.0152
199830.00000 0.0149
199890.00000 0.0145
199950.00000 0.0142
200010.00000 0.0139
200070.00000 0.0136
200120.00000 0.0133
200180.00000 0.013
200240.00000 0.0127
200300.00000 0.0124
200360.00000 0.0121
200410.00000 0.0118
200470.00000 0.0115
200530.00000 0.0113
200590.00000 0.011
200650.00000 0.0107
200700.00000 0.0104
200760.00000 0.0102
200820.00000 0.0099
200880.00000 0.0096
200940.00000 0.0094
200990.00000 0.0091
201050.00000 0.0089
201110.00000 0.0086
201170.00000 0.0083
201230.00000 0.0081
201280.00000 0.0079
201340.00000 0.0076
201400.00000 0.0074
201460.00000 0.0072
201520.00000 0.0069
201570.00000 0.0067
201630.00000 0.0065
201690.00000 0.0063
201750.00000 0.0061
201810.00000 0.006
201860.00000 0.0058
201920.00000 0.0056
201980.00000 0.0054
202040.00000 0.0053
202100.00000 0.0051
202150.00000 0.005
202210.00000 0.0048
202270.00000 0.0047
202330.00000 0.0046
202390.00000 0.0044
202440.00000 0.0043
202500.00000 0.0042
202560.00000 0.0041
202620.00000 0.0039
202680.00000 0.0038
202730.00000 0.0037
202790.00000 0.0036
202850.00000 0.0035
202910.00000 0.0033
202970.00000 0.0032
203020.00000 0.0031
203080.00000 0.003
203140.00000 0.0029
203200.00000 0.0028
203260.00000 0.0027
203310.00000 0.0026
203370.00000 0.0025
203430.00000 0.0024
203490.00000 0.0023
203550.00000 0.0023
203600.00000 0.0022
203660.00000 0.0021
203720.00000 0.002
203780.00000 0.0019
203840.00000 0.0019
203890.00000 0.0018
203950.00000 0.0017
204010.00000 0.0017
204070.00000 0.0016
204130.00000 0.0016
204180.00000 0.0015
204240.00000 0.0015
204300.00000 0.0014
204360.00000 0.0014
204420.00000 0.0014
204470.00000 0.0014
204530.00000 0.0013
204590.00000 0.0013
204650.00000 0.0013
204710.00000 0.0013
204760.00000 0.0013
204820.00000 0.0012
204880.00000 0.0012
204940.00000 0.0012
205000.00000 0.0012
205050.00000 0.0012
205110.00000 0.0012
205170.00000 0.0012
205230.00000 0.0012
205290.00000 0.0012
205340.00000 0.0012
205400.00000 0.0012
205460.00000 0.0012
205520.00000 0.0012
205580.00000 0.0012
205630.00000 0.0012
205690.00000 0.0012
205750.00000 0.0012
205810.00000 0.0012
205870.00000 0.0011
205920.00000 0.0011
205980.00000 0.0011
206040.00000 0.0011
206100.00000 0.0011
206160.00000 0.0011
206210.00000 0.001
206270.00000 0.001
206330.00000 0.001
206390.00000 0.001
206450.00000 0.0009
206500.00000 0.0009
206560.00000 0.0009
206620.00000 0.0008
206680.00000 0.0008
206740.00000 0.0008
206790.00000 0.0007
206850.00000 0.0007
206910.00000 0.0007
206970.00000 0.0006
207030.00000 0.0006
207080.00000 0.0006
207140.00000 0.0005
207200.00000 0.0005
207260.00000 0.0005
207320.00000 0.0004
207370.00000 0.0004
207430.00000 0.0004
207490.00000 0.0004
207550.00000 0.0003
207610.00000 0.0003
207660.00000 0.0003
207720.00000 0.0003
207780.00000 0.0002
207840.00000 0.0002
207900.00000 0.0002
207950.00000 0.0002
208010.00000 0.0002
208070.00000 0.0001
208130.00000 0.0001
208190.00000 0.0001
208240.00000 0.0001
208300.00000 0.0001
208360.00000 0.0001
208420.00000 0.0001
208480.00000 0.0001
208530.00000 0.0001
208590.00000 0.0001
208650.00000 0.0001
208710.00000 0.0001
208770.00000 0.0001
208820.00000 0.0001
208880.00000 0.0001
208940.00000 0.0001
209000.00000 0.0001
209060.00000 0.0001
209110.00000 0.0001
209170.00000 0.0001
209230.00000 0.0001
209290.00000 0.0001
209350.00000 0.0001
209400.00000 0.0001
209460.00000 0.0001
209520.00000 0.0001
209580.00000 0.0001
209640.00000 0.0001
209690.00000 0.0001
209750.00000 0.0001
209810.00000 0.0001
209870.00000 0.0001
209930.00000 0.0001
209980.00000 0.0001
210040.00000 0.0001
210100.00000 0.0001
210160.00000 0.0001
210220.00000 0.0001
210270.00000 0.0001
231297.00000 0.0
