threeML/data/optical_filters/JWST/MIRI-F2550W.ecsv
# %ECSV 0.9
# ---
# datatype:
# - {name: wavelength, unit: Angstrom, datatype: float32}
# - {name: response, datatype: float32}
# meta: !!omap
# - {band_name: F2550W}
# - {group_name: MIRI}
wavelength response
[from data line 805]
260680.00000 0.1617
260730.00000 0.1612
260790.00000 0.1607
260850.00000 0.1602
260910.00000 0.1598
260970.00000 0.1593
261020.00000 0.1588
261080.00000 0.1583
261140.00000 0.1578
261200.00000 0.1573
261260.00000 0.1568
261310.00000 0.1563
261370.00000 0.1558
261430.00000 0.1553
261490.00000 0.1548
261550.00000 0.1543
261600.00000 0.1538
261660.00000 0.1533
261720.00000 0.1528
261780.00000 0.1523
261840.00000 0.1518
261890.00000 0.1513
261950.00000 0.1508
262010.00000 0.1503
262070.00000 0.1498
262130.00000 0.1493
262180.00000 0.1488
262240.00000 0.1483
262300.00000 0.1478
262360.00000 0.1473
262420.00000 0.1468
262470.00000 0.1463
262530.00000 0.1458
262590.00000 0.1453
262650.00000 0.1448
262710.00000 0.1444
262760.00000 0.1439
262820.00000 0.1434
262880.00000 0.1429
262940.00000 0.1425
263000.00000 0.142
263050.00000 0.1415
263110.00000 0.141
263170.00000 0.1406
263230.00000 0.1401
263290.00000 0.1397
263340.00000 0.1392
263400.00000 0.1388
263460.00000 0.1383
263520.00000 0.1379
263580.00000 0.1374
263630.00000 0.137
263690.00000 0.1365
263750.00000 0.1361
263810.00000 0.1357
263870.00000 0.1352
263920.00000 0.1348
263980.00000 0.1344
264040.00000 0.134
264100.00000 0.1336
264160.00000 0.1331
264210.00000 0.1327
264270.00000 0.1323
264330.00000 0.1319
264390.00000 0.1315
264450.00000 0.1311
264500.00000 0.1307
264560.00000 0.1303
264620.00000 0.1299
264680.00000 0.1295
264740.00000 0.1291
264790.00000 0.1287
264850.00000 0.1283
264910.00000 0.1279
264970.00000 0.1275
265030.00000 0.1272
265080.00000 0.1269
265140.00000 0.1267
265200.00000 0.1264
265260.00000 0.1261
265320.00000 0.1258
265370.00000 0.1255
265430.00000 0.1253
265490.00000 0.125
265550.00000 0.1247
265610.00000 0.1245
265660.00000 0.1242
265720.00000 0.1239
265780.00000 0.1236
265840.00000 0.1234
265900.00000 0.1231
265950.00000 0.1228
266010.00000 0.1225
266070.00000 0.1223
266130.00000 0.122
266190.00000 0.1217
266240.00000 0.1215
266300.00000 0.1212
266360.00000 0.1209
266420.00000 0.1206
266480.00000 0.1203
266530.00000 0.12
266590.00000 0.1198
266650.00000 0.1195
266710.00000 0.1192
266770.00000 0.1189
266820.00000 0.1186
266880.00000 0.1183
266940.00000 0.118
267000.00000 0.1177
267060.00000 0.1174
267110.00000 0.1171
267170.00000 0.1168
267230.00000 0.1165
267290.00000 0.1162
267350.00000 0.1159
267400.00000 0.1155
267460.00000 0.1152
267520.00000 0.1149
267580.00000 0.1146
267640.00000 0.1143
267690.00000 0.1139
267750.00000 0.1136
267810.00000 0.1133
267870.00000 0.1129
267930.00000 0.1126
267980.00000 0.1122
268040.00000 0.1119
268100.00000 0.1116
268160.00000 0.1112
268220.00000 0.1109
268270.00000 0.1105
268330.00000 0.1102
268390.00000 0.1098
268450.00000 0.1095
268510.00000 0.1092
268560.00000 0.1088
268620.00000 0.1085
268680.00000 0.1081
268740.00000 0.1078
268800.00000 0.1074
268850.00000 0.1071
268910.00000 0.1068
268970.00000 0.1064
269030.00000 0.1061
269090.00000 0.1057
269140.00000 0.1054
269200.00000 0.1051
269260.00000 0.1048
269320.00000 0.1045
269380.00000 0.1041
269430.00000 0.1038
269490.00000 0.1035
269550.00000 0.1032
269610.00000 0.1029
269670.00000 0.1026
269720.00000 0.1023
269780.00000 0.102
269840.00000 0.1017
269900.00000 0.1014
269960.00000 0.1011
270010.00000 0.1009
270070.00000 0.1007
270130.00000 0.1005
270190.00000 0.1002
270250.00000 0.1
270300.00000 0.0998
270360.00000 0.0996
270420.00000 0.0994
270480.00000 0.0992
270540.00000 0.099
270590.00000 0.0988
270650.00000 0.0987
270710.00000 0.0985
270770.00000 0.0983
270830.00000 0.0981
270880.00000 0.0979
270940.00000 0.0978
271000.00000 0.0976
271060.00000 0.0974
271120.00000 0.0972
271170.00000 0.0971
271230.00000 0.0969
271290.00000 0.0967
271350.00000 0.0966
271410.00000 0.0964
271460.00000 0.0962
271520.00000 0.0961
271580.00000 0.0959
271640.00000 0.0958
271700.00000 0.0956
271750.00000 0.0954
271810.00000 0.0953
271870.00000 0.0951
271930.00000 0.095
271990.00000 0.0948
272040.00000 0.0946
272100.00000 0.0945
272160.00000 0.0943
272220.00000 0.0942
272280.00000 0.094
272330.00000 0.0938
272390.00000 0.0937
272450.00000 0.0935
272510.00000 0.0934
272570.00000 0.0932
272620.00000 0.093
272680.00000 0.0929
272740.00000 0.0927
272800.00000 0.0926
272860.00000 0.0924
272910.00000 0.0922
272970.00000 0.0921
273030.00000 0.0919
273090.00000 0.0917
273150.00000 0.0916
273200.00000 0.0914
273260.00000 0.0913
273320.00000 0.0911
273380.00000 0.0909
273440.00000 0.0908
273490.00000 0.0906
273550.00000 0.0904
273610.00000 0.0903
273670.00000 0.0901
273730.00000 0.0899
273780.00000 0.0897
273840.00000 0.0896
273900.00000 0.0894
273960.00000 0.0892
274020.00000 0.0891
274070.00000 0.0889
274130.00000 0.0887
274190.00000 0.0885
274250.00000 0.0883
274310.00000 0.0882
274360.00000 0.088
274420.00000 0.0878
274480.00000 0.0876
274540.00000 0.0875
274600.00000 0.0873
274650.00000 0.0871
274710.00000 0.0869
274770.00000 0.0867
274830.00000 0.0865
274890.00000 0.0864
274940.00000 0.0862
275000.00000 0.086
275060.00000 0.0856
275120.00000 0.0853
275180.00000 0.085
275230.00000 0.0846
275290.00000 0.0843
275350.00000 0.0839
275410.00000 0.0836
275470.00000 0.0833
275520.00000 0.0829
275580.00000 0.0826
275640.00000 0.0822
275700.00000 0.0819
275760.00000 0.0816
275810.00000 0.0812
275870.00000 0.0809
275930.00000 0.0805
275990.00000 0.0802
276050.00000 0.0799
276100.00000 0.0795
276160.00000 0.0792
276220.00000 0.0789
276280.00000 0.0785
276340.00000 0.0782
276390.00000 0.0778
276450.00000 0.0775
276510.00000 0.0772
276570.00000 0.0768
276630.00000 0.0765
276680.00000 0.0762
276740.00000 0.0758
276800.00000 0.0755
276860.00000 0.0752
276920.00000 0.0748
276970.00000 0.0745
277030.00000 0.0742
277090.00000 0.0739
277150.00000 0.0735
277210.00000 0.0732
277260.00000 0.0729
277320.00000 0.0725
277380.00000 0.0722
277440.00000 0.0719
277500.00000 0.0716
277550.00000 0.0712
277610.00000 0.0709
277670.00000 0.0706
277730.00000 0.0702
277790.00000 0.0699
277840.00000 0.0696
277900.00000 0.0693
277960.00000 0.0689
278020.00000 0.0686
278080.00000 0.0683
278130.00000 0.068
278190.00000 0.0676
278250.00000 0.0673
278310.00000 0.067
278370.00000 0.0667
278420.00000 0.0663
278480.00000 0.066
278540.00000 0.0657
278600.00000 0.0654
278660.00000 0.065
278710.00000 0.0647
278770.00000 0.0644
278830.00000 0.064
278890.00000 0.0637
278950.00000 0.0634
279000.00000 0.0631
279060.00000 0.0627
279120.00000 0.0624
279180.00000 0.0621
279240.00000 0.0617
279290.00000 0.0614
279350.00000 0.0611
279410.00000 0.0607
279470.00000 0.0604
279530.00000 0.0601
279580.00000 0.0598
279640.00000 0.0594
279700.00000 0.0591
279760.00000 0.0588
279820.00000 0.0584
279870.00000 0.0581
279930.00000 0.0578
279990.00000 0.0574
280050.00000 0.0572
280110.00000 0.0569
280160.00000 0.0567
280220.00000 0.0565
280280.00000 0.0562
280340.00000 0.056
280400.00000 0.0557
280450.00000 0.0555
280510.00000 0.0553
280570.00000 0.055
280630.00000 0.0548
280690.00000 0.0545
280740.00000 0.0543
280800.00000 0.0541
280860.00000 0.0538
280920.00000 0.0536
280980.00000 0.0533
281030.00000 0.0531
281090.00000 0.0529
281150.00000 0.0526
281210.00000 0.0524
281270.00000 0.0521
281320.00000 0.0519
281380.00000 0.0517
281440.00000 0.0514
281500.00000 0.0512
281560.00000 0.0509
281610.00000 0.0507
281670.00000 0.0505
281730.00000 0.0502
281790.00000 0.05
281850.00000 0.0497
281900.00000 0.0495
281960.00000 0.0493
282020.00000 0.049
282080.00000 0.0488
282140.00000 0.0485
282190.00000 0.0483
282250.00000 0.048
282310.00000 0.0478
282370.00000 0.0476
282430.00000 0.0473
282480.00000 0.0471
282540.00000 0.0468
282600.00000 0.0466
282660.00000 0.0463
282720.00000 0.0461
282770.00000 0.0459
282830.00000 0.0456
282890.00000 0.0454
282950.00000 0.0451
283010.00000 0.0449
283060.00000 0.0446
283120.00000 0.0444
283180.00000 0.0442
283240.00000 0.0439
283300.00000 0.0437
283350.00000 0.0434
283410.00000 0.0432
283470.00000 0.0429
283530.00000 0.0427
283590.00000 0.0424
283640.00000 0.0422
283700.00000 0.0419
283760.00000 0.0417
283820.00000 0.0414
283880.00000 0.0412
283930.00000 0.0409
283990.00000 0.0407
284050.00000 0.0404
284110.00000 0.0402
284170.00000 0.0399
284220.00000 0.0397
284280.00000 0.0394
284340.00000 0.0392
284400.00000 0.0389
284460.00000 0.0387
284510.00000 0.0384
284570.00000 0.0382
284630.00000 0.0379
284690.00000 0.0377
284750.00000 0.0374
284800.00000 0.0372
284860.00000 0.0369
284920.00000 0.0367
284980.00000 0.0364
285040.00000 0.0363
285090.00000 0.0362
285150.00000 0.0362
285210.00000 0.0361
285270.00000 0.0361
285330.00000 0.036
285380.00000 0.0359
285440.00000 0.0359
285500.00000 0.0358
285560.00000 0.0358
285620.00000 0.0357
285670.00000 0.0357
285730.00000 0.0356
285790.00000 0.0355
285850.00000 0.0355
285910.00000 0.0354
285960.00000 0.0354
286020.00000 0.0353
286080.00000 0.0352
286140.00000 0.0352
286200.00000 0.0351
286250.00000 0.0351
286310.00000 0.035
286370.00000 0.0349
286430.00000 0.0349
286490.00000 0.0348
286540.00000 0.0348
286600.00000 0.0347
286660.00000 0.0347
286720.00000 0.0346
286780.00000 0.0345
286830.00000 0.0345
286890.00000 0.0344
286950.00000 0.0344
287010.00000 0.0343
287070.00000 0.0342
287120.00000 0.0342
287180.00000 0.0341
287240.00000 0.0341
287300.00000 0.034
287360.00000 0.0339
287410.00000 0.0339
287470.00000 0.0338
287530.00000 0.0338
287590.00000 0.0337
287650.00000 0.0336
287700.00000 0.0336
287760.00000 0.0335
287820.00000 0.0335
287880.00000 0.0334
287940.00000 0.0333
287990.00000 0.0333
288050.00000 0.0332
288110.00000 0.0332
288170.00000 0.0331
288230.00000 0.0331
288280.00000 0.033
288340.00000 0.0329
288400.00000 0.0329
288460.00000 0.0328
288520.00000 0.0328
288570.00000 0.0327
288630.00000 0.0326
288690.00000 0.0326
288750.00000 0.0325
288810.00000 0.0325
288860.00000 0.0324
288920.00000 0.0324
288980.00000 0.0323
289040.00000 0.0322
289100.00000 0.0322
289150.00000 0.0321
289210.00000 0.0321
289270.00000 0.032
289330.00000 0.0319
289390.00000 0.0319
289440.00000 0.0318
289500.00000 0.0318
289560.00000 0.0317
289620.00000 0.0316
289680.00000 0.0316
289730.00000 0.0315
289790.00000 0.0315
289850.00000 0.0314
289910.00000 0.0313
289970.00000 0.0313
290020.00000 0.0312
290080.00000 0.031
290140.00000 0.0308
290200.00000 0.0307
290260.00000 0.0305
290310.00000 0.0303
290370.00000 0.0302
290430.00000 0.03
290490.00000 0.0298
290550.00000 0.0297
290600.00000 0.0295
290660.00000 0.0293
290720.00000 0.0291
290780.00000 0.029
290840.00000 0.0288
290890.00000 0.0286
290950.00000 0.0285
291010.00000 0.0283
291070.00000 0.0281
291130.00000 0.0279
291180.00000 0.0278
291240.00000 0.0276
291300.00000 0.0274
291360.00000 0.0272
291420.00000 0.0271
291470.00000 0.0269
291530.00000 0.0267
291590.00000 0.0265
291650.00000 0.0264
291710.00000 0.0262
291760.00000 0.026
291820.00000 0.0258
291880.00000 0.0257
291940.00000 0.0255
292000.00000 0.0253
292050.00000 0.0251
292110.00000 0.0249
292170.00000 0.0248
292230.00000 0.0246
292290.00000 0.0244
292340.00000 0.0242
292400.00000 0.024
292460.00000 0.0239
292520.00000 0.0237
292580.00000 0.0235
292630.00000 0.0233
292690.00000 0.0231
292750.00000 0.0229
292810.00000 0.0228
292870.00000 0.0226
292920.00000 0.0224
292980.00000 0.0222
293040.00000 0.022
293100.00000 0.0218
293160.00000 0.0216
293210.00000 0.0215
293270.00000 0.0213
293330.00000 0.0211
293390.00000 0.0209
293450.00000 0.0207
293500.00000 0.0205
293560.00000 0.0203
293620.00000 0.0201
293680.00000 0.02
293740.00000 0.0198
293790.00000 0.0196
293850.00000 0.0194
293910.00000 0.0192
293970.00000 0.019
294030.00000 0.0188
294080.00000 0.0186
294140.00000 0.0184
294200.00000 0.0183
294260.00000 0.0181
294320.00000 0.0179
294370.00000 0.0177
294430.00000 0.0175
294490.00000 0.0173
294550.00000 0.0171
294610.00000 0.017
294660.00000 0.0168
294720.00000 0.0166
294780.00000 0.0164
294840.00000 0.0162
294900.00000 0.016
294950.00000 0.0158
295010.00000 0.0157
295070.00000 0.0156
295130.00000 0.0154
295190.00000 0.0153
295240.00000 0.0152
295300.00000 0.0151
295360.00000 0.015
295420.00000 0.0149
295480.00000 0.0148
295530.00000 0.0146
295590.00000 0.0145
295650.00000 0.0144
295710.00000 0.0143
295770.00000 0.0142
295820.00000 0.0141
295880.00000 0.014
295940.00000 0.0139
296000.00000 0.0138
296060.00000 0.0136
296110.00000 0.0135
296170.00000 0.0134
296230.00000 0.0133
296290.00000 0.0132
296350.00000 0.0131
296400.00000 0.013
296460.00000 0.0129
296520.00000 0.0128
296580.00000 0.0127
296640.00000 0.0126
296690.00000 0.0125
296750.00000 0.0124
296810.00000 0.0123
296870.00000 0.0122
296930.00000 0.0121
296980.00000 0.012
297040.00000 0.0119
297100.00000 0.0118
297160.00000 0.0117
297220.00000 0.0116
297270.00000 0.0115
297330.00000 0.0114
297390.00000 0.0113
297450.00000 0.0112
297510.00000 0.0111
297560.00000 0.011
297620.00000 0.0109
297680.00000 0.0108
297740.00000 0.0107
297800.00000 0.0106
297850.00000 0.0105
297910.00000 0.0104
297970.00000 0.0103
298030.00000 0.0102
298090.00000 0.0102
298140.00000 0.0101
298200.00000 0.01
298260.00000 0.0099
298320.00000 0.0098
298380.00000 0.0097
298430.00000 0.0096
298490.00000 0.0095
298550.00000 0.0094
298610.00000 0.0093
298670.00000 0.0092
298720.00000 0.0091
298780.00000 0.0091
298840.00000 0.009
298900.00000 0.0089
298960.00000 0.0088
299010.00000 0.0087
299070.00000 0.0086
299130.00000 0.0085
299190.00000 0.0084
299250.00000 0.0083
299300.00000 0.0082
299360.00000 0.0082
299420.00000 0.0081
299480.00000 0.008
299540.00000 0.0079
299590.00000 0.0078
299650.00000 0.0077
299710.00000 0.0076
299770.00000 0.0075
299830.00000 0.0075
299880.00000 0.0074
299940.00000 0.0073
329934.00000 0.0
