threeML/data/optical_filters/JWST/MIRI-F1280W.ecsv
# %ECSV 0.9
# ---
# datatype:
# - {name: wavelength, unit: Angstrom, datatype: float32}
# - {name: response, datatype: float32}
# meta: !!omap
# - {band_name: F1280W}
# - {group_name: MIRI}
wavelength response
92259.00000 0.0
102510.00000 0.0001
102570.00000 0.0001
102630.00000 0.0001
102680.00000 0.0001
102740.00000 0.0001
102800.00000 0.0001
102860.00000 0.0001
102920.00000 0.0001
102970.00000 0.0001
103030.00000 0.0001
103090.00000 0.0001
103150.00000 0.0001
103210.00000 0.0001
103260.00000 0.0002
103320.00000 0.0002
103380.00000 0.0002
103440.00000 0.0002
103500.00000 0.0002
103550.00000 0.0002
103610.00000 0.0002
103670.00000 0.0002
103730.00000 0.0002
103790.00000 0.0002
103840.00000 0.0002
103900.00000 0.0003
103960.00000 0.0003
104020.00000 0.0003
104080.00000 0.0003
104130.00000 0.0003
104190.00000 0.0003
104250.00000 0.0003
104310.00000 0.0004
104370.00000 0.0004
104420.00000 0.0004
104480.00000 0.0004
104540.00000 0.0004
104600.00000 0.0004
104660.00000 0.0004
104710.00000 0.0005
104770.00000 0.0005
104830.00000 0.0005
104890.00000 0.0006
104950.00000 0.0006
105000.00000 0.0006
105060.00000 0.0007
105120.00000 0.0007
105180.00000 0.0008
105240.00000 0.0008
105290.00000 0.0009
105350.00000 0.001
105410.00000 0.001
105470.00000 0.0011
105530.00000 0.0012
105580.00000 0.0012
105640.00000 0.0013
105700.00000 0.0014
105760.00000 0.0015
105820.00000 0.0017
105870.00000 0.0018
105930.00000 0.0019
105990.00000 0.0021
106050.00000 0.0022
106110.00000 0.0024
106160.00000 0.0026
106220.00000 0.0028
106280.00000 0.003
106340.00000 0.0033
106400.00000 0.0035
106450.00000 0.0038
106510.00000 0.0041
106570.00000 0.0044
106630.00000 0.0048
106690.00000 0.0052
106740.00000 0.0056
106800.00000 0.0061
106860.00000 0.0066
106920.00000 0.0072
106980.00000 0.0077
107030.00000 0.0084
107090.00000 0.0091
107150.00000 0.0098
107210.00000 0.0106
107270.00000 0.0115
107320.00000 0.0124
107380.00000 0.0134
107440.00000 0.0145
107500.00000 0.0157
107560.00000 0.0168
107610.00000 0.0181
107670.00000 0.0196
107730.00000 0.0211
107790.00000 0.0226
107850.00000 0.0244
107900.00000 0.0263
107960.00000 0.0281
108020.00000 0.0302
108080.00000 0.0326
108140.00000 0.035
108190.00000 0.0375
108250.00000 0.0405
108310.00000 0.0436
108370.00000 0.0467
108430.00000 0.0501
108480.00000 0.054
108540.00000 0.0579
108600.00000 0.0618
108660.00000 0.0667
108720.00000 0.0715
108770.00000 0.0763
108830.00000 0.0818
108890.00000 0.0877
108950.00000 0.0936
109010.00000 0.0996
109060.00000 0.1067
109120.00000 0.1138
109180.00000 0.1208
109240.00000 0.1287
109300.00000 0.1369
109350.00000 0.1451
109410.00000 0.1536
109470.00000 0.1627
109530.00000 0.1718
109590.00000 0.1809
109640.00000 0.1901
109700.00000 0.1993
109760.00000 0.2085
109820.00000 0.2175
109880.00000 0.2262
109930.00000 0.2349
109990.00000 0.2435
110050.00000 0.2514
110110.00000 0.2591
110170.00000 0.2668
110220.00000 0.274
110280.00000 0.2804
110340.00000 0.2868
110400.00000 0.2932
110460.00000 0.298
110510.00000 0.3028
110570.00000 0.3075
110630.00000 0.3115
110690.00000 0.3149
110750.00000 0.3182
110800.00000 0.3214
110860.00000 0.3238
110920.00000 0.3262
110980.00000 0.3287
111040.00000 0.3306
111090.00000 0.3324
111150.00000 0.3341
111210.00000 0.3358
111270.00000 0.337
111330.00000 0.3383
111380.00000 0.3395
111440.00000 0.3405
111500.00000 0.3414
111560.00000 0.3422
111620.00000 0.343
111670.00000 0.3435
111730.00000 0.344
111790.00000 0.3445
111850.00000 0.3448
111910.00000 0.345
111960.00000 0.3452
112020.00000 0.3454
112080.00000 0.3453
112140.00000 0.3453
112200.00000 0.3453
112250.00000 0.3451
112310.00000 0.3449
112370.00000 0.3447
112430.00000 0.3444
112490.00000 0.344
112540.00000 0.3437
112600.00000 0.3434
112660.00000 0.343
112720.00000 0.3426
112780.00000 0.3423
112830.00000 0.3419
112890.00000 0.3416
112950.00000 0.3412
113010.00000 0.3409
113070.00000 0.3406
113120.00000 0.3403
113180.00000 0.3401
113240.00000 0.3399
113300.00000 0.3397
113360.00000 0.3396
113410.00000 0.3395
113470.00000 0.3396
113530.00000 0.3396
113590.00000 0.3397
113650.00000 0.3399
113700.00000 0.3401
113760.00000 0.3404
113820.00000 0.3407
113880.00000 0.341
113940.00000 0.3413
113990.00000 0.3417
114050.00000 0.3421
114110.00000 0.3425
114170.00000 0.3429
114230.00000 0.3433
114280.00000 0.3437
114340.00000 0.3442
114400.00000 0.3446
114460.00000 0.345
114520.00000 0.3453
114570.00000 0.3457
114630.00000 0.346
114690.00000 0.3461
114750.00000 0.3463
114810.00000 0.3465
114860.00000 0.3464
114920.00000 0.3462
114980.00000 0.3461
115040.00000 0.3458
115100.00000 0.3454
115150.00000 0.3451
115210.00000 0.3444
115270.00000 0.3427
115330.00000 0.341
115390.00000 0.3394
115440.00000 0.3365
115500.00000 0.3334
115560.00000 0.3302
115620.00000 0.3266
115680.00000 0.3217
115730.00000 0.3169
115790.00000 0.3121
115850.00000 0.3056
115910.00000 0.2987
115970.00000 0.2919
116020.00000 0.2841
116080.00000 0.2749
116140.00000 0.2657
116200.00000 0.2565
116260.00000 0.2465
116310.00000 0.2364
116370.00000 0.2264
116430.00000 0.2161
116490.00000 0.2057
116550.00000 0.1952
116600.00000 0.1848
116660.00000 0.1747
116720.00000 0.1645
116780.00000 0.1544
116840.00000 0.1451
116890.00000 0.1364
116950.00000 0.1277
117010.00000 0.1192
117070.00000 0.1117
117130.00000 0.1042
117180.00000 0.0968
117240.00000 0.0902
117300.00000 0.0839
117360.00000 0.0777
117420.00000 0.0718
117470.00000 0.0671
117530.00000 0.0624
117590.00000 0.0577
117650.00000 0.0539
117710.00000 0.0503
117760.00000 0.0466
117820.00000 0.0433
117880.00000 0.0404
117940.00000 0.0374
118000.00000 0.0345
118050.00000 0.0322
118110.00000 0.0299
118170.00000 0.0276
118230.00000 0.0256
118290.00000 0.024
118340.00000 0.0224
118400.00000 0.0208
118460.00000 0.0194
118520.00000 0.0181
118580.00000 0.0168
118630.00000 0.0156
118690.00000 0.0146
118750.00000 0.0135
118810.00000 0.0125
118870.00000 0.0117
118920.00000 0.0109
118980.00000 0.0101
119040.00000 0.0094
119100.00000 0.0088
119160.00000 0.0082
119210.00000 0.0076
119270.00000 0.0071
119330.00000 0.0066
119390.00000 0.0061
119450.00000 0.0057
119500.00000 0.0053
119560.00000 0.0049
119620.00000 0.0045
119680.00000 0.0042
119740.00000 0.004
119790.00000 0.0037
119850.00000 0.0034
119910.00000 0.0032
119970.00000 0.0029
120030.00000 0.0027
120080.00000 0.0025
120140.00000 0.0023
120200.00000 0.0021
120260.00000 0.002
120320.00000 0.0018
120370.00000 0.0017
120430.00000 0.0016
120490.00000 0.0015
120550.00000 0.0013
120610.00000 0.0012
120660.00000 0.0011
120720.00000 0.001
120780.00000 0.0009
120840.00000 0.0009
120900.00000 0.0008
120950.00000 0.0007
121010.00000 0.0006
121070.00000 0.0006
121130.00000 0.0005
121190.00000 0.0005
121240.00000 0.0004
121300.00000 0.0004
121360.00000 0.0003
121420.00000 0.0003
121480.00000 0.0003
121530.00000 0.0002
121590.00000 0.0002
121650.00000 0.0002
121710.00000 0.0002
121770.00000 0.0001
121820.00000 0.0001
121880.00000 0.0001
121940.00000 0.0001
122000.00000 0.0001
122060.00000 0.0001
122110.00000 0.0001
122170.00000 0.0001
122230.00000 0.0001
122290.00000 0.0001
134519.00000 0.0
