threeML/data/optical_filters/JWST/MIRI-F2550W.ecsv
# %ECSV 0.9
# ---
# datatype:
# - {name: wavelength, unit: Angstrom, datatype: float32}
# - {name: response, datatype: float32}
# meta: !!omap
# - {band_name: F2550W}
# - {group_name: MIRI}
wavelength response
192636.00000 0.0
214040.00000 0.0001
214100.00000 0.0001
214160.00000 0.0001
214220.00000 0.0001
214280.00000 0.0001
214330.00000 0.0001
214390.00000 0.0002
214450.00000 0.0002
214510.00000 0.0002
214570.00000 0.0002
214620.00000 0.0002
214680.00000 0.0003
214740.00000 0.0003
214800.00000 0.0003
214860.00000 0.0003
214910.00000 0.0003
214970.00000 0.0003
215030.00000 0.0004
215090.00000 0.0004
215150.00000 0.0004
215200.00000 0.0004
215260.00000 0.0004
215320.00000 0.0004
215380.00000 0.0004
215440.00000 0.0004
215490.00000 0.0004
215550.00000 0.0004
215610.00000 0.0004
215670.00000 0.0004
215730.00000 0.0004
215780.00000 0.0004
215840.00000 0.0004
215900.00000 0.0004
215960.00000 0.0004
216020.00000 0.0004
216070.00000 0.0004
216130.00000 0.0004
216190.00000 0.0004
216250.00000 0.0004
216310.00000 0.0004
216360.00000 0.0003
216420.00000 0.0003
216480.00000 0.0003
216540.00000 0.0003
216600.00000 0.0003
216650.00000 0.0003
216710.00000 0.0003
216770.00000 0.0003
216830.00000 0.0003
216890.00000 0.0003
216940.00000 0.0003
217000.00000 0.0003
217060.00000 0.0003
217120.00000 0.0003
217180.00000 0.0003
217230.00000 0.0003
217290.00000 0.0003
217350.00000 0.0003
217410.00000 0.0003
217470.00000 0.0003
217520.00000 0.0003
217580.00000 0.0003
217640.00000 0.0003
217700.00000 0.0003
217760.00000 0.0003
217810.00000 0.0003
217870.00000 0.0003
217930.00000 0.0003
217990.00000 0.0004
218050.00000 0.0004
218100.00000 0.0004
218160.00000 0.0004
218220.00000 0.0004
218280.00000 0.0004
218340.00000 0.0004
218390.00000 0.0005
218450.00000 0.0005
218510.00000 0.0005
218570.00000 0.0005
218630.00000 0.0005
218680.00000 0.0006
218740.00000 0.0006
218800.00000 0.0006
218860.00000 0.0006
218920.00000 0.0007
218970.00000 0.0007
219030.00000 0.0007
219090.00000 0.0007
219150.00000 0.0008
219210.00000 0.0008
219260.00000 0.0008
219320.00000 0.0008
219380.00000 0.0009
219440.00000 0.0009
219500.00000 0.0009
219550.00000 0.001
219610.00000 0.001
219670.00000 0.001
219730.00000 0.001
219790.00000 0.0011
219840.00000 0.0011
219900.00000 0.0011
219960.00000 0.0012
220020.00000 0.0012
220080.00000 0.0012
220130.00000 0.0012
220190.00000 0.0013
220250.00000 0.0013
220310.00000 0.0013
220370.00000 0.0013
220420.00000 0.0013
220480.00000 0.0014
220540.00000 0.0014
220600.00000 0.0014
220660.00000 0.0014
220710.00000 0.0014
220770.00000 0.0014
220830.00000 0.0015
220890.00000 0.0015
220950.00000 0.0015
221000.00000 0.0015
221060.00000 0.0015
221120.00000 0.0015
221180.00000 0.0015
221240.00000 0.0015
221290.00000 0.0015
221350.00000 0.0015
221410.00000 0.0015
221470.00000 0.0015
221530.00000 0.0015
221580.00000 0.0015
221640.00000 0.0015
221700.00000 0.0015
221760.00000 0.0015
221820.00000 0.0016
221870.00000 0.0016
221930.00000 0.0016
221990.00000 0.0016
222050.00000 0.0016
222110.00000 0.0016
222160.00000 0.0016
222220.00000 0.0016
222280.00000 0.0016
222340.00000 0.0016
222400.00000 0.0017
222450.00000 0.0017
222510.00000 0.0017
222570.00000 0.0017
222630.00000 0.0017
222690.00000 0.0018
222740.00000 0.0018
222800.00000 0.0018
222860.00000 0.0019
222920.00000 0.0019
222980.00000 0.0019
223030.00000 0.002
223090.00000 0.002
223150.00000 0.0021
223210.00000 0.0021
223270.00000 0.0022
223320.00000 0.0023
223380.00000 0.0023
223440.00000 0.0024
223500.00000 0.0025
223560.00000 0.0025
223610.00000 0.0026
223670.00000 0.0027
223730.00000 0.0028
223790.00000 0.0029
223850.00000 0.0029
223900.00000 0.003
223960.00000 0.0031
224020.00000 0.0032
224080.00000 0.0033
224140.00000 0.0034
224190.00000 0.0036
224250.00000 0.0037
224310.00000 0.0038
224370.00000 0.0039
224430.00000 0.004
224480.00000 0.0041
224540.00000 0.0042
224600.00000 0.0044
224660.00000 0.0045
224720.00000 0.0046
224770.00000 0.0047
224830.00000 0.0048
224890.00000 0.005
224950.00000 0.0051
225010.00000 0.0052
225060.00000 0.0053
225120.00000 0.0055
225180.00000 0.0056
225240.00000 0.0057
225300.00000 0.0058
225350.00000 0.006
225410.00000 0.0061
225470.00000 0.0062
225530.00000 0.0063
225590.00000 0.0065
225640.00000 0.0066
225700.00000 0.0067
225760.00000 0.0069
225820.00000 0.007
225880.00000 0.0071
225930.00000 0.0073
225990.00000 0.0074
226050.00000 0.0075
226110.00000 0.0077
226170.00000 0.0078
226220.00000 0.008
226280.00000 0.0081
226340.00000 0.0083
226400.00000 0.0085
226460.00000 0.0087
226510.00000 0.0088
226570.00000 0.009
226630.00000 0.0092
226690.00000 0.0094
226750.00000 0.0096
226800.00000 0.0098
226860.00000 0.0101
226920.00000 0.0103
226980.00000 0.0105
227040.00000 0.0108
227090.00000 0.0111
227150.00000 0.0113
227210.00000 0.0116
227270.00000 0.0119
227330.00000 0.0122
227380.00000 0.0125
227440.00000 0.0129
227500.00000 0.0132
227560.00000 0.0135
227620.00000 0.0139
227670.00000 0.0143
227730.00000 0.0147
227790.00000 0.015
227850.00000 0.0155
227910.00000 0.0159
227960.00000 0.0163
228020.00000 0.0167
228080.00000 0.0172
228140.00000 0.0176
228200.00000 0.0181
228250.00000 0.0186
228310.00000 0.0191
228370.00000 0.0196
228430.00000 0.0201
228490.00000 0.0206
228540.00000 0.0212
228600.00000 0.0217
228660.00000 0.0223
228720.00000 0.0228
228780.00000 0.0234
228830.00000 0.024
228890.00000 0.0246
228950.00000 0.0252
229010.00000 0.0258
229070.00000 0.0265
229120.00000 0.0272
229180.00000 0.0278
229240.00000 0.0285
229300.00000 0.0292
229360.00000 0.0299
229410.00000 0.0306
229470.00000 0.0314
229530.00000 0.0321
229590.00000 0.0329
229650.00000 0.0337
229700.00000 0.0345
229760.00000 0.0353
229820.00000 0.0361
229880.00000 0.037
229940.00000 0.0378
229990.00000 0.0387
230050.00000 0.0396
230110.00000 0.0405
230170.00000 0.0414
230230.00000 0.0424
230280.00000 0.0434
230340.00000 0.0444
230400.00000 0.0454
230460.00000 0.0465
230520.00000 0.0476
230570.00000 0.0486
230630.00000 0.0498
230690.00000 0.0509
230750.00000 0.0521
230810.00000 0.0533
230860.00000 0.0545
230920.00000 0.0558
230980.00000 0.057
231040.00000 0.0584
231100.00000 0.0597
231150.00000 0.0611
231210.00000 0.0624
231270.00000 0.0639
231330.00000 0.0653
231390.00000 0.0668
231440.00000 0.0683
231500.00000 0.0698
231560.00000 0.0713
231620.00000 0.0729
231680.00000 0.0745
231730.00000 0.0761
231790.00000 0.0777
231850.00000 0.0794
231910.00000 0.081
231970.00000 0.0827
232020.00000 0.0844
232080.00000 0.0861
232140.00000 0.0879
232200.00000 0.0896
232260.00000 0.0914
232310.00000 0.0932
232370.00000 0.0949
232430.00000 0.0967
232490.00000 0.0985
232550.00000 0.1003
232600.00000 0.1022
232660.00000 0.104
232720.00000 0.1058
232780.00000 0.1077
232840.00000 0.1095
232890.00000 0.1114
232950.00000 0.1132
233010.00000 0.1151
233070.00000 0.1169
233130.00000 0.1188
233180.00000 0.1207
233240.00000 0.1225
233300.00000 0.1244
233360.00000 0.1263
233420.00000 0.1281
233470.00000 0.13
233530.00000 0.1319
233590.00000 0.1337
233650.00000 0.1356
233710.00000 0.1374
233760.00000 0.1393
233820.00000 0.1411
233880.00000 0.1429
233940.00000 0.1448
234000.00000 0.1466
234050.00000 0.1484
234110.00000 0.1502
234170.00000 0.152
234230.00000 0.1537
234290.00000 0.1555
234340.00000 0.1573
234400.00000 0.159
234460.00000 0.1607
234520.00000 0.1624
234580.00000 0.1641
234630.00000 0.1658
234690.00000 0.1674
234750.00000 0.169
234810.00000 0.1707
234870.00000 0.1722
234920.00000 0.1738
234980.00000 0.1754
235040.00000 0.1769
235100.00000 0.1785
235160.00000 0.1801
235210.00000 0.1816
235270.00000 0.1831
235330.00000 0.1846
235390.00000 0.1861
235450.00000 0.1875
235500.00000 0.1889
235560.00000 0.1903
235620.00000 0.1916
235680.00000 0.1929
235740.00000 0.1942
235790.00000 0.1955
235850.00000 0.1967
235910.00000 0.1978
235970.00000 0.199
236030.00000 0.2002
236080.00000 0.2012
236140.00000 0.2023
236200.00000 0.2034
236260.00000 0.2044
236320.00000 0.2053
236370.00000 0.2063
236430.00000 0.2072
236490.00000 0.2081
236550.00000 0.209
236610.00000 0.2099
236660.00000 0.2107
236720.00000 0.2115
236780.00000 0.2123
236840.00000 0.213
236900.00000 0.2137
236950.00000 0.2144
237010.00000 0.2151
237070.00000 0.2158
237130.00000 0.2164
237190.00000 0.217
237240.00000 0.2176
237300.00000 0.2182
237360.00000 0.2188
237420.00000 0.2194
237480.00000 0.2199
237530.00000 0.2204
237590.00000 0.2209
237650.00000 0.2214
237710.00000 0.2218
237770.00000 0.2223
237820.00000 0.2227
237880.00000 0.2232
237940.00000 0.2236
238000.00000 0.224
238060.00000 0.2244
238110.00000 0.2247
238170.00000 0.2251
238230.00000 0.2254
238290.00000 0.2258
238350.00000 0.2261
238400.00000 0.2264
238460.00000 0.2267
238520.00000 0.227
238580.00000 0.2273
238640.00000 0.2276
238690.00000 0.2279
238750.00000 0.2281
238810.00000 0.2284
238870.00000 0.2286
238930.00000 0.2288
238980.00000 0.2291
239040.00000 0.2293
239100.00000 0.2295
239160.00000 0.2297
239220.00000 0.2299
239270.00000 0.2301
239330.00000 0.2302
239390.00000 0.2304
239450.00000 0.2306
239510.00000 0.2307
239560.00000 0.2309
239620.00000 0.2311
239680.00000 0.2312
239740.00000 0.2313
239800.00000 0.2315
239850.00000 0.2316
239910.00000 0.2317
239970.00000 0.2319
240030.00000 0.2319
240090.00000 0.2318
240140.00000 0.2317
240200.00000 0.2317
240260.00000 0.2316
240320.00000 0.2315
240380.00000 0.2314
240430.00000 0.2313
240490.00000 0.2312
240550.00000 0.2311
240610.00000 0.231
240670.00000 0.2309
240720.00000 0.2308
240780.00000 0.2307
240840.00000 0.2306
240900.00000 0.2305
240960.00000 0.2304
241010.00000 0.2303
241070.00000 0.2302
241130.00000 0.2301
241190.00000 0.23
241250.00000 0.2299
241300.00000 0.2298
241360.00000 0.2297
241420.00000 0.2296
241480.00000 0.2295
241540.00000 0.2293
241590.00000 0.2292
241650.00000 0.2291
241710.00000 0.229
241770.00000 0.2289
241830.00000 0.2287
241880.00000 0.2286
241940.00000 0.2285
242000.00000 0.2284
242060.00000 0.2282
242120.00000 0.2281
242170.00000 0.2279
242230.00000 0.2278
242290.00000 0.2277
242350.00000 0.2275
242410.00000 0.2274
242460.00000 0.2273
242520.00000 0.2271
242580.00000 0.227
242640.00000 0.2268
242700.00000 0.2267
242750.00000 0.2265
242810.00000 0.2264
242870.00000 0.2263
242930.00000 0.2261
242990.00000 0.226
243040.00000 0.2258
243100.00000 0.2257
243160.00000 0.2255
243220.00000 0.2254
243280.00000 0.2252
243330.00000 0.2251
243390.00000 0.225
243450.00000 0.2248
243510.00000 0.2247
243570.00000 0.2245
243620.00000 0.2244
243680.00000 0.2242
243740.00000 0.2241
243800.00000 0.224
243860.00000 0.2238
243910.00000 0.2237
243970.00000 0.2236
244030.00000 0.2234
244090.00000 0.2233
244150.00000 0.2232
244200.00000 0.223
244260.00000 0.2229
244320.00000 0.2228
244380.00000 0.2226
244440.00000 0.2225
244490.00000 0.2224
244550.00000 0.2222
244610.00000 0.2221
244670.00000 0.222
244730.00000 0.2219
244780.00000 0.2217
244840.00000 0.2216
244900.00000 0.2215
244960.00000 0.2214
245020.00000 0.2212
245070.00000 0.2211
245130.00000 0.221
245190.00000 0.2209
245250.00000 0.2207
245310.00000 0.2206
245360.00000 0.2205
245420.00000 0.2204
245480.00000 0.2203
245540.00000 0.2201
245600.00000 0.22
245650.00000 0.2199
245710.00000 0.2198
245770.00000 0.2196
245830.00000 0.2195
245890.00000 0.2194
245940.00000 0.2193
246000.00000 0.2191
246060.00000 0.219
246120.00000 0.2189
246180.00000 0.2187
246230.00000 0.2186
246290.00000 0.2185
246350.00000 0.2183
246410.00000 0.2182
246470.00000 0.218
246520.00000 0.2179
246580.00000 0.2178
246640.00000 0.2176
246700.00000 0.2175
246760.00000 0.2173
246810.00000 0.2172
246870.00000 0.217
246930.00000 0.2169
246990.00000 0.2167
247050.00000 0.2165
247100.00000 0.2164
247160.00000 0.2162
247220.00000 0.2161
247280.00000 0.2159
247340.00000 0.2157
247390.00000 0.2156
247450.00000 0.2154
247510.00000 0.2152
247570.00000 0.2151
247630.00000 0.2149
247680.00000 0.2147
247740.00000 0.2145
247800.00000 0.2144
247860.00000 0.2142
247920.00000 0.214
247970.00000 0.2138
248030.00000 0.2136
248090.00000 0.2135
248150.00000 0.2133
248210.00000 0.2131
248260.00000 0.2129
248320.00000 0.2127
248380.00000 0.2125
248440.00000 0.2123
248500.00000 0.2122
248550.00000 0.212
248610.00000 0.2118
248670.00000 0.2116
248730.00000 0.2114
248790.00000 0.2112
248840.00000 0.211
248900.00000 0.2108
248960.00000 0.2106
249020.00000 0.2104
249080.00000 0.2102
249130.00000 0.21
249190.00000 0.2098
249250.00000 0.2096
249310.00000 0.2094
249370.00000 0.2092
249420.00000 0.209
249480.00000 0.2088
249540.00000 0.2085
249600.00000 0.2083
249660.00000 0.2081
249710.00000 0.2079
249770.00000 0.2077
249830.00000 0.2075
249890.00000 0.2073
249950.00000 0.2071
250000.00000 0.2068
250060.00000 0.2067
250120.00000 0.2065
250180.00000 0.2063
250240.00000 0.2061
250290.00000 0.2059
250350.00000 0.2057
250410.00000 0.2056
250470.00000 0.2054
250530.00000 0.2052
250580.00000 0.205
250640.00000 0.2048
250700.00000 0.2047
250760.00000 0.2045
250820.00000 0.2043
250870.00000 0.2041
250930.00000 0.2039
250990.00000 0.2037
251050.00000 0.2036
251110.00000 0.2034
251160.00000 0.2032
251220.00000 0.203
251280.00000 0.2029
251340.00000 0.2027
251400.00000 0.2025
251450.00000 0.2023
251510.00000 0.2022
251570.00000 0.202
251630.00000 0.2018
251690.00000 0.2016
251740.00000 0.2015
251800.00000 0.2013
251860.00000 0.2011
251920.00000 0.201
251980.00000 0.2008
252030.00000 0.2006
252090.00000 0.2005
252150.00000 0.2003
252210.00000 0.2001
252270.00000 0.2
252320.00000 0.1998
252380.00000 0.1996
252440.00000 0.1995
252500.00000 0.1993
252560.00000 0.1991
252610.00000 0.199
252670.00000 0.1988
252730.00000 0.1986
252790.00000 0.1985
252850.00000 0.1983
252900.00000 0.1981
252960.00000 0.1979
253020.00000 0.1978
253080.00000 0.1976
253140.00000 0.1974
253190.00000 0.1973
253250.00000 0.1971
253310.00000 0.1969
253370.00000 0.1967
253430.00000 0.1965
253480.00000 0.1964
253540.00000 0.1962
253600.00000 0.196
253660.00000 0.1958
253720.00000 0.1957
253770.00000 0.1955
253830.00000 0.1953
253890.00000 0.1951
253950.00000 0.195
254010.00000 0.1948
254060.00000 0.1946
254120.00000 0.1944
254180.00000 0.1942
254240.00000 0.1941
254300.00000 0.1939
254350.00000 0.1937
254410.00000 0.1935
254470.00000 0.1934
254530.00000 0.1932
254590.00000 0.193
254640.00000 0.1928
254700.00000 0.1927
254760.00000 0.1925
254820.00000 0.1923
254880.00000 0.1922
254930.00000 0.192
254990.00000 0.1918
255050.00000 0.1916
255110.00000 0.1913
255170.00000 0.191
255220.00000 0.1908
255280.00000 0.1905
255340.00000 0.1902
255400.00000 0.19
255460.00000 0.1897
255510.00000 0.1894
255570.00000 0.1892
255630.00000 0.1889
255690.00000 0.1886
255750.00000 0.1884
255800.00000 0.1881
255860.00000 0.1878
255920.00000 0.1876
255980.00000 0.1873
256040.00000 0.187
256090.00000 0.1868
256150.00000 0.1865
256210.00000 0.1862
256270.00000 0.186
256330.00000 0.1857
256380.00000 0.1854
256440.00000 0.1852
256500.00000 0.1849
256560.00000 0.1846
256620.00000 0.1844
256670.00000 0.1841
256730.00000 0.1838
256790.00000 0.1836
256850.00000 0.1833
256910.00000 0.183
256960.00000 0.1828
257020.00000 0.1825
257080.00000 0.1822
257140.00000 0.1819
257200.00000 0.1817
257250.00000 0.1814
257310.00000 0.1811
257370.00000 0.1809
257430.00000 0.1806
257490.00000 0.1803
257540.00000 0.18
257600.00000 0.1798
257660.00000 0.1795
257720.00000 0.1792
257780.00000 0.1789
257830.00000 0.1786
257890.00000 0.1784
257950.00000 0.1781
258010.00000 0.1778
258070.00000 0.1775
258120.00000 0.1772
258180.00000 0.1769
258240.00000 0.1767
258300.00000 0.1764
258360.00000 0.1761
258410.00000 0.1758
258470.00000 0.1755
258530.00000 0.1752
258590.00000 0.1749
258650.00000 0.1746
258700.00000 0.1743
258760.00000 0.174
258820.00000 0.1737
258880.00000 0.1734
258940.00000 0.1731
258990.00000 0.1728
259050.00000 0.1725
259110.00000 0.1722
259170.00000 0.1719
259230.00000 0.1716
259280.00000 0.1713
259340.00000 0.1709
259400.00000 0.1706
259460.00000 0.1703
259520.00000 0.17
259570.00000 0.1696
259630.00000 0.1693
259690.00000 0.169
259750.00000 0.1686
259810.00000 0.1683
259860.00000 0.168
259920.00000 0.1676
259980.00000 0.1673
260040.00000 0.1668
260100.00000 0.1664
260150.00000 0.1659
260210.00000 0.1655
260270.00000 0.165
260330.00000 0.1645
260390.00000 0.1641
260440.00000 0.1636
260500.00000 0.1631
260560.00000 0.1627
