threeML/data/optical_filters/JWST/MIRI-F2100W.ecsv
# %ECSV 0.9
# ---
# datatype:
# - {name: wavelength, unit: Angstrom, datatype: float32}
# - {name: response, datatype: float32}
# meta: !!omap
# - {band_name: F2100W}
# - {group_name: MIRI}
wavelength response
154269.00000 0.0
171410.00000 0.0001
171470.00000 0.0001
171530.00000 0.0001
171590.00000 0.0001
171650.00000 0.0001
171700.00000 0.0001
171760.00000 0.0001
171820.00000 0.0001
171880.00000 0.0001
171940.00000 0.0002
171990.00000 0.0002
172050.00000 0.0002
172110.00000 0.0002
172170.00000 0.0002
172230.00000 0.0002
172280.00000 0.0002
172340.00000 0.0003
172400.00000 0.0003
172460.00000 0.0003
172520.00000 0.0003
172570.00000 0.0003
172630.00000 0.0003
172690.00000 0.0003
172750.00000 0.0003
172810.00000 0.0004
172860.00000 0.0004
172920.00000 0.0004
172980.00000 0.0004
173040.00000 0.0004
173100.00000 0.0003
173150.00000 0.0003
173210.00000 0.0003
173270.00000 0.0003
173330.00000 0.0003
173390.00000 0.0003
173440.00000 0.0003
173500.00000 0.0003
173560.00000 0.0003
173620.00000 0.0003
173680.00000 0.0003
173730.00000 0.0003
173790.00000 0.0003
173850.00000 0.0003
173910.00000 0.0003
173970.00000 0.0002
174020.00000 0.0002
174080.00000 0.0002
174140.00000 0.0002
174200.00000 0.0002
174260.00000 0.0002
174310.00000 0.0002
174370.00000 0.0002
174430.00000 0.0002
174490.00000 0.0002
174550.00000 0.0002
174600.00000 0.0002
174660.00000 0.0003
174720.00000 0.0003
174780.00000 0.0003
174840.00000 0.0003
174890.00000 0.0003
174950.00000 0.0003
175010.00000 0.0003
175070.00000 0.0003
175130.00000 0.0003
175180.00000 0.0004
175240.00000 0.0004
175300.00000 0.0004
175360.00000 0.0004
175420.00000 0.0005
175470.00000 0.0005
175530.00000 0.0005
175590.00000 0.0006
175650.00000 0.0006
175710.00000 0.0007
175760.00000 0.0007
175820.00000 0.0008
175880.00000 0.0008
175940.00000 0.0008
176000.00000 0.0009
176050.00000 0.0009
176110.00000 0.001
176170.00000 0.001
176230.00000 0.0011
176290.00000 0.0011
176340.00000 0.0012
176400.00000 0.0012
176460.00000 0.0012
176520.00000 0.0013
176580.00000 0.0013
176630.00000 0.0013
176690.00000 0.0014
176750.00000 0.0014
176810.00000 0.0014
176870.00000 0.0014
176920.00000 0.0014
176980.00000 0.0015
177040.00000 0.0015
177100.00000 0.0015
177160.00000 0.0015
177210.00000 0.0015
177270.00000 0.0016
177330.00000 0.0016
177390.00000 0.0016
177450.00000 0.0016
177500.00000 0.0017
177560.00000 0.0017
177620.00000 0.0017
177680.00000 0.0017
177740.00000 0.0018
177790.00000 0.0018
177850.00000 0.0019
177910.00000 0.0019
177970.00000 0.002
178030.00000 0.002
178080.00000 0.0021
178140.00000 0.0022
178200.00000 0.0022
178260.00000 0.0023
178320.00000 0.0024
178370.00000 0.0025
178430.00000 0.0025
178490.00000 0.0026
178550.00000 0.0027
178610.00000 0.0028
178660.00000 0.003
178720.00000 0.0031
178780.00000 0.0032
178840.00000 0.0033
178900.00000 0.0034
178950.00000 0.0036
179010.00000 0.0037
179070.00000 0.0038
179130.00000 0.004
179190.00000 0.0041
179240.00000 0.0043
179300.00000 0.0044
179360.00000 0.0046
179420.00000 0.0047
179480.00000 0.0049
179530.00000 0.0051
179590.00000 0.0052
179650.00000 0.0054
179710.00000 0.0056
179770.00000 0.0058
179820.00000 0.006
179880.00000 0.0062
179940.00000 0.0064
180000.00000 0.0067
180060.00000 0.0069
180110.00000 0.0072
180170.00000 0.0074
180230.00000 0.0077
180290.00000 0.008
180350.00000 0.0083
180400.00000 0.0086
180460.00000 0.0089
180520.00000 0.0092
180580.00000 0.0096
180640.00000 0.0099
180690.00000 0.0103
180750.00000 0.0107
180810.00000 0.0111
180870.00000 0.0116
180930.00000 0.0121
180980.00000 0.0126
181040.00000 0.0131
181100.00000 0.0136
181160.00000 0.0142
181220.00000 0.0148
181270.00000 0.0154
181330.00000 0.0161
181390.00000 0.0167
181450.00000 0.0175
181510.00000 0.0182
181560.00000 0.019
181620.00000 0.0198
181680.00000 0.0207
181740.00000 0.0216
181800.00000 0.0224
181850.00000 0.0235
181910.00000 0.0245
181970.00000 0.0255
182030.00000 0.0266
182090.00000 0.0278
182140.00000 0.029
182200.00000 0.0302
182260.00000 0.0316
182320.00000 0.0329
182380.00000 0.0343
182430.00000 0.0358
182490.00000 0.0373
182550.00000 0.0389
182610.00000 0.0405
182670.00000 0.0423
182720.00000 0.044
182780.00000 0.0458
182840.00000 0.0478
182900.00000 0.0498
182960.00000 0.0518
183010.00000 0.0539
183070.00000 0.0561
183130.00000 0.0584
183190.00000 0.0607
183250.00000 0.0632
183300.00000 0.0658
183360.00000 0.0684
183420.00000 0.071
183480.00000 0.0739
183540.00000 0.0768
183590.00000 0.0797
183650.00000 0.0828
183710.00000 0.086
183770.00000 0.0893
183830.00000 0.0926
183880.00000 0.0961
183940.00000 0.0996
184000.00000 0.1031
184060.00000 0.107
184120.00000 0.1108
184170.00000 0.1146
184230.00000 0.1186
184290.00000 0.1226
184350.00000 0.1267
184410.00000 0.1308
184460.00000 0.1351
184520.00000 0.1394
184580.00000 0.1437
184640.00000 0.1481
184700.00000 0.1525
184750.00000 0.157
184810.00000 0.1614
184870.00000 0.166
184930.00000 0.1705
184990.00000 0.175
185040.00000 0.1795
185100.00000 0.184
185160.00000 0.1884
185220.00000 0.1928
185280.00000 0.1972
185330.00000 0.2015
185390.00000 0.2058
185450.00000 0.2101
185510.00000 0.2143
185570.00000 0.2185
185620.00000 0.2227
185680.00000 0.2267
185740.00000 0.2306
185800.00000 0.2346
185860.00000 0.2383
185910.00000 0.242
185970.00000 0.2458
186030.00000 0.2493
186090.00000 0.2526
186150.00000 0.256
186200.00000 0.2593
186260.00000 0.2623
186320.00000 0.2653
186380.00000 0.2683
186440.00000 0.2711
186490.00000 0.2737
186550.00000 0.2763
186610.00000 0.2789
186670.00000 0.2811
186730.00000 0.2833
186780.00000 0.2856
186840.00000 0.2876
186900.00000 0.2894
186960.00000 0.2913
187020.00000 0.2931
187070.00000 0.2946
187130.00000 0.2961
187190.00000 0.2977
187250.00000 0.299
187310.00000 0.3002
187360.00000 0.3014
187420.00000 0.3025
187480.00000 0.3034
187540.00000 0.3043
187600.00000 0.3053
187650.00000 0.3059
187710.00000 0.3066
187770.00000 0.3073
187830.00000 0.3078
187890.00000 0.3082
187940.00000 0.3086
188000.00000 0.309
188060.00000 0.3093
188120.00000 0.3095
188180.00000 0.3097
188230.00000 0.3098
188290.00000 0.3099
188350.00000 0.3099
188410.00000 0.3099
188470.00000 0.3099
188520.00000 0.3098
188580.00000 0.3098
188640.00000 0.3096
188700.00000 0.3095
188760.00000 0.3093
188810.00000 0.3092
188870.00000 0.309
188930.00000 0.3089
188990.00000 0.3087
189050.00000 0.3086
189100.00000 0.3084
189160.00000 0.3082
189220.00000 0.3081
189280.00000 0.3079
189340.00000 0.3078
189390.00000 0.3076
189450.00000 0.3075
189510.00000 0.3074
189570.00000 0.3073
189630.00000 0.3072
189680.00000 0.3071
189740.00000 0.307
189800.00000 0.3068
189860.00000 0.3067
189920.00000 0.3066
189970.00000 0.3065
190030.00000 0.3065
190090.00000 0.3065
190150.00000 0.3065
190210.00000 0.3065
190260.00000 0.3065
190320.00000 0.3065
190380.00000 0.3065
190440.00000 0.3064
190500.00000 0.3063
190550.00000 0.3063
190610.00000 0.3062
190670.00000 0.306
190730.00000 0.3059
190790.00000 0.3058
190840.00000 0.3056
190900.00000 0.3054
190960.00000 0.3052
191020.00000 0.305
191080.00000 0.3047
191130.00000 0.3045
191190.00000 0.3043
191250.00000 0.304
191310.00000 0.3037
191370.00000 0.3035
191420.00000 0.3032
191480.00000 0.3029
191540.00000 0.3027
191600.00000 0.3024
191660.00000 0.3021
191710.00000 0.3018
191770.00000 0.3016
191830.00000 0.3013
191890.00000 0.3011
191950.00000 0.3008
192000.00000 0.3006
192060.00000 0.3004
192120.00000 0.3002
192180.00000 0.3
192240.00000 0.2998
192290.00000 0.2996
192350.00000 0.2995
192410.00000 0.2993
192470.00000 0.2992
192530.00000 0.299
192580.00000 0.2989
192640.00000 0.2988
192700.00000 0.2987
192760.00000 0.2986
192820.00000 0.2985
192870.00000 0.2984
192930.00000 0.2983
192990.00000 0.2983
193050.00000 0.2982
193110.00000 0.2981
193160.00000 0.298
193220.00000 0.2979
193280.00000 0.2978
193340.00000 0.2978
193400.00000 0.2977
193450.00000 0.2975
193510.00000 0.2974
193570.00000 0.2973
193630.00000 0.2972
193690.00000 0.2971
193740.00000 0.2969
193800.00000 0.2968
193860.00000 0.2966
193920.00000 0.2964
193980.00000 0.2962
194030.00000 0.296
194090.00000 0.2958
194150.00000 0.2956
194210.00000 0.2954
194270.00000 0.2952
194320.00000 0.2949
194380.00000 0.2947
194440.00000 0.2945
194500.00000 0.2942
194560.00000 0.294
194610.00000 0.2937
194670.00000 0.2934
194730.00000 0.2932
194790.00000 0.2929
194850.00000 0.2927
194900.00000 0.2924
194960.00000 0.2922
195020.00000 0.292
195080.00000 0.2919
195140.00000 0.2918
195190.00000 0.2917
195250.00000 0.2916
195310.00000 0.2915
195370.00000 0.2914
195430.00000 0.2913
195480.00000 0.2913
195540.00000 0.2912
195600.00000 0.2911
195660.00000 0.2911
195720.00000 0.291
195770.00000 0.291
195830.00000 0.2909
195890.00000 0.2909
195950.00000 0.2908
196010.00000 0.2908
196060.00000 0.2908
196120.00000 0.2908
196180.00000 0.2908
196240.00000 0.2908
196300.00000 0.2908
196350.00000 0.2908
196410.00000 0.2908
196470.00000 0.2908
196530.00000 0.2909
196590.00000 0.2909
196640.00000 0.2909
196700.00000 0.291
196760.00000 0.291
196820.00000 0.291
196880.00000 0.2911
196930.00000 0.2911
196990.00000 0.2912
197050.00000 0.2912
197110.00000 0.2913
197170.00000 0.2913
197220.00000 0.2914
197280.00000 0.2915
197340.00000 0.2915
197400.00000 0.2916
197460.00000 0.2917
197510.00000 0.2917
197570.00000 0.2918
197630.00000 0.2919
197690.00000 0.292
197750.00000 0.2921
197800.00000 0.2923
197860.00000 0.2924
197920.00000 0.2926
197980.00000 0.2927
198040.00000 0.2929
198090.00000 0.2931
198150.00000 0.2933
198210.00000 0.2936
198270.00000 0.2938
198330.00000 0.2941
198380.00000 0.2943
198440.00000 0.2946
198500.00000 0.2949
198560.00000 0.2952
198620.00000 0.2955
198670.00000 0.2959
198730.00000 0.2962
198790.00000 0.2965
198850.00000 0.2969
198910.00000 0.2973
198960.00000 0.2976
199020.00000 0.298
199080.00000 0.2983
199140.00000 0.2987
199200.00000 0.299
199250.00000 0.2994
199310.00000 0.2997
199370.00000 0.3
199430.00000 0.3004
199490.00000 0.3007
199540.00000 0.301
199600.00000 0.3013
199660.00000 0.3016
199720.00000 0.3019
199780.00000 0.3022
199830.00000 0.3024
199890.00000 0.3027
199950.00000 0.303
200010.00000 0.3032
200070.00000 0.3035
200120.00000 0.3037
200180.00000 0.304
200240.00000 0.3042
200300.00000 0.3044
200360.00000 0.3046
200410.00000 0.3049
200470.00000 0.3051
200530.00000 0.3053
200590.00000 0.3055
200650.00000 0.3057
200700.00000 0.3059
200760.00000 0.3061
200820.00000 0.3063
200880.00000 0.3065
200940.00000 0.3067
200990.00000 0.3069
201050.00000 0.3071
201110.00000 0.3073
201170.00000 0.3075
201230.00000 0.3076
201280.00000 0.3078
201340.00000 0.308
201400.00000 0.3081
201460.00000 0.3083
201520.00000 0.3085
201570.00000 0.3086
201630.00000 0.3088
201690.00000 0.3089
201750.00000 0.3091
201810.00000 0.3092
201860.00000 0.3094
201920.00000 0.3095
201980.00000 0.3097
202040.00000 0.3099
202100.00000 0.31
202150.00000 0.3102
202210.00000 0.3104
202270.00000 0.3105
202330.00000 0.3107
202390.00000 0.3109
202440.00000 0.3111
202500.00000 0.3113
202560.00000 0.3115
202620.00000 0.3117
202680.00000 0.3119
202730.00000 0.3121
202790.00000 0.3123
202850.00000 0.3125
202910.00000 0.3127
202970.00000 0.3129
203020.00000 0.3131
203080.00000 0.3133
203140.00000 0.3135
203200.00000 0.3137
203260.00000 0.3139
203310.00000 0.3141
203370.00000 0.3142
203430.00000 0.3144
203490.00000 0.3146
203550.00000 0.3148
203600.00000 0.3149
203660.00000 0.3151
203720.00000 0.3152
203780.00000 0.3153
203840.00000 0.3155
203890.00000 0.3156
203950.00000 0.3157
204010.00000 0.3158
204070.00000 0.3159
204130.00000 0.3159
204180.00000 0.316
204240.00000 0.3161
204300.00000 0.3161
204360.00000 0.3162
204420.00000 0.3162
204470.00000 0.3163
204530.00000 0.3163
204590.00000 0.3164
204650.00000 0.3164
204710.00000 0.3164
204760.00000 0.3164
204820.00000 0.3164
204880.00000 0.3165
204940.00000 0.3165
205000.00000 0.3165
205050.00000 0.3162
205110.00000 0.3159
205170.00000 0.3157
205230.00000 0.3154
205290.00000 0.3151
205340.00000 0.3149
205400.00000 0.3146
205460.00000 0.3143
205520.00000 0.3141
205580.00000 0.3138
205630.00000 0.3135
205690.00000 0.3133
205750.00000 0.313
205810.00000 0.3128
205870.00000 0.3125
205920.00000 0.3123
205980.00000 0.3121
206040.00000 0.3118
206100.00000 0.3116
206160.00000 0.3114
206210.00000 0.3111
206270.00000 0.3109
206330.00000 0.3107
206390.00000 0.3105
206450.00000 0.3103
206500.00000 0.31
206560.00000 0.3098
206620.00000 0.3096
206680.00000 0.3094
206740.00000 0.3092
206790.00000 0.3089
206850.00000 0.3087
206910.00000 0.3085
206970.00000 0.3082
207030.00000 0.308
207080.00000 0.3078
207140.00000 0.3075
207200.00000 0.3073
207260.00000 0.307
207320.00000 0.3067
207370.00000 0.3065
207430.00000 0.3062
207490.00000 0.3059
207550.00000 0.3057
207610.00000 0.3054
207660.00000 0.3051
207720.00000 0.3048
207780.00000 0.3045
207840.00000 0.3042
207900.00000 0.3038
207950.00000 0.3035
208010.00000 0.3032
208070.00000 0.3029
208130.00000 0.3025
208190.00000 0.3022
208240.00000 0.3018
208300.00000 0.3015
208360.00000 0.3011
208420.00000 0.3008
208480.00000 0.3004
208530.00000 0.3
208590.00000 0.2997
208650.00000 0.2993
208710.00000 0.2989
208770.00000 0.2985
208820.00000 0.2982
208880.00000 0.2978
208940.00000 0.2974
209000.00000 0.297
209060.00000 0.2966
209110.00000 0.2962
209170.00000 0.2958
209230.00000 0.2953
209290.00000 0.2949
209350.00000 0.2945
209400.00000 0.2941
209460.00000 0.2936
209520.00000 0.2932
209580.00000 0.2928
209640.00000 0.2924
209690.00000 0.2919
209750.00000 0.2915
209810.00000 0.291
209870.00000 0.2906
209930.00000 0.2902
209980.00000 0.2897
210040.00000 0.2896
210100.00000 0.2896
210160.00000 0.2896
210220.00000 0.2896
210270.00000 0.2896
210330.00000 0.2897
210390.00000 0.2897
210450.00000 0.2897
210510.00000 0.2898
210560.00000 0.2899
210620.00000 0.29
210680.00000 0.2901
210740.00000 0.2902
210800.00000 0.2904
210850.00000 0.2905
210910.00000 0.2907
210970.00000 0.2909
211030.00000 0.2911
211090.00000 0.2913
211140.00000 0.2916
211200.00000 0.2918
211260.00000 0.2921
211320.00000 0.2923
211380.00000 0.2926
211430.00000 0.2929
211490.00000 0.2932
211550.00000 0.2935
211610.00000 0.2937
211670.00000 0.294
211720.00000 0.2943
211780.00000 0.2946
211840.00000 0.2949
211900.00000 0.2952
211960.00000 0.2955
212010.00000 0.2958
212070.00000 0.2961
212130.00000 0.2964
212190.00000 0.2967
212250.00000 0.2969
212300.00000 0.2972
212360.00000 0.2975
212420.00000 0.2978
212480.00000 0.2981
212540.00000 0.2983
212590.00000 0.2986
212650.00000 0.2989
212710.00000 0.2992
212770.00000 0.2994
212830.00000 0.2997
212880.00000 0.3
212940.00000 0.3003
213000.00000 0.3006
213060.00000 0.3009
213120.00000 0.3012
213170.00000 0.3015
213230.00000 0.3018
213290.00000 0.3022
213350.00000 0.3025
213410.00000 0.3028
213460.00000 0.3031
213520.00000 0.3035
213580.00000 0.3038
213640.00000 0.3041
213700.00000 0.3044
213750.00000 0.3048
213810.00000 0.3051
213870.00000 0.3054
213930.00000 0.3058
213990.00000 0.3061
214040.00000 0.3064
214100.00000 0.3067
214160.00000 0.307
214220.00000 0.3074
214280.00000 0.3077
214330.00000 0.308
214390.00000 0.3083
214450.00000 0.3086
214510.00000 0.3088
214570.00000 0.3091
214620.00000 0.3094
214680.00000 0.3097
214740.00000 0.31
214800.00000 0.3102
214860.00000 0.3105
214910.00000 0.3107
214970.00000 0.311
215030.00000 0.3111
215090.00000 0.3112
215150.00000 0.3112
215200.00000 0.3112
215260.00000 0.3112
215320.00000 0.3112
215380.00000 0.3113
215440.00000 0.3113
215490.00000 0.3113
215550.00000 0.3112
215610.00000 0.3112
215670.00000 0.3112
215730.00000 0.3112
215780.00000 0.3112
215840.00000 0.3111
215900.00000 0.3111
215960.00000 0.311
216020.00000 0.3109
216070.00000 0.3109
216130.00000 0.3108
216190.00000 0.3107
216250.00000 0.3106
216310.00000 0.3105
216360.00000 0.3104
216420.00000 0.3103
216480.00000 0.3102
216540.00000 0.3101
216600.00000 0.3101
216650.00000 0.3099
216710.00000 0.3098
216770.00000 0.3097
216830.00000 0.3096
216890.00000 0.3095
216940.00000 0.3095
217000.00000 0.3094
217060.00000 0.3093
217120.00000 0.3092
217180.00000 0.3092
217230.00000 0.3091
217290.00000 0.3091
217350.00000 0.3091
217410.00000 0.3091
217470.00000 0.3091
217520.00000 0.3091
217580.00000 0.3091
217640.00000 0.3092
217700.00000 0.3092
217760.00000 0.3093
217810.00000 0.3094
217870.00000 0.3095
