threeML/data/optical_filters/JWST/MIRI-F1500W.ecsv
# %ECSV 0.9
# ---
# datatype:
# - {name: wavelength, unit: Angstrom, datatype: float32}
# - {name: response, datatype: float32}
# meta: !!omap
# - {band_name: F1500W}
# - {group_name: MIRI}
wavelength response
114966.00000 0.0
127740.00000 0.0001
127800.00000 0.0001
127860.00000 0.0001
127910.00000 0.0001
127970.00000 0.0001
128030.00000 0.0002
128090.00000 0.0002
128150.00000 0.0002
128200.00000 0.0002
128260.00000 0.0002
128320.00000 0.0002
128380.00000 0.0003
128440.00000 0.0003
128490.00000 0.0003
128550.00000 0.0003
128610.00000 0.0003
128670.00000 0.0003
128730.00000 0.0003
128780.00000 0.0004
128840.00000 0.0004
128900.00000 0.0004
128960.00000 0.0004
129020.00000 0.0005
129070.00000 0.0005
129130.00000 0.0005
129190.00000 0.0006
129250.00000 0.0006
129310.00000 0.0007
129360.00000 0.0007
129420.00000 0.0007
129480.00000 0.0008
129540.00000 0.0008
129600.00000 0.0009
129650.00000 0.0009
129710.00000 0.001
129770.00000 0.001
129830.00000 0.0011
129890.00000 0.0011
129940.00000 0.0012
130000.00000 0.0012
130060.00000 0.0013
130120.00000 0.0014
130180.00000 0.0015
130230.00000 0.0015
130290.00000 0.0016
130350.00000 0.0017
130410.00000 0.0018
130470.00000 0.0019
130520.00000 0.002
130580.00000 0.0021
130640.00000 0.0023
130700.00000 0.0024
130760.00000 0.0025
130810.00000 0.0026
130870.00000 0.0028
130930.00000 0.0029
130990.00000 0.0031
131050.00000 0.0032
131100.00000 0.0034
131160.00000 0.0036
131220.00000 0.0038
131280.00000 0.004
131340.00000 0.0042
131390.00000 0.0044
131450.00000 0.0047
131510.00000 0.005
131570.00000 0.0053
131630.00000 0.0056
131680.00000 0.0059
131740.00000 0.0062
131800.00000 0.0066
131860.00000 0.007
131920.00000 0.0074
131970.00000 0.0078
132030.00000 0.0083
132090.00000 0.0088
132150.00000 0.0093
132210.00000 0.0099
132260.00000 0.0105
132320.00000 0.0112
132380.00000 0.0118
132440.00000 0.0126
132500.00000 0.0134
132550.00000 0.0142
132610.00000 0.0151
132670.00000 0.0162
132730.00000 0.0172
132790.00000 0.0183
132840.00000 0.0195
132900.00000 0.0208
132960.00000 0.0221
133020.00000 0.0235
133080.00000 0.0251
133130.00000 0.0268
133190.00000 0.0284
133250.00000 0.0303
133310.00000 0.0323
133370.00000 0.0343
133420.00000 0.0365
133480.00000 0.039
133540.00000 0.0414
133600.00000 0.0439
133660.00000 0.0468
133710.00000 0.0498
133770.00000 0.0528
133830.00000 0.0561
133890.00000 0.0596
133950.00000 0.0632
134000.00000 0.0668
134060.00000 0.071
134120.00000 0.0752
134180.00000 0.0794
134240.00000 0.0839
134290.00000 0.0888
134350.00000 0.0936
134410.00000 0.0985
134470.00000 0.1039
134530.00000 0.1092
134580.00000 0.1146
134640.00000 0.1203
134700.00000 0.1261
134760.00000 0.1319
134820.00000 0.1377
134870.00000 0.1438
134930.00000 0.1498
134990.00000 0.1559
135050.00000 0.1621
135110.00000 0.1684
135160.00000 0.1748
135220.00000 0.181
135280.00000 0.1872
135340.00000 0.1934
135400.00000 0.1996
135450.00000 0.2054
135510.00000 0.2111
135570.00000 0.2169
135630.00000 0.2224
135690.00000 0.2276
135740.00000 0.2329
135800.00000 0.2381
135860.00000 0.2426
135920.00000 0.2471
135980.00000 0.2516
136030.00000 0.2557
136090.00000 0.2595
136150.00000 0.2633
136210.00000 0.2671
136270.00000 0.2701
136320.00000 0.2732
136380.00000 0.2764
136440.00000 0.279
136500.00000 0.2815
136560.00000 0.2839
136610.00000 0.2863
136670.00000 0.2882
136730.00000 0.2901
136790.00000 0.292
136850.00000 0.2936
136900.00000 0.2951
136960.00000 0.2966
137020.00000 0.2979
137080.00000 0.299
137140.00000 0.3001
137190.00000 0.3013
137250.00000 0.3021
137310.00000 0.303
137370.00000 0.3038
137430.00000 0.3046
137480.00000 0.3053
137540.00000 0.3059
137600.00000 0.3066
137660.00000 0.3071
137720.00000 0.3076
137770.00000 0.3082
137830.00000 0.3087
137890.00000 0.3091
137950.00000 0.3095
138010.00000 0.31
138060.00000 0.3104
138120.00000 0.3108
138180.00000 0.3111
138240.00000 0.3115
138300.00000 0.3118
138350.00000 0.3122
138410.00000 0.3125
138470.00000 0.3128
138530.00000 0.3131
138590.00000 0.3134
138640.00000 0.3137
138700.00000 0.3139
138760.00000 0.3142
138820.00000 0.3145
138880.00000 0.3148
138930.00000 0.3151
138990.00000 0.3154
139050.00000 0.3158
139110.00000 0.3161
139170.00000 0.3164
139220.00000 0.3168
139280.00000 0.3172
139340.00000 0.3175
139400.00000 0.3179
139460.00000 0.3183
139510.00000 0.3187
139570.00000 0.319
139630.00000 0.3194
139690.00000 0.3198
139750.00000 0.3202
139800.00000 0.3205
139860.00000 0.3209
139920.00000 0.3213
139980.00000 0.3216
140040.00000 0.3221
140090.00000 0.3226
140150.00000 0.3231
140210.00000 0.3236
140270.00000 0.3241
140330.00000 0.3246
140380.00000 0.3251
140440.00000 0.3256
140500.00000 0.3261
140560.00000 0.3267
140620.00000 0.3272
140670.00000 0.3277
140730.00000 0.3282
140790.00000 0.3288
140850.00000 0.3293
140910.00000 0.3298
140960.00000 0.3303
141020.00000 0.3308
141080.00000 0.3313
141140.00000 0.3319
141200.00000 0.3324
141250.00000 0.3329
141310.00000 0.3334
141370.00000 0.3339
141430.00000 0.3344
141490.00000 0.3349
141540.00000 0.3354
141600.00000 0.3359
141660.00000 0.3364
141720.00000 0.3369
141780.00000 0.3375
141830.00000 0.338
141890.00000 0.3386
141950.00000 0.3392
142010.00000 0.3397
142070.00000 0.3403
142120.00000 0.3409
142180.00000 0.3415
142240.00000 0.3421
142300.00000 0.3427
142360.00000 0.3433
142410.00000 0.3438
142470.00000 0.3443
142530.00000 0.3448
142590.00000 0.3454
142650.00000 0.3458
142700.00000 0.3462
142760.00000 0.3466
142820.00000 0.3469
142880.00000 0.3472
142940.00000 0.3475
142990.00000 0.3477
143050.00000 0.3479
143110.00000 0.3481
143170.00000 0.3482
143230.00000 0.3484
143280.00000 0.3485
143340.00000 0.3486
143400.00000 0.3487
143460.00000 0.3488
143520.00000 0.349
143570.00000 0.3491
143630.00000 0.3493
143690.00000 0.3495
143750.00000 0.3498
143810.00000 0.35
143860.00000 0.3503
143920.00000 0.3507
143980.00000 0.351
144040.00000 0.3514
144100.00000 0.3517
144150.00000 0.3521
144210.00000 0.3525
144270.00000 0.3528
144330.00000 0.3532
144390.00000 0.3535
144440.00000 0.3538
144500.00000 0.3541
144560.00000 0.3544
144620.00000 0.3546
144680.00000 0.3548
144730.00000 0.355
144790.00000 0.3552
144850.00000 0.3553
144910.00000 0.3555
144970.00000 0.3557
145020.00000 0.3558
145080.00000 0.3557
145140.00000 0.3557
145200.00000 0.3556
145260.00000 0.3557
145310.00000 0.3559
145370.00000 0.356
145430.00000 0.3562
145490.00000 0.3565
145550.00000 0.3568
145600.00000 0.3572
145660.00000 0.3576
145720.00000 0.358
145780.00000 0.3584
145840.00000 0.3589
145890.00000 0.3593
145950.00000 0.3598
146010.00000 0.3602
146070.00000 0.3606
146130.00000 0.361
146180.00000 0.3613
146240.00000 0.3617
146300.00000 0.362
146360.00000 0.3623
146420.00000 0.3625
146470.00000 0.3628
146530.00000 0.363
146590.00000 0.3632
146650.00000 0.3634
146710.00000 0.3636
146760.00000 0.3638
146820.00000 0.364
146880.00000 0.3642
146940.00000 0.3644
147000.00000 0.3646
147050.00000 0.3648
147110.00000 0.3649
147170.00000 0.3651
147230.00000 0.3653
147290.00000 0.3655
147340.00000 0.3657
147400.00000 0.3659
147460.00000 0.366
147520.00000 0.3662
147580.00000 0.3664
147630.00000 0.3666
147690.00000 0.3668
147750.00000 0.367
147810.00000 0.3672
147870.00000 0.3674
147920.00000 0.3676
147980.00000 0.3678
148040.00000 0.368
148100.00000 0.3682
148160.00000 0.3684
148210.00000 0.3686
148270.00000 0.3688
148330.00000 0.3689
148390.00000 0.3691
148450.00000 0.3692
148500.00000 0.3694
148560.00000 0.3695
148620.00000 0.3696
148680.00000 0.3696
148740.00000 0.3697
148790.00000 0.3697
148850.00000 0.3697
148910.00000 0.3696
148970.00000 0.3696
149030.00000 0.3695
149080.00000 0.3693
149140.00000 0.3691
149200.00000 0.369
149260.00000 0.3688
149320.00000 0.3686
149370.00000 0.3684
149430.00000 0.3682
149490.00000 0.3681
149550.00000 0.368
149610.00000 0.3679
149660.00000 0.368
149720.00000 0.368
149780.00000 0.3681
149840.00000 0.3682
149900.00000 0.3683
149950.00000 0.3685
150010.00000 0.3686
150070.00000 0.3686
150130.00000 0.3687
150190.00000 0.3687
150240.00000 0.3687
150300.00000 0.3686
150360.00000 0.3686
150420.00000 0.3685
150480.00000 0.3683
150530.00000 0.3681
150590.00000 0.368
150650.00000 0.3677
150710.00000 0.3674
150770.00000 0.3672
150820.00000 0.3669
150880.00000 0.3665
150940.00000 0.3662
151000.00000 0.3658
151060.00000 0.3654
151110.00000 0.365
151170.00000 0.3646
151230.00000 0.3642
151290.00000 0.3638
151350.00000 0.3634
151400.00000 0.3629
151460.00000 0.3625
151520.00000 0.362
151580.00000 0.3615
151640.00000 0.3611
151690.00000 0.3605
151750.00000 0.36
151810.00000 0.3595
151870.00000 0.359
151930.00000 0.3585
151980.00000 0.3579
152040.00000 0.3573
152100.00000 0.3568
152160.00000 0.3562
152220.00000 0.3556
152270.00000 0.355
152330.00000 0.3543
152390.00000 0.3537
152450.00000 0.353
152510.00000 0.3523
152560.00000 0.3517
152620.00000 0.351
152680.00000 0.3503
152740.00000 0.3496
152800.00000 0.3489
152850.00000 0.3482
152910.00000 0.3474
152970.00000 0.3467
153030.00000 0.346
153090.00000 0.3454
153140.00000 0.3447
153200.00000 0.344
153260.00000 0.3434
153320.00000 0.3427
153380.00000 0.3421
153430.00000 0.3415
153490.00000 0.341
153550.00000 0.3404
153610.00000 0.3399
153670.00000 0.3394
153720.00000 0.3389
153780.00000 0.3385
153840.00000 0.3381
153900.00000 0.3377
153960.00000 0.3373
154010.00000 0.337
154070.00000 0.3367
154130.00000 0.3364
154190.00000 0.3361
154250.00000 0.3359
154300.00000 0.3357
154360.00000 0.3354
154420.00000 0.3352
154480.00000 0.3351
154540.00000 0.3349
154590.00000 0.3347
154650.00000 0.3346
154710.00000 0.3345
154770.00000 0.3343
154830.00000 0.3342
154880.00000 0.3341
154940.00000 0.334
155000.00000 0.3339
155060.00000 0.3337
155120.00000 0.3335
155170.00000 0.3334
155230.00000 0.3332
155290.00000 0.333
155350.00000 0.3328
155410.00000 0.3327
155460.00000 0.3325
155520.00000 0.3323
155580.00000 0.3321
155640.00000 0.3319
155700.00000 0.3316
155750.00000 0.3314
155810.00000 0.3312
155870.00000 0.3309
155930.00000 0.3307
155990.00000 0.3304
156040.00000 0.3302
156100.00000 0.3299
156160.00000 0.3296
156220.00000 0.3294
156280.00000 0.3291
156330.00000 0.3288
156390.00000 0.3286
156450.00000 0.3283
156510.00000 0.328
156570.00000 0.3278
156620.00000 0.3275
156680.00000 0.3273
156740.00000 0.327
156800.00000 0.3268
156860.00000 0.3266
156910.00000 0.3264
156970.00000 0.3262
157030.00000 0.326
157090.00000 0.3258
157150.00000 0.3257
157200.00000 0.3255
157260.00000 0.3254
157320.00000 0.3253
157380.00000 0.3252
157440.00000 0.3251
157490.00000 0.3251
157550.00000 0.3251
157610.00000 0.3251
157670.00000 0.3252
157730.00000 0.3253
157780.00000 0.3253
157840.00000 0.3255
157900.00000 0.3257
157960.00000 0.3259
158020.00000 0.3261
158070.00000 0.3263
158130.00000 0.3266
158190.00000 0.3269
158250.00000 0.3272
158310.00000 0.3275
158360.00000 0.3279
158420.00000 0.3282
158480.00000 0.3286
158540.00000 0.329
158600.00000 0.3293
158650.00000 0.3297
158710.00000 0.3301
158770.00000 0.3304
158830.00000 0.3308
158890.00000 0.3311
158940.00000 0.3315
159000.00000 0.3318
159060.00000 0.3321
159120.00000 0.3324
159180.00000 0.3327
159230.00000 0.333
159290.00000 0.3332
159350.00000 0.3335
159410.00000 0.3337
159470.00000 0.3339
159520.00000 0.3341
159580.00000 0.3343
159640.00000 0.3345
159700.00000 0.3347
159760.00000 0.3348
159810.00000 0.335
159870.00000 0.3352
159930.00000 0.3353
159990.00000 0.3355
160050.00000 0.3357
160100.00000 0.3361
160160.00000 0.3364
160220.00000 0.3367
160280.00000 0.337
160340.00000 0.3373
160390.00000 0.3376
160450.00000 0.3378
160510.00000 0.3381
160570.00000 0.3383
160630.00000 0.3385
160680.00000 0.3386
160740.00000 0.3388
160800.00000 0.3389
160860.00000 0.339
160920.00000 0.3391
160970.00000 0.3391
161030.00000 0.3392
161090.00000 0.3392
161150.00000 0.3392
161210.00000 0.3392
161260.00000 0.3391
161320.00000 0.3391
161380.00000 0.339
161440.00000 0.3389
161500.00000 0.3388
161550.00000 0.3387
161610.00000 0.3386
161670.00000 0.3384
161730.00000 0.3383
161790.00000 0.3382
161840.00000 0.338
161900.00000 0.3379
161960.00000 0.3377
162020.00000 0.3376
162080.00000 0.3374
162130.00000 0.3373
162190.00000 0.3372
162250.00000 0.3371
162310.00000 0.337
162370.00000 0.337
162420.00000 0.3369
162480.00000 0.3369
162540.00000 0.3369
162600.00000 0.3369
162660.00000 0.3369
162710.00000 0.3369
162770.00000 0.337
162830.00000 0.337
162890.00000 0.3371
162950.00000 0.3372
163000.00000 0.3373
163060.00000 0.3373
163120.00000 0.3374
163180.00000 0.3374
163240.00000 0.3374
163290.00000 0.3374
163350.00000 0.3374
163410.00000 0.3374
163470.00000 0.3373
163530.00000 0.3372
163580.00000 0.337
163640.00000 0.3368
163700.00000 0.3365
163760.00000 0.3362
163820.00000 0.3359
163870.00000 0.3354
163930.00000 0.3349
163990.00000 0.3343
164050.00000 0.3336
164110.00000 0.3327
164160.00000 0.3319
164220.00000 0.3309
164280.00000 0.3297
164340.00000 0.3285
164400.00000 0.3272
164450.00000 0.3256
164510.00000 0.3239
164570.00000 0.3222
164630.00000 0.3202
164690.00000 0.3179
164740.00000 0.3156
164800.00000 0.3133
164860.00000 0.3104
164920.00000 0.3075
164980.00000 0.3046
165030.00000 0.3013
165090.00000 0.2978
165150.00000 0.2943
165210.00000 0.2907
165270.00000 0.2866
165320.00000 0.2824
165380.00000 0.2782
165440.00000 0.2737
165500.00000 0.2689
165560.00000 0.2642
165610.00000 0.2593
165670.00000 0.2541
165730.00000 0.2489
165790.00000 0.2437
165850.00000 0.2382
165900.00000 0.2326
165960.00000 0.2271
166020.00000 0.2214
166080.00000 0.2156
166140.00000 0.2098
166190.00000 0.2039
166250.00000 0.198
166310.00000 0.1921
166370.00000 0.1862
166430.00000 0.1803
166480.00000 0.1745
166540.00000 0.1686
166600.00000 0.1627
166660.00000 0.1571
166720.00000 0.1514
166770.00000 0.1457
166830.00000 0.1403
166890.00000 0.135
166950.00000 0.1297
167010.00000 0.1244
167060.00000 0.1196
167120.00000 0.1148
167180.00000 0.1099
167240.00000 0.1054
167300.00000 0.1011
167350.00000 0.0968
167410.00000 0.0925
167470.00000 0.0887
167530.00000 0.0849
167590.00000 0.0811
167640.00000 0.0777
167700.00000 0.0743
167760.00000 0.071
167820.00000 0.0678
167880.00000 0.0649
167930.00000 0.0619
167990.00000 0.059
168050.00000 0.0565
168110.00000 0.0539
168170.00000 0.0514
168220.00000 0.049
168280.00000 0.0469
168340.00000 0.0447
168400.00000 0.0425
168460.00000 0.0406
168510.00000 0.0387
168570.00000 0.0368
168630.00000 0.0351
168690.00000 0.0335
168750.00000 0.0318
168800.00000 0.0302
168860.00000 0.0289
168920.00000 0.0275
168980.00000 0.0261
169040.00000 0.0249
169090.00000 0.0237
169150.00000 0.0225
169210.00000 0.0214
169270.00000 0.0204
169330.00000 0.0194
169380.00000 0.0184
169440.00000 0.0176
169500.00000 0.0167
169560.00000 0.0159
169620.00000 0.0152
169670.00000 0.0145
169730.00000 0.0138
169790.00000 0.0132
169850.00000 0.0126
169910.00000 0.012
169960.00000 0.0115
170020.00000 0.011
170080.00000 0.0105
170140.00000 0.0101
170200.00000 0.0096
170250.00000 0.0092
170310.00000 0.0088
170370.00000 0.0084
170430.00000 0.0081
170490.00000 0.0077
170540.00000 0.0074
170600.00000 0.007
170660.00000 0.0068
170720.00000 0.0065
170780.00000 0.0062
170830.00000 0.0059
170890.00000 0.0056
170950.00000 0.0054
171010.00000 0.0051
171070.00000 0.0049
171120.00000 0.0047
171180.00000 0.0045
171240.00000 0.0043
171300.00000 0.0041
171360.00000 0.0039
171410.00000 0.0037
171470.00000 0.0035
171530.00000 0.0034
171590.00000 0.0032
171650.00000 0.0031
171700.00000 0.0029
171760.00000 0.0028
171820.00000 0.0026
171880.00000 0.0025
171940.00000 0.0024
171990.00000 0.0022
172050.00000 0.0021
172110.00000 0.002
172170.00000 0.0019
172230.00000 0.0018
172280.00000 0.0017
172340.00000 0.0016
172400.00000 0.0016
172460.00000 0.0015
172520.00000 0.0014
172570.00000 0.0014
172630.00000 0.0013
172690.00000 0.0012
172750.00000 0.0012
172810.00000 0.0011
172860.00000 0.0011
172920.00000 0.001
172980.00000 0.001
173040.00000 0.0009
173100.00000 0.0009
173150.00000 0.0009
173210.00000 0.0008
173270.00000 0.0008
173330.00000 0.0008
173390.00000 0.0007
173440.00000 0.0007
173500.00000 0.0006
173560.00000 0.0006
173620.00000 0.0006
173680.00000 0.0005
173730.00000 0.0005
173790.00000 0.0005
173850.00000 0.0005
173910.00000 0.0004
173970.00000 0.0004
174020.00000 0.0004
174080.00000 0.0003
174140.00000 0.0003
174200.00000 0.0003
174260.00000 0.0003
174310.00000 0.0002
174370.00000 0.0002
174430.00000 0.0002
174490.00000 0.0002
174550.00000 0.0002
174600.00000 0.0001
174660.00000 0.0001
174720.00000 0.0001
174780.00000 0.0001
174840.00000 0.0001
174890.00000 0.0001
174950.00000 0.0001
175010.00000 0.0001
175070.00000 0.0001
192577.00000 0.0
