threeML/data/optical_filters/JWST/MIRI-F560W.ecsv
# %ECSV 0.9
# ---
# datatype:
# - {name: wavelength, unit: Angstrom, datatype: float32}
# - {name: response, datatype: float32}
# meta: !!omap
# - {band_name: F560W}
# - {group_name: MIRI}
wavelength response
42777.00000 0.0
47530.00000 0.0001
47580.00000 0.0001
47640.00000 0.0001
47700.00000 0.0001
47760.00000 0.0001
47820.00000 0.0001
47870.00000 0.0001
47930.00000 0.0001
47990.00000 0.0001
48050.00000 0.0002
48110.00000 0.0002
48160.00000 0.0003
48220.00000 0.0003
48280.00000 0.0004
48340.00000 0.0005
48400.00000 0.0006
48450.00000 0.0009
48510.00000 0.0011
48570.00000 0.0014
48630.00000 0.0017
48690.00000 0.0022
48740.00000 0.0026
48800.00000 0.0031
48860.00000 0.0035
48920.00000 0.004
48980.00000 0.0044
49030.00000 0.0047
49090.00000 0.005
49150.00000 0.0053
49210.00000 0.0056
49270.00000 0.006
49320.00000 0.0064
49380.00000 0.0068
49440.00000 0.0075
49500.00000 0.0083
49560.00000 0.0092
49610.00000 0.0103
49670.00000 0.0121
49730.00000 0.0139
49790.00000 0.0158
49850.00000 0.0194
49900.00000 0.0234
49960.00000 0.0274
50020.00000 0.0332
50080.00000 0.0421
50140.00000 0.0511
50190.00000 0.0601
50250.00000 0.0764
50310.00000 0.0935
50370.00000 0.1107
50430.00000 0.1302
50480.00000 0.1525
50540.00000 0.1749
50600.00000 0.1974
50660.00000 0.2123
50720.00000 0.2273
50770.00000 0.2424
50830.00000 0.2507
50890.00000 0.2536
50950.00000 0.2565
51010.00000 0.2589
51060.00000 0.2568
51120.00000 0.2547
51180.00000 0.2525
51240.00000 0.2505
51300.00000 0.2486
51350.00000 0.2467
51410.00000 0.2452
51470.00000 0.2453
51530.00000 0.2454
51590.00000 0.2455
51640.00000 0.2476
51700.00000 0.2503
51760.00000 0.253
51820.00000 0.2562
51880.00000 0.2605
51930.00000 0.2648
51990.00000 0.2692
52050.00000 0.2726
52110.00000 0.276
52170.00000 0.2794
52220.00000 0.2815
52280.00000 0.2817
52340.00000 0.282
52400.00000 0.2823
52460.00000 0.2796
52510.00000 0.2767
52570.00000 0.2738
52630.00000 0.2704
52690.00000 0.2664
52750.00000 0.2625
52800.00000 0.2585
52860.00000 0.2551
52920.00000 0.2518
52980.00000 0.2484
53040.00000 0.2459
53090.00000 0.2439
53150.00000 0.242
53210.00000 0.2404
53270.00000 0.2407
53330.00000 0.241
53380.00000 0.2413
53440.00000 0.2431
53500.00000 0.2454
53560.00000 0.2478
53620.00000 0.2503
53670.00000 0.2534
53730.00000 0.2564
53790.00000 0.2595
53850.00000 0.2634
53910.00000 0.2674
53960.00000 0.2714
54020.00000 0.2756
54080.00000 0.28
54140.00000 0.2844
54200.00000 0.2889
54250.00000 0.2901
54310.00000 0.2911
54370.00000 0.292
54430.00000 0.2923
54490.00000 0.292
54540.00000 0.2916
54600.00000 0.2911
54660.00000 0.2886
54720.00000 0.286
54780.00000 0.2834
54830.00000 0.2803
54890.00000 0.2768
54950.00000 0.2732
55010.00000 0.27
55070.00000 0.2683
55120.00000 0.2667
55180.00000 0.2651
55240.00000 0.2646
55300.00000 0.2646
55360.00000 0.2646
55410.00000 0.2653
55470.00000 0.2682
55530.00000 0.2711
55590.00000 0.274
55650.00000 0.2787
55700.00000 0.2838
55760.00000 0.2889
55820.00000 0.2936
55880.00000 0.2976
55940.00000 0.3016
55990.00000 0.3056
56050.00000 0.3096
56110.00000 0.3135
56170.00000 0.3175
56230.00000 0.3207
56280.00000 0.323
56340.00000 0.3254
56400.00000 0.3277
56460.00000 0.3258
56520.00000 0.324
56570.00000 0.3221
56630.00000 0.3203
56690.00000 0.3185
56750.00000 0.3167
56810.00000 0.315
56860.00000 0.3133
56920.00000 0.3117
56980.00000 0.3101
57040.00000 0.3101
57100.00000 0.311
57150.00000 0.3118
57210.00000 0.3127
57270.00000 0.3133
57330.00000 0.314
57390.00000 0.3147
57440.00000 0.3166
57500.00000 0.3189
57560.00000 0.3212
57620.00000 0.3233
57680.00000 0.325
57730.00000 0.3267
57790.00000 0.3283
57850.00000 0.3291
57910.00000 0.3298
57970.00000 0.3305
58020.00000 0.3321
58080.00000 0.335
58140.00000 0.3378
58200.00000 0.3407
58260.00000 0.3399
58310.00000 0.3389
58370.00000 0.3379
58430.00000 0.3375
58490.00000 0.3378
58550.00000 0.3381
58600.00000 0.3385
58660.00000 0.3395
58720.00000 0.3405
58780.00000 0.3416
58840.00000 0.3401
58890.00000 0.3372
58950.00000 0.3343
59010.00000 0.3314
59070.00000 0.3285
59130.00000 0.3255
59180.00000 0.3225
59240.00000 0.3218
59300.00000 0.3218
59360.00000 0.3219
59420.00000 0.3211
59470.00000 0.3181
59530.00000 0.315
59590.00000 0.3119
59650.00000 0.3121
59710.00000 0.3131
59760.00000 0.314
59820.00000 0.315
59880.00000 0.3161
59940.00000 0.3171
60000.00000 0.3182
60050.00000 0.3202
60110.00000 0.3222
60170.00000 0.3243
60230.00000 0.3266
60290.00000 0.3291
60340.00000 0.3317
60400.00000 0.3341
60460.00000 0.3349
60520.00000 0.3356
60580.00000 0.3363
60630.00000 0.3355
60690.00000 0.3338
60750.00000 0.3321
60810.00000 0.33
60870.00000 0.3257
60920.00000 0.3215
60980.00000 0.3173
61040.00000 0.312
61100.00000 0.3062
61160.00000 0.3004
61210.00000 0.293
61270.00000 0.2806
61330.00000 0.2682
61390.00000 0.2558
61450.00000 0.241
61500.00000 0.2257
61560.00000 0.2103
61620.00000 0.1946
61680.00000 0.1784
61740.00000 0.1622
61790.00000 0.1459
61850.00000 0.1321
61910.00000 0.1186
61970.00000 0.105
62030.00000 0.0936
62080.00000 0.0848
62140.00000 0.0761
62200.00000 0.0673
62260.00000 0.0618
62320.00000 0.0563
62370.00000 0.0509
62430.00000 0.0466
62490.00000 0.0433
62550.00000 0.0401
62610.00000 0.0369
62660.00000 0.0349
62720.00000 0.0329
62780.00000 0.0309
62840.00000 0.0293
62900.00000 0.028
62950.00000 0.0266
63010.00000 0.0253
63070.00000 0.0242
63130.00000 0.023
63190.00000 0.0219
63240.00000 0.0207
63300.00000 0.0195
63360.00000 0.0183
63420.00000 0.017
63480.00000 0.0156
63530.00000 0.0142
63590.00000 0.0128
63650.00000 0.0115
63710.00000 0.0103
63770.00000 0.0091
63820.00000 0.0081
63880.00000 0.0072
63940.00000 0.0064
64000.00000 0.0055
64060.00000 0.005
64110.00000 0.0045
64170.00000 0.0039
64230.00000 0.0035
64290.00000 0.0031
64350.00000 0.0027
64400.00000 0.0024
64460.00000 0.0022
64520.00000 0.002
64580.00000 0.0018
64640.00000 0.0016
64690.00000 0.0015
64750.00000 0.0014
64810.00000 0.0013
64870.00000 0.0012
64930.00000 0.0012
64980.00000 0.0011
65040.00000 0.0011
65100.00000 0.001
65160.00000 0.001
65220.00000 0.0009
65270.00000 0.0009
65330.00000 0.0009
65390.00000 0.0008
65450.00000 0.0008
65510.00000 0.0008
65560.00000 0.0008
65620.00000 0.0008
65680.00000 0.0008
65740.00000 0.0007
65800.00000 0.0007
65850.00000 0.0007
65910.00000 0.0007
65970.00000 0.0007
66030.00000 0.0007
66090.00000 0.0006
66140.00000 0.0006
66200.00000 0.0005
66260.00000 0.0005
66320.00000 0.0005
66380.00000 0.0004
66430.00000 0.0004
66490.00000 0.0003
66550.00000 0.0003
66610.00000 0.0003
66670.00000 0.0002
66720.00000 0.0002
66780.00000 0.0001
66840.00000 0.0001
66900.00000 0.0001
66960.00000 0.0001
73656.00000 0.0
