threeML/data/optical_filters/JWST/NIRCam-F410M.ecsv
# %ECSV 0.9
# ---
# datatype:
# - {name: wavelength, unit: Angstrom, datatype: float32}
# - {name: response, datatype: float32}
# meta: !!omap
# - {band_name: F410M}
# - {group_name: NIRCam}
wavelength response
33066.00000 0.0
36740.00000 0.000102358
36753.50000 0.000109674
36767.00000 0.000113415
36780.50000 0.000116163
36794.00000 0.000122966
36807.50000 0.000127709
36821.10156 0.000133064
36834.60156 0.000137722
36848.10156 0.000139087
36861.60156 0.0001466
36875.10156 0.000153096
36888.60156 0.000157022
36902.10156 0.00016951
36915.60156 0.000181043
36929.19922 0.000187806
36942.69922 0.000196509
36956.19922 0.000201291
36969.69922 0.000207619
36983.19922 0.00022074
36996.69922 0.000231651
37010.19922 0.000243186
37023.69922 0.000257554
37037.30078 0.00026978
37050.80078 0.000284951
37064.30078 0.00030253
37077.80078 0.000318653
37091.30078 0.000336167
37104.80078 0.00035162
37118.30078 0.000367655
37131.80078 0.000389567
37145.39844 0.00040986
37158.89844 0.000429931
37172.39844 0.000453925
37185.89844 0.000475056
37199.39844 0.000497992
37212.89844 0.000527349
37226.39844 0.000557615
37239.89844 0.000590575
37253.50000 0.000624727
37267.00000 0.000659071
37280.50000 0.000701691
37294.00000 0.000745663
37307.50000 0.000785072
37321.00000 0.000829493
37334.50000 0.000876494
37348.00000 0.000925239
37361.50000 0.000983669
37375.10156 0.00104178
37388.60156 0.00110038
37402.10156 0.00116748
37415.60156 0.00123697
37429.10156 0.00130849
37442.60156 0.00138748
37456.10156 0.00146641
37469.60156 0.00154919
37483.19922 0.00164064
37496.69922 0.00173676
37510.19922 0.00184327
37523.69922 0.00195803
37537.19922 0.00207304
37550.69922 0.00219657
37564.19922 0.00232917
37577.69922 0.00246566
37591.30078 0.00261495
37604.80078 0.0027757
37618.30078 0.00294183
37631.80078 0.00312003
37645.30078 0.00330862
37658.80078 0.00350644
37672.30078 0.00372229
37685.80078 0.00395086
37699.39844 0.00418817
37712.89844 0.00444381
37726.39844 0.00471546
37739.89844 0.00500163
37753.39844 0.00531186
37766.89844 0.00564609
37780.39844 0.00599368
37793.89844 0.00636426
37807.50000 0.00675894
37821.00000 0.00717736
37834.50000 0.00762909
37848.00000 0.00811039
37861.50000 0.00862045
37875.00000 0.00916847
37888.50000 0.00974718
37902.00000 0.0103587
37915.60156 0.0110174
37929.10156 0.0117181
37942.60156 0.0124629
37956.10156 0.0132694
37969.60156 0.0141252
37983.10156 0.0150326
37996.60156 0.0160128
38010.10156 0.0170576
38023.69922 0.0181724
38037.19922 0.0193779
38050.69922 0.0206585
38064.19922 0.0220258
38077.69922 0.0234977
38091.19922 0.0250611
38104.69922 0.0267283
38118.19922 0.0285164
38131.80078 0.0304223
38145.30078 0.0324593
38158.80078 0.0346415
38172.30078 0.0369747
38185.80078 0.0394879
38199.30078 0.0421398
38212.80078 0.0449652
38226.30078 0.0479763
38239.80078 0.0511923
38253.39844 0.0546119
38266.89844 0.0582404
38280.39844 0.0620992
38293.89844 0.0661869
38307.39844 0.0705086
38320.89844 0.075091
38334.39844 0.0799265
38347.89844 0.0850147
38361.50000 0.0903833
38375.00000 0.0960091
38388.50000 0.101993
38402.00000 0.108194
38415.50000 0.114637
38429.00000 0.121334
38442.50000 0.128301
38456.00000 0.135512
38469.60156 0.142952
38483.10156 0.150625
38496.60156 0.158507
38510.10156 0.16657
38523.60156 0.174817
38537.10156 0.183228
38550.60156 0.191759
38564.10156 0.200408
38577.69922 0.209341
38591.19922 0.218201
38604.69922 0.227059
38618.19922 0.235949
38631.69922 0.244806
38645.19922 0.253662
38658.69922 0.262498
38672.19922 0.271266
38685.80078 0.279978
38699.30078 0.288625
38712.80078 0.297166
38726.30078 0.305614
38739.80078 0.313972
38753.30078 0.322207
38766.80078 0.330312
38780.30078 0.338307
38793.89844 0.346158
38807.39844 0.35385
38820.89844 0.36142
38834.39844 0.368784
38847.89844 0.375957
38861.39844 0.382966
38874.89844 0.389764
38888.39844 0.396342
38902.00000 0.402722
38915.50000 0.408883
38929.00000 0.414804
38942.50000 0.420493
38956.00000 0.425945
38969.50000 0.431126
38983.00000 0.436551
38996.50000 0.441228
39010.10156 0.445577
39023.60156 0.449643
39037.10156 0.453449
39050.60156 0.45697
39064.10156 0.460235
39077.60156 0.463262
39091.10156 0.46604
39104.60156 0.468582
39118.19922 0.470914
39131.69922 0.473024
39145.19922 0.47518
39158.69922 0.477134
39172.19922 0.478632
39185.69922 0.479932
39199.19922 0.481085
39212.69922 0.482092
39226.19922 0.482959
39239.80078 0.48372
39253.30078 0.484388
39266.80078 0.484959
39280.30078 0.485449
39293.80078 0.485876
39307.30078 0.486219
39320.80078 0.486488
39334.30078 0.486722
39347.89844 0.486901
39361.39844 0.487036
39374.89844 0.487426
39388.39844 0.487808
39401.89844 0.487897
39415.39844 0.488048
39428.89844 0.488203
39442.39844 0.488348
39456.00000 0.4885
39469.50000 0.488657
39483.00000 0.488799
39496.50000 0.488946
39510.00000 0.489038
39523.50000 0.489106
39537.00000 0.489178
39550.50000 0.489264
39564.10156 0.489359
39577.60156 0.48946
39591.10156 0.489589
39604.60156 0.489734
39618.10156 0.489881
39631.60156 0.490034
39645.10156 0.490185
39658.60156 0.490325
39672.19922 0.490462
39685.69922 0.490596
39699.19922 0.491216
39712.69922 0.491391
39726.19922 0.491539
39739.69922 0.491686
39753.19922 0.491836
39766.69922 0.491992
39780.30078 0.492708
39793.80078 0.492846
39807.30078 0.49297
39820.80078 0.493077
39834.30078 0.493156
39847.80078 0.493227
39861.30078 0.493291
39874.80078 0.493342
39888.39844 0.493389
39901.89844 0.493437
39915.39844 0.49348
39928.89844 0.493519
39942.39844 0.493566
39955.89844 0.493603
39969.39844 0.493621
39982.89844 0.49363
39996.50000 0.493627
40010.00000 0.493601
40023.50000 0.493564
40037.00000 0.493526
40050.50000 0.493483
40064.00000 0.493447
40077.50000 0.493423
40091.00000 0.493396
40104.50000 0.49339
40118.10156 0.493429
40131.60156 0.493466
40145.10156 0.493487
40158.60156 0.493499
40172.10156 0.493507
40185.60156 0.493826
40199.10156 0.494078
40212.60156 0.494577
40226.19922 0.494526
40239.69922 0.494479
40253.19922 0.494449
40266.69922 0.49443
40280.19922 0.494404
40293.69922 0.494377
40307.19922 0.494345
40320.69922 0.494306
40334.30078 0.494263
40347.80078 0.494219
40361.30078 0.494169
40374.80078 0.494122
40388.30078 0.494089
40401.80078 0.494074
40415.30078 0.494124
40428.80078 0.49418
40442.39844 0.494244
40455.89844 0.494306
40469.39844 0.494368
40482.89844 0.494427
40496.39844 0.494481
40509.89844 0.494485
40523.39844 0.494475
40536.89844 0.494464
40550.50000 0.49444
40564.00000 0.494429
40577.50000 0.494433
40591.00000 0.494447
40604.50000 0.494724
40618.00000 0.495064
40631.50000 0.49509
40645.00000 0.495104
40658.60156 0.49512
40672.10156 0.495133
40685.60156 0.49514
40699.10156 0.495145
40712.60156 0.495217
40726.10156 0.495626
40739.60156 0.495914
40753.10156 0.496
40766.69922 0.496092
40780.19922 0.496185
40793.69922 0.496279
40807.19922 0.49634
40820.69922 0.496353
40834.19922 0.496358
40847.69922 0.496357
40861.19922 0.496348
40874.80078 0.49633
40888.30078 0.496311
40901.80078 0.496295
40915.30078 0.496276
40928.80078 0.496264
40942.30078 0.496257
40955.80078 0.49625
40969.30078 0.496237
40982.80078 0.496225
40996.39844 0.496205
41009.89844 0.496124
41023.39844 0.496019
41036.89844 0.496302
41050.39844 0.496358
41063.89844 0.496226
41077.39844 0.496101
41090.89844 0.495981
41104.50000 0.495883
41118.00000 0.495831
41131.50000 0.495788
41145.00000 0.49574
41158.50000 0.495686
41172.00000 0.495629
41185.50000 0.495869
41199.00000 0.496044
41212.60156 0.495974
41226.10156 0.495904
41239.60156 0.495836
41253.10156 0.495778
41266.60156 0.495733
41280.10156 0.495698
41293.60156 0.49567
41307.10156 0.495621
41320.69922 0.495552
41334.19922 0.495489
41347.69922 0.495428
41361.19922 0.495369
41374.69922 0.49531
41388.19922 0.495252
41401.69922 0.495217
41415.19922 0.495301
41428.80078 0.495394
41442.30078 0.495505
41455.80078 0.495642
41469.30078 0.495795
41482.80078 0.496528
41496.30078 0.496703
41509.80078 0.496838
41523.30078 0.496959
41536.89844 0.497088
41550.39844 0.497224
41563.89844 0.497358
41577.39844 0.497491
41590.89844 0.497633
41604.39844 0.498033
41617.89844 0.498506
41631.39844 0.498678
41645.00000 0.498858
41658.50000 0.499047
41672.00000 0.499235
41685.50000 0.49942
41699.00000 0.499597
41712.50000 0.499764
41726.00000 0.499912
41739.50000 0.500048
41753.10156 0.500169
41766.60156 0.500276
41780.10156 0.500372
41793.60156 0.500463
41807.10156 0.500537
41820.60156 0.500599
41834.10156 0.500652
41847.60156 0.500694
41861.10156 0.500716
41874.69922 0.500711
41888.19922 0.500679
41901.69922 0.500617
41915.19922 0.50052
41928.69922 0.500401
41942.19922 0.500828
41955.69922 0.500661
41969.19922 0.500478
41982.80078 0.500284
41996.30078 0.500078
42009.80078 0.499846
42023.30078 0.499604
42036.80078 0.499724
42050.30078 0.499628
42063.80078 0.499336
42077.30078 0.499036
42090.89844 0.498715
42104.39844 0.49838
42117.89844 0.498039
42131.39844 0.497697
42144.89844 0.49735
42158.39844 0.497
42171.89844 0.496652
42185.39844 0.496311
42199.00000 0.495964
42212.50000 0.495606
42226.00000 0.495249
42239.50000 0.49489
42253.00000 0.494516
42266.50000 0.494126
42280.00000 0.493715
42293.50000 0.493279
42307.10156 0.492817
42320.60156 0.492345
42334.10156 0.491855
42347.60156 0.491329
42361.10156 0.490768
42374.60156 0.49018
42388.10156 0.48955
42401.60156 0.488866
42415.19922 0.488124
42428.69922 0.487809
42442.19922 0.486994
42455.69922 0.485973
42469.19922 0.484843
42482.69922 0.484127
42496.19922 0.482745
42509.69922 0.481157
42523.30078 0.479424
42536.80078 0.477526
42550.30078 0.47545
42563.80078 0.473143
42577.30078 0.470618
42590.80078 0.467875
42604.30078 0.46462
42617.80078 0.460524
42631.39844 0.456098
42644.89844 0.451405
42658.39844 0.446447
42671.89844 0.441231
42685.39844 0.435655
42698.89844 0.429772
42712.39844 0.423256
42725.89844 0.416468
42739.50000 0.409377
42753.00000 0.401962
42766.50000 0.394332
42780.00000 0.386498
42793.50000 0.378431
42807.00000 0.371508
42820.50000 0.365713
42834.00000 0.359658
42847.50000 0.353353
42861.10156 0.346634
42874.60156 0.339712
42888.10156 0.332607
42901.60156 0.325161
42915.10156 0.316209
42928.60156 0.307208
42942.10156 0.298603
42955.60156 0.28985
42969.19922 0.280773
42982.69922 0.271723
42996.19922 0.262746
43009.69922 0.253826
43023.19922 0.244951
43036.69922 0.236183
43050.19922 0.227566
43063.69922 0.219107
43077.30078 0.210792
43090.80078 0.202648
43104.30078 0.194701
43117.80078 0.186953
43131.30078 0.179395
43144.80078 0.17204
43158.30078 0.164896
43171.80078 0.157961
43185.39844 0.151229
43198.89844 0.144704
43212.39844 0.138393
43225.89844 0.132289
43239.39844 0.12639
43252.89844 0.120697
43266.39844 0.115205
43279.89844 0.109913
43293.50000 0.104818
43307.00000 0.0999149
43320.50000 0.0951953
43334.00000 0.0906586
43347.50000 0.0863041
43361.00000 0.0821246
43374.50000 0.0781099
43388.00000 0.0742579
43401.60156 0.0705694
43415.10156 0.0670344
43428.60156 0.063645
43442.10156 0.0603995
43455.60156 0.0573389
43469.10156 0.0544085
43482.60156 0.0515816
43496.10156 0.0488805
43509.69922 0.0463109
43523.19922 0.0439114
43536.69922 0.0415729
43550.19922 0.0393433
43563.69922 0.0372296
43577.19922 0.0352161
43590.69922 0.0332987
43604.19922 0.0314732
43617.80078 0.0297518
43631.30078 0.0281152
43644.80078 0.0265596
43658.30078 0.0250803
43671.80078 0.0236903
43685.30078 0.022371
43698.80078 0.0211184
43712.30078 0.0199292
43725.80078 0.0188138
43739.39844 0.0177566
43752.89844 0.0167531
43766.39844 0.0158067
43779.89844 0.0149224
43793.39844 0.0140848
43806.89844 0.0132854
43820.39844 0.0125294
43833.89844 0.0118229
43847.50000 0.0111571
43861.00000 0.0105218
43874.50000 0.00992634
43888.00000 0.00936927
43901.50000 0.00884596
43915.00000 0.00834469
43928.50000 0.00787809
43942.00000 0.0074412
43955.60156 0.00703107
43969.10156 0.00663373
43982.60156 0.0062656
43996.10156 0.00592265
44009.60156 0.00560161
44023.10156 0.00529132
44036.60156 0.00500304
44050.10156 0.00473623
44063.69922 0.00448797
44077.19922 0.00424129
44090.69922 0.00400995
44104.19922 0.00379947
44117.69922 0.00360211
44131.19922 0.00341325
44144.69922 0.00323707
44158.19922 0.00307544
44171.80078 0.00291856
44185.30078 0.00276733
44198.80078 0.00262171
44212.30078 0.00249476
44225.80078 0.00237117
44239.30078 0.00225126
44252.80078 0.00213531
44266.30078 0.00203242
44279.89844 0.00193398
44293.39844 0.00183716
44306.89844 0.00174622
44320.39844 0.00166437
44333.89844 0.00158797
44347.39844 0.0015099
44360.89844 0.00143821
44374.39844 0.00137265
44388.00000 0.00131324
44401.50000 0.00124913
44415.00000 0.00119093
44428.50000 0.00113779
44442.00000 0.00108862
44455.50000 0.0010347
44469.00000 0.000984373
44482.50000 0.000941739
44496.10156 0.000905824
44509.60156 0.000868231
44523.10156 0.00082988
44536.60156 0.000797406
44550.10156 0.000764748
44563.60156 0.000731132
44577.10156 0.000694761
44590.60156 0.000665992
44604.10156 0.000638205
44617.69922 0.000610196
44631.19922 0.000581704
44644.69922 0.000560477
44658.19922 0.000542951
44671.69922 0.000521816
44685.19922 0.000497743
44698.69922 0.000475362
44712.19922 0.000457283
44725.80078 0.000435072
44739.30078 0.000415084
44752.80078 0.000398087
44766.30078 0.000391022
44779.80078 0.000379019
44793.30078 0.000363999
44806.80078 0.000348793
44820.30078 0.000337978
44833.89844 0.000326314
44847.39844 0.00031045
44860.89844 0.000297556
44874.39844 0.000287368
44887.89844 0.00027979
44901.39844 0.00026451
44914.89844 0.000251652
44928.39844 0.000240931
44942.00000 0.000233301
44955.50000 0.000223271
44969.00000 0.000214261
44982.50000 0.000210298
44996.00000 0.000205624
45009.50000 0.000198742
45023.00000 0.000188638
45036.50000 0.000185206
45050.10156 0.000181109
45063.60156 0.000175454
45077.10156 0.000163951
45090.60156 0.000157011
45104.10156 0.000152828
45117.60156 0.000146685
45131.10156 0.000139358
45144.60156 0.000133321
45158.19922 0.000131704
45171.69922 0.000123822
45185.19922 0.000112788
45198.69922 0.000104625
45212.19922 0.000103602
45225.69922 0.000102259
49748.26953 0.0
