threeML/data/optical_filters/JWST/NIRCam-F277W.ecsv
# %ECSV 0.9
# ---
# datatype:
# - {name: wavelength, unit: Angstrom, datatype: float32}
# - {name: response, datatype: float32}
# meta: !!omap
# - {band_name: F277W}
# - {group_name: NIRCam}
wavelength response
21033.72070 0.0
23370.80078 0.000102131
23382.80078 0.000116982
23394.80078 0.000133638
23406.80078 0.000152799
23418.80078 0.000174244
23430.80078 0.000198711
23442.90039 0.000226746
23454.90039 0.000259659
23466.90039 0.000298134
23478.90039 0.000342796
23490.90039 0.00039695
23502.90039 0.000462159
23514.90039 0.000541808
23526.90039 0.000638213
23538.90039 0.000756321
23550.90039 0.000900023
23563.00000 0.00107562
23575.00000 0.00128856
23587.00000 0.00154269
23599.00000 0.00184674
23611.00000 0.0022055
23623.00000 0.00261881
23635.00000 0.00309215
23647.00000 0.00362388
23659.00000 0.00420953
23671.00000 0.00484633
23683.00000 0.00552886
23695.09961 0.00625344
23707.09961 0.00700609
23719.09961 0.00778862
23731.09961 0.00859829
23743.09961 0.00942745
23755.09961 0.0102371
23767.09961 0.0111128
23779.09961 0.0120649
23791.09961 0.0131103
23803.09961 0.0142788
23815.19922 0.015599
23827.19922 0.0170858
23839.19922 0.018787
23851.19922 0.0207372
23863.19922 0.0229977
23875.19922 0.025646
23887.19922 0.0287399
23899.19922 0.0323427
23911.19922 0.036561
23923.19922 0.0414858
23935.30078 0.0472094
23947.30078 0.05386
23959.30078 0.0614364
23971.30078 0.0699682
23983.30078 0.079442
23995.30078 0.0897562
24007.30078 0.10073
24019.30078 0.112122
24031.30078 0.123644
24043.30078 0.13498
24055.30078 0.145823
24067.40039 0.155911
24079.40039 0.16506
24091.40039 0.173184
24103.40039 0.180302
24115.40039 0.186531
24127.40039 0.192053
24139.40039 0.197113
24151.40039 0.201976
24163.40039 0.206902
24175.40039 0.212113
24187.50000 0.217772
24199.50000 0.223967
24211.50000 0.23077
24223.50000 0.238236
24235.50000 0.245783
24247.50000 0.25343
24259.50000 0.260944
24271.50000 0.268097
24283.50000 0.274694
24295.50000 0.2806
24307.59961 0.285771
24319.59961 0.290207
24331.59961 0.29397
24343.59961 0.297182
24355.59961 0.299997
24367.59961 0.302568
24379.59961 0.305044
24391.59961 0.307552
24403.59961 0.310195
24415.59961 0.313052
24427.59961 0.316172
24439.69922 0.319591
24451.69922 0.323322
24463.69922 0.32736
24475.69922 0.331466
24487.69922 0.335864
24499.69922 0.340422
24511.69922 0.34506
24523.69922 0.349765
24535.69922 0.354463
24547.69922 0.359077
24559.80078 0.363535
24571.80078 0.367779
24583.80078 0.37175
24595.80078 0.375408
24607.80078 0.378683
24619.80078 0.38158
24631.80078 0.38412
24643.80078 0.386318
24655.80078 0.388195
24667.80078 0.389777
24679.80078 0.391099
24691.90039 0.392301
24703.90039 0.393264
24715.90039 0.394127
24727.90039 0.394883
24739.90039 0.395931
24751.90039 0.396539
24763.90039 0.397015
24775.90039 0.397471
24787.90039 0.397913
24799.90039 0.398366
24812.00000 0.398573
24824.00000 0.398583
24836.00000 0.398926
24848.00000 0.399143
24860.00000 0.399383
24872.00000 0.39959
24884.00000 0.399693
24896.00000 0.399712
24908.00000 0.399694
24920.00000 0.399585
24932.09961 0.399395
24944.09961 0.399124
24956.09961 0.398769
24968.09961 0.398335
24980.09961 0.397826
24992.09961 0.397241
25004.09961 0.396587
25016.09961 0.395872
25028.09961 0.395105
25040.09961 0.394297
25052.09961 0.393457
25064.19922 0.392598
25076.19922 0.391725
25088.19922 0.390854
25100.19922 0.389993
25112.19922 0.389167
25124.19922 0.388369
25136.19922 0.387611
25148.19922 0.386897
25160.19922 0.386233
25172.19922 0.38563
25184.30078 0.385088
25196.30078 0.384613
25208.30078 0.384214
25220.30078 0.383892
25232.30078 0.383643
25244.30078 0.383471
25256.30078 0.383374
25268.30078 0.383349
25280.30078 0.383401
25292.30078 0.383525
25304.40039 0.38373
25316.40039 0.384025
25328.40039 0.384381
25340.40039 0.384795
25352.40039 0.385263
25364.40039 0.385781
25376.40039 0.386338
25388.40039 0.386932
25400.40039 0.387556
25412.40039 0.38818
25424.40039 0.388824
25436.50000 0.389482
25448.50000 0.390147
25460.50000 0.390818
25472.50000 0.391489
25484.50000 0.392157
25496.50000 0.392817
25508.50000 0.39348
25520.50000 0.394132
25532.50000 0.394769
25544.50000 0.395387
25556.59961 0.395984
25568.59961 0.396557
25580.59961 0.397108
25592.59961 0.397636
25604.59961 0.39814
25616.59961 0.398627
25628.59961 0.39909
25640.59961 0.399534
25652.59961 0.399956
25664.59961 0.400362
25676.69922 0.400755
25688.69922 0.401129
25700.69922 0.40152
25712.69922 0.402302
25724.69922 0.402641
25736.69922 0.402974
25748.69922 0.403307
25760.69922 0.403635
25772.69922 0.403843
25784.69922 0.403865
25796.69922 0.404188
25808.80078 0.404514
25820.80078 0.404852
25832.80078 0.405212
25844.80078 0.405576
25856.80078 0.405942
25868.80078 0.406314
25880.80078 0.406685
25892.80078 0.407062
25904.80078 0.407429
25916.80078 0.4078
25928.90039 0.40818
25940.90039 0.408513
25952.90039 0.408451
25964.90039 0.408813
25976.90039 0.409492
25988.90039 0.409984
26000.90039 0.410301
26012.90039 0.410268
26024.90039 0.410178
26036.90039 0.410076
26049.00000 0.409957
26061.00000 0.40982
26073.00000 0.409669
26085.00000 0.4095
26097.00000 0.409314
26109.00000 0.409115
26121.00000 0.408893
26133.00000 0.408537
26145.00000 0.408137
26157.00000 0.408141
26169.00000 0.408125
26181.09961 0.408577
26193.09961 0.408547
26205.09961 0.40851
26217.09961 0.408476
26229.09961 0.408434
26241.09961 0.40839
26253.09961 0.408345
26265.09961 0.408298
26277.09961 0.408248
26289.09961 0.408206
26301.19922 0.408166
26313.19922 0.408128
26325.19922 0.408102
26337.19922 0.408079
26349.19922 0.408497
26361.19922 0.408541
26373.19922 0.408554
26385.19922 0.408577
26397.19922 0.408618
26409.19922 0.40867
26421.30078 0.408734
26433.30078 0.408813
26445.30078 0.408906
26457.30078 0.409011
26469.30078 0.409127
26481.30078 0.409252
26493.30078 0.409386
26505.30078 0.409267
26517.30078 0.409135
26529.30078 0.409638
26541.30078 0.409732
26553.40039 0.409792
26565.40039 0.409849
26577.40039 0.409906
26589.40039 0.409961
26601.40039 0.409946
26613.40039 0.409432
26625.40039 0.409128
26637.40039 0.409127
26649.40039 0.409124
26661.40039 0.4091
26673.50000 0.409076
26685.50000 0.409308
26697.50000 0.409488
26709.50000 0.409482
26721.50000 0.409001
26733.50000 0.409001
26745.50000 0.409001
26757.50000 0.409011
26769.50000 0.409021
26781.50000 0.409021
26793.50000 0.409019
26805.59961 0.409012
26817.59961 0.409
26829.59961 0.408522
26841.59961 0.408467
26853.59961 0.408427
26865.59961 0.408639
26877.59961 0.40879
26889.59961 0.408738
26901.59961 0.40868
26913.59961 0.408591
26925.69922 0.408238
26937.69922 0.407955
26949.69922 0.40789
26961.69922 0.407835
26973.69922 0.407791
26985.69922 0.40776
26997.69922 0.408076
27009.69922 0.408277
27021.69922 0.408332
27033.69922 0.408258
27045.80078 0.408696
27057.80078 0.408847
27069.80078 0.408997
27081.80078 0.409148
27093.80078 0.4093
27105.80078 0.409446
27117.80078 0.409588
27129.80078 0.409721
27141.80078 0.409368
27153.80078 0.409483
27165.80078 0.409584
27177.90039 0.40968
27189.90039 0.409763
27201.90039 0.409824
27213.90039 0.410026
27225.90039 0.410323
27237.90039 0.409948
27249.90039 0.409839
27261.90039 0.409827
27273.90039 0.409801
27285.90039 0.409762
27298.00000 0.409721
27310.00000 0.40968
27322.00000 0.409635
27334.00000 0.409394
27346.00000 0.40905
27358.00000 0.408988
27370.00000 0.408924
27382.00000 0.408865
27394.00000 0.408808
27406.00000 0.409035
27418.09961 0.409162
27430.09961 0.409115
27442.09961 0.408982
27454.09961 0.408582
27466.09961 0.408574
27478.09961 0.408575
27490.09961 0.408593
27502.09961 0.408562
27514.09961 0.408238
27526.09961 0.407644
27538.09961 0.407177
27550.19922 0.406914
27562.19922 0.406565
27574.19922 0.405969
27586.19922 0.405763
27598.19922 0.405956
27610.19922 0.405896
27622.19922 0.405381
27634.19922 0.405617
27646.19922 0.405816
27658.19922 0.406039
27670.30078 0.405804
27682.30078 0.406071
27694.30078 0.406355
27706.30078 0.406331
27718.30078 0.406428
27730.30078 0.406715
27742.30078 0.407016
27754.30078 0.407118
27766.30078 0.407164
27778.30078 0.407486
27790.40039 0.408274
27802.40039 0.408492
27814.40039 0.408461
27826.40039 0.408795
27838.40039 0.409122
27850.40039 0.409427
27862.40039 0.409279
27874.40039 0.409584
27886.40039 0.409879
27898.40039 0.41016
27910.40039 0.409974
27922.50000 0.410262
27934.50000 0.410534
27946.50000 0.410473
27958.50000 0.41054
27970.50000 0.41076
27982.50000 0.411078
27994.50000 0.411392
28006.50000 0.411257
28018.50000 0.411346
28030.50000 0.411416
28042.59961 0.411347
28054.59961 0.411023
28066.59961 0.41105
28078.59961 0.411063
28090.59961 0.411035
28102.59961 0.410565
28114.59961 0.410552
28126.59961 0.410531
28138.59961 0.410502
28150.59961 0.40998
28162.69922 0.409937
28174.69922 0.409892
28186.69922 0.410153
28198.69922 0.409838
28210.69922 0.40968
28222.69922 0.409582
28234.69922 0.409486
28246.69922 0.409395
28258.69922 0.409309
28270.69922 0.409225
28282.69922 0.409147
28294.80078 0.409074
28306.80078 0.408986
28318.80078 0.408885
28330.80078 0.408792
28342.80078 0.408705
28354.80078 0.408628
28366.80078 0.40823
28378.80078 0.408016
28390.80078 0.407968
28402.80078 0.408061
28414.90039 0.408364
28426.90039 0.408346
28438.90039 0.408339
28450.90039 0.408338
28462.90039 0.40835
28474.90039 0.408371
28486.90039 0.408402
28498.90039 0.408439
28510.90039 0.408246
28522.90039 0.408038
28535.00000 0.407838
28547.00000 0.407646
28559.00000 0.40746
28571.00000 0.40728
28583.00000 0.407108
28595.00000 0.406942
28607.00000 0.406505
28619.00000 0.406313
28631.00000 0.406271
28643.00000 0.406375
28655.00000 0.406662
28667.09961 0.406634
28679.09961 0.406607
28691.09961 0.406584
28703.09961 0.406574
28715.09961 0.406603
28727.09961 0.406632
28739.09961 0.406659
28751.09961 0.406684
28763.09961 0.406707
28775.09961 0.406726
28787.19922 0.406739
28799.19922 0.406745
28811.19922 0.406738
28823.19922 0.406722
28835.19922 0.406695
28847.19922 0.406656
28859.19922 0.406157
28871.19922 0.406052
28883.19922 0.405968
28895.19922 0.405867
28907.19922 0.405813
28919.30078 0.405785
28931.30078 0.406194
28943.30078 0.406123
28955.30078 0.406028
28967.30078 0.40591
28979.30078 0.405768
28991.30078 0.405602
29003.30078 0.405384
29015.30078 0.405071
29027.30078 0.404732
29039.40039 0.404368
29051.40039 0.40398
29063.40039 0.403567
29075.40039 0.40313
29087.40039 0.402671
29099.40039 0.402189
29111.40039 0.40126
29123.40039 0.400795
29135.40039 0.400313
29147.40039 0.399815
29159.50000 0.399304
29171.50000 0.398782
29183.50000 0.398251
29195.50000 0.397716
29207.50000 0.397082
29219.50000 0.396392
29231.50000 0.395701
29243.50000 0.395014
29255.50000 0.394333
29267.50000 0.393995
29279.50000 0.393441
29291.59961 0.392791
29303.59961 0.392124
29315.59961 0.391401
29327.59961 0.390696
29339.59961 0.39001
29351.59961 0.389346
29363.59961 0.388704
29375.59961 0.387824
29387.59961 0.387025
29399.59961 0.386454
29411.69922 0.385968
29423.69922 0.385509
29435.69922 0.385336
29447.69922 0.385125
29459.69922 0.384739
29471.69922 0.384376
29483.69922 0.384036
29495.69922 0.383717
29507.69922 0.383635
29519.69922 0.383302
29531.80078 0.382897
29543.80078 0.382505
29555.80078 0.382127
29567.80078 0.38176
29579.80078 0.381403
29591.80078 0.381054
29603.80078 0.38071
29615.80078 0.380368
29627.80078 0.380028
29639.80078 0.379689
29651.80078 0.379352
29663.90039 0.379011
29675.90039 0.378666
29687.90039 0.378316
29699.90039 0.377961
29711.90039 0.377633
29723.90039 0.377299
29735.90039 0.376957
29747.90039 0.376607
29759.90039 0.37712
29771.90039 0.376763
29784.00000 0.376394
29796.00000 0.376018
29808.00000 0.375511
29820.00000 0.374936
29832.00000 0.374357
29844.00000 0.373775
29856.00000 0.37319
29868.00000 0.372605
29880.00000 0.372022
29892.00000 0.371824
29904.09961 0.371293
29916.09961 0.370868
29928.09961 0.370447
29940.09961 0.370034
29952.09961 0.369628
29964.09961 0.36923
29976.09961 0.368839
29988.09961 0.36846
30000.09961 0.368089
30012.09961 0.367566
30024.09961 0.367272
30036.19922 0.366689
30048.19922 0.366115
30060.19922 0.365559
30072.19922 0.365433
30084.19922 0.364885
30096.19922 0.364344
30108.19922 0.363979
30120.19922 0.363698
30132.19922 0.363419
30144.19922 0.363143
30156.30078 0.362866
30168.30078 0.362587
30180.30078 0.362304
30192.30078 0.362017
30204.30078 0.361665
30216.30078 0.361203
30228.30078 0.360728
30240.30078 0.36024
30252.30078 0.359735
30264.30078 0.359215
30276.40039 0.358677
30288.40039 0.358119
30300.40039 0.35755
30312.40039 0.357271
30324.40039 0.356972
30336.40039 0.356653
30348.40039 0.356313
30360.40039 0.355968
30372.40039 0.355992
30384.40039 0.355588
30396.40039 0.355166
30408.50000 0.354878
30420.50000 0.354639
30432.50000 0.354381
30444.50000 0.35411
30456.50000 0.353827
30468.50000 0.353535
30480.50000 0.353253
30492.50000 0.353294
30504.50000 0.352939
30516.50000 0.352507
30528.59961 0.352079
30540.59961 0.351653
30552.59961 0.351236
30564.59961 0.350824
30576.59961 0.350424
30588.59961 0.350035
30600.59961 0.349681
30612.59961 0.349698
30624.59961 0.349732
30636.59961 0.349784
30648.69922 0.349854
30660.69922 0.350361
30672.69922 0.350469
30684.69922 0.35078
30696.69922 0.351131
30708.69922 0.351132
30720.69922 0.351085
30732.69922 0.351051
30744.69922 0.351021
30756.69922 0.350995
30768.69922 0.350967
30780.80078 0.350933
30792.80078 0.350887
30804.80078 0.350949
30816.80078 0.351178
30828.80078 0.351368
30840.80078 0.351514
30852.80078 0.351602
30864.80078 0.351622
30876.80078 0.351559
30888.80078 0.351401
30900.90039 0.351134
30912.90039 0.350831
30924.90039 0.350381
30936.90039 0.350051
30948.90039 0.349375
30960.90039 0.348362
30972.90039 0.347122
30984.90039 0.345623
30996.90039 0.343853
31008.90039 0.341666
31021.00000 0.339118
31033.00000 0.33623
31045.00000 0.332987
31057.00000 0.329368
31069.00000 0.325352
31081.00000 0.320939
31093.00000 0.316117
31105.00000 0.310915
31117.00000 0.305351
31129.00000 0.299376
31141.00000 0.292991
31153.09961 0.286211
31165.09961 0.27906
31177.09961 0.271562
31189.09961 0.263734
31201.09961 0.255669
31213.09961 0.247747
31225.09961 0.239324
31237.09961 0.230711
31249.09961 0.221954
31261.09961 0.213098
31273.19922 0.20418
31285.19922 0.195249
31297.19922 0.18635
31309.19922 0.177476
31321.19922 0.168702
31333.19922 0.160083
31345.19922 0.151651
31357.19922 0.143435
31369.19922 0.135462
31381.19922 0.127758
31393.19922 0.120337
31405.30078 0.113231
31417.30078 0.106452
31429.30078 0.0999875
31441.30078 0.0938379
31453.30078 0.0880046
31465.30078 0.0824875
31477.30078 0.077347
31489.30078 0.0724619
31501.30078 0.0678452
31513.30078 0.0635132
31525.40039 0.0594546
31537.40039 0.0556586
31549.40039 0.052112
31561.40039 0.0488005
31573.40039 0.0457126
31585.40039 0.0428343
31597.40039 0.0401554
31609.40039 0.0376574
31621.40039 0.035333
31633.40039 0.0331707
31645.50000 0.0311593
31657.50000 0.0292904
31669.50000 0.0275517
31681.50000 0.0259355
31693.50000 0.0244308
31705.50000 0.0230376
31717.50000 0.0217475
31729.50000 0.020569
31741.50000 0.0194499
31753.50000 0.0184041
31765.50000 0.0174302
31777.59961 0.0165212
31789.59961 0.0156728
31801.59961 0.0148792
31813.59961 0.0141333
31825.59961 0.0134362
31837.59961 0.0127826
31849.59961 0.0121714
31861.59961 0.0115975
31873.59961 0.0110594
31885.59961 0.0105541
31897.69922 0.0100789
31909.69922 0.00963312
31921.69922 0.00921276
31933.69922 0.00881788
31945.69922 0.00844505
31957.69922 0.00809352
31969.69922 0.00776151
31981.69922 0.00745562
31993.69922 0.00715793
32005.69922 0.00687341
32017.80078 0.0066032
32029.80078 0.00634569
32041.80078 0.00610028
32053.80078 0.00586667
32065.80078 0.00564275
32077.80078 0.00542982
32089.80078 0.00522559
32101.80078 0.00503099
32113.80078 0.00484404
32125.80078 0.00466098
32137.80078 0.00448705
32149.90039 0.00432091
32161.90039 0.00416164
32173.90039 0.00400704
32185.90039 0.00385745
32197.90039 0.00371319
32209.90039 0.00357408
32221.90039 0.00344467
32233.90039 0.00331403
32245.90039 0.00318782
32257.90039 0.0030653
32270.00000 0.00294631
32282.00000 0.00283141
32294.00000 0.00271872
32306.00000 0.00260947
32318.00000 0.00250209
32330.00000 0.00239784
32342.00000 0.00229691
32354.00000 0.00219817
32366.00000 0.00210327
32378.00000 0.00201067
32390.09961 0.00192124
32402.09961 0.00183427
32414.09961 0.0017496
32426.09961 0.00166847
32438.09961 0.00158911
32450.09961 0.00151517
32462.09961 0.00144203
32474.09961 0.00137153
32486.09961 0.00130413
32498.09961 0.00123847
32510.09961 0.00117626
32522.19922 0.00111591
32534.19922 0.00105828
32546.19922 0.00100326
32558.19922 0.000949731
32570.19922 0.000899261
32582.19922 0.000850509
32594.19922 0.00080416
32606.19922 0.000759941
32618.19922 0.000717538
32630.19922 0.000677919
32642.30078 0.000639206
32654.30078 0.000602448
32666.30078 0.000567429
32678.30078 0.000534311
32690.30078 0.000503219
32702.30078 0.000473141
32714.30078 0.000444907
32726.30078 0.000417962
32738.30078 0.000392328
32750.30078 0.000368931
32762.40039 0.000346296
32774.39844 0.000325752
32786.39844 0.0003064
32798.39844 0.00028763
32810.39844 0.000270638
32822.39844 0.000254147
32834.39844 0.000239071
32846.39844 0.000224588
32858.39844 0.000211024
32870.39844 0.000199036
32882.39844 0.000187151
32894.50000 0.000176735
32906.50000 0.000166776
32918.50000 0.000157379
32930.50000 0.000149119
32942.50000 0.000140859
32954.50000 0.000133475
32966.50000 0.000126158
32978.50000 0.000119207
32990.50000 0.000113107
33002.50000 0.000106788
33014.60156 0.000101078
36316.06250 0.0
