threeML/data/optical_filters/JWST/NIRCam-F140M.ecsv
# %ECSV 0.9
# ---
# datatype:
# - {name: wavelength, unit: Angstrom, datatype: float32}
# - {name: response, datatype: float32}
# meta: !!omap
# - {band_name: F140M}
# - {group_name: NIRCam}
wavelength response
11541.15039 0.0
12823.50000 0.00010991
12833.50000 0.000131168
12843.50000 0.000144335
12853.50000 0.000163932
12863.50000 0.000184321
12873.50000 0.000220271
12883.50000 0.000252129
12893.50000 0.000291451
12903.50000 0.000354097
12913.50000 0.000403827
12923.50000 0.000486662
12933.50000 0.000555396
12943.50000 0.000672976
12953.50000 0.000823953
12963.50000 0.00100057
12973.50000 0.00121535
12983.50000 0.0014692
12993.50000 0.00180264
13003.50000 0.00218548
13013.50000 0.00270056
13023.50000 0.00326504
13033.50000 0.00400795
13043.50000 0.00491572
13053.50000 0.00565206
13063.50000 0.00704943
13073.50000 0.00823827
13083.50000 0.00931051
13093.50000 0.0105781
13103.50000 0.0117643
13113.50000 0.0133854
13123.50000 0.0139588
13133.50000 0.0162862
13143.50000 0.0180148
13153.50000 0.0208005
13163.50000 0.0232898
13173.50000 0.0267995
13183.50000 0.0307206
13193.50000 0.0361732
13203.50000 0.0409216
13213.50000 0.0482273
13223.50000 0.0553345
13233.50000 0.0668864
13243.50000 0.0746162
13253.50000 0.0891325
13263.50000 0.102981
13273.50000 0.121108
13283.50000 0.143228
13293.50000 0.164642
13303.50000 0.190703
13313.50000 0.214345
13323.50000 0.248356
13333.50000 0.276915
13343.50000 0.306099
13353.50000 0.326335
13363.50000 0.344507
13373.50000 0.368019
13383.50000 0.369575
13393.50000 0.386385
13403.50000 0.386694
13413.50000 0.38858
13423.50000 0.395419
13433.50000 0.389115
13443.50000 0.392298
13453.50000 0.3948
13463.50000 0.394729
13473.50000 0.391741
13483.50000 0.400853
13493.50000 0.393867
13503.50000 0.40214
13513.50000 0.394274
13523.50000 0.399654
13533.50000 0.396901
13543.50000 0.392572
13553.50000 0.400175
13563.50000 0.397614
13573.50000 0.395511
13583.50000 0.396506
13593.50000 0.390699
13603.50000 0.400335
13613.50000 0.399189
13623.50000 0.394692
13633.50000 0.39462
13643.50000 0.397848
13653.50000 0.398313
13663.50000 0.39572
13673.50000 0.400885
13683.50000 0.394214
13693.50000 0.397365
13703.50000 0.39801
13713.50000 0.394624
13723.50000 0.395472
13733.50000 0.39791
13743.50000 0.391404
13753.50000 0.394494
13763.50000 0.389746
13773.50000 0.386672
13783.50000 0.388653
13793.50000 0.385284
13803.50000 0.384401
13813.50000 0.384363
13823.50000 0.380035
13833.50000 0.38105
13843.50000 0.383281
13853.50000 0.376117
13863.50000 0.385988
13873.50000 0.378941
13883.50000 0.379385
13893.50000 0.378522
13903.50000 0.383133
13913.50000 0.377112
13923.50000 0.383508
13933.50000 0.380337
13943.50000 0.381177
13953.50000 0.380107
13963.50000 0.378546
13973.50000 0.380167
13983.50000 0.38986
13993.50000 0.383938
14003.50000 0.383936
14013.50000 0.385082
14023.50000 0.386568
14033.50000 0.389312
14043.50000 0.393857
14053.50000 0.393535
14063.50000 0.390038
14073.50000 0.396283
14083.50000 0.397238
14093.50000 0.397046
14103.50000 0.401793
14113.50000 0.400192
14123.50000 0.401517
14133.50000 0.405143
14143.50000 0.398411
14153.50000 0.407556
14163.50000 0.407309
14173.50000 0.408511
14183.50000 0.410609
14193.50000 0.409703
14203.50000 0.405692
14213.50000 0.414973
14223.50000 0.409683
14233.50000 0.412954
14243.50000 0.412854
14253.50000 0.41214
14263.50000 0.414868
14273.50000 0.411942
14283.50000 0.410715
14293.50000 0.412874
14303.50000 0.417276
14313.50000 0.415253
14323.50000 0.412156
14333.50000 0.41225
14343.50000 0.412013
14353.50000 0.411559
14363.50000 0.41092
14373.50000 0.411093
14383.50000 0.411351
14393.50000 0.410611
14403.50000 0.413121
14413.50000 0.4108
14423.50000 0.410393
14433.50000 0.413696
14443.50000 0.412082
14453.50000 0.413787
14463.50000 0.411964
14473.50000 0.41489
14483.50000 0.416439
14493.50000 0.417588
14503.50000 0.411813
14513.50000 0.417453
14523.50000 0.418644
14533.50000 0.420141
14543.50000 0.419993
14553.50000 0.422491
14563.50000 0.416408
14573.50000 0.420969
14583.50000 0.426036
14593.50000 0.422827
14603.50000 0.422912
14613.50000 0.423909
14623.50000 0.424248
14633.50000 0.423944
14643.50000 0.427681
14653.50000 0.424212
14663.50000 0.421497
14673.50000 0.426109
14683.50000 0.415954
14693.50000 0.412559
14703.50000 0.406578
14713.50000 0.397302
14723.50000 0.384164
14733.50000 0.365773
14743.50000 0.346019
14753.50000 0.319377
14763.50000 0.297991
14773.50000 0.265926
14783.50000 0.23649
14793.50000 0.204897
14803.50000 0.177655
14813.50000 0.152969
14823.50000 0.128992
14833.50000 0.110875
14843.50000 0.0957741
14853.50000 0.0813138
14863.50000 0.0695173
14873.50000 0.0582727
14883.50000 0.053481
14893.50000 0.0440267
14903.50000 0.0387427
14913.50000 0.0336413
14923.50000 0.0295908
14933.50000 0.0264164
14943.50000 0.0228924
14953.50000 0.0212921
14963.50000 0.0190629
14973.50000 0.0171987
14983.50000 0.0151503
14993.50000 0.0135005
15003.50000 0.0114431
15013.50000 0.00947393
15023.50000 0.00790062
15033.50000 0.00653407
15043.50000 0.00544803
15053.50000 0.00454778
15063.50000 0.00378209
15073.50000 0.00324754
15083.50000 0.00274796
15093.50000 0.0023604
15103.50000 0.00200751
15113.50000 0.0017197
15123.50000 0.00148611
15133.50000 0.00128013
15143.50000 0.00114448
15153.50000 0.000979654
15163.50000 0.000863623
15173.50000 0.000754312
15183.50000 0.000672369
15193.50000 0.000592196
15203.50000 0.00051967
15213.50000 0.000470663
15223.50000 0.000412985
15233.50000 0.000378221
15243.50000 0.000337142
15253.50000 0.000298244
15263.50000 0.000271332
15273.50000 0.000244055
15283.50000 0.000222918
15293.50000 0.000198313
15303.50000 0.000179976
15313.50000 0.00016493
15323.50000 0.000148183
15333.50000 0.000135347
15343.50000 0.000123284
15353.50000 0.000110555
15363.50000 0.000102488
16899.84961 0.0
