threeML/data/optical_filters/JWST/NIRCam-F070W.ecsv
# %ECSV 0.9
# ---
# datatype:
# - {name: wavelength, unit: Angstrom, datatype: float32}
# - {name: response, datatype: float32}
# meta: !!omap
# - {band_name: F070W}
# - {group_name: NIRCam}
wavelength response
5428.35010 0.0
6031.50000 0.000309961
6041.50000 0.00123754
6051.50000 0.00409764
6061.50000 0.010342
6071.50000 0.0207281
6081.50000 0.0345091
6091.50000 0.0494549
6101.50000 0.0632327
6111.50000 0.0743233
6121.50000 0.0825961
6131.50000 0.0884712
6141.50000 0.0931323
6151.50000 0.097091
6161.50000 0.101308
6171.50000 0.105977
6181.50000 0.110771
6191.50000 0.115565
6201.50000 0.119845
6211.50000 0.123279
6221.50000 0.126114
6231.50000 0.128232
6241.50000 0.130247
6251.50000 0.13192
6261.50000 0.133178
6271.50000 0.134178
6281.50000 0.134887
6291.50000 0.135268
6301.50000 0.135521
6311.50000 0.135661
6321.50000 0.135902
6331.50000 0.137156
6341.50000 0.139277
6351.50000 0.14183
6361.50000 0.144646
6371.50000 0.14706
6381.50000 0.149009
6391.50000 0.150766
6401.50000 0.152204
6411.50000 0.153924
6421.50000 0.155673
6431.50000 0.157162
6441.50000 0.158391
6451.50000 0.159284
6461.50000 0.159984
6471.50000 0.160807
6481.50000 0.161983
6491.50000 0.16336
6501.50000 0.165113
6511.50000 0.166385
6521.50000 0.167236
6531.50000 0.167801
6541.50000 0.168033
6551.50000 0.167927
6561.50000 0.167929
6571.50000 0.167631
6581.50000 0.167511
6591.50000 0.167843
6601.50000 0.168728
6611.50000 0.169699
6621.50000 0.1713
6631.50000 0.173464
6641.50000 0.176055
6651.50000 0.178398
6661.50000 0.180203
6671.50000 0.18098
6681.50000 0.181266
6691.50000 0.181391
6701.50000 0.181189
6711.50000 0.180787
6721.50000 0.180361
6731.50000 0.180272
6741.50000 0.180103
6751.50000 0.179942
6761.50000 0.180319
6771.50000 0.181147
6781.50000 0.182099
6791.50000 0.183778
6801.50000 0.18605
6811.50000 0.188199
6821.50000 0.189765
6831.50000 0.190714
6841.50000 0.191931
6851.50000 0.192864
6861.50000 0.194002
6871.50000 0.194906
6881.50000 0.196068
6891.50000 0.197647
6901.50000 0.198913
6911.50000 0.199266
6921.50000 0.198333
6931.50000 0.196206
6941.50000 0.193351
6951.50000 0.190192
6961.50000 0.187901
6971.50000 0.187081
6981.50000 0.187895
6991.50000 0.190337
7001.50000 0.193836
7011.50000 0.197938
7021.50000 0.200988
7031.50000 0.203635
7041.50000 0.205375
7051.50000 0.206029
7061.50000 0.206845
7071.50000 0.207391
7081.50000 0.20855
7091.50000 0.209964
7101.50000 0.210253
7111.50000 0.209846
7121.50000 0.208012
7131.50000 0.205859
7141.50000 0.204222
7151.50000 0.203804
7161.50000 0.204045
7171.50000 0.204292
7181.50000 0.203746
7191.50000 0.202009
7201.50000 0.19976
7211.50000 0.19814
7221.50000 0.198677
7231.50000 0.20182
7241.50000 0.206824
7251.50000 0.212809
7261.50000 0.218645
7271.50000 0.223363
7281.50000 0.226589
7291.50000 0.228757
7301.50000 0.229885
7311.50000 0.229396
7321.50000 0.228432
7331.50000 0.22666
7341.50000 0.224067
7351.50000 0.221453
7361.50000 0.219258
7371.50000 0.217786
7381.50000 0.217562
7391.50000 0.218243
7401.50000 0.219014
7411.50000 0.219954
7421.50000 0.220665
7431.50000 0.222086
7441.50000 0.224779
7451.50000 0.228542
7461.50000 0.232279
7471.50000 0.236426
7481.50000 0.239395
7491.50000 0.241841
7501.50000 0.243029
7511.50000 0.243551
7521.50000 0.24347
7531.50000 0.241723
7541.50000 0.239053
7551.50000 0.234895
7561.50000 0.230498
7571.50000 0.226996
7581.50000 0.225189
7591.50000 0.224385
7601.50000 0.224738
7611.50000 0.225587
7621.50000 0.226597
7631.50000 0.228928
7641.50000 0.232252
7651.50000 0.236955
7661.50000 0.241852
7671.50000 0.24604
7681.50000 0.247924
7691.50000 0.248015
7701.50000 0.24673
7711.50000 0.244373
7721.50000 0.241802
7731.50000 0.238095
7741.50000 0.233777
7751.50000 0.22837
7761.50000 0.222046
7771.50000 0.213078
7781.50000 0.199583
7791.50000 0.180581
7801.50000 0.156823
7811.50000 0.130334
7821.50000 0.103585
7831.50000 0.0788306
7841.50000 0.0576372
7851.50000 0.0406466
7861.50000 0.0277262
7871.50000 0.018528
7881.50000 0.012305
7891.50000 0.00826874
7901.50000 0.00570614
7911.50000 0.00400084
7921.50000 0.00286948
7931.50000 0.00203922
7941.50000 0.00146461
7951.50000 0.00106776
7961.50000 0.000784746
7971.50000 0.000581088
7981.50000 0.000432432
7991.50000 0.000324602
8001.50000 0.000246103
8011.50000 0.000187665
8021.50000 0.000143742
8031.50000 0.000111208
8834.65039 0.0
