threeML/data/optical_filters/JWST/NIRCam-F360M.ecsv
# %ECSV 0.9
# ---
# datatype:
# - {name: wavelength, unit: Angstrom, datatype: float32}
# - {name: response, datatype: float32}
# meta: !!omap
# - {band_name: F360M}
# - {group_name: NIRCam}
wavelength response
29186.64062 0.0
32429.59961 0.000100902
32443.09961 0.000106997
32456.59961 0.000111651
32470.09961 0.00011407
32483.59961 0.00011576
32497.09961 0.000117014
32510.59961 0.000122361
32524.09961 0.000130514
32537.69922 0.000136619
32551.19922 0.000139675
32564.69922 0.000144658
32578.19922 0.000150673
32591.69922 0.000156031
32605.19922 0.00016394
32618.69922 0.000174487
32632.19922 0.000185668
32645.80078 0.000196706
32659.30078 0.000207132
32672.80078 0.000217011
32686.30078 0.000229338
32699.80078 0.000244779
32713.30078 0.000260921
32726.80078 0.00027599
32740.30078 0.000292768
32753.90039 0.000313508
32767.40039 0.000335405
32780.89844 0.00036036
32794.39844 0.000387815
32807.89844 0.000417102
32821.39844 0.000450873
32834.89844 0.000489377
32848.39844 0.000531419
32861.89844 0.000576101
32875.50000 0.000625934
32889.00000 0.000683864
32902.50000 0.000750391
32916.00000 0.000820774
32929.50000 0.000897537
32943.00000 0.000985985
32956.50000 0.0010837
32970.00000 0.00119028
32983.60156 0.00130937
32997.10156 0.00144074
33010.60156 0.00158342
33024.10156 0.0017383
33037.60156 0.00190745
33051.10156 0.00209293
33064.60156 0.00229104
33078.10156 0.00249787
33091.69922 0.00271894
33105.19922 0.00295244
33118.69922 0.00319654
33132.19922 0.00344534
33145.69922 0.00369951
33159.19922 0.00395282
33172.69922 0.00420317
33186.19922 0.00445279
33199.80078 0.00469865
33213.30078 0.00493586
33226.80078 0.00515796
33240.30078 0.00536788
33253.80078 0.00556586
33267.30078 0.00575247
33280.80078 0.00592726
33294.30078 0.00609114
33307.89844 0.00624005
33321.39844 0.00637847
33334.89844 0.0065114
33348.39844 0.00664306
33361.89844 0.00676284
33375.39844 0.00687874
33388.89844 0.0069983
33402.39844 0.00711787
33416.00000 0.00722594
33429.50000 0.00734044
33443.00000 0.00746124
33456.50000 0.00758915
33470.00000 0.00772254
33483.50000 0.00786808
33497.00000 0.0080287
33510.50000 0.00817445
33524.10156 0.00832575
33537.60156 0.0084946
33551.10156 0.00867714
33564.60156 0.00887091
33578.10156 0.0090815
33591.60156 0.00931363
33605.10156 0.00960116
33618.60156 0.0099723
33632.19922 0.0103739
33645.69922 0.0108097
33659.19922 0.0112838
33672.69922 0.0118006
33686.19922 0.0123572
33699.69922 0.0129596
33713.19922 0.0137281
33726.69922 0.0145773
33740.19922 0.0155166
33753.80078 0.016515
33767.30078 0.0176043
33780.80078 0.0187938
33794.30078 0.0200951
33807.80078 0.0214421
33821.30078 0.022859
33834.80078 0.0244071
33848.30078 0.0260964
33861.89844 0.027945
33875.39844 0.0299679
33888.89844 0.0321879
33902.39844 0.0346016
33915.89844 0.037145
33929.39844 0.0399287
33942.89844 0.042981
33956.39844 0.0463186
33970.00000 0.0499618
33983.50000 0.0539424
33997.00000 0.0582905
34010.50000 0.0630334
34024.00000 0.0681994
34037.50000 0.0738229
34051.00000 0.0799439
34064.50000 0.0865921
34078.10156 0.0937975
34091.60156 0.101606
34105.10156 0.110127
34118.60156 0.119204
34132.10156 0.12891
34145.60156 0.139236
34159.10156 0.150329
34172.60156 0.161878
34186.19922 0.17395
34199.69922 0.186459
34213.19922 0.199464
34226.69922 0.212759
34240.19922 0.226219
34253.69922 0.23971
34267.19922 0.253046
34280.69922 0.266026
34294.30078 0.27859
34307.80078 0.290553
34321.30078 0.301824
34334.80078 0.312372
34348.30078 0.322016
34361.80078 0.330829
34375.30078 0.338772
34388.80078 0.34582
34402.39844 0.35197
34415.89844 0.35711
34429.39844 0.361471
34442.89844 0.365595
34456.39844 0.368692
34469.89844 0.371265
34483.39844 0.373532
34496.89844 0.375507
34510.50000 0.377076
34524.00000 0.378442
34537.50000 0.379612
34551.00000 0.380635
34564.50000 0.381551
34578.00000 0.382409
34591.50000 0.38323
34605.00000 0.384168
34618.50000 0.385325
34632.10156 0.38651
34645.60156 0.387757
34659.10156 0.389066
34672.60156 0.390451
34686.10156 0.391913
34699.60156 0.393455
34713.10156 0.394815
34726.60156 0.396241
34740.19922 0.397755
34753.69922 0.39934
34767.19922 0.401323
34780.69922 0.403168
34794.19922 0.40513
34807.69922 0.407394
34821.19922 0.409566
34834.69922 0.411774
34848.30078 0.414022
34861.80078 0.416296
34875.30078 0.418592
34888.80078 0.420888
34902.30078 0.423192
34915.80078 0.425584
34929.30078 0.427934
34942.80078 0.43025
34956.39844 0.432517
34969.89844 0.434726
34983.39844 0.436872
34996.89844 0.438923
35010.39844 0.44085
35023.89844 0.442672
35037.39844 0.444403
35050.89844 0.446045
35064.50000 0.447586
35078.00000 0.449456
35091.50000 0.450904
35105.00000 0.452419
35118.50000 0.453876
35132.00000 0.454958
35145.50000 0.455934
35159.00000 0.456808
35172.60156 0.457588
35186.10156 0.458292
35199.60156 0.458896
35213.10156 0.459348
35226.60156 0.459733
35240.10156 0.460058
35253.60156 0.460323
35267.10156 0.460515
35280.69922 0.460651
35294.19922 0.460743
35307.69922 0.460746
35321.19922 0.460701
35334.69922 0.460634
35348.19922 0.460992
35361.69922 0.460997
35375.19922 0.460895
35388.80078 0.460799
35402.30078 0.460683
35415.80078 0.460464
35429.30078 0.460756
35442.80078 0.460633
35456.30078 0.460514
35469.80078 0.460435
35483.30078 0.460391
35496.80078 0.4604
35510.39844 0.460438
35523.89844 0.46102
35537.39844 0.461138
35550.89844 0.461304
35564.39844 0.461541
35577.89844 0.46184
35591.39844 0.462196
35604.89844 0.462639
35618.50000 0.463197
35632.00000 0.463826
35645.50000 0.464518
35659.00000 0.46526
35672.50000 0.466053
35686.00000 0.467209
35699.50000 0.468301
35713.00000 0.469163
35726.60156 0.470054
35740.10156 0.470978
35753.60156 0.471921
35767.10156 0.472878
35780.60156 0.474388
35794.10156 0.475366
35807.60156 0.476313
35821.10156 0.477234
35834.69922 0.478135
35848.19922 0.479484
35861.69922 0.480459
35875.19922 0.481302
35888.69922 0.482117
35902.19922 0.482873
35915.69922 0.483528
35929.19922 0.484127
35942.80078 0.484662
35956.30078 0.485156
35969.80078 0.485584
35983.30078 0.485945
35996.80078 0.486247
36010.30078 0.4865
36023.80078 0.48671
36037.30078 0.487259
36050.89844 0.487462
36064.39844 0.487455
36077.89844 0.487374
36091.39844 0.487222
36104.89844 0.486984
36118.39844 0.486636
36131.89844 0.486235
36145.39844 0.485773
36159.00000 0.485248
36172.50000 0.484683
36186.00000 0.484071
36199.50000 0.483925
36213.00000 0.483253
36226.50000 0.482513
36240.00000 0.481754
36253.50000 0.480985
36267.10156 0.480194
36280.60156 0.479401
36294.10156 0.478598
36307.60156 0.477825
36321.10156 0.477099
36334.60156 0.476379
36348.10156 0.475676
36361.60156 0.474999
36375.19922 0.474338
36388.69922 0.473711
36402.19922 0.473133
36415.69922 0.472667
36429.19922 0.472267
36442.69922 0.471901
36456.19922 0.471578
36469.69922 0.471313
36483.19922 0.471091
36496.80078 0.471298
36510.30078 0.471422
36523.80078 0.471426
36537.30078 0.471499
36550.80078 0.47163
36564.30078 0.471813
36577.80078 0.472065
36591.30078 0.47237
36604.89844 0.472698
36618.39844 0.473039
36631.89844 0.473422
36645.39844 0.473862
36658.89844 0.474357
36672.39844 0.474893
36685.89844 0.475479
36699.39844 0.476601
36713.00000 0.477343
36726.50000 0.478099
36740.00000 0.478883
36753.50000 0.479695
36767.00000 0.480539
36780.50000 0.481394
36794.00000 0.482265
36807.50000 0.483153
36821.10156 0.484039
36834.60156 0.48498
36848.10156 0.485928
36861.60156 0.486857
36875.10156 0.487786
36888.60156 0.488698
36902.10156 0.489571
36915.60156 0.490333
36929.19922 0.491073
36942.69922 0.492356
36956.19922 0.493058
36969.69922 0.493722
36983.19922 0.494355
36996.69922 0.494961
37010.19922 0.495529
37023.69922 0.496066
37037.30078 0.49657
37050.80078 0.497032
37064.30078 0.497469
37077.80078 0.49787
37091.30078 0.49823
37104.80078 0.498587
37118.30078 0.498951
37131.80078 0.499276
37145.39844 0.499574
37158.89844 0.499836
37172.39844 0.500072
37185.89844 0.500286
37199.39844 0.500469
37212.89844 0.500636
37226.39844 0.500788
37239.89844 0.500908
37253.50000 0.501036
37267.00000 0.501162
37280.50000 0.501259
37294.00000 0.501345
37307.50000 0.501426
37321.00000 0.501495
37334.50000 0.501556
37348.00000 0.5016
37361.50000 0.502217
37375.10156 0.502252
37388.60156 0.502262
37402.10156 0.502355
37415.60156 0.502702
37429.10156 0.502578
37442.60156 0.502431
37456.10156 0.502262
37469.60156 0.502054
37483.19922 0.501819
37496.69922 0.501548
37510.19922 0.501216
37523.69922 0.500828
37537.19922 0.500376
37550.69922 0.499846
37564.19922 0.499239
37577.69922 0.498535
37591.30078 0.497712
37604.80078 0.496778
37618.30078 0.495717
37631.80078 0.494506
37645.30078 0.493145
37658.80078 0.491611
37672.30078 0.489879
37685.80078 0.487958
37699.39844 0.48582
37712.89844 0.483428
37726.39844 0.480787
37739.89844 0.477875
37753.39844 0.474669
37766.89844 0.471542
37780.39844 0.467883
37793.89844 0.463723
37807.50000 0.459268
37821.00000 0.45449
37834.50000 0.449345
37848.00000 0.443831
37861.50000 0.43793
37875.00000 0.431644
37888.50000 0.424991
37902.00000 0.417946
37915.60156 0.410436
37929.10156 0.402577
37942.60156 0.394368
37956.10156 0.38583
37969.60156 0.376993
37983.10156 0.367861
37996.60156 0.358459
38010.10156 0.348899
38023.69922 0.339128
38037.19922 0.32915
38050.69922 0.319019
38064.19922 0.308762
38077.69922 0.298419
38091.19922 0.288023
38104.69922 0.27758
38118.19922 0.267119
38131.80078 0.256701
38145.30078 0.246353
38158.80078 0.236112
38172.30078 0.226065
38185.80078 0.216302
38199.30078 0.206522
38212.80078 0.196955
38226.30078 0.187614
38239.80078 0.178517
38253.39844 0.169681
38266.89844 0.161117
38280.39844 0.152834
38293.89844 0.144844
38307.39844 0.137147
38320.89844 0.129745
38334.39844 0.122646
38347.89844 0.11585
38361.50000 0.109354
38375.00000 0.103149
38388.50000 0.0973267
38402.00000 0.0917129
38415.50000 0.086364
38429.00000 0.0812866
38442.50000 0.0764745
38456.00000 0.0719203
38469.60156 0.0676122
38483.10156 0.0635381
38496.60156 0.0596895
38510.10156 0.0560586
38523.60156 0.0526377
38537.10156 0.0494173
38550.60156 0.0463875
38564.10156 0.0435382
38577.69922 0.0408933
38591.19922 0.0383754
38604.69922 0.0359995
38618.19922 0.0337716
38631.69922 0.0316799
38645.19922 0.029715
38658.69922 0.0278728
38672.19922 0.0261462
38685.80078 0.0245263
38699.30078 0.0230074
38712.80078 0.0215836
38726.30078 0.0202483
38739.80078 0.0189958
38753.30078 0.017823
38766.80078 0.0167262
38780.30078 0.0156989
38793.89844 0.014734
38807.39844 0.0138273
38820.89844 0.0129775
38834.39844 0.0121832
38847.89844 0.0114384
38861.39844 0.0107414
38874.89844 0.0100922
38888.39844 0.00948479
38902.00000 0.00891207
38915.50000 0.00837217
38929.00000 0.00786641
38942.50000 0.0073942
38956.00000 0.00695235
38969.50000 0.00653729
38983.00000 0.00615367
38996.50000 0.00578682
39010.10156 0.00544487
39023.60156 0.00512535
39037.10156 0.00482534
39050.60156 0.00454196
39064.10156 0.00427308
39077.60156 0.00401914
39091.10156 0.0037808
39104.60156 0.0035581
39118.19922 0.00335129
39131.69922 0.00315998
39145.19922 0.00298258
39158.69922 0.00281316
39172.19922 0.00265097
39185.69922 0.0024986
39199.19922 0.00235584
39212.69922 0.00222231
39226.19922 0.00209588
39239.80078 0.00197564
39253.30078 0.0018623
39266.80078 0.00175587
39280.30078 0.00165537
39293.80078 0.00156104
39307.30078 0.00147352
39320.80078 0.00139048
39334.30078 0.00131179
39347.89844 0.00123814
39361.39844 0.00116786
39374.89844 0.00110184
39388.39844 0.00104028
39401.89844 0.000982344
39415.39844 0.000928266
39428.89844 0.000877871
39442.39844 0.000829729
39456.00000 0.000782084
39469.50000 0.000738469
39483.00000 0.000698445
39496.50000 0.000658953
39510.00000 0.000621182
39523.50000 0.000586349
39537.00000 0.000553792
39550.50000 0.000522848
39564.10156 0.000494012
39577.60156 0.000466662
39591.10156 0.000440103
39604.60156 0.000416257
39618.10156 0.000392878
39631.60156 0.000368645
39645.10156 0.000345492
39658.60156 0.000324498
39672.19922 0.000305544
39685.69922 0.000288392
39699.19922 0.000273185
39712.69922 0.000257039
39726.19922 0.000239789
39739.69922 0.00022345
39753.19922 0.000207535
39766.69922 0.000192986
39780.30078 0.000180889
39793.80078 0.000169818
39807.30078 0.000158158
39820.80078 0.000146573
39834.30078 0.000137296
39847.80078 0.000128774
39861.30078 0.000119822
39874.80078 0.000110454
39888.39844 0.000102394
43877.23828 0.0
