threeML/data/optical_filters/JWST/NIRCam-F300M.ecsv
# %ECSV 0.9
# ---
# datatype:
# - {name: wavelength, unit: Angstrom, datatype: float32}
# - {name: response, datatype: float32}
# meta: !!omap
# - {band_name: F300M}
# - {group_name: NIRCam}
wavelength response
24309.99023 0.0
27011.09961 0.000103927
27024.59961 0.000107417
27038.09961 0.000112416
27051.69922 0.000118399
27065.19922 0.000124955
27078.69922 0.000129533
27092.19922 0.000135358
27105.69922 0.000140734
27119.19922 0.00015072
27132.69922 0.00015911
27146.19922 0.000164392
27159.80078 0.000171301
27173.30078 0.000181434
27186.80078 0.000192534
27200.30078 0.000201899
27213.80078 0.000214611
27227.30078 0.000227721
27240.80078 0.000241396
27254.30078 0.000255687
27267.90039 0.000268673
27281.40039 0.000286485
27294.90039 0.000307932
27308.40039 0.000330437
27321.90039 0.000354781
27335.40039 0.000379699
27348.90039 0.000407978
27362.40039 0.000444412
27375.90039 0.000476524
27389.50000 0.000516087
27403.00000 0.000562366
27416.50000 0.000615465
27430.00000 0.000671417
27443.50000 0.000731596
27457.00000 0.000800597
27470.50000 0.000878055
27484.00000 0.000963636
27497.59961 0.00105425
27511.09961 0.00115705
27524.59961 0.00126693
27538.09961 0.00138531
27551.59961 0.0015237
27565.09961 0.00167028
27578.59961 0.00182847
27592.09961 0.00200202
27605.69922 0.00219329
27619.19922 0.00239798
27632.69922 0.00261972
27646.19922 0.00286029
27659.69922 0.00312166
27673.19922 0.0033995
27686.69922 0.00369805
27700.19922 0.00401836
27713.80078 0.00435818
27727.30078 0.00472278
27740.80078 0.00510971
27754.30078 0.00552118
27767.80078 0.00597017
27781.30078 0.00645151
27794.80078 0.00697031
27808.30078 0.0075178
27821.90039 0.008113
27835.40039 0.00875584
27848.90039 0.00945329
27862.40039 0.0102024
27875.90039 0.0110326
27889.40039 0.0119367
27902.90039 0.012924
27916.40039 0.0140086
27930.00000 0.0152151
27943.50000 0.0165424
27957.00000 0.0180075
27970.50000 0.0196521
27984.00000 0.0214945
27997.50000 0.0235402
28011.00000 0.0258194
28024.50000 0.0283812
28038.09961 0.0312492
28051.59961 0.0344205
28065.09961 0.0380276
28078.59961 0.0420808
28092.09961 0.0466241
28105.59961 0.0516807
28119.09961 0.0573945
28132.59961 0.0637841
28146.19922 0.0708714
28159.69922 0.0787623
28173.19922 0.0875271
28186.69922 0.0972674
28200.19922 0.107774
28213.69922 0.119246
28227.19922 0.131611
28240.69922 0.144815
28254.19922 0.158782
28267.80078 0.173364
28281.30078 0.188404
28294.80078 0.203736
28308.30078 0.219156
28321.80078 0.2344
28335.30078 0.249294
28348.80078 0.263679
28362.30078 0.277337
28375.90039 0.289923
28389.40039 0.301861
28402.90039 0.312966
28416.40039 0.323299
28429.90039 0.332369
28443.40039 0.340544
28456.90039 0.347895
28470.40039 0.354449
28484.00000 0.360217
28497.50000 0.365351
28511.00000 0.369664
28524.50000 0.373391
28538.00000 0.376637
28551.50000 0.379438
28565.00000 0.38185
28578.50000 0.383869
28592.09961 0.385587
28605.59961 0.386826
28619.09961 0.387912
28632.59961 0.388974
28646.09961 0.39009
28659.59961 0.390932
28673.09961 0.391433
28686.59961 0.391799
28700.19922 0.392058
28713.69922 0.392255
28727.19922 0.392372
28740.69922 0.392412
28754.19922 0.392392
28767.69922 0.392349
28781.19922 0.39227
28794.69922 0.392187
28808.30078 0.39208
28821.80078 0.391973
28835.30078 0.39186
28848.80078 0.391745
28862.30078 0.39119
28875.80078 0.391108
28889.30078 0.391033
28902.80078 0.390983
28916.40039 0.391026
28929.90039 0.391512
28943.40039 0.391568
28956.90039 0.391625
28970.40039 0.391667
28983.90039 0.391694
28997.40039 0.391708
29010.90039 0.391618
29024.50000 0.391488
29038.00000 0.391331
29051.50000 0.391167
29065.00000 0.390976
29078.50000 0.390751
29092.00000 0.390503
29105.50000 0.390003
29119.00000 0.389586
29132.50000 0.389349
29146.09961 0.38911
29159.59961 0.388855
29173.09961 0.388578
29186.59961 0.388303
29200.09961 0.388024
29213.59961 0.387593
29227.09961 0.387158
29240.59961 0.386719
29254.19922 0.386275
29267.69922 0.386166
29281.19922 0.385837
29294.69922 0.385409
29308.19922 0.384926
29321.69922 0.384389
29335.19922 0.383859
29348.69922 0.383325
29362.30078 0.382789
29375.80078 0.381993
29389.30078 0.381265
29402.80078 0.380753
29416.30078 0.380279
29429.80078 0.379803
29443.30078 0.379776
29456.80078 0.37929
29470.40039 0.378805
29483.90039 0.378314
29497.40039 0.377817
29510.90039 0.377584
29524.40039 0.376939
29537.90039 0.37629
29551.40039 0.375657
29564.90039 0.375027
29578.50000 0.374412
29592.00000 0.373816
29605.50000 0.373232
29619.00000 0.372669
29632.50000 0.372127
29646.00000 0.371617
29659.50000 0.371137
29673.00000 0.3707
29686.59961 0.370279
29700.09961 0.369889
29713.59961 0.369565
29727.09961 0.369282
29740.59961 0.369042
29754.09961 0.369183
29767.59961 0.369513
29781.09961 0.369358
29794.69922 0.369234
29808.19922 0.369001
29821.69922 0.368707
29835.19922 0.368432
29848.69922 0.368174
29862.19922 0.367921
29875.69922 0.36767
29889.19922 0.367782
29902.80078 0.367592
29916.30078 0.367504
29929.80078 0.367404
29943.30078 0.367298
29956.80078 0.367164
29970.30078 0.367017
29983.80078 0.366846
29997.30078 0.366651
30010.90039 0.366244
30024.40039 0.366077
30037.90039 0.365543
30051.40039 0.364972
30064.90039 0.36459
30078.40039 0.364183
30091.90039 0.363538
30105.40039 0.362977
30118.90039 0.362574
30132.50000 0.362148
30146.00000 0.361701
30159.50000 0.361234
30173.00000 0.360763
30186.50000 0.360275
30200.00000 0.359774
30213.50000 0.359084
30227.00000 0.358389
30240.59961 0.357685
30254.09961 0.356966
30267.59961 0.356241
30281.09961 0.355501
30294.59961 0.354763
30308.09961 0.35423
30321.59961 0.353833
30335.09961 0.353416
30348.69922 0.352993
30362.19922 0.352643
30375.69922 0.352521
30389.19922 0.352054
30402.69922 0.351622
30416.19922 0.351366
30429.69922 0.351095
30443.19922 0.350808
30456.80078 0.350504
30470.30078 0.350187
30483.80078 0.349994
30497.30078 0.349883
30510.80078 0.349426
30524.30078 0.348937
30537.80078 0.348441
30551.30078 0.347948
30564.90039 0.347455
30578.40039 0.346972
30591.90039 0.346496
30605.40039 0.346202
30618.90039 0.346166
30632.40039 0.346155
30645.90039 0.346165
30659.40039 0.346595
30673.00000 0.346684
30686.50000 0.34703
30700.00000 0.347291
30713.50000 0.347205
30727.00000 0.347142
30740.50000 0.347108
30754.00000 0.347107
30767.50000 0.347127
30781.09961 0.34717
30794.59961 0.347236
30808.09961 0.347531
30821.59961 0.347975
30835.09961 0.348421
30848.59961 0.348869
30862.09961 0.349316
30875.59961 0.349753
30889.19922 0.350175
30902.69922 0.350595
30916.19922 0.35109
30929.69922 0.351551
30943.19922 0.35241
30956.69922 0.352815
30970.19922 0.353194
30983.69922 0.353538
30997.19922 0.353863
31010.80078 0.354012
31024.30078 0.35411
31037.80078 0.3542
31051.30078 0.354285
31064.80078 0.354372
31078.30078 0.354477
31091.80078 0.354589
31105.30078 0.354777
31118.90039 0.355064
31132.40039 0.355387
31145.90039 0.355738
31159.40039 0.356118
31172.90039 0.356521
31186.40039 0.356927
31199.90039 0.357308
31213.40039 0.358377
31227.00000 0.358935
31240.50000 0.359387
31254.00000 0.359647
31267.50000 0.359679
31281.00000 0.359387
31294.50000 0.358687
31308.00000 0.357453
31321.50000 0.355517
31335.09961 0.352952
31348.59961 0.349552
31362.09961 0.345315
31375.59961 0.340136
31389.09961 0.333909
31402.59961 0.326755
31416.09961 0.318495
31429.59961 0.309314
31443.19922 0.299088
31456.69922 0.287991
31470.19922 0.276147
31483.69922 0.263876
31497.19922 0.250886
31510.69922 0.237466
31524.19922 0.223937
31537.69922 0.210421
31551.30078 0.197043
31564.80078 0.18401
31578.30078 0.171335
31591.80078 0.1592
31605.30078 0.147634
31618.80078 0.136689
31632.30078 0.126423
31645.80078 0.116823
31659.40039 0.107906
31672.90039 0.0996518
31686.40039 0.0920358
31699.90039 0.0850223
31713.40039 0.0786384
31726.90039 0.0728404
31740.40039 0.0674977
31753.90039 0.0625869
31767.50000 0.058092
31781.00000 0.0539893
31794.50000 0.0502361
31808.00000 0.0467924
31821.50000 0.0436405
31835.00000 0.0407534
31848.50000 0.0381148
31862.00000 0.035695
31875.50000 0.0334741
31889.09961 0.031439
31902.59961 0.0295649
31916.09961 0.0278418
31929.59961 0.0262567
31943.09961 0.0247915
31956.59961 0.0234411
31970.09961 0.0221938
31983.59961 0.0210581
31997.19922 0.0199803
32010.69922 0.0189774
32024.19922 0.0180445
32037.69922 0.0171773
32051.19922 0.0163669
32064.69922 0.0156066
32078.19922 0.0148929
32091.69922 0.0142218
32105.30078 0.0135945
32118.80078 0.0130039
32132.30078 0.0124287
32145.80078 0.0119009
32159.30078 0.0114007
32172.80078 0.0109241
32186.30078 0.0104718
32199.80078 0.0100413
32213.40039 0.00963467
32226.90039 0.00924588
32240.40039 0.00886485
32253.90039 0.00849936
32267.40039 0.00814925
32280.90039 0.00781174
32294.40039 0.00748799
32307.90039 0.00717189
32321.50000 0.00686612
32335.00000 0.00657305
32348.50000 0.00628778
32362.00000 0.00601051
32375.50000 0.00573778
32389.00000 0.00547095
32402.50000 0.00521406
32416.00000 0.0049655
32429.59961 0.00472488
32443.09961 0.00449188
32456.59961 0.00426677
32470.09961 0.00404754
32483.59961 0.00383463
32497.09961 0.00362664
32510.59961 0.00342668
32524.09961 0.00323524
32537.69922 0.00305313
32551.19922 0.00288021
32564.69922 0.0027108
32578.19922 0.0025451
32591.69922 0.00238818
32605.19922 0.002239
32618.69922 0.00209949
32632.19922 0.00196805
32645.80078 0.00183885
32659.30078 0.00171324
32672.80078 0.00159698
32686.30078 0.00148865
32699.80078 0.00138507
32713.30078 0.00128865
32726.80078 0.00119984
32740.30078 0.00111488
32753.90039 0.00103375
32767.40039 0.000960298
32780.89844 0.000891998
32794.39844 0.000825952
32807.89844 0.000765286
32821.39844 0.000710412
32834.89844 0.000656633
32848.39844 0.000606797
32861.89844 0.000562426
32875.50000 0.00052076
32889.00000 0.000480869
32902.50000 0.000444852
32916.00000 0.000411013
32929.50000 0.000378836
32943.00000 0.000350033
32956.50000 0.000323669
32970.00000 0.000298025
32983.60156 0.000275006
32997.10156 0.000255879
33010.60156 0.000236213
33024.10156 0.000218331
33037.60156 0.000203084
33051.10156 0.000186819
33064.60156 0.000170678
33078.10156 0.000156107
33091.69922 0.000144751
33105.19922 0.00013445
33118.69922 0.000123392
33132.19922 0.000112813
33145.69922 0.000104914
36460.26953 0.0
