threeML/data/optical_filters/JWST/NIRCam-F150W2.ecsv
# %ECSV 0.9
# ---
# datatype:
# - {name: wavelength, unit: Angstrom, datatype: float32}
# - {name: response, datatype: float32}
# meta: !!omap
# - {band_name: F150W2}
# - {group_name: NIRCam}
wavelength response
[from data line 764]
16850.00000 0.444313
16860.00000 0.443768
16870.00000 0.442535
16880.00000 0.441367
16890.00000 0.44186
16900.00000 0.442169
16910.00000 0.442899
16920.00000 0.443874
16930.00000 0.445534
16940.00000 0.445567
16950.00000 0.445734
16960.00000 0.44463
16970.00000 0.445058
16980.00000 0.445107
16990.00000 0.445723
17000.00000 0.446323
17010.00000 0.447673
17020.00000 0.44762
17030.00000 0.446242
17040.00000 0.444675
17050.00000 0.443859
17060.00000 0.444689
17070.00000 0.445117
17080.00000 0.445383
17090.00000 0.445558
17100.00000 0.445084
17110.00000 0.444884
17120.00000 0.444247
17130.00000 0.443488
17140.00000 0.44314
17150.00000 0.44379
17160.00000 0.444776
17170.00000 0.445123
17180.00000 0.446419
17190.00000 0.446333
17200.00000 0.445823
17210.00000 0.444413
17220.00000 0.445155
17230.00000 0.445824
17240.00000 0.446395
17250.00000 0.447412
17260.00000 0.448952
17270.00000 0.450073
17280.00000 0.448532
17290.00000 0.44717
17300.00000 0.445947
17310.00000 0.446434
17320.00000 0.446914
17330.00000 0.447511
17340.00000 0.447556
17350.00000 0.44701
17360.00000 0.446659
17370.00000 0.446069
17380.00000 0.44666
17390.00000 0.447098
17400.00000 0.447592
17410.00000 0.447674
17420.00000 0.448033
17430.00000 0.448934
17440.00000 0.448647
17450.00000 0.447907
17460.00000 0.447194
17470.00000 0.44711
17480.00000 0.447129
17490.00000 0.448092
17500.00000 0.449805
17510.00000 0.450068
17520.00000 0.449375
17530.00000 0.448554
17540.00000 0.448082
17550.00000 0.448666
17560.00000 0.449187
17570.00000 0.450282
17580.00000 0.449959
17590.00000 0.450386
17600.00000 0.450456
17610.00000 0.449777
17620.00000 0.448584
17630.00000 0.44852
17640.00000 0.449453
17650.00000 0.450577
17660.00000 0.451374
17670.00000 0.451704
17680.00000 0.450492
17690.00000 0.449624
17700.00000 0.448704
17710.00000 0.449393
17720.00000 0.449686
17730.00000 0.449365
17740.00000 0.45004
17750.00000 0.452434
17760.00000 0.457096
17770.00000 0.455435
17780.00000 0.451926
17790.00000 0.448966
17800.00000 0.451067
17810.00000 0.452141
17820.00000 0.45335
17830.00000 0.454308
17840.00000 0.45416
17850.00000 0.452865
17860.00000 0.452045
17870.00000 0.452257
17880.00000 0.452892
17890.00000 0.453626
17900.00000 0.454042
17910.00000 0.454032
17920.00000 0.453337
17930.00000 0.452066
17940.00000 0.45131
17950.00000 0.451193
17960.00000 0.450534
17970.00000 0.450967
17980.00000 0.451878
17990.00000 0.453497
18000.00000 0.453515
18010.00000 0.453423
18020.00000 0.453203
18030.00000 0.452945
18040.00000 0.452963
18050.00000 0.453348
18060.00000 0.45459
18070.00000 0.455486
18080.00000 0.455805
18090.00000 0.455499
18100.00000 0.455402
18110.00000 0.455143
18120.00000 0.455215
18130.00000 0.456086
18140.00000 0.458009
18150.00000 0.45889
18160.00000 0.458693
18170.00000 0.458221
18180.00000 0.457142
18190.00000 0.455585
18200.00000 0.454528
18210.00000 0.454486
18220.00000 0.455247
18230.00000 0.455584
18240.00000 0.455797
18250.00000 0.455398
18260.00000 0.454748
18270.00000 0.453854
18280.00000 0.453624
18290.00000 0.453454
18300.00000 0.453876
18310.00000 0.45474
18320.00000 0.455972
18330.00000 0.455744
18340.00000 0.454914
18350.00000 0.454555
18360.00000 0.454624
18370.00000 0.454776
18380.00000 0.455424
18390.00000 0.457385
18400.00000 0.457711
18410.00000 0.456776
18420.00000 0.455058
18430.00000 0.454127
18440.00000 0.45397
18450.00000 0.454903
18460.00000 0.456181
18470.00000 0.456652
18480.00000 0.456798
18490.00000 0.456549
18500.00000 0.455708
18510.00000 0.454665
18520.00000 0.454293
18530.00000 0.45455
18540.00000 0.455346
18550.00000 0.456708
18560.00000 0.456386
18570.00000 0.455441
18580.00000 0.45423
18590.00000 0.45388
18600.00000 0.453761
18610.00000 0.453464
18620.00000 0.454197
18630.00000 0.455222
18640.00000 0.456483
18650.00000 0.456232
18660.00000 0.455028
18670.00000 0.453437
18680.00000 0.453186
18690.00000 0.454738
18700.00000 0.45535
18710.00000 0.455616
18720.00000 0.455271
18730.00000 0.45628
18740.00000 0.457043
18750.00000 0.456936
18760.00000 0.456302
18770.00000 0.456613
18780.00000 0.457148
18790.00000 0.457881
18800.00000 0.458384
18810.00000 0.457537
18820.00000 0.455627
18830.00000 0.454143
18840.00000 0.45422
18850.00000 0.45489
18860.00000 0.455685
18870.00000 0.456451
18880.00000 0.456214
18890.00000 0.455905
18900.00000 0.454999
18910.00000 0.454005
18920.00000 0.454226
18930.00000 0.454092
18940.00000 0.454142
18950.00000 0.455099
18960.00000 0.456093
18970.00000 0.456733
18980.00000 0.455795
18990.00000 0.454598
19000.00000 0.45374
19010.00000 0.454611
19020.00000 0.455114
19030.00000 0.455395
19040.00000 0.455806
19050.00000 0.456094
19060.00000 0.455506
19070.00000 0.455014
19080.00000 0.455169
19090.00000 0.456227
19100.00000 0.45755
19110.00000 0.458675
19120.00000 0.459365
19130.00000 0.459607
19140.00000 0.458933
19150.00000 0.45802
19160.00000 0.456632
19170.00000 0.456404
19180.00000 0.457576
19190.00000 0.458207
19200.00000 0.458552
19210.00000 0.457856
19220.00000 0.457733
19230.00000 0.456961
19240.00000 0.456631
19250.00000 0.455706
19260.00000 0.455432
19270.00000 0.456487
19280.00000 0.457382
19290.00000 0.45742
19300.00000 0.456917
19310.00000 0.456101
19320.00000 0.454809
19330.00000 0.453521
19340.00000 0.454109
19350.00000 0.45533
19360.00000 0.4566
19370.00000 0.456533
19380.00000 0.456839
19390.00000 0.456402
19400.00000 0.456113
19410.00000 0.455846
19420.00000 0.45694
19430.00000 0.458249
19440.00000 0.459377
19450.00000 0.460293
19460.00000 0.461036
19470.00000 0.460559
19480.00000 0.459291
19490.00000 0.45824
19500.00000 0.458527
19510.00000 0.459591
19520.00000 0.460354
19530.00000 0.460113
19540.00000 0.459798
19550.00000 0.459324
19560.00000 0.459115
19570.00000 0.458685
19580.00000 0.457585
19590.00000 0.455984
19600.00000 0.454904
19610.00000 0.455431
19620.00000 0.457387
19630.00000 0.459001
19640.00000 0.459566
19650.00000 0.459226
19660.00000 0.459895
19670.00000 0.461098
19680.00000 0.461937
19690.00000 0.461521
19700.00000 0.460586
19710.00000 0.460666
19720.00000 0.460256
19730.00000 0.460406
19740.00000 0.460008
19750.00000 0.460292
19760.00000 0.460641
19770.00000 0.460997
19780.00000 0.461606
19790.00000 0.462335
19800.00000 0.462192
19810.00000 0.461982
19820.00000 0.46183
19830.00000 0.462155
19840.00000 0.462456
19850.00000 0.463138
19860.00000 0.463602
19870.00000 0.464336
19880.00000 0.463965
19890.00000 0.464197
19900.00000 0.463751
19910.00000 0.464062
19920.00000 0.464279
19930.00000 0.464281
19940.00000 0.463716
19950.00000 0.461637
19960.00000 0.459643
19970.00000 0.458011
19980.00000 0.460042
19990.00000 0.461641
20000.00000 0.462206
20010.00000 0.461529
20020.00000 0.461141
20030.00000 0.460616
20040.00000 0.460409
20050.00000 0.460778
20060.00000 0.460903
20070.00000 0.461908
20080.00000 0.46204
20090.00000 0.462273
20100.00000 0.46154
20110.00000 0.460542
20120.00000 0.460122
20130.00000 0.460202
20140.00000 0.46074
20150.00000 0.460166
20160.00000 0.460206
20170.00000 0.460286
20180.00000 0.460307
20190.00000 0.459602
20200.00000 0.458307
20210.00000 0.458394
20220.00000 0.459902
20230.00000 0.460799
20240.00000 0.46064
20250.00000 0.459336
20260.00000 0.459265
20270.00000 0.459487
20280.00000 0.459248
20290.00000 0.45873
20300.00000 0.459725
20310.00000 0.461062
20320.00000 0.461623
20330.00000 0.46093
20340.00000 0.460272
20350.00000 0.460461
20360.00000 0.460511
20370.00000 0.460356
20380.00000 0.460478
20390.00000 0.461367
20400.00000 0.460549
20410.00000 0.459473
20420.00000 0.459085
20430.00000 0.459278
20440.00000 0.459277
20450.00000 0.459201
20460.00000 0.45873
20470.00000 0.45903
20480.00000 0.458984
20490.00000 0.458799
20500.00000 0.459064
20510.00000 0.458482
20520.00000 0.457773
20530.00000 0.457272
20540.00000 0.457959
20550.00000 0.458377
20560.00000 0.459244
20570.00000 0.45946
20580.00000 0.460391
20590.00000 0.460667
20600.00000 0.459893
20610.00000 0.459811
20620.00000 0.459617
20630.00000 0.460849
20640.00000 0.460869
20650.00000 0.460455
20660.00000 0.459812
20670.00000 0.459496
20680.00000 0.459349
20690.00000 0.458922
20700.00000 0.459817
20710.00000 0.460553
20720.00000 0.462685
20730.00000 0.463061
20740.00000 0.463196
20750.00000 0.463993
20760.00000 0.463947
20770.00000 0.462849
20780.00000 0.461167
20790.00000 0.461715
20800.00000 0.46316
20810.00000 0.464608
20820.00000 0.464838
20830.00000 0.465285
20840.00000 0.465841
20850.00000 0.464964
20860.00000 0.465351
20870.00000 0.465383
20880.00000 0.466385
20890.00000 0.46498
20900.00000 0.463231
20910.00000 0.462038
20920.00000 0.462514
20930.00000 0.463388
20940.00000 0.463711
20950.00000 0.462453
20960.00000 0.461915
20970.00000 0.462974
20980.00000 0.463891
20990.00000 0.463597
21000.00000 0.462623
21010.00000 0.462034
21020.00000 0.461595
21030.00000 0.460862
21040.00000 0.460195
21050.00000 0.461282
21060.00000 0.46155
21070.00000 0.461287
21080.00000 0.461305
21090.00000 0.461538
21100.00000 0.461908
21110.00000 0.460898
21120.00000 0.459719
21130.00000 0.459834
21140.00000 0.460798
21150.00000 0.460484
21160.00000 0.460639
21170.00000 0.460745
21180.00000 0.461347
21190.00000 0.462137
21200.00000 0.463053
21210.00000 0.463928
21220.00000 0.464552
21230.00000 0.463995
21240.00000 0.463903
21250.00000 0.465114
21260.00000 0.466591
21270.00000 0.466641
21280.00000 0.465655
21290.00000 0.465205
21300.00000 0.466419
21310.00000 0.467463
21320.00000 0.467351
21330.00000 0.466615
21340.00000 0.465431
21350.00000 0.466016
21360.00000 0.465706
21370.00000 0.465353
21380.00000 0.464816
21390.00000 0.463748
21400.00000 0.462534
21410.00000 0.461703
21420.00000 0.462149
21430.00000 0.462055
21440.00000 0.4618
21450.00000 0.460838
21460.00000 0.460819
21470.00000 0.46102
21480.00000 0.461389
21490.00000 0.462709
21500.00000 0.462333
21510.00000 0.461472
21520.00000 0.460048
21530.00000 0.459272
21540.00000 0.459001
21550.00000 0.459196
21560.00000 0.459727
21570.00000 0.458826
21580.00000 0.458043
21590.00000 0.458367
21600.00000 0.459145
21610.00000 0.459311
21620.00000 0.458334
21630.00000 0.45831
21640.00000 0.457902
21650.00000 0.456492
21660.00000 0.455137
21670.00000 0.455328
21680.00000 0.4557
21690.00000 0.45488
21700.00000 0.454057
21710.00000 0.453575
21720.00000 0.454362
21730.00000 0.454214
21740.00000 0.454256
21750.00000 0.453505
21760.00000 0.45153
21770.00000 0.449176
21780.00000 0.447338
21790.00000 0.44574
21800.00000 0.443962
21810.00000 0.442628
21820.00000 0.441727
21830.00000 0.440519
21840.00000 0.438658
21850.00000 0.435286
21860.00000 0.432655
21870.00000 0.429567
21880.00000 0.428091
21890.00000 0.425242
21900.00000 0.423693
21910.00000 0.420241
21920.00000 0.418146
21930.00000 0.415226
21940.00000 0.412704
21950.00000 0.409139
21960.00000 0.406486
21970.00000 0.403876
21980.00000 0.400265
21990.00000 0.396344
22000.00000 0.393569
22010.00000 0.390001
22020.00000 0.385904
22030.00000 0.381343
22040.00000 0.377907
22050.00000 0.375284
22060.00000 0.37341
22070.00000 0.371235
22080.00000 0.368977
22090.00000 0.365964
22100.00000 0.363738
22110.00000 0.362248
22120.00000 0.361884
22130.00000 0.361607
22140.00000 0.360756
22150.00000 0.359437
22160.00000 0.359102
22170.00000 0.359562
22180.00000 0.360175
22190.00000 0.360188
22200.00000 0.360423
22210.00000 0.360989
22220.00000 0.361114
22230.00000 0.362835
22240.00000 0.363807
22250.00000 0.364425
22260.00000 0.364148
22270.00000 0.364355
22280.00000 0.365041
22290.00000 0.366427
22300.00000 0.368118
22310.00000 0.369212
22320.00000 0.370039
22330.00000 0.371331
22340.00000 0.372772
22350.00000 0.373909
22360.00000 0.375321
22370.00000 0.375953
22380.00000 0.376412
22390.00000 0.377625
22400.00000 0.379409
22410.00000 0.379205
22420.00000 0.378057
22430.00000 0.37758
22440.00000 0.378765
22450.00000 0.380357
22460.00000 0.381563
22470.00000 0.381722
22480.00000 0.38066
22490.00000 0.380346
22500.00000 0.380693
22510.00000 0.382298
22520.00000 0.382197
22530.00000 0.381745
22540.00000 0.381503
22550.00000 0.382135
22560.00000 0.38319
22570.00000 0.383729
22580.00000 0.383879
22590.00000 0.384083
22600.00000 0.384797
22610.00000 0.385327
22620.00000 0.386597
22630.00000 0.387227
22640.00000 0.387183
22650.00000 0.387044
22660.00000 0.388605
22670.00000 0.3896
22680.00000 0.390311
22690.00000 0.391304
22700.00000 0.393119
22710.00000 0.395045
22720.00000 0.397103
22730.00000 0.398208
22740.00000 0.398876
22750.00000 0.399647
22760.00000 0.400575
22770.00000 0.401666
22780.00000 0.402357
22790.00000 0.402987
22800.00000 0.403101
22810.00000 0.403573
22820.00000 0.405331
22830.00000 0.407588
22840.00000 0.409464
22850.00000 0.409747
22860.00000 0.409997
22870.00000 0.410719
22880.00000 0.412186
22890.00000 0.41326
22900.00000 0.414046
22910.00000 0.414084
22920.00000 0.41394
22930.00000 0.414671
22940.00000 0.416796
22950.00000 0.418355
22960.00000 0.418444
22970.00000 0.418198
22980.00000 0.418171
22990.00000 0.419757
23000.00000 0.420758
23010.00000 0.420496
23020.00000 0.419345
23030.00000 0.418703
23040.00000 0.419192
23050.00000 0.419555
23060.00000 0.419234
23070.00000 0.418156
23080.00000 0.41742
23090.00000 0.417169
23100.00000 0.416455
23110.00000 0.41489
23120.00000 0.41236
23130.00000 0.40837
23140.00000 0.40387
23150.00000 0.398925
23160.00000 0.395142
23170.00000 0.390786
23180.00000 0.384931
23190.00000 0.37754
23200.00000 0.369437
23210.00000 0.361048
23220.00000 0.352827
23230.00000 0.343957
23240.00000 0.333387
23250.00000 0.322316
23260.00000 0.311793
23270.00000 0.30128
23280.00000 0.291266
23290.00000 0.280827
23300.00000 0.270269
23310.00000 0.258997
23320.00000 0.248978
23330.00000 0.239107
23340.00000 0.228793
23350.00000 0.217788
23360.00000 0.207173
23370.00000 0.197702
23380.00000 0.18911
23390.00000 0.181422
23400.00000 0.174574
23410.00000 0.168801
23420.00000 0.164262
23430.00000 0.160709
23440.00000 0.15825
23450.00000 0.156232
23460.00000 0.15494
23470.00000 0.154019
23480.00000 0.153767
23490.00000 0.153511
23500.00000 0.152819
23510.00000 0.151822
23520.00000 0.150255
23530.00000 0.148558
23540.00000 0.146234
23550.00000 0.143532
23560.00000 0.140057
23570.00000 0.135723
23580.00000 0.130835
23590.00000 0.125327
23600.00000 0.119443
23610.00000 0.112653
23620.00000 0.105281
23630.00000 0.0972066
23640.00000 0.0891304
23650.00000 0.0810662
23660.00000 0.0729642
23670.00000 0.0649289
23680.00000 0.0570279
23690.00000 0.0495261
23700.00000 0.0426128
23710.00000 0.0364114
23720.00000 0.0309247
23730.00000 0.0261153
23740.00000 0.022111
23750.00000 0.0203084
23760.00000 0.0187366
23770.00000 0.017484
23780.00000 0.0165572
23790.00000 0.0158987
23800.00000 0.0154694
23810.00000 0.0137928
23820.00000 0.012442
23830.00000 0.011321
23840.00000 0.0103282
23850.00000 0.00950481
23860.00000 0.00876872
23870.00000 0.00811216
23880.00000 0.00750601
23890.00000 0.00690398
23900.00000 0.00634104
23910.00000 0.00582074
23920.00000 0.00534397
23930.00000 0.00489315
23940.00000 0.00445435
23950.00000 0.00402715
23960.00000 0.00363524
23970.00000 0.00328656
23980.00000 0.00296866
23990.00000 0.00267027
24000.00000 0.00239048
24010.00000 0.0021302
24020.00000 0.00189543
24030.00000 0.00168292
24040.00000 0.00149141
24050.00000 0.00131243
24060.00000 0.00115253
24070.00000 0.00101036
24080.00000 0.000886148
24090.00000 0.000775146
24100.00000 0.000676611
24110.00000 0.000588205
24120.00000 0.000509899
24130.00000 0.000442325
24140.00000 0.000384397
24150.00000 0.000334341
24160.00000 0.00029065
24170.00000 0.000252158
24180.00000 0.000218954
24190.00000 0.000190262
24200.00000 0.000165795
24210.00000 0.000144785
24220.00000 0.000126832
24230.00000 0.000111202
26653.00000 0.0
