threeML/data/optical_filters/JWST/NIRCam-F322W2.ecsv
# %ECSV 0.9
# ---
# datatype:
# - {name: wavelength, unit: Angstrom, datatype: float32}
# - {name: response, datatype: float32}
# meta: !!omap
# - {band_name: F322W2}
# - {group_name: NIRCam}
wavelength response
[from data line 762]
33970.00000 0.467175
33983.50000 0.466827
33997.00000 0.466474
34010.50000 0.466055
34024.00000 0.465636
34037.50000 0.465189
34051.00000 0.464724
34064.50000 0.464253
34078.10156 0.463771
34091.60156 0.463372
34105.10156 0.463404
34118.60156 0.463117
34132.10156 0.462815
34145.60156 0.462501
34159.10156 0.462656
34172.60156 0.462367
34186.19922 0.462046
34199.69922 0.46171
34213.19922 0.461758
34226.69922 0.461813
34240.19922 0.461876
34253.69922 0.46196
34267.19922 0.462026
34280.69922 0.462102
34294.30078 0.462181
34307.80078 0.462182
34321.30078 0.46213
34334.80078 0.462073
34348.30078 0.462036
34361.80078 0.461967
34375.30078 0.461889
34388.80078 0.461816
34402.39844 0.461708
34415.89844 0.46145
34429.39844 0.461185
34442.89844 0.461489
34456.39844 0.461263
34469.89844 0.461044
34483.39844 0.461025
34496.89844 0.46116
34510.50000 0.461188
34524.00000 0.461275
34537.50000 0.461363
34551.00000 0.461464
34564.50000 0.461559
34578.00000 0.461686
34591.50000 0.461824
34605.00000 0.462123
34618.50000 0.462676
34632.10156 0.463217
34645.60156 0.463777
34659.10156 0.464329
34672.60156 0.464885
34686.10156 0.465445
34699.60156 0.466001
34713.10156 0.466261
34726.60156 0.466509
34740.19922 0.466775
34753.69922 0.467043
34767.19922 0.467693
34780.69922 0.468123
34794.19922 0.468614
34807.69922 0.469376
34821.19922 0.469968
34834.69922 0.470555
34848.30078 0.471153
34861.80078 0.471739
34875.30078 0.472336
34888.80078 0.472932
34902.30078 0.473534
34915.80078 0.474259
34929.30078 0.474965
34942.80078 0.475672
34956.39844 0.476373
34969.89844 0.477058
34983.39844 0.477751
34996.89844 0.478422
35010.39844 0.479036
35023.89844 0.479627
35037.39844 0.480205
35050.89844 0.480785
35064.50000 0.481348
35078.00000 0.482362
35091.50000 0.483031
35105.00000 0.483852
35118.50000 0.484714
35132.00000 0.485307
35145.50000 0.485945
35159.00000 0.486588
35172.60156 0.487169
35186.10156 0.48772
35199.60156 0.488253
35213.10156 0.488723
35226.60156 0.489188
35240.10156 0.489621
35253.60156 0.490058
35267.10156 0.490488
35280.69922 0.490907
35294.19922 0.491332
35307.69922 0.4917
35321.19922 0.492046
35334.69922 0.49239
35348.19922 0.493199
35361.69922 0.493638
35375.19922 0.493953
35388.80078 0.494276
35402.30078 0.494576
35415.80078 0.494735
35429.30078 0.495423
35442.80078 0.495631
35456.30078 0.495803
35469.80078 0.495977
35483.30078 0.496136
35496.80078 0.496304
35510.39844 0.496449
35523.89844 0.497121
35537.39844 0.497248
35550.89844 0.497359
35564.39844 0.497485
35577.89844 0.497624
35591.39844 0.497761
35604.89844 0.497932
35618.50000 0.498142
35632.00000 0.498364
35645.50000 0.498597
35659.00000 0.49882
35672.50000 0.499052
35686.00000 0.499629
35699.50000 0.500097
35713.00000 0.50029
35726.60156 0.500475
35740.10156 0.500669
35753.60156 0.500865
35767.10156 0.501052
35780.60156 0.501819
35794.10156 0.502021
35807.60156 0.502189
35821.10156 0.502341
35834.69922 0.502492
35848.19922 0.503143
35861.69922 0.503431
35875.19922 0.503609
35888.69922 0.503801
35902.19922 0.503967
35915.69922 0.504073
35929.19922 0.504183
35942.80078 0.504279
35956.30078 0.504398
35969.80078 0.504525
35983.30078 0.504644
35996.80078 0.504776
36010.30078 0.504916
36023.80078 0.505071
36037.30078 0.505649
36050.89844 0.505921
36064.39844 0.50604
36077.89844 0.506152
36091.39844 0.506261
36104.89844 0.506383
36118.39844 0.506462
36131.89844 0.506534
36145.39844 0.506612
36159.00000 0.506679
36172.50000 0.506747
36186.00000 0.506802
36199.50000 0.507382
36213.00000 0.507452
36226.50000 0.507487
36240.00000 0.507529
36253.50000 0.507582
36267.10156 0.507619
36280.60156 0.507664
36294.10156 0.507706
36307.60156 0.507765
36321.10156 0.507861
36334.60156 0.507942
36348.10156 0.508017
36361.60156 0.508114
36375.19922 0.508209
36388.69922 0.508305
36402.19922 0.508412
36415.69922 0.508564
36429.19922 0.508716
36442.69922 0.50886
36456.19922 0.508992
36469.69922 0.509123
36483.19922 0.50924
36496.80078 0.509767
36510.30078 0.510159
36523.80078 0.510359
36537.30078 0.510568
36550.80078 0.510783
36564.30078 0.510982
36577.80078 0.51118
36591.30078 0.511365
36604.89844 0.511511
36618.39844 0.511616
36631.89844 0.511712
36645.39844 0.511818
36658.89844 0.511942
36672.39844 0.512059
36685.89844 0.512181
36699.39844 0.512839
36713.00000 0.513038
36726.50000 0.51321
36740.00000 0.513372
36753.50000 0.513518
36767.00000 0.513677
36780.50000 0.513841
36794.00000 0.514011
36807.50000 0.514188
36821.10156 0.514346
36834.60156 0.51451
36848.10156 0.514681
36861.60156 0.514828
36875.10156 0.514975
36888.60156 0.515118
36902.10156 0.515223
36915.60156 0.515228
36929.19922 0.515241
36942.69922 0.515855
36956.19922 0.515883
36969.69922 0.515897
36983.19922 0.515907
36996.69922 0.515925
37010.19922 0.515925
37023.69922 0.515918
37037.30078 0.515918
37050.80078 0.515908
37064.30078 0.515906
37077.80078 0.515915
37091.30078 0.515919
37104.80078 0.515954
37118.30078 0.516031
37131.80078 0.5161
37145.39844 0.516175
37158.89844 0.51624
37172.39844 0.516295
37185.89844 0.516356
37199.39844 0.516412
37212.89844 0.516476
37226.39844 0.516558
37239.89844 0.516637
37253.50000 0.516724
37267.00000 0.516815
37280.50000 0.51689
37294.00000 0.516963
37307.50000 0.517039
37321.00000 0.517112
37334.50000 0.517196
37348.00000 0.517281
37361.50000 0.517965
37375.10156 0.518071
37388.60156 0.518179
37402.10156 0.518391
37415.60156 0.518891
37429.10156 0.518927
37442.60156 0.518952
37456.10156 0.518982
37469.60156 0.519009
37483.19922 0.519043
37496.69922 0.51909
37510.19922 0.51913
37523.69922 0.519177
37537.19922 0.51924
37550.69922 0.519298
37564.19922 0.519358
37577.69922 0.519423
37591.30078 0.519481
37604.80078 0.519539
37618.30078 0.519594
37631.80078 0.519642
37645.30078 0.519706
37658.80078 0.519781
37672.30078 0.519857
37685.80078 0.519946
37699.39844 0.520036
37712.89844 0.520105
37726.39844 0.520179
37739.89844 0.520255
37753.39844 0.520322
37766.89844 0.52081
37780.39844 0.521064
37793.89844 0.521126
37807.50000 0.521242
37821.00000 0.521395
37834.50000 0.521545
37848.00000 0.521706
37861.50000 0.521867
37875.00000 0.522015
37888.50000 0.522165
37902.00000 0.522283
37915.60156 0.522266
37929.10156 0.522256
37942.60156 0.522244
37956.10156 0.522231
37969.60156 0.522231
37983.10156 0.522217
37996.60156 0.522197
38010.10156 0.522301
38023.69922 0.522414
38037.19922 0.522512
38050.69922 0.522623
38064.19922 0.522721
38077.69922 0.522815
38091.19922 0.522914
38104.69922 0.522966
38118.19922 0.522966
38131.80078 0.522976
38145.30078 0.522976
38158.80078 0.522973
38172.30078 0.523105
38185.80078 0.523546
38199.30078 0.523511
38212.80078 0.523485
38226.30078 0.523451
38239.80078 0.52341
38253.39844 0.52337
38266.89844 0.523316
38280.39844 0.523256
38293.89844 0.523206
38307.39844 0.523147
38320.89844 0.523071
38334.39844 0.522994
38347.89844 0.522895
38361.50000 0.522791
38375.00000 0.522704
38388.50000 0.52309
38402.00000 0.52306
38415.50000 0.522953
38429.00000 0.522837
38442.50000 0.522716
38456.00000 0.522595
38469.60156 0.522461
38483.10156 0.522317
38496.60156 0.522178
38510.10156 0.522027
38523.60156 0.521864
38537.10156 0.521702
38550.60156 0.521536
38564.10156 0.521365
38577.69922 0.521666
38591.19922 0.521644
38604.69922 0.521467
38618.19922 0.521309
38631.69922 0.521149
38645.19922 0.52098
38658.69922 0.520819
38672.19922 0.520652
38685.80078 0.520478
38699.30078 0.520312
38712.80078 0.520133
38726.30078 0.519943
38739.80078 0.519758
38753.30078 0.51958
38766.80078 0.519403
38780.30078 0.519233
38793.89844 0.519072
38807.39844 0.518906
38820.89844 0.518749
38834.39844 0.518604
38847.89844 0.518454
38861.39844 0.518321
38874.89844 0.518203
38888.39844 0.518079
38902.00000 0.51796
38915.50000 0.517851
38929.00000 0.517745
38942.50000 0.517642
38956.00000 0.517553
38969.50000 0.517465
38983.00000 0.517977
38996.50000 0.517914
39010.10156 0.517855
39023.60156 0.517804
39037.10156 0.517778
39050.60156 0.517754
39064.10156 0.517734
39077.60156 0.517731
39091.10156 0.517735
39104.60156 0.517744
39118.19922 0.517777
39131.69922 0.517832
39145.19922 0.518187
39158.69922 0.518535
39172.19922 0.518618
39185.69922 0.518686
39199.19922 0.518759
39212.69922 0.518843
39226.19922 0.518923
39239.80078 0.519007
39253.30078 0.519098
39266.80078 0.51918
39280.30078 0.519249
39293.80078 0.519322
39307.30078 0.519382
39320.80078 0.519412
39334.30078 0.51943
39347.89844 0.519407
39361.39844 0.519333
39374.89844 0.519518
39388.39844 0.519677
39401.89844 0.519492
39415.39844 0.519322
39428.89844 0.519102
39442.39844 0.518807
39456.00000 0.518437
39469.50000 0.517982
39483.00000 0.517415
39496.50000 0.516745
39510.00000 0.51591
39523.50000 0.514927
39537.00000 0.513806
39550.50000 0.512553
39564.10156 0.511155
39577.60156 0.50958
39591.10156 0.50783
39604.60156 0.505895
39618.10156 0.503759
39631.60156 0.501423
39645.10156 0.498877
39658.60156 0.496103
39672.19922 0.493102
39685.69922 0.489878
39699.19922 0.486903
39712.69922 0.483203
39726.19922 0.479178
39739.69922 0.474889
39753.19922 0.470324
39766.69922 0.465497
39780.30078 0.46093
39793.80078 0.455549
39807.30078 0.449894
39820.80078 0.443986
39834.30078 0.437781
39847.80078 0.431278
39861.30078 0.424538
39874.80078 0.417543
39888.39844 0.410309
39901.89844 0.402864
39915.39844 0.395221
39928.89844 0.387374
39942.39844 0.379352
39955.89844 0.371141
39969.39844 0.362769
39982.89844 0.354277
39996.50000 0.345689
40010.00000 0.337003
40023.50000 0.328235
40037.00000 0.319428
40050.50000 0.310597
40064.00000 0.301689
40077.50000 0.292816
40091.00000 0.283978
40104.50000 0.275187
40118.10156 0.266488
40131.60156 0.257886
40145.10156 0.249372
40158.60156 0.240935
40172.10156 0.232628
40185.60156 0.224592
40199.10156 0.216645
40212.60156 0.208956
40226.19922 0.201197
40239.69922 0.193594
40253.19922 0.186165
40266.69922 0.178941
40280.19922 0.171877
40293.69922 0.165008
40307.19922 0.158355
40320.69922 0.151897
40334.30078 0.145615
40347.80078 0.139538
40361.30078 0.133675
40374.80078 0.127963
40388.30078 0.122454
40401.80078 0.117154
40415.30078 0.112045
40428.80078 0.107107
40442.39844 0.102372
40455.89844 0.0978219
40469.39844 0.0934086
40482.89844 0.0891892
40496.39844 0.0851386
40509.89844 0.0812234
40523.39844 0.0774549
40536.89844 0.073869
40550.50000 0.0704168
40564.00000 0.0670831
40577.50000 0.0639158
40591.00000 0.0608782
40604.50000 0.0579846
40618.00000 0.0552218
40631.50000 0.0525779
40645.00000 0.0500187
40658.60156 0.047569
40672.10156 0.0452526
40685.60156 0.0430327
40699.10156 0.0408968
40712.60156 0.038872
40726.10156 0.0369906
40739.60156 0.035145
40753.10156 0.0333807
40766.69922 0.0317149
40780.19922 0.0301197
40793.69922 0.0285818
40807.19922 0.0271387
40820.69922 0.0257718
40834.19922 0.0244374
40847.69922 0.0231838
40861.19922 0.0220033
40874.80078 0.0208711
40888.30078 0.0197725
40901.80078 0.018767
40915.30078 0.0177974
40928.80078 0.0168541
40942.30078 0.0159712
40955.80078 0.0151509
40969.30078 0.0143572
40982.80078 0.0135908
40996.39844 0.0129025
41009.89844 0.0122287
41023.39844 0.0115735
41036.89844 0.0109672
41050.39844 0.0104123
41063.89844 0.00984769
41077.39844 0.00931672
41090.89844 0.00883606
41104.50000 0.00837092
41118.00000 0.0079138
41131.50000 0.00749533
41145.00000 0.00712168
41158.50000 0.00672857
41172.00000 0.00636642
41185.50000 0.00604253
41199.00000 0.00573334
41212.60156 0.00540503
41226.10156 0.00512923
41239.60156 0.00486983
41253.10156 0.00460233
41266.60156 0.00434949
41280.10156 0.0041355
41293.60156 0.00392704
41307.10156 0.00370095
41320.69922 0.00351425
41334.19922 0.00333848
41347.69922 0.0031569
41361.19922 0.00297468
41374.69922 0.00284264
41388.19922 0.00269034
41401.69922 0.00253613
41415.19922 0.00240416
41428.80078 0.00229707
41442.30078 0.00216186
41455.80078 0.00203647
41469.30078 0.00194598
41482.80078 0.00185286
41496.30078 0.00174507
41509.80078 0.00165242
41523.30078 0.0015882
41536.89844 0.00149165
41550.39844 0.00140747
41563.89844 0.00134442
41577.39844 0.00128999
41590.89844 0.00119755
41604.39844 0.00114316
41617.89844 0.00110036
41631.39844 0.00104297
41645.00000 0.000968524
41658.50000 0.00093059
41672.00000 0.000890689
41685.50000 0.000829978
41699.00000 0.000782965
41712.50000 0.000759574
41726.00000 0.000723371
41739.50000 0.000664405
41753.10156 0.000639777
41766.60156 0.000616014
41780.10156 0.000576501
41793.60156 0.000529823
41807.10156 0.000527161
41820.60156 0.000497898
41834.10156 0.00045963
41847.60156 0.00043237
41861.10156 0.000437402
41874.69922 0.000399901
41888.19922 0.000368453
41901.69922 0.000354557
41915.19922 0.000346436
41928.69922 0.000306178
41942.19922 0.000291497
41955.69922 0.000292894
41969.19922 0.000276604
41982.80078 0.000242009
41996.30078 0.000230757
42009.80078 0.000229957
42023.30078 0.000200153
42036.80078 0.000179922
42050.30078 0.000183635
42063.80078 0.000185239
42077.30078 0.000147337
42090.89844 0.000140552
42104.39844 0.000145004
42117.89844 0.000134979
42144.89844 0.000111806
42158.39844 0.000118006
46374.23828 0.0
