threeML/data/optical_filters/JWST/NIRCam-F480M.ecsv
# %ECSV 0.9
# ---
# datatype:
# - {name: wavelength, unit: Angstrom, datatype: float32}
# - {name: response, datatype: float32}
# meta: !!omap
# - {band_name: F480M}
# - {group_name: NIRCam}
wavelength response
40399.10938 0.0
44887.89844 0.00010321
44901.39844 0.000108246
44914.89844 0.000111698
44928.39844 0.000113345
44942.00000 0.000117792
44955.50000 0.000118586
44969.00000 0.000118236
44982.50000 0.000119574
44996.00000 0.000127985
45009.50000 0.000135586
45023.00000 0.000136602
45036.50000 0.000140817
45050.10156 0.000147789
45063.60156 0.000156993
45077.10156 0.000159127
45090.60156 0.000164739
45104.10156 0.000174889
45117.60156 0.000186217
45131.10156 0.000193053
45144.60156 0.000199964
45158.19922 0.000215071
45171.69922 0.00022813
45185.19922 0.000237456
45198.69922 0.000241592
45212.19922 0.000256138
45225.69922 0.000273841
45239.19922 0.000289596
45252.69922 0.000301911
45266.30078 0.000319682
45279.80078 0.00034535
45293.30078 0.000364302
45306.80078 0.000383932
45320.30078 0.000405663
45333.80078 0.000440335
45347.30078 0.000470473
45360.80078 0.000496685
45374.39844 0.00052314
45387.89844 0.000559658
45401.39844 0.000601727
45414.89844 0.000638258
45428.39844 0.000678743
45441.89844 0.000725015
45455.39844 0.000780971
45468.89844 0.000831432
45482.50000 0.000883381
45496.00000 0.000942023
45509.50000 0.00100739
45523.00000 0.00107346
45536.50000 0.00113477
45550.00000 0.00120832
45563.50000 0.00128897
45577.00000 0.00137575
45590.50000 0.00145551
45604.10156 0.00154388
45617.60156 0.00164718
45631.10156 0.00175522
45644.60156 0.00186423
45658.10156 0.00197293
45671.60156 0.00210288
45685.10156 0.00223888
45698.60156 0.0023796
45712.19922 0.00251784
45725.69922 0.00267575
45739.19922 0.00285228
45752.69922 0.00303272
45766.19922 0.00321888
45779.69922 0.00341092
45793.19922 0.00363421
45806.69922 0.00386795
45820.30078 0.00411229
45833.80078 0.0043684
45847.30078 0.00465099
45860.80078 0.0049621
45874.30078 0.00528023
45887.80078 0.00561861
45901.30078 0.00597886
45914.80078 0.00638184
45928.39844 0.00680343
45941.89844 0.00724389
45955.39844 0.00772049
45968.89844 0.00823957
45982.39844 0.00880557
45995.89844 0.00939197
46009.39844 0.0100218
46022.89844 0.0106996
46036.50000 0.0114418
46050.00000 0.0122278
46063.50000 0.013057
46077.00000 0.0139609
46090.50000 0.014936
46104.00000 0.0159905
46117.50000 0.0171028
46131.00000 0.018299
46144.60156 0.0195937
46158.10156 0.0209916
46171.60156 0.0224844
46185.10156 0.0240705
46198.60156 0.025795
46212.10156 0.0276476
46225.60156 0.0296394
46239.10156 0.0317597
46252.69922 0.0340341
46266.19922 0.0364956
46279.69922 0.0391315
46293.19922 0.0419508
46306.69922 0.0449524
46320.19922 0.048188
46333.69922 0.0516628
46347.19922 0.0553658
46360.80078 0.0593084
46374.30078 0.0635135
46387.80078 0.0680265
46401.30078 0.0728278
46414.80078 0.0779383
46428.30078 0.0833274
46441.80078 0.0890684
46455.30078 0.0951803
46468.80078 0.101592
46482.39844 0.10837
46495.89844 0.115507
46509.39844 0.123003
46522.89844 0.131034
46536.39844 0.139253
46549.89844 0.147779
46563.39844 0.156703
46576.89844 0.165931
46590.50000 0.175428
46604.00000 0.185276
46617.50000 0.19525
46631.00000 0.205495
46644.50000 0.216057
46658.00000 0.226491
46671.50000 0.237132
46685.00000 0.24788
46698.60156 0.258419
46712.10156 0.269032
46725.60156 0.279451
46739.10156 0.289518
46752.60156 0.299522
46766.10156 0.309061
46779.60156 0.318166
46793.10156 0.327048
46806.69922 0.335134
46820.19922 0.34284
46833.69922 0.3502
46847.19922 0.356612
46860.69922 0.362691
46874.19922 0.368236
46887.69922 0.373063
46901.19922 0.377552
46914.80078 0.381411
46928.30078 0.384745
46941.80078 0.387771
46955.30078 0.390205
46968.80078 0.392312
46982.30078 0.394593
46995.80078 0.395923
47009.30078 0.397078
47022.89844 0.397984
47036.39844 0.398593
47049.89844 0.399072
47063.39844 0.399342
47076.89844 0.399489
47090.39844 0.39956
47103.89844 0.3995
47117.39844 0.399423
47131.00000 0.39929
47144.50000 0.399105
47158.00000 0.398898
47171.50000 0.398652
47185.00000 0.398387
47198.50000 0.398115
47212.00000 0.397795
47225.50000 0.397458
47239.10156 0.397112
47252.60156 0.396762
47266.10156 0.39642
47279.60156 0.396088
47293.10156 0.395755
47306.60156 0.395426
47320.10156 0.395113
47333.60156 0.394821
47347.10156 0.394852
47360.69922 0.394695
47374.19922 0.394419
47387.69922 0.394149
47401.19922 0.393894
47414.69922 0.393643
47428.19922 0.393375
47441.69922 0.393104
47455.19922 0.392831
47468.80078 0.392549
47482.30078 0.392255
47495.80078 0.39194
47509.30078 0.391622
47522.80078 0.391305
47536.30078 0.390987
47549.80078 0.390656
47563.30078 0.390314
47576.89844 0.389982
47590.39844 0.389654
47603.89844 0.389332
47617.39844 0.389001
47630.89844 0.388651
47644.39844 0.38831
47657.89844 0.387977
47671.39844 0.387651
47685.00000 0.387308
47698.50000 0.386964
47712.00000 0.38663
47725.50000 0.386297
47739.00000 0.385966
47752.50000 0.385632
47766.00000 0.385311
47779.50000 0.385014
47793.10156 0.384726
47806.60156 0.384439
47820.10156 0.384161
47833.60156 0.383902
47847.10156 0.383669
47860.60156 0.383441
47874.10156 0.383217
47887.60156 0.383003
47901.19922 0.382807
47914.69922 0.382631
47928.19922 0.382441
47941.69922 0.382251
47955.19922 0.38206
47968.69922 0.381881
47982.19922 0.381711
47995.69922 0.381522
48009.30078 0.381339
48022.80078 0.381164
48036.30078 0.381004
48049.80078 0.380851
48063.30078 0.380675
48076.80078 0.380501
48090.30078 0.380747
48103.80078 0.380576
48117.39844 0.380398
48130.89844 0.380184
48144.39844 0.379971
48157.89844 0.37976
48171.39844 0.379542
48184.89844 0.379315
48198.39844 0.379043
48211.89844 0.378776
48225.50000 0.378509
48239.00000 0.378229
48252.50000 0.37794
48266.00000 0.377617
48279.50000 0.377304
48293.00000 0.377001
48306.50000 0.376693
48320.00000 0.376378
48333.50000 0.37604
48347.10156 0.37571
48360.60156 0.375388
48374.10156 0.375058
48387.60156 0.374722
48401.10156 0.374364
48414.60156 0.374012
48428.10156 0.37367
48441.60156 0.373303
48455.19922 0.372926
48468.69922 0.372525
48482.19922 0.372131
48495.69922 0.371744
48509.19922 0.371338
48522.69922 0.370924
48536.19922 0.3705
48549.69922 0.37008
48563.30078 0.36967
48576.80078 0.36923
48590.30078 0.368779
48603.80078 0.368315
48617.30078 0.367845
48630.80078 0.36737
48644.30078 0.366846
48657.80078 0.366298
48671.39844 0.365729
48684.89844 0.365156
48698.39844 0.364574
48711.89844 0.363951
48725.39844 0.363301
48738.89844 0.362649
48752.39844 0.361995
48765.89844 0.361572
48779.50000 0.361053
48793.00000 0.360208
48806.50000 0.359381
48820.00000 0.358562
48833.50000 0.357751
48847.00000 0.356935
48860.50000 0.356113
48874.00000 0.355327
48887.60156 0.354557
48901.10156 0.3538
48914.60156 0.353043
48928.10156 0.35229
48941.60156 0.351581
48955.10156 0.350902
48968.60156 0.350248
48982.10156 0.349602
48995.69922 0.348983
49009.19922 0.348401
49022.69922 0.347866
49036.19922 0.347337
49049.69922 0.346809
49063.19922 0.346286
49076.69922 0.34577
49090.19922 0.345271
49103.80078 0.344724
49117.30078 0.344142
49130.80078 0.343471
49144.30078 0.342765
49157.80078 0.341942
49171.30078 0.341006
49184.80078 0.339904
49198.30078 0.338609
49211.80078 0.337225
49225.39844 0.335529
49238.89844 0.333722
49252.39844 0.331555
49265.89844 0.329182
49279.39844 0.326604
49292.89844 0.32369
49306.39844 0.320697
49319.89844 0.317185
49333.50000 0.313607
49347.00000 0.309758
49360.50000 0.305741
49374.00000 0.301627
49387.50000 0.297214
49401.00000 0.292835
49414.50000 0.288397
49428.00000 0.284053
49441.60156 0.279495
49455.10156 0.274937
49468.60156 0.270452
49482.10156 0.266021
49495.60156 0.261766
49509.10156 0.257573
49522.60156 0.253536
49536.10156 0.249597
49549.69922 0.245831
49563.19922 0.242242
49576.69922 0.238776
49590.19922 0.23547
49603.69922 0.232247
49617.19922 0.229181
49630.69922 0.226258
49644.19922 0.223431
49657.80078 0.220701
49671.30078 0.218005
49684.80078 0.215401
49698.30078 0.212847
49711.80078 0.210351
49725.30078 0.207839
49738.80078 0.205325
49752.30078 0.202812
49765.89844 0.200274
49779.39844 0.197777
49792.89844 0.195105
49806.39844 0.192442
49819.89844 0.189643
49833.39844 0.186804
49846.89844 0.183899
49860.39844 0.180822
49874.00000 0.177704
49887.50000 0.174345
49901.00000 0.170992
49914.50000 0.167426
49928.00000 0.163801
49941.50000 0.159991
49955.00000 0.156059
49968.50000 0.152069
49982.10156 0.147897
49995.60156 0.143773
50009.10156 0.139351
50022.60156 0.135002
50036.10156 0.130514
50049.60156 0.126039
50063.10156 0.121538
50076.60156 0.116964
50090.10156 0.112563
50103.69922 0.10797
50117.19922 0.103517
50130.69922 0.0990158
50144.19922 0.0946428
50157.69922 0.0902711
50171.19922 0.0860186
50184.69922 0.0818767
50198.19922 0.0778333
50211.80078 0.0739453
50225.30078 0.0701088
50238.80078 0.0664489
50252.30078 0.0629004
50265.80078 0.0595217
50279.30078 0.0562688
50292.80078 0.0531509
50306.30078 0.0501596
50319.89844 0.0473218
50333.39844 0.0446384
50346.89844 0.0420821
50360.39844 0.0396671
50373.89844 0.037344
50387.39844 0.0351591
50400.89844 0.0331047
50414.39844 0.0311671
50428.00000 0.0293382
50441.50000 0.0276046
50455.00000 0.0259666
50468.50000 0.0244427
50482.00000 0.0230131
50495.50000 0.0216617
50509.00000 0.020388
50522.50000 0.0191786
50536.10156 0.0180506
50549.60156 0.0170063
50563.10156 0.0160215
50576.60156 0.0150931
50590.10156 0.0142142
50603.60156 0.0133851
50617.10156 0.0126264
50630.60156 0.0119146
50644.19922 0.0112428
50657.69922 0.0106084
50671.19922 0.0100076
50684.69922 0.00944902
50698.19922 0.0089349
50711.69922 0.00844477
50725.19922 0.00797823
50738.69922 0.0075383
50752.30078 0.00712316
50765.80078 0.00674796
50779.30078 0.00640168
50792.80078 0.00605772
50806.30078 0.00573237
50819.80078 0.00542654
50833.30078 0.00514279
50846.80078 0.00488468
50860.39844 0.00463419
50873.89844 0.00439114
50887.39844 0.00416401
50900.89844 0.00395035
50914.39844 0.00375778
50927.89844 0.00357732
50941.39844 0.00339398
50954.89844 0.00322009
50968.39844 0.00306027
50982.00000 0.0029107
50995.50000 0.00277536
56095.05078 0.0
