threeML/data/optical_filters/JWST/NIRCam-F470N.ecsv
# %ECSV 0.9
# ---
# datatype:
# - {name: wavelength, unit: Angstrom, datatype: float32}
# - {name: response, datatype: float32}
# meta: !!omap
# - {band_name: F470N}
# - {group_name: NIRCam}
wavelength response
41578.74219 0.0
46198.60156 0.000105082
46212.10156 0.000111768
46225.60156 0.000119298
46239.10156 0.000128891
46252.69922 0.000139871
46266.19922 0.000152236
46279.69922 0.000166345
46293.19922 0.000182483
46306.69922 0.000202077
46320.19922 0.00022358
46333.69922 0.000247444
46347.19922 0.000274629
46360.80078 0.000306904
46374.30078 0.000344836
46387.80078 0.000392118
46401.30078 0.000450875
46414.80078 0.000523499
46428.30078 0.000616008
46441.80078 0.000726451
46455.30078 0.000858879
46468.80078 0.00102229
46482.39844 0.00121874
46495.89844 0.00145535
46509.39844 0.00173404
46522.89844 0.00206656
46536.39844 0.00245724
46549.89844 0.00291514
46563.39844 0.00345337
46576.89844 0.00408025
46590.50000 0.00481797
46604.00000 0.00568643
46617.50000 0.006705
46631.00000 0.00790399
46644.50000 0.00931658
46658.00000 0.0110092
46671.50000 0.0130398
46685.00000 0.015491
46698.60156 0.0185317
46712.10156 0.0222828
46725.60156 0.0270064
46739.10156 0.0330727
46752.60156 0.0407568
46766.10156 0.0507279
46779.60156 0.0634849
46793.10156 0.079677
46806.69922 0.0997065
46820.19922 0.123537
46833.69922 0.151693
46847.19922 0.180004
46860.69922 0.209472
46874.19922 0.23715
46887.69922 0.258311
46901.19922 0.276415
46914.80078 0.287648
46928.30078 0.294246
46941.80078 0.298276
46955.30078 0.299158
46968.80078 0.299545
46982.30078 0.299858
46995.80078 0.300184
47009.30078 0.300758
47022.89844 0.301693
47036.39844 0.302782
47049.89844 0.303789
47063.39844 0.304413
47076.89844 0.304384
47090.39844 0.303943
47103.89844 0.302553
47117.39844 0.300861
47131.00000 0.298839
47144.50000 0.296876
47158.00000 0.295183
47171.50000 0.294019
47185.00000 0.293503
47198.50000 0.293199
47212.00000 0.292714
47225.50000 0.290678
47239.10156 0.287438
47252.60156 0.278164
47266.10156 0.265547
47279.60156 0.248039
47293.10156 0.224041
47306.60156 0.198798
47320.10156 0.16983
47333.60156 0.141538
47347.10156 0.115985
47360.69922 0.0919123
47374.19922 0.0722363
47387.69922 0.0560776
47401.19922 0.0433395
47414.69922 0.0334854
47428.19922 0.0259764
47441.69922 0.0202779
47455.19922 0.0159046
47468.80078 0.0126395
47482.30078 0.0101008
47495.80078 0.00814595
47509.30078 0.00663449
47522.80078 0.00543138
47536.30078 0.00449631
47549.80078 0.0037456
47563.30078 0.00313822
47576.89844 0.00265276
47590.39844 0.00225104
47603.89844 0.00192354
47617.39844 0.00165303
47630.89844 0.00142477
47644.39844 0.00123253
47657.89844 0.00106805
47671.39844 0.000927506
47685.00000 0.000807287
47698.50000 0.000703241
47712.00000 0.000613333
47725.50000 0.000537816
47739.00000 0.000473594
47752.50000 0.000421701
47766.00000 0.000377045
47779.50000 0.000339478
47793.10156 0.00030924
47806.60156 0.000283385
47820.10156 0.000262023
47833.60156 0.000242267
47847.10156 0.00022397
47860.60156 0.0002071
47874.10156 0.000191178
47887.60156 0.000174663
47901.19922 0.000158565
47914.69922 0.000143122
47928.19922 0.000129159
47941.69922 0.000116253
47955.19922 0.000103776
52750.71875 0.0
