threeML/data/optical_filters/JWST/NIRCam-F430M.ecsv
# %ECSV 0.9
# ---
# datatype:
# - {name: wavelength, unit: Angstrom, datatype: float32}
# - {name: response, datatype: float32}
# meta: !!omap
# - {band_name: F430M}
# - {group_name: NIRCam}
wavelength response
36580.50000 0.0
40645.00000 0.00010441
40658.60156 0.000109859
40672.10156 0.000115742
40685.60156 0.000123582
40699.10156 0.000133835
40712.60156 0.000145404
40726.10156 0.000156864
40739.60156 0.000168961
40753.10156 0.000183428
40766.69922 0.000200091
40780.19922 0.000218099
40793.69922 0.000236722
40807.19922 0.000256702
40820.69922 0.000279759
40834.19922 0.000305825
40847.69922 0.000334594
40861.19922 0.000365645
40874.80078 0.000399003
40888.30078 0.000435705
40901.80078 0.000477724
40915.30078 0.000523979
40928.80078 0.000574129
40942.30078 0.000628849
40955.80078 0.000688882
40969.30078 0.000754612
40982.80078 0.000827087
40996.39844 0.000908089
41009.89844 0.000997032
41023.39844 0.00109434
41036.89844 0.00120264
41050.39844 0.00132376
41063.89844 0.00146053
41077.39844 0.00161304
41090.89844 0.00178197
41104.50000 0.00196905
41118.00000 0.00217693
41131.50000 0.00240906
41145.00000 0.00267081
41158.50000 0.0029651
41172.00000 0.00329488
41185.50000 0.00366692
41199.00000 0.00408485
41212.60156 0.00455418
41226.10156 0.00508497
41239.60156 0.00568346
41253.10156 0.00635971
41266.60156 0.00712425
41280.10156 0.00798842
41293.60156 0.00896576
41307.10156 0.0100764
41320.69922 0.0113378
41334.19922 0.0127714
41347.69922 0.0144021
41361.19922 0.0162609
41374.69922 0.0183841
41388.19922 0.0208041
41401.69922 0.0235671
41415.19922 0.0267293
41428.80078 0.0303424
41442.30078 0.0344684
41455.80078 0.039183
41469.30078 0.0445578
41482.80078 0.0507336
41496.30078 0.0576945
41509.80078 0.0655877
41523.30078 0.0744805
41536.89844 0.084464
41550.39844 0.0956333
41563.89844 0.108066
41577.39844 0.121818
41590.89844 0.136842
41604.39844 0.153194
41617.89844 0.170828
41631.39844 0.189523
41645.00000 0.209249
41658.50000 0.229702
41672.00000 0.250438
41685.50000 0.271441
41699.00000 0.292463
41712.50000 0.313238
41726.00000 0.333348
41739.50000 0.352183
41753.10156 0.370059
41766.60156 0.386814
41780.10156 0.40233
41793.60156 0.416494
41807.10156 0.428856
41820.60156 0.439933
41834.10156 0.449773
41847.60156 0.458426
41861.10156 0.465905
41874.69922 0.471979
41888.19922 0.477181
41901.69922 0.481569
41915.19922 0.485201
41928.69922 0.488127
41942.19922 0.490951
41955.69922 0.49277
41969.19922 0.494199
41982.80078 0.495302
41996.30078 0.496157
42009.80078 0.496736
42023.30078 0.497155
42036.80078 0.49784
42050.30078 0.498251
42063.80078 0.498377
42077.30078 0.498444
42090.89844 0.498503
42104.39844 0.498545
42117.89844 0.498565
42131.39844 0.49859
42144.89844 0.498647
42158.39844 0.498698
42171.89844 0.498751
42185.39844 0.498835
42199.00000 0.498955
42212.50000 0.499041
42226.00000 0.499139
42239.50000 0.499258
42253.00000 0.499388
42266.50000 0.499479
42280.00000 0.499584
42293.50000 0.49969
42307.10156 0.499783
42320.60156 0.499834
42334.10156 0.499898
42347.60156 0.499944
42361.10156 0.499958
42374.60156 0.499939
42388.10156 0.499945
42401.60156 0.499921
42415.19922 0.499862
42428.69922 0.500279
42442.19922 0.500284
42455.69922 0.500143
42469.19922 0.499956
42482.69922 0.500288
42496.19922 0.500051
42509.69922 0.499707
42523.30078 0.499317
42536.80078 0.498889
42550.30078 0.498414
42563.80078 0.49782
42577.30078 0.497144
42590.80078 0.496387
42604.30078 0.495229
42617.80078 0.493285
42631.39844 0.491162
42644.89844 0.488858
42658.39844 0.486319
42671.89844 0.483495
42685.39844 0.480245
42698.89844 0.476573
42712.39844 0.472158
42725.89844 0.467532
42739.50000 0.463171
42753.00000 0.460124
42766.50000 0.458765
42780.00000 0.459196
42793.50000 0.461473
42807.00000 0.466046
42820.50000 0.471549
42834.00000 0.476025
42847.50000 0.479333
42861.10156 0.481554
42874.60156 0.483496
42888.10156 0.485299
42901.60156 0.486813
42915.10156 0.486385
42928.60156 0.485968
42942.10156 0.486229
42955.60156 0.486295
42969.19922 0.485909
42982.69922 0.48555
42996.19922 0.48522
43009.69922 0.484858
43023.19922 0.484465
43036.69922 0.484119
43050.19922 0.483812
43063.69922 0.483536
43077.30078 0.483269
43090.80078 0.483078
43104.30078 0.48293
43117.80078 0.482807
43131.30078 0.482693
43144.80078 0.482651
43158.30078 0.482637
43171.80078 0.48264
43185.39844 0.482646
43198.89844 0.482717
43212.39844 0.482816
43225.89844 0.48292
43239.39844 0.483022
43252.89844 0.483164
43266.39844 0.48329
43279.89844 0.483393
43293.50000 0.483471
43307.00000 0.483559
43320.50000 0.483606
43334.00000 0.48361
43347.50000 0.483569
43361.00000 0.483498
43374.50000 0.483359
43388.00000 0.483149
43401.60156 0.482872
43415.10156 0.48253
43428.60156 0.482103
43442.10156 0.481591
43455.60156 0.481301
43469.10156 0.480879
43482.60156 0.480144
43496.10156 0.47932
43509.69922 0.47844
43523.19922 0.478051
43536.69922 0.47706
43550.19922 0.476012
43563.69922 0.474952
43577.19922 0.47387
43590.69922 0.472759
43604.19922 0.471618
43617.80078 0.470496
43631.30078 0.469345
43644.80078 0.468155
43658.30078 0.466907
43671.80078 0.465588
43685.30078 0.464145
43698.80078 0.462552
43712.30078 0.460718
43725.80078 0.458561
43739.39844 0.456049
43752.89844 0.453129
43766.39844 0.449502
43779.89844 0.44516
43793.39844 0.440112
43806.89844 0.43431
43820.39844 0.427094
43833.89844 0.418897
43847.50000 0.409701
43861.00000 0.399245
43874.50000 0.387142
43888.00000 0.373976
43901.50000 0.359815
43915.00000 0.344104
43928.50000 0.327179
43942.00000 0.309557
43955.60156 0.291406
43969.10156 0.271997
43982.60156 0.252509
43996.10156 0.233169
44009.60156 0.213921
44023.10156 0.194815
44036.60156 0.176548
44050.10156 0.159242
44063.69922 0.142867
44077.19922 0.127477
44090.69922 0.113372
44104.19922 0.100509
44117.69922 0.0887974
44131.19922 0.0783351
44144.69922 0.069072
44158.19922 0.0607731
44171.80078 0.0534431
44185.30078 0.0469922
44198.80078 0.0413224
44212.30078 0.0363661
44225.80078 0.0320254
44239.30078 0.0282237
44252.80078 0.0249025
44266.30078 0.0220069
44279.89844 0.0194708
44293.39844 0.017247
44306.89844 0.0153084
44320.39844 0.0136065
44333.89844 0.0121095
44347.39844 0.010793
44360.89844 0.00963544
44374.39844 0.00861402
44388.00000 0.00771251
44401.50000 0.00691788
44415.00000 0.00621233
44428.50000 0.0055853
44442.00000 0.00503008
44455.50000 0.0045359
44469.00000 0.00409562
44482.50000 0.00370414
44496.10156 0.00335655
44509.60156 0.00304291
44523.10156 0.00275992
44536.60156 0.00250718
44550.10156 0.00228113
44563.60156 0.00207725
44577.10156 0.00189246
44590.60156 0.00172684
44604.10156 0.00157788
44617.69922 0.00144384
44631.19922 0.00132235
44644.69922 0.00121237
44658.19922 0.00111263
44671.69922 0.00102234
44685.19922 0.000939559
44698.69922 0.000863974
44712.19922 0.000795284
44725.80078 0.000732716
44739.30078 0.000675517
44752.80078 0.000623214
44766.30078 0.000576383
44779.80078 0.000532675
44793.30078 0.000492074
44806.80078 0.000455076
44820.30078 0.000421833
44833.89844 0.000391048
44847.39844 0.000362267
44860.89844 0.000336274
44874.39844 0.000313214
44887.89844 0.00029295
44901.39844 0.000272801
44914.89844 0.000252883
44928.39844 0.000233556
44942.00000 0.000215098
44955.50000 0.00019906
44969.00000 0.0001856
44982.50000 0.000175881
44996.00000 0.000166653
45009.50000 0.000156813
45023.00000 0.000145719
45036.50000 0.000136946
45050.10156 0.000129661
45063.60156 0.000123821
45077.10156 0.000116252
45090.60156 0.000109436
45104.10156 0.000103411
49614.51172 0.0
