threeML/data/optical_filters/JWST/NIRCam-F115W.ecsv
# %ECSV 0.9
# ---
# datatype:
# - {name: wavelength, unit: Angstrom, datatype: float32}
# - {name: response, datatype: float32}
# meta: !!omap
# - {band_name: F115W}
# - {group_name: NIRCam}
wavelength response
8902.79980 0.0
9892.00000 0.000116806
9902.00000 0.000139915
9912.00000 0.000165642
9922.00000 0.000194668
9932.00000 0.000227798
9942.00000 0.000266434
9952.00000 0.000312148
9962.00000 0.000369172
9972.00000 0.000442097
9982.00000 0.0130069
9992.00000 0.0270756
10002.00000 0.0428148
10012.00000 0.0476832
10022.00000 0.0534747
10032.00000 0.0594043
10042.00000 0.066791
10052.00000 0.0749599
10062.00000 0.0855468
10072.00000 0.0973747
10082.00000 0.110893
10092.00000 0.12596
10102.00000 0.142039
10112.00000 0.159727
10122.00000 0.17781
10132.00000 0.196057
10142.00000 0.212324
10152.00000 0.22633
10162.00000 0.23646
10172.00000 0.2437
10182.00000 0.247439
10192.00000 0.24963
10202.00000 0.249794
10212.00000 0.250262
10222.00000 0.250079
10232.00000 0.250114
10242.00000 0.249846
10252.00000 0.250314
10262.00000 0.250757
10272.00000 0.251706
10282.00000 0.252747
10292.00000 0.253878
10302.00000 0.255083
10312.00000 0.256275
10322.00000 0.258664
10332.00000 0.260133
10342.00000 0.262402
10352.00000 0.263988
10362.00000 0.265627
10372.00000 0.265955
10382.00000 0.267706
10392.00000 0.269278
10402.00000 0.270917
10412.00000 0.271163
10422.00000 0.27187
10432.00000 0.271919
10442.00000 0.272391
10452.00000 0.273166
10462.00000 0.274093
10472.00000 0.274927
10482.00000 0.275898
10492.00000 0.276497
10502.00000 0.277266
10512.00000 0.278809
10522.00000 0.280159
10532.00000 0.280862
10542.00000 0.281872
10552.00000 0.282427
10562.00000 0.282448
10572.00000 0.281722
10582.00000 0.281734
10592.00000 0.28167
10602.00000 0.280976
10612.00000 0.28024
10622.00000 0.279373
10632.00000 0.278058
10642.00000 0.27715
10652.00000 0.276085
10662.00000 0.275618
10672.00000 0.273529
10682.00000 0.272127
10692.00000 0.270209
10702.00000 0.268116
10712.00000 0.266501
10722.00000 0.265165
10732.00000 0.263777
10742.00000 0.261778
10752.00000 0.260488
10762.00000 0.25995
10772.00000 0.25891
10782.00000 0.258745
10792.00000 0.258555
10802.00000 0.258548
10812.00000 0.258841
10822.00000 0.25981
10832.00000 0.260175
10842.00000 0.261
10852.00000 0.261726
10862.00000 0.263638
10872.00000 0.264795
10882.00000 0.266785
10892.00000 0.268692
10902.00000 0.271333
10912.00000 0.273475
10922.00000 0.276084
10932.00000 0.278459
10942.00000 0.28085
10952.00000 0.283039
10962.00000 0.284888
10972.00000 0.287615
10982.00000 0.289655
10992.00000 0.291704
11002.00000 0.292502
11012.00000 0.293558
11022.00000 0.294459
11032.00000 0.295635
11042.00000 0.296496
11052.00000 0.297422
11062.00000 0.297473
11072.00000 0.297571
11082.00000 0.297381
11092.00000 0.296803
11102.00000 0.297083
11112.00000 0.297143
11122.00000 0.297468
11132.00000 0.296901
11142.00000 0.296792
11152.00000 0.296629
11162.00000 0.29592
11172.00000 0.295169
11182.00000 0.294506
11192.00000 0.294096
11202.00000 0.294067
11212.00000 0.293178
11222.00000 0.292789
11232.00000 0.291573
11242.00000 0.291861
11252.00000 0.292159
11262.00000 0.293213
11272.00000 0.293692
11282.00000 0.294894
11292.00000 0.295715
11302.00000 0.297111
11312.00000 0.297851
11322.00000 0.299503
11332.00000 0.300485
11342.00000 0.301966
11352.00000 0.302931
11362.00000 0.304167
11372.00000 0.305711
11382.00000 0.306705
11392.00000 0.308089
11402.00000 0.308644
11412.00000 0.31069
11422.00000 0.312812
11432.00000 0.314893
11442.00000 0.317226
11452.00000 0.319356
11462.00000 0.320798
11472.00000 0.322467
11482.00000 0.323979
11492.00000 0.326102
11502.00000 0.327772
11512.00000 0.329588
11522.00000 0.331584
11532.00000 0.332744
11542.00000 0.334214
11552.00000 0.336025
11562.00000 0.337923
11572.00000 0.340138
11582.00000 0.341634
11592.00000 0.34408
11602.00000 0.345097
11612.00000 0.346779
11622.00000 0.347888
11632.00000 0.349732
11642.00000 0.350885
11652.00000 0.351826
11662.00000 0.352588
11672.00000 0.353641
11682.00000 0.354204
11692.00000 0.354501
11702.00000 0.354797
11712.00000 0.355088
11722.00000 0.35552
11732.00000 0.355477
11742.00000 0.355896
11752.00000 0.356681
11762.00000 0.356263
11772.00000 0.356678
11782.00000 0.356103
11792.00000 0.355688
11802.00000 0.355165
11812.00000 0.355561
11822.00000 0.356453
11832.00000 0.356069
11842.00000 0.35558
11852.00000 0.355
11862.00000 0.354557
11872.00000 0.353275
11882.00000 0.352953
11892.00000 0.353379
11902.00000 0.354129
11912.00000 0.353557
11922.00000 0.351653
11932.00000 0.351251
11942.00000 0.350408
11952.00000 0.349656
11962.00000 0.348511
11972.00000 0.348265
11982.00000 0.348141
11992.00000 0.348057
12002.00000 0.347852
12012.00000 0.348442
12022.00000 0.34858
12032.00000 0.347941
12042.00000 0.34825
12052.00000 0.348136
12062.00000 0.348115
12072.00000 0.347988
12082.00000 0.347982
12092.00000 0.349296
12102.00000 0.348869
12112.00000 0.349476
12122.00000 0.349037
12132.00000 0.350036
12142.00000 0.35002
12152.00000 0.35072
12162.00000 0.350468
12172.00000 0.350673
12182.00000 0.351779
12192.00000 0.352703
12202.00000 0.353763
12212.00000 0.354926
12222.00000 0.356915
12232.00000 0.358573
12242.00000 0.359669
12252.00000 0.361008
12262.00000 0.362873
12272.00000 0.364877
12282.00000 0.366437
12292.00000 0.367685
12302.00000 0.369452
12312.00000 0.370529
12322.00000 0.372297
12332.00000 0.372861
12342.00000 0.374457
12352.00000 0.375315
12362.00000 0.376234
12372.00000 0.376928
12382.00000 0.377539
12392.00000 0.377741
12402.00000 0.37888
12412.00000 0.379577
12422.00000 0.381416
12432.00000 0.38211
12442.00000 0.383525
12452.00000 0.384448
12462.00000 0.385256
12472.00000 0.385406
12482.00000 0.386051
12492.00000 0.387127
12502.00000 0.387688
12512.00000 0.389173
12522.00000 0.390086
12532.00000 0.390978
12542.00000 0.390821
12552.00000 0.390563
12562.00000 0.390758
12572.00000 0.391617
12582.00000 0.39169
12592.00000 0.392122
12602.00000 0.391842
12612.00000 0.392166
12622.00000 0.392245
12632.00000 0.392015
12642.00000 0.391842
12652.00000 0.391982
12662.00000 0.39104
12672.00000 0.391073
12682.00000 0.390529
12692.00000 0.390181
12702.00000 0.387885
12712.00000 0.384598
12722.00000 0.379251
12732.00000 0.373198
12742.00000 0.364033
12752.00000 0.352237
12762.00000 0.335259
12772.00000 0.314972
12782.00000 0.290359
12792.00000 0.263072
12802.00000 0.234054
12812.00000 0.205486
12822.00000 0.178413
12832.00000 0.154184
12842.00000 0.132807
12852.00000 0.114377
12862.00000 0.0979353
12872.00000 0.0841573
12882.00000 0.0720676
12892.00000 0.0625324
12902.00000 0.0543058
12912.00000 0.0476394
12922.00000 0.0416098
12932.00000 0.036886
12942.00000 0.0325705
12952.00000 0.0290412
12962.00000 0.025424
12972.00000 0.0218652
12982.00000 0.0182125
12992.00000 0.0149379
13002.00000 0.0121745
13012.00000 0.00986614
13022.00000 0.00799853
13032.00000 0.00648383
13042.00000 0.00528763
13052.00000 0.00430647
13062.00000 0.0035116
13072.00000 0.0028728
13082.00000 0.00236755
13092.00000 0.0019651
13102.00000 0.00163683
13112.00000 0.00136709
13122.00000 0.00114644
13132.00000 0.000968962
13142.00000 0.00081876
13152.00000 0.000694682
13162.00000 0.000590008
13172.00000 0.000503628
13182.00000 0.000431423
13192.00000 0.000370328
13202.00000 0.00031819
13212.00000 0.000275166
13222.00000 0.000238961
13232.00000 0.000208668
13242.00000 0.000182193
13252.00000 0.000159002
13262.00000 0.000139811
13272.00000 0.000122979
13282.00000 0.000108655
14610.20020 0.0
