threeML/data/optical_filters/JWST/NIRCam-F200W.ecsv
# %ECSV 0.9
# ---
# datatype:
# - {name: wavelength, unit: Angstrom, datatype: float32}
# - {name: response, datatype: float32}
# meta: !!omap
# - {band_name: F200W}
# - {group_name: NIRCam}
wavelength response
15213.59961 0.0
16904.00000 0.000101581
16914.00000 0.000110712
16924.00000 0.000121338
16934.00000 0.000133109
16944.00000 0.000146915
16954.00000 0.000161773
16964.00000 0.000179087
16974.00000 0.000199673
16984.00000 0.000221962
16994.00000 0.000248248
17004.00000 0.000278801
17014.00000 0.000312526
17024.00000 0.000352011
17034.00000 0.000397673
17044.00000 0.000449701
17054.00000 0.000508372
17064.00000 0.000575274
17074.00000 0.000652213
17084.00000 0.000738238
17094.00000 0.000836284
17104.00000 0.000949427
17114.00000 0.00107432
17124.00000 0.00121432
17134.00000 0.00137558
17144.00000 0.00155617
17154.00000 0.0017613
17164.00000 0.00200269
17174.00000 0.00227403
17184.00000 0.00257777
17194.00000 0.00293051
17204.00000 0.00333627
17214.00000 0.00380721
17224.00000 0.00436362
17234.00000 0.00501474
17244.00000 0.00576585
17254.00000 0.00664922
17264.00000 0.00771039
17274.00000 0.00897069
17284.00000 0.0104801
17294.00000 0.0123127
17304.00000 0.0144473
17314.00000 0.0169379
17324.00000 0.0199279
17334.00000 0.0232694
17344.00000 0.0268252
17354.00000 0.0304009
17364.00000 0.0340824
17374.00000 0.0377626
17384.00000 0.0418712
17394.00000 0.0461865
17404.00000 0.0509489
17414.00000 0.056493
17424.00000 0.0628198
17434.00000 0.0700535
17444.00000 0.0780893
17454.00000 0.0875974
17464.00000 0.0982998
17474.00000 0.110993
17484.00000 0.125788
17494.00000 0.142367
17504.00000 0.160648
17514.00000 0.180603
17524.00000 0.201132
17534.00000 0.222301
17544.00000 0.243615
17554.00000 0.264362
17564.00000 0.283602
17574.00000 0.301631
17584.00000 0.317843
17594.00000 0.332398
17604.00000 0.345563
17614.00000 0.357812
17624.00000 0.369167
17634.00000 0.379784
17644.00000 0.389883
17654.00000 0.399743
17664.00000 0.409392
17674.00000 0.41804
17684.00000 0.4258
17694.00000 0.432714
17704.00000 0.439099
17714.00000 0.444549
17724.00000 0.449455
17734.00000 0.452711
17744.00000 0.455148
17754.00000 0.456817
17764.00000 0.457896
17774.00000 0.458917
17784.00000 0.459026
17794.00000 0.459505
17804.00000 0.459728
17814.00000 0.459668
17824.00000 0.459629
17834.00000 0.459992
17844.00000 0.460286
17854.00000 0.460835
17864.00000 0.461059
17874.00000 0.461323
17884.00000 0.462142
17894.00000 0.46252
17904.00000 0.462911
17914.00000 0.462996
17924.00000 0.462839
17934.00000 0.462003
17944.00000 0.461235
17954.00000 0.460199
17964.00000 0.459289
17974.00000 0.458305
17984.00000 0.456979
17994.00000 0.45554
18004.00000 0.453834
18014.00000 0.452596
18024.00000 0.451207
18034.00000 0.449953
18044.00000 0.448487
18054.00000 0.447547
18064.00000 0.447029
18074.00000 0.447245
18084.00000 0.446866
18094.00000 0.446318
18104.00000 0.4461
18114.00000 0.44606
18124.00000 0.447081
18134.00000 0.447801
18144.00000 0.448631
18154.00000 0.449233
18164.00000 0.450571
18174.00000 0.45152
18184.00000 0.452662
18194.00000 0.453646
18204.00000 0.454333
18214.00000 0.455684
18224.00000 0.457456
18234.00000 0.458108
18244.00000 0.458974
18254.00000 0.459986
18264.00000 0.460987
18274.00000 0.461963
18284.00000 0.462479
18294.00000 0.463059
18304.00000 0.464058
18314.00000 0.46476
18324.00000 0.465389
18334.00000 0.465937
18344.00000 0.466154
18354.00000 0.466052
18364.00000 0.466655
18374.00000 0.466999
18384.00000 0.467108
18394.00000 0.467039
18404.00000 0.467428
18414.00000 0.467032
18424.00000 0.466908
18434.00000 0.466902
18444.00000 0.466381
18454.00000 0.466093
18464.00000 0.465415
18474.00000 0.464611
18484.00000 0.46414
18494.00000 0.463817
18504.00000 0.463337
18514.00000 0.462443
18524.00000 0.461902
18534.00000 0.461324
18544.00000 0.460724
18554.00000 0.460309
18564.00000 0.459762
18574.00000 0.459805
18584.00000 0.459426
18594.00000 0.45863
18604.00000 0.45825
18614.00000 0.45759
18624.00000 0.456938
18634.00000 0.456683
18644.00000 0.456623
18654.00000 0.456451
18664.00000 0.45644
18674.00000 0.456381
18684.00000 0.456807
18694.00000 0.457152
18704.00000 0.457734
18714.00000 0.458549
18724.00000 0.459084
18734.00000 0.460228
18744.00000 0.461304
18754.00000 0.461853
18764.00000 0.462284
18774.00000 0.462401
18784.00000 0.462976
18794.00000 0.463453
18804.00000 0.464124
18814.00000 0.464951
18824.00000 0.465577
18834.00000 0.466641
18844.00000 0.467333
18854.00000 0.467635
18864.00000 0.468273
18874.00000 0.468932
18884.00000 0.469413
18894.00000 0.469705
18904.00000 0.469759
18914.00000 0.46992
18924.00000 0.470258
18934.00000 0.470499
18944.00000 0.470979
18954.00000 0.471577
18964.00000 0.471849
18974.00000 0.472037
18984.00000 0.471894
18994.00000 0.47233
19004.00000 0.47236
19014.00000 0.472457
19024.00000 0.47278
19034.00000 0.473679
19044.00000 0.473722
19054.00000 0.473999
19064.00000 0.474498
19074.00000 0.475515
19084.00000 0.476129
19094.00000 0.475909
19104.00000 0.475844
19114.00000 0.476352
19124.00000 0.477293
19134.00000 0.477405
19144.00000 0.477459
19154.00000 0.477261
19164.00000 0.476871
19174.00000 0.477135
19184.00000 0.476911
19194.00000 0.477002
19204.00000 0.476442
19214.00000 0.476118
19224.00000 0.476005
19234.00000 0.475616
19244.00000 0.475423
19254.00000 0.474544
19264.00000 0.474243
19274.00000 0.474443
19284.00000 0.47449
19294.00000 0.47399
19304.00000 0.473643
19314.00000 0.472919
19324.00000 0.47267
19334.00000 0.472215
19344.00000 0.471676
19354.00000 0.471158
19364.00000 0.47087
19374.00000 0.470232
19384.00000 0.469953
19394.00000 0.469721
19404.00000 0.469984
19414.00000 0.470292
19424.00000 0.470562
19434.00000 0.470956
19444.00000 0.471269
19454.00000 0.472011
19464.00000 0.472527
19474.00000 0.473025
19484.00000 0.473416
19494.00000 0.473332
19504.00000 0.4736
19514.00000 0.473885
19524.00000 0.474221
19534.00000 0.474421
19544.00000 0.474478
19554.00000 0.474672
19564.00000 0.474698
19574.00000 0.474592
19584.00000 0.47365
19594.00000 0.471717
19604.00000 0.471046
19614.00000 0.472069
19624.00000 0.474332
19634.00000 0.475396
19644.00000 0.47616
19654.00000 0.476249
19664.00000 0.476105
19674.00000 0.475886
19684.00000 0.476401
19694.00000 0.476896
19704.00000 0.476273
19714.00000 0.475977
19724.00000 0.476117
19734.00000 0.475655
19744.00000 0.47512
19754.00000 0.475085
19764.00000 0.47527
19774.00000 0.475424
19784.00000 0.475389
19794.00000 0.475401
19804.00000 0.475963
19814.00000 0.476678
19824.00000 0.476585
19834.00000 0.476362
19844.00000 0.476752
19854.00000 0.476841
19864.00000 0.476838
19874.00000 0.477211
19884.00000 0.477686
19894.00000 0.478082
19904.00000 0.478169
19914.00000 0.478498
19924.00000 0.478712
19934.00000 0.479193
19944.00000 0.47875
19954.00000 0.477987
19964.00000 0.476717
19974.00000 0.476776
19984.00000 0.477513
19994.00000 0.478204
20004.00000 0.47884
20014.00000 0.479013
20024.00000 0.479174
20034.00000 0.479795
20044.00000 0.479844
20054.00000 0.479377
20064.00000 0.478841
20074.00000 0.478554
20084.00000 0.478106
20094.00000 0.47844
20104.00000 0.478577
20114.00000 0.478188
20124.00000 0.478186
20134.00000 0.478274
20144.00000 0.478597
20154.00000 0.479065
20164.00000 0.479664
20174.00000 0.480078
20184.00000 0.48049
20194.00000 0.480127
20204.00000 0.480501
20214.00000 0.480132
20224.00000 0.480932
20234.00000 0.482118
20244.00000 0.483241
20254.00000 0.484336
20264.00000 0.485057
20274.00000 0.485269
20284.00000 0.485593
20294.00000 0.486102
20304.00000 0.486481
20314.00000 0.486583
20324.00000 0.486915
20334.00000 0.487231
20344.00000 0.487081
20354.00000 0.486884
20364.00000 0.486802
20374.00000 0.48716
20384.00000 0.487373
20394.00000 0.487813
20404.00000 0.487619
20414.00000 0.486581
20424.00000 0.486087
20434.00000 0.484938
20444.00000 0.483909
20454.00000 0.483125
20464.00000 0.482476
20474.00000 0.481956
20484.00000 0.481111
20494.00000 0.480629
20504.00000 0.480296
20514.00000 0.480246
20524.00000 0.480247
20534.00000 0.479867
20544.00000 0.479653
20554.00000 0.479679
20564.00000 0.479493
20574.00000 0.479153
20584.00000 0.479031
20594.00000 0.47918
20604.00000 0.479982
20614.00000 0.48088
20624.00000 0.481248
20634.00000 0.481826
20644.00000 0.482667
20654.00000 0.483141
20664.00000 0.483829
20674.00000 0.484753
20684.00000 0.485858
20694.00000 0.486416
20704.00000 0.487272
20714.00000 0.48864
20724.00000 0.489549
20734.00000 0.490372
20744.00000 0.491139
20754.00000 0.491743
20764.00000 0.491906
20774.00000 0.491957
20784.00000 0.491784
20794.00000 0.492228
20804.00000 0.492679
20814.00000 0.492766
20824.00000 0.492925
20834.00000 0.493065
20844.00000 0.493607
20854.00000 0.49354
20864.00000 0.49313
20874.00000 0.492336
20884.00000 0.491909
20894.00000 0.491241
20904.00000 0.491082
20914.00000 0.490161
20924.00000 0.489127
20934.00000 0.48912
20944.00000 0.489588
20954.00000 0.489575
20964.00000 0.489215
20974.00000 0.488237
20984.00000 0.487547
20994.00000 0.487146
21004.00000 0.48672
21014.00000 0.486525
21024.00000 0.485689
21034.00000 0.485344
21044.00000 0.485645
21054.00000 0.485744
21064.00000 0.484945
21074.00000 0.48424
21084.00000 0.484336
21094.00000 0.483615
21104.00000 0.483342
21114.00000 0.482668
21124.00000 0.48293
21134.00000 0.482271
21144.00000 0.481947
21154.00000 0.481255
21164.00000 0.481329
21174.00000 0.481698
21184.00000 0.481786
21194.00000 0.481414
21204.00000 0.480917
21214.00000 0.481182
21224.00000 0.481317
21234.00000 0.481107
21244.00000 0.480867
21254.00000 0.480588
21264.00000 0.480827
21274.00000 0.481066
21284.00000 0.480375
21294.00000 0.480452
21304.00000 0.480517
21314.00000 0.480666
21324.00000 0.481
21334.00000 0.481288
21344.00000 0.481722
21354.00000 0.481835
21364.00000 0.481562
21374.00000 0.482113
21384.00000 0.482339
21394.00000 0.483319
21404.00000 0.48418
21414.00000 0.484376
21424.00000 0.484705
21434.00000 0.485035
21444.00000 0.485908
21454.00000 0.486874
21464.00000 0.486926
21474.00000 0.486744
21484.00000 0.487621
21494.00000 0.488617
21504.00000 0.48883
21514.00000 0.488383
21524.00000 0.488362
21534.00000 0.488327
21544.00000 0.488017
21554.00000 0.487281
21564.00000 0.487147
21574.00000 0.487243
21584.00000 0.48674
21594.00000 0.486136
21604.00000 0.485276
21614.00000 0.4848
21624.00000 0.483504
21634.00000 0.482856
21644.00000 0.482453
21654.00000 0.481689
21664.00000 0.480955
21674.00000 0.479915
21684.00000 0.479201
21694.00000 0.478254
21704.00000 0.477474
21714.00000 0.476526
21724.00000 0.476249
21734.00000 0.475676
21744.00000 0.475505
21754.00000 0.474826
21764.00000 0.474805
21774.00000 0.475006
21784.00000 0.475419
21794.00000 0.474862
21804.00000 0.474461
21814.00000 0.47402
21824.00000 0.474033
21834.00000 0.474786
21844.00000 0.475187
21854.00000 0.476172
21864.00000 0.476618
21874.00000 0.476433
21884.00000 0.476722
21894.00000 0.477235
21904.00000 0.477669
21914.00000 0.478333
21924.00000 0.47882
21934.00000 0.479296
21944.00000 0.480069
21954.00000 0.480768
21964.00000 0.481505
21974.00000 0.482717
21984.00000 0.483795
21994.00000 0.484429
22004.00000 0.484888
22014.00000 0.485154
22024.00000 0.486009
22034.00000 0.486223
22044.00000 0.48631
22054.00000 0.485838
22064.00000 0.484927
22074.00000 0.483935
22084.00000 0.482381
22094.00000 0.480184
22104.00000 0.477195
22114.00000 0.472657
22124.00000 0.467476
22134.00000 0.460531
22144.00000 0.451843
22154.00000 0.441925
22164.00000 0.430166
22174.00000 0.416391
22184.00000 0.401275
22194.00000 0.384636
22204.00000 0.366608
22214.00000 0.347287
22224.00000 0.327173
22234.00000 0.306309
22244.00000 0.284997
22254.00000 0.263926
22264.00000 0.243545
22274.00000 0.224315
22284.00000 0.206063
22294.00000 0.189047
22304.00000 0.17346
22314.00000 0.159154
22324.00000 0.145733
22334.00000 0.133084
22344.00000 0.121098
22354.00000 0.109575
22364.00000 0.0989334
22374.00000 0.0889441
22384.00000 0.0794733
22394.00000 0.070825
22404.00000 0.0628795
22414.00000 0.0555056
22424.00000 0.0489084
22434.00000 0.0430848
22444.00000 0.0377843
22454.00000 0.0330421
22464.00000 0.0288532
22474.00000 0.0251426
22484.00000 0.0218838
22494.00000 0.0190974
22504.00000 0.0166831
22514.00000 0.0145473
22524.00000 0.0126877
22534.00000 0.0110645
22544.00000 0.00963097
22554.00000 0.00840426
22564.00000 0.00734539
22574.00000 0.00642276
22584.00000 0.00561379
22594.00000 0.00490983
22604.00000 0.00428298
22614.00000 0.00374929
22624.00000 0.00329353
22634.00000 0.00289602
22644.00000 0.00254744
22654.00000 0.00224651
22664.00000 0.00197907
22674.00000 0.00174947
22684.00000 0.00155112
22694.00000 0.00137885
22704.00000 0.00122965
22714.00000 0.00110074
22724.00000 0.000983791
22734.00000 0.00088307
22744.00000 0.000794371
22754.00000 0.000718039
22764.00000 0.000647422
22774.00000 0.00058855
22784.00000 0.000535506
22794.00000 0.000486069
22804.00000 0.00044256
22814.00000 0.000405826
22824.00000 0.000372159
22834.00000 0.00034204
22844.00000 0.000313494
22854.00000 0.000289634
22864.00000 0.000265572
22874.00000 0.000244669
22884.00000 0.000226448
22894.00000 0.000209346
22904.00000 0.000192511
22914.00000 0.000177726
22924.00000 0.000164934
22934.00000 0.000151614
22944.00000 0.000141155
22954.00000 0.000131251
22964.00000 0.000122147
22974.00000 0.000113735
22984.00000 0.000106439
25282.40039 0.0
