threeML/data/optical_filters/JWST/NIRCam-F356W.ecsv
# %ECSV 0.9
# ---
# datatype:
# - {name: wavelength, unit: Angstrom, datatype: float32}
# - {name: response, datatype: float32}
# meta: !!omap
# - {band_name: F356W}
# - {group_name: NIRCam}
wavelength response
26936.82031 0.0
29929.80078 0.000100552
29943.30078 0.000108125
29956.80078 0.000115618
29970.30078 0.000123246
29983.80078 0.000131949
29997.30078 0.000141224
30010.90039 0.000151341
30024.40039 0.000162101
30037.90039 0.00017303
30051.40039 0.000184469
30064.90039 0.000197263
30078.40039 0.000211297
30091.90039 0.000225864
30105.40039 0.000241144
30118.90039 0.000257548
30132.50000 0.000275096
30146.00000 0.000293922
30159.50000 0.00031443
30173.00000 0.000335602
30186.50000 0.000358054
30200.00000 0.00038185
30213.50000 0.000407218
30227.00000 0.000433854
30240.59961 0.000462297
30254.09961 0.000492723
30267.59961 0.000524504
30281.09961 0.000558689
30294.59961 0.000595954
30308.09961 0.000635992
30321.59961 0.000678876
30335.09961 0.000725088
30348.69922 0.000774475
30362.19922 0.000827467
30375.69922 0.000885431
30389.19922 0.000947131
30402.69922 0.0010135
30416.19922 0.00108586
30429.69922 0.00116389
30443.19922 0.00124867
30456.80078 0.00134031
30470.30078 0.00143967
30483.80078 0.00154766
30497.30078 0.00166524
30510.80078 0.00179056
30524.30078 0.00192659
30537.80078 0.00207441
30551.30078 0.00223504
30564.90039 0.00240991
30578.40039 0.00260008
30591.90039 0.00280711
30605.40039 0.00303398
30618.90039 0.0032836
30632.40039 0.00355596
30645.90039 0.00385325
30659.40039 0.004182
30673.00000 0.00453669
30686.50000 0.00492783
30700.00000 0.00535393
30713.50000 0.00581381
30727.00000 0.00631709
30740.50000 0.00686735
30754.00000 0.00746934
30767.50000 0.00812756
30781.09961 0.00884792
30794.59961 0.00963589
30808.09961 0.0105042
30821.59961 0.0114589
30835.09961 0.0125037
30848.59961 0.0136471
30862.09961 0.014898
30875.59961 0.0162655
30889.19922 0.0177592
30902.69922 0.0193913
30916.19922 0.0211786
30929.69922 0.0231287
30943.19922 0.0252841
30956.69922 0.027601
30970.19922 0.0301213
30983.69922 0.0328616
30997.19922 0.0358367
31010.80078 0.0390455
31024.30078 0.0425129
31037.80078 0.0462586
31051.30078 0.0502993
31064.80078 0.0546497
31078.30078 0.0593252
31091.80078 0.0643381
31105.30078 0.0697117
31118.90039 0.0754654
31132.40039 0.0815939
31145.90039 0.0881045
31159.40039 0.0949967
31172.90039 0.102273
31186.40039 0.109925
31199.90039 0.117945
31213.40039 0.126572
31227.00000 0.135409
31240.50000 0.144572
31254.00000 0.154028
31267.50000 0.163752
31281.00000 0.173699
31294.50000 0.183838
31308.00000 0.194075
31321.50000 0.204375
31335.09961 0.214717
31348.59961 0.225044
31362.09961 0.235316
31375.59961 0.24546
31389.09961 0.255438
31402.59961 0.265204
31416.09961 0.274778
31429.59961 0.284035
31443.19922 0.29292
31456.69922 0.301402
31470.19922 0.309441
31483.69922 0.31738
31497.19922 0.324469
31510.69922 0.331048
31524.19922 0.337121
31537.69922 0.342682
31551.30078 0.347756
31564.80078 0.35235
31578.30078 0.356493
31591.80078 0.360212
31605.30078 0.363509
31618.80078 0.366411
31632.30078 0.368978
31645.80078 0.371254
31659.40039 0.373267
31672.90039 0.375051
31686.40039 0.376636
31699.90039 0.378046
31713.40039 0.379548
31726.90039 0.381246
31740.40039 0.38267
31753.90039 0.383874
31767.50000 0.385009
31781.00000 0.386093
31794.50000 0.387137
31808.00000 0.388077
31821.50000 0.38894
31835.00000 0.389786
31848.50000 0.390618
31862.00000 0.391444
31875.50000 0.392265
31889.09961 0.393081
31902.59961 0.393891
31916.09961 0.394706
31929.59961 0.395522
31943.09961 0.396338
31956.59961 0.397154
31970.09961 0.397972
31983.59961 0.399249
31997.19922 0.400057
32010.69922 0.400826
32024.19922 0.401577
32037.69922 0.402324
32051.19922 0.403064
32064.69922 0.403801
32078.19922 0.404528
32091.69922 0.405249
32105.30078 0.40596
32118.80078 0.406663
32132.30078 0.406904
32145.80078 0.407598
32159.30078 0.408287
32172.80078 0.408977
32186.30078 0.409671
32199.80078 0.410366
32213.40039 0.411341
32226.90039 0.412475
32240.40039 0.413288
32253.90039 0.414102
32267.40039 0.414922
32280.90039 0.415741
32294.40039 0.416561
32307.90039 0.417244
32321.50000 0.417838
32335.00000 0.418434
32348.50000 0.419037
32362.00000 0.419639
32375.50000 0.420246
32389.00000 0.420859
32402.50000 0.421464
32416.00000 0.422023
32429.59961 0.422582
32443.09961 0.423297
32456.59961 0.424201
32470.09961 0.424759
32483.59961 0.42531
32497.09961 0.425861
32510.59961 0.426502
32524.09961 0.427167
32537.69922 0.427828
32551.19922 0.428489
32564.69922 0.429153
32578.19922 0.429816
32591.69922 0.430482
32605.19922 0.431113
32618.69922 0.431697
32632.19922 0.432276
32645.80078 0.432856
32659.30078 0.43343
32672.80078 0.434149
32686.30078 0.435093
32699.80078 0.435666
32713.30078 0.436123
32726.80078 0.436582
32740.30078 0.437047
32753.90039 0.437511
32767.40039 0.43798
32780.89844 0.438448
32794.39844 0.438924
32807.89844 0.439405
32821.39844 0.439897
32834.89844 0.440392
32848.39844 0.440893
32861.89844 0.441401
32875.50000 0.441918
32889.00000 0.442448
32902.50000 0.443508
32916.00000 0.44406
32929.50000 0.444618
32943.00000 0.445192
32956.50000 0.445774
32970.00000 0.446366
32983.60156 0.446966
32997.10156 0.447573
33010.60156 0.448084
33024.10156 0.448572
33037.60156 0.44907
33051.10156 0.449572
33064.60156 0.450087
33078.10156 0.450609
33091.69922 0.451145
33105.19922 0.451664
33118.69922 0.452614
33132.19922 0.453183
33145.69922 0.453685
33159.19922 0.454193
33172.69922 0.454698
33186.19922 0.455205
33199.80078 0.455708
33213.30078 0.456166
33226.80078 0.456621
33240.30078 0.457072
33253.80078 0.457522
33267.30078 0.457965
33280.80078 0.458409
33294.30078 0.458847
33307.89844 0.458948
33321.39844 0.458797
33334.89844 0.45864
33348.39844 0.45893
33361.89844 0.458847
33375.39844 0.458676
33388.89844 0.458495
33402.39844 0.458091
33416.00000 0.456679
33429.50000 0.45526
33443.00000 0.453834
33456.50000 0.452399
33470.00000 0.450957
33483.50000 0.449504
33497.00000 0.448049
33510.50000 0.444985
33524.10156 0.441461
33537.60156 0.437927
33551.10156 0.434385
33564.60156 0.430835
33578.10156 0.427278
33591.60156 0.423717
33605.10156 0.421687
33618.60156 0.42218
33632.19922 0.422671
33645.69922 0.423161
33659.19922 0.423653
33672.69922 0.424141
33686.19922 0.424633
33699.69922 0.425123
33713.19922 0.429113
33726.69922 0.433512
33740.19922 0.438266
33753.80078 0.442357
33767.30078 0.44645
33780.80078 0.450554
33794.30078 0.454661
33807.80078 0.457153
33821.30078 0.458462
33834.80078 0.459774
33848.30078 0.461089
33861.89844 0.462403
33875.39844 0.463723
33888.89844 0.465038
33902.39844 0.466083
33915.89844 0.46588
33929.39844 0.465669
33942.89844 0.46545
33956.39844 0.465221
33970.00000 0.464986
33983.50000 0.464738
33997.00000 0.464483
34010.50000 0.464172
34024.00000 0.463838
34037.50000 0.4635
34051.00000 0.463153
34064.50000 0.462804
34078.10156 0.462446
34091.60156 0.462166
34105.10156 0.462326
34118.60156 0.46214
34132.10156 0.461951
34145.60156 0.461751
34159.10156 0.462021
34172.60156 0.461857
34186.19922 0.461641
34199.69922 0.461421
34213.19922 0.461572
34226.69922 0.461731
34240.19922 0.461883
34253.69922 0.462035
34267.19922 0.462186
34280.69922 0.462336
34294.30078 0.462491
34307.80078 0.462538
34321.30078 0.462506
34334.80078 0.462464
34348.30078 0.462414
34361.80078 0.46236
34375.30078 0.462298
34388.80078 0.462232
34402.39844 0.462125
34415.89844 0.461849
34429.39844 0.461577
34442.89844 0.461848
34456.39844 0.461586
34469.89844 0.461326
34483.39844 0.461247
34496.89844 0.461331
34510.50000 0.461284
34524.00000 0.461305
34537.50000 0.461327
34551.00000 0.461355
34564.50000 0.461387
34578.00000 0.46142
34591.50000 0.461459
34605.00000 0.461644
34618.50000 0.462079
34632.10156 0.462516
34645.60156 0.462956
34659.10156 0.463399
34672.60156 0.463843
34686.10156 0.46429
34699.60156 0.464738
34713.10156 0.464874
34726.60156 0.465003
34740.19922 0.465133
34753.69922 0.465268
34767.19922 0.465798
34780.69922 0.466092
34794.19922 0.466455
34807.69922 0.467088
34821.19922 0.467562
34834.69922 0.468035
34848.30078 0.468506
34861.80078 0.468977
34875.30078 0.469443
34888.80078 0.469909
34902.30078 0.470395
34915.80078 0.470995
34929.30078 0.471593
34942.80078 0.472187
34956.39844 0.472779
34969.89844 0.473366
34983.39844 0.47395
34996.89844 0.474535
35010.39844 0.47506
35023.89844 0.475568
35037.39844 0.476073
35050.89844 0.476573
35064.50000 0.477071
35078.00000 0.478011
35091.50000 0.47862
35105.00000 0.47941
35118.50000 0.480244
35132.00000 0.480803
35145.50000 0.481353
35159.00000 0.4819
35172.60156 0.482442
35186.10156 0.482982
35199.60156 0.483515
35213.10156 0.483964
35226.60156 0.484403
35240.10156 0.484839
35253.60156 0.485276
35267.10156 0.485714
35280.69922 0.48615
35294.19922 0.486585
35307.69922 0.486985
35321.19922 0.487357
35334.69922 0.48773
35348.19922 0.488571
35361.69922 0.489046
35375.19922 0.489419
35388.80078 0.489792
35402.30078 0.490141
35415.80078 0.490364
35429.30078 0.491099
35442.80078 0.491366
35456.30078 0.491597
35469.80078 0.491832
35483.30078 0.492067
35496.80078 0.492304
35510.39844 0.492525
35523.89844 0.493271
35537.39844 0.493467
35550.89844 0.493666
35564.39844 0.493868
35577.89844 0.494074
35591.39844 0.494285
35604.89844 0.494523
35618.50000 0.494808
35632.00000 0.495095
35645.50000 0.495385
35659.00000 0.495678
35672.50000 0.495975
35686.00000 0.496625
35699.50000 0.49716
35713.00000 0.497402
35726.60156 0.497644
35740.10156 0.497888
35753.60156 0.498134
35767.10156 0.498382
35780.60156 0.499188
35794.10156 0.499438
35807.60156 0.499653
35821.10156 0.499843
35834.69922 0.500034
35848.19922 0.500703
35861.69922 0.501004
35875.19922 0.501198
35888.69922 0.50139
35902.19922 0.501572
35915.69922 0.501696
35929.19922 0.501821
35942.80078 0.501946
35956.30078 0.502072
35969.80078 0.502198
35983.30078 0.502327
35996.80078 0.502458
36010.30078 0.50259
36023.80078 0.502721
36037.30078 0.503281
36050.89844 0.503568
36064.39844 0.503699
36077.89844 0.503831
36091.39844 0.503964
36104.89844 0.504073
36118.39844 0.504143
36131.89844 0.504214
36145.39844 0.504284
36159.00000 0.504354
36172.50000 0.504424
36186.00000 0.504494
36199.50000 0.505098
36213.00000 0.505187
36226.50000 0.505248
36240.00000 0.505312
36253.50000 0.505375
36267.10156 0.505439
36280.60156 0.505503
36294.10156 0.505565
36307.60156 0.505667
36321.10156 0.505801
36334.60156 0.505933
36348.10156 0.506065
36361.60156 0.506197
36375.19922 0.50633
36388.69922 0.506462
36402.19922 0.506606
36415.69922 0.506805
36429.19922 0.507004
36442.69922 0.507202
36456.19922 0.5074
36469.69922 0.507596
36483.19922 0.507791
36496.80078 0.508386
36510.30078 0.508826
36523.80078 0.509091
36537.30078 0.509355
36550.80078 0.509617
36564.30078 0.509876
36577.80078 0.510135
36591.30078 0.510389
36604.89844 0.510615
36618.39844 0.510793
36631.89844 0.51097
36645.39844 0.511146
36658.89844 0.511319
36672.39844 0.511489
36685.89844 0.511656
36699.39844 0.512359
36713.00000 0.51262
36726.50000 0.512849
36740.00000 0.513074
36753.50000 0.513296
36767.00000 0.513516
36780.50000 0.513733
36794.00000 0.513949
36807.50000 0.51416
36821.10156 0.514368
36834.60156 0.514576
36848.10156 0.51478
36861.60156 0.514982
36875.10156 0.515182
36888.60156 0.515381
36902.10156 0.515557
36915.60156 0.515617
36929.19922 0.515675
36942.69922 0.51633
36956.19922 0.516388
36969.69922 0.516445
36983.19922 0.516502
36996.69922 0.516558
37010.19922 0.516614
37023.69922 0.51667
37037.30078 0.516726
37050.80078 0.516783
37064.30078 0.516843
37077.80078 0.516904
37091.30078 0.516965
37104.80078 0.517052
37118.30078 0.517183
37131.80078 0.517315
37145.39844 0.517447
37158.89844 0.517578
37172.39844 0.517709
37185.89844 0.51784
37199.39844 0.517973
37212.89844 0.518109
37226.39844 0.518246
37239.89844 0.518383
37253.50000 0.518522
37267.00000 0.51866
37280.50000 0.518798
37294.00000 0.518936
37307.50000 0.519075
37321.00000 0.519216
37334.50000 0.519356
37348.00000 0.519494
37361.50000 0.520233
37375.10156 0.520368
37388.60156 0.520498
37402.10156 0.520733
37415.60156 0.52124
37429.10156 0.521281
37442.60156 0.521317
37456.10156 0.521348
37469.60156 0.521372
37483.19922 0.521391
37496.69922 0.521405
37510.19922 0.521412
37523.69922 0.521414
37537.19922 0.521408
37550.69922 0.521394
37564.19922 0.521373
37577.69922 0.521343
37591.30078 0.521305
37604.80078 0.52126
37618.30078 0.521206
37631.80078 0.521145
37645.30078 0.521079
37658.80078 0.521005
37672.30078 0.520925
37685.80078 0.520841
37699.39844 0.520748
37712.89844 0.520641
37726.39844 0.520528
37739.89844 0.520407
37753.39844 0.52028
37766.89844 0.520566
37780.39844 0.520616
37793.89844 0.520478
37807.50000 0.520382
37821.00000 0.52032
37834.50000 0.520258
37848.00000 0.520196
37861.50000 0.520132
37875.00000 0.520069
37888.50000 0.520005
37902.00000 0.51992
37915.60156 0.519717
37929.10156 0.51952
37942.60156 0.519327
37956.10156 0.519142
37969.60156 0.518963
37983.10156 0.518789
37996.60156 0.518624
38010.10156 0.518575
38023.69922 0.518569
38037.19922 0.518573
38050.69922 0.518584
38064.19922 0.518603
38077.69922 0.518636
38091.19922 0.518682
38104.69922 0.518712
38118.19922 0.518705
38131.80078 0.51871
38145.30078 0.518725
38158.80078 0.518753
38172.30078 0.518927
38185.80078 0.519433
38199.30078 0.519486
38212.80078 0.519556
38226.30078 0.519635
38239.80078 0.519726
38253.39844 0.519825
38266.89844 0.519931
38280.39844 0.520046
38293.89844 0.520165
38307.39844 0.520286
38320.89844 0.520409
38334.39844 0.520532
38347.89844 0.520653
38361.50000 0.520772
38375.00000 0.520887
38388.50000 0.52149
38402.00000 0.521686
38415.50000 0.521784
38429.00000 0.521871
38442.50000 0.521948
38456.00000 0.522014
38469.60156 0.522066
38483.10156 0.522104
38496.60156 0.522123
38510.10156 0.522118
38523.60156 0.522093
38537.10156 0.522049
38550.60156 0.521983
38564.10156 0.521895
38577.69922 0.522245
38591.19922 0.522248
38604.69922 0.522086
38618.19922 0.5219
38631.69922 0.521685
38645.19922 0.521441
38658.69922 0.521169
38672.19922 0.520867
38685.80078 0.520538
38699.30078 0.520184
38712.80078 0.51979
38726.30078 0.51937
38739.80078 0.518925
38753.30078 0.518451
38766.80078 0.51795
38780.30078 0.517425
38793.89844 0.516874
38807.39844 0.516308
38820.89844 0.515728
38834.39844 0.515128
38847.89844 0.514512
38861.39844 0.513883
38874.89844 0.513241
38888.39844 0.512586
38902.00000 0.511922
38915.50000 0.51124
38929.00000 0.510548
38942.50000 0.50985
38956.00000 0.509144
38969.50000 0.50843
38983.00000 0.508298
38996.50000 0.507574
39010.10156 0.506842
39023.60156 0.506106
39037.10156 0.505366
39050.60156 0.504621
39064.10156 0.503871
39077.60156 0.503115
39091.10156 0.502347
39104.60156 0.501571
39118.19922 0.500789
39131.69922 0.499986
39145.19922 0.499447
39158.69922 0.49886
39172.19922 0.497972
39185.69922 0.497045
39199.19922 0.496074
39212.69922 0.49505
39226.19922 0.493963
39239.80078 0.492804
39253.30078 0.491564
39266.80078 0.49023
39280.30078 0.488793
39293.80078 0.487239
39307.30078 0.485548
39320.80078 0.483711
39334.30078 0.481718
39347.89844 0.479555
39361.39844 0.477209
39374.89844 0.474933
39388.39844 0.472454
39401.89844 0.469482
39415.39844 0.466331
39428.89844 0.462922
39442.39844 0.459246
39456.00000 0.45529
39469.50000 0.451043
39483.00000 0.446497
39496.50000 0.441646
39510.00000 0.436432
39523.50000 0.430884
39537.00000 0.425028
39550.50000 0.418862
39564.10156 0.412383
39577.60156 0.405599
39591.10156 0.398515
39604.60156 0.391143
39618.10156 0.383497
39631.60156 0.375588
39645.10156 0.367431
39658.60156 0.359049
39672.19922 0.350462
39685.69922 0.341687
39699.19922 0.333085
39712.69922 0.324031
39726.19922 0.314829
39739.69922 0.305532
39753.19922 0.296167
39766.69922 0.286759
39780.30078 0.277652
39793.80078 0.268225
39807.30078 0.258826
39820.80078 0.249477
39834.30078 0.240204
39847.80078 0.231029
39861.30078 0.22197
39874.80078 0.213046
39888.39844 0.204274
39901.89844 0.195672
39915.39844 0.187253
39928.89844 0.17903
39942.39844 0.171014
39955.89844 0.163214
39969.39844 0.155638
39982.89844 0.148293
39996.50000 0.141183
40010.00000 0.13431
40023.50000 0.12768
40037.00000 0.121295
40050.50000 0.115154
40064.00000 0.109257
40077.50000 0.1036
40091.00000 0.0981803
40104.50000 0.0930005
40118.10156 0.088058
40131.60156 0.0833394
40145.10156 0.0788402
40158.60156 0.0745542
40172.10156 0.0704751
40185.60156 0.0666396
40199.10156 0.0629841
40212.60156 0.0595401
40226.19922 0.0562069
40239.69922 0.0530488
40253.19922 0.0500575
40266.69922 0.047226
40280.19922 0.0445478
40293.69922 0.0420161
40307.19922 0.0396236
40320.69922 0.037364
40334.30078 0.0352305
40347.80078 0.0332159
40361.30078 0.0313155
40374.80078 0.029524
40388.30078 0.0278353
40401.80078 0.0262438
40415.30078 0.0247472
40428.80078 0.0233369
40442.39844 0.0220083
40455.89844 0.020758
40469.39844 0.019581
40482.89844 0.0184723
40496.39844 0.0174278
40509.89844 0.0164432
40523.39844 0.0155156
40536.89844 0.0146426
40550.50000 0.0138217
40564.00000 0.0130493
40577.50000 0.012322
40591.00000 0.0116371
40604.50000 0.0109985
40618.00000 0.0103977
40631.50000 0.00982548
40645.00000 0.00928682
40658.60156 0.0087794
40672.10156 0.0083011
40685.60156 0.00785095
40699.10156 0.00742755
40712.60156 0.00702917
40726.10156 0.00665838
40739.60156 0.00630741
40753.10156 0.00597416
40766.69922 0.00566032
40780.19922 0.00536535
40793.69922 0.00508721
40807.19922 0.00482395
40820.69922 0.00457542
40834.19922 0.00434129
40847.69922 0.00412019
40861.19922 0.00391078
40874.80078 0.0037127
40888.30078 0.00352486
40901.80078 0.00334726
40915.30078 0.00317994
40928.80078 0.0030225
40942.30078 0.00287368
40955.80078 0.0027333
40969.30078 0.00260119
40982.80078 0.00247615
40996.39844 0.00235768
41009.89844 0.00224554
41023.39844 0.00213958
41036.89844 0.00204034
41050.39844 0.00194546
41063.89844 0.00185491
41077.39844 0.00176895
41090.89844 0.00168735
41104.50000 0.00161078
41118.00000 0.00153864
41131.50000 0.00146984
41145.00000 0.00140461
41158.50000 0.00134275
41172.00000 0.00128383
41185.50000 0.0012284
41199.00000 0.00117613
41212.60156 0.00112566
41226.10156 0.00107727
41239.60156 0.00103117
41253.10156 0.000987711
41266.60156 0.000946148
41280.10156 0.000906369
41293.60156 0.000868694
41307.10156 0.000832728
41320.69922 0.000798486
41334.19922 0.000766392
41347.69922 0.000736333
41361.19922 0.000707319
41374.69922 0.000679618
41388.19922 0.000653555
41401.69922 0.000628806
41415.19922 0.00060433
41428.80078 0.000580451
41442.30078 0.000557488
41455.80078 0.000535758
41469.30078 0.000515359
41482.80078 0.000496999
41496.30078 0.000478942
41509.80078 0.000461481
41523.30078 0.000445479
41536.89844 0.00043071
41550.39844 0.000416018
41563.89844 0.00040088
41577.39844 0.000386287
41590.89844 0.000372419
41604.39844 0.000359435
41617.89844 0.000346917
41631.39844 0.000334947
41645.00000 0.000323231
41658.50000 0.000312224
41672.00000 0.000302313
41685.50000 0.000293284
41699.00000 0.000284335
41712.50000 0.000275553
41726.00000 0.0002674
41739.50000 0.000259388
41753.10156 0.00025132
41766.60156 0.000243826
41780.10156 0.000237069
41793.60156 0.000230241
41807.10156 0.00022338
41820.60156 0.000216662
41834.10156 0.000210298
41847.60156 0.000204091
41861.10156 0.000198551
41874.69922 0.000193355
41888.19922 0.000188106
41901.69922 0.000182606
41915.19922 0.000177631
41928.69922 0.000173159
41942.19922 0.000168926
41955.69922 0.000164438
41969.19922 0.000160342
41982.80078 0.00015625
41996.30078 0.000152004
42009.80078 0.000147994
42023.30078 0.00014436
42036.80078 0.000140908
42050.30078 0.000137551
42063.80078 0.000134755
42077.30078 0.000132253
42090.89844 0.000129813
42104.39844 0.000127679
42117.89844 0.000126164
42131.39844 0.000124674
42144.89844 0.000122863
42158.39844 0.000120745
42171.89844 0.000118733
42185.39844 0.000116606
42199.00000 0.000114647
42212.50000 0.000112821
42226.00000 0.000110852
42239.50000 0.000108418
42253.00000 0.000106034
42266.50000 0.00010398
42280.00000 0.000102021
42293.50000 0.000100202
46522.85156 0.0
