threeML/data/optical_filters/JWST/NIRCam-F090W.ecsv
# %ECSV 0.9
# ---
# datatype:
# - {name: wavelength, unit: Angstrom, datatype: float32}
# - {name: response, datatype: float32}
# meta: !!omap
# - {band_name: F090W}
# - {group_name: NIRCam}
wavelength response
7051.95020 0.0
7835.50000 0.000131259
7845.50000 0.000226688
7855.50000 0.000439803
7865.50000 0.000952515
7875.50000 0.00215415
7885.50000 0.00505523
7895.50000 0.011825
7905.50000 0.024768
7915.50000 0.0461123
7925.50000 0.0753093
7935.50000 0.110833
7945.50000 0.146066
7955.50000 0.177712
7965.50000 0.204226
7975.50000 0.223796
7985.50000 0.237707
7995.50000 0.246547
8005.50000 0.252726
8015.50000 0.255758
8025.50000 0.25701
8035.50000 0.258122
8045.50000 0.259459
8055.50000 0.259923
8065.50000 0.258233
8075.50000 0.254173
8085.50000 0.249374
8095.50000 0.246142
8105.50000 0.245568
8115.50000 0.247292
8125.50000 0.250329
8135.50000 0.252373
8145.50000 0.254626
8155.50000 0.254013
8165.50000 0.253825
8175.50000 0.255488
8185.50000 0.259721
8195.50000 0.264055
8205.50000 0.269805
8215.50000 0.27404
8225.50000 0.276039
8235.50000 0.276685
8245.50000 0.27591
8255.50000 0.27281
8265.50000 0.269815
8275.50000 0.268291
8285.50000 0.268086
8295.50000 0.268902
8305.50000 0.269686
8315.50000 0.270437
8325.50000 0.269925
8335.50000 0.268266
8345.50000 0.266374
8355.50000 0.266613
8365.50000 0.267518
8375.50000 0.269443
8385.50000 0.27187
8395.50000 0.273754
8405.50000 0.275518
8415.50000 0.277235
8425.50000 0.27885
8435.50000 0.279901
8445.50000 0.280881
8455.50000 0.281102
8465.50000 0.281429
8475.50000 0.280088
8485.50000 0.279663
8495.50000 0.280946
8505.50000 0.282078
8515.50000 0.283733
8525.50000 0.283234
8535.50000 0.282763
8545.50000 0.282302
8555.50000 0.280535
8565.50000 0.280503
8575.50000 0.280646
8585.50000 0.281373
8595.50000 0.280825
8605.50000 0.282107
8615.50000 0.282271
8625.50000 0.280977
8635.50000 0.280484
8645.50000 0.281972
8655.50000 0.283018
8665.50000 0.286857
8675.50000 0.287709
8685.50000 0.288109
8695.50000 0.289767
8705.50000 0.292154
8715.50000 0.291144
8725.50000 0.293599
8735.50000 0.293784
8745.50000 0.293988
8755.50000 0.290923
8765.50000 0.290405
8775.50000 0.292619
8785.50000 0.291302
8795.50000 0.288008
8805.50000 0.290678
8815.50000 0.288566
8825.50000 0.28883
8835.50000 0.28795
8845.50000 0.288705
8855.50000 0.282987
8865.50000 0.279556
8875.50000 0.284077
8885.50000 0.28988
8895.50000 0.287649
8905.50000 0.288548
8915.50000 0.295068
8925.50000 0.297365
8935.50000 0.298351
8945.50000 0.299433
8955.50000 0.299775
8965.50000 0.298401
8975.50000 0.297633
8985.50000 0.296624
8995.50000 0.29546
9005.50000 0.294205
9015.50000 0.292191
9025.50000 0.291247
9035.50000 0.288891
9045.50000 0.287257
9055.50000 0.287902
9065.50000 0.286545
9075.50000 0.285333
9085.50000 0.286954
9095.50000 0.287975
9105.50000 0.290272
9115.50000 0.292104
9125.50000 0.294523
9135.50000 0.298088
9145.50000 0.300279
9155.50000 0.303097
9165.50000 0.307358
9175.50000 0.308525
9185.50000 0.311216
9195.50000 0.311894
9205.50000 0.311635
9215.50000 0.312311
9225.50000 0.311382
9235.50000 0.310356
9245.50000 0.307429
9255.50000 0.306421
9265.50000 0.304745
9275.50000 0.303042
9285.50000 0.301992
9295.50000 0.302141
9305.50000 0.301752
9315.50000 0.302123
9325.50000 0.30209
9335.50000 0.301572
9345.50000 0.301657
9355.50000 0.301342
9365.50000 0.301038
9375.50000 0.301059
9385.50000 0.300573
9395.50000 0.301465
9405.50000 0.303308
9415.50000 0.304446
9425.50000 0.306387
9435.50000 0.307537
9445.50000 0.309468
9455.50000 0.310174
9465.50000 0.310929
9475.50000 0.31007
9485.50000 0.309485
9495.50000 0.309394
9505.50000 0.308616
9515.50000 0.309269
9525.50000 0.306761
9535.50000 0.306155
9545.50000 0.304627
9555.50000 0.304208
9565.50000 0.303434
9575.50000 0.302685
9585.50000 0.303749
9595.50000 0.303768
9605.50000 0.303978
9615.50000 0.305037
9625.50000 0.30689
9635.50000 0.30882
9645.50000 0.311015
9655.50000 0.312206
9665.50000 0.313029
9675.50000 0.314076
9685.50000 0.314974
9695.50000 0.316199
9705.50000 0.315411
9715.50000 0.315388
9725.50000 0.315117
9735.50000 0.314711
9745.50000 0.312709
9755.50000 0.313575
9765.50000 0.311188
9775.50000 0.309908
9785.50000 0.308291
9795.50000 0.30671
9805.50000 0.304712
9815.50000 0.305697
9825.50000 0.306184
9835.50000 0.307596
9845.50000 0.309569
9855.50000 0.312724
9865.50000 0.314161
9875.50000 0.316456
9885.50000 0.317666
9895.50000 0.318556
9905.50000 0.318641
9915.50000 0.317831
9925.50000 0.317636
9935.50000 0.316088
9945.50000 0.314617
9955.50000 0.315025
9965.50000 0.313987
9975.50000 0.313061
9985.50000 0.310233
9995.50000 0.305343
10005.50000 0.294382
10015.50000 0.276222
10025.50000 0.248347
10035.50000 0.212299
10045.50000 0.176326
10055.50000 0.142878
10065.50000 0.117625
10075.50000 0.0947823
10085.50000 0.0786192
10095.50000 0.0639845
10105.50000 0.0545175
10115.50000 0.0457011
10125.50000 0.0398271
10135.50000 0.0337932
10145.50000 0.0298047
10155.50000 0.0254382
10165.50000 0.0224467
10175.50000 0.0190196
10185.50000 0.0159849
10195.50000 0.0128547
10205.50000 0.00994405
10215.50000 0.00743094
10225.50000 0.00535874
10235.50000 0.00397776
10245.50000 0.00279577
10255.50000 0.0019872
10265.50000 0.00139312
10275.50000 0.00100152
10285.50000 0.000728244
10295.50000 0.00052028
10305.50000 0.000400252
10315.50000 0.00029601
10325.50000 0.000224476
10335.50000 0.000170045
10345.50000 0.000131881
10355.50000 0.000101063
11391.04980 0.0
