threeML/data/optical_filters/JWST/NIRCam-F444W.ecsv
# %ECSV 0.9
# ---
# datatype:
# - {name: wavelength, unit: Angstrom, datatype: float32}
# - {name: response, datatype: float32}
# meta: !!omap
# - {band_name: F444W}
# - {group_name: NIRCam}
wavelength response
33418.62109 0.0
37131.80078 0.000105079
37145.39844 0.000111043
37158.89844 0.000117881
37172.39844 0.000125669
37185.89844 0.000134103
37199.39844 0.000142807
37212.89844 0.00015187
37226.39844 0.000162043
37239.89844 0.000173402
37253.50000 0.000185178
37267.00000 0.000197201
37280.50000 0.000209706
37294.00000 0.00022309
37307.50000 0.000238074
37321.00000 0.000254511
37334.50000 0.000271741
37348.00000 0.000289914
37361.50000 0.000309707
37375.10156 0.000330673
37388.60156 0.000353334
37402.10156 0.000377173
37415.60156 0.000402053
37429.10156 0.000427952
37442.60156 0.00045533
37456.10156 0.000484329
37469.60156 0.000515273
37483.19922 0.000547963
37496.69922 0.000582708
37510.19922 0.000620142
37523.69922 0.000659979
37537.19922 0.000701959
37550.69922 0.000746257
37564.19922 0.000792952
37577.69922 0.000842476
37591.30078 0.000895015
37604.80078 0.000950179
37618.30078 0.00100817
37631.80078 0.00106941
37645.30078 0.00113391
37658.80078 0.00120198
37672.30078 0.00127372
37685.80078 0.0013491
37699.39844 0.00142862
37712.89844 0.00151233
37726.39844 0.0016
37739.89844 0.00169211
37753.39844 0.001789
37766.89844 0.00189224
37780.39844 0.00200022
37793.89844 0.00211324
37807.50000 0.00223219
37821.00000 0.00235776
37834.50000 0.00249024
37848.00000 0.00262972
37861.50000 0.00277703
37875.00000 0.00293278
37888.50000 0.00309725
37902.00000 0.00327107
37915.60156 0.00345417
37929.10156 0.00364801
37942.60156 0.00385377
37956.10156 0.0040721
37969.60156 0.00430393
37983.10156 0.00455074
37996.60156 0.00481319
38010.10156 0.00509336
38023.69922 0.00539254
38037.19922 0.00571184
38050.69922 0.00605304
38064.19922 0.0064183
38077.69922 0.00680904
38091.19922 0.00722727
38104.69922 0.00767566
38118.19922 0.00815609
38131.80078 0.00867176
38145.30078 0.00922606
38158.80078 0.00982235
38172.30078 0.0104674
38185.80078 0.0111703
38199.30078 0.0119185
38212.80078 0.0127262
38226.30078 0.0135994
38239.80078 0.014544
38253.39844 0.015566
38266.89844 0.0166719
38280.39844 0.0178688
38293.89844 0.019165
38307.39844 0.0205699
38320.89844 0.0220929
38334.39844 0.0237444
38347.89844 0.0255362
38361.50000 0.0274804
38375.00000 0.0295901
38388.50000 0.0319094
38402.00000 0.0344009
38415.50000 0.0370964
38429.00000 0.0400176
38442.50000 0.0431812
38456.00000 0.0466045
38469.60156 0.0503059
38483.10156 0.0543038
38496.60156 0.0586168
38510.10156 0.0632627
38523.60156 0.0682602
38537.10156 0.0736277
38550.60156 0.0793812
38564.10156 0.0855351
38577.69922 0.092183
38591.19922 0.0992032
38604.69922 0.106626
38618.19922 0.114482
38631.69922 0.122767
38645.19922 0.131477
38658.69922 0.140601
38672.19922 0.150124
38685.80078 0.160027
38699.30078 0.170286
38712.80078 0.180867
38726.30078 0.191736
38739.80078 0.202854
38753.30078 0.214176
38766.80078 0.22565
38780.30078 0.23723
38793.89844 0.248855
38807.39844 0.260474
38820.89844 0.272035
38834.39844 0.283483
38847.89844 0.294764
38861.39844 0.305833
38874.89844 0.316647
38888.39844 0.327165
38902.00000 0.337356
38915.50000 0.347193
38929.00000 0.35665
38942.50000 0.365712
38956.00000 0.374372
38969.50000 0.382613
38983.00000 0.390885
38996.50000 0.398302
39010.10156 0.405305
39023.60156 0.411907
39037.10156 0.418124
39050.60156 0.42397
39064.10156 0.429457
39077.60156 0.434609
39091.10156 0.439445
39104.60156 0.443979
39118.19922 0.448237
39131.69922 0.452226
39145.19922 0.456216
39158.69922 0.45995
39172.19922 0.463213
39185.69922 0.466258
39199.19922 0.469098
39212.69922 0.471751
39226.19922 0.47422
39239.80078 0.476517
39253.30078 0.478658
39266.80078 0.480647
39280.30078 0.48249
39293.80078 0.484201
39307.30078 0.485778
39320.80078 0.487226
39334.30078 0.488563
39347.89844 0.489793
39361.39844 0.490918
39374.89844 0.492226
39388.39844 0.493464
39401.89844 0.494335
39415.39844 0.49519
39428.89844 0.495978
39442.39844 0.496697
39456.00000 0.497355
39469.50000 0.497958
39483.00000 0.498509
39496.50000 0.49901
39510.00000 0.499411
39523.50000 0.499754
39537.00000 0.500057
39550.50000 0.500334
39564.10156 0.500584
39577.60156 0.500807
39591.10156 0.501012
39604.60156 0.501203
39618.10156 0.501379
39631.60156 0.501539
39645.10156 0.50169
39658.60156 0.501828
39672.19922 0.501953
39685.69922 0.502075
39699.19922 0.5027
39712.69922 0.502864
39726.19922 0.502981
39739.69922 0.503098
39753.19922 0.503209
39766.69922 0.50332
39780.30078 0.504012
39793.80078 0.504118
39807.30078 0.504215
39820.80078 0.504308
39834.30078 0.504396
39847.80078 0.504481
39861.30078 0.504567
39874.80078 0.504653
39888.39844 0.504732
39901.89844 0.504815
39915.39844 0.504897
39928.89844 0.504975
39942.39844 0.505055
39955.89844 0.505135
39969.39844 0.505212
39982.89844 0.505286
39996.50000 0.505362
40010.00000 0.505426
40023.50000 0.505484
40037.00000 0.505544
40050.50000 0.505603
40064.00000 0.50566
40077.50000 0.505718
40091.00000 0.505779
40104.50000 0.505859
40118.10156 0.505985
40131.60156 0.506115
40145.10156 0.506242
40158.60156 0.506367
40172.10156 0.506493
40185.60156 0.506946
40199.10156 0.507322
40212.60156 0.507947
40226.19922 0.50801
40239.69922 0.508069
40253.19922 0.508131
40266.69922 0.508196
40280.19922 0.50826
40293.69922 0.508324
40307.19922 0.508389
40320.69922 0.508451
40334.30078 0.50851
40347.80078 0.508571
40361.30078 0.508632
40374.80078 0.508691
40388.30078 0.508751
40401.80078 0.508825
40415.30078 0.508957
40428.80078 0.509089
40442.39844 0.509225
40455.89844 0.509361
40469.39844 0.509493
40482.89844 0.509626
40496.39844 0.509759
40509.89844 0.509835
40523.39844 0.509891
40536.89844 0.509949
40550.50000 0.510003
40564.00000 0.510056
40577.50000 0.51011
40591.00000 0.510166
40604.50000 0.510481
40618.00000 0.510857
40631.50000 0.510911
40645.00000 0.510961
40658.60156 0.511006
40672.10156 0.511051
40685.60156 0.511093
40699.10156 0.511127
40712.60156 0.511228
40726.10156 0.511677
40739.60156 0.511996
40753.10156 0.512095
40766.69922 0.512197
40780.19922 0.512296
40793.69922 0.512391
40807.19922 0.512453
40820.69922 0.51248
40834.19922 0.512503
40847.69922 0.512523
40861.19922 0.512546
40874.80078 0.512564
40888.30078 0.512582
40901.80078 0.512603
40915.30078 0.512624
40928.80078 0.512642
40942.30078 0.512663
40955.80078 0.512689
40969.30078 0.512712
40982.80078 0.512737
40996.39844 0.512763
41009.89844 0.512741
41023.39844 0.512697
41036.89844 0.513061
41050.39844 0.513203
41063.89844 0.513161
41077.39844 0.51312
41090.89844 0.513084
41104.50000 0.513069
41118.00000 0.513096
41131.50000 0.513127
41145.00000 0.51316
41158.50000 0.51319
41172.00000 0.513219
41185.50000 0.513564
41199.00000 0.513844
41212.60156 0.513873
41226.10156 0.513902
41239.60156 0.513932
41253.10156 0.513958
41266.60156 0.513983
41280.10156 0.514012
41293.60156 0.514038
41307.10156 0.514025
41320.69922 0.513979
41334.19922 0.513932
41347.69922 0.513877
41361.19922 0.513819
41374.69922 0.513759
41388.19922 0.513694
41401.69922 0.513638
41415.19922 0.513694
41428.80078 0.513748
41442.30078 0.513796
41455.80078 0.513843
41469.30078 0.513889
41482.80078 0.51452
41496.30078 0.514555
41509.80078 0.514539
41523.30078 0.514502
41536.89844 0.514459
41550.39844 0.514409
41563.89844 0.514358
41577.39844 0.514299
41590.89844 0.514235
41604.39844 0.51442
41617.89844 0.514676
41631.39844 0.514609
41645.00000 0.514538
41658.50000 0.514467
41672.00000 0.514392
41685.50000 0.514306
41699.00000 0.514219
41712.50000 0.514134
41726.00000 0.514044
41739.50000 0.51395
41753.10156 0.513854
41766.60156 0.513756
41780.10156 0.513653
41793.60156 0.513549
41807.10156 0.513446
41820.60156 0.513342
41834.10156 0.513235
41847.60156 0.51313
41861.10156 0.513025
41874.69922 0.512917
41888.19922 0.512807
41901.69922 0.512697
41915.19922 0.51258
41928.69922 0.512461
41942.19922 0.512928
41955.69922 0.512811
41969.19922 0.512693
41982.80078 0.512576
41996.30078 0.512464
42009.80078 0.512351
42023.30078 0.512238
42036.80078 0.512512
42050.30078 0.512585
42063.80078 0.512477
42077.30078 0.51237
42090.89844 0.512264
42104.39844 0.512167
42117.89844 0.51208
42131.39844 0.511994
42144.89844 0.51191
42158.39844 0.511829
42171.89844 0.511747
42185.39844 0.511668
42199.00000 0.511592
42212.50000 0.511506
42226.00000 0.511419
42239.50000 0.511335
42253.00000 0.511252
42266.50000 0.511167
42280.00000 0.511079
42293.50000 0.51099
42307.10156 0.510901
42320.60156 0.510808
42334.10156 0.510712
42347.60156 0.510616
42361.10156 0.51052
42374.60156 0.510426
42388.10156 0.510338
42401.60156 0.510256
42415.19922 0.510169
42428.69922 0.510593
42442.19922 0.510595
42455.69922 0.510523
42469.19922 0.510449
42482.69922 0.510938
42496.19922 0.510865
42509.69922 0.510782
42523.30078 0.510693
42536.80078 0.510604
42550.30078 0.510516
42563.80078 0.510429
42577.30078 0.510342
42590.80078 0.510256
42604.30078 0.509867
42617.80078 0.508829
42631.39844 0.50779
42644.89844 0.506753
42658.39844 0.505713
42671.89844 0.504669
42685.39844 0.503622
42698.89844 0.502574
42712.39844 0.501082
42725.89844 0.499549
42739.50000 0.498015
42753.00000 0.496483
42766.50000 0.494949
42780.00000 0.493416
42793.50000 0.491885
42807.00000 0.492319
42820.50000 0.494569
42834.00000 0.496817
42847.50000 0.499063
42861.10156 0.501305
42874.60156 0.503542
42888.10156 0.505776
42901.60156 0.50774
42915.10156 0.507702
42928.60156 0.507662
42942.10156 0.508305
42955.60156 0.508723
42969.19922 0.508684
42982.69922 0.508645
42996.19922 0.508607
43009.69922 0.508511
43023.19922 0.50839
43036.69922 0.508267
43050.19922 0.508144
43063.69922 0.508021
43077.30078 0.507896
43090.80078 0.50777
43104.30078 0.507643
43117.80078 0.507514
43131.30078 0.507383
43144.80078 0.507253
43158.30078 0.507124
43171.80078 0.506995
43185.39844 0.506864
43198.89844 0.506732
43212.39844 0.506615
43225.89844 0.506497
43239.39844 0.506377
43252.89844 0.506256
43266.39844 0.506134
43279.89844 0.506011
43293.50000 0.505885
43307.00000 0.505755
43320.50000 0.505621
43334.00000 0.505485
43347.50000 0.505348
43361.00000 0.505212
43374.50000 0.505075
43388.00000 0.504938
43401.60156 0.504797
43415.10156 0.504654
43428.60156 0.504508
43442.10156 0.504358
43455.60156 0.504515
43469.10156 0.504603
43482.60156 0.50444
43496.10156 0.504261
43509.69922 0.504075
43523.19922 0.50446
43536.69922 0.504266
43550.19922 0.504069
43563.69922 0.503867
43577.19922 0.503661
43590.69922 0.50345
43604.19922 0.503237
43617.80078 0.503028
43631.30078 0.502814
43644.80078 0.502593
43658.30078 0.502365
43671.80078 0.502131
43685.30078 0.501892
43698.80078 0.501648
43712.30078 0.501395
43725.80078 0.501137
43739.39844 0.500874
43752.89844 0.500607
43766.39844 0.500335
43779.89844 0.50006
43793.39844 0.49978
43806.89844 0.499503
43820.39844 0.499225
43833.89844 0.498944
43847.50000 0.498661
43861.00000 0.498376
43874.50000 0.498088
43888.00000 0.497801
43901.50000 0.497512
43915.00000 0.497221
43928.50000 0.496931
43942.00000 0.496643
43955.60156 0.496357
43969.10156 0.496103
43982.60156 0.495866
43996.10156 0.495631
44009.60156 0.495399
44023.10156 0.495167
44036.60156 0.49494
44050.10156 0.494723
44063.69922 0.495038
44077.19922 0.494822
44090.69922 0.494613
44104.19922 0.494408
44117.69922 0.494209
44131.19922 0.494084
44144.69922 0.494391
44158.19922 0.494209
44171.80078 0.494033
44185.30078 0.493862
44198.80078 0.493694
44212.30078 0.493533
44225.80078 0.493376
44239.30078 0.493224
44252.80078 0.493076
44266.30078 0.492933
44279.89844 0.492793
44293.39844 0.492659
44306.89844 0.492523
44320.39844 0.492388
44333.89844 0.492255
44347.39844 0.492128
44360.89844 0.492003
44374.39844 0.491881
44388.00000 0.491763
44401.50000 0.491647
44415.00000 0.49154
44428.50000 0.491435
44442.00000 0.491329
44455.50000 0.491205
44469.00000 0.491084
44482.50000 0.490961
44496.10156 0.490841
44509.60156 0.490717
44523.10156 0.490594
44536.60156 0.490469
44550.10156 0.490345
44563.60156 0.49022
44577.10156 0.490095
44590.60156 0.48997
44604.10156 0.489845
44617.69922 0.489724
44631.19922 0.489602
44644.69922 0.48948
44658.19922 0.489356
44671.69922 0.489232
44685.19922 0.489106
44698.69922 0.488979
44712.19922 0.488849
44725.80078 0.488717
44739.30078 0.488585
44752.80078 0.48845
44766.30078 0.48865
44779.80078 0.488708
44793.30078 0.488567
44806.80078 0.488422
44820.30078 0.488275
44833.89844 0.488123
44847.39844 0.48838
44860.89844 0.488369
44874.39844 0.48821
44887.89844 0.488048
44901.39844 0.487884
44914.89844 0.487714
44928.39844 0.48754
44942.00000 0.487362
44955.50000 0.487172
44969.00000 0.48698
44982.50000 0.486782
44996.00000 0.486582
45009.50000 0.486384
45023.00000 0.486187
45036.50000 0.485984
45050.10156 0.485776
45063.60156 0.485566
45077.10156 0.485351
45090.60156 0.485132
45104.10156 0.484907
45117.60156 0.484679
45131.10156 0.484447
45144.60156 0.484212
45158.19922 0.483973
45171.69922 0.48373
45185.19922 0.483485
45198.69922 0.483236
45212.19922 0.482986
45225.69922 0.48273
45239.19922 0.482474
45252.69922 0.482212
45266.30078 0.481946
45279.80078 0.481675
45293.30078 0.481401
45306.80078 0.481123
45320.30078 0.480838
45333.80078 0.480552
45347.30078 0.480263
45360.80078 0.479976
45374.39844 0.479685
45387.89844 0.479393
45401.39844 0.479099
45414.89844 0.478805
45428.39844 0.47851
45441.89844 0.47821
45455.39844 0.477908
45468.89844 0.477602
45482.50000 0.477298
45496.00000 0.476991
45509.50000 0.476689
45523.00000 0.47639
45536.50000 0.476092
45550.00000 0.475795
45563.50000 0.475497
45577.00000 0.475202
45590.50000 0.474908
45604.10156 0.474615
45617.60156 0.474712
45631.10156 0.474542
45644.60156 0.474249
45658.10156 0.473957
45671.60156 0.473666
45685.10156 0.473373
45698.60156 0.473086
45712.19922 0.472912
45725.69922 0.473043
45739.19922 0.472751
45752.69922 0.472462
45766.19922 0.472174
45779.69922 0.471885
45793.19922 0.471597
45806.69922 0.471308
45820.30078 0.471023
45833.80078 0.470736
45847.30078 0.470448
45860.80078 0.470158
45874.30078 0.469866
45887.80078 0.469573
45901.30078 0.469273
45914.80078 0.468965
45928.39844 0.468655
45941.89844 0.468345
45955.39844 0.468031
45968.89844 0.467713
45982.39844 0.467392
45995.89844 0.46707
46009.39844 0.466746
46022.89844 0.466415
46036.50000 0.466081
46050.00000 0.465743
46063.50000 0.4654
46077.00000 0.46505
46090.50000 0.464692
46104.00000 0.464349
46117.50000 0.464049
46131.00000 0.463741
46144.60156 0.463424
46158.10156 0.463102
46171.60156 0.462776
46185.10156 0.462445
46198.60156 0.462109
46212.10156 0.4617
46225.60156 0.46128
46239.10156 0.460855
46252.69922 0.460422
46266.19922 0.459982
46279.69922 0.459536
46293.19922 0.459086
46306.69922 0.45863
46320.19922 0.458169
46333.69922 0.4577
46347.19922 0.457229
46360.80078 0.456753
46374.30078 0.45627
46387.80078 0.455782
46401.30078 0.455291
46414.80078 0.4548
46428.30078 0.454305
46441.80078 0.453806
46455.30078 0.453304
46468.80078 0.452801
46482.39844 0.452298
46495.89844 0.45179
46509.39844 0.451278
46522.89844 0.451256
46536.39844 0.450739
46549.89844 0.450221
46563.39844 0.4497
46576.89844 0.449182
46590.50000 0.448666
46604.00000 0.448155
46617.50000 0.447649
46631.00000 0.447146
46644.50000 0.44665
46658.00000 0.446158
46671.50000 0.445671
46685.00000 0.445186
46698.60156 0.444708
46712.10156 0.444239
46725.60156 0.443776
46739.10156 0.443319
46752.60156 0.442865
46766.10156 0.442421
46779.60156 0.441984
46793.10156 0.44155
46806.69922 0.441118
46820.19922 0.440689
46833.69922 0.44027
46847.19922 0.439858
46860.69922 0.439454
46874.19922 0.439058
46887.69922 0.438674
46901.19922 0.438302
46914.80078 0.437942
46928.30078 0.437589
46941.80078 0.437246
46955.30078 0.436914
46968.80078 0.43659
46982.30078 0.436767
46995.80078 0.436457
47009.30078 0.436158
47022.89844 0.435869
47036.39844 0.435586
47049.89844 0.435307
47063.39844 0.435038
47076.89844 0.434777
47090.39844 0.434524
47103.89844 0.434293
47117.39844 0.434107
47131.00000 0.433929
47144.50000 0.433758
47158.00000 0.433592
47171.50000 0.433428
47185.00000 0.433267
47198.50000 0.433111
47212.00000 0.432904
47225.50000 0.432691
47239.10156 0.432478
47252.60156 0.432268
47266.10156 0.432061
47279.60156 0.431852
47293.10156 0.431643
47306.60156 0.431433
47320.10156 0.431227
