threeML/data/optical_filters/JWST/NIRCam-F444W.ecsv
# %ECSV 0.9
# ---
# datatype:
# - {name: wavelength, unit: Angstrom, datatype: float32}
# - {name: response, datatype: float32}
# meta: !!omap
# - {band_name: F444W}
# - {group_name: NIRCam}
wavelength response
[from data line 757]
47347.10156 0.431148
47360.69922 0.43107
47374.19922 0.430856
47387.69922 0.430642
47401.19922 0.430425
47414.69922 0.430206
47428.19922 0.429982
47441.69922 0.429755
47455.19922 0.429526
47468.80078 0.42929
47482.30078 0.429046
47495.80078 0.428798
47509.30078 0.428546
47522.80078 0.42829
47536.30078 0.428028
47549.80078 0.427758
47563.30078 0.427487
47576.89844 0.427213
47590.39844 0.426935
47603.89844 0.426651
47617.39844 0.426366
47630.89844 0.426062
47644.39844 0.425751
47657.89844 0.425435
47671.39844 0.425112
47685.00000 0.424785
47698.50000 0.424456
47712.00000 0.424123
47725.50000 0.423785
47739.00000 0.423442
47752.50000 0.423099
47766.00000 0.422756
47779.50000 0.422411
47793.10156 0.422064
47806.60156 0.421711
47820.10156 0.421357
47833.60156 0.421006
47847.10156 0.420653
47860.60156 0.420301
47874.10156 0.419949
47887.60156 0.419602
47901.19922 0.419258
47914.69922 0.418916
47928.19922 0.418575
47941.69922 0.418236
47955.19922 0.417903
47968.69922 0.417573
47982.19922 0.417243
47995.69922 0.416915
48009.30078 0.416595
48022.80078 0.416283
48036.30078 0.415973
48049.80078 0.415663
48063.30078 0.415358
48076.80078 0.415058
48090.30078 0.415218
48103.80078 0.414925
48117.39844 0.414627
48130.89844 0.414333
48144.39844 0.414045
48157.89844 0.413761
48171.39844 0.413477
48184.89844 0.413191
48198.39844 0.412909
48211.89844 0.412636
48225.50000 0.412364
48239.00000 0.412089
48252.50000 0.411811
48266.00000 0.411534
48279.50000 0.411258
48293.00000 0.410979
48306.50000 0.410693
48320.00000 0.410401
48333.50000 0.410108
48347.10156 0.409815
48360.60156 0.409515
48374.10156 0.409207
48387.60156 0.408891
48401.10156 0.40857
48414.60156 0.40824
48428.10156 0.407899
48441.60156 0.407545
48455.19922 0.40718
48468.69922 0.406806
48482.19922 0.406421
48495.69922 0.406022
48509.19922 0.405615
48522.69922 0.4052
48536.19922 0.404775
48549.69922 0.404339
48563.30078 0.403886
48576.80078 0.403419
48590.30078 0.402939
48603.80078 0.402448
48617.30078 0.401943
48630.80078 0.401421
48644.30078 0.400885
48657.80078 0.400335
48671.39844 0.399773
48684.89844 0.399197
48698.39844 0.398605
48711.89844 0.397993
48725.39844 0.39737
48738.89844 0.396738
48752.39844 0.396093
48765.89844 0.395693
48779.50000 0.3952
48793.00000 0.394367
48806.50000 0.393524
48820.00000 0.392676
48833.50000 0.391821
48847.00000 0.390959
48860.50000 0.390097
48874.00000 0.389232
48887.60156 0.388364
48901.10156 0.38749
48914.60156 0.386614
48928.10156 0.385739
48941.60156 0.384866
48955.10156 0.383991
48968.60156 0.383115
48982.10156 0.38224
48995.69922 0.381371
49009.19922 0.380505
49022.69922 0.37964
49036.19922 0.378777
49049.69922 0.37792
49063.19922 0.377069
49076.69922 0.376223
49090.19922 0.375379
49103.80078 0.374536
49117.30078 0.373697
49130.80078 0.372862
49144.30078 0.372028
49157.80078 0.371189
49171.30078 0.370346
49184.80078 0.369497
49198.30078 0.368645
49211.80078 0.36778
49225.39844 0.3669
49238.89844 0.366004
49252.39844 0.365092
49265.89844 0.364164
49279.39844 0.363212
49292.89844 0.362234
49306.39844 0.361224
49319.89844 0.360182
49333.50000 0.359109
49347.00000 0.357993
49360.50000 0.356834
49374.00000 0.35562
49387.50000 0.354355
49401.00000 0.353034
49414.50000 0.351825
49428.00000 0.350583
49441.60156 0.349053
49455.10156 0.347453
49468.60156 0.345769
49482.10156 0.344007
49495.60156 0.342154
49509.10156 0.340209
49522.60156 0.338177
49536.10156 0.336045
49549.69922 0.333825
49563.19922 0.331494
49576.69922 0.329067
49590.19922 0.326535
49603.69922 0.323903
49617.19922 0.321173
49630.69922 0.318331
49644.19922 0.315395
49657.80078 0.312349
49671.30078 0.309213
49684.80078 0.305977
49698.30078 0.302646
49711.80078 0.299229
49725.30078 0.295718
49738.80078 0.292134
49752.30078 0.288457
49765.89844 0.284711
49779.39844 0.280885
49792.89844 0.276993
49806.39844 0.27304
49819.89844 0.269025
49833.39844 0.264962
49846.89844 0.260839
49860.39844 0.256684
49874.00000 0.252485
49887.50000 0.24826
49901.00000 0.244006
49914.50000 0.239728
49928.00000 0.235437
49941.50000 0.23113
49955.00000 0.226826
49968.50000 0.222512
49982.10156 0.218205
49995.60156 0.213901
50009.10156 0.209632
50022.60156 0.205389
50036.10156 0.201161
50049.60156 0.196956
50063.10156 0.192769
50076.60156 0.188617
50090.10156 0.184693
50103.69922 0.180601
50117.19922 0.176542
50130.69922 0.172521
50144.19922 0.168542
50157.69922 0.164603
50171.19922 0.160711
50184.69922 0.15686
50198.19922 0.153059
50211.80078 0.149304
50225.30078 0.145599
50238.80078 0.141944
50252.30078 0.138337
50265.80078 0.13478
50279.30078 0.131271
50292.80078 0.127814
50306.30078 0.124403
50319.89844 0.121044
50333.39844 0.117728
50346.89844 0.11446
50360.39844 0.111239
50373.89844 0.108066
50387.39844 0.104939
50400.89844 0.101855
50414.39844 0.09882
50428.00000 0.0958269
50441.50000 0.0928846
50455.00000 0.0899838
50468.50000 0.0871305
50482.00000 0.08432
50495.50000 0.0815554
50509.00000 0.0788364
50522.50000 0.0761612
50536.10156 0.0735328
50549.60156 0.0709456
50563.10156 0.0684082
50576.60156 0.0659129
50590.10156 0.063468
50603.60156 0.061066
50617.10156 0.0587125
50630.60156 0.0564064
50644.19922 0.0541653
50657.69922 0.0519731
50671.19922 0.0498281
50684.69922 0.0477351
50698.19922 0.0456899
50711.69922 0.0437005
50725.19922 0.0417618
50738.69922 0.0398798
50752.30078 0.0380503
50765.80078 0.0362769
50779.30078 0.0345936
50792.80078 0.0329323
50806.30078 0.0313249
50819.80078 0.0297726
50833.30078 0.0282773
50846.80078 0.0268361
50860.39844 0.0254522
50873.89844 0.0241222
50887.39844 0.0228479
50900.89844 0.0216265
50914.39844 0.0204589
50927.89844 0.0193433
50941.39844 0.0182791
50954.89844 0.0172652
50968.39844 0.0162998
50982.00000 0.0153819
50995.50000 0.0145096
56095.05078 0.0
