threeML/data/optical_filters/JWST/NIRCam-F466N.ecsv
# %ECSV 0.9
# ---
# datatype:
# - {name: wavelength, unit: Angstrom, datatype: float32}
# - {name: response, datatype: float32}
# meta: !!omap
# - {band_name: F466N}
# - {group_name: NIRCam}
wavelength response
41092.29297 0.0
45658.10156 0.000107229
45671.60156 0.00014
45685.10156 0.000181014
45698.60156 0.000231183
45712.19922 0.000291353
45725.69922 0.000364578
45739.19922 0.000452281
45752.69922 0.000546802
45766.19922 0.000648996
45779.69922 0.000756019
45793.19922 0.000842916
45806.69922 0.000918859
45820.30078 0.000980502
45833.80078 0.00100989
45847.30078 0.00103247
45860.80078 0.00104946
45874.30078 0.00107545
45887.80078 0.00111628
45901.30078 0.00117287
45914.80078 0.00125862
45928.39844 0.00136785
45941.89844 0.00150418
45955.39844 0.00168509
45968.89844 0.00190269
45982.39844 0.00216516
45995.89844 0.00249768
46009.39844 0.00290064
46022.89844 0.00339197
46036.50000 0.00401061
46050.00000 0.00476937
46063.50000 0.00570727
46077.00000 0.00689024
46090.50000 0.00834957
46104.00000 0.0101613
46117.50000 0.0124356
46131.00000 0.0152531
46144.60156 0.0187596
46158.10156 0.0231345
46171.60156 0.0285685
46185.10156 0.0353462
46198.60156 0.0437771
46212.10156 0.0542423
46225.60156 0.0671992
46239.10156 0.0829122
46252.69922 0.101938
46266.19922 0.124099
46279.69922 0.14864
46293.19922 0.176046
46306.69922 0.203573
46320.19922 0.230262
46333.69922 0.256599
46347.19922 0.277555
46360.80078 0.294905
46374.30078 0.309127
46387.80078 0.316772
46401.30078 0.321937
46414.80078 0.324769
46428.30078 0.325076
46441.80078 0.32505
46455.30078 0.324641
46468.80078 0.32451
46482.39844 0.324664
46495.89844 0.325236
46509.39844 0.326164
46522.89844 0.327525
46536.39844 0.328523
46549.89844 0.329221
46563.39844 0.329675
46576.89844 0.329557
46590.50000 0.329002
46604.00000 0.328181
46617.50000 0.327024
46631.00000 0.325821
46644.50000 0.324583
46658.00000 0.323349
46671.50000 0.321848
46685.00000 0.320015
46698.60156 0.316137
46712.10156 0.310488
46725.60156 0.3019
46739.10156 0.288052
46752.60156 0.271514
46766.10156 0.249493
46779.60156 0.223638
46793.10156 0.197241
46806.69922 0.167728
46820.19922 0.139876
46833.69922 0.114643
46847.19922 0.0912094
46860.69922 0.071923
46874.19922 0.0560259
46887.69922 0.0433102
46901.19922 0.0334431
46914.80078 0.025846
46928.30078 0.0200907
46941.80078 0.0156812
46955.30078 0.0123675
46968.80078 0.00982738
46982.30078 0.00786661
46995.80078 0.00637428
47009.30078 0.00519345
47022.89844 0.00426389
47036.39844 0.00353504
47049.89844 0.00294523
47063.39844 0.00247473
47076.89844 0.00209268
47090.39844 0.00177692
47103.89844 0.00152243
47117.39844 0.00130943
47131.00000 0.00113057
47144.50000 0.000978761
47158.00000 0.000848912
47171.50000 0.000738611
47185.00000 0.000645273
47198.50000 0.000564872
47212.00000 0.00049577
47225.50000 0.000436712
47239.10156 0.00038582
47252.60156 0.000343503
47266.10156 0.000307624
47279.60156 0.000278045
47293.10156 0.000256427
47306.60156 0.000238426
47320.10156 0.000223968
47333.60156 0.000210647
47347.10156 0.000198489
47360.69922 0.000188464
47374.19922 0.000178337
47387.69922 0.000167811
47401.19922 0.000155645
47414.69922 0.000143847
47428.19922 0.000132978
47441.69922 0.000123031
47455.19922 0.000113945
47468.80078 0.000105791
52215.67969 0.0
