threeML/data/optical_filters/JWST/NIRCam-F335M.ecsv
# %ECSV 0.9
# ---
# datatype:
# - {name: wavelength, unit: Angstrom, datatype: float32}
# - {name: response, datatype: float32}
# meta: !!omap
# - {band_name: F335M}
# - {group_name: NIRCam}
wavelength response
27252.99023 0.0
30281.09961 0.000103407
30294.59961 0.000109283
30308.09961 0.000113567
30321.59961 0.000115691
30335.09961 0.000118311
30348.69922 0.000122004
30362.19922 0.000126757
30375.69922 0.000132526
30389.19922 0.000135679
30402.69922 0.000141945
30416.19922 0.000146414
30429.69922 0.000154716
30443.19922 0.000161179
30456.80078 0.000171459
30470.30078 0.000181116
30483.80078 0.000192842
30497.30078 0.000201595
30510.80078 0.000211621
30524.30078 0.000223182
30537.80078 0.000236563
30551.30078 0.000250351
30564.90039 0.000262829
30578.40039 0.000276805
30591.90039 0.000293885
30605.40039 0.00031204
30618.90039 0.00033038
30632.40039 0.000351539
30645.90039 0.000373864
30659.40039 0.00039822
30673.00000 0.000419386
30686.50000 0.000443469
30700.00000 0.000466322
30713.50000 0.000493477
30727.00000 0.000521088
30740.50000 0.000551405
30754.00000 0.00058025
30767.50000 0.000615582
30781.09961 0.000649162
30794.59961 0.000686516
30808.09961 0.000724162
30821.59961 0.000764462
30835.09961 0.000804225
30848.59961 0.00085235
30862.09961 0.000901227
30875.59961 0.000953044
30889.19922 0.00100449
30902.69922 0.00106327
30916.19922 0.00112563
30929.69922 0.00119481
30943.19922 0.00126599
30956.69922 0.00134177
30970.19922 0.00142373
30983.69922 0.00151704
30997.19922 0.00162115
31010.80078 0.00173011
31024.30078 0.00184157
31037.80078 0.00196774
31051.30078 0.00210454
31064.80078 0.00225172
31078.30078 0.00241665
31091.80078 0.00259929
31105.30078 0.00280014
31118.90039 0.00302045
31132.40039 0.00326256
31145.90039 0.0035392
31159.40039 0.00384765
31172.90039 0.00418903
31186.40039 0.00456609
31199.90039 0.00498622
31213.40039 0.00546902
31227.00000 0.00600581
31240.50000 0.006605
31254.00000 0.00728266
31267.50000 0.00804363
31281.00000 0.0088994
31294.50000 0.00986172
31308.00000 0.0109457
31321.50000 0.0121715
31335.09961 0.0135585
31348.59961 0.015122
31362.09961 0.0168941
31375.59961 0.0188957
31389.09961 0.0211624
31402.59961 0.0237202
31416.09961 0.0266184
31429.59961 0.0298833
31443.19922 0.0335626
31456.69922 0.0376838
31470.19922 0.0422917
31483.69922 0.0474621
31497.19922 0.0531393
31510.69922 0.0593593
31524.19922 0.0661542
31537.69922 0.0735023
31551.30078 0.0813769
31564.80078 0.0897572
31578.30078 0.0985211
31591.80078 0.107648
31605.30078 0.117016
31618.80078 0.126517
31632.30078 0.136158
31645.80078 0.145696
31659.40039 0.15523
31672.90039 0.164624
31686.40039 0.173854
31699.90039 0.182973
31713.40039 0.191976
31726.90039 0.201045
31740.40039 0.209899
31753.90039 0.218535
31767.50000 0.227114
31781.00000 0.235534
31794.50000 0.243878
31808.00000 0.252073
31821.50000 0.260075
31835.00000 0.267978
31848.50000 0.275691
31862.00000 0.283232
31875.50000 0.290614
31889.09961 0.297726
31902.59961 0.304634
31916.09961 0.311313
31929.59961 0.317712
31943.09961 0.323879
31956.59961 0.329756
31970.09961 0.335376
31983.59961 0.341155
31997.19922 0.346233
32010.69922 0.351047
32024.19922 0.355602
32037.69922 0.35988
32051.19922 0.36394
32064.69922 0.367763
32078.19922 0.371358
32091.69922 0.374757
32105.30078 0.377923
32118.80078 0.380892
32132.30078 0.383271
32145.80078 0.385874
32159.30078 0.388334
32172.80078 0.390633
32186.30078 0.392772
32199.80078 0.39478
32213.40039 0.396951
32226.90039 0.399156
32240.40039 0.400954
32253.90039 0.40264
32267.40039 0.404217
32280.90039 0.405719
32294.40039 0.407146
32307.90039 0.408365
32321.50000 0.409419
32335.00000 0.410418
32348.50000 0.411356
32362.00000 0.412258
32375.50000 0.413097
32389.00000 0.413898
32402.50000 0.414637
32416.00000 0.415294
32429.59961 0.415914
32443.09961 0.416662
32456.59961 0.417571
32470.09961 0.418106
32483.59961 0.418613
32497.09961 0.419074
32510.59961 0.419615
32524.09961 0.420172
32537.69922 0.420728
32551.19922 0.421263
32564.69922 0.421788
32578.19922 0.422296
32591.69922 0.42281
32605.19922 0.423289
32618.69922 0.423711
32632.19922 0.424129
32645.80078 0.424537
32659.30078 0.424952
32672.80078 0.425511
32686.30078 0.426299
32699.80078 0.426725
32713.30078 0.427055
32726.80078 0.427373
32740.30078 0.427697
32753.90039 0.428029
32767.40039 0.428377
32780.89844 0.42874
32794.39844 0.429111
32807.89844 0.429491
32821.39844 0.429869
32834.89844 0.430258
32848.39844 0.430647
32861.89844 0.431058
32875.50000 0.431471
32889.00000 0.431893
32902.50000 0.432832
32916.00000 0.433271
32929.50000 0.433714
32943.00000 0.434151
32956.50000 0.434593
32970.00000 0.435026
32983.60156 0.435479
32997.10156 0.43592
33010.60156 0.436244
33024.10156 0.436543
33037.60156 0.436848
33051.10156 0.437153
33064.60156 0.437446
33078.10156 0.437741
33091.69922 0.438025
33105.19922 0.438292
33118.69922 0.438971
33132.19922 0.439283
33145.69922 0.439524
33159.19922 0.43976
33172.69922 0.44
33186.19922 0.440235
33199.80078 0.440474
33213.30078 0.440652
33226.80078 0.440842
33240.30078 0.441043
33253.80078 0.441259
33267.30078 0.44149
33280.80078 0.441722
33294.30078 0.441956
33307.89844 0.441862
33321.39844 0.441553
33334.89844 0.44126
33348.39844 0.441426
33361.89844 0.441246
33375.39844 0.440989
33388.89844 0.440749
33402.39844 0.440302
33416.00000 0.43891
33429.50000 0.437508
33443.00000 0.436121
33456.50000 0.434749
33470.00000 0.433387
33483.50000 0.432031
33497.00000 0.430673
33510.50000 0.427778
33524.10156 0.424438
33537.60156 0.4211
33551.10156 0.417746
33564.60156 0.414382
33578.10156 0.411014
33591.60156 0.407638
33605.10156 0.405748
33618.60156 0.406268
33632.19922 0.406775
33645.69922 0.407265
33659.19922 0.407744
33672.69922 0.408214
33686.19922 0.408674
33699.69922 0.409126
33713.19922 0.412931
33726.69922 0.417117
33740.19922 0.421622
33753.80078 0.425472
33767.30078 0.429309
33780.80078 0.433137
33794.30078 0.436964
33807.80078 0.439226
33821.30078 0.440351
33834.80078 0.441474
33848.30078 0.442602
33861.89844 0.443721
33875.39844 0.44483
33888.89844 0.445942
33902.39844 0.44679
33915.89844 0.446456
33929.39844 0.446124
33942.89844 0.445793
33956.39844 0.445466
33970.00000 0.445131
33983.50000 0.444801
33997.00000 0.444477
34010.50000 0.444129
34024.00000 0.443778
34037.50000 0.443431
34051.00000 0.443099
34064.50000 0.442774
34078.10156 0.442468
34091.60156 0.442253
34105.10156 0.442468
34118.60156 0.442374
34132.10156 0.442284
34145.60156 0.442198
34159.10156 0.442561
34172.60156 0.442516
34186.19922 0.442429
34199.69922 0.442332
34213.19922 0.442593
34226.69922 0.442851
34240.19922 0.443096
34253.69922 0.443321
34267.19922 0.443529
34280.69922 0.443734
34294.30078 0.443926
34307.80078 0.444023
34321.30078 0.444064
34334.80078 0.444096
34348.30078 0.444067
34361.80078 0.443944
34375.30078 0.44375
34388.80078 0.443535
34402.39844 0.443272
34415.89844 0.442833
34429.39844 0.442379
34442.89844 0.442428
34456.39844 0.441947
34469.89844 0.441447
34483.39844 0.441108
34496.89844 0.440926
34510.50000 0.440621
34524.00000 0.440383
34537.50000 0.440153
34551.00000 0.439947
34564.50000 0.439773
34578.00000 0.439634
34591.50000 0.439531
34605.00000 0.439602
34618.50000 0.439959
34632.10156 0.440372
34645.60156 0.440843
34659.10156 0.441378
34672.60156 0.441975
34686.10156 0.44264
34699.60156 0.443371
34713.10156 0.443868
34726.60156 0.444425
34740.19922 0.445035
34753.69922 0.445699
34767.19922 0.44678
34780.69922 0.44767
34794.19922 0.448656
34807.69922 0.449912
34821.19922 0.451015
34834.69922 0.452081
34848.30078 0.453089
34861.80078 0.454019
34875.30078 0.454828
34888.80078 0.455498
34902.30078 0.455984
34915.80078 0.456353
34929.30078 0.456476
34942.80078 0.456303
34956.39844 0.455806
34969.89844 0.454925
34983.39844 0.45362
34996.89844 0.451825
35010.39844 0.449468
35023.89844 0.446578
35037.39844 0.443138
35050.89844 0.439121
35064.50000 0.434534
35078.00000 0.42974
35091.50000 0.423978
35105.00000 0.417772
35118.50000 0.411005
35132.00000 0.403479
35145.50000 0.395466
35159.00000 0.387045
35172.60156 0.378278
35186.10156 0.369118
35199.60156 0.359606
35213.10156 0.349755
35226.60156 0.339678
35240.10156 0.329447
35253.60156 0.319107
35267.10156 0.308737
35280.69922 0.298371
35294.19922 0.288033
35307.69922 0.277793
35321.19922 0.267677
35334.69922 0.257745
35348.19922 0.248264
35361.69922 0.238817
35375.19922 0.229587
35388.80078 0.220614
35402.30078 0.21191
35415.80078 0.203451
35429.30078 0.195483
35442.80078 0.18763
35456.30078 0.180054
35469.80078 0.172771
35483.30078 0.16578
35496.80078 0.159057
35510.39844 0.152608
35523.89844 0.146575
35537.39844 0.140613
35550.89844 0.134901
35564.39844 0.129411
35577.89844 0.124143
35591.39844 0.119088
35604.89844 0.11423
35618.50000 0.109574
35632.00000 0.105085
35645.50000 0.100756
35659.00000 0.0965919
35672.50000 0.0925671
35686.00000 0.0887509
35699.50000 0.085043
35713.00000 0.0814025
35726.60156 0.0778879
35740.10156 0.0744834
35753.60156 0.0711939
35767.10156 0.0680175
35780.60156 0.0650046
35794.10156 0.0620199
35807.60156 0.0591246
35821.10156 0.0563193
35834.69922 0.0536194
35848.19922 0.0510552
35861.69922 0.0485414
35875.19922 0.046109
35888.69922 0.0437604
35902.19922 0.0415064
35915.69922 0.0393342
35929.19922 0.0372479
35942.80078 0.0352547
35956.30078 0.0333393
35969.80078 0.0315126
35983.30078 0.0297722
35996.80078 0.0281077
36010.30078 0.0265273
36023.80078 0.0250235
36037.30078 0.0236165
36050.89844 0.022273
36064.39844 0.0209877
36077.89844 0.0197777
36091.39844 0.0186365
36104.89844 0.01755
36118.39844 0.0165323
36131.89844 0.0155737
36145.39844 0.0146711
36159.00000 0.0138267
36172.50000 0.0130283
36186.00000 0.0122819
36199.50000 0.0115947
36213.00000 0.0109318
36226.50000 0.0103135
36240.00000 0.00973281
36253.50000 0.00918921
36267.10156 0.00868648
36280.60156 0.00820576
36294.10156 0.00775496
36307.60156 0.00734029
36321.10156 0.00694762
36334.60156 0.00658355
36348.10156 0.0062418
36361.60156 0.00591597
36375.19922 0.00561296
36388.69922 0.00532819
36402.19922 0.00506588
36415.69922 0.00482401
36429.19922 0.00458804
36442.69922 0.0043676
36456.19922 0.00416391
36469.69922 0.00396873
36483.19922 0.00378921
36496.80078 0.0036209
36510.30078 0.00345833
36523.80078 0.00331067
36537.30078 0.00316729
36550.80078 0.00303334
36564.30078 0.00291151
36577.80078 0.00278989
36591.30078 0.00267793
36604.89844 0.00257617
36618.39844 0.00247647
36631.89844 0.00238401
36645.39844 0.00229383
36658.89844 0.00220639
36672.39844 0.00212831
36685.89844 0.00205165
36699.39844 0.00198138
36713.00000 0.00191694
36726.50000 0.00185112
36740.00000 0.00178894
36753.50000 0.00173071
36767.00000 0.00167201
36780.50000 0.0016212
36794.00000 0.00157327
36807.50000 0.00152416
36821.10156 0.00148149
36834.60156 0.00143843
36848.10156 0.00139729
36861.60156 0.0013626
36875.10156 0.00132023
36888.60156 0.00127776
36902.10156 0.00124402
36915.60156 0.00121064
36929.19922 0.00118064
36942.69922 0.00115333
36956.19922 0.00112131
36969.69922 0.00109326
36983.19922 0.00106546
36996.69922 0.00103492
37010.19922 0.00100851
37023.69922 0.000982137
37037.30078 0.000955129
37050.80078 0.00093159
37064.30078 0.000907212
37077.80078 0.000884091
37091.30078 0.000862784
37104.80078 0.000837595
37118.30078 0.000813107
37131.80078 0.000790301
37145.39844 0.000766147
37158.89844 0.000746008
37172.39844 0.000727761
37185.89844 0.000707146
37199.39844 0.000687816
37212.89844 0.000668358
37226.39844 0.000648994
37239.89844 0.000630904
37253.50000 0.000609415
37267.00000 0.000588537
37280.50000 0.000570953
37294.00000 0.00055076
37307.50000 0.000531367
37321.00000 0.00051397
37334.50000 0.0004942
37348.00000 0.000476856
37361.50000 0.000461009
37375.10156 0.000441593
37388.60156 0.000425717
37402.10156 0.00041069
37415.60156 0.000391858
37429.10156 0.000374675
37442.60156 0.000358482
37456.10156 0.000342322
37469.60156 0.00032954
37483.19922 0.000314502
37496.69922 0.000298209
37510.19922 0.000286366
37523.69922 0.000273558
37537.19922 0.000260361
37550.69922 0.000250067
37564.19922 0.000236565
37577.69922 0.000222757
37591.30078 0.000213665
37604.80078 0.000203623
37618.30078 0.000193356
37631.80078 0.000184965
37645.30078 0.000175153
37658.80078 0.000166969
37672.30078 0.000160572
37685.80078 0.000151013
37699.39844 0.000142293
37712.89844 0.000136521
37726.39844 0.000129964
37739.89844 0.000125032
37753.39844 0.000121435
37766.89844 0.000115335
37780.39844 0.00010971
37793.89844 0.000102984
41573.28906 0.0
