threeML/data/optical_filters/JWST/NIRCam-F460M.ecsv
# %ECSV 0.9
# ---
# datatype:
# - {name: wavelength, unit: Angstrom, datatype: float32}
# - {name: response, datatype: float32}
# meta: !!omap
# - {band_name: F460M}
# - {group_name: NIRCam}
wavelength response
39535.64844 0.0
43928.50000 0.000100253
43942.00000 0.000105907
43955.60156 0.000113925
43969.10156 0.000121765
43982.60156 0.000130352
43996.10156 0.000139975
44009.60156 0.000151276
44023.10156 0.000161004
44036.60156 0.000170039
44050.10156 0.000178695
44063.69922 0.000189221
44077.19922 0.00020025
44090.69922 0.000212072
44104.19922 0.000224847
44117.69922 0.000239062
44131.19922 0.000253844
44144.69922 0.000269617
44158.19922 0.000287483
44171.80078 0.000308894
44185.30078 0.000332563
44198.80078 0.000357873
44212.30078 0.00038387
44225.80078 0.000410955
44239.30078 0.000439057
44252.80078 0.000467588
44266.30078 0.000498639
44279.89844 0.000532519
44293.39844 0.000569603
44306.89844 0.000609326
44320.39844 0.000652518
44333.89844 0.000699459
44347.39844 0.000750533
44360.89844 0.000805481
44374.39844 0.000865082
44388.00000 0.00093011
44401.50000 0.00100058
44415.00000 0.00107618
44428.50000 0.00115747
44442.00000 0.00124572
44455.50000 0.00134099
44469.00000 0.00144421
44482.50000 0.00155644
44496.10156 0.00168095
44509.60156 0.00181648
44523.10156 0.00196385
44536.60156 0.00212443
44550.10156 0.00230145
44563.60156 0.00249603
44577.10156 0.00271047
44590.60156 0.002946
44604.10156 0.00320448
44617.69922 0.00348853
44631.19922 0.00380352
44644.69922 0.0041501
44658.19922 0.00453181
44671.69922 0.00495482
44685.19922 0.0054262
44698.69922 0.00594949
44712.19922 0.006532
44725.80078 0.00718029
44739.30078 0.00790084
44752.80078 0.0087029
44766.30078 0.00961373
44779.80078 0.0106286
44793.30078 0.0117578
44806.80078 0.0130252
44820.30078 0.0144495
44833.89844 0.0160466
44847.39844 0.017858
44860.89844 0.0198994
44874.39844 0.0221926
44887.89844 0.0247778
44901.39844 0.0277096
44914.89844 0.0310195
44928.39844 0.0347587
44942.00000 0.0390037
44955.50000 0.0438035
44969.00000 0.0492247
44982.50000 0.0553564
44996.00000 0.062271
45009.50000 0.0700476
45023.00000 0.0787792
45036.50000 0.088515
45050.10156 0.0993425
45063.60156 0.111355
45077.10156 0.124401
45090.60156 0.13861
45104.10156 0.154021
45117.60156 0.170224
45131.10156 0.187217
45144.60156 0.20504
45158.19922 0.223082
45171.69922 0.241036
45185.19922 0.259131
45198.69922 0.276764
45212.19922 0.293319
45225.69922 0.309389
45239.19922 0.32458
45252.69922 0.337975
45266.30078 0.350576
45279.80078 0.362266
45293.30078 0.371889
45306.80078 0.380676
45320.30078 0.388566
45333.80078 0.394843
45347.30078 0.400265
45360.80078 0.404944
45374.39844 0.408532
45387.89844 0.41146
45401.39844 0.413895
45414.89844 0.415653
45428.39844 0.417001
45441.89844 0.418084
45455.39844 0.418837
45468.89844 0.419346
45482.50000 0.41974
45496.00000 0.420032
45509.50000 0.420242
45523.00000 0.420419
45536.50000 0.420563
45550.00000 0.420744
45563.50000 0.420934
45577.00000 0.42113
45590.50000 0.421347
45604.10156 0.421592
45617.60156 0.422222
45631.10156 0.422614
45644.60156 0.422902
45658.10156 0.423199
45671.60156 0.423534
45685.10156 0.423852
45698.60156 0.424148
45712.19922 0.424528
45725.69922 0.425174
45739.19922 0.425433
45752.69922 0.425613
45766.19922 0.425774
45779.69922 0.425916
45793.19922 0.426023
45806.69922 0.426083
45820.30078 0.426098
45833.80078 0.426072
45847.30078 0.426019
45860.80078 0.425939
45874.30078 0.425776
45887.80078 0.4256
45901.30078 0.425412
45914.80078 0.425168
45928.39844 0.424891
45941.89844 0.42458
45955.39844 0.424274
45968.89844 0.42395
45982.39844 0.423608
45995.89844 0.423228
46009.39844 0.422861
46022.89844 0.422506
46036.50000 0.422138
46050.00000 0.421765
46063.50000 0.421386
46077.00000 0.421042
46090.50000 0.420691
46104.00000 0.420346
46117.50000 0.420049
46131.00000 0.419769
46144.60156 0.419516
46158.10156 0.419257
46171.60156 0.419003
46185.10156 0.41876
46198.60156 0.418544
46212.10156 0.418267
46225.60156 0.417965
46239.10156 0.417678
46252.69922 0.4174
46266.19922 0.417142
46279.69922 0.416863
46293.19922 0.416578
46306.69922 0.416309
46320.19922 0.416042
46333.69922 0.415768
46347.19922 0.415455
46360.80078 0.415151
46374.30078 0.414852
46387.80078 0.414547
46401.30078 0.414216
46414.80078 0.413866
46428.30078 0.413523
46441.80078 0.413165
46455.30078 0.412793
46468.80078 0.412387
46482.39844 0.411983
46495.89844 0.411589
46509.39844 0.41116
46522.89844 0.411159
46536.39844 0.410677
46549.89844 0.410203
46563.39844 0.409723
46576.89844 0.409209
46590.50000 0.408678
46604.00000 0.408141
46617.50000 0.407624
46631.00000 0.407084
46644.50000 0.406526
46658.00000 0.405954
46671.50000 0.405387
46685.00000 0.404825
46698.60156 0.404226
46712.10156 0.403622
46725.60156 0.403021
46739.10156 0.402432
46752.60156 0.401836
46766.10156 0.401208
46779.60156 0.400581
46793.10156 0.399954
46806.69922 0.399324
46820.19922 0.398666
46833.69922 0.397988
46847.19922 0.397315
46860.69922 0.39664
46874.19922 0.395959
46887.69922 0.39524
46901.19922 0.394513
46914.80078 0.393788
46928.30078 0.393036
46941.80078 0.392265
46955.30078 0.391439
46968.80078 0.390602
46982.30078 0.3902
46995.80078 0.389278
47009.30078 0.388316
47022.89844 0.387293
47036.39844 0.386205
47049.89844 0.385068
47063.39844 0.383818
47076.89844 0.382455
47090.39844 0.381024
47103.89844 0.379447
47117.39844 0.377775
47131.00000 0.375971
47144.50000 0.37389
47158.00000 0.371681
47171.50000 0.36925
47185.00000 0.366487
47198.50000 0.363547
47212.00000 0.360144
47225.50000 0.356435
47239.10156 0.352507
47252.60156 0.347905
47266.10156 0.343051
47279.60156 0.33778
47293.10156 0.331916
47306.60156 0.325796
47320.10156 0.318982
47333.60156 0.311719
47347.10156 0.304455
47360.69922 0.296146
47374.19922 0.287532
47387.69922 0.278481
47401.19922 0.268848
47414.69922 0.259129
47428.19922 0.248844
47441.69922 0.23834
47455.19922 0.227835
47468.80078 0.216822
47482.30078 0.20598
47495.80078 0.195095
47509.30078 0.184141
47522.80078 0.173502
47536.30078 0.162848
47549.80078 0.152511
47563.30078 0.14254
47576.89844 0.132738
47590.39844 0.123445
47603.89844 0.114519
47617.39844 0.106008
47630.89844 0.0980105
47644.39844 0.0903785
47657.89844 0.0832638
47671.39844 0.0766167
47685.00000 0.0703926
47698.50000 0.0646356
47712.00000 0.0592802
47725.50000 0.0543387
47739.00000 0.049789
47752.50000 0.0455881
47766.00000 0.0417368
47779.50000 0.0382029
47793.10156 0.034968
47806.60156 0.0320075
47820.10156 0.0292991
47833.60156 0.0268257
47847.10156 0.0245678
47860.60156 0.0225119
47874.10156 0.0206335
47887.60156 0.0189213
47901.19922 0.0173583
47914.69922 0.0159307
47928.19922 0.0146329
47941.69922 0.013446
47955.19922 0.0123649
47968.69922 0.0113783
47982.19922 0.0104753
47995.69922 0.00965343
48009.30078 0.00889977
48022.80078 0.00821106
48036.30078 0.00758145
48049.80078 0.00700308
48063.30078 0.00647337
48076.80078 0.00598557
48090.30078 0.00554319
48103.80078 0.00513379
48117.39844 0.00475736
48130.89844 0.00441553
48144.39844 0.00410031
48157.89844 0.00381013
48171.39844 0.00354293
48184.89844 0.00329549
48198.39844 0.00306712
48211.89844 0.00285597
48225.50000 0.00266086
48239.00000 0.00248244
48252.50000 0.00231715
48266.00000 0.00216451
48279.50000 0.00202259
48293.00000 0.00189065
48306.50000 0.00177027
48320.00000 0.00165851
48333.50000 0.00155527
48347.10156 0.00145828
48360.60156 0.00136713
48374.10156 0.00128299
48387.60156 0.00120465
48401.10156 0.00113279
48414.60156 0.00106574
48428.10156 0.0010032
48441.60156 0.000945266
48455.19922 0.000891
48468.69922 0.000840306
48482.19922 0.000792858
48495.69922 0.000748518
48509.19922 0.000707109
48522.69922 0.000668078
48536.19922 0.00063046
48549.69922 0.000595332
48563.30078 0.000562687
48576.80078 0.000532514
48590.30078 0.000504208
48603.80078 0.000475616
48617.30078 0.000449055
48630.80078 0.000424665
48644.30078 0.00040398
48657.80078 0.000385513
48671.39844 0.000367299
48684.89844 0.000349591
48698.39844 0.00033186
48711.89844 0.000315739
48725.39844 0.000300922
48738.89844 0.000287025
48752.39844 0.000273884
48765.89844 0.000261807
48779.50000 0.000250472
48793.00000 0.00023968
48806.50000 0.000228447
48820.00000 0.00021762
48833.50000 0.000207883
48847.00000 0.000199294
48860.50000 0.000192076
48874.00000 0.000184306
48887.60156 0.000176514
48901.10156 0.000167768
48914.60156 0.000159696
48928.10156 0.000152587
48941.60156 0.000146305
48955.10156 0.000140665
48968.60156 0.00013512
48982.10156 0.000129657
48995.69922 0.000123708
49009.19922 0.000117984
49022.69922 0.000112548
49036.19922 0.000107727
49049.69922 0.000103278
53954.66797 0.0
