threeML/data/optical_filters/JWST/NIRCam-F162M.ecsv
# %ECSV 0.9
# ---
# datatype:
# - {name: wavelength, unit: Angstrom, datatype: float32}
# - {name: response, datatype: float32}
# meta: !!omap
# - {band_name: F162M}
# - {group_name: NIRCam}
wavelength response
13377.59961 0.0
14864.00000 0.000102336
14874.00000 0.000116138
14884.00000 0.000128315
14894.00000 0.00014781
14904.00000 0.000168444
14914.00000 0.00019147
14924.00000 0.000219298
14934.00000 0.000248875
14944.00000 0.000293703
14954.00000 0.000325009
14964.00000 0.000380621
14974.00000 0.000443225
14984.00000 0.000522949
14994.00000 0.000603056
15004.00000 0.00071526
15014.00000 0.00083213
15024.00000 0.000969802
15034.00000 0.00114224
15044.00000 0.00132873
15054.00000 0.00158331
15064.00000 0.00185946
15074.00000 0.00219918
15084.00000 0.00254138
15094.00000 0.00297085
15104.00000 0.00346745
15114.00000 0.00414275
15124.00000 0.00471195
15134.00000 0.00560917
15144.00000 0.00628132
15154.00000 0.00755464
15164.00000 0.00880672
15174.00000 0.010233
15184.00000 0.0117856
15194.00000 0.0131214
15204.00000 0.014518
15214.00000 0.0158667
15224.00000 0.0177781
15234.00000 0.0197056
15244.00000 0.0212542
15254.00000 0.0245095
15264.00000 0.027006
15274.00000 0.0303247
15284.00000 0.0346005
15294.00000 0.0392474
15304.00000 0.0449768
15314.00000 0.0511974
15324.00000 0.0588592
15334.00000 0.0683276
15344.00000 0.0773237
15354.00000 0.0916876
15364.00000 0.103962
15374.00000 0.117798
15384.00000 0.142641
15394.00000 0.161559
15404.00000 0.185972
15414.00000 0.212023
15424.00000 0.239511
15434.00000 0.264223
15444.00000 0.291096
15454.00000 0.317571
15464.00000 0.335974
15474.00000 0.354919
15484.00000 0.369832
15494.00000 0.379256
15504.00000 0.385964
15514.00000 0.389535
15524.00000 0.395615
15534.00000 0.396083
15544.00000 0.399995
15554.00000 0.40409
15564.00000 0.404915
15574.00000 0.404477
15584.00000 0.400531
15594.00000 0.411947
15604.00000 0.406976
15614.00000 0.408648
15624.00000 0.415755
15634.00000 0.417727
15644.00000 0.411066
15654.00000 0.416227
15664.00000 0.41321
15674.00000 0.416201
15684.00000 0.415706
15694.00000 0.417888
15704.00000 0.415644
15714.00000 0.41685
15724.00000 0.420177
15734.00000 0.412137
15744.00000 0.420429
15754.00000 0.427601
15764.00000 0.422426
15774.00000 0.420791
15784.00000 0.417873
15794.00000 0.41926
15804.00000 0.436455
15814.00000 0.421712
15824.00000 0.434625
15834.00000 0.425988
15844.00000 0.424032
15854.00000 0.431461
15864.00000 0.425972
15874.00000 0.430759
15884.00000 0.424694
15894.00000 0.427325
15904.00000 0.42745
15914.00000 0.427482
15924.00000 0.423336
15934.00000 0.42721
15944.00000 0.423406
15954.00000 0.423166
15964.00000 0.422472
15974.00000 0.425696
15984.00000 0.420574
15994.00000 0.421792
16004.00000 0.422108
16014.00000 0.423694
16024.00000 0.424567
16034.00000 0.423255
16044.00000 0.425516
16054.00000 0.427374
16064.00000 0.419995
16074.00000 0.419662
16084.00000 0.422133
16094.00000 0.423735
16104.00000 0.420414
16114.00000 0.422866
16124.00000 0.417907
16134.00000 0.418801
16144.00000 0.413196
16154.00000 0.426537
16164.00000 0.413637
16174.00000 0.421539
16184.00000 0.414537
16194.00000 0.417078
16204.00000 0.422468
16214.00000 0.418711
16224.00000 0.415206
16234.00000 0.418149
16244.00000 0.419082
16254.00000 0.410802
16264.00000 0.432086
16274.00000 0.420059
16284.00000 0.422831
16294.00000 0.42223
16304.00000 0.423772
16314.00000 0.4165
16324.00000 0.424662
16334.00000 0.422357
16344.00000 0.41872
16354.00000 0.429671
16364.00000 0.43024
16374.00000 0.424966
16384.00000 0.427449
16394.00000 0.429542
16404.00000 0.430239
16414.00000 0.431237
16424.00000 0.431825
16434.00000 0.428538
16444.00000 0.434872
16454.00000 0.433932
16464.00000 0.430104
16474.00000 0.43096
16484.00000 0.434645
16494.00000 0.43531
16504.00000 0.434991
16514.00000 0.441375
16524.00000 0.433096
16534.00000 0.429622
16544.00000 0.436252
16554.00000 0.432785
16564.00000 0.431237
16574.00000 0.432908
16584.00000 0.428837
16594.00000 0.436744
16604.00000 0.434895
16614.00000 0.43072
16624.00000 0.430746
16634.00000 0.428188
16644.00000 0.431458
16654.00000 0.428364
16664.00000 0.427458
16674.00000 0.430829
16684.00000 0.428297
16694.00000 0.42833
16704.00000 0.426087
16714.00000 0.423706
16724.00000 0.422751
16734.00000 0.427425
16744.00000 0.427739
16754.00000 0.428538
16764.00000 0.433197
16774.00000 0.426744
16784.00000 0.43037
16794.00000 0.433897
16804.00000 0.431667
16814.00000 0.428597
16824.00000 0.428734
16834.00000 0.439229
16844.00000 0.435612
16854.00000 0.435586
16864.00000 0.429807
16874.00000 0.43492
16884.00000 0.43205
16894.00000 0.428008
16904.00000 0.427278
16914.00000 0.435895
16924.00000 0.43461
16934.00000 0.431672
16944.00000 0.426656
16954.00000 0.437691
16964.00000 0.425798
16974.00000 0.425913
16984.00000 0.425792
16994.00000 0.418438
17004.00000 0.414766
17014.00000 0.411356
17024.00000 0.403274
17034.00000 0.393057
17044.00000 0.38119
17054.00000 0.369627
17064.00000 0.354511
17074.00000 0.340874
17084.00000 0.319818
17094.00000 0.298112
17104.00000 0.276075
17114.00000 0.254677
17124.00000 0.225836
17134.00000 0.217881
17144.00000 0.189387
17154.00000 0.170144
17164.00000 0.151826
17174.00000 0.134082
17184.00000 0.117018
17194.00000 0.105648
17204.00000 0.093036
17214.00000 0.0821659
17224.00000 0.0718888
17234.00000 0.0642465
17244.00000 0.0570617
17254.00000 0.0495321
17264.00000 0.0465711
17274.00000 0.0415119
17284.00000 0.0373027
17294.00000 0.0333296
17304.00000 0.0310548
17314.00000 0.0274505
17324.00000 0.0245145
17334.00000 0.0213288
17344.00000 0.018228
17354.00000 0.0155656
17364.00000 0.0133661
17374.00000 0.0110766
17384.00000 0.00994342
17394.00000 0.00838773
17404.00000 0.00736747
17414.00000 0.0061902
17424.00000 0.00540183
17434.00000 0.00463938
17444.00000 0.00389699
17454.00000 0.00342625
17464.00000 0.00303789
17474.00000 0.00269137
17484.00000 0.00231831
17494.00000 0.00204022
17504.00000 0.00178203
17514.00000 0.0015807
17524.00000 0.00139124
17534.00000 0.00122317
17544.00000 0.00111623
17554.00000 0.000964293
17564.00000 0.000861431
17574.00000 0.000792819
17584.00000 0.000709095
17594.00000 0.00064065
17604.00000 0.000563792
17614.00000 0.000515084
17624.00000 0.000461809
17634.00000 0.000413745
17644.00000 0.000376611
17654.00000 0.000350921
17664.00000 0.000321791
17674.00000 0.000291568
17684.00000 0.000266737
17694.00000 0.00024404
17704.00000 0.000219048
17714.00000 0.000203317
17724.00000 0.00019075
17734.00000 0.000173345
17744.00000 0.000163186
17754.00000 0.00014342
17764.00000 0.000140412
17774.00000 0.000123065
17784.00000 0.000116377
17794.00000 0.000109001
19573.40039 0.0
