threeML/data/optical_filters/JWST/NIRCam-F405N.ecsv
# %ECSV 0.9
# ---
# datatype:
# - {name: wavelength, unit: Angstrom, datatype: float32}
# - {name: response, datatype: float32}
# meta: !!omap
# - {band_name: F405N}
# - {group_name: NIRCam}
wavelength response
35729.28125 0.0
39699.19922 0.000106861
39712.69922 0.0001206
39726.19922 0.000133152
39739.69922 0.000144628
39753.19922 0.000156851
39766.69922 0.000170506
39780.30078 0.0001866
39793.80078 0.000205485
39807.30078 0.000226509
39820.80078 0.000246044
39834.30078 0.000264409
39847.80078 0.000286985
39861.30078 0.00031476
39874.80078 0.000349837
39888.39844 0.000394651
39901.89844 0.000450669
39915.39844 0.000518686
39928.89844 0.000600308
39942.39844 0.000695129
39955.89844 0.000798636
39969.39844 0.000914209
39982.89844 0.00104544
39996.50000 0.00119705
40010.00000 0.00137766
40023.50000 0.00159868
40037.00000 0.00187067
40050.50000 0.00220413
40064.00000 0.0026241
40077.50000 0.00315493
40091.00000 0.00383075
40104.50000 0.00469982
40118.10156 0.00582841
40131.60156 0.00730912
40145.10156 0.0092783
40158.60156 0.0119456
40172.10156 0.0156333
40185.60156 0.0207973
40199.10156 0.0281221
40212.60156 0.0386545
40226.19922 0.0537983
40239.69922 0.0755426
40253.19922 0.106179
40266.69922 0.146894
40280.19922 0.196287
40293.69922 0.250113
40307.19922 0.301453
40320.69922 0.343127
40334.30078 0.370657
40347.80078 0.383944
40361.30078 0.386127
40374.80078 0.383406
40388.30078 0.38017
40401.80078 0.378418
40415.30078 0.379186
40428.80078 0.382717
40442.39844 0.388769
40455.89844 0.396646
40469.39844 0.40499
40482.89844 0.412578
40496.39844 0.418469
40509.89844 0.421966
40523.39844 0.422805
40536.89844 0.421077
40550.50000 0.416989
40564.00000 0.411586
40577.50000 0.405862
40591.00000 0.400442
40604.50000 0.39597
40618.00000 0.392446
40631.50000 0.389346
40645.00000 0.385741
40658.60156 0.379758
40672.10156 0.369516
40685.60156 0.353364
40699.10156 0.330348
40712.60156 0.300575
40726.10156 0.264677
40739.60156 0.224384
40753.10156 0.184327
40766.69922 0.147278
40780.19922 0.115
40793.69922 0.0882712
40807.19922 0.0670411
40820.69922 0.0507306
40834.19922 0.0385112
40847.69922 0.0294208
40861.19922 0.0226622
40874.80078 0.017619
40888.30078 0.0138327
40901.80078 0.0109857
40915.30078 0.00881274
40928.80078 0.00713519
40942.30078 0.00582962
40955.80078 0.004804
40969.30078 0.00398929
40982.80078 0.00333796
40996.39844 0.00281298
41009.89844 0.00238519
41023.39844 0.00203391
41036.89844 0.00174465
41050.39844 0.00150267
41063.89844 0.00129847
41077.39844 0.0011247
41090.89844 0.000976966
41104.50000 0.000851369
41118.00000 0.000744396
41131.50000 0.000652968
41145.00000 0.000575345
41158.50000 0.000509396
41172.00000 0.000453575
41185.50000 0.000406534
41199.00000 0.000366313
41212.60156 0.000331257
41226.10156 0.000300731
41239.60156 0.000273399
41253.10156 0.0002484
41266.60156 0.000225249
41280.10156 0.000203626
41293.60156 0.000183267
41307.10156 0.000165168
41320.69922 0.00014975
41334.19922 0.000136002
41347.69922 0.000123026
41361.19922 0.000110373
45497.32031 0.0
