threeML/data/optical_filters/JWST/NIRCam-F150W2.ecsv
# %ECSV 0.9
# ---
# datatype:
# - {name: wavelength, unit: Angstrom, datatype: float32}
# - {name: response, datatype: float32}
# meta: !!omap
# - {band_name: F150W2}
# - {group_name: NIRCam}
wavelength response
8298.00000 0.0
9220.00000 0.000571418
9230.00000 0.000647327
9240.00000 0.000766054
9250.00000 0.000853317
9260.00000 0.00086167
9270.00000 0.000987578
9280.00000 0.00112447
9290.00000 0.00124343
9300.00000 0.00127515
9310.00000 0.00136398
9320.00000 0.0015404
9330.00000 0.00170559
9340.00000 0.00178869
9350.00000 0.001835
9360.00000 0.00193462
9370.00000 0.00205859
9380.00000 0.00215732
9390.00000 0.00223874
9400.00000 0.00226787
9410.00000 0.00226867
9420.00000 0.00227156
9430.00000 0.00231001
9440.00000 0.00227512
9450.00000 0.00223144
9460.00000 0.00217543
9470.00000 0.00210915
9480.00000 0.00201797
9490.00000 0.00194135
9500.00000 0.0018574
9510.00000 0.00176654
9520.00000 0.00171605
9530.00000 0.00164825
9540.00000 0.00154633
9550.00000 0.00148429
9560.00000 0.00144583
9570.00000 0.00139829
9580.00000 0.00135044
9590.00000 0.00134238
9600.00000 0.00133296
9610.00000 0.00136753
9620.00000 0.00145439
9630.00000 0.00156185
9640.00000 0.00162518
9650.00000 0.00174067
9660.00000 0.00191211
9670.00000 0.00211781
9680.00000 0.00233938
9690.00000 0.00263663
9700.00000 0.00305437
9710.00000 0.00352707
9720.00000 0.00408593
9730.00000 0.00478281
9740.00000 0.00564694
9750.00000 0.00662465
9760.00000 0.007879
9770.00000 0.00936066
9780.00000 0.0111271
9790.00000 0.0131484
9800.00000 0.0157258
9810.00000 0.0185516
9820.00000 0.021896
9830.00000 0.0256667
9840.00000 0.0299526
9850.00000 0.0350523
9860.00000 0.040401
9870.00000 0.0462096
9880.00000 0.0523904
9890.00000 0.0597454
9900.00000 0.0674261
9910.00000 0.0753459
9920.00000 0.0847337
9930.00000 0.0937999
9940.00000 0.102863
9950.00000 0.111801
9960.00000 0.122667
9970.00000 0.133355
9980.00000 0.144136
9990.00000 0.154884
10000.00000 0.164669
10010.00000 0.174201
10020.00000 0.183834
10030.00000 0.193596
10040.00000 0.203387
10050.00000 0.212138
10060.00000 0.22022
10070.00000 0.226666
10080.00000 0.233667
10090.00000 0.240028
10100.00000 0.246148
10110.00000 0.252517
10120.00000 0.258666
10130.00000 0.263874
10140.00000 0.268395
10150.00000 0.272745
10160.00000 0.275612
10170.00000 0.278584
10180.00000 0.282135
10190.00000 0.2858
10200.00000 0.289156
10210.00000 0.292237
10220.00000 0.295182
10230.00000 0.296474
10240.00000 0.298149
10250.00000 0.298929
10260.00000 0.299814
10270.00000 0.300842
10280.00000 0.302431
10290.00000 0.304141
10300.00000 0.30493
10310.00000 0.305735
10320.00000 0.306569
10330.00000 0.306936
10340.00000 0.307671
10350.00000 0.308227
10360.00000 0.308956
10370.00000 0.31014
10380.00000 0.310529
10390.00000 0.310791
10400.00000 0.309972
10410.00000 0.310107
10420.00000 0.310037
10430.00000 0.311025
10440.00000 0.311955
10450.00000 0.312693
10460.00000 0.312476
10470.00000 0.312512
10480.00000 0.313549
10490.00000 0.313433
10500.00000 0.313093
10510.00000 0.313345
10520.00000 0.31473
10530.00000 0.315794
10540.00000 0.315867
10550.00000 0.316015
10560.00000 0.314751
10570.00000 0.314056
10580.00000 0.31378
10590.00000 0.314174
10600.00000 0.315079
10610.00000 0.315414
10620.00000 0.316364
10630.00000 0.316826
10640.00000 0.317492
10650.00000 0.317466
10660.00000 0.318532
10670.00000 0.319484
10680.00000 0.3206
10690.00000 0.321657
10700.00000 0.321309
10710.00000 0.321185
10720.00000 0.321884
10730.00000 0.322405
10740.00000 0.32299
10750.00000 0.323847
10760.00000 0.325818
10770.00000 0.326575
10780.00000 0.327171
10790.00000 0.328549
10800.00000 0.329247
10810.00000 0.329797
10820.00000 0.330388
10830.00000 0.330745
10840.00000 0.331033
10850.00000 0.331897
10860.00000 0.333219
10870.00000 0.334566
10880.00000 0.334652
10890.00000 0.334452
10900.00000 0.33422
10910.00000 0.334966
10920.00000 0.336972
10930.00000 0.338273
10940.00000 0.33879
10950.00000 0.338134
10960.00000 0.338251
10970.00000 0.33839
10980.00000 0.33867
10990.00000 0.339074
11000.00000 0.339744
11010.00000 0.340529
11020.00000 0.340601
11030.00000 0.340364
11040.00000 0.34077
11050.00000 0.340651
11060.00000 0.340413
11070.00000 0.340479
11080.00000 0.342041
11090.00000 0.341754
11100.00000 0.341413
11110.00000 0.341552
11120.00000 0.342003
11130.00000 0.341746
11140.00000 0.341763
11150.00000 0.342839
11160.00000 0.343468
11170.00000 0.34372
11180.00000 0.344348
11190.00000 0.344607
11200.00000 0.34404
11210.00000 0.343034
11220.00000 0.343162
11230.00000 0.342818
11240.00000 0.343052
11250.00000 0.344512
11260.00000 0.345855
11270.00000 0.345727
11280.00000 0.345241
11290.00000 0.345126
11300.00000 0.346661
11310.00000 0.348074
11320.00000 0.349181
11330.00000 0.349035
11340.00000 0.349228
11350.00000 0.349664
11360.00000 0.35015
11370.00000 0.350629
11380.00000 0.351497
11390.00000 0.35141
11400.00000 0.352074
11410.00000 0.353707
11420.00000 0.35534
11430.00000 0.355816
11440.00000 0.355265
11450.00000 0.355192
11460.00000 0.355428
11470.00000 0.356705
11480.00000 0.358346
11490.00000 0.358376
11500.00000 0.358401
11510.00000 0.35847
11520.00000 0.359592
11530.00000 0.359778
11540.00000 0.359898
11550.00000 0.360718
11560.00000 0.360915
11570.00000 0.362168
11580.00000 0.36291
11590.00000 0.363552
11600.00000 0.363356
11610.00000 0.362883
11620.00000 0.363363
11630.00000 0.364129
11640.00000 0.365073
11650.00000 0.36539
11660.00000 0.365272
11670.00000 0.364882
11680.00000 0.36454
11690.00000 0.364242
11700.00000 0.363704
11710.00000 0.363283
11720.00000 0.362487
11730.00000 0.362396
11740.00000 0.361723
11750.00000 0.36139
11760.00000 0.359241
11770.00000 0.357148
11780.00000 0.35488
11790.00000 0.352094
11800.00000 0.349005
11810.00000 0.345548
11820.00000 0.341469
11830.00000 0.335536
11840.00000 0.327882
11850.00000 0.320414
11860.00000 0.31194
11870.00000 0.302452
11880.00000 0.291802
11890.00000 0.281742
11900.00000 0.272264
11910.00000 0.261559
11920.00000 0.250611
11930.00000 0.240452
11940.00000 0.231238
11950.00000 0.223379
11960.00000 0.217038
11970.00000 0.212545
11980.00000 0.211109
11990.00000 0.211979
12000.00000 0.21366
12010.00000 0.216552
12020.00000 0.221341
12030.00000 0.228325
12040.00000 0.23653
12050.00000 0.245486
12060.00000 0.255864
12070.00000 0.266552
12080.00000 0.277329
12090.00000 0.288728
12100.00000 0.301092
12110.00000 0.312435
12120.00000 0.322436
12130.00000 0.332241
12140.00000 0.340879
12150.00000 0.348123
12160.00000 0.354135
12170.00000 0.359986
12180.00000 0.365443
12190.00000 0.369613
12200.00000 0.37213
12210.00000 0.37349
12220.00000 0.375281
12230.00000 0.376748
12240.00000 0.377041
12250.00000 0.377277
12260.00000 0.377872
12270.00000 0.378642
12280.00000 0.378908
12290.00000 0.378783
12300.00000 0.378169
12310.00000 0.377522
12320.00000 0.377823
12330.00000 0.378504
12340.00000 0.378996
12350.00000 0.378931
12360.00000 0.378822
12370.00000 0.379551
12380.00000 0.37945
12390.00000 0.379259
12400.00000 0.379208
12410.00000 0.379776
12420.00000 0.380923
12430.00000 0.381276
12440.00000 0.381444
12450.00000 0.380864
12460.00000 0.380875
12470.00000 0.380629
12480.00000 0.380791
12490.00000 0.381215
12500.00000 0.381834
12510.00000 0.382028
12520.00000 0.382021
12530.00000 0.382238
12540.00000 0.381847
12550.00000 0.381761
12560.00000 0.381582
12570.00000 0.38154
12580.00000 0.381638
12590.00000 0.382518
12600.00000 0.382973
12610.00000 0.383048
12620.00000 0.382902
12630.00000 0.382538
12640.00000 0.382452
12650.00000 0.38287
12660.00000 0.383238
12670.00000 0.383534
12680.00000 0.383083
12690.00000 0.382359
12700.00000 0.381649
12710.00000 0.381642
12720.00000 0.38153
12730.00000 0.381314
12740.00000 0.381201
12750.00000 0.381637
12760.00000 0.381716
12770.00000 0.382025
12780.00000 0.382047
12790.00000 0.381532
12800.00000 0.381115
12810.00000 0.382163
12820.00000 0.382808
12830.00000 0.383482
12840.00000 0.38377
12850.00000 0.384069
12860.00000 0.383715
12870.00000 0.383208
12880.00000 0.382899
12890.00000 0.382765
12900.00000 0.382422
12910.00000 0.382145
12920.00000 0.382864
12930.00000 0.383647
12940.00000 0.383584
12950.00000 0.38289
12960.00000 0.382448
12970.00000 0.383671
12980.00000 0.385875
12990.00000 0.388569
13000.00000 0.38912
13010.00000 0.388986
13020.00000 0.388043
13030.00000 0.3878
13040.00000 0.387736
13050.00000 0.388357
13060.00000 0.388658
13070.00000 0.389057
13080.00000 0.389572
13090.00000 0.390176
13100.00000 0.390332
13110.00000 0.39084
13120.00000 0.39097
13130.00000 0.391517
13140.00000 0.391587
13150.00000 0.392509
13160.00000 0.393127
13170.00000 0.392893
13180.00000 0.392275
13190.00000 0.392662
13200.00000 0.39319
13210.00000 0.393232
13220.00000 0.392433
13230.00000 0.392665
13240.00000 0.394409
13250.00000 0.39566
13260.00000 0.395417
13270.00000 0.394792
13280.00000 0.39418
13290.00000 0.393843
13300.00000 0.394477
13310.00000 0.395366
13320.00000 0.396012
13330.00000 0.395706
13340.00000 0.395
13350.00000 0.394691
13360.00000 0.394811
13370.00000 0.395688
13380.00000 0.396238
13390.00000 0.396292
13400.00000 0.396434
13410.00000 0.397302
13420.00000 0.397816
13430.00000 0.397971
13440.00000 0.397812
13450.00000 0.397534
13460.00000 0.398032
13470.00000 0.398428
13480.00000 0.399539
13490.00000 0.400274
13500.00000 0.399726
13510.00000 0.399219
13520.00000 0.398718
13530.00000 0.398903
13540.00000 0.400117
13550.00000 0.400812
13560.00000 0.401023
13570.00000 0.401137
13580.00000 0.401545
13590.00000 0.40109
13600.00000 0.399954
13610.00000 0.399198
13620.00000 0.399651
13630.00000 0.400383
13640.00000 0.400854
13650.00000 0.400785
13660.00000 0.399679
13670.00000 0.397714
13680.00000 0.396389
13690.00000 0.395947
13700.00000 0.396879
13710.00000 0.396827
13720.00000 0.395811
13730.00000 0.394331
13740.00000 0.392782
13750.00000 0.391626
13760.00000 0.391125
13770.00000 0.390436
13780.00000 0.389075
13790.00000 0.38785
13800.00000 0.38716
13810.00000 0.386241
13820.00000 0.385693
13830.00000 0.384514
13840.00000 0.38336
13850.00000 0.383498
13860.00000 0.384052
13870.00000 0.384465
13880.00000 0.383942
13890.00000 0.383571
13900.00000 0.384471
13910.00000 0.38498
13920.00000 0.385027
13930.00000 0.385905
13940.00000 0.387191
13950.00000 0.388534
13960.00000 0.388622
13970.00000 0.388952
13980.00000 0.390736
13990.00000 0.391649
14000.00000 0.392415
14010.00000 0.393358
14020.00000 0.394173
14030.00000 0.394652
14040.00000 0.395292
14050.00000 0.395738
14060.00000 0.395949
14070.00000 0.396139
14080.00000 0.39704
14090.00000 0.398131
14100.00000 0.399204
14110.00000 0.400161
14120.00000 0.401275
14130.00000 0.401933
14140.00000 0.402606
14150.00000 0.402162
14160.00000 0.402478
14170.00000 0.403546
14180.00000 0.404416
14190.00000 0.404311
14200.00000 0.403225
14210.00000 0.403009
14220.00000 0.402231
14230.00000 0.401152
14240.00000 0.399287
14250.00000 0.397502
14260.00000 0.39553
14270.00000 0.393139
14280.00000 0.389739
14290.00000 0.385779
14300.00000 0.382491
14310.00000 0.378258
14320.00000 0.372937
14330.00000 0.36768
14340.00000 0.362235
14350.00000 0.356172
14360.00000 0.34913
14370.00000 0.343306
14380.00000 0.336246
14390.00000 0.328637
14400.00000 0.319515
14410.00000 0.311865
14420.00000 0.304912
14430.00000 0.296706
14440.00000 0.287992
14450.00000 0.279531
14460.00000 0.271232
14470.00000 0.264243
14480.00000 0.257655
14490.00000 0.252245
14500.00000 0.246795
14510.00000 0.24236
14520.00000 0.238667
14530.00000 0.235157
14540.00000 0.23307
14550.00000 0.232598
14560.00000 0.233804
14570.00000 0.235192
14580.00000 0.238018
14590.00000 0.242386
14600.00000 0.248101
14610.00000 0.254343
14620.00000 0.261048
14630.00000 0.26935
14640.00000 0.278407
14650.00000 0.290005
14660.00000 0.301125
14670.00000 0.312483
14680.00000 0.32166
14690.00000 0.331586
14700.00000 0.341466
14710.00000 0.35199
14720.00000 0.362765
14730.00000 0.372943
14740.00000 0.38241
14750.00000 0.389942
14760.00000 0.397127
14770.00000 0.402228
14780.00000 0.406906
14790.00000 0.410579
14800.00000 0.414668
14810.00000 0.417683
14820.00000 0.420151
14830.00000 0.422328
14840.00000 0.424694
14850.00000 0.42486
14860.00000 0.425321
14870.00000 0.424691
14880.00000 0.425232
14890.00000 0.425931
14900.00000 0.427334
14910.00000 0.427975
14920.00000 0.428099
14930.00000 0.427625
14940.00000 0.426521
14950.00000 0.426364
14960.00000 0.425986
14970.00000 0.427071
14980.00000 0.428136
14990.00000 0.428736
15000.00000 0.428263
15010.00000 0.428269
15020.00000 0.428184
15030.00000 0.427961
15040.00000 0.427974
15050.00000 0.428932
15060.00000 0.430766
15070.00000 0.430874
15080.00000 0.431261
15090.00000 0.431636
15100.00000 0.431549
15110.00000 0.432086
15120.00000 0.432244
15130.00000 0.43281
15140.00000 0.433349
15150.00000 0.433885
15160.00000 0.434438
15170.00000 0.434703
15180.00000 0.434483
15190.00000 0.433673
15200.00000 0.432933
15210.00000 0.43264
15220.00000 0.433041
15230.00000 0.434427
15240.00000 0.435392
15250.00000 0.435029
15260.00000 0.434779
15270.00000 0.435261
15280.00000 0.436294
15290.00000 0.436409
15300.00000 0.437007
15310.00000 0.436903
15320.00000 0.438072
15330.00000 0.438022
15340.00000 0.437479
15350.00000 0.437118
15360.00000 0.436889
15370.00000 0.437243
15380.00000 0.437996
15390.00000 0.438701
15400.00000 0.438655
15410.00000 0.438222
15420.00000 0.437658
15430.00000 0.436187
15440.00000 0.43528
15450.00000 0.434916
15460.00000 0.436107
15470.00000 0.436769
15480.00000 0.43713
15490.00000 0.437288
15500.00000 0.436821
15510.00000 0.435905
15520.00000 0.435741
15530.00000 0.436202
15540.00000 0.436266
15550.00000 0.436957
15560.00000 0.437484
15570.00000 0.437002
15580.00000 0.435471
15590.00000 0.434165
15600.00000 0.434045
15610.00000 0.43443
15620.00000 0.434872
15630.00000 0.435402
15640.00000 0.436869
15650.00000 0.436831
15660.00000 0.435255
15670.00000 0.434225
15680.00000 0.433999
15690.00000 0.434425
15700.00000 0.434807
15710.00000 0.435325
15720.00000 0.436218
15730.00000 0.436457
15740.00000 0.436177
15750.00000 0.435447
15760.00000 0.435469
15770.00000 0.435797
15780.00000 0.436399
15790.00000 0.437347
15800.00000 0.438264
15810.00000 0.438951
15820.00000 0.437286
15830.00000 0.436156
15840.00000 0.436428
15850.00000 0.437668
15860.00000 0.437543
15870.00000 0.436972
15880.00000 0.437122
15890.00000 0.436691
15900.00000 0.436258
15910.00000 0.435271
15920.00000 0.435439
15930.00000 0.435677
15940.00000 0.436041
15950.00000 0.436118
15960.00000 0.436289
15970.00000 0.437197
15980.00000 0.436705
15990.00000 0.436344
16000.00000 0.436063
16010.00000 0.436538
16020.00000 0.437806
16030.00000 0.439684
16040.00000 0.441554
16050.00000 0.440853
16060.00000 0.439961
16070.00000 0.439026
16080.00000 0.438849
16090.00000 0.439143
16100.00000 0.440032
16110.00000 0.440635
16120.00000 0.439822
16130.00000 0.440098
16140.00000 0.440858
16150.00000 0.441318
16160.00000 0.439853
16170.00000 0.439141
16180.00000 0.439675
16190.00000 0.44079
16200.00000 0.441349
16210.00000 0.441111
16220.00000 0.439727
16230.00000 0.438503
16240.00000 0.437407
16250.00000 0.438241
16260.00000 0.439595
16270.00000 0.440651
16280.00000 0.440038
16290.00000 0.440521
16300.00000 0.439993
16310.00000 0.437612
16320.00000 0.435896
16330.00000 0.436076
16340.00000 0.437475
16350.00000 0.438509
16360.00000 0.440338
16370.00000 0.440487
16380.00000 0.440365
16390.00000 0.439696
16400.00000 0.440316
16410.00000 0.441487
16420.00000 0.442648
16430.00000 0.442527
16440.00000 0.44277
16450.00000 0.442775
16460.00000 0.443026
16470.00000 0.442796
16480.00000 0.44311
16490.00000 0.442444
16500.00000 0.442983
16510.00000 0.444235
16520.00000 0.4457
16530.00000 0.445657
16540.00000 0.444618
16550.00000 0.444138
16560.00000 0.443869
16570.00000 0.443814
16580.00000 0.443816
16590.00000 0.444756
16600.00000 0.44587
16610.00000 0.445539
16620.00000 0.444981
16630.00000 0.444861
16640.00000 0.443902
16650.00000 0.443422
16660.00000 0.443493
16670.00000 0.444431
16680.00000 0.44425
16690.00000 0.444089
16700.00000 0.442683
16710.00000 0.441256
16720.00000 0.439546
16730.00000 0.43941
16740.00000 0.441239
16750.00000 0.442843
16760.00000 0.443723
16770.00000 0.443522
16780.00000 0.44304
16790.00000 0.4429
16800.00000 0.444041
16810.00000 0.443585
16820.00000 0.442316
16830.00000 0.442478
