threeML/data/optical_filters/JWST/NIRCam-F210M.ecsv
# %ECSV 0.9
# ---
# datatype:
# - {name: wavelength, unit: Angstrom, datatype: float32}
# - {name: response, datatype: float32}
# meta: !!omap
# - {band_name: F210M}
# - {group_name: NIRCam}
wavelength response
17384.40039 0.0
19316.00000 0.000109809
19326.00000 0.000123901
19336.00000 0.000138587
19346.00000 0.000159532
19356.00000 0.000175511
19366.00000 0.000199329
19376.00000 0.000225057
19386.00000 0.00025208
19396.00000 0.000282056
19406.00000 0.000319693
19416.00000 0.000372243
19426.00000 0.000406764
19436.00000 0.000469472
19446.00000 0.000527106
19456.00000 0.000602724
19466.00000 0.000676585
19476.00000 0.000780766
19486.00000 0.000889104
19496.00000 0.000977173
19506.00000 0.00113259
19516.00000 0.00128295
19526.00000 0.00147581
19536.00000 0.00166336
19546.00000 0.00190215
19556.00000 0.00223705
19566.00000 0.00251087
19576.00000 0.00285024
19586.00000 0.00334784
19596.00000 0.0037819
19606.00000 0.00442214
19616.00000 0.00502456
19626.00000 0.00575125
19636.00000 0.00678493
19646.00000 0.00782947
19656.00000 0.00911984
19666.00000 0.0105141
19676.00000 0.0122745
19686.00000 0.0139336
19696.00000 0.0162748
19706.00000 0.0198021
19716.00000 0.022418
19726.00000 0.0256824
19736.00000 0.028965
19746.00000 0.0335482
19756.00000 0.0366636
19766.00000 0.0413056
19776.00000 0.0468874
19786.00000 0.0507039
19796.00000 0.0585027
19806.00000 0.0644675
19816.00000 0.0724178
19826.00000 0.0802413
19836.00000 0.0898391
19846.00000 0.102103
19856.00000 0.112551
19866.00000 0.129992
19876.00000 0.147531
19886.00000 0.168016
19896.00000 0.193468
19906.00000 0.21008
19916.00000 0.237135
19926.00000 0.261985
19936.00000 0.287332
19946.00000 0.313346
19956.00000 0.337201
19966.00000 0.359763
19976.00000 0.375925
19986.00000 0.391364
19996.00000 0.410302
20006.00000 0.428063
20016.00000 0.437317
20026.00000 0.448012
20036.00000 0.448893
20046.00000 0.456332
20056.00000 0.46599
20066.00000 0.468812
20076.00000 0.470801
20086.00000 0.472248
20096.00000 0.473578
20106.00000 0.469278
20116.00000 0.475577
20126.00000 0.472535
20136.00000 0.475134
20146.00000 0.476857
20156.00000 0.472806
20166.00000 0.477408
20176.00000 0.471463
20186.00000 0.47246
20196.00000 0.475418
20206.00000 0.471791
20216.00000 0.473883
20226.00000 0.468479
20236.00000 0.475932
20246.00000 0.469413
20256.00000 0.477565
20266.00000 0.471834
20276.00000 0.474663
20286.00000 0.47073
20296.00000 0.473137
20306.00000 0.475065
20316.00000 0.470081
20326.00000 0.475894
20336.00000 0.476201
20346.00000 0.470723
20356.00000 0.467144
20366.00000 0.479981
20376.00000 0.471614
20386.00000 0.475775
20396.00000 0.47226
20406.00000 0.466249
20416.00000 0.47591
20426.00000 0.469922
20436.00000 0.470479
20446.00000 0.468998
20456.00000 0.470195
20466.00000 0.469589
20476.00000 0.470896
20486.00000 0.464538
20496.00000 0.460009
20506.00000 0.477126
20516.00000 0.466287
20526.00000 0.468443
20536.00000 0.47002
20546.00000 0.466118
20556.00000 0.464207
20566.00000 0.46904
20576.00000 0.467215
20586.00000 0.469365
20596.00000 0.465249
20606.00000 0.474595
20616.00000 0.46921
20626.00000 0.477338
20636.00000 0.467179
20646.00000 0.469378
20656.00000 0.472839
20666.00000 0.471604
20676.00000 0.47269
20686.00000 0.479016
20696.00000 0.475584
20706.00000 0.478311
20716.00000 0.479745
20726.00000 0.477052
20736.00000 0.479914
20746.00000 0.475945
20756.00000 0.478644
20766.00000 0.477011
20776.00000 0.479176
20786.00000 0.478342
20796.00000 0.479005
20806.00000 0.474771
20816.00000 0.482992
20826.00000 0.472557
20836.00000 0.485895
20846.00000 0.478365
20856.00000 0.479064
20866.00000 0.480131
20876.00000 0.47721
20886.00000 0.485406
20896.00000 0.478572
20906.00000 0.477415
20916.00000 0.471317
20926.00000 0.476015
20936.00000 0.478876
20946.00000 0.486877
20956.00000 0.472393
20966.00000 0.481516
20976.00000 0.472436
20986.00000 0.472871
20996.00000 0.483503
21006.00000 0.472518
21016.00000 0.469611
21026.00000 0.470355
21036.00000 0.474917
21046.00000 0.466425
21056.00000 0.471947
21066.00000 0.472537
21076.00000 0.45918
21086.00000 0.477249
21096.00000 0.469442
21106.00000 0.465149
21116.00000 0.466655
21126.00000 0.464113
21136.00000 0.473627
21146.00000 0.464682
21156.00000 0.467442
21166.00000 0.461861
21176.00000 0.472352
21186.00000 0.467585
21196.00000 0.469698
21206.00000 0.466351
21216.00000 0.465794
21226.00000 0.46628
21236.00000 0.466506
21246.00000 0.465231
21256.00000 0.47146
21266.00000 0.471072
21276.00000 0.466571
21286.00000 0.477417
21296.00000 0.470861
21306.00000 0.475956
21316.00000 0.46883
21326.00000 0.468499
21336.00000 0.473796
21346.00000 0.470192
21356.00000 0.47637
21366.00000 0.469429
21376.00000 0.473048
21386.00000 0.471058
21396.00000 0.477677
21406.00000 0.471229
21416.00000 0.469842
21426.00000 0.473212
21436.00000 0.473027
21446.00000 0.467603
21456.00000 0.473585
21466.00000 0.47391
21476.00000 0.471808
21486.00000 0.468532
21496.00000 0.472372
21506.00000 0.469437
21516.00000 0.467791
21526.00000 0.467379
21536.00000 0.468506
21546.00000 0.469438
21556.00000 0.469303
21566.00000 0.472856
21576.00000 0.463864
21586.00000 0.469397
21596.00000 0.464124
21606.00000 0.464848
21616.00000 0.464287
21626.00000 0.467146
21636.00000 0.464041
21646.00000 0.457084
21656.00000 0.467414
21666.00000 0.460532
21676.00000 0.464546
21686.00000 0.45793
21696.00000 0.465549
21706.00000 0.458989
21716.00000 0.458174
21726.00000 0.465489
21736.00000 0.453961
21746.00000 0.458788
21756.00000 0.465801
21766.00000 0.459758
21776.00000 0.460438
21786.00000 0.45579
21796.00000 0.453639
21806.00000 0.464169
21816.00000 0.460083
21826.00000 0.457516
21836.00000 0.458215
21846.00000 0.449569
21856.00000 0.454308
21866.00000 0.446233
21876.00000 0.444244
21886.00000 0.438204
21896.00000 0.434937
21906.00000 0.424172
21916.00000 0.413054
21926.00000 0.402359
21936.00000 0.383628
21946.00000 0.371795
21956.00000 0.351162
21966.00000 0.331452
21976.00000 0.311606
21986.00000 0.2878
21996.00000 0.267186
22006.00000 0.245532
22016.00000 0.23365
22026.00000 0.212839
22036.00000 0.195696
22046.00000 0.183197
22056.00000 0.16841
22066.00000 0.157294
22076.00000 0.143142
22086.00000 0.131645
22096.00000 0.119712
22106.00000 0.108804
22116.00000 0.0976941
22126.00000 0.0861173
22136.00000 0.0784852
22146.00000 0.0693395
22156.00000 0.0607143
22166.00000 0.0528593
22176.00000 0.0453659
22186.00000 0.0394603
22196.00000 0.0345849
22206.00000 0.030254
22216.00000 0.0255585
22226.00000 0.0221622
22236.00000 0.0190073
22246.00000 0.0164652
22256.00000 0.0142655
22266.00000 0.0122529
22276.00000 0.0105362
22286.00000 0.00935342
22296.00000 0.00809621
22306.00000 0.00704854
22316.00000 0.00613861
22326.00000 0.0053348
22336.00000 0.00464954
22346.00000 0.0040736
22356.00000 0.00357946
22366.00000 0.00312289
22376.00000 0.00275724
22386.00000 0.00241381
22396.00000 0.00211115
22406.00000 0.00186987
22416.00000 0.00160839
22426.00000 0.00146802
22436.00000 0.00127275
22446.00000 0.0011415
22456.00000 0.000994275
22466.00000 0.000875963
22476.00000 0.000779507
22486.00000 0.000684544
22496.00000 0.000624195
22506.00000 0.00054573
22516.00000 0.000478559
22526.00000 0.000432707
22536.00000 0.000384218
22546.00000 0.00033821
22556.00000 0.000300437
22566.00000 0.000272234
22576.00000 0.000247157
22586.00000 0.000220616
22596.00000 0.000198178
22606.00000 0.00017436
22616.00000 0.000160227
22626.00000 0.000141885
22636.00000 0.000129832
22646.00000 0.00011624
22656.00000 0.000108889
24921.59961 0.0
