threeML/data/optical_filters/JWST/NIRCam-F250M.ecsv
# %ECSV 0.9
# ---
# datatype:
# - {name: wavelength, unit: Angstrom, datatype: float32}
# - {name: response, datatype: float32}
# meta: !!omap
# - {band_name: F250M}
# - {group_name: NIRCam}
wavelength response
21379.58984 0.0
23755.09961 0.000107045
23767.09961 0.000145178
23779.09961 0.000185769
23791.09961 0.00024084
23803.09961 0.000312019
23815.19922 0.000398983
23827.19922 0.000506634
23839.19922 0.00064075
23851.19922 0.000809355
23863.19922 0.001017
23875.19922 0.00128451
23887.19922 0.00162052
23899.19922 0.00204708
23911.19922 0.00259079
23923.19922 0.00328686
23935.30078 0.00419312
23947.30078 0.0053728
23959.30078 0.00691475
23971.30078 0.00895136
23983.30078 0.0116533
23995.30078 0.0152514
24007.30078 0.0200345
24019.30078 0.0263824
24031.30078 0.0347689
24043.30078 0.0457316
24055.30078 0.0598474
24067.40039 0.0776469
24079.40039 0.0995236
24091.40039 0.125582
24103.40039 0.155405
24115.40039 0.187978
24127.40039 0.221705
24139.40039 0.25457
24151.40039 0.284486
24163.40039 0.309842
24175.40039 0.329849
24187.50000 0.344519
24199.50000 0.354576
24211.50000 0.361288
24223.50000 0.365878
24235.50000 0.368541
24247.50000 0.370314
24259.50000 0.371653
24271.50000 0.372821
24283.50000 0.373969
24295.50000 0.375193
24307.59961 0.376513
24319.59961 0.377895
24331.59961 0.379286
24343.59961 0.38064
24355.59961 0.381931
24367.59961 0.383136
24379.59961 0.384285
24391.59961 0.38529
24403.59961 0.386145
24415.59961 0.386837
24427.59961 0.387415
24439.69922 0.387864
24451.69922 0.388204
24463.69922 0.388444
24475.69922 0.388357
24487.69922 0.388259
24499.69922 0.388088
24511.69922 0.387843
24523.69922 0.387571
24535.69922 0.387272
24547.69922 0.386963
24559.80078 0.386806
24571.80078 0.386651
24583.80078 0.386512
24595.80078 0.386392
24607.80078 0.386257
24619.80078 0.386125
24631.80078 0.386038
24643.80078 0.386001
24655.80078 0.386005
24667.80078 0.38605
24679.80078 0.386159
24691.90039 0.386439
24703.90039 0.38671
24715.90039 0.387099
24727.90039 0.387563
24739.90039 0.388512
24751.90039 0.389231
24763.90039 0.389949
24775.90039 0.390717
24787.90039 0.391508
24799.90039 0.392366
24812.00000 0.393029
24824.00000 0.393499
24836.00000 0.394308
24848.00000 0.395018
24860.00000 0.395722
24872.00000 0.396382
24884.00000 0.396948
24896.00000 0.397422
24908.00000 0.397814
24920.00000 0.398099
24932.09961 0.398377
24944.09961 0.398617
24956.09961 0.398741
24968.09961 0.398799
24980.09961 0.398731
24992.09961 0.398555
25004.09961 0.398328
25016.09961 0.398025
25028.09961 0.397631
25040.09961 0.397208
25052.09961 0.396743
25064.19922 0.396238
25076.19922 0.395731
25088.19922 0.395237
25100.19922 0.394727
25112.19922 0.394248
25124.19922 0.393876
25136.19922 0.393604
25148.19922 0.393369
25160.19922 0.393194
25172.19922 0.393052
25184.30078 0.392945
25196.30078 0.392896
25208.30078 0.392899
25220.30078 0.392929
25232.30078 0.393004
25244.30078 0.393107
25256.30078 0.393218
25268.30078 0.39336
25280.30078 0.393524
25292.30078 0.39366
25304.40039 0.393821
25316.40039 0.394028
25328.40039 0.394315
25340.40039 0.3946
25352.40039 0.394874
25364.40039 0.395095
25376.40039 0.395297
25388.40039 0.395485
25400.40039 0.395623
25412.40039 0.395719
25424.40039 0.395792
25436.50000 0.395815
25448.50000 0.395803
25460.50000 0.395773
25472.50000 0.395685
25484.50000 0.395567
25496.50000 0.395422
25508.50000 0.395191
25520.50000 0.394974
25532.50000 0.394782
25544.50000 0.394463
25556.59961 0.39406
25568.59961 0.393571
25580.59961 0.392954
25592.59961 0.392239
25604.59961 0.391434
25616.59961 0.390512
25628.59961 0.389524
25640.59961 0.388517
25652.59961 0.387437
25664.59961 0.386403
25676.69922 0.385458
25688.69922 0.384588
25700.69922 0.383973
25712.69922 0.383967
25724.69922 0.383839
25736.69922 0.384132
25748.69922 0.384719
25760.69922 0.385522
25772.69922 0.386444
25784.69922 0.38709
25796.69922 0.387614
25808.80078 0.387396
25820.80078 0.385817
25832.80078 0.382365
25844.80078 0.376469
25856.80078 0.367363
25868.80078 0.354829
25880.80078 0.3386
25892.80078 0.318626
25904.80078 0.295261
25916.80078 0.269093
25928.90039 0.240771
25940.90039 0.211495
25952.90039 0.181672
25964.90039 0.153537
25976.90039 0.127952
25988.90039 0.105071
26000.90039 0.0852662
26012.90039 0.0685904
26024.90039 0.0548441
26036.90039 0.0437742
26049.00000 0.0349595
26061.00000 0.0278677
26073.00000 0.0223317
26085.00000 0.0179562
26097.00000 0.0144816
26109.00000 0.0117388
26121.00000 0.00955625
26133.00000 0.00780662
26145.00000 0.00641752
26157.00000 0.00529072
26169.00000 0.00438844
26181.09961 0.00365894
26193.09961 0.00305666
26205.09961 0.00257316
26217.09961 0.00217032
26229.09961 0.00183642
26241.09961 0.00157054
26253.09961 0.00134532
26265.09961 0.00115871
26277.09961 0.0010035
26289.09961 0.000866369
26301.19922 0.000757953
26313.19922 0.000664461
26325.19922 0.000581108
26337.19922 0.000521327
26349.19922 0.000459942
26361.19922 0.000407772
26373.19922 0.000366687
26385.19922 0.000328487
26397.19922 0.000302875
26409.19922 0.000274869
26421.30078 0.000247124
26433.30078 0.000231262
26445.30078 0.00021102
26457.30078 0.000192723
26469.30078 0.0001792
26481.30078 0.00016312
26493.30078 0.000153746
26505.30078 0.00013872
26517.30078 0.0001302
26529.30078 0.000126668
26541.30078 0.000112803
26553.40039 0.000106621
26565.40039 0.000101511
29221.94141 0.0
