threeML/data/optical_filters/JWST/NIRCam-F322W2.ecsv
# %ECSV 0.9
# ---
# datatype:
# - {name: wavelength, unit: Angstrom, datatype: float32}
# - {name: response, datatype: float32}
# meta: !!omap
# - {band_name: F322W2}
# - {group_name: NIRCam}
wavelength response
21057.92969 0.0
23397.69922 0.000128118
23462.09961 0.000114799
23478.09961 0.000174971
23494.19922 0.000173154
23510.30078 0.000166082
23526.40039 0.000169628
23542.50000 0.000207127
23558.50000 0.000256635
23574.59961 0.00031763
23590.69922 0.000371565
23606.80078 0.000437137
23622.90039 0.000508943
23639.00000 0.000594153
23655.00000 0.000705717
23671.09961 0.000900811
23687.19922 0.00115047
23703.30078 0.00141428
23719.40039 0.00167111
23735.40039 0.00197145
23751.50000 0.00244409
23767.59961 0.00305923
23783.69922 0.00380909
23799.80078 0.00459375
23815.80078 0.00553951
23831.90039 0.0067065
23848.00000 0.00819368
23864.09961 0.0100051
23880.19922 0.0120868
23896.19922 0.0144885
23912.30078 0.0173698
23928.40039 0.0205195
23944.50000 0.024221
23960.59961 0.028527
23976.69922 0.0330983
23992.69922 0.0384221
24008.80078 0.0443132
24024.90039 0.0505817
24041.00000 0.0577548
24057.09961 0.0656005
24073.09961 0.0742774
24089.19922 0.0841111
24105.30078 0.094393
24121.40039 0.105747
24137.50000 0.118374
24153.50000 0.131118
24169.59961 0.145207
24185.69922 0.160069
24201.80078 0.17419
24217.90039 0.189766
24233.90039 0.204889
24250.00000 0.21898
24266.09961 0.234243
24282.19922 0.248101
24298.30078 0.261478
24314.40039 0.276146
24330.40039 0.288759
24346.50000 0.301643
24362.59961 0.315813
24378.69922 0.326892
24394.80078 0.338647
24410.80078 0.350922
24426.90039 0.359398
24443.00000 0.368336
24459.09961 0.376739
24475.19922 0.381796
24491.19922 0.386985
24507.30078 0.391183
24523.40039 0.39356
24539.50000 0.39597
24555.59961 0.397777
24571.59961 0.398886
24587.69922 0.400006
24603.80078 0.400866
24619.90039 0.401478
24636.00000 0.402091
24652.00000 0.402639
24668.09961 0.403151
24684.19922 0.403699
24700.30078 0.404231
24716.40039 0.404845
24732.50000 0.405564
24748.50000 0.406453
24764.59961 0.406936
24780.69922 0.407404
24796.80078 0.407927
24812.90039 0.408167
24828.90039 0.408297
24845.00000 0.408664
24861.09961 0.409017
24877.19922 0.409411
24893.30078 0.409649
24909.30078 0.40995
24925.40039 0.410213
24941.50000 0.410404
24957.59961 0.410583
24973.69922 0.410754
24989.69922 0.410805
24997.80078 0.402877
25011.30078 0.402888
25024.80078 0.402808
25038.30078 0.402722
25051.80078 0.402613
25065.30078 0.402454
25078.90039 0.402264
25092.40039 0.402034
25105.90039 0.401807
25119.40039 0.401573
25132.90039 0.401342
25146.40039 0.401098
25159.90039 0.400878
25173.40039 0.400686
25187.00000 0.40051
25200.50000 0.400359
25214.00000 0.400275
25227.50000 0.4002
25241.00000 0.400152
25254.50000 0.400211
25268.00000 0.400244
25281.50000 0.400357
25295.09961 0.400485
25308.59961 0.400644
25322.09961 0.400803
25335.59961 0.401101
25349.09961 0.40139
25362.59961 0.401502
25376.09961 0.401888
25389.59961 0.402105
25403.19922 0.402284
25416.69922 0.402289
25430.19922 0.402186
25443.69922 0.402321
25457.19922 0.402349
25470.69922 0.402093
25484.19922 0.401884
25497.69922 0.401717
25511.19922 0.401269
25524.80078 0.400764
25538.30078 0.400554
25551.80078 0.400187
25565.30078 0.399628
25578.80078 0.399086
25592.30078 0.398411
25605.80078 0.397292
25619.30078 0.396511
25632.90039 0.396041
25646.40039 0.395561
25659.90039 0.395573
25673.40039 0.395126
25686.90039 0.394486
25700.40039 0.393941
25713.90039 0.394691
25727.40039 0.394034
25741.00000 0.394108
25754.50000 0.394633
25768.00000 0.394413
25781.50000 0.394929
25795.00000 0.395499
25808.50000 0.39567
25822.00000 0.396641
25835.50000 0.396834
25849.09961 0.398395
25862.59961 0.399568
25876.09961 0.400467
25889.59961 0.401997
25903.09961 0.403512
25916.59961 0.404787
25930.09961 0.405798
25943.59961 0.405136
25957.19922 0.407163
25970.69922 0.409821
25984.19922 0.411731
25997.69922 0.412938
26011.19922 0.413455
26024.69922 0.414102
26038.19922 0.41447
26051.69922 0.414309
26065.30078 0.415437
26078.80078 0.415876
26092.30078 0.416055
26105.80078 0.416393
26119.30078 0.416478
26132.80078 0.416025
26146.30078 0.415921
26159.80078 0.41517
26173.40039 0.41496
26186.90039 0.416013
26200.40039 0.414927
26213.90039 0.415367
26227.40039 0.415537
26240.90039 0.415173
26254.40039 0.414503
26267.90039 0.413515
26281.50000 0.413885
26295.00000 0.412908
26308.50000 0.41221
26322.00000 0.412932
26335.50000 0.412371
26349.00000 0.412779
26362.50000 0.412848
26376.00000 0.412726
26389.50000 0.412661
26403.09961 0.412616
26416.59961 0.412506
26430.09961 0.412652
26443.59961 0.412754
26457.09961 0.412619
26470.59961 0.413198
26484.09961 0.413532
26497.59961 0.413818
26511.19922 0.413474
26524.69922 0.413432
26538.19922 0.414421
26551.69922 0.414448
26565.19922 0.4149
26578.69922 0.415223
26592.19922 0.414992
26605.69922 0.415032
26619.30078 0.414618
26632.80078 0.414697
26646.30078 0.413652
26659.80078 0.413634
26673.30078 0.413775
26686.80078 0.414936
26700.30078 0.413378
26713.80078 0.414188
26727.40039 0.414712
26740.90039 0.414514
26754.40039 0.413814
26767.90039 0.413346
26781.40039 0.413618
26794.90039 0.413391
26808.40039 0.414041
26821.90039 0.413717
26835.50000 0.41282
26849.00000 0.412861
26862.50000 0.412642
26876.00000 0.413055
26889.50000 0.412907
26903.00000 0.412929
26916.50000 0.412681
26930.00000 0.411423
26943.59961 0.411265
26957.09961 0.411632
26970.59961 0.412075
26984.09961 0.412224
26997.59961 0.412549
27011.09961 0.412534
27024.59961 0.412928
27038.09961 0.413495
27051.69922 0.413874
27065.19922 0.414221
27078.69922 0.41429
27092.19922 0.414216
27105.69922 0.414126
27119.19922 0.41508
27132.69922 0.415964
27146.19922 0.415922
27159.80078 0.416189
27173.30078 0.416265
27186.80078 0.416501
27200.30078 0.415502
27213.80078 0.416343
27227.30078 0.417565
27240.80078 0.416319
27254.30078 0.416814
27267.90039 0.417525
27281.40039 0.417674
27294.90039 0.417662
27308.40039 0.417554
27321.90039 0.417454
27335.40039 0.416908
27348.90039 0.415984
27362.40039 0.416346
27375.90039 0.416019
27389.50000 0.414863
27403.00000 0.414547
27416.50000 0.41515
27430.00000 0.415547
27443.50000 0.415256
27457.00000 0.41461
27470.50000 0.414368
27484.00000 0.414109
27497.59961 0.413924
27511.09961 0.413174
27524.59961 0.412359
27538.09961 0.411274
27551.59961 0.40968
27565.09961 0.40961
27578.59961 0.409651
27592.09961 0.40939
27605.69922 0.409323
27619.19922 0.408091
27632.69922 0.408024
27646.19922 0.408513
27659.69922 0.408716
27673.19922 0.408193
27686.69922 0.408621
27700.19922 0.408791
27713.80078 0.408723
27727.30078 0.409435
27740.80078 0.410094
27754.30078 0.410303
27767.80078 0.410404
27781.30078 0.411042
27794.80078 0.412024
27808.30078 0.412124
27821.90039 0.412679
27835.40039 0.413408
27848.90039 0.414068
27862.40039 0.413792
27875.90039 0.414355
27889.40039 0.415388
27902.90039 0.416073
27916.40039 0.416374
27930.00000 0.416964
27943.50000 0.417433
27957.00000 0.417711
27970.50000 0.418275
27984.00000 0.419014
27997.50000 0.419422
28011.00000 0.419541
28024.50000 0.419439
28038.09961 0.419841
28051.59961 0.419999
28065.09961 0.420392
28078.59961 0.420609
28092.09961 0.420641
28105.59961 0.420452
28119.09961 0.420572
28132.59961 0.420619
28146.19922 0.420295
28159.69922 0.420198
28173.19922 0.420251
28186.69922 0.420422
28200.19922 0.420008
28213.69922 0.419999
28227.19922 0.419985
28240.69922 0.419883
28254.19922 0.419729
28267.80078 0.419555
28281.30078 0.419428
28294.80078 0.419341
28308.30078 0.419171
28321.80078 0.418949
28335.30078 0.4187
28348.80078 0.418517
28362.30078 0.418269
28375.90039 0.417747
28389.40039 0.417669
28402.90039 0.417729
28416.40039 0.417948
28429.90039 0.417867
28443.40039 0.417801
28456.90039 0.417738
28470.40039 0.417648
28484.00000 0.417546
28497.50000 0.41748
28511.00000 0.417272
28524.50000 0.416949
28538.00000 0.41655
28551.50000 0.416253
28565.00000 0.416001
28578.50000 0.415703
28592.09961 0.415365
28605.59961 0.414809
28619.09961 0.414422
28632.59961 0.414231
28646.09961 0.414316
28659.59961 0.414256
28673.09961 0.414021
28686.59961 0.413838
28700.19922 0.413587
28713.69922 0.413345
28727.19922 0.41318
28740.69922 0.413016
28754.19922 0.412806
28767.69922 0.412561
28781.19922 0.412329
28794.69922 0.412096
28808.30078 0.411849
28821.80078 0.411607
28835.30078 0.411314
28848.80078 0.411019
28862.30078 0.410235
28875.80078 0.40994
28889.30078 0.409664
28902.80078 0.409394
28916.40039 0.409221
28929.90039 0.409486
28943.40039 0.409324
28956.90039 0.409144
28970.40039 0.408975
28983.90039 0.408805
28997.40039 0.408562
29010.90039 0.408265
29024.50000 0.408042
29038.00000 0.407767
29051.50000 0.407472
29065.00000 0.40721
29078.50000 0.406949
29092.00000 0.406667
29105.50000 0.406144
29119.00000 0.405701
29132.50000 0.405459
29146.09961 0.405248
29159.59961 0.405035
29173.09961 0.404797
29186.59961 0.404549
29200.09961 0.404328
29213.59961 0.403902
29227.09961 0.403464
29240.59961 0.403054
29254.19922 0.402651
29267.69922 0.402574
29281.19922 0.402223
29294.69922 0.401787
29308.19922 0.401254
29321.69922 0.400674
29335.19922 0.400089
29348.69922 0.399463
29362.30078 0.398847
29375.80078 0.397958
29389.30078 0.397162
29402.80078 0.396552
29416.30078 0.395977
29429.80078 0.395364
29443.30078 0.395253
29456.80078 0.394683
29470.40039 0.39409
29483.90039 0.393549
29497.40039 0.392956
29510.90039 0.392633
29524.40039 0.39187
29537.90039 0.391122
29551.40039 0.390398
29564.90039 0.389691
29578.50000 0.388983
29592.00000 0.388267
29605.50000 0.387577
29619.00000 0.386877
29632.50000 0.386206
29646.00000 0.385551
29659.50000 0.384939
29673.00000 0.384345
29686.59961 0.383732
29700.09961 0.38313
29713.59961 0.382585
29727.09961 0.382095
29740.59961 0.381623
29754.09961 0.381551
29767.59961 0.381629
29781.09961 0.381206
29794.69922 0.380804
29808.19922 0.380304
29821.69922 0.379753
29835.19922 0.379235
29848.69922 0.378727
29862.19922 0.378195
29875.69922 0.377699
29889.19922 0.377583
29902.80078 0.377202
29916.30078 0.376923
29929.80078 0.37667
29943.30078 0.376424
29956.80078 0.376172
29970.30078 0.3759
29983.80078 0.375645
29997.30078 0.37542
30010.90039 0.374986
30024.40039 0.374824
30037.90039 0.374288
30051.40039 0.373747
30064.90039 0.373396
30078.40039 0.373045
30091.90039 0.372452
30105.40039 0.371978
30118.90039 0.371657
30132.50000 0.371308
30146.00000 0.370937
30159.50000 0.370535
30173.00000 0.370114
30186.50000 0.369678
30200.00000 0.369238
30213.50000 0.36857
30227.00000 0.367881
30240.59961 0.367175
30254.09961 0.366443
30267.59961 0.365651
30281.09961 0.364846
30294.59961 0.364028
30308.09961 0.363415
30321.59961 0.36292
30335.09961 0.362411
30348.69922 0.361884
30362.19922 0.361419
30375.69922 0.361187
30389.19922 0.360589
30402.69922 0.360044
30416.19922 0.359685
30429.69922 0.359327
30443.19922 0.358935
30456.80078 0.35855
30470.30078 0.358153
30483.80078 0.357914
30497.30078 0.357757
30510.80078 0.357267
30524.30078 0.356746
30537.80078 0.356235
30551.30078 0.355717
30564.90039 0.355239
30578.40039 0.354759
30591.90039 0.354279
30605.40039 0.353977
30618.90039 0.353947
30632.40039 0.353937
30645.90039 0.353946
30659.40039 0.354363
30673.00000 0.354411
30686.50000 0.35473
30700.00000 0.354946
30713.50000 0.3548
30727.00000 0.354641
30740.50000 0.354527
30754.00000 0.354429
30767.50000 0.35435
30781.09961 0.354279
30794.59961 0.354234
30808.09961 0.354399
30821.59961 0.354743
30835.09961 0.355097
30848.59961 0.355474
30862.09961 0.355858
30875.59961 0.356278
30889.19922 0.356688
30902.69922 0.357151
30916.19922 0.357715
30929.69922 0.358273
30943.19922 0.35923
30956.69922 0.359797
30970.19922 0.360364
30983.69922 0.360939
30997.19922 0.361511
31010.80078 0.361944
31024.30078 0.362325
31037.80078 0.362707
31051.30078 0.363068
31064.80078 0.363447
31078.30078 0.363836
31091.80078 0.364216
31105.30078 0.364611
31118.90039 0.365098
31132.40039 0.365578
31145.90039 0.366048
31159.40039 0.366511
31172.90039 0.366988
31186.40039 0.36745
31199.90039 0.367906
31213.40039 0.369081
31227.00000 0.369821
31240.50000 0.370551
31254.00000 0.371287
31267.50000 0.372006
31281.00000 0.372733
31294.50000 0.373446
31308.00000 0.374075
31321.50000 0.374631
31335.09961 0.375186
31348.59961 0.375719
31362.09961 0.376268
31375.59961 0.37681
31389.09961 0.37735
31402.59961 0.377911
31416.09961 0.378597
31429.59961 0.379265
31443.19922 0.37994
31456.69922 0.380587
31470.19922 0.381269
31483.69922 0.382397
31497.19922 0.383086
31510.69922 0.383744
31524.19922 0.384413
31537.69922 0.385078
31551.30078 0.385758
31564.80078 0.386428
31578.30078 0.387119
31591.80078 0.38779
31605.30078 0.388461
31618.80078 0.389091
31632.30078 0.389735
31645.80078 0.390366
31659.40039 0.391013
31672.90039 0.391661
31686.40039 0.392316
31699.90039 0.392963
31713.40039 0.393885
31726.90039 0.395109
31740.40039 0.396137
31753.90039 0.397032
31767.50000 0.397938
31781.00000 0.398842
31794.50000 0.399749
31808.00000 0.400577
31821.50000 0.401348
31835.00000 0.402126
31848.50000 0.402892
31862.00000 0.403647
31875.50000 0.404384
31889.09961 0.405137
31902.59961 0.405881
31916.09961 0.406639
31929.59961 0.407387
31943.09961 0.408144
31956.59961 0.408865
31970.09961 0.409595
31983.59961 0.410785
31997.19922 0.411511
32010.69922 0.412172
32024.19922 0.412822
32037.69922 0.41348
32051.19922 0.414123
32064.69922 0.414737
32078.19922 0.415363
32091.69922 0.415973
32105.30078 0.416574
32118.80078 0.417169
32132.30078 0.417275
32145.80078 0.417858
32159.30078 0.418439
32172.80078 0.419016
32186.30078 0.419566
32199.80078 0.420142
32213.40039 0.420983
32226.90039 0.421993
32240.40039 0.42266
32253.90039 0.423347
32267.40039 0.424024
32280.90039 0.424702
32294.40039 0.42537
32307.90039 0.425918
32321.50000 0.426375
32335.00000 0.426823
32348.50000 0.427288
32362.00000 0.427742
32375.50000 0.4282
32389.00000 0.42865
32402.50000 0.42912
32416.00000 0.429538
32429.59961 0.429954
32443.09961 0.430511
32456.59961 0.431295
32470.09961 0.431713
32483.59961 0.432147
32497.09961 0.432595
32510.59961 0.433145
32524.09961 0.433731
32537.69922 0.434302
32551.19922 0.434893
32564.69922 0.435476
32578.19922 0.436087
32591.69922 0.436693
32605.19922 0.437282
32618.69922 0.437816
32632.19922 0.438381
32645.80078 0.438961
32659.30078 0.439529
32672.80078 0.440237
32686.30078 0.441181
32699.80078 0.44177
32713.30078 0.442224
32726.80078 0.442703
32740.30078 0.443181
32753.90039 0.443672
32767.40039 0.444156
32780.89844 0.444631
32794.39844 0.445085
32807.89844 0.445564
32821.39844 0.44606
32834.89844 0.446545
32848.39844 0.447056
32861.89844 0.447562
32875.50000 0.448062
32889.00000 0.448525
32902.50000 0.449524
32916.00000 0.449991
32929.50000 0.450475
32943.00000 0.450963
32956.50000 0.451452
32970.00000 0.451945
32983.60156 0.452411
32997.10156 0.452894
33010.60156 0.453262
33024.10156 0.453609
33037.60156 0.453945
33051.10156 0.454302
33064.60156 0.454667
33078.10156 0.455019
33091.69922 0.455372
33105.19922 0.4557
33118.69922 0.456465
33132.19922 0.456816
33145.69922 0.457114
33159.19922 0.457411
33172.69922 0.457734
33186.19922 0.458052
33199.80078 0.458369
33213.30078 0.458648
33226.80078 0.458898
33240.30078 0.459172
33253.80078 0.459449
33267.30078 0.459752
33280.80078 0.460056
33294.30078 0.460379
33307.89844 0.460375
33321.39844 0.460113
33334.89844 0.459862
33348.39844 0.46006
33361.89844 0.4599
33375.39844 0.459641
33388.89844 0.459416
33402.39844 0.458988
33416.00000 0.457568
33429.50000 0.456141
33443.00000 0.454695
33456.50000 0.453266
33470.00000 0.451829
33483.50000 0.450417
33497.00000 0.449
33510.50000 0.445982
33524.10156 0.442527
33537.60156 0.439062
33551.10156 0.435592
33564.60156 0.432099
33578.10156 0.428607
33591.60156 0.42509
33605.10156 0.423133
33618.60156 0.423713
33632.19922 0.424282
33645.69922 0.42487
33659.19922 0.425446
33672.69922 0.426027
33686.19922 0.426591
33699.69922 0.427158
33713.19922 0.431235
33726.69922 0.435711
33740.19922 0.440546
33753.80078 0.444702
33767.30078 0.448885
33780.80078 0.453059
33794.30078 0.457234
33807.80078 0.459768
33821.30078 0.461091
33834.80078 0.462417
33848.30078 0.463724
33861.89844 0.465041
33875.39844 0.466337
33888.89844 0.467621
33902.39844 0.468631
33915.89844 0.468376
33929.39844 0.468115
33942.89844 0.467808
