threeML/data/optical_filters/JWST/NIRCam-F182M.ecsv
# %ECSV 0.9
# ---
# datatype:
# - {name: wavelength, unit: Angstrom, datatype: float32}
# - {name: response, datatype: float32}
# meta: !!omap
# - {band_name: F182M}
# - {group_name: NIRCam}
wavelength response
14971.50000 0.0
16635.00000 0.000102957
16645.00000 0.000117112
16655.00000 0.000136045
16665.00000 0.000154757
16675.00000 0.000183778
16685.00000 0.00021098
16695.00000 0.000242928
16705.00000 0.000281265
16715.00000 0.000321684
16725.00000 0.00036769
16735.00000 0.00041757
16745.00000 0.000480811
16755.00000 0.000551658
16765.00000 0.000625305
16775.00000 0.000702692
16785.00000 0.000771043
16795.00000 0.000877687
16805.00000 0.000982866
16815.00000 0.00110001
16825.00000 0.00122596
16835.00000 0.00135254
16845.00000 0.00150209
16855.00000 0.00164358
16865.00000 0.00183632
16875.00000 0.00201369
16885.00000 0.00222074
16895.00000 0.0025222
16905.00000 0.00277285
16915.00000 0.00313273
16925.00000 0.00349519
16935.00000 0.00398099
16945.00000 0.00458172
16955.00000 0.00514353
16965.00000 0.00600548
16975.00000 0.007192
16985.00000 0.00851189
16995.00000 0.0103264
17005.00000 0.0120533
17015.00000 0.0146534
17025.00000 0.0178355
17035.00000 0.0211906
17045.00000 0.0238697
17055.00000 0.0262473
17065.00000 0.0292494
17075.00000 0.0321796
17085.00000 0.0363072
17095.00000 0.0416701
17105.00000 0.0448979
17115.00000 0.0528268
17125.00000 0.0590537
17135.00000 0.0698428
17145.00000 0.0790211
17155.00000 0.0955015
17165.00000 0.112162
17175.00000 0.133102
17185.00000 0.159438
17195.00000 0.178116
17205.00000 0.208445
17215.00000 0.237599
17225.00000 0.268929
17235.00000 0.293685
17245.00000 0.310342
17255.00000 0.334573
17265.00000 0.342756
17275.00000 0.348326
17285.00000 0.357374
17295.00000 0.363066
17305.00000 0.362642
17315.00000 0.377633
17325.00000 0.380427
17335.00000 0.386373
17345.00000 0.393893
17355.00000 0.401281
17365.00000 0.409347
17375.00000 0.421756
17385.00000 0.422062
17395.00000 0.429472
17405.00000 0.437358
17415.00000 0.437035
17425.00000 0.448255
17435.00000 0.452292
17445.00000 0.445252
17455.00000 0.454453
17465.00000 0.452382
17475.00000 0.450165
17485.00000 0.449697
17495.00000 0.44297
17505.00000 0.462352
17515.00000 0.451229
17525.00000 0.453344
17535.00000 0.451371
17545.00000 0.452953
17555.00000 0.452982
17565.00000 0.461525
17575.00000 0.458775
17585.00000 0.460731
17595.00000 0.4572
17605.00000 0.460772
17615.00000 0.465157
17625.00000 0.464317
17635.00000 0.463557
17645.00000 0.456339
17655.00000 0.46183
17665.00000 0.468839
17675.00000 0.46645
17685.00000 0.465611
17695.00000 0.458286
17705.00000 0.462381
17715.00000 0.468097
17725.00000 0.461645
17735.00000 0.455397
17745.00000 0.460009
17755.00000 0.458995
17765.00000 0.453592
17775.00000 0.465212
17785.00000 0.450507
17795.00000 0.460206
17805.00000 0.458611
17815.00000 0.454189
17825.00000 0.450902
17835.00000 0.45508
17845.00000 0.456906
17855.00000 0.452636
17865.00000 0.445745
17875.00000 0.447307
17885.00000 0.453258
17895.00000 0.444164
17905.00000 0.4443
17915.00000 0.442774
17925.00000 0.444561
17935.00000 0.444548
17945.00000 0.435624
17955.00000 0.445471
17965.00000 0.442703
17975.00000 0.438578
17985.00000 0.437319
17995.00000 0.443452
18005.00000 0.443406
18015.00000 0.442915
18025.00000 0.448963
18035.00000 0.445748
18045.00000 0.438181
18055.00000 0.443578
18065.00000 0.451329
18075.00000 0.460818
18085.00000 0.453467
18095.00000 0.456376
18105.00000 0.459531
18115.00000 0.460647
18125.00000 0.455517
18135.00000 0.46487
18145.00000 0.456633
18155.00000 0.464653
18165.00000 0.466571
18175.00000 0.468025
18185.00000 0.463838
18195.00000 0.476407
18205.00000 0.468254
18215.00000 0.467988
18225.00000 0.469418
18235.00000 0.471917
18245.00000 0.469308
18255.00000 0.468834
18265.00000 0.474978
18275.00000 0.468656
18285.00000 0.468645
18295.00000 0.466861
18305.00000 0.465616
18315.00000 0.48094
18325.00000 0.466981
18335.00000 0.464155
18345.00000 0.473099
18355.00000 0.464037
18365.00000 0.468461
18375.00000 0.467538
18385.00000 0.461521
18395.00000 0.463898
18405.00000 0.465699
18415.00000 0.460042
18425.00000 0.460923
18435.00000 0.466139
18445.00000 0.456619
18455.00000 0.461163
18465.00000 0.450298
18475.00000 0.460689
18485.00000 0.453468
18495.00000 0.455083
18505.00000 0.45387
18515.00000 0.451646
18525.00000 0.449289
18535.00000 0.450326
18545.00000 0.445353
18555.00000 0.446756
18565.00000 0.450762
18575.00000 0.44873
18585.00000 0.450505
18595.00000 0.451922
18605.00000 0.44898
18615.00000 0.449085
18625.00000 0.449339
18635.00000 0.448581
18645.00000 0.453552
18655.00000 0.453155
18665.00000 0.45728
18675.00000 0.458185
18685.00000 0.460103
18695.00000 0.462895
18705.00000 0.464871
18715.00000 0.460111
18725.00000 0.466137
18735.00000 0.468544
18745.00000 0.474306
18755.00000 0.476056
18765.00000 0.465945
18775.00000 0.478461
18785.00000 0.471399
18795.00000 0.475325
18805.00000 0.472408
18815.00000 0.475175
18825.00000 0.474531
18835.00000 0.474176
18845.00000 0.477192
18855.00000 0.473238
18865.00000 0.473066
18875.00000 0.479012
18885.00000 0.47195
18895.00000 0.474516
18905.00000 0.47074
18915.00000 0.469975
18925.00000 0.477166
18935.00000 0.467601
18945.00000 0.468221
18955.00000 0.469605
18965.00000 0.466761
18975.00000 0.47082
18985.00000 0.465269
18995.00000 0.460366
19005.00000 0.463428
19015.00000 0.464049
19025.00000 0.460397
19035.00000 0.453274
19045.00000 0.462479
19055.00000 0.454581
19065.00000 0.457831
19075.00000 0.451978
19085.00000 0.461008
19095.00000 0.459293
19105.00000 0.453531
19115.00000 0.459561
19125.00000 0.452926
19135.00000 0.454164
19145.00000 0.452614
19155.00000 0.457018
19165.00000 0.460099
19175.00000 0.456821
19185.00000 0.454994
19195.00000 0.459999
19205.00000 0.453851
19215.00000 0.465253
19225.00000 0.459991
19235.00000 0.461241
19245.00000 0.461687
19255.00000 0.467017
19265.00000 0.464532
19275.00000 0.468876
19285.00000 0.470277
19295.00000 0.47535
19305.00000 0.468926
19315.00000 0.476964
19325.00000 0.463363
19335.00000 0.478073
19345.00000 0.479145
19355.00000 0.468848
19365.00000 0.475922
19375.00000 0.469226
19385.00000 0.478805
19395.00000 0.4758
19405.00000 0.47173
19415.00000 0.475327
19425.00000 0.468752
19435.00000 0.480354
19445.00000 0.476015
19455.00000 0.481865
19465.00000 0.477673
19475.00000 0.474183
19485.00000 0.479108
19495.00000 0.47631
19505.00000 0.471803
19515.00000 0.480955
19525.00000 0.474094
19535.00000 0.464262
19545.00000 0.469847
19555.00000 0.458614
19565.00000 0.452233
19575.00000 0.438807
19585.00000 0.420036
19595.00000 0.409167
19605.00000 0.386805
19615.00000 0.373047
19625.00000 0.35861
19635.00000 0.334733
19645.00000 0.310776
19655.00000 0.287486
19665.00000 0.267737
19675.00000 0.241144
19685.00000 0.223136
19695.00000 0.200027
19705.00000 0.180718
19715.00000 0.162998
19725.00000 0.146502
19735.00000 0.133422
19745.00000 0.118497
19755.00000 0.106728
19765.00000 0.0999712
19775.00000 0.0877443
19785.00000 0.0814095
19795.00000 0.0734207
19805.00000 0.0664604
19815.00000 0.059769
19825.00000 0.0538542
19835.00000 0.0470321
19845.00000 0.042792
19855.00000 0.0375468
19865.00000 0.0325933
19875.00000 0.0278344
19885.00000 0.0253715
19895.00000 0.0214159
19905.00000 0.0194252
19915.00000 0.0166631
19925.00000 0.0146094
19935.00000 0.0127124
19945.00000 0.0110546
19955.00000 0.00969294
19965.00000 0.00821357
19975.00000 0.0075643
19985.00000 0.00635156
19995.00000 0.00568867
20005.00000 0.00499291
20015.00000 0.00448584
20025.00000 0.00386664
20035.00000 0.00344187
20045.00000 0.00307782
20055.00000 0.0027261
20065.00000 0.00239902
20075.00000 0.00214845
20085.00000 0.00189194
20095.00000 0.00173942
20105.00000 0.00152823
20115.00000 0.00139419
20125.00000 0.00125347
20135.00000 0.00111895
20145.00000 0.00101503
20155.00000 0.000897208
20165.00000 0.000850711
20175.00000 0.000773951
20185.00000 0.000690184
20195.00000 0.00062174
20205.00000 0.00058218
20215.00000 0.000524477
20225.00000 0.000485473
20235.00000 0.00044749
20245.00000 0.000413385
20255.00000 0.000370132
20265.00000 0.000349425
20275.00000 0.000320182
20285.00000 0.000301036
20295.00000 0.000280577
20305.00000 0.000263408
20315.00000 0.000238467
20325.00000 0.0002323
20335.00000 0.000211358
20345.00000 0.000198304
20355.00000 0.000181417
20365.00000 0.000175547
20375.00000 0.00015916
20385.00000 0.00014788
20395.00000 0.000140117
20405.00000 0.000138279
20415.00000 0.000131057
20425.00000 0.000121178
20435.00000 0.000113521
20445.00000 0.000109603
22489.50000 0.0
