threeML/data/optical_filters/JWST/NIRISS-F356W.ecsv
# %ECSV 0.9
# ---
# datatype:
# - {name: wavelength, unit: Angstrom, datatype: float32}
# - {name: response, datatype: float32}
# meta: !!omap
# - {band_name: F356W}
# - {group_name: NIRISS}
wavelength response
27234.00000 0.0
30260.00000 0.00101408
30270.00000 0.00106378
30280.00000 0.00111668
30290.00000 0.00117335
30300.00000 0.00123247
30310.00000 0.00129425
30320.00000 0.00136014
30330.00000 0.00143014
30340.00000 0.00150303
30350.00000 0.00157895
30360.00000 0.00165992
30370.00000 0.00174598
30380.00000 0.00183664
30390.00000 0.00193206
30400.00000 0.00203467
30410.00000 0.00214269
30420.00000 0.00225514
30430.00000 0.00237179
30440.00000 0.00249786
30450.00000 0.00263159
30460.00000 0.00277201
30470.00000 0.00291881
30480.00000 0.00307584
30490.00000 0.00324014
30500.00000 0.00341187
30510.00000 0.00359215
30520.00000 0.00378492
30530.00000 0.00398732
30540.00000 0.00419958
30550.00000 0.00442406
30560.00000 0.00466169
30570.00000 0.00491064
30580.00000 0.00517149
30590.00000 0.00544809
30600.00000 0.00573967
30610.00000 0.00604494
30620.00000 0.00636463
30630.00000 0.00670558
30640.00000 0.0070652
30650.00000 0.00744177
30660.00000 0.00783582
30670.00000 0.00825757
30680.00000 0.00870148
30690.00000 0.00916682
30700.00000 0.00965473
30710.00000 0.0101814
30720.00000 0.0107336
30730.00000 0.0113123
30740.00000 0.0119207
30750.00000 0.0125748
30760.00000 0.0132613
30770.00000 0.0139817
30780.00000 0.0147434
30790.00000 0.0155586
30800.00000 0.0164153
30810.00000 0.0173158
30820.00000 0.0182742
30830.00000 0.0192991
30840.00000 0.0203783
30850.00000 0.0215132
30860.00000 0.0227283
30870.00000 0.0240239
30880.00000 0.0253903
30890.00000 0.0268296
30900.00000 0.0283812
30910.00000 0.030031
30920.00000 0.0317714
30930.00000 0.0336064
30940.00000 0.0355965
30950.00000 0.0377052
30960.00000 0.0399321
30970.00000 0.0422862
30980.00000 0.0448452
30990.00000 0.0475512
31000.00000 0.0504108
31010.00000 0.0534505
31020.00000 0.0567398
31030.00000 0.060218
31040.00000 0.063893
31050.00000 0.067814
31060.00000 0.0720366
31070.00000 0.0764991
31080.00000 0.0812077
31090.00000 0.086252
31100.00000 0.0916517
31110.00000 0.0973494
31120.00000 0.103352
31130.00000 0.109796
31140.00000 0.116649
31150.00000 0.12386
31160.00000 0.131437
31170.00000 0.13958
31180.00000 0.148164
31190.00000 0.157164
31200.00000 0.166587
31210.00000 0.176683
31220.00000 0.187234
31230.00000 0.198241
31240.00000 0.209739
31250.00000 0.221914
31260.00000 0.234552
31270.00000 0.247652
31280.00000 0.261268
31290.00000 0.2755
31300.00000 0.290157
31310.00000 0.30522
31320.00000 0.320765
31330.00000 0.33678
31340.00000 0.35312
31350.00000 0.36976
31360.00000 0.386759
31370.00000 0.404017
31380.00000 0.421444
31390.00000 0.439021
31400.00000 0.456719
31410.00000 0.474447
31420.00000 0.492162
31430.00000 0.509833
31440.00000 0.527346
31450.00000 0.544686
31460.00000 0.561828
31470.00000 0.578734
31480.00000 0.59522
31490.00000 0.611377
31500.00000 0.627191
31510.00000 0.642594
31520.00000 0.657434
31530.00000 0.671845
31540.00000 0.685815
31550.00000 0.699259
31560.00000 0.712076
31570.00000 0.724429
31580.00000 0.736315
31590.00000 0.747609
31600.00000 0.758313
31610.00000 0.768557
31620.00000 0.778351
31630.00000 0.78754
31640.00000 0.796226
31650.00000 0.804496
31660.00000 0.812355
31670.00000 0.819657
31680.00000 0.826546
31690.00000 0.833072
31700.00000 0.839243
31710.00000 0.844907
31720.00000 0.850256
31730.00000 0.855303
31740.00000 0.860034
31750.00000 0.864371
31760.00000 0.86845
31770.00000 0.872279
31780.00000 0.875839
31790.00000 0.879094
31800.00000 0.882151
31810.00000 0.885014
31820.00000 0.887648
31830.00000 0.890061
31840.00000 0.89231
31850.00000 0.894403
31860.00000 0.896308
31870.00000 0.898049
31880.00000 0.899667
31890.00000 0.901168
31900.00000 0.902513
31910.00000 0.903744
31920.00000 0.904882
31930.00000 0.905933
31940.00000 0.906864
31950.00000 0.907722
31960.00000 0.908511
31970.00000 0.90923
31980.00000 0.909865
31990.00000 0.910451
32000.00000 0.910991
32010.00000 0.911486
32020.00000 0.911915
32030.00000 0.912311
32040.00000 0.912675
32050.00000 0.912997
32060.00000 0.913288
32070.00000 0.913551
32080.00000 0.91379
32090.00000 0.914008
32100.00000 0.914195
32110.00000 0.914367
32120.00000 0.914526
32130.00000 0.914666
32140.00000 0.914796
32150.00000 0.914915
32160.00000 0.915026
32170.00000 0.915128
32180.00000 0.915226
32190.00000 0.915319
32200.00000 0.915406
32210.00000 0.915493
32220.00000 0.915574
32230.00000 0.915651
32240.00000 0.915729
32250.00000 0.915796
32260.00000 0.915866
32270.00000 0.915935
32280.00000 0.915997
32290.00000 0.916063
32300.00000 0.916124
32310.00000 0.916179
32320.00000 0.916236
32330.00000 0.916283
32340.00000 0.91633
32350.00000 0.916377
32360.00000 0.916418
32370.00000 0.916456
32380.00000 0.916491
32390.00000 0.916524
32400.00000 0.916552
32410.00000 0.91658
32420.00000 0.916602
32430.00000 0.916617
32440.00000 0.916631
32450.00000 0.916633
32460.00000 0.916629
32470.00000 0.916623
32480.00000 0.916597
32490.00000 0.91657
32500.00000 0.916537
32510.00000 0.91649
32520.00000 0.916437
32530.00000 0.916377
32540.00000 0.916312
32550.00000 0.916244
32560.00000 0.916169
32570.00000 0.916089
32580.00000 0.916004
32590.00000 0.915917
32600.00000 0.915817
32610.00000 0.915715
32620.00000 0.915611
32630.00000 0.915492
32640.00000 0.915372
32650.00000 0.915246
32660.00000 0.915109
32670.00000 0.914977
32680.00000 0.914836
32690.00000 0.914692
32700.00000 0.914547
32710.00000 0.914398
32720.00000 0.914245
32730.00000 0.914092
32740.00000 0.913939
32750.00000 0.913776
32760.00000 0.913616
32770.00000 0.913456
32780.00000 0.913287
32790.00000 0.913132
32800.00000 0.912974
32810.00000 0.912817
32820.00000 0.912665
32830.00000 0.912509
32840.00000 0.912357
32850.00000 0.912209
32860.00000 0.912066
32870.00000 0.911924
32880.00000 0.911789
32890.00000 0.911661
32900.00000 0.911533
32910.00000 0.911418
32920.00000 0.911306
32930.00000 0.911196
32940.00000 0.911107
32950.00000 0.911023
32960.00000 0.910948
32970.00000 0.910888
32980.00000 0.91084
32990.00000 0.9108
33000.00000 0.910769
33010.00000 0.910751
33020.00000 0.910746
33030.00000 0.910759
33040.00000 0.910786
33050.00000 0.910822
33060.00000 0.910884
33070.00000 0.910955
33080.00000 0.911036
33090.00000 0.911141
33100.00000 0.911262
33110.00000 0.911397
33120.00000 0.911547
33130.00000 0.911718
33140.00000 0.9119
33150.00000 0.912096
33160.00000 0.912307
33170.00000 0.912525
33180.00000 0.91276
33190.00000 0.913005
33200.00000 0.913256
33210.00000 0.913526
33220.00000 0.913804
33230.00000 0.914088
33240.00000 0.914381
33250.00000 0.914692
33260.00000 0.915008
33270.00000 0.915333
33280.00000 0.915674
33290.00000 0.916016
33300.00000 0.916367
33310.00000 0.916725
33320.00000 0.917081
33330.00000 0.917441
33340.00000 0.917802
33350.00000 0.918161
33360.00000 0.918518
33370.00000 0.918878
33380.00000 0.919231
33390.00000 0.919575
33400.00000 0.919921
33410.00000 0.920254
33420.00000 0.920583
33430.00000 0.92091
33440.00000 0.921227
33450.00000 0.921532
33460.00000 0.921828
33470.00000 0.922113
33480.00000 0.922373
33490.00000 0.922632
33500.00000 0.922884
33510.00000 0.923119
33520.00000 0.923339
33530.00000 0.92354
33540.00000 0.923723
33550.00000 0.923888
33560.00000 0.924036
33570.00000 0.924169
33580.00000 0.924288
33590.00000 0.924394
33600.00000 0.924468
33610.00000 0.924527
33620.00000 0.924576
33630.00000 0.924603
33640.00000 0.924619
33650.00000 0.924624
33660.00000 0.924616
33670.00000 0.924581
33680.00000 0.924535
33690.00000 0.924474
33700.00000 0.924395
33710.00000 0.92431
33720.00000 0.92421
33730.00000 0.924101
33740.00000 0.923984
33750.00000 0.923859
33760.00000 0.923724
33770.00000 0.923584
33780.00000 0.923444
33790.00000 0.923291
33800.00000 0.923139
33810.00000 0.922986
33820.00000 0.922828
33830.00000 0.922669
33840.00000 0.922508
33850.00000 0.922343
33860.00000 0.922171
33870.00000 0.922006
33880.00000 0.92184
33890.00000 0.921673
33900.00000 0.921515
33910.00000 0.921355
33920.00000 0.921195
33930.00000 0.921037
33940.00000 0.920883
33950.00000 0.920727
33960.00000 0.920576
33970.00000 0.920434
33980.00000 0.920295
33990.00000 0.920165
34000.00000 0.920042
34010.00000 0.919925
34020.00000 0.919817
34030.00000 0.919721
34040.00000 0.919635
34050.00000 0.919556
34060.00000 0.919502
34070.00000 0.919456
34080.00000 0.919418
34090.00000 0.919395
34100.00000 0.919385
34110.00000 0.919383
34120.00000 0.91939
34130.00000 0.919418
34140.00000 0.919454
34150.00000 0.919502
34160.00000 0.919564
34170.00000 0.919637
34180.00000 0.919718
34190.00000 0.919808
34200.00000 0.919908
34210.00000 0.920017
34220.00000 0.920143
34230.00000 0.920279
34240.00000 0.920419
34250.00000 0.920572
34260.00000 0.920734
34270.00000 0.920906
34280.00000 0.921089
34290.00000 0.921299
34300.00000 0.921515
34310.00000 0.921735
34320.00000 0.921959
34330.00000 0.922172
34340.00000 0.92238
34350.00000 0.922585
34360.00000 0.922789
34370.00000 0.922977
34380.00000 0.923157
34390.00000 0.923329
34400.00000 0.923479
34410.00000 0.923621
34420.00000 0.923759
34430.00000 0.923895
34440.00000 0.924024
34450.00000 0.924156
34460.00000 0.924284
34470.00000 0.924404
34480.00000 0.92452
34490.00000 0.924627
34500.00000 0.924725
34510.00000 0.924808
34520.00000 0.924881
34530.00000 0.924941
34540.00000 0.924989
34550.00000 0.925031
34560.00000 0.925057
34570.00000 0.925072
34580.00000 0.925078
34590.00000 0.925077
34600.00000 0.925058
34610.00000 0.925034
34620.00000 0.925005
34630.00000 0.924963
34640.00000 0.924911
34650.00000 0.924853
34660.00000 0.924786
34670.00000 0.924698
34680.00000 0.924601
34690.00000 0.924494
34700.00000 0.924377
34710.00000 0.924251
34720.00000 0.924119
34730.00000 0.923981
34740.00000 0.923835
34750.00000 0.92369
34760.00000 0.923538
34770.00000 0.923382
34780.00000 0.923221
34790.00000 0.92306
34800.00000 0.922898
34810.00000 0.922737
34820.00000 0.922581
34830.00000 0.922423
34840.00000 0.922265
34850.00000 0.922108
34860.00000 0.921952
34870.00000 0.921796
34880.00000 0.921647
34890.00000 0.921505
34900.00000 0.921366
34910.00000 0.921229
34920.00000 0.921095
34930.00000 0.920965
34940.00000 0.920834
34950.00000 0.920711
34960.00000 0.920591
34970.00000 0.920472
34980.00000 0.920361
34990.00000 0.920257
35000.00000 0.920157
35010.00000 0.920061
35020.00000 0.919977
35030.00000 0.919896
35040.00000 0.919819
35050.00000 0.919748
35060.00000 0.919686
35070.00000 0.919629
35080.00000 0.919578
35090.00000 0.919543
35100.00000 0.919529
35110.00000 0.919531
35120.00000 0.919546
35130.00000 0.919571
35140.00000 0.91959
35150.00000 0.91961
35160.00000 0.919634
35170.00000 0.919667
35180.00000 0.919706
35190.00000 0.919749
35200.00000 0.919794
35210.00000 0.919824
35220.00000 0.919849
35230.00000 0.919871
35240.00000 0.919895
35250.00000 0.91993
35260.00000 0.919973
35270.00000 0.920022
35280.00000 0.920072
35290.00000 0.920124
35300.00000 0.920176
35310.00000 0.920227
35320.00000 0.920277
35330.00000 0.920329
35340.00000 0.92038
35350.00000 0.92043
35360.00000 0.920479
35370.00000 0.920525
35380.00000 0.920565
35390.00000 0.9206
35400.00000 0.920633
35410.00000 0.920664
35420.00000 0.920695
35430.00000 0.920726
35440.00000 0.920757
35450.00000 0.920784
35460.00000 0.92081
35470.00000 0.920837
35480.00000 0.920864
35490.00000 0.920888
35500.00000 0.92091
35510.00000 0.92093
35520.00000 0.920944
35530.00000 0.920954
35540.00000 0.920962
35550.00000 0.920967
35560.00000 0.920969
35570.00000 0.92097
35580.00000 0.920971
35590.00000 0.920968
35600.00000 0.920964
35610.00000 0.92096
35620.00000 0.920955
35630.00000 0.920947
35640.00000 0.920938
35650.00000 0.920929
35660.00000 0.920921
35670.00000 0.920915
35680.00000 0.920911
35690.00000 0.920906
35700.00000 0.920899
35710.00000 0.920893
35720.00000 0.920889
35730.00000 0.920885
35740.00000 0.92088
35750.00000 0.920877
35760.00000 0.920873
35770.00000 0.92087
35780.00000 0.920865
35790.00000 0.920863
35800.00000 0.920864
35810.00000 0.920868
35820.00000 0.920878
35830.00000 0.920891
35840.00000 0.920908
35850.00000 0.920929
35860.00000 0.920954
35870.00000 0.920982
35880.00000 0.921012
35890.00000 0.921044
35900.00000 0.92108
35910.00000 0.921118
35920.00000 0.921158
35930.00000 0.921201
35940.00000 0.921247
35950.00000 0.921298
35960.00000 0.921355
35970.00000 0.921416
35980.00000 0.921485
35990.00000 0.921559
36000.00000 0.921638
36010.00000 0.921719
36020.00000 0.921802
36030.00000 0.921887
36040.00000 0.921976
36050.00000 0.922069
36060.00000 0.922164
36070.00000 0.922261
36080.00000 0.922359
36090.00000 0.92246
36100.00000 0.922563
36110.00000 0.922667
36120.00000 0.922775
36130.00000 0.922889
36140.00000 0.923006
36150.00000 0.923123
36160.00000 0.923241
36170.00000 0.92336
36180.00000 0.92348
36190.00000 0.923601
36200.00000 0.923722
36210.00000 0.923846
36220.00000 0.923972
36230.00000 0.924099
36240.00000 0.924227
36250.00000 0.924352
36260.00000 0.924478
36270.00000 0.924603
36280.00000 0.924727
36290.00000 0.924848
36300.00000 0.924968
36310.00000 0.925086
36320.00000 0.925201
36330.00000 0.925312
36340.00000 0.925421
36350.00000 0.92553
36360.00000 0.92564
36370.00000 0.925749
36380.00000 0.925857
36390.00000 0.925965
36400.00000 0.926071
36410.00000 0.926175
36420.00000 0.926277
36430.00000 0.926377
36440.00000 0.926472
36450.00000 0.926564
36460.00000 0.926652
36470.00000 0.926735
36480.00000 0.926816
36490.00000 0.926896
36500.00000 0.926973
36510.00000 0.927045
36520.00000 0.927118
36530.00000 0.927191
36540.00000 0.927265
36550.00000 0.927336
36560.00000 0.927406
36570.00000 0.927475
36580.00000 0.927542
36590.00000 0.927603
36600.00000 0.927663
36610.00000 0.927723
36620.00000 0.927783
36630.00000 0.927839
36640.00000 0.927895
36650.00000 0.927951
36660.00000 0.928006
36670.00000 0.928061
36680.00000 0.928115
36690.00000 0.92817
36700.00000 0.928224
36710.00000 0.928278
36720.00000 0.928331
36730.00000 0.928382
36740.00000 0.928432
36750.00000 0.928479
36760.00000 0.928523
36770.00000 0.928566
36780.00000 0.928609
36790.00000 0.928656
36800.00000 0.928702
36810.00000 0.928748
36820.00000 0.928797
36830.00000 0.928849
36840.00000 0.928899
36850.00000 0.928947
36860.00000 0.928994
36870.00000 0.929041
36880.00000 0.929086
36890.00000 0.929128
36900.00000 0.929172
36910.00000 0.929217
36920.00000 0.929261
36930.00000 0.929302
36940.00000 0.929343
36950.00000 0.929386
36960.00000 0.929427
36970.00000 0.929467
36980.00000 0.929505
36990.00000 0.929541
37000.00000 0.929572
37010.00000 0.9296
37020.00000 0.929624
37030.00000 0.929645
37040.00000 0.929661
37050.00000 0.929673
37060.00000 0.929683
37070.00000 0.92969
37080.00000 0.929697
37090.00000 0.929705
37100.00000 0.929713
37110.00000 0.929718
37120.00000 0.929718
37130.00000 0.929716
37140.00000 0.929708
37150.00000 0.929694
37160.00000 0.929674
37170.00000 0.929649
37180.00000 0.929618
37190.00000 0.929582
37200.00000 0.929541
37210.00000 0.929497
37220.00000 0.92945
37230.00000 0.929399
37240.00000 0.929345
37250.00000 0.92929
37260.00000 0.929231
37270.00000 0.929169
37280.00000 0.929104
37290.00000 0.929036
37300.00000 0.928961
37310.00000 0.92888
37320.00000 0.928795
37330.00000 0.928707
37340.00000 0.928617
37350.00000 0.928525
37360.00000 0.928434
37370.00000 0.92834
37380.00000 0.928245
37390.00000 0.928148
37400.00000 0.928051
37410.00000 0.927953
37420.00000 0.92785
37430.00000 0.927743
37440.00000 0.927633
37450.00000 0.927518
37460.00000 0.9274
37470.00000 0.927278
37480.00000 0.927158
37490.00000 0.927036
37500.00000 0.926914
37510.00000 0.926792
37520.00000 0.926676
37530.00000 0.926561
37540.00000 0.926448
37550.00000 0.926338
37560.00000 0.926232
37570.00000 0.926125
37580.00000 0.926019
37590.00000 0.925916
37600.00000 0.925816
37610.00000 0.925716
37620.00000 0.925616
37630.00000 0.925521
37640.00000 0.925431
37650.00000 0.925345
37660.00000 0.925262
37670.00000 0.925187
37680.00000 0.925119
37690.00000 0.925054
37700.00000 0.924992
37710.00000 0.924936
37720.00000 0.924884
37730.00000 0.924833
37740.00000 0.924782
37750.00000 0.924736
37760.00000 0.924696
37770.00000 0.924659
37780.00000 0.924625
37790.00000 0.9246
37800.00000 0.924581
37810.00000 0.924565
37820.00000 0.924552
37830.00000 0.924549
