threeML/data/optical_filters/JWST/NIRISS-F480M.ecsv
# %ECSV 0.9
# ---
# datatype:
# - {name: wavelength, unit: Angstrom, datatype: float32}
# - {name: response, datatype: float32}
# meta: !!omap
# - {band_name: F480M}
# - {group_name: NIRISS}
wavelength response
40977.00000 0.0
45530.00000 0.00113662
45540.00000 0.00136218
45550.00000 0.00161765
45560.00000 0.00192485
45570.00000 0.00227162
45580.00000 0.00265761
45590.00000 0.00308539
45600.00000 0.00357071
45610.00000 0.00409161
45620.00000 0.00464382
45630.00000 0.00522516
45640.00000 0.00582944
45650.00000 0.0064428
45660.00000 0.00705848
45670.00000 0.00766123
45680.00000 0.00823655
45690.00000 0.00878773
45700.00000 0.00931208
45710.00000 0.00979059
45720.00000 0.0102268
45730.00000 0.010632
45740.00000 0.0110089
45750.00000 0.0113555
45760.00000 0.0116869
45770.00000 0.0120126
45780.00000 0.0123389
45790.00000 0.0126803
45800.00000 0.0130408
45810.00000 0.0134254
45820.00000 0.013841
45830.00000 0.0143095
45840.00000 0.0148184
45850.00000 0.0153689
45860.00000 0.015967
45870.00000 0.0166352
45880.00000 0.0173546
45890.00000 0.018125
45900.00000 0.0189543
45910.00000 0.0198522
45920.00000 0.0208017
45930.00000 0.021803
45940.00000 0.0228714
45950.00000 0.0239984
45960.00000 0.0251714
45970.00000 0.0263879
45980.00000 0.0276583
45990.00000 0.0289693
46000.00000 0.0303113
46010.00000 0.0316817
46020.00000 0.033083
46030.00000 0.0344969
46040.00000 0.0359191
46050.00000 0.0373462
46060.00000 0.0387764
46070.00000 0.0401958
46080.00000 0.0416021
46090.00000 0.0429921
46100.00000 0.0443574
46110.00000 0.0457018
46120.00000 0.047025
46130.00000 0.0483241
46140.00000 0.0495943
46150.00000 0.0508479
46160.00000 0.0520874
46170.00000 0.0533119
46180.00000 0.0545359
46190.00000 0.0557641
46200.00000 0.0569994
46210.00000 0.0582515
46220.00000 0.059539
46230.00000 0.0608616
46240.00000 0.0622247
46250.00000 0.063659
46260.00000 0.0651637
46270.00000 0.0667397
46280.00000 0.0683938
46290.00000 0.0701859
46300.00000 0.0720887
46310.00000 0.0741052
46320.00000 0.0762469
46330.00000 0.0785859
46340.00000 0.0810819
46350.00000 0.0837435
46360.00000 0.0865964
46370.00000 0.089712
46380.00000 0.0930339
46390.00000 0.0965709
46400.00000 0.100379
46410.00000 0.104522
46420.00000 0.108936
46430.00000 0.113625
46440.00000 0.118688
46450.00000 0.124143
46460.00000 0.129929
46470.00000 0.13606
46480.00000 0.142689
46490.00000 0.149766
46500.00000 0.157231
46510.00000 0.165101
46520.00000 0.173575
46530.00000 0.182524
46540.00000 0.191916
46550.00000 0.201761
46560.00000 0.212287
46570.00000 0.223267
46580.00000 0.234694
46590.00000 0.246598
46600.00000 0.25915
46610.00000 0.272108
46620.00000 0.285466
46630.00000 0.299251
46640.00000 0.313526
46650.00000 0.328094
46660.00000 0.342935
46670.00000 0.358095
46680.00000 0.37351
46690.00000 0.389043
46700.00000 0.404673
46710.00000 0.420389
46720.00000 0.436105
46730.00000 0.451766
46740.00000 0.46734
46750.00000 0.482745
46760.00000 0.497914
46770.00000 0.51285
46780.00000 0.527535
46790.00000 0.541817
46800.00000 0.55574
46810.00000 0.569307
46820.00000 0.582477
46830.00000 0.595079
46840.00000 0.607264
46850.00000 0.619021
46860.00000 0.630287
46870.00000 0.640938
46880.00000 0.65113
46890.00000 0.660849
46900.00000 0.670005
46910.00000 0.678545
46920.00000 0.686607
46930.00000 0.694186
46940.00000 0.701161
46950.00000 0.707526
46960.00000 0.713406
46970.00000 0.718808
46980.00000 0.723583
46990.00000 0.727805
47000.00000 0.731566
47010.00000 0.734872
47020.00000 0.737563
47030.00000 0.739801
47040.00000 0.741639
47050.00000 0.743086
47060.00000 0.743996
47070.00000 0.744568
47080.00000 0.744823
47090.00000 0.744761
47100.00000 0.744324
47110.00000 0.743655
47120.00000 0.742768
47130.00000 0.741657
47140.00000 0.74032
47150.00000 0.738841
47160.00000 0.737236
47170.00000 0.735512
47180.00000 0.733684
47190.00000 0.73179
47200.00000 0.72984
47210.00000 0.727848
47220.00000 0.725835
47230.00000 0.723817
47240.00000 0.721802
47250.00000 0.719807
47260.00000 0.717837
47270.00000 0.715897
47280.00000 0.713998
47290.00000 0.712165
47300.00000 0.710386
47310.00000 0.708661
47320.00000 0.706992
47330.00000 0.705408
47340.00000 0.703885
47350.00000 0.702424
47360.00000 0.70103
47370.00000 0.699721
47380.00000 0.698464
47390.00000 0.697259
47400.00000 0.696114
47410.00000 0.695035
47420.00000 0.694004
47430.00000 0.693019
47440.00000 0.692089
47450.00000 0.69121
47460.00000 0.690371
47470.00000 0.689573
47480.00000 0.688832
47490.00000 0.688145
47500.00000 0.687503
47510.00000 0.686908
47520.00000 0.68638
47530.00000 0.685912
47540.00000 0.685501
47550.00000 0.685146
47560.00000 0.684887
47570.00000 0.684694
47580.00000 0.684566
47590.00000 0.684509
47600.00000 0.684562
47610.00000 0.684692
47620.00000 0.684899
47630.00000 0.685198
47640.00000 0.685607
47650.00000 0.686094
47660.00000 0.686661
47670.00000 0.68733
47680.00000 0.688104
47690.00000 0.688958
47700.00000 0.689892
47710.00000 0.690924
47720.00000 0.692048
47730.00000 0.693246
47740.00000 0.694518
47750.00000 0.695885
47760.00000 0.697328
47770.00000 0.698834
47780.00000 0.700401
47790.00000 0.702051
47800.00000 0.70376
47810.00000 0.705515
47820.00000 0.707312
47830.00000 0.709164
47840.00000 0.711042
47850.00000 0.712942
47860.00000 0.714861
47870.00000 0.716797
47880.00000 0.71873
47890.00000 0.720657
47900.00000 0.72257
47910.00000 0.724452
47920.00000 0.726308
47930.00000 0.728136
47940.00000 0.729923
47950.00000 0.731654
47960.00000 0.733338
47970.00000 0.734973
47980.00000 0.736536
47990.00000 0.738035
48000.00000 0.739481
48010.00000 0.740872
48020.00000 0.742176
48030.00000 0.743411
48040.00000 0.744584
48050.00000 0.745692
48060.00000 0.746711
48070.00000 0.747668
48080.00000 0.748564
48090.00000 0.749393
48100.00000 0.750131
48110.00000 0.750803
48120.00000 0.751413
48130.00000 0.751954
48140.00000 0.75241
48150.00000 0.7528
48160.00000 0.753125
48170.00000 0.753373
48180.00000 0.753533
48190.00000 0.753628
48200.00000 0.753661
48210.00000 0.753612
48220.00000 0.753479
48230.00000 0.753284
48240.00000 0.753026
48250.00000 0.752681
48260.00000 0.752266
48270.00000 0.751793
48280.00000 0.751261
48290.00000 0.750638
48300.00000 0.749953
48310.00000 0.749209
48320.00000 0.748406
48330.00000 0.747513
48340.00000 0.746565
48350.00000 0.745557
48360.00000 0.744482
48370.00000 0.743327
48380.00000 0.742114
48390.00000 0.740846
48400.00000 0.739515
48410.00000 0.738114
48420.00000 0.736661
48430.00000 0.735157
48440.00000 0.733599
48450.00000 0.731988
48460.00000 0.730343
48470.00000 0.728666
48480.00000 0.726953
48490.00000 0.725217
48500.00000 0.723469
48510.00000 0.721713
48520.00000 0.719956
48530.00000 0.718212
48540.00000 0.71648
48550.00000 0.714762
48560.00000 0.713084
48570.00000 0.711439
48580.00000 0.709831
48590.00000 0.708263
48600.00000 0.706763
48610.00000 0.705309
48620.00000 0.703906
48630.00000 0.702567
48640.00000 0.701312
48650.00000 0.700122
48660.00000 0.698998
48670.00000 0.697955
48680.00000 0.697
48690.00000 0.696119
48700.00000 0.695314
48710.00000 0.694604
48720.00000 0.693997
48730.00000 0.693466
48740.00000 0.693008
48750.00000 0.692656
48760.00000 0.692395
48770.00000 0.692211
48780.00000 0.692102
48790.00000 0.692109
48800.00000 0.692186
48810.00000 0.692328
48820.00000 0.692535
48830.00000 0.692832
48840.00000 0.693185
48850.00000 0.693591
48860.00000 0.694051
48870.00000 0.694566
48880.00000 0.695115
48890.00000 0.695696
48900.00000 0.696308
48910.00000 0.696957
48920.00000 0.697626
48930.00000 0.698312
48940.00000 0.699013
48950.00000 0.699725
48960.00000 0.700444
48970.00000 0.70117
48980.00000 0.701907
48990.00000 0.702648
49000.00000 0.70339
49010.00000 0.704132
49020.00000 0.704871
49030.00000 0.70561
49040.00000 0.70635
49050.00000 0.707091
49060.00000 0.707827
49070.00000 0.708555
49080.00000 0.709271
49090.00000 0.709973
49100.00000 0.710655
49110.00000 0.71132
49120.00000 0.711964
49130.00000 0.71258
49140.00000 0.713146
49150.00000 0.713667
49160.00000 0.714143
49170.00000 0.714562
49180.00000 0.714898
49190.00000 0.715167
49200.00000 0.715362
49210.00000 0.715436
49220.00000 0.715377
49230.00000 0.715205
49240.00000 0.714913
49250.00000 0.714431
49260.00000 0.713783
49270.00000 0.712958
49280.00000 0.711938
49290.00000 0.710638
49300.00000 0.709091
49310.00000 0.70731
49320.00000 0.705293
49330.00000 0.702894
49340.00000 0.70019
49350.00000 0.697193
49360.00000 0.69389
49370.00000 0.690081
49380.00000 0.685956
49390.00000 0.68151
49400.00000 0.676664
49410.00000 0.671334
49420.00000 0.665661
49430.00000 0.659639
49440.00000 0.653159
49450.00000 0.646277
49460.00000 0.639056
49470.00000 0.631495
49480.00000 0.623542
49490.00000 0.615215
49500.00000 0.6066
49510.00000 0.597709
49520.00000 0.588488
49530.00000 0.578984
49540.00000 0.56927
49550.00000 0.559372
49560.00000 0.54915
49570.00000 0.538771
49580.00000 0.528243
49590.00000 0.517577
49600.00000 0.506729
49610.00000 0.495793
49620.00000 0.48476
49630.00000 0.473608
49640.00000 0.462377
49650.00000 0.451079
49660.00000 0.439725
49670.00000 0.428348
49680.00000 0.416921
49690.00000 0.405464
49700.00000 0.393986
49710.00000 0.382496
49720.00000 0.370992
49730.00000 0.359511
49740.00000 0.348059
49750.00000 0.336608
49760.00000 0.325209
49770.00000 0.31384
49780.00000 0.302511
49790.00000 0.291275
49800.00000 0.280127
49810.00000 0.269064
49820.00000 0.258089
49830.00000 0.247301
49840.00000 0.236615
49850.00000 0.226069
49860.00000 0.2157
49870.00000 0.205567
49880.00000 0.195639
49890.00000 0.185917
49900.00000 0.176428
49910.00000 0.167246
49920.00000 0.158315
49930.00000 0.149634
49940.00000 0.141264
49950.00000 0.133268
49960.00000 0.125545
49970.00000 0.118094
49980.00000 0.111023
49990.00000 0.104292
50000.00000 0.0978464
50010.00000 0.0916878
50020.00000 0.0859215
50030.00000 0.0804644
50040.00000 0.0752716
50050.00000 0.0703434
50060.00000 0.0657738
50070.00000 0.0614626
50080.00000 0.0573871
50090.00000 0.0535452
50100.00000 0.0500289
50110.00000 0.04671
50120.00000 0.0435805
50130.00000 0.0406519
50140.00000 0.0379682
50150.00000 0.0354454
50160.00000 0.0330784
50170.00000 0.0308868
50180.00000 0.028874
50190.00000 0.0269808
50200.00000 0.0252027
50210.00000 0.0235653
50220.00000 0.0220565
50230.00000 0.0206438
50240.00000 0.0193221
50250.00000 0.0181124
50260.00000 0.0169875
50270.00000 0.0159296
50280.00000 0.0149363
50290.00000 0.0140314
50300.00000 0.0131902
50310.00000 0.0124024
50320.00000 0.0116635
50330.00000 0.0109888
50340.00000 0.0103519
50350.00000 0.00975189
50360.00000 0.00919114
50370.00000 0.00868258
50380.00000 0.00820505
50390.00000 0.00775598
50400.00000 0.00733601
50410.00000 0.00694448
50420.00000 0.00657412
50430.00000 0.006225
50440.00000 0.00590267
50450.00000 0.0056061
50460.00000 0.00532588
50470.00000 0.00506024
50480.00000 0.00481024
50490.00000 0.00457453
50500.00000 0.00435191
50510.00000 0.00414322
50520.00000 0.00395304
50530.00000 0.00377391
50540.00000 0.00360294
50550.00000 0.00343911
50560.00000 0.0032839
50570.00000 0.00313758
50580.00000 0.00300023
50590.00000 0.00287262
50600.00000 0.0027558
50610.00000 0.00264343
50620.00000 0.00253515
50630.00000 0.00243085
50640.00000 0.0023331
50650.00000 0.00224185
50660.00000 0.00215694
50670.00000 0.00207874
50680.00000 0.00200329
50690.00000 0.00192914
50700.00000 0.00185625
50710.00000 0.00178549
50720.00000 0.0017201
50730.00000 0.00165944
50740.00000 0.00160324
50750.00000 0.00155046
50760.00000 0.00149873
50770.00000 0.00144846
50780.00000 0.00140005
50790.00000 0.00135587
50800.00000 0.0013163
50810.00000 0.00128023
50820.00000 0.00124708
50830.00000 0.00121307
50840.00000 0.00117862
50850.00000 0.00114444
50860.00000 0.00111132
50870.00000 0.00108144
50880.00000 0.001054
50890.00000 0.00102797
50900.00000 0.00100182
55990.00000 0.0
