threeML/data/optical_filters/JWST/NIRISS-F444W.ecsv
# %ECSV 0.9
# ---
# datatype:
# - {name: wavelength, unit: Angstrom, datatype: float32}
# - {name: response, datatype: float32}
# meta: !!omap
# - {band_name: F444W}
# - {group_name: NIRISS}
wavelength response
[from data line 759]
45030.00000 0.87559
45040.00000 0.875515
45050.00000 0.875437
45060.00000 0.875355
45070.00000 0.875269
45080.00000 0.87518
45090.00000 0.875088
45100.00000 0.874987
45110.00000 0.874884
45120.00000 0.874779
45130.00000 0.87467
45140.00000 0.874557
45150.00000 0.874441
45160.00000 0.874321
45170.00000 0.874197
45180.00000 0.87407
45190.00000 0.873942
45200.00000 0.87381
45210.00000 0.873674
45220.00000 0.873534
45230.00000 0.873392
45240.00000 0.873248
45250.00000 0.873099
45260.00000 0.872945
45270.00000 0.872788
45280.00000 0.872627
45290.00000 0.872464
45300.00000 0.872298
45310.00000 0.87213
45320.00000 0.871958
45330.00000 0.871783
45340.00000 0.871605
45350.00000 0.871427
45360.00000 0.871252
45370.00000 0.871073
45380.00000 0.870894
45390.00000 0.870715
45400.00000 0.870534
45410.00000 0.870355
45420.00000 0.870176
45430.00000 0.869996
45440.00000 0.869813
45450.00000 0.869629
45460.00000 0.869444
45470.00000 0.869256
45480.00000 0.869069
45490.00000 0.868878
45500.00000 0.868685
45510.00000 0.868491
45520.00000 0.868297
45530.00000 0.868104
45540.00000 0.867911
45550.00000 0.867719
45560.00000 0.867528
45570.00000 0.867341
45580.00000 0.867157
45590.00000 0.866974
45600.00000 0.866796
45610.00000 0.866617
45620.00000 0.86644
45630.00000 0.866267
45640.00000 0.8661
45650.00000 0.865935
45660.00000 0.865772
45670.00000 0.86561
45680.00000 0.86545
45690.00000 0.865293
45700.00000 0.86514
45710.00000 0.864988
45720.00000 0.864839
45730.00000 0.864689
45740.00000 0.864539
45750.00000 0.864392
45760.00000 0.864248
45770.00000 0.864106
45780.00000 0.863965
45790.00000 0.863827
45800.00000 0.863691
45810.00000 0.863558
45820.00000 0.863432
45830.00000 0.863309
45840.00000 0.863189
45850.00000 0.863071
45860.00000 0.862956
45870.00000 0.862846
45880.00000 0.862739
45890.00000 0.862633
45900.00000 0.862526
45910.00000 0.86242
45920.00000 0.862314
45930.00000 0.86221
45940.00000 0.86211
45950.00000 0.86201
45960.00000 0.86191
45970.00000 0.861811
45980.00000 0.861716
45990.00000 0.861624
46000.00000 0.861534
46010.00000 0.861448
46020.00000 0.86136
46030.00000 0.861275
46040.00000 0.861193
46050.00000 0.861112
46060.00000 0.861034
46070.00000 0.860955
46080.00000 0.860875
46090.00000 0.860791
46100.00000 0.860711
46110.00000 0.86063
46120.00000 0.860549
46130.00000 0.860469
46140.00000 0.860385
46150.00000 0.860301
46160.00000 0.860218
46170.00000 0.860137
46180.00000 0.860056
46190.00000 0.859973
46200.00000 0.85989
46210.00000 0.859804
46220.00000 0.85972
46230.00000 0.859637
46240.00000 0.859554
46250.00000 0.859468
46260.00000 0.85938
46270.00000 0.85929
46280.00000 0.8592
46290.00000 0.859114
46300.00000 0.859025
46310.00000 0.858935
46320.00000 0.858845
46330.00000 0.858752
46340.00000 0.85866
46350.00000 0.858569
46360.00000 0.858477
46370.00000 0.85838
46380.00000 0.858282
46390.00000 0.858183
46400.00000 0.858082
46410.00000 0.857983
46420.00000 0.857882
46430.00000 0.85778
46440.00000 0.857674
46450.00000 0.857568
46460.00000 0.857464
46470.00000 0.85736
46480.00000 0.85726
46490.00000 0.857157
46500.00000 0.857055
46510.00000 0.856953
46520.00000 0.856853
46530.00000 0.856755
46540.00000 0.856658
46550.00000 0.85656
46560.00000 0.85646
46570.00000 0.856361
46580.00000 0.856264
46590.00000 0.856169
46600.00000 0.856075
46610.00000 0.855981
46620.00000 0.855885
46630.00000 0.85579
46640.00000 0.855699
46650.00000 0.85561
46660.00000 0.855523
46670.00000 0.855439
46680.00000 0.855355
46690.00000 0.855274
46700.00000 0.855198
46710.00000 0.855127
46720.00000 0.855059
46730.00000 0.854992
46740.00000 0.854926
46750.00000 0.854862
46760.00000 0.854804
46770.00000 0.85475
46780.00000 0.854699
46790.00000 0.854649
46800.00000 0.854602
46810.00000 0.854559
46820.00000 0.854519
46830.00000 0.854489
46840.00000 0.854464
46850.00000 0.854442
46860.00000 0.854423
46870.00000 0.854409
46880.00000 0.8544
46890.00000 0.854396
46900.00000 0.854399
46910.00000 0.854403
46920.00000 0.854408
46930.00000 0.854415
46940.00000 0.854427
46950.00000 0.854446
46960.00000 0.85447
46970.00000 0.854497
46980.00000 0.854526
46990.00000 0.85456
47000.00000 0.854598
47010.00000 0.854641
47020.00000 0.854692
47030.00000 0.854746
47040.00000 0.854801
47050.00000 0.854856
47060.00000 0.854918
47070.00000 0.854984
47080.00000 0.855054
47090.00000 0.855128
47100.00000 0.855204
47110.00000 0.855281
47120.00000 0.855362
47130.00000 0.855448
47140.00000 0.855541
47150.00000 0.855638
47160.00000 0.855736
47170.00000 0.855836
47180.00000 0.855938
47190.00000 0.856045
47200.00000 0.856155
47210.00000 0.856266
47220.00000 0.856378
47230.00000 0.856488
47240.00000 0.856598
47250.00000 0.85671
47260.00000 0.856824
47270.00000 0.856938
47280.00000 0.857048
47290.00000 0.857157
47300.00000 0.857263
47310.00000 0.85737
47320.00000 0.85748
47330.00000 0.857592
47340.00000 0.857702
47350.00000 0.857811
47360.00000 0.857919
47370.00000 0.858027
47380.00000 0.858138
47390.00000 0.858251
47400.00000 0.858363
47410.00000 0.858471
47420.00000 0.858577
47430.00000 0.858682
47440.00000 0.858785
47450.00000 0.858888
47460.00000 0.858989
47470.00000 0.859085
47480.00000 0.859175
47490.00000 0.859263
47500.00000 0.85935
47510.00000 0.859436
47520.00000 0.859522
47530.00000 0.859602
47540.00000 0.859679
47550.00000 0.859753
47560.00000 0.859826
47570.00000 0.859899
47580.00000 0.859971
47590.00000 0.860041
47600.00000 0.860104
47610.00000 0.860165
47620.00000 0.860224
47630.00000 0.860283
47640.00000 0.860341
47650.00000 0.860396
47660.00000 0.860448
47670.00000 0.860494
47680.00000 0.860538
47690.00000 0.860583
47700.00000 0.860628
47710.00000 0.860671
47720.00000 0.86071
47730.00000 0.860745
47740.00000 0.860777
47750.00000 0.860807
47760.00000 0.860839
47770.00000 0.860869
47780.00000 0.860898
47790.00000 0.860922
47800.00000 0.860944
47810.00000 0.860966
47820.00000 0.860991
47830.00000 0.861018
47840.00000 0.861046
47850.00000 0.861073
47860.00000 0.8611
47870.00000 0.861127
47880.00000 0.861156
47890.00000 0.861187
47900.00000 0.861219
47910.00000 0.861247
47920.00000 0.861272
47930.00000 0.861297
47940.00000 0.861321
47950.00000 0.861347
47960.00000 0.861374
47970.00000 0.8614
47980.00000 0.861423
47990.00000 0.861445
48000.00000 0.861468
48010.00000 0.861494
48020.00000 0.861524
48030.00000 0.861554
48040.00000 0.861584
48050.00000 0.861612
48060.00000 0.861642
48070.00000 0.861676
48080.00000 0.861713
48090.00000 0.861752
48100.00000 0.861792
48110.00000 0.861829
48120.00000 0.861866
48130.00000 0.861904
48140.00000 0.861944
48150.00000 0.861984
48160.00000 0.862023
48170.00000 0.862057
48180.00000 0.862084
48190.00000 0.862109
48200.00000 0.862134
48210.00000 0.862158
48220.00000 0.862178
48230.00000 0.862195
48240.00000 0.862206
48250.00000 0.862212
48260.00000 0.862218
48270.00000 0.862223
48280.00000 0.862228
48290.00000 0.862228
48300.00000 0.862223
48310.00000 0.862213
48320.00000 0.862199
48330.00000 0.862185
48340.00000 0.86217
48350.00000 0.862152
48360.00000 0.862126
48370.00000 0.86209
48380.00000 0.862046
48390.00000 0.861996
48400.00000 0.861941
48410.00000 0.861879
48420.00000 0.861808
48430.00000 0.861726
48440.00000 0.861632
48450.00000 0.861526
48460.00000 0.861413
48470.00000 0.861294
48480.00000 0.861166
48490.00000 0.861023
48500.00000 0.860869
48510.00000 0.860706
48520.00000 0.86053
48530.00000 0.860347
48540.00000 0.860157
48550.00000 0.859959
48560.00000 0.859742
48570.00000 0.859514
48580.00000 0.859276
48590.00000 0.859029
48600.00000 0.858772
48610.00000 0.858506
48620.00000 0.858229
48630.00000 0.857938
48640.00000 0.857631
48650.00000 0.857313
48660.00000 0.856987
48670.00000 0.856651
48680.00000 0.856301
48690.00000 0.855938
48700.00000 0.855562
48710.00000 0.855174
48720.00000 0.854777
48730.00000 0.854373
48740.00000 0.853963
48750.00000 0.853541
48760.00000 0.853107
48770.00000 0.852664
48780.00000 0.852215
48790.00000 0.85176
48800.00000 0.851302
48810.00000 0.85084
48820.00000 0.850373
48830.00000 0.849896
48840.00000 0.849415
48850.00000 0.84893
48860.00000 0.848445
48870.00000 0.847958
48880.00000 0.847466
48890.00000 0.846971
48900.00000 0.84647
48910.00000 0.845966
48920.00000 0.845463
48930.00000 0.844962
48940.00000 0.844462
48950.00000 0.84396
48960.00000 0.843456
48970.00000 0.842952
48980.00000 0.842451
48990.00000 0.841957
49000.00000 0.841467
49010.00000 0.840982
49020.00000 0.840499
49030.00000 0.840019
49040.00000 0.839543
49050.00000 0.839073
49060.00000 0.838614
49070.00000 0.838162
49080.00000 0.837715
49090.00000 0.837271
49100.00000 0.836831
49110.00000 0.836397
49120.00000 0.835968
49130.00000 0.835548
49140.00000 0.835133
49150.00000 0.83472
49160.00000 0.834308
49170.00000 0.833897
49180.00000 0.833489
49190.00000 0.833087
49200.00000 0.832689
49210.00000 0.832293
49220.00000 0.831896
49230.00000 0.831496
49240.00000 0.831094
49250.00000 0.830689
49260.00000 0.830284
49270.00000 0.829876
49280.00000 0.829462
49290.00000 0.829036
49300.00000 0.828598
49310.00000 0.828149
49320.00000 0.827692
49330.00000 0.82722
49340.00000 0.826733
49350.00000 0.826229
49360.00000 0.825706
49370.00000 0.82515
49380.00000 0.824571
49390.00000 0.823971
49400.00000 0.823342
49410.00000 0.822673
49420.00000 0.82197
49430.00000 0.821231
49440.00000 0.820442
49450.00000 0.819606
49460.00000 0.818729
49470.00000 0.817808
49480.00000 0.816828
49490.00000 0.815785
49500.00000 0.814687
49510.00000 0.813533
49520.00000 0.812304
49530.00000 0.811004
49540.00000 0.809643
49550.00000 0.808223
49560.00000 0.806689
49570.00000 0.805081
49580.00000 0.803397
49590.00000 0.801636
49600.00000 0.799755
49610.00000 0.797794
49620.00000 0.795746
49630.00000 0.793593
49640.00000 0.791314
49650.00000 0.788936
49660.00000 0.78646
49670.00000 0.783877
49680.00000 0.781155
49690.00000 0.778326
49700.00000 0.775392
49710.00000 0.772321
49720.00000 0.769108
49730.00000 0.76579
49740.00000 0.76237
49750.00000 0.758786
49760.00000 0.755074
49770.00000 0.751243
49780.00000 0.747294
49790.00000 0.743182
49800.00000 0.738944
49810.00000 0.734589
49820.00000 0.730113
49830.00000 0.725467
49840.00000 0.720686
49850.00000 0.715786
49860.00000 0.71077
49870.00000 0.705569
49880.00000 0.700258
49890.00000 0.694835
49900.00000 0.689272
49910.00000 0.683544
49920.00000 0.677712
49930.00000 0.67177
49940.00000 0.665683
49950.00000 0.659476
49960.00000 0.653158
49970.00000 0.646725
49980.00000 0.640171
49990.00000 0.633485
50000.00000 0.626702
50010.00000 0.619828
50020.00000 0.612821
50030.00000 0.6057
50040.00000 0.598488
50050.00000 0.5912
50060.00000 0.583756
50070.00000 0.576243
50080.00000 0.568653
50090.00000 0.560971
50100.00000 0.553182
50110.00000 0.545318
50120.00000 0.53738
50130.00000 0.529367
50140.00000 0.52127
50150.00000 0.513105
50160.00000 0.504883
50170.00000 0.496609
50180.00000 0.488246
50190.00000 0.479845
50200.00000 0.471409
50210.00000 0.462915
50220.00000 0.454385
50230.00000 0.445827
50240.00000 0.437237
50250.00000 0.428618
50260.00000 0.419988
50270.00000 0.411342
50280.00000 0.402677
50290.00000 0.394025
50300.00000 0.385362
50310.00000 0.37671
50320.00000 0.368076
50330.00000 0.359449
50340.00000 0.350852
50350.00000 0.342282
50360.00000 0.333739
50370.00000 0.325252
50380.00000 0.316818
50390.00000 0.308431
50400.00000 0.300098
50410.00000 0.291859
50420.00000 0.283685
50430.00000 0.275577
50440.00000 0.267579
50450.00000 0.259682
50460.00000 0.25188
50470.00000 0.244178
50480.00000 0.236594
50490.00000 0.229142
50500.00000 0.221796
50510.00000 0.214564
50520.00000 0.207486
50530.00000 0.20055
50540.00000 0.193734
50550.00000 0.187036
50560.00000 0.180531
50570.00000 0.17416
50580.00000 0.167919
50590.00000 0.16182
50600.00000 0.155918
50610.00000 0.150151
50620.00000 0.144521
50630.00000 0.139037
50640.00000 0.133752
50650.00000 0.128604
50660.00000 0.12359
50670.00000 0.118732
50680.00000 0.11406
50690.00000 0.109518
50700.00000 0.105103
50710.00000 0.100857
50720.00000 0.0967726
50730.00000 0.0928134
50740.00000 0.0889775
50750.00000 0.0853034
50760.00000 0.0817708
50770.00000 0.0783545
50780.00000 0.0750502
50790.00000 0.0719041
50800.00000 0.0688759
50810.00000 0.0659511
50820.00000 0.0631274
50830.00000 0.0604504
50840.00000 0.0578712
50850.00000 0.0553842
50860.00000 0.0529925
50870.00000 0.0507272
50880.00000 0.0485454
50890.00000 0.0464435
50900.00000 0.0444305
50910.00000 0.0425227
50920.00000 0.0406872
50930.00000 0.0389218
50940.00000 0.0372375
50950.00000 0.0356379
50960.00000 0.0340986
50970.00000 0.0326194
50980.00000 0.0312144
50990.00000 0.0298756
51000.00000 0.0285884
51010.00000 0.0273516
51020.00000 0.0261815
51030.00000 0.0250636
51040.00000 0.0239895
51050.00000 0.0229583
51060.00000 0.0219863
51070.00000 0.021055
51080.00000 0.0201606
51090.00000 0.019302
51100.00000 0.0184956
51110.00000 0.0177208
51120.00000 0.0169764
51130.00000 0.0162639
51140.00000 0.0155915
51150.00000 0.0149445
51160.00000 0.0143219
51170.00000 0.0137277
51180.00000 0.0131644
51190.00000 0.0126223
51200.00000 0.0121009
51210.00000 0.0116044
51220.00000 0.0111319
51230.00000 0.0106776
51240.00000 0.0102409
51250.00000 0.00982719
51260.00000 0.0094329
51270.00000 0.00905396
51280.00000 0.00868982
51290.00000 0.0083452
51300.00000 0.0080153
51310.00000 0.00769777
51320.00000 0.00739216
51330.00000 0.0071037
51340.00000 0.00682651
51350.00000 0.00655962
51360.00000 0.00630332
51370.00000 0.00606149
51380.00000 0.00582904
51390.00000 0.00560572
51400.00000 0.00539238
51410.00000 0.00519098
51420.00000 0.00499716
51430.00000 0.00481077
51440.00000 0.00463264
51450.00000 0.00446238
51460.00000 0.00429758
51470.00000 0.00413807
51480.00000 0.00398517
51490.00000 0.00383785
51500.00000 0.00369534
51510.00000 0.00355758
51520.00000 0.00342603
51530.00000 0.00330002
51540.00000 0.00317863
51550.00000 0.00306175
51560.00000 0.00295149
51570.00000 0.00284584
51580.00000 0.00274421
51590.00000 0.00264642
51600.00000 0.0025543
51610.00000 0.00246516
51620.00000 0.00237894
51630.00000 0.00229591
51640.00000 0.00221665
51650.00000 0.00213999
51660.00000 0.00206598
51670.00000 0.00199515
51680.00000 0.00192782
51690.00000 0.00186302
51700.00000 0.00180055
51710.00000 0.00174064
51720.00000 0.00168311
51730.00000 0.00162741
51740.00000 0.00157349
51750.00000 0.00152181
51760.00000 0.00147209
51770.00000 0.00142381
51780.00000 0.00137687
51790.00000 0.00133158
51800.00000 0.00128758
51810.00000 0.00124493
51820.00000 0.00120381
51830.00000 0.00116497
51840.00000 0.00112752
51850.00000 0.00109134
51860.00000 0.00105641
51870.00000 0.00102259
57057.00000 0.0
