threeML/data/optical_filters/JWST/NIRISS-F444W.ecsv
# %ECSV 0.9
# ---
# datatype:
# - {name: wavelength, unit: Angstrom, datatype: float32}
# - {name: response, datatype: float32}
# meta: !!omap
# - {band_name: F444W}
# - {group_name: NIRISS}
wavelength response
33705.00000 0.0
37450.00000 0.00101415
37460.00000 0.00105713
37470.00000 0.00110211
37480.00000 0.00115002
37490.00000 0.00120003
37500.00000 0.00125204
37510.00000 0.00130616
37520.00000 0.00136234
37530.00000 0.00141964
37540.00000 0.00147832
37550.00000 0.00153889
37560.00000 0.00160221
37570.00000 0.00166745
37580.00000 0.00173453
37590.00000 0.00180365
37600.00000 0.00187496
37610.00000 0.00194864
37620.00000 0.00202506
37630.00000 0.00210547
37640.00000 0.0021894
37650.00000 0.00227622
37660.00000 0.00236599
37670.00000 0.00246019
37680.00000 0.00255839
37690.00000 0.00266036
37700.00000 0.00276622
37710.00000 0.0028776
37720.00000 0.00299229
37730.00000 0.00311006
37740.00000 0.00323104
37750.00000 0.00335812
37760.00000 0.00348933
37770.00000 0.00362464
37780.00000 0.00376438
37790.00000 0.00390996
37800.00000 0.0040597
37810.00000 0.0042141
37820.00000 0.0043747
37830.00000 0.00454399
37840.00000 0.00471963
37850.00000 0.00490171
37860.00000 0.00509163
37870.00000 0.00528976
37880.00000 0.00549466
37890.00000 0.00570671
37900.00000 0.00592963
37910.00000 0.00616344
37920.00000 0.00640624
37930.00000 0.00665804
37940.00000 0.0069233
37950.00000 0.00720034
37960.00000 0.00748833
37970.00000 0.00778792
37980.00000 0.0081069
37990.00000 0.00844015
38000.00000 0.00878715
38010.00000 0.00914855
38020.00000 0.00953283
38030.00000 0.00993352
38040.00000 0.0103515
38050.00000 0.0107898
38060.00000 0.011257
38070.00000 0.0117453
38080.00000 0.0122555
38090.00000 0.0127928
38100.00000 0.013364
38110.00000 0.0139623
38120.00000 0.0145886
38130.00000 0.0152532
38140.00000 0.0159597
38150.00000 0.016701
38160.00000 0.0174779
38170.00000 0.0183063
38180.00000 0.0191844
38190.00000 0.0201064
38200.00000 0.0210743
38210.00000 0.0221142
38220.00000 0.0232141
38230.00000 0.0243712
38240.00000 0.0255877
38250.00000 0.0269016
38260.00000 0.0282865
38270.00000 0.0297446
38280.00000 0.0312841
38290.00000 0.0329473
38300.00000 0.0347012
38310.00000 0.0365498
38320.00000 0.0385111
38330.00000 0.0406227
38340.00000 0.0428506
38350.00000 0.0451983
38360.00000 0.0477024
38370.00000 0.0503878
38380.00000 0.0532213
38390.00000 0.0562075
38400.00000 0.0594065
38410.00000 0.0628223
38420.00000 0.0664231
38430.00000 0.0702165
38440.00000 0.074295
38450.00000 0.0786246
38460.00000 0.0831837
38470.00000 0.0879802
38480.00000 0.0931487
38490.00000 0.098603
38500.00000 0.104335
38510.00000 0.11036
38520.00000 0.116843
38530.00000 0.123643
38540.00000 0.130769
38550.00000 0.13826
38560.00000 0.146251
38570.00000 0.154601
38580.00000 0.163312
38590.00000 0.172457
38600.00000 0.182111
38610.00000 0.192145
38620.00000 0.202555
38630.00000 0.21344
38640.00000 0.224804
38650.00000 0.236533
38660.00000 0.248626
38670.00000 0.261191
38680.00000 0.274152
38690.00000 0.287432
38700.00000 0.301019
38710.00000 0.31501
38720.00000 0.329271
38730.00000 0.343759
38740.00000 0.35846
38750.00000 0.373411
38760.00000 0.388491
38770.00000 0.403675
38780.00000 0.418938
38790.00000 0.434234
38800.00000 0.449514
38810.00000 0.464748
38820.00000 0.479901
38830.00000 0.494897
38840.00000 0.509751
38850.00000 0.524435
38860.00000 0.538881
38870.00000 0.553033
38880.00000 0.566936
38890.00000 0.58058
38900.00000 0.593869
38910.00000 0.606794
38920.00000 0.619416
38930.00000 0.631729
38940.00000 0.643597
38950.00000 0.655087
38960.00000 0.666248
38970.00000 0.67708
38980.00000 0.687417
38990.00000 0.697401
39000.00000 0.707062
39010.00000 0.716394
39020.00000 0.725235
39030.00000 0.73377
39040.00000 0.741999
39050.00000 0.7499
39060.00000 0.757375
39070.00000 0.764574
39080.00000 0.771499
39090.00000 0.778113
39100.00000 0.784372
39110.00000 0.790383
39120.00000 0.796152
39130.00000 0.801622
39140.00000 0.806791
39150.00000 0.811738
39160.00000 0.816467
39170.00000 0.820917
39180.00000 0.82512
39190.00000 0.829125
39200.00000 0.832938
39210.00000 0.836489
39220.00000 0.83984
39230.00000 0.843018
39240.00000 0.846029
39250.00000 0.848808
39260.00000 0.851431
39270.00000 0.853906
39280.00000 0.856228
39290.00000 0.858352
39300.00000 0.860348
39310.00000 0.862217
39320.00000 0.863947
39330.00000 0.86552
39340.00000 0.866986
39350.00000 0.868349
39360.00000 0.869588
39370.00000 0.870708
39380.00000 0.871745
39390.00000 0.872701
39400.00000 0.873554
39410.00000 0.87432
39420.00000 0.875023
39430.00000 0.875665
39440.00000 0.876224
39450.00000 0.876721
39460.00000 0.87717
39470.00000 0.877574
39480.00000 0.877915
39490.00000 0.878213
39500.00000 0.878478
39510.00000 0.878713
39520.00000 0.878908
39530.00000 0.879077
39540.00000 0.879224
39550.00000 0.879354
39560.00000 0.879463
39570.00000 0.879557
39580.00000 0.87964
39590.00000 0.879713
39600.00000 0.879778
39610.00000 0.879836
39620.00000 0.879886
39630.00000 0.879931
39640.00000 0.879977
39650.00000 0.880022
39660.00000 0.880064
39670.00000 0.880103
39680.00000 0.880147
39690.00000 0.880194
39700.00000 0.880243
39710.00000 0.880295
39720.00000 0.880354
39730.00000 0.880419
39740.00000 0.880489
39750.00000 0.880563
39760.00000 0.880644
39770.00000 0.880731
39780.00000 0.880828
39790.00000 0.880925
39800.00000 0.881028
39810.00000 0.881137
39820.00000 0.881252
39830.00000 0.88137
39840.00000 0.88149
39850.00000 0.881614
39860.00000 0.881744
39870.00000 0.881879
39880.00000 0.882014
39890.00000 0.88215
39900.00000 0.882294
39910.00000 0.882441
39920.00000 0.882588
39930.00000 0.882735
39940.00000 0.882885
39950.00000 0.883037
39960.00000 0.88319
39970.00000 0.883342
39980.00000 0.883492
39990.00000 0.883647
40000.00000 0.883801
40010.00000 0.883955
40020.00000 0.884104
40030.00000 0.884257
40040.00000 0.88441
40050.00000 0.884563
40060.00000 0.884714
40070.00000 0.884867
40080.00000 0.88502
40090.00000 0.885176
40100.00000 0.885325
40110.00000 0.885473
40120.00000 0.885619
40130.00000 0.885768
40140.00000 0.885911
40150.00000 0.886053
40160.00000 0.886193
40170.00000 0.886333
40180.00000 0.886471
40190.00000 0.886606
40200.00000 0.886737
40210.00000 0.886869
40220.00000 0.887004
40230.00000 0.887137
40240.00000 0.887265
40250.00000 0.887395
40260.00000 0.887524
40270.00000 0.887651
40280.00000 0.887775
40290.00000 0.887894
40300.00000 0.888013
40310.00000 0.888132
40320.00000 0.888248
40330.00000 0.888357
40340.00000 0.888466
40350.00000 0.888575
40360.00000 0.888681
40370.00000 0.888781
40380.00000 0.888879
40390.00000 0.888976
40400.00000 0.889074
40410.00000 0.889168
40420.00000 0.889258
40430.00000 0.889346
40440.00000 0.889435
40450.00000 0.88952
40460.00000 0.889602
40470.00000 0.88968
40480.00000 0.889755
40490.00000 0.889831
40500.00000 0.889902
40510.00000 0.889966
40520.00000 0.890026
40530.00000 0.890084
40540.00000 0.89014
40550.00000 0.890192
40560.00000 0.890238
40570.00000 0.890282
40580.00000 0.890326
40590.00000 0.890368
40600.00000 0.890403
40610.00000 0.890437
40620.00000 0.890471
40630.00000 0.890503
40640.00000 0.89053
40650.00000 0.890552
40660.00000 0.890571
40670.00000 0.890589
40680.00000 0.890605
40690.00000 0.890615
40700.00000 0.89062
40710.00000 0.890623
40720.00000 0.890624
40730.00000 0.890621
40740.00000 0.890616
40750.00000 0.890609
40760.00000 0.890605
40770.00000 0.890601
40780.00000 0.890593
40790.00000 0.890582
40800.00000 0.890574
40810.00000 0.890568
40820.00000 0.890563
40830.00000 0.890554
40840.00000 0.890544
40850.00000 0.890534
40860.00000 0.890525
40870.00000 0.890512
40880.00000 0.8905
40890.00000 0.890488
40900.00000 0.89048
40910.00000 0.890474
40920.00000 0.890467
40930.00000 0.890461
40940.00000 0.890459
40950.00000 0.890464
40960.00000 0.89047
40970.00000 0.890476
40980.00000 0.890483
40990.00000 0.890494
41000.00000 0.890506
41010.00000 0.890519
41020.00000 0.890529
41030.00000 0.890542
41040.00000 0.890557
41050.00000 0.890574
41060.00000 0.890591
41070.00000 0.89061
41080.00000 0.890633
41090.00000 0.890661
41100.00000 0.890692
41110.00000 0.890722
41120.00000 0.890754
41130.00000 0.890791
41140.00000 0.890831
41150.00000 0.890871
41160.00000 0.890911
41170.00000 0.890949
41180.00000 0.890989
41190.00000 0.891026
41200.00000 0.89106
41210.00000 0.891091
41220.00000 0.891124
41230.00000 0.891156
41240.00000 0.891188
41250.00000 0.891215
41260.00000 0.89124
41270.00000 0.891267
41280.00000 0.891297
41290.00000 0.891324
41300.00000 0.891352
41310.00000 0.891378
41320.00000 0.891406
41330.00000 0.891433
41340.00000 0.891457
41350.00000 0.891476
41360.00000 0.891493
41370.00000 0.891506
41380.00000 0.891515
41390.00000 0.891518
41400.00000 0.891511
41410.00000 0.891501
41420.00000 0.891488
41430.00000 0.891473
41440.00000 0.891452
41450.00000 0.891429
41460.00000 0.891406
41470.00000 0.891383
41480.00000 0.891358
41490.00000 0.891329
41500.00000 0.891298
41510.00000 0.891267
41520.00000 0.891232
41530.00000 0.891191
41540.00000 0.891144
41550.00000 0.891091
41560.00000 0.891035
41570.00000 0.890973
41580.00000 0.890906
41590.00000 0.890834
41600.00000 0.890759
41610.00000 0.890685
41620.00000 0.890611
41630.00000 0.890534
41640.00000 0.890456
41650.00000 0.890379
41660.00000 0.890304
41670.00000 0.890228
41680.00000 0.890148
41690.00000 0.890066
41700.00000 0.889983
41710.00000 0.889899
41720.00000 0.889811
41730.00000 0.889719
41740.00000 0.889624
41750.00000 0.889528
41760.00000 0.889431
41770.00000 0.889332
41780.00000 0.889229
41790.00000 0.889129
41800.00000 0.88903
41810.00000 0.888934
41820.00000 0.88884
41830.00000 0.888746
41840.00000 0.888655
41850.00000 0.888567
41860.00000 0.888483
41870.00000 0.8884
41880.00000 0.888317
41890.00000 0.888236
41900.00000 0.888158
41910.00000 0.888081
41920.00000 0.888002
41930.00000 0.887921
41940.00000 0.887843
41950.00000 0.887769
41960.00000 0.887696
41970.00000 0.887623
41980.00000 0.887553
41990.00000 0.887487
42000.00000 0.887426
42010.00000 0.887368
42020.00000 0.887315
42030.00000 0.887266
42040.00000 0.887222
42050.00000 0.887184
42060.00000 0.887148
42070.00000 0.887113
42080.00000 0.88708
42090.00000 0.88705
42100.00000 0.887025
42110.00000 0.887
42120.00000 0.886975
42130.00000 0.886951
42140.00000 0.886932
42150.00000 0.886916
42160.00000 0.886902
42170.00000 0.88689
42180.00000 0.886883
42190.00000 0.886881
42200.00000 0.886883
42210.00000 0.88689
42220.00000 0.886899
42230.00000 0.886909
42240.00000 0.886921
42250.00000 0.886935
42260.00000 0.886947
42270.00000 0.886956
42280.00000 0.886963
42290.00000 0.886968
42300.00000 0.886969
42310.00000 0.886964
42320.00000 0.886953
42330.00000 0.886937
42340.00000 0.886922
42350.00000 0.886908
42360.00000 0.886895
42370.00000 0.886884
42380.00000 0.886878
42390.00000 0.886877
42400.00000 0.886885
42410.00000 0.8869
42420.00000 0.88692
42430.00000 0.886946
42440.00000 0.886979
42450.00000 0.887015
42460.00000 0.88705
42470.00000 0.887085
42480.00000 0.887118
42490.00000 0.887151
42500.00000 0.887182
42510.00000 0.88721
42520.00000 0.887234
42530.00000 0.887261
42540.00000 0.887289
42550.00000 0.887321
42560.00000 0.887355
42570.00000 0.887391
42580.00000 0.88743
42590.00000 0.887474
42600.00000 0.887521
42610.00000 0.88757
42620.00000 0.887618
42630.00000 0.887666
42640.00000 0.887713
42650.00000 0.887759
42660.00000 0.887803
42670.00000 0.887841
42680.00000 0.887876
42690.00000 0.88791
42700.00000 0.887942
42710.00000 0.887971
42720.00000 0.887997
42730.00000 0.888022
42740.00000 0.888048
42750.00000 0.888076
42760.00000 0.888105
42770.00000 0.888134
42780.00000 0.888164
42790.00000 0.888198
42800.00000 0.888234
42810.00000 0.888269
42820.00000 0.888302
42830.00000 0.888332
42840.00000 0.888359
42850.00000 0.888385
42860.00000 0.888406
42870.00000 0.888421
42880.00000 0.888433
42890.00000 0.888442
42900.00000 0.88845
42910.00000 0.888454
42920.00000 0.888457
42930.00000 0.88846
42940.00000 0.888465
42950.00000 0.888472
42960.00000 0.888482
42970.00000 0.888492
42980.00000 0.888502
42990.00000 0.888513
43000.00000 0.888524
43010.00000 0.888535
43020.00000 0.888543
43030.00000 0.888549
43040.00000 0.888553
43050.00000 0.888556
43060.00000 0.888554
43070.00000 0.888548
43080.00000 0.888539
43090.00000 0.888528
43100.00000 0.888519
43110.00000 0.888509
43120.00000 0.8885
43130.00000 0.888489
43140.00000 0.888478
43150.00000 0.888467
43160.00000 0.888458
43170.00000 0.888449
43180.00000 0.88844
43190.00000 0.88843
43200.00000 0.88842
43210.00000 0.888407
43220.00000 0.888389
43230.00000 0.888368
43240.00000 0.888344
43250.00000 0.888316
43260.00000 0.888285
43270.00000 0.888252
43280.00000 0.888214
43290.00000 0.888171
43300.00000 0.888126
43310.00000 0.888079
43320.00000 0.888033
43330.00000 0.887985
43340.00000 0.887936
43350.00000 0.887886
43360.00000 0.887836
43370.00000 0.887783
43380.00000 0.887727
43390.00000 0.887669
43400.00000 0.887608
43410.00000 0.887544
43420.00000 0.887477
43430.00000 0.887404
43440.00000 0.887326
43450.00000 0.887241
43460.00000 0.887152
43470.00000 0.887061
43480.00000 0.886964
43490.00000 0.886862
43500.00000 0.886757
43510.00000 0.886648
43520.00000 0.886536
43530.00000 0.886421
43540.00000 0.886304
43550.00000 0.886183
43560.00000 0.886058
43570.00000 0.885929
43580.00000 0.885797
43590.00000 0.88566
43600.00000 0.885517
43610.00000 0.885368
43620.00000 0.885214
43630.00000 0.885052
43640.00000 0.88488
43650.00000 0.884703
43660.00000 0.884519
43670.00000 0.884329
43680.00000 0.884133
43690.00000 0.883933
43700.00000 0.883728
43710.00000 0.883519
43720.00000 0.883307
43730.00000 0.883094
43740.00000 0.882881
43750.00000 0.882666
43760.00000 0.88245
43770.00000 0.882232
43780.00000 0.882015
43790.00000 0.881793
43800.00000 0.88157
43810.00000 0.881345
43820.00000 0.881115
43830.00000 0.880883
43840.00000 0.88065
43850.00000 0.880415
43860.00000 0.880181
43870.00000 0.879946
43880.00000 0.879711
43890.00000 0.879479
43900.00000 0.879248
43910.00000 0.879023
43920.00000 0.878802
43930.00000 0.878585
43940.00000 0.878373
43950.00000 0.878166
43960.00000 0.877962
43970.00000 0.877762
43980.00000 0.877568
43990.00000 0.87738
44000.00000 0.877196
44010.00000 0.877016
44020.00000 0.876841
44030.00000 0.876671
44040.00000 0.876505
44050.00000 0.876344
44060.00000 0.876193
44070.00000 0.876046
44080.00000 0.875905
44090.00000 0.875772
44100.00000 0.875646
44110.00000 0.875527
44120.00000 0.875416
44130.00000 0.875315
44140.00000 0.875224
44150.00000 0.875142
44160.00000 0.875067
44170.00000 0.875002
44180.00000 0.874945
44190.00000 0.874894
44200.00000 0.874849
44210.00000 0.874811
44220.00000 0.874778
44230.00000 0.874749
44240.00000 0.874724
44250.00000 0.874702
44260.00000 0.874685
44270.00000 0.874672
44280.00000 0.874661
44290.00000 0.874659
44300.00000 0.874661
44310.00000 0.874668
44320.00000 0.87468
44330.00000 0.874698
44340.00000 0.874721
44350.00000 0.87475
44360.00000 0.874784
44370.00000 0.874822
44380.00000 0.874863
44390.00000 0.874906
44400.00000 0.874951
44410.00000 0.874998
44420.00000 0.875046
44430.00000 0.875094
44440.00000 0.875143
44450.00000 0.875192
44460.00000 0.875242
44470.00000 0.875292
44480.00000 0.87534
44490.00000 0.875389
44500.00000 0.875438
44510.00000 0.875486
44520.00000 0.875537
44530.00000 0.875587
44540.00000 0.875638
44550.00000 0.875689
44560.00000 0.875741
44570.00000 0.875793
44580.00000 0.875845
44590.00000 0.875896
44600.00000 0.875945
44610.00000 0.875993
44620.00000 0.87604
44630.00000 0.876084
44640.00000 0.876127
44650.00000 0.876166
44660.00000 0.876202
44670.00000 0.876236
44680.00000 0.876265
44690.00000 0.876293
44700.00000 0.876319
44710.00000 0.87634
44720.00000 0.87636
44730.00000 0.876379
44740.00000 0.876396
44750.00000 0.87641
44760.00000 0.87642
44770.00000 0.876429
44780.00000 0.876435
44790.00000 0.876441
44800.00000 0.876443
44810.00000 0.876443
44820.00000 0.87644
44830.00000 0.876431
44840.00000 0.876419
44850.00000 0.876404
44860.00000 0.876384
44870.00000 0.87636
44880.00000 0.876332
44890.00000 0.876302
44900.00000 0.876268
44910.00000 0.876233
44920.00000 0.876194
44930.00000 0.876152
44940.00000 0.876108
44950.00000 0.876061
44960.00000 0.876013
44970.00000 0.875964
44980.00000 0.87591
44990.00000 0.875853
45000.00000 0.875792
45010.00000 0.875728
