threeML/data/optical_filters/JWST/NIRISS-F356W.ecsv
# %ECSV 0.9
# ---
# datatype:
# - {name: wavelength, unit: Angstrom, datatype: float32}
# - {name: response, datatype: float32}
# meta: !!omap
# - {band_name: F356W}
# - {group_name: NIRISS}
wavelength response
[from data line 760]
37850.00000 0.924559
37860.00000 0.924567
37870.00000 0.924579
37880.00000 0.924592
37890.00000 0.924605
37900.00000 0.924615
37910.00000 0.924632
37920.00000 0.924651
37930.00000 0.924672
37940.00000 0.924693
37950.00000 0.924722
37960.00000 0.924755
37970.00000 0.924789
37980.00000 0.924824
37990.00000 0.924865
38000.00000 0.924907
38010.00000 0.924946
38020.00000 0.924981
38030.00000 0.925017
38040.00000 0.925053
38050.00000 0.925086
38060.00000 0.925113
38070.00000 0.92514
38080.00000 0.925167
38090.00000 0.925189
38100.00000 0.925205
38110.00000 0.925223
38120.00000 0.925242
38130.00000 0.925257
38140.00000 0.925267
38150.00000 0.925275
38160.00000 0.92528
38170.00000 0.925277
38180.00000 0.925265
38190.00000 0.92525
38200.00000 0.925232
38210.00000 0.925207
38220.00000 0.925175
38230.00000 0.925138
38240.00000 0.925099
38250.00000 0.925053
38260.00000 0.925003
38270.00000 0.924951
38280.00000 0.924901
38290.00000 0.924844
38300.00000 0.924782
38310.00000 0.924716
38320.00000 0.924648
38330.00000 0.924569
38340.00000 0.924482
38350.00000 0.92439
38360.00000 0.924295
38370.00000 0.92419
38380.00000 0.924077
38390.00000 0.92396
38400.00000 0.92384
38410.00000 0.923717
38420.00000 0.92359
38430.00000 0.92346
38440.00000 0.923335
38450.00000 0.923208
38460.00000 0.923078
38470.00000 0.922943
38480.00000 0.922811
38490.00000 0.922677
38500.00000 0.92254
38510.00000 0.922399
38520.00000 0.92226
38530.00000 0.92212
38540.00000 0.921978
38550.00000 0.921833
38560.00000 0.921696
38570.00000 0.921562
38580.00000 0.921428
38590.00000 0.921295
38600.00000 0.92117
38610.00000 0.921049
38620.00000 0.92093
38630.00000 0.920811
38640.00000 0.920698
38650.00000 0.92059
38660.00000 0.920485
38670.00000 0.92038
38680.00000 0.920283
38690.00000 0.920193
38700.00000 0.920109
38710.00000 0.920026
38720.00000 0.919951
38730.00000 0.919883
38740.00000 0.919822
38750.00000 0.919762
38760.00000 0.91971
38770.00000 0.919663
38780.00000 0.919625
38790.00000 0.919586
38800.00000 0.919552
38810.00000 0.919524
38820.00000 0.919503
38830.00000 0.919484
38840.00000 0.91947
38850.00000 0.919461
38860.00000 0.919463
38870.00000 0.919466
38880.00000 0.919472
38890.00000 0.919482
38900.00000 0.919501
38910.00000 0.91952
38920.00000 0.919539
38930.00000 0.919557
38940.00000 0.919579
38950.00000 0.919599
38960.00000 0.919617
38970.00000 0.919634
38980.00000 0.919655
38990.00000 0.919674
39000.00000 0.91969
39010.00000 0.919701
39020.00000 0.919712
39030.00000 0.919722
39040.00000 0.91973
39050.00000 0.919733
39060.00000 0.919733
39070.00000 0.919729
39080.00000 0.919719
39090.00000 0.919697
39100.00000 0.919672
39110.00000 0.919642
39120.00000 0.919607
39130.00000 0.919558
39140.00000 0.919501
39150.00000 0.919437
39160.00000 0.919365
39170.00000 0.919278
39180.00000 0.919182
39190.00000 0.919079
39200.00000 0.91897
39210.00000 0.918844
39220.00000 0.918706
39230.00000 0.918559
39240.00000 0.918406
39250.00000 0.918235
39260.00000 0.918052
39270.00000 0.917861
39280.00000 0.917666
39290.00000 0.917457
39300.00000 0.917235
39310.00000 0.917004
39320.00000 0.916763
39330.00000 0.91651
39340.00000 0.916247
39350.00000 0.915977
39360.00000 0.915701
39370.00000 0.91542
39380.00000 0.91513
39390.00000 0.914829
39400.00000 0.914519
39410.00000 0.914207
39420.00000 0.91389
39430.00000 0.913568
39440.00000 0.913245
39450.00000 0.912922
39460.00000 0.912596
39470.00000 0.912266
39480.00000 0.911932
39490.00000 0.911602
39500.00000 0.911275
39510.00000 0.91095
39520.00000 0.910626
39530.00000 0.910308
39540.00000 0.909994
39550.00000 0.909681
39560.00000 0.909368
39570.00000 0.909061
39580.00000 0.908761
39590.00000 0.908469
39600.00000 0.908182
39610.00000 0.907902
39620.00000 0.907628
39630.00000 0.907366
39640.00000 0.907109
39650.00000 0.906858
39660.00000 0.906614
39670.00000 0.906388
39680.00000 0.906167
39690.00000 0.905951
39700.00000 0.90574
39710.00000 0.905541
39720.00000 0.905347
39730.00000 0.905156
39740.00000 0.904968
39750.00000 0.904789
39760.00000 0.904616
39770.00000 0.904445
39780.00000 0.904271
39790.00000 0.904101
39800.00000 0.903932
39810.00000 0.903761
39820.00000 0.903583
39830.00000 0.903396
39840.00000 0.903202
39850.00000 0.902998
39860.00000 0.902779
39870.00000 0.902536
39880.00000 0.902278
39890.00000 0.902005
39900.00000 0.901706
39910.00000 0.901371
39920.00000 0.901009
39930.00000 0.900621
39940.00000 0.900189
39950.00000 0.899712
39960.00000 0.899195
39970.00000 0.898636
39980.00000 0.898014
39990.00000 0.897331
40000.00000 0.89659
40010.00000 0.895787
40020.00000 0.89489
40030.00000 0.893921
40040.00000 0.892878
40050.00000 0.891754
40060.00000 0.890511
40070.00000 0.889182
40080.00000 0.887762
40090.00000 0.886228
40100.00000 0.884556
40110.00000 0.882781
40120.00000 0.880899
40130.00000 0.878869
40140.00000 0.876682
40150.00000 0.87437
40160.00000 0.871929
40170.00000 0.869306
40180.00000 0.866511
40190.00000 0.86357
40200.00000 0.860483
40210.00000 0.857178
40220.00000 0.853686
40230.00000 0.850029
40240.00000 0.846204
40250.00000 0.842124
40260.00000 0.837856
40270.00000 0.833408
40280.00000 0.828773
40290.00000 0.823861
40300.00000 0.818756
40310.00000 0.813458
40320.00000 0.807938
40330.00000 0.802136
40340.00000 0.796133
40350.00000 0.789928
40360.00000 0.783477
40370.00000 0.776745
40380.00000 0.769812
40390.00000 0.762673
40400.00000 0.755269
40410.00000 0.747601
40420.00000 0.739728
40430.00000 0.731648
40440.00000 0.723293
40450.00000 0.714702
40460.00000 0.705915
40470.00000 0.696935
40480.00000 0.687677
40490.00000 0.678216
40500.00000 0.668566
40510.00000 0.658739
40520.00000 0.648641
40530.00000 0.638377
40540.00000 0.627955
40550.00000 0.617368
40560.00000 0.606568
40570.00000 0.595638
40580.00000 0.584581
40590.00000 0.573388
40600.00000 0.562043
40610.00000 0.550603
40620.00000 0.539074
40630.00000 0.527444
40640.00000 0.515746
40650.00000 0.504002
40660.00000 0.492218
40670.00000 0.480393
40680.00000 0.468554
40690.00000 0.45671
40700.00000 0.444864
40710.00000 0.433054
40720.00000 0.421288
40730.00000 0.409573
40740.00000 0.397914
40750.00000 0.38637
40760.00000 0.374915
40770.00000 0.363561
40780.00000 0.352311
40790.00000 0.341236
40800.00000 0.330298
40810.00000 0.319501
40820.00000 0.308864
40830.00000 0.298455
40840.00000 0.288217
40850.00000 0.278148
40860.00000 0.268286
40870.00000 0.25867
40880.00000 0.249244
40890.00000 0.240008
40900.00000 0.231031
40910.00000 0.222312
40920.00000 0.213798
40930.00000 0.205489
40940.00000 0.197456
40950.00000 0.189668
40960.00000 0.182083
40970.00000 0.17471
40980.00000 0.167637
40990.00000 0.160786
41000.00000 0.154136
41010.00000 0.147689
41020.00000 0.141538
41030.00000 0.135586
41040.00000 0.129823
41050.00000 0.12426
41060.00000 0.118971
41070.00000 0.113861
41080.00000 0.108925
41090.00000 0.104182
41100.00000 0.0996744
41110.00000 0.0953273
41120.00000 0.0911372
41130.00000 0.0871333
41140.00000 0.0833231
41150.00000 0.0796546
41160.00000 0.0761229
41170.00000 0.072767
41180.00000 0.0695651
41190.00000 0.0664865
41200.00000 0.0635288
41210.00000 0.0607279
41220.00000 0.0580483
41230.00000 0.0554745
41240.00000 0.0530028
41250.00000 0.0506725
41260.00000 0.0484394
41270.00000 0.0462947
41280.00000 0.0442376
41290.00000 0.0423035
41300.00000 0.0404473
41310.00000 0.0386657
41320.00000 0.036963
41330.00000 0.0353588
41340.00000 0.0338197
41350.00000 0.0323433
41360.00000 0.0309391
41370.00000 0.0296102
41380.00000 0.0283347
41390.00000 0.0271113
41400.00000 0.0259511
41410.00000 0.024848
41420.00000 0.0237884
41430.00000 0.0227724
41440.00000 0.0218117
41450.00000 0.0208956
41460.00000 0.0200159
41470.00000 0.0191714
41480.00000 0.0183748
41490.00000 0.0176123
41500.00000 0.0168796
41510.00000 0.0161753
41520.00000 0.0155141
41530.00000 0.0148805
41540.00000 0.0142722
41550.00000 0.0136886
41560.00000 0.0131372
41570.00000 0.0126073
41580.00000 0.0120983
41590.00000 0.0116127
41600.00000 0.0111541
41610.00000 0.0107136
41620.00000 0.0102903
41630.00000 0.00988763
41640.00000 0.00950406
41650.00000 0.0091351
41660.00000 0.00878069
41670.00000 0.00844508
41680.00000 0.00812594
41690.00000 0.00781869
41700.00000 0.00752228
41710.00000 0.00723986
41720.00000 0.00696939
41730.00000 0.00670871
41740.00000 0.00645741
41750.00000 0.00621898
41760.00000 0.0059902
41770.00000 0.00577006
41780.00000 0.00555841
41790.00000 0.00535701
41800.00000 0.00516234
41810.00000 0.00497444
41820.00000 0.00479426
41830.00000 0.00462342
41840.00000 0.00445839
41850.00000 0.00429922
41860.00000 0.00414723
41870.00000 0.00400284
41880.00000 0.0038635
41890.00000 0.00372905
41900.00000 0.0036001
41910.00000 0.00347762
41920.00000 0.00335961
41930.00000 0.00324568
41940.00000 0.00313631
41950.00000 0.0030305
41960.00000 0.00292807
41970.00000 0.0028291
41980.00000 0.00273439
41990.00000 0.00264277
42000.00000 0.00255418
42010.00000 0.00246883
42020.00000 0.00238822
42030.00000 0.00230983
42040.00000 0.00223366
42050.00000 0.00215993
42060.00000 0.0020909
42070.00000 0.00202445
42080.00000 0.00196021
42090.00000 0.00189809
42100.00000 0.00183894
42110.00000 0.00178212
42120.00000 0.00172735
42130.00000 0.00167432
42140.00000 0.00162292
42150.00000 0.00157309
42160.00000 0.00152496
42170.00000 0.00147922
42180.00000 0.00143452
42190.00000 0.00139068
42200.00000 0.00134773
42210.00000 0.00130618
42220.00000 0.00126551
42230.00000 0.00122532
42240.00000 0.00118554
42250.00000 0.00114807
42260.00000 0.00111274
42270.00000 0.00107885
42280.00000 0.00104596
42290.00000 0.00101296
46519.00000 0.0
