threeML/data/optical_filters/JWST/NIRISS-F158M.ecsv
# %ECSV 0.9
# ---
# datatype:
# - {name: wavelength, unit: Angstrom, datatype: float32}
# - {name: response, datatype: float32}
# meta: !!omap
# - {band_name: F158M}
# - {group_name: NIRISS}
wavelength response
12897.00000 0.0
14330.00000 0.00101453
14340.00000 0.00111799
14350.00000 0.00122831
14360.00000 0.00134356
14370.00000 0.00147863
14380.00000 0.00162246
14390.00000 0.00178063
14400.00000 0.00195714
14410.00000 0.00214477
14420.00000 0.0023624
14430.00000 0.00259992
14440.00000 0.0028543
14450.00000 0.00313947
14460.00000 0.00343894
14470.00000 0.00376361
14480.00000 0.00412686
14490.00000 0.0045129
14500.00000 0.00496044
14510.00000 0.00545101
14520.00000 0.00598457
14530.00000 0.00663063
14540.00000 0.00733983
14550.00000 0.00817333
14560.00000 0.00914483
14570.00000 0.0101998
14580.00000 0.0114904
14590.00000 0.0129435
14600.00000 0.0145865
14610.00000 0.0166246
14620.00000 0.018875
14630.00000 0.0215711
14640.00000 0.0247485
14650.00000 0.0282292
14660.00000 0.0326538
14670.00000 0.0375899
14680.00000 0.0432314
14690.00000 0.0500964
14700.00000 0.0576214
14710.00000 0.0666111
14720.00000 0.0768937
14730.00000 0.0880524
14740.00000 0.101651
14750.00000 0.116343
14760.00000 0.132769
14770.00000 0.151508
14780.00000 0.171447
14790.00000 0.194035
14800.00000 0.218414
14810.00000 0.244223
14820.00000 0.27307
14830.00000 0.303121
14840.00000 0.335186
14850.00000 0.369252
14860.00000 0.40432
14870.00000 0.441332
14880.00000 0.479102
14890.00000 0.517582
14900.00000 0.556471
14910.00000 0.595142
14920.00000 0.633203
14930.00000 0.669641
14940.00000 0.705026
14950.00000 0.736887
14960.00000 0.766362
14970.00000 0.793185
14980.00000 0.815004
14990.00000 0.834526
15000.00000 0.849685
15010.00000 0.861319
15020.00000 0.870859
15030.00000 0.87592
15040.00000 0.879543
15050.00000 0.881294
15060.00000 0.881457
15070.00000 0.881098
15080.00000 0.880065
15090.00000 0.879016
15100.00000 0.877958
15110.00000 0.877488
15120.00000 0.877394
15130.00000 0.87788
15140.00000 0.879217
15150.00000 0.880964
15160.00000 0.883531
15170.00000 0.886515
15180.00000 0.889816
15190.00000 0.893436
15200.00000 0.897019
15210.00000 0.900512
15220.00000 0.903464
15230.00000 0.906097
15240.00000 0.907893
15250.00000 0.909147
15260.00000 0.909919
15270.00000 0.909902
15280.00000 0.909647
15290.00000 0.909017
15300.00000 0.908281
15310.00000 0.907525
15320.00000 0.906991
15330.00000 0.906725
15340.00000 0.906741
15350.00000 0.907351
15360.00000 0.908228
15370.00000 0.9096
15380.00000 0.911121
15390.00000 0.912702
15400.00000 0.914056
15410.00000 0.915093
15420.00000 0.915738
15430.00000 0.915479
15440.00000 0.914757
15450.00000 0.913074
15460.00000 0.910644
15470.00000 0.907749
15480.00000 0.903937
15490.00000 0.899969
15500.00000 0.895772
15510.00000 0.8919
15520.00000 0.888299
15530.00000 0.885495
15540.00000 0.883495
15550.00000 0.882071
15560.00000 0.882203
15570.00000 0.88297
15580.00000 0.884765
15590.00000 0.88765
15600.00000 0.891038
15610.00000 0.895312
15620.00000 0.899726
15630.00000 0.904256
15640.00000 0.908373
15650.00000 0.912147
15660.00000 0.915278
15670.00000 0.917479
15680.00000 0.919153
15690.00000 0.919538
15700.00000 0.919227
15710.00000 0.918225
15720.00000 0.916167
15730.00000 0.913874
15740.00000 0.911306
15750.00000 0.908816
15760.00000 0.906399
15770.00000 0.904441
15780.00000 0.902836
15790.00000 0.901642
15800.00000 0.901226
15810.00000 0.901179
15820.00000 0.901856
15830.00000 0.902854
15840.00000 0.904036
15850.00000 0.905241
15860.00000 0.906276
15870.00000 0.907077
15880.00000 0.907226
15890.00000 0.906992
15900.00000 0.905855
15910.00000 0.903723
15920.00000 0.900919
15930.00000 0.89681
15940.00000 0.892326
15950.00000 0.887255
15960.00000 0.881784
15970.00000 0.876189
15980.00000 0.870573
15990.00000 0.865287
16000.00000 0.860263
16010.00000 0.85662
16020.00000 0.85362
16030.00000 0.851726
16040.00000 0.851218
16050.00000 0.851466
16060.00000 0.853458
16070.00000 0.856509
16080.00000 0.860552
16090.00000 0.866579
16100.00000 0.873134
16110.00000 0.880445
16120.00000 0.888103
16130.00000 0.895903
16140.00000 0.903585
16150.00000 0.910889
16160.00000 0.917774
16170.00000 0.9227
16180.00000 0.926746
16190.00000 0.929125
16200.00000 0.93001
16210.00000 0.93
16220.00000 0.927913
16230.00000 0.924983
16240.00000 0.920961
16250.00000 0.915818
16260.00000 0.910412
16270.00000 0.904906
16280.00000 0.899645
16290.00000 0.894544
16300.00000 0.890297
16310.00000 0.886645
16320.00000 0.883904
16330.00000 0.88264
16340.00000 0.882043
16350.00000 0.882667
16360.00000 0.884041
16370.00000 0.88598
16380.00000 0.888981
16390.00000 0.892338
16400.00000 0.896264
16410.00000 0.900282
16420.00000 0.904307
16430.00000 0.908187
16440.00000 0.911855
16450.00000 0.915335
16460.00000 0.918103
16470.00000 0.920538
16480.00000 0.92238
16490.00000 0.923754
16500.00000 0.924874
16510.00000 0.925453
16520.00000 0.925756
16530.00000 0.925772
16540.00000 0.925341
16550.00000 0.924753
16560.00000 0.92391
16570.00000 0.922816
16580.00000 0.921571
16590.00000 0.919924
16600.00000 0.917905
16610.00000 0.915431
16620.00000 0.912323
16630.00000 0.908894
16640.00000 0.90481
16650.00000 0.900135
16660.00000 0.895074
16670.00000 0.888274
16680.00000 0.880929
16690.00000 0.872795
16700.00000 0.863544
16710.00000 0.853731
16720.00000 0.842726
16730.00000 0.830243
16740.00000 0.816705
16750.00000 0.801416
16760.00000 0.785408
16770.00000 0.768242
16780.00000 0.749521
16790.00000 0.729774
16800.00000 0.707048
16810.00000 0.683068
16820.00000 0.658038
16830.00000 0.631052
16840.00000 0.603059
16850.00000 0.573285
16860.00000 0.541176
16870.00000 0.508068
16880.00000 0.474245
16890.00000 0.440437
16900.00000 0.406649
16910.00000 0.372641
16920.00000 0.339065
16930.00000 0.30664
16940.00000 0.27627
16950.00000 0.247109
16960.00000 0.221017
16970.00000 0.196328
16980.00000 0.173274
16990.00000 0.153367
17000.00000 0.1348
17010.00000 0.118693
17020.00000 0.10438
17030.00000 0.0911587
17040.00000 0.0802886
17050.00000 0.0702857
17060.00000 0.0614666
17070.00000 0.054001
17080.00000 0.0471241
17090.00000 0.0413186
17100.00000 0.0361804
17110.00000 0.0314913
17120.00000 0.0276973
17130.00000 0.0241916
17140.00000 0.0211378
17150.00000 0.0185415
17160.00000 0.0161589
17170.00000 0.0141773
17180.00000 0.0124118
17190.00000 0.0108176
17200.00000 0.00952961
17210.00000 0.00834443
17220.00000 0.00732565
17230.00000 0.00645481
17240.00000 0.00565806
17250.00000 0.0050041
17260.00000 0.00442068
17270.00000 0.00390305
17280.00000 0.00347709
17290.00000 0.00308441
17300.00000 0.00274754
17310.00000 0.00245322
17320.00000 0.00218182
17330.00000 0.00195491
17340.00000 0.00174697
17350.00000 0.00155978
17360.00000 0.00140256
17370.00000 0.0012562
17380.00000 0.00112788
17390.00000 0.00101284
19129.00000 0.0
