threeML/data/optical_filters/JWST/NIRISS-F430M.ecsv
# %ECSV 0.9
# ---
# datatype:
# - {name: wavelength, unit: Angstrom, datatype: float32}
# - {name: response, datatype: float32}
# meta: !!omap
# - {band_name: F430M}
# - {group_name: NIRISS}
wavelength response
36981.00000 0.0
41090.00000 0.00104465
41100.00000 0.00110704
41110.00000 0.00117013
41120.00000 0.0012364
41130.00000 0.00131362
41140.00000 0.00139739
41150.00000 0.00148409
41160.00000 0.00157349
41170.00000 0.00166782
41180.00000 0.00177669
41190.00000 0.001892
41200.00000 0.00201173
41210.00000 0.00214107
41220.00000 0.00228453
41230.00000 0.00244076
41240.00000 0.00260981
41250.00000 0.00278982
41260.00000 0.00298382
41270.00000 0.00319457
41280.00000 0.00342578
41290.00000 0.00367839
41300.00000 0.00394776
41310.00000 0.0042369
41320.00000 0.00455183
41330.00000 0.00490807
41340.00000 0.00528749
41350.00000 0.00569385
41360.00000 0.00614048
41370.00000 0.00664334
41380.00000 0.00718959
41390.00000 0.00777976
41400.00000 0.00842593
41410.00000 0.00915166
41420.00000 0.00994538
41430.00000 0.0108087
41440.00000 0.0117692
41450.00000 0.0128343
41460.00000 0.014
41470.00000 0.0152746
41480.00000 0.0167233
41490.00000 0.0183202
41500.00000 0.0200691
41510.00000 0.0219868
41520.00000 0.0241944
41530.00000 0.0266274
41540.00000 0.0292967
41550.00000 0.0322361
41560.00000 0.0356353
41570.00000 0.0393863
41580.00000 0.0435133
41590.00000 0.0481058
41600.00000 0.0533724
41610.00000 0.059193
41620.00000 0.0656075
41630.00000 0.0728054
41640.00000 0.0809782
41650.00000 0.0899743
41660.00000 0.0998442
41670.00000 0.110973
41680.00000 0.123422
41690.00000 0.136999
41700.00000 0.15176
41710.00000 0.168301
41720.00000 0.186396
41730.00000 0.205878
41740.00000 0.226774
41750.00000 0.249802
41760.00000 0.274317
41770.00000 0.300174
41780.00000 0.327339
41790.00000 0.356283
41800.00000 0.386223
41810.00000 0.417048
41820.00000 0.448644
41830.00000 0.480714
41840.00000 0.512769
41850.00000 0.544645
41860.00000 0.576037
41870.00000 0.60641
41880.00000 0.635737
41890.00000 0.663817
41900.00000 0.690005
41910.00000 0.713948
41920.00000 0.73603
41930.00000 0.756208
41940.00000 0.773836
41950.00000 0.789168
41960.00000 0.802605
41970.00000 0.814182
41980.00000 0.823251
41990.00000 0.830576
42000.00000 0.8365
42010.00000 0.841151
42020.00000 0.844142
42030.00000 0.846191
42040.00000 0.847428
42050.00000 0.847918
42060.00000 0.847631
42070.00000 0.846989
42080.00000 0.846051
42090.00000 0.844859
42100.00000 0.843509
42110.00000 0.842122
42120.00000 0.840732
42130.00000 0.839392
42140.00000 0.838181
42150.00000 0.837102
42160.00000 0.836168
42170.00000 0.835445
42180.00000 0.834938
42190.00000 0.83461
42200.00000 0.834465
42210.00000 0.834567
42220.00000 0.834873
42230.00000 0.835347
42240.00000 0.835983
42250.00000 0.836848
42260.00000 0.837853
42270.00000 0.83898
42280.00000 0.840219
42290.00000 0.841609
42300.00000 0.843079
42310.00000 0.844621
42320.00000 0.846228
42330.00000 0.847887
42340.00000 0.84957
42350.00000 0.85127
42360.00000 0.852981
42370.00000 0.854681
42380.00000 0.856363
42390.00000 0.85802
42400.00000 0.859633
42410.00000 0.861179
42420.00000 0.862662
42430.00000 0.864076
42440.00000 0.865384
42450.00000 0.866585
42460.00000 0.867682
42470.00000 0.868665
42480.00000 0.869469
42490.00000 0.870117
42500.00000 0.870621
42510.00000 0.870978
42520.00000 0.871088
42530.00000 0.871011
42540.00000 0.870748
42550.00000 0.870286
42560.00000 0.869519
42570.00000 0.868543
42580.00000 0.867347
42590.00000 0.865887
42600.00000 0.864078
42610.00000 0.862012
42620.00000 0.859682
42630.00000 0.857027
42640.00000 0.853984
42650.00000 0.850642
42660.00000 0.847001
42670.00000 0.842979
42680.00000 0.83863
42690.00000 0.834085
42700.00000 0.829403
42710.00000 0.824736
42720.00000 0.820314
42730.00000 0.816225
42740.00000 0.812558
42750.00000 0.809781
42760.00000 0.80772
42770.00000 0.806276
42780.00000 0.805419
42790.00000 0.805293
42800.00000 0.805477
42810.00000 0.805854
42820.00000 0.806296
42830.00000 0.806554
42840.00000 0.806532
42850.00000 0.806161
42860.00000 0.805279
42870.00000 0.80379
42880.00000 0.801951
42890.00000 0.799814
42900.00000 0.797411
42910.00000 0.794904
42920.00000 0.792408
42930.00000 0.789957
42940.00000 0.787614
42950.00000 0.785398
42960.00000 0.783295
42970.00000 0.781311
42980.00000 0.779505
42990.00000 0.777857
43000.00000 0.776349
43010.00000 0.774987
43020.00000 0.77385
43030.00000 0.772877
43040.00000 0.772064
43050.00000 0.77142
43060.00000 0.771023
43070.00000 0.770792
43080.00000 0.770725
43090.00000 0.770842
43100.00000 0.771189
43110.00000 0.771692
43120.00000 0.772348
43130.00000 0.773182
43140.00000 0.774202
43150.00000 0.775351
43160.00000 0.776622
43170.00000 0.778039
43180.00000 0.779582
43190.00000 0.781213
43200.00000 0.782926
43210.00000 0.784716
43220.00000 0.786551
43230.00000 0.78841
43240.00000 0.790282
43250.00000 0.79214
43260.00000 0.793954
43270.00000 0.79571
43280.00000 0.797397
43290.00000 0.798937
43300.00000 0.800355
43310.00000 0.801634
43320.00000 0.802745
43330.00000 0.803596
43340.00000 0.804249
43350.00000 0.804695
43360.00000 0.804885
43370.00000 0.804741
43380.00000 0.804348
43390.00000 0.803701
43400.00000 0.802735
43410.00000 0.801423
43420.00000 0.799849
43430.00000 0.798015
43440.00000 0.795846
43450.00000 0.793382
43460.00000 0.790687
43470.00000 0.787773
43480.00000 0.784583
43490.00000 0.781198
43500.00000 0.777659
43510.00000 0.773981
43520.00000 0.770146
43530.00000 0.76625
43540.00000 0.762312
43550.00000 0.758351
43560.00000 0.754407
43570.00000 0.750531
43580.00000 0.746738
43590.00000 0.743061
43600.00000 0.739583
43610.00000 0.736273
43620.00000 0.733147
43630.00000 0.730268
43640.00000 0.72768
43650.00000 0.725312
43660.00000 0.723162
43670.00000 0.721296
43680.00000 0.719655
43690.00000 0.718157
43700.00000 0.716781
43710.00000 0.715505
43720.00000 0.714202
43730.00000 0.712791
43740.00000 0.711213
43750.00000 0.709243
43760.00000 0.706835
43770.00000 0.703907
43780.00000 0.700362
43790.00000 0.695652
43800.00000 0.690038
43810.00000 0.683457
43820.00000 0.675751
43830.00000 0.666258
43840.00000 0.655494
43850.00000 0.643434
43860.00000 0.629877
43870.00000 0.614379
43880.00000 0.597543
43890.00000 0.57941
43900.00000 0.559756
43910.00000 0.538644
43920.00000 0.516477
43930.00000 0.493356
43940.00000 0.469233
43950.00000 0.444464
43960.00000 0.419318
43970.00000 0.393901
43980.00000 0.368411
43990.00000 0.343194
44000.00000 0.318365
44010.00000 0.294004
44020.00000 0.270562
44030.00000 0.248075
44040.00000 0.226539
44050.00000 0.206016
44060.00000 0.187128
44070.00000 0.169359
44080.00000 0.152734
44090.00000 0.137402
44100.00000 0.123659
44110.00000 0.110976
44120.00000 0.0993244
44130.00000 0.088867
44140.00000 0.0796334
44150.00000 0.0712255
44160.00000 0.0636
44170.00000 0.0568853
44180.00000 0.0509632
44190.00000 0.045612
44200.00000 0.0407916
44210.00000 0.0366028
44220.00000 0.0328872
44230.00000 0.0295314
44240.00000 0.0265094
44250.00000 0.0239044
44260.00000 0.0215727
44270.00000 0.0194636
44280.00000 0.0175581
44290.00000 0.0159206
44300.00000 0.0144345
44310.00000 0.0130861
44320.00000 0.0118734
44330.00000 0.0108145
44340.00000 0.00984924
44350.00000 0.00897029
44360.00000 0.00817877
44370.00000 0.00748133
44380.00000 0.00684019
44390.00000 0.0062526
44400.00000 0.00572639
44410.00000 0.00525685
44420.00000 0.00482646
44430.00000 0.00443229
44440.00000 0.00407808
44450.00000 0.00375705
44460.00000 0.00346195
44470.00000 0.00319133
44480.00000 0.00294895
44490.00000 0.00272773
44500.00000 0.00252227
44510.00000 0.00233088
44520.00000 0.0021624
44530.00000 0.00200552
44540.00000 0.00185981
44550.00000 0.0017257
44560.00000 0.00160256
44570.00000 0.00148967
44580.00000 0.00138523
44590.00000 0.00128774
44600.00000 0.00119908
44610.00000 0.00111492
44620.00000 0.00103544
49082.00000 0.0
