threeML/data/optical_filters/JWST/NIRISS-F140M.ecsv
# %ECSV 0.9
# ---
# datatype:
# - {name: wavelength, unit: Angstrom, datatype: float32}
# - {name: response, datatype: float32}
# meta: !!omap
# - {band_name: F140M}
# - {group_name: NIRISS}
wavelength response
11628.00000 0.0
12920.00000 0.00104765
12930.00000 0.00124729
12940.00000 0.00148812
12950.00000 0.00178672
12960.00000 0.00215017
12970.00000 0.00260243
12980.00000 0.00315154
12990.00000 0.00383001
13000.00000 0.00466655
13010.00000 0.00563848
13020.00000 0.00683665
13030.00000 0.0082892
13040.00000 0.0100008
13050.00000 0.0119799
13060.00000 0.0142067
13070.00000 0.0167077
13080.00000 0.0192957
13090.00000 0.0221028
13100.00000 0.0250588
13110.00000 0.0282553
13120.00000 0.0317201
13130.00000 0.0355976
13140.00000 0.0399685
13150.00000 0.0449627
13160.00000 0.050904
13170.00000 0.057915
13180.00000 0.0662752
13190.00000 0.0761786
13200.00000 0.0877655
13210.00000 0.10142
13220.00000 0.117449
13230.00000 0.136471
13240.00000 0.159178
13250.00000 0.18561
13260.00000 0.216624
13270.00000 0.251747
13280.00000 0.292674
13290.00000 0.339274
13300.00000 0.390983
13310.00000 0.44675
13320.00000 0.505213
13330.00000 0.565867
13340.00000 0.625876
13350.00000 0.684511
13360.00000 0.737709
13370.00000 0.7839
13380.00000 0.824294
13390.00000 0.857272
13400.00000 0.88365
13410.00000 0.902517
13420.00000 0.914731
13430.00000 0.923782
13440.00000 0.931255
13450.00000 0.935619
13460.00000 0.937873
13470.00000 0.938238
13480.00000 0.939441
13490.00000 0.939617
13500.00000 0.939646
13510.00000 0.937439
13520.00000 0.936178
13530.00000 0.93582
13540.00000 0.934036
13550.00000 0.933488
13560.00000 0.93124
13570.00000 0.93041
13580.00000 0.930957
13590.00000 0.932698
13600.00000 0.934249
13610.00000 0.93433
13620.00000 0.935363
13630.00000 0.937869
13640.00000 0.939689
13650.00000 0.940323
13660.00000 0.940381
13670.00000 0.939062
13680.00000 0.936194
13690.00000 0.935133
13700.00000 0.933603
13710.00000 0.930429
13720.00000 0.925668
13730.00000 0.922829
13740.00000 0.919902
13750.00000 0.916835
13760.00000 0.914349
13770.00000 0.910248
13780.00000 0.906084
13790.00000 0.903373
13800.00000 0.901153
13810.00000 0.89903
13820.00000 0.894828
13830.00000 0.892647
13840.00000 0.890014
13850.00000 0.88847
13860.00000 0.887486
13870.00000 0.884938
13880.00000 0.883616
13890.00000 0.883024
13900.00000 0.884887
13910.00000 0.884917
13920.00000 0.885632
13930.00000 0.885037
13940.00000 0.883287
13950.00000 0.883453
13960.00000 0.885011
13970.00000 0.88382
13980.00000 0.881728
13990.00000 0.881275
14000.00000 0.880898
14010.00000 0.879533
14020.00000 0.88142
14030.00000 0.883858
14040.00000 0.883167
14050.00000 0.88473
14060.00000 0.885897
14070.00000 0.887488
14080.00000 0.890258
14090.00000 0.894509
14100.00000 0.897523
14110.00000 0.90006
14120.00000 0.904297
14130.00000 0.907136
14140.00000 0.909065
14150.00000 0.912687
14160.00000 0.916481
14170.00000 0.920486
14180.00000 0.922367
14190.00000 0.92385
14200.00000 0.926209
14210.00000 0.928735
14220.00000 0.929938
14230.00000 0.932194
14240.00000 0.931848
14250.00000 0.932552
14260.00000 0.933779
14270.00000 0.933641
14280.00000 0.933284
14290.00000 0.931955
14300.00000 0.93193
14310.00000 0.931168
14320.00000 0.929086
14330.00000 0.925607
14340.00000 0.921773
14350.00000 0.920677
14360.00000 0.918429
14370.00000 0.916612
14380.00000 0.915272
14390.00000 0.913971
14400.00000 0.91271
14410.00000 0.913005
14420.00000 0.913579
14430.00000 0.91457
14440.00000 0.916647
14450.00000 0.918386
14460.00000 0.919594
14470.00000 0.921117
14480.00000 0.924234
14490.00000 0.927004
14500.00000 0.930119
14510.00000 0.930949
14520.00000 0.931695
14530.00000 0.936012
14540.00000 0.939225
14550.00000 0.94135
14560.00000 0.943049
14570.00000 0.945265
14580.00000 0.947183
14590.00000 0.948747
14600.00000 0.950306
14610.00000 0.949242
14620.00000 0.94899
14630.00000 0.947571
14640.00000 0.945812
14650.00000 0.94158
14660.00000 0.936642
14670.00000 0.931534
14680.00000 0.923939
14690.00000 0.913935
14700.00000 0.900069
14710.00000 0.881648
14720.00000 0.857405
14730.00000 0.829519
14740.00000 0.795207
14750.00000 0.753125
14760.00000 0.705399
14770.00000 0.65263
14780.00000 0.597019
14790.00000 0.539486
14800.00000 0.482714
14810.00000 0.425702
14820.00000 0.371599
14830.00000 0.321887
14840.00000 0.277969
14850.00000 0.238753
14860.00000 0.20437
14870.00000 0.174904
14880.00000 0.149691
14890.00000 0.128574
14900.00000 0.110805
14910.00000 0.0963564
14920.00000 0.083631
14930.00000 0.0729642
14940.00000 0.0642225
14950.00000 0.0568577
14960.00000 0.0505178
14970.00000 0.0448948
14980.00000 0.0398971
14990.00000 0.0351744
15000.00000 0.030887
15010.00000 0.026889
15020.00000 0.0230846
15030.00000 0.0196157
15040.00000 0.0164898
15050.00000 0.0137765
15060.00000 0.0115106
15070.00000 0.00963108
15080.00000 0.00808932
15090.00000 0.00683801
15100.00000 0.00581807
15110.00000 0.00496407
15120.00000 0.00424715
15130.00000 0.00365065
15140.00000 0.00315104
15150.00000 0.00273506
15160.00000 0.00238178
15170.00000 0.00208237
15180.00000 0.00182228
15190.00000 0.00160019
15200.00000 0.00141035
15210.00000 0.00124659
15220.00000 0.00110572
16742.00000 0.0
