threeML/data/optical_filters/JWST/NIRISS-F277W.ecsv
# %ECSV 0.9
# ---
# datatype:
# - {name: wavelength, unit: Angstrom, datatype: float32}
# - {name: response, datatype: float32}
# meta: !!omap
# - {band_name: F277W}
# - {group_name: NIRISS}
wavelength response
21195.00000 0.0
23550.00000 0.00103536
23560.00000 0.00118241
23570.00000 0.00135157
23580.00000 0.00154708
23590.00000 0.00177359
23600.00000 0.00203607
23610.00000 0.00234956
23620.00000 0.00272256
23630.00000 0.00316017
23640.00000 0.00367311
23650.00000 0.00427271
23660.00000 0.00497191
23670.00000 0.00580328
23680.00000 0.00678225
23690.00000 0.00790988
23700.00000 0.00919894
23710.00000 0.0106621
23720.00000 0.0123088
23730.00000 0.0141655
23740.00000 0.0162224
23750.00000 0.0184457
23760.00000 0.0208193
23770.00000 0.023325
23780.00000 0.0259402
23790.00000 0.0286417
23800.00000 0.0313906
23810.00000 0.0341555
23820.00000 0.036923
23830.00000 0.0396843
23840.00000 0.0424376
23850.00000 0.045194
23860.00000 0.0479839
23870.00000 0.0508394
23880.00000 0.0537989
23890.00000 0.0569085
23900.00000 0.0602186
23910.00000 0.0638383
23920.00000 0.0678506
23930.00000 0.0723032
23940.00000 0.0772759
23950.00000 0.0828517
23960.00000 0.0891254
23970.00000 0.0963613
23980.00000 0.104675
23990.00000 0.114135
24000.00000 0.124904
24010.00000 0.137142
24020.00000 0.15103
24030.00000 0.167123
24040.00000 0.185546
24050.00000 0.206328
24060.00000 0.229625
24070.00000 0.255562
24080.00000 0.284203
24090.00000 0.315972
24100.00000 0.350371
24110.00000 0.386807
24120.00000 0.424807
24130.00000 0.463793
24140.00000 0.503068
24150.00000 0.541579
24160.00000 0.578297
24170.00000 0.612592
24180.00000 0.643865
24190.00000 0.671661
24200.00000 0.695655
24210.00000 0.714947
24220.00000 0.730134
24230.00000 0.74179
24240.00000 0.750288
24250.00000 0.756072
24260.00000 0.759626
24270.00000 0.761234
24280.00000 0.761713
24290.00000 0.761519
24300.00000 0.760957
24310.00000 0.760281
24320.00000 0.759693
24330.00000 0.759428
24340.00000 0.759567
24350.00000 0.760127
24360.00000 0.761115
24370.00000 0.762523
24380.00000 0.764323
24390.00000 0.766536
24400.00000 0.769026
24410.00000 0.771716
24420.00000 0.774548
24430.00000 0.777467
24440.00000 0.780414
24450.00000 0.783324
24460.00000 0.786148
24470.00000 0.788857
24480.00000 0.791428
24490.00000 0.793844
24500.00000 0.7961
24510.00000 0.798162
24520.00000 0.800072
24530.00000 0.801849
24540.00000 0.803513
24550.00000 0.805083
24560.00000 0.806585
24570.00000 0.808041
24580.00000 0.809493
24590.00000 0.81096
24600.00000 0.81246
24610.00000 0.814009
24620.00000 0.815621
24630.00000 0.817328
24640.00000 0.819121
24650.00000 0.820996
24660.00000 0.82295
24670.00000 0.824974
24680.00000 0.827059
24690.00000 0.829208
24700.00000 0.831385
24710.00000 0.833568
24720.00000 0.835739
24730.00000 0.83788
24740.00000 0.839976
24750.00000 0.841983
24760.00000 0.843891
24770.00000 0.845686
24780.00000 0.847351
24790.00000 0.848875
24800.00000 0.850248
24810.00000 0.851423
24820.00000 0.852426
24830.00000 0.853255
24840.00000 0.853912
24850.00000 0.854402
24860.00000 0.854727
24870.00000 0.854856
24880.00000 0.854841
24890.00000 0.854697
24900.00000 0.854436
24910.00000 0.85407
24920.00000 0.853609
24930.00000 0.853056
24940.00000 0.852442
24950.00000 0.851779
24960.00000 0.851081
24970.00000 0.85036
24980.00000 0.849623
24990.00000 0.848876
25000.00000 0.848129
25010.00000 0.847397
25020.00000 0.84668
25030.00000 0.845977
25040.00000 0.845286
25050.00000 0.844621
25060.00000 0.843977
25070.00000 0.843351
25080.00000 0.842743
25090.00000 0.842151
25100.00000 0.84157
25110.00000 0.841
25120.00000 0.84044
25130.00000 0.839893
25140.00000 0.839352
25150.00000 0.838811
25160.00000 0.838272
25170.00000 0.83773
25180.00000 0.837188
25190.00000 0.836656
25200.00000 0.836136
25210.00000 0.835626
25220.00000 0.835121
25230.00000 0.834635
25240.00000 0.834176
25250.00000 0.833745
25260.00000 0.833356
25270.00000 0.833022
25280.00000 0.832762
25290.00000 0.83256
25300.00000 0.832401
25310.00000 0.832314
25320.00000 0.832322
25330.00000 0.832424
25340.00000 0.832583
25350.00000 0.832846
25360.00000 0.83319
25370.00000 0.833619
25380.00000 0.834159
25390.00000 0.834841
25400.00000 0.835654
25410.00000 0.836545
25420.00000 0.837495
25430.00000 0.838567
25440.00000 0.839768
25450.00000 0.841064
25460.00000 0.842432
25470.00000 0.843918
25480.00000 0.84545
25490.00000 0.847043
25500.00000 0.848679
25510.00000 0.850326
25520.00000 0.852006
25530.00000 0.85369
25540.00000 0.855381
25550.00000 0.857108
25560.00000 0.858893
25570.00000 0.860746
25580.00000 0.862649
25590.00000 0.864491
25600.00000 0.866345
25610.00000 0.868138
25620.00000 0.869808
25630.00000 0.871339
25640.00000 0.872806
25650.00000 0.874268
25660.00000 0.87563
25670.00000 0.876777
25680.00000 0.877764
25690.00000 0.878756
25700.00000 0.87985
25710.00000 0.880777
25720.00000 0.881719
25730.00000 0.882676
25740.00000 0.883535
25750.00000 0.884168
25760.00000 0.884647
25770.00000 0.885304
25780.00000 0.885872
25790.00000 0.886378
25800.00000 0.886941
25810.00000 0.887634
25820.00000 0.888067
25830.00000 0.888489
25840.00000 0.888981
25850.00000 0.889467
25860.00000 0.88986
25870.00000 0.890117
25880.00000 0.890362
25890.00000 0.8905
25900.00000 0.891033
25910.00000 0.89196
25920.00000 0.892926
25930.00000 0.893453
25940.00000 0.893623
25950.00000 0.893755
25960.00000 0.893929
25970.00000 0.894177
25980.00000 0.894452
25990.00000 0.894599
26000.00000 0.894187
26010.00000 0.893794
26020.00000 0.893765
26030.00000 0.893945
26040.00000 0.894163
26050.00000 0.894333
26060.00000 0.894484
26070.00000 0.894422
26080.00000 0.894271
26090.00000 0.894053
26100.00000 0.893695
26110.00000 0.8931
26120.00000 0.892508
26130.00000 0.892307
26140.00000 0.892074
26150.00000 0.891759
26160.00000 0.891496
26170.00000 0.891437
26180.00000 0.891074
26190.00000 0.890469
26200.00000 0.889821
26210.00000 0.889127
26220.00000 0.888389
26230.00000 0.887653
26240.00000 0.886927
26250.00000 0.886138
26260.00000 0.88536
26270.00000 0.884709
26280.00000 0.884152
26290.00000 0.883521
26300.00000 0.882941
26310.00000 0.882252
26320.00000 0.881322
26330.00000 0.880358
26340.00000 0.8795
26350.00000 0.878691
26360.00000 0.877593
26370.00000 0.876601
26380.00000 0.875866
26390.00000 0.875241
26400.00000 0.874642
26410.00000 0.874137
26420.00000 0.873822
26430.00000 0.873515
26440.00000 0.873199
26450.00000 0.872897
26460.00000 0.872626
26470.00000 0.872396
26480.00000 0.872291
26490.00000 0.872302
26500.00000 0.872288
26510.00000 0.872254
26520.00000 0.872233
26530.00000 0.872253
26540.00000 0.872322
26550.00000 0.872508
26560.00000 0.872774
26570.00000 0.873013
26580.00000 0.873172
26590.00000 0.873312
26600.00000 0.873679
26610.00000 0.874392
26620.00000 0.875236
26630.00000 0.876127
26640.00000 0.876932
26650.00000 0.877481
26660.00000 0.878321
26670.00000 0.879395
26680.00000 0.880166
26690.00000 0.880618
26700.00000 0.880808
26710.00000 0.880729
26720.00000 0.880839
26730.00000 0.881083
26740.00000 0.881492
26750.00000 0.881834
26760.00000 0.881899
26770.00000 0.881678
26780.00000 0.881872
26790.00000 0.882288
26800.00000 0.882728
26810.00000 0.883031
26820.00000 0.883149
26830.00000 0.883186
26840.00000 0.883243
26850.00000 0.883237
26860.00000 0.883309
26870.00000 0.883472
26880.00000 0.883695
26890.00000 0.883941
26900.00000 0.884387
26910.00000 0.884786
26920.00000 0.885088
26930.00000 0.885298
26940.00000 0.885444
26950.00000 0.885567
26960.00000 0.885738
26970.00000 0.885992
26980.00000 0.886178
26990.00000 0.886179
27000.00000 0.886014
27010.00000 0.885906
27020.00000 0.885916
27030.00000 0.886056
27040.00000 0.886307
27050.00000 0.88666
27060.00000 0.887112
27070.00000 0.887667
27080.00000 0.888197
27090.00000 0.888507
27100.00000 0.888719
27110.00000 0.888893
27120.00000 0.889056
27130.00000 0.889218
27140.00000 0.889336
27150.00000 0.889426
27160.00000 0.889592
27170.00000 0.889788
27180.00000 0.889965
27190.00000 0.890182
27200.00000 0.890655
27210.00000 0.891161
27220.00000 0.891503
27230.00000 0.891631
27240.00000 0.891572
27250.00000 0.891377
27260.00000 0.890779
27270.00000 0.890232
27280.00000 0.889859
27290.00000 0.889525
27300.00000 0.889117
27310.00000 0.888796
27320.00000 0.888646
27330.00000 0.888527
27340.00000 0.888502
27350.00000 0.888638
27360.00000 0.888938
27370.00000 0.889263
27380.00000 0.889392
27390.00000 0.889292
27400.00000 0.888958
27410.00000 0.888516
27420.00000 0.888112
27430.00000 0.887789
27440.00000 0.887329
27450.00000 0.886642
27460.00000 0.885859
27470.00000 0.885136
27480.00000 0.884586
27490.00000 0.884215
27500.00000 0.884038
27510.00000 0.884132
27520.00000 0.884305
27530.00000 0.884366
27540.00000 0.884219
27550.00000 0.883959
27560.00000 0.883696
27570.00000 0.883454
27580.00000 0.883316
27590.00000 0.88323
27600.00000 0.88304
27610.00000 0.882511
27620.00000 0.881953
27630.00000 0.881697
27640.00000 0.881646
27650.00000 0.881691
27660.00000 0.881762
27670.00000 0.881881
27680.00000 0.881833
27690.00000 0.881707
27700.00000 0.881603
27710.00000 0.881564
27720.00000 0.881585
27730.00000 0.881608
27740.00000 0.881637
27750.00000 0.881699
27760.00000 0.881746
27770.00000 0.881815
27780.00000 0.881971
27790.00000 0.882213
27800.00000 0.882508
27810.00000 0.882822
27820.00000 0.883206
27830.00000 0.883663
27840.00000 0.884146
27850.00000 0.884581
27860.00000 0.884915
27870.00000 0.885194
27880.00000 0.885466
27890.00000 0.885757
27900.00000 0.886068
27910.00000 0.886366
27920.00000 0.886534
27930.00000 0.886645
27940.00000 0.88677
27950.00000 0.886948
27960.00000 0.887182
27970.00000 0.887446
27980.00000 0.887777
27990.00000 0.888156
28000.00000 0.888515
28010.00000 0.888807
28020.00000 0.889016
28030.00000 0.889167
28040.00000 0.88929
28050.00000 0.889393
28060.00000 0.889458
28070.00000 0.889456
28080.00000 0.889357
28090.00000 0.88916
28100.00000 0.888997
28110.00000 0.888899
28120.00000 0.888829
28130.00000 0.888757
28140.00000 0.888675
28150.00000 0.888613
28160.00000 0.888576
28170.00000 0.888532
28180.00000 0.888466
28190.00000 0.88837
28200.00000 0.888245
28210.00000 0.888101
28220.00000 0.887981
28230.00000 0.887885
28240.00000 0.887789
28250.00000 0.887676
28260.00000 0.887552
28270.00000 0.887448
28280.00000 0.887403
28290.00000 0.887402
28300.00000 0.88744
28310.00000 0.887506
28320.00000 0.887586
28330.00000 0.887677
28340.00000 0.887796
28350.00000 0.88794
28360.00000 0.8881
28370.00000 0.888272
28380.00000 0.888457
28390.00000 0.888651
28400.00000 0.888856
28410.00000 0.889085
28420.00000 0.889339
28430.00000 0.889618
28440.00000 0.889922
28450.00000 0.890267
28460.00000 0.890651
28470.00000 0.891043
28480.00000 0.891448
28490.00000 0.891875
28500.00000 0.89233
28510.00000 0.892805
28520.00000 0.893273
28530.00000 0.893729
28540.00000 0.894174
28550.00000 0.894613
28560.00000 0.895059
28570.00000 0.895522
28580.00000 0.895976
28590.00000 0.896409
28600.00000 0.896825
28610.00000 0.897233
28620.00000 0.89765
28630.00000 0.898076
28640.00000 0.898491
28650.00000 0.898888
28660.00000 0.89927
28670.00000 0.899647
28680.00000 0.900021
28690.00000 0.900385
28700.00000 0.900723
28710.00000 0.901038
28720.00000 0.901332
28730.00000 0.901611
28740.00000 0.901882
28750.00000 0.902143
28760.00000 0.902382
28770.00000 0.9026
28780.00000 0.902802
28790.00000 0.902997
28800.00000 0.90319
28810.00000 0.903375
28820.00000 0.903544
28830.00000 0.903702
28840.00000 0.903852
28850.00000 0.903994
28860.00000 0.904127
28870.00000 0.904248
28880.00000 0.904355
28890.00000 0.904451
28900.00000 0.904538
28910.00000 0.904617
28920.00000 0.904692
28930.00000 0.904755
28940.00000 0.90481
28950.00000 0.904863
28960.00000 0.904921
28970.00000 0.904983
28980.00000 0.90504
28990.00000 0.905077
29000.00000 0.905104
29010.00000 0.905124
29020.00000 0.905133
29030.00000 0.905128
29040.00000 0.905109
29050.00000 0.905072
29060.00000 0.905008
29070.00000 0.904926
29080.00000 0.904837
29090.00000 0.904742
29100.00000 0.904635
29110.00000 0.904511
29120.00000 0.904375
29130.00000 0.904227
29140.00000 0.904063
29150.00000 0.903882
29160.00000 0.903684
29170.00000 0.903471
29180.00000 0.903248
29190.00000 0.903017
29200.00000 0.902772
29210.00000 0.90251
29220.00000 0.902231
29230.00000 0.901933
29240.00000 0.901623
29250.00000 0.901307
29260.00000 0.900983
29270.00000 0.900649
29280.00000 0.900302
29290.00000 0.899942
29300.00000 0.899584
29310.00000 0.899229
29320.00000 0.898877
29330.00000 0.898528
29340.00000 0.898184
29350.00000 0.897847
29360.00000 0.89752
29370.00000 0.897205
29380.00000 0.896904
29390.00000 0.896615
29400.00000 0.89634
29410.00000 0.896083
29420.00000 0.895846
29430.00000 0.895631
29440.00000 0.895439
29450.00000 0.895265
29460.00000 0.895107
29470.00000 0.894974
29480.00000 0.894868
29490.00000 0.894788
29500.00000 0.894734
29510.00000 0.894707
29520.00000 0.894702
29530.00000 0.894719
29540.00000 0.894762
29550.00000 0.894832
29560.00000 0.894929
29570.00000 0.895047
29580.00000 0.895185
29590.00000 0.895341
29600.00000 0.89551
29610.00000 0.895695
29620.00000 0.895897
29630.00000 0.896113
29640.00000 0.896339
29650.00000 0.896573
29660.00000 0.896811
29670.00000 0.897048
29680.00000 0.897284
29690.00000 0.897517
29700.00000 0.897745
29710.00000 0.897962
29720.00000 0.898166
29730.00000 0.898354
29740.00000 0.898525
29750.00000 0.89868
29760.00000 0.898818
29770.00000 0.898931
29780.00000 0.89902
29790.00000 0.899085
29800.00000 0.899124
29810.00000 0.899138
29820.00000 0.899126
29830.00000 0.89908
29840.00000 0.899009
29850.00000 0.898907
29860.00000 0.898776
29870.00000 0.898618
29880.00000 0.898433
29890.00000 0.89822
29900.00000 0.897985
29910.00000 0.89773
29920.00000 0.897456
29930.00000 0.897165
29940.00000 0.896857
29950.00000 0.89653
29960.00000 0.89619
29970.00000 0.895839
29980.00000 0.895481
29990.00000 0.89512
30000.00000 0.894758
30010.00000 0.8944
30020.00000 0.894046
30030.00000 0.8937
30040.00000 0.893365
30050.00000 0.893044
30060.00000 0.892741
30070.00000 0.892462
30080.00000 0.892206
30090.00000 0.891972
30100.00000 0.891765
30110.00000 0.891585
30120.00000 0.891436
30130.00000 0.891326
30140.00000 0.891252
30150.00000 0.891212
30160.00000 0.891208
30170.00000 0.891241
30180.00000 0.891314
30190.00000 0.891433
30200.00000 0.891585
30210.00000 0.891771
30220.00000 0.891989
30230.00000 0.892237
30240.00000 0.892517
30250.00000 0.892832
30260.00000 0.893176
30270.00000 0.893544
30280.00000 0.893935
30290.00000 0.894348
30300.00000 0.894781
30310.00000 0.895235
30320.00000 0.895703
30330.00000 0.896182
30340.00000 0.89667
30350.00000 0.897161
30360.00000 0.897649
30370.00000 0.898133
30380.00000 0.898606
30390.00000 0.89907
30400.00000 0.89952
30410.00000 0.899955
30420.00000 0.900372
30430.00000 0.90076
30440.00000 0.901127
30450.00000 0.901469
30460.00000 0.901784
30470.00000 0.902072
30480.00000 0.90233
30490.00000 0.90255
30500.00000 0.902737
30510.00000 0.902891
30520.00000 0.903011
30530.00000 0.903098
30540.00000 0.903148
30550.00000 0.90316
30560.00000 0.903137
30570.00000 0.903084
30580.00000 0.903003
30590.00000 0.902894
30600.00000 0.90276
30610.00000 0.902598
30620.00000 0.902418
30630.00000 0.902221
30640.00000 0.902011
30650.00000 0.901791
30660.00000 0.901563
30670.00000 0.901327
30680.00000 0.901088
30690.00000 0.90085
30700.00000 0.900615
30710.00000 0.900385
30720.00000 0.90016
30730.00000 0.89995
30740.00000 0.899753
30750.00000 0.899573
30760.00000 0.899411
30770.00000 0.899269
30780.00000 0.899157
30790.00000 0.899072
30800.00000 0.899011
30810.00000 0.898978
30820.00000 0.898975
30830.00000 0.898999
30840.00000 0.899054
30850.00000 0.899139
30860.00000 0.899253
30870.00000 0.899389
30880.00000 0.899548
30890.00000 0.899733
30900.00000 0.899936
30910.00000 0.900154
30920.00000 0.900378
30930.00000 0.900604
30940.00000 0.900825
30950.00000 0.901033
30960.00000 0.901213
30970.00000 0.901352
30980.00000 0.901438
30990.00000 0.901465
31000.00000 0.901422
31010.00000 0.901291
31020.00000 0.901042
31030.00000 0.900641
31040.00000 0.900084
31050.00000 0.899349
31060.00000 0.898412
31070.00000 0.897245
31080.00000 0.895786
31090.00000 0.893983
31100.00000 0.891835
31110.00000 0.889306
31120.00000 0.886366
31130.00000 0.882981
31140.00000 0.87903
31150.00000 0.87446
31160.00000 0.869293
31170.00000 0.863492
31180.00000 0.857017
31190.00000 0.849821
31200.00000 0.841767
31210.00000 0.832829
31220.00000 0.823063
31230.00000 0.812443
31240.00000 0.800949
31250.00000 0.788578
31260.00000 0.775198
31270.00000 0.760823
31280.00000 0.745587
31290.00000 0.729512
31300.00000 0.712625
31310.00000 0.694968
31320.00000 0.676477
31330.00000 0.657282
31340.00000 0.637525
31350.00000 0.617286
31360.00000 0.596632
31370.00000 0.575634
31380.00000 0.554376
31390.00000 0.532985
31400.00000 0.511562
31410.00000 0.490203
31420.00000 0.468985
31430.00000 0.447986
31440.00000 0.427334
31450.00000 0.407106
31460.00000 0.38733
31470.00000 0.368054
31480.00000 0.349327
31490.00000 0.331184
31500.00000 0.313754
31510.00000 0.29704
31520.00000 0.280987
31530.00000 0.265602
31540.00000 0.250895
31550.00000 0.236863
31560.00000 0.223613
31570.00000 0.211067
31580.00000 0.199159
31590.00000 0.187872
31600.00000 0.177188
31610.00000 0.167086
31620.00000 0.157643
31630.00000 0.148763
31640.00000 0.140388
31650.00000 0.132495
31660.00000 0.125063
31670.00000 0.118063
31680.00000 0.111553
31690.00000 0.105449
31700.00000 0.0997043
31710.00000 0.094303
31720.00000 0.0892236
31730.00000 0.0844479
31740.00000 0.0800135
31750.00000 0.075852
31760.00000 0.0719354
31770.00000 0.0682507
31780.00000 0.0647831
31790.00000 0.0615227
31800.00000 0.0584884
31810.00000 0.0556382
31820.00000 0.0529528
31830.00000 0.0504201
31840.00000 0.048032
31850.00000 0.0457831
31860.00000 0.0436851
31870.00000 0.0417111
31880.00000 0.0398457
31890.00000 0.0380826
31900.00000 0.0364165
31910.00000 0.0348447
31920.00000 0.0333723
31930.00000 0.031982
31940.00000 0.0306638
31950.00000 0.0294142
31960.00000 0.0282306
31970.00000 0.0271093
31980.00000 0.026056
31990.00000 0.0250576
32000.00000 0.024105
32010.00000 0.0231986
32020.00000 0.0223384
32030.00000 0.0215202
32040.00000 0.0207505
32050.00000 0.0200178
32060.00000 0.0193168
32070.00000 0.0186478
32080.00000 0.0180102
32090.00000 0.0173993
32100.00000 0.0168228
32110.00000 0.0162696
32120.00000 0.0157376
32130.00000 0.0152271
32140.00000 0.0147379
32150.00000 0.0142663
32160.00000 0.0138194
32170.00000 0.0133873
32180.00000 0.0129708
32190.00000 0.0125698
32200.00000 0.0121835
32210.00000 0.0118096
32220.00000 0.0114537
32230.00000 0.011107
32240.00000 0.0107719
32250.00000 0.0104475
32260.00000 0.0101326
32270.00000 0.00982722
32280.00000 0.00953521
32290.00000 0.00924991
32300.00000 0.00897386
32310.00000 0.00870578
32320.00000 0.00844389
32330.00000 0.00818908
32340.00000 0.00794249
32350.00000 0.00770084
32360.00000 0.007466
32370.00000 0.00723648
32380.00000 0.00701081
32390.00000 0.00679157
32400.00000 0.00657929
32410.00000 0.0063721
32420.00000 0.00617101
32430.00000 0.00597436
32440.00000 0.0057807
32450.00000 0.00559263
32460.00000 0.00540878
32470.00000 0.00522909
32480.00000 0.00505391
32490.00000 0.00488219
32500.00000 0.00471359
32510.00000 0.00455094
32520.00000 0.00439151
32530.00000 0.0042365
32540.00000 0.00408536
32550.00000 0.00393703
32560.00000 0.0037916
32570.00000 0.00365221
32580.00000 0.00351615
32590.00000 0.00338393
32600.00000 0.00325467
32610.00000 0.00312794
32620.00000 0.00300442
32630.00000 0.00288694
32640.00000 0.00277312
32650.00000 0.00266401
32660.00000 0.00255839
32670.00000 0.00245523
32680.00000 0.00235447
32690.00000 0.00225793
32700.00000 0.0021637
32710.00000 0.00207398
32720.00000 0.00198757
32730.00000 0.00190344
32740.00000 0.00182132
32750.00000 0.00174291
32760.00000 0.00166665
32770.00000 0.00159465
32780.00000 0.00152564
32790.00000 0.00145898
32800.00000 0.00139487
32810.00000 0.00133476
32820.00000 0.00127563
32830.00000 0.00122029
32840.00000 0.00116755
32850.00000 0.00111685
32860.00000 0.00106845
32870.00000 0.00102343
36157.00000 0.0
