threeML/data/optical_filters/JWST/NIRISS-F380M.ecsv
# %ECSV 0.9
# ---
# datatype:
# - {name: wavelength, unit: Angstrom, datatype: float32}
# - {name: response, datatype: float32}
# meta: !!omap
# - {band_name: F380M}
# - {group_name: NIRISS}
wavelength response
32751.00000 0.0
36390.00000 0.00101059
36400.00000 0.00104488
36410.00000 0.00107982
36420.00000 0.00112067
36430.00000 0.00116152
36440.00000 0.00120385
36450.00000 0.00124763
36460.00000 0.00129141
36470.00000 0.00134055
36480.00000 0.00139101
36490.00000 0.00144321
36500.00000 0.00150236
36510.00000 0.00156151
36520.00000 0.00163123
36530.00000 0.00171154
36540.00000 0.00179183
36550.00000 0.00188876
36560.00000 0.00198754
36570.00000 0.00209215
36580.00000 0.00221991
36590.00000 0.00234767
36600.00000 0.00248873
36610.00000 0.00263859
36620.00000 0.00278845
36630.00000 0.00296588
36640.00000 0.00314634
36650.00000 0.00333438
36660.00000 0.00354013
36670.00000 0.00374594
36680.00000 0.00398592
36690.00000 0.0042487
36700.00000 0.00451154
36710.00000 0.00484955
36720.00000 0.00519593
36730.00000 0.00555969
36740.00000 0.00596369
36750.00000 0.0063677
36760.00000 0.00684141
36770.00000 0.0073614
36780.00000 0.00788139
36790.00000 0.00851296
36800.00000 0.00914467
36810.00000 0.00982927
36820.00000 0.0106376
36830.00000 0.0114461
36840.00000 0.0123722
36850.00000 0.0133487
36860.00000 0.0143254
36870.00000 0.0156374
36880.00000 0.0169494
36890.00000 0.0183924
36900.00000 0.0200326
36910.00000 0.0216723
36920.00000 0.0237055
36930.00000 0.025908
36940.00000 0.0281643
36950.00000 0.0309085
36960.00000 0.0336534
36970.00000 0.0367801
36980.00000 0.0404807
36990.00000 0.0441814
37000.00000 0.0486151
37010.00000 0.0532308
37020.00000 0.0579809
37030.00000 0.0639434
37040.00000 0.0699044
37050.00000 0.0766724
37060.00000 0.0846534
37070.00000 0.0926324
37080.00000 0.102116
37090.00000 0.111978
37100.00000 0.122154
37110.00000 0.135182
37120.00000 0.148209
37130.00000 0.162601
37140.00000 0.178352
37150.00000 0.194104
37160.00000 0.213372
37170.00000 0.233514
37180.00000 0.25428
37190.00000 0.277551
37200.00000 0.300816
37210.00000 0.326422
37220.00000 0.354369
37230.00000 0.382323
37240.00000 0.411883
37250.00000 0.441622
37260.00000 0.471881
37270.00000 0.504179
37280.00000 0.536478
37290.00000 0.567739
37300.00000 0.598297
37310.00000 0.628855
37320.00000 0.658147
37330.00000 0.687291
37340.00000 0.714902
37350.00000 0.738938
37360.00000 0.76298
37370.00000 0.784098
37380.00000 0.803272
37390.00000 0.822451
37400.00000 0.83766
37410.00000 0.852429
37420.00000 0.865693
37430.00000 0.875439
37440.00000 0.885185
37450.00000 0.892873
37460.00000 0.899191
37470.00000 0.905509
37480.00000 0.908803
37490.00000 0.912098
37500.00000 0.914795
37510.00000 0.916098
37520.00000 0.917402
37530.00000 0.917671
37540.00000 0.917496
37550.00000 0.917322
37560.00000 0.916144
37570.00000 0.914966
37580.00000 0.913568
37590.00000 0.911839
37600.00000 0.91011
37610.00000 0.908081
37620.00000 0.905922
37630.00000 0.903755
37640.00000 0.901506
37650.00000 0.899256
37660.00000 0.896954
37670.00000 0.894572
37680.00000 0.892191
37690.00000 0.889925
37700.00000 0.887689
37710.00000 0.88547
37720.00000 0.883404
37730.00000 0.881338
37740.00000 0.879338
37750.00000 0.877438
37760.00000 0.875539
37770.00000 0.873933
37780.00000 0.872401
37790.00000 0.870897
37800.00000 0.869641
37810.00000 0.868385
37820.00000 0.867316
37830.00000 0.866436
37840.00000 0.865555
37850.00000 0.864922
37860.00000 0.864351
37870.00000 0.863851
37880.00000 0.863637
37890.00000 0.863422
37900.00000 0.863383
37910.00000 0.863518
37920.00000 0.863653
37930.00000 0.864058
37940.00000 0.864493
37950.00000 0.864985
37960.00000 0.865708
37970.00000 0.866432
37980.00000 0.867266
37990.00000 0.868175
38000.00000 0.869084
38010.00000 0.870195
38020.00000 0.871328
38030.00000 0.872492
38040.00000 0.873732
38050.00000 0.874972
38060.00000 0.876292
38070.00000 0.877667
38080.00000 0.879042
38090.00000 0.880385
38100.00000 0.881728
38110.00000 0.883063
38120.00000 0.884377
38130.00000 0.885691
38140.00000 0.886995
38150.00000 0.888291
38160.00000 0.889587
38170.00000 0.89074
38180.00000 0.891892
38190.00000 0.893021
38200.00000 0.894095
38210.00000 0.895169
38220.00000 0.896125
38230.00000 0.897032
38240.00000 0.897939
38250.00000 0.898735
38260.00000 0.89953
38270.00000 0.900257
38280.00000 0.90088
38290.00000 0.901503
38300.00000 0.90204
38310.00000 0.90254
38320.00000 0.903028
38330.00000 0.903404
38340.00000 0.90378
38350.00000 0.904152
38360.00000 0.904516
38370.00000 0.90488
38380.00000 0.905225
38390.00000 0.905564
38400.00000 0.905905
38410.00000 0.906257
38420.00000 0.906609
38430.00000 0.906959
38440.00000 0.907308
38450.00000 0.907657
38460.00000 0.908042
38470.00000 0.908436
38480.00000 0.908841
38490.00000 0.909344
38500.00000 0.909846
38510.00000 0.910392
38520.00000 0.910981
38530.00000 0.91157
38540.00000 0.912241
38550.00000 0.912931
38560.00000 0.913622
38570.00000 0.914315
38580.00000 0.915008
38590.00000 0.915711
38600.00000 0.916425
38610.00000 0.917139
38620.00000 0.917819
38630.00000 0.918496
38640.00000 0.919173
38650.00000 0.919847
38660.00000 0.920522
38670.00000 0.921146
38680.00000 0.921737
38690.00000 0.922328
38700.00000 0.9228
38710.00000 0.92326
38720.00000 0.923653
38730.00000 0.923893
38740.00000 0.924133
38750.00000 0.924238
38760.00000 0.924254
38770.00000 0.92427
38780.00000 0.924078
38790.00000 0.923886
38800.00000 0.923643
38810.00000 0.923283
38820.00000 0.922923
38830.00000 0.922456
38840.00000 0.921918
38850.00000 0.92138
38860.00000 0.920724
38870.00000 0.920067
38880.00000 0.91937
38890.00000 0.918575
38900.00000 0.917781
38910.00000 0.916947
38920.00000 0.916096
38930.00000 0.915246
38940.00000 0.914307
38950.00000 0.913368
38960.00000 0.912436
38970.00000 0.911514
38980.00000 0.910593
38990.00000 0.909579
39000.00000 0.908527
39010.00000 0.907444
39020.00000 0.906087
39030.00000 0.904729
39040.00000 0.903029
39050.00000 0.900815
39060.00000 0.8986
39070.00000 0.895374
39080.00000 0.891896
39090.00000 0.888191
39100.00000 0.882442
39110.00000 0.876695
39120.00000 0.869612
39130.00000 0.861192
39140.00000 0.852775
39150.00000 0.841019
39160.00000 0.828429
39170.00000 0.815066
39180.00000 0.798629
39190.00000 0.782193
39200.00000 0.763516
39210.00000 0.742606
39220.00000 0.721696
39230.00000 0.696792
39240.00000 0.670897
39250.00000 0.644502
39260.00000 0.616099
39270.00000 0.587702
39280.00000 0.558033
39290.00000 0.527092
39300.00000 0.496144
39310.00000 0.466794
39320.00000 0.437622
39330.00000 0.408657
39340.00000 0.38056
39350.00000 0.352463
39360.00000 0.326844
39370.00000 0.302886
39380.00000 0.278927
39390.00000 0.257447
39400.00000 0.236237
39410.00000 0.216331
39420.00000 0.199457
39430.00000 0.182579
39440.00000 0.167347
39450.00000 0.153209
39460.00000 0.139067
39470.00000 0.128258
39480.00000 0.117449
39490.00000 0.107237
39500.00000 0.0984145
39510.00000 0.0895945
39520.00000 0.0822943
39530.00000 0.0756444
39540.00000 0.0689962
39550.00000 0.0637935
39560.00000 0.0585895
39570.00000 0.053677
39580.00000 0.0494409
39590.00000 0.0452038
39600.00000 0.0416902
39610.00000 0.0384862
39620.00000 0.0352821
39630.00000 0.0326627
39640.00000 0.0300439
39650.00000 0.0276759
39660.00000 0.0256838
39670.00000 0.0236921
39680.00000 0.0219493
39690.00000 0.0203126
39700.00000 0.0187164
39710.00000 0.0174796
39720.00000 0.0162428
39730.00000 0.0150927
39740.00000 0.0140735
39750.00000 0.0130544
39760.00000 0.0122144
39770.00000 0.0114195
39780.00000 0.0106367
39790.00000 0.00996266
39800.00000 0.00928879
39810.00000 0.00868707
39820.00000 0.00815737
39830.00000 0.0076278
39840.00000 0.00716253
39850.00000 0.00671331
39860.00000 0.0062824
39870.00000 0.00592524
39880.00000 0.00556808
39890.00000 0.00523916
39900.00000 0.00493867
39910.00000 0.00463817
39920.00000 0.00436767
39930.00000 0.00410473
39940.00000 0.00385308
39950.00000 0.00364658
39960.00000 0.00344003
39970.00000 0.00324855
39980.00000 0.00307209
39990.00000 0.00289558
40000.00000 0.00274775
40010.00000 0.00260311
40020.00000 0.00246186
40030.00000 0.0023342
40040.00000 0.00220648
40050.00000 0.00209514
40060.00000 0.00199466
40070.00000 0.00189418
40080.00000 0.00180988
40090.00000 0.00172738
40100.00000 0.00164957
40110.00000 0.00158285
40120.00000 0.00151612
40130.00000 0.00145377
40140.00000 0.00139432
40150.00000 0.00133487
40160.00000 0.00129397
40170.00000 0.00125304
40180.00000 0.0012157
40190.00000 0.00118663
40200.00000 0.00115756
40210.00000 0.00113227
40220.00000 0.0011086
40230.00000 0.00108493
40240.00000 0.00105855
40250.00000 0.00103218
40260.00000 0.00100631
44286.00000 0.0
