threeML/data/optical_filters/PAN_STARRS/PS1-z.ecsv
# %ECSV 0.9
# ---
# datatype:
# - {name: wavelength, unit: Angstrom, datatype: float32}
# - {name: response, datatype: float32}
# meta: !!omap
# - {band_name: z}
# - {group_name: PS1}
wavelength response
7065.00000 0.0
7850.00000 0.001
7860.00000 0.001
7870.00000 0.001
7880.00000 0.001
7890.00000 0.001
7900.00000 0.001
7910.00000 0.001
7920.00000 0.001
7930.00000 0.001
7940.00000 0.002
7950.00000 0.002
7960.00000 0.002
7970.00000 0.003
7980.00000 0.004
7990.00000 0.005
8000.00000 0.006
8010.00000 0.007
8020.00000 0.008
8030.00000 0.009
8040.00000 0.012
8050.00000 0.015
8060.00000 0.019
8070.00000 0.025
8080.00000 0.034
8090.00000 0.045
8100.00000 0.06
8110.00000 0.079
8120.00000 0.101
8130.00000 0.129
8140.00000 0.16
8150.00000 0.203
8160.00000 0.252
8170.00000 0.318
8180.00000 0.397
8190.00000 0.499
8200.00000 0.588
8210.00000 0.696
8220.00000 0.761
8230.00000 0.75
8240.00000 0.833
8250.00000 0.849
8260.00000 0.85
8270.00000 0.863
8280.00000 0.839
8290.00000 0.86
8300.00000 0.858
8310.00000 0.857
8320.00000 0.845
8330.00000 0.862
8340.00000 0.857
8350.00000 0.867
8360.00000 0.867
8370.00000 0.877
8380.00000 0.879
8390.00000 0.88
8400.00000 0.88
8410.00000 0.876
8420.00000 0.873
8430.00000 0.871
8440.00000 0.869
8450.00000 0.869
8460.00000 0.868
8470.00000 0.868
8480.00000 0.867
8490.00000 0.866
8500.00000 0.865
8510.00000 0.863
8520.00000 0.861
8530.00000 0.858
8540.00000 0.855
8550.00000 0.854
8560.00000 0.852
8570.00000 0.85
8580.00000 0.848
8590.00000 0.848
8600.00000 0.849
8610.00000 0.85
8620.00000 0.851
8630.00000 0.85
8640.00000 0.849
8650.00000 0.849
8660.00000 0.848
8670.00000 0.846
8680.00000 0.845
8690.00000 0.843
8700.00000 0.84
8710.00000 0.839
8720.00000 0.837
8730.00000 0.835
8740.00000 0.833
8750.00000 0.832
8760.00000 0.831
8770.00000 0.829
8780.00000 0.827
8790.00000 0.824
8800.00000 0.82
8810.00000 0.816
8820.00000 0.81
8830.00000 0.806
8840.00000 0.801
8850.00000 0.796
8860.00000 0.792
8870.00000 0.79
8880.00000 0.787
8890.00000 0.786
8900.00000 0.783
8910.00000 0.783
8920.00000 0.781
8930.00000 0.777
8940.00000 0.773
8950.00000 0.764
8960.00000 0.747
8970.00000 0.723
8980.00000 0.727
8990.00000 0.671
9000.00000 0.719
9010.00000 0.697
9020.00000 0.71
9030.00000 0.691
9040.00000 0.73
9050.00000 0.725
9060.00000 0.714
9070.00000 0.687
9080.00000 0.688
9090.00000 0.694
9100.00000 0.683
9110.00000 0.691
9120.00000 0.68
9130.00000 0.666
9140.00000 0.653
9150.00000 0.659
9160.00000 0.625
9170.00000 0.642
9180.00000 0.592
9190.00000 0.59
9200.00000 0.549
9210.00000 0.504
9220.00000 0.429
9230.00000 0.361
9240.00000 0.283
9250.00000 0.214
9260.00000 0.158
9270.00000 0.116
9280.00000 0.079
9290.00000 0.057
9300.00000 0.039
9310.00000 0.028
9320.00000 0.019
9330.00000 0.014
9340.00000 0.01
9350.00000 0.008
9360.00000 0.006
9370.00000 0.005
9380.00000 0.004
9390.00000 0.004
9400.00000 0.004
9410.00000 0.003
9420.00000 0.002
9430.00000 0.002
9440.00000 0.002
9450.00000 0.001
9460.00000 0.001
9470.00000 0.001
9480.00000 0.001
9490.00000 0.001
9510.00000 0.001
10461.00000 0.0
