threeML/data/optical_filters/PAN_STARRS/PS1-r.ecsv
# %ECSV 0.9
# ---
# datatype:
# - {name: wavelength, unit: Angstrom, datatype: float32}
# - {name: response, datatype: float32}
# meta: !!omap
# - {band_name: r}
# - {group_name: PS1}
wavelength response
4761.00000 0.0
5290.00000 0.001
5300.00000 0.001
5310.00000 0.001
5320.00000 0.001
5330.00000 0.001
5340.00000 0.002
5350.00000 0.002
5360.00000 0.003
5370.00000 0.004
5380.00000 0.005
5390.00000 0.008
5400.00000 0.011
5410.00000 0.017
5420.00000 0.026
5430.00000 0.04
5440.00000 0.062
5450.00000 0.093
5460.00000 0.134
5470.00000 0.184
5480.00000 0.242
5490.00000 0.305
5500.00000 0.367
5510.00000 0.423
5520.00000 0.469
5530.00000 0.504
5540.00000 0.528
5550.00000 0.544
5560.00000 0.556
5570.00000 0.565
5580.00000 0.57
5590.00000 0.575
5600.00000 0.578
5610.00000 0.582
5620.00000 0.584
5630.00000 0.586
5640.00000 0.588
5650.00000 0.59
5660.00000 0.591
5670.00000 0.592
5680.00000 0.592
5690.00000 0.591
5700.00000 0.591
5710.00000 0.589
5720.00000 0.586
5730.00000 0.583
5740.00000 0.581
5750.00000 0.582
5760.00000 0.586
5770.00000 0.592
5780.00000 0.599
5790.00000 0.606
5800.00000 0.612
5810.00000 0.615
5820.00000 0.617
5830.00000 0.617
5840.00000 0.616
5850.00000 0.614
5860.00000 0.611
5870.00000 0.609
5880.00000 0.609
5890.00000 0.61
5900.00000 0.615
5910.00000 0.621
5920.00000 0.623
5930.00000 0.623
5940.00000 0.621
5950.00000 0.621
5960.00000 0.624
5970.00000 0.628
5980.00000 0.633
5990.00000 0.638
6000.00000 0.641
6010.00000 0.642
6020.00000 0.644
6030.00000 0.647
6040.00000 0.649
6050.00000 0.651
6060.00000 0.652
6070.00000 0.653
6080.00000 0.654
6090.00000 0.655
6100.00000 0.655
6110.00000 0.656
6120.00000 0.656
6130.00000 0.657
6140.00000 0.656
6150.00000 0.653
6160.00000 0.648
6170.00000 0.643
6180.00000 0.64
6190.00000 0.64
6200.00000 0.642
6210.00000 0.645
6220.00000 0.648
6230.00000 0.647
6240.00000 0.646
6250.00000 0.646
6260.00000 0.648
6270.00000 0.652
6280.00000 0.641
6290.00000 0.655
6300.00000 0.657
6310.00000 0.662
6320.00000 0.662
6330.00000 0.66
6340.00000 0.66
6350.00000 0.66
6360.00000 0.663
6370.00000 0.668
6380.00000 0.673
6390.00000 0.678
6400.00000 0.681
6410.00000 0.684
6420.00000 0.685
6430.00000 0.686
6440.00000 0.687
6450.00000 0.686
6460.00000 0.685
6470.00000 0.684
6480.00000 0.683
6490.00000 0.683
6500.00000 0.685
6510.00000 0.686
6520.00000 0.684
6530.00000 0.686
6540.00000 0.687
6550.00000 0.684
6560.00000 0.684
6570.00000 0.682
6580.00000 0.682
6590.00000 0.681
6600.00000 0.679
6610.00000 0.677
6620.00000 0.675
6630.00000 0.672
6640.00000 0.669
6650.00000 0.666
6660.00000 0.664
6670.00000 0.663
6680.00000 0.663
6690.00000 0.663
6700.00000 0.663
6710.00000 0.662
6720.00000 0.662
6730.00000 0.66
6740.00000 0.658
6750.00000 0.655
6760.00000 0.652
6770.00000 0.649
6780.00000 0.644
6790.00000 0.639
6800.00000 0.633
6810.00000 0.626
6820.00000 0.617
6830.00000 0.608
6840.00000 0.595
6850.00000 0.579
6860.00000 0.556
6870.00000 0.427
6880.00000 0.428
6890.00000 0.391
6900.00000 0.346
6910.00000 0.305
6920.00000 0.255
6930.00000 0.204
6940.00000 0.156
6950.00000 0.116
6960.00000 0.084
6970.00000 0.06
6980.00000 0.042
6990.00000 0.029
7000.00000 0.021
7010.00000 0.015
7020.00000 0.011
7030.00000 0.008
7040.00000 0.006
7050.00000 0.005
7060.00000 0.004
7070.00000 0.003
7080.00000 0.002
7090.00000 0.002
7100.00000 0.001
7110.00000 0.001
7120.00000 0.001
7130.00000 0.001
7843.00000 0.0
