threeML/data/optical_filters/PAN_STARRS/PS1-y.ecsv
# %ECSV 0.9
# ---
# datatype:
# - {name: wavelength, unit: Angstrom, datatype: float32}
# - {name: response, datatype: float32}
# meta: !!omap
# - {band_name: y}
# - {group_name: PS1}
wavelength response
8073.00000 0.0
8970.00000 0.001
8980.00000 0.001
8990.00000 0.001
9000.00000 0.001
9010.00000 0.002
9020.00000 0.002
9030.00000 0.002
9040.00000 0.002
9050.00000 0.002
9060.00000 0.003
9070.00000 0.003
9080.00000 0.003
9090.00000 0.005
9100.00000 0.006
9110.00000 0.009
9120.00000 0.015
9130.00000 0.024
9140.00000 0.04
9150.00000 0.066
9160.00000 0.098
9170.00000 0.152
9180.00000 0.199
9190.00000 0.271
9200.00000 0.335
9210.00000 0.403
9220.00000 0.451
9230.00000 0.506
9240.00000 0.539
9250.00000 0.565
9260.00000 0.591
9270.00000 0.615
9280.00000 0.597
9290.00000 0.601
9300.00000 0.57
9310.00000 0.543
9320.00000 0.501
9330.00000 0.486
9340.00000 0.435
9350.00000 0.464
9360.00000 0.401
9370.00000 0.435
9380.00000 0.441
9390.00000 0.513
9400.00000 0.529
9410.00000 0.498
9420.00000 0.499
9430.00000 0.431
9440.00000 0.419
9450.00000 0.471
9460.00000 0.386
9470.00000 0.459
9480.00000 0.404
9490.00000 0.487
9500.00000 0.349
9510.00000 0.48
9520.00000 0.386
9530.00000 0.422
9540.00000 0.435
9550.00000 0.413
9560.00000 0.402
9570.00000 0.388
9580.00000 0.412
9590.00000 0.395
9600.00000 0.401
9610.00000 0.401
9620.00000 0.394
9630.00000 0.399
9640.00000 0.386
9650.00000 0.387
9660.00000 0.382
9670.00000 0.381
9680.00000 0.388
9690.00000 0.39
9700.00000 0.378
9710.00000 0.38
9720.00000 0.368
9730.00000 0.358
9740.00000 0.349
9750.00000 0.341
9760.00000 0.337
9770.00000 0.335
9780.00000 0.327
9790.00000 0.326
9800.00000 0.315
9810.00000 0.318
9820.00000 0.311
9830.00000 0.302
9840.00000 0.301
9850.00000 0.292
9860.00000 0.29
9870.00000 0.282
9880.00000 0.274
9890.00000 0.268
9900.00000 0.26
9910.00000 0.255
9920.00000 0.25
9930.00000 0.243
9940.00000 0.238
9950.00000 0.232
9960.00000 0.227
9970.00000 0.221
9980.00000 0.216
9990.00000 0.211
10000.00000 0.205
10010.00000 0.2
10020.00000 0.195
10030.00000 0.189
10040.00000 0.183
10050.00000 0.178
10060.00000 0.173
10070.00000 0.168
10080.00000 0.162
10090.00000 0.157
10100.00000 0.152
10110.00000 0.147
10120.00000 0.141
10130.00000 0.136
10140.00000 0.131
10150.00000 0.127
10160.00000 0.124
10170.00000 0.12
10180.00000 0.116
10190.00000 0.111
10200.00000 0.106
10210.00000 0.102
10220.00000 0.097
10230.00000 0.094
10240.00000 0.091
10250.00000 0.088
10260.00000 0.084
10270.00000 0.081
10280.00000 0.078
10290.00000 0.075
10300.00000 0.071
10310.00000 0.067
10320.00000 0.064
10330.00000 0.06
10340.00000 0.057
10350.00000 0.055
10360.00000 0.053
10370.00000 0.05
10380.00000 0.048
10390.00000 0.045
10400.00000 0.043
10410.00000 0.041
10420.00000 0.039
10430.00000 0.037
10440.00000 0.036
10450.00000 0.035
10460.00000 0.034
10470.00000 0.033
10480.00000 0.032
10490.00000 0.03
10500.00000 0.029
10510.00000 0.028
10520.00000 0.027
10530.00000 0.026
10540.00000 0.025
10550.00000 0.024
10560.00000 0.023
10570.00000 0.022
10580.00000 0.021
10590.00000 0.02
10600.00000 0.019
10610.00000 0.018
10620.00000 0.017
10630.00000 0.016
10640.00000 0.015
10650.00000 0.015
10660.00000 0.014
10670.00000 0.014
10680.00000 0.013
10690.00000 0.012
10700.00000 0.012
10710.00000 0.011
10720.00000 0.011
10730.00000 0.011
10740.00000 0.01
10750.00000 0.01
10760.00000 0.009
10770.00000 0.009
10780.00000 0.008
10790.00000 0.008
10800.00000 0.008
10810.00000 0.007
10820.00000 0.007
10830.00000 0.007
10840.00000 0.006
10850.00000 0.006
10860.00000 0.006
10870.00000 0.006
10880.00000 0.005
10890.00000 0.005
10900.00000 0.005
10910.00000 0.005
10920.00000 0.004
10930.00000 0.004
10940.00000 0.004
10950.00000 0.004
10960.00000 0.003
10970.00000 0.003
10980.00000 0.003
10990.00000 0.003
11000.00000 0.002
12100.00000 0.0
