threeML/data/optical_filters/PAN_STARRS/PS1-open.ecsv
# %ECSV 0.9
# ---
# datatype:
# - {name: wavelength, unit: Angstrom, datatype: float32}
# - {name: response, datatype: float32}
# meta: !!omap
# - {band_name: open}
# - {group_name: PS1}
wavelength response
3420.00000 0.0
3800.00000 0.096
3810.00000 0.099
3820.00000 0.103
3830.00000 0.106
3840.00000 0.11
3850.00000 0.113
3860.00000 0.117
3870.00000 0.121
3880.00000 0.125
3890.00000 0.129
3900.00000 0.133
3910.00000 0.137
3920.00000 0.142
3930.00000 0.146
3940.00000 0.151
3950.00000 0.156
3960.00000 0.161
3970.00000 0.166
3980.00000 0.171
3990.00000 0.176
4000.00000 0.182
4010.00000 0.188
4020.00000 0.194
4030.00000 0.199
4040.00000 0.205
4050.00000 0.21
4060.00000 0.217
4070.00000 0.223
4080.00000 0.228
4090.00000 0.235
4100.00000 0.242
4110.00000 0.248
4120.00000 0.254
4130.00000 0.261
4140.00000 0.268
4150.00000 0.276
4160.00000 0.284
4170.00000 0.291
4180.00000 0.298
4190.00000 0.305
4200.00000 0.312
4210.00000 0.318
4220.00000 0.324
4230.00000 0.331
4240.00000 0.338
4250.00000 0.344
4260.00000 0.351
4270.00000 0.356
4280.00000 0.362
4290.00000 0.368
4300.00000 0.374
4310.00000 0.38
4320.00000 0.386
4330.00000 0.392
4340.00000 0.398
4350.00000 0.403
4360.00000 0.409
4370.00000 0.415
4380.00000 0.42
4390.00000 0.425
4400.00000 0.43
4410.00000 0.436
4420.00000 0.442
4430.00000 0.447
4440.00000 0.451
4450.00000 0.455
4460.00000 0.46
4470.00000 0.465
4480.00000 0.47
4490.00000 0.474
4500.00000 0.478
4510.00000 0.482
4520.00000 0.486
4530.00000 0.49
4540.00000 0.493
4550.00000 0.497
4560.00000 0.5
4570.00000 0.503
4580.00000 0.506
4590.00000 0.509
4600.00000 0.512
4610.00000 0.514
4620.00000 0.517
4630.00000 0.52
4640.00000 0.521
4650.00000 0.525
4660.00000 0.528
4670.00000 0.53
4680.00000 0.532
4690.00000 0.534
4700.00000 0.537
4710.00000 0.539
4720.00000 0.541
4730.00000 0.542
4740.00000 0.543
4750.00000 0.544
4760.00000 0.545
4770.00000 0.547
4780.00000 0.548
4790.00000 0.55
4800.00000 0.552
4810.00000 0.554
4820.00000 0.555
4830.00000 0.557
4840.00000 0.558
4850.00000 0.559
4860.00000 0.561
4870.00000 0.562
4880.00000 0.564
4890.00000 0.565
4900.00000 0.567
4910.00000 0.568
4920.00000 0.57
4930.00000 0.572
4940.00000 0.574
4950.00000 0.575
4960.00000 0.577
4970.00000 0.579
4980.00000 0.581
4990.00000 0.582
5000.00000 0.582
5010.00000 0.583
5020.00000 0.584
5030.00000 0.585
5040.00000 0.587
5050.00000 0.589
5060.00000 0.591
5070.00000 0.594
5080.00000 0.596
5090.00000 0.598
5100.00000 0.601
5110.00000 0.602
5120.00000 0.604
5130.00000 0.605
5140.00000 0.607
5150.00000 0.609
5160.00000 0.611
5170.00000 0.613
5180.00000 0.615
5190.00000 0.616
5200.00000 0.617
5210.00000 0.618
5220.00000 0.62
5230.00000 0.622
5240.00000 0.624
5250.00000 0.626
5260.00000 0.627
5270.00000 0.629
5280.00000 0.63
5290.00000 0.632
5300.00000 0.634
5310.00000 0.635
5320.00000 0.637
5330.00000 0.64
5340.00000 0.643
5350.00000 0.645
5360.00000 0.647
5370.00000 0.649
5380.00000 0.651
5390.00000 0.653
5400.00000 0.654
5410.00000 0.656
5420.00000 0.659
5430.00000 0.661
5440.00000 0.663
5450.00000 0.667
5460.00000 0.67
5470.00000 0.671
5480.00000 0.672
5490.00000 0.673
5500.00000 0.675
5510.00000 0.678
5520.00000 0.682
5530.00000 0.685
5540.00000 0.688
5550.00000 0.689
5560.00000 0.69
5570.00000 0.691
5580.00000 0.691
5590.00000 0.693
5600.00000 0.695
5610.00000 0.697
5620.00000 0.699
5630.00000 0.701
5640.00000 0.703
5650.00000 0.705
5660.00000 0.707
5670.00000 0.709
5680.00000 0.71
5690.00000 0.712
5700.00000 0.714
5710.00000 0.716
5720.00000 0.717
5730.00000 0.718
5740.00000 0.719
5750.00000 0.721
5760.00000 0.724
5770.00000 0.726
5780.00000 0.729
5790.00000 0.732
5800.00000 0.735
5810.00000 0.738
5820.00000 0.741
5830.00000 0.744
5840.00000 0.746
5850.00000 0.748
5860.00000 0.75
5870.00000 0.752
5880.00000 0.754
5890.00000 0.752
5900.00000 0.754
5910.00000 0.758
5920.00000 0.759
5930.00000 0.762
5940.00000 0.764
5950.00000 0.766
5960.00000 0.769
5970.00000 0.77
5980.00000 0.772
5990.00000 0.774
6000.00000 0.776
6010.00000 0.778
6020.00000 0.779
6030.00000 0.781
6040.00000 0.784
6050.00000 0.786
6060.00000 0.788
6070.00000 0.79
6080.00000 0.792
6090.00000 0.795
6100.00000 0.797
6110.00000 0.799
6120.00000 0.801
6130.00000 0.804
6140.00000 0.806
6150.00000 0.807
6160.00000 0.808
6170.00000 0.81
6180.00000 0.812
6190.00000 0.814
6200.00000 0.817
6210.00000 0.82
6220.00000 0.823
6230.00000 0.824
6240.00000 0.825
6250.00000 0.825
6260.00000 0.826
6270.00000 0.828
6280.00000 0.808
6290.00000 0.823
6300.00000 0.823
6310.00000 0.832
6320.00000 0.836
6330.00000 0.84
6340.00000 0.843
6350.00000 0.845
6360.00000 0.847
6370.00000 0.85
6380.00000 0.852
6390.00000 0.855
6400.00000 0.857
6410.00000 0.859
6420.00000 0.86
6430.00000 0.862
6440.00000 0.865
6450.00000 0.866
6460.00000 0.866
6470.00000 0.867
6480.00000 0.867
6490.00000 0.869
6500.00000 0.873
6510.00000 0.875
6520.00000 0.874
6530.00000 0.879
6540.00000 0.881
6550.00000 0.88
6560.00000 0.882
6570.00000 0.883
6580.00000 0.885
6590.00000 0.887
6600.00000 0.889
6610.00000 0.892
6620.00000 0.894
6630.00000 0.895
6640.00000 0.896
6650.00000 0.897
6660.00000 0.898
6670.00000 0.899
6680.00000 0.9
6690.00000 0.902
6700.00000 0.903
6710.00000 0.904
6720.00000 0.906
6730.00000 0.906
6740.00000 0.907
6750.00000 0.908
6760.00000 0.91
6770.00000 0.911
6780.00000 0.912
6790.00000 0.914
6800.00000 0.916
6810.00000 0.917
6820.00000 0.918
6830.00000 0.919
6840.00000 0.92
6850.00000 0.921
6860.00000 0.921
6870.00000 0.75
6880.00000 0.813
6890.00000 0.825
6900.00000 0.835
6910.00000 0.87
6920.00000 0.888
6930.00000 0.901
6940.00000 0.908
6950.00000 0.917
6960.00000 0.918
6970.00000 0.929
6980.00000 0.93
6990.00000 0.926
7000.00000 0.926
7010.00000 0.925
7020.00000 0.926
7030.00000 0.926
7040.00000 0.93
7050.00000 0.931
7060.00000 0.934
7070.00000 0.935
7080.00000 0.936
7090.00000 0.937
7100.00000 0.937
7110.00000 0.938
7120.00000 0.939
7130.00000 0.938
7140.00000 0.938
7150.00000 0.936
7160.00000 0.935
7170.00000 0.917
7180.00000 0.904
7190.00000 0.885
7200.00000 0.894
7210.00000 0.912
7220.00000 0.936
7230.00000 0.92
7240.00000 0.906
7250.00000 0.907
7260.00000 0.917
7270.00000 0.91
7280.00000 0.911
7290.00000 0.914
7300.00000 0.925
7310.00000 0.916
7320.00000 0.927
7330.00000 0.935
7340.00000 0.937
7350.00000 0.938
7360.00000 0.939
7370.00000 0.94
7380.00000 0.944
7390.00000 0.943
7400.00000 0.944
7410.00000 0.944
7420.00000 0.945
7430.00000 0.944
7440.00000 0.944
7450.00000 0.944
7460.00000 0.945
7470.00000 0.945
7480.00000 0.946
7490.00000 0.947
7500.00000 0.948
7510.00000 0.948
7520.00000 0.949
7530.00000 0.949
7540.00000 0.948
7550.00000 0.948
7560.00000 0.948
7570.00000 0.947
7580.00000 0.946
7590.00000 0.943
7600.00000 0.448
7610.00000 0.364
7620.00000 0.719
7630.00000 0.501
7640.00000 0.617
7650.00000 0.702
7660.00000 0.8
7670.00000 0.857
7680.00000 0.911
7690.00000 0.923
7700.00000 0.938
7710.00000 0.943
7720.00000 0.944
7730.00000 0.943
7740.00000 0.942
7750.00000 0.942
7760.00000 0.943
7770.00000 0.943
7780.00000 0.943
7790.00000 0.943
7800.00000 0.943
7810.00000 0.942
7820.00000 0.942
7830.00000 0.942
7840.00000 0.941
7850.00000 0.94
7860.00000 0.939
7870.00000 0.937
7880.00000 0.937
7890.00000 0.936
7900.00000 0.933
7910.00000 0.934
7920.00000 0.934
7930.00000 0.933
7940.00000 0.936
7950.00000 0.937
7960.00000 0.933
7970.00000 0.935
7980.00000 0.938
7990.00000 0.936
8000.00000 0.933
8010.00000 0.931
8020.00000 0.93
8030.00000 0.93
8040.00000 0.932
8050.00000 0.933
8060.00000 0.935
8070.00000 0.934
8080.00000 0.934
8090.00000 0.932
8100.00000 0.93
8110.00000 0.93
8120.00000 0.925
8130.00000 0.92
8140.00000 0.904
8150.00000 0.902
8160.00000 0.885
8170.00000 0.887
8180.00000 0.883
8190.00000 0.902
8200.00000 0.892
8210.00000 0.921
8220.00000 0.916
8230.00000 0.851
8240.00000 0.913
8250.00000 0.914
8260.00000 0.907
8270.00000 0.916
8280.00000 0.887
8290.00000 0.906
8300.00000 0.904
8310.00000 0.904
8320.00000 0.895
8330.00000 0.915
8340.00000 0.909
8350.00000 0.919
8360.00000 0.915
8370.00000 0.921
8380.00000 0.92
8390.00000 0.92
8400.00000 0.92
8410.00000 0.918
8420.00000 0.917
8430.00000 0.917
8440.00000 0.915
8450.00000 0.915
8460.00000 0.914
8470.00000 0.913
8480.00000 0.911
8490.00000 0.911
8500.00000 0.91
8510.00000 0.909
8520.00000 0.909
8530.00000 0.909
8540.00000 0.908
8550.00000 0.907
8560.00000 0.906
8570.00000 0.904
8580.00000 0.902
8590.00000 0.901
8600.00000 0.9
8610.00000 0.9
8620.00000 0.899
8630.00000 0.898
8640.00000 0.897
8650.00000 0.896
8660.00000 0.896
8670.00000 0.895
8680.00000 0.893
8690.00000 0.892
8700.00000 0.891
8710.00000 0.889
8720.00000 0.887
8730.00000 0.885
8740.00000 0.883
8750.00000 0.881
8760.00000 0.878
8770.00000 0.877
8780.00000 0.874
8790.00000 0.872
8800.00000 0.869
8810.00000 0.866
8820.00000 0.863
8830.00000 0.861
8840.00000 0.859
8850.00000 0.857
8860.00000 0.854
8870.00000 0.851
8880.00000 0.846
8890.00000 0.844
8900.00000 0.839
8910.00000 0.838
8920.00000 0.836
8930.00000 0.83
8940.00000 0.825
8950.00000 0.817
8960.00000 0.801
8970.00000 0.778
8980.00000 0.786
8990.00000 0.729
9000.00000 0.783
9010.00000 0.76
9020.00000 0.773
9030.00000 0.752
9040.00000 0.793
9050.00000 0.785
9060.00000 0.77
9070.00000 0.738
9080.00000 0.738
9090.00000 0.744
9100.00000 0.731
9110.00000 0.74
9120.00000 0.731
9130.00000 0.72
9140.00000 0.711
9150.00000 0.723
9160.00000 0.694
9170.00000 0.725
9180.00000 0.686
9190.00000 0.711
9200.00000 0.705
9210.00000 0.711
9220.00000 0.693
9230.00000 0.699
9240.00000 0.687
9250.00000 0.677
9260.00000 0.675
9270.00000 0.679
9280.00000 0.642
9290.00000 0.635
9300.00000 0.595
9310.00000 0.562
9320.00000 0.516
9330.00000 0.499
9340.00000 0.445
9350.00000 0.473
9360.00000 0.409
9370.00000 0.442
9380.00000 0.447
9390.00000 0.52
9400.00000 0.536
9410.00000 0.504
9420.00000 0.505
9430.00000 0.437
9440.00000 0.425
9450.00000 0.478
9460.00000 0.393
9470.00000 0.468
9480.00000 0.412
9490.00000 0.498
9500.00000 0.358
9510.00000 0.493
9520.00000 0.397
9530.00000 0.435
9540.00000 0.448
9550.00000 0.426
9560.00000 0.415
9570.00000 0.4
9580.00000 0.425
9590.00000 0.409
9600.00000 0.414
9610.00000 0.414
9620.00000 0.407
9630.00000 0.412
9640.00000 0.399
9650.00000 0.399
9660.00000 0.394
9670.00000 0.393
9680.00000 0.4
9690.00000 0.402
9700.00000 0.39
9710.00000 0.391
9720.00000 0.379
9730.00000 0.368
9740.00000 0.358
9750.00000 0.349
9760.00000 0.345
9770.00000 0.343
9780.00000 0.335
9790.00000 0.334
9800.00000 0.323
9810.00000 0.325
9820.00000 0.318
9830.00000 0.308
9840.00000 0.307
9850.00000 0.298
9860.00000 0.295
9870.00000 0.287
9880.00000 0.278
9890.00000 0.272
9900.00000 0.264
9910.00000 0.259
9920.00000 0.253
9930.00000 0.246
9940.00000 0.241
9950.00000 0.235
9960.00000 0.229
9970.00000 0.224
9980.00000 0.218
9990.00000 0.213
10000.00000 0.208
10010.00000 0.203
10020.00000 0.197
10030.00000 0.192
10040.00000 0.186
10050.00000 0.181
10060.00000 0.176
10070.00000 0.171
10080.00000 0.165
10090.00000 0.16
10100.00000 0.155
10110.00000 0.149
10120.00000 0.143
10130.00000 0.138
10140.00000 0.133
10150.00000 0.129
10160.00000 0.126
10170.00000 0.122
10180.00000 0.118
10190.00000 0.113
10200.00000 0.108
10210.00000 0.103
10220.00000 0.098
10230.00000 0.095
10240.00000 0.092
10250.00000 0.089
10260.00000 0.085
10270.00000 0.082
10280.00000 0.079
10290.00000 0.076
10300.00000 0.072
10310.00000 0.068
10320.00000 0.065
10330.00000 0.061
10340.00000 0.058
10350.00000 0.056
10360.00000 0.053
10370.00000 0.051
10380.00000 0.049
10390.00000 0.046
10400.00000 0.044
10410.00000 0.042
10420.00000 0.04
10430.00000 0.038
10440.00000 0.037
10450.00000 0.036
10460.00000 0.035
10470.00000 0.034
10480.00000 0.032
10490.00000 0.031
10500.00000 0.029
10510.00000 0.028
10520.00000 0.027
10530.00000 0.026
10540.00000 0.025
10550.00000 0.024
10560.00000 0.023
10570.00000 0.022
10580.00000 0.022
10590.00000 0.02
10600.00000 0.019
10610.00000 0.018
10620.00000 0.017
10630.00000 0.017
10640.00000 0.016
10650.00000 0.015
10660.00000 0.015
10670.00000 0.014
10680.00000 0.014
10690.00000 0.013
10700.00000 0.012
10710.00000 0.012
10720.00000 0.011
10730.00000 0.011
10740.00000 0.011
10750.00000 0.01
10760.00000 0.009
10770.00000 0.009
10780.00000 0.008
10790.00000 0.008
10800.00000 0.008
10810.00000 0.007
10820.00000 0.007
10830.00000 0.007
10840.00000 0.006
10850.00000 0.006
10860.00000 0.006
10870.00000 0.006
10880.00000 0.006
10890.00000 0.005
10900.00000 0.005
10910.00000 0.005
10920.00000 0.004
10930.00000 0.004
10940.00000 0.004
10950.00000 0.004
10960.00000 0.003
10970.00000 0.003
10980.00000 0.003
10990.00000 0.003
11000.00000 0.003
12100.00000 0.0
