threeML/data/optical_filters/PAN_STARRS/PS1-g.ecsv
# %ECSV 0.9
# ---
# datatype:
# - {name: wavelength, unit: Angstrom, datatype: float32}
# - {name: response, datatype: float32}
# meta: !!omap
# - {band_name: g}
# - {group_name: PS1}
wavelength response
3510.00000 0.0
3900.00000 0.001
3910.00000 0.001
3920.00000 0.001
3930.00000 0.002
3940.00000 0.004
3950.00000 0.007
3960.00000 0.012
3970.00000 0.021
3980.00000 0.035
3990.00000 0.053
4000.00000 0.073
4010.00000 0.096
4020.00000 0.118
4030.00000 0.135
4040.00000 0.147
4050.00000 0.157
4060.00000 0.163
4070.00000 0.167
4080.00000 0.171
4090.00000 0.175
4100.00000 0.181
4110.00000 0.186
4120.00000 0.192
4130.00000 0.199
4140.00000 0.204
4150.00000 0.206
4160.00000 0.208
4170.00000 0.211
4180.00000 0.217
4190.00000 0.225
4200.00000 0.233
4210.00000 0.24
4220.00000 0.246
4230.00000 0.249
4240.00000 0.25
4250.00000 0.25
4260.00000 0.253
4270.00000 0.259
4280.00000 0.268
4290.00000 0.277
4300.00000 0.286
4310.00000 0.295
4320.00000 0.3
4330.00000 0.302
4340.00000 0.302
4350.00000 0.304
4360.00000 0.309
4370.00000 0.316
4380.00000 0.323
4390.00000 0.33
4400.00000 0.336
4410.00000 0.34
4420.00000 0.341
4430.00000 0.342
4440.00000 0.344
4450.00000 0.348
4460.00000 0.354
4470.00000 0.361
4480.00000 0.368
4490.00000 0.374
4500.00000 0.38
4510.00000 0.386
4520.00000 0.392
4530.00000 0.396
4540.00000 0.398
4550.00000 0.398
4560.00000 0.394
4570.00000 0.388
4580.00000 0.384
4590.00000 0.382
4600.00000 0.384
4610.00000 0.388
4620.00000 0.393
4630.00000 0.396
4640.00000 0.396
4650.00000 0.396
4660.00000 0.397
4670.00000 0.397
4680.00000 0.399
4690.00000 0.4
4700.00000 0.401
4710.00000 0.402
4720.00000 0.403
4730.00000 0.405
4740.00000 0.408
4750.00000 0.413
4760.00000 0.418
4770.00000 0.424
4780.00000 0.431
4790.00000 0.437
4800.00000 0.441
4810.00000 0.444
4820.00000 0.446
4830.00000 0.448
4840.00000 0.451
4850.00000 0.453
4860.00000 0.456
4870.00000 0.458
4880.00000 0.46
4890.00000 0.46
4900.00000 0.459
4910.00000 0.455
4920.00000 0.451
4930.00000 0.45
4940.00000 0.453
4950.00000 0.459
4960.00000 0.463
4970.00000 0.467
4980.00000 0.471
4990.00000 0.472
5000.00000 0.471
5010.00000 0.468
5020.00000 0.466
5030.00000 0.463
5040.00000 0.459
5050.00000 0.457
5060.00000 0.456
5070.00000 0.455
5080.00000 0.456
5090.00000 0.456
5100.00000 0.457
5110.00000 0.458
5120.00000 0.459
5130.00000 0.461
5140.00000 0.465
5150.00000 0.469
5160.00000 0.473
5170.00000 0.475
5180.00000 0.476
5190.00000 0.475
5200.00000 0.473
5210.00000 0.472
5220.00000 0.473
5230.00000 0.473
5240.00000 0.474
5250.00000 0.473
5260.00000 0.472
5270.00000 0.474
5280.00000 0.477
5290.00000 0.483
5300.00000 0.489
5310.00000 0.495
5320.00000 0.498
5330.00000 0.5
5340.00000 0.501
5350.00000 0.502
5360.00000 0.502
5370.00000 0.502
5380.00000 0.502
5390.00000 0.502
5400.00000 0.501
5410.00000 0.5
5420.00000 0.496
5430.00000 0.493
5440.00000 0.489
5450.00000 0.486
5460.00000 0.481
5470.00000 0.467
5480.00000 0.438
5490.00000 0.39
5500.00000 0.323
5510.00000 0.248
5520.00000 0.175
5530.00000 0.113
5540.00000 0.068
5550.00000 0.041
5560.00000 0.025
5570.00000 0.015
5580.00000 0.009
5590.00000 0.006
5600.00000 0.003
5610.00000 0.002
5620.00000 0.002
5630.00000 0.001
5640.00000 0.001
5650.00000 0.001
5660.00000 0.001
6226.00000 0.0
