threeML/data/optical_filters/PAN_STARRS/PS1-i.ecsv
# %ECSV 0.9
# ---
# datatype:
# - {name: wavelength, unit: Angstrom, datatype: float32}
# - {name: response, datatype: float32}
# meta: !!omap
# - {band_name: i}
# - {group_name: PS1}
wavelength response
5985.00000 0.0
6650.00000 0.001
6660.00000 0.001
6670.00000 0.001
6680.00000 0.001
6690.00000 0.001
6700.00000 0.001
6710.00000 0.001
6720.00000 0.002
6730.00000 0.002
6740.00000 0.003
6750.00000 0.004
6760.00000 0.005
6770.00000 0.007
6780.00000 0.009
6790.00000 0.012
6800.00000 0.016
6810.00000 0.022
6820.00000 0.029
6830.00000 0.039
6840.00000 0.056
6850.00000 0.084
6860.00000 0.133
6870.00000 0.169
6880.00000 0.264
6890.00000 0.35
6900.00000 0.426
6910.00000 0.512
6920.00000 0.591
6930.00000 0.67
6940.00000 0.737
6950.00000 0.792
6960.00000 0.821
6970.00000 0.843
6980.00000 0.848
6990.00000 0.846
7000.00000 0.848
7010.00000 0.847
7020.00000 0.847
7030.00000 0.845
7040.00000 0.848
7050.00000 0.849
7060.00000 0.852
7070.00000 0.853
7080.00000 0.851
7090.00000 0.849
7100.00000 0.847
7110.00000 0.847
7120.00000 0.849
7130.00000 0.852
7140.00000 0.855
7150.00000 0.857
7160.00000 0.859
7170.00000 0.844
7180.00000 0.833
7190.00000 0.816
7200.00000 0.825
7210.00000 0.842
7220.00000 0.863
7230.00000 0.846
7240.00000 0.833
7250.00000 0.833
7260.00000 0.842
7270.00000 0.835
7280.00000 0.833
7290.00000 0.831
7300.00000 0.838
7310.00000 0.828
7320.00000 0.838
7330.00000 0.846
7340.00000 0.85
7350.00000 0.853
7360.00000 0.857
7370.00000 0.86
7380.00000 0.864
7390.00000 0.864
7400.00000 0.865
7410.00000 0.865
7420.00000 0.866
7430.00000 0.865
7440.00000 0.865
7450.00000 0.865
7460.00000 0.865
7470.00000 0.865
7480.00000 0.865
7490.00000 0.867
7500.00000 0.868
7510.00000 0.868
7520.00000 0.869
7530.00000 0.868
7540.00000 0.868
7550.00000 0.867
7560.00000 0.866
7570.00000 0.864
7580.00000 0.863
7590.00000 0.86
7600.00000 0.408
7610.00000 0.331
7620.00000 0.655
7630.00000 0.456
7640.00000 0.562
7650.00000 0.64
7660.00000 0.73
7670.00000 0.783
7680.00000 0.833
7690.00000 0.845
7700.00000 0.859
7710.00000 0.865
7720.00000 0.865
7730.00000 0.863
7740.00000 0.86
7750.00000 0.858
7760.00000 0.855
7770.00000 0.853
7780.00000 0.851
7790.00000 0.848
7800.00000 0.844
7810.00000 0.842
7820.00000 0.841
7830.00000 0.84
7840.00000 0.838
7850.00000 0.836
7860.00000 0.833
7870.00000 0.83
7880.00000 0.828
7890.00000 0.824
7900.00000 0.82
7910.00000 0.822
7920.00000 0.824
7930.00000 0.827
7940.00000 0.834
7950.00000 0.838
7960.00000 0.838
7970.00000 0.843
7980.00000 0.846
7990.00000 0.844
8000.00000 0.841
8010.00000 0.838
8020.00000 0.835
8030.00000 0.834
8040.00000 0.832
8050.00000 0.83
8060.00000 0.828
8070.00000 0.824
8080.00000 0.821
8090.00000 0.817
8100.00000 0.813
8110.00000 0.81
8120.00000 0.804
8130.00000 0.798
8140.00000 0.78
8150.00000 0.767
8160.00000 0.728
8170.00000 0.684
8180.00000 0.609
8190.00000 0.523
8200.00000 0.408
8210.00000 0.313
8220.00000 0.221
8230.00000 0.142
8240.00000 0.104
8250.00000 0.071
8260.00000 0.047
8270.00000 0.033
8280.00000 0.021
8290.00000 0.015
8300.00000 0.01
8310.00000 0.007
8320.00000 0.005
8330.00000 0.004
8340.00000 0.003
8350.00000 0.002
8360.00000 0.002
8370.00000 0.001
8380.00000 0.001
8390.00000 0.001
8400.00000 0.001
8410.00000 0.001
8420.00000 0.001
8430.00000 0.001
9273.00000 0.0
