threeML/data/optical_filters/PAN_STARRS/PS1-w.ecsv
# %ECSV 0.9
# ---
# datatype:
# - {name: wavelength, unit: Angstrom, datatype: float32}
# - {name: response, datatype: float32}
# meta: !!omap
# - {band_name: w}
# - {group_name: PS1}
wavelength response
3492.00000 0.0
3880.00000 0.001
3890.00000 0.006
3900.00000 0.006
3910.00000 0.005
3920.00000 0.005
3930.00000 0.005
3940.00000 0.006
3950.00000 0.006
3960.00000 0.008
3970.00000 0.01
3980.00000 0.014
3990.00000 0.021
4000.00000 0.032
4010.00000 0.049
4020.00000 0.071
4030.00000 0.096
4040.00000 0.123
4050.00000 0.148
4060.00000 0.169
4070.00000 0.186
4080.00000 0.198
4090.00000 0.208
4100.00000 0.216
4110.00000 0.223
4120.00000 0.231
4130.00000 0.24
4140.00000 0.248
4150.00000 0.257
4160.00000 0.265
4170.00000 0.272
4180.00000 0.278
4190.00000 0.284
4200.00000 0.288
4210.00000 0.293
4220.00000 0.297
4230.00000 0.303
4240.00000 0.308
4250.00000 0.315
4260.00000 0.322
4270.00000 0.328
4280.00000 0.335
4290.00000 0.342
4300.00000 0.35
4310.00000 0.358
4320.00000 0.367
4330.00000 0.375
4340.00000 0.382
4350.00000 0.389
4360.00000 0.396
4370.00000 0.402
4380.00000 0.408
4390.00000 0.411
4400.00000 0.416
4410.00000 0.421
4420.00000 0.426
4430.00000 0.43
4440.00000 0.433
4450.00000 0.437
4460.00000 0.442
4470.00000 0.446
4480.00000 0.449
4490.00000 0.453
4500.00000 0.458
4510.00000 0.462
4520.00000 0.467
4530.00000 0.47
4540.00000 0.473
4550.00000 0.476
4560.00000 0.48
4570.00000 0.484
4580.00000 0.488
4590.00000 0.491
4600.00000 0.494
4610.00000 0.497
4620.00000 0.5
4630.00000 0.503
4640.00000 0.507
4650.00000 0.511
4660.00000 0.515
4670.00000 0.517
4680.00000 0.518
4690.00000 0.516
4700.00000 0.512
4710.00000 0.511
4720.00000 0.511
4730.00000 0.509
4740.00000 0.506
4750.00000 0.504
4760.00000 0.503
4770.00000 0.505
4780.00000 0.51
4790.00000 0.518
4800.00000 0.526
4810.00000 0.533
4820.00000 0.538
4830.00000 0.54
4840.00000 0.542
4850.00000 0.542
4860.00000 0.542
4870.00000 0.543
4880.00000 0.546
4890.00000 0.547
4900.00000 0.55
4910.00000 0.552
4920.00000 0.553
4930.00000 0.554
4940.00000 0.555
4950.00000 0.557
4960.00000 0.559
4970.00000 0.561
4980.00000 0.562
4990.00000 0.561
5000.00000 0.559
5010.00000 0.559
5020.00000 0.561
5030.00000 0.564
5040.00000 0.567
5050.00000 0.571
5060.00000 0.573
5070.00000 0.574
5080.00000 0.575
5090.00000 0.577
5100.00000 0.58
5110.00000 0.581
5120.00000 0.583
5130.00000 0.583
5140.00000 0.582
5150.00000 0.582
5160.00000 0.582
5170.00000 0.583
5180.00000 0.586
5190.00000 0.59
5200.00000 0.594
5210.00000 0.598
5220.00000 0.602
5230.00000 0.606
5240.00000 0.609
5250.00000 0.612
5260.00000 0.615
5270.00000 0.617
5280.00000 0.619
5290.00000 0.621
5300.00000 0.623
5310.00000 0.625
5320.00000 0.627
5330.00000 0.629
5340.00000 0.631
5350.00000 0.633
5360.00000 0.635
5370.00000 0.637
5380.00000 0.639
5390.00000 0.64
5400.00000 0.641
5410.00000 0.644
5420.00000 0.647
5430.00000 0.649
5440.00000 0.651
5450.00000 0.654
5460.00000 0.656
5470.00000 0.657
5480.00000 0.658
5490.00000 0.66
5500.00000 0.662
5510.00000 0.665
5520.00000 0.668
5530.00000 0.67
5540.00000 0.672
5550.00000 0.673
5560.00000 0.674
5570.00000 0.674
5580.00000 0.675
5590.00000 0.678
5600.00000 0.68
5610.00000 0.682
5620.00000 0.683
5630.00000 0.685
5640.00000 0.686
5650.00000 0.688
5660.00000 0.69
5670.00000 0.692
5680.00000 0.695
5690.00000 0.696
5700.00000 0.698
5710.00000 0.7
5720.00000 0.7
5730.00000 0.701
5740.00000 0.702
5750.00000 0.704
5760.00000 0.707
5770.00000 0.709
5780.00000 0.712
5790.00000 0.715
5800.00000 0.719
5810.00000 0.722
5820.00000 0.725
5830.00000 0.727
5840.00000 0.728
5850.00000 0.729
5860.00000 0.729
5870.00000 0.73
5880.00000 0.731
5890.00000 0.731
5900.00000 0.733
5910.00000 0.738
5920.00000 0.74
5930.00000 0.742
5940.00000 0.742
5950.00000 0.742
5960.00000 0.744
5970.00000 0.743
5980.00000 0.744
5990.00000 0.747
6000.00000 0.751
6010.00000 0.755
6020.00000 0.758
6030.00000 0.761
6040.00000 0.764
6050.00000 0.765
6060.00000 0.766
6070.00000 0.766
6080.00000 0.768
6090.00000 0.771
6100.00000 0.775
6110.00000 0.779
6120.00000 0.782
6130.00000 0.785
6140.00000 0.787
6150.00000 0.788
6160.00000 0.789
6170.00000 0.789
6180.00000 0.791
6190.00000 0.792
6200.00000 0.794
6210.00000 0.797
6220.00000 0.8
6230.00000 0.802
6240.00000 0.804
6250.00000 0.806
6260.00000 0.808
6270.00000 0.81
6280.00000 0.791
6290.00000 0.805
6300.00000 0.804
6310.00000 0.811
6320.00000 0.814
6330.00000 0.817
6340.00000 0.821
6350.00000 0.824
6360.00000 0.828
6370.00000 0.831
6380.00000 0.835
6390.00000 0.838
6400.00000 0.838
6410.00000 0.838
6420.00000 0.836
6430.00000 0.835
6440.00000 0.835
6450.00000 0.835
6460.00000 0.836
6470.00000 0.838
6480.00000 0.842
6490.00000 0.846
6500.00000 0.852
6510.00000 0.856
6520.00000 0.854
6530.00000 0.858
6540.00000 0.858
6550.00000 0.854
6560.00000 0.853
6570.00000 0.852
6580.00000 0.854
6590.00000 0.857
6600.00000 0.861
6610.00000 0.866
6620.00000 0.871
6630.00000 0.875
6640.00000 0.878
6650.00000 0.879
6660.00000 0.878
6670.00000 0.876
6680.00000 0.875
6690.00000 0.873
6700.00000 0.872
6710.00000 0.872
6720.00000 0.873
6730.00000 0.875
6740.00000 0.879
6750.00000 0.883
6760.00000 0.888
6770.00000 0.892
6780.00000 0.896
6790.00000 0.898
6800.00000 0.9
6810.00000 0.899
6820.00000 0.898
6830.00000 0.896
6840.00000 0.895
6850.00000 0.894
6860.00000 0.894
6870.00000 0.728
6880.00000 0.791
6890.00000 0.804
6900.00000 0.817
6910.00000 0.853
6920.00000 0.873
6930.00000 0.888
6940.00000 0.895
6950.00000 0.903
6960.00000 0.903
6970.00000 0.912
6980.00000 0.911
6990.00000 0.905
7000.00000 0.904
7010.00000 0.902
7020.00000 0.903
7030.00000 0.904
7040.00000 0.908
7050.00000 0.911
7060.00000 0.914
7070.00000 0.916
7080.00000 0.917
7090.00000 0.919
7100.00000 0.918
7110.00000 0.917
7120.00000 0.916
7130.00000 0.914
7140.00000 0.912
7150.00000 0.91
7160.00000 0.908
7170.00000 0.891
7180.00000 0.879
7190.00000 0.862
7200.00000 0.872
7210.00000 0.89
7220.00000 0.914
7230.00000 0.898
7240.00000 0.886
7250.00000 0.885
7260.00000 0.894
7270.00000 0.887
7280.00000 0.887
7290.00000 0.888
7300.00000 0.899
7310.00000 0.889
7320.00000 0.9
7330.00000 0.908
7340.00000 0.91
7350.00000 0.912
7360.00000 0.915
7370.00000 0.916
7380.00000 0.921
7390.00000 0.92
7400.00000 0.922
7410.00000 0.922
7420.00000 0.922
7430.00000 0.921
7440.00000 0.92
7450.00000 0.92
7460.00000 0.92
7470.00000 0.92
7480.00000 0.921
7490.00000 0.922
7500.00000 0.923
7510.00000 0.924
7520.00000 0.924
7530.00000 0.925
7540.00000 0.925
7550.00000 0.925
7560.00000 0.926
7570.00000 0.925
7580.00000 0.925
7590.00000 0.923
7600.00000 0.438
7610.00000 0.356
7620.00000 0.703
7630.00000 0.489
7640.00000 0.602
7650.00000 0.684
7660.00000 0.778
7670.00000 0.832
7680.00000 0.883
7690.00000 0.893
7700.00000 0.906
7710.00000 0.91
7720.00000 0.91
7730.00000 0.909
7740.00000 0.91
7750.00000 0.911
7760.00000 0.913
7770.00000 0.915
7780.00000 0.917
7790.00000 0.918
7800.00000 0.919
7810.00000 0.919
7820.00000 0.918
7830.00000 0.917
7840.00000 0.915
7850.00000 0.913
7860.00000 0.911
7870.00000 0.908
7880.00000 0.906
7890.00000 0.905
7900.00000 0.904
7910.00000 0.907
7920.00000 0.908
7930.00000 0.909
7940.00000 0.913
7950.00000 0.915
7960.00000 0.912
7970.00000 0.914
7980.00000 0.916
7990.00000 0.914
8000.00000 0.911
8010.00000 0.907
8020.00000 0.903
8030.00000 0.9
8040.00000 0.895
8050.00000 0.884
8060.00000 0.868
8070.00000 0.84
8080.00000 0.804
8090.00000 0.758
8100.00000 0.704
8110.00000 0.644
8120.00000 0.578
8130.00000 0.512
8140.00000 0.442
8150.00000 0.384
8160.00000 0.325
8170.00000 0.28
8180.00000 0.238
8190.00000 0.206
8200.00000 0.172
8210.00000 0.149
8220.00000 0.123
8230.00000 0.094
8240.00000 0.082
8250.00000 0.066
8260.00000 0.053
8270.00000 0.042
8280.00000 0.033
8290.00000 0.027
8300.00000 0.021
8310.00000 0.017
8320.00000 0.014
8330.00000 0.012
8340.00000 0.01
8350.00000 0.008
8360.00000 0.007
8370.00000 0.006
8380.00000 0.006
8390.00000 0.005
8400.00000 0.004
8410.00000 0.004
8420.00000 0.004
8430.00000 0.004
8440.00000 0.003
8450.00000 0.003
8460.00000 0.003
8470.00000 0.003
8480.00000 0.002
8490.00000 0.002
8500.00000 0.002
8510.00000 0.002
8520.00000 0.001
8530.00000 0.001
8540.00000 0.001
8550.00000 0.001
8560.00000 0.001
8570.00000 0.001
8580.00000 0.001
8590.00000 0.001
9449.00000 0.0
