threeML/data/optical_filters/Keck/LWS-f_2450.ecsv
# %ECSV 0.9
# ---
# datatype:
# - {name: wavelength, unit: Angstrom, datatype: float32}
# - {name: response, datatype: float32}
# meta: !!omap
# - {band_name: f_2450}
# - {group_name: LWS}
wavelength response
211068.00000 0.0
234520.00000 0.004011
234530.00000 0.004031
234540.00000 0.004052
234550.00000 0.004074
234560.00000 0.004095
234570.00000 0.004117
234580.00000 0.00414
234590.00000 0.004163
234600.00000 0.004186
234610.00000 0.00421
234620.00000 0.004234
234630.00000 0.004259
234640.00000 0.004284
234650.00000 0.004309
234660.00000 0.004334
234670.00000 0.00436
234680.00000 0.004386
234690.00000 0.004413
234700.00000 0.00444
234710.00000 0.004467
234720.00000 0.004494
234730.00000 0.004522
234740.00000 0.004549
234750.00000 0.004577
234760.00000 0.004606
234770.00000 0.004635
234780.00000 0.004665
234790.00000 0.004696
234800.00000 0.004726
234810.00000 0.004758
234820.00000 0.00479
234830.00000 0.004822
234840.00000 0.004854
234850.00000 0.004887
234860.00000 0.00492
234870.00000 0.004953
234880.00000 0.004986
234890.00000 0.00502
234900.00000 0.005053
234910.00000 0.005087
234920.00000 0.005121
234930.00000 0.005155
234940.00000 0.005189
234950.00000 0.005223
234960.00000 0.005257
234970.00000 0.005291
234980.00000 0.005325
234990.00000 0.005358
235000.00000 0.005391
235010.00000 0.005425
235020.00000 0.005458
235030.00000 0.005491
235040.00000 0.005524
235050.00000 0.005558
235060.00000 0.005592
235070.00000 0.005626
235080.00000 0.00566
235090.00000 0.005694
235100.00000 0.005729
235110.00000 0.005764
235120.00000 0.005798
235130.00000 0.005833
235140.00000 0.005868
235150.00000 0.005902
235160.00000 0.005936
235170.00000 0.005971
235180.00000 0.006005
235190.00000 0.006038
235200.00000 0.006072
235210.00000 0.006105
235220.00000 0.006138
235230.00000 0.00617
235240.00000 0.006202
235250.00000 0.006234
235260.00000 0.006265
235270.00000 0.006296
235280.00000 0.006326
235290.00000 0.006355
235300.00000 0.006384
235310.00000 0.006412
235320.00000 0.00644
235330.00000 0.006468
235340.00000 0.006496
235350.00000 0.006522
235360.00000 0.006549
235370.00000 0.006575
235380.00000 0.006601
235390.00000 0.006627
235400.00000 0.006653
235410.00000 0.006678
235420.00000 0.006703
235430.00000 0.006727
235440.00000 0.006751
235450.00000 0.006775
235460.00000 0.006799
235470.00000 0.006822
235480.00000 0.006846
235490.00000 0.006868
235500.00000 0.006891
235510.00000 0.006914
235520.00000 0.006936
235530.00000 0.006958
235540.00000 0.00698
235550.00000 0.007001
235560.00000 0.007023
235570.00000 0.007044
235580.00000 0.007065
235590.00000 0.007085
235600.00000 0.007103
235610.00000 0.007122
235620.00000 0.007139
235630.00000 0.007156
235640.00000 0.007172
235650.00000 0.007188
235660.00000 0.007204
235670.00000 0.007219
235680.00000 0.007234
235690.00000 0.007249
235700.00000 0.007264
235710.00000 0.007279
235720.00000 0.007294
235730.00000 0.00731
235740.00000 0.007325
235750.00000 0.007341
235760.00000 0.007358
235770.00000 0.007375
235780.00000 0.007393
235790.00000 0.007411
235800.00000 0.00743
235810.00000 0.00745
235820.00000 0.007471
235830.00000 0.007493
235840.00000 0.007516
235850.00000 0.007541
235860.00000 0.007566
235870.00000 0.007591
235880.00000 0.007617
235890.00000 0.007642
235900.00000 0.007668
235910.00000 0.007695
235920.00000 0.007722
235930.00000 0.007749
235940.00000 0.007777
235950.00000 0.007805
235960.00000 0.007834
235970.00000 0.007863
235980.00000 0.007893
235990.00000 0.007924
236000.00000 0.007955
236010.00000 0.007987
236020.00000 0.00802
236030.00000 0.008054
236040.00000 0.008089
236050.00000 0.008124
236060.00000 0.00816
236070.00000 0.008197
236080.00000 0.008235
236090.00000 0.008275
236100.00000 0.008315
236110.00000 0.008356
236120.00000 0.008399
236130.00000 0.008442
236140.00000 0.008487
236150.00000 0.008533
236160.00000 0.008581
236170.00000 0.008629
236180.00000 0.008679
236190.00000 0.008729
236200.00000 0.008781
236210.00000 0.008833
236220.00000 0.008886
236230.00000 0.008941
236240.00000 0.008996
236250.00000 0.009051
236260.00000 0.009108
236270.00000 0.009165
236280.00000 0.009223
236290.00000 0.009281
236300.00000 0.00934
236310.00000 0.009399
236320.00000 0.009459
236330.00000 0.009519
236340.00000 0.009579
236350.00000 0.00964
236360.00000 0.009701
236370.00000 0.009763
236380.00000 0.009824
236390.00000 0.009885
236400.00000 0.009947
236410.00000 0.010009
236420.00000 0.010071
236430.00000 0.010134
236440.00000 0.010198
236450.00000 0.010263
236460.00000 0.010329
236470.00000 0.010395
236480.00000 0.010462
236490.00000 0.010529
236500.00000 0.010597
236510.00000 0.010666
236520.00000 0.010734
236530.00000 0.010803
236540.00000 0.010872
236550.00000 0.010942
236560.00000 0.011011
236570.00000 0.011081
236580.00000 0.01115
236590.00000 0.011219
236600.00000 0.011288
236610.00000 0.011357
236620.00000 0.011426
236630.00000 0.011495
236640.00000 0.011563
236650.00000 0.01163
236660.00000 0.011697
236670.00000 0.011763
236680.00000 0.011829
236690.00000 0.011894
236700.00000 0.011959
236710.00000 0.012022
236720.00000 0.012085
236730.00000 0.012148
236740.00000 0.01221
236750.00000 0.012272
236760.00000 0.012333
236770.00000 0.012394
236780.00000 0.012455
236790.00000 0.012516
236800.00000 0.012576
236810.00000 0.012637
236820.00000 0.012698
236830.00000 0.012758
236840.00000 0.012819
236850.00000 0.01288
236860.00000 0.012941
236870.00000 0.013003
236880.00000 0.013064
236890.00000 0.013127
236900.00000 0.013189
236910.00000 0.013253
236920.00000 0.013317
236930.00000 0.013381
236940.00000 0.013446
236950.00000 0.013512
236960.00000 0.013579
236970.00000 0.013647
236980.00000 0.013715
236990.00000 0.013784
237000.00000 0.013854
237010.00000 0.013924
237020.00000 0.013994
237030.00000 0.014065
237040.00000 0.014137
237050.00000 0.014209
237060.00000 0.014282
237070.00000 0.014354
237080.00000 0.014427
237090.00000 0.014501
237100.00000 0.014575
237110.00000 0.014649
237120.00000 0.014723
237130.00000 0.014797
237140.00000 0.014872
237150.00000 0.014947
237160.00000 0.015022
237170.00000 0.015097
237180.00000 0.015172
237190.00000 0.015247
237200.00000 0.015322
237210.00000 0.015397
237220.00000 0.015472
237230.00000 0.015547
237240.00000 0.015622
237250.00000 0.015697
237260.00000 0.015772
237270.00000 0.015848
237280.00000 0.015925
237290.00000 0.016002
237300.00000 0.016079
237310.00000 0.016157
237320.00000 0.016235
237330.00000 0.016314
237340.00000 0.016392
237350.00000 0.016471
237360.00000 0.01655
237370.00000 0.016629
237380.00000 0.016707
237390.00000 0.016786
237400.00000 0.016864
237410.00000 0.016942
237420.00000 0.01702
237430.00000 0.017097
237440.00000 0.017174
237450.00000 0.01725
237460.00000 0.017326
237470.00000 0.017401
237480.00000 0.017475
237490.00000 0.017548
237500.00000 0.017621
237510.00000 0.017692
237520.00000 0.017763
237530.00000 0.017832
237540.00000 0.0179
237550.00000 0.017967
237560.00000 0.018033
237570.00000 0.018098
237580.00000 0.018162
237590.00000 0.018225
237600.00000 0.018287
237610.00000 0.018349
237620.00000 0.018409
237630.00000 0.01847
237640.00000 0.01853
237650.00000 0.018589
237660.00000 0.018648
237670.00000 0.018707
237680.00000 0.018766
237690.00000 0.018825
237700.00000 0.018883
237710.00000 0.018942
237720.00000 0.019001
237730.00000 0.01906
237740.00000 0.019119
237750.00000 0.019179
237760.00000 0.019239
237770.00000 0.0193
237780.00000 0.019361
237790.00000 0.019423
237800.00000 0.019486
237810.00000 0.01955
237820.00000 0.019613
237830.00000 0.019673
237840.00000 0.01973
237850.00000 0.019784
237860.00000 0.019837
237870.00000 0.019887
237880.00000 0.019937
237890.00000 0.019986
237900.00000 0.020034
237910.00000 0.020082
237920.00000 0.02013
237930.00000 0.020179
237940.00000 0.02023
237950.00000 0.020282
237960.00000 0.020336
237970.00000 0.020392
237980.00000 0.020451
237990.00000 0.020514
238000.00000 0.020579
238010.00000 0.020649
238020.00000 0.020724
238030.00000 0.020803
238040.00000 0.020887
238050.00000 0.020977
238060.00000 0.021073
238070.00000 0.021175
238080.00000 0.021285
238090.00000 0.021401
238100.00000 0.021525
238110.00000 0.021651
238120.00000 0.02178
238130.00000 0.02191
238140.00000 0.022044
238150.00000 0.02218
238160.00000 0.02232
238170.00000 0.022463
238180.00000 0.02261
238190.00000 0.02276
238200.00000 0.022914
238210.00000 0.023073
238220.00000 0.023236
238230.00000 0.023404
238240.00000 0.023577
238250.00000 0.023754
238260.00000 0.023938
238270.00000 0.024126
238280.00000 0.024321
238290.00000 0.024522
238300.00000 0.024729
238310.00000 0.024942
238320.00000 0.025162
238330.00000 0.025389
238340.00000 0.025624
238350.00000 0.025865
238360.00000 0.026114
238370.00000 0.026371
238380.00000 0.026637
238390.00000 0.02691
238400.00000 0.027191
238410.00000 0.02748
238420.00000 0.027776
238430.00000 0.02808
238440.00000 0.02839
238450.00000 0.028708
238460.00000 0.029032
238470.00000 0.029363
238480.00000 0.029699
238490.00000 0.030042
238500.00000 0.030391
238510.00000 0.030745
238520.00000 0.031104
238530.00000 0.031468
238540.00000 0.031838
238550.00000 0.032212
238560.00000 0.03259
238570.00000 0.032973
238580.00000 0.03336
238590.00000 0.033751
238600.00000 0.034145
238610.00000 0.034542
238620.00000 0.034943
238630.00000 0.035347
238640.00000 0.035754
238650.00000 0.036163
238660.00000 0.036575
238670.00000 0.036989
238680.00000 0.037412
238690.00000 0.037842
238700.00000 0.038279
238710.00000 0.038723
238720.00000 0.039173
238730.00000 0.039628
238740.00000 0.040089
238750.00000 0.040555
238760.00000 0.041025
238770.00000 0.0415
238780.00000 0.041977
238790.00000 0.042458
238800.00000 0.042942
238810.00000 0.043428
238820.00000 0.043915
238830.00000 0.044404
238840.00000 0.044894
238850.00000 0.045385
238860.00000 0.045875
238870.00000 0.046365
238880.00000 0.046854
238890.00000 0.047342
238900.00000 0.047828
238910.00000 0.048312
238920.00000 0.048793
238930.00000 0.049272
238940.00000 0.049747
238950.00000 0.050218
238960.00000 0.050688
238970.00000 0.051159
238980.00000 0.051632
238990.00000 0.052105
239000.00000 0.052579
239010.00000 0.053053
239020.00000 0.053527
239030.00000 0.054002
239040.00000 0.054477
239050.00000 0.054952
239060.00000 0.055427
239070.00000 0.055901
239080.00000 0.056375
239090.00000 0.056848
239100.00000 0.05732
239110.00000 0.057792
239120.00000 0.058262
239130.00000 0.058731
239140.00000 0.059199
239150.00000 0.059666
239160.00000 0.060131
239170.00000 0.060594
239180.00000 0.061055
239190.00000 0.061514
239200.00000 0.061971
239210.00000 0.062426
239220.00000 0.062878
239230.00000 0.063328
239240.00000 0.063774
239250.00000 0.064218
239260.00000 0.064659
239270.00000 0.065097
239280.00000 0.065533
239290.00000 0.065966
239300.00000 0.066397
239310.00000 0.066826
239320.00000 0.067253
239330.00000 0.067679
239340.00000 0.068103
239350.00000 0.068526
239360.00000 0.068948
239370.00000 0.069369
239380.00000 0.069789
239390.00000 0.070209
239400.00000 0.070628
239410.00000 0.071047
239420.00000 0.071466
239430.00000 0.071885
239440.00000 0.072305
239450.00000 0.072725
239460.00000 0.073146
239470.00000 0.073568
239480.00000 0.073991
239490.00000 0.074415
239500.00000 0.074841
239510.00000 0.075268
239520.00000 0.075697
239530.00000 0.076126
239540.00000 0.076553
239550.00000 0.076978
239560.00000 0.077401
239570.00000 0.077823
239580.00000 0.078244
239590.00000 0.078664
239600.00000 0.079083
239610.00000 0.079502
239620.00000 0.079921
239630.00000 0.080341
239640.00000 0.080761
239650.00000 0.081183
239660.00000 0.081605
239670.00000 0.082029
239680.00000 0.082455
239690.00000 0.082883
239700.00000 0.083314
239710.00000 0.083748
239720.00000 0.084184
239730.00000 0.084624
239740.00000 0.085068
239750.00000 0.085515
239760.00000 0.085967
239770.00000 0.086423
239780.00000 0.086885
239790.00000 0.087351
239800.00000 0.087823
239810.00000 0.0883
239820.00000 0.08878
239830.00000 0.089261
239840.00000 0.089742
239850.00000 0.090225
239860.00000 0.090709
239870.00000 0.091195
239880.00000 0.091684
239890.00000 0.092174
239900.00000 0.092668
239910.00000 0.093164
239920.00000 0.093664
239930.00000 0.094167
239940.00000 0.094674
239950.00000 0.095186
239960.00000 0.095702
239970.00000 0.096222
239980.00000 0.096748
239990.00000 0.097279
240000.00000 0.097816
240010.00000 0.098358
240020.00000 0.098907
240030.00000 0.099462
240040.00000 0.100025
240050.00000 0.100594
240060.00000 0.10117
240070.00000 0.101755
240080.00000 0.102347
240090.00000 0.102947
240100.00000 0.103556
240110.00000 0.104169
240120.00000 0.104786
240130.00000 0.105407
240140.00000 0.106032
240150.00000 0.106662
240160.00000 0.107297
240170.00000 0.107936
240180.00000 0.108581
240190.00000 0.109232
240200.00000 0.109888
240210.00000 0.110551
240220.00000 0.11122
240230.00000 0.111895
240240.00000 0.112578
240250.00000 0.113267
240260.00000 0.113964
240270.00000 0.114669
240280.00000 0.115381
240290.00000 0.116102
240300.00000 0.116831
240310.00000 0.117568
240320.00000 0.118315
240330.00000 0.11907
240340.00000 0.119835
240350.00000 0.12061
240360.00000 0.121395
240370.00000 0.12219
240380.00000 0.122995
240390.00000 0.12381
240400.00000 0.124633
240410.00000 0.125462
240420.00000 0.126299
240430.00000 0.127144
240440.00000 0.127995
240450.00000 0.128855
240460.00000 0.129722
240470.00000 0.130597
240480.00000 0.131481
240490.00000 0.132373
240500.00000 0.133273
240510.00000 0.134182
240520.00000 0.135099
240530.00000 0.136026
240540.00000 0.136961
240550.00000 0.137906
240560.00000 0.13886
240570.00000 0.139824
240580.00000 0.140797
240590.00000 0.14178
240600.00000 0.142773
240610.00000 0.143777
240620.00000 0.144791
240630.00000 0.145815
240640.00000 0.146849
240650.00000 0.147895
240660.00000 0.148951
240670.00000 0.150019
240680.00000 0.151097
240690.00000 0.152186
240700.00000 0.153284
240710.00000 0.154392
240720.00000 0.15551
240730.00000 0.156638
240740.00000 0.157776
240750.00000 0.158923
240760.00000 0.16008
240770.00000 0.161247
240780.00000 0.162424
240790.00000 0.163611
240800.00000 0.164807
240810.00000 0.166013
240820.00000 0.167229
240830.00000 0.168454
240840.00000 0.169689
240850.00000 0.170933
240860.00000 0.172188
240870.00000 0.173452
240880.00000 0.174725
240890.00000 0.176009
240900.00000 0.177301
240910.00000 0.178604
240920.00000 0.179916
240930.00000 0.181237
240940.00000 0.182568
240950.00000 0.183909
240960.00000 0.185259
240970.00000 0.186619
240980.00000 0.18799
240990.00000 0.189372
241000.00000 0.190765
241010.00000 0.192168
241020.00000 0.193582
241030.00000 0.195006
241040.00000 0.19644
241050.00000 0.197884
241060.00000 0.199338
241070.00000 0.200802
241080.00000 0.202275
241090.00000 0.203757
241100.00000 0.205248
241110.00000 0.206749
241120.00000 0.208257
241130.00000 0.209775
241140.00000 0.211301
241150.00000 0.212835
241160.00000 0.214377
241170.00000 0.215927
241180.00000 0.217485
241190.00000 0.21905
241200.00000 0.220623
241210.00000 0.222203
241220.00000 0.22379
241230.00000 0.225383
241240.00000 0.226984
241250.00000 0.228591
241260.00000 0.230205
241270.00000 0.231829
241280.00000 0.233464
241290.00000 0.235109
241300.00000 0.236764
241310.00000 0.238429
241320.00000 0.240102
241330.00000 0.241785
241340.00000 0.243476
241350.00000 0.245175
241360.00000 0.246882
241370.00000 0.248597
241380.00000 0.250319
241390.00000 0.252049
241400.00000 0.253784
241410.00000 0.255526
241420.00000 0.257275
241430.00000 0.259029
241440.00000 0.260788
241450.00000 0.262552
241460.00000 0.264322
241470.00000 0.266095
241480.00000 0.267873
241490.00000 0.269655
241500.00000 0.27144
241510.00000 0.273228
241520.00000 0.27502
241530.00000 0.276813
241540.00000 0.27861
241550.00000 0.280408
241560.00000 0.282214
241570.00000 0.284029
241580.00000 0.285852
241590.00000 0.287682
241600.00000 0.289519
241610.00000 0.291363
241620.00000 0.293213
241630.00000 0.295069
241640.00000 0.29693
241650.00000 0.298797
241660.00000 0.300667
241670.00000 0.302542
241680.00000 0.304421
241690.00000 0.306302
241700.00000 0.308187
241710.00000 0.310074
241720.00000 0.311962
241730.00000 0.313852
241740.00000 0.315743
241750.00000 0.317635
241760.00000 0.319527
241770.00000 0.321419
241780.00000 0.32331
241790.00000 0.325199
241800.00000 0.327088
