threeML/data/optical_filters/Keck/LWS-f_1250.ecsv
# %ECSV 0.9
# ---
# datatype:
# - {name: wavelength, unit: Angstrom, datatype: float32}
# - {name: response, datatype: float32}
# meta: !!omap
# - {band_name: f_1250}
# - {group_name: LWS}
wavelength response
104940.00000 0.0
116600.00000 0.00447
116700.00000 0.005012
116800.00000 0.005577
116900.00000 0.006164
117000.00000 0.006774
117100.00000 0.007405
117200.00000 0.008059
117300.00000 0.008747
117400.00000 0.00953
117500.00000 0.01048
117600.00000 0.01166
117700.00000 0.01316
117800.00000 0.01504
117900.00000 0.01738
118000.00000 0.02028
118100.00000 0.0238
118200.00000 0.02804
118300.00000 0.03309
118400.00000 0.03907
118500.00000 0.04606
118600.00000 0.0542
118700.00000 0.06361
118800.00000 0.07443
118900.00000 0.08681
119000.00000 0.1009
119100.00000 0.1169
119200.00000 0.135
119300.00000 0.155
119400.00000 0.177
119500.00000 0.2006
119600.00000 0.2257
119700.00000 0.2522
119800.00000 0.2799
119900.00000 0.3084
120000.00000 0.3376
120100.00000 0.3672
120200.00000 0.397
120300.00000 0.4266
120400.00000 0.4559
120500.00000 0.4845
120600.00000 0.5122
120700.00000 0.5388
120800.00000 0.564
120900.00000 0.5877
121000.00000 0.6097
121100.00000 0.6299
121200.00000 0.6481
121300.00000 0.6642
121400.00000 0.6779
121500.00000 0.689
121600.00000 0.6977
121700.00000 0.7045
121800.00000 0.7097
121900.00000 0.7138
122000.00000 0.7169
122100.00000 0.7192
122200.00000 0.7208
122300.00000 0.7215
122400.00000 0.7215
122500.00000 0.7207
122600.00000 0.7193
122700.00000 0.7172
122800.00000 0.7145
122900.00000 0.7111
123000.00000 0.7071
123100.00000 0.7026
123200.00000 0.6975
123300.00000 0.6921
123400.00000 0.6863
123500.00000 0.6803
123600.00000 0.6741
123700.00000 0.6679
123800.00000 0.6617
123900.00000 0.6557
124000.00000 0.6498
124100.00000 0.644
124200.00000 0.6385
124300.00000 0.6333
124400.00000 0.6284
124500.00000 0.6239
124600.00000 0.6198
124700.00000 0.6161
124800.00000 0.6129
124900.00000 0.6104
125000.00000 0.6084
125100.00000 0.6071
125200.00000 0.6065
125300.00000 0.6066
125400.00000 0.6074
125500.00000 0.6088
125600.00000 0.6107
125700.00000 0.6131
125800.00000 0.6159
125900.00000 0.619
126000.00000 0.6224
126100.00000 0.6259
126200.00000 0.6296
126300.00000 0.6333
126400.00000 0.637
126500.00000 0.6406
126600.00000 0.644
126700.00000 0.6472
126800.00000 0.6501
126900.00000 0.6528
127000.00000 0.6552
127100.00000 0.6572
127200.00000 0.6587
127300.00000 0.6599
127400.00000 0.6605
127500.00000 0.6607
127600.00000 0.6604
127700.00000 0.6597
127800.00000 0.6587
127900.00000 0.6574
128000.00000 0.6558
128100.00000 0.6541
128200.00000 0.6522
128300.00000 0.6502
128400.00000 0.6482
128500.00000 0.6462
128600.00000 0.6442
128700.00000 0.6423
128800.00000 0.6405
128900.00000 0.639
129000.00000 0.6377
129100.00000 0.6367
129200.00000 0.636
129300.00000 0.6356
129400.00000 0.6355
129500.00000 0.6355
129600.00000 0.6358
129700.00000 0.6362
129800.00000 0.6366
129900.00000 0.637
130000.00000 0.6374
130100.00000 0.6377
130200.00000 0.6378
130300.00000 0.6378
130400.00000 0.6375
130500.00000 0.6369
130600.00000 0.636
130700.00000 0.6346
130800.00000 0.6328
130900.00000 0.6303
131000.00000 0.6272
131100.00000 0.6232
131200.00000 0.6178
131300.00000 0.6105
131400.00000 0.6009
131500.00000 0.589
131600.00000 0.5748
131700.00000 0.5587
131800.00000 0.5406
131900.00000 0.5207
132000.00000 0.4991
132100.00000 0.476
132200.00000 0.4514
132300.00000 0.4253
132400.00000 0.3982
132500.00000 0.3706
132600.00000 0.3435
132700.00000 0.3176
132800.00000 0.2933
132900.00000 0.2707
133000.00000 0.2497
133100.00000 0.2302
133200.00000 0.2122
133300.00000 0.1955
133400.00000 0.1802
133500.00000 0.1659
133600.00000 0.1526
133700.00000 0.1401
133800.00000 0.1283
133900.00000 0.1172
134000.00000 0.1067
134100.00000 0.09683
134200.00000 0.08754
134300.00000 0.07883
134400.00000 0.07069
134500.00000 0.06308
134600.00000 0.056
134700.00000 0.04944
134800.00000 0.04343
134900.00000 0.03798
135000.00000 0.03312
135100.00000 0.02886
135200.00000 0.02522
135300.00000 0.02223
135400.00000 0.0198
135500.00000 0.01775
135600.00000 0.01591
135700.00000 0.01421
135800.00000 0.01266
135900.00000 0.01126
136000.00000 0.01003
136100.00000 0.00898
136200.00000 0.00811
136300.00000 0.007398
136400.00000 0.006825
136500.00000 0.006371
136600.00000 0.006014
136700.00000 0.005736
136800.00000 0.005515
136900.00000 0.005331
137000.00000 0.005162
137100.00000 0.004992
137200.00000 0.004815
137300.00000 0.004633
137400.00000 0.004447
137500.00000 0.004257
137600.00000 0.004065
151360.00000 0.0
