threeML/data/optical_filters/Keck/LWS-f_1875.ecsv
# %ECSV 0.9
# ---
# datatype:
# - {name: wavelength, unit: Angstrom, datatype: float32}
# - {name: response, datatype: float32}
# meta: !!omap
# - {band_name: f_1875}
# - {group_name: LWS}
wavelength response
159381.00000 0.0
177090.00000 0.004026
177100.00000 0.004057
177110.00000 0.004088
177120.00000 0.004119
177130.00000 0.00415
177140.00000 0.004181
177150.00000 0.004211
177160.00000 0.004242
177170.00000 0.004274
177180.00000 0.004307
177190.00000 0.004341
177200.00000 0.004376
177210.00000 0.004411
177220.00000 0.004445
177230.00000 0.00448
177240.00000 0.004515
177250.00000 0.004549
177260.00000 0.004583
177270.00000 0.004616
177280.00000 0.004648
177290.00000 0.004679
177300.00000 0.004708
177310.00000 0.004736
177320.00000 0.004764
177330.00000 0.004791
177340.00000 0.004818
177350.00000 0.004844
177360.00000 0.004869
177370.00000 0.004894
177380.00000 0.004918
177390.00000 0.004941
177400.00000 0.004964
177410.00000 0.004986
177420.00000 0.005007
177430.00000 0.005027
177440.00000 0.005047
177450.00000 0.005065
177460.00000 0.005083
177470.00000 0.0051
177480.00000 0.005115
177490.00000 0.005129
177500.00000 0.005142
177510.00000 0.005154
177520.00000 0.005165
177530.00000 0.005175
177540.00000 0.005185
177550.00000 0.005194
177560.00000 0.005203
177570.00000 0.005212
177580.00000 0.005221
177590.00000 0.00523
177600.00000 0.00524
177610.00000 0.00525
177620.00000 0.005261
177630.00000 0.005272
177640.00000 0.005281
177650.00000 0.005291
177660.00000 0.005299
177670.00000 0.005307
177680.00000 0.005316
177690.00000 0.005324
177700.00000 0.005333
177710.00000 0.005343
177720.00000 0.005353
177730.00000 0.005364
177740.00000 0.005377
177750.00000 0.005391
177760.00000 0.005407
177770.00000 0.005425
177780.00000 0.005445
177790.00000 0.005465
177800.00000 0.005487
177810.00000 0.005509
177820.00000 0.005533
177830.00000 0.005557
177840.00000 0.005582
177850.00000 0.005609
177860.00000 0.005637
177870.00000 0.005666
177880.00000 0.005698
177890.00000 0.005731
177900.00000 0.005766
177910.00000 0.005803
177920.00000 0.005843
177930.00000 0.005885
177940.00000 0.005929
177950.00000 0.005975
177960.00000 0.006024
177970.00000 0.006075
177980.00000 0.006127
177990.00000 0.006182
178000.00000 0.006238
178010.00000 0.006297
178020.00000 0.006357
178030.00000 0.006418
178040.00000 0.006482
178050.00000 0.006547
178060.00000 0.006613
178070.00000 0.006681
178080.00000 0.00675
178090.00000 0.006821
178100.00000 0.006893
178110.00000 0.006968
178120.00000 0.007045
178130.00000 0.007124
178140.00000 0.007205
178150.00000 0.007288
178160.00000 0.007373
178170.00000 0.007458
178180.00000 0.007545
178190.00000 0.007633
178200.00000 0.007721
178210.00000 0.00781
178220.00000 0.0079
178230.00000 0.007989
178240.00000 0.008079
178250.00000 0.008168
178260.00000 0.008257
178270.00000 0.008348
178280.00000 0.00844
178290.00000 0.008533
178300.00000 0.008627
178310.00000 0.008721
178320.00000 0.008816
178330.00000 0.008911
178340.00000 0.009007
178350.00000 0.009102
178360.00000 0.009196
178370.00000 0.009291
178380.00000 0.009384
178390.00000 0.009477
178400.00000 0.009569
178410.00000 0.009659
178420.00000 0.009748
178430.00000 0.009836
178440.00000 0.009924
178450.00000 0.010012
178460.00000 0.010099
178470.00000 0.010186
178480.00000 0.010272
178490.00000 0.010358
178500.00000 0.010443
178510.00000 0.010528
178520.00000 0.010611
178530.00000 0.010695
178540.00000 0.010777
178550.00000 0.010859
178560.00000 0.01094
178570.00000 0.01102
178580.00000 0.011099
178590.00000 0.011177
178600.00000 0.011254
178610.00000 0.01133
178620.00000 0.011406
178630.00000 0.01148
178640.00000 0.011554
178650.00000 0.011628
178660.00000 0.011701
178670.00000 0.011773
178680.00000 0.011846
178690.00000 0.011919
178700.00000 0.011991
178710.00000 0.012064
178720.00000 0.012137
178730.00000 0.012211
178740.00000 0.012285
178750.00000 0.012357
178760.00000 0.012429
178770.00000 0.012501
178780.00000 0.012573
178790.00000 0.012644
178800.00000 0.012715
178810.00000 0.012787
178820.00000 0.012859
178830.00000 0.012931
178840.00000 0.013004
178850.00000 0.013078
178860.00000 0.013153
178870.00000 0.013229
178880.00000 0.013306
178890.00000 0.013385
178900.00000 0.013465
178910.00000 0.013545
178920.00000 0.013626
178930.00000 0.013708
178940.00000 0.01379
178950.00000 0.013874
178960.00000 0.013958
178970.00000 0.014043
178980.00000 0.014128
178990.00000 0.014215
179000.00000 0.014303
179010.00000 0.014391
179020.00000 0.014481
179030.00000 0.014572
179040.00000 0.014664
179050.00000 0.014757
179060.00000 0.014851
179070.00000 0.014946
179080.00000 0.015042
179090.00000 0.015139
179100.00000 0.015237
179110.00000 0.015336
179120.00000 0.015436
179130.00000 0.015537
179140.00000 0.015639
179150.00000 0.015742
179160.00000 0.015846
179170.00000 0.015951
179180.00000 0.016058
179190.00000 0.016165
179200.00000 0.016274
179210.00000 0.016383
179220.00000 0.016494
179230.00000 0.016606
179240.00000 0.01672
179250.00000 0.016834
179260.00000 0.01695
179270.00000 0.017066
179280.00000 0.017184
179290.00000 0.017303
179300.00000 0.017423
179310.00000 0.017543
179320.00000 0.017665
179330.00000 0.017788
179340.00000 0.017911
179350.00000 0.018036
179360.00000 0.018161
179370.00000 0.018287
179380.00000 0.018413
179390.00000 0.018541
179400.00000 0.018669
179410.00000 0.018797
179420.00000 0.018926
179430.00000 0.019057
179440.00000 0.019188
179450.00000 0.01932
179460.00000 0.019453
179470.00000 0.019588
179480.00000 0.019723
179490.00000 0.019861
179500.00000 0.019999
179510.00000 0.020139
179520.00000 0.020281
179530.00000 0.020425
179540.00000 0.02057
179550.00000 0.020717
179560.00000 0.020865
179570.00000 0.021014
179580.00000 0.021164
179590.00000 0.021316
179600.00000 0.02147
179610.00000 0.021625
179620.00000 0.021781
179630.00000 0.021938
179640.00000 0.022097
179650.00000 0.022258
179660.00000 0.022419
179670.00000 0.022583
179680.00000 0.022748
179690.00000 0.022914
179700.00000 0.023082
179710.00000 0.023251
179720.00000 0.023422
179730.00000 0.023593
179740.00000 0.023766
179750.00000 0.023941
179760.00000 0.024117
179770.00000 0.024295
179780.00000 0.024474
179790.00000 0.024654
179800.00000 0.024836
179810.00000 0.02502
179820.00000 0.025205
179830.00000 0.025393
179840.00000 0.025581
179850.00000 0.025772
179860.00000 0.025964
179870.00000 0.026159
179880.00000 0.026355
179890.00000 0.026554
179900.00000 0.026754
179910.00000 0.026956
179920.00000 0.02716
179930.00000 0.027365
179940.00000 0.027571
179950.00000 0.027779
179960.00000 0.027988
179970.00000 0.028198
179980.00000 0.028409
179990.00000 0.02862
180000.00000 0.028832
180010.00000 0.029045
180020.00000 0.029257
180030.00000 0.029471
180040.00000 0.029685
180050.00000 0.0299
180060.00000 0.030116
180070.00000 0.030333
180080.00000 0.03055
180090.00000 0.030769
180100.00000 0.030989
180110.00000 0.031209
180120.00000 0.031431
180130.00000 0.031654
180140.00000 0.031878
180150.00000 0.032103
180160.00000 0.03233
180170.00000 0.032557
180180.00000 0.032786
180190.00000 0.033016
180200.00000 0.033247
180210.00000 0.033479
180220.00000 0.033711
180230.00000 0.033945
180240.00000 0.03418
180250.00000 0.034416
180260.00000 0.034653
180270.00000 0.034891
180280.00000 0.035131
180290.00000 0.035373
180300.00000 0.035616
180310.00000 0.03586
180320.00000 0.036107
180330.00000 0.036355
180340.00000 0.036605
180350.00000 0.036857
180360.00000 0.037109
180370.00000 0.037361
180380.00000 0.037614
180390.00000 0.037868
180400.00000 0.038123
180410.00000 0.03838
180420.00000 0.038639
180430.00000 0.0389
180440.00000 0.039164
180450.00000 0.039431
180460.00000 0.039701
180470.00000 0.039975
180480.00000 0.040252
180490.00000 0.040534
180500.00000 0.04082
180510.00000 0.04111
180520.00000 0.041404
180530.00000 0.0417
180540.00000 0.041999
180550.00000 0.042301
180560.00000 0.042607
180570.00000 0.042915
180580.00000 0.043227
180590.00000 0.043543
180600.00000 0.043862
180610.00000 0.044185
180620.00000 0.044511
180630.00000 0.044842
180640.00000 0.045177
180650.00000 0.045516
180660.00000 0.045859
180670.00000 0.046207
180680.00000 0.046559
180690.00000 0.046914
180700.00000 0.047274
180710.00000 0.047637
180720.00000 0.048005
180730.00000 0.048376
180740.00000 0.048751
180750.00000 0.04913
180760.00000 0.049513
180770.00000 0.0499
180780.00000 0.050291
180790.00000 0.050685
180800.00000 0.051084
180810.00000 0.051487
180820.00000 0.051894
180830.00000 0.052305
180840.00000 0.052721
180850.00000 0.053142
180860.00000 0.053568
180870.00000 0.053998
180880.00000 0.054433
180890.00000 0.054872
180900.00000 0.055315
180910.00000 0.055761
180920.00000 0.056211
180930.00000 0.056664
180940.00000 0.05712
180950.00000 0.057579
180960.00000 0.05804
180970.00000 0.058503
180980.00000 0.058967
180990.00000 0.059434
181000.00000 0.059902
181010.00000 0.060372
181020.00000 0.060845
181030.00000 0.061321
181040.00000 0.061799
181050.00000 0.06228
181060.00000 0.062763
181070.00000 0.063249
181080.00000 0.063738
181090.00000 0.064229
181100.00000 0.064722
181110.00000 0.065218
181120.00000 0.065716
181130.00000 0.066217
181140.00000 0.06672
181150.00000 0.067225
181160.00000 0.067733
181170.00000 0.068242
181180.00000 0.068753
181190.00000 0.069265
181200.00000 0.069779
181210.00000 0.070294
181220.00000 0.070813
181230.00000 0.071333
181240.00000 0.071857
181250.00000 0.072383
181260.00000 0.072913
181270.00000 0.073447
181280.00000 0.073984
181290.00000 0.074526
181300.00000 0.075073
181310.00000 0.075623
181320.00000 0.076179
181330.00000 0.07674
181340.00000 0.077301
181350.00000 0.077865
181360.00000 0.078431
181370.00000 0.078999
181380.00000 0.079571
181390.00000 0.080147
181400.00000 0.080727
181410.00000 0.081313
181420.00000 0.081904
181430.00000 0.082502
181440.00000 0.083106
181450.00000 0.083717
181460.00000 0.084337
181470.00000 0.084964
181480.00000 0.085601
181490.00000 0.086248
181500.00000 0.086901
181510.00000 0.08756
181520.00000 0.088225
181530.00000 0.088897
181540.00000 0.089575
181550.00000 0.090259
181560.00000 0.090951
181570.00000 0.091651
181580.00000 0.092358
181590.00000 0.093073
181600.00000 0.093796
181610.00000 0.094528
181620.00000 0.095269
181630.00000 0.096019
181640.00000 0.096778
181650.00000 0.097547
181660.00000 0.098326
181670.00000 0.099114
181680.00000 0.099911
181690.00000 0.100716
181700.00000 0.10153
181710.00000 0.102353
181720.00000 0.103184
181730.00000 0.104024
181740.00000 0.104872
181750.00000 0.105728
181760.00000 0.106592
181770.00000 0.107464
181780.00000 0.108345
181790.00000 0.109233
181800.00000 0.11013
181810.00000 0.111034
181820.00000 0.111946
181830.00000 0.112867
181840.00000 0.113797
181850.00000 0.114737
181860.00000 0.115685
181870.00000 0.116642
181880.00000 0.117606
181890.00000 0.118579
181900.00000 0.119559
181910.00000 0.120547
181920.00000 0.121541
181930.00000 0.122543
181940.00000 0.12355
181950.00000 0.124564
181960.00000 0.125584
181970.00000 0.126609
181980.00000 0.127639
181990.00000 0.128675
182000.00000 0.129718
182010.00000 0.130768
182020.00000 0.131824
182030.00000 0.132888
182040.00000 0.133958
182050.00000 0.135035
182060.00000 0.136117
182070.00000 0.137206
182080.00000 0.138301
182090.00000 0.139401
182100.00000 0.140508
182110.00000 0.141619
182120.00000 0.142736
182130.00000 0.143858
182140.00000 0.144985
182150.00000 0.146117
182160.00000 0.147253
182170.00000 0.148396
182180.00000 0.149544
182190.00000 0.150698
182200.00000 0.151857
182210.00000 0.153021
182220.00000 0.154192
182230.00000 0.155367
182240.00000 0.156548
182250.00000 0.157735
182260.00000 0.158927
182270.00000 0.160125
182280.00000 0.161327
182290.00000 0.162536
182300.00000 0.163749
182310.00000 0.164968
182320.00000 0.166193
182330.00000 0.167422
182340.00000 0.168657
182350.00000 0.169897
182360.00000 0.171142
182370.00000 0.172392
182380.00000 0.173648
182390.00000 0.174909
182400.00000 0.176176
182410.00000 0.177449
182420.00000 0.178727
182430.00000 0.180011
182440.00000 0.1813
182450.00000 0.182596
182460.00000 0.183898
182470.00000 0.185205
182480.00000 0.186519
182490.00000 0.187839
182500.00000 0.189164
182510.00000 0.190495
182520.00000 0.191831
182530.00000 0.193173
182540.00000 0.194521
182550.00000 0.195874
182560.00000 0.197234
182570.00000 0.198599
182580.00000 0.19997
182590.00000 0.201348
182600.00000 0.202731
182610.00000 0.204121
182620.00000 0.205517
182630.00000 0.206919
182640.00000 0.208328
182650.00000 0.209743
182660.00000 0.211164
182670.00000 0.212592
182680.00000 0.214025
182690.00000 0.215464
182700.00000 0.216909
182710.00000 0.218361
182720.00000 0.219818
182730.00000 0.221282
182740.00000 0.222752
182750.00000 0.224228
182760.00000 0.225711
182770.00000 0.2272
182780.00000 0.228695
182790.00000 0.230198
182800.00000 0.231706
182810.00000 0.233222
182820.00000 0.234743
182830.00000 0.236272
182840.00000 0.237808
182850.00000 0.23935
182860.00000 0.240899
182870.00000 0.242454
182880.00000 0.244015
182890.00000 0.245583
182900.00000 0.247158
182910.00000 0.248738
182920.00000 0.250324
182930.00000 0.251917
182940.00000 0.253515
182950.00000 0.255119
182960.00000 0.256729
182970.00000 0.258344
182980.00000 0.259966
182990.00000 0.261593
183000.00000 0.263228
183010.00000 0.26487
183020.00000 0.26652
183030.00000 0.268176
183040.00000 0.269838
183050.00000 0.271506
183060.00000 0.27318
183070.00000 0.274858
183080.00000 0.276542
183090.00000 0.27823
183100.00000 0.279921
183110.00000 0.281617
183120.00000 0.283315
183130.00000 0.285017
183140.00000 0.28672
183150.00000 0.288426
183160.00000 0.290137
183170.00000 0.291854
183180.00000 0.293578
183190.00000 0.295308
183200.00000 0.297042
183210.00000 0.298781
183220.00000 0.300523
183230.00000 0.302268
183240.00000 0.304015
183250.00000 0.305763
183260.00000 0.307513
183270.00000 0.309262
183280.00000 0.31101
183290.00000 0.312757
183300.00000 0.314501
183310.00000 0.316243
183320.00000 0.317982
183330.00000 0.319721
183340.00000 0.321463
183350.00000 0.323208
183360.00000 0.324954
183370.00000 0.326701
183380.00000 0.328448
183390.00000 0.330194
183400.00000 0.331939
183410.00000 0.333682
183420.00000 0.335422
183430.00000 0.337159
183440.00000 0.338892
183450.00000 0.34062
183460.00000 0.342342
183470.00000 0.344059
183480.00000 0.345769
183490.00000 0.347471
183500.00000 0.34917
183510.00000 0.350867
183520.00000 0.352561
183530.00000 0.354252
183540.00000 0.355939
183550.00000 0.357623
183560.00000 0.359301
183570.00000 0.360976
183580.00000 0.362645
183590.00000 0.364308
183600.00000 0.365966
183610.00000 0.367617
183620.00000 0.369262
183630.00000 0.370899
183640.00000 0.372529
183650.00000 0.374152
183660.00000 0.375766
183670.00000 0.377374
183680.00000 0.378976
183690.00000 0.380573
183700.00000 0.382163
183710.00000 0.383747
183720.00000 0.385325
183730.00000 0.386896
183740.00000 0.388461
183750.00000 0.39002
183760.00000 0.391572
183770.00000 0.393118
183780.00000 0.394657
183790.00000 0.39619
183800.00000 0.397715
183810.00000 0.399234
183820.00000 0.400747
183830.00000 0.402252
183840.00000 0.403751
183850.00000 0.405244
183860.00000 0.40673
183870.00000 0.40821
183880.00000 0.409684
183890.00000 0.411151
183900.00000 0.412612
183910.00000 0.414065
183920.00000 0.415512
183930.00000 0.416952
183940.00000 0.418386
183950.00000 0.419812
183960.00000 0.421231
183970.00000 0.422643
183980.00000 0.424048
183990.00000 0.425446
184000.00000 0.426837
184010.00000 0.428221
184020.00000 0.429599
184030.00000 0.43097
184040.00000 0.432334
184050.00000 0.433691
184060.00000 0.435042
184070.00000 0.436385
184080.00000 0.437722
184090.00000 0.439051
184100.00000 0.440373
184110.00000 0.441688
184120.00000 0.442995
184130.00000 0.444295
184140.00000 0.445587
184150.00000 0.446872
184160.00000 0.448149
184170.00000 0.449418
184180.00000 0.450681
184190.00000 0.451937
184200.00000 0.453185
184210.00000 0.454426
184220.00000 0.45566
184230.00000 0.456887
184240.00000 0.458106
184250.00000 0.459318
184260.00000 0.460522
184270.00000 0.461718
184280.00000 0.462907
184290.00000 0.464088
184300.00000 0.465261
184310.00000 0.466426
184320.00000 0.467583
184330.00000 0.468732
184340.00000 0.469873
184350.00000 0.471005
184360.00000 0.47213
184370.00000 0.473246
