threeML/data/optical_filters/Keck/LWS-Spec10.ecsv
# %ECSV 0.9
# ---
# datatype:
# - {name: wavelength, unit: Angstrom, datatype: float32}
# - {name: response, datatype: float32}
# meta: !!omap
# - {band_name: Spec10}
# - {group_name: LWS}
wavelength response
65655.00000 0.0
72950.00000 0.004306
72990.00000 0.008715
73040.00000 0.01424
73080.00000 0.01866
73120.00000 0.02308
73170.00000 0.02862
73210.00000 0.03304
73260.00000 0.03857
73300.00000 0.04299
73340.00000 0.0474
73390.00000 0.0529
73430.00000 0.05729
73470.00000 0.06167
73520.00000 0.06712
73560.00000 0.07147
73600.00000 0.0758
73650.00000 0.08118
73690.00000 0.08547
73740.00000 0.09088
73780.00000 0.0953
73820.00000 0.09988
73870.00000 0.1059
73910.00000 0.111
73950.00000 0.1165
74000.00000 0.124
74040.00000 0.1305
74080.00000 0.1376
74130.00000 0.1474
74170.00000 0.156
74210.00000 0.1654
74260.00000 0.1779
74300.00000 0.1886
74350.00000 0.2028
74390.00000 0.2147
74430.00000 0.2272
74480.00000 0.2433
74520.00000 0.2567
74560.00000 0.2704
74610.00000 0.2879
74650.00000 0.3022
74690.00000 0.3167
74740.00000 0.3349
74780.00000 0.3496
74830.00000 0.3679
74870.00000 0.3825
74910.00000 0.3969
74960.00000 0.4147
75000.00000 0.4287
75040.00000 0.4424
75090.00000 0.4591
75130.00000 0.4719
75170.00000 0.4843
75220.00000 0.4992
75260.00000 0.5104
75310.00000 0.5237
75350.00000 0.5336
75390.00000 0.5429
75440.00000 0.5536
75480.00000 0.5613
75520.00000 0.5683
75570.00000 0.576
75610.00000 0.5815
75650.00000 0.5863
75700.00000 0.5915
75740.00000 0.5952
75780.00000 0.5983
75830.00000 0.6017
75870.00000 0.6039
75920.00000 0.6063
75960.00000 0.6078
76000.00000 0.6091
76050.00000 0.6105
76090.00000 0.6113
76130.00000 0.612
76180.00000 0.6126
76220.00000 0.613
76260.00000 0.6133
76310.00000 0.6135
76350.00000 0.6136
76400.00000 0.6136
76440.00000 0.6134
76480.00000 0.6132
76530.00000 0.6129
76570.00000 0.6125
76610.00000 0.6121
76660.00000 0.6115
76700.00000 0.6109
76740.00000 0.6103
76790.00000 0.6095
76830.00000 0.6089
76880.00000 0.608
76920.00000 0.6073
76960.00000 0.6066
77010.00000 0.6056
77050.00000 0.6049
77090.00000 0.6041
77140.00000 0.6032
77180.00000 0.6025
77220.00000 0.6018
77270.00000 0.601
77310.00000 0.6003
77350.00000 0.5997
77400.00000 0.599
77440.00000 0.5985
77490.00000 0.598
77530.00000 0.5976
77570.00000 0.5974
77620.00000 0.5973
77660.00000 0.5973
77700.00000 0.5975
77750.00000 0.598
77790.00000 0.5986
77830.00000 0.5995
77880.00000 0.6009
77920.00000 0.6024
77970.00000 0.6046
78010.00000 0.6067
78050.00000 0.6091
78100.00000 0.6124
78140.00000 0.6153
78180.00000 0.6183
78230.00000 0.6222
78270.00000 0.6254
78310.00000 0.6287
78360.00000 0.6327
78400.00000 0.6358
78450.00000 0.6395
78490.00000 0.6424
78530.00000 0.6451
78580.00000 0.6484
78620.00000 0.6509
78660.00000 0.6533
78710.00000 0.6562
78750.00000 0.6584
78790.00000 0.6606
78840.00000 0.6632
78880.00000 0.6653
78920.00000 0.6673
78970.00000 0.6698
79010.00000 0.6718
79060.00000 0.6742
79100.00000 0.6762
79140.00000 0.6782
79190.00000 0.6807
79230.00000 0.6828
79270.00000 0.6849
79320.00000 0.6875
79360.00000 0.6898
79400.00000 0.692
79450.00000 0.695
79490.00000 0.6974
79540.00000 0.7005
79580.00000 0.703
79620.00000 0.7056
79670.00000 0.7089
79710.00000 0.7116
79750.00000 0.7143
79800.00000 0.7177
79840.00000 0.7204
79880.00000 0.7232
79930.00000 0.7266
79970.00000 0.7294
80020.00000 0.7329
80060.00000 0.7356
80100.00000 0.7384
80150.00000 0.7418
80190.00000 0.7445
80230.00000 0.7472
80280.00000 0.7505
80320.00000 0.7531
80360.00000 0.7556
80410.00000 0.7588
80450.00000 0.7612
80490.00000 0.7636
80540.00000 0.7665
80580.00000 0.7688
80630.00000 0.7716
80670.00000 0.7738
80710.00000 0.7759
80760.00000 0.7786
80800.00000 0.7806
80840.00000 0.7826
80890.00000 0.7851
80930.00000 0.7871
80970.00000 0.789
81020.00000 0.7914
81060.00000 0.7933
81110.00000 0.7956
81150.00000 0.7974
81190.00000 0.7993
81240.00000 0.8015
81280.00000 0.8033
81320.00000 0.8051
81370.00000 0.8073
81410.00000 0.809
81450.00000 0.8108
81500.00000 0.8129
81540.00000 0.8147
81590.00000 0.8169
81630.00000 0.8186
81670.00000 0.8204
81720.00000 0.8226
81760.00000 0.8243
81800.00000 0.8261
81850.00000 0.8283
81890.00000 0.83
81930.00000 0.8318
81980.00000 0.834
82020.00000 0.8358
82060.00000 0.8376
82110.00000 0.8398
82150.00000 0.8416
82200.00000 0.8438
82240.00000 0.8456
82280.00000 0.8473
82330.00000 0.8496
82370.00000 0.8513
82410.00000 0.8531
82460.00000 0.8553
82500.00000 0.8571
82540.00000 0.8589
82590.00000 0.8611
82630.00000 0.8629
82680.00000 0.8651
82720.00000 0.8669
82760.00000 0.8686
82810.00000 0.8708
82850.00000 0.8726
82890.00000 0.8744
82940.00000 0.8766
82980.00000 0.8783
83020.00000 0.8801
83070.00000 0.8822
83110.00000 0.884
83160.00000 0.8861
83200.00000 0.8877
83240.00000 0.8894
83290.00000 0.8913
83330.00000 0.8929
83370.00000 0.8943
83420.00000 0.8961
83460.00000 0.8974
83500.00000 0.8986
83550.00000 0.9001
83590.00000 0.9011
83630.00000 0.9021
83680.00000 0.9032
83720.00000 0.9039
83770.00000 0.9047
83810.00000 0.9052
83850.00000 0.9055
83900.00000 0.9058
83940.00000 0.9059
83980.00000 0.9058
84030.00000 0.9056
84070.00000 0.9052
84110.00000 0.9047
84160.00000 0.9039
84200.00000 0.9032
84250.00000 0.9021
84290.00000 0.9011
84330.00000 0.9
84380.00000 0.8985
84420.00000 0.8972
84460.00000 0.8958
84510.00000 0.894
84550.00000 0.8925
84590.00000 0.8909
84640.00000 0.8888
84680.00000 0.8871
84730.00000 0.8848
84770.00000 0.883
84810.00000 0.8812
84860.00000 0.8788
84900.00000 0.8769
84940.00000 0.8749
84990.00000 0.8724
85030.00000 0.8705
85070.00000 0.8685
85120.00000 0.866
85160.00000 0.8639
85210.00000 0.8614
85250.00000 0.8594
85290.00000 0.8574
85340.00000 0.8548
85380.00000 0.8528
85420.00000 0.8508
85470.00000 0.8483
85510.00000 0.8463
85550.00000 0.8443
85600.00000 0.8418
85640.00000 0.8398
85680.00000 0.8379
85730.00000 0.8355
85770.00000 0.8335
85820.00000 0.8312
85860.00000 0.8293
85900.00000 0.8275
85950.00000 0.8252
85990.00000 0.8234
86030.00000 0.8217
86080.00000 0.8195
86120.00000 0.8179
86160.00000 0.8162
86210.00000 0.8142
86250.00000 0.8127
86300.00000 0.8108
86340.00000 0.8093
86380.00000 0.8079
86430.00000 0.8062
86470.00000 0.8048
86510.00000 0.8035
86560.00000 0.802
86600.00000 0.8008
86640.00000 0.7996
86690.00000 0.7982
86730.00000 0.7972
86780.00000 0.7959
86820.00000 0.7949
86860.00000 0.794
86910.00000 0.7928
86950.00000 0.792
86990.00000 0.7912
87040.00000 0.7902
87080.00000 0.7895
87120.00000 0.7888
87170.00000 0.788
87210.00000 0.7874
87250.00000 0.7869
87300.00000 0.7863
87340.00000 0.7858
87390.00000 0.7853
87430.00000 0.7849
87470.00000 0.7846
87520.00000 0.7842
87560.00000 0.7839
87600.00000 0.7837
87650.00000 0.7835
87690.00000 0.7833
87730.00000 0.7832
87780.00000 0.7831
87820.00000 0.7831
87870.00000 0.7831
87910.00000 0.7831
87950.00000 0.7831
88000.00000 0.7832
88040.00000 0.7834
88080.00000 0.7835
88130.00000 0.7837
88170.00000 0.7839
88210.00000 0.7842
88260.00000 0.7845
88300.00000 0.7848
88350.00000 0.7852
88390.00000 0.7855
88430.00000 0.7859
88480.00000 0.7864
88520.00000 0.7868
88560.00000 0.7872
88610.00000 0.7878
88650.00000 0.7883
88690.00000 0.7888
88740.00000 0.7894
88780.00000 0.7899
88820.00000 0.7905
88870.00000 0.7912
88910.00000 0.7918
88960.00000 0.7925
89000.00000 0.7931
89040.00000 0.7938
89090.00000 0.7945
89130.00000 0.7952
89170.00000 0.7959
89220.00000 0.7967
89260.00000 0.7974
89300.00000 0.7981
89350.00000 0.799
89390.00000 0.7997
89440.00000 0.8007
89480.00000 0.8014
89520.00000 0.8022
89570.00000 0.8032
89610.00000 0.804
89650.00000 0.8048
89700.00000 0.8058
89740.00000 0.8066
89780.00000 0.8075
89830.00000 0.8085
89870.00000 0.8094
89920.00000 0.8105
89960.00000 0.8114
90000.00000 0.8123
90020.00000 0.8128
90030.00000 0.813
90040.00000 0.8132
90050.00000 0.8135
90060.00000 0.8137
90080.00000 0.8142
90090.00000 0.8144
90100.00000 0.8146
90120.00000 0.8151
90130.00000 0.8153
90140.00000 0.8156
90150.00000 0.8158
90160.00000 0.816
90180.00000 0.8165
90200.00000 0.817
90220.00000 0.8175
90230.00000 0.8177
90240.00000 0.818
90250.00000 0.8182
90260.00000 0.8185
90280.00000 0.819
90300.00000 0.8195
90310.00000 0.8197
90320.00000 0.8199
90330.00000 0.8202
90340.00000 0.8205
90350.00000 0.8207
90360.00000 0.821
90380.00000 0.8215
90390.00000 0.8217
90400.00000 0.822
90420.00000 0.8225
90430.00000 0.8227
90440.00000 0.823
90450.00000 0.8232
90460.00000 0.8235
90480.00000 0.824
90500.00000 0.8245
90520.00000 0.8251
90530.00000 0.8253
90540.00000 0.8256
90550.00000 0.8259
90560.00000 0.8261
90570.00000 0.8264
90580.00000 0.8267
90600.00000 0.8272
90610.00000 0.8275
90620.00000 0.8277
90630.00000 0.828
90640.00000 0.8283
90650.00000 0.8285
90660.00000 0.8288
90680.00000 0.8293
90700.00000 0.8299
90720.00000 0.8304
90730.00000 0.8307
90740.00000 0.831
90750.00000 0.8312
90760.00000 0.8315
90780.00000 0.8321
90790.00000 0.8323
90800.00000 0.8326
90820.00000 0.8331
90830.00000 0.8334
90840.00000 0.8337
90850.00000 0.834
90860.00000 0.8342
90870.00000 0.8345
90880.00000 0.8348
90900.00000 0.8353
90920.00000 0.8359
90930.00000 0.8362
90940.00000 0.8364
90950.00000 0.8367
90960.00000 0.837
90980.00000 0.8376
91000.00000 0.8381
91010.00000 0.8384
91020.00000 0.8387
91030.00000 0.8389
91040.00000 0.8392
91050.00000 0.8395
91060.00000 0.8398
91080.00000 0.8403
91090.00000 0.8406
91100.00000 0.8409
91120.00000 0.8414
91130.00000 0.8417
91140.00000 0.842
91150.00000 0.8422
91160.00000 0.8425
91180.00000 0.8431
91200.00000 0.8436
91210.00000 0.8439
91220.00000 0.8441
91230.00000 0.8444
91240.00000 0.8447
91250.00000 0.845
91260.00000 0.8452
91270.00000 0.8455
91280.00000 0.8458
91300.00000 0.8463
91310.00000 0.8466
91320.00000 0.8469
91330.00000 0.8471
91340.00000 0.8474
91350.00000 0.8477
91360.00000 0.8479
91380.00000 0.8485
91400.00000 0.849
91420.00000 0.8495
91430.00000 0.8498
91440.00000 0.85
91450.00000 0.8503
91460.00000 0.8506
91480.00000 0.8511
91490.00000 0.8514
91500.00000 0.8516
91520.00000 0.8521
91530.00000 0.8524
91540.00000 0.8526
91550.00000 0.8529
91560.00000 0.8532
91570.00000 0.8534
91580.00000 0.8537
91600.00000 0.8542
91620.00000 0.8547
91630.00000 0.8549
91640.00000 0.8552
91650.00000 0.8554
91660.00000 0.8557
91680.00000 0.8562
91700.00000 0.8567
91720.00000 0.8571
91730.00000 0.8574
91740.00000 0.8576
91750.00000 0.8579
91760.00000 0.8581
91780.00000 0.8586
91790.00000 0.8588
91800.00000 0.8591
91820.00000 0.8595
91830.00000 0.8598
91840.00000 0.86
91850.00000 0.8602
91860.00000 0.8605
91880.00000 0.8609
91900.00000 0.8614
91920.00000 0.8618
91930.00000 0.8621
91940.00000 0.8623
91950.00000 0.8625
91960.00000 0.8627
91980.00000 0.8632
92000.00000 0.8636
92010.00000 0.8638
92020.00000 0.8641
92030.00000 0.8643
92040.00000 0.8645
92050.00000 0.8647
92060.00000 0.8649
92080.00000 0.8654
92100.00000 0.8658
92120.00000 0.8662
92130.00000 0.8664
92140.00000 0.8667
92150.00000 0.8669
92160.00000 0.8671
92180.00000 0.8675
92200.00000 0.8679
92220.00000 0.8683
92230.00000 0.8685
92240.00000 0.8687
92250.00000 0.8689
92260.00000 0.8691
92270.00000 0.8694
92280.00000 0.8696
92300.00000 0.87
92310.00000 0.8702
92320.00000 0.8704
92330.00000 0.8706
92340.00000 0.8708
92350.00000 0.871
92360.00000 0.8712
92380.00000 0.8716
92400.00000 0.872
92420.00000 0.8723
92430.00000 0.8725
92440.00000 0.8727
92450.00000 0.8729
92460.00000 0.8731
92480.00000 0.8735
92490.00000 0.8737
92500.00000 0.8739
92520.00000 0.8743
92530.00000 0.8745
92540.00000 0.8747
92550.00000 0.8749
92560.00000 0.875
92580.00000 0.8754
92600.00000 0.8758
92620.00000 0.8762
92630.00000 0.8764
92640.00000 0.8765
92650.00000 0.8767
92660.00000 0.8769
92680.00000 0.8773
92700.00000 0.8777
92710.00000 0.8778
92720.00000 0.878
92730.00000 0.8782
92740.00000 0.8784
92750.00000 0.8786
92760.00000 0.8787
92770.00000 0.8789
92780.00000 0.8791
92790.00000 0.8793
92800.00000 0.8795
92820.00000 0.8798
92830.00000 0.88
92840.00000 0.8802
92850.00000 0.8804
92860.00000 0.8805
92880.00000 0.8809
92890.00000 0.8811
92900.00000 0.8813
92920.00000 0.8816
92930.00000 0.8818
92940.00000 0.882
92950.00000 0.8821
92960.00000 0.8823
92970.00000 0.8825
92980.00000 0.8827
93000.00000 0.883
93010.00000 0.8832
93020.00000 0.8834
93030.00000 0.8835
93040.00000 0.8837
93050.00000 0.8839
93060.00000 0.8841
93080.00000 0.8844
93100.00000 0.8848
93120.00000 0.8851
93130.00000 0.8853
93140.00000 0.8854
93150.00000 0.8856
93160.00000 0.8858
93180.00000 0.8861
93190.00000 0.8863
93200.00000 0.8865
93220.00000 0.8868
93230.00000 0.887
93240.00000 0.8872
93250.00000 0.8873
93260.00000 0.8875
93270.00000 0.8877
93280.00000 0.8878
93300.00000 0.8882
93320.00000 0.8885
93330.00000 0.8887
93340.00000 0.8889
93350.00000 0.889
93360.00000 0.8892
93370.00000 0.8894
93380.00000 0.8895
93400.00000 0.8899
93420.00000 0.8902
93430.00000 0.8904
93440.00000 0.8906
93450.00000 0.8907
93460.00000 0.8909
93480.00000 0.8912
93490.00000 0.8914
93500.00000 0.8916
93520.00000 0.8919
93530.00000 0.8921
93540.00000 0.8922
93550.00000 0.8924
93560.00000 0.8926
93580.00000 0.8929
93600.00000 0.8933
93610.00000 0.8934
93620.00000 0.8936
93630.00000 0.8938
93640.00000 0.8939
93650.00000 0.8941
93660.00000 0.8943
93670.00000 0.8945
93680.00000 0.8946
93700.00000 0.895
93710.00000 0.8951
93720.00000 0.8953
93730.00000 0.8955
93740.00000 0.8957
93750.00000 0.8958
93760.00000 0.896
93780.00000 0.8963
93800.00000 0.8967
93820.00000 0.897
93830.00000 0.8972
93840.00000 0.8974
93850.00000 0.8975
93860.00000 0.8977
93880.00000 0.8981
93900.00000 0.8984
93920.00000 0.8988
93930.00000 0.8989
93940.00000 0.8991
93950.00000 0.8993
93960.00000 0.8994
93970.00000 0.8996
93980.00000 0.8998
94000.00000 0.9002
94010.00000 0.9003
94020.00000 0.9005
94030.00000 0.9007
94040.00000 0.9009
94050.00000 0.901
94060.00000 0.9012
94080.00000 0.9016
94090.00000 0.9017
94100.00000 0.9019
94120.00000 0.9023
94130.00000 0.9025
94140.00000 0.9026
94150.00000 0.9028
94160.00000 0.903
94180.00000 0.9034
94190.00000 0.9035
94200.00000 0.9037
94210.00000 0.9039
94220.00000 0.9041
94230.00000 0.9043
94240.00000 0.9045
94250.00000 0.9046
94260.00000 0.9048
94280.00000 0.9052
94300.00000 0.9056
94320.00000 0.9059
94330.00000 0.9061
94340.00000 0.9063
94350.00000 0.9065
94360.00000 0.9067
94380.00000 0.907
94400.00000 0.9074
94410.00000 0.9076
94420.00000 0.9078
94430.00000 0.908
94440.00000 0.9082
94450.00000 0.9083
94460.00000 0.9085
94480.00000 0.9089
94490.00000 0.9091
94500.00000 0.9093
94520.00000 0.9096
94530.00000 0.9098
94540.00000 0.91
94550.00000 0.9102
94560.00000 0.9104
94570.00000 0.9106
94580.00000 0.9107
94600.00000 0.9111
94620.00000 0.9115
94630.00000 0.9117
94640.00000 0.9118
94650.00000 0.912
94660.00000 0.9122
94670.00000 0.9124
94680.00000 0.9126
94690.00000 0.9127
94700.00000 0.9129
94710.00000 0.9131
94720.00000 0.9133
94730.00000 0.9135
94740.00000 0.9136
94750.00000 0.9138
94760.00000 0.914
94780.00000 0.9143
94800.00000 0.9147
94810.00000 0.9149
94820.00000 0.915
94830.00000 0.9152
94840.00000 0.9154
94850.00000 0.9155
94860.00000 0.9157
94880.00000 0.916
94890.00000 0.9162
94900.00000 0.9164
94920.00000 0.9167
94930.00000 0.9169
94940.00000 0.917
94950.00000 0.9172
94960.00000 0.9173
94970.00000 0.9175
94980.00000 0.9177
95010.00000 0.9181
95020.00000 0.9183
95030.00000 0.9184
95050.00000 0.9187
95060.00000 0.9189
95070.00000 0.919
95080.00000 0.9192
95090.00000 0.9193
95100.00000 0.9195
95110.00000 0.9196
95130.00000 0.9199
95150.00000 0.9202
95160.00000 0.9203
95170.00000 0.9204
95180.00000 0.9206
95190.00000 0.9207
95210.00000 0.921
95230.00000 0.9212
95240.00000 0.9214
95250.00000 0.9215
95260.00000 0.9216
95270.00000 0.9217
95280.00000 0.9218
95290.00000 0.922
95310.00000 0.9222
95320.00000 0.9223
95330.00000 0.9224
95350.00000 0.9226
95360.00000 0.9227
95370.00000 0.9228
95380.00000 0.923
95390.00000 0.9231
95410.00000 0.9232
95430.00000 0.9234
95450.00000 0.9236
95460.00000 0.9237
95470.00000 0.9238
95480.00000 0.9239
95490.00000 0.924
95500.00000 0.924
95510.00000 0.9241
95530.00000 0.9243
95540.00000 0.9244
95550.00000 0.9244
95560.00000 0.9245
95570.00000 0.9246
95580.00000 0.9246
95590.00000 0.9247
95610.00000 0.9248
95630.00000 0.9249
95650.00000 0.925
95660.00000 0.9251
95670.00000 0.9251
95680.00000 0.9252
95690.00000 0.9252
95710.00000 0.9253
95720.00000 0.9253
