threeML/data/optical_filters/Keck/LWS-f_2450.ecsv
# %ECSV 0.9
# ---
# datatype:
# - {name: wavelength, unit: Angstrom, datatype: float32}
# - {name: response, datatype: float32}
# meta: !!omap
# - {band_name: f_2450}
# - {group_name: LWS}
wavelength response
[from data line 1462]
249130.00000 0.265622
249140.00000 0.264097
249150.00000 0.262577
249160.00000 0.26106
249170.00000 0.259546
249180.00000 0.258036
249190.00000 0.256529
249200.00000 0.255024
249210.00000 0.253523
249220.00000 0.252024
249230.00000 0.250528
249240.00000 0.249035
249250.00000 0.247544
249260.00000 0.246056
249270.00000 0.244569
249280.00000 0.243085
249290.00000 0.241602
249300.00000 0.240122
249310.00000 0.238643
249320.00000 0.237166
249330.00000 0.23569
249340.00000 0.234216
249350.00000 0.232743
249360.00000 0.231271
249370.00000 0.2298
249380.00000 0.228329
249390.00000 0.22686
249400.00000 0.225392
249410.00000 0.223924
249420.00000 0.222458
249430.00000 0.220993
249440.00000 0.21953
249450.00000 0.218067
249460.00000 0.216607
249470.00000 0.215148
249480.00000 0.213692
249490.00000 0.212237
249500.00000 0.210784
249510.00000 0.209334
249520.00000 0.207886
249530.00000 0.206441
249540.00000 0.204998
249550.00000 0.203558
249560.00000 0.202121
249570.00000 0.200687
249580.00000 0.199257
249590.00000 0.197829
249600.00000 0.196405
249610.00000 0.194985
249620.00000 0.193568
249630.00000 0.192155
249640.00000 0.190746
249650.00000 0.189341
249660.00000 0.18794
249670.00000 0.186543
249680.00000 0.185151
249690.00000 0.183763
249700.00000 0.182377
249710.00000 0.18099
249720.00000 0.179603
249730.00000 0.178216
249740.00000 0.176831
249750.00000 0.175446
249760.00000 0.174064
249770.00000 0.172683
249780.00000 0.171305
249790.00000 0.16993
249800.00000 0.168558
249810.00000 0.167189
249820.00000 0.165825
249830.00000 0.164465
249840.00000 0.16311
249850.00000 0.16176
249860.00000 0.160416
249870.00000 0.159078
249880.00000 0.157747
249890.00000 0.156422
249900.00000 0.155104
249910.00000 0.153794
249920.00000 0.152492
249930.00000 0.151198
249940.00000 0.149913
249950.00000 0.148638
249960.00000 0.147372
249970.00000 0.146116
249980.00000 0.14487
249990.00000 0.143635
250000.00000 0.142411
250010.00000 0.141195
250020.00000 0.139984
250030.00000 0.138777
250040.00000 0.137576
250050.00000 0.136381
250060.00000 0.135191
250070.00000 0.134008
250080.00000 0.13283
250090.00000 0.13166
250100.00000 0.130496
250110.00000 0.12934
250120.00000 0.128192
250130.00000 0.127051
250140.00000 0.125918
250150.00000 0.124794
250160.00000 0.123679
250170.00000 0.122572
250180.00000 0.121475
250190.00000 0.120388
250200.00000 0.11931
250210.00000 0.118243
250220.00000 0.117186
250230.00000 0.11614
250240.00000 0.115105
250250.00000 0.114081
250260.00000 0.113069
250270.00000 0.112069
250280.00000 0.111081
250290.00000 0.110106
250300.00000 0.109144
250310.00000 0.108194
250320.00000 0.107258
250330.00000 0.106334
250340.00000 0.105421
250350.00000 0.10452
250360.00000 0.103631
250370.00000 0.102752
250380.00000 0.101886
250390.00000 0.10103
250400.00000 0.100184
250410.00000 0.09935
250420.00000 0.098526
250430.00000 0.097712
250440.00000 0.096909
250450.00000 0.096116
250460.00000 0.095332
250470.00000 0.094558
250480.00000 0.093794
250490.00000 0.093039
250500.00000 0.092293
250510.00000 0.091557
250520.00000 0.090829
250530.00000 0.09011
250540.00000 0.0894
250550.00000 0.088698
250560.00000 0.088004
250570.00000 0.087318
250580.00000 0.08664
250590.00000 0.085971
250600.00000 0.085308
250610.00000 0.084653
250620.00000 0.084006
250630.00000 0.083366
250640.00000 0.082738
250650.00000 0.082122
250660.00000 0.08152
250670.00000 0.080929
250680.00000 0.08035
250690.00000 0.079782
250700.00000 0.079225
250710.00000 0.078677
250720.00000 0.07814
250730.00000 0.077611
250740.00000 0.077092
250750.00000 0.07658
250760.00000 0.076077
250770.00000 0.07558
250780.00000 0.075091
250790.00000 0.074607
250800.00000 0.07413
250810.00000 0.073659
250820.00000 0.073192
250830.00000 0.072729
250840.00000 0.072271
250850.00000 0.071816
250860.00000 0.071365
250870.00000 0.070916
250880.00000 0.070469
250890.00000 0.070024
250900.00000 0.06958
250910.00000 0.069137
250920.00000 0.068694
250930.00000 0.068251
250940.00000 0.067807
250950.00000 0.067366
250960.00000 0.066931
250970.00000 0.066503
250980.00000 0.06608
250990.00000 0.065663
251000.00000 0.065252
251010.00000 0.064846
251020.00000 0.064444
251030.00000 0.064047
251040.00000 0.063655
251050.00000 0.063266
251060.00000 0.062881
251070.00000 0.062499
251080.00000 0.06212
251090.00000 0.061744
251100.00000 0.061371
251110.00000 0.060999
251120.00000 0.060629
251130.00000 0.060261
251140.00000 0.059894
251150.00000 0.059527
251160.00000 0.059162
251170.00000 0.058796
251180.00000 0.058431
251190.00000 0.058065
251200.00000 0.057699
251210.00000 0.057332
251220.00000 0.056963
251230.00000 0.056593
251240.00000 0.056222
251250.00000 0.055848
251260.00000 0.055472
251270.00000 0.055095
251280.00000 0.054719
251290.00000 0.054342
251300.00000 0.053966
251310.00000 0.05359
251320.00000 0.053215
251330.00000 0.052839
251340.00000 0.052464
251350.00000 0.05209
251360.00000 0.051716
251370.00000 0.051343
251380.00000 0.05097
251390.00000 0.050598
251400.00000 0.050227
251410.00000 0.049856
251420.00000 0.049486
251430.00000 0.049117
251440.00000 0.048749
251450.00000 0.048382
251460.00000 0.048016
251470.00000 0.047651
251480.00000 0.047287
251490.00000 0.046924
251500.00000 0.046562
251510.00000 0.046201
251520.00000 0.045842
251530.00000 0.045484
251540.00000 0.045128
251550.00000 0.044773
251560.00000 0.04442
251570.00000 0.044068
251580.00000 0.043717
251590.00000 0.043365
251600.00000 0.043013
251610.00000 0.042661
251620.00000 0.042308
251630.00000 0.041956
251640.00000 0.041603
251650.00000 0.041252
251660.00000 0.0409
251670.00000 0.04055
251680.00000 0.0402
251690.00000 0.039852
251700.00000 0.039505
251710.00000 0.039159
251720.00000 0.038815
251730.00000 0.038473
251740.00000 0.038132
251750.00000 0.037794
251760.00000 0.037459
251770.00000 0.037125
251780.00000 0.036795
251790.00000 0.036467
251800.00000 0.036143
251810.00000 0.035821
251820.00000 0.035504
251830.00000 0.035189
251840.00000 0.034878
251850.00000 0.034572
251860.00000 0.034269
251870.00000 0.033971
251880.00000 0.033677
251890.00000 0.033388
251900.00000 0.033102
251910.00000 0.032819
251920.00000 0.032539
251930.00000 0.032261
251940.00000 0.031987
251950.00000 0.031715
251960.00000 0.031446
251970.00000 0.03118
251980.00000 0.030917
251990.00000 0.030656
252000.00000 0.030399
252010.00000 0.030145
252020.00000 0.029893
252030.00000 0.029645
252040.00000 0.029399
252050.00000 0.029156
252060.00000 0.028917
252070.00000 0.02868
252080.00000 0.028447
252090.00000 0.028216
252100.00000 0.027989
252110.00000 0.027765
252120.00000 0.027543
252130.00000 0.027325
252140.00000 0.02711
252150.00000 0.026899
252160.00000 0.02669
252170.00000 0.026485
252180.00000 0.026283
252190.00000 0.026084
252200.00000 0.025888
252210.00000 0.025696
252220.00000 0.025508
252230.00000 0.025324
252240.00000 0.025143
252250.00000 0.024967
252260.00000 0.024795
252270.00000 0.024626
252280.00000 0.02446
252290.00000 0.024299
252300.00000 0.02414
252310.00000 0.023985
252320.00000 0.023833
252330.00000 0.023683
252340.00000 0.023537
252350.00000 0.023394
252360.00000 0.023253
252370.00000 0.023115
252380.00000 0.022979
252390.00000 0.022846
252400.00000 0.022714
252410.00000 0.022585
252420.00000 0.022458
252430.00000 0.022333
252440.00000 0.02221
252450.00000 0.022088
252460.00000 0.021968
252470.00000 0.021849
252480.00000 0.021732
252490.00000 0.021616
252500.00000 0.021501
252510.00000 0.021387
252520.00000 0.021274
252530.00000 0.021162
252540.00000 0.021053
252550.00000 0.020947
252560.00000 0.020845
252570.00000 0.020745
252580.00000 0.020648
252590.00000 0.020554
252600.00000 0.020462
252610.00000 0.020372
252620.00000 0.020285
252630.00000 0.0202
252640.00000 0.020117
252650.00000 0.020035
252660.00000 0.019955
252670.00000 0.019877
252680.00000 0.0198
252690.00000 0.019724
252700.00000 0.01965
252710.00000 0.019576
252720.00000 0.019503
252730.00000 0.019431
252740.00000 0.019359
252750.00000 0.019287
252760.00000 0.019216
252770.00000 0.019145
252780.00000 0.019074
252790.00000 0.019002
252800.00000 0.018931
252810.00000 0.018858
252820.00000 0.018786
252830.00000 0.018712
252840.00000 0.018637
252850.00000 0.018562
252860.00000 0.018487
252870.00000 0.018413
252880.00000 0.01834
252890.00000 0.018267
252900.00000 0.018195
252910.00000 0.018124
252920.00000 0.018053
252930.00000 0.017983
252940.00000 0.017913
252950.00000 0.017843
252960.00000 0.017774
252970.00000 0.017705
252980.00000 0.017637
252990.00000 0.017569
253000.00000 0.017501
253010.00000 0.017433
253020.00000 0.017366
253030.00000 0.017298
253040.00000 0.017231
253050.00000 0.017164
253060.00000 0.017097
253070.00000 0.017029
253080.00000 0.016962
253090.00000 0.016895
253100.00000 0.016828
253110.00000 0.01676
253120.00000 0.016692
253130.00000 0.016625
253140.00000 0.016556
253150.00000 0.016488
253160.00000 0.016419
253170.00000 0.01635
253180.00000 0.016281
253190.00000 0.016212
253200.00000 0.016143
253210.00000 0.016073
253220.00000 0.016004
253230.00000 0.015935
253240.00000 0.015865
253250.00000 0.015796
253260.00000 0.015727
253270.00000 0.015657
253280.00000 0.015588
253290.00000 0.015519
253300.00000 0.015449
253310.00000 0.01538
253320.00000 0.015311
253330.00000 0.015242
253340.00000 0.015173
253350.00000 0.015104
253360.00000 0.015034
253370.00000 0.014965
253380.00000 0.014896
253390.00000 0.014828
253400.00000 0.014759
253410.00000 0.01469
253420.00000 0.014621
253430.00000 0.014552
253440.00000 0.014484
253450.00000 0.014415
253460.00000 0.014347
253470.00000 0.014279
253480.00000 0.01421
253490.00000 0.014142
253500.00000 0.014074
253510.00000 0.014005
253520.00000 0.013936
253530.00000 0.013866
253540.00000 0.013797
253550.00000 0.013727
253560.00000 0.013657
253570.00000 0.013587
253580.00000 0.013517
253590.00000 0.013446
253600.00000 0.013376
253610.00000 0.013306
253620.00000 0.013236
253630.00000 0.013167
253640.00000 0.013097
253650.00000 0.013028
253660.00000 0.012959
253670.00000 0.012891
253680.00000 0.012823
253690.00000 0.012755
253700.00000 0.012688
253710.00000 0.012621
253720.00000 0.012555
253730.00000 0.01249
253740.00000 0.012425
253750.00000 0.012361
253760.00000 0.012298
253770.00000 0.012236
253780.00000 0.012174
253790.00000 0.012113
253800.00000 0.012054
253810.00000 0.011995
253820.00000 0.011937
253830.00000 0.01188
253840.00000 0.011823
253850.00000 0.011767
253860.00000 0.011712
253870.00000 0.011657
253880.00000 0.011603
253890.00000 0.01155
253900.00000 0.011496
253910.00000 0.011444
253920.00000 0.011392
253930.00000 0.011341
253940.00000 0.01129
253950.00000 0.01124
253960.00000 0.01119
253970.00000 0.01114
253980.00000 0.011092
253990.00000 0.011043
254000.00000 0.010995
254010.00000 0.010948
254020.00000 0.010901
254030.00000 0.010854
254040.00000 0.010808
254050.00000 0.010762
254060.00000 0.010716
254070.00000 0.010671
254080.00000 0.010627
254090.00000 0.010582
254100.00000 0.010538
254110.00000 0.010494
254120.00000 0.010451
254130.00000 0.010407
254140.00000 0.010365
254150.00000 0.010322
254160.00000 0.01028
254170.00000 0.010239
254180.00000 0.010198
254190.00000 0.010158
254200.00000 0.010118
254210.00000 0.010078
254220.00000 0.010039
254230.00000 0.010001
254240.00000 0.009962
254250.00000 0.009925
254260.00000 0.009887
254270.00000 0.00985
254280.00000 0.009813
254290.00000 0.009777
254300.00000 0.009741
254310.00000 0.009706
254320.00000 0.009671
254330.00000 0.009636
254340.00000 0.009601
254350.00000 0.009567
254360.00000 0.009533
254370.00000 0.009499
254380.00000 0.009466
254390.00000 0.009433
254400.00000 0.0094
254410.00000 0.009367
254420.00000 0.009335
254430.00000 0.009303
254440.00000 0.009271
254450.00000 0.00924
254460.00000 0.009209
254470.00000 0.009178
254480.00000 0.009148
254490.00000 0.009118
254500.00000 0.00909
254510.00000 0.009061
254520.00000 0.009033
254530.00000 0.009006
254540.00000 0.008979
254550.00000 0.008952
254560.00000 0.008925
254570.00000 0.008899
254580.00000 0.008873
254590.00000 0.008848
254600.00000 0.008823
254610.00000 0.008797
254620.00000 0.008773
254630.00000 0.008748
254640.00000 0.008723
254650.00000 0.008698
254660.00000 0.008674
254670.00000 0.008649
254680.00000 0.008624
254690.00000 0.0086
254700.00000 0.008575
254710.00000 0.00855
254720.00000 0.008525
254730.00000 0.0085
254740.00000 0.008474
254750.00000 0.008448
254760.00000 0.008423
254770.00000 0.008396
254780.00000 0.00837
254790.00000 0.008343
254800.00000 0.008316
254810.00000 0.00829
254820.00000 0.008263
254830.00000 0.008236
254840.00000 0.008209
254850.00000 0.008183
254860.00000 0.008156
254870.00000 0.008129
254880.00000 0.008102
254890.00000 0.008075
254900.00000 0.008049
254910.00000 0.008022
254920.00000 0.007995
254930.00000 0.007968
254940.00000 0.007941
254950.00000 0.007914
254960.00000 0.007887
254970.00000 0.00786
254980.00000 0.007833
254990.00000 0.007806
255000.00000 0.007779
255010.00000 0.007752
255020.00000 0.007724
255030.00000 0.007697
255040.00000 0.00767
255050.00000 0.007643
255060.00000 0.007616
255070.00000 0.007588
255080.00000 0.007561
255090.00000 0.007534
255100.00000 0.007506
255110.00000 0.007479
255120.00000 0.007452
255130.00000 0.007424
255140.00000 0.007397
255150.00000 0.00737
255160.00000 0.007343
255170.00000 0.007316
255180.00000 0.007289
255190.00000 0.007262
255200.00000 0.007235
255210.00000 0.007208
255220.00000 0.007181
255230.00000 0.007154
255240.00000 0.007127
255250.00000 0.0071
255260.00000 0.007073
255270.00000 0.007045
255280.00000 0.007018
255290.00000 0.00699
255300.00000 0.006963
255310.00000 0.006935
255320.00000 0.006907
255330.00000 0.006879
255340.00000 0.006851
255350.00000 0.006822
255360.00000 0.006794
255370.00000 0.006765
255380.00000 0.006736
255390.00000 0.006706
255400.00000 0.006677
255410.00000 0.006647
255420.00000 0.006617
255430.00000 0.006587
255440.00000 0.006556
255450.00000 0.006525
255460.00000 0.006494
255470.00000 0.006463
255480.00000 0.006431
255490.00000 0.006399
255500.00000 0.006367
255510.00000 0.006335
255520.00000 0.006302
255530.00000 0.00627
255540.00000 0.006237
255550.00000 0.006204
255560.00000 0.006171
255570.00000 0.006138
255580.00000 0.006105
255590.00000 0.006071
255600.00000 0.006038
255610.00000 0.006004
255620.00000 0.00597
255630.00000 0.005937
255640.00000 0.005903
255650.00000 0.005869
255660.00000 0.005835
255670.00000 0.005801
255680.00000 0.005768
255690.00000 0.005734
255700.00000 0.0057
255710.00000 0.005666
255720.00000 0.005632
255730.00000 0.005599
255740.00000 0.005565
255750.00000 0.005531
255760.00000 0.005498
255770.00000 0.005464
255780.00000 0.005431
255790.00000 0.005397
255800.00000 0.005363
255810.00000 0.005329
255820.00000 0.005295
255830.00000 0.005261
255840.00000 0.005228
255850.00000 0.005193
255860.00000 0.005159
255870.00000 0.005125
255880.00000 0.005091
255890.00000 0.005057
255900.00000 0.005022
255910.00000 0.004988
255920.00000 0.004954
255930.00000 0.00492
255940.00000 0.004886
255950.00000 0.004851
255960.00000 0.004817
255970.00000 0.004783
255980.00000 0.004749
255990.00000 0.004715
256000.00000 0.004681
256010.00000 0.004647
256020.00000 0.004613
256030.00000 0.00458
256040.00000 0.004546
256050.00000 0.004512
256060.00000 0.004479
256070.00000 0.004445
256080.00000 0.004412
256090.00000 0.004379
256100.00000 0.004345
256110.00000 0.004312
256120.00000 0.004279
256130.00000 0.004245
256140.00000 0.004211
256150.00000 0.004178
256160.00000 0.004144
256170.00000 0.004111
256180.00000 0.004077
256190.00000 0.004044
256200.00000 0.00401
281820.00000 0.0
