threeML/data/optical_filters/Keck/LWS-f_1765.ecsv
# %ECSV 0.9
# ---
# datatype:
# - {name: wavelength, unit: Angstrom, datatype: float32}
# - {name: response, datatype: float32}
# meta: !!omap
# - {band_name: f_1765}
# - {group_name: LWS}
wavelength response
[from data line 2194]
187540.00000 0.008085
187550.00000 0.008009
187560.00000 0.007933
187570.00000 0.007859
187580.00000 0.007785
187590.00000 0.007713
187600.00000 0.007643
187610.00000 0.007573
187620.00000 0.007506
187630.00000 0.007439
187640.00000 0.007373
187650.00000 0.007307
187660.00000 0.007242
187670.00000 0.007178
187680.00000 0.007115
187690.00000 0.007052
187700.00000 0.006991
187710.00000 0.00693
187720.00000 0.006871
187730.00000 0.006813
187740.00000 0.006756
187750.00000 0.0067
187760.00000 0.006647
187770.00000 0.006594
187780.00000 0.006544
187790.00000 0.006495
187800.00000 0.006448
187810.00000 0.006402
187820.00000 0.006358
187830.00000 0.006316
187840.00000 0.006275
187850.00000 0.006236
187860.00000 0.006198
187870.00000 0.006161
187880.00000 0.006126
187890.00000 0.006091
187900.00000 0.006058
187910.00000 0.006026
187920.00000 0.005995
187930.00000 0.005966
187940.00000 0.005936
187950.00000 0.005908
187960.00000 0.005881
187970.00000 0.005855
187980.00000 0.00583
187990.00000 0.005806
188000.00000 0.005784
188010.00000 0.005764
188020.00000 0.005745
188030.00000 0.005727
188040.00000 0.00571
188050.00000 0.005694
188060.00000 0.005679
188070.00000 0.005664
188080.00000 0.00565
188090.00000 0.005636
188100.00000 0.005623
188110.00000 0.005609
188120.00000 0.005596
188130.00000 0.005583
188140.00000 0.005569
188150.00000 0.005555
188160.00000 0.005541
188170.00000 0.005528
188180.00000 0.005516
188190.00000 0.005504
188200.00000 0.005493
188210.00000 0.005482
188220.00000 0.005471
188230.00000 0.00546
188240.00000 0.00545
188250.00000 0.005439
188260.00000 0.005429
188270.00000 0.005418
188280.00000 0.005407
188290.00000 0.005396
188300.00000 0.005384
188310.00000 0.005372
188320.00000 0.00536
188330.00000 0.005347
188340.00000 0.005333
188350.00000 0.00532
188360.00000 0.005306
188370.00000 0.005293
188380.00000 0.005279
188390.00000 0.005265
188400.00000 0.00525
188410.00000 0.005236
188420.00000 0.005222
188430.00000 0.005207
188440.00000 0.005192
188450.00000 0.005177
188460.00000 0.005162
188470.00000 0.005147
188480.00000 0.005132
188490.00000 0.005116
188500.00000 0.005101
188510.00000 0.005085
188520.00000 0.005069
188530.00000 0.005053
188540.00000 0.005037
188550.00000 0.00502
188560.00000 0.005003
188570.00000 0.004986
188580.00000 0.004969
188590.00000 0.004952
188600.00000 0.004934
188610.00000 0.004917
188620.00000 0.004901
188630.00000 0.004884
188640.00000 0.004867
188650.00000 0.004851
188660.00000 0.004835
188670.00000 0.004819
188680.00000 0.004803
188690.00000 0.004788
188700.00000 0.004773
188710.00000 0.004758
188720.00000 0.004744
188730.00000 0.004729
188740.00000 0.004715
188750.00000 0.004701
188760.00000 0.004687
188770.00000 0.004673
188780.00000 0.004659
188790.00000 0.004645
188800.00000 0.004632
188810.00000 0.004619
188820.00000 0.004606
188830.00000 0.004593
188840.00000 0.00458
188850.00000 0.004567
188860.00000 0.004555
188870.00000 0.004542
188880.00000 0.004531
188890.00000 0.004519
188900.00000 0.004508
188910.00000 0.004497
188920.00000 0.004486
188930.00000 0.004476
188940.00000 0.004465
188950.00000 0.004454
188960.00000 0.004444
188970.00000 0.004433
188980.00000 0.004423
188990.00000 0.004412
189000.00000 0.004402
189010.00000 0.004391
189020.00000 0.00438
189030.00000 0.004369
189040.00000 0.004357
189050.00000 0.004346
189060.00000 0.004334
189070.00000 0.004323
189080.00000 0.004312
189090.00000 0.004301
189100.00000 0.00429
189110.00000 0.004278
189120.00000 0.004267
189130.00000 0.004255
189140.00000 0.004243
189150.00000 0.004232
189160.00000 0.004219
189170.00000 0.004207
189180.00000 0.004194
189190.00000 0.004181
189200.00000 0.004167
189210.00000 0.004153
189220.00000 0.004138
189230.00000 0.004123
189240.00000 0.004108
189250.00000 0.004092
189260.00000 0.004075
189270.00000 0.004059
189280.00000 0.004042
189290.00000 0.004025
189300.00000 0.004007
208230.00000 0.0
