threeML/data/optical_filters/Keck/LWS-f_1765.ecsv
# %ECSV 0.9
# ---
# datatype:
# - {name: wavelength, unit: Angstrom, datatype: float32}
# - {name: response, datatype: float32}
# meta: !!omap
# - {band_name: f_1765}
# - {group_name: LWS}
wavelength response
149049.00000 0.0
165610.00000 0.004003
165620.00000 0.004015
165630.00000 0.004026
165640.00000 0.004038
165650.00000 0.00405
165660.00000 0.004063
165670.00000 0.004076
165680.00000 0.004089
165690.00000 0.004103
165700.00000 0.004118
165710.00000 0.004134
165720.00000 0.00415
165730.00000 0.004167
165740.00000 0.004184
165750.00000 0.004202
165760.00000 0.00422
165770.00000 0.004239
165780.00000 0.004257
165790.00000 0.004277
165800.00000 0.004296
165810.00000 0.004316
165820.00000 0.004335
165830.00000 0.004355
165840.00000 0.004376
165850.00000 0.004396
165860.00000 0.004418
165870.00000 0.004441
165880.00000 0.004463
165890.00000 0.004487
165900.00000 0.00451
165910.00000 0.004533
165920.00000 0.004556
165930.00000 0.004579
165940.00000 0.004601
165950.00000 0.004622
165960.00000 0.004643
165970.00000 0.004662
165980.00000 0.00468
165990.00000 0.004699
166000.00000 0.004717
166010.00000 0.004734
166020.00000 0.004752
166030.00000 0.004769
166040.00000 0.004785
166050.00000 0.004801
166060.00000 0.004815
166070.00000 0.004828
166080.00000 0.00484
166090.00000 0.00485
166100.00000 0.004859
166110.00000 0.004865
166120.00000 0.00487
166130.00000 0.004874
166140.00000 0.004876
166150.00000 0.004876
166160.00000 0.004876
166170.00000 0.004874
166180.00000 0.004871
166190.00000 0.004866
166200.00000 0.00486
166210.00000 0.004853
166220.00000 0.004845
166230.00000 0.004835
166240.00000 0.004824
166250.00000 0.004812
166260.00000 0.004798
166270.00000 0.004782
166280.00000 0.004764
166290.00000 0.004744
166300.00000 0.004723
166310.00000 0.0047
166320.00000 0.004677
166330.00000 0.004653
166340.00000 0.004628
166350.00000 0.004603
166360.00000 0.004577
166370.00000 0.004552
166380.00000 0.004527
166390.00000 0.004502
166400.00000 0.004477
166410.00000 0.00445
166420.00000 0.004422
166430.00000 0.004394
166440.00000 0.004365
166450.00000 0.004336
166460.00000 0.004307
166470.00000 0.004278
166480.00000 0.00425
166490.00000 0.004222
166500.00000 0.004196
166510.00000 0.004172
166520.00000 0.004149
166530.00000 0.004129
166540.00000 0.004109
166550.00000 0.00409
166560.00000 0.004071
166570.00000 0.004054
166580.00000 0.004037
166590.00000 0.004021
166600.00000 0.004007
166610.00000 0.003994
166620.00000 0.003982
166630.00000 0.003972
166640.00000 0.003964
166650.00000 0.003957
166660.00000 0.003953
166670.00000 0.003951
166680.00000 0.00395
166690.00000 0.003952
166700.00000 0.003956
166710.00000 0.003961
166720.00000 0.003968
166730.00000 0.003977
166740.00000 0.003987
166750.00000 0.003998
166760.00000 0.004011
166770.00000 0.004025
166780.00000 0.004039
166790.00000 0.004055
166800.00000 0.004072
166810.00000 0.00409
166820.00000 0.004109
166830.00000 0.004131
166840.00000 0.004154
166850.00000 0.004178
166860.00000 0.004204
166870.00000 0.00423
166880.00000 0.004258
166890.00000 0.004286
166900.00000 0.004314
166910.00000 0.004343
166920.00000 0.004371
166930.00000 0.004399
166940.00000 0.004427
166950.00000 0.004454
166960.00000 0.004481
166970.00000 0.004509
166980.00000 0.004537
166990.00000 0.004566
167000.00000 0.004595
167010.00000 0.004624
167020.00000 0.004652
167030.00000 0.004681
167040.00000 0.00471
167050.00000 0.004738
167060.00000 0.004765
167070.00000 0.004793
167080.00000 0.004819
167090.00000 0.004845
167100.00000 0.00487
167110.00000 0.004895
167120.00000 0.004919
167130.00000 0.004943
167140.00000 0.004966
167150.00000 0.004989
167160.00000 0.005012
167170.00000 0.005035
167180.00000 0.005058
167190.00000 0.005082
167200.00000 0.005105
167210.00000 0.005129
167220.00000 0.005153
167230.00000 0.005178
167240.00000 0.005202
167250.00000 0.005226
167260.00000 0.005249
167270.00000 0.005273
167280.00000 0.005297
167290.00000 0.00532
167300.00000 0.005345
167310.00000 0.00537
167320.00000 0.005396
167330.00000 0.005423
167340.00000 0.005451
167350.00000 0.00548
167360.00000 0.005511
167370.00000 0.005543
167380.00000 0.005576
167390.00000 0.00561
167400.00000 0.005645
167410.00000 0.005681
167420.00000 0.005718
167430.00000 0.005755
167440.00000 0.005794
167450.00000 0.005834
167460.00000 0.005875
167470.00000 0.005916
167480.00000 0.00596
167490.00000 0.006004
167500.00000 0.00605
167510.00000 0.006096
167520.00000 0.006145
167530.00000 0.006195
167540.00000 0.006246
167550.00000 0.006299
167560.00000 0.006353
167570.00000 0.006408
167580.00000 0.006463
167590.00000 0.00652
167600.00000 0.006577
167610.00000 0.006634
167620.00000 0.006692
167630.00000 0.006751
167640.00000 0.006809
167650.00000 0.006867
167660.00000 0.006927
167670.00000 0.006987
167680.00000 0.007049
167690.00000 0.007111
167700.00000 0.007174
167710.00000 0.007238
167720.00000 0.007301
167730.00000 0.007364
167740.00000 0.007427
167750.00000 0.00749
167760.00000 0.007552
167770.00000 0.007613
167780.00000 0.007674
167790.00000 0.007733
167800.00000 0.007792
167810.00000 0.00785
167820.00000 0.007908
167830.00000 0.007966
167840.00000 0.008024
167850.00000 0.008081
167860.00000 0.008137
167870.00000 0.008193
167880.00000 0.008249
167890.00000 0.008304
167900.00000 0.008358
167910.00000 0.008412
167920.00000 0.008465
167930.00000 0.008518
167940.00000 0.008569
167950.00000 0.008619
167960.00000 0.008669
167970.00000 0.008718
167980.00000 0.008766
167990.00000 0.008814
168000.00000 0.008861
168010.00000 0.008908
168020.00000 0.008955
168030.00000 0.009002
168040.00000 0.009049
168050.00000 0.009096
168060.00000 0.009143
168070.00000 0.009191
168080.00000 0.009237
168090.00000 0.009284
168100.00000 0.009329
168110.00000 0.009375
168120.00000 0.00942
168130.00000 0.009465
168140.00000 0.00951
168150.00000 0.009556
168160.00000 0.009603
168170.00000 0.00965
168180.00000 0.009698
168190.00000 0.009747
168200.00000 0.009798
168210.00000 0.00985
168220.00000 0.009903
168230.00000 0.009956
168240.00000 0.01001
168250.00000 0.010065
168260.00000 0.010121
168270.00000 0.010177
168280.00000 0.010234
168290.00000 0.010292
168300.00000 0.010352
168310.00000 0.010412
168320.00000 0.010474
168330.00000 0.010537
168340.00000 0.010601
168350.00000 0.010667
168360.00000 0.010734
168370.00000 0.010803
168380.00000 0.010872
168390.00000 0.010943
168400.00000 0.011015
168410.00000 0.011088
168420.00000 0.011162
168430.00000 0.011237
168440.00000 0.011314
168450.00000 0.011391
168460.00000 0.01147
168470.00000 0.011551
168480.00000 0.011632
168490.00000 0.011715
168500.00000 0.011799
168510.00000 0.011885
168520.00000 0.011972
168530.00000 0.01206
168540.00000 0.01215
168550.00000 0.01224
168560.00000 0.012332
168570.00000 0.012425
168580.00000 0.01252
168590.00000 0.012615
168600.00000 0.012711
168610.00000 0.012808
168620.00000 0.012906
168630.00000 0.013005
168640.00000 0.013105
168650.00000 0.013206
168660.00000 0.013308
168670.00000 0.013411
168680.00000 0.013515
168690.00000 0.01362
168700.00000 0.013726
168710.00000 0.013833
168720.00000 0.013941
168730.00000 0.01405
168740.00000 0.01416
168750.00000 0.014271
168760.00000 0.014383
168770.00000 0.014496
168780.00000 0.01461
168790.00000 0.014725
168800.00000 0.014842
168810.00000 0.01496
168820.00000 0.015078
168830.00000 0.015198
168840.00000 0.015319
168850.00000 0.015441
168860.00000 0.015564
168870.00000 0.015687
168880.00000 0.015811
168890.00000 0.015936
168900.00000 0.016061
168910.00000 0.016187
168920.00000 0.016313
168930.00000 0.01644
168940.00000 0.016568
168950.00000 0.016697
168960.00000 0.016827
168970.00000 0.016958
168980.00000 0.01709
168990.00000 0.017221
169000.00000 0.017354
169010.00000 0.017486
169020.00000 0.017619
169030.00000 0.017752
169040.00000 0.017885
169050.00000 0.018018
169060.00000 0.018151
169070.00000 0.018284
169080.00000 0.018417
169090.00000 0.018551
169100.00000 0.018686
169110.00000 0.01882
169120.00000 0.018955
169130.00000 0.01909
169140.00000 0.019225
169150.00000 0.01936
169160.00000 0.019494
169170.00000 0.019627
169180.00000 0.01976
169190.00000 0.019893
169200.00000 0.020024
169210.00000 0.020154
169220.00000 0.020284
169230.00000 0.020413
169240.00000 0.020542
169250.00000 0.020671
169260.00000 0.020799
169270.00000 0.020926
169280.00000 0.021053
169290.00000 0.021179
169300.00000 0.021305
169310.00000 0.021431
169320.00000 0.021555
169330.00000 0.02168
169340.00000 0.021803
169350.00000 0.021926
169360.00000 0.022048
169370.00000 0.022169
169380.00000 0.022289
169390.00000 0.022409
169400.00000 0.022527
169410.00000 0.022646
169420.00000 0.022763
169430.00000 0.022881
169440.00000 0.022999
169450.00000 0.023116
169460.00000 0.023234
169470.00000 0.023352
169480.00000 0.023471
169490.00000 0.02359
169500.00000 0.023709
169510.00000 0.023827
169520.00000 0.023945
169530.00000 0.024061
169540.00000 0.024178
169550.00000 0.024295
169560.00000 0.024412
169570.00000 0.02453
169580.00000 0.024649
169590.00000 0.024769
169600.00000 0.024891
169610.00000 0.025014
169620.00000 0.02514
169630.00000 0.025269
169640.00000 0.0254
169650.00000 0.025531
169660.00000 0.025663
169670.00000 0.025795
169680.00000 0.025929
169690.00000 0.026063
169700.00000 0.0262
169710.00000 0.026339
169720.00000 0.02648
169730.00000 0.026624
169740.00000 0.026771
169750.00000 0.026922
169760.00000 0.027077
169770.00000 0.027236
169780.00000 0.0274
169790.00000 0.027567
169800.00000 0.027737
169810.00000 0.02791
169820.00000 0.028085
169830.00000 0.028264
169840.00000 0.028446
169850.00000 0.028631
169860.00000 0.02882
169870.00000 0.029014
169880.00000 0.029211
169890.00000 0.029412
169900.00000 0.029618
169910.00000 0.029829
169920.00000 0.030044
169930.00000 0.030265
169940.00000 0.030489
169950.00000 0.030719
169960.00000 0.030953
169970.00000 0.03119
169980.00000 0.031433
169990.00000 0.031679
170000.00000 0.031929
170010.00000 0.032183
170020.00000 0.032441
170030.00000 0.032703
170040.00000 0.032969
170050.00000 0.033238
170060.00000 0.033511
170070.00000 0.033788
170080.00000 0.034069
170090.00000 0.034355
170100.00000 0.034646
170110.00000 0.034941
170120.00000 0.035241
170130.00000 0.035543
170140.00000 0.03585
170150.00000 0.036159
170160.00000 0.036471
170170.00000 0.036785
170180.00000 0.037102
170190.00000 0.03742
170200.00000 0.03774
170210.00000 0.03806
170220.00000 0.038382
170230.00000 0.038707
170240.00000 0.039035
170250.00000 0.039366
170260.00000 0.039699
170270.00000 0.040035
170280.00000 0.040372
170290.00000 0.040712
170300.00000 0.041052
170310.00000 0.041395
170320.00000 0.041738
170330.00000 0.042082
170340.00000 0.042427
170350.00000 0.042772
170360.00000 0.043117
170370.00000 0.043464
170380.00000 0.043811
170390.00000 0.044159
170400.00000 0.044509
170410.00000 0.04486
170420.00000 0.045212
170430.00000 0.045565
170440.00000 0.045919
170450.00000 0.046274
170460.00000 0.04663
170470.00000 0.046987
170480.00000 0.047345
170490.00000 0.047704
170500.00000 0.048064
170510.00000 0.048424
170520.00000 0.048784
170530.00000 0.049144
170540.00000 0.049504
170550.00000 0.049865
170560.00000 0.050227
170570.00000 0.05059
170580.00000 0.050954
170590.00000 0.051321
170600.00000 0.051689
170610.00000 0.052061
170620.00000 0.052435
170630.00000 0.052812
170640.00000 0.053194
170650.00000 0.053579
170660.00000 0.053966
170670.00000 0.054355
170680.00000 0.054746
170690.00000 0.055139
170700.00000 0.055535
170710.00000 0.055933
170720.00000 0.056334
170730.00000 0.056738
170740.00000 0.057146
170750.00000 0.057557
170760.00000 0.057972
170770.00000 0.058391
170780.00000 0.058815
170790.00000 0.059243
170800.00000 0.059676
170810.00000 0.060112
170820.00000 0.060551
170830.00000 0.060993
170840.00000 0.061439
170850.00000 0.061888
170860.00000 0.062342
170870.00000 0.062799
170880.00000 0.063261
170890.00000 0.063728
170900.00000 0.064199
170910.00000 0.064675
170920.00000 0.065157
170930.00000 0.065644
170940.00000 0.066136
170950.00000 0.066634
170960.00000 0.067137
170970.00000 0.067644
170980.00000 0.068157
170990.00000 0.068674
171000.00000 0.069196
171010.00000 0.069723
171020.00000 0.070254
171030.00000 0.070791
171040.00000 0.071332
171050.00000 0.071878
171060.00000 0.072429
171070.00000 0.072985
171080.00000 0.073545
171090.00000 0.074111
171100.00000 0.07468
171110.00000 0.075254
171120.00000 0.075832
171130.00000 0.076415
171140.00000 0.077002
171150.00000 0.077594
171160.00000 0.078192
171170.00000 0.078794
171180.00000 0.079402
171190.00000 0.080016
171200.00000 0.080635
171210.00000 0.081261
171220.00000 0.081892
171230.00000 0.082531
171240.00000 0.083175
171250.00000 0.083825
171260.00000 0.084482
171270.00000 0.085144
171280.00000 0.085812
171290.00000 0.086485
171300.00000 0.087165
171310.00000 0.087849
171320.00000 0.08854
171330.00000 0.089235
171340.00000 0.089936
171350.00000 0.090642
171360.00000 0.091354
171370.00000 0.09207
171380.00000 0.092791
171390.00000 0.093518
171400.00000 0.094249
171410.00000 0.094985
171420.00000 0.095727
171430.00000 0.096474
171440.00000 0.097226
171450.00000 0.097983
171460.00000 0.098746
171470.00000 0.099514
171480.00000 0.100288
171490.00000 0.101068
171500.00000 0.101853
171510.00000 0.102644
171520.00000 0.103441
171530.00000 0.104244
171540.00000 0.105052
171550.00000 0.105865
171560.00000 0.106683
171570.00000 0.107506
171580.00000 0.108334
171590.00000 0.109168
171600.00000 0.110008
171610.00000 0.110855
171620.00000 0.111708
171630.00000 0.112567
171640.00000 0.113434
171650.00000 0.114308
171660.00000 0.115189
171670.00000 0.116077
171680.00000 0.116973
171690.00000 0.117873
171700.00000 0.118776
171710.00000 0.119686
171720.00000 0.1206
171730.00000 0.121522
171740.00000 0.12245
171750.00000 0.123387
171760.00000 0.124332
171770.00000 0.125288
171780.00000 0.126253
171790.00000 0.127229
171800.00000 0.128217
171810.00000 0.129218
171820.00000 0.130232
171830.00000 0.131258
171840.00000 0.132292
171850.00000 0.133336
171860.00000 0.13439
171870.00000 0.135453
171880.00000 0.136527
171890.00000 0.137612
171900.00000 0.138708
171910.00000 0.139815
171920.00000 0.140934
171930.00000 0.142066
171940.00000 0.14321
171950.00000 0.144367
171960.00000 0.145538
171970.00000 0.146723
171980.00000 0.147921
171990.00000 0.149132
172000.00000 0.150356
172010.00000 0.151593
172020.00000 0.152842
172030.00000 0.154104
172040.00000 0.155377
172050.00000 0.156663
172060.00000 0.157959
172070.00000 0.159267
172080.00000 0.160586
172090.00000 0.161916
172100.00000 0.163257
172110.00000 0.164608
172120.00000 0.165969
172130.00000 0.167345
172140.00000 0.168734
172150.00000 0.170137
172160.00000 0.171552
172170.00000 0.172979
172180.00000 0.174417
172190.00000 0.175865
172200.00000 0.177321
172210.00000 0.178786
172220.00000 0.180258
172230.00000 0.181737
172240.00000 0.183221
172250.00000 0.18471
172260.00000 0.186202
172270.00000 0.187699
172280.00000 0.189203
172290.00000 0.190717
172300.00000 0.192239
172310.00000 0.193768
172320.00000 0.195304
172330.00000 0.196847
172340.00000 0.198396
172350.00000 0.19995
172360.00000 0.201508
172370.00000 0.203071
172380.00000 0.204637
172390.00000 0.206207
172400.00000 0.207779
172410.00000 0.209352
172420.00000 0.210928
172430.00000 0.212507
172440.00000 0.21409
172450.00000 0.215677
172460.00000 0.217268
172470.00000 0.218862
172480.00000 0.220461
172490.00000 0.222063
172500.00000 0.223669
172510.00000 0.225279
172520.00000 0.226893
172530.00000 0.228511
172540.00000 0.230133
172550.00000 0.231758
172560.00000 0.233388
172570.00000 0.235021
172580.00000 0.236656
172590.00000 0.238295
172600.00000 0.239937
172610.00000 0.241582
172620.00000 0.243231
172630.00000 0.244885
172640.00000 0.246542
172650.00000 0.248204
172660.00000 0.249871
172670.00000 0.251543
172680.00000 0.253221
172690.00000 0.254904
172700.00000 0.256592
172710.00000 0.258287
172720.00000 0.259988
172730.00000 0.261695
172740.00000 0.263407
172750.00000 0.265125
172760.00000 0.266849
172770.00000 0.268577
172780.00000 0.27031
172790.00000 0.272049
172800.00000 0.273791
172810.00000 0.275538
172820.00000 0.277289
172830.00000 0.279044
172840.00000 0.280803
172850.00000 0.282566
172860.00000 0.284332
172870.00000 0.286102
172880.00000 0.287878
172890.00000 0.289658
172900.00000 0.291444
