threeML/data/optical_filters/Keck/LWS-f_1875.ecsv
# %ECSV 0.9
# ---
# datatype:
# - {name: wavelength, unit: Angstrom, datatype: float32}
# - {name: response, datatype: float32}
# meta: !!omap
# - {band_name: f_1875}
# - {group_name: LWS}
wavelength response
[from data line 1462]
191700.00000 0.3279
191710.00000 0.326258
191720.00000 0.324616
191730.00000 0.322975
191740.00000 0.321335
191750.00000 0.319697
191760.00000 0.318059
191770.00000 0.316422
191780.00000 0.314786
191790.00000 0.313151
191800.00000 0.311516
191810.00000 0.309882
191820.00000 0.308247
191830.00000 0.306613
191840.00000 0.304978
191850.00000 0.303344
191860.00000 0.301709
191870.00000 0.300073
191880.00000 0.298437
191890.00000 0.2968
191900.00000 0.295162
191910.00000 0.293523
191920.00000 0.291883
191930.00000 0.290241
191940.00000 0.288598
191950.00000 0.286955
191960.00000 0.28531
191970.00000 0.283665
191980.00000 0.282019
191990.00000 0.280373
192000.00000 0.278726
192010.00000 0.277078
192020.00000 0.275429
192030.00000 0.273779
192040.00000 0.272129
192050.00000 0.270478
192060.00000 0.268826
192070.00000 0.267173
192080.00000 0.265519
192090.00000 0.263864
192100.00000 0.262208
192110.00000 0.260551
192120.00000 0.258893
192130.00000 0.257233
192140.00000 0.255569
192150.00000 0.253903
192160.00000 0.252233
192170.00000 0.250562
192180.00000 0.248888
192190.00000 0.247214
192200.00000 0.245539
192210.00000 0.243864
192220.00000 0.242189
192230.00000 0.240515
192240.00000 0.238843
192250.00000 0.237172
192260.00000 0.235504
192270.00000 0.233839
192280.00000 0.232177
192290.00000 0.230519
192300.00000 0.228865
192310.00000 0.227217
192320.00000 0.225567
192330.00000 0.223916
192340.00000 0.222263
192350.00000 0.22061
192360.00000 0.218957
192370.00000 0.217306
192380.00000 0.215657
192390.00000 0.214011
192400.00000 0.212369
192410.00000 0.210732
192420.00000 0.209101
192430.00000 0.207477
192440.00000 0.20586
192450.00000 0.204252
192460.00000 0.202653
192470.00000 0.201064
192480.00000 0.199486
192490.00000 0.197921
192500.00000 0.196366
192510.00000 0.194816
192520.00000 0.193272
192530.00000 0.191734
192540.00000 0.190202
192550.00000 0.188678
192560.00000 0.187161
192570.00000 0.185652
192580.00000 0.184151
192590.00000 0.182659
192600.00000 0.181176
192610.00000 0.179703
192620.00000 0.17824
192630.00000 0.176788
192640.00000 0.175347
192650.00000 0.173918
192660.00000 0.172501
192670.00000 0.171096
192680.00000 0.169705
192690.00000 0.168325
192700.00000 0.166959
192710.00000 0.165604
192720.00000 0.16426
192730.00000 0.162928
192740.00000 0.161606
192750.00000 0.160295
192760.00000 0.158995
192770.00000 0.157703
192780.00000 0.156422
192790.00000 0.155149
192800.00000 0.153886
192810.00000 0.15263
192820.00000 0.151383
192830.00000 0.150144
192840.00000 0.148911
192850.00000 0.147686
192860.00000 0.146468
192870.00000 0.145257
192880.00000 0.144057
192890.00000 0.142868
192900.00000 0.141689
192910.00000 0.140519
192920.00000 0.139359
192930.00000 0.138207
192940.00000 0.137064
192950.00000 0.135928
192960.00000 0.134799
192970.00000 0.133676
192980.00000 0.13256
192990.00000 0.131449
193000.00000 0.130344
193010.00000 0.129242
193020.00000 0.128145
193030.00000 0.127051
193040.00000 0.12596
193050.00000 0.124871
193060.00000 0.123786
193070.00000 0.122704
193080.00000 0.121627
193090.00000 0.120555
193100.00000 0.119487
193110.00000 0.118424
193120.00000 0.117366
193130.00000 0.116313
193140.00000 0.115266
193150.00000 0.114224
193160.00000 0.113188
193170.00000 0.112158
193180.00000 0.111133
193190.00000 0.110116
193200.00000 0.109104
193210.00000 0.108099
193220.00000 0.1071
193230.00000 0.106108
193240.00000 0.105123
193250.00000 0.104142
193260.00000 0.103165
193270.00000 0.102191
193280.00000 0.101222
193290.00000 0.100257
193300.00000 0.099299
193310.00000 0.098346
193320.00000 0.097401
193330.00000 0.096462
193340.00000 0.095531
193350.00000 0.094608
193360.00000 0.093695
193370.00000 0.092791
193380.00000 0.091896
193390.00000 0.091012
193400.00000 0.09014
193410.00000 0.089278
193420.00000 0.088429
193430.00000 0.087592
193440.00000 0.086764
193450.00000 0.085944
193460.00000 0.085134
193470.00000 0.084332
193480.00000 0.08354
193490.00000 0.082757
193500.00000 0.081984
193510.00000 0.08122
193520.00000 0.080466
193530.00000 0.079722
193540.00000 0.078988
193550.00000 0.078264
193560.00000 0.07755
193570.00000 0.076847
193580.00000 0.076154
193590.00000 0.075472
193600.00000 0.0748
193610.00000 0.07414
193620.00000 0.073492
193630.00000 0.072857
193640.00000 0.072234
193650.00000 0.071624
193660.00000 0.071025
193670.00000 0.070438
193680.00000 0.06986
193690.00000 0.069293
193700.00000 0.068735
193710.00000 0.068185
193720.00000 0.067644
193730.00000 0.06711
193740.00000 0.066583
193750.00000 0.066062
193760.00000 0.065547
193770.00000 0.065037
193780.00000 0.064533
193790.00000 0.064032
193800.00000 0.063534
193810.00000 0.063044
193820.00000 0.062564
193830.00000 0.062093
193840.00000 0.06163
193850.00000 0.061175
193860.00000 0.060727
193870.00000 0.060286
193880.00000 0.059851
193890.00000 0.059421
193900.00000 0.058996
193910.00000 0.058576
193920.00000 0.058159
193930.00000 0.057745
193940.00000 0.057334
193950.00000 0.056925
193960.00000 0.056518
193970.00000 0.056111
193980.00000 0.055704
193990.00000 0.055298
194000.00000 0.054895
194010.00000 0.054497
194020.00000 0.054102
194030.00000 0.053712
194040.00000 0.053325
194050.00000 0.052941
194060.00000 0.05256
194070.00000 0.052182
194080.00000 0.051806
194090.00000 0.051432
194100.00000 0.05106
194110.00000 0.050689
194120.00000 0.050319
194130.00000 0.04995
194140.00000 0.049582
194150.00000 0.049213
194160.00000 0.048845
194170.00000 0.048476
194180.00000 0.048107
194190.00000 0.047738
194200.00000 0.04737
194210.00000 0.047002
194220.00000 0.046636
194230.00000 0.04627
194240.00000 0.045905
194250.00000 0.045541
194260.00000 0.045178
194270.00000 0.044817
194280.00000 0.044457
194290.00000 0.044098
194300.00000 0.043741
194310.00000 0.043386
194320.00000 0.043032
194330.00000 0.042679
194340.00000 0.042329
194350.00000 0.041981
194360.00000 0.041634
194370.00000 0.04129
194380.00000 0.040947
194390.00000 0.040605
194400.00000 0.040264
194410.00000 0.039925
194420.00000 0.039587
194430.00000 0.039251
194440.00000 0.038916
194450.00000 0.038583
194460.00000 0.038252
194470.00000 0.037923
194480.00000 0.037595
194490.00000 0.03727
194500.00000 0.036946
194510.00000 0.036625
194520.00000 0.036306
194530.00000 0.035989
194540.00000 0.035674
194550.00000 0.035362
194560.00000 0.035052
194570.00000 0.034744
194580.00000 0.034437
194590.00000 0.034131
194600.00000 0.033827
194610.00000 0.033525
194620.00000 0.033225
194630.00000 0.032927
194640.00000 0.032632
194650.00000 0.032338
194660.00000 0.032047
194670.00000 0.031759
194680.00000 0.031473
194690.00000 0.031191
194700.00000 0.030911
194710.00000 0.030634
194720.00000 0.03036
194730.00000 0.03009
194740.00000 0.029823
194750.00000 0.029559
194760.00000 0.029299
194770.00000 0.029042
194780.00000 0.028787
194790.00000 0.028536
194800.00000 0.028287
194810.00000 0.028041
194820.00000 0.027798
194830.00000 0.027558
194840.00000 0.027321
194850.00000 0.027085
194860.00000 0.026853
194870.00000 0.026623
194880.00000 0.026395
194890.00000 0.02617
194900.00000 0.025947
194910.00000 0.025726
194920.00000 0.025508
194930.00000 0.025292
194940.00000 0.025078
194950.00000 0.024866
194960.00000 0.024657
194970.00000 0.024451
194980.00000 0.024247
194990.00000 0.024046
195000.00000 0.023847
195010.00000 0.02365
195020.00000 0.023456
195030.00000 0.023264
195040.00000 0.023075
195050.00000 0.022887
195060.00000 0.022702
195070.00000 0.02252
195080.00000 0.022339
195090.00000 0.022161
195100.00000 0.021984
195110.00000 0.02181
195120.00000 0.021638
195130.00000 0.021468
195140.00000 0.021301
195150.00000 0.021137
195160.00000 0.020976
195170.00000 0.020817
195180.00000 0.020661
195190.00000 0.020507
195200.00000 0.020355
195210.00000 0.020205
195220.00000 0.020057
195230.00000 0.019911
195240.00000 0.019766
195250.00000 0.019623
195260.00000 0.019481
195270.00000 0.01934
195280.00000 0.0192
195290.00000 0.019062
195300.00000 0.018924
195310.00000 0.018786
195320.00000 0.01865
195330.00000 0.018515
195340.00000 0.018381
195350.00000 0.01825
195360.00000 0.01812
195370.00000 0.017991
195380.00000 0.017864
195390.00000 0.017738
195400.00000 0.017613
195410.00000 0.01749
195420.00000 0.017367
195430.00000 0.017245
195440.00000 0.017125
195450.00000 0.017005
195460.00000 0.016886
195470.00000 0.016767
195480.00000 0.016649
195490.00000 0.016532
195500.00000 0.016415
195510.00000 0.016299
195520.00000 0.016184
195530.00000 0.01607
195540.00000 0.015958
195550.00000 0.015846
195560.00000 0.015736
195570.00000 0.015627
195580.00000 0.015518
195590.00000 0.01541
195600.00000 0.015303
195610.00000 0.015196
195620.00000 0.015089
195630.00000 0.014983
195640.00000 0.014877
195650.00000 0.014771
195660.00000 0.014665
195670.00000 0.014559
195680.00000 0.014453
195690.00000 0.014346
195700.00000 0.01424
195710.00000 0.014132
195720.00000 0.014025
195730.00000 0.013919
195740.00000 0.013812
195750.00000 0.013705
195760.00000 0.013598
195770.00000 0.013492
195780.00000 0.013385
195790.00000 0.013279
195800.00000 0.013173
195810.00000 0.013068
195820.00000 0.012963
195830.00000 0.012859
195840.00000 0.012755
195850.00000 0.012651
195860.00000 0.012548
195870.00000 0.012445
195880.00000 0.012343
195890.00000 0.012242
195900.00000 0.012141
195910.00000 0.01204
195920.00000 0.011939
195930.00000 0.011838
195940.00000 0.011738
195950.00000 0.011638
195960.00000 0.011538
195970.00000 0.011439
195980.00000 0.01134
195990.00000 0.011242
196000.00000 0.011145
196010.00000 0.011049
196020.00000 0.010953
196030.00000 0.010858
196040.00000 0.010764
196050.00000 0.010671
196060.00000 0.01058
196070.00000 0.010489
196080.00000 0.0104
196090.00000 0.010311
196100.00000 0.010223
196110.00000 0.010136
196120.00000 0.010049
196130.00000 0.009963
196140.00000 0.009878
196150.00000 0.009794
196160.00000 0.009711
196170.00000 0.009628
196180.00000 0.009547
196190.00000 0.009466
196200.00000 0.009387
196210.00000 0.009309
196220.00000 0.009232
196230.00000 0.009156
196240.00000 0.009081
196250.00000 0.009007
196260.00000 0.008936
196270.00000 0.008865
196280.00000 0.008796
196290.00000 0.008728
196300.00000 0.008662
196310.00000 0.008598
196320.00000 0.008535
196330.00000 0.008473
196340.00000 0.008412
196350.00000 0.008352
196360.00000 0.008294
196370.00000 0.008236
196380.00000 0.008179
196390.00000 0.008123
196400.00000 0.008068
196410.00000 0.008013
196420.00000 0.007958
196430.00000 0.007904
196440.00000 0.007851
196450.00000 0.007797
196460.00000 0.007744
196470.00000 0.007691
196480.00000 0.00764
196490.00000 0.007589
196500.00000 0.00754
196510.00000 0.007491
196520.00000 0.007443
196530.00000 0.007396
196540.00000 0.00735
196550.00000 0.007303
196560.00000 0.007258
196570.00000 0.007212
196580.00000 0.007167
196590.00000 0.007121
196600.00000 0.007075
196610.00000 0.007029
196620.00000 0.006983
196630.00000 0.006936
196640.00000 0.006889
196650.00000 0.006841
196660.00000 0.006792
196670.00000 0.006743
196680.00000 0.006693
196690.00000 0.006644
196700.00000 0.006594
196710.00000 0.006544
196720.00000 0.006494
196730.00000 0.006444
196740.00000 0.006394
196750.00000 0.006343
196760.00000 0.006293
196770.00000 0.006242
196780.00000 0.006191
196790.00000 0.006139
196800.00000 0.006088
196810.00000 0.006036
196820.00000 0.005984
196830.00000 0.005931
196840.00000 0.005878
196850.00000 0.005825
196860.00000 0.005772
196870.00000 0.005717
196880.00000 0.005662
196890.00000 0.005606
196900.00000 0.00555
196910.00000 0.005493
196920.00000 0.005436
196930.00000 0.005379
196940.00000 0.005322
196950.00000 0.005264
196960.00000 0.005207
196970.00000 0.00515
196980.00000 0.005094
196990.00000 0.005038
197000.00000 0.004982
197010.00000 0.004927
197020.00000 0.004873
197030.00000 0.00482
197040.00000 0.004767
197050.00000 0.004716
197060.00000 0.004665
197070.00000 0.004614
197080.00000 0.004563
197090.00000 0.004513
197100.00000 0.004463
197110.00000 0.004414
197120.00000 0.004365
197130.00000 0.004316
197140.00000 0.004268
197150.00000 0.004221
197160.00000 0.004174
197170.00000 0.004128
197180.00000 0.004082
197190.00000 0.004038
216909.00000 0.0
