threeML/data/optical_filters/Keck/LWS-f_1875.ecsv
# %ECSV 0.9
# ---
# datatype:
# - {name: wavelength, unit: Angstrom, datatype: float32}
# - {name: response, datatype: float32}
# meta: !!omap
# - {band_name: f_1875}
# - {group_name: LWS}
wavelength response
[from data line 731]
184390.00000 0.475456
184400.00000 0.476549
184410.00000 0.477634
184420.00000 0.478712
184430.00000 0.479783
184440.00000 0.480845
184450.00000 0.481901
184460.00000 0.482949
184470.00000 0.48399
184480.00000 0.485024
184490.00000 0.486051
184500.00000 0.48707
184510.00000 0.488083
184520.00000 0.489088
184530.00000 0.490086
184540.00000 0.491077
184550.00000 0.49206
184560.00000 0.493036
184570.00000 0.494005
184580.00000 0.494967
184590.00000 0.495921
184600.00000 0.496868
184610.00000 0.497807
184620.00000 0.498739
184630.00000 0.499664
184640.00000 0.500582
184650.00000 0.501492
184660.00000 0.502395
184670.00000 0.50329
184680.00000 0.504179
184690.00000 0.505059
184700.00000 0.505932
184710.00000 0.506798
184720.00000 0.507656
184730.00000 0.508508
184740.00000 0.509351
184750.00000 0.510188
184760.00000 0.511017
184770.00000 0.511839
184780.00000 0.512654
184790.00000 0.513462
184800.00000 0.514263
184810.00000 0.515057
184820.00000 0.515844
184830.00000 0.516624
184840.00000 0.517397
184850.00000 0.518164
184860.00000 0.518924
184870.00000 0.519677
184880.00000 0.520423
184890.00000 0.521162
184900.00000 0.521894
184910.00000 0.52262
184920.00000 0.523338
184930.00000 0.524049
184940.00000 0.524753
184950.00000 0.525449
184960.00000 0.526139
184970.00000 0.526821
184980.00000 0.527495
184990.00000 0.528163
185000.00000 0.528822
185010.00000 0.529475
185020.00000 0.530119
185030.00000 0.530756
185040.00000 0.531385
185050.00000 0.532007
185060.00000 0.532622
185070.00000 0.533229
185080.00000 0.533828
185090.00000 0.534421
185100.00000 0.535006
185110.00000 0.535585
185120.00000 0.536156
185130.00000 0.53672
185140.00000 0.537278
185150.00000 0.537828
185160.00000 0.538372
185170.00000 0.53891
185180.00000 0.53944
185190.00000 0.539965
185200.00000 0.540482
185210.00000 0.540992
185220.00000 0.541496
185230.00000 0.541993
185240.00000 0.542482
185250.00000 0.542965
185260.00000 0.543442
185270.00000 0.543911
185280.00000 0.544373
185290.00000 0.544829
185300.00000 0.545278
185310.00000 0.54572
185320.00000 0.546156
185330.00000 0.546585
185340.00000 0.547007
185350.00000 0.547422
185360.00000 0.547831
185370.00000 0.548233
185380.00000 0.548627
185390.00000 0.549014
185400.00000 0.549393
185410.00000 0.549766
185420.00000 0.550133
185430.00000 0.550492
185440.00000 0.550845
185450.00000 0.551192
185460.00000 0.551532
185470.00000 0.551867
185480.00000 0.552196
185490.00000 0.552519
185500.00000 0.552836
185510.00000 0.553148
185520.00000 0.553455
185530.00000 0.553757
185540.00000 0.554053
185550.00000 0.554342
185560.00000 0.554626
185570.00000 0.554903
185580.00000 0.555174
185590.00000 0.555439
185600.00000 0.555699
185610.00000 0.555953
185620.00000 0.556201
185630.00000 0.556444
185640.00000 0.556682
185650.00000 0.556915
185660.00000 0.557142
185670.00000 0.557365
185680.00000 0.557583
185690.00000 0.557797
185700.00000 0.558006
185710.00000 0.558209
185720.00000 0.558406
185730.00000 0.558597
185740.00000 0.558782
185750.00000 0.558962
185760.00000 0.559136
185770.00000 0.559305
185780.00000 0.559469
185790.00000 0.559629
185800.00000 0.559785
185810.00000 0.559937
185820.00000 0.560085
185830.00000 0.56023
185840.00000 0.560372
185850.00000 0.560511
185860.00000 0.560648
185870.00000 0.560782
185880.00000 0.560914
185890.00000 0.561042
185900.00000 0.561165
185910.00000 0.561283
185920.00000 0.561398
185930.00000 0.561509
185940.00000 0.561617
185950.00000 0.561721
185960.00000 0.561823
185970.00000 0.561922
185980.00000 0.562018
185990.00000 0.562112
186000.00000 0.562204
186010.00000 0.562295
186020.00000 0.562384
186030.00000 0.562472
186040.00000 0.562558
186050.00000 0.562644
186060.00000 0.562728
186070.00000 0.562808
186080.00000 0.562886
186090.00000 0.562961
186100.00000 0.563033
186110.00000 0.563104
186120.00000 0.563173
186130.00000 0.56324
186140.00000 0.563306
186150.00000 0.563371
186160.00000 0.563434
186170.00000 0.563498
186180.00000 0.563561
186190.00000 0.563623
186200.00000 0.563686
186210.00000 0.563749
186220.00000 0.563812
186230.00000 0.563876
186240.00000 0.563939
186250.00000 0.564001
186260.00000 0.564063
186270.00000 0.564124
186280.00000 0.564185
186290.00000 0.564245
186300.00000 0.564305
186310.00000 0.564363
186320.00000 0.564422
186330.00000 0.564479
186340.00000 0.564536
186350.00000 0.564592
186360.00000 0.564648
186370.00000 0.564703
186380.00000 0.564757
186390.00000 0.564811
186400.00000 0.564864
186410.00000 0.564917
186420.00000 0.56497
186430.00000 0.565023
186440.00000 0.565076
186450.00000 0.565128
186460.00000 0.565179
186470.00000 0.56523
186480.00000 0.56528
186490.00000 0.565329
186500.00000 0.565376
186510.00000 0.565422
186520.00000 0.565467
186530.00000 0.56551
186540.00000 0.565551
186550.00000 0.56559
186560.00000 0.565627
186570.00000 0.565662
186580.00000 0.565696
186590.00000 0.56573
186600.00000 0.565762
186610.00000 0.565794
186620.00000 0.565824
186630.00000 0.565853
186640.00000 0.56588
186650.00000 0.565906
186660.00000 0.565929
186670.00000 0.565951
186680.00000 0.56597
186690.00000 0.565987
186700.00000 0.566001
186710.00000 0.566011
186720.00000 0.566019
186730.00000 0.566024
186740.00000 0.566025
186750.00000 0.566023
186760.00000 0.566018
186770.00000 0.566011
186780.00000 0.566002
186790.00000 0.56599
186800.00000 0.565975
186810.00000 0.565958
186820.00000 0.565938
186830.00000 0.565915
186840.00000 0.56589
186850.00000 0.565862
186860.00000 0.565832
186870.00000 0.565798
186880.00000 0.565762
186890.00000 0.565724
186900.00000 0.565682
186910.00000 0.565638
186920.00000 0.56559
186930.00000 0.56554
186940.00000 0.565486
186950.00000 0.565428
186960.00000 0.565368
186970.00000 0.565305
186980.00000 0.565239
186990.00000 0.56517
187000.00000 0.565099
187010.00000 0.565025
187020.00000 0.56495
187030.00000 0.564872
187040.00000 0.564793
187050.00000 0.564711
187060.00000 0.564628
187070.00000 0.564544
187080.00000 0.564458
187090.00000 0.564371
187100.00000 0.564282
187110.00000 0.564191
187120.00000 0.564097
187130.00000 0.564
187140.00000 0.563901
187150.00000 0.5638
187160.00000 0.563697
187170.00000 0.563593
187180.00000 0.563487
187190.00000 0.56338
187200.00000 0.563272
187210.00000 0.563163
187220.00000 0.563053
187230.00000 0.562943
187240.00000 0.562833
187250.00000 0.562722
187260.00000 0.562612
187270.00000 0.562502
187280.00000 0.562391
187290.00000 0.562278
187300.00000 0.562164
187310.00000 0.56205
187320.00000 0.561934
187330.00000 0.561818
187340.00000 0.561701
187350.00000 0.561583
187360.00000 0.561465
187370.00000 0.561347
187380.00000 0.561229
187390.00000 0.561111
187400.00000 0.560993
187410.00000 0.560875
187420.00000 0.560758
187430.00000 0.560641
187440.00000 0.560525
187450.00000 0.560409
187460.00000 0.560293
187470.00000 0.560178
187480.00000 0.560062
187490.00000 0.559947
187500.00000 0.559831
187510.00000 0.559716
187520.00000 0.5596
187530.00000 0.559485
187540.00000 0.55937
187550.00000 0.559255
187560.00000 0.55914
187570.00000 0.559025
187580.00000 0.55891
187590.00000 0.558795
187600.00000 0.55868
187610.00000 0.558565
187620.00000 0.558451
187630.00000 0.558336
187640.00000 0.558222
187650.00000 0.558108
187660.00000 0.557994
187670.00000 0.557881
187680.00000 0.557767
187690.00000 0.557653
187700.00000 0.55754
187710.00000 0.557426
187720.00000 0.557312
187730.00000 0.557199
187740.00000 0.557085
187750.00000 0.556972
187760.00000 0.556858
187770.00000 0.556744
187780.00000 0.556631
187790.00000 0.556517
187800.00000 0.556403
187810.00000 0.556289
187820.00000 0.556175
187830.00000 0.556061
187840.00000 0.555948
187850.00000 0.555834
187860.00000 0.555721
187870.00000 0.555607
187880.00000 0.555493
187890.00000 0.555379
187900.00000 0.555265
187910.00000 0.555151
187920.00000 0.555036
187930.00000 0.554921
187940.00000 0.554806
187950.00000 0.554691
187960.00000 0.554575
187970.00000 0.554458
187980.00000 0.554342
187990.00000 0.554224
188000.00000 0.554106
188010.00000 0.553988
188020.00000 0.553869
188030.00000 0.553751
188040.00000 0.553631
188050.00000 0.553512
188060.00000 0.553392
188070.00000 0.553273
188080.00000 0.553153
188090.00000 0.553033
188100.00000 0.552914
188110.00000 0.552794
188120.00000 0.552675
188130.00000 0.552555
188140.00000 0.552436
188150.00000 0.552318
188160.00000 0.552199
188170.00000 0.55208
188180.00000 0.551962
188190.00000 0.551844
188200.00000 0.551725
188210.00000 0.551607
188220.00000 0.551488
188230.00000 0.55137
188240.00000 0.551252
188250.00000 0.551133
188260.00000 0.551015
188270.00000 0.550897
188280.00000 0.550778
188290.00000 0.55066
188300.00000 0.550541
188310.00000 0.550422
188320.00000 0.550304
188330.00000 0.550185
188340.00000 0.550066
188350.00000 0.549946
188360.00000 0.549826
188370.00000 0.549707
188380.00000 0.549587
188390.00000 0.549467
188400.00000 0.549347
188410.00000 0.549227
188420.00000 0.549107
188430.00000 0.548987
188440.00000 0.548868
188450.00000 0.548749
188460.00000 0.54863
188470.00000 0.548511
188480.00000 0.548393
188490.00000 0.548276
188500.00000 0.548159
188510.00000 0.548043
188520.00000 0.547927
188530.00000 0.547812
188540.00000 0.547698
188550.00000 0.547584
188560.00000 0.54747
188570.00000 0.547356
188580.00000 0.547243
188590.00000 0.54713
188600.00000 0.547017
188610.00000 0.546904
188620.00000 0.546791
188630.00000 0.546678
188640.00000 0.546565
188650.00000 0.546451
188660.00000 0.546338
188670.00000 0.546224
188680.00000 0.546109
188690.00000 0.545995
188700.00000 0.54588
188710.00000 0.545766
188720.00000 0.545652
188730.00000 0.545537
188740.00000 0.545423
188750.00000 0.545309
188760.00000 0.545194
188770.00000 0.545079
188780.00000 0.544964
188790.00000 0.544849
188800.00000 0.544733
188810.00000 0.544617
188820.00000 0.544501
188830.00000 0.544384
188840.00000 0.544267
188850.00000 0.544149
188860.00000 0.544031
188870.00000 0.543913
188880.00000 0.543796
188890.00000 0.543679
188900.00000 0.543563
188910.00000 0.543447
188920.00000 0.54333
188930.00000 0.543213
188940.00000 0.543096
188950.00000 0.542977
188960.00000 0.542858
188970.00000 0.542737
188980.00000 0.542614
188990.00000 0.54249
189000.00000 0.542364
189010.00000 0.542236
189020.00000 0.542106
189030.00000 0.541972
189040.00000 0.541836
189050.00000 0.541699
189060.00000 0.54156
189070.00000 0.54142
189080.00000 0.541279
189090.00000 0.541136
189100.00000 0.540992
189110.00000 0.540846
189120.00000 0.540698
189130.00000 0.540548
189140.00000 0.540396
189150.00000 0.540243
189160.00000 0.540087
189170.00000 0.539928
189180.00000 0.539767
189190.00000 0.539604
189200.00000 0.539438
189210.00000 0.53927
189220.00000 0.539098
189230.00000 0.538926
189240.00000 0.538752
189250.00000 0.538577
189260.00000 0.5384
189270.00000 0.53822
189280.00000 0.538039
189290.00000 0.537856
189300.00000 0.53767
189310.00000 0.537481
189320.00000 0.537289
189330.00000 0.537094
189340.00000 0.536895
189350.00000 0.536693
189360.00000 0.536488
189370.00000 0.536278
189380.00000 0.536064
189390.00000 0.535845
189400.00000 0.535623
189410.00000 0.535398
189420.00000 0.53517
189430.00000 0.53494
189440.00000 0.534706
189450.00000 0.53447
189460.00000 0.534229
189470.00000 0.533986
189480.00000 0.533738
189490.00000 0.533487
189500.00000 0.533231
189510.00000 0.532972
189520.00000 0.532708
189530.00000 0.532439
189540.00000 0.532165
189550.00000 0.531886
189560.00000 0.531601
189570.00000 0.531312
189580.00000 0.531017
189590.00000 0.53072
189600.00000 0.530419
189610.00000 0.530115
189620.00000 0.529806
189630.00000 0.529494
189640.00000 0.529177
189650.00000 0.528856
189660.00000 0.528529
189670.00000 0.528197
189680.00000 0.52786
189690.00000 0.527516
189700.00000 0.527166
189710.00000 0.526809
189720.00000 0.526446
189730.00000 0.526075
189740.00000 0.525696
189750.00000 0.525309
189760.00000 0.524915
189770.00000 0.524514
189780.00000 0.524106
189790.00000 0.523691
189800.00000 0.52327
189810.00000 0.522842
189820.00000 0.522407
189830.00000 0.521967
189840.00000 0.52152
189850.00000 0.521066
189860.00000 0.520607
189870.00000 0.520142
189880.00000 0.51967
189890.00000 0.519193
189900.00000 0.51871
189910.00000 0.518221
189920.00000 0.517727
189930.00000 0.517227
189940.00000 0.516721
189950.00000 0.516208
189960.00000 0.515687
189970.00000 0.51516
189980.00000 0.514626
189990.00000 0.514085
190000.00000 0.513539
190010.00000 0.512987
190020.00000 0.512429
190030.00000 0.511866
190040.00000 0.511299
190050.00000 0.510727
190060.00000 0.510151
190070.00000 0.509571
190080.00000 0.508987
190090.00000 0.5084
190100.00000 0.507811
190110.00000 0.507218
190120.00000 0.506623
190130.00000 0.506023
190140.00000 0.505417
190150.00000 0.504808
190160.00000 0.504193
190170.00000 0.503575
190180.00000 0.502952
190190.00000 0.502325
190200.00000 0.501695
190210.00000 0.501061
190220.00000 0.500423
190230.00000 0.499783
190240.00000 0.49914
190250.00000 0.498493
190260.00000 0.497845
190270.00000 0.497194
190280.00000 0.496541
190290.00000 0.495886
190300.00000 0.495229
190310.00000 0.494571
190320.00000 0.493913
190330.00000 0.493252
190340.00000 0.49259
190350.00000 0.491926
190360.00000 0.491259
190370.00000 0.490589
190380.00000 0.489916
190390.00000 0.489239
190400.00000 0.488558
190410.00000 0.487872
190420.00000 0.487181
190430.00000 0.486486
190440.00000 0.485784
190450.00000 0.485076
190460.00000 0.484362
190470.00000 0.483642
190480.00000 0.482914
190490.00000 0.482184
190500.00000 0.481451
190510.00000 0.480715
190520.00000 0.479976
190530.00000 0.479233
190540.00000 0.478486
190550.00000 0.477733
190560.00000 0.476973
190570.00000 0.476208
190580.00000 0.475435
190590.00000 0.474655
190600.00000 0.473866
190610.00000 0.473069
190620.00000 0.472262
190630.00000 0.471445
190640.00000 0.470617
190650.00000 0.469777
190660.00000 0.468926
190670.00000 0.468067
190680.00000 0.467202
190690.00000 0.46633
190700.00000 0.46545
190710.00000 0.464562
190720.00000 0.463666
190730.00000 0.462761
190740.00000 0.461847
190750.00000 0.460923
190760.00000 0.459989
190770.00000 0.459045
190780.00000 0.458089
190790.00000 0.457122
190800.00000 0.456142
190810.00000 0.455151
190820.00000 0.454146
190830.00000 0.453128
190840.00000 0.452096
190850.00000 0.451052
190860.00000 0.449996
190870.00000 0.448929
190880.00000 0.44785
190890.00000 0.446761
190900.00000 0.445659
190910.00000 0.444547
190920.00000 0.443422
190930.00000 0.442287
190940.00000 0.441139
190950.00000 0.43998
190960.00000 0.43881
190970.00000 0.437628
190980.00000 0.436434
190990.00000 0.435228
191000.00000 0.434011
191010.00000 0.432782
191020.00000 0.431541
191030.00000 0.430288
191040.00000 0.429021
191050.00000 0.427741
191060.00000 0.426448
191070.00000 0.425143
191080.00000 0.423825
191090.00000 0.422496
191100.00000 0.421156
191110.00000 0.419804
191120.00000 0.418442
191130.00000 0.41707
191140.00000 0.415688
191150.00000 0.414297
191160.00000 0.412896
191170.00000 0.411487
191180.00000 0.41007
191190.00000 0.408645
191200.00000 0.407212
191210.00000 0.405771
191220.00000 0.404318
191230.00000 0.402853
191240.00000 0.401376
191250.00000 0.399888
191260.00000 0.398389
191270.00000 0.396881
191280.00000 0.395365
191290.00000 0.393839
191300.00000 0.392307
191310.00000 0.390767
191320.00000 0.389221
191330.00000 0.38767
191340.00000 0.386114
191350.00000 0.384554
191360.00000 0.382991
191370.00000 0.381424
191380.00000 0.379856
191390.00000 0.378286
191400.00000 0.37671
191410.00000 0.375126
191420.00000 0.373534
191430.00000 0.371935
191440.00000 0.370331
191450.00000 0.36872
191460.00000 0.367105
191470.00000 0.365486
191480.00000 0.363862
191490.00000 0.362236
191500.00000 0.360607
191510.00000 0.358977
191520.00000 0.357345
191530.00000 0.355713
191540.00000 0.35408
191550.00000 0.352449
191560.00000 0.350818
191570.00000 0.34919
191580.00000 0.347561
191590.00000 0.345931
191600.00000 0.344298
191610.00000 0.342663
191620.00000 0.341027
191630.00000 0.339389
191640.00000 0.33775
191650.00000 0.336109
191660.00000 0.334468
191670.00000 0.332827
191680.00000 0.331184
