threeML/data/optical_filters/Keck/LWS-Nwide.ecsv
# %ECSV 0.9
# ---
# datatype:
# - {name: wavelength, unit: Angstrom, datatype: float32}
# - {name: response, datatype: float32}
# meta: !!omap
# - {band_name: Nwide}
# - {group_name: LWS}
wavelength response
65304.00000 0.0
72560.00000 0.004123
72610.00000 0.004276
72660.00000 0.004438
72710.00000 0.004609
72760.00000 0.00479
72810.00000 0.00498
72860.00000 0.005182
72910.00000 0.005394
72960.00000 0.005617
73010.00000 0.005851
73060.00000 0.006098
73110.00000 0.006357
73160.00000 0.006628
73210.00000 0.006912
73260.00000 0.007209
73310.00000 0.007521
73360.00000 0.007846
73410.00000 0.008185
73460.00000 0.008539
73510.00000 0.008908
73560.00000 0.009293
73610.00000 0.009693
73660.00000 0.01011
73710.00000 0.01054
73760.00000 0.01099
73810.00000 0.01146
73860.00000 0.01195
73910.00000 0.01246
73960.00000 0.013
74010.00000 0.01357
74060.00000 0.01418
74110.00000 0.01482
74160.00000 0.0155
74210.00000 0.01622
74260.00000 0.01698
74310.00000 0.0178
74360.00000 0.01867
74410.00000 0.01959
74460.00000 0.02057
74510.00000 0.02161
74560.00000 0.02271
74610.00000 0.02388
74660.00000 0.02513
74710.00000 0.02644
74760.00000 0.02784
74810.00000 0.02931
74860.00000 0.03087
74910.00000 0.03251
74960.00000 0.03424
75010.00000 0.03607
75060.00000 0.03799
75110.00000 0.04001
75160.00000 0.04213
75210.00000 0.04435
75260.00000 0.04668
75310.00000 0.04911
75360.00000 0.05164
75410.00000 0.05429
75460.00000 0.05704
75510.00000 0.05991
75560.00000 0.0629
75610.00000 0.06606
75660.00000 0.0694
75710.00000 0.07297
75760.00000 0.0768
75810.00000 0.08092
75860.00000 0.08536
75910.00000 0.09017
75960.00000 0.09538
76010.00000 0.101
76060.00000 0.1071
76110.00000 0.1137
76160.00000 0.1209
76210.00000 0.1287
76260.00000 0.1371
76310.00000 0.1462
76360.00000 0.156
76410.00000 0.1666
76460.00000 0.178
76510.00000 0.1904
76560.00000 0.2036
76610.00000 0.2178
76660.00000 0.2329
76710.00000 0.2489
76760.00000 0.2657
76810.00000 0.2833
76860.00000 0.3015
76910.00000 0.3202
76960.00000 0.3395
77010.00000 0.3592
77060.00000 0.3793
77110.00000 0.3996
77160.00000 0.4202
77210.00000 0.4408
77260.00000 0.4614
77310.00000 0.4819
77360.00000 0.5023
77410.00000 0.5225
77460.00000 0.5423
77510.00000 0.5617
77560.00000 0.5806
77610.00000 0.599
77660.00000 0.6167
77710.00000 0.6337
77760.00000 0.6499
77810.00000 0.6653
77860.00000 0.6798
77910.00000 0.6933
77960.00000 0.7057
78010.00000 0.7172
78060.00000 0.7278
78110.00000 0.7375
78160.00000 0.7465
78210.00000 0.7548
78260.00000 0.7625
78310.00000 0.7698
78360.00000 0.7765
78410.00000 0.7829
78460.00000 0.789
78510.00000 0.7948
78560.00000 0.8004
78610.00000 0.8059
78660.00000 0.8113
78710.00000 0.8166
78760.00000 0.8217
78810.00000 0.8267
78860.00000 0.8315
78910.00000 0.8363
78960.00000 0.8409
79010.00000 0.8453
79060.00000 0.8497
79110.00000 0.8539
79160.00000 0.858
79210.00000 0.862
79260.00000 0.8659
79310.00000 0.8696
79360.00000 0.8732
79410.00000 0.8767
79460.00000 0.8801
79510.00000 0.8834
79560.00000 0.8865
79610.00000 0.8895
79660.00000 0.8924
79710.00000 0.8952
79760.00000 0.8979
79810.00000 0.9005
79860.00000 0.9029
79910.00000 0.9052
79960.00000 0.9075
80010.00000 0.9096
80060.00000 0.9115
80110.00000 0.9134
80160.00000 0.9152
80210.00000 0.9168
80260.00000 0.9184
80310.00000 0.9198
80360.00000 0.9211
80410.00000 0.9224
80460.00000 0.9235
80510.00000 0.9245
80560.00000 0.9254
80610.00000 0.9262
80660.00000 0.9268
80710.00000 0.9274
80760.00000 0.9279
80810.00000 0.9283
80860.00000 0.9285
80910.00000 0.9287
80960.00000 0.9288
81010.00000 0.9287
81060.00000 0.9286
81110.00000 0.9284
81160.00000 0.928
81210.00000 0.9276
81260.00000 0.9271
81310.00000 0.9265
81360.00000 0.9259
81410.00000 0.9252
81460.00000 0.9244
81510.00000 0.9236
81560.00000 0.9228
81610.00000 0.9219
81660.00000 0.9209
81710.00000 0.9199
81760.00000 0.919
81810.00000 0.9179
81860.00000 0.9169
81910.00000 0.9159
81960.00000 0.9148
82010.00000 0.9138
82060.00000 0.9127
82110.00000 0.9116
82160.00000 0.9105
82210.00000 0.9094
82260.00000 0.9083
82310.00000 0.9072
82360.00000 0.9061
82410.00000 0.905
82460.00000 0.9039
82510.00000 0.9027
82560.00000 0.9016
82610.00000 0.9005
82660.00000 0.8993
82710.00000 0.8982
82760.00000 0.8971
82810.00000 0.8959
82860.00000 0.8948
82910.00000 0.8936
82960.00000 0.8925
83010.00000 0.8913
83060.00000 0.8902
83110.00000 0.8891
83160.00000 0.8879
83210.00000 0.8868
83260.00000 0.8857
83310.00000 0.8846
83360.00000 0.8834
83410.00000 0.8823
83460.00000 0.8813
83510.00000 0.8802
83560.00000 0.8792
83610.00000 0.8782
83660.00000 0.8773
83710.00000 0.8765
83760.00000 0.8758
83810.00000 0.8751
83860.00000 0.8747
83910.00000 0.8743
83960.00000 0.8741
84010.00000 0.8741
84060.00000 0.8742
84110.00000 0.8746
84160.00000 0.8751
84210.00000 0.8758
84260.00000 0.8766
84310.00000 0.8773
84360.00000 0.8778
84410.00000 0.8782
84460.00000 0.8784
84510.00000 0.8785
84560.00000 0.8785
84610.00000 0.8784
84660.00000 0.8783
84710.00000 0.8782
84760.00000 0.8782
84810.00000 0.8781
84860.00000 0.8781
84910.00000 0.8781
84960.00000 0.878
85010.00000 0.8781
85060.00000 0.8781
85110.00000 0.8781
85160.00000 0.8781
85210.00000 0.8782
85260.00000 0.8783
85310.00000 0.8783
85360.00000 0.8784
85410.00000 0.8785
85460.00000 0.8786
85510.00000 0.8787
85560.00000 0.8788
85610.00000 0.8789
85660.00000 0.8791
85710.00000 0.8792
85760.00000 0.8793
85810.00000 0.8794
85860.00000 0.8796
85910.00000 0.8797
85960.00000 0.8799
86010.00000 0.88
86060.00000 0.8801
86110.00000 0.8803
86160.00000 0.8804
86210.00000 0.8806
86260.00000 0.8807
86310.00000 0.8808
86360.00000 0.881
86410.00000 0.8811
86460.00000 0.8812
86510.00000 0.8813
86560.00000 0.8814
86610.00000 0.8815
86660.00000 0.8816
86710.00000 0.8817
86760.00000 0.8818
86810.00000 0.8819
86860.00000 0.8819
86910.00000 0.882
86960.00000 0.882
87010.00000 0.882
87060.00000 0.8821
87110.00000 0.8821
87160.00000 0.8821
87210.00000 0.8821
87260.00000 0.8821
87310.00000 0.8822
87360.00000 0.8823
87410.00000 0.8824
87460.00000 0.8826
87510.00000 0.8829
87560.00000 0.8832
87610.00000 0.8835
87660.00000 0.884
87710.00000 0.8845
87760.00000 0.885
87810.00000 0.8856
87860.00000 0.8861
87910.00000 0.8866
87960.00000 0.8869
88010.00000 0.8872
88060.00000 0.8874
88110.00000 0.8874
88160.00000 0.8872
88210.00000 0.8868
88260.00000 0.8862
88310.00000 0.8853
88360.00000 0.8842
88410.00000 0.8829
88460.00000 0.8814
88510.00000 0.8797
88560.00000 0.8778
88610.00000 0.8757
88660.00000 0.8735
88710.00000 0.8712
88760.00000 0.8687
88810.00000 0.8661
88860.00000 0.8635
88910.00000 0.8607
88960.00000 0.8579
89010.00000 0.855
89060.00000 0.852
89110.00000 0.849
89160.00000 0.846
89210.00000 0.843
89260.00000 0.84
89310.00000 0.8369
89360.00000 0.8339
89410.00000 0.8309
89460.00000 0.828
89510.00000 0.825
89560.00000 0.8221
89610.00000 0.8193
89660.00000 0.8166
89710.00000 0.8139
89760.00000 0.8113
89810.00000 0.8087
89860.00000 0.8063
89910.00000 0.804
89960.00000 0.8018
90020.00000 0.7992
90070.00000 0.7972
90120.00000 0.7954
90170.00000 0.7936
90220.00000 0.792
90270.00000 0.7904
90320.00000 0.789
90370.00000 0.7877
90420.00000 0.7866
90470.00000 0.7855
90520.00000 0.7846
90570.00000 0.7839
90620.00000 0.7832
90670.00000 0.7828
90720.00000 0.7824
90770.00000 0.7822
90820.00000 0.7822
90870.00000 0.7823
90920.00000 0.7825
90970.00000 0.7829
91020.00000 0.7834
91070.00000 0.7841
91120.00000 0.7849
91170.00000 0.7857
91220.00000 0.7867
91270.00000 0.7878
91320.00000 0.789
91370.00000 0.7903
91420.00000 0.7916
91470.00000 0.7931
91520.00000 0.7946
91570.00000 0.7961
91620.00000 0.7977
91670.00000 0.7994
91720.00000 0.8011
91770.00000 0.8028
91820.00000 0.8046
91870.00000 0.8063
91920.00000 0.8081
91970.00000 0.8099
92020.00000 0.8117
92070.00000 0.8135
92120.00000 0.8153
92170.00000 0.817
92220.00000 0.8187
92270.00000 0.8204
92320.00000 0.8221
92370.00000 0.8238
92420.00000 0.8255
92470.00000 0.8271
92520.00000 0.8287
92570.00000 0.8304
92620.00000 0.832
92670.00000 0.8336
92720.00000 0.8352
92770.00000 0.8368
92820.00000 0.8384
92870.00000 0.84
92920.00000 0.8416
92970.00000 0.8432
93020.00000 0.8448
93070.00000 0.8465
93120.00000 0.8481
93170.00000 0.8498
93220.00000 0.8514
93270.00000 0.8531
93320.00000 0.8548
93370.00000 0.8565
93420.00000 0.8582
93470.00000 0.86
93520.00000 0.8617
93570.00000 0.8635
93620.00000 0.8653
93670.00000 0.8671
93720.00000 0.8688
93770.00000 0.8706
93820.00000 0.8724
93870.00000 0.8742
93920.00000 0.876
93970.00000 0.8778
94020.00000 0.8795
94070.00000 0.8813
94120.00000 0.883
94170.00000 0.8847
94220.00000 0.8864
94270.00000 0.8881
94320.00000 0.8897
94370.00000 0.8913
94420.00000 0.8929
94470.00000 0.8944
94520.00000 0.8958
94570.00000 0.8971
94620.00000 0.8983
94670.00000 0.8993
94720.00000 0.9002
94770.00000 0.9009
94820.00000 0.9014
94870.00000 0.9017
94920.00000 0.902
94970.00000 0.9021
95020.00000 0.9021
95070.00000 0.9021
95120.00000 0.902
95170.00000 0.9019
95220.00000 0.9017
95270.00000 0.9016
95320.00000 0.9015
95370.00000 0.9014
95420.00000 0.9013
95470.00000 0.9011
95520.00000 0.901
95570.00000 0.9009
95620.00000 0.9009
95670.00000 0.9008
95720.00000 0.9007
95770.00000 0.9006
95820.00000 0.9005
95870.00000 0.9005
95920.00000 0.9004
95970.00000 0.9003
96020.00000 0.9003
96070.00000 0.9002
96120.00000 0.9002
96170.00000 0.9002
96220.00000 0.9001
96270.00000 0.9001
96320.00000 0.9001
96370.00000 0.9001
96420.00000 0.9001
96470.00000 0.9001
96520.00000 0.9001
96570.00000 0.9001
96620.00000 0.9001
96670.00000 0.9001
96720.00000 0.9001
96770.00000 0.9001
96820.00000 0.9002
96870.00000 0.9002
96920.00000 0.9003
96970.00000 0.9003
97020.00000 0.9004
97070.00000 0.9004
97120.00000 0.9005
97170.00000 0.9006
97220.00000 0.9006
97270.00000 0.9007
97320.00000 0.9008
97370.00000 0.9009
97420.00000 0.901
97470.00000 0.9011
97520.00000 0.9012
97570.00000 0.9014
97620.00000 0.9015
97670.00000 0.9016
97720.00000 0.9018
97770.00000 0.9019
97820.00000 0.9021
97870.00000 0.9022
97920.00000 0.9024
97970.00000 0.9026
98020.00000 0.9027
98070.00000 0.9029
98120.00000 0.9031
98170.00000 0.9033
98220.00000 0.9035
98270.00000 0.9037
98320.00000 0.9039
98370.00000 0.9042
98420.00000 0.9044
98470.00000 0.9046
98520.00000 0.9049
98570.00000 0.9051
98620.00000 0.9054
98670.00000 0.9056
98720.00000 0.9059
98770.00000 0.9062
98820.00000 0.9065
98870.00000 0.9067
98920.00000 0.907
98970.00000 0.9073
99020.00000 0.9075
99070.00000 0.9077
99120.00000 0.9079
99170.00000 0.9081
99220.00000 0.9083
99270.00000 0.9084
99320.00000 0.9085
99370.00000 0.9086
99420.00000 0.9086
99470.00000 0.9085
99520.00000 0.9085
99570.00000 0.9084
99620.00000 0.9083
99670.00000 0.9081
99720.00000 0.9079
99770.00000 0.9077
99820.00000 0.9074
99870.00000 0.9071
99920.00000 0.9068
99970.00000 0.9065
100000.00000 0.9063
100100.00000 0.9055
100200.00000 0.9046
100300.00000 0.9036
100400.00000 0.9026
100500.00000 0.9015
100600.00000 0.9004
100700.00000 0.8992
100800.00000 0.8979
100900.00000 0.8967
101000.00000 0.8954
101100.00000 0.8941
101200.00000 0.8928
101300.00000 0.8916
101400.00000 0.8903
101500.00000 0.8891
101600.00000 0.8879
101700.00000 0.8867
101800.00000 0.8856
101900.00000 0.8846
102000.00000 0.8836
102100.00000 0.8827
102200.00000 0.8819
102300.00000 0.8812
102400.00000 0.8806
102500.00000 0.8801
102600.00000 0.8797
102700.00000 0.8795
102800.00000 0.8793
102900.00000 0.8792
103000.00000 0.8792
103100.00000 0.8793
103200.00000 0.8795
103300.00000 0.8798
103400.00000 0.8801
103500.00000 0.8805
103600.00000 0.881
103700.00000 0.8815
103800.00000 0.8821
103900.00000 0.8828
104000.00000 0.8835
104100.00000 0.8842
104200.00000 0.885
104300.00000 0.8858
104400.00000 0.8867
104500.00000 0.8876
104600.00000 0.8885
104700.00000 0.8894
104800.00000 0.8904
104900.00000 0.8913
105000.00000 0.8923
105100.00000 0.8932
105200.00000 0.8941
105300.00000 0.8949
105400.00000 0.8957
105500.00000 0.8964
105600.00000 0.8971
105700.00000 0.8976
105800.00000 0.898
105900.00000 0.8983
106000.00000 0.8985
106100.00000 0.8985
106200.00000 0.8983
106300.00000 0.898
106400.00000 0.8976
106500.00000 0.8971
106600.00000 0.8965
106700.00000 0.8959
106800.00000 0.8952
106900.00000 0.8944
107000.00000 0.8937
107100.00000 0.8929
107200.00000 0.8922
107300.00000 0.8915
107400.00000 0.8909
107500.00000 0.8904
107600.00000 0.8899
107700.00000 0.8894
107800.00000 0.889
107900.00000 0.8886
108000.00000 0.8882
108100.00000 0.8878
108200.00000 0.8874
108300.00000 0.887
108400.00000 0.8865
108500.00000 0.886
108600.00000 0.8855
108700.00000 0.8848
108800.00000 0.8841
108900.00000 0.8832
109000.00000 0.8823
109100.00000 0.8814
109200.00000 0.8803
109300.00000 0.8793
109400.00000 0.8782
109500.00000 0.877
109600.00000 0.8758
109700.00000 0.8747
109800.00000 0.8735
109900.00000 0.8724
110000.00000 0.8713
110100.00000 0.8703
110200.00000 0.8694
110300.00000 0.8686
110400.00000 0.868
110500.00000 0.8676
110600.00000 0.8675
110700.00000 0.8676
110800.00000 0.8678
110900.00000 0.8683
111000.00000 0.8688
111100.00000 0.8694
111200.00000 0.87
111300.00000 0.8705
111400.00000 0.871
111500.00000 0.8714
111600.00000 0.8717
111700.00000 0.8719
111800.00000 0.8722
111900.00000 0.8724
112000.00000 0.8726
112100.00000 0.8728
112200.00000 0.873
112300.00000 0.8732
112400.00000 0.8735
112500.00000 0.8737
112600.00000 0.874
112700.00000 0.8744
112800.00000 0.8747
112900.00000 0.8751
113000.00000 0.8756
113100.00000 0.876
113200.00000 0.8765
113300.00000 0.877
113400.00000 0.8776
113500.00000 0.8782
113600.00000 0.8788
113700.00000 0.8794
113800.00000 0.8801
113900.00000 0.8807
114000.00000 0.8815
114100.00000 0.8822
114200.00000 0.883
114300.00000 0.8837
114400.00000 0.8844
114500.00000 0.885
114600.00000 0.8853
114700.00000 0.8855
114800.00000 0.8853
114900.00000 0.8847
115000.00000 0.884
115100.00000 0.883
115200.00000 0.882
115300.00000 0.881
115400.00000 0.8801
115500.00000 0.8792
115600.00000 0.8785
115700.00000 0.8778
115800.00000 0.8773
115900.00000 0.8768
116000.00000 0.8764
116100.00000 0.876
116200.00000 0.8757
116300.00000 0.8755
116400.00000 0.8753
116500.00000 0.8752
116600.00000 0.8751
116700.00000 0.875
116800.00000 0.875
116900.00000 0.8751
117000.00000 0.8751
117100.00000 0.8752
117200.00000 0.8753
117300.00000 0.8754
117400.00000 0.8755
117500.00000 0.8756
117600.00000 0.8758
117700.00000 0.876
117800.00000 0.8761
117900.00000 0.8763
118000.00000 0.8766
118100.00000 0.8768
118200.00000 0.877
118300.00000 0.8773
118400.00000 0.8776
118500.00000 0.8779
118600.00000 0.8782
118700.00000 0.8785
118800.00000 0.8789
118900.00000 0.8793
119000.00000 0.8797
119100.00000 0.8801
119200.00000 0.8805
119300.00000 0.881
119400.00000 0.8815
119500.00000 0.882
119600.00000 0.8825
119700.00000 0.8829
119800.00000 0.8834
119900.00000 0.8837
120000.00000 0.8839
120100.00000 0.884
120200.00000 0.8839
120300.00000 0.8837
120400.00000 0.8833
120500.00000 0.8828
120600.00000 0.8822
120700.00000 0.8815
120800.00000 0.8807
120900.00000 0.8798
121000.00000 0.8788
121100.00000 0.8777
121200.00000 0.8766
121300.00000 0.8754
121400.00000 0.8742
121500.00000 0.8729
121600.00000 0.8716
121700.00000 0.8703
121800.00000 0.869
121900.00000 0.8676
122000.00000 0.8663
122100.00000 0.865
122200.00000 0.8637
122300.00000 0.8624
122400.00000 0.8611
122500.00000 0.8599
122600.00000 0.8588
122700.00000 0.8577
122800.00000 0.8567
122900.00000 0.8558
123000.00000 0.8549
123100.00000 0.8542
123200.00000 0.8535
123300.00000 0.853
123400.00000 0.8525
123500.00000 0.8522
123600.00000 0.8521
123700.00000 0.8521
123800.00000 0.8522
123900.00000 0.8525
124000.00000 0.8529
124100.00000 0.8535
124200.00000 0.8541
124300.00000 0.8547
124400.00000 0.8554
124500.00000 0.8561
124600.00000 0.8569
124700.00000 0.8576
124800.00000 0.8582
124900.00000 0.8588
125000.00000 0.8593
125100.00000 0.8597
125200.00000 0.86
125300.00000 0.8602
125400.00000 0.8603
125500.00000 0.8603
125600.00000 0.8602
125700.00000 0.8601
125800.00000 0.8599
125900.00000 0.8596
126000.00000 0.8593
126100.00000 0.8589
126200.00000 0.8584
126300.00000 0.8579
126400.00000 0.8574
126500.00000 0.8568
126600.00000 0.8561
126700.00000 0.8553
126800.00000 0.8546
126900.00000 0.8537
127000.00000 0.8528
127100.00000 0.8517
127200.00000 0.8505
127300.00000 0.849
127400.00000 0.8472
127500.00000 0.845
127600.00000 0.8423
127700.00000 0.8392
127800.00000 0.8356
127900.00000 0.8315
128000.00000 0.8269
128100.00000 0.8219
128200.00000 0.8166
128300.00000 0.811
128400.00000 0.8051
128500.00000 0.799
128600.00000 0.7927
128700.00000 0.7863
128800.00000 0.7798
128900.00000 0.7733
129000.00000 0.7667
129100.00000 0.7602
129200.00000 0.7538
129300.00000 0.7475
129400.00000 0.7413
129500.00000 0.7354
129600.00000 0.7297
129700.00000 0.7244
129800.00000 0.7193
129900.00000 0.7147
130000.00000 0.7104
130100.00000 0.7066
130200.00000 0.7031
130300.00000 0.7
130400.00000 0.6973
130500.00000 0.695
130600.00000 0.693
130700.00000 0.6914
130800.00000 0.6901
130900.00000 0.6892
131000.00000 0.6887
131100.00000 0.6885
131200.00000 0.6885
131300.00000 0.6886
131400.00000 0.6888
131500.00000 0.689
131600.00000 0.689
131700.00000 0.6887
131800.00000 0.6881
131900.00000 0.687
132000.00000 0.6847
132100.00000 0.6806
132200.00000 0.6739
132300.00000 0.6641
132400.00000 0.6508
132500.00000 0.6335
132600.00000 0.6126
132700.00000 0.5888
132800.00000 0.5626
132900.00000 0.5346
133000.00000 0.5051
133100.00000 0.4746
133200.00000 0.4436
133300.00000 0.4126
133400.00000 0.3818
133500.00000 0.3516
133600.00000 0.3223
133700.00000 0.2938
133800.00000 0.2665
133900.00000 0.2406
134000.00000 0.2161
134100.00000 0.1933
134200.00000 0.1725
134300.00000 0.1536
134400.00000 0.1367
134500.00000 0.1216
134600.00000 0.1082
134700.00000 0.09648
134800.00000 0.08612
134900.00000 0.07706
135000.00000 0.06916
135100.00000 0.06225
135200.00000 0.05618
135300.00000 0.05079
135400.00000 0.04591
135500.00000 0.04148
135600.00000 0.03747
135700.00000 0.03386
135800.00000 0.03063
135900.00000 0.02775
136000.00000 0.0252
136100.00000 0.02294
136200.00000 0.02096
136300.00000 0.01922
136400.00000 0.0177
136500.00000 0.01637
136600.00000 0.0152
136700.00000 0.01418
136800.00000 0.01326
136900.00000 0.01243
137000.00000 0.01165
137100.00000 0.0109
137200.00000 0.01018
137300.00000 0.009472
137400.00000 0.008791
137500.00000 0.008134
137600.00000 0.007502
137700.00000 0.006895
137800.00000 0.006314
137900.00000 0.005761
138000.00000 0.005235
138100.00000 0.004738
138200.00000 0.004271
152020.00000 0.0
