threeML/data/optical_filters/Keck/LWS-f_1765.ecsv
# %ECSV 0.9
# ---
# datatype:
# - {name: wavelength, unit: Angstrom, datatype: float32}
# - {name: response, datatype: float32}
# meta: !!omap
# - {band_name: f_1765}
# - {group_name: LWS}
wavelength response
[from data line 1463]
180230.00000 0.527026
180240.00000 0.525838
180250.00000 0.524643
180260.00000 0.523442
180270.00000 0.522234
180280.00000 0.52102
180290.00000 0.519801
180300.00000 0.518577
180310.00000 0.517347
180320.00000 0.516113
180330.00000 0.514874
180340.00000 0.513631
180350.00000 0.512383
180360.00000 0.511129
180370.00000 0.509869
180380.00000 0.508603
180390.00000 0.507332
180400.00000 0.506055
180410.00000 0.504773
180420.00000 0.503485
180430.00000 0.502193
180440.00000 0.500895
180450.00000 0.499593
180460.00000 0.498287
180470.00000 0.496976
180480.00000 0.495661
180490.00000 0.494342
180500.00000 0.493019
180510.00000 0.491692
180520.00000 0.490361
180530.00000 0.489024
180540.00000 0.487683
180550.00000 0.486337
180560.00000 0.484986
180570.00000 0.483631
180580.00000 0.482271
180590.00000 0.480907
180600.00000 0.47954
180610.00000 0.478168
180620.00000 0.476792
180630.00000 0.475413
180640.00000 0.47403
180650.00000 0.472643
180660.00000 0.471253
180670.00000 0.46986
180680.00000 0.468464
180690.00000 0.467063
180700.00000 0.465659
180710.00000 0.46425
180720.00000 0.462838
180730.00000 0.461422
180740.00000 0.460003
180750.00000 0.458579
180760.00000 0.457152
180770.00000 0.455722
180780.00000 0.454287
180790.00000 0.452849
180800.00000 0.451407
180810.00000 0.449962
180820.00000 0.448513
180830.00000 0.44706
180840.00000 0.445604
180850.00000 0.444144
180860.00000 0.442679
180870.00000 0.441211
180880.00000 0.439739
180890.00000 0.438263
180900.00000 0.436783
180910.00000 0.4353
180920.00000 0.433814
180930.00000 0.432324
180940.00000 0.430831
180950.00000 0.429335
180960.00000 0.427836
180970.00000 0.426334
180980.00000 0.42483
180990.00000 0.423322
181000.00000 0.421812
181010.00000 0.420299
181020.00000 0.418782
181030.00000 0.417262
181040.00000 0.415738
181050.00000 0.414212
181060.00000 0.412682
181070.00000 0.41115
181080.00000 0.409614
181090.00000 0.408076
181100.00000 0.406535
181110.00000 0.404991
181120.00000 0.403444
181130.00000 0.401895
181140.00000 0.400343
181150.00000 0.398789
181160.00000 0.397233
181170.00000 0.395674
181180.00000 0.394112
181190.00000 0.392547
181200.00000 0.390979
181210.00000 0.389408
181220.00000 0.387835
181230.00000 0.386259
181240.00000 0.384681
181250.00000 0.3831
181260.00000 0.381517
181270.00000 0.379931
181280.00000 0.378343
181290.00000 0.376753
181300.00000 0.37516
181310.00000 0.373566
181320.00000 0.371969
181330.00000 0.37037
181340.00000 0.368768
181350.00000 0.367163
181360.00000 0.365556
181370.00000 0.363946
181380.00000 0.362333
181390.00000 0.360718
181400.00000 0.359101
181410.00000 0.357482
181420.00000 0.355861
181430.00000 0.354239
181440.00000 0.352615
181450.00000 0.35099
181460.00000 0.349364
181470.00000 0.347737
181480.00000 0.346109
181490.00000 0.344481
181500.00000 0.342849
181510.00000 0.341215
181520.00000 0.339577
181530.00000 0.337937
181540.00000 0.336295
181550.00000 0.334651
181560.00000 0.333006
181570.00000 0.331361
181580.00000 0.329716
181590.00000 0.328071
181600.00000 0.326427
181610.00000 0.324785
181620.00000 0.323144
181630.00000 0.321506
181640.00000 0.319871
181650.00000 0.318239
181660.00000 0.31661
181670.00000 0.314979
181680.00000 0.313347
181690.00000 0.311715
181700.00000 0.310083
181710.00000 0.308452
181720.00000 0.306823
181730.00000 0.305195
181740.00000 0.303571
181750.00000 0.301949
181760.00000 0.300331
181770.00000 0.298718
181780.00000 0.29711
181790.00000 0.295508
181800.00000 0.293913
181810.00000 0.292324
181820.00000 0.290743
181830.00000 0.289166
181840.00000 0.287593
181850.00000 0.286023
181860.00000 0.284458
181870.00000 0.282897
181880.00000 0.28134
181890.00000 0.279788
181900.00000 0.278242
181910.00000 0.276701
181920.00000 0.275166
181930.00000 0.273637
181940.00000 0.272114
181950.00000 0.270599
181960.00000 0.26909
181970.00000 0.267588
181980.00000 0.266094
181990.00000 0.264608
182000.00000 0.263129
182010.00000 0.261657
182020.00000 0.260192
182030.00000 0.258732
182040.00000 0.25728
182050.00000 0.255834
182060.00000 0.254394
182070.00000 0.25296
182080.00000 0.251532
182090.00000 0.25011
182100.00000 0.248694
182110.00000 0.247283
182120.00000 0.245878
182130.00000 0.244478
182140.00000 0.243083
182150.00000 0.241694
182160.00000 0.24031
182170.00000 0.238932
182180.00000 0.237562
182190.00000 0.236197
182200.00000 0.234838
182210.00000 0.233485
182220.00000 0.232137
182230.00000 0.230795
182240.00000 0.229457
182250.00000 0.228125
182260.00000 0.226798
182270.00000 0.225475
182280.00000 0.224156
182290.00000 0.222842
182300.00000 0.221531
182310.00000 0.220225
182320.00000 0.218922
182330.00000 0.217623
182340.00000 0.216329
182350.00000 0.215039
182360.00000 0.213754
182370.00000 0.212474
182380.00000 0.211198
182390.00000 0.209926
182400.00000 0.208659
182410.00000 0.207397
182420.00000 0.206139
182430.00000 0.204886
182440.00000 0.203637
182450.00000 0.202393
182460.00000 0.201154
182470.00000 0.199919
182480.00000 0.198689
182490.00000 0.197463
182500.00000 0.196242
182510.00000 0.195024
182520.00000 0.19381
182530.00000 0.192601
182540.00000 0.191396
182550.00000 0.190195
182560.00000 0.189
182570.00000 0.187809
182580.00000 0.186624
182590.00000 0.185444
182600.00000 0.184269
182610.00000 0.1831
182620.00000 0.181936
182630.00000 0.180779
182640.00000 0.179627
182650.00000 0.178482
182660.00000 0.177343
182670.00000 0.176208
182680.00000 0.175079
182690.00000 0.173955
182700.00000 0.172837
182710.00000 0.171724
182720.00000 0.170616
182730.00000 0.169515
182740.00000 0.168418
182750.00000 0.167328
182760.00000 0.166243
182770.00000 0.165164
182780.00000 0.164091
182790.00000 0.163024
182800.00000 0.161963
182810.00000 0.160908
182820.00000 0.159859
182830.00000 0.158816
182840.00000 0.157779
182850.00000 0.156748
182860.00000 0.155723
182870.00000 0.154704
182880.00000 0.15369
182890.00000 0.152682
182900.00000 0.15168
182910.00000 0.150684
182920.00000 0.149694
182930.00000 0.148709
182940.00000 0.14773
182950.00000 0.146757
182960.00000 0.145789
182970.00000 0.144827
182980.00000 0.14387
182990.00000 0.142919
183000.00000 0.141975
183010.00000 0.141036
183020.00000 0.140103
183030.00000 0.139176
183040.00000 0.138255
183050.00000 0.137339
183060.00000 0.136429
183070.00000 0.135525
183080.00000 0.134626
183090.00000 0.133732
183100.00000 0.132843
183110.00000 0.131959
183120.00000 0.13108
183130.00000 0.130207
183140.00000 0.129337
183150.00000 0.128473
183160.00000 0.127613
183170.00000 0.126759
183180.00000 0.12591
183190.00000 0.125066
183200.00000 0.124227
183210.00000 0.123393
183220.00000 0.122564
183230.00000 0.12174
183240.00000 0.120922
183250.00000 0.120108
183260.00000 0.1193
183270.00000 0.118496
183280.00000 0.117697
183290.00000 0.116903
183300.00000 0.116115
183310.00000 0.115331
183320.00000 0.114552
183330.00000 0.113778
183340.00000 0.113009
183350.00000 0.112246
183360.00000 0.111488
183370.00000 0.110734
183380.00000 0.109986
183390.00000 0.109243
183400.00000 0.108504
183410.00000 0.10777
183420.00000 0.107041
183430.00000 0.106317
183440.00000 0.105597
183450.00000 0.104882
183460.00000 0.104172
183470.00000 0.103465
183480.00000 0.102763
183490.00000 0.102066
183500.00000 0.101373
183510.00000 0.100684
183520.00000 0.100001
183530.00000 0.099321
183540.00000 0.098647
183550.00000 0.097977
183560.00000 0.097312
183570.00000 0.096651
183580.00000 0.095995
183590.00000 0.095343
183600.00000 0.094696
183610.00000 0.094053
183620.00000 0.093414
183630.00000 0.092781
183640.00000 0.092151
183650.00000 0.091525
183660.00000 0.090905
183670.00000 0.090289
183680.00000 0.089677
183690.00000 0.089071
183700.00000 0.088469
183710.00000 0.087872
183720.00000 0.087279
183730.00000 0.086691
183740.00000 0.086106
183750.00000 0.085526
183760.00000 0.08495
183770.00000 0.084378
183780.00000 0.08381
183790.00000 0.083245
183800.00000 0.082684
183810.00000 0.082127
183820.00000 0.081573
183830.00000 0.081023
183840.00000 0.080476
183850.00000 0.079933
183860.00000 0.079394
183870.00000 0.078859
183880.00000 0.078328
183890.00000 0.0778
183900.00000 0.077276
183910.00000 0.076757
183920.00000 0.076241
183930.00000 0.075729
183940.00000 0.075221
183950.00000 0.074717
183960.00000 0.074217
183970.00000 0.073721
183980.00000 0.07323
183990.00000 0.072742
184000.00000 0.072259
184010.00000 0.07178
184020.00000 0.071305
184030.00000 0.070835
184040.00000 0.070369
184050.00000 0.069907
184060.00000 0.069449
184070.00000 0.068995
184080.00000 0.068544
184090.00000 0.068098
184100.00000 0.067655
184110.00000 0.067215
184120.00000 0.066779
184130.00000 0.066346
184140.00000 0.065916
184150.00000 0.065489
184160.00000 0.065065
184170.00000 0.064645
184180.00000 0.064228
184190.00000 0.063815
184200.00000 0.063406
184210.00000 0.063
184220.00000 0.062598
184230.00000 0.062199
184240.00000 0.061803
184250.00000 0.06141
184260.00000 0.061021
184270.00000 0.060635
184280.00000 0.060252
184290.00000 0.059871
184300.00000 0.059493
184310.00000 0.059118
184320.00000 0.058746
184330.00000 0.058376
184340.00000 0.058009
184350.00000 0.057646
184360.00000 0.057287
184370.00000 0.056931
184380.00000 0.056579
184390.00000 0.056229
184400.00000 0.055883
184410.00000 0.055539
184420.00000 0.055197
184430.00000 0.054858
184440.00000 0.054521
184450.00000 0.054185
184460.00000 0.053852
184470.00000 0.053519
184480.00000 0.053187
184490.00000 0.052857
184500.00000 0.052527
184510.00000 0.052198
184520.00000 0.051871
184530.00000 0.051546
184540.00000 0.051222
184550.00000 0.0509
184560.00000 0.05058
184570.00000 0.050261
184580.00000 0.049944
184590.00000 0.049629
184600.00000 0.049315
184610.00000 0.049003
184620.00000 0.048692
184630.00000 0.048383
184640.00000 0.048075
184650.00000 0.047769
184660.00000 0.047465
184670.00000 0.047162
184680.00000 0.04686
184690.00000 0.04656
184700.00000 0.046261
184710.00000 0.045964
184720.00000 0.045669
184730.00000 0.045375
184740.00000 0.045083
184750.00000 0.044793
184760.00000 0.044503
184770.00000 0.044216
184780.00000 0.04393
184790.00000 0.043645
184800.00000 0.043361
184810.00000 0.043079
184820.00000 0.042799
184830.00000 0.04252
184840.00000 0.042242
184850.00000 0.041966
184860.00000 0.04169
184870.00000 0.041416
184880.00000 0.041142
184890.00000 0.040871
184900.00000 0.0406
184910.00000 0.040331
184920.00000 0.040063
184930.00000 0.039797
184940.00000 0.039533
184950.00000 0.039271
184960.00000 0.03901
184970.00000 0.038751
184980.00000 0.038494
184990.00000 0.038239
185000.00000 0.037987
185010.00000 0.037736
185020.00000 0.037488
185030.00000 0.037242
185040.00000 0.036998
185050.00000 0.036756
185060.00000 0.036516
185070.00000 0.036278
185080.00000 0.036041
185090.00000 0.035807
185100.00000 0.035574
185110.00000 0.035343
185120.00000 0.035114
185130.00000 0.034887
185140.00000 0.034661
185150.00000 0.034437
185160.00000 0.034214
185170.00000 0.033993
185180.00000 0.033773
185190.00000 0.033555
185200.00000 0.033338
185210.00000 0.033123
185220.00000 0.032909
185230.00000 0.032697
185240.00000 0.032487
185250.00000 0.032279
185260.00000 0.032072
185270.00000 0.031867
185280.00000 0.031663
185290.00000 0.031461
185300.00000 0.031261
185310.00000 0.031062
185320.00000 0.030865
185330.00000 0.03067
185340.00000 0.030476
185350.00000 0.030284
185360.00000 0.030093
185370.00000 0.029905
185380.00000 0.029718
185390.00000 0.029534
185400.00000 0.029351
185410.00000 0.02917
185420.00000 0.02899
185430.00000 0.028812
185440.00000 0.028636
185450.00000 0.028461
185460.00000 0.028287
185470.00000 0.028115
185480.00000 0.027944
185490.00000 0.027774
185500.00000 0.027606
185510.00000 0.027438
185520.00000 0.027271
185530.00000 0.027105
185540.00000 0.026941
185550.00000 0.026777
185560.00000 0.026615
185570.00000 0.026454
185580.00000 0.026295
185590.00000 0.026137
185600.00000 0.02598
185610.00000 0.025824
185620.00000 0.02567
185630.00000 0.025516
185640.00000 0.025364
185650.00000 0.025212
185660.00000 0.025062
185670.00000 0.024912
185680.00000 0.024764
185690.00000 0.024616
185700.00000 0.02447
185710.00000 0.024324
185720.00000 0.02418
185730.00000 0.024038
185740.00000 0.023896
185750.00000 0.023756
185760.00000 0.023617
185770.00000 0.023479
185780.00000 0.023342
185790.00000 0.023206
185800.00000 0.02307
185810.00000 0.022935
185820.00000 0.022801
185830.00000 0.022667
185840.00000 0.022534
185850.00000 0.022401
185860.00000 0.022268
185870.00000 0.022136
185880.00000 0.022003
185890.00000 0.021871
185900.00000 0.02174
185910.00000 0.02161
185920.00000 0.02148
185930.00000 0.02135
185940.00000 0.021221
185950.00000 0.021093
185960.00000 0.020965
185970.00000 0.020838
185980.00000 0.020711
185990.00000 0.020584
186000.00000 0.020458
186010.00000 0.020331
186020.00000 0.020206
186030.00000 0.02008
186040.00000 0.019955
186050.00000 0.01983
186060.00000 0.019705
186070.00000 0.01958
186080.00000 0.019456
186090.00000 0.019332
186100.00000 0.019208
186110.00000 0.019084
186120.00000 0.018961
186130.00000 0.018839
186140.00000 0.018716
186150.00000 0.018594
186160.00000 0.018473
186170.00000 0.018352
186180.00000 0.018231
186190.00000 0.018111
186200.00000 0.017991
186210.00000 0.017872
186220.00000 0.017754
186230.00000 0.017636
186240.00000 0.017517
186250.00000 0.017399
186260.00000 0.017281
186270.00000 0.017163
186280.00000 0.017046
186290.00000 0.016929
186300.00000 0.016812
186310.00000 0.016696
186320.00000 0.016582
186330.00000 0.016468
186340.00000 0.016355
186350.00000 0.016243
186360.00000 0.016132
186370.00000 0.016023
186380.00000 0.015915
186390.00000 0.015808
186400.00000 0.015703
186410.00000 0.015599
186420.00000 0.015496
186430.00000 0.015393
186440.00000 0.015292
186450.00000 0.015191
186460.00000 0.015092
186470.00000 0.014993
186480.00000 0.014896
186490.00000 0.0148
186500.00000 0.014706
186510.00000 0.014612
186520.00000 0.01452
186530.00000 0.01443
186540.00000 0.014341
186550.00000 0.014254
186560.00000 0.014168
186570.00000 0.014084
186580.00000 0.014002
186590.00000 0.013922
186600.00000 0.013843
186610.00000 0.013765
186620.00000 0.013689
186630.00000 0.013615
186640.00000 0.013541
186650.00000 0.01347
186660.00000 0.013399
186670.00000 0.01333
186680.00000 0.013262
186690.00000 0.013195
186700.00000 0.013129
186710.00000 0.013064
186720.00000 0.013001
186730.00000 0.012938
186740.00000 0.012876
186750.00000 0.012816
186760.00000 0.012757
186770.00000 0.0127
186780.00000 0.012645
186790.00000 0.012591
186800.00000 0.012538
186810.00000 0.012487
186820.00000 0.012436
186830.00000 0.012387
186840.00000 0.012338
186850.00000 0.012289
186860.00000 0.012241
186870.00000 0.012193
186880.00000 0.012145
186890.00000 0.012097
186900.00000 0.012048
186910.00000 0.011999
186920.00000 0.01195
186930.00000 0.011902
186940.00000 0.011854
186950.00000 0.011807
186960.00000 0.011761
186970.00000 0.011714
186980.00000 0.011669
186990.00000 0.011623
187000.00000 0.011578
187010.00000 0.011532
187020.00000 0.011486
187030.00000 0.011439
187040.00000 0.011392
187050.00000 0.011344
187060.00000 0.011295
187070.00000 0.011246
187080.00000 0.011195
187090.00000 0.011142
187100.00000 0.011089
187110.00000 0.011035
187120.00000 0.010981
187130.00000 0.010926
187140.00000 0.01087
187150.00000 0.010814
187160.00000 0.010757
187170.00000 0.0107
187180.00000 0.010642
187190.00000 0.010583
187200.00000 0.010524
187210.00000 0.010463
187220.00000 0.010402
187230.00000 0.01034
187240.00000 0.010277
187250.00000 0.010214
187260.00000 0.010149
187270.00000 0.010084
187280.00000 0.010017
187290.00000 0.009948
187300.00000 0.009879
187310.00000 0.009809
187320.00000 0.009737
187330.00000 0.009665
187340.00000 0.009592
187350.00000 0.009519
187360.00000 0.009444
187370.00000 0.00937
187380.00000 0.009295
187390.00000 0.00922
187400.00000 0.009146
187410.00000 0.009071
187420.00000 0.008996
187430.00000 0.008922
187440.00000 0.008848
187450.00000 0.008774
187460.00000 0.008699
187470.00000 0.008623
187480.00000 0.008547
187490.00000 0.00847
187500.00000 0.008393
187510.00000 0.008315
187520.00000 0.008238
