threeML/data/optical_filters/Keck/LWS-f_2310.ecsv
# %ECSV 0.9
# ---
# datatype:
# - {name: wavelength, unit: Angstrom, datatype: float32}
# - {name: response, datatype: float32}
# meta: !!omap
# - {band_name: f_2310}
# - {group_name: LWS}
wavelength response
198000.00000 0.0
220000.00000 0.004501
220010.00000 0.004513
220020.00000 0.004524
220030.00000 0.004536
220040.00000 0.004549
220050.00000 0.004561
220060.00000 0.004573
220070.00000 0.004586
220080.00000 0.004599
220090.00000 0.004612
220100.00000 0.004625
220110.00000 0.004639
220120.00000 0.004653
220130.00000 0.004667
220140.00000 0.004681
220150.00000 0.004696
220160.00000 0.004711
220170.00000 0.004726
220180.00000 0.004741
220190.00000 0.004757
220200.00000 0.004773
220210.00000 0.00479
220220.00000 0.004807
220230.00000 0.004824
220240.00000 0.004842
220250.00000 0.00486
220260.00000 0.004879
220270.00000 0.004898
220280.00000 0.004917
220290.00000 0.004937
220300.00000 0.004957
220310.00000 0.004977
220320.00000 0.004998
220330.00000 0.005019
220340.00000 0.00504
220350.00000 0.005061
220360.00000 0.005083
220370.00000 0.005106
220380.00000 0.005128
220390.00000 0.005151
220400.00000 0.005175
220410.00000 0.005198
220420.00000 0.005222
220430.00000 0.005247
220440.00000 0.005271
220450.00000 0.005296
220460.00000 0.005321
220470.00000 0.005347
220480.00000 0.005373
220490.00000 0.005399
220500.00000 0.005426
220510.00000 0.005453
220520.00000 0.00548
220530.00000 0.005508
220540.00000 0.005536
220550.00000 0.005565
220560.00000 0.005594
220570.00000 0.005623
220580.00000 0.005653
220590.00000 0.005683
220600.00000 0.005713
220610.00000 0.005744
220620.00000 0.005775
220630.00000 0.005806
220640.00000 0.005838
220650.00000 0.00587
220660.00000 0.005902
220670.00000 0.005934
220680.00000 0.005967
220690.00000 0.005999
220700.00000 0.006032
220710.00000 0.006065
220720.00000 0.006098
220730.00000 0.006131
220740.00000 0.006165
220750.00000 0.006199
220760.00000 0.006232
220770.00000 0.006266
220780.00000 0.006301
220790.00000 0.006335
220800.00000 0.00637
220810.00000 0.006405
220820.00000 0.006441
220830.00000 0.006477
220840.00000 0.006513
220850.00000 0.006549
220860.00000 0.006585
220870.00000 0.006622
220880.00000 0.006658
220890.00000 0.006695
220900.00000 0.006732
220910.00000 0.006769
220920.00000 0.006805
220930.00000 0.006842
220940.00000 0.00688
220950.00000 0.006917
220960.00000 0.006954
220970.00000 0.006991
220980.00000 0.007028
220990.00000 0.007064
221000.00000 0.007101
221010.00000 0.007138
221020.00000 0.007175
221030.00000 0.007212
221040.00000 0.007249
221050.00000 0.007286
221060.00000 0.007324
221070.00000 0.007361
221080.00000 0.007398
221090.00000 0.007435
221100.00000 0.007473
221110.00000 0.00751
221120.00000 0.007548
221130.00000 0.007585
221140.00000 0.007623
221150.00000 0.007661
221160.00000 0.007698
221170.00000 0.007736
221180.00000 0.007774
221190.00000 0.007812
221200.00000 0.00785
221210.00000 0.007888
221220.00000 0.007926
221230.00000 0.007965
221240.00000 0.008003
221250.00000 0.008041
221260.00000 0.00808
221270.00000 0.008118
221280.00000 0.008157
221290.00000 0.008195
221300.00000 0.008234
221310.00000 0.008272
221320.00000 0.008311
221330.00000 0.00835
221340.00000 0.008388
221350.00000 0.008427
221360.00000 0.008466
221370.00000 0.008505
221380.00000 0.008544
221390.00000 0.008584
221400.00000 0.008623
221410.00000 0.008662
221420.00000 0.008701
221430.00000 0.008741
221440.00000 0.008781
221450.00000 0.00882
221460.00000 0.00886
221470.00000 0.0089
221480.00000 0.00894
221490.00000 0.008981
221500.00000 0.009021
221510.00000 0.009061
221520.00000 0.009101
221530.00000 0.009142
221540.00000 0.009182
221550.00000 0.009223
221560.00000 0.009263
221570.00000 0.009304
221580.00000 0.009345
221590.00000 0.009386
221600.00000 0.009427
221610.00000 0.009468
221620.00000 0.009509
221630.00000 0.009551
221640.00000 0.009592
221650.00000 0.009634
221660.00000 0.009676
221670.00000 0.009718
221680.00000 0.00976
221690.00000 0.009802
221700.00000 0.009844
221710.00000 0.009887
221720.00000 0.00993
221730.00000 0.009973
221740.00000 0.010016
221750.00000 0.01006
221760.00000 0.010103
221770.00000 0.010147
221780.00000 0.010191
221790.00000 0.010235
221800.00000 0.01028
221810.00000 0.010324
221820.00000 0.010369
221830.00000 0.010414
221840.00000 0.010459
221850.00000 0.010504
221860.00000 0.010549
221870.00000 0.010594
221880.00000 0.010639
221890.00000 0.010685
221900.00000 0.01073
221910.00000 0.010776
221920.00000 0.010822
221930.00000 0.010867
221940.00000 0.010913
221950.00000 0.010959
221960.00000 0.011004
221970.00000 0.01105
221980.00000 0.011096
221990.00000 0.011142
222000.00000 0.011187
222010.00000 0.011233
222020.00000 0.011279
222030.00000 0.011324
222040.00000 0.01137
222050.00000 0.011416
222060.00000 0.011462
222070.00000 0.011508
222080.00000 0.011553
222090.00000 0.0116
222100.00000 0.011646
222110.00000 0.011692
222120.00000 0.011739
222130.00000 0.011785
222140.00000 0.011832
222150.00000 0.011879
222160.00000 0.011926
222170.00000 0.011974
222180.00000 0.012021
222190.00000 0.012069
222200.00000 0.012117
222210.00000 0.012166
222220.00000 0.012214
222230.00000 0.012264
222240.00000 0.012313
222250.00000 0.012362
222260.00000 0.012412
222270.00000 0.012462
222280.00000 0.012512
222290.00000 0.012563
222300.00000 0.012613
222310.00000 0.012664
222320.00000 0.012715
222330.00000 0.012766
222340.00000 0.012818
222350.00000 0.012869
222360.00000 0.012921
222370.00000 0.012972
222380.00000 0.013024
222390.00000 0.013076
222400.00000 0.013129
222410.00000 0.013181
222420.00000 0.013233
222430.00000 0.013286
222440.00000 0.013338
222450.00000 0.013391
222460.00000 0.013444
222470.00000 0.013497
222480.00000 0.013549
222490.00000 0.013602
222500.00000 0.013655
222510.00000 0.013708
222520.00000 0.01376
222530.00000 0.013813
222540.00000 0.013866
222550.00000 0.013919
222560.00000 0.013972
222570.00000 0.014025
222580.00000 0.014078
222590.00000 0.014132
222600.00000 0.014186
222610.00000 0.01424
222620.00000 0.014294
222630.00000 0.014349
222640.00000 0.014403
222650.00000 0.014459
222660.00000 0.014514
222670.00000 0.01457
222680.00000 0.014627
222690.00000 0.014684
222700.00000 0.014741
222710.00000 0.014799
222720.00000 0.014857
222730.00000 0.014916
222740.00000 0.014975
222750.00000 0.015034
222760.00000 0.015093
222770.00000 0.015153
222780.00000 0.015213
222790.00000 0.015273
222800.00000 0.015334
222810.00000 0.015395
222820.00000 0.015456
222830.00000 0.015518
222840.00000 0.01558
222850.00000 0.015643
222860.00000 0.015705
222870.00000 0.015769
222880.00000 0.015832
222890.00000 0.015896
222900.00000 0.01596
222910.00000 0.016025
222920.00000 0.016091
222930.00000 0.016156
222940.00000 0.016222
222950.00000 0.016289
222960.00000 0.016356
222970.00000 0.016423
222980.00000 0.016491
222990.00000 0.016558
223000.00000 0.016625
223010.00000 0.016692
223020.00000 0.016759
223030.00000 0.016827
223040.00000 0.016894
223050.00000 0.016962
223060.00000 0.017031
223070.00000 0.0171
223080.00000 0.017169
223090.00000 0.01724
223100.00000 0.01731
223110.00000 0.017382
223120.00000 0.017455
223130.00000 0.017528
223140.00000 0.017603
223150.00000 0.017678
223160.00000 0.017755
223170.00000 0.017833
223180.00000 0.017913
223190.00000 0.017993
223200.00000 0.018076
223210.00000 0.01816
223220.00000 0.018245
223230.00000 0.018331
223240.00000 0.018419
223250.00000 0.018507
223260.00000 0.018596
223270.00000 0.018686
223280.00000 0.018776
223290.00000 0.018868
223300.00000 0.018961
223310.00000 0.019055
223320.00000 0.01915
223330.00000 0.019246
223340.00000 0.019343
223350.00000 0.019442
223360.00000 0.019541
223370.00000 0.019642
223380.00000 0.019744
223390.00000 0.019847
223400.00000 0.019952
223410.00000 0.020057
223420.00000 0.020164
223430.00000 0.020273
223440.00000 0.020383
223450.00000 0.020494
223460.00000 0.020607
223470.00000 0.020721
223480.00000 0.020836
223490.00000 0.020952
223500.00000 0.021069
223510.00000 0.021187
223520.00000 0.021306
223530.00000 0.021426
223540.00000 0.021548
223550.00000 0.02167
223560.00000 0.021794
223570.00000 0.021919
223580.00000 0.022046
223590.00000 0.022174
223600.00000 0.022303
223610.00000 0.022434
223620.00000 0.022566
223630.00000 0.0227
223640.00000 0.022836
223650.00000 0.022973
223660.00000 0.023111
223670.00000 0.023252
223680.00000 0.023394
223690.00000 0.023538
223700.00000 0.023683
223710.00000 0.023831
223720.00000 0.02398
223730.00000 0.024132
223740.00000 0.024286
223750.00000 0.024442
223760.00000 0.0246
223770.00000 0.02476
223780.00000 0.024921
223790.00000 0.025085
223800.00000 0.02525
223810.00000 0.025417
223820.00000 0.025584
223830.00000 0.025754
223840.00000 0.025925
223850.00000 0.026096
223860.00000 0.026269
223870.00000 0.026443
223880.00000 0.026618
223890.00000 0.026794
223900.00000 0.02697
223910.00000 0.027147
223920.00000 0.027324
223930.00000 0.027502
223940.00000 0.027681
223950.00000 0.027859
223960.00000 0.028038
223970.00000 0.028217
223980.00000 0.028397
223990.00000 0.028577
224000.00000 0.028759
224010.00000 0.028942
224020.00000 0.029125
224030.00000 0.02931
224040.00000 0.029495
224050.00000 0.029681
224060.00000 0.029868
224070.00000 0.030055
224080.00000 0.030243
224090.00000 0.030432
224100.00000 0.030622
224110.00000 0.030813
224120.00000 0.031004
224130.00000 0.031196
224140.00000 0.031388
224150.00000 0.031581
224160.00000 0.031775
224170.00000 0.031969
224180.00000 0.032164
224190.00000 0.032359
224200.00000 0.032555
224210.00000 0.032751
224220.00000 0.032948
224230.00000 0.033145
224240.00000 0.033343
224250.00000 0.033541
224260.00000 0.03374
224270.00000 0.033939
224280.00000 0.034139
224290.00000 0.034339
224300.00000 0.03454
224310.00000 0.034742
224320.00000 0.034944
224330.00000 0.035147
224340.00000 0.03535
224350.00000 0.035555
224360.00000 0.03576
224370.00000 0.035966
224380.00000 0.036173
224390.00000 0.03638
224400.00000 0.036589
224410.00000 0.036798
224420.00000 0.037009
224430.00000 0.03722
224440.00000 0.037432
224450.00000 0.037645
224460.00000 0.03786
224470.00000 0.038075
224480.00000 0.03829
224490.00000 0.038505
224500.00000 0.03872
224510.00000 0.038935
224520.00000 0.03915
224530.00000 0.039365
224540.00000 0.039581
224550.00000 0.039797
224560.00000 0.040014
224570.00000 0.040233
224580.00000 0.040452
224590.00000 0.040673
224600.00000 0.040895
224610.00000 0.041119
224620.00000 0.041345
224630.00000 0.041573
224640.00000 0.041803
224650.00000 0.042035
224660.00000 0.04227
224670.00000 0.042507
224680.00000 0.042748
224690.00000 0.042991
224700.00000 0.043238
224710.00000 0.043488
224720.00000 0.043741
224730.00000 0.043997
224740.00000 0.044254
224750.00000 0.044513
224760.00000 0.044774
224770.00000 0.045037
224780.00000 0.045302
224790.00000 0.045568
224800.00000 0.045837
224810.00000 0.046108
224820.00000 0.046381
224830.00000 0.046657
224840.00000 0.046935
224850.00000 0.047216
224860.00000 0.0475
224870.00000 0.047786
224880.00000 0.048075
224890.00000 0.048367
224900.00000 0.048662
224910.00000 0.04896
224920.00000 0.049261
224930.00000 0.049566
224940.00000 0.049874
224950.00000 0.050185
224960.00000 0.0505
224970.00000 0.050819
224980.00000 0.05114
224990.00000 0.051464
225000.00000 0.051791
225010.00000 0.05212
225020.00000 0.052452
225030.00000 0.052786
225040.00000 0.053124
225050.00000 0.053464
225060.00000 0.053807
225070.00000 0.054153
225080.00000 0.054502
225090.00000 0.054854
225100.00000 0.05521
225110.00000 0.055568
225120.00000 0.055931
225130.00000 0.056296
225140.00000 0.056665
225150.00000 0.057038
225160.00000 0.057415
225170.00000 0.057795
225180.00000 0.058179
225190.00000 0.058567
225200.00000 0.058959
225210.00000 0.059355
225220.00000 0.059755
225230.00000 0.060159
225240.00000 0.060567
225250.00000 0.060977
225260.00000 0.061389
225270.00000 0.061805
225280.00000 0.062224
225290.00000 0.062647
225300.00000 0.063072
225310.00000 0.063501
225320.00000 0.063934
225330.00000 0.06437
225340.00000 0.064811
225350.00000 0.065255
225360.00000 0.065703
225370.00000 0.066156
225380.00000 0.066613
225390.00000 0.067074
225400.00000 0.067539
225410.00000 0.06801
225420.00000 0.068485
225430.00000 0.068965
225440.00000 0.06945
225450.00000 0.06994
225460.00000 0.070435
225470.00000 0.070936
225480.00000 0.071442
225490.00000 0.071952
225500.00000 0.072465
225510.00000 0.072981
225520.00000 0.073501
225530.00000 0.074024
225540.00000 0.07455
225550.00000 0.075081
225560.00000 0.075616
225570.00000 0.076156
225580.00000 0.0767
225590.00000 0.077249
225600.00000 0.077803
225610.00000 0.078363
225620.00000 0.078928
225630.00000 0.079499
225640.00000 0.080076
225650.00000 0.08066
225660.00000 0.08125
225670.00000 0.081846
225680.00000 0.08245
225690.00000 0.083061
225700.00000 0.083679
225710.00000 0.084305
225720.00000 0.084939
225730.00000 0.08558
225740.00000 0.08623
225750.00000 0.086885
225760.00000 0.087545
225770.00000 0.088211
225780.00000 0.088882
225790.00000 0.089559
225800.00000 0.090243
225810.00000 0.090932
225820.00000 0.091628
225830.00000 0.09233
225840.00000 0.093039
225850.00000 0.093755
225860.00000 0.094477
225870.00000 0.095207
225880.00000 0.095944
225890.00000 0.096688
225900.00000 0.09744
225910.00000 0.0982
225920.00000 0.098967
225930.00000 0.099743
225940.00000 0.100527
225950.00000 0.101319
225960.00000 0.102119
225970.00000 0.102928
225980.00000 0.103746
225990.00000 0.104573
226000.00000 0.105409
226010.00000 0.106252
226020.00000 0.107104
226030.00000 0.107964
226040.00000 0.108831
226050.00000 0.109707
226060.00000 0.11059
226070.00000 0.111482
226080.00000 0.112381
226090.00000 0.113287
226100.00000 0.114202
226110.00000 0.115124
226120.00000 0.116053
226130.00000 0.11699
226140.00000 0.117935
226150.00000 0.118887
226160.00000 0.119846
226170.00000 0.120812
226180.00000 0.121786
226190.00000 0.122767
226200.00000 0.123755
226210.00000 0.12475
226220.00000 0.125752
226230.00000 0.126761
226240.00000 0.127776
226250.00000 0.1288
226260.00000 0.129831
226270.00000 0.130871
226280.00000 0.13192
226290.00000 0.132976
226300.00000 0.134041
226310.00000 0.135114
226320.00000 0.136194
226330.00000 0.137281
226340.00000 0.138376
226350.00000 0.139478
226360.00000 0.140587
226370.00000 0.141702
226380.00000 0.142824
226390.00000 0.143952
226400.00000 0.145087
226410.00000 0.146227
226420.00000 0.147373
226430.00000 0.148524
226440.00000 0.149681
226450.00000 0.150843
226460.00000 0.15201
226470.00000 0.153182
226480.00000 0.154358
226490.00000 0.155539
226500.00000 0.156724
226510.00000 0.157914
226520.00000 0.159109
226530.00000 0.160311
226540.00000 0.161519
226550.00000 0.162732
226560.00000 0.163951
226570.00000 0.165176
226580.00000 0.166407
226590.00000 0.167643
226600.00000 0.168885
226610.00000 0.170132
226620.00000 0.171385
226630.00000 0.172643
226640.00000 0.173907
226650.00000 0.175176
226660.00000 0.17645
226670.00000 0.17773
226680.00000 0.179015
226690.00000 0.180305
226700.00000 0.1816
226710.00000 0.182901
226720.00000 0.184206
226730.00000 0.185517
226740.00000 0.186832
226750.00000 0.188152
226760.00000 0.189478
226770.00000 0.190807
226780.00000 0.19214
226790.00000 0.193476
226800.00000 0.194817
226810.00000 0.196162
226820.00000 0.197512
226830.00000 0.198866
226840.00000 0.200225
226850.00000 0.20159
226860.00000 0.202959
226870.00000 0.204335
226880.00000 0.205716
226890.00000 0.207103
226900.00000 0.208496
226910.00000 0.209896
226920.00000 0.211302
226930.00000 0.212715
226940.00000 0.214135
226950.00000 0.215563
226960.00000 0.216998
226970.00000 0.21844
226980.00000 0.21989
226990.00000 0.221349
227000.00000 0.222816
227010.00000 0.224291
227020.00000 0.225774
227030.00000 0.227264
227040.00000 0.22876
227050.00000 0.230262
227060.00000 0.23177
227070.00000 0.233284
227080.00000 0.234806
227090.00000 0.236333
227100.00000 0.237868
227110.00000 0.23941
227120.00000 0.240959
227130.00000 0.242515
227140.00000 0.244078
227150.00000 0.245649
227160.00000 0.247227
227170.00000 0.248814
227180.00000 0.250408
227190.00000 0.25201
227200.00000 0.25362
227210.00000 0.255239
227220.00000 0.256866
227230.00000 0.258502
227240.00000 0.260146
227250.00000 0.261799
227260.00000 0.263462
227270.00000 0.265133
227280.00000 0.266814
227290.00000 0.268505
227300.00000 0.270207
