threeML/data/optical_filters/Keck/LWS-f_1070.ecsv
# %ECSV 0.9
# ---
# datatype:
# - {name: wavelength, unit: Angstrom, datatype: float32}
# - {name: response, datatype: float32}
# meta: !!omap
# - {band_name: f_1070}
# - {group_name: LWS}
wavelength response
80739.00000 0.0
89710.00000 0.02168
89760.00000 0.02173
89810.00000 0.02178
89860.00000 0.02182
89910.00000 0.02186
89960.00000 0.0219
90020.00000 0.02195
90070.00000 0.02199
90120.00000 0.02202
90170.00000 0.02206
90220.00000 0.02209
90270.00000 0.02212
90320.00000 0.02215
90370.00000 0.02218
90420.00000 0.0222
90470.00000 0.02223
90520.00000 0.02225
90570.00000 0.02228
90620.00000 0.0223
90670.00000 0.02232
90720.00000 0.02234
90770.00000 0.02236
90820.00000 0.02238
90870.00000 0.0224
90920.00000 0.02242
90970.00000 0.02243
91020.00000 0.02245
91070.00000 0.02247
91120.00000 0.02248
91170.00000 0.0225
91220.00000 0.02251
91270.00000 0.02252
91320.00000 0.02254
91370.00000 0.02255
91420.00000 0.02256
91470.00000 0.02258
91520.00000 0.02259
91570.00000 0.0226
91620.00000 0.02262
91670.00000 0.02263
91720.00000 0.02264
91770.00000 0.02266
91820.00000 0.02267
91870.00000 0.02268
91920.00000 0.0227
91970.00000 0.02271
92020.00000 0.02273
92070.00000 0.02274
92120.00000 0.02276
92170.00000 0.02277
92220.00000 0.02279
92270.00000 0.02281
92320.00000 0.02283
92370.00000 0.02284
92420.00000 0.02286
92470.00000 0.02289
92520.00000 0.02291
92570.00000 0.02293
92620.00000 0.02295
92670.00000 0.02298
92720.00000 0.023
92770.00000 0.02303
92820.00000 0.02306
92870.00000 0.02309
92920.00000 0.02312
92970.00000 0.02315
93020.00000 0.02319
93070.00000 0.02322
93120.00000 0.02326
93170.00000 0.0233
93220.00000 0.02334
93270.00000 0.02338
93320.00000 0.02343
93370.00000 0.02347
93420.00000 0.02352
93470.00000 0.02357
93520.00000 0.02362
93570.00000 0.02367
93620.00000 0.02373
93670.00000 0.02379
93720.00000 0.02385
93770.00000 0.02391
93820.00000 0.02397
93870.00000 0.02404
93920.00000 0.02411
93970.00000 0.02419
94020.00000 0.02427
94070.00000 0.02436
94120.00000 0.02445
94170.00000 0.02455
94220.00000 0.02466
94270.00000 0.02478
94320.00000 0.02491
94370.00000 0.02506
94420.00000 0.02521
94470.00000 0.02538
94520.00000 0.02556
94570.00000 0.02575
94620.00000 0.02596
94670.00000 0.02619
94720.00000 0.02644
94770.00000 0.0267
94820.00000 0.02698
94870.00000 0.02728
94920.00000 0.0276
94970.00000 0.02794
95020.00000 0.02831
95070.00000 0.0287
95120.00000 0.02911
95170.00000 0.02955
95220.00000 0.03001
95270.00000 0.0305
95320.00000 0.03101
95370.00000 0.03155
95420.00000 0.03213
95470.00000 0.03273
95520.00000 0.03336
95570.00000 0.03403
95620.00000 0.03472
95670.00000 0.03545
95720.00000 0.03622
95770.00000 0.03702
95820.00000 0.03785
95870.00000 0.03872
95920.00000 0.03963
95970.00000 0.04057
96020.00000 0.04156
96070.00000 0.04258
96120.00000 0.04365
96170.00000 0.04476
96220.00000 0.04591
96270.00000 0.0471
96320.00000 0.04834
96370.00000 0.04962
96420.00000 0.05095
96470.00000 0.05232
96520.00000 0.05374
96570.00000 0.05521
96620.00000 0.05673
96670.00000 0.0583
96720.00000 0.05992
96770.00000 0.06159
96820.00000 0.06331
96870.00000 0.0651
96920.00000 0.06697
96970.00000 0.06899
97020.00000 0.07118
97070.00000 0.07359
97120.00000 0.07626
97170.00000 0.07922
97220.00000 0.08253
97270.00000 0.08621
97320.00000 0.09032
97370.00000 0.09487
97420.00000 0.09987
97470.00000 0.1053
97520.00000 0.1111
97570.00000 0.1173
97620.00000 0.1238
97670.00000 0.1307
97720.00000 0.1379
97770.00000 0.1454
97820.00000 0.1531
97870.00000 0.1612
97920.00000 0.1694
97970.00000 0.1778
98020.00000 0.1864
98070.00000 0.1952
98120.00000 0.2042
98170.00000 0.2133
98220.00000 0.2226
98270.00000 0.2321
98320.00000 0.2417
98370.00000 0.2514
98420.00000 0.2613
98470.00000 0.2713
98520.00000 0.2814
98570.00000 0.2916
98620.00000 0.3019
98670.00000 0.3123
98720.00000 0.3228
98770.00000 0.3334
98820.00000 0.344
98870.00000 0.3547
98920.00000 0.3655
98970.00000 0.3763
99020.00000 0.3872
99070.00000 0.3981
99120.00000 0.409
99170.00000 0.42
99220.00000 0.4309
99270.00000 0.4419
99320.00000 0.4528
99370.00000 0.4638
99420.00000 0.4747
99470.00000 0.4856
99520.00000 0.4965
99570.00000 0.5073
99620.00000 0.5181
99670.00000 0.5288
99720.00000 0.5395
99770.00000 0.5501
99820.00000 0.5606
99870.00000 0.571
99920.00000 0.5812
99970.00000 0.5913
100000.00000 0.5972
100100.00000 0.6164
100200.00000 0.6344
100300.00000 0.6511
100400.00000 0.6661
100500.00000 0.6793
100600.00000 0.6908
100700.00000 0.7008
100800.00000 0.7094
100900.00000 0.7168
101000.00000 0.7232
101100.00000 0.7287
101200.00000 0.7336
101300.00000 0.7379
101400.00000 0.7419
101500.00000 0.7456
101600.00000 0.7491
101700.00000 0.7522
101800.00000 0.7551
101900.00000 0.7578
102000.00000 0.7603
102100.00000 0.7626
102200.00000 0.7648
102300.00000 0.7668
102400.00000 0.7686
102500.00000 0.7703
102600.00000 0.7719
102700.00000 0.7734
102800.00000 0.7749
102900.00000 0.7763
103000.00000 0.7777
103100.00000 0.7791
103200.00000 0.7804
103300.00000 0.7818
103400.00000 0.7832
103500.00000 0.7846
103600.00000 0.7861
103700.00000 0.7876
103800.00000 0.7892
103900.00000 0.7908
104000.00000 0.7925
104100.00000 0.7942
104200.00000 0.7961
104300.00000 0.798
104400.00000 0.8001
104500.00000 0.8022
104600.00000 0.8045
104700.00000 0.8069
104800.00000 0.8094
104900.00000 0.812
105000.00000 0.8147
105100.00000 0.8173
105200.00000 0.8199
105300.00000 0.8225
105400.00000 0.8249
105500.00000 0.8271
105600.00000 0.8291
105700.00000 0.8308
105800.00000 0.8322
105900.00000 0.8333
106000.00000 0.834
106100.00000 0.8342
106200.00000 0.834
106300.00000 0.8334
106400.00000 0.8325
106500.00000 0.8312
106600.00000 0.8296
106700.00000 0.8278
106800.00000 0.8257
106900.00000 0.8235
107000.00000 0.8212
107100.00000 0.8188
107200.00000 0.8164
107300.00000 0.8139
107400.00000 0.8115
107500.00000 0.8092
107600.00000 0.807
107700.00000 0.805
107800.00000 0.8031
107900.00000 0.8015
108000.00000 0.8002
108100.00000 0.7992
108200.00000 0.7985
108300.00000 0.7983
108400.00000 0.7985
108500.00000 0.7991
108600.00000 0.8001
108700.00000 0.8014
108800.00000 0.8031
108900.00000 0.8049
109000.00000 0.807
109100.00000 0.8093
109200.00000 0.8116
109300.00000 0.8141
109400.00000 0.8165
109500.00000 0.8189
109600.00000 0.8213
109700.00000 0.8235
109800.00000 0.8256
109900.00000 0.8274
110000.00000 0.8289
110100.00000 0.8301
110200.00000 0.8308
110300.00000 0.8311
110400.00000 0.8308
110500.00000 0.8299
110600.00000 0.8285
110700.00000 0.8266
110800.00000 0.8242
110900.00000 0.8212
111000.00000 0.8179
111100.00000 0.8141
111200.00000 0.8099
111300.00000 0.8054
111400.00000 0.8006
111500.00000 0.7955
111600.00000 0.7901
111700.00000 0.7844
111800.00000 0.7786
111900.00000 0.7725
112000.00000 0.7662
112100.00000 0.7598
112200.00000 0.7531
112300.00000 0.7462
112400.00000 0.7391
112500.00000 0.7318
112600.00000 0.7243
112700.00000 0.7167
112800.00000 0.7088
112900.00000 0.7006
113000.00000 0.6921
113100.00000 0.6831
113200.00000 0.6735
113300.00000 0.6633
113400.00000 0.6523
113500.00000 0.6404
113600.00000 0.6275
113700.00000 0.6135
113800.00000 0.5984
113900.00000 0.5822
114000.00000 0.565
114100.00000 0.547
114200.00000 0.5283
114300.00000 0.5089
114400.00000 0.4889
114500.00000 0.4685
114600.00000 0.4477
114700.00000 0.4266
114800.00000 0.4054
114900.00000 0.3842
115000.00000 0.363
115100.00000 0.342
115200.00000 0.3212
115300.00000 0.3008
115400.00000 0.2808
115500.00000 0.2614
115600.00000 0.2426
115700.00000 0.2246
115800.00000 0.2074
115900.00000 0.1913
116000.00000 0.1761
116100.00000 0.1622
116200.00000 0.1493
116300.00000 0.1377
116400.00000 0.1271
116500.00000 0.1175
116600.00000 0.1089
116700.00000 0.1011
116800.00000 0.09413
116900.00000 0.08786
117000.00000 0.08226
117100.00000 0.07726
117200.00000 0.07279
117300.00000 0.06878
117400.00000 0.06517
117500.00000 0.06189
117600.00000 0.05888
117700.00000 0.05606
117800.00000 0.05343
117900.00000 0.05096
118000.00000 0.04865
118100.00000 0.0465
118200.00000 0.0445
118300.00000 0.04264
118400.00000 0.04092
118500.00000 0.03932
118600.00000 0.03785
118700.00000 0.0365
118800.00000 0.03525
118900.00000 0.03411
119000.00000 0.03307
119100.00000 0.03211
119200.00000 0.03124
119300.00000 0.03044
119400.00000 0.02972
119500.00000 0.02906
119600.00000 0.02845
119700.00000 0.0279
119800.00000 0.02739
119900.00000 0.02691
120000.00000 0.02647
120100.00000 0.02605
120200.00000 0.02565
120300.00000 0.02526
120400.00000 0.02488
120500.00000 0.02451
120600.00000 0.02415
120700.00000 0.02381
120800.00000 0.02347
120900.00000 0.02314
121000.00000 0.02282
121100.00000 0.02251
121200.00000 0.02221
121300.00000 0.02192
121400.00000 0.02164
121500.00000 0.02136
121600.00000 0.0211
121700.00000 0.02084
121800.00000 0.02059
121900.00000 0.02035
122000.00000 0.02012
122100.00000 0.01989
122200.00000 0.01967
122300.00000 0.01946
122400.00000 0.01926
122500.00000 0.01906
122600.00000 0.01887
122700.00000 0.01868
122800.00000 0.01851
122900.00000 0.01833
123000.00000 0.01817
123100.00000 0.01801
123200.00000 0.01785
123300.00000 0.0177
123400.00000 0.01756
123500.00000 0.01742
123600.00000 0.01729
123700.00000 0.01716
123800.00000 0.01703
123900.00000 0.01691
124000.00000 0.01679
124100.00000 0.01668
124200.00000 0.01657
124300.00000 0.01647
124400.00000 0.01636
124500.00000 0.01627
124600.00000 0.01617
124700.00000 0.01608
124800.00000 0.01599
124900.00000 0.0159
125000.00000 0.01581
125100.00000 0.01573
125200.00000 0.01565
125300.00000 0.01557
125400.00000 0.01549
125500.00000 0.01542
125600.00000 0.01534
125700.00000 0.01527
125800.00000 0.01519
125900.00000 0.01512
126000.00000 0.01505
126100.00000 0.01498
126200.00000 0.01491
126300.00000 0.01484
126400.00000 0.01476
126500.00000 0.01469
126600.00000 0.01462
126700.00000 0.01455
126800.00000 0.01447
126900.00000 0.0144
127000.00000 0.01432
127100.00000 0.01424
127200.00000 0.01416
127300.00000 0.01408
127400.00000 0.014
127500.00000 0.01391
127600.00000 0.01383
127700.00000 0.01373
127800.00000 0.01364
127900.00000 0.01355
128000.00000 0.01345
128100.00000 0.01334
128200.00000 0.01324
128300.00000 0.01313
128400.00000 0.01302
128500.00000 0.0129
128600.00000 0.01278
128700.00000 0.01265
128800.00000 0.01252
128900.00000 0.01239
129000.00000 0.01225
129100.00000 0.0121
129200.00000 0.01195
129300.00000 0.0118
129400.00000 0.01165
129500.00000 0.0115
129600.00000 0.01135
129700.00000 0.01119
129800.00000 0.01104
129900.00000 0.01089
142890.00000 0.0
