threeML/data/optical_filters/Keck/LWS-SiC.ecsv
# %ECSV 0.9
# ---
# datatype:
# - {name: wavelength, unit: Angstrom, datatype: float32}
# - {name: response, datatype: float32}
# meta: !!omap
# - {band_name: SiC}
# - {group_name: LWS}
wavelength response
[from data line 1447]
113750.00000 0.809525
113760.00000 0.809605
113770.00000 0.809677
113780.00000 0.809745
113790.00000 0.809806
113800.00000 0.809862
113810.00000 0.809912
113820.00000 0.809955
113830.00000 0.80999
113840.00000 0.810019
113850.00000 0.810041
113860.00000 0.810057
113870.00000 0.810066
113880.00000 0.810068
113890.00000 0.810063
113900.00000 0.810052
113910.00000 0.810032
113920.00000 0.810006
113930.00000 0.809972
113940.00000 0.809934
113950.00000 0.809892
113960.00000 0.809847
113970.00000 0.809798
113980.00000 0.809744
113990.00000 0.809685
114000.00000 0.809623
114010.00000 0.809559
114020.00000 0.809492
114030.00000 0.809424
114040.00000 0.809354
114050.00000 0.809282
114060.00000 0.809208
114070.00000 0.809131
114080.00000 0.80905
114090.00000 0.808967
114100.00000 0.808882
114110.00000 0.808795
114120.00000 0.808707
114130.00000 0.808613
114140.00000 0.808514
114150.00000 0.808406
114160.00000 0.80829
114170.00000 0.808169
114180.00000 0.808043
114190.00000 0.80791
114200.00000 0.807767
114210.00000 0.807612
114220.00000 0.807443
114230.00000 0.807262
114240.00000 0.807071
114250.00000 0.806868
114260.00000 0.806653
114270.00000 0.806426
114280.00000 0.806183
114290.00000 0.805926
114300.00000 0.805653
114310.00000 0.805366
114320.00000 0.805065
114330.00000 0.804752
114340.00000 0.804428
114350.00000 0.804093
114360.00000 0.803745
114370.00000 0.803383
114380.00000 0.803008
114390.00000 0.802623
114400.00000 0.802232
114410.00000 0.801835
114420.00000 0.801436
114430.00000 0.801028
114440.00000 0.800612
114450.00000 0.80019
114460.00000 0.799766
114470.00000 0.799341
114480.00000 0.79892
114490.00000 0.798502
114500.00000 0.798081
114510.00000 0.797661
114520.00000 0.797241
114530.00000 0.796824
114540.00000 0.796411
114550.00000 0.796004
114560.00000 0.795602
114570.00000 0.795204
114580.00000 0.794809
114590.00000 0.794417
114600.00000 0.794028
114610.00000 0.793641
114620.00000 0.793256
114630.00000 0.792876
114640.00000 0.792499
114650.00000 0.792123
114660.00000 0.791748
114670.00000 0.79137
114680.00000 0.79099
114690.00000 0.790608
114700.00000 0.790226
114710.00000 0.789842
114720.00000 0.789457
114730.00000 0.789069
114740.00000 0.788678
114750.00000 0.788283
114760.00000 0.787883
114770.00000 0.787479
114780.00000 0.787072
114790.00000 0.786665
114800.00000 0.786259
114810.00000 0.785854
114820.00000 0.785449
114830.00000 0.78504
114840.00000 0.78463
114850.00000 0.784224
114860.00000 0.783824
114870.00000 0.783435
114880.00000 0.783058
114890.00000 0.782686
114900.00000 0.782319
114910.00000 0.781961
114920.00000 0.781615
114930.00000 0.781286
114940.00000 0.780976
114950.00000 0.780686
114960.00000 0.78041
114970.00000 0.780149
114980.00000 0.779905
114990.00000 0.779682
115000.00000 0.77948
115010.00000 0.779301
115020.00000 0.779146
115030.00000 0.779012
115040.00000 0.778899
115050.00000 0.778807
115060.00000 0.778735
115070.00000 0.778682
115080.00000 0.778649
115090.00000 0.778639
115100.00000 0.778651
115110.00000 0.778682
115120.00000 0.778729
115130.00000 0.778791
115140.00000 0.778865
115150.00000 0.778954
115160.00000 0.779061
115170.00000 0.779185
115180.00000 0.779321
115190.00000 0.779466
115200.00000 0.779617
115210.00000 0.779772
115220.00000 0.779936
115230.00000 0.78011
115240.00000 0.780291
115250.00000 0.780478
115260.00000 0.780666
115270.00000 0.780855
115280.00000 0.781044
115290.00000 0.781236
115300.00000 0.781431
115310.00000 0.781628
115320.00000 0.781824
115330.00000 0.782019
115340.00000 0.78221
115350.00000 0.782399
115360.00000 0.782586
115370.00000 0.782772
115380.00000 0.782957
115390.00000 0.78314
115400.00000 0.78332
115410.00000 0.783499
115420.00000 0.783675
115430.00000 0.78385
115440.00000 0.784022
115450.00000 0.784193
115460.00000 0.784362
115470.00000 0.78453
115480.00000 0.784695
115490.00000 0.784859
115500.00000 0.78502
115510.00000 0.785181
115520.00000 0.785339
115530.00000 0.785498
115540.00000 0.785655
115550.00000 0.785813
115560.00000 0.78597
115570.00000 0.786126
115580.00000 0.786281
115590.00000 0.786435
115600.00000 0.786588
115610.00000 0.786741
115620.00000 0.786892
115630.00000 0.787041
115640.00000 0.78719
115650.00000 0.787339
115660.00000 0.787488
115670.00000 0.787639
115680.00000 0.787791
115690.00000 0.787941
115700.00000 0.788092
115710.00000 0.788244
115720.00000 0.788398
115730.00000 0.788557
115740.00000 0.788721
115750.00000 0.788888
115760.00000 0.789057
115770.00000 0.789229
115780.00000 0.789406
115790.00000 0.789591
115800.00000 0.789783
115810.00000 0.789987
115820.00000 0.790199
115830.00000 0.790417
115840.00000 0.790644
115850.00000 0.790879
115860.00000 0.791124
115870.00000 0.791379
115880.00000 0.791644
115890.00000 0.791921
115900.00000 0.792208
115910.00000 0.792504
115920.00000 0.792808
115930.00000 0.793118
115940.00000 0.793433
115950.00000 0.793756
115960.00000 0.794088
115970.00000 0.794428
115980.00000 0.794773
115990.00000 0.79512
116000.00000 0.795466
116010.00000 0.79581
116020.00000 0.796153
116030.00000 0.7965
116040.00000 0.796847
116050.00000 0.797193
116060.00000 0.797535
116070.00000 0.797872
116080.00000 0.798201
116090.00000 0.798525
116100.00000 0.798845
116110.00000 0.79916
116120.00000 0.799471
116130.00000 0.799777
116140.00000 0.800077
116150.00000 0.800372
116160.00000 0.80066
116170.00000 0.800942
116180.00000 0.80122
116190.00000 0.801494
116200.00000 0.801766
116210.00000 0.802037
116220.00000 0.802305
116230.00000 0.802571
116240.00000 0.802833
116250.00000 0.803094
116260.00000 0.803353
116270.00000 0.803611
116280.00000 0.80387
116290.00000 0.804129
116300.00000 0.804387
116310.00000 0.804645
116320.00000 0.804902
116330.00000 0.805157
116340.00000 0.805409
116350.00000 0.805659
116360.00000 0.805908
116370.00000 0.806156
116380.00000 0.806401
116390.00000 0.806644
116400.00000 0.806883
116410.00000 0.807117
116420.00000 0.807345
116430.00000 0.80757
116440.00000 0.80779
116450.00000 0.808006
116460.00000 0.808218
116470.00000 0.808425
116480.00000 0.808628
116490.00000 0.808825
116500.00000 0.809016
116510.00000 0.809203
116520.00000 0.809385
116530.00000 0.809564
116540.00000 0.809739
116550.00000 0.809912
116560.00000 0.810081
116570.00000 0.810247
116580.00000 0.81041
116590.00000 0.810569
116600.00000 0.810726
116610.00000 0.810879
116620.00000 0.81103
116630.00000 0.811179
116640.00000 0.811326
116650.00000 0.811471
116660.00000 0.811611
116670.00000 0.811747
116680.00000 0.811876
116690.00000 0.812
116700.00000 0.812119
116710.00000 0.812235
116720.00000 0.812345
116730.00000 0.812449
116740.00000 0.812543
116750.00000 0.812628
116760.00000 0.812702
116770.00000 0.812768
116780.00000 0.812826
116790.00000 0.812874
116800.00000 0.812913
116810.00000 0.812942
116820.00000 0.812959
116830.00000 0.812965
116840.00000 0.812958
116850.00000 0.812941
116860.00000 0.812914
116870.00000 0.812878
116880.00000 0.812833
116890.00000 0.812781
116900.00000 0.812721
116910.00000 0.81265
116920.00000 0.81257
116930.00000 0.812482
116940.00000 0.81239
116950.00000 0.812293
116960.00000 0.812194
116970.00000 0.81209
116980.00000 0.811979
116990.00000 0.811864
117000.00000 0.811746
117010.00000 0.811625
117020.00000 0.811504
117030.00000 0.811385
117040.00000 0.811264
117050.00000 0.811141
117060.00000 0.811018
117070.00000 0.810893
117080.00000 0.810769
117090.00000 0.810645
117100.00000 0.810522
117110.00000 0.810398
117120.00000 0.810275
117130.00000 0.810151
117140.00000 0.810028
117150.00000 0.809905
117160.00000 0.809783
117170.00000 0.809661
117180.00000 0.80954
117190.00000 0.809418
117200.00000 0.809298
117210.00000 0.809178
117220.00000 0.809058
117230.00000 0.808939
117240.00000 0.808821
117250.00000 0.808703
117260.00000 0.808584
117270.00000 0.808467
117280.00000 0.808351
117290.00000 0.808236
117300.00000 0.808124
117310.00000 0.808014
117320.00000 0.807905
117330.00000 0.807797
117340.00000 0.807691
117350.00000 0.807588
117360.00000 0.807487
117370.00000 0.807389
117380.00000 0.807295
117390.00000 0.807202
117400.00000 0.807113
117410.00000 0.807026
117420.00000 0.806942
117430.00000 0.806863
117440.00000 0.806788
117450.00000 0.806717
117460.00000 0.80665
117470.00000 0.806586
117480.00000 0.806527
117490.00000 0.806471
117500.00000 0.80642
117510.00000 0.806373
117520.00000 0.80633
117530.00000 0.806292
117540.00000 0.806258
117550.00000 0.806228
117560.00000 0.806201
117570.00000 0.806178
117580.00000 0.806159
117590.00000 0.806144
117600.00000 0.806133
117610.00000 0.806126
117620.00000 0.806122
117630.00000 0.806121
117640.00000 0.806122
117650.00000 0.806123
117660.00000 0.806128
117670.00000 0.806136
117680.00000 0.806146
117690.00000 0.806157
117700.00000 0.80617
117710.00000 0.806183
117720.00000 0.806197
117730.00000 0.806212
117740.00000 0.806228
117750.00000 0.806245
117760.00000 0.806263
117770.00000 0.806281
117780.00000 0.806298
117790.00000 0.806315
117800.00000 0.806333
117810.00000 0.80635
117820.00000 0.806367
117830.00000 0.806384
117840.00000 0.806401
117850.00000 0.806416
117860.00000 0.806431
117870.00000 0.806446
117880.00000 0.80646
117890.00000 0.806474
117900.00000 0.806486
117910.00000 0.806498
117920.00000 0.806507
117930.00000 0.806514
117940.00000 0.806519
117950.00000 0.806524
117960.00000 0.806527
117970.00000 0.806528
117980.00000 0.806526
117990.00000 0.806522
118000.00000 0.806514
118010.00000 0.806504
118020.00000 0.806492
118030.00000 0.806477
118040.00000 0.80646
118050.00000 0.80644
118060.00000 0.806418
118070.00000 0.806393
118080.00000 0.806365
118090.00000 0.806333
118100.00000 0.806299
118110.00000 0.806264
118120.00000 0.806228
118130.00000 0.806192
118140.00000 0.806156
118150.00000 0.806117
118160.00000 0.806077
118170.00000 0.806037
118180.00000 0.805998
118190.00000 0.805961
118200.00000 0.805929
118210.00000 0.805901
118220.00000 0.805873
118230.00000 0.805847
118240.00000 0.805824
118250.00000 0.805806
118260.00000 0.805793
118270.00000 0.805786
118280.00000 0.805787
118290.00000 0.805793
118300.00000 0.805805
118310.00000 0.805822
118320.00000 0.805844
118330.00000 0.805873
118340.00000 0.805907
118350.00000 0.805948
118360.00000 0.805997
118370.00000 0.806053
118380.00000 0.806113
118390.00000 0.806178
118400.00000 0.806246
118410.00000 0.806315
118420.00000 0.806386
118430.00000 0.806464
118440.00000 0.806546
118450.00000 0.806629
118460.00000 0.806713
118470.00000 0.806793
118480.00000 0.806868
118490.00000 0.806937
118500.00000 0.807008
118510.00000 0.807077
118520.00000 0.807142
118530.00000 0.807201
118540.00000 0.80725
118550.00000 0.807288
118560.00000 0.807313
118570.00000 0.807332
118580.00000 0.807343
118590.00000 0.807343
118600.00000 0.807333
118610.00000 0.807309
118620.00000 0.80727
118630.00000 0.807214
118640.00000 0.807146
118650.00000 0.807065
118660.00000 0.80697
118670.00000 0.806861
118680.00000 0.806737
118690.00000 0.806599
118700.00000 0.806445
118710.00000 0.806276
118720.00000 0.806092
118730.00000 0.805894
118740.00000 0.805682
118750.00000 0.805457
118760.00000 0.805219
118770.00000 0.804969
118780.00000 0.804704
118790.00000 0.804425
118800.00000 0.804133
118810.00000 0.80383
118820.00000 0.803517
118830.00000 0.803196
118840.00000 0.802866
118850.00000 0.802523
118860.00000 0.802169
118870.00000 0.801805
118880.00000 0.801434
118890.00000 0.801058
118900.00000 0.80068
118910.00000 0.8003
118920.00000 0.799912
118930.00000 0.799516
118940.00000 0.799115
118950.00000 0.798715
118960.00000 0.798316
118970.00000 0.797924
118980.00000 0.797539
118990.00000 0.797155
119000.00000 0.79677
119010.00000 0.796389
119020.00000 0.796014
119030.00000 0.795652
119040.00000 0.795304
119050.00000 0.794976
119060.00000 0.794659
119070.00000 0.794353
119080.00000 0.794058
119090.00000 0.793779
119100.00000 0.793519
119110.00000 0.793279
119120.00000 0.793064
119130.00000 0.792869
119140.00000 0.792694
119150.00000 0.792538
119160.00000 0.792402
119170.00000 0.792286
119180.00000 0.792191
119190.00000 0.792116
119200.00000 0.792064
119210.00000 0.792036
119220.00000 0.792028
119230.00000 0.79204
119240.00000 0.792067
119250.00000 0.792108
119260.00000 0.792161
119270.00000 0.792229
119280.00000 0.792317
119290.00000 0.79242
119300.00000 0.792537
119310.00000 0.792662
119320.00000 0.792794
119330.00000 0.792928
119340.00000 0.793067
119350.00000 0.793216
119360.00000 0.793373
119370.00000 0.793536
119380.00000 0.793702
119390.00000 0.793867
119400.00000 0.79403
119410.00000 0.79419
119420.00000 0.794352
119430.00000 0.794515
119440.00000 0.794678
119450.00000 0.794839
119460.00000 0.794997
119470.00000 0.79515
119480.00000 0.795297
119490.00000 0.795443
119500.00000 0.795585
119510.00000 0.795724
119520.00000 0.795859
119530.00000 0.795988
119540.00000 0.796112
119550.00000 0.796229
119560.00000 0.796341
119570.00000 0.796448
119580.00000 0.79655
119590.00000 0.796646
119600.00000 0.796735
119610.00000 0.796817
119620.00000 0.796892
119630.00000 0.79696
119640.00000 0.797021
119650.00000 0.797075
119660.00000 0.797123
119670.00000 0.797164
119680.00000 0.797198
119690.00000 0.797225
119700.00000 0.797245
119710.00000 0.797256
119720.00000 0.797261
119730.00000 0.79726
119740.00000 0.797253
119750.00000 0.797243
119760.00000 0.797229
119770.00000 0.79721
119780.00000 0.797185
119790.00000 0.797155
119800.00000 0.797122
119810.00000 0.797086
119820.00000 0.79705
119830.00000 0.797014
119840.00000 0.796979
119850.00000 0.796941
119860.00000 0.796902
119870.00000 0.796863
119880.00000 0.796824
119890.00000 0.796785
119900.00000 0.796748
119910.00000 0.796713
119920.00000 0.796679
119930.00000 0.796646
119940.00000 0.796614
119950.00000 0.796582
119960.00000 0.796551
119970.00000 0.796519
119980.00000 0.796486
119990.00000 0.796455
120000.00000 0.796423
120010.00000 0.796392
120020.00000 0.796361
120030.00000 0.796328
120040.00000 0.796294
120050.00000 0.796257
120060.00000 0.796219
120070.00000 0.796179
120080.00000 0.796138
120090.00000 0.796095
120100.00000 0.796052
120110.00000 0.796009
120120.00000 0.795967
120130.00000 0.795923
120140.00000 0.795877
120150.00000 0.795831
120160.00000 0.795785
120170.00000 0.795741
120180.00000 0.795699
120190.00000 0.795661
120200.00000 0.795626
120210.00000 0.795593
120220.00000 0.795562
120230.00000 0.795534
120240.00000 0.795508
120250.00000 0.795487
120260.00000 0.795469
120270.00000 0.795456
120280.00000 0.795449
120290.00000 0.795447
120300.00000 0.795448
120310.00000 0.795451
120320.00000 0.795455
120330.00000 0.79546
120340.00000 0.795465
120350.00000 0.795472
120360.00000 0.795483
120370.00000 0.795495
120380.00000 0.795506
120390.00000 0.795515
120400.00000 0.795519
120410.00000 0.795518
120420.00000 0.795513
120430.00000 0.795506
120440.00000 0.795495
120450.00000 0.795481
120460.00000 0.795462
120470.00000 0.795438
120480.00000 0.795406
120490.00000 0.795368
120500.00000 0.795322
120510.00000 0.795271
120520.00000 0.795214
120530.00000 0.795153
120540.00000 0.795089
120550.00000 0.795021
120560.00000 0.794951
120570.00000 0.794875
120580.00000 0.794794
120590.00000 0.79471
120600.00000 0.794624
120610.00000 0.794537
120620.00000 0.794453
120630.00000 0.794371
120640.00000 0.794288
120650.00000 0.794205
120660.00000 0.794121
120670.00000 0.794039
120680.00000 0.79396
120690.00000 0.793885
120700.00000 0.793814
120710.00000 0.793748
120720.00000 0.793686
120730.00000 0.793626
120740.00000 0.79357
120750.00000 0.793518
120760.00000 0.79347
120770.00000 0.793426
120780.00000 0.793387
120790.00000 0.793353
120800.00000 0.793323
120810.00000 0.793297
120820.00000 0.793274
120830.00000 0.793255
120840.00000 0.793239
120850.00000 0.793225
120860.00000 0.793215
120870.00000 0.793209
120880.00000 0.793206
120890.00000 0.793205
120900.00000 0.793207
120910.00000 0.793209
120920.00000 0.793211
120930.00000 0.793215
120940.00000 0.793221
120950.00000 0.793229
120960.00000 0.793237
120970.00000 0.793246
120980.00000 0.793255
120990.00000 0.793262
121000.00000 0.793269
121010.00000 0.793277
121020.00000 0.793284
121030.00000 0.793292
121040.00000 0.793298
