threeML/data/optical_filters/Keck/LWS-f_2310.ecsv
# %ECSV 0.9
# ---
# datatype:
# - {name: wavelength, unit: Angstrom, datatype: float32}
# - {name: response, datatype: float32}
# meta: !!omap
# - {band_name: f_2310}
# - {group_name: LWS}
wavelength response
[from data line 1463]
234620.00000 0.297557
234630.00000 0.295613
234640.00000 0.29367
234650.00000 0.291729
234660.00000 0.289791
234670.00000 0.287857
234680.00000 0.285925
234690.00000 0.283998
234700.00000 0.282076
234710.00000 0.280158
234720.00000 0.278246
234730.00000 0.27634
234740.00000 0.274441
234750.00000 0.272544
234760.00000 0.270644
234770.00000 0.268741
234780.00000 0.266835
234790.00000 0.264927
234800.00000 0.263019
234810.00000 0.261111
234820.00000 0.259204
234830.00000 0.257298
234840.00000 0.255394
234850.00000 0.253493
234860.00000 0.251597
234870.00000 0.249705
234880.00000 0.247818
234890.00000 0.245938
234900.00000 0.244065
234910.00000 0.242199
234920.00000 0.240342
234930.00000 0.238495
234940.00000 0.236658
234950.00000 0.234831
234960.00000 0.233016
234970.00000 0.231214
234980.00000 0.229425
234990.00000 0.22765
235000.00000 0.225889
235010.00000 0.224145
235020.00000 0.222416
235030.00000 0.220696
235040.00000 0.218983
235050.00000 0.217276
235060.00000 0.215577
235070.00000 0.213885
235080.00000 0.212201
235090.00000 0.210526
235100.00000 0.208859
235110.00000 0.207202
235120.00000 0.205555
235130.00000 0.203917
235140.00000 0.202291
235150.00000 0.200675
235160.00000 0.199071
235170.00000 0.197479
235180.00000 0.195899
235190.00000 0.194332
235200.00000 0.192778
235210.00000 0.191238
235220.00000 0.189712
235230.00000 0.1882
235240.00000 0.186703
235250.00000 0.185222
235260.00000 0.183757
235270.00000 0.182307
235280.00000 0.180875
235290.00000 0.179459
235300.00000 0.178061
235310.00000 0.176679
235320.00000 0.175312
235330.00000 0.173961
235340.00000 0.172625
235350.00000 0.171304
235360.00000 0.169998
235370.00000 0.168706
235380.00000 0.167428
235390.00000 0.166164
235400.00000 0.164914
235410.00000 0.163677
235420.00000 0.162453
235430.00000 0.161241
235440.00000 0.160042
235450.00000 0.158856
235460.00000 0.157681
235470.00000 0.156518
235480.00000 0.155366
235490.00000 0.154226
235500.00000 0.153096
235510.00000 0.151977
235520.00000 0.150869
235530.00000 0.14977
235540.00000 0.148681
235550.00000 0.147602
235560.00000 0.146532
235570.00000 0.145471
235580.00000 0.144422
235590.00000 0.143389
235600.00000 0.142372
235610.00000 0.14137
235620.00000 0.140382
235630.00000 0.139408
235640.00000 0.138447
235650.00000 0.137499
235660.00000 0.136563
235670.00000 0.135638
235680.00000 0.134724
235690.00000 0.13382
235700.00000 0.132926
235710.00000 0.13204
235720.00000 0.131163
235730.00000 0.130294
235740.00000 0.129431
235750.00000 0.128575
235760.00000 0.127725
235770.00000 0.12688
235780.00000 0.126039
235790.00000 0.125203
235800.00000 0.12437
235810.00000 0.12354
235820.00000 0.122711
235830.00000 0.121885
235840.00000 0.121059
235850.00000 0.120234
235860.00000 0.119414
235870.00000 0.118601
235880.00000 0.117797
235890.00000 0.117
235900.00000 0.11621
235910.00000 0.115427
235920.00000 0.11465
235930.00000 0.113879
235940.00000 0.113115
235950.00000 0.112355
235960.00000 0.111601
235970.00000 0.110852
235980.00000 0.110107
235990.00000 0.109366
236000.00000 0.108629
236010.00000 0.107896
236020.00000 0.107166
236030.00000 0.106438
236040.00000 0.105714
236050.00000 0.104991
236060.00000 0.10427
236070.00000 0.103551
236080.00000 0.102833
236090.00000 0.102116
236100.00000 0.101399
236110.00000 0.100683
236120.00000 0.099966
236130.00000 0.09925
236140.00000 0.098533
236150.00000 0.097818
236160.00000 0.097105
236170.00000 0.096392
236180.00000 0.095682
236190.00000 0.094973
236200.00000 0.094266
236210.00000 0.093561
236220.00000 0.092858
236230.00000 0.092158
236240.00000 0.09146
236250.00000 0.090765
236260.00000 0.090072
236270.00000 0.089383
236280.00000 0.088696
236290.00000 0.088013
236300.00000 0.087333
236310.00000 0.086657
236320.00000 0.085985
236330.00000 0.085316
236340.00000 0.084651
236350.00000 0.083991
236360.00000 0.083334
236370.00000 0.082682
236380.00000 0.082035
236390.00000 0.081393
236400.00000 0.080755
236410.00000 0.080122
236420.00000 0.079491
236430.00000 0.078863
236440.00000 0.078236
236450.00000 0.077611
236460.00000 0.076989
236470.00000 0.07637
236480.00000 0.075754
236490.00000 0.075141
236500.00000 0.074532
236510.00000 0.073926
236520.00000 0.073324
236530.00000 0.072726
236540.00000 0.072133
236550.00000 0.071545
236560.00000 0.070961
236570.00000 0.070383
236580.00000 0.06981
236590.00000 0.069243
236600.00000 0.068681
236610.00000 0.068126
236620.00000 0.067577
236630.00000 0.067035
236640.00000 0.0665
236650.00000 0.065971
236660.00000 0.06545
236670.00000 0.064937
236680.00000 0.064431
236690.00000 0.063933
236700.00000 0.063442
236710.00000 0.062957
236720.00000 0.062479
236730.00000 0.062007
236740.00000 0.06154
236750.00000 0.061081
236760.00000 0.060627
236770.00000 0.060179
236780.00000 0.059737
236790.00000 0.059301
236800.00000 0.058871
236810.00000 0.058446
236820.00000 0.058028
236830.00000 0.057615
236840.00000 0.057208
236850.00000 0.056807
236860.00000 0.056411
236870.00000 0.056021
236880.00000 0.055636
236890.00000 0.055257
236900.00000 0.054883
236910.00000 0.054515
236920.00000 0.054151
236930.00000 0.053794
236940.00000 0.053441
236950.00000 0.053094
236960.00000 0.052751
236970.00000 0.052414
236980.00000 0.052084
236990.00000 0.051762
237000.00000 0.051448
237010.00000 0.05114
237020.00000 0.05084
237030.00000 0.050546
237040.00000 0.050258
237050.00000 0.049977
237060.00000 0.049701
237070.00000 0.04943
237080.00000 0.049165
237090.00000 0.048905
237100.00000 0.048649
237110.00000 0.048398
237120.00000 0.048151
237130.00000 0.047908
237140.00000 0.047668
237150.00000 0.047431
237160.00000 0.047198
237170.00000 0.046967
237180.00000 0.046739
237190.00000 0.046512
237200.00000 0.046288
237210.00000 0.046065
237220.00000 0.045844
237230.00000 0.045623
237240.00000 0.045404
237250.00000 0.045185
237260.00000 0.044969
237270.00000 0.044757
237280.00000 0.044549
237290.00000 0.044346
237300.00000 0.044146
237310.00000 0.043949
237320.00000 0.043756
237330.00000 0.043566
237340.00000 0.04338
237350.00000 0.043196
237360.00000 0.043015
237370.00000 0.042836
237380.00000 0.04266
237390.00000 0.042486
237400.00000 0.042314
237410.00000 0.042144
237420.00000 0.041975
237430.00000 0.041808
237440.00000 0.041643
237450.00000 0.041478
237460.00000 0.041315
237470.00000 0.041152
237480.00000 0.04099
237490.00000 0.040829
237500.00000 0.040668
237510.00000 0.040507
237520.00000 0.040346
237530.00000 0.040184
237540.00000 0.040024
237550.00000 0.039867
237560.00000 0.039711
237570.00000 0.039557
237580.00000 0.039406
237590.00000 0.039256
237600.00000 0.039108
237610.00000 0.038961
237620.00000 0.038816
237630.00000 0.038671
237640.00000 0.038529
237650.00000 0.038387
237660.00000 0.038246
237670.00000 0.038106
237680.00000 0.037966
237690.00000 0.037827
237700.00000 0.037689
237710.00000 0.037551
237720.00000 0.037413
237730.00000 0.037274
237740.00000 0.037136
237750.00000 0.036998
237760.00000 0.036859
237770.00000 0.03672
237780.00000 0.03658
237790.00000 0.036439
237800.00000 0.036298
237810.00000 0.036156
237820.00000 0.036013
237830.00000 0.035871
237840.00000 0.03573
237850.00000 0.03559
237860.00000 0.03545
237870.00000 0.035311
237880.00000 0.035173
237890.00000 0.035035
237900.00000 0.034897
237910.00000 0.034759
237920.00000 0.034621
237930.00000 0.034484
237940.00000 0.034345
237950.00000 0.034207
237960.00000 0.034068
237970.00000 0.033929
237980.00000 0.033789
237990.00000 0.033648
238000.00000 0.033507
238010.00000 0.033364
238020.00000 0.03322
238030.00000 0.033075
238040.00000 0.032929
238050.00000 0.032782
238060.00000 0.032633
238070.00000 0.032482
238080.00000 0.032329
238090.00000 0.032175
238100.00000 0.032019
238110.00000 0.031862
238120.00000 0.031704
238130.00000 0.031546
238140.00000 0.031387
238150.00000 0.031227
238160.00000 0.031066
238170.00000 0.030904
238180.00000 0.030742
238190.00000 0.030578
238200.00000 0.030414
238210.00000 0.030248
238220.00000 0.030082
238230.00000 0.029914
238240.00000 0.029745
238250.00000 0.029575
238260.00000 0.029404
238270.00000 0.029232
238280.00000 0.029058
238290.00000 0.028883
238300.00000 0.028707
238310.00000 0.028529
238320.00000 0.02835
238330.00000 0.02817
238340.00000 0.027987
238350.00000 0.027804
238360.00000 0.027619
238370.00000 0.027432
238380.00000 0.027244
238390.00000 0.027053
238400.00000 0.026858
238410.00000 0.026661
238420.00000 0.02646
238430.00000 0.026257
238440.00000 0.026052
238450.00000 0.025844
238460.00000 0.025635
238470.00000 0.025424
238480.00000 0.025212
238490.00000 0.024998
238500.00000 0.024784
238510.00000 0.024568
238520.00000 0.024353
238530.00000 0.024137
238540.00000 0.023921
238550.00000 0.023706
238560.00000 0.023491
238570.00000 0.023276
238580.00000 0.023063
238590.00000 0.022851
238600.00000 0.02264
238610.00000 0.022431
238620.00000 0.022224
238630.00000 0.02202
238640.00000 0.021817
238650.00000 0.021618
238660.00000 0.021421
238670.00000 0.021226
238680.00000 0.021032
238690.00000 0.020836
238700.00000 0.02064
238710.00000 0.020445
238720.00000 0.020249
238730.00000 0.020054
238740.00000 0.019859
238750.00000 0.019665
238760.00000 0.019471
238770.00000 0.019279
238780.00000 0.019087
238790.00000 0.018897
238800.00000 0.018708
238810.00000 0.018522
238820.00000 0.018337
238830.00000 0.018154
238840.00000 0.017973
238850.00000 0.017795
238860.00000 0.017619
238870.00000 0.017446
238880.00000 0.017276
238890.00000 0.01711
238900.00000 0.016946
238910.00000 0.016786
238920.00000 0.01663
238930.00000 0.016477
238940.00000 0.016329
238950.00000 0.016184
238960.00000 0.016043
238970.00000 0.015905
238980.00000 0.01577
238990.00000 0.015638
239000.00000 0.015509
239010.00000 0.015382
239020.00000 0.015259
239030.00000 0.015137
239040.00000 0.015019
239050.00000 0.014903
239060.00000 0.01479
239070.00000 0.01468
239080.00000 0.014572
239090.00000 0.014466
239100.00000 0.014363
239110.00000 0.014263
239120.00000 0.014165
239130.00000 0.014069
239140.00000 0.013976
239150.00000 0.013884
239160.00000 0.013796
239170.00000 0.013709
239180.00000 0.013624
239190.00000 0.013542
239200.00000 0.013462
239210.00000 0.013384
239220.00000 0.013308
239230.00000 0.013234
239240.00000 0.013162
239250.00000 0.013094
239260.00000 0.01303
239270.00000 0.01297
239280.00000 0.012913
239290.00000 0.012859
239300.00000 0.012809
239310.00000 0.012761
239320.00000 0.012716
239330.00000 0.012673
239340.00000 0.012633
239350.00000 0.012595
239360.00000 0.012559
239370.00000 0.012524
239380.00000 0.012491
239390.00000 0.012459
239400.00000 0.012428
239410.00000 0.012399
239420.00000 0.01237
239430.00000 0.012341
239440.00000 0.012313
239450.00000 0.012285
239460.00000 0.012257
239470.00000 0.012229
239480.00000 0.012201
239490.00000 0.012171
239500.00000 0.012141
239510.00000 0.01211
239520.00000 0.012078
239530.00000 0.012046
239540.00000 0.012014
239550.00000 0.011983
239560.00000 0.011953
239570.00000 0.011924
239580.00000 0.011895
239590.00000 0.011867
239600.00000 0.011839
239610.00000 0.011813
239620.00000 0.011786
239630.00000 0.01176
239640.00000 0.011735
239650.00000 0.011709
239660.00000 0.011684
239670.00000 0.011659
239680.00000 0.011635
239690.00000 0.01161
239700.00000 0.011585
239710.00000 0.011561
239720.00000 0.011536
239730.00000 0.011511
239740.00000 0.011486
239750.00000 0.011461
239760.00000 0.011435
239770.00000 0.01141
239780.00000 0.011383
239790.00000 0.011357
239800.00000 0.011329
239810.00000 0.011302
239820.00000 0.011274
239830.00000 0.011245
239840.00000 0.011217
239850.00000 0.011188
239860.00000 0.01116
239870.00000 0.011131
239880.00000 0.011102
239890.00000 0.011073
239900.00000 0.011044
239910.00000 0.011015
239920.00000 0.010986
239930.00000 0.010956
239940.00000 0.010927
239950.00000 0.010898
239960.00000 0.010868
239970.00000 0.010839
239980.00000 0.010809
239990.00000 0.010779
240000.00000 0.01075
240010.00000 0.01072
240020.00000 0.010691
240030.00000 0.010661
240040.00000 0.010632
240050.00000 0.010602
240060.00000 0.010573
240070.00000 0.010543
240080.00000 0.010514
240090.00000 0.010485
240100.00000 0.010455
240110.00000 0.010426
240120.00000 0.010397
240130.00000 0.010367
240140.00000 0.010338
240150.00000 0.010308
240160.00000 0.010279
240170.00000 0.01025
240180.00000 0.01022
240190.00000 0.010191
240200.00000 0.010161
240210.00000 0.010132
240220.00000 0.010102
240230.00000 0.010073
240240.00000 0.010043
240250.00000 0.010014
240260.00000 0.009984
240270.00000 0.009955
240280.00000 0.009926
240290.00000 0.009896
240300.00000 0.009867
240310.00000 0.009838
240320.00000 0.009808
240330.00000 0.009779
240340.00000 0.00975
240350.00000 0.009721
240360.00000 0.009692
240370.00000 0.009663
240380.00000 0.009634
240390.00000 0.009605
240400.00000 0.009577
240410.00000 0.009548
240420.00000 0.00952
240430.00000 0.009492
240440.00000 0.009464
240450.00000 0.009436
240460.00000 0.009408
240470.00000 0.00938
240480.00000 0.009353
240490.00000 0.009325
240500.00000 0.009297
240510.00000 0.00927
240520.00000 0.009242
240530.00000 0.009214
240540.00000 0.009187
240550.00000 0.009159
240560.00000 0.009131
240570.00000 0.009103
240580.00000 0.009074
240590.00000 0.009046
240600.00000 0.009018
240610.00000 0.008989
240620.00000 0.00896
240630.00000 0.008931
240640.00000 0.008902
240650.00000 0.008873
240660.00000 0.008843
240670.00000 0.008813
240680.00000 0.008782
240690.00000 0.008752
240700.00000 0.008721
240710.00000 0.00869
240720.00000 0.008658
240730.00000 0.008627
240740.00000 0.008595
240750.00000 0.008563
240760.00000 0.00853
240770.00000 0.008498
240780.00000 0.008465
240790.00000 0.008433
240800.00000 0.0084
240810.00000 0.008367
240820.00000 0.008334
240830.00000 0.008301
240840.00000 0.008268
240850.00000 0.008235
240860.00000 0.008202
240870.00000 0.008169
240880.00000 0.008136
240890.00000 0.008104
240900.00000 0.008071
240910.00000 0.008038
240920.00000 0.008006
240930.00000 0.007974
240940.00000 0.007941
240950.00000 0.007909
240960.00000 0.007878
240970.00000 0.007846
240980.00000 0.007814
240990.00000 0.007783
241000.00000 0.007751
241010.00000 0.007719
241020.00000 0.007687
241030.00000 0.007655
241040.00000 0.007623
241050.00000 0.007591
241060.00000 0.007559
241070.00000 0.007527
241080.00000 0.007495
241090.00000 0.007464
241100.00000 0.007432
241110.00000 0.0074
241120.00000 0.007369
241130.00000 0.007338
241140.00000 0.007307
241150.00000 0.007276
241160.00000 0.007245
241170.00000 0.007214
241180.00000 0.007184
241190.00000 0.007154
241200.00000 0.007124
241210.00000 0.007094
241220.00000 0.007065
241230.00000 0.007036
241240.00000 0.007007
241250.00000 0.006979
241260.00000 0.006951
241270.00000 0.006923
241280.00000 0.006895
241290.00000 0.006868
241300.00000 0.006841
241310.00000 0.006814
241320.00000 0.006787
241330.00000 0.00676
241340.00000 0.006734
241350.00000 0.006707
241360.00000 0.006681
241370.00000 0.006656
241380.00000 0.00663
241390.00000 0.006605
241400.00000 0.006579
241410.00000 0.006554
241420.00000 0.006529
241430.00000 0.006505
241440.00000 0.00648
241450.00000 0.006456
241460.00000 0.006431
241470.00000 0.006407
241480.00000 0.006384
241490.00000 0.00636
241500.00000 0.006336
241510.00000 0.006313
241520.00000 0.00629
241530.00000 0.006267
241540.00000 0.006244
241550.00000 0.006221
241560.00000 0.006198
241570.00000 0.006176
241580.00000 0.006154
241590.00000 0.006132
241600.00000 0.006111
241610.00000 0.00609
241620.00000 0.006069
241630.00000 0.006048
241640.00000 0.006028
241650.00000 0.006007
241660.00000 0.005987
241670.00000 0.005967
241680.00000 0.005947
241690.00000 0.005927
241700.00000 0.005908
241710.00000 0.005888
241720.00000 0.005868
241730.00000 0.005849
241740.00000 0.005829
241750.00000 0.00581
241760.00000 0.00579
241770.00000 0.005771
241780.00000 0.005751
241790.00000 0.005731
241800.00000 0.005712
241810.00000 0.005692
241820.00000 0.005672
241830.00000 0.005652
241840.00000 0.005632
241850.00000 0.005612
241860.00000 0.005592
241870.00000 0.005572
241880.00000 0.005552
241890.00000 0.005532
241900.00000 0.005512
241910.00000 0.005492
