threeML/data/optical_filters/Keck/LWS-f_0890.ecsv
# %ECSV 0.9
# ---
# datatype:
# - {name: wavelength, unit: Angstrom, datatype: float32}
# - {name: response, datatype: float32}
# meta: !!omap
# - {band_name: f_0890}
# - {group_name: LWS}
wavelength response
73593.00000 0.0
81770.00000 0.004034
81800.00000 0.00431
81830.00000 0.004599
81850.00000 0.004799
81860.00000 0.004901
81890.00000 0.005216
81920.00000 0.005544
81930.00000 0.005657
81950.00000 0.005887
81980.00000 0.006244
82010.00000 0.006617
82020.00000 0.006746
82040.00000 0.00701
82060.00000 0.007283
82070.00000 0.007424
82100.00000 0.007863
82110.00000 0.008016
82130.00000 0.008331
82150.00000 0.00866
82160.00000 0.00883
82190.00000 0.009362
82200.00000 0.009548
82220.00000 0.009932
82240.00000 0.01033
82250.00000 0.01054
82280.00000 0.01119
82310.00000 0.01189
82330.00000 0.01239
82340.00000 0.01264
82370.00000 0.01344
82400.00000 0.0143
82410.00000 0.0146
82430.00000 0.01521
82460.00000 0.01619
82490.00000 0.01723
82500.00000 0.01759
82520.00000 0.01834
82540.00000 0.01911
82550.00000 0.01952
82580.00000 0.02078
82590.00000 0.02123
82610.00000 0.02217
82630.00000 0.02317
82640.00000 0.02369
82670.00000 0.02539
82680.00000 0.02601
82700.00000 0.0273
82720.00000 0.0287
82730.00000 0.02944
82760.00000 0.03185
82790.00000 0.03455
82810.00000 0.03654
82820.00000 0.03759
82850.00000 0.04099
82880.00000 0.04479
82890.00000 0.04615
82910.00000 0.04903
82940.00000 0.05373
82970.00000 0.05896
82980.00000 0.06082
83000.00000 0.06473
83020.00000 0.06891
83030.00000 0.0711
83060.00000 0.07806
83070.00000 0.08051
83090.00000 0.0856
83110.00000 0.09093
83120.00000 0.09368
83150.00000 0.1023
83160.00000 0.1052
83180.00000 0.1114
83200.00000 0.1177
83210.00000 0.121
83240.00000 0.131
83270.00000 0.1415
83290.00000 0.1487
83300.00000 0.1523
83330.00000 0.1636
83360.00000 0.1751
83370.00000 0.1791
83390.00000 0.187
83420.00000 0.1991
83450.00000 0.2115
83460.00000 0.2157
83480.00000 0.2241
83500.00000 0.2326
83510.00000 0.2369
83540.00000 0.2499
83550.00000 0.2543
83570.00000 0.2631
83590.00000 0.2719
83600.00000 0.2764
83630.00000 0.2898
83660.00000 0.3033
83680.00000 0.3124
83690.00000 0.3169
83720.00000 0.3305
83750.00000 0.3442
83770.00000 0.3533
83780.00000 0.3578
83810.00000 0.3714
83840.00000 0.385
83850.00000 0.3895
83870.00000 0.3985
83900.00000 0.4119
83930.00000 0.4251
83940.00000 0.4295
83960.00000 0.4382
83980.00000 0.4468
83990.00000 0.4511
84020.00000 0.4638
84030.00000 0.468
84050.00000 0.4764
84070.00000 0.4846
84080.00000 0.4886
84110.00000 0.5006
84140.00000 0.5124
84160.00000 0.5202
84170.00000 0.524
84200.00000 0.5354
84230.00000 0.5466
84250.00000 0.5539
84260.00000 0.5576
84290.00000 0.5685
84320.00000 0.5792
84330.00000 0.5828
84350.00000 0.5898
84380.00000 0.6004
84410.00000 0.6108
84420.00000 0.6142
84440.00000 0.6211
84460.00000 0.628
84470.00000 0.6314
84500.00000 0.6416
84510.00000 0.645
84530.00000 0.6518
84550.00000 0.6586
84560.00000 0.6619
84590.00000 0.6721
84620.00000 0.6822
84640.00000 0.689
84650.00000 0.6923
84680.00000 0.7024
84710.00000 0.7123
84730.00000 0.7188
84740.00000 0.7221
84770.00000 0.7317
84800.00000 0.7411
84810.00000 0.7441
84830.00000 0.7502
84860.00000 0.7591
84890.00000 0.7676
84900.00000 0.7704
84920.00000 0.7758
84940.00000 0.7811
84950.00000 0.7837
84980.00000 0.7911
84990.00000 0.7935
85020.00000 0.8004
85030.00000 0.8025
85050.00000 0.8068
85070.00000 0.8107
85080.00000 0.8127
85110.00000 0.818
85120.00000 0.8197
85140.00000 0.8229
85160.00000 0.8258
85170.00000 0.8272
85200.00000 0.8308
85210.00000 0.8319
85230.00000 0.8338
85250.00000 0.8355
85260.00000 0.8362
85290.00000 0.8378
85320.00000 0.8388
85340.00000 0.839
85350.00000 0.839
85380.00000 0.8385
85410.00000 0.8375
85420.00000 0.837
85440.00000 0.8359
85470.00000 0.834
85500.00000 0.8316
85510.00000 0.8307
85530.00000 0.8289
85550.00000 0.827
85560.00000 0.826
85590.00000 0.8229
85600.00000 0.8218
85620.00000 0.8197
85640.00000 0.8175
85650.00000 0.8163
85680.00000 0.813
85710.00000 0.8096
85730.00000 0.8073
85740.00000 0.8061
85770.00000 0.8026
85800.00000 0.7991
85820.00000 0.7968
85830.00000 0.7956
85860.00000 0.7921
85890.00000 0.7887
85900.00000 0.7875
85920.00000 0.7852
85950.00000 0.7818
85980.00000 0.7784
85990.00000 0.7773
86010.00000 0.7751
86030.00000 0.7729
86040.00000 0.7718
86070.00000 0.7686
86080.00000 0.7676
86100.00000 0.7655
86120.00000 0.7635
86130.00000 0.7625
86160.00000 0.7595
86190.00000 0.7567
86210.00000 0.7549
86220.00000 0.754
86250.00000 0.7515
86280.00000 0.749
86300.00000 0.7475
86310.00000 0.7467
86340.00000 0.7445
86370.00000 0.7425
86380.00000 0.7418
86400.00000 0.7405
86430.00000 0.7387
86460.00000 0.737
86470.00000 0.7364
86490.00000 0.7354
86510.00000 0.7343
86520.00000 0.7338
86550.00000 0.7324
86560.00000 0.732
86580.00000 0.7311
86600.00000 0.7303
86610.00000 0.7299
86640.00000 0.7287
86670.00000 0.7277
86690.00000 0.727
86700.00000 0.7267
86730.00000 0.7258
86760.00000 0.725
86780.00000 0.7245
86790.00000 0.7242
86820.00000 0.7235
86850.00000 0.7229
86860.00000 0.7227
86880.00000 0.7224
86910.00000 0.7218
86940.00000 0.7214
86950.00000 0.7212
86970.00000 0.721
86990.00000 0.7207
87000.00000 0.7206
87030.00000 0.7203
87040.00000 0.7202
87060.00000 0.72
87080.00000 0.7198
87090.00000 0.7197
87120.00000 0.7195
87150.00000 0.7193
87170.00000 0.7192
87180.00000 0.7191
87210.00000 0.719
87240.00000 0.7189
87250.00000 0.7189
87270.00000 0.7189
87300.00000 0.7189
87330.00000 0.719
87340.00000 0.719
87360.00000 0.7191
87390.00000 0.7193
87420.00000 0.7195
87430.00000 0.7196
87450.00000 0.7198
87470.00000 0.72
87480.00000 0.7201
87510.00000 0.7206
87520.00000 0.7207
87540.00000 0.7211
87560.00000 0.7214
87570.00000 0.7216
87600.00000 0.7223
87630.00000 0.723
87650.00000 0.7235
87660.00000 0.7238
87690.00000 0.7247
87720.00000 0.7257
87730.00000 0.7261
87750.00000 0.7268
87780.00000 0.728
87810.00000 0.7292
87820.00000 0.7297
87840.00000 0.7306
87870.00000 0.7321
87900.00000 0.7337
87910.00000 0.7342
87930.00000 0.7353
87950.00000 0.7365
87960.00000 0.7371
87990.00000 0.7389
88000.00000 0.7395
88020.00000 0.7408
88040.00000 0.7421
88050.00000 0.7428
88080.00000 0.7448
88110.00000 0.7469
88130.00000 0.7483
88140.00000 0.749
88170.00000 0.7512
88200.00000 0.7534
88210.00000 0.7541
88230.00000 0.7556
88260.00000 0.7579
88290.00000 0.7602
88300.00000 0.761
88320.00000 0.7625
88350.00000 0.7648
88380.00000 0.7671
88390.00000 0.7679
88410.00000 0.7694
88430.00000 0.7709
88440.00000 0.7717
88470.00000 0.7739
88480.00000 0.7747
88500.00000 0.7762
88520.00000 0.7776
88530.00000 0.7784
88560.00000 0.7805
88590.00000 0.7827
88610.00000 0.7841
88620.00000 0.7847
88650.00000 0.7868
88680.00000 0.7887
88690.00000 0.7894
88710.00000 0.7906
88740.00000 0.7924
88770.00000 0.7942
88780.00000 0.7947
88800.00000 0.7958
88820.00000 0.7969
88830.00000 0.7974
88860.00000 0.7989
88870.00000 0.7993
88890.00000 0.8002
88910.00000 0.8011
88920.00000 0.8015
88950.00000 0.8026
88960.00000 0.803
88980.00000 0.8037
89000.00000 0.8043
89010.00000 0.8046
89040.00000 0.8053
89070.00000 0.806
89090.00000 0.8063
89100.00000 0.8065
89130.00000 0.8068
89160.00000 0.807
89170.00000 0.8071
89190.00000 0.8071
89220.00000 0.807
89250.00000 0.8067
89260.00000 0.8066
89280.00000 0.8063
89300.00000 0.8059
89310.00000 0.8058
89340.00000 0.8051
89350.00000 0.8048
89370.00000 0.8043
89390.00000 0.8037
89400.00000 0.8034
89430.00000 0.8024
89440.00000 0.8021
89460.00000 0.8013
89480.00000 0.8005
89490.00000 0.8001
89520.00000 0.7988
89550.00000 0.7975
89570.00000 0.7965
89580.00000 0.796
89610.00000 0.7946
89640.00000 0.793
89650.00000 0.7925
89670.00000 0.7914
89700.00000 0.7897
89730.00000 0.788
89740.00000 0.7875
89760.00000 0.7863
89780.00000 0.7851
89790.00000 0.7846
89820.00000 0.7828
89830.00000 0.7822
89850.00000 0.781
89870.00000 0.7798
89880.00000 0.7792
89910.00000 0.7774
89920.00000 0.7768
89940.00000 0.7756
89960.00000 0.7744
89970.00000 0.7738
90000.00000 0.772
90020.00000 0.7709
90030.00000 0.7703
90040.00000 0.7697
90050.00000 0.7692
90060.00000 0.7686
90080.00000 0.7675
90090.00000 0.7669
90100.00000 0.7664
90120.00000 0.7653
90130.00000 0.7647
90140.00000 0.7642
90150.00000 0.7637
90160.00000 0.7632
90180.00000 0.7622
90200.00000 0.7612
90210.00000 0.7607
90220.00000 0.7602
90230.00000 0.7598
90240.00000 0.7593
90250.00000 0.7589
90260.00000 0.7584
90270.00000 0.758
90280.00000 0.7576
90300.00000 0.7567
90310.00000 0.7563
90320.00000 0.756
90330.00000 0.7556
90340.00000 0.7552
90350.00000 0.7549
90360.00000 0.7545
90380.00000 0.7539
90390.00000 0.7536
90400.00000 0.7533
90420.00000 0.7527
90430.00000 0.7524
90440.00000 0.7522
90450.00000 0.7519
90460.00000 0.7516
90480.00000 0.7512
90500.00000 0.7507
90510.00000 0.7505
90520.00000 0.7503
90530.00000 0.7501
90540.00000 0.7499
90550.00000 0.7497
90560.00000 0.7495
90570.00000 0.7493
90580.00000 0.7491
90600.00000 0.7487
90610.00000 0.7486
90620.00000 0.7484
90630.00000 0.7482
90640.00000 0.7481
90650.00000 0.7479
90660.00000 0.7477
90680.00000 0.7474
90690.00000 0.7472
90700.00000 0.747
90720.00000 0.7467
90730.00000 0.7465
90740.00000 0.7464
90750.00000 0.7462
90760.00000 0.746
90780.00000 0.7456
90790.00000 0.7455
90800.00000 0.7453
90810.00000 0.7451
90820.00000 0.7449
90830.00000 0.7447
90840.00000 0.7445
90850.00000 0.7442
90860.00000 0.744
90870.00000 0.7438
90880.00000 0.7436
90900.00000 0.7431
90920.00000 0.7425
90930.00000 0.7423
90940.00000 0.742
90950.00000 0.7417
90960.00000 0.7414
90980.00000 0.7408
90990.00000 0.7405
91000.00000 0.7401
91010.00000 0.7398
91020.00000 0.7394
91030.00000 0.739
91040.00000 0.7387
91050.00000 0.7383
91060.00000 0.7379
91080.00000 0.737
91090.00000 0.7366
91100.00000 0.7361
91110.00000 0.7356
91120.00000 0.7351
91130.00000 0.7346
91140.00000 0.7341
91150.00000 0.7336
91160.00000 0.733
91170.00000 0.7325
91180.00000 0.7319
91200.00000 0.7307
91210.00000 0.7301
91220.00000 0.7295
91230.00000 0.7288
91240.00000 0.7282
91250.00000 0.7275
91260.00000 0.7268
91270.00000 0.7261
91280.00000 0.7254
91290.00000 0.7246
91300.00000 0.7239
91310.00000 0.7231
91320.00000 0.7223
91330.00000 0.7215
91340.00000 0.7207
91350.00000 0.7198
91360.00000 0.719
91380.00000 0.7172
91400.00000 0.7154
91410.00000 0.7145
91420.00000 0.7135
91430.00000 0.7126
91440.00000 0.7116
91450.00000 0.7106
91460.00000 0.7095
91470.00000 0.7085
91480.00000 0.7075
91490.00000 0.7064
91500.00000 0.7053
91520.00000 0.7031
91530.00000 0.7019
91540.00000 0.7008
91550.00000 0.6996
91560.00000 0.6984
91570.00000 0.6972
91580.00000 0.696
91590.00000 0.6947
91600.00000 0.6935
91620.00000 0.6909
91630.00000 0.6896
91640.00000 0.6882
91650.00000 0.6869
91660.00000 0.6855
91680.00000 0.6827
91700.00000 0.6798
91710.00000 0.6783
91720.00000 0.6768
91730.00000 0.6753
91740.00000 0.6738
91750.00000 0.6722
91760.00000 0.6706
91770.00000 0.669
91780.00000 0.6674
91790.00000 0.6658
91800.00000 0.6641
91820.00000 0.6607
91830.00000 0.659
91840.00000 0.6573
91850.00000 0.6555
91860.00000 0.6537
91880.00000 0.6501
91890.00000 0.6482
91900.00000 0.6463
91920.00000 0.6425
91930.00000 0.6405
91940.00000 0.6386
91950.00000 0.6366
91960.00000 0.6345
91980.00000 0.6304
92000.00000 0.6262
92010.00000 0.6241
92020.00000 0.6219
92030.00000 0.6197
92040.00000 0.6175
92050.00000 0.6152
92060.00000 0.613
92070.00000 0.6107
92080.00000 0.6083
92100.00000 0.6036
92120.00000 0.5988
92130.00000 0.5963
92140.00000 0.5939
92150.00000 0.5914
92160.00000 0.5888
92180.00000 0.5837
92190.00000 0.5811
92200.00000 0.5785
92220.00000 0.5731
92230.00000 0.5704
92240.00000 0.5676
92250.00000 0.5649
92260.00000 0.5621
92270.00000 0.5592
92280.00000 0.5564
92300.00000 0.5506
92310.00000 0.5476
92320.00000 0.5447
92330.00000 0.5417
92340.00000 0.5387
92350.00000 0.5356
92360.00000 0.5325
92370.00000 0.5294
92380.00000 0.5263
92400.00000 0.5199
92420.00000 0.5134
92430.00000 0.5101
92440.00000 0.5068
92450.00000 0.5035
92460.00000 0.5001
92480.00000 0.4933
92490.00000 0.4898
92500.00000 0.4863
92520.00000 0.4792
92530.00000 0.4757
92540.00000 0.472
92550.00000 0.4684
92560.00000 0.4647
92580.00000 0.4574
92600.00000 0.4499
92610.00000 0.4461
92620.00000 0.4423
92630.00000 0.4385
92640.00000 0.4347
92650.00000 0.4308
92660.00000 0.4269
92670.00000 0.4231
92680.00000 0.4192
92700.00000 0.4113
92710.00000 0.4074
92720.00000 0.4034
92730.00000 0.3995
92740.00000 0.3955
92750.00000 0.3915
92760.00000 0.3876
92770.00000 0.3836
92780.00000 0.3796
92790.00000 0.3756
92800.00000 0.3716
92820.00000 0.3635
92830.00000 0.3595
92840.00000 0.3555
92850.00000 0.3515
92860.00000 0.3475
92880.00000 0.3395
92890.00000 0.3354
92900.00000 0.3314
92910.00000 0.3274
92920.00000 0.3235
92930.00000 0.3195
92940.00000 0.3155
92950.00000 0.3115
92960.00000 0.3076
92970.00000 0.3036
92980.00000 0.2997
93000.00000 0.2918
93010.00000 0.2879
93020.00000 0.284
93030.00000 0.2802
93040.00000 0.2763
93050.00000 0.2725
93060.00000 0.2687
93080.00000 0.2611
93090.00000 0.2573
93100.00000 0.2536
93120.00000 0.2462
93130.00000 0.2425
93140.00000 0.2389
93150.00000 0.2352
93160.00000 0.2316
93180.00000 0.2246
93190.00000 0.221
93200.00000 0.2176
93210.00000 0.2141
93220.00000 0.2107
93230.00000 0.2074
93240.00000 0.204
93250.00000 0.2007
93260.00000 0.1975
93270.00000 0.1942
93280.00000 0.1911
93300.00000 0.1848
93320.00000 0.1787
93330.00000 0.1757
93340.00000 0.1728
93350.00000 0.1699
93360.00000 0.167
93370.00000 0.1642
93380.00000 0.1614
93390.00000 0.1586
93400.00000 0.1559
93420.00000 0.1506
93430.00000 0.148
93440.00000 0.1454
93450.00000 0.1429
93460.00000 0.1404
93480.00000 0.1355
93490.00000 0.1331
93500.00000 0.1308
93510.00000 0.1285
93520.00000 0.1262
93530.00000 0.1239
93540.00000 0.1217
93550.00000 0.1196
93560.00000 0.1174
93570.00000 0.1153
93580.00000 0.1132
93600.00000 0.1092
93610.00000 0.1072
93620.00000 0.1053
93630.00000 0.1034
93640.00000 0.1015
93650.00000 0.09969
93660.00000 0.09787
93670.00000 0.09609
93680.00000 0.09433
93690.00000 0.09261
93700.00000 0.09091
93710.00000 0.08925
93720.00000 0.08761
93730.00000 0.08601
93740.00000 0.08443
93750.00000 0.08288
93760.00000 0.08136
93780.00000 0.07839
93800.00000 0.07554
93810.00000 0.07415
93820.00000 0.07279
93830.00000 0.07145
93840.00000 0.07014
93850.00000 0.06885
93860.00000 0.06759
93870.00000 0.06635
93880.00000 0.06514
93900.00000 0.06278
93920.00000 0.06051
93930.00000 0.0594
93940.00000 0.05832
93950.00000 0.05726
93960.00000 0.05622
93970.00000 0.0552
93980.00000 0.0542
93990.00000 0.05322
94000.00000 0.05226
94010.00000 0.05132
94020.00000 0.0504
94030.00000 0.04949
94040.00000 0.04861
94050.00000 0.04774
94060.00000 0.04689
94080.00000 0.04524
94090.00000 0.04444
94100.00000 0.04366
94110.00000 0.0429
94120.00000 0.04216
94130.00000 0.04143
94140.00000 0.04072
94150.00000 0.04002
94160.00000 0.03934
94170.00000 0.03868
94180.00000 0.03803
94190.00000 0.0374
94200.00000 0.03678
94210.00000 0.03618
94220.00000 0.03559
94230.00000 0.03502
94240.00000 0.03446
94250.00000 0.03391
94260.00000 0.03338
94280.00000 0.03236
94290.00000 0.03187
94300.00000 0.03139
94320.00000 0.03047
94330.00000 0.03003
94340.00000 0.0296
94350.00000 0.02917
94360.00000 0.02876
94380.00000 0.02797
94400.00000 0.02722
94410.00000 0.02686
94420.00000 0.0265
94430.00000 0.02616
94440.00000 0.02582
94450.00000 0.02549
94460.00000 0.02516
94470.00000 0.02485
94480.00000 0.02454
94490.00000 0.02423
94500.00000 0.02394
94520.00000 0.02336
94530.00000 0.02308
94540.00000 0.0228
94550.00000 0.02253
94560.00000 0.02226
94570.00000 0.02199
94580.00000 0.02173
94590.00000 0.02147
94600.00000 0.02122
94620.00000 0.02071
94630.00000 0.02046
94640.00000 0.02021
94650.00000 0.01996
94660.00000 0.01971
94670.00000 0.01947
94680.00000 0.01922
94690.00000 0.01898
94700.00000 0.01874
94710.00000 0.0185
94720.00000 0.01827
94730.00000 0.01803
94740.00000 0.0178
94750.00000 0.01757
94760.00000 0.01734
94770.00000 0.01711
94780.00000 0.01689
94800.00000 0.01645
94810.00000 0.01623
94820.00000 0.01602
94830.00000 0.01581
94840.00000 0.0156
94850.00000 0.0154
94860.00000 0.0152
94880.00000 0.01481
94890.00000 0.01462
94900.00000 0.01443
94920.00000 0.01407
94930.00000 0.01389
94940.00000 0.01372
94950.00000 0.01355
94960.00000 0.01338
94970.00000 0.01322
94980.00000 0.01307
95010.00000 0.01261
95020.00000 0.01247
95030.00000 0.01233
95050.00000 0.01205
95060.00000 0.01192
95070.00000 0.01179
95080.00000 0.01166
95090.00000 0.01154
95100.00000 0.01142
95110.00000 0.0113
95130.00000 0.01107
95140.00000 0.01096
95150.00000 0.01085
95160.00000 0.01074
95170.00000 0.01064
95180.00000 0.01054
95190.00000 0.01044
95200.00000 0.01034
95210.00000 0.01024
95230.00000 0.01005
95240.00000 0.009964
95250.00000 0.009874
95260.00000 0.009786
95270.00000 0.0097
95280.00000 0.009614
95290.00000 0.009531
95310.00000 0.009367
95320.00000 0.009287
95330.00000 0.009207
95350.00000 0.009052
95360.00000 0.008975
95370.00000 0.0089
95380.00000 0.008825
95390.00000 0.00875
95410.00000 0.008603
95430.00000 0.008458
95440.00000 0.008386
95450.00000 0.008314
95460.00000 0.008243
95470.00000 0.008172
95480.00000 0.008101
95490.00000 0.008031
95500.00000 0.007961
95510.00000 0.007892
95530.00000 0.007755
95540.00000 0.007687
95550.00000 0.007619
95560.00000 0.007552
95570.00000 0.007486
95580.00000 0.007419
95590.00000 0.007354
95610.00000 0.007223
95620.00000 0.007159
95630.00000 0.007095
95650.00000 0.006968
95660.00000 0.006905
95670.00000 0.006843
95680.00000 0.006781
95690.00000 0.006719
95710.00000 0.006598
95720.00000 0.006538
95730.00000 0.006478
95740.00000 0.006419
95750.00000 0.006361
95760.00000 0.006302
95770.00000 0.006245
95780.00000 0.006187
95790.00000 0.006131
95800.00000 0.006074
95810.00000 0.006018
95830.00000 0.005908
95850.00000 0.0058
95860.00000 0.005746
95870.00000 0.005693
95880.00000 0.005641
95890.00000 0.005589
95910.00000 0.005486
95920.00000 0.005436
95930.00000 0.005386
95950.00000 0.005287
95960.00000 0.005239
95970.00000 0.005191
95980.00000 0.005143
95990.00000 0.005096
96010.00000 0.005004
96020.00000 0.004958
96030.00000 0.004913
96040.00000 0.004869
96050.00000 0.004825
96060.00000 0.004782
96070.00000 0.004739
96080.00000 0.004696
96090.00000 0.004654
96100.00000 0.004613
96110.00000 0.004572
96130.00000 0.004492
96150.00000 0.004415
96160.00000 0.004377
96170.00000 0.004339
96180.00000 0.004302
96190.00000 0.004265
96200.00000 0.00423
96210.00000 0.004194
96220.00000 0.004159
96230.00000 0.004125
96240.00000 0.004091
96250.00000 0.004058
96260.00000 0.004026
105886.00000 0.0
