threeML/data/optical_filters/Keck/LWS-f_0800.ecsv
# %ECSV 0.9
# ---
# datatype:
# - {name: wavelength, unit: Angstrom, datatype: float32}
# - {name: response, datatype: float32}
# meta: !!omap
# - {band_name: f_0800}
# - {group_name: LWS}
wavelength response
67050.00000 0.0
74500.00000 0.004002
74520.00000 0.004095
74530.00000 0.004142
74560.00000 0.004279
74590.00000 0.004412
74610.00000 0.0045
74620.00000 0.004543
74650.00000 0.004669
74680.00000 0.004791
74690.00000 0.004831
74710.00000 0.004908
74740.00000 0.00502
74770.00000 0.005127
74780.00000 0.005161
74800.00000 0.005227
74830.00000 0.005321
74860.00000 0.005408
74870.00000 0.005435
74890.00000 0.005488
74910.00000 0.005537
74920.00000 0.00556
74950.00000 0.005624
74960.00000 0.005644
74980.00000 0.00568
75000.00000 0.005713
75020.00000 0.005744
75040.00000 0.005773
75050.00000 0.005787
75080.00000 0.00583
75090.00000 0.005844
75110.00000 0.005873
75130.00000 0.005904
75140.00000 0.00592
75170.00000 0.005973
75200.00000 0.006034
75220.00000 0.006081
75230.00000 0.006106
75260.00000 0.006192
75290.00000 0.006294
75310.00000 0.006371
75320.00000 0.006414
75350.00000 0.006554
75380.00000 0.006718
75390.00000 0.006778
75410.00000 0.006907
75440.00000 0.007125
75470.00000 0.007373
75480.00000 0.007463
75500.00000 0.007654
75520.00000 0.007861
75530.00000 0.007971
75560.00000 0.008326
75570.00000 0.008453
75590.00000 0.008721
75610.00000 0.009008
75620.00000 0.009159
75650.00000 0.009642
75680.00000 0.01017
75700.00000 0.01056
75710.00000 0.01076
75740.00000 0.01139
75770.00000 0.01208
75780.00000 0.01232
75800.00000 0.01283
75830.00000 0.01363
75860.00000 0.01451
75870.00000 0.01481
75890.00000 0.01544
75920.00000 0.01645
75950.00000 0.01752
75960.00000 0.01789
75980.00000 0.01866
76000.00000 0.01946
76010.00000 0.01988
76040.00000 0.02117
76050.00000 0.02161
76070.00000 0.02253
76090.00000 0.02347
76100.00000 0.02396
76130.00000 0.02547
76160.00000 0.02706
76180.00000 0.02816
76190.00000 0.02872
76220.00000 0.03047
76250.00000 0.03229
76260.00000 0.03292
76280.00000 0.03419
76310.00000 0.03618
76340.00000 0.03825
76350.00000 0.03896
76370.00000 0.0404
76400.00000 0.04264
76430.00000 0.04496
76440.00000 0.04575
76460.00000 0.04737
76480.00000 0.04902
76490.00000 0.04986
76520.00000 0.05245
76530.00000 0.05333
76550.00000 0.05513
76570.00000 0.05696
76580.00000 0.05789
76610.00000 0.06075
76640.00000 0.06371
76660.00000 0.06573
76670.00000 0.06675
76700.00000 0.0699
76730.00000 0.07314
76740.00000 0.07424
76760.00000 0.07649
76790.00000 0.07999
76820.00000 0.08364
76830.00000 0.08489
76850.00000 0.08746
76880.00000 0.09149
76910.00000 0.09573
76920.00000 0.0972
76940.00000 0.1002
76960.00000 0.1033
76970.00000 0.1049
77000.00000 0.11
77010.00000 0.1117
77030.00000 0.1153
77050.00000 0.119
77060.00000 0.121
77090.00000 0.127
77120.00000 0.1334
77140.00000 0.1379
77150.00000 0.1402
77180.00000 0.1474
77210.00000 0.155
77220.00000 0.1576
77240.00000 0.1629
77270.00000 0.1712
77300.00000 0.1799
77310.00000 0.1828
77330.00000 0.1888
77350.00000 0.1949
77360.00000 0.198
77390.00000 0.2075
77400.00000 0.2107
77420.00000 0.2172
77440.00000 0.2238
77450.00000 0.2272
77480.00000 0.2373
77490.00000 0.2408
77510.00000 0.2477
77530.00000 0.2547
77540.00000 0.2582
77570.00000 0.2688
77600.00000 0.2796
77620.00000 0.2868
77630.00000 0.2904
77660.00000 0.3013
77690.00000 0.3123
77700.00000 0.316
77720.00000 0.3233
77750.00000 0.3344
77780.00000 0.3454
77790.00000 0.349
77810.00000 0.3563
77830.00000 0.3637
77840.00000 0.3673
77870.00000 0.3782
77880.00000 0.3819
77900.00000 0.3891
77920.00000 0.3964
77930.00000 0.4
77960.00000 0.4108
77970.00000 0.4144
77990.00000 0.4216
78010.00000 0.4287
78020.00000 0.4323
78050.00000 0.4429
78080.00000 0.4535
78100.00000 0.4605
78110.00000 0.464
78140.00000 0.4744
78170.00000 0.4847
78180.00000 0.4881
78200.00000 0.4949
78230.00000 0.505
78260.00000 0.515
78270.00000 0.5183
78290.00000 0.5249
78310.00000 0.5315
78320.00000 0.5347
78350.00000 0.5444
78360.00000 0.5476
78380.00000 0.5539
78400.00000 0.5602
78410.00000 0.5633
78440.00000 0.5726
78450.00000 0.5756
78470.00000 0.5817
78490.00000 0.5877
78500.00000 0.5907
78530.00000 0.5995
78560.00000 0.6081
78580.00000 0.6138
78590.00000 0.6166
78620.00000 0.6249
78650.00000 0.6331
78660.00000 0.6357
78680.00000 0.641
78710.00000 0.6488
78740.00000 0.6563
78750.00000 0.6588
78770.00000 0.6637
78790.00000 0.6685
78800.00000 0.6709
78830.00000 0.6778
78840.00000 0.6801
78860.00000 0.6846
78880.00000 0.6891
78890.00000 0.6912
78920.00000 0.6976
78950.00000 0.7039
78970.00000 0.7079
78980.00000 0.7099
79010.00000 0.7158
79040.00000 0.7214
79060.00000 0.7251
79070.00000 0.7269
79100.00000 0.7322
79130.00000 0.7374
79140.00000 0.7391
79160.00000 0.7423
79190.00000 0.7471
79220.00000 0.7518
79230.00000 0.7533
79250.00000 0.7562
79270.00000 0.7591
79280.00000 0.7605
79310.00000 0.7647
79320.00000 0.766
79340.00000 0.7686
79360.00000 0.7712
79370.00000 0.7724
79400.00000 0.7761
79430.00000 0.7796
79450.00000 0.7818
79460.00000 0.7829
79490.00000 0.7861
79520.00000 0.7891
79540.00000 0.791
79550.00000 0.792
79580.00000 0.7947
79610.00000 0.7973
79620.00000 0.7981
79640.00000 0.7997
79670.00000 0.802
79700.00000 0.8041
79710.00000 0.8048
79730.00000 0.8062
79750.00000 0.8074
79760.00000 0.808
79790.00000 0.8098
79800.00000 0.8103
79820.00000 0.8114
79840.00000 0.8124
79850.00000 0.8128
79880.00000 0.8142
79910.00000 0.8154
79930.00000 0.8162
79940.00000 0.8166
79970.00000 0.8176
80000.00000 0.8186
80020.00000 0.8192
80030.00000 0.8195
80060.00000 0.8203
80090.00000 0.821
80100.00000 0.8212
80120.00000 0.8217
80150.00000 0.8223
80180.00000 0.8228
80190.00000 0.823
80210.00000 0.8234
80230.00000 0.8237
80240.00000 0.8238
80270.00000 0.8243
80280.00000 0.8244
80300.00000 0.8247
80320.00000 0.825
80330.00000 0.8251
80360.00000 0.8255
80390.00000 0.8259
80410.00000 0.8262
80420.00000 0.8263
80450.00000 0.8268
80480.00000 0.8272
80490.00000 0.8273
80510.00000 0.8276
80540.00000 0.8281
80570.00000 0.8286
80580.00000 0.8288
80600.00000 0.8292
80630.00000 0.8298
80660.00000 0.8305
80670.00000 0.8307
80690.00000 0.8312
80710.00000 0.8317
80720.00000 0.832
80750.00000 0.8328
80760.00000 0.8331
80780.00000 0.8337
80800.00000 0.8343
80810.00000 0.8346
80840.00000 0.8356
80870.00000 0.8366
80890.00000 0.8373
80900.00000 0.8376
80930.00000 0.8387
80960.00000 0.8398
80970.00000 0.8402
80990.00000 0.8409
81020.00000 0.842
81050.00000 0.8432
81060.00000 0.8436
81080.00000 0.8443
81110.00000 0.8455
81140.00000 0.8467
81150.00000 0.8471
81170.00000 0.8479
81190.00000 0.8486
81200.00000 0.849
81230.00000 0.8502
81240.00000 0.8506
81260.00000 0.8514
81280.00000 0.8521
81290.00000 0.8525
81320.00000 0.8536
81350.00000 0.8547
81370.00000 0.8554
81380.00000 0.8558
81410.00000 0.8568
81440.00000 0.8579
81450.00000 0.8582
81470.00000 0.8588
81500.00000 0.8598
81530.00000 0.8607
81540.00000 0.861
81560.00000 0.8615
81590.00000 0.8623
81620.00000 0.8631
81630.00000 0.8633
81650.00000 0.8638
81670.00000 0.8642
81680.00000 0.8644
81710.00000 0.8649
81720.00000 0.8651
81740.00000 0.8654
81760.00000 0.8657
81770.00000 0.8658
81800.00000 0.8662
81830.00000 0.8665
81850.00000 0.8666
81860.00000 0.8666
81890.00000 0.8667
81920.00000 0.8667
81930.00000 0.8667
81950.00000 0.8666
81980.00000 0.8664
82010.00000 0.8662
82020.00000 0.866
82040.00000 0.8658
82060.00000 0.8654
82070.00000 0.8653
82100.00000 0.8647
82110.00000 0.8644
82130.00000 0.8639
82150.00000 0.8634
82160.00000 0.8631
82190.00000 0.8622
82200.00000 0.8618
82220.00000 0.8612
82240.00000 0.8604
82250.00000 0.8601
82280.00000 0.8589
82310.00000 0.8576
82330.00000 0.8567
82340.00000 0.8562
82370.00000 0.8548
82400.00000 0.8534
82410.00000 0.8528
82430.00000 0.8518
82460.00000 0.8502
82490.00000 0.8486
82500.00000 0.848
82520.00000 0.8469
82540.00000 0.8458
82550.00000 0.8452
82580.00000 0.8434
82590.00000 0.8428
82610.00000 0.8416
82630.00000 0.8404
82640.00000 0.8398
82670.00000 0.838
82680.00000 0.8374
82700.00000 0.8362
82720.00000 0.8349
82730.00000 0.8343
82760.00000 0.8324
82790.00000 0.8306
82810.00000 0.8294
82820.00000 0.8287
82850.00000 0.8269
82880.00000 0.8251
82890.00000 0.8245
82910.00000 0.8233
82940.00000 0.8215
82970.00000 0.8197
82980.00000 0.8192
83000.00000 0.818
83020.00000 0.8169
83030.00000 0.8163
83060.00000 0.8147
83070.00000 0.8142
83090.00000 0.8131
83110.00000 0.8121
83120.00000 0.8116
83150.00000 0.8101
83160.00000 0.8097
83180.00000 0.8087
83200.00000 0.8078
83210.00000 0.8074
83240.00000 0.8062
83270.00000 0.805
83290.00000 0.8042
83300.00000 0.8039
83330.00000 0.8029
83360.00000 0.802
83370.00000 0.8017
83390.00000 0.8012
83420.00000 0.8005
83450.00000 0.7999
83460.00000 0.7997
83480.00000 0.7994
83500.00000 0.7991
83510.00000 0.799
83540.00000 0.7988
83550.00000 0.7988
83570.00000 0.7987
83590.00000 0.7987
83600.00000 0.7987
83630.00000 0.7988
83660.00000 0.799
83680.00000 0.7992
83690.00000 0.7993
83720.00000 0.7998
83750.00000 0.8003
83770.00000 0.8007
83780.00000 0.8009
83810.00000 0.8016
83840.00000 0.8023
83850.00000 0.8026
83870.00000 0.8032
83900.00000 0.8041
83930.00000 0.8051
83940.00000 0.8055
83960.00000 0.8062
83980.00000 0.8069
83990.00000 0.8073
84020.00000 0.8085
84030.00000 0.8089
84050.00000 0.8097
84070.00000 0.8106
84080.00000 0.811
84110.00000 0.8124
84140.00000 0.8138
84160.00000 0.8147
84170.00000 0.8152
84200.00000 0.8166
84230.00000 0.8181
84250.00000 0.8191
84260.00000 0.8196
84290.00000 0.8212
84320.00000 0.8227
84330.00000 0.8232
84350.00000 0.8243
84380.00000 0.8259
84410.00000 0.8275
84420.00000 0.828
84440.00000 0.829
84460.00000 0.8301
84470.00000 0.8306
84500.00000 0.8322
84510.00000 0.8327
84530.00000 0.8338
84550.00000 0.8348
84560.00000 0.8353
84590.00000 0.8369
84620.00000 0.8384
84640.00000 0.8394
84650.00000 0.8399
84680.00000 0.8413
84710.00000 0.8428
84730.00000 0.8437
84740.00000 0.8441
84770.00000 0.8455
84800.00000 0.8468
84810.00000 0.8472
84830.00000 0.848
84860.00000 0.8492
84890.00000 0.8503
84900.00000 0.8507
84920.00000 0.8514
84940.00000 0.8521
84950.00000 0.8524
84980.00000 0.8533
84990.00000 0.8536
85020.00000 0.8545
85030.00000 0.8547
85050.00000 0.8552
85070.00000 0.8557
85080.00000 0.8559
85110.00000 0.8564
85120.00000 0.8566
85140.00000 0.8569
85160.00000 0.8572
85170.00000 0.8573
85200.00000 0.8576
85210.00000 0.8577
85230.00000 0.8578
85250.00000 0.8578
85260.00000 0.8579
85290.00000 0.8578
85320.00000 0.8577
85340.00000 0.8575
85350.00000 0.8575
85380.00000 0.8571
85410.00000 0.8567
85420.00000 0.8565
85440.00000 0.8562
85470.00000 0.8556
85500.00000 0.855
85510.00000 0.8547
85530.00000 0.8542
85550.00000 0.8537
85560.00000 0.8534
85590.00000 0.8525
85600.00000 0.8522
85620.00000 0.8516
85640.00000 0.851
85650.00000 0.8506
85680.00000 0.8496
85710.00000 0.8485
85730.00000 0.8477
85740.00000 0.8473
85770.00000 0.8462
85800.00000 0.8449
85820.00000 0.8441
85830.00000 0.8437
85860.00000 0.8424
85890.00000 0.8411
85900.00000 0.8407
85920.00000 0.8398
85950.00000 0.8384
85980.00000 0.8371
85990.00000 0.8366
86010.00000 0.8357
86030.00000 0.8348
86040.00000 0.8343
86070.00000 0.8329
86080.00000 0.8325
86100.00000 0.8316
86120.00000 0.8307
86130.00000 0.8302
86160.00000 0.8288
86190.00000 0.8275
86210.00000 0.8266
86220.00000 0.8262
86250.00000 0.8249
86280.00000 0.8236
86300.00000 0.8228
86310.00000 0.8224
86340.00000 0.8212
86370.00000 0.82
86380.00000 0.8196
86400.00000 0.8189
86430.00000 0.8178
86460.00000 0.8167
86470.00000 0.8164
86490.00000 0.8158
86510.00000 0.8151
86520.00000 0.8148
86550.00000 0.814
86560.00000 0.8137
86580.00000 0.8132
86600.00000 0.8127
86610.00000 0.8125
86640.00000 0.8118
86670.00000 0.8113
86690.00000 0.8109
86700.00000 0.8108
86730.00000 0.8104
86760.00000 0.8101
86780.00000 0.81
86790.00000 0.8099
86820.00000 0.8098
86850.00000 0.8098
86860.00000 0.8098
86880.00000 0.8099
86910.00000 0.81
86940.00000 0.8103
86950.00000 0.8104
86970.00000 0.8106
86990.00000 0.8109
87000.00000 0.811
87030.00000 0.8115
87040.00000 0.8117
87060.00000 0.812
87080.00000 0.8124
87090.00000 0.8126
87120.00000 0.8132
87150.00000 0.8138
87170.00000 0.8143
87180.00000 0.8145
87210.00000 0.8152
87240.00000 0.8159
87250.00000 0.8161
87270.00000 0.8166
87300.00000 0.8173
87330.00000 0.818
87340.00000 0.8183
87360.00000 0.8187
87390.00000 0.8194
87420.00000 0.8201
87430.00000 0.8203
87450.00000 0.8207
87470.00000 0.8211
87480.00000 0.8213
87510.00000 0.8218
87520.00000 0.8219
87540.00000 0.8222
87560.00000 0.8224
87570.00000 0.8225
87600.00000 0.8227
87630.00000 0.8228
87650.00000 0.8228
87660.00000 0.8227
87690.00000 0.8225
87720.00000 0.8221
87730.00000 0.8219
87750.00000 0.8215
87780.00000 0.8207
87810.00000 0.8197
87820.00000 0.8193
87840.00000 0.8184
87870.00000 0.817
87900.00000 0.8155
87910.00000 0.8149
87930.00000 0.8139
87950.00000 0.8128
87960.00000 0.8122
87990.00000 0.8106
88000.00000 0.8101
88020.00000 0.8091
88040.00000 0.808
88050.00000 0.8075
88080.00000 0.8058
88110.00000 0.8038
88130.00000 0.8023
88140.00000 0.8015
88170.00000 0.7988
88200.00000 0.7955
88210.00000 0.7943
88230.00000 0.7917
88260.00000 0.7871
88290.00000 0.7819
88300.00000 0.78
88320.00000 0.7761
88350.00000 0.7699
88380.00000 0.7632
88390.00000 0.7609
88410.00000 0.7561
88430.00000 0.7513
88440.00000 0.7488
88470.00000 0.7412
88480.00000 0.7386
88500.00000 0.7333
88520.00000 0.728
88530.00000 0.7253
88560.00000 0.7169
88590.00000 0.7084
88610.00000 0.7026
88620.00000 0.6997
88650.00000 0.6907
88680.00000 0.6815
88690.00000 0.6784
88710.00000 0.6722
88740.00000 0.6626
88770.00000 0.6529
88780.00000 0.6496
88800.00000 0.643
88820.00000 0.6363
88830.00000 0.6329
88860.00000 0.6226
88870.00000 0.6192
88890.00000 0.6122
88910.00000 0.6052
88920.00000 0.6016
88950.00000 0.5909
88960.00000 0.5873
88980.00000 0.58
89000.00000 0.5727
89010.00000 0.569
89040.00000 0.5579
89070.00000 0.5466
89090.00000 0.539
89100.00000 0.5352
89130.00000 0.5237
89160.00000 0.5121
89170.00000 0.5082
89190.00000 0.5004
89220.00000 0.4885
89250.00000 0.4766
89260.00000 0.4726
89280.00000 0.4646
89300.00000 0.4565
89310.00000 0.4525
89340.00000 0.4403
89350.00000 0.4363
89370.00000 0.4281
89390.00000 0.4199
89400.00000 0.4158
89430.00000 0.4036
89440.00000 0.3995
89460.00000 0.3914
89480.00000 0.3834
89490.00000 0.3794
89520.00000 0.3677
89550.00000 0.3562
89570.00000 0.3488
89580.00000 0.3452
89610.00000 0.3346
89640.00000 0.3245
89650.00000 0.3213
89670.00000 0.315
89700.00000 0.3062
89730.00000 0.298
89740.00000 0.2954
89760.00000 0.2904
89780.00000 0.2857
89790.00000 0.2834
89820.00000 0.2768
89830.00000 0.2747
89850.00000 0.2706
89870.00000 0.2667
89880.00000 0.2648
89910.00000 0.2591
89920.00000 0.2573
89940.00000 0.2537
89960.00000 0.2501
89970.00000 0.2483
90000.00000 0.243
90020.00000 0.2394
90030.00000 0.2376
90040.00000 0.2359
90050.00000 0.2341
90060.00000 0.2323
90080.00000 0.2288
90090.00000 0.2271
90100.00000 0.2253
90120.00000 0.2218
90130.00000 0.2201
90140.00000 0.2184
90150.00000 0.2166
90160.00000 0.2149
90180.00000 0.2115
90200.00000 0.2081
90210.00000 0.2064
90220.00000 0.2047
90230.00000 0.203
90240.00000 0.2013
90250.00000 0.1997
90260.00000 0.198
90270.00000 0.1964
90280.00000 0.1947
90300.00000 0.1915
90310.00000 0.1899
90320.00000 0.1883
90330.00000 0.1867
90340.00000 0.1851
90350.00000 0.1835
90360.00000 0.1819
90380.00000 0.1788
90390.00000 0.1773
90400.00000 0.1758
90420.00000 0.1728
90430.00000 0.1713
90440.00000 0.1698
90450.00000 0.1683
90460.00000 0.1669
90480.00000 0.164
90500.00000 0.1612
90510.00000 0.1598
90520.00000 0.1584
90530.00000 0.157
90540.00000 0.1557
90550.00000 0.1544
90560.00000 0.1531
90570.00000 0.1518
90580.00000 0.1505
90600.00000 0.148
90610.00000 0.1467
90620.00000 0.1455
90630.00000 0.1443
90640.00000 0.1431
90650.00000 0.1419
90660.00000 0.1407
90680.00000 0.1384
90690.00000 0.1372
90700.00000 0.1361
90720.00000 0.1339
90730.00000 0.1328
90740.00000 0.1317
90750.00000 0.1307
90760.00000 0.1296
90780.00000 0.1275
90790.00000 0.1265
90800.00000 0.1255
90810.00000 0.1245
90820.00000 0.1235
90830.00000 0.1225
90840.00000 0.1216
90850.00000 0.1206
90860.00000 0.1197
90870.00000 0.1187
90880.00000 0.1178
90900.00000 0.1159
90920.00000 0.1141
90930.00000 0.1133
90940.00000 0.1124
90950.00000 0.1115
90960.00000 0.1107
