threeML/data/optical_filters/Keck/LWS-f_0800.ecsv
# %ECSV 0.9
# ---
# datatype:
# - {name: wavelength, unit: Angstrom, datatype: float32}
# - {name: response, datatype: float32}
# meta: !!omap
# - {band_name: f_0800}
# - {group_name: LWS}
wavelength response
[from data line 838]
90990.00000 0.1081
91000.00000 0.1073
91010.00000 0.1065
91020.00000 0.1056
91030.00000 0.1048
91040.00000 0.104
91050.00000 0.1032
91060.00000 0.1025
91080.00000 0.1009
91090.00000 0.1001
91100.00000 0.09941
91110.00000 0.09865
91120.00000 0.0979
91130.00000 0.09716
91140.00000 0.09642
91150.00000 0.09568
91160.00000 0.09495
91170.00000 0.09422
91180.00000 0.0935
91200.00000 0.09207
91210.00000 0.09137
91220.00000 0.09066
91230.00000 0.08996
91240.00000 0.08927
91250.00000 0.08858
91260.00000 0.08789
91270.00000 0.08721
91280.00000 0.08653
91290.00000 0.08585
91300.00000 0.08518
91310.00000 0.08452
91320.00000 0.08386
91330.00000 0.0832
91340.00000 0.08255
91350.00000 0.0819
91360.00000 0.08125
91380.00000 0.07997
91400.00000 0.07871
91410.00000 0.07809
91420.00000 0.07747
91430.00000 0.07685
91440.00000 0.07624
91450.00000 0.07563
91460.00000 0.07502
91470.00000 0.07442
91480.00000 0.07382
91490.00000 0.07323
91500.00000 0.07264
91520.00000 0.07147
91530.00000 0.0709
91540.00000 0.07032
91550.00000 0.06975
91560.00000 0.06919
91570.00000 0.06862
91580.00000 0.06807
91590.00000 0.06751
91600.00000 0.06696
91620.00000 0.06587
91630.00000 0.06533
91640.00000 0.06479
91650.00000 0.06426
91660.00000 0.06373
91680.00000 0.06268
91700.00000 0.06165
91710.00000 0.06114
91720.00000 0.06063
91730.00000 0.06013
91740.00000 0.05963
91750.00000 0.05913
91760.00000 0.05864
91770.00000 0.05815
91780.00000 0.05766
91790.00000 0.05718
91800.00000 0.0567
91820.00000 0.05575
91830.00000 0.05529
91840.00000 0.05482
91850.00000 0.05436
91860.00000 0.0539
91880.00000 0.05299
91890.00000 0.05254
91900.00000 0.0521
91920.00000 0.05122
91930.00000 0.05078
91940.00000 0.05035
91950.00000 0.04992
91960.00000 0.0495
91980.00000 0.04865
92000.00000 0.04783
92010.00000 0.04742
92020.00000 0.04701
92030.00000 0.04661
92040.00000 0.04621
92050.00000 0.04581
92060.00000 0.04541
92070.00000 0.04502
92080.00000 0.04464
92100.00000 0.04387
92120.00000 0.04311
92130.00000 0.04274
92140.00000 0.04237
92150.00000 0.042
92160.00000 0.04164
92180.00000 0.04092
92190.00000 0.04057
92200.00000 0.04021
92220.00000 0.03952
92230.00000 0.03917
92240.00000 0.03883
92250.00000 0.03849
92260.00000 0.03816
92270.00000 0.03783
92280.00000 0.0375
92300.00000 0.03685
92310.00000 0.03652
92320.00000 0.03621
92330.00000 0.03589
92340.00000 0.03558
92350.00000 0.03527
92360.00000 0.03496
92370.00000 0.03465
92380.00000 0.03435
92400.00000 0.03375
92420.00000 0.03316
92430.00000 0.03287
92440.00000 0.03259
92450.00000 0.0323
92460.00000 0.03202
92480.00000 0.03146
92490.00000 0.03119
92500.00000 0.03091
92520.00000 0.03038
92530.00000 0.03011
92540.00000 0.02985
92550.00000 0.02959
92560.00000 0.02933
92580.00000 0.02882
92600.00000 0.02832
92610.00000 0.02807
92620.00000 0.02783
92630.00000 0.02759
92640.00000 0.02735
92650.00000 0.02711
92660.00000 0.02688
92670.00000 0.02664
92680.00000 0.02641
92700.00000 0.02596
92710.00000 0.02573
92720.00000 0.02551
92730.00000 0.02529
92740.00000 0.02507
92750.00000 0.02486
92760.00000 0.02464
92770.00000 0.02443
92780.00000 0.02422
92790.00000 0.02402
92800.00000 0.02381
92820.00000 0.02341
92830.00000 0.02321
92840.00000 0.02301
92850.00000 0.02281
92860.00000 0.02262
92880.00000 0.02224
92890.00000 0.02205
92900.00000 0.02187
92910.00000 0.02168
92920.00000 0.0215
92930.00000 0.02132
92940.00000 0.02114
92950.00000 0.02097
92960.00000 0.02079
92970.00000 0.02062
92980.00000 0.02045
93000.00000 0.02011
93010.00000 0.01995
93020.00000 0.01979
93030.00000 0.01962
93040.00000 0.01946
93050.00000 0.0193
93060.00000 0.01915
93080.00000 0.01884
93090.00000 0.01869
93100.00000 0.01854
93120.00000 0.01824
93130.00000 0.0181
93140.00000 0.01795
93150.00000 0.01781
93160.00000 0.01767
93180.00000 0.01739
93190.00000 0.01726
93200.00000 0.01712
93210.00000 0.01699
93220.00000 0.01686
93230.00000 0.01673
93240.00000 0.0166
93250.00000 0.01647
93260.00000 0.01634
93270.00000 0.01622
93280.00000 0.0161
93300.00000 0.01586
93320.00000 0.01562
93330.00000 0.0155
93340.00000 0.01539
93350.00000 0.01527
93360.00000 0.01516
93370.00000 0.01505
93380.00000 0.01494
93390.00000 0.01483
93400.00000 0.01472
93420.00000 0.01451
93430.00000 0.01441
93440.00000 0.01431
93450.00000 0.0142
93460.00000 0.0141
93480.00000 0.01391
93490.00000 0.01381
93500.00000 0.01371
93510.00000 0.01362
93520.00000 0.01352
93530.00000 0.01343
93540.00000 0.01334
93550.00000 0.01325
93560.00000 0.01316
93570.00000 0.01307
93580.00000 0.01298
93600.00000 0.01281
93610.00000 0.01272
93620.00000 0.01264
93630.00000 0.01256
93640.00000 0.01248
93650.00000 0.01239
93660.00000 0.01231
93670.00000 0.01223
93680.00000 0.01216
93690.00000 0.01208
93700.00000 0.012
93710.00000 0.01192
93720.00000 0.01185
93730.00000 0.01177
93740.00000 0.0117
93750.00000 0.01163
93760.00000 0.01155
93780.00000 0.01141
93800.00000 0.01127
93810.00000 0.0112
93820.00000 0.01113
93830.00000 0.01107
93840.00000 0.011
93850.00000 0.01093
93860.00000 0.01087
93870.00000 0.0108
93880.00000 0.01073
93900.00000 0.01061
93920.00000 0.01048
93930.00000 0.01042
93940.00000 0.01036
93950.00000 0.0103
93960.00000 0.01023
93970.00000 0.01017
93980.00000 0.01011
93990.00000 0.01005
94000.00000 0.009996
94010.00000 0.009937
94020.00000 0.009878
94030.00000 0.00982
94040.00000 0.009763
94050.00000 0.009705
94060.00000 0.009648
94080.00000 0.009535
94090.00000 0.009479
94100.00000 0.009423
94110.00000 0.009367
94120.00000 0.009312
94130.00000 0.009257
94140.00000 0.009202
94150.00000 0.009147
94160.00000 0.009093
94170.00000 0.009038
94180.00000 0.008984
94190.00000 0.008931
94200.00000 0.008877
94210.00000 0.008824
94220.00000 0.008771
94230.00000 0.008718
94240.00000 0.008666
94250.00000 0.008614
94260.00000 0.008561
94280.00000 0.008458
94290.00000 0.008407
94300.00000 0.008356
94320.00000 0.008254
94330.00000 0.008204
94340.00000 0.008154
94350.00000 0.008104
94360.00000 0.008054
94380.00000 0.007956
94400.00000 0.007858
94410.00000 0.00781
94420.00000 0.007761
94430.00000 0.007713
94440.00000 0.007666
94450.00000 0.007618
94460.00000 0.007571
94470.00000 0.007523
94480.00000 0.007477
94490.00000 0.00743
94500.00000 0.007383
94520.00000 0.007291
94530.00000 0.007246
94540.00000 0.0072
94550.00000 0.007155
94560.00000 0.00711
94570.00000 0.007065
94580.00000 0.00702
94590.00000 0.006976
94600.00000 0.006931
94620.00000 0.006844
94630.00000 0.0068
94640.00000 0.006757
94650.00000 0.006713
94660.00000 0.006671
94670.00000 0.006628
94680.00000 0.006585
94690.00000 0.006543
94700.00000 0.006501
94710.00000 0.006459
94720.00000 0.006417
94730.00000 0.006376
94740.00000 0.006335
94750.00000 0.006294
94760.00000 0.006253
94770.00000 0.006212
94780.00000 0.006172
94800.00000 0.006092
94810.00000 0.006052
94820.00000 0.006012
94830.00000 0.005973
94840.00000 0.005934
94850.00000 0.005895
94860.00000 0.005856
94880.00000 0.005779
94890.00000 0.005741
94900.00000 0.005703
94920.00000 0.005628
94930.00000 0.005591
94940.00000 0.005553
94950.00000 0.005517
94960.00000 0.00548
94970.00000 0.005443
94980.00000 0.005407
95010.00000 0.005299
95020.00000 0.005263
95030.00000 0.005228
95050.00000 0.005158
95060.00000 0.005123
95070.00000 0.005088
95080.00000 0.005054
95090.00000 0.005019
95100.00000 0.004985
95110.00000 0.004952
95130.00000 0.004884
95140.00000 0.004851
95150.00000 0.004818
95160.00000 0.004785
95170.00000 0.004752
95180.00000 0.00472
95190.00000 0.004687
95200.00000 0.004655
95210.00000 0.004623
95230.00000 0.004559
95240.00000 0.004528
95250.00000 0.004496
95260.00000 0.004465
95270.00000 0.004434
95280.00000 0.004404
95290.00000 0.004373
95310.00000 0.004312
95320.00000 0.004282
95330.00000 0.004252
95350.00000 0.004193
95360.00000 0.004163
95370.00000 0.004134
95380.00000 0.004105
95390.00000 0.004076
95410.00000 0.004019
104951.00000 0.0
