threeML/data/optical_filters/Keck/LWS-f_1765.ecsv
# %ECSV 0.9
# ---
# datatype:
# - {name: wavelength, unit: Angstrom, datatype: float32}
# - {name: response, datatype: float32}
# meta: !!omap
# - {band_name: f_1765}
# - {group_name: LWS}
wavelength response
[from data line 732]
172920.00000 0.295028
172930.00000 0.296826
172940.00000 0.298628
172950.00000 0.300433
172960.00000 0.30224
172970.00000 0.304051
172980.00000 0.305863
172990.00000 0.307677
173000.00000 0.309493
173010.00000 0.31131
173020.00000 0.313128
173030.00000 0.314948
173040.00000 0.316769
173050.00000 0.318593
173060.00000 0.320418
173070.00000 0.322246
173080.00000 0.324077
173090.00000 0.325911
173100.00000 0.327748
173110.00000 0.329589
173120.00000 0.331434
173130.00000 0.333283
173140.00000 0.335136
173150.00000 0.336994
173160.00000 0.338857
173170.00000 0.340723
173180.00000 0.342591
173190.00000 0.344461
173200.00000 0.346334
173210.00000 0.34821
173220.00000 0.350089
173230.00000 0.351974
173240.00000 0.353863
173250.00000 0.355758
173260.00000 0.357658
173270.00000 0.359566
173280.00000 0.36148
173290.00000 0.363402
173300.00000 0.365332
173310.00000 0.367271
173320.00000 0.369219
173330.00000 0.371175
173340.00000 0.373139
173350.00000 0.37511
173360.00000 0.377089
173370.00000 0.379074
173380.00000 0.381065
173390.00000 0.383062
173400.00000 0.385064
173410.00000 0.38707
173420.00000 0.389081
173430.00000 0.391096
173440.00000 0.393114
173450.00000 0.395136
173460.00000 0.397159
173470.00000 0.39919
173480.00000 0.401231
173490.00000 0.403282
173500.00000 0.40534
173510.00000 0.407404
173520.00000 0.409472
173530.00000 0.411544
173540.00000 0.413616
173550.00000 0.415688
173560.00000 0.417758
173570.00000 0.419824
173580.00000 0.421885
173590.00000 0.423938
173600.00000 0.425983
173610.00000 0.428018
173620.00000 0.430047
173630.00000 0.432079
173640.00000 0.434111
173650.00000 0.436143
173660.00000 0.438173
173670.00000 0.440198
173680.00000 0.442219
173690.00000 0.444233
173700.00000 0.446239
173710.00000 0.448235
173720.00000 0.45022
173730.00000 0.452192
173740.00000 0.454149
173750.00000 0.456091
173760.00000 0.458016
173770.00000 0.459925
173780.00000 0.461823
173790.00000 0.463712
173800.00000 0.46559
173810.00000 0.467457
173820.00000 0.469313
173830.00000 0.471156
173840.00000 0.472988
173850.00000 0.474807
173860.00000 0.476614
173870.00000 0.478407
173880.00000 0.480186
173890.00000 0.481951
173900.00000 0.483702
173910.00000 0.485438
173920.00000 0.487159
173930.00000 0.488865
173940.00000 0.490556
173950.00000 0.492233
173960.00000 0.493896
173970.00000 0.495546
173980.00000 0.497182
173990.00000 0.498806
174000.00000 0.500418
174010.00000 0.502017
174020.00000 0.503605
174030.00000 0.505182
174040.00000 0.506749
174050.00000 0.508305
174060.00000 0.50985
174070.00000 0.511386
174080.00000 0.512909
174090.00000 0.51442
174100.00000 0.515918
174110.00000 0.517404
174120.00000 0.518879
174130.00000 0.520343
174140.00000 0.521796
174150.00000 0.523238
174160.00000 0.524671
174170.00000 0.526093
174180.00000 0.527507
174190.00000 0.528911
174200.00000 0.530307
174210.00000 0.531694
174220.00000 0.533074
174230.00000 0.534444
174240.00000 0.535805
174250.00000 0.537157
174260.00000 0.538499
174270.00000 0.539832
174280.00000 0.541155
174290.00000 0.542469
174300.00000 0.543773
174310.00000 0.545067
174320.00000 0.546353
174330.00000 0.547628
174340.00000 0.548894
174350.00000 0.550151
174360.00000 0.551398
174370.00000 0.552636
174380.00000 0.553864
174390.00000 0.555083
174400.00000 0.556293
174410.00000 0.557494
174420.00000 0.558686
174430.00000 0.559868
174440.00000 0.56104
174450.00000 0.562203
174460.00000 0.563356
174470.00000 0.564498
174480.00000 0.565631
174490.00000 0.566754
174500.00000 0.567867
174510.00000 0.56897
174520.00000 0.570062
174530.00000 0.571144
174540.00000 0.572217
174550.00000 0.57328
174560.00000 0.574333
174570.00000 0.575377
174580.00000 0.576411
174590.00000 0.577434
174600.00000 0.578448
174610.00000 0.579451
174620.00000 0.580444
174630.00000 0.581426
174640.00000 0.582398
174650.00000 0.583359
174660.00000 0.584309
174670.00000 0.585248
174680.00000 0.586177
174690.00000 0.587094
174700.00000 0.588001
174710.00000 0.588898
174720.00000 0.589784
174730.00000 0.590659
174740.00000 0.591524
174750.00000 0.592379
174760.00000 0.593223
174770.00000 0.594057
174780.00000 0.594881
174790.00000 0.595694
174800.00000 0.596497
174810.00000 0.59729
174820.00000 0.598072
174830.00000 0.598845
174840.00000 0.599607
174850.00000 0.600359
174860.00000 0.601101
174870.00000 0.601832
174880.00000 0.602553
174890.00000 0.603264
174900.00000 0.603965
174910.00000 0.604655
174920.00000 0.605335
174930.00000 0.606005
174940.00000 0.606664
174950.00000 0.607313
174960.00000 0.607952
174970.00000 0.60858
174980.00000 0.609197
174990.00000 0.609804
175000.00000 0.610398
175010.00000 0.610982
175020.00000 0.611555
175030.00000 0.612116
175040.00000 0.612668
175050.00000 0.61321
175060.00000 0.613742
175070.00000 0.614264
175080.00000 0.614778
175090.00000 0.615283
175100.00000 0.615779
175110.00000 0.616267
175120.00000 0.616748
175130.00000 0.61722
175140.00000 0.617684
175150.00000 0.618138
175160.00000 0.618581
175170.00000 0.619014
175180.00000 0.619438
175190.00000 0.619853
175200.00000 0.62026
175210.00000 0.620658
175220.00000 0.62105
175230.00000 0.621435
175240.00000 0.621813
175250.00000 0.622185
175260.00000 0.622552
175270.00000 0.622915
175280.00000 0.623273
175290.00000 0.623626
175300.00000 0.62397
175310.00000 0.624306
175320.00000 0.624634
175330.00000 0.624954
175340.00000 0.625268
175350.00000 0.625576
175360.00000 0.625879
175370.00000 0.626178
175380.00000 0.626473
175390.00000 0.626764
175400.00000 0.627054
175410.00000 0.627342
175420.00000 0.627629
175430.00000 0.627915
175440.00000 0.628203
175450.00000 0.628488
175460.00000 0.628771
175470.00000 0.62905
175480.00000 0.629326
175490.00000 0.6296
175500.00000 0.629871
175510.00000 0.63014
175520.00000 0.630407
175530.00000 0.630672
175540.00000 0.630935
175550.00000 0.631197
175560.00000 0.631457
175570.00000 0.631716
175580.00000 0.631974
175590.00000 0.632231
175600.00000 0.632488
175610.00000 0.632743
175620.00000 0.632997
175630.00000 0.633249
175640.00000 0.6335
175650.00000 0.633749
175660.00000 0.633996
175670.00000 0.634243
175680.00000 0.634487
175690.00000 0.63473
175700.00000 0.634972
175710.00000 0.635211
175720.00000 0.63545
175730.00000 0.635686
175740.00000 0.635921
175750.00000 0.636154
175760.00000 0.636387
175770.00000 0.636619
175780.00000 0.63685
175790.00000 0.63708
175800.00000 0.637309
175810.00000 0.637535
175820.00000 0.63776
175830.00000 0.637983
175840.00000 0.638204
175850.00000 0.638422
175860.00000 0.638637
175870.00000 0.63885
175880.00000 0.639059
175890.00000 0.639264
175900.00000 0.639466
175910.00000 0.639664
175920.00000 0.639859
175930.00000 0.64005
175940.00000 0.640238
175950.00000 0.640423
175960.00000 0.640605
175970.00000 0.640784
175980.00000 0.640961
175990.00000 0.641136
176000.00000 0.641309
176010.00000 0.64148
176020.00000 0.641649
176030.00000 0.641817
176040.00000 0.641983
176050.00000 0.642148
176060.00000 0.642312
176070.00000 0.642474
176080.00000 0.642633
176090.00000 0.64279
176100.00000 0.642945
176110.00000 0.643099
176120.00000 0.64325
176130.00000 0.6434
176140.00000 0.643548
176150.00000 0.643695
176160.00000 0.643841
176170.00000 0.643986
176180.00000 0.64413
176190.00000 0.644274
176200.00000 0.644417
176210.00000 0.644559
176220.00000 0.644701
176230.00000 0.644841
176240.00000 0.644979
176250.00000 0.645116
176260.00000 0.645251
176270.00000 0.645385
176280.00000 0.645519
176290.00000 0.645652
176300.00000 0.645784
176310.00000 0.645916
176320.00000 0.646049
176330.00000 0.646181
176340.00000 0.646315
176350.00000 0.646449
176360.00000 0.646584
176370.00000 0.64672
176380.00000 0.646857
176390.00000 0.646995
176400.00000 0.647134
176410.00000 0.647273
176420.00000 0.647412
176430.00000 0.647552
176440.00000 0.647691
176450.00000 0.647831
176460.00000 0.64797
176470.00000 0.648109
176480.00000 0.648246
176490.00000 0.648383
176500.00000 0.648519
176510.00000 0.648654
176520.00000 0.648787
176530.00000 0.648919
176540.00000 0.649052
176550.00000 0.649184
176560.00000 0.649316
176570.00000 0.649447
176580.00000 0.649578
176590.00000 0.649708
176600.00000 0.649837
176610.00000 0.649965
176620.00000 0.650091
176630.00000 0.650216
176640.00000 0.650339
176650.00000 0.65046
176660.00000 0.650579
176670.00000 0.650696
176680.00000 0.65081
176690.00000 0.650923
176700.00000 0.651035
176710.00000 0.651145
176720.00000 0.651255
176730.00000 0.651363
176740.00000 0.651469
176750.00000 0.651574
176760.00000 0.651676
176770.00000 0.651776
176780.00000 0.651874
176790.00000 0.651969
176800.00000 0.652061
176810.00000 0.65215
176820.00000 0.652236
176830.00000 0.652318
176840.00000 0.652397
176850.00000 0.652472
176860.00000 0.652545
176870.00000 0.652614
176880.00000 0.652681
176890.00000 0.652744
176900.00000 0.652806
176910.00000 0.652864
176920.00000 0.65292
176930.00000 0.652974
176940.00000 0.653026
176950.00000 0.653075
176960.00000 0.653122
176970.00000 0.653168
176980.00000 0.653211
176990.00000 0.653253
177000.00000 0.653293
177010.00000 0.65333
177020.00000 0.653365
177030.00000 0.653397
177040.00000 0.653427
177050.00000 0.653455
177060.00000 0.65348
177070.00000 0.653504
177080.00000 0.653526
177090.00000 0.653547
177100.00000 0.653565
177110.00000 0.653583
177120.00000 0.653599
177130.00000 0.653614
177140.00000 0.653628
177150.00000 0.653641
177160.00000 0.653653
177170.00000 0.653663
177180.00000 0.653671
177190.00000 0.653677
177200.00000 0.653682
177210.00000 0.653685
177220.00000 0.653687
177230.00000 0.653688
177240.00000 0.653688
177250.00000 0.653687
177260.00000 0.653685
177270.00000 0.653682
177280.00000 0.653679
177290.00000 0.653675
177300.00000 0.65367
177310.00000 0.653666
177320.00000 0.653661
177330.00000 0.653656
177340.00000 0.65365
177350.00000 0.653643
177360.00000 0.653636
177370.00000 0.653628
177380.00000 0.653619
177390.00000 0.653609
177400.00000 0.653598
177410.00000 0.653586
177420.00000 0.653572
177430.00000 0.653557
177440.00000 0.65354
177450.00000 0.653522
177460.00000 0.653503
177470.00000 0.653482
177480.00000 0.65346
177490.00000 0.653438
177500.00000 0.653414
177510.00000 0.65339
177520.00000 0.653364
177530.00000 0.653337
177540.00000 0.653308
177550.00000 0.653278
177560.00000 0.653246
177570.00000 0.653212
177580.00000 0.653176
177590.00000 0.653138
177600.00000 0.653097
177610.00000 0.653054
177620.00000 0.653008
177630.00000 0.65296
177640.00000 0.65291
177650.00000 0.652859
177660.00000 0.652806
177670.00000 0.65275
177680.00000 0.652693
177690.00000 0.652634
177700.00000 0.652572
177710.00000 0.652508
177720.00000 0.652442
177730.00000 0.652373
177740.00000 0.652301
177750.00000 0.652227
177760.00000 0.65215
177770.00000 0.65207
177780.00000 0.651987
177790.00000 0.651901
177800.00000 0.651812
177810.00000 0.65172
177820.00000 0.651626
177830.00000 0.651529
177840.00000 0.65143
177850.00000 0.651328
177860.00000 0.651223
177870.00000 0.651116
177880.00000 0.651007
177890.00000 0.650896
177900.00000 0.650782
177910.00000 0.650666
177920.00000 0.650548
177930.00000 0.650428
177940.00000 0.650305
177950.00000 0.65018
177960.00000 0.650052
177970.00000 0.649922
177980.00000 0.649788
177990.00000 0.649653
178000.00000 0.649515
178010.00000 0.649375
178020.00000 0.649233
178030.00000 0.649089
178040.00000 0.648944
178050.00000 0.648797
178060.00000 0.648649
178070.00000 0.648499
178080.00000 0.648349
178090.00000 0.648197
178100.00000 0.648045
178110.00000 0.647891
178120.00000 0.647735
178130.00000 0.647577
178140.00000 0.647418
178150.00000 0.647258
178160.00000 0.647095
178170.00000 0.646932
178180.00000 0.646767
178190.00000 0.646601
178200.00000 0.646433
178210.00000 0.646265
178220.00000 0.646095
178230.00000 0.645924
178240.00000 0.645753
178250.00000 0.64558
178260.00000 0.645406
178270.00000 0.645232
178280.00000 0.645057
178290.00000 0.644881
178300.00000 0.644705
178310.00000 0.644527
178320.00000 0.644347
178330.00000 0.644167
178340.00000 0.643985
178350.00000 0.643801
178360.00000 0.643616
178370.00000 0.643429
178380.00000 0.643241
178390.00000 0.64305
178400.00000 0.642858
178410.00000 0.642663
178420.00000 0.642467
178430.00000 0.64227
178440.00000 0.642073
178450.00000 0.641874
178460.00000 0.641675
178470.00000 0.641474
178480.00000 0.641271
178490.00000 0.641066
178500.00000 0.640859
178510.00000 0.640648
178520.00000 0.640435
178530.00000 0.640218
178540.00000 0.639997
178550.00000 0.639772
178560.00000 0.639543
178570.00000 0.639309
178580.00000 0.639071
178590.00000 0.638831
178600.00000 0.638589
178610.00000 0.638344
178620.00000 0.638096
178630.00000 0.637844
178640.00000 0.637589
178650.00000 0.637331
178660.00000 0.637068
178670.00000 0.636801
178680.00000 0.636529
178690.00000 0.636252
178700.00000 0.63597
178710.00000 0.635682
178720.00000 0.635389
178730.00000 0.63509
178740.00000 0.634785
178750.00000 0.634477
178760.00000 0.634164
178770.00000 0.633847
178780.00000 0.633526
178790.00000 0.633199
178800.00000 0.632868
178810.00000 0.632532
178820.00000 0.63219
178830.00000 0.631842
178840.00000 0.631489
178850.00000 0.63113
178860.00000 0.630765
178870.00000 0.630393
178880.00000 0.630015
178890.00000 0.62963
178900.00000 0.629238
178910.00000 0.62884
178920.00000 0.628436
178930.00000 0.628027
178940.00000 0.627611
178950.00000 0.62719
178960.00000 0.626762
178970.00000 0.626329
178980.00000 0.62589
178990.00000 0.625445
179000.00000 0.624994
179010.00000 0.624538
179020.00000 0.624076
179030.00000 0.623608
179040.00000 0.623135
179050.00000 0.622656
179060.00000 0.622171
179070.00000 0.621681
179080.00000 0.621185
179090.00000 0.620684
179100.00000 0.620176
179110.00000 0.619663
179120.00000 0.619144
179130.00000 0.61862
179140.00000 0.61809
179150.00000 0.617554
179160.00000 0.617013
179170.00000 0.616466
179180.00000 0.615913
179190.00000 0.615354
179200.00000 0.61479
179210.00000 0.61422
179220.00000 0.613645
179230.00000 0.613063
179240.00000 0.612475
179250.00000 0.611881
179260.00000 0.611282
179270.00000 0.610676
179280.00000 0.610065
179290.00000 0.609449
179300.00000 0.608827
179310.00000 0.6082
179320.00000 0.607568
179330.00000 0.606931
179340.00000 0.606289
179350.00000 0.605642
179360.00000 0.60499
179370.00000 0.604335
179380.00000 0.603674
179390.00000 0.603009
179400.00000 0.602339
179410.00000 0.601664
179420.00000 0.600984
179430.00000 0.600298
179440.00000 0.599608
179450.00000 0.598913
179460.00000 0.598213
179470.00000 0.597508
179480.00000 0.596798
179490.00000 0.596083
179500.00000 0.595362
179510.00000 0.594636
179520.00000 0.593905
179530.00000 0.593169
179540.00000 0.592428
179550.00000 0.591682
179560.00000 0.590931
179570.00000 0.590175
179580.00000 0.589414
179590.00000 0.588647
179600.00000 0.587876
179610.00000 0.5871
179620.00000 0.586318
179630.00000 0.585531
179640.00000 0.584739
179650.00000 0.583942
179660.00000 0.583139
179670.00000 0.58233
179680.00000 0.581517
179690.00000 0.580698
179700.00000 0.579873
179710.00000 0.579044
179720.00000 0.578211
179730.00000 0.577374
179740.00000 0.576531
179750.00000 0.575684
179760.00000 0.574831
179770.00000 0.573973
179780.00000 0.573109
179790.00000 0.572238
179800.00000 0.571361
179810.00000 0.570478
179820.00000 0.569588
179830.00000 0.56869
179840.00000 0.567785
179850.00000 0.566873
179860.00000 0.565952
179870.00000 0.565025
179880.00000 0.564092
179890.00000 0.563152
179900.00000 0.562206
179910.00000 0.561253
179920.00000 0.560294
179930.00000 0.559327
179940.00000 0.558354
179950.00000 0.557374
179960.00000 0.556387
179970.00000 0.555393
179980.00000 0.554392
179990.00000 0.553383
180000.00000 0.552368
180010.00000 0.551344
180020.00000 0.550314
180030.00000 0.549276
180040.00000 0.54823
180050.00000 0.547178
180060.00000 0.546118
180070.00000 0.545052
180080.00000 0.543978
180090.00000 0.542897
180100.00000 0.541809
180110.00000 0.540714
180120.00000 0.539612
180130.00000 0.538503
180140.00000 0.537388
180150.00000 0.536265
180160.00000 0.535135
180170.00000 0.533999
180180.00000 0.532856
180190.00000 0.531706
180200.00000 0.530547
180210.00000 0.529381
