threeML/data/optical_filters/Keck/LWS-f_2310.ecsv
# %ECSV 0.9
# ---
# datatype:
# - {name: wavelength, unit: Angstrom, datatype: float32}
# - {name: response, datatype: float32}
# meta: !!omap
# - {band_name: f_2310}
# - {group_name: LWS}
wavelength response
[from data line 733]
227320.00000 0.27364
227330.00000 0.275371
227340.00000 0.277111
227350.00000 0.27886
227360.00000 0.280617
227370.00000 0.282382
227380.00000 0.284155
227390.00000 0.285935
227400.00000 0.287722
227410.00000 0.289516
227420.00000 0.291317
227430.00000 0.293123
227440.00000 0.294935
227450.00000 0.296753
227460.00000 0.298575
227470.00000 0.300403
227480.00000 0.302235
227490.00000 0.304071
227500.00000 0.305911
227510.00000 0.307754
227520.00000 0.3096
227530.00000 0.311449
227540.00000 0.313304
227550.00000 0.31517
227560.00000 0.317046
227570.00000 0.318931
227580.00000 0.320824
227590.00000 0.322726
227600.00000 0.324635
227610.00000 0.32655
227620.00000 0.328471
227630.00000 0.330397
227640.00000 0.332327
227650.00000 0.334261
227660.00000 0.336198
227670.00000 0.338137
227680.00000 0.340078
227690.00000 0.342019
227700.00000 0.343961
227710.00000 0.345902
227720.00000 0.347842
227730.00000 0.349779
227740.00000 0.351714
227750.00000 0.353646
227760.00000 0.355573
227770.00000 0.357496
227780.00000 0.359412
227790.00000 0.361323
227800.00000 0.363232
227810.00000 0.365145
227820.00000 0.367061
227830.00000 0.36898
227840.00000 0.370901
227850.00000 0.372824
227860.00000 0.374747
227870.00000 0.376671
227880.00000 0.378594
227890.00000 0.380516
227900.00000 0.382436
227910.00000 0.384354
227920.00000 0.386269
227930.00000 0.38818
227940.00000 0.390088
227950.00000 0.39199
227960.00000 0.393887
227970.00000 0.395777
227980.00000 0.397661
227990.00000 0.399538
228000.00000 0.401406
228010.00000 0.403267
228020.00000 0.405117
228030.00000 0.406958
228040.00000 0.408788
228050.00000 0.410608
228060.00000 0.412419
228070.00000 0.414227
228080.00000 0.416031
228090.00000 0.41783
228100.00000 0.419625
228110.00000 0.421415
228120.00000 0.4232
228130.00000 0.424978
228140.00000 0.426751
228150.00000 0.428517
228160.00000 0.430277
228170.00000 0.432029
228180.00000 0.433774
228190.00000 0.435511
228200.00000 0.43724
228210.00000 0.43896
228220.00000 0.440672
228230.00000 0.442375
228240.00000 0.444068
228250.00000 0.445751
228260.00000 0.447424
228270.00000 0.449087
228280.00000 0.450739
228290.00000 0.452379
228300.00000 0.454008
228310.00000 0.455625
228320.00000 0.457232
228330.00000 0.458832
228340.00000 0.460424
228350.00000 0.462008
228360.00000 0.463585
228370.00000 0.465152
228380.00000 0.466711
228390.00000 0.468262
228400.00000 0.469803
228410.00000 0.471335
228420.00000 0.472857
228430.00000 0.47437
228440.00000 0.475873
228450.00000 0.477365
228460.00000 0.478847
228470.00000 0.480318
228480.00000 0.481779
228490.00000 0.483228
228500.00000 0.484666
228510.00000 0.486092
228520.00000 0.487506
228530.00000 0.488909
228540.00000 0.490298
228550.00000 0.491676
228560.00000 0.49304
228570.00000 0.494392
228580.00000 0.495732
228590.00000 0.497062
228600.00000 0.498383
228610.00000 0.499694
228620.00000 0.500995
228630.00000 0.502285
228640.00000 0.503565
228650.00000 0.504834
228660.00000 0.506092
228670.00000 0.507339
228680.00000 0.508574
228690.00000 0.509798
228700.00000 0.51101
228710.00000 0.512209
228720.00000 0.513397
228730.00000 0.514571
228740.00000 0.515733
228750.00000 0.516882
228760.00000 0.518017
228770.00000 0.519139
228780.00000 0.520247
228790.00000 0.521342
228800.00000 0.522422
228810.00000 0.523488
228820.00000 0.524539
228830.00000 0.525575
228840.00000 0.526597
228850.00000 0.527607
228860.00000 0.528604
228870.00000 0.529588
228880.00000 0.53056
228890.00000 0.53152
228900.00000 0.532466
228910.00000 0.5334
228920.00000 0.534321
228930.00000 0.535228
228940.00000 0.536123
228950.00000 0.537004
228960.00000 0.537871
228970.00000 0.538725
228980.00000 0.539566
228990.00000 0.540392
229000.00000 0.541205
229010.00000 0.542004
229020.00000 0.542789
229030.00000 0.543559
229040.00000 0.544316
229050.00000 0.545058
229060.00000 0.545786
229070.00000 0.546499
229080.00000 0.547197
229090.00000 0.547881
229100.00000 0.54855
229110.00000 0.549203
229120.00000 0.54984
229130.00000 0.550462
229140.00000 0.551069
229150.00000 0.551661
229160.00000 0.552238
229170.00000 0.552801
229180.00000 0.55335
229190.00000 0.553885
229200.00000 0.554406
229210.00000 0.554913
229220.00000 0.555407
229230.00000 0.555888
229240.00000 0.556356
229250.00000 0.556811
229260.00000 0.557254
229270.00000 0.557684
229280.00000 0.558103
229290.00000 0.55851
229300.00000 0.558905
229310.00000 0.559288
229320.00000 0.559661
229330.00000 0.560023
229340.00000 0.560374
229350.00000 0.560714
229360.00000 0.561044
229370.00000 0.561361
229380.00000 0.561662
229390.00000 0.561948
229400.00000 0.56222
229410.00000 0.562478
229420.00000 0.562723
229430.00000 0.562955
229440.00000 0.563174
229450.00000 0.563381
229460.00000 0.563576
229470.00000 0.563759
229480.00000 0.563932
229490.00000 0.564095
229500.00000 0.564247
229510.00000 0.564389
229520.00000 0.564523
229530.00000 0.564647
229540.00000 0.564763
229550.00000 0.564871
229560.00000 0.564971
229570.00000 0.565064
229580.00000 0.565151
229590.00000 0.565231
229600.00000 0.565305
229610.00000 0.565374
229620.00000 0.565437
229630.00000 0.565493
229640.00000 0.565536
229650.00000 0.565567
229660.00000 0.565587
229670.00000 0.565596
229680.00000 0.565595
229690.00000 0.565583
229700.00000 0.565563
229710.00000 0.565534
229720.00000 0.565496
229730.00000 0.565451
229740.00000 0.565399
229750.00000 0.56534
229760.00000 0.565275
229770.00000 0.565204
229780.00000 0.565129
229790.00000 0.565049
229800.00000 0.564966
229810.00000 0.564878
229820.00000 0.564789
229830.00000 0.564696
229840.00000 0.564602
229850.00000 0.564507
229860.00000 0.564411
229870.00000 0.564315
229880.00000 0.56422
229890.00000 0.564124
229900.00000 0.564023
229910.00000 0.563916
229920.00000 0.563803
229930.00000 0.563685
229940.00000 0.563561
229950.00000 0.563433
229960.00000 0.563301
229970.00000 0.563165
229980.00000 0.563025
229990.00000 0.562882
230000.00000 0.562736
230010.00000 0.562587
230020.00000 0.562436
230030.00000 0.562284
230040.00000 0.562129
230050.00000 0.561974
230060.00000 0.561818
230070.00000 0.561661
230080.00000 0.561504
230090.00000 0.561347
230100.00000 0.561191
230110.00000 0.561036
230120.00000 0.560882
230130.00000 0.56073
230140.00000 0.56058
230150.00000 0.560431
230160.00000 0.560283
230170.00000 0.560132
230180.00000 0.559979
230190.00000 0.559825
230200.00000 0.559668
230210.00000 0.55951
230220.00000 0.559351
230230.00000 0.559191
230240.00000 0.55903
230250.00000 0.55887
230260.00000 0.558708
230270.00000 0.558547
230280.00000 0.558387
230290.00000 0.558227
230300.00000 0.558068
230310.00000 0.55791
230320.00000 0.557754
230330.00000 0.557599
230340.00000 0.557446
230350.00000 0.557295
230360.00000 0.557147
230370.00000 0.557001
230380.00000 0.556858
230390.00000 0.556719
230400.00000 0.556582
230410.00000 0.55645
230420.00000 0.556321
230430.00000 0.556194
230440.00000 0.556069
230450.00000 0.555945
230460.00000 0.555822
230470.00000 0.555702
230480.00000 0.555583
230490.00000 0.555466
230500.00000 0.55535
230510.00000 0.555236
230520.00000 0.555125
230530.00000 0.555015
230540.00000 0.554906
230550.00000 0.5548
230560.00000 0.554696
230570.00000 0.554594
230580.00000 0.554494
230590.00000 0.554396
230600.00000 0.5543
230610.00000 0.554207
230620.00000 0.554115
230630.00000 0.554026
230640.00000 0.553939
230650.00000 0.553854
230660.00000 0.553771
230670.00000 0.553692
230680.00000 0.553614
230690.00000 0.553538
230700.00000 0.553464
230710.00000 0.55339
230720.00000 0.553319
230730.00000 0.553248
230740.00000 0.55318
230750.00000 0.553113
230760.00000 0.553048
230770.00000 0.552985
230780.00000 0.552925
230790.00000 0.552866
230800.00000 0.55281
230810.00000 0.552756
230820.00000 0.552705
230830.00000 0.552657
230840.00000 0.552611
230850.00000 0.552569
230860.00000 0.552529
230870.00000 0.552493
230880.00000 0.552459
230890.00000 0.55243
230900.00000 0.552404
230910.00000 0.552381
230920.00000 0.552362
230930.00000 0.552347
230940.00000 0.552336
230950.00000 0.55233
230960.00000 0.552326
230970.00000 0.552326
230980.00000 0.552329
230990.00000 0.552336
231000.00000 0.552346
231010.00000 0.552358
231020.00000 0.552375
231030.00000 0.552394
231040.00000 0.552416
231050.00000 0.552442
231060.00000 0.552471
231070.00000 0.552502
231080.00000 0.552537
231090.00000 0.552575
231100.00000 0.552616
231110.00000 0.55266
231120.00000 0.552706
231130.00000 0.552756
231140.00000 0.552809
231150.00000 0.552864
231160.00000 0.552923
231170.00000 0.552984
231180.00000 0.553048
231190.00000 0.553115
231200.00000 0.553184
231210.00000 0.553257
231220.00000 0.553332
231230.00000 0.55341
231240.00000 0.553491
231250.00000 0.553576
231260.00000 0.553663
231270.00000 0.553754
231280.00000 0.553847
231290.00000 0.553944
231300.00000 0.554043
231310.00000 0.554145
231320.00000 0.554251
231330.00000 0.554359
231340.00000 0.55447
231350.00000 0.554584
231360.00000 0.5547
231370.00000 0.554819
231380.00000 0.554941
231390.00000 0.555066
231400.00000 0.555193
231410.00000 0.555323
231420.00000 0.555456
231430.00000 0.555591
231440.00000 0.555729
231450.00000 0.555869
231460.00000 0.556012
231470.00000 0.556157
231480.00000 0.556305
231490.00000 0.556456
231500.00000 0.556612
231510.00000 0.556772
231520.00000 0.556937
231530.00000 0.557105
231540.00000 0.557277
231550.00000 0.557453
231560.00000 0.557632
231570.00000 0.557814
231580.00000 0.557998
231590.00000 0.558185
231600.00000 0.558374
231610.00000 0.558565
231620.00000 0.558758
231630.00000 0.558952
231640.00000 0.559147
231650.00000 0.559342
231660.00000 0.559539
231670.00000 0.559736
231680.00000 0.559933
231690.00000 0.560129
231700.00000 0.560326
231710.00000 0.560521
231720.00000 0.560716
231730.00000 0.560909
231740.00000 0.561101
231750.00000 0.561291
231760.00000 0.561482
231770.00000 0.561676
231780.00000 0.561872
231790.00000 0.562071
231800.00000 0.562271
231810.00000 0.562473
231820.00000 0.562676
231830.00000 0.562881
231840.00000 0.563086
231850.00000 0.563291
231860.00000 0.563496
231870.00000 0.563701
231880.00000 0.563905
231890.00000 0.564108
231900.00000 0.56431
231910.00000 0.56451
231920.00000 0.564708
231930.00000 0.564904
231940.00000 0.565098
231950.00000 0.565288
231960.00000 0.565475
231970.00000 0.565659
231980.00000 0.565838
231990.00000 0.566014
232000.00000 0.566185
232010.00000 0.566351
232020.00000 0.566512
232030.00000 0.566671
232040.00000 0.566832
232050.00000 0.566994
232060.00000 0.567156
232070.00000 0.567317
232080.00000 0.567477
232090.00000 0.567637
232100.00000 0.567794
232110.00000 0.56795
232120.00000 0.568103
232130.00000 0.568252
232140.00000 0.568399
232150.00000 0.568541
232160.00000 0.568678
232170.00000 0.568811
232180.00000 0.568938
232190.00000 0.569059
232200.00000 0.569174
232210.00000 0.569282
232220.00000 0.569383
232230.00000 0.569476
232240.00000 0.569561
232250.00000 0.569638
232260.00000 0.569705
232270.00000 0.569762
232280.00000 0.56981
232290.00000 0.569847
232300.00000 0.569878
232310.00000 0.569905
232320.00000 0.569929
232330.00000 0.569947
232340.00000 0.569961
232350.00000 0.56997
232360.00000 0.569972
232370.00000 0.569969
232380.00000 0.569959
232390.00000 0.569943
232400.00000 0.569919
232410.00000 0.569888
232420.00000 0.569849
232430.00000 0.569802
232440.00000 0.569746
232450.00000 0.569681
232460.00000 0.569607
232470.00000 0.569523
232480.00000 0.56943
232490.00000 0.569325
232500.00000 0.56921
232510.00000 0.569084
232520.00000 0.568946
232530.00000 0.568796
232540.00000 0.568634
232550.00000 0.56846
232560.00000 0.568272
232570.00000 0.568076
232580.00000 0.567871
232590.00000 0.56766
232600.00000 0.567439
232610.00000 0.567211
232620.00000 0.566974
232630.00000 0.566728
232640.00000 0.566472
232650.00000 0.566207
232660.00000 0.565931
232670.00000 0.565646
232680.00000 0.565349
232690.00000 0.565042
232700.00000 0.564724
232710.00000 0.564393
232720.00000 0.564052
232730.00000 0.563697
232740.00000 0.563331
232750.00000 0.562951
232760.00000 0.562558
232770.00000 0.562152
232780.00000 0.561732
232790.00000 0.561299
232800.00000 0.56085
232810.00000 0.560387
232820.00000 0.559909
232830.00000 0.559416
232840.00000 0.558909
232850.00000 0.558392
232860.00000 0.557862
232870.00000 0.557321
232880.00000 0.556768
232890.00000 0.556203
232900.00000 0.555625
232910.00000 0.555036
232920.00000 0.554433
232930.00000 0.553818
232940.00000 0.55319
232950.00000 0.552549
232960.00000 0.551895
232970.00000 0.551227
232980.00000 0.550546
232990.00000 0.549851
233000.00000 0.549142
233010.00000 0.54842
233020.00000 0.547682
233030.00000 0.546931
233040.00000 0.546165
233050.00000 0.545384
233060.00000 0.544589
233070.00000 0.543778
233080.00000 0.542953
233090.00000 0.542111
233100.00000 0.541255
233110.00000 0.540383
233120.00000 0.539496
233130.00000 0.538595
233140.00000 0.537678
233150.00000 0.536748
233160.00000 0.535802
233170.00000 0.534843
233180.00000 0.533869
233190.00000 0.53288
233200.00000 0.531878
233210.00000 0.530861
233220.00000 0.529831
233230.00000 0.528787
233240.00000 0.527729
233250.00000 0.526657
233260.00000 0.525571
233270.00000 0.524472
233280.00000 0.52336
233290.00000 0.522234
233300.00000 0.521095
233310.00000 0.519943
233320.00000 0.518778
233330.00000 0.5176
233340.00000 0.516409
233350.00000 0.515205
233360.00000 0.513989
233370.00000 0.51276
233380.00000 0.511516
233390.00000 0.510256
233400.00000 0.50898
233410.00000 0.507687
233420.00000 0.506379
233430.00000 0.505056
233440.00000 0.503718
233450.00000 0.502366
233460.00000 0.501
233470.00000 0.49962
233480.00000 0.498227
233490.00000 0.496822
233500.00000 0.495405
233510.00000 0.493977
233520.00000 0.492537
233530.00000 0.491086
233540.00000 0.489625
233550.00000 0.488154
233560.00000 0.486674
233570.00000 0.485185
233580.00000 0.483688
233590.00000 0.482182
233600.00000 0.480669
233610.00000 0.479148
233620.00000 0.477621
233630.00000 0.476087
233640.00000 0.474548
233650.00000 0.473002
233660.00000 0.471444
233670.00000 0.469872
233680.00000 0.468289
233690.00000 0.466693
233700.00000 0.465086
233710.00000 0.463468
233720.00000 0.46184
233730.00000 0.460201
233740.00000 0.458554
233750.00000 0.456897
233760.00000 0.455232
233770.00000 0.453558
233780.00000 0.451877
233790.00000 0.450189
233800.00000 0.448495
233810.00000 0.446795
233820.00000 0.445088
233830.00000 0.443377
233840.00000 0.441662
233850.00000 0.439942
233860.00000 0.438218
233870.00000 0.436492
233880.00000 0.434762
233890.00000 0.433031
233900.00000 0.431298
233910.00000 0.429563
233920.00000 0.427828
233930.00000 0.426088
233940.00000 0.424343
233950.00000 0.42259
233960.00000 0.420832
233970.00000 0.419069
233980.00000 0.417299
233990.00000 0.415525
234000.00000 0.413745
234010.00000 0.411961
234020.00000 0.410172
234030.00000 0.408378
234040.00000 0.40658
234050.00000 0.404777
234060.00000 0.402971
234070.00000 0.401161
234080.00000 0.399348
234090.00000 0.397531
234100.00000 0.395711
234110.00000 0.393889
234120.00000 0.392063
234130.00000 0.390235
234140.00000 0.388405
234150.00000 0.386572
234160.00000 0.384738
234170.00000 0.382902
234180.00000 0.381064
234190.00000 0.379225
234200.00000 0.377383
234210.00000 0.375538
234220.00000 0.37369
234230.00000 0.371837
234240.00000 0.369981
234250.00000 0.368122
234260.00000 0.36626
234270.00000 0.364394
234280.00000 0.362525
234290.00000 0.360653
234300.00000 0.358779
234310.00000 0.356901
234320.00000 0.355021
234330.00000 0.353139
234340.00000 0.351254
234350.00000 0.349367
234360.00000 0.347478
234370.00000 0.345587
234380.00000 0.343694
234390.00000 0.341799
234400.00000 0.339902
234410.00000 0.338004
234420.00000 0.336104
234430.00000 0.334203
234440.00000 0.332301
234450.00000 0.330398
234460.00000 0.328493
234470.00000 0.326588
234480.00000 0.324677
234490.00000 0.322761
234500.00000 0.32084
234510.00000 0.318914
234520.00000 0.316983
234530.00000 0.315049
234540.00000 0.313112
234550.00000 0.311172
234560.00000 0.30923
234570.00000 0.307286
234580.00000 0.305341
234590.00000 0.303395
234600.00000 0.301449
