threeML/data/optical_filters/Keck/LWS-Spec10.ecsv
# %ECSV 0.9
# ---
# datatype:
# - {name: wavelength, unit: Angstrom, datatype: float32}
# - {name: response, datatype: float32}
# meta: !!omap
# - {band_name: Spec10}
# - {group_name: LWS}
wavelength response
[from data line 846]
95750.00000 0.9254
95760.00000 0.9254
95770.00000 0.9255
95780.00000 0.9255
95790.00000 0.9255
95800.00000 0.9255
95810.00000 0.9255
95830.00000 0.9255
95850.00000 0.9256
95860.00000 0.9256
95870.00000 0.9256
95880.00000 0.9255
95890.00000 0.9255
95910.00000 0.9255
95930.00000 0.9255
95950.00000 0.9254
95960.00000 0.9254
95970.00000 0.9254
95980.00000 0.9254
95990.00000 0.9253
96010.00000 0.9252
96020.00000 0.9252
96030.00000 0.9252
96050.00000 0.9251
96060.00000 0.925
96070.00000 0.925
96080.00000 0.9249
96090.00000 0.9248
96110.00000 0.9247
96130.00000 0.9246
96150.00000 0.9244
96160.00000 0.9243
96170.00000 0.9242
96180.00000 0.9241
96190.00000 0.924
96200.00000 0.924
96210.00000 0.9239
96230.00000 0.9236
96240.00000 0.9235
96250.00000 0.9234
96260.00000 0.9233
96270.00000 0.9232
96280.00000 0.9231
96290.00000 0.923
96310.00000 0.9227
96330.00000 0.9224
96350.00000 0.9221
96360.00000 0.922
96370.00000 0.9218
96380.00000 0.9217
96390.00000 0.9215
96410.00000 0.9212
96430.00000 0.9209
96450.00000 0.9205
96460.00000 0.9203
96470.00000 0.9202
96480.00000 0.92
96490.00000 0.9198
96500.00000 0.9196
96510.00000 0.9194
96530.00000 0.919
96540.00000 0.9188
96550.00000 0.9186
96560.00000 0.9184
96570.00000 0.9182
96580.00000 0.918
96590.00000 0.9177
96610.00000 0.9173
96630.00000 0.9168
96650.00000 0.9164
96660.00000 0.9161
96670.00000 0.9159
96680.00000 0.9156
96690.00000 0.9154
96710.00000 0.9149
96720.00000 0.9146
96730.00000 0.9144
96750.00000 0.9139
96760.00000 0.9136
96770.00000 0.9133
96780.00000 0.913
96790.00000 0.9128
96810.00000 0.9122
96830.00000 0.9117
96850.00000 0.9111
96860.00000 0.9108
96870.00000 0.9105
96880.00000 0.9102
96890.00000 0.9099
96910.00000 0.9093
96930.00000 0.9087
96940.00000 0.9084
96950.00000 0.9081
96960.00000 0.9078
96970.00000 0.9075
96980.00000 0.9071
96990.00000 0.9068
97010.00000 0.9062
97020.00000 0.9058
97030.00000 0.9055
97050.00000 0.9049
97060.00000 0.9045
97070.00000 0.9042
97080.00000 0.9039
97090.00000 0.9035
97110.00000 0.9028
97130.00000 0.9021
97150.00000 0.9014
97160.00000 0.9011
97170.00000 0.9007
97180.00000 0.9004
97190.00000 0.9
97200.00000 0.8997
97210.00000 0.8993
97230.00000 0.8986
97240.00000 0.8982
97250.00000 0.8978
97260.00000 0.8975
97270.00000 0.8971
97280.00000 0.8967
97290.00000 0.8964
97310.00000 0.8956
97330.00000 0.8948
97350.00000 0.8941
97360.00000 0.8937
97370.00000 0.8933
97380.00000 0.8929
97390.00000 0.8925
97410.00000 0.8918
97420.00000 0.8914
97430.00000 0.891
97450.00000 0.8902
97460.00000 0.8898
97470.00000 0.8894
97480.00000 0.889
97490.00000 0.8886
97500.00000 0.8882
97510.00000 0.8878
97530.00000 0.887
97550.00000 0.8862
97560.00000 0.8857
97570.00000 0.8853
97580.00000 0.8849
97590.00000 0.8845
97610.00000 0.8837
97630.00000 0.8829
97650.00000 0.882
97660.00000 0.8816
97670.00000 0.8812
97680.00000 0.8808
97690.00000 0.8804
97700.00000 0.8799
97710.00000 0.8795
97720.00000 0.8791
97730.00000 0.8787
97750.00000 0.8778
97760.00000 0.8774
97770.00000 0.877
97780.00000 0.8765
97790.00000 0.8761
97810.00000 0.8753
97820.00000 0.8748
97830.00000 0.8744
97850.00000 0.8735
97860.00000 0.8731
97870.00000 0.8727
97880.00000 0.8722
97890.00000 0.8718
97900.00000 0.8714
97910.00000 0.8709
97930.00000 0.8701
97940.00000 0.8696
97950.00000 0.8692
97960.00000 0.8688
97970.00000 0.8683
97980.00000 0.8679
97990.00000 0.8675
98010.00000 0.8666
98030.00000 0.8657
98050.00000 0.8648
98060.00000 0.8644
98070.00000 0.864
98080.00000 0.8635
98090.00000 0.8631
98110.00000 0.8622
98130.00000 0.8614
98150.00000 0.8605
98160.00000 0.86
98170.00000 0.8596
98180.00000 0.8592
98190.00000 0.8587
98200.00000 0.8583
98210.00000 0.8579
98230.00000 0.857
98240.00000 0.8565
98250.00000 0.8561
98260.00000 0.8557
98270.00000 0.8552
98280.00000 0.8548
98290.00000 0.8544
98300.00000 0.8539
98310.00000 0.8535
98330.00000 0.8526
98350.00000 0.8518
98360.00000 0.8513
98370.00000 0.8509
98380.00000 0.8505
98390.00000 0.85
98410.00000 0.8492
98420.00000 0.8488
98430.00000 0.8483
98450.00000 0.8475
98460.00000 0.847
98470.00000 0.8466
98480.00000 0.8462
98490.00000 0.8458
98510.00000 0.8449
98530.00000 0.8441
98540.00000 0.8437
98550.00000 0.8432
98560.00000 0.8428
98570.00000 0.8424
98580.00000 0.842
98590.00000 0.8416
98610.00000 0.8407
98630.00000 0.8399
98640.00000 0.8395
98650.00000 0.8391
98660.00000 0.8387
98670.00000 0.8383
98680.00000 0.8379
98690.00000 0.8374
98710.00000 0.8366
98720.00000 0.8362
98730.00000 0.8358
98750.00000 0.835
98760.00000 0.8346
98770.00000 0.8342
98780.00000 0.8338
98790.00000 0.8334
98810.00000 0.8326
98830.00000 0.8319
98850.00000 0.8311
98860.00000 0.8307
98870.00000 0.8303
98880.00000 0.8299
98890.00000 0.8295
98900.00000 0.8292
98910.00000 0.8288
98930.00000 0.828
98940.00000 0.8276
98950.00000 0.8273
98960.00000 0.8269
98970.00000 0.8265
98980.00000 0.8262
98990.00000 0.8258
99010.00000 0.8251
99020.00000 0.8247
99030.00000 0.8243
99050.00000 0.8236
99060.00000 0.8233
99070.00000 0.8229
99080.00000 0.8226
99090.00000 0.8222
99110.00000 0.8215
99120.00000 0.8212
99130.00000 0.8208
99140.00000 0.8205
99150.00000 0.8201
99160.00000 0.8198
99170.00000 0.8195
99180.00000 0.8191
99190.00000 0.8188
99200.00000 0.8185
99210.00000 0.8181
99230.00000 0.8175
99250.00000 0.8169
99260.00000 0.8165
99270.00000 0.8162
99280.00000 0.8159
99290.00000 0.8156
99310.00000 0.815
99330.00000 0.8144
99340.00000 0.8141
99350.00000 0.8138
99360.00000 0.8135
99370.00000 0.8132
99380.00000 0.8129
99390.00000 0.8126
99410.00000 0.812
99420.00000 0.8118
99430.00000 0.8115
99450.00000 0.8109
99460.00000 0.8107
99470.00000 0.8104
99480.00000 0.8101
99490.00000 0.8099
99500.00000 0.8096
99510.00000 0.8093
99530.00000 0.8088
99550.00000 0.8083
99560.00000 0.8081
99570.00000 0.8078
99580.00000 0.8076
99590.00000 0.8073
99600.00000 0.8071
99610.00000 0.8069
99620.00000 0.8066
99630.00000 0.8064
99640.00000 0.8062
99650.00000 0.8059
99660.00000 0.8057
99670.00000 0.8055
99680.00000 0.8053
99690.00000 0.8051
99700.00000 0.8048
99710.00000 0.8046
99730.00000 0.8042
99740.00000 0.804
99750.00000 0.8038
99760.00000 0.8036
99770.00000 0.8034
99780.00000 0.8032
99790.00000 0.803
99810.00000 0.8026
99830.00000 0.8023
99850.00000 0.8019
99860.00000 0.8017
99870.00000 0.8016
99880.00000 0.8014
99890.00000 0.8012
99900.00000 0.801
99910.00000 0.8009
99930.00000 0.8006
99950.00000 0.8002
99960.00000 0.8001
99970.00000 0.7999
99980.00000 0.7998
99990.00000 0.7996
100000.00000 0.7995
100100.00000 0.7982
100200.00000 0.7971
100300.00000 0.7963
100400.00000 0.7957
100500.00000 0.7954
100600.00000 0.7953
100700.00000 0.7955
100800.00000 0.7959
100900.00000 0.7965
101000.00000 0.7974
101100.00000 0.7986
101200.00000 0.8
101300.00000 0.8016
101400.00000 0.8035
101500.00000 0.8057
101600.00000 0.8082
101700.00000 0.8109
101800.00000 0.8139
101900.00000 0.8172
102000.00000 0.8208
102100.00000 0.8248
102200.00000 0.829
102300.00000 0.8336
102400.00000 0.8386
102500.00000 0.8438
102600.00000 0.8495
102700.00000 0.8555
102800.00000 0.8618
102900.00000 0.8685
103000.00000 0.8754
103100.00000 0.8824
103200.00000 0.8895
103300.00000 0.8967
103400.00000 0.9038
103500.00000 0.9108
103600.00000 0.9176
103700.00000 0.9242
103800.00000 0.9305
103900.00000 0.9364
104000.00000 0.9419
104100.00000 0.9469
104200.00000 0.9513
104300.00000 0.9551
104400.00000 0.9583
104500.00000 0.961
104600.00000 0.9633
104700.00000 0.9651
104800.00000 0.9666
104900.00000 0.9678
105000.00000 0.9689
105100.00000 0.9698
105200.00000 0.9706
105300.00000 0.9713
105400.00000 0.9721
105500.00000 0.9727
105600.00000 0.973
105700.00000 0.9731
105800.00000 0.9727
105900.00000 0.9719
106000.00000 0.9705
106100.00000 0.9684
106200.00000 0.9656
106300.00000 0.962
106400.00000 0.9576
106500.00000 0.9527
106600.00000 0.9473
106700.00000 0.9415
106800.00000 0.9354
106900.00000 0.9292
107000.00000 0.9229
107100.00000 0.9167
107200.00000 0.9106
107300.00000 0.9048
107400.00000 0.8993
107500.00000 0.8943
107600.00000 0.8896
107700.00000 0.8853
107800.00000 0.8812
107900.00000 0.8775
108000.00000 0.8741
108100.00000 0.871
108200.00000 0.8682
108300.00000 0.8656
108400.00000 0.8632
108500.00000 0.861
108600.00000 0.859
108700.00000 0.8571
108800.00000 0.8554
108900.00000 0.8539
109000.00000 0.8524
109100.00000 0.851
109200.00000 0.8497
109300.00000 0.8485
109400.00000 0.8473
109500.00000 0.8461
109600.00000 0.845
109700.00000 0.844
109800.00000 0.843
109900.00000 0.8421
110000.00000 0.8413
110100.00000 0.8406
110200.00000 0.84
110300.00000 0.8394
110400.00000 0.839
110500.00000 0.8386
110600.00000 0.8384
110700.00000 0.8383
110800.00000 0.8383
110900.00000 0.8384
111000.00000 0.8387
111100.00000 0.8391
111200.00000 0.8397
111300.00000 0.8403
111400.00000 0.8412
111500.00000 0.842
111600.00000 0.843
111700.00000 0.844
111800.00000 0.845
111900.00000 0.846
112000.00000 0.8469
112100.00000 0.8478
112200.00000 0.8485
112300.00000 0.8492
112400.00000 0.8497
112500.00000 0.8501
112600.00000 0.8502
112700.00000 0.8502
112800.00000 0.8499
112900.00000 0.8494
113000.00000 0.8489
113100.00000 0.8483
113200.00000 0.8479
113300.00000 0.8476
113400.00000 0.8475
113500.00000 0.8478
113600.00000 0.8483
113700.00000 0.8491
113800.00000 0.8502
113900.00000 0.8513
114000.00000 0.8526
114100.00000 0.854
114200.00000 0.8554
114300.00000 0.8568
114400.00000 0.8581
114500.00000 0.8593
114600.00000 0.8605
114700.00000 0.8616
114800.00000 0.8627
114900.00000 0.8638
115000.00000 0.8649
115100.00000 0.8661
115200.00000 0.8673
115300.00000 0.8687
115400.00000 0.8701
115500.00000 0.8717
115600.00000 0.8734
115700.00000 0.8753
115800.00000 0.8774
115900.00000 0.8797
116000.00000 0.8821
116100.00000 0.8847
116200.00000 0.8873
116300.00000 0.8901
116400.00000 0.8929
116500.00000 0.8958
116600.00000 0.8986
116700.00000 0.9016
116800.00000 0.9044
116900.00000 0.9073
117000.00000 0.9101
117100.00000 0.9129
117200.00000 0.9155
117300.00000 0.9181
117400.00000 0.9205
117500.00000 0.9228
117600.00000 0.9249
117700.00000 0.9269
117800.00000 0.9286
117900.00000 0.9301
118000.00000 0.9314
118100.00000 0.9324
118200.00000 0.9331
118300.00000 0.9336
118400.00000 0.9337
118500.00000 0.9335
118600.00000 0.933
118700.00000 0.9323
118800.00000 0.9313
118900.00000 0.93
119000.00000 0.9285
119100.00000 0.9267
119200.00000 0.9248
119300.00000 0.9227
119400.00000 0.9204
119500.00000 0.9179
119600.00000 0.9153
119700.00000 0.9125
119800.00000 0.9097
119900.00000 0.9067
120000.00000 0.9036
120100.00000 0.9004
120200.00000 0.8972
120300.00000 0.8939
120400.00000 0.8906
120500.00000 0.8873
120600.00000 0.8839
120700.00000 0.8806
120800.00000 0.8773
120900.00000 0.874
121000.00000 0.8707
121100.00000 0.8675
121200.00000 0.8644
121300.00000 0.8613
121400.00000 0.8584
121500.00000 0.8555
121600.00000 0.8528
121700.00000 0.8502
121800.00000 0.8478
121900.00000 0.8455
122000.00000 0.8435
122100.00000 0.8416
122200.00000 0.8399
122300.00000 0.8385
122400.00000 0.8373
122500.00000 0.8363
122600.00000 0.8356
122700.00000 0.8353
122800.00000 0.8352
122900.00000 0.8354
123000.00000 0.8359
123100.00000 0.8366
123200.00000 0.8375
123300.00000 0.8387
123400.00000 0.84
123500.00000 0.8414
123600.00000 0.843
123700.00000 0.8446
123800.00000 0.8463
123900.00000 0.8481
124000.00000 0.8498
124100.00000 0.8516
124200.00000 0.8532
124300.00000 0.8548
124400.00000 0.8564
124500.00000 0.8579
124600.00000 0.8593
124700.00000 0.8608
124800.00000 0.8623
124900.00000 0.8638
125000.00000 0.8654
125100.00000 0.867
125200.00000 0.8688
125300.00000 0.8708
125400.00000 0.8728
125500.00000 0.8751
125600.00000 0.8776
125700.00000 0.8803
125800.00000 0.8833
125900.00000 0.8866
126000.00000 0.8902
126100.00000 0.8941
126200.00000 0.8984
126300.00000 0.903
126400.00000 0.9077
126500.00000 0.9117
126600.00000 0.9143
126700.00000 0.9152
126800.00000 0.915
126900.00000 0.9142
127000.00000 0.9135
127100.00000 0.913
127200.00000 0.9127
127300.00000 0.9126
127400.00000 0.9126
127500.00000 0.9127
127600.00000 0.9127
127700.00000 0.9127
127800.00000 0.9126
127900.00000 0.9123
128000.00000 0.9118
128100.00000 0.9111
128200.00000 0.9099
128300.00000 0.9085
128400.00000 0.9067
128500.00000 0.9046
128600.00000 0.9023
128700.00000 0.8999
128800.00000 0.8973
128900.00000 0.8947
129000.00000 0.8921
129100.00000 0.8895
129200.00000 0.887
129300.00000 0.8846
129400.00000 0.8824
129500.00000 0.8804
129600.00000 0.8786
129700.00000 0.8769
129800.00000 0.8755
129900.00000 0.8742
130000.00000 0.873
130100.00000 0.872
130200.00000 0.8712
130300.00000 0.8705
130400.00000 0.8699
130500.00000 0.8694
130600.00000 0.869
130700.00000 0.8688
130800.00000 0.8686
130900.00000 0.8686
131000.00000 0.8686
131100.00000 0.8687
131200.00000 0.8688
131300.00000 0.8691
131400.00000 0.8694
131500.00000 0.8698
131600.00000 0.8703
131700.00000 0.871
131800.00000 0.8718
131900.00000 0.8727
132000.00000 0.8738
132100.00000 0.875
132200.00000 0.8765
132300.00000 0.8781
132400.00000 0.88
132500.00000 0.882
132600.00000 0.8843
132700.00000 0.8868
132800.00000 0.8895
132900.00000 0.8923
133000.00000 0.8951
133100.00000 0.8979
133200.00000 0.9006
133300.00000 0.903
133400.00000 0.9053
133500.00000 0.9072
133600.00000 0.9088
133700.00000 0.9102
133800.00000 0.9113
133900.00000 0.9123
134000.00000 0.913
134100.00000 0.9135
134200.00000 0.9139
134300.00000 0.9142
134400.00000 0.9143
134500.00000 0.9144
134600.00000 0.9144
134700.00000 0.9143
134800.00000 0.9143
134900.00000 0.9142
135000.00000 0.9141
135100.00000 0.9141
135200.00000 0.914
135300.00000 0.914
135400.00000 0.9139
135500.00000 0.9138
135600.00000 0.9136
135700.00000 0.9134
135800.00000 0.9131
135900.00000 0.9127
136000.00000 0.9123
136100.00000 0.9118
136200.00000 0.9111
136300.00000 0.9104
136400.00000 0.9095
136500.00000 0.9085
136600.00000 0.9074
136700.00000 0.9061
136800.00000 0.9046
136900.00000 0.9031
137000.00000 0.9015
137100.00000 0.8997
137200.00000 0.8979
137300.00000 0.896
137400.00000 0.8941
137500.00000 0.8921
137600.00000 0.8901
137700.00000 0.8881
137800.00000 0.886
137900.00000 0.884
138000.00000 0.882
138100.00000 0.88
138200.00000 0.878
138300.00000 0.8762
138400.00000 0.8743
138500.00000 0.8726
138600.00000 0.8709
138700.00000 0.8693
138800.00000 0.8679
138900.00000 0.8665
139000.00000 0.8653
139100.00000 0.8642
139200.00000 0.8631
139300.00000 0.8621
139400.00000 0.8612
139500.00000 0.8603
139600.00000 0.8595
139700.00000 0.8587
139800.00000 0.858
139900.00000 0.8573
140000.00000 0.8566
140100.00000 0.8559
140200.00000 0.8552
140300.00000 0.8545
140400.00000 0.8538
140500.00000 0.853
140600.00000 0.8522
140700.00000 0.8514
140800.00000 0.8505
140900.00000 0.8495
141000.00000 0.8484
141100.00000 0.8472
141200.00000 0.8458
141300.00000 0.8443
141400.00000 0.8427
141500.00000 0.8409
141600.00000 0.8388
141700.00000 0.8367
141800.00000 0.8344
141900.00000 0.832
142000.00000 0.8295
142100.00000 0.8271
142200.00000 0.8246
142300.00000 0.8221
142400.00000 0.8196
142500.00000 0.8173
142600.00000 0.815
142700.00000 0.8129
142800.00000 0.8109
142900.00000 0.8092
143000.00000 0.8076
143100.00000 0.8063
143200.00000 0.8053
143300.00000 0.8045
143400.00000 0.804
143500.00000 0.8036
143600.00000 0.8033
143700.00000 0.803
143800.00000 0.8026
143900.00000 0.8022
144000.00000 0.8016
144100.00000 0.8008
144200.00000 0.7998
144300.00000 0.7986
144400.00000 0.7973
144500.00000 0.7959
144600.00000 0.7945
144700.00000 0.7929
144800.00000 0.7914
144900.00000 0.79
145000.00000 0.7885
145100.00000 0.7872
145200.00000 0.786
145300.00000 0.7849
145400.00000 0.784
145500.00000 0.7832
145600.00000 0.7825
145700.00000 0.782
145800.00000 0.7815
145900.00000 0.7812
146000.00000 0.781
146100.00000 0.7808
146200.00000 0.7808
146300.00000 0.7809
146400.00000 0.781
146500.00000 0.7813
146600.00000 0.7816
146700.00000 0.782
146800.00000 0.7824
146900.00000 0.7829
147000.00000 0.7835
147100.00000 0.7841
147200.00000 0.7847
147300.00000 0.7853
147400.00000 0.7859
147500.00000 0.7864
147600.00000 0.7869
147700.00000 0.7873
147800.00000 0.7876
147900.00000 0.7878
148000.00000 0.7879
148100.00000 0.7878
