threeML/data/optical_filters/Keck/LWS-f_2450.ecsv
# %ECSV 0.9
# ---
# datatype:
# - {name: wavelength, unit: Angstrom, datatype: float32}
# - {name: response, datatype: float32}
# meta: !!omap
# - {band_name: f_2450}
# - {group_name: LWS}
wavelength response
[from data line 731]
241820.00000 0.330858
241830.00000 0.332739
241840.00000 0.334616
241850.00000 0.336497
241860.00000 0.338382
241870.00000 0.340272
241880.00000 0.342166
241890.00000 0.344063
241900.00000 0.345963
241910.00000 0.347865
241920.00000 0.349769
241930.00000 0.351675
241940.00000 0.353581
241950.00000 0.355488
241960.00000 0.357395
241970.00000 0.3593
241980.00000 0.361205
241990.00000 0.363108
242000.00000 0.365009
242010.00000 0.366907
242020.00000 0.368802
242030.00000 0.370693
242040.00000 0.37258
242050.00000 0.374462
242060.00000 0.376339
242070.00000 0.378211
242080.00000 0.380076
242090.00000 0.381934
242100.00000 0.383785
242110.00000 0.385628
242120.00000 0.387463
242130.00000 0.38929
242140.00000 0.391111
242150.00000 0.392932
242160.00000 0.394753
242170.00000 0.396572
242180.00000 0.398391
242190.00000 0.400207
242200.00000 0.402022
242210.00000 0.403833
242220.00000 0.405641
242230.00000 0.407444
242240.00000 0.409244
242250.00000 0.411038
242260.00000 0.412827
242270.00000 0.41461
242280.00000 0.416387
242290.00000 0.418156
242300.00000 0.419919
242310.00000 0.421673
242320.00000 0.423419
242330.00000 0.425156
242340.00000 0.426883
242350.00000 0.428601
242360.00000 0.430308
242370.00000 0.432004
242380.00000 0.433689
242390.00000 0.435362
242400.00000 0.437022
242410.00000 0.438669
242420.00000 0.440304
242430.00000 0.441925
242440.00000 0.44354
242450.00000 0.445149
242460.00000 0.446751
242470.00000 0.448346
242480.00000 0.449935
242490.00000 0.451515
242500.00000 0.453087
242510.00000 0.454651
242520.00000 0.456206
242530.00000 0.457753
242540.00000 0.459289
242550.00000 0.460816
242560.00000 0.462332
242570.00000 0.463838
242580.00000 0.465333
242590.00000 0.466817
242600.00000 0.468289
242610.00000 0.469749
242620.00000 0.471196
242630.00000 0.472631
242640.00000 0.474052
242650.00000 0.47546
242660.00000 0.476855
242670.00000 0.478235
242680.00000 0.4796
242690.00000 0.48095
242700.00000 0.482285
242710.00000 0.483604
242720.00000 0.484908
242730.00000 0.486198
242740.00000 0.487477
242750.00000 0.488744
242760.00000 0.489999
242770.00000 0.491243
242780.00000 0.492474
242790.00000 0.493693
242800.00000 0.4949
242810.00000 0.496094
242820.00000 0.497276
242830.00000 0.498445
242840.00000 0.499601
242850.00000 0.500744
242860.00000 0.501873
242870.00000 0.502989
242880.00000 0.504092
242890.00000 0.505182
242900.00000 0.506257
242910.00000 0.507319
242920.00000 0.508366
242930.00000 0.509399
242940.00000 0.510418
242950.00000 0.511422
242960.00000 0.512412
242970.00000 0.513387
242980.00000 0.514347
242990.00000 0.515292
243000.00000 0.516222
243010.00000 0.517136
243020.00000 0.518035
243030.00000 0.518919
243040.00000 0.519787
243050.00000 0.520641
243060.00000 0.52148
243070.00000 0.522304
243080.00000 0.523113
243090.00000 0.523907
243100.00000 0.524688
243110.00000 0.525454
243120.00000 0.526206
243130.00000 0.526944
243140.00000 0.527668
243150.00000 0.528379
243160.00000 0.529076
243170.00000 0.52976
243180.00000 0.53043
243190.00000 0.531087
243200.00000 0.531731
243210.00000 0.532362
243220.00000 0.532981
243230.00000 0.533587
243240.00000 0.53418
243250.00000 0.534761
243260.00000 0.53533
243270.00000 0.535886
243280.00000 0.536431
243290.00000 0.536964
243300.00000 0.537485
243310.00000 0.537994
243320.00000 0.538489
243330.00000 0.53897
243340.00000 0.539435
243350.00000 0.539886
243360.00000 0.540322
243370.00000 0.540744
243380.00000 0.541152
243390.00000 0.541547
243400.00000 0.541928
243410.00000 0.542297
243420.00000 0.542653
243430.00000 0.542996
243440.00000 0.543328
243450.00000 0.543648
243460.00000 0.543956
243470.00000 0.544253
243480.00000 0.544539
243490.00000 0.544815
243500.00000 0.54508
243510.00000 0.545336
243520.00000 0.545582
243530.00000 0.545818
243540.00000 0.546045
243550.00000 0.546263
243560.00000 0.546473
243570.00000 0.546674
243580.00000 0.546868
243590.00000 0.547054
243600.00000 0.547232
243610.00000 0.547403
243620.00000 0.547561
243630.00000 0.547706
243640.00000 0.547838
243650.00000 0.547958
243660.00000 0.548065
243670.00000 0.548162
243680.00000 0.548247
243690.00000 0.548321
243700.00000 0.548385
243710.00000 0.548439
243720.00000 0.548483
243730.00000 0.548519
243740.00000 0.548545
243750.00000 0.548564
243760.00000 0.548574
243770.00000 0.548577
243780.00000 0.548573
243790.00000 0.548562
243800.00000 0.548544
243810.00000 0.548521
243820.00000 0.548493
243830.00000 0.548459
243840.00000 0.54842
243850.00000 0.548378
243860.00000 0.548331
243870.00000 0.548281
243880.00000 0.548228
243890.00000 0.548172
243900.00000 0.548114
243910.00000 0.548052
243920.00000 0.547981
243930.00000 0.547901
243940.00000 0.547813
243950.00000 0.547716
243960.00000 0.547612
243970.00000 0.547501
243980.00000 0.547383
243990.00000 0.547258
244000.00000 0.547127
244010.00000 0.546991
244020.00000 0.546849
244030.00000 0.546701
244040.00000 0.54655
244050.00000 0.546393
244060.00000 0.546234
244070.00000 0.54607
244080.00000 0.545903
244090.00000 0.545733
244100.00000 0.545561
244110.00000 0.545387
244120.00000 0.545211
244130.00000 0.545034
244140.00000 0.544856
244150.00000 0.544677
244160.00000 0.544498
244170.00000 0.544319
244180.00000 0.544141
244190.00000 0.543964
244200.00000 0.543787
244210.00000 0.54361
244220.00000 0.543427
244230.00000 0.543239
244240.00000 0.543047
244250.00000 0.542851
244260.00000 0.542651
244270.00000 0.542448
244280.00000 0.542242
244290.00000 0.542033
244300.00000 0.541822
244310.00000 0.541609
244320.00000 0.541394
244330.00000 0.541178
244340.00000 0.540961
244350.00000 0.540743
244360.00000 0.540524
244370.00000 0.540306
244380.00000 0.540088
244390.00000 0.539871
244400.00000 0.539654
244410.00000 0.539439
244420.00000 0.539226
244430.00000 0.539014
244440.00000 0.538805
244450.00000 0.538599
244460.00000 0.538395
244470.00000 0.538195
244480.00000 0.537998
244490.00000 0.537806
244500.00000 0.537617
244510.00000 0.53743
244520.00000 0.537243
244530.00000 0.537056
244540.00000 0.536869
244550.00000 0.536682
244560.00000 0.536496
244570.00000 0.53631
244580.00000 0.536126
244590.00000 0.535942
244600.00000 0.535759
244610.00000 0.535578
244620.00000 0.535398
244630.00000 0.53522
244640.00000 0.535043
244650.00000 0.534869
244660.00000 0.534696
244670.00000 0.534526
244680.00000 0.534358
244690.00000 0.534193
244700.00000 0.534031
244710.00000 0.533872
244720.00000 0.533716
244730.00000 0.533563
244740.00000 0.533413
244750.00000 0.533267
244760.00000 0.533125
244770.00000 0.532987
244780.00000 0.532853
244790.00000 0.532723
244800.00000 0.532597
244810.00000 0.532474
244820.00000 0.532354
244830.00000 0.532235
244840.00000 0.532118
244850.00000 0.532003
244860.00000 0.531891
244870.00000 0.531781
244880.00000 0.531673
244890.00000 0.531569
244900.00000 0.531467
244910.00000 0.531368
244920.00000 0.531272
244930.00000 0.531179
244940.00000 0.53109
244950.00000 0.531004
244960.00000 0.530921
244970.00000 0.530842
244980.00000 0.530767
244990.00000 0.530696
245000.00000 0.530629
245010.00000 0.530566
245020.00000 0.530507
245030.00000 0.530452
245040.00000 0.530402
245050.00000 0.530356
245060.00000 0.530316
245070.00000 0.530279
245080.00000 0.530248
245090.00000 0.530222
245100.00000 0.530201
245110.00000 0.530185
245120.00000 0.530173
245130.00000 0.530165
245140.00000 0.530162
245150.00000 0.530163
245160.00000 0.530168
245170.00000 0.530177
245180.00000 0.53019
245190.00000 0.530208
245200.00000 0.530229
245210.00000 0.530255
245220.00000 0.530285
245230.00000 0.530318
245240.00000 0.530356
245250.00000 0.530397
245260.00000 0.530443
245270.00000 0.530492
245280.00000 0.530545
245290.00000 0.530602
245300.00000 0.530663
245310.00000 0.530728
245320.00000 0.530796
245330.00000 0.530868
245340.00000 0.530944
245350.00000 0.531023
245360.00000 0.531106
245370.00000 0.531193
245380.00000 0.531283
245390.00000 0.531376
245400.00000 0.531473
245410.00000 0.531574
245420.00000 0.53168
245430.00000 0.53179
245440.00000 0.531903
245450.00000 0.532022
245460.00000 0.532143
245470.00000 0.53227
245480.00000 0.5324
245490.00000 0.532533
245500.00000 0.532671
245510.00000 0.532813
245520.00000 0.532957
245530.00000 0.533106
245540.00000 0.533258
245550.00000 0.533414
245560.00000 0.533573
245570.00000 0.533736
245580.00000 0.533902
245590.00000 0.534071
245600.00000 0.534243
245610.00000 0.534419
245620.00000 0.534597
245630.00000 0.534778
245640.00000 0.534963
245650.00000 0.53515
245660.00000 0.53534
245670.00000 0.535533
245680.00000 0.535728
245690.00000 0.535926
245700.00000 0.536127
245710.00000 0.536331
245720.00000 0.536541
245730.00000 0.536756
245740.00000 0.536976
245750.00000 0.537201
245760.00000 0.53743
245770.00000 0.537663
245780.00000 0.5379
245790.00000 0.538141
245800.00000 0.538385
245810.00000 0.538632
245820.00000 0.538882
245830.00000 0.539134
245840.00000 0.539389
245850.00000 0.539646
245860.00000 0.539905
245870.00000 0.540166
245880.00000 0.540428
245890.00000 0.540691
245900.00000 0.540955
245910.00000 0.541219
245920.00000 0.541484
245930.00000 0.541749
245940.00000 0.542014
245950.00000 0.542279
245960.00000 0.542543
245970.00000 0.542806
245980.00000 0.543067
245990.00000 0.543328
246000.00000 0.543586
246010.00000 0.543845
246020.00000 0.544107
246030.00000 0.544372
246040.00000 0.54464
246050.00000 0.544911
246060.00000 0.545184
246070.00000 0.545458
246080.00000 0.545735
246090.00000 0.546013
246100.00000 0.546291
246110.00000 0.546571
246120.00000 0.54685
246130.00000 0.54713
246140.00000 0.54741
246150.00000 0.547689
246160.00000 0.547967
246170.00000 0.548243
246180.00000 0.548519
246190.00000 0.548792
246200.00000 0.549063
246210.00000 0.549332
246220.00000 0.549598
246230.00000 0.549861
246240.00000 0.55012
246250.00000 0.550376
246260.00000 0.550627
246270.00000 0.550875
246280.00000 0.551117
246290.00000 0.551354
246300.00000 0.551587
246310.00000 0.551814
246320.00000 0.552042
246330.00000 0.552271
246340.00000 0.552501
246350.00000 0.552732
246360.00000 0.552962
246370.00000 0.553192
246380.00000 0.553421
246390.00000 0.553649
246400.00000 0.553874
246410.00000 0.554098
246420.00000 0.554318
246430.00000 0.554536
246440.00000 0.55475
246450.00000 0.554959
246460.00000 0.555164
246470.00000 0.555364
246480.00000 0.555559
246490.00000 0.555747
246500.00000 0.55593
246510.00000 0.556105
246520.00000 0.556273
246530.00000 0.556434
246540.00000 0.556586
246550.00000 0.556729
246560.00000 0.556864
246570.00000 0.556989
246580.00000 0.557104
246590.00000 0.557209
246600.00000 0.557303
246610.00000 0.557385
246620.00000 0.557461
246630.00000 0.557533
246640.00000 0.557602
246650.00000 0.557666
246660.00000 0.557726
246670.00000 0.557781
246680.00000 0.55783
246690.00000 0.557873
246700.00000 0.55791
246710.00000 0.55794
246720.00000 0.557963
246730.00000 0.557979
246740.00000 0.557987
246750.00000 0.557986
246760.00000 0.557976
246770.00000 0.557958
246780.00000 0.55793
246790.00000 0.557891
246800.00000 0.557843
246810.00000 0.557784
246820.00000 0.557713
246830.00000 0.557631
246840.00000 0.557537
246850.00000 0.557431
246860.00000 0.557311
246870.00000 0.557179
246880.00000 0.557032
246890.00000 0.556872
246900.00000 0.556698
246910.00000 0.556508
246920.00000 0.556305
246930.00000 0.556093
246940.00000 0.555873
246950.00000 0.555644
246960.00000 0.555406
246970.00000 0.555158
246980.00000 0.554901
246990.00000 0.554633
247000.00000 0.554355
247010.00000 0.554067
247020.00000 0.553767
247030.00000 0.553456
247040.00000 0.553133
247050.00000 0.552799
247060.00000 0.552452
247070.00000 0.552092
247080.00000 0.551719
247090.00000 0.551333
247100.00000 0.550934
247110.00000 0.55052
247120.00000 0.550092
247130.00000 0.54965
247140.00000 0.549193
247150.00000 0.54872
247160.00000 0.548232
247170.00000 0.547728
247180.00000 0.547208
247190.00000 0.546671
247200.00000 0.546117
247210.00000 0.545547
247220.00000 0.544958
247230.00000 0.544355
247240.00000 0.543737
247250.00000 0.543104
247260.00000 0.542458
247270.00000 0.541797
247280.00000 0.541121
247290.00000 0.540431
247300.00000 0.539727
247310.00000 0.539009
247320.00000 0.538276
247330.00000 0.537529
247340.00000 0.536767
247350.00000 0.535991
247360.00000 0.5352
247370.00000 0.534395
247380.00000 0.533575
247390.00000 0.532741
247400.00000 0.531892
247410.00000 0.531029
247420.00000 0.530151
247430.00000 0.529259
247440.00000 0.528352
247450.00000 0.527431
247460.00000 0.526494
247470.00000 0.525544
247480.00000 0.524578
247490.00000 0.523598
247500.00000 0.522603
247510.00000 0.521594
247520.00000 0.52057
247530.00000 0.519531
247540.00000 0.518474
247550.00000 0.5174
247560.00000 0.516309
247570.00000 0.515201
247580.00000 0.514076
247590.00000 0.512936
247600.00000 0.51178
247610.00000 0.510608
247620.00000 0.509422
247630.00000 0.50822
247640.00000 0.507005
247650.00000 0.505775
247660.00000 0.504532
247670.00000 0.503275
247680.00000 0.502005
247690.00000 0.500722
247700.00000 0.499427
247710.00000 0.49812
247720.00000 0.496801
247730.00000 0.495471
247740.00000 0.49413
247750.00000 0.492778
247760.00000 0.491415
247770.00000 0.490043
247780.00000 0.488661
247790.00000 0.487269
247800.00000 0.485869
247810.00000 0.484459
247820.00000 0.483042
247830.00000 0.481616
247840.00000 0.480179
247850.00000 0.478726
247860.00000 0.477256
247870.00000 0.475771
247880.00000 0.474271
247890.00000 0.472757
247900.00000 0.471229
247910.00000 0.469688
247920.00000 0.468134
247930.00000 0.466569
247940.00000 0.464993
247950.00000 0.463405
247960.00000 0.461808
247970.00000 0.460201
247980.00000 0.458586
247990.00000 0.456962
248000.00000 0.455331
248010.00000 0.453692
248020.00000 0.452047
248030.00000 0.450396
248040.00000 0.44874
248050.00000 0.44708
248060.00000 0.445415
248070.00000 0.443747
248080.00000 0.442076
248090.00000 0.440403
248100.00000 0.438728
248110.00000 0.437052
248120.00000 0.435376
248130.00000 0.433699
248140.00000 0.432024
248150.00000 0.430343
248160.00000 0.428651
248170.00000 0.42695
248180.00000 0.425241
248190.00000 0.423522
248200.00000 0.421797
248210.00000 0.420063
248220.00000 0.418324
248230.00000 0.416578
248240.00000 0.414827
248250.00000 0.413071
248260.00000 0.41131
248270.00000 0.409546
248280.00000 0.407778
248290.00000 0.406008
248300.00000 0.404236
248310.00000 0.402462
248320.00000 0.400687
248330.00000 0.398912
248340.00000 0.397137
248350.00000 0.395362
248360.00000 0.393589
248370.00000 0.391818
248380.00000 0.390049
248390.00000 0.388284
248400.00000 0.386522
248410.00000 0.384763
248420.00000 0.38301
248430.00000 0.381262
248440.00000 0.37952
248450.00000 0.377783
248460.00000 0.376047
248470.00000 0.37431
248480.00000 0.372571
248490.00000 0.370832
248500.00000 0.369092
248510.00000 0.367351
248520.00000 0.36561
248530.00000 0.36387
248540.00000 0.362129
248550.00000 0.36039
248560.00000 0.358651
248570.00000 0.356914
248580.00000 0.355178
248590.00000 0.353444
248600.00000 0.351713
248610.00000 0.349983
248620.00000 0.348256
248630.00000 0.346532
248640.00000 0.344811
248650.00000 0.343093
248660.00000 0.34138
248670.00000 0.33967
248680.00000 0.337964
248690.00000 0.336263
248700.00000 0.334567
248710.00000 0.332875
248720.00000 0.331189
248730.00000 0.329509
248740.00000 0.327834
248750.00000 0.326166
248760.00000 0.324504
248770.00000 0.322846
248780.00000 0.321193
248790.00000 0.319543
248800.00000 0.317898
248810.00000 0.316257
248820.00000 0.31462
248830.00000 0.312986
248840.00000 0.311357
248850.00000 0.309731
248860.00000 0.30811
248870.00000 0.306492
248880.00000 0.304878
248890.00000 0.303267
248900.00000 0.30166
248910.00000 0.300056
248920.00000 0.298457
248930.00000 0.29686
248940.00000 0.295267
248950.00000 0.293677
248960.00000 0.292091
248970.00000 0.290508
248980.00000 0.288928
248990.00000 0.287352
249000.00000 0.285778
249010.00000 0.284208
249020.00000 0.282641
249030.00000 0.281077
249040.00000 0.279515
249050.00000 0.277957
249060.00000 0.276402
249070.00000 0.274849
249080.00000 0.273301
249090.00000 0.271757
249100.00000 0.270217
249110.00000 0.268681
