threeML/data/optical_filters/Keck/LWS-SiC.ecsv
# %ECSV 0.9
# ---
# datatype:
# - {name: wavelength, unit: Angstrom, datatype: float32}
# - {name: response, datatype: float32}
# meta: !!omap
# - {band_name: SiC}
# - {group_name: LWS}
wavelength response
[from data line 716]
106440.00000 0.448116
106450.00000 0.449163
106460.00000 0.450203
106470.00000 0.451236
106480.00000 0.452264
106490.00000 0.453289
106500.00000 0.454313
106510.00000 0.455332
106520.00000 0.456347
106530.00000 0.45736
106540.00000 0.458372
106550.00000 0.459387
106560.00000 0.460404
106570.00000 0.461421
106580.00000 0.462439
106590.00000 0.463458
106600.00000 0.464481
106610.00000 0.465509
106620.00000 0.466541
106630.00000 0.467577
106640.00000 0.468616
106650.00000 0.469659
106660.00000 0.470705
106670.00000 0.471754
106680.00000 0.472809
106690.00000 0.473868
106700.00000 0.47493
106710.00000 0.475991
106720.00000 0.47705
106730.00000 0.478106
106740.00000 0.479163
106750.00000 0.48022
106760.00000 0.481274
106770.00000 0.482322
106780.00000 0.483362
106790.00000 0.484393
106800.00000 0.48542
106810.00000 0.486441
106820.00000 0.487454
106830.00000 0.488458
106840.00000 0.489451
106850.00000 0.490434
106860.00000 0.491407
106870.00000 0.492372
106880.00000 0.49333
106890.00000 0.494283
106900.00000 0.49523
106910.00000 0.496169
106920.00000 0.497101
106930.00000 0.498028
106940.00000 0.498953
106950.00000 0.499879
106960.00000 0.500805
106970.00000 0.501727
106980.00000 0.502648
106990.00000 0.50357
107000.00000 0.504495
107010.00000 0.505424
107020.00000 0.506358
107030.00000 0.507295
107040.00000 0.508234
107050.00000 0.509176
107060.00000 0.51012
107070.00000 0.511067
107080.00000 0.512016
107090.00000 0.512969
107100.00000 0.513924
107110.00000 0.514879
107120.00000 0.515834
107130.00000 0.516787
107140.00000 0.517742
107150.00000 0.518697
107160.00000 0.519651
107170.00000 0.520603
107180.00000 0.521551
107190.00000 0.522496
107200.00000 0.523438
107210.00000 0.524378
107220.00000 0.525315
107230.00000 0.52625
107240.00000 0.527182
107250.00000 0.528111
107260.00000 0.529038
107270.00000 0.529962
107280.00000 0.530884
107290.00000 0.531806
107300.00000 0.532727
107310.00000 0.533646
107320.00000 0.534563
107330.00000 0.53548
107340.00000 0.536397
107350.00000 0.537315
107360.00000 0.538235
107370.00000 0.539155
107380.00000 0.540076
107390.00000 0.540997
107400.00000 0.541919
107410.00000 0.542843
107420.00000 0.543767
107430.00000 0.544694
107440.00000 0.545621
107450.00000 0.546548
107460.00000 0.547476
107470.00000 0.548404
107480.00000 0.549331
107490.00000 0.55026
107500.00000 0.551189
107510.00000 0.552117
107520.00000 0.553044
107530.00000 0.553968
107540.00000 0.554892
107550.00000 0.555814
107560.00000 0.556734
107570.00000 0.557653
107580.00000 0.55857
107590.00000 0.559484
107600.00000 0.560397
107610.00000 0.561307
107620.00000 0.562216
107630.00000 0.563122
107640.00000 0.564026
107650.00000 0.564927
107660.00000 0.565827
107670.00000 0.566725
107680.00000 0.56762
107690.00000 0.568512
107700.00000 0.569402
107710.00000 0.570289
107720.00000 0.571174
107730.00000 0.572057
107740.00000 0.572936
107750.00000 0.57381
107760.00000 0.574678
107770.00000 0.575542
107780.00000 0.576402
107790.00000 0.577256
107800.00000 0.578105
107810.00000 0.578945
107820.00000 0.579777
107830.00000 0.580601
107840.00000 0.581417
107850.00000 0.582226
107860.00000 0.583028
107870.00000 0.583821
107880.00000 0.584606
107890.00000 0.585382
107900.00000 0.586148
107910.00000 0.586909
107920.00000 0.587664
107930.00000 0.588416
107940.00000 0.589166
107950.00000 0.589908
107960.00000 0.590646
107970.00000 0.591381
107980.00000 0.592117
107990.00000 0.592857
108000.00000 0.593599
108010.00000 0.594341
108020.00000 0.595084
108030.00000 0.59583
108040.00000 0.596578
108050.00000 0.59733
108060.00000 0.598087
108070.00000 0.598849
108080.00000 0.599613
108090.00000 0.600379
108100.00000 0.601144
108110.00000 0.601909
108120.00000 0.602675
108130.00000 0.603444
108140.00000 0.604212
108150.00000 0.604978
108160.00000 0.605738
108170.00000 0.606491
108180.00000 0.607239
108190.00000 0.607984
108200.00000 0.608724
108210.00000 0.609458
108220.00000 0.610184
108230.00000 0.610901
108240.00000 0.611611
108250.00000 0.612313
108260.00000 0.613009
108270.00000 0.613698
108280.00000 0.61438
108290.00000 0.615057
108300.00000 0.615725
108310.00000 0.616386
108320.00000 0.617042
108330.00000 0.617693
108340.00000 0.61834
108350.00000 0.618985
108360.00000 0.619624
108370.00000 0.62026
108380.00000 0.620891
108390.00000 0.621518
108400.00000 0.622142
108410.00000 0.622762
108420.00000 0.623379
108430.00000 0.623992
108440.00000 0.6246
108450.00000 0.625203
108460.00000 0.625801
108470.00000 0.626394
108480.00000 0.626982
108490.00000 0.627566
108500.00000 0.628143
108510.00000 0.628713
108520.00000 0.629276
108530.00000 0.62983
108540.00000 0.630378
108550.00000 0.630918
108560.00000 0.631452
108570.00000 0.63198
108580.00000 0.632502
108590.00000 0.633017
108600.00000 0.633525
108610.00000 0.634027
108620.00000 0.634525
108630.00000 0.63502
108640.00000 0.635514
108650.00000 0.636002
108660.00000 0.636486
108670.00000 0.636967
108680.00000 0.637448
108690.00000 0.637929
108700.00000 0.638413
108710.00000 0.638897
108720.00000 0.63938
108730.00000 0.639864
108740.00000 0.64035
108750.00000 0.640838
108760.00000 0.641329
108770.00000 0.641821
108780.00000 0.642315
108790.00000 0.642811
108800.00000 0.64331
108810.00000 0.643811
108820.00000 0.644315
108830.00000 0.644822
108840.00000 0.645331
108850.00000 0.645843
108860.00000 0.646357
108870.00000 0.646872
108880.00000 0.647389
108890.00000 0.647909
108900.00000 0.64843
108910.00000 0.648953
108920.00000 0.649478
108930.00000 0.650004
108940.00000 0.650532
108950.00000 0.651062
108960.00000 0.651593
108970.00000 0.652126
108980.00000 0.652658
108990.00000 0.653191
109000.00000 0.653723
109010.00000 0.654257
109020.00000 0.654791
109030.00000 0.655324
109040.00000 0.655857
109050.00000 0.656388
109060.00000 0.656917
109070.00000 0.657446
109080.00000 0.657974
109090.00000 0.658501
109100.00000 0.659024
109110.00000 0.659545
109120.00000 0.660062
109130.00000 0.660577
109140.00000 0.661089
109150.00000 0.661599
109160.00000 0.662105
109170.00000 0.662608
109180.00000 0.663108
109190.00000 0.663604
109200.00000 0.664097
109210.00000 0.664588
109220.00000 0.665076
109230.00000 0.665561
109240.00000 0.666044
109250.00000 0.666524
109260.00000 0.667001
109270.00000 0.667476
109280.00000 0.66795
109290.00000 0.668425
109300.00000 0.668899
109310.00000 0.669371
109320.00000 0.669842
109330.00000 0.670313
109340.00000 0.670784
109350.00000 0.671257
109360.00000 0.671731
109370.00000 0.672205
109380.00000 0.67268
109390.00000 0.673154
109400.00000 0.67363
109410.00000 0.674105
109420.00000 0.674581
109430.00000 0.675058
109440.00000 0.675535
109450.00000 0.676012
109460.00000 0.676486
109470.00000 0.676958
109480.00000 0.677428
109490.00000 0.677898
109500.00000 0.678366
109510.00000 0.678831
109520.00000 0.679291
109530.00000 0.679747
109540.00000 0.680199
109550.00000 0.680647
109560.00000 0.681091
109570.00000 0.681531
109580.00000 0.681967
109590.00000 0.682397
109600.00000 0.682822
109610.00000 0.683242
109620.00000 0.683658
109630.00000 0.684069
109640.00000 0.684477
109650.00000 0.684882
109660.00000 0.685283
109670.00000 0.68568
109680.00000 0.686073
109690.00000 0.686464
109700.00000 0.686854
109710.00000 0.687244
109720.00000 0.687632
109730.00000 0.688019
109740.00000 0.688405
109750.00000 0.688789
109760.00000 0.689174
109770.00000 0.68956
109780.00000 0.689946
109790.00000 0.690331
109800.00000 0.690717
109810.00000 0.691103
109820.00000 0.691489
109830.00000 0.691874
109840.00000 0.692259
109850.00000 0.692644
109860.00000 0.69303
109870.00000 0.693414
109880.00000 0.693797
109890.00000 0.694178
109900.00000 0.694556
109910.00000 0.694934
109920.00000 0.69531
109930.00000 0.695684
109940.00000 0.696056
109950.00000 0.696426
109960.00000 0.696793
109970.00000 0.697158
109980.00000 0.697521
109990.00000 0.697883
110000.00000 0.698243
110010.00000 0.698602
110020.00000 0.698959
110030.00000 0.699315
110040.00000 0.699669
110050.00000 0.700022
110060.00000 0.700376
110070.00000 0.700729
110080.00000 0.701083
110090.00000 0.701437
110100.00000 0.701791
110110.00000 0.702145
110120.00000 0.702498
110130.00000 0.702851
110140.00000 0.703205
110150.00000 0.703559
110160.00000 0.703913
110170.00000 0.704267
110180.00000 0.704619
110190.00000 0.70497
110200.00000 0.705319
110210.00000 0.705667
110220.00000 0.706014
110230.00000 0.706359
110240.00000 0.706702
110250.00000 0.70704
110260.00000 0.707375
110270.00000 0.707707
110280.00000 0.708037
110290.00000 0.708363
110300.00000 0.708685
110310.00000 0.709003
110320.00000 0.709317
110330.00000 0.709626
110340.00000 0.709931
110350.00000 0.710233
110360.00000 0.710531
110370.00000 0.710826
110380.00000 0.711118
110390.00000 0.711405
110400.00000 0.711689
110410.00000 0.711969
110420.00000 0.712248
110430.00000 0.712525
110440.00000 0.712802
110450.00000 0.713076
110460.00000 0.713348
110470.00000 0.713618
110480.00000 0.713889
110490.00000 0.71416
110500.00000 0.714432
110510.00000 0.714705
110520.00000 0.714978
110530.00000 0.715252
110540.00000 0.715526
110550.00000 0.715803
110560.00000 0.716083
110570.00000 0.716364
110580.00000 0.716647
110590.00000 0.716932
110600.00000 0.717219
110610.00000 0.717509
110620.00000 0.7178
110630.00000 0.718094
110640.00000 0.71839
110650.00000 0.718688
110660.00000 0.718988
110670.00000 0.71929
110680.00000 0.719593
110690.00000 0.719898
110700.00000 0.720205
110710.00000 0.720514
110720.00000 0.720824
110730.00000 0.721135
110740.00000 0.721448
110750.00000 0.721763
110760.00000 0.722079
110770.00000 0.722396
110780.00000 0.722714
110790.00000 0.723035
110800.00000 0.723358
110810.00000 0.723682
110820.00000 0.724009
110830.00000 0.724336
110840.00000 0.724666
110850.00000 0.724999
110860.00000 0.725335
110870.00000 0.725673
110880.00000 0.726014
110890.00000 0.726358
110900.00000 0.726705
110910.00000 0.727054
110920.00000 0.727407
110930.00000 0.727763
110940.00000 0.728123
110950.00000 0.728487
110960.00000 0.728853
110970.00000 0.729222
110980.00000 0.729593
110990.00000 0.729965
111000.00000 0.730341
111010.00000 0.73072
111020.00000 0.7311
111030.00000 0.731482
111040.00000 0.731864
111050.00000 0.732244
111060.00000 0.732624
111070.00000 0.733005
111080.00000 0.733386
111090.00000 0.733766
111100.00000 0.734144
111110.00000 0.73452
111120.00000 0.734893
111130.00000 0.735264
111140.00000 0.735634
111150.00000 0.736002
111160.00000 0.736368
111170.00000 0.736734
111180.00000 0.737099
111190.00000 0.737461
111200.00000 0.737822
111210.00000 0.738182
111220.00000 0.738543
111230.00000 0.738904
111240.00000 0.739268
111250.00000 0.739632
111260.00000 0.739996
111270.00000 0.740362
111280.00000 0.740728
111290.00000 0.741096
111300.00000 0.741467
111310.00000 0.741839
111320.00000 0.742214
111330.00000 0.742589
111340.00000 0.742966
111350.00000 0.743343
111360.00000 0.743721
111370.00000 0.744099
111380.00000 0.744479
111390.00000 0.744859
111400.00000 0.745239
111410.00000 0.745619
111420.00000 0.745997
111430.00000 0.746375
111440.00000 0.746753
111450.00000 0.747129
111460.00000 0.747506
111470.00000 0.747882
111480.00000 0.748258
111490.00000 0.748633
111500.00000 0.749007
111510.00000 0.749381
111520.00000 0.749754
111530.00000 0.750128
111540.00000 0.750501
111550.00000 0.750875
111560.00000 0.751249
111570.00000 0.751623
111580.00000 0.751997
111590.00000 0.752371
111600.00000 0.752745
111610.00000 0.753118
111620.00000 0.753492
111630.00000 0.753866
111640.00000 0.75424
111650.00000 0.754613
111660.00000 0.754986
111670.00000 0.755356
111680.00000 0.755726
111690.00000 0.756095
111700.00000 0.756463
111710.00000 0.756829
111720.00000 0.757195
111730.00000 0.75756
111740.00000 0.757923
111750.00000 0.758285
111760.00000 0.758645
111770.00000 0.759005
111780.00000 0.759365
111790.00000 0.759725
111800.00000 0.760086
111810.00000 0.760446
111820.00000 0.760806
111830.00000 0.761166
111840.00000 0.761527
111850.00000 0.76189
111860.00000 0.762254
111870.00000 0.76262
111880.00000 0.762987
111890.00000 0.763355
111900.00000 0.763725
111910.00000 0.764095
111920.00000 0.764467
111930.00000 0.764839
111940.00000 0.765213
111950.00000 0.765588
111960.00000 0.765964
111970.00000 0.76634
111980.00000 0.766716
111990.00000 0.767091
112000.00000 0.767467
112010.00000 0.767844
112020.00000 0.76822
112030.00000 0.768596
112040.00000 0.76897
112050.00000 0.769344
112060.00000 0.769717
112070.00000 0.770089
112080.00000 0.77046
112090.00000 0.77083
112100.00000 0.771199
112110.00000 0.771566
112120.00000 0.771932
112130.00000 0.772297
112140.00000 0.77266
112150.00000 0.773022
112160.00000 0.773382
112170.00000 0.77374
112180.00000 0.774096
112190.00000 0.77445
112200.00000 0.774802
112210.00000 0.775152
112220.00000 0.775501
112230.00000 0.775848
112240.00000 0.776193
112250.00000 0.776536
112260.00000 0.776877
112270.00000 0.777217
112280.00000 0.777556
112290.00000 0.777894
112300.00000 0.778231
112310.00000 0.778568
112320.00000 0.778903
112330.00000 0.779238
112340.00000 0.779572
112350.00000 0.779906
112360.00000 0.78024
112370.00000 0.780575
112380.00000 0.780911
112390.00000 0.781246
112400.00000 0.781581
112410.00000 0.781915
112420.00000 0.782246
112430.00000 0.782577
112440.00000 0.782908
112450.00000 0.783238
112460.00000 0.783566
112470.00000 0.78389
112480.00000 0.78421
112490.00000 0.784523
112500.00000 0.784834
112510.00000 0.78514
112520.00000 0.785442
112530.00000 0.785739
112540.00000 0.78603
112550.00000 0.786314
112560.00000 0.78659
112570.00000 0.786859
112580.00000 0.787122
112590.00000 0.78738
112600.00000 0.787633
112610.00000 0.787884
112620.00000 0.788131
112630.00000 0.78837
112640.00000 0.788606
112650.00000 0.788838
112660.00000 0.78907
112670.00000 0.789303
112680.00000 0.78954
112690.00000 0.789776
112700.00000 0.790012
112710.00000 0.790248
112720.00000 0.790487
112730.00000 0.790729
112740.00000 0.790976
112750.00000 0.791228
112760.00000 0.791483
112770.00000 0.791741
112780.00000 0.792003
112790.00000 0.792266
112800.00000 0.792531
112810.00000 0.792799
112820.00000 0.793069
112830.00000 0.793343
112840.00000 0.793618
112850.00000 0.793893
112860.00000 0.794168
112870.00000 0.79444
112880.00000 0.794712
112890.00000 0.794984
112900.00000 0.795256
112910.00000 0.795527
112920.00000 0.795797
112930.00000 0.796065
112940.00000 0.796332
112950.00000 0.796597
112960.00000 0.796862
112970.00000 0.797125
112980.00000 0.797388
112990.00000 0.797651
113000.00000 0.797914
113010.00000 0.798178
113020.00000 0.798441
113030.00000 0.798704
113040.00000 0.798965
113050.00000 0.799225
113060.00000 0.799482
113070.00000 0.79974
113080.00000 0.799999
113090.00000 0.800256
113100.00000 0.800509
113110.00000 0.800757
113120.00000 0.800996
113130.00000 0.801228
113140.00000 0.801456
113150.00000 0.801679
113160.00000 0.801894
113170.00000 0.802101
113180.00000 0.802297
113190.00000 0.802482
113200.00000 0.802655
113210.00000 0.802819
113220.00000 0.802972
113230.00000 0.803118
113240.00000 0.803255
113250.00000 0.803384
113260.00000 0.803503
113270.00000 0.80361
113280.00000 0.803708
113290.00000 0.8038
113300.00000 0.80389
113310.00000 0.803981
113320.00000 0.804073
113330.00000 0.804161
113340.00000 0.804246
113350.00000 0.80433
113360.00000 0.804416
113370.00000 0.804508
113380.00000 0.804606
113390.00000 0.80471
113400.00000 0.804818
113410.00000 0.804929
113420.00000 0.805046
113430.00000 0.805168
113440.00000 0.805295
113450.00000 0.80543
113460.00000 0.805573
113470.00000 0.805721
113480.00000 0.805875
113490.00000 0.806031
113500.00000 0.806187
113510.00000 0.806343
113520.00000 0.806502
113530.00000 0.806664
113540.00000 0.806827
113550.00000 0.80699
113560.00000 0.807151
113570.00000 0.807308
113580.00000 0.807462
113590.00000 0.807615
113600.00000 0.807766
113610.00000 0.807914
113620.00000 0.808059
113630.00000 0.808199
113640.00000 0.808333
113650.00000 0.808463
113660.00000 0.808589
113670.00000 0.80871
113680.00000 0.808828
113690.00000 0.80894
113700.00000 0.809048
113710.00000 0.809152
113720.00000 0.809253
113730.00000 0.809349
