threeML/data/optical_filters/Keck/LWS-SiC.ecsv
# %ECSV 0.9
# ---
# datatype:
# - {name: wavelength, unit: Angstrom, datatype: float32}
# - {name: response, datatype: float32}
# meta: !!omap
# - {band_name: SiC}
# - {group_name: LWS}
wavelength response
[from data line 2908]
128360.00000 0.627056
128370.00000 0.626287
128380.00000 0.625505
128390.00000 0.624712
128400.00000 0.623905
128410.00000 0.623085
128420.00000 0.622248
128430.00000 0.621395
128440.00000 0.620523
128450.00000 0.619631
128460.00000 0.618721
128470.00000 0.617796
128480.00000 0.616854
128490.00000 0.615895
128500.00000 0.614916
128510.00000 0.613918
128520.00000 0.612898
128530.00000 0.611855
128540.00000 0.610789
128550.00000 0.609702
128560.00000 0.608595
128570.00000 0.607467
128580.00000 0.606318
128590.00000 0.605146
128600.00000 0.603952
128610.00000 0.602734
128620.00000 0.601493
128630.00000 0.600228
128640.00000 0.598941
128650.00000 0.597631
128660.00000 0.596298
128670.00000 0.594943
128680.00000 0.593566
128690.00000 0.592166
128700.00000 0.590744
128710.00000 0.589299
128720.00000 0.587831
128730.00000 0.58634
128740.00000 0.584827
128750.00000 0.583292
128760.00000 0.581736
128770.00000 0.580159
128780.00000 0.578562
128790.00000 0.576945
128800.00000 0.575307
128810.00000 0.573649
128820.00000 0.571969
128830.00000 0.570268
128840.00000 0.568546
128850.00000 0.566803
128860.00000 0.565038
128870.00000 0.563251
128880.00000 0.561443
128890.00000 0.559614
128900.00000 0.557763
128910.00000 0.555891
128920.00000 0.553998
128930.00000 0.552083
128940.00000 0.550147
128950.00000 0.548189
128960.00000 0.54621
128970.00000 0.544209
128980.00000 0.542187
128990.00000 0.540144
129000.00000 0.53808
129010.00000 0.535994
129020.00000 0.533887
129030.00000 0.53176
129040.00000 0.529611
129050.00000 0.527438
129060.00000 0.525244
129070.00000 0.523028
129080.00000 0.520793
129090.00000 0.518539
129100.00000 0.516267
129110.00000 0.513979
129120.00000 0.511675
129130.00000 0.509352
129140.00000 0.507009
129150.00000 0.504649
129160.00000 0.502271
129170.00000 0.499877
129180.00000 0.497469
129190.00000 0.495048
129200.00000 0.492615
129210.00000 0.490166
129220.00000 0.4877
129230.00000 0.485219
129240.00000 0.482724
129250.00000 0.480217
129260.00000 0.4777
129270.00000 0.475173
129280.00000 0.472639
129290.00000 0.470097
129300.00000 0.467544
129310.00000 0.46498
129320.00000 0.462406
129330.00000 0.459823
129340.00000 0.457232
129350.00000 0.454635
129360.00000 0.452032
129370.00000 0.449425
129380.00000 0.446809
129390.00000 0.444185
129400.00000 0.441554
129410.00000 0.438916
129420.00000 0.436274
129430.00000 0.433627
129440.00000 0.430977
129450.00000 0.428324
129460.00000 0.425668
129470.00000 0.423007
129480.00000 0.420342
129490.00000 0.417672
129500.00000 0.415
129510.00000 0.412323
129520.00000 0.409644
129530.00000 0.406963
129540.00000 0.404279
129550.00000 0.401591
129560.00000 0.398898
129570.00000 0.396203
129580.00000 0.393506
129590.00000 0.390806
129600.00000 0.388106
129610.00000 0.385405
129620.00000 0.382705
129630.00000 0.380003
129640.00000 0.377297
129650.00000 0.374591
129660.00000 0.371884
129670.00000 0.369177
129680.00000 0.366472
129690.00000 0.36377
129700.00000 0.361071
129710.00000 0.358375
129720.00000 0.355678
129730.00000 0.352981
129740.00000 0.350287
129750.00000 0.347596
129760.00000 0.34491
129770.00000 0.34223
129780.00000 0.339559
129790.00000 0.336897
129800.00000 0.334239
129810.00000 0.331586
129820.00000 0.328938
129830.00000 0.326298
129840.00000 0.323665
129850.00000 0.321042
129860.00000 0.31843
129870.00000 0.31583
129880.00000 0.31324
129890.00000 0.310659
129900.00000 0.308087
129910.00000 0.305525
129920.00000 0.302973
129930.00000 0.300432
129940.00000 0.297902
129950.00000 0.295383
129960.00000 0.292876
129970.00000 0.29038
129980.00000 0.287895
129990.00000 0.285421
130000.00000 0.282958
130010.00000 0.280506
130020.00000 0.278065
130030.00000 0.275636
130040.00000 0.273218
130050.00000 0.270811
130060.00000 0.268414
130070.00000 0.266029
130080.00000 0.263655
130090.00000 0.261292
130100.00000 0.258942
130110.00000 0.256603
130120.00000 0.254277
130130.00000 0.251964
130140.00000 0.24966
130150.00000 0.247367
130160.00000 0.245087
130170.00000 0.242819
130180.00000 0.240564
130190.00000 0.238325
130200.00000 0.236102
130210.00000 0.233896
130220.00000 0.231705
130230.00000 0.229526
130240.00000 0.227362
130250.00000 0.225214
130260.00000 0.223081
130270.00000 0.220966
130280.00000 0.218868
130290.00000 0.216789
130300.00000 0.214729
130310.00000 0.212685
130320.00000 0.210659
130330.00000 0.20865
130340.00000 0.206658
130350.00000 0.204684
130360.00000 0.202728
130370.00000 0.20079
130380.00000 0.198871
130390.00000 0.196971
130400.00000 0.19509
130410.00000 0.193227
130420.00000 0.191382
130430.00000 0.189554
130440.00000 0.187742
130450.00000 0.185945
130460.00000 0.184163
130470.00000 0.182396
130480.00000 0.180647
130490.00000 0.178914
130500.00000 0.177198
130510.00000 0.175496
130520.00000 0.173808
130530.00000 0.172134
130540.00000 0.170472
130550.00000 0.168821
130560.00000 0.167184
130570.00000 0.165561
130580.00000 0.163951
130590.00000 0.162354
130600.00000 0.16077
130610.00000 0.159198
130620.00000 0.157636
130630.00000 0.156086
130640.00000 0.154546
130650.00000 0.153018
130660.00000 0.151501
130670.00000 0.149996
130680.00000 0.148502
130690.00000 0.14702
130700.00000 0.145549
130710.00000 0.14409
130720.00000 0.142642
130730.00000 0.141206
130740.00000 0.139781
130750.00000 0.138366
130760.00000 0.136964
130770.00000 0.135573
130780.00000 0.134195
130790.00000 0.13283
130800.00000 0.131478
130810.00000 0.130139
130820.00000 0.128813
130830.00000 0.127499
130840.00000 0.126197
130850.00000 0.124908
130860.00000 0.123633
130870.00000 0.12237
130880.00000 0.121121
130890.00000 0.119886
130900.00000 0.118664
130910.00000 0.117455
130920.00000 0.11626
130930.00000 0.115078
130940.00000 0.113908
130950.00000 0.112753
130960.00000 0.11161
130970.00000 0.11048
130980.00000 0.109364
130990.00000 0.108262
131000.00000 0.107174
131010.00000 0.106099
131020.00000 0.105037
131030.00000 0.103987
131040.00000 0.102948
131050.00000 0.101921
131060.00000 0.100904
131070.00000 0.0998973
131080.00000 0.0989032
131090.00000 0.0979211
131100.00000 0.0969502
131110.00000 0.0959902
131120.00000 0.0950405
131130.00000 0.0941005
131140.00000 0.0931698
131150.00000 0.0922479
131160.00000 0.0913365
131170.00000 0.090436
131180.00000 0.0895457
131190.00000 0.088665
131200.00000 0.0877931
131210.00000 0.0869295
131220.00000 0.0860736
131230.00000 0.0852246
131240.00000 0.0843823
131250.00000 0.0835478
131260.00000 0.0827212
131270.00000 0.0819025
131280.00000 0.0810918
131290.00000 0.080289
131300.00000 0.0794943
131310.00000 0.0787076
131320.00000 0.0779291
131330.00000 0.0771588
131340.00000 0.0763968
131350.00000 0.0756431
131360.00000 0.0748973
131370.00000 0.0741592
131380.00000 0.0734289
131390.00000 0.0727059
131400.00000 0.0719902
131410.00000 0.0712817
131420.00000 0.0705803
131430.00000 0.0698862
131440.00000 0.0691996
131450.00000 0.0685205
131460.00000 0.067849
131470.00000 0.0671852
131480.00000 0.0665293
131490.00000 0.0658814
131500.00000 0.0652419
131510.00000 0.0646114
131520.00000 0.0639893
131530.00000 0.063375
131540.00000 0.062768
131550.00000 0.0621677
131560.00000 0.0615734
131570.00000 0.0609846
131580.00000 0.0604008
131590.00000 0.0598227
131600.00000 0.059251
131610.00000 0.0586856
131620.00000 0.0581261
131630.00000 0.0575725
131640.00000 0.0570244
131650.00000 0.0564817
131660.00000 0.0559441
131670.00000 0.0554117
131680.00000 0.0548856
131690.00000 0.0543657
131700.00000 0.0538515
131710.00000 0.0533424
131720.00000 0.0528379
131730.00000 0.0523374
131740.00000 0.0518406
131750.00000 0.0513468
131760.00000 0.0508558
131770.00000 0.0503685
131780.00000 0.0498848
131790.00000 0.0494051
131800.00000 0.0489293
131810.00000 0.0484578
131820.00000 0.0479906
131830.00000 0.0475278
131840.00000 0.0470697
131850.00000 0.0466164
131860.00000 0.0461678
131870.00000 0.0457236
131880.00000 0.0452838
131890.00000 0.044848
131900.00000 0.0444161
131910.00000 0.0439878
131920.00000 0.0435629
131930.00000 0.0431413
131940.00000 0.042723
131950.00000 0.0423082
131960.00000 0.0418971
131970.00000 0.0414896
131980.00000 0.0410861
131990.00000 0.0406864
132000.00000 0.0402909
132010.00000 0.0398995
132020.00000 0.0395125
132030.00000 0.0391302
132040.00000 0.0387521
132050.00000 0.0383782
132060.00000 0.038008
132070.00000 0.0376412
132080.00000 0.0372777
132090.00000 0.036917
132100.00000 0.0365589
132110.00000 0.0362036
132120.00000 0.0358513
132130.00000 0.0355021
132140.00000 0.035156
132150.00000 0.0348131
132160.00000 0.0344733
132170.00000 0.0341368
132180.00000 0.0338035
132190.00000 0.0334734
132200.00000 0.0331472
132210.00000 0.0328246
132220.00000 0.0325055
132230.00000 0.0321895
132240.00000 0.0318762
132250.00000 0.0315653
132260.00000 0.0312566
132270.00000 0.0309495
132280.00000 0.030644
132290.00000 0.030341
132300.00000 0.0300404
132310.00000 0.0297421
132320.00000 0.029446
132330.00000 0.0291517
132340.00000 0.0288592
132350.00000 0.0285683
132360.00000 0.0282788
132370.00000 0.0279908
132380.00000 0.0277051
132390.00000 0.0274214
132400.00000 0.0271393
132410.00000 0.0268588
132420.00000 0.0265795
132430.00000 0.0263012
132440.00000 0.0260236
132450.00000 0.0257464
132460.00000 0.0254696
132470.00000 0.0251932
132480.00000 0.0249174
132490.00000 0.0246427
132500.00000 0.0243691
132510.00000 0.024097
132520.00000 0.0238266
132530.00000 0.0235581
132540.00000 0.0232918
132550.00000 0.0230267
132560.00000 0.0227624
132570.00000 0.0224995
132580.00000 0.0222383
132590.00000 0.0219794
132600.00000 0.0217232
132610.00000 0.0214702
132620.00000 0.0212207
132630.00000 0.0209751
132640.00000 0.0207316
132650.00000 0.0204902
132660.00000 0.0202516
132670.00000 0.0200161
132680.00000 0.0197845
132690.00000 0.0195572
132700.00000 0.0193347
132710.00000 0.0191177
132720.00000 0.0189062
132730.00000 0.0186992
132740.00000 0.0184967
132750.00000 0.0182987
132760.00000 0.0181052
132770.00000 0.0179166
132780.00000 0.0177327
132790.00000 0.0175537
132800.00000 0.0173798
132810.00000 0.0172111
132820.00000 0.0170479
132830.00000 0.0168898
132840.00000 0.0167366
132850.00000 0.016588
132860.00000 0.0164437
132870.00000 0.0163034
132880.00000 0.0161668
132890.00000 0.0160337
132900.00000 0.0159048
132910.00000 0.015781
132920.00000 0.0156617
132930.00000 0.0155464
132940.00000 0.0154345
132950.00000 0.0153255
132960.00000 0.0152188
132970.00000 0.0151139
132980.00000 0.0150103
132990.00000 0.0149093
133000.00000 0.0148117
133010.00000 0.0147168
133020.00000 0.0146243
133030.00000 0.0145334
133040.00000 0.0144439
133050.00000 0.0143551
133060.00000 0.0142665
133070.00000 0.0141778
133080.00000 0.0140903
133090.00000 0.0140044
133100.00000 0.0139196
133110.00000 0.0138356
133120.00000 0.0137519
133130.00000 0.0136681
133140.00000 0.0135837
133150.00000 0.0134983
133160.00000 0.0134117
133170.00000 0.0133253
133180.00000 0.0132391
133190.00000 0.0131526
133200.00000 0.0130656
133210.00000 0.0129777
133220.00000 0.0128885
133230.00000 0.0127977
133240.00000 0.0127049
133250.00000 0.0126101
133260.00000 0.0125141
133270.00000 0.0124169
133280.00000 0.0123184
133290.00000 0.0122183
133300.00000 0.0121165
133310.00000 0.0120127
133320.00000 0.0119067
133330.00000 0.0117983
133340.00000 0.0116875
133350.00000 0.0115743
133360.00000 0.0114589
133370.00000 0.0113415
133380.00000 0.0112221
133390.00000 0.0111009
133400.00000 0.010978
133410.00000 0.0108535
133420.00000 0.0107275
133430.00000 0.0105996
133440.00000 0.0104688
133450.00000 0.0103357
133460.00000 0.0102008
133470.00000 0.0100646
133480.00000 0.0099279
133490.00000 0.0097911
133500.00000 0.0096549
133510.00000 0.0095198
133520.00000 0.0093848
133530.00000 0.0092482
133540.00000 0.0091107
133550.00000 0.0089731
133560.00000 0.0088364
133570.00000 0.0087013
133580.00000 0.0085687
133590.00000 0.0084394
133600.00000 0.0083142
133610.00000 0.008192
133620.00000 0.0080709
133630.00000 0.0079517
133640.00000 0.007835
133650.00000 0.0077214
133660.00000 0.0076118
133670.00000 0.0075068
133680.00000 0.007407
133690.00000 0.0073132
133700.00000 0.0072248
133710.00000 0.0071409
133720.00000 0.0070615
133730.00000 0.0069866
133740.00000 0.0069164
133750.00000 0.006851
133760.00000 0.0067902
133770.00000 0.0067344
133780.00000 0.0066833
133790.00000 0.006638
133800.00000 0.0065986
133810.00000 0.0065644
133820.00000 0.0065349
133830.00000 0.0065096
133840.00000 0.0064877
133850.00000 0.0064688
133860.00000 0.0064523
133870.00000 0.0064375
133880.00000 0.0064268
133890.00000 0.0064211
133900.00000 0.0064192
133910.00000 0.0064202
133920.00000 0.0064229
133930.00000 0.0064265
133940.00000 0.0064299
133950.00000 0.006432
133960.00000 0.0064319
133970.00000 0.006432
133980.00000 0.0064336
133990.00000 0.0064357
134000.00000 0.0064376
134010.00000 0.0064385
134020.00000 0.0064376
134030.00000 0.0064341
134040.00000 0.0064271
134050.00000 0.006416
134060.00000 0.006402
134070.00000 0.0063861
134080.00000 0.0063678
134090.00000 0.006347
134100.00000 0.0063235
134110.00000 0.006297
134120.00000 0.0062672
134130.00000 0.0062338
134140.00000 0.0061968
134150.00000 0.0061555
134160.00000 0.0061101
134170.00000 0.0060612
134180.00000 0.0060092
134190.00000 0.0059545
134200.00000 0.0058976
134210.00000 0.005839
134220.00000 0.0057791
134230.00000 0.0057183
134240.00000 0.0056549
134250.00000 0.0055885
134260.00000 0.0055196
134270.00000 0.005449
134280.00000 0.0053774
134290.00000 0.0053056
134300.00000 0.0052342
134310.00000 0.0051639
134320.00000 0.0050954
134330.00000 0.0050269
134340.00000 0.0049576
134350.00000 0.0048881
134360.00000 0.004819
134370.00000 0.0047509
134380.00000 0.0046844
134390.00000 0.0046199
134400.00000 0.0045582
134410.00000 0.0044998
134420.00000 0.0044438
134430.00000 0.0043897
134440.00000 0.0043376
134450.00000 0.0042874
134460.00000 0.0042395
134470.00000 0.0041938
134480.00000 0.0041504
134490.00000 0.0041095
134500.00000 0.004071
134510.00000 0.0040355
134520.00000 0.0040029
134530.00000 0.0039729
134540.00000 0.0039451
134550.00000 0.0039194
134560.00000 0.0038954
134570.00000 0.0038727
134580.00000 0.0038513
134590.00000 0.0038306
134600.00000 0.0038119
134610.00000 0.0037957
134620.00000 0.0037815
134630.00000 0.0037687
134640.00000 0.0037568
134650.00000 0.0037451
134660.00000 0.0037332
134670.00000 0.0037204
134680.00000 0.0037062
134690.00000 0.0036917
134700.00000 0.0036781
134710.00000 0.0036648
134720.00000 0.0036513
134730.00000 0.0036369
134740.00000 0.0036211
134750.00000 0.0036033
134760.00000 0.003583
134770.00000 0.0035595
134780.00000 0.0035334
134790.00000 0.0035061
134800.00000 0.0034772
134810.00000 0.0034462
134820.00000 0.003413
134830.00000 0.003377
134840.00000 0.0033379
134850.00000 0.0032954
134860.00000 0.0032492
134870.00000 0.003199
134880.00000 0.0031453
134890.00000 0.0030882
134900.00000 0.003028
134910.00000 0.0029648
134920.00000 0.0028989
134930.00000 0.0028303
134940.00000 0.0027594
134950.00000 0.0026863
134960.00000 0.0026105
134970.00000 0.0025305
134980.00000 0.0024469
134990.00000 0.0023605
135000.00000 0.0022722
135010.00000 0.0021826
135020.00000 0.0020926
135030.00000 0.0020029
135040.00000 0.0019144
135050.00000 0.0018267
135060.00000 0.0017369
135070.00000 0.0016454
135080.00000 0.0015533
135090.00000 0.0014617
135100.00000 0.0013714
135110.00000 0.0012836
135120.00000 0.0011992
135130.00000 0.0011191
135140.00000 0.0010439
135150.00000 0.0009707
135160.00000 0.0008994
135170.00000 0.0008307
135180.00000 0.0007652
135190.00000 0.0007033
135200.00000 0.0006456
135210.00000 0.0005928
135220.00000 0.0005453
135230.00000 0.0005037
135240.00000 0.0004674
135250.00000 0.0004359
135260.00000 0.0004091
135270.00000 0.0003869
135280.00000 0.000369
135290.00000 0.0003552
135300.00000 0.0003455
135310.00000 0.0003397
135320.00000 0.0003375
135330.00000 0.0003404
135340.00000 0.0003485
135350.00000 0.0003613
135360.00000 0.000378
135370.00000 0.000398
135380.00000 0.0004206
135390.00000 0.0004453
135400.00000 0.0004712
135410.00000 0.0004979
135420.00000 0.0005267
135430.00000 0.0005587
135440.00000 0.0005933
135450.00000 0.0006301
