threeML/data/optical_filters/Keck/LWS-SiC.ecsv
# %ECSV 0.9
# ---
# datatype:
# - {name: wavelength, unit: Angstrom, datatype: float32}
# - {name: response, datatype: float32}
# meta: !!omap
# - {band_name: SiC}
# - {group_name: LWS}
wavelength response
[from data line 3619]
135470.00000 0.0007073
135480.00000 0.0007466
135490.00000 0.0007856
135500.00000 0.0008237
135510.00000 0.0008612
135520.00000 0.0008995
135530.00000 0.0009383
135540.00000 0.0009773
135550.00000 0.0010164
135560.00000 0.0010552
135570.00000 0.0010936
135580.00000 0.0011313
135590.00000 0.0011681
135600.00000 0.0012039
135610.00000 0.0012393
135620.00000 0.0012742
135630.00000 0.0013087
135640.00000 0.0013426
135650.00000 0.0013759
135660.00000 0.0014085
135670.00000 0.0014403
135680.00000 0.0014714
135690.00000 0.0015017
135700.00000 0.0015315
135710.00000 0.0015609
135720.00000 0.0015896
135730.00000 0.0016176
135740.00000 0.0016446
135750.00000 0.0016706
135760.00000 0.0016955
135770.00000 0.0017191
135780.00000 0.0017413
135790.00000 0.0017627
135800.00000 0.0017834
135810.00000 0.0018032
135820.00000 0.0018218
135830.00000 0.0018391
135840.00000 0.0018547
135850.00000 0.0018684
135860.00000 0.0018799
135870.00000 0.0018891
135880.00000 0.0018963
135890.00000 0.0019018
135900.00000 0.0019056
135910.00000 0.0019075
135920.00000 0.0019075
135930.00000 0.0019054
135940.00000 0.0019011
135950.00000 0.0018946
135960.00000 0.0018857
135970.00000 0.0018743
135980.00000 0.0018602
135990.00000 0.0018437
136000.00000 0.0018249
136010.00000 0.0018041
136020.00000 0.0017816
136030.00000 0.0017575
136040.00000 0.001732
136050.00000 0.0017055
136060.00000 0.0016778
136070.00000 0.0016477
136080.00000 0.0016156
136090.00000 0.0015817
136100.00000 0.0015465
136110.00000 0.0015106
136120.00000 0.0014742
136130.00000 0.0014378
136140.00000 0.0014019
136150.00000 0.0013667
136160.00000 0.001331
136170.00000 0.0012945
136180.00000 0.0012576
136190.00000 0.0012205
136200.00000 0.0011838
136210.00000 0.0011477
136220.00000 0.0011126
136230.00000 0.0010789
136240.00000 0.0010469
136250.00000 0.0010162
136260.00000 0.0009861
136270.00000 0.0009568
136280.00000 0.0009285
136290.00000 0.0009012
136300.00000 0.0008752
136310.00000 0.0008506
136320.00000 0.0008275
136330.00000 0.000806
136340.00000 0.0007863
136350.00000 0.0007681
136360.00000 0.0007513
136370.00000 0.000736
136380.00000 0.0007221
136390.00000 0.0007094
136400.00000 0.000698
136410.00000 0.0006877
136420.00000 0.0006785
136430.00000 0.0006704
136440.00000 0.0006636
136450.00000 0.0006581
136460.00000 0.0006538
136470.00000 0.0006508
136480.00000 0.0006488
136490.00000 0.0006478
136500.00000 0.0006477
136510.00000 0.0006484
136520.00000 0.0006499
136530.00000 0.0006523
136540.00000 0.0006556
136550.00000 0.0006599
136560.00000 0.0006651
136570.00000 0.0006712
136580.00000 0.0006782
136590.00000 0.0006861
136600.00000 0.0006949
136610.00000 0.0007046
136620.00000 0.0007151
136630.00000 0.0007265
136640.00000 0.0007388
136650.00000 0.000752
136660.00000 0.000766
136670.00000 0.000781
136680.00000 0.0007969
136690.00000 0.0008138
136700.00000 0.0008316
136710.00000 0.0008504
136720.00000 0.0008705
136730.00000 0.0008918
136740.00000 0.0009142
136750.00000 0.0009374
136760.00000 0.0009613
136770.00000 0.0009859
136780.00000 0.0010108
136790.00000 0.001036
136800.00000 0.0010614
136810.00000 0.0010876
136820.00000 0.001115
136830.00000 0.0011433
136840.00000 0.001172
136850.00000 0.0012008
136860.00000 0.0012294
136870.00000 0.0012573
136880.00000 0.0012841
136890.00000 0.0013096
136900.00000 0.001334
136910.00000 0.0013587
136920.00000 0.0013832
136930.00000 0.0014072
136940.00000 0.0014303
136950.00000 0.0014519
136960.00000 0.0014718
136970.00000 0.0014894
136980.00000 0.0015044
136990.00000 0.0015165
137000.00000 0.0015268
137010.00000 0.0015355
137020.00000 0.0015424
137030.00000 0.0015473
137040.00000 0.0015498
137050.00000 0.0015498
137060.00000 0.0015469
137070.00000 0.0015409
137080.00000 0.0015316
137090.00000 0.001519
137100.00000 0.0015035
137110.00000 0.0014851
137120.00000 0.0014639
137130.00000 0.00144
137140.00000 0.0014133
137150.00000 0.0013841
137160.00000 0.0013522
137170.00000 0.0013179
137180.00000 0.0012809
137190.00000 0.0012405
137200.00000 0.0011969
137210.00000 0.0011505
137220.00000 0.0011016
137230.00000 0.0010507
137240.00000 0.0009981
137250.00000 0.0009441
137260.00000 0.0008892
137270.00000 0.0008336
137280.00000 0.000776
137290.00000 0.000716
137300.00000 0.0006539
137310.00000 0.0005904
137320.00000 0.000526
137330.00000 0.0004613
137340.00000 0.0003968
137350.00000 0.000333
137360.00000 0.0002706
137370.00000 0.0002091
137380.00000 0.0001467
137390.00000 8.39e-05
151129.00000 0.0
