threeML/data/optical_filters/Keck/LWS-f_1170.ecsv
# %ECSV 0.9
# ---
# datatype:
# - {name: wavelength, unit: Angstrom, datatype: float32}
# - {name: response, datatype: float32}
# meta: !!omap
# - {band_name: f_1170}
# - {group_name: LWS}
wavelength response
97830.00000 0.0
108700.00000 0.00438
108800.00000 0.005384
108900.00000 0.006579
109000.00000 0.007995
109100.00000 0.009663
109200.00000 0.01161
109300.00000 0.01388
109400.00000 0.01651
109500.00000 0.01962
109600.00000 0.02329
109700.00000 0.02764
109800.00000 0.03279
109900.00000 0.03886
110000.00000 0.04596
110100.00000 0.05446
110200.00000 0.06502
110300.00000 0.07844
110400.00000 0.09551
110500.00000 0.1159
110600.00000 0.1384
110700.00000 0.1619
110800.00000 0.1864
110900.00000 0.2124
111000.00000 0.2405
111100.00000 0.2713
111200.00000 0.3055
111300.00000 0.3428
111400.00000 0.3818
111500.00000 0.4206
111600.00000 0.4582
111700.00000 0.4943
111800.00000 0.5291
111900.00000 0.5624
112000.00000 0.5942
112100.00000 0.6245
112200.00000 0.6533
112300.00000 0.6806
112400.00000 0.7062
112500.00000 0.7303
112600.00000 0.7528
112700.00000 0.7736
112800.00000 0.7909
112900.00000 0.8017
113000.00000 0.8065
113100.00000 0.8087
113200.00000 0.8103
113300.00000 0.8114
113400.00000 0.8115
113500.00000 0.8106
113600.00000 0.8086
113700.00000 0.8059
113800.00000 0.8024
113900.00000 0.7984
114000.00000 0.7939
114100.00000 0.7891
114200.00000 0.7841
114300.00000 0.7791
114400.00000 0.7741
114500.00000 0.7693
114600.00000 0.7647
114700.00000 0.7602
114800.00000 0.756
114900.00000 0.7519
115000.00000 0.748
115100.00000 0.7442
115200.00000 0.7407
115300.00000 0.7373
115400.00000 0.7341
115500.00000 0.7312
115600.00000 0.7286
115700.00000 0.7263
115800.00000 0.7246
115900.00000 0.7233
116000.00000 0.7227
116100.00000 0.7228
116200.00000 0.7236
116300.00000 0.725
116400.00000 0.7269
116500.00000 0.7293
116600.00000 0.7319
116700.00000 0.7346
116800.00000 0.7374
116900.00000 0.7401
117000.00000 0.7425
117100.00000 0.7447
117200.00000 0.7463
117300.00000 0.7474
117400.00000 0.7479
117500.00000 0.7476
117600.00000 0.7467
117700.00000 0.7452
117800.00000 0.7432
117900.00000 0.7407
118000.00000 0.7378
118100.00000 0.7345
118200.00000 0.7309
118300.00000 0.7269
118400.00000 0.7228
118500.00000 0.7184
118600.00000 0.7139
118700.00000 0.7093
118800.00000 0.7048
118900.00000 0.7004
119000.00000 0.6963
119100.00000 0.6926
119200.00000 0.6894
119300.00000 0.6869
119400.00000 0.6851
119500.00000 0.6842
119600.00000 0.6843
119700.00000 0.6854
119800.00000 0.6873
119900.00000 0.6899
120000.00000 0.6933
120100.00000 0.6972
120200.00000 0.7017
120300.00000 0.7065
120400.00000 0.7116
120500.00000 0.7169
120600.00000 0.7223
120700.00000 0.7276
120800.00000 0.7326
120900.00000 0.7368
121000.00000 0.7399
121100.00000 0.7416
121200.00000 0.7414
121300.00000 0.7392
121400.00000 0.7345
121500.00000 0.7267
121600.00000 0.7143
121700.00000 0.6966
121800.00000 0.6735
121900.00000 0.6454
122000.00000 0.6128
122100.00000 0.576
122200.00000 0.536
122300.00000 0.4938
122400.00000 0.4504
122500.00000 0.4068
122600.00000 0.3637
122700.00000 0.3222
122800.00000 0.2833
122900.00000 0.248
123000.00000 0.2169
123100.00000 0.1897
123200.00000 0.1661
123300.00000 0.1456
123400.00000 0.1277
123500.00000 0.1117
123600.00000 0.09682
123700.00000 0.08264
123800.00000 0.06955
123900.00000 0.05802
124000.00000 0.04856
124100.00000 0.04121
124200.00000 0.03551
124300.00000 0.03092
124400.00000 0.02698
124500.00000 0.02358
124600.00000 0.02066
124700.00000 0.01818
124800.00000 0.01607
124900.00000 0.0143
125000.00000 0.01278
125100.00000 0.01148
125200.00000 0.01034
125300.00000 0.009292
125400.00000 0.008324
125500.00000 0.007432
125600.00000 0.006615
125700.00000 0.005872
125800.00000 0.005199
125900.00000 0.004597
126000.00000 0.004062
138600.00000 0.0
