threeML/data/optical_filters/Keck/NIRC2-H.ecsv
# %ECSV 0.9
# ---
# datatype:
# - {name: wavelength, unit: Angstrom, datatype: float32}
# - {name: response, datatype: float32}
# meta: !!omap
# - {band_name: H}
# - {group_name: NIRC2}
wavelength response
[from data line 766]
16012.04004 0.884056
16015.91016 0.884052
16019.79004 0.884048
16023.66016 0.884045
16027.53027 0.884041
16031.41016 0.884037
16031.41992 0.885146
16035.29980 0.885142
16039.16992 0.885139
16043.04980 0.885135
16043.05957 0.886244
16043.08008 0.887352
16046.95020 0.887348
16046.96973 0.888457
16050.83984 0.888453
16054.71973 0.88845
16054.74023 0.889558
16058.61035 0.889555
16062.48047 0.889551
16066.36035 0.889547
16066.37012 0.890656
16070.25000 0.890652
16074.09961 0.88954
16077.98047 0.889536
16081.83984 0.888424
16085.70996 0.88842
16089.58008 0.888417
16093.45996 0.888413
16097.33008 0.888409
16101.20020 0.888406
16105.08008 0.888402
16108.95020 0.888398
16112.83008 0.888394
16116.70020 0.888391
16120.57031 0.888387
16124.45020 0.888384
16128.32031 0.88838
16132.19043 0.888376
16136.07031 0.888372
16139.94043 0.888369
16143.82031 0.888365
16147.66992 0.887253
16151.54980 0.887249
16155.41992 0.887245
16159.29004 0.887242
16163.16992 0.887238
16167.01953 0.886126
16170.90039 0.886122
16170.91016 0.887231
16174.79004 0.887227
16178.66016 0.887223
16182.54004 0.88722
16186.41016 0.887216
16190.28027 0.887212
16194.16016 0.887209
16198.03027 0.887205
16201.90039 0.887201
16205.78027 0.887198
16209.62988 0.886085
16213.50977 0.886082
16217.37988 0.886078
16221.24023 0.884966
16225.11035 0.884962
16228.95020 0.882741
16232.83008 0.882737
16236.70020 0.882734
16240.55957 0.881621
16244.42969 0.881618
16248.29980 0.881614
16252.17969 0.88161
16256.04980 0.881607
16259.91016 0.880494
16263.78027 0.88049
16267.66016 0.880487
16271.49023 0.878266
16275.34961 0.877154
16279.23047 0.87715
16283.09961 0.877146
16286.95996 0.876034
16290.80957 0.874922
16294.69043 0.874918
16298.55957 0.874914
16302.42969 0.874911
16306.30957 0.874907
16310.16016 0.873795
16314.04004 0.873791
16317.91016 0.873787
16321.75000 0.871566
16325.62012 0.871563
16329.50000 0.871559
16333.37012 0.871555
16337.23047 0.870443
16341.09961 0.870439
16344.98047 0.870436
16348.84961 0.870432
16352.70996 0.86932
16356.55957 0.868207
16360.44043 0.868204
16364.29004 0.867091
16368.16992 0.867088
16368.17969 0.868196
16372.05957 0.868192
16375.91016 0.86708
16379.79004 0.867077
16383.66016 0.867073
16387.53906 0.867069
16391.41016 0.867065
16395.25000 0.864845
16399.11914 0.864841
16399.14062 0.865949
16402.96094 0.86262
16406.83984 0.862616
16410.68945 0.861504
16414.57031 0.8615
16418.41016 0.859279
16422.27930 0.859276
16426.15039 0.859272
16430.02930 0.859268
16433.88086 0.858156
16437.75977 0.858152
16441.63086 0.858149
16445.50977 0.858145
16449.38086 0.858141
16453.24023 0.857029
16457.08984 0.855917
16460.97070 0.855913
16460.98047 0.857022
16464.81055 0.853692
16468.67969 0.853688
16472.53906 0.852576
16476.41016 0.852572
16480.26953 0.85146
16484.14062 0.851456
16488.00000 0.850344
16491.86914 0.85034
16495.73047 0.849228
16499.59961 0.849224
16503.47070 0.849221
16507.33008 0.848108
16511.19922 0.848105
16515.06055 0.846992
16518.93945 0.846989
16522.81055 0.846985
16526.66992 0.845873
16530.53906 0.845869
16534.41016 0.845865
16538.26953 0.844753
16542.14062 0.844749
16546.01953 0.844746
16549.89062 0.844742
16553.75000 0.84363
16557.59961 0.842517
16561.48047 0.842514
16565.32031 0.840293
16569.18945 0.840289
16573.06055 0.840285
16576.91992 0.839173
16580.77930 0.838061
16584.63086 0.836948
16588.49023 0.835836
16592.34961 0.834724
16596.22070 0.83472
16600.06055 0.832499
16603.92969 0.832495
16607.78906 0.831383
16611.66016 0.83138
16615.53906 0.831376
16619.40039 0.830263
16623.26953 0.83026
16627.13086 0.829147
16631.00000 0.829144
16634.86914 0.82914
16638.73047 0.828028
16642.59961 0.828024
16646.43945 0.825803
16650.32031 0.8258
16654.18945 0.825796
16658.05078 0.824684
16661.90039 0.823571
16665.77930 0.823568
16669.63086 0.822455
16673.49023 0.821343
16677.35938 0.821339
16681.24023 0.821335
16685.10938 0.821332
16688.97070 0.820219
16692.83984 0.820216
16696.69922 0.819103
16700.57031 0.8191
16704.44922 0.819096
16708.32031 0.819093
16712.17969 0.81798
16716.05078 0.817976
16719.91016 0.816864
16723.77930 0.81686
16727.65039 0.816857
16731.52930 0.816853
16735.36914 0.814632
16739.24023 0.814628
16743.11914 0.814625
16746.99023 0.814621
16750.85938 0.814617
16754.74023 0.814614
16758.58984 0.813501
16762.47070 0.813498
16766.32031 0.812385
16770.17969 0.811273
16774.05078 0.811269
16777.92969 0.811266
16781.77930 0.810153
16785.66016 0.81015
16789.52930 0.810146
16793.41016 0.810142
16797.27930 0.810139
16801.15039 0.810135
16801.16992 0.811244
16805.03906 0.81124
16808.91992 0.811236
16812.78906 0.811233
16816.66992 0.811229
16820.51953 0.810117
16824.40039 0.810113
16828.26953 0.810109
16832.14062 0.810106
16832.16016 0.811214
16836.02930 0.811211
16836.05078 0.812319
16839.92969 0.812316
16839.93945 0.813424
16843.82031 0.81342
16847.68945 0.813417
16851.56055 0.813413
16855.43945 0.81341
16859.31055 0.813406
16863.17969 0.813402
16863.19922 0.814511
16867.08008 0.814507
16870.94922 0.814503
16870.97070 0.815612
16874.83984 0.815608
16878.71094 0.815605
16878.73047 0.816713
16882.60938 0.81671
16886.48047 0.816706
16886.50000 0.817815
16890.36914 0.817811
16890.39062 0.818919
16894.25977 0.818916
16898.13086 0.818912
16902.00977 0.818908
16902.02930 0.820017
16905.90039 0.820013
16909.76953 0.82001
16913.65039 0.820006
16913.66016 0.821115
16917.53906 0.821111
16921.41016 0.821107
16921.42969 0.822216
16925.30078 0.822212
16925.32031 0.823321
16929.18945 0.823317
16929.21094 0.824426
16933.08008 0.824422
16936.96094 0.824419
16940.83008 0.824415
16940.84961 0.825523
16944.72070 0.82552
16944.74023 0.826628
16948.60938 0.826625
16948.63086 0.827733
16952.50000 0.82773
16956.38086 0.827726
16956.40039 0.828835
16956.41016 0.829943
16960.28906 0.829939
16960.30078 0.831048
16964.17969 0.831044
16964.18945 0.832153
16968.07031 0.832149
16971.93945 0.832146
16975.82031 0.832142
16979.68945 0.832138
16983.56055 0.832135
16983.58008 0.833243
16987.44922 0.83324
16987.47070 0.834348
16991.34961 0.834345
16991.35938 0.835453
16991.38086 0.836562
16995.25000 0.836558
16995.26953 0.837667
16999.14062 0.837663
16999.16016 0.838772
17003.03906 0.838768
17003.05078 0.839877
17006.92969 0.839873
17006.93945 0.840982
17010.82031 0.840978
17010.83008 0.842087
17014.71094 0.842083
17014.73047 0.843192
17018.59961 0.843188
17018.63086 0.845405
17022.50977 0.845401
17022.51953 0.84651
17022.53906 0.847619
17026.41992 0.847615
17026.42969 0.848724
17030.31055 0.84872
17034.17969 0.848716
17034.19922 0.849825
17038.07031 0.849821
17041.94922 0.849818
17045.82031 0.849814
17045.83984 0.850923
17049.71094 0.850919
17053.58008 0.850915
17053.59961 0.852024
17057.47070 0.85202
17061.34961 0.852016
17061.36914 0.853125
17065.24023 0.853121
17069.10938 0.853118
17072.99023 0.853114
17073.00000 0.854223
17076.88086 0.854219
17080.75000 0.854215
17080.76953 0.855324
17080.78906 0.856433
17084.66016 0.856429
17084.67969 0.857537
17088.55078 0.857534
17088.57031 0.858642
17092.43945 0.858639
17096.32031 0.858635
17100.18945 0.858631
17100.21094 0.85974
17104.08008 0.859736
17107.94922 0.859733
17111.83008 0.859729
17115.69922 0.859725
17119.58008 0.859722
17119.58984 0.86083
17123.47070 0.860827
17127.33984 0.860823
17127.35938 0.861932
17131.23047 0.861928
17135.09961 0.861924
17138.98047 0.86192
17142.84961 0.861917
17146.73047 0.861913
17150.59961 0.861909
17154.47070 0.861906
17154.49023 0.863014
17158.35938 0.863011
17162.24023 0.863007
17166.10938 0.863003
17169.99023 0.863
17173.85938 0.862996
17177.73047 0.862992
17181.60938 0.862989
17185.48047 0.862985
17189.34961 0.862981
17193.21094 0.861869
17197.08008 0.861865
17200.96094 0.861862
17204.83008 0.861858
17208.68945 0.860746
17212.56055 0.860742
17216.43945 0.860738
17220.28906 0.859626
17224.15039 0.858514
17228.01953 0.85851
17231.90039 0.858506
17235.76953 0.858503
17239.64062 0.858499
17243.51953 0.858495
17247.39062 0.858491
17251.25000 0.857379
17255.11914 0.857376
17259.00000 0.857372
17262.84961 0.85626
17266.71094 0.855147
17270.58008 0.855144
17274.41992 0.852923
17278.30078 0.852919
17282.16992 0.852915
17286.02930 0.851803
17289.88086 0.850691
17293.75977 0.850687
17293.76953 0.851796
17297.59961 0.848466
17301.44922 0.847354
17305.33008 0.84735
17309.19922 0.847346
17313.07031 0.847343
17316.94922 0.847339
17320.82031 0.847335
17324.67969 0.846223
17328.55078 0.846219
17332.42969 0.846216
17336.30078 0.846212
17340.16992 0.846208
17344.02930 0.845096
17347.90039 0.845092
17351.77930 0.845089
17355.63086 0.843976
17359.50977 0.843973
17363.38086 0.843969
17367.25977 0.843965
17371.13086 0.843962
17375.00000 0.843958
17378.88086 0.843954
17382.73047 0.842842
17386.60938 0.842838
17390.48047 0.842835
17394.34961 0.842831
17398.23047 0.842827
17402.09961 0.842823
17405.98047 0.84282
17409.84961 0.842816
17413.68945 0.840595
17417.56055 0.840592
17417.58008 0.8417
17421.44922 0.841696
17425.33008 0.841693
17425.34961 0.842801
17429.22070 0.842798
17433.08984 0.842794
17433.10938 0.843903
17436.98047 0.843899
17440.85938 0.843895
17444.71094 0.842783
17448.58984 0.842779
17452.46094 0.842776
17456.33984 0.842772
17460.21094 0.842768
17464.08008 0.842765
17467.96094 0.842761
17471.83008 0.842757
17471.84961 0.843866
17475.72070 0.843862
17479.58984 0.843859
17479.60938 0.844967
17483.49023 0.844963
17483.50000 0.846072
17487.38086 0.846068
17491.25000 0.846065
17491.26953 0.847173
17495.14062 0.84717
17495.16016 0.848278
17499.02930 0.848275
17502.91016 0.848271
17506.75977 0.847159
17510.64062 0.847155
17514.50977 0.847151
17514.52930 0.84826
17518.40039 0.848256
17522.27930 0.848252
17526.15039 0.848249
17530.01953 0.848245
17533.90039 0.848241
17537.76953 0.848238
17541.64062 0.848234
17545.51953 0.84823
17549.39062 0.848227
17549.41016 0.849335
17553.27930 0.849332
17553.30078 0.85044
17557.16992 0.850437
17561.05078 0.850433
17564.91992 0.850429
17568.78906 0.850426
17572.66992 0.850422
17576.51953 0.84931
17580.40039 0.849306
17584.26953 0.849302
17584.28906 0.850411
17588.16016 0.850407
17592.03906 0.850404
17595.89062 0.849291
17599.75000 0.848179
17603.60938 0.847067
17607.46094 0.845954
17611.33984 0.845951
17611.34961 0.847059
17615.17969 0.84373
17619.02930 0.842617
17622.91016 0.842614
17626.75977 0.841501
17630.64062 0.841498
17634.49023 0.840385
17638.34961 0.839273
17642.21094 0.838161
17646.02930 0.834831
17649.86914 0.83261
17649.89062 0.833719
17649.90039 0.834827
17653.68945 0.829281
17657.55078 0.828168
17657.56055 0.829277
17657.58008 0.830386
17661.36914 0.824839
17665.23047 0.823726
17669.05078 0.820397
17672.89062 0.818176
17676.66016 0.81152
17680.50000 0.8093
17680.52930 0.811517
17680.55078 0.812625
17684.30078 0.804861
17684.33984 0.807079
17684.34961 0.808187
17688.13086 0.801532
17691.98047 0.800419
17695.80078 0.79709
17699.58984 0.791543
17703.41016 0.788213
17707.22070 0.783775
17710.97070 0.776011
17711.03906 0.780446
17711.08008 0.782663
17711.08984 0.783771
17711.10938 0.78488
17714.67969 0.764921
17714.75977 0.770464
17714.80078 0.772682
17714.81055 0.77379
17714.83008 0.774899
17718.41016 0.756048
17722.17969 0.749393
17725.93945 0.741629
17729.71094 0.734973
17733.42969 0.724992
17737.14062 0.715011
17740.84961 0.703921
17744.59961 0.696157
17744.66992 0.700591
17744.69922 0.702808
17744.72070 0.703917
17744.74023 0.705026
17748.22070 0.679523
17751.91992 0.668433
17755.57031 0.654018
17759.24023 0.64071
17762.86914 0.625186
17763.03906 0.636272
17763.13086 0.641815
17763.17969 0.645141
17763.19922 0.64625
17763.21094 0.647358
17766.33008 0.598575
17770.11914 0.593028
17773.76953 0.578612
17773.89062 0.586373
17773.96094 0.590807
17773.99023 0.593024
17774.00977 0.594133
17777.27930 0.555327
17781.09961 0.551998
17781.16016 0.555324
17781.18945 0.557541
17781.21094 0.55865
17781.31055 0.565301
17784.63086 0.529821
17788.30078 0.516514
17791.94922 0.502098
17795.64062 0.4899
17795.74023 0.496551
17795.78906 0.499877
17795.83008 0.502095
17795.83984 0.503203
17799.41016 0.483244
17799.42969 0.484353
17799.43945 0.485461
17802.72070 0.446656
17806.42969 0.436674
17806.57031 0.445543
17806.64062 0.449978
17806.66992 0.452195
17806.68945 0.453304
17806.71094 0.454412
17809.98047 0.415607
17810.11914 0.424476
17810.18945 0.42891
17810.22070 0.431127
17810.24023 0.432236
17813.63086 0.401191
17817.39062 0.393427
17817.47070 0.39897
17817.50977 0.401187
17817.51953 0.402296
17817.53906 0.403404
17820.97070 0.374576
17824.68945 0.364595
17824.78906 0.371247
17824.83984 0.374573
17824.85938 0.375681
17824.88086 0.37679
17828.22070 0.342419
17831.97070 0.334654
17832.03906 0.339089
17832.07031 0.341306
17832.08984 0.342415
17835.77930 0.330216
17839.09961 0.294736
17842.93945 0.292515
17843.03906 0.299167
17843.08984 0.302493
17843.10938 0.303602
17843.13086 0.30471
17846.58984 0.278099
17846.67969 0.283643
17846.71094 0.28586
17846.73047 0.286969
17846.74023 0.288077
17850.25977 0.264792
17854.03906 0.259245
17854.13086 0.264789
17854.16992 0.267006
17854.17969 0.268115
17854.19922 0.269223
17857.86914 0.255916
17857.88086 0.257024
17861.28906 0.227088
17861.40039 0.23374
17861.44922 0.237066
17861.48047 0.239283
17861.50000 0.240391
17864.91016 0.210455
17868.73047 0.207125
17868.80078 0.21156
17868.83984 0.213777
17868.84961 0.214886
17872.40039 0.193818
17872.49023 0.199361
17872.50000 0.20047
17876.38086 0.200466
17879.89062 0.177181
17879.96094 0.181615
17879.99023 0.183833
17880.00977 0.184941
17880.02930 0.18605
17883.64062 0.169417
17887.41016 0.162761
17887.47070 0.166087
17887.50000 0.168305
17887.51953 0.169413
17891.11914 0.151671
17891.19922 0.157215
17891.24023 0.159432
17891.25000 0.160541
17891.26953 0.161649
17894.82031 0.140581
17898.64062 0.137252
17898.66992 0.139469
17898.68945 0.140578
17902.33008 0.125053
17902.39062 0.129488
17902.42969 0.131705
17902.44922 0.132814
17906.09961 0.118398
17906.15039 0.121724
17906.16016 0.122832
17906.17969 0.123941
17909.88086 0.112851
17909.91992 0.115068
17909.93945 0.116177
17913.66992 0.107304
17913.68945 0.108413
17917.46094 0.101757
17921.30078 0.099536
17925.09961 0.095098
17928.91016 0.09066
17928.96094 0.093986
17928.99023 0.096203
17929.00977 0.097312
17932.60938 0.07957
17936.47070 0.078458
17936.48047 0.079566
17940.25977 0.072911
17940.26953 0.074019
17940.28906 0.075128
17944.06055 0.068473
17947.91992 0.06736
17947.92969 0.068469
17951.72070 0.062922
17951.74023 0.064031
17951.75977 0.065139
17955.52930 0.058484
17959.36914 0.056263
17959.40039 0.05848
17959.41992 0.059589
17963.15039 0.050716
17963.16992 0.051825
17963.18945 0.052933
17966.99023 0.048495
17967.00977 0.049604
17970.83008 0.046274
17974.66016 0.042945
17978.50977 0.041832
17982.36914 0.04072
17986.21094 0.038499
17990.06055 0.037387
17993.90039 0.035166
17997.75977 0.034053
17997.77930 0.035162
17997.80078 0.036271
18001.58008 0.030724
18005.41992 0.028503
18009.25977 0.026282
18013.11914 0.02517
18013.14062 0.026278
18016.96094 0.022949
18020.81055 0.021836
18024.66992 0.020724
18028.52930 0.019612
18032.38086 0.018499
18036.25977 0.018496
18040.09961 0.016275
18043.97070 0.016271
18047.83984 0.016267
18051.67969 0.014047
18055.56055 0.014043
18059.41016 0.012931
18063.28906 0.012927
18067.14062 0.011815
18071.00000 0.010702
18074.88086 0.010699
18078.75000 0.010695
18082.60938 0.009583
18086.48047 0.009579
18090.33984 0.008467
18094.21094 0.008463
18098.07031 0.007351
18101.93945 0.007347
18105.81055 0.007343
18109.66992 0.006231
18113.53906 0.006227
18117.40039 0.005115
18121.26953 0.005111
19933.39648 0.0
