threeML/data/optical_filters/Keck/NIRC2-Lp.ecsv
# %ECSV 0.9
# ---
# datatype:
# - {name: wavelength, unit: Angstrom, datatype: float32}
# - {name: response, datatype: float32}
# meta: !!omap
# - {band_name: Lp}
# - {group_name: NIRC2}
wavelength response
29767.85156 0.0
33075.39062 0.004829
33083.67969 0.004827
33091.96875 0.004825
33100.26172 0.004823
33108.55078 0.004821
33116.83984 0.004819
33125.12891 0.004817
33133.41016 0.004815
33141.69922 0.004813
33149.98828 0.004811
33158.28125 0.004809
33166.57031 0.004807
33174.85938 0.004805
33183.14844 0.004803
33183.19141 0.005915
33191.48047 0.005913
33199.76953 0.005911
33208.05859 0.005909
33208.10938 0.007022
33216.39844 0.00702
33224.67969 0.007018
33224.73047 0.00813
33233.01953 0.008128
33241.30859 0.008126
33241.35156 0.009239
33249.64062 0.009237
33257.92969 0.009235
33266.21875 0.009233
33266.26953 0.010345
33274.55859 0.010343
33282.83984 0.010341
33291.12891 0.010339
33299.37891 0.009225
33307.66016 0.009223
33315.94922 0.009221
33324.19922 0.008106
33324.23828 0.009219
33332.53125 0.009217
33340.82031 0.009215
33340.87109 0.010327
33349.14844 0.010325
33349.19922 0.011437
33357.48828 0.011436
33365.78125 0.011434
33365.82031 0.012546
33374.10938 0.012544
33382.39844 0.012542
33390.69141 0.01254
33390.73828 0.013652
33390.78125 0.014765
33399.07031 0.014763
33407.35938 0.014761
33415.64844 0.014759
33423.94141 0.014757
33432.23047 0.014755
33432.26953 0.015867
33440.55859 0.015865
33448.85156 0.015863
33457.14062 0.015861
33457.19141 0.016973
33465.48047 0.016972
33465.51953 0.018084
33473.80859 0.018082
33473.85938 0.019194
33482.14844 0.019192
33482.19141 0.020305
33490.48047 0.020303
33498.76953 0.020301
33507.05859 0.020299
33515.35156 0.020297
33523.64062 0.020295
33531.92188 0.020293
33540.21094 0.020291
33540.26172 0.021403
33548.55078 0.021401
33556.83984 0.021399
33565.12891 0.021397
33573.41016 0.021395
33581.69922 0.021393
33581.75000 0.022506
33590.03906 0.022504
33598.32812 0.022502
33606.62109 0.0225
33606.66016 0.023612
33614.94922 0.02361
33615.00000 0.024722
33623.28906 0.02472
33623.32812 0.025833
33631.62109 0.025831
33631.67188 0.026943
33639.96094 0.026941
33648.23828 0.026939
33656.53125 0.026937
33664.87109 0.028047
33673.16016 0.028045
33673.19922 0.029158
33681.48828 0.029156
33681.53906 0.030268
33689.82812 0.030266
33689.87109 0.031379
33698.16016 0.031377
33698.25000 0.033601
33706.53906 0.033599
33714.82812 0.033597
33714.87891 0.03471
33723.17188 0.034708
33731.46094 0.034706
33739.73828 0.034704
33739.78906 0.035816
33748.07812 0.035814
33748.12891 0.036926
33756.41016 0.036924
33764.75000 0.038035
33764.80078 0.039147
33773.07812 0.039145
33773.12891 0.040257
33773.17969 0.04137
33781.46875 0.041368
33781.51172 0.04248
33789.80078 0.042478
33789.85156 0.043591
33798.14062 0.043589
33806.46875 0.044699
33814.80859 0.045809
33814.85156 0.046922
33823.23047 0.049144
33823.28125 0.050257
33831.57031 0.050255
33831.60938 0.051367
33839.89844 0.051365
33839.94922 0.052477
33848.23828 0.052475
33856.53125 0.052473
33856.57031 0.053586
33864.85938 0.053584
33864.91016 0.054696
33873.19922 0.054694
33873.23828 0.055806
33881.67188 0.059142
33881.71875 0.060254
33890.05078 0.061364
33898.42969 0.063587
33898.48047 0.064699
33932.37109 0.082489
33932.42188 0.083601
33949.17969 0.088046
33949.23047 0.089159
33957.51172 0.089157
33957.60938 0.091381
33957.64844 0.092494
33965.94141 0.092492
33966.03125 0.094717
33966.07812 0.095829
33974.37109 0.095827
33982.66016 0.095825
33982.69922 0.096937
33990.98828 0.096935
33991.17969 0.101385
33999.46875 0.101383
33999.55859 0.103607
33999.60156 0.10472
34007.89062 0.104718
34007.94141 0.10583
34008.39844 0.116953
34008.48828 0.119178
34016.78125 0.119176
34017.10156 0.126962
34017.19922 0.129187
34025.48047 0.129185
34025.76172 0.135859
34025.85156 0.138084
34034.14062 0.138082
34034.42188 0.144756
34034.46094 0.145868
34034.51172 0.146981
34042.80078 0.146979
34042.94141 0.150315
34042.98047 0.151428
34043.03125 0.15254
34051.32031 0.152538
34051.37109 0.153651
34068.17188 0.159208
34068.21875 0.160321
34076.73828 0.16588
34076.78125 0.166993
34085.35156 0.173665
34085.44141 0.175889
34085.48828 0.177002
34086.32031 0.197024
34094.37891 0.19146
34094.55859 0.195909
34094.60938 0.197022
34102.89844 0.19702
34102.94141 0.198132
34102.98828 0.199244
34111.28125 0.199243
34111.32031 0.200355
34111.82812 0.21259
34111.87891 0.213703
34111.92188 0.214815
34120.57812 0.223712
34120.67188 0.225937
34120.71875 0.227049
34120.76172 0.228161
34129.05078 0.228159
34129.42188 0.237058
34129.60938 0.241507
34129.69922 0.243732
34129.73828 0.244844
34138.03125 0.244842
34138.07812 0.245955
34146.64844 0.252627
34146.78125 0.255964
34146.82812 0.257076
34146.87891 0.258188
34155.35156 0.262636
34155.39844 0.263748
34155.48828 0.265973
34155.85938 0.274871
34155.94922 0.277096
34164.23828 0.277094
34164.28125 0.278207
34164.60938 0.285993
34164.73828 0.28933
34164.78906 0.290442
34164.83984 0.291554
34165.07031 0.297116
34165.10938 0.298229
34173.39844 0.298227
34173.44922 0.299339
34181.73828 0.299337
34181.78125 0.300449
34181.82812 0.301562
34182.89062 0.327145
34183.07031 0.331595
34183.12109 0.332707
34191.41016 0.332705
34191.92188 0.344941
34192.14844 0.350502
34192.23828 0.352727
34200.53125 0.352725
34200.89844 0.361624
34201.07812 0.366073
34201.17188 0.368298
34209.46094 0.368296
34209.96875 0.380532
34210.01172 0.381644
34218.30078 0.381642
34218.76172 0.392765
34219.00000 0.398327
34219.08984 0.400552
34227.37891 0.40055
34227.55859 0.404999
34235.85156 0.404997
34236.39844 0.418345
34236.67969 0.425019
34236.82031 0.428356
34236.91016 0.430581
34236.96094 0.431693
34245.23828 0.431691
34245.89062 0.447264
34246.07031 0.451713
34246.12109 0.452825
34254.41016 0.452823
34254.96094 0.466172
34255.23828 0.472846
34255.37891 0.476183
34255.42188 0.477295
34263.71094 0.477293
34264.26953 0.490641
34264.44922 0.49509
34264.50000 0.496203
34272.78906 0.496201
34273.42969 0.511773
34273.71094 0.518447
34273.89062 0.522897
34273.94141 0.524009
34282.23047 0.524007
34282.64062 0.534018
34282.69141 0.53513
34290.98047 0.535129
34291.62109 0.550701
34299.91016 0.550699
34300.51172 0.56516
34300.82812 0.572946
34300.92188 0.575171
34309.21094 0.575169
34309.80859 0.589629
34309.94922 0.592966
34310.00000 0.594078
34318.28906 0.594076
34318.78906 0.606312
34319.07031 0.612986
34319.21094 0.616323
34319.25000 0.617435
34327.53906 0.617433
34328.10156 0.630781
34328.32812 0.636343
34328.37109 0.637456
34336.66016 0.637454
34337.21094 0.650802
34337.48828 0.657476
34337.62891 0.660813
34337.71875 0.663037
34346.01172 0.663035
34346.51953 0.675271
34346.60938 0.677496
34346.66016 0.678608
34354.94922 0.678606
34355.53906 0.693066
34355.73047 0.697516
34364.01953 0.697514
34364.39062 0.706412
34364.42969 0.707525
34364.48047 0.708637
34372.76953 0.708635
34373.03906 0.715309
34373.17969 0.718646
34381.46875 0.718644
34381.98047 0.73088
34382.12109 0.734217
34382.16016 0.735329
34390.44922 0.735327
34390.87109 0.745338
34391.05078 0.749788
34399.33984 0.749786
34399.80078 0.760909
34399.94141 0.764246
34399.98828 0.765358
34408.26953 0.765356
34408.55078 0.77203
34408.64062 0.774255
34408.69141 0.775367
34416.98047 0.775365
34417.39062 0.785376
34417.48047 0.787601
34425.76953 0.787599
34426.14062 0.796498
34426.28125 0.799835
34434.57031 0.799833
34434.75000 0.804282
34443.03906 0.80428
34443.46094 0.814291
34451.75000 0.814289
34452.01953 0.820963
34452.07031 0.822076
34460.35938 0.822074
34460.58984 0.827635
34460.73047 0.830972
34469.01953 0.83097
34469.19922 0.83542
34469.25000 0.836532
34477.53906 0.83653
34477.71875 0.840979
34477.76953 0.842092
34486.05078 0.84209
34486.23828 0.846539
34486.28906 0.847651
34486.32812 0.848764
34494.62109 0.848762
34494.80078 0.853211
34494.85156 0.854324
34503.14062 0.854321
34503.28125 0.857658
34503.32031 0.858771
34511.60938 0.858769
34511.80078 0.863218
34520.08984 0.863216
34520.21875 0.866553
34520.26953 0.867666
34520.32031 0.868778
34528.60938 0.868776
34528.64844 0.869888
34528.69922 0.871001
34536.98828 0.870999
34537.03125 0.872111
34545.32031 0.872109
34553.60938 0.872107
34553.66016 0.873219
34561.94922 0.873217
34561.98828 0.87433
34562.03906 0.875442
34570.32812 0.87544
34570.42188 0.877665
34570.46094 0.878777
34578.75000 0.878775
34578.80078 0.879887
34587.08984 0.879885
34587.12891 0.880998
34595.42188 0.880996
34595.46875 0.882108
34603.76172 0.882106
34603.80078 0.883219
34603.85156 0.884331
34612.14062 0.884329
34620.42969 0.884327
34620.46875 0.885439
34628.76172 0.885437
34637.05078 0.885435
34645.33984 0.885433
34653.57812 0.884319
34661.87109 0.884317
34670.16016 0.884315
34670.21094 0.885427
34678.50000 0.885425
34678.53906 0.886538
34686.82812 0.886536
34695.12109 0.886534
34703.41016 0.886532
34711.69922 0.88653
34711.73828 0.887642
34720.03125 0.88764
34728.32031 0.887638
34736.55859 0.886524
34744.85156 0.886522
34753.14062 0.88652
34753.23047 0.888745
34761.51953 0.888743
34761.57031 0.889855
34769.85938 0.889853
34769.89844 0.890965
34778.19141 0.890963
34786.48047 0.890961
34794.76953 0.89096
34803.05859 0.890957
34811.35156 0.890956
34811.39062 0.892068
34819.67969 0.892066
34819.73047 0.893178
34828.01953 0.893176
34828.05859 0.894289
34836.35156 0.894287
34844.64062 0.894285
34852.92969 0.894283
34861.17188 0.893168
34869.46094 0.893166
34869.51172 0.894279
34877.80078 0.894277
34886.08984 0.894275
34886.12891 0.895387
34894.42188 0.895385
34894.46875 0.896497
34902.76172 0.896495
34902.80078 0.897608
34911.08984 0.897606
34919.37891 0.897604
34927.62109 0.896489
34927.67188 0.897602
34935.96094 0.8976
34936.00000 0.898712
34936.05078 0.899825
34944.33984 0.899823
34944.42969 0.902047
34952.71875 0.902045
34952.76953 0.903158
34961.05078 0.903156
34969.30078 0.902041
34977.48828 0.899815
34977.53906 0.900927
34977.58984 0.902039
34985.69141 0.897588
34993.98047 0.897586
35002.21875 0.896472
35010.46094 0.895357
35018.71094 0.894243
35018.80078 0.896468
35018.85156 0.89758
35026.80859 0.889792
35035.10156 0.88979
35043.33984 0.888675
35051.62891 0.888674
35059.92188 0.888672
35068.12109 0.886445
35076.35938 0.885331
35084.60156 0.884216
35092.85156 0.883102
35101.08984 0.881988
35109.32812 0.880873
35117.62109 0.880871
35125.85938 0.879757
35134.14844 0.879755
35142.35156 0.877528
35150.64062 0.877526
35158.87891 0.876412
35167.12109 0.875298
35167.17188 0.87641
35175.32031 0.873071
35175.37109 0.874184
35183.51953 0.870845
35191.80859 0.870843
35200.08984 0.870841
35208.33984 0.869726
35216.62891 0.869724
35216.67188 0.870837
35224.82031 0.867498
35233.07031 0.866383
35241.30859 0.865269
35249.55078 0.864155
35257.78906 0.86304
35266.07812 0.863038
35274.37109 0.863037
35282.60938 0.861922
35290.85938 0.860808
35299.10156 0.859694
35307.39062 0.859691
35315.67969 0.85969
35323.92188 0.858575
35332.16016 0.857461
35332.21094 0.858573
35340.35938 0.855234
35348.60156 0.85412
35356.89062 0.854118
35365.17969 0.854116
35373.42188 0.853002
35381.71094 0.853
35389.91016 0.850773
35398.19922 0.850771
35406.48828 0.850769
35414.73047 0.849655
35423.01953 0.849653
35431.26172 0.848539
35439.55078 0.848537
35447.83984 0.848535
35447.87891 0.849647
35456.17188 0.849645
35464.46094 0.849643
35472.69922 0.848529
35480.98828 0.848527
35489.28125 0.848525
35497.57031 0.848523
35497.62109 0.849635
35505.91016 0.849633
35514.19141 0.849631
35514.23828 0.850743
35522.53125 0.850742
35530.82031 0.850739
35539.01172 0.848513
35547.30078 0.848511
35555.58984 0.848509
35563.87891 0.848507
35572.17188 0.848505
35572.21875 0.849617
35580.51172 0.849615
35580.60156 0.85184
35580.64062 0.852952
35588.92969 0.85295
35588.98047 0.854063
35597.26953 0.854061
35605.55859 0.854059
35605.60156 0.855171
35613.89062 0.855169
35622.17969 0.855167
35630.46875 0.855165
35638.76172 0.855163
35638.80078 0.856275
35647.08984 0.856274
35655.37891 0.856272
35655.42969 0.857384
35663.71875 0.857382
35672.01172 0.85738
35672.05078 0.858492
35680.33984 0.85849
35688.62891 0.858488
35696.92188 0.858486
35696.96094 0.859599
35705.25000 0.859597
35705.30078 0.860709
35713.58984 0.860707
35713.62891 0.861819
35721.92188 0.861817
35721.96875 0.86293
35730.26172 0.862928
35730.30078 0.86404
35738.58984 0.864038
35738.64062 0.865151
35746.92969 0.865148
35746.96875 0.866261
35747.01953 0.867373
35755.30859 0.867371
35755.35156 0.868483
35763.64062 0.868482
35771.92969 0.86848
35780.21875 0.868478
35780.26953 0.86959
35788.55859 0.869588
35796.83984 0.869586
35796.89062 0.870698
35805.17969 0.870696
35813.46875 0.870694
35821.76172 0.870692
35821.80078 0.871805
35821.85156 0.872917
35830.14062 0.872915
35830.17969 0.874027
35830.23047 0.87514
35838.51953 0.875138
35838.57031 0.87625
35846.85156 0.876248
35855.14062 0.876246
35863.39062 0.875132
35871.67969 0.87513
35879.96094 0.875128
35880.01172 0.87624
35888.30078 0.876238
35896.58984 0.876236
35896.62891 0.877349
35904.92188 0.877347
35904.96875 0.878459
35905.01172 0.879571
35913.30078 0.879569
35913.35156 0.880682
35913.39844 0.881794
35921.67969 0.881792
35929.96875 0.88179
35938.26172 0.881788
35938.30859 0.8829
35946.60156 0.882899
35946.64062 0.884011
35954.92969 0.884009
35954.98047 0.885121
35963.26953 0.885119
35963.30859 0.886231
35971.60156 0.88623
35971.64844 0.887342
35979.94141 0.88734
35979.98047 0.888452
35988.26953 0.88845
35988.32031 0.889563
35988.35938 0.890675
35996.64844 0.890673
36004.94141 0.890671
36013.23047 0.890669
36021.46875 0.889555
36029.76172 0.889553
36038.01172 0.888438
36046.25000 0.887324
36046.28906 0.888436
36054.57812 0.888435
36054.62891 0.889547
36062.92188 0.889545
36063.01172 0.89177
36063.05859 0.892882
36071.33984 0.89288
36071.39062 0.893992
36079.67969 0.89399
36079.82031 0.897327
36088.10938 0.897325
36096.39844 0.897323
36104.67969 0.897321
36112.96875 0.897319
36113.01953 0.898432
36121.30859 0.89843
36129.60156 0.898428
36129.64062 0.89954
36137.92969 0.899538
36146.21875 0.899536
36154.51172 0.899534
36162.80078 0.899532
36171.08984 0.89953
36179.37891 0.899528
36187.67188 0.899526
36195.94922 0.899524
36204.19922 0.89841
36212.48828 0.898408
36212.53125 0.89952
36220.82031 0.899518
36220.87109 0.900631
36229.16016 0.900629
36237.44141 0.900627
36237.48828 0.901739
36245.78125 0.901737
36245.82812 0.902849
36245.87109 0.903962
36254.16016 0.90396
36262.39844 0.902845
36270.69141 0.902844
36278.98047 0.902841
36287.26953 0.90284
36287.32031 0.903952
36295.60156 0.90395
36303.89062 0.903948
36303.94141 0.90506
36312.23047 0.905058
36320.51953 0.905056
36320.55859 0.906169
36320.60938 0.907281
36328.89844 0.907279
36337.19141 0.907277
36345.48047 0.907275
36353.71875 0.906161
36353.76953 0.907273
36362.05078 0.907271
36370.33984 0.907269
36370.39062 0.908381
36378.67969 0.90838
36378.71875 0.909492
36387.01172 0.90949
36395.30078 0.909488
36403.53906 0.908374
36403.58984 0.909486
36411.87891 0.909484
36420.17188 0.909482
36428.46094 0.90948
36428.50000 0.910592
36436.78906 0.91059
36445.07812 0.910588
36453.37109 0.910586
36461.66016 0.910584
36469.89844 0.90947
36469.94922 0.910582
36478.23828 0.91058
36486.51953 0.910579
36494.80859 0.910576
36494.85938 0.911689
36503.14844 0.911687
36503.19141 0.912799
36511.48047 0.912797
36511.53125 0.91391
36519.82031 0.913908
36528.10938 0.913906
36536.39844 0.913904
36544.64062 0.912789
36552.92969 0.912787
36561.21875 0.912785
36569.51172 0.912783
36569.55078 0.913896
36577.83984 0.913894
36586.12891 0.913892
36594.42188 0.91389
36602.71094 0.913888
36610.94922 0.912774
36619.23828 0.912772
36627.53125 0.91277
36635.82031 0.912768
36644.10938 0.912766
36644.14844 0.913878
36652.44141 0.913876
36660.67969 0.912762
36668.96875 0.91276
36677.21094 0.911645
36677.26172 0.912758
36685.55078 0.912756
36693.83984 0.912754
36702.12891 0.912752
36710.42188 0.91275
36718.69922 0.912748
36726.98828 0.912746
36727.03906 0.913858
36735.32812 0.913856
36743.62109 0.913854
36751.91016 0.913852
36760.19922 0.91385
36768.44141 0.912736
36776.67969 0.911622
36776.73047 0.912734
36784.87891 0.909395
36793.17188 0.909393
36801.35938 0.907166
36809.55859 0.90494
36817.85156 0.904938
36826.14062 0.904936
36834.42969 0.904934
36842.71094 0.904932
36851.00000 0.90493
36859.28906 0.904928
