threeML/data/optical_filters/Keck/NIRC2-Lp.ecsv
# %ECSV 0.9
# ---
# datatype:
# - {name: wavelength, unit: Angstrom, datatype: float32}
# - {name: response, datatype: float32}
# meta: !!omap
# - {band_name: Lp}
# - {group_name: NIRC2}
wavelength response
[from data line 767]
36875.87109 0.904924
36884.16016 0.904922
36892.39844 0.903808
36892.44922 0.90492
36900.73828 0.904918
36909.03125 0.904916
36917.30859 0.904914
36925.60156 0.904912
36925.64844 0.906024
36933.80078 0.902685
36942.03906 0.901571
36950.32812 0.901569
36958.57031 0.900455
36966.85938 0.900453
36975.10938 0.899339
36975.14844 0.900451
36983.44141 0.900449
36991.73047 0.900447
37000.01953 0.900445
37000.05859 0.901557
37008.35156 0.901555
37008.39844 0.902668
37016.69141 0.902666
37016.73047 0.903778
37025.01953 0.903776
37025.07031 0.904888
37025.12109 0.906001
37033.30859 0.903774
37041.55078 0.90266
37049.66016 0.898208
37099.39062 0.898197
37107.67969 0.898195
37115.96875 0.898193
37124.26172 0.898191
37124.30859 0.899303
37124.35156 0.900415
37132.32031 0.892627
37132.35938 0.893739
37140.51172 0.8904
37148.76172 0.889286
37157.05078 0.889284
37165.28906 0.88817
37173.57812 0.888168
37173.62109 0.88928
37181.91016 0.889278
37190.19922 0.889276
37198.48828 0.889274
37198.53906 0.890387
37206.64062 0.885935
37214.83984 0.883709
37223.07812 0.882594
37231.32031 0.88148
37239.60938 0.881478
37239.66016 0.88259
37247.94922 0.882588
37256.23828 0.882586
37256.32812 0.884811
37256.37109 0.885923
37264.42969 0.88036
37272.67188 0.879245
37280.96094 0.879243
37289.25000 0.879241
37297.53906 0.879239
37305.82812 0.879237
37314.12109 0.879236
37322.41016 0.879234
37330.69922 0.879232
37338.98828 0.879229
37339.03125 0.880342
37347.32031 0.88034
37347.37109 0.881452
37355.66016 0.88145
37363.94141 0.881448
37372.19141 0.880334
37380.42969 0.87922
37388.67188 0.878105
37396.96094 0.878103
37405.19922 0.876989
37405.25000 0.878101
37413.53906 0.878099
37413.57812 0.879212
37421.87109 0.87921
37430.16016 0.879208
37438.44922 0.879206
37446.73828 0.879204
37455.03125 0.879202
37463.32031 0.8792
37471.60938 0.879198
37479.89844 0.879196
37488.17969 0.879194
37488.23047 0.880306
37496.51953 0.880304
37496.57031 0.881417
37504.85156 0.881415
37513.14062 0.881413
37513.19141 0.882525
37521.48047 0.882523
37529.71875 0.881409
37537.96094 0.880294
37546.25000 0.880293
37554.53906 0.88029
37562.82812 0.880289
37571.12109 0.880287
37579.35938 0.879172
37587.64844 0.87917
37595.94141 0.879168
37604.23047 0.879166
37604.26953 0.880279
37612.55859 0.880277
37620.85156 0.880275
37629.14062 0.880273
37629.19141 0.881385
37629.23047 0.882497
37637.51953 0.882495
37645.80859 0.882494
37645.85938 0.883606
37654.14844 0.883604
37654.19141 0.884716
37662.48047 0.884714
37662.53125 0.885826
37670.82031 0.885824
37670.91016 0.888049
37679.19922 0.888047
37679.23828 0.88916
37679.28906 0.890272
37687.57812 0.89027
37695.87109 0.890268
37704.16016 0.890266
37712.44141 0.890264
37712.48828 0.891376
37720.78125 0.891374
37720.82812 0.892487
37729.10938 0.892485
37729.16016 0.893597
37737.44922 0.893595
37737.50000 0.894707
37745.78125 0.894705
37745.82812 0.895818
37754.12109 0.895816
37762.35938 0.894702
37770.51172 0.891363
37778.80078 0.891361
37787.03906 0.890246
37795.32812 0.890244
37803.62109 0.890242
37811.91016 0.89024
37820.19922 0.890238
37820.25000 0.891351
37828.53125 0.891349
37828.67188 0.894686
37836.96094 0.894684
37837.05078 0.896908
37845.33984 0.896906
37853.62891 0.896904
37853.67969 0.898017
37861.82812 0.894678
37870.07031 0.893564
37878.30859 0.892449
37886.60156 0.892447
37894.80078 0.89022
37894.85156 0.891333
37903.12891 0.891331
37911.42188 0.891329
37919.71094 0.891327
37928.00000 0.891325
37928.05078 0.892437
37936.33984 0.892435
37944.57812 0.891321
37952.87109 0.891319
37952.91016 0.892431
37961.19922 0.892429
37969.48828 0.892427
37977.78125 0.892425
37986.07031 0.892424
37994.35938 0.892421
38002.64844 0.89242
38010.94141 0.892417
38019.21875 0.892416
38027.51172 0.892414
38035.80078 0.892412
38035.85156 0.893524
38044.14062 0.893522
38052.42969 0.89352
38060.71094 0.893518
38060.80859 0.895743
38060.85156 0.896855
38069.14062 0.896853
38077.42969 0.896851
38085.71875 0.896849
38085.76953 0.897961
38094.05078 0.89796
38102.33984 0.897957
38102.39062 0.89907
38110.67969 0.899068
38118.96875 0.899066
38127.26172 0.899064
38135.53906 0.899062
38135.58984 0.900174
38143.87891 0.900172
38152.17188 0.90017
38160.46094 0.900168
38168.75000 0.900166
38176.98828 0.899052
38185.23047 0.897938
38193.51953 0.897936
38201.80859 0.897934
38201.85938 0.899046
38210.14062 0.899044
38210.19141 0.900156
38218.48047 0.900154
38218.51953 0.901267
38218.57031 0.902379
38226.85938 0.902377
38226.91016 0.90349
38235.19141 0.903488
38235.28906 0.905712
38235.32812 0.906825
38243.62109 0.906823
38243.67188 0.907935
38251.96094 0.907933
38260.25000 0.907931
38268.53125 0.907929
38276.78125 0.906815
38284.96875 0.904588
38293.26172 0.904586
38301.55078 0.904584
38309.78906 0.90347
38318.07812 0.903468
38318.12891 0.90458
38326.28125 0.901241
38334.57031 0.901239
38342.80859 0.900125
38351.10156 0.900123
38359.39062 0.900121
38367.53906 0.896782
38375.82812 0.89678
38384.12109 0.896778
38384.16016 0.89789
38392.44922 0.897888
38392.50000 0.899001
38400.78906 0.898999
38409.07812 0.898997
38409.12109 0.900109
38417.41016 0.900107
38425.69922 0.900105
38433.98828 0.900103
38442.28125 0.900101
38450.42969 0.896762
38458.67188 0.895648
38466.96094 0.895646
38467.01172 0.896758
38475.28906 0.896756
38475.33984 0.897869
38475.42969 0.900093
38508.58984 0.900085
38508.62891 0.901198
38541.64844 0.897853
38549.94141 0.897851
38558.23047 0.897849
38566.51953 0.897847
38574.80859 0.897845
38574.85156 0.898957
38574.89844 0.90007
38583.19141 0.900068
38583.23047 0.90118
38591.51953 0.901178
38591.57031 0.90229
38599.85938 0.902288
38608.14844 0.902286
38608.19141 0.903399
38616.48047 0.903397
38624.71875 0.902282
38641.26172 0.901166
38649.53906 0.901164
38657.69922 0.897825
38665.98047 0.897823
38674.26953 0.897821
38682.55859 0.897819
38682.69922 0.901156
38690.98828 0.901154
38691.03906 0.902267
38699.32031 0.902265
38699.37109 0.903377
38707.66016 0.903375
38715.94922 0.903373
38757.12109 0.896689
38765.39844 0.896687
38765.44922 0.897799
38765.50000 0.898912
38773.78906 0.89891
38773.92188 0.902247
38773.96875 0.903359
38782.26172 0.903357
38782.30078 0.90447
38790.58984 0.904467
38790.64062 0.90558
38798.92969 0.905578
38798.96875 0.90669
38807.12891 0.903351
38807.17188 0.904464
38815.32031 0.901125
38823.60938 0.901123
38831.89844 0.901121
38840.19141 0.901119
38848.48047 0.901117
38856.76953 0.901115
38856.80859 0.902227
38865.10156 0.902225
38865.14844 0.903337
38873.44141 0.903335
38881.71875 0.903334
38890.01172 0.903332
38898.30078 0.90333
38898.35156 0.904442
38906.64062 0.90444
38906.67969 0.905552
38914.96875 0.90555
38923.26172 0.905548
38923.30859 0.906661
38931.60156 0.906659
38939.83984 0.905544
38948.07812 0.90443
38956.32031 0.903316
38964.60938 0.903314
38972.89844 0.903312
38972.94922 0.904424
38981.23828 0.904422
38981.28125 0.905534
38981.32812 0.906647
38989.62109 0.906645
38989.66016 0.907757
38997.94922 0.907755
38998.00000 0.908868
39006.28906 0.908865
39006.32812 0.909978
39014.62109 0.909976
39022.87109 0.908861
39031.14844 0.90886
39039.39844 0.907745
39047.69141 0.907743
39055.98047 0.907741
39056.01953 0.908854
39064.30859 0.908852
39072.60156 0.90885
39072.64062 0.909962
39080.92969 0.90996
39089.21875 0.909958
39089.26953 0.91107
39097.55859 0.911068
39105.80078 0.909954
39114.08984 0.909952
39122.32812 0.908838
39130.62109 0.908836
39130.67188 0.909948
39138.96094 0.909946
39139.05078 0.912171
39147.33984 0.912169
39147.42969 0.914394
39155.71875 0.914392
39155.76172 0.915504
39164.05078 0.915502
39164.10156 0.916614
39172.39062 0.916612
39180.62891 0.915498
39188.87109 0.914384
39197.16016 0.914382
39205.44922 0.91438
39213.69141 0.913265
39221.98047 0.913264
39230.26953 0.913261
39238.55859 0.91326
39238.60938 0.914372
39246.89844 0.91437
39246.94141 0.915482
39255.23047 0.91548
39263.51953 0.915478
39271.80859 0.915476
39271.85156 0.916589
39280.14062 0.916587
39288.39062 0.915472
39288.42969 0.916585
39296.57812 0.913246
39304.87109 0.913244
39313.16016 0.913242
39321.44922 0.91324
39329.69141 0.912125
39337.98047 0.912123
39338.03125 0.913236
39346.32031 0.913234
39354.60156 0.913232
39362.89062 0.91323
39371.17969 0.913228
39379.42188 0.912114
39379.46875 0.913226
39387.62109 0.909887
39395.91016 0.909885
39404.10938 0.907658
39412.39844 0.907656
39420.67969 0.907654
39420.73047 0.908767
39429.01953 0.908765
39429.07031 0.909877
39437.35156 0.909875
39445.64062 0.909873
39453.83984 0.907647
39462.07812 0.906532
39470.32812 0.905418
39478.57031 0.904304
39486.85938 0.904302
39495.14844 0.9043
39503.42969 0.904298
39511.71875 0.904296
39520.01172 0.904294
39528.25000 0.903179
39536.50000 0.902065
39544.78906 0.902063
39553.07812 0.902061
39553.12109 0.903173
39561.41016 0.903171
39561.46094 0.904284
39569.75000 0.904282
39578.03125 0.90428
39578.07812 0.905392
39586.28125 0.903166
39594.33984 0.897602
39602.62109 0.8976
39610.91016 0.897598
39610.96094 0.89871
39611.01172 0.899823
39619.28906 0.899821
39627.57812 0.899819
39635.87109 0.899817
39644.16016 0.899815
39652.44922 0.899813
39660.73828 0.899811
39668.92969 0.897584
39669.03125 0.899809
39669.07031 0.900921
39677.35938 0.900919
39685.28125 0.892018
39693.57031 0.892016
39701.80859 0.890902
39701.85938 0.892014
39710.14844 0.892012
39718.39062 0.890898
39726.62891 0.889784
39734.92188 0.889782
39734.96875 0.890894
39735.01953 0.892007
39743.07031 0.886443
39751.35938 0.886441
39759.55859 0.884214
39759.60938 0.885327
39767.76172 0.881988
39776.00000 0.880873
39784.23828 0.879759
39792.48047 0.878645
39800.76953 0.878643
39809.05859 0.878641
39809.10938 0.879753
39817.39844 0.879751
39817.44141 0.880863
39825.73047 0.880862
39825.78125 0.881974
39834.07031 0.881972
39842.35938 0.88197
39842.39844 0.883082
39850.55078 0.879743
39858.83984 0.879741
39867.12891 0.879739
39875.37109 0.878625
39883.62109 0.877511
39883.66016 0.878623
39883.71094 0.879735
39891.80859 0.875284
39900.10156 0.875282
39908.33984 0.874168
39916.62891 0.874166
39924.92188 0.874164
39933.16016 0.87305
39941.44922 0.873047
39949.64844 0.870821
39957.89062 0.869707
39966.12891 0.868592
39974.42188 0.86859
39982.71094 0.868588
39990.91016 0.866362
39990.96094 0.867474
39999.23828 0.867472
40007.53125 0.86747
40015.82031 0.867468
40024.10938 0.867466
40032.39844 0.867464
40040.69141 0.867462
40048.98047 0.86746
40049.01953 0.868572
40057.30859 0.868571
40065.60156 0.868568
40073.89062 0.868567
40082.17969 0.868565
40090.46875 0.868563
40090.51172 0.869675
40098.80078 0.869673
40107.08984 0.869671
40115.37891 0.869669
40123.67188 0.869667
40131.91016 0.868553
40140.19922 0.868551
40148.48828 0.868549
40148.53906 0.869661
40156.82031 0.869659
40156.87109 0.870771
40165.16016 0.870769
40165.21094 0.871882
40173.48828 0.87188
40181.78125 0.871878
40190.07031 0.871876
40198.35938 0.871874
40206.64844 0.871872
40214.94141 0.87187
40223.23047 0.871868
40231.51953 0.871866
40231.55859 0.872978
40239.85156 0.872976
40239.89844 0.874089
40248.19141 0.874087
40248.23047 0.875199
40256.51953 0.875197
40256.57031 0.876309
40264.85938 0.876307
40264.89844 0.87742
40264.94922 0.878532
40273.23828 0.87853
40273.28125 0.879643
40273.32812 0.880755
40281.62109 0.880753
40281.71094 0.882977
40290.00000 0.882976
40290.05078 0.884088
40290.08984 0.8852
40298.37891 0.885198
40298.42969 0.886311
40306.71094 0.886309
40315.00000 0.886307
40323.28906 0.886305
40331.57812 0.886303
40339.87109 0.886301
40348.16016 0.886299
40348.21094 0.887411
40356.48828 0.887409
40364.78125 0.887407
40364.82812 0.888519
40373.12109 0.888517
40381.41016 0.888516
40381.44922 0.889628
40389.73828 0.889626
40398.03125 0.889624
40406.32031 0.889622
40414.60938 0.88962
40422.85156 0.888506
40431.08984 0.887391
40439.37891 0.887389
40439.42969 0.888502
40447.71875 0.8885
40447.76172 0.889612
40456.05078 0.88961
40456.10156 0.890722
40464.39062 0.89072
40464.48047 0.892945
40472.76953 0.892943
40472.80859 0.894055
40481.10156 0.894053
40481.19922 0.896278
40481.23828 0.897391
40489.53125 0.897389
40497.87109 0.898499
40506.14844 0.898497
40506.19922 0.899609
40514.48828 0.899607
40514.53906 0.90072
40514.57812 0.901832
40547.60156 0.898487
40547.64062 0.899599
40555.92969 0.899597
40555.98047 0.90071
40556.03125 0.901822
40564.30859 0.90182
40564.41016 0.904045
40564.44922 0.905157
40564.50000 0.906269
40572.78906 0.906267
40572.82812 0.90738
40572.87891 0.908492
40581.17188 0.90849
40581.21875 0.909602
40581.26172 0.910715
40589.55078 0.910713
40589.60156 0.911825
40597.87891 0.911823
40606.17188 0.911821
40614.46094 0.911819
40622.75000 0.911817
40631.03906 0.911815
40631.08984 0.912928
40639.37891 0.912926
40639.46875 0.91515
40639.51172 0.916263
40647.80078 0.916261
40647.89062 0.918485
40647.94141 0.919598
40656.23047 0.919596
40656.28125 0.920708
40664.55859 0.920706
40672.85156 0.920704
40681.14062 0.920702
40689.37891 0.919588
40689.42969 0.9207
40697.71875 0.920698
40706.01172 0.920696
40714.30078 0.920694
40714.33984 0.921806
40722.62891 0.921805
40722.67969 0.922917
40730.96875 0.922915
40731.01172 0.924027
40739.30078 0.924025
40747.58984 0.924023
40755.87891 0.924021
40764.17188 0.924019
40772.46094 0.924017
40780.75000 0.924015
40788.98828 0.922901
40789.03906 0.924013
40797.19141 0.920674
40797.23047 0.921787
40805.37891 0.918448
40813.67188 0.918446
40821.87109 0.916219
40821.91016 0.917331
40830.01953 0.91288
40838.26172 0.911766
40838.30859 0.912878
40846.26953 0.90509
40854.55859 0.905088
40862.76172 0.902861
40870.91016 0.899522
40879.10938 0.897296
40879.19922 0.89952
40879.23828 0.900633
40887.12109 0.89062
40895.41016 0.890618
40903.60156 0.888391
40903.64844 0.889503
40911.80078 0.886164
40919.91016 0.881713
40928.05859 0.878374
40928.19141 0.881711
40928.28906 0.883936
40928.32812 0.885048
40935.98047 0.869473
40944.12891 0.866134
40944.21875 0.868359
40944.26172 0.869471
40951.94922 0.855009
40952.08984 0.858346
40952.17969 0.860571
40952.23047 0.861683
40959.96875 0.848333
40960.05859 0.850558
40960.10156 0.85167
40968.07031 0.843882
40976.21875 0.840543
40976.30859 0.842767
40976.35938 0.84388
40984.19141 0.832754
40992.28906 0.828303
41000.12109 0.817178
41008.21875 0.812727
41008.32031 0.814951
41008.35938 0.816064
41008.41016 0.817176
41015.87109 0.797152
41016.10156 0.802713
41016.19141 0.804938
41016.23828 0.806051
41016.28125 0.807163
41024.33984 0.801599
41031.66016 0.778238
41039.80859 0.774899
41039.94922 0.778236
41040.03906 0.780461
41040.08984 0.781573
41047.58984 0.762661
41055.60938 0.755985
41055.78906 0.760435
41055.87891 0.76266
41055.92969 0.763772
41063.30078 0.741523
41063.57031 0.748197
41063.71094 0.751534
41063.80078 0.753759
41063.85156 0.754871
41071.03125 0.728173
41079.00000 0.720385
41079.23047 0.725947
41079.32031 0.728171
41079.37109 0.729283
41079.41016 0.730396
41086.50000 0.701473
41094.51172 0.694797
41094.75000 0.700359
41094.83984 0.702583
41094.87891 0.703696
41094.92969 0.704808
41102.07031 0.676998
41102.30078 0.682559
41102.44141 0.685896
41102.48047 0.687009
41102.53125 0.688121
41109.71094 0.661423
41109.89062 0.665872
41109.98828 0.668097
41110.03125 0.669209
41110.07812 0.670322
41117.53906 0.650298
41117.71875 0.654747
41117.80859 0.656972
41117.85938 0.658084
41117.91016 0.659196
41125.37109 0.639172
41133.51953 0.635833
41133.64844 0.63917
41133.75000 0.641395
41133.78906 0.642507
41141.25000 0.622483
41141.48047 0.628045
41141.57031 0.63027
41141.62109 0.631382
41141.67188 0.632494
41148.85156 0.605796
41149.07812 0.611358
41149.21875 0.614695
41149.26172 0.615807
41149.30859 0.61692
41156.67969 0.594671
41164.73828 0.589107
41164.87109 0.592444
41164.92188 0.593557
41164.96875 0.594669
41165.19922 0.600231
41165.23828 0.601343
41165.28906 0.602455
41172.14844 0.567971
41172.32812 0.57242
41172.42188 0.574645
41172.46875 0.575757
41172.51953 0.57687
41179.92969 0.555733
41180.10938 0.560183
41180.21094 0.562407
41180.25000 0.56352
41180.30078 0.564632
41187.80078 0.54572
41187.98828 0.55017
41188.07812 0.552394
