threeML/data/optical_filters/Keck/NIRC2-K.ecsv
# %ECSV 0.9
# ---
# datatype:
# - {name: wavelength, unit: Angstrom, datatype: float32}
# - {name: response, datatype: float32}
# meta: !!omap
# - {band_name: K}
# - {group_name: NIRC2}
wavelength response
17828.66797 0.0
19809.63086 0.004844
19813.50000 0.00484
19817.38086 0.004836
19821.25000 0.004833
19825.11914 0.004829
19825.14062 0.005949
19829.00977 0.005945
19832.89062 0.005942
19836.75977 0.005938
19836.77930 0.007058
19840.65039 0.007054
19844.51953 0.007051
19848.40039 0.007047
19852.28906 0.008163
19856.16016 0.00816
19856.17969 0.009279
19860.05078 0.009276
19863.92969 0.009272
19863.93945 0.010392
19867.82031 0.010388
19871.68945 0.010385
19875.56055 0.010381
19879.43945 0.010378
19883.31055 0.010374
19887.17969 0.01037
19887.19922 0.01149
19891.08008 0.011486
19894.94922 0.011483
19898.82031 0.011479
19898.83984 0.012599
19902.71094 0.012595
19906.58984 0.012592
19910.46094 0.012588
19914.33008 0.012585
19914.34961 0.013704
19918.22070 0.013701
19922.09961 0.013697
19922.10938 0.014817
19925.99023 0.014813
19929.85938 0.01481
19933.73047 0.014806
19937.63086 0.015922
19941.50000 0.015919
19945.39062 0.017035
19945.41016 0.018155
19949.27930 0.018151
19953.15039 0.018147
19953.16992 0.019267
19957.03906 0.019264
19960.91992 0.01926
19964.81055 0.020376
19968.67969 0.020373
19984.21094 0.022598
19988.08008 0.022594
19988.09961 0.023714
19991.97070 0.02371
19995.84961 0.023707
19995.86914 0.024827
19999.74023 0.024823
19999.75977 0.025943
19999.76953 0.027063
20003.65039 0.027059
20003.66016 0.028179
20007.53906 0.028175
20007.57031 0.030415
20007.58984 0.031535
20011.46094 0.031531
20011.48047 0.032651
20015.34961 0.032647
20019.23047 0.032643
20019.24023 0.033763
20023.11914 0.03376
20027.00977 0.034876
20034.78906 0.037108
20038.67969 0.038224
20038.69922 0.039344
20042.57031 0.039341
20050.34961 0.041573
20050.36914 0.042693
20054.25977 0.043809
20054.27930 0.044929
20058.15039 0.044925
20058.16992 0.046045
20062.03906 0.046041
20062.06055 0.047161
20062.08008 0.048281
20065.94922 0.048277
20065.97070 0.049397
20065.99023 0.050517
20069.89062 0.052753
20073.82031 0.056109
20073.83984 0.057229
20077.75000 0.059465
20077.75977 0.060584
20081.64062 0.060581
20081.65039 0.061701
20081.66992 0.06282
20085.56055 0.063937
20085.58008 0.065056
20089.44922 0.065053
20089.47070 0.066173
20089.49023 0.067292
20093.35938 0.067289
20093.38086 0.068409
20093.39062 0.069528
20097.26953 0.069525
20097.28906 0.070645
20097.30078 0.071764
20101.17969 0.071761
20101.23047 0.07512
20101.25977 0.07736
20105.14062 0.077356
20105.16992 0.079596
20105.18945 0.080716
20105.21094 0.081835
20109.08008 0.081832
20109.10938 0.084071
20109.13086 0.085191
20113.03906 0.087427
20113.06055 0.088547
20116.94922 0.089663
20116.97070 0.090783
20117.07031 0.097502
20120.91016 0.095259
20120.92969 0.096378
20120.93945 0.097498
20124.82031 0.097495
20124.83008 0.098614
20128.71094 0.098611
20128.74023 0.10085
20128.75977 0.10197
20132.63086 0.101967
20132.74023 0.108685
20132.75000 0.109805
20132.76953 0.110925
20136.71094 0.115401
20136.73047 0.11652
20136.75000 0.11764
20140.61914 0.117637
20140.66016 0.119876
20140.66992 0.120996
20140.68945 0.122116
20144.56055 0.122112
20144.61914 0.125472
20144.63086 0.126591
20144.65039 0.127711
20148.53906 0.128827
20148.58008 0.131067
20152.44922 0.131063
20152.50000 0.134423
20152.53906 0.136662
20156.41016 0.136659
20156.48047 0.141138
20156.50000 0.142258
20156.50977 0.143378
20160.39062 0.143374
20160.47070 0.148973
20160.49023 0.150093
20160.50977 0.151213
20164.38086 0.151209
20164.44922 0.155688
20164.49023 0.157928
20164.50000 0.159048
20168.38086 0.159044
20168.50000 0.166883
20168.55078 0.170242
20168.57031 0.171362
20172.43945 0.171358
20172.49023 0.174718
20172.50977 0.175837
20172.52930 0.176957
20176.40039 0.176954
20176.44922 0.180313
20176.49023 0.182553
20176.50977 0.183672
20180.38086 0.183669
20180.42969 0.187028
20180.44922 0.188148
20184.32031 0.188145
20184.46094 0.197103
20184.50977 0.200462
20184.52930 0.201582
20188.40039 0.201579
20188.43945 0.203818
20188.46094 0.204938
20192.33008 0.204934
20192.47070 0.213893
20192.53906 0.218372
20192.56055 0.219492
20196.42969 0.219488
20196.51953 0.225087
20196.57031 0.228447
20200.43945 0.228443
20200.58008 0.237401
20200.65039 0.241881
20200.66992 0.243
20204.53906 0.242997
20204.60938 0.247476
20204.64062 0.249716
20204.66016 0.250835
20204.67969 0.251955
20208.55078 0.251952
20208.59961 0.255311
20208.64062 0.257551
20212.50977 0.257547
20212.58008 0.262026
20212.61914 0.264266
20212.63086 0.265386
20212.65039 0.266506
20216.51953 0.266502
20216.58984 0.270981
20216.63086 0.273221
20216.65039 0.274341
20220.68945 0.285535
20220.75977 0.290014
20220.80078 0.292254
20220.81055 0.293374
20224.68945 0.29337
20224.78906 0.300089
20224.81055 0.301209
20224.83008 0.302329
20228.69922 0.302325
20228.83984 0.311283
20228.91016 0.315763
20228.93945 0.318002
20228.96094 0.319122
20232.83008 0.319118
20232.94922 0.326957
20233.00977 0.330316
20233.01953 0.331436
20233.03906 0.332556
20236.91016 0.332552
20237.01953 0.339271
20237.07031 0.342631
20237.08984 0.34375
20237.10938 0.34487
20240.98047 0.344867
20241.05078 0.349346
20241.08008 0.351585
20244.96094 0.351582
20245.10938 0.36166
20245.13086 0.36278
20245.15039 0.3639
20249.01953 0.363896
20249.18945 0.375094
20249.27930 0.380693
20249.30078 0.381813
20253.16992 0.381809
20253.27930 0.388528
20253.28906 0.389648
20253.31055 0.390768
20257.17969 0.390764
20257.33984 0.400842
20257.41016 0.405322
20261.27930 0.405318
20261.43945 0.415396
20261.50977 0.419875
20261.52930 0.420995
20265.40039 0.420992
20265.53906 0.42995
20265.60938 0.434429
20265.63086 0.435549
20265.64062 0.436669
20269.51953 0.436665
20269.58984 0.441144
20269.61914 0.443384
20273.49023 0.443381
20273.60938 0.451219
20273.65039 0.453459
20273.66992 0.454578
20277.53906 0.454575
20277.73047 0.466893
20277.77930 0.470252
20277.80078 0.471372
20281.66992 0.471368
20281.92969 0.488165
20281.94922 0.489285
20281.97070 0.490405
20285.83984 0.490401
20285.92969 0.496
20289.80078 0.495997
20289.99023 0.508315
20290.02930 0.510554
20290.05078 0.511674
20293.91992 0.511671
20294.06055 0.520629
20294.13086 0.525108
20298.00000 0.525104
20298.09961 0.531823
20298.16016 0.535183
20302.02930 0.535179
20302.09961 0.539658
20302.13086 0.541898
20302.15039 0.543018
20306.01953 0.543014
20306.16016 0.551973
20306.17969 0.553092
20310.05078 0.553089
20310.23047 0.564287
20310.27930 0.567646
20314.15039 0.567643
20314.33984 0.57996
20314.40039 0.58332
20314.41016 0.58444
20318.28906 0.584436
20318.43945 0.594514
20318.46094 0.595634
20322.33008 0.59563
20322.43945 0.602349
20322.47070 0.604589
20326.34961 0.604585
20326.41992 0.609065
20330.28906 0.609061
20330.38086 0.61466
20330.41016 0.6169
20330.42969 0.618019
20334.30078 0.618016
20334.36914 0.622495
20334.39062 0.623615
20338.25977 0.623611
20338.40039 0.63257
20338.41992 0.633689
20342.28906 0.633686
20342.41016 0.641524
20342.42969 0.642644
20346.30078 0.642641
20346.43945 0.651599
20346.46094 0.652719
20350.33008 0.652715
20350.47070 0.661674
20350.50977 0.663913
20354.38086 0.66391
20354.48047 0.670628
20354.50000 0.671748
20358.36914 0.671745
20358.46094 0.677344
20358.50000 0.679583
20358.50977 0.680703
20362.39062 0.6807
20362.43945 0.684059
20362.46094 0.685179
20366.33008 0.685175
20366.40039 0.689654
20366.41992 0.690774
20366.42969 0.691894
20370.31055 0.69189
20370.38086 0.69637
20370.39062 0.697489
20374.26953 0.697486
20374.33984 0.701965
20374.34961 0.703085
20378.23047 0.703081
20378.25977 0.705321
20378.27930 0.706441
20382.15039 0.706437
20382.24023 0.712036
20382.26953 0.714276
20382.28906 0.715395
20386.16016 0.715392
20386.25000 0.720991
20390.13086 0.720987
20390.21094 0.726586
20390.23047 0.727706
20390.25000 0.728826
20394.11914 0.728822
20394.16992 0.732182
20394.18945 0.733301
20398.06055 0.733298
20398.09961 0.735537
20398.10938 0.736657
20398.13086 0.737777
20402.00977 0.737773
20402.06055 0.741133
20405.92969 0.741129
20406.00000 0.745608
20406.01953 0.746728
20406.03906 0.747848
20409.91016 0.747844
20409.98047 0.752324
20413.84961 0.75232
20413.93945 0.757919
20417.81055 0.757915
20417.85938 0.761275
20421.74023 0.761271
20421.81055 0.765751
20421.82031 0.76687
20425.69922 0.766867
20425.73047 0.769106
20425.75000 0.770226
20429.61914 0.770223
20429.66016 0.772462
20429.66992 0.773582
20433.55078 0.773578
20433.58008 0.775818
20433.59961 0.776938
20437.47070 0.776934
20437.53906 0.781413
20437.56055 0.782533
20441.42969 0.782529
20441.50000 0.787009
20441.51953 0.788129
20445.39062 0.788125
20445.44922 0.791484
20445.46094 0.792604
20449.33984 0.792601
20449.36914 0.79484
20453.24023 0.794836
20453.27930 0.797076
20453.30078 0.798196
20457.16992 0.798192
20457.19922 0.800432
20461.08008 0.800428
20461.10938 0.802668
20464.99023 0.802664
20465.00000 0.803784
20468.88086 0.80378
20468.89062 0.8049
20468.91016 0.80602
20472.78906 0.806016
20472.84961 0.810496
20472.86914 0.811616
20472.89062 0.812735
20476.75977 0.812732
20476.81055 0.816091
20480.68945 0.816087
20480.74023 0.819447
20484.60938 0.819443
20484.65039 0.821683
20488.51953 0.821679
20488.53906 0.822799
20488.56055 0.823919
20492.42969 0.823915
20492.44922 0.825035
20496.32031 0.825031
20496.35938 0.827271
20496.36914 0.828391
20500.25000 0.828387
20500.27930 0.830627
20500.30078 0.831747
20504.16992 0.831743
20504.22070 0.835102
20504.24023 0.836222
20508.10938 0.836219
20508.15039 0.838458
20508.16992 0.839578
20512.03906 0.839574
20512.07031 0.841814
20515.94922 0.84181
20515.97070 0.84293
20519.83984 0.842927
20519.85938 0.844046
20519.86914 0.845166
20523.75000 0.845163
20523.75977 0.846282
20527.64062 0.846279
20527.65039 0.847399
20531.52930 0.847395
20531.56055 0.849635
20531.58008 0.850754
20535.44922 0.850751
20535.49023 0.85299
20535.50977 0.85411
20539.38086 0.854107
20539.41016 0.856346
20539.42969 0.857466
20543.30078 0.857462
20543.32031 0.858582
20543.33984 0.859702
20547.21094 0.859698
20547.23047 0.860818
20551.09961 0.860815
20551.11914 0.861934
20554.99023 0.861931
20555.00977 0.863051
20558.89062 0.863047
20558.90039 0.864167
20558.91992 0.865287
20562.78906 0.865283
20562.81055 0.866403
20562.83008 0.867523
20566.69922 0.867519
20566.72070 0.868639
20570.58984 0.868635
20570.60938 0.869755
20574.48047 0.869751
20574.50000 0.870871
20578.36914 0.870867
20578.41016 0.873107
20578.42969 0.874227
20578.43945 0.875347
20582.32031 0.875343
20586.18945 0.87534
20590.06055 0.875336
20590.08008 0.876456
20593.94922 0.876452
20597.83008 0.876449
20597.83984 0.877568
20601.72070 0.877565
20605.58984 0.877561
20609.47070 0.877557
20609.48047 0.878677
20613.35938 0.878674
20617.23047 0.87867
20617.25000 0.87979
20621.11914 0.879786
20624.99023 0.879783
20625.00977 0.880902
20628.88086 0.880899
20628.91992 0.883138
20632.78906 0.883135
20636.66992 0.883131
20640.53906 0.883127
20640.56055 0.884247
20644.42969 0.884244
20648.30078 0.88424
20652.17969 0.884236
20656.05078 0.884233
20659.91992 0.884229
20663.80078 0.884226
20667.66992 0.884222
20671.53906 0.884218
20671.56055 0.885338
20675.42969 0.885335
20679.31055 0.885331
20683.17969 0.885327
20687.05078 0.885324
20690.92969 0.88532
20694.76953 0.883077
20698.64062 0.883073
20702.50000 0.88195
20706.36914 0.881946
20710.23047 0.880823
20710.24023 0.881943
20714.11914 0.881939
20717.99023 0.881935
20721.85938 0.881932
20725.72070 0.880808
20729.58984 0.880805
20733.47070 0.880801
20737.33984 0.880798
20741.19922 0.879674
20741.21094 0.880794
20745.08984 0.88079
20748.96094 0.880787
20748.98047 0.881907
20752.84961 0.881903
20756.72070 0.881899
20760.59961 0.881896
20764.47070 0.881892
20768.33984 0.881888
20768.35938 0.883008
20772.24023 0.883005
20776.08984 0.881881
20779.96094 0.881878
20783.83984 0.881874
20783.85938 0.882994
20787.73047 0.88299
20791.59961 0.882987
20795.46094 0.881863
20799.33008 0.88186
20803.19922 0.881856
20807.08008 0.881852
20807.09961 0.882972
20810.97070 0.882969
20810.99023 0.884088
20814.85938 0.884085
20814.88086 0.885204
20814.89062 0.886324
20818.76953 0.886321
20822.64062 0.886317
20826.50977 0.886313
20830.39062 0.88631
20834.25977 0.886306
20834.27930 0.887426
20838.15039 0.887422
20842.02930 0.887419
20842.03906 0.888539
20842.06055 0.889658
20845.92969 0.889655
20845.94922 0.890775
20845.97070 0.891894
20849.83984 0.891891
20849.85938 0.893011
20853.73047 0.893007
20853.75000 0.894127
20853.76953 0.895247
20857.64062 0.895243
20861.50977 0.895239
20865.39062 0.895236
20865.41016 0.896355
20869.27930 0.896352
20873.15039 0.896348
20877.02930 0.896345
20877.03906 0.897464
20880.91992 0.897461
20880.92969 0.898581
20880.94922 0.899701
20884.82031 0.899697
20888.69922 0.899693
20888.71094 0.900813
20892.58984 0.90081
20896.46094 0.900806
20896.48047 0.901926
20900.34961 0.901922
20904.23047 0.901918
20904.24023 0.903038
20908.11914 0.903035
20908.13086 0.904154
20912.00977 0.904151
20912.01953 0.905271
20915.90039 0.905267
20915.92969 0.907507
20915.94922 0.908626
20919.82031 0.908623
20923.69922 0.908619
20923.71094 0.909739
20927.58984 0.909735
20927.60938 0.910855
20931.48047 0.910852
20931.50000 0.911971
20935.36914 0.911968
20935.39062 0.913088
20939.25977 0.913084
20939.27930 0.914204
20943.15039 0.9142
20943.16992 0.91532
20947.03906 0.915316
20950.91992 0.915313
20950.92969 0.916432
20954.81055 0.916429
20954.82031 0.917549
20958.69922 0.917545
20958.73047 0.919785
20958.75000 0.920905
20962.61914 0.920901
20962.64062 0.922021
20966.50977 0.922017
20966.52930 0.923137
20970.40039 0.923133
20970.41992 0.924253
20974.28906 0.924249
20974.31055 0.925369
20978.18945 0.925366
20982.06055 0.925362
20985.92969 0.925358
20985.94922 0.926478
20989.82031 0.926475
20993.69922 0.926471
20993.71094 0.927591
20993.73047 0.928711
20997.59961 0.928707
20997.61914 0.929827
21001.50000 0.929823
21001.50977 0.930943
21001.52930 0.932063
21005.40039 0.932059
21005.41992 0.933179
21009.28906 0.933175
21013.16992 0.933172
21017.03906 0.933168
21020.91016 0.933165
21024.78906 0.933161
21028.66016 0.933157
21028.67969 0.934277
21032.55078 0.934274
21036.42969 0.93427
21040.30078 0.934266
21044.16992 0.934263
21048.05078 0.934259
21051.90039 0.933136
21055.76953 0.933132
21055.78906 0.934252
21059.66992 0.934248
21059.67969 0.935368
21059.69922 0.936488
21063.57031 0.936484
21067.44922 0.93648
21067.46094 0.9376
21071.33984 0.937597
21075.21094 0.937593
21079.07031 0.93647
21082.93945 0.936466
21086.81055 0.936462
21090.68945 0.936459
21094.53906 0.935335
21098.41992 0.935332
21098.42969 0.936452
21102.31055 0.936448
21106.17969 0.936444
21110.05078 0.936441
21113.92969 0.936437
21117.80078 0.936434
21121.66992 0.93643
21125.55078 0.936426
21129.41992 0.936423
21129.43945 0.937542
21133.31055 0.937539
21137.18945 0.937535
21141.03906 0.936412
21144.91992 0.936408
21148.76953 0.935285
21152.64062 0.935281
21156.51953 0.935278
21160.39062 0.935274
21164.25000 0.934151
21168.11914 0.934147
21171.96094 0.931904
21175.83008 0.9319
21179.66992 0.929657
21183.55078 0.929653
21187.41992 0.92965
21191.26953 0.928526
21195.15039 0.928523
21199.00000 0.927399
21202.85938 0.926276
21206.73047 0.926272
21206.75000 0.927392
21206.76953 0.928512
21210.56055 0.922909
21214.42969 0.922905
21218.27930 0.921782
21222.16016 0.921779
21226.00977 0.920655
21229.86914 0.919532
21233.73047 0.918408
21233.74023 0.919528
21233.75977 0.920648
21237.56055 0.916165
21241.43945 0.916161
21245.28906 0.915038
21249.16992 0.915034
21253.03906 0.915031
21256.90039 0.913907
21260.76953 0.913904
21264.63086 0.91278
21268.50000 0.912777
21272.35938 0.911653
21276.23047 0.91165
21280.08984 0.910526
21283.96094 0.910523
21287.82031 0.909399
21291.66992 0.908276
21295.52930 0.907152
21299.40039 0.907149
21299.41992 0.908269
21299.43945 0.909388
21303.22070 0.903786
21307.09961 0.903782
21310.94922 0.902659
21314.82031 0.902655
21318.69922 0.902652
21322.57031 0.902648
21326.44922 0.902644
21330.32031 0.902641
21334.18945 0.902637
21338.05078 0.901514
21341.90039 0.90039
21345.77930 0.900387
21349.65039 0.900383
21353.50977 0.899259
21357.38086 0.899256
21361.24023 0.898133
21365.08984 0.897009
21368.94922 0.895886
