threeML/data/optical_filters/Keck/NIRC2-K.ecsv
# %ECSV 0.9
# ---
# datatype:
# - {name: wavelength, unit: Angstrom, datatype: float32}
# - {name: response, datatype: float32}
# meta: !!omap
# - {band_name: K}
# - {group_name: NIRC2}
wavelength response
[from data line 1532]
23592.74023 0.673206
23592.77930 0.675445
23592.78906 0.676565
23592.81055 0.677685
23595.91992 0.62841
23596.06055 0.637368
23596.13086 0.641848
23596.16016 0.644087
23596.17969 0.645207
23596.19922 0.646327
23599.46094 0.60713
23599.58984 0.614969
23599.66016 0.619448
23599.68945 0.621688
23599.71094 0.622807
23603.16016 0.595928
23603.25000 0.601527
23603.26953 0.602647
23603.28906 0.603767
23607.16016 0.603763
23610.50977 0.570166
23610.61914 0.576885
23610.66992 0.580244
23610.68945 0.581364
23610.69922 0.582484
23614.14062 0.554485
23617.85938 0.544403
23617.94922 0.550002
23618.00000 0.553361
23618.01953 0.554481
23618.02930 0.555601
23621.39062 0.522003
23621.47070 0.527602
23621.50977 0.529842
23621.52930 0.530962
23621.53906 0.532081
23624.81055 0.492885
23628.58008 0.486162
23628.63086 0.489522
23628.66992 0.491761
23628.67969 0.492881
23628.85938 0.504079
23628.86914 0.505199
23628.89062 0.506319
23632.11914 0.464882
23632.21094 0.470481
23632.24023 0.472721
23632.25977 0.473841
23632.27930 0.47496
23635.83984 0.4548
23635.89062 0.45816
23635.92969 0.460399
23635.93945 0.461519
23639.44922 0.438
23643.22070 0.431277
23643.33008 0.437996
23643.38086 0.441356
23643.40039 0.442475
23643.41016 0.443595
23646.69922 0.405518
23646.83984 0.414477
23646.90039 0.418956
23646.93945 0.421195
23646.96094 0.422315
23646.97070 0.423435
23650.51953 0.402155
23650.52930 0.403275
23650.55078 0.404395
23653.75000 0.360719
23653.86914 0.368557
23653.91992 0.371917
23653.96094 0.374156
23653.97070 0.375276
23657.35938 0.343918
23657.42969 0.348397
23657.47070 0.350637
23657.48047 0.351757
23657.50000 0.352876
23661.02930 0.330477
23661.08008 0.333836
23661.10938 0.336076
23661.13086 0.337196
23664.75977 0.321515
23664.80078 0.323754
23664.81055 0.324874
23664.83008 0.325994
23668.43945 0.309193
23668.52930 0.314792
23668.57031 0.317032
23668.58008 0.318152
23668.59961 0.319272
23672.14062 0.297992
23675.90039 0.290149
23676.00000 0.296868
23676.05078 0.300228
23676.07031 0.301347
23679.93945 0.301344
23679.96094 0.302464
23683.33008 0.269986
23686.83984 0.246466
23686.89062 0.249826
23686.92969 0.252065
23686.93945 0.253185
23690.53906 0.235265
23690.57031 0.237504
23690.58984 0.238624
23694.31055 0.228542
23694.33984 0.230782
23694.35938 0.231901
23698.08008 0.22182
23698.10938 0.224059
23698.13086 0.225179
23698.15039 0.226299
23701.77930 0.210618
23705.59961 0.207255
23705.63086 0.209495
23705.65039 0.210614
23709.27930 0.194933
23709.34961 0.199413
23709.36914 0.200532
23709.39062 0.201652
23709.40039 0.202772
23709.41992 0.203892
23713.23047 0.199409
23713.24023 0.200529
23716.72070 0.17477
23716.76953 0.178129
23716.80078 0.180369
23716.82031 0.181489
23720.44922 0.165808
23720.49023 0.168047
23720.50000 0.169167
23720.51953 0.170287
23724.13086 0.153486
23724.15039 0.154606
23724.16992 0.155726
23727.96094 0.150123
23727.97070 0.151243
23731.75977 0.14564
23731.77930 0.14676
23735.52930 0.138918
23735.56055 0.141158
23735.58008 0.142277
23735.59961 0.143397
23739.27930 0.131076
23739.32031 0.133315
23739.33008 0.134435
23739.34961 0.135555
23743.08008 0.126593
23743.09961 0.127713
23743.11914 0.128833
23746.86914 0.12099
23746.91016 0.12323
23746.91992 0.12435
23750.67969 0.116507
23754.42969 0.108665
23754.43945 0.109785
23754.46094 0.110905
23758.19922 0.101943
23762.05078 0.100819
23762.07031 0.101939
23762.08984 0.103059
23765.86914 0.097456
23769.71094 0.095213
23769.75000 0.097453
23769.75977 0.098572
23769.77930 0.099692
23773.61914 0.097449
23777.28906 0.084008
23777.30078 0.085128
23777.32031 0.086247
23781.07031 0.078405
23781.08984 0.079525
23784.91016 0.076162
23784.92969 0.077282
23788.73047 0.072799
23788.75000 0.073919
23792.55078 0.069436
23792.57031 0.070556
23796.39062 0.067193
23800.21094 0.06383
23800.23047 0.064949
23804.03906 0.060467
23804.05078 0.061586
23807.86914 0.058223
23807.89062 0.059343
23811.67969 0.053741
23811.69922 0.05486
23815.52930 0.052617
23819.35938 0.049254
23823.18945 0.047011
23823.21094 0.048131
23827.02930 0.044768
23827.05078 0.045887
23830.86914 0.042524
23830.89062 0.043644
23834.71094 0.040281
23838.58008 0.040278
23842.41016 0.036915
23846.27930 0.036911
23850.13086 0.035787
23853.99023 0.034664
23857.84961 0.033541
23861.69922 0.032417
23865.53906 0.030174
23869.40039 0.029051
23869.41992 0.03017
23873.24023 0.026807
23877.08984 0.025684
23880.94922 0.024561
23884.80078 0.023437
23888.66016 0.022314
23892.51953 0.02119
23896.39062 0.021187
23900.25000 0.020063
23904.11914 0.02006
23907.99023 0.020056
23911.86914 0.020052
23915.72070 0.018929
23919.59961 0.018925
23923.44922 0.017802
23923.47070 0.018922
23927.31055 0.016679
23931.17969 0.016675
23935.01953 0.014432
23938.89062 0.014428
23942.75000 0.013305
23946.60938 0.012181
23950.48047 0.012178
23954.33984 0.011054
23958.21094 0.011051
23962.06055 0.009927
23965.93945 0.009924
23969.81055 0.00992
23973.66992 0.008797
23977.53906 0.008793
23981.40039 0.007669
23985.26953 0.007666
23985.28906 0.008786
23989.16016 0.008782
23993.02930 0.008778
23996.91016 0.008775
24000.77930 0.008771
24004.64062 0.007648
24008.49023 0.006524
24012.36914 0.006521
24016.22070 0.005397
24020.09961 0.005394
24023.94922 0.00427
24027.83008 0.004267
26430.61328 0.0
