threeML/data/optical_filters/Keck/NIRC2-Ks.ecsv
# %ECSV 0.9
# ---
# datatype:
# - {name: wavelength, unit: Angstrom, datatype: float32}
# - {name: response, datatype: float32}
# meta: !!omap
# - {band_name: Ks}
# - {group_name: NIRC2}
wavelength response
[from data line 766]
21365.68945 0.93043
21369.56055 0.930427
21373.42969 0.930424
21377.30078 0.930421
21381.16992 0.930418
21381.17969 0.931533
21385.05078 0.93153
21388.91992 0.931527
21392.78906 0.931523
21396.66016 0.93152
21400.52930 0.931517
21404.40039 0.931514
21408.26953 0.931511
21412.14062 0.931508
21416.00977 0.931505
21419.88086 0.931502
21423.75000 0.931499
21427.61914 0.931496
21431.49023 0.931493
21435.35938 0.93149
21439.23047 0.931486
21443.09961 0.931483
21446.97070 0.93148
21450.83984 0.931477
21450.84961 0.932592
21454.72070 0.932589
21458.58984 0.932586
21462.43945 0.931468
21466.31055 0.931465
21470.17969 0.931462
21470.19922 0.932577
21474.07031 0.932574
21477.92969 0.932571
21481.80078 0.932567
21485.66992 0.932564
21489.53906 0.932561
21493.41016 0.932558
21493.42969 0.933673
21497.30078 0.93367
21501.16016 0.933667
21505.02930 0.933664
21505.05078 0.934779
21508.91992 0.934775
21512.78906 0.934772
21516.66016 0.934769
21516.66992 0.935884
21520.53906 0.935881
21524.41016 0.935878
21528.27930 0.935875
21532.15039 0.935872
21536.01953 0.935869
21539.89062 0.935866
21543.75977 0.935863
21547.61914 0.935859
21547.64062 0.936974
21551.50977 0.936971
21555.38086 0.936968
21559.25000 0.936965
21563.11914 0.936962
21566.97070 0.935844
21566.99023 0.936959
21570.84961 0.936956
21574.72070 0.936953
21578.58984 0.93695
21582.46094 0.936947
21586.33008 0.936944
21590.19922 0.93694
21590.22070 0.938055
21594.08008 0.938052
21597.94922 0.938049
21597.97070 0.939164
21601.83984 0.939161
21605.71094 0.939158
21605.72070 0.940273
21609.58984 0.940269
21613.46094 0.940266
21617.33008 0.940263
21617.33984 0.941378
21621.21094 0.941375
21625.08008 0.941372
21628.94922 0.941369
21628.96094 0.942484
21632.83008 0.942481
21636.69922 0.942477
21640.57031 0.942474
21640.58008 0.943589
21644.44922 0.943586
21648.32031 0.943583
21648.33984 0.944698
21652.19922 0.944695
21656.07031 0.944692
21659.93945 0.944689
21663.81055 0.944686
21667.67969 0.944682
21671.55078 0.944679
21675.41992 0.944676
21679.28906 0.944673
21683.16016 0.94467
21683.16992 0.945785
21687.03906 0.945782
21690.91016 0.945779
21694.77930 0.945776
21698.65039 0.945773
21702.51953 0.94577
21706.39062 0.945766
21710.25977 0.945763
21714.13086 0.94576
21718.00000 0.945757
21721.86914 0.945754
21725.74023 0.945751
21729.60938 0.945748
21733.48047 0.945745
21737.33008 0.944627
21741.19922 0.944624
21745.07031 0.944621
21748.93945 0.944618
21748.96094 0.945733
21752.82031 0.94573
21756.68945 0.945726
21760.56055 0.945723
21764.41992 0.944605
21764.42969 0.94572
21768.30078 0.945717
21772.16016 0.944599
21776.02930 0.944596
21776.03906 0.945711
21779.91016 0.945708
21779.91992 0.946823
21783.78906 0.94682
21783.81055 0.947935
21787.67969 0.947931
21791.55078 0.947928
21795.40039 0.94681
21799.26953 0.946807
21803.14062 0.946804
21807.00000 0.945686
21810.86914 0.945683
21814.74023 0.94568
21818.60938 0.945677
21822.48047 0.945674
21826.34961 0.945671
21830.22070 0.945668
21834.08008 0.945665
21837.94922 0.945662
21841.82031 0.945659
21845.68945 0.945656
21849.56055 0.945653
21849.58008 0.946767
21853.44922 0.946764
21857.31055 0.946761
21861.16992 0.945643
21865.02930 0.944525
21868.88086 0.943407
21872.75000 0.943404
21876.61914 0.943401
21880.48047 0.942283
21880.49023 0.943398
21884.35938 0.943395
21888.23047 0.943392
21892.09961 0.943389
21895.97070 0.943386
21899.83984 0.943383
21903.71094 0.94338
21907.58008 0.943377
21911.44922 0.943374
21915.32031 0.943371
21919.16992 0.942253
21923.03906 0.94225
21923.06055 0.943364
21926.92969 0.943361
21930.80078 0.943358
21934.66992 0.943355
21938.53906 0.943352
21942.39062 0.942234
21946.25977 0.942231
21950.13086 0.942228
21953.99023 0.94111
21957.85938 0.941107
21961.73047 0.941104
21965.59961 0.941101
21969.47070 0.941098
21973.33008 0.941095
21977.19922 0.941092
21981.07031 0.941088
21984.93945 0.941085
21988.81055 0.941082
21992.67969 0.941079
21996.55078 0.941076
22000.41992 0.941073
22004.27930 0.939955
22008.15039 0.939952
22012.01953 0.939949
22015.89062 0.939946
22019.75977 0.939943
22023.63086 0.93994
22027.50000 0.939937
22031.35938 0.939934
22035.23047 0.939931
22039.09961 0.939928
22042.97070 0.939924
22046.83984 0.939921
22050.71094 0.939918
22054.58008 0.939915
22058.44922 0.939912
22062.32031 0.939909
22066.18945 0.939906
22070.06055 0.939903
22073.92969 0.9399
22077.80078 0.939897
22081.66992 0.939894
22085.53906 0.939891
22089.41016 0.939887
22093.27930 0.939884
22097.15039 0.939881
22101.01953 0.939878
22104.86914 0.93876
22108.74023 0.938757
22108.75000 0.939872
22112.61914 0.939869
22116.49023 0.939866
22120.35938 0.939863
22124.23047 0.93986
22128.09961 0.939857
22131.97070 0.939854
22135.83008 0.938736
22139.69922 0.938732
22143.57031 0.938729
22147.43945 0.938726
22151.31055 0.938723
22155.17969 0.93872
22159.05078 0.938717
22159.06055 0.939832
22162.92969 0.939829
22166.80078 0.939826
22170.66992 0.939823
22174.53906 0.93982
22178.41016 0.939817
22182.27930 0.939813
22182.28906 0.940928
22186.16016 0.940925
22190.02930 0.940922
22193.90039 0.940919
22197.76953 0.940916
22201.64062 0.940913
22205.50977 0.94091
22209.35938 0.939792
22213.23047 0.939789
22217.09961 0.939786
22220.97070 0.939783
22224.83984 0.93978
22228.71094 0.939777
22232.58008 0.939773
22236.44922 0.93977
22240.32031 0.939767
22244.18945 0.939764
22244.19922 0.940879
22248.07031 0.940876
22251.93945 0.940873
22255.81055 0.94087
22259.67969 0.940867
22263.55078 0.940864
22267.41992 0.94086
22271.26953 0.939743
22275.14062 0.93974
22279.00977 0.939736
22282.88086 0.939733
22286.75000 0.93973
22290.61914 0.939727
22294.49023 0.939724
22298.35938 0.939721
22298.36914 0.940836
22302.24023 0.940833
22306.10938 0.94083
22309.97070 0.939712
22313.83984 0.939709
22317.71094 0.939706
22321.58008 0.939702
22325.44922 0.939699
22329.32031 0.939696
22333.18945 0.939693
22337.06055 0.93969
22340.92969 0.939687
22344.78906 0.939684
22348.66016 0.939681
22348.67969 0.940796
22352.55078 0.940793
22356.41992 0.94079
22360.28906 0.940786
22364.16016 0.940783
22368.01953 0.94078
22371.89062 0.940777
22371.91016 0.941892
22375.77930 0.941889
22379.65039 0.941886
22383.50000 0.940768
22387.36914 0.940765
22391.24023 0.940762
22395.09961 0.939644
22398.97070 0.939641
22402.83984 0.939638
22406.71094 0.939635
22410.58008 0.939632
22414.44922 0.939629
22418.32031 0.939625
22422.17969 0.939622
22426.05078 0.939619
22429.91992 0.939616
22433.78906 0.939613
22437.66016 0.93961
22441.52930 0.939607
22445.40039 0.939604
22449.26953 0.939601
22453.14062 0.939598
22457.00977 0.939595
22460.88086 0.939592
22464.75000 0.939588
22468.61914 0.939585
22472.49023 0.939582
22476.35938 0.939579
22480.23047 0.939576
22484.09961 0.939573
22487.97070 0.93957
22491.83984 0.939567
22495.71094 0.939564
22499.57031 0.939561
22503.43945 0.939558
22507.31055 0.939555
22507.33008 0.940669
22511.19922 0.940666
22515.07031 0.940663
22518.93945 0.94066
22522.80078 0.940657
22526.66992 0.940654
22526.68945 0.941769
22530.56055 0.941766
22534.42969 0.941763
22538.30078 0.94176
22542.16992 0.941756
22546.02930 0.941753
22549.90039 0.94175
22553.76953 0.941747
22557.64062 0.941744
22561.50977 0.941741
22565.38086 0.941738
22569.25000 0.941735
22569.25977 0.94285
22573.13086 0.942847
22577.00000 0.942844
22580.86914 0.94284
22584.74023 0.942837
22588.60938 0.942834
22592.48047 0.942831
22596.34961 0.942828
22600.22070 0.942825
22600.23047 0.94394
22604.09961 0.943937
22607.97070 0.943934
22611.83984 0.943931
22615.71094 0.943928
22619.58008 0.943924
22623.44922 0.943921
22623.46094 0.945036
22627.33008 0.945033
22631.19922 0.94503
22635.07031 0.945027
22638.93945 0.945024
22642.81055 0.945021
22646.67969 0.945018
22650.53906 0.9439
22654.41016 0.943897
22658.25977 0.942779
22658.27930 0.943894
22662.15039 0.943891
22666.01953 0.943887
22669.88086 0.943885
22673.75000 0.943881
22677.61914 0.943878
22681.49023 0.943875
22685.34961 0.942757
22689.22070 0.942754
22693.08984 0.942751
22696.96094 0.942748
22700.83008 0.942745
22704.69922 0.942742
22708.57031 0.942739
22712.43945 0.942736
22716.28906 0.941618
22720.16016 0.941615
22724.01953 0.940497
22727.88086 0.939379
22731.73047 0.938261
22735.59961 0.938258
22739.46094 0.93714
22743.31055 0.936022
22747.16992 0.934904
22751.02930 0.933786
22754.88086 0.932669
22758.74023 0.931551
22762.58008 0.929318
22766.43945 0.9282
22770.30078 0.927082
22774.14062 0.924849
22778.00000 0.923731
22781.83984 0.921499
22785.69922 0.920381
22789.52930 0.917033
22793.36914 0.914801
22797.23047 0.913683
22801.07031 0.91145
22804.91992 0.909217
22804.92969 0.910332
22804.93945 0.911447
22808.72070 0.90364
22812.58008 0.902522
22816.41016 0.899175
22820.25977 0.898057
22824.09961 0.894709
22827.92969 0.891362
22831.77930 0.890244
22835.63086 0.888011
22835.65039 0.890241
22835.66992 0.891356
22839.41016 0.880204
22843.25000 0.877972
22847.05078 0.872394
22850.88086 0.869047
22854.68945 0.86347
22858.48047 0.856778
22862.30078 0.852315
22866.08984 0.845623
22866.14062 0.850083
22866.16992 0.852312
22866.17969 0.853427
22869.85938 0.836702
22873.69922 0.834469
22877.49023 0.827777
22881.31055 0.823315
22885.08984 0.815508
22888.84961 0.806586
22892.66016 0.801009
22896.44922 0.794317
22900.24023 0.787625
22904.03906 0.780933
22907.78906 0.770897
22911.55078 0.761975
22915.33008 0.754168
22919.11914 0.747476
22922.91992 0.740784
22926.61914 0.726289
22930.41016 0.719597
22934.17969 0.710675
22934.23047 0.715134
22934.25000 0.717364
22934.26953 0.718479
22934.27930 0.719594
22937.83984 0.692835
22941.67969 0.690602
22945.41992 0.679451
22949.18945 0.670529
22952.91992 0.658263
22956.66016 0.647112
22960.41992 0.63819
22964.11914 0.623695
22967.85938 0.612544
22971.55078 0.596933
22975.27930 0.584667
22979.01953 0.573516
22982.77930 0.564594
22986.58008 0.557902
22990.28906 0.544521
22993.89062 0.521107
22997.63086 0.509956
23001.35938 0.49769
23005.08008 0.485424
23008.82031 0.474272
23012.59961 0.466465
23016.28906 0.450855
23019.97070 0.43413
23023.74023 0.426323
23023.82031 0.433012
23023.85938 0.436356
23023.86914 0.437471
23023.89062 0.438586
23027.41016 0.408483
23031.18945 0.400676
23034.90039 0.387295
23038.63086 0.375029
23042.41016 0.367222
23046.08984 0.351612
23049.83008 0.34046
23053.60938 0.332654
23053.68945 0.339342
23053.73047 0.342687
23053.74023 0.343802
23053.75977 0.344917
23057.25977 0.313699
23061.10938 0.311466
23061.16016 0.315925
23061.17969 0.318155
23061.19922 0.31927
23064.73047 0.290281
23068.55078 0.285819
23072.33984 0.279127
23076.13086 0.272435
23076.17969 0.276894
23076.21094 0.279124
23076.22070 0.280239
23076.23047 0.281353
23079.78906 0.254595
23083.58984 0.247903
23087.35938 0.240096
23091.13086 0.231174
23091.17969 0.235634
23091.22070 0.238978
23091.23047 0.240093
23091.25000 0.241208
23095.00977 0.232286
23095.02930 0.233401
23098.58008 0.206642
23102.42969 0.20441
23106.18945 0.195488
23109.99023 0.188796
23113.78906 0.183219
23113.88086 0.191023
23113.92969 0.195482
23113.96094 0.197711
23113.97070 0.198826
23117.49023 0.168723
23121.33984 0.16649
23121.36914 0.169835
23121.39062 0.17095
23121.40039 0.172065
23125.08984 0.156454
23125.14062 0.160913
23125.16992 0.163143
23125.17969 0.164258
23128.86914 0.148647
23132.68945 0.144185
23136.49023 0.138608
23140.28906 0.13303
23144.08984 0.126339
23147.90039 0.121876
23151.71094 0.116299
23151.75000 0.119643
23151.75977 0.120758
23151.76953 0.121873
23155.50000 0.109607
23159.33008 0.106259
23159.35938 0.108489
23159.36914 0.109604
23159.38086 0.110719
23163.11914 0.099568
23166.97070 0.097335
23170.78906 0.092872
23174.61914 0.089525
23178.44922 0.086177
23178.49023 0.089522
23178.50977 0.091751
23178.51953 0.092866
23182.23047 0.078371
23186.08984 0.078368
23186.10938 0.079482
23186.11914 0.080597
23189.89062 0.071676
23189.91016 0.073905
23189.92969 0.07502
23193.72070 0.068328
23197.56055 0.066095
23201.41992 0.064977
23201.43945 0.067207
23201.46094 0.068322
23205.22070 0.0594
23209.08008 0.058282
23212.91016 0.054935
23212.93945 0.057164
23212.94922 0.058279
23216.73047 0.050472
23220.58008 0.049355
23220.59961 0.050469
23220.60938 0.051584
23224.41016 0.046007
23228.27930 0.046004
23228.30078 0.047119
23232.13086 0.043771
23236.00000 0.043768
23239.82031 0.039306
23243.66992 0.038188
23243.67969 0.039303
23247.50000 0.03484
23251.36914 0.034837
23251.38086 0.035952
23255.22070 0.032605
23259.07031 0.031487
23262.92969 0.030369
23266.78906 0.029251
23270.64062 0.028133
23274.50000 0.027015
23278.34961 0.025897
23282.21094 0.024779
23282.22070 0.025894
23286.05078 0.022547
23289.91992 0.022543
23293.77930 0.021426
23297.64062 0.020308
23301.49023 0.01919
23305.35938 0.019187
23309.22070 0.018069
23313.08008 0.016951
23316.94922 0.016948
23320.80078 0.01583
23324.66016 0.014712
23328.52930 0.014709
23332.39062 0.013591
23336.25977 0.013588
23340.10938 0.01247
23343.98047 0.012467
23347.83984 0.011349
23351.71094 0.011346
23355.56055 0.010228
23359.42969 0.010225
23363.30078 0.010222
23367.16016 0.009104
23371.02930 0.009101
23374.90039 0.009098
23378.75000 0.00798
23382.61914 0.007977
23386.48047 0.006859
23390.34961 0.006856
23394.21094 0.005738
23398.08008 0.005735
23401.92969 0.004617
23405.80078 0.004614
23409.66992 0.004611
23413.53906 0.004608
25754.89258 0.0
