threeML/data/optical_filters/Keck/NIRC2-Lp.ecsv
# %ECSV 0.9
# ---
# datatype:
# - {name: wavelength, unit: Angstrom, datatype: float32}
# - {name: response, datatype: float32}
# meta: !!omap
# - {band_name: Lp}
# - {group_name: NIRC2}
wavelength response
[from data line 1533]
41188.17188 0.554619
41195.44922 0.530146
41195.62891 0.534595
41195.71875 0.53682
41195.76953 0.537932
41195.82031 0.539044
41203.37109 0.521245
41203.55078 0.525694
41203.64062 0.527919
41203.69141 0.529031
41211.10156 0.507895
41211.28906 0.512344
41211.37891 0.514569
41211.42969 0.515681
41211.46875 0.516794
41219.16016 0.502331
41219.21094 0.503444
41219.25000 0.504556
41226.48047 0.47897
41226.71094 0.484532
41226.85156 0.487869
41226.89844 0.488981
41226.94141 0.490094
41234.03125 0.461171
41234.26172 0.466733
41234.35938 0.468957
41234.39844 0.47007
41234.44922 0.471182
41241.67969 0.445596
41241.91016 0.451158
41242.05078 0.454495
41242.08984 0.455607
41242.14062 0.45672
41249.32031 0.430022
41249.46094 0.433359
41249.55078 0.435583
41249.60156 0.436696
41257.14844 0.418896
41257.23828 0.421121
41257.28906 0.422233
41264.78906 0.403322
41273.03125 0.402207
41273.12891 0.404432
41273.17188 0.405544
41280.53906 0.383296
41280.71875 0.387745
41280.82031 0.38997
41280.85938 0.391082
41288.17969 0.367721
41288.23047 0.368833
41296.10156 0.35882
41304.21094 0.354369
41304.30078 0.356594
41304.35156 0.357706
41304.39062 0.358818
41311.89844 0.339907
41311.98828 0.342131
41312.03125 0.343244
41312.07812 0.344356
41319.67969 0.327669
41319.76953 0.329894
41319.82031 0.331006
41327.37109 0.313207
41327.41016 0.314319
41327.46094 0.315431
41335.14844 0.300969
41343.44141 0.300967
41343.48047 0.302079
41350.85156 0.279831
41350.94141 0.282055
41350.98828 0.283168
41351.03906 0.28428
41358.73047 0.269818
41358.91016 0.274267
41359.00000 0.276492
41359.05078 0.277604
41366.64844 0.260917
41366.73828 0.263142
41366.78125 0.264254
41374.57031 0.252016
41374.60938 0.253129
41390.44922 0.235327
41390.53906 0.237552
41390.58984 0.238664
41390.64062 0.239777
41398.51172 0.229764
41398.55859 0.230876
41406.60938 0.225312
41406.66016 0.226425
41422.58984 0.210848
41430.46875 0.200835
41438.71094 0.199721
41446.85938 0.196382
41446.91016 0.197494
41446.94922 0.198606
41455.23828 0.198604
41462.83984 0.181917
41462.87891 0.18303
41462.92969 0.184142
41470.85156 0.175241
41478.26172 0.154105
41486.37109 0.149654
41494.46875 0.145202
41494.51953 0.146315
41502.44141 0.137414
41502.48047 0.138526
41510.64062 0.135187
41518.78906 0.131848
41518.82812 0.132961
41526.94141 0.128509
41526.98047 0.129622
41527.03125 0.130734
41543.10156 0.118494
41558.89062 0.099581
41567.14062 0.098466
41575.42188 0.098464
41575.46875 0.099577
41583.53125 0.094013
41599.69141 0.083998
41624.14062 0.073981
41714.12109 0.045039
41722.37109 0.043924
41730.64844 0.043922
41738.89844 0.042808
41747.19141 0.042806
41755.37891 0.04058
41788.30859 0.03501
41796.60156 0.035008
41804.83984 0.033894
41813.12891 0.033892
41821.37109 0.032777
41829.66016 0.032775
41837.89844 0.031661
41870.78125 0.024979
41879.01953 0.023865
41887.21875 0.021638
41895.46094 0.020524
41903.75000 0.020522
41912.03906 0.02052
41920.32812 0.020518
41928.62109 0.020516
41936.85938 0.019402
41945.10156 0.018287
41953.39062 0.018285
41961.67969 0.018283
41969.92188 0.017169
41978.21094 0.017167
41986.41016 0.01494
41994.69922 0.014938
42002.94141 0.013824
42011.17969 0.01271
42019.46875 0.012708
42027.71875 0.011594
42036.00000 0.011592
42044.28906 0.01159
42052.57812 0.011588
42060.87109 0.011586
42069.10938 0.010471
42077.35938 0.009357
42085.51172 0.006018
42093.75000 0.004904
42102.03906 0.004902
46312.24219 0.0
