threeML/data/optical_filters/Keck/NIRC2-H.ecsv
# %ECSV 0.9
# ---
# datatype:
# - {name: wavelength, unit: Angstrom, datatype: float32}
# - {name: response, datatype: float32}
# meta: !!omap
# - {band_name: H}
# - {group_name: NIRC2}
wavelength response
13000.50000 0.0
14445.00000 0.00417
14448.87012 0.004166
14452.75000 0.004163
14452.76953 0.005271
14456.63965 0.005268
14460.50977 0.005264
14464.38965 0.00526
14468.25977 0.005257
14472.12988 0.005253
14476.00977 0.005249
14476.03027 0.006358
14479.90039 0.006354
14483.76953 0.006351
14483.79004 0.007459
14487.66016 0.007455
14491.54004 0.007452
14495.41016 0.007448
14495.42969 0.008557
14499.29980 0.008553
14503.17969 0.008549
14503.19043 0.009658
14507.07031 0.009654
14510.94043 0.009651
14510.95996 0.010759
14514.83008 0.010756
14514.84961 0.011864
14518.71973 0.011861
14522.59961 0.011857
14522.61035 0.012966
14526.49023 0.012962
14530.36035 0.012958
14530.37988 0.014067
14534.25000 0.014063
14534.26953 0.015172
14538.13965 0.015168
14538.16016 0.016277
14542.03027 0.016273
14542.04980 0.017382
14545.92969 0.017378
14545.94043 0.018487
14549.82031 0.018483
14549.83008 0.019592
14553.70996 0.019588
14557.58008 0.019584
14557.59961 0.020693
14557.62012 0.021801
14561.49023 0.021798
14561.50977 0.022906
14565.37988 0.022903
14565.40039 0.024011
14565.41016 0.02512
14569.29004 0.025116
14569.30957 0.026225
14573.17969 0.026221
14573.20020 0.02733
14577.07031 0.027326
14577.08984 0.028435
14577.09961 0.029543
14580.98047 0.02954
14581.00000 0.030648
14584.88965 0.031753
14584.90039 0.032862
14588.78027 0.032858
14588.80957 0.035076
14588.83008 0.036184
14592.70020 0.036181
14592.71973 0.037289
14592.74023 0.038398
14596.61035 0.038394
14596.63965 0.040611
14600.51953 0.040608
14600.54980 0.042825
14604.42969 0.042821
14604.45996 0.045039
14604.48047 0.046147
14608.34961 0.046143
14608.38965 0.048361
14608.40039 0.049469
14612.28027 0.049466
14612.29004 0.050574
14612.30957 0.051683
14616.19043 0.051679
14616.21973 0.053897
14620.08984 0.053893
14620.12988 0.05611
14620.15039 0.057219
14624.01953 0.057215
14624.07031 0.060541
14624.08984 0.06165
14627.95996 0.061646
14628.00977 0.064972
14628.03027 0.06608
14631.90039 0.066077
14631.96973 0.070511
14631.99023 0.07162
14635.86035 0.071616
14635.92969 0.076051
14635.95020 0.077159
14639.82031 0.077156
14639.87012 0.080482
14639.88965 0.08159
14643.76953 0.081587
14643.79980 0.083804
14643.82031 0.084912
14647.69043 0.084909
14647.74023 0.088235
14651.62012 0.088231
14651.71973 0.094883
14651.74023 0.095991
14655.61035 0.095988
14655.63965 0.098205
14655.66016 0.099314
14659.54004 0.09931
14659.59961 0.103744
14659.63965 0.105962
14663.50977 0.105958
14663.62012 0.11261
14663.62988 0.113718
14663.65039 0.114827
14667.51953 0.114823
14667.58984 0.119258
14667.62988 0.121475
14667.63965 0.122584
14671.51953 0.12258
14671.54980 0.124797
14671.57031 0.125906
14675.44043 0.125902
14675.48047 0.12812
14675.49023 0.129228
14679.37012 0.129224
14679.45020 0.134768
14679.46973 0.135876
14683.34961 0.135873
14683.42969 0.141416
14683.45020 0.142524
14687.32031 0.142521
14687.41992 0.149172
14687.44043 0.150281
14687.45996 0.15139
14691.33008 0.151386
14691.41992 0.156929
14691.44043 0.158038
14691.45020 0.159146
14695.33008 0.159143
14695.40039 0.163577
14695.42969 0.165795
14699.29980 0.165791
14699.38965 0.171334
14699.41992 0.173551
14703.29980 0.173548
14703.34961 0.176874
14703.37012 0.177982
14707.24023 0.177979
14707.29004 0.181304
14707.30957 0.182413
14711.17969 0.182409
14711.26953 0.187952
14711.29004 0.189061
14715.16016 0.189058
14715.28027 0.196818
14715.29980 0.197926
14719.16992 0.197923
14719.24023 0.202357
14719.25977 0.203466
14723.12988 0.203462
14723.20020 0.207897
14723.23047 0.210114
14723.25000 0.211223
14727.12012 0.211219
14727.20996 0.216762
14727.24023 0.21898
14731.12012 0.218976
14731.20020 0.224519
14731.21973 0.225628
14735.09961 0.225624
14735.16016 0.230058
14735.17969 0.231167
14735.20020 0.232276
14739.07031 0.232272
14739.12012 0.235598
14739.13965 0.236706
14739.16016 0.237815
14743.03027 0.237812
14743.09961 0.242246
14746.96973 0.242242
14747.08008 0.248894
14747.08984 0.250003
14750.96973 0.249999
14751.04980 0.255542
14754.92969 0.255539
14755.00977 0.261082
14755.03027 0.26219
14758.90039 0.262187
14759.00977 0.268838
14759.03027 0.269947
14759.04004 0.271056
14762.91992 0.271052
14762.98047 0.275487
14766.86035 0.275483
14766.91016 0.278809
14766.92969 0.279917
14766.94043 0.281026
14770.82031 0.281022
14770.88965 0.285457
14770.90039 0.286565
14774.78027 0.286562
14774.90039 0.294322
14774.91992 0.295431
14778.79004 0.295427
14778.87988 0.30097
14778.88965 0.302079
14778.91016 0.303188
14782.78027 0.303184
14782.84961 0.307618
14786.73047 0.307615
14786.84961 0.315375
14786.90039 0.318701
14790.76953 0.318697
14790.86035 0.324241
14794.73047 0.324237
14794.79980 0.328671
14794.82031 0.32978
14798.69043 0.329776
14798.75977 0.334211
14798.78027 0.335319
14802.65039 0.335316
14802.75000 0.341968
14806.62988 0.341964
14806.75000 0.349724
14806.78027 0.351942
14810.66016 0.351938
14810.78027 0.359698
14810.79004 0.360807
14814.66992 0.360803
14814.79980 0.369672
14814.82031 0.370781
14818.69043 0.370777
14818.84961 0.380755
14818.87012 0.381864
14818.87988 0.382972
14822.75977 0.382969
14822.90039 0.391838
14826.76953 0.391834
14826.87012 0.398486
14826.88965 0.399594
14830.75977 0.399591
14830.79980 0.401808
14830.80957 0.402917
14834.69043 0.402913
14834.74023 0.406239
14838.61035 0.406235
14838.79004 0.417321
14838.83984 0.420647
14842.70996 0.420644
14842.87988 0.43173
14846.75977 0.431726
14846.92969 0.442812
14846.95020 0.443921
14846.95996 0.44503
14850.83984 0.445026
14851.03027 0.457221
14851.04004 0.45833
14851.05957 0.459438
14854.92969 0.459435
14855.04980 0.467195
14855.08984 0.469412
14858.95996 0.469409
14859.05957 0.47606
14859.08008 0.477169
14862.95996 0.477165
14863.08008 0.484926
14866.95020 0.484922
14867.07031 0.492683
14867.08984 0.493791
14870.95996 0.493787
14871.12988 0.504874
14871.15039 0.505982
14875.01953 0.505979
14875.23047 0.519282
14875.25000 0.520391
14875.25977 0.5215
14879.13965 0.521496
14879.36035 0.535908
14879.37988 0.537017
14879.40039 0.538125
14883.26953 0.538122
14883.44043 0.549208
14883.45996 0.550317
14887.33008 0.550313
14887.45020 0.558073
14887.49023 0.560291
14891.36035 0.560287
14891.50000 0.569156
14891.50977 0.570265
14895.38965 0.570261
14895.62988 0.585782
14899.50000 0.585778
14899.63965 0.594647
14899.66016 0.595756
14903.53027 0.595752
14903.74023 0.609056
14903.76953 0.611273
14907.65039 0.611269
14907.84961 0.624573
14907.87012 0.625682
14911.74023 0.625678
14911.91016 0.636764
14911.92969 0.637873
14915.80957 0.637869
14915.94043 0.646738
14919.82031 0.646734
14919.96973 0.656712
14919.99023 0.657821
14923.86035 0.657817
14924.03027 0.668903
14924.04980 0.670012
14927.91992 0.670008
14928.11035 0.682203
14931.99023 0.6822
14932.16016 0.693286
14936.03027 0.693282
14936.16992 0.702151
14936.19043 0.70326
14936.20020 0.704369
14940.08008 0.704365
14940.26953 0.71656
14944.13965 0.716556
14944.30957 0.727642
14948.19043 0.727639
14948.32031 0.736508
14948.33984 0.737616
14952.21973 0.737613
14952.32031 0.744264
14952.33984 0.745373
14956.20996 0.74537
14956.29980 0.750913
14956.30957 0.752021
14960.19043 0.752018
14960.30957 0.759778
14960.32031 0.760887
14964.20020 0.760883
14964.33008 0.769752
14964.34961 0.770861
14968.23047 0.770857
14968.36035 0.779726
14968.37988 0.780835
14972.25000 0.780831
14972.42969 0.791917
14972.44043 0.793026
14976.32031 0.793022
14976.41992 0.799674
14976.44043 0.800783
14980.30957 0.800779
14980.36035 0.804105
14980.40039 0.806322
14984.26953 0.806318
14984.32031 0.809644
14984.33984 0.810753
14988.20996 0.810749
14988.23047 0.811858
14992.09961 0.811854
14992.16992 0.816289
14992.19043 0.817397
14996.05957 0.817394
14996.15039 0.822937
15000.01953 0.822933
15000.17969 0.832911
15004.04980 0.832907
15004.16992 0.840668
15004.19043 0.841776
15008.05957 0.841773
15008.12988 0.846207
15012.00977 0.846203
15012.05957 0.849529
15012.07031 0.850638
15015.95020 0.850634
15015.98047 0.852851
15019.86035 0.852848
15019.87012 0.853956
15019.88965 0.855065
15023.75977 0.855061
15023.79980 0.857279
15023.82031 0.858387
15027.69043 0.858384
15027.74023 0.86171
15031.61035 0.861706
15031.66992 0.865032
15035.54004 0.865028
15035.58984 0.868354
15035.61035 0.869463
15039.48047 0.869459
15039.50000 0.870567
15039.51953 0.871676
15043.38965 0.871672
15043.41016 0.872781
15047.28027 0.872777
15047.29980 0.873886
15047.32031 0.874995
15051.19043 0.874991
15051.20996 0.8761
15055.08008 0.876096
15058.95020 0.876092
15058.96973 0.877201
15062.84961 0.877197
15062.86035 0.878306
15066.74023 0.878302
15066.75000 0.879411
15066.76953 0.880519
15070.63965 0.880516
15070.66016 0.881624
15074.54004 0.881621
15074.54980 0.882729
15078.42969 0.882726
15082.29980 0.882722
15086.16992 0.882718
15086.19043 0.883827
15090.05957 0.883823
15090.08008 0.884932
15093.95996 0.884928
15093.96973 0.886037
15097.84961 0.886033
15097.86035 0.887142
15101.74023 0.887138
15101.75000 0.888247
15105.62988 0.888243
15109.50000 0.888239
15113.37988 0.888236
15117.25000 0.888232
15117.26953 0.889341
15121.13965 0.889337
15121.16016 0.890446
15125.03027 0.890442
15128.91016 0.890438
15128.91992 0.891547
15132.79980 0.891543
15136.66992 0.891539
15140.53027 0.890427
15144.40039 0.890423
15148.26953 0.89042
15152.15039 0.890416
15156.01953 0.890412
15156.04004 0.891521
15156.05957 0.89263
15159.92969 0.892626
15159.95020 0.893735
15163.82031 0.893731
15163.83984 0.89484
15167.70996 0.894836
15171.57031 0.893724
15175.44043 0.89372
15179.29980 0.892608
15183.16992 0.892604
15183.19043 0.893713
15187.05957 0.893709
15187.08008 0.894818
15190.95020 0.894814
15190.96973 0.895922
15194.84961 0.895919
15198.71973 0.895915
15198.74023 0.897024
15198.75000 0.898132
15202.62988 0.898129
15206.46973 0.895908
15210.33984 0.895904
15214.20020 0.894792
15218.04980 0.893679
15221.91016 0.892567
15225.76953 0.891455
15229.62012 0.890343
15229.63965 0.891451
15233.45996 0.888122
15237.32031 0.887009
15241.17969 0.885897
15245.04980 0.885893
15248.88965 0.883672
15252.75977 0.883669
15256.58984 0.880339
15260.45996 0.880335
15264.32031 0.879223
15264.33008 0.880332
15268.15039 0.877002
15272.03027 0.876998
15275.88965 0.875886
15279.71973 0.873665
15283.59961 0.873662
15283.62012 0.87477
15287.41992 0.870332
15291.25977 0.868111
15295.12012 0.866999
15295.12988 0.868107
15295.15039 0.869216
15298.94043 0.863669
15302.79980 0.862557
15306.62988 0.860336
15310.46973 0.858115
15310.49023 0.859223
15310.50977 0.860332
15314.29980 0.854785
15318.15039 0.853673
15321.99023 0.851452
15325.84961 0.85034
15325.87012 0.851448
15329.65039 0.845901
15333.50977 0.844789
15337.37012 0.843677
15337.37988 0.844785
15341.19043 0.840347
15345.04980 0.839235
15348.87012 0.835905
15352.73047 0.834793
15352.74023 0.835902
15356.54980 0.831464
15360.41992 0.83146
15364.25977 0.829239
15364.28027 0.830348
15368.08008 0.825909
15371.94043 0.824797
15375.78027 0.822576
15379.59961 0.819246
15383.45996 0.818134
15383.46973 0.819243
15383.49023 0.820351
15387.28027 0.814805
15387.29980 0.815913
15387.30957 0.817022
15391.12012 0.812584
15394.98047 0.811471
15398.82031 0.80925
15402.69043 0.809247
15406.54980 0.808134
15406.55957 0.809243
15410.37012 0.804805
15414.24023 0.804801
15414.25977 0.80591
15418.08008 0.80258
15421.95020 0.802577
15425.80957 0.801464
15429.69043 0.801461
15433.54004 0.800348
15437.40039 0.799236
15441.26953 0.799232
15445.12988 0.79812
15449.00000 0.798116
15449.01953 0.799225
15452.83984 0.795895
15456.71973 0.795892
15460.58984 0.795888
15460.61035 0.796997
15464.48047 0.796993
15468.34961 0.796989
15472.23047 0.796986
15472.24023 0.798094
15476.12012 0.798091
15479.98047 0.796978
15480.00977 0.799195
15483.87988 0.799192
15483.90039 0.8003
15487.76953 0.800297
15491.65039 0.800293
15495.51953 0.800289
15495.54004 0.801398
15499.41016 0.801394
15503.29004 0.801391
15507.16016 0.801387
15511.03027 0.801383
15511.04980 0.802492
15514.92969 0.802488
15518.79980 0.802485
15518.82031 0.803593
15522.69043 0.803589
15522.70996 0.804698
15526.58008 0.804694
15526.59961 0.805803
15530.46973 0.805799
15530.49023 0.806908
15534.36035 0.806904
15534.37988 0.808013
15538.25000 0.808009
15538.29004 0.810226
15542.16016 0.810223
15542.17969 0.811331
15542.20020 0.81244
15546.07031 0.812436
15546.08984 0.813545
15549.95996 0.813541
15549.98047 0.81465
15553.84961 0.814646
15553.88965 0.816864
15557.75977 0.81686
15557.78027 0.817969
15561.65039 0.817965
15561.66992 0.819073
15561.69043 0.820182
15565.55957 0.820178
15565.58008 0.821287
15569.45020 0.821283
15569.46973 0.822392
15573.33984 0.822388
15573.36035 0.823497
15577.23047 0.823493
15577.25000 0.824602
15581.12012 0.824598
15581.13965 0.825707
15581.16016 0.826816
15585.03027 0.826812
15585.07031 0.829029
15588.94043 0.829025
15588.96973 0.831243
15588.99023 0.832351
15592.86035 0.832348
15592.87988 0.833456
15596.75977 0.833453
15596.76953 0.834561
15600.65039 0.834557
15600.67969 0.836775
15604.54980 0.836771
15604.57031 0.83788
15608.45020 0.837876
15608.45996 0.838985
15608.48047 0.840093
15612.34961 0.84009
15612.37012 0.841198
15616.24023 0.841195
15616.25977 0.842303
15620.13965 0.842299
15620.15039 0.843408
15624.03027 0.843405
15624.05957 0.845622
15627.92969 0.845618
15627.95020 0.846727
15627.96973 0.847835
15631.83984 0.847832
15635.71973 0.847828
15635.73047 0.848937
15635.75000 0.850045
15639.62012 0.850042
15643.50000 0.850038
15643.51953 0.851147
15647.38965 0.851143
15647.41016 0.852251
15651.28027 0.852248
15651.29980 0.853356
15655.16992 0.853353
15655.20996 0.85557
15659.08008 0.855566
15659.11035 0.857784
15662.99023 0.85778
15663.00000 0.858889
15663.01953 0.859997
15666.90039 0.859993
15666.91016 0.861102
15670.79004 0.861098
15674.66016 0.861095
15678.53027 0.861091
15678.54980 0.8622
15682.41992 0.862196
15682.44043 0.863305
15686.32031 0.863301
15690.19043 0.863297
15690.20996 0.864406
15694.08008 0.864402
15697.95020 0.864399
15697.96973 0.865507
15701.84961 0.865503
15701.86035 0.866612
15705.74023 0.866608
15705.75000 0.867717
15705.76953 0.868826
15709.63965 0.868822
15713.51953 0.868818
15713.54004 0.869927
15717.41016 0.869923
15721.28027 0.86992
15721.29980 0.871028
15725.16992 0.871025
15725.19043 0.872133
15729.05957 0.87213
15732.94043 0.872126
15732.95996 0.873234
15736.83008 0.873231
15740.70020 0.873227
15744.58008 0.873223
15748.45020 0.87322
15752.32031 0.873216
15756.20020 0.873212
15760.07031 0.873209
15763.92969 0.872096
15767.79980 0.872093
15771.67969 0.872089
15775.54980 0.872085
15775.57031 0.873194
15779.44043 0.87319
15783.30957 0.873187
15783.33008 0.874295
15787.20996 0.874292
15791.08008 0.874288
15794.95020 0.874284
15798.83008 0.874281
15798.83984 0.875389
15802.71973 0.875385
15806.58984 0.875382
15810.46973 0.875378
15814.33984 0.875374
15818.20020 0.874262
15822.07031 0.874258
15825.94043 0.874255
15829.82031 0.874251
15833.69043 0.874247
15837.54980 0.873135
15841.41992 0.873131
15841.44043 0.87424
15845.30957 0.874236
15845.33008 0.875345
15849.20020 0.875341
15853.08008 0.875338
15856.95020 0.875334
15860.82031 0.87533
15864.70020 0.875327
15864.71973 0.876435
15868.58984 0.876432
15872.45996 0.876428
15876.32031 0.875315
15880.19043 0.875312
15884.04980 0.8742
15887.91992 0.874196
15891.79980 0.874192
15895.66992 0.874189
15895.69043 0.875297
15899.55957 0.875293
15899.58008 0.876402
15903.45020 0.876398
15907.33008 0.876395
15907.33984 0.877503
15911.21973 0.8775
15915.08984 0.877496
15918.96973 0.877492
15922.83984 0.877489
15926.70996 0.877485
15930.58984 0.877481
15934.45996 0.877477
15934.48047 0.878586
15938.34961 0.878582
15938.37012 0.879691
15942.24023 0.879687
15946.12012 0.879684
15949.99023 0.87968
15953.86035 0.879676
15957.74023 0.879673
15961.61035 0.879669
15965.48047 0.879665
15969.36035 0.879662
15973.23047 0.879658
15973.25000 0.880767
15977.12012 0.880763
15981.00000 0.880759
15984.87012 0.880756
15984.88965 0.881864
15988.75977 0.88186
15992.63965 0.881857
15992.65039 0.882965
15992.66992 0.884074
15996.54004 0.88407
16000.41992 0.884067
16004.29004 0.884063
