threeML/data/optical_filters/Keck/NIRC2-Ks.ecsv
# %ECSV 0.9
# ---
# datatype:
# - {name: wavelength, unit: Angstrom, datatype: float32}
# - {name: response, datatype: float32}
# meta: !!omap
# - {band_name: Ks}
# - {group_name: NIRC2}
wavelength response
17526.91406 0.0
19474.34961 0.0044
19478.22070 0.004397
19482.08984 0.004394
19485.94922 0.004391
19489.82031 0.004388
19493.68945 0.004385
19497.56055 0.004382
19497.58008 0.005496
19501.44922 0.005493
19505.32031 0.00549
19509.17969 0.005487
19513.05078 0.005484
19513.07031 0.006599
19516.93945 0.006596
19520.81055 0.006593
19520.82031 0.007708
19524.68945 0.007704
19528.56055 0.007701
19532.42969 0.007698
19532.43945 0.008813
19536.31055 0.00881
19540.17969 0.008807
19544.05078 0.008804
19544.06055 0.009919
19547.92969 0.009916
19551.80078 0.009913
19555.66992 0.009909
19555.67969 0.011024
19559.55078 0.011021
19563.41992 0.011018
19563.43945 0.012133
19567.30078 0.01213
19571.16992 0.012127
19571.18945 0.013242
19575.06055 0.013239
19578.92969 0.013235
19582.80078 0.013232
19582.81055 0.014347
19586.67969 0.014344
19586.68945 0.015459
19590.56055 0.015456
19590.57031 0.016571
19594.43945 0.016568
19598.31055 0.016564
19598.33008 0.017679
19602.19922 0.017676
19606.06055 0.017673
19606.08008 0.018788
19609.94922 0.018785
19613.82031 0.018782
19613.83008 0.019897
19617.69922 0.019894
19617.71094 0.021008
19621.58008 0.021005
19621.58984 0.02212
19625.46094 0.022117
19625.48047 0.023232
19629.34961 0.023229
19629.35938 0.024344
19633.23047 0.02434
19633.24023 0.025455
19637.10938 0.025452
19640.98047 0.025449
19640.99023 0.026564
19644.85938 0.026561
19644.88086 0.027676
19648.75000 0.027673
19648.75977 0.028787
19648.76953 0.029902
19652.64062 0.029899
19652.65039 0.031014
19656.51953 0.031011
19656.53906 0.032126
19656.55078 0.033241
19660.41992 0.033237
19660.42969 0.034352
19664.30078 0.034349
19664.31055 0.035464
19668.17969 0.035461
19668.19922 0.036576
19672.07031 0.036573
19672.08008 0.037687
19672.08984 0.038802
19675.96094 0.038799
19675.97070 0.039914
19679.83984 0.039911
19679.85938 0.041026
19679.86914 0.042141
19683.74023 0.042137
19683.76953 0.044367
19687.63086 0.044364
19687.65039 0.045479
19687.66016 0.046594
19691.52930 0.046591
19691.53906 0.047705
19695.41016 0.047702
19695.42969 0.048817
19699.30078 0.048814
19699.32031 0.051044
19703.18945 0.051041
19703.19922 0.052155
19703.22070 0.05327
19707.08984 0.053267
19707.11914 0.056612
19710.99023 0.056609
19711.01953 0.058838
19714.89062 0.058835
19714.92969 0.06218
19714.93945 0.063294
19718.81055 0.063291
19718.83984 0.065521
19718.84961 0.066636
19722.72070 0.066633
19722.75977 0.069977
19726.63086 0.069974
19726.65039 0.072204
19726.66992 0.073318
19730.53906 0.073315
19730.55078 0.07443
19734.41992 0.074427
19734.43945 0.076657
19734.46094 0.077772
19738.33008 0.077768
19738.36914 0.081113
19742.24023 0.08111
19742.28906 0.085569
19742.30078 0.086684
19746.16992 0.086681
19746.21094 0.090025
19750.08008 0.090022
19750.08984 0.091137
19750.09961 0.092252
19753.97070 0.092249
19754.05078 0.098938
19754.06055 0.100053
19757.92969 0.100049
19757.94922 0.101164
19757.96094 0.102279
19761.83008 0.102276
19761.88086 0.106735
19761.89062 0.10785
19765.75977 0.107847
19765.80078 0.111191
19765.81055 0.112306
19769.67969 0.112303
19769.74023 0.116762
19773.60938 0.116759
19773.64062 0.120104
19773.66016 0.121219
19777.52930 0.121215
19777.59961 0.127904
19777.61914 0.129019
19781.49023 0.129016
19781.55078 0.13459
19785.41992 0.134587
19785.50977 0.142391
19789.38086 0.142388
19789.42969 0.146847
19789.44922 0.147962
19793.32031 0.147959
19793.38086 0.153533
19797.25000 0.15353
19797.33008 0.160219
19801.19922 0.160216
19801.25977 0.16579
19805.13086 0.165787
19805.23047 0.174705
19809.09961 0.174702
19809.23047 0.18585
19809.25000 0.186965
19813.11914 0.186962
19813.15039 0.190307
19813.16992 0.191421
19817.03906 0.191418
19817.14062 0.200337
19821.00977 0.200334
19821.05078 0.203678
19821.06055 0.204793
19824.92969 0.20479
19825.02930 0.213708
19825.06055 0.215938
19828.92969 0.215935
19829.05078 0.225968
19829.06055 0.227083
19832.92969 0.22708
19833.00977 0.233769
19833.01953 0.234884
19836.89062 0.234881
19837.02930 0.247144
19837.03906 0.248258
19840.91016 0.248255
19841.02930 0.258289
19841.03906 0.259404
19844.91016 0.2594
19845.02930 0.269434
19845.03906 0.270549
19848.91016 0.270545
19849.05078 0.282809
19852.91992 0.282805
19853.00000 0.289494
19853.00977 0.290609
19856.88086 0.290606
19856.96094 0.297295
19856.97070 0.29841
19860.83984 0.298407
19860.94922 0.307325
19864.82031 0.307322
19864.97070 0.3207
19865.01953 0.325159
19865.03906 0.326274
19868.91016 0.326271
19869.03906 0.337419
19872.91016 0.337416
19873.05078 0.349679
19876.91992 0.349676
19877.08984 0.364169
19877.09961 0.365283
19880.97070 0.36528
19881.08008 0.375314
19881.11914 0.378658
19884.99023 0.378655
19885.14062 0.390918
19885.15039 0.392033
19889.01953 0.39203
19889.13086 0.402063
19893.00000 0.40206
19893.15039 0.414323
19893.16016 0.415438
19897.02930 0.415435
19897.19922 0.429927
19897.21094 0.431042
19901.08008 0.431039
19901.22070 0.443302
19901.23047 0.444417
19905.09961 0.444414
19905.30078 0.461136
19905.40039 0.470055
19905.41016 0.471169
19909.27930 0.471166
19909.35938 0.477855
19909.36914 0.47897
19913.24023 0.478967
19913.25977 0.480082
19913.41016 0.49346
19913.42969 0.494574
19917.28906 0.494571
19917.40039 0.50349
19917.41016 0.504605
19921.27930 0.504602
19921.38086 0.51352
19925.25000 0.513517
19925.41016 0.526895
19929.27930 0.526892
19929.49023 0.544729
19929.50000 0.545844
19933.36914 0.545841
19933.48047 0.555874
19933.50000 0.556989
19937.36914 0.556986
19937.50977 0.569249
19937.51953 0.570364
19941.39062 0.57036
19941.48047 0.578164
19945.34961 0.578161
19945.49023 0.590424
19945.50977 0.591539
19945.51953 0.592654
19949.39062 0.592651
19949.53906 0.606028
19949.56055 0.607143
19953.42969 0.60714
19953.53906 0.617174
19957.41016 0.61717
19957.57031 0.630548
19961.43945 0.630545
19961.65039 0.648382
19961.66016 0.649497
19965.52930 0.649494
19965.64062 0.659527
19965.66016 0.660642
19969.52930 0.660639
19969.66016 0.671787
19973.52930 0.671784
19973.64062 0.681817
19973.71094 0.687391
19977.58008 0.687388
19977.63086 0.691848
19981.50000 0.691845
19981.64062 0.704108
19981.65039 0.705222
19985.51953 0.705219
19985.57031 0.709679
19989.43945 0.709676
19989.57031 0.720824
19993.43945 0.720821
19993.56055 0.730854
19997.42969 0.730851
19997.58008 0.744229
20001.44922 0.744226
20001.66992 0.763178
20005.53906 0.763174
20005.68945 0.775437
20005.69922 0.776552
20009.57031 0.776549
20009.71094 0.788812
20013.58008 0.788809
20013.69922 0.798842
20013.71094 0.799957
20017.58008 0.799954
20017.63086 0.804413
20017.64062 0.805528
20021.50977 0.805525
20021.58008 0.811099
20021.58984 0.812214
20025.46094 0.812211
20025.58008 0.822244
20029.44922 0.822241
20029.50000 0.826701
20029.50977 0.827815
20033.38086 0.827812
20033.51953 0.840075
20037.39062 0.840072
20037.43945 0.844531
20037.46094 0.845646
20041.33008 0.845643
20041.41992 0.853447
20045.28906 0.853444
20045.35938 0.860133
20049.23047 0.86013
20049.27930 0.864589
20049.30078 0.865704
20053.16992 0.865701
20053.22070 0.87016
20053.23047 0.871275
20057.09961 0.871272
20057.17969 0.87796
20061.05078 0.877957
20061.13086 0.884646
20061.14062 0.885761
20065.00977 0.885758
20065.06055 0.890217
20065.07031 0.891332
20068.93945 0.891329
20068.97070 0.893559
20072.83984 0.893556
20072.88086 0.8969
20072.89062 0.898015
20076.75977 0.898012
20076.76953 0.899127
20076.78906 0.900242
20080.66016 0.900238
20080.67969 0.902468
20080.68945 0.903583
20084.56055 0.90358
20084.58008 0.904695
20084.58984 0.905809
20088.46094 0.905806
20088.47070 0.906921
20088.48047 0.908036
20092.34961 0.908033
20092.41016 0.912492
20096.27930 0.912489
20096.30078 0.914719
20100.16992 0.914716
20100.17969 0.91583
20104.05078 0.915827
20104.07031 0.916942
20107.93945 0.916939
20107.94922 0.918054
20107.96094 0.919169
20111.83008 0.919166
20111.83984 0.92028
20115.71094 0.920277
20115.73047 0.921392
20119.59961 0.921389
20119.60938 0.922504
20123.48047 0.922501
20123.49023 0.923616
20127.35938 0.923612
20127.36914 0.924727
20131.24023 0.924724
20131.25977 0.925839
20135.13086 0.925836
20139.00000 0.925833
20142.85938 0.92583
20146.73047 0.925827
20150.59961 0.925824
20154.47070 0.925821
20158.33984 0.925817
20162.21094 0.925814
20166.08008 0.925811
20169.93945 0.924694
20173.81055 0.92469
20177.66016 0.923572
20181.51953 0.922455
20185.38086 0.921337
20189.23047 0.920219
20193.08984 0.919101
20196.94922 0.917983
20200.80078 0.916865
20204.66992 0.916862
20208.52930 0.915744
20212.39062 0.914626
20216.25977 0.914623
20220.10938 0.913505
20223.97070 0.912387
20227.83008 0.911269
20231.69922 0.911266
20235.55078 0.910148
20239.41016 0.909031
20243.25977 0.907913
20247.11914 0.906795
20250.98047 0.905677
20254.83008 0.904559
20258.69922 0.904556
20262.57031 0.904553
20266.42969 0.903435
20270.30078 0.903432
20274.16992 0.903429
20278.03906 0.903426
20281.91016 0.903423
20285.75977 0.902305
20289.63086 0.902302
20293.50000 0.902299
20297.35938 0.901181
20301.23047 0.901178
20305.09961 0.901175
20308.97070 0.901171
20312.83984 0.901168
20316.71094 0.901165
20320.58008 0.901162
20324.44922 0.901159
20328.32031 0.901156
20332.18945 0.901153
20332.19922 0.902268
20336.07031 0.902265
20339.93945 0.902262
20343.81055 0.902258
20343.82031 0.903373
20347.68945 0.90337
20347.69922 0.904485
20351.57031 0.904482
20355.43945 0.904479
20355.44922 0.905594
20359.32031 0.905591
20363.18945 0.905587
20363.21094 0.906702
20367.08008 0.906699
20367.08984 0.907814
20367.09961 0.908929
20370.97070 0.908926
20370.98047 0.910041
20374.84961 0.910037
20374.86914 0.911152
20378.74023 0.911149
20378.75000 0.912264
20382.61914 0.912261
20382.63086 0.913376
20386.50000 0.913373
20390.36914 0.91337
20390.38086 0.914484
20394.25000 0.914481
20394.26953 0.915596
20398.14062 0.915593
20398.15039 0.916708
20398.16016 0.917823
20402.02930 0.91782
20402.03906 0.918934
20402.06055 0.920049
20405.92969 0.920046
20405.93945 0.921161
20409.81055 0.921158
20409.82031 0.922273
20413.68945 0.92227
20413.69922 0.923384
20417.57031 0.923381
20421.43945 0.923378
20421.46094 0.924493
20425.33008 0.92449
20425.33984 0.925605
20425.34961 0.92672
20429.22070 0.926717
20429.23047 0.927832
20433.09961 0.927828
20433.11914 0.928943
20436.99023 0.92894
20437.00000 0.930055
20440.86914 0.930052
20440.88086 0.931167
20444.75000 0.931164
20444.75977 0.932278
20448.63086 0.932275
20448.65039 0.93339
20452.51953 0.933387
20452.52930 0.934502
20456.40039 0.934499
20456.41016 0.935614
20460.27930 0.93561
20460.28906 0.936725
20464.16016 0.936722
20464.17969 0.937837
20468.05078 0.937834
20468.06055 0.938949
20471.92969 0.938946
20471.93945 0.940061
20475.81055 0.940058
20475.82031 0.941172
20479.68945 0.941169
20479.71094 0.942284
20483.58008 0.942281
20483.58984 0.943396
20483.59961 0.944511
20487.47070 0.944507
20487.48047 0.945622
20491.34961 0.945619
20491.36914 0.946734
20495.24023 0.946731
20495.25000 0.947846
20499.11914 0.947843
20499.13086 0.948958
20503.00000 0.948954
20503.00977 0.950069
20506.88086 0.950066
20510.75000 0.950063
20510.76953 0.951178
20514.63086 0.951175
20514.65039 0.95229
20518.51953 0.952287
20518.52930 0.953401
20522.40039 0.953398
20522.41016 0.954513
20526.27930 0.95451
20526.30078 0.955625
20530.16016 0.955622
20534.02930 0.955619
20534.05078 0.956734
20537.91992 0.95673
20537.92969 0.957845
20541.80078 0.957842
20545.66992 0.957839
20545.67969 0.958954
20549.55078 0.958951
20553.41992 0.958948
20557.28906 0.958945
20561.16016 0.958942
20561.16992 0.960056
20565.03906 0.960053
20568.91016 0.96005
20572.77930 0.960047
20576.65039 0.960044
20580.51953 0.960041
20584.39062 0.960038
20584.40039 0.961153
20588.26953 0.96115
20592.14062 0.961147
20596.00977 0.961144
20599.88086 0.96114
20603.75000 0.961137
20607.61914 0.961134
20611.49023 0.961131
20615.35938 0.961128
20619.23047 0.961125
20623.08008 0.960007
20626.94922 0.960004
20630.81055 0.958886
20634.67969 0.958883
20638.55078 0.95888
20642.41016 0.957762
20646.25977 0.956644
20650.13086 0.956641
20654.00000 0.956638
20657.86914 0.956635
20661.74023 0.956632
20665.60938 0.956629
20669.48047 0.956626
20673.34961 0.956623
20677.21094 0.955505
20681.06055 0.954387
20684.92969 0.954384
20688.78906 0.953266
20692.65039 0.952148
20696.50977 0.952145
20700.38086 0.952142
20704.24023 0.951024
20708.10938 0.951021
20711.97070 0.949903
20715.83984 0.9499
20719.68945 0.948782
20723.56055 0.948779
20727.42969 0.948776
20731.28906 0.947658
20735.16016 0.947655
20739.00977 0.946537
20742.86914 0.945419
20746.74023 0.945416
20750.59961 0.944298
20754.47070 0.944295
20758.32031 0.943177
20762.18945 0.943174
20766.05078 0.942056
20769.91016 0.940938
20773.77930 0.940935
20777.63086 0.939817
20781.50000 0.939814
20785.35938 0.938696
20789.23047 0.938693
20793.09961 0.93869
20796.97070 0.938687
20800.83984 0.938684
20804.71094 0.938681
20808.58008 0.938678
20812.43945 0.938675
20816.30078 0.937557
20820.16992 0.937554
20824.03906 0.93755
20827.91016 0.937547
20831.77930 0.937544
20835.65039 0.937541
20839.51953 0.937538
20843.39062 0.937535
20847.25977 0.937532
20851.13086 0.937529
20855.00000 0.937526
20858.86914 0.937523
20862.74023 0.93752
20866.59961 0.937517
20870.47070 0.937514
20874.33984 0.937511
20878.21094 0.937507
20882.08008 0.937504
20885.94922 0.937501
20889.81055 0.936383
20893.67969 0.93638
20897.55078 0.936377
20897.56055 0.937492
20901.42969 0.937489
20905.28906 0.936371
20909.16016 0.936368
20913.02930 0.936365
20916.90039 0.936362
20920.75977 0.936359
20924.63086 0.936356
20928.50000 0.936353
20928.51953 0.937467
20932.39062 0.937464
20936.25977 0.937461
20940.13086 0.937458
20940.14062 0.938573
20944.00977 0.93857
20947.88086 0.938567
20951.75000 0.938564
20951.75977 0.939678
20955.63086 0.939675
20959.50000 0.939672
20963.36914 0.939669
20963.38086 0.940784
20967.25000 0.940781
20971.11914 0.940778
20974.99023 0.940775
20978.85938 0.940772
20982.73047 0.940769
20986.59961 0.940766
20990.47070 0.940763
20990.48047 0.941877
20994.34961 0.941874
20998.22070 0.941871
21002.08984 0.941868
21005.96094 0.941865
21009.83008 0.941862
21009.83984 0.942977
21013.71094 0.942974
21017.58008 0.942971
21021.44922 0.942968
21025.32031 0.942964
21029.18945 0.942961
21033.06055 0.942958
21036.92969 0.942955
21040.80078 0.942952
21044.66992 0.942949
21048.53906 0.942946
21052.41016 0.942943
21056.27930 0.94294
21060.14062 0.942937
21064.00977 0.942934
21064.02930 0.944048
21067.90039 0.944045
21071.76953 0.944042
21075.64062 0.944039
21079.50977 0.944036
21083.36914 0.944033
21087.23047 0.942915
21091.09961 0.942912
21094.97070 0.942909
21098.83008 0.941791
21102.69922 0.941788
21106.57031 0.941785
21110.43945 0.941782
21110.44922 0.942897
21114.32031 0.942893
21118.18945 0.94289
21122.06055 0.942887
21125.92969 0.942884
21129.80078 0.942881
21133.66992 0.942878
21137.52930 0.942875
21141.40039 0.942872
21145.25977 0.941754
21149.13086 0.941751
21153.00000 0.941748
21156.86914 0.941745
21160.74023 0.941742
21164.60938 0.941739
21168.48047 0.941736
21172.34961 0.941732
21176.22070 0.941729
21180.08984 0.941726
21183.96094 0.941723
21187.83008 0.94172
21191.68945 0.941717
21195.56055 0.941714
21199.41992 0.940596
21203.28906 0.940593
21207.16016 0.94059
21211.01953 0.939472
21214.89062 0.939469
21218.74023 0.938351
21222.60938 0.938348
21226.47070 0.93723
21230.33984 0.937227
21234.21094 0.937224
21238.08008 0.937221
21241.94922 0.937218
21245.80078 0.9361
21249.66992 0.936097
21253.53906 0.936094
21257.41016 0.936091
21261.27930 0.936087
21265.15039 0.936084
21269.01953 0.936081
21272.89062 0.936078
21276.75977 0.936075
21276.76953 0.93719
21280.64062 0.937187
21284.50000 0.936069
21288.36914 0.936066
21292.24023 0.936063
21296.08984 0.934945
21296.10938 0.93606
21299.98047 0.936057
21303.84961 0.936054
21307.69922 0.934936
21311.56055 0.933818
21315.42969 0.933815
21319.30078 0.933812
21323.16992 0.933809
21327.01953 0.932691
21330.89062 0.932688
21334.75977 0.932685
21338.63086 0.932682
21342.49023 0.931564
21346.35938 0.93156
21350.23047 0.931557
21354.08008 0.930439
21357.94922 0.930436
