threeML/data/optical_filters/Keck/NIRC2-Ms.ecsv
# %ECSV 0.9
# ---
# datatype:
# - {name: wavelength, unit: Angstrom, datatype: float32}
# - {name: response, datatype: float32}
# meta: !!omap
# - {band_name: Ms}
# - {group_name: NIRC2}
wavelength response
37088.92969 0.0
41209.92188 0.00452
41218.57031 0.00565
41227.21094 0.00565
41235.82812 0.00339
41244.46094 0.00226
41253.10156 0.00113
41261.73828 0.00113
41270.37891 0.00113
41279.01172 0.0
41287.64844 0.0
41296.30078 0.0
41304.94141 0.0
41313.57812 0.0
41322.21875 0.0
41330.85938 0.0
41339.51172 0.0
41348.14844 0.0
41356.78906 0.0
41365.42969 0.0
41374.07031 0.0
41382.71875 0.0
41391.35938 0.0
41400.00000 0.0
41408.64844 0.00113
41417.28906 0.00113
41425.94141 0.00113
41434.57812 0.00113
41443.21875 0.00113
41451.85938 0.00113
41460.50000 0.00113
41469.14844 0.00113
41477.78125 0.0
41486.42188 0.0
41495.05859 0.0
41503.69922 0.0
41512.35938 0.00113
41521.00000 0.00113
41529.64062 0.00113
41538.28125 0.00113
41546.92188 0.00113
41555.57031 0.00113
41564.21094 0.00113
41572.85156 0.00113
41581.48828 0.00113
41590.12891 0.00113
41598.78125 0.00113
41607.41016 0.0
41616.05078 0.0
41624.69141 0.0
41633.32812 0.0
41641.98047 0.0
41650.62109 0.0
41659.26172 0.0
41667.89844 0.0
41676.53906 0.0
41685.19141 0.0
41693.82812 0.0
41702.46875 0.0
41711.10938 0.0
41719.75000 0.0
41728.39844 0.0
41737.03906 0.0
41745.67969 0.0
41754.32031 0.0
41762.96094 0.0
41771.60156 0.0
41780.25000 0.0
41788.89062 0.0
41797.53125 0.0
41806.17188 0.0
41814.80859 0.0
41823.46094 0.0
41832.10156 0.0
41840.73828 0.0
41849.37891 0.0
41858.01953 0.0
41866.67188 0.0
41875.30859 0.0
41883.94922 0.0
41892.58984 0.0
41901.23047 0.0
41909.87891 0.0
41918.51953 0.0
41927.16016 0.0
41935.80078 0.0
41944.44141 0.0
41953.08984 0.0
41961.73047 0.0
41970.37109 0.0
41979.01172 0.0
41987.64844 0.0
41996.30078 0.0
42004.94141 0.0
42013.57812 0.0
42022.21875 0.0
42030.85938 0.0
42039.51172 0.0
42048.14844 0.0
42056.80078 0.00113
42065.44141 0.00113
42074.07812 0.00113
42082.73047 0.00113
42091.37109 0.00113
42100.01172 0.00113
42108.64844 0.00113
42117.28906 0.00113
42125.92969 0.0
42134.57031 0.0
42143.21094 0.0
42151.85156 0.0
42160.48828 0.0
42169.14062 0.0
42177.78125 0.0
42186.42969 0.00113
42195.07031 0.00113
42203.71094 0.00113
42212.37109 0.00226
42221.01172 0.00226
42229.64844 0.00226
42238.28906 0.00226
42246.92188 0.00113
42255.57031 0.00113
42264.21094 0.00113
42272.85156 0.00113
42281.48047 0.0
42290.12109 0.0
42298.76953 0.0
42307.41016 0.0
42316.05078 0.0
42324.69141 0.0
42333.32812 0.0
42341.98047 0.0
42350.62109 0.0
42359.26172 0.0
42367.89844 0.0
42376.53906 0.0
42385.19141 0.0
42393.82812 0.0
42402.46875 0.0
42411.10938 0.0
42419.75000 0.0
42428.39844 0.00113
42437.05078 0.00113
42445.69141 0.00113
42454.32812 0.00113
42462.96875 0.00113
42471.60156 0.0
42480.25000 0.0
42488.89062 0.0
42497.53125 0.0
42506.17188 0.0
42514.80859 0.0
42523.46094 0.0
42532.10156 0.0
42540.73828 0.0
42549.37891 0.0
42558.01953 0.0
42566.67188 0.0
42575.30859 0.0
42583.94922 0.0
42592.58984 0.0
42601.23047 0.0
42609.87891 0.0
42618.51953 0.0
42627.16016 0.0
42635.80859 0.00113
42644.44922 0.00113
42653.10156 0.00113
42661.73828 0.00113
42670.37891 0.00113
42679.01953 0.00113
42687.64844 0.0
42696.30078 0.0
42704.94141 0.0
42713.57812 0.0
42722.21875 0.0
42730.85938 0.0
42739.51172 0.0
42748.14844 0.0
42756.78906 0.0
42765.42969 0.0
42774.07031 0.0
42782.71875 0.0
42791.35938 0.0
42800.00000 0.0
42808.64062 0.0
42817.28125 0.0
42825.92969 0.0
42834.57031 0.0
42843.21094 0.0
42851.85938 0.00113
42860.50000 0.00113
42869.16016 0.00226
42877.80078 0.00226
42886.44141 0.00226
42895.07812 0.00226
42903.71875 0.00226
42912.35938 0.00113
42921.00000 0.00113
42929.64062 0.00113
42938.26953 0.0
42946.91016 0.0
42955.55859 0.0
42964.19922 0.0
42972.83984 0.0
42981.48047 0.0
42990.12109 0.0
42998.76953 0.0
43007.41016 0.0
43016.05078 0.0
43024.69141 0.0
43033.32812 0.0
43041.98047 0.0
43050.62109 0.0
43059.26172 0.0
43067.89844 0.0
43076.53906 0.0
43085.19141 0.0
43093.82812 0.0
43102.46875 0.0
43111.10938 0.0
43119.75000 0.0
43128.39844 0.0
43137.03906 0.0
43145.67969 0.0
43154.32031 0.0
43162.96094 0.0
43171.60156 0.0
43180.25000 0.0
43188.89062 0.0
43197.53125 0.0
43206.17188 0.0
43214.80859 0.0
43223.46094 0.0
43232.10156 0.0
43240.73828 0.0
43249.37891 0.0
43258.01953 0.0
43266.67188 0.0
43275.30859 0.0
43283.94922 0.0
43292.58984 0.0
43301.23047 0.0
43309.89062 0.00113
43318.53906 0.00226
43327.17969 0.00226
43335.82031 0.00226
43344.46094 0.00226
43353.10938 0.00226
43361.73828 0.00113
43370.37891 0.00113
43379.01953 0.00113
43387.64844 0.0
43396.30078 0.0
43404.94141 0.0
43413.57812 0.0
43422.21875 0.0
43430.85938 0.0
43439.51172 0.0
43448.14844 0.0
43456.78906 0.0
43465.42969 0.0
43474.07031 0.0
43482.71875 0.0
43491.35938 0.0
43500.00000 0.0
43508.64062 0.0
43517.28125 0.0
43525.92969 0.0
43534.57031 0.0
43543.21094 0.0
43551.85938 0.00113
43560.50000 0.00113
43569.14844 0.00113
43577.78906 0.00113
43586.42969 0.00113
43595.07031 0.00113
43603.69922 0.0
43612.35156 0.0
43620.98828 0.0
43629.62891 0.0
43638.26953 0.0
43646.91016 0.0
43655.55859 0.0
43664.19922 0.0
43672.83984 0.0
43681.48047 0.0
43690.12109 0.0
43698.76953 0.0
43707.41016 0.0
43716.05078 0.0
43724.69141 0.0
43733.32812 0.0
43741.98047 0.0
43750.62109 0.0
43759.26172 0.0
43767.89844 0.0
43776.53906 0.0
43785.19141 0.00113
43793.83984 0.00113
43802.48047 0.00113
43811.12109 0.00113
43819.76172 0.00113
43828.39844 0.00113
43837.05078 0.00113
43845.69141 0.00113
43854.32812 0.00113
43862.96875 0.00113
43871.60938 0.00113
43880.26172 0.00113
43888.89844 0.00113
43897.53906 0.00113
43906.17969 0.00113
43914.80859 0.0
43923.46094 0.0
43932.10156 0.0
43940.73828 0.0
43949.37891 0.0
43958.01953 0.0
43966.67188 0.0
43975.30859 0.0
43983.94922 0.0
43992.60156 0.00113
44001.25000 0.00226
44009.89844 0.00226
44018.53906 0.00226
44027.17188 0.00113
44035.80859 0.00113
44044.44141 0.0
44053.08984 0.0
44061.73047 0.0
44070.37109 0.0
44079.01172 0.0
44087.64844 0.0
44096.30078 0.0
44104.94141 0.0
44113.57812 0.0
44122.21875 0.0
44130.85938 0.0
44139.51172 0.0
44148.14844 0.0
44156.78906 0.0
44165.42969 0.0
44174.07031 0.0
44182.71875 0.0
44191.35938 0.0
44200.00000 0.0
44208.64062 0.0
44217.28125 0.0
44225.92969 0.0
44234.57031 0.0
44243.23047 0.00226
44251.87109 0.00226
44260.51172 0.00226
44269.16016 0.00226
44277.80078 0.00226
44286.42969 0.00113
44295.07031 0.00113
44303.69922 0.0
44312.35156 0.0
44320.98828 0.0
44329.62891 0.0
44338.26953 0.0
44346.91016 0.0
44355.55859 0.0
44364.19922 0.0
44372.83984 0.0
44381.48047 0.0
44390.12109 0.0
44398.76953 0.0
44407.41016 0.0
44416.05078 0.0
44424.69141 0.0
44433.32812 0.0
44441.98047 0.0
44450.62109 0.0
44459.26172 0.0
44467.89844 0.0
44476.53906 0.0
44485.19141 0.0
44493.82812 0.0
44502.46875 0.0
44511.10938 0.0
44519.75000 0.0
44528.39844 0.0
44537.03906 0.0
44545.67969 0.0
44554.32031 0.0
44562.96094 0.0
44571.60156 0.0
44580.25000 0.0
44588.89062 0.0
44597.53125 0.0
44606.17188 0.0
44614.82031 0.00113
44623.46875 0.00113
44632.10938 0.00113
44640.75000 0.00113
44649.39062 0.00113
44658.03125 0.00113
44666.67969 0.00113
44675.32031 0.00113
44683.96094 0.00113
44692.60156 0.00113
44701.23828 0.00113
44709.89062 0.00113
44718.53906 0.00226
44727.17969 0.00226
44735.82031 0.00226
44744.46875 0.00339
44753.12109 0.00339
44761.76953 0.00452
44770.41016 0.00452
44779.05078 0.00452
44787.69141 0.00452
44796.33984 0.00452
44804.98047 0.00452
44813.62109 0.00452
44822.26172 0.00452
44830.89844 0.00452
44839.55078 0.00452
44848.19141 0.00452
44856.82812 0.00452
44865.46875 0.00452
44874.10938 0.00452
44882.76172 0.00452
44891.39844 0.00452
44900.03906 0.00452
44908.67969 0.00452
44917.32031 0.00452
44925.96094 0.00452
44934.60938 0.00452
44943.26172 0.00565
44951.91016 0.00678
44960.55859 0.00791
44969.21875 0.010169
44977.87891 0.011299
44986.53125 0.012429
44995.17969 0.013559
45003.83984 0.015819
45012.48047 0.015819
45021.12891 0.016949
45029.78125 0.016949
45038.42188 0.016949
45047.05859 0.016949
45055.69922 0.016949
45064.33984 0.016949
45073.00000 0.018079
45081.66016 0.020339
45090.32031 0.022599
45098.98828 0.025989
45107.64844 0.028249
45116.30078 0.029379
45124.94922 0.029379
45133.60156 0.030508
45142.23828 0.030508
45150.89062 0.031638
45159.55078 0.033898
45168.21094 0.036158
45176.87891 0.039548
45185.55078 0.041808
45194.23047 0.046328
45202.89844 0.049718
45211.60938 0.057627
45220.28125 0.061017
45228.96094 0.065537
45237.64844 0.071186
45246.32812 0.075706
45255.00000 0.079096
45263.73828 0.090395
45272.41016 0.092655
45281.12891 0.101695
45289.80078 0.105085
45298.57031 0.119774
45307.23047 0.122034
45315.96094 0.132203
45324.64844 0.137853
45333.37891 0.148023
45342.07812 0.154802
45350.85938 0.170621
45359.60156 0.181921
45368.35156 0.19435
45377.12891 0.211299
45385.92969 0.229379
45394.69922 0.244068
45403.48828 0.261017
45412.21094 0.270056
45421.07812 0.296045
45429.82812 0.308475
45438.69141 0.334463
45447.48828 0.352542
45456.32812 0.375141
45465.12891 0.39322
45474.07812 0.429378
45482.89844 0.449717
45491.78906 0.479096
45500.64062 0.502825
45509.51953 0.529944
45518.23047 0.537853
45527.19141 0.575141
45536.00000 0.59435
45544.78125 0.61017
45553.62891 0.633898
45562.53125 0.664407
45571.28125 0.676836
45580.10938 0.698305
45588.89844 0.715254
45597.71875 0.735593
45606.44141 0.745763
45615.16016 0.754802
45624.01953 0.779661
45632.75000 0.789831
45641.51172 0.80339
45650.28906 0.819209
45659.03125 0.830508
45667.75000 0.839548
45676.48047 0.849718
45685.17969 0.856497
45693.85156 0.859887
45702.57031 0.868927
45711.26172 0.874576
45719.94141 0.879096
45728.60938 0.882486
45737.28906 0.885876
45745.94922 0.888136
45754.60156 0.889266
45763.23828 0.889266
45771.89062 0.890396
45780.53125 0.890396
45789.17969 0.890396
45797.82031 0.890396
45806.46094 0.890396
45815.08984 0.889266
45823.73047 0.889266
45832.37891 0.889266
45841.01953 0.889266
45849.66016 0.889266
45858.30078 0.889266
45866.94141 0.889266
45875.58984 0.889266
45884.23047 0.889266
45892.87109 0.889266
45901.50000 0.888136
45910.14062 0.888136
45918.78906 0.888136
45927.42969 0.888136
45936.07031 0.888136
45944.71094 0.888136
45953.35156 0.888136
45962.00000 0.888136
45970.64062 0.888136
45979.28906 0.889266
45987.94141 0.890396
45996.58984 0.891525
46005.25000 0.892655
46013.89062 0.892655
46022.53906 0.893785
46031.19141 0.894915
46039.82812 0.894915
46048.48047 0.896045
46057.14062 0.897175
46065.78125 0.897175
46074.42969 0.898305
46083.07812 0.899435
46091.71875 0.899435
46100.37891 0.900565
46109.01953 0.900565
46117.67188 0.901695
46126.32031 0.902825
46134.96094 0.902825
46143.60938 0.903955
46152.26172 0.903955
46160.89844 0.903955
46169.55078 0.905085
46178.19141 0.905085
46186.82812 0.905085
46195.48828 0.906215
46204.12891 0.906215
46212.76953 0.906215
46221.41016 0.906215
46230.05078 0.906215
46238.71094 0.907345
46247.35156 0.907345
46255.98828 0.907345
46264.62891 0.907345
46273.26953 0.907345
46281.92188 0.907345
46290.53906 0.905085
46299.17188 0.903955
46307.80078 0.902825
46316.44141 0.902825
46325.07812 0.901695
46333.71875 0.901695
46342.35938 0.901695
46351.00000 0.901695
46359.64062 0.901695
46368.28906 0.901695
46376.92188 0.900565
46385.55078 0.899435
46394.17969 0.898305
46402.82031 0.898305
46411.46094 0.897175
46420.10156 0.897175
46428.71875 0.894915
46437.35938 0.894915
46446.00000 0.893785
46454.64062 0.893785
46463.26953 0.892655
46471.91016 0.892655
46480.53906 0.891525
46489.17969 0.890396
46497.82031 0.890396
46506.44141 0.888136
46515.07031 0.887006
46523.71094 0.885876
46532.32812 0.883616
46540.96875 0.883616
46549.60156 0.882486
46558.23047 0.881356
46566.87109 0.880226
46575.51172 0.880226
46584.14062 0.879096
46592.76953 0.877966
46601.41016 0.877966
46610.05078 0.876836
46618.67969 0.875706
46627.30859 0.874576
46635.92969 0.872316
46644.57031 0.871186
46653.21094 0.871186
46661.83984 0.870057
46670.46875 0.868927
46679.10938 0.868927
46687.73828 0.866667
46696.37891 0.866667
46705.01172 0.865537
46713.64844 0.865537
46722.28906 0.865537
46730.94141 0.865537
46739.57812 0.865537
46748.21875 0.865537
46756.85938 0.865537
46765.50000 0.865537
46774.14844 0.865537
46782.78125 0.864407
46791.42188 0.864407
46800.05078 0.863277
46808.69141 0.863277
46817.33984 0.863277
46825.98047 0.863277
46834.62891 0.864407
46843.26953 0.864407
46851.92188 0.865537
46860.55859 0.864407
46869.19922 0.864407
46877.83984 0.864407
46886.48047 0.864407
46895.12109 0.864407
46903.78125 0.865537
46912.42188 0.865537
46921.05859 0.865537
46929.69922 0.865537
46938.33984 0.865537
46946.98828 0.865537
46955.62891 0.865537
46964.26953 0.865537
46972.91016 0.865537
46981.55859 0.866667
46990.21094 0.866667
46998.85938 0.867797
47007.51172 0.868927
47016.16016 0.870057
47024.80078 0.870057
47033.44141 0.870057
47042.10156 0.871186
47050.75000 0.872316
47059.39062 0.872316
47068.05859 0.875706
47076.71094 0.876836
47085.35938 0.876836
47094.01172 0.877966
47102.64844 0.877966
47111.28906 0.877966
47119.92969 0.877966
47128.57812 0.877966
47137.23828 0.880226
47145.87891 0.880226
47154.53125 0.881356
47163.17188 0.881356
47171.82031 0.882486
47180.46875 0.882486
47189.10938 0.882486
47197.75000 0.882486
47206.39062 0.882486
47215.03125 0.882486
47223.69141 0.883616
47232.32812 0.883616
47240.96875 0.883616
47249.62109 0.884746
47258.26172 0.884746
47266.91016 0.885876
47275.55859 0.885876
47284.19922 0.885876
47292.83984 0.885876
47301.48047 0.885876
47310.12109 0.884746
47318.75000 0.883616
47327.37891 0.882486
47336.01172 0.881356
47344.64844 0.881356
47353.28906 0.880226
47361.92188 0.879096
47370.55078 0.877966
47379.19141 0.877966
47387.82812 0.877966
47396.46875 0.876836
47405.10156 0.875706
47413.73047 0.874576
47422.35156 0.872316
47430.98047 0.870057
47439.60156 0.867797
47448.21875 0.865537
47456.82812 0.862147
47465.44922 0.858757
47474.07031 0.856497
47482.67969 0.853107
47491.30078 0.850847
47499.92188 0.847458
47508.53125 0.844068
47517.14844 0.841808
47525.76172 0.838418
47534.35938 0.832768
47542.96094 0.828249
47551.55859 0.823729
47560.17969 0.820339
47568.76172 0.813559
47577.35156 0.80791
47585.96094 0.80339
47594.55078 0.79774
47603.12891 0.790961
47611.75000 0.788701
47620.32812 0.780791
47628.92188 0.775141
47637.50000 0.768362
47646.07031 0.759322
47654.64844 0.752542
47663.25000 0.748023
47671.80859 0.737853
47680.39844 0.732203
47688.92188 0.717514
47697.50000 0.710734
47706.05078 0.700565
47714.62109 0.691525
47723.19141 0.683616
47731.69141 0.666667
47740.19141 0.650848
47748.76953 0.642938
47757.30078 0.630508
47765.85156 0.619209
47774.42188 0.611299
47782.96875 0.60113
47791.51172 0.588701
47800.08984 0.581921
47808.57031 0.562712
47817.10156 0.550283
47825.64062 0.537853
47834.19922 0.528814
47842.71875 0.515254
47851.28906 0.506215
47859.80078 0.491525
47868.39062 0.484746
47876.87891 0.467797
47885.37891 0.450848
47893.94141 0.441808
47902.46094 0.427119
47910.98047 0.413559
47919.55859 0.40678
47928.14844 0.4
47936.67188 0.386441
47945.21094 0.374011
47953.80859 0.369492
47962.39062 0.362712
47970.96094 0.353672
47979.46094 0.337853
47988.00000 0.325424
47996.66016 0.327684
48004.92969 0.284746
48013.50000 0.276836
48022.08984 0.270056
48030.62109 0.257627
48039.19141 0.248588
48047.75000 0.239548
48056.30078 0.229379
48064.89062 0.222599
48073.42188 0.21017
48082.00000 0.20339
48090.60938 0.19887
48099.17969 0.190961
48107.73828 0.180791
48116.30078 0.171751
48124.85938 0.162712
48133.46094 0.157062
48142.05078 0.151412
48150.62891 0.144633
48159.21875 0.137853
48167.80859 0.132203
48176.41016 0.127684
48185.01172 0.123164
48193.62109 0.118644
48202.21875 0.114124
48210.78906 0.106215
48219.39844 0.101695
48228.01953 0.099435
48236.62891 0.096045
48245.25000 0.093785
48253.82812 0.085876
48262.44922 0.083616
48271.01953 0.075706
48279.64062 0.072316
48288.23828 0.067797
48296.87109 0.066667
48305.48828 0.064407
48314.10938 0.061017
48322.71875 0.057627
48331.32812 0.054237
48339.92188 0.047458
48348.53906 0.045198
48357.16016 0.042938
48365.78906 0.041808
48374.42969 0.040678
48383.05859 0.039548
48391.67188 0.036158
48400.28906 0.033898
48408.91016 0.030508
48417.53906 0.029379
48426.17969 0.029379
48434.82031 0.029379
48443.44922 0.028249
48452.10156 0.028249
48460.73047 0.027119
48469.37109 0.027119
48478.01172 0.027119
48486.64062 0.025989
48495.28906 0.025989
48503.92188 0.024859
48512.55078 0.023729
48521.17969 0.022599
48529.82031 0.021469
48538.44922 0.020339
48547.07812 0.019209
48555.71875 0.019209
48564.35156 0.018079
48572.98828 0.016949
48581.62109 0.015819
48590.26172 0.015819
48598.89062 0.014689
48607.51953 0.013559
48616.16016 0.012429
48624.80078 0.012429
48633.42969 0.011299
48642.05859 0.010169
48650.69922 0.00904
48659.33984 0.00904
48667.98047 0.00904
48676.62109 0.00904
48685.26172 0.00904
48693.89844 0.00791
48702.53906 0.00791
48711.17969 0.00791
48719.80859 0.00678
48728.44922 0.00678
48737.08984 0.00565
48745.73047 0.00565
48754.37109 0.00565
48763.01172 0.00565
48771.64844 0.00565
48780.30078 0.00565
48788.94141 0.00565
48797.57812 0.00565
48806.21875 0.00565
48814.85938 0.00565
48823.51172 0.00565
48832.14844 0.00565
48840.78125 0.00452
48849.42188 0.00452
53734.36328 0.0
