threeML/data/optical_filters/Keck/NIRC2-K.ecsv
# %ECSV 0.9
# ---
# datatype:
# - {name: wavelength, unit: Angstrom, datatype: float32}
# - {name: response, datatype: float32}
# meta: !!omap
# - {band_name: K}
# - {group_name: NIRC2}
wavelength response
[from data line 766]
21369.00000 0.899245
21372.78906 0.893642
21376.66016 0.893639
21380.51953 0.892515
21384.39062 0.892512
21388.25000 0.891388
21392.11914 0.891385
21395.98047 0.890261
21399.84961 0.890258
21403.71094 0.889134
21407.58008 0.889131
21407.59961 0.89025
21411.47070 0.890247
21415.33984 0.890243
21419.22070 0.89024
21419.23047 0.891359
21423.10938 0.891356
21426.98047 0.891352
21430.83984 0.890229
21434.68945 0.889105
21438.57031 0.889102
21442.40039 0.886858
21446.27930 0.886855
21450.15039 0.886851
21454.01953 0.886848
21454.03906 0.887968
21457.91992 0.887964
21461.78906 0.88796
21465.66016 0.887957
21469.51953 0.886833
21473.39062 0.88683
21473.41016 0.887949
21477.27930 0.887946
21481.16016 0.887942
21485.02930 0.887939
21488.89062 0.886815
21492.75977 0.886811
21496.63086 0.886808
21500.50977 0.886804
21504.38086 0.886801
21504.40039 0.887921
21508.26953 0.887917
21508.28906 0.889037
21512.16016 0.889033
21512.17969 0.890153
21516.05078 0.890149
21519.91992 0.890146
21523.80078 0.890142
21527.66992 0.890138
21531.55078 0.890135
21535.41992 0.890131
21539.28906 0.890128
21543.16992 0.890124
21543.17969 0.891244
21547.06055 0.89124
21547.07031 0.89236
21550.94922 0.892356
21550.96094 0.893476
21554.83984 0.893473
21554.86914 0.895712
21558.75000 0.895708
21558.75977 0.896828
21558.77930 0.897948
21562.65039 0.897944
21566.52930 0.897941
21570.38086 0.896817
21574.25977 0.896814
21578.13086 0.89681
21582.00000 0.896807
21582.01953 0.897926
21585.89062 0.897923
21589.76953 0.897919
21593.64062 0.897916
21597.50977 0.897912
21601.39062 0.897908
21605.25977 0.897905
21609.13086 0.897901
21613.00977 0.897898
21616.88086 0.897894
21620.75000 0.89789
21620.76953 0.89901
21624.65039 0.899007
21624.66016 0.900126
21628.53906 0.900123
21632.41016 0.900119
21632.42969 0.901239
21636.30078 0.901235
21640.16992 0.901232
21640.18945 0.902351
21644.06055 0.902348
21644.08008 0.903468
21647.96094 0.903464
21651.83008 0.90346
21655.69922 0.903457
21655.72070 0.904577
21659.58984 0.904573
21663.47070 0.904569
21667.33984 0.904566
21667.35938 0.905686
21671.23047 0.905682
21671.26953 0.907922
21671.27930 0.909041
21675.16016 0.909038
21675.16992 0.910157
21679.05078 0.910154
21682.91992 0.91015
21686.78906 0.910147
21690.66992 0.910143
21690.67969 0.911263
21694.56055 0.911259
21698.42969 0.911256
21702.30078 0.911252
21706.17969 0.911248
21710.05078 0.911245
21710.07031 0.912365
21713.93945 0.912361
21717.82031 0.912357
21717.83008 0.913477
21717.84961 0.914597
21721.72070 0.914593
21721.74023 0.915713
21721.75977 0.916833
21725.63086 0.916829
21725.65039 0.917949
21729.51953 0.917946
21733.40039 0.917942
21737.26953 0.917938
21741.14062 0.917935
21741.16016 0.919054
21745.02930 0.919051
21748.91016 0.919047
21752.77930 0.919044
21756.65039 0.91904
21760.52930 0.919037
21764.40039 0.919033
21764.41992 0.920153
21768.28906 0.920149
21772.16016 0.920145
21772.17969 0.921265
21776.06055 0.921262
21779.92969 0.921258
21783.80078 0.921254
21783.82031 0.922374
21787.68945 0.922371
21791.55078 0.921247
21791.57031 0.922367
21795.43945 0.922363
21795.46094 0.923483
21799.33008 0.92348
21803.19922 0.923476
21803.22070 0.924596
21803.24023 0.925716
21803.26953 0.927955
21803.28906 0.929075
21807.02930 0.920113
21807.03906 0.921233
21810.91992 0.921229
21814.78906 0.921226
21818.66016 0.921222
21818.67969 0.922342
21822.55078 0.922338
21822.58984 0.924578
21826.46094 0.924574
21826.48047 0.925694
21826.50000 0.926814
21830.36914 0.92681
21834.24023 0.926806
21834.25977 0.927926
21838.13086 0.927923
21842.00977 0.927919
21845.85938 0.926796
21849.72070 0.925672
21853.58984 0.925669
21853.60938 0.926788
21857.48047 0.926785
21861.35938 0.926781
21865.23047 0.926778
21869.09961 0.926774
21872.98047 0.92677
21876.84961 0.926767
21880.71094 0.925643
21884.58008 0.92564
21888.44922 0.925636
21892.33008 0.925632
21892.33984 0.926752
21896.22070 0.926749
21900.08984 0.926745
21903.94922 0.925621
21907.82031 0.925618
21911.68945 0.925614
21911.71094 0.926734
21915.58984 0.926731
21919.46094 0.926727
21923.33008 0.926723
21927.21094 0.92672
21931.08008 0.926716
21934.94922 0.926712
21938.81055 0.925589
21942.67969 0.925585
21946.56055 0.925582
21950.42969 0.925578
21954.30078 0.925575
21958.17969 0.925571
21962.05078 0.925567
21965.91992 0.925564
21969.80078 0.92556
21973.65039 0.924437
21977.52930 0.924433
21981.40039 0.92443
21985.26953 0.924426
21989.13086 0.923302
21993.00000 0.923299
21996.86914 0.923295
22000.73047 0.922172
22004.59961 0.922168
22008.46094 0.921045
22012.33008 0.921041
22016.18945 0.919918
22020.06055 0.919914
22023.93945 0.91991
22027.81055 0.919907
22031.67969 0.919903
22035.56055 0.9199
22039.42969 0.919896
22043.30078 0.919892
22043.32031 0.921012
22047.18945 0.921009
22051.07031 0.921005
22054.93945 0.921001
22058.81055 0.920998
22062.68945 0.920994
22066.56055 0.920991
22070.42969 0.920987
22074.31055 0.920983
22078.17969 0.92098
22082.06055 0.920976
22085.92969 0.920972
22089.80078 0.920969
22093.67969 0.920965
22097.55078 0.920962
22101.40039 0.919838
22101.41992 0.920958
22105.30078 0.920954
22109.16992 0.920951
22109.18945 0.922071
22113.06055 0.922067
22116.91992 0.920944
22116.92969 0.922063
22120.81055 0.92206
22120.82031 0.923179
22124.69922 0.923176
22128.57031 0.923172
22128.58984 0.924292
22132.46094 0.924288
22132.48047 0.925408
22136.34961 0.925405
22140.23047 0.925401
22140.24023 0.926521
22144.11914 0.926517
22147.99023 0.926514
22148.00977 0.927633
22151.88086 0.92763
22155.75000 0.927626
22155.76953 0.928746
22159.64062 0.928742
22163.51953 0.928739
22163.53906 0.929859
22167.41016 0.929855
22167.42969 0.930975
22171.30078 0.930971
22175.16992 0.930968
22179.05078 0.930964
22179.06055 0.932084
22182.93945 0.93208
22182.94922 0.9332
22186.83008 0.933196
22186.84961 0.934316
22190.72070 0.934313
22194.58984 0.934309
22198.47070 0.934305
22198.48047 0.935425
22202.35938 0.935422
22206.23047 0.935418
22210.09961 0.935414
22213.98047 0.935411
22217.84961 0.935407
22217.86914 0.936527
22221.74023 0.936523
22225.60938 0.93652
22229.49023 0.936516
22233.35938 0.936512
22237.23047 0.936509
22241.10938 0.936505
22244.98047 0.936501
22245.00000 0.937621
22248.86914 0.937618
22252.75000 0.937614
22252.75977 0.938734
22256.64062 0.93873
22256.65039 0.93985
22260.52930 0.939847
22260.53906 0.940966
22264.41992 0.940963
22264.43945 0.942083
22268.31055 0.942079
22272.17969 0.942075
22276.06055 0.942072
22279.92969 0.942068
22283.80078 0.942064
22287.67969 0.942061
22287.68945 0.943181
22291.57031 0.943177
22291.58008 0.944297
22295.46094 0.944293
22299.33008 0.94429
22303.19922 0.944286
22307.06055 0.943163
22310.92969 0.943159
22314.81055 0.943155
22318.67969 0.943152
22322.55078 0.943148
22326.42969 0.943144
22326.43945 0.944264
22330.32031 0.944261
22330.34961 0.9465
22334.23047 0.946497
22338.09961 0.946493
22338.11914 0.947613
22341.99023 0.947609
22345.84961 0.946486
22349.72070 0.946482
22353.58984 0.946479
22357.47070 0.946475
22361.33984 0.946471
22365.21094 0.946468
22369.08984 0.946464
22369.09961 0.947584
22372.98047 0.94758
22376.84961 0.947577
22376.86914 0.948696
22380.74023 0.948693
22384.60938 0.948689
22384.63086 0.949809
22388.44922 0.946446
22392.33008 0.946442
22396.19922 0.946439
22400.07031 0.946435
22403.94922 0.946432
22407.82031 0.946428
22411.68945 0.946424
22415.57031 0.946421
22415.58008 0.947541
22419.46094 0.947537
22423.33008 0.947533
22427.21094 0.94753
22427.22070 0.948649
22431.09961 0.948646
22434.97070 0.948642
22438.83984 0.948639
22442.72070 0.948635
22446.57031 0.947512
22450.44922 0.947508
22454.32031 0.947504
22458.18945 0.947501
22462.07031 0.947497
22465.91992 0.946374
22469.80078 0.94637
22473.66992 0.946366
22477.53906 0.946363
22481.41992 0.946359
22485.25000 0.944116
22489.13086 0.944112
22493.00000 0.944109
22496.86914 0.944105
22500.75000 0.944102
22500.76953 0.945221
22504.64062 0.945218
22508.50977 0.945214
22512.36914 0.944091
22516.22070 0.942967
22520.08008 0.941844
22520.09961 0.942964
22523.97070 0.94296
22527.83984 0.942956
22527.85938 0.944076
22531.74023 0.944073
22535.60938 0.944069
22539.44922 0.941826
22543.32031 0.941822
22547.18945 0.941819
22551.07031 0.941815
22554.93945 0.941811
22558.81055 0.941808
22562.68945 0.941804
22566.56055 0.9418
22570.42969 0.941797
22574.28906 0.940674
22578.16016 0.94067
22582.03906 0.940666
22585.91016 0.940663
22589.77930 0.940659
22589.80078 0.941779
22593.67969 0.941775
22597.52930 0.940652
22597.55078 0.941772
22601.41992 0.941768
22605.30078 0.941764
22605.31055 0.942884
22609.18945 0.942881
22613.06055 0.942877
22616.92969 0.942873
22620.81055 0.94287
22624.66016 0.941746
22628.53906 0.941743
22628.55078 0.942862
22632.42969 0.942859
22636.30078 0.942855
22640.16016 0.941732
22640.16992 0.942852
22644.05078 0.942848
22644.06055 0.943968
22647.93945 0.943964
22651.81055 0.943961
22651.83008 0.94508
22655.69922 0.945077
22659.58008 0.945073
22663.44922 0.94507
22663.47070 0.946189
22667.33984 0.946186
22671.21094 0.946182
22671.23047 0.947302
22675.09961 0.947298
22675.11914 0.948418
22678.99023 0.948414
22682.84961 0.947291
22686.71094 0.946168
22690.56055 0.945044
22694.43945 0.945041
22698.31055 0.945037
22702.17969 0.945033
22702.19922 0.946153
22702.22070 0.947273
22706.08984 0.947269
22706.10938 0.948389
22709.98047 0.948386
22710.00000 0.949505
22713.86914 0.949502
22717.75000 0.949498
22721.61914 0.949495
22725.49023 0.949491
22729.36914 0.949487
22733.24023 0.949484
22733.25977 0.950604
22737.13086 0.9506
22741.00000 0.950596
22744.85938 0.949473
22748.73047 0.949469
22752.58984 0.948346
22756.46094 0.948342
22756.48047 0.949462
22760.34961 0.949458
22760.36914 0.950578
22760.39062 0.951698
22764.25977 0.951694
22768.13086 0.951691
22771.99023 0.950567
22775.85938 0.950564
22779.72070 0.94944
22779.74023 0.95056
22783.60938 0.950557
22783.63086 0.951676
22787.50000 0.951673
22787.51953 0.952793
22791.39062 0.952789
22795.26953 0.952785
22799.14062 0.952782
22803.00977 0.952778
22806.89062 0.952774
22810.75977 0.952771
22810.77930 0.953891
22814.65039 0.953887
22818.51953 0.953883
22822.40039 0.95388
22826.26953 0.953876
22826.28906 0.954996
22830.16016 0.954992
22834.02930 0.954989
22834.05078 0.956109
22837.92969 0.956105
22837.93945 0.957225
22841.82031 0.957221
22845.68945 0.957218
22849.56055 0.957214
22853.40039 0.954971
22857.25977 0.953847
22861.13086 0.953844
22865.00000 0.95384
22868.88086 0.953836
22868.90039 0.954956
22872.76953 0.954953
22876.64062 0.954949
22876.66016 0.956069
22880.52930 0.956065
22884.41016 0.956062
22884.41992 0.957181
22888.30078 0.957178
22892.16992 0.957174
22896.03906 0.957171
22896.06055 0.95829
22899.92969 0.958287
22903.78906 0.957163
22907.66016 0.95716
22911.53906 0.957156
22911.55078 0.958276
22915.42969 0.958272
22919.30078 0.958269
22923.17969 0.958265
22927.05078 0.958261
22930.90039 0.957138
22934.77930 0.957134
22938.65039 0.957131
22942.51953 0.957127
22946.40039 0.957124
22950.26953 0.95712
22954.15039 0.957116
22958.00000 0.955993
22961.86914 0.955989
22965.75000 0.955986
22969.61914 0.955982
22973.48047 0.954859
22977.34961 0.954855
22981.21094 0.953732
22985.06055 0.952608
22988.93945 0.952605
22992.81055 0.952601
22996.67969 0.952597
23000.56055 0.952594
23004.41016 0.95147
23008.28906 0.951467
23012.14062 0.950343
23016.01953 0.95034
23019.89062 0.950336
23023.75000 0.949213
23027.61914 0.949209
23031.49023 0.949205
23035.36914 0.949202
23035.38086 0.950322
23039.25977 0.950318
23043.13086 0.950314
23046.99023 0.949191
23050.85938 0.949187
23054.73047 0.949184
23058.58984 0.94806
23062.43945 0.946937
23066.30078 0.945813
23070.16992 0.94581
23074.02930 0.944686
23077.90039 0.944683
23081.77930 0.944679
23085.65039 0.944676
23089.51953 0.944672
23093.40039 0.944668
23097.26953 0.944665
23101.14062 0.944661
23105.00000 0.943538
23108.86914 0.943534
23112.75000 0.94353
23116.61914 0.943527
23120.48047 0.942403
23124.33008 0.94128
23128.18945 0.940157
23128.21094 0.941276
23132.08008 0.941273
23135.94922 0.941269
23135.97070 0.942389
23139.83984 0.942385
23143.72070 0.942382
23147.58984 0.942378
23151.42969 0.940135
23155.30078 0.940131
23159.16016 0.939008
23163.02930 0.939004
23166.91016 0.939001
23170.75977 0.937877
23174.63086 0.937874
23178.50977 0.93787
23182.38086 0.937866
23186.25000 0.937863
23190.13086 0.937859
23194.00000 0.937855
23197.88086 0.937852
23201.71094 0.935609
23205.58984 0.935605
23209.46094 0.935601
23213.33008 0.935598
23217.21094 0.935594
23221.08008 0.935591
23224.94922 0.935587
23224.97070 0.936707
23228.83984 0.936703
23232.72070 0.9367
23236.57031 0.935576
23240.44922 0.935573
23244.32031 0.935569
23248.17969 0.934446
23252.05078 0.934442
23255.91992 0.934438
23255.93945 0.935558
23259.81055 0.935554
23263.68945 0.935551
23263.71094 0.936671
23267.58008 0.936667
23271.44922 0.936663
23275.33008 0.93666
23275.33984 0.93778
23279.22070 0.937776
23283.08984 0.937772
23286.96094 0.937769
23290.83984 0.937765
23294.71094 0.937762
23298.58008 0.937758
23302.46094 0.937754
23302.47070 0.938874
23306.34961 0.938871
23310.22070 0.938867
23310.24023 0.939987
23314.10938 0.939983
23317.99023 0.93998
23321.85938 0.939976
23321.88086 0.941096
23325.75000 0.941092
23329.61914 0.941088
23329.64062 0.942208
23333.50977 0.942205
23337.39062 0.942201
23337.40039 0.943321
23341.27930 0.943317
23341.30078 0.944437
23345.16992 0.944433
23345.18945 0.945553
23349.06055 0.94555
23349.08008 0.946669
23349.08984 0.947789
23352.97070 0.947786
23356.83984 0.947782
23356.85938 0.948902
23360.73047 0.948898
23364.60938 0.948894
23364.61914 0.950014
23368.50000 0.950011
23372.36914 0.950007
23372.39062 0.951127
23376.25977 0.951123
23380.13086 0.95112
23380.15039 0.95224
23384.01953 0.952236
23387.90039 0.952232
23391.76953 0.952229
23395.64062 0.952225
23399.51953 0.952221
23399.53906 0.953341
23399.55078 0.954461
23403.42969 0.954457
23403.43945 0.955577
23407.32031 0.955574
23407.33008 0.956693
23411.21094 0.95669
23415.08008 0.956686
23418.94922 0.956683
23422.83008 0.956679
23426.69922 0.956675
23430.57031 0.956672
23434.44922 0.956668
23438.32031 0.956665
23438.33984 0.957784
23442.21094 0.957781
23446.08984 0.957777
23449.96094 0.957773
23453.82031 0.95665
23457.68945 0.956646
23461.53906 0.955523
23465.40039 0.9544
23469.25977 0.953276
23473.10938 0.952153
23473.13086 0.953273
23476.92969 0.94879
23476.94922 0.949909
23480.76953 0.946547
23484.63086 0.945423
23488.44922 0.94206
23492.31055 0.940937
23496.10938 0.936454
23499.91016 0.931971
23503.72070 0.927488
23503.76953 0.930848
23503.78906 0.931967
23503.81055 0.933087
23507.47070 0.919646
23511.31055 0.917403
23511.33984 0.919642
23511.35938 0.920762
23511.38086 0.921882
23514.99023 0.905081
23518.83008 0.902838
23518.88086 0.906197
23518.91992 0.908437
23518.92969 0.909557
23522.55078 0.892756
23526.32031 0.886034
23530.07031 0.878191
23530.14062 0.882671
23530.16992 0.88491
23530.18945 0.88603
23533.73047 0.86475
23533.83984 0.871469
23533.89062 0.874828
23533.91016 0.875948
23533.91992 0.877068
23537.44922 0.854668
23541.28906 0.852425
23541.32031 0.854665
23541.33984 0.855785
23544.99023 0.841223
23548.84961 0.8401
23548.88086 0.84234
23548.90039 0.843459
23552.49023 0.825539
23552.56055 0.830018
23552.59961 0.832258
23552.61914 0.833378
23552.63086 0.834497
23556.16016 0.812098
23556.25977 0.818816
23556.32031 0.822176
23556.33008 0.823296
23556.34961 0.824416
23559.81055 0.797537
23563.53906 0.788574
23563.66016 0.796413
23563.72070 0.799773
23563.75000 0.802012
23563.76953 0.803132
23567.09961 0.768414
23570.84961 0.760572
23570.91992 0.765051
23570.96094 0.767291
23570.98047 0.768411
23570.99023 0.769531
23574.40039 0.739292
23578.24023 0.737049
23578.28906 0.740409
23578.32031 0.742648
23578.33984 0.743768
23578.38086 0.746008
23581.75000 0.71353
23581.84961 0.720248
23581.90039 0.723608
23581.91992 0.724728
23581.93945 0.725847
23585.35938 0.696729
23585.48047 0.704568
23585.50000 0.705687
23585.51953 0.706807
23589.39062 0.706804
23592.48047 0.656409
