threeML/data/optical_filters/Keck/NIRC2-Kp.ecsv
# %ECSV 0.9
# ---
# datatype:
# - {name: wavelength, unit: Angstrom, datatype: float32}
# - {name: response, datatype: float32}
# meta: !!omap
# - {band_name: Kp}
# - {group_name: NIRC2}
wavelength response
[from data line 767]
21009.86914 0.94505
21013.73047 0.945048
21017.59961 0.945047
21017.61914 0.946161
21021.49023 0.946159
21025.35938 0.946158
21029.23047 0.946156
21033.09961 0.946154
21033.10938 0.947269
21036.93945 0.943922
21040.81055 0.943921
21044.66016 0.942804
21048.52930 0.942802
21052.40039 0.9428
21056.25977 0.941684
21060.13086 0.941682
21063.99023 0.940565
21067.85938 0.940563
21071.73047 0.940561
21075.59961 0.940559
21079.46094 0.940558
21083.33008 0.940556
21087.18945 0.939439
21091.06055 0.939437
21094.92969 0.939435
21098.80078 0.939434
21102.66992 0.939432
21106.52930 0.938315
21110.38086 0.937198
21114.25000 0.937197
21118.10938 0.93608
21121.98047 0.936078
21125.83008 0.934961
21129.69922 0.934959
21133.57031 0.934958
21137.43945 0.934956
21141.30078 0.933839
21145.16992 0.933837
21149.02930 0.932721
21152.88086 0.931604
21156.74023 0.930487
21160.59961 0.929371
21164.46094 0.929369
21168.33008 0.929367
21172.18945 0.92825
21176.06055 0.928248
21179.92969 0.928247
21183.80078 0.928245
21187.66016 0.927128
21191.50977 0.926011
21195.36914 0.924895
21199.23047 0.923778
21203.08008 0.922661
21206.94922 0.92266
21210.80078 0.920428
21214.66016 0.920426
21218.51953 0.91931
21222.38086 0.918193
21226.23047 0.917076
21230.09961 0.917074
21233.97070 0.917073
21237.83984 0.917071
21241.71094 0.917069
21245.58008 0.917067
21249.44922 0.917065
21249.46094 0.91818
21253.33008 0.918178
21257.17969 0.915947
21261.05078 0.915945
21264.91992 0.915943
21268.75977 0.913711
21272.63086 0.913709
21276.50000 0.913708
21280.35938 0.912591
21284.21094 0.911474
21288.08008 0.911473
21291.93945 0.910356
21295.81055 0.910354
21299.67969 0.910352
21303.55078 0.91035
21307.41992 0.910348
21311.28906 0.910347
21315.16016 0.910345
21319.00977 0.909228
21322.88086 0.909226
21326.75000 0.909224
21330.60938 0.908108
21334.46094 0.906991
21338.33008 0.906989
21342.19922 0.906987
21346.07031 0.906986
21349.93945 0.906984
21353.81055 0.906982
21353.83008 0.908097
21357.68945 0.908095
21361.56055 0.908093
21365.42969 0.908091
21369.28906 0.906974
21373.16016 0.906972
21377.01953 0.905856
21380.89062 0.905854
21384.75977 0.905852
21388.63086 0.90585
21392.49023 0.905849
21396.35938 0.905847
21400.23047 0.905845
21400.25000 0.90696
21404.11914 0.906958
21407.99023 0.906956
21411.85938 0.906954
21415.72070 0.906952
21419.58984 0.90695
21423.46094 0.906949
21427.32031 0.905832
21431.18945 0.90583
21435.06055 0.905828
21438.92969 0.905826
21442.78906 0.90471
21446.65039 0.904708
21450.51953 0.904706
21454.39062 0.904704
21458.25977 0.904702
21462.13086 0.9047
21462.15039 0.905815
21466.01953 0.905813
21469.89062 0.905811
21473.75000 0.90581
21477.60938 0.904693
21481.48047 0.904691
21481.49023 0.905806
21485.35938 0.905804
21489.23047 0.905802
21489.25000 0.906917
21493.11914 0.906915
21493.13086 0.90803
21497.00000 0.908028
21497.00977 0.909143
21500.88086 0.909141
21500.89062 0.910256
21504.75977 0.910254
21504.77930 0.911369
21508.64062 0.911367
21512.50977 0.911365
21516.38086 0.911363
21520.24023 0.910247
21524.09961 0.90913
21527.97070 0.909128
21531.83984 0.909126
21535.71094 0.909125
21535.72070 0.910239
21539.58984 0.910238
21539.59961 0.911352
21543.47070 0.911351
21543.48047 0.912465
21547.34961 0.912463
21547.36914 0.913578
21551.24023 0.913576
21551.25000 0.914691
21555.11914 0.914689
21555.13086 0.915804
21559.00000 0.915802
21559.00977 0.916917
21562.88086 0.916915
21566.75000 0.916914
21570.61914 0.916912
21574.48047 0.915795
21578.34961 0.915793
21582.22070 0.915791
21586.08984 0.915789
21586.09961 0.916904
21589.97070 0.916902
21593.83984 0.916901
21593.84961 0.918015
21597.72070 0.918014
21601.58984 0.918012
21601.59961 0.919126
21605.47070 0.919125
21605.49023 0.920239
21609.35938 0.920238
21613.23047 0.920236
21617.09961 0.920234
21620.94922 0.919117
21624.82031 0.919115
21628.67969 0.917999
21632.55078 0.917997
21636.41992 0.917995
21636.42969 0.91911
21640.30078 0.919108
21640.31055 0.920223
21644.17969 0.920221
21648.05078 0.920219
21648.06055 0.921334
21651.92969 0.921332
21655.80078 0.92133
21655.82031 0.922445
21659.68945 0.922443
21663.56055 0.922441
21663.57031 0.923556
21667.43945 0.923554
21671.31055 0.923552
21671.32031 0.924667
21675.18945 0.924666
21679.06055 0.924664
21679.07031 0.925778
21682.93945 0.925777
21686.81055 0.925775
21690.67969 0.925773
21694.55078 0.925771
21694.56055 0.926886
21698.42969 0.926884
21702.30078 0.926882
21706.16992 0.92688
21706.17969 0.927995
21710.05078 0.927993
21710.07031 0.929108
21713.93945 0.929106
21713.94922 0.930221
21717.82031 0.930219
21717.83008 0.931334
21721.69922 0.931332
21725.57031 0.93133
21729.43945 0.931329
21733.31055 0.931327
21737.17969 0.931325
21741.03906 0.930208
21744.91016 0.930206
21744.91992 0.931321
21748.78906 0.931319
21752.66016 0.931317
21756.52930 0.931316
21760.40039 0.931314
21764.26953 0.931312
21764.27930 0.932427
21768.15039 0.932425
21772.01953 0.932423
21772.02930 0.933538
21775.90039 0.933536
21775.91016 0.934651
21779.77930 0.934649
21783.65039 0.934647
21787.51953 0.934645
21791.39062 0.934643
21795.25000 0.933527
21799.11914 0.933525
21802.97070 0.932408
21806.83008 0.931291
21810.69922 0.93129
21814.56055 0.930173
21818.42969 0.930171
21822.30078 0.930169
21826.16992 0.930168
21826.17969 0.931282
21830.05078 0.93128
21833.91992 0.931279
21837.78906 0.931277
21841.66016 0.931275
21845.50977 0.930158
21849.36914 0.929041
21853.23047 0.927925
21857.08008 0.926808
21860.94922 0.926806
21864.81055 0.92569
21864.82031 0.926804
21868.68945 0.926803
21872.56055 0.926801
21876.42969 0.926799
21880.28906 0.925682
21884.16016 0.92568
21888.02930 0.925679
21891.90039 0.925677
21891.91016 0.926792
21895.77930 0.92679
21899.65039 0.926788
21903.50000 0.925671
21907.36914 0.925669
21911.23047 0.924553
21915.08984 0.923436
21918.93945 0.922319
21922.80078 0.921203
21926.66016 0.920086
21930.52930 0.920084
21930.53906 0.921199
21949.83008 0.91673
21953.68945 0.915614
21957.56055 0.915612
21961.41992 0.914495
21965.26953 0.913379
21969.13086 0.912262
21972.99023 0.911145
21976.83008 0.908914
21980.68945 0.907797
21984.51953 0.904451
21988.39062 0.904449
21992.25977 0.904447
21996.10938 0.90333
21999.98047 0.903329
22003.83984 0.902212
22007.69922 0.901095
22011.55078 0.899979
22015.41016 0.898862
22019.27930 0.89886
22023.15039 0.898858
22027.00977 0.897742
22030.85938 0.896625
22034.73047 0.896623
22038.58984 0.895506
22042.43945 0.89439
22046.28906 0.892158
22050.14062 0.891042
22054.00000 0.889925
22057.85938 0.888808
22061.71094 0.887691
22065.57031 0.886575
22069.43945 0.886573
22073.27930 0.884342
22077.14062 0.883225
22081.00977 0.883223
22084.83984 0.879877
22088.69922 0.87876
22092.57031 0.878758
22096.41992 0.877641
22100.27930 0.876525
22104.15039 0.876523
22108.00977 0.875406
22111.85938 0.87429
22115.72070 0.873173
22119.58008 0.872056
22119.58984 0.873171
22123.41016 0.86871
22127.27930 0.868708
22131.13086 0.867591
22135.00000 0.86759
22138.86914 0.867588
22142.74023 0.867586
22146.60938 0.867584
22146.61914 0.868699
22150.49023 0.868697
22154.35938 0.868695
22158.22070 0.867579
22162.08984 0.867577
22165.94922 0.86646
22169.80078 0.865343
22173.66992 0.865341
22177.52930 0.864225
22181.40039 0.864223
22185.25000 0.863106
22189.11914 0.863104
22192.99023 0.863103
22196.84961 0.861986
22200.71094 0.860869
22204.56055 0.859753
22208.42969 0.859751
22212.28906 0.858634
22216.16016 0.858632
22220.02930 0.85863
22223.90039 0.858628
22227.75000 0.857512
22227.76953 0.858627
22231.64062 0.858625
22235.50977 0.858623
22239.38086 0.858621
22243.25000 0.858619
22247.10938 0.858617
22250.98047 0.858616
22254.84961 0.858614
22258.71094 0.857497
22262.58008 0.857495
22266.43945 0.856379
22270.31055 0.856377
22274.17969 0.856375
22278.05078 0.856373
22281.91016 0.856371
22281.92969 0.857486
22285.80078 0.857484
22289.66992 0.857482
22293.53906 0.85748
22293.55078 0.858595
22297.41992 0.858593
22301.28906 0.858591
22301.30078 0.859706
22305.16992 0.859704
22309.03906 0.859703
22309.05078 0.860818
22312.91992 0.860816
22316.78906 0.860814
22320.66016 0.860812
22324.52930 0.86081
22328.40039 0.860808
22328.41016 0.861923
22332.27930 0.861921
22336.15039 0.861919
22336.16992 0.863034
22340.03906 0.863032
22340.05078 0.864147
22343.91992 0.864145
22343.92969 0.86526
22347.80078 0.865258
22347.81055 0.866373
22351.67969 0.866371
22355.55078 0.866369
22359.41992 0.866368
22359.42969 0.867482
22363.30078 0.867481
22363.32031 0.868595
22367.18945 0.868594
22367.19922 0.869708
22371.07031 0.869706
22374.93945 0.869705
22378.81055 0.869703
22378.82031 0.870818
22382.68945 0.870816
22382.69922 0.87193
22386.57031 0.871929
22386.59961 0.874158
22390.47070 0.874157
22390.49023 0.876386
22394.35938 0.876384
22394.39062 0.878614
22394.40039 0.879729
22398.26953 0.879727
22398.28906 0.880842
22402.15039 0.88084
22402.16992 0.881955
22406.03906 0.881953
22406.06055 0.884182
22406.08008 0.885297
22409.94922 0.885296
22409.96094 0.88641
22413.83008 0.886408
22413.83984 0.887523
22413.84961 0.888638
22417.72070 0.888636
22421.58984 0.888634
22421.60938 0.889749
22425.48047 0.889747
22425.49023 0.890862
22429.35938 0.89086
22433.23047 0.890858
22433.24023 0.891973
22437.10938 0.891971
22440.98047 0.89197
22440.99023 0.893084
22441.00977 0.894199
22444.86914 0.894197
22444.89062 0.895312
22448.75977 0.89531
22448.77930 0.89754
22448.80078 0.898655
22452.66992 0.898653
22452.67969 0.899768
22456.55078 0.899766
22456.57031 0.901996
22456.58984 0.90311
22460.46094 0.903109
22460.47070 0.904223
22460.48047 0.905338
22464.34961 0.905336
22464.35938 0.906451
22464.38086 0.907566
22468.25000 0.907564
22468.25977 0.908679
22472.13086 0.908677
22472.14062 0.909792
22476.00977 0.90979
22476.03906 0.91202
22476.05078 0.913135
22479.91992 0.913133
22479.92969 0.914247
22483.80078 0.914246
22483.82031 0.915361
22487.68945 0.915359
22487.69922 0.916474
22491.57031 0.916472
22495.43945 0.91647
22495.44922 0.917585
22495.46094 0.918699
22499.33008 0.918698
22499.34961 0.919812
22499.35938 0.920927
22503.23047 0.920925
22503.24023 0.92204
22507.10938 0.922038
22507.11914 0.923153
22507.14062 0.924268
22511.00977 0.924266
22511.01953 0.925381
22514.89062 0.925379
22514.90039 0.926494
22514.91016 0.927609
22518.77930 0.927607
22518.80078 0.928722
22522.66992 0.92872
22522.68945 0.930949
22526.56055 0.930948
22526.57031 0.932063
22526.58984 0.933177
22530.46094 0.933175
22530.47070 0.93429
22530.48047 0.935405
22534.34961 0.935403
22534.36914 0.936518
22534.38086 0.937633
22538.25000 0.937631
22538.25977 0.938746
22542.13086 0.938744
22542.14062 0.939859
22542.16016 0.940974
22546.02930 0.940972
22546.03906 0.942087
22549.91016 0.942085
22549.92969 0.944314
22553.80078 0.944313
22553.82031 0.945427
22557.68945 0.945426
22561.56055 0.945424
22565.42969 0.945422
22569.28906 0.94542
22573.16016 0.945418
22573.17969 0.946533
22577.05078 0.946531
22577.06055 0.947646
22577.07031 0.948761
22580.93945 0.948759
22580.94922 0.949874
22580.97070 0.950989
22584.83984 0.950987
22584.85938 0.953216
22588.73047 0.953214
22588.75000 0.954329
22592.61914 0.954327
22592.63086 0.955442
22596.50000 0.95544
22596.50977 0.956555
22600.38086 0.956553
22604.25000 0.956552
22608.11914 0.95655
22608.13086 0.957665
22612.00000 0.957663
22615.86914 0.957661
22619.74023 0.957659
22623.60938 0.957657
22627.48047 0.957655
22631.34961 0.957653
22635.22070 0.957652
22639.08984 0.95765
22639.09961 0.958765
22639.10938 0.959879
22642.98047 0.959878
22646.84961 0.959876
22646.86914 0.960991
22650.74023 0.960989
22654.60938 0.960987
22658.47070 0.960985
22662.33984 0.960983
22666.21094 0.960981
22670.08008 0.960979
22673.94922 0.960978
22677.82031 0.960976
22681.68945 0.960974
22685.55078 0.959857
22689.40039 0.95874
22693.26953 0.958739
22697.14062 0.958737
22697.16016 0.959852
22701.02930 0.95985
22704.90039 0.959848
22708.76953 0.959846
22712.64062 0.959844
22716.49023 0.958728
22720.35938 0.958726
22724.23047 0.958724
22728.09961 0.958722
22728.10938 0.959837
22731.98047 0.959835
22735.83984 0.958718
22739.71094 0.958716
22743.58008 0.958715
22747.42969 0.957598
22751.30078 0.957596
22755.16016 0.956479
22759.02930 0.956478
22762.90039 0.956476
22766.76953 0.956474
22770.63086 0.955357
22770.64062 0.956472
22774.50977 0.95647
22778.38086 0.956468
22782.23047 0.955352
22782.25000 0.956466
22786.11914 0.956465
22789.99023 0.956463
22793.85938 0.956461
22797.73047 0.956459
22801.58008 0.955342
22805.43945 0.954226
22809.31055 0.954224
22813.15039 0.951992
22817.00977 0.950876
22820.84961 0.948644
22824.71094 0.947528
22828.55078 0.945296
22832.41016 0.94418
22832.41992 0.945294
22832.42969 0.946409
22836.24023 0.940833
22840.08008 0.938602
22843.92969 0.93637
22847.76953 0.934139
22851.60938 0.931907
22851.63086 0.933022
22851.64062 0.934137
22855.41992 0.926331
22859.25977 0.9241
22863.10938 0.921868
22866.91992 0.917407
22870.69922 0.909601
22874.50977 0.904026
22878.31055 0.89845
22882.11914 0.892874
22885.90039 0.885068
22889.68945 0.878377
22889.73047 0.881722
22889.75000 0.883951
22889.76953 0.885066
22893.38086 0.862768
22897.17969 0.857192
22900.97070 0.850501
22904.71094 0.839351
22908.44922 0.828201
22912.21094 0.818166
22915.91992 0.804786
22919.66992 0.794751
22923.43945 0.78583
22923.53906 0.794749
22923.59961 0.799208
22923.61914 0.801438
22923.63086 0.802553
22927.08984 0.766877
22930.85938 0.757956
22934.57031 0.744577
22938.26953 0.730082
22942.00000 0.717817
22945.61914 0.696634
22949.26953 0.67768
22952.96094 0.662071
22956.65039 0.646461
22956.75000 0.65538
22956.80078 0.659839
22956.83008 0.662069
22956.83984 0.663183
22956.84961 0.664298
22960.17969 0.617474
22963.94922 0.608554
22967.64062 0.592944
22971.33984 0.57845
22975.00000 0.560611
22978.69922 0.546116
22982.32031 0.524933
22986.13086 0.519357
22986.25977 0.530505
22986.32031 0.536079
22986.35938 0.539424
22986.36914 0.540538
22986.39062 0.541653
22989.66016 0.49037
22993.40039 0.47922
22997.00977 0.456921
23000.61914 0.434623
23004.31055 0.419014
23008.06055 0.408978
23008.17969 0.419012
23008.25000 0.424586
23008.26953 0.426816
23008.27930 0.42793
23008.30078 0.429045
23011.60938 0.381106
23015.47070 0.379989
23015.50977 0.383334
23015.52930 0.385564
23015.53906 0.386678
23015.73047 0.402286
23015.74023 0.403401
23015.75000 0.404515
23019.09961 0.359921
23022.91016 0.354345
23022.96094 0.358804
23022.99023 0.361034
23023.00000 0.362149
23026.56055 0.335391
23030.38086 0.33093
23030.43945 0.336504
23030.48047 0.339848
23030.49023 0.340963
23030.50977 0.342078
23034.02930 0.311976
23037.82031 0.305285
23037.89062 0.311974
23037.92969 0.315319
23037.94922 0.316434
23037.96094 0.317548
23041.43945 0.284102
23045.23047 0.277411
23045.30078 0.282985
23045.33984 0.28633
23045.34961 0.287444
23045.35938 0.288559
23045.39062 0.290789
23048.89062 0.259572
23052.71094 0.255111
23052.74023 0.257341
23052.75000 0.258455
23052.75977 0.25957
23056.39062 0.238387
23060.21094 0.233926
23063.96094 0.22389
23064.01953 0.229465
23064.06055 0.232809
23064.08008 0.233924
23064.08984 0.235039
23067.66016 0.209396
23071.48047 0.204935
23071.51953 0.208279
23071.52930 0.209394
23071.53906 0.210509
23075.17969 0.19044
23075.25977 0.197129
23075.27930 0.199359
23079.15039 0.199357
23079.17969 0.201587
23079.18945 0.202702
23082.68945 0.17037
23086.52930 0.168138
23086.53906 0.169253
23086.55078 0.170368
23090.25977 0.155873
23094.08984 0.152527
23094.14062 0.156986
23094.16016 0.159216
23094.17969 0.160331
23094.18945 0.161446
23097.83984 0.142492
23101.66992 0.139146
23101.69922 0.141375
23101.71094 0.14249
23101.72070 0.143605
23105.41016 0.127996
23105.46094 0.132455
23105.49023 0.134684
23105.50000 0.135799
23109.19922 0.121305
23113.05078 0.119073
23113.07031 0.121303
23113.08984 0.122418
23116.83984 0.112383
23120.67969 0.110151
23120.68945 0.111266
23120.71094 0.112381
23124.44922 0.101231
23128.30078 0.100114
23132.13086 0.096768
23135.94922 0.092306
23135.99023 0.095651
23136.00000 0.096766
23139.86914 0.096764
23143.56055 0.081155
