threeML/data/optical_filters/Keck/NIRC2-Kp.ecsv
# %ECSV 0.9
# ---
# datatype:
# - {name: wavelength, unit: Angstrom, datatype: float32}
# - {name: response, datatype: float32}
# meta: !!omap
# - {band_name: Kp}
# - {group_name: NIRC2}
wavelength response
17140.35547 0.0
19044.83984 0.005075
19048.69922 0.005073
19052.57031 0.005071
19056.43945 0.005069
19060.31055 0.005068
19064.17969 0.005066
19068.05078 0.005064
19071.91992 0.005062
19075.78906 0.00506
19075.80078 0.006175
19079.66992 0.006173
19083.53906 0.006171
19087.41016 0.006169
19091.27930 0.006168
19091.30078 0.007282
19095.16016 0.007281
19099.02930 0.007279
19102.90039 0.007277
19106.76953 0.007275
19106.78906 0.00839
19110.66016 0.008388
19114.52930 0.008386
19118.39062 0.008384
19122.25977 0.008382
19122.27930 0.009497
19126.15039 0.009495
19130.01953 0.009494
19133.89062 0.009492
19133.90039 0.010607
19137.76953 0.010605
19141.64062 0.010603
19145.50977 0.010601
19145.51953 0.011716
19149.39062 0.011714
19153.25977 0.011712
19153.26953 0.012827
19157.14062 0.012825
19157.15039 0.01394
19161.01953 0.013938
19164.89062 0.013936
19168.75977 0.013934
19168.77930 0.015049
19172.65039 0.015047
19176.51953 0.015045
19176.52930 0.01616
19180.40039 0.016158
19180.41016 0.017273
19184.27930 0.017271
19188.15039 0.01727
19188.16016 0.018384
19192.02930 0.018383
19195.90039 0.018381
19195.91016 0.019495
19199.77930 0.019494
19199.80078 0.020608
19203.66992 0.020607
19207.53906 0.020605
19207.55078 0.02172
19211.41992 0.021718
19211.42969 0.022833
19215.30078 0.022831
19219.16992 0.022829
19219.17969 0.023944
19223.05078 0.023942
19223.07031 0.025057
19226.93945 0.025055
19226.94922 0.02617
19230.82031 0.026168
19230.83008 0.027283
19234.69922 0.027281
19234.71094 0.028396
19238.58008 0.028394
19238.59961 0.029509
19242.47070 0.029507
19242.48047 0.030622
19246.34961 0.03062
19246.35938 0.031734
19250.23047 0.031733
19250.24023 0.032847
19254.10938 0.032846
19254.13086 0.03396
19258.00000 0.033959
19258.00977 0.035073
19261.88086 0.035072
19261.90039 0.037301
19265.76953 0.037299
19265.78906 0.038414
19265.80078 0.039529
19269.66992 0.039527
19269.67969 0.040642
19269.68945 0.041757
19273.56055 0.041755
19273.58008 0.04287
19277.44922 0.042868
19277.46094 0.043983
19281.33008 0.043981
19281.33984 0.045096
19285.21094 0.045094
19285.22070 0.046209
19285.24023 0.047324
19289.10938 0.047322
19289.13086 0.049551
19293.00000 0.049549
19293.02930 0.051779
19293.03906 0.052894
19296.91016 0.052892
19296.93945 0.055122
19296.94922 0.056237
19300.82031 0.056235
19300.83008 0.05735
19300.83984 0.058464
19304.71094 0.058462
19304.74023 0.060692
19308.60938 0.06069
19308.64062 0.06292
19308.65039 0.064035
19312.51953 0.064033
19312.53906 0.066263
19316.41016 0.066261
19316.44922 0.069605
19320.32031 0.069603
19320.36914 0.074063
19320.39062 0.075177
19324.25977 0.075176
19324.31055 0.079635
19328.17969 0.079633
19328.22070 0.082977
19328.23047 0.084092
19332.09961 0.08409
19332.10938 0.085205
19332.11914 0.08632
19335.99023 0.086318
19336.06055 0.091892
19336.07031 0.093007
19339.93945 0.093005
19339.94922 0.09412
19339.97070 0.095235
19343.83984 0.095233
19343.85938 0.097463
19343.88086 0.098578
19347.74023 0.098576
19347.77930 0.10192
19347.80078 0.103035
19351.66992 0.103033
19351.75977 0.110837
19355.63086 0.110835
19355.68945 0.116409
19355.72070 0.118639
19359.58984 0.118637
19359.61914 0.121981
19359.64062 0.123096
19363.50977 0.123094
19363.55078 0.126439
19363.56055 0.127554
19367.42969 0.127552
19367.47070 0.130896
19367.48047 0.132011
19371.34961 0.132009
19371.43945 0.139813
19375.31055 0.139811
19375.40039 0.147615
19375.41016 0.14873
19379.27930 0.148728
19379.40039 0.158761
19379.41016 0.159876
19383.27930 0.159874
19383.40039 0.169908
19383.41016 0.171022
19387.27930 0.171021
19387.38086 0.179939
19387.40039 0.181054
19391.26953 0.181052
19391.33984 0.187741
19391.35938 0.188856
19395.23047 0.188854
19395.28906 0.194428
19395.30078 0.195543
19399.16992 0.195541
19399.23047 0.2
19399.24023 0.201115
19403.10938 0.201113
19403.21094 0.210032
19403.23047 0.211147
19407.08984 0.211145
19407.25000 0.224523
19407.27930 0.226752
19407.28906 0.227867
19411.16016 0.227865
19411.30078 0.240128
19415.16992 0.240127
19415.33008 0.253504
19415.33984 0.254619
19419.21094 0.254617
19419.40039 0.27134
19423.26953 0.271338
19423.41016 0.283601
19423.42969 0.284716
19427.30078 0.284714
19427.41016 0.294747
19427.43945 0.296977
19431.31055 0.296975
19431.41016 0.305894
19435.27930 0.305892
19435.41016 0.31704
19435.41992 0.318155
19439.28906 0.318153
19439.50000 0.33599
19439.50977 0.337105
19443.38086 0.337103
19443.63086 0.358285
19447.50000 0.358283
19447.77930 0.382809
19451.65039 0.382807
19451.83008 0.398415
19451.84961 0.399529
19455.72070 0.399527
19455.86914 0.412905
19455.88086 0.41402
19459.75000 0.414018
19459.91992 0.428511
19459.92969 0.429626
19463.80078 0.429624
19464.01953 0.448576
19467.89062 0.448574
19468.22070 0.476445
19468.27930 0.482019
19468.30078 0.483133
19472.16016 0.483132
19472.40039 0.503198
19476.26953 0.503197
19476.53906 0.526608
19480.41016 0.526606
19480.55078 0.538869
19484.41992 0.538867
19484.58008 0.552245
19484.58984 0.55336
19488.46094 0.553358
19488.65039 0.57008
19488.67969 0.57231
19488.68945 0.573425
19492.56055 0.573423
19492.76953 0.59126
19496.64062 0.591258
19496.91992 0.615784
19496.94922 0.618014
19500.82031 0.618012
19501.00977 0.634734
19504.88086 0.634733
19505.14062 0.657029
19505.15039 0.658144
19509.01953 0.658142
19509.13086 0.667061
19509.14062 0.668175
19513.00977 0.668173
19513.27930 0.691585
19513.28906 0.692699
19517.16016 0.692698
19517.32031 0.706076
19517.38086 0.71165
19517.40039 0.712764
19521.25977 0.712763
19521.41016 0.725026
19525.27930 0.725024
19525.46094 0.740631
19529.33008 0.740629
19529.50977 0.756237
19533.38086 0.756235
19533.51953 0.768498
19537.39062 0.768496
19537.59961 0.786333
19541.47070 0.786331
19541.63086 0.800824
19545.50000 0.800822
19545.60938 0.809741
19545.61914 0.810856
19549.49023 0.810854
19549.65039 0.824232
19549.66992 0.826461
19553.53906 0.82646
19553.64062 0.835378
19553.66016 0.836493
19557.52930 0.836491
19557.63086 0.84541
19557.64062 0.846525
19561.50977 0.846523
19561.58984 0.853212
19565.46094 0.85321
19565.61914 0.866587
19565.63086 0.867702
19569.50000 0.8677
19569.63086 0.878849
19569.64062 0.879964
19573.50977 0.879962
19573.63086 0.889995
19573.64062 0.89111
19577.50977 0.891108
19577.59961 0.898912
19581.47070 0.89891
19581.55078 0.905599
19581.56055 0.906714
19585.42969 0.906712
19585.50977 0.913401
19585.51953 0.914516
19589.39062 0.914514
19589.43945 0.918973
19589.44922 0.920088
19593.32031 0.920086
19593.38086 0.924545
19593.39062 0.92566
19597.25977 0.925658
19597.27930 0.927888
19597.30078 0.929003
19601.16992 0.929001
19601.22070 0.93346
19605.08984 0.933458
19605.10938 0.935688
19608.98047 0.935686
19609.00977 0.937916
19609.01953 0.939031
19612.89062 0.939029
19612.90039 0.940143
19612.91992 0.941258
19616.78906 0.941256
19616.80078 0.942371
19616.81055 0.943486
19620.67969 0.943484
19620.68945 0.944599
19624.56055 0.944597
19624.58008 0.945712
19628.44922 0.94571
19628.46094 0.946825
19632.33008 0.946823
19632.33984 0.947938
19636.21094 0.947936
19640.08008 0.947934
19640.08984 0.949049
19643.96094 0.949047
19647.83008 0.949045
19647.84961 0.95016
19651.72070 0.950158
19651.73047 0.951273
19655.59961 0.951271
19655.60938 0.952386
19659.48047 0.952384
19659.49023 0.953499
19663.35938 0.953497
19663.38086 0.954612
19667.25000 0.95461
19671.10938 0.954608
19674.98047 0.954607
19678.83984 0.95349
19682.71094 0.953488
19682.72070 0.954603
19686.58984 0.954601
19690.46094 0.954599
19694.33008 0.954597
19698.19922 0.954595
19702.06055 0.953479
19705.91016 0.952362
19709.76953 0.951245
19713.64062 0.951244
19717.50977 0.951242
19717.51953 0.952357
19721.39062 0.952355
19725.25977 0.952353
19729.13086 0.952351
19733.00000 0.952349
19736.86914 0.952347
19736.88086 0.953462
19740.75000 0.95346
19744.61914 0.953458
19748.49023 0.953457
19752.35938 0.953455
19752.36914 0.95457
19756.24023 0.954568
19760.10938 0.954566
19763.98047 0.954564
19764.00000 0.955679
19767.86914 0.955677
19771.74023 0.955675
19771.75000 0.95679
19775.61914 0.956788
19779.49023 0.956786
19779.50000 0.957901
19783.36914 0.957899
19783.38086 0.959014
19787.25000 0.959012
19791.11914 0.95901
19791.13086 0.960125
19795.00000 0.960123
19798.86914 0.960122
19802.74023 0.96012
19806.60938 0.960118
19810.48047 0.960116
19810.50000 0.961231
19814.35938 0.961229
19818.23047 0.961227
19822.09961 0.961225
19825.97070 0.961224
19825.99023 0.962338
19829.85938 0.962336
19829.86914 0.963451
19833.74023 0.963449
19837.60938 0.963448
19837.61914 0.964562
19841.49023 0.964561
19845.35938 0.964559
19849.22070 0.963442
19853.08984 0.96344
19856.93945 0.962323
19860.81055 0.962322
19864.67969 0.96232
19868.55078 0.962318
19872.41992 0.962316
19872.42969 0.963431
19876.30078 0.963429
19880.16992 0.963427
19884.02930 0.96231
19887.90039 0.962309
19891.76953 0.962307
19895.64062 0.962305
19899.50977 0.962303
19903.35938 0.961187
19907.23047 0.961185
19911.09961 0.961183
19914.96094 0.960066
19918.83008 0.960064
19922.69922 0.960062
19926.55078 0.958946
19930.41016 0.957829
19934.27930 0.957827
19938.15039 0.957825
19942.00977 0.956709
19945.88086 0.956707
19949.75000 0.956705
19953.59961 0.955588
19957.47070 0.955587
19961.33008 0.95447
19965.18945 0.953353
19969.05078 0.953351
19972.91016 0.952235
19976.76953 0.951118
19980.61914 0.950001
19984.48047 0.948885
19988.33984 0.947768
19992.18945 0.946651
19996.05078 0.945535
19999.91016 0.944418
20003.77930 0.944416
20007.63086 0.943299
20011.49023 0.942183
20015.33008 0.939951
20019.19922 0.939949
20023.06055 0.938833
20026.91992 0.937716
20030.76953 0.936599
20034.63086 0.935483
20038.50000 0.935481
20038.50977 0.936596
20042.33984 0.933249
20046.21094 0.933247
20050.07031 0.932131
20053.93945 0.932129
20057.77930 0.929898
20061.65039 0.929896
20065.50000 0.927664
20069.34961 0.926548
20073.21094 0.925431
20077.07031 0.924314
20080.92969 0.924312
20084.80078 0.924311
20088.66992 0.924309
20092.52930 0.923192
20096.40039 0.92319
20100.26953 0.923188
20100.27930 0.924303
20104.10938 0.920957
20107.97070 0.91984
20111.83984 0.919838
20115.71094 0.919836
20119.57031 0.91872
20123.41992 0.917603
20127.27930 0.916486
20131.15039 0.916485
20135.00000 0.915368
20138.86914 0.915366
20142.74023 0.915364
20146.60938 0.915362
20146.63086 0.916477
20150.50000 0.916475
20154.35938 0.916474
20158.23047 0.916472
20162.09961 0.91647
20165.96094 0.915353
20169.83008 0.915351
20173.69922 0.915349
20177.57031 0.915348
20181.43945 0.915346
20185.30078 0.914229
20189.16016 0.914227
20193.02930 0.914225
20196.90039 0.914223
20200.76953 0.914222
20200.78906 0.915336
20204.66016 0.915335
20208.52930 0.915333
20212.39062 0.915331
20216.25977 0.915329
20220.11914 0.914212
20223.99023 0.91421
20227.85938 0.914209
20231.73047 0.914207
20235.59961 0.914205
20239.47070 0.914203
20243.33984 0.914201
20247.21094 0.9142
20251.08008 0.914198
20254.94922 0.914196
20258.82031 0.914194
20262.68945 0.914192
20266.55078 0.91419
20270.41992 0.914188
20270.43945 0.915303
20274.31055 0.915301
20274.32031 0.916416
20278.18945 0.916414
20282.06055 0.916412
20282.07031 0.917527
20285.93945 0.917525
20285.94922 0.91864
20289.82031 0.918638
20293.68945 0.918637
20293.71094 0.919751
20297.58008 0.91975
20301.44922 0.919748
20305.30078 0.918631
20309.16992 0.918629
20313.02930 0.917512
20313.03906 0.918627
20316.91016 0.918625
20316.91992 0.91974
20320.78906 0.919738
20320.81055 0.920853
20324.67969 0.920851
20324.68945 0.921966
20324.69922 0.923081
20328.57031 0.923079
20328.58008 0.924194
20332.44922 0.924192
20336.32031 0.92419
20340.18945 0.924189
20344.06055 0.924187
20347.92969 0.924185
20351.80078 0.924183
20355.66992 0.924181
20359.53906 0.924179
20363.40039 0.923063
20363.41016 0.924177
20367.27930 0.924176
20371.15039 0.924174
20371.16016 0.925289
20375.02930 0.925287
20375.03906 0.926402
20378.91016 0.9264
20378.92969 0.927514
20382.80078 0.927513
20382.81055 0.928627
20386.67969 0.928626
20386.68945 0.92974
20390.56055 0.929739
20394.42969 0.929737
20394.43945 0.930851
20398.31055 0.93085
20402.17969 0.930848
20406.05078 0.930846
20409.91992 0.930844
20413.78906 0.930842
20417.66016 0.93084
20421.52930 0.930839
20421.53906 0.931953
20425.41016 0.931951
20425.42969 0.933066
20429.28906 0.933064
20429.31055 0.934179
20433.17969 0.934177
20433.19922 0.936407
20437.07031 0.936405
20437.08984 0.93752
20440.96094 0.937518
20440.97070 0.938633
20444.83984 0.938631
20448.71094 0.938629
20452.58008 0.938628
20456.44922 0.938626
20460.32031 0.938624
20464.18945 0.938622
20468.05078 0.93862
20468.07031 0.939735
20471.93945 0.939733
20475.81055 0.939731
20475.82031 0.940846
20479.68945 0.940844
20479.69922 0.941959
20483.57031 0.941957
20487.43945 0.941955
20491.31055 0.941953
20491.32031 0.943068
20495.18945 0.943067
20499.06055 0.943065
20502.92969 0.943063
20506.80078 0.943061
20506.81055 0.944176
20510.67969 0.944174
20510.69922 0.945289
20514.57031 0.945287
20514.58008 0.946402
20518.44922 0.9464
20522.32031 0.946398
20522.33008 0.947513
20526.19922 0.947511
20526.21094 0.948626
20530.08008 0.948624
20533.94922 0.948622
20537.82031 0.94862
20541.68945 0.948618
20545.56055 0.948616
20549.42969 0.948615
20553.30078 0.948613
20553.31055 0.949728
20557.17969 0.949726
20561.05078 0.949724
20564.91992 0.949722
20568.78906 0.94972
20568.80078 0.950835
20572.66992 0.950833
20576.53906 0.950831
20580.41016 0.95083
20580.42969 0.951944
20584.30078 0.951942
20584.31055 0.953057
20588.17969 0.953055
20592.05078 0.953054
20592.06055 0.954168
20595.92969 0.954167
20595.93945 0.955281
20599.81055 0.95528
20603.67969 0.955278
20603.68945 0.956393
20603.71094 0.957507
20607.58008 0.957506
20607.58984 0.95862
20611.46094 0.958619
20615.33008 0.958617
20619.19922 0.958615
20623.07031 0.958613
20626.92969 0.957496
20630.78906 0.957494
20634.66016 0.957493
20638.52930 0.957491
20642.40039 0.957489
20646.26953 0.957487
20650.14062 0.957485
20654.00977 0.957483
20657.88086 0.957481
20661.75000 0.95748
20661.75977 0.958594
20665.63086 0.958593
20665.65039 0.959707
20669.51953 0.959706
20669.52930 0.96082
20673.40039 0.960819
20677.26953 0.960817
20681.14062 0.960815
20684.99023 0.959698
20688.85938 0.959696
20692.73047 0.959694
20696.59961 0.959693
20700.47070 0.959691
20704.33984 0.959689
20708.21094 0.959687
20712.08008 0.959685
20715.94922 0.959683
20719.81055 0.958567
20719.82031 0.959682
20723.68945 0.95968
20727.56055 0.959678
20731.42969 0.959676
20735.30078 0.959674
20739.16992 0.959672
20743.03906 0.95967
20746.91016 0.959669
20750.75977 0.958552
20754.63086 0.95855
20758.50000 0.958548
20758.50977 0.959663
20762.38086 0.959661
20766.24023 0.958545
20770.10938 0.958543
20773.98047 0.958541
20777.84961 0.958539
20781.72070 0.958537
20785.58984 0.958535
20789.46094 0.958534
20793.33008 0.958532
20797.17969 0.957415
20797.19922 0.95853
20801.07031 0.958528
20804.93945 0.958526
20808.81055 0.958524
20812.66992 0.958522
20816.53906 0.958521
20820.41016 0.958519
20824.26953 0.957402
20824.27930 0.958517
20828.15039 0.958515
20832.01953 0.958513
20835.88086 0.957396
20839.75000 0.957395
20839.75977 0.958509
20843.63086 0.958508
20847.50000 0.958506
20851.36914 0.958504
20855.24023 0.958502
20859.10938 0.9585
20862.98047 0.958498
20866.83984 0.957382
20870.69922 0.95738
20874.57031 0.957378
20878.43945 0.957376
20882.30078 0.95626
20886.16992 0.956258
20890.03906 0.956256
20893.90039 0.955139
20897.76953 0.955137
20901.64062 0.955135
20901.65039 0.95625
20905.51953 0.956248
20909.39062 0.956246
20909.40039 0.957361
20913.26953 0.95736
20917.14062 0.957358
20921.00000 0.956241
20924.86914 0.956239
20928.72070 0.955122
20932.58008 0.954006
20936.42969 0.952889
20940.28906 0.951772
20944.15039 0.950656
20948.01953 0.950654
20951.89062 0.950652
20955.75977 0.95065
20959.63086 0.950648
20959.64062 0.951763
20963.50977 0.951761
20967.36914 0.950645
20971.23047 0.950643
20975.08984 0.949526
20978.96094 0.949524
20982.82031 0.948408
20986.66992 0.947291
20990.52930 0.946174
20994.40039 0.946172
20998.25977 0.945056
21002.13086 0.945054
21006.00000 0.945052
