threeML/data/optical_filters/UKIRT/UKIDSS-J.ecsv
# %ECSV 0.9
# ---
# datatype:
# - {name: wavelength, unit: Angstrom, datatype: float32}
# - {name: response, datatype: float32}
# meta: !!omap
# - {band_name: J}
# - {group_name: UKIDSS}
wavelength response
10332.00000 0.0
11480.00000 0.0044
11485.00000 0.0046
11490.00000 0.0044
11495.00000 0.0049
11500.00000 0.0046
11505.00000 0.0062
11510.00000 0.0062
11515.00000 0.0069
11520.00000 0.0064
11525.00000 0.007
11530.00000 0.0087
11535.00000 0.0095
11540.00000 0.0091
11545.00000 0.0104
11550.00000 0.0117
11555.00000 0.0128
11560.00000 0.0138
11565.00000 0.0149
11570.00000 0.0172
11575.00000 0.0182
11580.00000 0.0187
11585.00000 0.0216
11590.00000 0.0211
11595.00000 0.0255
11600.00000 0.0277
11605.00000 0.0283
11610.00000 0.0332
11615.00000 0.0352
11620.00000 0.0392
11625.00000 0.041
11630.00000 0.0466
11635.00000 0.0496
11640.00000 0.0535
11645.00000 0.0586
11650.00000 0.0617
11655.00000 0.067
11660.00000 0.0708
11665.00000 0.0775
11670.00000 0.0824
11675.00000 0.0893
11680.00000 0.0947
11685.00000 0.0989
11690.00000 0.1063
11695.00000 0.1103
11700.00000 0.1175
11705.00000 0.1212
11710.00000 0.1261
11715.00000 0.1332
11720.00000 0.1368
11725.00000 0.1399
11730.00000 0.1445
11735.00000 0.1485
11740.00000 0.1445
11745.00000 0.1552
11750.00000 0.1591
11755.00000 0.1572
11760.00000 0.164
11765.00000 0.1656
11770.00000 0.1673
11775.00000 0.1613
11780.00000 0.1672
11785.00000 0.1671
11790.00000 0.1718
11795.00000 0.166
11800.00000 0.1716
11805.00000 0.1734
11810.00000 0.1729
11815.00000 0.1713
11820.00000 0.1607
11825.00000 0.1729
11830.00000 0.1748
11835.00000 0.1751
11840.00000 0.1747
11845.00000 0.1708
11850.00000 0.1688
11855.00000 0.1762
11860.00000 0.1758
11865.00000 0.1751
11870.00000 0.1755
11875.00000 0.1719
11880.00000 0.1724
11885.00000 0.1718
11890.00000 0.1764
11895.00000 0.1772
11900.00000 0.1777
11905.00000 0.1769
11910.00000 0.1761
11915.00000 0.1783
11920.00000 0.1768
11925.00000 0.1784
11930.00000 0.1785
11935.00000 0.1724
11940.00000 0.1786
11945.00000 0.1772
11950.00000 0.1767
11955.00000 0.1764
11960.00000 0.1777
11965.00000 0.1768
11970.00000 0.1777
11975.00000 0.1737
11980.00000 0.1779
11985.00000 0.1759
11990.00000 0.1727
11995.00000 0.1768
12000.00000 0.1764
12005.00000 0.1763
12010.00000 0.1755
12015.00000 0.1758
12020.00000 0.1736
12025.00000 0.1768
12030.00000 0.1767
12035.00000 0.1729
12040.00000 0.1683
12045.00000 0.1755
12050.00000 0.1707
12055.00000 0.1777
12060.00000 0.1781
12065.00000 0.1757
12070.00000 0.1765
12075.00000 0.1765
12080.00000 0.1774
12085.00000 0.1791
12090.00000 0.1778
12095.00000 0.1808
12100.00000 0.1787
12105.00000 0.1827
12110.00000 0.1829
12115.00000 0.1805
12120.00000 0.1837
12125.00000 0.1836
12130.00000 0.1859
12135.00000 0.1872
12140.00000 0.1859
12145.00000 0.1872
12150.00000 0.1873
12155.00000 0.1882
12160.00000 0.1908
12165.00000 0.1908
12170.00000 0.1906
12175.00000 0.1928
12180.00000 0.1916
12185.00000 0.1921
12190.00000 0.1915
12195.00000 0.1927
12200.00000 0.1939
12205.00000 0.1945
12210.00000 0.1954
12215.00000 0.1938
12220.00000 0.1946
12225.00000 0.1941
12230.00000 0.1952
12235.00000 0.1947
12240.00000 0.1953
12245.00000 0.1951
12250.00000 0.1954
12255.00000 0.1947
12260.00000 0.1949
12265.00000 0.1949
12270.00000 0.1929
12275.00000 0.1941
12280.00000 0.194
12285.00000 0.1939
12290.00000 0.1932
12295.00000 0.1925
12300.00000 0.1926
12305.00000 0.1925
12310.00000 0.1922
12315.00000 0.1919
12320.00000 0.1916
12325.00000 0.1913
12330.00000 0.1909
12335.00000 0.1906
12340.00000 0.1909
12345.00000 0.1907
12350.00000 0.1906
12355.00000 0.1906
12360.00000 0.1907
12365.00000 0.1907
12370.00000 0.1908
12375.00000 0.191
12380.00000 0.1912
12385.00000 0.1915
12390.00000 0.1918
12395.00000 0.1921
12400.00000 0.1925
12405.00000 0.1928
12410.00000 0.1933
12415.00000 0.1938
12420.00000 0.1943
12425.00000 0.1949
12430.00000 0.1954
12435.00000 0.196
12440.00000 0.1966
12445.00000 0.1972
12450.00000 0.1978
12455.00000 0.1984
12460.00000 0.199
12465.00000 0.1995
12470.00000 0.2002
12475.00000 0.2008
12480.00000 0.201
12485.00000 0.2018
12490.00000 0.2023
12495.00000 0.2021
12500.00000 0.2032
12505.00000 0.2036
12510.00000 0.2026
12515.00000 0.2042
12520.00000 0.2045
12525.00000 0.2029
12530.00000 0.2048
12535.00000 0.205
12540.00000 0.2035
12545.00000 0.2047
12550.00000 0.2051
12555.00000 0.2044
12560.00000 0.2027
12565.00000 0.2049
12570.00000 0.2047
12575.00000 0.1968
12580.00000 0.2043
12585.00000 0.2038
12590.00000 0.1958
12595.00000 0.2026
12600.00000 0.2018
12605.00000 0.199
12610.00000 0.1949
12615.00000 0.1975
12620.00000 0.1961
12625.00000 0.1844
12630.00000 0.1946
12635.00000 0.1907
12640.00000 0.1889
12645.00000 0.1883
12650.00000 0.1881
12655.00000 0.1948
12660.00000 0.1765
12665.00000 0.1895
12670.00000 0.1918
12675.00000 0.1916
12680.00000 0.1989
12685.00000 0.1504
12690.00000 0.1478
12695.00000 0.1806
12700.00000 0.1927
12705.00000 0.1973
12710.00000 0.1947
12715.00000 0.1994
12720.00000 0.1942
12725.00000 0.1995
12730.00000 0.1948
12735.00000 0.2037
12740.00000 0.1962
12745.00000 0.2017
12750.00000 0.1982
12755.00000 0.2065
12760.00000 0.2008
12765.00000 0.2021
12770.00000 0.2052
12775.00000 0.2054
12780.00000 0.2091
12785.00000 0.2032
12790.00000 0.2104
12795.00000 0.209
12800.00000 0.2108
12805.00000 0.208
12810.00000 0.2111
12815.00000 0.2124
12820.00000 0.2123
12825.00000 0.2101
12830.00000 0.2132
12835.00000 0.2132
12840.00000 0.2134
12845.00000 0.2113
12850.00000 0.2136
12855.00000 0.2137
12860.00000 0.2136
12865.00000 0.2128
12870.00000 0.2132
12875.00000 0.2132
12880.00000 0.2129
12885.00000 0.2125
12890.00000 0.2113
12895.00000 0.2119
12900.00000 0.2115
12905.00000 0.2113
12910.00000 0.2105
12915.00000 0.21
12920.00000 0.2092
12925.00000 0.2094
12930.00000 0.209
12935.00000 0.2087
12940.00000 0.2078
12945.00000 0.2077
12950.00000 0.207
12955.00000 0.2058
12960.00000 0.2059
12965.00000 0.2057
12970.00000 0.205
12975.00000 0.2034
12980.00000 0.2043
12985.00000 0.2045
12990.00000 0.2044
12995.00000 0.2017
13000.00000 0.2032
13005.00000 0.2008
13010.00000 0.2007
13015.00000 0.2034
13020.00000 0.2034
13025.00000 0.2028
13030.00000 0.2018
13035.00000 0.1973
13040.00000 0.2001
13045.00000 0.1994
13050.00000 0.2038
13055.00000 0.2023
13060.00000 0.2043
13065.00000 0.1988
13070.00000 0.2024
13075.00000 0.205
13080.00000 0.1978
13085.00000 0.2057
13090.00000 0.2057
13095.00000 0.2012
13100.00000 0.2012
13105.00000 0.1978
13110.00000 0.2059
13115.00000 0.2075
13120.00000 0.206
13125.00000 0.2041
13130.00000 0.2006
13135.00000 0.198
13140.00000 0.2023
13145.00000 0.2024
13150.00000 0.2007
13155.00000 0.1986
13160.00000 0.2024
13165.00000 0.2021
13170.00000 0.1862
13175.00000 0.1989
13180.00000 0.1956
13185.00000 0.1881
13190.00000 0.1876
13195.00000 0.183
13200.00000 0.1716
13205.00000 0.1757
13210.00000 0.177
13215.00000 0.1648
13220.00000 0.1687
13225.00000 0.1628
13230.00000 0.1516
13235.00000 0.1553
13240.00000 0.144
13245.00000 0.1449
13250.00000 0.1422
13255.00000 0.1298
13260.00000 0.1305
13265.00000 0.1247
13270.00000 0.1139
13275.00000 0.1143
13280.00000 0.1075
13285.00000 0.0962
13290.00000 0.0929
13295.00000 0.0936
13300.00000 0.0868
13305.00000 0.0847
13310.00000 0.0764
13315.00000 0.0695
13320.00000 0.0658
13325.00000 0.0552
13330.00000 0.0641
13335.00000 0.0588
13340.00000 0.0522
13345.00000 0.0554
13350.00000 0.0488
13355.00000 0.0495
13360.00000 0.037
13365.00000 0.0444
13370.00000 0.0389
13375.00000 0.0342
13380.00000 0.0328
13385.00000 0.0353
13390.00000 0.0323
13395.00000 0.0306
13400.00000 0.0282
13405.00000 0.0233
13410.00000 0.0265
13415.00000 0.0222
13420.00000 0.0238
13425.00000 0.022
13430.00000 0.0209
13435.00000 0.02
13440.00000 0.0144
13445.00000 0.0138
13450.00000 0.0162
13455.00000 0.0139
13460.00000 0.0136
13465.00000 0.0106
13470.00000 0.0133
13475.00000 0.0109
13480.00000 0.007
13485.00000 0.0063
13490.00000 0.0081
13495.00000 0.01
13500.00000 0.0075
13505.00000 0.0042
13510.00000 0.0073
13515.00000 0.0051
13520.00000 0.0055
14872.00000 0.0
