threeML/data/optical_filters/UKIRT/UKIDSS-K.ecsv
# %ECSV 0.9
# ---
# datatype:
# - {name: wavelength, unit: Angstrom, datatype: float32}
# - {name: response, datatype: float32}
# meta: !!omap
# - {band_name: K}
# - {group_name: UKIDSS}
wavelength response
17644.50000 0.0
19605.00000 0.0044
19610.00000 0.0033
19615.00000 0.0041
19620.00000 0.0039
19625.00000 0.0047
19630.00000 0.0042
19635.00000 0.0034
19640.00000 0.0032
19645.00000 0.0038
19650.00000 0.0053
19655.00000 0.0046
19660.00000 0.0035
19665.00000 0.0047
19670.00000 0.0061
19675.00000 0.0052
19680.00000 0.004
19685.00000 0.0061
19690.00000 0.0065
19695.00000 0.0053
19700.00000 0.006
19705.00000 0.0073
19710.00000 0.0059
19715.00000 0.0053
19720.00000 0.0072
19725.00000 0.0071
19730.00000 0.007
19735.00000 0.0083
19740.00000 0.0073
19745.00000 0.0077
19750.00000 0.009
19755.00000 0.0086
19760.00000 0.0084
19765.00000 0.0096
19770.00000 0.0094
19775.00000 0.0096
19780.00000 0.01
19785.00000 0.01
19790.00000 0.0106
19795.00000 0.0102
19800.00000 0.0083
19805.00000 0.0092
19810.00000 0.0114
19815.00000 0.0118
19820.00000 0.012
19825.00000 0.0122
19830.00000 0.0118
19835.00000 0.0128
19840.00000 0.0131
19845.00000 0.0133
19850.00000 0.0133
19855.00000 0.0136
19860.00000 0.0142
19865.00000 0.0144
19870.00000 0.0111
19875.00000 0.0149
19880.00000 0.0154
19885.00000 0.0158
19890.00000 0.0162
19895.00000 0.0165
19900.00000 0.0151
19905.00000 0.0163
19910.00000 0.0175
19915.00000 0.0182
19920.00000 0.0185
19925.00000 0.0189
19930.00000 0.0194
19935.00000 0.0198
19940.00000 0.0193
19945.00000 0.0203
19950.00000 0.0211
19955.00000 0.0206
19960.00000 0.0212
19965.00000 0.0209
19970.00000 0.0203
19975.00000 0.0202
19980.00000 0.0181
19985.00000 0.0186
19990.00000 0.0171
19995.00000 0.0171
20000.00000 0.0182
20005.00000 0.0164
20010.00000 0.0139
20015.00000 0.0118
20020.00000 0.0117
20025.00000 0.0106
20030.00000 0.0085
20035.00000 0.0103
20040.00000 0.0102
20045.00000 0.0095
20050.00000 0.0116
20055.00000 0.0129
20060.00000 0.0171
20065.00000 0.0208
20070.00000 0.0221
20075.00000 0.0197
20080.00000 0.0179
20085.00000 0.0259
20090.00000 0.0365
20095.00000 0.0242
20100.00000 0.0261
20105.00000 0.0322
20110.00000 0.023
20115.00000 0.0178
20120.00000 0.0279
20125.00000 0.0331
20130.00000 0.0229
20135.00000 0.0197
20140.00000 0.0373
20145.00000 0.0325
20150.00000 0.0191
20155.00000 0.0427
20160.00000 0.0386
20165.00000 0.0246
20170.00000 0.047
20175.00000 0.0406
20180.00000 0.0321
20185.00000 0.0583
20190.00000 0.0402
20195.00000 0.0562
20200.00000 0.063
20205.00000 0.0468
20210.00000 0.0741
20215.00000 0.059
20220.00000 0.0687
20225.00000 0.0843
20230.00000 0.0668
20235.00000 0.089
20240.00000 0.0739
20245.00000 0.0922
20250.00000 0.0918
20255.00000 0.0963
20260.00000 0.1022
20265.00000 0.0989
20270.00000 0.1098
20275.00000 0.104
20280.00000 0.1139
20285.00000 0.1091
20290.00000 0.1215
20295.00000 0.1187
20300.00000 0.1277
20305.00000 0.1255
20310.00000 0.131
20315.00000 0.133
20320.00000 0.136
20325.00000 0.1376
20330.00000 0.1393
20335.00000 0.1411
20340.00000 0.1447
20345.00000 0.1468
20350.00000 0.1492
20355.00000 0.1512
20360.00000 0.1529
20365.00000 0.1549
20370.00000 0.157
20375.00000 0.1588
20380.00000 0.161
20385.00000 0.1623
20390.00000 0.1645
20395.00000 0.1648
20400.00000 0.1622
20405.00000 0.1624
20410.00000 0.165
20415.00000 0.166
20420.00000 0.1684
20425.00000 0.1738
20430.00000 0.1761
20435.00000 0.1782
20440.00000 0.1749
20445.00000 0.1764
20450.00000 0.1802
20455.00000 0.1825
20460.00000 0.1827
20465.00000 0.1808
20470.00000 0.1799
20475.00000 0.1767
20480.00000 0.1723
20485.00000 0.1731
20490.00000 0.1707
20495.00000 0.1575
20500.00000 0.1562
20505.00000 0.1521
20510.00000 0.1352
20515.00000 0.1353
20520.00000 0.1382
20525.00000 0.1382
20530.00000 0.1579
20535.00000 0.1636
20540.00000 0.1547
20545.00000 0.1351
20550.00000 0.1201
20555.00000 0.1168
20560.00000 0.1491
20565.00000 0.1622
20570.00000 0.1606
20575.00000 0.1303
20580.00000 0.13
20585.00000 0.1684
20590.00000 0.183
20595.00000 0.1728
20600.00000 0.1711
20605.00000 0.1994
20610.00000 0.1602
20615.00000 0.1659
20620.00000 0.1884
20625.00000 0.1627
20630.00000 0.1222
20635.00000 0.1682
20640.00000 0.1814
20645.00000 0.1312
20650.00000 0.1457
20655.00000 0.1867
20660.00000 0.1551
20665.00000 0.1363
20670.00000 0.1863
20675.00000 0.1747
20680.00000 0.1387
20685.00000 0.1887
20690.00000 0.1827
20695.00000 0.1475
20700.00000 0.194
20705.00000 0.183
20710.00000 0.1591
20715.00000 0.1979
20720.00000 0.1758
20725.00000 0.1814
20730.00000 0.2038
20735.00000 0.1756
20740.00000 0.1964
20745.00000 0.1962
20750.00000 0.1761
20755.00000 0.2044
20760.00000 0.1958
20765.00000 0.2025
20770.00000 0.2046
20775.00000 0.1967
20780.00000 0.2082
20785.00000 0.2053
20790.00000 0.2111
20795.00000 0.2134
20800.00000 0.209
20805.00000 0.2141
20810.00000 0.2106
20815.00000 0.2119
20820.00000 0.2096
20825.00000 0.21
20830.00000 0.2102
20835.00000 0.2096
20840.00000 0.2093
20845.00000 0.2107
20850.00000 0.2089
20855.00000 0.209
20860.00000 0.213
20865.00000 0.2144
20870.00000 0.2106
20875.00000 0.2155
20880.00000 0.2161
20885.00000 0.2114
20890.00000 0.2172
20895.00000 0.2162
20900.00000 0.2113
20905.00000 0.2186
20910.00000 0.2162
20915.00000 0.2167
20920.00000 0.2194
20925.00000 0.216
20930.00000 0.2196
20935.00000 0.219
20940.00000 0.2151
20945.00000 0.2205
20950.00000 0.2195
20955.00000 0.2206
20960.00000 0.2205
20965.00000 0.221
20970.00000 0.2214
20975.00000 0.2214
20980.00000 0.2213
20985.00000 0.2184
20990.00000 0.2191
20995.00000 0.2224
21000.00000 0.2219
21005.00000 0.2195
21010.00000 0.2216
21015.00000 0.2198
21020.00000 0.2211
21025.00000 0.222
21030.00000 0.2221
21035.00000 0.2231
21040.00000 0.2232
21045.00000 0.2227
21050.00000 0.2221
21055.00000 0.2229
21060.00000 0.2231
21065.00000 0.2227
21070.00000 0.2228
21075.00000 0.2222
21080.00000 0.2226
21085.00000 0.2227
21090.00000 0.2219
21095.00000 0.222
21100.00000 0.2219
21105.00000 0.2223
21110.00000 0.222
21115.00000 0.2231
21120.00000 0.2211
21125.00000 0.2216
21130.00000 0.2242
21135.00000 0.224
21140.00000 0.2233
21145.00000 0.2245
21150.00000 0.2239
21155.00000 0.2235
21160.00000 0.2241
21165.00000 0.2236
21170.00000 0.2237
21175.00000 0.2243
21180.00000 0.2239
21185.00000 0.2173
21190.00000 0.2242
21195.00000 0.2238
21200.00000 0.2232
21205.00000 0.2236
21210.00000 0.2244
21215.00000 0.2242
21220.00000 0.2247
21225.00000 0.2248
21230.00000 0.2249
21235.00000 0.225
21240.00000 0.225
21245.00000 0.2211
21250.00000 0.2249
21255.00000 0.2255
21260.00000 0.2257
21265.00000 0.2258
21270.00000 0.2259
21275.00000 0.2244
21280.00000 0.2231
21285.00000 0.2261
21290.00000 0.2261
21295.00000 0.2262
21300.00000 0.2263
21305.00000 0.2264
21310.00000 0.2266
21315.00000 0.2266
21320.00000 0.2267
21325.00000 0.2267
21330.00000 0.2268
21335.00000 0.2269
21340.00000 0.227
21345.00000 0.2271
21350.00000 0.2271
21355.00000 0.2271
21360.00000 0.2258
21365.00000 0.2273
21370.00000 0.2274
21375.00000 0.2275
21380.00000 0.2276
21385.00000 0.2276
21390.00000 0.2276
21395.00000 0.2277
21400.00000 0.2278
21405.00000 0.2279
21410.00000 0.2279
21415.00000 0.228
21420.00000 0.2281
21425.00000 0.2281
21430.00000 0.2274
21435.00000 0.228
21440.00000 0.2283
21445.00000 0.2282
21450.00000 0.2284
21455.00000 0.2285
21460.00000 0.2284
21465.00000 0.2285
21470.00000 0.2284
21475.00000 0.2281
21480.00000 0.228
21485.00000 0.2284
21490.00000 0.2274
21495.00000 0.2277
21500.00000 0.2274
21505.00000 0.2282
21510.00000 0.2279
21515.00000 0.2248
21520.00000 0.2268
21525.00000 0.2271
21530.00000 0.226
21535.00000 0.2275
21540.00000 0.2283
21545.00000 0.2284
21550.00000 0.2274
21555.00000 0.2274
21560.00000 0.2292
21565.00000 0.2285
21570.00000 0.229
21575.00000 0.2287
21580.00000 0.2289
21585.00000 0.2291
21590.00000 0.2264
21595.00000 0.2289
21600.00000 0.2276
21605.00000 0.2292
21610.00000 0.2239
21615.00000 0.2267
21620.00000 0.229
21625.00000 0.2279
21630.00000 0.2287
21635.00000 0.216
21640.00000 0.2288
21645.00000 0.2292
21650.00000 0.2287
21655.00000 0.2286
21660.00000 0.2288
21665.00000 0.2281
21670.00000 0.2242
21675.00000 0.2285
21680.00000 0.2281
21685.00000 0.2253
21690.00000 0.2278
21695.00000 0.229
21700.00000 0.229
21705.00000 0.2281
21710.00000 0.2291
21715.00000 0.2291
21720.00000 0.229
21725.00000 0.2213
21730.00000 0.2259
21735.00000 0.2289
21740.00000 0.2282
21745.00000 0.2248
21750.00000 0.2277
21755.00000 0.2283
21760.00000 0.2277
21765.00000 0.227
21770.00000 0.2288
21775.00000 0.2288
21780.00000 0.2279
21785.00000 0.2162
21790.00000 0.2278
21795.00000 0.2258
21800.00000 0.2285
21805.00000 0.2285
21810.00000 0.2285
21815.00000 0.2285
21820.00000 0.2285
21825.00000 0.2281
21830.00000 0.2268
21835.00000 0.2199
21840.00000 0.2216
21845.00000 0.2264
21850.00000 0.2171
21855.00000 0.2275
21860.00000 0.2281
21865.00000 0.2281
21870.00000 0.2264
21875.00000 0.2273
21880.00000 0.2265
21885.00000 0.2272
21890.00000 0.228
21895.00000 0.2251
21900.00000 0.2277
21905.00000 0.2238
21910.00000 0.2278
21915.00000 0.2279
21920.00000 0.2279
21925.00000 0.2278
21930.00000 0.2278
21935.00000 0.2278
21940.00000 0.2278
21945.00000 0.2249
21950.00000 0.2203
21955.00000 0.2276
21960.00000 0.2277
21965.00000 0.2268
21970.00000 0.2276
21975.00000 0.2269
21980.00000 0.2258
21985.00000 0.2209
21990.00000 0.2235
21995.00000 0.2155
22000.00000 0.2067
22005.00000 0.2025
22010.00000 0.2249
22015.00000 0.2229
22020.00000 0.2208
22025.00000 0.2206
22030.00000 0.2231
22035.00000 0.2262
22040.00000 0.225
22045.00000 0.2238
22050.00000 0.2169
22055.00000 0.2256
22060.00000 0.2264
22065.00000 0.2276
22070.00000 0.2276
22075.00000 0.2269
22080.00000 0.2281
22085.00000 0.2284
22090.00000 0.2285
22095.00000 0.2285
22100.00000 0.2286
22105.00000 0.2279
22110.00000 0.2266
22115.00000 0.2282
22120.00000 0.2289
22125.00000 0.229
22130.00000 0.2291
22135.00000 0.2292
22140.00000 0.2289
22145.00000 0.229
22150.00000 0.2278
22155.00000 0.2294
22160.00000 0.2242
22165.00000 0.2182
22170.00000 0.2289
22175.00000 0.2296
22180.00000 0.2292
22185.00000 0.229
22190.00000 0.2301
22195.00000 0.2303
22200.00000 0.2301
22205.00000 0.229
22210.00000 0.2297
22215.00000 0.2171
22220.00000 0.2252
22225.00000 0.2305
22230.00000 0.2305
22235.00000 0.2307
22240.00000 0.2299
22245.00000 0.2307
22250.00000 0.2308
22255.00000 0.231
22260.00000 0.2302
22265.00000 0.2246
22270.00000 0.2267
22275.00000 0.2301
22280.00000 0.2313
22285.00000 0.2315
22290.00000 0.2318
22295.00000 0.2325
22300.00000 0.2328
22305.00000 0.2322
22310.00000 0.2316
22315.00000 0.2233
22320.00000 0.2313
22325.00000 0.2214
22330.00000 0.2316
22335.00000 0.2294
22340.00000 0.2331
22345.00000 0.2327
22350.00000 0.2332
22355.00000 0.2341
22360.00000 0.231
22365.00000 0.227
22370.00000 0.2334
22375.00000 0.2278
22380.00000 0.2283
22385.00000 0.2352
22390.00000 0.2358
22395.00000 0.2348
22400.00000 0.2355
22405.00000 0.2308
22410.00000 0.2339
22415.00000 0.2266
22420.00000 0.2369
22425.00000 0.2342
22430.00000 0.2338
22435.00000 0.2346
22440.00000 0.2261
22445.00000 0.2347
22450.00000 0.2376
22455.00000 0.2373
22460.00000 0.2283
22465.00000 0.2318
22470.00000 0.2262
22475.00000 0.231
22480.00000 0.2375
22485.00000 0.2383
22490.00000 0.2367
22495.00000 0.2362
22500.00000 0.236
22505.00000 0.231
22510.00000 0.2344
22515.00000 0.2374
22520.00000 0.2375
22525.00000 0.2339
22530.00000 0.2345
22535.00000 0.2326
22540.00000 0.2226
22545.00000 0.2342
22550.00000 0.2373
22555.00000 0.2298
22560.00000 0.2273
22565.00000 0.2319
22570.00000 0.2219
22575.00000 0.2354
22580.00000 0.2339
22585.00000 0.2299
22590.00000 0.2378
22595.00000 0.2369
22600.00000 0.2318
22605.00000 0.2353
22610.00000 0.2151
22615.00000 0.2268
22620.00000 0.2227
22625.00000 0.222
22630.00000 0.2389
22635.00000 0.2277
22640.00000 0.2324
22645.00000 0.2293
22650.00000 0.2249
22655.00000 0.2369
22660.00000 0.2373
22665.00000 0.2373
22670.00000 0.2348
22675.00000 0.2299
22680.00000 0.2285
22685.00000 0.2134
22690.00000 0.2212
22695.00000 0.2343
22700.00000 0.2339
22705.00000 0.2148
22710.00000 0.2349
22715.00000 0.2285
22720.00000 0.2298
22725.00000 0.2111
22730.00000 0.2335
22735.00000 0.2283
22740.00000 0.2343
22745.00000 0.2325
22750.00000 0.2263
22755.00000 0.1951
22760.00000 0.2072
22765.00000 0.2148
22770.00000 0.2221
22775.00000 0.2277
22780.00000 0.2276
22785.00000 0.2297
22790.00000 0.2302
22795.00000 0.2307
22800.00000 0.2302
22805.00000 0.2185
22810.00000 0.2126
22815.00000 0.2247
22820.00000 0.2267
22825.00000 0.2201
22830.00000 0.1837
22835.00000 0.2267
22840.00000 0.1929
22845.00000 0.2253
22850.00000 0.22
22855.00000 0.2066
22860.00000 0.2251
22865.00000 0.222
22870.00000 0.2214
22875.00000 0.2207
22880.00000 0.2224
22885.00000 0.2205
22890.00000 0.2212
22895.00000 0.1939
22900.00000 0.1853
22905.00000 0.2172
22910.00000 0.213
22915.00000 0.2169
22920.00000 0.2183
22925.00000 0.1975
22930.00000 0.2179
22935.00000 0.2143
22940.00000 0.205
22945.00000 0.2145
22950.00000 0.1955
22955.00000 0.2077
22960.00000 0.2014
22965.00000 0.2112
22970.00000 0.2148
22975.00000 0.2159
22980.00000 0.2077
22985.00000 0.1854
22990.00000 0.2005
22995.00000 0.1991
23000.00000 0.1964
23005.00000 0.1969
23010.00000 0.2005
23015.00000 0.2118
23020.00000 0.2068
23025.00000 0.2052
23030.00000 0.2088
23035.00000 0.194
23040.00000 0.1984
23045.00000 0.1835
23050.00000 0.2021
23055.00000 0.1962
23060.00000 0.2025
23065.00000 0.1998
23070.00000 0.2068
23075.00000 0.1745
23080.00000 0.2063
23085.00000 0.2089
23090.00000 0.2043
23095.00000 0.2032
23100.00000 0.2052
23105.00000 0.2112
23110.00000 0.2115
23115.00000 0.2111
23120.00000 0.2057
23125.00000 0.2102
23130.00000 0.2114
23135.00000 0.2115
23140.00000 0.2115
23145.00000 0.2115
23150.00000 0.2109
23155.00000 0.2106
23160.00000 0.1933
23165.00000 0.1846
23170.00000 0.1463
23175.00000 0.1781
23180.00000 0.176
23185.00000 0.1806
23190.00000 0.1999
23195.00000 0.1956
23200.00000 0.2003
23205.00000 0.2045
23210.00000 0.2025
23215.00000 0.2062
23220.00000 0.1967
23225.00000 0.2012
23230.00000 0.2059
23235.00000 0.2111
23240.00000 0.2064
23245.00000 0.2134
23250.00000 0.2124
23255.00000 0.1953
23260.00000 0.2146
23265.00000 0.2052
23270.00000 0.2151
23275.00000 0.216
23280.00000 0.217
23285.00000 0.1772
23290.00000 0.2106
23295.00000 0.2109
23300.00000 0.2184
23305.00000 0.2185
23310.00000 0.2096
23315.00000 0.2103
23320.00000 0.2083
23325.00000 0.2142
23330.00000 0.217
23335.00000 0.2188
23340.00000 0.2071
23345.00000 0.2149
23350.00000 0.2072
23355.00000 0.2201
23360.00000 0.2047
23365.00000 0.2203
23370.00000 0.2223
23375.00000 0.2207
23380.00000 0.2165
23385.00000 0.2079
23390.00000 0.2171
23395.00000 0.2138
23400.00000 0.1883
23405.00000 0.2048
23410.00000 0.2068
23415.00000 0.2102
23420.00000 0.2147
23425.00000 0.2194
23430.00000 0.2226
23435.00000 0.2141
23440.00000 0.2223
23445.00000 0.2208
23450.00000 0.2106
23455.00000 0.214
23460.00000 0.2193
23465.00000 0.2115
23470.00000 0.2172
23475.00000 0.2053
23480.00000 0.1979
23485.00000 0.2066
23490.00000 0.2216
23495.00000 0.2185
23500.00000 0.2184
23505.00000 0.1936
23510.00000 0.1808
23515.00000 0.2162
23520.00000 0.2107
23525.00000 0.1866
23530.00000 0.2207
23535.00000 0.1892
23540.00000 0.2247
23545.00000 0.2168
23550.00000 0.2139
23555.00000 0.2188
23560.00000 0.1652
23565.00000 0.2169
23570.00000 0.2168
23575.00000 0.2151
23580.00000 0.209
23585.00000 0.1818
23590.00000 0.1768
23595.00000 0.2163
23600.00000 0.2144
23605.00000 0.2128
23610.00000 0.2115
23615.00000 0.1829
23620.00000 0.2024
23625.00000 0.2064
23630.00000 0.2049
23635.00000 0.202
23640.00000 0.1818
23645.00000 0.1801
23650.00000 0.1962
23655.00000 0.1952
23660.00000 0.1899
23665.00000 0.1875
23670.00000 0.1855
23675.00000 0.1522
23680.00000 0.1788
23685.00000 0.1771
23690.00000 0.1637
23695.00000 0.1767
23700.00000 0.1516
23705.00000 0.0935
23710.00000 0.1262
23715.00000 0.1171
23720.00000 0.1441
23725.00000 0.1421
23730.00000 0.1493
23735.00000 0.1503
23740.00000 0.1551
23745.00000 0.1512
23750.00000 0.1457
23755.00000 0.1469
23760.00000 0.1445
23765.00000 0.1302
23770.00000 0.1256
23775.00000 0.136
23780.00000 0.1261
23785.00000 0.1296
23790.00000 0.134
23795.00000 0.1306
23800.00000 0.1184
23805.00000 0.114
23810.00000 0.1248
23815.00000 0.1237
23820.00000 0.1221
23825.00000 0.1183
23830.00000 0.1018
23835.00000 0.0979
23840.00000 0.0779
23845.00000 0.1033
23850.00000 0.1088
23855.00000 0.1062
23860.00000 0.0845
23865.00000 0.0922
23870.00000 0.1002
23875.00000 0.0901
23880.00000 0.0823
23885.00000 0.0939
23890.00000 0.0938
23895.00000 0.0903
23900.00000 0.0822
23905.00000 0.0876
23910.00000 0.0798
23915.00000 0.0504
23920.00000 0.0823
23925.00000 0.0802
23930.00000 0.0778
23935.00000 0.075
23940.00000 0.0753
23945.00000 0.071
23950.00000 0.0699
23955.00000 0.0675
23960.00000 0.0693
23965.00000 0.0596
23970.00000 0.0599
23975.00000 0.0619
23980.00000 0.062
23985.00000 0.062
23990.00000 0.0592
23995.00000 0.058
24000.00000 0.0577
24005.00000 0.0495
24010.00000 0.0557
24015.00000 0.0547
24020.00000 0.0523
24025.00000 0.0518
24030.00000 0.0504
24035.00000 0.0495
24040.00000 0.0428
24045.00000 0.0402
24050.00000 0.0462
24055.00000 0.0435
24060.00000 0.0423
24065.00000 0.0428
24070.00000 0.032
24075.00000 0.0373
24080.00000 0.0385
24085.00000 0.0393
24090.00000 0.0374
24095.00000 0.036
24100.00000 0.0285
24105.00000 0.0351
24110.00000 0.0347
24115.00000 0.0326
24120.00000 0.0313
24125.00000 0.0318
24130.00000 0.0313
24135.00000 0.03
24140.00000 0.028
24145.00000 0.0241
24150.00000 0.028
24155.00000 0.0263
24160.00000 0.0146
24165.00000 0.0237
24170.00000 0.0251
24175.00000 0.0242
24180.00000 0.0236
24185.00000 0.0136
24190.00000 0.0152
24195.00000 0.0161
24200.00000 0.0211
24205.00000 0.0209
24210.00000 0.0203
24215.00000 0.0198
24220.00000 0.018
24225.00000 0.0186
24230.00000 0.0181
24235.00000 0.0177
24240.00000 0.0135
24245.00000 0.0164
24250.00000 0.0157
24255.00000 0.0156
24260.00000 0.0151
24265.00000 0.0117
24270.00000 0.0145
24275.00000 0.014
24280.00000 0.0137
24285.00000 0.0135
24290.00000 0.013
24295.00000 0.0126
24300.00000 0.0122
24305.00000 0.012
24310.00000 0.0116
24315.00000 0.0113
24320.00000 0.011
24325.00000 0.0106
24330.00000 0.0099
24335.00000 0.0081
24340.00000 0.0097
24345.00000 0.0091
24350.00000 0.0074
26785.00000 0.0
