threeML/data/optical_filters/UKIRT/UKIDSS-Z.ecsv
# %ECSV 0.9
# ---
# datatype:
# - {name: wavelength, unit: Angstrom, datatype: float32}
# - {name: response, datatype: float32}
# meta: !!omap
# - {band_name: Z}
# - {group_name: UKIDSS}
wavelength response
7366.50000 0.0
8185.00000 0.0043
8190.00000 0.0046
8195.00000 0.0051
8200.00000 0.0055
8205.00000 0.0062
8210.00000 0.0067
8215.00000 0.0074
8220.00000 0.0081
8225.00000 0.009
8230.00000 0.0093
8235.00000 0.0108
8240.00000 0.0122
8245.00000 0.0137
8250.00000 0.0154
8255.00000 0.0172
8260.00000 0.0189
8265.00000 0.0213
8270.00000 0.0237
8275.00000 0.0257
8280.00000 0.0284
8285.00000 0.0311
8290.00000 0.0338
8295.00000 0.0375
8300.00000 0.041
8305.00000 0.0443
8310.00000 0.0481
8315.00000 0.0521
8320.00000 0.0558
8325.00000 0.0599
8330.00000 0.0647
8335.00000 0.0692
8340.00000 0.0736
8345.00000 0.0787
8350.00000 0.0834
8355.00000 0.0882
8360.00000 0.093
8365.00000 0.0979
8370.00000 0.1028
8375.00000 0.1074
8380.00000 0.1118
8385.00000 0.1163
8390.00000 0.1205
8395.00000 0.1243
8400.00000 0.1279
8405.00000 0.1314
8410.00000 0.1346
8415.00000 0.1379
8420.00000 0.1409
8425.00000 0.1436
8430.00000 0.1462
8435.00000 0.1484
8440.00000 0.1506
8445.00000 0.1524
8450.00000 0.1541
8455.00000 0.1553
8460.00000 0.1566
8465.00000 0.1574
8470.00000 0.1582
8475.00000 0.1588
8480.00000 0.1593
8485.00000 0.1597
8490.00000 0.1601
8495.00000 0.1604
8500.00000 0.1608
8505.00000 0.161
8510.00000 0.1614
8515.00000 0.1614
8520.00000 0.1618
8525.00000 0.162
8530.00000 0.1621
8535.00000 0.1623
8540.00000 0.1624
8545.00000 0.1625
8550.00000 0.1626
8555.00000 0.1628
8560.00000 0.163
8565.00000 0.1632
8570.00000 0.1635
8575.00000 0.1638
8580.00000 0.1643
8585.00000 0.1647
8590.00000 0.1652
8595.00000 0.1658
8600.00000 0.1664
8605.00000 0.167
8610.00000 0.1676
8615.00000 0.1682
8620.00000 0.1688
8625.00000 0.1694
8630.00000 0.17
8635.00000 0.1705
8640.00000 0.171
8645.00000 0.1714
8650.00000 0.1718
8655.00000 0.1721
8660.00000 0.1725
8665.00000 0.1727
8670.00000 0.173
8675.00000 0.1731
8680.00000 0.1733
8685.00000 0.1734
8690.00000 0.1735
8695.00000 0.1736
8700.00000 0.1737
8705.00000 0.1738
8710.00000 0.1739
8715.00000 0.174
8720.00000 0.1742
8725.00000 0.1744
8730.00000 0.1746
8735.00000 0.175
8740.00000 0.1753
8745.00000 0.1756
8750.00000 0.176
8755.00000 0.1764
8760.00000 0.1769
8765.00000 0.1773
8770.00000 0.1777
8775.00000 0.1781
8780.00000 0.1786
8785.00000 0.1789
8790.00000 0.1793
8795.00000 0.1797
8800.00000 0.18
8805.00000 0.1803
8810.00000 0.1806
8815.00000 0.1808
8820.00000 0.1811
8825.00000 0.1812
8830.00000 0.1815
8835.00000 0.1816
8840.00000 0.1818
8845.00000 0.1821
8850.00000 0.1822
8855.00000 0.1824
8860.00000 0.1825
8865.00000 0.1829
8870.00000 0.1831
8875.00000 0.1834
8880.00000 0.1835
8885.00000 0.1839
8890.00000 0.1842
8895.00000 0.1844
8900.00000 0.1846
8905.00000 0.1849
8910.00000 0.1852
8915.00000 0.1855
8920.00000 0.1854
8925.00000 0.1859
8930.00000 0.1858
8935.00000 0.1858
8940.00000 0.1864
8945.00000 0.186
8950.00000 0.1855
8955.00000 0.1844
8960.00000 0.1856
8965.00000 0.1817
8970.00000 0.1845
8975.00000 0.1803
8980.00000 0.1856
8985.00000 0.1845
8990.00000 0.1728
8995.00000 0.1765
9000.00000 0.1863
9005.00000 0.1804
9010.00000 0.1832
9015.00000 0.183
9020.00000 0.1761
9025.00000 0.1812
9030.00000 0.1832
9035.00000 0.1859
9040.00000 0.1876
9045.00000 0.1846
9050.00000 0.1864
9055.00000 0.1834
9060.00000 0.186
9065.00000 0.182
9070.00000 0.1789
9075.00000 0.1757
9080.00000 0.183
9085.00000 0.1802
9090.00000 0.1777
9095.00000 0.1814
9100.00000 0.1825
9105.00000 0.1837
9110.00000 0.1793
9115.00000 0.1877
9120.00000 0.1801
9125.00000 0.1888
9130.00000 0.1857
9135.00000 0.1849
9140.00000 0.1808
9145.00000 0.1899
9150.00000 0.1906
9155.00000 0.1813
9160.00000 0.1845
9165.00000 0.1895
9170.00000 0.1888
9175.00000 0.1839
9180.00000 0.1854
9185.00000 0.187
9190.00000 0.1882
9195.00000 0.1864
9200.00000 0.1855
9205.00000 0.1863
9210.00000 0.1835
9215.00000 0.1822
9220.00000 0.1788
9225.00000 0.1789
9230.00000 0.1769
9235.00000 0.1732
9240.00000 0.1692
9245.00000 0.1655
9250.00000 0.1604
9255.00000 0.1544
9260.00000 0.1492
9265.00000 0.1394
9270.00000 0.1321
9275.00000 0.1216
9280.00000 0.1101
9285.00000 0.1018
9290.00000 0.0905
9295.00000 0.0811
9300.00000 0.0701
9305.00000 0.0619
9310.00000 0.0519
9315.00000 0.0491
9320.00000 0.035
9325.00000 0.0348
9330.00000 0.0305
9335.00000 0.0264
9340.00000 0.0234
9345.00000 0.0169
9350.00000 0.0199
9355.00000 0.0162
9360.00000 0.012
9365.00000 0.0144
9370.00000 0.0108
9375.00000 0.0092
9380.00000 0.008
9385.00000 0.0072
9390.00000 0.0061
9395.00000 0.0063
9400.00000 0.0053
9405.00000 0.0047
9410.00000 0.0042
10351.00000 0.0
