threeML/data/optical_filters/UKIRT/UKIDSS-H.ecsv
# %ECSV 0.9
# ---
# datatype:
# - {name: wavelength, unit: Angstrom, datatype: float32}
# - {name: response, datatype: float32}
# meta: !!omap
# - {band_name: H}
# - {group_name: UKIDSS}
wavelength response
13041.00000 0.0
14490.00000 0.0041
14495.00000 0.0042
14500.00000 0.0035
14505.00000 0.0022
14510.00000 0.0028
14515.00000 0.0049
14520.00000 0.0045
14525.00000 0.0053
14530.00000 0.0043
14535.00000 0.006
14540.00000 0.0063
14545.00000 0.0061
14550.00000 0.0062
14555.00000 0.005
14560.00000 0.0072
14565.00000 0.0077
14570.00000 0.0075
14575.00000 0.0077
14580.00000 0.0084
14585.00000 0.0091
14590.00000 0.0096
14595.00000 0.01
14600.00000 0.0099
14605.00000 0.0082
14610.00000 0.0109
14615.00000 0.0106
14620.00000 0.0123
14625.00000 0.0127
14630.00000 0.0103
14635.00000 0.0122
14640.00000 0.0141
14645.00000 0.0157
14650.00000 0.0132
14655.00000 0.0138
14660.00000 0.0137
14665.00000 0.0137
14670.00000 0.0132
14675.00000 0.0188
14680.00000 0.0181
14685.00000 0.0214
14690.00000 0.0221
14695.00000 0.016
14700.00000 0.0235
14705.00000 0.0186
14710.00000 0.0164
14715.00000 0.0264
14720.00000 0.0276
14725.00000 0.0176
14730.00000 0.0303
14735.00000 0.0311
14740.00000 0.0322
14745.00000 0.0375
14750.00000 0.0395
14755.00000 0.0383
14760.00000 0.032
14765.00000 0.0438
14770.00000 0.0351
14775.00000 0.0463
14780.00000 0.0342
14785.00000 0.0525
14790.00000 0.0515
14795.00000 0.0419
14800.00000 0.0547
14805.00000 0.0421
14810.00000 0.0636
14815.00000 0.0594
14820.00000 0.0557
14825.00000 0.0713
14830.00000 0.0729
14835.00000 0.0773
14840.00000 0.0803
14845.00000 0.0678
14850.00000 0.0867
14855.00000 0.0839
14860.00000 0.0899
14865.00000 0.0807
14870.00000 0.0925
14875.00000 0.0975
14880.00000 0.0927
14885.00000 0.1085
14890.00000 0.1138
14895.00000 0.109
14900.00000 0.1213
14905.00000 0.1275
14910.00000 0.1303
14915.00000 0.1059
14920.00000 0.1325
14925.00000 0.1379
14930.00000 0.1398
14935.00000 0.1481
14940.00000 0.1476
14945.00000 0.1535
14950.00000 0.1473
14955.00000 0.1585
14960.00000 0.1619
14965.00000 0.1504
14970.00000 0.173
14975.00000 0.1734
14980.00000 0.1689
14985.00000 0.1798
14990.00000 0.1819
14995.00000 0.1853
15000.00000 0.1897
15005.00000 0.1932
15010.00000 0.1959
15015.00000 0.1981
15020.00000 0.196
15025.00000 0.2011
15030.00000 0.2011
15035.00000 0.2015
15040.00000 0.1925
15045.00000 0.2035
15050.00000 0.2092
15055.00000 0.2143
15060.00000 0.2155
15065.00000 0.2183
15070.00000 0.2189
15075.00000 0.2198
15080.00000 0.2217
15085.00000 0.2151
15090.00000 0.2137
15095.00000 0.2258
15100.00000 0.2262
15105.00000 0.2269
15110.00000 0.2265
15115.00000 0.229
15120.00000 0.2305
15125.00000 0.2279
15130.00000 0.2291
15135.00000 0.2306
15140.00000 0.2299
15145.00000 0.2334
15150.00000 0.2327
15155.00000 0.2344
15160.00000 0.2347
15165.00000 0.2339
15170.00000 0.2346
15175.00000 0.2331
15180.00000 0.2367
15185.00000 0.2361
15190.00000 0.2346
15195.00000 0.2367
15200.00000 0.2377
15205.00000 0.2369
15210.00000 0.2388
15215.00000 0.2388
15220.00000 0.2382
15225.00000 0.2395
15230.00000 0.2397
15235.00000 0.2392
15240.00000 0.2401
15245.00000 0.2385
15250.00000 0.2398
15255.00000 0.24
15260.00000 0.24
15265.00000 0.24
15270.00000 0.2405
15275.00000 0.24
15280.00000 0.2411
15285.00000 0.2412
15290.00000 0.2415
15295.00000 0.2413
15300.00000 0.2415
15305.00000 0.2417
15310.00000 0.242
15315.00000 0.2413
15320.00000 0.2421
15325.00000 0.242
15330.00000 0.2419
15335.00000 0.2417
15340.00000 0.2414
15345.00000 0.2416
15350.00000 0.2412
15355.00000 0.2418
15360.00000 0.2422
15365.00000 0.2427
15370.00000 0.2433
15375.00000 0.2441
15380.00000 0.2443
15385.00000 0.244
15390.00000 0.2439
15395.00000 0.2439
15400.00000 0.2437
15405.00000 0.244
15410.00000 0.2446
15415.00000 0.2447
15420.00000 0.2447
15425.00000 0.2452
15430.00000 0.2456
15435.00000 0.2462
15440.00000 0.2466
15445.00000 0.2466
15450.00000 0.247
15455.00000 0.2473
15460.00000 0.2475
15465.00000 0.2478
15470.00000 0.2481
15475.00000 0.2483
15480.00000 0.2485
15485.00000 0.2487
15490.00000 0.2489
15495.00000 0.2491
15500.00000 0.2494
15505.00000 0.2496
15510.00000 0.2497
15515.00000 0.25
15520.00000 0.2499
15525.00000 0.2504
15530.00000 0.2506
15535.00000 0.2508
15540.00000 0.251
15545.00000 0.2512
15550.00000 0.2514
15555.00000 0.2516
15560.00000 0.2518
15565.00000 0.252
15570.00000 0.2522
15575.00000 0.2524
15580.00000 0.2526
15585.00000 0.2528
15590.00000 0.253
15595.00000 0.2532
15600.00000 0.2534
15605.00000 0.2536
15610.00000 0.2537
15615.00000 0.2539
15620.00000 0.2541
15625.00000 0.2542
15630.00000 0.2545
15635.00000 0.2546
15640.00000 0.2548
15645.00000 0.2549
15650.00000 0.2552
15655.00000 0.2553
15660.00000 0.2554
15665.00000 0.2556
15670.00000 0.2556
15675.00000 0.2556
15680.00000 0.2552
15685.00000 0.2545
15690.00000 0.2531
15695.00000 0.2511
15700.00000 0.2486
15705.00000 0.246
15710.00000 0.2439
15715.00000 0.2418
15720.00000 0.2405
15725.00000 0.2421
15730.00000 0.2411
15735.00000 0.2439
15740.00000 0.2448
15745.00000 0.2493
15750.00000 0.2545
15755.00000 0.2565
15760.00000 0.2521
15765.00000 0.2481
15770.00000 0.2461
15775.00000 0.2476
15780.00000 0.249
15785.00000 0.2501
15790.00000 0.2486
15795.00000 0.2476
15800.00000 0.2472
15805.00000 0.2495
15810.00000 0.2507
15815.00000 0.2511
15820.00000 0.2533
15825.00000 0.2546
15830.00000 0.2549
15835.00000 0.2564
15840.00000 0.2572
15845.00000 0.2577
15850.00000 0.2585
15855.00000 0.2589
15860.00000 0.2593
15865.00000 0.2593
15870.00000 0.2593
15875.00000 0.2595
15880.00000 0.2595
15885.00000 0.2596
15890.00000 0.2597
15895.00000 0.2598
15900.00000 0.2598
15905.00000 0.2599
15910.00000 0.2599
15915.00000 0.2599
15920.00000 0.26
15925.00000 0.2599
15930.00000 0.2601
15935.00000 0.2601
15940.00000 0.2602
15945.00000 0.2601
15950.00000 0.2602
15955.00000 0.2603
15960.00000 0.2603
15965.00000 0.2603
15970.00000 0.2603
15975.00000 0.2601
15980.00000 0.2598
15985.00000 0.2591
15990.00000 0.2578
15995.00000 0.2559
16000.00000 0.2537
16005.00000 0.2512
16010.00000 0.2486
16015.00000 0.2468
16020.00000 0.2458
16025.00000 0.2434
16030.00000 0.2452
16035.00000 0.2457
16040.00000 0.2468
16045.00000 0.2518
16050.00000 0.2549
16055.00000 0.2589
16060.00000 0.258
16065.00000 0.2541
16070.00000 0.2523
16075.00000 0.2523
16080.00000 0.2525
16085.00000 0.2528
16090.00000 0.2511
16095.00000 0.2497
16100.00000 0.249
16105.00000 0.2511
16110.00000 0.2522
16115.00000 0.2524
16120.00000 0.2552
16125.00000 0.2564
16130.00000 0.2575
16135.00000 0.2595
16140.00000 0.2607
16145.00000 0.2619
16150.00000 0.2625
16155.00000 0.2628
16160.00000 0.263
16165.00000 0.2629
16170.00000 0.2631
16175.00000 0.2634
16180.00000 0.2636
16185.00000 0.264
16190.00000 0.264
16195.00000 0.2643
16200.00000 0.2645
16205.00000 0.2646
16210.00000 0.2648
16215.00000 0.2648
16220.00000 0.265
16225.00000 0.2651
16230.00000 0.2652
16235.00000 0.2653
16240.00000 0.2651
16245.00000 0.2656
16250.00000 0.2657
16255.00000 0.2656
16260.00000 0.2652
16265.00000 0.2657
16270.00000 0.2657
16275.00000 0.2657
16280.00000 0.2654
16285.00000 0.2655
16290.00000 0.2659
16295.00000 0.2658
16300.00000 0.266
16305.00000 0.2638
16310.00000 0.2658
16315.00000 0.2656
16320.00000 0.2656
16325.00000 0.2654
16330.00000 0.2635
16335.00000 0.2651
16340.00000 0.2656
16345.00000 0.2653
16350.00000 0.2652
16355.00000 0.2602
16360.00000 0.2649
16365.00000 0.2648
16370.00000 0.265
16375.00000 0.2615
16380.00000 0.2626
16385.00000 0.2641
16390.00000 0.2635
16395.00000 0.263
16400.00000 0.2623
16405.00000 0.2558
16410.00000 0.2622
16415.00000 0.2615
16420.00000 0.2611
16425.00000 0.2609
16430.00000 0.248
16435.00000 0.2603
16440.00000 0.2605
16445.00000 0.2609
16450.00000 0.261
16455.00000 0.2428
16460.00000 0.2606
16465.00000 0.2603
16470.00000 0.2595
16475.00000 0.2583
16480.00000 0.2536
16485.00000 0.2541
16490.00000 0.2572
16495.00000 0.2569
16500.00000 0.2574
16505.00000 0.2566
16510.00000 0.2411
16515.00000 0.2558
16520.00000 0.2556
16525.00000 0.2562
16530.00000 0.256
16535.00000 0.2516
16540.00000 0.253
16545.00000 0.2553
16550.00000 0.2541
16555.00000 0.254
16560.00000 0.2538
16565.00000 0.2468
16570.00000 0.2533
16575.00000 0.2534
16580.00000 0.2531
16585.00000 0.2527
16590.00000 0.2524
16595.00000 0.2493
16600.00000 0.2516
16605.00000 0.2518
16610.00000 0.2514
16615.00000 0.2507
16620.00000 0.2504
16625.00000 0.2485
16630.00000 0.2502
16635.00000 0.2496
16640.00000 0.2497
16645.00000 0.2495
16650.00000 0.2486
16655.00000 0.2221
16660.00000 0.23
16665.00000 0.2401
16670.00000 0.2444
16675.00000 0.2472
16680.00000 0.2474
16685.00000 0.2473
16690.00000 0.2478
16695.00000 0.2475
16700.00000 0.2476
16705.00000 0.247
16710.00000 0.2471
16715.00000 0.2459
16720.00000 0.2472
16725.00000 0.2471
16730.00000 0.2471
16735.00000 0.247
16740.00000 0.2469
16745.00000 0.2397
16750.00000 0.2469
16755.00000 0.2466
16760.00000 0.247
16765.00000 0.247
16770.00000 0.2468
16775.00000 0.2396
16780.00000 0.2469
16785.00000 0.2468
16790.00000 0.2473
16795.00000 0.2472
16800.00000 0.2472
16805.00000 0.2468
16810.00000 0.2447
16815.00000 0.2471
16820.00000 0.2476
16825.00000 0.2477
16830.00000 0.2478
16835.00000 0.248
16840.00000 0.2376
16845.00000 0.2481
16850.00000 0.2481
16855.00000 0.2483
16860.00000 0.2486
16865.00000 0.2486
16870.00000 0.2479
16875.00000 0.2458
16880.00000 0.2489
16885.00000 0.2494
16890.00000 0.2489
16895.00000 0.2493
16900.00000 0.2496
16905.00000 0.2449
16910.00000 0.249
16915.00000 0.2488
16920.00000 0.2495
16925.00000 0.2495
16930.00000 0.2505
16935.00000 0.2505
16940.00000 0.2458
16945.00000 0.2503
16950.00000 0.2501
16955.00000 0.2509
16960.00000 0.2511
16965.00000 0.2505
16970.00000 0.2497
16975.00000 0.2479
16980.00000 0.2508
16985.00000 0.2511
16990.00000 0.2511
16995.00000 0.2503
17000.00000 0.2494
17005.00000 0.2508
17010.00000 0.2478
17015.00000 0.2511
17020.00000 0.2506
17025.00000 0.2496
17030.00000 0.25
17035.00000 0.2489
17040.00000 0.2503
17045.00000 0.2498
17050.00000 0.2498
17055.00000 0.2478
17060.00000 0.2496
17065.00000 0.2486
17070.00000 0.2483
17075.00000 0.2477
17080.00000 0.2471
17085.00000 0.2444
17090.00000 0.247
17095.00000 0.2478
17100.00000 0.2485
17105.00000 0.2459
17110.00000 0.2483
17115.00000 0.2483
17120.00000 0.248
17125.00000 0.2474
17130.00000 0.2476
17135.00000 0.2468
17140.00000 0.2446
17145.00000 0.2425
17150.00000 0.2467
17155.00000 0.2459
17160.00000 0.2426
17165.00000 0.2457
17170.00000 0.2449
17175.00000 0.245
17180.00000 0.245
17185.00000 0.2446
17190.00000 0.2441
17195.00000 0.244
17200.00000 0.2432
17205.00000 0.2422
17210.00000 0.2405
17215.00000 0.2337
17220.00000 0.2416
17225.00000 0.2409
17230.00000 0.2407
17235.00000 0.233
17240.00000 0.24
17245.00000 0.2347
17250.00000 0.2376
17255.00000 0.2392
17260.00000 0.2373
17265.00000 0.2388
17270.00000 0.237
17275.00000 0.238
17280.00000 0.2382
17285.00000 0.2345
17290.00000 0.2344
17295.00000 0.2377
17300.00000 0.2378
17305.00000 0.2363
17310.00000 0.2357
17315.00000 0.2368
17320.00000 0.2243
17325.00000 0.2239
17330.00000 0.2362
17335.00000 0.2363
17340.00000 0.2359
17345.00000 0.2356
17350.00000 0.2345
17355.00000 0.2312
17360.00000 0.2293
17365.00000 0.2321
17370.00000 0.2313
17375.00000 0.235
17380.00000 0.2337
17385.00000 0.2338
17390.00000 0.2343
17395.00000 0.2329
17400.00000 0.2291
17405.00000 0.2334
17410.00000 0.2294
17415.00000 0.2236
17420.00000 0.232
17425.00000 0.2335
17430.00000 0.233
17435.00000 0.2331
17440.00000 0.2327
17445.00000 0.2176
17450.00000 0.2324
17455.00000 0.2325
17460.00000 0.2315
17465.00000 0.2248
17470.00000 0.2088
17475.00000 0.2216
17480.00000 0.2314
17485.00000 0.2314
17490.00000 0.2306
17495.00000 0.2305
17500.00000 0.2301
17505.00000 0.23
17510.00000 0.2296
17515.00000 0.2041
17520.00000 0.2287
17525.00000 0.2287
17530.00000 0.2281
17535.00000 0.2282
17540.00000 0.2274
17545.00000 0.2269
17550.00000 0.2106
17555.00000 0.2235
17560.00000 0.2256
17565.00000 0.2226
17570.00000 0.215
17575.00000 0.2008
17580.00000 0.2229
17585.00000 0.2224
17590.00000 0.2218
17595.00000 0.2211
17600.00000 0.2199
17605.00000 0.219
17610.00000 0.2018
17615.00000 0.2173
17620.00000 0.2162
17625.00000 0.2041
17630.00000 0.1997
17635.00000 0.2125
17640.00000 0.2119
17645.00000 0.2105
17650.00000 0.2092
17655.00000 0.1943
17660.00000 0.1297
17665.00000 0.2039
17670.00000 0.2036
17675.00000 0.203
17680.00000 0.2003
17685.00000 0.1991
17690.00000 0.197
17695.00000 0.1939
17700.00000 0.1914
17705.00000 0.1866
17710.00000 0.1874
17715.00000 0.1905
17720.00000 0.1877
17725.00000 0.1858
17730.00000 0.1843
17735.00000 0.1829
17740.00000 0.1598
17745.00000 0.168
17750.00000 0.1743
17755.00000 0.1733
17760.00000 0.1592
17765.00000 0.1637
17770.00000 0.168
17775.00000 0.1675
17780.00000 0.1633
17785.00000 0.149
17790.00000 0.1347
17795.00000 0.159
17800.00000 0.1571
17805.00000 0.1552
17810.00000 0.141
17815.00000 0.1336
17820.00000 0.1481
17825.00000 0.1463
17830.00000 0.1454
17835.00000 0.1414
17840.00000 0.1344
17845.00000 0.1224
17850.00000 0.1025
17855.00000 0.1322
17860.00000 0.1113
17865.00000 0.1269
17870.00000 0.1103
17875.00000 0.1218
17880.00000 0.1247
17885.00000 0.1221
17890.00000 0.1141
17895.00000 0.1191
17900.00000 0.1156
17905.00000 0.1005
17910.00000 0.0975
17915.00000 0.0998
17920.00000 0.0997
17925.00000 0.0967
17930.00000 0.101
17935.00000 0.0749
17940.00000 0.0745
17945.00000 0.0959
17950.00000 0.091
17955.00000 0.0873
17960.00000 0.0801
17965.00000 0.0864
17970.00000 0.0603
17975.00000 0.0873
17980.00000 0.0705
17985.00000 0.0829
17990.00000 0.0829
17995.00000 0.0752
18000.00000 0.0539
18005.00000 0.0406
18010.00000 0.039
18015.00000 0.0522
18020.00000 0.0587
18025.00000 0.053
18030.00000 0.0604
18035.00000 0.0489
18040.00000 0.051
18045.00000 0.0582
18050.00000 0.0635
18055.00000 0.0513
18060.00000 0.0365
18065.00000 0.0222
18070.00000 0.0526
18075.00000 0.0319
18080.00000 0.0516
18085.00000 0.0489
18090.00000 0.0343
18095.00000 0.0455
18100.00000 0.0467
18105.00000 0.0217
18110.00000 0.0163
18115.00000 0.0379
18120.00000 0.0267
18125.00000 0.0318
18130.00000 0.0118
18135.00000 0.0312
18140.00000 0.0392
18145.00000 0.0386
18150.00000 0.0225
18155.00000 0.0107
18160.00000 0.0229
18165.00000 0.0242
18170.00000 0.0191
18175.00000 0.0305
18180.00000 0.0308
18185.00000 0.0086
18190.00000 0.0236
18195.00000 0.0257
18200.00000 0.0134
20020.00000 0.0
