threeML/data/optical_filters/UKIRT/WFCAM-K.ecsv
# %ECSV 0.9
# ---
# datatype:
# - {name: wavelength, unit: Angstrom, datatype: float32}
# - {name: response, datatype: float32}
# meta: !!omap
# - {band_name: K}
# - {group_name: WFCAM}
wavelength response
17721.00000 0.0
19690.00000 0.004126
19700.00000 0.004342
19710.00000 0.004566
19720.00000 0.004814
19730.00000 0.005038
19740.00000 0.005312
19750.00000 0.005571
19760.00000 0.005843
19770.00000 0.006164
19780.00000 0.006475
19790.00000 0.006773
19800.00000 0.007121
19810.00000 0.007471
19820.00000 0.007839
19830.00000 0.008221
19840.00000 0.008628
19850.00000 0.009032
19860.00000 0.009451
19870.00000 0.009876
19880.00000 0.010326
19890.00000 0.010801
19900.00000 0.011307
19910.00000 0.01183
19920.00000 0.012334
19930.00000 0.012878
19940.00000 0.013426
19950.00000 0.013988
19960.00000 0.014591
19970.00000 0.015197
19980.00000 0.015818
19990.00000 0.016474
20000.00000 0.017183
20010.00000 0.017883
20020.00000 0.018581
20030.00000 0.019343
20040.00000 0.020097
20050.00000 0.020865
20060.00000 0.021703
20070.00000 0.022504
20080.00000 0.023405
20090.00000 0.024308
20100.00000 0.025265
20110.00000 0.02623
20120.00000 0.027253
20130.00000 0.02833
20140.00000 0.029395
20150.00000 0.030644
20160.00000 0.03187
20170.00000 0.033154
20180.00000 0.034496
20190.00000 0.035933
20200.00000 0.037448
20210.00000 0.039023
20220.00000 0.04075
20230.00000 0.042476
20240.00000 0.044351
20250.00000 0.046314
20260.00000 0.048379
20270.00000 0.050653
20280.00000 0.053001
20290.00000 0.055615
20300.00000 0.058179
20310.00000 0.061046
20320.00000 0.064129
20330.00000 0.067239
20340.00000 0.070834
20350.00000 0.074521
20360.00000 0.07841
20370.00000 0.082499
20380.00000 0.087045
20390.00000 0.091767
20400.00000 0.096908
20410.00000 0.102533
20420.00000 0.108201
20430.00000 0.114377
20440.00000 0.12102
20450.00000 0.12806
20460.00000 0.135668
20470.00000 0.143829
20480.00000 0.152649
20490.00000 0.161527
20500.00000 0.171207
20510.00000 0.181658
20520.00000 0.192246
20530.00000 0.204127
20540.00000 0.216582
20550.00000 0.229384
20560.00000 0.242759
20570.00000 0.25701
20580.00000 0.271756
20590.00000 0.287239
20600.00000 0.303809
20610.00000 0.320129
20620.00000 0.337229
20630.00000 0.354737
20640.00000 0.372329
20650.00000 0.390881
20660.00000 0.409244
20670.00000 0.428103
20680.00000 0.446098
20690.00000 0.464185
20700.00000 0.482496
20710.00000 0.49966
20720.00000 0.51762
20730.00000 0.534352
20740.00000 0.550284
20750.00000 0.565496
20760.00000 0.580097
20770.00000 0.593755
20780.00000 0.606741
20790.00000 0.61922
20800.00000 0.63002
20810.00000 0.640372
20820.00000 0.649771
20830.00000 0.658235
20840.00000 0.666223
20850.00000 0.673335
20860.00000 0.679792
20870.00000 0.685403
20880.00000 0.690563
20890.00000 0.695241
20900.00000 0.699225
20910.00000 0.703126
20920.00000 0.706535
20930.00000 0.70957
20940.00000 0.712366
20950.00000 0.714934
20960.00000 0.717289
20970.00000 0.719496
20980.00000 0.721714
20990.00000 0.723628
21000.00000 0.725548
21010.00000 0.727468
21020.00000 0.72927
21030.00000 0.731079
21040.00000 0.732905
21050.00000 0.734704
21060.00000 0.736438
21070.00000 0.73822
21080.00000 0.740001
21090.00000 0.741725
21100.00000 0.743606
21110.00000 0.745383
21120.00000 0.747106
21130.00000 0.748857
21140.00000 0.750603
21150.00000 0.752269
21160.00000 0.753958
21170.00000 0.755701
21180.00000 0.75726
21190.00000 0.758839
21200.00000 0.760345
21210.00000 0.761815
21220.00000 0.763265
21230.00000 0.764617
21240.00000 0.765959
21250.00000 0.767152
21260.00000 0.768319
21270.00000 0.76945
21280.00000 0.770476
21290.00000 0.771407
21300.00000 0.772328
21310.00000 0.773193
21320.00000 0.773933
21330.00000 0.774665
21340.00000 0.775296
21350.00000 0.775927
21360.00000 0.776508
21370.00000 0.776963
21380.00000 0.777451
21390.00000 0.777878
21400.00000 0.778247
21410.00000 0.778552
21420.00000 0.778908
21430.00000 0.779278
21440.00000 0.779547
21450.00000 0.779796
21460.00000 0.780079
21470.00000 0.780342
21480.00000 0.780591
21490.00000 0.780877
21500.00000 0.781121
21510.00000 0.781409
21520.00000 0.781655
21530.00000 0.781991
21540.00000 0.782279
21550.00000 0.782624
21560.00000 0.782962
21570.00000 0.783348
21580.00000 0.783651
21590.00000 0.784035
21600.00000 0.784456
21610.00000 0.784899
21620.00000 0.785291
21630.00000 0.785751
21640.00000 0.786211
21650.00000 0.786687
21660.00000 0.787153
21670.00000 0.787641
21680.00000 0.788165
21690.00000 0.788625
21700.00000 0.789131
21710.00000 0.789636
21720.00000 0.790125
21730.00000 0.790606
21740.00000 0.791108
21750.00000 0.791541
21760.00000 0.792032
21770.00000 0.79246
21780.00000 0.792886
21790.00000 0.793286
21800.00000 0.793678
21810.00000 0.794045
21820.00000 0.794413
21830.00000 0.794696
21840.00000 0.794986
21850.00000 0.795219
21860.00000 0.795456
21870.00000 0.795643
21880.00000 0.795764
21890.00000 0.795925
21900.00000 0.795997
21910.00000 0.796086
21920.00000 0.796135
21930.00000 0.796131
21940.00000 0.796118
21950.00000 0.796037
21960.00000 0.795926
21970.00000 0.79581
21980.00000 0.7957
21990.00000 0.795489
22000.00000 0.795346
22010.00000 0.795124
22020.00000 0.794929
22030.00000 0.794721
22040.00000 0.794437
22050.00000 0.794167
22060.00000 0.793868
22070.00000 0.793634
22080.00000 0.793335
22090.00000 0.793047
22100.00000 0.792761
22110.00000 0.792481
22120.00000 0.792218
22130.00000 0.791902
22140.00000 0.791658
22150.00000 0.791385
22160.00000 0.791155
22170.00000 0.79092
22180.00000 0.79072
22190.00000 0.790515
22200.00000 0.790371
22210.00000 0.790207
22220.00000 0.790093
22230.00000 0.789983
22240.00000 0.789911
22250.00000 0.789821
22260.00000 0.789826
22270.00000 0.789871
22280.00000 0.789931
22290.00000 0.790069
22300.00000 0.790164
22310.00000 0.790305
22320.00000 0.790464
22330.00000 0.790724
22340.00000 0.79106
22350.00000 0.79131
22360.00000 0.791687
22370.00000 0.792063
22380.00000 0.792531
22390.00000 0.79299
22400.00000 0.793519
22410.00000 0.794115
22420.00000 0.794696
22430.00000 0.795372
22440.00000 0.796072
22450.00000 0.796783
22460.00000 0.797583
22470.00000 0.798389
22480.00000 0.799231
22490.00000 0.800156
22500.00000 0.801106
22510.00000 0.802021
22520.00000 0.803045
22530.00000 0.804071
22540.00000 0.805089
22550.00000 0.806167
22560.00000 0.807307
22570.00000 0.808472
22580.00000 0.809615
22590.00000 0.810811
22600.00000 0.812014
22610.00000 0.813277
22620.00000 0.814626
22630.00000 0.815998
22640.00000 0.817242
22650.00000 0.818571
22660.00000 0.819888
22670.00000 0.821139
22680.00000 0.822353
22690.00000 0.823571
22700.00000 0.824664
22710.00000 0.825732
22720.00000 0.826786
22730.00000 0.827708
22740.00000 0.828666
22750.00000 0.829471
22760.00000 0.83026
22770.00000 0.830957
22780.00000 0.83152
22790.00000 0.832069
22800.00000 0.832458
22810.00000 0.83278
22820.00000 0.83299
22830.00000 0.833093
22840.00000 0.833065
22850.00000 0.832935
22860.00000 0.832672
22870.00000 0.832279
22880.00000 0.83172
22890.00000 0.831055
22900.00000 0.830233
22910.00000 0.829303
22920.00000 0.828216
22930.00000 0.826902
22940.00000 0.825551
22950.00000 0.823984
22960.00000 0.822385
22970.00000 0.820532
22980.00000 0.818532
22990.00000 0.816551
23000.00000 0.814334
23010.00000 0.811937
23020.00000 0.809558
23030.00000 0.807127
23040.00000 0.804443
23050.00000 0.801758
23060.00000 0.79902
23070.00000 0.796013
23080.00000 0.793195
23090.00000 0.790244
23100.00000 0.787238
23110.00000 0.784283
23120.00000 0.781175
23130.00000 0.778136
23140.00000 0.775044
23150.00000 0.772162
23160.00000 0.769178
23170.00000 0.76618
23180.00000 0.763452
23190.00000 0.760516
23200.00000 0.757757
23210.00000 0.755227
23220.00000 0.752689
23230.00000 0.750234
23240.00000 0.747959
23250.00000 0.745852
23260.00000 0.743679
23270.00000 0.741963
23280.00000 0.740249
23290.00000 0.738695
23300.00000 0.73737
23310.00000 0.736163
23320.00000 0.735204
23330.00000 0.73442
23340.00000 0.733886
23350.00000 0.733512
23360.00000 0.733392
23370.00000 0.733467
23380.00000 0.733741
23390.00000 0.734239
23400.00000 0.735019
23410.00000 0.735958
23420.00000 0.737206
23430.00000 0.738607
23440.00000 0.740215
23450.00000 0.742147
23460.00000 0.744135
23470.00000 0.746433
23480.00000 0.748884
23490.00000 0.75153
23500.00000 0.754392
23510.00000 0.757408
23520.00000 0.760561
23530.00000 0.763735
23540.00000 0.767081
23550.00000 0.77052
23560.00000 0.773875
23570.00000 0.777484
23580.00000 0.780928
23590.00000 0.78424
23600.00000 0.787552
23610.00000 0.790747
23620.00000 0.793719
23630.00000 0.796496
23640.00000 0.799012
23650.00000 0.800996
23660.00000 0.802687
23670.00000 0.803965
23680.00000 0.80469
23690.00000 0.804864
23700.00000 0.80448
23710.00000 0.803315
23720.00000 0.801465
23730.00000 0.798801
23740.00000 0.795222
23750.00000 0.791041
23760.00000 0.785565
23770.00000 0.779425
23780.00000 0.772367
23790.00000 0.764392
23800.00000 0.755411
23810.00000 0.745613
23820.00000 0.734839
23830.00000 0.722722
23840.00000 0.710586
23850.00000 0.697276
23860.00000 0.683359
23870.00000 0.669099
23880.00000 0.653603
23890.00000 0.637878
23900.00000 0.621408
23910.00000 0.605383
23920.00000 0.588647
23930.00000 0.571504
23940.00000 0.554906
23950.00000 0.537133
23960.00000 0.519845
23970.00000 0.502914
23980.00000 0.486054
23990.00000 0.4691
24000.00000 0.452594
24010.00000 0.436126
24020.00000 0.419449
24030.00000 0.404053
24040.00000 0.388487
24050.00000 0.373294
24060.00000 0.358754
24070.00000 0.343901
24080.00000 0.329822
24090.00000 0.315903
24100.00000 0.30297
24110.00000 0.290187
24120.00000 0.277686
24130.00000 0.26602
24140.00000 0.25393
24150.00000 0.242629
24160.00000 0.231708
24170.00000 0.221243
24180.00000 0.210965
24190.00000 0.201249
24200.00000 0.1917
24210.00000 0.182339
24220.00000 0.173866
24230.00000 0.165444
24240.00000 0.157422
24250.00000 0.149799
24260.00000 0.14213
24270.00000 0.134869
24280.00000 0.127903
24290.00000 0.121465
24300.00000 0.115223
24310.00000 0.109196
24320.00000 0.103577
24330.00000 0.097816
24340.00000 0.092482
24350.00000 0.0874
24360.00000 0.082552
24370.00000 0.077938
24380.00000 0.073587
24390.00000 0.069368
24400.00000 0.065396
24410.00000 0.061881
24420.00000 0.058381
24430.00000 0.055003
24440.00000 0.051907
24450.00000 0.048847
24460.00000 0.045925
24470.00000 0.043231
24480.00000 0.040731
24490.00000 0.038292
24500.00000 0.036004
24510.00000 0.033913
24520.00000 0.031853
24530.00000 0.029928
24540.00000 0.028176
24550.00000 0.026483
24560.00000 0.024938
24570.00000 0.02351
24580.00000 0.022076
24590.00000 0.020731
24600.00000 0.01956
24610.00000 0.018402
24620.00000 0.017326
24630.00000 0.016314
24640.00000 0.015335
24650.00000 0.014454
24660.00000 0.013598
24670.00000 0.012834
24680.00000 0.012127
24690.00000 0.011422
24700.00000 0.010793
24710.00000 0.01013
24720.00000 0.009555
24730.00000 0.008999
24740.00000 0.008486
24750.00000 0.008005
24760.00000 0.007566
24770.00000 0.00717
24780.00000 0.006755
24790.00000 0.006415
24800.00000 0.006056
24810.00000 0.005741
24820.00000 0.005434
24830.00000 0.005183
24840.00000 0.004891
24850.00000 0.004633
24860.00000 0.004376
24870.00000 0.004154
27357.00000 0.0
