threeML/data/optical_filters/UKIRT/WFCAM-Y.ecsv
# %ECSV 0.9
# ---
# datatype:
# - {name: wavelength, unit: Angstrom, datatype: float32}
# - {name: response, datatype: float32}
# meta: !!omap
# - {band_name: Y}
# - {group_name: WFCAM}
wavelength response
8649.00000 0.0
9610.00000 0.004208
9620.00000 0.004975
9630.00000 0.005901
9640.00000 0.00702
9650.00000 0.008529
9660.00000 0.010182
9670.00000 0.012316
9680.00000 0.014967
9690.00000 0.01825
9700.00000 0.022412
9710.00000 0.027765
9720.00000 0.034484
9730.00000 0.042751
9740.00000 0.053368
9750.00000 0.0671
9760.00000 0.083642
9770.00000 0.105904
9780.00000 0.132709
9790.00000 0.164881
9800.00000 0.203331
9810.00000 0.247719
9820.00000 0.297037
9830.00000 0.349467
9840.00000 0.404595
9850.00000 0.453471
9860.00000 0.499095
9870.00000 0.537913
9880.00000 0.56859
9890.00000 0.593425
9900.00000 0.611768
9910.00000 0.625944
9920.00000 0.636333
9930.00000 0.645332
9940.00000 0.65363
9950.00000 0.661445
9960.00000 0.670195
9970.00000 0.67908
9980.00000 0.688323
9990.00000 0.698001
10000.00000 0.708268
10010.00000 0.718322
10020.00000 0.728522
10030.00000 0.738586
10040.00000 0.747304
10050.00000 0.755382
10060.00000 0.762627
10070.00000 0.76861
10080.00000 0.773758
10090.00000 0.777727
10100.00000 0.780598
10110.00000 0.782432
10120.00000 0.783605
10130.00000 0.784147
10140.00000 0.784092
10150.00000 0.78367
10160.00000 0.783112
10170.00000 0.782415
10180.00000 0.781772
10190.00000 0.781178
10200.00000 0.78075
10210.00000 0.780543
10220.00000 0.780513
10230.00000 0.780651
10240.00000 0.781116
10250.00000 0.781652
10260.00000 0.782367
10270.00000 0.783287
10280.00000 0.784252
10290.00000 0.785309
10300.00000 0.786428
10310.00000 0.78749
10320.00000 0.788678
10330.00000 0.789686
10340.00000 0.790772
10350.00000 0.791715
10360.00000 0.792793
10370.00000 0.793799
10380.00000 0.794762
10390.00000 0.795734
10400.00000 0.796793
10410.00000 0.797954
10420.00000 0.799055
10430.00000 0.800221
10440.00000 0.801479
10450.00000 0.802799
10460.00000 0.804185
10470.00000 0.80559
10480.00000 0.807019
10490.00000 0.808216
10500.00000 0.809581
10510.00000 0.810621
10520.00000 0.811645
10530.00000 0.812399
10540.00000 0.812942
10550.00000 0.813317
10560.00000 0.813401
10570.00000 0.813149
10580.00000 0.812763
10590.00000 0.812134
10600.00000 0.811359
10610.00000 0.810637
10620.00000 0.809759
10630.00000 0.80905
10640.00000 0.808497
10650.00000 0.808255
10660.00000 0.808335
10670.00000 0.808841
10680.00000 0.80977
10690.00000 0.811096
10700.00000 0.812736
10710.00000 0.814452
10720.00000 0.816063
10730.00000 0.817029
10740.00000 0.816559
10750.00000 0.814188
10760.00000 0.80877
10770.00000 0.799236
10780.00000 0.784374
10790.00000 0.761896
10800.00000 0.734017
10810.00000 0.697363
10820.00000 0.653998
10830.00000 0.605485
10840.00000 0.550117
10850.00000 0.493052
10860.00000 0.435019
10870.00000 0.381825
10880.00000 0.330237
10890.00000 0.282452
10900.00000 0.241741
10910.00000 0.204045
10920.00000 0.172266
10930.00000 0.145741
10940.00000 0.123279
10950.00000 0.103952
10960.00000 0.088136
10970.00000 0.074671
10980.00000 0.063037
10990.00000 0.053922
11000.00000 0.04607
11010.00000 0.039482
11020.00000 0.034019
11030.00000 0.029213
11040.00000 0.025252
11050.00000 0.021842
11060.00000 0.019097
11070.00000 0.016693
11080.00000 0.014552
11090.00000 0.012826
11100.00000 0.011256
11110.00000 0.009899
11120.00000 0.008763
11130.00000 0.0078
11140.00000 0.006952
11150.00000 0.006221
11160.00000 0.005547
11170.00000 0.00495
11180.00000 0.004452
11190.00000 0.004011
12309.00000 0.0
