threeML/data/optical_filters/UKIRT/WFCAM-Brg.ecsv
# %ECSV 0.9
# ---
# datatype:
# - {name: wavelength, unit: Angstrom, datatype: float32}
# - {name: response, datatype: float32}
# meta: !!omap
# - {band_name: Brg}
# - {group_name: WFCAM}
wavelength response
19224.00000 0.0
21360.00000 0.004209
21370.00000 0.004697
21380.00000 0.005305
21390.00000 0.006012
21400.00000 0.00681
21410.00000 0.007709
21420.00000 0.00881
21430.00000 0.01006
21440.00000 0.011454
21450.00000 0.013095
21460.00000 0.015063
21470.00000 0.017305
21480.00000 0.020071
21490.00000 0.023209
21500.00000 0.02686
21510.00000 0.031116
21520.00000 0.036247
21530.00000 0.042241
21540.00000 0.04932
21550.00000 0.058053
21560.00000 0.067566
21570.00000 0.079227
21580.00000 0.09296
21590.00000 0.108263
21600.00000 0.127404
21610.00000 0.149004
21620.00000 0.173648
21630.00000 0.20114
21640.00000 0.232731
21650.00000 0.267513
21660.00000 0.305659
21670.00000 0.348676
21680.00000 0.392721
21690.00000 0.438551
21700.00000 0.485572
21710.00000 0.533282
21720.00000 0.580399
21730.00000 0.626466
21740.00000 0.670756
21750.00000 0.70897
21760.00000 0.744927
21770.00000 0.776435
21780.00000 0.801848
21790.00000 0.823834
21800.00000 0.839742
21810.00000 0.849857
21820.00000 0.854491
21830.00000 0.853949
21840.00000 0.848192
21850.00000 0.837778
21860.00000 0.822021
21870.00000 0.802411
21880.00000 0.778548
21890.00000 0.750179
21900.00000 0.718077
21910.00000 0.681975
21920.00000 0.643031
21930.00000 0.599963
21940.00000 0.558686
21950.00000 0.514783
21960.00000 0.470095
21970.00000 0.428607
21980.00000 0.385081
21990.00000 0.344922
22000.00000 0.307077
22010.00000 0.272731
22020.00000 0.240791
22030.00000 0.211336
22040.00000 0.185647
22050.00000 0.161378
22060.00000 0.140887
22070.00000 0.122922
22080.00000 0.107128
22090.00000 0.093159
22100.00000 0.081049
22110.00000 0.070502
22120.00000 0.060987
22130.00000 0.053548
22140.00000 0.04678
22150.00000 0.04085
22160.00000 0.035934
22170.00000 0.031378
22180.00000 0.027556
22190.00000 0.024287
22200.00000 0.021484
22210.00000 0.019006
22220.00000 0.016824
22230.00000 0.014977
22240.00000 0.013304
22250.00000 0.011858
22260.00000 0.010601
22270.00000 0.009514
22280.00000 0.008537
22290.00000 0.00768
22300.00000 0.006905
22310.00000 0.006199
22320.00000 0.005648
22330.00000 0.005107
22340.00000 0.004644
22350.00000 0.004205
24585.00000 0.0
