threeML/data/optical_filters/UKIRT/WFCAM-J.ecsv
# %ECSV 0.9
# ---
# datatype:
# - {name: wavelength, unit: Angstrom, datatype: float32}
# - {name: response, datatype: float32}
# meta: !!omap
# - {band_name: J}
# - {group_name: WFCAM}
wavelength response
10278.00000 0.0
11420.00000 0.004247
11430.00000 0.004779
11440.00000 0.005341
11450.00000 0.006017
11460.00000 0.006745
11470.00000 0.007615
11480.00000 0.008667
11490.00000 0.009835
11500.00000 0.011171
11510.00000 0.01271
11520.00000 0.0145
11530.00000 0.01666
11540.00000 0.019155
11550.00000 0.022164
11560.00000 0.025502
11570.00000 0.02955
11580.00000 0.034357
11590.00000 0.03989
11600.00000 0.046807
11610.00000 0.054806
11620.00000 0.064439
11630.00000 0.075548
11640.00000 0.088964
11650.00000 0.105183
11660.00000 0.123609
11670.00000 0.146987
11680.00000 0.173135
11690.00000 0.203224
11700.00000 0.237462
11710.00000 0.276787
11720.00000 0.319734
11730.00000 0.366435
11740.00000 0.417762
11750.00000 0.465447
11760.00000 0.514173
11770.00000 0.559979
11780.00000 0.600076
11790.00000 0.636799
11800.00000 0.666848
11810.00000 0.691109
11820.00000 0.708944
11830.00000 0.722728
11840.00000 0.732786
11850.00000 0.739723
11860.00000 0.744896
11870.00000 0.748494
11880.00000 0.751121
11890.00000 0.753238
11900.00000 0.755078
11910.00000 0.756816
11920.00000 0.758425
11930.00000 0.759999
11940.00000 0.761311
11950.00000 0.762495
11960.00000 0.763452
11970.00000 0.764038
11980.00000 0.764274
11990.00000 0.764148
12000.00000 0.763573
12010.00000 0.762756
12020.00000 0.761705
12030.00000 0.760547
12040.00000 0.759321
12050.00000 0.757969
12060.00000 0.756848
12070.00000 0.756233
12080.00000 0.755952
12090.00000 0.756231
12100.00000 0.7571
12110.00000 0.75858
12120.00000 0.760919
12130.00000 0.76371
12140.00000 0.767377
12150.00000 0.771736
12160.00000 0.776529
12170.00000 0.78205
12180.00000 0.787821
12190.00000 0.79391
12200.00000 0.799639
12210.00000 0.805418
12220.00000 0.810882
12230.00000 0.815693
12240.00000 0.819994
12250.00000 0.823461
12260.00000 0.826001
12270.00000 0.827557
12280.00000 0.82808
12290.00000 0.827713
12300.00000 0.826549
12310.00000 0.824381
12320.00000 0.821848
12330.00000 0.818872
12340.00000 0.815579
12350.00000 0.812383
12360.00000 0.809024
12370.00000 0.806044
12380.00000 0.803519
12390.00000 0.801583
12400.00000 0.800265
12410.00000 0.799675
12420.00000 0.799833
12430.00000 0.800813
12440.00000 0.802553
12450.00000 0.804995
12460.00000 0.808098
12470.00000 0.81178
12480.00000 0.815923
12490.00000 0.820478
12500.00000 0.825349
12510.00000 0.829891
12520.00000 0.834517
12530.00000 0.838922
12540.00000 0.842708
12550.00000 0.846216
12560.00000 0.848966
12570.00000 0.850998
12580.00000 0.852231
12590.00000 0.852793
12600.00000 0.852586
12610.00000 0.851815
12620.00000 0.850426
12630.00000 0.848547
12640.00000 0.846389
12650.00000 0.844044
12660.00000 0.841616
12670.00000 0.83934
12680.00000 0.837206
12690.00000 0.835338
12700.00000 0.834041
12710.00000 0.833161
12720.00000 0.832821
12730.00000 0.833124
12740.00000 0.834034
12750.00000 0.835581
12760.00000 0.837655
12770.00000 0.840227
12780.00000 0.843247
12790.00000 0.846685
12800.00000 0.8503
12810.00000 0.854242
12820.00000 0.858121
12830.00000 0.861796
12840.00000 0.865254
12850.00000 0.868431
12860.00000 0.871124
12870.00000 0.873151
12880.00000 0.874686
12890.00000 0.87533
12900.00000 0.875346
12910.00000 0.874507
12920.00000 0.873035
12930.00000 0.870761
12940.00000 0.867888
12950.00000 0.864537
12960.00000 0.860809
12970.00000 0.856785
12980.00000 0.852554
12990.00000 0.84836
13000.00000 0.844031
13010.00000 0.840031
13020.00000 0.83652
13030.00000 0.833327
13040.00000 0.830629
13050.00000 0.828579
13060.00000 0.827121
13070.00000 0.826404
13080.00000 0.8263
13090.00000 0.826896
13100.00000 0.828152
13110.00000 0.829789
13120.00000 0.831888
13130.00000 0.834153
13140.00000 0.836353
13150.00000 0.838137
13160.00000 0.839199
13170.00000 0.839084
13180.00000 0.837357
13190.00000 0.833172
13200.00000 0.826447
13210.00000 0.816498
13220.00000 0.802698
13230.00000 0.784696
13240.00000 0.762214
13250.00000 0.735024
13260.00000 0.702279
13270.00000 0.668572
13280.00000 0.630021
13290.00000 0.588616
13300.00000 0.547722
13310.00000 0.503288
13320.00000 0.460411
13330.00000 0.418878
13340.00000 0.380125
13350.00000 0.342981
13360.00000 0.307876
13370.00000 0.276432
13380.00000 0.246058
13390.00000 0.219729
13400.00000 0.196162
13410.00000 0.175056
13420.00000 0.156041
13430.00000 0.139209
13440.00000 0.124132
13450.00000 0.110234
13460.00000 0.099189
13470.00000 0.088702
13480.00000 0.079201
13490.00000 0.071173
13500.00000 0.063806
13510.00000 0.057396
13520.00000 0.051609
13530.00000 0.046767
13540.00000 0.042275
13550.00000 0.038078
13560.00000 0.034466
13570.00000 0.03125
13580.00000 0.028418
13590.00000 0.02595
13600.00000 0.023824
13610.00000 0.021625
13620.00000 0.01963
13630.00000 0.017954
13640.00000 0.016457
13650.00000 0.015161
13660.00000 0.013903
13670.00000 0.012875
13680.00000 0.011851
13690.00000 0.010887
13700.00000 0.010098
13710.00000 0.009307
13720.00000 0.008611
13730.00000 0.007993
13740.00000 0.007438
13750.00000 0.006937
13760.00000 0.00643
13770.00000 0.006002
13780.00000 0.005605
13790.00000 0.005238
13800.00000 0.004901
13810.00000 0.004584
13820.00000 0.004239
15202.00000 0.0
