threeML/data/optical_filters/UKIRT/WFCAM-Z.ecsv
# %ECSV 0.9
# ---
# datatype:
# - {name: wavelength, unit: Angstrom, datatype: float32}
# - {name: response, datatype: float32}
# meta: !!omap
# - {band_name: Z}
# - {group_name: WFCAM}
wavelength response
7254.00000 0.0
8060.00000 0.004048
8070.00000 0.00461
8080.00000 0.005208
8090.00000 0.005884
8100.00000 0.006576
8110.00000 0.007451
8120.00000 0.008522
8130.00000 0.009877
8140.00000 0.01153
8150.00000 0.013689
8160.00000 0.016258
8170.00000 0.019308
8180.00000 0.023023
8190.00000 0.02734
8200.00000 0.032776
8210.00000 0.039104
8220.00000 0.047242
8230.00000 0.058081
8240.00000 0.071332
8250.00000 0.089553
8260.00000 0.111397
8270.00000 0.136952
8280.00000 0.166357
8290.00000 0.200207
8300.00000 0.237593
8310.00000 0.278898
8320.00000 0.32617
8330.00000 0.374143
8340.00000 0.427026
8350.00000 0.481111
8360.00000 0.536536
8370.00000 0.591663
8380.00000 0.643185
8390.00000 0.691849
8400.00000 0.733412
8410.00000 0.771667
8420.00000 0.806285
8430.00000 0.83489
8440.00000 0.859734
8450.00000 0.878284
8460.00000 0.891129
8470.00000 0.899389
8480.00000 0.904478
8490.00000 0.907848
8500.00000 0.910415
8510.00000 0.912481
8520.00000 0.913704
8530.00000 0.914258
8540.00000 0.914258
8550.00000 0.91417
8560.00000 0.914623
8570.00000 0.916013
8580.00000 0.918681
8590.00000 0.922443
8600.00000 0.927205
8610.00000 0.932534
8620.00000 0.937502
8630.00000 0.942151
8640.00000 0.945958
8650.00000 0.948744
8660.00000 0.950471
8670.00000 0.951288
8680.00000 0.951202
8690.00000 0.950404
8700.00000 0.949335
8710.00000 0.948463
8720.00000 0.948219
8730.00000 0.948765
8740.00000 0.950137
8750.00000 0.952189
8760.00000 0.954625
8770.00000 0.957238
8780.00000 0.95966
8790.00000 0.961676
8800.00000 0.963249
8810.00000 0.964144
8820.00000 0.964553
8830.00000 0.964546
8840.00000 0.964471
8850.00000 0.964417
8860.00000 0.964588
8870.00000 0.964916
8880.00000 0.965442
8890.00000 0.966053
8900.00000 0.966709
8910.00000 0.967294
8920.00000 0.967786
8930.00000 0.967936
8940.00000 0.967687
8950.00000 0.967006
8960.00000 0.96599
8970.00000 0.965005
8980.00000 0.964092
8990.00000 0.96362
9000.00000 0.963273
9010.00000 0.962684
9020.00000 0.961344
9030.00000 0.958756
9040.00000 0.954675
9050.00000 0.949021
9060.00000 0.942587
9070.00000 0.936514
9080.00000 0.931997
9090.00000 0.930584
9100.00000 0.932443
9110.00000 0.936975
9120.00000 0.942504
9130.00000 0.947624
9140.00000 0.950342
9150.00000 0.950311
9160.00000 0.947699
9170.00000 0.94332
9180.00000 0.937049
9190.00000 0.929469
9200.00000 0.918695
9210.00000 0.904772
9220.00000 0.886867
9230.00000 0.863591
9240.00000 0.830834
9250.00000 0.785103
9260.00000 0.722884
9270.00000 0.638176
9280.00000 0.546214
9290.00000 0.446705
9300.00000 0.353963
9310.00000 0.275748
9320.00000 0.213346
9330.00000 0.166661
9340.00000 0.131145
9350.00000 0.104024
9360.00000 0.081174
9370.00000 0.061592
9380.00000 0.04661
9390.00000 0.034554
9400.00000 0.02623
9410.00000 0.020604
9420.00000 0.016863
9430.00000 0.014235
9440.00000 0.012312
9450.00000 0.010739
9460.00000 0.009304
9470.00000 0.007978
9480.00000 0.006724
9490.00000 0.005634
9500.00000 0.004742
9510.00000 0.00401
10461.00000 0.0
