threeML/data/optical_filters/LICK/LICK-f_5538_64.ecsv
# %ECSV 0.9
# ---
# datatype:
# - {name: wavelength, unit: Angstrom, datatype: float32}
# - {name: response, datatype: float32}
# meta: !!omap
# - {band_name: f_5538_64}
# - {group_name: LICK}
wavelength response
4861.38428 0.0
5401.53809 0.00256221
5403.87158 0.00256055
5406.20508 0.00244219
5408.53809 0.00335439
5410.87158 0.00270804
5413.20459 0.00249184
5415.53809 0.00346368
5417.87158 0.00257221
5420.20459 0.00285505
5422.53809 0.00313233
5424.87158 0.00318791
5427.20459 0.00278461
5429.53809 0.00298516
5431.87109 0.00315445
5434.20459 0.00307467
5436.53809 0.00315554
5438.87109 0.00343331
5441.20459 0.00380333
5443.53760 0.00343303
5445.87109 0.00372928
5448.20459 0.0038966
5450.53760 0.00414288
5452.87109 0.00420671
5455.20410 0.00424734
5457.53760 0.00433194
5459.87109 0.0053446
5462.20410 0.00507234
5464.53760 0.00609605
5466.87109 0.00551325
5469.20410 0.00601752
5471.53760 0.00699918
5473.87061 0.00744169
5476.20410 0.00779057
5478.53760 0.00900336
5480.87061 0.0108537
5483.20410 0.0122549
5485.53711 0.0143399
5487.87061 0.0171411
5490.20410 0.0199636
5492.53711 0.0242563
5494.87061 0.029052
5497.20361 0.0366747
5499.53711 0.0465128
5501.87061 0.0615997
5504.20361 0.0808869
5506.53711 0.107314
5508.87061 0.141661
5511.20361 0.18679
5513.53711 0.243515
5515.87012 0.313896
5518.20361 0.392742
5520.53711 0.471489
5522.87012 0.539709
5525.20361 0.591325
5527.53662 0.626651
5529.87012 0.652534
5532.20361 0.661182
5534.53662 0.66785
5536.87012 0.668997
5539.20312 0.667016
5541.53662 0.661856
5543.87012 0.656969
5546.20312 0.652782
5548.53662 0.649604
5550.87012 0.647527
5553.20312 0.640835
5555.53662 0.632106
5557.86963 0.630817
5560.20312 0.621881
5562.53662 0.616365
5564.86963 0.613475
5567.20312 0.602794
5569.53613 0.585829
5571.86963 0.551485
5574.20312 0.503983
5576.53613 0.44189
5578.86963 0.364902
5581.20264 0.292599
5583.53613 0.231944
5585.86963 0.181355
5588.20264 0.141378
5590.53613 0.11106
5592.86963 0.0858313
5595.20264 0.065269
5597.53613 0.0501796
5599.86914 0.0388771
5602.20264 0.0310715
5604.53613 0.0259497
5606.86914 0.0216319
5609.20264 0.0185524
5611.53564 0.0156061
5613.86914 0.0132048
5616.20264 0.0112123
5618.53564 0.0097972
5620.86914 0.00837399
5623.20215 0.00735836
5625.53564 0.00649711
5627.86914 0.00590323
5630.20215 0.00539499
5632.53564 0.00489588
5634.86914 0.00445742
5637.20215 0.00426093
5639.53564 0.00352655
5641.86865 0.00339762
5644.20215 0.00318084
5646.53516 0.00284123
5648.86865 0.00250481
5651.20215 0.00236392
5653.53516 0.00235651
5655.86865 0.00214438
5658.20166 0.00204025
5660.53516 0.00173097
5662.86865 0.00189111
5665.20166 0.00178264
5667.53516 0.00163723
5669.86816 0.00149747
5672.20166 0.00154529
5674.53516 0.00144797
5676.86816 0.00138703
5679.20166 0.00134393
5681.53516 0.00129837
5683.86816 0.00116088
5686.20166 0.00122992
5688.53467 0.00119457
5690.86816 0.00125103
5693.20166 0.00106035
5695.53467 0.000818328
5697.86816 0.00100035
6267.65479 0.0
