threeML/data/optical_filters/LICK/LICK-f_6750_500.ecsv
# %ECSV 0.9
# ---
# datatype:
# - {name: wavelength, unit: Angstrom, datatype: float32}
# - {name: response, datatype: float32}
# meta: !!omap
# - {band_name: f_6750_500}
# - {group_name: LICK}
wavelength response
5671.78955 0.0
6301.98828 0.00449001
6304.32275 0.00446803
6306.65723 0.00455936
6308.99170 0.00460878
6311.32617 0.00468478
6313.66113 0.00467355
6315.99561 0.00487136
6318.33008 0.00486778
6320.66455 0.00491481
6322.99902 0.00504526
6325.33350 0.00514525
6327.66797 0.00527056
6330.00293 0.00534392
6332.33740 0.00536065
6334.67188 0.00550435
6337.00635 0.00564296
6339.34082 0.00567292
6341.67529 0.0057845
6344.01025 0.00593265
6346.34473 0.00609729
6348.67920 0.00615498
6351.01367 0.00635123
6353.34814 0.00637516
6355.68262 0.00647887
6358.01709 0.00664349
6360.35205 0.00689889
6362.68652 0.00691551
6365.02100 0.00723881
6367.35547 0.00741198
6369.68994 0.00754656
6372.02441 0.00785269
6374.35938 0.0080346
6376.69385 0.00827858
6379.02832 0.00835871
6381.36279 0.00867371
6383.69727 0.00890804
6386.03174 0.00910938
6388.36621 0.00947874
6390.70117 0.00971614
6393.03564 0.0101449
6395.37012 0.0104979
6397.70459 0.0108212
6400.03906 0.0111824
6402.37354 0.0116235
6404.70850 0.0119089
6407.04297 0.0124584
6409.37744 0.012817
6411.71191 0.0133604
6414.04639 0.0138468
6416.38086 0.0144662
6418.71533 0.0150502
6421.05029 0.0156616
6423.38477 0.0164995
6425.71924 0.0173041
6428.05371 0.0181264
6430.38818 0.018904
6432.72266 0.0198822
6435.05713 0.0208123
6437.39209 0.0219629
6439.72656 0.0231054
6442.06104 0.0241881
6444.39551 0.0254408
6446.72998 0.026775
6449.06445 0.0283367
6451.39941 0.0299756
6453.73389 0.0317436
6456.06836 0.0336916
6458.40283 0.035767
6460.73730 0.037851
6463.07178 0.0400829
6465.40625 0.0425972
6467.74121 0.0456687
6470.07568 0.0487348
6472.41016 0.0521018
6474.74463 0.0554853
6477.07910 0.0595717
6479.41357 0.063869
6481.74854 0.0684506
6484.08301 0.0732291
6486.41748 0.079031
6488.75195 0.0852758
6491.08643 0.0915821
6493.42090 0.098582
6495.75537 0.106602
6498.09033 0.115582
6500.42480 0.124844
6502.75928 0.135183
6505.09375 0.146619
6507.42822 0.15884
6509.76270 0.172231
6512.09717 0.186733
6514.43213 0.202437
6516.76660 0.219678
6519.10107 0.238484
6521.43555 0.258961
6523.77002 0.280658
6526.10449 0.303891
6528.43896 0.329306
6530.77393 0.355629
6533.10840 0.382519
6535.44287 0.411515
6537.77734 0.441854
6540.11182 0.472547
6542.44629 0.503671
6544.78076 0.534458
6547.11572 0.565863
6549.45020 0.596912
6551.78467 0.625503
6554.11914 0.651747
6556.45361 0.676642
6558.78809 0.698921
6561.12256 0.718314
6563.45752 0.733775
6565.79199 0.746165
6568.12646 0.756903
6570.46094 0.762878
6572.79541 0.767268
6575.12988 0.769502
6577.46484 0.768139
6579.79932 0.766147
6582.13379 0.761711
6584.46826 0.755222
6586.80273 0.748027
6589.13721 0.74102
6591.47168 0.733116
6593.80664 0.724561
6596.14111 0.71614
6598.47559 0.708607
6600.81006 0.701868
6603.14453 0.693922
6605.47900 0.684546
6607.81348 0.676214
6610.14844 0.667067
6612.48291 0.659033
6614.81738 0.651095
6617.15186 0.644084
6619.48633 0.638411
6621.82080 0.633266
6624.15527 0.629174
6626.49023 0.624676
6628.82471 0.621259
6631.15918 0.616665
6633.49365 0.613148
6635.82812 0.61029
6638.16260 0.606534
6640.49756 0.604557
6642.83203 0.601737
6645.16650 0.601052
6647.50098 0.599184
6649.83545 0.599567
6652.16992 0.598439
6654.50439 0.598322
6656.83936 0.598613
6659.17383 0.599592
6661.50830 0.600922
6663.84277 0.601349
6666.17725 0.601966
6668.51172 0.60294
6670.84668 0.604248
6673.18115 0.605227
6675.51562 0.608371
6677.85010 0.610806
6680.18457 0.614691
6682.51904 0.618399
6684.85352 0.620754
6687.18848 0.621178
6689.52295 0.623428
6691.85742 0.625523
6694.19189 0.628389
6696.52637 0.633174
6698.86084 0.636574
6701.19531 0.642019
6703.53027 0.644747
6705.86475 0.648726
6708.19922 0.653267
6710.53369 0.655779
6712.86816 0.657464
6715.20264 0.661243
6717.53760 0.663769
6719.87207 0.667445
6722.20654 0.67137
6724.54102 0.676007
6726.87549 0.681079
6729.20996 0.685954
6731.54443 0.689212
6733.87939 0.691705
6736.21387 0.695306
6738.54834 0.698647
6740.88281 0.70213
6743.21729 0.705973
6745.55176 0.710432
6747.88672 0.713062
6750.22119 0.716039
6752.55566 0.720278
6754.89014 0.725069
6757.22461 0.729935
6759.55908 0.732558
6761.89355 0.735872
6764.22852 0.738833
6766.56299 0.7402
6768.89746 0.741905
6771.23193 0.743684
6773.56641 0.745297
6775.90088 0.748105
6778.23584 0.751557
6780.57031 0.756027
6782.90479 0.761469
6785.23926 0.763932
6787.57373 0.766128
6789.90820 0.769122
6792.24268 0.769438
6794.57764 0.770461
6796.91211 0.772875
6799.24658 0.774456
6801.58105 0.777103
6803.91553 0.777579
6806.25000 0.778067
6808.58447 0.781161
6810.91943 0.783342
6813.25391 0.784589
6815.58838 0.785748
6817.92285 0.787294
6820.25732 0.788557
6822.59180 0.789414
6824.92627 0.789651
6827.26123 0.791133
6829.59570 0.793254
6831.93018 0.795254
6834.26465 0.796439
6836.59912 0.796566
6838.93359 0.797415
6841.26807 0.797406
6843.60303 0.79831
6845.93750 0.798482
6848.27197 0.798816
6850.60645 0.799115
6852.94092 0.800541
6855.27539 0.80048
6857.60986 0.801607
6859.94482 0.802738
6862.27930 0.803528
6864.61377 0.803217
6866.94824 0.803161
6869.28271 0.806078
6871.61719 0.806893
6873.95166 0.808279
6876.28662 0.808974
6878.62109 0.809519
6880.95557 0.809982
6883.29004 0.809719
6885.62451 0.807993
6887.95898 0.807386
6890.29346 0.807994
6892.62842 0.809489
6894.96289 0.808154
6897.29736 0.810304
6899.63184 0.812042
6901.96631 0.813798
6904.30078 0.816522
6906.63574 0.818254
6908.97021 0.820941
6911.30469 0.822978
6913.63916 0.82677
6915.97363 0.828645
6918.30811 0.830331
6920.64258 0.83234
6922.97754 0.833474
6925.31201 0.833314
6927.64648 0.835439
6929.98096 0.838231
6932.31543 0.842945
6934.64990 0.847629
6936.98486 0.850013
6939.31934 0.853077
6941.65381 0.855743
6943.98828 0.858199
6946.32275 0.861414
6948.65723 0.862491
6950.99170 0.861721
6953.32666 0.860978
6955.66113 0.86251
6957.99561 0.864552
6960.33008 0.864688
6962.66455 0.86599
6964.99902 0.865497
6967.33350 0.862272
6969.66846 0.859854
6972.00293 0.856805
6974.33740 0.851088
6976.67188 0.844317
6979.00635 0.837036
6981.34082 0.827243
6983.67578 0.81475
6986.01025 0.800134
6988.34473 0.785013
6990.67920 0.767508
6993.01367 0.749038
6995.34814 0.730747
6997.68262 0.70998
7000.01758 0.689419
7002.35205 0.667273
7004.68652 0.644755
7007.02100 0.619964
7009.35547 0.594579
7011.68994 0.569619
7014.02490 0.544301
7016.35938 0.519526
7018.69385 0.494696
7021.02832 0.468616
7023.36279 0.445366
7025.69727 0.42111
7028.03174 0.398549
7030.36670 0.375351
7032.70117 0.354048
7035.03564 0.333752
7037.37012 0.313876
7039.70459 0.29696
7042.03906 0.279465
7044.37402 0.262964
7046.70850 0.247297
7049.04297 0.232561
7051.37744 0.218181
7053.71191 0.204648
7056.04639 0.191713
7058.38086 0.180467
7060.71582 0.169367
7063.05029 0.158878
7065.38477 0.149783
7067.71924 0.140964
7070.05371 0.132846
7072.38818 0.125281
7074.72266 0.118048
7077.05762 0.111646
7079.39209 0.105272
7081.72656 0.0993398
7084.06104 0.0939854
7086.39551 0.0888414
7088.72998 0.0840134
7091.06494 0.0794042
7093.39941 0.0747838
7095.73389 0.0707359
7098.06836 0.0670875
7100.40283 0.0634546
7102.73730 0.0599834
7105.07178 0.0571508
7107.40674 0.0545146
7109.74121 0.051943
7112.07568 0.0498141
7114.41016 0.0473724
7116.74463 0.0450902
7119.07910 0.0431674
7121.41357 0.0409584
7123.74854 0.0389501
7126.08301 0.0371439
7128.41748 0.0354879
7130.75195 0.0339116
7133.08643 0.0323534
7135.42090 0.0311461
7137.75537 0.029775
7140.09033 0.0286111
7142.42480 0.0276436
7144.75928 0.0265061
7147.09375 0.0255017
7149.42822 0.0247676
7151.76270 0.0239293
7154.09717 0.0229131
7156.43213 0.0221222
7158.76660 0.0211469
7161.10107 0.0204601
7163.43555 0.019601
7165.77002 0.0190394
7168.10449 0.018396
7170.43896 0.0176446
7172.77393 0.0170687
7175.10840 0.0164255
7177.44287 0.0159645
7179.77734 0.0156426
7182.11182 0.0152429
7184.44629 0.0148303
7186.78076 0.0144134
7189.11572 0.0139681
7191.45020 0.0134419
7193.78467 0.0130677
7196.11914 0.0125502
7198.45361 0.0121111
7200.78809 0.0117945
7203.12305 0.0115676
7205.45752 0.0113108
7207.79199 0.0111119
7210.12646 0.010783
7212.46094 0.0104945
7214.79541 0.0102054
7217.12988 0.0101735
7219.46484 0.0099068
7221.79932 0.00965953
7224.13379 0.00939759
7226.46826 0.00916201
7228.80273 0.00892059
7231.13721 0.00872626
7233.47168 0.00848793
7235.80664 0.00825777
7238.14111 0.00800398
7240.47559 0.00783186
7242.81006 0.00770169
7245.14453 0.00747328
7247.47900 0.00741554
7249.81396 0.00726162
7252.14844 0.00708205
7254.48291 0.00706115
7256.81738 0.00693345
7259.15186 0.00675214
7261.48633 0.00660201
7263.82080 0.00645912
7266.15576 0.00638576
7268.49023 0.00625212
7270.82471 0.00608509
7273.15918 0.00606361
7275.49365 0.00594596
7277.82812 0.00575736
7280.16309 0.0056893
7282.49756 0.00559767
7284.83203 0.00544471
7287.16650 0.0053144
7289.50098 0.00521007
7291.83545 0.00508129
7294.16992 0.004958
7296.50488 0.00490328
7298.83936 0.00478621
8028.72314 0.0
