threeML/data/optical_filters/LICK/LICK-f_5610_65.ecsv
# %ECSV 0.9
# ---
# datatype:
# - {name: wavelength, unit: Angstrom, datatype: float32}
# - {name: response, datatype: float32}
# meta: !!omap
# - {band_name: f_5610_65}
# - {group_name: LICK}
wavelength response
4951.68359 0.0
5501.87061 0.00358233
5504.20361 0.0032682
5506.53711 0.00375879
5508.87061 0.00367036
5511.20361 0.00361878
5513.53711 0.00359475
5515.87012 0.00420197
5518.20361 0.00437424
5520.53711 0.00426235
5522.87012 0.00469397
5525.20361 0.00444291
5527.53662 0.00495793
5529.87012 0.0051016
5532.20361 0.00550227
5534.53662 0.0058393
5536.87012 0.00625012
5539.20312 0.00676702
5541.53662 0.00734466
5543.87012 0.00804623
5546.20312 0.00916157
5548.53662 0.0102932
5550.87012 0.0118412
5553.20312 0.012976
5555.53662 0.0160805
5557.86963 0.0187616
5560.20312 0.022813
5562.53662 0.0282656
5564.86963 0.0352753
5567.20312 0.0442942
5569.53613 0.0582611
5571.86963 0.075008
5574.20312 0.0986214
5576.53613 0.131316
5578.86963 0.174682
5581.20264 0.230715
5583.53613 0.298002
5585.86963 0.370696
5588.20264 0.442065
5590.53613 0.502517
5592.86963 0.54872
5595.20264 0.579088
5597.53613 0.596098
5599.86914 0.60503
5602.20264 0.609456
5604.53613 0.613485
5606.86914 0.61566
5609.20264 0.621849
5611.53564 0.623853
5613.86914 0.625477
5616.20264 0.627014
5618.53564 0.625683
5620.86914 0.62333
5623.20215 0.619844
5625.53564 0.61634
5627.86914 0.613824
5630.20215 0.608717
5632.53564 0.606541
5634.86914 0.608635
5637.20215 0.610272
5639.53564 0.610363
5641.86865 0.606572
5644.20215 0.592719
5646.53516 0.562372
5648.86865 0.513695
5651.20215 0.449398
5653.53516 0.377537
5655.86865 0.304231
5658.20166 0.23945
5660.53516 0.18458
5662.86865 0.141489
5665.20166 0.107687
5667.53516 0.0838057
5669.86816 0.0652071
5672.20166 0.0507035
5674.53516 0.0405543
5676.86816 0.0324829
5679.20166 0.0269495
5681.53516 0.0224235
5683.86816 0.0186781
5686.20166 0.0161084
5688.53467 0.0137456
5690.86816 0.0120684
5693.20166 0.0104181
5695.53467 0.0091776
5697.86816 0.00847853
5700.20117 0.00748507
5702.53467 0.00681346
5704.86816 0.0061521
5707.20117 0.00567452
5709.53467 0.00492896
5711.86768 0.0045704
5714.20117 0.00434855
5716.53467 0.00375566
5718.86768 0.00367751
5721.20117 0.00342743
5723.53467 0.00325793
5725.86768 0.00333549
5728.20117 0.00283068
5730.53418 0.00260309
5732.86768 0.00267349
5735.20117 0.00244882
5737.53418 0.00213468
5739.86768 0.00221381
5742.20068 0.00209607
5744.53418 0.00199027
5746.86768 0.00195306
5749.20068 0.00192151
6324.12061 0.0
