threeML/data/optical_filters/LICK/LICK-f_4300_60.ecsv
# %ECSV 0.9
# ---
# datatype:
# - {name: wavelength, unit: Angstrom, datatype: float32}
# - {name: response, datatype: float32}
# meta: !!omap
# - {band_name: f_4300_60}
# - {group_name: LICK}
wavelength response
3781.87329 0.0
4202.08154 0.0013468
4204.39258 0.000723828
4206.70361 0.00151475
4209.01465 0.00168769
4211.32568 0.00151744
4213.63672 0.00139886
4215.94775 0.00192022
4218.25879 0.00210859
4220.56982 0.00213257
4222.88037 0.00172136
4225.19141 0.00177283
4227.50244 0.00254383
4229.81348 0.00195822
4232.12451 0.00172327
4234.43555 0.00213456
4236.74658 0.0017151
4239.05762 0.00313994
4241.36865 0.00332219
4243.67969 0.00399257
4245.99072 0.00554526
4248.30127 0.00649677
4250.61230 0.00839564
4252.92334 0.00986849
4255.23438 0.0123476
4257.54541 0.0174248
4259.85645 0.0229559
4262.16748 0.0311323
4264.47852 0.0418713
4266.78955 0.0573171
4269.10059 0.0767393
4271.41162 0.0995765
4273.72217 0.126665
4276.03320 0.157327
4278.34424 0.190873
4280.65527 0.226414
4282.96631 0.264228
4285.27734 0.298124
4287.58838 0.332881
4289.89941 0.36391
4292.21045 0.395158
4294.52148 0.420784
4296.83252 0.445037
4299.14307 0.465836
4301.45410 0.486839
4303.76514 0.505393
4306.07617 0.522792
4308.38721 0.533746
4310.69824 0.543113
4313.00928 0.545243
4315.32031 0.541139
4317.63135 0.535322
4319.94238 0.523939
4322.25342 0.509142
4324.56396 0.494774
4326.87500 0.48187
4329.18604 0.469187
4331.49707 0.458314
4333.80811 0.443303
4336.11914 0.428307
4338.43018 0.403469
4340.74121 0.369079
4343.05225 0.324071
4345.36328 0.272822
4347.67432 0.219522
4349.98535 0.171471
4352.29590 0.129118
4354.60693 0.0991246
4356.91797 0.0754266
4359.22900 0.0567374
4361.54004 0.0446738
4363.85107 0.0355505
4366.16211 0.0287596
4368.47314 0.023489
4370.78418 0.0191586
4373.09521 0.0162124
4375.40625 0.0143333
4377.71729 0.0122016
4380.02832 0.0107905
4382.33887 0.00973129
4384.64990 0.00853948
4386.96094 0.00786417
4389.27197 0.00686215
4391.58301 0.00633661
4393.89404 0.00556111
4396.20508 0.00535981
4398.51611 0.00516911
4400.82715 0.00461757
4403.13818 0.00398468
4405.44922 0.00377704
4407.75977 0.00337167
4410.07080 0.0030678
4412.38184 0.00271157
4414.69287 0.00229232
4417.00391 0.00253658
4419.31494 0.00245154
4421.62598 0.00206731
4423.93701 0.00217695
4426.24805 0.00182857
4428.55908 0.00189518
4430.87012 0.00169376
4433.18066 0.00167803
4435.49170 0.00181879
4437.80273 0.00115289
4440.11377 0.00102954
4442.42480 0.00143748
4444.73584 0.00143851
4447.04688 0.00079959
4449.35791 0.00122331
4894.29395 0.0
