threeML/data/optical_filters/LICK/LICK-f_4550_80.ecsv
# %ECSV 0.9
# ---
# datatype:
# - {name: wavelength, unit: Angstrom, datatype: float32}
# - {name: response, datatype: float32}
# meta: !!omap
# - {band_name: f_4550_80}
# - {group_name: LICK}
wavelength response
3960.63452 0.0
4400.70508 0.00213169
4401.87793 0.00215344
4403.05078 0.00217586
4404.22363 0.0020931
4405.39648 0.00217462
4406.56934 0.00231061
4407.74219 0.00217136
4408.91504 0.00209156
4410.08789 0.0023405
4411.26074 0.00227474
4412.43311 0.00233345
4413.60596 0.00231539
4414.77881 0.00224165
4415.95166 0.00219245
4417.12451 0.0023588
4418.29736 0.00226068
4419.47021 0.00242801
4420.64307 0.00247846
4421.81592 0.00244262
4422.98828 0.00251977
4424.16113 0.00257617
4425.33398 0.00260304
4426.50684 0.00271502
4427.67969 0.00264987
4428.85254 0.00284949
4430.02539 0.00286128
4431.19824 0.00275804
4432.37109 0.00303153
4433.54395 0.00290144
4434.71680 0.00291572
4435.88916 0.00318549
4437.06201 0.00305354
4438.23486 0.00305373
4439.40771 0.00332367
4440.58057 0.0033631
4441.75342 0.00341152
4442.92627 0.0033146
4444.09912 0.00354812
4445.27197 0.00371004
4446.44482 0.00371574
4447.61719 0.00384831
4448.79004 0.00391368
4449.96289 0.00407706
4451.13574 0.00416477
4452.30859 0.00423361
4453.48145 0.00448277
4454.65430 0.00465002
4455.82715 0.0046839
4457.00000 0.00481653
4458.17285 0.00511173
4459.34570 0.00538932
4460.51807 0.00563128
4461.69092 0.00590427
4462.86377 0.00612314
4464.03662 0.00643313
4465.20947 0.00673581
4466.38232 0.00691729
4467.55518 0.00743368
4468.72803 0.00758566
4469.90088 0.00826501
4471.07373 0.00891891
4472.24609 0.0094502
4473.41895 0.0100098
4474.59180 0.0107972
4475.76465 0.0116639
4476.93750 0.0123135
4478.11035 0.0134416
4479.28320 0.0145468
4480.45605 0.0159168
4481.62891 0.0171277
4482.80176 0.0185866
4483.97461 0.0205057
4485.14697 0.0226075
4486.31982 0.0250302
4487.49268 0.0276169
4488.66553 0.030317
4489.83838 0.0339321
4491.01123 0.0376115
4492.18408 0.0424688
4493.35693 0.0475756
4494.52979 0.0534872
4495.70264 0.0598292
4496.87500 0.0679918
4498.04785 0.0769621
4499.22070 0.0873348
4500.39355 0.0996395
4501.56641 0.112823
4502.73926 0.12915
4503.91211 0.147512
4505.08496 0.16772
4506.25781 0.191041
4507.43066 0.216893
4508.60352 0.244763
4509.77588 0.275941
4510.94873 0.309307
4512.12158 0.344495
4513.29443 0.380838
4514.46729 0.416012
4515.64014 0.452616
4516.81299 0.48746
4517.98584 0.51792
4519.15869 0.546696
4520.33154 0.571929
4521.50391 0.593452
4522.67676 0.611533
4523.84961 0.62539
4525.02246 0.638251
4526.19531 0.647328
4527.36816 0.651584
4528.54102 0.655225
4529.71387 0.659794
4530.88672 0.662096
4532.05957 0.661915
4533.23242 0.663034
4534.40479 0.664181
4535.57764 0.664722
4536.75049 0.66547
4537.92334 0.665089
4539.09619 0.66605
4540.26904 0.666224
4541.44189 0.666276
4542.61475 0.668136
4543.78760 0.669596
4544.95996 0.669553
4546.13281 0.66886
4547.30566 0.670667
4548.47852 0.67252
4549.65137 0.673544
4550.82422 0.673447
4551.99707 0.674124
4553.16992 0.674223
4554.34277 0.673685
4555.51562 0.673439
4556.68848 0.67362
4557.86133 0.673969
4559.03369 0.672904
4560.20654 0.671473
4561.37939 0.670664
4562.55225 0.670938
4563.72510 0.669455
4564.89795 0.66937
4566.07080 0.66751
4567.24365 0.667585
4568.41650 0.665906
4569.58887 0.663823
4570.76172 0.661968
4571.93457 0.658253
4573.10742 0.655242
4574.28027 0.649276
4575.45312 0.643546
4576.62598 0.635168
4577.79883 0.62503
4578.97168 0.613191
4580.14453 0.597298
4581.31738 0.57846
4582.49023 0.559069
4583.66260 0.535833
4584.83545 0.509421
4586.00830 0.482756
4587.18115 0.453983
4588.35400 0.423751
4589.52686 0.393184
4590.69971 0.361777
4591.87256 0.332093
4593.04541 0.303223
4594.21777 0.274285
4595.39062 0.247917
4596.56348 0.223516
4597.73633 0.201201
4598.90918 0.180443
4600.08203 0.162103
4601.25488 0.144998
4602.42773 0.129463
4603.60059 0.115991
4604.77344 0.103851
4605.94629 0.0936145
4607.11914 0.0838104
4608.29150 0.0753288
4609.46436 0.0682127
4610.63721 0.0618543
4611.81006 0.0558522
4612.98291 0.050369
4614.15576 0.0456038
4615.32861 0.0414777
4616.50146 0.0376957
4617.67432 0.0343041
4618.84668 0.0315724
4620.01953 0.0288216
4621.19238 0.0263567
4622.36523 0.0243543
4623.53809 0.0223878
4624.71094 0.0206374
4625.88379 0.019098
4627.05664 0.0174666
4628.22949 0.0164585
4629.40234 0.0153739
4630.57520 0.0142586
4631.74756 0.0134857
4632.92041 0.0123932
4634.09326 0.011535
4635.26611 0.0109151
4636.43896 0.0102567
4637.61182 0.0096802
4638.78467 0.00914176
4639.95752 0.00859208
4641.13037 0.0081664
4642.30322 0.00755274
4643.47559 0.00724843
4644.64844 0.00685812
4645.82129 0.00660191
4646.99414 0.00631833
4648.16699 0.00599056
4649.33984 0.00565987
4650.51270 0.00543967
4651.68555 0.00514462
4652.85840 0.00498234
4654.03125 0.00491285
4655.20410 0.00460636
4656.37646 0.00436206
4657.54932 0.00424209
4658.72217 0.004074
4659.89502 0.00402978
4661.06787 0.00390719
4662.24072 0.00366381
4663.41357 0.00369448
4664.58643 0.00363577
4665.75928 0.00338344
4666.93213 0.00318698
4668.10449 0.0030591
4669.27734 0.00288384
4670.45020 0.00292305
4671.62305 0.00279989
4672.79590 0.00282663
4673.96875 0.00259656
4675.14160 0.00259233
4676.31445 0.00263764
4677.48730 0.00247421
4678.66016 0.00247934
4679.83301 0.00237006
4681.00537 0.00227236
4682.17822 0.00223157
4683.35107 0.00223084
4684.52393 0.00200785
4685.69678 0.00214075
4686.86963 0.0020703
4688.04248 0.00201091
4689.21533 0.00201663
4690.38818 0.00186236
4691.56104 0.00176374
4692.73340 0.00172105
4693.90625 0.00176128
4695.07910 0.00186983
4696.25195 0.00179263
4697.42480 0.0015836
4698.59766 0.00164416
4699.77051 0.00161031
4700.94336 0.00157632
4702.11621 0.0016072
4703.28906 0.001537
4704.46191 0.00148057
4705.63428 0.00145498
4706.80713 0.00140126
4707.97998 0.00143293
4709.15283 0.00139272
4710.32568 0.0013923
4711.49854 0.00136766
4712.67139 0.00125498
4713.84424 0.00124494
4715.01709 0.00128888
4716.18994 0.00124918
4717.36230 0.00116103
4718.53516 0.00118434
4719.70801 0.00114781
4720.88086 0.00112853
4722.05371 0.00113148
4723.22656 0.001106
4724.39941 0.0010509
4725.57227 0.00103094
4726.74512 0.00103724
4727.91797 0.00112788
4729.09082 0.00109323
4730.26318 0.000974123
4731.43604 0.000952071
4732.60889 0.000981447
4733.78174 0.00102357
4734.95459 0.00102584
4736.12744 0.00104979
4737.30029 0.000925506
4738.47314 0.000940704
4739.64600 0.000839451
4740.81836 0.000900702
4741.99121 0.00092945
4743.16406 0.000971716
4744.33691 0.000877243
4745.50977 0.00087043
4746.68262 0.000766704
4747.85547 0.000828339
4749.02832 0.000835197
5223.93115 0.0
