threeML/data/optical_filters/LICK/LICK-f_7832_86.ecsv
# %ECSV 0.9
# ---
# datatype:
# - {name: wavelength, unit: Angstrom, datatype: float32}
# - {name: response, datatype: float32}
# meta: !!omap
# - {band_name: f_7832_86}
# - {group_name: LICK}
wavelength response
6930.34277 0.0
7700.38086 0.00273433
7702.71582 0.00283427
7705.05029 0.00281424
7707.38477 0.00293734
7709.71924 0.00298942
7712.05371 0.0030623
7714.38818 0.00321196
7716.72266 0.00328765
7719.05762 0.00348719
7721.39209 0.00367252
7723.72656 0.00386156
7726.06104 0.00402402
7728.39551 0.00421458
7730.72998 0.00449885
7733.06494 0.00483341
7735.39941 0.00516296
7737.73389 0.00559924
7740.06836 0.00609798
7742.40283 0.00662418
7744.73730 0.00732878
7747.07178 0.00815642
7749.40674 0.00905911
7751.74121 0.0101546
7754.07568 0.011566
7756.41016 0.0130044
7758.74463 0.014966
7761.07910 0.0172813
7763.41357 0.0202732
7765.74854 0.024079
7768.08301 0.0289058
7770.41748 0.034946
7772.75195 0.0426908
7775.08643 0.0529245
7777.42090 0.0661773
7779.75537 0.083504
7782.09033 0.105987
7784.42480 0.134098
7786.75928 0.170437
7789.09375 0.215934
7791.42822 0.271191
7793.76270 0.335958
7796.09717 0.407754
7798.43213 0.481071
7800.76660 0.551159
7803.10107 0.612304
7805.43555 0.660414
7807.77002 0.696846
7810.10449 0.719833
7812.43945 0.733703
7814.77393 0.743038
7817.10840 0.748206
7819.44287 0.75116
7821.77734 0.752603
7824.11182 0.754511
7826.44629 0.755303
7828.78125 0.755455
7831.11572 0.754385
7833.45020 0.752749
7835.78467 0.751369
7838.11914 0.749922
7840.45361 0.746861
7842.78809 0.744238
7845.12305 0.743929
7847.45752 0.743578
7849.79199 0.744862
7852.12646 0.747201
7854.46094 0.748802
7856.79541 0.748971
7859.13037 0.74527
7861.46484 0.733223
7863.79932 0.707366
7866.13379 0.667235
7868.46826 0.610308
7870.80273 0.538178
7873.13721 0.459166
7875.47217 0.380189
7877.80664 0.3076
7880.14111 0.245044
7882.47559 0.193464
7884.81006 0.152975
7887.14453 0.120838
7889.47949 0.0960728
7891.81396 0.0776001
7894.14844 0.0631503
7896.48291 0.0522478
7898.81738 0.0432333
7901.15186 0.0364754
7903.48633 0.0308131
7905.82129 0.0264416
7908.15576 0.0230072
7910.49023 0.0200103
7912.82471 0.0176167
7915.15918 0.0157042
7917.49365 0.0141168
7919.82861 0.0128744
7922.16309 0.0118908
7924.49756 0.0108296
7926.83203 0.00986344
7929.16650 0.00908762
7931.50098 0.00836188
7933.83545 0.00784947
7936.17041 0.00738211
7938.50488 0.00695632
7940.83936 0.00649767
7943.17383 0.00613075
7945.50830 0.00585674
7947.84277 0.00556089
8742.62695 0.0
