threeML/data/optical_filters/LICK/LICK-f_5030_80.ecsv
# %ECSV 0.9
# ---
# datatype:
# - {name: wavelength, unit: Angstrom, datatype: float32}
# - {name: response, datatype: float32}
# meta: !!omap
# - {band_name: f_5030_80}
# - {group_name: LICK}
wavelength response
4411.78076 0.0
4901.97852 0.0025899
4904.28711 0.00269535
4906.59570 0.00271812
4908.90430 0.00279973
4911.21289 0.00303273
4913.52148 0.00297405
4915.83008 0.00284232
4918.13867 0.00309199
4920.44727 0.00325286
4922.75586 0.00340664
4925.06445 0.00342656
4927.37305 0.00351971
4929.68164 0.00384593
4931.99023 0.00400352
4934.29883 0.00438619
4936.60742 0.00436243
4938.91602 0.00452807
4941.22461 0.00483373
4943.53320 0.00551665
4945.84180 0.00624731
4948.15039 0.0064154
4950.45898 0.00696885
4952.76758 0.00789151
4955.07617 0.00878259
4957.38477 0.00980658
4959.69336 0.0111348
4962.00195 0.0127928
4964.31055 0.0143293
4966.61914 0.0164124
4968.92773 0.019408
4971.23633 0.0230072
4973.54492 0.0263869
4975.85352 0.0318012
4978.16211 0.0379807
4980.47070 0.0455474
4982.77930 0.054655
4985.08789 0.0667745
4987.39648 0.0815219
4989.70508 0.100142
4992.01367 0.123693
4994.32227 0.150843
4996.63086 0.185488
4998.93945 0.226623
5001.24805 0.27281
5003.55664 0.325755
5005.86523 0.382314
5008.17383 0.442218
5010.48242 0.501157
5012.79102 0.557918
5015.09961 0.608333
5017.40820 0.645002
5019.71680 0.680436
5022.02539 0.707366
5024.33398 0.722644
5026.64258 0.73264
5028.95117 0.746097
5031.25977 0.756825
5033.56836 0.755469
5035.87695 0.760338
5038.18555 0.764118
5040.49414 0.762624
5042.80273 0.765812
5045.11133 0.759805
5047.41992 0.75569
5049.72852 0.757491
5052.03711 0.756349
5054.34570 0.758354
5056.65430 0.760919
5058.96289 0.757138
5061.27148 0.752823
5063.58008 0.752331
5065.88867 0.746493
5068.19727 0.735163
5070.50586 0.714369
5072.81445 0.68964
5075.12305 0.648867
5077.43164 0.598306
5079.74023 0.543461
5082.04883 0.482236
5084.35742 0.41589
5086.66602 0.353261
5088.97461 0.298736
5091.28320 0.251033
5093.59180 0.207135
5095.90039 0.171355
5098.20898 0.140025
5100.51758 0.116097
5102.82617 0.0970683
5105.13477 0.0803125
5107.44336 0.0671657
5109.75195 0.0564696
5112.06055 0.048098
5114.36914 0.0412849
5116.67773 0.0354245
5118.98633 0.0304285
5121.29492 0.0264521
5123.60352 0.0235234
5125.91211 0.0204425
5128.22070 0.0179195
5130.52930 0.0162101
5132.83789 0.0143338
5135.14648 0.013116
5137.45508 0.0119124
5139.76367 0.0107901
5142.07227 0.00970556
5144.38086 0.00909075
5146.68945 0.00829106
5148.99805 0.00766126
5151.30664 0.00698314
5153.61523 0.00634372
5155.92383 0.00602975
5158.23242 0.005515
5160.54102 0.00514835
5162.84961 0.00477577
5165.15820 0.00442404
5167.46680 0.00423729
5169.77539 0.00395065
5172.08398 0.00375227
5174.39258 0.00369409
5176.70117 0.00336894
5179.00977 0.00326019
5181.31836 0.00301494
5183.62695 0.00280479
5185.93555 0.00289547
5188.24414 0.00252788
5190.55273 0.00250662
5192.86133 0.00240621
5195.16992 0.00224738
5197.47852 0.00221305
5199.78711 0.00219615
5719.76562 0.0
