threeML/data/optical_filters/LICK/LICK-f_4845_60.ecsv
# %ECSV 0.9
# ---
# datatype:
# - {name: wavelength, unit: Angstrom, datatype: float32}
# - {name: response, datatype: float32}
# meta: !!omap
# - {band_name: f_4845_60}
# - {group_name: LICK}
wavelength response
4231.01758 0.0
4701.13086 0.00239989
4703.43994 0.00247261
4705.74854 0.00253032
4708.05713 0.00248068
4710.36572 0.00233499
4712.67432 0.0023513
4714.98291 0.00266453
4717.29150 0.00277258
4719.59961 0.00248171
4721.90820 0.00226317
4724.21680 0.0025702
4726.52539 0.00272731
4728.83398 0.00261241
4731.14258 0.00280896
4733.45117 0.0027003
4735.75977 0.00287811
4738.06836 0.00296589
4740.37744 0.00293864
4742.68604 0.00322109
4744.99463 0.00340996
4747.30273 0.00348895
4749.61133 0.00363736
4751.91992 0.0037418
4754.22852 0.00400862
4756.53711 0.00440618
4758.84570 0.00449207
4761.15430 0.00482962
4763.46289 0.005433
4765.77148 0.00589468
4768.08008 0.00597827
4770.38867 0.00652313
4772.69727 0.00812065
4775.00586 0.00927059
4777.31445 0.010526
4779.62305 0.0121901
4781.93164 0.0142345
4784.24023 0.0172852
4786.54883 0.0217488
4788.85742 0.0274912
4791.16602 0.0347109
4793.47461 0.0443945
4795.78320 0.0582703
4798.09180 0.0767919
4800.40039 0.101664
4802.70898 0.136272
4805.01758 0.181818
4807.32617 0.23655
4809.63477 0.300846
4811.94336 0.366026
4814.25195 0.422004
4816.56055 0.472888
4818.86914 0.505754
4821.17773 0.537607
4823.48633 0.560765
4825.79492 0.576835
4828.10352 0.593714
4830.41211 0.595673
4832.72070 0.606863
4835.02930 0.613052
4837.33789 0.622834
4839.64648 0.625033
4841.95508 0.624439
4844.26367 0.617137
4846.57227 0.601882
4848.88086 0.590518
4851.18945 0.588542
4853.49805 0.571609
4855.80664 0.547059
4858.11523 0.533157
4860.42383 0.512047
4862.73242 0.480388
4865.04102 0.443969
4867.34961 0.401418
4869.65820 0.353699
4871.96680 0.302164
4874.27539 0.253077
4876.58398 0.203973
4878.89258 0.163295
4881.20117 0.128644
4883.50977 0.100764
4885.81836 0.0798366
4888.12695 0.0622189
4890.43555 0.0481369
4892.74414 0.0386347
4895.05273 0.031222
4897.36133 0.0253012
4899.66992 0.0212508
4901.97852 0.0178642
4904.28711 0.0151274
4906.59570 0.0129308
4908.90430 0.0113903
4911.21289 0.00993378
4913.52148 0.00885397
4915.83008 0.00825768
4918.13867 0.00754232
4920.44727 0.00678774
4922.75586 0.00615014
4925.06445 0.00556107
4927.37305 0.00516267
4929.68164 0.00510721
4931.99023 0.00471988
4934.29883 0.00427968
4936.60742 0.00401682
4938.91602 0.00389109
4941.22461 0.00357301
4943.53320 0.00356411
4945.84180 0.00349928
4948.15039 0.00316309
4950.45898 0.00301941
4952.76758 0.00286929
4955.07617 0.00278817
4957.38477 0.00260262
4959.69336 0.00250184
4962.00195 0.00235216
4964.31055 0.00226816
4966.61914 0.002264
4968.92773 0.00225382
4971.23633 0.00183646
4973.54492 0.00231014
4975.85352 0.00217722
4978.16211 0.00193319
4980.47070 0.00224894
4982.77930 0.00213651
4985.08789 0.00212441
4987.39648 0.00203484
4989.70508 0.00180426
4992.01367 0.00198882
4994.32227 0.00186451
4996.63086 0.00199534
4998.93945 0.00192346
5498.83350 0.0
