threeML/data/optical_filters/LICK/LICK-f_8800_250.ecsv
# %ECSV 0.9
# ---
# datatype:
# - {name: wavelength, unit: Angstrom, datatype: float32}
# - {name: response, datatype: float32}
# meta: !!omap
# - {band_name: f_8800_250}
# - {group_name: LICK}
wavelength response
7651.33398 0.0
8501.48242 0.00814918
8503.82617 0.00808331
8506.16895 0.0080359
8508.51270 0.00802005
8510.85645 0.00810153
8513.20020 0.008051
8515.54395 0.00828226
8517.88770 0.00862429
8520.23145 0.00870444
8522.57520 0.00869685
8524.91895 0.00871341
8527.26270 0.00871154
8529.60645 0.00880461
8531.95020 0.00890781
8534.29395 0.00906368
8536.63770 0.0092953
8538.98145 0.0095553
8541.32520 0.00985289
8543.66895 0.0103103
8546.01270 0.0107087
8548.35645 0.0110685
8550.69922 0.0113887
8553.04297 0.0116035
8555.38672 0.0119733
8557.73047 0.0122516
8560.07422 0.0123665
8562.41797 0.0125799
8564.76172 0.0130542
8567.10547 0.0133352
8569.44922 0.0135864
8571.79297 0.0138026
8574.13672 0.0143057
8576.48047 0.0145115
8578.82422 0.0146338
8581.16797 0.0145357
8583.51172 0.0145471
8585.85547 0.0148284
8588.19922 0.0151208
8590.54297 0.0156503
8592.88672 0.0161772
8595.23047 0.0168159
8597.57324 0.0174315
8599.91699 0.0182807
8602.26074 0.0192318
8604.60449 0.0199178
8606.94824 0.0206947
8609.29199 0.0214531
8611.63574 0.0223833
8613.97949 0.0230365
8616.32324 0.0239593
8618.66699 0.0250516
8621.01074 0.0262072
8623.35449 0.0273233
8625.69824 0.0282787
8628.04199 0.0292916
8630.38574 0.0305184
8632.72949 0.0312581
8635.07324 0.031919
8637.41699 0.0333191
8639.76074 0.0346148
8642.10352 0.0361319
8644.44727 0.0379562
8646.79102 0.0396718
8649.13477 0.041785
8651.47852 0.0442698
8653.82227 0.0466568
8656.16602 0.0494151
8658.50977 0.0528812
8660.85352 0.0568079
8663.19727 0.0605546
8665.54102 0.0642172
8667.88477 0.0684443
8670.22852 0.0728973
8672.57227 0.0776348
8674.91602 0.0826117
8677.25977 0.0875996
8679.60352 0.0931704
8681.94727 0.0993523
8684.29102 0.106085
8686.63477 0.113517
8688.97754 0.120847
8691.32129 0.128969
8693.66504 0.138496
8696.00879 0.148824
8698.35254 0.158914
8700.69629 0.170346
8703.04004 0.182554
8705.38379 0.195772
8707.72754 0.211151
8710.07129 0.227755
8712.41504 0.246512
8714.75879 0.267228
8717.10254 0.288213
8719.44629 0.309876
8721.79004 0.331987
8724.13379 0.355719
8726.47754 0.380125
8728.82129 0.403937
8731.16504 0.428332
8733.50781 0.452967
8735.85156 0.478222
8738.19531 0.502434
8740.53906 0.521537
8742.88281 0.541079
8745.22656 0.561918
8747.57031 0.583471
8749.91406 0.605894
8752.25781 0.629377
8754.60156 0.649622
8756.94531 0.670466
8759.28906 0.686832
8761.63281 0.699038
8763.97656 0.711686
8766.32031 0.725984
8768.66406 0.737361
8771.00781 0.750444
8773.35156 0.762752
8775.69531 0.770777
8778.03906 0.775622
8780.38184 0.778747
8782.72559 0.779123
8785.06934 0.780374
8787.41309 0.78291
8789.75684 0.782879
8792.10059 0.783106
8794.44434 0.782277
8796.78809 0.78086
8799.13184 0.779657
8801.47559 0.7794
8803.81934 0.777858
8806.16309 0.773825
8808.50684 0.771888
8810.85059 0.772029
8813.19434 0.773641
8815.53809 0.77643
8817.88184 0.777924
8820.22559 0.777473
8822.56934 0.777049
8824.91309 0.779499
8827.25586 0.780201
8829.59961 0.780021
8831.94336 0.780389
8834.28711 0.782504
8836.63086 0.784386
8838.97461 0.783725
8841.31836 0.786187
8843.66211 0.791805
8846.00586 0.798868
8848.34961 0.80641
8850.69336 0.813834
8853.03711 0.82023
8855.38086 0.823577
8857.72461 0.825162
8860.06836 0.828039
8862.41211 0.828575
8864.75586 0.829792
8867.09961 0.829969
8869.44336 0.82892
8871.78613 0.827863
8874.12988 0.829148
8876.47363 0.829369
8878.81738 0.82643
8881.16113 0.821144
8883.50488 0.816665
8885.84863 0.814093
8888.19238 0.815588
8890.53613 0.817783
8892.87988 0.819724
8895.22363 0.82288
8897.56738 0.824615
8899.91113 0.826261
8902.25488 0.826006
8904.59863 0.829832
8906.94238 0.835008
8909.28613 0.8389
8911.62988 0.843968
8913.97363 0.845519
8916.31738 0.84725
8918.66016 0.846202
8921.00391 0.84435
8923.34766 0.845114
8925.69141 0.843789
8928.03516 0.841815
8930.37891 0.839489
8932.72266 0.837317
8935.06641 0.834193
8937.41016 0.829996
8939.75391 0.825898
8942.09766 0.820947
8944.44141 0.814561
8946.78516 0.808858
8949.12891 0.802393
8951.47266 0.796629
8953.81641 0.792146
8956.16016 0.788463
8958.50391 0.784265
8960.84766 0.779311
8963.19043 0.772725
8965.53418 0.762364
8967.87793 0.753238
8970.22168 0.74257
8972.56543 0.728476
8974.90918 0.713874
8977.25293 0.700161
8979.59668 0.685708
8981.94043 0.668245
8984.28418 0.65089
8986.62793 0.628714
8988.97168 0.607061
8991.31543 0.581415
8993.65918 0.559322
8996.00293 0.538714
8998.34668 0.514813
9000.69043 0.488819
9003.03418 0.466335
9005.37793 0.445878
9007.72168 0.423687
9010.06445 0.402164
9012.40820 0.381008
9014.75195 0.361297
9017.09570 0.340168
9019.43945 0.320741
9021.78320 0.303557
9024.12695 0.286133
9026.47070 0.269729
9028.81445 0.25444
9031.15820 0.239541
9033.50195 0.225078
9035.84570 0.21233
9038.18945 0.199864
9040.53320 0.187958
9042.87695 0.176547
9045.22070 0.165767
9047.56445 0.155906
9049.90820 0.147234
9052.25195 0.138231
9054.59473 0.12944
9056.93848 0.121922
9059.28223 0.115409
9061.62598 0.109415
9063.96973 0.104087
9066.31348 0.0989577
9068.65723 0.0940069
9071.00098 0.088895
9073.34473 0.0841885
9075.68848 0.0803389
9078.03223 0.0765635
9080.37598 0.0728643
9082.71973 0.0690931
9085.06348 0.0655142
9087.40723 0.0617305
9089.75098 0.0590747
9092.09473 0.0566771
9094.43848 0.0537962
9096.78223 0.0512851
9099.12598 0.0492583
9101.46875 0.0469572
9103.81250 0.0449136
9106.15625 0.0428213
9108.50000 0.041041
9110.84375 0.0386384
9113.18750 0.0367057
9115.53125 0.0350956
9117.87500 0.0338908
9120.21875 0.0330829
9122.56250 0.0319622
9124.90625 0.0312392
9127.25000 0.0303866
9129.59375 0.0298525
9131.93750 0.0289607
9134.28125 0.0281642
9136.62500 0.0271005
9138.96875 0.0265423
9141.31250 0.0254301
9143.65625 0.0248818
9145.99902 0.0240343
9148.34277 0.0231025
9150.68652 0.0221078
9153.03027 0.0215402
9155.37402 0.0207109
9157.71777 0.0195131
9160.06152 0.0188397
9162.40527 0.0183039
9164.74902 0.0178885
9167.09277 0.0176148
9169.43652 0.0175261
9171.78027 0.0170728
9174.12402 0.0169255
9176.46777 0.0167145
9178.81152 0.0165041
9181.15527 0.0165808
9183.49902 0.0164815
9185.84277 0.0161865
9188.18652 0.0161212
9190.53027 0.0159506
9192.87305 0.0155989
9195.21680 0.0149836
9197.56055 0.0140227
9199.90430 0.0132529
10119.89453 0.0
