threeML/data/optical_filters/LICK/LICK-f_4043_60.ecsv
# %ECSV 0.9
# ---
# datatype:
# - {name: wavelength, unit: Angstrom, datatype: float32}
# - {name: response, datatype: float32}
# meta: !!omap
# - {band_name: f_4043_60}
# - {group_name: LICK}
wavelength response
3555.16528 0.0
3950.18359 0.00170111
3952.49438 0.0014761
3954.80542 0.00191379
3957.11646 0.00256929
3959.42749 0.00225184
3961.73853 0.00199073
3964.04956 0.00281084
3966.36035 0.00330027
3968.67139 0.00228659
3970.98242 0.000250721
3973.29346 0.00121432
3975.60449 0.00406216
3977.91528 0.00419348
3980.22632 0.00370479
3982.53735 0.00377462
3984.84839 0.00488739
3987.15942 0.00667372
3989.47046 0.00618713
3991.78149 0.00641365
3994.09229 0.00715902
3996.40332 0.00858597
3998.71436 0.0119708
4001.02539 0.0144162
4003.33618 0.0166635
4005.64722 0.0217711
4007.95825 0.0267834
4010.26929 0.0368538
4012.58032 0.0463932
4014.89136 0.0619477
4017.20239 0.0804979
4019.51318 0.103616
4021.82422 0.130898
4024.13525 0.162629
4026.44629 0.195168
4028.75708 0.228533
4031.06812 0.257864
4033.37915 0.281123
4035.69019 0.307201
4038.00122 0.322569
4040.31226 0.335957
4042.62329 0.349912
4044.93408 0.358779
4047.24512 0.36551
4049.55615 0.377674
4051.86719 0.383829
4054.17798 0.390383
4056.48901 0.391986
4058.80005 0.39285
4061.11108 0.38782
4063.42212 0.37923
4065.73315 0.371203
4068.04419 0.362005
4070.35498 0.351169
4072.66602 0.339004
4074.97705 0.331041
4077.28809 0.31838
4079.59912 0.302182
4081.91016 0.284364
4084.22095 0.26324
4086.53198 0.24159
4088.84302 0.216281
4091.15405 0.19095
4093.46509 0.164784
4095.77588 0.140713
4098.08691 0.117813
4100.39795 0.0983604
4102.70898 0.08189
4105.02002 0.0675234
4107.33105 0.0556443
4109.64209 0.0460899
4111.95312 0.0368717
4114.26367 0.0290935
4116.57471 0.0242018
4118.88574 0.020282
4121.19678 0.0170359
4123.50781 0.0143367
4125.81885 0.0118592
4128.12988 0.0105757
4130.44092 0.009132
4132.75195 0.00789445
4135.06299 0.00683827
4137.37402 0.00519584
4139.68506 0.00534935
4141.99609 0.00444267
4144.30664 0.00416841
4146.61768 0.00375079
4148.92871 0.00355673
4151.23975 0.00307088
4153.55078 0.00317935
4155.86182 0.00285025
4158.17285 0.00225269
4160.48389 0.00172247
4162.79492 0.00226739
4165.10596 0.00203179
4167.41699 0.0013914
4169.72803 0.00136203
4172.03857 0.00123396
4174.34961 0.00132257
4176.66064 0.00083514
4178.97168 0.00085016
4181.28271 0.000641414
4183.59375 0.000514284
4185.90479 0.00112244
4188.21582 0.0010957
4190.52686 0.00107043
4192.83789 0.000877731
4195.14893 0.00144276
4197.45947 0.0009795
4199.77051 0.000799846
4619.74756 0.0
