threeML/data/optical_filters/LICK/LICK-f_5199_60.ecsv
# %ECSV 0.9
# ---
# datatype:
# - {name: wavelength, unit: Angstrom, datatype: float32}
# - {name: response, datatype: float32}
# meta: !!omap
# - {band_name: f_5199_60}
# - {group_name: LICK}
wavelength response
4546.83350 0.0
5052.03711 0.00180445
5054.34570 0.0017087
5056.65430 0.00170987
5058.96289 0.00184999
5061.27148 0.00189014
5063.58008 0.00189945
5065.88867 0.001639
5068.19727 0.00185953
5070.50586 0.00191744
5072.81445 0.00205461
5075.12305 0.00197002
5077.43164 0.00191297
5079.74023 0.00193312
5082.04883 0.00195203
5084.35742 0.00224091
5086.66602 0.00231267
5088.97461 0.00224896
5091.28320 0.00221858
5093.59180 0.00226298
5095.90039 0.00253912
5098.20898 0.00245469
5100.51758 0.00281267
5102.82617 0.00291989
5105.13477 0.00263574
5107.44336 0.00319952
5109.75195 0.00325546
5112.06055 0.00337954
5114.36914 0.00359791
5116.67773 0.0039856
5118.98633 0.00413707
5121.29492 0.00463355
5123.60352 0.00506651
5125.91211 0.00555548
5128.22070 0.00608618
5130.52930 0.00665113
5132.83789 0.00773214
5135.14648 0.00852653
5137.45508 0.00980079
5139.76367 0.0114647
5142.07227 0.0130582
5144.38086 0.0154214
5146.68945 0.0182133
5148.99805 0.0219399
5151.30664 0.0264866
5153.61523 0.0322089
5155.92383 0.0397087
5158.23242 0.049298
5160.54102 0.0621627
5162.84961 0.078575
5165.15820 0.100084
5167.46680 0.128106
5169.77539 0.164226
5172.08398 0.208826
5174.39258 0.262895
5176.70117 0.325773
5179.00977 0.392592
5181.31836 0.461476
5183.62695 0.525498
5185.93555 0.576549
5188.24414 0.61545
5190.55273 0.643876
5192.86133 0.660146
5195.16992 0.670283
5197.47852 0.67424
5199.78711 0.676126
5202.09570 0.676016
5204.40430 0.676037
5206.71289 0.680209
5209.02148 0.676666
5211.33008 0.675291
5213.63818 0.67247
5215.94678 0.668764
5218.25537 0.666154
5220.56396 0.663145
5222.87256 0.660185
5225.18164 0.656569
5227.49023 0.654752
5229.79883 0.651978
5232.10742 0.652938
5234.41602 0.655819
5236.72461 0.657224
5239.03320 0.660139
5241.34131 0.656113
5243.64990 0.646452
5245.95850 0.626309
5248.26709 0.592603
5250.57568 0.543488
5252.88428 0.482632
5255.19287 0.412177
5257.50146 0.341839
5259.81006 0.277363
5262.11914 0.220802
5264.42773 0.174224
5266.73633 0.138263
5269.04443 0.108661
5271.35303 0.0864401
5273.66162 0.0691858
5275.97021 0.0559212
5278.27881 0.0454552
5280.58740 0.037301
5282.89600 0.0314749
5285.20459 0.0263975
5287.51318 0.0223437
5289.82178 0.0192585
5292.13037 0.0165793
5294.43896 0.0144425
5296.74756 0.0128042
5299.05615 0.0113868
5301.36475 0.00997265
5303.67334 0.00900395
5305.98193 0.00822903
5308.29053 0.00719914
5310.59912 0.00670962
5312.90771 0.00624642
5315.21631 0.00574876
5317.52490 0.00531407
5319.83350 0.00478576
5322.14209 0.00449423
5324.45068 0.00417147
5326.75928 0.00393654
5329.06787 0.00369693
5331.37646 0.00354747
5333.68506 0.00330236
5335.99365 0.00294434
5338.30225 0.00281853
5340.61084 0.00279161
5342.91943 0.00249579
5345.22803 0.00251322
5347.53662 0.0023466
5349.84521 0.00213942
5884.82959 0.0
