threeML/data/optical_filters/LICK/LICK-f_4578_60.ecsv
# %ECSV 0.9
# ---
# datatype:
# - {name: wavelength, unit: Angstrom, datatype: float32}
# - {name: response, datatype: float32}
# meta: !!omap
# - {band_name: f_4578_60}
# - {group_name: LICK}
wavelength response
4006.02222 0.0
4451.13574 0.00192841
4452.30859 0.00190012
4453.48145 0.00191538
4454.65430 0.00198581
4455.82715 0.00191703
4457.00000 0.00182618
4458.17285 0.00193392
4459.34570 0.00199902
4460.51807 0.00204082
4461.69092 0.00220728
4462.86377 0.00222726
4464.03662 0.00214234
4465.20947 0.00219827
4466.38232 0.00227965
4467.55518 0.00224898
4468.72803 0.00208226
4469.90088 0.00222778
4471.07373 0.00235431
4472.24609 0.00236792
4473.41895 0.00229499
4474.59180 0.00236584
4475.76465 0.00238096
4476.93750 0.00238633
4478.11035 0.0025639
4479.28320 0.00251856
4480.45605 0.00261021
4481.62891 0.00258132
4482.80176 0.00276078
4483.97461 0.00276168
4485.14697 0.00260271
4486.31982 0.00282623
4487.49268 0.00261387
4488.66553 0.00276462
4489.83838 0.00291111
4491.01123 0.00285928
4492.18408 0.00293004
4493.35693 0.00314045
4494.52979 0.00330016
4495.70264 0.003028
4496.87500 0.00328639
4498.04785 0.00335453
4499.22070 0.00350893
4500.39355 0.00356119
4501.56641 0.00348161
4502.73926 0.00384771
4503.91211 0.00380142
4505.08496 0.00410093
4506.25781 0.00422287
4507.43066 0.00419241
4508.60352 0.00431227
4509.77588 0.00454035
4510.94873 0.00476246
4512.12158 0.00515518
4513.29443 0.00543715
4514.46729 0.00568569
4515.64014 0.00613503
4516.81299 0.00653185
4517.98584 0.00690292
4519.15869 0.00728457
4520.33154 0.00783928
4521.50391 0.00854816
4522.67676 0.00915489
4523.84961 0.0101946
4525.02246 0.0111763
4526.19531 0.0122819
4527.36816 0.0134954
4528.54102 0.0152207
4529.71387 0.0170895
4530.88672 0.0190458
4532.05957 0.0215605
4533.23242 0.0247195
4534.40479 0.0280943
4535.57764 0.0322039
4536.75049 0.0370708
4537.92334 0.0429974
4539.09619 0.0502199
4540.26904 0.0587163
4541.44189 0.0691793
4542.61475 0.0817618
4543.78760 0.0966769
4544.95996 0.115197
4546.13281 0.137399
4547.30566 0.164078
4548.47852 0.195194
4549.65137 0.231957
4550.82422 0.273834
4551.99707 0.31941
4553.16992 0.370602
4554.34277 0.422801
4555.51562 0.475344
4556.68848 0.527086
4557.86133 0.573969
4559.03369 0.61235
4560.20654 0.644161
4561.37939 0.670875
4562.55225 0.690699
4563.72510 0.701028
4564.89795 0.71234
4566.07080 0.718072
4567.24365 0.720241
4568.41650 0.723058
4569.58887 0.72398
4570.76172 0.723051
4571.93457 0.723909
4573.10742 0.725929
4574.28027 0.726492
4575.45312 0.724684
4576.62598 0.723797
4577.79883 0.723565
4578.97168 0.72458
4580.14453 0.721137
4581.31738 0.718852
4582.49023 0.717786
4583.66260 0.714182
4584.83545 0.711405
4586.00830 0.708059
4587.18115 0.704331
4588.35400 0.699755
4589.52686 0.697753
4590.69971 0.695059
4591.87256 0.691591
4593.04541 0.68831
4594.21777 0.686631
4595.39062 0.682245
4596.56348 0.679672
4597.73633 0.67498
4598.90918 0.668166
4600.08203 0.658499
4601.25488 0.641411
4602.42773 0.623137
4603.60059 0.598236
4604.77344 0.566784
4605.94629 0.529942
4607.11914 0.488152
4608.29150 0.444069
4609.46436 0.397143
4610.63721 0.351171
4611.81006 0.307882
4612.98291 0.266957
4614.15576 0.229729
4615.32861 0.19739
4616.50146 0.168083
4617.67432 0.143348
4618.84668 0.122721
4620.01953 0.104671
4621.19238 0.0899606
4622.36523 0.0773519
4623.53809 0.066747
4624.71094 0.0579033
4625.88379 0.0504962
4627.05664 0.0439743
4628.22949 0.0384514
4629.40234 0.0341155
4630.57520 0.0299795
4631.74756 0.0265937
4632.92041 0.0239698
4634.09326 0.0215514
4635.26611 0.0192932
4636.43896 0.0173185
4637.61182 0.0158293
4638.78467 0.0142039
4639.95752 0.0130299
4641.13037 0.0118349
4642.30322 0.0108129
4643.47559 0.0101956
4644.64844 0.00932436
4645.82129 0.00871322
4646.99414 0.00797449
4648.16699 0.0074217
4649.33984 0.00697412
4650.51270 0.0064403
4651.68555 0.00611153
4652.85840 0.00577498
4654.03125 0.00538193
4655.20410 0.00509904
4656.37646 0.00483141
4657.54932 0.0045403
4658.72217 0.00441994
4659.89502 0.00410844
4661.06787 0.00407031
4662.24072 0.00376976
4663.41357 0.00363364
4664.58643 0.0034871
4665.75928 0.00339504
4666.93213 0.00320771
4668.10449 0.00306261
4669.27734 0.00289626
4670.45020 0.00287597
4671.62305 0.00276271
4672.79590 0.00267308
4673.96875 0.00247849
4675.14160 0.00248595
4676.31445 0.00244196
4677.48730 0.00235893
4678.66016 0.00233822
4679.83301 0.00230941
4681.00537 0.00227608
4682.17822 0.00208816
4683.35107 0.00210013
4684.52393 0.00202868
4685.69678 0.00208165
4686.86963 0.00186225
4688.04248 0.00184988
4689.21533 0.00188512
4690.38818 0.00171862
4691.56104 0.00175033
4692.73340 0.00176956
4693.90625 0.00168756
4695.07910 0.00175316
4696.25195 0.00159871
4697.42480 0.00150693
4698.59766 0.00155458
4699.77051 0.0014987
5169.74756 0.0
