threeML/data/optical_filters/LICK/LICK-f_4875_60.ecsv
# %ECSV 0.9
# ---
# datatype:
# - {name: wavelength, unit: Angstrom, datatype: float32}
# - {name: response, datatype: float32}
# meta: !!omap
# - {band_name: f_4875_60}
# - {group_name: LICK}
wavelength response
4276.72803 0.0
4751.91992 0.001952
4754.22852 0.00216507
4756.53711 0.00191337
4758.84570 0.00196643
4761.15430 0.00213783
4763.46289 0.00217764
4765.77148 0.00254704
4768.08008 0.00190771
4770.38867 0.00190818
4772.69727 0.00252836
4775.00586 0.00244731
4777.31445 0.00252669
4779.62305 0.00273736
4781.93164 0.00278436
4784.24023 0.00290971
4786.54883 0.00308887
4788.85742 0.00353167
4791.16602 0.0037435
4793.47461 0.00359096
4795.78320 0.00421108
4798.09180 0.00471716
4800.40039 0.0051683
4802.70898 0.00599663
4805.01758 0.00636616
4807.32617 0.00743152
4809.63477 0.00871679
4811.94336 0.00960754
4814.25195 0.0114106
4816.56055 0.0136202
4818.86914 0.0163466
4821.17773 0.0204643
4823.48633 0.0255865
4825.79492 0.0327812
4828.10352 0.0428346
4830.41211 0.0555017
4832.72070 0.0743915
4835.02930 0.0999781
4837.33789 0.136161
4839.64648 0.184288
4841.95508 0.246002
4844.26367 0.318176
4846.57227 0.399199
4848.88086 0.473967
4851.18945 0.5425
4853.49805 0.586754
4855.80664 0.611519
4858.11523 0.62823
4860.42383 0.639403
4862.73242 0.643703
4865.04102 0.64645
4867.34961 0.654503
4869.65820 0.661958
4871.96680 0.664405
4874.27539 0.669281
4876.58398 0.667952
4878.89258 0.671519
4881.20117 0.671196
4883.50977 0.669432
4885.81836 0.67856
4888.12695 0.672443
4890.43555 0.668281
4892.74414 0.6769
4895.05273 0.674474
4897.36133 0.662028
4899.66992 0.646957
4901.97852 0.601265
4904.28711 0.532047
4906.59570 0.454558
4908.90430 0.366345
4911.21289 0.285627
4913.52148 0.21714
4915.83008 0.164409
4918.13867 0.12492
4920.44727 0.0937657
4922.75586 0.0711984
4925.06445 0.0552029
4927.37305 0.043481
4929.68164 0.0345622
4931.99023 0.0281555
4934.29883 0.0232104
4936.60742 0.0191335
4938.91602 0.0162875
4941.22461 0.0138597
4943.53320 0.0122024
4945.84180 0.0106028
4948.15039 0.00944429
4950.45898 0.00817899
4952.76758 0.00764145
4955.07617 0.00694775
4957.38477 0.00637472
4959.69336 0.00573901
4962.00195 0.00529191
4964.31055 0.00497279
4966.61914 0.00495081
4968.92773 0.00447335
4971.23633 0.0040334
4973.54492 0.00389225
4975.85352 0.00369025
4978.16211 0.00335506
4980.47070 0.00327121
4982.77930 0.00295132
4985.08789 0.00295941
4987.39648 0.00291943
4989.70508 0.00247705
4992.01367 0.00227884
4994.32227 0.0022065
4996.63086 0.00222291
4998.93945 0.0021227
5498.83350 0.0
