threeML/data/optical_filters/LICK/LICK-f_7883_86.ecsv
# %ECSV 0.9
# ---
# datatype:
# - {name: wavelength, unit: Angstrom, datatype: float32}
# - {name: response, datatype: float32}
# meta: !!omap
# - {band_name: f_7883_86}
# - {group_name: LICK}
wavelength response
6976.93164 0.0
7752.14600 0.00266777
7754.48096 0.00272731
7756.81543 0.00266719
7759.15039 0.00273235
7761.48486 0.00287084
7763.81934 0.00296272
7766.15430 0.00298804
7768.48877 0.00315098
7770.82373 0.00347344
7773.15820 0.00374597
7775.49316 0.00398768
7777.82764 0.00420609
7780.16260 0.00453585
7782.49707 0.00484751
7784.83154 0.00497924
7787.16650 0.00534792
7789.50098 0.00607025
7791.83594 0.00665745
7794.17041 0.00728059
7796.50537 0.00824932
7798.83984 0.00922676
7801.17480 0.0104017
7803.50928 0.0120959
7805.84375 0.0138517
7808.17871 0.0161468
7810.51318 0.0189818
7812.84814 0.0226472
7815.18262 0.0272583
7817.51758 0.0332862
7819.85205 0.0409516
7822.18701 0.0511386
7824.52148 0.064207
7826.85596 0.0816745
7829.19092 0.104424
7831.52539 0.133681
7833.86035 0.170851
7836.19482 0.216372
7838.52979 0.270493
7840.86426 0.329075
7843.19922 0.388629
7845.53369 0.444881
7847.86816 0.492395
7850.20312 0.526506
7852.53760 0.550063
7854.87256 0.563894
7857.20703 0.569168
7859.54199 0.569556
7861.87646 0.567703
7864.21094 0.565753
7866.54590 0.56347
7868.88037 0.562349
7871.21533 0.56304
7873.54980 0.563455
7875.88477 0.563969
7878.21924 0.563934
7880.55420 0.563889
7882.88867 0.56276
7885.22314 0.559838
7887.55811 0.557482
7889.89258 0.555595
7892.22754 0.552429
7894.56201 0.549431
7896.89697 0.546337
7899.23145 0.541057
7901.56641 0.535778
7903.90088 0.527346
7906.23535 0.513162
7908.57031 0.492354
7910.90479 0.463215
7913.23975 0.424516
7915.57422 0.378289
7917.90918 0.328374
7920.24365 0.277413
7922.57861 0.229588
7924.91309 0.186189
7927.24756 0.149514
7929.58252 0.120181
7931.91699 0.0963057
7934.25195 0.0776519
7936.58643 0.0628456
7938.92139 0.0512183
7941.25586 0.0425456
7943.59082 0.035075
7945.92529 0.029486
7948.25977 0.0253283
7950.59473 0.0217645
7952.92920 0.0187251
7955.26416 0.0164863
7957.59863 0.0145037
7959.93359 0.0129965
7962.26807 0.011565
7964.60303 0.0106118
7966.93750 0.00960227
7969.27197 0.00894979
7971.60693 0.00841504
7973.94141 0.00771434
7976.27637 0.00723674
7978.61084 0.00690538
7980.94580 0.00643857
7983.28027 0.00578602
7985.61475 0.00536622
7987.94971 0.00503817
7990.28418 0.00479787
7992.61914 0.00464608
7994.95361 0.00441233
7997.28857 0.0042453
7999.62305 0.00407576
8799.58496 0.0
