threeML/data/optical_filters/LICK/LICK-f_4838_32.ecsv
# %ECSV 0.9
# ---
# datatype:
# - {name: wavelength, unit: Angstrom, datatype: float32}
# - {name: response, datatype: float32}
# meta: !!omap
# - {band_name: f_4838_32}
# - {group_name: LICK}
wavelength response
4275.18115 0.0
4750.20117 0.00221483
4751.37402 0.00219418
4752.54688 0.00218284
4753.71973 0.00230806
4754.89209 0.00231364
4756.06494 0.00222701
4757.23779 0.00233967
4758.41064 0.00250866
4759.58350 0.00250328
4760.75635 0.00255965
4761.92920 0.00268287
4763.10205 0.00270427
4764.27490 0.00281332
4765.44727 0.00287797
4766.62012 0.00302682
4767.79297 0.00310423
4768.96582 0.00315973
4770.13867 0.00346131
4771.31152 0.0034318
4772.48438 0.00355895
4773.65723 0.00381666
4774.83008 0.00408619
4776.00293 0.00422782
4777.17529 0.00443633
4778.34863 0.00459297
4779.52100 0.00477701
4780.69385 0.00504149
4781.86670 0.00545687
4783.03955 0.00567316
4784.21240 0.00598484
4785.38525 0.00645224
4786.55811 0.00685321
4787.73096 0.00730043
4788.90381 0.00777886
4790.07617 0.00841308
4791.24902 0.00891448
4792.42188 0.00964576
4793.59473 0.0104941
4794.76758 0.011266
4795.94043 0.0122737
4797.11328 0.013422
4798.28613 0.0144878
4799.45898 0.0158912
4800.63184 0.0175167
4801.80420 0.0191674
4802.97754 0.0214005
4804.14990 0.0237526
4805.32275 0.02643
4806.49561 0.0295239
4807.66846 0.0329191
4808.84131 0.0370873
4810.01416 0.0416949
4811.18701 0.0474205
4812.35986 0.053991
4813.53271 0.0616449
4814.70508 0.0704234
4815.87793 0.0806646
4817.05078 0.0924341
4818.22363 0.106668
4819.39648 0.12341
4820.56934 0.142206
4821.74219 0.163303
4822.91504 0.187925
4824.08789 0.215191
4825.26074 0.244818
4826.43311 0.277292
4827.60596 0.311406
4828.77881 0.345702
4829.95166 0.380597
4831.12451 0.415122
4832.29736 0.44557
4833.47021 0.472069
4834.64307 0.494686
4835.81592 0.512674
4836.98877 0.524899
4838.16162 0.530863
4839.33398 0.531428
4840.50684 0.529194
4841.67969 0.522827
4842.85254 0.515313
4844.02539 0.505495
4845.19824 0.495936
4846.37109 0.485239
4847.54395 0.473537
4848.71680 0.462926
4849.88916 0.452059
4851.06201 0.439773
4852.23486 0.426807
4853.40771 0.41274
4854.58057 0.396827
4855.75342 0.380923
4856.92627 0.365214
4858.09912 0.348818
4859.27197 0.332686
4860.44482 0.31633
4861.61768 0.300594
4862.79053 0.283902
4863.96289 0.266562
4865.13574 0.249606
4866.30859 0.232918
4867.48145 0.216057
4868.65430 0.201115
4869.82715 0.185559
4871.00000 0.171245
4872.17285 0.158061
4873.34570 0.145453
4874.51807 0.133702
4875.69092 0.122217
4876.86377 0.112097
4878.03662 0.102021
4879.20947 0.0930708
4880.38232 0.0850686
4881.55518 0.0777182
4882.72803 0.0708313
4883.90088 0.0648394
4885.07373 0.059595
4886.24658 0.0545694
4887.41943 0.049592
4888.59180 0.0454159
4889.76465 0.0416437
4890.93750 0.038114
4892.11035 0.0347577
4893.28320 0.0318573
4894.45605 0.0291849
4895.62891 0.0268662
4896.80176 0.0247546
4897.97461 0.0227619
4899.14697 0.0209681
4900.31982 0.0194562
4901.49268 0.0179187
4902.66553 0.0164754
4903.83838 0.0153424
4905.01123 0.0142791
4906.18408 0.0131339
4907.35693 0.0122392
4908.52979 0.0114211
4909.70264 0.0105115
4910.87549 0.00989102
4912.04834 0.00930609
4913.22070 0.00870565
4914.39355 0.00824372
4915.56641 0.00773911
4916.73926 0.00723901
4917.91211 0.0068117
4919.08496 0.00645077
4920.25781 0.00606513
4921.43066 0.00575487
4922.60352 0.0054073
4923.77588 0.0051095
4924.94873 0.00480949
4926.12158 0.00464727
4927.29443 0.0044989
4928.46729 0.00427889
4929.64014 0.00398923
4930.81299 0.00377331
4931.98584 0.00366371
4933.15869 0.00342665
4934.33154 0.00335177
4935.50439 0.00317831
4936.67676 0.0029944
4937.84961 0.00291099
4939.02246 0.00275574
4940.19531 0.00267305
4941.36816 0.00260038
4942.54102 0.00245743
4943.71387 0.00239691
4944.88672 0.002276
4946.05957 0.00215601
4947.23242 0.00207858
4948.40479 0.00201252
4949.57764 0.00195899
4950.75049 0.00183373
4951.92334 0.00172207
4953.09619 0.00173713
4954.26904 0.00168998
4955.44189 0.00159284
4956.61475 0.00154598
4957.78760 0.00150905
4958.96045 0.00150719
4960.13330 0.00140293
4961.30566 0.0013318
4962.47852 0.00132941
4963.65137 0.00128879
4964.82422 0.00118864
4965.99707 0.00123052
4967.16992 0.00115967
4968.34277 0.00111762
4969.51562 0.00115552
4970.68848 0.00106903
4971.86133 0.00109725
4973.03369 0.00106587
4974.20654 0.0010078
4975.37939 0.000980424
4976.55225 0.000964373
4977.72510 0.000914175
4978.89795 0.000969124
4980.07080 0.000935911
4981.24365 0.000899481
4982.41650 0.000865422
4983.58936 0.00085503
4984.76221 0.000752381
4985.93457 0.000855234
4987.10742 0.000838985
4988.28027 0.000764868
4989.45312 0.000762937
4990.62598 0.000787471
4991.79883 0.000773932
4992.97168 0.000808534
4994.14453 0.00071714
4995.31738 0.000726835
4996.49023 0.000734002
4997.66260 0.000716605
4998.83545 0.000674578
5498.71875 0.0
