threeML/data/optical_filters/LICK/LICK-f_4985_80.ecsv
# %ECSV 0.9
# ---
# datatype:
# - {name: wavelength, unit: Angstrom, datatype: float32}
# - {name: response, datatype: float32}
# meta: !!omap
# - {band_name: f_4985_80}
# - {group_name: LICK}
wavelength response
4366.07031 0.0
4851.18945 0.00292253
4853.49805 0.00316208
4855.80664 0.00305055
4858.11523 0.00302778
4860.42383 0.00318972
4862.73242 0.00330068
4865.04102 0.00370773
4867.34961 0.00354701
4869.65820 0.00366999
4871.96680 0.00372249
4874.27539 0.00419192
4876.58398 0.0042356
4878.89258 0.00451436
4881.20117 0.00476571
4883.50977 0.00518272
4885.81836 0.00577834
4888.12695 0.00610068
4890.43555 0.00676619
4892.74414 0.00717271
4895.05273 0.00774765
4897.36133 0.00889693
4899.66992 0.0103821
4901.97852 0.0114893
4904.28711 0.0132343
4906.59570 0.0150882
4908.90430 0.0177537
4911.21289 0.02045
4913.52148 0.023802
4915.83008 0.0284918
4918.13867 0.0351171
4920.44727 0.0428879
4922.75586 0.0518412
4925.06445 0.0652652
4927.37305 0.0827332
4929.68164 0.104108
4931.99023 0.132787
4934.29883 0.169315
4936.60742 0.216562
4938.91602 0.275782
4941.22461 0.341412
4943.53320 0.414838
4945.84180 0.490909
4948.15039 0.554878
4950.45898 0.601968
4952.76758 0.647225
4955.07617 0.665766
4957.38477 0.675318
4959.69336 0.676847
4962.00195 0.67107
4964.31055 0.665143
4966.61914 0.660052
4968.92773 0.661805
4971.23633 0.662187
4973.54492 0.668031
4975.85352 0.676243
4978.16211 0.684126
4980.47070 0.690963
4982.77930 0.688326
4985.08789 0.699279
4987.39648 0.704687
4989.70508 0.703208
4992.01367 0.713209
4994.32227 0.70902
4996.63086 0.699076
4998.93945 0.709495
5001.24805 0.705818
5003.55664 0.700636
5005.86523 0.694569
5008.17383 0.690439
5010.48242 0.688055
5012.79102 0.685118
5015.09961 0.67924
5017.40820 0.671551
5019.71680 0.653869
5022.02539 0.638393
5024.33398 0.608814
5026.64258 0.571794
5028.95117 0.533039
5031.25977 0.481252
5033.56836 0.418081
5035.87695 0.360533
5038.18555 0.307125
5040.49414 0.258358
5042.80273 0.212558
5045.11133 0.171938
5047.41992 0.142574
5049.72852 0.117343
5052.03711 0.0955088
5054.34570 0.0788731
5056.65430 0.0659701
5058.96289 0.0551632
5061.27148 0.046282
5063.58008 0.039092
5065.88867 0.0333321
5068.19727 0.0288192
5070.50586 0.0248299
5072.81445 0.0221531
5075.12305 0.0197006
5077.43164 0.0167603
5079.74023 0.0150249
5082.04883 0.0135832
5084.35742 0.0119757
5086.66602 0.0110569
5088.97461 0.0102646
5091.28320 0.00934212
5093.59180 0.00865844
5095.90039 0.00796825
5098.20898 0.00741878
5100.51758 0.00680971
5102.82617 0.00619102
5105.13477 0.00596929
5107.44336 0.00554916
5109.75195 0.00528535
5112.06055 0.00493634
5114.36914 0.00448711
5116.67773 0.00429849
5118.98633 0.00387705
5121.29492 0.00366869
5123.60352 0.00333721
5125.91211 0.0033537
5128.22070 0.00314037
5130.52930 0.0028925
5132.83789 0.00270492
5135.14648 0.00277736
5137.45508 0.00269727
5139.76367 0.0025663
5142.07227 0.00263109
5144.38086 0.0023397
5146.68945 0.00218255
5148.99805 0.00210668
5663.89795 0.0
