threeML/data/optical_filters/LICK/LICK-f_5103_59.ecsv
# %ECSV 0.9
# ---
# datatype:
# - {name: wavelength, unit: Angstrom, datatype: float32}
# - {name: response, datatype: float32}
# meta: !!omap
# - {band_name: f_5103_59}
# - {group_name: LICK}
wavelength response
4501.12305 0.0
5001.24805 0.00181393
5003.55664 0.00182971
5005.86523 0.00184729
5008.17383 0.00198253
5010.48242 0.00209896
5012.79102 0.00215989
5015.09961 0.00220071
5017.40820 0.00227977
5019.71680 0.00236327
5022.02539 0.00247415
5024.33398 0.00249868
5026.64258 0.00283721
5028.95117 0.00292826
5031.25977 0.00318273
5033.56836 0.00353043
5035.87695 0.00379406
5038.18555 0.00420725
5040.49414 0.00500463
5042.80273 0.00555767
5045.11133 0.0060954
5047.41992 0.00723477
5049.72852 0.00860253
5052.03711 0.0102633
5054.34570 0.0125342
5056.65430 0.0159191
5058.96289 0.0201713
5061.27148 0.0263239
5063.58008 0.0348669
5065.88867 0.0474715
5068.19727 0.0659914
5070.50586 0.0929595
5072.81445 0.134207
5075.12305 0.19263
5077.43164 0.267892
5079.74023 0.364749
5082.04883 0.467684
5084.35742 0.557505
5086.66602 0.623441
5088.97461 0.663107
5091.28320 0.685251
5093.59180 0.688112
5095.90039 0.689799
5098.20898 0.685524
5100.51758 0.686183
5102.82617 0.687473
5105.13477 0.680505
5107.44336 0.680181
5109.75195 0.673977
5112.06055 0.670065
5114.36914 0.672378
5116.67773 0.668749
5118.98633 0.666262
5121.29492 0.663294
5123.60352 0.657548
5125.91211 0.632568
5128.22070 0.588901
5130.52930 0.523532
5132.83789 0.445275
5135.14648 0.357569
5137.45508 0.277081
5139.76367 0.20837
5142.07227 0.154763
5144.38086 0.114625
5146.68945 0.0850697
5148.99805 0.0641066
5151.30664 0.0486763
5153.61523 0.0378347
5155.92383 0.0300857
5158.23242 0.0240502
5160.54102 0.0195429
5162.84961 0.0163321
5165.15820 0.0137511
5167.46680 0.0117938
5169.77539 0.0104666
5172.08398 0.00918512
5174.39258 0.00816565
5176.70117 0.00741194
5179.00977 0.00674992
5181.31836 0.0060236
5183.62695 0.00565649
5185.93555 0.00540761
5188.24414 0.00476666
5190.55273 0.00463776
5192.86133 0.00420831
5195.16992 0.00368302
5197.47852 0.00363481
5199.78711 0.00343438
5202.09570 0.00312188
5204.40430 0.00296294
5206.71289 0.00265392
5209.02148 0.00283682
5211.33008 0.00257124
5213.63818 0.00239538
5215.94678 0.00237675
5218.25537 0.00213057
5220.56396 0.00204065
5222.87256 0.00198766
5225.18164 0.00172841
5227.49023 0.00159044
5229.79883 0.00162614
5232.10742 0.0015944
5234.41602 0.00159543
5236.72461 0.00137994
5239.03320 0.00140819
5241.34131 0.00140325
5243.64990 0.00135532
5245.95850 0.00124457
5248.26709 0.00126385
5773.09375 0.0
