threeML/data/optical_filters/LICK/LICK-f_4644_60.ecsv
# %ECSV 0.9
# ---
# datatype:
# - {name: wavelength, unit: Angstrom, datatype: float32}
# - {name: response, datatype: float32}
# meta: !!omap
# - {band_name: f_4644_60}
# - {group_name: LICK}
wavelength response
4050.35425 0.0
4500.39355 0.00208093
4501.56641 0.00202176
4502.73926 0.00182617
4503.91211 0.00206199
4505.08496 0.00206171
4506.25781 0.00205134
4507.43066 0.00198685
4508.60352 0.00202981
4509.77588 0.00193196
4510.94873 0.00188822
4512.12158 0.00218708
4513.29443 0.00208791
4514.46729 0.00222062
4515.64014 0.00230019
4516.81299 0.0022921
4517.98584 0.00219171
4519.15869 0.00210827
4520.33154 0.00213962
4521.50391 0.00217029
4522.67676 0.00206109
4523.84961 0.0022805
4525.02246 0.00231621
4526.19531 0.00231562
4527.36816 0.0022463
4528.54102 0.0022799
4529.71387 0.0024474
4530.88672 0.00238974
4532.05957 0.00240561
4533.23242 0.00242806
4534.40479 0.00243615
4535.57764 0.00248411
4536.75049 0.00242489
4537.92334 0.00247107
4539.09619 0.00244742
4540.26904 0.0025192
4541.44189 0.00270785
4542.61475 0.00252425
4543.78760 0.00259784
4544.95996 0.0027008
4546.13281 0.00264813
4547.30566 0.00287504
4548.47852 0.00280767
4549.65137 0.00287126
4550.82422 0.00299312
4551.99707 0.00281317
4553.16992 0.00292075
4554.34277 0.00303504
4555.51562 0.00318572
4556.68848 0.00310401
4557.86133 0.00334802
4559.03369 0.00327169
4560.20654 0.0034061
4561.37939 0.00340879
4562.55225 0.00366754
4563.72510 0.00378082
4564.89795 0.0038308
4566.07080 0.00385225
4567.24365 0.00418186
4568.41650 0.00399393
4569.58887 0.00428425
4570.76172 0.00459961
4571.93457 0.00475711
4573.10742 0.00494801
4574.28027 0.00495853
4575.45312 0.00540916
4576.62598 0.00578391
4577.79883 0.00615614
4578.97168 0.00660358
4580.14453 0.00701864
4581.31738 0.00769081
4582.49023 0.00823106
4583.66260 0.00874233
4584.83545 0.00987279
4586.00830 0.0106641
4587.18115 0.0117092
4588.35400 0.0129644
4589.52686 0.0145748
4590.69971 0.0161368
4591.87256 0.018381
4593.04541 0.020745
4594.21777 0.0236246
4595.39062 0.0267292
4596.56348 0.0308067
4597.73633 0.0355339
4598.90918 0.0412824
4600.08203 0.0476275
4601.25488 0.0559507
4602.42773 0.0656207
4603.60059 0.0769601
4604.77344 0.0910823
4605.94629 0.108388
4607.11914 0.129078
4608.29150 0.153433
4609.46436 0.18135
4610.63721 0.213905
4611.81006 0.250541
4612.98291 0.290934
4614.15576 0.335012
4615.32861 0.37844
4616.50146 0.423033
4617.67432 0.46522
4618.84668 0.503112
4620.01953 0.538319
4621.19238 0.566039
4622.36523 0.587005
4623.53809 0.603942
4624.71094 0.616319
4625.88379 0.624754
4627.05664 0.630708
4628.22949 0.635605
4629.40234 0.639824
4630.57520 0.642972
4631.74756 0.645637
4632.92041 0.648056
4634.09326 0.651366
4635.26611 0.654405
4636.43896 0.657008
4637.61182 0.658863
4638.78467 0.662632
4639.95752 0.664403
4641.13037 0.666771
4642.30322 0.668574
4643.47559 0.669564
4644.64844 0.670393
4645.82129 0.670895
4646.99414 0.670927
4648.16699 0.669323
4649.33984 0.670371
4650.51270 0.670744
4651.68555 0.670422
4652.85840 0.673372
4654.03125 0.673576
4655.20410 0.67557
4656.37646 0.676689
4657.54932 0.678172
4658.72217 0.680575
4659.89502 0.680137
4661.06787 0.679783
4662.24072 0.673838
4663.41357 0.666409
4664.58643 0.65207
4665.75928 0.629817
4666.93213 0.601783
4668.10449 0.566876
4669.27734 0.523635
4670.45020 0.478171
4671.62305 0.428483
4672.79590 0.37827
4673.96875 0.330562
4675.14160 0.285576
4676.31445 0.245251
4677.48730 0.208857
4678.66016 0.17786
4679.83301 0.15109
4681.00537 0.128961
4682.17822 0.109926
4683.35107 0.0939736
4684.52393 0.0807342
4685.69678 0.0695986
4686.86963 0.060113
4688.04248 0.0522298
4689.21533 0.0457566
4690.38818 0.0400132
4691.56104 0.0352962
4692.73340 0.0310687
4693.90625 0.0274557
4695.07910 0.0246425
4696.25195 0.0219192
4697.42480 0.0196253
4698.59766 0.0177894
4699.77051 0.0161379
4700.94336 0.0147275
4702.11621 0.0133813
4703.28906 0.0122231
4704.46191 0.0112992
4705.63428 0.0103793
4706.80713 0.00957981
4707.97998 0.00898012
4709.15283 0.00824558
4710.32568 0.00779559
4711.49854 0.0073348
4712.67139 0.00664403
4713.84424 0.00633047
4715.01709 0.0059634
4716.18994 0.00563971
4717.36230 0.00535318
4718.53516 0.00504171
4719.70801 0.00475414
4720.88086 0.00452901
4722.05371 0.00433841
4723.22656 0.00407643
4724.39941 0.00396489
4725.57227 0.00369468
4726.74512 0.0036002
4727.91797 0.00347813
4729.09082 0.00341139
4730.26318 0.00324261
4731.43604 0.00308576
4732.60889 0.00298533
4733.78174 0.0028911
4734.95459 0.00279093
4736.12744 0.00283932
4737.30029 0.00255919
4738.47314 0.00247715
4739.64600 0.00242348
4740.81836 0.00237128
4741.99121 0.00235011
4743.16406 0.00225457
4744.33691 0.00221257
4745.50977 0.00210495
4746.68262 0.00206071
4747.85547 0.00197435
4749.02832 0.00194747
4750.20117 0.00192492
4751.37402 0.00178206
4752.54688 0.00185879
4753.71973 0.00183026
4754.89209 0.00164871
4756.06494 0.0016563
4757.23779 0.00163308
4758.41064 0.0016272
4759.58350 0.00158063
4760.75635 0.00145657
4761.92920 0.00156518
4763.10205 0.00142544
4764.27490 0.0013474
4765.44727 0.00139107
4766.62012 0.00138289
4767.79297 0.00126698
4768.96582 0.00132098
4770.13867 0.00134046
4771.31152 0.00124407
4772.48438 0.00119733
4773.65723 0.00119118
4774.83008 0.00118216
4776.00293 0.00122713
4777.17529 0.00116609
4778.34863 0.001124
4779.52100 0.00107818
4780.69385 0.00106755
4781.86670 0.0010697
4783.03955 0.000999537
4784.21240 0.00100729
4785.38525 0.00109351
4786.55811 0.00109046
4787.73096 0.00102201
4788.90381 0.000971916
4790.07617 0.000965766
4791.24902 0.000915317
4792.42188 0.000871011
4793.59473 0.000923072
4794.76758 0.00093781
4795.94043 0.000910627
4797.11328 0.000879085
4798.28613 0.000861593
4799.45898 0.000789571
5279.40479 0.0
