threeML/data/optical_filters/LICK/LICK-f_5503_63.ecsv
# %ECSV 0.9
# ---
# datatype:
# - {name: wavelength, unit: Angstrom, datatype: float32}
# - {name: response, datatype: float32}
# meta: !!omap
# - {band_name: f_5503_63}
# - {group_name: LICK}
wavelength response
4861.38428 0.0
5401.53809 0.00309219
5403.87158 0.00384674
5406.20508 0.00376421
5408.53809 0.00398022
5410.87158 0.00405865
5413.20459 0.00398292
5415.53809 0.00488963
5417.87158 0.00449507
5420.20459 0.00488415
5422.53809 0.00485563
5424.87158 0.00561087
5427.20459 0.00582584
5429.53809 0.00640492
5431.87109 0.00677013
5434.20459 0.00745118
5436.53809 0.00863758
5438.87109 0.00990939
5441.20459 0.0114742
5443.53760 0.0133433
5445.87109 0.0158267
5448.20459 0.018787
5450.53760 0.0237063
5452.87109 0.0297256
5455.20410 0.0378469
5457.53760 0.0498652
5459.87109 0.066135
5462.20410 0.0879984
5464.53760 0.117613
5466.87109 0.157877
5469.20410 0.204909
5471.53760 0.263024
5473.87061 0.325566
5476.20410 0.388392
5478.53760 0.443148
5480.87061 0.492632
5483.20410 0.530726
5485.53711 0.558619
5487.87061 0.587799
5490.20410 0.608286
5492.53711 0.627712
5494.87061 0.646274
5497.20361 0.659843
5499.53711 0.668275
5501.87061 0.671784
5504.20361 0.667321
5506.53711 0.664524
5508.87061 0.651736
5511.20361 0.641643
5513.53711 0.631663
5515.87012 0.624693
5518.20361 0.615601
5520.53711 0.609995
5522.87012 0.596353
5525.20361 0.575699
5527.53662 0.534845
5529.87012 0.48375
5532.20361 0.412124
5534.53662 0.331843
5536.87012 0.257156
5539.20312 0.193333
5541.53662 0.143449
5543.87012 0.105763
5546.20312 0.0784231
5548.53662 0.059348
5550.87012 0.0449676
5553.20312 0.0343711
5555.53662 0.0277609
5557.86963 0.0223091
5560.20312 0.0181713
5562.53662 0.0152758
5564.86963 0.0128258
5567.20312 0.0105836
5569.53613 0.00925893
5571.86963 0.00820702
5574.20312 0.00676212
5576.53613 0.00635474
5578.86963 0.00555078
5581.20264 0.00485735
5583.53613 0.00457811
5585.86963 0.00414165
5588.20264 0.00364223
5590.53613 0.00329874
5592.86963 0.00307117
5595.20264 0.00283309
5597.53613 0.00267199
5599.86914 0.00236411
5602.20264 0.00235941
5604.53613 0.00228735
5606.86914 0.0019523
5609.20264 0.00195261
5611.53564 0.00181848
5613.86914 0.00163113
5616.20264 0.00162581
5618.53564 0.00137157
5620.86914 0.00130309
5623.20215 0.00148358
5625.53564 0.00117995
5627.86914 0.00125016
5630.20215 0.00107943
5632.53564 0.000788542
5634.86914 0.00110226
5637.20215 0.00114828
5639.53564 0.00104274
5641.86865 0.00101743
5644.20215 0.000868097
5646.53516 0.000851609
5648.86865 0.000855172
6213.75537 0.0
