threeML/data/optical_filters/LICK/LICK-f_5071_58.ecsv
# %ECSV 0.9
# ---
# datatype:
# - {name: wavelength, unit: Angstrom, datatype: float32}
# - {name: response, datatype: float32}
# meta: !!omap
# - {band_name: f_5071_58}
# - {group_name: LICK}
wavelength response
4455.41309 0.0
4950.45898 0.00160094
4952.76758 0.00161263
4955.07617 0.00149711
4957.38477 0.0015441
4959.69336 0.00175841
4962.00195 0.00195495
4964.31055 0.00182987
4966.61914 0.0017346
4968.92773 0.0017998
4971.23633 0.0019406
4973.54492 0.00173831
4975.85352 0.00209126
4978.16211 0.00208854
4980.47070 0.00208123
4982.77930 0.00210501
4985.08789 0.00225203
4987.39648 0.00229168
4989.70508 0.0023548
4992.01367 0.00267493
4994.32227 0.00282961
4996.63086 0.00320855
4998.93945 0.00356771
5001.24805 0.00385661
5003.55664 0.00425129
5005.86523 0.00488376
5008.17383 0.00556727
5010.48242 0.00668342
5012.79102 0.00754709
5015.09961 0.00898272
5017.40820 0.0109538
5019.71680 0.0134881
5022.02539 0.0169167
5024.33398 0.0219079
5026.64258 0.0287041
5028.95117 0.0391504
5031.25977 0.0546337
5033.56836 0.0777246
5035.87695 0.112908
5038.18555 0.165442
5040.49414 0.239804
5042.80273 0.335308
5045.11133 0.441693
5047.41992 0.543993
5049.72852 0.624635
5052.03711 0.672413
5054.34570 0.698223
5056.65430 0.709142
5058.96289 0.7095
5061.27148 0.711486
5063.58008 0.715883
5065.88867 0.720613
5068.19727 0.725808
5070.50586 0.730131
5072.81445 0.733883
5075.12305 0.732286
5077.43164 0.727256
5079.74023 0.723113
5082.04883 0.719716
5084.35742 0.708025
5086.66602 0.687534
5088.97461 0.653059
5091.28320 0.598998
5093.59180 0.515623
5095.90039 0.421223
5098.20898 0.32516
5100.51758 0.243392
5102.82617 0.178247
5105.13477 0.128388
5107.44336 0.0928437
5109.75195 0.0680085
5112.06055 0.0513284
5114.36914 0.0394726
5116.67773 0.0305299
5118.98633 0.024324
5121.29492 0.0198863
5123.60352 0.0164389
5125.91211 0.0137536
5128.22070 0.0116826
5130.52930 0.0101264
5132.83789 0.00910159
5135.14648 0.00809509
5137.45508 0.00716734
5139.76367 0.00660143
5142.07227 0.00577068
5144.38086 0.00526114
5146.68945 0.00516967
5148.99805 0.00465016
5151.30664 0.0042254
5153.61523 0.00416426
5155.92383 0.00398341
5158.23242 0.00369057
5160.54102 0.00338224
5162.84961 0.00327701
5165.15820 0.00321359
5167.46680 0.00281852
5169.77539 0.0026326
5172.08398 0.00258456
5174.39258 0.0024898
5176.70117 0.00232567
5179.00977 0.00213736
5181.31836 0.00190689
5183.62695 0.00184204
5185.93555 0.00196004
5188.24414 0.00178322
5190.55273 0.00160256
5192.86133 0.00157509
5195.16992 0.00147177
5197.47852 0.00146424
5199.78711 0.00145836
5719.76562 0.0
