threeML/data/optical_filters/LICK/LICK-f_4200_250.ecsv
# %ECSV 0.9
# ---
# datatype:
# - {name: wavelength, unit: Angstrom, datatype: float32}
# - {name: response, datatype: float32}
# meta: !!omap
# - {band_name: f_4200_250}
# - {group_name: LICK}
wavelength response
3555.16528 0.0
3950.18359 0.00674052
3952.49438 0.00728802
3954.80542 0.00669909
3957.11646 0.0057837
3959.42749 0.00673949
3961.73853 0.00501663
3964.04956 0.00796502
3966.36035 0.00599438
3968.67139 0.00614894
3970.98242 0.00551034
3973.29346 0.00511426
3975.60449 0.00827769
3977.91528 0.00918525
3980.22632 0.00938585
3982.53735 0.00981702
3984.84839 0.00804919
3987.15942 0.0104995
3989.47046 0.012659
3991.78149 0.0121158
3994.09229 0.0109517
3996.40332 0.0110408
3998.71436 0.0129419
4001.02539 0.0139973
4003.33618 0.0123668
4005.64722 0.0144107
4007.95825 0.0144191
4010.26929 0.0158175
4012.58032 0.0168078
4014.89136 0.0167535
4017.20239 0.0179738
4019.51318 0.018706
4021.82422 0.0192172
4024.13525 0.0202422
4026.44629 0.0221336
4028.75708 0.0232036
4031.06812 0.0241316
4033.37915 0.0260742
4035.69019 0.0271659
4038.00122 0.0287696
4040.31226 0.0301936
4042.62329 0.033192
4044.93408 0.0338957
4047.24512 0.0371221
4049.55615 0.0409301
4051.86719 0.0421583
4054.17798 0.0458721
4056.48901 0.0487199
4058.80005 0.0519689
4061.11108 0.0563484
4063.42212 0.0603179
4065.73315 0.0652732
4068.04419 0.0712542
4070.35498 0.0766781
4072.66602 0.082215
4074.97705 0.0902388
4077.28809 0.096739
4079.59912 0.104897
4081.91016 0.113102
4084.22095 0.122048
4086.53198 0.132564
4088.84302 0.141724
4091.15405 0.154404
4093.46509 0.166651
4095.77588 0.180108
4098.08691 0.193325
4100.39795 0.20847
4102.70898 0.224527
4105.02002 0.241577
4107.33105 0.256143
4109.64209 0.27316
4111.95312 0.290945
4114.26367 0.307781
4116.57471 0.326083
4118.88574 0.344829
4121.19678 0.362661
4123.50781 0.375199
4125.81885 0.391698
4128.12988 0.40708
4130.44092 0.421636
4132.75195 0.43758
4135.06299 0.450673
4137.37402 0.458278
4139.68506 0.468664
4141.99609 0.481297
4144.30664 0.485737
4146.61768 0.490722
4148.92871 0.498768
4151.23975 0.503502
4153.55078 0.506283
4155.86182 0.510988
4158.17285 0.514274
4160.48389 0.516604
4162.79492 0.516732
4165.10596 0.516708
4167.41699 0.514935
4169.72803 0.519378
4172.03857 0.519095
4174.34961 0.516006
4176.66064 0.518043
4178.97168 0.515862
4181.28271 0.51508
4183.59375 0.513241
4185.90479 0.512368
4188.21582 0.513134
4190.52686 0.512902
4192.83789 0.510778
4195.14893 0.510423
4197.45947 0.510158
4199.77051 0.507474
4202.08154 0.508192
4204.39258 0.503314
4206.70361 0.500985
4209.01465 0.504428
4211.32568 0.502858
4213.63672 0.503624
4215.94775 0.500374
4218.25879 0.499535
4220.56982 0.49893
4222.88037 0.496978
4225.19141 0.496257
4227.50244 0.495665
4229.81348 0.492553
4232.12451 0.490559
4234.43555 0.490809
4236.74658 0.489944
4239.05762 0.491318
4241.36865 0.487478
4243.67969 0.485852
4245.99072 0.487551
4248.30127 0.487007
4250.61230 0.483745
4252.92334 0.483091
4255.23438 0.482373
4257.54541 0.479803
4259.85645 0.482373
4262.16748 0.481882
4264.47852 0.477889
4266.78955 0.479887
4269.10059 0.480411
4271.41162 0.476617
4273.72217 0.477598
4276.03320 0.475557
4278.34424 0.474798
4280.65527 0.475743
4282.96631 0.474247
4285.27734 0.47305
4287.58838 0.473493
4289.89941 0.4747
4292.21045 0.474391
4294.52148 0.473908
4296.83252 0.471626
4299.14307 0.472669
4301.45410 0.469989
4303.76514 0.469626
4306.07617 0.46957
4308.38721 0.464436
4310.69824 0.464133
4313.00928 0.460564
4315.32031 0.458144
4317.63135 0.455179
4319.94238 0.450121
4322.25342 0.446457
4324.56396 0.440542
4326.87500 0.43531
4329.18604 0.428321
4331.49707 0.421071
4333.80811 0.412157
4336.11914 0.404545
4338.43018 0.39518
4340.74121 0.385103
4343.05225 0.37484
4345.36328 0.365909
4347.67432 0.354337
4349.98535 0.343364
4352.29590 0.328844
4354.60693 0.319543
4356.91797 0.305514
4359.22900 0.292992
4361.54004 0.281912
4363.85107 0.269016
4366.16211 0.256371
4368.47314 0.244191
4370.78418 0.232307
4373.09521 0.221398
4375.40625 0.208919
4377.71729 0.197142
4380.02832 0.188026
4382.33887 0.177072
4384.64990 0.168087
4386.96094 0.157796
4389.27197 0.149285
4391.58301 0.13984
4393.89404 0.132196
4396.20508 0.125851
4398.51611 0.118278
4400.82715 0.111392
4403.13818 0.104561
4405.44922 0.0988578
4407.75977 0.0928803
4410.07080 0.087341
4412.38184 0.0827034
4414.69287 0.0775921
4417.00391 0.0733192
4419.31494 0.0685657
4421.62598 0.0645678
4423.93701 0.0612254
4426.24805 0.0585867
4428.55908 0.0554426
4430.87012 0.0516541
4433.18066 0.0485982
4435.49170 0.0463101
4437.80273 0.0437574
4440.11377 0.041216
4442.42480 0.039855
4444.73584 0.0376631
4447.04688 0.0349358
4449.35791 0.0336441
4451.66895 0.0322721
4453.97998 0.0299643
4456.29102 0.0286252
4458.60156 0.0271582
4460.91260 0.0259463
4463.22363 0.0248645
4465.53467 0.0234535
4467.84570 0.0227856
4470.15674 0.021414
4472.46777 0.0202216
4474.77881 0.019224
4477.08984 0.0185635
4479.40088 0.0176876
4481.71191 0.0164988
4484.02246 0.0160652
4486.33350 0.0153342
4488.64453 0.0143801
4490.95557 0.0140949
4493.26660 0.0137112
4495.57764 0.0132105
4497.88867 0.0124893
4500.19971 0.0120184
4502.51074 0.0114601
4504.82178 0.011078
4507.13281 0.0100398
4509.44336 0.00953188
4511.75439 0.00968489
4514.06543 0.00953971
4516.37646 0.00907963
4518.68750 0.00844298
4520.99854 0.00868907
4523.30957 0.0076734
4525.62061 0.00768881
4527.93164 0.00752664
4530.24268 0.00711235
4532.55371 0.00672365
4534.86426 0.00645412
4537.17529 0.00628483
4539.48633 0.00603485
4541.79736 0.00576442
4544.10840 0.00582877
4546.41943 0.00573667
4548.73047 0.00566506
5003.60352 0.0
