threeML/data/optical_filters/LICK/LICK-f_6000_70.ecsv
# %ECSV 0.9
# ---
# datatype:
# - {name: wavelength, unit: Angstrom, datatype: float32}
# - {name: response, datatype: float32}
# meta: !!omap
# - {band_name: f_6000_70}
# - {group_name: LICK}
wavelength response
5310.77930 0.0
5900.86572 0.00227993
5903.19922 0.00236348
5905.53223 0.00260477
5907.86572 0.00268646
5910.19873 0.00278763
5912.53223 0.00302706
5914.86572 0.00296498
5917.19873 0.00318539
5919.53223 0.0032835
5921.86523 0.00365911
5924.19873 0.00370115
5926.53223 0.00397818
5928.86523 0.00464852
5931.19873 0.00496202
5933.53223 0.00561241
5935.86523 0.00624507
5938.19873 0.00721681
5940.53174 0.00788861
5942.86523 0.00916526
5945.19873 0.0106556
5947.53174 0.0125573
5949.86523 0.0154889
5952.19824 0.0190669
5954.53174 0.0237054
5956.86523 0.0298945
5959.19824 0.0381178
5961.53174 0.0492408
5963.86475 0.0637436
5966.19824 0.0812021
5968.53174 0.104188
5970.86475 0.133821
5973.19824 0.171935
5975.53174 0.221089
5977.86475 0.280354
5980.19824 0.343792
5982.53125 0.406618
5984.86475 0.466963
5987.19824 0.516509
5989.53125 0.554524
5991.86475 0.581886
5994.19775 0.600209
5996.53125 0.612497
5998.86426 0.619845
6001.19775 0.6254
6003.53125 0.629777
6005.86426 0.632442
6008.19775 0.637734
6010.53125 0.638461
6012.86426 0.637072
6015.19775 0.636368
6017.53076 0.632044
6019.86426 0.627112
6022.19775 0.621928
6024.53076 0.615619
6026.86426 0.612851
6029.19727 0.607362
6031.53076 0.600954
6033.86426 0.588068
6036.19727 0.571029
6038.53076 0.546736
6040.86377 0.519148
6043.19727 0.483238
6045.53076 0.440443
6047.86377 0.387609
6050.19727 0.328784
6052.53076 0.270486
6054.86377 0.218366
6057.19727 0.174058
6059.53027 0.138199
6061.86377 0.109572
6064.19727 0.0871241
6066.53027 0.0697945
6068.86377 0.0557014
6071.19678 0.0449815
6073.53027 0.0363325
6075.86377 0.0298561
6078.19678 0.0247325
6080.53027 0.0207646
6082.86328 0.0174006
6085.19678 0.0146836
6087.53027 0.0131433
6089.86328 0.0113042
6092.19678 0.00997401
6094.53027 0.00902344
6096.86328 0.00785033
6099.19678 0.00707869
6101.52979 0.00619067
6103.86328 0.00569851
6106.19678 0.00540691
6108.52979 0.00485741
6110.86328 0.00440794
6113.19629 0.00399517
6115.52979 0.00373615
6117.86328 0.00357247
6120.19629 0.00342262
6122.52979 0.00318995
6124.86279 0.00310992
6127.19629 0.00290147
6129.52979 0.00262291
6131.86279 0.00256503
6134.19629 0.00251788
6136.52979 0.00225808
6138.86279 0.0023493
6141.19629 0.00232488
6143.52930 0.00214613
6145.86279 0.00198166
6148.19629 0.00203388
6763.01611 0.0
