threeML/data/optical_filters/LICK/LICK-f_5232_60.ecsv
# %ECSV 0.9
# ---
# datatype:
# - {name: wavelength, unit: Angstrom, datatype: float32}
# - {name: response, datatype: float32}
# meta: !!omap
# - {band_name: f_5232_60}
# - {group_name: LICK}
wavelength response
4590.46582 0.0
5100.51758 0.00142396
5102.82617 0.00151754
5105.13477 0.00145802
5107.44336 0.00147707
5109.75195 0.0015021
5112.06055 0.00166807
5114.36914 0.00145794
5116.67773 0.00172818
5118.98633 0.00170079
5121.29492 0.00149288
5123.60352 0.00174389
5125.91211 0.00185493
5128.22070 0.00168659
5130.52930 0.00177613
5132.83789 0.0019177
5135.14648 0.00195814
5137.45508 0.00189058
5139.76367 0.00209438
5142.07227 0.00201811
5144.38086 0.0020969
5146.68945 0.00233463
5148.99805 0.00245424
5151.30664 0.0027463
5153.61523 0.00275709
5155.92383 0.00287849
5158.23242 0.00343145
5160.54102 0.00358698
5162.84961 0.00387756
5165.15820 0.00437392
5167.46680 0.00514389
5169.77539 0.00591069
5172.08398 0.00686832
5174.39258 0.00827923
5176.70117 0.00994527
5179.00977 0.0122892
5181.31836 0.0153915
5183.62695 0.0196594
5185.93555 0.0258182
5188.24414 0.0345538
5190.55273 0.0462688
5192.86133 0.0642465
5195.16992 0.0913843
5197.47852 0.130043
5199.78711 0.183115
5202.09570 0.254462
5204.40430 0.344315
5206.71289 0.446926
5209.02148 0.528476
5211.33008 0.601839
5213.63818 0.651447
5215.94678 0.678128
5218.25537 0.690662
5220.56396 0.697707
5222.87256 0.70433
5225.18164 0.708055
5227.49023 0.710031
5229.79883 0.708251
5232.10742 0.711343
5234.41602 0.707245
5236.72461 0.701056
5239.03320 0.696095
5241.34131 0.693904
5243.64990 0.695688
5245.95850 0.693736
5248.26709 0.68802
5250.57568 0.675023
5252.88428 0.648001
5255.19287 0.590599
5257.50146 0.513136
5259.81006 0.422538
5262.11914 0.331167
5264.42773 0.248254
5266.73633 0.182846
5269.04443 0.132158
5271.35303 0.0962218
5273.66162 0.0709403
5275.97021 0.0530042
5278.27881 0.0402261
5280.58740 0.03139
5282.89600 0.0249197
5285.20459 0.0201534
5287.51318 0.0167344
5289.82178 0.0140627
5292.13037 0.0116432
5294.43896 0.0101814
5296.74756 0.00903358
5299.05615 0.00779356
5301.36475 0.00702691
5303.67334 0.00631905
5305.98193 0.00576465
5308.29053 0.00524803
5310.59912 0.00487208
5312.90771 0.00445344
5315.21631 0.00421007
5317.52490 0.00383991
5319.83350 0.00345711
5322.14209 0.00339089
5324.45068 0.0031647
5326.75928 0.0030195
5329.06787 0.00286495
5331.37646 0.00257856
5333.68506 0.00255563
5335.99365 0.00233948
5338.30225 0.00217586
5340.61084 0.00215984
5342.91943 0.00197428
5345.22803 0.00203486
5347.53662 0.00187467
5349.84521 0.00170758
5884.82959 0.0
