threeML/data/optical_filters/LICK/LICK-f_7580_85.ecsv
# %ECSV 0.9
# ---
# datatype:
# - {name: wavelength, unit: Angstrom, datatype: float32}
# - {name: response, datatype: float32}
# meta: !!omap
# - {band_name: f_7580_85}
# - {group_name: LICK}
wavelength response
6705.52588 0.0
7450.58447 0.00278572
7452.91943 0.00283923
7455.25391 0.00292654
7457.58838 0.00302947
7459.92285 0.00317409
7462.25732 0.00331486
7464.59180 0.0034701
7466.92627 0.0036781
7469.26123 0.00386045
7471.59570 0.00414834
7473.93018 0.00440283
7476.26465 0.00467318
7478.59912 0.00502614
7480.93359 0.00545267
7483.26807 0.00597986
7485.60303 0.00665305
7487.93750 0.00742815
7490.27197 0.00825972
7492.60645 0.00943816
7494.94092 0.0106857
7497.27539 0.012388
7499.60986 0.0144287
7501.94482 0.0168298
7504.27930 0.0198702
7506.61377 0.0238008
7508.94824 0.0285832
7511.28271 0.0349177
7513.61719 0.0433004
7515.95215 0.0538234
7518.28662 0.0673477
7520.62109 0.0853531
7522.95557 0.108848
7525.29004 0.139472
7527.62451 0.178024
7529.95898 0.226871
7532.29395 0.285891
7534.62842 0.354198
7536.96289 0.428706
7539.29736 0.502745
7541.63184 0.571653
7543.96631 0.626354
7546.30127 0.66965
7548.63574 0.699461
7550.97021 0.71881
7553.30469 0.731969
7555.63916 0.739741
7557.97363 0.744668
7560.30811 0.750142
7562.64307 0.7544
7564.97754 0.759016
7567.31201 0.762763
7569.64648 0.762965
7571.98096 0.763387
7574.31543 0.762757
7576.64990 0.759145
7578.98486 0.753677
7581.31934 0.748796
7583.65381 0.743918
7585.98828 0.74017
7588.32275 0.736926
7590.65723 0.735014
7592.99219 0.734599
7595.32666 0.736519
7597.66113 0.738756
7599.99561 0.7405
7602.33008 0.738362
7604.66455 0.726688
7606.99902 0.700687
7609.33398 0.657048
7611.66846 0.597155
7614.00293 0.521536
7616.33740 0.43909
7618.67188 0.359446
7621.00635 0.288325
7623.34131 0.228245
7625.67578 0.179397
7628.01025 0.140025
7630.34473 0.110682
7632.67920 0.0879948
7635.01367 0.0706277
7637.34814 0.05802
7639.68311 0.0477045
7642.01758 0.0398727
7644.35205 0.0338042
7646.68652 0.0287813
7649.02100 0.0244857
7651.35547 0.021076
7653.69043 0.0182737
7656.02490 0.0162103
7658.35938 0.0144403
7660.69385 0.01305
7663.02832 0.0117003
7665.36279 0.0106965
7667.69727 0.00991613
7670.03223 0.00917468
7672.36670 0.00853852
7674.70117 0.00793986
7677.03564 0.00752412
7679.37012 0.00700441
7681.70459 0.00668112
7684.03906 0.00636308
7686.37402 0.00602558
7688.70850 0.00580013
7691.04297 0.00554271
7693.37744 0.00536232
7695.71191 0.00516195
7698.04639 0.00491157
8467.85059 0.0
