threeML/data/optical_filters/LICK/LICK-f_6710_100.ecsv
# %ECSV 0.9
# ---
# datatype:
# - {name: wavelength, unit: Angstrom, datatype: float32}
# - {name: response, datatype: float32}
# meta: !!omap
# - {band_name: f_6710_100}
# - {group_name: LICK}
wavelength response
5896.82031 0.0
6552.02246 0.0125292
6554.35742 0.0126968
6556.69287 0.0126439
6559.02783 0.012836
6561.36279 0.0132195
6563.69775 0.013534
6566.03320 0.0139089
6568.36816 0.0143495
6570.70312 0.0149495
6573.03809 0.015614
6575.37354 0.0162325
6577.70850 0.0171093
6580.04346 0.0180543
6582.37842 0.0191048
6584.71387 0.0206576
6587.04883 0.0223264
6589.38379 0.0242022
6591.71875 0.0267205
6594.05420 0.0296867
6596.38916 0.0333544
6598.72412 0.037895
6601.05908 0.0431354
6603.39453 0.0495877
6605.72949 0.0576804
6608.06445 0.0674658
6610.39941 0.0798011
6612.73438 0.0949722
6615.06982 0.113112
6617.40479 0.134839
6619.73975 0.159889
6622.07471 0.188772
6624.41016 0.220862
6626.74512 0.253854
6629.08008 0.288617
6631.41504 0.322359
6633.75049 0.35255
6636.08545 0.379525
6638.42041 0.401679
6640.75537 0.420337
6643.09082 0.435541
6645.42578 0.448747
6647.76074 0.458849
6650.09570 0.468009
6652.43066 0.478218
6654.76611 0.488154
6657.10107 0.497523
6659.43604 0.507254
6661.77100 0.517543
6664.10645 0.528409
6666.44141 0.538711
6668.77637 0.549558
6671.11133 0.560108
6673.44678 0.567792
6675.78174 0.575048
6678.11670 0.579746
6680.45166 0.585008
6682.78711 0.586203
6685.12207 0.586078
6687.45703 0.584331
6689.79199 0.579689
6692.12744 0.574356
6694.46240 0.569234
6696.79736 0.561932
6699.13232 0.556078
6701.46777 0.549437
6703.80273 0.543551
6706.13770 0.538866
6708.47266 0.534213
6710.80811 0.531321
6713.14307 0.528616
6715.47803 0.528487
6717.81299 0.528162
6720.14844 0.529236
6722.48340 0.530707
6724.81836 0.529781
6727.15332 0.530675
6729.48828 0.527854
6731.82373 0.522013
6734.15869 0.512504
6736.49365 0.496479
6738.82861 0.475606
6741.16406 0.448296
6743.49902 0.415496
6745.83398 0.379546
6748.16895 0.340987
6750.50439 0.302667
6752.83936 0.265812
6755.17432 0.231559
6757.50928 0.200572
6759.84473 0.172794
6762.17969 0.149344
6764.51465 0.128632
6766.84961 0.11148
6769.18457 0.0967445
6771.52002 0.0845338
6773.85498 0.0740704
6776.18994 0.0654496
6778.52490 0.0580131
6780.86035 0.0518247
6783.19531 0.0465681
6785.53027 0.0418555
6787.86572 0.0377185
6790.20068 0.0343549
6792.53564 0.0314149
6794.87061 0.0286485
6797.20557 0.0262845
6799.54102 0.0244295
6801.87598 0.0229353
6804.21094 0.0213241
6806.54590 0.0201056
6808.88135 0.0189648
6811.21631 0.017838
6813.55127 0.0170859
6815.88623 0.0162402
6818.22168 0.0154098
6820.55664 0.0147141
6822.89160 0.0141262
6825.22656 0.0136051
6827.56201 0.0129795
6829.89697 0.0124617
6832.23193 0.0120401
6834.56689 0.0116243
6836.90234 0.011264
6839.23730 0.0108568
6841.57227 0.010558
6843.90723 0.0103604
6846.24219 0.0101228
6848.57764 0.00999212
7533.43555 0.0
