threeML/data/optical_filters/LICK/LICK-f_5200_100.ecsv
# %ECSV 0.9
# ---
# datatype:
# - {name: wavelength, unit: Angstrom, datatype: float32}
# - {name: response, datatype: float32}
# meta: !!omap
# - {band_name: f_5200_100}
# - {group_name: LICK}
wavelength response
4501.12305 0.0
5001.24805 0.00180788
5003.55664 0.00189183
5005.86523 0.00187452
5008.17383 0.00204111
5010.48242 0.00208845
5012.79102 0.00190503
5015.09961 0.00218468
5017.40820 0.00213127
5019.71680 0.00225103
5022.02539 0.00226962
5024.33398 0.00232214
5026.64258 0.00235062
5028.95117 0.00242916
5031.25977 0.00247321
5033.56836 0.00238138
5035.87695 0.00239688
5038.18555 0.00255796
5040.49414 0.00276934
5042.80273 0.00268013
5045.11133 0.00272418
5047.41992 0.00295959
5049.72852 0.00317214
5052.03711 0.00320979
5054.34570 0.00339239
5056.65430 0.00342963
5058.96289 0.00334973
5061.27148 0.00385458
5063.58008 0.0041026
5065.88867 0.00404889
5068.19727 0.00439446
5070.50586 0.00470756
5072.81445 0.00506325
5075.12305 0.00525294
5077.43164 0.0057064
5079.74023 0.00600405
5082.04883 0.00674599
5084.35742 0.00738687
5086.66602 0.00806367
5088.97461 0.00909778
5091.28320 0.0100662
5093.59180 0.0111875
5095.90039 0.0127556
5098.20898 0.014098
5100.51758 0.0165322
5102.82617 0.0190001
5105.13477 0.0216138
5107.44336 0.0247768
5109.75195 0.0290112
5112.06055 0.0342298
5114.36914 0.0398359
5116.67773 0.047114
5118.98633 0.0557716
5121.29492 0.0667928
5123.60352 0.0807981
5125.91211 0.0959852
5128.22070 0.116217
5130.52930 0.139117
5132.83789 0.166223
5135.14648 0.197331
5137.45508 0.230974
5139.76367 0.265804
5142.07227 0.302368
5144.38086 0.335371
5146.68945 0.368028
5148.99805 0.397294
5151.30664 0.420201
5153.61523 0.435165
5155.92383 0.444409
5158.23242 0.452092
5160.54102 0.458102
5162.84961 0.458587
5165.15820 0.458437
5167.46680 0.464129
5169.77539 0.465875
5172.08398 0.468652
5174.39258 0.473835
5176.70117 0.471526
5179.00977 0.468425
5181.31836 0.467363
5183.62695 0.468686
5185.93555 0.469391
5188.24414 0.466117
5190.55273 0.461928
5192.86133 0.459386
5195.16992 0.458296
5197.47852 0.45348
5199.78711 0.448042
5202.09570 0.443032
5204.40430 0.443805
5206.71289 0.444912
5209.02148 0.43566
5211.33008 0.4365
5213.63818 0.434197
5215.94678 0.43121
5218.25537 0.434019
5220.56396 0.437852
5222.87256 0.445741
5225.18164 0.448855
5227.49023 0.452268
5229.79883 0.451102
5232.10742 0.449986
5234.41602 0.442233
5236.72461 0.424031
5239.03320 0.39994
5241.34131 0.367158
5243.64990 0.331131
5245.95850 0.288592
5248.26709 0.246985
5250.57568 0.210081
5252.88428 0.173843
5255.19287 0.142866
5257.50146 0.117058
5259.81006 0.0965416
5262.11914 0.0800647
5264.42773 0.0668448
5266.73633 0.0561484
5269.04443 0.0467827
5271.35303 0.0400904
5273.66162 0.0342995
5275.97021 0.0291509
5278.27881 0.0247621
5280.58740 0.0211649
5282.89600 0.0185569
5285.20459 0.0162973
5287.51318 0.0143209
5289.82178 0.0129512
5292.13037 0.0116086
5294.43896 0.0101083
5296.74756 0.00907468
5299.05615 0.00831787
5301.36475 0.00740623
5303.67334 0.00672042
5305.98193 0.00620978
5308.29053 0.0056988
5310.59912 0.00524247
5312.90771 0.00480816
5315.21631 0.00448007
5317.52490 0.00416999
5319.83350 0.00397529
5322.14209 0.0037454
5324.45068 0.00333915
5326.75928 0.00317235
5329.06787 0.00296625
5331.37646 0.00270824
5333.68506 0.00258956
5335.99365 0.00252878
5338.30225 0.00236898
5340.61084 0.00222916
5342.91943 0.00230658
5345.22803 0.00198067
5347.53662 0.00190499
5349.84521 0.00167827
5884.82959 0.0
