threeML/data/optical_filters/LICK/LICK-f_4624_47.ecsv
# %ECSV 0.9
# ---
# datatype:
# - {name: wavelength, unit: Angstrom, datatype: float32}
# - {name: response, datatype: float32}
# meta: !!omap
# - {band_name: f_4624_47}
# - {group_name: LICK}
wavelength response
4006.02222 0.0
4451.13574 0.00327517
4452.30859 0.00326772
4453.48145 0.00320732
4454.65430 0.00340629
4455.82715 0.0032791
4457.00000 0.00326868
4458.17285 0.00360144
4459.34570 0.0035522
4460.51807 0.00354896
4461.69092 0.00386486
4462.86377 0.0037984
4464.03662 0.0038763
4465.20947 0.00411182
4466.38232 0.00403489
4467.55518 0.00412332
4468.72803 0.00416841
4469.90088 0.00419822
4471.07373 0.00429679
4472.24609 0.00459428
4473.41895 0.00457732
4474.59180 0.00453051
4475.76465 0.0048664
4476.93750 0.00480291
4478.11035 0.00486687
4479.28320 0.00494835
4480.45605 0.0051391
4481.62891 0.00526209
4482.80176 0.00542756
4483.97461 0.0054143
4485.14697 0.00553997
4486.31982 0.00561947
4487.49268 0.0055923
4488.66553 0.00583769
4489.83838 0.00594222
4491.01123 0.00602391
4492.18408 0.0064045
4493.35693 0.00648449
4494.52979 0.00654845
4495.70264 0.00669729
4496.87500 0.00689759
4498.04785 0.00710302
4499.22070 0.00726032
4500.39355 0.00770818
4501.56641 0.00748801
4502.73926 0.00787658
4503.91211 0.0080859
4505.08496 0.00844746
4506.25781 0.00853468
4507.43066 0.00887869
4508.60352 0.00894028
4509.77588 0.0093208
4510.94873 0.00960741
4512.12158 0.00988613
4513.29443 0.0101758
4514.46729 0.0107814
4515.64014 0.01085
4516.81299 0.0113577
4517.98584 0.0114593
4519.15869 0.0119078
4520.33154 0.0124324
4521.50391 0.012749
4522.67676 0.0132066
4523.84961 0.0136164
4525.02246 0.0142151
4526.19531 0.0145538
4527.36816 0.0150567
4528.54102 0.0160085
4529.71387 0.0165985
4530.88672 0.0171783
4532.05957 0.018044
4533.23242 0.0186695
4534.40479 0.019198
4535.57764 0.0202197
4536.75049 0.0211304
4537.92334 0.0223958
4539.09619 0.0235076
4540.26904 0.0244088
4541.44189 0.0255016
4542.61475 0.0265227
4543.78760 0.0278398
4544.95996 0.0293345
4546.13281 0.03063
4547.30566 0.0323703
4548.47852 0.0341276
4549.65137 0.0358982
4550.82422 0.0375945
4551.99707 0.0395692
4553.16992 0.0418961
4554.34277 0.0440403
4555.51562 0.0467956
4556.68848 0.049372
4557.86133 0.0523576
4559.03369 0.0553923
4560.20654 0.0583776
4561.37939 0.0619642
4562.55225 0.0659466
4563.72510 0.0700598
4564.89795 0.0741339
4566.07080 0.0787464
4567.24365 0.0838181
4568.41650 0.0894475
4569.58887 0.0959142
4570.76172 0.101723
4571.93457 0.108574
4573.10742 0.115588
4574.28027 0.123357
4575.45312 0.131835
4576.62598 0.140618
4577.79883 0.1508
4578.97168 0.161455
4580.14453 0.171197
4581.31738 0.182444
4582.49023 0.195591
4583.66260 0.208407
4584.83545 0.222856
4586.00830 0.238106
4587.18115 0.253128
4588.35400 0.268506
4589.52686 0.284713
4590.69971 0.302529
4591.87256 0.321364
4593.04541 0.340049
4594.21777 0.359763
4595.39062 0.375841
4596.56348 0.396312
4597.73633 0.415414
4598.90918 0.435087
4600.08203 0.455163
4601.25488 0.473821
4602.42773 0.490642
4603.60059 0.50731
4604.77344 0.524061
4605.94629 0.540397
4607.11914 0.555282
4608.29150 0.569528
4609.46436 0.581137
4610.63721 0.591571
4611.81006 0.603769
4612.98291 0.612199
4614.15576 0.62135
4615.32861 0.629555
4616.50146 0.635707
4617.67432 0.641184
4618.84668 0.64461
4620.01953 0.649203
4621.19238 0.653521
4622.36523 0.656452
4623.53809 0.658882
4624.71094 0.660937
4625.88379 0.660469
4627.05664 0.6593
4628.22949 0.658895
4629.40234 0.658534
4630.57520 0.657613
4631.74756 0.654944
4632.92041 0.651533
4634.09326 0.647977
4635.26611 0.641866
4636.43896 0.636886
4637.61182 0.630816
4638.78467 0.62301
4639.95752 0.6139
4641.13037 0.603568
4642.30322 0.593679
4643.47559 0.581425
4644.64844 0.568477
4645.82129 0.556122
4646.99414 0.541914
4648.16699 0.525351
4649.33984 0.508171
4650.51270 0.491809
4651.68555 0.474753
4652.85840 0.457563
4654.03125 0.439261
4655.20410 0.421583
4656.37646 0.402442
4657.54932 0.383842
4658.72217 0.365609
4659.89502 0.348148
4661.06787 0.331119
4662.24072 0.314194
4663.41357 0.298685
4664.58643 0.281443
4665.75928 0.265855
4666.93213 0.251316
4668.10449 0.237878
4669.27734 0.224377
4670.45020 0.21166
4671.62305 0.199687
4672.79590 0.188093
4673.96875 0.176947
4675.14160 0.166691
4676.31445 0.157984
4677.48730 0.149354
4678.66016 0.140632
4679.83301 0.1324
4681.00537 0.12483
4682.17822 0.117875
4683.35107 0.11179
4684.52393 0.105529
4685.69678 0.0998072
4686.86963 0.0941796
4688.04248 0.0891976
4689.21533 0.0846156
4690.38818 0.0798357
4691.56104 0.0761104
4692.73340 0.071923
4693.90625 0.0679273
4695.07910 0.0649324
4696.25195 0.0617104
4697.42480 0.0582523
4698.59766 0.0556381
4699.77051 0.0530639
4700.94336 0.0506162
4702.11621 0.0482501
4703.28906 0.0459859
4704.46191 0.0439968
4705.63428 0.0417495
4706.80713 0.040042
4707.97998 0.0382411
4709.15283 0.0363019
4710.32568 0.0349458
4711.49854 0.0335381
4712.67139 0.0319597
4713.84424 0.0306131
4715.01709 0.029511
4716.18994 0.0282783
4717.36230 0.0271123
4718.53516 0.0257829
4719.70801 0.0249754
4720.88086 0.0240543
4722.05371 0.0228969
4723.22656 0.0221344
4724.39941 0.0212046
4725.57227 0.0205547
4726.74512 0.0198578
4727.91797 0.0191558
4729.09082 0.0184117
4730.26318 0.0177273
4731.43604 0.0170729
4732.60889 0.0166512
4733.78174 0.0160152
4734.95459 0.0153574
4736.12744 0.0149998
4737.30029 0.0144135
4738.47314 0.0139705
4739.64600 0.0133492
4740.81836 0.0131409
4741.99121 0.0126729
4743.16406 0.0121983
4744.33691 0.012002
4745.50977 0.0113935
4746.68262 0.0111226
4747.85547 0.0107787
4749.02832 0.010462
4750.20117 0.0102365
4751.37402 0.00989753
4752.54688 0.00961313
4753.71973 0.00931627
4754.89209 0.00907765
4756.06494 0.00894969
4757.23779 0.00853873
4758.41064 0.00836557
4759.58350 0.00821669
4760.75635 0.00800348
4761.92920 0.00766976
4763.10205 0.00755851
4764.27490 0.00736279
4765.44727 0.00713645
4766.62012 0.00692618
4767.79297 0.0067357
4768.96582 0.00661123
4770.13867 0.00655822
4771.31152 0.00632266
4772.48438 0.00619139
4773.65723 0.00601423
4774.83008 0.00589301
4776.00293 0.00580688
4777.17529 0.00562178
4778.34863 0.0055258
4779.52100 0.0054055
4780.69385 0.00522932
4781.86670 0.00510887
4783.03955 0.00503461
4784.21240 0.00484831
4785.38525 0.0048871
4786.55811 0.00468609
4787.73096 0.0046452
4788.90381 0.00455667
4790.07617 0.0044398
4791.24902 0.00441806
4792.42188 0.00425288
4793.59473 0.00415768
4794.76758 0.00408017
4795.94043 0.00400474
4797.11328 0.00395614
4798.28613 0.00382105
4799.45898 0.00365445
4800.63184 0.00359685
4801.80420 0.00354023
4802.97754 0.00352819
4804.14990 0.00352394
4805.32275 0.00338105
4806.49561 0.00333976
4807.66846 0.00329474
4808.84131 0.00320009
4810.01416 0.00321261
4811.18701 0.00314909
4812.35986 0.00307652
4813.53271 0.00294745
4814.70508 0.00290925
4815.87793 0.00288738
4817.05078 0.00277345
4818.22363 0.00273289
4819.39648 0.00276834
4820.56934 0.00263802
4821.74219 0.00266432
4822.91504 0.00255239
4824.08789 0.00251016
4825.26074 0.0024815
4826.43311 0.00243083
4827.60596 0.002455
4828.77881 0.00238437
4829.95166 0.00227312
4831.12451 0.00233072
4832.29736 0.00222455
4833.47021 0.00217514
4834.64307 0.00222345
4835.81592 0.00221028
4836.98877 0.0021693
4838.16162 0.00208108
4839.33398 0.00216189
4840.50684 0.00204015
4841.67969 0.00191304
4842.85254 0.00191002
4844.02539 0.00193602
4845.19824 0.00188445
4846.37109 0.00184382
4847.54395 0.00183051
4848.71680 0.00177097
4849.88916 0.00173823
5334.87793 0.0
