threeML/data/optical_filters/LICK/LICK-f_6606_75.ecsv
# %ECSV 0.9
# ---
# datatype:
# - {name: wavelength, unit: Angstrom, datatype: float32}
# - {name: response, datatype: float32}
# meta: !!omap
# - {band_name: f_6606_75}
# - {group_name: LICK}
wavelength response
5851.05566 0.0
6501.17285 0.00347078
6503.52100 0.00369957
6505.86963 0.00384436
6508.21777 0.00421073
6510.56592 0.00448767
6512.91406 0.00491594
6515.26221 0.00547354
6517.61035 0.00610153
6519.95850 0.00673747
6522.30664 0.00755553
6524.65479 0.00856143
6527.00293 0.00966787
6529.35107 0.011033
6531.69922 0.0129164
6534.04736 0.0151398
6536.39551 0.0179383
6538.74414 0.021507
6541.09229 0.0262347
6543.44043 0.0317613
6545.78857 0.0393375
6548.13672 0.049388
6550.48486 0.0624528
6552.83301 0.0797172
6555.18115 0.102777
6557.52930 0.132991
6559.87744 0.172754
6562.22559 0.223409
6564.57373 0.287317
6566.92188 0.363415
6569.27051 0.448938
6571.61816 0.536968
6573.96680 0.61731
6576.31494 0.684612
6578.66309 0.732351
6581.01123 0.759919
6583.35938 0.772352
6585.70752 0.777355
6588.05566 0.778991
6590.40381 0.779157
6592.75195 0.779047
6595.10010 0.782071
6597.44824 0.787707
6599.79639 0.790318
6602.14502 0.793158
6604.49316 0.794218
6606.84131 0.792761
6609.18945 0.790824
6611.53760 0.786448
6613.88574 0.780983
6616.23389 0.778223
6618.58203 0.776435
6620.93018 0.775237
6623.27832 0.777206
6625.62646 0.779416
6627.97461 0.781733
6630.32275 0.780789
6632.67090 0.773307
6635.01953 0.756572
6637.36768 0.723379
6639.71582 0.676027
6642.06396 0.609496
6644.41211 0.530626
6646.76025 0.447863
6649.10840 0.367301
6651.45654 0.294816
6653.80469 0.233084
6656.15283 0.182697
6658.50098 0.143291
6660.84912 0.112624
6663.19727 0.0889937
6665.54541 0.0710434
6667.89404 0.0572918
6670.24219 0.0467948
6672.59033 0.0386447
6674.93848 0.0324776
6677.28662 0.0275668
6679.63477 0.0235965
6681.98291 0.0202175
6684.33105 0.0174358
6686.67920 0.0151407
6689.02734 0.0133887
6691.37549 0.012003
6693.72363 0.0106769
6696.07178 0.00966223
6698.42041 0.00884993
6700.76807 0.00799881
6703.11670 0.00737989
6705.46484 0.0068003
6707.81299 0.00619806
6710.16113 0.0055905
6712.50928 0.00510107
6714.85742 0.00465764
6717.20557 0.00434426
6719.55371 0.00404619
6721.90186 0.00376149
6724.25000 0.00356997
6726.59814 0.00326645
6728.94629 0.0030924
6731.29492 0.00293072
6733.64307 0.00276605
6735.99121 0.00256819
6738.33936 0.00246595
6740.68750 0.00236861
6743.03564 0.00219684
6745.38379 0.0021433
6747.73193 0.00204228
7422.50537 0.0
