threeML/data/optical_filters/LICK/LICK-f_6916_78.ecsv
# %ECSV 0.9
# ---
# datatype:
# - {name: wavelength, unit: Angstrom, datatype: float32}
# - {name: response, datatype: float32}
# meta: !!omap
# - {band_name: f_6916_78}
# - {group_name: LICK}
wavelength response
6121.42285 0.0
6801.58105 0.00304149
6803.91553 0.00320101
6806.25000 0.00335457
6808.58447 0.00355794
6810.91943 0.00380333
6813.25391 0.00408358
6815.58838 0.00433961
6817.92285 0.00476754
6820.25732 0.00515495
6822.59180 0.00566978
6824.92627 0.00628173
6827.26123 0.00702147
6829.59570 0.00788754
6831.93018 0.00884727
6834.26465 0.00994356
6836.59912 0.0113806
6838.93359 0.0129174
6841.26807 0.0150578
6843.60303 0.0174987
6845.93750 0.0207104
6848.27197 0.0246961
6850.60645 0.0298673
6852.94092 0.0362135
6855.27539 0.0446616
6857.60986 0.0557853
6859.94482 0.0697111
6862.27930 0.0883015
6864.61377 0.112188
6866.94824 0.142977
6869.28271 0.182477
6871.61719 0.23116
6873.95166 0.28883
6876.28662 0.354552
6878.62109 0.423216
6880.95557 0.489902
6883.29004 0.548379
6885.62451 0.594689
6887.95898 0.628092
6890.29346 0.650807
6892.62842 0.665154
6894.96289 0.672841
6897.29736 0.678102
6899.63184 0.682
6901.96631 0.684297
6904.30078 0.687979
6906.63574 0.690922
6908.97021 0.694469
6911.30469 0.696817
6913.63916 0.700078
6915.97363 0.700954
6918.30811 0.701095
6920.64258 0.700665
6922.97754 0.699554
6925.31201 0.698636
6927.64648 0.698347
6929.98096 0.698285
6932.31543 0.701454
6934.64990 0.704635
6936.98486 0.705441
6939.31934 0.703762
6941.65381 0.695526
6943.98828 0.676618
6946.32275 0.643748
6948.65723 0.59421
6950.99170 0.529888
6953.32666 0.455907
6955.66113 0.379814
6957.99561 0.309042
6960.33008 0.246781
6962.66455 0.195063
6964.99902 0.153691
6967.33350 0.121054
6969.66846 0.0959928
6972.00293 0.0766488
6974.33740 0.0616739
6976.67188 0.0505658
6979.00635 0.0415944
6981.34082 0.0345721
6983.67578 0.0291363
6986.01025 0.0247099
6988.34473 0.0212512
6990.67920 0.0184419
6993.01367 0.0162404
6995.34814 0.0143818
6997.68262 0.0127732
7000.01758 0.0115048
7002.35205 0.0103811
7004.68652 0.00952932
7007.02100 0.00867011
7009.35547 0.00801806
7011.68994 0.00742758
7014.02490 0.00690625
7016.35938 0.00640556
7018.69385 0.00602134
7021.02832 0.00560532
7023.36279 0.00523064
7025.69727 0.00492007
7028.03174 0.00462683
7030.36670 0.0044181
7032.70117 0.00418564
7035.03564 0.00396409
7037.37012 0.00377065
7039.70459 0.00369005
7042.03906 0.00355219
7044.37402 0.00332822
7046.70850 0.00322752
7049.04297 0.00311741
7753.94727 0.0
