threeML/data/optical_filters/LICK/LICK-f_8478_100.ecsv
# %ECSV 0.9
# ---
# datatype:
# - {name: wavelength, unit: Angstrom, datatype: float32}
# - {name: response, datatype: float32}
# meta: !!omap
# - {band_name: f_8478_100}
# - {group_name: LICK}
wavelength response
7516.33691 0.0
8351.48535 0.00558827
8353.82910 0.00589276
8356.17285 0.00629752
8358.51660 0.00657744
8360.86035 0.00700621
8363.20410 0.00750285
8365.54785 0.00809892
8367.89062 0.00867816
8370.23438 0.00924152
8372.57812 0.0100316
8374.92188 0.0109549
8377.26562 0.0119945
8379.60938 0.013372
8381.95312 0.0148506
8384.29688 0.0164579
8386.64062 0.0181594
8388.98438 0.0205766
8391.32812 0.0232518
8393.67188 0.0265317
8396.01562 0.030591
8398.35938 0.0353001
8400.70312 0.0411599
8403.04688 0.0485446
8405.39062 0.0574236
8407.73438 0.0685389
8410.07812 0.0821316
8412.42188 0.0986119
8414.76465 0.119179
8417.10840 0.14344
8419.45215 0.173004
8421.79590 0.20705
8424.13965 0.246657
8426.48340 0.2893
8428.82715 0.33564
8431.17090 0.3813
8433.51465 0.424524
8435.85840 0.464434
8438.20215 0.499155
8440.54590 0.527142
8442.88965 0.548363
8445.23340 0.564688
8447.57715 0.577808
8449.92090 0.589553
8452.26465 0.598557
8454.60840 0.605957
8456.95215 0.613812
8459.29492 0.620427
8461.63867 0.627308
8463.98242 0.632409
8466.32617 0.638553
8468.66992 0.643746
8471.01367 0.647291
8473.35742 0.647217
8475.70117 0.643496
8478.04492 0.636688
8480.38867 0.627963
8482.73242 0.617722
8485.07617 0.604985
8487.41992 0.592135
8489.76367 0.580052
8492.10742 0.567234
8494.45117 0.555838
8496.79492 0.544719
8499.13867 0.534628
8501.48242 0.528162
8503.82617 0.522774
8506.16895 0.519195
8508.51270 0.516867
8510.85645 0.516519
8513.20020 0.516554
8515.54395 0.513158
8517.88770 0.507845
8520.23145 0.497452
8522.57520 0.479981
8524.91895 0.455459
8527.26270 0.419819
8529.60645 0.377556
8531.95020 0.331222
8534.29395 0.283713
8536.63770 0.238684
8538.98145 0.198044
8541.32520 0.163504
8543.66895 0.1348
8546.01270 0.111042
8548.35645 0.0919466
8550.69922 0.0767042
8553.04297 0.0644932
8555.38672 0.0546151
8557.73047 0.0465168
8560.07422 0.040095
8562.41797 0.0345102
8564.76172 0.0303839
8567.10547 0.0269717
8569.44922 0.0238993
8571.79297 0.0212904
8574.13672 0.0192681
8576.48047 0.0173103
8578.82422 0.0157188
8581.16797 0.0140497
8583.51172 0.0125534
8585.85547 0.0115116
8588.19922 0.0103873
8590.54297 0.0097328
8592.88672 0.00901447
8595.23047 0.00863096
8597.57324 0.00817857
8599.91699 0.00784861
9459.90820 0.0
