threeML/data/optical_filters/LICK/LICK-f_5500_400.ecsv
# %ECSV 0.9
# ---
# datatype:
# - {name: wavelength, unit: Angstrom, datatype: float32}
# - {name: response, datatype: float32}
# meta: !!omap
# - {band_name: f_5500_400}
# - {group_name: LICK}
wavelength response
4509.00000 0.0
5010.00000 0.000129679
5020.00000 0.000166865
5030.00000 0.000205825
5040.00000 0.000267776
5050.00000 0.000333982
5060.00000 0.000409455
5070.00000 0.000510107
5080.00000 0.000638887
5090.00000 0.000795003
5100.00000 0.00100575
5110.00000 0.00126773
5120.00000 0.00160205
5130.00000 0.0020339
5140.00000 0.00262255
5150.00000 0.00337759
5160.00000 0.00442973
5170.00000 0.00588031
5180.00000 0.0079341
5190.00000 0.0108802
5200.00000 0.0151786
5210.00000 0.0216145
5220.00000 0.0316771
5230.00000 0.0472118
5240.00000 0.0727114
5250.00000 0.115137
5260.00000 0.183615
5270.00000 0.285536
5280.00000 0.413996
5290.00000 0.532568
5300.00000 0.598261
5310.00000 0.598724
5320.00000 0.558474
5330.00000 0.509931
5340.00000 0.470612
5350.00000 0.444869
5360.00000 0.431913
5370.00000 0.429726
5380.00000 0.436477
5390.00000 0.450447
5400.00000 0.469868
5410.00000 0.493673
5420.00000 0.518827
5430.00000 0.544041
5440.00000 0.567308
5450.00000 0.586657
5460.00000 0.6012
5470.00000 0.610684
5480.00000 0.615494
5490.00000 0.61656
5500.00000 0.615283
5510.00000 0.612336
5520.00000 0.608969
5530.00000 0.605723
5540.00000 0.602587
5550.00000 0.599804
5560.00000 0.596659
5570.00000 0.593128
5580.00000 0.588734
5590.00000 0.583214
5600.00000 0.576319
5610.00000 0.568436
5620.00000 0.559945
5630.00000 0.551148
5640.00000 0.542788
5650.00000 0.535291
5660.00000 0.528693
5670.00000 0.52274
5680.00000 0.516391
5690.00000 0.507472
5700.00000 0.492511
5710.00000 0.468511
5720.00000 0.432456
5730.00000 0.383701
5740.00000 0.326134
5750.00000 0.266061
5760.00000 0.208709
5770.00000 0.159947
5780.00000 0.120326
5790.00000 0.0895018
5800.00000 0.0668605
5810.00000 0.0500838
5820.00000 0.0377228
5830.00000 0.0286695
5840.00000 0.0220428
5850.00000 0.017089
5860.00000 0.0133607
5870.00000 0.0105555
5880.00000 0.00840847
5890.00000 0.00673043
5900.00000 0.00544172
5910.00000 0.00443248
5920.00000 0.00361762
5930.00000 0.00298044
5940.00000 0.00247536
5950.00000 0.00205237
5960.00000 0.00171597
5970.00000 0.00143916
5980.00000 0.00120896
5990.00000 0.00101574
6589.00000 0.0
