threeML/data/optical_filters/LICK/LICK-f_6563_75.ecsv
# %ECSV 0.9
# ---
# datatype:
# - {name: wavelength, unit: Angstrom, datatype: float32}
# - {name: response, datatype: float32}
# meta: !!omap
# - {band_name: f_6563_75}
# - {group_name: LICK}
wavelength response
5806.67529 0.0
6451.86133 0.00251619
6454.20947 0.00265291
6456.55762 0.00281561
6458.90576 0.00297977
6461.25391 0.00315205
6463.60205 0.00338446
6465.95020 0.00356713
6468.29834 0.00386966
6470.64648 0.00429031
6472.99512 0.00445275
6475.34277 0.00526047
6477.69141 0.00581002
6480.03955 0.00639489
6482.38770 0.00722433
6484.73584 0.00817021
6487.08398 0.00934821
6489.43213 0.0108822
6491.78027 0.0126717
6494.12842 0.0150341
6496.47656 0.017836
6498.82471 0.0214325
6501.17285 0.0261969
6503.52100 0.0322103
6505.86963 0.0401146
6508.21777 0.0504818
6510.56592 0.0639405
6512.91406 0.0817501
6515.26221 0.105514
6517.61035 0.137267
6519.95850 0.178303
6522.30664 0.231352
6524.65479 0.297214
6527.00293 0.374165
6529.35107 0.459458
6531.69922 0.546851
6534.04736 0.627011
6536.39551 0.693213
6538.74414 0.740988
6541.09229 0.771552
6543.44043 0.78868
6545.78857 0.797337
6548.13672 0.800575
6550.48486 0.802131
6552.83301 0.803597
6555.18115 0.804109
6557.52930 0.804046
6559.87744 0.803723
6562.22559 0.803373
6564.57373 0.800514
6566.92188 0.798545
6569.27051 0.794105
6571.61816 0.788398
6573.96680 0.782369
6576.31494 0.777762
6578.66309 0.772093
6581.01123 0.766086
6583.35938 0.759236
6585.70752 0.752666
6588.05566 0.743404
6590.40381 0.727933
6592.75195 0.702641
6595.10010 0.665364
6597.44824 0.61464
6599.79639 0.548563
6602.14502 0.474184
6604.49316 0.396214
6606.84131 0.322165
6609.18945 0.256148
6611.53760 0.201693
6613.88574 0.157876
6616.23389 0.124211
6618.58203 0.098347
6620.93018 0.0784402
6623.27832 0.0631271
6625.62646 0.0512191
6627.97461 0.0421058
6630.32275 0.0347787
6632.67090 0.0293097
6635.01953 0.024677
6637.36768 0.0211518
6639.71582 0.0182014
6642.06396 0.0159364
6644.41211 0.0140088
6646.76025 0.012295
6649.10840 0.0111044
6651.45654 0.00997997
6653.80469 0.00892915
6656.15283 0.00815718
6658.50098 0.00741773
6660.84912 0.00676267
6663.19727 0.00613035
6665.54541 0.00566019
6667.89404 0.00514466
6670.24219 0.00478566
6672.59033 0.00445389
6674.93848 0.00427628
6677.28662 0.00399839
6679.63477 0.00376005
6681.98291 0.00348791
6684.33105 0.00320951
6686.67920 0.00306238
6689.02734 0.0029275
6691.37549 0.00280874
6693.72363 0.00265736
6696.07178 0.00258384
6698.42041 0.00249693
7368.26270 0.0
