threeML/data/optical_filters/LICK/LICK-f_7250_500.ecsv
# %ECSV 0.9
# ---
# datatype:
# - {name: wavelength, unit: Angstrom, datatype: float32}
# - {name: response, datatype: float32}
# meta: !!omap
# - {band_name: f_7250_500}
# - {group_name: LICK}
wavelength response
6121.42285 0.0
6801.58105 0.00519889
6803.91553 0.00527411
6806.25000 0.0053257
6808.58447 0.00544561
6810.91943 0.0055621
6813.25391 0.00574221
6815.58838 0.00578082
6817.92285 0.00588487
6820.25732 0.00595174
6822.59180 0.00610023
6824.92627 0.00628274
6827.26123 0.00638066
6829.59570 0.00653557
6831.93018 0.00671762
6834.26465 0.00678608
6836.59912 0.00696011
6838.93359 0.00706726
6841.26807 0.00724244
6843.60303 0.00740334
6845.93750 0.00763889
6848.27197 0.00781437
6850.60645 0.00793067
6852.94092 0.00819713
6855.27539 0.00844347
6857.60986 0.0085906
6859.94482 0.00884928
6862.27930 0.00908608
6864.61377 0.00935503
6866.94824 0.00958803
6869.28271 0.0097829
6871.61719 0.0101408
6873.95166 0.0104114
6876.28662 0.0106337
6878.62109 0.0108788
6880.95557 0.0112565
6883.29004 0.0114194
6885.62451 0.0118399
6887.95898 0.0121335
6890.29346 0.0125387
6892.62842 0.0130095
6894.96289 0.0136388
6897.29736 0.0140733
6899.63184 0.0145611
6901.96631 0.0151626
6904.30078 0.0155893
6906.63574 0.0161388
6908.97021 0.0167654
6911.30469 0.017484
6913.63916 0.0180619
6915.97363 0.0188167
6918.30811 0.0195041
6920.64258 0.0202701
6922.97754 0.0209996
6925.31201 0.0220212
6927.64648 0.0230268
6929.98096 0.0241308
6932.31543 0.0252557
6934.64990 0.0264664
6936.98486 0.0276767
6939.31934 0.0289374
6941.65381 0.0304835
6943.98828 0.032019
6946.32275 0.0337022
6948.65723 0.0354163
6950.99170 0.0372541
6953.32666 0.0392589
6955.66113 0.0414122
6957.99561 0.0438632
6960.33008 0.0464036
6962.66455 0.049129
6964.99902 0.0521355
6967.33350 0.0554179
6969.66846 0.0587848
6972.00293 0.0622534
6974.33740 0.0659052
6976.67188 0.0703301
6979.00635 0.0748663
6981.34082 0.0793435
6983.67578 0.0847428
6986.01025 0.0903342
6988.34473 0.096282
6990.67920 0.102798
6993.01367 0.110053
6995.34814 0.117863
6997.68262 0.126005
7000.01758 0.135272
7002.35205 0.145032
7004.68652 0.155623
7007.02100 0.166795
7009.35547 0.178622
7011.68994 0.191735
7014.02490 0.205642
7016.35938 0.220556
7018.69385 0.236963
7021.02832 0.253953
7023.36279 0.272193
7025.69727 0.291287
7028.03174 0.312183
7030.36670 0.333647
7032.70117 0.35669
7035.03564 0.380276
7037.37012 0.404695
7039.70459 0.431678
7042.03906 0.457807
7044.37402 0.485246
7046.70850 0.512551
7049.04297 0.539259
7051.37744 0.565365
7053.71191 0.592259
7056.04639 0.617929
7058.38086 0.642239
7060.71582 0.666124
7063.05029 0.68783
7065.38477 0.70849
7067.71924 0.727631
7070.05371 0.74474
7072.38818 0.760435
7074.72266 0.773914
7077.05762 0.785324
7079.39209 0.794915
7081.72656 0.803861
7084.06104 0.81054
7086.39551 0.815663
7088.72998 0.818808
7091.06494 0.820306
7093.39941 0.821311
7095.73389 0.820127
7098.06836 0.817717
7100.40283 0.816212
7102.73730 0.814158
7105.07178 0.811163
7107.40674 0.808408
7109.74121 0.806058
7112.07568 0.802996
7114.41016 0.799648
7116.74463 0.797108
7119.07910 0.794241
7121.41357 0.789999
7123.74854 0.786051
7126.08301 0.782698
7128.41748 0.778685
7130.75195 0.775925
7133.08643 0.772466
7135.42090 0.769598
7137.75537 0.768243
7140.09033 0.765183
7142.42480 0.763551
7144.75928 0.761581
7147.09375 0.760613
7149.42822 0.760636
7151.76270 0.759712
7154.09717 0.758947
7156.43213 0.758651
7158.76660 0.758805
7161.10107 0.758325
7163.43555 0.757837
7165.77002 0.758406
7168.10449 0.756932
7170.43896 0.758249
7172.77393 0.757736
7175.10840 0.758217
7177.44287 0.758628
7179.77734 0.759392
7182.11182 0.760746
7184.44629 0.761095
7186.78076 0.763504
7189.11572 0.767372
7191.45020 0.766972
7193.78467 0.769499
7196.11914 0.76991
7198.45361 0.771001
7200.78809 0.771203
7203.12305 0.772354
7205.45752 0.772838
7207.79199 0.777039
7210.12646 0.778003
7212.46094 0.780056
7214.79541 0.781522
7217.12988 0.782751
7219.46484 0.785414
7221.79932 0.786888
7224.13379 0.789686
7226.46826 0.792173
7228.80273 0.794581
7231.13721 0.794968
7233.47168 0.794165
7235.80664 0.796641
7238.14111 0.797302
7240.47559 0.79793
7242.81006 0.798785
7245.14453 0.799543
7247.47900 0.800139
7249.81396 0.801078
7252.14844 0.800958
7254.48291 0.802908
7256.81738 0.805235
7259.15186 0.804923
7261.48633 0.806256
7263.82080 0.806308
7266.15576 0.806742
7268.49023 0.808446
7270.82471 0.807405
7273.15918 0.808288
7275.49365 0.809217
7277.82812 0.809341
7280.16309 0.811414
7282.49756 0.811218
7284.83203 0.811512
7287.16650 0.811728
7289.50098 0.811617
7291.83545 0.811589
7294.16992 0.810675
7296.50488 0.811375
7298.83936 0.810693
7301.17383 0.808836
7303.50830 0.808387
7305.84277 0.809679
7308.17725 0.809023
7310.51221 0.809788
7312.84668 0.809429
7315.18115 0.811369
7317.51562 0.810647
7319.85010 0.812068
7322.18457 0.812042
7324.51904 0.810542
7326.85400 0.810622
7329.18848 0.810119
7331.52295 0.808486
7333.85742 0.80815
7336.19189 0.806957
7338.52637 0.805954
7340.86084 0.806432
7343.19580 0.807487
7345.53027 0.807509
7347.86475 0.806691
7350.19922 0.807692
7352.53369 0.807338
7354.86816 0.808676
7357.20312 0.809899
7359.53760 0.80904
7361.87207 0.808611
7364.20654 0.806628
7366.54102 0.806981
7368.87549 0.806741
7371.20996 0.804995
7373.54492 0.803877
7375.87939 0.803902
7378.21387 0.802966
7380.54834 0.801984
7382.88281 0.802283
7385.21729 0.801146
7387.55176 0.801893
7389.88672 0.802186
7392.22119 0.802465
7394.55566 0.802127
7396.89014 0.800455
7399.22461 0.799378
7401.55908 0.798626
7403.89404 0.796604
7406.22852 0.794678
7408.56299 0.792347
7410.89746 0.789682
7413.23193 0.787294
7415.56641 0.784377
7417.90088 0.7815
7420.23584 0.779442
7422.57031 0.77648
7424.90479 0.772548
7427.23926 0.769367
7429.57373 0.76613
7431.90820 0.761578
7434.24268 0.756713
7436.57764 0.751368
7438.91211 0.744845
7441.24658 0.737624
7443.58105 0.729672
7445.91553 0.722203
7448.25000 0.714567
7450.58447 0.706375
7452.91943 0.69765
7455.25391 0.688505
7457.58838 0.677858
7459.92285 0.666143
7462.25732 0.653601
7464.59180 0.642259
7466.92627 0.629484
7469.26123 0.616306
7471.59570 0.60388
7473.93018 0.590377
7476.26465 0.575496
7478.59912 0.562001
7480.93359 0.546277
7483.26807 0.530932
7485.60303 0.51536
7487.93750 0.499526
7490.27197 0.483588
7492.60645 0.467782
7494.94092 0.451826
7497.27539 0.436653
7499.60986 0.421115
7501.94482 0.405552
7504.27930 0.3901
7506.61377 0.374703
7508.94824 0.359496
7511.28271 0.345384
7513.61719 0.331701
7515.95215 0.318472
7518.28662 0.304693
7520.62109 0.291331
7522.95557 0.278227
7525.29004 0.265582
7527.62451 0.253621
7529.95898 0.242221
7532.29395 0.231294
7534.62842 0.220945
7536.96289 0.211083
7539.29736 0.201352
7541.63184 0.191956
7543.96631 0.182925
7546.30127 0.175158
7548.63574 0.167211
7550.97021 0.159188
7553.30469 0.151762
7555.63916 0.144724
7557.97363 0.137794
7560.30811 0.131406
7562.64307 0.125234
7564.97754 0.11913
7567.31201 0.113721
7569.64648 0.108065
7571.98096 0.103261
7574.31543 0.0990168
7576.64990 0.0946155
7578.98486 0.090442
7581.31934 0.0866357
7583.65381 0.0828464
7585.98828 0.0790835
7588.32275 0.0754579
7590.65723 0.0721218
7592.99219 0.0685903
7595.32666 0.0657287
7597.66113 0.0632746
7599.99561 0.0608154
7602.33008 0.0582898
7604.66455 0.0558466
7606.99902 0.0538538
7609.33398 0.0519317
7611.66846 0.0501605
7614.00293 0.0482062
7616.33740 0.0460294
7618.67188 0.0438963
7621.00635 0.0421694
7623.34131 0.0405976
7625.67578 0.0389029
7628.01025 0.0371093
7630.34473 0.0357533
7632.67920 0.0345199
7635.01367 0.0332975
7637.34814 0.0325718
7639.68311 0.0313996
7642.01758 0.0304694
7644.35205 0.0293013
7646.68652 0.0286436
7649.02100 0.0273941
7651.35547 0.0264237
7653.69043 0.0250436
7656.02490 0.0242945
7658.35938 0.02333
7660.69385 0.0227512
7663.02832 0.0219806
7665.36279 0.0212563
7667.69727 0.0207049
7670.03223 0.0201148
7672.36670 0.0195361
7674.70117 0.0188014
7677.03564 0.0183773
7679.37012 0.0179128
7681.70459 0.0174317
7684.03906 0.0169763
7686.37402 0.016595
7688.70850 0.01615
7691.04297 0.0156645
7693.37744 0.0153196
7695.71191 0.0151255
7698.04639 0.0146088
7700.38086 0.0142388
7702.71582 0.0138671
7705.05029 0.0133474
7707.38477 0.0131745
7709.71924 0.0128463
7712.05371 0.0124365
7714.38818 0.0121173
7716.72266 0.0118584
7719.05762 0.0115414
7721.39209 0.0114607
7723.72656 0.0111212
7726.06104 0.0108597
7728.39551 0.0106228
7730.72998 0.0103733
7733.06494 0.0100774
7735.39941 0.00986393
7737.73389 0.00974083
7740.06836 0.00965452
7742.40283 0.00946527
7744.73730 0.00923868
7747.07178 0.00903195
7749.40674 0.0088501
7751.74121 0.00878646
7754.07568 0.00866101
7756.41016 0.00832283
7758.74463 0.00810622
7761.07910 0.00796597
7763.41357 0.00786231
7765.74854 0.00780003
7768.08301 0.00761545
7770.41748 0.00758232
7772.75195 0.00753178
7775.08643 0.00751567
7777.42090 0.00739586
7779.75537 0.00729232
7782.09033 0.00713717
7784.42480 0.00704495
7786.75928 0.0069509
7789.09375 0.00682664
7791.42822 0.00686772
7793.76270 0.00668616
7796.09717 0.00658717
7798.43213 0.00642283
8578.27539 0.0
