threeML/data/optical_filters/LICK/LICK-f_9230_100.ecsv
# %ECSV 0.9
# ---
# datatype:
# - {name: wavelength, unit: Angstrom, datatype: float32}
# - {name: response, datatype: float32}
# meta: !!omap
# - {band_name: f_9230_100}
# - {group_name: LICK}
wavelength response
8191.32178 0.0
9101.46875 0.00611852
9103.81250 0.00636845
9106.15625 0.00644128
9108.50000 0.00650415
9110.84375 0.00651838
9113.18750 0.00653989
9115.53125 0.00673891
9117.87500 0.0070002
9120.21875 0.00749171
9122.56250 0.00801136
9124.90625 0.00876527
9127.25000 0.00950286
9129.59375 0.0103897
9131.93750 0.0115144
9134.28125 0.0126426
9136.62500 0.0140704
9138.96875 0.0155126
9141.31250 0.0173494
9143.65625 0.019645
9145.99902 0.0221393
9148.34277 0.0247434
9150.68652 0.0280906
9153.03027 0.0323769
9155.37402 0.0369788
9157.71777 0.0424987
9160.06152 0.0498721
9162.40527 0.0587107
9164.74902 0.0694006
9167.09277 0.0830911
9169.43652 0.100137
9171.78027 0.121315
9174.12402 0.147219
9176.46777 0.18039
9178.81152 0.220698
9181.15527 0.269296
9183.49902 0.32526
9185.84277 0.386351
9188.18652 0.448837
9190.53027 0.510505
9192.87305 0.563417
9195.21680 0.606684
9197.56055 0.642509
9199.90430 0.668712
9202.24805 0.689162
9204.59180 0.700614
9206.93555 0.704984
9209.27930 0.708063
9211.62305 0.708082
9213.96680 0.709363
9216.31055 0.709922
9218.65430 0.709284
9220.99805 0.710873
9223.34180 0.712737
9225.68555 0.711821
9228.02930 0.710949
9230.37305 0.712762
9232.71680 0.713475
9235.06055 0.713406
9237.40332 0.713731
9239.74707 0.713642
9242.09082 0.7134
9244.43457 0.713064
9246.77832 0.712215
9249.12207 0.711756
9251.46582 0.71016
9253.80957 0.708353
9256.15332 0.703939
9258.49707 0.695144
9260.84082 0.681807
9263.18457 0.658989
9265.52832 0.627104
9267.87207 0.585492
9270.21582 0.534026
9272.55957 0.474942
9274.90332 0.412795
9277.24707 0.352564
9279.59082 0.296056
9281.93457 0.246979
9284.27734 0.204313
9286.62109 0.169387
9288.96484 0.14044
9291.30859 0.116556
9293.65234 0.0977776
9295.99609 0.0828985
9298.33984 0.0704447
9300.68359 0.0603566
9303.02734 0.052202
9305.37109 0.0455136
9307.71484 0.0402605
9310.05859 0.0355955
9312.40234 0.0317623
9314.74609 0.0296816
9317.08984 0.0271659
9319.43359 0.0241686
9321.77734 0.0227585
9324.12109 0.0215573
9326.46484 0.019877
9328.80762 0.0183555
9331.15137 0.0173582
9333.49512 0.0163346
9335.83887 0.0148862
9338.18262 0.0140447
9340.52637 0.0140543
9342.87012 0.0143255
9345.21387 0.0133919
9347.55762 0.0120218
9349.90137 0.0117269
10284.89160 0.0
