threeML/data/optical_filters/LICK/LICK-f_5190_80.ecsv
# %ECSV 0.9
# ---
# datatype:
# - {name: wavelength, unit: Angstrom, datatype: float32}
# - {name: response, datatype: float32}
# meta: !!omap
# - {band_name: f_5190_80}
# - {group_name: LICK}
wavelength response
4546.83350 0.0
5052.03711 0.00198934
5054.34570 0.00205065
5056.65430 0.00220546
5058.96289 0.002301
5061.27148 0.00222174
5063.58008 0.00222358
5065.88867 0.00236886
5068.19727 0.00225227
5070.50586 0.00250797
5072.81445 0.00246496
5075.12305 0.00236053
5077.43164 0.00255461
5079.74023 0.00274517
5082.04883 0.00269682
5084.35742 0.00286437
5086.66602 0.00307658
5088.97461 0.00299616
5091.28320 0.00300173
5093.59180 0.00313513
5095.90039 0.00344866
5098.20898 0.00351142
5100.51758 0.00375178
5102.82617 0.00386311
5105.13477 0.00409198
5107.44336 0.00443247
5109.75195 0.00480652
5112.06055 0.00527511
5114.36914 0.00545338
5116.67773 0.00607946
5118.98633 0.00646646
5121.29492 0.00728393
5123.60352 0.0080777
5125.91211 0.00924364
5128.22070 0.0103693
5130.52930 0.011948
5132.83789 0.0137507
5135.14648 0.0163893
5137.45508 0.0192627
5139.76367 0.0230607
5142.07227 0.0276422
5144.38086 0.0336154
5146.68945 0.0408501
5148.99805 0.0503281
5151.30664 0.0629652
5153.61523 0.0792564
5155.92383 0.100442
5158.23242 0.129267
5160.54102 0.164732
5162.84961 0.209418
5165.15820 0.267655
5167.46680 0.3366
5169.77539 0.413271
5172.08398 0.496471
5174.39258 0.579742
5176.70117 0.653531
5179.00977 0.713916
5181.31836 0.758179
5183.62695 0.790916
5185.93555 0.809494
5188.24414 0.814337
5190.55273 0.819713
5192.86133 0.818524
5195.16992 0.81841
5197.47852 0.818893
5199.78711 0.815565
5202.09570 0.821366
5204.40430 0.823003
5206.71289 0.819714
5209.02148 0.827065
5211.33008 0.829029
5213.63818 0.828482
5215.94678 0.829334
5218.25537 0.830294
5220.56396 0.827263
5222.87256 0.82184
5225.18164 0.808366
5227.49023 0.793694
5229.79883 0.776017
5232.10742 0.749
5234.41602 0.709334
5236.72461 0.656931
5239.03320 0.601395
5241.34131 0.534819
5243.64990 0.464672
5245.95850 0.396945
5248.26709 0.335121
5250.57568 0.277047
5252.88428 0.228567
5255.19287 0.186342
5257.50146 0.152893
5259.81006 0.124006
5262.11914 0.101711
5264.42773 0.0836778
5266.73633 0.0691972
5269.04443 0.0577126
5271.35303 0.0481811
5273.66162 0.0406112
5275.97021 0.0346639
5278.27881 0.0295404
5280.58740 0.0253973
5282.89600 0.0224426
5285.20459 0.0193354
5287.51318 0.0170064
5289.82178 0.0153003
5292.13037 0.01341
5294.43896 0.0120475
5296.74756 0.0111546
5299.05615 0.00996542
5301.36475 0.00878622
5303.67334 0.00826688
5305.98193 0.00777214
5308.29053 0.00695548
5310.59912 0.00652394
5312.90771 0.0062438
5315.21631 0.00561547
5317.52490 0.00525112
5319.83350 0.00499466
5322.14209 0.00452941
5324.45068 0.00420475
5326.75928 0.00389659
5329.06787 0.00357693
5331.37646 0.0034517
5333.68506 0.0033516
5335.99365 0.0031125
5338.30225 0.00285716
5340.61084 0.00265385
5342.91943 0.00263893
5345.22803 0.00257764
5347.53662 0.00238038
5349.84521 0.00229127
5884.82959 0.0
