threeML/data/optical_filters/LICK/LICK-f_5110_80.ecsv
# %ECSV 0.9
# ---
# datatype:
# - {name: wavelength, unit: Angstrom, datatype: float32}
# - {name: response, datatype: float32}
# meta: !!omap
# - {band_name: f_5110_80}
# - {group_name: LICK}
wavelength response
4501.12305 0.0
5001.24805 0.00249718
5003.55664 0.00247937
5005.86523 0.00255297
5008.17383 0.00276505
5010.48242 0.00289527
5012.79102 0.00307385
5015.09961 0.00308241
5017.40820 0.00322407
5019.71680 0.00338535
5022.02539 0.00356071
5024.33398 0.00380353
5026.64258 0.00416596
5028.95117 0.00430534
5031.25977 0.00460648
5033.56836 0.00492166
5035.87695 0.00535814
5038.18555 0.00595503
5040.49414 0.00652347
5042.80273 0.00733259
5045.11133 0.00806548
5047.41992 0.00898802
5049.72852 0.0104995
5052.03711 0.0119131
5054.34570 0.0136083
5056.65430 0.0160156
5058.96289 0.01884
5061.27148 0.0226105
5063.58008 0.0268043
5065.88867 0.0321722
5068.19727 0.0392583
5070.50586 0.0476582
5072.81445 0.0595435
5075.12305 0.0750714
5077.43164 0.0938904
5079.74023 0.117479
5082.04883 0.147944
5084.35742 0.186428
5086.66602 0.231954
5088.97461 0.286895
5091.28320 0.350384
5093.59180 0.416679
5095.90039 0.483588
5098.20898 0.546632
5100.51758 0.60692
5102.82617 0.654042
5105.13477 0.691125
5107.44336 0.718857
5109.75195 0.738623
5112.06055 0.759045
5114.36914 0.772984
5116.67773 0.782572
5118.98633 0.787136
5121.29492 0.789706
5123.60352 0.793527
5125.91211 0.797658
5128.22070 0.797375
5130.52930 0.797513
5132.83789 0.803425
5135.14648 0.802522
5137.45508 0.800628
5139.76367 0.802882
5142.07227 0.803124
5144.38086 0.805826
5146.68945 0.800899
5148.99805 0.790066
5151.30664 0.776064
5153.61523 0.75461
5155.92383 0.719824
5158.23242 0.670125
5160.54102 0.608756
5162.84961 0.539599
5165.15820 0.466304
5167.46680 0.393127
5169.77539 0.324653
5172.08398 0.265055
5174.39258 0.214833
5176.70117 0.172914
5179.00977 0.139428
5181.31836 0.113288
5183.62695 0.0923446
5185.93555 0.0753205
5188.24414 0.0623649
5190.55273 0.0520873
5192.86133 0.0434492
5195.16992 0.0364756
5197.47852 0.0310025
5199.78711 0.0264071
5202.09570 0.0229089
5204.40430 0.0201965
5206.71289 0.0175333
5209.02148 0.015714
5211.33008 0.0134803
5213.63818 0.0120688
5215.94678 0.0108735
5218.25537 0.00983613
5220.56396 0.00903515
5222.87256 0.0082865
5225.18164 0.00733448
5227.49023 0.00683036
5229.79883 0.00628077
5232.10742 0.00586881
5234.41602 0.00532367
5236.72461 0.00499485
5239.03320 0.00452438
5241.34131 0.00449849
5243.64990 0.00409495
5245.95850 0.00382185
5248.26709 0.00346597
5250.57568 0.0033254
5252.88428 0.00310985
5255.19287 0.00291129
5257.50146 0.002799
5259.81006 0.00266962
5262.11914 0.00244636
5264.42773 0.00237642
5266.73633 0.0024038
5269.04443 0.00210269
5271.35303 0.00211093
5273.66162 0.00196066
5275.97021 0.00184613
5278.27881 0.0017352
5280.58740 0.00174043
5282.89600 0.00179623
5285.20459 0.00162072
5287.51318 0.00158021
5289.82178 0.00155663
5292.13037 0.00144531
5294.43896 0.00138985
5296.74756 0.00146916
5299.05615 0.00140663
5828.96191 0.0
