threeML/data/optical_filters/LICK/LICK-f_7986_88.ecsv
# %ECSV 0.9
# ---
# datatype:
# - {name: wavelength, unit: Angstrom, datatype: float32}
# - {name: response, datatype: float32}
# meta: !!omap
# - {band_name: f_7986_88}
# - {group_name: LICK}
wavelength response
7065.18262 0.0
7850.20312 0.00304127
7852.53760 0.00314314
7854.87256 0.00324767
7857.20703 0.00328635
7859.54199 0.00339987
7861.87646 0.00339481
7864.21094 0.00335076
7866.54590 0.00347484
7868.88037 0.00359804
7871.21533 0.00361122
7873.54980 0.00369817
7875.88477 0.00387423
7878.21924 0.00402684
7880.55420 0.00432624
7882.88867 0.00478816
7885.22314 0.00499752
7887.55811 0.00531826
7889.89258 0.0057713
7892.22754 0.00626018
7894.56201 0.00674401
7896.89697 0.00750506
7899.23145 0.00846858
7901.56641 0.00927111
7903.90088 0.010176
7906.23535 0.0114809
7908.57031 0.0131582
7910.90479 0.0151161
7913.23975 0.0173193
7915.57422 0.0199249
7917.90918 0.0236346
7920.24365 0.0284476
7922.57861 0.0340282
7924.91309 0.0411774
7927.24756 0.0510555
7929.58252 0.0636233
7931.91699 0.080523
7934.25195 0.102189
7936.58643 0.131578
7938.92139 0.168196
7941.25586 0.215035
7943.59082 0.272325
7945.92529 0.338548
7948.25977 0.408879
7950.59473 0.477274
7952.92920 0.539085
7955.26416 0.587222
7957.59863 0.622973
7959.93359 0.645931
7962.26807 0.657112
7964.60303 0.663089
7966.93750 0.663441
7969.27197 0.66298
7971.60693 0.659006
7973.94141 0.655452
7976.27637 0.65414
7978.61084 0.655806
7980.94580 0.654869
7983.28027 0.65449
7985.61475 0.657157
7987.94971 0.660109
7990.28418 0.662819
7992.61914 0.663626
7994.95361 0.663104
7997.28857 0.663245
7999.62305 0.665941
8001.95801 0.666677
8004.29248 0.668103
8006.62695 0.668225
8008.96191 0.668655
8011.29639 0.668221
8013.63135 0.662759
8015.96582 0.64602
8018.30078 0.619977
8020.63525 0.584579
8022.97021 0.532441
8025.30469 0.47227
8027.63916 0.405583
8029.97412 0.338042
8032.30859 0.277635
8034.64355 0.224438
8036.97803 0.179825
8039.31299 0.14464
8041.64746 0.115518
8043.98242 0.092734
8046.31689 0.0751711
8048.65137 0.0609373
8050.98633 0.0499819
8053.32080 0.0416967
8055.65576 0.0350803
8057.99023 0.029934
8060.32520 0.0257324
8062.65967 0.0218849
8064.99463 0.0192739
8067.32910 0.016934
8069.66357 0.0152409
8071.99854 0.013686
8074.33301 0.0123755
8076.66797 0.0111836
8079.00244 0.0102284
8081.33740 0.00954632
8083.67188 0.00887932
8086.00635 0.00820248
8088.34131 0.00773714
8090.67578 0.00742046
8093.01074 0.00679679
8095.34521 0.00652565
8097.68018 0.00624594
8907.44824 0.0
