threeML/data/optical_filters/LICK/LICK-f_5646_65.ecsv
# %ECSV 0.9
# ---
# datatype:
# - {name: wavelength, unit: Angstrom, datatype: float32}
# - {name: response, datatype: float32}
# meta: !!omap
# - {band_name: f_5646_65}
# - {group_name: LICK}
wavelength response
4951.68359 0.0
5501.87061 0.00264185
5504.20361 0.00258196
5506.53711 0.0029633
5508.87061 0.00240915
5511.20361 0.00268128
5513.53711 0.00292003
5515.87012 0.002988
5518.20361 0.00320802
5520.53711 0.00341055
5522.87012 0.00323133
5525.20361 0.00336672
5527.53662 0.00317698
5529.87012 0.00305514
5532.20361 0.00323136
5534.53662 0.00336481
5536.87012 0.00314844
5539.20312 0.00343948
5541.53662 0.00348693
5543.87012 0.00333883
5546.20312 0.00377413
5548.53662 0.0038845
5550.87012 0.00388872
5553.20312 0.00356804
5555.53662 0.00426012
5557.86963 0.00454279
5560.20312 0.00450592
5562.53662 0.00490526
5564.86963 0.00524505
5567.20312 0.00568656
5569.53613 0.00617647
5571.86963 0.00624976
5574.20312 0.00713801
5576.53613 0.00818734
5578.86963 0.00915443
5581.20264 0.0108632
5583.53613 0.0124481
5585.86963 0.0148323
5588.20264 0.0178999
5590.53613 0.0215389
5592.86963 0.0263894
5595.20264 0.0335815
5597.53613 0.0430731
5599.86914 0.0554358
5602.20264 0.0729396
5604.53613 0.0984747
5606.86914 0.131037
5609.20264 0.177729
5611.53564 0.237192
5613.86914 0.311
5616.20264 0.397063
5618.53564 0.483498
5620.86914 0.558466
5623.20215 0.617328
5625.53564 0.655462
5627.86914 0.675184
5630.20215 0.683396
5632.53564 0.688198
5634.86914 0.687903
5637.20215 0.691348
5639.53564 0.695823
5641.86865 0.697292
5644.20215 0.699649
5646.53516 0.702162
5648.86865 0.699725
5651.20215 0.695815
5653.53516 0.694844
5655.86865 0.688945
5658.20166 0.68531
5660.53516 0.680821
5662.86865 0.677614
5665.20166 0.675525
5667.53516 0.669558
5669.86816 0.660016
5672.20166 0.634976
5674.53516 0.592502
5676.86816 0.531997
5679.20166 0.453443
5681.53516 0.37168
5683.86816 0.293253
5686.20166 0.22501
5688.53467 0.17055
5690.86816 0.129046
5693.20166 0.0981801
5695.53467 0.0755344
5697.86816 0.0585679
5700.20117 0.0461682
5702.53467 0.0370495
5704.86816 0.0303966
5707.20117 0.0248254
5709.53467 0.020456
5711.86768 0.0175634
5714.20117 0.0147194
5716.53467 0.0128708
5718.86768 0.0114646
5721.20117 0.0100733
5723.53467 0.00920073
5725.86768 0.00840043
5728.20117 0.0074849
5730.53418 0.0068336
5732.86768 0.00644786
5735.20117 0.00566156
5737.53418 0.0051194
5739.86768 0.00489056
5742.20068 0.00454528
5744.53418 0.00414749
5746.86768 0.00389588
5749.20068 0.00380505
5751.53418 0.00352668
5753.86719 0.00341084
5756.20068 0.0033443
5758.53418 0.00307932
5760.86719 0.00278693
5763.20068 0.00264357
5765.53418 0.00254834
5767.86719 0.00252283
5770.20068 0.00228073
5772.53369 0.00228236
5774.86719 0.00200196
5777.20068 0.00232191
5779.53369 0.00205232
5781.86719 0.00204189
5784.20020 0.00192297
5786.53369 0.00184613
5788.86719 0.00168575
5791.20020 0.00153073
5793.53369 0.00149466
5795.86670 0.00138146
5798.20020 0.0014383
6378.02002 0.0
