threeML/data/optical_filters/LICK/LICK-f_4100_100.ecsv
# %ECSV 0.9
# ---
# datatype:
# - {name: wavelength, unit: Angstrom, datatype: float32}
# - {name: response, datatype: float32}
# meta: !!omap
# - {band_name: f_4100_100}
# - {group_name: LICK}
wavelength response
3511.48730 0.0
3901.65259 0.00592037
3903.96362 0.0048653
3906.27466 0.00579164
3908.58569 0.00370162
3910.89648 0.00114759
3913.20752 0.0021415
3915.51855 0.00408321
3917.82959 0.00507894
3920.14062 0.0044196
3922.45166 0.00278466
3924.76270 0.00255732
3927.07349 0.00547224
3929.38452 0.00357649
3931.69556 0.00424889
3934.00659 0.00453254
3936.31738 0.00253749
3938.62842 0.00370904
3940.93945 0.00305907
3943.25049 0.0023889
3945.56152 0.00226744
3947.87256 0.00316967
3950.18359 0.00471372
3952.49438 0.0050047
3954.80542 0.00440344
3957.11646 0.00460794
3959.42749 0.00522807
3961.73853 0.00252484
3964.04956 0.00412715
3966.36035 0.00422733
3968.67139 0.00457513
3970.98242 0.00314502
3973.29346 0.00228136
3975.60449 0.00506624
3977.91528 0.0055949
3980.22632 0.00562101
3982.53735 0.00648667
3984.84839 0.00578718
3987.15942 0.00647385
3989.47046 0.00765408
3991.78149 0.00785141
3994.09229 0.0071363
3996.40332 0.00752259
3998.71436 0.0103097
4001.02539 0.0111131
4003.33618 0.0115146
4005.64722 0.0147348
4007.95825 0.0154945
4010.26929 0.017058
4012.58032 0.0187804
4014.89136 0.023169
4017.20239 0.027452
4019.51318 0.0312678
4021.82422 0.0367748
4024.13525 0.042115
4026.44629 0.0499618
4028.75708 0.0568461
4031.06812 0.069893
4033.37915 0.0837927
4035.69019 0.0993887
4038.00122 0.116672
4040.31226 0.140974
4042.62329 0.163629
4044.93408 0.190804
4047.24512 0.22305
4049.55615 0.255985
4051.86719 0.288095
4054.17798 0.31889
4056.48901 0.349534
4058.80005 0.372739
4061.11108 0.397696
4063.42212 0.412753
4065.73315 0.428976
4068.04419 0.440671
4070.35498 0.449351
4072.66602 0.458241
4074.97705 0.467731
4077.28809 0.472432
4079.59912 0.476496
4081.91016 0.48278
4084.22095 0.484595
4086.53198 0.490012
4088.84302 0.491906
4091.15405 0.492298
4093.46509 0.494683
4095.77588 0.496999
4098.08691 0.497285
4100.39795 0.5044
4102.70898 0.501354
4105.02002 0.501447
4107.33105 0.498897
4109.64209 0.497417
4111.95312 0.495204
4114.26367 0.49258
4116.57471 0.490749
4118.88574 0.484053
4121.19678 0.479138
4123.50781 0.46839
4125.81885 0.457904
4128.12988 0.446962
4130.44092 0.431225
4132.75195 0.411885
4135.06299 0.38965
4137.37402 0.363293
4139.68506 0.337786
4141.99609 0.307475
4144.30664 0.275198
4146.61768 0.244649
4148.92871 0.215295
4151.23975 0.18797
4153.55078 0.16285
4155.86182 0.140825
4158.17285 0.12081
4160.48389 0.105475
4162.79492 0.0900026
4165.10596 0.0761916
4167.41699 0.0660397
4169.72803 0.0569438
4172.03857 0.0486173
4174.34961 0.0431415
4176.66064 0.0376094
4178.97168 0.0325101
4181.28271 0.0286281
4183.59375 0.0251898
4185.90479 0.0223382
4188.21582 0.0200145
4190.52686 0.0183284
4192.83789 0.0158879
4195.14893 0.0144046
4197.45947 0.0134358
4199.77051 0.0120969
4202.08154 0.0106082
4204.39258 0.00945116
4206.70361 0.0091409
4209.01465 0.008111
4211.32568 0.00674632
4213.63672 0.00627139
4215.94775 0.00603268
4218.25879 0.00605649
4220.56982 0.00560946
4222.88037 0.00492684
4225.19141 0.00421951
4227.50244 0.00417898
4229.81348 0.00369887
4232.12451 0.0030637
4234.43555 0.00312328
4236.74658 0.0025179
4239.05762 0.00284018
4241.36865 0.0022622
4243.67969 0.00254903
4245.99072 0.00269907
4248.30127 0.00248348
4250.61230 0.00225675
4252.92334 0.0018076
4255.23438 0.00203563
4257.54541 0.00200105
4259.85645 0.00173617
4262.16748 0.00159026
4264.47852 0.00130881
4266.78955 0.00124203
4269.10059 0.00131962
4271.41162 0.0018249
4273.72217 0.00143662
4276.03320 0.000653158
4278.34424 0.00109957
4280.65527 0.00109131
4282.96631 0.00100479
4285.27734 0.000744007
4287.58838 0.000846653
4289.89941 0.000620736
4292.21045 0.000207065
4294.52148 0.000595135
4296.83252 0.000859257
4299.14307 0.00042169
4729.05762 0.0
