threeML/data/optical_filters/LICK/LICK-f_5735_250.ecsv
# %ECSV 0.9
# ---
# datatype:
# - {name: wavelength, unit: Angstrom, datatype: float32}
# - {name: response, datatype: float32}
# meta: !!omap
# - {band_name: f_5735_250}
# - {group_name: LICK}
wavelength response
4861.38428 0.0
5401.53809 0.00587277
5403.87158 0.00585166
5406.20508 0.00592461
5408.53809 0.00592452
5410.87158 0.00565366
5413.20459 0.00533001
5415.53809 0.00621545
5417.87158 0.00600955
5420.20459 0.00551265
5422.53809 0.00586506
5424.87158 0.00605634
5427.20459 0.00595008
5429.53809 0.00625512
5431.87109 0.00605935
5434.20459 0.00609078
5436.53809 0.00666853
5438.87109 0.00687801
5441.20459 0.00672458
5443.53760 0.00711126
5445.87109 0.00711101
5448.20459 0.00704047
5450.53760 0.0074425
5452.87109 0.00694703
5455.20410 0.0078361
5457.53760 0.00769864
5459.87109 0.00768975
5462.20410 0.00795585
5464.53760 0.00844505
5466.87109 0.00821546
5469.20410 0.00825605
5471.53760 0.00869075
5473.87061 0.00829574
5476.20410 0.00889018
5478.53760 0.00889507
5480.87061 0.00918888
5483.20410 0.00990165
5485.53711 0.0097682
5487.87061 0.0102957
5490.20410 0.0101869
5492.53711 0.0105275
5494.87061 0.0113051
5497.20361 0.0116958
5499.53711 0.0118938
5501.87061 0.0121304
5504.20361 0.0123619
5506.53711 0.0129926
5508.87061 0.0133903
5511.20361 0.0142356
5513.53711 0.01419
5515.87012 0.0152882
5518.20361 0.0154991
5520.53711 0.0160428
5522.87012 0.0166978
5525.20361 0.0177207
5527.53662 0.0182399
5529.87012 0.0185851
5532.20361 0.0198194
5534.53662 0.0200891
5536.87012 0.0211565
5539.20312 0.0223004
5541.53662 0.0230912
5543.87012 0.0245576
5546.20312 0.026228
5548.53662 0.0279087
5550.87012 0.0289783
5553.20312 0.0303275
5555.53662 0.0327986
5557.86963 0.0348048
5560.20312 0.0368473
5562.53662 0.0392901
5564.86963 0.042186
5567.20312 0.0442558
5569.53613 0.0478906
5571.86963 0.050886
5574.20312 0.0539244
5576.53613 0.0589923
5578.86963 0.0625416
5581.20264 0.0673215
5583.53613 0.072612
5585.86963 0.0783437
5588.20264 0.0844925
5590.53613 0.0907597
5592.86963 0.098116
5595.20264 0.106037
5597.53613 0.114688
5599.86914 0.124316
5602.20264 0.13424
5604.53613 0.146497
5606.86914 0.158373
5609.20264 0.170471
5611.53564 0.185163
5613.86914 0.200847
5616.20264 0.217826
5618.53564 0.234368
5620.86914 0.25397
5623.20215 0.273823
5625.53564 0.2943
5627.86914 0.316959
5630.20215 0.339224
5632.53564 0.36226
5634.86914 0.385682
5637.20215 0.410156
5639.53564 0.434281
5641.86865 0.459358
5644.20215 0.48199
5646.53516 0.504937
5648.86865 0.526806
5651.20215 0.545979
5653.53516 0.566405
5655.86865 0.583347
5658.20166 0.599935
5660.53516 0.614347
5662.86865 0.624696
5665.20166 0.635959
5667.53516 0.64593
5669.86816 0.653842
5672.20166 0.661096
5674.53516 0.666326
5676.86816 0.66871
5679.20166 0.670167
5681.53516 0.672446
5683.86816 0.673576
5686.20166 0.672996
5688.53467 0.673648
5690.86816 0.673415
5693.20166 0.670589
5695.53467 0.670261
5697.86816 0.668936
5700.20117 0.665877
5702.53467 0.664231
5704.86816 0.663349
5707.20117 0.662399
5709.53467 0.656718
5711.86768 0.657609
5714.20117 0.655813
5716.53467 0.654151
5718.86768 0.652752
5721.20117 0.649963
5723.53467 0.648757
5725.86768 0.646363
5728.20117 0.643065
5730.53418 0.643491
5732.86768 0.642667
5735.20117 0.641542
5737.53418 0.638372
5739.86768 0.635743
5742.20068 0.635096
5744.53418 0.629784
5746.86768 0.629704
5749.20068 0.627403
5751.53418 0.624149
5753.86719 0.623423
5756.20068 0.619042
5758.53418 0.615208
5760.86719 0.614446
5763.20068 0.612017
5765.53418 0.608077
5767.86719 0.605706
5770.20068 0.602841
5772.53369 0.599253
5774.86719 0.598082
5777.20068 0.592346
5779.53369 0.59069
5781.86719 0.589038
5784.20020 0.584886
5786.53369 0.582638
5788.86719 0.579007
5791.20020 0.577534
5793.53369 0.575332
5795.86670 0.57168
5798.20020 0.569265
5800.53369 0.567027
5802.86670 0.56471
5805.20020 0.561966
5807.53369 0.558903
5809.86670 0.556096
5812.20020 0.552883
5814.53320 0.550859
5816.86670 0.547544
5819.20020 0.543992
5821.53320 0.539042
5823.86670 0.535506
5826.19971 0.531653
5828.53320 0.526585
5830.86670 0.521592
5833.19971 0.516635
5835.53320 0.507675
5837.86621 0.500566
5840.19971 0.492042
5842.53320 0.48233
5844.86621 0.472362
5847.19971 0.46133
5849.53320 0.448169
5851.86621 0.435318
5854.19971 0.421236
5856.53271 0.40412
5858.86621 0.389918
5861.19971 0.374323
5863.53271 0.358261
5865.86621 0.34055
5868.19922 0.323067
5870.53271 0.305956
5872.86621 0.288289
5875.19922 0.27117
5877.53271 0.255192
5879.86572 0.23903
5882.19922 0.22355
5884.53271 0.208908
5886.86572 0.194785
5889.19922 0.180335
5891.53271 0.1677
5893.86572 0.155798
5896.19922 0.144292
5898.53223 0.13409
5900.86572 0.124097
5903.19922 0.11434
5905.53223 0.106378
5907.86572 0.0983096
5910.19873 0.0911113
5912.53223 0.0840789
5914.86572 0.0782869
5917.19873 0.0725164
5919.53223 0.0666519
5921.86523 0.0639468
5924.19873 0.0585509
5926.53223 0.0509732
5928.86523 0.0504035
5931.19873 0.0463205
5933.53223 0.0432691
5935.86523 0.0402155
5938.19873 0.0375401
5940.53174 0.0346398
5942.86523 0.0324137
5945.19873 0.0303831
5947.53174 0.0282481
5949.86523 0.0267776
5952.19824 0.0250038
5954.53174 0.0234406
5956.86523 0.0217599
5959.19824 0.0205486
5961.53174 0.0194123
5963.86475 0.017798
5966.19824 0.0169612
5968.53174 0.0159905
5970.86475 0.0151094
5973.19824 0.0144005
5975.53174 0.0135013
5977.86475 0.0128276
5980.19824 0.0120366
5982.53125 0.0114101
5984.86475 0.010787
5987.19824 0.0102706
5989.53125 0.00955045
5991.86475 0.00912967
5994.19775 0.00881695
5996.53125 0.00843848
5998.86426 0.00787767
6001.19775 0.00746622
6003.53125 0.00712889
6005.86426 0.00683698
6008.19775 0.00649149
6010.53125 0.00619243
6012.86426 0.00582889
6015.19775 0.00575486
6017.53076 0.00532421
6019.86426 0.00510149
6022.19775 0.00504411
6024.53076 0.00461214
6026.86426 0.00433593
6029.19727 0.00442875
6031.53076 0.00416972
6033.86426 0.00402057
6036.19727 0.00386992
6038.53076 0.00358032
6040.86377 0.00341544
6043.19727 0.00334529
6045.53076 0.00319055
6047.86377 0.00333063
6050.19727 0.00320065
6052.53076 0.00288654
6054.86377 0.00288455
6057.19727 0.00264714
6059.53027 0.00270675
6061.86377 0.00256901
6064.19727 0.00247203
6066.53027 0.00235158
6068.86377 0.00225255
6071.19678 0.00210452
6073.53027 0.00206424
6075.86377 0.00208076
6078.19678 0.00198997
6080.53027 0.0020041
6082.86328 0.00194297
6085.19678 0.00174298
6087.53027 0.00177486
6089.86328 0.00177188
6092.19678 0.00159462
6094.53027 0.0016772
6096.86328 0.00158482
6099.19678 0.00138075
6709.11670 0.0
