threeML/data/optical_filters/LICK/LICK-f_4861_40.ecsv
# %ECSV 0.9
# ---
# datatype:
# - {name: wavelength, unit: Angstrom, datatype: float32}
# - {name: response, datatype: float32}
# meta: !!omap
# - {band_name: f_4861_40}
# - {group_name: LICK}
wavelength response
4320.56885 0.0
4800.63184 0.00197525
4801.80420 0.00204214
4802.97754 0.00217714
4804.14990 0.0022103
4805.32275 0.00224061
4806.49561 0.00239862
4807.66846 0.00243227
4808.84131 0.00250954
4810.01416 0.00264328
4811.18701 0.00278121
4812.35986 0.00291063
4813.53271 0.00296991
4814.70508 0.00317687
4815.87793 0.00349661
4817.05078 0.0036596
4818.22363 0.00385972
4819.39648 0.00426608
4820.56934 0.0046176
4821.74219 0.00504398
4822.91504 0.00556438
4824.08789 0.00609344
4825.26074 0.00686673
4826.43311 0.007974
4827.60596 0.00904637
4828.77881 0.0105551
4829.95166 0.0122327
4831.12451 0.0144601
4832.29736 0.0171092
4833.47021 0.0203664
4834.64307 0.0249597
4835.81592 0.0304028
4836.98877 0.0377911
4838.16162 0.0468342
4839.33398 0.0592866
4840.50684 0.0750591
4841.67969 0.0950627
4842.85254 0.121095
4844.02539 0.152917
4845.19824 0.192481
4846.37109 0.238315
4847.54395 0.289815
4848.71680 0.343706
4849.88916 0.399323
4851.06201 0.451736
4852.23486 0.497927
4853.40771 0.53751
4854.58057 0.569603
4855.75342 0.596314
4856.92627 0.619998
4858.09912 0.638882
4859.27197 0.659297
4860.44482 0.675307
4861.61768 0.690189
4862.79053 0.704808
4863.96289 0.713467
4865.13574 0.719837
4866.30859 0.721743
4867.48145 0.719216
4868.65430 0.711601
4869.82715 0.701842
4871.00000 0.688719
4872.17285 0.673413
4873.34570 0.658262
4874.51807 0.643701
4875.69092 0.630174
4876.86377 0.617947
4878.03662 0.607578
4879.20947 0.598413
4880.38232 0.587883
4881.55518 0.575263
4882.72803 0.556617
4883.90088 0.527718
4885.07373 0.488615
4886.24658 0.438527
4887.41943 0.380856
4888.59180 0.321607
4889.76465 0.263514
4890.93750 0.211805
4892.11035 0.16751
4893.28320 0.132373
4894.45605 0.104672
4895.62891 0.0822765
4896.80176 0.0657272
4897.97461 0.0527624
4899.14697 0.0430691
4900.31982 0.0354365
4901.49268 0.0292284
4902.66553 0.0245583
4903.83838 0.0209329
4905.01123 0.0178279
4906.18408 0.0155489
4907.35693 0.0135042
4908.52979 0.0117106
4909.70264 0.0104367
4910.87549 0.00933547
4912.04834 0.008413
4913.22070 0.00752953
4914.39355 0.00683473
4915.56641 0.0062645
4916.73926 0.005719
4917.91211 0.00524682
4919.08496 0.00491913
4920.25781 0.00459387
4921.43066 0.00426398
4922.60352 0.00400924
4923.77588 0.00378851
4924.94873 0.00357836
4926.12158 0.00338113
4927.29443 0.00323543
4928.46729 0.00305623
4929.64014 0.00293987
4930.81299 0.00281881
4931.98584 0.00272259
4933.15869 0.0026834
4934.33154 0.00255101
4935.50439 0.00239521
4936.67676 0.00233148
4937.84961 0.00230587
4939.02246 0.00219236
4940.19531 0.00213013
4941.36816 0.00212739
4942.54102 0.00202084
4943.71387 0.00197944
4944.88672 0.00198914
4946.05957 0.00184007
4947.23242 0.00181304
4948.40479 0.00176167
4949.57764 0.00167599
5444.53516 0.0
