threeML/data/optical_filters/LICK/LICK-f_6685_50.ecsv
# %ECSV 0.9
# ---
# datatype:
# - {name: wavelength, unit: Angstrom, datatype: float32}
# - {name: response, datatype: float32}
# meta: !!omap
# - {band_name: f_6685_50}
# - {group_name: LICK}
wavelength response
5896.67188 0.0
6551.85791 0.004008
6554.19141 0.00415282
6556.52441 0.00429591
6558.85791 0.00441177
6561.19141 0.00464403
6563.52441 0.00495056
6565.85791 0.00502343
6568.19092 0.0053327
6570.52441 0.00566539
6572.85791 0.00597087
6575.19092 0.00635789
6577.52441 0.00670667
6579.85742 0.00709242
6582.19092 0.00757986
6584.52441 0.00795987
6586.85742 0.00841394
6589.19092 0.00889554
6591.52441 0.00984216
6593.85742 0.01061
6596.19092 0.0112931
6598.52393 0.0121307
6600.85742 0.0134331
6603.19092 0.0145455
6605.52393 0.0157145
6607.85742 0.0170594
6610.19043 0.0186612
6612.52393 0.0205644
6614.85742 0.0228911
6617.19043 0.025089
6619.52393 0.02801
6621.85693 0.0312657
6624.19043 0.0349128
6626.52393 0.0388915
6628.85693 0.0438118
6631.19043 0.049674
6633.52393 0.0559528
6635.85693 0.0640008
6638.19043 0.0727783
6640.52344 0.0825142
6642.85693 0.0946233
6645.19043 0.108644
6647.52344 0.125256
6649.85693 0.144251
6652.18994 0.166395
6654.52344 0.191286
6656.85693 0.219268
6659.18994 0.251377
6661.52344 0.285655
6663.85645 0.322992
6666.18994 0.361765
6668.52344 0.398758
6670.85645 0.437421
6673.18994 0.474278
6675.52344 0.506273
6677.85645 0.533699
6680.18994 0.557821
6682.52295 0.57577
6684.85645 0.589191
6687.18994 0.597339
6689.52295 0.60111
6691.85645 0.607138
6694.18945 0.609702
6696.52295 0.608612
6698.85596 0.607686
6701.18945 0.603918
6703.52295 0.597562
6705.85596 0.58859
6708.18945 0.575549
6710.52246 0.558188
6712.85596 0.536588
6715.18945 0.510613
6717.52246 0.481345
6719.85596 0.448156
6722.18945 0.413994
6724.52246 0.376958
6726.85596 0.340253
6729.18896 0.305419
6731.52246 0.271048
6733.85596 0.23965
6736.18896 0.210902
6738.52246 0.184709
6740.85547 0.16173
6743.18896 0.141269
6745.52246 0.123076
6747.85547 0.108263
6750.18896 0.0955293
6752.52197 0.0840036
6754.85547 0.0743367
6757.18896 0.0655297
6759.52197 0.0582256
6761.85547 0.0520132
6764.18896 0.0463276
6766.52197 0.041589
6768.85547 0.037716
6771.18848 0.0341978
6773.52197 0.0306827
6775.85547 0.0275186
6778.18848 0.0252527
6780.52197 0.0229547
6782.85498 0.0207378
6785.18848 0.0191229
6787.52197 0.0177705
6789.85498 0.0160728
6792.18848 0.0149093
6794.52148 0.013761
6796.85498 0.0128604
6799.18848 0.0118385
6801.52148 0.0108973
6803.85498 0.0102962
6806.18848 0.00956345
6808.52148 0.00892412
6810.85498 0.00833242
6813.18799 0.00786125
6815.52148 0.00733667
6817.85498 0.00699232
6820.18799 0.00661353
6822.52148 0.0061158
6824.85449 0.00582694
6827.18799 0.00553156
6829.52148 0.0051867
6831.85449 0.00497936
6834.18799 0.00471065
6836.52100 0.0045274
6838.85449 0.00429604
6841.18799 0.00412965
6843.52100 0.00382569
6845.85449 0.0036917
6848.18799 0.00350647
6850.52100 0.00330343
6852.85449 0.00327328
6855.18750 0.00310801
6857.52100 0.00300751
6859.85449 0.00276125
6862.18750 0.00267372
6864.52100 0.00268343
6866.85400 0.00257297
6869.18750 0.00241406
6871.52100 0.00242083
6873.85400 0.00227394
6876.18750 0.00227622
6878.52051 0.00220011
6880.85400 0.00214111
6883.18750 0.00208412
6885.52051 0.00193949
6887.85400 0.00187739
6890.18750 0.00186765
6892.52051 0.00180873
6894.85400 0.00168661
6897.18701 0.00166576
6899.52051 0.00162626
7589.47266 0.0
