threeML/data/optical_filters/LICK/LICK-f_3953_60.ecsv
# %ECSV 0.9
# ---
# datatype:
# - {name: wavelength, unit: Angstrom, datatype: float32}
# - {name: response, datatype: float32}
# meta: !!omap
# - {band_name: f_3953_60}
# - {group_name: LICK}
wavelength response
3465.72974 0.0
3850.81079 0.0053835
3853.12183 0.00441511
3855.43286 0.0040112
3857.74390 0.000189307
3860.05469 0.00174459
3862.36572 0.00246813
3864.67676 0.0019124
3866.98779 0.00255652
3869.29883 0.0023008
3871.60986 0.00453077
3873.92090 0.00475448
3876.23169 0.00392415
3878.54272 0.00316539
3880.85376 0.00367668
3883.16479 0.00324745
3885.47559 0.004667
3887.78662 0.00806315
3890.09766 0.00464391
3892.40869 0.00817976
3894.71973 0.0139009
3897.03076 0.0144422
3899.34180 0.016018
3901.65259 0.0203151
3903.96362 0.0213949
3906.27466 0.0262319
3908.58569 0.0294022
3910.89648 0.0359936
3913.20752 0.0472686
3915.51855 0.0580704
3917.82959 0.07381
3920.14062 0.0915746
3922.45166 0.113969
3924.76270 0.14431
3927.07349 0.179451
3929.38452 0.212662
3931.69556 0.247384
3934.00659 0.284461
3936.31738 0.315265
3938.62842 0.339579
3940.93945 0.353059
3943.25049 0.368374
3945.56152 0.375077
3947.87256 0.381631
3950.18359 0.391044
3952.49438 0.393147
3954.80542 0.398369
3957.11646 0.397069
3959.42749 0.393114
3961.73853 0.396487
3964.04956 0.394268
3966.36035 0.397602
3968.67139 0.398654
3970.98242 0.397196
3973.29346 0.394719
3975.60449 0.392525
3977.91528 0.392628
3980.22632 0.393627
3982.53735 0.387842
3984.84839 0.376244
3987.15942 0.366126
3989.47046 0.342297
3991.78149 0.313799
3994.09229 0.279287
3996.40332 0.244112
3998.71436 0.207569
4001.02539 0.173152
4003.33618 0.141993
4005.64722 0.115595
4007.95825 0.0934901
4010.26929 0.0757955
4012.58032 0.0618276
4014.89136 0.0488288
4017.20239 0.0412382
4019.51318 0.0334826
4021.82422 0.0269129
4024.13525 0.0228974
4026.44629 0.0211274
4028.75708 0.0169425
4031.06812 0.0132531
4033.37915 0.0121336
4035.69019 0.00908699
4038.00122 0.00818728
4040.31226 0.00758462
4042.62329 0.00746751
4044.93408 0.00579103
4047.24512 0.004785
4049.55615 0.00550115
4051.86719 0.00501496
4054.17798 0.00344993
4056.48901 0.00413338
4058.80005 0.00338214
4061.11108 0.00201665
4063.42212 0.00194027
4065.73315 0.00291699
4068.04419 0.00296382
4070.35498 0.00219113
4072.66602 0.00256923
4074.97705 0.00209636
4077.28809 0.00285529
4079.59912 0.00279925
4081.91016 0.00155683
4084.22095 0.000866229
4086.53198 0.0017139
4088.84302 0.00129425
4091.15405 0.000619364
4093.46509 0.00147222
4095.77588 0.000520367
4098.08691 0.000421848
4507.89551 0.0
