threeML/data/optical_filters/LICK/LICK-f_6250_400.ecsv
# %ECSV 0.9
# ---
# datatype:
# - {name: wavelength, unit: Angstrom, datatype: float32}
# - {name: response, datatype: float32}
# meta: !!omap
# - {band_name: f_6250_400}
# - {group_name: LICK}
wavelength response
5310.43555 0.0
5900.48389 0.006331
5902.81934 0.00636707
5905.15479 0.00661869
5907.49023 0.00670918
5909.82568 0.00684765
5912.16162 0.00707167
5914.49707 0.00736919
5916.83252 0.00741969
5919.16797 0.00773959
5921.50342 0.00793109
5923.83887 0.00813188
5926.17432 0.00848333
5928.50977 0.00868254
5930.84521 0.0089517
5933.18066 0.00920506
5935.51611 0.00965037
5937.85156 0.00992364
5940.18701 0.0104009
5942.52246 0.0106395
5944.85791 0.0115004
5947.19336 0.0118466
5949.52881 0.0117428
5951.86426 0.012783
5954.20020 0.0130618
5956.53516 0.0137981
5958.87109 0.0146003
5961.20654 0.0152243
5963.54199 0.0159027
5965.87744 0.016742
5968.21289 0.0176181
5970.54834 0.0185988
5972.88379 0.0196447
5975.21924 0.020713
5977.55469 0.0221036
5979.89014 0.0233185
5982.22559 0.0247614
5984.56104 0.0261068
5986.89648 0.0278038
5989.23193 0.0296357
5991.56738 0.0316229
5993.90283 0.0337497
5996.23828 0.0361224
5998.57422 0.0385755
6000.90967 0.0411823
6003.24512 0.0441442
6005.58057 0.0473795
6007.91602 0.0508929
6010.25146 0.054686
6012.58691 0.0590065
6014.92236 0.0635873
6017.25781 0.068319
6019.59326 0.0738647
6021.92871 0.0801379
6024.26416 0.0864573
6026.59961 0.0936536
6028.93506 0.101109
6031.27051 0.109664
6033.60596 0.118771
6035.94141 0.128326
6038.27734 0.139199
6040.61279 0.151276
6042.94824 0.16385
6045.28369 0.177954
6047.61914 0.193095
6049.95459 0.208804
6052.29004 0.22572
6054.62549 0.244124
6056.96094 0.263929
6059.29639 0.284681
6061.63184 0.307194
6063.96729 0.329902
6066.30273 0.353717
6068.63818 0.378082
6070.97363 0.403176
6073.30908 0.427814
6075.64453 0.453213
6077.97998 0.478843
6080.31543 0.504113
6082.65088 0.528941
6084.98682 0.552851
6087.32227 0.575187
6089.65771 0.597066
6091.99316 0.615674
6094.32861 0.634033
6096.66406 0.64898
6098.99951 0.661957
6101.33496 0.673238
6103.67041 0.683507
6106.00586 0.693105
6108.34131 0.702304
6110.67676 0.708866
6113.01221 0.716778
6115.34766 0.721172
6117.68311 0.726477
6120.01855 0.72976
6122.35400 0.731163
6124.68994 0.732077
6127.02539 0.733507
6129.36084 0.733788
6131.69629 0.736006
6134.03174 0.738518
6136.36719 0.739576
6138.70264 0.742958
6141.03809 0.744647
6143.37354 0.745913
6145.70898 0.745933
6148.04443 0.746971
6150.37988 0.748263
6152.71533 0.750001
6155.05078 0.75202
6157.38623 0.755145
6159.72168 0.757003
6162.05713 0.75804
6164.39258 0.75919
6166.72803 0.75987
6169.06348 0.761454
6171.39941 0.764422
6173.73486 0.765448
6176.07031 0.766837
6178.40576 0.768512
6180.74121 0.768487
6183.07666 0.768199
6185.41211 0.77021
6187.74756 0.771537
6190.08301 0.772898
6192.41846 0.772821
6194.75391 0.772147
6197.08936 0.771515
6199.42480 0.770092
6201.76025 0.769764
6204.09570 0.769056
6206.43115 0.769159
6208.76660 0.768837
6211.10254 0.768791
6213.43799 0.767546
6215.77344 0.764894
6218.10889 0.763778
6220.44434 0.762048
6222.77979 0.761167
6225.11523 0.759597
6227.45068 0.758809
6229.78613 0.758172
6232.12158 0.756679
6234.45703 0.75487
6236.79248 0.753462
6239.12793 0.750681
6241.46338 0.749701
6243.79883 0.747613
6246.13428 0.747598
6248.46973 0.747078
6250.80518 0.746292
6253.14062 0.745276
6255.47607 0.743622
6257.81201 0.742102
6260.14746 0.739963
6262.48291 0.738087
6264.81836 0.735727
6267.15381 0.733891
6269.48926 0.732756
6271.82471 0.730258
6274.16016 0.727815
6276.49561 0.725912
6278.83105 0.724285
6281.16650 0.722542
6283.50195 0.720839
6285.83740 0.718055
6288.17285 0.715003
6290.50830 0.711832
6292.84375 0.707305
6295.17920 0.70275
6297.51514 0.698352
6299.85059 0.693929
6302.18604 0.691253
6304.52148 0.688488
6306.85693 0.684892
6309.19238 0.682743
6311.52783 0.679587
6313.86328 0.676345
6316.19873 0.671381
6318.53418 0.666596
6320.86963 0.662102
6323.20508 0.657278
6325.54053 0.652345
6327.87598 0.648324
6330.21143 0.644773
6332.54688 0.641906
6334.88232 0.639062
6337.21777 0.635652
6339.55322 0.631877
6341.88867 0.630149
6344.22461 0.628874
6346.56006 0.626349
6348.89551 0.623766
6351.23096 0.620223
6353.56641 0.615835
6355.90186 0.613056
6358.23730 0.609963
6360.57275 0.608123
6362.90820 0.607427
6365.24365 0.607066
6367.57910 0.607443
6369.91455 0.607007
6372.25000 0.607425
6374.58545 0.60712
6376.92090 0.60511
6379.25635 0.603097
6381.59180 0.601557
6383.92773 0.599298
6386.26318 0.597608
6388.59863 0.597498
6390.93408 0.59779
6393.26953 0.59838
6395.60498 0.598643
6397.94043 0.598684
6400.27588 0.597491
6402.61133 0.596421
6404.94678 0.592012
6407.28223 0.588435
6409.61768 0.584396
6411.95312 0.57872
6414.28857 0.573998
6416.62402 0.569103
6418.95947 0.56354
6421.29492 0.557545
6423.63037 0.551356
6425.96582 0.544509
6428.30127 0.536264
6430.63721 0.52743
6432.97266 0.517554
6435.30811 0.50525
6437.64355 0.493254
6439.97900 0.479849
6442.31445 0.466641
6444.64990 0.452556
6446.98535 0.438117
6449.32080 0.423669
6451.65625 0.409777
6453.99170 0.395489
6456.32715 0.381187
6458.66260 0.365843
6460.99805 0.349614
6463.33350 0.334032
6465.66895 0.318307
6468.00439 0.303532
6470.34033 0.289306
6472.67578 0.27566
6475.01123 0.262586
6477.34668 0.249256
6479.68213 0.236987
6482.01758 0.224574
6484.35303 0.212725
6486.68848 0.200559
6489.02393 0.18936
6491.35938 0.17875
6493.69482 0.168859
6496.03027 0.160073
6498.36572 0.151762
6500.70117 0.143085
6503.03662 0.135462
6505.37207 0.127878
6507.70752 0.120439
6510.04297 0.113479
6512.37842 0.106999
6514.71387 0.101277
6517.04980 0.0956214
6519.38525 0.0905066
6521.72070 0.0853878
6524.05615 0.0809238
6526.39160 0.0762468
6528.72705 0.0721651
6531.06250 0.0684631
6533.39795 0.0647004
6535.73340 0.0611874
6538.06885 0.0578973
6540.40430 0.0550483
6542.73975 0.0522042
6545.07520 0.0493782
6547.41064 0.0469839
6549.74609 0.0443935
6552.08154 0.042155
6554.41699 0.0399812
6556.75293 0.0379962
6559.08838 0.0362998
6561.42383 0.0345991
6563.75928 0.0328765
6566.09473 0.0313263
6568.43018 0.0300465
6570.76562 0.0285631
6573.10107 0.0271743
6575.43652 0.0259176
6577.77197 0.0246006
6580.10742 0.0234079
6582.44287 0.0223408
6584.77832 0.0215262
6587.11377 0.0206459
6589.44922 0.0197663
6591.78467 0.0189994
6594.12012 0.0181851
6596.45557 0.017418
6598.79102 0.016672
6601.12646 0.0159798
6603.46240 0.0153105
6605.79785 0.014634
6608.13330 0.0140166
6610.46875 0.0134707
6612.80420 0.0129149
6615.13965 0.0124173
6617.47510 0.0119309
6619.81055 0.0114897
6622.14600 0.0111131
6624.48145 0.0106851
6626.81689 0.0103576
6629.15234 0.0100063
6631.48779 0.0095531
6633.82324 0.00917504
6636.15869 0.00883965
6638.49414 0.00849321
6640.82959 0.00823129
6643.16553 0.00789396
6645.50098 0.00759628
6647.83643 0.00747081
6650.17188 0.00717296
6652.50732 0.00689329
6654.84277 0.00669763
6657.17822 0.00644587
6659.51367 0.00621316
6661.84912 0.00598022
6664.18457 0.00583694
6666.52002 0.00565994
6668.85547 0.00545868
6671.19092 0.00528808
6673.52637 0.00512644
6675.86182 0.00493283
6678.19727 0.00478862
6680.53271 0.00468918
6682.86816 0.00455833
6685.20361 0.00432387
6687.53906 0.00419084
6689.87500 0.00405794
6692.21045 0.00395478
6694.54590 0.00385692
6696.88135 0.00378233
6699.21680 0.00365574
7369.13867 0.0
