threeML/data/optical_filters/LICK/LICK-f_8000_100.ecsv
# %ECSV 0.9
# ---
# datatype:
# - {name: wavelength, unit: Angstrom, datatype: float32}
# - {name: response, datatype: float32}
# meta: !!omap
# - {band_name: f_8000_100}
# - {group_name: LICK}
wavelength response
7020.64404 0.0
7800.71582 0.00734334
7803.05957 0.00768836
7805.40332 0.00791963
7807.74707 0.00817256
7810.09082 0.00831963
7812.43408 0.00841609
7814.77783 0.00856696
7817.12158 0.00872042
7819.46533 0.0090155
7821.80908 0.0093685
7824.15283 0.00986123
7826.49658 0.0102399
7828.84033 0.0107864
7831.18408 0.0112671
7833.52783 0.0116903
7835.87109 0.0121223
7838.21484 0.0125519
7840.55859 0.0131395
7842.90234 0.0135301
7845.24609 0.0141262
7847.58984 0.0146592
7849.93359 0.0153987
7852.27734 0.0158656
7854.62109 0.0166877
7856.96484 0.0172509
7859.30811 0.0180345
7861.65186 0.0187725
7863.99561 0.0197721
7866.33936 0.020869
7868.68311 0.0221749
7871.02686 0.0238795
7873.37061 0.0255985
7875.71436 0.0271796
7878.05811 0.0285979
7880.40137 0.0300875
7882.74512 0.0318401
7885.08887 0.0337303
7887.43262 0.0357795
7889.77637 0.0383989
7892.12012 0.041219
7894.46387 0.0444543
7896.80762 0.0479932
7899.15137 0.0517011
7901.49512 0.0557459
7903.83838 0.0603976
7906.18213 0.0653698
7908.52588 0.0710577
7910.86963 0.0770968
7913.21338 0.0842534
7915.55713 0.0916463
7917.90088 0.0994965
7920.24463 0.107693
7922.58838 0.116907
7924.93213 0.127614
7927.27539 0.139794
7929.61914 0.153448
7931.96289 0.168136
7934.30664 0.184723
7936.65039 0.203172
7938.99414 0.223669
7941.33789 0.246463
7943.68164 0.270649
7946.02539 0.296795
7948.36914 0.324789
7950.71240 0.353513
7953.05615 0.385071
7955.39990 0.418413
7957.74365 0.451738
7960.08740 0.485898
7962.43115 0.518776
7964.77490 0.552258
7967.11865 0.585092
7969.46240 0.614864
7971.80566 0.642838
7974.14941 0.669527
7976.49316 0.690337
7978.83691 0.708362
7981.18066 0.72259
7983.52441 0.735664
7985.86816 0.748173
7988.21191 0.758863
7990.55566 0.769023
7992.89941 0.777559
7995.24268 0.784847
7997.58643 0.793061
7999.93018 0.79911
8002.27393 0.803846
8004.61768 0.804971
8006.96143 0.803054
8009.30518 0.799421
8011.64893 0.794144
8013.99268 0.786673
8016.33643 0.781378
8018.67969 0.770831
8021.02344 0.757189
8023.36719 0.742251
8025.71094 0.73012
8028.05469 0.714489
8030.39844 0.695165
8032.74219 0.673544
8035.08594 0.650128
8037.42969 0.625527
8039.77344 0.596789
8042.11670 0.566764
8044.46045 0.533403
8046.80420 0.498861
8049.14795 0.463926
8051.49170 0.42965
8053.83545 0.396765
8056.17920 0.365592
8058.52295 0.336761
8060.86670 0.309727
8063.20996 0.284599
8065.55371 0.262743
8067.89746 0.242362
8070.24121 0.223485
8072.58496 0.205536
8074.92871 0.188801
8077.27246 0.17366
8079.61621 0.159869
8081.95996 0.14714
8084.30371 0.135602
8086.64697 0.124779
8088.99072 0.114878
8091.33447 0.106502
8093.67822 0.0985189
8096.02197 0.0909631
8098.36572 0.0842395
8100.70947 0.0776949
8103.05322 0.0716975
8105.39697 0.066413
8107.74072 0.061748
8110.08398 0.057296
8112.42773 0.0531237
8114.77148 0.0495624
8117.11523 0.0462955
8119.45898 0.0435453
8121.80273 0.0409619
8124.14648 0.038469
8126.49023 0.0363182
8128.83398 0.0342663
8131.17773 0.0324807
8133.52100 0.0304908
8135.86475 0.0287466
8138.20850 0.0272253
8140.55225 0.0257121
8142.89600 0.0243798
8145.23975 0.0231533
8147.58350 0.021897
8149.92725 0.020887
8152.27100 0.0200153
8154.61426 0.0191209
8156.95801 0.0184543
8159.30176 0.0177608
8161.64551 0.0171478
8163.98926 0.0164502
8166.33301 0.0156374
8168.67676 0.0151786
8171.02051 0.0145573
8173.36426 0.0140691
8175.70801 0.0135461
8178.05127 0.0131815
8180.39502 0.0127505
8182.73877 0.0121941
8185.08252 0.0116051
8187.42627 0.0112702
8189.77002 0.0106645
8192.11328 0.0102545
8194.45703 0.00984429
8196.80078 0.0094481
8199.14453 0.00917949
9019.05859 0.0
