threeML/data/optical_filters/LICK/LICK-f_5580_65.ecsv
# %ECSV 0.9
# ---
# datatype:
# - {name: wavelength, unit: Angstrom, datatype: float32}
# - {name: response, datatype: float32}
# meta: !!omap
# - {band_name: f_5580_65}
# - {group_name: LICK}
wavelength response
4905.48389 0.0
5450.53760 0.00422597
5452.87109 0.0038993
5455.20410 0.00389954
5457.53760 0.00412992
5459.87109 0.00473399
5462.20410 0.0040922
5464.53760 0.00499195
5466.87109 0.00495552
5469.20410 0.00485652
5471.53760 0.00530935
5473.87061 0.0056287
5476.20410 0.00559464
5478.53760 0.00554106
5480.87061 0.00625855
5483.20410 0.00661802
5485.53711 0.00671412
5487.87061 0.00720305
5490.20410 0.00714131
5492.53711 0.00742916
5494.87061 0.00798537
5497.20361 0.00832212
5499.53711 0.00905773
5501.87061 0.00950677
5504.20361 0.0094965
5506.53711 0.0105342
5508.87061 0.0106922
5511.20361 0.0113883
5513.53711 0.0125199
5515.87012 0.013276
5518.20361 0.0144586
5520.53711 0.0154677
5522.87012 0.0165033
5525.20361 0.0181818
5527.53662 0.0194557
5529.87012 0.020865
5532.20361 0.0229503
5534.53662 0.0251946
5536.87012 0.0273346
5539.20312 0.0303627
5541.53662 0.0333546
5543.87012 0.0368575
5546.20312 0.0408597
5548.53662 0.0456232
5550.87012 0.0515848
5553.20312 0.0573587
5555.53662 0.0646593
5557.86963 0.0738418
5560.20312 0.0834019
5562.53662 0.0941206
5564.86963 0.107615
5567.20312 0.122506
5569.53613 0.13995
5571.86963 0.156978
5574.20312 0.177476
5576.53613 0.201655
5578.86963 0.225736
5581.20264 0.251919
5583.53613 0.278043
5585.86963 0.305197
5588.20264 0.332619
5590.53613 0.357844
5592.86963 0.385172
5595.20264 0.410889
5597.53613 0.43513
5599.86914 0.457168
5602.20264 0.476614
5604.53613 0.499885
5606.86914 0.517698
5609.20264 0.534071
5611.53564 0.550531
5613.86914 0.564261
5616.20264 0.57325
5618.53564 0.580815
5620.86914 0.586145
5623.20215 0.584777
5625.53564 0.582994
5627.86914 0.576604
5630.20215 0.567063
5632.53564 0.555845
5634.86914 0.542045
5637.20215 0.525503
5639.53564 0.509804
5641.86865 0.492548
5644.20215 0.476101
5646.53516 0.456109
5648.86865 0.436276
5651.20215 0.417978
5653.53516 0.399325
5655.86865 0.380156
5658.20166 0.359716
5660.53516 0.341553
5662.86865 0.320576
5665.20166 0.301083
5667.53516 0.281333
5669.86816 0.260633
5672.20166 0.241069
5674.53516 0.220512
5676.86816 0.202156
5679.20166 0.183473
5681.53516 0.166241
5683.86816 0.149171
5686.20166 0.133027
5688.53467 0.119794
5690.86816 0.107454
5693.20166 0.0960518
5695.53467 0.08633
5697.86816 0.0770539
5700.20117 0.0693724
5702.53467 0.0620163
5704.86816 0.0553201
5707.20117 0.0499611
5709.53467 0.0449683
5711.86768 0.0412645
5714.20117 0.0370135
5716.53467 0.0334217
5718.86768 0.0301954
5721.20117 0.0273678
5723.53467 0.0255594
5725.86768 0.0236047
5728.20117 0.0215887
5730.53418 0.0193932
5732.86768 0.018319
5735.20117 0.0168378
5737.53418 0.0152424
5739.86768 0.0140311
5742.20068 0.0134385
5744.53418 0.0125497
5746.86768 0.0115192
5749.20068 0.0108183
5751.53418 0.0101974
5753.86719 0.00950377
5756.20068 0.00896913
5758.53418 0.00841451
5760.86719 0.00788458
5763.20068 0.00716548
5765.53418 0.00704487
5767.86719 0.00648327
5770.20068 0.00604031
5772.53369 0.00608206
5774.86719 0.00536153
5777.20068 0.00542611
5779.53369 0.00501154
5781.86719 0.00465859
5784.20020 0.00465122
5786.53369 0.00444716
5788.86719 0.00422541
5791.20020 0.00381003
5793.53369 0.00371062
5795.86670 0.00360939
5798.20020 0.00348987
6378.02002 0.0
