threeML/data/optical_filters/LICK/LICK-f_6563_100.ecsv
# %ECSV 0.9
# ---
# datatype:
# - {name: wavelength, unit: Angstrom, datatype: float32}
# - {name: response, datatype: float32}
# meta: !!omap
# - {band_name: f_6563_100}
# - {group_name: LICK}
wavelength response
5806.67529 0.0
6451.86133 0.00317205
6454.20947 0.00346014
6456.55762 0.00374296
6458.90576 0.0040578
6461.25391 0.00445052
6463.60205 0.00492141
6465.95020 0.00550223
6468.29834 0.00618141
6470.64648 0.0070612
6472.99512 0.00771085
6475.34277 0.0091282
6477.69141 0.0105125
6480.03955 0.011993
6482.38770 0.0139445
6484.73584 0.0163005
6487.08398 0.019133
6489.43213 0.0227949
6491.78027 0.0272416
6494.12842 0.0326636
6496.47656 0.0396901
6498.82471 0.0484912
6501.17285 0.0595096
6503.52100 0.0736974
6505.86963 0.0917296
6508.21777 0.114353
6510.56592 0.142282
6512.91406 0.176868
6515.26221 0.217492
6517.61035 0.265125
6519.95850 0.316518
6522.30664 0.369243
6524.65479 0.418691
6527.00293 0.460833
6529.35107 0.493766
6531.69922 0.517027
6534.04736 0.53106
6536.39551 0.537702
6538.74414 0.540162
6541.09229 0.539588
6543.44043 0.537905
6545.78857 0.536491
6548.13672 0.53583
6550.48486 0.53532
6552.83301 0.536399
6555.18115 0.539485
6557.52930 0.541501
6559.87744 0.544775
6562.22559 0.548247
6564.57373 0.549834
6566.92188 0.552525
6569.27051 0.555173
6571.61816 0.55625
6573.96680 0.556527
6576.31494 0.55717
6578.66309 0.556276
6581.01123 0.554417
6583.35938 0.553032
6585.70752 0.551897
6588.05566 0.550766
6590.40381 0.549839
6592.75195 0.54803
6595.10010 0.546555
6597.44824 0.543641
6599.79639 0.537407
6602.14502 0.525934
6604.49316 0.509986
6606.84131 0.486421
6609.18945 0.455722
6611.53760 0.41779
6613.88574 0.373633
6616.23389 0.32753
6618.58203 0.281347
6620.93018 0.238067
6623.27832 0.198834
6625.62646 0.164646
6627.97461 0.135603
6630.32275 0.111504
6632.67090 0.0921203
6635.01953 0.0757839
6637.36768 0.0628905
6639.71582 0.052471
6642.06396 0.0437725
6644.41211 0.0369764
6646.76025 0.0315971
6649.10840 0.0269146
6651.45654 0.0233153
6653.80469 0.0200894
6656.15283 0.0174491
6658.50098 0.0153291
6660.84912 0.0133584
6663.19727 0.0117967
6665.54541 0.0105112
6667.89404 0.00932649
6670.24219 0.00837889
6672.59033 0.00752131
6674.93848 0.00688812
6677.28662 0.00620573
6679.63477 0.00561035
6681.98291 0.00509427
6684.33105 0.00459295
6686.67920 0.00416955
6689.02734 0.00389587
6691.37549 0.00358351
6693.72363 0.00332492
6696.07178 0.00311569
6698.42041 0.00289565
7368.26270 0.0
