threeML/data/optical_filters/LICK/LICK-f_6737_76.ecsv
# %ECSV 0.9
# ---
# datatype:
# - {name: wavelength, unit: Angstrom, datatype: float32}
# - {name: response, datatype: float32}
# meta: !!omap
# - {band_name: f_6737_76}
# - {group_name: LICK}
wavelength response
5941.93066 0.0
6602.14502 0.00278372
6604.49316 0.00282184
6606.84131 0.00289637
6609.18945 0.00299648
6611.53760 0.00305636
6613.88574 0.0032211
6616.23389 0.003259
6618.58203 0.00348794
6620.93018 0.00362125
6623.27832 0.00379725
6625.62646 0.00403826
6627.97461 0.00430592
6630.32275 0.00454957
6632.67090 0.00497428
6635.01953 0.00533655
6637.36768 0.00582276
6639.71582 0.0063741
6642.06396 0.00709027
6644.41211 0.00784074
6646.76025 0.00889396
6649.10840 0.0101004
6651.45654 0.0115438
6653.80469 0.0134384
6656.15283 0.0156052
6658.50098 0.0184385
6660.84912 0.0219314
6663.19727 0.0263934
6665.54541 0.0320542
6667.89404 0.0393529
6670.24219 0.0488664
6672.59033 0.0614376
6674.93848 0.0776547
6677.28662 0.0998151
6679.63477 0.127784
6681.98291 0.165082
6684.33105 0.211782
6686.67920 0.269625
6689.02734 0.339122
6691.37549 0.419665
6693.72363 0.505886
6696.07178 0.590468
6698.42041 0.666431
6700.76807 0.724964
6703.11670 0.76839
6705.46484 0.795869
6707.81299 0.81072
6710.16113 0.817018
6712.50928 0.81984
6714.85742 0.820572
6717.20557 0.82094
6719.55371 0.824031
6721.90186 0.827739
6724.25000 0.830028
6726.59814 0.833378
6728.94629 0.833913
6731.29492 0.831222
6733.64307 0.829519
6735.99121 0.827199
6738.33936 0.82427
6740.68750 0.821199
6743.03564 0.816799
6745.38379 0.808756
6747.73193 0.80169
6750.08008 0.790974
6752.42822 0.777676
6754.77637 0.751037
6757.12451 0.711297
6759.47266 0.657036
6761.82080 0.588853
6764.16943 0.510112
6766.51758 0.429225
6768.86572 0.352649
6771.21387 0.284009
6773.56201 0.226648
6775.91016 0.180427
6778.25830 0.143371
6780.60645 0.114709
6782.95459 0.0914913
6785.30273 0.0736903
6787.65088 0.0598
6789.99902 0.0492453
6792.34717 0.0406913
6794.69580 0.0341056
6797.04346 0.0289197
6799.39209 0.0245656
6801.74023 0.0212757
6804.08838 0.018449
6806.43652 0.0162205
6808.78467 0.014341
6811.13281 0.0127633
6813.48096 0.0114066
6815.82910 0.0103892
6818.17725 0.00944143
6820.52539 0.00854714
6822.87354 0.00787692
6825.22168 0.00724633
6827.57031 0.00667405
6829.91846 0.00606464
6832.26660 0.00556193
6834.61475 0.00513575
6836.96289 0.00469081
6839.31104 0.00445293
6841.65918 0.00414819
6844.00732 0.00392228
6846.35547 0.00369633
6848.70361 0.00350928
7533.57422 0.0
