threeML/data/optical_filters/LICK/LICK-f_4974_60.ecsv
# %ECSV 0.9
# ---
# datatype:
# - {name: wavelength, unit: Angstrom, datatype: float32}
# - {name: response, datatype: float32}
# meta: !!omap
# - {band_name: f_4974_60}
# - {group_name: LICK}
wavelength response
4366.07031 0.0
4851.18945 0.00212877
4853.49805 0.00227588
4855.80664 0.00240342
4858.11523 0.00234131
4860.42383 0.00228211
4862.73242 0.00274463
4865.04102 0.00265495
4867.34961 0.00283807
4869.65820 0.0029468
4871.96680 0.00272614
4874.27539 0.00308197
4876.58398 0.00323652
4878.89258 0.00317215
4881.20117 0.00353777
4883.50977 0.00387964
4885.81836 0.00436266
4888.12695 0.00494754
4890.43555 0.0053603
4892.74414 0.00588963
4895.05273 0.00659666
4897.36133 0.00735826
4899.66992 0.00813628
4901.97852 0.0095612
4904.28711 0.0113034
4906.59570 0.0136693
4908.90430 0.0163532
4911.21289 0.0202301
4913.52148 0.0249666
4915.83008 0.0296563
4918.13867 0.0366175
4920.44727 0.0465748
4922.75586 0.0611863
4925.06445 0.0829459
4927.37305 0.114191
4929.68164 0.15365
4931.99023 0.200064
4934.29883 0.256496
4936.60742 0.325974
4938.91602 0.404066
4941.22461 0.488621
4943.53320 0.56602
4945.84180 0.623742
4948.15039 0.661357
4950.45898 0.677134
4952.76758 0.688083
4955.07617 0.693726
4957.38477 0.69649
4959.69336 0.698712
4962.00195 0.697429
4964.31055 0.693237
4966.61914 0.691997
4968.92773 0.698268
4971.23633 0.695271
4973.54492 0.693935
4975.85352 0.693605
4978.16211 0.689118
4980.47070 0.686005
4982.77930 0.686585
4985.08789 0.685056
4987.39648 0.683379
4989.70508 0.67394
4992.01367 0.66651
4994.32227 0.646181
4996.63086 0.613395
4998.93945 0.575389
5001.24805 0.523161
5003.55664 0.467782
5005.86523 0.410329
5008.17383 0.345214
5010.48242 0.273402
5012.79102 0.206066
5015.09961 0.152258
5017.40820 0.113883
5019.71680 0.0895995
5022.02539 0.0731363
5024.33398 0.0610785
5026.64258 0.0516134
5028.95117 0.0422901
5031.25977 0.0332413
5033.56836 0.0260731
5035.87695 0.0209812
5038.18555 0.0178004
5040.49414 0.0155929
5042.80273 0.0141234
5045.11133 0.0128699
5047.41992 0.0115521
5049.72852 0.0103214
5052.03711 0.00923964
5054.34570 0.0081641
5056.65430 0.00724112
5058.96289 0.00643535
5061.27148 0.00583068
5063.58008 0.00573098
5065.88867 0.00537341
5068.19727 0.00524214
5070.50586 0.00476994
5072.81445 0.00426302
5075.12305 0.00400832
5077.43164 0.00364952
5079.74023 0.00344751
5082.04883 0.00330744
5084.35742 0.0031642
5086.66602 0.00296021
5088.97461 0.00298946
5091.28320 0.0027297
5093.59180 0.00254545
5095.90039 0.00240773
5098.20898 0.0021147
5608.02979 0.0
