threeML/data/optical_filters/LICK/LICK-f_4220_60.ecsv
# %ECSV 0.9
# ---
# datatype:
# - {name: wavelength, unit: Angstrom, datatype: float32}
# - {name: response, datatype: float32}
# meta: !!omap
# - {band_name: f_4220_60}
# - {group_name: LICK}
wavelength response
3690.35815 0.0
4100.39795 0.00111957
4102.70898 0.00182016
4105.02002 0.00161433
4107.33105 0.00166085
4109.64209 0.00252483
4111.95312 0.00103636
4114.26367 0.000414871
4116.57471 0.0014767
4118.88574 0.00210876
4121.19678 0.00147431
4123.50781 0.00101909
4125.81885 0.00113354
4128.12988 0.00208684
4130.44092 0.00237294
4132.75195 0.00230861
4135.06299 0.0023532
4137.37402 0.0022681
4139.68506 0.00208022
4141.99609 0.00205565
4144.30664 0.00290496
4146.61768 0.00307434
4148.92871 0.00335745
4151.23975 0.00377681
4153.55078 0.00478511
4155.86182 0.00595725
4158.17285 0.00605191
4160.48389 0.00725131
4162.79492 0.00950985
4165.10596 0.0107803
4167.41699 0.013064
4169.72803 0.0171867
4172.03857 0.0218905
4174.34961 0.0284926
4176.66064 0.0375917
4178.97168 0.0514379
4181.28271 0.0699901
4183.59375 0.0964286
4185.90479 0.132416
4188.21582 0.177629
4190.52686 0.232727
4192.83789 0.28792
4195.14893 0.335591
4197.45947 0.371285
4199.77051 0.39462
4202.08154 0.403153
4204.39258 0.404311
4206.70361 0.404047
4209.01465 0.405115
4211.32568 0.407878
4213.63672 0.412321
4215.94775 0.416945
4218.25879 0.420877
4220.56982 0.425014
4222.88037 0.428115
4225.19141 0.428812
4227.50244 0.428746
4229.81348 0.42563
4232.12451 0.422752
4234.43555 0.418751
4236.74658 0.415091
4239.05762 0.411397
4241.36865 0.40117
4243.67969 0.386027
4245.99072 0.366029
4248.30127 0.331624
4250.61230 0.285526
4252.92334 0.235077
4255.23438 0.187249
4257.54541 0.14339
4259.85645 0.107158
4262.16748 0.0806317
4264.47852 0.0608586
4266.78955 0.0461833
4269.10059 0.036289
4271.41162 0.0283248
4273.72217 0.0230577
4276.03320 0.0180239
4278.34424 0.0145357
4280.65527 0.0128192
4282.96631 0.0108219
4285.27734 0.00910657
4287.58838 0.00808966
4289.89941 0.00681461
4292.21045 0.00573012
4294.52148 0.00516149
4296.83252 0.00478735
4299.14307 0.00365124
4301.45410 0.00344182
4303.76514 0.00298385
4306.07617 0.00321058
4308.38721 0.00239486
4310.69824 0.00269605
4313.00928 0.0024294
4315.32031 0.00213511
4317.63135 0.00193828
4319.94238 0.00204982
4322.25342 0.0020591
4324.56396 0.00100291
4326.87500 0.00125019
4329.18604 0.00149069
4331.49707 0.00124171
4333.80811 0.00115273
4336.11914 0.00133486
4338.43018 0.00125792
4340.74121 0.00124756
4343.05225 0.00103657
4345.36328 0.00075763
4347.67432 0.000747331
4349.98535 0.00101394
4784.98389 0.0
