threeML/data/optical_filters/LICK/LICK-f_6067_70.ecsv
# %ECSV 0.9
# ---
# datatype:
# - {name: wavelength, unit: Angstrom, datatype: float32}
# - {name: response, datatype: float32}
# meta: !!omap
# - {band_name: f_6067_70}
# - {group_name: LICK}
wavelength response
5356.32471 0.0
5951.47168 0.015696
5953.80713 0.0165588
5956.14258 0.0165493
5958.47803 0.0165494
5960.81299 0.016767
5963.14844 0.0169323
5965.48389 0.0171493
5967.81934 0.0174634
5970.15479 0.017729
5972.49023 0.0181137
5974.82568 0.0185381
5977.16113 0.0190126
5979.49658 0.0198447
5981.83203 0.0206721
5984.16699 0.0215903
5986.50244 0.0228523
5988.83789 0.0244265
5991.17334 0.0264044
5993.50879 0.0288403
5995.84424 0.0320537
5998.17969 0.0360603
6000.51514 0.0411207
6002.85059 0.0477755
6005.18604 0.0567575
6007.52100 0.0686174
6009.85645 0.0840779
6012.19189 0.105123
6014.52734 0.132794
6016.86279 0.169875
6019.19824 0.21742
6021.53369 0.278484
6023.86914 0.351317
6026.20459 0.432863
6028.54004 0.517483
6030.87500 0.596502
6033.21045 0.662816
6035.54590 0.712712
6037.88135 0.744874
6040.21680 0.76568
6042.55225 0.777616
6044.88770 0.786407
6047.22314 0.791598
6049.55859 0.79502
6051.89404 0.799794
6054.22900 0.800768
6056.56445 0.799813
6058.89990 0.797574
6061.23535 0.792353
6063.57080 0.783098
6065.90625 0.771138
6068.24170 0.759044
6070.57715 0.745733
6072.91260 0.73424
6075.24756 0.724455
6077.58301 0.714435
6079.91846 0.708907
6082.25391 0.704745
6084.58936 0.700521
6086.92480 0.6932
6089.26025 0.678088
6091.59570 0.649608
6093.93115 0.605288
6096.26660 0.541407
6098.60156 0.466597
6100.93701 0.386856
6103.27246 0.311897
6105.60791 0.246447
6107.94336 0.194026
6110.27881 0.15261
6112.61426 0.120844
6114.94971 0.0973321
6117.28516 0.0794296
6119.62061 0.0658549
6121.95557 0.0557321
6124.29102 0.0479849
6126.62646 0.0419736
6128.96191 0.0372268
6131.29736 0.0337768
6133.63281 0.0307261
6135.96826 0.0282407
6138.30371 0.0261508
6140.63916 0.0246379
6142.97461 0.0231351
6145.30957 0.022084
6147.64502 0.0211276
6149.98047 0.0201849
6152.31592 0.0194673
6154.65137 0.0187778
6156.98682 0.0181169
6159.32227 0.0176084
6161.65771 0.0171186
6163.99316 0.0166905
6166.32861 0.0162397
6168.66357 0.0159663
6170.99902 0.0157988
6173.33447 0.0154699
6175.66992 0.0151549
6178.00537 0.0149651
6180.34082 0.0148086
6182.67627 0.0146492
6185.01172 0.0144546
6187.34717 0.0142674
6189.68262 0.0141759
6192.01758 0.0140299
6194.35303 0.0139157
6196.68848 0.0138544
6199.02393 0.0137203
6818.92627 0.0
