threeML/data/optical_filters/LICK/LICK-f_5756_66.ecsv
# %ECSV 0.9
# ---
# datatype:
# - {name: wavelength, unit: Angstrom, datatype: float32}
# - {name: response, datatype: float32}
# meta: !!omap
# - {band_name: f_5756_66}
# - {group_name: LICK}
wavelength response
5086.08203 0.0
5651.20215 0.00190867
5653.53516 0.00203475
5655.86865 0.00215111
5658.20166 0.00211157
5660.53516 0.00230506
5662.86865 0.00252683
5665.20166 0.00278464
5667.53516 0.0028174
5669.86816 0.00284581
5672.20166 0.00306456
5674.53516 0.00314299
5676.86816 0.00343132
5679.20166 0.00391224
5681.53516 0.00408144
5683.86816 0.00432144
5686.20166 0.00498317
5688.53467 0.00564925
5690.86816 0.0064564
5693.20166 0.00722481
5695.53467 0.00809846
5697.86816 0.00954283
5700.20117 0.0111954
5702.53467 0.0138777
5704.86816 0.0164761
5707.20117 0.0201981
5709.53467 0.0246466
5711.86768 0.0313315
5714.20117 0.0396266
5716.53467 0.0517808
5718.86768 0.0666767
5721.20117 0.0879
5723.53467 0.116097
5725.86768 0.153166
5728.20117 0.200959
5730.53418 0.258277
5732.86768 0.325243
5735.20117 0.395218
5737.53418 0.460811
5739.86768 0.518675
5742.20068 0.564135
5744.53418 0.592296
5746.86768 0.614882
5749.20068 0.624946
5751.53418 0.631069
5753.86719 0.634756
5756.20068 0.637489
5758.53418 0.634002
5760.86719 0.63658
5763.20068 0.634393
5765.53418 0.632649
5767.86719 0.630782
5770.20068 0.627838
5772.53369 0.626901
5774.86719 0.629229
5777.20068 0.630202
5779.53369 0.63204
5781.86719 0.633856
5784.20020 0.630615
5786.53369 0.614723
5788.86719 0.58324
5791.20020 0.530848
5793.53369 0.461411
5795.86670 0.382897
5798.20020 0.30384
5800.53369 0.235033
5802.86670 0.176811
5805.20020 0.132217
5807.53369 0.0999467
5809.86670 0.0755241
5812.20020 0.0578718
5814.53320 0.0448569
5816.86670 0.0354049
5819.20020 0.028385
5821.53320 0.0227918
5823.86670 0.0192811
5826.19971 0.0161249
5828.53320 0.0137
5830.86670 0.0113725
5833.19971 0.00989
5835.53320 0.00884861
5837.86621 0.00778593
5840.19971 0.00671785
5842.53320 0.00622431
5844.86621 0.00565091
5847.19971 0.00512961
5849.53320 0.00469869
5851.86621 0.0041889
5854.19971 0.00400723
5856.53271 0.00355
5858.86621 0.00354213
5861.19971 0.00306949
5863.53271 0.00278838
5865.86621 0.0028862
5868.19922 0.00254525
5870.53271 0.00234269
5872.86621 0.00222621
5875.19922 0.0020842
5877.53271 0.0019904
5879.86572 0.0018859
5882.19922 0.00169663
5884.53271 0.00166554
5886.86572 0.00151214
5889.19922 0.00149506
5891.53271 0.00152564
5893.86572 0.00148592
5896.19922 0.001332
5898.53223 0.00135149
6488.38525 0.0
