threeML/data/optical_filters/LICK/LICK-f_5826_80.ecsv
# %ECSV 0.9
# ---
# datatype:
# - {name: wavelength, unit: Angstrom, datatype: float32}
# - {name: response, datatype: float32}
# meta: !!omap
# - {band_name: f_5826_80}
# - {group_name: LICK}
wavelength response
5086.08203 0.0
5651.20215 0.00177344
5653.53516 0.00184276
5655.86865 0.00189489
5658.20166 0.00194977
5660.53516 0.00170201
5662.86865 0.00205976
5665.20166 0.00192405
5667.53516 0.00218866
5669.86816 0.00216376
5672.20166 0.00235049
5674.53516 0.00212497
5676.86816 0.00219904
5679.20166 0.00230503
5681.53516 0.0022661
5683.86816 0.00229852
5686.20166 0.00234767
5688.53467 0.00235397
5690.86816 0.00246921
5693.20166 0.00257928
5695.53467 0.00264617
5697.86816 0.00274793
5700.20117 0.00289794
5702.53467 0.00301562
5704.86816 0.00294784
5707.20117 0.00287569
5709.53467 0.00297961
5711.86768 0.00322746
5714.20117 0.00342601
5716.53467 0.00344207
5718.86768 0.00372707
5721.20117 0.0039144
5723.53467 0.00404119
5725.86768 0.00469923
5728.20117 0.00481601
5730.53418 0.00541087
5732.86768 0.00531542
5735.20117 0.00570415
5737.53418 0.00645835
5739.86768 0.0068889
5742.20068 0.00789749
5744.53418 0.00888818
5746.86768 0.0096939
5749.20068 0.0111247
5751.53418 0.012776
5753.86719 0.0146188
5756.20068 0.0168429
5758.53418 0.0196853
5760.86719 0.0230774
5763.20068 0.0275582
5765.53418 0.0333332
5767.86719 0.0401352
5770.20068 0.0491327
5772.53369 0.0600758
5774.86719 0.0744077
5777.20068 0.0929857
5779.53369 0.116276
5781.86719 0.144924
5784.20020 0.182977
5786.53369 0.225743
5788.86719 0.276432
5791.20020 0.33481
5793.53369 0.395803
5795.86670 0.456333
5798.20020 0.510073
5800.53369 0.55616
5802.86670 0.590112
5805.20020 0.617112
5807.53369 0.635357
5809.86670 0.646755
5812.20020 0.652837
5814.53320 0.657002
5816.86670 0.659386
5819.20020 0.660406
5821.53320 0.661305
5823.86670 0.660942
5826.19971 0.66099
5828.53320 0.658085
5830.86670 0.653886
5833.19971 0.651422
5835.53320 0.64596
5837.86621 0.640027
5840.19971 0.634783
5842.53320 0.627473
5844.86621 0.625301
5847.19971 0.622114
5849.53320 0.618609
5851.86621 0.616715
5854.19971 0.613929
5856.53271 0.610817
5858.86621 0.601999
5861.19971 0.588286
5863.53271 0.564895
5865.86621 0.532431
5868.19922 0.487852
5870.53271 0.435492
5872.86621 0.379444
5875.19922 0.321256
5877.53271 0.266919
5879.86572 0.218248
5882.19922 0.177564
5884.53271 0.144034
5886.86572 0.116148
5889.19922 0.0942989
5891.53271 0.0763987
5893.86572 0.0628478
5896.19922 0.0520476
5898.53223 0.0430196
5900.86572 0.0357794
5903.19922 0.0300058
5905.53223 0.0256439
5907.86572 0.0219382
5910.19873 0.0187463
5912.53223 0.016366
5914.86572 0.014238
5917.19873 0.0125965
5919.53223 0.011217
5921.86523 0.0100991
5924.19873 0.0088995
5926.53223 0.00765291
5928.86523 0.0073356
5931.19873 0.00648243
5933.53223 0.00598013
5935.86523 0.0055778
5938.19873 0.00502727
5940.53174 0.00454774
5942.86523 0.00424067
5945.19873 0.00398777
5947.53174 0.00380984
5949.86523 0.00339934
5952.19824 0.00314888
5954.53174 0.00313496
5956.86523 0.0028081
5959.19824 0.00267626
5961.53174 0.00269181
5963.86475 0.00231669
5966.19824 0.00240376
5968.53174 0.00232337
5970.86475 0.00221001
5973.19824 0.00216925
5975.53174 0.00198885
5977.86475 0.00198125
5980.19824 0.00189803
5982.53125 0.00187571
5984.86475 0.00186908
5987.19824 0.00175472
5989.53125 0.00162181
5991.86475 0.00157316
5994.19775 0.00151644
5996.53125 0.00156673
5998.86426 0.00145619
6598.75049 0.0
