threeML/data/optical_filters/LICK/LICK-f_5366_62.ecsv
# %ECSV 0.9
# ---
# datatype:
# - {name: wavelength, unit: Angstrom, datatype: float32}
# - {name: response, datatype: float32}
# meta: !!omap
# - {band_name: f_5366_62}
# - {group_name: LICK}
wavelength response
4725.51807 0.0
5250.57568 0.0014197
5252.88428 0.00132383
5255.19287 0.00142466
5257.50146 0.00136822
5259.81006 0.00127494
5262.11914 0.00146465
5264.42773 0.00160487
5266.73633 0.00165111
5269.04443 0.00169844
5271.35303 0.00158509
5273.66162 0.00168217
5275.97021 0.00171571
5278.27881 0.00184032
5280.58740 0.00190253
5282.89600 0.00205654
5285.20459 0.00220598
5287.51318 0.00221469
5289.82178 0.00243593
5292.13037 0.00260775
5294.43896 0.00282113
5296.74756 0.00306837
5299.05615 0.00337293
5301.36475 0.00382155
5303.67334 0.00425108
5305.98193 0.00483254
5308.29053 0.00554403
5310.59912 0.00635074
5312.90771 0.00726162
5315.21631 0.00830911
5317.52490 0.0100249
5319.83350 0.0122199
5322.14209 0.0146794
5324.45068 0.0183372
5326.75928 0.0229927
5329.06787 0.0289873
5331.37646 0.0380015
5333.68506 0.0494017
5335.99365 0.0655129
5338.30225 0.0888416
5340.61084 0.119696
5342.91943 0.156992
5345.22803 0.205863
5347.53662 0.264702
5349.84521 0.329853
5352.15381 0.42105
5354.46240 0.502694
5356.77100 0.494687
5359.07959 0.518514
5361.38818 0.541342
5363.69678 0.551839
5366.00537 0.559162
5368.31396 0.564912
5370.62256 0.562591
5372.93115 0.567394
5375.23975 0.574428
5377.54834 0.577537
5379.85693 0.569039
5382.16553 0.567933
5384.47412 0.567889
5386.78271 0.566708
5389.09131 0.563801
5391.39990 0.563623
5393.70850 0.563735
5396.01709 0.564305
5398.32568 0.55668
5400.63428 0.541112
5402.94287 0.512658
5405.25146 0.470096
5407.56006 0.416567
5409.86865 0.353847
5412.17725 0.288871
5414.48584 0.228393
5416.79443 0.175682
5419.10303 0.133637
5421.41162 0.100103
5423.72021 0.0761793
5426.02881 0.0593382
5428.33740 0.0462579
5430.64600 0.0367859
5432.95459 0.0290154
5435.26318 0.0233767
5437.57178 0.0196972
5439.88037 0.0164815
5442.18896 0.014025
5444.49756 0.0119013
5446.80615 0.0100991
5449.11475 0.00894356
5451.42334 0.00787868
5453.73193 0.00701031
5456.04053 0.00635579
5458.34912 0.0057029
5460.65771 0.00509938
5462.96631 0.00477878
5465.27490 0.00440434
5467.58350 0.00391574
5469.89209 0.00367691
5472.20068 0.00334272
5474.50928 0.00318378
5476.81787 0.0030565
5479.12646 0.00278915
5481.43506 0.00276182
5483.74365 0.00278441
5486.05225 0.00250307
5488.36084 0.00218117
5490.66943 0.00211618
5492.97803 0.00201639
5495.28662 0.00187302
5497.59521 0.00175293
5499.90381 0.00173133
6049.89404 0.0
