threeML/data/optical_filters/LICK/LICK-f_4677_60.ecsv
# %ECSV 0.9
# ---
# datatype:
# - {name: wavelength, unit: Angstrom, datatype: float32}
# - {name: response, datatype: float32}
# meta: !!omap
# - {band_name: f_4677_60}
# - {group_name: LICK}
wavelength response
4095.74170 0.0
4550.82422 0.00229565
4551.99707 0.00213319
4553.16992 0.00212886
4554.34277 0.00220963
4555.51562 0.00224945
4556.68848 0.00215163
4557.86133 0.00222142
4559.03369 0.0022953
4560.20654 0.00224108
4561.37939 0.00229207
4562.55225 0.00233484
4563.72510 0.00249357
4564.89795 0.00244457
4566.07080 0.00218039
4567.24365 0.00249419
4568.41650 0.00236141
4569.58887 0.00248305
4570.76172 0.00254045
4571.93457 0.0024743
4573.10742 0.00251918
4574.28027 0.002476
4575.45312 0.00261903
4576.62598 0.00246671
4577.79883 0.00265205
4578.97168 0.00274178
4580.14453 0.00265447
4581.31738 0.00290659
4582.49023 0.00277583
4583.66260 0.00276457
4584.83545 0.00301007
4586.00830 0.00291167
4587.18115 0.00291339
4588.35400 0.00292745
4589.52686 0.00329404
4590.69971 0.00321539
4591.87256 0.00320335
4593.04541 0.003353
4594.21777 0.00327618
4595.39062 0.00336178
4596.56348 0.0033733
4597.73633 0.00350827
4598.90918 0.00366655
4600.08203 0.00378471
4601.25488 0.00391637
4602.42773 0.00407421
4603.60059 0.00421368
4604.77344 0.0043842
4605.94629 0.0045742
4607.11914 0.00477917
4608.29150 0.00513173
4609.46436 0.00527568
4610.63721 0.00549338
4611.81006 0.00576897
4612.98291 0.00616096
4614.15576 0.00660817
4615.32861 0.00699774
4616.50146 0.0075737
4617.67432 0.00804324
4618.84668 0.00858254
4620.01953 0.00941849
4621.19238 0.0104018
4622.36523 0.0112748
4623.53809 0.0124361
4624.71094 0.0139078
4625.88379 0.0154302
4627.05664 0.0171905
4628.22949 0.0192246
4629.40234 0.0218115
4630.57520 0.0246425
4631.74756 0.0279339
4632.92041 0.0319547
4634.09326 0.0365246
4635.26611 0.0419135
4636.43896 0.048728
4637.61182 0.0565274
4638.78467 0.0656365
4639.95752 0.0768958
4641.13037 0.0903365
4642.30322 0.105944
4643.47559 0.124284
4644.64844 0.146408
4645.82129 0.171969
4646.99414 0.200673
4648.16699 0.233681
4649.33984 0.270575
4650.51270 0.31143
4651.68555 0.352912
4652.85840 0.395508
4654.03125 0.438402
4655.20410 0.478354
4656.37646 0.515458
4657.54932 0.547062
4658.72217 0.573262
4659.89502 0.594915
4661.06787 0.611955
4662.24072 0.622639
4663.41357 0.631486
4664.58643 0.637833
4665.75928 0.641724
4666.93213 0.644272
4668.10449 0.645397
4669.27734 0.64689
4670.45020 0.647003
4671.62305 0.645784
4672.79590 0.644909
4673.96875 0.643799
4675.14160 0.641842
4676.31445 0.640894
4677.48730 0.638256
4678.66016 0.63395
4679.83301 0.629946
4681.00537 0.627188
4682.17822 0.621202
4683.35107 0.617476
4684.52393 0.611987
4685.69678 0.60743
4686.86963 0.602517
4688.04248 0.59748
4689.21533 0.592612
4690.38818 0.588294
4691.56104 0.583883
4692.73340 0.580003
4693.90625 0.577128
4695.07910 0.574031
4696.25195 0.570198
4697.42480 0.56553
4698.59766 0.560582
4699.77051 0.55555
4700.94336 0.547686
4702.11621 0.535037
4703.28906 0.519658
4704.46191 0.500876
4705.63428 0.477427
4706.80713 0.449366
4707.97998 0.417373
4709.15283 0.382574
4710.32568 0.346332
4711.49854 0.310127
4712.67139 0.27412
4713.84424 0.239658
4715.01709 0.208973
4716.18994 0.180321
4717.36230 0.155694
4718.53516 0.1342
4719.70801 0.115626
4720.88086 0.099426
4722.05371 0.0855736
4723.22656 0.0740001
4724.39941 0.0643907
4725.57227 0.0562419
4726.74512 0.0490377
4727.91797 0.0430789
4729.09082 0.037925
4730.26318 0.0335405
4731.43604 0.0298219
4732.60889 0.0264884
4733.78174 0.0235822
4734.95459 0.0211917
4736.12744 0.0191941
4737.30029 0.0173316
4738.47314 0.0156526
4739.64600 0.0141137
4740.81836 0.012945
4741.99121 0.0117718
4743.16406 0.0108537
4744.33691 0.0101138
4745.50977 0.00926955
4746.68262 0.00848996
4747.85547 0.00807767
4749.02832 0.007479
4750.20117 0.00695231
4751.37402 0.00645544
4752.54688 0.0060613
4753.71973 0.00583005
4754.89209 0.00537862
4756.06494 0.00515734
4757.23779 0.00469532
4758.41064 0.00462661
4759.58350 0.00435845
4760.75635 0.00415952
4761.92920 0.00389654
4763.10205 0.00366139
4764.27490 0.00359805
4765.44727 0.00346976
4766.62012 0.00332562
4767.79297 0.00310909
4768.96582 0.00304053
4770.13867 0.00303394
4771.31152 0.0028271
4772.48438 0.0026609
4773.65723 0.00266268
4774.83008 0.00261318
4776.00293 0.00256595
4777.17529 0.00247122
4778.34863 0.00237249
4779.52100 0.00221465
4780.69385 0.00215417
4781.86670 0.00210638
4783.03955 0.0021078
4784.21240 0.00203206
4785.38525 0.00195877
4786.55811 0.00183664
4787.73096 0.00183372
4788.90381 0.00186045
4790.07617 0.00180433
4791.24902 0.00163699
4792.42188 0.00159901
4793.59473 0.00162167
4794.76758 0.00163471
4795.94043 0.001579
4797.11328 0.0015313
4798.28613 0.00149044
4799.45898 0.00140836
5279.40479 0.0
