threeML/data/optical_filters/LICK/LICK-f_4265_65.ecsv
# %ECSV 0.9
# ---
# datatype:
# - {name: wavelength, unit: Angstrom, datatype: float32}
# - {name: response, datatype: float32}
# meta: !!omap
# - {band_name: f_4265_65}
# - {group_name: LICK}
wavelength response
3736.11572 0.0
4151.23975 0.00153043
4153.55078 0.00223722
4155.86182 0.00205228
4158.17285 0.0017474
4160.48389 0.00187299
4162.79492 0.00225317
4165.10596 0.00222372
4167.41699 0.00262494
4169.72803 0.00227514
4172.03857 0.0018773
4174.34961 0.00291446
4176.66064 0.00274056
4178.97168 0.00272262
4181.28271 0.00359862
4183.59375 0.00339379
4185.90479 0.00440572
4188.21582 0.0054506
4190.52686 0.00512865
4192.83789 0.00634232
4195.14893 0.00756021
4197.45947 0.00812505
4199.77051 0.00964126
4202.08154 0.0115567
4204.39258 0.0136502
4206.70361 0.0170433
4209.01465 0.0210741
4211.32568 0.0261375
4213.63672 0.0332858
4215.94775 0.0428601
4218.25879 0.0551391
4220.56982 0.072781
4222.88037 0.0949786
4225.19141 0.123147
4227.50244 0.162438
4229.81348 0.20819
4232.12451 0.259359
4234.43555 0.313389
4236.74658 0.36344
4239.05762 0.408609
4241.36865 0.44135
4243.67969 0.462364
4245.99072 0.475732
4248.30127 0.482137
4250.61230 0.483283
4252.92334 0.480924
4255.23438 0.479126
4257.54541 0.480363
4259.85645 0.481375
4262.16748 0.481886
4264.47852 0.482765
4266.78955 0.485249
4269.10059 0.483387
4271.41162 0.483747
4273.72217 0.483806
4276.03320 0.482357
4278.34424 0.478074
4280.65527 0.47518
4282.96631 0.466169
4285.27734 0.458868
4287.58838 0.446967
4289.89941 0.426575
4292.21045 0.402235
4294.52148 0.367203
4296.83252 0.327155
4299.14307 0.286232
4301.45410 0.24223
4303.76514 0.201352
4306.07617 0.16817
4308.38721 0.135845
4310.69824 0.110199
4313.00928 0.0885878
4315.32031 0.0713016
4317.63135 0.0587103
4319.94238 0.0481524
4322.25342 0.0393599
4324.56396 0.0321633
4326.87500 0.0273189
4329.18604 0.0233544
4331.49707 0.0195279
4333.80811 0.016157
4336.11914 0.0142332
4338.43018 0.0120705
4340.74121 0.0109243
4343.05225 0.00950162
4345.36328 0.00802471
4347.67432 0.00731322
4349.98535 0.00674433
4352.29590 0.00592314
4354.60693 0.00522418
4356.91797 0.00471349
4359.22900 0.00389589
4361.54004 0.00420385
4363.85107 0.00380187
4366.16211 0.00364361
4368.47314 0.0031183
4370.78418 0.00219218
4373.09521 0.00238371
4375.40625 0.00266599
4377.71729 0.00249774
4380.02832 0.00261843
4382.33887 0.00204092
4384.64990 0.00183346
4386.96094 0.00219631
4389.27197 0.00201587
4391.58301 0.00126827
4393.89404 0.0014174
4396.20508 0.00150823
4398.51611 0.00159792
4838.36768 0.0
