threeML/data/optical_filters/LICK/LICK-f_4750_400.ecsv
# %ECSV 0.9
# ---
# datatype:
# - {name: wavelength, unit: Angstrom, datatype: float32}
# - {name: response, datatype: float32}
# meta: !!omap
# - {band_name: f_4750_400}
# - {group_name: LICK}
wavelength response
4006.02222 0.0
4451.13574 0.00393002
4452.30859 0.00398969
4453.48145 0.00407391
4454.65430 0.00405049
4455.82715 0.00397958
4457.00000 0.00417125
4458.17285 0.00435501
4459.34570 0.00438518
4460.51807 0.00432347
4461.69092 0.00457412
4462.86377 0.00447884
4464.03662 0.00457786
4465.20947 0.00476909
4466.38232 0.00480574
4467.55518 0.00487546
4468.72803 0.00465878
4469.90088 0.00478727
4471.07373 0.00506908
4472.24609 0.00497491
4473.41895 0.00495482
4474.59180 0.00497604
4475.76465 0.00516524
4476.93750 0.00530275
4478.11035 0.00539067
4479.28320 0.00537119
4480.45605 0.00549931
4481.62891 0.00540397
4482.80176 0.00581186
4483.97461 0.00580291
4485.14697 0.00565847
4486.31982 0.00598235
4487.49268 0.00585878
4488.66553 0.00585917
4489.83838 0.00604123
4491.01123 0.00615809
4492.18408 0.00647474
4493.35693 0.00651733
4494.52979 0.00645315
4495.70264 0.00664773
4496.87500 0.00683569
4498.04785 0.00682132
4499.22070 0.00704824
4500.39355 0.00708466
4501.56641 0.00716489
4502.73926 0.00735575
4503.91211 0.00774169
4505.08496 0.00771205
4506.25781 0.00774984
4507.43066 0.00809295
4508.60352 0.00793201
4509.77588 0.00819029
4510.94873 0.00832946
4512.12158 0.00864805
4513.29443 0.00857382
4514.46729 0.00915309
4515.64014 0.00928605
4516.81299 0.00950459
4517.98584 0.00982021
4519.15869 0.0100957
4520.33154 0.0103756
4521.50391 0.0104004
4522.67676 0.0105902
4523.84961 0.0109557
4525.02246 0.0113631
4526.19531 0.0115172
4527.36816 0.012082
4528.54102 0.0128352
4529.71387 0.0131199
4530.88672 0.0137209
4532.05957 0.014232
4533.23242 0.0146148
4534.40479 0.0151713
4535.57764 0.0157632
4536.75049 0.0161221
4537.92334 0.0168418
4539.09619 0.0176517
4540.26904 0.0187316
4541.44189 0.0199949
4542.61475 0.0211218
4543.78760 0.0224261
4544.95996 0.0233721
4546.13281 0.0241784
4547.30566 0.0257131
4548.47852 0.0270902
4549.65137 0.0283043
4550.82422 0.029918
4551.99707 0.0318574
4553.16992 0.0342577
4554.34277 0.0370462
4555.51562 0.0401171
4556.68848 0.0430978
4557.86133 0.0457674
4559.03369 0.0486362
4560.20654 0.0519227
4561.37939 0.0556373
4562.55225 0.059928
4563.72510 0.0645121
4564.89795 0.0701695
4566.07080 0.077213
4567.24365 0.0851909
4568.41650 0.0932065
4569.58887 0.101927
4570.76172 0.110813
4571.93457 0.120783
4573.10742 0.131755
4574.28027 0.142924
4575.45312 0.155768
4576.62598 0.171149
4577.79883 0.18939
4578.97168 0.210392
4580.14453 0.232157
4581.31738 0.25527
4582.49023 0.28016
4583.66260 0.305532
4584.83545 0.332996
4586.00830 0.360692
4587.18115 0.390168
4588.35400 0.421162
4589.52686 0.454294
4590.69971 0.488052
4591.87256 0.52026
4593.04541 0.552114
4594.21777 0.58047
4595.39062 0.603643
4596.56348 0.626377
4597.73633 0.642906
4598.90918 0.657827
4600.08203 0.6685
4601.25488 0.676847
4602.42773 0.682909
4603.60059 0.684738
4604.77344 0.684111
4605.94629 0.680513
4607.11914 0.673927
4608.29150 0.665974
4609.46436 0.658132
4610.63721 0.649704
4611.81006 0.64124
4612.98291 0.631845
4614.15576 0.623192
4615.32861 0.614568
4616.50146 0.60384
4617.67432 0.591786
4618.84668 0.582207
4620.01953 0.573942
4621.19238 0.565253
4622.36523 0.557387
4623.53809 0.551297
4624.71094 0.546598
4625.88379 0.542653
4627.05664 0.53867
4628.22949 0.533854
4629.40234 0.530354
4630.57520 0.525983
4631.74756 0.520752
4632.92041 0.516448
4634.09326 0.513596
4635.26611 0.512647
4636.43896 0.511828
4637.61182 0.511643
4638.78467 0.513388
4639.95752 0.515358
4641.13037 0.516665
4642.30322 0.518008
4643.47559 0.517449
4644.64844 0.517594
4645.82129 0.516226
4646.99414 0.517186
4648.16699 0.519338
4649.33984 0.521326
4650.51270 0.525308
4651.68555 0.531248
4652.85840 0.535897
4654.03125 0.54149
4655.20410 0.545391
4656.37646 0.548655
4657.54932 0.55188
4658.72217 0.553902
4659.89502 0.557006
4661.06787 0.560156
4662.24072 0.563747
4663.41357 0.571146
4664.58643 0.578869
4665.75928 0.586009
4666.93213 0.592654
4668.10449 0.597504
4669.27734 0.602731
4670.45020 0.606784
4671.62305 0.610483
4672.79590 0.613845
4673.96875 0.617812
4675.14160 0.623556
4676.31445 0.630377
4677.48730 0.638346
4678.66016 0.644811
4679.83301 0.651324
4681.00537 0.658179
4682.17822 0.663879
4683.35107 0.667296
4684.52393 0.671541
4685.69678 0.674327
4686.86963 0.678469
4688.04248 0.682352
4689.21533 0.687324
4690.38818 0.694006
4691.56104 0.699913
4692.73340 0.705042
4693.90625 0.711148
4695.07910 0.715344
4696.25195 0.718733
4697.42480 0.72149
4698.59766 0.723659
4699.77051 0.72587
4700.94336 0.729036
4702.11621 0.73264
4703.28906 0.735799
4704.46191 0.740858
4705.63428 0.744467
4706.80713 0.74714
4707.97998 0.750156
4709.15283 0.752735
4710.32568 0.753643
4711.49854 0.755051
4712.67139 0.756427
4713.84424 0.757041
4715.01709 0.758481
4716.18994 0.761019
4717.36230 0.763758
4718.53516 0.764944
4719.70801 0.765372
4720.88086 0.767679
4722.05371 0.768577
4723.22656 0.770039
4724.39941 0.770985
4725.57227 0.770446
4726.74512 0.771702
4727.91797 0.77145
4729.09082 0.772016
4730.26318 0.77361
4731.43604 0.773386
4732.60889 0.775693
4733.78174 0.775541
4734.95459 0.775293
4736.12744 0.775256
4737.30029 0.775104
4738.47314 0.774819
4739.64600 0.775731
4740.81836 0.776689
4741.99121 0.77643
4743.16406 0.77571
4744.33691 0.775952
4745.50977 0.775828
4746.68262 0.775833
4747.85547 0.775069
4749.02832 0.774483
4750.20117 0.775196
4751.37402 0.774977
4752.54688 0.774053
4753.71973 0.775271
4754.89209 0.775031
4756.06494 0.774076
4757.23779 0.77435
4758.41064 0.772323
4759.58350 0.773069
4760.75635 0.770985
4761.92920 0.771315
4763.10205 0.77019
4764.27490 0.769858
4765.44727 0.771298
4766.62012 0.770667
4767.79297 0.769891
4768.96582 0.771049
4770.13867 0.769665
4771.31152 0.769194
4772.48438 0.768421
4773.65723 0.766357
4774.83008 0.765545
4776.00293 0.764196
4777.17529 0.764035
4778.34863 0.764049
4779.52100 0.764999
4780.69385 0.766269
4781.86670 0.765586
4783.03955 0.764029
4784.21240 0.762401
4785.38525 0.762294
4786.55811 0.760364
4787.73096 0.758394
4788.90381 0.757768
4790.07617 0.756834
4791.24902 0.756657
4792.42188 0.757533
4793.59473 0.757332
4794.76758 0.758265
4795.94043 0.759256
4797.11328 0.758762
4798.28613 0.757176
4799.45898 0.755244
4800.63184 0.753918
4801.80420 0.751885
4802.97754 0.750306
4804.14990 0.749429
4805.32275 0.749514
4806.49561 0.750168
4807.66846 0.751115
4808.84131 0.75218
4810.01416 0.752448
4811.18701 0.752142
4812.35986 0.749924
4813.53271 0.749282
4814.70508 0.74711
4815.87793 0.74508
4817.05078 0.743246
4818.22363 0.741855
4819.39648 0.742184
4820.56934 0.742639
4821.74219 0.743593
4822.91504 0.746375
4824.08789 0.746964
4825.26074 0.745797
4826.43311 0.745925
4827.60596 0.743179
4828.77881 0.740621
4829.95166 0.738882
4831.12451 0.738278
4832.29736 0.735334
4833.47021 0.735691
4834.64307 0.734887
4835.81592 0.736134
4836.98877 0.737016
4838.16162 0.738049
4839.33398 0.739138
4840.50684 0.738762
4841.67969 0.736449
4842.85254 0.735057
4844.02539 0.731326
4845.19824 0.729128
4846.37109 0.726504
4847.54395 0.723872
4848.71680 0.723234
4849.88916 0.723816
4851.06201 0.72492
4852.23486 0.725733
4853.40771 0.725944
4854.58057 0.725378
4855.75342 0.724638
4856.92627 0.723116
4858.09912 0.720326
4859.27197 0.71638
4860.44482 0.711241
4861.61768 0.708805
4862.79053 0.707194
4863.96289 0.705225
4865.13574 0.705133
4866.30859 0.706375
4867.48145 0.70682
4868.65430 0.708036
4869.82715 0.708224
4871.00000 0.706151
4872.17285 0.704375
4873.34570 0.698888
4874.51807 0.695324
4875.69092 0.690173
4876.86377 0.686648
4878.03662 0.684291
4879.20947 0.68388
4880.38232 0.685135
4881.55518 0.686057
4882.72803 0.68857
4883.90088 0.689902
4885.07373 0.689472
4886.24658 0.687923
4887.41943 0.684763
4888.59180 0.68123
4889.76465 0.676745
4890.93750 0.672346
4892.11035 0.670426
4893.28320 0.66986
4894.45605 0.67104
4895.62891 0.672162
4896.80176 0.675386
4897.97461 0.678676
4899.14697 0.681026
4900.31982 0.681839
4901.49268 0.681028
4902.66553 0.678846
4903.83838 0.676505
4905.01123 0.674417
4906.18408 0.672139
4907.35693 0.671741
4908.52979 0.673702
4909.70264 0.676233
4910.87549 0.681558
4912.04834 0.685743
4913.22070 0.69099
4914.39355 0.694902
4915.56641 0.697388
4916.73926 0.698756
4917.91211 0.698487
4919.08496 0.698693
4920.25781 0.698034
4921.43066 0.698448
4922.60352 0.700013
4923.77588 0.702374
4924.94873 0.705643
4926.12158 0.709449
4927.29443 0.714256
4928.46729 0.718819
4929.64014 0.722594
4930.81299 0.724699
4931.98584 0.725269
4933.15869 0.724456
4934.33154 0.722634
4935.50439 0.719597
4936.67676 0.716566
4937.84961 0.713003
4939.02246 0.707805
4940.19531 0.703404
4941.36816 0.699023
4942.54102 0.694281
4943.71387 0.688627
4944.88672 0.682546
4946.05957 0.67476
4947.23242 0.66488
4948.40479 0.652521
4949.57764 0.639265
4950.75049 0.622791
4951.92334 0.603935
4953.09619 0.584834
4954.26904 0.564391
4955.44189 0.544549
4956.61475 0.525315
4957.78760 0.506945
4958.96045 0.490529
4960.13330 0.47433
4961.30566 0.457683
4962.47852 0.439546
4963.65137 0.420131
4964.82422 0.398677
4965.99707 0.37645
4967.16992 0.354708
4968.34277 0.333919
4969.51562 0.313727
4970.68848 0.296161
4971.86133 0.279321
4973.03369 0.265043
4974.20654 0.252281
4975.37939 0.239719
4976.55225 0.227521
4977.72510 0.21521
4978.89795 0.202106
4980.07080 0.189411
4981.24365 0.1767
4982.41650 0.164379
4983.58936 0.15305
4984.76221 0.142536
4985.93457 0.133952
4987.10742 0.126497
4988.28027 0.12003
4989.45312 0.113944
4990.62598 0.108001
4991.79883 0.102686
4992.97168 0.0964305
4994.14453 0.0905734
4995.31738 0.0844762
4996.49023 0.0792041
4997.66260 0.0739409
4998.83545 0.0690685
5000.00830 0.0649029
5001.18115 0.0613358
5002.35400 0.0587194
5003.52686 0.0559819
5004.69971 0.0536491
5005.87256 0.0510452
5007.04541 0.0483662
5008.21826 0.0456116
5009.39111 0.0430386
5010.56348 0.0404999
5011.73633 0.0380837
5012.90918 0.0356994
5014.08203 0.0337794
5015.25488 0.0320177
5016.42773 0.0306748
5017.60059 0.029577
5018.77344 0.0285927
5019.94629 0.0274484
5021.11914 0.0263127
5022.29150 0.0250831
5023.46436 0.0238279
5024.63721 0.0225946
5025.81006 0.0214342
5026.98291 0.0200866
5028.15576 0.0191517
5029.32861 0.0182799
5030.50146 0.0173882
5031.67432 0.0167912
5032.84717 0.0163042
5034.02002 0.0158537
5035.19238 0.0153943
5036.36523 0.0146853
5037.53809 0.0142156
5038.71094 0.0136351
5039.88379 0.0129981
5041.05664 0.0123451
5042.22949 0.011653
5043.40234 0.0111485
5044.57520 0.0105511
5045.74756 0.0101844
5046.92041 0.00988028
5048.09326 0.00972571
5049.26611 0.0095857
5050.43896 0.00930518
5051.61182 0.00908903
5052.78467 0.00874703
5053.95752 0.0083139
5055.13037 0.00803506
5056.30322 0.00765314
5057.47607 0.00733851
5058.64893 0.00701948
5059.82129 0.0066215
5060.99414 0.00648317
5062.16699 0.00628717
5063.33984 0.00613101
5064.51270 0.00603755
5065.68555 0.00598897
5066.85840 0.00581715
5068.03125 0.00566275
5069.20410 0.00557908
5070.37646 0.00534573
5071.54932 0.00518469
5072.72217 0.00491973
5073.89502 0.0046791
5075.06787 0.00453745
5076.24072 0.00437783
5077.41357 0.00431016
5078.58643 0.00418227
5079.75928 0.00407717
5080.93213 0.00403732
5082.10498 0.00398473
5083.27783 0.00388573
5084.45020 0.00378516
5085.62305 0.00371945
5086.79590 0.0035669
5087.96875 0.00346868
5089.14160 0.00336839
5090.31445 0.00327809
5091.48730 0.00312428
5092.66016 0.0030272
5093.83301 0.00295321
5095.00537 0.00282172
5096.17822 0.00286635
5097.35107 0.00284152
5098.52393 0.00287773
5099.69678 0.00278603
5609.66650 0.0
