threeML/data/optical_filters/LICK/LICK-f_6826_78.ecsv
# %ECSV 0.9
# ---
# datatype:
# - {name: wavelength, unit: Angstrom, datatype: float32}
# - {name: response, datatype: float32}
# meta: !!omap
# - {band_name: f_6826_78}
# - {group_name: LICK}
wavelength response
6030.69141 0.0
6700.76807 0.00264596
6703.11670 0.00265448
6705.46484 0.00280839
6707.81299 0.00285207
6710.16113 0.00284175
6712.50928 0.00292728
6714.85742 0.00301587
6717.20557 0.00319216
6719.55371 0.00330935
6721.90186 0.00345812
6724.25000 0.00369608
6726.59814 0.00383282
6728.94629 0.00410896
6731.29492 0.00436126
6733.64307 0.00472697
6735.99121 0.00507417
6738.33936 0.00555262
6740.68750 0.00614379
6743.03564 0.00678644
6745.38379 0.00753441
6747.73193 0.0084551
6750.08008 0.00960891
6752.42822 0.0109215
6754.77637 0.0126381
6757.12451 0.014714
6759.47266 0.0172143
6761.82080 0.0202904
6764.16943 0.0243875
6766.51758 0.0294421
6768.86572 0.0359764
6771.21387 0.0445115
6773.56201 0.0554106
6775.91016 0.0701739
6778.25830 0.0886201
6780.60645 0.112616
6782.95459 0.14232
6785.30273 0.180205
6787.65088 0.226055
6789.99902 0.279772
6792.34717 0.339812
6794.69580 0.402486
6797.04346 0.465296
6799.39209 0.520829
6801.74023 0.569038
6804.08838 0.608826
6806.43652 0.639249
6808.78467 0.663236
6811.13281 0.67994
6813.48096 0.694915
6815.82910 0.707476
6818.17725 0.718845
6820.52539 0.727777
6822.87354 0.735151
6825.22168 0.740441
6827.57031 0.744456
6829.91846 0.744207
6832.26660 0.740992
6834.61475 0.733661
6836.96289 0.723732
6839.31104 0.712001
6841.65918 0.700577
6844.00732 0.686418
6846.35547 0.673285
6848.70361 0.661261
6851.05176 0.645827
6853.39990 0.627617
6855.74805 0.606088
6858.09619 0.575544
6860.44482 0.536351
6862.79297 0.488027
6865.14111 0.431796
6867.48926 0.372101
6869.83740 0.31257
6872.18555 0.256772
6874.53369 0.207522
6876.88184 0.16602
6879.22998 0.131845
6881.57812 0.105016
6883.92627 0.0839119
6886.27441 0.0676273
6888.62256 0.0549435
6890.97119 0.0451499
6893.31934 0.0374502
6895.66748 0.031496
6898.01562 0.0268594
6900.36377 0.0229225
6902.71191 0.0198797
6905.06006 0.0174673
6907.40820 0.0154525
6909.75635 0.0137368
6912.10449 0.0122934
6914.45264 0.0109429
6916.80078 0.0100042
6919.14893 0.00901482
6921.49707 0.00828543
6923.84570 0.00760611
6926.19385 0.00707305
6928.54199 0.0065656
6930.89014 0.00604985
6933.23828 0.00561416
6935.58643 0.00508802
6937.93457 0.00472336
6940.28271 0.00440363
6942.63086 0.00404437
6944.97900 0.00378604
6947.32715 0.00352106
6949.67529 0.00334419
7644.64307 0.0
