threeML/data/optical_filters/LICK/LICK-f_4360_45.ecsv
# %ECSV 0.9
# ---
# datatype:
# - {name: wavelength, unit: Angstrom, datatype: float32}
# - {name: response, datatype: float32}
# meta: !!omap
# - {band_name: f_4360_45}
# - {group_name: LICK}
wavelength response
3825.55103 0.0
4250.61230 0.00202326
4252.92334 0.0018218
4255.23438 0.00120009
4257.54541 0.001617
4259.85645 0.00160465
4262.16748 0.00170931
4264.47852 0.00144971
4266.78955 0.00221718
4269.10059 0.00223936
4271.41162 0.00237595
4273.72217 0.00222414
4276.03320 0.00193044
4278.34424 0.00225304
4280.65527 0.0026772
4282.96631 0.00284135
4285.27734 0.00295394
4287.58838 0.00336541
4289.89941 0.00324138
4292.21045 0.00318534
4294.52148 0.00391961
4296.83252 0.00503889
4299.14307 0.00477703
4301.45410 0.00569143
4303.76514 0.00562589
4306.07617 0.00750739
4308.38721 0.00746416
4310.69824 0.00867275
4313.00928 0.010426
4315.32031 0.012024
4317.63135 0.0133867
4319.94238 0.0151054
4322.25342 0.0181459
4324.56396 0.0206801
4326.87500 0.0248143
4329.18604 0.0301792
4331.49707 0.0371274
4333.80811 0.0443142
4336.11914 0.0551299
4338.43018 0.0686014
4340.74121 0.0841329
4343.05225 0.104267
4345.36328 0.128995
4347.67432 0.159968
4349.98535 0.196051
4352.29590 0.234428
4354.60693 0.276243
4356.91797 0.314025
4359.22900 0.351389
4361.54004 0.378441
4363.85107 0.399525
4366.16211 0.414156
4368.47314 0.423437
4370.78418 0.42995
4373.09521 0.430229
4375.40625 0.432227
4377.71729 0.425107
4380.02832 0.416581
4382.33887 0.401731
4384.64990 0.380617
4386.96094 0.351482
4389.27197 0.31768
4391.58301 0.280871
4393.89404 0.246487
4396.20508 0.213613
4398.51611 0.183024
4400.82715 0.158123
4403.13818 0.13566
4405.44922 0.117348
4407.75977 0.102232
4410.07080 0.0882381
4412.38184 0.0763327
4414.69287 0.0664908
4417.00391 0.0579186
4419.31494 0.0500294
4421.62598 0.0424404
4423.93701 0.0369028
4426.24805 0.0318264
4428.55908 0.02735
4430.87012 0.0237763
4433.18066 0.0204355
4435.49170 0.0180404
4437.80273 0.0151483
4440.11377 0.0133516
4442.42480 0.0121102
4444.73584 0.0110147
4447.04688 0.00958413
4449.35791 0.00801732
4451.66895 0.00755789
4453.97998 0.0065609
4456.29102 0.0058507
4458.60156 0.00536731
4460.91260 0.00485598
4463.22363 0.00476536
4465.53467 0.0042579
4467.84570 0.00414072
4470.15674 0.00388171
4472.46777 0.00344917
4474.77881 0.00296979
4477.08984 0.00276276
4479.40088 0.00265059
4481.71191 0.00275143
4484.02246 0.0023163
4486.33350 0.00203626
4488.64453 0.00213819
4490.95557 0.00204871
4493.26660 0.0020425
4495.57764 0.00209346
4497.88867 0.00170037
4947.67773 0.0
