threeML/data/optical_filters/LICK/LICK-f_6520_75.ecsv
# %ECSV 0.9
# ---
# datatype:
# - {name: wavelength, unit: Angstrom, datatype: float32}
# - {name: response, datatype: float32}
# meta: !!omap
# - {band_name: f_6520_75}
# - {group_name: LICK}
wavelength response
5760.18115 0.0
6400.20117 0.00196045
6402.54932 0.00207807
6404.89746 0.00213292
6407.24561 0.00217428
6409.59424 0.00231535
6411.94238 0.00240633
6414.29053 0.00253563
6416.63867 0.00274437
6418.98682 0.00293013
6421.33496 0.00315685
6423.68311 0.00338241
6426.03125 0.0036017
6428.37939 0.00395014
6430.72754 0.0043584
6433.07568 0.00480532
6435.42383 0.0053447
6437.77197 0.00602478
6440.12012 0.00675514
6442.46826 0.00767097
6444.81689 0.00890987
6447.16504 0.0103677
6449.51318 0.0121625
6451.86133 0.0143575
6454.20947 0.0171371
6456.55762 0.0207004
6458.90576 0.0252184
6461.25391 0.0310085
6463.60205 0.0385487
6465.95020 0.0483866
6468.29834 0.0614719
6470.64648 0.0784124
6472.99512 0.100511
6475.34277 0.1303
6477.69141 0.168028
6480.03955 0.215649
6482.38770 0.273501
6484.73584 0.340462
6487.08398 0.413536
6489.43213 0.486385
6491.78027 0.554152
6494.12842 0.610541
6496.47656 0.655182
6498.82471 0.688278
6501.17285 0.712736
6503.52100 0.730441
6505.86963 0.744804
6508.21777 0.756861
6510.56592 0.766044
6512.91406 0.773217
6515.26221 0.779778
6517.61035 0.78291
6519.95850 0.78572
6522.30664 0.784074
6524.65479 0.780619
6527.00293 0.7736
6529.35107 0.765127
6531.69922 0.755468
6534.04736 0.745667
6536.39551 0.735326
6538.74414 0.724005
6541.09229 0.712415
6543.44043 0.698088
6545.78857 0.679012
6548.13672 0.653352
6550.48486 0.617545
6552.83301 0.571073
6555.18115 0.512668
6557.52930 0.447547
6559.87744 0.378304
6562.22559 0.312072
6564.57373 0.25209
6566.92188 0.200941
6569.27051 0.159099
6571.61816 0.125616
6573.96680 0.0996061
6576.31494 0.079414
6578.66309 0.0635895
6581.01123 0.0515533
6583.35938 0.0420082
6585.70752 0.0346551
6588.05566 0.0290325
6590.40381 0.0244013
6592.75195 0.0207101
6595.10010 0.0177125
6597.44824 0.0152598
6599.79639 0.0132472
6602.14502 0.0115576
6604.49316 0.0101104
6606.84131 0.00902855
6609.18945 0.00805668
6611.53760 0.00723591
6613.88574 0.00658773
6616.23389 0.00600021
6618.58203 0.0054518
6620.93018 0.0051079
6623.27832 0.00464555
6625.62646 0.00433853
6627.97461 0.00396487
6630.32275 0.00373364
6632.67090 0.00352653
6635.01953 0.00326343
6637.36768 0.00306441
6639.71582 0.00285425
6642.06396 0.00271254
6644.41211 0.00253734
6646.76025 0.002454
6649.10840 0.002295
7314.01904 0.0
