threeML/data/optical_filters/LICK/LICK-f_4776_60.ecsv
# %ECSV 0.9
# ---
# datatype:
# - {name: wavelength, unit: Angstrom, datatype: float32}
# - {name: response, datatype: float32}
# meta: !!omap
# - {band_name: f_4776_60}
# - {group_name: LICK}
wavelength response
4185.46143 0.0
4650.51270 0.00238932
4651.68555 0.00233079
4652.85840 0.00237803
4654.03125 0.00239179
4655.20410 0.00245181
4656.37646 0.00240734
4657.54932 0.00242099
4658.72217 0.00252445
4659.89502 0.0024453
4661.06787 0.00258569
4662.24072 0.00247913
4663.41357 0.0025163
4664.58643 0.00258404
4665.75928 0.00267158
4666.93213 0.00262488
4668.10449 0.00256473
4669.27734 0.00270385
4670.45020 0.00278838
4671.62305 0.00263122
4672.79590 0.00279472
4673.96875 0.00277509
4675.14160 0.00277439
4676.31445 0.0030213
4677.48730 0.00291969
4678.66016 0.00300483
4679.83301 0.0031659
4681.00537 0.00313612
4682.17822 0.00319175
4683.35107 0.00328224
4684.52393 0.00329503
4685.69678 0.00340921
4686.86963 0.00347148
4688.04248 0.0036019
4689.21533 0.00375854
4690.38818 0.00375149
4691.56104 0.00386992
4692.73340 0.0040927
4693.90625 0.00423429
4695.07910 0.00444296
4696.25195 0.0046863
4697.42480 0.00481439
4698.59766 0.00508743
4699.77051 0.00528021
4700.94336 0.00557438
4702.11621 0.00594815
4703.28906 0.00615542
4704.46191 0.00659391
4705.63428 0.00698923
4706.80713 0.00740814
4707.97998 0.00798628
4709.15283 0.00858154
4710.32568 0.00927662
4711.49854 0.0101332
4712.67139 0.0108754
4713.84424 0.0119538
4715.01709 0.0132044
4716.18994 0.0144081
4717.36230 0.0160903
4718.53516 0.0178516
4719.70801 0.0199776
4720.88086 0.0223906
4722.05371 0.0253299
4723.22656 0.0287796
4724.39941 0.0327063
4725.57227 0.0373124
4726.74512 0.0427561
4727.91797 0.049577
4729.09082 0.0573659
4730.26318 0.0667091
4731.43604 0.0781278
4732.60889 0.091614
4733.78174 0.107321
4734.95459 0.126334
4736.12744 0.149
4737.30029 0.175212
4738.47314 0.205999
4739.64600 0.241161
4740.81836 0.281864
4741.99121 0.325557
4743.16406 0.373029
4744.33691 0.422462
4745.50977 0.473217
4746.68262 0.521659
4747.85547 0.566624
4749.02832 0.607385
4750.20117 0.642999
4751.37402 0.669806
4752.54688 0.690285
4753.71973 0.707521
4754.89209 0.719534
4756.06494 0.727508
4757.23779 0.732735
4758.41064 0.734865
4759.58350 0.737128
4760.75635 0.738017
4761.92920 0.738364
4763.10205 0.741063
4764.27490 0.742182
4765.44727 0.743425
4766.62012 0.743648
4767.79297 0.743384
4768.96582 0.744733
4770.13867 0.746548
4771.31152 0.745617
4772.48438 0.746848
4773.65723 0.745883
4774.83008 0.744162
4776.00293 0.744015
4777.17529 0.742186
4778.34863 0.739293
4779.52100 0.73824
4780.69385 0.735635
4781.86670 0.733241
4783.03955 0.731157
4784.21240 0.730039
4785.38525 0.728213
4786.55811 0.726955
4787.73096 0.725879
4788.90381 0.72524
4790.07617 0.725367
4791.24902 0.724102
4792.42188 0.72123
4793.59473 0.716498
4794.76758 0.710393
4795.94043 0.69986
4797.11328 0.684987
4798.28613 0.663812
4799.45898 0.637448
4800.63184 0.605958
4801.80420 0.567668
4802.97754 0.524501
4804.14990 0.477882
4805.32275 0.431166
4806.49561 0.38391
4807.66846 0.338964
4808.84131 0.296641
4810.01416 0.25733
4811.18701 0.223048
4812.35986 0.192327
4813.53271 0.165605
4814.70508 0.142948
4815.87793 0.123214
4817.05078 0.106569
4818.22363 0.0920191
4819.39648 0.0802074
4820.56934 0.0700489
4821.74219 0.0613514
4822.91504 0.0538267
4824.08789 0.0474423
4825.26074 0.0418301
4826.43311 0.037383
4827.60596 0.0331749
4828.77881 0.029692
4829.95166 0.0266791
4831.12451 0.0240497
4832.29736 0.0217873
4833.47021 0.0196304
4834.64307 0.0179636
4835.81592 0.0164087
4836.98877 0.0150109
4838.16162 0.0137008
4839.33398 0.012641
4840.50684 0.0115894
4841.67969 0.0107036
4842.85254 0.00980182
4844.02539 0.00904978
4845.19824 0.00844984
4846.37109 0.00794969
4847.54395 0.0073976
4848.71680 0.006993
4849.88916 0.00652087
4851.06201 0.00614642
4852.23486 0.00578263
4853.40771 0.00544627
4854.58057 0.00509092
4855.75342 0.00492012
4856.92627 0.0046001
4858.09912 0.00439982
4859.27197 0.00416947
4860.44482 0.00388629
4861.61768 0.00381819
4862.79053 0.00361922
4863.96289 0.0034398
4865.13574 0.00337383
4866.30859 0.00320639
4867.48145 0.00303394
4868.65430 0.00293214
4869.82715 0.00279219
4871.00000 0.00276854
4872.17285 0.00267299
4873.34570 0.00250746
4874.51807 0.00253439
4875.69092 0.00238998
4876.86377 0.00227349
4878.03662 0.00227839
4879.20947 0.00213771
4880.38232 0.00211836
4881.55518 0.00209796
4882.72803 0.00201285
4883.90088 0.00195468
4885.07373 0.00193345
4886.24658 0.00186269
4887.41943 0.00176377
4888.59180 0.00176233
4889.76465 0.00164128
4890.93750 0.00163158
4892.11035 0.00160589
4893.28320 0.00165151
4894.45605 0.00157821
4895.62891 0.00147676
4896.80176 0.00152249
4897.97461 0.00139866
4899.14697 0.0014385
5389.06152 0.0
