threeML/data/optical_filters/LICK/LICK-f_4625_100.ecsv
# %ECSV 0.9
# ---
# datatype:
# - {name: wavelength, unit: Angstrom, datatype: float32}
# - {name: response, datatype: float32}
# meta: !!omap
# - {band_name: f_4625_100}
# - {group_name: LICK}
wavelength response
4050.76025 0.0
4500.84473 0.0064103
4501.86475 0.00657013
4502.88477 0.00653477
4503.90527 0.00633607
4504.92529 0.00645138
4505.94531 0.00643437
4506.96582 0.00647462
4507.98584 0.00631049
4509.00586 0.00621079
4510.02588 0.00640865
4511.04639 0.00642194
4512.06641 0.00633688
4513.08643 0.00649055
4514.10645 0.00641676
4515.12695 0.00642503
4516.14697 0.00648784
4517.16699 0.0064588
4518.18701 0.00654845
4519.20752 0.00647656
4520.22754 0.00645906
4521.24756 0.00657474
4522.26758 0.00663854
4523.28809 0.00639926
4524.30811 0.0064446
4525.32812 0.00663776
4526.34863 0.00670393
4527.36865 0.00633225
4528.38867 0.00643731
4529.40869 0.00670318
4530.42920 0.00661304
4531.44922 0.00668541
4532.46924 0.00659198
4533.48926 0.00657332
4534.50977 0.00667096
4535.52979 0.00681259
4536.54980 0.00683069
4537.57031 0.00683294
4538.59033 0.00704856
4539.61035 0.00691375
4540.63037 0.00681725
4541.65088 0.00698289
4542.67090 0.00704602
4543.69092 0.00697774
4544.71143 0.0070789
4545.73145 0.00709629
4546.75146 0.00718386
4547.77148 0.00748841
4548.79199 0.00715448
4549.81201 0.00743676
4550.83203 0.00733393
4551.85205 0.00763498
4552.87256 0.0075309
4553.89258 0.00759873
4554.91260 0.00744192
4555.93262 0.00778179
4556.95312 0.00788796
4557.97314 0.00810417
4558.99316 0.00823984
4560.01318 0.00810308
4561.03369 0.00861378
4562.05371 0.00842818
4563.07373 0.00845972
4564.09424 0.00864739
4565.11426 0.00871851
4566.13428 0.00884201
4567.15430 0.00900343
4568.17480 0.00909576
4569.19482 0.00919975
4570.21484 0.00929683
4571.23486 0.00973106
4572.25537 0.00988793
4573.27539 0.0100956
4574.29541 0.0104164
4575.31592 0.0107936
4576.33594 0.0111606
4577.35596 0.0112651
4578.37598 0.0118997
4579.39648 0.0120961
4580.41650 0.0124091
4581.43652 0.0129995
4582.45654 0.0131327
4583.47705 0.0138286
4584.49707 0.0142798
4585.51709 0.0148418
4586.53760 0.0154088
4587.55762 0.01602
4588.57764 0.0166395
4589.59766 0.0172781
4590.61816 0.0181565
4591.63818 0.0189979
4592.65820 0.0200354
4593.67822 0.0210618
4594.69873 0.022203
4595.71875 0.0234003
4596.73877 0.0244262
4597.75879 0.0257884
4598.77930 0.0272174
4599.79932 0.0288538
4600.81934 0.0301564
4601.83984 0.0320169
4602.85986 0.0342715
4603.87988 0.0364318
4604.89990 0.0384423
4605.92041 0.0411993
4606.94043 0.043602
4607.96045 0.0460767
4608.98047 0.0490424
4610.00098 0.0519222
4611.02100 0.0550229
4612.04102 0.058505
4613.06152 0.0624751
4614.08154 0.0664257
4615.10156 0.0705289
4616.12158 0.0754787
4617.14209 0.0808645
4618.16211 0.0892833
4619.18213 0.0960922
4620.20215 0.0998749
4621.22266 0.107174
4622.24268 0.110097
4623.26270 0.113345
4624.28271 0.118582
4625.30322 0.122598
4626.32324 0.128201
4627.34326 0.133361
4628.36377 0.137691
4629.38379 0.143982
4630.40381 0.149371
4631.42383 0.154003
4632.44434 0.15952
4633.46436 0.16457
4634.48438 0.169217
4635.50439 0.173586
4636.52490 0.178213
4637.54492 0.182903
4638.56494 0.186148
4639.58496 0.189963
4640.60547 0.19168
4641.62549 0.194886
4642.64551 0.198112
4643.66602 0.199511
4644.68604 0.20146
4645.70605 0.203056
4646.72607 0.205012
4647.74658 0.205904
4648.76660 0.20629
4649.78662 0.207089
4650.80713 0.208092
4651.82715 0.207403
4652.84717 0.205853
4653.86719 0.205346
4654.88770 0.205015
4655.90771 0.205171
4656.92773 0.204382
4657.94775 0.203278
4658.96826 0.203642
4659.98828 0.2038
4661.00830 0.203316
4662.02832 0.202869
4663.04883 0.202413
4664.06885 0.202124
4665.08887 0.202001
4666.10938 0.202047
4667.12939 0.201547
4668.14941 0.200426
4669.16943 0.199052
4670.18994 0.19807
4671.20996 0.196956
4672.22998 0.196985
4673.25000 0.196193
4674.27051 0.197568
4675.29053 0.196971
4676.31055 0.19572
4677.33057 0.196495
4678.35107 0.196324
4679.37109 0.194957
4680.39111 0.195337
4681.41162 0.194776
4682.43164 0.193563
4683.45166 0.193894
4684.47168 0.192777
4685.49219 0.192591
4686.51221 0.192212
4687.53223 0.19082
4688.55273 0.189204
4689.57275 0.189717
4690.59277 0.190994
4691.61279 0.188175
4692.63330 0.187671
4693.65332 0.187221
4694.67334 0.185166
4695.69336 0.184052
4696.71387 0.183462
4697.73389 0.182437
4698.75391 0.181953
4699.77393 0.18029
4700.79443 0.179126
4701.81445 0.177571
4702.83447 0.176346
4703.85449 0.175277
4704.87500 0.173443
4705.89502 0.171581
4706.91504 0.17033
4707.93555 0.168137
4708.95557 0.16569
4709.97559 0.1634
4710.99561 0.161028
4712.01611 0.158197
4713.03613 0.155723
4714.05615 0.153789
4715.07617 0.150276
4716.09668 0.146845
4717.11670 0.143773
4718.13672 0.141342
4719.15723 0.137918
4720.17725 0.134382
4721.19727 0.131224
4722.21729 0.126684
4723.23779 0.12379
4724.25781 0.11983
4725.27783 0.116977
4726.29834 0.112001
4727.31836 0.108211
4728.33838 0.104608
4729.35840 0.100077
4730.37891 0.0960799
4731.39893 0.092379
4732.41895 0.0888326
4733.43896 0.0851902
4734.45947 0.0812489
4735.47949 0.0772194
4736.49951 0.0734999
4737.51953 0.0702667
4738.54004 0.0670578
4739.56006 0.0640263
4740.58008 0.0610874
4741.60010 0.0582298
4742.62061 0.0554839
4743.64062 0.0528457
4744.66064 0.0500131
4745.68066 0.0471705
4746.70117 0.044763
4747.72119 0.0425348
4748.74121 0.0403513
4749.76172 0.0382846
4750.78174 0.0365092
4751.80176 0.0347523
4752.82178 0.0330687
4753.84229 0.0314689
4754.86230 0.0298685
4755.88232 0.028543
4756.90283 0.0270662
4757.92285 0.0255332
4758.94287 0.0243446
4759.96289 0.0232626
4760.98340 0.022047
4762.00342 0.0209364
4763.02344 0.0201004
4764.04346 0.0192808
4765.06396 0.0181743
4766.08398 0.0174348
4767.10400 0.0167974
4768.12451 0.0158499
4769.14453 0.0151743
4770.16455 0.0146061
4771.18457 0.0137409
4772.20508 0.013099
4773.22510 0.0126959
4774.24512 0.0122754
4775.26514 0.0119027
4776.28564 0.0113674
4777.30566 0.0109497
4778.32568 0.0105233
4779.34570 0.0102101
4780.36621 0.00956994
4781.38623 0.00944704
4782.40625 0.00916347
4783.42627 0.00885365
4784.44678 0.0086076
4785.46680 0.00836383
4786.48682 0.00800088
4787.50732 0.00781924
4788.52734 0.00746885
4789.54736 0.00729515
4790.56738 0.00721637
4791.58789 0.00692801
4792.60791 0.00682854
4793.62793 0.00678707
4794.64844 0.00649321
4795.66846 0.00627163
4796.68848 0.00625183
4797.70850 0.00610596
4798.72900 0.00598389
4799.74902 0.00590142
4800.76904 0.00578947
4801.78906 0.00555053
4802.80957 0.00548213
4803.82959 0.00536285
4804.84961 0.0050846
4805.87012 0.00521647
4806.89014 0.00500752
4807.91016 0.0049833
4808.93018 0.00495471
4809.95068 0.00485686
4810.97070 0.00483802
4811.99072 0.004722
4813.01074 0.00477065
4814.03125 0.00469653
4815.05127 0.00459925
4816.07129 0.00456792
4817.09131 0.00449609
4818.11182 0.00440346
4819.13184 0.00445464
4820.15186 0.00437626
4821.17188 0.00419721
4822.19238 0.0042509
4823.21240 0.0041327
4824.23242 0.00420743
4825.25293 0.00407457
4826.27295 0.00405555
4827.29297 0.00414534
4828.31299 0.0040363
4829.33350 0.00399423
4830.35352 0.00389757
4831.37354 0.00393805
4832.39404 0.00390055
4833.41406 0.00384458
4834.43408 0.00386677
4835.45410 0.00376869
4836.47461 0.0038482
4837.49463 0.00370679
4838.51465 0.00368824
4839.53467 0.00374904
4840.55518 0.00372157
4841.57520 0.00371325
4842.59521 0.00362998
4843.61572 0.00362159
4844.63574 0.00364316
4845.65576 0.00343893
4846.67578 0.00349205
4847.69629 0.00352127
4848.71631 0.00348759
4849.73633 0.00346234
5334.70996 0.0
