threeML/data/optical_filters/LICK/LICK-f_5719_66.ecsv
# %ECSV 0.9
# ---
# datatype:
# - {name: wavelength, unit: Angstrom, datatype: float32}
# - {name: response, datatype: float32}
# meta: !!omap
# - {band_name: f_5719_66}
# - {group_name: LICK}
wavelength response
5041.98242 0.0
5602.20264 0.00243408
5604.53613 0.00212129
5606.86914 0.00226693
5609.20264 0.00264806
5611.53564 0.00255762
5613.86914 0.00255383
5616.20264 0.00263185
5618.53564 0.00288808
5620.86914 0.00309113
5623.20215 0.00319367
5625.53564 0.00330478
5627.86914 0.00347622
5630.20215 0.00366984
5632.53564 0.00401213
5634.86914 0.00435041
5637.20215 0.00496256
5639.53564 0.0052797
5641.86865 0.00585714
5644.20215 0.0069374
5646.53516 0.00771964
5648.86865 0.00877783
5651.20215 0.0106224
5653.53516 0.0126605
5655.86865 0.0150611
5658.20166 0.0188693
5660.53516 0.0228181
5662.86865 0.0290366
5665.20166 0.0375607
5667.53516 0.048527
5669.86816 0.0640791
5672.20166 0.0856346
5674.53516 0.1154
5676.86816 0.156073
5679.20166 0.208501
5681.53516 0.274824
5683.86816 0.350738
5686.20166 0.430772
5688.53467 0.504752
5690.86816 0.564703
5693.20166 0.606329
5695.53467 0.63054
5697.86816 0.642717
5700.20117 0.65003
5702.53467 0.654068
5704.86816 0.656726
5707.20117 0.658551
5709.53467 0.659708
5711.86768 0.664467
5714.20117 0.664061
5716.53467 0.66594
5718.86768 0.662926
5721.20117 0.65958
5723.53467 0.657312
5725.86768 0.653125
5728.20117 0.648673
5730.53418 0.646798
5732.86768 0.644335
5735.20117 0.639377
5737.53418 0.629635
5739.86768 0.60796
5742.20068 0.575881
5744.53418 0.523729
5746.86768 0.457069
5749.20068 0.381752
5751.53418 0.306118
5753.86719 0.237367
5756.20068 0.181474
5758.53418 0.136445
5760.86719 0.103561
5763.20068 0.0792862
5765.53418 0.0612117
5767.86719 0.0478741
5770.20068 0.0380064
5772.53369 0.0306866
5774.86719 0.0247989
5777.20068 0.0207998
5779.53369 0.0175534
5781.86719 0.0146689
5784.20020 0.012736
5786.53369 0.0111488
5788.86719 0.00984799
5791.20020 0.00850185
5793.53369 0.00779936
5795.86670 0.00693079
5798.20020 0.00608911
5800.53369 0.00588991
5802.86670 0.00519078
5805.20020 0.00461912
5807.53369 0.00432644
5809.86670 0.00410881
5812.20020 0.00367047
5814.53320 0.00349184
5816.86670 0.00315489
5819.20020 0.00299875
5821.53320 0.00301666
5823.86670 0.00275216
5826.19971 0.00263666
5828.53320 0.00243688
5830.86670 0.00233445
5833.19971 0.00211605
5835.53320 0.00205568
5837.86621 0.00201263
5840.19971 0.001865
5842.53320 0.00185967
5844.86621 0.00173244
5847.19971 0.00159274
5849.53320 0.00153471
6434.48633 0.0
