threeML/data/optical_filters/LICK/LICK-f_4260_80.ecsv
# %ECSV 0.9
# ---
# datatype:
# - {name: wavelength, unit: Angstrom, datatype: float32}
# - {name: response, datatype: float32}
# meta: !!omap
# - {band_name: f_4260_80}
# - {group_name: LICK}
wavelength response
3736.11572 0.0
4151.23975 0.000532808
4153.55078 0.000598287
4155.86182 0.000983552
4158.17285 0.000393352
4160.48389 0.000471007
4162.79492 0.000997724
4165.10596 0.000685904
4167.41699 0.000995346
4169.72803 0.000980684
4172.03857 0.000377157
4174.34961 0.000642926
4176.66064 0.000272832
4178.97168 0.000600024
4181.28271 0.00124656
4183.59375 0.000878596
4185.90479 0.00131397
4188.21582 0.00162149
4190.52686 0.00137194
4192.83789 0.00188187
4195.14893 0.00267072
4197.45947 0.00258945
4199.77051 0.00282113
4202.08154 0.00255334
4204.39258 0.00303289
4206.70361 0.0037699
4209.01465 0.00424258
4211.32568 0.00500636
4213.63672 0.00556048
4215.94775 0.00743678
4218.25879 0.010493
4220.56982 0.0137985
4222.88037 0.0212388
4225.19141 0.0367619
4227.50244 0.0603615
4229.81348 0.0864517
4232.12451 0.103674
4234.43555 0.109113
4236.74658 0.108338
4239.05762 0.108537
4241.36865 0.110278
4243.67969 0.113692
4245.99072 0.119705
4248.30127 0.124382
4250.61230 0.127677
4252.92334 0.130794
4255.23438 0.13394
4257.54541 0.138891
4259.85645 0.143282
4262.16748 0.145447
4264.47852 0.14804
4266.78955 0.152555
4269.10059 0.153092
4271.41162 0.154162
4273.72217 0.153948
4276.03320 0.153382
4278.34424 0.155352
4280.65527 0.160858
4282.96631 0.168551
4285.27734 0.173838
4287.58838 0.174715
4289.89941 0.167353
4292.21045 0.147386
4294.52148 0.127006
4296.83252 0.110526
4299.14307 0.100226
4301.45410 0.0945998
4303.76514 0.0922046
4306.07617 0.0907005
4308.38721 0.0877689
4310.69824 0.0857786
4313.00928 0.0844317
4315.32031 0.0815581
4317.63135 0.0800161
4319.94238 0.0779211
4322.25342 0.075766
4324.56396 0.0735124
4326.87500 0.0722121
4329.18604 0.0680201
4331.49707 0.064362
4333.80811 0.0581223
4336.11914 0.0520567
4338.43018 0.0466446
4340.74121 0.0410549
4343.05225 0.0347869
4345.36328 0.0291394
4347.67432 0.0243762
4349.98535 0.0194729
4352.29590 0.0148325
4354.60693 0.0118135
4356.91797 0.00953141
4359.22900 0.0069157
4361.54004 0.00600302
4363.85107 0.00516976
4366.16211 0.00457873
4368.47314 0.00352152
4370.78418 0.00310791
4373.09521 0.00289032
4375.40625 0.00255898
4377.71729 0.00228559
4380.02832 0.0020128
4382.33887 0.00206125
4384.64990 0.00190495
4386.96094 0.00152721
4389.27197 0.00151828
4391.58301 0.00114885
4393.89404 0.000711654
4396.20508 0.000930269
4398.51611 0.000974466
4400.82715 0.00111356
4403.13818 0.000757266
4405.44922 0.000783801
4407.75977 0.000671948
4410.07080 0.000674195
4412.38184 0.000442468
4414.69287 0.000456419
4417.00391 0.000541712
4419.31494 0.000288555
4421.62598 0.000433622
4423.93701 0.000732388
4426.24805 0.000448469
4428.55908 0.000552231
4430.87012 0.000814087
4433.18066 0.000566728
4435.49170 0.000522715
4437.80273 0.000333538
4440.11377 0.000256124
4442.42480 0.000391853
4444.73584 0.000521339
4447.04688 0.000242581
4449.35791 0.00024366
4894.29395 0.0
