threeML/data/optical_filters/LICK/LICK-f_5350_80.ecsv
# %ECSV 0.9
# ---
# datatype:
# - {name: wavelength, unit: Angstrom, datatype: float32}
# - {name: response, datatype: float32}
# meta: !!omap
# - {band_name: f_5350_80}
# - {group_name: LICK}
wavelength response
4725.51807 0.0
5250.57568 0.00252417
5252.88428 0.00243722
5255.19287 0.00271754
5257.50146 0.00292004
5259.81006 0.00292133
5262.11914 0.00312228
5264.42773 0.00335932
5266.73633 0.00349528
5269.04443 0.00359614
5271.35303 0.00384832
5273.66162 0.00418942
5275.97021 0.00446177
5278.27881 0.00508687
5280.58740 0.00554377
5282.89600 0.00603357
5285.20459 0.00690579
5287.51318 0.00770014
5289.82178 0.00851962
5292.13037 0.00985822
5294.43896 0.0115549
5296.74756 0.0133552
5299.05615 0.0154822
5301.36475 0.0185412
5303.67334 0.0223791
5305.98193 0.0270659
5308.29053 0.0334811
5310.59912 0.0421068
5312.90771 0.0529143
5315.21631 0.066379
5317.52490 0.0852739
5319.83350 0.111572
5322.14209 0.145862
5324.45068 0.190361
5326.75928 0.246995
5329.06787 0.31497
5331.37646 0.393017
5333.68506 0.476659
5335.99365 0.560223
5338.30225 0.638028
5340.61084 0.701668
5342.91943 0.736703
5345.22803 0.761487
5347.53662 0.775706
5349.84521 0.789064
5352.15381 0.853935
5354.46240 0.891508
5356.77100 0.797725
5359.07959 0.785724
5361.38818 0.790462
5363.69678 0.789756
5366.00537 0.79109
5368.31396 0.794453
5370.62256 0.786913
5372.93115 0.788054
5375.23975 0.795547
5377.54834 0.797839
5379.85693 0.784825
5382.16553 0.781837
5384.47412 0.785154
5386.78271 0.780159
5389.09131 0.769096
5391.39990 0.75689
5393.70850 0.733962
5396.01709 0.698425
5398.32568 0.645065
5400.63428 0.574635
5402.94287 0.495813
5405.25146 0.414293
5407.56006 0.340022
5409.86865 0.274706
5412.17725 0.218114
5414.48584 0.171451
5416.79443 0.134439
5419.10303 0.105984
5421.41162 0.0831305
5423.72021 0.066352
5426.02881 0.0542803
5428.33740 0.0444719
5430.64600 0.0364726
5432.95459 0.0301824
5435.26318 0.0253028
5437.57178 0.0218999
5439.88037 0.0189533
5442.18896 0.0164311
5444.49756 0.0143545
5446.80615 0.0126231
5449.11475 0.0113012
5451.42334 0.0100962
5453.73193 0.00917475
5456.04053 0.00839082
5458.34912 0.00759729
5460.65771 0.00692263
5462.96631 0.00633637
5465.27490 0.00601246
5467.58350 0.00545804
5469.89209 0.0050964
5472.20068 0.00466907
5474.50928 0.00437215
5476.81787 0.00403727
5479.12646 0.00381753
5481.43506 0.00390262
5483.74365 0.00370446
5486.05225 0.00349156
5488.36084 0.00316171
5490.66943 0.00291039
5492.97803 0.00282618
5495.28662 0.00259014
5497.59521 0.00250217
5499.90381 0.00243976
6049.89404 0.0
