threeML/data/optical_filters/LICK/LICK-f_9160_100.ecsv
# %ECSV 0.9
# ---
# datatype:
# - {name: wavelength, unit: Angstrom, datatype: float32}
# - {name: response, datatype: float32}
# meta: !!omap
# - {band_name: f_9160_100}
# - {group_name: LICK}
wavelength response
8100.62158 0.0
9000.69043 0.00698349
9003.03418 0.00683344
9005.37793 0.00690861
9007.72168 0.00711677
9010.06445 0.00733477
9012.40820 0.00746907
9014.75195 0.00769236
9017.09570 0.00794812
9019.43945 0.00797187
9021.78320 0.00820425
9024.12695 0.00864296
9026.47070 0.00888691
9028.81445 0.00928495
9031.15820 0.00981527
9033.50195 0.0103786
9035.84570 0.0112074
9038.18945 0.0120578
9040.53320 0.0129206
9042.87695 0.0137946
9045.22070 0.0147058
9047.56445 0.0157508
9049.90820 0.0171366
9052.25195 0.0187056
9054.59473 0.0205013
9056.93848 0.0228074
9059.28223 0.0255216
9061.62598 0.029187
9063.96973 0.0335678
9066.31348 0.0387214
9068.65723 0.0452436
9071.00098 0.0528144
9073.34473 0.0615235
9075.68848 0.0733187
9078.03223 0.0878738
9080.37598 0.105226
9082.71973 0.125936
9085.06348 0.153172
9087.40723 0.185171
9089.75098 0.225866
9092.09473 0.277671
9094.43848 0.335045
9096.78223 0.403453
9099.12598 0.477625
9101.46875 0.550343
9103.81250 0.630501
9106.15625 0.693265
9108.50000 0.742253
9110.84375 0.782483
9113.18750 0.812018
9115.53125 0.829605
9117.87500 0.838914
9120.21875 0.830127
9122.56250 0.832781
9124.90625 0.828655
9127.25000 0.824916
9129.59375 0.82028
9131.93750 0.808318
9134.28125 0.814855
9136.62500 0.809305
9138.96875 0.812595
9141.31250 0.816964
9143.65625 0.819098
9145.99902 0.822966
9148.34277 0.828696
9150.68652 0.83319
9153.03027 0.831269
9155.37402 0.83532
9157.71777 0.837508
9160.06152 0.847832
9162.40527 0.856409
9164.74902 0.858539
9167.09277 0.861887
9169.43652 0.859561
9171.78027 0.859547
9174.12402 0.855061
9176.46777 0.847383
9178.81152 0.844583
9181.15527 0.840035
9183.49902 0.83089
9185.84277 0.810593
9188.18652 0.789073
9190.53027 0.759512
9192.87305 0.721358
9195.21680 0.668864
9197.56055 0.612681
9199.90430 0.557623
9202.24805 0.49697
9204.59180 0.439601
9206.93555 0.379924
9209.27930 0.32316
9211.62305 0.274049
9213.96680 0.231194
9216.31055 0.195173
9218.65430 0.164395
9220.99805 0.138902
9223.34180 0.118975
9225.68555 0.101637
9228.02930 0.0874808
9230.37305 0.0763728
9232.71680 0.0661757
9235.06055 0.0580889
9237.40332 0.0516864
9239.74707 0.0458408
9242.09082 0.0412262
9244.43457 0.0377746
9246.77832 0.0347461
9249.12207 0.0322999
9251.46582 0.0299605
9253.80957 0.0276455
9256.15332 0.0259181
9258.49707 0.0243077
9260.84082 0.0227344
9263.18457 0.0211303
9265.52832 0.0197416
9267.87207 0.0185452
9270.21582 0.01762
9272.55957 0.0167947
9274.90332 0.0157458
9277.24707 0.0151476
9279.59082 0.0146509
9281.93457 0.0139858
9284.27734 0.0131774
9286.62109 0.0125322
9288.96484 0.0119497
9291.30859 0.0111251
9293.65234 0.010602
9295.99609 0.0104431
9298.33984 0.0103434
10228.17383 0.0
