threeML/data/optical_filters/LICK/LICK-f_4743_60.ecsv
# %ECSV 0.9
# ---
# datatype:
# - {name: wavelength, unit: Angstrom, datatype: float32}
# - {name: response, datatype: float32}
# meta: !!omap
# - {band_name: f_4743_60}
# - {group_name: LICK}
wavelength response
4140.07373 0.0
4600.08203 0.00241124
4601.25488 0.00240427
4602.42773 0.002506
4603.60059 0.00244259
4604.77344 0.00244218
4605.94629 0.00238881
4607.11914 0.00240396
4608.29150 0.00245075
4609.46436 0.00248983
4610.63721 0.00253765
4611.81006 0.00233603
4612.98291 0.00245858
4614.15576 0.00247763
4615.32861 0.0023824
4616.50146 0.00246031
4617.67432 0.00233652
4618.84668 0.00241418
4620.01953 0.0024363
4621.19238 0.00234641
4622.36523 0.00239901
4623.53809 0.00234037
4624.71094 0.00234591
4625.88379 0.00239518
4627.05664 0.00245027
4628.22949 0.00246262
4629.40234 0.00252227
4630.57520 0.00261254
4631.74756 0.00256935
4632.92041 0.0025058
4634.09326 0.00259969
4635.26611 0.00268381
4636.43896 0.00271557
4637.61182 0.00287434
4638.78467 0.00273615
4639.95752 0.0028515
4641.13037 0.00274917
4642.30322 0.00280016
4643.47559 0.00287626
4644.64844 0.00278061
4645.82129 0.00300145
4646.99414 0.00298262
4648.16699 0.00304068
4649.33984 0.00313247
4650.51270 0.00328298
4651.68555 0.00322965
4652.85840 0.00350328
4654.03125 0.00343407
4655.20410 0.00341585
4656.37646 0.0034745
4657.54932 0.00369242
4658.72217 0.00386663
4659.89502 0.00401031
4661.06787 0.00409008
4662.24072 0.00422811
4663.41357 0.00451715
4664.58643 0.00470042
4665.75928 0.00495024
4666.93213 0.00508472
4668.10449 0.00528001
4669.27734 0.00575
4670.45020 0.00604333
4671.62305 0.00651749
4672.79590 0.00699064
4673.96875 0.00737317
4675.14160 0.00806996
4676.31445 0.00869751
4677.48730 0.00936646
4678.66016 0.0103809
4679.83301 0.0113712
4681.00537 0.0125307
4682.17822 0.0136585
4683.35107 0.0152777
4684.52393 0.0171255
4685.69678 0.0194103
4686.86963 0.0220068
4688.04248 0.0248412
4689.21533 0.0283948
4690.38818 0.0327125
4691.56104 0.0376342
4692.73340 0.0434917
4693.90625 0.0507082
4695.07910 0.0597782
4696.25195 0.0700429
4697.42480 0.0821927
4698.59766 0.0974759
4699.77051 0.115592
4700.94336 0.136978
4702.11621 0.162213
4703.28906 0.191424
4704.46191 0.226187
4705.63428 0.264825
4706.80713 0.306196
4707.97998 0.350622
4709.15283 0.397862
4710.32568 0.442824
4711.49854 0.485099
4712.67139 0.524314
4713.84424 0.556451
4715.01709 0.583188
4716.18994 0.602917
4717.36230 0.618037
4718.53516 0.628354
4719.70801 0.634199
4720.88086 0.63808
4722.05371 0.641059
4723.22656 0.643557
4724.39941 0.645495
4725.57227 0.646821
4726.74512 0.648849
4727.91797 0.649541
4729.09082 0.653251
4730.26318 0.655199
4731.43604 0.657232
4732.60889 0.659948
4733.78174 0.663645
4734.95459 0.667372
4736.12744 0.668739
4737.30029 0.670503
4738.47314 0.673501
4739.64600 0.675628
4740.81836 0.677278
4741.99121 0.678231
4743.16406 0.678989
4744.33691 0.679107
4745.50977 0.680692
4746.68262 0.680751
4747.85547 0.68065
4749.02832 0.683181
4750.20117 0.684118
4751.37402 0.684897
4752.54688 0.684893
4753.71973 0.684645
4754.89209 0.683315
4756.06494 0.678414
4757.23779 0.672286
4758.41064 0.661803
4759.58350 0.645779
4760.75635 0.624241
4761.92920 0.596334
4763.10205 0.563786
4764.27490 0.524247
4765.44727 0.481635
4766.62012 0.436113
4767.79297 0.389521
4768.96582 0.345097
4770.13867 0.302995
4771.31152 0.26347
4772.48438 0.228312
4773.65723 0.195855
4774.83008 0.168502
4776.00293 0.145021
4777.17529 0.124358
4778.34863 0.107071
4779.52100 0.0921313
4780.69385 0.079811
4781.86670 0.0696015
4783.03955 0.0606129
4784.21240 0.052779
4785.38525 0.046308
4786.55811 0.0408945
4787.73096 0.0361546
4788.90381 0.0319656
4790.07617 0.0283452
4791.24902 0.0254168
4792.42188 0.022901
4793.59473 0.0206189
4794.76758 0.0186333
4795.94043 0.0168498
4797.11328 0.015307
4798.28613 0.0139769
4799.45898 0.0127036
4800.63184 0.0114924
4801.80420 0.0107796
4802.97754 0.00998194
4804.14990 0.00927015
4805.32275 0.0086664
4806.49561 0.00797453
4807.66846 0.00741109
4808.84131 0.00691808
4810.01416 0.00650512
4811.18701 0.00615846
4812.35986 0.00580013
4813.53271 0.00540802
4814.70508 0.00514534
4815.87793 0.00480456
4817.05078 0.00458271
4818.22363 0.004351
4819.39648 0.00420173
4820.56934 0.00392284
4821.74219 0.00386337
4822.91504 0.00366661
4824.08789 0.00339117
4825.26074 0.00332909
4826.43311 0.00317985
4827.60596 0.00308393
4828.77881 0.00298459
4829.95166 0.00275668
4831.12451 0.00280792
4832.29736 0.00262838
4833.47021 0.00257509
4834.64307 0.00249161
4835.81592 0.00242778
4836.98877 0.00239806
4838.16162 0.00230675
4839.33398 0.00226316
4840.50684 0.00214872
4841.67969 0.00206321
4842.85254 0.00198009
4844.02539 0.00192103
4845.19824 0.00187564
4846.37109 0.00185046
4847.54395 0.00174894
4848.71680 0.00169368
4849.88916 0.00169725
4851.06201 0.00164787
4852.23486 0.00165356
4853.40771 0.00161994
4854.58057 0.00154154
4855.75342 0.00154013
4856.92627 0.00152832
4858.09912 0.00146636
4859.27197 0.00142398
4860.44482 0.00135467
4861.61768 0.00134611
4862.79053 0.00131923
4863.96289 0.0013326
4865.13574 0.00128712
4866.30859 0.00123668
4867.48145 0.0012558
4868.65430 0.00120677
4869.82715 0.00114988
4871.00000 0.0011046
4872.17285 0.00122984
4873.34570 0.0010681
4874.51807 0.00108744
4875.69092 0.00109318
4876.86377 0.000987734
4878.03662 0.00104607
4879.20947 0.000977684
4880.38232 0.00104023
4881.55518 0.000984363
4882.72803 0.000907689
4883.90088 0.000884297
4885.07373 0.000880527
4886.24658 0.000914858
4887.41943 0.000818917
4888.59180 0.000892641
4889.76465 0.000805685
4890.93750 0.000790253
4892.11035 0.000814163
4893.28320 0.000844078
4894.45605 0.000772285
4895.62891 0.000713212
4896.80176 0.000679798
4897.97461 0.000700143
4899.14697 0.000722354
5389.06152 0.0
