threeML/data/optical_filters/LICK/LICK-f_4908_60.ecsv
# %ECSV 0.9
# ---
# datatype:
# - {name: wavelength, unit: Angstrom, datatype: float32}
# - {name: response, datatype: float32}
# meta: !!omap
# - {band_name: f_4908_60}
# - {group_name: LICK}
wavelength response
4320.36035 0.0
4800.40039 0.00239232
4802.70898 0.00283201
4805.01758 0.00292271
4807.32617 0.00295316
4809.63477 0.00315323
4811.94336 0.00307636
4814.25195 0.00313651
4816.56055 0.00323991
4818.86914 0.00347129
4821.17773 0.00374792
4823.48633 0.00405137
4825.79492 0.0042441
4828.10352 0.00467449
4830.41211 0.00512873
4832.72070 0.00540734
4835.02930 0.00622511
4837.33789 0.00672058
4839.64648 0.00803827
4841.95508 0.0089772
4844.26367 0.0102313
4846.57227 0.0123169
4848.88086 0.0142592
4851.18945 0.0172625
4853.49805 0.0206961
4855.80664 0.0258785
4858.11523 0.0319471
4860.42383 0.040821
4862.73242 0.0515073
4865.04102 0.0686818
4867.34961 0.0920193
4869.65820 0.123453
4871.96680 0.168646
4874.27539 0.224242
4876.58398 0.297574
4878.89258 0.380704
4881.20117 0.463554
4883.50977 0.541592
4885.81836 0.615912
4888.12695 0.666948
4890.43555 0.700175
4892.74414 0.717012
4895.05273 0.726832
4897.36133 0.736139
4899.66992 0.751341
4901.97852 0.752888
4904.28711 0.749409
4906.59570 0.758897
4908.90430 0.755336
4911.21289 0.755551
4913.52148 0.754192
4915.83008 0.751199
4918.13867 0.759457
4920.44727 0.75841
4922.75586 0.752334
4925.06445 0.755288
4927.37305 0.758026
4929.68164 0.754679
4931.99023 0.753534
4934.29883 0.735176
4936.60742 0.693647
4938.91602 0.647867
4941.22461 0.579849
4943.53320 0.491331
4945.84180 0.395161
4948.15039 0.305455
4950.45898 0.23171
4952.76758 0.174776
4955.07617 0.130481
4957.38477 0.0986623
4959.69336 0.0760057
4962.00195 0.0599154
4964.31055 0.0472992
4966.61914 0.0376381
4968.92773 0.0311298
4971.23633 0.0255756
4973.54492 0.0212551
4975.85352 0.0182304
4978.16211 0.0157067
4980.47070 0.0135693
4982.77930 0.0116573
4985.08789 0.0103055
4987.39648 0.0092387
4989.70508 0.00834314
4992.01367 0.00793449
4994.32227 0.0069732
4996.63086 0.00666865
4998.93945 0.0061758
5001.24805 0.00553821
5003.55664 0.00523321
5005.86523 0.00504709
5008.17383 0.00467127
5010.48242 0.00440615
5012.79102 0.00427355
5015.09961 0.00406779
5017.40820 0.00386774
5019.71680 0.00341619
5022.02539 0.0034631
5024.33398 0.00315796
5026.64258 0.00313085
5028.95117 0.00296415
5031.25977 0.00269719
5033.56836 0.0026532
5035.87695 0.00258132
5038.18555 0.00231477
5040.49414 0.00235753
5042.80273 0.00229123
5045.11133 0.00216432
5047.41992 0.00213957
5049.72852 0.00197363
5554.70117 0.0
