threeML/data/optical_filters/LICK/LICK-f_4710_60.ecsv
# %ECSV 0.9
# ---
# datatype:
# - {name: wavelength, unit: Angstrom, datatype: float32}
# - {name: response, datatype: float32}
# meta: !!omap
# - {band_name: f_4710_60}
# - {group_name: LICK}
wavelength response
4140.07373 0.0
4600.08203 0.00258322
4601.25488 0.0025454
4602.42773 0.00260799
4603.60059 0.0026617
4604.77344 0.00255361
4605.94629 0.00277956
4607.11914 0.00272485
4608.29150 0.00271814
4609.46436 0.00278204
4610.63721 0.00279265
4611.81006 0.00266812
4612.98291 0.00266622
4614.15576 0.00281976
4615.32861 0.00283151
4616.50146 0.00292457
4617.67432 0.00291915
4618.84668 0.00294244
4620.01953 0.0030675
4621.19238 0.0030782
4622.36523 0.00324577
4623.53809 0.00321606
4624.71094 0.00313837
4625.88379 0.00334649
4627.05664 0.00343188
4628.22949 0.00359833
4629.40234 0.00381341
4630.57520 0.00378105
4631.74756 0.00393287
4632.92041 0.00409617
4634.09326 0.00432394
4635.26611 0.00443087
4636.43896 0.00466824
4637.61182 0.00495342
4638.78467 0.00515604
4639.95752 0.00545058
4641.13037 0.00565641
4642.30322 0.00592475
4643.47559 0.00632261
4644.64844 0.00674704
4645.82129 0.00730566
4646.99414 0.00775668
4648.16699 0.00833902
4649.33984 0.00891196
4650.51270 0.00981597
4651.68555 0.0105692
4652.85840 0.0118227
4654.03125 0.0131113
4655.20410 0.0140606
4656.37646 0.0158071
4657.54932 0.0174675
4658.72217 0.0197878
4659.89502 0.0225164
4661.06787 0.0253235
4662.24072 0.0288818
4663.41357 0.0332072
4664.58643 0.038098
4665.75928 0.0434991
4666.93213 0.050344
4668.10449 0.0588353
4669.27734 0.0688222
4670.45020 0.0809288
4671.62305 0.09497
4672.79590 0.111589
4673.96875 0.131544
4675.14160 0.155661
4676.31445 0.183423
4677.48730 0.215538
4678.66016 0.25187
4679.83301 0.29235
4681.00537 0.336818
4682.17822 0.382863
4683.35107 0.429857
4684.52393 0.476441
4685.69678 0.519561
4686.86963 0.559116
4688.04248 0.592431
4689.21533 0.619875
4690.38818 0.64232
4691.56104 0.658391
4692.73340 0.667958
4693.90625 0.674636
4695.07910 0.679323
4696.25195 0.682661
4697.42480 0.683994
4698.59766 0.684206
4699.77051 0.68362
4700.94336 0.683962
4702.11621 0.683659
4703.28906 0.682834
4704.46191 0.684652
4705.63428 0.684101
4706.80713 0.683132
4707.97998 0.68305
4709.15283 0.682041
4710.32568 0.680842
4711.49854 0.679768
4712.67139 0.679508
4713.84424 0.678389
4715.01709 0.676577
4716.18994 0.675485
4717.36230 0.673927
4718.53516 0.671525
4719.70801 0.671338
4720.88086 0.67096
4722.05371 0.670674
4723.22656 0.670995
4724.39941 0.671445
4725.57227 0.672957
4726.74512 0.673934
4727.91797 0.672595
4729.09082 0.672747
4730.26318 0.670413
4731.43604 0.663862
4732.60889 0.656607
4733.78174 0.642219
4734.95459 0.622101
4736.12744 0.596289
4737.30029 0.563723
4738.47314 0.526844
4739.64600 0.484358
4740.81836 0.43889
4741.99121 0.394068
4743.16406 0.347803
4744.33691 0.304326
4745.50977 0.264761
4746.68262 0.228354
4747.85547 0.196742
4749.02832 0.168525
4750.20117 0.145002
4751.37402 0.124468
4752.54688 0.107035
4753.71973 0.0923423
4754.89209 0.0798933
4756.06494 0.0691277
4757.23779 0.0601922
4758.41064 0.0529172
4759.58350 0.0464241
4760.75635 0.040999
4761.92920 0.0362648
4763.10205 0.0323601
4764.27490 0.0287997
4765.44727 0.0257899
4766.62012 0.0230658
4767.79297 0.0207948
4768.96582 0.0188863
4770.13867 0.0172226
4771.31152 0.0156795
4772.48438 0.014359
4773.65723 0.0131091
4774.83008 0.0121255
4776.00293 0.0111487
4777.17529 0.0103975
4778.34863 0.0095212
4779.52100 0.00881182
4780.69385 0.00825694
4781.86670 0.00770223
4783.03955 0.00724008
4784.21240 0.00670642
4785.38525 0.00634438
4786.55811 0.00593283
4787.73096 0.00567432
4788.90381 0.00533233
4790.07617 0.00496721
4791.24902 0.00479897
4792.42188 0.00453902
4793.59473 0.00424258
4794.76758 0.00401713
4795.94043 0.00396331
4797.11328 0.00384628
4798.28613 0.00360238
4799.45898 0.00348736
4800.63184 0.00339477
4801.80420 0.00317979
4802.97754 0.00311849
4804.14990 0.00303153
4805.32275 0.00289426
4806.49561 0.00283177
4807.66846 0.00273425
4808.84131 0.00265907
4810.01416 0.002569
4811.18701 0.00247419
4812.35986 0.00235187
4813.53271 0.00227658
4814.70508 0.0022361
4815.87793 0.00228087
4817.05078 0.00215016
4818.22363 0.00202008
4819.39648 0.0020964
4820.56934 0.00199
4821.74219 0.00202773
4822.91504 0.00188784
4824.08789 0.00178337
4825.26074 0.00169524
4826.43311 0.00176969
4827.60596 0.00165955
4828.77881 0.00173214
4829.95166 0.0016137
4831.12451 0.00165955
4832.29736 0.00156156
4833.47021 0.00153174
4834.64307 0.00150777
4835.81592 0.00146349
4836.98877 0.00148618
4838.16162 0.00140115
4839.33398 0.00144533
4840.50684 0.00135534
4841.67969 0.00126866
4842.85254 0.00121798
4844.02539 0.00121546
4845.19824 0.00123276
4846.37109 0.00113768
4847.54395 0.00117718
4848.71680 0.00115004
4849.88916 0.0010508
5334.87793 0.0
