threeML/data/optical_filters/LICK/LICK-f_5382_62.ecsv
# %ECSV 0.9
# ---
# datatype:
# - {name: wavelength, unit: Angstrom, datatype: float32}
# - {name: response, datatype: float32}
# meta: !!omap
# - {band_name: f_5382_62}
# - {group_name: LICK}
wavelength response
4725.51807 0.0
5250.57568 0.00170145
5252.88428 0.00163652
5255.19287 0.00182997
5257.50146 0.00195736
5259.81006 0.00181455
5262.11914 0.00182684
5264.42773 0.00187115
5266.73633 0.00195274
5269.04443 0.00190199
5271.35303 0.0019923
5273.66162 0.00204255
5275.97021 0.00201909
5278.27881 0.00225275
5280.58740 0.00235707
5282.89600 0.00254121
5285.20459 0.00243502
5287.51318 0.00231264
5289.82178 0.00271536
5292.13037 0.0028609
5294.43896 0.0030244
5296.74756 0.00326795
5299.05615 0.00347125
5301.36475 0.00390873
5303.67334 0.00413217
5305.98193 0.00449175
5308.29053 0.00502352
5310.59912 0.00569173
5312.90771 0.0063815
5315.21631 0.00710871
5317.52490 0.00849381
5319.83350 0.010302
5322.14209 0.0121453
5324.45068 0.0148506
5326.75928 0.018101
5329.06787 0.0226819
5331.37646 0.0289664
5333.68506 0.036859
5335.99365 0.0488394
5338.30225 0.0659229
5340.61084 0.0900724
5342.91943 0.122217
5345.22803 0.166272
5347.53662 0.228598
5349.84521 0.305061
5352.15381 0.423612
5354.46240 0.537842
5356.77100 0.558194
5359.07959 0.608631
5361.38818 0.647389
5363.69678 0.667563
5366.00537 0.681808
5368.31396 0.697095
5370.62256 0.701916
5372.93115 0.698995
5375.23975 0.710785
5377.54834 0.715203
5379.85693 0.711619
5382.16553 0.704794
5384.47412 0.70122
5386.78271 0.693282
5389.09131 0.685065
5391.39990 0.682152
5393.70850 0.671158
5396.01709 0.668046
5398.32568 0.665549
5400.63428 0.666035
5402.94287 0.667755
5405.25146 0.661701
5407.56006 0.639915
5409.86865 0.604586
5412.17725 0.556191
5414.48584 0.483238
5416.79443 0.403957
5419.10303 0.326158
5421.41162 0.256257
5423.72021 0.198775
5426.02881 0.153027
5428.33740 0.116959
5430.64600 0.0891825
5432.95459 0.0682569
5435.26318 0.0522588
5437.57178 0.0410427
5439.88037 0.0332435
5442.18896 0.0272734
5444.49756 0.0220592
5446.80615 0.0182419
5449.11475 0.0154303
5451.42334 0.0131081
5453.73193 0.0115976
5456.04053 0.0101014
5458.34912 0.00884348
5460.65771 0.00795347
5462.96631 0.00722327
5465.27490 0.00665693
5467.58350 0.00572913
5469.89209 0.0051767
5472.20068 0.0048967
5474.50928 0.00446759
5476.81787 0.00420709
5479.12646 0.00401996
5481.43506 0.00384059
5483.74365 0.00367258
5486.05225 0.0034762
5488.36084 0.00316945
5490.66943 0.00293809
5492.97803 0.00266741
5495.28662 0.0026604
5497.59521 0.00255882
5499.90381 0.00233149
5502.21240 0.00233474
5504.52100 0.00211972
5506.82959 0.0019972
5509.13818 0.00189303
5511.44678 0.00191861
5513.75537 0.00196199
5516.06396 0.00182053
5518.37256 0.0016954
5520.68115 0.00163295
5522.98975 0.0015227
5525.29834 0.0013772
5527.60693 0.00152712
5529.91553 0.00150021
5532.22412 0.00134822
5534.53271 0.0014786
5536.84131 0.00135911
5539.14990 0.00137632
5541.45850 0.00121519
5543.76709 0.00124162
5546.07568 0.00127959
5548.38428 0.0012846
6103.22266 0.0
