threeML/data/optical_filters/LICK/LICK-f_5893_40.ecsv
# %ECSV 0.9
# ---
# datatype:
# - {name: wavelength, unit: Angstrom, datatype: float32}
# - {name: response, datatype: float32}
# meta: !!omap
# - {band_name: f_5893_40}
# - {group_name: LICK}
wavelength response
5130.08105 0.0
5700.08984 0.0010043
5702.42285 0.000930564
5704.75586 0.00115721
5707.08887 0.0011391
5709.42188 0.00111058
5711.75488 0.00104266
5714.08789 0.00121709
5716.42090 0.00114572
5718.75391 0.00116871
5721.08691 0.00120947
5723.42041 0.00110185
5725.75342 0.00128658
5728.08643 0.00128185
5730.41943 0.00126554
5732.75244 0.00126793
5735.08545 0.00139055
5737.41846 0.00130789
5739.75146 0.00156239
5742.08447 0.00151824
5744.41748 0.00144459
5746.75049 0.00158322
5749.08350 0.00151635
5751.41650 0.00151579
5753.75000 0.00166247
5756.08301 0.00179692
5758.41602 0.00177739
5760.74902 0.00197362
5763.08203 0.00201496
5765.41504 0.00188217
5767.74805 0.00205256
5770.08105 0.00199109
5772.41406 0.00201921
5774.74707 0.00201895
5777.08008 0.00219851
5779.41309 0.0023398
5781.74609 0.0023506
5784.07959 0.00247053
5786.41260 0.00274047
5788.74561 0.00296417
5791.07861 0.00278861
5793.41162 0.00329994
5795.74463 0.00317849
5798.07764 0.00330441
5800.41064 0.00341544
5802.74365 0.00377095
5805.07666 0.0039421
5807.40967 0.00402318
5809.74268 0.00453687
5812.07568 0.00466009
5814.40918 0.00506316
5816.74219 0.00551273
5819.07520 0.00585881
5821.40820 0.0063602
5823.74121 0.00694856
5826.07422 0.00750248
5828.40723 0.00834723
5830.74023 0.00919802
5833.07324 0.0101413
5835.40625 0.0112182
5837.73926 0.0129303
5840.07227 0.014719
5842.40527 0.0163742
5844.73877 0.0187085
5847.07178 0.0221263
5849.40479 0.0252918
5851.73779 0.0298107
5854.07080 0.0359333
5856.40381 0.0430262
5858.73682 0.0518028
5861.06982 0.0632072
5863.40283 0.0767007
5865.73584 0.0935732
5868.06885 0.115565
5870.40234 0.144957
5872.73486 0.181688
5875.06836 0.225995
5877.40137 0.27972
5879.73438 0.34606
5882.06738 0.418962
5884.40039 0.482389
5886.73340 0.543883
5889.06641 0.603425
5891.39941 0.650315
5893.73242 0.683599
5896.06543 0.716342
5898.39844 0.739566
5900.73193 0.750425
5903.06494 0.765037
5905.39795 0.765884
5907.73096 0.760884
5910.06396 0.740598
5912.39697 0.701319
5914.72998 0.647062
5917.06299 0.582391
5919.39600 0.510689
5921.72900 0.431823
5924.06201 0.354259
5926.39502 0.285138
5928.72803 0.229407
5931.06152 0.185262
5933.39453 0.149129
5935.72754 0.120433
5938.06055 0.0980346
5940.39355 0.0798155
5942.72656 0.0659527
5945.05957 0.0542238
5947.39258 0.0452377
5949.72559 0.0385157
5952.05859 0.0329167
5954.39160 0.0285787
5956.72461 0.0243954
5959.05811 0.021364
5961.39111 0.0186211
5963.72412 0.0163752
5966.05713 0.0142695
5968.39014 0.0126614
5970.72314 0.0113169
5973.05615 0.010278
5975.38916 0.00928301
5977.72217 0.00845633
5980.05518 0.0078143
5982.38818 0.00688835
5984.72119 0.00614193
5987.05420 0.00566799
5989.38770 0.00546695
5991.72070 0.00459221
5994.05371 0.00449199
5996.38672 0.00417184
5998.71973 0.00396286
6001.05273 0.00360808
6003.38574 0.00350835
6005.71875 0.00323961
6008.05176 0.00298322
6010.38477 0.00281465
6012.71777 0.00261707
6015.05078 0.00255838
6017.38379 0.00246109
6019.71729 0.00228629
6022.05029 0.00214767
6024.38330 0.00208901
6026.71631 0.002103
6029.04932 0.00206324
6031.38232 0.00193398
6033.71533 0.00177595
6036.04834 0.00177975
6038.38135 0.00162935
6040.71436 0.00159941
6043.04736 0.00160527
6045.38037 0.00161507
6047.71338 0.00154289
6050.04688 0.00140359
6052.37988 0.00130918
6054.71289 0.00133005
6057.04590 0.00137268
6059.37891 0.00134685
6061.71191 0.00127523
6064.04492 0.00121335
6066.37793 0.00125439
6068.71094 0.00117303
6071.04395 0.00108352
6073.37695 0.0010668
6075.70996 0.000975495
6078.04297 0.00101234
6080.37646 0.00102158
6082.70947 0.00104848
6085.04248 0.00113761
6087.37549 0.000995085
6089.70850 0.000951009
6092.04150 0.000857322
6094.37451 0.00077831
6096.70752 0.000786551
6099.04053 0.000811508
6708.94482 0.0
