threeML/data/optical_filters/LICK/LICK-f_9000_400.ecsv
# %ECSV 0.9
# ---
# datatype:
# - {name: wavelength, unit: Angstrom, datatype: float32}
# - {name: response, datatype: float32}
# meta: !!omap
# - {band_name: f_9000_400}
# - {group_name: LICK}
wavelength response
7830.62646 0.0
8700.69629 0.00529548
8703.04004 0.00530792
8705.38379 0.00537141
8707.72754 0.00523932
8710.07129 0.00532812
8712.41504 0.00541593
8714.75879 0.00544092
8717.10254 0.00549626
8719.44629 0.00562273
8721.79004 0.00566377
8724.13379 0.00586037
8726.47754 0.00601698
8728.82129 0.00633163
8731.16504 0.00672157
8733.50781 0.00699545
8735.85156 0.00726769
8738.19531 0.00740317
8740.53906 0.00757743
8742.88281 0.00759094
8745.22656 0.00748153
8747.57031 0.00745117
8749.91406 0.00739982
8752.25781 0.0071917
8754.60156 0.00725963
8756.94531 0.00729268
8759.28906 0.00746107
8761.63281 0.00769342
8763.97656 0.00786163
8766.32031 0.00808499
8768.66406 0.00822151
8771.00781 0.00829577
8773.35156 0.00861244
8775.69531 0.00915052
8778.03906 0.00968666
8780.38184 0.0101769
8782.72559 0.0106956
8785.06934 0.0112188
8787.41309 0.0116624
8789.75684 0.0119922
8792.10059 0.012628
8794.44434 0.013343
8796.78809 0.0141884
8799.13184 0.0149262
8801.47559 0.015671
8803.81934 0.0165299
8806.16309 0.0175238
8808.50684 0.0183523
8810.85059 0.0193632
8813.19434 0.0206723
8815.53809 0.0219464
8817.88184 0.0235484
8820.22559 0.0253138
8822.56934 0.0269531
8824.91309 0.0289176
8827.25586 0.0313708
8829.59961 0.0340245
8831.94336 0.0367109
8834.28711 0.0400758
8836.63086 0.0437783
8838.97461 0.0478533
8841.31836 0.0522455
8843.66211 0.0574179
8846.00586 0.0634511
8848.34961 0.0700797
8850.69336 0.0781539
8853.03711 0.0873736
8855.38086 0.0977235
8857.72461 0.109523
8860.06836 0.122492
8862.41211 0.137785
8864.75586 0.154001
8867.09961 0.172333
8869.44336 0.192732
8871.78613 0.215527
8874.12988 0.239789
8876.47363 0.265651
8878.81738 0.292804
8881.16113 0.321129
8883.50488 0.349236
8885.84863 0.37732
8888.19238 0.405253
8890.53613 0.430074
8892.87988 0.453852
8895.22363 0.473851
8897.56738 0.48999
8899.91113 0.503377
8902.25488 0.513132
8904.59863 0.519969
8906.94238 0.5254
8909.28613 0.527499
8911.62988 0.527521
8913.97363 0.526487
8916.31738 0.522949
8918.66016 0.519756
8921.00391 0.515611
8923.34766 0.511112
8925.69141 0.506385
8928.03516 0.500609
8930.37891 0.496455
8932.72266 0.492574
8935.06641 0.487721
8937.41016 0.483774
8939.75391 0.480818
8942.09766 0.477143
8944.44141 0.475547
8946.78516 0.473158
8949.12891 0.471346
8951.47266 0.470764
8953.81641 0.470192
8956.16016 0.469909
8958.50391 0.470738
8960.84766 0.47167
8963.19043 0.471425
8965.53418 0.471635
8967.87793 0.473581
8970.22168 0.474609
8972.56543 0.476193
8974.90918 0.4764
8977.25293 0.478103
8979.59668 0.480394
8981.94043 0.480813
8984.28418 0.482799
8986.62793 0.481284
8988.97168 0.482775
8991.31543 0.480693
8993.65918 0.481693
8996.00293 0.484614
8998.34668 0.485174
9000.69043 0.482369
9003.03418 0.482286
9005.37793 0.484502
9007.72168 0.483845
9010.06445 0.483429
9012.40820 0.483087
9014.75195 0.483388
9017.09570 0.481239
9019.43945 0.481348
9021.78320 0.481783
9024.12695 0.479883
9026.47070 0.480055
9028.81445 0.480007
9031.15820 0.478585
9033.50195 0.477478
9035.84570 0.476998
9038.18945 0.474797
9040.53320 0.473316
9042.87695 0.471743
9045.22070 0.470359
9047.56445 0.468962
9049.90820 0.468895
9052.25195 0.466438
9054.59473 0.464577
9056.93848 0.464314
9059.28223 0.461693
9061.62598 0.460244
9063.96973 0.459168
9066.31348 0.457338
9068.65723 0.454344
9071.00098 0.450239
9073.34473 0.447084
9075.68848 0.446101
9078.03223 0.444291
9080.37598 0.439967
9082.71973 0.437183
9085.06348 0.43511
9087.40723 0.430306
9089.75098 0.429136
9092.09473 0.426474
9094.43848 0.423009
9096.78223 0.420496
9099.12598 0.417434
9101.46875 0.413944
9103.81250 0.412778
9106.15625 0.408615
9108.50000 0.406332
9110.84375 0.404011
9113.18750 0.402854
9115.53125 0.400977
9117.87500 0.400091
9120.21875 0.396918
9122.56250 0.39684
9124.90625 0.395427
9127.25000 0.394429
9129.59375 0.392543
9131.93750 0.390038
9134.28125 0.391206
9136.62500 0.38908
9138.96875 0.390634
9141.31250 0.39133
9143.65625 0.391784
9145.99902 0.392903
9148.34277 0.394809
9150.68652 0.395548
9153.03027 0.396725
9155.37402 0.397953
9157.71777 0.400744
9160.06152 0.404129
9162.40527 0.40782
9164.74902 0.410204
9167.09277 0.412735
9169.43652 0.413373
9171.78027 0.413352
9174.12402 0.410554
9176.46777 0.407204
9178.81152 0.404071
9181.15527 0.397831
9183.49902 0.388973
9185.84277 0.377497
9188.18652 0.365532
9190.53027 0.350276
9192.87305 0.332813
9195.21680 0.313117
9197.56055 0.292529
9199.90430 0.272168
9202.24805 0.252592
9204.59180 0.233317
9206.93555 0.213703
9209.27930 0.194221
9211.62305 0.176391
9213.96680 0.159872
9216.31055 0.144845
9218.65430 0.130666
9220.99805 0.118092
9223.34180 0.107131
9225.68555 0.0969126
9228.02930 0.0876027
9230.37305 0.0795782
9232.71680 0.0722126
9235.06055 0.0655941
9237.40332 0.0600275
9239.74707 0.0550497
9242.09082 0.0505417
9244.43457 0.0465719
9246.77832 0.043519
9249.12207 0.0406247
9251.46582 0.0377325
9253.80957 0.0353012
9256.15332 0.033117
9258.49707 0.0310061
9260.84082 0.0290418
9263.18457 0.0271342
9265.52832 0.0253963
9267.87207 0.0239961
9270.21582 0.022795
9272.55957 0.0216613
9274.90332 0.0206157
9277.24707 0.0197391
9279.59082 0.018767
9281.93457 0.0179971
9284.27734 0.0170036
9286.62109 0.0160787
9288.96484 0.015323
9291.30859 0.0143247
9293.65234 0.0138787
9295.99609 0.0134952
9298.33984 0.0131818
10228.17383 0.0
