threeML/data/optical_filters/LICK/LICK-f_4941_90.ecsv
# %ECSV 0.9
# ---
# datatype:
# - {name: wavelength, unit: Angstrom, datatype: float32}
# - {name: response, datatype: float32}
# meta: !!omap
# - {band_name: f_4941_90}
# - {group_name: LICK}
wavelength response
4320.36035 0.0
4800.40039 0.00184917
4802.70898 0.00190659
4805.01758 0.00204981
4807.32617 0.00233786
4809.63477 0.0023396
4811.94336 0.00216231
4814.25195 0.00208308
4816.56055 0.00197717
4818.86914 0.00233588
4821.17773 0.00240506
4823.48633 0.00212669
4825.79492 0.00246847
4828.10352 0.00254616
4830.41211 0.00245277
4832.72070 0.00256498
4835.02930 0.00269714
4837.33789 0.00233547
4839.64648 0.00249338
4841.95508 0.00285657
4844.26367 0.00276799
4846.57227 0.00324081
4848.88086 0.00329342
4851.18945 0.00345495
4853.49805 0.00373289
4855.80664 0.00411938
4858.11523 0.00410766
4860.42383 0.00448741
4862.73242 0.00475882
4865.04102 0.0052494
4867.34961 0.00574119
4869.65820 0.00655537
4871.96680 0.00781425
4874.27539 0.00846644
4876.58398 0.00961124
4878.89258 0.0111691
4881.20117 0.0129991
4883.50977 0.0147865
4885.81836 0.018145
4888.12695 0.0222575
4890.43555 0.0284437
4892.74414 0.0351985
4895.05273 0.0450644
4897.36133 0.057564
4899.66992 0.0754817
4901.97852 0.0995115
4904.28711 0.134147
4906.59570 0.184556
4908.90430 0.244765
4911.21289 0.317113
4913.52148 0.393779
4915.83008 0.473656
4918.13867 0.560936
4920.44727 0.631002
4922.75586 0.674765
4925.06445 0.706525
4927.37305 0.723855
4929.68164 0.723214
4931.99023 0.72652
4934.29883 0.720992
4936.60742 0.704485
4938.91602 0.716738
4941.22461 0.736984
4943.53320 0.746458
4945.84180 0.746006
4948.15039 0.73803
4950.45898 0.730853
4952.76758 0.738951
4955.07617 0.730723
4957.38477 0.729718
4959.69336 0.739625
4962.00195 0.741029
4964.31055 0.728107
4966.61914 0.70715
4968.92773 0.689005
4971.23633 0.640206
4973.54492 0.569705
4975.85352 0.4979
4978.16211 0.420162
4980.47070 0.339688
4982.77930 0.263448
4985.08789 0.20093
4987.39648 0.150924
4989.70508 0.114095
4992.01367 0.0886329
4994.32227 0.069874
4996.63086 0.0564265
4998.93945 0.0457282
5001.24805 0.0364365
5003.55664 0.0295875
5005.86523 0.0238026
5008.17383 0.0199727
5010.48242 0.0172168
5012.79102 0.0152818
5015.09961 0.0136659
5017.40820 0.0118627
5019.71680 0.0102375
5022.02539 0.00943469
5024.33398 0.00831844
5026.64258 0.00735994
5028.95117 0.00694103
5031.25977 0.00670656
5033.56836 0.00614806
5035.87695 0.00570921
5038.18555 0.00524851
5040.49414 0.00485571
5042.80273 0.004606
5045.11133 0.00417669
5047.41992 0.00381254
5049.72852 0.0036827
5052.03711 0.00344146
5054.34570 0.00335622
5056.65430 0.00348857
5058.96289 0.00319133
5061.27148 0.00287096
5063.58008 0.00264545
5065.88867 0.0026821
5068.19727 0.00252754
5070.50586 0.00233504
5072.81445 0.00239997
5075.12305 0.00227532
5077.43164 0.00212116
5079.74023 0.00188078
5082.04883 0.00196484
5084.35742 0.00196114
5086.66602 0.00202153
5088.97461 0.00194447
5091.28320 0.00182851
5093.59180 0.00191243
5095.90039 0.00188846
5098.20898 0.00177344
5608.02979 0.0
