threeML/data/optical_filters/LICK/LICK-f_7620_45.ecsv
# %ECSV 0.9
# ---
# datatype:
# - {name: wavelength, unit: Angstrom, datatype: float32}
# - {name: response, datatype: float32}
# meta: !!omap
# - {band_name: f_7620_45}
# - {group_name: LICK}
wavelength response
6751.75049 0.0
7501.94482 0.00273201
7504.27930 0.00284568
7506.61377 0.00294766
7508.94824 0.00310694
7511.28271 0.00322105
7513.61719 0.00341672
7515.95215 0.00356244
7518.28662 0.00377856
7520.62109 0.00392213
7522.95557 0.0042067
7525.29004 0.00444156
7527.62451 0.00470501
7529.95898 0.00512482
7532.29395 0.00546164
7534.62842 0.00596937
7536.96289 0.00652497
7539.29736 0.00712377
7541.63184 0.00776557
7543.96631 0.00855642
7546.30127 0.00947123
7548.63574 0.0105135
7550.97021 0.0116197
7553.30469 0.0130412
7555.63916 0.0146635
7557.97363 0.0165643
7560.30811 0.0188092
7562.64307 0.0213842
7564.97754 0.0245932
7567.31201 0.0284488
7569.64648 0.033112
7571.98096 0.0389488
7574.31543 0.0461
7576.64990 0.0547687
7578.98486 0.0655896
7581.31934 0.0789763
7583.65381 0.0958414
7585.98828 0.117336
7588.32275 0.143837
7590.65723 0.176831
7592.99219 0.217149
7595.32666 0.265698
7597.66113 0.32397
7599.99561 0.390375
7602.33008 0.461843
7604.66455 0.533124
7606.99902 0.59915
7609.33398 0.656391
7611.66846 0.7034
7614.00293 0.736517
7616.33740 0.758507
7618.67188 0.770349
7621.00635 0.774703
7623.34131 0.779371
7625.67578 0.777037
7628.01025 0.7654
7630.34473 0.752802
7632.67920 0.724083
7635.01367 0.685326
7637.34814 0.638926
7639.68311 0.576968
7642.01758 0.515331
7644.35205 0.445508
7646.68652 0.3816
7649.02100 0.319814
7651.35547 0.266822
7653.69043 0.219891
7656.02490 0.181737
7658.35938 0.149622
7660.69385 0.124451
7663.02832 0.103151
7665.36279 0.086507
7667.69727 0.0731226
7670.03223 0.0622605
7672.36670 0.0530694
7674.70117 0.0456235
7677.03564 0.039696
7679.37012 0.0347724
7681.70459 0.0307212
7684.03906 0.0271925
7686.37402 0.024232
7688.70850 0.0217749
7691.04297 0.019636
7693.37744 0.0177339
7695.71191 0.0162835
7698.04639 0.0148918
7700.38086 0.013415
7702.71582 0.0124141
7705.05029 0.0114095
7707.38477 0.0105811
7709.71924 0.00972714
7712.05371 0.00910337
7714.38818 0.00843192
7716.72266 0.00794644
7719.05762 0.00739481
7721.39209 0.00695473
7723.72656 0.00650182
7726.06104 0.00605997
7728.39551 0.00571098
7730.72998 0.00535106
7733.06494 0.00512423
7735.39941 0.00486354
7737.73389 0.00462454
7740.06836 0.00444625
7742.40283 0.00422956
7744.73730 0.00403985
7747.07178 0.0038789
7749.40674 0.00372385
8524.34766 0.0
