threeML/data/optical_filters/LICK/LICK-f_4614_20.ecsv
# %ECSV 0.9
# ---
# datatype:
# - {name: wavelength, unit: Angstrom, datatype: float32}
# - {name: response, datatype: float32}
# meta: !!omap
# - {band_name: f_4614_20}
# - {group_name: LICK}
wavelength response
4095.74170 0.0
4550.82422 0.000280817
4551.99707 0.000255861
4553.16992 0.000236992
4554.34277 0.000123699
4555.51562 0.000221597
4556.68848 0.00019699
4557.86133 0.000269811
4559.03369 0.000186948
4560.20654 0.000224795
4561.37939 0.000231324
4562.55225 0.000283526
4563.72510 0.000281782
4564.89795 0.000236498
4566.07080 0.000139876
4567.24365 0.00027741
4568.41650 0.00015431
4569.58887 0.000231629
4570.76172 0.000209008
4571.93457 0.000230211
4573.10742 0.000178716
4574.28027 0.000125743
4575.45312 0.000290076
4576.62598 0.000318949
4577.79883 0.000248558
4578.97168 0.000282692
4580.14453 0.000259543
4581.31738 0.000392512
4582.49023 0.000402781
4583.66260 0.000191498
4584.83545 0.000431787
4586.00830 0.000357693
4587.18115 0.000432588
4588.35400 0.000345895
4589.52686 0.000608301
4590.69971 0.000742614
4591.87256 0.000801069
4593.04541 0.0008816
4594.21777 0.000960819
4595.39062 0.00116327
4596.56348 0.00137787
4597.73633 0.00176598
4598.90918 0.00233423
4600.08203 0.00295368
4601.25488 0.00418562
4602.42773 0.00558173
4603.60059 0.00799391
4604.77344 0.0116998
4605.94629 0.016626
4607.11914 0.0232584
4608.29150 0.0312182
4609.46436 0.0396785
4610.63721 0.0479766
4611.81006 0.0553244
4612.98291 0.0609346
4614.15576 0.0660582
4615.32861 0.0700493
4616.50146 0.073677
4617.67432 0.0761423
4618.84668 0.0777304
4620.01953 0.0785314
4621.19238 0.0787805
4622.36523 0.0779278
4623.53809 0.0765175
4624.71094 0.0741345
4625.88379 0.0704468
4627.05664 0.0660064
4628.22949 0.0612154
4629.40234 0.0561358
4630.57520 0.0511977
4631.74756 0.0468247
4632.92041 0.0428527
4634.09326 0.0389724
4635.26611 0.0348669
4636.43896 0.0310282
4637.61182 0.0271556
4638.78467 0.0229201
4639.95752 0.0189928
4641.13037 0.0151403
4642.30322 0.0117086
4643.47559 0.00924452
4644.64844 0.00695703
4645.82129 0.00538483
4646.99414 0.00417657
4648.16699 0.00338197
4649.33984 0.00254976
4650.51270 0.00204751
4651.68555 0.00165201
4652.85840 0.00148452
4654.03125 0.00119178
4655.20410 0.000960856
4656.37646 0.000775504
4657.54932 0.000828072
4658.72217 0.000658847
4659.89502 0.000580215
4661.06787 0.000618416
4662.24072 0.000403986
4663.41357 0.000540848
4664.58643 0.000499419
4665.75928 0.000497289
4666.93213 0.000435848
4668.10449 0.000331845
4669.27734 0.000363773
4670.45020 0.000392316
4671.62305 0.000257815
4672.79590 0.000275061
4673.96875 0.00026859
4675.14160 0.00029502
4676.31445 0.000294145
4677.48730 0.000247923
4678.66016 0.000261231
4679.83301 0.000327477
4681.00537 0.000280979
4682.17822 0.000229154
4683.35107 0.000216524
4684.52393 0.000211161
4685.69678 0.000273332
4686.86963 0.000209292
4688.04248 0.000235991
4689.21533 0.000208395
4690.38818 0.00010239
4691.56104 0.000218721
4692.73340 0.000238176
4693.90625 0.000170546
4695.07910 0.000231649
4696.25195 0.000206568
4697.42480 0.000116648
4698.59766 0.000186671
4699.77051 0.000206358
5169.74756 0.0
