threeML/data/optical_filters/LICK/LICK-f_8730_90.ecsv
# %ECSV 0.9
# ---
# datatype:
# - {name: wavelength, unit: Angstrom, datatype: float32}
# - {name: response, datatype: float32}
# meta: !!omap
# - {band_name: f_8730_90}
# - {group_name: LICK}
wavelength response
7742.03467 0.0
8602.26074 0.00589493
8604.60449 0.00626014
8606.94824 0.00663804
8609.29199 0.00701002
8611.63574 0.00731823
8613.97949 0.00772954
8616.32324 0.0082851
8618.66699 0.00900683
8621.01074 0.00979208
8623.35449 0.0105697
8625.69824 0.0114308
8628.04199 0.0124522
8630.38574 0.0132943
8632.72949 0.0143963
8635.07324 0.015573
8637.41699 0.0169984
8639.76074 0.0187052
8642.10352 0.0208267
8644.44727 0.0233772
8646.79102 0.0262726
8649.13477 0.0300623
8651.47852 0.0345248
8653.82227 0.0398509
8656.16602 0.046312
8658.50977 0.0547054
8660.85352 0.0648293
8663.19727 0.0771667
8665.54102 0.0922204
8667.88477 0.11063
8670.22852 0.133266
8672.57227 0.160378
8674.91602 0.192949
8677.25977 0.229988
8679.60352 0.273027
8681.94727 0.321751
8684.29102 0.373822
8686.63477 0.428769
8688.97754 0.480804
8691.32129 0.528308
8693.66504 0.569391
8696.00879 0.603413
8698.35254 0.626872
8700.69629 0.645525
8703.04004 0.658417
8705.38379 0.666624
8707.72754 0.674938
8710.07129 0.682495
8712.41504 0.68801
8714.75879 0.694689
8717.10254 0.700495
8719.44629 0.701948
8721.79004 0.704379
8724.13379 0.705352
8726.47754 0.703732
8728.82129 0.699969
8731.16504 0.693692
8733.50781 0.689096
8735.85156 0.683459
8738.19531 0.676631
8740.53906 0.663999
8742.88281 0.653275
8745.22656 0.646288
8747.57031 0.642039
8749.91406 0.639765
8752.25781 0.64137
8754.60156 0.642759
8756.94531 0.645899
8759.28906 0.647975
8761.63281 0.649276
8763.97656 0.649178
8766.32031 0.650505
8768.66406 0.649262
8771.00781 0.643019
8773.35156 0.630674
8775.69531 0.604621
8778.03906 0.565726
8780.38184 0.515561
8782.72559 0.458487
8785.06934 0.399555
8787.41309 0.341591
8789.75684 0.288066
8792.10059 0.240386
8794.44434 0.199867
8796.78809 0.165393
8799.13184 0.136807
8801.47559 0.114416
8803.81934 0.0961931
8806.16309 0.080758
8808.50684 0.0686003
8810.85059 0.059006
8813.19434 0.0513992
8815.53809 0.0450726
8817.88184 0.0397809
8820.22559 0.0354707
8822.56934 0.031629
8824.91309 0.0284083
8827.25586 0.0258684
8829.59961 0.0236081
8831.94336 0.0215099
8834.28711 0.0195153
8836.63086 0.0181481
8838.97461 0.0168847
8841.31836 0.0151631
8843.66211 0.0137927
8846.00586 0.0126758
8848.34961 0.0115407
9733.18457 0.0
