threeML/data/optical_filters/LICK/LICK-f_4512_60.ecsv
# %ECSV 0.9
# ---
# datatype:
# - {name: wavelength, unit: Angstrom, datatype: float32}
# - {name: response, datatype: float32}
# meta: !!omap
# - {band_name: f_4512_60}
# - {group_name: LICK}
wavelength response
3960.63452 0.0
4400.70508 0.00194214
4401.87793 0.00204218
4403.05078 0.001997
4404.22363 0.00189118
4405.39648 0.00213235
4406.56934 0.00223861
4407.74219 0.00206786
4408.91504 0.00212301
4410.08789 0.0023084
4411.26074 0.00232668
4412.43311 0.00232805
4413.60596 0.00224541
4414.77881 0.00220585
4415.95166 0.0021941
4417.12451 0.00241658
4418.29736 0.00243221
4419.47021 0.00233902
4420.64307 0.00255368
4421.81592 0.00248398
4422.98828 0.00253696
4424.16113 0.00267063
4425.33398 0.00264525
4426.50684 0.00288789
4427.67969 0.00284167
4428.85254 0.00292385
4430.02539 0.00291124
4431.19824 0.00299544
4432.37109 0.00322235
4433.54395 0.00318796
4434.71680 0.00328595
4435.88916 0.00340684
4437.06201 0.00349444
4438.23486 0.00358634
4439.40771 0.0037861
4440.58057 0.00403989
4441.75342 0.00399064
4442.92627 0.00406437
4444.09912 0.0044265
4445.27197 0.00462277
4446.44482 0.00478521
4447.61719 0.00503182
4448.79004 0.00534478
4449.96289 0.00569176
4451.13574 0.00623644
4452.30859 0.0064671
4453.48145 0.0067935
4454.65430 0.00741588
4455.82715 0.00791986
4457.00000 0.00873041
4458.17285 0.00982978
4459.34570 0.0108466
4460.51807 0.0117869
4461.69092 0.0132382
4462.86377 0.014733
4464.03662 0.0165447
4465.20947 0.0189015
4466.38232 0.0215574
4467.55518 0.024924
4468.72803 0.0281683
4469.90088 0.0326334
4471.07373 0.0378685
4472.24609 0.0441698
4473.41895 0.0517775
4474.59180 0.0621358
4475.76465 0.0741535
4476.93750 0.0878007
4478.11035 0.104936
4479.28320 0.125188
4480.45605 0.150403
4481.62891 0.180576
4482.80176 0.216547
4483.97461 0.257238
4485.14697 0.301039
4486.31982 0.348589
4487.49268 0.39752
4488.66553 0.447101
4489.83838 0.497002
4491.01123 0.538382
4492.18408 0.575401
4493.35693 0.604365
4494.52979 0.627151
4495.70264 0.645843
4496.87500 0.657758
4498.04785 0.666483
4499.22070 0.673853
4500.39355 0.67823
4501.56641 0.682066
4502.73926 0.685606
4503.91211 0.68933
4505.08496 0.69144
4506.25781 0.694191
4507.43066 0.697513
4508.60352 0.698408
4509.77588 0.69946
4510.94873 0.701841
4512.12158 0.701186
4513.29443 0.701411
4514.46729 0.702796
4515.64014 0.701042
4516.81299 0.700951
4517.98584 0.699603
4519.15869 0.697016
4520.33154 0.696128
4521.50391 0.695398
4522.67676 0.695506
4523.84961 0.694894
4525.02246 0.694701
4526.19531 0.693859
4527.36816 0.690282
4528.54102 0.685353
4529.71387 0.67665
4530.88672 0.663044
4532.05957 0.645312
4533.23242 0.620597
4534.40479 0.588365
4535.57764 0.548326
4536.75049 0.500606
4537.92334 0.45147
4539.09619 0.400485
4540.26904 0.34843
4541.44189 0.301306
4542.61475 0.25756
4543.78760 0.218195
4544.95996 0.184119
4546.13281 0.155242
4547.30566 0.130625
4548.47852 0.110728
4549.65137 0.0939533
4550.82422 0.0798987
4551.99707 0.0682836
4553.16992 0.0581188
4554.34277 0.0499883
4555.51562 0.043442
4556.68848 0.0377278
4557.86133 0.032889
4559.03369 0.0292392
4560.20654 0.0255109
4561.37939 0.022746
4562.55225 0.0203115
4563.72510 0.0178834
4564.89795 0.0161022
4566.07080 0.0145497
4567.24365 0.0134877
4568.41650 0.0121584
4569.58887 0.0108685
4570.76172 0.0101038
4571.93457 0.00925245
4573.10742 0.00864123
4574.28027 0.00772088
4575.45312 0.00754179
4576.62598 0.00694895
4577.79883 0.00634055
4578.97168 0.00608223
4580.14453 0.00558894
4581.31738 0.00537601
4582.49023 0.00483478
4583.66260 0.00471635
4584.83545 0.0045688
4586.00830 0.00424051
4587.18115 0.0040204
4588.35400 0.00373787
4589.52686 0.00357724
4590.69971 0.00353657
4591.87256 0.00349271
4593.04541 0.00322633
4594.21777 0.0030316
4595.39062 0.00299405
4596.56348 0.00282278
4597.73633 0.00271917
4598.90918 0.00277047
4600.08203 0.0025042
4601.25488 0.00251623
4602.42773 0.00252223
4603.60059 0.0024141
4604.77344 0.00225647
4605.94629 0.00224727
4607.11914 0.00219411
4608.29150 0.00216652
4609.46436 0.00204528
4610.63721 0.00209224
4611.81006 0.00198478
4612.98291 0.00175381
4614.15576 0.00192894
4615.32861 0.00188759
4616.50146 0.00173181
4617.67432 0.00167493
4618.84668 0.00165589
4620.01953 0.0016748
4621.19238 0.00163753
4622.36523 0.00162354
4623.53809 0.00149596
4624.71094 0.0014353
4625.88379 0.00145513
4627.05664 0.00142555
4628.22949 0.00140429
4629.40234 0.00145512
4630.57520 0.00141226
4631.74756 0.00125907
4632.92041 0.00135133
4634.09326 0.00124587
4635.26611 0.00128626
4636.43896 0.00143199
4637.61182 0.00136344
4638.78467 0.00134431
4639.95752 0.0012576
4641.13037 0.00117707
4642.30322 0.00102598
4643.47559 0.00110324
4644.64844 0.00113895
4645.82129 0.00112705
4646.99414 0.00110408
4648.16699 0.0010524
4649.33984 0.00102126
5114.27393 0.0
