threeML/data/optical_filters/LICK/LICK-f_5920_60.ecsv
# %ECSV 0.9
# ---
# datatype:
# - {name: wavelength, unit: Angstrom, datatype: float32}
# - {name: response, datatype: float32}
# meta: !!omap
# - {band_name: f_5920_60}
# - {group_name: LICK}
wavelength response
5176.38086 0.0
5751.53418 0.00244219
5753.86719 0.00245865
5756.20068 0.00266718
5758.53418 0.00258086
5760.86719 0.00249782
5763.20068 0.00269844
5765.53418 0.0027026
5767.86719 0.00271753
5770.20068 0.00282588
5772.53369 0.00282295
5774.86719 0.00265607
5777.20068 0.00327002
5779.53369 0.00320398
5781.86719 0.00323519
5784.20020 0.00331432
5786.53369 0.00345018
5788.86719 0.00340045
5791.20020 0.00336851
5793.53369 0.00371001
5795.86670 0.00387311
5798.20020 0.00396211
5800.53369 0.00424912
5802.86670 0.00429158
5805.20020 0.00437956
5807.53369 0.00463248
5809.86670 0.00477175
5812.20020 0.00497536
5814.53320 0.0051502
5816.86670 0.00557686
5819.20020 0.00576807
5821.53320 0.0061206
5823.86670 0.00649584
5826.19971 0.00700241
5828.53320 0.00726081
5830.86670 0.00768026
5833.19971 0.00830251
5835.53320 0.00876296
5837.86621 0.00967574
5840.19971 0.0104071
5842.53320 0.0112982
5844.86621 0.012439
5847.19971 0.0136074
5849.53320 0.0148449
5851.86621 0.0164396
5854.19971 0.0179772
5856.53271 0.0203127
5858.86621 0.0226357
5861.19971 0.0254678
5863.53271 0.0287453
5865.86621 0.0325896
5868.19922 0.0366325
5870.53271 0.042441
5872.86621 0.0483789
5875.19922 0.0557305
5877.53271 0.0646184
5879.86572 0.0755067
5882.19922 0.0896172
5884.53271 0.104961
5886.86572 0.123643
5889.19922 0.145093
5891.53271 0.170893
5893.86572 0.20159
5896.19922 0.235321
5898.53223 0.274303
5900.86572 0.319444
5903.19922 0.363939
5905.53223 0.412088
5907.86572 0.456447
5910.19873 0.497243
5912.53223 0.533888
5914.86572 0.567798
5917.19873 0.594761
5919.53223 0.615583
5921.86523 0.635573
5924.19873 0.649591
5926.53223 0.654047
5928.86523 0.671332
5931.19873 0.678746
5933.53223 0.684933
5935.86523 0.68838
5938.19873 0.68842
5940.53174 0.679987
5942.86523 0.664367
5945.19873 0.637597
5947.53174 0.600244
5949.86523 0.556512
5952.19824 0.504268
5954.53174 0.448203
5956.86523 0.392733
5959.19824 0.341352
5961.53174 0.292851
5963.86475 0.248404
5966.19824 0.212126
5968.53174 0.179924
5970.86475 0.153834
5973.19824 0.131433
5975.53174 0.112566
5977.86475 0.0967639
5980.19824 0.083729
5982.53125 0.0727115
5984.86475 0.0637978
5987.19824 0.0557559
5989.53125 0.0486254
5991.86475 0.0435157
5994.19775 0.0386217
5996.53125 0.0341897
5998.86426 0.0307991
6001.19775 0.0278211
6003.53125 0.0246797
6005.86426 0.0224918
6008.19775 0.0204773
6010.53125 0.0185475
6012.86426 0.0169191
6015.19775 0.0155637
6017.53076 0.0138874
6019.86426 0.0129281
6022.19775 0.0118845
6024.53076 0.0111897
6026.86426 0.0102086
6029.19727 0.00977588
6031.53076 0.00886525
6033.86426 0.0083928
6036.19727 0.00775236
6038.53076 0.00713763
6040.86377 0.00670995
6043.19727 0.00654448
6045.53076 0.00619255
6047.86377 0.00562009
6050.19727 0.00553579
6052.53076 0.00503888
6054.86377 0.00496356
6057.19727 0.0044992
6059.53027 0.00443058
6061.86377 0.00426261
6064.19727 0.00413524
6066.53027 0.00398203
6068.86377 0.00372464
6071.19678 0.00354308
6073.53027 0.00336602
6075.86377 0.00343885
6078.19678 0.00314217
6080.53027 0.00317435
6082.86328 0.00300815
6085.19678 0.00283171
6087.53027 0.00280885
6089.86328 0.00270549
6092.19678 0.00267705
6094.53027 0.0025986
6096.86328 0.00238666
6099.19678 0.00220712
6709.11670 0.0
