threeML/data/optical_filters/LICK/LICK-f_8470_55.ecsv
# %ECSV 0.9
# ---
# datatype:
# - {name: wavelength, unit: Angstrom, datatype: float32}
# - {name: response, datatype: float32}
# meta: !!omap
# - {band_name: f_8470_55}
# - {group_name: LICK}
wavelength response
7516.33691 0.0
8351.48535 0.00563012
8353.82910 0.00605451
8356.17285 0.0063044
8358.51660 0.00662753
8360.86035 0.00704193
8363.20410 0.00738294
8365.54785 0.00795841
8367.89062 0.00840798
8370.23438 0.00885949
8372.57812 0.00946124
8374.92188 0.0100544
8377.26562 0.0108333
8379.60938 0.0116897
8381.95312 0.0127789
8384.29688 0.0138797
8386.64062 0.0150308
8388.98438 0.0163943
8391.32812 0.0178711
8393.67188 0.0197564
8396.01562 0.0218199
8398.35938 0.0240894
8400.70312 0.0266918
8403.04688 0.0298883
8405.39062 0.0333449
8407.73438 0.0374484
8410.07812 0.0420802
8412.42188 0.0475886
8414.76465 0.0538627
8417.10840 0.0614249
8419.45215 0.0703595
8421.79590 0.0811978
8424.13965 0.0943528
8426.48340 0.10926
8428.82715 0.127054
8431.17090 0.148522
8433.51465 0.173776
8435.85840 0.203018
8438.20215 0.237007
8440.54590 0.275621
8442.88965 0.318852
8445.23340 0.364784
8447.57715 0.413376
8449.92090 0.463143
8452.26465 0.509699
8454.60840 0.550977
8456.95215 0.587039
8459.29492 0.615157
8461.63867 0.635427
8463.98242 0.648358
8466.32617 0.65794
8468.66992 0.664309
8471.01367 0.666192
8473.35742 0.663736
8475.70117 0.658138
8478.04492 0.647464
8480.38867 0.632379
8482.73242 0.615443
8485.07617 0.592251
8487.41992 0.560793
8489.76367 0.526527
8492.10742 0.489141
8494.45117 0.446471
8496.79492 0.401762
8499.13867 0.357114
8501.48242 0.313581
8503.82617 0.273208
8506.16895 0.237324
8508.51270 0.205337
8510.85645 0.176357
8513.20020 0.151968
8515.54395 0.131779
8517.88770 0.113837
8520.23145 0.0982562
8522.57520 0.0853972
8524.91895 0.0751281
8527.26270 0.0655695
8529.60645 0.0574864
8531.95020 0.0514472
8534.29395 0.0456748
8536.63770 0.0406834
8538.98145 0.0367672
8541.32520 0.0333618
8543.66895 0.030066
8546.01270 0.0275983
8548.35645 0.0253498
8550.69922 0.0231252
8553.04297 0.0211541
8555.38672 0.0195702
8557.73047 0.0179116
8560.07422 0.0164484
8562.41797 0.0151547
8564.76172 0.0141815
8567.10547 0.0130442
8569.44922 0.0121703
8571.79297 0.011399
8574.13672 0.0107051
8576.48047 0.00998496
8578.82422 0.00935431
8581.16797 0.00861459
8583.51172 0.00805715
8585.85547 0.00760976
8588.19922 0.00710064
8590.54297 0.00680936
8592.88672 0.00658352
8595.23047 0.0063541
8597.57324 0.0059691
8599.91699 0.00590157
9459.90820 0.0
