threeML/data/optical_filters/LICK/LICK-f_5298_61.ecsv
# %ECSV 0.9
# ---
# datatype:
# - {name: wavelength, unit: Angstrom, datatype: float32}
# - {name: response, datatype: float32}
# meta: !!omap
# - {band_name: f_5298_61}
# - {group_name: LICK}
wavelength response
4636.17578 0.0
5151.30664 0.00143102
5153.61523 0.00137313
5155.92383 0.00130222
5158.23242 0.001526
5160.54102 0.00140428
5162.84961 0.00139722
5165.15820 0.00149841
5167.46680 0.00148616
5169.77539 0.001464
5172.08398 0.00149805
5174.39258 0.00157296
5176.70117 0.00153599
5179.00977 0.00159122
5181.31836 0.00155367
5183.62695 0.00158184
5185.93555 0.00164369
5188.24414 0.00166318
5190.55273 0.0016742
5192.86133 0.00183899
5195.16992 0.00187931
5197.47852 0.00182909
5199.78711 0.00187036
5202.09570 0.00198962
5204.40430 0.00228529
5206.71289 0.0021246
5209.02148 0.00228305
5211.33008 0.00218462
5213.63818 0.00247433
5215.94678 0.00253753
5218.25537 0.00259452
5220.56396 0.0029524
5222.87256 0.00319482
5225.18164 0.00307905
5227.49023 0.00344921
5229.79883 0.00366704
5232.10742 0.00402388
5234.41602 0.00469653
5236.72461 0.00504171
5239.03320 0.0058098
5241.34131 0.00698043
5243.64990 0.00810683
5245.95850 0.00944264
5248.26709 0.0115879
5250.57568 0.0143905
5252.88428 0.0178818
5255.19287 0.0229634
5257.50146 0.0296319
5259.81006 0.0390341
5262.11914 0.0528674
5264.42773 0.072632
5266.73633 0.100526
5269.04443 0.140806
5271.35303 0.195943
5273.66162 0.269509
5275.97021 0.358173
5278.27881 0.45583
5280.58740 0.552992
5282.89600 0.637092
5285.20459 0.698404
5287.51318 0.738591
5289.82178 0.764009
5292.13037 0.778064
5294.43896 0.783592
5296.74756 0.785951
5299.05615 0.788819
5301.36475 0.789143
5303.67334 0.784894
5305.98193 0.78266
5308.29053 0.781008
5310.59912 0.777351
5312.90771 0.775453
5315.21631 0.774035
5317.52490 0.774147
5319.83350 0.772388
5322.14209 0.762112
5324.45068 0.731156
5326.75928 0.673139
5329.06787 0.591354
5331.37646 0.49122
5333.68506 0.392235
5335.99365 0.302204
5338.30225 0.228729
5340.61084 0.168854
5342.91943 0.124382
5345.22803 0.0927385
5347.53662 0.0703604
5349.84521 0.053064
5352.15381 0.0423722
5354.46240 0.0331233
5356.77100 0.0259149
5359.07959 0.0206161
5361.38818 0.0175128
5363.69678 0.0143232
5366.00537 0.012368
5368.31396 0.0106132
5370.62256 0.00922911
5372.93115 0.00828161
5375.23975 0.007311
5377.54834 0.00659426
5379.85693 0.00601956
5382.16553 0.00541243
5384.47412 0.00504339
5386.78271 0.00480028
5389.09131 0.00435982
5391.39990 0.00399745
5393.70850 0.00377903
5396.01709 0.00368689
5398.32568 0.00331315
5400.63428 0.00314478
5402.94287 0.00302756
5405.25146 0.00280101
5407.56006 0.00276419
5409.86865 0.00253939
5412.17725 0.00238972
5414.48584 0.00233375
5416.79443 0.00211621
5419.10303 0.00205545
5421.41162 0.00194063
5423.72021 0.00193468
5426.02881 0.00189294
5428.33740 0.00175052
5430.64600 0.00169718
5432.95459 0.00155959
5435.26318 0.00156479
5437.57178 0.00153564
5439.88037 0.00146163
5442.18896 0.00144486
5444.49756 0.0013316
5446.80615 0.00130422
5449.11475 0.00133747
5994.02637 0.0
