threeML/data/optical_filters/LICK/LICK-f_5156_36.ecsv
# %ECSV 0.9
# ---
# datatype:
# - {name: wavelength, unit: Angstrom, datatype: float32}
# - {name: response, datatype: float32}
# meta: !!omap
# - {band_name: f_5156_36}
# - {group_name: LICK}
wavelength response
4590.46582 0.0
5100.51758 0.00117998
5102.82617 0.00112674
5105.13477 0.00110897
5107.44336 0.00122961
5109.75195 0.00133102
5112.06055 0.00149752
5114.36914 0.0014026
5116.67773 0.00152549
5118.98633 0.00155879
5121.29492 0.00161129
5123.60352 0.00175258
5125.91211 0.00197929
5128.22070 0.00209389
5130.52930 0.00203864
5132.83789 0.0023829
5135.14648 0.00247558
5137.45508 0.00248387
5139.76367 0.00291025
5142.07227 0.00293673
5144.38086 0.00346772
5146.68945 0.00375507
5148.99805 0.004188
5151.30664 0.00467845
5153.61523 0.00512771
5155.92383 0.00556174
5158.23242 0.00636822
5160.54102 0.00709171
5162.84961 0.00795394
5165.15820 0.00900508
5167.46680 0.0100724
5169.77539 0.0114152
5172.08398 0.0130285
5174.39258 0.0151111
5176.70117 0.0170232
5179.00977 0.0197505
5181.31836 0.0230659
5183.62695 0.0264124
5185.93555 0.0312285
5188.24414 0.0362659
5190.55273 0.0418183
5192.86133 0.0490343
5195.16992 0.0567496
5197.47852 0.0653547
5199.78711 0.0749897
5202.09570 0.0844938
5204.40430 0.0940823
5206.71289 0.103641
5209.02148 0.111935
5211.33008 0.117826
5213.63818 0.123247
5215.94678 0.126873
5218.25537 0.129805
5220.56396 0.131843
5222.87256 0.132398
5225.18164 0.13254
5227.49023 0.132448
5229.79883 0.131879
5232.10742 0.130394
5234.41602 0.130026
5236.72461 0.129698
5239.03320 0.127805
5241.34131 0.126596
5243.64990 0.125818
5245.95850 0.123164
5248.26709 0.121048
5250.57568 0.117559
5252.88428 0.112663
5255.19287 0.108052
5257.50146 0.101839
5259.81006 0.0945097
5262.11914 0.0863325
5264.42773 0.0783366
5266.73633 0.0700577
5269.04443 0.0616105
5271.35303 0.0546285
5273.66162 0.0478124
5275.97021 0.0412778
5278.27881 0.0357748
5280.58740 0.0309401
5282.89600 0.0268903
5285.20459 0.0233678
5287.51318 0.0204767
5289.82178 0.0179966
5292.13037 0.0156909
5294.43896 0.013736
5296.74756 0.0121169
5299.05615 0.0108732
5301.36475 0.00959559
5303.67334 0.00864846
5305.98193 0.00768736
5308.29053 0.0069705
5310.59912 0.0064793
5312.90771 0.00583596
5315.21631 0.00541558
5317.52490 0.00490716
5319.83350 0.00433123
5322.14209 0.00404022
5324.45068 0.00367514
5326.75928 0.00341623
5329.06787 0.00316508
5331.37646 0.00291761
5333.68506 0.00283676
5335.99365 0.00249165
5338.30225 0.0022814
5340.61084 0.00221491
5342.91943 0.00220383
5345.22803 0.00197292
5347.53662 0.00181008
5349.84521 0.00161068
5884.82959 0.0
