threeML/data/optical_filters/LICK/LICK-f_5139_90.ecsv
# %ECSV 0.9
# ---
# datatype:
# - {name: wavelength, unit: Angstrom, datatype: float32}
# - {name: response, datatype: float32}
# meta: !!omap
# - {band_name: f_5139_90}
# - {group_name: LICK}
wavelength response
4501.12305 0.0
5001.24805 0.00204968
5003.55664 0.00188594
5005.86523 0.00199357
5008.17383 0.00208867
5010.48242 0.00223181
5012.79102 0.00218444
5015.09961 0.00222003
5017.40820 0.00225494
5019.71680 0.00208049
5022.02539 0.00250693
5024.33398 0.002527
5026.64258 0.00260887
5028.95117 0.00273235
5031.25977 0.002814
5033.56836 0.00313655
5035.87695 0.00340861
5038.18555 0.00359281
5040.49414 0.00384809
5042.80273 0.0041683
5045.11133 0.00473922
5047.41992 0.00496966
5049.72852 0.0054449
5052.03711 0.00647034
5054.34570 0.00766707
5056.65430 0.00939627
5058.96289 0.0110218
5061.27148 0.013203
5063.58008 0.0170914
5065.88867 0.0221923
5068.19727 0.029479
5070.50586 0.0404518
5072.81445 0.0558608
5075.12305 0.0789598
5077.43164 0.111936
5079.74023 0.16154
5082.04883 0.229912
5084.35742 0.316216
5086.66602 0.41527
5088.97461 0.508327
5091.28320 0.579448
5093.59180 0.613342
5095.90039 0.617549
5098.20898 0.598836
5100.51758 0.582441
5102.82617 0.568252
5105.13477 0.553789
5107.44336 0.54679
5109.75195 0.546108
5112.06055 0.550115
5114.36914 0.562931
5116.67773 0.568179
5118.98633 0.577178
5121.29492 0.592007
5123.60352 0.60661
5125.91211 0.613686
5128.22070 0.623326
5130.52930 0.629273
5132.83789 0.638695
5135.14648 0.638406
5137.45508 0.643562
5139.76367 0.643739
5142.07227 0.643698
5144.38086 0.642181
5146.68945 0.634672
5148.99805 0.629106
5151.30664 0.622837
5153.61523 0.615738
5155.92383 0.605757
5158.23242 0.597208
5160.54102 0.586502
5162.84961 0.576366
5165.15820 0.569378
5167.46680 0.560434
5169.77539 0.54447
5172.08398 0.521293
5174.39258 0.494932
5176.70117 0.456037
5179.00977 0.406344
5181.31836 0.350056
5183.62695 0.290837
5185.93555 0.235869
5188.24414 0.183954
5190.55273 0.144843
5192.86133 0.111639
5195.16992 0.0857303
5197.47852 0.0666217
5199.78711 0.0520663
5202.09570 0.041017
5204.40430 0.0332353
5206.71289 0.0266517
5209.02148 0.021736
5211.33008 0.0182762
5213.63818 0.0150129
5215.94678 0.0128922
5218.25537 0.0111185
5220.56396 0.00960695
5222.87256 0.00845902
5225.18164 0.00769004
5227.49023 0.00676203
5229.79883 0.00603754
5232.10742 0.00576181
5234.41602 0.00516126
5236.72461 0.00474821
5239.03320 0.00443643
5241.34131 0.00406376
5243.64990 0.00360408
5245.95850 0.00353421
5248.26709 0.00313824
5250.57568 0.00290086
5252.88428 0.00267979
5255.19287 0.00267418
5257.50146 0.00254731
5259.81006 0.00230296
5262.11914 0.00226316
5264.42773 0.00204454
5266.73633 0.00194739
5269.04443 0.00178487
5271.35303 0.00173467
5273.66162 0.00167873
5275.97021 0.00150522
5278.27881 0.00161717
5280.58740 0.00149496
5282.89600 0.00144867
5285.20459 0.00137133
5287.51318 0.00124478
5289.82178 0.00125174
5292.13037 0.00128145
5294.43896 0.00115178
5296.74756 0.00114472
5299.05615 0.00111179
5828.96191 0.0
