threeML/data/optical_filters/LICK/LICK-f_9070_100.ecsv
# %ECSV 0.9
# ---
# datatype:
# - {name: wavelength, unit: Angstrom, datatype: float32}
# - {name: response, datatype: float32}
# meta: !!omap
# - {band_name: f_9070_100}
# - {group_name: LICK}
wavelength response
8056.32520 0.0
8951.47266 0.0061945
8953.81641 0.00627288
8956.16016 0.00658107
8958.50391 0.00676663
8960.84766 0.00689862
8963.19043 0.00725043
8965.53418 0.00775067
8967.87793 0.00825438
8970.22168 0.00903522
8972.56543 0.00961003
8974.90918 0.0104632
8977.25293 0.0114288
8979.59668 0.0127175
8981.94043 0.0141891
8984.28418 0.0158489
8986.62793 0.0179302
8988.97168 0.0203994
8991.31543 0.0228162
8993.65918 0.0261507
8996.00293 0.0300879
8998.34668 0.0348132
9000.69043 0.0403853
9003.03418 0.0467775
9005.37793 0.0551562
9007.72168 0.0652237
9010.06445 0.077989
9012.40820 0.0933797
9014.75195 0.113283
9017.09570 0.136475
9019.43945 0.165156
9021.78320 0.200591
9024.12695 0.240472
9026.47070 0.284567
9028.81445 0.333482
9031.15820 0.383923
9033.50195 0.43305
9035.84570 0.481707
9038.18945 0.524722
9040.53320 0.561475
9042.87695 0.590767
9045.22070 0.614137
9047.56445 0.632556
9049.90820 0.64711
9052.25195 0.654494
9054.59473 0.658724
9056.93848 0.665419
9059.28223 0.66702
9061.62598 0.671863
9063.96973 0.674182
9066.31348 0.675076
9068.65723 0.676036
9071.00098 0.669944
9073.34473 0.665599
9075.68848 0.664102
9078.03223 0.66173
9080.37598 0.652373
9082.71973 0.642772
9085.06348 0.63881
9087.40723 0.627314
9089.75098 0.623277
9092.09473 0.619011
9094.43848 0.612799
9096.78223 0.608198
9099.12598 0.605262
9101.46875 0.598519
9103.81250 0.599367
9106.15625 0.594443
9108.50000 0.586562
9110.84375 0.581451
9113.18750 0.571643
9115.53125 0.556327
9117.87500 0.533146
9120.21875 0.498541
9122.56250 0.462065
9124.90625 0.416001
9127.25000 0.3684
9129.59375 0.319612
9131.93750 0.271488
9134.28125 0.23113
9136.62500 0.193052
9138.96875 0.161639
9141.31250 0.136518
9143.65625 0.114122
9145.99902 0.0963506
9148.34277 0.0812589
9150.68652 0.0690105
9153.03027 0.0591498
9155.37402 0.0506059
9157.71777 0.0430398
9160.06152 0.037538
9162.40527 0.0331275
9164.74902 0.0294622
9167.09277 0.0267511
9169.43652 0.0241364
9171.78027 0.0220055
9174.12402 0.0203907
9176.46777 0.0188249
9178.81152 0.0177053
9181.15527 0.0166596
9183.49902 0.0159992
9185.84277 0.0150567
9188.18652 0.0145738
9190.53027 0.0137826
9192.87305 0.0130427
9195.21680 0.0119631
9197.56055 0.0106996
9199.90430 0.00981158
10119.89453 0.0
