threeML/data/optical_filters/LICK/LICK-f_5265_60.ecsv
# %ECSV 0.9
# ---
# datatype:
# - {name: wavelength, unit: Angstrom, datatype: float32}
# - {name: response, datatype: float32}
# meta: !!omap
# - {band_name: f_5265_60}
# - {group_name: LICK}
wavelength response
4636.17578 0.0
5151.30664 0.0016944
5153.61523 0.00150841
5155.92383 0.00171595
5158.23242 0.00179332
5160.54102 0.00189975
5162.84961 0.00182885
5165.15820 0.00186583
5167.46680 0.00208347
5169.77539 0.00202314
5172.08398 0.00199234
5174.39258 0.00209346
5176.70117 0.00232502
5179.00977 0.00249734
5181.31836 0.00264661
5183.62695 0.00269695
5185.93555 0.0028493
5188.24414 0.0031356
5190.55273 0.00327147
5192.86133 0.00382499
5195.16992 0.00425958
5197.47852 0.00473329
5199.78711 0.0051687
5202.09570 0.00592536
5204.40430 0.00713204
5206.71289 0.00854539
5209.02148 0.00984893
5211.33008 0.0117256
5213.63818 0.0143114
5215.94678 0.0181942
5218.25537 0.0229406
5220.56396 0.0300005
5222.87256 0.0397725
5225.18164 0.053334
5227.49023 0.0721669
5229.79883 0.0992394
5232.10742 0.138854
5234.41602 0.191705
5236.72461 0.262256
5239.03320 0.350168
5241.34131 0.443373
5243.64990 0.536195
5245.95850 0.608078
5248.26709 0.659536
5250.57568 0.687259
5252.88428 0.703252
5255.19287 0.695138
5257.50146 0.70166
5259.81006 0.709913
5262.11914 0.721672
5264.42773 0.727493
5266.73633 0.729086
5269.04443 0.727277
5271.35303 0.727436
5273.66162 0.727028
5275.97021 0.723005
5278.27881 0.715319
5280.58740 0.70948
5282.89600 0.719728
5285.20459 0.721503
5287.51318 0.703849
5289.82178 0.668564
5292.13037 0.599452
5294.43896 0.505151
5296.74756 0.403945
5299.05615 0.308355
5301.36475 0.228671
5303.67334 0.167882
5305.98193 0.122534
5308.29053 0.0911162
5310.59912 0.0680913
5312.90771 0.0512067
5315.21631 0.0397594
5317.52490 0.0312821
5319.83350 0.0252681
5322.14209 0.0205845
5324.45068 0.0170164
5326.75928 0.0144078
5329.06787 0.012013
5331.37646 0.0104591
5333.68506 0.00905093
5335.99365 0.00798283
5338.30225 0.0073451
5340.61084 0.00657204
5342.91943 0.00598496
5345.22803 0.00531373
5347.53662 0.00499241
5349.84521 0.00470108
5352.15381 0.00470913
5354.46240 0.00470886
5356.77100 0.00383673
5359.07959 0.00349706
5361.38818 0.00331421
5363.69678 0.00331638
5366.00537 0.00307679
5368.31396 0.00287159
5370.62256 0.00260325
5372.93115 0.00252723
5375.23975 0.00229665
5377.54834 0.00225215
5379.85693 0.00214353
5382.16553 0.00205073
5384.47412 0.00191543
5386.78271 0.00182214
5389.09131 0.00182526
5391.39990 0.00169525
5393.70850 0.00160795
5396.01709 0.0015994
5398.32568 0.00144223
5938.15820 0.0
