threeML/data/optical_filters/LICK/LICK-f_5794_80.ecsv
# %ECSV 0.9
# ---
# datatype:
# - {name: wavelength, unit: Angstrom, datatype: float32}
# - {name: response, datatype: float32}
# meta: !!omap
# - {band_name: f_5794_80}
# - {group_name: LICK}
wavelength response
5086.08203 0.0
5651.20215 0.00110396
5653.53516 0.00117599
5655.86865 0.00123027
5658.20166 0.00120726
5660.53516 0.0010502
5662.86865 0.00131293
5665.20166 0.00138218
5667.53516 0.00145086
5669.86816 0.00140986
5672.20166 0.00158891
5674.53516 0.0014898
5676.86816 0.00173212
5679.20166 0.00154512
5681.53516 0.00171379
5683.86816 0.00169907
5686.20166 0.00194365
5688.53467 0.00188448
5690.86816 0.00219645
5693.20166 0.00211823
5695.53467 0.0020878
5697.86816 0.00244667
5700.20117 0.00264113
5702.53467 0.00276361
5704.86816 0.00304918
5707.20117 0.00324697
5709.53467 0.00338699
5711.86768 0.00373827
5714.20117 0.00415904
5716.53467 0.0046554
5718.86768 0.00551313
5721.20117 0.00635688
5723.53467 0.00728215
5725.86768 0.00852928
5728.20117 0.0100843
5730.53418 0.0117091
5732.86768 0.0141604
5735.20117 0.0172972
5737.53418 0.0208513
5739.86768 0.0258718
5742.20068 0.0324716
5744.53418 0.0408931
5746.86768 0.0519989
5749.20068 0.0662463
5751.53418 0.0847984
5753.86719 0.1079
5756.20068 0.137565
5758.53418 0.171737
5760.86719 0.211626
5763.20068 0.253447
5765.53418 0.293786
5767.86719 0.331571
5770.20068 0.359199
5772.53369 0.381697
5774.86719 0.395201
5777.20068 0.402448
5779.53369 0.408066
5781.86719 0.411645
5784.20020 0.412673
5786.53369 0.415277
5788.86719 0.418703
5791.20020 0.42199
5793.53369 0.427284
5795.86670 0.428427
5798.20020 0.43032
5800.53369 0.432774
5802.86670 0.434101
5805.20020 0.435839
5807.53369 0.433621
5809.86670 0.432476
5812.20020 0.429736
5814.53320 0.426765
5816.86670 0.423631
5819.20020 0.41737
5821.53320 0.4099
5823.86670 0.401718
5826.19971 0.390604
5828.53320 0.37549
5830.86670 0.354388
5833.19971 0.329889
5835.53320 0.299159
5837.86621 0.264788
5840.19971 0.229499
5842.53320 0.194538
5844.86621 0.161374
5847.19971 0.133781
5849.53320 0.108157
5851.86621 0.0873985
5854.19971 0.0711068
5856.53271 0.0568209
5858.86621 0.0462634
5861.19971 0.0376655
5863.53271 0.030851
5865.86621 0.0253786
5868.19922 0.0210355
5870.53271 0.0176152
5872.86621 0.0151471
5875.19922 0.0128379
5877.53271 0.0108913
5879.86572 0.00948093
5882.19922 0.0079469
5884.53271 0.00728379
5886.86572 0.00609853
5889.19922 0.00539074
5891.53271 0.00488823
5893.86572 0.0044329
5896.19922 0.00399009
5898.53223 0.00359779
5900.86572 0.00326547
5903.19922 0.00286273
5905.53223 0.00274232
5907.86572 0.00264572
5910.19873 0.00229158
5912.53223 0.0021944
5914.86572 0.00200726
5917.19873 0.0018316
5919.53223 0.00171841
5921.86523 0.00161849
5924.19873 0.00141714
5926.53223 0.00145047
5928.86523 0.00145893
5931.19873 0.00122486
5933.53223 0.00125645
5935.86523 0.00118495
5938.19873 0.00114934
5940.53174 0.000996835
5942.86523 0.00104745
5945.19873 0.00104147
5947.53174 0.000932813
5949.86523 0.000841308
6544.85156 0.0
