threeML/data/optical_filters/LICK/LICK-f_4000_400.ecsv
# %ECSV 0.9
# ---
# datatype:
# - {name: wavelength, unit: Angstrom, datatype: float32}
# - {name: response, datatype: float32}
# meta: !!omap
# - {band_name: f_4000_400}
# - {group_name: LICK}
wavelength response
3330.30420 0.0
3700.33789 0.0317403
3701.35962 0.0310071
3702.38135 0.031382
3703.40308 0.0311376
3704.42480 0.0302898
3705.44653 0.0309728
3706.46826 0.0316243
3707.48999 0.0314363
3708.51172 0.0316747
3709.53345 0.0303838
3710.55542 0.0309475
3711.57690 0.0300223
3712.59888 0.03111
3713.62061 0.0309716
3714.64233 0.0298116
3715.66406 0.0305839
3716.68579 0.0302904
3717.70752 0.0301345
3718.72925 0.030494
3719.75098 0.0289455
3720.77271 0.0298491
3721.79443 0.0290962
3722.81641 0.028948
3723.83789 0.0287756
3724.85986 0.0284125
3725.88159 0.028773
3726.90332 0.0293408
3727.92505 0.0275508
3728.94678 0.0286731
3729.96851 0.028852
3730.99023 0.0286864
3732.01196 0.0284195
3733.03369 0.0290613
3734.05542 0.0277919
3735.07739 0.0284059
3736.09912 0.0282727
3737.12085 0.027153
3738.14258 0.0278538
3739.16431 0.0281723
3740.18604 0.0283134
3741.20776 0.0282092
3742.22949 0.0281669
3743.25122 0.0279466
3744.27295 0.0275937
3745.29492 0.0275632
3746.31641 0.0274032
3747.33838 0.0275834
3748.36011 0.0278907
3749.38184 0.0269478
3750.40356 0.0273317
3751.42529 0.0279791
3752.44702 0.0283541
3753.46875 0.0274984
3754.49048 0.0276225
3755.51221 0.0268689
3756.53394 0.0271844
3757.55591 0.0273392
3758.57739 0.0273819
3759.59937 0.0274779
3760.62109 0.0275471
3761.64282 0.0271393
3762.66455 0.0271974
3763.68628 0.0262297
3764.70801 0.0272894
3765.72974 0.0274445
3766.75146 0.0282272
3767.77319 0.0279748
3768.79492 0.0275956
3769.81689 0.0282828
3770.83838 0.0277274
3771.86035 0.0278451
3772.88208 0.0282575
3773.90381 0.0277621
3774.92554 0.0277363
3775.94727 0.0281752
3776.96899 0.0276384
3777.99072 0.0282186
3779.01245 0.0283245
3780.03418 0.0285075
3781.05591 0.0289058
3782.07788 0.029052
3783.09961 0.0286792
3784.12134 0.0286537
3785.14307 0.0289312
3786.16479 0.0290749
3787.18652 0.0298949
3788.20825 0.0297666
3789.22998 0.0300187
3790.25171 0.0311039
3791.27344 0.0302046
3792.29541 0.030271
3793.31689 0.0312289
3794.33887 0.0312961
3795.36060 0.0313497
3796.38232 0.0314038
3797.40405 0.0311914
3798.42578 0.032216
3799.44751 0.0324231
3800.46924 0.0334424
3801.49097 0.0337215
3802.51270 0.0335743
3803.53442 0.033927
3804.55640 0.034296
3805.57788 0.0351107
3806.59985 0.0361961
3807.62158 0.0356024
3808.64331 0.0362806
3809.66504 0.0367517
3810.68677 0.037869
3811.70850 0.0383957
3812.73022 0.0398695
3813.75195 0.039795
3814.77368 0.0409107
3815.79541 0.0417734
3816.81738 0.0433134
3817.83911 0.043465
3818.86084 0.0447478
3819.88257 0.0458932
3820.90430 0.0464247
3821.92603 0.0471873
3822.94775 0.0480436
3823.96948 0.0503732
3824.99121 0.051712
3826.01294 0.0521555
3827.03491 0.0537817
3828.05640 0.0552179
3829.07837 0.0569043
3830.10010 0.0586186
3831.12183 0.0601657
3832.14355 0.0619573
3833.16528 0.0646932
3834.18701 0.065486
3835.20874 0.0681462
3836.23047 0.0709406
3837.25220 0.0735076
3838.27393 0.0748048
3839.29590 0.0775017
3840.31738 0.0801865
3841.33936 0.0840905
3842.36108 0.086739
3843.38281 0.0889262
3844.40454 0.0931547
3845.42627 0.0964439
3846.44800 0.100478
3847.46973 0.103446
3848.49146 0.106556
3849.51318 0.111884
3850.53491 0.116129
3851.55688 0.121304
3852.57861 0.125373
3853.60034 0.131558
3854.62207 0.135196
3855.64380 0.140919
3856.66553 0.146017
3857.68726 0.15182
3858.70898 0.159115
3859.73071 0.16309
3860.75244 0.169487
3861.77441 0.176583
3862.79590 0.185544
3863.81787 0.192407
3864.83960 0.198623
3865.86133 0.205896
3866.88306 0.211541
3867.90479 0.219879
3868.92651 0.227364
3869.94824 0.235004
3870.96997 0.241378
3871.99170 0.25021
3873.01343 0.257833
3874.03540 0.264366
3875.05688 0.271669
3876.07886 0.28033
3877.10059 0.28708
3878.12231 0.293083
3879.14404 0.300939
3880.16577 0.306207
3881.18750 0.312273
3882.20923 0.319968
3883.23096 0.324551
3884.25269 0.32742
3885.27441 0.335924
3886.29639 0.341487
3887.31812 0.342914
3888.33984 0.347378
3889.36157 0.350993
3890.38330 0.355435
3891.40503 0.360721
3892.42676 0.361354
3893.44849 0.363763
3894.47021 0.366039
3895.49194 0.368143
3896.51392 0.36956
3897.53540 0.372173
3898.55737 0.371553
3899.57910 0.373994
3900.60083 0.37819
3901.62256 0.379184
3902.64429 0.379039
3903.66602 0.381018
3904.68774 0.379454
3905.70947 0.378143
3906.73120 0.380372
3907.75293 0.380557
3908.77490 0.379411
3909.79639 0.379866
3910.81836 0.382567
3911.84009 0.381336
3912.86182 0.380652
3913.88354 0.380391
3914.90527 0.378379
3915.92700 0.378952
3916.94873 0.380297
3917.97046 0.379151
3918.99219 0.379907
3920.01392 0.380525
3921.03589 0.379482
3922.05762 0.378268
3923.07935 0.378531
3924.10107 0.381659
3925.12280 0.378121
3926.14453 0.378957
3927.16626 0.379194
3928.18799 0.381842
3929.20972 0.378643
3930.23145 0.377921
3931.25342 0.379503
3932.27490 0.381545
3933.29688 0.37961
3934.31860 0.380397
3935.34033 0.380325
3936.36206 0.383202
3937.38379 0.381319
3938.40552 0.383209
3939.42725 0.384872
3940.44897 0.381952
3941.47070 0.380713
3942.49243 0.384878
3943.51440 0.385568
3944.53589 0.387025
3945.55786 0.388484
3946.57959 0.388329
3947.60132 0.389764
3948.62305 0.389394
3949.64478 0.387339
3950.66650 0.39109
3951.68823 0.391662
3952.70996 0.39203
3953.73169 0.39358
3954.75342 0.394705
3955.77539 0.394607
3956.79712 0.395632
3957.81885 0.395298
3958.84058 0.398723
3959.86230 0.400042
3960.88403 0.399062
3961.90576 0.40099
3962.92749 0.401405
3963.94922 0.402225
3964.97095 0.404425
3965.99292 0.404298
3967.01440 0.404668
3968.03638 0.406441
3969.05811 0.409233
3970.07983 0.408695
3971.10156 0.409487
3972.12329 0.408437
3973.14502 0.41204
3974.16675 0.412738
3975.18848 0.413805
3976.21021 0.414797
3977.23193 0.415697
3978.25391 0.415859
3979.27539 0.416925
3980.29736 0.416508
3981.31909 0.419457
3982.34082 0.417806
3983.36255 0.422447
3984.38428 0.422354
3985.40601 0.420892
3986.42773 0.4233
3987.44946 0.424109
3988.47119 0.424749
3989.49292 0.423305
3990.51489 0.423022
3991.53662 0.424596
3992.55835 0.426523
3993.58008 0.42314
3994.60181 0.422789
3995.62354 0.425437
3996.64526 0.428557
3997.66699 0.428044
3998.68872 0.430282
3999.71045 0.428847
4000.73242 0.426286
4001.75391 0.430005
4002.77588 0.430853
4003.79761 0.427871
4004.81934 0.429482
4005.84106 0.430824
4006.86279 0.43041
4007.88452 0.429337
4008.90625 0.431111
4009.92798 0.429239
4010.94971 0.430469
4011.97144 0.433164
4012.99341 0.432054
4014.01489 0.430681
4015.03687 0.43066
4016.05859 0.430903
4017.08032 0.430951
4018.10205 0.430065
4019.12378 0.431025
4020.14551 0.432471
4021.16724 0.43114
4022.18896 0.429666
4023.21069 0.430673
4024.23242 0.428668
4025.25439 0.428269
4026.27588 0.430235
4027.29785 0.429676
4028.31958 0.427987
4029.34131 0.428432
4030.36304 0.426971
4031.38477 0.428946
4032.40649 0.429624
4033.42822 0.42838
4034.44995 0.425325
4035.47168 0.428804
4036.49341 0.427302
4037.51538 0.427647
4038.53711 0.427342
4039.55884 0.425583
4040.58057 0.427655
4041.60229 0.427565
4042.62402 0.423656
4043.64575 0.425665
4044.66748 0.426173
4045.68921 0.423389
4046.71094 0.423482
4047.73291 0.422962
4048.75439 0.422091
4049.77637 0.422846
4050.79810 0.420896
4051.81982 0.422333
4052.84155 0.421415
4053.86328 0.418465
4054.88501 0.42014
4055.90674 0.417787
4056.92847 0.419828
4057.95020 0.420067
4058.97192 0.41873
4059.99390 0.417984
4061.01538 0.415525
4062.03735 0.415581
4063.05908 0.414249
4064.08081 0.414393
4065.10254 0.415878
4066.12427 0.414455
4067.14600 0.411938
4068.16772 0.411817
4069.18945 0.410549
4070.21118 0.410201
4071.23291 0.408999
4072.25488 0.410977
4073.27661 0.407206
4074.29834 0.406505
4075.32007 0.404666
4076.34180 0.405741
4077.36353 0.403367
4078.38525 0.402758
4079.40698 0.403331
4080.42871 0.399441
4081.45044 0.39952
4082.47241 0.398302
4083.49390 0.399251
4084.51587 0.396526
4085.53760 0.39482
4086.55933 0.394339
4087.58105 0.39422
4088.60278 0.392217
4089.62451 0.389716
4090.64624 0.388506
4091.66797 0.386644
4092.68970 0.387764
4093.71143 0.3865
4094.73340 0.382709
4095.75488 0.382837
4096.77686 0.381072
4097.79834 0.380202
4098.82031 0.379285
4099.84180 0.378078
4100.86377 0.375305
4101.88574 0.374601
4102.90723 0.373571
4103.92920 0.370678
4104.95068 0.369529
4105.97266 0.369859
4106.99414 0.366138
4108.01611 0.36704
4109.03760 0.363934
4110.05957 0.36316
4111.08154 0.361614
4112.10303 0.360793
4113.12500 0.357356
4114.14648 0.357462
4115.16846 0.356583
4116.18994 0.355215
4117.21191 0.350869
4118.23340 0.350826
4119.25537 0.34925
4120.27686 0.347092
4121.29883 0.346995
4122.32031 0.345628
4123.34229 0.34345
4124.36377 0.342467
4125.38574 0.341475
4126.40771 0.338158
4127.42920 0.338279
4128.45117 0.337184
4129.47266 0.334776
4130.49463 0.332173
4131.51611 0.331857
4132.53809 0.330937
4133.55957 0.329535
4134.58154 0.327356
4135.60352 0.327662
4136.62500 0.325567
4137.64697 0.324374
4138.66846 0.323443
4139.69043 0.321255
4140.71191 0.319454
4141.73389 0.319643
4142.75537 0.31841
4143.77734 0.317227
4144.79883 0.316642
4145.82080 0.316069
4146.84229 0.314857
4147.86426 0.313232
4148.88623 0.3126
4149.90771 0.311327
4150.92969 0.310314
4151.95117 0.308479
4152.97314 0.308602
4153.99463 0.307216
4155.01660 0.306405
4156.03809 0.30627
4157.06006 0.30423
4158.08203 0.301992
4159.10352 0.304021
4160.12549 0.303392
4161.14697 0.300688
4162.16895 0.300318
4163.19043 0.300479
4164.21240 0.298275
4165.23389 0.29926
4166.25586 0.297035
4167.27734 0.296451
4168.29932 0.295515
4169.32080 0.295798
4170.34277 0.294387
4171.36426 0.293737
4172.38623 0.293591
4173.40820 0.292193
4174.42969 0.293327
4175.45166 0.290044
4176.47314 0.29018
4177.49512 0.289729
4178.51660 0.288524
4179.53857 0.287892
4180.56006 0.288024
4181.58203 0.286473
4182.60400 0.284882
4183.62549 0.283685
4184.64746 0.283541
4185.66895 0.282411
4186.69092 0.281049
4187.71240 0.280255
4188.73438 0.279317
4189.75586 0.277554
4190.77783 0.276312
4191.79932 0.276066
4192.82129 0.274676
4193.84277 0.27294
4194.86475 0.271747
4195.88672 0.270474
4196.90820 0.267739
4197.93018 0.265767
4198.95166 0.264284
4199.97363 0.262674
4200.99512 0.260605
4202.01709 0.258731
4203.03857 0.257048
4204.06055 0.253415
4205.08252 0.251856
4206.10400 0.250373
4207.12598 0.247135
4208.14746 0.243881
4209.16943 0.241046
4210.19092 0.237767
4211.21289 0.235236
4212.23438 0.233145
4213.25635 0.228843
4214.27783 0.225721
4215.29980 0.222838
4216.32129 0.219281
4217.34326 0.215691
4218.36523 0.212564
4219.38672 0.209691
4220.40869 0.205672
4221.43018 0.201311
4222.45215 0.198188
4223.47363 0.194128
4224.49561 0.190517
4225.51709 0.185781
4226.53906 0.182436
4227.56104 0.178347
4228.58252 0.174637
4229.60449 0.170413
4230.62598 0.166958
4231.64795 0.162717
4232.66943 0.159363
4233.69141 0.155268
4234.71289 0.150818
4235.73486 0.147517
4236.75635 0.143379
4237.77832 0.140246
4238.79980 0.135971
4239.82178 0.133372
4240.84326 0.129538
4241.86523 0.126029
4242.88721 0.122518
4243.90869 0.119402
4244.93066 0.116165
4245.95215 0.112902
4246.97412 0.109476
4247.99561 0.106517
4249.01758 0.103321
4250.03906 0.100345
4251.06104 0.0977402
4252.08301 0.0946153
4253.10449 0.0917523
4254.12646 0.0889483
4255.14795 0.0866896
4256.16992 0.0843656
4257.19141 0.0820127
4258.21338 0.0801981
4259.23486 0.0774389
4260.25684 0.0753317
4261.27832 0.0727522
4262.30029 0.0705477
4263.32178 0.0687716
4264.34375 0.0673541
4265.36572 0.0652614
4266.38721 0.0627795
4267.40918 0.0608456
4268.43066 0.0596832
4269.45264 0.057902
4270.47412 0.0562003
4271.49609 0.0545974
4272.51758 0.0530766
4273.53955 0.0512211
4274.56152 0.0497343
4275.58301 0.048745
4276.60498 0.0477312
4277.62646 0.0463608
4278.64844 0.0451298
4279.66992 0.0443038
4280.69189 0.0425433
4281.71338 0.041719
4282.73535 0.0408078
4283.75684 0.0397733
4284.77881 0.0384344
4285.80029 0.0374727
4286.82227 0.036563
4287.84424 0.0353094
4288.86572 0.03483
4289.88770 0.0338804
4290.90918 0.0329104
4291.93115 0.0322346
4292.95264 0.0315528
4293.97461 0.0308856
4294.99609 0.0300499
4296.01807 0.0292978
4297.04004 0.0288219
4298.06152 0.02796
4299.08350 0.0272617
4300.10498 0.0269859
4301.12695 0.0262881
4302.14844 0.0255838
4303.17041 0.0253324
4304.19189 0.0247308
4305.21387 0.0240851
4306.23535 0.0234558
4307.25732 0.0229047
4308.27881 0.0224863
4309.30078 0.0220909
4310.32227 0.0215818
4311.34424 0.0209839
4312.36621 0.0205829
4313.38770 0.0201943
4314.40967 0.0199093
4315.43115 0.0194794
4316.45312 0.0191231
4317.47461 0.018962
4318.49658 0.0186316
4319.51807 0.0181309
4320.54004 0.0176884
4321.56201 0.0176899
4322.58350 0.0171274
4323.60547 0.0166135
4324.62695 0.0167159
4325.64893 0.0162028
4326.67041 0.015942
4327.69238 0.0158188
4328.71387 0.0153611
4329.73584 0.0150721
4330.75732 0.0149486
4331.77930 0.0146935
4332.80078 0.0144301
4333.82275 0.0142854
4334.84473 0.0139433
4335.86621 0.0137049
4336.88818 0.0136992
4337.90967 0.0135639
4338.93164 0.0131802
4339.95312 0.0129576
4340.97510 0.0127093
4341.99658 0.0125624
4343.01855 0.012451
4344.04053 0.0122116
4345.06201 0.0120483
4346.08398 0.0118539
4347.10547 0.0118248
4348.12744 0.0115204
4349.14893 0.0113527
4350.17090 0.0113272
4351.19238 0.011169
4352.21436 0.0109382
4353.23584 0.0106949
4354.25781 0.0106933
4355.27930 0.0106282
4356.30127 0.0104351
4357.32324 0.0102409
4358.34473 0.0101127
4359.36670 0.0100178
4360.38818 0.0100425
4361.41016 0.00990878
4362.43164 0.00961502
4363.45361 0.00948384
4364.47510 0.00939238
4365.49707 0.00933297
4366.51904 0.00924538
4367.54053 0.00910335
4368.56250 0.00904687
4369.58398 0.00903544
4370.60596 0.00902505
4371.62744 0.00879829
4372.64941 0.00866514
4373.67090 0.00864573
4374.69287 0.00859817
4375.71436 0.00845439
4376.73633 0.00834518
4377.75781 0.00831422
4378.77979 0.00826489
4379.80127 0.00824883
4380.82324 0.00805401
4381.84521 0.00788306
4382.86670 0.00789597
4383.88867 0.00768381
4384.91016 0.00772579
4385.93213 0.00758466
4386.95361 0.00753061
4387.97559 0.00748321
4388.99707 0.00746242
4390.01904 0.0074619
4391.04102 0.00745106
4392.06250 0.00729107
4393.08447 0.00716717
4394.10596 0.00725193
4395.12793 0.00708478
4396.14941 0.00703944
4397.17139 0.00699751
4398.19287 0.00696758
4399.21484 0.00702347
4839.13623 0.0
