threeML/data/optical_filters/LICK/LICK-f_7781_86.ecsv
# %ECSV 0.9
# ---
# datatype:
# - {name: wavelength, unit: Angstrom, datatype: float32}
# - {name: response, datatype: float32}
# meta: !!omap
# - {band_name: f_7781_86}
# - {group_name: LICK}
wavelength response
6886.21973 0.0
7651.35547 0.00361417
7653.69043 0.00363599
7656.02490 0.00380532
7658.35938 0.00392978
7660.69385 0.00422312
7663.02832 0.00444738
7665.36279 0.00480193
7667.69727 0.00532862
7670.03223 0.00583348
7672.36670 0.00631272
7674.70117 0.00687136
7677.03564 0.00753381
7679.37012 0.00826488
7681.70459 0.00920385
7684.03906 0.0101147
7686.37402 0.0112978
7688.70850 0.0130388
7691.04297 0.0149091
7693.37744 0.0171912
7695.71191 0.0202993
7698.04639 0.0239505
7700.38086 0.0286944
7702.71582 0.0349482
7705.05029 0.0422752
7707.38477 0.0512402
7709.71924 0.0615009
7712.05371 0.0745065
7714.38818 0.0917266
7716.72266 0.113071
7719.05762 0.140955
7721.39209 0.17687
7723.72656 0.220906
7726.06104 0.275388
7728.39551 0.338307
7730.72998 0.40838
7733.06494 0.47416
7735.39941 0.531802
7737.73389 0.581101
7740.06836 0.619042
7742.40283 0.650294
7744.73730 0.6743
7747.07178 0.690575
7749.40674 0.703137
7751.74121 0.71117
7754.07568 0.715303
7756.41016 0.718903
7758.74463 0.721477
7761.07910 0.721993
7763.41357 0.721207
7765.74854 0.720032
7768.08301 0.719215
7770.41748 0.714242
7772.75195 0.707674
7775.08643 0.700719
7777.42090 0.69405
7779.75537 0.685622
7782.09033 0.67764
7784.42480 0.670159
7786.75928 0.664724
7789.09375 0.661708
7791.42822 0.66025
7793.76270 0.661207
7796.09717 0.66342
7798.43213 0.663854
7800.76660 0.661928
7803.10107 0.654538
7805.43555 0.640811
7807.77002 0.614661
7810.10449 0.57221
7812.43945 0.516945
7814.77393 0.453409
7817.10840 0.385418
7819.44287 0.31951
7821.77734 0.260961
7824.11182 0.211082
7826.44629 0.170516
7828.78125 0.138962
7831.11572 0.11454
7833.45020 0.0954975
7835.78467 0.0793431
7838.11914 0.0651666
7840.45361 0.0531822
7842.78809 0.0437446
7845.12305 0.036597
7847.45752 0.0310451
7849.79199 0.026641
7852.12646 0.0232741
7854.46094 0.0205013
7856.79541 0.0180951
7859.13037 0.0162216
7861.46484 0.0146829
7863.79932 0.0134404
7866.13379 0.0125822
7868.46826 0.0116982
7870.80273 0.0107942
7873.13721 0.00990625
7875.47217 0.00900469
7877.80664 0.00834403
7880.14111 0.00781319
7882.47559 0.00726408
7884.81006 0.00697749
7887.14453 0.0066858
7889.47949 0.00637214
7891.81396 0.00620526
7894.14844 0.00606601
7896.48291 0.00589413
7898.81738 0.00567449
8688.69922 0.0
