threeML/data/optical_filters/LICK/LICK-f_5434_63.ecsv
# %ECSV 0.9
# ---
# datatype:
# - {name: wavelength, unit: Angstrom, datatype: float32}
# - {name: response, datatype: float32}
# meta: !!omap
# - {band_name: f_5434_63}
# - {group_name: LICK}
wavelength response
4771.22852 0.0
5301.36475 0.00166796
5303.67334 0.00171908
5305.98193 0.00175956
5308.29053 0.00179209
5310.59912 0.00187205
5312.90771 0.00182243
5315.21631 0.00186113
5317.52490 0.00195301
5319.83350 0.00206861
5322.14209 0.00214667
5324.45068 0.00215797
5326.75928 0.00218023
5329.06787 0.00240473
5331.37646 0.002491
5333.68506 0.00241446
5335.99365 0.00257087
5338.30225 0.00270333
5340.61084 0.00290679
5342.91943 0.00299564
5345.22803 0.00313057
5347.53662 0.00347093
5349.84521 0.00383184
5352.15381 0.00463853
5354.46240 0.00530063
5356.77100 0.00523778
5359.07959 0.00565497
5361.38818 0.00636115
5363.69678 0.00734146
5366.00537 0.00847636
5368.31396 0.00987273
5370.62256 0.0115984
5372.93115 0.013915
5375.23975 0.0171842
5377.54834 0.0207065
5379.85693 0.0258042
5382.16553 0.032449
5384.47412 0.0416421
5386.78271 0.0549679
5389.09131 0.0725718
5391.39990 0.0980163
5393.70850 0.130705
5396.01709 0.174295
5398.32568 0.231739
5400.63428 0.303292
5402.94287 0.383692
5405.25146 0.461784
5407.56006 0.535123
5409.86865 0.591669
5412.17725 0.63784
5414.48584 0.667847
5416.79443 0.685467
5419.10303 0.693425
5421.41162 0.699014
5423.72021 0.711965
5426.02881 0.719764
5428.33740 0.721457
5430.64600 0.718304
5432.95459 0.715404
5435.26318 0.710861
5437.57178 0.709931
5439.88037 0.714932
5442.18896 0.715618
5444.49756 0.716107
5446.80615 0.716723
5449.11475 0.717768
5451.42334 0.72492
5453.73193 0.727667
5456.04053 0.709233
5458.34912 0.661305
5460.65771 0.598203
5462.96631 0.523963
5465.27490 0.429013
5467.58350 0.333621
5469.89209 0.253841
5472.20068 0.191616
5474.50928 0.142929
5476.81787 0.106849
5479.12646 0.0818716
5481.43506 0.0647672
5483.74365 0.0525897
5486.05225 0.0399574
5488.36084 0.0310234
5490.66943 0.0252947
5492.97803 0.0213147
5495.28662 0.0178128
5497.59521 0.0148063
5499.90381 0.0127273
5502.21240 0.0109527
5504.52100 0.00984793
5506.82959 0.00857444
5509.13818 0.00775282
5511.44678 0.00688766
5513.75537 0.00660033
5516.06396 0.00573432
5518.37256 0.00542524
5520.68115 0.00510616
5522.98975 0.00463357
5525.29834 0.0042238
5527.60693 0.00416546
5529.91553 0.00385088
5532.22412 0.00352729
5534.53271 0.00332853
5536.84131 0.00325655
5539.14990 0.00305265
5541.45850 0.00284656
5543.76709 0.00271751
5546.07568 0.00255762
5548.38428 0.00248894
5550.69287 0.00233335
5553.00146 0.00221508
5555.31006 0.00221279
5557.61865 0.00217927
5559.92725 0.00199617
5562.23584 0.00188617
5564.54443 0.00184435
5566.85303 0.00180296
5569.16162 0.00173051
5571.47021 0.00171113
5573.77881 0.0016632
5576.08740 0.00167192
5578.39600 0.00152797
5580.70459 0.0015623
5583.01318 0.00152189
5585.32178 0.0014185
5587.63037 0.00138237
5589.93896 0.00139671
5592.24756 0.00136105
5594.55615 0.00132729
5596.86475 0.00137133
5599.17334 0.00137881
6159.09082 0.0
