threeML/data/optical_filters/LICK/LICK-f_7935_88.ecsv
# %ECSV 0.9
# ---
# datatype:
# - {name: wavelength, unit: Angstrom, datatype: float32}
# - {name: response, datatype: float32}
# meta: !!omap
# - {band_name: f_7935_88}
# - {group_name: LICK}
wavelength response
7020.68994 0.0
7800.76660 0.00287814
7803.10107 0.00294967
7805.43555 0.00304862
7807.77002 0.0031265
7810.10449 0.00323286
7812.43945 0.00331659
7814.77393 0.0034307
7817.10840 0.00354645
7819.44287 0.00364383
7821.77734 0.00377803
7824.11182 0.00394373
7826.44629 0.0041818
7828.78125 0.00438119
7831.11572 0.00457665
7833.45020 0.004952
7835.78467 0.00540697
7838.11914 0.00574303
7840.45361 0.00615228
7842.78809 0.00679744
7845.12305 0.0073038
7847.45752 0.00809543
7849.79199 0.0090541
7852.12646 0.0100494
7854.46094 0.0112627
7856.79541 0.0127278
7859.13037 0.0145171
7861.46484 0.0165621
7863.79932 0.0192291
7866.13379 0.0225833
7868.46826 0.0266436
7870.80273 0.0316839
7873.13721 0.0383703
7875.47217 0.0471255
7877.80664 0.0587315
7880.14111 0.0740957
7882.47559 0.0940362
7884.81006 0.119892
7887.14453 0.153701
7889.47949 0.196659
7891.81396 0.250245
7894.14844 0.315055
7896.48291 0.3878
7898.81738 0.463498
7901.15186 0.535531
7903.48633 0.599118
7905.82129 0.648592
7908.15576 0.683171
7910.49023 0.705029
7912.82471 0.718308
7915.15918 0.725412
7917.49365 0.72907
7919.82861 0.731591
7922.16309 0.7335
7924.49756 0.736963
7926.83203 0.741528
7929.16650 0.745682
7931.50098 0.75053
7933.83545 0.754851
7936.17041 0.758588
7938.50488 0.763619
7940.83936 0.768267
7943.17383 0.771643
7945.50830 0.775793
7947.84277 0.777957
7950.17725 0.777934
7952.51221 0.775894
7954.84668 0.771896
7957.18115 0.764913
7959.51562 0.75122
7961.85010 0.728547
7964.18457 0.695285
7966.51953 0.647083
7968.85400 0.58711
7971.18848 0.51769
7973.52295 0.443735
7975.85742 0.371853
7978.19189 0.30553
7980.52637 0.247237
7982.86133 0.198922
7985.19580 0.15958
7987.53027 0.128572
7989.86475 0.103725
7992.19922 0.0839802
7994.53369 0.068499
7996.86816 0.056222
7999.20312 0.0466274
8001.53760 0.0389319
8003.87207 0.0330575
8006.20654 0.0285287
8008.54102 0.0244317
8010.87549 0.0214104
8013.20996 0.0187109
8015.54492 0.0166677
8017.87939 0.0149629
8020.21387 0.0136189
8022.54834 0.012508
8024.88281 0.0114678
8027.21729 0.0105217
8029.55176 0.00964523
8031.88672 0.00905549
8034.22119 0.00838113
8036.55566 0.00788455
8038.89014 0.0073961
8041.22461 0.00691264
8043.55908 0.0065949
8045.89404 0.00624169
8048.22852 0.00608679
8853.05176 0.0
