threeML/data/optical_filters/LICK/LICK-f_4545_60.ecsv
# %ECSV 0.9
# ---
# datatype:
# - {name: wavelength, unit: Angstrom, datatype: float32}
# - {name: response, datatype: float32}
# meta: !!omap
# - {band_name: f_4545_60}
# - {group_name: LICK}
wavelength response
3960.63452 0.0
4400.70508 0.0013056
4401.87793 0.00174311
4403.05078 0.00169911
4404.22363 0.00148225
4405.39648 0.00163716
4406.56934 0.00175977
4407.74219 0.00158969
4408.91504 0.00162961
4410.08789 0.00165992
4411.26074 0.00177624
4412.43311 0.00184858
4413.60596 0.00179976
4414.77881 0.00166369
4415.95166 0.00167824
4417.12451 0.0018904
4418.29736 0.00183131
4419.47021 0.00187023
4420.64307 0.00189022
4421.81592 0.00177467
4422.98828 0.00186231
4424.16113 0.00197907
4425.33398 0.00210665
4426.50684 0.00192773
4427.67969 0.00193936
4428.85254 0.00217169
4430.02539 0.00196341
4431.19824 0.00207083
4432.37109 0.00230919
4433.54395 0.00196712
4434.71680 0.00210376
4435.88916 0.00211572
4437.06201 0.00216327
4438.23486 0.00218726
4439.40771 0.00210134
4440.58057 0.00218915
4441.75342 0.00229018
4442.92627 0.00222466
4444.09912 0.00242498
4445.27197 0.0025783
4446.44482 0.00241915
4447.61719 0.00244519
4448.79004 0.00251168
4449.96289 0.00243913
4451.13574 0.00249921
4452.30859 0.00252081
4453.48145 0.00258996
4454.65430 0.00275003
4455.82715 0.00267971
4457.00000 0.00267647
4458.17285 0.00293092
4459.34570 0.00294414
4460.51807 0.00292005
4461.69092 0.00325044
4462.86377 0.00330004
4464.03662 0.00320425
4465.20947 0.00343728
4466.38232 0.00352655
4467.55518 0.00366864
4468.72803 0.00375708
4469.90088 0.00391108
4471.07373 0.00404852
4472.24609 0.00431705
4473.41895 0.00442927
4474.59180 0.00470132
4475.76465 0.00482132
4476.93750 0.00506497
4478.11035 0.00546293
4479.28320 0.00566832
4480.45605 0.00608398
4481.62891 0.00653742
4482.80176 0.00721986
4483.97461 0.00757682
4485.14697 0.00818761
4486.31982 0.00897591
4487.49268 0.00951002
4488.66553 0.0104519
4489.83838 0.0117212
4491.01123 0.0130188
4492.18408 0.0146927
4493.35693 0.0164187
4494.52979 0.0185583
4495.70264 0.0210585
4496.87500 0.0239398
4498.04785 0.0281166
4499.22070 0.0324366
4500.39355 0.0377074
4501.56641 0.0439109
4502.73926 0.0516368
4503.91211 0.0619613
4505.08496 0.0737298
4506.25781 0.0880534
4507.43066 0.105229
4508.60352 0.127004
4509.77588 0.153422
4510.94873 0.185081
4512.12158 0.222513
4513.29443 0.26452
4514.46729 0.312524
4515.64014 0.36491
4516.81299 0.420017
4517.98584 0.472326
4519.15869 0.52316
4520.33154 0.567385
4521.50391 0.60419
4522.67676 0.633855
4523.84961 0.656208
4525.02246 0.672531
4526.19531 0.681945
4527.36816 0.688448
4528.54102 0.692714
4529.71387 0.695844
4530.88672 0.698442
4532.05957 0.70111
4533.23242 0.703156
4534.40479 0.705219
4535.57764 0.7096
4536.75049 0.713313
4537.92334 0.717006
4539.09619 0.720875
4540.26904 0.723458
4541.44189 0.724821
4542.61475 0.728267
4543.78760 0.730182
4544.95996 0.730444
4546.13281 0.733199
4547.30566 0.732287
4548.47852 0.731969
4549.65137 0.732675
4550.82422 0.734192
4551.99707 0.732529
4553.16992 0.73134
4554.34277 0.729461
4555.51562 0.727279
4556.68848 0.723241
4557.86133 0.717745
4559.03369 0.708296
4560.20654 0.693487
4561.37939 0.674032
4562.55225 0.649277
4563.72510 0.615123
4564.89795 0.575651
4566.07080 0.530314
4567.24365 0.480489
4568.41650 0.428948
4569.58887 0.378363
4570.76172 0.328651
4571.93457 0.283209
4573.10742 0.242728
4574.28027 0.206033
4575.45312 0.174575
4576.62598 0.148176
4577.79883 0.125618
4578.97168 0.106569
4580.14453 0.09072
4581.31738 0.0773669
4582.49023 0.0666462
4583.66260 0.0574081
4584.83545 0.0502297
4586.00830 0.0434314
4587.18115 0.0378147
4588.35400 0.0333302
4589.52686 0.0290027
4590.69971 0.0260008
4591.87256 0.0230934
4593.04541 0.0204369
4594.21777 0.0186667
4595.39062 0.0165417
4596.56348 0.0149839
4597.73633 0.0135023
4598.90918 0.0124095
4600.08203 0.0114064
4601.25488 0.010544
4602.42773 0.00950242
4603.60059 0.0087935
4604.77344 0.00826326
4605.94629 0.00761493
4607.11914 0.00703555
4608.29150 0.00665565
4609.46436 0.00625085
4610.63721 0.00586236
4611.81006 0.00539023
4612.98291 0.0050749
4614.15576 0.00494494
4615.32861 0.00460648
4616.50146 0.0043676
4617.67432 0.0041285
4618.84668 0.00396968
4620.01953 0.00386338
4621.19238 0.00360897
4622.36523 0.00342504
4623.53809 0.00327427
4624.71094 0.00312753
4625.88379 0.00299626
4627.05664 0.00278396
4628.22949 0.00285583
4629.40234 0.00286631
4630.57520 0.00260123
4631.74756 0.0025543
4632.92041 0.00254872
4634.09326 0.00237242
4635.26611 0.00230893
4636.43896 0.00237274
4637.61182 0.00238809
4638.78467 0.00223276
4639.95752 0.00215734
4641.13037 0.00208877
4642.30322 0.00201288
4643.47559 0.00197441
4644.64844 0.00186489
4645.82129 0.00196348
4646.99414 0.00187911
4648.16699 0.00186581
4649.33984 0.001831
4650.51270 0.00179055
4651.68555 0.00168786
4652.85840 0.00169573
4654.03125 0.00164702
4655.20410 0.00161087
4656.37646 0.00157765
4657.54932 0.00155113
4658.72217 0.00149741
4659.89502 0.00156322
4661.06787 0.00163935
4662.24072 0.00137085
4663.41357 0.00139741
4664.58643 0.00142575
4665.75928 0.00148498
4666.93213 0.00140038
4668.10449 0.00133331
4669.27734 0.00133809
4670.45020 0.00132399
4671.62305 0.00124695
4672.79590 0.00125776
4673.96875 0.0012178
4675.14160 0.00108098
4676.31445 0.00120975
4677.48730 0.00120237
4678.66016 0.0011895
4679.83301 0.00113709
4681.00537 0.00109275
4682.17822 0.00110679
4683.35107 0.00109857
4684.52393 0.00101631
4685.69678 0.00112651
4686.86963 0.000989543
4688.04248 0.00101475
4689.21533 0.00107512
4690.38818 0.000902176
4691.56104 0.000948668
4692.73340 0.000975063
4693.90625 0.00086154
4695.07910 0.000970434
4696.25195 0.000890837
4697.42480 0.000714475
4698.59766 0.000844941
4699.77051 0.00091525
5169.74756 0.0
