threeML/data/optical_filters/LICK/LICK-f_5780_65.ecsv
# %ECSV 0.9
# ---
# datatype:
# - {name: wavelength, unit: Angstrom, datatype: float32}
# - {name: response, datatype: float32}
# meta: !!omap
# - {band_name: f_5780_65}
# - {group_name: LICK}
wavelength response
4951.68359 0.0
5501.87061 0.0024005
5504.20361 0.00178778
5506.53711 0.00214314
5508.87061 0.00221536
5511.20361 0.00218899
5513.53711 0.00244218
5515.87012 0.00241535
5518.20361 0.00246752
5520.53711 0.00247892
5522.87012 0.00218361
5525.20361 0.00222492
5527.53662 0.00244257
5529.87012 0.0023485
5532.20361 0.00225426
5534.53662 0.00261302
5536.87012 0.00224749
5539.20312 0.00226473
5541.53662 0.00236202
5543.87012 0.00231816
5546.20312 0.00233251
5548.53662 0.00267309
5550.87012 0.00251095
5553.20312 0.00219044
5555.53662 0.00255675
5557.86963 0.0025128
5560.20312 0.00260924
5562.53662 0.0024855
5564.86963 0.00263357
5567.20312 0.00251673
5569.53613 0.00263008
5571.86963 0.0025425
5574.20312 0.00250166
5576.53613 0.00285493
5578.86963 0.0025615
5581.20264 0.00274681
5583.53613 0.00272188
5585.86963 0.00297465
5588.20264 0.00302759
5590.53613 0.00303926
5592.86963 0.00306549
5595.20264 0.00303236
5597.53613 0.00298943
5599.86914 0.00315733
5602.20264 0.00329103
5604.53613 0.003395
5606.86914 0.00351025
5609.20264 0.00385945
5611.53564 0.00386453
5613.86914 0.00397471
5616.20264 0.00404836
5618.53564 0.00410427
5620.86914 0.00412915
5623.20215 0.00439989
5625.53564 0.00449949
5627.86914 0.00486315
5630.20215 0.00488133
5632.53564 0.00527187
5634.86914 0.00513534
5637.20215 0.00551744
5639.53564 0.00576124
5641.86865 0.00605652
5644.20215 0.00640254
5646.53516 0.00654334
5648.86865 0.00684642
5651.20215 0.0071395
5653.53516 0.00746628
5655.86865 0.00781109
5658.20166 0.008172
5660.53516 0.00857839
5662.86865 0.00964755
5665.20166 0.0103937
5667.53516 0.0112652
5669.86816 0.0118053
5672.20166 0.0125269
5674.53516 0.0130665
5676.86816 0.0138462
5679.20166 0.0153253
5681.53516 0.0166838
5683.86816 0.0182863
5686.20166 0.0199502
5688.53467 0.0215734
5690.86816 0.0235892
5693.20166 0.0253577
5695.53467 0.0272878
5697.86816 0.0299684
5700.20117 0.0335605
5702.53467 0.0370043
5704.86816 0.041744
5707.20117 0.0463763
5709.53467 0.0512188
5711.86768 0.0577462
5714.20117 0.0645687
5716.53467 0.0722963
5718.86768 0.0819249
5721.20117 0.0931065
5723.53467 0.105013
5725.86768 0.120673
5728.20117 0.13732
5730.53418 0.157253
5732.86768 0.180694
5735.20117 0.207039
5737.53418 0.237345
5739.86768 0.270244
5742.20068 0.309631
5744.53418 0.35117
5746.86768 0.396946
5749.20068 0.448694
5751.53418 0.500682
5753.86719 0.551183
5756.20068 0.60121
5758.53418 0.645759
5760.86719 0.691374
5763.20068 0.72725
5765.53418 0.757557
5767.86719 0.783511
5770.20068 0.799829
5772.53369 0.808792
5774.86719 0.815178
5777.20068 0.816292
5779.53369 0.818888
5781.86719 0.820327
5784.20020 0.817631
5786.53369 0.809983
5788.86719 0.799859
5791.20020 0.788308
5793.53369 0.77388
5795.86670 0.756188
5798.20020 0.735067
5800.53369 0.709275
5802.86670 0.682601
5805.20020 0.651016
5807.53369 0.612591
5809.86670 0.568899
5812.20020 0.521925
5814.53320 0.475201
5816.86670 0.429927
5819.20020 0.387493
5821.53320 0.350522
5823.86670 0.317031
5826.19971 0.28413
5828.53320 0.253285
5830.86670 0.224919
5833.19971 0.19799
5835.53320 0.174855
5837.86621 0.155109
5840.19971 0.137048
5842.53320 0.123624
5844.86621 0.111049
5847.19971 0.10065
5849.53320 0.0901474
5851.86621 0.0812863
5854.19971 0.0726081
5856.53271 0.064757
5858.86621 0.0571953
5861.19971 0.0522371
5863.53271 0.0471087
5865.86621 0.043306
5868.19922 0.0397104
5870.53271 0.0369848
5872.86621 0.0344029
5875.19922 0.0314439
5877.53271 0.0283983
5879.86572 0.026114
5882.19922 0.0239716
5884.53271 0.0216574
5886.86572 0.0201202
5889.19922 0.0187332
5891.53271 0.01764
5893.86572 0.0166576
5896.19922 0.015627
5898.53223 0.0147489
5900.86572 0.0136196
5903.19922 0.0127653
5905.53223 0.0120228
5907.86572 0.0110641
5910.19873 0.0103905
5912.53223 0.00964396
5914.86572 0.00932474
5917.19873 0.00876128
5919.53223 0.00823523
5921.86523 0.00801684
5924.19873 0.00771502
5926.53223 0.0068064
5928.86523 0.00682166
5931.19873 0.00630726
5933.53223 0.00609224
5935.86523 0.00584829
5938.19873 0.00549897
5940.53174 0.00510433
5942.86523 0.00505815
5945.19873 0.00487769
5947.53174 0.00470018
5949.86523 0.00453221
5952.19824 0.00428362
5954.53174 0.00409586
5956.86523 0.00388255
5959.19824 0.003877
5961.53174 0.00376942
5963.86475 0.00336452
5966.19824 0.00330089
5968.53174 0.00328957
5970.86475 0.00313291
5973.19824 0.00306513
5975.53174 0.00283327
5977.86475 0.00288247
5980.19824 0.00291875
5982.53125 0.00267348
5984.86475 0.00257705
5987.19824 0.00241213
5989.53125 0.00235248
5991.86475 0.00228325
5994.19775 0.00229191
5996.53125 0.00216037
5998.86426 0.00213626
6001.19775 0.00209988
6003.53125 0.00191399
6005.86426 0.00188406
6008.19775 0.00182428
6010.53125 0.00193333
6012.86426 0.00181892
6015.19775 0.00166884
6017.53076 0.00171398
6019.86426 0.00152968
6022.19775 0.00157264
6024.53076 0.00155451
6026.86426 0.00146537
6029.19727 0.00152776
6031.53076 0.00151886
6033.86426 0.00153327
6036.19727 0.0013167
6038.53076 0.00124702
6040.86377 0.00125766
6043.19727 0.00120755
6045.53076 0.00117585
6047.86377 0.00116652
6652.65039 0.0
