threeML/data/optical_filters/LICK/LICK-f_6871_78.ecsv
# %ECSV 0.9
# ---
# datatype:
# - {name: wavelength, unit: Angstrom, datatype: float32}
# - {name: response, datatype: float32}
# meta: !!omap
# - {band_name: f_6871_78}
# - {group_name: LICK}
wavelength response
6075.07227 0.0
6750.08008 0.00280459
6752.42822 0.0028395
6754.77637 0.00294817
6757.12451 0.00301374
6759.47266 0.00304593
6761.82080 0.00311814
6764.16943 0.00325084
6766.51758 0.00330908
6768.86572 0.00345483
6771.21387 0.00368617
6773.56201 0.00396146
6775.91016 0.00420841
6778.25830 0.00457633
6780.60645 0.00499189
6782.95459 0.00539354
6785.30273 0.00592032
6787.65088 0.00661899
6789.99902 0.00727936
6792.34717 0.00818403
6794.69580 0.00929902
6797.04346 0.0107268
6799.39209 0.0124946
6801.74023 0.0146824
6804.08838 0.017445
6806.43652 0.0210929
6808.78467 0.026155
6811.13281 0.0324493
6813.48096 0.0410449
6815.82910 0.052227
6818.17725 0.0667181
6820.52539 0.0864577
6822.87354 0.11247
6825.22168 0.147217
6827.57031 0.193694
6829.91846 0.25235
6832.26660 0.325584
6834.61475 0.408842
6836.96289 0.493918
6839.31104 0.571625
6841.65918 0.634328
6844.00732 0.677231
6846.35547 0.706795
6848.70361 0.726597
6851.05176 0.739105
6853.39990 0.749991
6855.74805 0.759906
6858.09619 0.768671
6860.44482 0.7741
6862.79297 0.778078
6865.14111 0.779085
6867.48926 0.781271
6869.83740 0.779678
6872.18555 0.777276
6874.53369 0.771035
6876.88184 0.763801
6879.22998 0.754738
6881.57812 0.745316
6883.92627 0.737232
6886.27441 0.732159
6888.62256 0.72768
6890.97119 0.7236
6893.31934 0.713067
6895.66748 0.693474
6898.01562 0.657296
6900.36377 0.598678
6902.71191 0.52243
6905.06006 0.436187
6907.40820 0.349612
6909.75635 0.272208
6912.10449 0.208237
6914.45264 0.158423
6916.80078 0.120415
6919.14893 0.0919298
6921.49707 0.0713373
6923.84570 0.0560891
6926.19385 0.0447733
6928.54199 0.0363771
6930.89014 0.0299873
6933.23828 0.0249257
6935.58643 0.0211658
6937.93457 0.0181105
6940.28271 0.0157332
6942.63086 0.0138403
6944.97900 0.0122554
6947.32715 0.0109507
6949.67529 0.00999009
6952.02344 0.00908419
6954.37158 0.00843195
6956.72021 0.00783375
6959.06836 0.00719569
6961.41650 0.00658502
6963.76465 0.00605488
6966.11279 0.00558654
6968.46094 0.00516785
6970.80908 0.00477876
6973.15723 0.00444379
6975.50537 0.00413312
6977.85352 0.00387312
6980.20166 0.00364164
6982.54980 0.00344319
6984.89844 0.00325443
6987.24609 0.00312347
6989.59473 0.00307604
6991.94287 0.0029575
6994.29102 0.00279143
6996.63916 0.00277319
6998.98730 0.0026856
7698.88623 0.0
