threeML/data/optical_filters/LICK/LICK-f_8040_600.ecsv
# %ECSV 0.9
# ---
# datatype:
# - {name: wavelength, unit: Angstrom, datatype: float32}
# - {name: response, datatype: float32}
# meta: !!omap
# - {band_name: f_8040_600}
# - {group_name: LICK}
wavelength response
6571.35693 0.0
7301.50781 0.00591323
7303.85156 0.00607113
7306.19531 0.00615263
7308.53857 0.00626047
7310.88232 0.00638877
7313.22607 0.00635635
7315.56982 0.00643697
7317.91357 0.00652701
7320.25732 0.0065525
7322.60107 0.00671635
7324.94482 0.00688882
7327.28857 0.00701181
7329.63232 0.00714473
7331.97559 0.00724613
7334.31934 0.00732284
7336.66309 0.0073837
7339.00684 0.00741426
7341.35059 0.00749545
7343.69434 0.00764084
7346.03809 0.00776956
7348.38184 0.00789457
7350.72559 0.00813488
7353.06934 0.00826231
7355.41260 0.00836324
7357.75635 0.00851202
7360.10010 0.00862269
7362.44385 0.00870677
7364.78760 0.0088755
7367.13135 0.00905982
7369.47510 0.0092148
7371.81885 0.00948105
7374.16260 0.00954073
7376.50586 0.00973093
7378.84961 0.00979324
7381.19336 0.0100139
7383.53711 0.0101163
7385.88086 0.0102239
7388.22461 0.0105454
7390.56836 0.0107251
7392.91211 0.0109261
7395.25586 0.0111417
7397.59961 0.011343
7399.94287 0.0115512
7402.28662 0.0115981
7404.63037 0.0118741
7406.97412 0.0120788
7409.31787 0.0123393
7411.66162 0.0126162
7414.00537 0.0130251
7416.34912 0.0132687
7418.69287 0.0134198
7421.03662 0.0136643
7423.37988 0.0138074
7425.72363 0.0138899
7428.06738 0.0141327
7430.41113 0.0144937
7432.75488 0.0148964
7435.09863 0.0153461
7437.44238 0.0154879
7439.78613 0.0159726
7442.12988 0.0163267
7444.47363 0.0165426
7446.81689 0.0167063
7449.16064 0.0169801
7451.50439 0.0172491
7453.84814 0.017596
7456.19189 0.0180352
7458.53564 0.0184785
7460.87939 0.0189643
7463.22314 0.0194249
7465.56689 0.0199636
7467.91016 0.0203154
7470.25391 0.0208157
7472.59766 0.021218
7474.94141 0.0216482
7477.28516 0.0219518
7479.62891 0.0221766
7481.97266 0.0225308
7484.31641 0.0228007
7486.66016 0.0238745
7489.00391 0.023995
7491.34717 0.0244144
7493.69092 0.0253581
7496.03467 0.0258031
7498.37842 0.0262833
7500.72217 0.0269741
7503.06592 0.0277932
7505.40967 0.028608
7507.75342 0.0292813
7510.09717 0.0301198
7512.44092 0.0309502
7514.78418 0.0317108
7517.12793 0.0325197
7519.47168 0.0331474
7521.81543 0.0336894
7524.15918 0.0342693
7526.50293 0.0349067
7528.84668 0.0357033
7531.19043 0.0366279
7533.53418 0.0375872
7535.87793 0.038614
7538.22119 0.0397168
7540.56494 0.0411466
7542.90869 0.0421962
7545.25244 0.043407
7547.59619 0.0444699
7549.93994 0.0455074
7552.28369 0.0468745
7554.62744 0.0482785
7556.97119 0.0493161
7559.31494 0.0506578
7561.65820 0.0517728
7564.00195 0.0528982
7566.34570 0.0542118
7568.68945 0.0557413
7571.03320 0.0573418
7573.37695 0.0589382
7575.72070 0.060355
7578.06445 0.0619513
7580.40820 0.0638824
7582.75146 0.0654907
7585.09521 0.0672863
7587.43896 0.069185
7589.78271 0.07105
7592.12646 0.0734442
7594.47021 0.0762066
7596.81396 0.0786803
7599.15771 0.0812106
7601.50146 0.083469
7603.84521 0.0860263
7606.18848 0.0883889
7608.53223 0.0912094
7610.87598 0.0940457
7613.21973 0.0966921
7615.56348 0.0992041
7617.90723 0.102477
7620.25098 0.106248
7622.59473 0.109945
7624.93848 0.113092
7627.28223 0.116673
7629.62549 0.121068
7631.96924 0.123624
7634.31299 0.129042
7636.65674 0.131221
7639.00049 0.136462
7641.34424 0.139195
7643.68799 0.144659
7646.03174 0.147424
7648.37549 0.153734
7650.71924 0.156963
7653.06250 0.163679
7655.40625 0.167871
7657.75000 0.174571
7660.09375 0.179325
7662.43750 0.185996
7664.78125 0.191898
7667.12500 0.198828
7669.46875 0.205548
7671.81250 0.212532
7674.15576 0.219673
7676.49951 0.22689
7678.84326 0.233356
7681.18701 0.240362
7683.53076 0.247674
7685.87451 0.25535
7688.21826 0.263261
7690.56201 0.271037
7692.90576 0.278671
7695.24951 0.287429
7697.59277 0.296155
7699.93652 0.305325
7702.28027 0.315391
7704.62402 0.325915
7706.96777 0.336228
7709.31152 0.346009
7711.65527 0.354981
7713.99902 0.36384
7716.34277 0.372606
7718.68652 0.382055
7721.02979 0.391467
7723.37354 0.402456
7725.71729 0.414916
7728.06104 0.425984
7730.40479 0.436794
7732.74854 0.448258
7735.09229 0.458347
7737.43604 0.467234
7739.77979 0.475835
7742.12354 0.485995
7744.46680 0.495674
7746.81055 0.504666
7749.15430 0.513726
7751.49805 0.523422
7753.84180 0.532795
7756.18555 0.541574
7758.52930 0.551804
7760.87305 0.561521
7763.21680 0.571682
7765.56006 0.581182
7767.90381 0.589163
7770.24756 0.597816
7772.59131 0.604086
7774.93506 0.609128
7777.27881 0.614159
7779.62256 0.617881
7781.96631 0.623573
7784.31006 0.629983
7786.65381 0.635779
7788.99707 0.641581
7791.34082 0.64787
7793.68457 0.652534
7796.02832 0.656673
7798.37207 0.661768
7800.71582 0.66554
7803.05957 0.668567
7805.40332 0.669397
7807.74707 0.6688
7810.09082 0.671674
7812.43408 0.674767
7814.77783 0.675836
7817.12158 0.679135
7819.46533 0.682317
7821.80908 0.685906
7824.15283 0.686861
7826.49658 0.688198
7828.84033 0.688113
7831.18408 0.687652
7833.52783 0.688511
7835.87109 0.687587
7838.21484 0.686855
7840.55859 0.687554
7842.90234 0.686861
7845.24609 0.686792
7847.58984 0.685585
7849.93359 0.684354
7852.27734 0.682097
7854.62109 0.681234
7856.96484 0.680762
7859.30811 0.680182
7861.65186 0.68189
7863.99561 0.68235
7866.33936 0.683966
7868.68311 0.684969
7871.02686 0.685105
7873.37061 0.683442
7875.71436 0.681302
7878.05811 0.678356
7880.40137 0.675805
7882.74512 0.674246
7885.08887 0.67461
7887.43262 0.674848
7889.77637 0.676632
7892.12012 0.676991
7894.46387 0.676938
7896.80762 0.677879
7899.15137 0.677524
7901.49512 0.677158
7903.83838 0.677158
7906.18213 0.677245
7908.52588 0.676392
7910.86963 0.676213
7913.21338 0.675636
7915.55713 0.673784
7917.90088 0.671133
7920.24463 0.667797
7922.58838 0.668322
7924.93213 0.667759
7927.27539 0.669032
7929.61914 0.66959
7931.96289 0.669033
7934.30664 0.669629
7936.65039 0.670734
7938.99414 0.672092
7941.33789 0.673233
7943.68164 0.672524
7946.02539 0.673212
7948.36914 0.673379
7950.71240 0.673672
7953.05615 0.674232
7955.39990 0.673366
7957.74365 0.673833
7960.08740 0.675074
7962.43115 0.673116
7964.77490 0.674093
7967.11865 0.67378
7969.46240 0.672915
7971.80566 0.673263
7974.14941 0.672307
7976.49316 0.670902
7978.83691 0.670212
7981.18066 0.66884
7983.52441 0.668079
7985.86816 0.668504
7988.21191 0.669177
7990.55566 0.670902
7992.89941 0.672846
7995.24268 0.672758
7997.58643 0.675127
7999.93018 0.676536
8002.27393 0.677578
8004.61768 0.677071
8006.96143 0.676007
8009.30518 0.675051
8011.64893 0.673374
8013.99268 0.672442
8016.33643 0.672044
8018.67969 0.670429
8021.02344 0.669009
8023.36719 0.669297
8025.71094 0.670946
8028.05469 0.671992
8030.39844 0.67231
8032.74219 0.671955
8035.08594 0.673396
8037.42969 0.674225
8039.77344 0.674054
8042.11670 0.674303
8044.46045 0.672748
8046.80420 0.670326
8049.14795 0.667208
8051.49170 0.664916
8053.83545 0.664062
8056.17920 0.663181
8058.52295 0.662221
8060.86670 0.661786
8063.20996 0.661519
8065.55371 0.661742
8067.89746 0.663458
8070.24121 0.663749
8072.58496 0.663024
8074.92871 0.661806
8077.27246 0.6607
8079.61621 0.660322
8081.95996 0.658614
8084.30371 0.656778
8086.64697 0.65535
8088.99072 0.654157
8091.33447 0.652841
8093.67822 0.649707
8096.02197 0.646715
8098.36572 0.643949
8100.70947 0.641099
8103.05322 0.638591
8105.39697 0.636895
8107.74072 0.635646
8110.08398 0.633765
8112.42773 0.632985
8114.77148 0.632129
8117.11523 0.630993
8119.45898 0.630609
8121.80273 0.629364
8124.14648 0.626965
8126.49023 0.62609
8128.83398 0.625636
8131.17773 0.623797
8133.52100 0.621293
8135.86475 0.618524
8138.20850 0.617232
8140.55225 0.614927
8142.89600 0.612971
8145.23975 0.61362
8147.58350 0.612655
8149.92725 0.611476
8152.27100 0.611609
8154.61426 0.610369
8156.95801 0.608464
8159.30176 0.609074
8161.64551 0.607753
8163.98926 0.604331
8166.33301 0.602088
8168.67676 0.601593
8171.02051 0.599041
8173.36426 0.596229
8175.70801 0.594678
8178.05127 0.591213
8180.39502 0.589757
8182.73877 0.58635
8185.08252 0.585639
8187.42627 0.583342
8189.77002 0.579787
8192.11328 0.57866
8194.45703 0.577789
8196.80078 0.576451
8199.14453 0.576534
8201.48828 0.576539
8203.83203 0.576658
8206.17578 0.576942
8208.51953 0.577057
8210.86328 0.575996
8213.20703 0.574707
8215.55078 0.575127
8217.89453 0.573236
8220.23828 0.571504
8222.58203 0.569208
8224.92578 0.566555
8227.26953 0.560924
8229.61328 0.558118
8231.95605 0.555811
8234.29980 0.555215
8236.64355 0.558392
8238.98730 0.560372
8241.33105 0.560091
8243.67480 0.558585
8246.01855 0.55773
8248.36230 0.556608
8250.70605 0.555751
8253.04980 0.554301
8255.39355 0.55285
8257.73730 0.550067
8260.08105 0.547961
8262.42480 0.545792
8264.76855 0.543032
8267.11230 0.541157
8269.45605 0.538939
8271.79980 0.538098
8274.14355 0.537249
8276.48633 0.535667
8278.83008 0.534747
8281.17383 0.532852
8283.51758 0.530791
8285.86133 0.531587
8288.20508 0.531157
8290.54883 0.52912
8292.89258 0.527828
8295.23633 0.526497
8297.58008 0.524518
8299.92383 0.521618
8302.26758 0.517674
8304.61133 0.513667
8306.95508 0.509752
8309.29883 0.505964
8311.64258 0.502327
8313.98633 0.498913
8316.33008 0.495677
8318.67383 0.49286
8321.01758 0.4904
8323.36035 0.488236
8325.70410 0.486649
8328.04785 0.48571
8330.39160 0.484237
8332.73535 0.480729
8335.07910 0.476244
8337.42285 0.472116
8339.76660 0.468479
8342.11035 0.464233
8344.45410 0.459759
8346.79785 0.454883
8349.14160 0.450604
8351.48535 0.445539
8353.82910 0.439656
8356.17285 0.433762
8358.51660 0.428299
8360.86035 0.423308
8363.20410 0.418086
8365.54785 0.411691
8367.89062 0.405211
8370.23438 0.398935
8372.57812 0.393311
8374.92188 0.386199
8377.26562 0.380323
8379.60938 0.372558
8381.95312 0.366932
8384.29688 0.360776
8386.64062 0.35426
8388.98438 0.349344
8391.32812 0.343348
8393.67188 0.337453
8396.01562 0.331838
8398.35938 0.325001
8400.70312 0.319392
8403.04688 0.313095
8405.39062 0.306461
8407.73438 0.300958
8410.07812 0.29471
8412.42188 0.288804
8414.76465 0.283003
8417.10840 0.275792
8419.45215 0.270438
8421.79590 0.264883
8424.13965 0.258765
8426.48340 0.252906
8428.82715 0.246775
8431.17090 0.241733
8433.51465 0.235861
8435.85840 0.2303
8438.20215 0.225043
8440.54590 0.219329
8442.88965 0.214606
8445.23340 0.208089
8447.57715 0.202706
8449.92090 0.19788
8452.26465 0.192611
8454.60840 0.188149
8456.95215 0.182654
8459.29492 0.1775
8461.63867 0.172284
8463.98242 0.166942
8466.32617 0.162369
8468.66992 0.157623
8471.01367 0.154333
8473.35742 0.151552
8475.70117 0.148452
8478.04492 0.145166
8480.38867 0.141327
8482.73242 0.138364
8485.07617 0.134714
8487.41992 0.131018
8489.76367 0.127481
8492.10742 0.123303
8494.45117 0.120612
8496.79492 0.117634
8499.13867 0.114407
8501.48242 0.11109
8503.82617 0.107289
8506.16895 0.104523
8508.51270 0.101385
8510.85645 0.098447
8513.20020 0.0958385
8515.54395 0.0933626
8517.88770 0.0913041
8520.23145 0.0888721
8522.57520 0.0866133
8524.91895 0.0844019
8527.26270 0.0820987
8529.60645 0.0797579
8531.95020 0.078197
8534.29395 0.0766917
8536.63770 0.0751072
8538.98145 0.0735549
8541.32520 0.0714916
8543.66895 0.070257
8546.01270 0.0688384
8548.35645 0.0674369
8550.69922 0.0660317
8553.04297 0.0641691
8555.38672 0.0629836
8557.73047 0.0613907
8560.07422 0.0598161
8562.41797 0.0580186
8564.76172 0.057125
8567.10547 0.0555644
8569.44922 0.0542715
8571.79297 0.0531552
8574.13672 0.051692
8576.48047 0.0506095
8578.82422 0.048758
8581.16797 0.0473334
8583.51172 0.0458971
8585.85547 0.044987
8588.19922 0.0437893
8590.54297 0.043018
8592.88672 0.0422046
8595.23047 0.0416783
8597.57324 0.040883
8599.91699 0.0402957
8602.26074 0.039881
8604.60449 0.0389207
8606.94824 0.038378
8609.29199 0.0375735
8611.63574 0.0368886
8613.97949 0.0360319
8616.32324 0.0354982
8618.66699 0.0348258
8621.01074 0.0345673
8623.35449 0.0338186
8625.69824 0.0331409
8628.04199 0.0324404
8630.38574 0.0316432
8632.72949 0.0305559
8635.07324 0.0295697
8637.41699 0.0286789
8639.76074 0.0278316
8642.10352 0.0272643
8644.44727 0.0266433
8646.79102 0.0259102
8649.13477 0.0255298
8651.47852 0.0251415
8653.82227 0.0246086
8656.16602 0.024246
8658.50977 0.0239442
8660.85352 0.0239397
8663.19727 0.0237756
8665.54102 0.0234441
8667.88477 0.0231703
8670.22852 0.0228949
8672.57227 0.0227191
8674.91602 0.0224059
8677.25977 0.0219688
8679.60352 0.0214647
8681.94727 0.0211488
8684.29102 0.0207277
8686.63477 0.0203006
8688.97754 0.0198065
8691.32129 0.0193388
8693.66504 0.0188348
8696.00879 0.0185918
8698.35254 0.0181074
8700.69629 0.0175659
8703.04004 0.0171318
8705.38379 0.0168456
8707.72754 0.0164801
8710.07129 0.0160915
8712.41504 0.015986
8714.75879 0.0156888
8717.10254 0.0155573
8719.44629 0.0154198
8721.79004 0.015109
8724.13379 0.0150962
8726.47754 0.0149277
8728.82129 0.0150962
8731.16504 0.0150513
8733.50781 0.0150577
8735.85156 0.0150276
8738.19531 0.0146968
8740.53906 0.014515
8742.88281 0.0143032
8745.22656 0.013637
8747.57031 0.0133297
8749.91406 0.0128781
8752.25781 0.0124805
8754.60156 0.0122119
8756.94531 0.0119666
8759.28906 0.0117995
8761.63281 0.0116314
8763.97656 0.0114406
8766.32031 0.0113073
8768.66406 0.0110947
8771.00781 0.0109688
8773.35156 0.0109033
8775.69531 0.0108989
8778.03906 0.0109577
8780.38184 0.0108799
8782.72559 0.010971
8785.06934 0.0109083
8787.41309 0.0107516
8789.75684 0.0106366
8792.10059 0.010516
8794.44434 0.0105038
8796.78809 0.0105584
8799.13184 0.0103356
9679.04492 0.0
