threeML/data/optical_filters/LICK/LICK-f_6781_78.ecsv
# %ECSV 0.9
# ---
# datatype:
# - {name: wavelength, unit: Angstrom, datatype: float32}
# - {name: response, datatype: float32}
# meta: !!omap
# - {band_name: f_6781_78}
# - {group_name: LICK}
wavelength response
5986.31104 0.0
6651.45654 0.00293468
6653.80469 0.00293768
6656.15283 0.00307518
6658.50098 0.00308745
6660.84912 0.00325877
6663.19727 0.00333094
6665.54541 0.00338523
6667.89404 0.00346868
6670.24219 0.00364924
6672.59033 0.00383201
6674.93848 0.00408782
6677.28662 0.00423159
6679.63477 0.00447378
6681.98291 0.00483094
6684.33105 0.00504437
6686.67920 0.00541823
6689.02734 0.00595698
6691.37549 0.00659753
6693.72363 0.00715045
6696.07178 0.00794523
6698.42041 0.0088319
6700.76807 0.00995583
6703.11670 0.0111668
6705.46484 0.0127887
6707.81299 0.0146926
6710.16113 0.0167966
6712.50928 0.0195316
6714.85742 0.0230141
6717.20557 0.0272347
6719.55371 0.0328018
6721.90186 0.039615
6724.25000 0.0486362
6726.59814 0.0599431
6728.94629 0.0744675
6731.29492 0.0928339
6733.64307 0.116569
6735.99121 0.146469
6738.33936 0.184891
6740.68750 0.232251
6743.03564 0.289173
6745.38379 0.354971
6747.73193 0.425668
6750.08008 0.496875
6752.42822 0.565207
6754.77637 0.622568
6757.12451 0.666122
6759.47266 0.697582
6761.82080 0.715434
6764.16943 0.723934
6766.51758 0.725972
6768.86572 0.726057
6771.21387 0.725362
6773.56201 0.723697
6775.91016 0.722842
6778.25830 0.721165
6780.60645 0.721343
6782.95459 0.718368
6785.30273 0.715883
6787.65088 0.714484
6789.99902 0.710622
6792.34717 0.706418
6794.69580 0.701611
6797.04346 0.697869
6799.39209 0.692972
6801.74023 0.690998
6804.08838 0.690493
6806.43652 0.690461
6808.78467 0.690163
6811.13281 0.686097
6813.48096 0.677981
6815.82910 0.664252
6818.17725 0.639896
6820.52539 0.603847
6822.87354 0.555642
6825.22168 0.496893
6827.57031 0.431802
6829.91846 0.366349
6832.26660 0.303651
6834.61475 0.24809
6836.96289 0.200248
6839.31104 0.161125
6841.65918 0.129447
6844.00732 0.104464
6846.35547 0.0846605
6848.70361 0.0692726
6851.05176 0.0572233
6853.39990 0.0475087
6855.74805 0.0398373
6858.09619 0.0339082
6860.44482 0.0289397
6862.79297 0.025129
6865.14111 0.0219508
6867.48926 0.0192191
6869.83740 0.0170698
6872.18555 0.0152494
6874.53369 0.0136976
6876.88184 0.0123583
6879.22998 0.011091
6881.57812 0.0100677
6883.92627 0.00919516
6886.27441 0.00841824
6888.62256 0.00777521
6890.97119 0.00712806
6893.31934 0.00660736
6895.66748 0.00615607
6898.01562 0.00566568
6900.36377 0.00519043
6902.71191 0.00482209
6905.06006 0.00450907
6907.40820 0.00427523
6909.75635 0.00392576
6912.10449 0.00378404
6914.45264 0.00351468
6916.80078 0.0033319
6919.14893 0.0031286
6921.49707 0.00295406
6923.84570 0.00286114
6926.19385 0.00275525
6928.54199 0.00268924
6930.89014 0.00258921
6933.23828 0.00246631
6935.58643 0.00237291
6937.93457 0.00235957
6940.28271 0.00224724
6942.63086 0.00215506
6944.97900 0.00202682
6947.32715 0.00196661
6949.67529 0.00193865
7644.64307 0.0
