threeML/data/optical_filters/LICK/LICK-f_5682_65.ecsv
# %ECSV 0.9
# ---
# datatype:
# - {name: wavelength, unit: Angstrom, datatype: float32}
# - {name: response, datatype: float32}
# meta: !!omap
# - {band_name: f_5682_65}
# - {group_name: LICK}
wavelength response
4995.78320 0.0
5550.87012 0.00212055
5553.20312 0.00182431
5555.53662 0.00223767
5557.86963 0.00199944
5560.20312 0.00203065
5562.53662 0.00215528
5564.86963 0.00232111
5567.20312 0.00221969
5569.53613 0.00221562
5571.86963 0.00214489
5574.20312 0.00219862
5576.53613 0.00249582
5578.86963 0.0024428
5581.20264 0.00254335
5583.53613 0.00263619
5585.86963 0.0026991
5588.20264 0.00306042
5590.53613 0.00292283
5592.86963 0.00302738
5595.20264 0.00306783
5597.53613 0.0035287
5599.86914 0.00368276
5602.20264 0.00418393
5604.53613 0.00430388
5606.86914 0.00501885
5609.20264 0.00552241
5611.53564 0.00580187
5613.86914 0.00671098
5616.20264 0.00756777
5618.53564 0.00876378
5620.86914 0.0108153
5623.20215 0.0126718
5625.53564 0.0152666
5627.86914 0.0192073
5630.20215 0.0242136
5632.53564 0.0310415
5634.86914 0.0401136
5637.20215 0.0532872
5639.53564 0.0710169
5641.86865 0.0965116
5644.20215 0.130665
5646.53516 0.177394
5648.86865 0.234155
5651.20215 0.304925
5653.53516 0.383275
5655.86865 0.454675
5658.20166 0.519706
5660.53516 0.565447
5662.86865 0.592457
5665.20166 0.60809
5667.53516 0.614368
5669.86816 0.616436
5672.20166 0.619578
5674.53516 0.619392
5676.86816 0.620678
5679.20166 0.621022
5681.53516 0.621377
5683.86816 0.620352
5686.20166 0.618118
5688.53467 0.616104
5690.86816 0.614863
5693.20166 0.61244
5695.53467 0.611573
5697.86816 0.607323
5700.20117 0.59963
5702.53467 0.584143
5704.86816 0.552169
5707.20117 0.503496
5709.53467 0.433456
5711.86768 0.358443
5714.20117 0.282683
5716.53467 0.215711
5718.86768 0.161693
5721.20117 0.120337
5723.53467 0.0899822
5725.86768 0.0687577
5728.20117 0.0518589
5730.53418 0.040695
5732.86768 0.0321094
5735.20117 0.025818
5737.53418 0.0208004
5739.86768 0.0173707
5742.20068 0.0149385
5744.53418 0.0127555
5746.86768 0.0108951
5749.20068 0.00972063
5751.53418 0.00847895
5753.86719 0.00774617
5756.20068 0.00715523
5758.53418 0.00625439
5760.86719 0.00574972
5763.20068 0.00549006
5765.53418 0.00488949
5767.86719 0.0046391
5770.20068 0.00395825
5772.53369 0.00390622
5774.86719 0.00363158
5777.20068 0.00350534
5779.53369 0.00315356
5781.86719 0.00310239
5784.20020 0.00264051
5786.53369 0.002656
5788.86719 0.00254504
5791.20020 0.00230888
5793.53369 0.00236644
5795.86670 0.00208694
5798.20020 0.0020582
6378.02002 0.0
