threeML/data/optical_filters/LICK/LICK-f_6500_700.ecsv
# %ECSV 0.9
# ---
# datatype:
# - {name: wavelength, unit: Angstrom, datatype: float32}
# - {name: response, datatype: float32}
# meta: !!omap
# - {band_name: f_6500_700}
# - {group_name: LICK}
wavelength response
5535.35010 0.0
6150.38916 0.0179069
6152.72412 0.0181585
6155.05908 0.0184535
6157.39453 0.0186923
6159.72949 0.0188603
6162.06445 0.0191928
6164.39941 0.019479
6166.73438 0.0198869
6169.06982 0.0199681
6171.40479 0.0204267
6173.73975 0.0208515
6176.07520 0.0211561
6178.41016 0.021484
6180.74512 0.0218881
6183.08008 0.0223154
6185.41553 0.0230429
6187.75049 0.023491
6190.08545 0.0238659
6192.42041 0.0243239
6194.75537 0.0247823
6197.09082 0.0251901
6199.42578 0.0259499
6201.76074 0.0265952
6204.09570 0.0272718
6206.43115 0.0278506
6208.76611 0.0285345
6211.10107 0.0292716
6213.43604 0.0299269
6215.77148 0.0307309
6218.10645 0.0315852
6220.44141 0.032394
6222.77637 0.0333108
6225.11182 0.0344115
6227.44678 0.0353794
6229.78174 0.0364968
6232.11670 0.0373427
6234.45166 0.0386518
6236.78711 0.0397977
6239.12207 0.0409037
6241.45703 0.0424907
6243.79199 0.0438427
6246.12744 0.045369
6248.46240 0.0468115
6250.79736 0.0486979
6253.13232 0.0502941
6255.46777 0.05231
6257.80273 0.0544879
6260.13770 0.056741
6262.47266 0.0589397
6264.80811 0.0611609
6267.14307 0.0637165
6269.47803 0.066287
6271.81299 0.0692062
6274.14844 0.072207
6276.48340 0.0760882
6278.81836 0.0788925
6281.15332 0.0826307
6283.48877 0.086654
6285.82373 0.0902883
6288.15869 0.0939789
6290.49365 0.0988164
6292.82910 0.103342
6295.16406 0.108309
6297.49902 0.113222
6299.83398 0.118669
6302.16943 0.123922
6304.50439 0.129638
6306.83936 0.136434
6309.17432 0.142289
6311.50928 0.149189
6313.84473 0.156644
6316.17969 0.163423
6318.51465 0.171249
6320.84961 0.178967
6323.18506 0.187016
6325.52002 0.195087
6327.85498 0.203686
6330.18994 0.212574
6332.52539 0.220803
6334.86035 0.230091
6337.19531 0.238909
6339.53027 0.248475
6341.86572 0.257133
6344.20068 0.266273
6346.53564 0.274167
6348.87061 0.282773
6351.20557 0.291307
6353.54102 0.299525
6355.87598 0.307391
6358.21094 0.315401
6360.54590 0.32228
6362.88135 0.329129
6365.21631 0.336652
6367.55127 0.343395
6369.88672 0.349226
6372.22168 0.355437
6374.55664 0.360303
6376.89160 0.366242
6379.22656 0.370749
6381.56201 0.375471
6383.89697 0.379353
6386.23193 0.383139
6388.56689 0.387676
6390.90234 0.391741
6393.23730 0.39525
6395.57227 0.397673
6397.90723 0.401038
6400.24268 0.404074
6402.57764 0.406139
6404.91260 0.408058
6407.24756 0.410707
6409.58301 0.413282
6411.91797 0.414776
6414.25293 0.416482
6416.58789 0.41757
6418.92334 0.418899
6421.25830 0.420598
6423.59326 0.421925
6425.92822 0.42357
6428.26318 0.425158
6430.59863 0.427407
6432.93359 0.428808
6435.26855 0.430467
6437.60352 0.431918
6439.93896 0.432749
6442.27393 0.433913
6444.60889 0.435043
6446.94385 0.437077
6449.27930 0.438039
6451.61426 0.439971
6453.94922 0.441388
6456.28418 0.441817
6458.61963 0.443629
6460.95459 0.44429
6463.28955 0.444749
6465.62451 0.445446
6467.95947 0.446644
6470.29492 0.448148
6472.62988 0.448668
6474.96484 0.449809
6477.30029 0.450863
6479.63525 0.451428
6481.97021 0.452135
6484.30518 0.452387
6486.64062 0.452741
6488.97559 0.452739
6491.31055 0.453159
6493.64551 0.453169
6495.98047 0.453398
6498.31592 0.453856
6500.65088 0.454222
6502.98584 0.452344
6505.32080 0.451962
6507.65625 0.45211
6509.99121 0.450543
6512.32617 0.449859
6514.66113 0.449863
6516.99658 0.448205
6519.33154 0.446858
6521.66650 0.446756
6524.00146 0.445569
6526.33691 0.444151
6528.67188 0.442566
6531.00684 0.441315
6533.34180 0.439489
6535.67676 0.437568
6538.01221 0.436292
6540.34717 0.434798
6542.68213 0.432831
6545.01709 0.431014
6547.35254 0.428607
6549.68750 0.426662
6552.02246 0.426129
6554.35742 0.423995
6556.69287 0.421683
6559.02783 0.419919
6561.36279 0.418102
6563.69775 0.416077
6566.03320 0.413643
6568.36816 0.411759
6570.70312 0.408946
6573.03809 0.406487
6575.37354 0.405059
6577.70850 0.403499
6580.04346 0.400835
6582.37842 0.398218
6584.71387 0.397193
6587.04883 0.395424
6589.38379 0.393095
6591.71875 0.391419
6594.05420 0.389941
6596.38916 0.38865
6598.72412 0.3868
6601.05908 0.384518
6603.39453 0.38281
6605.72949 0.381028
6608.06445 0.379434
6610.39941 0.377834
6612.73438 0.375895
6615.06982 0.374457
6617.40479 0.372229
6619.73975 0.369737
6622.07471 0.368045
6624.41016 0.365836
6626.74512 0.363147
6629.08008 0.360893
6631.41504 0.358121
6633.75049 0.356111
6636.08545 0.3533
6638.42041 0.350076
6640.75537 0.346843
6643.09082 0.343402
6645.42578 0.339756
6647.76074 0.33609
6650.09570 0.331676
6652.43066 0.326807
6654.76611 0.322786
6657.10107 0.317904
6659.43604 0.312868
6661.77100 0.30774
6664.10645 0.30197
6666.44141 0.296197
6668.77637 0.290174
6671.11133 0.283213
6673.44678 0.277323
6675.78174 0.271319
6678.11670 0.264386
6680.45166 0.257769
6682.78711 0.250301
6685.12207 0.243158
6687.45703 0.236313
6689.79199 0.229755
6692.12744 0.222485
6694.46240 0.215512
6696.79736 0.208541
6699.13232 0.202057
6701.46777 0.194797
6703.80273 0.188002
6706.13770 0.181176
6708.47266 0.173832
6710.80811 0.166874
6713.14307 0.160686
6715.47803 0.153569
6717.81299 0.147657
6720.14844 0.141414
6722.48340 0.136069
6724.81836 0.129902
6727.15332 0.124382
6729.48828 0.118651
6731.82373 0.113554
6734.15869 0.108265
6736.49365 0.103605
6738.82861 0.0988207
6741.16406 0.0945737
6743.49902 0.0906616
6745.83398 0.0867701
6748.16895 0.0828243
6750.50439 0.0792599
6752.83936 0.0756949
6755.17432 0.072481
6757.50928 0.0695507
6759.84473 0.0662978
6762.17969 0.0636621
6764.51465 0.0608783
6766.84961 0.0583474
6769.18457 0.0560275
6771.52002 0.0540846
6773.85498 0.052118
6776.18994 0.0498244
6778.52490 0.0480929
6780.86035 0.0464698
6783.19531 0.0445549
6785.53027 0.0430895
6787.86572 0.0413938
6790.20068 0.0395337
6792.53564 0.0381319
6794.87061 0.0365425
6797.20557 0.0352348
6799.54102 0.034005
6801.87598 0.0327951
6804.21094 0.0316242
6806.54590 0.0305463
6808.88135 0.0295325
6811.21631 0.0284432
6813.55127 0.0274884
6815.88623 0.026721
6818.22168 0.0258327
6820.55664 0.0248933
6822.89160 0.0242746
6825.22656 0.0236383
6827.56201 0.0228665
6829.89697 0.022003
6832.23193 0.0212992
6834.56689 0.0208162
6836.90234 0.0202458
6839.23730 0.019761
6841.57227 0.0191726
6843.90723 0.0186388
6846.24219 0.0181718
6848.57764 0.0178135
7533.43555 0.0
