threeML/data/optical_filters/LICK/LICK-f_5000_100.ecsv
# %ECSV 0.9
# ---
# datatype:
# - {name: wavelength, unit: Angstrom, datatype: float32}
# - {name: response, datatype: float32}
# meta: !!omap
# - {band_name: f_5000_100}
# - {group_name: LICK}
wavelength response
4366.07031 0.0
4851.18945 0.00196373
4853.49805 0.00229578
4855.80664 0.00250558
4858.11523 0.00262427
4860.42383 0.00245707
4862.73242 0.00229607
4865.04102 0.00276857
4867.34961 0.00260025
4869.65820 0.00295354
4871.96680 0.00298341
4874.27539 0.00323115
4876.58398 0.00366639
4878.89258 0.00351711
4881.20117 0.00390576
4883.50977 0.00388798
4885.81836 0.00468973
4888.12695 0.00484522
4890.43555 0.005148
4892.74414 0.00564943
4895.05273 0.00638781
4897.36133 0.00675216
4899.66992 0.00766052
4901.97852 0.00868338
4904.28711 0.00987196
4906.59570 0.0111484
4908.90430 0.0128538
4911.21289 0.0153952
4913.52148 0.0175519
4915.83008 0.0207993
4918.13867 0.0251933
4920.44727 0.0305314
4922.75586 0.0374066
4925.06445 0.0461788
4927.37305 0.0575592
4929.68164 0.0715913
4931.99023 0.0907729
4934.29883 0.11505
4936.60742 0.144068
4938.91602 0.182233
4941.22461 0.226168
4943.53320 0.27354
4945.84180 0.319781
4948.15039 0.360347
4950.45898 0.392247
4952.76758 0.417025
4955.07617 0.427181
4957.38477 0.433066
4959.69336 0.43677
4962.00195 0.436426
4964.31055 0.43365
4966.61914 0.429038
4968.92773 0.43037
4971.23633 0.430847
4973.54492 0.428521
4975.85352 0.430571
4978.16211 0.434401
4980.47070 0.439152
4982.77930 0.442278
4985.08789 0.441826
4987.39648 0.4479
4989.70508 0.451666
4992.01367 0.451534
4994.32227 0.451167
4996.63086 0.449712
4998.93945 0.447207
5001.24805 0.447247
5003.55664 0.444514
5005.86523 0.440743
5008.17383 0.441055
5010.48242 0.439855
5012.79102 0.437607
5015.09961 0.440267
5017.40820 0.441558
5019.71680 0.444362
5022.02539 0.445881
5024.33398 0.443822
5026.64258 0.441595
5028.95117 0.435929
5031.25977 0.421568
5033.56836 0.400108
5035.87695 0.373012
5038.18555 0.338567
5040.49414 0.303071
5042.80273 0.265429
5045.11133 0.22719
5047.41992 0.193211
5049.72852 0.162956
5052.03711 0.136634
5054.34570 0.114791
5056.65430 0.0961768
5058.96289 0.080594
5061.27148 0.0672145
5063.58008 0.0567531
5065.88867 0.0482946
5068.19727 0.0404893
5070.50586 0.0347606
5072.81445 0.029727
5075.12305 0.0253291
5077.43164 0.0219435
5079.74023 0.0192894
5082.04883 0.016353
5084.35742 0.014893
5086.66602 0.0130768
5088.97461 0.0116949
5091.28320 0.0105154
5093.59180 0.00951918
5095.90039 0.00842724
5098.20898 0.00784959
5100.51758 0.00702164
5102.82617 0.00657438
5105.13477 0.00590462
5107.44336 0.00561915
5109.75195 0.00507102
5112.06055 0.00481769
5114.36914 0.00447854
5116.67773 0.00426596
5118.98633 0.00372577
5121.29492 0.00350506
5123.60352 0.00331217
5125.91211 0.00327856
5128.22070 0.00291812
5130.52930 0.00281833
5132.83789 0.00281076
5135.14648 0.0024761
5137.45508 0.0022888
5139.76367 0.00241733
5142.07227 0.00213727
5144.38086 0.00201453
5146.68945 0.00194862
5148.99805 0.00195875
5663.89795 0.0
