threeML/data/optical_filters/Gemini/Flamingos2-H.ecsv
# %ECSV 0.9
# ---
# datatype:
# - {name: wavelength, unit: Angstrom, datatype: float32}
# - {name: response, datatype: float32}
# meta: !!omap
# - {band_name: H}
# - {group_name: Flamingos2}
wavelength response
13151.70020 0.0
14613.00000 0.004
14618.00000 0.0044
14623.00000 0.0048
14628.00000 0.0052
14633.00000 0.0055
14638.00000 0.0059
14643.00000 0.0065
14648.00000 0.007
14653.00000 0.0074
14658.00000 0.008
14663.00000 0.0084
14668.00000 0.0091
14673.00000 0.0098
14678.00000 0.0106
14683.00000 0.0113
14688.00000 0.0121
14693.00000 0.0131
14698.00000 0.0141
14703.00000 0.0153
14708.00000 0.0166
14713.00000 0.0179
14718.00000 0.0195
14723.00000 0.021
14728.00000 0.0228
14733.00000 0.0248
14738.00000 0.0273
14743.00000 0.0301
14748.00000 0.0326
14753.00000 0.0357
14758.00000 0.0393
14763.00000 0.0429
14768.00000 0.0474
14773.00000 0.0534
14778.00000 0.059
14783.00000 0.0658
14788.00000 0.073
14793.00000 0.082
14798.00000 0.0923
14803.00000 0.104
14808.00000 0.1172
14813.00000 0.1316
14818.00000 0.1471
14823.00000 0.1678
14828.00000 0.187
14833.00000 0.2125
14838.00000 0.2387
14843.00000 0.2675
14848.00000 0.2956
14853.00000 0.3264
14858.00000 0.3587
14863.00000 0.3953
14868.00000 0.4346
14873.00000 0.4665
14878.00000 0.504
14883.00000 0.5373
14888.00000 0.5691
14893.00000 0.601
14898.00000 0.6291
14903.00000 0.6529
14908.00000 0.6698
14913.00000 0.6904
14918.00000 0.7005
14923.00000 0.717
14928.00000 0.7269
14933.00000 0.7308
14938.00000 0.7403
14943.00000 0.7466
14948.00000 0.7458
14953.00000 0.7521
14958.00000 0.7527
14963.00000 0.7566
14968.00000 0.759
14973.00000 0.754
14978.00000 0.7565
14983.00000 0.7414
14988.00000 0.7397
14993.00000 0.7458
14998.00000 0.7436
15003.00000 0.7493
15008.00000 0.7475
15013.00000 0.7494
15018.00000 0.7514
15023.00000 0.7563
15028.00000 0.7569
15033.00000 0.7607
15038.00000 0.7562
15043.00000 0.7595
15048.00000 0.7585
15053.00000 0.7566
15058.00000 0.7523
15063.00000 0.7548
15068.00000 0.7533
15073.00000 0.7521
15078.00000 0.75
15083.00000 0.7485
15088.00000 0.7475
15093.00000 0.7457
15098.00000 0.7445
15103.00000 0.7403
15108.00000 0.743
15113.00000 0.7394
15118.00000 0.7429
15123.00000 0.7386
15128.00000 0.7428
15133.00000 0.7424
15138.00000 0.7395
15143.00000 0.7439
15148.00000 0.7466
15153.00000 0.7433
15158.00000 0.744
15163.00000 0.7413
15168.00000 0.7462
15173.00000 0.7434
15178.00000 0.745
15183.00000 0.7505
15188.00000 0.7508
15193.00000 0.7484
15198.00000 0.7534
15203.00000 0.7535
15208.00000 0.7516
15213.00000 0.7561
15218.00000 0.753
15223.00000 0.7644
15228.00000 0.7625
15233.00000 0.7608
15238.00000 0.7595
15243.00000 0.7539
15248.00000 0.7536
15253.00000 0.7529
15258.00000 0.751
15263.00000 0.7411
15268.00000 0.7461
15273.00000 0.7461
15278.00000 0.7443
15283.00000 0.7491
15288.00000 0.7493
15293.00000 0.7541
15298.00000 0.7503
15303.00000 0.7547
15308.00000 0.7583
15313.00000 0.7539
15318.00000 0.7579
15323.00000 0.7572
15328.00000 0.7532
15333.00000 0.7571
15338.00000 0.7538
15343.00000 0.7544
15348.00000 0.7525
15353.00000 0.7569
15358.00000 0.755
15363.00000 0.7605
15368.00000 0.761
15373.00000 0.7595
15378.00000 0.7647
15383.00000 0.7656
15388.00000 0.7704
15393.00000 0.7673
15398.00000 0.7716
15403.00000 0.7628
15408.00000 0.7688
15413.00000 0.7713
15418.00000 0.7732
15423.00000 0.775
15428.00000 0.7778
15433.00000 0.7795
15438.00000 0.781
15443.00000 0.7864
15448.00000 0.7872
15453.00000 0.7847
15458.00000 0.7896
15463.00000 0.7801
15468.00000 0.7839
15473.00000 0.7872
15478.00000 0.7903
15483.00000 0.807
15488.00000 0.8094
15493.00000 0.8045
15498.00000 0.8043
15503.00000 0.8063
15508.00000 0.8046
15513.00000 0.8029
15518.00000 0.801
15523.00000 0.7897
15528.00000 0.7904
15533.00000 0.7909
15538.00000 0.7924
15543.00000 0.7966
15548.00000 0.8
15553.00000 0.7991
15558.00000 0.7945
15563.00000 0.7981
15568.00000 0.7967
15573.00000 0.7957
15578.00000 0.7947
15583.00000 0.79
15588.00000 0.79
15593.00000 0.7899
15598.00000 0.7887
15603.00000 0.7889
15608.00000 0.7882
15613.00000 0.7871
15618.00000 0.787
15623.00000 0.7855
15628.00000 0.7878
15633.00000 0.7831
15638.00000 0.7814
15643.00000 0.7835
15648.00000 0.7782
15653.00000 0.7794
15658.00000 0.7772
15663.00000 0.7682
15668.00000 0.7669
15673.00000 0.7666
15678.00000 0.7652
15683.00000 0.7672
15688.00000 0.762
15693.00000 0.7635
15698.00000 0.7586
15703.00000 0.7544
15708.00000 0.7567
15713.00000 0.7525
15718.00000 0.7552
15723.00000 0.7626
15728.00000 0.7595
15733.00000 0.755
15738.00000 0.751
15743.00000 0.7449
15748.00000 0.7409
15753.00000 0.7351
15758.00000 0.737
15763.00000 0.7279
15768.00000 0.7247
15773.00000 0.7251
15778.00000 0.7281
15783.00000 0.7285
15788.00000 0.7312
15793.00000 0.7272
15798.00000 0.731
15803.00000 0.7272
15808.00000 0.7308
15813.00000 0.7282
15818.00000 0.7284
15823.00000 0.736
15828.00000 0.7386
15833.00000 0.7341
15838.00000 0.7345
15843.00000 0.7342
15848.00000 0.7344
15853.00000 0.7351
15858.00000 0.7351
15863.00000 0.7296
15868.00000 0.7355
15873.00000 0.7337
15878.00000 0.737
15883.00000 0.7427
15888.00000 0.7447
15893.00000 0.7469
15898.00000 0.7456
15903.00000 0.7458
15908.00000 0.7503
15913.00000 0.7508
15918.00000 0.7592
15923.00000 0.7761
15928.00000 0.7758
15933.00000 0.7768
15938.00000 0.7774
15943.00000 0.7773
15948.00000 0.7781
15953.00000 0.7747
15958.00000 0.7793
15963.00000 0.773
15968.00000 0.7778
15973.00000 0.7791
15978.00000 0.7798
15983.00000 0.777
15988.00000 0.7783
15993.00000 0.78
15998.00000 0.7846
16003.00000 0.7814
16008.00000 0.7825
16013.00000 0.7871
16018.00000 0.7836
16023.00000 0.7842
16028.00000 0.7853
16033.00000 0.7857
16038.00000 0.7865
16043.00000 0.7906
16048.00000 0.7863
16053.00000 0.787
16058.00000 0.7909
16063.00000 0.7833
16068.00000 0.7883
16073.00000 0.7881
16078.00000 0.7848
16083.00000 0.7865
16088.00000 0.7873
16093.00000 0.7884
16098.00000 0.7898
16103.00000 0.7937
16108.00000 0.7942
16113.00000 0.7942
16118.00000 0.7905
16123.00000 0.7988
16128.00000 0.794
16133.00000 0.794
16138.00000 0.7946
16143.00000 0.7938
16148.00000 0.7907
16153.00000 0.7953
16158.00000 0.7912
16163.00000 0.7992
16168.00000 0.795
16173.00000 0.7976
16178.00000 0.7938
16183.00000 0.7962
16188.00000 0.7917
16193.00000 0.7953
16198.00000 0.7903
16203.00000 0.79
16208.00000 0.7931
16213.00000 0.7878
16218.00000 0.7881
16223.00000 0.7909
16228.00000 0.7853
16233.00000 0.7853
16238.00000 0.7879
16243.00000 0.7796
16248.00000 0.7771
16253.00000 0.7808
16258.00000 0.781
16263.00000 0.772
16268.00000 0.7778
16273.00000 0.7801
16278.00000 0.779
16283.00000 0.8044
16288.00000 0.7982
16293.00000 0.7983
16298.00000 0.7911
16303.00000 0.7889
16308.00000 0.789
16313.00000 0.7822
16318.00000 0.7798
16323.00000 0.7736
16328.00000 0.7692
16333.00000 0.7718
16338.00000 0.7699
16343.00000 0.7656
16348.00000 0.765
16353.00000 0.7679
16358.00000 0.7637
16363.00000 0.766
16368.00000 0.765
16373.00000 0.7614
16378.00000 0.7642
16383.00000 0.7632
16388.00000 0.7592
16393.00000 0.7628
16398.00000 0.7592
16403.00000 0.7591
16408.00000 0.756
16413.00000 0.7573
16418.00000 0.7619
16423.00000 0.7626
16428.00000 0.7633
16433.00000 0.7606
16438.00000 0.7655
16443.00000 0.7666
16448.00000 0.7641
16453.00000 0.7689
16458.00000 0.7695
16463.00000 0.7705
16468.00000 0.7713
16473.00000 0.7718
16478.00000 0.7728
16483.00000 0.7769
16488.00000 0.7766
16493.00000 0.7733
16498.00000 0.7768
16503.00000 0.7735
16508.00000 0.7711
16513.00000 0.7757
16518.00000 0.7764
16523.00000 0.7701
16528.00000 0.7727
16533.00000 0.7787
16538.00000 0.7762
16543.00000 0.7886
16548.00000 0.7847
16553.00000 0.7878
16558.00000 0.7871
16563.00000 0.7899
16568.00000 0.7906
16573.00000 0.7852
16578.00000 0.7833
16583.00000 0.7704
16588.00000 0.7719
16593.00000 0.7727
16598.00000 0.7736
16603.00000 0.7747
16608.00000 0.7715
16613.00000 0.7768
16618.00000 0.778
16623.00000 0.7783
16628.00000 0.7827
16633.00000 0.7788
16638.00000 0.7827
16643.00000 0.7897
16648.00000 0.7837
16653.00000 0.786
16658.00000 0.7808
16663.00000 0.7825
16668.00000 0.7779
16673.00000 0.78
16678.00000 0.7775
16683.00000 0.7729
16688.00000 0.7717
16693.00000 0.7738
16698.00000 0.7687
16703.00000 0.7642
16708.00000 0.7647
16713.00000 0.7685
16718.00000 0.7636
16723.00000 0.7639
16728.00000 0.7643
16733.00000 0.7605
16738.00000 0.7657
16743.00000 0.7691
16748.00000 0.7645
16753.00000 0.7689
16758.00000 0.765
16763.00000 0.7646
16768.00000 0.7684
16773.00000 0.7643
16778.00000 0.765
16783.00000 0.7653
16788.00000 0.7677
16793.00000 0.7644
16798.00000 0.7682
16803.00000 0.7669
16808.00000 0.7634
16813.00000 0.7661
16818.00000 0.7655
16823.00000 0.7654
16828.00000 0.764
16833.00000 0.7598
16838.00000 0.7631
16843.00000 0.7554
16848.00000 0.7564
16853.00000 0.7604
16858.00000 0.7569
16863.00000 0.755
16868.00000 0.7532
16873.00000 0.7556
16878.00000 0.7621
16883.00000 0.7739
16888.00000 0.7724
16893.00000 0.7712
16898.00000 0.7663
16903.00000 0.773
16908.00000 0.7676
16913.00000 0.7661
16918.00000 0.7684
16923.00000 0.7558
16928.00000 0.7561
16933.00000 0.761
16938.00000 0.7569
16943.00000 0.7572
16948.00000 0.7612
16953.00000 0.758
16958.00000 0.7589
16963.00000 0.766
16968.00000 0.7614
16973.00000 0.7611
16978.00000 0.7616
16983.00000 0.7614
16988.00000 0.7609
16993.00000 0.7606
16998.00000 0.7607
17003.00000 0.7642
17008.00000 0.7602
17013.00000 0.7596
17018.00000 0.7592
17023.00000 0.7637
17028.00000 0.7627
17033.00000 0.7582
17038.00000 0.762
17043.00000 0.7674
17048.00000 0.7648
17053.00000 0.7623
17058.00000 0.7589
17063.00000 0.7531
17068.00000 0.7516
17073.00000 0.7493
17078.00000 0.7513
17083.00000 0.7352
17088.00000 0.7394
17093.00000 0.74
17098.00000 0.7401
17103.00000 0.7405
17108.00000 0.7406
17113.00000 0.7438
17118.00000 0.7403
17123.00000 0.7405
17128.00000 0.7364
17133.00000 0.7415
17138.00000 0.7386
17143.00000 0.7428
17148.00000 0.7398
17153.00000 0.744
17158.00000 0.7442
17163.00000 0.7448
17168.00000 0.7444
17173.00000 0.7445
17178.00000 0.7448
17183.00000 0.7445
17188.00000 0.7483
17193.00000 0.7441
17198.00000 0.7436
17203.00000 0.7445
17208.00000 0.744
17213.00000 0.7438
17218.00000 0.7444
17223.00000 0.7406
17228.00000 0.7382
17233.00000 0.7406
17238.00000 0.7452
17243.00000 0.7465
17248.00000 0.7475
17253.00000 0.7514
17258.00000 0.7483
17263.00000 0.7525
17268.00000 0.7521
17273.00000 0.7493
17278.00000 0.7532
17283.00000 0.7563
17288.00000 0.7559
17293.00000 0.7513
17298.00000 0.7545
17303.00000 0.7501
17308.00000 0.7531
17313.00000 0.7524
17318.00000 0.7482
17323.00000 0.751
17328.00000 0.7468
17333.00000 0.7502
17338.00000 0.7489
17343.00000 0.7449
17348.00000 0.7447
17353.00000 0.7446
17358.00000 0.7446
17363.00000 0.741
17368.00000 0.7453
17373.00000 0.7453
17378.00000 0.7415
17383.00000 0.7486
17388.00000 0.745
17393.00000 0.748
17398.00000 0.7469
17403.00000 0.7423
17408.00000 0.7424
17413.00000 0.7424
17418.00000 0.7456
17423.00000 0.7478
17428.00000 0.7458
17433.00000 0.7469
17438.00000 0.7405
17443.00000 0.7385
17448.00000 0.733
17453.00000 0.7317
17458.00000 0.7308
17463.00000 0.723
17468.00000 0.7237
17473.00000 0.728
17478.00000 0.7241
17483.00000 0.7316
17488.00000 0.7337
17493.00000 0.7279
17498.00000 0.7302
17503.00000 0.7215
17508.00000 0.7243
17513.00000 0.7233
17518.00000 0.7219
17523.00000 0.714
17528.00000 0.7179
17533.00000 0.7171
17538.00000 0.7133
17543.00000 0.7173
17548.00000 0.7162
17553.00000 0.7154
17558.00000 0.7116
17563.00000 0.7147
17568.00000 0.7102
17573.00000 0.7107
17578.00000 0.7096
17583.00000 0.7161
17588.00000 0.7099
17593.00000 0.7111
17598.00000 0.7057
17603.00000 0.7036
17608.00000 0.7007
17613.00000 0.7012
17618.00000 0.6939
17623.00000 0.6813
17628.00000 0.6836
17633.00000 0.6809
17638.00000 0.6759
17643.00000 0.6859
17648.00000 0.6751
17653.00000 0.6695
17658.00000 0.6662
17663.00000 0.6581
17668.00000 0.6493
17673.00000 0.6394
17678.00000 0.6293
17683.00000 0.6155
17688.00000 0.6076
17693.00000 0.5927
17698.00000 0.5814
17703.00000 0.5676
17708.00000 0.5538
17713.00000 0.542
17718.00000 0.5238
17723.00000 0.5094
17728.00000 0.4916
17733.00000 0.476
17738.00000 0.459
17743.00000 0.4428
17748.00000 0.4261
17753.00000 0.4082
17758.00000 0.3911
17763.00000 0.3776
17768.00000 0.3562
17773.00000 0.3376
17778.00000 0.3194
17783.00000 0.3029
17788.00000 0.2851
17793.00000 0.2698
17798.00000 0.2558
17803.00000 0.2378
17808.00000 0.224
17813.00000 0.2104
17818.00000 0.1974
17823.00000 0.1858
17828.00000 0.1745
17833.00000 0.1629
17838.00000 0.1511
17843.00000 0.1416
17848.00000 0.1316
17853.00000 0.1239
17858.00000 0.1156
17863.00000 0.1073
17868.00000 0.1001
17873.00000 0.0929
17878.00000 0.086
17883.00000 0.0814
17888.00000 0.0758
17893.00000 0.0708
17898.00000 0.065
17903.00000 0.0604
17908.00000 0.0563
17913.00000 0.0527
17918.00000 0.0494
17923.00000 0.046
17928.00000 0.0427
17933.00000 0.0401
17938.00000 0.0375
17943.00000 0.0351
17948.00000 0.0332
17953.00000 0.031
17958.00000 0.0291
17963.00000 0.0272
17968.00000 0.0255
17973.00000 0.0239
17978.00000 0.0226
17983.00000 0.0211
17988.00000 0.0198
17993.00000 0.0185
17998.00000 0.0172
18003.00000 0.0161
18008.00000 0.0154
18013.00000 0.0144
18018.00000 0.0135
18023.00000 0.0129
18028.00000 0.012
18033.00000 0.0114
18038.00000 0.0107
18043.00000 0.0101
18048.00000 0.0096
18053.00000 0.0089
18058.00000 0.0084
18063.00000 0.0079
18068.00000 0.0075
18073.00000 0.0071
18078.00000 0.0067
18083.00000 0.0062
18088.00000 0.0059
18093.00000 0.0056
18098.00000 0.0052
18103.00000 0.005
18108.00000 0.0048
18113.00000 0.0045
18118.00000 0.0043
18123.00000 0.0041
19935.30078 0.0
