threeML/data/optical_filters/Gemini/Flamingos2-HK.ecsv
# %ECSV 0.9
# ---
# datatype:
# - {name: wavelength, unit: Angstrom, datatype: float32}
# - {name: response, datatype: float32}
# meta: !!omap
# - {band_name: HK}
# - {group_name: Flamingos2}
wavelength response
[from data line 848]
16650.00000 0.7299
16655.00000 0.7308
16660.00000 0.7314
16665.00000 0.7312
16670.00000 0.7318
16675.00000 0.7309
16680.00000 0.7296
16685.00000 0.7302
16690.00000 0.7301
16695.00000 0.7284
16700.00000 0.728
16705.00000 0.7287
16710.00000 0.7281
16715.00000 0.7267
16720.00000 0.7269
16725.00000 0.7284
16730.00000 0.7281
16735.00000 0.7281
16740.00000 0.7291
16745.00000 0.7303
16750.00000 0.7298
16755.00000 0.7301
16760.00000 0.7321
16765.00000 0.7318
16770.00000 0.7303
16775.00000 0.7307
16780.00000 0.7316
16785.00000 0.7305
16790.00000 0.7301
16795.00000 0.7308
16800.00000 0.7309
16805.00000 0.7294
16810.00000 0.7292
16815.00000 0.7298
16820.00000 0.7297
16825.00000 0.7276
16830.00000 0.7273
16835.00000 0.7275
16840.00000 0.7257
16845.00000 0.7247
16850.00000 0.725
16855.00000 0.7248
16860.00000 0.7231
16865.00000 0.7242
16870.00000 0.7259
16875.00000 0.7262
16880.00000 0.7264
16885.00000 0.7297
16890.00000 0.733
16895.00000 0.7351
16900.00000 0.7372
16905.00000 0.7372
16910.00000 0.7376
16915.00000 0.7366
16920.00000 0.7357
16925.00000 0.7362
16930.00000 0.7354
16935.00000 0.7336
16940.00000 0.7337
16945.00000 0.7358
16950.00000 0.7362
16955.00000 0.737
16960.00000 0.7389
16965.00000 0.7405
16970.00000 0.7408
16975.00000 0.7419
16980.00000 0.7438
16985.00000 0.7442
16990.00000 0.7436
16995.00000 0.7443
17000.00000 0.745
17005.00000 0.7453
17010.00000 0.7451
17015.00000 0.7457
17020.00000 0.7463
17025.00000 0.7459
17030.00000 0.7454
17035.00000 0.7458
17040.00000 0.7459
17045.00000 0.7448
17050.00000 0.7441
17055.00000 0.7439
17060.00000 0.7425
17065.00000 0.739
17070.00000 0.7363
17075.00000 0.7332
17080.00000 0.73
17085.00000 0.7269
17090.00000 0.7244
17095.00000 0.7221
17100.00000 0.719
17105.00000 0.7187
17110.00000 0.7185
17115.00000 0.7182
17120.00000 0.7169
17125.00000 0.7157
17130.00000 0.7153
17135.00000 0.7137
17140.00000 0.7125
17145.00000 0.7124
17150.00000 0.7123
17155.00000 0.7118
17160.00000 0.7113
17165.00000 0.7109
17170.00000 0.711
17175.00000 0.7105
17180.00000 0.7099
17185.00000 0.7095
17190.00000 0.7092
17195.00000 0.7083
17200.00000 0.7075
17205.00000 0.7075
17210.00000 0.7068
17215.00000 0.7058
17220.00000 0.7052
17225.00000 0.7059
17230.00000 0.7057
17235.00000 0.7054
17240.00000 0.7056
17245.00000 0.7078
17250.00000 0.7086
17255.00000 0.7106
17260.00000 0.7128
17265.00000 0.7137
17270.00000 0.7142
17275.00000 0.7157
17280.00000 0.7174
17285.00000 0.7183
17290.00000 0.7184
17295.00000 0.7198
17300.00000 0.721
17305.00000 0.721
17310.00000 0.7205
17315.00000 0.7214
17320.00000 0.7217
17325.00000 0.7215
17330.00000 0.7215
17335.00000 0.7227
17340.00000 0.7224
17345.00000 0.7221
17350.00000 0.7227
17355.00000 0.7226
17360.00000 0.7226
17365.00000 0.7227
17370.00000 0.7239
17375.00000 0.7246
17380.00000 0.7248
17385.00000 0.725
17390.00000 0.7263
17395.00000 0.7266
17400.00000 0.7264
17405.00000 0.7259
17410.00000 0.7261
17415.00000 0.7249
17420.00000 0.7237
17425.00000 0.7239
17430.00000 0.7232
17435.00000 0.722
17440.00000 0.7212
17445.00000 0.7186
17450.00000 0.7157
17455.00000 0.7117
17460.00000 0.7088
17465.00000 0.7074
17470.00000 0.7046
17475.00000 0.7018
17480.00000 0.7006
17485.00000 0.7002
17490.00000 0.6988
17495.00000 0.6986
17500.00000 0.6984
17505.00000 0.6956
17510.00000 0.6921
17515.00000 0.6897
17520.00000 0.6874
17525.00000 0.6846
17530.00000 0.6819
17535.00000 0.6805
17540.00000 0.6788
17545.00000 0.677
17550.00000 0.6762
17555.00000 0.6756
17560.00000 0.6743
17565.00000 0.6726
17570.00000 0.6718
17575.00000 0.6715
17580.00000 0.6702
17585.00000 0.6691
17590.00000 0.6695
17595.00000 0.6694
17600.00000 0.6688
17605.00000 0.6672
17610.00000 0.6669
17615.00000 0.6656
17620.00000 0.6638
17625.00000 0.6633
17630.00000 0.6636
17635.00000 0.6622
17640.00000 0.6615
17645.00000 0.6638
17650.00000 0.6662
17655.00000 0.6673
17660.00000 0.6695
17665.00000 0.6702
17670.00000 0.6697
17675.00000 0.6688
17680.00000 0.6691
17685.00000 0.6693
17690.00000 0.6682
17695.00000 0.6673
17700.00000 0.6677
17705.00000 0.6684
17710.00000 0.6678
17715.00000 0.6687
17720.00000 0.6701
17725.00000 0.6702
17730.00000 0.6703
17735.00000 0.6712
17740.00000 0.6718
17745.00000 0.6733
17750.00000 0.6747
17755.00000 0.677
17760.00000 0.6793
17765.00000 0.6795
17770.00000 0.6805
17775.00000 0.6822
17780.00000 0.683
17785.00000 0.6824
17790.00000 0.6824
17795.00000 0.6832
17800.00000 0.6829
17805.00000 0.6829
17810.00000 0.6842
17815.00000 0.6852
17820.00000 0.6854
17825.00000 0.6865
17830.00000 0.6879
17835.00000 0.6891
17840.00000 0.6893
17845.00000 0.6898
17850.00000 0.6911
17855.00000 0.691
17860.00000 0.691
17865.00000 0.6917
17870.00000 0.6918
17875.00000 0.6916
17880.00000 0.6913
17885.00000 0.6917
17890.00000 0.6919
17895.00000 0.6907
17900.00000 0.6904
17905.00000 0.6901
17910.00000 0.6894
17915.00000 0.6882
17920.00000 0.6877
17925.00000 0.6884
17930.00000 0.688
17935.00000 0.6881
17940.00000 0.689
17945.00000 0.6908
17950.00000 0.692
17955.00000 0.6936
17960.00000 0.6953
17965.00000 0.6962
17970.00000 0.6957
17975.00000 0.697
17980.00000 0.698
17985.00000 0.698
17990.00000 0.6971
17995.00000 0.6976
18000.00000 0.698
18005.00000 0.6974
18010.00000 0.6975
18015.00000 0.698
18020.00000 0.6979
18025.00000 0.6979
18030.00000 0.6983
18035.00000 0.6994
18040.00000 0.6999
18045.00000 0.6991
18050.00000 0.6988
18055.00000 0.6989
18060.00000 0.6977
18065.00000 0.6969
18070.00000 0.6965
18075.00000 0.6959
18080.00000 0.6946
18085.00000 0.6937
18090.00000 0.6928
18095.00000 0.6918
18100.00000 0.6907
18105.00000 0.6919
18110.00000 0.6941
18115.00000 0.6952
18120.00000 0.6962
18125.00000 0.6961
18130.00000 0.696
18135.00000 0.6944
18140.00000 0.6945
18145.00000 0.6937
18150.00000 0.6925
18155.00000 0.6908
18160.00000 0.6899
18165.00000 0.6891
18170.00000 0.6884
18175.00000 0.6869
18180.00000 0.6863
18185.00000 0.6853
18190.00000 0.6833
18195.00000 0.6815
18200.00000 0.6806
18205.00000 0.6794
18210.00000 0.6771
18215.00000 0.6759
18220.00000 0.6749
18225.00000 0.6745
18230.00000 0.6744
18235.00000 0.6749
18240.00000 0.6748
18245.00000 0.6731
18250.00000 0.6709
18255.00000 0.6697
18260.00000 0.6688
18265.00000 0.6666
18270.00000 0.6654
18275.00000 0.6646
18280.00000 0.6627
18285.00000 0.6627
18290.00000 0.6633
18295.00000 0.6645
18300.00000 0.6642
18305.00000 0.6646
18310.00000 0.6654
18315.00000 0.6661
18320.00000 0.666
18325.00000 0.6667
18330.00000 0.6672
18335.00000 0.6681
18340.00000 0.6672
18345.00000 0.6685
18350.00000 0.6699
18355.00000 0.6703
18360.00000 0.6709
18365.00000 0.6723
18370.00000 0.6735
18375.00000 0.6737
18380.00000 0.6746
18385.00000 0.6755
18390.00000 0.6764
18395.00000 0.676
18400.00000 0.6765
18405.00000 0.6776
18410.00000 0.6784
18415.00000 0.6781
18420.00000 0.6794
18425.00000 0.6809
18430.00000 0.6814
18435.00000 0.6831
18440.00000 0.685
18445.00000 0.6848
18450.00000 0.6844
18455.00000 0.6851
18460.00000 0.6858
18465.00000 0.6851
18470.00000 0.6845
18475.00000 0.6847
18480.00000 0.6844
18485.00000 0.6843
18490.00000 0.6843
18495.00000 0.685
18500.00000 0.6847
18505.00000 0.6834
18510.00000 0.6831
18515.00000 0.6831
18520.00000 0.682
18525.00000 0.6811
18530.00000 0.6811
18535.00000 0.6807
18540.00000 0.6795
18545.00000 0.6791
18550.00000 0.6792
18555.00000 0.679
18560.00000 0.6774
18565.00000 0.6779
18570.00000 0.6784
18575.00000 0.6783
18580.00000 0.6778
18585.00000 0.6772
18590.00000 0.6766
18595.00000 0.6751
18600.00000 0.6741
18605.00000 0.6727
18610.00000 0.671
18615.00000 0.669
18620.00000 0.6674
18625.00000 0.6671
18630.00000 0.6667
18635.00000 0.6652
18640.00000 0.6651
18645.00000 0.6651
18650.00000 0.6644
18655.00000 0.6637
18660.00000 0.6646
18665.00000 0.6643
18670.00000 0.6645
18675.00000 0.6646
18680.00000 0.6659
18685.00000 0.6653
18690.00000 0.6646
18695.00000 0.6649
18700.00000 0.665
18705.00000 0.6657
18710.00000 0.6661
18715.00000 0.6679
18720.00000 0.6691
18725.00000 0.6688
18730.00000 0.6697
18735.00000 0.671
18740.00000 0.6709
18745.00000 0.6716
18750.00000 0.6726
18755.00000 0.6736
18760.00000 0.6741
18765.00000 0.6738
18770.00000 0.674
18775.00000 0.6748
18780.00000 0.6741
18785.00000 0.6753
18790.00000 0.6771
18795.00000 0.6775
18800.00000 0.6782
18805.00000 0.6793
18810.00000 0.6799
18815.00000 0.6794
18820.00000 0.6798
18825.00000 0.6798
18830.00000 0.6788
18835.00000 0.6779
18840.00000 0.6777
18845.00000 0.6764
18850.00000 0.6752
18855.00000 0.6735
18860.00000 0.6728
18865.00000 0.6728
18870.00000 0.672
18875.00000 0.6716
18880.00000 0.672
18885.00000 0.672
18890.00000 0.6719
18895.00000 0.6719
18900.00000 0.6724
18905.00000 0.6723
18910.00000 0.6723
18915.00000 0.6725
18920.00000 0.6731
18925.00000 0.6725
18930.00000 0.6717
18935.00000 0.6717
18940.00000 0.6713
18945.00000 0.6707
18950.00000 0.6708
18955.00000 0.6709
18960.00000 0.6702
18965.00000 0.6698
18970.00000 0.67
18975.00000 0.67
18980.00000 0.6693
18985.00000 0.6684
18990.00000 0.6677
18995.00000 0.6669
19000.00000 0.6659
19005.00000 0.6652
19010.00000 0.6647
19015.00000 0.6638
19020.00000 0.6627
19025.00000 0.6626
19030.00000 0.6628
19035.00000 0.6623
19040.00000 0.6622
19045.00000 0.6617
19050.00000 0.6613
19055.00000 0.6604
19060.00000 0.66
19065.00000 0.66
19070.00000 0.659
19075.00000 0.6588
19080.00000 0.6583
19085.00000 0.6603
19090.00000 0.6615
19095.00000 0.6629
19100.00000 0.6652
19105.00000 0.6656
19110.00000 0.6657
19115.00000 0.6662
19120.00000 0.6667
19125.00000 0.6676
19130.00000 0.6675
19135.00000 0.6687
19140.00000 0.6698
19145.00000 0.6695
19150.00000 0.6692
19155.00000 0.6695
19160.00000 0.6697
19165.00000 0.6695
19170.00000 0.6698
19175.00000 0.6711
19180.00000 0.6708
19185.00000 0.6707
19190.00000 0.6721
19195.00000 0.6729
19200.00000 0.6734
19205.00000 0.6728
19210.00000 0.6741
19215.00000 0.6735
19220.00000 0.6733
19225.00000 0.6736
19230.00000 0.675
19235.00000 0.6756
19240.00000 0.6758
19245.00000 0.6773
19250.00000 0.6789
19255.00000 0.6795
19260.00000 0.6797
19265.00000 0.6802
19270.00000 0.6799
19275.00000 0.6786
19280.00000 0.6783
19285.00000 0.6782
19290.00000 0.6771
19295.00000 0.6756
19300.00000 0.6748
19305.00000 0.6742
19310.00000 0.6729
19315.00000 0.6708
19320.00000 0.6702
19325.00000 0.6704
19330.00000 0.6686
19335.00000 0.6686
19340.00000 0.6685
19345.00000 0.6676
19350.00000 0.666
19355.00000 0.6658
19360.00000 0.6654
19365.00000 0.6648
19370.00000 0.6633
19375.00000 0.6636
19380.00000 0.663
19385.00000 0.6604
19390.00000 0.6582
19395.00000 0.6568
19400.00000 0.6544
19405.00000 0.6516
19410.00000 0.6504
19415.00000 0.6487
19420.00000 0.6463
19425.00000 0.6444
19430.00000 0.6429
19435.00000 0.6416
19440.00000 0.6393
19445.00000 0.6374
19450.00000 0.6367
19455.00000 0.6348
19460.00000 0.6327
19465.00000 0.6311
19470.00000 0.6302
19475.00000 0.6277
19480.00000 0.6256
19485.00000 0.6257
19490.00000 0.6252
19495.00000 0.6241
19500.00000 0.624
19505.00000 0.6234
19510.00000 0.622
19515.00000 0.6203
19520.00000 0.6193
19525.00000 0.6191
19530.00000 0.6173
19535.00000 0.6159
19540.00000 0.6157
19545.00000 0.6155
19550.00000 0.6138
19555.00000 0.6134
19560.00000 0.6139
19565.00000 0.6142
19570.00000 0.6143
19575.00000 0.6156
19580.00000 0.6171
19585.00000 0.6164
19590.00000 0.6163
19595.00000 0.6176
19600.00000 0.6179
19605.00000 0.6171
19610.00000 0.6163
19615.00000 0.6171
19620.00000 0.6164
19625.00000 0.6168
19630.00000 0.6184
19635.00000 0.6206
19640.00000 0.6207
19645.00000 0.622
19650.00000 0.6243
19655.00000 0.6264
19660.00000 0.6271
19665.00000 0.6288
19670.00000 0.6311
19675.00000 0.6324
19680.00000 0.6332
19685.00000 0.6349
19690.00000 0.6369
19695.00000 0.6375
19700.00000 0.6382
19705.00000 0.6405
19710.00000 0.642
19715.00000 0.6424
19720.00000 0.6442
19725.00000 0.6468
19730.00000 0.6482
19735.00000 0.649
19740.00000 0.6514
19745.00000 0.6538
19750.00000 0.6552
19755.00000 0.6566
19760.00000 0.6593
19765.00000 0.6618
19770.00000 0.6629
19775.00000 0.6653
19780.00000 0.6682
19785.00000 0.6704
19790.00000 0.6721
19795.00000 0.6753
19800.00000 0.678
19805.00000 0.678
19810.00000 0.6787
19815.00000 0.6805
19820.00000 0.6814
19825.00000 0.6823
19830.00000 0.6838
19835.00000 0.6861
19840.00000 0.6876
19845.00000 0.6858
19850.00000 0.6855
19855.00000 0.6854
19860.00000 0.6832
19865.00000 0.6823
19870.00000 0.6824
19875.00000 0.6823
19880.00000 0.6803
19885.00000 0.6815
19890.00000 0.6831
19895.00000 0.6834
19900.00000 0.683
19905.00000 0.6816
19910.00000 0.6802
19915.00000 0.6779
19920.00000 0.6751
19925.00000 0.6744
19930.00000 0.6729
19935.00000 0.6697
19940.00000 0.6679
19945.00000 0.6684
19950.00000 0.6676
19955.00000 0.6661
19960.00000 0.6659
19965.00000 0.6652
19970.00000 0.6635
19975.00000 0.6621
19980.00000 0.6618
19985.00000 0.6603
19990.00000 0.6578
19995.00000 0.6556
20000.00000 0.655
20005.00000 0.6516
20010.00000 0.6494
20015.00000 0.6482
20020.00000 0.6458
20025.00000 0.6435
20030.00000 0.6428
20035.00000 0.6415
20040.00000 0.6397
20045.00000 0.6381
20050.00000 0.6374
20055.00000 0.6366
20060.00000 0.6349
20065.00000 0.634
20070.00000 0.6337
20075.00000 0.6323
20080.00000 0.6309
20085.00000 0.6307
20090.00000 0.6305
20095.00000 0.6296
20100.00000 0.6291
20105.00000 0.6291
20110.00000 0.6291
20115.00000 0.6287
20120.00000 0.629
20125.00000 0.6292
20130.00000 0.6298
20135.00000 0.6291
20140.00000 0.63
20145.00000 0.631
20150.00000 0.6312
20155.00000 0.6316
20160.00000 0.6332
20165.00000 0.6337
20170.00000 0.6338
20175.00000 0.6341
20180.00000 0.6351
20185.00000 0.6359
20190.00000 0.6371
20195.00000 0.6383
20200.00000 0.6402
20205.00000 0.6419
20210.00000 0.6434
20215.00000 0.6452
20220.00000 0.6479
20225.00000 0.6505
20230.00000 0.6531
20235.00000 0.6563
20240.00000 0.6595
20245.00000 0.6609
20250.00000 0.6632
20255.00000 0.6656
20260.00000 0.6671
20265.00000 0.6692
20270.00000 0.6713
20275.00000 0.6735
20280.00000 0.6755
20285.00000 0.6783
20290.00000 0.6813
20295.00000 0.6842
20300.00000 0.6863
20305.00000 0.6884
20310.00000 0.6902
20315.00000 0.6919
20320.00000 0.693
20325.00000 0.6942
20330.00000 0.6954
20335.00000 0.6963
20340.00000 0.6971
20345.00000 0.6984
20350.00000 0.6992
20355.00000 0.6998
20360.00000 0.6999
20365.00000 0.7007
20370.00000 0.7008
20375.00000 0.7004
20380.00000 0.7005
20385.00000 0.7002
20390.00000 0.7
20395.00000 0.699
20400.00000 0.6985
20405.00000 0.6981
20410.00000 0.6977
20415.00000 0.6966
20420.00000 0.6961
20425.00000 0.6953
20430.00000 0.6944
20435.00000 0.6937
20440.00000 0.6932
20445.00000 0.693
20450.00000 0.693
20455.00000 0.6931
20460.00000 0.6933
20465.00000 0.6925
20470.00000 0.6914
20475.00000 0.6906
20480.00000 0.6897
20485.00000 0.689
20490.00000 0.6881
20495.00000 0.6877
20500.00000 0.6875
20505.00000 0.686
20510.00000 0.6852
20515.00000 0.6847
20520.00000 0.6836
20525.00000 0.683
20530.00000 0.6827
20535.00000 0.6823
20540.00000 0.6815
20545.00000 0.6819
20550.00000 0.6825
20555.00000 0.6831
20560.00000 0.6834
20565.00000 0.683
20570.00000 0.6827
20575.00000 0.682
20580.00000 0.681
20585.00000 0.6807
20590.00000 0.6805
20595.00000 0.6796
20600.00000 0.6795
20605.00000 0.6791
20610.00000 0.6787
20615.00000 0.6784
20620.00000 0.678
20625.00000 0.6778
20630.00000 0.6773
20635.00000 0.6767
20640.00000 0.6765
20645.00000 0.6757
20650.00000 0.6752
20655.00000 0.6745
20660.00000 0.6748
20665.00000 0.6751
20670.00000 0.6748
20675.00000 0.6747
20680.00000 0.6755
20685.00000 0.6753
20690.00000 0.6757
20695.00000 0.6766
20700.00000 0.6773
20705.00000 0.6774
20710.00000 0.678
20715.00000 0.6787
20720.00000 0.6799
20725.00000 0.6806
20730.00000 0.6812
20735.00000 0.6825
20740.00000 0.6831
20745.00000 0.6822
20750.00000 0.6817
20755.00000 0.6816
20760.00000 0.6806
20765.00000 0.6808
20770.00000 0.6812
20775.00000 0.6813
20780.00000 0.6814
20785.00000 0.6822
20790.00000 0.6836
20795.00000 0.6844
20800.00000 0.685
20805.00000 0.685
20810.00000 0.6856
20815.00000 0.6851
20820.00000 0.6851
20825.00000 0.6858
20830.00000 0.6861
20835.00000 0.6861
20840.00000 0.6866
20845.00000 0.6869
20850.00000 0.6869
20855.00000 0.6873
20860.00000 0.6869
20865.00000 0.6875
20870.00000 0.6877
20875.00000 0.6877
