threeML/data/optical_filters/Gemini/Flamingos2-JH.ecsv
# %ECSV 0.9
# ---
# datatype:
# - {name: wavelength, unit: Angstrom, datatype: float32}
# - {name: response, datatype: float32}
# meta: !!omap
# - {band_name: JH}
# - {group_name: Flamingos2}
wavelength response
[from data line 1706]
17350.00000 0.6575
17355.00000 0.6566
17360.00000 0.6559
17365.00000 0.6539
17370.00000 0.6538
17375.00000 0.6532
17380.00000 0.6526
17385.00000 0.6513
17390.00000 0.651
17395.00000 0.6504
17400.00000 0.6502
17405.00000 0.6485
17410.00000 0.6477
17415.00000 0.6464
17420.00000 0.6451
17425.00000 0.6445
17430.00000 0.6441
17435.00000 0.6431
17440.00000 0.6413
17445.00000 0.6399
17450.00000 0.6372
17455.00000 0.6352
17460.00000 0.6329
17465.00000 0.6317
17470.00000 0.6317
17475.00000 0.6298
17480.00000 0.6283
17485.00000 0.6297
17490.00000 0.6304
17495.00000 0.6315
17500.00000 0.633
17505.00000 0.6317
17510.00000 0.6311
17515.00000 0.6305
17520.00000 0.6295
17525.00000 0.6299
17530.00000 0.6293
17535.00000 0.6292
17540.00000 0.6294
17545.00000 0.6308
17550.00000 0.6317
17555.00000 0.633
17560.00000 0.6337
17565.00000 0.6348
17570.00000 0.6359
17575.00000 0.6369
17580.00000 0.6385
17585.00000 0.639
17590.00000 0.6403
17595.00000 0.642
17600.00000 0.6435
17605.00000 0.6435
17610.00000 0.6441
17615.00000 0.644
17620.00000 0.6441
17625.00000 0.6437
17630.00000 0.6447
17635.00000 0.6453
17640.00000 0.6445
17645.00000 0.6465
17650.00000 0.6495
17655.00000 0.6508
17660.00000 0.6533
17665.00000 0.6528
17670.00000 0.6514
17675.00000 0.6511
17680.00000 0.6503
17685.00000 0.6486
17690.00000 0.6474
17695.00000 0.6456
17700.00000 0.6436
17705.00000 0.642
17710.00000 0.6408
17715.00000 0.6397
17720.00000 0.6381
17725.00000 0.6364
17730.00000 0.6356
17735.00000 0.6324
17740.00000 0.6303
17745.00000 0.6297
17750.00000 0.6278
17755.00000 0.626
17760.00000 0.6251
17765.00000 0.6221
17770.00000 0.6195
17775.00000 0.6172
17780.00000 0.6139
17785.00000 0.6103
17790.00000 0.6062
17795.00000 0.6032
17800.00000 0.5991
17805.00000 0.5948
17810.00000 0.5917
17815.00000 0.5877
17820.00000 0.5842
17825.00000 0.5815
17830.00000 0.579
17835.00000 0.5751
17840.00000 0.5727
17845.00000 0.5689
17850.00000 0.5659
17855.00000 0.5623
17860.00000 0.5596
17865.00000 0.5564
17870.00000 0.5531
17875.00000 0.5509
17880.00000 0.5485
17885.00000 0.5453
17890.00000 0.5434
17895.00000 0.5416
17900.00000 0.5396
17905.00000 0.5377
17910.00000 0.5366
17915.00000 0.5351
17920.00000 0.5343
17925.00000 0.5347
17930.00000 0.5347
17935.00000 0.5353
17940.00000 0.5363
17945.00000 0.5384
17950.00000 0.5403
17955.00000 0.5422
17960.00000 0.5441
17965.00000 0.5453
17970.00000 0.5462
17975.00000 0.5464
17980.00000 0.5466
17985.00000 0.5444
17990.00000 0.5422
17995.00000 0.5381
18000.00000 0.5332
18005.00000 0.5259
18010.00000 0.5176
18015.00000 0.508
18020.00000 0.495
18025.00000 0.481
18030.00000 0.4644
18035.00000 0.4466
18040.00000 0.4271
18045.00000 0.4062
18050.00000 0.3844
18055.00000 0.3603
18060.00000 0.3341
18065.00000 0.3108
18070.00000 0.2857
18075.00000 0.2629
18080.00000 0.2417
18085.00000 0.2198
18090.00000 0.1992
18095.00000 0.1811
18100.00000 0.1634
18105.00000 0.1476
18110.00000 0.1335
18115.00000 0.1211
18120.00000 0.1091
18125.00000 0.0971
18130.00000 0.0875
18135.00000 0.0787
18140.00000 0.071
18145.00000 0.0643
18150.00000 0.0576
18155.00000 0.0513
18160.00000 0.0464
18165.00000 0.042
18170.00000 0.0382
18175.00000 0.0347
18180.00000 0.0312
18185.00000 0.0281
18190.00000 0.0257
18195.00000 0.0238
18200.00000 0.0211
18205.00000 0.0193
18210.00000 0.0175
18215.00000 0.016
18220.00000 0.0145
18225.00000 0.0133
18230.00000 0.0125
18235.00000 0.0112
18240.00000 0.0105
18245.00000 0.0094
18250.00000 0.0088
18255.00000 0.0082
18260.00000 0.0073
18265.00000 0.0068
18270.00000 0.0064
18275.00000 0.006
18280.00000 0.0055
18285.00000 0.0051
18290.00000 0.0044
18295.00000 0.0044
18300.00000 0.004
18305.00000 0.004
20135.50000 0.0
