threeML/data/optical_filters/Gemini/Flamingos2-Ks.ecsv
# %ECSV 0.9
# ---
# datatype:
# - {name: wavelength, unit: Angstrom, datatype: float32}
# - {name: response, datatype: float32}
# meta: !!omap
# - {band_name: Ks}
# - {group_name: Flamingos2}
wavelength response
17634.59961 0.0
19594.00000 0.0041
19599.00000 0.0044
19604.00000 0.0047
19609.00000 0.005
19614.00000 0.0053
19619.00000 0.0057
19624.00000 0.0061
19629.00000 0.0065
19634.00000 0.007
19639.00000 0.0075
19644.00000 0.008
19649.00000 0.0086
19654.00000 0.0093
19659.00000 0.0101
19664.00000 0.0108
19669.00000 0.0117
19674.00000 0.0125
19679.00000 0.0133
19684.00000 0.0146
19689.00000 0.0156
19694.00000 0.017
19699.00000 0.0184
19704.00000 0.0196
19709.00000 0.0212
19714.00000 0.023
19719.00000 0.0251
19724.00000 0.0269
19729.00000 0.0294
19734.00000 0.0318
19739.00000 0.034
19744.00000 0.0367
19749.00000 0.04
19754.00000 0.0438
19759.00000 0.047
19764.00000 0.0511
19769.00000 0.0547
19774.00000 0.0601
19779.00000 0.0652
19784.00000 0.0708
19789.00000 0.077
19794.00000 0.0823
19799.00000 0.0886
19804.00000 0.0955
19809.00000 0.1022
19814.00000 0.1134
19819.00000 0.1227
19824.00000 0.1314
19829.00000 0.1404
19834.00000 0.149
19839.00000 0.1593
19844.00000 0.1708
19849.00000 0.1844
19854.00000 0.1942
19859.00000 0.2089
19864.00000 0.2198
19869.00000 0.2345
19874.00000 0.2564
19879.00000 0.2697
19884.00000 0.2892
19889.00000 0.3051
19894.00000 0.3185
19899.00000 0.3347
19904.00000 0.3527
19909.00000 0.3728
19914.00000 0.3884
19919.00000 0.4068
19924.00000 0.4245
19929.00000 0.4394
19934.00000 0.4619
19939.00000 0.4839
19944.00000 0.5008
19949.00000 0.5176
19954.00000 0.5384
19959.00000 0.5499
19964.00000 0.5689
19969.00000 0.5846
19974.00000 0.6043
19979.00000 0.617
19984.00000 0.6235
19989.00000 0.6394
19994.00000 0.6444
19999.00000 0.6541
20004.00000 0.6633
20009.00000 0.6707
20014.00000 0.6785
20019.00000 0.6842
20024.00000 0.6885
20029.00000 0.694
20034.00000 0.6974
20039.00000 0.7062
20044.00000 0.703
20049.00000 0.7038
20054.00000 0.7064
20059.00000 0.708
20064.00000 0.7073
20069.00000 0.7084
20074.00000 0.7086
20079.00000 0.7084
20084.00000 0.7135
20089.00000 0.7061
20094.00000 0.7065
20099.00000 0.7064
20104.00000 0.704
20109.00000 0.704
20114.00000 0.7028
20119.00000 0.7022
20124.00000 0.7018
20129.00000 0.6998
20134.00000 0.7042
20139.00000 0.6988
20144.00000 0.7015
20149.00000 0.7001
20155.00000 0.694
20160.00000 0.6926
20165.00000 0.6926
20170.00000 0.6911
20175.00000 0.6858
20180.00000 0.692
20185.00000 0.6908
20190.00000 0.6855
20195.00000 0.6861
20200.00000 0.6863
20205.00000 0.6831
20210.00000 0.6883
20215.00000 0.688
20220.00000 0.6947
20225.00000 0.6941
20230.00000 0.6931
20235.00000 0.688
20240.00000 0.693
20245.00000 0.6936
20250.00000 0.6883
20255.00000 0.6883
20260.00000 0.6897
20265.00000 0.6902
20270.00000 0.6906
20275.00000 0.696
20280.00000 0.6911
20285.00000 0.6965
20290.00000 0.6966
20295.00000 0.7002
20300.00000 0.6945
20305.00000 0.6949
20310.00000 0.6948
20315.00000 0.6949
20320.00000 0.6981
20325.00000 0.6928
20330.00000 0.6937
20335.00000 0.6979
20340.00000 0.6968
20345.00000 0.6914
20350.00000 0.6967
20355.00000 0.6961
20360.00000 0.6898
20365.00000 0.694
20370.00000 0.6942
20375.00000 0.6934
20380.00000 0.6923
20385.00000 0.6913
20390.00000 0.6865
20395.00000 0.6916
20400.00000 0.6862
20405.00000 0.6902
20410.00000 0.6857
20415.00000 0.6867
20420.00000 0.6816
20425.00000 0.6827
20430.00000 0.6888
20435.00000 0.6889
20440.00000 0.6895
20445.00000 0.6892
20450.00000 0.6895
20455.00000 0.691
20460.00000 0.6901
20465.00000 0.6903
20470.00000 0.6866
20475.00000 0.6921
20480.00000 0.6925
20485.00000 0.6926
20490.00000 0.6926
20495.00000 0.6936
20500.00000 0.689
20506.00000 0.6943
20511.00000 0.6905
20516.00000 0.6916
20521.00000 0.6884
20526.00000 0.695
20531.00000 0.6911
20536.00000 0.703
20541.00000 0.7034
20546.00000 0.7028
20551.00000 0.704
20556.00000 0.6994
20561.00000 0.7051
20566.00000 0.7058
20571.00000 0.7052
20576.00000 0.707
20581.00000 0.7073
20586.00000 0.702
20591.00000 0.7088
20596.00000 0.7093
20601.00000 0.7135
20606.00000 0.7091
20611.00000 0.709
20616.00000 0.7105
20621.00000 0.7153
20626.00000 0.7095
20631.00000 0.7152
20636.00000 0.7059
20641.00000 0.7115
20646.00000 0.712
20651.00000 0.7117
20656.00000 0.7135
20661.00000 0.714
20666.00000 0.7087
20671.00000 0.7153
20676.00000 0.7164
20681.00000 0.7113
20686.00000 0.7182
20691.00000 0.713
20696.00000 0.7186
20701.00000 0.7153
20706.00000 0.7201
20711.00000 0.7162
20716.00000 0.7313
20721.00000 0.7238
20726.00000 0.7239
20731.00000 0.723
20736.00000 0.7168
20741.00000 0.7221
20746.00000 0.7159
20751.00000 0.7158
20756.00000 0.7158
20761.00000 0.7103
20766.00000 0.7161
20771.00000 0.711
20776.00000 0.716
20781.00000 0.7199
20786.00000 0.7139
20791.00000 0.7184
20796.00000 0.7124
20801.00000 0.7108
20806.00000 0.7062
20811.00000 0.7112
20816.00000 0.7097
20821.00000 0.7095
20826.00000 0.7128
20831.00000 0.7064
20836.00000 0.7018
20841.00000 0.7062
20846.00000 0.7051
20851.00000 0.7049
20857.00000 0.7035
20862.00000 0.7029
20867.00000 0.7024
20872.00000 0.7014
20877.00000 0.6914
20882.00000 0.6974
20887.00000 0.6979
20892.00000 0.6931
20897.00000 0.699
20902.00000 0.6994
20907.00000 0.6998
20912.00000 0.7001
20917.00000 0.7092
20922.00000 0.7031
20927.00000 0.7031
20932.00000 0.7068
20937.00000 0.7014
20942.00000 0.7007
20947.00000 0.7007
20952.00000 0.7051
20957.00000 0.6918
20962.00000 0.6972
20967.00000 0.6934
20972.00000 0.6998
20977.00000 0.7015
20982.00000 0.7024
20987.00000 0.7029
20992.00000 0.7047
20997.00000 0.71
21002.00000 0.7144
21007.00000 0.7139
21012.00000 0.7087
21017.00000 0.7143
21022.00000 0.71
21027.00000 0.7089
21032.00000 0.7101
21037.00000 0.7155
21042.00000 0.7102
21047.00000 0.7109
21052.00000 0.7153
21057.00000 0.7074
21062.00000 0.7132
21067.00000 0.7132
21072.00000 0.7142
21077.00000 0.7151
21082.00000 0.7152
21087.00000 0.7162
21092.00000 0.7166
21097.00000 0.7181
21102.00000 0.7182
21107.00000 0.7183
21112.00000 0.7196
21117.00000 0.7204
21122.00000 0.7206
21127.00000 0.7214
21132.00000 0.721
21137.00000 0.7267
21142.00000 0.7272
21147.00000 0.7254
21152.00000 0.7206
21157.00000 0.7264
21162.00000 0.7253
21167.00000 0.7204
21172.00000 0.7248
21177.00000 0.7155
21182.00000 0.7223
21187.00000 0.7219
21192.00000 0.7218
21197.00000 0.7221
21203.00000 0.7182
21208.00000 0.7199
21213.00000 0.7248
21218.00000 0.7168
21223.00000 0.7189
21228.00000 0.7247
21233.00000 0.7226
21238.00000 0.7328
21243.00000 0.7363
21248.00000 0.732
21253.00000 0.736
21258.00000 0.735
21263.00000 0.7301
21268.00000 0.7338
21273.00000 0.7337
21278.00000 0.7291
21283.00000 0.7322
21288.00000 0.7275
21293.00000 0.7321
21298.00000 0.7265
21303.00000 0.7268
21308.00000 0.7266
21313.00000 0.7224
21318.00000 0.7237
21323.00000 0.7204
21328.00000 0.7269
21333.00000 0.7273
21338.00000 0.7283
21343.00000 0.7299
21348.00000 0.731
21353.00000 0.7363
21358.00000 0.7318
21363.00000 0.7323
21368.00000 0.7343
21373.00000 0.7394
21378.00000 0.7348
21383.00000 0.7361
21388.00000 0.7328
21393.00000 0.7393
21398.00000 0.7487
21403.00000 0.7434
21408.00000 0.7473
21413.00000 0.7426
21418.00000 0.7475
21423.00000 0.7458
21428.00000 0.7448
21433.00000 0.7441
21438.00000 0.743
21443.00000 0.7422
21448.00000 0.7372
21453.00000 0.7407
21458.00000 0.7405
21463.00000 0.7354
21468.00000 0.7391
21473.00000 0.7385
21478.00000 0.7295
21483.00000 0.7337
21488.00000 0.7297
21493.00000 0.7347
21498.00000 0.735
21503.00000 0.7351
21508.00000 0.7382
21513.00000 0.7337
21518.00000 0.7297
21523.00000 0.7306
21528.00000 0.7308
21533.00000 0.7313
21538.00000 0.7373
21543.00000 0.737
21548.00000 0.7313
21554.00000 0.737
21559.00000 0.7452
21564.00000 0.7427
21569.00000 0.7372
21574.00000 0.7393
21579.00000 0.7259
21584.00000 0.7269
21589.00000 0.7228
21594.00000 0.7289
21599.00000 0.7301
21604.00000 0.7301
21609.00000 0.7272
21614.00000 0.7328
21619.00000 0.7337
21624.00000 0.7389
21629.00000 0.7339
21634.00000 0.7389
21639.00000 0.7389
21644.00000 0.7429
21649.00000 0.7416
21654.00000 0.7401
21659.00000 0.7398
21664.00000 0.7393
21669.00000 0.7373
21674.00000 0.7328
21679.00000 0.7329
21684.00000 0.7321
21689.00000 0.7292
21694.00000 0.7334
21699.00000 0.7291
21704.00000 0.7313
21709.00000 0.7319
21714.00000 0.7324
21719.00000 0.7345
21724.00000 0.7348
21729.00000 0.7358
21734.00000 0.7374
21739.00000 0.7424
21744.00000 0.7385
21749.00000 0.7438
21754.00000 0.7401
21759.00000 0.7486
21764.00000 0.7517
21769.00000 0.7458
21774.00000 0.7445
21779.00000 0.7479
21784.00000 0.7464
21789.00000 0.7405
21794.00000 0.7438
21799.00000 0.7346
21804.00000 0.734
21809.00000 0.7345
21814.00000 0.7346
21819.00000 0.7267
21824.00000 0.7335
21829.00000 0.7344
21834.00000 0.7315
21839.00000 0.75
21844.00000 0.7481
21849.00000 0.7463
21854.00000 0.7406
21859.00000 0.7402
21864.00000 0.739
21869.00000 0.7386
21874.00000 0.7385
21879.00000 0.7259
21884.00000 0.7235
21889.00000 0.7305
21894.00000 0.733
21899.00000 0.7394
21905.00000 0.74
21910.00000 0.7404
21915.00000 0.7418
21920.00000 0.7552
21925.00000 0.7524
21930.00000 0.7464
21935.00000 0.7492
21940.00000 0.7518
21945.00000 0.7449
21950.00000 0.7464
21955.00000 0.7393
21960.00000 0.741
21965.00000 0.7345
21970.00000 0.7327
21975.00000 0.7301
21980.00000 0.7171
21985.00000 0.7176
21990.00000 0.7178
21995.00000 0.7196
22000.00000 0.7161
22005.00000 0.7173
22010.00000 0.7191
22015.00000 0.7204
22020.00000 0.7268
22025.00000 0.7239
22030.00000 0.7285
22035.00000 0.7256
22040.00000 0.7318
22045.00000 0.7321
22050.00000 0.7329
22055.00000 0.7374
22060.00000 0.7337
22065.00000 0.7379
22070.00000 0.734
22075.00000 0.7392
22080.00000 0.7349
22085.00000 0.7394
22090.00000 0.7358
22095.00000 0.7398
22100.00000 0.737
22105.00000 0.7381
22110.00000 0.7412
22115.00000 0.7386
22120.00000 0.7434
22125.00000 0.7465
22130.00000 0.7429
22135.00000 0.7459
22140.00000 0.7411
22145.00000 0.7423
22150.00000 0.7418
22155.00000 0.7415
22160.00000 0.7421
22165.00000 0.7416
22170.00000 0.7454
22175.00000 0.7413
22180.00000 0.7417
22185.00000 0.7457
22190.00000 0.7407
22195.00000 0.7448
22200.00000 0.7367
22205.00000 0.7412
22210.00000 0.738
22215.00000 0.7421
22220.00000 0.7424
22225.00000 0.7432
22230.00000 0.7466
22235.00000 0.7419
22240.00000 0.7424
22245.00000 0.7423
22251.00000 0.7428
22256.00000 0.7392
22261.00000 0.7438
22266.00000 0.7403
22271.00000 0.7455
22276.00000 0.745
22281.00000 0.7454
22286.00000 0.7493
22291.00000 0.7449
22296.00000 0.7482
22301.00000 0.7437
22306.00000 0.7441
22311.00000 0.744
22316.00000 0.7443
22321.00000 0.7476
22326.00000 0.743
22331.00000 0.7476
22336.00000 0.7423
22341.00000 0.7427
22346.00000 0.7432
22351.00000 0.7425
22356.00000 0.7424
22361.00000 0.7432
22366.00000 0.743
22371.00000 0.7394
22376.00000 0.7443
22381.00000 0.7438
22386.00000 0.7443
22391.00000 0.7411
22396.00000 0.7455
22401.00000 0.7416
22406.00000 0.7426
22411.00000 0.7439
22416.00000 0.7443
22421.00000 0.7498
22426.00000 0.7462
22431.00000 0.7503
22436.00000 0.7474
22441.00000 0.7554
22446.00000 0.7508
22451.00000 0.7513
22456.00000 0.7509
22461.00000 0.7509
22466.00000 0.7483
22471.00000 0.7522
22476.00000 0.7492
22481.00000 0.7542
22486.00000 0.7576
22491.00000 0.753
22496.00000 0.7567
22501.00000 0.7525
22506.00000 0.7526
22511.00000 0.7523
22516.00000 0.7529
22521.00000 0.7527
22526.00000 0.7524
22531.00000 0.7532
22536.00000 0.7559
22541.00000 0.7522
22546.00000 0.7523
22551.00000 0.7511
22556.00000 0.7514
22561.00000 0.7491
22566.00000 0.7522
22571.00000 0.7488
22576.00000 0.7536
22581.00000 0.7527
22586.00000 0.7537
22591.00000 0.7565
22596.00000 0.7519
22602.00000 0.7553
22607.00000 0.7542
22612.00000 0.7525
22617.00000 0.7515
22622.00000 0.7506
22627.00000 0.7493
22632.00000 0.7442
22637.00000 0.7479
22642.00000 0.7426
22647.00000 0.7428
22652.00000 0.7383
22657.00000 0.742
22662.00000 0.7425
22667.00000 0.7458
22672.00000 0.7402
22677.00000 0.7401
22682.00000 0.7396
22687.00000 0.7389
22692.00000 0.7385
22697.00000 0.7381
22702.00000 0.7386
22707.00000 0.7377
22712.00000 0.7378
22717.00000 0.7407
22722.00000 0.7354
22727.00000 0.7352
22732.00000 0.7346
22737.00000 0.7346
22742.00000 0.7315
22747.00000 0.735
22752.00000 0.7311
22757.00000 0.7361
22762.00000 0.7323
22767.00000 0.7365
22772.00000 0.7366
22777.00000 0.7323
22782.00000 0.7435
22787.00000 0.7389
22792.00000 0.7399
22797.00000 0.7347
22802.00000 0.731
22807.00000 0.7276
22812.00000 0.7315
22817.00000 0.7279
22822.00000 0.7295
22827.00000 0.7302
22832.00000 0.7276
22837.00000 0.7332
22842.00000 0.7366
22847.00000 0.7337
22852.00000 0.7382
22857.00000 0.7372
22862.00000 0.7348
22867.00000 0.7388
22872.00000 0.7346
22877.00000 0.7397
22882.00000 0.7393
22887.00000 0.7389
22892.00000 0.7428
22897.00000 0.7372
22902.00000 0.7407
22907.00000 0.7403
22912.00000 0.7381
22917.00000 0.7376
22922.00000 0.7331
22927.00000 0.7288
22932.00000 0.7331
22937.00000 0.7291
22942.00000 0.7359
22947.00000 0.7318
22953.00000 0.7307
22958.00000 0.7305
22963.00000 0.7318
22968.00000 0.7299
22973.00000 0.7282
22978.00000 0.7262
22983.00000 0.7243
22988.00000 0.7224
22993.00000 0.7185
22998.00000 0.7174
23003.00000 0.7098
23008.00000 0.71
23013.00000 0.7095
23018.00000 0.7079
23023.00000 0.7058
23028.00000 0.7014
23033.00000 0.7034
23038.00000 0.701
23043.00000 0.6993
23048.00000 0.6962
23053.00000 0.6903
23058.00000 0.6919
23063.00000 0.6886
23068.00000 0.6818
23073.00000 0.6818
23078.00000 0.6742
23083.00000 0.6733
23088.00000 0.6644
23093.00000 0.6632
23098.00000 0.6574
23103.00000 0.6504
23108.00000 0.6433
23113.00000 0.6364
23118.00000 0.6246
23123.00000 0.6161
23128.00000 0.6084
23133.00000 0.5945
23138.00000 0.583
23143.00000 0.5697
23148.00000 0.5541
23153.00000 0.5438
23158.00000 0.5299
23163.00000 0.5178
23168.00000 0.4994
23173.00000 0.4816
23178.00000 0.4645
23183.00000 0.4506
23188.00000 0.4319
23193.00000 0.4165
23198.00000 0.399
23203.00000 0.3796
23208.00000 0.3596
23213.00000 0.3441
23218.00000 0.3263
23223.00000 0.3111
23228.00000 0.2951
23233.00000 0.2783
23238.00000 0.2627
23243.00000 0.2468
23248.00000 0.2324
23253.00000 0.2202
23258.00000 0.208
23263.00000 0.1953
23268.00000 0.1827
23273.00000 0.1704
23278.00000 0.1603
23283.00000 0.1501
23288.00000 0.1417
23293.00000 0.1327
23298.00000 0.1234
23303.00000 0.1138
23308.00000 0.1075
23313.00000 0.1006
23318.00000 0.094
23323.00000 0.0885
23328.00000 0.0822
23333.00000 0.0769
23338.00000 0.0712
23343.00000 0.0674
23348.00000 0.063
23353.00000 0.0595
23358.00000 0.0556
23363.00000 0.0516
23368.00000 0.0482
23373.00000 0.0454
23378.00000 0.0429
23383.00000 0.0404
23388.00000 0.0378
23393.00000 0.0357
23398.00000 0.0334
23403.00000 0.0314
23408.00000 0.0297
23413.00000 0.0282
23418.00000 0.0265
23423.00000 0.0248
23428.00000 0.0235
23433.00000 0.022
23438.00000 0.021
23443.00000 0.02
23448.00000 0.0188
23453.00000 0.0179
23458.00000 0.0168
23463.00000 0.0158
23468.00000 0.0151
23473.00000 0.0143
23478.00000 0.0136
23483.00000 0.0129
23488.00000 0.0122
23493.00000 0.0115
23498.00000 0.0109
23503.00000 0.0105
23508.00000 0.01
23513.00000 0.0095
23518.00000 0.009
23523.00000 0.0086
23528.00000 0.0081
23533.00000 0.0078
23538.00000 0.0074
23543.00000 0.0072
23548.00000 0.0068
23553.00000 0.0064
23558.00000 0.0061
23563.00000 0.0059
23568.00000 0.0056
23573.00000 0.0054
23578.00000 0.0051
23583.00000 0.0049
23588.00000 0.0046
23593.00000 0.0045
23598.00000 0.0043
23603.00000 0.0041
23608.00000 0.004
25968.80078 0.0
