threeML/data/optical_filters/Gemini/Flamingos2-HK.ecsv
# %ECSV 0.9
# ---
# datatype:
# - {name: wavelength, unit: Angstrom, datatype: float32}
# - {name: response, datatype: float32}
# meta: !!omap
# - {band_name: HK}
# - {group_name: Flamingos2}
wavelength response
[from data line 1695]
20885.00000 0.6888
20890.00000 0.6882
20895.00000 0.6883
20900.00000 0.6884
20905.00000 0.6894
20910.00000 0.6901
20915.00000 0.6914
20920.00000 0.6925
20925.00000 0.6928
20930.00000 0.6932
20935.00000 0.694
20940.00000 0.6949
20945.00000 0.6942
20950.00000 0.6933
20955.00000 0.6934
20960.00000 0.692
20965.00000 0.6908
20970.00000 0.6912
20975.00000 0.6909
20980.00000 0.6896
20985.00000 0.6908
20990.00000 0.6918
20995.00000 0.6927
21000.00000 0.6931
21005.00000 0.6939
21010.00000 0.6947
21015.00000 0.6949
21020.00000 0.6951
21025.00000 0.6941
21030.00000 0.6937
21035.00000 0.6923
21040.00000 0.6911
21045.00000 0.6911
21050.00000 0.6904
21055.00000 0.6891
21060.00000 0.689
21065.00000 0.6888
21070.00000 0.6881
21075.00000 0.6871
21080.00000 0.6872
21085.00000 0.6873
21090.00000 0.6867
21095.00000 0.6868
21100.00000 0.6873
21105.00000 0.6873
21110.00000 0.6866
21115.00000 0.6869
21120.00000 0.6873
21125.00000 0.6869
21130.00000 0.6865
21135.00000 0.687
21140.00000 0.6873
21145.00000 0.6867
21150.00000 0.6866
21155.00000 0.6876
21160.00000 0.6872
21165.00000 0.6865
21170.00000 0.6863
21175.00000 0.6864
21180.00000 0.6853
21185.00000 0.6845
21190.00000 0.6849
21195.00000 0.6852
21200.00000 0.6843
21205.00000 0.685
21210.00000 0.6862
21215.00000 0.686
21220.00000 0.6859
21225.00000 0.6879
21230.00000 0.6889
21235.00000 0.6893
21240.00000 0.6906
21245.00000 0.6925
21250.00000 0.6947
21255.00000 0.696
21260.00000 0.6979
21265.00000 0.6986
21270.00000 0.6982
21275.00000 0.6974
21280.00000 0.6982
21285.00000 0.6979
21290.00000 0.6973
21295.00000 0.6972
21300.00000 0.6974
21305.00000 0.697
21310.00000 0.6963
21315.00000 0.6964
21320.00000 0.6965
21325.00000 0.6964
21330.00000 0.6968
21335.00000 0.6973
21340.00000 0.6983
21345.00000 0.6988
21350.00000 0.7002
21355.00000 0.7025
21360.00000 0.7033
21365.00000 0.7035
21370.00000 0.7048
21375.00000 0.7064
21380.00000 0.706
21385.00000 0.7067
21390.00000 0.7083
21395.00000 0.7088
21400.00000 0.7083
21405.00000 0.7097
21410.00000 0.7108
21415.00000 0.7118
21420.00000 0.7119
21425.00000 0.712
21430.00000 0.7119
21435.00000 0.7103
21440.00000 0.7092
21445.00000 0.709
21450.00000 0.7083
21455.00000 0.7062
21460.00000 0.7058
21465.00000 0.705
21470.00000 0.7033
21475.00000 0.7015
21480.00000 0.701
21485.00000 0.7008
21490.00000 0.6994
21495.00000 0.6977
21500.00000 0.6978
21505.00000 0.6978
21510.00000 0.6972
21515.00000 0.6975
21520.00000 0.6987
21525.00000 0.6974
21530.00000 0.6954
21535.00000 0.6956
21540.00000 0.6953
21545.00000 0.6951
21550.00000 0.6956
21555.00000 0.6969
21560.00000 0.6974
21565.00000 0.6964
21570.00000 0.6964
21575.00000 0.6974
21580.00000 0.6967
21585.00000 0.6936
21590.00000 0.6925
21595.00000 0.6916
21600.00000 0.6887
21605.00000 0.6893
21610.00000 0.6913
21615.00000 0.6916
21620.00000 0.6913
21625.00000 0.6927
21630.00000 0.6943
21635.00000 0.6945
21640.00000 0.6948
21645.00000 0.6957
21650.00000 0.6969
21655.00000 0.696
21660.00000 0.696
21665.00000 0.6959
21670.00000 0.6952
21675.00000 0.6929
21680.00000 0.6926
21685.00000 0.6926
21690.00000 0.6909
21695.00000 0.6891
21700.00000 0.6895
21705.00000 0.6895
21710.00000 0.689
21715.00000 0.6885
21720.00000 0.6894
21725.00000 0.6902
21730.00000 0.6903
21735.00000 0.6912
21740.00000 0.6932
21745.00000 0.6929
21750.00000 0.6924
21755.00000 0.6939
21760.00000 0.695
21765.00000 0.6944
21770.00000 0.6943
21775.00000 0.6958
21780.00000 0.6958
21785.00000 0.6931
21790.00000 0.6915
21795.00000 0.6914
21800.00000 0.6899
21805.00000 0.6869
21810.00000 0.6854
21815.00000 0.6848
21820.00000 0.6815
21825.00000 0.6813
21830.00000 0.6822
21835.00000 0.6819
21840.00000 0.6803
21845.00000 0.6814
21850.00000 0.6835
21855.00000 0.6836
21860.00000 0.6839
21865.00000 0.6828
21870.00000 0.6813
21875.00000 0.6786
21880.00000 0.676
21885.00000 0.6758
21890.00000 0.6751
21895.00000 0.6727
21900.00000 0.6718
21905.00000 0.6747
21910.00000 0.6753
21915.00000 0.6765
21920.00000 0.6794
21925.00000 0.6801
21930.00000 0.6795
21935.00000 0.6795
21940.00000 0.6808
21945.00000 0.6795
21950.00000 0.6769
21955.00000 0.6751
21960.00000 0.6746
21965.00000 0.6719
21970.00000 0.6679
21975.00000 0.6662
21980.00000 0.6653
21985.00000 0.6618
21990.00000 0.6595
21995.00000 0.6587
22000.00000 0.6569
22005.00000 0.6562
22010.00000 0.6573
22015.00000 0.6592
22020.00000 0.6598
22025.00000 0.6606
22030.00000 0.6632
22035.00000 0.6658
22040.00000 0.6666
22045.00000 0.6676
22050.00000 0.6705
22055.00000 0.6719
22060.00000 0.672
22065.00000 0.6731
22070.00000 0.6753
22075.00000 0.6759
22080.00000 0.6758
22085.00000 0.6773
22090.00000 0.6789
22095.00000 0.6783
22100.00000 0.6786
22105.00000 0.6803
22110.00000 0.6815
22115.00000 0.6813
22120.00000 0.682
22125.00000 0.6843
22130.00000 0.6847
22135.00000 0.6845
22140.00000 0.6863
22145.00000 0.6875
22150.00000 0.686
22155.00000 0.6852
22160.00000 0.6861
22165.00000 0.6868
22170.00000 0.6858
22175.00000 0.6865
22180.00000 0.6877
22185.00000 0.6875
22190.00000 0.6859
22195.00000 0.6867
22200.00000 0.6873
22205.00000 0.6857
22210.00000 0.6849
22215.00000 0.6858
22220.00000 0.6852
22225.00000 0.6844
22230.00000 0.685
22235.00000 0.6864
22240.00000 0.686
22245.00000 0.6846
22250.00000 0.6844
22255.00000 0.6844
22260.00000 0.6825
22265.00000 0.6816
22270.00000 0.6824
22275.00000 0.6825
22280.00000 0.6805
22285.00000 0.6802
22290.00000 0.681
22295.00000 0.6796
22300.00000 0.6786
22305.00000 0.6776
22310.00000 0.6769
22315.00000 0.6742
22320.00000 0.672
22325.00000 0.6714
22330.00000 0.6706
22335.00000 0.6677
22340.00000 0.6661
22345.00000 0.6652
22350.00000 0.6631
22355.00000 0.6597
22360.00000 0.6585
22365.00000 0.658
22370.00000 0.6548
22375.00000 0.6527
22380.00000 0.652
22385.00000 0.6505
22390.00000 0.6479
22395.00000 0.6463
22400.00000 0.6453
22405.00000 0.6436
22410.00000 0.6405
22415.00000 0.6393
22420.00000 0.6387
22425.00000 0.6363
22430.00000 0.6349
22435.00000 0.6345
22440.00000 0.6333
22445.00000 0.6303
22450.00000 0.6289
22455.00000 0.6283
22460.00000 0.6262
22465.00000 0.6232
22470.00000 0.6215
22475.00000 0.6201
22480.00000 0.6171
22485.00000 0.6152
22490.00000 0.615
22495.00000 0.6138
22500.00000 0.6114
22505.00000 0.6091
22510.00000 0.6082
22515.00000 0.6058
22520.00000 0.6033
22525.00000 0.6021
22530.00000 0.6015
22535.00000 0.5989
22540.00000 0.5976
22545.00000 0.5965
22550.00000 0.5959
22555.00000 0.5937
22560.00000 0.5923
22565.00000 0.5921
22570.00000 0.591
22575.00000 0.5893
22580.00000 0.5889
22585.00000 0.5896
22590.00000 0.5885
22595.00000 0.5878
22600.00000 0.5882
22605.00000 0.5881
22610.00000 0.5865
22615.00000 0.5862
22620.00000 0.5862
22625.00000 0.5857
22630.00000 0.5837
22635.00000 0.5832
22640.00000 0.584
22645.00000 0.5831
22650.00000 0.5822
22655.00000 0.5833
22660.00000 0.5837
22665.00000 0.5835
22670.00000 0.5844
22675.00000 0.5861
22680.00000 0.5871
22685.00000 0.5872
22690.00000 0.5885
22695.00000 0.5903
22700.00000 0.5912
22705.00000 0.5917
22710.00000 0.5937
22715.00000 0.5956
22720.00000 0.5964
22725.00000 0.5972
22730.00000 0.5998
22735.00000 0.6015
22740.00000 0.6023
22745.00000 0.6042
22750.00000 0.6072
22755.00000 0.6085
22760.00000 0.6101
22765.00000 0.6131
22770.00000 0.6159
22775.00000 0.6178
22780.00000 0.6201
22785.00000 0.6233
22790.00000 0.6264
22795.00000 0.6277
22800.00000 0.6305
22805.00000 0.6329
22810.00000 0.6333
22815.00000 0.6338
22820.00000 0.6356
22825.00000 0.6391
22830.00000 0.641
22835.00000 0.6435
22840.00000 0.6472
22845.00000 0.6507
22850.00000 0.6535
22855.00000 0.6567
22860.00000 0.6612
22865.00000 0.6634
22870.00000 0.6647
22875.00000 0.6677
22880.00000 0.6708
22885.00000 0.6726
22890.00000 0.6745
22895.00000 0.6779
22900.00000 0.6802
22905.00000 0.6803
22910.00000 0.6818
22915.00000 0.6839
22920.00000 0.6843
22925.00000 0.6843
22930.00000 0.6852
22935.00000 0.6861
22940.00000 0.6858
22945.00000 0.6863
22950.00000 0.6882
22955.00000 0.6897
22960.00000 0.6891
22965.00000 0.6896
22970.00000 0.6904
22975.00000 0.6901
22980.00000 0.6892
22985.00000 0.689
22990.00000 0.6884
22995.00000 0.6866
23000.00000 0.6848
23005.00000 0.6841
23010.00000 0.6831
23015.00000 0.6807
23020.00000 0.6786
23025.00000 0.6794
23030.00000 0.6782
23035.00000 0.6761
23040.00000 0.6756
23045.00000 0.6753
23050.00000 0.6732
23055.00000 0.6719
23060.00000 0.6715
23065.00000 0.6698
23070.00000 0.6674
23075.00000 0.6657
23080.00000 0.6648
23085.00000 0.6637
23090.00000 0.6611
23095.00000 0.66
23100.00000 0.6596
23105.00000 0.6568
23110.00000 0.6545
23115.00000 0.6539
23120.00000 0.6526
23125.00000 0.649
23130.00000 0.647
23135.00000 0.6453
23140.00000 0.6427
23145.00000 0.64
23150.00000 0.6381
23155.00000 0.6371
23160.00000 0.6345
23165.00000 0.6321
23170.00000 0.631
23175.00000 0.6299
23180.00000 0.6273
23185.00000 0.6255
23190.00000 0.6244
23195.00000 0.6224
23200.00000 0.6201
23205.00000 0.6184
23210.00000 0.6176
23215.00000 0.6153
23220.00000 0.6129
23225.00000 0.6119
23230.00000 0.6111
23235.00000 0.6092
23240.00000 0.6072
23245.00000 0.6074
23250.00000 0.6069
23255.00000 0.605
23260.00000 0.6045
23265.00000 0.605
23270.00000 0.6043
23275.00000 0.6038
23280.00000 0.6041
23285.00000 0.6038
23290.00000 0.6025
23295.00000 0.6016
23300.00000 0.602
23305.00000 0.6019
23310.00000 0.6003
23315.00000 0.5996
23320.00000 0.6001
23325.00000 0.5995
23330.00000 0.5989
23335.00000 0.5994
23340.00000 0.6004
23345.00000 0.5996
23350.00000 0.5995
23355.00000 0.6004
23360.00000 0.6014
23365.00000 0.6012
23370.00000 0.6012
23375.00000 0.6028
23380.00000 0.603
23385.00000 0.603
23390.00000 0.6041
23395.00000 0.6064
23400.00000 0.6067
23405.00000 0.6077
23410.00000 0.6099
23415.00000 0.6119
23420.00000 0.6132
23425.00000 0.6144
23430.00000 0.6167
23435.00000 0.618
23440.00000 0.6185
23445.00000 0.6205
23450.00000 0.6234
23455.00000 0.6249
23460.00000 0.6259
23465.00000 0.6274
23470.00000 0.6291
23475.00000 0.6288
23480.00000 0.6295
23485.00000 0.6318
23490.00000 0.6332
23495.00000 0.6332
23500.00000 0.6345
23505.00000 0.6373
23510.00000 0.6391
23515.00000 0.6403
23520.00000 0.643
23525.00000 0.645
23530.00000 0.6458
23535.00000 0.6461
23540.00000 0.6483
23545.00000 0.6493
23550.00000 0.6496
23555.00000 0.6507
23560.00000 0.6525
23565.00000 0.652
23570.00000 0.6516
23575.00000 0.6517
23580.00000 0.6524
23585.00000 0.6525
23590.00000 0.6517
23595.00000 0.653
23600.00000 0.6538
23605.00000 0.6541
23610.00000 0.6549
23615.00000 0.6576
23620.00000 0.6584
23625.00000 0.6576
23630.00000 0.6578
23635.00000 0.6585
23640.00000 0.658
23645.00000 0.6571
23650.00000 0.6577
23655.00000 0.658
23660.00000 0.6566
23665.00000 0.6564
23670.00000 0.6575
23675.00000 0.6573
23680.00000 0.6563
23685.00000 0.6552
23690.00000 0.6551
23695.00000 0.6528
23700.00000 0.6509
23705.00000 0.6502
23710.00000 0.6497
23715.00000 0.6478
23720.00000 0.6459
23725.00000 0.6465
23730.00000 0.6463
23735.00000 0.645
23740.00000 0.645
23745.00000 0.6452
23750.00000 0.6441
23755.00000 0.6426
23760.00000 0.6418
23765.00000 0.6409
23770.00000 0.6381
23775.00000 0.6363
23780.00000 0.6352
23785.00000 0.6346
23790.00000 0.6331
23795.00000 0.6329
23800.00000 0.633
23805.00000 0.6337
23810.00000 0.6331
23815.00000 0.6342
23820.00000 0.6355
23825.00000 0.6341
23830.00000 0.633
23835.00000 0.6331
23840.00000 0.6328
23845.00000 0.6313
23850.00000 0.6305
23855.00000 0.631
23860.00000 0.6302
23865.00000 0.6296
23870.00000 0.6296
23875.00000 0.6299
23880.00000 0.6294
23885.00000 0.6286
23890.00000 0.6299
23895.00000 0.6305
23900.00000 0.6303
23905.00000 0.6309
23910.00000 0.6333
23915.00000 0.6342
23920.00000 0.6346
23925.00000 0.6344
23930.00000 0.6351
23935.00000 0.6339
23940.00000 0.6331
23945.00000 0.6321
23950.00000 0.6315
23955.00000 0.6295
23960.00000 0.6278
23965.00000 0.6288
23970.00000 0.6287
23975.00000 0.628
23980.00000 0.6278
23985.00000 0.629
23990.00000 0.6279
23995.00000 0.6273
24000.00000 0.6276
24005.00000 0.6277
24010.00000 0.6263
24015.00000 0.6253
24020.00000 0.6253
24025.00000 0.6256
24030.00000 0.624
24035.00000 0.6236
24040.00000 0.6242
24045.00000 0.6233
24050.00000 0.6216
24055.00000 0.6213
24060.00000 0.6214
24065.00000 0.6192
24070.00000 0.6171
24075.00000 0.6164
24080.00000 0.615
24085.00000 0.6135
24090.00000 0.6124
24095.00000 0.6124
24100.00000 0.6112
24105.00000 0.6085
24110.00000 0.6075
24115.00000 0.6066
24120.00000 0.604
24125.00000 0.603
24130.00000 0.6026
24135.00000 0.6019
24140.00000 0.6001
24145.00000 0.5986
24150.00000 0.5983
24155.00000 0.5965
24160.00000 0.5941
24165.00000 0.5919
24170.00000 0.5903
24175.00000 0.5872
24180.00000 0.5838
24185.00000 0.5825
24190.00000 0.5809
24195.00000 0.578
24200.00000 0.5757
24205.00000 0.5743
24210.00000 0.5715
24215.00000 0.5681
24220.00000 0.5661
24225.00000 0.5642
24230.00000 0.561
24235.00000 0.5584
24240.00000 0.5562
24245.00000 0.5551
24250.00000 0.5521
24255.00000 0.55
24260.00000 0.5491
24265.00000 0.5472
24270.00000 0.5442
24275.00000 0.5427
24280.00000 0.5418
24285.00000 0.5392
24290.00000 0.537
24295.00000 0.5362
24300.00000 0.5349
24305.00000 0.5325
24310.00000 0.5307
24315.00000 0.5303
24320.00000 0.5286
24325.00000 0.5265
24330.00000 0.5254
24335.00000 0.5253
24340.00000 0.5236
24345.00000 0.5214
24350.00000 0.5211
24355.00000 0.5204
24360.00000 0.5187
24365.00000 0.5161
24370.00000 0.515
24375.00000 0.513
24380.00000 0.5104
24385.00000 0.5095
24390.00000 0.5098
24395.00000 0.5089
24400.00000 0.5077
24405.00000 0.5076
24410.00000 0.5078
24415.00000 0.5065
24420.00000 0.5058
24425.00000 0.5059
24430.00000 0.5052
24435.00000 0.5041
24440.00000 0.5032
24445.00000 0.5046
24450.00000 0.5047
24455.00000 0.5048
24460.00000 0.506
24465.00000 0.5071
24470.00000 0.5072
24475.00000 0.507
24480.00000 0.5086
24485.00000 0.5091
24490.00000 0.5085
24495.00000 0.5087
24500.00000 0.5098
24505.00000 0.5102
24510.00000 0.5103
24515.00000 0.5117
24520.00000 0.5132
24525.00000 0.5142
24530.00000 0.5149
24535.00000 0.5173
24540.00000 0.5191
24545.00000 0.5202
24550.00000 0.5216
24555.00000 0.5241
24560.00000 0.5257
24565.00000 0.5258
24570.00000 0.5273
24575.00000 0.529
24580.00000 0.5296
24585.00000 0.5291
24590.00000 0.5301
24595.00000 0.5306
24600.00000 0.5299
24605.00000 0.5297
24610.00000 0.5305
24615.00000 0.5307
24620.00000 0.5295
24625.00000 0.5295
24630.00000 0.5305
24635.00000 0.5296
24640.00000 0.5286
24645.00000 0.5298
24650.00000 0.5305
24655.00000 0.53
24660.00000 0.5298
24665.00000 0.5316
24670.00000 0.5323
24675.00000 0.5322
24680.00000 0.5333
24685.00000 0.5338
24690.00000 0.5337
24695.00000 0.5327
24700.00000 0.5328
24705.00000 0.5328
24710.00000 0.531
24715.00000 0.5296
24720.00000 0.5297
24725.00000 0.5281
24730.00000 0.5261
24735.00000 0.5244
24740.00000 0.5236
24745.00000 0.522
24750.00000 0.5195
24755.00000 0.518
24760.00000 0.517
24765.00000 0.5147
24770.00000 0.5124
24775.00000 0.5114
24780.00000 0.5097
24785.00000 0.5074
24790.00000 0.5061
24795.00000 0.5052
24800.00000 0.5034
24805.00000 0.5014
24810.00000 0.4996
24815.00000 0.4983
24820.00000 0.4961
24825.00000 0.494
24830.00000 0.4925
24835.00000 0.4911
24840.00000 0.4884
24845.00000 0.4875
24850.00000 0.4873
24855.00000 0.4865
24860.00000 0.4852
24865.00000 0.4852
24870.00000 0.4849
24875.00000 0.4844
24880.00000 0.4839
24885.00000 0.4837
24890.00000 0.4831
24895.00000 0.4819
24900.00000 0.4813
24905.00000 0.4825
24910.00000 0.4829
24915.00000 0.4833
24920.00000 0.4843
24925.00000 0.4851
24930.00000 0.4863
24935.00000 0.4872
24940.00000 0.4891
24945.00000 0.4905
24950.00000 0.4919
24955.00000 0.4931
24960.00000 0.4946
24965.00000 0.4966
24970.00000 0.4979
24975.00000 0.4989
24980.00000 0.5008
24985.00000 0.5015
24990.00000 0.5016
24995.00000 0.5025
25000.00000 0.5039
25005.00000 0.5041
25010.00000 0.5045
25015.00000 0.5052
25020.00000 0.5049
25025.00000 0.5043
25030.00000 0.503
25035.00000 0.5019
25040.00000 0.4999
25045.00000 0.4974
25050.00000 0.4951
25055.00000 0.4919
25060.00000 0.4874
25065.00000 0.4816
25070.00000 0.475
25075.00000 0.4683
25080.00000 0.4603
25085.00000 0.4512
25090.00000 0.4415
25095.00000 0.4305
25100.00000 0.419
25105.00000 0.4073
