threeML/data/optical_filters/Gemini/Flamingos2-Y.ecsv
# %ECSV 0.9
# ---
# datatype:
# - {name: wavelength, unit: Angstrom, datatype: float32}
# - {name: response, datatype: float32}
# meta: !!omap
# - {band_name: Y}
# - {group_name: Flamingos2}
wavelength response
8581.50000 0.0
9535.00000 0.0042
9540.00000 0.0046
9545.00000 0.005
9550.00000 0.0055
9555.00000 0.0061
9560.00000 0.0066
9565.00000 0.0074
9570.00000 0.0083
9575.00000 0.0094
9580.00000 0.0107
9585.00000 0.0124
9590.00000 0.0143
9595.00000 0.0165
9600.00000 0.0192
9605.00000 0.0227
9610.00000 0.0272
9615.00000 0.0325
9620.00000 0.039
9625.00000 0.047
9630.00000 0.0568
9635.00000 0.0687
9640.00000 0.084
9645.00000 0.102
9650.00000 0.1223
9655.00000 0.1447
9660.00000 0.1688
9665.00000 0.1937
9670.00000 0.2193
9675.00000 0.2444
9680.00000 0.2661
9685.00000 0.2842
9690.00000 0.299
9695.00000 0.3114
9700.00000 0.3218
9705.00000 0.3313
9710.00000 0.3402
9715.00000 0.3475
9720.00000 0.3557
9725.00000 0.3633
9730.00000 0.3716
9735.00000 0.3803
9740.00000 0.3888
9745.00000 0.3964
9750.00000 0.4042
9755.00000 0.4104
9760.00000 0.4164
9765.00000 0.4209
9770.00000 0.4244
9775.00000 0.4267
9780.00000 0.4281
9785.00000 0.4289
9790.00000 0.429
9795.00000 0.4286
9800.00000 0.4286
9805.00000 0.428
9810.00000 0.4277
9815.00000 0.4278
9820.00000 0.4285
9825.00000 0.4299
9830.00000 0.4323
9835.00000 0.4349
9840.00000 0.4386
9845.00000 0.4429
9850.00000 0.4475
9855.00000 0.4528
9860.00000 0.4584
9865.00000 0.4642
9870.00000 0.4697
9875.00000 0.4748
9880.00000 0.4797
9885.00000 0.4843
9890.00000 0.4887
9895.00000 0.4923
9900.00000 0.4954
9905.00000 0.4958
9910.00000 0.4961
9915.00000 0.4955
9920.00000 0.4945
9925.00000 0.4928
9930.00000 0.4905
9935.00000 0.4881
9940.00000 0.4857
9945.00000 0.485
9950.00000 0.484
9955.00000 0.4834
9960.00000 0.4829
9965.00000 0.4837
9970.00000 0.4848
9975.00000 0.4863
9980.00000 0.488
9985.00000 0.4892
9990.00000 0.4908
9995.00000 0.4925
10000.00000 0.494
10005.00000 0.4956
10010.00000 0.4965
10015.00000 0.4974
10020.00000 0.4982
10025.00000 0.4987
10030.00000 0.4984
10035.00000 0.498
10040.00000 0.4971
10045.00000 0.4961
10050.00000 0.495
10055.00000 0.4928
10060.00000 0.4907
10065.00000 0.4886
10070.00000 0.4862
10075.00000 0.4833
10080.00000 0.4803
10085.00000 0.478
10090.00000 0.4751
10095.00000 0.4729
10100.00000 0.4707
10105.00000 0.4693
10110.00000 0.4671
10115.00000 0.4656
10120.00000 0.4641
10125.00000 0.4636
10130.00000 0.4638
10135.00000 0.4644
10140.00000 0.4651
10145.00000 0.4664
10150.00000 0.4682
10155.00000 0.4707
10160.00000 0.473
10165.00000 0.4765
10170.00000 0.4803
10175.00000 0.4845
10180.00000 0.4889
10185.00000 0.4938
10190.00000 0.4989
10195.00000 0.5033
10200.00000 0.5083
10205.00000 0.5115
10210.00000 0.5152
10215.00000 0.518
10220.00000 0.5202
10225.00000 0.5224
10230.00000 0.5241
10235.00000 0.5252
10240.00000 0.5255
10245.00000 0.5247
10250.00000 0.5233
10255.00000 0.5215
10260.00000 0.5193
10265.00000 0.5166
10270.00000 0.5138
10275.00000 0.511
10280.00000 0.5084
10285.00000 0.5058
10290.00000 0.5041
10295.00000 0.5013
10300.00000 0.5002
10305.00000 0.4981
10310.00000 0.4968
10315.00000 0.4956
10320.00000 0.4951
10325.00000 0.4946
10330.00000 0.4949
10335.00000 0.4952
10340.00000 0.4965
10345.00000 0.4979
10350.00000 0.4997
10355.00000 0.5015
10360.00000 0.5038
10365.00000 0.5058
10370.00000 0.5076
10375.00000 0.5098
10380.00000 0.5119
10385.00000 0.5139
10390.00000 0.5158
10395.00000 0.5176
10400.00000 0.5196
10405.00000 0.522
10410.00000 0.5242
10415.00000 0.5257
10420.00000 0.5282
10425.00000 0.5293
10430.00000 0.5315
10435.00000 0.5319
10440.00000 0.5324
10445.00000 0.5323
10450.00000 0.5325
10455.00000 0.5317
10460.00000 0.5316
10465.00000 0.5305
10470.00000 0.5297
10475.00000 0.5288
10480.00000 0.5278
10485.00000 0.5282
10490.00000 0.5288
10495.00000 0.5288
10500.00000 0.5289
10505.00000 0.528
10510.00000 0.5268
10515.00000 0.5262
10520.00000 0.5251
10525.00000 0.5241
10530.00000 0.5234
10535.00000 0.5231
10540.00000 0.5227
10545.00000 0.5231
10550.00000 0.5242
10555.00000 0.5253
10560.00000 0.5273
10565.00000 0.5295
10570.00000 0.5324
10575.00000 0.5355
10580.00000 0.5391
10585.00000 0.5426
10590.00000 0.5465
10595.00000 0.5508
10600.00000 0.5548
10605.00000 0.5581
10610.00000 0.5611
10615.00000 0.5627
10620.00000 0.5616
10625.00000 0.5597
10630.00000 0.5545
10635.00000 0.5453
10640.00000 0.5323
10645.00000 0.5147
10650.00000 0.4918
10655.00000 0.4629
10660.00000 0.431
10665.00000 0.397
10670.00000 0.3616
10675.00000 0.326
10680.00000 0.2904
10685.00000 0.256
10690.00000 0.2236
10695.00000 0.1949
10700.00000 0.1694
10705.00000 0.1468
10710.00000 0.1265
10715.00000 0.1082
10720.00000 0.0928
10725.00000 0.0793
10730.00000 0.0681
10735.00000 0.0589
10740.00000 0.0509
10745.00000 0.0439
10750.00000 0.0379
10755.00000 0.0329
10760.00000 0.0286
10765.00000 0.0249
10770.00000 0.0219
10775.00000 0.0192
10780.00000 0.0167
10785.00000 0.0146
10790.00000 0.0129
10795.00000 0.0113
10800.00000 0.01
10805.00000 0.0089
10810.00000 0.0079
10815.00000 0.007
10820.00000 0.0062
10825.00000 0.0056
10830.00000 0.0049
10835.00000 0.0045
10840.00000 0.004
11924.00000 0.0
