threeML/data/optical_filters/Gemini/Flamingos2-JH.ecsv
# %ECSV 0.9
# ---
# datatype:
# - {name: wavelength, unit: Angstrom, datatype: float32}
# - {name: response, datatype: float32}
# meta: !!omap
# - {band_name: JH}
# - {group_name: Flamingos2}
wavelength response
7942.50000 0.0
8825.00000 0.0046
8830.00000 0.0048
8835.00000 0.0053
8840.00000 0.0056
8845.00000 0.0062
8850.00000 0.0063
8855.00000 0.007
8860.00000 0.0075
8865.00000 0.0079
8870.00000 0.0087
8875.00000 0.0093
8880.00000 0.0104
8885.00000 0.0117
8890.00000 0.0133
8895.00000 0.0154
8900.00000 0.0177
8905.00000 0.0208
8910.00000 0.0248
8915.00000 0.0299
8920.00000 0.0363
8925.00000 0.0435
8930.00000 0.0524
8935.00000 0.0622
8940.00000 0.0731
8945.00000 0.0854
8950.00000 0.0967
8955.00000 0.1078
8960.00000 0.1172
8965.00000 0.1249
8970.00000 0.1314
8975.00000 0.137
8980.00000 0.1423
8985.00000 0.1471
8990.00000 0.1523
8995.00000 0.158
9000.00000 0.1646
9005.00000 0.1726
9010.00000 0.1816
9015.00000 0.1914
9020.00000 0.2019
9025.00000 0.2131
9030.00000 0.2242
9035.00000 0.2353
9040.00000 0.2469
9045.00000 0.2573
9050.00000 0.2675
9055.00000 0.2758
9060.00000 0.282
9065.00000 0.2881
9070.00000 0.292
9075.00000 0.2947
9080.00000 0.2962
9085.00000 0.296
9090.00000 0.2958
9095.00000 0.2953
9100.00000 0.2941
9105.00000 0.2934
9110.00000 0.2929
9115.00000 0.2926
9120.00000 0.2937
9125.00000 0.2947
9130.00000 0.2963
9135.00000 0.2985
9140.00000 0.3006
9145.00000 0.3017
9150.00000 0.3035
9155.00000 0.304
9160.00000 0.3048
9165.00000 0.3051
9170.00000 0.3048
9175.00000 0.3045
9180.00000 0.3039
9185.00000 0.303
9190.00000 0.3026
9195.00000 0.302
9200.00000 0.3024
9205.00000 0.3032
9210.00000 0.3046
9215.00000 0.3065
9220.00000 0.3085
9225.00000 0.3105
9230.00000 0.3133
9235.00000 0.3149
9240.00000 0.3165
9245.00000 0.3172
9250.00000 0.317
9255.00000 0.3161
9260.00000 0.3149
9265.00000 0.3132
9270.00000 0.3109
9275.00000 0.3087
9280.00000 0.306
9285.00000 0.3035
9290.00000 0.3007
9295.00000 0.2983
9300.00000 0.2963
9305.00000 0.294
9310.00000 0.2921
9315.00000 0.2906
9320.00000 0.2889
9325.00000 0.2878
9330.00000 0.2866
9335.00000 0.286
9340.00000 0.2852
9345.00000 0.2849
9350.00000 0.285
9355.00000 0.2856
9360.00000 0.2861
9365.00000 0.2884
9370.00000 0.2909
9375.00000 0.2936
9380.00000 0.2972
9385.00000 0.3004
9390.00000 0.3037
9395.00000 0.3079
9400.00000 0.3121
9405.00000 0.3152
9410.00000 0.3189
9415.00000 0.3213
9420.00000 0.3233
9425.00000 0.326
9430.00000 0.3272
9435.00000 0.3281
9440.00000 0.3287
9445.00000 0.3273
9450.00000 0.3276
9455.00000 0.3267
9460.00000 0.326
9465.00000 0.3262
9470.00000 0.3263
9475.00000 0.3267
9480.00000 0.328
9485.00000 0.329
9490.00000 0.3307
9495.00000 0.3322
9500.00000 0.3338
9505.00000 0.3344
9510.00000 0.3351
9515.00000 0.3358
9520.00000 0.3366
9525.00000 0.3384
9530.00000 0.3401
9535.00000 0.3418
9540.00000 0.3431
9545.00000 0.3448
9550.00000 0.3462
9555.00000 0.3471
9560.00000 0.3489
9565.00000 0.3497
9570.00000 0.3508
9575.00000 0.3515
9580.00000 0.3512
9585.00000 0.3502
9590.00000 0.349
9595.00000 0.3463
9600.00000 0.3437
9605.00000 0.341
9610.00000 0.3381
9615.00000 0.3357
9620.00000 0.3331
9625.00000 0.3317
9630.00000 0.3323
9635.00000 0.3325
9640.00000 0.3346
9645.00000 0.3379
9650.00000 0.3417
9655.00000 0.3467
9660.00000 0.3525
9665.00000 0.3588
9670.00000 0.3667
9675.00000 0.3743
9680.00000 0.381
9685.00000 0.3871
9690.00000 0.3914
9695.00000 0.3942
9700.00000 0.3964
9705.00000 0.3957
9710.00000 0.3943
9715.00000 0.3913
9720.00000 0.3865
9725.00000 0.3824
9730.00000 0.3784
9735.00000 0.374
9740.00000 0.3707
9745.00000 0.3685
9750.00000 0.3684
9755.00000 0.3701
9760.00000 0.3721
9765.00000 0.3764
9770.00000 0.3821
9775.00000 0.3894
9780.00000 0.3984
9785.00000 0.4078
9790.00000 0.4171
9795.00000 0.4277
9800.00000 0.4387
9805.00000 0.4482
9810.00000 0.4574
9815.00000 0.464
9820.00000 0.4705
9825.00000 0.4761
9830.00000 0.4796
9835.00000 0.4816
9840.00000 0.4825
9845.00000 0.4825
9850.00000 0.4831
9855.00000 0.4823
9860.00000 0.4816
9865.00000 0.4814
9870.00000 0.4812
9875.00000 0.4808
9880.00000 0.4819
9885.00000 0.483
9890.00000 0.485
9895.00000 0.4861
9900.00000 0.4882
9905.00000 0.4895
9910.00000 0.4906
9915.00000 0.4916
9920.00000 0.4924
9925.00000 0.4937
9930.00000 0.4943
9935.00000 0.4953
9940.00000 0.4959
9945.00000 0.4979
9950.00000 0.5005
9955.00000 0.5026
9960.00000 0.5048
9965.00000 0.5074
9970.00000 0.5098
9975.00000 0.513
9980.00000 0.5144
9985.00000 0.5157
9990.00000 0.517
9995.00000 0.5177
10000.00000 0.5179
10005.00000 0.5177
10010.00000 0.5165
10015.00000 0.5157
10020.00000 0.5138
10025.00000 0.5116
10030.00000 0.509
10035.00000 0.5065
10040.00000 0.5043
10045.00000 0.5026
10050.00000 0.5004
10055.00000 0.4975
10060.00000 0.4952
10065.00000 0.4921
10070.00000 0.4905
10075.00000 0.4887
10080.00000 0.4862
10085.00000 0.4849
10090.00000 0.4834
10095.00000 0.4821
10100.00000 0.4822
10105.00000 0.4805
10110.00000 0.4808
10115.00000 0.4812
10120.00000 0.4813
10125.00000 0.4826
10130.00000 0.4843
10135.00000 0.4854
10140.00000 0.4877
10145.00000 0.4893
10150.00000 0.4911
10155.00000 0.4933
10160.00000 0.4931
10165.00000 0.495
10170.00000 0.496
10175.00000 0.4967
10180.00000 0.4968
10185.00000 0.4966
10190.00000 0.4956
10195.00000 0.4953
10200.00000 0.4929
10205.00000 0.4905
10210.00000 0.4886
10215.00000 0.4856
10220.00000 0.4835
10225.00000 0.4821
10230.00000 0.4808
10235.00000 0.4807
10240.00000 0.4808
10245.00000 0.4803
10250.00000 0.481
10255.00000 0.4816
10260.00000 0.4826
10265.00000 0.4839
10270.00000 0.4851
10275.00000 0.4863
10280.00000 0.4876
10285.00000 0.4889
10290.00000 0.4901
10295.00000 0.4905
10300.00000 0.4904
10305.00000 0.4907
10310.00000 0.4896
10315.00000 0.4875
10320.00000 0.4869
10325.00000 0.4844
10330.00000 0.483
10335.00000 0.4819
10340.00000 0.4799
10345.00000 0.4799
10350.00000 0.4792
10355.00000 0.4787
10360.00000 0.4807
10365.00000 0.4804
10370.00000 0.4807
10375.00000 0.4829
10380.00000 0.4845
10385.00000 0.4868
10390.00000 0.4896
10395.00000 0.4918
10400.00000 0.4953
10405.00000 0.5003
10410.00000 0.5038
10415.00000 0.5088
10420.00000 0.5127
10425.00000 0.516
10430.00000 0.5204
10435.00000 0.5236
10440.00000 0.5268
10445.00000 0.5299
10450.00000 0.5319
10455.00000 0.5331
10460.00000 0.5344
10465.00000 0.5358
10470.00000 0.5373
10475.00000 0.5374
10480.00000 0.5379
10485.00000 0.5402
10490.00000 0.5412
10495.00000 0.543
10500.00000 0.545
10505.00000 0.5444
10510.00000 0.545
10515.00000 0.5455
10520.00000 0.5458
10525.00000 0.5464
10530.00000 0.5474
10535.00000 0.5474
10540.00000 0.5495
10545.00000 0.5507
10550.00000 0.5518
10555.00000 0.5545
10560.00000 0.5555
10565.00000 0.557
10570.00000 0.5579
10575.00000 0.5585
10580.00000 0.559
10585.00000 0.5591
10590.00000 0.5576
10595.00000 0.5567
10600.00000 0.5541
10605.00000 0.5513
10610.00000 0.5491
10615.00000 0.5453
10620.00000 0.5425
10625.00000 0.5393
10630.00000 0.5342
10635.00000 0.5326
10640.00000 0.5293
10645.00000 0.5261
10650.00000 0.5239
10655.00000 0.5228
10660.00000 0.521
10665.00000 0.5206
10670.00000 0.5204
10675.00000 0.5213
10680.00000 0.5224
10685.00000 0.5251
10690.00000 0.5298
10695.00000 0.5343
10700.00000 0.5384
10705.00000 0.543
10710.00000 0.5463
10715.00000 0.5502
10720.00000 0.5544
10725.00000 0.5582
10730.00000 0.5609
10735.00000 0.5647
10740.00000 0.5673
10745.00000 0.5712
10750.00000 0.575
10755.00000 0.5777
10760.00000 0.58
10765.00000 0.5818
10770.00000 0.5827
10775.00000 0.5847
10780.00000 0.5846
10785.00000 0.5844
10790.00000 0.5858
10795.00000 0.5848
10800.00000 0.5846
10805.00000 0.583
10810.00000 0.5815
10815.00000 0.5816
10820.00000 0.5796
10825.00000 0.578
10830.00000 0.5771
10835.00000 0.5753
10840.00000 0.5741
10845.00000 0.5747
10850.00000 0.5744
10855.00000 0.5757
10860.00000 0.5767
10865.00000 0.5759
10870.00000 0.5771
10875.00000 0.5763
10880.00000 0.5765
10885.00000 0.5775
10890.00000 0.5774
10895.00000 0.5784
10900.00000 0.5797
10905.00000 0.5808
10910.00000 0.5827
10915.00000 0.584
10920.00000 0.5847
10925.00000 0.5864
10930.00000 0.5877
10935.00000 0.5875
10940.00000 0.5887
10945.00000 0.5869
10950.00000 0.5852
10955.00000 0.5829
10960.00000 0.5808
10965.00000 0.5818
10970.00000 0.583
10975.00000 0.584
10980.00000 0.5856
10985.00000 0.5868
10990.00000 0.5877
10995.00000 0.59
11000.00000 0.5912
11005.00000 0.5897
11010.00000 0.5894
11015.00000 0.5883
11020.00000 0.5875
11025.00000 0.5891
11030.00000 0.5892
11035.00000 0.5909
11040.00000 0.5915
11045.00000 0.593
11050.00000 0.5958
11055.00000 0.5968
11060.00000 0.5973
11065.00000 0.5996
11070.00000 0.5992
11075.00000 0.6005
11080.00000 0.6009
11085.00000 0.5998
11090.00000 0.6003
11095.00000 0.6002
11100.00000 0.5985
11105.00000 0.597
11110.00000 0.5944
11115.00000 0.5926
11120.00000 0.5917
11125.00000 0.5914
11130.00000 0.5931
11135.00000 0.5944
11140.00000 0.5961
11145.00000 0.5975
11150.00000 0.5986
11155.00000 0.5998
11160.00000 0.6021
11165.00000 0.6017
11170.00000 0.6019
11175.00000 0.602
11180.00000 0.6017
11185.00000 0.6013
11190.00000 0.6012
11195.00000 0.5995
11200.00000 0.5982
11205.00000 0.5998
11210.00000 0.6001
11215.00000 0.6011
11220.00000 0.6009
11225.00000 0.5994
11230.00000 0.5988
11235.00000 0.5956
11240.00000 0.5961
11245.00000 0.5933
11250.00000 0.5903
11255.00000 0.5884
11260.00000 0.5868
11265.00000 0.5873
11270.00000 0.588
11275.00000 0.5883
11280.00000 0.5903
11285.00000 0.5927
11290.00000 0.5945
11295.00000 0.5972
11300.00000 0.6
11305.00000 0.6022
11310.00000 0.6054
11315.00000 0.6067
11320.00000 0.6084
11325.00000 0.6085
11330.00000 0.6075
11335.00000 0.6078
11340.00000 0.6068
11345.00000 0.6046
11350.00000 0.6034
11355.00000 0.6019
11360.00000 0.599
11365.00000 0.5986
11370.00000 0.5965
11375.00000 0.5943
11380.00000 0.5935
11385.00000 0.5914
11390.00000 0.5897
11395.00000 0.5902
11400.00000 0.5896
11405.00000 0.5877
11410.00000 0.5867
11415.00000 0.5847
11420.00000 0.5854
11425.00000 0.5872
11430.00000 0.5896
11435.00000 0.5927
11440.00000 0.5945
11445.00000 0.5988
11450.00000 0.6034
11455.00000 0.6061
11460.00000 0.6103
11465.00000 0.6117
11470.00000 0.6118
11475.00000 0.6128
11480.00000 0.6132
11485.00000 0.6114
11490.00000 0.6109
11495.00000 0.6083
11500.00000 0.6056
11505.00000 0.6042
11510.00000 0.6015
11515.00000 0.5989
11520.00000 0.5962
11525.00000 0.5931
11530.00000 0.5917
11535.00000 0.5896
11540.00000 0.5871
11545.00000 0.5868
11550.00000 0.5861
11555.00000 0.5851
11560.00000 0.5867
11565.00000 0.5866
11570.00000 0.5876
11575.00000 0.5888
11580.00000 0.5916
11585.00000 0.5942
11590.00000 0.5977
11595.00000 0.6005
11600.00000 0.6046
11605.00000 0.6092
11610.00000 0.6144
11615.00000 0.6201
11620.00000 0.6232
11625.00000 0.6266
11630.00000 0.6306
11635.00000 0.6329
11640.00000 0.6346
11645.00000 0.6362
11650.00000 0.6359
11655.00000 0.635
11660.00000 0.6335
11665.00000 0.6311
11670.00000 0.6286
11675.00000 0.625
11680.00000 0.6214
11685.00000 0.6181
11690.00000 0.6145
11695.00000 0.6108
11700.00000 0.6066
11705.00000 0.6021
11710.00000 0.599
11715.00000 0.5949
11720.00000 0.5922
11725.00000 0.5894
11730.00000 0.586
11735.00000 0.5844
11740.00000 0.5823
11745.00000 0.5823
11750.00000 0.5829
11755.00000 0.5841
11760.00000 0.5858
11765.00000 0.5886
11770.00000 0.5921
11775.00000 0.5948
11780.00000 0.5993
11785.00000 0.6028
11790.00000 0.6059
11795.00000 0.6099
11800.00000 0.6132
11805.00000 0.6164
11810.00000 0.6196
11815.00000 0.6215
11820.00000 0.6242
11825.00000 0.627
11830.00000 0.6299
11835.00000 0.6321
11840.00000 0.6332
11845.00000 0.635
11850.00000 0.6373
11855.00000 0.6375
11860.00000 0.638
11865.00000 0.6382
11870.00000 0.6367
11875.00000 0.6357
11880.00000 0.6344
11885.00000 0.6323
11890.00000 0.6304
11895.00000 0.6277
11900.00000 0.6253
11905.00000 0.6244
11910.00000 0.6218
11915.00000 0.62
11920.00000 0.6185
11925.00000 0.6161
11930.00000 0.6146
11935.00000 0.613
11940.00000 0.6108
11945.00000 0.6096
11950.00000 0.6078
11955.00000 0.6059
11960.00000 0.6049
11965.00000 0.6038
11970.00000 0.6027
11975.00000 0.6017
11980.00000 0.6004
11985.00000 0.5995
11990.00000 0.5978
11995.00000 0.5962
12000.00000 0.596
12005.00000 0.5968
12010.00000 0.596
12015.00000 0.5971
12020.00000 0.5982
12025.00000 0.5979
12030.00000 0.5993
12035.00000 0.6001
12040.00000 0.6013
12045.00000 0.6026
12050.00000 0.6032
12055.00000 0.6047
12060.00000 0.6062
12065.00000 0.6074
12070.00000 0.6093
12075.00000 0.6114
12080.00000 0.6131
12085.00000 0.6154
12090.00000 0.617
12095.00000 0.6193
12100.00000 0.6213
12105.00000 0.6237
12110.00000 0.6263
12115.00000 0.6288
12120.00000 0.6308
12125.00000 0.6323
12130.00000 0.6336
12135.00000 0.6341
12140.00000 0.6349
12145.00000 0.6357
12150.00000 0.6354
12155.00000 0.6361
12160.00000 0.636
12165.00000 0.636
12170.00000 0.6363
12175.00000 0.6361
12180.00000 0.6374
12185.00000 0.6365
12190.00000 0.6366
12195.00000 0.637
12200.00000 0.6367
12205.00000 0.6367
12210.00000 0.6372
12215.00000 0.6371
12220.00000 0.6377
12225.00000 0.6399
12230.00000 0.6404
12235.00000 0.6422
12240.00000 0.644
12245.00000 0.6443
12250.00000 0.6449
12255.00000 0.6462
12260.00000 0.6469
12265.00000 0.6476
12270.00000 0.6468
12275.00000 0.6471
12280.00000 0.6475
12285.00000 0.6473
12290.00000 0.6476
12295.00000 0.6477
12300.00000 0.6477
12305.00000 0.6481
12310.00000 0.6481
12315.00000 0.6477
12320.00000 0.6479
12325.00000 0.6468
12330.00000 0.6473
12335.00000 0.6464
12340.00000 0.6459
12345.00000 0.6463
12350.00000 0.6463
12355.00000 0.6463
12360.00000 0.6468
12365.00000 0.6483
12370.00000 0.6495
12375.00000 0.6507
12380.00000 0.6518
12385.00000 0.652
12390.00000 0.6534
12395.00000 0.6526
12400.00000 0.6532
12405.00000 0.6525
12410.00000 0.6512
12415.00000 0.6509
12420.00000 0.6494
12425.00000 0.6486
12430.00000 0.6474
12435.00000 0.6459
12440.00000 0.6459
12445.00000 0.6462
12450.00000 0.6468
12455.00000 0.6472
12460.00000 0.648
12465.00000 0.6488
12470.00000 0.6485
12475.00000 0.6504
12480.00000 0.6508
12485.00000 0.6521
12490.00000 0.6518
12495.00000 0.6516
12500.00000 0.6532
12505.00000 0.6537
12510.00000 0.6536
12515.00000 0.6553
12520.00000 0.6559
12525.00000 0.6573
12530.00000 0.6568
12535.00000 0.6568
12540.00000 0.6573
12545.00000 0.6588
12550.00000 0.6594
12555.00000 0.6603
12560.00000 0.6602
12565.00000 0.6606
12570.00000 0.6599
12575.00000 0.6588
12580.00000 0.6586
12585.00000 0.6561
12590.00000 0.6527
12595.00000 0.65
12600.00000 0.6463
12605.00000 0.6427
12610.00000 0.6397
12615.00000 0.6355
12620.00000 0.631
12625.00000 0.6281
12630.00000 0.6246
12635.00000 0.6229
12640.00000 0.6199
12645.00000 0.6176
12650.00000 0.6166
12655.00000 0.6143
12660.00000 0.6123
12665.00000 0.611
12670.00000 0.6092
12675.00000 0.6077
12680.00000 0.6071
12685.00000 0.6062
12690.00000 0.6065
12695.00000 0.6078
12700.00000 0.6077
12705.00000 0.6107
12710.00000 0.6118
12715.00000 0.6133
12720.00000 0.6174
12725.00000 0.6192
12730.00000 0.6217
12735.00000 0.6247
12740.00000 0.628
12745.00000 0.6309
12750.00000 0.6334
12755.00000 0.6356
12760.00000 0.6391
12765.00000 0.6419
12770.00000 0.6444
12775.00000 0.6481
12780.00000 0.6499
12785.00000 0.6518
12790.00000 0.6545
12795.00000 0.655
12800.00000 0.6567
12805.00000 0.6574
12810.00000 0.6577
12815.00000 0.6584
12820.00000 0.6583
12825.00000 0.6568
12830.00000 0.6559
12835.00000 0.6546
12840.00000 0.6531
12845.00000 0.6521
12850.00000 0.6501
12855.00000 0.6489
12860.00000 0.6477
12865.00000 0.6469
12870.00000 0.6471
12875.00000 0.647
12880.00000 0.6458
12885.00000 0.6461
12890.00000 0.6466
12895.00000 0.6454
12900.00000 0.6453
12905.00000 0.6452
12910.00000 0.6457
12915.00000 0.6474
12920.00000 0.6472
12925.00000 0.6471
12930.00000 0.6477
12935.00000 0.6469
12940.00000 0.6484
12945.00000 0.6469
12950.00000 0.6469
12955.00000 0.6473
12960.00000 0.6469
12965.00000 0.6473
12970.00000 0.6502
12975.00000 0.6503
12980.00000 0.6519
12985.00000 0.6526
12990.00000 0.6522
12995.00000 0.6535
13000.00000 0.654
13005.00000 0.654
13010.00000 0.6555
13015.00000 0.6558
13020.00000 0.6565
13025.00000 0.6558
13030.00000 0.6563
13035.00000 0.6571
13040.00000 0.6571
13045.00000 0.657
13050.00000 0.6579
13055.00000 0.6578
13060.00000 0.6581
13065.00000 0.6591
13070.00000 0.6588
13075.00000 0.6588
13080.00000 0.6589
13085.00000 0.6595
13090.00000 0.6595
13095.00000 0.6607
13100.00000 0.6601
13105.00000 0.6603
13110.00000 0.6596
