threeML/data/optical_filters/Gemini/Flamingos2-JH.ecsv
# %ECSV 0.9
# ---
# datatype:
# - {name: wavelength, unit: Angstrom, datatype: float32}
# - {name: response, datatype: float32}
# meta: !!omap
# - {band_name: JH}
# - {group_name: Flamingos2}
wavelength response
[from data line 860]
13120.00000 0.6591
13125.00000 0.6575
13130.00000 0.6563
13135.00000 0.6546
13140.00000 0.6539
13145.00000 0.6528
13150.00000 0.6518
13155.00000 0.65
13160.00000 0.6484
13165.00000 0.6487
13170.00000 0.6483
13175.00000 0.6494
13180.00000 0.6488
13185.00000 0.6497
13190.00000 0.6513
13195.00000 0.6525
13200.00000 0.6539
13205.00000 0.655
13210.00000 0.6553
13215.00000 0.6574
13220.00000 0.6586
13225.00000 0.659
13230.00000 0.6604
13235.00000 0.6608
13240.00000 0.6619
13245.00000 0.6632
13250.00000 0.6645
13255.00000 0.6651
13260.00000 0.6648
13265.00000 0.666
13270.00000 0.6668
13275.00000 0.6667
13280.00000 0.6663
13285.00000 0.6648
13290.00000 0.6633
13295.00000 0.662
13300.00000 0.6601
13305.00000 0.6585
13310.00000 0.6565
13315.00000 0.6551
13320.00000 0.6535
13325.00000 0.6512
13330.00000 0.6488
13335.00000 0.6461
13340.00000 0.6441
13345.00000 0.6409
13350.00000 0.638
13355.00000 0.6363
13360.00000 0.6335
13365.00000 0.6324
13370.00000 0.6313
13375.00000 0.6305
13380.00000 0.6305
13385.00000 0.6311
13390.00000 0.631
13395.00000 0.6324
13400.00000 0.6337
13405.00000 0.6353
13410.00000 0.6367
13415.00000 0.638
13420.00000 0.6407
13425.00000 0.6437
13430.00000 0.6466
13435.00000 0.6502
13440.00000 0.653
13445.00000 0.6544
13450.00000 0.6584
13455.00000 0.6607
13460.00000 0.6627
13465.00000 0.6649
13470.00000 0.6669
13475.00000 0.669
13480.00000 0.6709
13485.00000 0.6728
13490.00000 0.6759
13495.00000 0.6785
13500.00000 0.6793
13505.00000 0.6818
13510.00000 0.6835
13515.00000 0.6854
13520.00000 0.6868
13525.00000 0.6853
13530.00000 0.6847
13535.00000 0.6847
13540.00000 0.682
13545.00000 0.6802
13550.00000 0.6816
13555.00000 0.6787
13560.00000 0.6795
13565.00000 0.6782
13570.00000 0.6773
13575.00000 0.6786
13580.00000 0.6778
13585.00000 0.677
13590.00000 0.678
13595.00000 0.6783
13600.00000 0.6787
13605.00000 0.6746
13610.00000 0.679
13615.00000 0.6789
13620.00000 0.6805
13625.00000 0.6795
13630.00000 0.6823
13635.00000 0.6826
13640.00000 0.679
13645.00000 0.6817
13650.00000 0.6773
13655.00000 0.6808
13660.00000 0.6805
13665.00000 0.6802
13670.00000 0.6797
13675.00000 0.6762
13680.00000 0.6775
13685.00000 0.6754
13690.00000 0.6765
13695.00000 0.6733
13700.00000 0.6748
13705.00000 0.6671
13710.00000 0.6665
13715.00000 0.6654
13720.00000 0.6602
13725.00000 0.6614
13730.00000 0.6633
13735.00000 0.6618
13740.00000 0.6619
13745.00000 0.661
13750.00000 0.6624
13755.00000 0.6639
13760.00000 0.6632
13765.00000 0.6624
13770.00000 0.6623
13775.00000 0.6623
13780.00000 0.6643
13785.00000 0.6612
13790.00000 0.6619
13795.00000 0.6624
13800.00000 0.6584
13805.00000 0.6579
13810.00000 0.6644
13815.00000 0.6676
13820.00000 0.6667
13825.00000 0.6647
13830.00000 0.6723
13835.00000 0.6682
13840.00000 0.678
13845.00000 0.6771
13850.00000 0.6775
13855.00000 0.6784
13860.00000 0.6792
13865.00000 0.6816
13870.00000 0.6826
13875.00000 0.6836
13880.00000 0.6804
13885.00000 0.6842
13890.00000 0.6852
13895.00000 0.6862
13900.00000 0.6862
13905.00000 0.6866
13910.00000 0.6877
13915.00000 0.6875
13920.00000 0.6837
13925.00000 0.6891
13930.00000 0.6903
13935.00000 0.6931
13940.00000 0.6943
13945.00000 0.6932
13950.00000 0.6944
13955.00000 0.6951
13960.00000 0.6911
13965.00000 0.697
13970.00000 0.6975
13975.00000 0.6989
13980.00000 0.6994
13985.00000 0.7012
13990.00000 0.7002
13995.00000 0.7026
14000.00000 0.7033
14005.00000 0.706
14010.00000 0.7054
14015.00000 0.7092
14020.00000 0.7108
14025.00000 0.7113
14030.00000 0.7131
14035.00000 0.714
14040.00000 0.7151
14045.00000 0.7126
14050.00000 0.7148
14055.00000 0.7149
14060.00000 0.7151
14065.00000 0.7128
14070.00000 0.7121
14075.00000 0.7107
14080.00000 0.7097
14085.00000 0.7098
14090.00000 0.7069
14095.00000 0.7087
14100.00000 0.7066
14105.00000 0.706
14110.00000 0.7057
14115.00000 0.7054
14120.00000 0.7044
14125.00000 0.7048
14130.00000 0.7029
14135.00000 0.7017
14140.00000 0.6982
14145.00000 0.6977
14150.00000 0.6971
14155.00000 0.6963
14160.00000 0.6945
14165.00000 0.6961
14170.00000 0.695
14175.00000 0.696
14180.00000 0.6961
14185.00000 0.6949
14190.00000 0.6941
14195.00000 0.6942
14200.00000 0.6942
14205.00000 0.6948
14210.00000 0.6948
14215.00000 0.6952
14220.00000 0.6954
14225.00000 0.6967
14230.00000 0.6969
14235.00000 0.6973
14240.00000 0.6985
14245.00000 0.6991
14250.00000 0.7008
14255.00000 0.7018
14260.00000 0.7037
14265.00000 0.7056
14270.00000 0.7073
14275.00000 0.7083
14280.00000 0.7109
14285.00000 0.7102
14290.00000 0.7127
14295.00000 0.7137
14300.00000 0.7142
14305.00000 0.7134
14310.00000 0.7123
14315.00000 0.7124
14320.00000 0.7113
14325.00000 0.7122
14330.00000 0.7126
14335.00000 0.7131
14340.00000 0.7138
14345.00000 0.7135
14350.00000 0.7125
14355.00000 0.713
14360.00000 0.7143
14365.00000 0.7151
14370.00000 0.7158
14375.00000 0.7169
14380.00000 0.7177
14385.00000 0.7179
14390.00000 0.7185
14395.00000 0.717
14400.00000 0.7179
14405.00000 0.7175
14410.00000 0.7176
14415.00000 0.7167
14420.00000 0.7168
14425.00000 0.7176
14430.00000 0.7188
14435.00000 0.7184
14440.00000 0.7204
14445.00000 0.7217
14450.00000 0.7202
14455.00000 0.7181
14460.00000 0.72
14465.00000 0.7206
14470.00000 0.7212
14475.00000 0.7222
14480.00000 0.7223
14485.00000 0.7221
14490.00000 0.7203
14495.00000 0.7189
14500.00000 0.7176
14505.00000 0.717
14510.00000 0.7156
14515.00000 0.7147
14520.00000 0.7144
14525.00000 0.7133
14530.00000 0.7139
14535.00000 0.7133
14540.00000 0.7134
14545.00000 0.713
14550.00000 0.7147
14555.00000 0.7155
14560.00000 0.717
14565.00000 0.7174
14570.00000 0.7175
14575.00000 0.7175
14580.00000 0.7169
14585.00000 0.7176
14590.00000 0.7165
14595.00000 0.7174
14600.00000 0.7166
14605.00000 0.7183
14610.00000 0.721
14615.00000 0.7228
14620.00000 0.7263
14625.00000 0.7287
14630.00000 0.7318
14635.00000 0.7341
14640.00000 0.7374
14645.00000 0.7383
14650.00000 0.7392
14655.00000 0.7398
14660.00000 0.741
14665.00000 0.7404
14670.00000 0.7399
14675.00000 0.7388
14680.00000 0.7378
14685.00000 0.7396
14690.00000 0.739
14695.00000 0.7387
14700.00000 0.7389
14705.00000 0.7385
14710.00000 0.7387
14715.00000 0.7397
14720.00000 0.7389
14725.00000 0.7381
14730.00000 0.7376
14735.00000 0.7363
14740.00000 0.7364
14745.00000 0.7352
14750.00000 0.7336
14755.00000 0.7326
14760.00000 0.732
14765.00000 0.7301
14770.00000 0.7285
14775.00000 0.7271
14780.00000 0.7246
14785.00000 0.7249
14790.00000 0.7268
14795.00000 0.7276
14800.00000 0.7283
14805.00000 0.729
14810.00000 0.7306
14815.00000 0.7313
14820.00000 0.7321
14825.00000 0.7331
14830.00000 0.7358
14835.00000 0.7379
14840.00000 0.7405
14845.00000 0.7413
14850.00000 0.7408
14855.00000 0.7418
14860.00000 0.7418
14865.00000 0.7424
14870.00000 0.742
14875.00000 0.7416
14880.00000 0.7409
14885.00000 0.7407
14890.00000 0.7417
14895.00000 0.7411
14900.00000 0.7415
14905.00000 0.7402
14910.00000 0.7402
14915.00000 0.7391
14920.00000 0.7382
14925.00000 0.7381
14930.00000 0.7361
14935.00000 0.7365
14940.00000 0.7353
14945.00000 0.7343
14950.00000 0.7339
14955.00000 0.7324
14960.00000 0.7313
14965.00000 0.7291
14970.00000 0.7265
14975.00000 0.7252
14980.00000 0.7234
14985.00000 0.7217
14990.00000 0.7179
14995.00000 0.7153
15000.00000 0.712
15005.00000 0.7136
15010.00000 0.7139
15015.00000 0.7155
15020.00000 0.7175
15025.00000 0.719
15030.00000 0.7219
15035.00000 0.7248
15040.00000 0.7263
15045.00000 0.7289
15050.00000 0.7302
15055.00000 0.7329
15060.00000 0.735
15065.00000 0.7362
15070.00000 0.7381
15075.00000 0.7403
15080.00000 0.7416
15085.00000 0.7432
15090.00000 0.7446
15095.00000 0.7452
15100.00000 0.7478
15105.00000 0.7488
15110.00000 0.7504
15115.00000 0.7519
15120.00000 0.753
15125.00000 0.7544
15130.00000 0.7559
15135.00000 0.7566
15140.00000 0.7575
15145.00000 0.7593
15150.00000 0.7579
15155.00000 0.7587
15160.00000 0.7596
15165.00000 0.7587
15170.00000 0.7582
15175.00000 0.7576
15180.00000 0.7566
15185.00000 0.7569
15190.00000 0.7562
15195.00000 0.7562
15200.00000 0.756
15205.00000 0.756
15210.00000 0.7551
15215.00000 0.7547
15220.00000 0.7543
15225.00000 0.7537
15230.00000 0.7539
15235.00000 0.7528
15240.00000 0.7532
15245.00000 0.7513
15250.00000 0.748
15255.00000 0.7466
15260.00000 0.7445
15265.00000 0.7436
15270.00000 0.7424
15275.00000 0.7413
15280.00000 0.741
15285.00000 0.7423
15290.00000 0.7442
15295.00000 0.7455
15300.00000 0.7461
15305.00000 0.7473
15310.00000 0.7482
15315.00000 0.7484
15320.00000 0.75
15325.00000 0.7489
15330.00000 0.7491
15335.00000 0.7479
15340.00000 0.7475
15345.00000 0.7462
15350.00000 0.7455
15355.00000 0.7441
15360.00000 0.7436
15365.00000 0.7438
15370.00000 0.7427
15375.00000 0.7423
15380.00000 0.742
15385.00000 0.7412
15390.00000 0.7411
15395.00000 0.7408
15400.00000 0.7391
15405.00000 0.7392
15410.00000 0.7366
15415.00000 0.7352
15420.00000 0.7335
15425.00000 0.7336
15430.00000 0.7343
15435.00000 0.7344
15440.00000 0.734
15445.00000 0.7343
15450.00000 0.7343
15455.00000 0.735
15460.00000 0.736
15465.00000 0.7354
15470.00000 0.7355
15475.00000 0.7364
15480.00000 0.7367
15485.00000 0.7396
15490.00000 0.7433
15495.00000 0.7457
15500.00000 0.7499
15505.00000 0.7494
15510.00000 0.7491
15515.00000 0.7484
15520.00000 0.7483
15525.00000 0.7488
15530.00000 0.748
15535.00000 0.7478
15540.00000 0.7472
15545.00000 0.7498
15550.00000 0.7527
15555.00000 0.755
15560.00000 0.7575
15565.00000 0.7588
15570.00000 0.759
15575.00000 0.7594
15580.00000 0.7605
15585.00000 0.7613
15590.00000 0.7612
15595.00000 0.7613
15600.00000 0.7619
15605.00000 0.7609
15610.00000 0.7624
15615.00000 0.7632
15620.00000 0.7627
15625.00000 0.7634
15630.00000 0.7633
15635.00000 0.7627
15640.00000 0.7629
15645.00000 0.7618
15650.00000 0.7621
15655.00000 0.762
15660.00000 0.7609
15665.00000 0.7605
15670.00000 0.7585
15675.00000 0.7593
15680.00000 0.7577
15685.00000 0.7577
15690.00000 0.7581
15695.00000 0.7587
15700.00000 0.7598
15705.00000 0.7602
15710.00000 0.761
15715.00000 0.7622
15720.00000 0.7629
15725.00000 0.7643
15730.00000 0.7671
15735.00000 0.7688
15740.00000 0.7712
15745.00000 0.7696
15750.00000 0.7683
15755.00000 0.7671
15760.00000 0.7653
15765.00000 0.7666
15770.00000 0.768
15775.00000 0.7683
15780.00000 0.7683
15785.00000 0.7704
15790.00000 0.7736
15795.00000 0.7764
15800.00000 0.7789
15805.00000 0.7803
15810.00000 0.7818
15815.00000 0.7833
15820.00000 0.7856
15825.00000 0.7858
15830.00000 0.7877
15835.00000 0.7878
15840.00000 0.7896
15845.00000 0.7894
15850.00000 0.788
15855.00000 0.7862
15860.00000 0.7854
15865.00000 0.784
15870.00000 0.783
15875.00000 0.781
15880.00000 0.7795
15885.00000 0.7794
15890.00000 0.7778
15895.00000 0.7785
15900.00000 0.7785
15905.00000 0.7774
15910.00000 0.776
15915.00000 0.7747
15920.00000 0.7739
15925.00000 0.7754
15930.00000 0.7762
15935.00000 0.7773
15940.00000 0.7784
15945.00000 0.7756
15950.00000 0.7722
15955.00000 0.77
15960.00000 0.7673
15965.00000 0.764
15970.00000 0.7622
15975.00000 0.7603
15980.00000 0.7585
15985.00000 0.7584
15990.00000 0.757
15995.00000 0.7561
16000.00000 0.7562
16005.00000 0.7564
16010.00000 0.7569
16015.00000 0.7566
16020.00000 0.7561
16025.00000 0.7577
16030.00000 0.7575
16035.00000 0.7583
16040.00000 0.7592
16045.00000 0.7588
16050.00000 0.7606
16055.00000 0.7605
16060.00000 0.7612
16065.00000 0.7627
16070.00000 0.763
16075.00000 0.7627
16080.00000 0.7637
16085.00000 0.7641
16090.00000 0.7647
16095.00000 0.7651
16100.00000 0.7654
16105.00000 0.7669
16110.00000 0.7673
16115.00000 0.7678
16120.00000 0.7698
16125.00000 0.7686
16130.00000 0.7679
16135.00000 0.7674
16140.00000 0.7653
16145.00000 0.7639
16150.00000 0.7628
16155.00000 0.7606
16160.00000 0.7588
16165.00000 0.7577
16170.00000 0.7567
16175.00000 0.7554
16180.00000 0.7534
16185.00000 0.7514
16190.00000 0.7497
16195.00000 0.7468
16200.00000 0.7447
16205.00000 0.7426
16210.00000 0.74
16215.00000 0.7382
16220.00000 0.7367
16225.00000 0.7344
16230.00000 0.7335
16235.00000 0.7315
16240.00000 0.7297
16245.00000 0.7301
16250.00000 0.7288
16255.00000 0.7277
16260.00000 0.7276
16265.00000 0.7283
16270.00000 0.7299
16275.00000 0.7313
16280.00000 0.7317
16285.00000 0.7362
16290.00000 0.7402
16295.00000 0.7426
16300.00000 0.748
16305.00000 0.7464
16310.00000 0.7454
16315.00000 0.7447
16320.00000 0.7431
16325.00000 0.7438
16330.00000 0.7433
16335.00000 0.7425
16340.00000 0.7428
16345.00000 0.744
16350.00000 0.7441
16355.00000 0.7463
16360.00000 0.7464
16365.00000 0.7463
16370.00000 0.7485
16375.00000 0.7486
16380.00000 0.7497
16385.00000 0.7498
16390.00000 0.7492
16395.00000 0.7506
16400.00000 0.7504
16405.00000 0.7494
16410.00000 0.7493
16415.00000 0.748
16420.00000 0.7465
16425.00000 0.7478
16430.00000 0.7468
16435.00000 0.7464
16440.00000 0.7467
16445.00000 0.7453
16450.00000 0.7434
16455.00000 0.7422
16460.00000 0.7401
16465.00000 0.7395
16470.00000 0.7375
16475.00000 0.7354
16480.00000 0.7343
16485.00000 0.7313
16490.00000 0.7287
16495.00000 0.7269
16500.00000 0.7237
16505.00000 0.7216
16510.00000 0.7181
16515.00000 0.7156
16520.00000 0.7138
16525.00000 0.7111
16530.00000 0.7089
16535.00000 0.7072
16540.00000 0.7058
16545.00000 0.7063
16550.00000 0.7068
16555.00000 0.7064
16560.00000 0.7065
16565.00000 0.7053
16570.00000 0.7035
16575.00000 0.7026
16580.00000 0.7011
16585.00000 0.6989
16590.00000 0.697
16595.00000 0.695
16600.00000 0.6929
16605.00000 0.6949
16610.00000 0.6953
16615.00000 0.6969
16620.00000 0.6984
16625.00000 0.7009
16630.00000 0.7035
16635.00000 0.7055
16640.00000 0.7085
16645.00000 0.7102
16650.00000 0.7117
16655.00000 0.7139
16660.00000 0.7152
16665.00000 0.7156
16670.00000 0.7167
16675.00000 0.7167
16680.00000 0.7174
16685.00000 0.7182
16690.00000 0.7168
16695.00000 0.718
16700.00000 0.7188
16705.00000 0.7184
16710.00000 0.7198
16715.00000 0.7197
16720.00000 0.7191
16725.00000 0.7217
16730.00000 0.7222
16735.00000 0.7228
16740.00000 0.724
16745.00000 0.7249
16750.00000 0.7255
16755.00000 0.7267
16760.00000 0.7269
16765.00000 0.7269
16770.00000 0.7281
16775.00000 0.7269
16780.00000 0.7274
16785.00000 0.727
16790.00000 0.7267
16795.00000 0.726
16800.00000 0.7267
16805.00000 0.7255
16810.00000 0.7254
16815.00000 0.7246
16820.00000 0.7234
16825.00000 0.7229
16830.00000 0.7212
16835.00000 0.7192
16840.00000 0.7179
16845.00000 0.7175
16850.00000 0.7156
16855.00000 0.7136
16860.00000 0.7128
16865.00000 0.7134
16870.00000 0.7127
16875.00000 0.713
16880.00000 0.7124
16885.00000 0.7141
16890.00000 0.7157
16895.00000 0.7173
16900.00000 0.7192
16905.00000 0.7176
16910.00000 0.7158
16915.00000 0.7144
16920.00000 0.7132
16925.00000 0.7096
16930.00000 0.7087
16935.00000 0.7064
16940.00000 0.7045
16945.00000 0.7039
16950.00000 0.7044
16955.00000 0.703
16960.00000 0.7038
16965.00000 0.7034
16970.00000 0.7021
16975.00000 0.7021
16980.00000 0.7019
16985.00000 0.6999
16990.00000 0.6992
16995.00000 0.698
17000.00000 0.6961
17005.00000 0.695
17010.00000 0.6944
17015.00000 0.6922
17020.00000 0.6908
17025.00000 0.6894
17030.00000 0.6879
17035.00000 0.6866
17040.00000 0.6849
17045.00000 0.6834
17050.00000 0.6811
17055.00000 0.68
17060.00000 0.6776
17065.00000 0.6737
17070.00000 0.6705
17075.00000 0.6662
17080.00000 0.6616
17085.00000 0.6604
17090.00000 0.6565
17095.00000 0.6547
17100.00000 0.6521
17105.00000 0.6511
17110.00000 0.6508
17115.00000 0.6503
17120.00000 0.6497
17125.00000 0.6494
17130.00000 0.6479
17135.00000 0.6469
17140.00000 0.6472
17145.00000 0.6469
17150.00000 0.6471
17155.00000 0.6473
17160.00000 0.6485
17165.00000 0.648
17170.00000 0.6485
17175.00000 0.6491
17180.00000 0.6502
17185.00000 0.6501
17190.00000 0.6503
17195.00000 0.6514
17200.00000 0.6509
17205.00000 0.6516
17210.00000 0.6517
17215.00000 0.6512
17220.00000 0.6522
17225.00000 0.6526
17230.00000 0.6535
17235.00000 0.6545
17240.00000 0.6547
17245.00000 0.6564
17250.00000 0.6591
17255.00000 0.6608
17260.00000 0.6619
17265.00000 0.6633
17270.00000 0.6644
17275.00000 0.6653
17280.00000 0.6664
17285.00000 0.6667
17290.00000 0.6667
17295.00000 0.6673
17300.00000 0.6679
17305.00000 0.6669
17310.00000 0.6663
17315.00000 0.6647
17320.00000 0.664
17325.00000 0.663
17330.00000 0.6623
17335.00000 0.6618
17340.00000 0.6602
