threeML/data/optical_filters/Gemini/Flamingos2-HK.ecsv
# %ECSV 0.9
# ---
# datatype:
# - {name: wavelength, unit: Angstrom, datatype: float32}
# - {name: response, datatype: float32}
# meta: !!omap
# - {band_name: HK}
# - {group_name: Flamingos2}
wavelength response
11173.50000 0.0
12415.00000 0.0042
12420.00000 0.0048
12425.00000 0.0054
12430.00000 0.006
12435.00000 0.0068
12440.00000 0.0077
12445.00000 0.0087
12450.00000 0.0098
12455.00000 0.0111
12460.00000 0.0125
12465.00000 0.0142
12470.00000 0.0162
12475.00000 0.0183
12480.00000 0.0207
12485.00000 0.0234
12490.00000 0.0264
12495.00000 0.0299
12500.00000 0.0337
12505.00000 0.0383
12510.00000 0.0431
12515.00000 0.0488
12520.00000 0.0552
12525.00000 0.0621
12530.00000 0.0703
12535.00000 0.0793
12540.00000 0.0894
12545.00000 0.1007
12550.00000 0.1135
12555.00000 0.1278
12560.00000 0.1434
12565.00000 0.1614
12570.00000 0.1807
12575.00000 0.2016
12580.00000 0.2241
12585.00000 0.2474
12590.00000 0.2729
12595.00000 0.2985
12600.00000 0.3258
12605.00000 0.3536
12610.00000 0.3803
12615.00000 0.4061
12620.00000 0.4312
12625.00000 0.4567
12630.00000 0.4791
12635.00000 0.5006
12640.00000 0.5199
12645.00000 0.537
12650.00000 0.5513
12655.00000 0.5637
12660.00000 0.5753
12665.00000 0.5836
12670.00000 0.59
12675.00000 0.5955
12680.00000 0.6005
12685.00000 0.6044
12690.00000 0.6077
12695.00000 0.6114
12700.00000 0.6149
12705.00000 0.6175
12710.00000 0.6203
12715.00000 0.624
12720.00000 0.6271
12725.00000 0.6297
12730.00000 0.6319
12735.00000 0.6351
12740.00000 0.6378
12745.00000 0.6394
12750.00000 0.6419
12755.00000 0.6448
12760.00000 0.6459
12765.00000 0.6481
12770.00000 0.6507
12775.00000 0.6525
12780.00000 0.6538
12785.00000 0.6552
12790.00000 0.6565
12795.00000 0.6572
12800.00000 0.6568
12805.00000 0.6573
12810.00000 0.658
12815.00000 0.6569
12820.00000 0.6556
12825.00000 0.6541
12830.00000 0.6516
12835.00000 0.6481
12840.00000 0.6456
12845.00000 0.6429
12850.00000 0.6397
12855.00000 0.6354
12860.00000 0.632
12865.00000 0.6292
12870.00000 0.6258
12875.00000 0.6218
12880.00000 0.6183
12885.00000 0.6136
12890.00000 0.6083
12895.00000 0.603
12900.00000 0.599
12905.00000 0.5942
12910.00000 0.5889
12915.00000 0.5843
12920.00000 0.58
12925.00000 0.5744
12930.00000 0.5693
12935.00000 0.5646
12940.00000 0.5606
12945.00000 0.5551
12950.00000 0.5507
12955.00000 0.5472
12960.00000 0.544
12965.00000 0.5419
12970.00000 0.5406
12975.00000 0.5405
12980.00000 0.5399
12985.00000 0.5392
12990.00000 0.5404
12995.00000 0.5417
13000.00000 0.5422
13005.00000 0.5447
13010.00000 0.548
13015.00000 0.5517
13020.00000 0.5548
13025.00000 0.5595
13030.00000 0.5647
13035.00000 0.5691
13040.00000 0.5745
13045.00000 0.5815
13050.00000 0.5885
13055.00000 0.5947
13060.00000 0.6006
13065.00000 0.6084
13070.00000 0.6153
13075.00000 0.6216
13080.00000 0.6285
13085.00000 0.6359
13090.00000 0.6418
13095.00000 0.6468
13100.00000 0.6525
13105.00000 0.6576
13110.00000 0.6602
13115.00000 0.6626
13120.00000 0.6653
13125.00000 0.6659
13130.00000 0.6644
13135.00000 0.6639
13140.00000 0.6631
13145.00000 0.6602
13150.00000 0.6567
13155.00000 0.6541
13160.00000 0.6509
13165.00000 0.6471
13170.00000 0.644
13175.00000 0.642
13180.00000 0.6387
13185.00000 0.6351
13190.00000 0.6331
13195.00000 0.6313
13200.00000 0.6289
13205.00000 0.6263
13210.00000 0.6254
13215.00000 0.6239
13220.00000 0.6224
13225.00000 0.6214
13230.00000 0.6221
13235.00000 0.6218
13240.00000 0.622
13245.00000 0.6232
13250.00000 0.6252
13255.00000 0.6265
13260.00000 0.6284
13265.00000 0.6321
13270.00000 0.6355
13275.00000 0.6381
13280.00000 0.6414
13285.00000 0.6447
13290.00000 0.6474
13295.00000 0.6492
13300.00000 0.6524
13305.00000 0.6561
13310.00000 0.6585
13315.00000 0.661
13320.00000 0.6641
13325.00000 0.6664
13330.00000 0.6669
13335.00000 0.6678
13340.00000 0.6696
13345.00000 0.6688
13350.00000 0.6673
13355.00000 0.6671
13360.00000 0.6661
13365.00000 0.6648
13370.00000 0.6632
13375.00000 0.6629
13380.00000 0.6618
13385.00000 0.6598
13390.00000 0.6585
13395.00000 0.658
13400.00000 0.6564
13405.00000 0.6541
13410.00000 0.6533
13415.00000 0.6526
13420.00000 0.6506
13425.00000 0.6501
13430.00000 0.6505
13435.00000 0.6501
13440.00000 0.6498
13445.00000 0.6493
13450.00000 0.6501
13455.00000 0.6496
13460.00000 0.649
13465.00000 0.65
13470.00000 0.6508
13475.00000 0.6506
13480.00000 0.6513
13485.00000 0.6534
13490.00000 0.6557
13495.00000 0.6561
13500.00000 0.6581
13505.00000 0.6613
13510.00000 0.663
13515.00000 0.6643
13520.00000 0.6665
13525.00000 0.666
13530.00000 0.6645
13535.00000 0.6623
13540.00000 0.6614
13545.00000 0.6601
13550.00000 0.6573
13555.00000 0.6549
13560.00000 0.6536
13565.00000 0.6508
13570.00000 0.6473
13575.00000 0.6448
13580.00000 0.6418
13585.00000 0.6372
13590.00000 0.633
13595.00000 0.6295
13600.00000 0.6257
13605.00000 0.6216
13610.00000 0.6178
13615.00000 0.6141
13620.00000 0.6091
13625.00000 0.6046
13630.00000 0.6015
13635.00000 0.5987
13640.00000 0.5941
13645.00000 0.5898
13650.00000 0.5863
13655.00000 0.5838
13660.00000 0.5809
13665.00000 0.5793
13670.00000 0.5782
13675.00000 0.5759
13680.00000 0.5741
13685.00000 0.574
13690.00000 0.5736
13695.00000 0.573
13700.00000 0.5729
13705.00000 0.5729
13710.00000 0.5732
13715.00000 0.573
13720.00000 0.5734
13725.00000 0.5779
13730.00000 0.5809
13735.00000 0.5844
13740.00000 0.5897
13745.00000 0.5941
13750.00000 0.5981
13755.00000 0.6024
13760.00000 0.6077
13765.00000 0.6124
13770.00000 0.6168
13775.00000 0.6216
13780.00000 0.6269
13785.00000 0.6295
13790.00000 0.6322
13795.00000 0.6352
13800.00000 0.6389
13805.00000 0.6438
13810.00000 0.6489
13815.00000 0.6541
13820.00000 0.6579
13825.00000 0.6618
13830.00000 0.6664
13835.00000 0.67
13840.00000 0.6729
13845.00000 0.6738
13850.00000 0.6747
13855.00000 0.6754
13860.00000 0.6751
13865.00000 0.6751
13870.00000 0.6756
13875.00000 0.6747
13880.00000 0.6728
13885.00000 0.6719
13890.00000 0.6714
13895.00000 0.6691
13900.00000 0.6674
13905.00000 0.6654
13910.00000 0.6632
13915.00000 0.6603
13920.00000 0.6574
13925.00000 0.6553
13930.00000 0.6538
13935.00000 0.6521
13940.00000 0.6504
13945.00000 0.6489
13950.00000 0.6461
13955.00000 0.6439
13960.00000 0.6419
13965.00000 0.6399
13970.00000 0.6375
13975.00000 0.6364
13980.00000 0.6352
13985.00000 0.6346
13990.00000 0.6335
13995.00000 0.6329
14000.00000 0.6329
14005.00000 0.633
14010.00000 0.634
14015.00000 0.635
14020.00000 0.6373
14025.00000 0.6385
14030.00000 0.64
14035.00000 0.6422
14040.00000 0.6444
14045.00000 0.6455
14050.00000 0.6478
14055.00000 0.6502
14060.00000 0.652
14065.00000 0.6539
14070.00000 0.6561
14075.00000 0.6588
14080.00000 0.6606
14085.00000 0.6635
14090.00000 0.6668
14095.00000 0.6702
14100.00000 0.6726
14105.00000 0.6759
14110.00000 0.6796
14115.00000 0.6827
14120.00000 0.685
14125.00000 0.6868
14130.00000 0.6888
14135.00000 0.6895
14140.00000 0.6905
14145.00000 0.691
14150.00000 0.6909
14155.00000 0.6906
14160.00000 0.6898
14165.00000 0.6904
14170.00000 0.6905
14175.00000 0.6894
14180.00000 0.6888
14185.00000 0.6878
14190.00000 0.6853
14195.00000 0.683
14200.00000 0.6816
14205.00000 0.6797
14210.00000 0.677
14215.00000 0.6748
14220.00000 0.6732
14225.00000 0.6716
14230.00000 0.6692
14235.00000 0.6673
14240.00000 0.6659
14245.00000 0.6653
14250.00000 0.6638
14255.00000 0.6638
14260.00000 0.664
14265.00000 0.6636
14270.00000 0.6643
14275.00000 0.6655
14280.00000 0.6663
14285.00000 0.6663
14290.00000 0.6673
14295.00000 0.6689
14300.00000 0.6694
14305.00000 0.6692
14310.00000 0.6697
14315.00000 0.6705
14320.00000 0.6703
14325.00000 0.6712
14330.00000 0.6734
14335.00000 0.6754
14340.00000 0.676
14345.00000 0.6782
14350.00000 0.6803
14355.00000 0.6814
14360.00000 0.6823
14365.00000 0.6849
14370.00000 0.6874
14375.00000 0.6889
14380.00000 0.6907
14385.00000 0.6919
14390.00000 0.6925
14395.00000 0.6922
14400.00000 0.6929
14405.00000 0.6937
14410.00000 0.6933
14415.00000 0.692
14420.00000 0.6927
14425.00000 0.6932
14430.00000 0.6933
14435.00000 0.694
14440.00000 0.6952
14445.00000 0.6949
14450.00000 0.694
14455.00000 0.6939
14460.00000 0.6944
14465.00000 0.6948
14470.00000 0.6954
14475.00000 0.6965
14480.00000 0.6978
14485.00000 0.696
14490.00000 0.6947
14495.00000 0.6948
14500.00000 0.6935
14505.00000 0.6927
14510.00000 0.693
14515.00000 0.6938
14520.00000 0.6934
14525.00000 0.6939
14530.00000 0.6953
14535.00000 0.6963
14540.00000 0.6965
14545.00000 0.6982
14550.00000 0.7012
14555.00000 0.7038
14560.00000 0.7053
14565.00000 0.7071
14570.00000 0.7092
14575.00000 0.7102
14580.00000 0.7113
14585.00000 0.7131
14590.00000 0.7141
14595.00000 0.7142
14600.00000 0.7151
14605.00000 0.719
14610.00000 0.722
14615.00000 0.7247
14620.00000 0.728
14625.00000 0.7324
14630.00000 0.7354
14635.00000 0.7379
14640.00000 0.7422
14645.00000 0.7442
14650.00000 0.7443
14655.00000 0.7455
14660.00000 0.7474
14665.00000 0.7466
14670.00000 0.7455
14675.00000 0.7448
14680.00000 0.7443
14685.00000 0.7436
14690.00000 0.7429
14695.00000 0.7426
14700.00000 0.7426
14705.00000 0.7409
14710.00000 0.7401
14715.00000 0.7398
14720.00000 0.7386
14725.00000 0.7355
14730.00000 0.7342
14735.00000 0.733
14740.00000 0.7304
14745.00000 0.7269
14750.00000 0.7249
14755.00000 0.7222
14760.00000 0.7187
14765.00000 0.7151
14770.00000 0.7121
14775.00000 0.709
14780.00000 0.7051
14785.00000 0.704
14790.00000 0.7039
14795.00000 0.7018
14800.00000 0.7009
14805.00000 0.7009
14810.00000 0.7001
14815.00000 0.6991
14820.00000 0.6992
14825.00000 0.7005
14830.00000 0.701
14835.00000 0.7018
14840.00000 0.7032
14845.00000 0.704
14850.00000 0.7039
14855.00000 0.704
14860.00000 0.7053
14865.00000 0.7063
14870.00000 0.7054
14875.00000 0.7067
14880.00000 0.708
14885.00000 0.7098
14890.00000 0.7111
14895.00000 0.7138
14900.00000 0.716
14905.00000 0.7178
14910.00000 0.7196
14915.00000 0.7217
14920.00000 0.724
14925.00000 0.7261
14930.00000 0.728
14935.00000 0.7314
14940.00000 0.7334
14945.00000 0.7346
14950.00000 0.7373
14955.00000 0.7397
14960.00000 0.7405
14965.00000 0.7413
14970.00000 0.7424
14975.00000 0.743
14980.00000 0.7434
14985.00000 0.7414
14990.00000 0.7404
14995.00000 0.7385
15000.00000 0.7359
15005.00000 0.738
15010.00000 0.7404
15015.00000 0.7413
15020.00000 0.7423
15025.00000 0.7444
15030.00000 0.7463
15035.00000 0.7475
15040.00000 0.7489
15045.00000 0.75
15050.00000 0.7502
15055.00000 0.7499
15060.00000 0.7504
15065.00000 0.7509
15070.00000 0.7503
15075.00000 0.7498
15080.00000 0.7496
15085.00000 0.7494
15090.00000 0.7489
15095.00000 0.7482
15100.00000 0.7487
15105.00000 0.7488
15110.00000 0.7479
15115.00000 0.7481
15120.00000 0.7481
15125.00000 0.7488
15130.00000 0.7489
15135.00000 0.7495
15140.00000 0.7505
15145.00000 0.7509
15150.00000 0.7506
15155.00000 0.7519
15160.00000 0.7528
15165.00000 0.7522
15170.00000 0.7526
15175.00000 0.7532
15180.00000 0.7534
15185.00000 0.754
15190.00000 0.7554
15195.00000 0.7569
15200.00000 0.7575
15205.00000 0.7579
15210.00000 0.7592
15215.00000 0.7604
15220.00000 0.761
15225.00000 0.7615
15230.00000 0.763
15235.00000 0.7641
15240.00000 0.7644
15245.00000 0.7633
15250.00000 0.7625
15255.00000 0.7611
15260.00000 0.7593
15265.00000 0.759
15270.00000 0.7598
15275.00000 0.7591
15280.00000 0.7588
15285.00000 0.7607
15290.00000 0.763
15295.00000 0.7646
15300.00000 0.7659
15305.00000 0.7683
15310.00000 0.7695
15315.00000 0.7701
15320.00000 0.772
15325.00000 0.7725
15330.00000 0.7722
15335.00000 0.7717
15340.00000 0.7719
15345.00000 0.7722
15350.00000 0.7719
15355.00000 0.7708
15360.00000 0.7715
15365.00000 0.7725
15370.00000 0.7719
15375.00000 0.7728
15380.00000 0.7744
15385.00000 0.7744
15390.00000 0.774
15395.00000 0.7749
15400.00000 0.7753
15405.00000 0.7741
15410.00000 0.7732
15415.00000 0.7733
15420.00000 0.7726
15425.00000 0.7721
15430.00000 0.7728
15435.00000 0.7739
15440.00000 0.7742
15445.00000 0.773
15450.00000 0.7738
15455.00000 0.7741
15460.00000 0.7732
15465.00000 0.7716
15470.00000 0.7715
15475.00000 0.7705
15480.00000 0.7685
15485.00000 0.7695
15490.00000 0.772
15495.00000 0.7732
15500.00000 0.7734
15505.00000 0.7711
15510.00000 0.7689
15515.00000 0.7655
15520.00000 0.762
15525.00000 0.7595
15530.00000 0.7567
15535.00000 0.752
15540.00000 0.749
15545.00000 0.7496
15550.00000 0.7489
15555.00000 0.7478
15560.00000 0.7484
15565.00000 0.7476
15570.00000 0.7453
15575.00000 0.7433
15580.00000 0.7429
15585.00000 0.7417
15590.00000 0.7395
15595.00000 0.7383
15600.00000 0.7379
15605.00000 0.7377
15610.00000 0.7364
15615.00000 0.7371
15620.00000 0.738
15625.00000 0.7377
15630.00000 0.737
15635.00000 0.7385
15640.00000 0.7392
15645.00000 0.7392
15650.00000 0.739
15655.00000 0.741
15660.00000 0.7413
15665.00000 0.7411
15670.00000 0.7418
15675.00000 0.7433
15680.00000 0.7437
15685.00000 0.7442
15690.00000 0.747
15695.00000 0.7497
15700.00000 0.7506
15705.00000 0.7524
15710.00000 0.7551
15715.00000 0.757
15720.00000 0.7578
15725.00000 0.7607
15730.00000 0.7648
15735.00000 0.7668
15740.00000 0.7687
15745.00000 0.7685
15750.00000 0.768
15755.00000 0.7661
15760.00000 0.7649
15765.00000 0.7659
15770.00000 0.7662
15775.00000 0.765
15780.00000 0.7654
15785.00000 0.7684
15790.00000 0.7702
15795.00000 0.7716
15800.00000 0.7741
15805.00000 0.7753
15810.00000 0.7752
15815.00000 0.7758
15820.00000 0.7774
15825.00000 0.7782
15830.00000 0.7783
15835.00000 0.7792
15840.00000 0.7808
15845.00000 0.7795
15850.00000 0.7777
15855.00000 0.7771
15860.00000 0.7766
15865.00000 0.7748
15870.00000 0.7733
15875.00000 0.7736
15880.00000 0.7724
15885.00000 0.7729
15890.00000 0.7738
15895.00000 0.7755
15900.00000 0.7761
15905.00000 0.7756
15910.00000 0.7763
15915.00000 0.7772
15920.00000 0.7764
15925.00000 0.7785
15930.00000 0.7812
15935.00000 0.7842
15940.00000 0.7856
15945.00000 0.7836
15950.00000 0.782
15955.00000 0.7797
15960.00000 0.7768
15965.00000 0.776
15970.00000 0.775
15975.00000 0.7722
15980.00000 0.7702
15985.00000 0.7696
15990.00000 0.7684
15995.00000 0.7666
16000.00000 0.7654
16005.00000 0.7651
16010.00000 0.7639
16015.00000 0.7622
16020.00000 0.7618
16025.00000 0.7607
16030.00000 0.7587
16035.00000 0.7565
16040.00000 0.7556
16045.00000 0.7544
16050.00000 0.7521
16055.00000 0.7505
16060.00000 0.7491
16065.00000 0.7472
16070.00000 0.7445
16075.00000 0.7427
16080.00000 0.7413
16085.00000 0.7394
16090.00000 0.7373
16095.00000 0.736
16100.00000 0.7354
16105.00000 0.7336
16110.00000 0.7323
16115.00000 0.7329
16120.00000 0.7315
16125.00000 0.7294
16130.00000 0.7282
16135.00000 0.7272
16140.00000 0.7257
16145.00000 0.724
16150.00000 0.7227
16155.00000 0.7217
16160.00000 0.72
16165.00000 0.7191
16170.00000 0.7198
16175.00000 0.7199
16180.00000 0.719
16185.00000 0.7187
16190.00000 0.7186
16195.00000 0.7179
16200.00000 0.7175
16205.00000 0.7176
16210.00000 0.7181
16215.00000 0.7176
16220.00000 0.7174
16225.00000 0.719
16230.00000 0.72
16235.00000 0.7206
16240.00000 0.7214
16245.00000 0.7233
16250.00000 0.7244
16255.00000 0.7247
16260.00000 0.7267
16265.00000 0.7305
16270.00000 0.7332
16275.00000 0.7359
16280.00000 0.7399
16285.00000 0.7454
16290.00000 0.7503
16295.00000 0.7554
16300.00000 0.7615
16305.00000 0.7617
16310.00000 0.7606
16315.00000 0.7608
16320.00000 0.7612
16325.00000 0.7612
16330.00000 0.7603
16335.00000 0.7608
16340.00000 0.7615
16345.00000 0.7613
16350.00000 0.7623
16355.00000 0.7638
16360.00000 0.7644
16365.00000 0.7643
16370.00000 0.765
16375.00000 0.7662
16380.00000 0.7662
16385.00000 0.765
16390.00000 0.7651
16395.00000 0.7652
16400.00000 0.7636
16405.00000 0.7624
16410.00000 0.7621
16415.00000 0.7612
16420.00000 0.7588
16425.00000 0.7586
16430.00000 0.7588
16435.00000 0.7582
16440.00000 0.7566
16445.00000 0.7556
16450.00000 0.755
16455.00000 0.7531
16460.00000 0.7504
16465.00000 0.7505
16470.00000 0.7493
16475.00000 0.7466
16480.00000 0.7453
16485.00000 0.7442
16490.00000 0.7415
16495.00000 0.7391
16500.00000 0.7375
16505.00000 0.7358
16510.00000 0.733
16515.00000 0.7301
16520.00000 0.7288
16525.00000 0.728
16530.00000 0.7259
16535.00000 0.7247
16540.00000 0.7249
16545.00000 0.7251
16550.00000 0.7247
16555.00000 0.7262
16560.00000 0.7279
16565.00000 0.7254
16570.00000 0.7239
16575.00000 0.7235
16580.00000 0.7226
16585.00000 0.72
16590.00000 0.717
16595.00000 0.7164
16600.00000 0.7144
16605.00000 0.7142
16610.00000 0.7157
16615.00000 0.7183
16620.00000 0.7191
16625.00000 0.7198
16630.00000 0.7233
16635.00000 0.7254
16640.00000 0.7263
