threeML/data/optical_filters/Gemini/GMOS_N-OIII.ecsv
# %ECSV 0.9
# ---
# datatype:
# - {name: wavelength, unit: Angstrom, datatype: float32}
# - {name: response, datatype: float32}
# meta: !!omap
# - {band_name: OIII}
# - {group_name: GMOS_N}
wavelength response
4241.70020 0.0
4713.00000 0.004
4716.00000 0.003
4719.00000 0.003
4722.00000 0.003
4725.00000 0.003
4728.00000 0.003
4731.00000 0.003
4734.00000 0.003
4737.00000 0.003
4740.00000 0.003
4743.00000 0.003
4746.00000 0.003
4749.00000 0.003
4752.00000 0.003
4755.00000 0.003
4758.00000 0.003
4761.00000 0.003
4764.00000 0.003
4767.00000 0.003
4770.00000 0.003
4773.00000 0.003
4776.00000 0.003
4779.00000 0.003
4782.00000 0.004
4785.00000 0.004
4788.00000 0.004
4791.00000 0.004
4794.00000 0.004
4797.00000 0.004
4800.00000 0.004
4803.00000 0.004
4806.00000 0.004
4809.00000 0.004
4812.00000 0.004
4815.00000 0.004
4818.00000 0.004
4821.00000 0.004
4824.00000 0.004
4827.00000 0.004
4830.00000 0.004
4833.00000 0.004
4836.00000 0.004
4839.00000 0.004
4842.00000 0.004
4845.00000 0.004
4848.00000 0.004
4851.00000 0.004
4854.00000 0.004
4857.00000 0.004
4860.00000 0.004
4863.00000 0.004
4866.00000 0.004
4869.00000 0.004
4872.00000 0.004
4875.00000 0.004
4878.00000 0.005
4881.00000 0.005
4884.00000 0.005
4887.00000 0.006
4890.00000 0.006
4893.00000 0.007
4896.00000 0.007
4899.00000 0.008
4902.00000 0.009
4905.00000 0.009
4908.00000 0.011
4911.00000 0.012
4914.00000 0.013
4917.00000 0.015
4920.00000 0.017
4923.00000 0.019
4926.00000 0.022
4929.00000 0.025
4932.00000 0.029
4935.00000 0.034
4938.00000 0.04
4941.00000 0.047
4944.00000 0.056
4947.00000 0.067
4950.00000 0.082
4953.00000 0.101
4956.00000 0.126
4959.00000 0.158
4962.00000 0.198
4965.00000 0.248
4968.00000 0.307
4971.00000 0.374
4974.00000 0.445
4977.00000 0.518
4980.00000 0.588
4983.00000 0.652
4986.00000 0.707
4989.00000 0.748
4992.00000 0.776
4995.00000 0.79
4998.00000 0.789
5001.00000 0.772
5004.00000 0.74
5007.00000 0.694
5010.00000 0.635
5013.00000 0.566
5016.00000 0.491
5019.00000 0.414
5022.00000 0.34
5025.00000 0.272
5028.00000 0.213
5031.00000 0.165
5034.00000 0.126
5037.00000 0.097
5040.00000 0.075
5043.00000 0.059
5046.00000 0.047
5049.00000 0.038
5052.00000 0.032
5055.00000 0.027
5058.00000 0.023
5061.00000 0.02
5064.00000 0.017
5067.00000 0.015
5070.00000 0.014
5073.00000 0.013
5076.00000 0.012
5079.00000 0.011
5082.00000 0.01
5085.00000 0.009
5088.00000 0.009
5091.00000 0.008
5094.00000 0.008
5097.00000 0.007
5100.00000 0.007
5103.00000 0.007
5106.00000 0.006
5109.00000 0.006
5112.00000 0.006
5115.00000 0.006
5118.00000 0.006
5121.00000 0.006
5124.00000 0.005
5127.00000 0.005
5130.00000 0.005
5133.00000 0.005
5136.00000 0.005
5139.00000 0.005
5142.00000 0.005
5145.00000 0.005
5148.00000 0.005
5151.00000 0.005
5154.00000 0.005
5157.00000 0.004
5160.00000 0.004
5163.00000 0.004
5166.00000 0.004
5169.00000 0.004
5172.00000 0.004
5175.00000 0.004
5178.00000 0.004
5181.00000 0.004
5184.00000 0.004
5187.00000 0.004
5190.00000 0.004
5193.00000 0.004
5196.00000 0.004
5199.00000 0.004
5202.00000 0.004
5205.00000 0.004
5208.00000 0.004
5211.00000 0.004
5214.00000 0.004
5217.00000 0.004
5220.00000 0.004
5223.00000 0.004
5226.00000 0.004
5229.00000 0.004
5232.00000 0.004
5235.00000 0.004
5238.00000 0.004
5241.00000 0.004
5244.00000 0.004
5247.00000 0.004
5250.00000 0.004
5253.00000 0.004
5256.00000 0.004
5259.00000 0.004
5262.00000 0.004
5265.00000 0.004
5268.00000 0.004
5271.00000 0.004
5274.00000 0.004
5277.00000 0.004
5280.00000 0.004
5283.00000 0.004
5286.00000 0.004
5289.00000 0.004
5292.00000 0.004
5295.00000 0.004
5298.00000 0.004
5827.79980 0.0
