threeML/data/optical_filters/Gemini/GMOS_S-u.ecsv
# %ECSV 0.9
# ---
# datatype:
# - {name: wavelength, unit: Angstrom, datatype: float32}
# - {name: response, datatype: float32}
# meta: !!omap
# - {band_name: u}
# - {group_name: GMOS_S}
wavelength response
2781.00000 0.0
3090.00000 0.004
3092.00000 0.004
3094.00000 0.005
3096.00000 0.005
3098.00000 0.005
3100.00000 0.006
3102.00000 0.006
3104.00000 0.007
3106.00000 0.007
3108.00000 0.008
3110.00000 0.008
3112.00000 0.009
3114.00000 0.009
3116.00000 0.01
3118.00000 0.011
3120.00000 0.012
3122.00000 0.012
3124.00000 0.013
3126.00000 0.014
3128.00000 0.015
3130.00000 0.016
3132.00000 0.017
3134.00000 0.018
3136.00000 0.019
3138.00000 0.02
3140.00000 0.021
3142.00000 0.022
3144.00000 0.024
3146.00000 0.025
3148.00000 0.026
3150.00000 0.028
3152.00000 0.029
3154.00000 0.03
3156.00000 0.032
3158.00000 0.034
3160.00000 0.035
3162.00000 0.037
3164.00000 0.038
3166.00000 0.04
3168.00000 0.042
3170.00000 0.044
3172.00000 0.046
3174.00000 0.048
3176.00000 0.05
3178.00000 0.052
3180.00000 0.054
3182.00000 0.056
3184.00000 0.058
3186.00000 0.06
3188.00000 0.062
3190.00000 0.065
3192.00000 0.067
3194.00000 0.069
3196.00000 0.072
3198.00000 0.074
3200.00000 0.077
3202.00000 0.079
3204.00000 0.082
3206.00000 0.085
3208.00000 0.087
3210.00000 0.09
3212.00000 0.093
3214.00000 0.096
3216.00000 0.098
3218.00000 0.101
3220.00000 0.104
3222.00000 0.107
3224.00000 0.11
3226.00000 0.113
3228.00000 0.116
3230.00000 0.119
3232.00000 0.122
3234.00000 0.125
3236.00000 0.129
3238.00000 0.132
3240.00000 0.135
3242.00000 0.138
3244.00000 0.142
3246.00000 0.145
3248.00000 0.148
3250.00000 0.151
3252.00000 0.155
3254.00000 0.158
3256.00000 0.162
3258.00000 0.165
3260.00000 0.169
3262.00000 0.172
3264.00000 0.176
3266.00000 0.179
3268.00000 0.183
3270.00000 0.186
3272.00000 0.19
3274.00000 0.194
3276.00000 0.197
3278.00000 0.201
3280.00000 0.205
3282.00000 0.208
3284.00000 0.212
3286.00000 0.215
3288.00000 0.219
3290.00000 0.223
3292.00000 0.227
3294.00000 0.231
3296.00000 0.234
3298.00000 0.238
3300.00000 0.241
3302.00000 0.245
3304.00000 0.248
3306.00000 0.252
3308.00000 0.256
3310.00000 0.26
3312.00000 0.263
3314.00000 0.267
3316.00000 0.27
3318.00000 0.274
3320.00000 0.277
3322.00000 0.281
3324.00000 0.284
3326.00000 0.288
3328.00000 0.291
3330.00000 0.295
3332.00000 0.298
3334.00000 0.301
3336.00000 0.305
3338.00000 0.308
3340.00000 0.312
3342.00000 0.315
3344.00000 0.318
3346.00000 0.322
3348.00000 0.325
3350.00000 0.328
3352.00000 0.332
3354.00000 0.335
3356.00000 0.338
3358.00000 0.341
3360.00000 0.344
3362.00000 0.348
3364.00000 0.351
3366.00000 0.354
3368.00000 0.357
3370.00000 0.36
3372.00000 0.363
3374.00000 0.366
3376.00000 0.369
3378.00000 0.372
3380.00000 0.375
3382.00000 0.378
3384.00000 0.381
3386.00000 0.384
3388.00000 0.387
3390.00000 0.39
3392.00000 0.393
3394.00000 0.396
3396.00000 0.398
3398.00000 0.401
3400.00000 0.404
3402.00000 0.407
3404.00000 0.41
3406.00000 0.412
3408.00000 0.415
3410.00000 0.417
3412.00000 0.42
3414.00000 0.423
3416.00000 0.425
3418.00000 0.428
3420.00000 0.431
3422.00000 0.433
3424.00000 0.436
3426.00000 0.438
3428.00000 0.441
3430.00000 0.443
3432.00000 0.446
3434.00000 0.449
3436.00000 0.451
3438.00000 0.453
3440.00000 0.455
3442.00000 0.458
3444.00000 0.46
3446.00000 0.463
3448.00000 0.465
3450.00000 0.468
3452.00000 0.47
3454.00000 0.472
3456.00000 0.475
3458.00000 0.477
3460.00000 0.479
3462.00000 0.481
3464.00000 0.484
3466.00000 0.486
3468.00000 0.487
3470.00000 0.49
3472.00000 0.492
3474.00000 0.494
3476.00000 0.496
3478.00000 0.499
3480.00000 0.501
3482.00000 0.503
3484.00000 0.505
3486.00000 0.507
3488.00000 0.509
3490.00000 0.511
3492.00000 0.513
3494.00000 0.515
3496.00000 0.517
3498.00000 0.519
3500.00000 0.521
3502.00000 0.525
3504.00000 0.527
3506.00000 0.528
3508.00000 0.53
3510.00000 0.532
3512.00000 0.534
3514.00000 0.535
3516.00000 0.537
3518.00000 0.54
3520.00000 0.541
3522.00000 0.543
3524.00000 0.544
3526.00000 0.546
3528.00000 0.548
3530.00000 0.549
3532.00000 0.551
3534.00000 0.553
3536.00000 0.554
3538.00000 0.557
3540.00000 0.558
3542.00000 0.559
3544.00000 0.56
3546.00000 0.563
3548.00000 0.564
3550.00000 0.566
3552.00000 0.567
3554.00000 0.568
3556.00000 0.569
3558.00000 0.57
3560.00000 0.571
3562.00000 0.573
3564.00000 0.575
3566.00000 0.576
3568.00000 0.577
3570.00000 0.579
3572.00000 0.579
3574.00000 0.581
3576.00000 0.582
3578.00000 0.583
3580.00000 0.583
3582.00000 0.585
3584.00000 0.587
3586.00000 0.588
3588.00000 0.589
3590.00000 0.59
3592.00000 0.591
3594.00000 0.591
3596.00000 0.594
3598.00000 0.593
3600.00000 0.595
3602.00000 0.595
3604.00000 0.596
3606.00000 0.597
3608.00000 0.599
3610.00000 0.599
3612.00000 0.599
3614.00000 0.601
3616.00000 0.601
3618.00000 0.601
3620.00000 0.602
3622.00000 0.604
3624.00000 0.603
3626.00000 0.604
3628.00000 0.604
3630.00000 0.605
3632.00000 0.606
3634.00000 0.607
3636.00000 0.607
3638.00000 0.607
3640.00000 0.608
3642.00000 0.608
3644.00000 0.608
3646.00000 0.608
3648.00000 0.609
3650.00000 0.61
3652.00000 0.61
3654.00000 0.61
3656.00000 0.61
3658.00000 0.61
3660.00000 0.611
3662.00000 0.61
3664.00000 0.61
3666.00000 0.611
3668.00000 0.611
3670.00000 0.611
3672.00000 0.61
3674.00000 0.611
3676.00000 0.611
3678.00000 0.61
3680.00000 0.61
3682.00000 0.61
3684.00000 0.61
3686.00000 0.61
3688.00000 0.609
3690.00000 0.61
3692.00000 0.608
3694.00000 0.608
3696.00000 0.607
3698.00000 0.607
3700.00000 0.606
3702.00000 0.607
3704.00000 0.605
3706.00000 0.605
3708.00000 0.604
3710.00000 0.603
3712.00000 0.603
3714.00000 0.602
3716.00000 0.601
3718.00000 0.6
3720.00000 0.6
3722.00000 0.599
3724.00000 0.598
3726.00000 0.597
3728.00000 0.594
3730.00000 0.595
3732.00000 0.593
3734.00000 0.592
3736.00000 0.59
3738.00000 0.589
3740.00000 0.588
3742.00000 0.586
3744.00000 0.585
3746.00000 0.584
3748.00000 0.582
3750.00000 0.58
3752.00000 0.578
3754.00000 0.577
3756.00000 0.575
3758.00000 0.573
3760.00000 0.571
3762.00000 0.569
3764.00000 0.567
3766.00000 0.565
3768.00000 0.563
3770.00000 0.561
3772.00000 0.558
3774.00000 0.556
3776.00000 0.554
3778.00000 0.551
3780.00000 0.549
3782.00000 0.545
3784.00000 0.542
3786.00000 0.54
3788.00000 0.538
3790.00000 0.534
3792.00000 0.532
3794.00000 0.529
3796.00000 0.526
3798.00000 0.523
3800.00000 0.519
3802.00000 0.516
3804.00000 0.513
3806.00000 0.51
3808.00000 0.506
3810.00000 0.503
3812.00000 0.499
3814.00000 0.496
3816.00000 0.492
3818.00000 0.489
3820.00000 0.484
3822.00000 0.481
3824.00000 0.477
3826.00000 0.473
3828.00000 0.469
3830.00000 0.465
3832.00000 0.46
3834.00000 0.456
3836.00000 0.452
3838.00000 0.448
3840.00000 0.443
3842.00000 0.438
3844.00000 0.434
3846.00000 0.429
3848.00000 0.424
3850.00000 0.42
3852.00000 0.415
3854.00000 0.41
3856.00000 0.405
3858.00000 0.4
3860.00000 0.395
3862.00000 0.39
3864.00000 0.385
3866.00000 0.379
3868.00000 0.374
3870.00000 0.37
3872.00000 0.365
3874.00000 0.359
3876.00000 0.354
3878.00000 0.349
3880.00000 0.343
3882.00000 0.338
3884.00000 0.332
3886.00000 0.327
3888.00000 0.321
3890.00000 0.316
3892.00000 0.31
3894.00000 0.305
3896.00000 0.299
3898.00000 0.294
3900.00000 0.288
3902.00000 0.283
3904.00000 0.278
3906.00000 0.272
3908.00000 0.266
3910.00000 0.261
3912.00000 0.255
3914.00000 0.25
3916.00000 0.244
3918.00000 0.239
3920.00000 0.234
3922.00000 0.228
3924.00000 0.223
3926.00000 0.218
3928.00000 0.212
3930.00000 0.207
3932.00000 0.202
3934.00000 0.197
3936.00000 0.192
3938.00000 0.186
3940.00000 0.181
3942.00000 0.176
3944.00000 0.172
3946.00000 0.167
3948.00000 0.162
3950.00000 0.157
3952.00000 0.153
3954.00000 0.148
3956.00000 0.144
3958.00000 0.139
3960.00000 0.135
3962.00000 0.13
3964.00000 0.126
3966.00000 0.122
3968.00000 0.118
3970.00000 0.114
3972.00000 0.11
3974.00000 0.106
3976.00000 0.102
3978.00000 0.099
3980.00000 0.095
3982.00000 0.092
3984.00000 0.088
3986.00000 0.085
3988.00000 0.081
3990.00000 0.078
3992.00000 0.075
3994.00000 0.072
3996.00000 0.069
3998.00000 0.067
4000.00000 0.064
4002.00000 0.061
4004.00000 0.058
4006.00000 0.056
4008.00000 0.053
4010.00000 0.051
4012.00000 0.049
4014.00000 0.047
4016.00000 0.045
4018.00000 0.042
4020.00000 0.041
4022.00000 0.038
4024.00000 0.037
4026.00000 0.035
4028.00000 0.033
4030.00000 0.032
4032.00000 0.03
4034.00000 0.028
4036.00000 0.027
4038.00000 0.026
4040.00000 0.024
4042.00000 0.023
4044.00000 0.022
4046.00000 0.02
4048.00000 0.019
4050.00000 0.018
4052.00000 0.017
4054.00000 0.016
4056.00000 0.015
4058.00000 0.014
4060.00000 0.014
4062.00000 0.013
4064.00000 0.012
4066.00000 0.011
4068.00000 0.011
4070.00000 0.01
4072.00000 0.009
4074.00000 0.009
4076.00000 0.008
4078.00000 0.008
4080.00000 0.007
4082.00000 0.007
4084.00000 0.006
4086.00000 0.006
4088.00000 0.006
4090.00000 0.005
4092.00000 0.005
4094.00000 0.005
4096.00000 0.004
4098.00000 0.004
4100.00000 0.004
4510.00000 0.0
