threeML/data/optical_filters/Gemini/GMOS_N-u.ecsv
# %ECSV 0.9
# ---
# datatype:
# - {name: wavelength, unit: Angstrom, datatype: float32}
# - {name: response, datatype: float32}
# meta: !!omap
# - {band_name: u}
# - {group_name: GMOS_N}
wavelength response
2745.00000 0.0
3050.00000 0.004
3060.00000 0.006
3070.00000 0.009
3080.00000 0.013
3090.00000 0.019
3100.00000 0.026
3110.00000 0.035
3120.00000 0.045
3130.00000 0.057
3140.00000 0.071
3150.00000 0.086
3160.00000 0.103
3170.00000 0.121
3180.00000 0.14
3190.00000 0.16
3200.00000 0.181
3210.00000 0.203
3220.00000 0.225
3230.00000 0.247
3240.00000 0.269
3250.00000 0.291
3260.00000 0.313
3270.00000 0.335
3280.00000 0.356
3290.00000 0.377
3300.00000 0.397
3310.00000 0.417
3320.00000 0.435
3330.00000 0.453
3340.00000 0.469
3350.00000 0.485
3360.00000 0.5
3370.00000 0.514
3380.00000 0.527
3390.00000 0.54
3400.00000 0.551
3410.00000 0.563
3420.00000 0.573
3430.00000 0.584
3440.00000 0.593
3450.00000 0.602
3460.00000 0.611
3470.00000 0.619
3480.00000 0.627
3490.00000 0.634
3500.00000 0.641
3510.00000 0.648
3520.00000 0.655
3530.00000 0.66
3540.00000 0.667
3550.00000 0.672
3560.00000 0.677
3570.00000 0.681
3580.00000 0.685
3590.00000 0.688
3600.00000 0.692
3610.00000 0.695
3620.00000 0.697
3630.00000 0.699
3640.00000 0.701
3650.00000 0.702
3660.00000 0.702
3670.00000 0.702
3680.00000 0.701
3690.00000 0.7
3700.00000 0.698
3710.00000 0.695
3720.00000 0.691
3730.00000 0.687
3740.00000 0.681
3750.00000 0.674
3760.00000 0.665
3770.00000 0.656
3780.00000 0.644
3790.00000 0.632
3800.00000 0.617
3810.00000 0.601
3820.00000 0.583
3830.00000 0.562
3840.00000 0.541
3850.00000 0.517
3860.00000 0.491
3870.00000 0.464
3880.00000 0.436
3890.00000 0.406
3900.00000 0.376
3910.00000 0.345
3920.00000 0.314
3930.00000 0.283
3940.00000 0.252
3950.00000 0.223
3960.00000 0.196
3970.00000 0.169
3980.00000 0.145
3990.00000 0.122
4000.00000 0.103
4010.00000 0.085
4020.00000 0.07
4030.00000 0.056
4040.00000 0.045
4050.00000 0.036
4060.00000 0.028
4070.00000 0.022
4080.00000 0.017
4090.00000 0.013
4100.00000 0.01
4110.00000 0.007
4120.00000 0.006
4130.00000 0.004
4543.00000 0.0
