threeML/data/optical_filters/Gemini/GMOS_N-CaT.ecsv
# %ECSV 0.9
# ---
# datatype:
# - {name: wavelength, unit: Angstrom, datatype: float32}
# - {name: response, datatype: float32}
# meta: !!omap
# - {band_name: CaT}
# - {group_name: GMOS_N}
wavelength response
6296.39990 0.0
6996.00000 0.005
6999.00000 0.005
7003.00000 0.006
7006.00000 0.006
7010.00000 0.006
7013.00000 0.006
7017.00000 0.006
7020.00000 0.006
7023.00000 0.006
7027.00000 0.006
7030.00000 0.006
7034.00000 0.006
7037.00000 0.006
7041.00000 0.006
7044.00000 0.006
7048.00000 0.006
7051.00000 0.006
7055.00000 0.006
7058.00000 0.006
7062.00000 0.006
7065.00000 0.006
7068.00000 0.006
7072.00000 0.006
7075.00000 0.006
7079.00000 0.006
7082.00000 0.006
7086.00000 0.006
7089.00000 0.006
7093.00000 0.006
7096.00000 0.006
7100.00000 0.006
7103.00000 0.006
7106.00000 0.006
7110.00000 0.006
7113.00000 0.006
7117.00000 0.006
7120.00000 0.006
7124.00000 0.006
7127.00000 0.006
7131.00000 0.006
7134.00000 0.006
7138.00000 0.006
7141.00000 0.006
7145.00000 0.006
7148.00000 0.006
7151.00000 0.006
7155.00000 0.006
7158.00000 0.006
7162.00000 0.006
7165.00000 0.006
7169.00000 0.006
7172.00000 0.006
7176.00000 0.006
7179.00000 0.006
7183.00000 0.006
7186.00000 0.006
7189.00000 0.007
7193.00000 0.006
7196.00000 0.007
7200.00000 0.007
7203.00000 0.007
7207.00000 0.006
7210.00000 0.006
7214.00000 0.007
7217.00000 0.007
7221.00000 0.007
7224.00000 0.007
7227.00000 0.007
7231.00000 0.007
7234.00000 0.007
7238.00000 0.006
7241.00000 0.007
7245.00000 0.007
7248.00000 0.007
7252.00000 0.007
7255.00000 0.007
7259.00000 0.007
7262.00000 0.007
7266.00000 0.007
7269.00000 0.007
7272.00000 0.007
7276.00000 0.008
7279.00000 0.007
7283.00000 0.007
7286.00000 0.007
7290.00000 0.007
7293.00000 0.007
7297.00000 0.008
7300.00000 0.008
7304.00000 0.008
7307.00000 0.008
7310.00000 0.008
7314.00000 0.008
7317.00000 0.008
7321.00000 0.008
7324.00000 0.008
7328.00000 0.008
7331.00000 0.009
7335.00000 0.009
7338.00000 0.008
7342.00000 0.009
7345.00000 0.009
7349.00000 0.009
7352.00000 0.009
7355.00000 0.009
7359.00000 0.009
7362.00000 0.009
7366.00000 0.009
7369.00000 0.01
7373.00000 0.01
7376.00000 0.01
7380.00000 0.01
7383.00000 0.01
7387.00000 0.011
7390.00000 0.011
7393.00000 0.011
7397.00000 0.012
7400.00000 0.012
7404.00000 0.012
7407.00000 0.012
7411.00000 0.012
7414.00000 0.013
7418.00000 0.014
7421.00000 0.014
7425.00000 0.014
7428.00000 0.015
7431.00000 0.015
7435.00000 0.016
7438.00000 0.017
7442.00000 0.017
7445.00000 0.018
7449.00000 0.018
7452.00000 0.019
7456.00000 0.019
7459.00000 0.02
7463.00000 0.021
7466.00000 0.022
7470.00000 0.022
7473.00000 0.023
7476.00000 0.024
7480.00000 0.026
7483.00000 0.027
7487.00000 0.028
7490.00000 0.029
7494.00000 0.03
7497.00000 0.031
7501.00000 0.033
7504.00000 0.034
7508.00000 0.035
7511.00000 0.037
7514.00000 0.039
7518.00000 0.041
7521.00000 0.042
7525.00000 0.044
7528.00000 0.046
7532.00000 0.048
7535.00000 0.05
7539.00000 0.052
7542.00000 0.054
7546.00000 0.056
7549.00000 0.058
7553.00000 0.062
7556.00000 0.064
7559.00000 0.067
7563.00000 0.07
7566.00000 0.073
7570.00000 0.076
7573.00000 0.08
7577.00000 0.083
7580.00000 0.087
7584.00000 0.09
7587.00000 0.094
7591.00000 0.097
7594.00000 0.1
7597.00000 0.104
7601.00000 0.108
7604.00000 0.112
7608.00000 0.117
7611.00000 0.122
7615.00000 0.126
7618.00000 0.131
7622.00000 0.136
7625.00000 0.141
7629.00000 0.146
7632.00000 0.149
7635.00000 0.154
7639.00000 0.16
7642.00000 0.165
7646.00000 0.17
7649.00000 0.177
7653.00000 0.183
7656.00000 0.189
7660.00000 0.195
7663.00000 0.201
7667.00000 0.207
7670.00000 0.214
7674.00000 0.22
7677.00000 0.226
7680.00000 0.234
7684.00000 0.24
7687.00000 0.246
7691.00000 0.253
7694.00000 0.259
7698.00000 0.266
7701.00000 0.272
7705.00000 0.277
7708.00000 0.284
7712.00000 0.293
7715.00000 0.301
7718.00000 0.309
7722.00000 0.317
7725.00000 0.325
7729.00000 0.333
7732.00000 0.338
7736.00000 0.343
7739.00000 0.351
7743.00000 0.361
7746.00000 0.368
7750.00000 0.374
7753.00000 0.381
7757.00000 0.387
7760.00000 0.392
7763.00000 0.401
7767.00000 0.409
7770.00000 0.414
7774.00000 0.421
7777.00000 0.43
7781.00000 0.437
7784.00000 0.444
7788.00000 0.454
7791.00000 0.46
7795.00000 0.465
7798.00000 0.469
7801.00000 0.475
7805.00000 0.481
7808.00000 0.487
7812.00000 0.495
7815.00000 0.502
7819.00000 0.51
7822.00000 0.517
7826.00000 0.525
7829.00000 0.533
7833.00000 0.541
7836.00000 0.549
7839.00000 0.555
7843.00000 0.562
7846.00000 0.571
7850.00000 0.576
7853.00000 0.581
7857.00000 0.589
7860.00000 0.595
7864.00000 0.602
7867.00000 0.613
7871.00000 0.621
7874.00000 0.626
7878.00000 0.636
7881.00000 0.643
7884.00000 0.649
7888.00000 0.66
7891.00000 0.666
7895.00000 0.673
7898.00000 0.678
7902.00000 0.685
7905.00000 0.691
7909.00000 0.695
7912.00000 0.701
7916.00000 0.708
7919.00000 0.715
7922.00000 0.721
7926.00000 0.73
7929.00000 0.734
7933.00000 0.74
7936.00000 0.748
7940.00000 0.754
7943.00000 0.756
7947.00000 0.758
7950.00000 0.762
7954.00000 0.767
7957.00000 0.773
7960.00000 0.777
7964.00000 0.781
7967.00000 0.785
7971.00000 0.786
7974.00000 0.789
7978.00000 0.796
7981.00000 0.799
7985.00000 0.803
7988.00000 0.807
7990.00000 0.811
8000.00000 0.819
8010.00000 0.826
8020.00000 0.832
8030.00000 0.838
8040.00000 0.843
8050.00000 0.848
8060.00000 0.852
8070.00000 0.856
8080.00000 0.86
8090.00000 0.862
8100.00000 0.865
8110.00000 0.867
8120.00000 0.869
8130.00000 0.87
8140.00000 0.872
8150.00000 0.873
8160.00000 0.874
8170.00000 0.875
8180.00000 0.876
8190.00000 0.876
8200.00000 0.877
8210.00000 0.878
8220.00000 0.873
8230.00000 0.875
8240.00000 0.877
8250.00000 0.879
8260.00000 0.881
8270.00000 0.883
8280.00000 0.885
8290.00000 0.887
8300.00000 0.889
8310.00000 0.89
8320.00000 0.891
8330.00000 0.893
8340.00000 0.894
8350.00000 0.895
8360.00000 0.896
8370.00000 0.896
8380.00000 0.897
8390.00000 0.897
8400.00000 0.897
8410.00000 0.897
8420.00000 0.897
8430.00000 0.897
8440.00000 0.896
8450.00000 0.895
8460.00000 0.895
8470.00000 0.893
8480.00000 0.892
8490.00000 0.891
8500.00000 0.889
8510.00000 0.888
8520.00000 0.887
8530.00000 0.886
8540.00000 0.884
8550.00000 0.884
8560.00000 0.882
8570.00000 0.882
8580.00000 0.881
8590.00000 0.88
8600.00000 0.88
8610.00000 0.88
8620.00000 0.88
8630.00000 0.881
8640.00000 0.882
8650.00000 0.884
8660.00000 0.886
8670.00000 0.888
8680.00000 0.891
8690.00000 0.894
8700.00000 0.897
8710.00000 0.9
8720.00000 0.903
8730.00000 0.907
8740.00000 0.911
8750.00000 0.916
8760.00000 0.92
8770.00000 0.925
8780.00000 0.93
8790.00000 0.935
8800.00000 0.939
8810.00000 0.943
8820.00000 0.947
8830.00000 0.95
8840.00000 0.953
8850.00000 0.955
8860.00000 0.956
8870.00000 0.958
8880.00000 0.958
8890.00000 0.958
8900.00000 0.957
8910.00000 0.955
8920.00000 0.954
8930.00000 0.951
8940.00000 0.948
8950.00000 0.944
8960.00000 0.94
8970.00000 0.936
8980.00000 0.931
8990.00000 0.926
9000.00000 0.922
9010.00000 0.917
9020.00000 0.913
9030.00000 0.909
9040.00000 0.906
9050.00000 0.903
9060.00000 0.902
9070.00000 0.902
9080.00000 0.903
9090.00000 0.904
9100.00000 0.907
9110.00000 0.91
9120.00000 0.913
9130.00000 0.917
9140.00000 0.922
9150.00000 0.926
9160.00000 0.93
9170.00000 0.934
9180.00000 0.936
9190.00000 0.935
9200.00000 0.932
9210.00000 0.925
9220.00000 0.913
9230.00000 0.896
9240.00000 0.873
9250.00000 0.845
9260.00000 0.812
9270.00000 0.773
9280.00000 0.729
9290.00000 0.682
9300.00000 0.631
9310.00000 0.577
9320.00000 0.524
9330.00000 0.473
9340.00000 0.423
9350.00000 0.376
9360.00000 0.334
9370.00000 0.294
9380.00000 0.259
9390.00000 0.228
9400.00000 0.2
9410.00000 0.176
9420.00000 0.155
9430.00000 0.136
9440.00000 0.12
9450.00000 0.105
9460.00000 0.093
9470.00000 0.082
9480.00000 0.073
9490.00000 0.065
9500.00000 0.058
9510.00000 0.051
9520.00000 0.046
9530.00000 0.041
9540.00000 0.037
9550.00000 0.034
9560.00000 0.031
9570.00000 0.028
9580.00000 0.025
9590.00000 0.023
9600.00000 0.021
9610.00000 0.019
9620.00000 0.017
9630.00000 0.016
9640.00000 0.014
9650.00000 0.013
9660.00000 0.012
9670.00000 0.011
9680.00000 0.011
9690.00000 0.01
9700.00000 0.009
9710.00000 0.008
9720.00000 0.008
9730.00000 0.007
9740.00000 0.007
9750.00000 0.006
9760.00000 0.006
9770.00000 0.005
9780.00000 0.005
9790.00000 0.005
9800.00000 0.005
9810.00000 0.004
9820.00000 0.004
9830.00000 0.004
9840.00000 0.004
10824.00000 0.0
