threeML/data/optical_filters/Gemini/GMOS_N-SII.ecsv
# %ECSV 0.9
# ---
# datatype:
# - {name: wavelength, unit: Angstrom, datatype: float32}
# - {name: response, datatype: float32}
# meta: !!omap
# - {band_name: SII}
# - {group_name: GMOS_N}
wavelength response
5890.50000 0.0
6545.00000 0.004
6547.00000 0.004
6548.00000 0.004
6550.00000 0.004
6551.00000 0.004
6552.00000 0.004
6554.00000 0.004
6555.00000 0.004
6557.00000 0.004
6558.00000 0.004
6560.00000 0.004
6562.00000 0.004
6563.00000 0.004
6565.00000 0.004
6566.00000 0.004
6568.00000 0.004
6569.00000 0.005
6570.00000 0.005
6572.00000 0.005
6573.00000 0.005
6575.00000 0.005
6577.00000 0.005
6578.00000 0.005
6580.00000 0.005
6581.00000 0.005
6582.00000 0.005
6584.00000 0.005
6585.00000 0.005
6587.00000 0.005
6588.00000 0.005
6590.00000 0.005
6592.00000 0.005
6593.00000 0.006
6595.00000 0.006
6596.00000 0.006
6598.00000 0.006
6599.00000 0.006
6600.00000 0.006
6602.00000 0.007
6603.00000 0.007
6605.00000 0.007
6607.00000 0.007
6608.00000 0.008
6610.00000 0.008
6611.00000 0.008
6612.00000 0.009
6614.00000 0.009
6615.00000 0.009
6617.00000 0.01
6618.00000 0.01
6620.00000 0.011
6622.00000 0.011
6623.00000 0.012
6625.00000 0.013
6626.00000 0.013
6628.00000 0.014
6629.00000 0.015
6630.00000 0.016
6632.00000 0.017
6633.00000 0.018
6635.00000 0.019
6637.00000 0.02
6638.00000 0.021
6640.00000 0.022
6641.00000 0.023
6642.00000 0.025
6644.00000 0.026
6645.00000 0.028
6647.00000 0.029
6648.00000 0.031
6650.00000 0.032
6652.00000 0.034
6653.00000 0.036
6655.00000 0.038
6656.00000 0.04
6658.00000 0.043
6659.00000 0.046
6660.00000 0.049
6662.00000 0.052
6663.00000 0.056
6665.00000 0.06
6667.00000 0.065
6668.00000 0.071
6670.00000 0.077
6671.00000 0.085
6672.00000 0.093
6674.00000 0.103
6675.00000 0.114
6677.00000 0.127
6678.00000 0.143
6680.00000 0.16
6682.00000 0.179
6683.00000 0.202
6685.00000 0.227
6686.00000 0.255
6688.00000 0.285
6689.00000 0.319
6690.00000 0.355
6692.00000 0.394
6693.00000 0.434
6695.00000 0.475
6697.00000 0.516
6698.00000 0.558
6700.00000 0.598
6701.00000 0.637
6702.00000 0.674
6704.00000 0.708
6705.00000 0.739
6707.00000 0.767
6708.00000 0.791
6710.00000 0.812
6712.00000 0.828
6713.00000 0.841
6715.00000 0.85
6716.00000 0.856
6718.00000 0.858
6719.00000 0.858
6720.00000 0.854
6722.00000 0.848
6723.00000 0.838
6725.00000 0.826
6727.00000 0.811
6728.00000 0.793
6730.00000 0.772
6731.00000 0.749
6732.00000 0.723
6734.00000 0.695
6735.00000 0.664
6737.00000 0.632
6738.00000 0.598
6740.00000 0.563
6742.00000 0.527
6743.00000 0.491
6745.00000 0.454
6746.00000 0.419
6748.00000 0.384
6749.00000 0.351
6750.00000 0.319
6752.00000 0.289
6753.00000 0.262
6755.00000 0.236
6757.00000 0.213
6758.00000 0.192
6760.00000 0.174
6761.00000 0.157
6762.00000 0.142
6764.00000 0.128
6765.00000 0.116
6767.00000 0.105
6768.00000 0.095
6770.00000 0.087
6772.00000 0.079
6773.00000 0.073
6775.00000 0.067
6776.00000 0.061
6778.00000 0.057
6779.00000 0.052
6780.00000 0.048
6782.00000 0.045
6783.00000 0.042
6785.00000 0.039
6787.00000 0.036
6788.00000 0.033
6790.00000 0.031
6791.00000 0.029
6792.00000 0.027
6794.00000 0.025
6795.00000 0.024
6797.00000 0.022
6798.00000 0.021
6800.00000 0.02
6802.00000 0.018
6803.00000 0.017
6805.00000 0.016
6806.00000 0.015
6808.00000 0.014
6809.00000 0.014
6810.00000 0.013
6812.00000 0.012
6813.00000 0.012
6815.00000 0.011
6817.00000 0.011
6818.00000 0.01
6820.00000 0.01
6821.00000 0.009
6822.00000 0.009
6824.00000 0.009
6825.00000 0.008
6827.00000 0.008
6828.00000 0.008
6830.00000 0.008
6832.00000 0.007
6833.00000 0.007
6835.00000 0.007
6836.00000 0.007
6838.00000 0.007
6839.00000 0.007
6840.00000 0.006
6842.00000 0.006
6843.00000 0.006
6845.00000 0.006
6847.00000 0.006
6848.00000 0.006
6850.00000 0.006
6851.00000 0.006
6852.00000 0.006
6854.00000 0.006
6855.00000 0.006
6857.00000 0.006
6858.00000 0.005
6860.00000 0.005
6862.00000 0.005
6863.00000 0.005
6865.00000 0.005
6866.00000 0.005
6868.00000 0.005
6869.00000 0.005
6870.00000 0.005
6872.00000 0.005
6873.00000 0.005
6875.00000 0.005
6877.00000 0.005
6878.00000 0.005
6880.00000 0.005
6881.00000 0.005
6882.00000 0.005
6884.00000 0.005
6885.00000 0.005
6887.00000 0.005
6888.00000 0.004
6890.00000 0.004
6892.00000 0.004
6893.00000 0.004
6895.00000 0.004
6896.00000 0.004
6898.00000 0.004
6899.00000 0.004
6900.00000 0.004
6902.00000 0.004
6903.00000 0.004
6905.00000 0.004
6907.00000 0.004
6908.00000 0.004
6910.00000 0.004
6911.00000 0.004
6912.00000 0.004
6914.00000 0.004
6915.00000 0.004
6917.00000 0.004
6918.00000 0.004
6920.00000 0.004
7612.00000 0.0
