threeML/data/optical_filters/Gemini/GMOS_S-r.ecsv
# %ECSV 0.9
# ---
# datatype:
# - {name: wavelength, unit: Angstrom, datatype: float32}
# - {name: response, datatype: float32}
# meta: !!omap
# - {band_name: r}
# - {group_name: GMOS_S}
wavelength response
4919.39990 0.0
5466.00000 0.004
5468.00000 0.005
5470.00000 0.006
5472.00000 0.007
5474.00000 0.007
5476.00000 0.009
5478.00000 0.01
5480.00000 0.011
5482.00000 0.013
5484.00000 0.015
5486.00000 0.017
5488.00000 0.019
5490.00000 0.022
5492.00000 0.024
5494.00000 0.027
5496.00000 0.03
5498.00000 0.034
5500.00000 0.037
5502.00000 0.041
5504.00000 0.045
5506.00000 0.05
5508.00000 0.055
5510.00000 0.06
5512.00000 0.065
5514.00000 0.071
5516.00000 0.076
5518.00000 0.082
5520.00000 0.089
5522.00000 0.096
5524.00000 0.103
5526.00000 0.11
5528.00000 0.117
5530.00000 0.125
5532.00000 0.133
5534.00000 0.141
5536.00000 0.149
5538.00000 0.158
5540.00000 0.166
5542.00000 0.175
5544.00000 0.184
5546.00000 0.193
5548.00000 0.203
5550.00000 0.212
5552.00000 0.222
5554.00000 0.231
5556.00000 0.241
5558.00000 0.251
5560.00000 0.26
5562.00000 0.27
5564.00000 0.28
5566.00000 0.29
5568.00000 0.299
5570.00000 0.309
5572.00000 0.319
5574.00000 0.329
5576.00000 0.338
5578.00000 0.348
5580.00000 0.357
5582.00000 0.367
5584.00000 0.375
5586.00000 0.385
5588.00000 0.393
5590.00000 0.402
5592.00000 0.411
5594.00000 0.419
5596.00000 0.427
5598.00000 0.435
5600.00000 0.443
5602.00000 0.451
5604.00000 0.458
5606.00000 0.465
5608.00000 0.473
5610.00000 0.48
5612.00000 0.486
5614.00000 0.493
5616.00000 0.5
5618.00000 0.506
5620.00000 0.512
5622.00000 0.518
5624.00000 0.524
5626.00000 0.53
5628.00000 0.536
5630.00000 0.541
5632.00000 0.547
5634.00000 0.552
5636.00000 0.558
5638.00000 0.564
5640.00000 0.569
5642.00000 0.575
5644.00000 0.58
5646.00000 0.586
5648.00000 0.591
5650.00000 0.596
5652.00000 0.601
5654.00000 0.608
5656.00000 0.613
5658.00000 0.619
5660.00000 0.625
5662.00000 0.63
5664.00000 0.635
5666.00000 0.641
5668.00000 0.647
5670.00000 0.653
5672.00000 0.658
5674.00000 0.664
5676.00000 0.67
5678.00000 0.676
5680.00000 0.681
5682.00000 0.687
5684.00000 0.692
5686.00000 0.697
5688.00000 0.702
5690.00000 0.706
5692.00000 0.711
5694.00000 0.716
5696.00000 0.72
5698.00000 0.724
5700.00000 0.728
5702.00000 0.732
5704.00000 0.736
5706.00000 0.739
5708.00000 0.742
5710.00000 0.745
5712.00000 0.748
5714.00000 0.75
5716.00000 0.752
5718.00000 0.754
5720.00000 0.756
5722.00000 0.758
5724.00000 0.76
5726.00000 0.761
5728.00000 0.762
5730.00000 0.764
5732.00000 0.765
5734.00000 0.766
5736.00000 0.767
5738.00000 0.768
5740.00000 0.77
5742.00000 0.771
5744.00000 0.772
5746.00000 0.773
5748.00000 0.775
5750.00000 0.777
5752.00000 0.779
5754.00000 0.78
5756.00000 0.783
5758.00000 0.785
5760.00000 0.787
5762.00000 0.789
5764.00000 0.793
5766.00000 0.795
5768.00000 0.798
5770.00000 0.802
5772.00000 0.805
5774.00000 0.809
5776.00000 0.812
5778.00000 0.816
5780.00000 0.82
5782.00000 0.824
5784.00000 0.828
5786.00000 0.832
5788.00000 0.835
5790.00000 0.84
5792.00000 0.843
5794.00000 0.847
5796.00000 0.851
5798.00000 0.854
5800.00000 0.858
5802.00000 0.862
5804.00000 0.865
5806.00000 0.868
5808.00000 0.87
5810.00000 0.873
5812.00000 0.875
5814.00000 0.877
5816.00000 0.878
5818.00000 0.881
5820.00000 0.882
5822.00000 0.883
5824.00000 0.884
5826.00000 0.884
5828.00000 0.885
5830.00000 0.884
5832.00000 0.885
5834.00000 0.885
5836.00000 0.884
5838.00000 0.884
5840.00000 0.883
5842.00000 0.882
5844.00000 0.882
5846.00000 0.881
5848.00000 0.88
5850.00000 0.878
5852.00000 0.877
5854.00000 0.876
5856.00000 0.875
5858.00000 0.874
5860.00000 0.874
5862.00000 0.874
5864.00000 0.874
5866.00000 0.874
5868.00000 0.873
5870.00000 0.873
5872.00000 0.873
5874.00000 0.873
5876.00000 0.874
5878.00000 0.875
5880.00000 0.875
5882.00000 0.877
5884.00000 0.877
5886.00000 0.879
5888.00000 0.88
5890.00000 0.882
5892.00000 0.883
5894.00000 0.884
5896.00000 0.886
5898.00000 0.888
5900.00000 0.89
5902.00000 0.892
5904.00000 0.893
5906.00000 0.895
5908.00000 0.897
5910.00000 0.899
5912.00000 0.9
5914.00000 0.903
5916.00000 0.903
5918.00000 0.905
5920.00000 0.907
5922.00000 0.908
5924.00000 0.909
5926.00000 0.911
5928.00000 0.911
5930.00000 0.912
5932.00000 0.912
5934.00000 0.913
5936.00000 0.913
5938.00000 0.913
5940.00000 0.913
5942.00000 0.913
5944.00000 0.912
5946.00000 0.911
5948.00000 0.911
5950.00000 0.91
5952.00000 0.91
5954.00000 0.908
5956.00000 0.907
5958.00000 0.906
5960.00000 0.905
5962.00000 0.903
5964.00000 0.903
5966.00000 0.901
5968.00000 0.9
5970.00000 0.9
5972.00000 0.898
5974.00000 0.897
5976.00000 0.896
5978.00000 0.896
5980.00000 0.895
5982.00000 0.895
5984.00000 0.895
5986.00000 0.894
5988.00000 0.894
5990.00000 0.894
5992.00000 0.894
5994.00000 0.895
5996.00000 0.895
5998.00000 0.895
6000.00000 0.896
6002.00000 0.897
6004.00000 0.898
6006.00000 0.899
6008.00000 0.899
6010.00000 0.901
6012.00000 0.902
6014.00000 0.904
6016.00000 0.906
6018.00000 0.907
6020.00000 0.909
6022.00000 0.911
6024.00000 0.912
6026.00000 0.913
6028.00000 0.915
6030.00000 0.916
6032.00000 0.918
6034.00000 0.919
6036.00000 0.921
6038.00000 0.922
6040.00000 0.922
6042.00000 0.924
6044.00000 0.925
6046.00000 0.926
6048.00000 0.927
6050.00000 0.928
6052.00000 0.929
6054.00000 0.929
6056.00000 0.93
6058.00000 0.93
6060.00000 0.931
6062.00000 0.931
6064.00000 0.931
6066.00000 0.931
6068.00000 0.931
6070.00000 0.931
6072.00000 0.931
6074.00000 0.931
6076.00000 0.93
6078.00000 0.93
6080.00000 0.93
6082.00000 0.93
6084.00000 0.93
6086.00000 0.929
6088.00000 0.929
6090.00000 0.929
6092.00000 0.929
6094.00000 0.928
6096.00000 0.928
6098.00000 0.927
6100.00000 0.927
6102.00000 0.927
6104.00000 0.927
6106.00000 0.926
6108.00000 0.926
6110.00000 0.925
6112.00000 0.925
6114.00000 0.926
6116.00000 0.925
6118.00000 0.924
6120.00000 0.924
6122.00000 0.923
6124.00000 0.923
6126.00000 0.922
6128.00000 0.923
6130.00000 0.922
6132.00000 0.922
6134.00000 0.92
6136.00000 0.92
6138.00000 0.919
6140.00000 0.918
6142.00000 0.917
6144.00000 0.915
6146.00000 0.914
6148.00000 0.912
6150.00000 0.911
6152.00000 0.909
6154.00000 0.907
6156.00000 0.905
6158.00000 0.903
6160.00000 0.901
6162.00000 0.899
6164.00000 0.897
6166.00000 0.895
6168.00000 0.891
6170.00000 0.889
6172.00000 0.887
6174.00000 0.885
6176.00000 0.882
6178.00000 0.879
6180.00000 0.877
6182.00000 0.874
6184.00000 0.872
6186.00000 0.869
6188.00000 0.867
6190.00000 0.864
6192.00000 0.862
6194.00000 0.86
6196.00000 0.858
6198.00000 0.857
6200.00000 0.854
6202.00000 0.853
6204.00000 0.852
6206.00000 0.85
6208.00000 0.849
6210.00000 0.848
6212.00000 0.848
6214.00000 0.847
6216.00000 0.847
6218.00000 0.847
6220.00000 0.847
6222.00000 0.847
6224.00000 0.848
6226.00000 0.849
6228.00000 0.849
6230.00000 0.85
6232.00000 0.853
6234.00000 0.854
6236.00000 0.855
6238.00000 0.858
6240.00000 0.86
6242.00000 0.862
6244.00000 0.864
6246.00000 0.867
6248.00000 0.87
6250.00000 0.873
6252.00000 0.876
6254.00000 0.878
6256.00000 0.881
6258.00000 0.884
6260.00000 0.887
6262.00000 0.89
6264.00000 0.893
6266.00000 0.896
6268.00000 0.899
6270.00000 0.901
6272.00000 0.904
6274.00000 0.908
6276.00000 0.91
6278.00000 0.913
6280.00000 0.915
6282.00000 0.917
6284.00000 0.919
6286.00000 0.919
6288.00000 0.921
6290.00000 0.924
6292.00000 0.925
6294.00000 0.927
6296.00000 0.927
6298.00000 0.928
6300.00000 0.928
6302.00000 0.929
6304.00000 0.929
6306.00000 0.929
6308.00000 0.929
6310.00000 0.929
6312.00000 0.929
6314.00000 0.928
6316.00000 0.928
6318.00000 0.927
6320.00000 0.927
6322.00000 0.926
6324.00000 0.925
6326.00000 0.924
6328.00000 0.923
6330.00000 0.922
6332.00000 0.922
6334.00000 0.921
6336.00000 0.92
6338.00000 0.919
6340.00000 0.919
6342.00000 0.918
6344.00000 0.918
6346.00000 0.917
6348.00000 0.917
6350.00000 0.916
6352.00000 0.916
6354.00000 0.916
6356.00000 0.917
6358.00000 0.917
6360.00000 0.916
6362.00000 0.917
6364.00000 0.917
6366.00000 0.918
6368.00000 0.918
6370.00000 0.919
6372.00000 0.919
6374.00000 0.92
6376.00000 0.921
6378.00000 0.922
6380.00000 0.923
6382.00000 0.924
6384.00000 0.925
6386.00000 0.926
6388.00000 0.926
6390.00000 0.927
6392.00000 0.928
6394.00000 0.929
6396.00000 0.93
6398.00000 0.93
6400.00000 0.93
6402.00000 0.932
6404.00000 0.931
6406.00000 0.932
6408.00000 0.932
6410.00000 0.933
6412.00000 0.932
6414.00000 0.932
6416.00000 0.932
6418.00000 0.931
6420.00000 0.931
6422.00000 0.931
6424.00000 0.929
6426.00000 0.927
6428.00000 0.927
6430.00000 0.926
6432.00000 0.924
6434.00000 0.923
6436.00000 0.921
6438.00000 0.92
6440.00000 0.918
6442.00000 0.916
6444.00000 0.915
6446.00000 0.913
6448.00000 0.911
6450.00000 0.909
6452.00000 0.907
6454.00000 0.905
6456.00000 0.904
6458.00000 0.901
6460.00000 0.9
6462.00000 0.897
6464.00000 0.896
6466.00000 0.894
6468.00000 0.893
6470.00000 0.891
6472.00000 0.89
6474.00000 0.889
6476.00000 0.888
6478.00000 0.886
6480.00000 0.886
6482.00000 0.885
6484.00000 0.885
6486.00000 0.884
6488.00000 0.883
6490.00000 0.883
6492.00000 0.883
6494.00000 0.882
6496.00000 0.883
6498.00000 0.883
6500.00000 0.883
6502.00000 0.883
6504.00000 0.883
6506.00000 0.884
6508.00000 0.885
6510.00000 0.887
6512.00000 0.886
6514.00000 0.888
6516.00000 0.889
6518.00000 0.89
6520.00000 0.891
6522.00000 0.892
6524.00000 0.893
6526.00000 0.894
6528.00000 0.895
6530.00000 0.896
6532.00000 0.898
6534.00000 0.898
6536.00000 0.899
6538.00000 0.901
6540.00000 0.902
6542.00000 0.903
6544.00000 0.904
6546.00000 0.905
6548.00000 0.905
6550.00000 0.905
6552.00000 0.906
6554.00000 0.907
6556.00000 0.908
6558.00000 0.908
6560.00000 0.909
6562.00000 0.909
6564.00000 0.909
6566.00000 0.91
6568.00000 0.91
6570.00000 0.91
6572.00000 0.911
6574.00000 0.911
6576.00000 0.91
6578.00000 0.911
6580.00000 0.911
6582.00000 0.911
6584.00000 0.911
6586.00000 0.911
6588.00000 0.911
6590.00000 0.91
6592.00000 0.911
6594.00000 0.912
6596.00000 0.911
6598.00000 0.912
6600.00000 0.912
6602.00000 0.912
6604.00000 0.913
6606.00000 0.913
6608.00000 0.914
6610.00000 0.915
6612.00000 0.915
6614.00000 0.916
6616.00000 0.916
6618.00000 0.917
6620.00000 0.918
6622.00000 0.918
6624.00000 0.919
6626.00000 0.921
6628.00000 0.921
6630.00000 0.922
6632.00000 0.923
6634.00000 0.925
6636.00000 0.926
6638.00000 0.926
6640.00000 0.927
6642.00000 0.929
6644.00000 0.93
6646.00000 0.931
6648.00000 0.931
6650.00000 0.932
6652.00000 0.933
6654.00000 0.934
6656.00000 0.935
6658.00000 0.936
6660.00000 0.936
6662.00000 0.936
6664.00000 0.936
6666.00000 0.937
6668.00000 0.937
6670.00000 0.937
6672.00000 0.937
6674.00000 0.936
6676.00000 0.936
6678.00000 0.936
6680.00000 0.935
6682.00000 0.934
6684.00000 0.933
6686.00000 0.932
6688.00000 0.932
6690.00000 0.931
6692.00000 0.929
6694.00000 0.929
6696.00000 0.927
6698.00000 0.926
6700.00000 0.925
6702.00000 0.923
6704.00000 0.922
6706.00000 0.92
6708.00000 0.919
6710.00000 0.918
6712.00000 0.916
6714.00000 0.915
6716.00000 0.913
6718.00000 0.912
6720.00000 0.91
6722.00000 0.909
6724.00000 0.908
6726.00000 0.907
6728.00000 0.906
6730.00000 0.906
6732.00000 0.905
6734.00000 0.904
6736.00000 0.903
6738.00000 0.902
6740.00000 0.902
6742.00000 0.902
6744.00000 0.901
6746.00000 0.902
6748.00000 0.902
6750.00000 0.902
6752.00000 0.902
6754.00000 0.903
6756.00000 0.902
6758.00000 0.902
6760.00000 0.903
6762.00000 0.904
6764.00000 0.905
6766.00000 0.907
6768.00000 0.907
6770.00000 0.908
6772.00000 0.909
6774.00000 0.909
6776.00000 0.91
6778.00000 0.911
6780.00000 0.911
6782.00000 0.913
6784.00000 0.914
6786.00000 0.915
6788.00000 0.917
6790.00000 0.918
6792.00000 0.92
6794.00000 0.92
6796.00000 0.922
6798.00000 0.922
6800.00000 0.923
6802.00000 0.924
6804.00000 0.924
6806.00000 0.925
6808.00000 0.926
6810.00000 0.927
6812.00000 0.928
6814.00000 0.928
6816.00000 0.929
6818.00000 0.929
6820.00000 0.929
6822.00000 0.929
6824.00000 0.929
6826.00000 0.93
6828.00000 0.93
6830.00000 0.93
6832.00000 0.93
6834.00000 0.929
6836.00000 0.93
6838.00000 0.93
6840.00000 0.93
6842.00000 0.929
6844.00000 0.93
6846.00000 0.929
6848.00000 0.929
6850.00000 0.93
6852.00000 0.929
6854.00000 0.929
6856.00000 0.929
6858.00000 0.929
6860.00000 0.93
6862.00000 0.929
6864.00000 0.931
6866.00000 0.93
6868.00000 0.93
6870.00000 0.931
6872.00000 0.931
6874.00000 0.932
6876.00000 0.932
6878.00000 0.932
6880.00000 0.933
6882.00000 0.933
6884.00000 0.934
6886.00000 0.934
6888.00000 0.935
6890.00000 0.935
6892.00000 0.935
6894.00000 0.936
6896.00000 0.937
6898.00000 0.937
6900.00000 0.937
6902.00000 0.938
6904.00000 0.938
6906.00000 0.938
6908.00000 0.939
6910.00000 0.939
6912.00000 0.939
6914.00000 0.939
6916.00000 0.939
6918.00000 0.939
6920.00000 0.939
6922.00000 0.94
6924.00000 0.939
6926.00000 0.94
6928.00000 0.94
6930.00000 0.94
6932.00000 0.939
6934.00000 0.939
6936.00000 0.939
6938.00000 0.938
6940.00000 0.938
6942.00000 0.938
6944.00000 0.938
6946.00000 0.937
6948.00000 0.936
6950.00000 0.935
6952.00000 0.934
6954.00000 0.933
6956.00000 0.932
6958.00000 0.93
6960.00000 0.928
6962.00000 0.925
6964.00000 0.922
6966.00000 0.918
6968.00000 0.915
6970.00000 0.91
6972.00000 0.905
6974.00000 0.897
6976.00000 0.891
6978.00000 0.882
6980.00000 0.873
6982.00000 0.863
6984.00000 0.852
6986.00000 0.839
6988.00000 0.826
6990.00000 0.811
6992.00000 0.794
6994.00000 0.778
6996.00000 0.759
6998.00000 0.74
7000.00000 0.72
7002.00000 0.699
7004.00000 0.677
7006.00000 0.654
7008.00000 0.631
7010.00000 0.607
7012.00000 0.583
7014.00000 0.56
7016.00000 0.537
7018.00000 0.513
7020.00000 0.49
7022.00000 0.468
7024.00000 0.446
7026.00000 0.424
7028.00000 0.403
7030.00000 0.383
7032.00000 0.363
7034.00000 0.344
7036.00000 0.327
7038.00000 0.309
7040.00000 0.293
7042.00000 0.278
7044.00000 0.263
7046.00000 0.249
7048.00000 0.236
7050.00000 0.224
7052.00000 0.212
7054.00000 0.202
7056.00000 0.191
7058.00000 0.182
7060.00000 0.173
7062.00000 0.164
7064.00000 0.157
7066.00000 0.149
7068.00000 0.142
7070.00000 0.136
7072.00000 0.129
7074.00000 0.124
7076.00000 0.119
7078.00000 0.114
7080.00000 0.109
7082.00000 0.105
7084.00000 0.101
7086.00000 0.097
7088.00000 0.093
7090.00000 0.09
7092.00000 0.087
7094.00000 0.084
7096.00000 0.081
7098.00000 0.078
7100.00000 0.076
7102.00000 0.073
7104.00000 0.071
7106.00000 0.069
7108.00000 0.067
7110.00000 0.065
7112.00000 0.064
7114.00000 0.062
7116.00000 0.06
7118.00000 0.059
7120.00000 0.058
7122.00000 0.056
7124.00000 0.055
7126.00000 0.054
7128.00000 0.052
7130.00000 0.051
7132.00000 0.05
7134.00000 0.049
7136.00000 0.048
7138.00000 0.047
7140.00000 0.046
7142.00000 0.045
7144.00000 0.044
7146.00000 0.043
7148.00000 0.042
7150.00000 0.04
7152.00000 0.039
7154.00000 0.038
7156.00000 0.037
7158.00000 0.036
7160.00000 0.035
7162.00000 0.034
7164.00000 0.033
7166.00000 0.031
7168.00000 0.03
7170.00000 0.029
7172.00000 0.028
7174.00000 0.027
7176.00000 0.025
7178.00000 0.024
7180.00000 0.023
7182.00000 0.022
7184.00000 0.021
7186.00000 0.02
7188.00000 0.019
7190.00000 0.018
7192.00000 0.017
7194.00000 0.016
7196.00000 0.015
7198.00000 0.014
7200.00000 0.014
7202.00000 0.013
7204.00000 0.012
7206.00000 0.011
7208.00000 0.011
7210.00000 0.01
7212.00000 0.009
7214.00000 0.009
7216.00000 0.008
7218.00000 0.008
7220.00000 0.007
7222.00000 0.007
7224.00000 0.007
7226.00000 0.006
7228.00000 0.006
7230.00000 0.006
7232.00000 0.005
7234.00000 0.005
7236.00000 0.005
7238.00000 0.004
7240.00000 0.004
7242.00000 0.004
7244.00000 0.004
7968.39990 0.0
