threeML/data/optical_filters/Gemini/GMOS_S-OIIIC.ecsv
# %ECSV 0.9
# ---
# datatype:
# - {name: wavelength, unit: Angstrom, datatype: float32}
# - {name: response, datatype: float32}
# meta: !!omap
# - {band_name: OIIIC}
# - {group_name: GMOS_S}
wavelength response
4528.79980 0.0
5032.00000 0.004
5034.00000 0.004
5036.00000 0.005
5038.00000 0.005
5040.00000 0.006
5042.00000 0.007
5044.00000 0.008
5046.00000 0.009
5048.00000 0.011
5050.00000 0.012
5052.00000 0.014
5054.00000 0.017
5056.00000 0.019
5058.00000 0.023
5060.00000 0.027
5062.00000 0.032
5064.00000 0.039
5066.00000 0.047
5068.00000 0.056
5070.00000 0.067
5072.00000 0.081
5074.00000 0.098
5076.00000 0.118
5078.00000 0.142
5080.00000 0.17
5082.00000 0.202
5084.00000 0.238
5086.00000 0.277
5088.00000 0.321
5090.00000 0.367
5092.00000 0.416
5094.00000 0.466
5096.00000 0.516
5098.00000 0.565
5100.00000 0.611
5102.00000 0.655
5104.00000 0.695
5106.00000 0.73
5108.00000 0.76
5110.00000 0.786
5112.00000 0.807
5114.00000 0.824
5116.00000 0.838
5118.00000 0.847
5120.00000 0.854
5122.00000 0.859
5124.00000 0.863
5126.00000 0.865
5128.00000 0.866
5130.00000 0.867
5132.00000 0.867
5134.00000 0.868
5136.00000 0.867
5138.00000 0.867
5140.00000 0.866
5142.00000 0.865
5144.00000 0.862
5146.00000 0.859
5148.00000 0.854
5150.00000 0.848
5152.00000 0.84
5154.00000 0.829
5156.00000 0.816
5158.00000 0.799
5160.00000 0.78
5162.00000 0.756
5164.00000 0.73
5166.00000 0.7
5168.00000 0.667
5170.00000 0.631
5172.00000 0.593
5174.00000 0.552
5176.00000 0.51
5178.00000 0.47
5180.00000 0.429
5182.00000 0.389
5184.00000 0.35
5186.00000 0.314
5188.00000 0.279
5190.00000 0.248
5192.00000 0.219
5194.00000 0.194
5196.00000 0.17
5198.00000 0.149
5200.00000 0.13
5202.00000 0.114
5204.00000 0.099
5206.00000 0.087
5208.00000 0.076
5210.00000 0.066
5212.00000 0.058
5214.00000 0.05
5216.00000 0.044
5218.00000 0.038
5220.00000 0.034
5222.00000 0.029
5224.00000 0.026
5226.00000 0.022
5228.00000 0.019
5230.00000 0.017
5232.00000 0.015
5234.00000 0.013
5236.00000 0.011
5238.00000 0.01
5240.00000 0.009
5242.00000 0.008
5244.00000 0.007
5246.00000 0.006
5248.00000 0.005
5250.00000 0.005
5252.00000 0.004
5254.00000 0.004
5779.39990 0.0
