threeML/data/optical_filters/Gemini/GMOS_S-CaT.ecsv
# %ECSV 0.9
# ---
# datatype:
# - {name: wavelength, unit: Angstrom, datatype: float32}
# - {name: response, datatype: float32}
# meta: !!omap
# - {band_name: CaT}
# - {group_name: GMOS_S}
wavelength response
[from data line 949]
9224.00000 0.902
9226.00000 0.898
9228.00000 0.894
9230.00000 0.891
9232.00000 0.887
9234.00000 0.882
9236.00000 0.878
9238.00000 0.873
9240.00000 0.869
9242.00000 0.863
9244.00000 0.858
9246.00000 0.853
9248.00000 0.848
9250.00000 0.843
9252.00000 0.837
9254.00000 0.831
9256.00000 0.825
9258.00000 0.819
9260.00000 0.812
9262.00000 0.806
9264.00000 0.799
9266.00000 0.792
9268.00000 0.785
9270.00000 0.778
9272.00000 0.772
9274.00000 0.764
9276.00000 0.757
9278.00000 0.749
9280.00000 0.742
9282.00000 0.734
9284.00000 0.725
9286.00000 0.717
9288.00000 0.709
9290.00000 0.701
9292.00000 0.693
9294.00000 0.684
9296.00000 0.676
9298.00000 0.667
9300.00000 0.659
9302.00000 0.65
9304.00000 0.642
9306.00000 0.633
9308.00000 0.624
9310.00000 0.615
9312.00000 0.606
9314.00000 0.597
9316.00000 0.588
9318.00000 0.579
9320.00000 0.57
9322.00000 0.561
9324.00000 0.553
9326.00000 0.544
9328.00000 0.535
9330.00000 0.527
9332.00000 0.518
9334.00000 0.509
9336.00000 0.5
9338.00000 0.491
9340.00000 0.483
9342.00000 0.475
9344.00000 0.466
9346.00000 0.457
9348.00000 0.449
9350.00000 0.441
9352.00000 0.432
9354.00000 0.425
9356.00000 0.416
9358.00000 0.409
9360.00000 0.401
9362.00000 0.393
9364.00000 0.385
9366.00000 0.377
9368.00000 0.37
9370.00000 0.362
9372.00000 0.354
9374.00000 0.347
9376.00000 0.34
9378.00000 0.333
9380.00000 0.326
9382.00000 0.319
9384.00000 0.312
9386.00000 0.306
9388.00000 0.299
9390.00000 0.293
9392.00000 0.286
9394.00000 0.281
9396.00000 0.274
9398.00000 0.268
9400.00000 0.262
9402.00000 0.257
9404.00000 0.251
9406.00000 0.246
9408.00000 0.24
9410.00000 0.236
9412.00000 0.23
9414.00000 0.225
9416.00000 0.22
9418.00000 0.215
9420.00000 0.211
9422.00000 0.206
9424.00000 0.201
9426.00000 0.197
9428.00000 0.193
9430.00000 0.189
9432.00000 0.184
9434.00000 0.18
9436.00000 0.177
9438.00000 0.173
9440.00000 0.169
9442.00000 0.165
9444.00000 0.162
9446.00000 0.158
9448.00000 0.155
9450.00000 0.151
9452.00000 0.148
9454.00000 0.145
9456.00000 0.142
9458.00000 0.138
9460.00000 0.135
9462.00000 0.133
9464.00000 0.13
9466.00000 0.127
9468.00000 0.124
9470.00000 0.121
9472.00000 0.119
9474.00000 0.116
9476.00000 0.114
9478.00000 0.111
9480.00000 0.109
9482.00000 0.106
9484.00000 0.104
9486.00000 0.102
9488.00000 0.1
9490.00000 0.098
9492.00000 0.096
9494.00000 0.093
9496.00000 0.092
9498.00000 0.09
9500.00000 0.088
9502.00000 0.086
9504.00000 0.084
9506.00000 0.083
9508.00000 0.081
9510.00000 0.079
9512.00000 0.077
9514.00000 0.076
9516.00000 0.074
9518.00000 0.073
9520.00000 0.072
9522.00000 0.07
9524.00000 0.069
9526.00000 0.067
9528.00000 0.066
9530.00000 0.065
9532.00000 0.064
9534.00000 0.062
9536.00000 0.061
9538.00000 0.06
9540.00000 0.059
9542.00000 0.058
9544.00000 0.056
9546.00000 0.055
9548.00000 0.054
9550.00000 0.053
9552.00000 0.052
9554.00000 0.051
9556.00000 0.05
9558.00000 0.049
9560.00000 0.048
9562.00000 0.048
9564.00000 0.047
9566.00000 0.046
9568.00000 0.045
9570.00000 0.044
9572.00000 0.043
9574.00000 0.043
9576.00000 0.042
9578.00000 0.041
9580.00000 0.04
9582.00000 0.039
9584.00000 0.039
9586.00000 0.038
9588.00000 0.037
9590.00000 0.036
9592.00000 0.036
9594.00000 0.035
9596.00000 0.035
9598.00000 0.034
9600.00000 0.034
9602.00000 0.033
9604.00000 0.032
9606.00000 0.032
9608.00000 0.031
9610.00000 0.031
9612.00000 0.03
9614.00000 0.03
9616.00000 0.029
9618.00000 0.029
9620.00000 0.028
9622.00000 0.028
9624.00000 0.027
9626.00000 0.027
9628.00000 0.026
9630.00000 0.026
9632.00000 0.025
9634.00000 0.025
9636.00000 0.025
9638.00000 0.024
9640.00000 0.024
9642.00000 0.024
9644.00000 0.023
9646.00000 0.023
9648.00000 0.022
9650.00000 0.022
9652.00000 0.022
9654.00000 0.021
9656.00000 0.021
9658.00000 0.021
9660.00000 0.02
9662.00000 0.02
9664.00000 0.02
9666.00000 0.019
9668.00000 0.019
9670.00000 0.019
9672.00000 0.019
9674.00000 0.018
9676.00000 0.018
9678.00000 0.018
9680.00000 0.018
9682.00000 0.017
9684.00000 0.017
9686.00000 0.017
9688.00000 0.017
9690.00000 0.016
9692.00000 0.016
9694.00000 0.016
9696.00000 0.016
9698.00000 0.015
9700.00000 0.015
9702.00000 0.015
9704.00000 0.015
9706.00000 0.014
9708.00000 0.014
9710.00000 0.014
9712.00000 0.014
9714.00000 0.014
9716.00000 0.013
9718.00000 0.013
9720.00000 0.013
9722.00000 0.013
9724.00000 0.013
9726.00000 0.013
9728.00000 0.012
9730.00000 0.012
9732.00000 0.012
9734.00000 0.012
9736.00000 0.012
9738.00000 0.012
9740.00000 0.011
9742.00000 0.011
9744.00000 0.011
9746.00000 0.011
9748.00000 0.011
9750.00000 0.011
9752.00000 0.011
9754.00000 0.011
9756.00000 0.01
9758.00000 0.01
9760.00000 0.01
9762.00000 0.01
9764.00000 0.01
9766.00000 0.01
9768.00000 0.01
9770.00000 0.009
9772.00000 0.009
9774.00000 0.009
9776.00000 0.009
9778.00000 0.009
9780.00000 0.009
9782.00000 0.009
9784.00000 0.009
9786.00000 0.009
9788.00000 0.008
9790.00000 0.008
9792.00000 0.008
9794.00000 0.008
9796.00000 0.008
9798.00000 0.008
9800.00000 0.008
9802.00000 0.008
9804.00000 0.008
9806.00000 0.008
9808.00000 0.007
9810.00000 0.007
9812.00000 0.007
9814.00000 0.007
9816.00000 0.007
9818.00000 0.007
9820.00000 0.007
9822.00000 0.007
9824.00000 0.007
9826.00000 0.007
9828.00000 0.007
9830.00000 0.007
9832.00000 0.007
9834.00000 0.007
9836.00000 0.006
9838.00000 0.006
9840.00000 0.006
9842.00000 0.006
9844.00000 0.006
9846.00000 0.006
9848.00000 0.006
9850.00000 0.006
9852.00000 0.006
9854.00000 0.006
9856.00000 0.006
9858.00000 0.006
9860.00000 0.006
9862.00000 0.006
9864.00000 0.006
9866.00000 0.006
9868.00000 0.006
9870.00000 0.005
9872.00000 0.005
9874.00000 0.005
9876.00000 0.005
9878.00000 0.005
9880.00000 0.005
9882.00000 0.005
9884.00000 0.005
9886.00000 0.005
9888.00000 0.005
9890.00000 0.005
9892.00000 0.005
9894.00000 0.005
9896.00000 0.005
9898.00000 0.005
9900.00000 0.005
9902.00000 0.005
9904.00000 0.005
9906.00000 0.005
9908.00000 0.005
9910.00000 0.005
9912.00000 0.004
9914.00000 0.004
9916.00000 0.004
9918.00000 0.004
9920.00000 0.004
9922.00000 0.004
9924.00000 0.004
9926.00000 0.004
9928.00000 0.004
9930.00000 0.004
9932.00000 0.004
9934.00000 0.004
9936.00000 0.004
9938.00000 0.004
9940.00000 0.004
9942.00000 0.004
9944.00000 0.004
9946.00000 0.004
9948.00000 0.004
9950.00000 0.004
9952.00000 0.004
9954.00000 0.004
9956.00000 0.004
9958.00000 0.004
9960.00000 0.004
9962.00000 0.004
10958.20020 0.0
