threeML/data/optical_filters/Gemini/GMOS_S-HeIIC.ecsv
# %ECSV 0.9
# ---
# datatype:
# - {name: wavelength, unit: Angstrom, datatype: float32}
# - {name: response, datatype: float32}
# meta: !!omap
# - {band_name: HeIIC}
# - {group_name: GMOS_S}
wavelength response
4221.00000 0.0
4690.00000 0.004
4692.00000 0.005
4694.00000 0.005
4696.00000 0.006
4698.00000 0.007
4700.00000 0.008
4702.00000 0.009
4704.00000 0.011
4706.00000 0.013
4708.00000 0.015
4710.00000 0.017
4712.00000 0.02
4714.00000 0.023
4716.00000 0.026
4718.00000 0.031
4720.00000 0.036
4722.00000 0.043
4724.00000 0.051
4726.00000 0.06
4728.00000 0.07
4730.00000 0.084
4732.00000 0.101
4734.00000 0.121
4736.00000 0.143
4738.00000 0.168
4740.00000 0.198
4742.00000 0.235
4744.00000 0.276
4746.00000 0.318
4748.00000 0.36
4750.00000 0.403
4752.00000 0.446
4754.00000 0.491
4756.00000 0.536
4758.00000 0.582
4760.00000 0.624
4762.00000 0.657
4764.00000 0.686
4766.00000 0.711
4768.00000 0.732
4770.00000 0.75
4772.00000 0.762
4774.00000 0.77
4776.00000 0.775
4778.00000 0.78
4780.00000 0.784
4782.00000 0.787
4784.00000 0.788
4786.00000 0.789
4788.00000 0.789
4790.00000 0.788
4792.00000 0.787
4794.00000 0.786
4796.00000 0.784
4798.00000 0.782
4800.00000 0.776
4802.00000 0.767
4804.00000 0.755
4806.00000 0.742
4808.00000 0.724
4810.00000 0.702
4812.00000 0.673
4814.00000 0.638
4816.00000 0.601
4818.00000 0.561
4820.00000 0.521
4822.00000 0.478
4824.00000 0.431
4826.00000 0.383
4828.00000 0.336
4830.00000 0.293
4832.00000 0.255
4834.00000 0.218
4836.00000 0.185
4838.00000 0.154
4840.00000 0.128
4842.00000 0.107
4844.00000 0.089
4846.00000 0.075
4848.00000 0.062
4850.00000 0.051
4852.00000 0.042
4854.00000 0.036
4856.00000 0.031
4858.00000 0.026
4860.00000 0.022
4862.00000 0.019
4864.00000 0.016
4866.00000 0.014
4868.00000 0.013
4870.00000 0.011
4872.00000 0.01
4874.00000 0.009
4876.00000 0.008
4878.00000 0.007
4880.00000 0.006
4882.00000 0.005
4884.00000 0.005
4886.00000 0.004
5374.60010 0.0
