threeML/data/optical_filters/Gemini/GMOS_S-g.ecsv
# %ECSV 0.9
# ---
# datatype:
# - {name: wavelength, unit: Angstrom, datatype: float32}
# - {name: response, datatype: float32}
# meta: !!omap
# - {band_name: g}
# - {group_name: GMOS_S}
wavelength response
3459.60010 0.0
3844.00000 0.004
3846.00000 0.004
3848.00000 0.004
3850.00000 0.005
3852.00000 0.005
3854.00000 0.006
3856.00000 0.006
3858.00000 0.007
3860.00000 0.007
3862.00000 0.008
3864.00000 0.009
3866.00000 0.01
3868.00000 0.011
3870.00000 0.012
3872.00000 0.013
3874.00000 0.014
3876.00000 0.016
3878.00000 0.017
3880.00000 0.019
3882.00000 0.021
3884.00000 0.023
3886.00000 0.025
3888.00000 0.028
3890.00000 0.031
3892.00000 0.034
3894.00000 0.037
3896.00000 0.041
3898.00000 0.045
3900.00000 0.05
3902.00000 0.055
3904.00000 0.06
3906.00000 0.066
3908.00000 0.073
3910.00000 0.08
3912.00000 0.087
3914.00000 0.096
3916.00000 0.105
3918.00000 0.115
3920.00000 0.126
3922.00000 0.137
3924.00000 0.15
3926.00000 0.162
3928.00000 0.177
3930.00000 0.191
3932.00000 0.207
3934.00000 0.224
3936.00000 0.242
3938.00000 0.259
3940.00000 0.278
3942.00000 0.297
3944.00000 0.317
3946.00000 0.337
3948.00000 0.357
3950.00000 0.378
3952.00000 0.397
3954.00000 0.416
3956.00000 0.435
3958.00000 0.454
3960.00000 0.473
3962.00000 0.49
3964.00000 0.507
3966.00000 0.523
3968.00000 0.538
3970.00000 0.553
3972.00000 0.566
3974.00000 0.579
3976.00000 0.591
3978.00000 0.602
3980.00000 0.613
3982.00000 0.623
3984.00000 0.632
3986.00000 0.642
3988.00000 0.649
3990.00000 0.658
3992.00000 0.666
3994.00000 0.673
3996.00000 0.679
3998.00000 0.686
4000.00000 0.691
4002.00000 0.697
4004.00000 0.703
4006.00000 0.707
4008.00000 0.712
4010.00000 0.716
4012.00000 0.719
4014.00000 0.722
4016.00000 0.725
4018.00000 0.727
4020.00000 0.73
4022.00000 0.731
4024.00000 0.732
4026.00000 0.734
4028.00000 0.735
4030.00000 0.735
4032.00000 0.736
4034.00000 0.735
4036.00000 0.735
4038.00000 0.735
4040.00000 0.733
4042.00000 0.733
4044.00000 0.732
4046.00000 0.731
4048.00000 0.731
4050.00000 0.729
4052.00000 0.728
4054.00000 0.727
4056.00000 0.725
4058.00000 0.725
4060.00000 0.723
4062.00000 0.723
4064.00000 0.722
4066.00000 0.722
4068.00000 0.722
4070.00000 0.721
4072.00000 0.721
4074.00000 0.722
4076.00000 0.721
4078.00000 0.723
4080.00000 0.722
4082.00000 0.723
4084.00000 0.724
4086.00000 0.726
4088.00000 0.728
4090.00000 0.728
4092.00000 0.73
4094.00000 0.732
4096.00000 0.733
4098.00000 0.735
4100.00000 0.737
4102.00000 0.74
4104.00000 0.742
4106.00000 0.744
4108.00000 0.746
4110.00000 0.748
4112.00000 0.751
4114.00000 0.753
4116.00000 0.755
4118.00000 0.757
4120.00000 0.76
4122.00000 0.762
4124.00000 0.765
4126.00000 0.766
4128.00000 0.768
4130.00000 0.77
4132.00000 0.772
4134.00000 0.774
4136.00000 0.775
4138.00000 0.776
4140.00000 0.777
4142.00000 0.778
4144.00000 0.779
4146.00000 0.78
4148.00000 0.781
4150.00000 0.782
4152.00000 0.782
4154.00000 0.782
4156.00000 0.783
4158.00000 0.782
4160.00000 0.783
4162.00000 0.783
4164.00000 0.783
4166.00000 0.784
4168.00000 0.784
4170.00000 0.783
4172.00000 0.782
4174.00000 0.784
4176.00000 0.783
4178.00000 0.784
4180.00000 0.783
4182.00000 0.783
4184.00000 0.784
4186.00000 0.784
4188.00000 0.784
4190.00000 0.784
4192.00000 0.785
4194.00000 0.786
4196.00000 0.786
4198.00000 0.787
4200.00000 0.788
4202.00000 0.789
4204.00000 0.79
4206.00000 0.791
4208.00000 0.792
4210.00000 0.792
4212.00000 0.794
4214.00000 0.796
4216.00000 0.797
4218.00000 0.799
4220.00000 0.8
4222.00000 0.801
4224.00000 0.803
4226.00000 0.805
4228.00000 0.806
4230.00000 0.807
4232.00000 0.807
4234.00000 0.81
4236.00000 0.811
4238.00000 0.813
4240.00000 0.814
4242.00000 0.815
4244.00000 0.815
4246.00000 0.816
4248.00000 0.817
4250.00000 0.818
4252.00000 0.818
4254.00000 0.819
4256.00000 0.819
4258.00000 0.819
4260.00000 0.82
4262.00000 0.82
4264.00000 0.821
4266.00000 0.821
4268.00000 0.819
4270.00000 0.819
4272.00000 0.819
4274.00000 0.819
4276.00000 0.818
4278.00000 0.818
4280.00000 0.817
4282.00000 0.817
4284.00000 0.816
4286.00000 0.815
4288.00000 0.815
4290.00000 0.814
4292.00000 0.813
4294.00000 0.813
4296.00000 0.812
4298.00000 0.811
4300.00000 0.811
4302.00000 0.811
4304.00000 0.81
4306.00000 0.81
4308.00000 0.81
4310.00000 0.809
4312.00000 0.809
4314.00000 0.81
4316.00000 0.809
4318.00000 0.809
4320.00000 0.809
4322.00000 0.81
4324.00000 0.81
4326.00000 0.81
4328.00000 0.81
4330.00000 0.811
4332.00000 0.812
4334.00000 0.812
4336.00000 0.812
4338.00000 0.814
4340.00000 0.815
4342.00000 0.815
4344.00000 0.817
4346.00000 0.818
4348.00000 0.818
4350.00000 0.82
4352.00000 0.821
4354.00000 0.821
4356.00000 0.823
4358.00000 0.825
4360.00000 0.826
4362.00000 0.827
4364.00000 0.828
4366.00000 0.83
4368.00000 0.831
4370.00000 0.832
4372.00000 0.832
4374.00000 0.833
4376.00000 0.834
4378.00000 0.835
4380.00000 0.837
4382.00000 0.837
4384.00000 0.838
4386.00000 0.839
4388.00000 0.84
4390.00000 0.84
4392.00000 0.841
4394.00000 0.839
4396.00000 0.841
4398.00000 0.84
4400.00000 0.841
4402.00000 0.839
4404.00000 0.842
4406.00000 0.84
4408.00000 0.84
4410.00000 0.84
4412.00000 0.839
4414.00000 0.839
4416.00000 0.838
4418.00000 0.837
4420.00000 0.836
4422.00000 0.836
4424.00000 0.835
4426.00000 0.834
4428.00000 0.833
4430.00000 0.832
4432.00000 0.831
4434.00000 0.83
4436.00000 0.829
4438.00000 0.828
4440.00000 0.827
4442.00000 0.827
4444.00000 0.825
4446.00000 0.825
4448.00000 0.825
4450.00000 0.823
4452.00000 0.824
4454.00000 0.824
4456.00000 0.823
4458.00000 0.822
4460.00000 0.823
4462.00000 0.823
4464.00000 0.823
4466.00000 0.823
4468.00000 0.822
4470.00000 0.823
4472.00000 0.823
4474.00000 0.823
4476.00000 0.824
4478.00000 0.824
4480.00000 0.826
4482.00000 0.826
4484.00000 0.827
4486.00000 0.828
4488.00000 0.828
4490.00000 0.829
4492.00000 0.83
4494.00000 0.831
4496.00000 0.832
4498.00000 0.834
4500.00000 0.835
4502.00000 0.836
4504.00000 0.837
4506.00000 0.839
4508.00000 0.84
4510.00000 0.842
4512.00000 0.843
4514.00000 0.845
4516.00000 0.847
4518.00000 0.848
4520.00000 0.85
4522.00000 0.85
4524.00000 0.853
4526.00000 0.854
4528.00000 0.856
4530.00000 0.856
4532.00000 0.858
4534.00000 0.859
4536.00000 0.861
4538.00000 0.863
4540.00000 0.864
4542.00000 0.865
4544.00000 0.866
4546.00000 0.866
4548.00000 0.867
4550.00000 0.869
4552.00000 0.869
4554.00000 0.87
4556.00000 0.87
4558.00000 0.87
4560.00000 0.871
4562.00000 0.872
4564.00000 0.871
4566.00000 0.872
4568.00000 0.873
4570.00000 0.872
4572.00000 0.872
4574.00000 0.871
4576.00000 0.872
4578.00000 0.872
4580.00000 0.87
4582.00000 0.87
4584.00000 0.87
4586.00000 0.869
4588.00000 0.869
4590.00000 0.868
4592.00000 0.868
4594.00000 0.867
4596.00000 0.867
4598.00000 0.866
4600.00000 0.866
4602.00000 0.865
4604.00000 0.864
4606.00000 0.863
4608.00000 0.862
4610.00000 0.862
4612.00000 0.862
4614.00000 0.861
4616.00000 0.861
4618.00000 0.861
4620.00000 0.86
4622.00000 0.86
4624.00000 0.859
4626.00000 0.86
4628.00000 0.859
4630.00000 0.858
4632.00000 0.859
4634.00000 0.858
4636.00000 0.857
4638.00000 0.858
4640.00000 0.858
4642.00000 0.858
4644.00000 0.857
4646.00000 0.858
4648.00000 0.858
4650.00000 0.857
4652.00000 0.858
4654.00000 0.858
4656.00000 0.859
4658.00000 0.858
4660.00000 0.859
4662.00000 0.86
4664.00000 0.86
4666.00000 0.86
4668.00000 0.86
4670.00000 0.861
4672.00000 0.862
4674.00000 0.862
4676.00000 0.862
4678.00000 0.864
4680.00000 0.864
4682.00000 0.865
4684.00000 0.866
4686.00000 0.867
4688.00000 0.867
4690.00000 0.868
4692.00000 0.869
4694.00000 0.87
4696.00000 0.87
4698.00000 0.871
4700.00000 0.871
4702.00000 0.872
4704.00000 0.873
4706.00000 0.873
4708.00000 0.874
4710.00000 0.875
4712.00000 0.875
4714.00000 0.877
4716.00000 0.877
4718.00000 0.877
4720.00000 0.877
4722.00000 0.878
4724.00000 0.878
4726.00000 0.879
4728.00000 0.88
4730.00000 0.88
4732.00000 0.88
4734.00000 0.881
4736.00000 0.883
4738.00000 0.881
4740.00000 0.882
4742.00000 0.882
4744.00000 0.882
4746.00000 0.882
4748.00000 0.882
4750.00000 0.883
4752.00000 0.883
4754.00000 0.884
4756.00000 0.884
4758.00000 0.884
4760.00000 0.884
4762.00000 0.885
4764.00000 0.885
4766.00000 0.885
4768.00000 0.886
4770.00000 0.887
4772.00000 0.886
4774.00000 0.887
4776.00000 0.887
4778.00000 0.887
4780.00000 0.887
4782.00000 0.888
4784.00000 0.888
4786.00000 0.888
4788.00000 0.888
4790.00000 0.888
4792.00000 0.889
4794.00000 0.89
4796.00000 0.89
4798.00000 0.889
4800.00000 0.89
4802.00000 0.889
4804.00000 0.892
4806.00000 0.891
4808.00000 0.891
4810.00000 0.892
4812.00000 0.892
4814.00000 0.892
4816.00000 0.894
4818.00000 0.894
4820.00000 0.894
4822.00000 0.894
4824.00000 0.895
4826.00000 0.895
4828.00000 0.894
4830.00000 0.896
4832.00000 0.895
4834.00000 0.896
4836.00000 0.896
4838.00000 0.897
4840.00000 0.897
4842.00000 0.898
4844.00000 0.897
4846.00000 0.897
4848.00000 0.898
4850.00000 0.9
4852.00000 0.899
4854.00000 0.899
4856.00000 0.9
4858.00000 0.9
4860.00000 0.901
4862.00000 0.9
4864.00000 0.901
4866.00000 0.9
4868.00000 0.901
4870.00000 0.901
4872.00000 0.901
4874.00000 0.902
4876.00000 0.901
4878.00000 0.901
4880.00000 0.902
4882.00000 0.903
4884.00000 0.904
4886.00000 0.902
4888.00000 0.901
4890.00000 0.901
4892.00000 0.901
4894.00000 0.901
4896.00000 0.9
4898.00000 0.9
4900.00000 0.9
4902.00000 0.901
4904.00000 0.9
4906.00000 0.901
4908.00000 0.9
4910.00000 0.9
4912.00000 0.9
4914.00000 0.9
4916.00000 0.899
4918.00000 0.9
4920.00000 0.9
4922.00000 0.899
4924.00000 0.9
4926.00000 0.9
4928.00000 0.9
4930.00000 0.9
4932.00000 0.9
4934.00000 0.899
4936.00000 0.9
4938.00000 0.9
4940.00000 0.9
4942.00000 0.899
4944.00000 0.9
4946.00000 0.9
4948.00000 0.899
4950.00000 0.9
4952.00000 0.9
4954.00000 0.901
4956.00000 0.9
4958.00000 0.9
4960.00000 0.899
4962.00000 0.9
4964.00000 0.9
4966.00000 0.9
4968.00000 0.9
4970.00000 0.9
4972.00000 0.9
4974.00000 0.901
4976.00000 0.901
4978.00000 0.9
4980.00000 0.901
4982.00000 0.901
4984.00000 0.901
4986.00000 0.901
4988.00000 0.902
4990.00000 0.902
4992.00000 0.902
4994.00000 0.903
4996.00000 0.903
4998.00000 0.903
5000.00000 0.903
5002.00000 0.903
5004.00000 0.903
5006.00000 0.904
5008.00000 0.904
5010.00000 0.904
5012.00000 0.905
5014.00000 0.904
5016.00000 0.905
5018.00000 0.905
5020.00000 0.905
5022.00000 0.905
5024.00000 0.905
5026.00000 0.904
5028.00000 0.904
5030.00000 0.905
5032.00000 0.904
5034.00000 0.904
5036.00000 0.904
5038.00000 0.903
5040.00000 0.903
5042.00000 0.903
5044.00000 0.903
5046.00000 0.902
5048.00000 0.902
5050.00000 0.902
5052.00000 0.901
5054.00000 0.901
5056.00000 0.901
5058.00000 0.9
5060.00000 0.899
5062.00000 0.898
5064.00000 0.897
5066.00000 0.897
5068.00000 0.897
5070.00000 0.896
5072.00000 0.895
5074.00000 0.895
5076.00000 0.896
5078.00000 0.896
5080.00000 0.894
5082.00000 0.893
5084.00000 0.893
5086.00000 0.892
5088.00000 0.892
5090.00000 0.89
5092.00000 0.89
5094.00000 0.889
5096.00000 0.889
5098.00000 0.888
5100.00000 0.889
5102.00000 0.887
5104.00000 0.888
5106.00000 0.885
5108.00000 0.884
5110.00000 0.884
5112.00000 0.884
5114.00000 0.883
5116.00000 0.884
5118.00000 0.881
5120.00000 0.881
5122.00000 0.88
5124.00000 0.88
5126.00000 0.879
5128.00000 0.878
5130.00000 0.878
5132.00000 0.878
5134.00000 0.877
5136.00000 0.877
5138.00000 0.877
5140.00000 0.877
5142.00000 0.876
5144.00000 0.875
5146.00000 0.875
5148.00000 0.875
5150.00000 0.875
5152.00000 0.875
5154.00000 0.874
5156.00000 0.875
5158.00000 0.874
5160.00000 0.875
5162.00000 0.874
5164.00000 0.874
5166.00000 0.874
5168.00000 0.874
5170.00000 0.874
5172.00000 0.875
5174.00000 0.874
5176.00000 0.874
5178.00000 0.874
5180.00000 0.875
5182.00000 0.875
5184.00000 0.875
5186.00000 0.875
5188.00000 0.874
5190.00000 0.874
5192.00000 0.875
5194.00000 0.874
5196.00000 0.874
5198.00000 0.875
5200.00000 0.874
5202.00000 0.875
5204.00000 0.875
5206.00000 0.875
5208.00000 0.874
5210.00000 0.875
5212.00000 0.875
5214.00000 0.875
5216.00000 0.875
5218.00000 0.875
5220.00000 0.874
5222.00000 0.874
5224.00000 0.874
5226.00000 0.874
5228.00000 0.873
5230.00000 0.873
5232.00000 0.874
5234.00000 0.873
5236.00000 0.873
5238.00000 0.873
5240.00000 0.873
5242.00000 0.872
5244.00000 0.872
5246.00000 0.871
5248.00000 0.871
5250.00000 0.87
5252.00000 0.87
5254.00000 0.87
5256.00000 0.868
5258.00000 0.868
5260.00000 0.867
5262.00000 0.867
5264.00000 0.865
5266.00000 0.865
5268.00000 0.864
5270.00000 0.863
5272.00000 0.862
5274.00000 0.862
5276.00000 0.861
5278.00000 0.86
5280.00000 0.859
5282.00000 0.857
5284.00000 0.857
5286.00000 0.856
5288.00000 0.854
5290.00000 0.853
5292.00000 0.852
5294.00000 0.85
5296.00000 0.85
5298.00000 0.849
5300.00000 0.847
5302.00000 0.846
5304.00000 0.845
5306.00000 0.844
5308.00000 0.842
5310.00000 0.841
5312.00000 0.84
5314.00000 0.839
5316.00000 0.838
5318.00000 0.836
5320.00000 0.835
5322.00000 0.833
5324.00000 0.831
5326.00000 0.831
5328.00000 0.829
5330.00000 0.828
5332.00000 0.826
5334.00000 0.824
5336.00000 0.823
5338.00000 0.821
5340.00000 0.82
5342.00000 0.817
5344.00000 0.816
5346.00000 0.814
5348.00000 0.813
5350.00000 0.811
5352.00000 0.809
5354.00000 0.807
5356.00000 0.805
5358.00000 0.803
5360.00000 0.801
5362.00000 0.799
5364.00000 0.797
5366.00000 0.795
5368.00000 0.793
5370.00000 0.792
5372.00000 0.789
5374.00000 0.787
5376.00000 0.785
5378.00000 0.783
5380.00000 0.782
5382.00000 0.78
5384.00000 0.778
5386.00000 0.776
5388.00000 0.775
5390.00000 0.772
5392.00000 0.77
5394.00000 0.769
5396.00000 0.767
5398.00000 0.766
5400.00000 0.764
5402.00000 0.762
5404.00000 0.76
5406.00000 0.759
5408.00000 0.757
5410.00000 0.756
5412.00000 0.754
5414.00000 0.753
5416.00000 0.752
5418.00000 0.75
5420.00000 0.75
5422.00000 0.749
5424.00000 0.747
5426.00000 0.747
5428.00000 0.745
5430.00000 0.745
5432.00000 0.744
5434.00000 0.743
5436.00000 0.743
5438.00000 0.742
5440.00000 0.741
5442.00000 0.741
5444.00000 0.74
5446.00000 0.74
5448.00000 0.739
5450.00000 0.739
5452.00000 0.738
5454.00000 0.737
5456.00000 0.735
5458.00000 0.733
5460.00000 0.731
5462.00000 0.729
5464.00000 0.727
5466.00000 0.723
5468.00000 0.72
5470.00000 0.715
5472.00000 0.71
5474.00000 0.704
5476.00000 0.698
5478.00000 0.689
5480.00000 0.681
5482.00000 0.67
5484.00000 0.66
5486.00000 0.648
5488.00000 0.635
5490.00000 0.621
5492.00000 0.606
5494.00000 0.59
5496.00000 0.573
5498.00000 0.554
5500.00000 0.535
5502.00000 0.516
5504.00000 0.495
5506.00000 0.475
5508.00000 0.454
5510.00000 0.433
5512.00000 0.411
5514.00000 0.39
5516.00000 0.37
5518.00000 0.349
5520.00000 0.328
5522.00000 0.309
5524.00000 0.29
5526.00000 0.271
5528.00000 0.254
5530.00000 0.237
5532.00000 0.221
5534.00000 0.206
5536.00000 0.192
5538.00000 0.178
5540.00000 0.166
5542.00000 0.154
5544.00000 0.143
5546.00000 0.132
5548.00000 0.122
5550.00000 0.113
5552.00000 0.105
5554.00000 0.097
5556.00000 0.09
5558.00000 0.083
5560.00000 0.077
5562.00000 0.072
5564.00000 0.066
5566.00000 0.061
5568.00000 0.057
5570.00000 0.053
5572.00000 0.049
5574.00000 0.045
5576.00000 0.042
5578.00000 0.039
5580.00000 0.036
5582.00000 0.034
5584.00000 0.032
5586.00000 0.029
5588.00000 0.027
5590.00000 0.025
5592.00000 0.024
5594.00000 0.022
5596.00000 0.021
5598.00000 0.019
5600.00000 0.018
5602.00000 0.017
5604.00000 0.016
5606.00000 0.015
5608.00000 0.014
5610.00000 0.013
5612.00000 0.012
5614.00000 0.011
5616.00000 0.011
5618.00000 0.01
5620.00000 0.009
5622.00000 0.009
5624.00000 0.008
5626.00000 0.008
5628.00000 0.007
5630.00000 0.007
5632.00000 0.007
5634.00000 0.006
5636.00000 0.006
5638.00000 0.005
5640.00000 0.005
5642.00000 0.005
5644.00000 0.005
5646.00000 0.004
5648.00000 0.004
5650.00000 0.004
5652.00000 0.004
6217.20020 0.0
