threeML/data/optical_filters/Gemini/GMOS_N-OIIIC.ecsv
# %ECSV 0.9
# ---
# datatype:
# - {name: wavelength, unit: Angstrom, datatype: float32}
# - {name: response, datatype: float32}
# meta: !!omap
# - {band_name: OIIIC}
# - {group_name: GMOS_N}
wavelength response
4328.10010 0.0
4809.00000 0.004
4812.00000 0.004
4815.00000 0.004
4818.00000 0.004
4821.00000 0.004
4824.00000 0.004
4827.00000 0.004
4830.00000 0.004
4833.00000 0.004
4836.00000 0.004
4839.00000 0.004
4842.00000 0.004
4845.00000 0.004
4848.00000 0.004
4851.00000 0.004
4854.00000 0.004
4857.00000 0.004
4860.00000 0.004
4863.00000 0.004
4866.00000 0.004
4869.00000 0.004
4872.00000 0.004
4875.00000 0.004
4878.00000 0.004
4881.00000 0.004
4884.00000 0.004
4887.00000 0.004
4890.00000 0.004
4893.00000 0.004
4896.00000 0.004
4899.00000 0.004
4902.00000 0.004
4905.00000 0.004
4908.00000 0.004
4911.00000 0.004
4914.00000 0.004
4917.00000 0.005
4920.00000 0.005
4923.00000 0.005
4926.00000 0.005
4929.00000 0.005
4932.00000 0.005
4935.00000 0.005
4938.00000 0.005
4941.00000 0.005
4944.00000 0.005
4947.00000 0.004
4950.00000 0.004
4953.00000 0.004
4956.00000 0.004
4959.00000 0.004
4962.00000 0.004
4965.00000 0.004
4968.00000 0.004
4971.00000 0.004
4974.00000 0.004
4977.00000 0.004
4980.00000 0.004
4983.00000 0.004
4986.00000 0.004
4989.00000 0.004
4992.00000 0.004
4995.00000 0.004
4998.00000 0.004
5001.00000 0.004
5004.00000 0.005
5007.00000 0.005
5010.00000 0.005
5013.00000 0.005
5016.00000 0.005
5019.00000 0.005
5022.00000 0.006
5025.00000 0.006
5028.00000 0.006
5031.00000 0.006
5034.00000 0.007
5037.00000 0.007
5040.00000 0.007
5043.00000 0.008
5046.00000 0.008
5049.00000 0.009
5052.00000 0.01
5055.00000 0.011
5058.00000 0.012
5061.00000 0.013
5064.00000 0.015
5067.00000 0.017
5070.00000 0.019
5073.00000 0.023
5076.00000 0.027
5079.00000 0.033
5082.00000 0.042
5085.00000 0.054
5088.00000 0.071
5091.00000 0.096
5094.00000 0.13
5097.00000 0.175
5100.00000 0.231
5103.00000 0.299
5106.00000 0.376
5109.00000 0.456
5112.00000 0.537
5115.00000 0.612
5118.00000 0.677
5121.00000 0.729
5124.00000 0.766
5127.00000 0.792
5130.00000 0.808
5133.00000 0.816
5136.00000 0.82
5139.00000 0.821
5142.00000 0.821
5145.00000 0.821
5148.00000 0.82
5151.00000 0.819
5154.00000 0.817
5157.00000 0.814
5160.00000 0.809
5163.00000 0.799
5166.00000 0.781
5169.00000 0.753
5172.00000 0.711
5175.00000 0.656
5178.00000 0.588
5181.00000 0.511
5184.00000 0.43
5187.00000 0.35
5190.00000 0.276
5193.00000 0.211
5196.00000 0.158
5199.00000 0.116
5202.00000 0.086
5205.00000 0.064
5208.00000 0.048
5211.00000 0.037
5214.00000 0.029
5217.00000 0.024
5220.00000 0.02
5223.00000 0.016
5226.00000 0.014
5229.00000 0.012
5232.00000 0.011
5235.00000 0.01
5238.00000 0.009
5241.00000 0.008
5244.00000 0.007
5247.00000 0.007
5250.00000 0.007
5253.00000 0.006
5256.00000 0.006
5259.00000 0.006
5262.00000 0.005
5265.00000 0.005
5268.00000 0.005
5271.00000 0.005
5274.00000 0.005
5277.00000 0.005
5280.00000 0.005
5283.00000 0.004
5286.00000 0.004
5289.00000 0.004
5292.00000 0.004
5295.00000 0.004
5298.00000 0.004
5301.00000 0.004
5304.00000 0.004
5307.00000 0.004
5310.00000 0.004
5313.00000 0.004
5316.00000 0.004
5319.00000 0.004
5322.00000 0.004
5325.00000 0.004
5328.00000 0.004
5331.00000 0.004
5334.00000 0.004
5337.00000 0.004
5340.00000 0.004
5343.00000 0.004
5346.00000 0.004
5349.00000 0.004
5352.00000 0.004
5355.00000 0.004
5358.00000 0.004
5361.00000 0.004
5364.00000 0.004
5900.39990 0.0
