threeML/data/optical_filters/Gemini/GMOS_N-DS920.ecsv
# %ECSV 0.9
# ---
# datatype:
# - {name: wavelength, unit: Angstrom, datatype: float32}
# - {name: response, datatype: float32}
# meta: !!omap
# - {band_name: DS920}
# - {group_name: GMOS_N}
wavelength response
8048.70020 0.0
8943.00000 0.004
8947.00000 0.004
8950.00000 0.003
8954.00000 0.004
8957.00000 0.004
8960.00000 0.004
8964.00000 0.004
8967.00000 0.004
8971.00000 0.004
8974.00000 0.004
8978.00000 0.004
8981.00000 0.004
8985.00000 0.004
8988.00000 0.005
8992.00000 0.005
8995.00000 0.005
8999.00000 0.005
9002.00000 0.005
9005.00000 0.006
9009.00000 0.006
9012.00000 0.006
9016.00000 0.006
9019.00000 0.007
9023.00000 0.008
9026.00000 0.008
9030.00000 0.009
9033.00000 0.009
9037.00000 0.01
9040.00000 0.011
9043.00000 0.012
9047.00000 0.013
9050.00000 0.014
9054.00000 0.015
9057.00000 0.017
9061.00000 0.02
9064.00000 0.023
9068.00000 0.026
9071.00000 0.03
9075.00000 0.034
9078.00000 0.041
9081.00000 0.05
9085.00000 0.062
9088.00000 0.073
9092.00000 0.087
9095.00000 0.106
9099.00000 0.128
9102.00000 0.15
9106.00000 0.17
9109.00000 0.195
9113.00000 0.223
9116.00000 0.262
9120.00000 0.314
9123.00000 0.382
9126.00000 0.471
9130.00000 0.553
9133.00000 0.632
9137.00000 0.701
9140.00000 0.752
9144.00000 0.778
9147.00000 0.793
9151.00000 0.812
9154.00000 0.825
9158.00000 0.841
9161.00000 0.851
9164.00000 0.861
9168.00000 0.872
9171.00000 0.88
9175.00000 0.889
9178.00000 0.895
9182.00000 0.902
9185.00000 0.906
9189.00000 0.91
9192.00000 0.913
9196.00000 0.915
9199.00000 0.916
9203.00000 0.917
9206.00000 0.917
9209.00000 0.916
9213.00000 0.915
9216.00000 0.913
9220.00000 0.91
9223.00000 0.907
9227.00000 0.903
9230.00000 0.9
9234.00000 0.894
9237.00000 0.89
9241.00000 0.884
9244.00000 0.879
9247.00000 0.874
9251.00000 0.866
9254.00000 0.861
9258.00000 0.853
9261.00000 0.847
9265.00000 0.838
9268.00000 0.832
9272.00000 0.822
9275.00000 0.815
9279.00000 0.804
9282.00000 0.796
9285.00000 0.787
9289.00000 0.774
9292.00000 0.763
9296.00000 0.748
9299.00000 0.735
9303.00000 0.723
9306.00000 0.677
9310.00000 0.615
9313.00000 0.527
9317.00000 0.427
9320.00000 0.341
9324.00000 0.27
9327.00000 0.222
9330.00000 0.191
9334.00000 0.168
9337.00000 0.145
9341.00000 0.125
9344.00000 0.107
9348.00000 0.09
9351.00000 0.073
9355.00000 0.058
9358.00000 0.045
9362.00000 0.037
9365.00000 0.03
9368.00000 0.027
9372.00000 0.024
9375.00000 0.022
9379.00000 0.02
9382.00000 0.018
9386.00000 0.016
9389.00000 0.014
9393.00000 0.012
9396.00000 0.011
9400.00000 0.009
9403.00000 0.008
9407.00000 0.008
9410.00000 0.007
9413.00000 0.007
9417.00000 0.007
9420.00000 0.007
9424.00000 0.006
9427.00000 0.006
9431.00000 0.005
9434.00000 0.005
9438.00000 0.004
9441.00000 0.004
9445.00000 0.004
9448.00000 0.004
9451.00000 0.004
9455.00000 0.004
9458.00000 0.004
9462.00000 0.004
9465.00000 0.004
10411.50000 0.0
