threeML/data/optical_filters/Gemini/GSAOI-HIPaGamma.ecsv
# %ECSV 0.9
# ---
# datatype:
# - {name: wavelength, unit: Angstrom, datatype: float32}
# - {name: response, datatype: float32}
# meta: !!omap
# - {band_name: HIPaGamma}
# - {group_name: GSAOI}
wavelength response
9720.00000 0.0
10800.00000 0.00205
10801.00000 0.002113
10802.00000 0.002246
10803.00000 0.002233
10804.00000 0.002425
10805.00000 0.002495
10806.00000 0.002649
10807.00000 0.002745
10808.00000 0.002844
10809.00000 0.002955
10810.00000 0.003122
10811.00000 0.003202
10812.00000 0.003456
10813.00000 0.003561
10814.00000 0.003755
10815.00000 0.003925
10816.00000 0.004079
10817.00000 0.004304
10818.00000 0.004561
10819.00000 0.004781
10820.00000 0.005
10821.00000 0.005159
10822.00000 0.00551
10823.00000 0.005763
10824.00000 0.006125
10825.00000 0.006333
10826.00000 0.006732
10827.00000 0.007044
10828.00000 0.007429
10829.00000 0.007872
10830.00000 0.008298
10831.00000 0.008726
10832.00000 0.009248
10833.00000 0.009728
10834.00000 0.010278
10835.00000 0.010848
10836.00000 0.011526
10837.00000 0.012268
10838.00000 0.012935
10839.00000 0.013682
10840.00000 0.014417
10841.00000 0.015416
10842.00000 0.0164
10843.00000 0.017388
10844.00000 0.018449
10845.00000 0.019556
10846.00000 0.020988
10847.00000 0.022175
10848.00000 0.023579
10849.00000 0.025087
10850.00000 0.026923
10851.00000 0.028612
10852.00000 0.030297
10853.00000 0.032405
10854.00000 0.034783
10855.00000 0.036972
10856.00000 0.039457
10857.00000 0.042118
10858.00000 0.044972
10859.00000 0.048488
10860.00000 0.051882
10861.00000 0.055281
10862.00000 0.059179
10863.00000 0.063434
10864.00000 0.067801
10865.00000 0.0724
10866.00000 0.077244
10867.00000 0.082728
10868.00000 0.088734
10869.00000 0.094641
10870.00000 0.100955
10871.00000 0.108607
10872.00000 0.115859
10873.00000 0.123366
10874.00000 0.131675
10875.00000 0.140373
10876.00000 0.150603
10877.00000 0.160962
10878.00000 0.17067
10879.00000 0.18223
10880.00000 0.193594
10881.00000 0.206179
10882.00000 0.218537
10883.00000 0.23081
10884.00000 0.244762
10885.00000 0.259471
10886.00000 0.273182
10887.00000 0.288335
10888.00000 0.304543
10889.00000 0.320004
10890.00000 0.334896
10891.00000 0.350806
10892.00000 0.366127
10893.00000 0.384429
10894.00000 0.401392
10895.00000 0.417098
10896.00000 0.433252
10897.00000 0.45008
10898.00000 0.467001
10899.00000 0.482747
10900.00000 0.497278
10901.00000 0.512386
10902.00000 0.528153
10903.00000 0.541618
10904.00000 0.555044
10905.00000 0.569688
10906.00000 0.58269
10907.00000 0.594128
10908.00000 0.605807
10909.00000 0.615994
10910.00000 0.627063
10911.00000 0.637666
10912.00000 0.646451
10913.00000 0.655002
10914.00000 0.662801
10915.00000 0.670829
10916.00000 0.677463
10917.00000 0.683337
10918.00000 0.689359
10919.00000 0.695216
10920.00000 0.700265
10921.00000 0.704516
10922.00000 0.708951
10923.00000 0.71282
10924.00000 0.71645
10925.00000 0.719467
10926.00000 0.721694
10927.00000 0.72469
10928.00000 0.727439
10929.00000 0.729582
10930.00000 0.731419
10931.00000 0.733397
10932.00000 0.735434
10933.00000 0.736969
10934.00000 0.73822
10935.00000 0.739531
10936.00000 0.741015
10937.00000 0.74208
10938.00000 0.743049
10939.00000 0.743745
10940.00000 0.74494
10941.00000 0.74569
10942.00000 0.746333
10943.00000 0.747127
10944.00000 0.748084
10945.00000 0.748934
10946.00000 0.749499
10947.00000 0.750047
10948.00000 0.750432
10949.00000 0.751057
10950.00000 0.751218
10951.00000 0.75148
10952.00000 0.751439
10953.00000 0.751479
10954.00000 0.751652
10955.00000 0.751334
10956.00000 0.750995
10957.00000 0.750602
10958.00000 0.749896
10959.00000 0.748951
10960.00000 0.747926
10961.00000 0.746455
10962.00000 0.744344
10963.00000 0.742204
10964.00000 0.739461
10965.00000 0.736983
10966.00000 0.733309
10967.00000 0.729085
10968.00000 0.725156
10969.00000 0.72065
10970.00000 0.715071
10971.00000 0.708914
10972.00000 0.702351
10973.00000 0.695261
10974.00000 0.687628
10975.00000 0.678535
10976.00000 0.669026
10977.00000 0.659969
10978.00000 0.649385
10979.00000 0.639201
10980.00000 0.624426
10981.00000 0.612448
10982.00000 0.59995
10983.00000 0.585969
10984.00000 0.56975
10985.00000 0.555546
10986.00000 0.542115
10987.00000 0.526683
10988.00000 0.51019
10989.00000 0.492922
10990.00000 0.476665
10991.00000 0.461229
10992.00000 0.444211
10993.00000 0.426225
10994.00000 0.409708
10995.00000 0.393524
10996.00000 0.378946
10997.00000 0.359931
10998.00000 0.343566
10999.00000 0.329678
11000.00000 0.314518
11001.00000 0.298757
11002.00000 0.284167
11003.00000 0.270239
11004.00000 0.257375
11005.00000 0.244769
11006.00000 0.230742
11007.00000 0.219157
11008.00000 0.20719
11009.00000 0.196773
11010.00000 0.185336
11011.00000 0.175901
11012.00000 0.166108
11013.00000 0.157334
11014.00000 0.148011
11015.00000 0.139421
11016.00000 0.131991
11017.00000 0.124901
11018.00000 0.117465
11019.00000 0.110653
11020.00000 0.104276
11021.00000 0.099338
11022.00000 0.093999
11023.00000 0.088033
11024.00000 0.083117
11025.00000 0.079017
11026.00000 0.074616
11027.00000 0.070304
11028.00000 0.066105
11029.00000 0.062351
11030.00000 0.059321
11031.00000 0.056133
11032.00000 0.052366
11033.00000 0.049464
11034.00000 0.047031
11035.00000 0.044486
11036.00000 0.041938
11037.00000 0.039667
11038.00000 0.037527
11039.00000 0.035752
11040.00000 0.033717
11041.00000 0.031821
11042.00000 0.030247
11043.00000 0.02864
11044.00000 0.027275
11045.00000 0.025639
11046.00000 0.024371
11047.00000 0.02312
11048.00000 0.022016
11049.00000 0.020629
11050.00000 0.019621
11051.00000 0.018575
11052.00000 0.017661
11053.00000 0.016837
11054.00000 0.015937
11055.00000 0.015171
11056.00000 0.014566
11057.00000 0.01373
11058.00000 0.013019
11059.00000 0.012458
11060.00000 0.011837
11061.00000 0.011375
11062.00000 0.010729
11063.00000 0.010156
11064.00000 0.009758
11065.00000 0.009241
11066.00000 0.008752
11067.00000 0.008313
11068.00000 0.007893
11069.00000 0.007609
11070.00000 0.007257
11071.00000 0.006901
11072.00000 0.006592
11073.00000 0.006305
11074.00000 0.006061
11075.00000 0.005709
11076.00000 0.005455
11077.00000 0.005288
11078.00000 0.005041
11079.00000 0.004752
11080.00000 0.004588
11081.00000 0.004454
11082.00000 0.004227
11083.00000 0.004033
11084.00000 0.003869
11085.00000 0.003696
11086.00000 0.003524
11087.00000 0.003319
11088.00000 0.00318
11089.00000 0.003053
11090.00000 0.002998
11091.00000 0.00286
11092.00000 0.002713
11093.00000 0.002613
11094.00000 0.002541
11095.00000 0.002416
11096.00000 0.002295
11097.00000 0.002195
11098.00000 0.002144
11099.00000 0.002098
11100.00000 0.001992
12210.00000 0.0
