threeML/data/optical_filters/Gemini/GSAOI-H2O.ecsv
# %ECSV 0.9
# ---
# datatype:
# - {name: wavelength, unit: Angstrom, datatype: float32}
# - {name: response, datatype: float32}
# meta: !!omap
# - {band_name: H2O}
# - {group_name: GSAOI}
wavelength response
[from data line 1533]
20532.00000 0.233392
20533.00000 0.231315
20534.00000 0.228511
20535.00000 0.22593
20536.00000 0.223774
20537.00000 0.221489
20538.00000 0.218902
20539.00000 0.216619
20540.00000 0.214359
20541.00000 0.212243
20542.00000 0.209857
20543.00000 0.207543
20544.00000 0.205316
20545.00000 0.20347
20546.00000 0.200936
20547.00000 0.198564
20548.00000 0.196464
20549.00000 0.194503
20550.00000 0.192328
20551.00000 0.190361
20552.00000 0.188269
20553.00000 0.186295
20554.00000 0.184512
20555.00000 0.182329
20556.00000 0.180411
20557.00000 0.178463
20558.00000 0.17662
20559.00000 0.174801
20560.00000 0.173009
20561.00000 0.17087
20562.00000 0.169066
20563.00000 0.167366
20564.00000 0.165393
20565.00000 0.163631
20566.00000 0.161765
20567.00000 0.160197
20568.00000 0.158582
20569.00000 0.156778
20570.00000 0.155103
20571.00000 0.153477
20572.00000 0.151928
20573.00000 0.150349
20574.00000 0.148672
20575.00000 0.147088
20576.00000 0.145661
20577.00000 0.144178
20578.00000 0.142294
20579.00000 0.140878
20580.00000 0.139437
20581.00000 0.138029
20582.00000 0.136421
20583.00000 0.134868
20584.00000 0.133646
20585.00000 0.132141
20586.00000 0.130686
20587.00000 0.129291
20588.00000 0.128003
20589.00000 0.126773
20590.00000 0.125367
20591.00000 0.12395
20592.00000 0.122595
20593.00000 0.121597
20594.00000 0.120233
20595.00000 0.118817
20596.00000 0.117597
20597.00000 0.116409
20598.00000 0.115232
20599.00000 0.113982
20600.00000 0.112705
20601.00000 0.1115
20602.00000 0.110346
20603.00000 0.10914
20604.00000 0.108031
20605.00000 0.106982
20606.00000 0.105894
20607.00000 0.104724
20608.00000 0.10356
20609.00000 0.102556
20610.00000 0.101491
20611.00000 0.10053
20612.00000 0.099373
20613.00000 0.098398
20614.00000 0.097421
20615.00000 0.09638
20616.00000 0.095366
20617.00000 0.094269
20618.00000 0.093303
20619.00000 0.092367
20620.00000 0.091296
20621.00000 0.090394
20622.00000 0.089473
20623.00000 0.088574
20624.00000 0.087794
20625.00000 0.086833
20626.00000 0.085897
20627.00000 0.085225
20628.00000 0.084353
20629.00000 0.083394
20630.00000 0.082508
20631.00000 0.081639
20632.00000 0.080937
20633.00000 0.080009
20634.00000 0.079145
20635.00000 0.078267
20636.00000 0.07756
20637.00000 0.076762
20638.00000 0.07604
20639.00000 0.07521
20640.00000 0.074476
20641.00000 0.073876
20642.00000 0.072978
20643.00000 0.072285
20644.00000 0.071499
20645.00000 0.070871
20646.00000 0.07021
20647.00000 0.069456
20648.00000 0.068692
20649.00000 0.068143
20650.00000 0.067411
20651.00000 0.066656
20652.00000 0.066069
20653.00000 0.065337
20654.00000 0.064669
20655.00000 0.063967
20656.00000 0.063371
20657.00000 0.062775
20658.00000 0.062217
20659.00000 0.061584
20660.00000 0.060963
20661.00000 0.060405
20662.00000 0.059761
20663.00000 0.059277
20664.00000 0.058676
20665.00000 0.058082
20666.00000 0.057476
20667.00000 0.05699
20668.00000 0.056415
20669.00000 0.055818
20670.00000 0.055265
20671.00000 0.054689
20672.00000 0.054207
20673.00000 0.053627
20674.00000 0.053112
20675.00000 0.052625
20676.00000 0.052132
20677.00000 0.051515
20678.00000 0.051131
20679.00000 0.05069
20680.00000 0.050157
20681.00000 0.049748
20682.00000 0.049161
20683.00000 0.048729
20684.00000 0.048375
20685.00000 0.047861
20686.00000 0.047383
20687.00000 0.046875
20688.00000 0.046545
20689.00000 0.046028
20690.00000 0.045539
20691.00000 0.045087
20692.00000 0.044799
20693.00000 0.044295
20694.00000 0.043898
20695.00000 0.043467
20696.00000 0.043167
20697.00000 0.042678
20698.00000 0.042375
20699.00000 0.041871
20700.00000 0.041498
20701.00000 0.041145
20702.00000 0.040769
20703.00000 0.040346
20704.00000 0.04002
20705.00000 0.039595
20706.00000 0.03915
20707.00000 0.03887
20708.00000 0.038513
20709.00000 0.038155
20710.00000 0.037791
20711.00000 0.037513
20712.00000 0.03711
20713.00000 0.036736
20714.00000 0.036427
20715.00000 0.036093
20716.00000 0.035827
20717.00000 0.035457
20718.00000 0.035121
20719.00000 0.034852
20720.00000 0.034497
20721.00000 0.034224
20722.00000 0.0339
20723.00000 0.0336
20724.00000 0.033342
20725.00000 0.032897
20726.00000 0.032655
20727.00000 0.032366
20728.00000 0.032041
20729.00000 0.031824
20730.00000 0.031485
20731.00000 0.031314
20732.00000 0.030974
20733.00000 0.03068
20734.00000 0.030451
20735.00000 0.0302
20736.00000 0.029877
20737.00000 0.029605
20738.00000 0.029347
20739.00000 0.029134
20740.00000 0.028903
20741.00000 0.028605
20742.00000 0.0283
20743.00000 0.028084
20744.00000 0.027848
20745.00000 0.0276
20746.00000 0.02737
20747.00000 0.027069
20748.00000 0.026868
20749.00000 0.026675
20750.00000 0.026406
20751.00000 0.026197
20752.00000 0.025946
20753.00000 0.025842
20754.00000 0.025561
20755.00000 0.025312
20756.00000 0.025125
20757.00000 0.024953
20758.00000 0.024658
20759.00000 0.024449
20760.00000 0.02427
20761.00000 0.024037
20762.00000 0.023845
20763.00000 0.023673
20764.00000 0.02339
20765.00000 0.023256
20766.00000 0.023093
20767.00000 0.022815
20768.00000 0.022676
20769.00000 0.022453
20770.00000 0.022286
20771.00000 0.022177
20772.00000 0.02187
20773.00000 0.021726
20774.00000 0.02153
20775.00000 0.021422
20776.00000 0.021137
20777.00000 0.021065
20778.00000 0.020864
20779.00000 0.020687
20780.00000 0.020522
20781.00000 0.020305
20782.00000 0.020096
20783.00000 0.01997
20784.00000 0.019833
20785.00000 0.019707
20786.00000 0.019515
20787.00000 0.019351
20788.00000 0.019234
20789.00000 0.018954
20790.00000 0.018888
20791.00000 0.018741
20792.00000 0.01852
20793.00000 0.018451
20794.00000 0.0182
20795.00000 0.0181
20796.00000 0.017954
20797.00000 0.017785
20798.00000 0.017716
20799.00000 0.017567
20800.00000 0.017388
20801.00000 0.017241
20802.00000 0.017118
20803.00000 0.016947
20804.00000 0.016837
20805.00000 0.016711
20806.00000 0.016552
20807.00000 0.016445
20808.00000 0.016305
20809.00000 0.016224
20810.00000 0.016081
20811.00000 0.015877
20812.00000 0.015817
20813.00000 0.015699
20814.00000 0.015627
20815.00000 0.015396
20816.00000 0.015354
20817.00000 0.015203
20818.00000 0.015107
20819.00000 0.014972
20820.00000 0.014901
20821.00000 0.014733
20822.00000 0.014653
20823.00000 0.01447
20824.00000 0.014417
20825.00000 0.014302
20826.00000 0.014225
20827.00000 0.014061
20828.00000 0.013962
20829.00000 0.01382
20830.00000 0.013755
20831.00000 0.013637
20832.00000 0.013512
20833.00000 0.013436
20834.00000 0.013298
20835.00000 0.013197
20836.00000 0.01315
20837.00000 0.013012
20838.00000 0.012918
20839.00000 0.012875
20840.00000 0.012736
20841.00000 0.012631
20842.00000 0.012547
20843.00000 0.012415
20844.00000 0.012334
20845.00000 0.012341
20846.00000 0.012167
20847.00000 0.012058
20848.00000 0.011993
20849.00000 0.011956
20850.00000 0.011774
20851.00000 0.011792
20852.00000 0.011626
20853.00000 0.011569
20854.00000 0.011457
20855.00000 0.011395
20856.00000 0.011374
20857.00000 0.011208
20858.00000 0.01113
20859.00000 0.011023
20860.00000 0.010961
20861.00000 0.010875
20862.00000 0.010855
20863.00000 0.010737
20864.00000 0.01066
20865.00000 0.01061
20866.00000 0.010451
20867.00000 0.010395
20868.00000 0.010343
20869.00000 0.010282
20870.00000 0.010214
20871.00000 0.010141
20872.00000 0.01009
20873.00000 0.009989
20874.00000 0.009958
20875.00000 0.009857
20876.00000 0.009751
20877.00000 0.009679
20878.00000 0.009611
20879.00000 0.009564
20880.00000 0.009537
20881.00000 0.009405
20882.00000 0.009345
20883.00000 0.009257
20884.00000 0.009208
20885.00000 0.00919
20886.00000 0.009086
20887.00000 0.009048
20888.00000 0.008932
20889.00000 0.008931
20890.00000 0.008843
20891.00000 0.008751
20892.00000 0.008704
20893.00000 0.008659
20894.00000 0.008583
20895.00000 0.008507
20896.00000 0.008444
20897.00000 0.008455
20898.00000 0.008384
20899.00000 0.008301
20900.00000 0.008199
20901.00000 0.008228
20902.00000 0.008166
20903.00000 0.008094
20904.00000 0.008006
20905.00000 0.007982
20906.00000 0.007944
20907.00000 0.007907
20908.00000 0.00782
20909.00000 0.007728
20910.00000 0.007745
20911.00000 0.007649
20912.00000 0.007618
20913.00000 0.00755
20914.00000 0.007478
20915.00000 0.007463
20916.00000 0.007448
20917.00000 0.007381
20918.00000 0.007334
20919.00000 0.007218
20920.00000 0.007219
20921.00000 0.007158
20922.00000 0.007094
20923.00000 0.007073
20924.00000 0.00702
20925.00000 0.00695
20926.00000 0.006878
20927.00000 0.006848
20928.00000 0.006839
20929.00000 0.00674
20930.00000 0.006771
20931.00000 0.006731
20932.00000 0.006601
20933.00000 0.006548
20934.00000 0.00653
20935.00000 0.006499
20936.00000 0.006458
20937.00000 0.006429
20938.00000 0.006403
20939.00000 0.006354
20940.00000 0.006293
20941.00000 0.006273
20942.00000 0.006281
20943.00000 0.00623
20944.00000 0.006123
20945.00000 0.006053
20946.00000 0.006078
20947.00000 0.006058
20948.00000 0.006025
20949.00000 0.005971
20950.00000 0.005927
20951.00000 0.005808
20952.00000 0.005873
20953.00000 0.005812
20954.00000 0.005804
20955.00000 0.005731
20956.00000 0.005673
20957.00000 0.00567
20958.00000 0.005654
20959.00000 0.005628
20960.00000 0.005543
20961.00000 0.00553
20962.00000 0.005455
20963.00000 0.005444
20964.00000 0.005385
20965.00000 0.005369
20966.00000 0.005354
20967.00000 0.005327
20968.00000 0.005255
20969.00000 0.005161
20970.00000 0.005213
20971.00000 0.005142
20972.00000 0.005149
20973.00000 0.005068
20974.00000 0.005091
20975.00000 0.005023
20976.00000 0.005006
20977.00000 0.004988
20978.00000 0.004944
20979.00000 0.004906
20980.00000 0.004866
20981.00000 0.004848
20982.00000 0.004793
20983.00000 0.004788
20984.00000 0.004768
20985.00000 0.004757
20986.00000 0.004741
20987.00000 0.004733
20988.00000 0.004621
20989.00000 0.00464
20990.00000 0.004613
20991.00000 0.004545
20992.00000 0.004551
20993.00000 0.004512
20994.00000 0.004452
20995.00000 0.004448
20996.00000 0.004399
20997.00000 0.004433
20998.00000 0.004329
20999.00000 0.004305
21000.00000 0.004291
23100.00000 0.0
