threeML/data/optical_filters/Gemini/GSAOI-H2O.ecsv
# %ECSV 0.9
# ---
# datatype:
# - {name: wavelength, unit: Angstrom, datatype: float32}
# - {name: response, datatype: float32}
# meta: !!omap
# - {band_name: H2O}
# - {group_name: GSAOI}
wavelength response
17100.00000 0.0
19000.00000 0.000859
19001.00000 0.000833
19002.00000 0.000827
19003.00000 0.000886
19004.00000 0.000972
19005.00000 0.000869
19006.00000 0.000878
19007.00000 0.000832
19008.00000 0.000911
19009.00000 0.000873
19010.00000 0.000938
19011.00000 0.000923
19012.00000 0.000889
19013.00000 0.000851
19014.00000 0.000859
19015.00000 0.000922
19016.00000 0.00094
19017.00000 0.000931
19018.00000 0.000923
19019.00000 0.000951
19020.00000 0.000901
19021.00000 0.000941
19022.00000 0.000928
19023.00000 0.00094
19024.00000 0.000968
19025.00000 0.000986
19026.00000 0.000957
19027.00000 0.000911
19028.00000 0.001034
19029.00000 0.000989
19030.00000 0.000963
19031.00000 0.000972
19032.00000 0.00098
19033.00000 0.000973
19034.00000 0.000987
19035.00000 0.001035
19036.00000 0.001043
19037.00000 0.001035
19038.00000 0.000994
19039.00000 0.001032
19040.00000 0.001039
19041.00000 0.001076
19042.00000 0.001014
19043.00000 0.001058
19044.00000 0.001097
19045.00000 0.001049
19046.00000 0.001128
19047.00000 0.001101
19048.00000 0.001094
19049.00000 0.001119
19050.00000 0.001051
19051.00000 0.001092
19052.00000 0.001103
19053.00000 0.001131
19054.00000 0.001166
19055.00000 0.001162
19056.00000 0.001142
19057.00000 0.00108
19058.00000 0.001118
19059.00000 0.001091
19060.00000 0.001154
19061.00000 0.001088
19062.00000 0.001157
19063.00000 0.001155
19064.00000 0.001244
19065.00000 0.001239
19066.00000 0.001236
19067.00000 0.001242
19068.00000 0.001207
19069.00000 0.001236
19070.00000 0.001269
19071.00000 0.001272
19072.00000 0.001244
19073.00000 0.001289
19074.00000 0.00126
19075.00000 0.001274
19076.00000 0.001324
19077.00000 0.001239
19078.00000 0.001337
19079.00000 0.001339
19080.00000 0.001328
19081.00000 0.001271
19082.00000 0.001311
19083.00000 0.001343
19084.00000 0.001349
19085.00000 0.001337
19086.00000 0.00138
19087.00000 0.00139
19088.00000 0.001404
19089.00000 0.001372
19090.00000 0.001355
19091.00000 0.001367
19092.00000 0.001371
19093.00000 0.001332
19094.00000 0.001419
19095.00000 0.001426
19096.00000 0.001445
19097.00000 0.001453
19098.00000 0.001451
19099.00000 0.001414
19100.00000 0.001482
19101.00000 0.001496
19102.00000 0.001445
19103.00000 0.001469
19104.00000 0.001462
19105.00000 0.00155
19106.00000 0.0015
19107.00000 0.001506
19108.00000 0.001485
19109.00000 0.001522
19110.00000 0.001548
19111.00000 0.001524
19112.00000 0.001589
19113.00000 0.001559
19114.00000 0.001579
19115.00000 0.001583
19116.00000 0.001629
19117.00000 0.001604
19118.00000 0.001625
19119.00000 0.001667
19120.00000 0.001646
19121.00000 0.001604
19122.00000 0.00171
19123.00000 0.001695
19124.00000 0.001727
19125.00000 0.00167
19126.00000 0.001666
19127.00000 0.001731
19128.00000 0.001731
19129.00000 0.001777
19130.00000 0.001776
19131.00000 0.001737
19132.00000 0.001784
19133.00000 0.001808
19134.00000 0.001809
19135.00000 0.001797
19136.00000 0.001808
19137.00000 0.001784
19138.00000 0.001923
19139.00000 0.001828
19140.00000 0.001865
19141.00000 0.001924
19142.00000 0.001863
19143.00000 0.001909
19144.00000 0.001931
19145.00000 0.001926
19146.00000 0.001906
19147.00000 0.002017
19148.00000 0.001922
19149.00000 0.001987
19150.00000 0.001979
19151.00000 0.00203
19152.00000 0.001987
19153.00000 0.001987
19154.00000 0.002048
19155.00000 0.002026
19156.00000 0.002073
19157.00000 0.002094
19158.00000 0.00209
19159.00000 0.002065
19160.00000 0.002132
19161.00000 0.002122
19162.00000 0.002195
19163.00000 0.002169
19164.00000 0.002127
19165.00000 0.002185
19166.00000 0.002174
19167.00000 0.002235
19168.00000 0.002223
19169.00000 0.002313
19170.00000 0.002254
19171.00000 0.002277
19172.00000 0.00224
19173.00000 0.002327
19174.00000 0.002359
19175.00000 0.002274
19176.00000 0.002321
19177.00000 0.002347
19178.00000 0.002344
19179.00000 0.00238
19180.00000 0.002389
19181.00000 0.002423
19182.00000 0.002425
19183.00000 0.002451
19184.00000 0.002406
19185.00000 0.002454
19186.00000 0.002414
19187.00000 0.002462
19188.00000 0.002459
19189.00000 0.002528
19190.00000 0.002489
19191.00000 0.002569
19192.00000 0.002587
19193.00000 0.002632
19194.00000 0.002647
19195.00000 0.002645
19196.00000 0.00263
19197.00000 0.002693
19198.00000 0.002664
19199.00000 0.002689
19200.00000 0.00272
19201.00000 0.002771
19202.00000 0.002736
19203.00000 0.002793
19204.00000 0.002839
19205.00000 0.002802
19206.00000 0.002896
19207.00000 0.00289
19208.00000 0.002981
19209.00000 0.002894
19210.00000 0.002911
19211.00000 0.003012
19212.00000 0.002995
19213.00000 0.003003
19214.00000 0.003013
19215.00000 0.003029
19216.00000 0.003038
19217.00000 0.003048
19218.00000 0.00308
19219.00000 0.00314
19220.00000 0.003161
19221.00000 0.003129
19222.00000 0.00318
19223.00000 0.003237
19224.00000 0.003281
19225.00000 0.00325
19226.00000 0.003255
19227.00000 0.003243
19228.00000 0.003293
19229.00000 0.003336
19230.00000 0.003318
19231.00000 0.003378
19232.00000 0.003409
19233.00000 0.003403
19234.00000 0.003401
19235.00000 0.003477
19236.00000 0.003484
19237.00000 0.003542
19238.00000 0.003501
19239.00000 0.003574
19240.00000 0.003626
19241.00000 0.003578
19242.00000 0.003647
19243.00000 0.003675
19244.00000 0.003655
19245.00000 0.003742
19246.00000 0.003794
19247.00000 0.003722
19248.00000 0.003817
19249.00000 0.003779
19250.00000 0.00384
19251.00000 0.003883
19252.00000 0.003896
19253.00000 0.003904
19254.00000 0.004015
19255.00000 0.00408
19256.00000 0.00403
19257.00000 0.004054
19258.00000 0.004084
19259.00000 0.004165
19260.00000 0.004194
19261.00000 0.004177
19262.00000 0.004188
19263.00000 0.004271
19264.00000 0.00428
19265.00000 0.004269
19266.00000 0.004331
19267.00000 0.00432
19268.00000 0.004358
19269.00000 0.004387
19270.00000 0.004501
19271.00000 0.004497
19272.00000 0.004512
19273.00000 0.004576
19274.00000 0.004615
19275.00000 0.004563
19276.00000 0.004693
19277.00000 0.004676
19278.00000 0.004741
19279.00000 0.004765
19280.00000 0.004824
19281.00000 0.004832
19282.00000 0.004948
19283.00000 0.004973
19284.00000 0.004975
19285.00000 0.005002
19286.00000 0.005092
19287.00000 0.005045
19288.00000 0.005152
19289.00000 0.005172
19290.00000 0.005216
19291.00000 0.005197
19292.00000 0.005244
19293.00000 0.005349
19294.00000 0.005368
19295.00000 0.005406
19296.00000 0.005377
19297.00000 0.005523
19298.00000 0.005503
19299.00000 0.005572
19300.00000 0.005602
19301.00000 0.005722
19302.00000 0.00574
19303.00000 0.005773
19304.00000 0.005753
19305.00000 0.00582
19306.00000 0.005803
19307.00000 0.005916
19308.00000 0.005994
19309.00000 0.005992
19310.00000 0.006026
19311.00000 0.006089
19312.00000 0.006157
19313.00000 0.006187
19314.00000 0.006251
19315.00000 0.006255
19316.00000 0.006315
19317.00000 0.006439
19318.00000 0.006394
19319.00000 0.006475
19320.00000 0.006568
19321.00000 0.006606
19322.00000 0.006647
19323.00000 0.00667
19324.00000 0.006722
19325.00000 0.006776
19326.00000 0.006918
19327.00000 0.006871
19328.00000 0.006987
19329.00000 0.00702
19330.00000 0.00714
19331.00000 0.007157
19332.00000 0.007153
19333.00000 0.007288
19334.00000 0.007297
19335.00000 0.007342
19336.00000 0.007432
19337.00000 0.00745
19338.00000 0.007576
19339.00000 0.007596
19340.00000 0.007692
19341.00000 0.007755
19342.00000 0.007832
19343.00000 0.007864
19344.00000 0.007914
19345.00000 0.008039
19346.00000 0.008071
19347.00000 0.008122
19348.00000 0.008179
19349.00000 0.008232
19350.00000 0.008365
19351.00000 0.008356
19352.00000 0.008476
19353.00000 0.008546
19354.00000 0.008617
19355.00000 0.008639
19356.00000 0.008797
19357.00000 0.00882
19358.00000 0.008888
19359.00000 0.00904
19360.00000 0.009064
19361.00000 0.009167
19362.00000 0.00921
19363.00000 0.009299
19364.00000 0.009338
19365.00000 0.009463
19366.00000 0.009486
19367.00000 0.009657
19368.00000 0.009643
19369.00000 0.009775
19370.00000 0.00987
19371.00000 0.009828
19372.00000 0.010025
19373.00000 0.010102
19374.00000 0.010176
19375.00000 0.01029
19376.00000 0.010401
19377.00000 0.01048
19378.00000 0.010567
19379.00000 0.010662
19380.00000 0.010773
19381.00000 0.010845
19382.00000 0.010968
19383.00000 0.011007
19384.00000 0.011091
19385.00000 0.011196
19386.00000 0.011294
19387.00000 0.011443
19388.00000 0.011574
19389.00000 0.011615
19390.00000 0.011754
19391.00000 0.011853
19392.00000 0.011939
19393.00000 0.012076
19394.00000 0.012152
19395.00000 0.012305
19396.00000 0.012354
19397.00000 0.012464
19398.00000 0.012559
19399.00000 0.01271
19400.00000 0.012886
19401.00000 0.012927
19402.00000 0.013021
19403.00000 0.013213
19404.00000 0.013343
19405.00000 0.013457
19406.00000 0.013556
19407.00000 0.01366
19408.00000 0.013777
19409.00000 0.013942
19410.00000 0.014048
19411.00000 0.014155
19412.00000 0.014333
19413.00000 0.014434
19414.00000 0.014561
19415.00000 0.014638
19416.00000 0.014825
19417.00000 0.014964
19418.00000 0.015106
19419.00000 0.015202
19420.00000 0.015333
19421.00000 0.01549
19422.00000 0.015671
19423.00000 0.015776
19424.00000 0.015908
19425.00000 0.016108
19426.00000 0.016223
19427.00000 0.016366
19428.00000 0.016531
19429.00000 0.016644
19430.00000 0.016875
19431.00000 0.016928
19432.00000 0.017119
19433.00000 0.017397
19434.00000 0.017529
19435.00000 0.017643
19436.00000 0.01781
19437.00000 0.017952
19438.00000 0.018166
19439.00000 0.018329
19440.00000 0.018481
19441.00000 0.018678
19442.00000 0.018858
19443.00000 0.019046
19444.00000 0.019247
19445.00000 0.019429
19446.00000 0.019695
19447.00000 0.019875
19448.00000 0.020051
19449.00000 0.020215
19450.00000 0.020406
19451.00000 0.020626
19452.00000 0.020806
19453.00000 0.021026
19454.00000 0.021245
19455.00000 0.021441
19456.00000 0.021636
19457.00000 0.02187
19458.00000 0.021965
19459.00000 0.022277
19460.00000 0.022493
19461.00000 0.022668
19462.00000 0.02292
19463.00000 0.02318
19464.00000 0.023352
19465.00000 0.023641
19466.00000 0.02382
19467.00000 0.024004
19468.00000 0.024422
19469.00000 0.024595
19470.00000 0.024754
19471.00000 0.025
19472.00000 0.025244
19473.00000 0.02565
19474.00000 0.02573
19475.00000 0.026035
19476.00000 0.026321
19477.00000 0.026644
19478.00000 0.026867
19479.00000 0.027139
19480.00000 0.027451
19481.00000 0.027697
19482.00000 0.027999
19483.00000 0.028306
19484.00000 0.028521
19485.00000 0.028903
19486.00000 0.029094
19487.00000 0.02952
19488.00000 0.029736
19489.00000 0.029996
19490.00000 0.030393
19491.00000 0.030647
19492.00000 0.030894
19493.00000 0.0313
19494.00000 0.031599
19495.00000 0.032039
19496.00000 0.032214
19497.00000 0.032638
19498.00000 0.032872
19499.00000 0.033334
19500.00000 0.033607
19501.00000 0.033893
19502.00000 0.03435
19503.00000 0.03463
19504.00000 0.035002
19505.00000 0.035311
19506.00000 0.035694
19507.00000 0.036166
19508.00000 0.036507
19509.00000 0.036824
19510.00000 0.037245
19511.00000 0.037634
19512.00000 0.038067
19513.00000 0.038376
19514.00000 0.038815
19515.00000 0.039256
19516.00000 0.039722
19517.00000 0.040104
19518.00000 0.040537
19519.00000 0.04102
19520.00000 0.041345
19521.00000 0.041823
19522.00000 0.042219
19523.00000 0.042682
19524.00000 0.04317
19525.00000 0.043625
19526.00000 0.044124
19527.00000 0.044657
19528.00000 0.045088
19529.00000 0.045715
19530.00000 0.046117
19531.00000 0.04657
19532.00000 0.047091
19533.00000 0.047711
19534.00000 0.048202
19535.00000 0.048687
19536.00000 0.049253
19537.00000 0.049855
19538.00000 0.050401
19539.00000 0.050931
19540.00000 0.051349
19541.00000 0.052057
19542.00000 0.052666
19543.00000 0.053221
19544.00000 0.053669
19545.00000 0.054255
19546.00000 0.055018
19547.00000 0.055616
19548.00000 0.056118
19549.00000 0.056784
19550.00000 0.057523
19551.00000 0.058182
19552.00000 0.058705
19553.00000 0.059421
19554.00000 0.060056
19555.00000 0.060788
19556.00000 0.061361
19557.00000 0.062064
19558.00000 0.062792
19559.00000 0.063551
19560.00000 0.064228
19561.00000 0.064776
19562.00000 0.065573
19563.00000 0.06646
19564.00000 0.067226
19565.00000 0.067897
19566.00000 0.068749
19567.00000 0.069501
19568.00000 0.070372
19569.00000 0.071107
19570.00000 0.071847
19571.00000 0.072671
19572.00000 0.073598
19573.00000 0.074368
19574.00000 0.075068
19575.00000 0.076118
19576.00000 0.07706
19577.00000 0.077928
19578.00000 0.078725
19579.00000 0.079624
19580.00000 0.080637
19581.00000 0.08168
19582.00000 0.08261
19583.00000 0.083322
19584.00000 0.084459
19585.00000 0.085572
19586.00000 0.086464
19587.00000 0.087299
19588.00000 0.088295
19589.00000 0.089529
19590.00000 0.090585
19591.00000 0.091527
19592.00000 0.092701
19593.00000 0.09376
19594.00000 0.094908
19595.00000 0.095979
19596.00000 0.096979
19597.00000 0.098118
19598.00000 0.099581
19599.00000 0.100642
19600.00000 0.101773
19601.00000 0.102962
19602.00000 0.104311
19603.00000 0.105469
19604.00000 0.106594
19605.00000 0.107861
19606.00000 0.109333
19607.00000 0.110566
19608.00000 0.111839
19609.00000 0.11314
19610.00000 0.114483
19611.00000 0.116049
19612.00000 0.117236
19613.00000 0.118724
19614.00000 0.120182
19615.00000 0.121921
19616.00000 0.123135
19617.00000 0.124673
19618.00000 0.126251
19619.00000 0.127772
19620.00000 0.129359
19621.00000 0.130741
19622.00000 0.132363
19623.00000 0.134037
19624.00000 0.135722
19625.00000 0.137406
19626.00000 0.138794
19627.00000 0.140619
19628.00000 0.142442
19629.00000 0.144171
19630.00000 0.145816
19631.00000 0.147619
19632.00000 0.149743
19633.00000 0.151513
19634.00000 0.153218
19635.00000 0.155079
19636.00000 0.156971
19637.00000 0.159015
19638.00000 0.160738
19639.00000 0.162592
19640.00000 0.164697
19641.00000 0.166712
19642.00000 0.168797
19643.00000 0.170662
19644.00000 0.172677
19645.00000 0.174826
19646.00000 0.177115
19647.00000 0.179092
19648.00000 0.181109
19649.00000 0.183761
19650.00000 0.185876
19651.00000 0.188096
19652.00000 0.190384
19653.00000 0.192699
19654.00000 0.195212
19655.00000 0.197335
19656.00000 0.199515
19657.00000 0.202198
19658.00000 0.204464
19659.00000 0.206889
19660.00000 0.209278
19661.00000 0.211537
19662.00000 0.214234
19663.00000 0.217112
19664.00000 0.219473
19665.00000 0.222343
19666.00000 0.225165
19667.00000 0.227776
19668.00000 0.230478
19669.00000 0.233257
19670.00000 0.236071
19671.00000 0.238996
19672.00000 0.24171
19673.00000 0.244286
19674.00000 0.247257
19675.00000 0.250126
19676.00000 0.253401
19677.00000 0.256065
19678.00000 0.259139
19679.00000 0.262233
19680.00000 0.26564
19681.00000 0.268448
19682.00000 0.271282
19683.00000 0.275062
19684.00000 0.278248
19685.00000 0.281577
19686.00000 0.284745
19687.00000 0.288112
19688.00000 0.291711
19689.00000 0.294729
19690.00000 0.298085
19691.00000 0.30168
19692.00000 0.305015
19693.00000 0.30853
19694.00000 0.312205
19695.00000 0.315189
19696.00000 0.319031
19697.00000 0.322807
19698.00000 0.326252
19699.00000 0.330009
19700.00000 0.33419
19701.00000 0.337828
19702.00000 0.341964
19703.00000 0.345394
19704.00000 0.349577
19705.00000 0.353544
19706.00000 0.357211
19707.00000 0.360989
19708.00000 0.36482
19709.00000 0.369187
19710.00000 0.372976
19711.00000 0.377294
19712.00000 0.380912
19713.00000 0.38489
19714.00000 0.389532
19715.00000 0.393687
19716.00000 0.397749
19717.00000 0.401842
19718.00000 0.406126
19719.00000 0.410944
19720.00000 0.414955
19721.00000 0.419142
19722.00000 0.424015
19723.00000 0.428202
19724.00000 0.432485
19725.00000 0.436648
19726.00000 0.441525
19727.00000 0.445952
19728.00000 0.450232
19729.00000 0.454797
19730.00000 0.458871
19731.00000 0.463873
19732.00000 0.468337
19733.00000 0.473057
19734.00000 0.477111
19735.00000 0.482001
19736.00000 0.487239
19737.00000 0.4915
19738.00000 0.496139
19739.00000 0.501027
19740.00000 0.505641
19741.00000 0.510157
19742.00000 0.514664
19743.00000 0.519018
19744.00000 0.524073
19745.00000 0.529005
19746.00000 0.533332
19747.00000 0.537907
19748.00000 0.54251
19749.00000 0.54776
19750.00000 0.552769
19751.00000 0.556457
19752.00000 0.561787
19753.00000 0.567083
19754.00000 0.571576
19755.00000 0.57599
19756.00000 0.58129
19757.00000 0.585941
19758.00000 0.59105
19759.00000 0.594907
19760.00000 0.599579
19761.00000 0.604547
19762.00000 0.609657
19763.00000 0.613767
19764.00000 0.617732
