threeML/data/optical_filters/Gemini/GSAOI-HIBrGamma.ecsv
# %ECSV 0.9
# ---
# datatype:
# - {name: wavelength, unit: Angstrom, datatype: float32}
# - {name: response, datatype: float32}
# meta: !!omap
# - {band_name: HIBrGamma}
# - {group_name: GSAOI}
wavelength response
19080.00000 0.0
21200.00000 0.000188
21202.50000 0.000271
21205.00000 0.000176
21207.50000 0.000185
21210.00000 0.00027
21212.50000 0.000164
21215.00000 0.000235
21217.50000 0.000281
21220.00000 0.00031
21222.50000 0.00022
21225.00000 0.000282
21227.50000 0.000405
21230.00000 0.000297
21232.50000 0.000281
21235.00000 0.000431
21237.50000 0.000415
21240.00000 0.000389
21242.50000 0.000408
21245.00000 0.000387
21247.50000 0.000435
21250.00000 0.000357
21252.50000 0.00052
21255.00000 0.000459
21257.50000 0.000491
21260.00000 0.00056
21262.50000 0.000557
21265.00000 0.000546
21267.50000 0.000555
21270.00000 0.000573
21272.50000 0.000621
21275.00000 0.00057
21277.50000 0.000717
21280.00000 0.000682
21282.50000 0.000751
21285.00000 0.000814
21287.50000 0.000873
21290.00000 0.00085
21292.50000 0.000945
21295.00000 0.000943
21297.50000 0.000932
21300.00000 0.001016
21302.50000 0.001107
21305.00000 0.001112
21307.50000 0.001219
21310.00000 0.001424
21312.50000 0.001302
21315.00000 0.00134
21317.50000 0.001456
21320.00000 0.001442
21322.50000 0.001632
21325.00000 0.001796
21327.50000 0.001804
21330.00000 0.001927
21332.50000 0.00195
21335.00000 0.002122
21337.50000 0.002135
21340.00000 0.002406
21342.50000 0.002408
21345.00000 0.002562
21347.50000 0.002748
21350.00000 0.002846
21352.50000 0.002973
21355.00000 0.003179
21357.50000 0.003373
21360.00000 0.003529
21362.50000 0.003743
21365.00000 0.003949
21367.50000 0.004123
21370.00000 0.004439
21372.50000 0.004646
21375.00000 0.004903
21377.50000 0.005217
21380.00000 0.005494
21382.50000 0.005861
21385.00000 0.006062
21387.50000 0.006462
21390.00000 0.006886
21392.50000 0.00734
21395.00000 0.007714
21397.50000 0.008135
21400.00000 0.008623
21402.50000 0.00918
21405.00000 0.009566
21407.50000 0.01037
21410.00000 0.010911
21412.50000 0.011581
21415.00000 0.012259
21417.50000 0.01291
21420.00000 0.013885
21422.50000 0.014568
21425.00000 0.01577
21427.50000 0.016595
21430.00000 0.017591
21432.50000 0.018773
21435.00000 0.019882
21437.50000 0.021413
21440.00000 0.022484
21442.50000 0.024305
21445.00000 0.025625
21447.50000 0.027142
21450.00000 0.02921
21452.50000 0.030725
21455.00000 0.033273
21457.50000 0.034993
21460.00000 0.037689
21462.50000 0.040101
21465.00000 0.042443
21467.50000 0.045965
21470.00000 0.048387
21472.50000 0.052503
21475.00000 0.055606
21477.50000 0.059487
21480.00000 0.063823
21482.50000 0.06747
21485.00000 0.073288
21487.50000 0.077182
21490.00000 0.083723
21492.50000 0.089171
21495.00000 0.094959
21497.50000 0.103
21500.00000 0.108479
21502.50000 0.117887
21505.00000 0.124376
21507.50000 0.134444
21510.00000 0.143548
21512.50000 0.152391
21515.00000 0.165544
21517.50000 0.174434
21520.00000 0.188687
21522.50000 0.199586
21525.00000 0.213211
21527.50000 0.228698
21530.00000 0.241378
21532.50000 0.26011
21535.00000 0.27384
21537.50000 0.293655
21540.00000 0.310818
21542.50000 0.327982
21545.00000 0.350518
21547.50000 0.366525
21550.00000 0.391889
21552.50000 0.410018
21555.00000 0.432538
21557.50000 0.456596
21560.00000 0.476996
21562.50000 0.503076
21565.00000 0.521393
21567.50000 0.54821
21570.00000 0.567926
21572.50000 0.590389
21575.00000 0.614416
21577.50000 0.634961
21580.00000 0.658494
21582.50000 0.674674
21585.00000 0.697172
21587.50000 0.715018
21590.00000 0.732576
21592.50000 0.750869
21595.00000 0.765227
21597.50000 0.781274
21600.00000 0.792161
21602.50000 0.806381
21605.00000 0.81757
21607.50000 0.82691
21610.00000 0.836937
21612.50000 0.843611
21615.00000 0.851509
21617.50000 0.856901
21620.00000 0.862479
21622.50000 0.867544
21625.00000 0.8707
21627.50000 0.874193
21630.00000 0.875815
21632.50000 0.878155
21635.00000 0.879399
21637.50000 0.88075
21640.00000 0.881667
21642.50000 0.882208
21645.00000 0.882883
21647.50000 0.883007
21650.00000 0.882896
21652.50000 0.882899
21655.00000 0.882648
21657.50000 0.882162
21660.00000 0.882011
21662.50000 0.881648
21665.00000 0.881133
21667.50000 0.880959
21670.00000 0.880726
21672.50000 0.880786
21675.00000 0.880744
21677.50000 0.880432
21680.00000 0.880225
21682.50000 0.880022
21685.00000 0.879609
21687.50000 0.879532
21690.00000 0.879216
21692.50000 0.878677
21695.00000 0.878658
21697.50000 0.878333
21700.00000 0.877764
21702.50000 0.877486
21705.00000 0.876989
21707.50000 0.876453
21710.00000 0.875834
21712.50000 0.875023
21715.00000 0.874126
21717.50000 0.872806
21720.00000 0.872045
21722.50000 0.87081
21725.00000 0.869767
21727.50000 0.868568
21730.00000 0.867431
21732.50000 0.866118
21735.00000 0.864669
21737.50000 0.863808
21740.00000 0.862093
21742.50000 0.86127
21745.00000 0.859556
21747.50000 0.858163
21750.00000 0.857061
21752.50000 0.855479
21755.00000 0.854769
21757.50000 0.853802
21760.00000 0.852801
21762.50000 0.852369
21765.00000 0.851438
21767.50000 0.851394
21770.00000 0.850788
21772.50000 0.85076
21775.00000 0.850365
21777.50000 0.850397
21780.00000 0.849931
21782.50000 0.850071
21785.00000 0.849953
21787.50000 0.849981
21790.00000 0.849874
21792.50000 0.849417
21795.00000 0.848735
21797.50000 0.848014
21800.00000 0.846192
21802.50000 0.844896
21805.00000 0.84218
21807.50000 0.838678
21810.00000 0.834673
21812.50000 0.829876
21815.00000 0.823896
21817.50000 0.816204
21820.00000 0.808921
21822.50000 0.797765
21825.00000 0.786996
21827.50000 0.774777
21830.00000 0.759735
21832.50000 0.745527
21835.00000 0.725913
21837.50000 0.707606
21840.00000 0.684803
21842.50000 0.663731
21845.00000 0.642784
21847.50000 0.614355
21850.00000 0.594457
21852.50000 0.563885
21855.00000 0.538144
21857.50000 0.512184
21860.00000 0.483046
21862.50000 0.459567
21865.00000 0.42793
21867.50000 0.404096
21870.00000 0.377019
21872.50000 0.352115
21875.00000 0.32946
21877.50000 0.30312
21880.00000 0.283819
21882.50000 0.260539
21885.00000 0.241135
21887.50000 0.222343
21890.00000 0.204456
21892.50000 0.189872
21895.00000 0.172535
21897.50000 0.159359
21900.00000 0.145796
21902.50000 0.134124
21905.00000 0.123598
21907.50000 0.112926
21910.00000 0.104709
21912.50000 0.095238
21915.00000 0.087711
21917.50000 0.080684
21920.00000 0.074241
21922.50000 0.068876
21925.00000 0.063016
21927.50000 0.058656
21930.00000 0.053635
21932.50000 0.049623
21935.00000 0.045929
21937.50000 0.042523
21940.00000 0.039644
21942.50000 0.036421
21945.00000 0.034188
21947.50000 0.03147
21950.00000 0.029231
21952.50000 0.027358
21955.00000 0.025325
21957.50000 0.023838
21960.00000 0.022106
21962.50000 0.020694
21965.00000 0.019288
21967.50000 0.018022
21970.00000 0.016972
21972.50000 0.015713
21975.00000 0.014951
21977.50000 0.013901
21980.00000 0.013026
21982.50000 0.012232
21985.00000 0.011453
21987.50000 0.010969
21990.00000 0.010229
21992.50000 0.009704
21995.00000 0.009165
21997.50000 0.008634
22000.00000 0.008171
22002.50000 0.007692
22005.00000 0.007349
22007.50000 0.006841
22010.00000 0.00662
22012.50000 0.006208
22015.00000 0.005889
22017.50000 0.005601
22020.00000 0.00533
22022.50000 0.005077
22025.00000 0.004715
22027.50000 0.004581
22030.00000 0.004388
22032.50000 0.004138
22035.00000 0.003945
22037.50000 0.003781
22040.00000 0.003624
22042.50000 0.003528
22045.00000 0.003255
22047.50000 0.00318
22050.00000 0.003008
22052.50000 0.002838
22055.00000 0.002795
22057.50000 0.00271
22060.00000 0.002605
22062.50000 0.00244
22065.00000 0.002371
22067.50000 0.002247
22070.00000 0.002157
22072.50000 0.002053
22075.00000 0.001997
22077.50000 0.002005
22080.00000 0.001912
22082.50000 0.00178
22085.00000 0.001783
22087.50000 0.001608
22090.00000 0.001467
22092.50000 0.00149
22095.00000 0.001513
22097.50000 0.001437
22100.00000 0.001344
24310.00000 0.0
