threeML/data/optical_filters/Gemini/GSAOI-CH4short.ecsv
# %ECSV 0.9
# ---
# datatype:
# - {name: wavelength, unit: Angstrom, datatype: float32}
# - {name: response, datatype: float32}
# meta: !!omap
# - {band_name: CH4short}
# - {group_name: GSAOI}
wavelength response
13324.50000 0.0
14805.00000 0.001364
14807.50000 0.001741
14810.00000 0.000854
14812.50000 0.001402
14815.00000 0.000876
14817.50000 0.000464
14820.00000 0.00108
14822.50000 0.000596
14825.00000 0.001548
14827.50000 0.001419
14830.00000 0.001829
14832.50000 0.000667
14835.00000 0.001
14837.50000 0.00119
14840.00000 0.000396
14842.50000 0.001902
14845.00000 0.001749
14847.50000 0.000662
14850.00000 0.001077
14852.50000 0.001143
14855.00000 0.00066
14857.50000 0.00039
14860.00000 0.001666
14862.50000 0.001883
14865.00000 0.001367
14867.50000 0.002915
14870.00000 0.000805
14872.50000 0.001061
14875.00000 0.001279
14877.50000 0.001421
14880.00000 0.001545
14882.50000 0.001944
14885.00000 0.000258
14887.50000 0.002032
14890.00000 0.002012
14892.50000 0.00046
14895.00000 0.001839
14897.50000 0.001416
14900.00000 0.001821
14902.50000 0.002772
14905.00000 0.002973
14907.50000 0.001751
14910.00000 0.002427
14912.50000 0.002941
14915.00000 0.003015
14917.50000 0.00229
14920.00000 0.001967
14922.50000 0.003258
14925.00000 0.00318
14927.50000 0.002445
14930.00000 0.003691
14932.50000 0.001479
14935.00000 0.002435
14937.50000 0.002035
14940.00000 0.003163
14942.50000 0.002684
14945.00000 0.002847
14947.50000 0.003328
14950.00000 0.002757
14952.50000 0.002412
14955.00000 0.002795
14957.50000 0.002848
14960.00000 0.003362
14962.50000 0.002085
14965.00000 0.004037
14967.50000 0.003749
14970.00000 0.00302
14972.50000 0.003427
14975.00000 0.004005
14977.50000 0.003717
14980.00000 0.004759
14982.50000 0.003738
14985.00000 0.004727
14987.50000 0.00422
14990.00000 0.004514
14992.50000 0.003778
14995.00000 0.005655
14997.50000 0.005044
15000.00000 0.005372
15002.50000 0.00408
15005.00000 0.006058
15007.50000 0.005447
15010.00000 0.005956
15012.50000 0.005952
15015.00000 0.006178
15017.50000 0.007184
15020.00000 0.00748
15022.50000 0.007903
15025.00000 0.006977
15027.50000 0.008484
15030.00000 0.006816
15032.50000 0.008201
15035.00000 0.008048
15037.50000 0.007817
15040.00000 0.008641
15042.50000 0.009588
15045.00000 0.009385
15047.50000 0.009826
15050.00000 0.010506
15052.50000 0.010168
15055.00000 0.010616
15057.50000 0.011879
15060.00000 0.011447
15062.50000 0.011455
15065.00000 0.012243
15067.50000 0.013347
15070.00000 0.013883
15072.50000 0.01293
15075.00000 0.015046
15077.50000 0.014518
15080.00000 0.014797
15082.50000 0.016222
15085.00000 0.016288
15087.50000 0.01796
15090.00000 0.017205
15092.50000 0.018198
15095.00000 0.019398
15097.50000 0.020047
15100.00000 0.0197
15102.50000 0.020081
15105.00000 0.021418
15107.50000 0.02198
15110.00000 0.023706
15112.50000 0.025113
15115.00000 0.024563
15117.50000 0.02564
15120.00000 0.025871
15122.50000 0.02755
15125.00000 0.027815
15127.50000 0.029599
15130.00000 0.030586
15132.50000 0.03161
15135.00000 0.033001
15137.50000 0.033127
15140.00000 0.034996
15142.50000 0.036043
15145.00000 0.038178
15147.50000 0.039316
15150.00000 0.039176
15152.50000 0.042092
15155.00000 0.042972
15157.50000 0.043774
15160.00000 0.046578
15162.50000 0.046706
15165.00000 0.048811
15167.50000 0.050226
15170.00000 0.050975
15172.50000 0.053552
15175.00000 0.055479
15177.50000 0.058823
15180.00000 0.059707
15182.50000 0.06189
15185.00000 0.063887
15187.50000 0.066741
15190.00000 0.067378
15192.50000 0.070355
15195.00000 0.072922
15197.50000 0.07547
15200.00000 0.07828
15202.50000 0.080069
15205.00000 0.081966
15207.50000 0.08573
15210.00000 0.087549
15212.50000 0.091799
15215.00000 0.094393
15217.50000 0.098433
15220.00000 0.100748
15222.50000 0.103735
15225.00000 0.10769
15227.50000 0.10947
15230.00000 0.113884
15232.50000 0.117893
15235.00000 0.120913
15237.50000 0.125104
15240.00000 0.128692
15242.50000 0.132951
15245.00000 0.137236
15247.50000 0.141571
15250.00000 0.144288
15252.50000 0.148917
15255.00000 0.15447
15257.50000 0.159099
15260.00000 0.164004
15262.50000 0.168105
15265.00000 0.173468
15267.50000 0.178005
15270.00000 0.18326
15272.50000 0.189975
15275.00000 0.193886
15277.50000 0.199469
15280.00000 0.20574
15282.50000 0.210944
15285.00000 0.216802
15287.50000 0.222256
15290.00000 0.229417
15292.50000 0.234544
15295.00000 0.240963
15297.50000 0.247793
15300.00000 0.25426
15302.50000 0.261439
15305.00000 0.267461
15307.50000 0.274675
15310.00000 0.279485
15312.50000 0.288158
15315.00000 0.294785
15317.50000 0.302173
15320.00000 0.309435
15322.50000 0.315023
15325.00000 0.323773
15327.50000 0.329473
15330.00000 0.338202
15332.50000 0.345133
15335.00000 0.352559
15337.50000 0.361356
15340.00000 0.365987
15342.50000 0.376041
15345.00000 0.382025
15347.50000 0.390563
15350.00000 0.399162
15352.50000 0.405631
15355.00000 0.414423
15357.50000 0.420056
15360.00000 0.429167
15362.50000 0.436701
15365.00000 0.44422
15367.50000 0.45254
15370.00000 0.458454
15372.50000 0.467984
15375.00000 0.473513
15377.50000 0.481642
15380.00000 0.490845
15382.50000 0.495842
15385.00000 0.505344
15387.50000 0.511728
15390.00000 0.519783
15392.50000 0.526565
15395.00000 0.533478
15397.50000 0.54053
15400.00000 0.546668
15402.50000 0.554795
15405.00000 0.560675
15407.50000 0.56851
15410.00000 0.575506
15412.50000 0.580931
15415.00000 0.588698
15417.50000 0.594716
15420.00000 0.601647
15422.50000 0.607149
15425.00000 0.612813
15427.50000 0.620822
15430.00000 0.626541
15432.50000 0.633312
15435.00000 0.638482
15437.50000 0.644182
15440.00000 0.650611
15442.50000 0.655322
15445.00000 0.660804
15447.50000 0.667352
15450.00000 0.672871
15452.50000 0.676394
15455.00000 0.68208
15457.50000 0.68905
15460.00000 0.692676
15462.50000 0.699822
15465.00000 0.703421
15467.50000 0.709252
15470.00000 0.713524
15472.50000 0.716946
15475.00000 0.723214
15477.50000 0.727354
15480.00000 0.731778
15482.50000 0.735846
15485.00000 0.740171
15487.50000 0.744583
15490.00000 0.747453
15492.50000 0.751514
15495.00000 0.755791
15497.50000 0.761405
15500.00000 0.763329
15502.50000 0.766787
15505.00000 0.772729
15507.50000 0.775518
15510.00000 0.779469
15512.50000 0.782188
15515.00000 0.785894
15517.50000 0.789432
15520.00000 0.791341
15522.50000 0.79452
15525.00000 0.798551
15527.50000 0.802148
15530.00000 0.804537
15532.50000 0.808976
15535.00000 0.810476
15537.50000 0.815207
15540.00000 0.816223
15542.50000 0.819725
15545.00000 0.823294
15547.50000 0.825197
15550.00000 0.828496
15552.50000 0.830356
15555.00000 0.833376
15557.50000 0.833566
15560.00000 0.836926
15562.50000 0.840174
15565.00000 0.841141
15567.50000 0.844541
15570.00000 0.846125
15572.50000 0.847312
15575.00000 0.849221
15577.50000 0.852365
15580.00000 0.854401
15582.50000 0.855641
15585.00000 0.856895
15587.50000 0.859354
15590.00000 0.860747
15592.50000 0.862092
15595.00000 0.864625
15597.50000 0.865955
15600.00000 0.865762
15602.50000 0.868914
15605.00000 0.869813
15607.50000 0.869248
15610.00000 0.871305
15612.50000 0.872789
15615.00000 0.872569
15617.50000 0.874776
15620.00000 0.874529
15622.50000 0.877032
15625.00000 0.878104
15627.50000 0.878899
15630.00000 0.881744
15632.50000 0.879299
15635.00000 0.880493
15637.50000 0.880801
15640.00000 0.883499
15642.50000 0.883281
15645.00000 0.883478
15647.50000 0.883982
15650.00000 0.884976
15652.50000 0.884896
15655.00000 0.886105
15657.50000 0.887073
15660.00000 0.885653
15662.50000 0.88714
15665.00000 0.887542
15667.50000 0.887437
15670.00000 0.887759
15672.50000 0.888229
15675.00000 0.888695
15677.50000 0.887325
15680.00000 0.888113
15682.50000 0.888581
15685.00000 0.889089
15687.50000 0.888784
15690.00000 0.889764
15692.50000 0.888723
15695.00000 0.888624
15697.50000 0.887124
15700.00000 0.888432
15702.50000 0.889942
15705.00000 0.889509
15707.50000 0.888608
15710.00000 0.887356
15712.50000 0.887475
15715.00000 0.889112
15717.50000 0.888874
15720.00000 0.887653
15722.50000 0.889293
15725.00000 0.888819
15727.50000 0.888703
15730.00000 0.88797
15732.50000 0.887452
15735.00000 0.888216
15737.50000 0.888199
15740.00000 0.888126
15742.50000 0.888372
15745.00000 0.889017
15747.50000 0.888356
15750.00000 0.888655
15752.50000 0.88868
15755.00000 0.887871
15757.50000 0.888804
15760.00000 0.888025
15762.50000 0.8885
15765.00000 0.888394
15767.50000 0.888271
15770.00000 0.887929
15772.50000 0.888136
15775.00000 0.887519
15777.50000 0.889062
15780.00000 0.887978
15782.50000 0.887612
15785.00000 0.88859
15787.50000 0.888287
15790.00000 0.88808
15792.50000 0.889109
15795.00000 0.889979
15797.50000 0.887963
15800.00000 0.889172
15802.50000 0.889035
15805.00000 0.889613
15807.50000 0.890031
15810.00000 0.890672
15812.50000 0.890754
15815.00000 0.890235
15817.50000 0.89076
15820.00000 0.889244
15822.50000 0.891084
15825.00000 0.889331
15827.50000 0.892186
15830.00000 0.891765
15832.50000 0.891755
15835.00000 0.891386
15837.50000 0.89247
15840.00000 0.891107
15842.50000 0.892486
15845.00000 0.89192
15847.50000 0.893233
15850.00000 0.892742
15852.50000 0.893088
15855.00000 0.891821
15857.50000 0.893012
15860.00000 0.891981
15862.50000 0.89419
15865.00000 0.892416
15867.50000 0.893439
15870.00000 0.895031
15872.50000 0.893888
15875.00000 0.894433
15877.50000 0.895535
15880.00000 0.89436
15882.50000 0.893733
15885.00000 0.894564
15887.50000 0.894709
15890.00000 0.893634
15892.50000 0.893493
15895.00000 0.89513
15897.50000 0.894783
15900.00000 0.892454
15902.50000 0.894566
15905.00000 0.893547
15907.50000 0.89327
15910.00000 0.894586
15912.50000 0.892198
15915.00000 0.892187
15917.50000 0.893101
15920.00000 0.893247
15922.50000 0.892583
15925.00000 0.891859
15927.50000 0.892204
15930.00000 0.890952
15932.50000 0.892533
15935.00000 0.892271
15937.50000 0.892029
15940.00000 0.890819
15942.50000 0.890721
15945.00000 0.889785
15947.50000 0.890881
15950.00000 0.889467
15952.50000 0.890163
15955.00000 0.889269
15957.50000 0.887758
15960.00000 0.888237
15962.50000 0.886762
15965.00000 0.886868
15967.50000 0.885997
15970.00000 0.885125
15972.50000 0.885089
15975.00000 0.882779
15977.50000 0.883999
15980.00000 0.882398
15982.50000 0.88223
15985.00000 0.882721
15987.50000 0.879745
15990.00000 0.880987
15992.50000 0.880497
15995.00000 0.880604
15997.50000 0.878764
16000.00000 0.877857
16002.50000 0.878082
16005.00000 0.877384
16007.50000 0.876728
16010.00000 0.876722
16012.50000 0.874962
16015.00000 0.875177
16017.50000 0.873618
16020.00000 0.872507
16022.50000 0.874164
16025.00000 0.87255
16027.50000 0.873222
16030.00000 0.873285
16032.50000 0.871434
16035.00000 0.869206
16037.50000 0.86977
16040.00000 0.870159
16042.50000 0.869503
16045.00000 0.869972
16047.50000 0.870299
16050.00000 0.870512
16052.50000 0.869471
16055.00000 0.869556
16057.50000 0.869234
16060.00000 0.869967
16062.50000 0.870328
16065.00000 0.869139
16067.50000 0.8693
16070.00000 0.869586
16072.50000 0.870895
16075.00000 0.871481
16077.50000 0.871628
16080.00000 0.870504
16082.50000 0.871881
16085.00000 0.873105
16087.50000 0.872205
16090.00000 0.873116
16092.50000 0.874664
16095.00000 0.87503
16097.50000 0.87558
16100.00000 0.876939
16102.50000 0.875722
16105.00000 0.877302
16107.50000 0.87976
16110.00000 0.880901
16112.50000 0.880844
16115.00000 0.882089
16117.50000 0.883552
16120.00000 0.882563
16122.50000 0.885607
16125.00000 0.88609
16127.50000 0.888353
16130.00000 0.889407
16132.50000 0.890923
16135.00000 0.89018
16137.50000 0.89322
16140.00000 0.895006
16142.50000 0.894474
16145.00000 0.894877
16147.50000 0.895931
16150.00000 0.898073
16152.50000 0.898655
16155.00000 0.899018
16157.50000 0.900196
16160.00000 0.900004
16162.50000 0.900171
16165.00000 0.90072
16167.50000 0.900557
16170.00000 0.900562
16172.50000 0.89821
16175.00000 0.897793
16177.50000 0.89858
16180.00000 0.89739
16182.50000 0.895037
16185.00000 0.892754
16187.50000 0.890444
16190.00000 0.887906
16192.50000 0.885239
16195.00000 0.882982
16197.50000 0.878608
16200.00000 0.874796
16202.50000 0.869188
16205.00000 0.862286
16207.50000 0.859759
16210.00000 0.851322
16212.50000 0.845872
16215.00000 0.838253
16217.50000 0.830415
16220.00000 0.824589
16222.50000 0.812285
16225.00000 0.804353
16227.50000 0.792728
16230.00000 0.783188
16232.50000 0.771629
16235.00000 0.758137
16237.50000 0.749655
16240.00000 0.732819
16242.50000 0.722571
16245.00000 0.709211
16247.50000 0.693872
16250.00000 0.680943
16252.50000 0.663588
16255.00000 0.652033
16257.50000 0.633671
16260.00000 0.619044
16262.50000 0.604142
16265.00000 0.58686
16267.50000 0.572627
16270.00000 0.554172
16272.50000 0.541568
16275.00000 0.522742
16277.50000 0.508702
16280.00000 0.492382
16282.50000 0.473427
16285.00000 0.460819
16287.50000 0.442763
16290.00000 0.431255
16292.50000 0.414715
16295.00000 0.39845
16297.50000 0.386167
16300.00000 0.368203
16302.50000 0.35818
16305.00000 0.342342
16307.50000 0.330739
16310.00000 0.316319
16312.50000 0.303357
16315.00000 0.293277
16317.50000 0.279219
16320.00000 0.268989
16322.50000 0.257346
16325.00000 0.247268
16327.50000 0.238565
16330.00000 0.227555
16332.50000 0.219171
16335.00000 0.207821
16337.50000 0.200234
16340.00000 0.190873
16342.50000 0.182326
16345.00000 0.176388
16347.50000 0.167116
16350.00000 0.161418
16352.50000 0.154182
16355.00000 0.147563
16357.50000 0.141147
16360.00000 0.134953
16362.50000 0.130552
16365.00000 0.122914
16367.50000 0.119127
16370.00000 0.113307
16372.50000 0.107404
16375.00000 0.104243
16377.50000 0.099144
16380.00000 0.096131
16382.50000 0.091385
16385.00000 0.088331
16387.50000 0.083711
16390.00000 0.081128
16392.50000 0.077461
16395.00000 0.073928
16397.50000 0.070469
16400.00000 0.06738
16402.50000 0.065114
16405.00000 0.062183
16407.50000 0.060394
16410.00000 0.057491
16412.50000 0.054592
16415.00000 0.052004
16417.50000 0.050565
16420.00000 0.048778
16422.50000 0.04593
16425.00000 0.04411
16427.50000 0.042615
16430.00000 0.041189
16432.50000 0.039286
16435.00000 0.037626
16437.50000 0.035869
16440.00000 0.035824
16442.50000 0.032988
16445.00000 0.032221
16447.50000 0.03138
16450.00000 0.029926
16452.50000 0.029929
16455.00000 0.02643
16457.50000 0.026497
16460.00000 0.026405
16462.50000 0.024648
16465.00000 0.023307
16467.50000 0.023729
16470.00000 0.020904
16472.50000 0.021189
16475.00000 0.020391
16477.50000 0.01962
16480.00000 0.019187
16482.50000 0.018653
16485.00000 0.017949
16487.50000 0.016608
16490.00000 0.015747
16492.50000 0.015806
16495.00000 0.014186
16497.50000 0.014562
16500.00000 0.014612
16502.50000 0.013363
16505.00000 0.012758
16507.50000 0.012072
16510.00000 0.010953
16512.50000 0.011602
16515.00000 0.010802
16517.50000 0.01113
16520.00000 0.012042
16522.50000 0.010406
16525.00000 0.010441
16527.50000 0.009747
16530.00000 0.01011
16532.50000 0.009256
16535.00000 0.008744
16537.50000 0.007852
16540.00000 0.008181
16542.50000 0.007911
16545.00000 0.007952
16547.50000 0.007385
16550.00000 0.006764
16552.50000 0.007166
16555.00000 0.007288
16557.50000 0.007093
16560.00000 0.006578
16562.50000 0.006011
16565.00000 0.006927
16567.50000 0.006454
16570.00000 0.005372
16572.50000 0.00651
16575.00000 0.004948
16577.50000 0.005157
16580.00000 0.004322
16582.50000 0.004982
16585.00000 0.003597
16587.50000 0.004414
16590.00000 0.003763
16592.50000 0.004717
16595.00000 0.003115
16597.50000 0.003075
16600.00000 0.005113
16602.50000 0.002766
16605.00000 0.003362
16607.50000 0.004026
16610.00000 0.003485
16612.50000 0.004578
16615.00000 0.003385
16617.50000 0.003373
16620.00000 0.002311
16622.50000 0.003771
16625.00000 0.00324
16627.50000 0.002242
16630.00000 0.002849
16632.50000 0.002917
16635.00000 0.00271
16637.50000 0.002981
16640.00000 0.002595
16642.50000 0.002496
16645.00000 0.002511
16647.50000 0.002432
16650.00000 0.001706
16652.50000 0.00232
16655.00000 0.001424
16657.50000 0.001837
16660.00000 0.002163
16662.50000 0.001968
16665.00000 0.001974
16667.50000 0.002116
16670.00000 0.002168
16672.50000 0.002159
16675.00000 0.001355
16677.50000 0.001564
16680.00000 0.002185
16682.50000 0.001365
16685.00000 0.001627
16687.50000 0.001689
16690.00000 0.001906
16692.50000 0.001296
16695.00000 0.002458
16697.50000 0.000812
16700.00000 0.002095
16702.50000 0.0004
16705.00000 0.001152
16707.50000 0.001566
16710.00000 0.001363
16712.50000 0.001562
16715.00000 0.000813
16717.50000 0.001694
16720.00000 0.000606
16722.50000 0.001426
16725.00000 0.001089
16727.50000 0.0002
16730.00000 0.000539
16732.50000 0.001886
16735.00000 0.002377
16737.50000 0.000951
16740.00000 0.001224
16742.50000 0.000743
16745.00000 0.000403
16747.50000 0.001414
16750.00000 0.000815
16752.50000 0.000951
16755.00000 0.000405
16757.50000 0.001018
16760.00000 0.000667
16762.50000 0.000872
16765.00000 0.001633
16767.50000 0.000337
18444.25000 0.0
