threeML/data/optical_filters/Gemini/GSAOI-Kshort_cont.ecsv
# %ECSV 0.9
# ---
# datatype:
# - {name: wavelength, unit: Angstrom, datatype: float32}
# - {name: response, datatype: float32}
# meta: !!omap
# - {band_name: Kshort_cont}
# - {group_name: GSAOI}
wavelength response
18540.00000 0.0
20600.00000 0.000959
20601.00000 0.000987
20602.00000 0.001003
20603.00000 0.001019
20604.00000 0.001047
20605.00000 0.001066
20606.00000 0.001064
20607.00000 0.001095
20608.00000 0.001125
20609.00000 0.001153
20610.00000 0.001188
20611.00000 0.001187
20612.00000 0.001236
20613.00000 0.001233
20614.00000 0.00128
20615.00000 0.001288
20616.00000 0.001344
20617.00000 0.001385
20618.00000 0.001352
20619.00000 0.001405
20620.00000 0.001456
20621.00000 0.001507
20622.00000 0.001483
20623.00000 0.001551
20624.00000 0.001575
20625.00000 0.001611
20626.00000 0.001636
20627.00000 0.00168
20628.00000 0.001728
20629.00000 0.001772
20630.00000 0.001785
20631.00000 0.001801
20632.00000 0.001876
20633.00000 0.001906
20634.00000 0.001947
20635.00000 0.001981
20636.00000 0.002023
20637.00000 0.002093
20638.00000 0.002149
20639.00000 0.002173
20640.00000 0.002212
20641.00000 0.002294
20642.00000 0.002344
20643.00000 0.002372
20644.00000 0.002435
20645.00000 0.002519
20646.00000 0.00258
20647.00000 0.002622
20648.00000 0.002704
20649.00000 0.002729
20650.00000 0.002854
20651.00000 0.002884
20652.00000 0.002969
20653.00000 0.002983
20654.00000 0.0031
20655.00000 0.003098
20656.00000 0.003253
20657.00000 0.003305
20658.00000 0.003398
20659.00000 0.003447
20660.00000 0.003549
20661.00000 0.003599
20662.00000 0.003688
20663.00000 0.00378
20664.00000 0.003842
20665.00000 0.003991
20666.00000 0.004087
20667.00000 0.004179
20668.00000 0.004322
20669.00000 0.004416
20670.00000 0.004491
20671.00000 0.004662
20672.00000 0.004728
20673.00000 0.004884
20674.00000 0.004972
20675.00000 0.005096
20676.00000 0.005203
20677.00000 0.005408
20678.00000 0.005495
20679.00000 0.005604
20680.00000 0.005794
20681.00000 0.005937
20682.00000 0.006079
20683.00000 0.00624
20684.00000 0.00642
20685.00000 0.006582
20686.00000 0.006748
20687.00000 0.006913
20688.00000 0.007092
20689.00000 0.007282
20690.00000 0.007505
20691.00000 0.007654
20692.00000 0.007861
20693.00000 0.008052
20694.00000 0.008272
20695.00000 0.008537
20696.00000 0.008707
20697.00000 0.00892
20698.00000 0.00919
20699.00000 0.009443
20700.00000 0.009652
20701.00000 0.009932
20702.00000 0.010217
20703.00000 0.010501
20704.00000 0.010755
20705.00000 0.011056
20706.00000 0.011373
20707.00000 0.011734
20708.00000 0.012014
20709.00000 0.012309
20710.00000 0.012707
20711.00000 0.01308
20712.00000 0.013424
20713.00000 0.013721
20714.00000 0.014113
20715.00000 0.014539
20716.00000 0.014964
20717.00000 0.015346
20718.00000 0.015762
20719.00000 0.016273
20720.00000 0.016734
20721.00000 0.017198
20722.00000 0.017676
20723.00000 0.018214
20724.00000 0.018739
20725.00000 0.019285
20726.00000 0.019826
20727.00000 0.020399
20728.00000 0.020995
20729.00000 0.021587
20730.00000 0.022203
20731.00000 0.022824
20732.00000 0.023493
20733.00000 0.024242
20734.00000 0.024902
20735.00000 0.025603
20736.00000 0.026408
20737.00000 0.027212
20738.00000 0.028028
20739.00000 0.02879
20740.00000 0.029631
20741.00000 0.030622
20742.00000 0.031495
20743.00000 0.032388
20744.00000 0.033369
20745.00000 0.034373
20746.00000 0.035432
20747.00000 0.036403
20748.00000 0.037452
20749.00000 0.038553
20750.00000 0.039939
20751.00000 0.041001
20752.00000 0.042045
20753.00000 0.043476
20754.00000 0.044868
20755.00000 0.046266
20756.00000 0.0476
20757.00000 0.049013
20758.00000 0.05064
20759.00000 0.052138
20760.00000 0.053756
20761.00000 0.055278
20762.00000 0.056989
20763.00000 0.058823
20764.00000 0.060592
20765.00000 0.062328
20766.00000 0.064066
20767.00000 0.066313
20768.00000 0.068224
20769.00000 0.070138
20770.00000 0.072285
20771.00000 0.074611
20772.00000 0.077102
20773.00000 0.079352
20774.00000 0.081761
20775.00000 0.084117
20776.00000 0.086947
20777.00000 0.089593
20778.00000 0.092308
20779.00000 0.09512
20780.00000 0.09801
20781.00000 0.101006
20782.00000 0.104249
20783.00000 0.107149
20784.00000 0.110581
20785.00000 0.113783
20786.00000 0.117242
20787.00000 0.120835
20788.00000 0.12427
20789.00000 0.128376
20790.00000 0.132115
20791.00000 0.135931
20792.00000 0.140204
20793.00000 0.144304
20794.00000 0.148606
20795.00000 0.153146
20796.00000 0.157408
20797.00000 0.161839
20798.00000 0.166848
20799.00000 0.171299
20800.00000 0.176479
20801.00000 0.181178
20802.00000 0.186476
20803.00000 0.191816
20804.00000 0.197005
20805.00000 0.202298
20806.00000 0.208582
20807.00000 0.214117
20808.00000 0.21999
20809.00000 0.226329
20810.00000 0.231982
20811.00000 0.238453
20812.00000 0.244445
20813.00000 0.250827
20814.00000 0.257059
20815.00000 0.264551
20816.00000 0.271272
20817.00000 0.277468
20818.00000 0.284555
20819.00000 0.291958
20820.00000 0.299274
20821.00000 0.306232
20822.00000 0.313615
20823.00000 0.321723
20824.00000 0.329008
20825.00000 0.336463
20826.00000 0.344442
20827.00000 0.351972
20828.00000 0.360429
20829.00000 0.368682
20830.00000 0.375697
20831.00000 0.383289
20832.00000 0.392411
20833.00000 0.400423
20834.00000 0.408526
20835.00000 0.417143
20836.00000 0.42524
20837.00000 0.434069
20838.00000 0.442269
20839.00000 0.450217
20840.00000 0.459397
20841.00000 0.467722
20842.00000 0.477299
20843.00000 0.484795
20844.00000 0.493514
20845.00000 0.501894
20846.00000 0.511314
20847.00000 0.518956
20848.00000 0.527158
20849.00000 0.536118
20850.00000 0.544125
20851.00000 0.553276
20852.00000 0.561099
20853.00000 0.569657
20854.00000 0.577482
20855.00000 0.585517
20856.00000 0.59301
20857.00000 0.601055
20858.00000 0.609053
20859.00000 0.617236
20860.00000 0.624778
20861.00000 0.631823
20862.00000 0.640007
20863.00000 0.647485
20864.00000 0.654545
20865.00000 0.662097
20866.00000 0.668851
20867.00000 0.675881
20868.00000 0.682431
20869.00000 0.68918
20870.00000 0.695776
20871.00000 0.702103
20872.00000 0.708402
20873.00000 0.714238
20874.00000 0.720632
20875.00000 0.726279
20876.00000 0.732395
20877.00000 0.737704
20878.00000 0.742789
20879.00000 0.747694
20880.00000 0.753316
20881.00000 0.760311
20882.00000 0.766305
20883.00000 0.770268
20884.00000 0.774966
20885.00000 0.779809
20886.00000 0.784293
20887.00000 0.787942
20888.00000 0.791785
20889.00000 0.795582
20890.00000 0.799196
20891.00000 0.80272
20892.00000 0.806238
20893.00000 0.809078
20894.00000 0.812087
20895.00000 0.815172
20896.00000 0.817613
20897.00000 0.820627
20898.00000 0.822731
20899.00000 0.824896
20900.00000 0.827163
20901.00000 0.828954
20902.00000 0.831158
20903.00000 0.833419
20904.00000 0.835197
20905.00000 0.83648
20906.00000 0.838393
20907.00000 0.839673
20908.00000 0.841826
20909.00000 0.843161
20910.00000 0.844332
20911.00000 0.845342
20912.00000 0.846315
20913.00000 0.847547
20914.00000 0.848867
20915.00000 0.849725
20916.00000 0.850865
20917.00000 0.851654
20918.00000 0.852212
20919.00000 0.853235
20920.00000 0.853768
20921.00000 0.854347
20922.00000 0.855208
20923.00000 0.855301
20924.00000 0.855516
20925.00000 0.856231
20926.00000 0.856673
20927.00000 0.857332
20928.00000 0.857919
20929.00000 0.858099
20930.00000 0.858282
20931.00000 0.858726
20932.00000 0.85922
20933.00000 0.859609
20934.00000 0.859511
20935.00000 0.860124
20936.00000 0.860622
20937.00000 0.8606
20938.00000 0.860918
20939.00000 0.860946
20940.00000 0.861028
20941.00000 0.861431
20942.00000 0.861687
20943.00000 0.861491
20944.00000 0.861617
20945.00000 0.861643
20946.00000 0.861849
20947.00000 0.861954
20948.00000 0.86209
20949.00000 0.862161
20950.00000 0.862307
20951.00000 0.862524
20952.00000 0.862644
20953.00000 0.862773
20954.00000 0.862839
20955.00000 0.863013
20956.00000 0.862933
20957.00000 0.862946
20958.00000 0.863333
20959.00000 0.863145
20960.00000 0.863487
20961.00000 0.863683
20962.00000 0.863342
20963.00000 0.863496
20964.00000 0.863951
20965.00000 0.86357
20966.00000 0.863348
20967.00000 0.863333
20968.00000 0.863322
20969.00000 0.863361
20970.00000 0.863327
20971.00000 0.863325
20972.00000 0.863767
20973.00000 0.863576
20974.00000 0.863534
20975.00000 0.863669
20976.00000 0.863324
20977.00000 0.863358
20978.00000 0.863355
20979.00000 0.863326
20980.00000 0.863348
20981.00000 0.86321
20982.00000 0.863131
20983.00000 0.863354
20984.00000 0.863449
20985.00000 0.863323
20986.00000 0.863301
20987.00000 0.863127
20988.00000 0.862907
20989.00000 0.862579
20990.00000 0.862619
20991.00000 0.862284
20992.00000 0.862221
20993.00000 0.862157
20994.00000 0.861905
20995.00000 0.861612
20996.00000 0.861771
20997.00000 0.861775
20998.00000 0.861642
20999.00000 0.86137
21000.00000 0.861133
21001.00000 0.860963
21002.00000 0.861157
21003.00000 0.861095
21004.00000 0.86109
21005.00000 0.860945
21006.00000 0.86078
21007.00000 0.860809
21008.00000 0.860706
21009.00000 0.860361
21010.00000 0.860311
21011.00000 0.859841
21012.00000 0.859655
21013.00000 0.859618
21014.00000 0.859377
21015.00000 0.85935
21016.00000 0.859579
21017.00000 0.859155
21018.00000 0.858992
21019.00000 0.859169
21020.00000 0.85923
21021.00000 0.858981
21022.00000 0.858784
21023.00000 0.858474
21024.00000 0.858262
21025.00000 0.858441
21026.00000 0.858693
21027.00000 0.858376
21028.00000 0.858184
21029.00000 0.85852
21030.00000 0.858684
21031.00000 0.858351
21032.00000 0.858127
21033.00000 0.857916
21034.00000 0.85787
21035.00000 0.857613
21036.00000 0.857512
21037.00000 0.857349
21038.00000 0.85709
21039.00000 0.857052
21040.00000 0.856766
21041.00000 0.856467
21042.00000 0.856658
21043.00000 0.856372
21044.00000 0.855895
21045.00000 0.855444
21046.00000 0.855214
21047.00000 0.854666
21048.00000 0.854507
21049.00000 0.8546
21050.00000 0.853705
21051.00000 0.853197
21052.00000 0.852616
21053.00000 0.852119
21054.00000 0.851658
21055.00000 0.8504
21056.00000 0.849546
21057.00000 0.848592
21058.00000 0.847076
21059.00000 0.84633
21060.00000 0.845388
21061.00000 0.843724
21062.00000 0.84258
21063.00000 0.841144
21064.00000 0.839526
21065.00000 0.837334
21066.00000 0.835388
21067.00000 0.833934
21068.00000 0.831952
21069.00000 0.828628
21070.00000 0.826402
21071.00000 0.824221
21072.00000 0.821822
21073.00000 0.818944
21074.00000 0.815818
21075.00000 0.812785
21076.00000 0.809338
21077.00000 0.80547
21078.00000 0.801067
21079.00000 0.797372
21080.00000 0.792798
21081.00000 0.789339
21082.00000 0.783433
21083.00000 0.777677
21084.00000 0.772685
21085.00000 0.763709
21086.00000 0.757104
21087.00000 0.751346
21088.00000 0.745799
21089.00000 0.740038
21090.00000 0.734765
21091.00000 0.726613
21092.00000 0.720942
21093.00000 0.714516
21094.00000 0.707698
21095.00000 0.699389
21096.00000 0.692698
21097.00000 0.685447
21098.00000 0.67837
21099.00000 0.670108
21100.00000 0.660545
21101.00000 0.653148
21102.00000 0.644038
21103.00000 0.635456
21104.00000 0.626189
21105.00000 0.618758
21106.00000 0.609759
21107.00000 0.601223
21108.00000 0.589827
21109.00000 0.582207
21110.00000 0.572801
21111.00000 0.563743
21112.00000 0.554175
21113.00000 0.543547
21114.00000 0.533742
21115.00000 0.525321
21116.00000 0.515437
21117.00000 0.504198
21118.00000 0.494619
21119.00000 0.484998
21120.00000 0.475494
21121.00000 0.463804
21122.00000 0.454663
21123.00000 0.444655
21124.00000 0.435593
21125.00000 0.42522
21126.00000 0.415288
21127.00000 0.405917
21128.00000 0.39688
21129.00000 0.388217
21130.00000 0.376937
21131.00000 0.368122
21132.00000 0.359423
21133.00000 0.350893
21134.00000 0.339052
21135.00000 0.330817
21136.00000 0.321547
21137.00000 0.313459
21138.00000 0.304409
21139.00000 0.295363
21140.00000 0.287437
21141.00000 0.279737
21142.00000 0.271853
21143.00000 0.263598
21144.00000 0.255931
21145.00000 0.248775
21146.00000 0.242064
21147.00000 0.233342
21148.00000 0.226522
21149.00000 0.219662
21150.00000 0.213523
21151.00000 0.206116
21152.00000 0.199707
21153.00000 0.193009
21154.00000 0.187092
21155.00000 0.181384
21156.00000 0.174787
21157.00000 0.169521
21158.00000 0.164022
21159.00000 0.158716
21160.00000 0.153245
21161.00000 0.148222
21162.00000 0.143694
21163.00000 0.1392
21164.00000 0.134185
21165.00000 0.129911
21166.00000 0.12559
21167.00000 0.121619
21168.00000 0.117777
21169.00000 0.11318
21170.00000 0.109357
21171.00000 0.105913
21172.00000 0.102832
21173.00000 0.098442
21174.00000 0.095529
21175.00000 0.092406
21176.00000 0.089225
21177.00000 0.086026
21178.00000 0.083382
21179.00000 0.080609
21180.00000 0.078255
21181.00000 0.075577
21182.00000 0.072738
21183.00000 0.070562
21184.00000 0.068233
21185.00000 0.066073
21186.00000 0.063628
21187.00000 0.061486
21188.00000 0.059592
21189.00000 0.057844
21190.00000 0.055548
21191.00000 0.053855
21192.00000 0.052114
21193.00000 0.050596
21194.00000 0.048868
21195.00000 0.047277
21196.00000 0.045879
21197.00000 0.044571
21198.00000 0.043152
21199.00000 0.041485
21200.00000 0.040364
21201.00000 0.039113
21202.00000 0.037886
21203.00000 0.036635
21204.00000 0.035413
21205.00000 0.034417
21206.00000 0.033381
21207.00000 0.032371
21208.00000 0.031288
21209.00000 0.030401
21210.00000 0.029459
21211.00000 0.028704
21212.00000 0.027707
21213.00000 0.026893
21214.00000 0.026177
21215.00000 0.02548
21216.00000 0.024548
21217.00000 0.023911
21218.00000 0.023251
21219.00000 0.02259
21220.00000 0.021919
21221.00000 0.021209
21222.00000 0.020637
21223.00000 0.020102
21224.00000 0.019472
21225.00000 0.018868
21226.00000 0.018382
21227.00000 0.017906
21228.00000 0.017469
21229.00000 0.016908
21230.00000 0.016438
21231.00000 0.016002
21232.00000 0.015623
21233.00000 0.015165
21234.00000 0.014748
21235.00000 0.01435
21236.00000 0.014003
21237.00000 0.013667
21238.00000 0.013218
21239.00000 0.012885
21240.00000 0.012585
21241.00000 0.012213
21242.00000 0.011872
21243.00000 0.011584
21244.00000 0.011288
21245.00000 0.01107
21246.00000 0.010742
21247.00000 0.010456
21248.00000 0.010212
21249.00000 0.009956
21250.00000 0.009521
23375.00000 0.0
