threeML/data/optical_filters/Gemini/GSAOI-CO.ecsv
# %ECSV 0.9
# ---
# datatype:
# - {name: wavelength, unit: Angstrom, datatype: float32}
# - {name: response, datatype: float32}
# meta: !!omap
# - {band_name: CO}
# - {group_name: GSAOI}
wavelength response
20340.00000 0.0
22600.00000 0.001088
22602.50000 0.000957
22605.00000 0.000938
22607.50000 0.000987
22610.00000 0.001082
22612.50000 0.001133
22615.00000 0.001136
22617.50000 0.001074
22620.00000 0.001112
22622.50000 0.00104
22625.00000 0.001084
22627.50000 0.001091
22630.00000 0.00122
22632.50000 0.001254
22635.00000 0.001215
22637.50000 0.001124
22640.00000 0.001228
22642.50000 0.001195
22645.00000 0.001192
22647.50000 0.001373
22650.00000 0.001272
22652.50000 0.001227
22655.00000 0.001193
22657.50000 0.001261
22660.00000 0.001394
22662.50000 0.001372
22665.00000 0.001357
22667.50000 0.001245
22670.00000 0.001271
22672.50000 0.001326
22675.00000 0.001383
22677.50000 0.001436
22680.00000 0.001482
22682.50000 0.001391
22685.00000 0.0013
22687.50000 0.001466
22690.00000 0.001507
22692.50000 0.00147
22695.00000 0.001386
22697.50000 0.001592
22700.00000 0.001549
22702.50000 0.001599
22705.00000 0.001596
22707.50000 0.001645
22710.00000 0.00163
22712.50000 0.001634
22715.00000 0.001596
22717.50000 0.001711
22720.00000 0.001632
22722.50000 0.001698
22725.00000 0.001836
22727.50000 0.001692
22730.00000 0.001779
22732.50000 0.001835
22735.00000 0.001765
22737.50000 0.001887
22740.00000 0.001786
22742.50000 0.001961
22745.00000 0.00194
22747.50000 0.001911
22750.00000 0.002014
22752.50000 0.001976
22755.00000 0.00203
22757.50000 0.002098
22760.00000 0.002068
22762.50000 0.002093
22765.00000 0.002101
22767.50000 0.002234
22770.00000 0.002235
22772.50000 0.002112
22775.00000 0.002206
22777.50000 0.002246
22780.00000 0.002303
22782.50000 0.002347
22785.00000 0.002398
22787.50000 0.002421
22790.00000 0.002382
22792.50000 0.002381
22795.00000 0.002532
22797.50000 0.002563
22800.00000 0.002629
22802.50000 0.002618
22805.00000 0.002728
22807.50000 0.002712
22810.00000 0.002826
22812.50000 0.002754
22815.00000 0.002731
22817.50000 0.002873
22820.00000 0.00282
22822.50000 0.003043
22825.00000 0.003011
22827.50000 0.003198
22830.00000 0.003006
22832.50000 0.003112
22835.00000 0.003257
22837.50000 0.00322
22840.00000 0.003325
22842.50000 0.003305
22845.00000 0.003292
22847.50000 0.00344
22850.00000 0.003502
22852.50000 0.003604
22855.00000 0.003603
22857.50000 0.003679
22860.00000 0.003712
22862.50000 0.003744
22865.00000 0.003888
22867.50000 0.003941
22870.00000 0.004017
22872.50000 0.003993
22875.00000 0.004101
22877.50000 0.004258
22880.00000 0.004304
22882.50000 0.004349
22885.00000 0.004383
22887.50000 0.004432
22890.00000 0.004554
22892.50000 0.004709
22895.00000 0.004724
22897.50000 0.004721
22900.00000 0.004849
22902.50000 0.005043
22905.00000 0.005102
22907.50000 0.005146
22910.00000 0.005267
22912.50000 0.005339
22915.00000 0.005425
22917.50000 0.005572
22920.00000 0.005638
22922.50000 0.005794
22925.00000 0.005904
22927.50000 0.005981
22930.00000 0.006098
22932.50000 0.006247
22935.00000 0.006364
22937.50000 0.006466
22940.00000 0.006546
22942.50000 0.006665
22945.00000 0.00681
22947.50000 0.007001
22950.00000 0.007067
22952.50000 0.007204
22955.00000 0.007427
22957.50000 0.007455
22960.00000 0.007582
22962.50000 0.007815
22965.00000 0.007965
22967.50000 0.008091
22970.00000 0.008189
22972.50000 0.008352
22975.00000 0.008607
22977.50000 0.008778
22980.00000 0.008784
22982.50000 0.009143
22985.00000 0.009284
22987.50000 0.009506
22990.00000 0.009773
22992.50000 0.009858
22995.00000 0.010031
22997.50000 0.010231
23000.00000 0.01059
23002.50000 0.010797
23005.00000 0.010984
23007.50000 0.011189
23010.00000 0.011504
23012.50000 0.011726
23015.00000 0.011831
23017.50000 0.01226
23020.00000 0.012488
23022.50000 0.01275
23025.00000 0.013036
23027.50000 0.013284
23030.00000 0.013464
23032.50000 0.01386
23035.00000 0.014269
23037.50000 0.014505
23040.00000 0.014791
23042.50000 0.01521
23045.00000 0.015445
23047.50000 0.015823
23050.00000 0.016149
23052.50000 0.016498
23055.00000 0.016954
23057.50000 0.017387
23060.00000 0.017747
23062.50000 0.018115
23065.00000 0.018601
23067.50000 0.018865
23070.00000 0.019421
23072.50000 0.019968
23075.00000 0.020322
23077.50000 0.020923
23080.00000 0.021381
23082.50000 0.021896
23085.00000 0.02236
23087.50000 0.022831
23090.00000 0.023524
23092.50000 0.024121
23095.00000 0.024721
23097.50000 0.025264
23100.00000 0.025908
23102.50000 0.026584
23105.00000 0.0272
23107.50000 0.027925
23110.00000 0.028498
23112.50000 0.029317
23115.00000 0.030011
23117.50000 0.030756
23120.00000 0.031641
23122.50000 0.032212
23125.00000 0.033218
23127.50000 0.033956
23130.00000 0.034956
23132.50000 0.035815
23135.00000 0.036707
23137.50000 0.037701
23140.00000 0.038557
23142.50000 0.03976
23145.00000 0.040624
23147.50000 0.041832
23150.00000 0.042981
23152.50000 0.043877
23155.00000 0.045193
23157.50000 0.046312
23160.00000 0.047644
23162.50000 0.04906
23165.00000 0.050163
23167.50000 0.051674
23170.00000 0.052806
23172.50000 0.054512
23175.00000 0.055663
23177.50000 0.057424
23180.00000 0.059099
23182.50000 0.060528
23185.00000 0.062432
23187.50000 0.063836
23190.00000 0.065821
23192.50000 0.067526
23195.00000 0.069389
23197.50000 0.071743
23200.00000 0.073305
23202.50000 0.075805
23205.00000 0.077388
23207.50000 0.079858
23210.00000 0.0822
23212.50000 0.084286
23215.00000 0.087024
23217.50000 0.089001
23220.00000 0.092128
23222.50000 0.094373
23225.00000 0.097153
23227.50000 0.099962
23230.00000 0.10256
23232.50000 0.106199
23235.00000 0.108508
23237.50000 0.112089
23240.00000 0.11508
23242.50000 0.118327
23245.00000 0.122088
23247.50000 0.124993
23250.00000 0.129423
23252.50000 0.132341
23255.00000 0.136611
23257.50000 0.140288
23260.00000 0.14429
23262.50000 0.148955
23265.00000 0.152338
23267.50000 0.15774
23270.00000 0.161313
23272.50000 0.166363
23275.00000 0.171209
23277.50000 0.175702
23280.00000 0.181692
23282.50000 0.185525
23285.00000 0.192004
23287.50000 0.197041
23290.00000 0.202486
23292.50000 0.208739
23295.00000 0.213177
23297.50000 0.220677
23300.00000 0.225608
23302.50000 0.232921
23305.00000 0.239161
23307.50000 0.245324
23310.00000 0.252694
23312.50000 0.258355
23315.00000 0.26698
23317.50000 0.273318
23320.00000 0.281269
23322.50000 0.28916
23325.00000 0.295706
23327.50000 0.304884
23330.00000 0.31148
23332.50000 0.321035
23335.00000 0.328809
23337.50000 0.33725
23340.00000 0.346637
23342.50000 0.353534
23345.00000 0.364074
23347.50000 0.371889
23350.00000 0.382225
23352.50000 0.391487
23355.00000 0.399954
23357.50000 0.410768
23360.00000 0.418371
23362.50000 0.430139
23365.00000 0.438735
23367.50000 0.449458
23370.00000 0.460185
23372.50000 0.468749
23375.00000 0.480585
23377.50000 0.488547
23380.00000 0.50062
23382.50000 0.510142
23385.00000 0.520774
23387.50000 0.532244
23390.00000 0.540551
23392.50000 0.553167
23395.00000 0.561262
23397.50000 0.57326
23400.00000 0.583519
23402.50000 0.593469
23405.00000 0.605067
23407.50000 0.613054
23410.00000 0.625277
23412.50000 0.634148
23415.00000 0.644915
23417.50000 0.655178
23420.00000 0.663752
23422.50000 0.67538
23425.00000 0.682447
23427.50000 0.694001
23430.00000 0.702877
23432.50000 0.712151
23435.00000 0.722003
23437.50000 0.72911
23440.00000 0.739762
23442.50000 0.746327
23445.00000 0.756088
23447.50000 0.764232
23450.00000 0.771649
23452.50000 0.781066
23455.00000 0.78674
23457.50000 0.795775
23460.00000 0.801573
23462.50000 0.809594
23465.00000 0.815958
23467.50000 0.821973
23470.00000 0.829566
23472.50000 0.835461
23475.00000 0.841852
23477.50000 0.847282
23480.00000 0.852572
23482.50000 0.858254
23485.00000 0.862457
23487.50000 0.868611
23490.00000 0.872591
23492.50000 0.877795
23495.00000 0.882255
23497.50000 0.886072
23500.00000 0.89071
23502.50000 0.893806
23505.00000 0.898192
23507.50000 0.901235
23510.00000 0.905004
23512.50000 0.908322
23515.00000 0.910687
23517.50000 0.914116
23520.00000 0.916385
23522.50000 0.919298
23525.00000 0.921598
23527.50000 0.923877
23530.00000 0.926295
23532.50000 0.927799
23535.00000 0.929876
23537.50000 0.931567
23540.00000 0.933468
23542.50000 0.934926
23545.00000 0.936113
23547.50000 0.937787
23550.00000 0.938261
23552.50000 0.939895
23555.00000 0.94062
23557.50000 0.941653
23560.00000 0.942703
23562.50000 0.943293
23565.00000 0.943879
23567.50000 0.944309
23570.00000 0.945048
23572.50000 0.945466
23575.00000 0.945889
23577.50000 0.946202
23580.00000 0.946106
23582.50000 0.946388
23585.00000 0.946308
23587.50000 0.946588
23590.00000 0.946676
23592.50000 0.946902
23595.00000 0.946575
23597.50000 0.946198
23600.00000 0.94631
23602.50000 0.946097
23605.00000 0.945535
23607.50000 0.945428
23610.00000 0.945172
23612.50000 0.944581
23615.00000 0.944397
23617.50000 0.944052
23620.00000 0.943629
23622.50000 0.943276
23625.00000 0.942655
23627.50000 0.941908
23630.00000 0.941313
23632.50000 0.940995
23635.00000 0.940274
23637.50000 0.93977
23640.00000 0.939342
23642.50000 0.938534
23645.00000 0.937931
23647.50000 0.937252
23650.00000 0.93674
23652.50000 0.936174
23655.00000 0.935205
23657.50000 0.934566
23660.00000 0.933655
23662.50000 0.933016
23665.00000 0.932207
23667.50000 0.931837
23670.00000 0.930982
23672.50000 0.929914
23675.00000 0.929432
23677.50000 0.928289
23680.00000 0.927755
23682.50000 0.927216
23685.00000 0.926236
23687.50000 0.925337
23690.00000 0.924393
23692.50000 0.923798
23695.00000 0.922419
23697.50000 0.921933
23700.00000 0.921187
23702.50000 0.920331
23705.00000 0.919523
23707.50000 0.918778
23710.00000 0.91781
23712.50000 0.916947
23715.00000 0.916391
23717.50000 0.915811
23720.00000 0.91477
23722.50000 0.914168
23725.00000 0.913068
23727.50000 0.912155
23730.00000 0.91147
23732.50000 0.910724
23735.00000 0.910009
23737.50000 0.909122
23740.00000 0.90844
23742.50000 0.907613
23745.00000 0.906999
23747.50000 0.906269
23750.00000 0.905257
23752.50000 0.904728
23755.00000 0.903782
23757.50000 0.903111
23760.00000 0.90261
23762.50000 0.901659
23765.00000 0.900836
23767.50000 0.900475
23770.00000 0.899536
23772.50000 0.898909
23775.00000 0.898211
23777.50000 0.897415
23780.00000 0.896846
23782.50000 0.896487
23785.00000 0.89571
23787.50000 0.895333
23790.00000 0.894199
23792.50000 0.893931
23795.00000 0.893163
23797.50000 0.892853
23800.00000 0.892516
23802.50000 0.8918
23805.00000 0.891471
23807.50000 0.890948
23810.00000 0.890221
23812.50000 0.889981
23815.00000 0.889358
23817.50000 0.889147
23820.00000 0.888633
23822.50000 0.888151
23825.00000 0.887632
23827.50000 0.88739
23830.00000 0.887443
23832.50000 0.886973
23835.00000 0.886495
23837.50000 0.886319
23840.00000 0.88593
23842.50000 0.885635
23845.00000 0.885406
23847.50000 0.885054
23850.00000 0.885126
23852.50000 0.885018
23855.00000 0.884686
23857.50000 0.884377
23860.00000 0.884283
23862.50000 0.884233
23865.00000 0.884132
23867.50000 0.884103
23870.00000 0.883882
23872.50000 0.883892
23875.00000 0.883765
23877.50000 0.883584
23880.00000 0.883748
23882.50000 0.883475
23885.00000 0.883646
23887.50000 0.883528
23890.00000 0.883654
23892.50000 0.883714
23895.00000 0.883702
23897.50000 0.883652
23900.00000 0.883833
23902.50000 0.884106
23905.00000 0.883965
23907.50000 0.884346
23910.00000 0.884099
23912.50000 0.884398
23915.00000 0.884322
23917.50000 0.88442
23920.00000 0.884514
23922.50000 0.884503
23925.00000 0.88466
23927.50000 0.884922
23930.00000 0.884798
23932.50000 0.884907
23935.00000 0.884821
23937.50000 0.8848
23940.00000 0.884768
23942.50000 0.884706
23945.00000 0.884678
23947.50000 0.884661
23950.00000 0.884632
23952.50000 0.884184
23955.00000 0.884397
23957.50000 0.883755
23960.00000 0.88352
23962.50000 0.883208
23965.00000 0.882989
23967.50000 0.8824
23970.00000 0.882135
23972.50000 0.881732
23975.00000 0.881041
23977.50000 0.880163
23980.00000 0.87955
23982.50000 0.878719
23985.00000 0.877745
23987.50000 0.876592
23990.00000 0.876008
23992.50000 0.874634
23995.00000 0.873302
23997.50000 0.871865
24000.00000 0.870644
24002.50000 0.869032
24005.00000 0.867094
24007.50000 0.865826
24010.00000 0.863384
24012.50000 0.861699
24015.00000 0.859381
24017.50000 0.857146
24020.00000 0.854868
24022.50000 0.851939
24025.00000 0.849621
24027.50000 0.846236
24030.00000 0.843572
24032.50000 0.840222
24035.00000 0.836724
24037.50000 0.833792
24040.00000 0.82913
24042.50000 0.82593
24045.00000 0.821474
24047.50000 0.817366
24050.00000 0.813154
24052.50000 0.808164
24055.00000 0.804409
24057.50000 0.798531
24060.00000 0.793734
24062.50000 0.788116
24065.00000 0.782297
24067.50000 0.777541
24070.00000 0.770988
24072.50000 0.76615
24075.00000 0.758551
24077.50000 0.752464
24080.00000 0.745795
24082.50000 0.738712
24085.00000 0.733014
24087.50000 0.724893
24090.00000 0.719263
24092.50000 0.710212
24095.00000 0.702679
24097.50000 0.695606
24100.00000 0.687073
24102.50000 0.680858
24105.00000 0.671405
24107.50000 0.66439
24110.00000 0.655256
24112.50000 0.646319
24115.00000 0.639008
24117.50000 0.629123
24120.00000 0.6223
24122.50000 0.612401
24125.00000 0.604484
24127.50000 0.595137
24130.00000 0.585685
24132.50000 0.578449
24135.00000 0.567702
24137.50000 0.56048
24140.00000 0.550085
24142.50000 0.541118
24145.00000 0.532368
24147.50000 0.522386
24150.00000 0.51544
24152.50000 0.504686
24155.00000 0.497436
24157.50000 0.487046
24160.00000 0.477919
24162.50000 0.470157
24165.00000 0.45984
24167.50000 0.452837
24170.00000 0.442819
24172.50000 0.435244
24175.00000 0.425929
24177.50000 0.416625
24180.00000 0.409669
24182.50000 0.39962
24185.00000 0.393052
24187.50000 0.383767
24190.00000 0.376064
24192.50000 0.3683
24195.00000 0.359386
24197.50000 0.353171
24200.00000 0.343942
24202.50000 0.337541
24205.00000 0.329545
24207.50000 0.322166
24210.00000 0.315847
24212.50000 0.30758
24215.00000 0.30209
24217.50000 0.294134
24220.00000 0.288065
24222.50000 0.281538
24225.00000 0.274655
24227.50000 0.269467
24230.00000 0.262141
24232.50000 0.257007
24235.00000 0.250154
24237.50000 0.24465
24240.00000 0.239105
24242.50000 0.232803
24245.00000 0.228519
24247.50000 0.222199
24250.00000 0.217607
24252.50000 0.212037
24255.00000 0.206851
24257.50000 0.202671
24260.00000 0.19706
24262.50000 0.193271
24265.00000 0.188002
24267.50000 0.183714
24270.00000 0.179372
24272.50000 0.174893
24275.00000 0.171528
24277.50000 0.166617
24280.00000 0.16337
24282.50000 0.159024
24285.00000 0.15511
24287.50000 0.151739
24290.00000 0.147709
24292.50000 0.145056
24295.00000 0.140922
24297.50000 0.138151
24300.00000 0.134488
24302.50000 0.131174
24305.00000 0.128613
24307.50000 0.125099
24310.00000 0.122691
24312.50000 0.119413
24315.00000 0.116899
24317.50000 0.114142
24320.00000 0.111221
24322.50000 0.109349
24325.00000 0.106148
24327.50000 0.104322
24330.00000 0.101486
24332.50000 0.099105
24335.00000 0.097065
24337.50000 0.094574
24340.00000 0.092827
24342.50000 0.090266
24345.00000 0.088498
24347.50000 0.086231
24350.00000 0.0842
24352.50000 0.082428
24355.00000 0.080324
24357.50000 0.078723
24360.00000 0.076648
24362.50000 0.075121
24365.00000 0.073445
24367.50000 0.071581
24370.00000 0.070359
24372.50000 0.068474
24375.00000 0.067054
24377.50000 0.06553
24380.00000 0.064089
24382.50000 0.062812
24385.00000 0.061281
24387.50000 0.06013
24390.00000 0.058669
24392.50000 0.057554
24395.00000 0.056258
24397.50000 0.055056
24400.00000 0.053948
24402.50000 0.052606
24405.00000 0.051695
24407.50000 0.050451
24410.00000 0.049243
24412.50000 0.04842
24415.00000 0.047274
24417.50000 0.046414
24420.00000 0.045268
24422.50000 0.044506
24425.00000 0.043547
24427.50000 0.042599
24430.00000 0.041717
24432.50000 0.040789
24435.00000 0.040157
24437.50000 0.039181
24440.00000 0.038388
24442.50000 0.037551
24445.00000 0.036892
24447.50000 0.036122
24450.00000 0.035344
24452.50000 0.034729
24455.00000 0.033876
24457.50000 0.033167
24460.00000 0.03263
24462.50000 0.031849
24465.00000 0.031372
24467.50000 0.030597
24470.00000 0.030116
24472.50000 0.029466
24475.00000 0.028912
24477.50000 0.028347
24480.00000 0.027687
24482.50000 0.027384
24485.00000 0.026721
24487.50000 0.026203
24490.00000 0.025653
24492.50000 0.025193
24495.00000 0.024845
24497.50000 0.024234
24500.00000 0.023968
24502.50000 0.023293
24505.00000 0.022838
24507.50000 0.022449
24510.00000 0.022185
24512.50000 0.021714
24515.00000 0.021224
24517.50000 0.020863
24520.00000 0.02043
24522.50000 0.02005
24525.00000 0.01966
24527.50000 0.019218
24530.00000 0.019088
24532.50000 0.018661
24535.00000 0.018367
24537.50000 0.018008
24540.00000 0.017652
24542.50000 0.017338
24545.00000 0.017028
24547.50000 0.016786
24550.00000 0.016324
24552.50000 0.016151
24555.00000 0.015838
24557.50000 0.015587
24560.00000 0.015294
24562.50000 0.015008
24565.00000 0.014751
24567.50000 0.014457
24570.00000 0.014132
24572.50000 0.014035
24575.00000 0.013773
24577.50000 0.013521
24580.00000 0.013219
24582.50000 0.013101
24585.00000 0.012918
24587.50000 0.012624
24590.00000 0.012462
24592.50000 0.012229
24595.00000 0.011986
24597.50000 0.011785
24600.00000 0.011588
24602.50000 0.011517
24605.00000 0.01126
24607.50000 0.010996
24610.00000 0.010899
24612.50000 0.010656
24615.00000 0.010488
24617.50000 0.010343
24620.00000 0.010154
24622.50000 0.009974
24625.00000 0.009845
24627.50000 0.009615
24630.00000 0.009546
24632.50000 0.009404
24635.00000 0.009225
24637.50000 0.009049
24640.00000 0.008947
24642.50000 0.008821
24645.00000 0.008633
24647.50000 0.008484
24650.00000 0.008301
24652.50000 0.008343
24655.00000 0.008202
24657.50000 0.008015
24660.00000 0.007791
24662.50000 0.007701
24665.00000 0.007637
24667.50000 0.007484
24670.00000 0.007313
24672.50000 0.007443
24675.00000 0.007267
24677.50000 0.00708
24680.00000 0.006898
24682.50000 0.006824
24685.00000 0.006796
24687.50000 0.006705
24690.00000 0.006558
24692.50000 0.006434
24695.00000 0.006364
24697.50000 0.006249
24700.00000 0.006187
24702.50000 0.006066
24705.00000 0.00609
24707.50000 0.005923
24710.00000 0.005817
24712.50000 0.005757
24715.00000 0.005646
24717.50000 0.005607
24720.00000 0.005533
24722.50000 0.005359
24725.00000 0.005376
24727.50000 0.005261
24730.00000 0.005063
24732.50000 0.005168
24735.00000 0.005053
24737.50000 0.005009
24740.00000 0.004962
24742.50000 0.004963
24745.00000 0.004564
24747.50000 0.004641
24750.00000 0.004679
24752.50000 0.004592
24755.00000 0.004499
24757.50000 0.004409
24760.00000 0.004394
24762.50000 0.00443
24765.00000 0.00418
24767.50000 0.004298
24770.00000 0.004246
24772.50000 0.004151
24775.00000 0.004052
24777.50000 0.004019
24780.00000 0.003904
24782.50000 0.004037
24785.00000 0.003839
24787.50000 0.003738
24790.00000 0.003814
24792.50000 0.003654
24795.00000 0.003724
24797.50000 0.00366
24800.00000 0.003601
24802.50000 0.003525
24805.00000 0.003502
24807.50000 0.003434
24810.00000 0.003409
24812.50000 0.003354
24815.00000 0.003324
24817.50000 0.003312
24820.00000 0.003304
24822.50000 0.003074
24825.00000 0.003191
24827.50000 0.003148
24830.00000 0.003086
24832.50000 0.002953
24835.00000 0.002918
24837.50000 0.002965
24840.00000 0.00285
24842.50000 0.002954
24845.00000 0.002901
24847.50000 0.002772
24850.00000 0.002668
24852.50000 0.002701
24855.00000 0.002666
24857.50000 0.002718
24860.00000 0.002651
24862.50000 0.002659
24865.00000 0.00254
24867.50000 0.002596
24870.00000 0.002469
24872.50000 0.00252
24875.00000 0.00245
24877.50000 0.002404
24880.00000 0.002396
24882.50000 0.002344
24885.00000 0.002332
24887.50000 0.002319
24890.00000 0.002289
24892.50000 0.002386
24895.00000 0.002231
24897.50000 0.002163
24900.00000 0.002244
24902.50000 0.002261
24905.00000 0.002014
24907.50000 0.002194
24910.00000 0.002145
24912.50000 0.001991
24915.00000 0.001949
24917.50000 0.00215
24920.00000 0.002018
24922.50000 0.001939
24925.00000 0.001941
24927.50000 0.001941
24930.00000 0.001996
24932.50000 0.001921
24935.00000 0.001858
24937.50000 0.001837
24940.00000 0.001878
24942.50000 0.001886
24945.00000 0.001795
24947.50000 0.001836
24950.00000 0.001784
24952.50000 0.001695
24955.00000 0.001799
24957.50000 0.001641
24960.00000 0.001741
24962.50000 0.001666
24965.00000 0.001674
24967.50000 0.001669
24970.00000 0.001576
24972.50000 0.001632
24975.00000 0.001636
24977.50000 0.001551
24980.00000 0.001528
24982.50000 0.001529
24985.00000 0.001422
24987.50000 0.001627
24990.00000 0.001514
24992.50000 0.001321
24995.00000 0.001452
24997.50000 0.00155
25000.00000 0.001393
27500.00000 0.0
