threeML/data/optical_filters/Gemini/GSAOI-H2_2_1_S1.ecsv
# %ECSV 0.9
# ---
# datatype:
# - {name: wavelength, unit: Angstrom, datatype: float32}
# - {name: response, datatype: float32}
# meta: !!omap
# - {band_name: H2_2_1_S1}
# - {group_name: GSAOI}
wavelength response
19791.00000 0.0
21990.00000 0.00015
21992.00000 0.000178
21994.00000 0.000117
21996.00000 5.2e-05
21998.00000 0.000184
22000.00000 0.000205
22002.00000 9.8e-05
22004.00000 1.3e-05
22006.00000 0.000204
22008.00000 0.000163
22010.00000 0.000158
22012.00000 6e-05
22014.00000 0.000158
22016.00000 0.000171
22018.00000 0.000105
22020.00000 0.000296
22022.00000 0.000198
22024.00000 0.000257
22026.00000 0.000138
22028.00000 0.000189
22030.00000 0.000134
22032.00000 0.00023
22034.00000 0.000235
22036.00000 0.000195
22038.00000 0.000253
22040.00000 0.000198
22042.00000 0.000251
22044.00000 0.00026
22046.00000 0.000349
22048.00000 0.000253
22050.00000 0.000295
22052.00000 0.000341
22054.00000 0.000246
22056.00000 0.000249
22058.00000 0.000314
22060.00000 0.000317
22062.00000 0.000329
22064.00000 0.000373
22066.00000 0.000283
22068.00000 0.000281
22070.00000 0.000239
22072.00000 0.000323
22074.00000 0.000245
22076.00000 0.000328
22078.00000 0.000402
22080.00000 0.000447
22082.00000 0.000346
22084.00000 0.000497
22086.00000 0.000564
22088.00000 0.000519
22090.00000 0.000613
22092.00000 0.000519
22094.00000 0.000617
22096.00000 0.000552
22098.00000 0.000507
22100.00000 0.000631
22102.00000 0.000633
22104.00000 0.000519
22106.00000 0.000657
22108.00000 0.000715
22110.00000 0.000685
22112.00000 0.000785
22114.00000 0.000599
22116.00000 0.000875
22118.00000 0.000683
22120.00000 0.000885
22122.00000 0.000874
22124.00000 0.000815
22126.00000 0.000984
22128.00000 0.000982
22130.00000 0.000929
22132.00000 0.000964
22134.00000 0.001084
22136.00000 0.001032
22138.00000 0.001162
22140.00000 0.001161
22142.00000 0.001165
22144.00000 0.00124
22146.00000 0.001175
22148.00000 0.001331
22150.00000 0.001333
22152.00000 0.001334
22154.00000 0.001581
22156.00000 0.0015
22158.00000 0.001787
22160.00000 0.001541
22162.00000 0.001736
22164.00000 0.001935
22166.00000 0.001934
22168.00000 0.001954
22170.00000 0.002137
22172.00000 0.002132
22174.00000 0.002175
22176.00000 0.002394
22178.00000 0.002432
22180.00000 0.002502
22182.00000 0.002579
22184.00000 0.002727
22186.00000 0.002891
22188.00000 0.00296
22190.00000 0.003202
22192.00000 0.003396
22194.00000 0.003441
22196.00000 0.003544
22198.00000 0.003697
22200.00000 0.003901
22202.00000 0.004094
22204.00000 0.004103
22206.00000 0.004311
22208.00000 0.004646
22210.00000 0.004943
22212.00000 0.004932
22214.00000 0.005293
22216.00000 0.005462
22218.00000 0.005811
22220.00000 0.006096
22222.00000 0.006313
22224.00000 0.006611
22226.00000 0.006858
22228.00000 0.007242
22230.00000 0.007658
22232.00000 0.008084
22234.00000 0.008269
22236.00000 0.008814
22238.00000 0.009084
22240.00000 0.009641
22242.00000 0.010156
22244.00000 0.01066
22246.00000 0.011172
22248.00000 0.011616
22250.00000 0.012264
22252.00000 0.012619
22254.00000 0.013529
22256.00000 0.013979
22258.00000 0.014714
22260.00000 0.015354
22262.00000 0.016319
22264.00000 0.017282
22266.00000 0.018106
22268.00000 0.018794
22270.00000 0.019981
22272.00000 0.020883
22274.00000 0.022139
22276.00000 0.023473
22278.00000 0.024499
22280.00000 0.0258
22282.00000 0.026935
22284.00000 0.028749
22286.00000 0.02977
22288.00000 0.031829
22290.00000 0.033086
22292.00000 0.035416
22294.00000 0.036997
22296.00000 0.039314
22298.00000 0.041266
22300.00000 0.04363
22302.00000 0.046205
22304.00000 0.048332
22306.00000 0.051413
22308.00000 0.053735
22310.00000 0.0573
22312.00000 0.059645
22314.00000 0.063785
22316.00000 0.066353
22318.00000 0.071101
22320.00000 0.074124
22322.00000 0.079187
22324.00000 0.083039
22326.00000 0.088253
22328.00000 0.093148
22330.00000 0.098002
22332.00000 0.103994
22334.00000 0.108199
22336.00000 0.11577
22338.00000 0.120345
22340.00000 0.1288
22342.00000 0.13416
22344.00000 0.143556
22346.00000 0.149904
22348.00000 0.159772
22350.00000 0.167301
22352.00000 0.177028
22354.00000 0.186013
22356.00000 0.195404
22358.00000 0.20708
22360.00000 0.215979
22362.00000 0.229526
22364.00000 0.23843
22366.00000 0.25256
22368.00000 0.262147
22370.00000 0.277822
22372.00000 0.288159
22374.00000 0.304789
22376.00000 0.318118
22378.00000 0.334054
22380.00000 0.349486
22382.00000 0.364065
22384.00000 0.381112
22386.00000 0.394096
22388.00000 0.412361
22390.00000 0.425033
22392.00000 0.445038
22394.00000 0.4571
22396.00000 0.47796
22398.00000 0.491135
22400.00000 0.511917
22402.00000 0.525773
22404.00000 0.545528
22406.00000 0.561339
22408.00000 0.576928
22410.00000 0.593917
22412.00000 0.607772
22414.00000 0.625031
22416.00000 0.63732
22418.00000 0.654243
22420.00000 0.665296
22422.00000 0.681455
22424.00000 0.691643
22426.00000 0.706887
22428.00000 0.716229
22430.00000 0.729971
22432.00000 0.73933
22434.00000 0.750443
22436.00000 0.759485
22438.00000 0.768101
22440.00000 0.776448
22442.00000 0.782732
22444.00000 0.790486
22446.00000 0.795799
22448.00000 0.802555
22450.00000 0.806358
22452.00000 0.812504
22454.00000 0.815608
22456.00000 0.820391
22458.00000 0.823148
22460.00000 0.826593
22462.00000 0.828953
22464.00000 0.831247
22466.00000 0.833058
22468.00000 0.834596
22470.00000 0.836089
22472.00000 0.837043
22474.00000 0.837893
22476.00000 0.838662
22478.00000 0.839511
22480.00000 0.839788
22482.00000 0.840485
22484.00000 0.840512
22486.00000 0.840515
22488.00000 0.840704
22490.00000 0.840485
22492.00000 0.840006
22494.00000 0.839765
22496.00000 0.839441
22498.00000 0.839284
22500.00000 0.839234
22502.00000 0.839062
22504.00000 0.838406
22506.00000 0.838093
22508.00000 0.837756
22510.00000 0.837283
22512.00000 0.836648
22514.00000 0.836161
22516.00000 0.83537
22518.00000 0.834528
22520.00000 0.834341
22522.00000 0.833779
22524.00000 0.833103
22526.00000 0.832408
22528.00000 0.832101
22530.00000 0.831301
22532.00000 0.830518
22534.00000 0.829288
22536.00000 0.828584
22538.00000 0.827557
22540.00000 0.826492
22542.00000 0.8253
22544.00000 0.824426
22546.00000 0.823416
22548.00000 0.82229
22550.00000 0.821372
22552.00000 0.82016
22554.00000 0.819306
22556.00000 0.817982
22558.00000 0.816873
22560.00000 0.814988
22562.00000 0.814095
22564.00000 0.81254
22566.00000 0.811433
22568.00000 0.809863
22570.00000 0.808772
22572.00000 0.807438
22574.00000 0.806346
22576.00000 0.804886
22578.00000 0.803671
22580.00000 0.802718
22582.00000 0.801172
22584.00000 0.80006
22586.00000 0.798529
22588.00000 0.797994
22590.00000 0.796554
22592.00000 0.796011
22594.00000 0.795167
22596.00000 0.794224
22598.00000 0.793287
22600.00000 0.793217
22602.00000 0.792074
22604.00000 0.79174
22606.00000 0.791347
22608.00000 0.790932
22610.00000 0.790563
22612.00000 0.790379
22614.00000 0.790181
22616.00000 0.790216
22618.00000 0.790099
22620.00000 0.789721
22622.00000 0.789572
22624.00000 0.789688
22626.00000 0.789145
22628.00000 0.789022
22630.00000 0.788303
22632.00000 0.788297
22634.00000 0.787575
22636.00000 0.786665
22638.00000 0.785455
22640.00000 0.784232
22642.00000 0.782292
22644.00000 0.780761
22646.00000 0.777502
22648.00000 0.77524
22650.00000 0.771087
22652.00000 0.767238
22654.00000 0.762379
22656.00000 0.757115
22658.00000 0.75196
22660.00000 0.744625
22662.00000 0.738559
22664.00000 0.729124
22666.00000 0.721944
22668.00000 0.71029
22670.00000 0.702061
22672.00000 0.687368
22674.00000 0.678203
22676.00000 0.66244
22678.00000 0.649392
22680.00000 0.634138
22682.00000 0.618665
22684.00000 0.603991
22686.00000 0.585553
22688.00000 0.569908
22690.00000 0.551004
22692.00000 0.535148
22694.00000 0.513096
22696.00000 0.497861
22698.00000 0.474744
22700.00000 0.459005
22702.00000 0.436816
22704.00000 0.418463
22706.00000 0.396765
22708.00000 0.378451
22710.00000 0.359935
22712.00000 0.340539
22714.00000 0.323014
22716.00000 0.306159
22718.00000 0.291708
22720.00000 0.272696
22722.00000 0.259003
22724.00000 0.241687
22726.00000 0.229358
22728.00000 0.21263
22730.00000 0.201584
22732.00000 0.187878
22734.00000 0.176407
22736.00000 0.165194
22738.00000 0.15436
22740.00000 0.144351
22742.00000 0.135146
22744.00000 0.127127
22746.00000 0.11853
22748.00000 0.111984
22750.00000 0.103806
22752.00000 0.098587
22754.00000 0.090889
22756.00000 0.085537
22758.00000 0.079795
22760.00000 0.074758
22762.00000 0.06988
22764.00000 0.065543
22766.00000 0.061768
22768.00000 0.057926
22770.00000 0.054758
22772.00000 0.05087
22774.00000 0.048167
22776.00000 0.044868
22778.00000 0.042709
22780.00000 0.039738
22782.00000 0.037684
22784.00000 0.035279
22786.00000 0.033684
22788.00000 0.031522
22790.00000 0.029663
22792.00000 0.028069
22794.00000 0.026465
22796.00000 0.02518
22798.00000 0.023807
22800.00000 0.022595
22802.00000 0.021152
22804.00000 0.020396
22806.00000 0.019085
22808.00000 0.018264
22810.00000 0.017244
22812.00000 0.016295
22814.00000 0.015547
22816.00000 0.014716
22818.00000 0.013981
22820.00000 0.013294
22822.00000 0.012716
22824.00000 0.012027
22826.00000 0.011418
22828.00000 0.010828
22830.00000 0.010368
22832.00000 0.009929
22834.00000 0.009613
22836.00000 0.009091
22838.00000 0.008769
22840.00000 0.008343
22842.00000 0.007922
22844.00000 0.007581
22846.00000 0.007222
22848.00000 0.007025
22850.00000 0.00665
22852.00000 0.006323
22854.00000 0.006024
22856.00000 0.005916
22858.00000 0.005562
22860.00000 0.005394
22862.00000 0.005299
22864.00000 0.0049
22866.00000 0.004767
22868.00000 0.004696
22870.00000 0.004431
22872.00000 0.004286
22874.00000 0.004112
22876.00000 0.003888
22878.00000 0.003726
22880.00000 0.003589
22882.00000 0.00364
22884.00000 0.003466
22886.00000 0.003385
22888.00000 0.003115
22890.00000 0.003002
22892.00000 0.002894
22894.00000 0.002844
22896.00000 0.002754
22898.00000 0.002714
22900.00000 0.002551
22902.00000 0.002523
22904.00000 0.002377
22906.00000 0.002354
22908.00000 0.002221
22910.00000 0.002117
22912.00000 0.002165
22914.00000 0.002065
22916.00000 0.001991
22918.00000 0.001931
22920.00000 0.001849
22922.00000 0.001728
22924.00000 0.00176
22926.00000 0.001705
22928.00000 0.001591
22930.00000 0.001531
22932.00000 0.001527
22934.00000 0.001565
22936.00000 0.001355
22938.00000 0.001456
22940.00000 0.001484
22942.00000 0.001428
22944.00000 0.001363
22946.00000 0.001232
22948.00000 0.001193
22950.00000 0.001244
22952.00000 0.001213
22954.00000 0.001221
22956.00000 0.001124
22958.00000 0.001171
22960.00000 0.001062
22962.00000 0.001038
22964.00000 0.001117
22966.00000 0.001073
22968.00000 0.000912
22970.00000 0.000799
22972.00000 0.000809
22974.00000 0.000657
22976.00000 0.000805
22978.00000 0.00078
22980.00000 0.000788
22982.00000 0.000612
22984.00000 0.000868
22986.00000 0.000648
22988.00000 0.000758
22990.00000 0.00059
22992.00000 0.000827
22994.00000 0.000627
22996.00000 0.000784
22998.00000 0.000619
23000.00000 0.000679
23002.00000 0.000686
23004.00000 0.000614
23006.00000 0.000531
23008.00000 0.000602
23010.00000 0.000552
23012.00000 0.000556
23014.00000 0.000516
23016.00000 0.000526
23018.00000 0.000585
23020.00000 0.000512
23022.00000 0.000545
23024.00000 0.000413
23026.00000 0.000604
23028.00000 0.000406
23030.00000 0.000377
23032.00000 0.000454
23034.00000 0.000505
23036.00000 0.000378
23038.00000 0.000439
23040.00000 0.000443
23042.00000 0.000416
23044.00000 0.000517
23046.00000 0.000482
23048.00000 0.000404
23050.00000 0.000548
23052.00000 0.000414
23054.00000 0.000369
23056.00000 0.000476
23058.00000 0.000447
23060.00000 0.000298
23062.00000 0.000428
23064.00000 0.000394
23066.00000 0.000262
23068.00000 0.000466
23070.00000 0.000361
23072.00000 0.000307
23074.00000 0.000365
23076.00000 0.000248
23078.00000 0.000277
23080.00000 0.000465
23082.00000 0.00024
23084.00000 0.000253
23086.00000 0.000187
23088.00000 0.000358
23090.00000 0.000291
23092.00000 0.000274
23094.00000 0.00025
23096.00000 0.000264
23098.00000 0.000266
23100.00000 0.000278
25410.00000 0.0
