threeML/data/optical_filters/Gemini/GSAOI-HeI.ecsv
# %ECSV 0.9
# ---
# datatype:
# - {name: wavelength, unit: Angstrom, datatype: float32}
# - {name: response, datatype: float32}
# meta: !!omap
# - {band_name: HeI}
# - {group_name: GSAOI}
wavelength response
9585.00000 0.0
10650.00000 0.00402
10651.00000 0.004017
10652.00000 0.004125
10653.00000 0.004216
10654.00000 0.004418
10655.00000 0.004497
10656.00000 0.00475
10657.00000 0.004871
10658.00000 0.004978
10659.00000 0.005169
10660.00000 0.005373
10661.00000 0.005485
10662.00000 0.005668
10663.00000 0.005863
10664.00000 0.006038
10665.00000 0.006198
10666.00000 0.006447
10667.00000 0.006662
10668.00000 0.006909
10669.00000 0.007183
10670.00000 0.007437
10671.00000 0.007677
10672.00000 0.007963
10673.00000 0.008274
10674.00000 0.008497
10675.00000 0.008882
10676.00000 0.009158
10677.00000 0.009541
10678.00000 0.00986
10679.00000 0.010208
10680.00000 0.010575
10681.00000 0.01106
10682.00000 0.011528
10683.00000 0.011891
10684.00000 0.012414
10685.00000 0.012916
10686.00000 0.013445
10687.00000 0.013961
10688.00000 0.014606
10689.00000 0.015206
10690.00000 0.015922
10691.00000 0.016459
10692.00000 0.017176
10693.00000 0.017904
10694.00000 0.018718
10695.00000 0.019574
10696.00000 0.020363
10697.00000 0.021155
10698.00000 0.022142
10699.00000 0.02329
10700.00000 0.024253
10701.00000 0.025322
10702.00000 0.026478
10703.00000 0.027929
10704.00000 0.029159
10705.00000 0.03049
10706.00000 0.031991
10707.00000 0.033766
10708.00000 0.035043
10709.00000 0.036607
10710.00000 0.038443
10711.00000 0.040398
10712.00000 0.042599
10713.00000 0.044508
10714.00000 0.046636
10715.00000 0.049037
10716.00000 0.051823
10717.00000 0.054306
10718.00000 0.057065
10719.00000 0.059941
10720.00000 0.063225
10721.00000 0.066606
10722.00000 0.069899
10723.00000 0.073857
10724.00000 0.078056
10725.00000 0.081712
10726.00000 0.085823
10727.00000 0.09043
10728.00000 0.095175
10729.00000 0.10053
10730.00000 0.105346
10731.00000 0.110525
10732.00000 0.116527
10733.00000 0.123265
10734.00000 0.12928
10735.00000 0.136011
10736.00000 0.142738
10737.00000 0.150444
10738.00000 0.159156
10739.00000 0.166714
10740.00000 0.175479
10741.00000 0.184846
10742.00000 0.194328
10743.00000 0.202898
10744.00000 0.213288
10745.00000 0.223455
10746.00000 0.234518
10747.00000 0.24459
10748.00000 0.255629
10749.00000 0.267279
10750.00000 0.279778
10751.00000 0.292176
10752.00000 0.304357
10753.00000 0.316561
10754.00000 0.329592
10755.00000 0.344975
10756.00000 0.357456
10757.00000 0.371475
10758.00000 0.385653
10759.00000 0.400063
10760.00000 0.413304
10761.00000 0.427423
10762.00000 0.440632
10763.00000 0.455343
10764.00000 0.468187
10765.00000 0.481147
10766.00000 0.494361
10767.00000 0.506994
10768.00000 0.521198
10769.00000 0.532709
10770.00000 0.544828
10771.00000 0.556592
10772.00000 0.569508
10773.00000 0.579989
10774.00000 0.591037
10775.00000 0.601653
10776.00000 0.611329
10777.00000 0.620917
10778.00000 0.629888
10779.00000 0.637886
10780.00000 0.646411
10781.00000 0.654222
10782.00000 0.660856
10783.00000 0.667567
10784.00000 0.673761
10785.00000 0.680258
10786.00000 0.685332
10787.00000 0.69008
10788.00000 0.694964
10789.00000 0.699527
10790.00000 0.703928
10791.00000 0.707619
10792.00000 0.711321
10793.00000 0.714369
10794.00000 0.717385
10795.00000 0.719936
10796.00000 0.722244
10797.00000 0.724517
10798.00000 0.726654
10799.00000 0.728376
10800.00000 0.73001
10801.00000 0.731471
10802.00000 0.732962
10803.00000 0.734132
10804.00000 0.735151
10805.00000 0.736012
10806.00000 0.737089
10807.00000 0.737825
10808.00000 0.738555
10809.00000 0.739071
10810.00000 0.739602
10811.00000 0.740127
10812.00000 0.74044
10813.00000 0.740936
10814.00000 0.741378
10815.00000 0.741488
10816.00000 0.741813
10817.00000 0.741915
10818.00000 0.742012
10819.00000 0.742221
10820.00000 0.742522
10821.00000 0.742216
10822.00000 0.742695
10823.00000 0.742384
10824.00000 0.742376
10825.00000 0.742388
10826.00000 0.74279
10827.00000 0.742654
10828.00000 0.742711
10829.00000 0.742728
10830.00000 0.742739
10831.00000 0.742836
10832.00000 0.742742
10833.00000 0.74288
10834.00000 0.742713
10835.00000 0.742632
10836.00000 0.742695
10837.00000 0.742941
10838.00000 0.742919
10839.00000 0.742951
10840.00000 0.743061
10841.00000 0.743241
10842.00000 0.743158
10843.00000 0.743201
10844.00000 0.743385
10845.00000 0.743348
10846.00000 0.743556
10847.00000 0.743902
10848.00000 0.743984
10849.00000 0.744004
10850.00000 0.744149
10851.00000 0.744304
10852.00000 0.744519
10853.00000 0.744637
10854.00000 0.744751
10855.00000 0.744798
10856.00000 0.744731
10857.00000 0.744793
10858.00000 0.74483
10859.00000 0.744665
10860.00000 0.744731
10861.00000 0.744625
10862.00000 0.744364
10863.00000 0.74433
10864.00000 0.743958
10865.00000 0.743509
10866.00000 0.742963
10867.00000 0.742417
10868.00000 0.741607
10869.00000 0.740706
10870.00000 0.739725
10871.00000 0.738617
10872.00000 0.737237
10873.00000 0.735885
10874.00000 0.734579
10875.00000 0.732671
10876.00000 0.730485
10877.00000 0.728249
10878.00000 0.725979
10879.00000 0.723227
10880.00000 0.720224
10881.00000 0.717011
10882.00000 0.713371
10883.00000 0.709928
10884.00000 0.706033
10885.00000 0.701703
10886.00000 0.697174
10887.00000 0.692242
10888.00000 0.68712
10889.00000 0.681631
10890.00000 0.67619
10891.00000 0.670146
10892.00000 0.663778
10893.00000 0.656535
10894.00000 0.64904
10895.00000 0.64177
10896.00000 0.633774
10897.00000 0.625946
10898.00000 0.617083
10899.00000 0.608452
10900.00000 0.599847
10901.00000 0.590641
10902.00000 0.580447
10903.00000 0.571125
10904.00000 0.561224
10905.00000 0.549955
10906.00000 0.53938
10907.00000 0.529257
10908.00000 0.518123
10909.00000 0.507329
10910.00000 0.495731
10911.00000 0.483606
10912.00000 0.472753
10913.00000 0.460975
10914.00000 0.449389
10915.00000 0.437486
10916.00000 0.426025
10917.00000 0.41489
10918.00000 0.4032
10919.00000 0.390553
10920.00000 0.379569
10921.00000 0.36865
10922.00000 0.35675
10923.00000 0.344996
10924.00000 0.333861
10925.00000 0.323116
10926.00000 0.313074
10927.00000 0.301538
10928.00000 0.290554
10929.00000 0.280341
10930.00000 0.270292
10931.00000 0.260861
10932.00000 0.249958
10933.00000 0.240719
10934.00000 0.232612
10935.00000 0.223392
10936.00000 0.213541
10937.00000 0.205299
10938.00000 0.197323
10939.00000 0.189189
10940.00000 0.181677
10941.00000 0.17289
10942.00000 0.165811
10943.00000 0.159664
10944.00000 0.152791
10945.00000 0.145141
10946.00000 0.138971
10947.00000 0.132997
10948.00000 0.127559
10949.00000 0.121387
10950.00000 0.115429
10951.00000 0.110617
10952.00000 0.105853
10953.00000 0.100756
10954.00000 0.096059
10955.00000 0.091786
10956.00000 0.087581
10957.00000 0.083846
10958.00000 0.079092
10959.00000 0.075614
10960.00000 0.072513
10961.00000 0.069093
10962.00000 0.065613
10963.00000 0.062177
10964.00000 0.059481
10965.00000 0.056726
10966.00000 0.054111
10967.00000 0.051288
10968.00000 0.049181
10969.00000 0.04689
10970.00000 0.044743
10971.00000 0.042584
10972.00000 0.040657
10973.00000 0.038856
10974.00000 0.036972
10975.00000 0.035181
10976.00000 0.033524
10977.00000 0.032195
10978.00000 0.030568
10979.00000 0.029225
10980.00000 0.027755
10981.00000 0.026565
10982.00000 0.025463
10983.00000 0.024276
10984.00000 0.02299
10985.00000 0.022016
10986.00000 0.02113
10987.00000 0.020199
10988.00000 0.019304
10989.00000 0.01844
10990.00000 0.017636
10991.00000 0.016937
10992.00000 0.016166
10993.00000 0.015455
10994.00000 0.014745
10995.00000 0.014147
10996.00000 0.01359
10997.00000 0.012988
10998.00000 0.012421
10999.00000 0.011947
11000.00000 0.011481
12100.00000 0.0
