threeML/data/optical_filters/Gemini/GSAOI-Kshort.ecsv
# %ECSV 0.9
# ---
# datatype:
# - {name: wavelength, unit: Angstrom, datatype: float32}
# - {name: response, datatype: float32}
# meta: !!omap
# - {band_name: Kshort}
# - {group_name: GSAOI}
wavelength response
[from data line 2299]
24045.00000 0.000195
24047.50000 0.000168
24050.00000 0.000206
24052.50000 0.000185
24055.00000 0.000229
24057.50000 0.000268
24060.00000 0.000187
24062.50000 0.000179
24065.00000 0.000179
24067.50000 0.000168
24070.00000 0.000171
24072.50000 0.000164
24075.00000 0.000202
24077.50000 0.000168
24080.00000 0.000187
24082.50000 0.000151
24085.00000 0.000143
24087.50000 0.000144
24090.00000 0.000242
24092.50000 0.000159
24095.00000 0.00016
24097.50000 0.000214
24100.00000 0.000239
24102.50000 0.000172
24105.00000 0.000244
24107.50000 0.000223
24110.00000 0.000147
24112.50000 0.000163
24115.00000 0.000193
24117.50000 0.000113
24120.00000 0.000195
24122.50000 0.000222
24125.00000 0.000112
24127.50000 0.000194
24130.00000 0.000157
24132.50000 0.000203
24135.00000 0.000191
24137.50000 0.000207
24140.00000 0.000124
24142.50000 0.000174
24145.00000 0.000168
24147.50000 0.000214
24150.00000 0.000191
24152.50000 0.000128
24155.00000 0.000179
24157.50000 0.000156
24160.00000 0.000151
24162.50000 0.000156
24165.00000 0.000195
24167.50000 0.000223
24170.00000 0.000162
24172.50000 0.000129
24175.00000 0.000233
24177.50000 0.000129
24180.00000 0.000154
24182.50000 0.00021
24185.00000 0.000206
24187.50000 9.1e-05
24190.00000 0.00017
24192.50000 0.000118
24195.00000 0.000194
24197.50000 0.000219
24200.00000 0.000156
24202.50000 0.000199
24205.00000 0.000194
24207.50000 0.000143
24210.00000 0.000109
24212.50000 0.000191
24215.00000 0.000231
24217.50000 0.000205
24220.00000 0.000141
24222.50000 0.000144
24225.00000 0.000164
24227.50000 0.000149
24230.00000 0.000105
24232.50000 0.000196
24235.00000 0.00014
24237.50000 0.000145
24240.00000 0.000179
24242.50000 0.000152
24245.00000 0.000195
24247.50000 0.00012
24250.00000 0.000135
24252.50000 0.000248
24255.00000 0.000169
24257.50000 0.000144
24260.00000 0.000173
24262.50000 0.000151
24265.00000 0.00013
24267.50000 0.000153
24270.00000 0.000121
24272.50000 0.000157
24275.00000 0.000143
24277.50000 0.000142
24280.00000 0.00014
24282.50000 9.8e-05
24285.00000 0.000201
24287.50000 0.000141
24290.00000 0.000189
24292.50000 0.000153
24295.00000 0.000109
24297.50000 0.000147
24300.00000 0.000199
24302.50000 0.000125
24305.00000 0.000136
24307.50000 0.000171
24310.00000 0.000153
24312.50000 0.000124
24315.00000 0.000141
24317.50000 0.000172
24320.00000 0.00016
24322.50000 0.000144
24325.00000 0.000209
24327.50000 0.000117
24330.00000 0.000129
24332.50000 0.000151
24335.00000 0.000165
24337.50000 0.00016
24340.00000 0.000117
24342.50000 9.8e-05
24345.00000 0.000124
24347.50000 0.00016
24350.00000 0.00014
24352.50000 0.000174
24355.00000 0.000208
24357.50000 0.000198
24360.00000 9.8e-05
24362.50000 0.000167
24365.00000 0.000118
24367.50000 0.000175
24370.00000 0.000176
24372.50000 5.8e-05
24375.00000 8.3e-05
24377.50000 0.000121
24380.00000 0.00014
24382.50000 0.000154
24385.00000 0.000168
24387.50000 0.000175
24390.00000 9.8e-05
24392.50000 9.7e-05
24395.00000 0.000172
24397.50000 0.000133
24400.00000 0.000129
24402.50000 0.000132
24405.00000 0.000125
24407.50000 0.000137
24410.00000 0.000109
24412.50000 0.000145
24415.00000 0.000108
24417.50000 0.000164
24420.00000 0.000112
24422.50000 0.00014
24425.00000 9.6e-05
24427.50000 0.000132
24430.00000 0.000136
24432.50000 9.9e-05
24435.00000 0.000131
24437.50000 0.000122
24440.00000 0.000144
24442.50000 0.000115
24445.00000 0.00014
24447.50000 0.000113
24450.00000 0.000152
24452.50000 0.000129
24455.00000 7.7e-05
24457.50000 0.000141
24460.00000 0.000141
24462.50000 0.000125
24465.00000 0.00014
24467.50000 0.000126
24470.00000 0.000109
24472.50000 0.000141
24475.00000 9.8e-05
24477.50000 0.000133
24480.00000 0.000129
24482.50000 0.000129
24485.00000 0.00014
24487.50000 0.000129
24490.00000 0.000127
24492.50000 0.000161
24495.00000 0.000159
24497.50000 0.000199
24500.00000 0.000171
24502.50000 8.3e-05
24505.00000 0.000123
24507.50000 0.000127
24510.00000 0.000148
24512.50000 0.000153
24515.00000 0.00015
24517.50000 0.000118
24520.00000 0.000207
24522.50000 0.000129
24525.00000 0.000157
24527.50000 0.000112
24530.00000 0.000128
24532.50000 0.000165
24535.00000 0.000128
24537.50000 9.9e-05
24540.00000 0.000161
24542.50000 0.000116
24545.00000 0.000184
24547.50000 0.000137
24550.00000 0.00011
24552.50000 0.00011
24555.00000 5.9e-05
24557.50000 7.9e-05
24560.00000 0.00018
24562.50000 0.000144
24565.00000 0.000176
24567.50000 0.000223
24570.00000 0.000137
24572.50000 0.000109
24575.00000 0.000145
24577.50000 0.000173
24580.00000 0.000144
24582.50000 0.000141
24585.00000 9.8e-05
24587.50000 8.2e-05
24590.00000 0.000121
24592.50000 0.000141
24595.00000 0.000182
24597.50000 0.00017
24600.00000 0.000113
24602.50000 0.000126
24605.00000 9.2e-05
24607.50000 7.5e-05
24610.00000 0.000113
24612.50000 0.000122
24615.00000 0.000108
24617.50000 0.000149
24620.00000 0.000149
24622.50000 0.000126
24625.00000 0.000164
24627.50000 0.000136
24630.00000 0.000141
24632.50000 0.000101
24635.00000 0.000118
24637.50000 6.6e-05
24640.00000 0.000173
24642.50000 0.00013
24645.00000 6.7e-05
24647.50000 0.000216
24650.00000 0.00015
24652.50000 0.000121
24655.00000 0.000146
24657.50000 0.000161
24660.00000 0.00013
24662.50000 0.00016
24665.00000 0.000185
24667.50000 0.000157
24670.00000 0.00011
24672.50000 0.000137
24675.00000 0.00013
24677.50000 8.6e-05
24680.00000 9.7e-05
24682.50000 0.000133
24685.00000 0.000102
24687.50000 9.1e-05
24690.00000 0.00012
24692.50000 6.4e-05
24695.00000 0.000124
24697.50000 0.000106
24700.00000 0.000186
27170.00000 0.0
