threeML/data/optical_filters/Gemini/GSAOI-H2_1_0.ecsv
# %ECSV 0.9
# ---
# datatype:
# - {name: wavelength, unit: Angstrom, datatype: float32}
# - {name: response, datatype: float32}
# meta: !!omap
# - {band_name: H2_1_0}
# - {group_name: GSAOI}
wavelength response
18720.00000 0.0
20800.00000 0.000449
20802.00000 0.000456
20804.00000 0.000301
20806.00000 0.000334
20808.00000 0.000442
20810.00000 0.000429
20812.00000 0.000469
20814.00000 0.00049
20816.00000 0.000488
20818.00000 0.000561
20820.00000 0.000548
20822.00000 0.000508
20824.00000 0.000715
20826.00000 0.000515
20828.00000 0.000622
20830.00000 0.000498
20832.00000 0.000667
20834.00000 0.000675
20836.00000 0.000862
20838.00000 0.000783
20840.00000 0.00075
20842.00000 0.000737
20844.00000 0.000928
20846.00000 0.000662
20848.00000 0.000876
20850.00000 0.000888
20852.00000 0.000976
20854.00000 0.001009
20856.00000 0.000996
20858.00000 0.00113
20860.00000 0.001144
20862.00000 0.001216
20864.00000 0.00121
20866.00000 0.001256
20868.00000 0.001259
20870.00000 0.001224
20872.00000 0.001439
20874.00000 0.001565
20876.00000 0.001516
20878.00000 0.001577
20880.00000 0.001564
20882.00000 0.001733
20884.00000 0.001861
20886.00000 0.001876
20888.00000 0.001916
20890.00000 0.002054
20892.00000 0.002178
20894.00000 0.002334
20896.00000 0.002373
20898.00000 0.002473
20900.00000 0.002493
20902.00000 0.002642
20904.00000 0.002756
20906.00000 0.002815
20908.00000 0.003105
20910.00000 0.003149
20912.00000 0.003319
20914.00000 0.003464
20916.00000 0.003596
20918.00000 0.003756
20920.00000 0.003948
20922.00000 0.004242
20924.00000 0.004312
20926.00000 0.004429
20928.00000 0.004671
20930.00000 0.004892
20932.00000 0.005261
20934.00000 0.00524
20936.00000 0.005627
20938.00000 0.005951
20940.00000 0.006182
20942.00000 0.006556
20944.00000 0.00672
20946.00000 0.007119
20948.00000 0.007391
20950.00000 0.007665
20952.00000 0.007946
20954.00000 0.008395
20956.00000 0.008736
20958.00000 0.009338
20960.00000 0.009639
20962.00000 0.010233
20964.00000 0.010604
20966.00000 0.011168
20968.00000 0.011717
20970.00000 0.012344
20972.00000 0.012942
20974.00000 0.013385
20976.00000 0.014158
20978.00000 0.014669
20980.00000 0.015607
20982.00000 0.016341
20984.00000 0.017173
20986.00000 0.017884
20988.00000 0.018933
20990.00000 0.019636
20992.00000 0.02099
20994.00000 0.021825
20996.00000 0.022829
20998.00000 0.02397
21000.00000 0.025308
21002.00000 0.026607
21004.00000 0.027641
21006.00000 0.029234
21008.00000 0.030574
21010.00000 0.032542
21012.00000 0.033688
21014.00000 0.03578
21016.00000 0.037414
21018.00000 0.039629
21020.00000 0.041327
21022.00000 0.043881
21024.00000 0.04626
21026.00000 0.048635
21028.00000 0.051546
21030.00000 0.053684
21032.00000 0.056954
21034.00000 0.059775
21036.00000 0.063196
21038.00000 0.066133
21040.00000 0.070419
21042.00000 0.07325
21044.00000 0.078049
21046.00000 0.081789
21048.00000 0.087261
21050.00000 0.09155
21052.00000 0.097277
21054.00000 0.102487
21056.00000 0.107936
21058.00000 0.114474
21060.00000 0.119846
21062.00000 0.127599
21064.00000 0.133506
21066.00000 0.142773
21068.00000 0.149374
21070.00000 0.158855
21072.00000 0.166039
21074.00000 0.177245
21076.00000 0.186336
21078.00000 0.196983
21080.00000 0.208205
21082.00000 0.219081
21084.00000 0.232007
21086.00000 0.243677
21088.00000 0.257336
21090.00000 0.267967
21092.00000 0.284631
21094.00000 0.296071
21096.00000 0.313808
21098.00000 0.325832
21100.00000 0.345963
21102.00000 0.360093
21104.00000 0.380082
21106.00000 0.396193
21108.00000 0.415329
21110.00000 0.432961
21112.00000 0.449447
21114.00000 0.470572
21116.00000 0.485719
21118.00000 0.50836
21120.00000 0.524373
21122.00000 0.546473
21124.00000 0.560943
21126.00000 0.583185
21128.00000 0.598107
21130.00000 0.619312
21132.00000 0.635069
21134.00000 0.653656
21136.00000 0.669754
21138.00000 0.686003
21140.00000 0.701377
21142.00000 0.714514
21144.00000 0.729683
21146.00000 0.740129
21148.00000 0.754441
21150.00000 0.763371
21152.00000 0.776761
21154.00000 0.785381
21156.00000 0.796166
21158.00000 0.803708
21160.00000 0.812004
21162.00000 0.81879
21164.00000 0.825391
21166.00000 0.831062
21168.00000 0.835479
21170.00000 0.840652
21172.00000 0.844496
21174.00000 0.848437
21176.00000 0.851131
21178.00000 0.854584
21180.00000 0.85652
21182.00000 0.859503
21184.00000 0.860872
21186.00000 0.862693
21188.00000 0.864061
21190.00000 0.8655
21192.00000 0.866519
21194.00000 0.867709
21196.00000 0.86847
21198.00000 0.869106
21200.00000 0.870079
21202.00000 0.87066
21204.00000 0.871405
21206.00000 0.871922
21208.00000 0.872305
21210.00000 0.872858
21212.00000 0.873346
21214.00000 0.873646
21216.00000 0.874244
21218.00000 0.874405
21220.00000 0.874557
21222.00000 0.874792
21224.00000 0.875055
21226.00000 0.875383
21228.00000 0.875599
21230.00000 0.875307
21232.00000 0.875152
21234.00000 0.87495
21236.00000 0.87495
21238.00000 0.874549
21240.00000 0.874109
21242.00000 0.873428
21244.00000 0.873011
21246.00000 0.872207
21248.00000 0.871448
21250.00000 0.870805
21252.00000 0.869629
21254.00000 0.868538
21256.00000 0.867038
21258.00000 0.86612
21260.00000 0.864647
21262.00000 0.863157
21264.00000 0.861209
21266.00000 0.859641
21268.00000 0.858072
21270.00000 0.856436
21272.00000 0.854899
21274.00000 0.852896
21276.00000 0.851385
21278.00000 0.849344
21280.00000 0.84784
21282.00000 0.846003
21284.00000 0.844293
21286.00000 0.842333
21288.00000 0.841173
21290.00000 0.839554
21292.00000 0.838354
21294.00000 0.83728
21296.00000 0.835963
21298.00000 0.835204
21300.00000 0.834112
21302.00000 0.83352
21304.00000 0.833056
21306.00000 0.832815
21308.00000 0.833005
21310.00000 0.833223
21312.00000 0.833437
21314.00000 0.834128
21316.00000 0.835018
21318.00000 0.835815
21320.00000 0.837227
21322.00000 0.838255
21324.00000 0.839721
21326.00000 0.841455
21328.00000 0.843145
21330.00000 0.845259
21332.00000 0.846661
21334.00000 0.848697
21336.00000 0.850238
21338.00000 0.852086
21340.00000 0.85373
21342.00000 0.854886
21344.00000 0.855456
21346.00000 0.855909
21348.00000 0.855977
21350.00000 0.855381
21352.00000 0.854017
21354.00000 0.85207
21356.00000 0.848885
21358.00000 0.844938
21360.00000 0.839888
21362.00000 0.834334
21364.00000 0.826333
21366.00000 0.818821
21368.00000 0.807281
21370.00000 0.796815
21372.00000 0.783266
21374.00000 0.769787
21376.00000 0.75279
21378.00000 0.735781
21380.00000 0.71867
21382.00000 0.698649
21384.00000 0.679719
21386.00000 0.656924
21388.00000 0.635872
21390.00000 0.611199
21392.00000 0.589374
21394.00000 0.561691
21396.00000 0.540106
21398.00000 0.512528
21400.00000 0.490819
21402.00000 0.4643
21404.00000 0.439932
21406.00000 0.418528
21408.00000 0.392426
21410.00000 0.371623
21412.00000 0.347522
21414.00000 0.328369
21416.00000 0.306605
21418.00000 0.288932
21420.00000 0.268953
21422.00000 0.253218
21424.00000 0.234707
21426.00000 0.221225
21428.00000 0.20461
21430.00000 0.191366
21432.00000 0.17794
21434.00000 0.16573
21436.00000 0.15542
21438.00000 0.143813
21440.00000 0.135709
21442.00000 0.12555
21444.00000 0.118499
21446.00000 0.109158
21448.00000 0.10344
21450.00000 0.095235
21452.00000 0.089657
21454.00000 0.08333
21456.00000 0.077872
21458.00000 0.073179
21460.00000 0.068195
21462.00000 0.064404
21464.00000 0.059829
21466.00000 0.056648
21468.00000 0.053031
21470.00000 0.050284
21472.00000 0.046694
21474.00000 0.044641
21476.00000 0.041493
21478.00000 0.039425
21480.00000 0.036696
21482.00000 0.034589
21484.00000 0.032463
21486.00000 0.0306
21488.00000 0.029075
21490.00000 0.027396
21492.00000 0.026214
21494.00000 0.024526
21496.00000 0.023542
21498.00000 0.022079
21500.00000 0.021171
21502.00000 0.019773
21504.00000 0.018741
21506.00000 0.017794
21508.00000 0.016953
21510.00000 0.016215
21512.00000 0.015314
21514.00000 0.014545
21516.00000 0.013903
21518.00000 0.013366
21520.00000 0.012577
21522.00000 0.012118
21524.00000 0.011478
21526.00000 0.011038
21528.00000 0.01037
21530.00000 0.010046
21532.00000 0.009604
21534.00000 0.009205
21536.00000 0.00865
21538.00000 0.008324
21540.00000 0.008088
21542.00000 0.007516
21544.00000 0.007442
21546.00000 0.007025
21548.00000 0.006781
21550.00000 0.006452
21552.00000 0.006223
21554.00000 0.005907
21556.00000 0.005664
21558.00000 0.005447
21560.00000 0.005374
21562.00000 0.004978
21564.00000 0.004847
21566.00000 0.004645
21568.00000 0.004551
21570.00000 0.00463
21572.00000 0.004216
21574.00000 0.004112
21576.00000 0.00381
21578.00000 0.003807
21580.00000 0.003552
21582.00000 0.003641
21584.00000 0.003349
21586.00000 0.003115
21588.00000 0.003051
21590.00000 0.003031
21592.00000 0.002937
21594.00000 0.002958
21596.00000 0.002773
21598.00000 0.002635
21600.00000 0.002523
23760.00000 0.0
