threeML/data/optical_filters/Gemini/GSAOI-H2O.ecsv
# %ECSV 0.9
# ---
# datatype:
# - {name: wavelength, unit: Angstrom, datatype: float32}
# - {name: response, datatype: float32}
# meta: !!omap
# - {band_name: H2O}
# - {group_name: GSAOI}
wavelength response
[from data line 767]
19766.00000 0.627712
19767.00000 0.632566
19768.00000 0.636313
19769.00000 0.641044
19770.00000 0.646669
19771.00000 0.651119
19772.00000 0.655299
19773.00000 0.660117
19774.00000 0.664812
19775.00000 0.66956
19776.00000 0.673621
19777.00000 0.67706
19778.00000 0.68231
19779.00000 0.686682
19780.00000 0.691241
19781.00000 0.69463
19782.00000 0.69904
19783.00000 0.703851
19784.00000 0.708392
19785.00000 0.712045
19786.00000 0.716007
19787.00000 0.720666
19788.00000 0.724748
19789.00000 0.729081
19790.00000 0.732707
19791.00000 0.73675
19792.00000 0.741107
19793.00000 0.745368
19794.00000 0.748765
19795.00000 0.752461
19796.00000 0.756715
19797.00000 0.760267
19798.00000 0.763541
19799.00000 0.767123
19800.00000 0.770887
19801.00000 0.774937
19802.00000 0.778198
19803.00000 0.781221
19804.00000 0.785261
19805.00000 0.789027
19806.00000 0.792201
19807.00000 0.795307
19808.00000 0.799111
19809.00000 0.80217
19810.00000 0.805527
19811.00000 0.808477
19812.00000 0.811527
19813.00000 0.814403
19814.00000 0.817498
19815.00000 0.820388
19816.00000 0.82278
19817.00000 0.825533
19818.00000 0.828897
19819.00000 0.831741
19820.00000 0.834225
19821.00000 0.836966
19822.00000 0.839701
19823.00000 0.84247
19824.00000 0.844791
19825.00000 0.847136
19826.00000 0.849689
19827.00000 0.852241
19828.00000 0.85418
19829.00000 0.856626
19830.00000 0.858922
19831.00000 0.861283
19832.00000 0.863314
19833.00000 0.865631
19834.00000 0.867271
19835.00000 0.869814
19836.00000 0.87144
19837.00000 0.873014
19838.00000 0.875079
19839.00000 0.876675
19840.00000 0.879109
19841.00000 0.880748
19842.00000 0.882065
19843.00000 0.883758
19844.00000 0.88568
19845.00000 0.886987
19846.00000 0.888452
19847.00000 0.889927
19848.00000 0.891551
19849.00000 0.892915
19850.00000 0.893994
19851.00000 0.895514
19852.00000 0.896995
19853.00000 0.897911
19854.00000 0.899044
19855.00000 0.900216
19856.00000 0.901156
19857.00000 0.902579
19858.00000 0.903646
19859.00000 0.904322
19860.00000 0.905538
19861.00000 0.906411
19862.00000 0.907343
19863.00000 0.908096
19864.00000 0.908879
19865.00000 0.909905
19866.00000 0.910627
19867.00000 0.911103
19868.00000 0.912022
19869.00000 0.912656
19870.00000 0.913402
19871.00000 0.913785
19872.00000 0.914267
19873.00000 0.914766
19874.00000 0.915522
19875.00000 0.916106
19876.00000 0.916325
19877.00000 0.91697
19878.00000 0.917414
19879.00000 0.917787
19880.00000 0.918212
19881.00000 0.91863
19882.00000 0.918855
19883.00000 0.919141
19884.00000 0.91951
19885.00000 0.919666
19886.00000 0.919716
19887.00000 0.920042
19888.00000 0.920205
19889.00000 0.920325
19890.00000 0.920659
19891.00000 0.920773
19892.00000 0.920717
19893.00000 0.920805
19894.00000 0.920813
19895.00000 0.920928
19896.00000 0.920798
19897.00000 0.920933
19898.00000 0.921176
19899.00000 0.921064
19900.00000 0.921061
19901.00000 0.921062
19902.00000 0.920951
19903.00000 0.920796
19904.00000 0.920987
19905.00000 0.920788
19906.00000 0.92081
19907.00000 0.920792
19908.00000 0.920471
19909.00000 0.920471
19910.00000 0.920382
19911.00000 0.919993
19912.00000 0.919815
19913.00000 0.919691
19914.00000 0.919632
19915.00000 0.919284
19916.00000 0.919161
19917.00000 0.918871
19918.00000 0.918696
19919.00000 0.91848
19920.00000 0.918394
19921.00000 0.91816
19922.00000 0.91773
19923.00000 0.91777
19924.00000 0.917446
19925.00000 0.917084
19926.00000 0.916725
19927.00000 0.916544
19928.00000 0.916242
19929.00000 0.915977
19930.00000 0.915706
19931.00000 0.915335
19932.00000 0.915087
19933.00000 0.914794
19934.00000 0.914639
19935.00000 0.914198
19936.00000 0.913932
19937.00000 0.913624
19938.00000 0.9135
19939.00000 0.912884
19940.00000 0.912767
19941.00000 0.912451
19942.00000 0.912211
19943.00000 0.911764
19944.00000 0.911539
19945.00000 0.911168
19946.00000 0.910834
19947.00000 0.910538
19948.00000 0.910176
19949.00000 0.909883
19950.00000 0.909655
19951.00000 0.909195
19952.00000 0.909141
19953.00000 0.908593
19954.00000 0.908367
19955.00000 0.908181
19956.00000 0.907664
19957.00000 0.90732
19958.00000 0.907067
19959.00000 0.906871
19960.00000 0.906246
19961.00000 0.905882
19962.00000 0.905628
19963.00000 0.905181
19964.00000 0.905012
19965.00000 0.904568
19966.00000 0.90436
19967.00000 0.903902
19968.00000 0.903717
19969.00000 0.903457
19970.00000 0.903196
19971.00000 0.902831
19972.00000 0.902494
19973.00000 0.9023
19974.00000 0.901917
19975.00000 0.901521
19976.00000 0.901273
19977.00000 0.901167
19978.00000 0.900978
19979.00000 0.900556
19980.00000 0.900504
19981.00000 0.900148
19982.00000 0.899562
19983.00000 0.89935
19984.00000 0.899101
19985.00000 0.898569
19986.00000 0.898307
19987.00000 0.89817
19988.00000 0.897886
19989.00000 0.897817
19990.00000 0.897586
19991.00000 0.897159
19992.00000 0.896993
19993.00000 0.89652
19994.00000 0.896368
19995.00000 0.896088
19996.00000 0.895708
19997.00000 0.895672
19998.00000 0.895516
19999.00000 0.894871
20000.00000 0.894784
20001.00000 0.894418
20002.00000 0.894253
20003.00000 0.89403
20004.00000 0.893828
20005.00000 0.893597
20006.00000 0.893396
20007.00000 0.893231
20008.00000 0.89316
20009.00000 0.8931
20010.00000 0.892938
20011.00000 0.892634
20012.00000 0.892361
20013.00000 0.892065
20014.00000 0.891828
20015.00000 0.891695
20016.00000 0.891392
20017.00000 0.891473
20018.00000 0.89107
20019.00000 0.890933
20020.00000 0.890853
20021.00000 0.890585
20022.00000 0.890523
20023.00000 0.890368
20024.00000 0.89019
20025.00000 0.889986
20026.00000 0.889861
20027.00000 0.889696
20028.00000 0.889695
20029.00000 0.889416
20030.00000 0.889217
20031.00000 0.889156
20032.00000 0.888896
20033.00000 0.888643
20034.00000 0.888519
20035.00000 0.888229
20036.00000 0.888092
20037.00000 0.887972
20038.00000 0.887822
20039.00000 0.887791
20040.00000 0.887591
20041.00000 0.887458
20042.00000 0.887434
20043.00000 0.887223
20044.00000 0.887138
20045.00000 0.887115
20046.00000 0.887026
20047.00000 0.886824
20048.00000 0.886711
20049.00000 0.886536
20050.00000 0.886426
20051.00000 0.886275
20052.00000 0.886385
20053.00000 0.88615
20054.00000 0.885788
20055.00000 0.885693
20056.00000 0.88555
20057.00000 0.885705
20058.00000 0.885565
20059.00000 0.885479
20060.00000 0.885405
20061.00000 0.885335
20062.00000 0.885311
20063.00000 0.885241
20064.00000 0.885048
20065.00000 0.884875
20066.00000 0.88487
20067.00000 0.884689
20068.00000 0.884517
20069.00000 0.884553
20070.00000 0.884511
20071.00000 0.884437
20072.00000 0.884092
20073.00000 0.884146
20074.00000 0.884127
20075.00000 0.884066
20076.00000 0.883954
20077.00000 0.883982
20078.00000 0.884195
20079.00000 0.883695
20080.00000 0.883848
20081.00000 0.883714
20082.00000 0.883741
20083.00000 0.883818
20084.00000 0.883664
20085.00000 0.883643
20086.00000 0.883556
20087.00000 0.883448
20088.00000 0.883446
20089.00000 0.883326
20090.00000 0.883182
20091.00000 0.882993
20092.00000 0.88303
20093.00000 0.882838
20094.00000 0.883063
20095.00000 0.882949
20096.00000 0.88326
20097.00000 0.883216
20098.00000 0.883226
20099.00000 0.883074
20100.00000 0.883149
20101.00000 0.882999
20102.00000 0.883089
20103.00000 0.882973
20104.00000 0.882755
20105.00000 0.882686
20106.00000 0.882771
20107.00000 0.882912
20108.00000 0.882763
20109.00000 0.882694
20110.00000 0.882936
20111.00000 0.882874
20112.00000 0.882822
20113.00000 0.882822
20114.00000 0.882791
20115.00000 0.88281
20116.00000 0.882812
20117.00000 0.882638
20118.00000 0.882764
20119.00000 0.882852
20120.00000 0.882849
20121.00000 0.882913
20122.00000 0.882697
20123.00000 0.88285
20124.00000 0.882863
20125.00000 0.882854
20126.00000 0.882734
20127.00000 0.882685
20128.00000 0.882778
20129.00000 0.882865
20130.00000 0.882859
20131.00000 0.882857
20132.00000 0.883007
20133.00000 0.882977
20134.00000 0.882903
20135.00000 0.882971
20136.00000 0.883207
20137.00000 0.883197
20138.00000 0.883161
20139.00000 0.883189
20140.00000 0.883286
20141.00000 0.883182
20142.00000 0.883469
20143.00000 0.8834
20144.00000 0.883334
20145.00000 0.883417
20146.00000 0.883754
20147.00000 0.88345
20148.00000 0.883685
20149.00000 0.883856
20150.00000 0.883962
20151.00000 0.883827
20152.00000 0.883874
20153.00000 0.883994
20154.00000 0.883922
20155.00000 0.884002
20156.00000 0.884146
20157.00000 0.884495
20158.00000 0.884625
20159.00000 0.8843
20160.00000 0.884388
20161.00000 0.884759
20162.00000 0.884687
20163.00000 0.88455
20164.00000 0.884774
20165.00000 0.884869
20166.00000 0.88495
20167.00000 0.884965
20168.00000 0.885132
20169.00000 0.885499
20170.00000 0.885536
20171.00000 0.88577
20172.00000 0.886114
20173.00000 0.886015
20174.00000 0.886054
20175.00000 0.886339
20176.00000 0.88645
20177.00000 0.886669
20178.00000 0.886588
20179.00000 0.88677
20180.00000 0.886876
20181.00000 0.886918
20182.00000 0.887032
20183.00000 0.887135
20184.00000 0.887188
20185.00000 0.887309
20186.00000 0.887439
20187.00000 0.887713
20188.00000 0.887893
20189.00000 0.888
20190.00000 0.888229
20191.00000 0.888198
20192.00000 0.888473
20193.00000 0.88881
20194.00000 0.888901
20195.00000 0.889173
20196.00000 0.88918
20197.00000 0.889524
20198.00000 0.889844
20199.00000 0.889858
20200.00000 0.889939
20201.00000 0.89018
20202.00000 0.889986
20203.00000 0.89022
20204.00000 0.890684
20205.00000 0.890779
20206.00000 0.891062
20207.00000 0.891235
20208.00000 0.891402
20209.00000 0.89185
20210.00000 0.891923
20211.00000 0.892298
20212.00000 0.892343
20213.00000 0.892511
20214.00000 0.892695
20215.00000 0.893009
20216.00000 0.893185
20217.00000 0.893424
20218.00000 0.89364
20219.00000 0.893655
20220.00000 0.893884
20221.00000 0.894028
20222.00000 0.894257
20223.00000 0.894415
20224.00000 0.894625
20225.00000 0.894887
20226.00000 0.895183
20227.00000 0.89521
20228.00000 0.895583
20229.00000 0.895822
20230.00000 0.895927
20231.00000 0.896312
20232.00000 0.896403
20233.00000 0.896494
20234.00000 0.89686
20235.00000 0.896721
20236.00000 0.897171
20237.00000 0.897535
20238.00000 0.897674
20239.00000 0.897827
20240.00000 0.898207
20241.00000 0.898453
20242.00000 0.898609
20243.00000 0.898854
20244.00000 0.898947
20245.00000 0.899346
20246.00000 0.899303
20247.00000 0.899611
20248.00000 0.899791
20249.00000 0.899957
20250.00000 0.90008
20251.00000 0.900247
20252.00000 0.900285
20253.00000 0.900648
20254.00000 0.900786
20255.00000 0.900961
20256.00000 0.901158
20257.00000 0.901134
20258.00000 0.901582
20259.00000 0.901588
20260.00000 0.901681
20261.00000 0.901885
20262.00000 0.902184
20263.00000 0.902197
20264.00000 0.902334
20265.00000 0.902491
20266.00000 0.902574
20267.00000 0.902577
20268.00000 0.902489
20269.00000 0.902763
20270.00000 0.902826
20271.00000 0.90262
20272.00000 0.903031
20273.00000 0.903131
20274.00000 0.903165
20275.00000 0.903377
20276.00000 0.903284
20277.00000 0.903407
20278.00000 0.903243
20279.00000 0.903138
20280.00000 0.903186
20281.00000 0.903136
20282.00000 0.903
20283.00000 0.903106
20284.00000 0.902915
20285.00000 0.902932
20286.00000 0.902968
20287.00000 0.902912
20288.00000 0.902879
20289.00000 0.902592
20290.00000 0.902566
20291.00000 0.902505
20292.00000 0.902265
20293.00000 0.901877
20294.00000 0.901814
20295.00000 0.901525
20296.00000 0.90142
20297.00000 0.901153
20298.00000 0.901027
20299.00000 0.900831
20300.00000 0.900492
20301.00000 0.899986
20302.00000 0.899679
20303.00000 0.8995
20304.00000 0.89889
20305.00000 0.898587
20306.00000 0.898103
20307.00000 0.897535
20308.00000 0.897273
20309.00000 0.896834
20310.00000 0.896416
20311.00000 0.89605
20312.00000 0.895412
20313.00000 0.894824
20314.00000 0.894213
20315.00000 0.893564
20316.00000 0.892981
20317.00000 0.892221
20318.00000 0.89148
20319.00000 0.891029
20320.00000 0.890274
20321.00000 0.889655
20322.00000 0.888945
20323.00000 0.887958
20324.00000 0.887164
20325.00000 0.886298
20326.00000 0.885099
20327.00000 0.884341
20328.00000 0.883374
20329.00000 0.882346
20330.00000 0.881539
20331.00000 0.880158
20332.00000 0.879325
20333.00000 0.878314
20334.00000 0.877326
20335.00000 0.876199
20336.00000 0.874832
20337.00000 0.873659
20338.00000 0.872669
20339.00000 0.871165
20340.00000 0.869823
20341.00000 0.868361
20342.00000 0.867196
20343.00000 0.865835
20344.00000 0.864435
20345.00000 0.862639
20346.00000 0.861198
20347.00000 0.859457
20348.00000 0.857662
20349.00000 0.856017
20350.00000 0.854342
20351.00000 0.852655
20352.00000 0.851129
20353.00000 0.849276
20354.00000 0.847368
20355.00000 0.84564
20356.00000 0.843905
20357.00000 0.842106
20358.00000 0.839735
20359.00000 0.837738
20360.00000 0.8358
20361.00000 0.833965
20362.00000 0.831402
20363.00000 0.829191
20364.00000 0.827141
20365.00000 0.824911
20366.00000 0.822409
20367.00000 0.820101
20368.00000 0.817904
20369.00000 0.815686
20370.00000 0.812982
20371.00000 0.810392
20372.00000 0.807831
20373.00000 0.8055
20374.00000 0.803057
20375.00000 0.799919
20376.00000 0.797424
20377.00000 0.794915
20378.00000 0.792139
20379.00000 0.789169
20380.00000 0.786058
20381.00000 0.783413
20382.00000 0.780856
20383.00000 0.777525
20384.00000 0.774564
20385.00000 0.771597
20386.00000 0.768717
20387.00000 0.76591
20388.00000 0.762375
20389.00000 0.759149
20390.00000 0.75632
20391.00000 0.752978
20392.00000 0.74942
20393.00000 0.746027
20394.00000 0.742737
20395.00000 0.739694
20396.00000 0.735942
20397.00000 0.73191
20398.00000 0.728635
20399.00000 0.72557
20400.00000 0.721907
20401.00000 0.718242
20402.00000 0.71466
20403.00000 0.711477
20404.00000 0.707844
20405.00000 0.703633
20406.00000 0.699839
20407.00000 0.696739
20408.00000 0.692636
20409.00000 0.689115
20410.00000 0.684686
20411.00000 0.680855
20412.00000 0.677751
20413.00000 0.673466
20414.00000 0.668955
20415.00000 0.665334
20416.00000 0.66178
20417.00000 0.657644
20418.00000 0.653375
20419.00000 0.649497
20420.00000 0.645797
20421.00000 0.642174
20422.00000 0.637115
20423.00000 0.633265
20424.00000 0.629413
20425.00000 0.625192
20426.00000 0.621235
20427.00000 0.61648
20428.00000 0.612441
20429.00000 0.609037
20430.00000 0.604792
20431.00000 0.599943
20432.00000 0.596139
20433.00000 0.591905
20434.00000 0.58795
20435.00000 0.583239
20436.00000 0.579079
20437.00000 0.57494
20438.00000 0.571114
20439.00000 0.566166
20440.00000 0.562267
20441.00000 0.558499
20442.00000 0.554738
20443.00000 0.550383
20444.00000 0.545085
20445.00000 0.541175
20446.00000 0.537183
20447.00000 0.533123
20448.00000 0.528198
20449.00000 0.524111
20450.00000 0.520709
20451.00000 0.516553
20452.00000 0.512203
20453.00000 0.50732
20454.00000 0.503318
20455.00000 0.499693
20456.00000 0.495034
20457.00000 0.490634
20458.00000 0.486409
20459.00000 0.482731
20460.00000 0.478746
20461.00000 0.473807
20462.00000 0.469766
20463.00000 0.466096
20464.00000 0.462144
20465.00000 0.457497
20466.00000 0.453288
20467.00000 0.449655
20468.00000 0.445844
20469.00000 0.442048
20470.00000 0.437191
20471.00000 0.433374
20472.00000 0.430191
20473.00000 0.425974
20474.00000 0.421533
20475.00000 0.417619
20476.00000 0.413983
20477.00000 0.410504
20478.00000 0.405944
20479.00000 0.401756
20480.00000 0.398154
20481.00000 0.394787
20482.00000 0.390517
20483.00000 0.386596
20484.00000 0.383137
20485.00000 0.380262
20486.00000 0.37621
20487.00000 0.372137
20488.00000 0.368563
20489.00000 0.365191
20490.00000 0.36181
20491.00000 0.358098
20492.00000 0.354004
20493.00000 0.350861
20494.00000 0.347447
20495.00000 0.343625
20496.00000 0.339634
20497.00000 0.336577
20498.00000 0.333822
20499.00000 0.330024
20500.00000 0.326471
20501.00000 0.323164
20502.00000 0.320257
20503.00000 0.31728
20504.00000 0.313483
20505.00000 0.310368
20506.00000 0.307305
20507.00000 0.304273
20508.00000 0.301074
20509.00000 0.297748
20510.00000 0.294727
20511.00000 0.29189
20512.00000 0.288627
20513.00000 0.285446
20514.00000 0.282468
20515.00000 0.279606
20516.00000 0.27691
20517.00000 0.273818
20518.00000 0.270738
20519.00000 0.268371
20520.00000 0.265607
20521.00000 0.262717
20522.00000 0.25975
20523.00000 0.257216
20524.00000 0.254779
20525.00000 0.25199
20526.00000 0.249105
20527.00000 0.246316
20528.00000 0.243842
20529.00000 0.241345
20530.00000 0.238397
