threeML/data/optical_filters/Gemini/GSAOI-CH4long.ecsv
# %ECSV 0.9
# ---
# datatype:
# - {name: wavelength, unit: Angstrom, datatype: float32}
# - {name: response, datatype: float32}
# meta: !!omap
# - {band_name: CH4long}
# - {group_name: GSAOI}
wavelength response
14310.00000 0.0
15900.00000 0.000684
15905.00000 0.000734
15910.00000 0.000762
15915.00000 0.000797
15920.00000 0.000785
15925.00000 0.000895
15930.00000 0.000923
15935.00000 0.000958
15940.00000 0.001071
15945.00000 0.001125
15950.00000 0.001137
15955.00000 0.001209
15960.00000 0.001239
15965.00000 0.001325
15970.00000 0.001382
15975.00000 0.001443
15980.00000 0.001582
15985.00000 0.001613
15990.00000 0.001773
15995.00000 0.00183
16000.00000 0.001931
16005.00000 0.002044
16010.00000 0.002173
16015.00000 0.002253
16020.00000 0.002433
16025.00000 0.002611
16030.00000 0.002707
16035.00000 0.002946
16040.00000 0.003116
16045.00000 0.00336
16050.00000 0.003456
16055.00000 0.003713
16060.00000 0.003934
16065.00000 0.004159
16070.00000 0.004526
16075.00000 0.004797
16080.00000 0.005069
16085.00000 0.005399
16090.00000 0.005779
16095.00000 0.006142
16100.00000 0.006604
16105.00000 0.007045
16110.00000 0.007521
16115.00000 0.007931
16120.00000 0.008573
16125.00000 0.009124
16130.00000 0.009853
16135.00000 0.010634
16140.00000 0.011338
16145.00000 0.012077
16150.00000 0.012942
16155.00000 0.013853
16160.00000 0.014873
16165.00000 0.016124
16170.00000 0.017349
16175.00000 0.018687
16180.00000 0.019879
16185.00000 0.021398
16190.00000 0.023076
16195.00000 0.025093
16200.00000 0.027075
16205.00000 0.029143
16210.00000 0.031282
16215.00000 0.033631
16220.00000 0.036313
16225.00000 0.039466
16230.00000 0.042859
16235.00000 0.046248
16240.00000 0.04976
16245.00000 0.053411
16250.00000 0.057876
16255.00000 0.062858
16260.00000 0.068291
16265.00000 0.073863
16270.00000 0.079644
16275.00000 0.085714
16280.00000 0.092378
16285.00000 0.100577
16290.00000 0.109297
16295.00000 0.118268
16300.00000 0.127416
16305.00000 0.137104
16310.00000 0.147818
16315.00000 0.159475
16320.00000 0.173278
16325.00000 0.187523
16330.00000 0.201244
16335.00000 0.21577
16340.00000 0.231046
16345.00000 0.248344
16350.00000 0.267104
16355.00000 0.287797
16360.00000 0.30716
16365.00000 0.326306
16370.00000 0.346569
16375.00000 0.368602
16380.00000 0.391496
16385.00000 0.416539
16390.00000 0.441457
16395.00000 0.464297
16400.00000 0.486631
16405.00000 0.509915
16410.00000 0.535458
16415.00000 0.56017
16420.00000 0.58481
16425.00000 0.607253
16430.00000 0.628176
16435.00000 0.64853
16440.00000 0.669305
16445.00000 0.689788
16450.00000 0.710543
16455.00000 0.72891
16460.00000 0.74551
16465.00000 0.760728
16470.00000 0.774567
16475.00000 0.790394
16480.00000 0.805232
16485.00000 0.817612
16490.00000 0.828597
16495.00000 0.838383
16500.00000 0.847932
16505.00000 0.856969
16510.00000 0.865719
16515.00000 0.873503
16520.00000 0.880555
16525.00000 0.886452
16530.00000 0.891377
16535.00000 0.896648
16540.00000 0.902114
16545.00000 0.906631
16550.00000 0.910312
16555.00000 0.913916
16560.00000 0.91692
16565.00000 0.919466
16570.00000 0.922093
16575.00000 0.924674
16580.00000 0.926878
16585.00000 0.928452
16590.00000 0.93006
16595.00000 0.931383
16600.00000 0.932926
16605.00000 0.934336
16610.00000 0.93557
16615.00000 0.936171
16620.00000 0.93691
16625.00000 0.937388
16630.00000 0.938056
16635.00000 0.938612
16640.00000 0.939089
16645.00000 0.939336
16650.00000 0.939707
16655.00000 0.939989
16660.00000 0.94021
16665.00000 0.940276
16670.00000 0.940443
16675.00000 0.940678
16680.00000 0.940914
16685.00000 0.941137
16690.00000 0.941085
16695.00000 0.941116
16700.00000 0.941255
16705.00000 0.941417
16710.00000 0.941524
16715.00000 0.941748
16720.00000 0.941877
16725.00000 0.941997
16730.00000 0.942129
16735.00000 0.94256
16740.00000 0.942909
16745.00000 0.943065
16750.00000 0.943237
16755.00000 0.943799
16760.00000 0.943865
16765.00000 0.944397
16770.00000 0.944708
16775.00000 0.944865
16780.00000 0.945621
16785.00000 0.946044
16790.00000 0.946487
16795.00000 0.946746
16800.00000 0.947303
16805.00000 0.948103
16810.00000 0.948426
16815.00000 0.94923
16820.00000 0.949433
16825.00000 0.949654
16830.00000 0.950349
16835.00000 0.950869
16840.00000 0.951203
16845.00000 0.951306
16850.00000 0.951664
16855.00000 0.952088
16860.00000 0.952468
16865.00000 0.952613
16870.00000 0.952799
16875.00000 0.952753
16880.00000 0.953281
16885.00000 0.953408
16890.00000 0.953471
16895.00000 0.953323
16900.00000 0.953083
16905.00000 0.952988
16910.00000 0.95312
16915.00000 0.952797
16920.00000 0.952477
16925.00000 0.952651
16930.00000 0.952053
16935.00000 0.951878
16940.00000 0.951518
16945.00000 0.950987
16950.00000 0.950532
16955.00000 0.950057
16960.00000 0.94967
16965.00000 0.949485
16970.00000 0.948872
16975.00000 0.948402
16980.00000 0.948009
16985.00000 0.947412
16990.00000 0.94689
16995.00000 0.946373
17000.00000 0.946238
17005.00000 0.945689
17010.00000 0.945355
17015.00000 0.944982
17020.00000 0.944515
17025.00000 0.94402
17030.00000 0.944432
17035.00000 0.944323
17040.00000 0.944112
17045.00000 0.943866
17050.00000 0.943919
17055.00000 0.943772
17060.00000 0.944159
17065.00000 0.94419
17070.00000 0.94415
17075.00000 0.944631
17080.00000 0.94488
17085.00000 0.944904
17090.00000 0.94571
17095.00000 0.946246
17100.00000 0.94653
17105.00000 0.947389
17110.00000 0.948001
17115.00000 0.948564
17120.00000 0.94912
17125.00000 0.949728
17130.00000 0.950356
17135.00000 0.950636
17140.00000 0.951488
17145.00000 0.952076
17150.00000 0.952584
17155.00000 0.953142
17160.00000 0.953625
17165.00000 0.953967
17170.00000 0.954127
17175.00000 0.954367
17180.00000 0.954066
17185.00000 0.954107
17190.00000 0.953946
17195.00000 0.953386
17200.00000 0.952782
17205.00000 0.952346
17210.00000 0.951225
17215.00000 0.950228
17220.00000 0.94883
17225.00000 0.947358
17230.00000 0.945499
17235.00000 0.943273
17240.00000 0.941025
17245.00000 0.938382
17250.00000 0.935731
17255.00000 0.932911
17260.00000 0.929562
17265.00000 0.925995
17270.00000 0.921924
17275.00000 0.917838
17280.00000 0.913448
17285.00000 0.909404
17290.00000 0.904565
17295.00000 0.899226
17300.00000 0.89402
17305.00000 0.887731
17310.00000 0.881752
17315.00000 0.875959
17320.00000 0.869617
17325.00000 0.862786
17330.00000 0.855127
17335.00000 0.846787
17340.00000 0.838634
17345.00000 0.830276
17350.00000 0.822111
17355.00000 0.812854
17360.00000 0.80256
17365.00000 0.791572
17370.00000 0.780183
17375.00000 0.768585
17380.00000 0.756997
17385.00000 0.745178
17390.00000 0.731453
17395.00000 0.715711
17400.00000 0.699116
17405.00000 0.682475
17410.00000 0.665923
17415.00000 0.649694
17420.00000 0.631974
17425.00000 0.610808
17430.00000 0.589243
17435.00000 0.568292
17440.00000 0.546819
17445.00000 0.526237
17450.00000 0.504383
17455.00000 0.480842
17460.00000 0.456261
17465.00000 0.432914
17470.00000 0.409793
17475.00000 0.387666
17480.00000 0.366585
17485.00000 0.344053
17490.00000 0.321136
17495.00000 0.3002
17500.00000 0.280326
17505.00000 0.261345
17510.00000 0.24347
17515.00000 0.226542
17520.00000 0.209109
17525.00000 0.192312
17530.00000 0.177593
17535.00000 0.163713
17540.00000 0.151758
17545.00000 0.13971
17550.00000 0.128498
17555.00000 0.117656
17560.00000 0.108037
17565.00000 0.099235
17570.00000 0.091555
17575.00000 0.084392
17580.00000 0.077392
17585.00000 0.070957
17590.00000 0.065141
17595.00000 0.059854
17600.00000 0.055152
17605.00000 0.050839
17610.00000 0.046793
17615.00000 0.04288
17620.00000 0.03951
17625.00000 0.036268
17630.00000 0.033508
17635.00000 0.030994
17640.00000 0.028593
17645.00000 0.026376
17650.00000 0.024259
17655.00000 0.022388
17660.00000 0.020742
17665.00000 0.019106
17670.00000 0.017801
17675.00000 0.016512
17680.00000 0.015261
17685.00000 0.014127
17690.00000 0.013087
17695.00000 0.012231
17700.00000 0.01133
17705.00000 0.010524
17710.00000 0.009874
17715.00000 0.009091
17720.00000 0.008534
17725.00000 0.007901
17730.00000 0.007371
17735.00000 0.006868
17740.00000 0.006444
17745.00000 0.006058
17750.00000 0.005667
17755.00000 0.005293
17760.00000 0.004955
17765.00000 0.004653
17770.00000 0.004416
17775.00000 0.004099
17780.00000 0.00386
17785.00000 0.003608
17790.00000 0.003425
17795.00000 0.003204
17800.00000 0.003037
17805.00000 0.002868
17810.00000 0.002677
17815.00000 0.002489
17820.00000 0.00234
17825.00000 0.002272
17830.00000 0.002152
17835.00000 0.002028
17840.00000 0.001915
17845.00000 0.00182
17850.00000 0.001713
17855.00000 0.001571
17860.00000 0.001513
17865.00000 0.001481
17870.00000 0.001377
17875.00000 0.00132
17880.00000 0.001287
17885.00000 0.001198
17890.00000 0.001235
17895.00000 0.001071
17900.00000 0.000993
19690.00000 0.0
