threeML/data/optical_filters/Gemini/GSAOI-Kshort.ecsv
# %ECSV 0.9
# ---
# datatype:
# - {name: wavelength, unit: Angstrom, datatype: float32}
# - {name: response, datatype: float32}
# meta: !!omap
# - {band_name: Kshort}
# - {group_name: GSAOI}
wavelength response
16470.00000 0.0
18300.00000 0.000163
18302.50000 0.000185
18305.00000 0.00012
18307.50000 0.00015
18310.00000 0.000177
18312.50000 0.000166
18315.00000 0.000159
18317.50000 0.000126
18320.00000 0.000124
18322.50000 0.000116
18325.00000 0.000169
18327.50000 0.00016
18330.00000 0.000136
18332.50000 0.000165
18335.00000 0.000173
18337.50000 0.000183
18340.00000 0.0001
18342.50000 0.00021
18345.00000 0.000183
18347.50000 0.000185
18350.00000 0.000154
18352.50000 0.000145
18355.00000 0.000155
18357.50000 0.000118
18360.00000 0.000103
18362.50000 0.00015
18365.00000 0.000133
18367.50000 0.00019
18370.00000 0.000193
18372.50000 7.9e-05
18375.00000 0.000147
18377.50000 8.9e-05
18380.00000 0.00018
18382.50000 0.000154
18385.00000 0.000161
18387.50000 0.000164
18390.00000 0.000181
18392.50000 0.000175
18395.00000 0.000111
18397.50000 0.00012
18400.00000 0.00012
18402.50000 0.000135
18405.00000 0.000146
18407.50000 0.000135
18410.00000 0.000168
18412.50000 0.000215
18415.00000 0.000143
18417.50000 0.00016
18420.00000 0.000211
18422.50000 0.000163
18425.00000 0.000174
18427.50000 0.000178
18430.00000 0.000167
18432.50000 0.000152
18435.00000 0.000182
18437.50000 0.000151
18440.00000 0.000169
18442.50000 0.00018
18445.00000 0.000133
18447.50000 0.000103
18450.00000 0.00013
18452.50000 0.000198
18455.00000 0.000123
18457.50000 0.000228
18460.00000 0.000167
18462.50000 0.000194
18465.00000 0.00013
18467.50000 0.00017
18470.00000 0.000131
18472.50000 0.000124
18475.00000 0.000123
18477.50000 0.000108
18480.00000 0.00012
18482.50000 0.000154
18485.00000 0.000139
18487.50000 9.3e-05
18490.00000 0.000185
18492.50000 0.000137
18495.00000 0.000171
18497.50000 0.000195
18500.00000 0.000164
18502.50000 0.000198
18505.00000 0.000134
18507.50000 0.000123
18510.00000 0.000205
18512.50000 0.000171
18515.00000 0.000185
18517.50000 0.00017
18520.00000 0.000173
18522.50000 0.000157
18525.00000 9.7e-05
18527.50000 0.000137
18530.00000 0.000118
18532.50000 0.000125
18535.00000 0.000153
18537.50000 0.000136
18540.00000 0.000145
18542.50000 0.000134
18545.00000 0.000128
18547.50000 0.000175
18550.00000 0.000186
18552.50000 0.000108
18555.00000 0.000165
18557.50000 0.000161
18560.00000 0.000132
18562.50000 0.000104
18565.00000 0.000138
18567.50000 0.000205
18570.00000 0.000196
18572.50000 7.9e-05
18575.00000 0.000116
18577.50000 0.000139
18580.00000 0.00017
18582.50000 0.000201
18585.00000 0.000134
18587.50000 0.000145
18590.00000 0.000113
18592.50000 8.3e-05
18595.00000 3.1e-05
18597.50000 0.000146
18600.00000 0.000127
18602.50000 0.000114
18605.00000 0.000174
18607.50000 0.000108
18610.00000 0.000121
18612.50000 0.000126
18615.00000 0.000154
18617.50000 0.000161
18620.00000 0.000188
18622.50000 0.000139
18625.00000 0.00017
18627.50000 0.000124
18630.00000 0.000158
18632.50000 0.000148
18635.00000 0.00016
18637.50000 0.000186
18640.00000 0.000164
18642.50000 0.000105
18645.00000 0.000135
18647.50000 0.000101
18650.00000 0.000123
18652.50000 0.000205
18655.00000 0.000142
18657.50000 0.000152
18660.00000 0.000181
18662.50000 0.00015
18665.00000 7.2e-05
18667.50000 0.000104
18670.00000 0.00015
18672.50000 0.000144
18675.00000 0.000156
18677.50000 9.9e-05
18680.00000 0.000204
18682.50000 0.000174
18685.00000 0.000125
18687.50000 0.000162
18690.00000 0.000131
18692.50000 0.000169
18695.00000 0.000142
18697.50000 0.000149
18700.00000 7.8e-05
18702.50000 0.000116
18705.00000 0.00013
18707.50000 0.000136
18710.00000 0.00018
18712.50000 6.3e-05
18715.00000 0.000143
18717.50000 9.8e-05
18720.00000 0.000162
18722.50000 0.000254
18725.00000 0.000101
18727.50000 0.00017
18730.00000 0.000108
18732.50000 0.000173
18735.00000 0.000131
18737.50000 0.000157
18740.00000 0.000159
18742.50000 0.000128
18745.00000 0.000156
18747.50000 0.000131
18750.00000 0.000112
18752.50000 0.000169
18755.00000 0.000202
18757.50000 0.000179
18760.00000 0.000182
18762.50000 0.000248
18765.00000 0.000152
18767.50000 0.000132
18770.00000 0.000148
18772.50000 0.000155
18775.00000 0.000171
18777.50000 0.000157
18780.00000 0.000166
18782.50000 0.000163
18785.00000 0.000138
18787.50000 0.000109
18790.00000 0.000161
18792.50000 0.000192
18795.00000 0.000135
18797.50000 0.000172
18800.00000 0.000148
18802.50000 0.00012
18805.00000 0.000124
18807.50000 0.00014
18810.00000 0.000136
18812.50000 0.0001
18815.00000 0.000168
18817.50000 0.000168
18820.00000 0.000168
18822.50000 0.000201
18825.00000 0.000149
18827.50000 0.000171
18830.00000 0.000165
18832.50000 0.000179
18835.00000 9.4e-05
18837.50000 0.000137
18840.00000 0.000168
18842.50000 0.000239
18845.00000 0.000135
18847.50000 0.000136
18850.00000 0.000197
18852.50000 0.000165
18855.00000 0.00018
18857.50000 0.000144
18860.00000 0.000166
18862.50000 0.000137
18865.00000 0.000118
18867.50000 0.000178
18870.00000 0.000121
18872.50000 0.000189
18875.00000 0.000167
18877.50000 0.000223
18880.00000 0.000149
18882.50000 0.000185
18885.00000 0.000136
18887.50000 0.000171
18890.00000 0.000227
18892.50000 0.000155
18895.00000 0.000189
18897.50000 0.000139
18900.00000 0.000111
18902.50000 0.000116
18905.00000 0.000125
18907.50000 0.000193
18910.00000 0.000149
18912.50000 0.000213
18915.00000 0.000209
18917.50000 0.000181
18920.00000 0.000171
18922.50000 0.00011
18925.00000 0.000239
18927.50000 0.000177
18930.00000 0.000199
18932.50000 0.000186
18935.00000 0.000227
18937.50000 0.000175
18940.00000 0.000141
18942.50000 0.000165
18945.00000 0.000223
18947.50000 0.000185
18950.00000 0.000177
18952.50000 0.000177
18955.00000 0.000157
18957.50000 0.000192
18960.00000 0.000216
18962.50000 0.000208
18965.00000 0.000192
18967.50000 0.000141
18970.00000 0.000153
18972.50000 0.00011
18975.00000 0.000164
18977.50000 0.000246
18980.00000 0.000246
18982.50000 0.000191
18985.00000 0.000185
18987.50000 0.000189
18990.00000 0.000167
18992.50000 0.000229
18995.00000 0.000158
18997.50000 0.000203
19000.00000 0.000204
19002.50000 0.00025
19005.00000 0.000153
19007.50000 0.000169
19010.00000 0.000115
19012.50000 0.000193
19015.00000 0.000203
19017.50000 0.000216
19020.00000 0.000196
19022.50000 0.000157
19025.00000 0.000231
19027.50000 0.000169
19030.00000 0.00023
19032.50000 0.000237
19035.00000 0.000173
19037.50000 0.000189
19040.00000 0.000243
19042.50000 0.000217
19045.00000 0.00017
19047.50000 0.000196
19050.00000 0.000215
19052.50000 0.000216
19055.00000 0.000192
19057.50000 0.000154
19060.00000 0.000154
19062.50000 0.000231
19065.00000 0.000229
19067.50000 0.000182
19070.00000 0.000209
19072.50000 0.00024
19075.00000 0.000196
19077.50000 0.000249
19080.00000 0.000207
19082.50000 0.000189
19085.00000 0.000231
19087.50000 0.000213
19090.00000 0.000247
19092.50000 0.000216
19095.00000 0.000161
19097.50000 0.00021
19100.00000 0.000229
19102.50000 0.000224
19105.00000 0.000225
19107.50000 0.000165
19110.00000 0.000181
19112.50000 0.000264
19115.00000 0.000218
19117.50000 0.000226
19120.00000 0.000276
19122.50000 0.000229
19125.00000 0.000208
19127.50000 0.000204
19130.00000 0.000187
19132.50000 0.000268
19135.00000 0.000146
19137.50000 0.000235
19140.00000 0.000207
19142.50000 0.00023
19145.00000 0.000273
19147.50000 0.000245
19150.00000 0.00021
19152.50000 0.000215
19155.00000 0.000274
19157.50000 0.000324
19160.00000 0.000202
19162.50000 0.000263
19165.00000 0.000243
19167.50000 0.00025
19170.00000 0.000216
19172.50000 0.000267
19175.00000 0.000269
19177.50000 0.000322
19180.00000 0.000293
19182.50000 0.00029
19185.00000 0.000264
19187.50000 0.000279
19190.00000 0.00029
19192.50000 0.000274
19195.00000 0.000326
19197.50000 0.000281
19200.00000 0.000226
19202.50000 0.000263
19205.00000 0.00029
19207.50000 0.000292
19210.00000 0.000208
19212.50000 0.000276
19215.00000 0.00031
19217.50000 0.000356
19220.00000 0.000289
19222.50000 0.000312
19225.00000 0.000322
19227.50000 0.000282
19230.00000 0.000298
19232.50000 0.000292
19235.00000 0.00032
19237.50000 0.000375
19240.00000 0.000331
19242.50000 0.000283
19245.00000 0.00033
19247.50000 0.000344
19250.00000 0.000348
19252.50000 0.000348
19255.00000 0.000362
19257.50000 0.000379
19260.00000 0.000393
19262.50000 0.000419
19265.00000 0.000457
19267.50000 0.000392
19270.00000 0.000413
19272.50000 0.000376
19275.00000 0.000447
19277.50000 0.000403
19280.00000 0.000402
19282.50000 0.00048
19285.00000 0.000468
19287.50000 0.000422
19290.00000 0.000372
19292.50000 0.000452
19295.00000 0.000479
19297.50000 0.00052
19300.00000 0.000455
19302.50000 0.000452
19305.00000 0.000469
19307.50000 0.000527
19310.00000 0.00055
19312.50000 0.000511
19315.00000 0.000557
19317.50000 0.000521
19320.00000 0.000649
19322.50000 0.000532
19325.00000 0.000582
19327.50000 0.000649
19330.00000 0.000599
19332.50000 0.000584
19335.00000 0.00061
19337.50000 0.000632
19340.00000 0.000737
19342.50000 0.000664
19345.00000 0.000731
19347.50000 0.000757
19350.00000 0.000725
19352.50000 0.000737
19355.00000 0.000739
19357.50000 0.000745
19360.00000 0.000803
19362.50000 0.000769
19365.00000 0.000866
19367.50000 0.000861
19370.00000 0.000877
19372.50000 0.000874
19375.00000 0.000915
19377.50000 0.000921
19380.00000 0.000825
19382.50000 0.000949
19385.00000 0.000958
19387.50000 0.000964
19390.00000 0.000962
19392.50000 0.001029
19395.00000 0.001051
19397.50000 0.001104
19400.00000 0.001092
19402.50000 0.001088
19405.00000 0.00114
19407.50000 0.001149
19410.00000 0.001199
19412.50000 0.001243
19415.00000 0.001271
19417.50000 0.001383
19420.00000 0.001249
19422.50000 0.001379
19425.00000 0.001391
19427.50000 0.001372
19430.00000 0.001445
19432.50000 0.00144
19435.00000 0.001544
19437.50000 0.001537
19440.00000 0.001581
19442.50000 0.001574
19445.00000 0.001695
19447.50000 0.00172
19450.00000 0.001725
19452.50000 0.00178
19455.00000 0.001771
19457.50000 0.001885
19460.00000 0.00186
19462.50000 0.001915
19465.00000 0.002073
19467.50000 0.002024
19470.00000 0.002071
19472.50000 0.002054
19475.00000 0.002173
19477.50000 0.002228
19480.00000 0.002255
19482.50000 0.002301
19485.00000 0.002361
19487.50000 0.002444
19490.00000 0.002495
19492.50000 0.002525
19495.00000 0.002587
19497.50000 0.002706
19500.00000 0.002712
19502.50000 0.002829
19505.00000 0.00292
19507.50000 0.00289
19510.00000 0.002971
19512.50000 0.003025
19515.00000 0.003115
19517.50000 0.003147
19520.00000 0.003263
19522.50000 0.003363
19525.00000 0.003426
19527.50000 0.0035
19530.00000 0.003568
19532.50000 0.00367
19535.00000 0.003827
19537.50000 0.003838
19540.00000 0.003964
19542.50000 0.004032
19545.00000 0.004139
19547.50000 0.004234
19550.00000 0.004334
19552.50000 0.00444
19555.00000 0.004562
19557.50000 0.00473
19560.00000 0.004805
19562.50000 0.004912
19565.00000 0.005071
19567.50000 0.005172
19570.00000 0.005335
19572.50000 0.00547
19575.00000 0.005587
19577.50000 0.005762
19580.00000 0.005844
19582.50000 0.005983
19585.00000 0.006212
19587.50000 0.006355
19590.00000 0.006563
19592.50000 0.006716
19595.00000 0.006953
19597.50000 0.007108
19600.00000 0.007268
19602.50000 0.007497
19605.00000 0.00773
19607.50000 0.00802
19610.00000 0.008143
19612.50000 0.008409
19615.00000 0.00861
19617.50000 0.00888
19620.00000 0.009165
19622.50000 0.009468
19625.00000 0.009755
19627.50000 0.010029
19630.00000 0.010324
19632.50000 0.010552
19635.00000 0.011004
19637.50000 0.011303
19640.00000 0.011643
19642.50000 0.012049
19645.00000 0.012374
19647.50000 0.012808
19650.00000 0.013154
19652.50000 0.013585
19655.00000 0.014056
19657.50000 0.014449
19660.00000 0.015053
19662.50000 0.015428
19665.00000 0.015957
19667.50000 0.016477
19670.00000 0.01704
19672.50000 0.01765
19675.00000 0.018226
19677.50000 0.018839
19680.00000 0.019455
19682.50000 0.020126
19685.00000 0.020848
19687.50000 0.021462
19690.00000 0.022395
19692.50000 0.022892
19695.00000 0.023931
19697.50000 0.024629
19700.00000 0.02549
19702.50000 0.026608
19705.00000 0.027457
19707.50000 0.028467
19710.00000 0.029446
19712.50000 0.03055
19715.00000 0.031706
19717.50000 0.03273
19720.00000 0.034178
19722.50000 0.03538
19725.00000 0.036741
19727.50000 0.037964
19730.00000 0.039386
19732.50000 0.041023
19735.00000 0.042281
19737.50000 0.044185
19740.00000 0.045675
19742.50000 0.047538
19745.00000 0.049223
19747.50000 0.05098
19750.00000 0.053278
19752.50000 0.054894
19755.00000 0.057362
19757.50000 0.059273
19760.00000 0.061788
19762.50000 0.063948
19765.00000 0.066113
19767.50000 0.069334
19770.00000 0.071692
19772.50000 0.074734
19775.00000 0.077356
19777.50000 0.080443
19780.00000 0.083513
19782.50000 0.086408
19785.00000 0.090233
19787.50000 0.093263
19790.00000 0.09734
19792.50000 0.100837
19795.00000 0.104613
19797.50000 0.109103
19800.00000 0.112493
19802.50000 0.117241
19805.00000 0.121142
19807.50000 0.126429
19810.00000 0.13095
19812.50000 0.135437
19815.00000 0.141319
19817.50000 0.145515
19820.00000 0.151334
19822.50000 0.156564
19825.00000 0.162777
19827.50000 0.168211
19830.00000 0.173867
19832.50000 0.180755
19835.00000 0.18655
19837.50000 0.193794
19840.00000 0.200236
19842.50000 0.206987
19845.00000 0.214841
19847.50000 0.22131
19850.00000 0.229072
19852.50000 0.236123
19855.00000 0.244077
19857.50000 0.253006
19860.00000 0.260484
19862.50000 0.26928
19865.00000 0.276773
19867.50000 0.286195
19870.00000 0.294217
19872.50000 0.30317
19875.00000 0.313057
19877.50000 0.321293
19880.00000 0.332012
19882.50000 0.339554
19885.00000 0.350096
19887.50000 0.359086
19890.00000 0.368749
19892.50000 0.37937
19895.00000 0.387899
19897.50000 0.399769
19900.00000 0.408809
19902.50000 0.420023
19905.00000 0.42849
19907.50000 0.438586
19910.00000 0.450423
19912.50000 0.459577
19915.00000 0.471292
19917.50000 0.480836
19920.00000 0.492113
19922.50000 0.501675
19925.00000 0.511184
19927.50000 0.523614
19930.00000 0.532842
19932.50000 0.544392
19935.00000 0.554071
19937.50000 0.563993
19940.00000 0.575018
19942.50000 0.58479
19945.00000 0.596334
19947.50000 0.605565
19950.00000 0.616712
19952.50000 0.626202
19955.00000 0.635531
19957.50000 0.646728
19960.00000 0.655245
19962.50000 0.666662
19965.00000 0.675372
19967.50000 0.685291
19970.00000 0.694087
19972.50000 0.702659
19975.00000 0.71337
19977.50000 0.721072
19980.00000 0.730333
19982.50000 0.739903
19985.00000 0.747568
19987.50000 0.756318
19990.00000 0.763281
19992.50000 0.772195
19995.00000 0.781745
19997.50000 0.786921
20000.00000 0.794671
20002.50000 0.801182
20005.00000 0.809783
20007.50000 0.815408
20010.00000 0.823095
20012.50000 0.829202
20015.00000 0.835729
20017.50000 0.841718
20020.00000 0.847341
20022.50000 0.854447
20025.00000 0.859436
20027.50000 0.865371
20030.00000 0.869792
20032.50000 0.875053
20035.00000 0.880612
20037.50000 0.884329
20040.00000 0.889625
20042.50000 0.893184
20045.00000 0.898007
20047.50000 0.901155
20050.00000 0.904965
20052.50000 0.908949
20055.00000 0.911803
20057.50000 0.915582
20060.00000 0.918305
20062.50000 0.921121
20065.00000 0.92349
20067.50000 0.925882
20070.00000 0.928643
20072.50000 0.930384
20075.00000 0.93282
20077.50000 0.934539
20080.00000 0.936612
20082.50000 0.938227
20085.00000 0.939618
20087.50000 0.941118
20090.00000 0.942307
20092.50000 0.943627
20095.00000 0.944535
20097.50000 0.945417
20100.00000 0.946424
20102.50000 0.946999
20105.00000 0.947833
20107.50000 0.94842
20110.00000 0.949089
20112.50000 0.949613
20115.00000 0.949819
20117.50000 0.95022
20120.00000 0.950683
20122.50000 0.950936
20125.00000 0.950953
20127.50000 0.950947
20130.00000 0.951287
20132.50000 0.950897
20135.00000 0.951212
20137.50000 0.951165
20140.00000 0.951244
20142.50000 0.951414
20145.00000 0.951215
20147.50000 0.951161
20150.00000 0.951067
20152.50000 0.950927
20155.00000 0.950858
20157.50000 0.950556
20160.00000 0.950681
20162.50000 0.950477
20165.00000 0.950184
20167.50000 0.950312
20170.00000 0.949985
20172.50000 0.950213
20175.00000 0.950075
20177.50000 0.950048
20180.00000 0.950091
20182.50000 0.949972
20185.00000 0.950106
20187.50000 0.949734
20190.00000 0.949969
20192.50000 0.950056
20195.00000 0.950028
20197.50000 0.95017
20200.00000 0.950319
20202.50000 0.950513
20205.00000 0.950683
20207.50000 0.95104
20210.00000 0.951134
20212.50000 0.951466
