threeML/data/optical_filters/Gemini/GSAOI-Klong_cont.ecsv
# %ECSV 0.9
# ---
# datatype:
# - {name: wavelength, unit: Angstrom, datatype: float32}
# - {name: response, datatype: float32}
# meta: !!omap
# - {band_name: Klong_cont}
# - {group_name: GSAOI}
wavelength response
19935.00000 0.0
22150.00000 0.000116
22152.00000 7.1e-05
22154.00000 0.000139
22156.00000 0.000191
22158.00000 0.000112
22160.00000 4.5e-05
22162.00000 0.000185
22164.00000 8.6e-05
22166.00000 0.000106
22168.00000 2.7e-05
22170.00000 0.000139
22172.00000 0.000164
22174.00000 9.1e-05
22176.00000 0.000112
22178.00000 5.2e-05
22180.00000 7.3e-05
22182.00000 0.000132
22184.00000 7.9e-05
22186.00000 0.000178
22188.00000 4e-05
22190.00000 0.000192
22192.00000 0.000171
22194.00000 0.000171
22196.00000 0.000191
22198.00000 0.000125
22200.00000 8.6e-05
22202.00000 0.000213
22204.00000 0.000176
22206.00000 0.000286
22208.00000 0.000185
22210.00000 0.000166
22212.00000 0.000205
22214.00000 0.000122
22216.00000 0.000118
22218.00000 0.000334
22220.00000 0.000223
22222.00000 0.00017
22224.00000 0.000203
22226.00000 0.000218
22228.00000 0.000251
22230.00000 0.000245
22232.00000 0.000197
22234.00000 0.000173
22236.00000 0.000357
22238.00000 0.000184
22240.00000 0.000257
22242.00000 0.000251
22244.00000 0.000271
22246.00000 0.000324
22248.00000 0.000303
22250.00000 0.000349
22252.00000 0.000244
22254.00000 0.00029
22256.00000 0.000276
22258.00000 0.00027
22260.00000 0.000334
22262.00000 0.00031
22264.00000 0.000363
22266.00000 0.000403
22268.00000 0.000321
22270.00000 0.000376
22272.00000 0.00036
22274.00000 0.000255
22276.00000 0.000276
22278.00000 0.000468
22280.00000 0.000278
22282.00000 0.000503
22284.00000 0.000363
22286.00000 0.000494
22288.00000 0.000481
22290.00000 0.000478
22292.00000 0.000426
22294.00000 0.000515
22296.00000 0.000459
22298.00000 0.000509
22300.00000 0.000527
22302.00000 0.000423
22304.00000 0.000621
22306.00000 0.000614
22308.00000 0.000603
22310.00000 0.000635
22312.00000 0.000581
22314.00000 0.00068
22316.00000 0.000639
22318.00000 0.000735
22320.00000 0.000799
22322.00000 0.000622
22324.00000 0.000838
22326.00000 0.000806
22328.00000 0.000746
22330.00000 0.000953
22332.00000 0.000819
22334.00000 0.000958
22336.00000 0.000933
22338.00000 0.000865
22340.00000 0.000999
22342.00000 0.001018
22344.00000 0.00102
22346.00000 0.001189
22348.00000 0.001138
22350.00000 0.001155
22352.00000 0.001184
22354.00000 0.001292
22356.00000 0.001301
22358.00000 0.001299
22360.00000 0.001396
22362.00000 0.001318
22364.00000 0.001501
22366.00000 0.00153
22368.00000 0.001533
22370.00000 0.00167
22372.00000 0.00171
22374.00000 0.001767
22376.00000 0.001899
22378.00000 0.001982
22380.00000 0.001955
22382.00000 0.002037
22384.00000 0.002364
22386.00000 0.002151
22388.00000 0.002297
22390.00000 0.002415
22392.00000 0.002594
22394.00000 0.00271
22396.00000 0.00279
22398.00000 0.002772
22400.00000 0.003058
22402.00000 0.00315
22404.00000 0.003321
22406.00000 0.003431
22408.00000 0.003544
22410.00000 0.003808
22412.00000 0.00375
22414.00000 0.004106
22416.00000 0.004236
22418.00000 0.004452
22420.00000 0.004576
22422.00000 0.004747
22424.00000 0.004984
22426.00000 0.00522
22428.00000 0.005397
22430.00000 0.005835
22432.00000 0.005891
22434.00000 0.006287
22436.00000 0.006649
22438.00000 0.006802
22440.00000 0.007079
22442.00000 0.00752
22444.00000 0.007826
22446.00000 0.008243
22448.00000 0.00871
22450.00000 0.008911
22452.00000 0.009541
22454.00000 0.009739
22456.00000 0.010554
22458.00000 0.010851
22460.00000 0.011465
22462.00000 0.011945
22464.00000 0.012536
22466.00000 0.013188
22468.00000 0.013901
22470.00000 0.014545
22472.00000 0.015252
22474.00000 0.016075
22476.00000 0.016731
22478.00000 0.017759
22480.00000 0.018431
22482.00000 0.019699
22484.00000 0.020397
22486.00000 0.021694
22488.00000 0.022827
22490.00000 0.023816
22492.00000 0.025276
22494.00000 0.026606
22496.00000 0.028023
22498.00000 0.029208
22500.00000 0.0309
22502.00000 0.032289
22504.00000 0.034225
22506.00000 0.035579
22508.00000 0.038079
22510.00000 0.039641
22512.00000 0.042176
22514.00000 0.044075
22516.00000 0.046544
22518.00000 0.048906
22520.00000 0.051583
22522.00000 0.054585
22524.00000 0.057109
22526.00000 0.060157
22528.00000 0.063009
22530.00000 0.066975
22532.00000 0.069594
22534.00000 0.074391
22536.00000 0.076975
22538.00000 0.08205
22540.00000 0.085441
22542.00000 0.090975
22544.00000 0.095312
22546.00000 0.100006
22548.00000 0.105713
22550.00000 0.110482
22552.00000 0.116728
22554.00000 0.121527
22556.00000 0.128558
22558.00000 0.133792
22560.00000 0.141782
22562.00000 0.146798
22564.00000 0.156093
22566.00000 0.161785
22568.00000 0.171658
22570.00000 0.178539
22572.00000 0.187569
22574.00000 0.195921
22576.00000 0.20423
22578.00000 0.214033
22580.00000 0.221945
22582.00000 0.233574
22584.00000 0.241231
22586.00000 0.254004
22588.00000 0.262021
22590.00000 0.276474
22592.00000 0.28464
22594.00000 0.29938
22596.00000 0.309531
22598.00000 0.323523
22600.00000 0.33447
22602.00000 0.347606
22604.00000 0.359798
22606.00000 0.372616
22608.00000 0.385701
22610.00000 0.396789
22612.00000 0.412285
22614.00000 0.423051
22616.00000 0.438689
22618.00000 0.449711
22620.00000 0.465525
22622.00000 0.475753
22624.00000 0.491932
22626.00000 0.503685
22628.00000 0.515634
22630.00000 0.528991
22632.00000 0.540186
22634.00000 0.55333
22636.00000 0.562904
22638.00000 0.5769
22640.00000 0.585383
22642.00000 0.599796
22644.00000 0.607318
22646.00000 0.620944
22648.00000 0.629603
22650.00000 0.640742
22652.00000 0.649673
22654.00000 0.659691
22656.00000 0.668225
22658.00000 0.676507
22660.00000 0.685078
22662.00000 0.691307
22664.00000 0.700256
22666.00000 0.705948
22668.00000 0.714298
22670.00000 0.718898
22672.00000 0.726864
22674.00000 0.73127
22676.00000 0.737501
22678.00000 0.741922
22680.00000 0.746802
22682.00000 0.7512
22684.00000 0.754936
22686.00000 0.759058
22688.00000 0.761892
22690.00000 0.765812
22692.00000 0.768354
22694.00000 0.771383
22696.00000 0.773553
22698.00000 0.776118
22700.00000 0.777747
22702.00000 0.780075
22704.00000 0.781223
22706.00000 0.782871
22708.00000 0.784425
22710.00000 0.785489
22712.00000 0.786514
22714.00000 0.787793
22716.00000 0.788285
22718.00000 0.788985
22720.00000 0.789912
22722.00000 0.78983
22724.00000 0.790387
22726.00000 0.790543
22728.00000 0.790831
22730.00000 0.791045
22732.00000 0.791196
22734.00000 0.79115
22736.00000 0.791217
22738.00000 0.791189
22740.00000 0.791256
22742.00000 0.791089
22744.00000 0.790731
22746.00000 0.790336
22748.00000 0.790081
22750.00000 0.789927
22752.00000 0.789602
22754.00000 0.789081
22756.00000 0.788866
22758.00000 0.78837
22760.00000 0.787905
22762.00000 0.787798
22764.00000 0.787286
22766.00000 0.786735
22768.00000 0.786578
22770.00000 0.785669
22772.00000 0.78481
22774.00000 0.785145
22776.00000 0.784259
22778.00000 0.783775
22780.00000 0.783513
22782.00000 0.783118
22784.00000 0.782417
22786.00000 0.782211
22788.00000 0.781536
22790.00000 0.781123
22792.00000 0.781014
22794.00000 0.780376
22796.00000 0.780168
22798.00000 0.780042
22800.00000 0.779631
22802.00000 0.779024
22804.00000 0.779206
22806.00000 0.779212
22808.00000 0.778918
22810.00000 0.779058
22812.00000 0.778886
22814.00000 0.778857
22816.00000 0.779132
22818.00000 0.77949
22820.00000 0.779376
22822.00000 0.779807
22824.00000 0.780178
22826.00000 0.780347
22828.00000 0.780706
22830.00000 0.78125
22832.00000 0.781939
22834.00000 0.782592
22836.00000 0.783271
22838.00000 0.78366
22840.00000 0.784699
22842.00000 0.785189
22844.00000 0.785664
22846.00000 0.786556
22848.00000 0.787264
22850.00000 0.787409
22852.00000 0.788073
22854.00000 0.788305
22856.00000 0.788321
22858.00000 0.788513
22860.00000 0.788336
22862.00000 0.787813
22864.00000 0.787412
22866.00000 0.786215
22868.00000 0.785015
22870.00000 0.783305
22872.00000 0.781251
22874.00000 0.778905
22876.00000 0.775663
22878.00000 0.771817
22880.00000 0.767696
22882.00000 0.763156
22884.00000 0.757061
22886.00000 0.751276
22888.00000 0.744021
22890.00000 0.737088
22892.00000 0.727475
22894.00000 0.718794
22896.00000 0.707481
22898.00000 0.696541
22900.00000 0.684421
22902.00000 0.671379
22904.00000 0.657861
22906.00000 0.643791
22908.00000 0.630219
22910.00000 0.613023
22912.00000 0.599737
22914.00000 0.578994
22916.00000 0.56407
22918.00000 0.543334
22920.00000 0.52805
22922.00000 0.506362
22924.00000 0.489194
22926.00000 0.469517
22928.00000 0.450003
22930.00000 0.43258
22932.00000 0.412317
22934.00000 0.395568
22936.00000 0.375804
22938.00000 0.361054
22940.00000 0.339784
22942.00000 0.327299
22944.00000 0.30695
22946.00000 0.293444
22948.00000 0.275268
22950.00000 0.261948
22952.00000 0.246029
22954.00000 0.232857
22956.00000 0.219724
22958.00000 0.206949
22960.00000 0.196837
22962.00000 0.184738
22964.00000 0.17628
22966.00000 0.163541
22968.00000 0.156512
22970.00000 0.145145
22972.00000 0.13879
22974.00000 0.129046
22976.00000 0.122503
22978.00000 0.115087
22980.00000 0.108248
22982.00000 0.102143
22984.00000 0.09568
22986.00000 0.091362
22988.00000 0.085455
22990.00000 0.081719
22992.00000 0.076315
22994.00000 0.072946
22996.00000 0.068008
22998.00000 0.065469
23000.00000 0.060954
23002.00000 0.058037
23004.00000 0.054612
23006.00000 0.051937
23008.00000 0.048966
23010.00000 0.046262
23012.00000 0.044174
23014.00000 0.041736
23016.00000 0.040174
23018.00000 0.037778
23020.00000 0.036315
23022.00000 0.034001
23024.00000 0.032861
23026.00000 0.030891
23028.00000 0.02969
23030.00000 0.028
23032.00000 0.026805
23034.00000 0.025407
23036.00000 0.024346
23038.00000 0.023197
23040.00000 0.022047
23042.00000 0.021239
23044.00000 0.020287
23046.00000 0.019488
23048.00000 0.018449
23050.00000 0.017853
23052.00000 0.016893
23054.00000 0.016443
23056.00000 0.015562
23058.00000 0.014933
23060.00000 0.014209
23062.00000 0.013662
23064.00000 0.01307
23066.00000 0.012613
23068.00000 0.012173
23070.00000 0.01161
23072.00000 0.01132
23074.00000 0.010859
23076.00000 0.010434
23078.00000 0.009862
23080.00000 0.009587
23082.00000 0.009325
23084.00000 0.008957
23086.00000 0.008576
23088.00000 0.00833
23090.00000 0.008014
23092.00000 0.007581
23094.00000 0.007612
23096.00000 0.007383
23098.00000 0.006915
23100.00000 0.006737
23102.00000 0.006599
23104.00000 0.006424
23106.00000 0.0061
23108.00000 0.00582
23110.00000 0.005636
23112.00000 0.005547
23114.00000 0.005312
23116.00000 0.005264
23118.00000 0.005012
23120.00000 0.004864
23122.00000 0.00472
23124.00000 0.004536
23126.00000 0.00443
23128.00000 0.004309
23130.00000 0.004166
23132.00000 0.004026
23134.00000 0.00398
23136.00000 0.003913
23138.00000 0.003799
23140.00000 0.003557
23142.00000 0.003448
23144.00000 0.003289
23146.00000 0.003393
23148.00000 0.003198
23150.00000 0.003043
23152.00000 0.003031
23154.00000 0.003096
23156.00000 0.002907
23158.00000 0.002848
23160.00000 0.002808
23162.00000 0.002668
23164.00000 0.002682
23166.00000 0.00265
23168.00000 0.002462
23170.00000 0.002473
23172.00000 0.002415
23174.00000 0.00222
23176.00000 0.002311
23178.00000 0.002085
23180.00000 0.002139
23182.00000 0.002084
23184.00000 0.002054
23186.00000 0.00199
23188.00000 0.002001
23190.00000 0.001894
23192.00000 0.001869
23194.00000 0.001797
23196.00000 0.001794
23198.00000 0.001807
23200.00000 0.001645
23202.00000 0.001753
23204.00000 0.00175
23206.00000 0.001688
23208.00000 0.001585
23210.00000 0.001609
23212.00000 0.001447
23214.00000 0.001431
23216.00000 0.001464
23218.00000 0.00136
23220.00000 0.001417
23222.00000 0.00146
23224.00000 0.00133
23226.00000 0.001276
23228.00000 0.001301
23230.00000 0.001232
23232.00000 0.001166
23234.00000 0.001102
23236.00000 0.00125
23238.00000 0.001123
23240.00000 0.001129
23242.00000 0.001197
23244.00000 0.001084
23246.00000 0.001049
23248.00000 0.00108
23250.00000 0.000973
23252.00000 0.001048
23254.00000 0.000889
23256.00000 0.000976
23258.00000 0.001015
23260.00000 0.000932
23262.00000 0.000898
23264.00000 0.000835
23266.00000 0.000912
23268.00000 0.00073
23270.00000 0.000838
23272.00000 0.000811
23274.00000 0.000837
23276.00000 0.000687
23278.00000 0.000815
23280.00000 0.00072
23282.00000 0.00068
23284.00000 0.000701
23286.00000 0.000629
23288.00000 0.000771
23290.00000 0.000632
23292.00000 0.000695
23294.00000 0.000754
23296.00000 0.000621
23298.00000 0.000731
23300.00000 0.000697
23302.00000 0.000714
23304.00000 0.000511
23306.00000 0.000558
23308.00000 0.000533
23310.00000 0.000491
23312.00000 0.000622
23314.00000 0.000531
23316.00000 0.000422
23318.00000 0.000472
23320.00000 0.000413
23322.00000 0.000492
23324.00000 0.000435
23326.00000 0.000356
23328.00000 0.00035
23330.00000 0.000344
23332.00000 0.000545
23334.00000 0.000486
23336.00000 0.000389
23338.00000 0.000421
23340.00000 0.000324
23342.00000 0.000408
23344.00000 0.000291
23346.00000 0.000291
23348.00000 0.000311
23350.00000 0.000427
23352.00000 0.000336
23354.00000 0.000408
23356.00000 0.000427
23358.00000 0.000233
23360.00000 0.000291
23362.00000 0.000304
23364.00000 0.000311
23366.00000 0.000362
23368.00000 0.000324
23370.00000 0.000246
23372.00000 0.000259
23374.00000 0.000181
23376.00000 0.000252
23378.00000 0.000285
23380.00000 0.000155
23382.00000 0.000259
23384.00000 0.00013
23386.00000 0.00024
23388.00000 0.000233
23390.00000 0.000279
23392.00000 0.000149
23394.00000 6.5e-05
23396.00000 0.000214
23398.00000 0.000214
23400.00000 0.000362
23402.00000 0.000168
23404.00000 0.000246
23406.00000 0.000149
23408.00000 9.7e-05
23410.00000 0.000252
23412.00000 0.000188
23414.00000 0.000213
23416.00000 0.000175
23418.00000 7.7e-05
23420.00000 4.6e-05
23422.00000 0.000103
23424.00000 0.000137
23426.00000 5.1e-05
23428.00000 5.8e-05
23430.00000 7e-06
23432.00000 0.000149
23434.00000 0.000175
23436.00000 0.000244
23438.00000 0.000116
23440.00000 5.8e-05
23442.00000 3.3e-05
23444.00000 7.8e-05
23446.00000 0.000124
23448.00000 0.000155
23450.00000 0.000213
23452.00000 0.000146
23454.00000 0.000163
23456.00000 5.5e-05
23458.00000 0.00017
23460.00000 5.2e-05
23462.00000 0.000106
23464.00000 0.0
23466.00000 5.5e-05
23468.00000 2.1e-05
23470.00000 3.7e-05
23472.00000 9.1e-05
23474.00000 7.2e-05
23476.00000 5.3e-05
23478.00000 7.5e-05
25825.80078 0.0
