threeML/data/optical_filters/Gemini/GSAOI-Kprime.ecsv
# %ECSV 0.9
# ---
# datatype:
# - {name: wavelength, unit: Angstrom, datatype: float32}
# - {name: response, datatype: float32}
# meta: !!omap
# - {band_name: Kprime}
# - {group_name: GSAOI}
wavelength response
[from data line 768]
20557.50000 0.923658
20560.00000 0.924051
20562.50000 0.924333
20565.00000 0.924929
20567.50000 0.925301
20570.00000 0.925724
20572.50000 0.926248
20575.00000 0.926822
20577.50000 0.927367
20580.00000 0.927845
20582.50000 0.928436
20585.00000 0.928956
20587.50000 0.929369
20590.00000 0.930184
20592.50000 0.930662
20595.00000 0.931577
20597.50000 0.932028
20600.00000 0.932565
20602.50000 0.933213
20605.00000 0.93361
20607.50000 0.934374
20610.00000 0.934981
20612.50000 0.935767
20615.00000 0.936503
20617.50000 0.937172
20620.00000 0.937836
20622.50000 0.938478
20625.00000 0.939109
20627.50000 0.93974
20630.00000 0.940439
20632.50000 0.941051
20635.00000 0.941942
20637.50000 0.942264
20640.00000 0.943178
20642.50000 0.943744
20645.00000 0.944917
20647.50000 0.945095
20650.00000 0.94606
20652.50000 0.94656
20655.00000 0.947494
20657.50000 0.94816
20660.00000 0.948896
20662.50000 0.949465
20665.00000 0.950471
20667.50000 0.951096
20670.00000 0.951508
20672.50000 0.952237
20675.00000 0.953147
20677.50000 0.953527
20680.00000 0.95434
20682.50000 0.954812
20685.00000 0.955714
20687.50000 0.956206
20690.00000 0.956929
20692.50000 0.957423
20695.00000 0.958072
20697.50000 0.958707
20700.00000 0.95939
20702.50000 0.959808
20705.00000 0.960478
20707.50000 0.960557
20710.00000 0.96136
20712.50000 0.961868
20715.00000 0.962549
20717.50000 0.962761
20720.00000 0.963114
20722.50000 0.963736
20725.00000 0.963928
20727.50000 0.964545
20730.00000 0.9651
20732.50000 0.965364
20735.00000 0.965699
20737.50000 0.966439
20740.00000 0.966536
20742.50000 0.966862
20745.00000 0.967309
20747.50000 0.967403
20750.00000 0.967835
20752.50000 0.968211
20755.00000 0.968415
20757.50000 0.968651
20760.00000 0.968974
20762.50000 0.969149
20765.00000 0.969328
20767.50000 0.969863
20770.00000 0.969935
20772.50000 0.970255
20775.00000 0.97036
20777.50000 0.970534
20780.00000 0.970651
20782.50000 0.970842
20785.00000 0.970879
20787.50000 0.971149
20790.00000 0.971199
20792.50000 0.971227
20795.00000 0.971291
20797.50000 0.97161
20800.00000 0.971625
20802.50000 0.971694
20805.00000 0.971432
20807.50000 0.971643
20810.00000 0.971797
20812.50000 0.971761
20815.00000 0.971814
20817.50000 0.971747
20820.00000 0.971974
20822.50000 0.971791
20825.00000 0.971651
20827.50000 0.97174
20830.00000 0.97185
20832.50000 0.97176
20835.00000 0.971628
20837.50000 0.971684
20840.00000 0.971538
20842.50000 0.971642
20845.00000 0.971517
20847.50000 0.971356
20850.00000 0.971221
20852.50000 0.971302
20855.00000 0.971275
20857.50000 0.971086
20860.00000 0.971067
20862.50000 0.970933
20865.00000 0.971073
20867.50000 0.970741
20870.00000 0.970533
20872.50000 0.97071
20875.00000 0.970528
20877.50000 0.970399
20880.00000 0.970506
20882.50000 0.970313
20885.00000 0.970194
20887.50000 0.969829
20890.00000 0.970112
20892.50000 0.969926
20895.00000 0.970006
20897.50000 0.969536
20900.00000 0.969431
20902.50000 0.969557
20905.00000 0.96929
20907.50000 0.969245
20910.00000 0.969113
20912.50000 0.968981
20915.00000 0.968722
20917.50000 0.968831
20920.00000 0.968821
20922.50000 0.968644
20925.00000 0.968699
20927.50000 0.968426
20930.00000 0.968305
20932.50000 0.968057
20935.00000 0.968119
20937.50000 0.967979
20940.00000 0.968018
20942.50000 0.967743
20945.00000 0.967744
20947.50000 0.96758
20950.00000 0.967487
20952.50000 0.967256
20955.00000 0.967087
20957.50000 0.967053
20960.00000 0.967037
20962.50000 0.966745
20965.00000 0.966835
20967.50000 0.96654
20970.00000 0.966319
20972.50000 0.966455
20975.00000 0.96611
20977.50000 0.965957
20980.00000 0.966023
20982.50000 0.965694
20985.00000 0.965519
20987.50000 0.965474
20990.00000 0.965225
20992.50000 0.965154
20995.00000 0.964965
20997.50000 0.964762
21000.00000 0.964592
21002.50000 0.9646
21005.00000 0.964155
21007.50000 0.964058
21010.00000 0.964217
21012.50000 0.963752
21015.00000 0.963394
21017.50000 0.963109
21020.00000 0.963069
21022.50000 0.96282
21025.00000 0.962535
21027.50000 0.962189
21030.00000 0.962092
21032.50000 0.961899
21035.00000 0.961744
21037.50000 0.961243
21040.00000 0.961312
21042.50000 0.96111
21045.00000 0.960963
21047.50000 0.960529
21050.00000 0.960062
21052.50000 0.959905
21055.00000 0.959737
21057.50000 0.959412
21060.00000 0.959274
21062.50000 0.958974
21065.00000 0.958711
21067.50000 0.95826
21070.00000 0.957901
21072.50000 0.957777
21075.00000 0.95736
21077.50000 0.957043
21080.00000 0.956764
21082.50000 0.956332
21085.00000 0.95619
21087.50000 0.955635
21090.00000 0.955553
21092.50000 0.955132
21095.00000 0.95474
21097.50000 0.954456
21100.00000 0.954016
21102.50000 0.953668
21105.00000 0.953404
21107.50000 0.952978
21110.00000 0.952685
21112.50000 0.952299
21115.00000 0.951945
21117.50000 0.95148
21120.00000 0.951181
21122.50000 0.950845
21125.00000 0.950456
21127.50000 0.950138
21130.00000 0.949893
21132.50000 0.949595
21135.00000 0.949217
21137.50000 0.948779
21140.00000 0.948289
21142.50000 0.948149
21145.00000 0.947985
21147.50000 0.947558
21150.00000 0.947082
21152.50000 0.94697
21155.00000 0.946417
21157.50000 0.946406
21160.00000 0.945974
21162.50000 0.945693
21165.00000 0.945349
21167.50000 0.945325
21170.00000 0.944775
21172.50000 0.944445
21175.00000 0.944364
21177.50000 0.943952
21180.00000 0.94393
21182.50000 0.943503
21185.00000 0.943312
21187.50000 0.943315
21190.00000 0.942874
21192.50000 0.942595
21195.00000 0.942552
21197.50000 0.942321
21200.00000 0.942235
21202.50000 0.942004
21205.00000 0.941894
21207.50000 0.941813
21210.00000 0.941806
21212.50000 0.941538
21215.00000 0.941511
21217.50000 0.941538
21220.00000 0.941321
21222.50000 0.941338
21225.00000 0.941434
21227.50000 0.941312
21230.00000 0.941264
21232.50000 0.941355
21235.00000 0.941334
21237.50000 0.941234
21240.00000 0.941384
21242.50000 0.941464
21245.00000 0.941677
21247.50000 0.941516
21250.00000 0.941668
21252.50000 0.941814
21255.00000 0.941882
21257.50000 0.941938
21260.00000 0.941978
21262.50000 0.942407
21265.00000 0.942723
21267.50000 0.942544
21270.00000 0.942758
21272.50000 0.942922
21275.00000 0.943259
21277.50000 0.943515
21280.00000 0.943703
21282.50000 0.944126
21285.00000 0.944323
21287.50000 0.94463
21290.00000 0.945057
21292.50000 0.945284
21295.00000 0.945548
21297.50000 0.945992
21300.00000 0.946285
21302.50000 0.946815
21305.00000 0.946921
21307.50000 0.947377
21310.00000 0.94782
21312.50000 0.948088
21315.00000 0.948593
21317.50000 0.948927
21320.00000 0.949433
21322.50000 0.949913
21325.00000 0.950236
21327.50000 0.950797
21330.00000 0.951303
21332.50000 0.951623
21335.00000 0.952176
21337.50000 0.952769
21340.00000 0.953149
21342.50000 0.953641
21345.00000 0.954247
21347.50000 0.954698
21350.00000 0.955106
21352.50000 0.955731
21355.00000 0.956229
21357.50000 0.956691
21360.00000 0.957082
21362.50000 0.957986
21365.00000 0.9582
21367.50000 0.958913
21370.00000 0.959323
21372.50000 0.959965
21375.00000 0.960408
21377.50000 0.96088
21380.00000 0.961342
21382.50000 0.962038
21385.00000 0.962489
21387.50000 0.963052
21390.00000 0.963281
21392.50000 0.963965
21395.00000 0.964482
21397.50000 0.964982
21400.00000 0.965414
21402.50000 0.965882
21405.00000 0.966601
21407.50000 0.966898
21410.00000 0.967283
21412.50000 0.96773
21415.00000 0.968379
21417.50000 0.9684
21420.00000 0.969224
21422.50000 0.969425
21425.00000 0.969931
21427.50000 0.970151
21430.00000 0.970564
21432.50000 0.971157
21435.00000 0.9713
21437.50000 0.971855
21440.00000 0.972095
21442.50000 0.972452
21445.00000 0.972841
21447.50000 0.973157
21450.00000 0.97349
21452.50000 0.97387
21455.00000 0.974262
21457.50000 0.974252
21460.00000 0.97472
21462.50000 0.974972
21465.00000 0.975114
21467.50000 0.975302
21470.00000 0.97554
21472.50000 0.975721
21475.00000 0.975923
21477.50000 0.976049
21480.00000 0.976208
21482.50000 0.976583
21485.00000 0.976505
21487.50000 0.97644
21490.00000 0.976504
21492.50000 0.976902
21495.00000 0.976783
21497.50000 0.977194
21500.00000 0.977004
21502.50000 0.977161
21505.00000 0.976818
21507.50000 0.976941
21510.00000 0.976848
21512.50000 0.977125
21515.00000 0.976986
21517.50000 0.977014
21520.00000 0.976927
21522.50000 0.976908
21525.00000 0.976718
21527.50000 0.976816
21530.00000 0.976517
21532.50000 0.976447
21535.00000 0.976415
21537.50000 0.976272
21540.00000 0.97621
21542.50000 0.975971
21545.00000 0.975954
21547.50000 0.975604
21550.00000 0.975567
21552.50000 0.975235
21555.00000 0.975237
21557.50000 0.974814
21560.00000 0.97475
21562.50000 0.974488
21565.00000 0.974346
21567.50000 0.974168
21570.00000 0.973899
21572.50000 0.973445
21575.00000 0.973307
21577.50000 0.973186
21580.00000 0.972937
21582.50000 0.972581
21585.00000 0.972399
21587.50000 0.972192
21590.00000 0.971885
21592.50000 0.971659
21595.00000 0.971401
21597.50000 0.971135
21600.00000 0.970773
21602.50000 0.970559
21605.00000 0.970406
21607.50000 0.970203
21610.00000 0.969759
21612.50000 0.969638
21615.00000 0.969234
21617.50000 0.969036
21620.00000 0.968669
21622.50000 0.968293
21625.00000 0.968178
21627.50000 0.96797
21630.00000 0.967599
21632.50000 0.967321
21635.00000 0.967018
21637.50000 0.966927
21640.00000 0.966784
21642.50000 0.966379
21645.00000 0.965999
21647.50000 0.966078
21650.00000 0.965715
21652.50000 0.96561
21655.00000 0.965275
21657.50000 0.965012
21660.00000 0.964948
21662.50000 0.964707
21665.00000 0.964478
21667.50000 0.964333
21670.00000 0.964036
21672.50000 0.96399
21675.00000 0.96368
21677.50000 0.963494
21680.00000 0.963334
21682.50000 0.963236
21685.00000 0.963038
21687.50000 0.962911
21690.00000 0.962885
21692.50000 0.962649
21695.00000 0.962435
21697.50000 0.962257
21700.00000 0.962136
21702.50000 0.962174
21705.00000 0.962124
21707.50000 0.961834
21710.00000 0.961907
21712.50000 0.961749
21715.00000 0.961711
21717.50000 0.961684
21720.00000 0.961597
21722.50000 0.961517
21725.00000 0.961533
21727.50000 0.96158
21730.00000 0.96147
21732.50000 0.96149
21735.00000 0.96147
21737.50000 0.961462
21740.00000 0.961375
21742.50000 0.961319
21745.00000 0.961388
21747.50000 0.961371
21750.00000 0.961472
21752.50000 0.961228
21755.00000 0.961309
21757.50000 0.961406
21760.00000 0.961431
21762.50000 0.961248
21765.00000 0.961469
21767.50000 0.961513
21770.00000 0.961398
21772.50000 0.961601
21775.00000 0.961599
21777.50000 0.961803
21780.00000 0.961718
21782.50000 0.961855
21785.00000 0.961836
21787.50000 0.961727
21790.00000 0.96191
21792.50000 0.961985
21795.00000 0.962189
21797.50000 0.962393
21800.00000 0.962359
21802.50000 0.962483
21805.00000 0.96263
21807.50000 0.962626
21810.00000 0.962644
21812.50000 0.962798
21815.00000 0.962865
21817.50000 0.962813
21820.00000 0.962874
21822.50000 0.962942
21825.00000 0.963122
21827.50000 0.96337
21830.00000 0.963405
21832.50000 0.963501
21835.00000 0.963468
21837.50000 0.963719
21840.00000 0.963643
21842.50000 0.963951
21845.00000 0.96384
21847.50000 0.963852
21850.00000 0.964266
21852.50000 0.964163
21855.00000 0.964218
21857.50000 0.964548
21860.00000 0.964386
21862.50000 0.964485
21865.00000 0.964574
21867.50000 0.964856
21870.00000 0.964765
21872.50000 0.964796
21875.00000 0.964919
21877.50000 0.965166
21880.00000 0.965073
21882.50000 0.965227
21885.00000 0.965315
21887.50000 0.965351
21890.00000 0.965379
21892.50000 0.965583
21895.00000 0.965546
21897.50000 0.965625
21900.00000 0.965552
21902.50000 0.96549
21905.00000 0.96573
21907.50000 0.966205
21910.00000 0.965851
21912.50000 0.966012
21915.00000 0.96594
21917.50000 0.966147
21920.00000 0.966256
21922.50000 0.966155
21925.00000 0.966376
21927.50000 0.966399
21930.00000 0.966313
21932.50000 0.966233
21935.00000 0.966553
21937.50000 0.966649
21940.00000 0.966395
21942.50000 0.96662
21945.00000 0.966509
21947.50000 0.966654
21950.00000 0.966818
21952.50000 0.966766
21955.00000 0.966865
21957.50000 0.966733
21960.00000 0.966804
21962.50000 0.967
21965.00000 0.966936
21967.50000 0.966887
21970.00000 0.96688
21972.50000 0.966969
21975.00000 0.967215
21977.50000 0.967124
21980.00000 0.967192
21982.50000 0.967393
21985.00000 0.967258
21987.50000 0.967279
21990.00000 0.967435
21992.50000 0.967281
21995.00000 0.967389
21997.50000 0.967267
22000.00000 0.967356
22002.50000 0.967539
22005.00000 0.967422
22007.50000 0.967564
22010.00000 0.967526
22012.50000 0.967473
22015.00000 0.967395
22017.50000 0.967619
22020.00000 0.967692
22022.50000 0.96751
22025.00000 0.967535
22027.50000 0.967401
22030.00000 0.967618
22032.50000 0.967683
22035.00000 0.9675
22037.50000 0.967715
22040.00000 0.967635
22042.50000 0.967807
22045.00000 0.967683
22047.50000 0.967865
22050.00000 0.967886
22052.50000 0.967743
22055.00000 0.967762
22057.50000 0.967611
22060.00000 0.967699
22062.50000 0.967711
22065.00000 0.967888
22067.50000 0.967699
22070.00000 0.967868
22072.50000 0.967557
22075.00000 0.967586
22077.50000 0.967612
22080.00000 0.967628
22082.50000 0.967604
22085.00000 0.967571
22087.50000 0.967522
22090.00000 0.967723
22092.50000 0.967511
22095.00000 0.967556
22097.50000 0.967572
22100.00000 0.967453
22102.50000 0.96728
22105.00000 0.967244
22107.50000 0.96724
22110.00000 0.967285
22112.50000 0.967028
22115.00000 0.966997
22117.50000 0.966996
22120.00000 0.96689
22122.50000 0.966799
22125.00000 0.96658
22127.50000 0.966741
22130.00000 0.966614
22132.50000 0.966361
22135.00000 0.966342
22137.50000 0.96631
22140.00000 0.966078
22142.50000 0.966082
22145.00000 0.965814
22147.50000 0.965831
22150.00000 0.96545
22152.50000 0.965378
22155.00000 0.964892
22157.50000 0.964948
22160.00000 0.965085
22162.50000 0.964817
22165.00000 0.964442
22167.50000 0.964458
22170.00000 0.964427
22172.50000 0.964091
22175.00000 0.963892
22177.50000 0.963975
22180.00000 0.963559
22182.50000 0.963382
22185.00000 0.963196
22187.50000 0.963102
22190.00000 0.962853
22192.50000 0.962607
22195.00000 0.962363
22197.50000 0.962006
22200.00000 0.962078
22202.50000 0.961707
22205.00000 0.961407
22207.50000 0.961298
22210.00000 0.961218
22212.50000 0.960873
22215.00000 0.96052
22217.50000 0.960442
22220.00000 0.960348
22222.50000 0.959993
22225.00000 0.959622
22227.50000 0.959234
22230.00000 0.959407
22232.50000 0.959067
22235.00000 0.95887
22237.50000 0.958603
22240.00000 0.958562
22242.50000 0.958396
22245.00000 0.958094
22247.50000 0.95804
22250.00000 0.957719
22252.50000 0.957387
22255.00000 0.957335
22257.50000 0.9571
22260.00000 0.956868
22262.50000 0.956591
22265.00000 0.956501
22267.50000 0.956438
22270.00000 0.956077
22272.50000 0.956
22275.00000 0.955874
22277.50000 0.955717
22280.00000 0.955614
22282.50000 0.955505
22285.00000 0.955276
22287.50000 0.955154
22290.00000 0.955128
22292.50000 0.95494
22295.00000 0.954888
22297.50000 0.954677
22300.00000 0.954649
22302.50000 0.95474
22305.00000 0.954524
22307.50000 0.954498
22310.00000 0.954434
22312.50000 0.954357
22315.00000 0.954461
22317.50000 0.954237
22320.00000 0.954132
22322.50000 0.954447
22325.00000 0.95452
22327.50000 0.954461
22330.00000 0.954505
22332.50000 0.95458
22335.00000 0.954374
22337.50000 0.954579
22340.00000 0.954711
22342.50000 0.954901
22345.00000 0.954806
22347.50000 0.954952
22350.00000 0.955301
22352.50000 0.955246
22355.00000 0.955445
22357.50000 0.955646
22360.00000 0.955872
22362.50000 0.95596
22365.00000 0.956188
22367.50000 0.956219
22370.00000 0.956513
22372.50000 0.956815
22375.00000 0.956941
22377.50000 0.95724
22380.00000 0.957285
22382.50000 0.957714
22385.00000 0.957732
22387.50000 0.958057
22390.00000 0.958565
22392.50000 0.958849
22395.00000 0.958817
22397.50000 0.959291
22400.00000 0.959656
22402.50000 0.959942
22405.00000 0.960235
22407.50000 0.960786
22410.00000 0.960808
22412.50000 0.961233
22415.00000 0.961269
22417.50000 0.961857
22420.00000 0.962172
22422.50000 0.962506
22425.00000 0.962694
22427.50000 0.963202
22430.00000 0.963829
22432.50000 0.963666
22435.00000 0.964056
22437.50000 0.964372
22440.00000 0.96479
22442.50000 0.965131
22445.00000 0.965512
22447.50000 0.965632
22450.00000 0.966077
22452.50000 0.966283
22455.00000 0.966432
22457.50000 0.966813
22460.00000 0.967151
22462.50000 0.96736
22465.00000 0.96777
22467.50000 0.967814
