threeML/data/optical_filters/Gemini/GSAOI-JCont.ecsv
# %ECSV 0.9
# ---
# datatype:
# - {name: wavelength, unit: Angstrom, datatype: float32}
# - {name: response, datatype: float32}
# meta: !!omap
# - {band_name: JCont}
# - {group_name: GSAOI}
wavelength response
10554.75000 0.0
11727.50000 9.4e-05
11730.00000 0.000502
11732.50000 0.000297
11735.00000 0.000314
11737.50000 0.00019
11740.00000 0.000312
11742.50000 0.000284
11745.00000 0.000206
11747.50000 5.9e-05
11750.00000 0.000559
11752.50000 0.000206
11755.00000 0.000309
11757.50000 0.00022
11760.00000 0.000338
11762.50000 0.00028
11765.00000 0.000515
11767.50000 0.00025
11770.00000 0.000456
11772.50000 0.000618
11775.00000 0.000515
11777.50000 0.000147
11780.00000 0.000603
11782.50000 0.00047
11785.00000 0.000544
11787.50000 0.000632
11790.00000 0.000427
11792.50000 0.000441
11795.00000 0.000675
11797.50000 0.000882
11800.00000 0.00087
11802.50000 0.000385
11805.00000 0.000576
11807.50000 0.00065
11810.00000 0.000911
11812.50000 0.00069
11815.00000 0.000955
11817.50000 0.000867
11820.00000 0.000853
11822.50000 0.000993
11825.00000 0.001166
11827.50000 0.000901
11830.00000 0.000915
11832.50000 0.001459
11835.00000 0.000974
11837.50000 0.001268
11840.00000 0.001339
11842.50000 0.001475
11845.00000 0.001387
11847.50000 0.001988
11850.00000 0.001651
11852.50000 0.001754
11855.00000 0.002077
11857.50000 0.001944
11860.00000 0.001988
11862.50000 0.00218
11865.00000 0.002709
11867.50000 0.002665
11870.00000 0.003005
11872.50000 0.003271
11875.00000 0.003549
11877.50000 0.003307
11880.00000 0.00417
11882.50000 0.004277
11885.00000 0.004739
11887.50000 0.00514
11890.00000 0.005665
11892.50000 0.006089
11895.00000 0.006546
11897.50000 0.006928
11900.00000 0.007399
11902.50000 0.008295
11905.00000 0.009044
11907.50000 0.010035
11910.00000 0.010889
11912.50000 0.012553
11915.00000 0.013268
11917.50000 0.014942
11920.00000 0.016614
11922.50000 0.018415
11925.00000 0.020152
11927.50000 0.022448
11930.00000 0.025642
11932.50000 0.027786
11935.00000 0.031646
11937.50000 0.035471
11940.00000 0.039909
11942.50000 0.045129
11945.00000 0.050303
11947.50000 0.057883
11950.00000 0.06393
11952.50000 0.073892
11955.00000 0.084997
11957.50000 0.095584
11960.00000 0.110298
11962.50000 0.122836
11965.00000 0.14287
11967.50000 0.159755
11970.00000 0.184014
11972.50000 0.209847
11975.00000 0.233488
11977.50000 0.267944
11980.00000 0.294715
11982.50000 0.334159
11985.00000 0.367767
11987.50000 0.407439
11990.00000 0.4494
11992.50000 0.480065
11995.00000 0.527539
11997.50000 0.550635
12000.00000 0.585837
12002.50000 0.613555
12005.00000 0.636845
12007.50000 0.659582
12010.00000 0.672617
12012.50000 0.687394
12015.00000 0.694883
12017.50000 0.702031
12020.00000 0.706199
12022.50000 0.708171
12025.00000 0.708749
12027.50000 0.708055
12030.00000 0.707029
12032.50000 0.705473
12035.00000 0.703707
12037.50000 0.70138
12040.00000 0.699773
12042.50000 0.697407
12045.00000 0.695975
12047.50000 0.694281
12050.00000 0.693108
12052.50000 0.69185
12055.00000 0.691102
12057.50000 0.690368
12060.00000 0.689528
12062.50000 0.688974
12065.00000 0.688828
12067.50000 0.68808
12070.00000 0.688085
12072.50000 0.688012
12075.00000 0.687919
12077.50000 0.687291
12080.00000 0.687248
12082.50000 0.687022
12085.00000 0.686832
12087.50000 0.686864
12090.00000 0.687378
12092.50000 0.687344
12095.00000 0.687566
12097.50000 0.687951
12100.00000 0.688216
12102.50000 0.688814
12105.00000 0.689354
12107.50000 0.690535
12110.00000 0.691745
12112.50000 0.69317
12115.00000 0.694464
12117.50000 0.695931
12120.00000 0.697673
12122.50000 0.698979
12125.00000 0.700596
12127.50000 0.702212
12130.00000 0.703408
12132.50000 0.704218
12135.00000 0.70452
12137.50000 0.703905
12140.00000 0.702939
12142.50000 0.700456
12145.00000 0.696798
12147.50000 0.692041
12150.00000 0.683629
12152.50000 0.676353
12155.00000 0.662585
12157.50000 0.649978
12160.00000 0.630942
12162.50000 0.609811
12165.00000 0.590396
12167.50000 0.560904
12170.00000 0.538995
12172.50000 0.503961
12175.00000 0.474764
12177.50000 0.441265
12180.00000 0.404358
12182.50000 0.376502
12185.00000 0.339329
12187.50000 0.314202
12190.00000 0.280181
12192.50000 0.252184
12195.00000 0.226507
12197.50000 0.199024
12200.00000 0.181639
12202.50000 0.157521
12205.00000 0.143216
12207.50000 0.124935
12210.00000 0.109582
12212.50000 0.098515
12215.00000 0.085783
12217.50000 0.077849
12220.00000 0.067287
12222.50000 0.060125
12225.00000 0.052848
12227.50000 0.046785
12230.00000 0.042366
12232.50000 0.036972
12235.00000 0.033474
12237.50000 0.029367
12240.00000 0.026445
12242.50000 0.023935
12245.00000 0.021017
12247.50000 0.01926
12250.00000 0.017079
12252.50000 0.015742
12255.00000 0.014124
12257.50000 0.012147
12260.00000 0.011418
12262.50000 0.010607
12265.00000 0.009524
12267.50000 0.008493
12270.00000 0.007783
12272.50000 0.007165
12275.00000 0.006775
12277.50000 0.005847
12280.00000 0.005157
12282.50000 0.005063
12285.00000 0.004804
12287.50000 0.003902
12290.00000 0.003568
12292.50000 0.003792
12295.00000 0.003252
12297.50000 0.002593
12300.00000 0.002998
12302.50000 0.002917
12305.00000 0.002428
12307.50000 0.002326
12310.00000 0.002042
12312.50000 0.002205
12315.00000 0.00189
12317.50000 0.001754
12320.00000 0.001575
12322.50000 0.001489
12325.00000 0.001457
12327.50000 0.001267
12330.00000 0.001311
12332.50000 0.001175
12335.00000 0.001034
12337.50000 0.00111
12340.00000 0.00091
12342.50000 0.000851
12345.00000 0.001119
12347.50000 0.000678
12350.00000 0.000645
12352.50000 0.000763
12355.00000 0.000548
12357.50000 0.00116
12360.00000 0.000352
12362.50000 0.000528
12365.00000 0.000416
12367.50000 0.000665
12370.00000 0.000728
12372.50000 0.000567
12375.00000 0.000573
12377.50000 0.000572
12380.00000 0.000361
12382.50000 0.000463
12385.00000 0.000549
12387.50000 0.000483
12390.00000 0.000477
12392.50000 0.000331
12395.00000 0.000541
12397.50000 0.000408
12400.00000 0.000446
12402.50000 0.000213
12405.00000 0.000614
12407.50000 0.000848
12410.00000 0.000505
12412.50000 0.000272
12415.00000 0.000266
12417.50000 0.000707
12420.00000 0.000155
12422.50000 0.000333
12425.00000 6e-05
13667.50000 0.0
