threeML/data/optical_filters/Gemini/GSAOI-HeI2p2s.ecsv
# %ECSV 0.9
# ---
# datatype:
# - {name: wavelength, unit: Angstrom, datatype: float32}
# - {name: response, datatype: float32}
# meta: !!omap
# - {band_name: HeI2p2s}
# - {group_name: GSAOI}
wavelength response
18108.00000 0.0
20120.00000 0.000223
20122.00000 0.000107
20124.00000 4.8e-05
20126.00000 0.000289
20128.00000 4.8e-05
20130.00000 7.3e-05
20132.00000 1.4e-05
20134.00000 4e-05
20136.00000 8.7e-05
20138.00000 2.6e-05
20140.00000 0.000181
20142.00000 0.000168
20144.00000 0.000261
20146.00000 0.000296
20148.00000 0.000248
20150.00000 5.3e-05
20152.00000 8.7e-05
20154.00000 0.000168
20156.00000 0.000109
20158.00000 0.000249
20160.00000 0.000147
20162.00000 7e-06
20164.00000 0.000141
20166.00000 0.000208
20168.00000 0.000222
20170.00000 0.000188
20172.00000 0.000295
20174.00000 0.000221
20176.00000 0.000355
20178.00000 0.000134
20180.00000 0.000483
20182.00000 0.000175
20184.00000 0.000261
20186.00000 0.000328
20188.00000 0.000369
20190.00000 0.000255
20192.00000 0.00024
20194.00000 0.000416
20196.00000 0.000396
20198.00000 0.000402
20200.00000 0.000397
20202.00000 0.000248
20204.00000 0.000336
20206.00000 0.000463
20208.00000 0.000436
20210.00000 0.00043
20212.00000 0.000296
20214.00000 0.00041
20216.00000 0.000443
20218.00000 0.000605
20220.00000 0.000498
20222.00000 0.000436
20224.00000 0.000476
20226.00000 0.000583
20228.00000 0.000644
20230.00000 0.000691
20232.00000 0.000631
20234.00000 0.000598
20236.00000 0.000753
20238.00000 0.000578
20240.00000 0.000814
20242.00000 0.000784
20244.00000 0.000754
20246.00000 0.000778
20248.00000 0.000888
20250.00000 0.000959
20252.00000 0.001005
20254.00000 0.000872
20256.00000 0.001087
20258.00000 0.001109
20260.00000 0.001103
20262.00000 0.001142
20264.00000 0.001311
20266.00000 0.001325
20268.00000 0.001417
20270.00000 0.001479
20272.00000 0.001572
20274.00000 0.001567
20276.00000 0.00168
20278.00000 0.001802
20280.00000 0.001715
20282.00000 0.001795
20284.00000 0.001972
20286.00000 0.002067
20288.00000 0.002155
20290.00000 0.002243
20292.00000 0.002309
20294.00000 0.00257
20296.00000 0.002469
20298.00000 0.002767
20300.00000 0.002775
20302.00000 0.00299
20304.00000 0.002959
20306.00000 0.003176
20308.00000 0.003378
20310.00000 0.003511
20312.00000 0.003639
20314.00000 0.003938
20316.00000 0.003972
20318.00000 0.004251
20320.00000 0.004569
20322.00000 0.004822
20324.00000 0.004964
20326.00000 0.005362
20328.00000 0.005481
20330.00000 0.005715
20332.00000 0.006158
20334.00000 0.006375
20336.00000 0.006721
20338.00000 0.007234
20340.00000 0.007465
20342.00000 0.007891
20344.00000 0.00837
20346.00000 0.008734
20348.00000 0.00924
20350.00000 0.009768
20352.00000 0.010192
20354.00000 0.010837
20356.00000 0.01141
20358.00000 0.012256
20360.00000 0.012547
20362.00000 0.01348
20364.00000 0.014031
20366.00000 0.015004
20368.00000 0.015787
20370.00000 0.016829
20372.00000 0.017642
20374.00000 0.018696
20376.00000 0.019869
20378.00000 0.020844
20380.00000 0.02235
20382.00000 0.023229
20384.00000 0.024938
20386.00000 0.026155
20388.00000 0.027941
20390.00000 0.029384
20392.00000 0.031537
20394.00000 0.033056
20396.00000 0.035234
20398.00000 0.037433
20400.00000 0.039446
20402.00000 0.042031
20404.00000 0.044094
20406.00000 0.047341
20408.00000 0.049779
20410.00000 0.053425
20412.00000 0.056178
20414.00000 0.060042
20416.00000 0.063155
20418.00000 0.06756
20420.00000 0.071163
20422.00000 0.076193
20424.00000 0.08075
20426.00000 0.085297
20428.00000 0.091547
20430.00000 0.096293
20432.00000 0.102826
20434.00000 0.10828
20436.00000 0.115748
20438.00000 0.121587
20440.00000 0.130377
20442.00000 0.136995
20444.00000 0.14668
20446.00000 0.153929
20448.00000 0.164707
20450.00000 0.17382
20452.00000 0.18308
20454.00000 0.19464
20456.00000 0.204666
20458.00000 0.218263
20460.00000 0.228491
20462.00000 0.242845
20464.00000 0.254713
20466.00000 0.269013
20468.00000 0.28241
20470.00000 0.298519
20472.00000 0.312638
20474.00000 0.330128
20476.00000 0.345665
20478.00000 0.362495
20480.00000 0.379683
20482.00000 0.396095
20484.00000 0.414138
20486.00000 0.43057
20488.00000 0.45012
20490.00000 0.466367
20492.00000 0.486225
20494.00000 0.504232
20496.00000 0.523845
20498.00000 0.540582
20500.00000 0.560486
20502.00000 0.576091
20504.00000 0.595198
20506.00000 0.611165
20508.00000 0.628023
20510.00000 0.645319
20512.00000 0.660489
20514.00000 0.675376
20516.00000 0.690002
20518.00000 0.704204
20520.00000 0.716801
20522.00000 0.730508
20524.00000 0.741792
20526.00000 0.7545
20528.00000 0.764465
20530.00000 0.775699
20532.00000 0.784098
20534.00000 0.793523
20536.00000 0.801136
20538.00000 0.808108
20540.00000 0.815245
20542.00000 0.820701
20544.00000 0.827166
20546.00000 0.83281
20548.00000 0.838095
20550.00000 0.842215
20552.00000 0.846484
20554.00000 0.849504
20556.00000 0.853137
20558.00000 0.856065
20560.00000 0.858533
20562.00000 0.860463
20564.00000 0.862404
20566.00000 0.864563
20568.00000 0.865893
20570.00000 0.867732
20572.00000 0.86871
20574.00000 0.869804
20576.00000 0.870955
20578.00000 0.871756
20580.00000 0.872436
20582.00000 0.873204
20584.00000 0.873878
20586.00000 0.87401
20588.00000 0.873986
20590.00000 0.874793
20592.00000 0.875197
20594.00000 0.875517
20596.00000 0.875727
20598.00000 0.875807
20600.00000 0.876129
20602.00000 0.876273
20604.00000 0.876104
20606.00000 0.876243
20608.00000 0.876118
20610.00000 0.875748
20612.00000 0.875885
20614.00000 0.876021
20616.00000 0.87564
20618.00000 0.875805
20620.00000 0.875596
20622.00000 0.875228
20624.00000 0.875082
20626.00000 0.87489
20628.00000 0.874474
20630.00000 0.873868
20632.00000 0.873311
20634.00000 0.873167
20636.00000 0.873043
20638.00000 0.872284
20640.00000 0.871629
20642.00000 0.87133
20644.00000 0.871191
20646.00000 0.870612
20648.00000 0.870171
20650.00000 0.869866
20652.00000 0.869375
20654.00000 0.868702
20656.00000 0.868334
20658.00000 0.867977
20660.00000 0.867445
20662.00000 0.867464
20664.00000 0.867084
20666.00000 0.86691
20668.00000 0.866902
20670.00000 0.866741
20672.00000 0.866503
20674.00000 0.866723
20676.00000 0.866462
20678.00000 0.866821
20680.00000 0.867016
20682.00000 0.866803
20684.00000 0.86699
20686.00000 0.867201
20688.00000 0.867226
20690.00000 0.867639
20692.00000 0.86807
20694.00000 0.867975
20696.00000 0.867836
20698.00000 0.867832
20700.00000 0.867785
20702.00000 0.867426
20704.00000 0.866612
20706.00000 0.865765
20708.00000 0.864838
20710.00000 0.863452
20712.00000 0.860957
20714.00000 0.859104
20716.00000 0.855608
20718.00000 0.852472
20720.00000 0.84764
20722.00000 0.843048
20724.00000 0.83734
20726.00000 0.830212
20728.00000 0.824094
20730.00000 0.814885
20732.00000 0.806666
20734.00000 0.795414
20736.00000 0.784952
20738.00000 0.770128
20740.00000 0.758568
20742.00000 0.741117
20744.00000 0.728245
20746.00000 0.708125
20748.00000 0.692695
20750.00000 0.672341
20752.00000 0.651088
20754.00000 0.633157
20756.00000 0.60889
20758.00000 0.592232
20760.00000 0.565802
20762.00000 0.547166
20764.00000 0.520309
20766.00000 0.503625
20768.00000 0.475441
20770.00000 0.457806
20772.00000 0.43012
20774.00000 0.412188
20776.00000 0.386832
20778.00000 0.36676
20780.00000 0.345307
20782.00000 0.325074
20784.00000 0.308157
20786.00000 0.287513
20788.00000 0.273566
20790.00000 0.253373
20792.00000 0.239804
20794.00000 0.221519
20796.00000 0.209935
20798.00000 0.194127
20800.00000 0.183337
20802.00000 0.170144
20804.00000 0.158986
20806.00000 0.148412
20808.00000 0.137697
20810.00000 0.130665
20812.00000 0.120369
20814.00000 0.114222
20816.00000 0.105621
20818.00000 0.099891
20820.00000 0.09222
20822.00000 0.087076
20824.00000 0.080656
20826.00000 0.076287
20828.00000 0.070473
20830.00000 0.066625
20832.00000 0.062215
20834.00000 0.058288
20836.00000 0.054981
20838.00000 0.051396
20840.00000 0.048724
20842.00000 0.045345
20844.00000 0.042971
20846.00000 0.040148
20848.00000 0.038033
20850.00000 0.03557
20852.00000 0.034063
20854.00000 0.031715
20856.00000 0.030122
20858.00000 0.028254
20860.00000 0.026521
20862.00000 0.025312
20864.00000 0.023657
20866.00000 0.022775
20868.00000 0.021278
20870.00000 0.020477
20872.00000 0.019252
20874.00000 0.018263
20876.00000 0.017336
20878.00000 0.016665
20880.00000 0.015613
20882.00000 0.014875
20884.00000 0.01418
20886.00000 0.013515
20888.00000 0.012837
20890.00000 0.012138
20892.00000 0.011787
20894.00000 0.011049
20896.00000 0.010696
20898.00000 0.010147
20900.00000 0.00966
20902.00000 0.009103
20904.00000 0.008858
20906.00000 0.008305
20908.00000 0.008034
20910.00000 0.007684
20912.00000 0.00728
20914.00000 0.007049
20916.00000 0.006634
20918.00000 0.006609
20920.00000 0.006092
20922.00000 0.005986
20924.00000 0.0057
20926.00000 0.005616
20928.00000 0.005297
20930.00000 0.005093
20932.00000 0.004833
20934.00000 0.004718
20936.00000 0.004633
20938.00000 0.004396
20940.00000 0.004357
20942.00000 0.003958
20944.00000 0.003973
20946.00000 0.003762
20948.00000 0.003568
20950.00000 0.003351
20952.00000 0.003336
20954.00000 0.003321
20956.00000 0.003169
20958.00000 0.002882
20960.00000 0.002917
20962.00000 0.002965
20964.00000 0.002892
20966.00000 0.002582
20968.00000 0.002475
20970.00000 0.002416
20972.00000 0.00251
20974.00000 0.002312
20976.00000 0.002344
20978.00000 0.00208
20980.00000 0.002209
20982.00000 0.002089
20984.00000 0.002053
20986.00000 0.001943
20988.00000 0.001935
20990.00000 0.001831
20992.00000 0.001745
20994.00000 0.001693
20996.00000 0.001853
20998.00000 0.001545
21000.00000 0.00161
23100.00000 0.0
