threeML/data/optical_filters/Gemini/GSAOI-Kshort.ecsv
# %ECSV 0.9
# ---
# datatype:
# - {name: wavelength, unit: Angstrom, datatype: float32}
# - {name: response, datatype: float32}
# meta: !!omap
# - {band_name: Kshort}
# - {group_name: GSAOI}
wavelength response
[from data line 768]
20217.50000 0.951607
20220.00000 0.95186
20222.50000 0.952141
20225.00000 0.952663
20227.50000 0.952983
20230.00000 0.953371
20232.50000 0.953766
20235.00000 0.953948
20237.50000 0.954254
20240.00000 0.954709
20242.50000 0.955319
20245.00000 0.955633
20247.50000 0.956098
20250.00000 0.956441
20252.50000 0.957186
20255.00000 0.957289
20257.50000 0.958214
20260.00000 0.958845
20262.50000 0.959222
20265.00000 0.959885
20267.50000 0.960256
20270.00000 0.960799
20272.50000 0.961441
20275.00000 0.961586
20277.50000 0.962491
20280.00000 0.963002
20282.50000 0.963642
20285.00000 0.964343
20287.50000 0.96482
20290.00000 0.965492
20292.50000 0.965907
20295.00000 0.966593
20297.50000 0.966951
20300.00000 0.96757
20302.50000 0.968073
20305.00000 0.968686
20307.50000 0.969359
20310.00000 0.969714
20312.50000 0.970228
20315.00000 0.970991
20317.50000 0.971349
20320.00000 0.972181
20322.50000 0.972536
20325.00000 0.973207
20327.50000 0.973571
20330.00000 0.973898
20332.50000 0.974433
20335.00000 0.974718
20337.50000 0.975151
20340.00000 0.975389
20342.50000 0.976102
20345.00000 0.97647
20347.50000 0.976893
20350.00000 0.977214
20352.50000 0.977637
20355.00000 0.977982
20357.50000 0.978401
20360.00000 0.978775
20362.50000 0.978929
20365.00000 0.979047
20367.50000 0.979418
20370.00000 0.979596
20372.50000 0.980072
20375.00000 0.980079
20377.50000 0.980546
20380.00000 0.980579
20382.50000 0.980878
20385.00000 0.981102
20387.50000 0.981287
20390.00000 0.981578
20392.50000 0.981607
20395.00000 0.981605
20397.50000 0.981695
20400.00000 0.981796
20402.50000 0.982097
20405.00000 0.982058
20407.50000 0.982152
20410.00000 0.982325
20412.50000 0.982401
20415.00000 0.982616
20417.50000 0.982471
20420.00000 0.982578
20422.50000 0.982511
20425.00000 0.982413
20427.50000 0.982398
20430.00000 0.982583
20432.50000 0.982587
20435.00000 0.982523
20437.50000 0.982425
20440.00000 0.982566
20442.50000 0.982586
20445.00000 0.982481
20447.50000 0.982296
20450.00000 0.982288
20452.50000 0.982152
20455.00000 0.98196
20457.50000 0.98201
20460.00000 0.982011
20462.50000 0.981875
20465.00000 0.98205
20467.50000 0.981978
20470.00000 0.98192
20472.50000 0.981929
20475.00000 0.981946
20477.50000 0.981734
20480.00000 0.981639
20482.50000 0.981562
20485.00000 0.98147
20487.50000 0.981479
20490.00000 0.981309
20492.50000 0.981172
20495.00000 0.981264
20497.50000 0.981153
20500.00000 0.981216
20502.50000 0.981097
20505.00000 0.980997
20507.50000 0.981017
20510.00000 0.980988
20512.50000 0.980963
20515.00000 0.980894
20517.50000 0.981055
20520.00000 0.980877
20522.50000 0.980923
20525.00000 0.980822
20527.50000 0.980835
20530.00000 0.980568
20532.50000 0.980622
20535.00000 0.980608
20537.50000 0.980622
20540.00000 0.980613
20542.50000 0.980549
20545.00000 0.980417
20547.50000 0.980423
20550.00000 0.980516
20552.50000 0.980416
20555.00000 0.980556
20557.50000 0.980435
20560.00000 0.980533
20562.50000 0.980597
20565.00000 0.980634
20567.50000 0.98072
20570.00000 0.9807
20572.50000 0.980569
20575.00000 0.98072
20577.50000 0.980595
20580.00000 0.980584
20582.50000 0.980714
20585.00000 0.9807
20587.50000 0.980911
20590.00000 0.981002
20592.50000 0.980989
20595.00000 0.981238
20597.50000 0.98109
20600.00000 0.981163
20602.50000 0.981392
20605.00000 0.981394
20607.50000 0.981183
20610.00000 0.981588
20612.50000 0.981434
20615.00000 0.981573
20617.50000 0.981807
20620.00000 0.98171
20622.50000 0.982023
20625.00000 0.981958
20627.50000 0.982111
20630.00000 0.982108
20632.50000 0.982222
20635.00000 0.982244
20637.50000 0.98216
20640.00000 0.982332
20642.50000 0.982511
20645.00000 0.982559
20647.50000 0.982854
20650.00000 0.983002
20652.50000 0.982913
20655.00000 0.982878
20657.50000 0.982922
20660.00000 0.982953
20662.50000 0.982998
20665.00000 0.983157
20667.50000 0.983261
20670.00000 0.983421
20672.50000 0.983473
20675.00000 0.983487
20677.50000 0.983637
20680.00000 0.983791
20682.50000 0.983707
20685.00000 0.983926
20687.50000 0.983923
20690.00000 0.984114
20692.50000 0.983954
20695.00000 0.983923
20697.50000 0.984301
20700.00000 0.984238
20702.50000 0.984262
20705.00000 0.984333
20707.50000 0.984291
20710.00000 0.984404
20712.50000 0.984505
20715.00000 0.984574
20717.50000 0.984438
20720.00000 0.984644
20722.50000 0.984596
20725.00000 0.98469
20727.50000 0.984557
20730.00000 0.984684
20732.50000 0.984687
20735.00000 0.984696
20737.50000 0.98472
20740.00000 0.984727
20742.50000 0.98473
20745.00000 0.984831
20747.50000 0.984796
20750.00000 0.984722
20752.50000 0.984747
20755.00000 0.984697
20757.50000 0.984752
20760.00000 0.984651
20762.50000 0.984537
20765.00000 0.984687
20767.50000 0.984537
20770.00000 0.984681
20772.50000 0.984638
20775.00000 0.984484
20777.50000 0.984729
20780.00000 0.984514
20782.50000 0.984189
20785.00000 0.984324
20787.50000 0.984302
20790.00000 0.98406
20792.50000 0.984181
20795.00000 0.98407
20797.50000 0.984172
20800.00000 0.984065
20802.50000 0.984049
20805.00000 0.983832
20807.50000 0.983742
20810.00000 0.983544
20812.50000 0.983335
20815.00000 0.983215
20817.50000 0.983314
20820.00000 0.983256
20822.50000 0.98308
20825.00000 0.982986
20827.50000 0.98293
20830.00000 0.982876
20832.50000 0.982808
20835.00000 0.982561
20837.50000 0.982298
20840.00000 0.982364
20842.50000 0.982117
20845.00000 0.98201
20847.50000 0.981865
20850.00000 0.981855
20852.50000 0.981821
20855.00000 0.981608
20857.50000 0.981324
20860.00000 0.981203
20862.50000 0.981016
20865.00000 0.98084
20867.50000 0.980937
20870.00000 0.980852
20872.50000 0.980467
20875.00000 0.980496
20877.50000 0.980307
20880.00000 0.980219
20882.50000 0.980165
20885.00000 0.979845
20887.50000 0.979863
20890.00000 0.97972
20892.50000 0.979424
20895.00000 0.979243
20897.50000 0.979014
20900.00000 0.978938
20902.50000 0.978662
20905.00000 0.978625
20907.50000 0.978463
20910.00000 0.978407
20912.50000 0.97834
20915.00000 0.978191
20917.50000 0.978036
20920.00000 0.978184
20922.50000 0.978127
20925.00000 0.977727
20927.50000 0.977573
20930.00000 0.977457
20932.50000 0.977144
20935.00000 0.977236
20937.50000 0.976915
20940.00000 0.977091
20942.50000 0.976981
20945.00000 0.976843
20947.50000 0.976605
20950.00000 0.976853
20952.50000 0.976631
20955.00000 0.976563
20957.50000 0.97649
20960.00000 0.976124
20962.50000 0.976152
20965.00000 0.975969
20967.50000 0.976096
20970.00000 0.975966
20972.50000 0.9758
20975.00000 0.975908
20977.50000 0.975824
20980.00000 0.975605
20982.50000 0.975538
20985.00000 0.975626
20987.50000 0.97543
20990.00000 0.97543
20992.50000 0.975315
20995.00000 0.975309
20997.50000 0.975209
21000.00000 0.975137
21002.50000 0.975282
21005.00000 0.975434
21007.50000 0.975348
21010.00000 0.975205
21012.50000 0.975111
21015.00000 0.975363
21017.50000 0.975147
21020.00000 0.975328
21022.50000 0.975129
21025.00000 0.975167
21027.50000 0.975409
21030.00000 0.975393
21032.50000 0.975422
21035.00000 0.975462
21037.50000 0.975661
21040.00000 0.975458
21042.50000 0.97558
21045.00000 0.975652
21047.50000 0.975579
21050.00000 0.975433
21052.50000 0.975662
21055.00000 0.975671
21057.50000 0.975838
21060.00000 0.975634
21062.50000 0.975882
21065.00000 0.975881
21067.50000 0.976146
21070.00000 0.976188
21072.50000 0.976215
21075.00000 0.976271
21077.50000 0.976311
21080.00000 0.976227
21082.50000 0.976292
21085.00000 0.976863
21087.50000 0.976589
21090.00000 0.976953
21092.50000 0.976993
21095.00000 0.977098
21097.50000 0.977004
21100.00000 0.977073
21102.50000 0.977446
21105.00000 0.977482
21107.50000 0.977335
21110.00000 0.977799
21112.50000 0.977729
21115.00000 0.977752
21117.50000 0.977853
21120.00000 0.978192
21122.50000 0.978047
21125.00000 0.978142
21127.50000 0.978458
21130.00000 0.978594
21132.50000 0.978464
21135.00000 0.978644
21137.50000 0.978786
21140.00000 0.978806
21142.50000 0.97906
21145.00000 0.978884
21147.50000 0.979203
21150.00000 0.979603
21152.50000 0.979664
21155.00000 0.979585
21157.50000 0.979845
21160.00000 0.979685
21162.50000 0.979919
21165.00000 0.9799
21167.50000 0.980108
21170.00000 0.980351
21172.50000 0.980181
21175.00000 0.980519
21177.50000 0.980362
21180.00000 0.980572
21182.50000 0.980853
21185.00000 0.980763
21187.50000 0.980924
21190.00000 0.981139
21192.50000 0.981084
21195.00000 0.981047
21197.50000 0.981057
21200.00000 0.981086
21202.50000 0.981076
21205.00000 0.981505
21207.50000 0.981358
21210.00000 0.981602
21212.50000 0.981736
21215.00000 0.981774
21217.50000 0.981656
21220.00000 0.981774
21222.50000 0.981699
21225.00000 0.9819
21227.50000 0.981782
21230.00000 0.982014
21232.50000 0.982198
21235.00000 0.98233
21237.50000 0.982274
21240.00000 0.982542
21242.50000 0.982529
21245.00000 0.98235
21247.50000 0.982343
21250.00000 0.982369
21252.50000 0.982439
21255.00000 0.982235
21257.50000 0.982296
21260.00000 0.982569
21262.50000 0.982511
21265.00000 0.982612
21267.50000 0.982529
21270.00000 0.982566
21272.50000 0.982761
21275.00000 0.982522
21277.50000 0.982597
21280.00000 0.982658
21282.50000 0.982457
21285.00000 0.982684
21287.50000 0.982896
21290.00000 0.983052
21292.50000 0.98298
21295.00000 0.983035
21297.50000 0.982927
21300.00000 0.983008
21302.50000 0.982677
21305.00000 0.982741
21307.50000 0.982665
21310.00000 0.982733
21312.50000 0.98284
21315.00000 0.982739
21317.50000 0.9827
21320.00000 0.982913
21322.50000 0.982942
21325.00000 0.982877
21327.50000 0.982946
21330.00000 0.983087
21332.50000 0.983031
21335.00000 0.98305
21337.50000 0.98286
21340.00000 0.983184
21342.50000 0.982892
21345.00000 0.983047
21347.50000 0.982879
21350.00000 0.982907
21352.50000 0.983089
21355.00000 0.98296
21357.50000 0.983116
21360.00000 0.982898
21362.50000 0.983029
21365.00000 0.983067
21367.50000 0.983253
21370.00000 0.983153
21372.50000 0.983256
21375.00000 0.983299
21377.50000 0.983199
21380.00000 0.983244
21382.50000 0.98311
21385.00000 0.983266
21387.50000 0.983291
21390.00000 0.983328
21392.50000 0.98347
21395.00000 0.983487
21397.50000 0.983269
21400.00000 0.983517
21402.50000 0.983384
21405.00000 0.983541
21407.50000 0.983697
21410.00000 0.983558
21412.50000 0.983819
21415.00000 0.983697
21417.50000 0.983514
21420.00000 0.983588
21422.50000 0.983708
21425.00000 0.983699
21427.50000 0.983523
21430.00000 0.983639
21432.50000 0.983855
21435.00000 0.983786
21437.50000 0.983662
21440.00000 0.983846
21442.50000 0.983714
21445.00000 0.98382
21447.50000 0.98402
21450.00000 0.983691
21452.50000 0.983812
21455.00000 0.98412
21457.50000 0.984028
21460.00000 0.983703
21462.50000 0.984172
21465.00000 0.983835
21467.50000 0.984045
21470.00000 0.984038
21472.50000 0.984126
21475.00000 0.984229
21477.50000 0.984213
21480.00000 0.983943
21482.50000 0.984093
21485.00000 0.983977
21487.50000 0.984093
21490.00000 0.984287
21492.50000 0.98414
21495.00000 0.984243
21497.50000 0.984365
21500.00000 0.984098
21502.50000 0.984182
21505.00000 0.984051
21507.50000 0.984214
21510.00000 0.984168
21512.50000 0.983985
21515.00000 0.984199
21517.50000 0.984095
21520.00000 0.984055
21522.50000 0.984043
21525.00000 0.983915
21527.50000 0.983991
21530.00000 0.984029
21532.50000 0.983926
21535.00000 0.983998
21537.50000 0.983798
21540.00000 0.983696
21542.50000 0.983685
21545.00000 0.98378
21547.50000 0.983566
21550.00000 0.983488
21552.50000 0.983641
21555.00000 0.983494
21557.50000 0.983403
21560.00000 0.983413
21562.50000 0.983231
21565.00000 0.983234
21567.50000 0.983435
21570.00000 0.98315
21572.50000 0.983007
21575.00000 0.982859
21577.50000 0.982679
21580.00000 0.982699
21582.50000 0.982585
21585.00000 0.98257
21587.50000 0.982401
21590.00000 0.982245
21592.50000 0.982402
21595.00000 0.982493
21597.50000 0.982346
21600.00000 0.982102
21602.50000 0.981808
21605.00000 0.981648
21607.50000 0.981591
21610.00000 0.981677
21612.50000 0.981479
21615.00000 0.981467
21617.50000 0.981301
21620.00000 0.981127
21622.50000 0.981162
21625.00000 0.980981
21627.50000 0.980843
21630.00000 0.980689
21632.50000 0.980549
21635.00000 0.980389
21637.50000 0.98033
21640.00000 0.980238
21642.50000 0.980143
21645.00000 0.980041
21647.50000 0.980096
21650.00000 0.97988
21652.50000 0.979963
21655.00000 0.979621
21657.50000 0.979546
21660.00000 0.979254
21662.50000 0.979279
21665.00000 0.979292
21667.50000 0.979236
21670.00000 0.979039
21672.50000 0.978887
21675.00000 0.979012
21677.50000 0.978918
21680.00000 0.978716
21682.50000 0.978789
21685.00000 0.978634
21687.50000 0.978506
21690.00000 0.978463
21692.50000 0.97839
21695.00000 0.977979
21697.50000 0.977973
21700.00000 0.97786
21702.50000 0.977927
21705.00000 0.977745
21707.50000 0.977566
21710.00000 0.977555
21712.50000 0.977412
21715.00000 0.977443
21717.50000 0.97757
21720.00000 0.977129
21722.50000 0.977167
21725.00000 0.977163
21727.50000 0.977205
21730.00000 0.97709
21732.50000 0.976997
21735.00000 0.976986
21737.50000 0.977012
21740.00000 0.976899
21742.50000 0.977035
21745.00000 0.976722
21747.50000 0.976661
21750.00000 0.976474
21752.50000 0.976599
21755.00000 0.976771
21757.50000 0.976598
21760.00000 0.976642
21762.50000 0.976361
21765.00000 0.976633
21767.50000 0.976558
21770.00000 0.976604
21772.50000 0.976613
21775.00000 0.976502
21777.50000 0.976484
21780.00000 0.97646
21782.50000 0.976481
21785.00000 0.976295
21787.50000 0.976166
21790.00000 0.976258
21792.50000 0.976376
21795.00000 0.976357
21797.50000 0.976284
21800.00000 0.976475
21802.50000 0.976245
21805.00000 0.976084
21807.50000 0.976121
21810.00000 0.975926
21812.50000 0.976097
21815.00000 0.976049
21817.50000 0.976137
21820.00000 0.976268
21822.50000 0.976205
21825.00000 0.976184
21827.50000 0.976135
21830.00000 0.975982
21832.50000 0.975991
21835.00000 0.975824
21837.50000 0.975811
21840.00000 0.975625
21842.50000 0.97562
21845.00000 0.975429
21847.50000 0.975652
21850.00000 0.975298
21852.50000 0.975675
21855.00000 0.975517
21857.50000 0.975592
21860.00000 0.975487
21862.50000 0.975359
21865.00000 0.975206
21867.50000 0.975151
21870.00000 0.974837
21872.50000 0.974814
21875.00000 0.974895
21877.50000 0.974829
21880.00000 0.974807
21882.50000 0.974442
21885.00000 0.974626
21887.50000 0.974516
21890.00000 0.974437
21892.50000 0.974076
21895.00000 0.973781
21897.50000 0.973863
21900.00000 0.973674
21902.50000 0.973496
21905.00000 0.973265
21907.50000 0.973381
21910.00000 0.973122
21912.50000 0.97301
21915.00000 0.972986
21917.50000 0.972742
21920.00000 0.972487
21922.50000 0.972229
21925.00000 0.972256
21927.50000 0.971864
21930.00000 0.971642
21932.50000 0.971377
21935.00000 0.971318
21937.50000 0.971196
21940.00000 0.970952
21942.50000 0.970784
21945.00000 0.970675
21947.50000 0.970179
21950.00000 0.97017
21952.50000 0.969784
21955.00000 0.969537
21957.50000 0.969216
21960.00000 0.968981
21962.50000 0.968806
21965.00000 0.968518
21967.50000 0.968265
21970.00000 0.968373
21972.50000 0.968018
21975.00000 0.967812
21977.50000 0.967449
21980.00000 0.967157
21982.50000 0.967045
21985.00000 0.966773
21987.50000 0.966262
21990.00000 0.966162
21992.50000 0.965843
21995.00000 0.965854
21997.50000 0.965486
22000.00000 0.9651
22002.50000 0.964999
22005.00000 0.964681
22007.50000 0.964452
22010.00000 0.964262
22012.50000 0.963972
22015.00000 0.963592
22017.50000 0.963349
22020.00000 0.963286
22022.50000 0.963047
22025.00000 0.96263
22027.50000 0.962826
22030.00000 0.962291
22032.50000 0.962172
22035.00000 0.961949
22037.50000 0.961789
22040.00000 0.961654
22042.50000 0.961212
22045.00000 0.961121
22047.50000 0.960871
22050.00000 0.960788
22052.50000 0.960594
22055.00000 0.960467
22057.50000 0.960427
22060.00000 0.960247
22062.50000 0.960068
22065.00000 0.959846
22067.50000 0.959604
22070.00000 0.959328
22072.50000 0.959144
22075.00000 0.959255
22077.50000 0.958912
22080.00000 0.958931
22082.50000 0.958904
22085.00000 0.958716
22087.50000 0.958693
22090.00000 0.958542
22092.50000 0.958551
22095.00000 0.958475
22097.50000 0.958326
22100.00000 0.958113
22102.50000 0.958197
22105.00000 0.95812
22107.50000 0.958123
22110.00000 0.957923
22112.50000 0.957932
22115.00000 0.95793
22117.50000 0.958104
22120.00000 0.957997
22122.50000 0.958075
22125.00000 0.957855
