threeML/data/optical_filters/Gemini/GSAOI-J.ecsv
# %ECSV 0.9
# ---
# datatype:
# - {name: wavelength, unit: Angstrom, datatype: float32}
# - {name: response, datatype: float32}
# meta: !!omap
# - {band_name: J}
# - {group_name: GSAOI}
wavelength response
10066.50000 0.0
11185.00000 9.1e-05
11190.00000 0.000165
11195.00000 7e-05
11200.00000 0.000127
11205.00000 0.000122
11210.00000 3e-05
11215.00000 0.0001
11220.00000 0.000134
11225.00000 0.000112
11230.00000 0.000102
11235.00000 0.000165
11240.00000 0.000106
11245.00000 0.000168
11250.00000 0.000211
11255.00000 0.000253
11260.00000 0.000236
11265.00000 0.00028
11270.00000 0.00026
11275.00000 0.000302
11280.00000 0.000352
11285.00000 0.000294
11290.00000 0.000361
11295.00000 0.000439
11300.00000 0.000382
11305.00000 0.000538
11310.00000 0.000662
11315.00000 0.000557
11320.00000 0.000648
11325.00000 0.000722
11330.00000 0.00074
11335.00000 0.000789
11340.00000 0.000905
11345.00000 0.000972
11350.00000 0.001132
11355.00000 0.001156
11360.00000 0.001167
11365.00000 0.001376
11370.00000 0.001398
11375.00000 0.00154
11380.00000 0.001661
11385.00000 0.00189
11390.00000 0.001912
11395.00000 0.002079
11400.00000 0.002303
11405.00000 0.002496
11410.00000 0.00265
11415.00000 0.002957
11420.00000 0.003039
11425.00000 0.003364
11430.00000 0.003529
11435.00000 0.003874
11440.00000 0.004158
11445.00000 0.004469
11450.00000 0.004915
11455.00000 0.005499
11460.00000 0.005741
11465.00000 0.006226
11470.00000 0.00681
11475.00000 0.007384
11480.00000 0.00815
11485.00000 0.00889
11490.00000 0.009777
11495.00000 0.010805
11500.00000 0.011806
11505.00000 0.012997
11510.00000 0.014397
11515.00000 0.016012
11520.00000 0.017801
11525.00000 0.019721
11530.00000 0.021928
11535.00000 0.024408
11540.00000 0.027339
11545.00000 0.030712
11550.00000 0.034686
11555.00000 0.038906
11560.00000 0.043675
11565.00000 0.04903
11570.00000 0.055267
11575.00000 0.06322
11580.00000 0.072185
11585.00000 0.081715
11590.00000 0.092145
11595.00000 0.104107
11600.00000 0.117723
11605.00000 0.133989
11610.00000 0.152721
11615.00000 0.173063
11620.00000 0.193978
11625.00000 0.216742
11630.00000 0.241804
11635.00000 0.269145
11640.00000 0.301844
11645.00000 0.333188
11650.00000 0.365635
11655.00000 0.396449
11660.00000 0.429411
11665.00000 0.462567
11670.00000 0.496215
11675.00000 0.530595
11680.00000 0.562053
11685.00000 0.589759
11690.00000 0.61659
11695.00000 0.643537
11700.00000 0.669524
11705.00000 0.694867
11710.00000 0.717077
11715.00000 0.736595
11720.00000 0.754336
11725.00000 0.771019
11730.00000 0.787489
11735.00000 0.80257
11740.00000 0.816546
11745.00000 0.827919
11750.00000 0.837899
11755.00000 0.846775
11760.00000 0.854461
11765.00000 0.861449
11770.00000 0.867092
11775.00000 0.871239
11780.00000 0.874262
11785.00000 0.876011
11790.00000 0.877027
11795.00000 0.877042
11800.00000 0.87635
11805.00000 0.874889
11810.00000 0.873232
11815.00000 0.870688
11820.00000 0.867597
11825.00000 0.864779
11830.00000 0.861133
11835.00000 0.857717
11840.00000 0.854475
11845.00000 0.851492
11850.00000 0.848212
11855.00000 0.845143
11860.00000 0.842282
11865.00000 0.839667
11870.00000 0.83764
11875.00000 0.836106
11880.00000 0.834743
11885.00000 0.833296
11890.00000 0.832622
11895.00000 0.8322
11900.00000 0.83215
11905.00000 0.832508
11910.00000 0.833083
11915.00000 0.833962
11920.00000 0.835189
11925.00000 0.836769
11930.00000 0.838478
11935.00000 0.840282
11940.00000 0.842289
11945.00000 0.84423
11950.00000 0.846453
11955.00000 0.84861
11960.00000 0.851136
11965.00000 0.853482
11970.00000 0.855833
11975.00000 0.857672
11980.00000 0.85949
11985.00000 0.861618
11990.00000 0.862801
11995.00000 0.864856
12000.00000 0.866109
12005.00000 0.867592
12010.00000 0.869045
12015.00000 0.870009
12020.00000 0.870417
12025.00000 0.869799
12030.00000 0.870965
12035.00000 0.871009
12040.00000 0.870676
12045.00000 0.870436
12050.00000 0.869988
12055.00000 0.86932
12060.00000 0.868419
12065.00000 0.867658
12070.00000 0.866808
12075.00000 0.865809
12080.00000 0.864384
12085.00000 0.863145
12090.00000 0.862123
12095.00000 0.86103
12100.00000 0.859997
12105.00000 0.858858
12110.00000 0.857661
12115.00000 0.85641
12120.00000 0.855624
12125.00000 0.854814
12130.00000 0.854294
12135.00000 0.853608
12140.00000 0.853316
12145.00000 0.852948
12150.00000 0.852702
12155.00000 0.852412
12160.00000 0.852691
12165.00000 0.853147
12170.00000 0.853609
12175.00000 0.854075
12180.00000 0.854719
12185.00000 0.855307
12190.00000 0.855892
12195.00000 0.856739
12200.00000 0.857647
12205.00000 0.858801
12210.00000 0.860025
12215.00000 0.861129
12220.00000 0.861888
12225.00000 0.863019
12230.00000 0.864112
12235.00000 0.865198
12240.00000 0.86642
12245.00000 0.86737
12250.00000 0.868745
12255.00000 0.869504
12260.00000 0.870384
12265.00000 0.871141
12270.00000 0.871717
12275.00000 0.872355
12280.00000 0.872984
12285.00000 0.873558
12290.00000 0.873841
12295.00000 0.874024
12300.00000 0.874453
12305.00000 0.874176
12310.00000 0.87445
12315.00000 0.874401
12320.00000 0.874381
12325.00000 0.874427
12330.00000 0.874494
12335.00000 0.874551
12340.00000 0.874521
12345.00000 0.874301
12350.00000 0.874191
12355.00000 0.874176
12360.00000 0.874261
12365.00000 0.874504
12370.00000 0.874754
12375.00000 0.874942
12380.00000 0.875603
12385.00000 0.875902
12390.00000 0.876465
12395.00000 0.877073
12400.00000 0.878123
12405.00000 0.878962
12410.00000 0.879876
12415.00000 0.881084
12420.00000 0.882049
12425.00000 0.883317
12430.00000 0.884543
12435.00000 0.886169
12440.00000 0.887706
12445.00000 0.888991
12450.00000 0.890482
12455.00000 0.892166
12460.00000 0.893731
12465.00000 0.895244
12470.00000 0.896306
12475.00000 0.897684
12480.00000 0.899183
12485.00000 0.90039
12490.00000 0.901585
12495.00000 0.9028
12500.00000 0.903603
12505.00000 0.904298
12510.00000 0.905115
12515.00000 0.905848
12520.00000 0.906285
12525.00000 0.906199
12530.00000 0.906261
12535.00000 0.906603
12540.00000 0.906698
12545.00000 0.906343
12550.00000 0.905843
12555.00000 0.905401
12560.00000 0.904675
12565.00000 0.904068
12570.00000 0.903468
12575.00000 0.902667
12580.00000 0.902116
12585.00000 0.901305
12590.00000 0.900017
12595.00000 0.899166
12600.00000 0.898295
12605.00000 0.897388
12610.00000 0.896727
12615.00000 0.896193
12620.00000 0.895185
12625.00000 0.89453
12630.00000 0.893756
12635.00000 0.893423
12640.00000 0.892708
12645.00000 0.892549
12650.00000 0.892267
12655.00000 0.892056
12660.00000 0.892049
12665.00000 0.892036
12670.00000 0.892046
12675.00000 0.891955
12680.00000 0.89192
12685.00000 0.891793
12690.00000 0.892137
12695.00000 0.892363
12700.00000 0.892736
12705.00000 0.892896
12710.00000 0.893221
12715.00000 0.893412
12720.00000 0.893765
12725.00000 0.894084
12730.00000 0.894318
12735.00000 0.894519
12740.00000 0.894987
12745.00000 0.895272
12750.00000 0.895398
12755.00000 0.895293
12760.00000 0.895352
12765.00000 0.895377
12770.00000 0.895536
12775.00000 0.895961
12780.00000 0.895933
12785.00000 0.89585
12790.00000 0.895644
12795.00000 0.895332
12800.00000 0.895198
12805.00000 0.895245
12810.00000 0.895405
12815.00000 0.895358
12820.00000 0.895551
12825.00000 0.8956
12830.00000 0.895867
12835.00000 0.895812
12840.00000 0.895892
12845.00000 0.896456
12850.00000 0.89709
12855.00000 0.897494
12860.00000 0.898013
12865.00000 0.898722
12870.00000 0.899385
12875.00000 0.900168
12880.00000 0.90084
12885.00000 0.901969
12890.00000 0.902782
12895.00000 0.903868
12900.00000 0.904751
12905.00000 0.90602
12910.00000 0.90716
12915.00000 0.908309
12920.00000 0.909357
12925.00000 0.910648
12930.00000 0.911575
12935.00000 0.912816
12940.00000 0.913892
12945.00000 0.914862
12950.00000 0.915606
12955.00000 0.916582
12960.00000 0.917506
12965.00000 0.917954
12970.00000 0.918719
12975.00000 0.91945
12980.00000 0.919767
12985.00000 0.920179
12990.00000 0.920397
12995.00000 0.920532
13000.00000 0.920286
13005.00000 0.920118
13010.00000 0.919833
13015.00000 0.919309
13020.00000 0.91873
13025.00000 0.918446
13030.00000 0.917789
13035.00000 0.916708
13040.00000 0.915653
13045.00000 0.914461
13050.00000 0.913452
13055.00000 0.912281
13060.00000 0.910975
13065.00000 0.909141
13070.00000 0.907152
13075.00000 0.90532
13080.00000 0.903232
13085.00000 0.901102
13090.00000 0.898747
13095.00000 0.895988
13100.00000 0.892993
13105.00000 0.88949
13110.00000 0.886259
13115.00000 0.882558
13120.00000 0.878148
13125.00000 0.873233
13130.00000 0.867884
13135.00000 0.861942
13140.00000 0.85545
13145.00000 0.848363
13150.00000 0.840596
13155.00000 0.831602
13160.00000 0.82103
13165.00000 0.809925
13170.00000 0.798527
13175.00000 0.786104
13180.00000 0.772196
13185.00000 0.75612
13190.00000 0.738384
13195.00000 0.719871
13200.00000 0.701004
13205.00000 0.681876
13210.00000 0.660514
13215.00000 0.637506
13220.00000 0.612566
13225.00000 0.586393
13230.00000 0.561346
13235.00000 0.53612
13240.00000 0.511035
13245.00000 0.484179
13250.00000 0.455177
13255.00000 0.427337
13260.00000 0.401197
13265.00000 0.376367
13270.00000 0.35225
13275.00000 0.328265
13280.00000 0.30428
13285.00000 0.279423
13290.00000 0.258076
13295.00000 0.23881
13300.00000 0.22056
13305.00000 0.203299
13310.00000 0.186394
13315.00000 0.169817
13320.00000 0.154804
13325.00000 0.1419
13330.00000 0.130388
13335.00000 0.119208
13340.00000 0.108919
13345.00000 0.09911
13350.00000 0.089744
13355.00000 0.082047
13360.00000 0.075161
13365.00000 0.068848
13370.00000 0.062892
13375.00000 0.05724
13380.00000 0.052064
13385.00000 0.04742
13390.00000 0.04351
13395.00000 0.040006
13400.00000 0.036727
13405.00000 0.033529
13410.00000 0.030636
13415.00000 0.028012
13420.00000 0.025613
13425.00000 0.023672
13430.00000 0.021685
13435.00000 0.020329
13440.00000 0.018413
13445.00000 0.016893
13450.00000 0.015528
13455.00000 0.014482
13460.00000 0.013277
13465.00000 0.012308
13470.00000 0.011386
13475.00000 0.010474
13480.00000 0.009717
13485.00000 0.008972
13490.00000 0.008321
13495.00000 0.007667
13500.00000 0.007084
13505.00000 0.006547
13510.00000 0.006071
13515.00000 0.005821
13520.00000 0.005343
13525.00000 0.00493
13530.00000 0.004568
13535.00000 0.004221
13540.00000 0.003932
13545.00000 0.00367
13550.00000 0.003486
13555.00000 0.003131
13560.00000 0.003052
13565.00000 0.002742
13570.00000 0.002543
13575.00000 0.002372
13580.00000 0.00224
13585.00000 0.002149
13590.00000 0.001942
13595.00000 0.001762
13600.00000 0.001638
13605.00000 0.001673
13610.00000 0.001456
13615.00000 0.001472
13620.00000 0.001289
13625.00000 0.001229
13630.00000 0.001131
13635.00000 0.00117
13640.00000 0.000978
13645.00000 0.000873
13650.00000 0.000896
13655.00000 0.000824
13660.00000 0.000724
13665.00000 0.000703
13670.00000 0.000599
13675.00000 0.000605
13680.00000 0.000744
13685.00000 0.000693
13690.00000 0.000486
13695.00000 0.000533
13700.00000 0.000468
13705.00000 0.000435
13710.00000 0.00038
13715.00000 0.000494
13720.00000 0.000331
13725.00000 0.000329
13730.00000 0.000332
13735.00000 0.000289
13740.00000 0.000326
13745.00000 0.000299
13750.00000 0.000237
13755.00000 0.000322
13760.00000 0.000177
13765.00000 0.000257
13770.00000 0.000235
13775.00000 0.000148
13780.00000 0.000227
13785.00000 0.000199
13790.00000 0.000214
13795.00000 0.000146
13800.00000 0.000105
13805.00000 0.000238
13810.00000 0.000116
13815.00000 2e-05
13820.00000 5.9e-05
13825.00000 0.000201
13830.00000 0.000145
13835.00000 9.6e-05
13840.00000 0.000133
13845.00000 0.000138
13850.00000 0.000114
13855.00000 6.9e-05
13860.00000 4.3e-05
13865.00000 0.000149
13870.00000 8.5e-05
13875.00000 0.000105
13880.00000 0.000105
15268.00000 0.0
