threeML/data/optical_filters/Gemini/GSAOI-Kshort.ecsv
# %ECSV 0.9
# ---
# datatype:
# - {name: wavelength, unit: Angstrom, datatype: float32}
# - {name: response, datatype: float32}
# meta: !!omap
# - {band_name: Kshort}
# - {group_name: GSAOI}
wavelength response
[from data line 1533]
22130.00000 0.957922
22132.50000 0.957792
22135.00000 0.957881
22137.50000 0.957956
22140.00000 0.958095
22142.50000 0.95799
22145.00000 0.958262
22147.50000 0.958157
22150.00000 0.958228
22152.50000 0.958291
22155.00000 0.958367
22157.50000 0.958256
22160.00000 0.958217
22162.50000 0.958198
22165.00000 0.958402
22167.50000 0.958534
22170.00000 0.958642
22172.50000 0.958814
22175.00000 0.959087
22177.50000 0.959189
22180.00000 0.959193
22182.50000 0.959077
22185.00000 0.959317
22187.50000 0.959408
22190.00000 0.959374
22192.50000 0.959506
22195.00000 0.959629
22197.50000 0.959574
22200.00000 0.95968
22202.50000 0.959822
22205.00000 0.959844
22207.50000 0.960136
22210.00000 0.960318
22212.50000 0.960369
22215.00000 0.960367
22217.50000 0.960357
22220.00000 0.960362
22222.50000 0.960525
22225.00000 0.960601
22227.50000 0.960635
22230.00000 0.960801
22232.50000 0.961016
22235.00000 0.961094
22237.50000 0.961212
22240.00000 0.961195
22242.50000 0.961352
22245.00000 0.961176
22247.50000 0.961509
22250.00000 0.961386
22252.50000 0.961584
22255.00000 0.961419
22257.50000 0.961552
22260.00000 0.961571
22262.50000 0.961543
22265.00000 0.961861
22267.50000 0.961861
22270.00000 0.962
22272.50000 0.962006
22275.00000 0.961987
22277.50000 0.961993
22280.00000 0.961899
22282.50000 0.962042
22285.00000 0.961975
22287.50000 0.96195
22290.00000 0.962073
22292.50000 0.962166
22295.00000 0.962361
22297.50000 0.962106
22300.00000 0.962331
22302.50000 0.962226
22305.00000 0.962106
22307.50000 0.962116
22310.00000 0.961971
22312.50000 0.961957
22315.00000 0.96181
22317.50000 0.961852
22320.00000 0.96161
22322.50000 0.961943
22325.00000 0.961782
22327.50000 0.961802
22330.00000 0.961872
22332.50000 0.961571
22335.00000 0.961738
22337.50000 0.961347
22340.00000 0.961438
22342.50000 0.961303
22345.00000 0.961115
22347.50000 0.961366
22350.00000 0.961045
22352.50000 0.961103
22355.00000 0.960921
22357.50000 0.961116
22360.00000 0.961113
22362.50000 0.960681
22365.00000 0.960733
22367.50000 0.960631
22370.00000 0.960469
22372.50000 0.960413
22375.00000 0.960493
22377.50000 0.960285
22380.00000 0.960437
22382.50000 0.960158
22385.00000 0.960269
22387.50000 0.960235
22390.00000 0.960165
22392.50000 0.960004
22395.00000 0.960175
22397.50000 0.95996
22400.00000 0.95982
22402.50000 0.959787
22405.00000 0.959818
22407.50000 0.959626
22410.00000 0.960019
22412.50000 0.959628
22415.00000 0.959675
22417.50000 0.959973
22420.00000 0.95985
22422.50000 0.95986
22425.00000 0.959834
22427.50000 0.959668
22430.00000 0.959755
22432.50000 0.959612
22435.00000 0.959638
22437.50000 0.959723
22440.00000 0.959807
22442.50000 0.959949
22445.00000 0.959973
22447.50000 0.960063
22450.00000 0.960012
22452.50000 0.96019
22455.00000 0.96008
22457.50000 0.960044
22460.00000 0.960219
22462.50000 0.960147
22465.00000 0.960259
22467.50000 0.960302
22470.00000 0.960344
22472.50000 0.960576
22475.00000 0.960815
22477.50000 0.960841
22480.00000 0.961057
22482.50000 0.960922
22485.00000 0.961133
22487.50000 0.961059
22490.00000 0.961135
22492.50000 0.961581
22495.00000 0.961505
22497.50000 0.961666
22500.00000 0.961942
22502.50000 0.961977
22505.00000 0.962304
22507.50000 0.962467
22510.00000 0.96265
22512.50000 0.962865
22515.00000 0.962946
22517.50000 0.963066
22520.00000 0.963048
22522.50000 0.963492
22525.00000 0.963694
22527.50000 0.963787
22530.00000 0.964126
22532.50000 0.964097
22535.00000 0.964589
22537.50000 0.964651
22540.00000 0.964962
22542.50000 0.965242
22545.00000 0.965463
22547.50000 0.965538
22550.00000 0.965452
22552.50000 0.965802
22555.00000 0.965996
22557.50000 0.966237
22560.00000 0.966372
22562.50000 0.966685
22565.00000 0.96698
22567.50000 0.967212
22570.00000 0.96728
22572.50000 0.967501
22575.00000 0.967805
22577.50000 0.967776
22580.00000 0.968204
22582.50000 0.968176
22585.00000 0.968651
22587.50000 0.968398
22590.00000 0.968933
22592.50000 0.969233
22595.00000 0.969455
22597.50000 0.969588
22600.00000 0.969996
22602.50000 0.969638
22605.00000 0.970245
22607.50000 0.970554
22610.00000 0.970682
22612.50000 0.970608
22615.00000 0.970763
22617.50000 0.971041
22620.00000 0.971255
22622.50000 0.971553
22625.00000 0.971563
22627.50000 0.971876
22630.00000 0.971995
22632.50000 0.97185
22635.00000 0.972127
22637.50000 0.972234
22640.00000 0.972442
22642.50000 0.972519
22645.00000 0.97262
22647.50000 0.972752
22650.00000 0.972943
22652.50000 0.972981
22655.00000 0.973052
22657.50000 0.973252
22660.00000 0.973288
22662.50000 0.973499
22665.00000 0.973365
22667.50000 0.973533
22670.00000 0.973341
22672.50000 0.973409
22675.00000 0.973499
22677.50000 0.973537
22680.00000 0.973373
22682.50000 0.97344
22685.00000 0.973543
22687.50000 0.973504
22690.00000 0.973324
22692.50000 0.97329
22695.00000 0.97333
22697.50000 0.973333
22700.00000 0.973018
22702.50000 0.973122
22705.00000 0.972928
22707.50000 0.972875
22710.00000 0.972699
22712.50000 0.972869
22715.00000 0.97264
22717.50000 0.972432
22720.00000 0.972144
22722.50000 0.97216
22725.00000 0.971898
22727.50000 0.971549
22730.00000 0.971269
22732.50000 0.971113
22735.00000 0.970509
22737.50000 0.970615
22740.00000 0.970294
22742.50000 0.970052
22745.00000 0.969709
22747.50000 0.969527
22750.00000 0.969027
22752.50000 0.968737
22755.00000 0.968088
22757.50000 0.967699
22760.00000 0.967177
22762.50000 0.966556
22765.00000 0.966153
22767.50000 0.96564
22770.00000 0.965212
22772.50000 0.964383
22775.00000 0.964018
22777.50000 0.963242
22780.00000 0.962499
22782.50000 0.961673
22785.00000 0.961128
22787.50000 0.960397
22790.00000 0.959258
22792.50000 0.95873
22795.00000 0.957461
22797.50000 0.956412
22800.00000 0.955759
22802.50000 0.954561
22805.00000 0.954028
22807.50000 0.952281
22810.00000 0.951338
22812.50000 0.950032
22815.00000 0.948682
22817.50000 0.947632
22820.00000 0.946072
22822.50000 0.944911
22825.00000 0.942857
22827.50000 0.941449
22830.00000 0.939925
22832.50000 0.937976
22835.00000 0.936772
22837.50000 0.934673
22840.00000 0.933364
22842.50000 0.930901
22845.00000 0.928734
22847.50000 0.926742
22850.00000 0.924367
22852.50000 0.922602
22855.00000 0.919743
22857.50000 0.917531
22860.00000 0.915058
22862.50000 0.912324
22865.00000 0.910234
22867.50000 0.906635
22870.00000 0.904516
22872.50000 0.901282
22875.00000 0.898136
22877.50000 0.895117
22880.00000 0.891463
22882.50000 0.88901
22885.00000 0.88455
22887.50000 0.881544
22890.00000 0.877572
22892.50000 0.873785
22895.00000 0.870152
22897.50000 0.865718
22900.00000 0.862455
22902.50000 0.857329
22905.00000 0.853575
22907.50000 0.848609
22910.00000 0.844314
22912.50000 0.839775
22915.00000 0.834048
22917.50000 0.830073
22920.00000 0.824088
22922.50000 0.819291
22925.00000 0.814028
22927.50000 0.808479
22930.00000 0.803827
22932.50000 0.796573
22935.00000 0.791824
22937.50000 0.78542
22940.00000 0.779146
22942.50000 0.773022
22945.00000 0.765942
22947.50000 0.760801
22950.00000 0.752264
22952.50000 0.746347
22955.00000 0.7395
22957.50000 0.732446
22960.00000 0.725584
22962.50000 0.717153
22965.00000 0.71087
22967.50000 0.702088
22970.00000 0.695022
22972.50000 0.686629
22975.00000 0.679029
22977.50000 0.671513
22980.00000 0.661958
22982.50000 0.654813
22985.00000 0.645786
22987.50000 0.637566
22990.00000 0.628637
22992.50000 0.620276
22995.00000 0.612517
22997.50000 0.602384
23000.00000 0.59422
23002.50000 0.584229
23005.00000 0.575785
23007.50000 0.566568
23010.00000 0.557108
23012.50000 0.549398
23015.00000 0.53863
23017.50000 0.529882
23020.00000 0.52039
23022.50000 0.510928
23025.00000 0.502486
23027.50000 0.491603
23030.00000 0.483959
23032.50000 0.473234
23035.00000 0.464289
23037.50000 0.454554
23040.00000 0.445411
23042.50000 0.437505
23045.00000 0.426438
23047.50000 0.418136
23050.00000 0.408049
23052.50000 0.399464
23055.00000 0.390237
23057.50000 0.381298
23060.00000 0.373614
23062.50000 0.362892
23065.00000 0.355236
23067.50000 0.345609
23070.00000 0.337645
23072.50000 0.329631
23075.00000 0.320433
23077.50000 0.313417
23080.00000 0.303918
23082.50000 0.296596
23085.00000 0.28842
23087.50000 0.280819
23090.00000 0.273831
23092.50000 0.265041
23095.00000 0.258765
23097.50000 0.250694
23100.00000 0.244048
23102.50000 0.237763
23105.00000 0.229313
23107.50000 0.22423
23110.00000 0.216507
23112.50000 0.210914
23115.00000 0.204779
23117.50000 0.198171
23120.00000 0.192878
23122.50000 0.186213
23125.00000 0.181458
23127.50000 0.175225
23130.00000 0.170356
23132.50000 0.165288
23135.00000 0.159731
23137.50000 0.155474
23140.00000 0.149775
23142.50000 0.145665
23145.00000 0.141055
23147.50000 0.136336
23150.00000 0.132598
23152.50000 0.127685
23155.00000 0.123944
23157.50000 0.119569
23160.00000 0.116113
23162.50000 0.112599
23165.00000 0.108424
23167.50000 0.105543
23170.00000 0.101449
23172.50000 0.098662
23175.00000 0.095154
23177.50000 0.091964
23180.00000 0.089437
23182.50000 0.086061
23185.00000 0.083769
23187.50000 0.080428
23190.00000 0.078186
23192.50000 0.075558
23195.00000 0.07305
23197.50000 0.071042
23200.00000 0.068194
23202.50000 0.066326
23205.00000 0.064016
23207.50000 0.062043
23210.00000 0.06009
23212.50000 0.057895
23215.00000 0.056347
23217.50000 0.054323
23220.00000 0.052803
23222.50000 0.050867
23225.00000 0.049275
23227.50000 0.047838
23230.00000 0.046115
23232.50000 0.04485
23235.00000 0.043229
23237.50000 0.042064
23240.00000 0.040584
23242.50000 0.039139
23245.00000 0.038098
23247.50000 0.036769
23250.00000 0.035794
23252.50000 0.034537
23255.00000 0.033548
23257.50000 0.032504
23260.00000 0.031389
23262.50000 0.030585
23265.00000 0.029438
23267.50000 0.028785
23270.00000 0.027803
23272.50000 0.026848
23275.00000 0.026153
23277.50000 0.025229
23280.00000 0.024509
23282.50000 0.023709
23285.00000 0.023128
23287.50000 0.022421
23290.00000 0.021678
23292.50000 0.021112
23295.00000 0.020391
23297.50000 0.019853
23300.00000 0.019202
23302.50000 0.01876
23305.00000 0.018177
23307.50000 0.017602
23310.00000 0.017153
23312.50000 0.016493
23315.00000 0.01619
23317.50000 0.015643
23320.00000 0.015182
23322.50000 0.0148
23325.00000 0.01427
23327.50000 0.013941
23330.00000 0.013508
23332.50000 0.013174
23335.00000 0.012899
23337.50000 0.012389
23340.00000 0.012147
23342.50000 0.01174
23345.00000 0.01148
23347.50000 0.011063
23350.00000 0.01087
23352.50000 0.010629
23355.00000 0.010259
23357.50000 0.010072
23360.00000 0.009735
23362.50000 0.009492
23365.00000 0.009181
23367.50000 0.009033
23370.00000 0.008775
23372.50000 0.008542
23375.00000 0.008297
23377.50000 0.008062
23380.00000 0.007895
23382.50000 0.007664
23385.00000 0.007466
23387.50000 0.007234
23390.00000 0.0071
23392.50000 0.006974
23395.00000 0.006777
23397.50000 0.006636
23400.00000 0.00646
23402.50000 0.006257
23405.00000 0.006095
23407.50000 0.005974
23410.00000 0.005828
23412.50000 0.005689
23415.00000 0.005617
23417.50000 0.005439
23420.00000 0.005356
23422.50000 0.005237
23425.00000 0.005007
23427.50000 0.004966
23430.00000 0.004842
23432.50000 0.004718
23435.00000 0.004628
23437.50000 0.004489
23440.00000 0.00445
23442.50000 0.004334
23445.00000 0.004204
23447.50000 0.004139
23450.00000 0.004102
23452.50000 0.003977
23455.00000 0.003845
23457.50000 0.003767
23460.00000 0.003659
23462.50000 0.003588
23465.00000 0.003548
23467.50000 0.003488
23470.00000 0.003418
23472.50000 0.003259
23475.00000 0.003234
23477.50000 0.003178
23480.00000 0.003096
23482.50000 0.003095
23485.00000 0.003029
23487.50000 0.002936
23490.00000 0.002876
23492.50000 0.002826
23495.00000 0.00278
23497.50000 0.002645
23500.00000 0.002661
23502.50000 0.002614
23505.00000 0.002612
23507.50000 0.002491
23510.00000 0.002404
23512.50000 0.00232
23515.00000 0.002343
23517.50000 0.002338
23520.00000 0.002282
23522.50000 0.002223
23525.00000 0.002217
23527.50000 0.002166
23530.00000 0.002092
23532.50000 0.002029
23535.00000 0.00204
23537.50000 0.002022
23540.00000 0.002002
23542.50000 0.001924
23545.00000 0.001919
23547.50000 0.001851
23550.00000 0.00178
23552.50000 0.00174
23555.00000 0.001704
23557.50000 0.001666
23560.00000 0.001691
23562.50000 0.001683
23565.00000 0.001632
23567.50000 0.001615
23570.00000 0.001598
23572.50000 0.001534
23575.00000 0.001535
23577.50000 0.001486
23580.00000 0.001484
23582.50000 0.001502
23585.00000 0.001363
23587.50000 0.001373
23590.00000 0.001375
23592.50000 0.001364
23595.00000 0.001395
23597.50000 0.001278
23600.00000 0.001234
23602.50000 0.001267
23605.00000 0.001235
23607.50000 0.001247
23610.00000 0.001229
23612.50000 0.001216
23615.00000 0.001155
23617.50000 0.001122
23620.00000 0.001127
23622.50000 0.001083
23625.00000 0.001086
23627.50000 0.001097
23630.00000 0.0011
23632.50000 0.001104
23635.00000 0.001066
23637.50000 0.000975
23640.00000 0.000983
23642.50000 0.001037
23645.00000 0.000957
23647.50000 0.000949
23650.00000 0.000887
23652.50000 0.000945
23655.00000 0.000904
23657.50000 0.000991
23660.00000 0.000909
23662.50000 0.000934
23665.00000 0.000831
23667.50000 0.000812
23670.00000 0.000869
23672.50000 0.000879
23675.00000 0.000846
23677.50000 0.000843
23680.00000 0.000789
23682.50000 0.000848
23685.00000 0.000823
23687.50000 0.000762
23690.00000 0.000738
23692.50000 0.000794
23695.00000 0.000756
23697.50000 0.000772
23700.00000 0.000692
23702.50000 0.000696
23705.00000 0.000714
23707.50000 0.000653
23710.00000 0.000638
23712.50000 0.000692
23715.00000 0.000698
23717.50000 0.000663
23720.00000 0.000661
23722.50000 0.000663
23725.00000 0.00063
23727.50000 0.00061
23730.00000 0.000623
23732.50000 0.000589
23735.00000 0.000597
23737.50000 0.00057
23740.00000 0.000528
23742.50000 0.000557
23745.00000 0.000577
23747.50000 0.000602
23750.00000 0.000532
23752.50000 0.000541
23755.00000 0.000524
23757.50000 0.000572
23760.00000 0.0005
23762.50000 0.000499
23765.00000 0.000528
23767.50000 0.000556
23770.00000 0.000492
23772.50000 0.000479
23775.00000 0.000501
23777.50000 0.00052
23780.00000 0.000463
23782.50000 0.000505
23785.00000 0.000432
23787.50000 0.000515
23790.00000 0.000491
23792.50000 0.000468
23795.00000 0.000475
23797.50000 0.000432
23800.00000 0.000471
23802.50000 0.000447
23805.00000 0.000444
23807.50000 0.000428
23810.00000 0.000401
23812.50000 0.000371
23815.00000 0.000394
23817.50000 0.000423
23820.00000 0.000375
23822.50000 0.000384
23825.00000 0.000408
23827.50000 0.000428
23830.00000 0.000447
23832.50000 0.00037
23835.00000 0.000372
23837.50000 0.000334
23840.00000 0.000286
23842.50000 0.000386
23845.00000 0.000338
23847.50000 0.000386
23850.00000 0.000326
23852.50000 0.000323
23855.00000 0.000335
23857.50000 0.000397
23860.00000 0.000374
23862.50000 0.000316
23865.00000 0.000342
23867.50000 0.000305
23870.00000 0.000324
23872.50000 0.000304
23875.00000 0.000302
23877.50000 0.000324
23880.00000 0.000298
23882.50000 0.000318
23885.00000 0.000304
23887.50000 0.000272
23890.00000 0.00026
23892.50000 0.000288
23895.00000 0.000306
23897.50000 0.000319
23900.00000 0.000341
23902.50000 0.000266
23905.00000 0.000304
23907.50000 0.000308
23910.00000 0.000322
23912.50000 0.000305
23915.00000 0.000315
23917.50000 0.000312
23920.00000 0.000264
23922.50000 0.000288
23925.00000 0.000299
23927.50000 0.000256
23930.00000 0.000225
23932.50000 0.00028
23935.00000 0.000288
23937.50000 0.000261
23940.00000 0.000293
23942.50000 0.000269
23945.00000 0.00026
23947.50000 0.000326
23950.00000 0.000278
23952.50000 0.000261
23955.00000 0.000221
23957.50000 0.000267
23960.00000 0.000262
23962.50000 0.000242
23965.00000 0.000259
23967.50000 0.000203
23970.00000 0.000213
23972.50000 0.00026
23975.00000 0.000231
23977.50000 0.000254
23980.00000 0.000206
23982.50000 0.000177
23985.00000 0.000233
23987.50000 0.000276
23990.00000 0.000233
23992.50000 0.000197
23995.00000 0.000265
23997.50000 0.000232
24000.00000 0.000214
24002.50000 0.00021
24005.00000 0.000191
24007.50000 0.000199
24010.00000 0.000225
24012.50000 0.00023
24015.00000 0.00021
24017.50000 0.000228
24020.00000 0.000169
24022.50000 0.000202
24025.00000 0.00027
24027.50000 0.000203
24030.00000 0.000229
24032.50000 0.000183
24035.00000 0.00024
24037.50000 0.000198
24040.00000 0.000259
