threeML/data/optical_filters/Gemini/GSAOI-Z.ecsv
# %ECSV 0.9
# ---
# datatype:
# - {name: wavelength, unit: Angstrom, datatype: float32}
# - {name: response, datatype: float32}
# meta: !!omap
# - {band_name: Z}
# - {group_name: GSAOI}
wavelength response
8077.50000 0.0
8975.00000 0.000596
8980.00000 0.000166
8985.00000 0.000168
8990.00000 0.00099
8995.00000 0.000804
9000.00000 0.000728
9005.00000 0.000683
9010.00000 0.000425
9015.00000 0.000297
9020.00000 0.000679
9025.00000 0.000726
9030.00000 0.000384
9035.00000 0.00164
9040.00000 0.001512
9045.00000 0.000937
9050.00000 0.000646
9055.00000 0.001194
9060.00000 0.001677
9065.00000 0.001152
9070.00000 0.00129
9075.00000 0.002027
9080.00000 0.001704
9085.00000 0.002649
9090.00000 0.00228
9095.00000 0.002145
9100.00000 0.003064
9105.00000 0.002727
9110.00000 0.002758
9115.00000 0.003573
9120.00000 0.003889
9125.00000 0.004706
9130.00000 0.005277
9135.00000 0.005773
9140.00000 0.006776
9145.00000 0.007451
9150.00000 0.008492
9155.00000 0.009732
9160.00000 0.010692
9165.00000 0.012231
9170.00000 0.013502
9175.00000 0.016472
9180.00000 0.018891
9185.00000 0.022373
9190.00000 0.025471
9195.00000 0.029905
9200.00000 0.034303
9205.00000 0.040292
9210.00000 0.048073
9215.00000 0.056497
9220.00000 0.066584
9225.00000 0.076755
9230.00000 0.089073
9235.00000 0.103923
9240.00000 0.121161
9245.00000 0.141242
9250.00000 0.162811
9255.00000 0.184336
9260.00000 0.207328
9265.00000 0.233266
9270.00000 0.260319
9275.00000 0.28953
9280.00000 0.31523
9285.00000 0.340362
9290.00000 0.364081
9295.00000 0.388206
9300.00000 0.410689
9305.00000 0.433532
9310.00000 0.454054
9315.00000 0.471346
9320.00000 0.488506
9325.00000 0.503322
9330.00000 0.51657
9335.00000 0.529053
9340.00000 0.540392
9345.00000 0.550923
9350.00000 0.558485
9355.00000 0.562991
9360.00000 0.567622
9365.00000 0.571872
9370.00000 0.572862
9375.00000 0.575811
9380.00000 0.574681
9385.00000 0.574963
9390.00000 0.574049
9395.00000 0.573383
9400.00000 0.573053
9405.00000 0.572809
9410.00000 0.573066
9415.00000 0.574428
9420.00000 0.575799
9425.00000 0.578655
9430.00000 0.581609
9435.00000 0.587176
9440.00000 0.590631
9445.00000 0.595904
9450.00000 0.600982
9455.00000 0.60904
9460.00000 0.615038
9465.00000 0.624874
9470.00000 0.630382
9475.00000 0.638797
9480.00000 0.646436
9485.00000 0.653668
9490.00000 0.660209
9495.00000 0.666897
9500.00000 0.674041
9505.00000 0.678871
9510.00000 0.682427
9515.00000 0.686084
9520.00000 0.690436
9525.00000 0.690617
9530.00000 0.692513
9535.00000 0.693877
9540.00000 0.693554
9545.00000 0.693038
9550.00000 0.693552
9555.00000 0.692215
9560.00000 0.691459
9565.00000 0.690199
9570.00000 0.689451
9575.00000 0.689847
9580.00000 0.688912
9585.00000 0.688795
9590.00000 0.689373
9595.00000 0.688983
9600.00000 0.691096
9605.00000 0.691599
9610.00000 0.694239
9615.00000 0.695012
9620.00000 0.696553
9625.00000 0.699403
9630.00000 0.703174
9635.00000 0.706047
9640.00000 0.707423
9645.00000 0.710115
9650.00000 0.713466
9655.00000 0.716287
9660.00000 0.718533
9665.00000 0.721718
9670.00000 0.723868
9675.00000 0.724729
9680.00000 0.726416
9685.00000 0.729897
9690.00000 0.731682
9695.00000 0.733986
9700.00000 0.733898
9705.00000 0.736462
9710.00000 0.736031
9715.00000 0.738244
9720.00000 0.738761
9725.00000 0.73878
9730.00000 0.741008
9735.00000 0.74131
9740.00000 0.742143
9745.00000 0.743333
9750.00000 0.742552
9755.00000 0.744702
9760.00000 0.745047
9765.00000 0.745185
9770.00000 0.746333
9775.00000 0.746237
9780.00000 0.747865
9785.00000 0.748963
9790.00000 0.747927
9795.00000 0.750448
9800.00000 0.751398
9805.00000 0.751819
9810.00000 0.752045
9815.00000 0.752681
9820.00000 0.75242
9825.00000 0.754261
9830.00000 0.754179
9835.00000 0.755407
9840.00000 0.753443
9845.00000 0.75486
9850.00000 0.756449
9855.00000 0.75705
9860.00000 0.756625
9865.00000 0.756748
9870.00000 0.756123
9875.00000 0.757339
9880.00000 0.756774
9885.00000 0.757328
9890.00000 0.756872
9895.00000 0.756673
9900.00000 0.755702
9905.00000 0.756679
9910.00000 0.756452
9915.00000 0.757163
9920.00000 0.756621
9925.00000 0.755948
9930.00000 0.756493
9935.00000 0.757223
9940.00000 0.755901
9945.00000 0.756438
9950.00000 0.757187
9955.00000 0.757502
9960.00000 0.758929
9965.00000 0.759702
9970.00000 0.75999
9975.00000 0.760084
9980.00000 0.762332
9985.00000 0.762347
9990.00000 0.761963
9995.00000 0.765175
10000.00000 0.765122
10005.00000 0.765509
10010.00000 0.76565
10015.00000 0.765483
10020.00000 0.768716
10025.00000 0.768891
10030.00000 0.769708
10035.00000 0.770972
10040.00000 0.772149
10045.00000 0.770719
10050.00000 0.773518
10055.00000 0.774049
10060.00000 0.773832
10065.00000 0.774108
10070.00000 0.774878
10075.00000 0.77537
10080.00000 0.773691
10085.00000 0.776137
10090.00000 0.775938
10095.00000 0.775255
10100.00000 0.777167
10105.00000 0.775502
10110.00000 0.776189
10115.00000 0.77586
10120.00000 0.775413
10125.00000 0.774903
10130.00000 0.774765
10135.00000 0.77597
10140.00000 0.775654
10145.00000 0.774981
10150.00000 0.776345
10155.00000 0.77623
10160.00000 0.77702
10165.00000 0.776979
10170.00000 0.777132
10175.00000 0.778378
10180.00000 0.779771
10185.00000 0.779829
10190.00000 0.780816
10195.00000 0.781383
10200.00000 0.782707
10205.00000 0.783833
10210.00000 0.785899
10215.00000 0.785507
10220.00000 0.78715
10225.00000 0.788157
10230.00000 0.791112
10235.00000 0.792576
10240.00000 0.792837
10245.00000 0.794103
10250.00000 0.79437
10255.00000 0.794354
10260.00000 0.795965
10265.00000 0.797577
10270.00000 0.797938
10275.00000 0.796764
10280.00000 0.798208
10285.00000 0.798957
10290.00000 0.795852
10295.00000 0.799198
10300.00000 0.797399
10305.00000 0.796872
10310.00000 0.79494
10315.00000 0.795037
10320.00000 0.791973
10325.00000 0.792407
10330.00000 0.79011
10335.00000 0.787511
10340.00000 0.78682
10345.00000 0.784791
10350.00000 0.783769
10355.00000 0.781456
10360.00000 0.779734
10365.00000 0.778364
10370.00000 0.776467
10375.00000 0.776279
10380.00000 0.773827
10385.00000 0.772569
10390.00000 0.769896
10395.00000 0.771739
10400.00000 0.771001
10405.00000 0.769186
10410.00000 0.768611
10415.00000 0.769396
10420.00000 0.768135
10425.00000 0.769014
10430.00000 0.771271
10435.00000 0.76952
10440.00000 0.770887
10445.00000 0.774228
10450.00000 0.775316
10455.00000 0.775514
10460.00000 0.776092
10465.00000 0.777648
10470.00000 0.779076
10475.00000 0.781086
10480.00000 0.784099
10485.00000 0.785631
10490.00000 0.790216
10495.00000 0.789667
10500.00000 0.792772
10505.00000 0.795433
10510.00000 0.797164
10515.00000 0.800612
10520.00000 0.80175
10525.00000 0.803288
10530.00000 0.803619
10535.00000 0.80674
10540.00000 0.809801
10545.00000 0.810463
10550.00000 0.811408
10555.00000 0.813893
10560.00000 0.814862
10565.00000 0.812854
10570.00000 0.814028
10575.00000 0.814968
10580.00000 0.815528
10585.00000 0.815205
10590.00000 0.814811
10595.00000 0.815763
10600.00000 0.816147
10605.00000 0.815138
10610.00000 0.817159
10615.00000 0.81565
10620.00000 0.81547
10625.00000 0.815225
10630.00000 0.814488
10635.00000 0.813313
10640.00000 0.813492
10645.00000 0.813449
10650.00000 0.813461
10655.00000 0.812794
10660.00000 0.812538
10665.00000 0.812065
10670.00000 0.812078
10675.00000 0.813605
10680.00000 0.813782
10685.00000 0.812909
10690.00000 0.816975
10695.00000 0.816183
10700.00000 0.815858
10705.00000 0.817012
10710.00000 0.818139
10715.00000 0.819637
10720.00000 0.819813
10725.00000 0.82045
10730.00000 0.82256
10735.00000 0.823151
10740.00000 0.823227
10745.00000 0.82529
10750.00000 0.826337
10755.00000 0.82488
10760.00000 0.824546
10765.00000 0.824581
10770.00000 0.825209
10775.00000 0.825734
10780.00000 0.825393
10785.00000 0.825383
10790.00000 0.822663
10795.00000 0.823037
10800.00000 0.822855
10805.00000 0.820648
10810.00000 0.819684
10815.00000 0.816748
10820.00000 0.813609
10825.00000 0.809839
10830.00000 0.805705
10835.00000 0.800074
10840.00000 0.796133
10845.00000 0.791613
10850.00000 0.782038
10855.00000 0.774885
10860.00000 0.765191
10865.00000 0.756676
10870.00000 0.747252
10875.00000 0.7323
10880.00000 0.719119
10885.00000 0.702723
10890.00000 0.68382
10895.00000 0.667662
10900.00000 0.646821
10905.00000 0.625902
10910.00000 0.603751
10915.00000 0.576365
10920.00000 0.54947
10925.00000 0.519985
10930.00000 0.492652
10935.00000 0.466218
10940.00000 0.436433
10945.00000 0.406632
10950.00000 0.374931
10955.00000 0.344529
10960.00000 0.317304
10965.00000 0.290596
10970.00000 0.265853
10975.00000 0.240727
10980.00000 0.216568
10985.00000 0.19483
10990.00000 0.175935
10995.00000 0.157881
11000.00000 0.141749
11005.00000 0.12626
11010.00000 0.111797
11015.00000 0.099761
11020.00000 0.088366
11025.00000 0.07905
11030.00000 0.070761
11035.00000 0.063232
11040.00000 0.056743
11045.00000 0.049983
11050.00000 0.044529
11055.00000 0.039074
11060.00000 0.035367
11065.00000 0.031725
11070.00000 0.028089
11075.00000 0.025467
11080.00000 0.022421
11085.00000 0.020342
11090.00000 0.017659
11095.00000 0.015926
11100.00000 0.01515
11105.00000 0.012776
11110.00000 0.012576
11115.00000 0.010954
11120.00000 0.010156
11125.00000 0.008905
11130.00000 0.0081
11135.00000 0.006838
11140.00000 0.007072
11145.00000 0.006125
11150.00000 0.005842
11155.00000 0.005197
11160.00000 0.00555
11165.00000 0.004396
11170.00000 0.004304
11175.00000 0.003463
11180.00000 0.002949
11185.00000 0.003092
11190.00000 0.003196
11195.00000 0.002772
11200.00000 0.002054
11205.00000 0.002478
11210.00000 0.001808
11215.00000 0.001599
11220.00000 0.001513
11225.00000 0.001688
11230.00000 0.001549
11235.00000 0.001616
11240.00000 0.000818
11245.00000 0.001418
11250.00000 0.0011
11255.00000 0.001501
11260.00000 0.00069
11265.00000 0.001046
11270.00000 0.001285
11275.00000 0.001256
11280.00000 0.000564
11285.00000 0.001094
11290.00000 0.00071
11295.00000 0.000897
11300.00000 0.000688
11305.00000 0.000564
11310.00000 0.00028
11315.00000 0.001011
11320.00000 0.001092
11325.00000 0.000803
11330.00000 0.000278
11335.00000 0.00073
11340.00000 0.000418
11345.00000 0.000986
11350.00000 0.000447
11355.00000 0.000398
11360.00000 0.00082
11365.00000 0.000197
12501.50000 0.0
