threeML/data/optical_filters/Gemini/GSAOI-Kprime.ecsv
# %ECSV 0.9
# ---
# datatype:
# - {name: wavelength, unit: Angstrom, datatype: float32}
# - {name: response, datatype: float32}
# meta: !!omap
# - {band_name: Kprime}
# - {group_name: GSAOI}
wavelength response
[from data line 1534]
22472.50000 0.968339
22475.00000 0.968588
22477.50000 0.969102
22480.00000 0.96907
22482.50000 0.969347
22485.00000 0.969343
22487.50000 0.969847
22490.00000 0.969977
22492.50000 0.970031
22495.00000 0.970374
22497.50000 0.970366
22500.00000 0.970596
22502.50000 0.970532
22505.00000 0.97087
22507.50000 0.970842
22510.00000 0.97099
22512.50000 0.970979
22515.00000 0.971193
22517.50000 0.971186
22520.00000 0.971118
22522.50000 0.971438
22525.00000 0.971034
22527.50000 0.971256
22530.00000 0.971015
22532.50000 0.971349
22535.00000 0.97107
22537.50000 0.971135
22540.00000 0.97109
22542.50000 0.971078
22545.00000 0.970903
22547.50000 0.971096
22550.00000 0.97074
22552.50000 0.970821
22555.00000 0.970747
22557.50000 0.97068
22560.00000 0.970428
22562.50000 0.970556
22565.00000 0.970256
22567.50000 0.970216
22570.00000 0.969989
22572.50000 0.970039
22575.00000 0.969886
22577.50000 0.969805
22580.00000 0.969654
22582.50000 0.969082
22585.00000 0.969203
22587.50000 0.969112
22590.00000 0.968876
22592.50000 0.968791
22595.00000 0.968293
22597.50000 0.968234
22600.00000 0.968133
22602.50000 0.967789
22605.00000 0.967433
22607.50000 0.967335
22610.00000 0.967063
22612.50000 0.966986
22615.00000 0.966612
22617.50000 0.966211
22620.00000 0.965811
22622.50000 0.965312
22625.00000 0.965092
22627.50000 0.964609
22630.00000 0.964392
22632.50000 0.963916
22635.00000 0.963305
22637.50000 0.962671
22640.00000 0.962123
22642.50000 0.961383
22645.00000 0.960639
22647.50000 0.960125
22650.00000 0.959
22652.50000 0.958292
22655.00000 0.957354
22657.50000 0.956038
22660.00000 0.955159
22662.50000 0.953882
22665.00000 0.952684
22667.50000 0.95101
22670.00000 0.949586
22672.50000 0.948104
22675.00000 0.946412
22677.50000 0.944418
22680.00000 0.942082
22682.50000 0.940494
22685.00000 0.937845
22687.50000 0.935525
22690.00000 0.933007
22692.50000 0.929906
22695.00000 0.92732
22697.50000 0.923686
22700.00000 0.92064
22702.50000 0.917059
22705.00000 0.912948
22707.50000 0.909434
22710.00000 0.904887
22712.50000 0.9013
22715.00000 0.895568
22717.50000 0.89092
22720.00000 0.885726
22722.50000 0.879699
22725.00000 0.874899
22727.50000 0.86793
22730.00000 0.862687
22732.50000 0.855379
22735.00000 0.848171
22737.50000 0.840988
22740.00000 0.832962
22742.50000 0.826453
22745.00000 0.817215
22747.50000 0.809901
22750.00000 0.800463
22752.50000 0.791099
22755.00000 0.782814
22757.50000 0.772003
22760.00000 0.763628
22762.50000 0.752239
22765.00000 0.742412
22767.50000 0.731388
22770.00000 0.719428
22772.50000 0.709641
22775.00000 0.697332
22777.50000 0.687415
22780.00000 0.674658
22782.50000 0.662366
22785.00000 0.650576
22787.50000 0.637156
22790.00000 0.626026
22792.50000 0.612564
22795.00000 0.601473
22797.50000 0.58803
22800.00000 0.574326
22802.50000 0.562549
22805.00000 0.548543
22807.50000 0.537155
22810.00000 0.523249
22812.50000 0.511688
22815.00000 0.498669
22817.50000 0.485084
22820.00000 0.473636
22822.50000 0.460061
22825.00000 0.449409
22827.50000 0.436308
22830.00000 0.424753
22832.50000 0.412849
22835.00000 0.400032
22837.50000 0.38986
22840.00000 0.377525
22842.50000 0.367501
22845.00000 0.35592
22847.50000 0.345123
22850.00000 0.334984
22852.50000 0.323728
22855.00000 0.315069
22857.50000 0.304419
22860.00000 0.295009
22862.50000 0.286088
22865.00000 0.276373
22867.50000 0.268124
22870.00000 0.258513
22872.50000 0.251046
22875.00000 0.242467
22877.50000 0.234482
22880.00000 0.227236
22882.50000 0.219357
22885.00000 0.212542
22887.50000 0.204757
22890.00000 0.198708
22892.50000 0.191712
22895.00000 0.185186
22897.50000 0.179241
22900.00000 0.173056
22902.50000 0.167722
22905.00000 0.161653
22907.50000 0.156525
22910.00000 0.151092
22912.50000 0.1459
22915.00000 0.141411
22917.50000 0.136439
22920.00000 0.132233
22922.50000 0.127605
22925.00000 0.123295
22927.50000 0.119121
22930.00000 0.115026
22932.50000 0.111773
22935.00000 0.107702
22937.50000 0.104487
22940.00000 0.100806
22942.50000 0.097296
22945.00000 0.094025
22947.50000 0.091053
22950.00000 0.088659
22952.50000 0.085415
22955.00000 0.082699
22957.50000 0.07991
22960.00000 0.077116
22962.50000 0.074873
22965.00000 0.072299
22967.50000 0.070321
22970.00000 0.067924
22972.50000 0.065745
22975.00000 0.063697
22977.50000 0.061597
22980.00000 0.059867
22982.50000 0.057859
22985.00000 0.056194
22987.50000 0.054382
22990.00000 0.052603
22992.50000 0.05094
22995.00000 0.049292
22997.50000 0.048108
23000.00000 0.046403
23002.50000 0.045136
23005.00000 0.043766
23007.50000 0.042364
23010.00000 0.041151
23012.50000 0.039893
23015.00000 0.038711
23017.50000 0.037529
23020.00000 0.036452
23022.50000 0.035387
23025.00000 0.03417
23027.50000 0.033416
23030.00000 0.032348
23032.50000 0.031401
23035.00000 0.030488
23037.50000 0.029541
23040.00000 0.028716
23042.50000 0.028067
23045.00000 0.02705
23047.50000 0.02663
23050.00000 0.025711
23052.50000 0.025085
23055.00000 0.024288
23057.50000 0.023485
23060.00000 0.022797
23062.50000 0.022377
23065.00000 0.02168
23067.50000 0.020905
23070.00000 0.020572
23072.50000 0.019814
23075.00000 0.01943
23077.50000 0.018828
23080.00000 0.018374
23082.50000 0.017811
23085.00000 0.017265
23087.50000 0.016984
23090.00000 0.016432
23092.50000 0.01609
23095.00000 0.015578
23097.50000 0.015187
23100.00000 0.014852
23102.50000 0.01442
23105.00000 0.014062
23107.50000 0.013577
23110.00000 0.013334
23112.50000 0.012961
23115.00000 0.012635
23117.50000 0.012313
23120.00000 0.012059
23122.50000 0.011703
23125.00000 0.011406
23127.50000 0.011132
23130.00000 0.01086
23132.50000 0.010525
23135.00000 0.010314
23137.50000 0.009999
23140.00000 0.009741
23142.50000 0.00956
23145.00000 0.009275
23147.50000 0.009112
23150.00000 0.00875
23152.50000 0.008601
23155.00000 0.008339
23157.50000 0.008219
23160.00000 0.008042
23162.50000 0.007738
23165.00000 0.007611
23167.50000 0.007356
23170.00000 0.007182
23172.50000 0.007058
23175.00000 0.006861
23177.50000 0.006798
23180.00000 0.006679
23182.50000 0.006486
23185.00000 0.006181
23187.50000 0.006073
23190.00000 0.005942
23192.50000 0.005802
23195.00000 0.005609
23197.50000 0.005552
23200.00000 0.005444
23202.50000 0.00523
23205.00000 0.00514
23207.50000 0.005054
23210.00000 0.004927
23212.50000 0.004833
23215.00000 0.004677
23217.50000 0.004545
23220.00000 0.004495
23222.50000 0.004401
23225.00000 0.004191
23227.50000 0.00406
23230.00000 0.00406
23232.50000 0.004024
23235.00000 0.003907
23237.50000 0.003695
23240.00000 0.003665
23242.50000 0.003701
23245.00000 0.003492
23247.50000 0.003453
23250.00000 0.003326
23252.50000 0.003334
23255.00000 0.003159
23257.50000 0.003045
23260.00000 0.003149
23262.50000 0.003012
23265.00000 0.002894
23267.50000 0.002869
23270.00000 0.002771
23272.50000 0.002733
23275.00000 0.002642
23277.50000 0.002631
23280.00000 0.002594
23282.50000 0.002544
23285.00000 0.002426
23287.50000 0.002266
23290.00000 0.002338
23292.50000 0.002235
23295.00000 0.002267
23297.50000 0.002252
23300.00000 0.002107
23302.50000 0.002058
23305.00000 0.001964
23307.50000 0.001915
23310.00000 0.00196
23312.50000 0.001991
23315.00000 0.001866
23317.50000 0.001789
23320.00000 0.001829
23322.50000 0.001698
23325.00000 0.001677
23327.50000 0.001652
23330.00000 0.001659
23332.50000 0.001562
23335.00000 0.001593
23337.50000 0.001527
23340.00000 0.00142
23342.50000 0.001335
23345.00000 0.001368
23347.50000 0.001407
23350.00000 0.001401
23352.50000 0.001369
23355.00000 0.001338
23357.50000 0.001194
23360.00000 0.001238
23362.50000 0.00126
23365.00000 0.00118
23367.50000 0.001198
23370.00000 0.00114
23372.50000 0.001007
23375.00000 0.001118
23377.50000 0.001044
23380.00000 0.001125
23382.50000 0.00099
23385.00000 0.001018
23387.50000 0.000991
23390.00000 0.000893
23392.50000 0.000946
23395.00000 0.000936
23397.50000 0.000909
23400.00000 0.000938
23402.50000 0.000859
23405.00000 0.000789
23407.50000 0.000865
23410.00000 0.000732
23412.50000 0.000773
23415.00000 0.000862
23417.50000 0.000801
23420.00000 0.000748
23422.50000 0.000686
23425.00000 0.000857
23427.50000 0.000549
23430.00000 0.000716
23432.50000 0.000639
23435.00000 0.000602
23437.50000 0.000696
23440.00000 0.000555
23442.50000 0.000704
23445.00000 0.000666
23447.50000 0.000602
23450.00000 0.000536
23452.50000 0.000534
23455.00000 0.000604
23457.50000 0.000555
23460.00000 0.000482
23462.50000 0.000573
23465.00000 0.00043
23467.50000 0.000658
23470.00000 0.000419
23472.50000 0.000492
23475.00000 0.000523
23477.50000 0.000472
23480.00000 0.000423
23482.50000 0.000428
23485.00000 0.000466
23487.50000 0.000549
23490.00000 0.000436
23492.50000 0.000468
23495.00000 0.00034
23497.50000 0.000441
23500.00000 0.000418
23502.50000 0.000408
23505.00000 0.000323
23507.50000 0.000323
23510.00000 0.000392
23512.50000 0.000413
23515.00000 0.000318
23517.50000 0.000314
23520.00000 0.000335
23522.50000 0.000384
23525.00000 0.000338
23527.50000 0.000296
23530.00000 0.000384
23532.50000 0.000171
23535.00000 0.000296
23537.50000 0.000349
23540.00000 0.000361
23542.50000 0.000283
23545.00000 0.000235
23547.50000 0.000374
23550.00000 0.000334
23552.50000 0.00013
23555.00000 0.000338
23557.50000 0.000194
23560.00000 0.000267
23562.50000 0.000254
23565.00000 0.000249
23567.50000 0.000332
23570.00000 0.000297
23572.50000 0.000278
23575.00000 0.000227
23577.50000 0.000249
23580.00000 0.000174
23582.50000 0.0002
23585.00000 0.000212
23587.50000 0.000253
23590.00000 0.000316
23592.50000 0.000201
23595.00000 0.000213
23597.50000 0.000201
23600.00000 0.000231
23602.50000 0.000183
23605.00000 0.000174
23607.50000 0.000179
23610.00000 0.000227
23612.50000 0.000218
23615.00000 0.000194
23617.50000 0.000173
23620.00000 0.000188
23622.50000 0.000255
23625.00000 0.000194
23627.50000 0.000177
23630.00000 0.000197
23632.50000 2.7e-05
23635.00000 7.9e-05
23637.50000 0.000213
23640.00000 9.5e-05
23642.50000 7e-05
23645.00000 0.000161
23647.50000 0.000166
23650.00000 0.000217
23652.50000 0.000144
23655.00000 0.000131
23657.50000 3.5e-05
23660.00000 0.00027
23662.50000 0.000183
23665.00000 0.000139
23667.50000 0.000178
23670.00000 0.000143
23672.50000 9.1e-05
23675.00000 5.7e-05
23677.50000 0.000123
23680.00000 0.000151
23682.50000 9.1e-05
23685.00000 0.000175
23687.50000 7.4e-05
23690.00000 0.000222
23692.50000 0.0001
23695.00000 6.9e-05
23697.50000 5.3e-05
23700.00000 9.6e-05
23702.50000 7e-05
26072.75000 0.0
