threeML/data/optical_filters/Gemini/GSAOI-K.ecsv
# %ECSV 0.9
# ---
# datatype:
# - {name: wavelength, unit: Angstrom, datatype: float32}
# - {name: response, datatype: float32}
# meta: !!omap
# - {band_name: K}
# - {group_name: GSAOI}
wavelength response
17190.00000 0.0
19100.00000 5.6e-05
19110.00000 0.000229
19120.00000 2.6e-05
19130.00000 6.5e-05
19140.00000 6.1e-05
19150.00000 6e-05
19160.00000 0.000119
19170.00000 2e-05
19180.00000 9.5e-05
19190.00000 9.7e-05
19200.00000 2.9e-05
19210.00000 9.7e-05
19220.00000 0.000173
19230.00000 5.7e-05
19240.00000 1e-06
19250.00000 4.5e-05
19260.00000 8e-05
19270.00000 0.000128
19280.00000 0.000113
19290.00000 2.6e-05
19300.00000 8.2e-05
19310.00000 6e-05
19320.00000 0.00013
19330.00000 5.8e-05
19340.00000 0.000154
19350.00000 0.000207
19360.00000 9e-05
19370.00000 8.2e-05
19380.00000 0.000145
19390.00000 0.000158
19400.00000 2.4e-05
19410.00000 9.5e-05
19420.00000 0.00017
19430.00000 7.8e-05
19440.00000 0.000176
19450.00000 8.6e-05
19460.00000 9.3e-05
19470.00000 0.000158
19480.00000 5.1e-05
19490.00000 7.1e-05
19500.00000 0.000118
19510.00000 0.000111
19520.00000 0.000127
19530.00000 0.000173
19540.00000 0.000201
19550.00000 0.000178
19560.00000 0.000298
19570.00000 0.000237
19580.00000 0.000193
19590.00000 0.000104
19600.00000 0.000198
19610.00000 0.000165
19620.00000 0.000293
19630.00000 0.000277
19640.00000 0.000297
19650.00000 0.000302
19660.00000 0.000265
19670.00000 0.000344
19680.00000 0.000446
19690.00000 0.000544
19700.00000 0.000441
19710.00000 0.000639
19720.00000 0.000574
19730.00000 0.000747
19740.00000 0.000657
19750.00000 0.000755
19760.00000 0.000948
19770.00000 0.001
19780.00000 0.001079
19790.00000 0.001178
19800.00000 0.001287
19810.00000 0.001379
19820.00000 0.001464
19830.00000 0.001638
19840.00000 0.001692
19850.00000 0.001882
19860.00000 0.001957
19870.00000 0.002249
19880.00000 0.002343
19890.00000 0.00265
19900.00000 0.002893
19910.00000 0.003115
19920.00000 0.003429
19930.00000 0.003713
19940.00000 0.00407
19950.00000 0.004564
19960.00000 0.004856
19970.00000 0.005545
19980.00000 0.006124
19990.00000 0.006817
20000.00000 0.007449
20010.00000 0.008401
20020.00000 0.009627
20030.00000 0.010883
20040.00000 0.012322
20050.00000 0.014161
20060.00000 0.016156
20070.00000 0.018516
20080.00000 0.021376
20090.00000 0.024811
20100.00000 0.028726
20110.00000 0.033549
20120.00000 0.039151
20130.00000 0.045561
20140.00000 0.053278
20150.00000 0.062496
20160.00000 0.072666
20170.00000 0.084505
20180.00000 0.098416
20190.00000 0.113614
20200.00000 0.13075
20210.00000 0.150719
20220.00000 0.170981
20230.00000 0.193639
20240.00000 0.218472
20250.00000 0.244049
20260.00000 0.270795
20270.00000 0.299178
20280.00000 0.329127
20290.00000 0.358974
20300.00000 0.391496
20310.00000 0.424368
20320.00000 0.457542
20330.00000 0.492607
20340.00000 0.528762
20350.00000 0.564369
20360.00000 0.600847
20370.00000 0.638966
20380.00000 0.674819
20390.00000 0.709993
20400.00000 0.745489
20410.00000 0.776276
20420.00000 0.805485
20430.00000 0.832019
20440.00000 0.854624
20450.00000 0.873241
20460.00000 0.889099
20470.00000 0.900524
20480.00000 0.908432
20490.00000 0.913828
20500.00000 0.916557
20510.00000 0.917298
20520.00000 0.916629
20530.00000 0.914843
20540.00000 0.912662
20550.00000 0.9101
20560.00000 0.907591
20570.00000 0.905752
20580.00000 0.904139
20590.00000 0.903106
20600.00000 0.902717
20610.00000 0.902677
20620.00000 0.903669
20630.00000 0.905229
20640.00000 0.907116
20650.00000 0.909814
20660.00000 0.912426
20670.00000 0.915521
20680.00000 0.918633
20690.00000 0.921595
20700.00000 0.924621
20710.00000 0.927637
20720.00000 0.93011
20730.00000 0.932832
20740.00000 0.934798
20750.00000 0.936651
20760.00000 0.938448
20770.00000 0.939458
20780.00000 0.940013
20790.00000 0.940973
20800.00000 0.941461
20810.00000 0.941956
20820.00000 0.941854
20830.00000 0.941615
20840.00000 0.941416
20850.00000 0.941632
20860.00000 0.941218
20870.00000 0.941403
20880.00000 0.941346
20890.00000 0.941504
20900.00000 0.941956
20910.00000 0.942531
20920.00000 0.942734
20930.00000 0.943542
20940.00000 0.944119
20950.00000 0.944823
20960.00000 0.945585
20970.00000 0.946811
20980.00000 0.947673
20990.00000 0.94872
21000.00000 0.949106
21010.00000 0.949963
21020.00000 0.950759
21030.00000 0.951207
21040.00000 0.95176
21050.00000 0.951816
21060.00000 0.952244
21070.00000 0.951632
21080.00000 0.951308
21090.00000 0.95076
21100.00000 0.949935
21110.00000 0.949288
21120.00000 0.948008
21130.00000 0.946472
21140.00000 0.945266
21150.00000 0.94324
21160.00000 0.94141
21170.00000 0.939655
21180.00000 0.937907
21190.00000 0.936085
21200.00000 0.934158
21210.00000 0.93178
21220.00000 0.930252
21230.00000 0.92817
21240.00000 0.926263
21250.00000 0.924986
21260.00000 0.923185
21270.00000 0.92205
21280.00000 0.920935
21290.00000 0.920103
21300.00000 0.919514
21310.00000 0.918624
21320.00000 0.918347
21330.00000 0.918223
21340.00000 0.918252
21350.00000 0.918929
21360.00000 0.919331
21370.00000 0.92038
21380.00000 0.921338
21390.00000 0.922331
21400.00000 0.923688
21410.00000 0.92546
21420.00000 0.927112
21430.00000 0.928963
21440.00000 0.930839
21450.00000 0.933197
21460.00000 0.935119
21470.00000 0.937344
21480.00000 0.939256
21490.00000 0.941404
21500.00000 0.943435
21510.00000 0.94579
21520.00000 0.947677
21530.00000 0.949834
21540.00000 0.951914
21550.00000 0.95369
21560.00000 0.955545
21570.00000 0.957631
21580.00000 0.959257
21590.00000 0.96111
21600.00000 0.962662
21610.00000 0.964213
21620.00000 0.965941
21630.00000 0.96725
21640.00000 0.96835
21650.00000 0.969664
21660.00000 0.97108
21670.00000 0.972191
21680.00000 0.973364
21690.00000 0.974538
21700.00000 0.975355
21710.00000 0.976261
21720.00000 0.97698
21730.00000 0.977893
21740.00000 0.978452
21750.00000 0.978939
21760.00000 0.979623
21770.00000 0.979851
21780.00000 0.980353
21790.00000 0.98062
21800.00000 0.980672
21810.00000 0.980256
21820.00000 0.979969
21830.00000 0.979376
21840.00000 0.979275
21850.00000 0.978485
21860.00000 0.977758
21870.00000 0.977051
21880.00000 0.976106
21890.00000 0.974483
21900.00000 0.973255
21910.00000 0.971982
21920.00000 0.970394
21930.00000 0.968849
21940.00000 0.967424
21950.00000 0.965999
21960.00000 0.964332
21970.00000 0.962385
21980.00000 0.960771
21990.00000 0.959033
22000.00000 0.957718
22010.00000 0.956301
22020.00000 0.955007
22030.00000 0.954137
22040.00000 0.952805
22050.00000 0.951595
22060.00000 0.950859
22070.00000 0.949907
22080.00000 0.949243
22090.00000 0.948904
22100.00000 0.948645
22110.00000 0.948372
22120.00000 0.948007
22130.00000 0.948081
22140.00000 0.947698
22150.00000 0.947505
22160.00000 0.947778
22170.00000 0.94787
22180.00000 0.947829
22190.00000 0.94773
22200.00000 0.947809
22210.00000 0.947871
22220.00000 0.948056
22230.00000 0.947635
22240.00000 0.947037
22250.00000 0.946953
22260.00000 0.946768
22270.00000 0.946344
22280.00000 0.945793
22290.00000 0.944787
22300.00000 0.944157
22310.00000 0.943422
22320.00000 0.943002
22330.00000 0.94173
22340.00000 0.941001
22350.00000 0.940511
22360.00000 0.939668
22370.00000 0.938855
22380.00000 0.938008
22390.00000 0.937222
22400.00000 0.936723
22410.00000 0.936425
22420.00000 0.936284
22430.00000 0.935965
22440.00000 0.935941
22450.00000 0.935828
22460.00000 0.93589
22470.00000 0.936364
22480.00000 0.936672
22490.00000 0.937753
22500.00000 0.9386
22510.00000 0.93963
22520.00000 0.940725
22530.00000 0.941854
22540.00000 0.942816
22550.00000 0.944364
22560.00000 0.945611
22570.00000 0.947197
22580.00000 0.948896
22590.00000 0.950509
22600.00000 0.95179
22610.00000 0.953419
22620.00000 0.954619
22630.00000 0.956268
22640.00000 0.957614
22650.00000 0.959116
22660.00000 0.960218
22670.00000 0.96104
22680.00000 0.961975
22690.00000 0.962594
22700.00000 0.963348
22710.00000 0.964055
22720.00000 0.964159
22730.00000 0.964497
22740.00000 0.96454
22750.00000 0.964606
22760.00000 0.964805
22770.00000 0.964526
22780.00000 0.964614
22790.00000 0.964259
22800.00000 0.964244
22810.00000 0.963995
22820.00000 0.964031
22830.00000 0.963916
22840.00000 0.963892
22850.00000 0.963579
22860.00000 0.963639
22870.00000 0.963897
22880.00000 0.963913
22890.00000 0.96427
22900.00000 0.964534
22910.00000 0.96502
22920.00000 0.965368
22930.00000 0.965602
22940.00000 0.965577
22950.00000 0.966309
22960.00000 0.966918
22970.00000 0.967138
22980.00000 0.967715
22990.00000 0.968276
23000.00000 0.968199
23010.00000 0.968234
23020.00000 0.968437
23030.00000 0.968588
23040.00000 0.96844
23050.00000 0.968156
23060.00000 0.96767
23070.00000 0.967201
23080.00000 0.966566
23090.00000 0.966063
23100.00000 0.965385
23110.00000 0.964771
23120.00000 0.963932
23130.00000 0.963101
23140.00000 0.962818
23150.00000 0.961876
23160.00000 0.962103
23170.00000 0.961506
23180.00000 0.961545
23190.00000 0.961514
23200.00000 0.961718
23210.00000 0.96196
23220.00000 0.962369
23230.00000 0.963346
23240.00000 0.964233
23250.00000 0.964801
23260.00000 0.965641
23270.00000 0.966573
23280.00000 0.966967
23290.00000 0.967608
23300.00000 0.96789
23310.00000 0.967612
23320.00000 0.966991
23330.00000 0.965443
23340.00000 0.963244
23350.00000 0.960643
23360.00000 0.956572
23370.00000 0.951305
23380.00000 0.945091
23390.00000 0.937416
23400.00000 0.928211
23410.00000 0.917373
23420.00000 0.90518
23430.00000 0.891315
23440.00000 0.875008
23450.00000 0.85749
23460.00000 0.837762
23470.00000 0.815356
23480.00000 0.792286
23490.00000 0.76607
23500.00000 0.737483
23510.00000 0.707495
23520.00000 0.67535
23530.00000 0.639593
23540.00000 0.604358
23550.00000 0.567915
23560.00000 0.527981
23570.00000 0.490722
23580.00000 0.451866
23590.00000 0.412922
23600.00000 0.374885
23610.00000 0.339919
23620.00000 0.304869
23630.00000 0.272336
23640.00000 0.243195
23650.00000 0.215069
23660.00000 0.189509
23670.00000 0.167407
23680.00000 0.146814
23690.00000 0.128468
23700.00000 0.112815
23710.00000 0.098796
23720.00000 0.085795
23730.00000 0.075402
23740.00000 0.066169
23750.00000 0.057843
23760.00000 0.050838
23770.00000 0.044719
23780.00000 0.039183
23790.00000 0.034706
23800.00000 0.030737
23810.00000 0.027194
23820.00000 0.024151
23830.00000 0.021458
23840.00000 0.019015
23850.00000 0.017032
23860.00000 0.015349
23870.00000 0.013656
23880.00000 0.012301
23890.00000 0.011142
23900.00000 0.010025
23910.00000 0.008867
23920.00000 0.00806
23930.00000 0.007483
23940.00000 0.006807
23950.00000 0.006195
23960.00000 0.005567
23970.00000 0.00514
23980.00000 0.004775
23990.00000 0.004378
24000.00000 0.003957
24010.00000 0.003608
24020.00000 0.003329
24030.00000 0.00309
24040.00000 0.002883
24050.00000 0.002539
24060.00000 0.00253
24070.00000 0.002248
24080.00000 0.002169
24090.00000 0.001899
24100.00000 0.001893
24110.00000 0.001646
24120.00000 0.001596
24130.00000 0.001534
24140.00000 0.001416
24150.00000 0.001415
24160.00000 0.001245
24170.00000 0.001317
24180.00000 0.001086
24190.00000 0.00108
24200.00000 0.001029
24210.00000 0.000948
24220.00000 0.000912
24230.00000 0.000787
24240.00000 0.000783
24250.00000 0.000714
24260.00000 0.000603
24270.00000 0.000687
24280.00000 0.000673
24290.00000 0.00051
24300.00000 0.00053
24310.00000 0.000484
24320.00000 0.000481
24330.00000 0.000499
24340.00000 0.000475
24350.00000 0.000366
24360.00000 0.000456
24370.00000 0.000322
24380.00000 0.000396
24390.00000 0.000286
24400.00000 0.000321
24410.00000 0.000266
24420.00000 0.000292
24430.00000 0.000259
24440.00000 0.000223
24450.00000 0.00024
24460.00000 0.000215
24470.00000 0.000142
24480.00000 0.000226
24490.00000 0.000222
24500.00000 0.000241
24510.00000 0.000214
24520.00000 0.000246
24530.00000 0.000132
24540.00000 0.000117
24550.00000 9.4e-05
24560.00000 6.7e-05
24570.00000 0.000211
24580.00000 0.000124
24590.00000 4.9e-05
24600.00000 0.000176
24610.00000 0.000168
24620.00000 0.000137
24630.00000 0.000123
24640.00000 5.8e-05
24650.00000 0.000104
24660.00000 0.000122
24670.00000 0.000134
24680.00000 0.000121
24690.00000 5.2e-05
24700.00000 9.6e-05
24710.00000 0.000173
24720.00000 5.6e-05
24730.00000 9e-06
24740.00000 0.000113
24750.00000 7.7e-05
24760.00000 0.000114
24770.00000 3.4e-05
24780.00000 1.3e-05
24790.00000 0.00011
24800.00000 9.7e-05
24810.00000 6.9e-05
24820.00000 2.4e-05
24830.00000 6e-05
27313.00000 0.0
