threeML/data/optical_filters/Gemini/GSAOI-FeII.ecsv
# %ECSV 0.9
# ---
# datatype:
# - {name: wavelength, unit: Angstrom, datatype: float32}
# - {name: response, datatype: float32}
# meta: !!omap
# - {band_name: FeII}
# - {group_name: GSAOI}
wavelength response
14535.00000 0.0
16150.00000 0.00082
16151.00000 0.000802
16152.00000 0.000879
16153.00000 0.000836
16154.00000 0.000886
16155.00000 0.000972
16156.00000 0.000941
16157.00000 0.000972
16158.00000 0.000978
16159.00000 0.000972
16160.00000 0.001102
16161.00000 0.001059
16162.00000 0.001069
16163.00000 0.0011
16164.00000 0.001122
16165.00000 0.001174
16166.00000 0.001217
16167.00000 0.001191
16168.00000 0.001249
16169.00000 0.001282
16170.00000 0.00131
16171.00000 0.001324
16172.00000 0.001358
16173.00000 0.001402
16174.00000 0.001446
16175.00000 0.001471
16176.00000 0.001433
16177.00000 0.001514
16178.00000 0.001605
16179.00000 0.001618
16180.00000 0.001637
16181.00000 0.001723
16182.00000 0.001748
16183.00000 0.001791
16184.00000 0.001871
16185.00000 0.001852
16186.00000 0.001903
16187.00000 0.001947
16188.00000 0.002009
16189.00000 0.002084
16190.00000 0.002107
16191.00000 0.002188
16192.00000 0.002271
16193.00000 0.002324
16194.00000 0.002377
16195.00000 0.002464
16196.00000 0.002507
16197.00000 0.002591
16198.00000 0.002651
16199.00000 0.002701
16200.00000 0.002819
16201.00000 0.002907
16202.00000 0.002942
16203.00000 0.003054
16204.00000 0.003139
16205.00000 0.00319
16206.00000 0.003283
16207.00000 0.003405
16208.00000 0.003475
16209.00000 0.003621
16210.00000 0.003667
16211.00000 0.003767
16212.00000 0.003923
16213.00000 0.004027
16214.00000 0.004169
16215.00000 0.004227
16216.00000 0.004401
16217.00000 0.004518
16218.00000 0.004627
16219.00000 0.004766
16220.00000 0.004878
16221.00000 0.00511
16222.00000 0.005204
16223.00000 0.005409
16224.00000 0.005474
16225.00000 0.00568
16226.00000 0.005902
16227.00000 0.006029
16228.00000 0.006255
16229.00000 0.006417
16230.00000 0.006633
16231.00000 0.00683
16232.00000 0.007041
16233.00000 0.007238
16234.00000 0.007552
16235.00000 0.007766
16236.00000 0.008008
16237.00000 0.008246
16238.00000 0.008471
16239.00000 0.008744
16240.00000 0.009064
16241.00000 0.009334
16242.00000 0.00963
16243.00000 0.009967
16244.00000 0.010359
16245.00000 0.010637
16246.00000 0.010991
16247.00000 0.011353
16248.00000 0.011807
16249.00000 0.012174
16250.00000 0.012535
16251.00000 0.012927
16252.00000 0.013412
16253.00000 0.013862
16254.00000 0.014314
16255.00000 0.014754
16256.00000 0.015324
16257.00000 0.015867
16258.00000 0.016356
16259.00000 0.016923
16260.00000 0.017558
16261.00000 0.018182
16262.00000 0.018779
16263.00000 0.019522
16264.00000 0.020148
16265.00000 0.020983
16266.00000 0.021666
16267.00000 0.022484
16268.00000 0.023303
16269.00000 0.0241
16270.00000 0.025061
16271.00000 0.025884
16272.00000 0.026785
16273.00000 0.027792
16274.00000 0.028949
16275.00000 0.029748
16276.00000 0.03093
16277.00000 0.032102
16278.00000 0.033473
16279.00000 0.034575
16280.00000 0.035887
16281.00000 0.037173
16282.00000 0.038858
16283.00000 0.04037
16284.00000 0.041866
16285.00000 0.043562
16286.00000 0.045211
16287.00000 0.047008
16288.00000 0.048665
16289.00000 0.050526
16290.00000 0.05253
16291.00000 0.054779
16292.00000 0.056619
16293.00000 0.058726
16294.00000 0.061231
16295.00000 0.063739
16296.00000 0.066219
16297.00000 0.068531
16298.00000 0.071457
16299.00000 0.074732
16300.00000 0.077529
16301.00000 0.080616
16302.00000 0.084074
16303.00000 0.08728
16304.00000 0.090948
16305.00000 0.094078
16306.00000 0.097745
16307.00000 0.101866
16308.00000 0.106315
16309.00000 0.11031
16310.00000 0.114227
16311.00000 0.119285
16312.00000 0.124121
16313.00000 0.128997
16314.00000 0.133111
16315.00000 0.138945
16316.00000 0.145036
16317.00000 0.150625
16318.00000 0.156173
16319.00000 0.162822
16320.00000 0.169095
16321.00000 0.175987
16322.00000 0.182497
16323.00000 0.188706
16324.00000 0.196583
16325.00000 0.204513
16326.00000 0.21188
16327.00000 0.219386
16328.00000 0.22811
16329.00000 0.236158
16330.00000 0.245361
16331.00000 0.253408
16332.00000 0.262575
16333.00000 0.272643
16334.00000 0.282985
16335.00000 0.29242
16336.00000 0.302949
16337.00000 0.313159
16338.00000 0.324672
16339.00000 0.335016
16340.00000 0.344828
16341.00000 0.356704
16342.00000 0.368519
16343.00000 0.380272
16344.00000 0.389989
16345.00000 0.403573
16346.00000 0.414878
16347.00000 0.428597
16348.00000 0.439558
16349.00000 0.451396
16350.00000 0.465681
16351.00000 0.479174
16352.00000 0.491855
16353.00000 0.505056
16354.00000 0.517699
16355.00000 0.531095
16356.00000 0.543845
16357.00000 0.553415
16358.00000 0.568507
16359.00000 0.580962
16360.00000 0.593732
16361.00000 0.604163
16362.00000 0.617557
16363.00000 0.629599
16364.00000 0.643034
16365.00000 0.654049
16366.00000 0.664461
16367.00000 0.677329
16368.00000 0.689115
16369.00000 0.700253
16370.00000 0.70912
16371.00000 0.721121
16372.00000 0.731131
16373.00000 0.741139
16374.00000 0.749327
16375.00000 0.758381
16376.00000 0.768108
16377.00000 0.776342
16378.00000 0.78395
16379.00000 0.791511
16380.00000 0.79943
16381.00000 0.806977
16382.00000 0.813396
16383.00000 0.819696
16384.00000 0.825945
16385.00000 0.831951
16386.00000 0.837627
16387.00000 0.842159
16388.00000 0.847445
16389.00000 0.852124
16390.00000 0.856502
16391.00000 0.860107
16392.00000 0.864018
16393.00000 0.867792
16394.00000 0.870628
16395.00000 0.873377
16396.00000 0.875806
16397.00000 0.878224
16398.00000 0.880417
16399.00000 0.882266
16400.00000 0.884024
16401.00000 0.885553
16402.00000 0.886824
16403.00000 0.888185
16404.00000 0.889281
16405.00000 0.890151
16406.00000 0.891035
16407.00000 0.891782
16408.00000 0.892384
16409.00000 0.892726
16410.00000 0.893126
16411.00000 0.893267
16412.00000 0.893461
16413.00000 0.893461
16414.00000 0.8937
16415.00000 0.893435
16416.00000 0.89343
16417.00000 0.893318
16418.00000 0.893333
16419.00000 0.893204
16420.00000 0.89311
16421.00000 0.892933
16422.00000 0.892976
16423.00000 0.892615
16424.00000 0.892314
16425.00000 0.892082
16426.00000 0.891838
16427.00000 0.891422
16428.00000 0.891146
16429.00000 0.890905
16430.00000 0.890634
16431.00000 0.890495
16432.00000 0.890313
16433.00000 0.890294
16434.00000 0.890132
16435.00000 0.890178
16436.00000 0.88998
16437.00000 0.889974
16438.00000 0.890042
16439.00000 0.8899
16440.00000 0.889796
16441.00000 0.889673
16442.00000 0.889908
16443.00000 0.88973
16444.00000 0.889998
16445.00000 0.88978
16446.00000 0.890083
16447.00000 0.890182
16448.00000 0.890257
16449.00000 0.890681
16450.00000 0.890969
16451.00000 0.891109
16452.00000 0.891367
16453.00000 0.891746
16454.00000 0.891982
16455.00000 0.892176
16456.00000 0.892387
16457.00000 0.892972
16458.00000 0.893189
16459.00000 0.893665
16460.00000 0.894116
16461.00000 0.89451
16462.00000 0.89502
16463.00000 0.895566
16464.00000 0.896082
16465.00000 0.896791
16466.00000 0.897073
16467.00000 0.897629
16468.00000 0.898011
16469.00000 0.898442
16470.00000 0.898785
16471.00000 0.899294
16472.00000 0.899729
16473.00000 0.900227
16474.00000 0.900881
16475.00000 0.901318
16476.00000 0.901841
16477.00000 0.902423
16478.00000 0.902841
16479.00000 0.903195
16480.00000 0.903644
16481.00000 0.904109
16482.00000 0.904434
16483.00000 0.904859
16484.00000 0.905143
16485.00000 0.905537
16486.00000 0.905866
16487.00000 0.906271
16488.00000 0.906683
16489.00000 0.907055
16490.00000 0.907464
16491.00000 0.907769
16492.00000 0.908189
16493.00000 0.908347
16494.00000 0.908545
16495.00000 0.908635
16496.00000 0.909016
16497.00000 0.909039
16498.00000 0.909404
16499.00000 0.909133
16500.00000 0.909251
16501.00000 0.909448
16502.00000 0.909505
16503.00000 0.909677
16504.00000 0.909782
16505.00000 0.91003
16506.00000 0.910069
16507.00000 0.90998
16508.00000 0.909812
16509.00000 0.90984
16510.00000 0.909897
16511.00000 0.909635
16512.00000 0.909436
16513.00000 0.909511
16514.00000 0.909216
16515.00000 0.908947
16516.00000 0.908667
16517.00000 0.90879
16518.00000 0.908687
16519.00000 0.908547
16520.00000 0.908177
16521.00000 0.907949
16522.00000 0.907847
16523.00000 0.907232
16524.00000 0.907112
16525.00000 0.906821
16526.00000 0.906493
16527.00000 0.90608
16528.00000 0.905775
16529.00000 0.905147
16530.00000 0.905108
16531.00000 0.904761
16532.00000 0.90454
16533.00000 0.904105
16534.00000 0.903952
16535.00000 0.903273
16536.00000 0.902851
16537.00000 0.902327
16538.00000 0.902074
16539.00000 0.901379
16540.00000 0.900575
16541.00000 0.899853
16542.00000 0.8991
16543.00000 0.898566
16544.00000 0.897468
16545.00000 0.896766
16546.00000 0.896175
16547.00000 0.895336
16548.00000 0.894046
16549.00000 0.89319
16550.00000 0.89211
16551.00000 0.890683
16552.00000 0.889373
16553.00000 0.887913
16554.00000 0.886239
16555.00000 0.88447
16556.00000 0.882785
16557.00000 0.880429
16558.00000 0.878688
16559.00000 0.876161
16560.00000 0.87397
16561.00000 0.871185
16562.00000 0.868675
16563.00000 0.866041
16564.00000 0.862693
16565.00000 0.858922
16566.00000 0.85554
16567.00000 0.85188
16568.00000 0.847616
16569.00000 0.843089
16570.00000 0.838657
16571.00000 0.833964
16572.00000 0.829012
16573.00000 0.823375
16574.00000 0.81752
16575.00000 0.81172
16576.00000 0.805344
16577.00000 0.798704
16578.00000 0.791266
16579.00000 0.784249
16580.00000 0.7769
16581.00000 0.768682
16582.00000 0.760493
16583.00000 0.752407
16584.00000 0.74289
16585.00000 0.733273
16586.00000 0.723499
16587.00000 0.713902
16588.00000 0.704083
16589.00000 0.69324
16590.00000 0.683082
16591.00000 0.671458
16592.00000 0.660678
16593.00000 0.647653
16594.00000 0.636386
16595.00000 0.624468
16596.00000 0.611508
16597.00000 0.599278
16598.00000 0.586437
16599.00000 0.575125
16600.00000 0.561668
16601.00000 0.547985
16602.00000 0.534436
16603.00000 0.522657
16604.00000 0.510197
16605.00000 0.496443
16606.00000 0.482597
16607.00000 0.470757
16608.00000 0.457844
16609.00000 0.44575
16610.00000 0.430627
16611.00000 0.419354
16612.00000 0.406734
16613.00000 0.393375
16614.00000 0.380662
16615.00000 0.368742
16616.00000 0.357884
16617.00000 0.346766
16618.00000 0.333936
16619.00000 0.321843
16620.00000 0.31158
16621.00000 0.302043
16622.00000 0.291043
16623.00000 0.279706
16624.00000 0.270032
16625.00000 0.260992
16626.00000 0.252275
16627.00000 0.240406
16628.00000 0.232763
16629.00000 0.224004
16630.00000 0.216158
16631.00000 0.20652
16632.00000 0.199126
16633.00000 0.191804
16634.00000 0.185432
16635.00000 0.178299
16636.00000 0.17019
16637.00000 0.164101
16638.00000 0.158046
16639.00000 0.152372
16640.00000 0.144946
16641.00000 0.139494
16642.00000 0.134583
16643.00000 0.129455
16644.00000 0.123352
16645.00000 0.118478
16646.00000 0.114146
16647.00000 0.109655
16648.00000 0.105271
16649.00000 0.10113
16650.00000 0.097276
16651.00000 0.093885
16652.00000 0.090041
16653.00000 0.085929
16654.00000 0.082935
16655.00000 0.079894
16656.00000 0.077264
16657.00000 0.073416
16658.00000 0.07075
16659.00000 0.068127
16660.00000 0.065602
16661.00000 0.062703
16662.00000 0.060258
16663.00000 0.058134
16664.00000 0.055955
16665.00000 0.05379
16666.00000 0.051646
16667.00000 0.049815
16668.00000 0.04824
16669.00000 0.046569
16670.00000 0.044433
16671.00000 0.042935
16672.00000 0.041396
16673.00000 0.040049
16674.00000 0.03839
16675.00000 0.036999
16676.00000 0.035773
16677.00000 0.03457
16678.00000 0.033177
16679.00000 0.032029
16680.00000 0.030941
16681.00000 0.029936
16682.00000 0.028944
16683.00000 0.027849
16684.00000 0.026934
16685.00000 0.026136
16686.00000 0.025291
16687.00000 0.024368
16688.00000 0.023534
16689.00000 0.022759
16690.00000 0.022135
16691.00000 0.021373
16692.00000 0.020583
16693.00000 0.019948
16694.00000 0.01934
16695.00000 0.018695
16696.00000 0.018065
16697.00000 0.017526
16698.00000 0.016968
16699.00000 0.016527
16700.00000 0.015948
16701.00000 0.015428
16702.00000 0.014983
16703.00000 0.01459
16704.00000 0.01415
16705.00000 0.013661
16706.00000 0.013251
16707.00000 0.012955
16708.00000 0.01258
16709.00000 0.012126
16710.00000 0.011811
16711.00000 0.011498
16712.00000 0.011138
16713.00000 0.010833
16714.00000 0.01047
16715.00000 0.01022
16716.00000 0.009977
16717.00000 0.009646
16718.00000 0.009331
16719.00000 0.009159
16720.00000 0.008891
16721.00000 0.008681
16722.00000 0.00841
16723.00000 0.008221
16724.00000 0.008006
16725.00000 0.007782
16726.00000 0.007517
16727.00000 0.007308
16728.00000 0.007152
16729.00000 0.007014
16730.00000 0.006786
16731.00000 0.006622
16732.00000 0.006387
16733.00000 0.006268
16734.00000 0.006173
16735.00000 0.005937
16736.00000 0.00581
16737.00000 0.005667
16738.00000 0.005555
16739.00000 0.005367
16740.00000 0.005285
16741.00000 0.005181
16742.00000 0.005066
16743.00000 0.004907
16744.00000 0.004802
16745.00000 0.004665
16746.00000 0.004596
16747.00000 0.004489
16748.00000 0.004378
16749.00000 0.004261
16750.00000 0.004191
18425.00000 0.0
