threeML/data/optical_filters/Gemini/GSAOI-HIPaBeta.ecsv
# %ECSV 0.9
# ---
# datatype:
# - {name: wavelength, unit: Angstrom, datatype: float32}
# - {name: response, datatype: float32}
# meta: !!omap
# - {band_name: HIPaBeta}
# - {group_name: GSAOI}
wavelength response
11340.00000 0.0
12600.00000 0.003872
12601.00000 0.004773
12602.00000 0.004523
12603.00000 0.00452
12604.00000 0.005579
12605.00000 0.005139
12606.00000 0.005242
12607.00000 0.005378
12608.00000 0.005013
12609.00000 0.005165
12610.00000 0.005597
12611.00000 0.005361
12612.00000 0.006135
12613.00000 0.006476
12614.00000 0.00608
12615.00000 0.006417
12616.00000 0.006466
12617.00000 0.00721
12618.00000 0.008013
12619.00000 0.007258
12620.00000 0.007314
12621.00000 0.007144
12622.00000 0.008328
12623.00000 0.008496
12624.00000 0.008096
12625.00000 0.0088
12626.00000 0.009257
12627.00000 0.009593
12628.00000 0.009732
12629.00000 0.010357
12630.00000 0.011022
12631.00000 0.010687
12632.00000 0.011419
12633.00000 0.011374
12634.00000 0.011745
12635.00000 0.012296
12636.00000 0.012879
12637.00000 0.01337
12638.00000 0.014225
12639.00000 0.014897
12640.00000 0.014986
12641.00000 0.014851
12642.00000 0.015817
12643.00000 0.016355
12644.00000 0.017346
12645.00000 0.017535
12646.00000 0.018691
12647.00000 0.019119
12648.00000 0.019627
12649.00000 0.020674
12650.00000 0.020481
12651.00000 0.021421
12652.00000 0.022455
12653.00000 0.023744
12654.00000 0.024245
12655.00000 0.025308
12656.00000 0.026866
12657.00000 0.028191
12658.00000 0.028802
12659.00000 0.029558
12660.00000 0.031834
12661.00000 0.032519
12662.00000 0.03442
12663.00000 0.035315
12664.00000 0.036984
12665.00000 0.038593
12666.00000 0.039829
12667.00000 0.041176
12668.00000 0.043299
12669.00000 0.045439
12670.00000 0.046982
12671.00000 0.048602
12672.00000 0.051018
12673.00000 0.052968
12674.00000 0.055465
12675.00000 0.058157
12676.00000 0.059993
12677.00000 0.063708
12678.00000 0.066828
12679.00000 0.069393
12680.00000 0.072216
12681.00000 0.07495
12682.00000 0.078598
12683.00000 0.082656
12684.00000 0.086092
12685.00000 0.089693
12686.00000 0.09488
12687.00000 0.099403
12688.00000 0.103344
12689.00000 0.106851
12690.00000 0.111492
12691.00000 0.119291
12692.00000 0.123787
12693.00000 0.128239
12694.00000 0.134413
12695.00000 0.141898
12696.00000 0.148237
12697.00000 0.153914
12698.00000 0.160043
12699.00000 0.16839
12700.00000 0.176829
12701.00000 0.184797
12702.00000 0.191723
12703.00000 0.201159
12704.00000 0.211738
12705.00000 0.218899
12706.00000 0.228344
12707.00000 0.236959
12708.00000 0.250018
12709.00000 0.259145
12710.00000 0.26909
12711.00000 0.280066
12712.00000 0.293373
12713.00000 0.305585
12714.00000 0.316118
12715.00000 0.326093
12716.00000 0.339158
12717.00000 0.354355
12718.00000 0.36554
12719.00000 0.37703
12720.00000 0.388193
12721.00000 0.404952
12722.00000 0.417022
12723.00000 0.428674
12724.00000 0.439903
12725.00000 0.456324
12726.00000 0.469486
12727.00000 0.4811
12728.00000 0.494037
12729.00000 0.507029
12730.00000 0.519038
12731.00000 0.530161
12732.00000 0.540953
12733.00000 0.550058
12734.00000 0.562634
12735.00000 0.574335
12736.00000 0.582572
12737.00000 0.592603
12738.00000 0.60299
12739.00000 0.612324
12740.00000 0.619178
12741.00000 0.627441
12742.00000 0.634399
12743.00000 0.64307
12744.00000 0.650456
12745.00000 0.655166
12746.00000 0.660563
12747.00000 0.666128
12748.00000 0.670253
12749.00000 0.675828
12750.00000 0.676138
12751.00000 0.682113
12752.00000 0.68516
12753.00000 0.687302
12754.00000 0.693079
12755.00000 0.693743
12756.00000 0.694655
12757.00000 0.696884
12758.00000 0.697844
12759.00000 0.699197
12760.00000 0.700014
12761.00000 0.704371
12762.00000 0.702876
12763.00000 0.703891
12764.00000 0.70504
12765.00000 0.704021
12766.00000 0.703406
12767.00000 0.704239
12768.00000 0.704816
12769.00000 0.704963
12770.00000 0.705631
12771.00000 0.704932
12772.00000 0.704709
12773.00000 0.704361
12774.00000 0.705476
12775.00000 0.703842
12776.00000 0.703689
12777.00000 0.702351
12778.00000 0.705063
12779.00000 0.703478
12780.00000 0.702627
12781.00000 0.703093
12782.00000 0.701514
12783.00000 0.703102
12784.00000 0.701857
12785.00000 0.701402
12786.00000 0.69978
12787.00000 0.701328
12788.00000 0.700569
12789.00000 0.702933
12790.00000 0.700271
12791.00000 0.701358
12792.00000 0.700792
12793.00000 0.699886
12794.00000 0.699719
12795.00000 0.69975
12796.00000 0.700014
12797.00000 0.700997
12798.00000 0.701584
12799.00000 0.70155
12800.00000 0.700924
12801.00000 0.700846
12802.00000 0.698633
12803.00000 0.703392
12804.00000 0.700638
12805.00000 0.701832
12806.00000 0.701599
12807.00000 0.702024
12808.00000 0.701099
12809.00000 0.701261
12810.00000 0.701727
12811.00000 0.70084
12812.00000 0.702092
12813.00000 0.703084
12814.00000 0.703089
12815.00000 0.703313
12816.00000 0.703059
12817.00000 0.701517
12818.00000 0.70173
12819.00000 0.701717
12820.00000 0.703659
12821.00000 0.704738
12822.00000 0.703489
12823.00000 0.703326
12824.00000 0.702363
12825.00000 0.703962
12826.00000 0.702088
12827.00000 0.703286
12828.00000 0.701811
12829.00000 0.702867
12830.00000 0.703966
12831.00000 0.702955
12832.00000 0.703422
12833.00000 0.70355
12834.00000 0.701894
12835.00000 0.702864
12836.00000 0.701711
12837.00000 0.701636
12838.00000 0.70148
12839.00000 0.702693
12840.00000 0.702589
12841.00000 0.701752
12842.00000 0.70099
12843.00000 0.701049
12844.00000 0.701637
12845.00000 0.700861
12846.00000 0.700136
12847.00000 0.702048
12848.00000 0.700967
12849.00000 0.700805
12850.00000 0.700427
12851.00000 0.701096
12852.00000 0.69965
12853.00000 0.699259
12854.00000 0.699741
12855.00000 0.698792
12856.00000 0.699295
12857.00000 0.69983
12858.00000 0.6997
12859.00000 0.699726
12860.00000 0.697354
12861.00000 0.698604
12862.00000 0.697962
12863.00000 0.697889
12864.00000 0.699403
12865.00000 0.69973
12866.00000 0.700282
12867.00000 0.698458
12868.00000 0.698988
12869.00000 0.700384
12870.00000 0.69951
12871.00000 0.69919
12872.00000 0.700273
12873.00000 0.70088
12874.00000 0.701637
12875.00000 0.702323
12876.00000 0.700546
12877.00000 0.702175
12878.00000 0.701478
12879.00000 0.702048
12880.00000 0.699728
12881.00000 0.702817
12882.00000 0.701836
12883.00000 0.702134
12884.00000 0.703202
12885.00000 0.700514
12886.00000 0.698944
12887.00000 0.701068
12888.00000 0.699416
12889.00000 0.698662
12890.00000 0.697412
12891.00000 0.698201
12892.00000 0.696209
12893.00000 0.695428
12894.00000 0.693386
12895.00000 0.691578
12896.00000 0.688874
12897.00000 0.686148
12898.00000 0.68429
12899.00000 0.679051
12900.00000 0.677053
12901.00000 0.673374
12902.00000 0.668412
12903.00000 0.662827
12904.00000 0.658064
12905.00000 0.651826
12906.00000 0.643898
12907.00000 0.639053
12908.00000 0.632251
12909.00000 0.62559
12910.00000 0.61668
12911.00000 0.608505
12912.00000 0.597269
12913.00000 0.590267
12914.00000 0.578552
12915.00000 0.568197
12916.00000 0.556076
12917.00000 0.544178
12918.00000 0.533913
12919.00000 0.519585
12920.00000 0.50782
12921.00000 0.494621
12922.00000 0.481135
12923.00000 0.467276
12924.00000 0.45382
12925.00000 0.438718
12926.00000 0.427841
12927.00000 0.413643
12928.00000 0.398278
12929.00000 0.38298
12930.00000 0.370364
12931.00000 0.356862
12932.00000 0.342289
12933.00000 0.328126
12934.00000 0.31696
12935.00000 0.303747
12936.00000 0.292417
12937.00000 0.277237
12938.00000 0.265077
12939.00000 0.255675
12940.00000 0.243942
12941.00000 0.232126
12942.00000 0.220944
12943.00000 0.210968
12944.00000 0.202815
12945.00000 0.193757
12946.00000 0.182383
12947.00000 0.175154
12948.00000 0.167745
12949.00000 0.1588
12950.00000 0.150073
12951.00000 0.143653
12952.00000 0.137074
12953.00000 0.130199
12954.00000 0.122781
12955.00000 0.117439
12956.00000 0.112019
12957.00000 0.105844
12958.00000 0.100876
12959.00000 0.095729
12960.00000 0.091276
12961.00000 0.087609
12962.00000 0.08374
12963.00000 0.079512
12964.00000 0.074963
12965.00000 0.071893
12966.00000 0.068531
12967.00000 0.064777
12968.00000 0.062211
12969.00000 0.05932
12970.00000 0.057084
12971.00000 0.053739
12972.00000 0.051365
12973.00000 0.049155
12974.00000 0.046807
12975.00000 0.044874
12976.00000 0.042393
12977.00000 0.041058
12978.00000 0.039712
12979.00000 0.038208
12980.00000 0.035901
12981.00000 0.033743
12982.00000 0.033035
12983.00000 0.031595
12984.00000 0.030025
12985.00000 0.02865
12986.00000 0.027599
12987.00000 0.027003
12988.00000 0.024979
12989.00000 0.024404
12990.00000 0.023371
12991.00000 0.022731
12992.00000 0.021099
12993.00000 0.020819
12994.00000 0.020059
12995.00000 0.019485
12996.00000 0.018385
12997.00000 0.017252
12998.00000 0.016765
12999.00000 0.015898
13000.00000 0.01566
13001.00000 0.015321
13002.00000 0.014317
13003.00000 0.01457
13004.00000 0.013635
13005.00000 0.012673
13006.00000 0.011969
13007.00000 0.012044
13008.00000 0.011987
13009.00000 0.011589
13010.00000 0.011458
13011.00000 0.010185
13012.00000 0.010245
13013.00000 0.00942
13014.00000 0.009119
13015.00000 0.009074
13016.00000 0.008387
13017.00000 0.008559
13018.00000 0.008096
13019.00000 0.008122
13020.00000 0.007918
13021.00000 0.007957
13022.00000 0.007262
13023.00000 0.00689
13024.00000 0.00707
13025.00000 0.006298
13026.00000 0.006404
13027.00000 0.005846
13028.00000 0.006026
13029.00000 0.00609
13030.00000 0.006321
13031.00000 0.005132
13032.00000 0.005849
13033.00000 0.00534
13034.00000 0.004797
13035.00000 0.004682
13036.00000 0.004429
13037.00000 0.004903
13038.00000 0.004469
13039.00000 0.003831
13040.00000 0.003831
13041.00000 0.004185
13042.00000 0.003551
13043.00000 0.004287
13044.00000 0.003638
13045.00000 0.003528
13046.00000 0.003782
13047.00000 0.00334
13048.00000 0.003527
13049.00000 0.003351
13050.00000 0.00289
14355.00000 0.0
