threeML/data/optical_filters/Gemini/GSAOI-Kprime.ecsv
# %ECSV 0.9
# ---
# datatype:
# - {name: wavelength, unit: Angstrom, datatype: float32}
# - {name: response, datatype: float32}
# meta: !!omap
# - {band_name: Kprime}
# - {group_name: GSAOI}
wavelength response
16776.00000 0.0
18640.00000 0.000131
18642.50000 0.000125
18645.00000 3.7e-05
18647.50000 1.2e-05
18650.00000 0.000187
18652.50000 0.000115
18655.00000 0.00015
18657.50000 0.000131
18660.00000 0.000119
18662.50000 9.3e-05
18665.00000 0.000185
18667.50000 8e-05
18670.00000 9.5e-05
18672.50000 9.4e-05
18675.00000 7e-05
18677.50000 0.000132
18680.00000 0.000162
18682.50000 5.4e-05
18685.00000 0.000113
18687.50000 9e-05
18690.00000 0.000169
18692.50000 8e-05
18695.00000 9.2e-05
18697.50000 0.00023
18700.00000 0.000222
18702.50000 4.8e-05
18705.00000 0.000149
18707.50000 0.000243
18710.00000 0.00023
18712.50000 0.000292
18715.00000 6.2e-05
18717.50000 0.000111
18720.00000 0.000207
18722.50000 0.000211
18725.00000 0.000133
18727.50000 0.00016
18730.00000 0.000186
18732.50000 0.000228
18735.00000 0.000353
18737.50000 7.1e-05
18740.00000 0.000203
18742.50000 9.7e-05
18745.00000 0.000142
18747.50000 0.000165
18750.00000 0.000224
18752.50000 0.000198
18755.00000 0.00022
18757.50000 0.00017
18760.00000 0.00011
18762.50000 0.000204
18765.00000 0.000183
18767.50000 0.00026
18770.00000 0.000221
18772.50000 0.000342
18775.00000 0.00025
18777.50000 0.000221
18780.00000 0.000226
18782.50000 0.000229
18785.00000 0.000209
18787.50000 0.000333
18790.00000 0.000313
18792.50000 0.000305
18795.00000 0.0003
18797.50000 0.000269
18800.00000 0.00023
18802.50000 0.000225
18805.00000 0.000349
18807.50000 0.000345
18810.00000 0.000286
18812.50000 0.00031
18815.00000 0.000374
18817.50000 0.000406
18820.00000 0.000419
18822.50000 0.000295
18825.00000 0.00031
18827.50000 0.000566
18830.00000 0.0004
18832.50000 0.000564
18835.00000 0.000477
18837.50000 0.00045
18840.00000 0.000565
18842.50000 0.000556
18845.00000 0.000478
18847.50000 0.00057
18850.00000 0.000539
18852.50000 0.000563
18855.00000 0.000555
18857.50000 0.000557
18860.00000 0.000634
18862.50000 0.000524
18865.00000 0.000617
18867.50000 0.000631
18870.00000 0.000669
18872.50000 0.000697
18875.00000 0.000732
18877.50000 0.000656
18880.00000 0.000751
18882.50000 0.000752
18885.00000 0.000842
18887.50000 0.000803
18890.00000 0.000806
18892.50000 0.000843
18895.00000 0.000942
18897.50000 0.000921
18900.00000 0.000951
18902.50000 0.000897
18905.00000 0.000998
18907.50000 0.00111
18910.00000 0.000993
18912.50000 0.001005
18915.00000 0.001079
18917.50000 0.001141
18920.00000 0.001153
18922.50000 0.001241
18925.00000 0.001309
18927.50000 0.001221
18930.00000 0.001314
18932.50000 0.001303
18935.00000 0.00142
18937.50000 0.001352
18940.00000 0.001434
18942.50000 0.001468
18945.00000 0.001455
18947.50000 0.001514
18950.00000 0.001492
18952.50000 0.001634
18955.00000 0.001659
18957.50000 0.001687
18960.00000 0.00175
18962.50000 0.001706
18965.00000 0.001807
18967.50000 0.001907
18970.00000 0.001879
18972.50000 0.001875
18975.00000 0.00189
18977.50000 0.002054
18980.00000 0.002103
18982.50000 0.002194
18985.00000 0.002149
18987.50000 0.002237
18990.00000 0.00227
18992.50000 0.002415
18995.00000 0.002474
18997.50000 0.002486
19000.00000 0.002571
19002.50000 0.002596
19005.00000 0.002793
19007.50000 0.002709
19010.00000 0.002767
19012.50000 0.002864
19015.00000 0.002945
19017.50000 0.002896
19020.00000 0.002957
19022.50000 0.003087
19025.00000 0.003223
19027.50000 0.003254
19030.00000 0.003282
19032.50000 0.003371
19035.00000 0.003449
19037.50000 0.003482
19040.00000 0.003648
19042.50000 0.003706
19045.00000 0.003825
19047.50000 0.003761
19050.00000 0.003958
19052.50000 0.004091
19055.00000 0.004178
19057.50000 0.004219
19060.00000 0.004371
19062.50000 0.004513
19065.00000 0.004725
19067.50000 0.004658
19070.00000 0.004696
19072.50000 0.004854
19075.00000 0.004982
19077.50000 0.005073
19080.00000 0.005169
19082.50000 0.0054
19085.00000 0.005377
19087.50000 0.005667
19090.00000 0.005696
19092.50000 0.005836
19095.00000 0.005965
19097.50000 0.006133
19100.00000 0.006266
19102.50000 0.00642
19105.00000 0.006604
19107.50000 0.006748
19110.00000 0.006942
19112.50000 0.006926
19115.00000 0.007203
19117.50000 0.007389
19120.00000 0.007638
19122.50000 0.007916
19125.00000 0.008029
19127.50000 0.008249
19130.00000 0.008621
19132.50000 0.008522
19135.00000 0.008851
19137.50000 0.009391
19140.00000 0.0095
19142.50000 0.009707
19145.00000 0.010009
19147.50000 0.010159
19150.00000 0.010463
19152.50000 0.010901
19155.00000 0.011141
19157.50000 0.011546
19160.00000 0.011699
19162.50000 0.012164
19165.00000 0.012466
19167.50000 0.012852
19170.00000 0.013283
19172.50000 0.013521
19175.00000 0.013925
19177.50000 0.014487
19180.00000 0.014679
19182.50000 0.015371
19185.00000 0.015799
19187.50000 0.016273
19190.00000 0.016796
19192.50000 0.017345
19195.00000 0.018002
19197.50000 0.018555
19200.00000 0.019476
19202.50000 0.019761
19205.00000 0.02064
19207.50000 0.021109
19210.00000 0.022195
19212.50000 0.022878
19215.00000 0.0236
19217.50000 0.024479
19220.00000 0.025164
19222.50000 0.026231
19225.00000 0.027016
19227.50000 0.028048
19230.00000 0.029225
19232.50000 0.029983
19235.00000 0.031229
19237.50000 0.03237
19240.00000 0.033598
19242.50000 0.03509
19245.00000 0.036166
19247.50000 0.037681
19250.00000 0.039023
19252.50000 0.04065
19255.00000 0.042202
19257.50000 0.043832
19260.00000 0.045704
19262.50000 0.047255
19265.00000 0.049353
19267.50000 0.051179
19270.00000 0.053499
19272.50000 0.055786
19275.00000 0.058032
19277.50000 0.060807
19280.00000 0.062952
19282.50000 0.06605
19285.00000 0.068712
19287.50000 0.071664
19290.00000 0.075023
19292.50000 0.077775
19295.00000 0.081624
19297.50000 0.084786
19300.00000 0.088749
19302.50000 0.092631
19305.00000 0.096593
19307.50000 0.100862
19310.00000 0.104619
19312.50000 0.109925
19315.00000 0.114337
19317.50000 0.119266
19320.00000 0.124762
19322.50000 0.129839
19325.00000 0.136221
19327.50000 0.141226
19330.00000 0.148131
19332.50000 0.154537
19335.00000 0.160927
19337.50000 0.16864
19340.00000 0.174743
19342.50000 0.1831
19345.00000 0.189846
19347.50000 0.198539
19350.00000 0.207452
19352.50000 0.21578
19355.00000 0.225616
19357.50000 0.23318
19360.00000 0.243386
19362.50000 0.252546
19365.00000 0.263262
19367.50000 0.274319
19370.00000 0.284235
19372.50000 0.296252
19375.00000 0.306117
19377.50000 0.318492
19380.00000 0.330211
19382.50000 0.341903
19385.00000 0.355764
19387.50000 0.367098
19390.00000 0.380554
19392.50000 0.391068
19395.00000 0.405752
19397.50000 0.419786
19400.00000 0.432172
19402.50000 0.446724
19405.00000 0.458739
19407.50000 0.473497
19410.00000 0.48528
19412.50000 0.499576
19415.00000 0.51439
19417.50000 0.526218
19420.00000 0.540314
19422.50000 0.551931
19425.00000 0.566442
19427.50000 0.578519
19430.00000 0.591673
19432.50000 0.6062
19435.00000 0.617081
19437.50000 0.630964
19440.00000 0.641816
19442.50000 0.654422
19445.00000 0.666621
19447.50000 0.677791
19450.00000 0.690467
19452.50000 0.699864
19455.00000 0.712201
19457.50000 0.721835
19460.00000 0.731806
19462.50000 0.742403
19465.00000 0.751243
19467.50000 0.761936
19470.00000 0.76964
19472.50000 0.779815
19475.00000 0.787829
19477.50000 0.795596
19480.00000 0.804335
19482.50000 0.811372
19485.00000 0.819771
19487.50000 0.82633
19490.00000 0.83377
19492.50000 0.840553
19495.00000 0.846756
19497.50000 0.853558
19500.00000 0.85851
19502.50000 0.865266
19505.00000 0.870338
19507.50000 0.875818
19510.00000 0.881285
19512.50000 0.885721
19515.00000 0.891059
19517.50000 0.894698
19520.00000 0.899723
19522.50000 0.903701
19525.00000 0.907478
19527.50000 0.911697
19530.00000 0.914769
19532.50000 0.918464
19535.00000 0.921661
19537.50000 0.924885
19540.00000 0.928182
19542.50000 0.930592
19545.00000 0.933507
19547.50000 0.935729
19550.00000 0.938119
19552.50000 0.940323
19555.00000 0.942327
19557.50000 0.944649
19560.00000 0.946196
19562.50000 0.947687
19565.00000 0.94897
19567.50000 0.950311
19570.00000 0.951598
19572.50000 0.952802
19575.00000 0.953698
19577.50000 0.954704
19580.00000 0.955345
19582.50000 0.955844
19585.00000 0.95651
19587.50000 0.95676
19590.00000 0.957259
19592.50000 0.95752
19595.00000 0.957749
19597.50000 0.957504
19600.00000 0.957666
19602.50000 0.957435
19605.00000 0.957134
19607.50000 0.956913
19610.00000 0.95684
19612.50000 0.956156
19615.00000 0.955592
19617.50000 0.955141
19620.00000 0.954734
19622.50000 0.953892
19625.00000 0.953338
19627.50000 0.952403
19630.00000 0.951587
19632.50000 0.951119
19635.00000 0.950164
19637.50000 0.949356
19640.00000 0.948291
19642.50000 0.947496
19645.00000 0.946539
19647.50000 0.945576
19650.00000 0.94461
19652.50000 0.943665
19655.00000 0.942855
19657.50000 0.941639
19660.00000 0.940845
19662.50000 0.940029
19665.00000 0.938932
19667.50000 0.937973
19670.00000 0.937196
19672.50000 0.936333
19675.00000 0.935374
19677.50000 0.93446
19680.00000 0.933504
19682.50000 0.932785
19685.00000 0.93211
19687.50000 0.931148
19690.00000 0.930357
19692.50000 0.929655
19695.00000 0.929182
19697.50000 0.928445
19700.00000 0.927893
19702.50000 0.92739
19705.00000 0.926777
19707.50000 0.926597
19710.00000 0.925832
19712.50000 0.925503
19715.00000 0.925212
19717.50000 0.924791
19720.00000 0.924637
19722.50000 0.924425
19725.00000 0.924019
19727.50000 0.923857
19730.00000 0.923823
19732.50000 0.923706
19735.00000 0.923573
19737.50000 0.923428
19740.00000 0.923638
19742.50000 0.923457
19745.00000 0.923697
19747.50000 0.923917
19750.00000 0.923899
19752.50000 0.924219
19755.00000 0.92429
19757.50000 0.92453
19760.00000 0.925068
19762.50000 0.925289
19765.00000 0.925717
19767.50000 0.92597
19770.00000 0.926478
19772.50000 0.926659
19775.00000 0.927134
19777.50000 0.927573
19780.00000 0.928152
19782.50000 0.928872
19785.00000 0.928994
19787.50000 0.929801
19790.00000 0.930247
19792.50000 0.930797
19795.00000 0.931391
19797.50000 0.931834
19800.00000 0.932733
19802.50000 0.933169
19805.00000 0.933938
19807.50000 0.934526
19810.00000 0.935287
19812.50000 0.936023
19815.00000 0.93654
19817.50000 0.937114
19820.00000 0.937642
19822.50000 0.938527
19825.00000 0.939018
19827.50000 0.939935
19830.00000 0.940429
19832.50000 0.940994
19835.00000 0.941938
19837.50000 0.942259
19840.00000 0.942772
19842.50000 0.943492
19845.00000 0.944251
19847.50000 0.944697
19850.00000 0.945329
19852.50000 0.945972
19855.00000 0.946566
19857.50000 0.947181
19860.00000 0.947656
19862.50000 0.948182
19865.00000 0.948867
19867.50000 0.949458
19870.00000 0.949833
19872.50000 0.950303
19875.00000 0.950648
19877.50000 0.951355
19880.00000 0.951745
19882.50000 0.952251
19885.00000 0.952802
19887.50000 0.952986
19890.00000 0.953431
19892.50000 0.954027
19895.00000 0.954273
19897.50000 0.954691
19900.00000 0.95503
19902.50000 0.955342
19905.00000 0.955618
19907.50000 0.955978
19910.00000 0.956359
19912.50000 0.956763
19915.00000 0.956986
19917.50000 0.957319
19920.00000 0.957685
19922.50000 0.957704
19925.00000 0.958142
19927.50000 0.958239
19930.00000 0.958424
19932.50000 0.958893
19935.00000 0.958872
19937.50000 0.959261
19940.00000 0.959455
19942.50000 0.959618
19945.00000 0.959697
19947.50000 0.959934
19950.00000 0.960121
19952.50000 0.960223
19955.00000 0.960725
19957.50000 0.960687
19960.00000 0.960774
19962.50000 0.960889
19965.00000 0.960843
19967.50000 0.961307
19970.00000 0.961312
19972.50000 0.961575
19975.00000 0.961576
19977.50000 0.961723
19980.00000 0.961997
19982.50000 0.962178
19985.00000 0.962108
19987.50000 0.962372
19990.00000 0.962167
19992.50000 0.962371
19995.00000 0.962525
19997.50000 0.962658
20000.00000 0.962564
20002.50000 0.962848
20005.00000 0.962836
20007.50000 0.96297
20010.00000 0.963074
20012.50000 0.963098
20015.00000 0.963436
20017.50000 0.963398
20020.00000 0.963564
20022.50000 0.963557
20025.00000 0.963741
20027.50000 0.96375
20030.00000 0.963877
20032.50000 0.963957
20035.00000 0.964041
20037.50000 0.964274
20040.00000 0.964301
20042.50000 0.964385
20045.00000 0.964287
20047.50000 0.964402
20050.00000 0.964552
20052.50000 0.964602
20055.00000 0.964583
20057.50000 0.964586
20060.00000 0.964824
20062.50000 0.964825
20065.00000 0.964938
20067.50000 0.964944
20070.00000 0.965024
20072.50000 0.965184
20075.00000 0.965116
20077.50000 0.965256
20080.00000 0.96534
20082.50000 0.965315
20085.00000 0.965326
20087.50000 0.965505
20090.00000 0.965551
20092.50000 0.965484
20095.00000 0.965569
20097.50000 0.965768
20100.00000 0.965702
20102.50000 0.965756
20105.00000 0.965741
20107.50000 0.965626
20110.00000 0.965848
20112.50000 0.965883
20115.00000 0.965867
20117.50000 0.965748
20120.00000 0.965776
20122.50000 0.965573
20125.00000 0.965743
20127.50000 0.965822
20130.00000 0.96559
20132.50000 0.965779
20135.00000 0.965576
20137.50000 0.96586
20140.00000 0.965638
20142.50000 0.965596
20145.00000 0.965456
20147.50000 0.965532
20150.00000 0.965365
20152.50000 0.96542
20155.00000 0.965328
20157.50000 0.965313
20160.00000 0.965269
20162.50000 0.965184
20165.00000 0.965077
20167.50000 0.96497
20170.00000 0.964968
20172.50000 0.964818
20175.00000 0.96479
20177.50000 0.964588
20180.00000 0.964709
20182.50000 0.964389
20185.00000 0.964196
20187.50000 0.964153
20190.00000 0.963953
20192.50000 0.963934
20195.00000 0.963495
20197.50000 0.963617
20200.00000 0.963615
20202.50000 0.963266
20205.00000 0.963105
20207.50000 0.962964
20210.00000 0.962707
20212.50000 0.962726
20215.00000 0.962191
20217.50000 0.962147
20220.00000 0.961945
20222.50000 0.961695
20225.00000 0.961493
20227.50000 0.961241
20230.00000 0.961049
20232.50000 0.960757
20235.00000 0.960667
20237.50000 0.960309
20240.00000 0.960173
20242.50000 0.959927
20245.00000 0.95961
20247.50000 0.959356
20250.00000 0.959008
20252.50000 0.958795
20255.00000 0.958502
20257.50000 0.95813
20260.00000 0.957804
20262.50000 0.957617
20265.00000 0.95716
20267.50000 0.956817
20270.00000 0.956611
20272.50000 0.95626
20275.00000 0.955709
20277.50000 0.955407
20280.00000 0.955268
20282.50000 0.95467
20285.00000 0.954399
20287.50000 0.954159
20290.00000 0.953633
20292.50000 0.953165
20295.00000 0.952818
20297.50000 0.952379
20300.00000 0.95212
20302.50000 0.951591
20305.00000 0.95112
20307.50000 0.950789
20310.00000 0.950286
20312.50000 0.949871
20315.00000 0.94945
20317.50000 0.948852
20320.00000 0.948359
20322.50000 0.947968
20325.00000 0.947777
20327.50000 0.947078
20330.00000 0.946784
20332.50000 0.946076
20335.00000 0.945683
20337.50000 0.945372
20340.00000 0.944409
20342.50000 0.944248
20345.00000 0.943507
20347.50000 0.943024
20350.00000 0.942755
20352.50000 0.942011
20355.00000 0.941612
20357.50000 0.941034
20360.00000 0.940824
20362.50000 0.939992
20365.00000 0.93952
20367.50000 0.939027
20370.00000 0.938485
20372.50000 0.937987
20375.00000 0.937372
20377.50000 0.936855
20380.00000 0.936184
20382.50000 0.935667
20385.00000 0.93514
20387.50000 0.934682
20390.00000 0.933851
20392.50000 0.933788
20395.00000 0.932925
20397.50000 0.932479
20400.00000 0.931935
20402.50000 0.931668
20405.00000 0.930944
20407.50000 0.930535
20410.00000 0.929951
20412.50000 0.929743
20415.00000 0.929075
20417.50000 0.928517
20420.00000 0.928102
20422.50000 0.927678
20425.00000 0.9273
20427.50000 0.926929
20430.00000 0.926383
20432.50000 0.926015
20435.00000 0.925556
20437.50000 0.924964
20440.00000 0.924695
20442.50000 0.924284
20445.00000 0.923882
20447.50000 0.923507
20450.00000 0.923219
20452.50000 0.922817
20455.00000 0.922666
20457.50000 0.922282
20460.00000 0.921928
20462.50000 0.92169
20465.00000 0.921427
20467.50000 0.92116
20470.00000 0.92088
20472.50000 0.920668
20475.00000 0.920507
20477.50000 0.920293
20480.00000 0.920077
20482.50000 0.920003
20485.00000 0.919698
20487.50000 0.919617
20490.00000 0.919481
20492.50000 0.919578
20495.00000 0.919454
20497.50000 0.919284
20500.00000 0.919262
20502.50000 0.919263
20505.00000 0.919176
20507.50000 0.919103
20510.00000 0.919264
20512.50000 0.919285
20515.00000 0.919353
20517.50000 0.919561
20520.00000 0.919671
20522.50000 0.919877
20525.00000 0.919992
20527.50000 0.920107
20530.00000 0.920261
20532.50000 0.920368
20535.00000 0.92081
20537.50000 0.920803
20540.00000 0.921226
20542.50000 0.921561
20545.00000 0.921713
20547.50000 0.922188
20550.00000 0.922461
20552.50000 0.922912
