threeML/data/optical_filters/Gemini/GSAOI-Hcont.ecsv
# %ECSV 0.9
# ---
# datatype:
# - {name: wavelength, unit: Angstrom, datatype: float32}
# - {name: response, datatype: float32}
# meta: !!omap
# - {band_name: Hcont}
# - {group_name: GSAOI}
wavelength response
13905.00000 0.0
15450.00000 0.002372
15451.00000 0.002389
15452.00000 0.002475
15453.00000 0.00253
15454.00000 0.002586
15455.00000 0.002704
15456.00000 0.00285
15457.00000 0.002908
15458.00000 0.002971
15459.00000 0.003034
15460.00000 0.003126
15461.00000 0.003151
15462.00000 0.003331
15463.00000 0.003446
15464.00000 0.003493
15465.00000 0.00361
15466.00000 0.003743
15467.00000 0.003846
15468.00000 0.003924
15469.00000 0.00408
15470.00000 0.004175
15471.00000 0.004278
15472.00000 0.004481
15473.00000 0.004583
15474.00000 0.004762
15475.00000 0.004888
15476.00000 0.005035
15477.00000 0.005241
15478.00000 0.005398
15479.00000 0.005563
15480.00000 0.005775
15481.00000 0.005981
15482.00000 0.006096
15483.00000 0.006293
15484.00000 0.006535
15485.00000 0.006711
15486.00000 0.006888
15487.00000 0.007137
15488.00000 0.007433
15489.00000 0.007592
15490.00000 0.007849
15491.00000 0.008156
15492.00000 0.008443
15493.00000 0.008733
15494.00000 0.008971
15495.00000 0.009315
15496.00000 0.009603
15497.00000 0.009935
15498.00000 0.010241
15499.00000 0.010542
15500.00000 0.010906
15501.00000 0.011347
15502.00000 0.011658
15503.00000 0.011988
15504.00000 0.012476
15505.00000 0.012997
15506.00000 0.013465
15507.00000 0.013879
15508.00000 0.014417
15509.00000 0.014936
15510.00000 0.015378
15511.00000 0.015884
15512.00000 0.016487
15513.00000 0.017051
15514.00000 0.01764
15515.00000 0.018165
15516.00000 0.018845
15517.00000 0.019528
15518.00000 0.020303
15519.00000 0.020958
15520.00000 0.021614
15521.00000 0.022439
15522.00000 0.023397
15523.00000 0.02415
15524.00000 0.025017
15525.00000 0.025983
15526.00000 0.02698
15527.00000 0.027883
15528.00000 0.028847
15529.00000 0.029878
15530.00000 0.031047
15531.00000 0.032227
15532.00000 0.033265
15533.00000 0.034484
15534.00000 0.035693
15535.00000 0.037203
15536.00000 0.038442
15537.00000 0.039914
15538.00000 0.041331
15539.00000 0.04308
15540.00000 0.044758
15541.00000 0.046439
15542.00000 0.048157
15543.00000 0.050046
15544.00000 0.051863
15545.00000 0.053819
15546.00000 0.055829
15547.00000 0.057893
15548.00000 0.060476
15549.00000 0.062496
15550.00000 0.064823
15551.00000 0.067314
15552.00000 0.069852
15553.00000 0.072462
15554.00000 0.075099
15555.00000 0.077608
15556.00000 0.080954
15557.00000 0.084373
15558.00000 0.087389
15559.00000 0.09075
15560.00000 0.094049
15561.00000 0.097988
15562.00000 0.101791
15563.00000 0.105161
15564.00000 0.108991
15565.00000 0.113931
15566.00000 0.117739
15567.00000 0.121483
15568.00000 0.126218
15569.00000 0.131317
15570.00000 0.136285
15571.00000 0.14086
15572.00000 0.145551
15573.00000 0.151425
15574.00000 0.15739
15575.00000 0.162876
15576.00000 0.168504
15577.00000 0.174405
15578.00000 0.181869
15579.00000 0.187883
15580.00000 0.194233
15581.00000 0.201028
15582.00000 0.209216
15583.00000 0.215719
15584.00000 0.223157
15585.00000 0.230131
15586.00000 0.238404
15587.00000 0.247094
15588.00000 0.254195
15589.00000 0.262194
15590.00000 0.270526
15591.00000 0.281394
15592.00000 0.28965
15593.00000 0.298035
15594.00000 0.308005
15595.00000 0.31879
15596.00000 0.328762
15597.00000 0.337572
15598.00000 0.347762
15599.00000 0.359038
15600.00000 0.369001
15601.00000 0.379004
15602.00000 0.389784
15603.00000 0.400417
15604.00000 0.412878
15605.00000 0.422376
15606.00000 0.433154
15607.00000 0.445339
15608.00000 0.457141
15609.00000 0.468439
15610.00000 0.479491
15611.00000 0.490245
15612.00000 0.50246
15613.00000 0.514234
15614.00000 0.523917
15615.00000 0.535889
15616.00000 0.547762
15617.00000 0.55867
15618.00000 0.569071
15619.00000 0.5798
15620.00000 0.590123
15621.00000 0.602632
15622.00000 0.611077
15623.00000 0.62096
15624.00000 0.632237
15625.00000 0.641758
15626.00000 0.651667
15627.00000 0.660466
15628.00000 0.668964
15629.00000 0.677852
15630.00000 0.6878
15631.00000 0.69505
15632.00000 0.701865
15633.00000 0.709937
15634.00000 0.717791
15635.00000 0.725032
15636.00000 0.730969
15637.00000 0.736649
15638.00000 0.7433
15639.00000 0.748733
15640.00000 0.754405
15641.00000 0.758718
15642.00000 0.763314
15643.00000 0.768657
15644.00000 0.773041
15645.00000 0.775975
15646.00000 0.779917
15647.00000 0.78349
15648.00000 0.786343
15649.00000 0.788804
15650.00000 0.791519
15651.00000 0.794053
15652.00000 0.796012
15653.00000 0.797667
15654.00000 0.798971
15655.00000 0.800703
15656.00000 0.802575
15657.00000 0.803668
15658.00000 0.804148
15659.00000 0.804925
15660.00000 0.806337
15661.00000 0.807427
15662.00000 0.807509
15663.00000 0.806998
15664.00000 0.807599
15665.00000 0.808298
15666.00000 0.808855
15667.00000 0.808366
15668.00000 0.808309
15669.00000 0.808749
15670.00000 0.809162
15671.00000 0.808885
15672.00000 0.808235
15673.00000 0.808041
15674.00000 0.808449
15675.00000 0.808408
15676.00000 0.808037
15677.00000 0.807815
15678.00000 0.808112
15679.00000 0.808307
15680.00000 0.808037
15681.00000 0.807958
15682.00000 0.807878
15683.00000 0.808021
15684.00000 0.808061
15685.00000 0.80805
15686.00000 0.808296
15687.00000 0.808409
15688.00000 0.808084
15689.00000 0.808022
15690.00000 0.808247
15691.00000 0.808795
15692.00000 0.809382
15693.00000 0.809457
15694.00000 0.809236
15695.00000 0.809529
15696.00000 0.810291
15697.00000 0.811054
15698.00000 0.810908
15699.00000 0.811143
15700.00000 0.811956
15701.00000 0.813066
15702.00000 0.813404
15703.00000 0.81317
15704.00000 0.813446
15705.00000 0.814493
15706.00000 0.815557
15707.00000 0.815913
15708.00000 0.816199
15709.00000 0.817131
15710.00000 0.818064
15711.00000 0.818655
15712.00000 0.818942
15713.00000 0.81933
15714.00000 0.819983
15715.00000 0.820529
15716.00000 0.821272
15717.00000 0.821869
15718.00000 0.822718
15719.00000 0.823319
15720.00000 0.823459
15721.00000 0.823912
15722.00000 0.824972
15723.00000 0.826001
15724.00000 0.826267
15725.00000 0.826587
15726.00000 0.826719
15727.00000 0.82764
15728.00000 0.827833
15729.00000 0.827963
15730.00000 0.827965
15731.00000 0.829104
15732.00000 0.829878
15733.00000 0.830007
15734.00000 0.829753
15735.00000 0.830012
15736.00000 0.830657
15737.00000 0.831067
15738.00000 0.830748
15739.00000 0.830621
15740.00000 0.831045
15741.00000 0.831587
15742.00000 0.831549
15743.00000 0.831393
15744.00000 0.830992
15745.00000 0.831033
15746.00000 0.831243
15747.00000 0.831192
15748.00000 0.830924
15749.00000 0.831159
15750.00000 0.831116
15751.00000 0.830575
15752.00000 0.830351
15753.00000 0.830251
15754.00000 0.830394
15755.00000 0.829735
15756.00000 0.829424
15757.00000 0.829338
15758.00000 0.829444
15759.00000 0.828824
15760.00000 0.82818
15761.00000 0.827491
15762.00000 0.827658
15763.00000 0.827672
15764.00000 0.826988
15765.00000 0.826203
15766.00000 0.825874
15767.00000 0.825785
15768.00000 0.825164
15769.00000 0.824215
15770.00000 0.823497
15771.00000 0.823169
15772.00000 0.822447
15773.00000 0.821937
15774.00000 0.821266
15775.00000 0.820576
15776.00000 0.819986
15777.00000 0.818797
15778.00000 0.817962
15779.00000 0.817452
15780.00000 0.81658
15781.00000 0.815532
15782.00000 0.813885
15783.00000 0.812954
15784.00000 0.812181
15785.00000 0.810451
15786.00000 0.808553
15787.00000 0.807196
15788.00000 0.805923
15789.00000 0.804176
15790.00000 0.802226
15791.00000 0.799943
15792.00000 0.797864
15793.00000 0.79608
15794.00000 0.793059
15795.00000 0.789947
15796.00000 0.787035
15797.00000 0.784072
15798.00000 0.780556
15799.00000 0.777138
15800.00000 0.773171
15801.00000 0.769243
15802.00000 0.764816
15803.00000 0.760087
15804.00000 0.755544
15805.00000 0.751251
15806.00000 0.745983
15807.00000 0.739773
15808.00000 0.733366
15809.00000 0.727728
15810.00000 0.721426
15811.00000 0.713483
15812.00000 0.706174
15813.00000 0.698655
15814.00000 0.691641
15815.00000 0.682869
15816.00000 0.673689
15817.00000 0.664596
15818.00000 0.656259
15819.00000 0.64633
15820.00000 0.636193
15821.00000 0.62631
15822.00000 0.615619
15823.00000 0.606066
15824.00000 0.594295
15825.00000 0.583327
15826.00000 0.572256
15827.00000 0.561014
15828.00000 0.548123
15829.00000 0.535921
15830.00000 0.524672
15831.00000 0.511653
15832.00000 0.499447
15833.00000 0.485281
15834.00000 0.473246
15835.00000 0.460331
15836.00000 0.448316
15837.00000 0.434743
15838.00000 0.423168
15839.00000 0.411028
15840.00000 0.398018
15841.00000 0.385759
15842.00000 0.373661
15843.00000 0.361354
15844.00000 0.350363
15845.00000 0.33892
15846.00000 0.326024
15847.00000 0.315008
15848.00000 0.30332
15849.00000 0.293614
15850.00000 0.280989
15851.00000 0.27098
15852.00000 0.261037
15853.00000 0.251627
15854.00000 0.240309
15855.00000 0.23233
15856.00000 0.223452
15857.00000 0.214344
15858.00000 0.206094
15859.00000 0.197204
15860.00000 0.189611
15861.00000 0.182784
15862.00000 0.175875
15863.00000 0.167099
15864.00000 0.160957
15865.00000 0.154331
15866.00000 0.148215
15867.00000 0.141384
15868.00000 0.135628
15869.00000 0.130304
15870.00000 0.124608
15871.00000 0.11905
15872.00000 0.114614
15873.00000 0.109898
15874.00000 0.105632
15875.00000 0.101367
15876.00000 0.096796
15877.00000 0.093035
15878.00000 0.089449
15879.00000 0.085976
15880.00000 0.081759
15881.00000 0.078853
15882.00000 0.075426
15883.00000 0.07267
15884.00000 0.069755
15885.00000 0.066688
15886.00000 0.064077
15887.00000 0.061484
15888.00000 0.05912
15889.00000 0.056733
15890.00000 0.054555
15891.00000 0.052641
15892.00000 0.050603
15893.00000 0.048439
15894.00000 0.046719
15895.00000 0.045035
15896.00000 0.043309
15897.00000 0.041648
15898.00000 0.040054
15899.00000 0.038589
15900.00000 0.037236
15901.00000 0.036068
15902.00000 0.034433
15903.00000 0.033225
15904.00000 0.031941
15905.00000 0.030826
15906.00000 0.029607
15907.00000 0.028666
15908.00000 0.02772
15909.00000 0.026766
15910.00000 0.025677
15911.00000 0.024869
15912.00000 0.024093
15913.00000 0.023302
15914.00000 0.022502
15915.00000 0.021656
15916.00000 0.020988
15917.00000 0.020239
15918.00000 0.019718
15919.00000 0.019016
15920.00000 0.018385
15921.00000 0.017723
15922.00000 0.017199
15923.00000 0.016599
15924.00000 0.016112
15925.00000 0.015619
15926.00000 0.015102
15927.00000 0.014667
15928.00000 0.014187
15929.00000 0.013775
15930.00000 0.013352
15931.00000 0.013006
15932.00000 0.012574
15933.00000 0.012164
15934.00000 0.011838
15935.00000 0.011507
15936.00000 0.011104
15937.00000 0.010861
15938.00000 0.010484
15939.00000 0.010223
15940.00000 0.00993
15941.00000 0.009603
15942.00000 0.009293
15943.00000 0.009162
15944.00000 0.008921
15945.00000 0.008582
15946.00000 0.008384
15947.00000 0.008195
15948.00000 0.007934
15949.00000 0.007722
15950.00000 0.007513
15951.00000 0.007361
15952.00000 0.007168
15953.00000 0.006914
15954.00000 0.006711
15955.00000 0.006582
15956.00000 0.006425
15957.00000 0.006242
15958.00000 0.006079
15959.00000 0.005921
15960.00000 0.005803
15961.00000 0.005637
15962.00000 0.005536
15963.00000 0.005338
15964.00000 0.005282
15965.00000 0.005134
15966.00000 0.005011
15967.00000 0.004881
15968.00000 0.004799
15969.00000 0.004632
15970.00000 0.00455
15971.00000 0.004469
15972.00000 0.004347
15973.00000 0.004241
15974.00000 0.004193
15975.00000 0.004047
15976.00000 0.003941
15977.00000 0.003857
15978.00000 0.003777
15979.00000 0.003723
15980.00000 0.003632
15981.00000 0.003532
15982.00000 0.003495
15983.00000 0.003439
15984.00000 0.003323
15985.00000 0.003288
15986.00000 0.00318
15987.00000 0.003168
15988.00000 0.003008
15989.00000 0.002939
15990.00000 0.002933
15991.00000 0.002837
15992.00000 0.002773
15993.00000 0.002726
15994.00000 0.002763
15995.00000 0.002604
15996.00000 0.002599
15997.00000 0.002591
15998.00000 0.002498
15999.00000 0.00248
16000.00000 0.00245
17600.00000 0.0
