threeML/data/optical_filters/Gemini/Michelle-Np.ecsv
# %ECSV 0.9
# ---
# datatype:
# - {name: wavelength, unit: Angstrom, datatype: float32}
# - {name: response, datatype: float32}
# meta: !!omap
# - {band_name: Np}
# - {group_name: Michelle}
wavelength response
87463.53125 0.0
97181.70312 0.00429
97276.29688 0.00476
97371.00000 0.00529
97465.89844 0.00588
97561.00000 0.00652
97656.29688 0.00723
97751.70312 0.008
97847.39844 0.00886
97943.20312 0.00983
98039.20312 0.01096
98135.39844 0.01225
98231.79688 0.01373
98328.39844 0.01539
98425.20312 0.01723
98522.20312 0.01925
98619.29688 0.02149
98716.70312 0.02402
98814.20312 0.02688
98912.00000 0.03016
99009.89844 0.03387
99108.00000 0.03813
99206.29688 0.04295
99304.89844 0.04847
99403.60156 0.05469
99502.50000 0.06181
99601.60156 0.06982
99700.89844 0.07897
99800.39844 0.08926
99900.10156 0.101
100000.00000 0.1142
100100.10156 0.12919
100200.39844 0.146
100300.89844 0.16492
100401.60156 0.18595
100502.50000 0.20929
100603.60156 0.23494
100704.89844 0.26299
100806.50000 0.29342
100908.20312 0.3262
101010.10156 0.36113
101112.20312 0.39796
101214.60156 0.43629
101317.10156 0.47569
101419.89844 0.51559
101522.79688 0.55542
101626.00000 0.59457
101729.39844 0.63247
101833.00000 0.66858
101936.79688 0.70248
102040.79688 0.73376
102145.00000 0.76226
102249.50000 0.78779
102354.10156 0.81038
102459.00000 0.82999
102564.10156 0.84686
102669.39844 0.86112
102774.89844 0.87314
102880.70312 0.88303
102986.60156 0.89115
103092.79688 0.89764
103199.20312 0.90292
103305.79688 0.9071
103412.60156 0.91046
103519.70312 0.91302
103626.89844 0.91491
103734.39844 0.91615
103842.20312 0.91688
103950.10156 0.91717
104058.29688 0.91711
104166.70312 0.91676
104275.29688 0.91619
104384.10156 0.91541
104493.20312 0.91442
104602.50000 0.91322
104712.00000 0.91181
104821.79688 0.91027
104931.79688 0.90865
105042.00000 0.90697
105152.50000 0.90521
105263.20312 0.90338
105374.10156 0.90151
105485.20312 0.89971
105596.60156 0.89807
105708.20312 0.89669
105820.10156 0.89559
105932.20312 0.89474
106044.50000 0.89412
106157.10156 0.89364
106269.89844 0.89326
106383.00000 0.89292
106496.29688 0.89262
106609.79688 0.89234
106723.60156 0.89206
106837.60156 0.89178
106951.89844 0.89152
107066.39844 0.89134
107181.10156 0.89131
107296.10156 0.89149
107411.39844 0.89188
107526.89844 0.89245
107642.60156 0.89315
107758.60156 0.89393
107874.89844 0.89472
107991.39844 0.89545
108108.10156 0.89603
108225.10156 0.89644
108342.39844 0.89666
108459.89844 0.89667
108577.60156 0.89648
108695.70312 0.89606
108813.89844 0.89544
108932.50000 0.89466
109051.29688 0.8938
109170.29688 0.89289
109289.60156 0.892
109409.20312 0.8911
109529.00000 0.89016
109649.10156 0.88915
109769.50000 0.88802
109890.10156 0.88681
110011.00000 0.88555
110132.20312 0.88427
110253.60156 0.88304
110375.29688 0.88191
110497.20312 0.88093
110619.50000 0.88014
110742.00000 0.87958
110864.70312 0.87926
110987.79688 0.87918
111111.10156 0.87934
111234.70312 0.87972
111358.60156 0.88024
111482.70312 0.88088
111607.10156 0.88157
111731.79688 0.88233
111856.79688 0.88316
111982.10156 0.88407
112107.60156 0.88506
112233.39844 0.88612
112359.60156 0.88722
112485.89844 0.88834
112612.60156 0.88944
112739.60156 0.8905
112866.79688 0.89148
112994.39844 0.89235
113122.20312 0.89307
113250.29688 0.89361
113378.70312 0.89391
113507.39844 0.89395
113636.39844 0.89373
113765.60156 0.89327
113895.20312 0.89261
114025.10156 0.89176
114155.29688 0.89078
114285.70312 0.88966
114416.50000 0.88842
114547.50000 0.88702
114678.89844 0.88541
114810.60156 0.88355
114942.50000 0.88154
115074.79688 0.87956
115207.39844 0.87789
115340.29688 0.87677
115473.39844 0.87638
115606.89844 0.87679
115740.70312 0.87798
115874.89844 0.87988
116009.29688 0.88235
116144.00000 0.88521
116279.10156 0.88822
116414.39844 0.89108
116550.10156 0.89351
116686.10156 0.89532
116822.39844 0.89648
116959.10156 0.89704
117096.00000 0.89709
117233.29688 0.89678
117370.89844 0.89627
117508.79688 0.89567
117647.10156 0.895
117785.60156 0.89425
117924.50000 0.89337
118063.79688 0.89227
118203.29688 0.89091
118343.20312 0.88923
118483.39844 0.88724
118624.00000 0.88497
118764.79688 0.88247
118906.10156 0.87983
119047.60156 0.87719
119189.50000 0.87469
119331.70312 0.87245
119474.29688 0.87044
119617.20312 0.86856
119760.50000 0.86674
119904.10156 0.86495
120048.00000 0.86311
120192.29688 0.86115
120336.89844 0.859
120481.89844 0.85658
120627.29688 0.85386
120772.89844 0.85081
120919.00000 0.84744
121065.39844 0.84387
121212.10156 0.84029
121359.20312 0.83682
121506.70312 0.83349
121654.50000 0.83018
121802.70312 0.82668
121951.20312 0.82276
122100.10156 0.81827
122249.39844 0.81313
122399.00000 0.80752
122549.00000 0.80152
122699.39844 0.79552
122850.10156 0.78962
123001.20312 0.78435
123152.70312 0.77982
123304.60156 0.77653
123456.79688 0.77429
123609.39844 0.77304
123762.39844 0.77194
123915.70312 0.77003
124069.50000 0.76549
124223.60156 0.75617
124378.10156 0.73947
124533.00000 0.71302
124688.29688 0.67506
124843.89844 0.62513
125000.00000 0.56441
125156.39844 0.49587
125313.29688 0.42381
125470.50000 0.35285
125628.10156 0.287
125786.20312 0.22896
125944.60156 0.17999
126103.39844 0.1401
126262.60156 0.10845
126422.29688 0.08383
126582.29688 0.06485
126742.70312 0.05036
126903.60156 0.03922
127064.79688 0.03076
127226.50000 0.02416
127388.50000 0.01914
127551.00000 0.01513
127713.89844 0.0121
127877.20312 0.00962
128041.00000 0.00777
128205.10156 0.00622
128369.70312 0.00506
128534.70312 0.00406
141388.17188 0.0
