threeML/data/optical_filters/Gemini/Michelle-Q.ecsv
# %ECSV 0.9
# ---
# datatype:
# - {name: wavelength, unit: Angstrom, datatype: float32}
# - {name: response, datatype: float32}
# meta: !!omap
# - {band_name: Q}
# - {group_name: Michelle}
wavelength response
138888.90625 0.0
154321.00000 0.004051
154559.50000 0.004236
154798.79688 0.004414
155038.79688 0.004597
155279.50000 0.004813
155521.00000 0.005075
155763.20312 0.005405
156006.20312 0.005821
156250.00000 0.006346
156494.50000 0.006973
156739.79688 0.007689
156985.90625 0.00849
157232.70312 0.009395
157480.29688 0.010453
157728.70312 0.011686
157977.90625 0.013146
158227.79688 0.014835
158478.59375 0.016876
158730.20312 0.019307
158982.50000 0.022299
159235.70312 0.025909
159489.59375 0.030428
159744.40625 0.036007
160000.00000 0.042951
160256.40625 0.051456
160513.59375 0.061888
160771.68750 0.074547
161030.59375 0.089865
161290.29688 0.108454
161550.90625 0.131101
161812.31250 0.158368
162074.51562 0.190005
162337.70312 0.224783
162601.59375 0.260842
162866.50000 0.296376
163132.09375 0.329879
163398.70312 0.359984
163666.09375 0.385409
163934.40625 0.405314
164203.60938 0.419657
164473.70312 0.429103
164744.60938 0.434738
165016.50000 0.437706
165289.18750 0.439111
165562.90625 0.439829
165837.50000 0.440631
166113.00000 0.44197
166389.40625 0.444192
166666.70312 0.447245
166944.90625 0.451118
167224.09375 0.455544
167504.20312 0.460451
167785.20312 0.465634
168067.20312 0.47109
168350.20312 0.476704
168634.10938 0.482383
168918.90625 0.487884
169204.68750 0.492965
169491.50000 0.497488
169779.29688 0.501468
170068.00000 0.505054
170357.70312 0.508364
170648.50000 0.511479
170940.20312 0.514429
171232.89062 0.51732
171526.59375 0.52032
171821.31250 0.523612
172117.00000 0.527298
172413.81250 0.531409
172711.59375 0.53597
173010.40625 0.541092
173310.20312 0.546926
173611.10938 0.553477
173913.00000 0.560515
174216.00000 0.567778
174520.09375 0.575215
174825.18750 0.58299
175131.29688 0.59123
175438.59375 0.599884
175746.90625 0.608729
176056.31250 0.617508
176366.81250 0.62597
176678.39062 0.633969
176991.20312 0.641407
177304.98438 0.648258
177619.90625 0.654465
177935.90625 0.659992
178253.09375 0.664782
178571.40625 0.668832
178890.90625 0.67214
179211.50000 0.674718
179533.20312 0.676564
179856.09375 0.677731
180180.20312 0.678324
180505.40625 0.678461
180831.79688 0.67823
181159.40625 0.677676
181488.20312 0.676844
181818.20312 0.675772
182149.39062 0.674546
182481.70312 0.673252
182815.40625 0.671952
183150.20312 0.670609
183486.18750 0.669209
183823.51562 0.667769
184162.09375 0.666365
184501.79688 0.665014
184842.89062 0.663704
185185.20312 0.662428
185528.79688 0.661205
185873.59375 0.660054
186219.68750 0.658958
186567.18750 0.657895
186915.89062 0.656867
187265.89062 0.655918
187617.29688 0.655067
187969.89062 0.654329
188323.90625 0.653728
188679.20312 0.653304
189035.89062 0.653041
189393.90625 0.652913
189753.29688 0.652972
190114.09375 0.653336
190476.20312 0.654048
190839.68750 0.655027
191204.60938 0.656141
191570.89062 0.657319
191938.59375 0.658571
192307.70312 0.659929
192678.20312 0.661397
193050.18750 0.66295
193423.59375 0.664561
193798.40625 0.66618
194174.79688 0.667722
194552.50000 0.669113
194931.79688 0.670324
195312.50000 0.671358
195694.68750 0.672193
196078.40625 0.672799
196463.70312 0.673163
196850.40625 0.673318
197238.68750 0.673301
197628.50000 0.673151
198019.79688 0.672874
198412.70312 0.672467
198807.20312 0.67192
199203.20312 0.671227
199600.79688 0.670386
200000.00000 0.66942
200400.79688 0.668376
200803.20312 0.6673
201207.20312 0.666243
201612.89062 0.665242
202020.20312 0.664296
202429.09375 0.663344
202839.79688 0.662344
203251.98438 0.661339
203666.00000 0.66043
204081.59375 0.65968
204499.00000 0.659072
204918.00000 0.658541
205338.79688 0.658053
205761.29688 0.657605
206185.60938 0.657191
206611.59375 0.656791
207039.29688 0.656397
207468.89062 0.656032
207900.20312 0.655697
208333.29688 0.655333
208768.29688 0.654859
209205.00000 0.65425
209643.59375 0.653549
210084.00000 0.652803
210526.29688 0.652014
210970.50000 0.651167
211416.48438 0.650279
211864.40625 0.64941
212314.20312 0.648593
212766.00000 0.64781
213219.59375 0.647017
213675.18750 0.646205
214132.79688 0.645366
214592.29688 0.644497
215053.81250 0.643549
215517.20312 0.642482
215982.70312 0.641263
216450.20312 0.639945
216919.70312 0.638537
217391.29688 0.636926
217864.89062 0.634854
218340.60938 0.632244
218818.40625 0.629275
219298.18750 0.626293
219780.20312 0.623372
220264.29688 0.620272
220750.59375 0.616652
221238.90625 0.612496
221729.51562 0.608058
222222.18750 0.603577
222717.20312 0.598993
223214.29688 0.594132
223713.60938 0.588931
224215.20312 0.583477
224719.09375 0.57775
225225.20312 0.571532
225733.59375 0.564629
226244.29688 0.557184
226757.39062 0.549612
227272.70312 0.542185
227790.39062 0.534756
228310.51562 0.526955
228833.01562 0.518695
229357.79688 0.510376
229885.09375 0.502637
230414.79688 0.495864
230946.90625 0.490132
231481.48438 0.485246
232018.59375 0.481062
232558.09375 0.477534
233100.20312 0.474533
233644.90625 0.47177
234192.01562 0.468952
234741.79688 0.465741
235294.09375 0.461471
235849.09375 0.455895
236406.59375 0.449846
236966.79688 0.443998
237529.70312 0.436908
238095.20312 0.42643
238663.50000 0.413104
239234.40625 0.400472
239808.20312 0.391527
240384.59375 0.386386
240963.90625 0.383518
241545.90625 0.381933
242130.79688 0.381614
242718.39062 0.383002
243309.00000 0.38623
243902.40625 0.391057
244498.81250 0.396991
245098.00000 0.403544
245700.20312 0.410017
246305.40625 0.415711
246913.59375 0.420017
247524.79688 0.422453
248139.00000 0.42269
248756.20312 0.420964
249376.59375 0.417454
250000.00000 0.411062
250626.59375 0.400023
251256.29688 0.384452
251889.18750 0.366858
252525.29688 0.349887
253164.59375 0.334231
253807.10938 0.319224
254452.90625 0.304256
255102.01562 0.289239
255754.51562 0.274264
256410.29688 0.259437
257069.40625 0.245039
257731.98438 0.231343
258397.90625 0.217762
259067.40625 0.202919
259740.29688 0.186424
260416.70312 0.170112
261096.59375 0.156364
261780.10938 0.1457
262467.18750 0.136702
263157.90625 0.128248
263852.18750 0.120295
264550.31250 0.112864
265252.00000 0.104654
265957.50000 0.094332
266666.68750 0.082777
267379.68750 0.073066
268096.50000 0.066886
268817.18750 0.062762
269541.81250 0.058216
270270.31250 0.052724
271002.68750 0.047322
271739.09375 0.042823
272479.59375 0.039156
273224.00000 0.035935
273972.62500 0.032816
274725.31250 0.029721
275482.09375 0.026821
276243.09375 0.024283
277008.31250 0.022099
277777.81250 0.020117
278551.50000 0.018234
279329.62500 0.016417
280112.00000 0.014757
280898.90625 0.013296
281690.09375 0.011947
282485.90625 0.010536
283286.09375 0.009041
284090.90625 0.007589
284900.31250 0.006417
285714.31250 0.005653
286533.00000 0.005279
287356.31250 0.005134
288184.37500 0.00505
289017.31250 0.004886
289855.09375 0.004567
290697.71875 0.004069
319767.50000 0.0
