threeML/data/optical_filters/Gemini/NICI-ED379.ecsv
# %ECSV 0.9
# ---
# datatype:
# - {name: wavelength, unit: Angstrom, datatype: float32}
# - {name: response, datatype: float32}
# meta: !!omap
# - {band_name: ED379}
# - {group_name: NICI}
wavelength response
14251.50000 0.0
15835.00000 0.004069
15836.00000 0.004156
15837.00000 0.004314
15838.00000 0.004384
15839.00000 0.004355
15840.00000 0.004458
15841.00000 0.004698
15842.00000 0.005065
15843.00000 0.005222
15844.00000 0.005269
15845.00000 0.005411
15846.00000 0.005702
15847.00000 0.005828
15848.00000 0.006138
15849.00000 0.006298
15850.00000 0.006779
15851.00000 0.007062
15852.00000 0.006935
15853.00000 0.00735
15854.00000 0.007783
15855.00000 0.008064
15856.00000 0.008165
15857.00000 0.008596
15858.00000 0.009021
15859.00000 0.009375
15860.00000 0.009649
15861.00000 0.010026
15862.00000 0.010526
15863.00000 0.010932
15864.00000 0.01126
15865.00000 0.011717
15866.00000 0.012269
15867.00000 0.013062
15868.00000 0.013431
15869.00000 0.014015
15870.00000 0.014693
15871.00000 0.015434
15872.00000 0.016202
15873.00000 0.016728
15874.00000 0.017518
15875.00000 0.018431
15876.00000 0.019191
15877.00000 0.020041
15878.00000 0.021068
15879.00000 0.022032
15880.00000 0.023195
15881.00000 0.024325
15882.00000 0.025323
15883.00000 0.026452
15884.00000 0.028059
15885.00000 0.029779
15886.00000 0.03125
15887.00000 0.032773
15888.00000 0.034716
15889.00000 0.036526
15890.00000 0.038559
15891.00000 0.040104
15892.00000 0.042555
15893.00000 0.045178
15894.00000 0.04751
15895.00000 0.049765
15896.00000 0.052528
15897.00000 0.055901
15898.00000 0.059369
15899.00000 0.061997
15900.00000 0.064768
15901.00000 0.069633
15902.00000 0.074666
15903.00000 0.078369
15904.00000 0.082619
15905.00000 0.088864
15906.00000 0.09411
15907.00000 0.098624
15908.00000 0.103675
15909.00000 0.109202
15910.00000 0.119031
15911.00000 0.126334
15912.00000 0.131623
15913.00000 0.138374
15914.00000 0.149092
15915.00000 0.1578
15916.00000 0.166408
15917.00000 0.174655
15918.00000 0.187454
15919.00000 0.200854
15920.00000 0.209736
15921.00000 0.221988
15922.00000 0.234739
15923.00000 0.249963
15924.00000 0.261996
15925.00000 0.274196
15926.00000 0.288613
15927.00000 0.307618
15928.00000 0.324795
15929.00000 0.339319
15930.00000 0.356164
15931.00000 0.374908
15932.00000 0.392233
15933.00000 0.40846
15934.00000 0.425184
15935.00000 0.442294
15936.00000 0.46916
15937.00000 0.489129
15938.00000 0.505528
15939.00000 0.524407
15940.00000 0.550262
15941.00000 0.567972
15942.00000 0.584045
15943.00000 0.601897
15944.00000 0.623427
15945.00000 0.646066
15946.00000 0.663126
15947.00000 0.676987
15948.00000 0.693779
15949.00000 0.714351
15950.00000 0.727521
15951.00000 0.740567
15952.00000 0.754668
15953.00000 0.771046
15954.00000 0.784787
15955.00000 0.795581
15956.00000 0.805019
15957.00000 0.81842
15958.00000 0.828877
15959.00000 0.835666
15960.00000 0.842307
15961.00000 0.850208
15962.00000 0.856079
15963.00000 0.861516
15964.00000 0.865506
15965.00000 0.869033
15966.00000 0.873077
15967.00000 0.875714
15968.00000 0.876778
15969.00000 0.878494
15970.00000 0.880896
15971.00000 0.881903
15972.00000 0.881571
15973.00000 0.881349
15974.00000 0.880947
15975.00000 0.880023
15976.00000 0.878908
15977.00000 0.877855
15978.00000 0.876318
15979.00000 0.87423
15980.00000 0.872549
15981.00000 0.870683
15982.00000 0.86922
15983.00000 0.86687
15984.00000 0.864009
15985.00000 0.861982
15986.00000 0.859978
15987.00000 0.857357
15988.00000 0.855421
15989.00000 0.853386
15990.00000 0.851746
15991.00000 0.849672
15992.00000 0.846621
15993.00000 0.844173
15994.00000 0.842376
15995.00000 0.83986
15996.00000 0.837124
15997.00000 0.834042
15998.00000 0.83173
15999.00000 0.829281
16000.00000 0.826199
16001.00000 0.823402
16002.00000 0.820899
16003.00000 0.817917
16004.00000 0.814758
16005.00000 0.811854
16006.00000 0.80879
16007.00000 0.806908
16008.00000 0.803167
16009.00000 0.799907
16010.00000 0.796293
16011.00000 0.793175
16012.00000 0.790726
16013.00000 0.786194
16014.00000 0.782408
16015.00000 0.779498
16016.00000 0.775448
16017.00000 0.771525
16018.00000 0.767201
16019.00000 0.763465
16020.00000 0.76022
16021.00000 0.756591
16022.00000 0.751526
16023.00000 0.74804
16024.00000 0.744438
16025.00000 0.741579
16026.00000 0.736868
16027.00000 0.73269
16028.00000 0.729676
16029.00000 0.726539
16030.00000 0.722868
16031.00000 0.719508
16032.00000 0.716439
16033.00000 0.713759
16034.00000 0.71064
16035.00000 0.707539
16036.00000 0.705142
16037.00000 0.702632
16038.00000 0.701049
16039.00000 0.698052
16040.00000 0.695928
16041.00000 0.694654
16042.00000 0.693572
16043.00000 0.69234
16044.00000 0.691208
16045.00000 0.690984
16046.00000 0.690377
16047.00000 0.689992
16048.00000 0.690344
16049.00000 0.691372
16050.00000 0.692069
16051.00000 0.692893
16052.00000 0.694156
16053.00000 0.695932
16054.00000 0.697852
16055.00000 0.700069
16056.00000 0.701956
16057.00000 0.705088
16058.00000 0.708203
16059.00000 0.711247
16060.00000 0.714655
16061.00000 0.719242
16062.00000 0.722499
16063.00000 0.726028
16064.00000 0.729546
16065.00000 0.733946
16066.00000 0.739079
16067.00000 0.743938
16068.00000 0.747813
16069.00000 0.752858
16070.00000 0.757881
16071.00000 0.761596
16072.00000 0.765321
16073.00000 0.768823
16074.00000 0.772662
16075.00000 0.776044
16076.00000 0.77887
16077.00000 0.780599
16078.00000 0.782701
16079.00000 0.783997
16080.00000 0.78383
16081.00000 0.783248
16082.00000 0.781816
16083.00000 0.779768
16084.00000 0.777209
16085.00000 0.774382
16086.00000 0.769325
16087.00000 0.761992
16088.00000 0.754762
16089.00000 0.74822
16090.00000 0.739775
16091.00000 0.729
16092.00000 0.715644
16093.00000 0.703567
16094.00000 0.693682
16095.00000 0.677029
16096.00000 0.662504
16097.00000 0.648908
16098.00000 0.634375
16099.00000 0.616826
16100.00000 0.595567
16101.00000 0.577526
16102.00000 0.561339
16103.00000 0.543066
16104.00000 0.52015
16105.00000 0.498503
16106.00000 0.483167
16107.00000 0.466065
16108.00000 0.442897
16109.00000 0.419975
16110.00000 0.400986
16111.00000 0.38294
16112.00000 0.362163
16113.00000 0.343085
16114.00000 0.32737
16115.00000 0.315383
16116.00000 0.298528
16117.00000 0.279423
16118.00000 0.263088
16119.00000 0.250328
16120.00000 0.236185
16121.00000 0.221517
16122.00000 0.206602
16123.00000 0.19611
16124.00000 0.187053
16125.00000 0.173609
16126.00000 0.161534
16127.00000 0.151758
16128.00000 0.143363
16129.00000 0.1365
16130.00000 0.127406
16131.00000 0.119705
16132.00000 0.113401
16133.00000 0.108314
16134.00000 0.101203
16135.00000 0.094923
16136.00000 0.089365
16137.00000 0.084671
16138.00000 0.079605
16139.00000 0.074251
16140.00000 0.070088
16141.00000 0.067221
16142.00000 0.063375
16143.00000 0.058791
16144.00000 0.055463
16145.00000 0.052879
16146.00000 0.050518
16147.00000 0.047383
16148.00000 0.044663
16149.00000 0.042765
16150.00000 0.040772
16151.00000 0.038457
16152.00000 0.036367
16153.00000 0.034855
16154.00000 0.033488
16155.00000 0.031563
16156.00000 0.029986
16157.00000 0.028598
16158.00000 0.027287
16159.00000 0.026438
16160.00000 0.024752
16161.00000 0.023331
16162.00000 0.022307
16163.00000 0.021618
16164.00000 0.020252
16165.00000 0.019609
16166.00000 0.018795
16167.00000 0.018074
16168.00000 0.017346
16169.00000 0.016428
16170.00000 0.015717
16171.00000 0.015011
16172.00000 0.014456
16173.00000 0.013771
16174.00000 0.013267
16175.00000 0.012812
16176.00000 0.012425
16177.00000 0.011768
16178.00000 0.011281
16179.00000 0.010914
16180.00000 0.010499
16181.00000 0.009883
16182.00000 0.009397
16183.00000 0.00945
16184.00000 0.008922
16185.00000 0.00877
16186.00000 0.008364
16187.00000 0.008006
16188.00000 0.007749
16189.00000 0.00754
16190.00000 0.00688
16191.00000 0.006894
16192.00000 0.0067
16193.00000 0.006395
16194.00000 0.00613
16195.00000 0.005942
16196.00000 0.005858
16197.00000 0.00532
16198.00000 0.005382
16199.00000 0.005297
16200.00000 0.004868
16201.00000 0.004712
16202.00000 0.004619
16203.00000 0.00457
16204.00000 0.004229
16205.00000 0.004326
16206.00000 0.004233
16207.00000 0.004174
17827.69922 0.0
