threeML/data/optical_filters/Gemini/NICI-ED283.ecsv
# %ECSV 0.9
# ---
# datatype:
# - {name: wavelength, unit: Angstrom, datatype: float32}
# - {name: response, datatype: float32}
# meta: !!omap
# - {band_name: ED283}
# - {group_name: NICI}
wavelength response
14465.25000 0.0
16072.50000 0.004152
16075.00000 0.004563
16077.50000 0.00481
16080.00000 0.005139
16082.50000 0.005641
16085.00000 0.005981
16087.50000 0.006399
16090.00000 0.006955
16092.50000 0.00741
16095.00000 0.008111
16097.50000 0.008749
16100.00000 0.009694
16102.50000 0.010474
16105.00000 0.011605
16107.50000 0.012531
16110.00000 0.013837
16112.50000 0.015157
16115.00000 0.016591
16117.50000 0.018532
16120.00000 0.020171
16122.50000 0.022612
16125.00000 0.025047
16127.50000 0.027761
16130.00000 0.031326
16132.50000 0.034521
16135.00000 0.039392
16137.50000 0.043625
16140.00000 0.049528
16142.50000 0.055992
16145.00000 0.062689
16147.50000 0.072132
16150.00000 0.080398
16152.50000 0.093344
16155.00000 0.105218
16157.50000 0.120022
16160.00000 0.137498
16162.50000 0.153983
16165.00000 0.176785
16167.50000 0.196709
16170.00000 0.226799
16172.50000 0.254765
16175.00000 0.285913
16177.50000 0.323161
16180.00000 0.353433
16182.50000 0.396092
16185.00000 0.430953
16187.50000 0.477532
16190.00000 0.519336
16192.50000 0.55794
16195.00000 0.60162
16197.50000 0.632904
16200.00000 0.674542
16202.50000 0.705932
16205.00000 0.739022
16207.50000 0.768612
16210.00000 0.789743
16212.50000 0.812068
16215.00000 0.825774
16217.50000 0.842174
16220.00000 0.853313
16222.50000 0.862268
16225.00000 0.870081
16227.50000 0.874187
16230.00000 0.878731
16232.50000 0.881167
16235.00000 0.88369
16237.50000 0.88536
16240.00000 0.886498
16242.50000 0.887857
16245.00000 0.888226
16247.50000 0.88868
16250.00000 0.888831
16252.50000 0.888646
16255.00000 0.8881
16257.50000 0.887389
16260.00000 0.886277
16262.50000 0.884986
16265.00000 0.882737
16267.50000 0.880649
16270.00000 0.878329
16272.50000 0.875103
16275.00000 0.872371
16277.50000 0.869109
16280.00000 0.866282
16282.50000 0.86284
16285.00000 0.860133
16287.50000 0.85782
16290.00000 0.855621
16292.50000 0.854535
16295.00000 0.853475
16297.50000 0.853429
16300.00000 0.85364
16302.50000 0.854711
16305.00000 0.856155
16307.50000 0.858248
16310.00000 0.860099
16312.50000 0.862
16315.00000 0.863636
16317.50000 0.864063
16320.00000 0.863085
16322.50000 0.860708
16325.00000 0.854939
16327.50000 0.84776
16330.00000 0.835509
16332.50000 0.820141
16335.00000 0.802873
16337.50000 0.777183
16340.00000 0.753945
16342.50000 0.718485
16345.00000 0.684771
16347.50000 0.645423
16350.00000 0.600619
16352.50000 0.563711
16355.00000 0.515706
16357.50000 0.479127
16360.00000 0.429515
16362.50000 0.388496
16365.00000 0.350205
16367.50000 0.307449
16370.00000 0.278475
16372.50000 0.243
16375.00000 0.218142
16377.50000 0.189168
16380.00000 0.165475
16382.50000 0.146834
16385.00000 0.126663
16387.50000 0.114066
16390.00000 0.098595
16392.50000 0.087389
16395.00000 0.076825
16397.50000 0.066959
16400.00000 0.060394
16402.50000 0.052827
16405.00000 0.048
16407.50000 0.042085
16410.00000 0.037598
16412.50000 0.033524
16415.00000 0.029628
16417.50000 0.027177
16420.00000 0.024118
16422.50000 0.022088
16425.00000 0.019692
16427.50000 0.01771
16430.00000 0.016173
16432.50000 0.014418
16435.00000 0.013335
16437.50000 0.012011
16440.00000 0.010999
16442.50000 0.010042
16445.00000 0.009007
16447.50000 0.008404
16450.00000 0.007661
16452.50000 0.007032
16455.00000 0.006463
16457.50000 0.005872
16460.00000 0.005467
16462.50000 0.004956
16465.00000 0.00462
16467.50000 0.004234
16470.00000 0.004008
18117.00000 0.0
