threeML/data/optical_filters/Gemini/NICI-ED286.ecsv
# %ECSV 0.9
# ---
# datatype:
# - {name: wavelength, unit: Angstrom, datatype: float32}
# - {name: response, datatype: float32}
# meta: !!omap
# - {band_name: ED286}
# - {group_name: NICI}
wavelength response
14085.00000 0.0
15650.00000 0.004166
15651.00000 0.004262
15652.00000 0.004355
15653.00000 0.004706
15654.00000 0.004821
15655.00000 0.004889
15656.00000 0.005391
15657.00000 0.005374
15658.00000 0.00544
15659.00000 0.005824
15660.00000 0.00614
15661.00000 0.006153
15662.00000 0.006518
15663.00000 0.007028
15664.00000 0.007121
15665.00000 0.007342
15666.00000 0.007732
15667.00000 0.008134
15668.00000 0.00837
15669.00000 0.00878
15670.00000 0.009153
15671.00000 0.009719
15672.00000 0.010124
15673.00000 0.010511
15674.00000 0.01083
15675.00000 0.011349
15676.00000 0.012008
15677.00000 0.012475
15678.00000 0.012875
15679.00000 0.013592
15680.00000 0.014482
15681.00000 0.014983
15682.00000 0.015786
15683.00000 0.016456
15684.00000 0.017215
15685.00000 0.018213
15686.00000 0.019378
15687.00000 0.019815
15688.00000 0.021049
15689.00000 0.022305
15690.00000 0.023353
15691.00000 0.024323
15692.00000 0.025721
15693.00000 0.02707
15694.00000 0.028463
15695.00000 0.029966
15696.00000 0.031287
15697.00000 0.033247
15698.00000 0.034763
15699.00000 0.036754
15700.00000 0.03831
15701.00000 0.041059
15702.00000 0.043714
15703.00000 0.045829
15704.00000 0.047885
15705.00000 0.050665
15706.00000 0.053599
15707.00000 0.056674
15708.00000 0.059818
15709.00000 0.062753
15710.00000 0.066759
15711.00000 0.06962
15712.00000 0.073229
15713.00000 0.076867
15714.00000 0.081905
15715.00000 0.086143
15716.00000 0.091284
15717.00000 0.095169
15718.00000 0.100988
15719.00000 0.107314
15720.00000 0.112813
15721.00000 0.117776
15722.00000 0.124355
15723.00000 0.131421
15724.00000 0.137956
15725.00000 0.144782
15726.00000 0.149742
15727.00000 0.159499
15728.00000 0.167242
15729.00000 0.174241
15730.00000 0.181676
15731.00000 0.19027
15732.00000 0.200468
15733.00000 0.209771
15734.00000 0.21759
15735.00000 0.228105
15736.00000 0.239523
15737.00000 0.247627
15738.00000 0.258809
15739.00000 0.266347
15740.00000 0.279413
15741.00000 0.290402
15742.00000 0.300683
15743.00000 0.310409
15744.00000 0.3214
15745.00000 0.334328
15746.00000 0.344556
15747.00000 0.354124
15748.00000 0.365466
15749.00000 0.377913
15750.00000 0.389139
15751.00000 0.398456
15752.00000 0.408694
15753.00000 0.422466
15754.00000 0.432887
15755.00000 0.444129
15756.00000 0.452476
15757.00000 0.464633
15758.00000 0.475461
15759.00000 0.485314
15760.00000 0.492307
15761.00000 0.501942
15762.00000 0.512826
15763.00000 0.521331
15764.00000 0.5284
15765.00000 0.535143
15766.00000 0.544868
15767.00000 0.552463
15768.00000 0.558808
15769.00000 0.564876
15770.00000 0.571939
15771.00000 0.579069
15772.00000 0.583928
15773.00000 0.588888
15774.00000 0.594279
15775.00000 0.600162
15776.00000 0.604273
15777.00000 0.608285
15778.00000 0.611527
15779.00000 0.615966
15780.00000 0.619259
15781.00000 0.622506
15782.00000 0.624658
15783.00000 0.628358
15784.00000 0.631439
15785.00000 0.633627
15786.00000 0.635898
15787.00000 0.637916
15788.00000 0.640287
15789.00000 0.642567
15790.00000 0.644598
15791.00000 0.646505
15792.00000 0.64913
15793.00000 0.650938
15794.00000 0.652493
15795.00000 0.654676
15796.00000 0.657111
15797.00000 0.659382
15798.00000 0.661306
15799.00000 0.663003
15800.00000 0.665206
15801.00000 0.66789
15802.00000 0.670363
15803.00000 0.672943
15804.00000 0.675083
15805.00000 0.677941
15806.00000 0.680928
15807.00000 0.683505
15808.00000 0.685591
15809.00000 0.689406
15810.00000 0.692735
15811.00000 0.695407
15812.00000 0.698103
15813.00000 0.701505
15814.00000 0.705256
15815.00000 0.708088
15816.00000 0.71109
15817.00000 0.713831
15818.00000 0.718278
15819.00000 0.721561
15820.00000 0.724102
15821.00000 0.727549
15822.00000 0.731916
15823.00000 0.734953
15824.00000 0.738291
15825.00000 0.741672
15826.00000 0.745693
15827.00000 0.749701
15828.00000 0.752938
15829.00000 0.755969
15830.00000 0.759312
15831.00000 0.762443
15832.00000 0.765893
15833.00000 0.769051
15834.00000 0.771602
15835.00000 0.775327
15836.00000 0.778719
15837.00000 0.781695
15838.00000 0.783846
15839.00000 0.786862
15840.00000 0.790192
15841.00000 0.792483
15842.00000 0.795093
15843.00000 0.798146
15844.00000 0.800683
15845.00000 0.802836
15846.00000 0.804911
15847.00000 0.806634
15848.00000 0.808856
15849.00000 0.810601
15850.00000 0.812132
15851.00000 0.813212
15852.00000 0.815148
15853.00000 0.816618
15854.00000 0.817752
15855.00000 0.818874
15856.00000 0.819676
15857.00000 0.820528
15858.00000 0.821189
15859.00000 0.822324
15860.00000 0.822527
15861.00000 0.822388
15862.00000 0.822187
15863.00000 0.823099
15864.00000 0.822813
15865.00000 0.822491
15866.00000 0.822277
15867.00000 0.821944
15868.00000 0.82156
15869.00000 0.820579
15870.00000 0.819254
15871.00000 0.818546
15872.00000 0.817691
15873.00000 0.816286
15874.00000 0.81448
15875.00000 0.812635
15876.00000 0.811021
15877.00000 0.810057
15878.00000 0.808287
15879.00000 0.805712
15880.00000 0.802523
15881.00000 0.798619
15882.00000 0.795171
15883.00000 0.794517
15884.00000 0.790937
15885.00000 0.788129
15886.00000 0.784959
15887.00000 0.779853
15888.00000 0.77606
15889.00000 0.771748
15890.00000 0.767979
15891.00000 0.762159
15892.00000 0.756583
15893.00000 0.751822
15894.00000 0.746506
15895.00000 0.741006
15896.00000 0.733202
15897.00000 0.727587
15898.00000 0.721299
15899.00000 0.715239
15900.00000 0.705634
15901.00000 0.697951
15902.00000 0.690234
15903.00000 0.684743
15904.00000 0.674426
15905.00000 0.665182
15906.00000 0.656469
15907.00000 0.647852
15908.00000 0.638045
15909.00000 0.626315
15910.00000 0.619016
15911.00000 0.609198
15912.00000 0.597165
15913.00000 0.584033
15914.00000 0.574027
15915.00000 0.562989
15916.00000 0.552601
15917.00000 0.538961
15918.00000 0.52694
15919.00000 0.516233
15920.00000 0.506055
15921.00000 0.493238
15922.00000 0.478547
15923.00000 0.467888
15924.00000 0.455548
15925.00000 0.443384
15926.00000 0.427076
15927.00000 0.416812
15928.00000 0.405094
15929.00000 0.393534
15930.00000 0.379161
15931.00000 0.36729
15932.00000 0.355166
15933.00000 0.345197
15934.00000 0.332368
15935.00000 0.319078
15936.00000 0.308603
15937.00000 0.29882
15938.00000 0.288102
15939.00000 0.275286
15940.00000 0.264461
15941.00000 0.254006
15942.00000 0.245421
15943.00000 0.233101
15944.00000 0.224171
15945.00000 0.214373
15946.00000 0.205795
15947.00000 0.197187
15948.00000 0.187907
15949.00000 0.180002
15950.00000 0.172973
15951.00000 0.165918
15952.00000 0.156496
15953.00000 0.149982
15954.00000 0.144074
15955.00000 0.137607
15956.00000 0.130671
15957.00000 0.124311
15958.00000 0.118261
15959.00000 0.11411
15960.00000 0.107317
15961.00000 0.101398
15962.00000 0.097066
15963.00000 0.093127
15964.00000 0.0895
15965.00000 0.083554
15966.00000 0.08
15967.00000 0.076417
15968.00000 0.0734
15969.00000 0.068962
15970.00000 0.065977
15971.00000 0.062737
15972.00000 0.060113
15973.00000 0.056735
15974.00000 0.054167
15975.00000 0.051633
15976.00000 0.04941
15977.00000 0.047059
15978.00000 0.044189
15979.00000 0.042453
15980.00000 0.040787
15981.00000 0.039094
15982.00000 0.036617
15983.00000 0.035148
15984.00000 0.033428
15985.00000 0.0322
15986.00000 0.030487
15987.00000 0.029351
15988.00000 0.027883
15989.00000 0.026703
15990.00000 0.025707
15991.00000 0.024163
15992.00000 0.023277
15993.00000 0.022279
15994.00000 0.021255
15995.00000 0.020207
15996.00000 0.019379
15997.00000 0.018444
15998.00000 0.017868
15999.00000 0.016993
16000.00000 0.016337
16001.00000 0.015571
16002.00000 0.015115
16003.00000 0.014432
16004.00000 0.013664
16005.00000 0.013166
16006.00000 0.012766
16007.00000 0.012269
16008.00000 0.011812
16009.00000 0.0113
16010.00000 0.010747
16011.00000 0.010392
16012.00000 0.009817
16013.00000 0.009379
16014.00000 0.009035
16015.00000 0.00885
16016.00000 0.008426
16017.00000 0.008085
16018.00000 0.00778
16019.00000 0.00764
16020.00000 0.007427
16021.00000 0.007078
16022.00000 0.0067
16023.00000 0.006443
16024.00000 0.006375
16025.00000 0.006022
16026.00000 0.005787
16027.00000 0.00562
16028.00000 0.005439
16029.00000 0.005149
16030.00000 0.004967
16031.00000 0.004804
16032.00000 0.004713
16033.00000 0.004668
16034.00000 0.00441
16035.00000 0.004227
16036.00000 0.004039
17639.59961 0.0
