threeML/data/optical_filters/Gemini/NICI-ED451.ecsv
# %ECSV 0.9
# ---
# datatype:
# - {name: wavelength, unit: Angstrom, datatype: float32}
# - {name: response, datatype: float32}
# meta: !!omap
# - {band_name: ED451}
# - {group_name: NICI}
wavelength response
13790.25000 0.0
15322.50000 0.004128
15325.00000 0.00431
15327.50000 0.004605
15330.00000 0.00498
15332.50000 0.00547
15335.00000 0.00592
15337.50000 0.006078
15340.00000 0.006731
15342.50000 0.007169
15345.00000 0.007782
15347.50000 0.008242
15350.00000 0.009007
15352.50000 0.00991
15355.00000 0.010314
15357.50000 0.011378
15360.00000 0.012069
15362.50000 0.013181
15365.00000 0.014339
15367.50000 0.015458
15370.00000 0.016979
15372.50000 0.017984
15375.00000 0.019951
15377.50000 0.021197
15380.00000 0.023169
15382.50000 0.025406
15385.00000 0.027268
15387.50000 0.030123
15390.00000 0.031986
15392.50000 0.035545
15395.00000 0.038356
15397.50000 0.041597
15400.00000 0.046039
15402.50000 0.049323
15405.00000 0.054881
15407.50000 0.058589
15410.00000 0.064939
15412.50000 0.07038
15415.00000 0.076383
15417.50000 0.085264
15420.00000 0.090727
15422.50000 0.100899
15425.00000 0.108079
15427.50000 0.118733
15430.00000 0.129927
15432.50000 0.139225
15435.00000 0.155231
15437.50000 0.164917
15440.00000 0.181976
15442.50000 0.19647
15445.00000 0.213332
15447.50000 0.231598
15450.00000 0.246031
15452.50000 0.27211
15455.00000 0.287664
15457.50000 0.311688
15460.00000 0.335758
15462.50000 0.357885
15465.00000 0.384198
15467.50000 0.402631
15470.00000 0.434844
15472.50000 0.456771
15475.00000 0.484632
15477.50000 0.512156
15480.00000 0.533474
15482.50000 0.562916
15485.00000 0.584094
15487.50000 0.614299
15490.00000 0.635229
15492.50000 0.656663
15495.00000 0.682379
15497.50000 0.700145
15500.00000 0.72251
15502.50000 0.736566
15505.00000 0.758136
15507.50000 0.77537
15510.00000 0.789049
15512.50000 0.804701
15515.00000 0.813792
15517.50000 0.827455
15520.00000 0.835316
15522.50000 0.846261
15525.00000 0.853442
15527.50000 0.861632
15530.00000 0.869851
15532.50000 0.874124
15535.00000 0.880338
15537.50000 0.883271
15540.00000 0.887963
15542.50000 0.89072
15545.00000 0.892907
15547.50000 0.896134
15550.00000 0.899013
15552.50000 0.903055
15555.00000 0.904575
15557.50000 0.905029
15560.00000 0.905421
15562.50000 0.906684
15565.00000 0.909067
15567.50000 0.907456
15570.00000 0.90818
15572.50000 0.909908
15575.00000 0.911396
15577.50000 0.913338
15580.00000 0.913089
15582.50000 0.913132
15585.00000 0.912562
15587.50000 0.913707
15590.00000 0.913737
15592.50000 0.913786
15595.00000 0.914186
15597.50000 0.91496
15600.00000 0.916567
15602.50000 0.916546
15605.00000 0.916331
15607.50000 0.916418
15610.00000 0.916709
15612.50000 0.916795
15615.00000 0.91681
15617.50000 0.91771
15620.00000 0.918696
15622.50000 0.918271
15625.00000 0.917938
15627.50000 0.91737
15630.00000 0.916915
15632.50000 0.91751
15635.00000 0.916836
15637.50000 0.916952
15640.00000 0.917046
15642.50000 0.917837
15645.00000 0.918464
15647.50000 0.917755
15650.00000 0.917236
15652.50000 0.916269
15655.00000 0.91631
15657.50000 0.915585
15660.00000 0.914316
15662.50000 0.91549
15665.00000 0.916166
15667.50000 0.91669
15670.00000 0.915487
15672.50000 0.915257
15675.00000 0.915788
15677.50000 0.915682
15680.00000 0.914445
15682.50000 0.912712
15685.00000 0.913222
15687.50000 0.915544
15690.00000 0.916551
15692.50000 0.915676
15695.00000 0.914949
15697.50000 0.915385
15700.00000 0.916778
15702.50000 0.916179
15705.00000 0.913251
15707.50000 0.909784
15710.00000 0.912581
15712.50000 0.917494
15715.00000 0.915371
15717.50000 0.91505
15720.00000 0.915099
15722.50000 0.917127
15725.00000 0.91688
15727.50000 0.916049
15730.00000 0.915365
15732.50000 0.91582
15735.00000 0.915202
15737.50000 0.917838
15740.00000 0.91782
15742.50000 0.918234
15745.00000 0.917653
15747.50000 0.91844
15750.00000 0.91936
15752.50000 0.919148
15755.00000 0.920517
15757.50000 0.921236
15760.00000 0.921917
15762.50000 0.919371
15765.00000 0.917102
15767.50000 0.921932
15770.00000 0.923038
15772.50000 0.926077
15775.00000 0.923397
15777.50000 0.925256
15780.00000 0.923799
15782.50000 0.920495
15785.00000 0.921408
15787.50000 0.924085
15790.00000 0.925016
15792.50000 0.926868
15795.00000 0.925994
15797.50000 0.923281
15800.00000 0.920634
15802.50000 0.926102
15805.00000 0.92785
15807.50000 0.926611
15810.00000 0.929614
15812.50000 0.929956
15815.00000 0.928544
15817.50000 0.929111
15820.00000 0.929916
15822.50000 0.928556
15825.00000 0.930243
15827.50000 0.931517
15830.00000 0.929355
15832.50000 0.927457
15835.00000 0.926655
15837.50000 0.928021
15840.00000 0.929245
15842.50000 0.929409
15845.00000 0.930289
15847.50000 0.930331
15850.00000 0.931282
15852.50000 0.929382
15855.00000 0.927681
15857.50000 0.927584
15860.00000 0.929297
15862.50000 0.928923
15865.00000 0.929047
15867.50000 0.930406
15870.00000 0.929461
15872.50000 0.925577
15875.00000 0.925216
15877.50000 0.925998
15880.00000 0.926421
15882.50000 0.923347
15885.00000 0.920971
15887.50000 0.921895
15890.00000 0.923673
15892.50000 0.924429
15895.00000 0.926574
15897.50000 0.925974
15900.00000 0.924145
15902.50000 0.923482
15905.00000 0.923368
15907.50000 0.921503
15910.00000 0.920878
15912.50000 0.919614
15915.00000 0.921934
15917.50000 0.919881
15920.00000 0.922572
15922.50000 0.927689
15925.00000 0.925162
15927.50000 0.919847
15930.00000 0.91961
15932.50000 0.919461
15935.00000 0.918376
15937.50000 0.918979
15940.00000 0.918887
15942.50000 0.919787
15945.00000 0.919635
15947.50000 0.917348
15950.00000 0.916071
15952.50000 0.91413
15955.00000 0.915718
15957.50000 0.919378
15960.00000 0.917109
15962.50000 0.915795
15965.00000 0.911274
15967.50000 0.91429
15970.00000 0.914182
15972.50000 0.910907
15975.00000 0.909822
15977.50000 0.909694
15980.00000 0.910893
15982.50000 0.90861
15985.00000 0.91163
15987.50000 0.911095
15990.00000 0.908995
15992.50000 0.904492
15995.00000 0.902069
15997.50000 0.903227
16000.00000 0.901632
16002.50000 0.904883
16005.00000 0.90293
16007.50000 0.900735
16010.00000 0.899457
16012.50000 0.897293
16015.00000 0.895906
16017.50000 0.889146
16020.00000 0.887661
16022.50000 0.88557
16025.00000 0.881284
16027.50000 0.875405
16030.00000 0.870656
16032.50000 0.867254
16035.00000 0.860525
16037.50000 0.854831
16040.00000 0.84654
16042.50000 0.837725
16045.00000 0.83024
16047.50000 0.820073
16050.00000 0.81094
16052.50000 0.797666
16055.00000 0.788171
16057.50000 0.774179
16060.00000 0.760833
16062.50000 0.746547
16065.00000 0.726459
16067.50000 0.712295
16070.00000 0.692178
16072.50000 0.67789
16075.00000 0.656843
16077.50000 0.63513
16080.00000 0.61795
16082.50000 0.593088
16085.00000 0.574769
16087.50000 0.550533
16090.00000 0.529922
16092.50000 0.507006
16095.00000 0.483974
16097.50000 0.463657
16100.00000 0.438206
16102.50000 0.419835
16105.00000 0.39611
16107.50000 0.374795
16110.00000 0.352818
16112.50000 0.332217
16115.00000 0.315247
16117.50000 0.294364
16120.00000 0.279144
16122.50000 0.260158
16125.00000 0.243574
16127.50000 0.227079
16130.00000 0.211259
16132.50000 0.199042
16135.00000 0.18417
16137.50000 0.173448
16140.00000 0.160129
16142.50000 0.148072
16145.00000 0.13858
16147.50000 0.128332
16150.00000 0.121096
16152.50000 0.111302
16155.00000 0.103571
16157.50000 0.09582
16160.00000 0.088169
16162.50000 0.08276
16165.00000 0.076846
16167.50000 0.071941
16170.00000 0.066316
16172.50000 0.061693
16175.00000 0.057729
16177.50000 0.052897
16180.00000 0.049529
16182.50000 0.04598
16185.00000 0.042956
16187.50000 0.039964
16190.00000 0.037281
16192.50000 0.034748
16195.00000 0.03206
16197.50000 0.029935
16200.00000 0.027861
16202.50000 0.025921
16205.00000 0.024315
16207.50000 0.022583
16210.00000 0.021394
16212.50000 0.0198
16215.00000 0.018561
16217.50000 0.017324
16220.00000 0.01615
16222.50000 0.015636
16225.00000 0.014277
16227.50000 0.013335
16230.00000 0.012632
16232.50000 0.011767
16235.00000 0.011128
16237.50000 0.010348
16240.00000 0.009847
16242.50000 0.009226
16245.00000 0.008698
16247.50000 0.008271
16250.00000 0.007637
16252.50000 0.007236
16255.00000 0.006736
16257.50000 0.006445
16260.00000 0.006011
16262.50000 0.005542
16265.00000 0.005618
16267.50000 0.005042
16270.00000 0.004727
16272.50000 0.00453
16275.00000 0.004441
17902.50000 0.0
