threeML/data/optical_filters/Gemini/NICI-ED381.ecsv
# %ECSV 0.9
# ---
# datatype:
# - {name: wavelength, unit: Angstrom, datatype: float32}
# - {name: response, datatype: float32}
# meta: !!omap
# - {band_name: ED381}
# - {group_name: NICI}
wavelength response
14461.20020 0.0
16068.00000 0.004002
16070.00000 0.004119
16072.00000 0.004614
16074.00000 0.004866
16076.00000 0.005287
16078.00000 0.005637
16080.00000 0.006012
16082.00000 0.006474
16084.00000 0.007359
16086.00000 0.007616
16088.00000 0.008336
16090.00000 0.009005
16092.00000 0.009907
16094.00000 0.010646
16096.00000 0.011319
16098.00000 0.012344
16100.00000 0.01336
16102.00000 0.014842
16104.00000 0.015856
16106.00000 0.017623
16108.00000 0.018689
16110.00000 0.021055
16112.00000 0.022779
16114.00000 0.025168
16116.00000 0.027592
16118.00000 0.03017
16120.00000 0.033527
16122.00000 0.036648
16124.00000 0.040532
16126.00000 0.044636
16128.00000 0.05005
16130.00000 0.054608
16132.00000 0.060986
16134.00000 0.066307
16136.00000 0.075442
16138.00000 0.082486
16140.00000 0.093181
16142.00000 0.102883
16144.00000 0.116739
16146.00000 0.130167
16148.00000 0.142863
16150.00000 0.158332
16152.00000 0.174881
16154.00000 0.195892
16156.00000 0.211959
16158.00000 0.23937
16160.00000 0.260814
16162.00000 0.295023
16164.00000 0.318492
16166.00000 0.354299
16168.00000 0.382491
16170.00000 0.418974
16172.00000 0.45313
16174.00000 0.487225
16176.00000 0.52344
16178.00000 0.558322
16180.00000 0.595932
16182.00000 0.625442
16184.00000 0.66066
16186.00000 0.685097
16188.00000 0.718908
16190.00000 0.741323
16192.00000 0.769373
16194.00000 0.788304
16196.00000 0.810009
16198.00000 0.824896
16200.00000 0.837024
16202.00000 0.846477
16204.00000 0.854494
16206.00000 0.860895
16208.00000 0.863527
16210.00000 0.867123
16212.00000 0.867985
16214.00000 0.867985
16216.00000 0.867951
16218.00000 0.866384
16220.00000 0.864685
16222.00000 0.862087
16224.00000 0.859813
16226.00000 0.857699
16228.00000 0.855791
16230.00000 0.85416
16232.00000 0.852446
16234.00000 0.850972
16236.00000 0.849197
16238.00000 0.847683
16240.00000 0.84685
16242.00000 0.845848
16244.00000 0.843609
16246.00000 0.842462
16248.00000 0.841311
16250.00000 0.84004
16252.00000 0.838312
16254.00000 0.836676
16256.00000 0.834627
16258.00000 0.832689
16260.00000 0.830167
16262.00000 0.827283
16264.00000 0.825393
16266.00000 0.822285
16268.00000 0.820009
16270.00000 0.817
16272.00000 0.815163
16274.00000 0.812511
16276.00000 0.810733
16278.00000 0.809348
16280.00000 0.808003
16282.00000 0.807224
16284.00000 0.806708
16286.00000 0.807164
16288.00000 0.807057
16290.00000 0.807466
16292.00000 0.809932
16294.00000 0.810868
16296.00000 0.813321
16298.00000 0.815161
16300.00000 0.819179
16302.00000 0.822216
16304.00000 0.824002
16306.00000 0.826074
16308.00000 0.827196
16310.00000 0.826394
16312.00000 0.824451
16314.00000 0.820086
16316.00000 0.815595
16318.00000 0.806
16320.00000 0.79476
16322.00000 0.780633
16324.00000 0.764043
16326.00000 0.740332
16328.00000 0.717547
16330.00000 0.692431
16332.00000 0.662702
16334.00000 0.628318
16336.00000 0.594344
16338.00000 0.560457
16340.00000 0.523722
16342.00000 0.4901
16344.00000 0.449
16346.00000 0.417657
16348.00000 0.378569
16350.00000 0.350105
16352.00000 0.307404
16354.00000 0.282336
16356.00000 0.249201
16358.00000 0.224241
16360.00000 0.198498
16362.00000 0.176853
16364.00000 0.160246
16366.00000 0.14123
16368.00000 0.126298
16370.00000 0.110921
16372.00000 0.100557
16374.00000 0.088932
16376.00000 0.080667
16378.00000 0.070912
16380.00000 0.06499
16382.00000 0.057214
16384.00000 0.051926
16386.00000 0.046075
16388.00000 0.041799
16390.00000 0.037989
16392.00000 0.034124
16394.00000 0.031183
16396.00000 0.0281
16398.00000 0.025982
16400.00000 0.023598
16402.00000 0.021894
16404.00000 0.019765
16406.00000 0.018372
16408.00000 0.016506
16410.00000 0.015408
16412.00000 0.014203
16414.00000 0.012942
16416.00000 0.011885
16418.00000 0.010936
16420.00000 0.010329
16422.00000 0.009401
16424.00000 0.008824
16426.00000 0.008191
16428.00000 0.007819
16430.00000 0.007204
16432.00000 0.006671
16434.00000 0.006162
16436.00000 0.00593
16438.00000 0.005507
16440.00000 0.005088
16442.00000 0.004816
16444.00000 0.004449
16446.00000 0.004177
18090.59961 0.0
