threeML/data/optical_filters/Gemini/NICI-ED299.ecsv
# %ECSV 0.9
# ---
# datatype:
# - {name: wavelength, unit: Angstrom, datatype: float32}
# - {name: response, datatype: float32}
# meta: !!omap
# - {band_name: ED299}
# - {group_name: NICI}
wavelength response
14242.50000 0.0
15825.00000 0.004097
15826.00000 0.00415
15827.00000 0.004389
15828.00000 0.004605
15829.00000 0.005036
15830.00000 0.004921
15831.00000 0.005157
15832.00000 0.005348
15833.00000 0.005552
15834.00000 0.005629
15835.00000 0.005934
15836.00000 0.006285
15837.00000 0.006483
15838.00000 0.006697
15839.00000 0.00691
15840.00000 0.007323
15841.00000 0.007788
15842.00000 0.007782
15843.00000 0.00806
15844.00000 0.008599
15845.00000 0.008901
15846.00000 0.009239
15847.00000 0.00955
15848.00000 0.010054
15849.00000 0.010451
15850.00000 0.010913
15851.00000 0.011265
15852.00000 0.011835
15853.00000 0.012341
15854.00000 0.012799
15855.00000 0.013328
15856.00000 0.013961
15857.00000 0.014402
15858.00000 0.0153
15859.00000 0.01575
15860.00000 0.016471
15861.00000 0.017494
15862.00000 0.017901
15863.00000 0.018792
15864.00000 0.019588
15865.00000 0.020437
15866.00000 0.021402
15867.00000 0.022411
15868.00000 0.023076
15869.00000 0.024175
15870.00000 0.025546
15871.00000 0.02657
15872.00000 0.027731
15873.00000 0.028724
15874.00000 0.030322
15875.00000 0.031836
15876.00000 0.033212
15877.00000 0.034381
15878.00000 0.036369
15879.00000 0.037931
15880.00000 0.039643
15881.00000 0.041412
15882.00000 0.042818
15883.00000 0.04539
15884.00000 0.047135
15885.00000 0.049509
15886.00000 0.051098
15887.00000 0.054291
15888.00000 0.056529
15889.00000 0.059104
15890.00000 0.061294
15891.00000 0.064066
15892.00000 0.067436
15893.00000 0.070369
15894.00000 0.072951
15895.00000 0.07631
15896.00000 0.080168
15897.00000 0.083588
15898.00000 0.087005
15899.00000 0.089726
15900.00000 0.094871
15901.00000 0.098739
15902.00000 0.10214
15903.00000 0.105918
15904.00000 0.111495
15905.00000 0.116182
15906.00000 0.120752
15907.00000 0.12512
15908.00000 0.129855
15909.00000 0.136535
15910.00000 0.141773
15911.00000 0.146765
15912.00000 0.152565
15913.00000 0.159771
15914.00000 0.165372
15915.00000 0.171572
15916.00000 0.177051
15917.00000 0.18456
15918.00000 0.191955
15919.00000 0.198202
15920.00000 0.205107
15921.00000 0.211808
15922.00000 0.220614
15923.00000 0.228031
15924.00000 0.2351
15925.00000 0.243039
15926.00000 0.252741
15927.00000 0.260428
15928.00000 0.268399
15929.00000 0.276902
15930.00000 0.287
15931.00000 0.295937
15932.00000 0.30507
15933.00000 0.312526
15934.00000 0.322796
15935.00000 0.333738
15936.00000 0.34224
15937.00000 0.350534
15938.00000 0.359291
15939.00000 0.371434
15940.00000 0.380421
15941.00000 0.390371
15942.00000 0.399669
15943.00000 0.411753
15944.00000 0.421256
15945.00000 0.431688
15946.00000 0.439876
15947.00000 0.451274
15948.00000 0.461594
15949.00000 0.470907
15950.00000 0.479937
15951.00000 0.489097
15952.00000 0.502427
15953.00000 0.510938
15954.00000 0.519746
15955.00000 0.52831
15956.00000 0.539317
15957.00000 0.549506
15958.00000 0.558694
15959.00000 0.567052
15960.00000 0.577018
15961.00000 0.587237
15962.00000 0.595432
15963.00000 0.602572
15964.00000 0.611341
15965.00000 0.620769
15966.00000 0.629002
15967.00000 0.635267
15968.00000 0.642916
15969.00000 0.651809
15970.00000 0.658393
15971.00000 0.664735
15972.00000 0.670769
15973.00000 0.677814
15974.00000 0.685359
15975.00000 0.691631
15976.00000 0.696256
15977.00000 0.702569
15978.00000 0.709386
15979.00000 0.713708
15980.00000 0.718466
15981.00000 0.722839
15982.00000 0.728698
15983.00000 0.732637
15984.00000 0.736578
15985.00000 0.739894
15986.00000 0.744288
15987.00000 0.747428
15988.00000 0.750853
15989.00000 0.753129
15990.00000 0.756026
15991.00000 0.758851
15992.00000 0.76131
15993.00000 0.763137
15994.00000 0.765335
15995.00000 0.767721
15996.00000 0.769171
15997.00000 0.77055
15998.00000 0.771614
15999.00000 0.772942
16000.00000 0.773733
16001.00000 0.77439
16002.00000 0.775092
16003.00000 0.775484
16004.00000 0.775644
16005.00000 0.775951
16006.00000 0.776337
16007.00000 0.776536
16008.00000 0.776519
16009.00000 0.776104
16010.00000 0.775456
16011.00000 0.775255
16012.00000 0.774621
16013.00000 0.773903
16014.00000 0.773159
16015.00000 0.772737
16016.00000 0.771643
16017.00000 0.7707
16018.00000 0.769815
16019.00000 0.769214
16020.00000 0.768246
16021.00000 0.766769
16022.00000 0.765389
16023.00000 0.76392
16024.00000 0.763616
16025.00000 0.762048
16026.00000 0.760312
16027.00000 0.759108
16028.00000 0.757859
16029.00000 0.756187
16030.00000 0.754251
16031.00000 0.752748
16032.00000 0.751301
16033.00000 0.749968
16034.00000 0.747659
16035.00000 0.746127
16036.00000 0.744948
16037.00000 0.743167
16038.00000 0.74116
16039.00000 0.739036
16040.00000 0.737077
16041.00000 0.735356
16042.00000 0.732927
16043.00000 0.730696
16044.00000 0.728735
16045.00000 0.727018
16046.00000 0.724905
16047.00000 0.721944
16048.00000 0.719327
16049.00000 0.717339
16050.00000 0.714566
16051.00000 0.711014
16052.00000 0.708843
16053.00000 0.70611
16054.00000 0.703904
16055.00000 0.701018
16056.00000 0.697677
16057.00000 0.694898
16058.00000 0.692188
16059.00000 0.688319
16060.00000 0.684106
16061.00000 0.68115
16062.00000 0.677825
16063.00000 0.67427
16064.00000 0.66979
16065.00000 0.665795
16066.00000 0.661692
16067.00000 0.658001
16068.00000 0.652743
16069.00000 0.64822
16070.00000 0.643376
16071.00000 0.639034
16072.00000 0.634437
16073.00000 0.628641
16074.00000 0.623307
16075.00000 0.618889
16076.00000 0.6136
16077.00000 0.606531
16078.00000 0.60058
16079.00000 0.594966
16080.00000 0.589612
16081.00000 0.581517
16082.00000 0.574525
16083.00000 0.567623
16084.00000 0.562472
16085.00000 0.553545
16086.00000 0.544836
16087.00000 0.538143
16088.00000 0.531628
16089.00000 0.525313
16090.00000 0.515819
16091.00000 0.507999
16092.00000 0.499752
16093.00000 0.49311
16094.00000 0.483396
16095.00000 0.474681
16096.00000 0.465811
16097.00000 0.458119
16098.00000 0.449918
16099.00000 0.438542
16100.00000 0.429869
16101.00000 0.421913
16102.00000 0.413371
16103.00000 0.400881
16104.00000 0.39288
16105.00000 0.384431
16106.00000 0.376168
16107.00000 0.365952
16108.00000 0.356163
16109.00000 0.348103
16110.00000 0.339507
16111.00000 0.328956
16112.00000 0.318989
16113.00000 0.310739
16114.00000 0.302343
16115.00000 0.293535
16116.00000 0.282401
16117.00000 0.273687
16118.00000 0.26643
16119.00000 0.257884
16120.00000 0.247541
16121.00000 0.239958
16122.00000 0.231421
16123.00000 0.225069
16124.00000 0.21604
16125.00000 0.207618
16126.00000 0.201293
16127.00000 0.194835
16128.00000 0.187621
16129.00000 0.179255
16130.00000 0.171947
16131.00000 0.166298
16132.00000 0.160029
16133.00000 0.151786
16134.00000 0.145685
16135.00000 0.139783
16136.00000 0.135008
16137.00000 0.128415
16138.00000 0.122424
16139.00000 0.117216
16140.00000 0.112892
16141.00000 0.108871
16142.00000 0.102467
16143.00000 0.098434
16144.00000 0.094849
16145.00000 0.090986
16146.00000 0.086141
16147.00000 0.081934
16148.00000 0.078326
16149.00000 0.07539
16150.00000 0.071074
16151.00000 0.067606
16152.00000 0.064486
16153.00000 0.062141
16154.00000 0.058685
16155.00000 0.055622
16156.00000 0.053074
16157.00000 0.050828
16158.00000 0.048997
16159.00000 0.046216
16160.00000 0.044035
16161.00000 0.042163
16162.00000 0.040409
16163.00000 0.038426
16164.00000 0.036438
16165.00000 0.034704
16166.00000 0.033348
16167.00000 0.031887
16168.00000 0.029921
16169.00000 0.028679
16170.00000 0.027177
16171.00000 0.02617
16172.00000 0.024658
16173.00000 0.023491
16174.00000 0.022584
16175.00000 0.021728
16176.00000 0.020543
16177.00000 0.019752
16178.00000 0.018799
16179.00000 0.018066
16180.00000 0.017261
16181.00000 0.016388
16182.00000 0.015628
16183.00000 0.015023
16184.00000 0.014288
16185.00000 0.0135
16186.00000 0.013088
16187.00000 0.01255
16188.00000 0.011893
16189.00000 0.011447
16190.00000 0.010948
16191.00000 0.010407
16192.00000 0.010022
16193.00000 0.009616
16194.00000 0.009144
16195.00000 0.008817
16196.00000 0.008558
16197.00000 0.008179
16198.00000 0.007743
16199.00000 0.007507
16200.00000 0.007186
16201.00000 0.006993
16202.00000 0.006624
16203.00000 0.006443
16204.00000 0.00619
16205.00000 0.005891
16206.00000 0.005531
16207.00000 0.005487
16208.00000 0.005154
16209.00000 0.00495
16210.00000 0.004853
16211.00000 0.004636
16212.00000 0.004462
16213.00000 0.004421
16214.00000 0.004177
16215.00000 0.004099
17836.50000 0.0
