threeML/data/optical_filters/Gemini/NICI-ED449.ecsv
# %ECSV 0.9
# ---
# datatype:
# - {name: wavelength, unit: Angstrom, datatype: float32}
# - {name: response, datatype: float32}
# meta: !!omap
# - {band_name: ED449}
# - {group_name: NICI}
wavelength response
14431.50000 0.0
16035.00000 0.004005
16036.00000 0.004193
16037.00000 0.004254
16038.00000 0.004359
16039.00000 0.004426
16040.00000 0.004553
16041.00000 0.004713
16042.00000 0.004857
16043.00000 0.004965
16044.00000 0.005032
16045.00000 0.005209
16046.00000 0.005281
16047.00000 0.00562
16048.00000 0.005663
16049.00000 0.005888
16050.00000 0.006158
16051.00000 0.006182
16052.00000 0.006443
16053.00000 0.006565
16054.00000 0.006744
16055.00000 0.007051
16056.00000 0.007051
16057.00000 0.007301
16058.00000 0.007728
16059.00000 0.007817
16060.00000 0.008098
16061.00000 0.008154
16062.00000 0.008426
16063.00000 0.008795
16064.00000 0.008991
16065.00000 0.00929
16066.00000 0.009624
16067.00000 0.009706
16068.00000 0.010245
16069.00000 0.010425
16070.00000 0.010747
16071.00000 0.011151
16072.00000 0.011468
16073.00000 0.011761
16074.00000 0.012193
16075.00000 0.012538
16076.00000 0.012858
16077.00000 0.013405
16078.00000 0.013621
16079.00000 0.014023
16080.00000 0.014355
16081.00000 0.014963
16082.00000 0.015515
16083.00000 0.015839
16084.00000 0.016175
16085.00000 0.016962
16086.00000 0.017516
16087.00000 0.017915
16088.00000 0.01838
16089.00000 0.019097
16090.00000 0.019782
16091.00000 0.020391
16092.00000 0.020991
16093.00000 0.021487
16094.00000 0.022259
16095.00000 0.023045
16096.00000 0.023689
16097.00000 0.024218
16098.00000 0.025324
16099.00000 0.026085
16100.00000 0.026816
16101.00000 0.027662
16102.00000 0.028706
16103.00000 0.029654
16104.00000 0.030687
16105.00000 0.031224
16106.00000 0.032338
16107.00000 0.033456
16108.00000 0.034684
16109.00000 0.035903
16110.00000 0.036727
16111.00000 0.03819
16112.00000 0.0394
16113.00000 0.040627
16114.00000 0.041676
16115.00000 0.043204
16116.00000 0.044875
16117.00000 0.046055
16118.00000 0.047271
16119.00000 0.048865
16120.00000 0.050952
16121.00000 0.052461
16122.00000 0.053861
16123.00000 0.055733
16124.00000 0.057847
16125.00000 0.0601
16126.00000 0.06218
16127.00000 0.063961
16128.00000 0.065999
16129.00000 0.068274
16130.00000 0.070644
16131.00000 0.072252
16132.00000 0.07486
16133.00000 0.078109
16134.00000 0.080157
16135.00000 0.082513
16136.00000 0.085166
16137.00000 0.088815
16138.00000 0.091766
16139.00000 0.094261
16140.00000 0.097047
16141.00000 0.10095
16142.00000 0.105046
16143.00000 0.107936
16144.00000 0.11097
16145.00000 0.115122
16146.00000 0.118557
16147.00000 0.122699
16148.00000 0.126474
16149.00000 0.129348
16150.00000 0.134252
16151.00000 0.139498
16152.00000 0.142968
16153.00000 0.146944
16154.00000 0.152999
16155.00000 0.158491
16156.00000 0.162817
16157.00000 0.167371
16158.00000 0.173411
16159.00000 0.180785
16160.00000 0.185023
16161.00000 0.190031
16162.00000 0.195826
16163.00000 0.203118
16164.00000 0.208763
16165.00000 0.214586
16166.00000 0.220126
16167.00000 0.227698
16168.00000 0.235195
16169.00000 0.241277
16170.00000 0.24834
16171.00000 0.255866
16172.00000 0.263073
16173.00000 0.270858
16174.00000 0.277776
16175.00000 0.286062
16176.00000 0.296293
16177.00000 0.304757
16178.00000 0.31133
16179.00000 0.319205
16180.00000 0.329203
16181.00000 0.336776
16182.00000 0.344566
16183.00000 0.352584
16184.00000 0.362247
16185.00000 0.372043
16186.00000 0.380341
16187.00000 0.38819
16188.00000 0.397912
16189.00000 0.40977
16190.00000 0.417896
16191.00000 0.426629
16192.00000 0.436755
16193.00000 0.448645
16194.00000 0.459682
16195.00000 0.469171
16196.00000 0.475854
16197.00000 0.488089
16198.00000 0.49787
16199.00000 0.50687
16200.00000 0.514968
16201.00000 0.524056
16202.00000 0.535283
16203.00000 0.545547
16204.00000 0.553394
16205.00000 0.562336
16206.00000 0.574417
16207.00000 0.582998
16208.00000 0.591817
16209.00000 0.599904
16210.00000 0.611749
16211.00000 0.622396
16212.00000 0.630955
16213.00000 0.639858
16214.00000 0.649659
16215.00000 0.659686
16216.00000 0.666358
16217.00000 0.673208
16218.00000 0.681308
16219.00000 0.690693
16220.00000 0.699199
16221.00000 0.707877
16222.00000 0.713443
16223.00000 0.723338
16224.00000 0.729525
16225.00000 0.735976
16226.00000 0.743348
16227.00000 0.751091
16228.00000 0.760401
16229.00000 0.766491
16230.00000 0.771668
16231.00000 0.778273
16232.00000 0.785901
16233.00000 0.792912
16234.00000 0.796313
16235.00000 0.801369
16236.00000 0.808291
16237.00000 0.813227
16238.00000 0.817088
16239.00000 0.819726
16240.00000 0.826029
16241.00000 0.831526
16242.00000 0.836397
16243.00000 0.839828
16244.00000 0.84299
16245.00000 0.85025
16246.00000 0.85296
16247.00000 0.857335
16248.00000 0.859976
16249.00000 0.863802
16250.00000 0.868585
16251.00000 0.871106
16252.00000 0.87538
16253.00000 0.877005
16254.00000 0.879033
16255.00000 0.882246
16256.00000 0.883789
16257.00000 0.886702
16258.00000 0.888681
16259.00000 0.891331
16260.00000 0.892216
16261.00000 0.893068
16262.00000 0.895152
16263.00000 0.896865
16264.00000 0.899375
16265.00000 0.902233
16266.00000 0.903338
16267.00000 0.903695
16268.00000 0.905673
16269.00000 0.908783
16270.00000 0.910097
16271.00000 0.911009
16272.00000 0.910588
16273.00000 0.910881
16274.00000 0.912424
16275.00000 0.912425
16276.00000 0.912407
16277.00000 0.912935
16278.00000 0.913757
16279.00000 0.914778
16280.00000 0.916894
16281.00000 0.91765
16282.00000 0.918448
16283.00000 0.918403
16284.00000 0.918326
16285.00000 0.918527
16286.00000 0.919591
16287.00000 0.91995
16288.00000 0.919735
16289.00000 0.919525
16290.00000 0.919821
16291.00000 0.920918
16292.00000 0.922715
16293.00000 0.921487
16294.00000 0.918949
16295.00000 0.919329
16296.00000 0.921372
16297.00000 0.921985
16298.00000 0.921532
16299.00000 0.919712
16300.00000 0.919704
16301.00000 0.920797
16302.00000 0.921158
16303.00000 0.919834
16304.00000 0.917962
16305.00000 0.917876
16306.00000 0.919552
16307.00000 0.920923
16308.00000 0.921778
16309.00000 0.921014
16310.00000 0.919261
16311.00000 0.919326
16312.00000 0.91873
16313.00000 0.919365
16314.00000 0.92
16315.00000 0.918435
16316.00000 0.917169
16317.00000 0.915086
16318.00000 0.916748
16319.00000 0.917748
16320.00000 0.915642
16321.00000 0.915254
16322.00000 0.915602
16323.00000 0.917273
16324.00000 0.918793
16325.00000 0.918327
16326.00000 0.917303
16327.00000 0.915283
16328.00000 0.914045
16329.00000 0.914139
16330.00000 0.914107
16331.00000 0.913205
16332.00000 0.911568
16333.00000 0.91206
16334.00000 0.912519
16335.00000 0.913497
16336.00000 0.9129
16337.00000 0.912036
16338.00000 0.912078
16339.00000 0.911187
16340.00000 0.912106
16341.00000 0.911838
16342.00000 0.910383
16343.00000 0.909642
16344.00000 0.909801
16345.00000 0.910478
16346.00000 0.909482
16347.00000 0.90757
16348.00000 0.907377
16349.00000 0.907126
16350.00000 0.907953
16351.00000 0.907986
16352.00000 0.906861
16353.00000 0.907818
16354.00000 0.906291
16355.00000 0.906614
16356.00000 0.904986
16357.00000 0.904469
16358.00000 0.902658
16359.00000 0.902503
16360.00000 0.904023
16361.00000 0.904175
16362.00000 0.904677
16363.00000 0.90373
16364.00000 0.902861
16365.00000 0.902163
16366.00000 0.90113
16367.00000 0.902139
16368.00000 0.901082
16369.00000 0.900591
16370.00000 0.901293
16371.00000 0.900247
16372.00000 0.900369
16373.00000 0.899813
16374.00000 0.899691
16375.00000 0.899013
16376.00000 0.898611
16377.00000 0.899621
16378.00000 0.899684
16379.00000 0.900665
16380.00000 0.900515
16381.00000 0.900329
16382.00000 0.899707
16383.00000 0.896994
16384.00000 0.895771
16385.00000 0.89483
16386.00000 0.895801
16387.00000 0.896395
16388.00000 0.895679
16389.00000 0.89645
16390.00000 0.897059
16391.00000 0.897414
16392.00000 0.896476
16393.00000 0.895437
16394.00000 0.896444
16395.00000 0.89592
16396.00000 0.895776
16397.00000 0.895411
16398.00000 0.894819
16399.00000 0.894277
16400.00000 0.893401
16401.00000 0.892634
16402.00000 0.891114
16403.00000 0.892158
16404.00000 0.893974
16405.00000 0.894454
16406.00000 0.894752
16407.00000 0.8937
16408.00000 0.895722
16409.00000 0.896092
16410.00000 0.893646
16411.00000 0.89216
16412.00000 0.891429
16413.00000 0.893062
16414.00000 0.893656
16415.00000 0.892857
16416.00000 0.89348
16417.00000 0.89369
16418.00000 0.894521
16419.00000 0.894028
16420.00000 0.893218
16421.00000 0.893037
16422.00000 0.893622
16423.00000 0.896056
16424.00000 0.896304
16425.00000 0.896377
16426.00000 0.895381
16427.00000 0.895472
16428.00000 0.895668
16429.00000 0.893767
16430.00000 0.892581
16431.00000 0.892977
16432.00000 0.893857
16433.00000 0.894433
16434.00000 0.895488
16435.00000 0.896784
16436.00000 0.897563
16437.00000 0.896293
16438.00000 0.896855
16439.00000 0.895788
16440.00000 0.896636
16441.00000 0.897052
16442.00000 0.89766
16443.00000 0.897225
16444.00000 0.895686
16445.00000 0.896442
16446.00000 0.896806
16447.00000 0.897009
16448.00000 0.896553
16449.00000 0.895625
16450.00000 0.897331
16451.00000 0.897933
16452.00000 0.898365
16453.00000 0.898303
16454.00000 0.897843
16455.00000 0.897853
16456.00000 0.898138
16457.00000 0.898557
16458.00000 0.899707
16459.00000 0.900546
16460.00000 0.902086
16461.00000 0.901562
16462.00000 0.902519
16463.00000 0.90196
16464.00000 0.903052
16465.00000 0.902672
16466.00000 0.900361
16467.00000 0.901345
16468.00000 0.902396
16469.00000 0.902793
16470.00000 0.902976
16471.00000 0.902315
16472.00000 0.903693
16473.00000 0.905263
16474.00000 0.905669
16475.00000 0.90467
16476.00000 0.904694
16477.00000 0.90594
16478.00000 0.907369
16479.00000 0.908602
16480.00000 0.90902
16481.00000 0.90872
16482.00000 0.908913
16483.00000 0.9084
16484.00000 0.908338
16485.00000 0.908098
16486.00000 0.907596
16487.00000 0.907931
16488.00000 0.907935
16489.00000 0.908178
16490.00000 0.909379
16491.00000 0.909702
16492.00000 0.909574
16493.00000 0.909316
16494.00000 0.911484
16495.00000 0.912855
16496.00000 0.91245
16497.00000 0.912401
16498.00000 0.912101
16499.00000 0.912078
16500.00000 0.911643
16501.00000 0.91119
16502.00000 0.911908
16503.00000 0.912302
16504.00000 0.913187
16505.00000 0.913447
16506.00000 0.914425
16507.00000 0.914601
16508.00000 0.9136
16509.00000 0.914103
16510.00000 0.915187
16511.00000 0.914804
16512.00000 0.914274
16513.00000 0.914108
16514.00000 0.914967
16515.00000 0.917839
16516.00000 0.918817
16517.00000 0.918236
16518.00000 0.918988
16519.00000 0.918312
16520.00000 0.918111
16521.00000 0.919799
16522.00000 0.920236
16523.00000 0.920304
16524.00000 0.919856
16525.00000 0.919605
16526.00000 0.920714
16527.00000 0.920639
16528.00000 0.920704
16529.00000 0.919435
16530.00000 0.919554
16531.00000 0.92097
16532.00000 0.921235
16533.00000 0.922691
16534.00000 0.922423
16535.00000 0.922763
16536.00000 0.922347
16537.00000 0.92125
16538.00000 0.922739
16539.00000 0.922763
16540.00000 0.922602
16541.00000 0.921092
16542.00000 0.921203
16543.00000 0.922083
16544.00000 0.921685
16545.00000 0.922855
16546.00000 0.920961
16547.00000 0.921756
16548.00000 0.922087
16549.00000 0.924042
16550.00000 0.924218
16551.00000 0.922993
16552.00000 0.923677
16553.00000 0.923316
16554.00000 0.924375
16555.00000 0.924224
16556.00000 0.92241
16557.00000 0.924104
16558.00000 0.924277
16559.00000 0.924894
16560.00000 0.924444
16561.00000 0.925568
16562.00000 0.926457
16563.00000 0.924833
16564.00000 0.924096
16565.00000 0.924414
16566.00000 0.925305
16567.00000 0.925024
16568.00000 0.925323
16569.00000 0.924906
16570.00000 0.924889
16571.00000 0.926048
16572.00000 0.925398
16573.00000 0.925549
16574.00000 0.92508
16575.00000 0.92621
16576.00000 0.928213
16577.00000 0.926492
16578.00000 0.925339
16579.00000 0.924784
16580.00000 0.925152
16581.00000 0.926388
16582.00000 0.925116
16583.00000 0.925084
16584.00000 0.924057
16585.00000 0.924295
16586.00000 0.924341
16587.00000 0.924192
16588.00000 0.924607
16589.00000 0.925388
16590.00000 0.925023
16591.00000 0.923544
16592.00000 0.924839
16593.00000 0.924876
16594.00000 0.924101
16595.00000 0.924163
16596.00000 0.9225
16597.00000 0.923298
16598.00000 0.922628
16599.00000 0.923135
16600.00000 0.923696
16601.00000 0.920929
16602.00000 0.923161
16603.00000 0.923135
16604.00000 0.923444
16605.00000 0.922526
16606.00000 0.920751
16607.00000 0.923213
16608.00000 0.921949
16609.00000 0.923376
16610.00000 0.92289
16611.00000 0.921639
16612.00000 0.920557
16613.00000 0.921163
16614.00000 0.922158
16615.00000 0.921017
16616.00000 0.921275
16617.00000 0.920824
16618.00000 0.920753
16619.00000 0.920486
16620.00000 0.921229
16621.00000 0.922562
16622.00000 0.919799
16623.00000 0.918965
16624.00000 0.918427
16625.00000 0.917243
16626.00000 0.919437
16627.00000 0.918845
16628.00000 0.918494
16629.00000 0.91829
16630.00000 0.918497
16631.00000 0.918446
16632.00000 0.918052
16633.00000 0.917328
16634.00000 0.916052
16635.00000 0.915163
16636.00000 0.915097
16637.00000 0.916069
16638.00000 0.915214
16639.00000 0.913256
16640.00000 0.913336
16641.00000 0.913516
16642.00000 0.914288
16643.00000 0.914197
16644.00000 0.913196
16645.00000 0.912939
16646.00000 0.912533
16647.00000 0.913935
16648.00000 0.91418
16649.00000 0.912078
16650.00000 0.911444
16651.00000 0.910748
16652.00000 0.912495
16653.00000 0.912169
16654.00000 0.910219
16655.00000 0.909496
16656.00000 0.910753
16657.00000 0.910768
16658.00000 0.90997
16659.00000 0.908355
16660.00000 0.907915
16661.00000 0.909789
16662.00000 0.907856
16663.00000 0.90849
16664.00000 0.908585
16665.00000 0.907428
16666.00000 0.908061
16667.00000 0.906684
16668.00000 0.906178
16669.00000 0.907072
16670.00000 0.907094
16671.00000 0.906707
16672.00000 0.904083
16673.00000 0.904857
16674.00000 0.905446
16675.00000 0.905531
16676.00000 0.903514
16677.00000 0.901551
16678.00000 0.902633
16679.00000 0.90295
16680.00000 0.90341
16681.00000 0.901359
16682.00000 0.901615
16683.00000 0.903373
16684.00000 0.903705
16685.00000 0.903034
16686.00000 0.90124
16687.00000 0.903099
16688.00000 0.902388
16689.00000 0.901422
16690.00000 0.900991
16691.00000 0.900885
16692.00000 0.901074
16693.00000 0.900748
16694.00000 0.899124
16695.00000 0.899354
16696.00000 0.897972
16697.00000 0.899405
16698.00000 0.900012
16699.00000 0.898851
16700.00000 0.899153
16701.00000 0.900928
16702.00000 0.902212
16703.00000 0.901004
16704.00000 0.90099
16705.00000 0.898489
16706.00000 0.899303
16707.00000 0.899763
16708.00000 0.900328
16709.00000 0.899832
16710.00000 0.898892
16711.00000 0.899533
16712.00000 0.899369
16713.00000 0.89905
16714.00000 0.899496
16715.00000 0.899064
16716.00000 0.899404
16717.00000 0.899893
16718.00000 0.900696
16719.00000 0.900736
16720.00000 0.899475
16721.00000 0.899674
16722.00000 0.900613
16723.00000 0.900878
16724.00000 0.899704
16725.00000 0.900945
16726.00000 0.900749
16727.00000 0.901575
16728.00000 0.902541
16729.00000 0.900275
16730.00000 0.900803
16731.00000 0.900199
16732.00000 0.901532
16733.00000 0.901382
16734.00000 0.901185
16735.00000 0.902495
16736.00000 0.902431
16737.00000 0.904286
16738.00000 0.90507
16739.00000 0.905296
16740.00000 0.903823
16741.00000 0.904349
16742.00000 0.905757
16743.00000 0.904733
16744.00000 0.905497
16745.00000 0.906366
16746.00000 0.907698
16747.00000 0.906311
16748.00000 0.905411
16749.00000 0.908066
16750.00000 0.90605
16751.00000 0.906585
16752.00000 0.907162
16753.00000 0.906847
16754.00000 0.909943
16755.00000 0.909781
16756.00000 0.911659
16757.00000 0.909314
16758.00000 0.910349
16759.00000 0.909717
16760.00000 0.909502
16761.00000 0.908338
16762.00000 0.909805
16763.00000 0.909834
16764.00000 0.910178
16765.00000 0.909822
16766.00000 0.908901
16767.00000 0.908483
16768.00000 0.909426
16769.00000 0.909447
16770.00000 0.908905
16771.00000 0.908784
16772.00000 0.909606
16773.00000 0.911052
16774.00000 0.908975
16775.00000 0.908406
16776.00000 0.906871
16777.00000 0.906118
16778.00000 0.906413
16779.00000 0.904496
16780.00000 0.903773
16781.00000 0.903464
16782.00000 0.903851
16783.00000 0.904417
16784.00000 0.902318
16785.00000 0.900884
16786.00000 0.899263
16787.00000 0.897531
16788.00000 0.895387
16789.00000 0.893076
16790.00000 0.892038
16791.00000 0.890471
16792.00000 0.889276
16793.00000 0.886036
16794.00000 0.883142
16795.00000 0.88273
16796.00000 0.878718
16797.00000 0.875089
16798.00000 0.870744
16799.00000 0.869065
16800.00000 0.867582
16801.00000 0.866549
16802.00000 0.861555
16803.00000 0.858415
16804.00000 0.853438
16805.00000 0.849181
16806.00000 0.84388
16807.00000 0.839629
16808.00000 0.835275
16809.00000 0.832782
16810.00000 0.826529
16811.00000 0.820692
16812.00000 0.815963
16813.00000 0.811498
16814.00000 0.805101
16815.00000 0.797796
16816.00000 0.791867
16817.00000 0.788196
16818.00000 0.782854
16819.00000 0.775282
16820.00000 0.76826
16821.00000 0.762315
16822.00000 0.75603
16823.00000 0.747052
16824.00000 0.740478
16825.00000 0.732425
16826.00000 0.725303
16827.00000 0.716682
16828.00000 0.708627
16829.00000 0.704149
16830.00000 0.694968
16831.00000 0.685581
16832.00000 0.674869
16833.00000 0.666271
16834.00000 0.659536
16835.00000 0.650893
16836.00000 0.639991
16837.00000 0.630971
16838.00000 0.624225
16839.00000 0.617107
16840.00000 0.60593
16841.00000 0.594766
16842.00000 0.584943
16843.00000 0.576571
16844.00000 0.567095
16845.00000 0.555929
16846.00000 0.546279
16847.00000 0.539866
16848.00000 0.530464
16849.00000 0.517566
16850.00000 0.50832
16851.00000 0.499062
16852.00000 0.490718
16853.00000 0.479801
16854.00000 0.469975
16855.00000 0.461243
16856.00000 0.453254
16857.00000 0.442631
16858.00000 0.431202
16859.00000 0.423494
16860.00000 0.414708
16861.00000 0.407619
16862.00000 0.396565
16863.00000 0.387779
16864.00000 0.380496
16865.00000 0.372395
16866.00000 0.361646
16867.00000 0.352508
16868.00000 0.343883
16869.00000 0.336514
16870.00000 0.328315
16871.00000 0.319624
16872.00000 0.312208
16873.00000 0.306034
16874.00000 0.297772
16875.00000 0.288878
16876.00000 0.282006
16877.00000 0.274879
16878.00000 0.268224
16879.00000 0.259953
16880.00000 0.252638
16881.00000 0.246761
16882.00000 0.241547
16883.00000 0.2343
16884.00000 0.226108
16885.00000 0.22
16886.00000 0.214915
16887.00000 0.209105
16888.00000 0.202791
16889.00000 0.196606
16890.00000 0.192227
16891.00000 0.187577
16892.00000 0.181437
16893.00000 0.175741
16894.00000 0.171701
16895.00000 0.167491
16896.00000 0.16241
16897.00000 0.157074
16898.00000 0.152697
16899.00000 0.149174
16900.00000 0.145817
16901.00000 0.13997
16902.00000 0.135039
16903.00000 0.131933
16904.00000 0.129175
16905.00000 0.124602
16906.00000 0.121092
16907.00000 0.117519
16908.00000 0.114927
16909.00000 0.112
16910.00000 0.107706
16911.00000 0.104661
16912.00000 0.101913
16913.00000 0.099105
16914.00000 0.095881
16915.00000 0.092821
16916.00000 0.090362
16917.00000 0.08855
16918.00000 0.085135
16919.00000 0.082368
16920.00000 0.080058
16921.00000 0.078174
16922.00000 0.0758
16923.00000 0.073593
16924.00000 0.071427
16925.00000 0.069652
16926.00000 0.068391
16927.00000 0.065609
16928.00000 0.063481
16929.00000 0.061924
16930.00000 0.06028
16931.00000 0.058279
16932.00000 0.056628
16933.00000 0.055074
16934.00000 0.053707
16935.00000 0.052204
16936.00000 0.050213
16937.00000 0.048739
16938.00000 0.04779
16939.00000 0.046438
16940.00000 0.044939
16941.00000 0.04382
16942.00000 0.042546
16943.00000 0.041739
16944.00000 0.04045
16945.00000 0.039173
16946.00000 0.038092
16947.00000 0.037108
16948.00000 0.035877
16949.00000 0.034851
16950.00000 0.033959
16951.00000 0.033107
16952.00000 0.032291
16953.00000 0.031338
16954.00000 0.030323
16955.00000 0.02953
16956.00000 0.028847
16957.00000 0.027972
16958.00000 0.027279
16959.00000 0.026555
16960.00000 0.025975
16961.00000 0.025261
16962.00000 0.024364
16963.00000 0.023865
16964.00000 0.023266
16965.00000 0.022624
16966.00000 0.021786
16967.00000 0.021463
16968.00000 0.020946
16969.00000 0.020435
16970.00000 0.019782
16971.00000 0.01925
16972.00000 0.01881
16973.00000 0.018263
16974.00000 0.017781
16975.00000 0.017296
16976.00000 0.016923
16977.00000 0.016451
16978.00000 0.016095
16979.00000 0.015697
16980.00000 0.015071
16981.00000 0.014853
16982.00000 0.014571
16983.00000 0.014033
16984.00000 0.013742
16985.00000 0.013506
16986.00000 0.013215
16987.00000 0.012596
16988.00000 0.012366
16989.00000 0.012178
16990.00000 0.011796
16991.00000 0.01154
16992.00000 0.011219
16993.00000 0.01089
16994.00000 0.010753
16995.00000 0.010495
16996.00000 0.010251
16997.00000 0.009979
16998.00000 0.009809
16999.00000 0.00949
17000.00000 0.009241
18700.00000 0.0
