threeML/data/optical_filters/Gemini/NIRI-PK50_G0201w.ecsv
# %ECSV 0.9
# ---
# datatype:
# - {name: wavelength, unit: Angstrom, datatype: float32}
# - {name: response, datatype: float32}
# meta: !!omap
# - {band_name: PK50_G0201w}
# - {group_name: NIRI}
wavelength response
[from data line 815]
16140.00000 0.95732
16150.00000 0.95687
16160.00000 0.95668
16170.00000 0.9564
16180.00000 0.9562
16190.00000 0.95579
16200.00000 0.95557
16210.00000 0.95556
16220.00000 0.95502
16230.00000 0.95497
16240.00000 0.95484
16250.00000 0.95477
16260.00000 0.95436
16270.00000 0.95435
16280.00000 0.95412
16290.00000 0.95386
16300.00000 0.95361
16310.00000 0.95327
16320.00000 0.95311
16330.00000 0.95283
16340.00000 0.95267
16350.00000 0.95246
16360.00000 0.95226
16370.00000 0.9519
16380.00000 0.9517
16390.00000 0.9514
16400.00000 0.95098
16410.00000 0.95076
16420.00000 0.95046
16430.00000 0.95002
16440.00000 0.94974
16450.00000 0.94931
16460.00000 0.94905
16470.00000 0.9484
16480.00000 0.94809
16490.00000 0.94784
16500.00000 0.94735
16510.00000 0.94682
16520.00000 0.94674
16530.00000 0.9465
16540.00000 0.94601
16550.00000 0.94578
16560.00000 0.9457
16570.00000 0.94539
16580.00000 0.94501
16590.00000 0.94485
16600.00000 0.94456
16610.00000 0.94446
16620.00000 0.94411
16630.00000 0.94389
16640.00000 0.94377
16650.00000 0.94338
16660.00000 0.94311
16670.00000 0.94298
16680.00000 0.94261
16690.00000 0.94233
16700.00000 0.94185
16710.00000 0.94174
16720.00000 0.94123
16730.00000 0.941
16740.00000 0.94048
16750.00000 0.94012
16760.00000 0.93964
16770.00000 0.93952
16780.00000 0.93896
16790.00000 0.93848
16800.00000 0.93816
16810.00000 0.93783
16820.00000 0.93756
16830.00000 0.937
16840.00000 0.93686
16850.00000 0.9366
16860.00000 0.93597
16870.00000 0.93554
16880.00000 0.93521
16890.00000 0.93488
16900.00000 0.93442
16910.00000 0.93417
16920.00000 0.93382
16930.00000 0.93359
16940.00000 0.93315
16950.00000 0.93275
16960.00000 0.93255
16970.00000 0.93199
16980.00000 0.93166
16990.00000 0.93132
17000.00000 0.9309
17010.00000 0.93048
17020.00000 0.93026
17030.00000 0.92985
17040.00000 0.92942
17050.00000 0.92908
17060.00000 0.92874
17070.00000 0.92817
17080.00000 0.92778
17090.00000 0.92739
17100.00000 0.92703
17110.00000 0.92658
17120.00000 0.92627
17130.00000 0.92618
17140.00000 0.92551
17150.00000 0.92507
17160.00000 0.92494
17170.00000 0.92451
17180.00000 0.92406
17190.00000 0.92366
17200.00000 0.92338
17210.00000 0.92294
17220.00000 0.92241
17230.00000 0.92244
17240.00000 0.92196
17250.00000 0.92141
17260.00000 0.92101
17270.00000 0.92077
17280.00000 0.92026
17290.00000 0.91983
17300.00000 0.91944
17310.00000 0.91901
17320.00000 0.91854
17330.00000 0.91823
17340.00000 0.91759
17350.00000 0.91698
17360.00000 0.91662
17370.00000 0.9161
17380.00000 0.91557
17390.00000 0.91505
17400.00000 0.91468
17410.00000 0.91418
17420.00000 0.91374
17430.00000 0.91343
17440.00000 0.91309
17450.00000 0.91271
17460.00000 0.91215
17470.00000 0.9119
17480.00000 0.91162
17490.00000 0.91121
17500.00000 0.91077
17510.00000 0.91055
17520.00000 0.9102
17530.00000 0.9098
17540.00000 0.90945
17550.00000 0.90913
17560.00000 0.90872
17570.00000 0.90834
17580.00000 0.90793
17590.00000 0.90752
17600.00000 0.90713
17610.00000 0.90682
17620.00000 0.90653
17630.00000 0.90581
17640.00000 0.90552
17650.00000 0.9053
17660.00000 0.90444
17670.00000 0.90388
17680.00000 0.90361
17690.00000 0.9031
17700.00000 0.90254
17710.00000 0.90199
17720.00000 0.90159
17730.00000 0.90109
17740.00000 0.90054
17750.00000 0.89992
17760.00000 0.89966
17770.00000 0.89898
17780.00000 0.89842
17790.00000 0.89818
17800.00000 0.89765
17810.00000 0.89706
17820.00000 0.89681
17830.00000 0.8964
17840.00000 0.8959
17850.00000 0.89568
17860.00000 0.89533
17870.00000 0.89497
17880.00000 0.89459
17890.00000 0.8944
17900.00000 0.89411
17910.00000 0.8936
17920.00000 0.89323
17930.00000 0.89301
17940.00000 0.89255
17950.00000 0.892
17960.00000 0.89158
17970.00000 0.89117
17980.00000 0.8908
17990.00000 0.89018
18000.00000 0.88977
18010.00000 0.88941
18020.00000 0.88897
18030.00000 0.88862
18040.00000 0.88809
18050.00000 0.88767
18060.00000 0.88722
18070.00000 0.88671
18080.00000 0.88628
18090.00000 0.88574
18100.00000 0.88537
18110.00000 0.88495
18120.00000 0.88447
18130.00000 0.88396
18140.00000 0.88378
18150.00000 0.88317
18160.00000 0.8826
18170.00000 0.88232
18180.00000 0.8822
18190.00000 0.88171
18200.00000 0.88118
18210.00000 0.88094
18220.00000 0.88035
18230.00000 0.87982
18240.00000 0.87971
18250.00000 0.87942
18260.00000 0.87883
18270.00000 0.87838
18280.00000 0.87811
18290.00000 0.8778
18300.00000 0.87725
18310.00000 0.87694
18320.00000 0.87652
18330.00000 0.87618
18340.00000 0.87598
18350.00000 0.87535
18360.00000 0.87498
18370.00000 0.87461
18380.00000 0.8741
18390.00000 0.87395
18400.00000 0.87352
18410.00000 0.87302
18420.00000 0.87269
18430.00000 0.87226
18440.00000 0.87188
18450.00000 0.87159
18460.00000 0.87137
18470.00000 0.87087
18480.00000 0.87037
18490.00000 0.87004
18500.00000 0.86988
18510.00000 0.86952
18520.00000 0.86938
18530.00000 0.86911
18540.00000 0.86847
18550.00000 0.868
18560.00000 0.86772
18570.00000 0.86738
18580.00000 0.86698
18590.00000 0.86654
18600.00000 0.86627
18610.00000 0.86579
18620.00000 0.86526
18630.00000 0.86496
18640.00000 0.86451
18650.00000 0.86404
18660.00000 0.86379
18670.00000 0.86338
18680.00000 0.86304
18690.00000 0.86246
18700.00000 0.86237
18710.00000 0.86189
18720.00000 0.86135
18730.00000 0.86111
18740.00000 0.86084
18750.00000 0.8604
18760.00000 0.85998
18770.00000 0.85971
18780.00000 0.8594
18790.00000 0.85897
18800.00000 0.85895
18810.00000 0.85857
18820.00000 0.85828
18830.00000 0.85805
18840.00000 0.85761
18850.00000 0.85724
18860.00000 0.85693
18870.00000 0.85652
18880.00000 0.85622
18890.00000 0.85586
18900.00000 0.85553
18910.00000 0.85507
18920.00000 0.85469
18930.00000 0.85434
18940.00000 0.85388
18950.00000 0.85348
18960.00000 0.853
18970.00000 0.85268
18980.00000 0.85217
18990.00000 0.85169
19000.00000 0.85124
19010.00000 0.85063
19020.00000 0.85049
19030.00000 0.8499
19040.00000 0.84959
19050.00000 0.84907
19060.00000 0.84869
19070.00000 0.84804
19080.00000 0.8479
19090.00000 0.84771
19100.00000 0.84729
19110.00000 0.84701
19120.00000 0.8468
19130.00000 0.84648
19140.00000 0.84602
19150.00000 0.84556
19160.00000 0.84529
19170.00000 0.84494
19180.00000 0.84464
19190.00000 0.84445
19200.00000 0.84417
19210.00000 0.84365
19220.00000 0.84323
19230.00000 0.84277
19240.00000 0.84248
19250.00000 0.84187
19260.00000 0.84152
19270.00000 0.84119
19280.00000 0.84073
19290.00000 0.84037
19300.00000 0.83997
19310.00000 0.83955
19320.00000 0.83905
19330.00000 0.8385
19340.00000 0.83822
19350.00000 0.83775
19360.00000 0.83721
19370.00000 0.83692
19380.00000 0.8366
19390.00000 0.83608
19400.00000 0.8358
19410.00000 0.83533
19420.00000 0.83499
19430.00000 0.8346
19440.00000 0.83427
19450.00000 0.83398
19460.00000 0.83356
19470.00000 0.83321
19480.00000 0.83285
19490.00000 0.83244
19500.00000 0.83201
19510.00000 0.83175
19520.00000 0.83131
19530.00000 0.83082
19540.00000 0.83048
19550.00000 0.83011
19560.00000 0.82967
19570.00000 0.82926
19580.00000 0.82885
19590.00000 0.82843
19600.00000 0.82804
19610.00000 0.82751
19620.00000 0.82724
19630.00000 0.82665
19640.00000 0.82618
19650.00000 0.82594
19660.00000 0.82562
19670.00000 0.82509
19680.00000 0.82461
19690.00000 0.82434
19700.00000 0.82393
19710.00000 0.82346
19720.00000 0.8232
19730.00000 0.82271
19740.00000 0.82228
19750.00000 0.82191
19760.00000 0.82174
19770.00000 0.8212
19780.00000 0.82074
19790.00000 0.82048
19800.00000 0.82013
19810.00000 0.81968
19820.00000 0.81911
19830.00000 0.8188
19840.00000 0.81857
19850.00000 0.81788
19860.00000 0.81769
19870.00000 0.81734
19880.00000 0.8167
19890.00000 0.81641
19900.00000 0.81592
19910.00000 0.81543
19920.00000 0.8149
19930.00000 0.81453
19940.00000 0.81415
19950.00000 0.81378
19960.00000 0.81337
19970.00000 0.81318
19980.00000 0.81284
19990.00000 0.81247
20000.00000 0.81228
20010.00000 0.81184
20020.00000 0.81133
20030.00000 0.81096
20040.00000 0.81076
20050.00000 0.81016
20060.00000 0.80974
20070.00000 0.80939
20080.00000 0.80902
20090.00000 0.80863
20100.00000 0.80822
20110.00000 0.80802
20120.00000 0.80764
20130.00000 0.80716
20140.00000 0.80698
20150.00000 0.80666
20160.00000 0.80608
20170.00000 0.80559
20180.00000 0.80521
20190.00000 0.80494
20200.00000 0.80433
20210.00000 0.8041
20220.00000 0.8038
20230.00000 0.80332
20240.00000 0.80278
20250.00000 0.80257
20260.00000 0.8022
20270.00000 0.80171
20280.00000 0.80136
20290.00000 0.80112
20300.00000 0.80065
20310.00000 0.80028
20320.00000 0.80005
20330.00000 0.79974
20340.00000 0.79917
20350.00000 0.7989
20360.00000 0.79859
20370.00000 0.79809
20380.00000 0.79782
20390.00000 0.79753
20400.00000 0.79724
20410.00000 0.7969
20420.00000 0.79665
20430.00000 0.79625
20440.00000 0.79597
20450.00000 0.79553
20460.00000 0.79528
20470.00000 0.79494
20480.00000 0.79446
20490.00000 0.79416
20500.00000 0.79365
20510.00000 0.79333
20520.00000 0.79282
20530.00000 0.79251
20540.00000 0.79206
20550.00000 0.79172
20560.00000 0.79129
20570.00000 0.791
20580.00000 0.7906
20590.00000 0.79021
20600.00000 0.78996
20610.00000 0.78957
20620.00000 0.7893
20630.00000 0.78892
20640.00000 0.78858
20650.00000 0.78834
20660.00000 0.78786
20670.00000 0.78766
20680.00000 0.78746
20690.00000 0.7871
20700.00000 0.78673
20710.00000 0.7867
20720.00000 0.78645
20730.00000 0.78596
20740.00000 0.78592
20750.00000 0.78568
20760.00000 0.78514
20770.00000 0.78491
20780.00000 0.78478
20790.00000 0.7844
20800.00000 0.78417
20810.00000 0.78388
20820.00000 0.78342
20830.00000 0.78311
20840.00000 0.78291
20850.00000 0.7826
20860.00000 0.78212
20870.00000 0.78177
20880.00000 0.78154
20890.00000 0.7812
20900.00000 0.78069
20910.00000 0.78042
20920.00000 0.78024
20930.00000 0.77973
20940.00000 0.77935
20950.00000 0.77922
20960.00000 0.77896
20970.00000 0.77854
20980.00000 0.77836
20990.00000 0.77803
21000.00000 0.77768
21010.00000 0.77744
21020.00000 0.77718
21030.00000 0.77704
21040.00000 0.77669
21050.00000 0.77641
21060.00000 0.77637
21070.00000 0.77617
21080.00000 0.77584
21090.00000 0.77582
21100.00000 0.77543
21110.00000 0.77517
21120.00000 0.77495
21130.00000 0.77475
21140.00000 0.77448
21150.00000 0.77417
21160.00000 0.77378
21170.00000 0.7736
21180.00000 0.77318
21190.00000 0.77286
21200.00000 0.77261
21210.00000 0.77239
21220.00000 0.77187
21230.00000 0.77164
21240.00000 0.7714
21250.00000 0.77095
21260.00000 0.77067
21270.00000 0.77031
21280.00000 0.76991
21290.00000 0.76957
21300.00000 0.76938
21310.00000 0.76905
21320.00000 0.76862
21330.00000 0.7683
21340.00000 0.76803
21350.00000 0.76753
21360.00000 0.76727
21370.00000 0.76694
21380.00000 0.76667
21390.00000 0.76615
21400.00000 0.76583
21410.00000 0.76526
21420.00000 0.7649
21430.00000 0.76439
21440.00000 0.76372
21450.00000 0.7635
21460.00000 0.76289
21470.00000 0.76238
21480.00000 0.76193
21490.00000 0.76137
21500.00000 0.76073
21510.00000 0.76014
21520.00000 0.75966
21530.00000 0.75884
21540.00000 0.75816
21550.00000 0.75765
21560.00000 0.75682
21570.00000 0.75603
21580.00000 0.75533
21590.00000 0.75457
21600.00000 0.75367
21610.00000 0.75269
21620.00000 0.75197
21630.00000 0.75107
21640.00000 0.75015
21650.00000 0.74936
21660.00000 0.74835
21670.00000 0.74742
21680.00000 0.74646
21690.00000 0.74564
21700.00000 0.74454
21710.00000 0.7433
21720.00000 0.74251
21730.00000 0.7415
21740.00000 0.74026
21750.00000 0.73915
21760.00000 0.7381
21770.00000 0.73707
21780.00000 0.73581
21790.00000 0.73477
21800.00000 0.73385
21810.00000 0.73255
21820.00000 0.73142
21830.00000 0.73045
21840.00000 0.72937
21850.00000 0.72824
21860.00000 0.72715
21870.00000 0.72626
21880.00000 0.72518
21890.00000 0.7242
21900.00000 0.72335
21910.00000 0.7224
21920.00000 0.72138
21930.00000 0.72061
21940.00000 0.71984
21950.00000 0.71876
21960.00000 0.718
21970.00000 0.71719
21980.00000 0.71633
21990.00000 0.71551
22000.00000 0.71464
22010.00000 0.71399
22020.00000 0.71315
22030.00000 0.71236
22040.00000 0.71166
22050.00000 0.71078
22060.00000 0.70989
22070.00000 0.70914
22080.00000 0.70845
22090.00000 0.70748
22100.00000 0.70672
22110.00000 0.70595
22120.00000 0.70511
22130.00000 0.70428
22140.00000 0.70352
22150.00000 0.70267
22160.00000 0.70175
22170.00000 0.70086
22180.00000 0.70003
22190.00000 0.69936
22200.00000 0.69846
22210.00000 0.69774
22220.00000 0.69706
22230.00000 0.69629
22240.00000 0.6955
22250.00000 0.69492
22260.00000 0.69416
22270.00000 0.69342
22280.00000 0.69281
22290.00000 0.69213
22300.00000 0.69144
22310.00000 0.69086
22320.00000 0.69032
22330.00000 0.68961
22340.00000 0.68907
22350.00000 0.68843
22360.00000 0.68778
22370.00000 0.68724
22380.00000 0.68654
22390.00000 0.68595
22400.00000 0.68545
22410.00000 0.6849
22420.00000 0.68424
22430.00000 0.68374
22440.00000 0.68327
22450.00000 0.68259
22460.00000 0.68197
22470.00000 0.68144
22480.00000 0.68072
22490.00000 0.6802
22500.00000 0.67963
22510.00000 0.67902
22520.00000 0.67844
22530.00000 0.67801
22540.00000 0.67745
22550.00000 0.67687
22560.00000 0.67638
22570.00000 0.67586
22580.00000 0.6753
22590.00000 0.67493
22600.00000 0.67447
22610.00000 0.67388
22620.00000 0.67347
22630.00000 0.67306
22640.00000 0.67265
22650.00000 0.67225
22660.00000 0.6716
22670.00000 0.67128
22680.00000 0.67095
22690.00000 0.6704
22700.00000 0.66995
22710.00000 0.66977
22720.00000 0.66924
22730.00000 0.66877
22740.00000 0.66837
22750.00000 0.66805
22760.00000 0.66747
22770.00000 0.667
22780.00000 0.6668
22790.00000 0.66648
22800.00000 0.6658
22810.00000 0.66541
22820.00000 0.66524
22830.00000 0.66482
22840.00000 0.66427
22850.00000 0.66404
22860.00000 0.66348
22870.00000 0.66325
22880.00000 0.66286
22890.00000 0.66249
22900.00000 0.66211
22910.00000 0.66182
22920.00000 0.66142
22930.00000 0.66114
22940.00000 0.6608
22950.00000 0.66049
22960.00000 0.66015
22970.00000 0.65981
22980.00000 0.65953
22990.00000 0.65921
23000.00000 0.65876
23010.00000 0.65846
23020.00000 0.65824
23030.00000 0.65787
23040.00000 0.65735
23050.00000 0.65697
23060.00000 0.65681
23070.00000 0.65638
23080.00000 0.65595
23090.00000 0.65574
23100.00000 0.65543
23110.00000 0.65517
23120.00000 0.6547
23130.00000 0.65446
23140.00000 0.65431
23150.00000 0.65394
23160.00000 0.65355
23170.00000 0.65339
23180.00000 0.65323
23190.00000 0.65286
23200.00000 0.65255
23210.00000 0.65236
23220.00000 0.65205
23230.00000 0.65173
23240.00000 0.65152
23250.00000 0.65119
23260.00000 0.65099
23270.00000 0.65071
23280.00000 0.65049
23290.00000 0.65007
23300.00000 0.64978
23310.00000 0.64975
23320.00000 0.64923
23330.00000 0.6488
23340.00000 0.64871
23350.00000 0.64827
23360.00000 0.64781
23370.00000 0.64747
23380.00000 0.64733
23390.00000 0.64687
23400.00000 0.64651
23410.00000 0.64625
23420.00000 0.64592
23430.00000 0.64538
23440.00000 0.64509
23450.00000 0.64487
23460.00000 0.64445
23470.00000 0.64412
23480.00000 0.64398
23490.00000 0.64368
23500.00000 0.64334
23510.00000 0.64312
23520.00000 0.64289
23530.00000 0.64249
23540.00000 0.6423
23550.00000 0.64203
23560.00000 0.64166
23570.00000 0.64144
23580.00000 0.64126
23590.00000 0.64095
23600.00000 0.64071
23610.00000 0.64038
23620.00000 0.64012
23630.00000 0.63985
23640.00000 0.63937
23650.00000 0.63926
23660.00000 0.63892
23670.00000 0.63848
23680.00000 0.6382
23690.00000 0.63794
23700.00000 0.63766
23710.00000 0.63717
23720.00000 0.63674
23730.00000 0.63633
23740.00000 0.63586
23750.00000 0.63552
23760.00000 0.63513
23770.00000 0.63474
23780.00000 0.63441
23790.00000 0.63392
23800.00000 0.63368
23810.00000 0.6333
23820.00000 0.6329
23830.00000 0.63264
23840.00000 0.63212
23850.00000 0.63182
23860.00000 0.6315
23870.00000 0.63129
23880.00000 0.63081
23890.00000 0.63049
23900.00000 0.63028
23910.00000 0.62984
23920.00000 0.62939
23930.00000 0.62911
23940.00000 0.62879
23950.00000 0.62837
23960.00000 0.62792
23970.00000 0.6276
23980.00000 0.62724
23990.00000 0.6267
24000.00000 0.6264
24010.00000 0.62601
24020.00000 0.62547
24030.00000 0.62491
24040.00000 0.62457
24050.00000 0.62427
24060.00000 0.62385
24070.00000 0.62339
24080.00000 0.62301
24090.00000 0.6227
24100.00000 0.62208
24110.00000 0.62165
24120.00000 0.62124
24130.00000 0.62066
24140.00000 0.62023
24150.00000 0.61985
24160.00000 0.61932
24170.00000 0.61874
