threeML/data/optical_filters/Gemini/NIRI-BrG_G0218.ecsv
# %ECSV 0.9
# ---
# datatype:
# - {name: wavelength, unit: Angstrom, datatype: float32}
# - {name: response, datatype: float32}
# meta: !!omap
# - {band_name: BrG_G0218}
# - {group_name: NIRI}
wavelength response
18995.93750 0.0
21106.59766 0.004138
21113.64844 0.004238
21120.69727 0.003838
21127.74805 0.003861
21134.79883 0.003805
21141.84766 0.00395
21148.89844 0.004081
21155.94922 0.004172
21162.99805 0.003671
21170.04883 0.004073
21177.09961 0.003789
21184.15039 0.003597
21191.19922 0.003828
21198.25000 0.00393
21205.30078 0.004445
21212.34961 0.004375
21219.40039 0.004418
21226.45117 0.004985
21233.50000 0.004945
21240.55078 0.005526
21247.60156 0.005826
21254.65234 0.006312
21261.70117 0.006389
21268.75195 0.006854
21275.80273 0.007052
21282.85156 0.007806
21289.90234 0.008202
21296.95312 0.009372
21304.00195 0.009998
21311.05273 0.010947
21318.10352 0.011869
21325.15430 0.012685
21332.20312 0.013901
21339.25391 0.015482
21346.30469 0.016904
21353.35352 0.018337
21360.40430 0.020625
21367.45508 0.022808
21374.50391 0.02593
21381.55469 0.029481
21388.60547 0.033784
21395.65430 0.039286
21402.70508 0.044378
21409.75586 0.052843
21416.80664 0.061303
21423.85547 0.070431
21430.90625 0.081193
21437.95703 0.094344
21445.00586 0.108919
21452.05664 0.126252
21459.10742 0.145386
21466.15625 0.167846
21473.20703 0.192568
21480.25781 0.218431
21487.30859 0.248238
21494.35742 0.279751
21501.40820 0.313098
21508.45898 0.347574
21515.50781 0.381572
21522.55859 0.418654
21529.60938 0.454069
21536.65820 0.491046
21543.70898 0.52616
21550.75977 0.561687
21557.81055 0.591819
21564.85938 0.623044
21571.91016 0.649239
21578.96094 0.674807
21586.00977 0.695596
21593.06055 0.712978
21600.11133 0.725855
21607.16016 0.734979
21614.21094 0.740827
21621.26172 0.744734
21628.31055 0.744448
21635.36133 0.739314
21642.41211 0.732511
21649.46289 0.723178
21656.51172 0.712986
21663.56250 0.701915
21670.61328 0.688678
21677.66211 0.676831
21684.71289 0.664921
21691.76367 0.655551
21698.81250 0.645541
21705.86328 0.640614
21712.91406 0.636734
21719.96484 0.635625
21727.01367 0.636328
21734.06445 0.64071
21741.11523 0.648115
21748.16406 0.65898
21755.21484 0.668399
21762.26562 0.676563
21769.31445 0.684686
21776.36523 0.691009
21783.41602 0.686897
21790.46680 0.678568
21797.51562 0.661604
21804.56641 0.638685
21811.61719 0.609299
21818.66602 0.572797
21825.71680 0.534424
21832.76758 0.494358
21839.81641 0.45033
21846.86719 0.406382
21853.91797 0.363637
21860.96680 0.319213
21868.01758 0.275163
21875.06836 0.234342
21882.11914 0.197401
21889.16797 0.16592
21896.21875 0.137065
21903.26953 0.1133
21910.31836 0.094148
21917.36914 0.076999
21924.41992 0.063962
21931.46875 0.054285
21938.51953 0.045884
21945.57031 0.038925
21952.62109 0.033198
21959.66992 0.02936
21966.72070 0.025829
21973.77148 0.022785
21980.82031 0.020009
21987.87109 0.017533
21994.92188 0.015828
22001.97070 0.014466
22009.02148 0.013566
22016.07227 0.012509
22023.12109 0.011503
22030.17188 0.010225
22037.22266 0.009333
22044.27344 0.008697
22051.32227 0.007877
22058.37305 0.007897
22065.42383 0.007433
22072.47266 0.006898
22079.52344 0.006683
22086.57422 0.006852
22093.62305 0.00609
22100.67383 0.00582
22107.72461 0.005909
22114.77539 0.005286
22121.82422 0.005232
22128.87500 0.005486
22135.92578 0.004879
22142.97461 0.004503
22150.02539 0.004325
22157.07617 0.004185
24372.78320 0.0
