threeML/data/optical_filters/Gemini/NIRI-Kcont227_G0219.ecsv
# %ECSV 0.9
# ---
# datatype:
# - {name: wavelength, unit: Angstrom, datatype: float32}
# - {name: response, datatype: float32}
# meta: !!omap
# - {band_name: Kcont227_G0219}
# - {group_name: NIRI}
wavelength response
19922.33398 0.0
22135.92578 0.004025
22142.97461 0.004176
22150.02539 0.004171
22157.07617 0.004328
22164.12500 0.004425
22171.17578 0.004534
22178.22656 0.004622
22185.27734 0.004781
22192.32617 0.004868
22199.37695 0.005037
22206.42773 0.005193
22213.47656 0.005374
22220.52734 0.005514
22227.57812 0.005777
22234.62695 0.005948
22241.67773 0.006192
22248.72852 0.006294
22255.77734 0.0066
22262.82812 0.006911
22269.87891 0.007285
22276.92969 0.007569
22283.97852 0.007933
22291.02930 0.008361
22298.08008 0.008905
22305.12891 0.009382
22312.17969 0.009947
22319.23047 0.01059
22326.27930 0.011387
22333.33008 0.012179
22340.38086 0.013191
22347.43164 0.014283
22354.48047 0.015429
22361.53125 0.016783
22368.58203 0.018428
22375.63086 0.020104
22382.68164 0.022097
22389.73242 0.024662
22396.78125 0.027525
22403.83203 0.030652
22410.88281 0.034392
22417.93359 0.039064
22424.98242 0.044488
22432.03320 0.050788
22439.08398 0.058296
22446.13281 0.067157
22453.18359 0.077621
22460.23438 0.090496
22467.28320 0.105519
22474.33398 0.123575
22481.38477 0.144847
22488.43359 0.169873
22495.48438 0.199389
22502.53516 0.234414
22509.58594 0.273384
22516.63477 0.316796
22523.68555 0.365238
22530.73633 0.417331
22537.78516 0.470679
22544.83594 0.524885
22551.88672 0.575204
22558.93555 0.623261
22565.98633 0.666185
22573.03711 0.704346
22580.08789 0.733583
22587.13672 0.75602
22594.18750 0.770783
22601.23828 0.781172
22608.28711 0.784727
22615.33789 0.784843
22622.38867 0.780406
22629.43750 0.775595
22636.48828 0.768598
22643.53906 0.762145
22650.58984 0.7535
22657.63867 0.747208
22664.68945 0.739116
22671.74023 0.733356
22678.78906 0.726434
22685.83984 0.722377
22692.89062 0.715848
22699.93945 0.711962
22706.99023 0.707152
22714.04102 0.704592
22721.08984 0.699968
22728.14062 0.697975
22735.19141 0.693941
22742.24219 0.69291
22749.29102 0.690012
22756.34180 0.690235
22763.39258 0.688909
22770.44141 0.689327
22777.49219 0.688907
22784.54297 0.690134
22791.59180 0.688443
22798.64258 0.691746
22805.69336 0.686135
22833.89453 0.678127
22840.94336 0.691465
22847.99414 0.679681
22855.04492 0.667871
22862.09375 0.647556
22869.14453 0.627762
22876.19531 0.598059
22883.24414 0.564911
22890.29492 0.524383
22897.34570 0.484281
22904.39648 0.438935
22911.44531 0.394753
22918.49609 0.348463
22925.54688 0.306817
22932.59570 0.26685
22939.64648 0.23148
22946.69727 0.198923
22953.74609 0.171512
22960.79688 0.147479
22967.84766 0.127099
22974.89844 0.109618
22981.94727 0.095082
22988.99805 0.082135
22996.04883 0.071571
23003.09766 0.062511
23010.14844 0.054709
23017.19922 0.048085
23024.24805 0.042597
23031.29883 0.037866
23038.34961 0.033789
23045.40039 0.030253
23052.44922 0.027289
23059.50000 0.024693
23066.55078 0.022395
23073.59961 0.020408
23080.65039 0.01866
23087.70117 0.017344
23094.75000 0.015982
23101.80078 0.014741
23108.85156 0.013728
23115.90039 0.012903
23122.95117 0.0121
23130.00195 0.011377
23137.05273 0.010627
23144.10156 0.010147
23151.15234 0.009557
23158.20312 0.009119
23165.25195 0.00856
23172.30273 0.008239
23179.35352 0.007784
23186.40234 0.007525
23193.45312 0.007159
23200.50391 0.006993
23207.55469 0.006756
23214.60352 0.006536
23221.65430 0.006135
23228.70508 0.005995
23235.75391 0.005737
23242.80469 0.005519
23249.85547 0.005325
23256.90430 0.005298
23263.95508 0.005076
23271.00586 0.004903
23278.05664 0.004734
23285.10547 0.00469
23292.15625 0.004485
23299.20703 0.004408
23306.25586 0.004287
23313.30664 0.004283
23320.35742 0.00408
23327.40625 0.004083
25660.14648 0.0
