threeML/data/optical_filters/Gemini/NIRI-CH4short_G0228w.ecsv
# %ECSV 0.9
# ---
# datatype:
# - {name: wavelength, unit: Angstrom, datatype: float32}
# - {name: response, datatype: float32}
# meta: !!omap
# - {band_name: CH4short_G0228w}
# - {group_name: NIRI}
wavelength response
13320.00000 0.0
14800.00000 0.004098
14810.00000 0.004272
14820.00000 0.00452
14830.00000 0.004792
14840.00000 0.004931
14850.00000 0.005194
14860.00000 0.005478
14870.00000 0.005797
14880.00000 0.006122
14890.00000 0.006429
14900.00000 0.006763
14910.00000 0.007158
14920.00000 0.007593
14930.00000 0.008014
14940.00000 0.008529
14950.00000 0.009034
14960.00000 0.009546
14970.00000 0.010181
14980.00000 0.010774
14990.00000 0.011458
15000.00000 0.012289
15010.00000 0.013036
15020.00000 0.013947
15030.00000 0.014859
15040.00000 0.01581
15050.00000 0.017023
15060.00000 0.018139
15070.00000 0.019468
15080.00000 0.020871
15090.00000 0.022391
15100.00000 0.024154
15110.00000 0.025942
15120.00000 0.027974
15130.00000 0.030187
15140.00000 0.03248
15150.00000 0.035079
15160.00000 0.03796
15170.00000 0.041045
15180.00000 0.044654
15190.00000 0.048316
15200.00000 0.052383
15210.00000 0.057014
15220.00000 0.062016
15230.00000 0.06744
15240.00000 0.073683
15250.00000 0.080491
15260.00000 0.087745
15270.00000 0.095882
15280.00000 0.10475
15290.00000 0.11453
15300.00000 0.12506
15310.00000 0.13711
15320.00000 0.14988
15330.00000 0.16336
15340.00000 0.17913
15350.00000 0.1954
15360.00000 0.21301
15370.00000 0.23289
15380.00000 0.25338
15390.00000 0.27507
15400.00000 0.29821
15410.00000 0.32233
15420.00000 0.34703
15430.00000 0.37378
15440.00000 0.40035
15450.00000 0.42744
15460.00000 0.45433
15470.00000 0.48082
15480.00000 0.50726
15490.00000 0.53263
15500.00000 0.55752
15510.00000 0.5811
15520.00000 0.60252
15530.00000 0.62262
15540.00000 0.64139
15550.00000 0.65819
15560.00000 0.67404
15570.00000 0.6879
15580.00000 0.70024
15590.00000 0.71111
15600.00000 0.72069
15610.00000 0.72908
15620.00000 0.7366
15630.00000 0.74327
15640.00000 0.74922
15650.00000 0.75452
15660.00000 0.75914
15670.00000 0.76345
15680.00000 0.76709
15690.00000 0.77044
15700.00000 0.77377
15710.00000 0.7769
15720.00000 0.77953
15730.00000 0.78205
15740.00000 0.78432
15750.00000 0.78634
15760.00000 0.78803
15770.00000 0.78964
15780.00000 0.79121
15790.00000 0.7923
15800.00000 0.79288
15810.00000 0.7933
15820.00000 0.79336
15830.00000 0.79331
15840.00000 0.79265
15850.00000 0.79191
15860.00000 0.79085
15870.00000 0.78877
15880.00000 0.78686
15890.00000 0.78448
15900.00000 0.78155
15910.00000 0.77867
15920.00000 0.77545
15930.00000 0.77154
15940.00000 0.7675
15950.00000 0.76328
15960.00000 0.75873
15970.00000 0.75406
15980.00000 0.74967
15990.00000 0.74483
16000.00000 0.73957
16010.00000 0.73465
16020.00000 0.72965
16030.00000 0.72473
16040.00000 0.72
16050.00000 0.71552
16060.00000 0.71107
16070.00000 0.70669
16080.00000 0.70259
16090.00000 0.69895
16100.00000 0.69548
16110.00000 0.69267
16120.00000 0.69003
16130.00000 0.68789
16140.00000 0.6862
16150.00000 0.68503
16160.00000 0.68451
16170.00000 0.68464
16180.00000 0.68524
16190.00000 0.68649
16200.00000 0.68836
16210.00000 0.69091
16220.00000 0.69391
16230.00000 0.69801
16240.00000 0.7026
16250.00000 0.70775
16260.00000 0.71392
16270.00000 0.72022
16280.00000 0.72714
16290.00000 0.73476
16300.00000 0.74255
16310.00000 0.75054
16320.00000 0.75883
16330.00000 0.76683
16340.00000 0.77406
16350.00000 0.78086
16360.00000 0.78668
16370.00000 0.79082
16380.00000 0.79342
16390.00000 0.79367
16400.00000 0.7915
16410.00000 0.78607
16420.00000 0.77756
16430.00000 0.76545
16440.00000 0.74936
16450.00000 0.72963
16460.00000 0.70637
16470.00000 0.68042
16480.00000 0.65064
16490.00000 0.61902
16500.00000 0.58542
16510.00000 0.54977
16520.00000 0.51487
16530.00000 0.47952
16540.00000 0.44456
16550.00000 0.41123
16560.00000 0.37958
16570.00000 0.34785
16580.00000 0.31925
16590.00000 0.29276
16600.00000 0.2672
16610.00000 0.24482
16620.00000 0.22369
16630.00000 0.20398
16640.00000 0.18648
16650.00000 0.1705
16660.00000 0.15609
16670.00000 0.1428
16680.00000 0.13097
16690.00000 0.12005
16700.00000 0.11011
16710.00000 0.10112
16720.00000 0.09307
16730.00000 0.085763
16740.00000 0.07912
16750.00000 0.073054
16760.00000 0.067476
16770.00000 0.062576
16780.00000 0.057958
16790.00000 0.053798
16800.00000 0.050038
16810.00000 0.046579
16820.00000 0.043357
16830.00000 0.040368
16840.00000 0.037732
16850.00000 0.035299
16860.00000 0.032982
16870.00000 0.031004
16880.00000 0.029043
16890.00000 0.027183
16900.00000 0.025621
16910.00000 0.024098
16920.00000 0.022632
16930.00000 0.021377
16940.00000 0.020191
16950.00000 0.019043
16960.00000 0.017979
16970.00000 0.017024
16980.00000 0.016124
16990.00000 0.015249
17000.00000 0.014507
17010.00000 0.013765
17020.00000 0.013006
17030.00000 0.012342
17040.00000 0.011747
17050.00000 0.011208
17060.00000 0.01074
17070.00000 0.01021
17080.00000 0.00974
17090.00000 0.009179
17100.00000 0.008878
17110.00000 0.008439
17120.00000 0.008111
17130.00000 0.007741
17140.00000 0.007433
17150.00000 0.007072
17160.00000 0.006796
17170.00000 0.006543
17180.00000 0.006312
17190.00000 0.006049
17200.00000 0.005731
17210.00000 0.005613
17220.00000 0.005409
17230.00000 0.005174
17240.00000 0.004955
17250.00000 0.004837
17260.00000 0.004653
17270.00000 0.004407
17280.00000 0.004316
17290.00000 0.004161
17300.00000 0.004003
19030.00000 0.0
