threeML/data/optical_filters/Gemini/NIRI-hydrocarbon_G0231.ecsv
# %ECSV 0.9
# ---
# datatype:
# - {name: wavelength, unit: Angstrom, datatype: float32}
# - {name: response, datatype: float32}
# meta: !!omap
# - {band_name: hydrocarbon_G0231}
# - {group_name: NIRI}
wavelength response
28553.40039 0.0
31726.00000 0.0046
31736.00000 0.004
31746.00000 0.0027
31756.00000 0.0024
31766.00000 0.0036
31776.00000 0.0046
31786.00000 0.004
31796.00000 0.0026
31806.00000 0.0014
31816.00000 0.001
31826.00000 0.0017
31836.00000 0.0037
31846.00000 0.0057
31856.00000 0.0057
31866.00000 0.0042
31876.00000 0.0023
31886.00000 0.0017
31896.00000 0.0048
31906.00000 0.006
31916.00000 0.0022
31926.00000 0.0029
31936.00000 0.0045
31946.00000 0.0039
31956.00000 0.0031
31966.00000 0.0051
31976.00000 0.0058
31986.00000 0.0038
31996.00000 0.0014
32006.00000 0.0005
32016.00000 0.0007
32026.00000 0.0012
32036.00000 0.0007
32046.00000 0.0
32056.00000 0.0001
32066.00000 0.0023
32076.00000 0.0046
32086.00000 0.005
32096.00000 0.004
32106.00000 0.0026
32116.00000 0.0017
32126.00000 0.0025
32136.00000 0.0039
32146.00000 0.0039
32156.00000 0.0041
32166.00000 0.0058
32176.00000 0.0068
32186.00000 0.004
32196.00000 0.0021
32206.00000 0.0036
32216.00000 0.0049
32226.00000 0.0045
32236.00000 0.0032
32246.00000 0.0021
32256.00000 0.0019
32266.00000 0.0022
32276.00000 0.0022
32286.00000 0.0021
32296.00000 0.0025
32306.00000 0.005
32316.00000 0.0073
32326.00000 0.0061
32336.00000 0.004
32346.00000 0.0035
32356.00000 0.0052
32366.00000 0.0059
32376.00000 0.005
32386.00000 0.0043
32396.00000 0.0066
32406.00000 0.011
32416.00000 0.0095
32426.00000 0.0095
32436.00000 0.012
32446.00000 0.0134
32456.00000 0.0143
32466.00000 0.0159
32476.00000 0.019
32486.00000 0.0221
32496.00000 0.0246
32506.00000 0.0277
32516.00000 0.0325
32526.00000 0.0371
32536.00000 0.042
32546.00000 0.048
32556.00000 0.0554
32566.00000 0.0655
32576.00000 0.0778
32586.00000 0.0897
32596.00000 0.1003
32606.00000 0.1196
32616.00000 0.1418
32626.00000 0.1649
32636.00000 0.1913
32646.00000 0.2267
32656.00000 0.2619
32666.00000 0.2937
32676.00000 0.3334
32686.00000 0.3778
32696.00000 0.4059
32706.00000 0.4407
32716.00000 0.4771
32726.00000 0.5095
32736.00000 0.5407
32746.00000 0.5666
32756.00000 0.5932
32766.00000 0.6119
32776.00000 0.6237
32786.00000 0.6352
32796.00000 0.6459
32806.00000 0.649
32816.00000 0.6504
32826.00000 0.6502
32836.00000 0.6493
32846.00000 0.6434
32856.00000 0.6358
32866.00000 0.6287
32876.00000 0.6201
32886.00000 0.6078
32896.00000 0.6002
32906.00000 0.5909
32916.00000 0.5801
32926.00000 0.5703
32936.00000 0.5635
32946.00000 0.5573
32956.00000 0.5493
32966.00000 0.5441
32976.00000 0.5399
32986.00000 0.5365
32996.00000 0.5361
33006.00000 0.5385
33016.00000 0.5443
33026.00000 0.5487
33036.00000 0.555
33046.00000 0.5675
33056.00000 0.5804
33066.00000 0.5917
33076.00000 0.6025
33086.00000 0.6171
33096.00000 0.6303
33106.00000 0.6395
33116.00000 0.6422
33126.00000 0.6354
33136.00000 0.6255
33146.00000 0.5979
33156.00000 0.5699
33166.00000 0.5267
33176.00000 0.4883
33186.00000 0.4252
33196.00000 0.3701
33206.00000 0.3231
33216.00000 0.2816
33226.00000 0.2404
33236.00000 0.1956
33246.00000 0.158
33256.00000 0.1343
33266.00000 0.1064
33276.00000 0.0876
33286.00000 0.0773
33296.00000 0.0661
33306.00000 0.0561
33316.00000 0.048
33326.00000 0.041
33336.00000 0.0347
33346.00000 0.0298
33356.00000 0.026
33366.00000 0.0227
33376.00000 0.0197
33386.00000 0.0175
33396.00000 0.0163
33406.00000 0.0157
33416.00000 0.0153
33426.00000 0.0147
33436.00000 0.0133
33446.00000 0.0107
33456.00000 0.0074
33466.00000 0.0051
33476.00000 0.0051
33486.00000 0.0076
33496.00000 0.0101
33506.00000 0.0089
33516.00000 0.0069
33526.00000 0.0071
33536.00000 0.0095
33546.00000 0.0109
33556.00000 0.0095
33566.00000 0.007
33576.00000 0.0064
33586.00000 0.0063
36944.60156 0.0
