threeML/data/optical_filters/Gemini/NIRI-BrAlphaCont_G0237w.ecsv
# %ECSV 0.9
# ---
# datatype:
# - {name: wavelength, unit: Angstrom, datatype: float32}
# - {name: response, datatype: float32}
# meta: !!omap
# - {band_name: BrAlphaCont_G0237w}
# - {group_name: NIRI}
wavelength response
35325.00000 0.0
39250.00000 0.0042
39260.00000 0.0045
39270.00000 0.0048
39280.00000 0.0052
39290.00000 0.0056
39300.00000 0.006
39310.00000 0.0064
39320.00000 0.0069
39330.00000 0.0073
39340.00000 0.0078
39350.00000 0.0084
39360.00000 0.009
39370.00000 0.0097
39380.00000 0.0106
39390.00000 0.0115
39400.00000 0.0126
39410.00000 0.0138
39420.00000 0.0152
39430.00000 0.0166
39440.00000 0.018
39450.00000 0.0194
39460.00000 0.0209
39470.00000 0.0228
39480.00000 0.0252
39490.00000 0.0281
39500.00000 0.0312
39510.00000 0.0343
39520.00000 0.0376
39530.00000 0.0413
39540.00000 0.0456
39550.00000 0.0504
39560.00000 0.0558
39570.00000 0.0618
39580.00000 0.0685
39590.00000 0.0762
39600.00000 0.0851
39610.00000 0.0954
39620.00000 0.1072
39630.00000 0.1202
39640.00000 0.1341
39650.00000 0.1492
39660.00000 0.1655
39670.00000 0.1831
39680.00000 0.2023
39690.00000 0.2231
39700.00000 0.2459
39710.00000 0.2708
39720.00000 0.2982
39730.00000 0.3286
39740.00000 0.3625
39750.00000 0.3995
39760.00000 0.4364
39770.00000 0.4701
39780.00000 0.5005
39790.00000 0.5303
39800.00000 0.5622
39810.00000 0.5948
39820.00000 0.6211
39830.00000 0.6432
39840.00000 0.6794
39850.00000 0.6963
39860.00000 0.709
39870.00000 0.7229
39880.00000 0.7335
39890.00000 0.7426
39900.00000 0.7507
39910.00000 0.7528
39920.00000 0.7558
39930.00000 0.7571
39940.00000 0.7568
39950.00000 0.7557
39960.00000 0.7541
39970.00000 0.7515
39980.00000 0.7486
39990.00000 0.7462
40000.00000 0.7429
40010.00000 0.7397
40020.00000 0.7369
40030.00000 0.7341
40040.00000 0.731
40050.00000 0.7282
40060.00000 0.7265
40070.00000 0.7253
40080.00000 0.7238
40090.00000 0.7224
40100.00000 0.7219
40110.00000 0.7222
40120.00000 0.7227
40130.00000 0.7237
40140.00000 0.7256
40150.00000 0.7281
40160.00000 0.7306
40170.00000 0.7339
40180.00000 0.7375
40190.00000 0.7407
40200.00000 0.745
40210.00000 0.751
40220.00000 0.756
40230.00000 0.7603
40240.00000 0.7648
40250.00000 0.7678
40260.00000 0.771
40270.00000 0.7712
40280.00000 0.7703
40290.00000 0.769
40300.00000 0.762
40310.00000 0.7497
40320.00000 0.7373
40330.00000 0.7185
40340.00000 0.6945
40350.00000 0.6651
40360.00000 0.6346
40370.00000 0.5979
40380.00000 0.5553
40390.00000 0.514
40400.00000 0.475
40410.00000 0.438
40420.00000 0.4016
40430.00000 0.3636
40440.00000 0.3225
40450.00000 0.2819
40460.00000 0.248
40470.00000 0.2227
40480.00000 0.2009
40490.00000 0.1779
40500.00000 0.1559
40510.00000 0.138
40520.00000 0.1234
40530.00000 0.1103
40540.00000 0.098
40550.00000 0.088
40560.00000 0.0796
40570.00000 0.0711
40580.00000 0.0629
40590.00000 0.0561
40600.00000 0.0503
40610.00000 0.0451
40620.00000 0.0402
40630.00000 0.0358
40640.00000 0.0323
40650.00000 0.0295
40660.00000 0.027
40670.00000 0.0246
40680.00000 0.0223
40690.00000 0.0201
40700.00000 0.0181
40710.00000 0.0165
40720.00000 0.0151
40730.00000 0.0139
40740.00000 0.0129
40750.00000 0.012
40760.00000 0.0111
40770.00000 0.0103
40780.00000 0.0096
40790.00000 0.009
40800.00000 0.0084
40810.00000 0.0079
40820.00000 0.0075
40830.00000 0.007
40840.00000 0.0066
40850.00000 0.0062
40860.00000 0.0058
40870.00000 0.0053
40880.00000 0.0049
40890.00000 0.0045
40900.00000 0.0041
44990.00000 0.0
