threeML/data/optical_filters/Gemini/NIRI-CH4short_G0228.ecsv
# %ECSV 0.9
# ---
# datatype:
# - {name: wavelength, unit: Angstrom, datatype: float32}
# - {name: response, datatype: float32}
# meta: !!omap
# - {band_name: CH4short_G0228}
# - {group_name: NIRI}
wavelength response
13395.16504 0.0
14883.51660 0.055623
14888.71777 0.056919
14893.91895 0.055553
14899.11914 0.055024
14904.32031 0.052754
14909.52051 0.050862
14914.72168 0.051395
14919.92188 0.04933
14925.12305 0.049911
14930.32422 0.045525
14935.52441 0.04514
14940.72559 0.045253
14945.92578 0.04481
14951.12695 0.046563
14956.32812 0.046629
14961.52832 0.043422
14966.72949 0.042563
14971.92969 0.044716
14977.13086 0.042917
14982.33105 0.044379
14987.53223 0.044685
14992.73340 0.044283
14997.93359 0.046121
15003.13477 0.046347
15008.33496 0.046675
15013.53613 0.046581
15018.73730 0.049346
15023.93750 0.050013
15029.13867 0.049539
15034.33887 0.050451
15039.54004 0.051378
15044.74121 0.051899
15049.94141 0.054175
15055.14258 0.055572
15060.34277 0.056152
15065.54395 0.056671
15070.74414 0.05809
15075.94531 0.058858
15081.14648 0.060571
15086.34668 0.063301
15091.54785 0.06462
15096.74805 0.066392
15101.94922 0.068733
15107.15039 0.06888
15112.35059 0.070344
15117.55176 0.072868
15122.75195 0.075303
15127.95312 0.077609
15133.15332 0.079646
15138.35449 0.083039
15143.55566 0.084264
15148.75586 0.086447
15153.95703 0.08938
15159.15723 0.094115
15164.35840 0.096469
15169.55957 0.097988
15174.75977 0.103701
15179.96094 0.106515
15185.16113 0.109813
15190.36230 0.11336
15195.56348 0.117791
15200.76367 0.121252
15205.96484 0.125613
15211.16504 0.131592
15216.36621 0.135099
15221.56641 0.139608
15226.76758 0.144293
15231.96875 0.150411
15237.16895 0.15609
15242.37012 0.160921
15247.57031 0.16811
15252.77148 0.175269
15257.97266 0.181695
15263.17285 0.190959
15268.37402 0.196575
15273.57422 0.203762
15278.77539 0.212755
15283.97559 0.220269
15289.17676 0.229668
15294.37793 0.240093
15299.57812 0.250234
15304.77930 0.258303
15309.97949 0.268064
15315.18066 0.280282
15320.38184 0.289886
15325.58203 0.301235
15330.78320 0.312635
15335.98340 0.325378
15341.18457 0.33497
15346.38574 0.349262
15351.58594 0.362268
15356.78711 0.37831
15361.98730 0.390941
15367.18848 0.40291
15372.38867 0.418725
15377.58984 0.43084
15382.79102 0.444847
15387.99121 0.460615
15393.19238 0.475559
15398.39258 0.490289
15403.59375 0.503313
15408.79492 0.517429
15413.99512 0.53401
15419.19629 0.547477
15424.39648 0.561009
15429.59766 0.576232
15434.79785 0.589131
15439.99902 0.604243
15445.20020 0.615411
15450.40039 0.625389
15455.60156 0.639883
15460.80176 0.654414
15466.00293 0.667218
15471.20410 0.677203
15476.40430 0.687845
15481.60547 0.696692
15486.80566 0.70468
15492.00684 0.712191
15497.20801 0.724034
15502.40820 0.734991
15507.60938 0.739944
15512.80957 0.746671
15518.01074 0.753981
15523.21094 0.761225
15528.41211 0.765448
15533.61328 0.772038
15538.81348 0.77874
15544.01465 0.784463
15549.21484 0.788765
15554.41602 0.791012
15559.61719 0.799919
15564.81738 0.801618
15570.01855 0.800872
15575.21875 0.80679
15580.41992 0.80947
15585.62012 0.81186
15590.82129 0.811635
15596.02246 0.814057
15601.22266 0.822426
15606.42383 0.824681
15611.62402 0.823715
15616.82520 0.824066
15622.02637 0.823346
15627.22656 0.82868
15632.42773 0.826492
15637.62793 0.82986
15642.82910 0.834093
15648.03027 0.833108
15653.23047 0.833729
15658.43164 0.838611
15663.63184 0.837893
15668.83301 0.842088
15674.03320 0.841886
15679.23438 0.841547
15684.43555 0.842208
15689.63574 0.843931
15694.83691 0.841197
15700.03711 0.843155
15705.23828 0.845994
15710.43945 0.847462
15715.63965 0.84803
15720.84082 0.848879
15726.04102 0.848165
15731.24219 0.85142
15736.44238 0.847781
15741.64355 0.846499
15746.84473 0.85
15752.04492 0.850539
15757.24609 0.850374
15762.44629 0.84697
15767.64746 0.846372
15772.84863 0.847513
15778.04883 0.84244
15783.25000 0.843663
15788.45020 0.843391
15793.65137 0.845416
15798.85254 0.843749
15804.05273 0.843487
15809.25391 0.842349
15814.45410 0.840908
15819.65527 0.837032
15824.85547 0.836733
15830.05664 0.83505
15835.25781 0.833635
15840.45801 0.832857
15845.65918 0.829123
15850.85938 0.823793
15856.06055 0.823658
15861.26172 0.823534
15866.46191 0.819992
15871.66309 0.816119
15876.86328 0.813315
15882.06445 0.810448
15887.26465 0.808698
15892.46582 0.806724
15897.66699 0.805714
15902.86719 0.801269
15908.06836 0.796295
15913.26855 0.788305
15918.46973 0.786045
15923.67090 0.786713
15928.87109 0.782384
15934.07227 0.776682
15939.27246 0.773573
15944.47363 0.77278
15949.67480 0.766973
15954.87500 0.762264
15960.07617 0.760174
15965.27637 0.755442
15970.47754 0.751774
15975.67773 0.748968
15980.87891 0.746753
15986.08008 0.743066
15991.28027 0.739026
15996.48145 0.73751
16001.68164 0.731574
16006.88281 0.729342
16012.08398 0.724578
16017.28418 0.720484
16022.48535 0.719919
16027.68555 0.716674
16032.88672 0.713862
16038.08691 0.713435
16043.28809 0.710617
16048.48926 0.707055
16053.68945 0.705189
16058.89062 0.701244
16064.09082 0.698895
16069.29199 0.697163
16074.49316 0.696299
16079.69336 0.696199
16084.89453 0.693469
16090.09473 0.691355
16095.29590 0.686796
16100.49707 0.685289
16105.69727 0.684234
16110.89844 0.683407
16116.09863 0.682611
16121.29980 0.682871
16126.50000 0.68408
16131.70117 0.683344
16136.90234 0.681332
16142.10254 0.681702
16147.30371 0.682838
16152.50391 0.68253
16157.70508 0.679839
16162.90625 0.683801
16168.10645 0.683357
16173.30762 0.682396
16178.50781 0.683999
16183.70898 0.688554
16188.91016 0.690573
16194.11035 0.691393
16199.31152 0.694804
16204.51172 0.695935
16209.71289 0.696234
16214.91309 0.701433
16220.11426 0.702598
16225.31543 0.706058
16230.51562 0.710505
16235.71680 0.714266
16240.91699 0.71708
16246.11816 0.717429
16251.31934 0.720259
16256.51953 0.725704
16261.72070 0.730354
16266.92090 0.734869
16272.12207 0.739661
16277.32227 0.74308
16282.52344 0.747461
16287.72461 0.755778
16292.92480 0.759821
16298.12598 0.759805
16303.32617 0.766883
16308.52734 0.771731
16313.72852 0.775624
16318.92871 0.781999
16324.12988 0.78534
16329.33008 0.785814
16334.53125 0.787414
16339.73242 0.791633
16344.93262 0.798192
16350.13379 0.796774
16355.33398 0.796265
16360.53516 0.79982
16365.73535 0.800282
16370.93652 0.798033
16376.13770 0.79783
16381.33789 0.800223
16386.53906 0.796017
16391.74023 0.794186
16396.93945 0.786168
16402.14062 0.780051
16407.34180 0.775236
16412.54297 0.768961
16417.74414 0.757823
16422.94336 0.743932
16428.14453 0.734043
16433.34570 0.722367
16438.54688 0.712643
16443.74805 0.697364
16448.94727 0.68511
16454.14844 0.671808
16459.34961 0.653858
16464.55078 0.637792
16469.75195 0.622573
16474.95117 0.63436
16480.15234 0.594944
16485.35352 0.567496
16490.55469 0.548858
16495.75586 0.528992
16500.95508 0.513754
16506.15625 0.494445
16511.35742 0.474845
16516.55859 0.458451
16521.75977 0.442907
16526.95898 0.424871
16532.16016 0.406754
16537.36133 0.393502
16542.56250 0.377605
16547.76172 0.36351
16552.96289 0.347228
16558.16406 0.333795
16563.36523 0.317844
16568.56641 0.303497
16573.76562 0.29312
16578.96680 0.279696
16584.16797 0.262404
16589.36914 0.258561
16594.57031 0.247452
16599.76953 0.235309
16604.97070 0.224846
16610.17188 0.215988
16615.37305 0.207259
16620.57422 0.199092
16625.77344 0.190098
16630.97461 0.181903
16636.17578 0.174496
16641.37695 0.168063
16646.57812 0.161538
16651.77734 0.154967
16656.97852 0.148428
16662.17969 0.142217
16667.38086 0.135843
16672.58203 0.131751
16677.78125 0.126751
16682.98242 0.120118
16688.18359 0.115654
16693.38477 0.112543
16698.58398 0.107827
16703.78516 0.103055
16719.38867 0.082764
16724.58789 0.091367
16729.78906 0.086724
16734.99023 0.083246
16740.19141 0.080446
16745.39258 0.078338
16750.59180 0.075682
16755.79297 0.072841
16760.99414 0.070614
16766.19531 0.068189
16771.39648 0.066511
16776.59570 0.06437
16781.79688 0.062588
16786.99805 0.059987
16792.19922 0.057588
16797.40039 0.056415
16802.59961 0.054388
16807.80078 0.052981
16813.00195 0.050702
16818.20312 0.049396
16823.40430 0.047975
16828.60352 0.04666
16833.80469 0.045745
16839.00586 0.044034
16844.20703 0.04297
16849.40625 0.041723
16854.60742 0.040746
16859.80859 0.03904
16865.00977 0.038403
16870.21094 0.037551
16875.41016 0.036159
16880.61133 0.035226
16885.81250 0.034397
16891.01367 0.033407
16896.21484 0.032631
16901.41406 0.032104
16906.61523 0.031036
16911.81641 0.03107
16917.01758 0.029817
16922.21875 0.028347
16927.41797 0.02782
16932.61914 0.027292
16937.82031 0.026668
16943.02148 0.025935
16948.22266 0.02558
16953.42188 0.025256
16958.62305 0.024427
16963.82422 0.024053
16969.02539 0.024004
16974.22656 0.022981
16979.42578 0.02256
16984.62695 0.022212
16989.82812 0.021774
16995.02930 0.021512
17000.22852 0.021058
17005.42969 0.020668
17010.63086 0.020455
17015.83203 0.019888
17021.03320 0.019397
17026.23242 0.019024
17031.43359 0.018592
17036.63477 0.017998
17041.83594 0.017751
17047.03711 0.017663
17052.23633 0.017178
17057.43750 0.016637
17062.63867 0.016387
17067.83984 0.016365
17073.04102 0.016058
17078.24023 0.016082
17083.44141 0.015961
17088.64258 0.015438
17093.84375 0.015204
17099.04492 0.01536
17104.24414 0.015143
17109.44531 0.014821
17114.64648 0.014889
17119.84766 0.014246
17125.04883 0.013365
17130.24805 0.013413
17135.44922 0.013399
17140.65039 0.013263
17145.85156 0.012857
17151.05078 0.012793
17156.25195 0.01293
17161.45312 0.012571
17166.65430 0.012228
17171.85547 0.012062
17177.05469 0.011822
17182.25586 0.011561
17187.45703 0.011477
17192.65820 0.011367
17197.85938 0.011185
17203.05859 0.010978
17208.25977 0.010528
17213.46094 0.010612
17218.66211 0.010209
17223.86328 0.010342
17229.06250 0.010291
17234.26367 0.010267
17239.46484 0.01016
17244.66602 0.009782
17249.86719 0.009636
17255.06641 0.009775
17260.26758 0.009896
17265.46875 0.009773
17270.66992 0.009451
17275.87109 0.009528
17281.07031 0.009175
17286.27148 0.009199
17291.47266 0.009212
17296.67383 0.008955
17301.87305 0.008927
17307.07422 0.008822
17312.27539 0.008855
17317.47656 0.009034
17322.67773 0.00892
17327.87695 0.008784
17333.07812 0.008747
17338.27930 0.008465
17343.48047 0.00836
17348.68164 0.008474
17353.88086 0.008256
17359.08203 0.00874
17364.28320 0.008286
17369.48438 0.008291
17374.68555 0.008198
17379.88477 0.007564
17385.08594 0.007427
17390.28711 0.007796
17395.48828 0.007521
17400.68945 0.007838
17405.88867 0.007476
17411.08984 0.007607
17416.29102 0.007354
17421.49219 0.007436
17426.69336 0.007361
17431.89258 0.007158
17437.09375 0.006873
17442.29492 0.007067
17447.49609 0.00678
17452.69531 0.006817
17457.89648 0.007303
17463.09766 0.007262
17468.29883 0.006873
17473.50000 0.007174
17478.69922 0.007111
17483.90039 0.006903
17489.10156 0.006901
17494.30273 0.007023
17499.50391 0.006629
19249.45508 0.0
