threeML/data/optical_filters/Gemini/NIRI-PK50_G0201w.ecsv
# %ECSV 0.9
# ---
# datatype:
# - {name: wavelength, unit: Angstrom, datatype: float32}
# - {name: response, datatype: float32}
# meta: !!omap
# - {band_name: PK50_G0201w}
# - {group_name: NIRI}
wavelength response
7200.00000 0.0
8000.00000 0.48043
8010.00000 0.48213
8020.00000 0.48397
8030.00000 0.48592
8040.00000 0.48784
8050.00000 0.49001
8060.00000 0.49212
8070.00000 0.4942
8080.00000 0.49641
8090.00000 0.49882
8100.00000 0.50119
8110.00000 0.50358
8120.00000 0.50606
8130.00000 0.50862
8140.00000 0.5112
8150.00000 0.5138
8160.00000 0.51642
8170.00000 0.51926
8180.00000 0.52204
8190.00000 0.52466
8200.00000 0.52771
8210.00000 0.53062
8220.00000 0.53348
8230.00000 0.53662
8240.00000 0.53965
8250.00000 0.54249
8260.00000 0.54582
8270.00000 0.54895
8280.00000 0.55207
8290.00000 0.55522
8300.00000 0.55866
8310.00000 0.56201
8320.00000 0.56512
8330.00000 0.56868
8340.00000 0.57224
8350.00000 0.57564
8360.00000 0.57929
8370.00000 0.58311
8380.00000 0.5867
8390.00000 0.59039
8400.00000 0.59423
8410.00000 0.59807
8420.00000 0.602
8430.00000 0.60593
8440.00000 0.60986
8450.00000 0.61389
8460.00000 0.61785
8470.00000 0.62185
8480.00000 0.62584
8490.00000 0.6302
8500.00000 0.63415
8510.00000 0.63828
8520.00000 0.64255
8530.00000 0.64685
8540.00000 0.65095
8550.00000 0.65524
8560.00000 0.65951
8570.00000 0.66372
8580.00000 0.66797
8590.00000 0.67238
8600.00000 0.67667
8610.00000 0.68091
8620.00000 0.68528
8630.00000 0.68965
8640.00000 0.69389
8650.00000 0.69829
8660.00000 0.70283
8670.00000 0.70709
8680.00000 0.71154
8690.00000 0.71597
8700.00000 0.72036
8710.00000 0.72465
8720.00000 0.72921
8730.00000 0.73377
8740.00000 0.73805
8750.00000 0.74255
8760.00000 0.74695
8770.00000 0.75138
8780.00000 0.7556
8790.00000 0.76011
8800.00000 0.76451
8810.00000 0.76875
8820.00000 0.77308
8830.00000 0.7775
8840.00000 0.78149
8850.00000 0.78588
8860.00000 0.7899
8870.00000 0.79426
8880.00000 0.79833
8890.00000 0.8025
8900.00000 0.80671
8910.00000 0.81059
8920.00000 0.81468
8930.00000 0.81885
8940.00000 0.82288
8950.00000 0.82659
8960.00000 0.83054
8970.00000 0.83464
8980.00000 0.83828
8990.00000 0.84205
9000.00000 0.84605
9010.00000 0.85
9020.00000 0.85351
9030.00000 0.8573
9040.00000 0.86092
9050.00000 0.86453
9060.00000 0.86813
9070.00000 0.87175
9080.00000 0.87512
9090.00000 0.87856
9100.00000 0.88203
9110.00000 0.88525
9120.00000 0.88854
9130.00000 0.89184
9140.00000 0.89491
9150.00000 0.89811
9160.00000 0.90091
9170.00000 0.90397
9180.00000 0.90686
9190.00000 0.90969
9200.00000 0.91233
9210.00000 0.91523
9220.00000 0.91772
9230.00000 0.92034
9240.00000 0.92255
9250.00000 0.9254
9260.00000 0.9278
9270.00000 0.92993
9280.00000 0.93236
9290.00000 0.93483
9300.00000 0.937
9310.00000 0.93932
9320.00000 0.94154
9330.00000 0.94367
9340.00000 0.94569
9350.00000 0.94761
9360.00000 0.94969
9370.00000 0.95155
9380.00000 0.95354
9390.00000 0.95519
9400.00000 0.95691
9410.00000 0.95857
9420.00000 0.95999
9430.00000 0.96163
9440.00000 0.96291
9450.00000 0.96421
9460.00000 0.96563
9470.00000 0.96698
9480.00000 0.96808
9490.00000 0.96927
9500.00000 0.97052
9510.00000 0.97155
9520.00000 0.97257
9530.00000 0.97343
9540.00000 0.97437
9550.00000 0.97521
9560.00000 0.97597
9570.00000 0.97678
9580.00000 0.97741
9590.00000 0.97793
9600.00000 0.97887
9610.00000 0.97935
9620.00000 0.97977
9630.00000 0.98042
9640.00000 0.98091
9650.00000 0.98138
9660.00000 0.9821
9670.00000 0.9826
9680.00000 0.98308
9690.00000 0.98344
9700.00000 0.98382
9710.00000 0.98442
9720.00000 0.98473
9730.00000 0.98494
9740.00000 0.98518
9750.00000 0.98564
9760.00000 0.98566
9770.00000 0.98566
9780.00000 0.98598
9790.00000 0.98606
9800.00000 0.9858
9810.00000 0.9859
9820.00000 0.98565
9830.00000 0.98539
9840.00000 0.9852
9850.00000 0.98509
9860.00000 0.98485
9870.00000 0.98465
9880.00000 0.98454
9890.00000 0.98452
9900.00000 0.98431
9910.00000 0.98387
9920.00000 0.98374
9930.00000 0.98359
9940.00000 0.98333
9950.00000 0.98321
9960.00000 0.98301
9970.00000 0.98284
9980.00000 0.98256
9990.00000 0.98245
10000.00000 0.9822
10010.00000 0.98192
10020.00000 0.98171
10030.00000 0.98149
10040.00000 0.98106
10050.00000 0.9809
10060.00000 0.98055
10070.00000 0.98019
10080.00000 0.97985
10090.00000 0.97933
10100.00000 0.97934
10110.00000 0.97863
10120.00000 0.97824
10130.00000 0.97792
10140.00000 0.97713
10150.00000 0.97702
10160.00000 0.97627
10170.00000 0.97626
10180.00000 0.97551
10190.00000 0.97476
10200.00000 0.97509
10210.00000 0.97459
10220.00000 0.97399
10230.00000 0.97374
10240.00000 0.97305
10250.00000 0.97267
10260.00000 0.97204
10270.00000 0.9717
10280.00000 0.9716
10290.00000 0.9709
10300.00000 0.97099
10310.00000 0.97017
10320.00000 0.97009
10330.00000 0.96979
10340.00000 0.96941
10350.00000 0.96923
10360.00000 0.9687
10370.00000 0.96842
10380.00000 0.96824
10390.00000 0.96773
10400.00000 0.96705
10410.00000 0.96715
10420.00000 0.96651
10430.00000 0.96575
10440.00000 0.96587
10450.00000 0.96513
10460.00000 0.96487
10470.00000 0.96432
10480.00000 0.96407
10490.00000 0.96402
10500.00000 0.96331
10510.00000 0.9634
10520.00000 0.96331
10530.00000 0.9629
10540.00000 0.96246
10550.00000 0.9625
10560.00000 0.96232
10570.00000 0.9619
10580.00000 0.96171
10590.00000 0.96162
10600.00000 0.96124
10610.00000 0.96107
10620.00000 0.96087
10630.00000 0.96046
10640.00000 0.96037
10650.00000 0.96018
10660.00000 0.95999
10670.00000 0.95976
10680.00000 0.95944
10690.00000 0.95941
10700.00000 0.95918
10710.00000 0.95885
10720.00000 0.9587
10730.00000 0.95862
10740.00000 0.95819
10750.00000 0.95779
10760.00000 0.95792
10770.00000 0.95771
10780.00000 0.95745
10790.00000 0.95711
10800.00000 0.95696
10810.00000 0.95694
10820.00000 0.95654
10830.00000 0.95631
10840.00000 0.95641
10850.00000 0.95591
10860.00000 0.95609
10870.00000 0.95598
10880.00000 0.95563
10890.00000 0.95576
10900.00000 0.95553
10910.00000 0.95566
10920.00000 0.95557
10930.00000 0.95585
10940.00000 0.95568
10950.00000 0.95593
10960.00000 0.9556
10970.00000 0.95599
10980.00000 0.95588
10990.00000 0.95557
11000.00000 0.95631
11010.00000 0.95604
11020.00000 0.95513
11030.00000 0.95584
11040.00000 0.95553
11050.00000 0.95508
11060.00000 0.95549
11070.00000 0.95497
11080.00000 0.95475
11090.00000 0.95505
11100.00000 0.95501
11110.00000 0.95467
11120.00000 0.95514
11130.00000 0.95492
11140.00000 0.95468
11150.00000 0.95483
11160.00000 0.95531
11170.00000 0.95499
11180.00000 0.95519
11190.00000 0.95537
11200.00000 0.95528
11210.00000 0.95514
11220.00000 0.95564
11230.00000 0.95571
11240.00000 0.9558
11250.00000 0.9559
11260.00000 0.95619
11270.00000 0.95632
11280.00000 0.95678
11290.00000 0.95679
11300.00000 0.95683
11310.00000 0.95698
11320.00000 0.9571
11330.00000 0.95732
11340.00000 0.95739
11350.00000 0.95747
11360.00000 0.95775
11370.00000 0.9578
11380.00000 0.95785
11390.00000 0.95781
11400.00000 0.95805
11410.00000 0.9581
11420.00000 0.95796
11430.00000 0.95808
11440.00000 0.95825
11450.00000 0.95817
11460.00000 0.95822
11470.00000 0.95833
11480.00000 0.95846
11490.00000 0.95843
11500.00000 0.95861
11510.00000 0.95883
11520.00000 0.95876
11530.00000 0.95917
11540.00000 0.9593
11550.00000 0.9594
11560.00000 0.95966
11570.00000 0.96008
11580.00000 0.9601
11590.00000 0.96019
11600.00000 0.96053
11610.00000 0.96083
11620.00000 0.96092
11630.00000 0.96103
11640.00000 0.96136
11650.00000 0.96156
11660.00000 0.9617
11670.00000 0.9619
11680.00000 0.96215
11690.00000 0.96221
11700.00000 0.9623
11710.00000 0.96238
11720.00000 0.9627
11730.00000 0.96252
11740.00000 0.96272
11750.00000 0.96274
11760.00000 0.96311
11770.00000 0.96317
11780.00000 0.96341
11790.00000 0.96374
11800.00000 0.9639
11810.00000 0.96422
11820.00000 0.96435
11830.00000 0.96454
11840.00000 0.96482
11850.00000 0.96504
11860.00000 0.96513
11870.00000 0.96534
11880.00000 0.96549
11890.00000 0.96582
11900.00000 0.96595
11910.00000 0.96609
11920.00000 0.96624
11930.00000 0.96638
11940.00000 0.96645
11950.00000 0.96668
11960.00000 0.96686
11970.00000 0.96709
11980.00000 0.96711
11990.00000 0.96781
12000.00000 0.96806
12010.00000 0.9682
12020.00000 0.96831
12030.00000 0.96848
12040.00000 0.96859
12050.00000 0.9687
12060.00000 0.96877
12070.00000 0.96912
12080.00000 0.96904
12090.00000 0.96907
12100.00000 0.9695
12110.00000 0.96955
12120.00000 0.96974
12130.00000 0.96992
12140.00000 0.97006
12150.00000 0.9702
12160.00000 0.97045
12170.00000 0.97079
12180.00000 0.971
12190.00000 0.97115
12200.00000 0.97137
12210.00000 0.97174
12220.00000 0.97171
12230.00000 0.97181
12240.00000 0.97224
12250.00000 0.97247
12260.00000 0.97254
12270.00000 0.97275
12280.00000 0.97301
12290.00000 0.97322
12300.00000 0.97329
12310.00000 0.97341
12320.00000 0.97354
12330.00000 0.97366
12340.00000 0.97369
12350.00000 0.97392
12360.00000 0.97403
12370.00000 0.97394
12380.00000 0.97423
12390.00000 0.97437
12400.00000 0.97439
12410.00000 0.97468
12420.00000 0.97471
12430.00000 0.97486
12440.00000 0.97504
12450.00000 0.97531
12460.00000 0.97558
12470.00000 0.97559
12480.00000 0.97596
12490.00000 0.97613
12500.00000 0.97635
12510.00000 0.97638
12520.00000 0.97659
12530.00000 0.97689
12540.00000 0.97699
12550.00000 0.97685
12560.00000 0.97712
12570.00000 0.97723
12580.00000 0.97724
12590.00000 0.97726
12600.00000 0.97737
12610.00000 0.97766
12620.00000 0.97761
12630.00000 0.9775
12640.00000 0.97769
12650.00000 0.97772
12660.00000 0.97799
12670.00000 0.97803
12680.00000 0.97793
12690.00000 0.97808
12700.00000 0.97841
12710.00000 0.97845
12720.00000 0.97844
12730.00000 0.97892
12740.00000 0.97912
12750.00000 0.97898
12760.00000 0.97937
12770.00000 0.97974
12780.00000 0.97967
12790.00000 0.97969
12800.00000 0.98011
12810.00000 0.98046
12820.00000 0.98047
12830.00000 0.98055
12840.00000 0.98077
12850.00000 0.98084
12860.00000 0.98096
12870.00000 0.98109
12880.00000 0.98136
12890.00000 0.98139
12900.00000 0.98144
12910.00000 0.98177
12920.00000 0.98175
12930.00000 0.98168
12940.00000 0.98185
12950.00000 0.98187
12960.00000 0.98186
12970.00000 0.98187
12980.00000 0.98187
12990.00000 0.98188
13000.00000 0.98184
13010.00000 0.98194
13020.00000 0.98198
13030.00000 0.98181
13040.00000 0.98204
13050.00000 0.98219
13060.00000 0.98233
13070.00000 0.98233
13080.00000 0.98265
13090.00000 0.98289
13100.00000 0.98292
13110.00000 0.98312
13120.00000 0.98356
13130.00000 0.98371
13140.00000 0.98376
13150.00000 0.98406
13160.00000 0.98417
13170.00000 0.98445
13180.00000 0.98439
13190.00000 0.98456
13200.00000 0.98465
13210.00000 0.98446
13220.00000 0.98463
13230.00000 0.98484
13240.00000 0.98453
13250.00000 0.98473
13260.00000 0.98492
13270.00000 0.98478
13280.00000 0.98471
13290.00000 0.98486
13300.00000 0.98472
13310.00000 0.98473
13320.00000 0.98459
13330.00000 0.98487
13340.00000 0.98475
13350.00000 0.98462
13360.00000 0.98508
13370.00000 0.98502
13380.00000 0.98499
13390.00000 0.98517
13400.00000 0.98521
13410.00000 0.98521
13420.00000 0.98545
13430.00000 0.98546
13440.00000 0.98559
13450.00000 0.98588
13460.00000 0.98594
13470.00000 0.98602
13480.00000 0.98623
13490.00000 0.98625
13500.00000 0.98653
13510.00000 0.98647
13520.00000 0.9863
13530.00000 0.98662
13540.00000 0.98668
13550.00000 0.98652
13560.00000 0.98638
13570.00000 0.98659
13580.00000 0.9865
13590.00000 0.98627
13600.00000 0.98642
13610.00000 0.98629
13620.00000 0.98638
13630.00000 0.98614
13640.00000 0.98617
13650.00000 0.98628
13660.00000 0.98619
13670.00000 0.98619
13680.00000 0.98621
13690.00000 0.98625
13700.00000 0.98628
13710.00000 0.98611
13720.00000 0.98627
13730.00000 0.98621
13740.00000 0.98615
13750.00000 0.98619
13760.00000 0.98638
13770.00000 0.98642
13780.00000 0.98645
13790.00000 0.98649
13800.00000 0.98668
13810.00000 0.98649
13820.00000 0.98671
13830.00000 0.98673
13840.00000 0.98663
13850.00000 0.98664
13860.00000 0.98667
13870.00000 0.98652
13880.00000 0.98642
13890.00000 0.98646
13900.00000 0.98636
13910.00000 0.98589
13920.00000 0.98588
13930.00000 0.98588
13940.00000 0.98565
13950.00000 0.98553
13960.00000 0.98559
13970.00000 0.9855
13980.00000 0.98531
13990.00000 0.98533
14000.00000 0.98531
14010.00000 0.98517
14020.00000 0.98504
14030.00000 0.98498
14040.00000 0.98515
14050.00000 0.98482
14060.00000 0.98483
14070.00000 0.98483
14080.00000 0.98441
14090.00000 0.9846
14100.00000 0.98422
14110.00000 0.98393
14120.00000 0.98372
14130.00000 0.98342
14140.00000 0.98335
14150.00000 0.98298
14160.00000 0.98263
14170.00000 0.98247
14180.00000 0.98208
14190.00000 0.9815
14200.00000 0.98123
14210.00000 0.98101
14220.00000 0.98049
14230.00000 0.98012
14240.00000 0.97993
14250.00000 0.97956
14260.00000 0.97914
14270.00000 0.97873
14280.00000 0.97858
14290.00000 0.97827
14300.00000 0.97777
14310.00000 0.97767
14320.00000 0.97732
14330.00000 0.97708
14340.00000 0.97677
14350.00000 0.9766
14360.00000 0.9764
14370.00000 0.97611
14380.00000 0.97617
14390.00000 0.97592
14400.00000 0.97567
14410.00000 0.9758
14420.00000 0.97578
14430.00000 0.97553
14440.00000 0.9754
14450.00000 0.97539
14460.00000 0.97542
14470.00000 0.97524
14480.00000 0.97517
14490.00000 0.97524
14500.00000 0.97505
14510.00000 0.97484
14520.00000 0.97477
14530.00000 0.9749
14540.00000 0.9746
14550.00000 0.97446
14560.00000 0.97445
14570.00000 0.97456
14580.00000 0.97441
14590.00000 0.97419
14600.00000 0.97432
14610.00000 0.97435
14620.00000 0.97418
14630.00000 0.97418
14640.00000 0.97425
14650.00000 0.97421
14660.00000 0.9744
14670.00000 0.97438
14680.00000 0.97441
14690.00000 0.97462
14700.00000 0.9746
14710.00000 0.9746
14720.00000 0.97457
14730.00000 0.9747
14740.00000 0.97472
14750.00000 0.97443
14760.00000 0.97446
14770.00000 0.97454
14780.00000 0.97433
14790.00000 0.97421
14800.00000 0.97435
14810.00000 0.97434
14820.00000 0.97405
14830.00000 0.97416
14840.00000 0.97414
14850.00000 0.9741
14860.00000 0.97384
14870.00000 0.97384
14880.00000 0.97385
14890.00000 0.97377
14900.00000 0.97361
14910.00000 0.97361
14920.00000 0.97366
14930.00000 0.97358
14940.00000 0.97354
14950.00000 0.97355
14960.00000 0.97353
14970.00000 0.97332
14980.00000 0.97354
14990.00000 0.97359
15000.00000 0.97355
15010.00000 0.97357
15020.00000 0.97363
15030.00000 0.97371
15040.00000 0.97371
15050.00000 0.97386
15060.00000 0.97378
15070.00000 0.97373
15080.00000 0.97382
15090.00000 0.97381
15100.00000 0.97365
15110.00000 0.9735
15120.00000 0.97353
15130.00000 0.97366
15140.00000 0.97341
15150.00000 0.97328
15160.00000 0.9731
15170.00000 0.97302
15180.00000 0.97265
15190.00000 0.97246
15200.00000 0.97246
15210.00000 0.97195
15220.00000 0.97206
15230.00000 0.97186
15240.00000 0.97171
15250.00000 0.97174
15260.00000 0.97169
15270.00000 0.97151
15280.00000 0.97134
15290.00000 0.97132
15300.00000 0.97136
15310.00000 0.97128
15320.00000 0.97118
15330.00000 0.97144
15340.00000 0.97134
15350.00000 0.9711
15360.00000 0.9711
15370.00000 0.97129
15380.00000 0.97105
15390.00000 0.97085
15400.00000 0.97079
15410.00000 0.97062
15420.00000 0.97054
15430.00000 0.97029
15440.00000 0.97035
15450.00000 0.97021
15460.00000 0.96984
15470.00000 0.9699
15480.00000 0.96967
15490.00000 0.96943
15500.00000 0.96926
15510.00000 0.96881
15520.00000 0.96902
15530.00000 0.96868
15540.00000 0.96827
15550.00000 0.9686
15560.00000 0.96815
15570.00000 0.96806
15580.00000 0.96779
15590.00000 0.96773
15600.00000 0.96727
15610.00000 0.9673
15620.00000 0.96746
15630.00000 0.96667
15640.00000 0.96709
15650.00000 0.96711
15660.00000 0.96643
15670.00000 0.9665
15680.00000 0.96696
15690.00000 0.96666
15700.00000 0.9664
15710.00000 0.96656
15720.00000 0.96639
15730.00000 0.966
15740.00000 0.96583
15750.00000 0.96579
15760.00000 0.96552
15770.00000 0.96517
15780.00000 0.96501
15790.00000 0.96495
15800.00000 0.96454
15810.00000 0.96415
15820.00000 0.96413
15830.00000 0.96397
15840.00000 0.9637
15850.00000 0.9634
15860.00000 0.96352
15870.00000 0.96322
15880.00000 0.96273
15890.00000 0.96291
15900.00000 0.96279
15910.00000 0.96218
15920.00000 0.96233
15930.00000 0.96224
15940.00000 0.9621
15950.00000 0.96179
15960.00000 0.96201
15970.00000 0.96163
15980.00000 0.96138
15990.00000 0.96133
16000.00000 0.96108
16010.00000 0.96071
16020.00000 0.96045
16030.00000 0.96056
16040.00000 0.96028
16050.00000 0.95987
16060.00000 0.95951
16070.00000 0.95947
16080.00000 0.95897
16090.00000 0.95868
16100.00000 0.95845
16110.00000 0.95827
16120.00000 0.95789
