threeML/data/optical_filters/Gemini/NIRI-Kprime_G0206w.ecsv
# %ECSV 0.9
# ---
# datatype:
# - {name: wavelength, unit: Angstrom, datatype: float32}
# - {name: response, datatype: float32}
# meta: !!omap
# - {band_name: Kprime_G0206w}
# - {group_name: NIRI}
wavelength response
17199.00000 0.0
19110.00000 0.004069
19120.00000 0.004339
19130.00000 0.004705
19140.00000 0.005094
19150.00000 0.005519
19160.00000 0.005932
19170.00000 0.00643
19180.00000 0.00701
19190.00000 0.007581
19200.00000 0.008309
19210.00000 0.009146
19220.00000 0.01001
19230.00000 0.010997
19240.00000 0.012124
19250.00000 0.013315
19260.00000 0.014711
19270.00000 0.016243
19280.00000 0.018126
19290.00000 0.020167
19300.00000 0.022509
19310.00000 0.025125
19320.00000 0.02811
19330.00000 0.031586
19340.00000 0.035401
19350.00000 0.039837
19360.00000 0.044992
19370.00000 0.050888
19380.00000 0.05757
19390.00000 0.065409
19400.00000 0.074033
19410.00000 0.084259
19420.00000 0.095756
19430.00000 0.10898
19440.00000 0.12422
19450.00000 0.14143
19460.00000 0.16077
19470.00000 0.18301
19480.00000 0.20749
19490.00000 0.23564
19500.00000 0.26647
19510.00000 0.29911
19520.00000 0.33594
19530.00000 0.37468
19540.00000 0.41588
19550.00000 0.46035
19560.00000 0.50435
19570.00000 0.54943
19580.00000 0.59406
19590.00000 0.63767
19600.00000 0.67857
19610.00000 0.71822
19620.00000 0.75434
19630.00000 0.78665
19640.00000 0.81514
19650.00000 0.84023
19660.00000 0.86161
19670.00000 0.87955
19680.00000 0.89472
19690.00000 0.90703
19700.00000 0.91701
19710.00000 0.92499
19720.00000 0.93142
19730.00000 0.93656
19740.00000 0.94059
19750.00000 0.94365
19760.00000 0.94632
19770.00000 0.94827
19780.00000 0.94974
19790.00000 0.95105
19800.00000 0.95192
19810.00000 0.9526
19820.00000 0.95299
19830.00000 0.95329
19840.00000 0.95348
19850.00000 0.95326
19860.00000 0.9532
19870.00000 0.95291
19880.00000 0.95229
19890.00000 0.95165
19900.00000 0.95088
19910.00000 0.94977
19920.00000 0.94857
19930.00000 0.94744
19940.00000 0.94615
19950.00000 0.94465
19960.00000 0.94319
19970.00000 0.94178
19980.00000 0.94038
19990.00000 0.93801
20000.00000 0.93641
20010.00000 0.93488
20020.00000 0.9332
20030.00000 0.93162
20040.00000 0.92997
20050.00000 0.92857
20060.00000 0.92697
20070.00000 0.92562
20080.00000 0.92425
20090.00000 0.92319
20100.00000 0.92202
20110.00000 0.92122
20120.00000 0.9202
20130.00000 0.91931
20140.00000 0.91875
20150.00000 0.91834
20160.00000 0.91753
20170.00000 0.91707
20180.00000 0.91684
20190.00000 0.9167
20200.00000 0.91643
20210.00000 0.91664
20220.00000 0.91672
20230.00000 0.91694
20240.00000 0.91699
20250.00000 0.91737
20260.00000 0.91772
20270.00000 0.918
20280.00000 0.9184
20290.00000 0.91903
20300.00000 0.91942
20310.00000 0.91996
20320.00000 0.92059
20330.00000 0.92124
20340.00000 0.92167
20350.00000 0.92218
20360.00000 0.9227
20370.00000 0.92327
20380.00000 0.9239
20390.00000 0.92428
20400.00000 0.92499
20410.00000 0.92547
20420.00000 0.92597
20430.00000 0.9263
20440.00000 0.92703
20450.00000 0.92722
20460.00000 0.92775
20470.00000 0.9281
20480.00000 0.92848
20490.00000 0.92898
20500.00000 0.92932
20510.00000 0.92975
20520.00000 0.93006
20530.00000 0.9305
20540.00000 0.93069
20550.00000 0.93101
20560.00000 0.93128
20570.00000 0.93153
20580.00000 0.93188
20590.00000 0.93205
20600.00000 0.93235
20610.00000 0.93258
20620.00000 0.93275
20630.00000 0.93282
20640.00000 0.9331
20650.00000 0.93345
20660.00000 0.9335
20670.00000 0.93361
20680.00000 0.93396
20690.00000 0.93414
20700.00000 0.93404
20710.00000 0.93449
20720.00000 0.93472
20730.00000 0.93453
20740.00000 0.93489
20750.00000 0.935
20760.00000 0.93508
20770.00000 0.93508
20780.00000 0.93538
20790.00000 0.93534
20800.00000 0.93548
20810.00000 0.93566
20820.00000 0.93583
20830.00000 0.93595
20840.00000 0.93638
20850.00000 0.93651
20860.00000 0.9368
20870.00000 0.93713
20880.00000 0.93749
20890.00000 0.93794
20900.00000 0.93832
20910.00000 0.93865
20920.00000 0.93926
20930.00000 0.93974
20940.00000 0.94029
20950.00000 0.94084
20960.00000 0.94151
20970.00000 0.94195
20980.00000 0.94262
20990.00000 0.94325
21000.00000 0.94383
21010.00000 0.94455
21020.00000 0.94511
21030.00000 0.94585
21040.00000 0.94654
21050.00000 0.94706
21060.00000 0.94793
21070.00000 0.94866
21080.00000 0.94912
21090.00000 0.95001
21100.00000 0.95051
21110.00000 0.95117
21120.00000 0.95167
21130.00000 0.9525
21140.00000 0.95297
21150.00000 0.95347
21160.00000 0.95402
21170.00000 0.95454
21180.00000 0.955
21190.00000 0.95551
21200.00000 0.95583
21210.00000 0.95639
21220.00000 0.95651
21230.00000 0.95692
21240.00000 0.95726
21250.00000 0.95753
21260.00000 0.95791
21270.00000 0.9581
21280.00000 0.95848
21290.00000 0.95874
21300.00000 0.959
21310.00000 0.95925
21320.00000 0.95968
21330.00000 0.95966
21340.00000 0.95997
21350.00000 0.96011
21360.00000 0.96031
21370.00000 0.9604
21380.00000 0.96061
21390.00000 0.96059
21400.00000 0.96092
21410.00000 0.96077
21420.00000 0.96091
21430.00000 0.96092
21440.00000 0.96078
21450.00000 0.96118
21460.00000 0.96108
21470.00000 0.96115
21480.00000 0.96144
21490.00000 0.96148
21500.00000 0.96148
21510.00000 0.96159
21520.00000 0.96171
21530.00000 0.96159
21540.00000 0.96172
21550.00000 0.96197
21560.00000 0.96188
21570.00000 0.96194
21580.00000 0.96208
21590.00000 0.96215
21600.00000 0.96218
21610.00000 0.96212
21620.00000 0.96222
21630.00000 0.96219
21640.00000 0.96215
21650.00000 0.96215
21660.00000 0.96212
21670.00000 0.96196
21680.00000 0.96188
21690.00000 0.96186
21700.00000 0.96166
21710.00000 0.96118
21720.00000 0.961
21730.00000 0.96099
21740.00000 0.96052
21750.00000 0.96001
21760.00000 0.95983
21770.00000 0.95954
21780.00000 0.95883
21790.00000 0.95834
21800.00000 0.95778
21810.00000 0.95704
21820.00000 0.95621
21830.00000 0.95552
21840.00000 0.95474
21850.00000 0.95383
21860.00000 0.95276
21870.00000 0.95176
21880.00000 0.95046
21890.00000 0.94914
21900.00000 0.94775
21910.00000 0.94621
21920.00000 0.94441
21930.00000 0.94283
21940.00000 0.9411
21950.00000 0.93897
21960.00000 0.93693
21970.00000 0.93472
21980.00000 0.93266
21990.00000 0.93025
22000.00000 0.92758
22010.00000 0.92544
22020.00000 0.92282
22030.00000 0.92038
22040.00000 0.91797
22050.00000 0.9155
22060.00000 0.91315
22070.00000 0.91077
22080.00000 0.90868
22090.00000 0.90643
22100.00000 0.90428
22110.00000 0.90231
22120.00000 0.90059
22130.00000 0.89866
22140.00000 0.8969
22150.00000 0.89558
22160.00000 0.89393
22170.00000 0.89256
22180.00000 0.89131
22190.00000 0.89036
22200.00000 0.88923
22210.00000 0.88848
22220.00000 0.88794
22230.00000 0.88734
22240.00000 0.88699
22250.00000 0.88705
22260.00000 0.88708
22270.00000 0.88733
22280.00000 0.88755
22290.00000 0.88814
22300.00000 0.889
22310.00000 0.88989
22320.00000 0.8911
22330.00000 0.89253
22340.00000 0.89409
22350.00000 0.89567
22360.00000 0.89764
22370.00000 0.89973
22380.00000 0.90181
22390.00000 0.90422
22400.00000 0.90668
22410.00000 0.90926
22420.00000 0.91189
22430.00000 0.91453
22440.00000 0.91741
22450.00000 0.92014
22460.00000 0.92291
22470.00000 0.92559
22480.00000 0.92815
22490.00000 0.93084
22500.00000 0.93326
22510.00000 0.9357
22520.00000 0.93805
22530.00000 0.94021
22540.00000 0.94217
22550.00000 0.94409
22560.00000 0.94552
22570.00000 0.94704
22580.00000 0.94828
22590.00000 0.94927
22600.00000 0.95036
22610.00000 0.95118
22620.00000 0.95183
22630.00000 0.95218
22640.00000 0.95255
22650.00000 0.95285
22660.00000 0.95246
22670.00000 0.95229
22680.00000 0.95189
22690.00000 0.95096
22700.00000 0.94966
22710.00000 0.94815
22720.00000 0.94615
22730.00000 0.94285
22740.00000 0.93907
22750.00000 0.93393
22760.00000 0.92735
22770.00000 0.91888
22780.00000 0.90856
22790.00000 0.89559
22800.00000 0.88029
22810.00000 0.86162
22820.00000 0.84005
22830.00000 0.8153
22840.00000 0.78575
22850.00000 0.75377
22860.00000 0.71861
22870.00000 0.68006
22880.00000 0.63969
22890.00000 0.59754
22900.00000 0.55336
22910.00000 0.50978
22920.00000 0.46671
22930.00000 0.42461
22940.00000 0.38383
22950.00000 0.34568
22960.00000 0.30949
22970.00000 0.27587
22980.00000 0.24573
22990.00000 0.21811
23000.00000 0.19318
23010.00000 0.1709
23020.00000 0.15111
23030.00000 0.1331
23040.00000 0.11751
23050.00000 0.10396
23060.00000 0.091638
23070.00000 0.081195
23080.00000 0.071721
23090.00000 0.063384
23100.00000 0.056252
23110.00000 0.049936
23120.00000 0.044399
23130.00000 0.039497
23140.00000 0.035288
23150.00000 0.031374
23160.00000 0.028139
23170.00000 0.025145
23180.00000 0.022567
23190.00000 0.020276
23200.00000 0.018194
23210.00000 0.016475
23220.00000 0.01478
23230.00000 0.013392
23240.00000 0.012148
23250.00000 0.010995
23260.00000 0.010025
23270.00000 0.009077
23280.00000 0.008318
23290.00000 0.007474
23300.00000 0.006912
23310.00000 0.006352
23320.00000 0.005798
23330.00000 0.005285
23340.00000 0.00494
23350.00000 0.004501
23360.00000 0.004147
25696.00000 0.0
