threeML/data/optical_filters/Gemini/NIRI-Kshort_G0205w.ecsv
# %ECSV 0.9
# ---
# datatype:
# - {name: wavelength, unit: Angstrom, datatype: float32}
# - {name: response, datatype: float32}
# meta: !!omap
# - {band_name: Kshort_G0205w}
# - {group_name: NIRI}
wavelength response
17694.00000 0.0
19660.00000 0.004043
19670.00000 0.004381
19680.00000 0.004703
19690.00000 0.005077
19700.00000 0.005521
19710.00000 0.005978
19720.00000 0.006468
19730.00000 0.007137
19740.00000 0.007687
19750.00000 0.008401
19760.00000 0.009158
19770.00000 0.010032
19780.00000 0.010934
19790.00000 0.011986
19800.00000 0.013047
19810.00000 0.01431
19820.00000 0.015647
19830.00000 0.017236
19840.00000 0.018862
19850.00000 0.020686
19860.00000 0.022726
19870.00000 0.025111
19880.00000 0.027555
19890.00000 0.030307
19900.00000 0.033465
19910.00000 0.036845
19920.00000 0.040736
19930.00000 0.045065
19940.00000 0.049722
19950.00000 0.054969
19960.00000 0.060746
19970.00000 0.067098
19980.00000 0.073901
19990.00000 0.08321
20000.00000 0.092212
20010.00000 0.10192
20020.00000 0.11283
20030.00000 0.12455
20040.00000 0.138
20050.00000 0.15236
20060.00000 0.16862
20070.00000 0.18571
20080.00000 0.2043
20090.00000 0.22533
20100.00000 0.24692
20110.00000 0.27125
20120.00000 0.29723
20130.00000 0.32425
20140.00000 0.35253
20150.00000 0.38335
20160.00000 0.4149
20170.00000 0.44727
20180.00000 0.48155
20190.00000 0.51563
20200.00000 0.54992
20210.00000 0.58414
20220.00000 0.61766
20230.00000 0.65106
20240.00000 0.68221
20250.00000 0.71308
20260.00000 0.74141
20270.00000 0.76712
20280.00000 0.79087
20290.00000 0.81245
20300.00000 0.83091
20310.00000 0.84743
20320.00000 0.86131
20330.00000 0.87254
20340.00000 0.88171
20350.00000 0.88899
20360.00000 0.89441
20370.00000 0.89819
20380.00000 0.90075
20390.00000 0.90206
20400.00000 0.90255
20410.00000 0.90202
20420.00000 0.90107
20430.00000 0.8997
20440.00000 0.89794
20450.00000 0.89606
20460.00000 0.89424
20470.00000 0.89254
20480.00000 0.89073
20490.00000 0.88917
20500.00000 0.88786
20510.00000 0.88698
20520.00000 0.88611
20530.00000 0.88576
20540.00000 0.88565
20550.00000 0.886
20560.00000 0.88646
20570.00000 0.88745
20580.00000 0.88875
20590.00000 0.89001
20600.00000 0.89172
20610.00000 0.89358
20620.00000 0.89547
20630.00000 0.89766
20640.00000 0.90006
20650.00000 0.9025
20660.00000 0.90483
20670.00000 0.90733
20680.00000 0.90981
20690.00000 0.9122
20700.00000 0.91435
20710.00000 0.91671
20720.00000 0.9188
20730.00000 0.9204
20740.00000 0.92234
20750.00000 0.92386
20760.00000 0.92497
20770.00000 0.92598
20780.00000 0.92695
20790.00000 0.92737
20800.00000 0.92774
20810.00000 0.92809
20820.00000 0.92793
20830.00000 0.9277
20840.00000 0.92747
20850.00000 0.92691
20860.00000 0.92625
20870.00000 0.92538
20880.00000 0.92452
20890.00000 0.92368
20900.00000 0.9225
20910.00000 0.9214
20920.00000 0.92039
20930.00000 0.91928
20940.00000 0.91818
20950.00000 0.91722
20960.00000 0.91625
20970.00000 0.91518
20980.00000 0.91437
20990.00000 0.91356
21000.00000 0.91271
21010.00000 0.91214
21020.00000 0.91158
21030.00000 0.9112
21040.00000 0.9107
21050.00000 0.91045
21060.00000 0.9105
21070.00000 0.91041
21080.00000 0.91032
21090.00000 0.91064
21100.00000 0.91099
21110.00000 0.91128
21120.00000 0.91148
21130.00000 0.91231
21140.00000 0.91285
21150.00000 0.91334
21160.00000 0.91405
21170.00000 0.91492
21180.00000 0.91559
21190.00000 0.91657
21200.00000 0.91751
21210.00000 0.91851
21220.00000 0.91914
21230.00000 0.9202
21240.00000 0.9212
21250.00000 0.92205
21260.00000 0.92311
21270.00000 0.92391
21280.00000 0.9249
21290.00000 0.92589
21300.00000 0.9268
21310.00000 0.92758
21320.00000 0.92859
21330.00000 0.92929
21340.00000 0.93023
21350.00000 0.93077
21360.00000 0.93148
21370.00000 0.93213
21380.00000 0.93276
21390.00000 0.93312
21400.00000 0.93368
21410.00000 0.93378
21420.00000 0.93431
21430.00000 0.93451
21440.00000 0.93455
21450.00000 0.9351
21460.00000 0.93512
21470.00000 0.93519
21480.00000 0.93554
21490.00000 0.9356
21500.00000 0.93556
21510.00000 0.93563
21520.00000 0.93577
21530.00000 0.93544
21540.00000 0.93566
21550.00000 0.93585
21560.00000 0.93568
21570.00000 0.93563
21580.00000 0.93578
21590.00000 0.93577
21600.00000 0.93584
21610.00000 0.93578
21620.00000 0.93573
21630.00000 0.936
21640.00000 0.93613
21650.00000 0.93617
21660.00000 0.93636
21670.00000 0.9364
21680.00000 0.93653
21690.00000 0.93672
21700.00000 0.93675
21710.00000 0.93659
21720.00000 0.93684
21730.00000 0.9371
21740.00000 0.93695
21750.00000 0.93696
21760.00000 0.93711
21770.00000 0.93729
21780.00000 0.93706
21790.00000 0.93702
21800.00000 0.93709
21810.00000 0.93665
21820.00000 0.93654
21830.00000 0.93648
21840.00000 0.93623
21850.00000 0.93591
21860.00000 0.93544
21870.00000 0.93491
21880.00000 0.93435
21890.00000 0.93365
21900.00000 0.93289
21910.00000 0.93217
21920.00000 0.93116
21930.00000 0.93044
21940.00000 0.92929
21950.00000 0.92802
21960.00000 0.92691
21970.00000 0.92539
21980.00000 0.9241
21990.00000 0.92269
22000.00000 0.92104
22010.00000 0.91973
22020.00000 0.91814
22030.00000 0.91676
22040.00000 0.91546
22050.00000 0.9141
22060.00000 0.91264
22070.00000 0.91135
22080.00000 0.9105
22090.00000 0.90924
22100.00000 0.90827
22110.00000 0.90754
22120.00000 0.9069
22130.00000 0.90621
22140.00000 0.90553
22150.00000 0.90535
22160.00000 0.90485
22170.00000 0.90461
22180.00000 0.90445
22190.00000 0.90447
22200.00000 0.90436
22210.00000 0.90453
22220.00000 0.90483
22230.00000 0.90509
22240.00000 0.9054
22250.00000 0.90601
22260.00000 0.90658
22270.00000 0.90733
22280.00000 0.90791
22290.00000 0.90875
22300.00000 0.90972
22310.00000 0.91053
22320.00000 0.91165
22330.00000 0.91265
22340.00000 0.91366
22350.00000 0.91467
22360.00000 0.91585
22370.00000 0.9169
22380.00000 0.91784
22390.00000 0.91911
22400.00000 0.92037
22410.00000 0.9215
22420.00000 0.92248
22430.00000 0.92362
22440.00000 0.9248
22450.00000 0.92559
22460.00000 0.92653
22470.00000 0.92747
22480.00000 0.92824
22490.00000 0.92906
22500.00000 0.92968
22510.00000 0.93042
22520.00000 0.93094
22530.00000 0.93149
22540.00000 0.9319
22550.00000 0.93238
22560.00000 0.93256
22570.00000 0.93287
22580.00000 0.93312
22590.00000 0.93331
22600.00000 0.93342
22610.00000 0.93356
22620.00000 0.93362
22630.00000 0.93365
22640.00000 0.93386
22650.00000 0.9338
22660.00000 0.93377
22670.00000 0.9339
22680.00000 0.9342
22690.00000 0.93406
22700.00000 0.93402
22710.00000 0.93441
22720.00000 0.93458
22730.00000 0.93436
22740.00000 0.93485
22750.00000 0.93489
22760.00000 0.9349
22770.00000 0.93501
22780.00000 0.93524
22790.00000 0.93536
22800.00000 0.93522
22810.00000 0.93495
22820.00000 0.93489
22830.00000 0.93447
22840.00000 0.93363
22850.00000 0.9328
22860.00000 0.93155
22870.00000 0.93001
22880.00000 0.92793
22890.00000 0.92528
22900.00000 0.92226
22910.00000 0.91833
22920.00000 0.91369
22930.00000 0.90826
22940.00000 0.90156
22950.00000 0.8939
22960.00000 0.88492
22970.00000 0.87451
22980.00000 0.86276
22990.00000 0.84948
23000.00000 0.83465
23010.00000 0.81797
23020.00000 0.7999
23030.00000 0.77928
23040.00000 0.75743
23050.00000 0.73411
23060.00000 0.7087
23070.00000 0.68265
23080.00000 0.65441
23090.00000 0.62502
23100.00000 0.59562
23110.00000 0.56513
23120.00000 0.53442
23130.00000 0.50327
23140.00000 0.47273
23150.00000 0.44151
23160.00000 0.41167
23170.00000 0.38214
23180.00000 0.35417
23190.00000 0.32667
23200.00000 0.30059
23210.00000 0.27592
23220.00000 0.25173
23230.00000 0.23005
23240.00000 0.20968
23250.00000 0.19004
23260.00000 0.17249
23270.00000 0.15613
23280.00000 0.14071
23290.00000 0.12684
23300.00000 0.11439
23310.00000 0.10288
23320.00000 0.092468
23330.00000 0.083027
23340.00000 0.074621
23350.00000 0.066875
23360.00000 0.059875
23370.00000 0.053825
23380.00000 0.048275
23390.00000 0.043245
23400.00000 0.038902
23410.00000 0.034857
23420.00000 0.031269
23430.00000 0.028165
23440.00000 0.025272
23450.00000 0.022798
23460.00000 0.020491
23470.00000 0.018501
23480.00000 0.016674
23490.00000 0.015162
23500.00000 0.013644
23510.00000 0.012377
23520.00000 0.011248
23530.00000 0.010173
23540.00000 0.009328
23550.00000 0.00841
23560.00000 0.007648
23570.00000 0.007026
23580.00000 0.006434
23590.00000 0.005818
23600.00000 0.00535
23610.00000 0.004874
23620.00000 0.004482
23630.00000 0.004123
25993.00000 0.0
