threeML/data/optical_filters/Gemini/NIRI-PK50_G0201w.ecsv
# %ECSV 0.9
# ---
# datatype:
# - {name: wavelength, unit: Angstrom, datatype: float32}
# - {name: response, datatype: float32}
# meta: !!omap
# - {band_name: PK50_G0201w}
# - {group_name: NIRI}
wavelength response
[from data line 1620]
24190.00000 0.61799
24200.00000 0.61744
24210.00000 0.61699
24220.00000 0.61661
24230.00000 0.61602
24240.00000 0.6154
24250.00000 0.61505
24260.00000 0.61462
24270.00000 0.61395
24280.00000 0.61359
24290.00000 0.61319
24300.00000 0.61243
24310.00000 0.6119
24320.00000 0.61147
24330.00000 0.61098
24340.00000 0.61034
24350.00000 0.60969
24360.00000 0.60916
24370.00000 0.60864
24380.00000 0.60804
24390.00000 0.60741
24400.00000 0.6069
24410.00000 0.60631
24420.00000 0.60577
24430.00000 0.60524
24440.00000 0.60464
24450.00000 0.604
24460.00000 0.6036
24470.00000 0.60303
24480.00000 0.60239
24490.00000 0.60175
24500.00000 0.60128
24510.00000 0.60061
24520.00000 0.59988
24530.00000 0.59923
24540.00000 0.59869
24550.00000 0.59795
24560.00000 0.5973
24570.00000 0.59665
24580.00000 0.59595
24590.00000 0.59503
24600.00000 0.5943
24610.00000 0.59355
24620.00000 0.59275
24630.00000 0.59204
24640.00000 0.59126
24650.00000 0.59048
24660.00000 0.58974
24670.00000 0.58887
24680.00000 0.58808
24690.00000 0.58723
24700.00000 0.58643
24710.00000 0.58559
24720.00000 0.58478
24730.00000 0.58384
24740.00000 0.58301
24750.00000 0.58231
24760.00000 0.58123
24770.00000 0.58043
24780.00000 0.5797
24790.00000 0.5787
24800.00000 0.57774
24810.00000 0.57696
24820.00000 0.57617
24830.00000 0.57518
24840.00000 0.57434
24850.00000 0.57356
24860.00000 0.57253
24870.00000 0.57162
24880.00000 0.57064
24890.00000 0.56973
24900.00000 0.56882
24910.00000 0.56774
24920.00000 0.56675
24930.00000 0.56581
24940.00000 0.56476
24950.00000 0.56372
24960.00000 0.56265
24970.00000 0.5616
24980.00000 0.56046
24990.00000 0.55948
25000.00000 0.55832
25010.00000 0.55729
25020.00000 0.55617
25030.00000 0.55507
25040.00000 0.55404
25050.00000 0.55277
25060.00000 0.55179
25070.00000 0.55069
25080.00000 0.54951
25090.00000 0.54849
25100.00000 0.54745
25110.00000 0.54628
25120.00000 0.54526
25130.00000 0.54428
25140.00000 0.54321
25150.00000 0.54212
25160.00000 0.54094
25170.00000 0.53986
25180.00000 0.53867
25190.00000 0.53746
25200.00000 0.53644
25210.00000 0.53544
25220.00000 0.53426
25230.00000 0.53313
25240.00000 0.53216
25250.00000 0.53085
25260.00000 0.52969
25270.00000 0.52867
25280.00000 0.52756
25290.00000 0.5264
25300.00000 0.52523
25310.00000 0.5243
25320.00000 0.5231
25330.00000 0.52186
25340.00000 0.52072
25350.00000 0.51959
25360.00000 0.51828
25370.00000 0.51719
25380.00000 0.51621
25390.00000 0.51502
25400.00000 0.51388
25410.00000 0.51296
25420.00000 0.51191
25430.00000 0.51045
25440.00000 0.50947
25450.00000 0.50837
25460.00000 0.50718
25470.00000 0.50606
25480.00000 0.50509
25490.00000 0.50411
25500.00000 0.50281
25510.00000 0.5017
25520.00000 0.50056
25530.00000 0.49949
25540.00000 0.49835
25550.00000 0.49737
25560.00000 0.49639
25570.00000 0.49551
25580.00000 0.49446
25590.00000 0.49361
25600.00000 0.49235
25610.00000 0.49111
25620.00000 0.48986
25630.00000 0.48852
25640.00000 0.48732
25650.00000 0.48617
25660.00000 0.48521
25670.00000 0.48421
25680.00000 0.48324
25690.00000 0.48227
25700.00000 0.48133
25710.00000 0.4804
25720.00000 0.47932
25730.00000 0.47836
25740.00000 0.47733
25750.00000 0.4762
25760.00000 0.47533
25770.00000 0.47433
25780.00000 0.47335
25790.00000 0.47244
25800.00000 0.47157
25810.00000 0.4706
25820.00000 0.46952
25830.00000 0.46855
25840.00000 0.4675
25850.00000 0.46625
25860.00000 0.46523
25870.00000 0.46425
25880.00000 0.46333
25890.00000 0.46253
25900.00000 0.46165
25910.00000 0.4608
25920.00000 0.45972
25930.00000 0.45862
25940.00000 0.45761
25950.00000 0.45634
25960.00000 0.45528
25970.00000 0.45428
25980.00000 0.4535
25990.00000 0.45264
26000.00000 0.4519
26010.00000 0.45136
26020.00000 0.45042
26030.00000 0.44948
26040.00000 0.44849
26050.00000 0.44748
26060.00000 0.44629
26070.00000 0.44527
26080.00000 0.44443
26090.00000 0.44355
26100.00000 0.44292
26110.00000 0.44226
26120.00000 0.44155
26130.00000 0.44085
26140.00000 0.44008
26150.00000 0.43921
26160.00000 0.43822
26170.00000 0.43722
26180.00000 0.43628
26190.00000 0.43534
26200.00000 0.43449
26210.00000 0.43359
26220.00000 0.43296
26230.00000 0.43225
26240.00000 0.43151
26250.00000 0.43083
26260.00000 0.42995
26270.00000 0.42912
26280.00000 0.42808
26290.00000 0.42712
26300.00000 0.42611
26310.00000 0.42493
26320.00000 0.42404
26330.00000 0.42321
26340.00000 0.42228
26350.00000 0.42141
26360.00000 0.42077
26370.00000 0.42006
26380.00000 0.41923
26390.00000 0.41855
26400.00000 0.41792
26410.00000 0.41712
26420.00000 0.41623
26430.00000 0.41544
26440.00000 0.41448
26450.00000 0.4136
26460.00000 0.4128
26470.00000 0.41193
26480.00000 0.4112
26490.00000 0.41045
26500.00000 0.4096
26510.00000 0.40874
26520.00000 0.40781
26530.00000 0.40708
26540.00000 0.40624
26550.00000 0.40524
26560.00000 0.4043
26570.00000 0.40344
26580.00000 0.40261
26590.00000 0.40192
26600.00000 0.40116
26610.00000 0.40037
26620.00000 0.39963
26630.00000 0.3987
26640.00000 0.39754
26650.00000 0.39652
26660.00000 0.39536
26670.00000 0.39417
26680.00000 0.39305
26690.00000 0.39196
26700.00000 0.39096
26710.00000 0.38979
26720.00000 0.38895
26730.00000 0.38784
26740.00000 0.38661
26750.00000 0.38572
26760.00000 0.38492
26770.00000 0.38372
26780.00000 0.38271
26790.00000 0.38171
26800.00000 0.38073
26810.00000 0.37931
26820.00000 0.37847
26830.00000 0.37721
26840.00000 0.37626
26850.00000 0.37536
26860.00000 0.37439
26870.00000 0.37341
26880.00000 0.37232
26890.00000 0.37126
26900.00000 0.3702
26910.00000 0.3689
26920.00000 0.36777
26930.00000 0.36655
26940.00000 0.36524
26950.00000 0.36393
26960.00000 0.36252
26970.00000 0.36119
26980.00000 0.35966
26990.00000 0.35837
27000.00000 0.35719
27010.00000 0.35588
27020.00000 0.35476
27030.00000 0.35357
27040.00000 0.35233
27050.00000 0.35079
27060.00000 0.34915
27070.00000 0.34751
27080.00000 0.34577
27090.00000 0.34404
27100.00000 0.34237
27110.00000 0.34088
27120.00000 0.33903
27130.00000 0.33734
27140.00000 0.33556
27150.00000 0.33381
27160.00000 0.33166
27170.00000 0.33001
27180.00000 0.32775
27190.00000 0.32549
27200.00000 0.32329
27210.00000 0.32083
27220.00000 0.31838
27230.00000 0.31598
27240.00000 0.31353
27250.00000 0.31127
27260.00000 0.30913
27270.00000 0.30712
27280.00000 0.30521
27290.00000 0.30358
27300.00000 0.3017
27310.00000 0.30016
27320.00000 0.2983
27330.00000 0.29617
27340.00000 0.29405
27350.00000 0.29162
27360.00000 0.28848
27370.00000 0.28544
27380.00000 0.2821
27390.00000 0.27852
27400.00000 0.27517
27410.00000 0.27186
27420.00000 0.26866
27430.00000 0.26533
27440.00000 0.26218
27450.00000 0.25973
27460.00000 0.25671
27470.00000 0.25409
27480.00000 0.25122
27490.00000 0.24817
27500.00000 0.24474
27510.00000 0.24125
27520.00000 0.23716
27530.00000 0.23317
27540.00000 0.22861
27550.00000 0.22374
27560.00000 0.21896
27570.00000 0.21417
27580.00000 0.20889
27590.00000 0.20392
27600.00000 0.19892
27610.00000 0.19398
27620.00000 0.18882
27630.00000 0.18353
27640.00000 0.17874
27650.00000 0.1735
27660.00000 0.16887
27670.00000 0.16395
27680.00000 0.15882
27690.00000 0.15384
27700.00000 0.14874
27710.00000 0.14393
27720.00000 0.13887
27730.00000 0.13441
27740.00000 0.12978
27750.00000 0.12544
27760.00000 0.12116
27770.00000 0.11681
27780.00000 0.11239
27790.00000 0.10807
27800.00000 0.10377
27810.00000 0.099344
27820.00000 0.095051
27830.00000 0.090934
27840.00000 0.086767
27850.00000 0.08257
27860.00000 0.07864
27870.00000 0.074692
27880.00000 0.071175
27890.00000 0.067831
27900.00000 0.064602
27910.00000 0.061602
27920.00000 0.05893
27930.00000 0.056298
27940.00000 0.053791
27950.00000 0.051364
27960.00000 0.049056
27970.00000 0.046737
27980.00000 0.044434
27990.00000 0.042431
28000.00000 0.040377
28010.00000 0.038408
28020.00000 0.036406
28030.00000 0.034459
28040.00000 0.032539
28050.00000 0.030766
28060.00000 0.029091
28070.00000 0.027531
28080.00000 0.026126
28090.00000 0.02471
28100.00000 0.023477
28110.00000 0.022324
28120.00000 0.021134
28130.00000 0.020164
28140.00000 0.019118
28150.00000 0.018274
28160.00000 0.017381
28170.00000 0.016567
28180.00000 0.015836
28190.00000 0.015115
28200.00000 0.0143
28210.00000 0.013744
28220.00000 0.012989
28230.00000 0.012333
28240.00000 0.011837
28250.00000 0.011282
28260.00000 0.010747
28270.00000 0.01022
28280.00000 0.009753
28290.00000 0.009353
28300.00000 0.00895
28310.00000 0.008534
28320.00000 0.008154
28330.00000 0.007761
28340.00000 0.007446
28350.00000 0.007118
28360.00000 0.006856
28370.00000 0.006592
28380.00000 0.006288
28390.00000 0.005996
28400.00000 0.005718
28410.00000 0.005579
28420.00000 0.005247
28430.00000 0.005079
28440.00000 0.004865
28450.00000 0.004746
28460.00000 0.004494
28470.00000 0.004292
28480.00000 0.004156
31328.00000 0.0
