threeML/data/optical_filters/Gemini/NIRI-Kcont209_G0217.ecsv
# %ECSV 0.9
# ---
# datatype:
# - {name: wavelength, unit: Angstrom, datatype: float32}
# - {name: response, datatype: float32}
# meta: !!omap
# - {band_name: Kcont209_G0217}
# - {group_name: NIRI}
wavelength response
18450.25391 0.0
20500.28125 0.004252
20507.33203 0.004283
20514.38086 0.00439
20521.43164 0.004541
20528.48242 0.004761
20535.53125 0.004871
20542.58203 0.005049
20549.63281 0.005301
20556.68359 0.005533
20563.73242 0.005815
20570.78320 0.006056
20577.83398 0.006436
20584.88281 0.006682
20591.93359 0.007042
20598.98438 0.007428
20606.03320 0.007779
20613.08398 0.008314
20620.13477 0.009029
20627.18555 0.009717
20634.23438 0.010553
20641.28516 0.01141
20648.33594 0.012448
20655.38477 0.013292
20662.43555 0.014723
20669.48633 0.016252
20676.53516 0.017931
20683.58594 0.019976
20690.63672 0.02274
20697.68750 0.025684
20704.73633 0.029423
20711.78711 0.034033
20718.83789 0.039429
20725.88672 0.046023
20732.93750 0.054659
20739.98828 0.065014
20747.03711 0.077202
20754.08789 0.091892
20761.13867 0.110834
20768.18750 0.133404
20775.23828 0.160783
20782.28906 0.193002
20789.33984 0.231532
20796.38867 0.275421
20803.43945 0.324813
20810.49023 0.377361
20817.53906 0.433719
20824.58984 0.488038
20831.64062 0.540547
20838.68945 0.586539
20845.74023 0.628533
20852.79102 0.66152
20859.84180 0.685861
20866.89062 0.703378
20873.94141 0.716859
20880.99219 0.724578
20888.04102 0.730083
20895.09180 0.731919
20902.14258 0.735086
20909.19141 0.735751
20916.24219 0.735832
20923.29297 0.736063
20930.34180 0.735931
20937.39258 0.734716
20944.44336 0.73537
20951.49414 0.734691
20958.54297 0.733563
20965.59375 0.731852
20972.64453 0.729874
20979.69336 0.728679
20986.74414 0.727522
20993.79492 0.725119
21000.84375 0.722836
21007.89453 0.720645
21014.94531 0.720977
21021.99609 0.720706
21029.04492 0.721414
21036.09570 0.721061
21043.14648 0.720635
21050.19531 0.717989
21057.24609 0.713056
21064.29688 0.702568
21071.34570 0.687244
21078.39648 0.663807
21085.44727 0.634259
21092.49805 0.595241
21099.54688 0.5508
21106.59766 0.49834
21113.64844 0.44504
21120.69727 0.389556
21127.74805 0.33628
21134.79883 0.286173
21141.84766 0.242632
21148.89844 0.203745
21155.94922 0.170464
21162.99805 0.142334
21170.04883 0.119281
21177.09961 0.099659
21184.15039 0.083172
21191.19922 0.070091
21198.25000 0.059755
21205.30078 0.051168
21212.34961 0.043896
21219.40039 0.037967
21226.45117 0.03312
21233.50000 0.028808
21240.55078 0.02495
21247.60156 0.022129
21254.65234 0.019788
21261.70117 0.017624
21268.75195 0.016052
21275.80273 0.014399
21282.85156 0.013144
21289.90234 0.011997
21296.95312 0.010936
21304.00195 0.010047
21311.05273 0.009384
21318.10352 0.00871
21325.15430 0.008122
21332.20312 0.007554
21339.25391 0.007161
21346.30469 0.006882
21353.35352 0.006687
21360.40430 0.00628
21367.45508 0.006083
21374.50391 0.00576
21381.55469 0.005557
21388.60547 0.00528
21395.65430 0.005161
21402.70508 0.004995
21409.75586 0.004527
21416.80664 0.004236
21423.85547 0.004154
23566.24023 0.0
