threeML/data/optical_filters/Gemini/NIRI-H_G0203w.ecsv
# %ECSV 0.9
# ---
# datatype:
# - {name: wavelength, unit: Angstrom, datatype: float32}
# - {name: response, datatype: float32}
# meta: !!omap
# - {band_name: H_G0203w}
# - {group_name: NIRI}
wavelength response
13176.00000 0.0
14640.00000 0.004236
14650.00000 0.004712
14660.00000 0.005246
14670.00000 0.005844
14680.00000 0.006463
14690.00000 0.007326
14700.00000 0.008161
14710.00000 0.009238
14720.00000 0.010458
14730.00000 0.011776
14740.00000 0.013398
14750.00000 0.015226
14760.00000 0.017303
14770.00000 0.019729
14780.00000 0.02253
14790.00000 0.02581
14800.00000 0.029527
14810.00000 0.033896
14820.00000 0.038919
14830.00000 0.044458
14840.00000 0.051081
14850.00000 0.058341
14860.00000 0.0669
14870.00000 0.076482
14880.00000 0.087216
14890.00000 0.099081
14900.00000 0.11228
14910.00000 0.12705
14920.00000 0.14339
14930.00000 0.16167
14940.00000 0.18082
14950.00000 0.20223
14960.00000 0.225
14970.00000 0.24979
14980.00000 0.27651
14990.00000 0.30444
15000.00000 0.33534
15010.00000 0.36659
15020.00000 0.39956
15030.00000 0.4346
15040.00000 0.46935
15050.00000 0.50552
15060.00000 0.54276
15070.00000 0.57896
15080.00000 0.61413
15090.00000 0.64858
15100.00000 0.68045
15110.00000 0.71036
15120.00000 0.73735
15130.00000 0.76108
15140.00000 0.78127
15150.00000 0.79744
15160.00000 0.81038
15170.00000 0.82024
15180.00000 0.82669
15190.00000 0.83074
15200.00000 0.8327
15210.00000 0.83259
15220.00000 0.83159
15230.00000 0.82957
15240.00000 0.82675
15250.00000 0.82384
15260.00000 0.82082
15270.00000 0.81803
15280.00000 0.81547
15290.00000 0.81328
15300.00000 0.81197
15310.00000 0.811
15320.00000 0.81051
15330.00000 0.81095
15340.00000 0.81178
15350.00000 0.81279
15360.00000 0.81444
15370.00000 0.81656
15380.00000 0.81899
15390.00000 0.82142
15400.00000 0.82416
15410.00000 0.82697
15420.00000 0.82976
15430.00000 0.83233
15440.00000 0.83502
15450.00000 0.83717
15460.00000 0.83917
15470.00000 0.84105
15480.00000 0.84219
15490.00000 0.84335
15500.00000 0.84403
15510.00000 0.84414
15520.00000 0.84461
15530.00000 0.84455
15540.00000 0.8439
15550.00000 0.84374
15560.00000 0.84294
15570.00000 0.84224
15580.00000 0.84141
15590.00000 0.84087
15600.00000 0.83996
15610.00000 0.83961
15620.00000 0.83954
15630.00000 0.83857
15640.00000 0.83892
15650.00000 0.83916
15660.00000 0.83914
15670.00000 0.83971
15680.00000 0.84086
15690.00000 0.84166
15700.00000 0.84269
15710.00000 0.84415
15720.00000 0.84556
15730.00000 0.8468
15740.00000 0.84862
15750.00000 0.85055
15760.00000 0.85226
15770.00000 0.85393
15780.00000 0.85596
15790.00000 0.85792
15800.00000 0.85949
15810.00000 0.86126
15820.00000 0.86304
15830.00000 0.86468
15840.00000 0.8661
15850.00000 0.86717
15860.00000 0.8688
15870.00000 0.86963
15880.00000 0.8702
15890.00000 0.87129
15900.00000 0.8717
15910.00000 0.87187
15920.00000 0.87234
15930.00000 0.87248
15940.00000 0.87263
15950.00000 0.87254
15960.00000 0.87257
15970.00000 0.87247
15980.00000 0.87209
15990.00000 0.872
16000.00000 0.87165
16010.00000 0.87136
16020.00000 0.87134
16030.00000 0.87134
16040.00000 0.87139
16050.00000 0.87111
16060.00000 0.87152
16070.00000 0.87189
16080.00000 0.87199
16090.00000 0.87252
16100.00000 0.87298
16110.00000 0.87354
16120.00000 0.8742
16130.00000 0.87492
16140.00000 0.87591
16150.00000 0.87651
16160.00000 0.87751
16170.00000 0.8783
16180.00000 0.87916
16190.00000 0.88
16200.00000 0.88061
16210.00000 0.88166
16220.00000 0.88186
16230.00000 0.88242
16240.00000 0.88266
16250.00000 0.88304
16260.00000 0.88288
16270.00000 0.88269
16280.00000 0.88223
16290.00000 0.88155
16300.00000 0.8806
16310.00000 0.8793
16320.00000 0.87788
16330.00000 0.87637
16340.00000 0.87467
16350.00000 0.87261
16360.00000 0.87042
16370.00000 0.86795
16380.00000 0.86556
16390.00000 0.86283
16400.00000 0.85989
16410.00000 0.85721
16420.00000 0.85432
16430.00000 0.85146
16440.00000 0.84861
16450.00000 0.84567
16460.00000 0.84316
16470.00000 0.84027
16480.00000 0.83777
16490.00000 0.83557
16500.00000 0.8333
16510.00000 0.83107
16520.00000 0.82951
16530.00000 0.82806
16540.00000 0.82651
16550.00000 0.82541
16560.00000 0.8248
16570.00000 0.8241
16580.00000 0.82379
16590.00000 0.82357
16600.00000 0.8239
16610.00000 0.82451
16620.00000 0.82523
16630.00000 0.82632
16640.00000 0.8277
16650.00000 0.82913
16660.00000 0.83086
16670.00000 0.83299
16680.00000 0.8348
16690.00000 0.83715
16700.00000 0.83939
16710.00000 0.84192
16720.00000 0.84441
16730.00000 0.84702
16740.00000 0.84944
16750.00000 0.85206
16760.00000 0.85446
16770.00000 0.85722
16780.00000 0.85935
16790.00000 0.86147
16800.00000 0.86366
16810.00000 0.86567
16820.00000 0.86755
16830.00000 0.86909
16840.00000 0.87071
16850.00000 0.87198
16860.00000 0.87272
16870.00000 0.87336
16880.00000 0.87376
16890.00000 0.87408
16900.00000 0.87417
16910.00000 0.87397
16920.00000 0.87366
16930.00000 0.87326
16940.00000 0.87254
16950.00000 0.87164
16960.00000 0.87064
16970.00000 0.86939
16980.00000 0.86835
16990.00000 0.86709
17000.00000 0.86578
17010.00000 0.8645
17020.00000 0.86349
17030.00000 0.86226
17040.00000 0.86126
17050.00000 0.86034
17060.00000 0.85959
17070.00000 0.85864
17080.00000 0.85826
17090.00000 0.85786
17100.00000 0.85762
17110.00000 0.85764
17120.00000 0.85773
17130.00000 0.85811
17140.00000 0.85832
17150.00000 0.85863
17160.00000 0.85922
17170.00000 0.85972
17180.00000 0.86016
17190.00000 0.86062
17200.00000 0.86121
17210.00000 0.86155
17220.00000 0.86172
17230.00000 0.86199
17240.00000 0.86185
17250.00000 0.86159
17260.00000 0.86103
17270.00000 0.86029
17280.00000 0.85904
17290.00000 0.85755
17300.00000 0.85593
17310.00000 0.85386
17320.00000 0.8513
17330.00000 0.84867
17340.00000 0.84546
17350.00000 0.84178
17360.00000 0.83815
17370.00000 0.83426
17380.00000 0.83
17390.00000 0.82564
17400.00000 0.82112
17410.00000 0.81667
17420.00000 0.81204
17430.00000 0.80755
17440.00000 0.80337
17450.00000 0.79892
17460.00000 0.79473
17470.00000 0.79098
17480.00000 0.78745
17490.00000 0.78416
17500.00000 0.78127
17510.00000 0.77881
17520.00000 0.7767
17530.00000 0.77519
17540.00000 0.77386
17550.00000 0.77322
17560.00000 0.7729
17570.00000 0.77311
17580.00000 0.77383
17590.00000 0.77488
17600.00000 0.77643
17610.00000 0.77838
17620.00000 0.7809
17630.00000 0.78316
17640.00000 0.78605
17650.00000 0.78949
17660.00000 0.79246
17670.00000 0.7955
17680.00000 0.79883
17690.00000 0.80191
17700.00000 0.8047
17710.00000 0.80705
17720.00000 0.80897
17730.00000 0.81036
17740.00000 0.81081
17750.00000 0.81037
17760.00000 0.809
17770.00000 0.80632
17780.00000 0.80213
17790.00000 0.79684
17800.00000 0.78967
17810.00000 0.78051
17820.00000 0.76955
17830.00000 0.75647
17840.00000 0.74057
17850.00000 0.72271
17860.00000 0.70219
17870.00000 0.67912
17880.00000 0.65281
17890.00000 0.62467
17900.00000 0.5935
17910.00000 0.55988
17920.00000 0.52517
17930.00000 0.48917
17940.00000 0.45194
17950.00000 0.4142
17960.00000 0.37787
17970.00000 0.34086
17980.00000 0.30664
17990.00000 0.2744
18000.00000 0.24344
18010.00000 0.21545
18020.00000 0.18944
18030.00000 0.16621
18040.00000 0.14556
18050.00000 0.12722
18060.00000 0.1107
18070.00000 0.096262
18080.00000 0.083656
18090.00000 0.072785
18100.00000 0.063056
18110.00000 0.054764
18120.00000 0.04758
18130.00000 0.041271
18140.00000 0.035932
18150.00000 0.031422
18160.00000 0.027167
18170.00000 0.023724
18180.00000 0.020907
18190.00000 0.018327
18200.00000 0.016048
18210.00000 0.014027
18220.00000 0.012191
18230.00000 0.01079
18240.00000 0.009582
18250.00000 0.008568
18260.00000 0.007556
18270.00000 0.006701
18280.00000 0.005992
18290.00000 0.005323
18300.00000 0.004776
18310.00000 0.004217
20141.00000 0.0
