threeML/data/optical_filters/Gemini/NIRI-hydrocarbon_G0231w.ecsv
# %ECSV 0.9
# ---
# datatype:
# - {name: wavelength, unit: Angstrom, datatype: float32}
# - {name: response, datatype: float32}
# meta: !!omap
# - {band_name: hydrocarbon_G0231w}
# - {group_name: NIRI}
wavelength response
28827.00000 0.0
32030.00000 0.0046
32040.00000 0.004
32050.00000 0.0027
32060.00000 0.0024
32070.00000 0.0036
32080.00000 0.0046
32090.00000 0.004
32100.00000 0.0026
32110.00000 0.0014
32120.00000 0.001
32130.00000 0.0017
32140.00000 0.0037
32150.00000 0.0057
32160.00000 0.0057
32170.00000 0.0042
32180.00000 0.0023
32190.00000 0.0017
32200.00000 0.0048
32210.00000 0.006
32220.00000 0.0022
32230.00000 0.0029
32240.00000 0.0045
32250.00000 0.0039
32260.00000 0.0031
32270.00000 0.0051
32280.00000 0.0058
32290.00000 0.0038
32300.00000 0.0014
32310.00000 0.0005
32320.00000 0.0007
32330.00000 0.0012
32340.00000 0.0007
32350.00000 0.0
32360.00000 0.0001
32370.00000 0.0023
32380.00000 0.0046
32390.00000 0.005
32400.00000 0.004
32410.00000 0.0026
32420.00000 0.0017
32430.00000 0.0025
32440.00000 0.0039
32450.00000 0.0039
32460.00000 0.0041
32470.00000 0.0058
32480.00000 0.0068
32490.00000 0.004
32500.00000 0.0021
32510.00000 0.0036
32520.00000 0.0049
32530.00000 0.0045
32540.00000 0.0032
32550.00000 0.0021
32560.00000 0.0019
32570.00000 0.0022
32580.00000 0.0022
32590.00000 0.0021
32600.00000 0.0025
32610.00000 0.005
32620.00000 0.0073
32630.00000 0.0061
32640.00000 0.004
32650.00000 0.0035
32660.00000 0.0052
32670.00000 0.0059
32680.00000 0.005
32690.00000 0.0043
32700.00000 0.0066
32710.00000 0.011
32720.00000 0.0095
32730.00000 0.0095
32740.00000 0.012
32750.00000 0.0134
32760.00000 0.0143
32770.00000 0.0159
32780.00000 0.019
32790.00000 0.0221
32800.00000 0.0246
32810.00000 0.0277
32820.00000 0.0325
32830.00000 0.0371
32840.00000 0.042
32850.00000 0.048
32860.00000 0.0554
32870.00000 0.0655
32880.00000 0.0778
32890.00000 0.0897
32900.00000 0.1003
32910.00000 0.1196
32920.00000 0.1418
32930.00000 0.1649
32940.00000 0.1913
32950.00000 0.2267
32960.00000 0.2619
32970.00000 0.2937
32980.00000 0.3334
32990.00000 0.3778
33000.00000 0.4059
33010.00000 0.4407
33020.00000 0.4771
33030.00000 0.5095
33040.00000 0.5407
33050.00000 0.5666
33060.00000 0.5932
33070.00000 0.6119
33080.00000 0.6237
33090.00000 0.6352
33100.00000 0.6459
33110.00000 0.649
33120.00000 0.6504
33130.00000 0.6502
33140.00000 0.6493
33150.00000 0.6434
33160.00000 0.6358
33170.00000 0.6287
33180.00000 0.6201
33190.00000 0.6078
33200.00000 0.6002
33210.00000 0.5909
33220.00000 0.5801
33230.00000 0.5703
33240.00000 0.5635
33250.00000 0.5573
33260.00000 0.5493
33270.00000 0.5441
33280.00000 0.5399
33290.00000 0.5365
33300.00000 0.5361
33310.00000 0.5385
33320.00000 0.5443
33330.00000 0.5487
33340.00000 0.555
33350.00000 0.5675
33360.00000 0.5804
33370.00000 0.5917
33380.00000 0.6025
33390.00000 0.6171
33400.00000 0.6303
33410.00000 0.6395
33420.00000 0.6422
33430.00000 0.6354
33440.00000 0.6255
33450.00000 0.5979
33460.00000 0.5699
33470.00000 0.5267
33480.00000 0.4883
33490.00000 0.4252
33500.00000 0.3701
33510.00000 0.3231
33520.00000 0.2816
33530.00000 0.2404
33540.00000 0.1956
33550.00000 0.158
33560.00000 0.1343
33570.00000 0.1064
33580.00000 0.0876
33590.00000 0.0773
33600.00000 0.0661
33610.00000 0.0561
33620.00000 0.048
33630.00000 0.041
33640.00000 0.0347
33650.00000 0.0298
33660.00000 0.026
33670.00000 0.0227
33680.00000 0.0197
33690.00000 0.0175
33700.00000 0.0163
33710.00000 0.0157
33720.00000 0.0153
33730.00000 0.0147
33740.00000 0.0133
33750.00000 0.0107
33760.00000 0.0074
33770.00000 0.0051
33780.00000 0.0051
33790.00000 0.0076
33800.00000 0.0101
33810.00000 0.0089
33820.00000 0.0069
33830.00000 0.0071
33840.00000 0.0095
33850.00000 0.0109
33860.00000 0.0095
33870.00000 0.007
33880.00000 0.0064
33890.00000 0.0063
37279.00000 0.0
