threeML/data/optical_filters/Gemini/NIRI-H2Oice2045_G0242w.ecsv
# %ECSV 0.9
# ---
# datatype:
# - {name: wavelength, unit: Angstrom, datatype: float32}
# - {name: response, datatype: float32}
# meta: !!omap
# - {band_name: H2Oice2045_G0242w}
# - {group_name: NIRI}
wavelength response
[from data line 805]
21112.50000 0.82535
21115.00000 0.81889
21117.50000 0.81249
21120.00000 0.80499
21122.50000 0.79788
21125.00000 0.79034
21127.50000 0.78256
21130.00000 0.77515
21132.50000 0.76646
21135.00000 0.75862
21137.50000 0.75016
21140.00000 0.74104
21142.50000 0.73173
21145.00000 0.72318
21147.50000 0.71387
21150.00000 0.70431
21152.50000 0.69532
21155.00000 0.68567
21157.50000 0.67547
21160.00000 0.66547
21162.50000 0.65523
21165.00000 0.64578
21167.50000 0.63495
21170.00000 0.62538
21172.50000 0.61525
21175.00000 0.60435
21177.50000 0.59446
21180.00000 0.58382
21182.50000 0.57372
21185.00000 0.56371
21187.50000 0.5536
21190.00000 0.54244
21192.50000 0.53235
21195.00000 0.52267
21197.50000 0.5125
21200.00000 0.50187
21202.50000 0.49161
21205.00000 0.48191
21207.50000 0.47108
21210.00000 0.46123
21212.50000 0.45227
21215.00000 0.44271
21217.50000 0.43259
21220.00000 0.42333
21222.50000 0.41427
21225.00000 0.40442
21227.50000 0.3953
21230.00000 0.38681
21232.50000 0.37877
21235.00000 0.36922
21237.50000 0.36056
21240.00000 0.35263
21242.50000 0.34388
21245.00000 0.33593
21247.50000 0.3281
21250.00000 0.32078
21252.50000 0.31286
21255.00000 0.30485
21257.50000 0.29811
21260.00000 0.29033
21262.50000 0.28335
21265.00000 0.27672
21267.50000 0.26986
21270.00000 0.26293
21272.50000 0.2564
21275.00000 0.25049
21277.50000 0.24367
21280.00000 0.23822
21282.50000 0.23232
21285.00000 0.22636
21287.50000 0.22056
21290.00000 0.21474
21292.50000 0.21014
21295.00000 0.20421
21297.50000 0.19933
21300.00000 0.19454
21302.50000 0.18937
21305.00000 0.18446
21307.50000 0.17981
21310.00000 0.1757
21312.50000 0.17103
21315.00000 0.16685
21317.50000 0.16284
21320.00000 0.15851
21322.50000 0.15461
21325.00000 0.15066
21327.50000 0.14706
21330.00000 0.14305
21332.50000 0.13974
21335.00000 0.13631
21337.50000 0.13255
21340.00000 0.12955
21342.50000 0.12613
21345.00000 0.12304
21347.50000 0.11983
21350.00000 0.11684
21352.50000 0.11416
21355.00000 0.11087
21357.50000 0.10827
21360.00000 0.10558
21362.50000 0.103
21365.00000 0.1002
21367.50000 0.09769
21370.00000 0.09543
21372.50000 0.09284
21375.00000 0.09071
21377.50000 0.08845
21380.00000 0.08619
21382.50000 0.08401
21385.00000 0.08181
21387.50000 0.07998
21390.00000 0.07801
21392.50000 0.07619
21395.00000 0.07429
21397.50000 0.07225
21400.00000 0.07051
21402.50000 0.06879
21405.00000 0.06719
21407.50000 0.0655
21410.00000 0.06398
21412.50000 0.06246
21415.00000 0.06074
21417.50000 0.05926
21420.00000 0.05796
21422.50000 0.05661
21425.00000 0.05518
21427.50000 0.05377
21430.00000 0.05253
21432.50000 0.05122
21435.00000 0.04998
21437.50000 0.04881
21440.00000 0.04764
21442.50000 0.04654
21445.00000 0.04529
21447.50000 0.04426
21450.00000 0.04312
21452.50000 0.04216
21455.00000 0.04124
21457.50000 0.04014
21460.00000 0.03922
21462.50000 0.03814
21465.00000 0.03732
21467.50000 0.03648
21470.00000 0.03552
21472.50000 0.03479
21475.00000 0.03387
21477.50000 0.03305
21480.00000 0.03222
21482.50000 0.03147
21485.00000 0.03069
21487.50000 0.02996
21490.00000 0.02927
21492.50000 0.02859
21495.00000 0.02789
21497.50000 0.02723
21500.00000 0.02651
21502.50000 0.02598
21505.00000 0.02528
21507.50000 0.02471
21510.00000 0.0241
21512.50000 0.02353
21515.00000 0.02296
21517.50000 0.02252
21520.00000 0.02189
21522.50000 0.02137
21525.00000 0.02089
21527.50000 0.02042
21530.00000 0.01989
21532.50000 0.01953
21535.00000 0.01909
21537.50000 0.01846
21540.00000 0.01812
21542.50000 0.01777
21545.00000 0.01734
21547.50000 0.01691
21550.00000 0.01652
21552.50000 0.01612
21555.00000 0.01566
21557.50000 0.01539
21560.00000 0.015
21562.50000 0.01465
21565.00000 0.01437
21567.50000 0.01406
21570.00000 0.01368
21572.50000 0.01337
21575.00000 0.01303
21577.50000 0.01281
21580.00000 0.01249
21582.50000 0.01208
21585.00000 0.01196
21587.50000 0.01159
21590.00000 0.01138
21592.50000 0.01116
21595.00000 0.01081
21597.50000 0.01067
21600.00000 0.01043
21602.50000 0.01022
21605.00000 0.00992
21607.50000 0.0097
21610.00000 0.00952
21612.50000 0.0093
21615.00000 0.00899
21617.50000 0.0089
21620.00000 0.00862
21622.50000 0.00842
21625.00000 0.00827
21627.50000 0.00807
21630.00000 0.00794
21632.50000 0.00773
21635.00000 0.00754
21637.50000 0.0074
21640.00000 0.00724
21642.50000 0.00706
21645.00000 0.00696
21647.50000 0.00678
21650.00000 0.00662
21652.50000 0.00654
21655.00000 0.00634
21657.50000 0.00619
21660.00000 0.00613
21662.50000 0.0059
21665.00000 0.00586
21667.50000 0.00571
21670.00000 0.00551
21672.50000 0.00542
21675.00000 0.00537
21677.50000 0.00522
21680.00000 0.00502
21682.50000 0.00496
21685.00000 0.005
21687.50000 0.00485
21690.00000 0.00464
21692.50000 0.00458
21695.00000 0.00456
21697.50000 0.00441
21700.00000 0.00429
21702.50000 0.00423
21705.00000 0.00417
21707.50000 0.00408
21710.00000 0.00401
23881.00000 0.0
