threeML/data/optical_filters/Gemini/NIRI-J_G0202w.ecsv
# %ECSV 0.9
# ---
# datatype:
# - {name: wavelength, unit: Angstrom, datatype: float32}
# - {name: response, datatype: float32}
# meta: !!omap
# - {band_name: J_G0202w}
# - {group_name: NIRI}
wavelength response
10332.00000 0.0
11480.00000 0.004661
11490.00000 0.005667
11500.00000 0.006835
11510.00000 0.008309
11520.00000 0.010157
11530.00000 0.012456
11540.00000 0.015129
11550.00000 0.018569
11560.00000 0.022641
11570.00000 0.027758
11580.00000 0.034063
11590.00000 0.041903
11600.00000 0.051772
11610.00000 0.063834
11620.00000 0.079401
11630.00000 0.099205
11640.00000 0.12357
11650.00000 0.15613
11660.00000 0.19566
11670.00000 0.24354
11680.00000 0.30355
11690.00000 0.37308
11700.00000 0.45044
11710.00000 0.53525
11720.00000 0.61668
11730.00000 0.69033
11740.00000 0.75031
11750.00000 0.79321
11760.00000 0.81979
11770.00000 0.83257
11780.00000 0.83533
11790.00000 0.83218
11800.00000 0.82641
11810.00000 0.82031
11820.00000 0.81512
11830.00000 0.81187
11840.00000 0.81036
11850.00000 0.81071
11860.00000 0.81236
11870.00000 0.81514
11880.00000 0.8183
11890.00000 0.82185
11900.00000 0.82507
11910.00000 0.82777
11920.00000 0.82992
11930.00000 0.83134
11940.00000 0.83226
11950.00000 0.83277
11960.00000 0.83304
11970.00000 0.83328
11980.00000 0.83364
11990.00000 0.83463
12000.00000 0.83553
12010.00000 0.83726
12020.00000 0.83957
12030.00000 0.84228
12040.00000 0.84597
12050.00000 0.84949
12060.00000 0.85349
12070.00000 0.8582
12080.00000 0.86211
12090.00000 0.8664
12100.00000 0.8704
12110.00000 0.87363
12120.00000 0.87663
12130.00000 0.87876
12140.00000 0.88049
12150.00000 0.88094
12160.00000 0.88118
12170.00000 0.88076
12180.00000 0.8794
12190.00000 0.87788
12200.00000 0.8755
12210.00000 0.87339
12220.00000 0.87062
12230.00000 0.86784
12240.00000 0.86512
12250.00000 0.8627
12260.00000 0.86018
12270.00000 0.85803
12280.00000 0.85571
12290.00000 0.85428
12300.00000 0.85264
12310.00000 0.85188
12320.00000 0.85129
12330.00000 0.85097
12340.00000 0.85098
12350.00000 0.85153
12360.00000 0.85232
12370.00000 0.85312
12380.00000 0.85456
12390.00000 0.85631
12400.00000 0.85819
12410.00000 0.86053
12420.00000 0.86276
12430.00000 0.86529
12440.00000 0.86806
12450.00000 0.87099
12460.00000 0.87405
12470.00000 0.87708
12480.00000 0.88013
12490.00000 0.88316
12500.00000 0.88626
12510.00000 0.88891
12520.00000 0.89144
12530.00000 0.89416
12540.00000 0.89642
12550.00000 0.89838
12560.00000 0.90029
12570.00000 0.90186
12580.00000 0.90343
12590.00000 0.90432
12600.00000 0.90537
12610.00000 0.90647
12620.00000 0.90689
12630.00000 0.9073
12640.00000 0.90761
12650.00000 0.90811
12660.00000 0.9085
12670.00000 0.90888
12680.00000 0.90889
12690.00000 0.9098
12700.00000 0.90998
12710.00000 0.91028
12720.00000 0.91087
12730.00000 0.91122
12740.00000 0.91172
12750.00000 0.91222
12760.00000 0.91296
12770.00000 0.91344
12780.00000 0.91383
12790.00000 0.91427
12800.00000 0.91479
12810.00000 0.91485
12820.00000 0.91448
12830.00000 0.91428
12840.00000 0.91406
12850.00000 0.91334
12860.00000 0.91278
12870.00000 0.91184
12880.00000 0.91061
12890.00000 0.9091
12900.00000 0.90753
12910.00000 0.90566
12920.00000 0.90336
12930.00000 0.90101
12940.00000 0.89864
12950.00000 0.89589
12960.00000 0.89315
12970.00000 0.89038
12980.00000 0.88734
12990.00000 0.88433
13000.00000 0.88146
13010.00000 0.87832
13020.00000 0.8756
13030.00000 0.8725
13040.00000 0.86975
13050.00000 0.86714
13060.00000 0.86436
13070.00000 0.86248
13080.00000 0.85971
13090.00000 0.85751
13100.00000 0.85531
13110.00000 0.85363
13120.00000 0.85242
13130.00000 0.85154
13140.00000 0.85148
13150.00000 0.85227
13160.00000 0.85379
13170.00000 0.85704
13180.00000 0.86144
13190.00000 0.86702
13200.00000 0.87441
13210.00000 0.8826
13220.00000 0.89159
13230.00000 0.89993
13240.00000 0.90505
13250.00000 0.90537
13260.00000 0.89694
13270.00000 0.87585
13280.00000 0.84043
13290.00000 0.78531
13300.00000 0.71567
13310.00000 0.63336
13320.00000 0.54478
13330.00000 0.45843
13340.00000 0.37641
13350.00000 0.30368
13360.00000 0.24242
13370.00000 0.19304
13380.00000 0.15387
13390.00000 0.12215
13400.00000 0.097754
13410.00000 0.078566
13420.00000 0.06328
13430.00000 0.051627
13440.00000 0.042404
13450.00000 0.035012
13460.00000 0.029182
13470.00000 0.02451
13480.00000 0.02049
13490.00000 0.01747
13500.00000 0.015017
13510.00000 0.012844
13520.00000 0.011158
13530.00000 0.009736
13540.00000 0.008525
13550.00000 0.007461
13560.00000 0.006637
13570.00000 0.005939
13580.00000 0.005367
13590.00000 0.00488
13600.00000 0.004296
14960.00000 0.0
