threeML/data/optical_filters/Gemini/NIRI-Hcont157_G0214.ecsv
# %ECSV 0.9
# ---
# datatype:
# - {name: wavelength, unit: Angstrom, datatype: float32}
# - {name: response, datatype: float32}
# meta: !!omap
# - {band_name: Hcont157_G0214}
# - {group_name: NIRI}
wavelength response
13839.83105 0.0
15377.58984 0.005799
15382.79102 0.00449
15387.99121 0.004622
15393.19238 0.005384
15398.39258 0.005586
15403.59375 0.005817
15408.79492 0.006326
15413.99512 0.006507
15419.19629 0.005983
15424.39648 0.006818
15429.59766 0.007888
15434.79785 0.007406
15439.99902 0.006009
15445.20020 0.006288
15450.40039 0.006265
15455.60156 0.005534
15460.80176 0.006131
15466.00293 0.006242
15471.20410 0.006614
15476.40430 0.007249
15481.60547 0.007595
15486.80566 0.008018
15492.00684 0.007974
15497.20801 0.008839
15502.40820 0.008732
15507.60938 0.007327
15512.80957 0.008918
15518.01074 0.009733
15523.21094 0.010396
15528.41211 0.011728
15533.61328 0.011872
15538.81348 0.012602
15544.01465 0.014541
15549.21484 0.015884
15554.41602 0.016293
15559.61719 0.019415
15564.81738 0.021717
15570.01855 0.024691
15575.21875 0.027288
15580.41992 0.029319
15585.62012 0.034967
15590.82129 0.039614
15596.02246 0.047538
15601.22266 0.055573
15606.42383 0.067471
15611.62402 0.084167
15616.82520 0.101789
15622.02637 0.127671
15627.22656 0.156351
15632.42773 0.191815
15637.62793 0.23788
15642.82910 0.293664
15648.03027 0.354443
15653.23047 0.417595
15658.43164 0.490532
15663.63184 0.552861
15668.83301 0.614115
15674.03320 0.658564
15679.23438 0.695639
15684.43555 0.722327
15689.63574 0.73783
15694.83691 0.741317
15700.03711 0.742842
15705.23828 0.735278
15710.43945 0.732075
15715.63965 0.736218
15720.84082 0.746005
15726.04102 0.744857
15731.24219 0.749193
15736.44238 0.756915
15741.64355 0.760368
15746.84473 0.762348
15752.04492 0.766289
15757.24609 0.768409
15762.44629 0.769134
15767.64746 0.771952
15772.84863 0.773067
15778.04883 0.767652
15783.25000 0.767094
15788.45020 0.758829
15793.65137 0.755172
15798.85254 0.757619
15804.05273 0.757169
15809.25391 0.75708
15814.45410 0.764873
15819.65527 0.764309
15824.85547 0.766941
15830.05664 0.76154
15835.25781 0.749381
15840.45801 0.733398
15845.65918 0.702571
15850.85938 0.65396
15856.06055 0.596524
15861.26172 0.530466
15866.46191 0.458311
15871.66309 0.385746
15876.86328 0.320799
15882.06445 0.261969
15887.26465 0.21137
15892.46582 0.170338
15897.66699 0.137488
15902.86719 0.11058
15908.06836 0.090463
15913.26855 0.073369
15918.46973 0.061401
15923.67090 0.052436
15928.87109 0.044113
15934.07227 0.03668
15939.27246 0.032407
15944.47363 0.028982
15949.67480 0.025277
15954.87500 0.021501
15960.07617 0.017621
15965.27637 0.015495
15970.47754 0.015129
15975.67773 0.014112
15980.87891 0.013179
15986.08008 0.011567
15991.28027 0.009783
15996.48145 0.009588
16001.68164 0.009516
16006.88281 0.009366
16012.08398 0.008183
16017.28418 0.007455
16022.48535 0.006457
16027.68555 0.006006
16032.88672 0.006619
16038.08691 0.006958
16043.28809 0.005744
16048.48926 0.005773
16053.68945 0.006531
16058.89062 0.005761
16064.09082 0.005373
16069.29199 0.005852
16074.49316 0.00533
16079.69336 0.00531
16084.89453 0.004968
16090.09473 0.004715
16095.29590 0.005205
16100.49707 0.004181
17710.54688 0.0
