threeML/data/optical_filters/Gemini/NIRI-H2Oice_G0230w.ecsv
# %ECSV 0.9
# ---
# datatype:
# - {name: wavelength, unit: Angstrom, datatype: float32}
# - {name: response, datatype: float32}
# meta: !!omap
# - {band_name: H2Oice_G0230w}
# - {group_name: NIRI}
wavelength response
26136.00000 0.0
29040.00000 0.004021
29050.00000 0.004236
29060.00000 0.004469
29070.00000 0.004674
29080.00000 0.004865
29090.00000 0.005018
29100.00000 0.005367
29110.00000 0.005662
29120.00000 0.005942
29130.00000 0.006085
29140.00000 0.006469
29150.00000 0.006823
29160.00000 0.007188
29170.00000 0.007602
29180.00000 0.007939
29190.00000 0.008216
29200.00000 0.008641
29210.00000 0.009121
29220.00000 0.009429
29230.00000 0.010043
29240.00000 0.010683
29250.00000 0.011237
29260.00000 0.01196
29270.00000 0.012474
29280.00000 0.013376
29290.00000 0.014104
29300.00000 0.01488
29310.00000 0.015776
29320.00000 0.016677
29330.00000 0.017752
29340.00000 0.018762
29350.00000 0.020062
29360.00000 0.021423
29370.00000 0.022633
29380.00000 0.024273
29390.00000 0.025634
29400.00000 0.027458
29410.00000 0.029261
29420.00000 0.031311
29430.00000 0.033477
29440.00000 0.035841
29450.00000 0.03829
29460.00000 0.040997
29470.00000 0.044007
29480.00000 0.047344
29490.00000 0.050696
29500.00000 0.054366
29510.00000 0.058398
29520.00000 0.062671
29530.00000 0.067312
29540.00000 0.07247
29550.00000 0.078114
29560.00000 0.083801
29570.00000 0.090224
29580.00000 0.09685
29590.00000 0.1043
29600.00000 0.11188
29610.00000 0.12039
29620.00000 0.12913
29630.00000 0.13839
29640.00000 0.14871
29650.00000 0.15929
29660.00000 0.17025
29670.00000 0.18234
29680.00000 0.19517
29690.00000 0.208
29700.00000 0.22153
29710.00000 0.23622
29720.00000 0.25053
29730.00000 0.26653
29740.00000 0.28242
29750.00000 0.29838
29760.00000 0.31517
29770.00000 0.3322
29780.00000 0.34942
29790.00000 0.36715
29800.00000 0.38466
29810.00000 0.40187
29820.00000 0.41934
29830.00000 0.43688
29840.00000 0.45406
29850.00000 0.47072
29860.00000 0.4878
29870.00000 0.50357
29880.00000 0.51921
29890.00000 0.53442
29900.00000 0.54919
29910.00000 0.56275
29920.00000 0.57613
29930.00000 0.58881
29940.00000 0.6004
29950.00000 0.61141
29960.00000 0.62181
29970.00000 0.6312
29980.00000 0.63989
29990.00000 0.64786
30000.00000 0.65454
30010.00000 0.66081
30020.00000 0.66638
30030.00000 0.67129
30040.00000 0.67534
30050.00000 0.67918
30060.00000 0.68229
30070.00000 0.68467
30080.00000 0.68652
30090.00000 0.68861
30100.00000 0.68973
30110.00000 0.69048
30120.00000 0.69134
30130.00000 0.69189
30140.00000 0.69222
30150.00000 0.6924
30160.00000 0.69268
30170.00000 0.6925
30180.00000 0.69251
30190.00000 0.69291
30200.00000 0.69273
30210.00000 0.69301
30220.00000 0.69296
30230.00000 0.69323
30240.00000 0.69332
30250.00000 0.69356
30260.00000 0.69395
30270.00000 0.69435
30280.00000 0.69509
30290.00000 0.6952
30300.00000 0.69557
30310.00000 0.69628
30320.00000 0.69697
30330.00000 0.69724
30340.00000 0.69798
30350.00000 0.69837
30360.00000 0.69858
30370.00000 0.69934
30380.00000 0.69934
30390.00000 0.69947
30400.00000 0.69935
30410.00000 0.69909
30420.00000 0.69897
30430.00000 0.69852
30440.00000 0.69806
30450.00000 0.69735
30460.00000 0.69618
30470.00000 0.6949
30480.00000 0.6937
30490.00000 0.69234
30500.00000 0.69075
30510.00000 0.68887
30520.00000 0.68644
30530.00000 0.68437
30540.00000 0.68173
30550.00000 0.67913
30560.00000 0.67694
30570.00000 0.67395
30580.00000 0.67095
30590.00000 0.6681
30600.00000 0.665
30610.00000 0.66166
30620.00000 0.65857
30630.00000 0.65555
30640.00000 0.65206
30650.00000 0.64882
30660.00000 0.64576
30670.00000 0.64263
30680.00000 0.63976
30690.00000 0.63688
30700.00000 0.6341
30710.00000 0.63146
30720.00000 0.62903
30730.00000 0.62676
30740.00000 0.62502
30750.00000 0.62285
30760.00000 0.62116
30770.00000 0.61987
30780.00000 0.61843
30790.00000 0.61774
30800.00000 0.61718
30810.00000 0.61733
30820.00000 0.61678
30830.00000 0.61713
30840.00000 0.618
30850.00000 0.61896
30860.00000 0.61991
30870.00000 0.62194
30880.00000 0.62349
30890.00000 0.62558
30900.00000 0.62807
30910.00000 0.63052
30920.00000 0.63356
30930.00000 0.63664
30940.00000 0.63955
30950.00000 0.64292
30960.00000 0.64619
30970.00000 0.64959
30980.00000 0.65223
30990.00000 0.65571
31000.00000 0.65836
31010.00000 0.66131
31020.00000 0.66391
31030.00000 0.66586
31040.00000 0.66781
31050.00000 0.66877
31060.00000 0.66957
31070.00000 0.6694
31080.00000 0.66921
31090.00000 0.66712
31100.00000 0.66501
31110.00000 0.66254
31120.00000 0.65792
31130.00000 0.65303
31140.00000 0.64699
31150.00000 0.64035
31160.00000 0.6326
31170.00000 0.62385
31180.00000 0.61402
31190.00000 0.60345
31200.00000 0.59158
31210.00000 0.57894
31220.00000 0.56642
31230.00000 0.55213
31240.00000 0.53799
31250.00000 0.52173
31260.00000 0.50603
31270.00000 0.48985
31280.00000 0.47219
31290.00000 0.45556
31300.00000 0.43738
31310.00000 0.42079
31320.00000 0.4031
31330.00000 0.38548
31340.00000 0.36799
31350.00000 0.34997
31360.00000 0.3333
31370.00000 0.31587
31380.00000 0.30004
31390.00000 0.28285
31400.00000 0.26839
31410.00000 0.25355
31420.00000 0.23818
31430.00000 0.22457
31440.00000 0.21039
31450.00000 0.19822
31460.00000 0.18628
31470.00000 0.17429
31480.00000 0.16279
31490.00000 0.15273
31500.00000 0.14344
31510.00000 0.13338
31520.00000 0.12517
31530.00000 0.11716
31540.00000 0.11009
31550.00000 0.10337
31560.00000 0.095625
31570.00000 0.089394
31580.00000 0.084307
31590.00000 0.079421
31600.00000 0.073981
31610.00000 0.069551
31620.00000 0.065402
31630.00000 0.061036
31640.00000 0.056945
31650.00000 0.053746
31660.00000 0.050883
31670.00000 0.047757
31680.00000 0.044205
31690.00000 0.042158
31700.00000 0.039977
31710.00000 0.03797
31720.00000 0.03596
31730.00000 0.033186
31740.00000 0.032211
31750.00000 0.030979
31760.00000 0.028661
31770.00000 0.028018
31780.00000 0.025195
31790.00000 0.023836
31800.00000 0.023092
31810.00000 0.02294
31820.00000 0.020068
31830.00000 0.020024
31840.00000 0.018779
31850.00000 0.019555
31860.00000 0.018014
31870.00000 0.017096
31880.00000 0.015801
31890.00000 0.015601
31900.00000 0.014794
31910.00000 0.014255
31920.00000 0.013963
31930.00000 0.013123
31940.00000 0.012694
31950.00000 0.01262
31960.00000 0.012078
31970.00000 0.012214
31980.00000 0.010979
31990.00000 0.010688
32000.00000 0.009805
32010.00000 0.009433
32020.00000 0.009932
32030.00000 0.009928
32040.00000 0.009571
32050.00000 0.009008
32060.00000 0.008228
32070.00000 0.008674
32080.00000 0.007834
32090.00000 0.007334
32100.00000 0.007335
32110.00000 0.006702
32120.00000 0.007484
32130.00000 0.007408
32140.00000 0.006001
32150.00000 0.00739
32160.00000 0.00687
32170.00000 0.006312
32180.00000 0.006226
32190.00000 0.005454
32200.00000 0.006937
32210.00000 0.005005
32220.00000 0.00507
32230.00000 0.004856
32240.00000 0.005857
32250.00000 0.004892
32260.00000 0.005569
32270.00000 0.004266
32280.00000 0.005296
32290.00000 0.004319
32300.00000 0.007312
35530.00000 0.0
