threeML/data/optical_filters/Gemini/NIRI-CH4long_G0229.ecsv
# %ECSV 0.9
# ---
# datatype:
# - {name: wavelength, unit: Angstrom, datatype: float32}
# - {name: response, datatype: float32}
# meta: !!omap
# - {band_name: CH4long_G0229}
# - {group_name: NIRI}
wavelength response
13952.16699 0.0
15502.40820 0.018048
15507.60938 0.017357
15512.80957 0.017806
15518.01074 0.018515
15523.21094 0.018552
15528.41211 0.018199
15533.61328 0.01806
15538.81348 0.01904
15544.01465 0.019433
15549.21484 0.018526
15554.41602 0.018594
15559.61719 0.018639
15564.81738 0.018419
15570.01855 0.01826
15575.21875 0.018395
15580.41992 0.019109
15585.62012 0.019471
15590.82129 0.01908
15596.02246 0.019517
15601.22266 0.019358
15606.42383 0.019162
15611.62402 0.018948
15616.82520 0.019207
15622.02637 0.019884
15627.22656 0.019606
15632.42773 0.020009
15637.62793 0.020191
15642.82910 0.020209
15648.03027 0.020859
15653.23047 0.021267
15658.43164 0.020794
15663.63184 0.020897
15668.83301 0.021006
15674.03320 0.020821
15679.23438 0.021365
15684.43555 0.021974
15689.63574 0.02226
15694.83691 0.021831
15700.03711 0.021353
15705.23828 0.02147
15710.43945 0.021146
15715.63965 0.021583
15720.84082 0.021688
15726.04102 0.021935
15731.24219 0.022233
15736.44238 0.022435
15741.64355 0.022129
15746.84473 0.022524
15752.04492 0.022646
15757.24609 0.023022
15762.44629 0.02313
15767.64746 0.023832
15772.84863 0.023729
15778.04883 0.024
15783.25000 0.024187
15788.45020 0.024511
15793.65137 0.025208
15798.85254 0.025649
15804.05273 0.026262
15809.25391 0.026327
15814.45410 0.026472
15819.65527 0.026231
15824.85547 0.026365
15830.05664 0.027296
15835.25781 0.027948
15840.45801 0.028502
15845.65918 0.028636
15850.85938 0.028202
15856.06055 0.028811
15861.26172 0.029227
15866.46191 0.029151
15871.66309 0.029705
15876.86328 0.030274
15882.06445 0.030603
15887.26465 0.030722
15892.46582 0.031584
15897.66699 0.032149
15902.86719 0.032807
15908.06836 0.033539
15913.26855 0.034007
15918.46973 0.033776
15923.67090 0.034891
15928.87109 0.035734
15934.07227 0.035799
15939.27246 0.036231
15944.47363 0.037199
15949.67480 0.037656
15954.87500 0.039229
15960.07617 0.040898
15965.27637 0.040993
15970.47754 0.042107
15975.67773 0.043255
15980.87891 0.044187
15986.08008 0.04552
15991.28027 0.045724
15996.48145 0.046507
16001.68164 0.04733
16006.88281 0.048086
16012.08398 0.049727
16017.28418 0.050782
16022.48535 0.05185
16027.68555 0.053741
16032.88672 0.055494
16038.08691 0.056603
16043.28809 0.058606
16048.48926 0.05983
16053.68945 0.061507
16058.89062 0.063886
16064.09082 0.065868
16069.29199 0.067823
16074.49316 0.070108
16079.69336 0.072041
16084.89453 0.074692
16090.09473 0.078017
16095.29590 0.080556
16100.49707 0.083297
16105.69727 0.085543
16110.89844 0.087825
16116.09863 0.091919
16121.29980 0.095485
16126.50000 0.098741
16131.70117 0.102912
16136.90234 0.10628
16142.10254 0.109579
16147.30371 0.114283
16152.50391 0.120099
16157.70508 0.124784
16162.90625 0.131227
16168.10645 0.136556
16173.30762 0.141897
16178.50781 0.147923
16183.70898 0.155735
16188.91016 0.162257
16194.11035 0.168534
16199.31152 0.176073
16204.51172 0.185596
16209.71289 0.192793
16214.91309 0.200738
16220.11426 0.210612
16225.31543 0.221388
16230.51562 0.232044
16235.71680 0.241776
16240.91699 0.254622
16246.11816 0.267331
16251.31934 0.278429
16256.51953 0.294009
16261.72070 0.307628
16266.92090 0.321575
16272.12207 0.336295
16277.32227 0.353398
16282.52344 0.370476
16287.72461 0.387403
16292.92480 0.403146
16298.12598 0.422776
16303.32617 0.44247
16308.52734 0.462792
16313.72852 0.478484
16318.92871 0.500213
16324.12988 0.521511
16329.33008 0.540277
16334.53125 0.56012
16339.73242 0.58154
16344.93262 0.600831
16350.13379 0.621565
16355.33398 0.64217
16360.53516 0.663261
16365.73535 0.684089
16370.93652 0.701618
16376.13770 0.721802
16381.33789 0.739744
16386.53906 0.754186
16391.74023 0.776939
16396.93945 0.790892
16402.14062 0.803928
16407.34180 0.814318
16412.54297 0.826043
16417.74414 0.838058
16422.94336 0.845388
16428.14453 0.85617
16433.34570 0.864028
16438.54688 0.872488
16443.74805 0.876398
16448.94727 0.880478
16454.14844 0.886181
16459.34961 0.888305
16464.55078 0.891726
16469.75195 0.899326
16474.95117 0.909717
16480.15234 0.899046
16485.35352 0.894034
16490.55469 0.894644
16495.75586 0.89414
16500.95508 0.894015
16506.15625 0.891031
16511.35742 0.887678
16516.55859 0.88744
16521.75977 0.887838
16526.95898 0.885
16532.16016 0.879179
16537.36133 0.881418
16542.56250 0.88129
16547.76172 0.877066
16552.96289 0.874739
16558.16406 0.876621
16563.36523 0.871831
16568.56641 0.870307
16573.76562 0.869453
16578.96680 0.868056
16584.16797 0.866453
16589.36914 0.866168
16594.57031 0.864161
16599.76953 0.864788
16604.97070 0.862642
16610.17188 0.864926
16615.37305 0.864605
16620.57422 0.864914
16625.77344 0.864877
16630.97461 0.863708
16636.17578 0.866318
16641.37695 0.866344
16646.57812 0.866857
16651.77734 0.86503
16656.97852 0.869266
16662.17969 0.8725
16667.38086 0.867482
16672.58203 0.868289
16677.78125 0.873195
16682.98242 0.873519
16688.18359 0.878426
16693.38477 0.877866
16698.58398 0.879355
16703.78516 0.878271
16714.18750 0.897725
16719.38867 0.881108
16724.58789 0.88861
16729.78906 0.890621
16734.99023 0.891285
16740.19141 0.892299
16745.39258 0.893963
16750.59180 0.895979
16755.79297 0.899699
16760.99414 0.900431
16766.19531 0.900757
16771.39648 0.899752
16776.59570 0.903551
16781.79688 0.905863
16786.99805 0.903817
16792.19922 0.904891
16797.40039 0.907525
16802.59961 0.908408
16807.80078 0.904992
16813.00195 0.908802
16818.20312 0.910645
16823.40430 0.906482
16828.60352 0.905477
16833.80469 0.905137
16839.00586 0.905886
16844.20703 0.909385
16849.40625 0.906476
16854.60742 0.903396
16859.80859 0.899103
16865.00977 0.901034
16870.21094 0.898873
16875.41016 0.8962
16880.61133 0.895443
16885.81250 0.893578
16891.01367 0.892082
16896.21484 0.889206
16901.41406 0.885345
16906.61523 0.882289
16911.81641 0.880286
16917.01758 0.878549
16922.21875 0.8734
16927.41797 0.86905
16932.61914 0.86705
16937.82031 0.863982
16943.02148 0.85968
16948.22266 0.856035
16953.42188 0.853596
16958.62305 0.849659
16963.82422 0.845468
16969.02539 0.840667
16974.22656 0.835966
16979.42578 0.833096
16984.62695 0.827416
16989.82812 0.821796
16995.02930 0.821692
17000.22852 0.818985
17005.42969 0.811335
17010.63086 0.80713
17015.83203 0.806703
17021.03320 0.803526
17026.23242 0.797811
17031.43359 0.795272
17036.63477 0.791943
17041.83594 0.788493
17047.03711 0.784769
17052.23633 0.780052
17057.43750 0.777617
17062.63867 0.77429
17067.83984 0.771898
17073.04102 0.769965
17078.24023 0.767228
17083.44141 0.76391
17088.64258 0.761016
17093.84375 0.758966
17099.04492 0.756888
17104.24414 0.755576
17109.44531 0.752863
17114.64648 0.750035
17119.84766 0.747755
17125.04883 0.74687
17130.24805 0.746298
17135.44922 0.744847
17140.65039 0.744155
17145.85156 0.743687
17151.05078 0.742706
17156.25195 0.740323
17161.45312 0.740835
17166.65430 0.742915
17171.85547 0.74276
17177.05469 0.74212
17182.25586 0.740075
17187.45703 0.738839
17192.65820 0.74148
17197.85938 0.740797
17203.05859 0.74037
17208.25977 0.743165
17213.46094 0.743846
17218.66211 0.741381
17223.86328 0.741935
17229.06250 0.744031
17234.26367 0.742958
17239.46484 0.744088
17244.66602 0.745201
17249.86719 0.747121
17255.06641 0.747888
17260.26758 0.750346
17265.46875 0.749799
17270.66992 0.748815
17275.87109 0.748509
17281.07031 0.749921
17286.27148 0.749997
17291.47266 0.749943
17296.67383 0.746959
17301.87305 0.749378
17307.07422 0.745621
17312.27539 0.745169
17317.47656 0.743809
17322.67773 0.741051
17327.87695 0.738356
17333.07812 0.736911
17338.27930 0.733067
17343.48047 0.729352
17348.68164 0.723076
17353.88086 0.719338
17359.08203 0.71596
17364.28320 0.708498
17369.48438 0.703058
17374.68555 0.695341
17379.88477 0.685351
17385.08594 0.677414
17390.28711 0.668086
17395.48828 0.659519
17400.68945 0.6501
17405.88867 0.63876
17411.08984 0.627581
17416.29102 0.615456
17421.49219 0.6011
17426.69336 0.588505
17431.89258 0.578715
17437.09375 0.566689
17442.29492 0.55203
17447.49609 0.538978
17452.69531 0.524253
17457.89648 0.5103
17463.09766 0.496102
17468.29883 0.482265
17473.50000 0.468433
17478.69922 0.454778
17483.90039 0.441014
17489.10156 0.426277
17494.30273 0.412681
17499.50391 0.400099
17504.70312 0.385503
17509.90430 0.372965
17515.10547 0.36021
17520.30664 0.348848
17525.50781 0.336186
17530.70703 0.324866
17535.90820 0.313256
17541.10938 0.301741
17546.31055 0.2905
17551.51172 0.280124
17556.71094 0.269403
17561.91211 0.25968
17567.11328 0.249918
17572.31445 0.241265
17577.51562 0.231801
17582.71484 0.223017
17587.91602 0.215266
17593.11719 0.207357
17598.31836 0.199631
17603.51758 0.192191
17608.71875 0.185059
17613.91992 0.1779
17619.12109 0.171471
17624.32227 0.16588
17629.52148 0.159237
17634.72266 0.152712
17639.92383 0.147223
17645.12500 0.142549
17650.32617 0.137685
17655.52539 0.132054
17660.72656 0.128137
17665.92773 0.123865
17671.12891 0.119816
17676.33008 0.115578
17681.52930 0.111399
17686.73047 0.107447
17691.93164 0.104122
17697.13281 0.100744
17702.33398 0.097342
17707.53320 0.094097
17712.73438 0.091203
17717.93555 0.087777
17723.13672 0.085819
17728.33789 0.082067
17733.53711 0.080023
17738.73828 0.077661
17743.93945 0.074844
17749.14062 0.072403
17754.33984 0.070894
17759.54102 0.068882
17764.74219 0.066976
17769.94336 0.065457
17775.14453 0.063325
17780.34375 0.061134
17785.54492 0.059818
17790.74609 0.057981
17795.94727 0.056522
17801.14844 0.054731
17806.34766 0.052791
17811.54883 0.05186
17816.75000 0.050859
17821.95117 0.049619
17827.15234 0.048316
17832.35156 0.047139
17837.55273 0.046295
17842.75391 0.044848
17847.95508 0.043899
17853.15625 0.04353
17858.35547 0.043101
17863.55664 0.04194
17868.75781 0.041049
17873.95898 0.039983
17879.16016 0.039014
17884.35938 0.038407
17889.56055 0.038137
17894.76172 0.037302
17899.96289 0.037067
17905.16211 0.036868
17910.36328 0.036483
17915.56445 0.035809
17920.76562 0.035903
17925.96680 0.03632
17931.16602 0.03619
17936.36719 0.036203
17941.56836 0.03671
17946.76953 0.036394
17951.97070 0.036871
17957.16992 0.036955
17962.37109 0.036485
17967.57227 0.037546
17972.77344 0.038585
17977.97461 0.03889
17983.17383 0.039712
17988.37500 0.040739
17993.57617 0.041195
17998.77734 0.04235
18003.97852 0.044125
18009.17773 0.045639
18014.37891 0.047342
18019.58008 0.050004
18024.78125 0.051762
18029.98242 0.053203
18035.18164 0.055176
18040.38281 0.056276
18045.58398 0.058323
18050.78516 0.060311
18055.98438 0.063366
18061.18555 0.064713
18066.38672 0.067172
18071.58789 0.070586
18076.78906 0.073728
18081.98828 0.073485
18087.18945 0.079113
18092.39062 0.086561
18097.59180 0.087403
18102.79297 0.089024
18107.99219 0.092251
18113.19336 0.098647
18118.39453 0.102197
18123.59570 0.109156
18128.79688 0.110364
18133.99609 0.11771
18139.19727 0.123218
18144.39844 0.127966
18149.59961 0.130998
18154.80078 0.137697
18160.00000 0.139136
18165.20117 0.144683
18170.40234 0.150786
18175.60352 0.151815
18180.80469 0.161711
18186.00391 0.168135
18191.20508 0.171151
18196.40625 0.174193
18201.60742 0.181284
18206.80859 0.175749
18212.00781 0.182133
18217.20898 0.186702
18222.41016 0.189205
18227.61133 0.188367
18232.81055 0.188331
18238.01172 0.197087
20061.81250 0.0
