threeML/data/optical_filters/Gemini/NIRI-CH4long_G0229w.ecsv
# %ECSV 0.9
# ---
# datatype:
# - {name: wavelength, unit: Angstrom, datatype: float32}
# - {name: response, datatype: float32}
# meta: !!omap
# - {band_name: CH4long_G0229w}
# - {group_name: NIRI}
wavelength response
14220.00000 0.0
15800.00000 0.004191
15810.00000 0.004424
15820.00000 0.004638
15830.00000 0.004979
15840.00000 0.005201
15850.00000 0.005502
15860.00000 0.005792
15870.00000 0.006132
15880.00000 0.006558
15890.00000 0.006959
15900.00000 0.007415
15910.00000 0.007813
15920.00000 0.00832
15930.00000 0.008887
15940.00000 0.009461
15950.00000 0.010028
15960.00000 0.010753
15970.00000 0.011554
15980.00000 0.012296
15990.00000 0.013172
16000.00000 0.014205
16010.00000 0.015168
16020.00000 0.016259
16030.00000 0.017487
16040.00000 0.018878
16050.00000 0.020329
16060.00000 0.021946
16070.00000 0.023786
16080.00000 0.025678
16090.00000 0.027804
16100.00000 0.030219
16110.00000 0.032793
16120.00000 0.035593
16130.00000 0.038902
16140.00000 0.042438
16150.00000 0.046306
16160.00000 0.05065
16170.00000 0.055475
16180.00000 0.060789
16190.00000 0.066897
16200.00000 0.073654
16210.00000 0.081073
16220.00000 0.089512
16230.00000 0.098659
16240.00000 0.10922
16250.00000 0.12096
16260.00000 0.13416
16270.00000 0.14856
16280.00000 0.16483
16290.00000 0.18313
16300.00000 0.20292
16310.00000 0.22526
16320.00000 0.25041
16330.00000 0.2774
16340.00000 0.30658
16350.00000 0.33898
16360.00000 0.37287
16370.00000 0.40912
16380.00000 0.44862
16390.00000 0.48862
16400.00000 0.52918
16410.00000 0.57163
16420.00000 0.61268
16430.00000 0.65251
16440.00000 0.6915
16450.00000 0.72786
16460.00000 0.76027
16470.00000 0.78901
16480.00000 0.81472
16490.00000 0.83505
16500.00000 0.85166
16510.00000 0.86535
16520.00000 0.87443
16530.00000 0.88038
16540.00000 0.88375
16550.00000 0.88505
16560.00000 0.88382
16570.00000 0.88155
16580.00000 0.87908
16590.00000 0.87532
16600.00000 0.87084
16610.00000 0.86739
16620.00000 0.86337
16630.00000 0.85925
16640.00000 0.85625
16650.00000 0.85388
16660.00000 0.85143
16670.00000 0.84967
16680.00000 0.849
16690.00000 0.84816
16700.00000 0.84811
16710.00000 0.84882
16720.00000 0.85036
16730.00000 0.85149
16740.00000 0.8533
16750.00000 0.85587
16760.00000 0.85841
16770.00000 0.86074
16780.00000 0.86389
16790.00000 0.86687
16800.00000 0.86954
16810.00000 0.8726
16820.00000 0.87546
16830.00000 0.8778
16840.00000 0.87971
16850.00000 0.88158
16860.00000 0.88292
16870.00000 0.88364
16880.00000 0.88367
16890.00000 0.88352
16900.00000 0.88244
16910.00000 0.88063
16920.00000 0.87844
16930.00000 0.87568
16940.00000 0.87204
16950.00000 0.86832
16960.00000 0.86358
16970.00000 0.85827
16980.00000 0.85252
16990.00000 0.84675
17000.00000 0.84033
17010.00000 0.83385
17020.00000 0.82715
17030.00000 0.82008
17040.00000 0.8129
17050.00000 0.80616
17060.00000 0.79939
17070.00000 0.79232
17080.00000 0.78603
17090.00000 0.77988
17100.00000 0.77352
17110.00000 0.76768
17120.00000 0.7629
17130.00000 0.7581
17140.00000 0.75381
17150.00000 0.75027
17160.00000 0.74713
17170.00000 0.74429
17180.00000 0.74244
17190.00000 0.74117
17200.00000 0.74038
17210.00000 0.74016
17220.00000 0.74052
17230.00000 0.74086
17240.00000 0.74216
17250.00000 0.74398
17260.00000 0.74601
17270.00000 0.74846
17280.00000 0.75096
17290.00000 0.75338
17300.00000 0.75536
17310.00000 0.75753
17320.00000 0.75928
17330.00000 0.76023
17340.00000 0.75995
17350.00000 0.75902
17360.00000 0.75612
17370.00000 0.75149
17380.00000 0.74541
17390.00000 0.7375
17400.00000 0.72666
17410.00000 0.71358
17420.00000 0.69893
17430.00000 0.68107
17440.00000 0.66109
17450.00000 0.63871
17460.00000 0.61459
17470.00000 0.58847
17480.00000 0.56186
17490.00000 0.53397
17500.00000 0.50463
17510.00000 0.47622
17520.00000 0.44664
17530.00000 0.41803
17540.00000 0.39048
17550.00000 0.36306
17560.00000 0.33767
17570.00000 0.31294
17580.00000 0.28954
17590.00000 0.26733
17600.00000 0.24709
17610.00000 0.22789
17620.00000 0.21033
17630.00000 0.19409
17640.00000 0.17903
17650.00000 0.165
17660.00000 0.15211
17670.00000 0.14054
17680.00000 0.12985
17690.00000 0.11988
17700.00000 0.11093
17710.00000 0.10245
17720.00000 0.094899
17730.00000 0.088092
17740.00000 0.081703
17750.00000 0.075952
17760.00000 0.070625
17770.00000 0.065633
17780.00000 0.061236
17790.00000 0.057056
17800.00000 0.053269
17810.00000 0.049771
17820.00000 0.046507
17830.00000 0.043559
17840.00000 0.040742
17850.00000 0.038263
17860.00000 0.035869
17870.00000 0.033638
17880.00000 0.031718
17890.00000 0.029926
17900.00000 0.028134
17910.00000 0.026483
17920.00000 0.024956
17930.00000 0.02363
17940.00000 0.022286
17950.00000 0.021173
17960.00000 0.01997
17970.00000 0.018939
17980.00000 0.017906
17990.00000 0.01701
18000.00000 0.016258
18010.00000 0.015384
18020.00000 0.01464
18030.00000 0.013876
18040.00000 0.013269
18050.00000 0.012682
18060.00000 0.012014
18070.00000 0.011469
18080.00000 0.011004
18090.00000 0.010424
18100.00000 0.010036
18110.00000 0.009572
18120.00000 0.009147
18130.00000 0.008842
18140.00000 0.00845
18150.00000 0.008068
18160.00000 0.00776
18170.00000 0.007474
18180.00000 0.00715
18190.00000 0.006909
18200.00000 0.006586
18210.00000 0.006397
18220.00000 0.00604
18230.00000 0.005905
18240.00000 0.005685
18250.00000 0.005455
18260.00000 0.005278
18270.00000 0.005059
18280.00000 0.004932
18290.00000 0.004779
18300.00000 0.004639
18310.00000 0.004455
18320.00000 0.004293
18330.00000 0.004116
18340.00000 0.004075
20174.00000 0.0
