threeML/data/optical_filters/Gemini/NIRI-BrAlpha_G0238w.ecsv
# %ECSV 0.9
# ---
# datatype:
# - {name: wavelength, unit: Angstrom, datatype: float32}
# - {name: response, datatype: float32}
# meta: !!omap
# - {band_name: BrAlpha_G0238w}
# - {group_name: NIRI}
wavelength response
35937.00000 0.0
39930.00000 0.0041
39940.00000 0.0044
39950.00000 0.0046
39960.00000 0.0049
39970.00000 0.0052
39980.00000 0.0055
39990.00000 0.0059
40000.00000 0.0063
40010.00000 0.0067
40020.00000 0.0071
40030.00000 0.0076
40040.00000 0.0082
40050.00000 0.0087
40060.00000 0.0094
40070.00000 0.0101
40080.00000 0.0109
40090.00000 0.0119
40100.00000 0.0129
40110.00000 0.0141
40120.00000 0.0154
40130.00000 0.0169
40140.00000 0.0184
40150.00000 0.0201
40160.00000 0.022
40170.00000 0.0242
40180.00000 0.0268
40190.00000 0.0297
40200.00000 0.0331
40210.00000 0.0368
40220.00000 0.0411
40230.00000 0.046
40240.00000 0.0519
40250.00000 0.0588
40260.00000 0.0667
40270.00000 0.0753
40280.00000 0.0842
40290.00000 0.0932
40300.00000 0.1032
40310.00000 0.1157
40320.00000 0.1321
40330.00000 0.1513
40340.00000 0.1708
40350.00000 0.1896
40360.00000 0.2094
40370.00000 0.2317
40380.00000 0.2581
40390.00000 0.2904
40400.00000 0.3284
40410.00000 0.3672
40420.00000 0.4027
40430.00000 0.4383
40440.00000 0.4788
40450.00000 0.5229
40460.00000 0.5632
40470.00000 0.5959
40480.00000 0.6245
40490.00000 0.6535
40500.00000 0.6846
40510.00000 0.7112
40520.00000 0.7314
40530.00000 0.7431
40540.00000 0.7549
40550.00000 0.7642
40560.00000 0.7683
40570.00000 0.7708
40580.00000 0.7713
40590.00000 0.7703
40600.00000 0.7683
40610.00000 0.7655
40620.00000 0.7618
40630.00000 0.7581
40640.00000 0.7546
40650.00000 0.7515
40660.00000 0.7486
40670.00000 0.7459
40680.00000 0.7435
40690.00000 0.7415
40700.00000 0.7399
40710.00000 0.7391
40720.00000 0.7389
40730.00000 0.7389
40740.00000 0.739
40750.00000 0.7392
40760.00000 0.7397
40770.00000 0.7407
40780.00000 0.7421
40790.00000 0.744
40800.00000 0.7462
40810.00000 0.7485
40820.00000 0.7509
40830.00000 0.7533
40840.00000 0.7555
40850.00000 0.7576
40860.00000 0.7593
40870.00000 0.7609
40880.00000 0.7627
40890.00000 0.7644
40900.00000 0.7653
40910.00000 0.7648
40920.00000 0.7632
40930.00000 0.7613
40940.00000 0.758
40950.00000 0.7526
40960.00000 0.7464
40970.00000 0.7396
40980.00000 0.7268
40990.00000 0.7118
41000.00000 0.6977
41010.00000 0.6752
41020.00000 0.6501
41030.00000 0.6233
41040.00000 0.5932
41050.00000 0.5611
41060.00000 0.529
41070.00000 0.4974
41080.00000 0.465
41090.00000 0.4309
41100.00000 0.3956
41110.00000 0.3607
41120.00000 0.3277
41130.00000 0.297
41140.00000 0.2684
41150.00000 0.2416
41160.00000 0.2166
41170.00000 0.1935
41180.00000 0.1726
41190.00000 0.154
41200.00000 0.1378
41210.00000 0.1232
41220.00000 0.1093
41230.00000 0.0962
41240.00000 0.0855
41250.00000 0.0769
41260.00000 0.0693
41270.00000 0.0623
41280.00000 0.0558
41290.00000 0.0498
41300.00000 0.0444
41310.00000 0.0396
41320.00000 0.0355
41330.00000 0.0321
41340.00000 0.0293
41350.00000 0.0269
41360.00000 0.0246
41370.00000 0.0223
41380.00000 0.0201
41390.00000 0.018
41400.00000 0.0163
41410.00000 0.0149
41420.00000 0.0137
41430.00000 0.0127
41440.00000 0.0118
41450.00000 0.011
41460.00000 0.0103
41470.00000 0.0096
41480.00000 0.009
41490.00000 0.0083
41500.00000 0.0077
41510.00000 0.0071
41520.00000 0.0064
41530.00000 0.0059
41540.00000 0.0053
41550.00000 0.0049
41560.00000 0.0045
41570.00000 0.0041
45727.00000 0.0
