threeML/data/optical_filters/Gemini/NIRI-H2S1v1_0_G0216.ecsv
# %ECSV 0.9
# ---
# datatype:
# - {name: wavelength, unit: Angstrom, datatype: float32}
# - {name: response, datatype: float32}
# meta: !!omap
# - {band_name: H2S1v1_0_G0216}
# - {group_name: NIRI}
wavelength response
18640.60938 0.0
20711.78711 0.004117
20718.83789 0.004186
20725.88672 0.004151
20732.93750 0.00423
20739.98828 0.004343
20747.03711 0.004443
20754.08789 0.004494
20761.13867 0.0046
20768.18750 0.004649
20775.23828 0.00484
20782.28906 0.004874
20789.33984 0.00513
20796.38867 0.005023
20803.43945 0.005322
20810.49023 0.00546
20817.53906 0.005611
20824.58984 0.005719
20831.64062 0.005847
20838.68945 0.006038
20845.74023 0.005995
20852.79102 0.006022
20859.84180 0.006321
20866.89062 0.006684
20873.94141 0.007019
20880.99219 0.007258
20888.04102 0.007757
20895.09180 0.008189
20902.14258 0.009073
20909.19141 0.009747
20916.24219 0.010454
20923.29297 0.011214
20930.34180 0.012388
20937.39258 0.013362
20944.44336 0.014768
20951.49414 0.016285
20958.54297 0.017612
20965.59375 0.019737
20972.64453 0.022436
20979.69336 0.025676
20986.74414 0.029619
20993.79492 0.034216
21000.84375 0.040326
21007.89453 0.047334
21014.94531 0.056962
21021.99609 0.067913
21029.04492 0.08172
21036.09570 0.098679
21043.14648 0.119514
21050.19531 0.144235
21057.24609 0.174336
21064.29688 0.209274
21071.34570 0.250223
21078.39648 0.295249
21085.44727 0.343208
21092.49805 0.39296
21099.54688 0.443638
21106.59766 0.491317
21113.64844 0.535998
21120.69727 0.576469
21127.74805 0.61452
21134.79883 0.645986
21141.84766 0.673569
21148.89844 0.696423
21155.94922 0.716921
21162.99805 0.732347
21170.04883 0.744926
21177.09961 0.754196
21184.15039 0.762483
21191.19922 0.766959
21198.25000 0.769014
21205.30078 0.769886
21212.34961 0.769964
21219.40039 0.768057
21226.45117 0.766617
21233.50000 0.763506
21240.55078 0.759703
21247.60156 0.755478
21254.65234 0.751677
21261.70117 0.747381
21268.75195 0.743729
21275.80273 0.740141
21282.85156 0.737674
21289.90234 0.735514
21296.95312 0.734503
21304.00195 0.733996
21311.05273 0.735317
21318.10352 0.735059
21325.15430 0.735562
21332.20312 0.733523
21339.25391 0.729069
21346.30469 0.718471
21353.35352 0.703346
21360.40430 0.680091
21367.45508 0.650227
21374.50391 0.612888
21381.55469 0.571176
21388.60547 0.525998
21395.65430 0.480266
21402.70508 0.432646
21409.75586 0.386905
21416.80664 0.340911
21423.85547 0.298672
21430.90625 0.257752
21437.95703 0.220484
21445.00586 0.185908
21452.05664 0.15658
21459.10742 0.130151
21466.15625 0.107127
21473.20703 0.088625
21480.25781 0.074019
21487.30859 0.061779
21494.35742 0.051931
21501.40820 0.043699
21508.45898 0.037238
21515.50781 0.031968
21522.55859 0.027747
21529.60938 0.02478
21536.65820 0.016859
21564.85938 0.013513
21571.91016 0.012542
21578.96094 0.011582
21586.00977 0.010506
21593.06055 0.009805
21600.11133 0.009052
21607.16016 0.008544
21614.21094 0.007926
21621.26172 0.007473
21628.31055 0.006951
21635.36133 0.006432
21642.41211 0.006041
21649.46289 0.005804
21656.51172 0.00553
21663.56250 0.005411
21670.61328 0.005103
21677.66211 0.004963
21684.71289 0.00469
21691.76367 0.004944
21698.81250 0.00484
21705.86328 0.004804
21712.91406 0.004481
21719.96484 0.00446
21727.01367 0.004338
21734.06445 0.004206
21741.11523 0.004193
23915.22656 0.0
