threeML/data/optical_filters/Gemini/NIRI-H2S1v2_1_G0220.ecsv
# %ECSV 0.9
# ---
# datatype:
# - {name: wavelength, unit: Angstrom, datatype: float32}
# - {name: response, datatype: float32}
# meta: !!omap
# - {band_name: H2S1v2_1_G0220}
# - {group_name: NIRI}
wavelength response
19719.28711 0.0
21910.31836 0.004047
21917.36914 0.004274
21924.41992 0.004269
21931.46875 0.004526
21938.51953 0.00462
21945.57031 0.004809
21952.62109 0.004902
21959.66992 0.005147
21966.72070 0.005318
21973.77148 0.00554
21980.82031 0.005704
21987.87109 0.006022
21994.92188 0.006242
22001.97070 0.006627
22009.02148 0.006988
22016.07227 0.007401
22023.12109 0.007738
22030.17188 0.008276
22037.22266 0.008745
22044.27344 0.009501
22051.32227 0.010189
22058.37305 0.011007
22065.42383 0.011819
22072.47266 0.013012
22079.52344 0.014184
22086.57422 0.015646
22093.62305 0.01758
22100.67383 0.018724
22107.72461 0.021009
22114.77539 0.023854
22121.82422 0.026548
22128.87500 0.030087
22135.92578 0.033945
22142.97461 0.038717
22150.02539 0.043927
22157.07617 0.050365
22164.12500 0.057404
22171.17578 0.066096
22178.22656 0.07597
22185.27734 0.087281
22192.32617 0.099918
22199.37695 0.11427
22206.42773 0.130293
22213.47656 0.148736
22220.52734 0.168749
22227.57812 0.190764
22234.62695 0.21325
22241.67773 0.238193
22248.72852 0.263128
22255.77734 0.289592
22262.82812 0.315873
22269.87891 0.342883
22276.92969 0.368896
22283.97852 0.395042
22291.02930 0.420563
22298.08008 0.445728
22305.12891 0.469647
22312.17969 0.494329
22319.23047 0.518146
22326.27930 0.541736
22333.33008 0.564785
22340.38086 0.587673
22347.43164 0.609306
22354.48047 0.63019
22361.53125 0.648451
22368.58203 0.665383
22375.63086 0.679772
22382.68164 0.690248
22389.73242 0.69943
22396.78125 0.705043
22403.83203 0.706427
22410.88281 0.704716
22417.93359 0.700692
22424.98242 0.693894
22432.03320 0.685643
22439.08398 0.676329
22446.13281 0.665109
22453.18359 0.653834
22460.23438 0.644274
22467.28320 0.63427
22474.33398 0.626301
22481.38477 0.618612
22488.43359 0.613176
22495.48438 0.610597
22502.53516 0.611907
22509.58594 0.61393
22516.63477 0.618955
22523.68555 0.626641
22530.73633 0.638866
22537.78516 0.651324
22544.83594 0.666465
22551.88672 0.679999
22558.93555 0.693995
22565.98633 0.703953
22573.03711 0.708875
22580.08789 0.70352
22587.13672 0.686802
22594.18750 0.655946
22601.23828 0.613197
22608.28711 0.558956
22615.33789 0.499098
22622.38867 0.434049
22629.43750 0.374032
22636.48828 0.315502
22643.53906 0.264912
22650.58984 0.219253
22657.63867 0.182571
22664.68945 0.150668
22671.74023 0.125831
22678.78906 0.104821
22685.83984 0.088591
22692.89062 0.0746
22699.93945 0.063642
22706.99023 0.054264
22714.04102 0.047185
22721.08984 0.040784
22728.14062 0.035861
22735.19141 0.03153
22742.24219 0.028029
22749.29102 0.024845
22756.34180 0.022434
22763.39258 0.020167
22770.44141 0.018436
22777.49219 0.016636
22784.54297 0.015337
22791.59180 0.013993
22798.64258 0.012622
22805.69336 0.013596
22812.74414 0.006332
25094.01953 0.0
