threeML/data/optical_filters/Gemini/NIRI-FeII_G0215.ecsv
# %ECSV 0.9
# ---
# datatype:
# - {name: wavelength, unit: Angstrom, datatype: float32}
# - {name: response, datatype: float32}
# meta: !!omap
# - {band_name: FeII_G0215}
# - {group_name: NIRI}
wavelength response
13853.87305 0.0
15393.19238 0.004006
15398.39258 0.004199
15403.59375 0.003613
15408.79492 0.003921
15413.99512 0.003629
15419.19629 0.002209
15424.39648 0.001597
15429.59766 0.002093
15434.79785 0.002781
15439.99902 0.002445
15445.20020 0.001797
15450.40039 0.002307
15455.60156 0.001919
15460.80176 0.002619
15466.00293 0.004302
15471.20410 0.004111
15476.40430 0.003652
15481.60547 0.00431
15486.80566 0.003676
15492.00684 0.003072
15497.20801 0.003923
15502.40820 0.004017
15507.60938 0.003671
15512.80957 0.00328
15518.01074 0.004308
15523.21094 0.003992
15528.41211 0.002906
15533.61328 0.003311
15538.81348 0.004069
15544.01465 0.003536
15549.21484 0.004468
15554.41602 0.003172
15559.61719 0.003911
15564.81738 0.00406
15570.01855 0.002918
15575.21875 0.003854
15580.41992 0.003671
15585.62012 0.002119
15590.82129 0.003066
15596.02246 0.001745
15601.22266 0.001822
15606.42383 0.001926
15611.62402 0.00261
15616.82520 0.003292
15622.02637 0.002396
15627.22656 0.003164
15632.42773 0.00455
15637.62793 0.003888
15642.82910 0.003667
15648.03027 0.003999
15653.23047 0.003811
15658.43164 0.002728
15663.63184 0.0035
15668.83301 0.003344
15674.03320 0.004142
15679.23438 0.00288
15684.43555 0.003575
15689.63574 0.004948
15694.83691 0.00299
15700.03711 0.003915
15705.23828 0.002987
15710.43945 0.003116
15715.63965 0.004258
15720.84082 0.003306
15726.04102 0.003419
15731.24219 0.002663
15736.44238 0.002973
15741.64355 0.00327
15746.84473 0.003628
15752.04492 0.002914
15757.24609 0.002847
15762.44629 0.003009
15767.64746 0.003289
15772.84863 0.003426
15778.04883 0.004106
15783.25000 0.003311
15788.45020 0.004212
15793.65137 0.004228
15798.85254 0.004023
15804.05273 0.003417
15809.25391 0.003903
15814.45410 0.003796
15819.65527 0.004154
15824.85547 0.004685
15830.05664 0.004024
15835.25781 0.002294
15840.45801 0.003618
15845.65918 0.004055
15850.85938 0.003197
15856.06055 0.0032
15861.26172 0.003948
15866.46191 0.00392
15871.66309 0.003816
15876.86328 0.004853
15882.06445 0.005209
15887.26465 0.005137
15892.46582 0.005475
15897.66699 0.005696
15902.86719 0.005899
15908.06836 0.006298
15913.26855 0.004608
15918.46973 0.00446
15923.67090 0.005269
15928.87109 0.004872
15934.07227 0.00477
15939.27246 0.004659
15944.47363 0.004891
15949.67480 0.005083
15954.87500 0.005453
15960.07617 0.005651
15965.27637 0.005404
15970.47754 0.005795
15975.67773 0.005412
15980.87891 0.005198
15986.08008 0.005338
15991.28027 0.005848
15996.48145 0.005454
16001.68164 0.004964
16006.88281 0.00567
16012.08398 0.006139
16017.28418 0.005665
16022.48535 0.005329
16027.68555 0.005739
16032.88672 0.006049
16038.08691 0.006096
16043.28809 0.006174
16048.48926 0.006057
16053.68945 0.006419
16058.89062 0.006385
16064.09082 0.006512
16069.29199 0.007442
16074.49316 0.006742
16079.69336 0.006184
16084.89453 0.005875
16090.09473 0.006249
16095.29590 0.006939
16100.49707 0.006422
16105.69727 0.00628
16110.89844 0.007194
16116.09863 0.006688
16121.29980 0.006768
16126.50000 0.007743
16131.70117 0.007881
16136.90234 0.008245
16142.10254 0.008221
16147.30371 0.008574
16152.50391 0.008671
16157.70508 0.009295
16162.90625 0.008275
16168.10645 0.008268
16173.30762 0.008329
16178.50781 0.009102
16183.70898 0.010372
16188.91016 0.01127
16194.11035 0.011548
16199.31152 0.012239
16204.51172 0.013638
16209.71289 0.014712
16214.91309 0.014966
16220.11426 0.01666
16225.31543 0.017727
16230.51562 0.01871
16235.71680 0.021404
16240.91699 0.023193
16246.11816 0.02443
16251.31934 0.028209
16256.51953 0.03054
16261.72070 0.035474
16266.92090 0.040427
16272.12207 0.046088
16277.32227 0.053418
16282.52344 0.061719
16287.72461 0.072259
16292.92480 0.085119
16298.12598 0.099967
16303.32617 0.115993
16308.52734 0.136272
16313.72852 0.160365
16318.92871 0.187474
16324.12988 0.220093
16329.33008 0.254843
16334.53125 0.295668
16339.73242 0.336509
16344.93262 0.381538
16350.13379 0.429677
16355.33398 0.473836
16360.53516 0.523497
16365.73535 0.566491
16370.93652 0.609127
16376.13770 0.641028
16381.33789 0.674588
16386.53906 0.699531
16391.74023 0.716779
16396.93945 0.733381
16402.14062 0.744141
16407.34180 0.752334
16412.54297 0.756614
16417.74414 0.759448
16422.94336 0.765763
16428.14453 0.764778
16433.34570 0.765054
16438.54688 0.768401
16443.74805 0.774189
16448.94727 0.776128
16454.14844 0.775115
16459.34961 0.77407
16464.55078 0.775156
16469.75195 0.772192
16474.95117 0.782295
16480.15234 0.76801
16485.35352 0.764095
16490.55469 0.759657
16495.75586 0.757398
16500.95508 0.7486
16506.15625 0.745807
16511.35742 0.743302
16516.55859 0.740083
16521.75977 0.735363
16526.95898 0.738855
16532.16016 0.74468
16537.36133 0.74823
16542.56250 0.749208
16547.76172 0.755684
16552.96289 0.758267
16558.16406 0.764856
16563.36523 0.762882
16568.56641 0.755487
16573.76562 0.751938
16578.96680 0.735478
16584.16797 0.689798
16589.36914 0.677687
16594.57031 0.627115
16599.76953 0.57352
16604.97070 0.520662
16610.17188 0.461352
16615.37305 0.404532
16620.57422 0.353082
16625.77344 0.300643
16630.97461 0.256022
16636.17578 0.213404
16641.37695 0.178786
16646.57812 0.150128
16651.77734 0.124989
16656.97852 0.104415
16662.17969 0.088447
16667.38086 0.07425
16672.58203 0.062564
16677.78125 0.05427
16682.98242 0.046702
16688.18359 0.040712
16693.38477 0.035963
16698.58398 0.032088
16703.78516 0.028563
18374.16406 0.0
