threeML/data/optical_filters/Gemini/NIRI-K_G0204w.ecsv
# %ECSV 0.9
# ---
# datatype:
# - {name: wavelength, unit: Angstrom, datatype: float32}
# - {name: response, datatype: float32}
# meta: !!omap
# - {band_name: K_G0204w}
# - {group_name: NIRI}
wavelength response
17991.00000 0.0
19990.00000 0.004242
20000.00000 0.004609
20010.00000 0.004961
20020.00000 0.005289
20030.00000 0.005682
20040.00000 0.006092
20050.00000 0.006533
20060.00000 0.007161
20070.00000 0.007654
20080.00000 0.008296
20090.00000 0.008949
20100.00000 0.009672
20110.00000 0.010433
20120.00000 0.011358
20130.00000 0.012253
20140.00000 0.013303
20150.00000 0.014358
20160.00000 0.015608
20170.00000 0.016978
20180.00000 0.018513
20190.00000 0.020164
20200.00000 0.022013
20210.00000 0.024001
20220.00000 0.026207
20230.00000 0.028725
20240.00000 0.031412
20250.00000 0.034483
20260.00000 0.037951
20270.00000 0.041555
20280.00000 0.045664
20290.00000 0.050243
20300.00000 0.055217
20310.00000 0.060898
20320.00000 0.066982
20330.00000 0.073709
20340.00000 0.081231
20350.00000 0.089427
20360.00000 0.098487
20370.00000 0.10837
20380.00000 0.11929
20390.00000 0.131
20400.00000 0.14401
20410.00000 0.15765
20420.00000 0.1729
20430.00000 0.18901
20440.00000 0.20687
20450.00000 0.22549
20460.00000 0.24492
20470.00000 0.26587
20480.00000 0.28747
20490.00000 0.31058
20500.00000 0.33503
20510.00000 0.35918
20520.00000 0.38452
20530.00000 0.41061
20540.00000 0.43692
20550.00000 0.46329
20560.00000 0.49055
20570.00000 0.51713
20580.00000 0.54381
20590.00000 0.56995
20600.00000 0.59549
20610.00000 0.62118
20620.00000 0.64527
20630.00000 0.66971
20640.00000 0.69274
20650.00000 0.71431
20660.00000 0.73544
20670.00000 0.75539
20680.00000 0.77378
20690.00000 0.79207
20700.00000 0.80822
20710.00000 0.82326
20720.00000 0.8374
20730.00000 0.84985
20740.00000 0.86129
20750.00000 0.87206
20760.00000 0.88107
20770.00000 0.88897
20780.00000 0.89613
20790.00000 0.90194
20800.00000 0.90696
20810.00000 0.91117
20820.00000 0.91464
20830.00000 0.91713
20840.00000 0.91899
20850.00000 0.9205
20860.00000 0.92155
20870.00000 0.92201
20880.00000 0.92232
20890.00000 0.92234
20900.00000 0.92201
20910.00000 0.92169
20920.00000 0.92127
20930.00000 0.92082
20940.00000 0.92021
20950.00000 0.91997
20960.00000 0.91958
20970.00000 0.91902
20980.00000 0.91894
20990.00000 0.91895
21000.00000 0.91895
21010.00000 0.91931
21020.00000 0.91988
21030.00000 0.92037
21040.00000 0.92091
21050.00000 0.92172
21060.00000 0.92263
21070.00000 0.92369
21080.00000 0.92454
21090.00000 0.926
21100.00000 0.92744
21110.00000 0.92858
21120.00000 0.92991
21130.00000 0.93166
21140.00000 0.93273
21150.00000 0.93394
21160.00000 0.93517
21170.00000 0.93632
21180.00000 0.93747
21190.00000 0.93866
21200.00000 0.9397
21210.00000 0.94065
21220.00000 0.94083
21230.00000 0.94148
21240.00000 0.94211
21250.00000 0.94179
21260.00000 0.9422
21270.00000 0.94197
21280.00000 0.94138
21290.00000 0.94182
21300.00000 0.94127
21310.00000 0.94053
21320.00000 0.93965
21330.00000 0.93851
21340.00000 0.93725
21350.00000 0.93619
21360.00000 0.93491
21370.00000 0.93335
21380.00000 0.93205
21390.00000 0.93031
21400.00000 0.92847
21410.00000 0.92675
21420.00000 0.92477
21430.00000 0.9227
21440.00000 0.92105
21450.00000 0.91937
21460.00000 0.91758
21470.00000 0.91606
21480.00000 0.91472
21490.00000 0.91293
21500.00000 0.91157
21510.00000 0.91011
21520.00000 0.90889
21530.00000 0.90757
21540.00000 0.90659
21550.00000 0.90612
21560.00000 0.90514
21570.00000 0.9044
21580.00000 0.90406
21590.00000 0.90391
21600.00000 0.90336
21610.00000 0.90317
21620.00000 0.90334
21630.00000 0.9037
21640.00000 0.90419
21650.00000 0.90484
21660.00000 0.90554
21670.00000 0.90624
21680.00000 0.90708
21690.00000 0.90794
21700.00000 0.90898
21710.00000 0.90992
21720.00000 0.91136
21730.00000 0.91295
21740.00000 0.91421
21750.00000 0.91594
21760.00000 0.91734
21770.00000 0.9188
21780.00000 0.92031
21790.00000 0.92181
21800.00000 0.92354
21810.00000 0.92513
21820.00000 0.92702
21830.00000 0.9289
21840.00000 0.93061
21850.00000 0.93222
21860.00000 0.93384
21870.00000 0.9353
21880.00000 0.93655
21890.00000 0.93788
21900.00000 0.93955
21910.00000 0.94063
21920.00000 0.94187
21930.00000 0.94299
21940.00000 0.94376
21950.00000 0.94417
21960.00000 0.94487
21970.00000 0.94517
21980.00000 0.9453
21990.00000 0.94556
22000.00000 0.94568
22010.00000 0.94603
22020.00000 0.94592
22030.00000 0.94559
22040.00000 0.94555
22050.00000 0.9451
22060.00000 0.94473
22070.00000 0.94445
22080.00000 0.94441
22090.00000 0.94417
22100.00000 0.94414
22110.00000 0.9441
22120.00000 0.94402
22130.00000 0.94362
22140.00000 0.94321
22150.00000 0.94322
22160.00000 0.94289
22170.00000 0.94283
22180.00000 0.94308
22190.00000 0.94299
22200.00000 0.94263
22210.00000 0.94288
22220.00000 0.94284
22230.00000 0.94214
22240.00000 0.9424
22250.00000 0.94256
22260.00000 0.94265
22270.00000 0.94295
22280.00000 0.94309
22290.00000 0.94344
22300.00000 0.94332
22310.00000 0.94324
22320.00000 0.94336
22330.00000 0.94334
22340.00000 0.94328
22350.00000 0.9434
22360.00000 0.94389
22370.00000 0.94429
22380.00000 0.94417
22390.00000 0.94434
22400.00000 0.9446
22410.00000 0.94433
22420.00000 0.94446
22430.00000 0.94445
22440.00000 0.94494
22450.00000 0.94534
22460.00000 0.94526
22470.00000 0.94558
22480.00000 0.94563
22490.00000 0.94585
22500.00000 0.94574
22510.00000 0.94564
22520.00000 0.94583
22530.00000 0.94649
22540.00000 0.94661
22550.00000 0.94664
22560.00000 0.94711
22570.00000 0.94684
22580.00000 0.94675
22590.00000 0.94653
22600.00000 0.94665
22610.00000 0.94693
22620.00000 0.94741
22630.00000 0.94694
22640.00000 0.94659
22650.00000 0.94729
22660.00000 0.94695
22670.00000 0.94678
22680.00000 0.9469
22690.00000 0.94678
22700.00000 0.94767
22710.00000 0.94722
22720.00000 0.94693
22730.00000 0.94761
22740.00000 0.94749
22750.00000 0.94758
22760.00000 0.94835
22770.00000 0.94769
22780.00000 0.94836
22790.00000 0.94911
22800.00000 0.94918
22810.00000 0.94936
22820.00000 0.95039
22830.00000 0.95074
22840.00000 0.95021
22850.00000 0.95044
22860.00000 0.95173
22870.00000 0.9525
22880.00000 0.95259
22890.00000 0.95285
22900.00000 0.95408
22910.00000 0.95462
22920.00000 0.95428
22930.00000 0.95487
22940.00000 0.95444
22950.00000 0.95533
22960.00000 0.95544
22970.00000 0.95547
22980.00000 0.95527
22990.00000 0.95576
23000.00000 0.95567
23010.00000 0.95459
23020.00000 0.9539
23030.00000 0.95478
23040.00000 0.95366
23050.00000 0.95183
23060.00000 0.95183
23070.00000 0.95123
23080.00000 0.94985
23090.00000 0.94945
23100.00000 0.9486
23110.00000 0.94672
23120.00000 0.94563
23130.00000 0.94433
23140.00000 0.94304
23150.00000 0.94185
23160.00000 0.94047
23170.00000 0.93934
23180.00000 0.9378
23190.00000 0.93612
23200.00000 0.93552
23210.00000 0.93425
23220.00000 0.9327
23230.00000 0.93159
23240.00000 0.93085
23250.00000 0.93015
23260.00000 0.9292
23270.00000 0.92907
23280.00000 0.92867
23290.00000 0.92809
23300.00000 0.92802
23310.00000 0.92836
23320.00000 0.92868
23330.00000 0.92877
23340.00000 0.92967
23350.00000 0.93079
23360.00000 0.93161
23370.00000 0.93256
23380.00000 0.93433
23390.00000 0.93609
23400.00000 0.93724
23410.00000 0.93929
23420.00000 0.94112
23430.00000 0.94267
23440.00000 0.94472
23450.00000 0.94715
23460.00000 0.94889
23470.00000 0.94959
23480.00000 0.95173
23490.00000 0.95274
23500.00000 0.95275
23510.00000 0.95239
23520.00000 0.95125
23530.00000 0.94878
23540.00000 0.94497
23550.00000 0.94004
23560.00000 0.93324
23570.00000 0.92439
23580.00000 0.91301
23590.00000 0.90023
23600.00000 0.88394
23610.00000 0.86563
23620.00000 0.84431
23630.00000 0.82025
23640.00000 0.79407
23650.00000 0.765
23660.00000 0.73302
23670.00000 0.69911
23680.00000 0.66406
23690.00000 0.62747
23700.00000 0.59039
23710.00000 0.55171
23720.00000 0.51343
23730.00000 0.47545
23740.00000 0.43788
23750.00000 0.40317
23760.00000 0.36916
23770.00000 0.33607
23780.00000 0.30587
23790.00000 0.27643
23800.00000 0.2498
23810.00000 0.22594
23820.00000 0.20315
23830.00000 0.18277
23840.00000 0.16447
23850.00000 0.14708
23860.00000 0.13177
23870.00000 0.11818
23880.00000 0.10597
23890.00000 0.094698
23900.00000 0.084837
23910.00000 0.075893
23920.00000 0.067885
23930.00000 0.060762
23940.00000 0.054504
23950.00000 0.048864
23960.00000 0.043779
23970.00000 0.039292
23980.00000 0.0352
23990.00000 0.031661
24000.00000 0.028578
24010.00000 0.025655
24020.00000 0.023198
24030.00000 0.020943
24040.00000 0.018834
24050.00000 0.017077
24060.00000 0.015507
24070.00000 0.014022
24080.00000 0.012709
24090.00000 0.011606
24100.00000 0.010477
24110.00000 0.009595
24120.00000 0.008767
24130.00000 0.007983
24140.00000 0.007323
24150.00000 0.006744
24160.00000 0.006157
24170.00000 0.005608
24180.00000 0.005174
24190.00000 0.004757
24200.00000 0.004351
24210.00000 0.004025
26631.00000 0.0
