threeML/data/optical_filters/Gemini/NIRI-CO2_0bh_G0225.ecsv
# %ECSV 0.9
# ---
# datatype:
# - {name: wavelength, unit: Angstrom, datatype: float32}
# - {name: response, datatype: float32}
# meta: !!omap
# - {band_name: CO2_0bh_G0225}
# - {group_name: NIRI}
wavelength response
20093.65234 0.0
22326.27930 0.00408
22333.33008 0.004175
22340.38086 0.004299
22347.43164 0.004443
22354.48047 0.004525
22361.53125 0.004679
22368.58203 0.004881
22375.63086 0.005097
22382.68164 0.005281
22389.73242 0.005468
22396.78125 0.005701
22403.83203 0.005936
22410.88281 0.006239
22417.93359 0.006557
22424.98242 0.006821
22432.03320 0.007125
22439.08398 0.007564
22446.13281 0.008065
22453.18359 0.008542
22460.23438 0.009233
22467.28320 0.00991
22474.33398 0.010643
22481.38477 0.011473
22488.43359 0.012377
22495.48438 0.013442
22502.53516 0.014847
22509.58594 0.016168
22516.63477 0.017879
22523.68555 0.019873
22530.73633 0.022079
22537.78516 0.024543
22544.83594 0.027416
22551.88672 0.030463
22558.93555 0.034084
22565.98633 0.038277
22573.03711 0.04322
22580.08789 0.048531
22587.13672 0.054487
22594.18750 0.061368
22601.23828 0.069118
22608.28711 0.077303
22615.33789 0.086644
22622.38867 0.096735
22629.43750 0.108035
22636.48828 0.11971
22643.53906 0.13251
22650.58984 0.146161
22657.63867 0.160975
22664.68945 0.175789
22671.74023 0.19271
22678.78906 0.209441
22685.83984 0.228883
22692.89062 0.24828
22699.93945 0.26996
22706.99023 0.29144
22714.04102 0.316235
22721.08984 0.340865
22728.14062 0.369528
22735.19141 0.397238
22742.24219 0.428336
22749.29102 0.459534
22756.34180 0.493958
22763.39258 0.527261
22770.44141 0.560213
22777.49219 0.590843
22784.54297 0.620956
22791.59180 0.644213
22798.64258 0.666994
22805.69336 0.671934
22833.89453 0.664916
22847.99414 0.658247
22855.04492 0.640722
22862.09375 0.618585
22869.14453 0.601422
22876.19531 0.580658
22883.24414 0.562994
22890.29492 0.545046
22897.34570 0.533404
22904.39648 0.521579
22911.44531 0.513623
22918.49609 0.50619
22925.54688 0.504491
22932.59570 0.504331
22939.64648 0.508816
22946.69727 0.51493
22953.74609 0.525833
22960.79688 0.538098
22967.84766 0.554784
22974.89844 0.571393
22981.94727 0.589288
22988.99805 0.602025
22996.04883 0.610268
23003.09766 0.608136
23010.14844 0.596117
23017.19922 0.571414
23024.24805 0.534514
23031.29883 0.485661
23038.34961 0.430772
23045.40039 0.373188
23052.44922 0.316225
23059.50000 0.263953
23066.55078 0.217583
23073.59961 0.178779
23080.65039 0.146489
23087.70117 0.120409
23094.75000 0.099125
23101.80078 0.082255
23108.85156 0.068338
23115.90039 0.057829
23122.95117 0.049043
23130.00195 0.042192
23137.05273 0.036213
23144.10156 0.031601
23151.15234 0.027617
23158.20312 0.02445
23165.25195 0.021629
23172.30273 0.019444
23179.35352 0.017473
23186.40234 0.016004
23193.45312 0.014592
23200.50391 0.013478
23207.55469 0.01238
23214.60352 0.011514
23221.65430 0.010602
23228.70508 0.010053
23235.75391 0.009327
23242.80469 0.008721
23249.85547 0.008148
23256.90430 0.007833
23263.95508 0.007449
23271.00586 0.007191
23278.05664 0.006708
23285.10547 0.00645
23292.15625 0.006167
23299.20703 0.005941
23306.25586 0.005702
23313.30664 0.005605
23320.35742 0.005225
23327.40625 0.005169
23334.45703 0.005057
23341.50781 0.005066
23348.55664 0.004807
23355.60742 0.004707
23362.65820 0.004524
23369.70898 0.00449
23376.75781 0.004358
23383.80859 0.004395
23390.85938 0.004131
23397.90820 0.004191
23404.95898 0.004103
23412.00977 0.004098
25753.21094 0.0
