threeML/data/optical_filters/Gemini/NIRI-PaBeta_G0221.ecsv
# %ECSV 0.9
# ---
# datatype:
# - {name: wavelength, unit: Angstrom, datatype: float32}
# - {name: response, datatype: float32}
# meta: !!omap
# - {band_name: PaBeta_G0221}
# - {group_name: NIRI}
wavelength response
10904.83887 0.0
12116.48730 0.0093
12120.08691 0.007647
12123.68652 0.00854
12127.28516 0.008348
12130.88477 0.010882
12134.48438 0.008139
12138.08301 0.010924
12141.68262 0.011681
12145.28223 0.011368
12148.88086 0.015327
12152.48047 0.016601
12156.08008 0.016524
12159.67871 0.011566
12163.27832 0.010007
12166.87793 0.014846
12170.47656 0.016687
12174.07617 0.012205
12177.67578 0.0113
12181.27441 0.011425
12184.87402 0.009296
12188.47363 0.016105
12192.07227 0.014969
12195.67188 0.012897
12199.27148 0.017783
12206.46973 0.018069
12210.06934 0.011485
12213.66797 0.018968
12217.26758 0.014816
12220.86719 0.003229
12224.46582 0.00403
12228.06543 0.008464
12231.66504 0.008771
12235.26367 0.010144
12238.86328 0.006949
12242.46289 0.006421
12246.06152 0.01448
12249.66113 0.015097
12253.26074 0.019382
12256.85938 0.018715
12260.45898 0.012848
12264.05859 0.017661
12267.65723 0.020926
12271.25684 0.016774
12274.85645 0.012745
12278.45508 0.017587
12282.05469 0.018768
12285.65430 0.014608
12289.25293 0.009956
12292.85254 0.008968
12296.45215 0.015893
12300.05078 0.016607
12303.65039 0.013823
12307.24902 0.009989
12310.84863 0.00944
12314.44824 0.005544
12318.04688 0.015432
12321.64648 0.014569
12325.24609 0.008174
12328.84473 0.010263
12332.44434 0.006255
12336.04395 0.003134
12339.64258 0.0089
12343.24219 0.00742
12346.84180 0.004084
12350.44043 0.004785
12354.04004 0.012027
12357.63965 0.007033
12361.23828 0.003945
12364.83789 0.008382
12368.43750 0.007872
12372.03613 0.009341
12375.63574 0.014334
12379.23535 0.008308
12382.83398 0.01078
12386.43359 0.00971
12390.03320 0.007692
12393.63184 0.004065
12397.23145 0.006663
12400.83105 0.008323
12404.42969 0.008896
12408.02930 0.00955
12411.62891 0.011113
12415.22754 0.008477
12418.82715 0.011945
12422.42676 0.006972
12426.02539 0.005117
12429.62500 0.004775
12433.22461 0.006022
12436.82324 0.006433
12440.42285 0.005045
12444.02246 0.003495
12447.62109 0.005392
12451.22070 0.01272
12454.82031 0.016037
12458.41895 0.015711
12462.01855 0.011803
12465.61816 0.009285
12469.21680 0.010993
12472.81641 0.010475
12476.41602 0.009586
12480.01465 0.012148
12483.61426 0.015128
12487.21387 0.018235
12490.81250 0.013796
12494.41211 0.012335
12498.01172 0.015171
12501.61035 0.013891
12505.20996 0.013392
12519.60742 0.009255
12523.20605 0.020292
12526.80566 0.018097
12530.40527 0.018522
12534.00391 0.016479
12537.60352 0.016576
12541.20312 0.019514
12544.80176 0.019458
12548.40137 0.018718
12552.00098 0.020642
12555.59961 0.020191
12559.19922 0.020321
12562.79883 0.020855
12566.39746 0.021007
12569.99707 0.022311
12573.59668 0.023276
12577.19531 0.022742
12580.79492 0.02315
12584.39453 0.020284
12587.99316 0.025373
12591.59277 0.021979
12595.19238 0.022613
12598.79102 0.026697
12602.39062 0.02609
12605.99023 0.025061
12609.58887 0.026389
12613.18848 0.028382
12616.78809 0.03262
12620.38672 0.032965
12623.98633 0.035657
12627.58594 0.033845
12631.18457 0.033048
12634.78418 0.035445
12638.38379 0.036895
12641.98242 0.043368
12645.58203 0.048509
12649.18164 0.051131
12652.78027 0.055457
12656.37988 0.06526
12659.97949 0.07546
12663.57812 0.082418
12667.17773 0.089503
12670.77734 0.097046
12674.37598 0.106812
12677.97559 0.116064
12681.57520 0.132335
12685.17383 0.148784
12688.77344 0.165539
12692.37305 0.184607
12695.97168 0.203343
12699.57129 0.227463
12703.17090 0.24887
12706.76953 0.274213
12710.36914 0.298402
12713.96777 0.318192
12717.56738 0.343143
12721.16699 0.367318
12724.76562 0.395338
12728.36523 0.425922
12731.96484 0.444203
12735.56348 0.466746
12739.16309 0.495047
12742.76270 0.511504
12746.36133 0.529814
12749.96094 0.54588
12753.56055 0.55914
12757.15918 0.575782
12760.75879 0.58602
12764.35840 0.601413
12767.95703 0.611715
12771.55664 0.622643
12775.15625 0.630938
12778.75488 0.630025
12782.35449 0.635072
12785.95410 0.634496
12789.55273 0.626494
12793.15234 0.628371
12796.75195 0.623779
12800.35059 0.628773
12803.95020 0.622136
12807.54980 0.613539
12811.14844 0.613204
12814.74805 0.611553
12818.34766 0.607151
12821.94629 0.60033
12825.54590 0.605991
12829.14551 0.605035
12832.74414 0.603607
12836.34375 0.606751
12839.94336 0.604146
12843.54199 0.597213
12847.14160 0.595547
12850.74121 0.587095
12854.33984 0.588976
12857.93945 0.587676
12861.53906 0.585371
12865.13770 0.585022
12868.73730 0.573208
12872.33691 0.558894
12875.93555 0.546334
12879.53516 0.533212
12883.13477 0.516118
12886.73340 0.506057
12890.33301 0.495208
12893.93262 0.46986
12897.53125 0.441679
12901.13086 0.420851
12904.73047 0.396677
12908.32910 0.36713
12911.92871 0.337921
12915.52832 0.306755
12919.12695 0.282683
12922.72656 0.261368
12926.32617 0.234109
12929.92480 0.206143
12933.52441 0.178757
12937.12402 0.157067
12940.72266 0.141176
12944.32227 0.123616
12947.92188 0.106913
12951.52051 0.094423
12955.12012 0.087494
12958.71973 0.073359
12962.31836 0.06837
12965.91797 0.057552
12969.51758 0.054359
12973.11621 0.049583
12976.71582 0.044171
12980.31543 0.039389
12983.91406 0.036211
12987.51367 0.035197
12991.11328 0.032077
12994.71191 0.034253
12998.31152 0.031708
13001.91113 0.030134
13005.50977 0.026411
13009.10938 0.025198
13012.70898 0.025024
13016.30762 0.024318
13019.90723 0.022868
13023.50684 0.022147
13027.10547 0.02263
13030.70508 0.02083
13034.30469 0.018715
13037.90332 0.015024
13041.50293 0.013696
13045.10254 0.014629
13048.70117 0.01468
13052.30078 0.010969
13055.90039 0.010858
13059.49902 0.014802
13063.09863 0.01295
13066.69824 0.012702
13070.29688 0.018122
13073.89648 0.019466
13077.49609 0.016124
13081.09473 0.014587
13084.69434 0.014333
13088.29395 0.017248
13091.89258 0.015065
13095.49219 0.011814
13099.09180 0.006792
13102.69043 0.006524
13106.29004 0.007906
13109.88965 0.010055
13113.48828 0.007283
13117.08789 0.004762
13120.68652 0.006304
13124.28613 0.006386
13127.88574 0.007757
13131.48438 0.009576
13135.08398 0.01096
13138.68359 0.009259
13142.28223 0.008346
13145.88184 0.008747
13149.48145 0.008383
13153.08008 0.008948
13156.67969 0.009062
13160.27930 0.00955
13163.87793 0.008032
13167.47754 0.007269
13171.07715 0.009806
13174.67578 0.01039
13178.27539 0.010385
13181.87500 0.007943
13185.47363 0.008625
13189.07324 0.008755
13192.67285 0.006824
13196.27148 0.006589
13199.87109 0.007093
13203.47070 0.008198
13207.06934 0.009217
13210.66895 0.008087
13214.26855 0.007112
13217.86719 0.010462
13221.46680 0.011195
13225.06641 0.007754
13228.66504 0.005452
13232.26465 0.008759
13235.86426 0.00792
13239.46289 0.008002
13243.06250 0.006405
13246.66211 0.008519
13250.26074 0.011111
14575.28711 0.0
