threeML/data/optical_filters/Gemini/TReCS-nprime.ecsv
# %ECSV 0.9
# ---
# datatype:
# - {name: wavelength, unit: Angstrom, datatype: float32}
# - {name: response, datatype: float32}
# meta: !!omap
# - {band_name: nprime}
# - {group_name: TReCS}
wavelength response
87480.00000 0.0
97200.00000 0.00401
97210.00000 0.00404
97220.00000 0.00408
97230.00000 0.00411
97240.00000 0.00415
97250.00000 0.00418
97260.00000 0.00422
97270.00000 0.00426
97280.00000 0.0043
97290.00000 0.00433
97300.00000 0.00437
97310.00000 0.00441
97320.00000 0.00445
97330.00000 0.00449
97340.00000 0.00453
97350.00000 0.00457
97360.00000 0.00461
97370.00000 0.00466
97380.00000 0.0047
97390.00000 0.00474
97400.00000 0.00478
97410.00000 0.00483
97420.00000 0.00487
97430.00000 0.00492
97440.00000 0.00496
97450.00000 0.00501
97460.00000 0.00505
97470.00000 0.0051
97480.00000 0.00515
97490.00000 0.0052
97500.00000 0.00524
97510.00000 0.00529
97520.00000 0.00534
97530.00000 0.00539
97540.00000 0.00544
97550.00000 0.00549
97560.00000 0.00554
97570.00000 0.00559
97580.00000 0.00565
97590.00000 0.0057
97600.00000 0.00575
97610.00000 0.00581
97620.00000 0.00586
97630.00000 0.00592
97640.00000 0.00597
97650.00000 0.00603
97660.00000 0.00609
97670.00000 0.00614
97680.00000 0.0062
97690.00000 0.00626
97700.00000 0.00632
97710.00000 0.00638
97720.00000 0.00644
97730.00000 0.0065
97740.00000 0.00656
97750.00000 0.00662
97760.00000 0.00668
97770.00000 0.00674
97780.00000 0.0068
97790.00000 0.00686
97800.00000 0.00692
97810.00000 0.00699
97820.00000 0.00705
97830.00000 0.00711
97840.00000 0.00717
97850.00000 0.00723
97860.00000 0.00729
97870.00000 0.00735
97880.00000 0.00742
97890.00000 0.00748
97900.00000 0.00754
97910.00000 0.0076
97920.00000 0.00766
97930.00000 0.00772
97940.00000 0.00778
97950.00000 0.00785
97960.00000 0.00791
97970.00000 0.00797
97980.00000 0.00803
97990.00000 0.00809
98000.00000 0.00816
98010.00000 0.00822
98020.00000 0.00828
98030.00000 0.00835
98040.00000 0.00841
98050.00000 0.00848
98060.00000 0.00854
98070.00000 0.00861
98080.00000 0.00867
98090.00000 0.00874
98100.00000 0.00881
98110.00000 0.00888
98120.00000 0.00895
98130.00000 0.00902
98140.00000 0.00909
98150.00000 0.00916
98160.00000 0.00923
98170.00000 0.00931
98180.00000 0.00938
98190.00000 0.00946
98200.00000 0.00954
98210.00000 0.00962
98220.00000 0.0097
98230.00000 0.00978
98240.00000 0.00986
98250.00000 0.00995
98260.00000 0.01003
98270.00000 0.01012
98280.00000 0.0102
98290.00000 0.01029
98300.00000 0.01038
98310.00000 0.01047
98320.00000 0.01056
98330.00000 0.01066
98340.00000 0.01075
98350.00000 0.01085
98360.00000 0.01094
98370.00000 0.01104
98380.00000 0.01114
98390.00000 0.01124
98400.00000 0.01134
98410.00000 0.01145
98420.00000 0.01155
98430.00000 0.01165
98440.00000 0.01176
98450.00000 0.01187
98460.00000 0.01198
98470.00000 0.01208
98480.00000 0.01219
98490.00000 0.0123
98500.00000 0.01242
98510.00000 0.01253
98520.00000 0.01264
98530.00000 0.01276
98540.00000 0.01287
98550.00000 0.01299
98560.00000 0.01311
98570.00000 0.01323
98580.00000 0.01335
98590.00000 0.01347
98600.00000 0.01359
98610.00000 0.01371
98620.00000 0.01383
98630.00000 0.01396
98640.00000 0.01408
98650.00000 0.01421
98660.00000 0.01434
98670.00000 0.01447
98680.00000 0.0146
98690.00000 0.01473
98700.00000 0.01486
98710.00000 0.015
98720.00000 0.01513
98730.00000 0.01527
98740.00000 0.01541
98750.00000 0.01555
98760.00000 0.01569
98770.00000 0.01583
98780.00000 0.01597
98790.00000 0.01612
98800.00000 0.01627
98810.00000 0.01641
98820.00000 0.01657
98830.00000 0.01672
98840.00000 0.01687
98850.00000 0.01703
98860.00000 0.01719
98870.00000 0.01735
98880.00000 0.01751
98890.00000 0.01767
98900.00000 0.01784
98910.00000 0.01801
98920.00000 0.01818
98930.00000 0.01835
98940.00000 0.01852
98950.00000 0.0187
98960.00000 0.01888
98970.00000 0.01906
98980.00000 0.01924
98990.00000 0.01942
99000.00000 0.01961
99010.00000 0.0198
99020.00000 0.01999
99030.00000 0.02019
99040.00000 0.02039
99050.00000 0.02059
99060.00000 0.02079
99070.00000 0.02099
99080.00000 0.0212
99090.00000 0.02141
99100.00000 0.02162
99110.00000 0.02183
99120.00000 0.02204
99130.00000 0.02226
99140.00000 0.02248
99150.00000 0.0227
99160.00000 0.02292
99170.00000 0.02315
99180.00000 0.02338
99190.00000 0.02361
99200.00000 0.02384
99210.00000 0.02407
99220.00000 0.02431
99230.00000 0.02455
99240.00000 0.02479
99250.00000 0.02504
99260.00000 0.02529
99270.00000 0.02554
99280.00000 0.02579
99290.00000 0.02604
99300.00000 0.0263
99310.00000 0.02656
99320.00000 0.02682
99330.00000 0.02708
99340.00000 0.02734
99350.00000 0.02761
99360.00000 0.02788
99370.00000 0.02815
99380.00000 0.02842
99390.00000 0.0287
99400.00000 0.02898
99410.00000 0.02927
99420.00000 0.02955
99430.00000 0.02985
99440.00000 0.03014
99450.00000 0.03044
99460.00000 0.03074
99470.00000 0.03104
99480.00000 0.03135
99490.00000 0.03166
99500.00000 0.03197
99510.00000 0.03229
99520.00000 0.0326
99530.00000 0.03293
99540.00000 0.03325
99550.00000 0.03357
99560.00000 0.0339
99570.00000 0.03424
99580.00000 0.03458
99590.00000 0.03492
99600.00000 0.03526
99610.00000 0.03561
99620.00000 0.03597
99630.00000 0.03633
99640.00000 0.03669
99650.00000 0.03706
99660.00000 0.03743
99670.00000 0.0378
99680.00000 0.03818
99690.00000 0.03856
99700.00000 0.03895
99710.00000 0.03934
99720.00000 0.03973
99730.00000 0.04013
99740.00000 0.04052
99750.00000 0.04093
99760.00000 0.04133
99770.00000 0.04175
99780.00000 0.04216
99790.00000 0.04259
99800.00000 0.04301
99810.00000 0.04345
99820.00000 0.04389
99830.00000 0.04433
99840.00000 0.04478
99850.00000 0.04524
99860.00000 0.0457
99870.00000 0.04616
99880.00000 0.04663
99890.00000 0.04711
99900.00000 0.04758
99910.00000 0.04807
99920.00000 0.04856
99930.00000 0.04905
99940.00000 0.04954
99950.00000 0.05004
99960.00000 0.05055
99970.00000 0.05106
99980.00000 0.05158
99990.00000 0.05211
100000.00000 0.05264
100010.00000 0.05318
100020.00000 0.05372
100030.00000 0.05427
100040.00000 0.05483
100050.00000 0.05539
100060.00000 0.05596
100070.00000 0.05653
100080.00000 0.05711
100090.00000 0.0577
100100.00000 0.05829
100110.00000 0.05888
100120.00000 0.05948
100130.00000 0.06009
100140.00000 0.0607
100150.00000 0.06131
100160.00000 0.06193
100170.00000 0.06256
100180.00000 0.0632
100190.00000 0.06384
100200.00000 0.06449
100210.00000 0.06515
100220.00000 0.06582
100230.00000 0.06649
100240.00000 0.06717
100250.00000 0.06786
100260.00000 0.06856
100270.00000 0.06926
100280.00000 0.06997
100290.00000 0.07069
100300.00000 0.07141
100310.00000 0.07215
100320.00000 0.07289
100330.00000 0.07363
100340.00000 0.07438
100350.00000 0.07515
100360.00000 0.07592
100370.00000 0.07669
100380.00000 0.07748
100390.00000 0.07828
100400.00000 0.07909
100410.00000 0.07991
100420.00000 0.08074
100430.00000 0.08158
100440.00000 0.08242
100450.00000 0.08328
100460.00000 0.08415
100470.00000 0.08502
100480.00000 0.08591
100490.00000 0.0868
100500.00000 0.08771
100510.00000 0.08862
100520.00000 0.08955
100530.00000 0.09048
100540.00000 0.09142
100550.00000 0.09237
100560.00000 0.09333
100570.00000 0.09431
100580.00000 0.09529
100590.00000 0.09629
100600.00000 0.09729
100610.00000 0.09831
100620.00000 0.09934
100630.00000 0.10038
100640.00000 0.10144
100650.00000 0.1025
100660.00000 0.10357
100670.00000 0.10466
100680.00000 0.10576
100690.00000 0.10686
100700.00000 0.10798
100710.00000 0.10912
100720.00000 0.11026
100730.00000 0.11141
100740.00000 0.11257
100750.00000 0.11375
100760.00000 0.11493
100770.00000 0.11613
100780.00000 0.11734
100790.00000 0.11857
100800.00000 0.1198
100810.00000 0.12105
100820.00000 0.12232
100830.00000 0.12359
100840.00000 0.12488
100850.00000 0.12618
100860.00000 0.12749
100870.00000 0.12882
100880.00000 0.13015
100890.00000 0.13151
100900.00000 0.13287
100910.00000 0.13426
100920.00000 0.13565
100930.00000 0.13706
100940.00000 0.13848
100950.00000 0.13991
100960.00000 0.14136
100970.00000 0.14282
100980.00000 0.14429
100990.00000 0.14578
101000.00000 0.14729
101010.00000 0.14881
101020.00000 0.15035
101030.00000 0.15191
101040.00000 0.15347
101050.00000 0.15505
101060.00000 0.15665
101070.00000 0.15826
101080.00000 0.15989
101090.00000 0.16154
101100.00000 0.1632
101110.00000 0.16487
101120.00000 0.16657
101130.00000 0.16827
101140.00000 0.17
101150.00000 0.17173
101160.00000 0.17349
101170.00000 0.17526
101180.00000 0.17705
101190.00000 0.17885
101200.00000 0.18067
101210.00000 0.18251
101220.00000 0.18436
101230.00000 0.18623
101240.00000 0.18812
101250.00000 0.19002
101260.00000 0.19194
101270.00000 0.19387
101280.00000 0.19583
101290.00000 0.1978
101300.00000 0.19978
101310.00000 0.20179
101320.00000 0.20381
101330.00000 0.20585
101340.00000 0.20791
101350.00000 0.20998
101360.00000 0.21207
101370.00000 0.21418
101380.00000 0.21631
101390.00000 0.21845
101400.00000 0.22061
101410.00000 0.22279
101420.00000 0.22499
101430.00000 0.22721
101440.00000 0.22944
101450.00000 0.2317
101460.00000 0.23397
101470.00000 0.23625
101480.00000 0.23856
101490.00000 0.24088
101500.00000 0.24323
101510.00000 0.24559
101520.00000 0.24797
101530.00000 0.25037
101540.00000 0.25278
101550.00000 0.25522
101560.00000 0.25767
101570.00000 0.26014
101580.00000 0.26263
101590.00000 0.26514
101600.00000 0.26766
101610.00000 0.27021
101620.00000 0.27277
101630.00000 0.27534
101640.00000 0.27794
101650.00000 0.28055
101660.00000 0.28318
101670.00000 0.28582
101680.00000 0.28849
101690.00000 0.29117
101700.00000 0.29387
101710.00000 0.29658
101720.00000 0.29932
101730.00000 0.30206
101740.00000 0.30483
101750.00000 0.30761
101760.00000 0.31041
101770.00000 0.31323
101780.00000 0.31606
101790.00000 0.31891
101800.00000 0.32178
101810.00000 0.32466
101820.00000 0.32755
101830.00000 0.33046
101840.00000 0.33339
101850.00000 0.33633
101860.00000 0.33929
101870.00000 0.34226
101880.00000 0.34525
101890.00000 0.34826
101900.00000 0.35127
101910.00000 0.35431
101920.00000 0.35736
101930.00000 0.36042
101940.00000 0.36349
101950.00000 0.36658
101960.00000 0.36969
101970.00000 0.37281
101980.00000 0.37594
101990.00000 0.37909
102000.00000 0.38225
102010.00000 0.38542
102020.00000 0.38861
102030.00000 0.39181
102040.00000 0.39501
102050.00000 0.39823
102060.00000 0.40147
102070.00000 0.40471
102080.00000 0.40797
102090.00000 0.41124
102100.00000 0.41452
102110.00000 0.41781
102120.00000 0.42111
102130.00000 0.42442
102140.00000 0.42773
102150.00000 0.43106
102160.00000 0.43439
102170.00000 0.43774
102180.00000 0.44109
102190.00000 0.44445
102200.00000 0.44783
102210.00000 0.45121
102220.00000 0.45459
102230.00000 0.45798
102240.00000 0.46137
102250.00000 0.46477
102260.00000 0.46817
102270.00000 0.47158
102280.00000 0.475
102290.00000 0.47842
102300.00000 0.48185
102310.00000 0.48528
102320.00000 0.48871
102330.00000 0.49215
102340.00000 0.49558
102350.00000 0.49902
102360.00000 0.50245
102370.00000 0.50589
102380.00000 0.50933
102390.00000 0.51277
102400.00000 0.51621
102410.00000 0.51966
102420.00000 0.5231
102430.00000 0.52654
102440.00000 0.52998
102450.00000 0.53341
102460.00000 0.53684
102470.00000 0.54027
102480.00000 0.54369
102490.00000 0.54712
102500.00000 0.55054
102510.00000 0.55397
102520.00000 0.55738
102530.00000 0.56079
102540.00000 0.5642
102550.00000 0.5676
102560.00000 0.57099
102570.00000 0.57437
102580.00000 0.57774
102590.00000 0.58111
102600.00000 0.58448
102610.00000 0.58784
102620.00000 0.59119
102630.00000 0.59453
102640.00000 0.59787
102650.00000 0.60119
102660.00000 0.60451
102670.00000 0.60781
102680.00000 0.6111
102690.00000 0.61439
102700.00000 0.61767
102710.00000 0.62094
102720.00000 0.62419
102730.00000 0.62744
102740.00000 0.63068
102750.00000 0.6339
102760.00000 0.63711
102770.00000 0.6403
102780.00000 0.64348
102790.00000 0.64665
102800.00000 0.6498
102810.00000 0.65294
102820.00000 0.65607
102830.00000 0.65919
102840.00000 0.66229
102850.00000 0.66537
102860.00000 0.66844
102870.00000 0.6715
102880.00000 0.67454
102890.00000 0.67756
102900.00000 0.68057
102910.00000 0.68356
102920.00000 0.68654
102930.00000 0.6895
102940.00000 0.69245
102950.00000 0.69538
102960.00000 0.69829
102970.00000 0.70119
102980.00000 0.70406
102990.00000 0.70691
103000.00000 0.70975
103010.00000 0.71257
103020.00000 0.71537
103030.00000 0.71816
103040.00000 0.72092
103050.00000 0.72367
103060.00000 0.7264
103070.00000 0.72911
103080.00000 0.73179
103090.00000 0.73446
103100.00000 0.73711
103110.00000 0.73974
103120.00000 0.74235
103130.00000 0.74495
103140.00000 0.74752
103150.00000 0.75008
103160.00000 0.75261
103170.00000 0.75512
103180.00000 0.75761
103190.00000 0.76008
103200.00000 0.76252
103210.00000 0.76495
103220.00000 0.76735
103230.00000 0.76973
103240.00000 0.77209
103250.00000 0.77442
103260.00000 0.77674
103270.00000 0.77903
103280.00000 0.7813
103290.00000 0.78355
103300.00000 0.78578
103310.00000 0.78799
103320.00000 0.79017
103330.00000 0.79233
103340.00000 0.79447
103350.00000 0.79659
103360.00000 0.79869
103370.00000 0.80076
103380.00000 0.80282
103390.00000 0.80485
103400.00000 0.80685
103410.00000 0.80884
103420.00000 0.8108
103430.00000 0.81274
103440.00000 0.81465
103450.00000 0.81655
103460.00000 0.81842
103470.00000 0.82026
103480.00000 0.82209
103490.00000 0.82389
103500.00000 0.82568
103510.00000 0.82744
103520.00000 0.82918
103530.00000 0.8309
103540.00000 0.8326
103550.00000 0.83427
103560.00000 0.83593
103570.00000 0.83756
103580.00000 0.83917
103590.00000 0.84076
103600.00000 0.84233
103610.00000 0.84388
103620.00000 0.8454
103630.00000 0.84691
103640.00000 0.84839
103650.00000 0.84986
103660.00000 0.8513
103670.00000 0.85271
103680.00000 0.85411
103690.00000 0.85549
103700.00000 0.85685
103710.00000 0.85819
103720.00000 0.8595
103730.00000 0.8608
103740.00000 0.86208
103750.00000 0.86334
103760.00000 0.86458
103770.00000 0.8658
103780.00000 0.867
103790.00000 0.86818
103800.00000 0.86935
103810.00000 0.87049
103820.00000 0.87162
103830.00000 0.87272
103840.00000 0.87382
103850.00000 0.87489
103860.00000 0.87594
103870.00000 0.87698
103880.00000 0.878
103890.00000 0.87899
103900.00000 0.87997
103910.00000 0.88094
103920.00000 0.88189
103930.00000 0.88282
103940.00000 0.88374
103950.00000 0.88464
103960.00000 0.88553
103970.00000 0.8864
103980.00000 0.88725
103990.00000 0.88809
104000.00000 0.88891
104010.00000 0.88971
104020.00000 0.8905
104030.00000 0.89128
104040.00000 0.89204
104050.00000 0.89279
104060.00000 0.89352
104070.00000 0.89425
104080.00000 0.89495
104090.00000 0.89564
104100.00000 0.89632
104110.00000 0.89699
104120.00000 0.89763
104130.00000 0.89827
104140.00000 0.8989
104150.00000 0.89951
104160.00000 0.90011
104170.00000 0.9007
104180.00000 0.90127
104190.00000 0.90183
104200.00000 0.90238
104210.00000 0.90292
104220.00000 0.90344
104230.00000 0.90395
104240.00000 0.90445
104250.00000 0.90494
104260.00000 0.90542
104270.00000 0.90589
104280.00000 0.90634
104290.00000 0.90679
104300.00000 0.90722
104310.00000 0.90765
104320.00000 0.90806
104330.00000 0.90846
104340.00000 0.90885
104350.00000 0.90923
104360.00000 0.9096
104370.00000 0.90996
104380.00000 0.91031
104390.00000 0.91065
104400.00000 0.91098
104410.00000 0.9113
104420.00000 0.91161
104430.00000 0.9119
104440.00000 0.91219
104450.00000 0.91247
104460.00000 0.91274
104470.00000 0.913
104480.00000 0.91325
104490.00000 0.91349
104500.00000 0.91373
104510.00000 0.91395
104520.00000 0.91417
104530.00000 0.91438
104540.00000 0.91457
104550.00000 0.91476
104560.00000 0.91494
104570.00000 0.91512
104580.00000 0.91528
104590.00000 0.91544
104600.00000 0.91559
104610.00000 0.91573
104620.00000 0.91586
104630.00000 0.91598
104640.00000 0.9161
104650.00000 0.9162
104660.00000 0.9163
104670.00000 0.91639
104680.00000 0.91647
104690.00000 0.91655
104700.00000 0.91662
104710.00000 0.91669
104720.00000 0.91675
104730.00000 0.91681
104740.00000 0.91685
104750.00000 0.91689
104760.00000 0.91693
104770.00000 0.91695
104780.00000 0.91698
104790.00000 0.91699
104800.00000 0.917
104810.00000 0.91701
104820.00000 0.917
104830.00000 0.917
104840.00000 0.91698
104850.00000 0.91696
104860.00000 0.91694
104870.00000 0.9169
104880.00000 0.91686
104890.00000 0.91682
104900.00000 0.91677
104910.00000 0.91672
104920.00000 0.91667
104930.00000 0.91661
104940.00000 0.91654
104950.00000 0.91648
104960.00000 0.9164
104970.00000 0.91633
