threeML/data/optical_filters/Gemini/TReCS-nprime.ecsv
# %ECSV 0.9
# ---
# datatype:
# - {name: wavelength, unit: Angstrom, datatype: float32}
# - {name: response, datatype: float32}
# meta: !!omap
# - {band_name: nprime}
# - {group_name: TReCS}
wavelength response
[from data line 3079]
127980.00000 0.02238
127990.00000 0.02218
128000.00000 0.02198
128010.00000 0.02178
128020.00000 0.02159
128030.00000 0.0214
128040.00000 0.0212
128050.00000 0.02101
128060.00000 0.02082
128070.00000 0.02063
128080.00000 0.02045
128090.00000 0.02026
128100.00000 0.02008
128110.00000 0.0199
128120.00000 0.01972
128130.00000 0.01954
128140.00000 0.01937
128150.00000 0.01919
128160.00000 0.01902
128170.00000 0.01885
128180.00000 0.01869
128190.00000 0.01852
128200.00000 0.01836
128210.00000 0.0182
128220.00000 0.01804
128230.00000 0.01788
128240.00000 0.01773
128250.00000 0.01757
128260.00000 0.01742
128270.00000 0.01728
128280.00000 0.01713
128290.00000 0.01698
128300.00000 0.01684
128310.00000 0.0167
128320.00000 0.01656
128330.00000 0.01642
128340.00000 0.01628
128350.00000 0.01614
128360.00000 0.01601
128370.00000 0.01587
128380.00000 0.01574
128390.00000 0.01561
128400.00000 0.01547
128410.00000 0.01534
128420.00000 0.01522
128430.00000 0.01509
128440.00000 0.01496
128450.00000 0.01484
128460.00000 0.01471
128470.00000 0.01459
128480.00000 0.01447
128490.00000 0.01435
128500.00000 0.01423
128510.00000 0.01411
128520.00000 0.014
128530.00000 0.01388
128540.00000 0.01377
128550.00000 0.01366
128560.00000 0.01355
128570.00000 0.01344
128580.00000 0.01333
128590.00000 0.01323
128600.00000 0.01312
128610.00000 0.01302
128620.00000 0.01292
128630.00000 0.01281
128640.00000 0.01271
128650.00000 0.01261
128660.00000 0.01252
128670.00000 0.01242
128680.00000 0.01232
128690.00000 0.01222
128700.00000 0.01213
128710.00000 0.01203
128720.00000 0.01194
128730.00000 0.01184
128740.00000 0.01175
128750.00000 0.01166
128760.00000 0.01157
128770.00000 0.01147
128780.00000 0.01138
128790.00000 0.0113
128800.00000 0.01121
128810.00000 0.01112
128820.00000 0.01103
128830.00000 0.01095
128840.00000 0.01086
128850.00000 0.01078
128860.00000 0.01069
128870.00000 0.01061
128880.00000 0.01053
128890.00000 0.01045
128900.00000 0.01037
128910.00000 0.01029
128920.00000 0.01021
128930.00000 0.01013
128940.00000 0.01006
128950.00000 0.00998
128960.00000 0.0099
128970.00000 0.00983
128980.00000 0.00975
128990.00000 0.00968
129000.00000 0.00961
129010.00000 0.00953
129020.00000 0.00946
129030.00000 0.00939
129040.00000 0.00932
129050.00000 0.00925
129060.00000 0.00918
129070.00000 0.00911
129080.00000 0.00904
129090.00000 0.00897
129100.00000 0.0089
129110.00000 0.00883
129120.00000 0.00877
129130.00000 0.0087
129140.00000 0.00863
129150.00000 0.00857
129160.00000 0.0085
129170.00000 0.00844
129180.00000 0.00837
129190.00000 0.00831
129200.00000 0.00824
129210.00000 0.00818
129220.00000 0.00812
129230.00000 0.00806
129240.00000 0.008
129250.00000 0.00794
129260.00000 0.00788
129270.00000 0.00782
129280.00000 0.00776
129290.00000 0.0077
129300.00000 0.00764
129310.00000 0.00758
129320.00000 0.00752
129330.00000 0.00747
129340.00000 0.00741
129350.00000 0.00735
129360.00000 0.0073
129370.00000 0.00724
129380.00000 0.00718
129390.00000 0.00713
129400.00000 0.00707
129410.00000 0.00702
129420.00000 0.00696
129430.00000 0.00691
129440.00000 0.00685
129450.00000 0.0068
129460.00000 0.00674
129470.00000 0.00669
129480.00000 0.00664
129490.00000 0.00658
129500.00000 0.00653
129510.00000 0.00648
129520.00000 0.00643
129530.00000 0.00637
129540.00000 0.00632
129550.00000 0.00627
129560.00000 0.00622
129570.00000 0.00617
129580.00000 0.00612
129590.00000 0.00606
129600.00000 0.00601
129610.00000 0.00596
129620.00000 0.00591
129630.00000 0.00586
129640.00000 0.00581
129650.00000 0.00576
129660.00000 0.00571
129670.00000 0.00566
129680.00000 0.00561
129690.00000 0.00557
129700.00000 0.00552
129710.00000 0.00547
129720.00000 0.00542
129730.00000 0.00537
129740.00000 0.00532
129750.00000 0.00527
129760.00000 0.00522
129770.00000 0.00518
129780.00000 0.00513
129790.00000 0.00508
129800.00000 0.00503
129810.00000 0.00499
129820.00000 0.00494
129830.00000 0.00489
129840.00000 0.00485
129850.00000 0.0048
129860.00000 0.00476
129870.00000 0.00471
129880.00000 0.00466
129890.00000 0.00462
129900.00000 0.00458
129910.00000 0.00453
129920.00000 0.00449
129930.00000 0.00444
129940.00000 0.0044
129950.00000 0.00436
129960.00000 0.00431
129970.00000 0.00427
129980.00000 0.00423
129990.00000 0.00419
130000.00000 0.00414
130010.00000 0.0041
130020.00000 0.00406
130030.00000 0.00402
143033.00000 0.0
