threeML/data/optical_filters/Gemini/TReCS-nprime.ecsv
# %ECSV 0.9
# ---
# datatype:
# - {name: wavelength, unit: Angstrom, datatype: float32}
# - {name: response, datatype: float32}
# meta: !!omap
# - {band_name: nprime}
# - {group_name: TReCS}
wavelength response
[from data line 1546]
112650.00000 0.86848
112660.00000 0.86851
112670.00000 0.86855
112680.00000 0.86859
112690.00000 0.86863
112700.00000 0.86866
112710.00000 0.8687
112720.00000 0.86873
112730.00000 0.86877
112740.00000 0.86881
112750.00000 0.86884
112760.00000 0.86888
112770.00000 0.86892
112780.00000 0.86895
112790.00000 0.86899
112800.00000 0.86902
112810.00000 0.86906
112820.00000 0.86909
112830.00000 0.86913
112840.00000 0.86916
112850.00000 0.8692
112860.00000 0.86923
112870.00000 0.86926
112880.00000 0.8693
112890.00000 0.86933
112900.00000 0.86936
112910.00000 0.8694
112920.00000 0.86943
112930.00000 0.86946
112940.00000 0.86949
112950.00000 0.86952
112960.00000 0.86955
112970.00000 0.86958
112980.00000 0.86961
112990.00000 0.86964
113000.00000 0.86967
113010.00000 0.8697
113020.00000 0.86973
113030.00000 0.86976
113040.00000 0.86979
113050.00000 0.86982
113060.00000 0.86984
113070.00000 0.86987
113080.00000 0.8699
113090.00000 0.86992
113100.00000 0.86995
113110.00000 0.86998
113120.00000 0.87
113130.00000 0.87003
113140.00000 0.87005
113150.00000 0.87007
113160.00000 0.8701
113170.00000 0.87012
113180.00000 0.87014
113190.00000 0.87016
113200.00000 0.87019
113210.00000 0.87021
113220.00000 0.87023
113230.00000 0.87025
113240.00000 0.87027
113250.00000 0.87029
113260.00000 0.87032
113270.00000 0.87034
113280.00000 0.87036
113290.00000 0.87038
113300.00000 0.8704
113310.00000 0.87042
113320.00000 0.87044
113330.00000 0.87046
113340.00000 0.87048
113350.00000 0.8705
113360.00000 0.87052
113370.00000 0.87054
113380.00000 0.87056
113390.00000 0.87058
113400.00000 0.8706
113410.00000 0.87062
113420.00000 0.87064
113430.00000 0.87066
113440.00000 0.87068
113450.00000 0.8707
113460.00000 0.87072
113470.00000 0.87074
113480.00000 0.87076
113490.00000 0.87078
113500.00000 0.8708
113510.00000 0.87082
113520.00000 0.87084
113530.00000 0.87086
113540.00000 0.87089
113550.00000 0.87091
113560.00000 0.87093
113570.00000 0.87095
113580.00000 0.87097
113590.00000 0.87099
113600.00000 0.87101
113610.00000 0.87103
113620.00000 0.87105
113630.00000 0.87106
113640.00000 0.87108
113650.00000 0.87109
113660.00000 0.87111
113670.00000 0.87112
113680.00000 0.87114
113690.00000 0.87115
113700.00000 0.87116
113710.00000 0.87117
113720.00000 0.87118
113730.00000 0.87119
113740.00000 0.8712
113750.00000 0.8712
113760.00000 0.8712
113770.00000 0.87119
113780.00000 0.87118
113790.00000 0.87118
113800.00000 0.87117
113810.00000 0.87116
113820.00000 0.87115
113830.00000 0.87113
113840.00000 0.87111
113850.00000 0.87109
113860.00000 0.87107
113870.00000 0.87103
113880.00000 0.871
113890.00000 0.87096
113900.00000 0.87091
113910.00000 0.87086
113920.00000 0.8708
113930.00000 0.87074
113940.00000 0.87068
113950.00000 0.87061
113960.00000 0.87054
113970.00000 0.87046
113980.00000 0.87038
113990.00000 0.87029
114000.00000 0.8702
114010.00000 0.87009
114020.00000 0.86998
114030.00000 0.86986
114040.00000 0.86973
114050.00000 0.8696
114060.00000 0.86947
114070.00000 0.86932
114080.00000 0.86918
114090.00000 0.86902
114100.00000 0.86886
114110.00000 0.86868
114120.00000 0.86851
114130.00000 0.86832
114140.00000 0.86812
114150.00000 0.86791
114160.00000 0.8677
114170.00000 0.86747
114180.00000 0.86724
114190.00000 0.867
114200.00000 0.86675
114210.00000 0.86649
114220.00000 0.86623
114230.00000 0.86595
114240.00000 0.86567
114250.00000 0.86538
114260.00000 0.86508
114270.00000 0.86476
114280.00000 0.86444
114290.00000 0.86411
114300.00000 0.86377
114310.00000 0.86342
114320.00000 0.86306
114330.00000 0.86269
114340.00000 0.86231
114350.00000 0.86193
114360.00000 0.86153
114370.00000 0.86113
114380.00000 0.86071
114390.00000 0.86029
114400.00000 0.85986
114410.00000 0.85942
114420.00000 0.85897
114430.00000 0.85852
114440.00000 0.85805
114450.00000 0.85757
114460.00000 0.85708
114470.00000 0.85659
114480.00000 0.85608
114490.00000 0.85557
114500.00000 0.85505
114510.00000 0.85453
114520.00000 0.854
114530.00000 0.85346
114540.00000 0.85293
114550.00000 0.85239
114560.00000 0.85184
114570.00000 0.85128
114580.00000 0.85071
114590.00000 0.85013
114600.00000 0.84955
114610.00000 0.84897
114620.00000 0.84838
114630.00000 0.84779
114640.00000 0.8472
114650.00000 0.84661
114660.00000 0.84602
114670.00000 0.84543
114680.00000 0.84485
114690.00000 0.84426
114700.00000 0.84367
114710.00000 0.84307
114720.00000 0.84247
114730.00000 0.84188
114740.00000 0.84128
114750.00000 0.84068
114760.00000 0.84009
114770.00000 0.8395
114780.00000 0.83892
114790.00000 0.83835
114800.00000 0.83779
114810.00000 0.83723
114820.00000 0.83669
114830.00000 0.83614
114840.00000 0.8356
114850.00000 0.83507
114860.00000 0.83453
114870.00000 0.83401
114880.00000 0.83349
114890.00000 0.83299
114900.00000 0.83249
114910.00000 0.83201
114920.00000 0.83154
114930.00000 0.83108
114940.00000 0.83064
114950.00000 0.83022
114960.00000 0.8298
114970.00000 0.8294
114980.00000 0.829
114990.00000 0.82862
115000.00000 0.82825
115010.00000 0.82789
115020.00000 0.82755
115030.00000 0.82722
115040.00000 0.82691
115050.00000 0.82661
115060.00000 0.82633
115070.00000 0.82607
115080.00000 0.82582
115090.00000 0.82559
115100.00000 0.82538
115110.00000 0.82518
115120.00000 0.825
115130.00000 0.82483
115140.00000 0.82468
115150.00000 0.82454
115160.00000 0.82442
115170.00000 0.82431
115180.00000 0.82422
115190.00000 0.82415
115200.00000 0.82409
115210.00000 0.82404
115220.00000 0.82402
115230.00000 0.82401
115240.00000 0.82402
115250.00000 0.82404
115260.00000 0.82408
115270.00000 0.82413
115280.00000 0.8242
115290.00000 0.82428
115300.00000 0.82437
115310.00000 0.82448
115320.00000 0.8246
115330.00000 0.82473
115340.00000 0.82487
115350.00000 0.82503
115360.00000 0.8252
115370.00000 0.82538
115380.00000 0.82558
115390.00000 0.82579
115400.00000 0.82601
115410.00000 0.82625
115420.00000 0.82649
115430.00000 0.82675
115440.00000 0.82701
115450.00000 0.82729
115460.00000 0.82757
115470.00000 0.82786
115480.00000 0.82816
115490.00000 0.82847
115500.00000 0.82879
115510.00000 0.82912
115520.00000 0.82946
115530.00000 0.82981
115540.00000 0.83017
115550.00000 0.83053
115560.00000 0.83091
115570.00000 0.83129
115580.00000 0.83168
115590.00000 0.83207
115600.00000 0.83247
115610.00000 0.83288
115620.00000 0.83329
115630.00000 0.83371
115640.00000 0.83414
115650.00000 0.83458
115660.00000 0.83502
115670.00000 0.83547
115680.00000 0.83593
115690.00000 0.83639
115700.00000 0.83686
115710.00000 0.83733
115720.00000 0.83781
115730.00000 0.83829
115740.00000 0.83878
115750.00000 0.83927
115760.00000 0.83976
115770.00000 0.84027
115780.00000 0.84078
115790.00000 0.84129
115800.00000 0.84181
115810.00000 0.84234
115820.00000 0.84286
115830.00000 0.8434
115840.00000 0.84393
115850.00000 0.84447
115860.00000 0.84501
115870.00000 0.84555
115880.00000 0.84609
115890.00000 0.84664
115900.00000 0.8472
115910.00000 0.84775
115920.00000 0.84832
115930.00000 0.84888
115940.00000 0.84945
115950.00000 0.85002
115960.00000 0.85059
115970.00000 0.85116
115980.00000 0.85173
115990.00000 0.8523
116000.00000 0.85287
116010.00000 0.85344
116020.00000 0.85401
116030.00000 0.85458
116040.00000 0.85515
116050.00000 0.85573
116060.00000 0.8563
116070.00000 0.85688
116080.00000 0.85745
116090.00000 0.85802
116100.00000 0.85859
116110.00000 0.85916
116120.00000 0.85972
116130.00000 0.86028
116140.00000 0.86084
116150.00000 0.86139
116160.00000 0.86194
116170.00000 0.86249
116180.00000 0.86304
116190.00000 0.86358
116200.00000 0.86412
116210.00000 0.86466
116220.00000 0.8652
116230.00000 0.86573
116240.00000 0.86625
116250.00000 0.86677
116260.00000 0.86728
116270.00000 0.86778
116280.00000 0.86828
116290.00000 0.86877
116300.00000 0.86926
116310.00000 0.86974
116320.00000 0.87021
116330.00000 0.87068
116340.00000 0.87115
116350.00000 0.8716
116360.00000 0.87205
116370.00000 0.8725
116380.00000 0.87293
116390.00000 0.87336
116400.00000 0.87378
116410.00000 0.87419
116420.00000 0.87459
116430.00000 0.87498
116440.00000 0.87537
116450.00000 0.87574
116460.00000 0.87611
116470.00000 0.87648
116480.00000 0.87683
116490.00000 0.87718
116500.00000 0.87752
116510.00000 0.87785
116520.00000 0.87817
116530.00000 0.87848
116540.00000 0.87878
116550.00000 0.87908
116560.00000 0.87936
116570.00000 0.87964
116580.00000 0.8799
116590.00000 0.88016
116600.00000 0.88041
116610.00000 0.88065
116620.00000 0.88088
116630.00000 0.88111
116640.00000 0.88132
116650.00000 0.88153
116660.00000 0.88173
116670.00000 0.88192
116680.00000 0.88211
116690.00000 0.88229
116700.00000 0.88246
116710.00000 0.88262
116720.00000 0.88277
116730.00000 0.88291
116740.00000 0.88304
116750.00000 0.88317
116760.00000 0.88329
116770.00000 0.8834
116780.00000 0.88351
116790.00000 0.88361
116800.00000 0.8837
116810.00000 0.88379
116820.00000 0.88388
116830.00000 0.88395
116840.00000 0.88402
116850.00000 0.88409
116860.00000 0.88414
116870.00000 0.88419
116880.00000 0.88423
116890.00000 0.88427
116900.00000 0.8843
116910.00000 0.88433
116920.00000 0.88435
116930.00000 0.88437
116940.00000 0.88439
116950.00000 0.8844
116960.00000 0.88441
116970.00000 0.88442
116980.00000 0.88442
116990.00000 0.88442
117000.00000 0.88441
117010.00000 0.8844
117020.00000 0.88438
117030.00000 0.88436
117040.00000 0.88434
117050.00000 0.88432
117060.00000 0.8843
117070.00000 0.88427
117080.00000 0.88425
117090.00000 0.88422
117100.00000 0.8842
117110.00000 0.88417
117120.00000 0.88414
117130.00000 0.88411
117140.00000 0.88408
117150.00000 0.88405
117160.00000 0.88401
117170.00000 0.88397
117180.00000 0.88394
117190.00000 0.8839
117200.00000 0.88387
117210.00000 0.88384
117220.00000 0.88381
117230.00000 0.88378
117240.00000 0.88375
117250.00000 0.88372
117260.00000 0.8837
117270.00000 0.88367
117280.00000 0.88365
117290.00000 0.88362
117300.00000 0.8836
117310.00000 0.88358
117320.00000 0.88356
117330.00000 0.88354
117340.00000 0.88352
117350.00000 0.88351
117360.00000 0.88349
117370.00000 0.88348
117380.00000 0.88347
117390.00000 0.88347
117400.00000 0.88346
117410.00000 0.88346
117420.00000 0.88346
117430.00000 0.88346
117440.00000 0.88346
117450.00000 0.88346
117460.00000 0.88347
117470.00000 0.88347
117480.00000 0.88348
117490.00000 0.88349
117500.00000 0.8835
117510.00000 0.88351
117520.00000 0.88352
117530.00000 0.88353
117540.00000 0.88355
117550.00000 0.88357
117560.00000 0.88359
117570.00000 0.88361
117580.00000 0.88363
117590.00000 0.88366
117600.00000 0.88368
117610.00000 0.8837
117620.00000 0.88373
117630.00000 0.88375
117640.00000 0.88377
117650.00000 0.88379
117660.00000 0.88382
117670.00000 0.88384
117680.00000 0.88387
117690.00000 0.88389
117700.00000 0.88392
117710.00000 0.88394
117720.00000 0.88397
117730.00000 0.88399
117740.00000 0.88402
117750.00000 0.88404
117760.00000 0.88406
117770.00000 0.88408
117780.00000 0.8841
117790.00000 0.88412
117800.00000 0.88414
117810.00000 0.88415
117820.00000 0.88417
117830.00000 0.88419
117840.00000 0.8842
117850.00000 0.88422
117860.00000 0.88423
117870.00000 0.88424
117880.00000 0.88425
117890.00000 0.88426
117900.00000 0.88427
117910.00000 0.88427
117920.00000 0.88427
117930.00000 0.88427
117940.00000 0.88426
117950.00000 0.88426
117960.00000 0.88425
117970.00000 0.88425
117980.00000 0.88424
117990.00000 0.88422
118000.00000 0.88421
118010.00000 0.88419
118020.00000 0.88417
118030.00000 0.88415
118040.00000 0.88413
118050.00000 0.8841
118060.00000 0.88407
118070.00000 0.88404
118080.00000 0.884
118090.00000 0.88396
118100.00000 0.88392
118110.00000 0.88388
118120.00000 0.88383
118130.00000 0.88379
118140.00000 0.88373
118150.00000 0.88368
118160.00000 0.88362
118170.00000 0.88356
118180.00000 0.88349
118190.00000 0.88342
118200.00000 0.88335
118210.00000 0.88327
118220.00000 0.88319
118230.00000 0.8831
118240.00000 0.88301
118250.00000 0.88292
118260.00000 0.88283
118270.00000 0.88273
118280.00000 0.88262
118290.00000 0.88251
118300.00000 0.8824
118310.00000 0.88229
118320.00000 0.88216
118330.00000 0.88204
118340.00000 0.88191
118350.00000 0.88177
118360.00000 0.88163
118370.00000 0.88149
118380.00000 0.88134
118390.00000 0.88119
118400.00000 0.88103
118410.00000 0.88087
118420.00000 0.8807
118430.00000 0.88053
118440.00000 0.88036
118450.00000 0.88018
118460.00000 0.87999
118470.00000 0.8798
118480.00000 0.87961
118490.00000 0.87941
118500.00000 0.8792
118510.00000 0.87899
118520.00000 0.87878
118530.00000 0.87856
118540.00000 0.87833
118550.00000 0.8781
118560.00000 0.87787
118570.00000 0.87763
118580.00000 0.87739
118590.00000 0.87715
118600.00000 0.8769
118610.00000 0.87665
118620.00000 0.8764
118630.00000 0.87614
118640.00000 0.87588
118650.00000 0.87561
118660.00000 0.87534
118670.00000 0.87506
118680.00000 0.87479
118690.00000 0.8745
118700.00000 0.87422
118710.00000 0.87393
118720.00000 0.87364
118730.00000 0.87335
118740.00000 0.87306
118750.00000 0.87277
118760.00000 0.87248
118770.00000 0.87219
118780.00000 0.87189
118790.00000 0.87159
118800.00000 0.87129
118810.00000 0.87099
118820.00000 0.87068
118830.00000 0.87038
118840.00000 0.87007
118850.00000 0.86977
118860.00000 0.86946
118870.00000 0.86916
118880.00000 0.86886
118890.00000 0.86856
118900.00000 0.86826
118910.00000 0.86797
118920.00000 0.86768
118930.00000 0.86739
118940.00000 0.8671
118950.00000 0.8668
118960.00000 0.86652
118970.00000 0.86623
118980.00000 0.86594
118990.00000 0.86566
119000.00000 0.86538
119010.00000 0.8651
119020.00000 0.86483
119030.00000 0.86457
119040.00000 0.8643
119050.00000 0.86405
119060.00000 0.8638
119070.00000 0.86355
119080.00000 0.8633
119090.00000 0.86306
119100.00000 0.86282
119110.00000 0.86258
119120.00000 0.86235
119130.00000 0.86212
119140.00000 0.8619
119150.00000 0.86168
119160.00000 0.86147
119170.00000 0.86126
119180.00000 0.86105
119190.00000 0.86085
119200.00000 0.86066
119210.00000 0.86047
119220.00000 0.86028
119230.00000 0.86011
119240.00000 0.85993
119250.00000 0.85976
119260.00000 0.8596
119270.00000 0.85943
119280.00000 0.85927
119290.00000 0.85912
119300.00000 0.85897
119310.00000 0.85882
119320.00000 0.85867
119330.00000 0.85853
119340.00000 0.85839
119350.00000 0.85825
119360.00000 0.85812
119370.00000 0.85799
119380.00000 0.85787
119390.00000 0.85775
119400.00000 0.85763
119410.00000 0.85751
119420.00000 0.8574
119430.00000 0.85728
119440.00000 0.85717
119450.00000 0.85706
119460.00000 0.85695
119470.00000 0.85684
119480.00000 0.85672
119490.00000 0.85661
119500.00000 0.8565
119510.00000 0.8564
119520.00000 0.85629
119530.00000 0.85619
119540.00000 0.85609
119550.00000 0.85598
119560.00000 0.85588
119570.00000 0.85577
119580.00000 0.85567
119590.00000 0.85556
119600.00000 0.85545
119610.00000 0.85534
119620.00000 0.85522
119630.00000 0.85511
119640.00000 0.85499
119650.00000 0.85487
119660.00000 0.85475
119670.00000 0.85463
119680.00000 0.85451
119690.00000 0.85439
119700.00000 0.85426
119710.00000 0.85413
119720.00000 0.85401
119730.00000 0.85387
119740.00000 0.85374
119750.00000 0.8536
119760.00000 0.85346
119770.00000 0.85332
119780.00000 0.85317
119790.00000 0.85303
119800.00000 0.85288
119810.00000 0.85273
119820.00000 0.85257
119830.00000 0.85241
119840.00000 0.85226
119850.00000 0.8521
119860.00000 0.85193
119870.00000 0.85177
119880.00000 0.8516
119890.00000 0.85143
119900.00000 0.85126
119910.00000 0.85109
119920.00000 0.85091
119930.00000 0.85074
119940.00000 0.85056
119950.00000 0.85037
119960.00000 0.85019
119970.00000 0.85001
119980.00000 0.84982
119990.00000 0.84963
120000.00000 0.84944
120010.00000 0.84925
120020.00000 0.84905
120030.00000 0.84886
120040.00000 0.84866
120050.00000 0.84847
120060.00000 0.84827
120070.00000 0.84807
120080.00000 0.84787
120090.00000 0.84767
120100.00000 0.84747
120110.00000 0.84726
120120.00000 0.84706
120130.00000 0.84685
120140.00000 0.84664
120150.00000 0.84643
120160.00000 0.84623
120170.00000 0.84602
120180.00000 0.84581
120190.00000 0.8456
120200.00000 0.84539
120210.00000 0.84518
120220.00000 0.84496
120230.00000 0.84475
120240.00000 0.84454
120250.00000 0.84432
120260.00000 0.84411
120270.00000 0.84389
120280.00000 0.84368
120290.00000 0.84346
