threeML/data/optical_filters/Gemini/TReCS-nprime.ecsv
# %ECSV 0.9
# ---
# datatype:
# - {name: wavelength, unit: Angstrom, datatype: float32}
# - {name: response, datatype: float32}
# meta: !!omap
# - {band_name: nprime}
# - {group_name: TReCS}
wavelength response
[from data line 780]
104990.00000 0.91616
105000.00000 0.91607
105010.00000 0.91598
105020.00000 0.91588
105030.00000 0.91578
105040.00000 0.91567
105050.00000 0.91556
105060.00000 0.91545
105070.00000 0.91533
105080.00000 0.9152
105090.00000 0.91508
105100.00000 0.91494
105110.00000 0.91481
105120.00000 0.91467
105130.00000 0.91453
105140.00000 0.91438
105150.00000 0.91423
105160.00000 0.91409
105170.00000 0.91393
105180.00000 0.91378
105190.00000 0.91362
105200.00000 0.91346
105210.00000 0.9133
105220.00000 0.91313
105230.00000 0.91296
105240.00000 0.91279
105250.00000 0.91262
105260.00000 0.91244
105270.00000 0.91227
105280.00000 0.91208
105290.00000 0.9119
105300.00000 0.91171
105310.00000 0.91152
105320.00000 0.91133
105330.00000 0.91113
105340.00000 0.91094
105350.00000 0.91074
105360.00000 0.91054
105370.00000 0.91034
105380.00000 0.91014
105390.00000 0.90994
105400.00000 0.90973
105410.00000 0.90953
105420.00000 0.90932
105430.00000 0.90911
105440.00000 0.9089
105450.00000 0.90869
105460.00000 0.90848
105470.00000 0.90827
105480.00000 0.90805
105490.00000 0.90783
105500.00000 0.90761
105510.00000 0.90739
105520.00000 0.90717
105530.00000 0.90695
105540.00000 0.90672
105550.00000 0.9065
105560.00000 0.90627
105570.00000 0.90604
105580.00000 0.90581
105590.00000 0.90558
105600.00000 0.90536
105610.00000 0.90513
105620.00000 0.9049
105630.00000 0.90467
105640.00000 0.90444
105650.00000 0.9042
105660.00000 0.90397
105670.00000 0.90374
105680.00000 0.90351
105690.00000 0.90327
105700.00000 0.90304
105710.00000 0.90281
105720.00000 0.90257
105730.00000 0.90234
105740.00000 0.90211
105750.00000 0.90187
105760.00000 0.90164
105770.00000 0.9014
105780.00000 0.90117
105790.00000 0.90093
105800.00000 0.9007
105810.00000 0.90047
105820.00000 0.90023
105830.00000 0.9
105840.00000 0.89977
105850.00000 0.89954
105860.00000 0.89931
105870.00000 0.89908
105880.00000 0.89885
105890.00000 0.89862
105900.00000 0.89839
105910.00000 0.89816
105920.00000 0.89793
105930.00000 0.8977
105940.00000 0.89747
105950.00000 0.89724
105960.00000 0.89701
105970.00000 0.89679
105980.00000 0.89656
105990.00000 0.89633
106000.00000 0.8961
106010.00000 0.89587
106020.00000 0.89564
106030.00000 0.89541
106040.00000 0.89518
106050.00000 0.89495
106060.00000 0.89472
106070.00000 0.89449
106080.00000 0.89426
106090.00000 0.89403
106100.00000 0.89379
106110.00000 0.89356
106120.00000 0.89333
106130.00000 0.8931
106140.00000 0.89287
106150.00000 0.89263
106160.00000 0.8924
106170.00000 0.89217
106180.00000 0.89193
106190.00000 0.8917
106200.00000 0.89146
106210.00000 0.89123
106220.00000 0.89099
106230.00000 0.89076
106240.00000 0.89052
106250.00000 0.89028
106260.00000 0.89004
106270.00000 0.88981
106280.00000 0.88957
106290.00000 0.88933
106300.00000 0.88909
106310.00000 0.88885
106320.00000 0.88862
106330.00000 0.88838
106340.00000 0.88814
106350.00000 0.8879
106360.00000 0.88766
106370.00000 0.88741
106380.00000 0.88717
106390.00000 0.88693
106400.00000 0.88669
106410.00000 0.88644
106420.00000 0.8862
106430.00000 0.88595
106440.00000 0.88571
106450.00000 0.88546
106460.00000 0.88522
106470.00000 0.88497
106480.00000 0.88472
106490.00000 0.88448
106500.00000 0.88423
106510.00000 0.88398
106520.00000 0.88373
106530.00000 0.88348
106540.00000 0.88323
106550.00000 0.88298
106560.00000 0.88273
106570.00000 0.88248
106580.00000 0.88223
106590.00000 0.88198
106600.00000 0.88173
106610.00000 0.88148
106620.00000 0.88123
106630.00000 0.88098
106640.00000 0.88073
106650.00000 0.88048
106660.00000 0.88023
106670.00000 0.87998
106680.00000 0.87973
106690.00000 0.87948
106700.00000 0.87924
106710.00000 0.87899
106720.00000 0.87875
106730.00000 0.87852
106740.00000 0.87828
106750.00000 0.87804
106760.00000 0.87781
106770.00000 0.87758
106780.00000 0.87735
106790.00000 0.87712
106800.00000 0.87689
106810.00000 0.87667
106820.00000 0.87646
106830.00000 0.87625
106840.00000 0.87604
106850.00000 0.87584
106860.00000 0.87564
106870.00000 0.87544
106880.00000 0.87525
106890.00000 0.87506
106900.00000 0.87488
106910.00000 0.8747
106920.00000 0.87452
106930.00000 0.87436
106940.00000 0.8742
106950.00000 0.87404
106960.00000 0.8739
106970.00000 0.87376
106980.00000 0.87362
106990.00000 0.87349
107000.00000 0.87336
107010.00000 0.87324
107020.00000 0.87313
107030.00000 0.87302
107040.00000 0.87292
107050.00000 0.87283
107060.00000 0.87275
107070.00000 0.87267
107080.00000 0.87259
107090.00000 0.87253
107100.00000 0.87247
107110.00000 0.87242
107120.00000 0.87237
107130.00000 0.87233
107140.00000 0.8723
107150.00000 0.87227
107160.00000 0.87225
107170.00000 0.87223
107180.00000 0.87222
107190.00000 0.87221
107200.00000 0.87222
107210.00000 0.87222
107220.00000 0.87224
107230.00000 0.87226
107240.00000 0.87228
107250.00000 0.87231
107260.00000 0.87235
107270.00000 0.87238
107280.00000 0.87242
107290.00000 0.87247
107300.00000 0.87251
107310.00000 0.87257
107320.00000 0.87262
107330.00000 0.87268
107340.00000 0.87275
107350.00000 0.87281
107360.00000 0.87289
107370.00000 0.87296
107380.00000 0.87304
107390.00000 0.87311
107400.00000 0.87319
107410.00000 0.87327
107420.00000 0.87335
107430.00000 0.87343
107440.00000 0.87352
107450.00000 0.87361
107460.00000 0.8737
107470.00000 0.87379
107480.00000 0.87388
107490.00000 0.87398
107500.00000 0.87407
107510.00000 0.87417
107520.00000 0.87426
107530.00000 0.87435
107540.00000 0.87445
107550.00000 0.87454
107560.00000 0.87464
107570.00000 0.87474
107580.00000 0.87483
107590.00000 0.87493
107600.00000 0.87503
107610.00000 0.87513
107620.00000 0.87523
107630.00000 0.87533
107640.00000 0.87542
107650.00000 0.87552
107660.00000 0.87562
107670.00000 0.87572
107680.00000 0.87581
107690.00000 0.87591
107700.00000 0.87601
107710.00000 0.87611
107720.00000 0.87621
107730.00000 0.87631
107740.00000 0.8764
107750.00000 0.8765
107760.00000 0.8766
107770.00000 0.87669
107780.00000 0.87679
107790.00000 0.87688
107800.00000 0.87698
107810.00000 0.87707
107820.00000 0.87717
107830.00000 0.87726
107840.00000 0.87736
107850.00000 0.87745
107860.00000 0.87754
107870.00000 0.87763
107880.00000 0.87772
107890.00000 0.87782
107900.00000 0.87791
107910.00000 0.87799
107920.00000 0.87808
107930.00000 0.87817
107940.00000 0.87826
107950.00000 0.87835
107960.00000 0.87843
107970.00000 0.87851
107980.00000 0.8786
107990.00000 0.87868
108000.00000 0.87876
108010.00000 0.87884
108020.00000 0.87892
108030.00000 0.87899
108040.00000 0.87907
108050.00000 0.87914
108060.00000 0.87922
108070.00000 0.87929
108080.00000 0.87936
108090.00000 0.87943
108100.00000 0.8795
108110.00000 0.87956
108120.00000 0.87963
108130.00000 0.87969
108140.00000 0.87976
108150.00000 0.87982
108160.00000 0.87988
108170.00000 0.87994
108180.00000 0.88
108190.00000 0.88005
108200.00000 0.88011
108210.00000 0.88016
108220.00000 0.88021
108230.00000 0.88026
108240.00000 0.88031
108250.00000 0.88035
108260.00000 0.8804
108270.00000 0.88044
108280.00000 0.88048
108290.00000 0.88052
108300.00000 0.88056
108310.00000 0.8806
108320.00000 0.88063
108330.00000 0.88067
108340.00000 0.8807
108350.00000 0.88072
108360.00000 0.88075
108370.00000 0.88078
108380.00000 0.8808
108390.00000 0.88082
108400.00000 0.88084
108410.00000 0.88086
108420.00000 0.88087
108430.00000 0.88088
108440.00000 0.88089
108450.00000 0.8809
108460.00000 0.88091
108470.00000 0.88091
108480.00000 0.88091
108490.00000 0.88091
108500.00000 0.8809
108510.00000 0.88089
108520.00000 0.88088
108530.00000 0.88087
108540.00000 0.88086
108550.00000 0.88084
108560.00000 0.88082
108570.00000 0.8808
108580.00000 0.88078
108590.00000 0.88075
108600.00000 0.88072
108610.00000 0.88069
108620.00000 0.88065
108630.00000 0.88062
108640.00000 0.88058
108650.00000 0.88054
108660.00000 0.8805
108670.00000 0.88046
108680.00000 0.88041
108690.00000 0.88037
108700.00000 0.88032
108710.00000 0.88028
108720.00000 0.88023
108730.00000 0.88018
108740.00000 0.88012
108750.00000 0.88007
108760.00000 0.88002
108770.00000 0.87996
108780.00000 0.87991
108790.00000 0.87986
108800.00000 0.87981
108810.00000 0.87976
108820.00000 0.87971
108830.00000 0.87966
108840.00000 0.87961
108850.00000 0.87956
108860.00000 0.87952
108870.00000 0.87947
108880.00000 0.87942
108890.00000 0.87938
108900.00000 0.87934
108910.00000 0.8793
108920.00000 0.87926
108930.00000 0.87923
108940.00000 0.8792
108950.00000 0.87917
108960.00000 0.87914
108970.00000 0.87912
108980.00000 0.8791
108990.00000 0.87908
109000.00000 0.87906
109010.00000 0.87905
109020.00000 0.87903
109030.00000 0.87902
109040.00000 0.87902
109050.00000 0.87901
109060.00000 0.87901
109070.00000 0.87901
109080.00000 0.87902
109090.00000 0.87903
109100.00000 0.87904
109110.00000 0.87905
109120.00000 0.87907
109130.00000 0.87908
109140.00000 0.8791
109150.00000 0.87912
109160.00000 0.87914
109170.00000 0.87917
109180.00000 0.87919
109190.00000 0.87922
109200.00000 0.87925
109210.00000 0.87928
109220.00000 0.87931
109230.00000 0.87935
109240.00000 0.87938
109250.00000 0.87942
109260.00000 0.87945
109270.00000 0.87948
109280.00000 0.87952
109290.00000 0.87955
109300.00000 0.87958
109310.00000 0.87961
109320.00000 0.87964
109330.00000 0.87968
109340.00000 0.87971
109350.00000 0.87974
109360.00000 0.87977
109370.00000 0.8798
109380.00000 0.87983
109390.00000 0.87986
109400.00000 0.87988
109410.00000 0.8799
109420.00000 0.87991
109430.00000 0.87993
109440.00000 0.87994
109450.00000 0.87996
109460.00000 0.87997
109470.00000 0.87998
109480.00000 0.87998
109490.00000 0.87999
109500.00000 0.87999
109510.00000 0.87999
109520.00000 0.87998
109530.00000 0.87997
109540.00000 0.87996
109550.00000 0.87994
109560.00000 0.87992
109570.00000 0.8799
109580.00000 0.87988
109590.00000 0.87985
109600.00000 0.87982
109610.00000 0.87979
109620.00000 0.87975
109630.00000 0.87972
109640.00000 0.87968
109650.00000 0.87963
109660.00000 0.87959
109670.00000 0.87954
109680.00000 0.87948
109690.00000 0.87943
109700.00000 0.87937
109710.00000 0.87931
109720.00000 0.87924
109730.00000 0.87918
109740.00000 0.87911
109750.00000 0.87904
109760.00000 0.87897
109770.00000 0.8789
109780.00000 0.87882
109790.00000 0.87875
109800.00000 0.87867
109810.00000 0.87858
109820.00000 0.8785
109830.00000 0.87842
109840.00000 0.87833
109850.00000 0.87824
109860.00000 0.87815
109870.00000 0.87806
109880.00000 0.87797
109890.00000 0.87788
109900.00000 0.87779
109910.00000 0.8777
109920.00000 0.8776
109930.00000 0.87751
109940.00000 0.87741
109950.00000 0.87732
109960.00000 0.87722
109970.00000 0.87712
109980.00000 0.87702
109990.00000 0.87692
110000.00000 0.87682
110010.00000 0.87673
110020.00000 0.87663
110030.00000 0.87653
110040.00000 0.87643
110050.00000 0.87633
110060.00000 0.87623
110070.00000 0.87612
110080.00000 0.87602
110090.00000 0.87592
110100.00000 0.87582
110110.00000 0.87572
110120.00000 0.87562
110130.00000 0.87551
110140.00000 0.87541
110150.00000 0.87531
110160.00000 0.87521
110170.00000 0.8751
110180.00000 0.875
110190.00000 0.8749
110200.00000 0.8748
110210.00000 0.87469
110220.00000 0.87459
110230.00000 0.87448
110240.00000 0.87438
110250.00000 0.87428
110260.00000 0.87417
110270.00000 0.87407
110280.00000 0.87396
110290.00000 0.87386
110300.00000 0.87375
110310.00000 0.87365
110320.00000 0.87354
110330.00000 0.87343
110340.00000 0.87333
110350.00000 0.87322
110360.00000 0.87311
110370.00000 0.87301
110380.00000 0.8729
110390.00000 0.87279
110400.00000 0.87268
110410.00000 0.87257
110420.00000 0.87246
110430.00000 0.87235
110440.00000 0.87224
110450.00000 0.87213
110460.00000 0.87202
110470.00000 0.87191
110480.00000 0.8718
110490.00000 0.87169
110500.00000 0.87158
110510.00000 0.87146
110520.00000 0.87135
110530.00000 0.87124
110540.00000 0.87112
110550.00000 0.87101
110560.00000 0.87089
110570.00000 0.87078
110580.00000 0.87066
110590.00000 0.87055
110600.00000 0.87044
110610.00000 0.87032
110620.00000 0.87021
110630.00000 0.8701
110640.00000 0.86998
110650.00000 0.86987
110660.00000 0.86975
110670.00000 0.86964
110680.00000 0.86952
110690.00000 0.86941
110700.00000 0.8693
110710.00000 0.86919
110720.00000 0.86908
110730.00000 0.86897
110740.00000 0.86886
110750.00000 0.86875
110760.00000 0.86864
110770.00000 0.86854
110780.00000 0.86843
110790.00000 0.86833
110800.00000 0.86822
110810.00000 0.86812
110820.00000 0.86802
110830.00000 0.86792
110840.00000 0.86782
110850.00000 0.86772
110860.00000 0.86763
110870.00000 0.86754
110880.00000 0.86745
110890.00000 0.86736
110900.00000 0.86727
110910.00000 0.86719
110920.00000 0.8671
110930.00000 0.86702
110940.00000 0.86694
110950.00000 0.86686
110960.00000 0.86679
110970.00000 0.86671
110980.00000 0.86664
110990.00000 0.86657
111000.00000 0.8665
111010.00000 0.86644
111020.00000 0.86638
111030.00000 0.86632
111040.00000 0.86626
111050.00000 0.8662
111060.00000 0.86615
111070.00000 0.8661
111080.00000 0.86605
111090.00000 0.866
111100.00000 0.86595
111110.00000 0.86591
111120.00000 0.86586
111130.00000 0.86582
111140.00000 0.86579
111150.00000 0.86575
111160.00000 0.86572
111170.00000 0.86569
111180.00000 0.86566
111190.00000 0.86563
111200.00000 0.8656
111210.00000 0.86558
111220.00000 0.86555
111230.00000 0.86553
111240.00000 0.86551
111250.00000 0.86549
111260.00000 0.86547
111270.00000 0.86546
111280.00000 0.86544
111290.00000 0.86543
111300.00000 0.86542
111310.00000 0.8654
111320.00000 0.86539
111330.00000 0.86538
111340.00000 0.86538
111350.00000 0.86537
111360.00000 0.86536
111370.00000 0.86535
111380.00000 0.86535
111390.00000 0.86534
111400.00000 0.86534
111410.00000 0.86534
111420.00000 0.86533
111430.00000 0.86533
111440.00000 0.86533
111450.00000 0.86533
111460.00000 0.86533
111470.00000 0.86533
111480.00000 0.86533
111490.00000 0.86533
111500.00000 0.86533
111510.00000 0.86533
111520.00000 0.86533
111530.00000 0.86533
111540.00000 0.86534
111550.00000 0.86534
111560.00000 0.86534
111570.00000 0.86534
111580.00000 0.86535
111590.00000 0.86535
111600.00000 0.86536
111610.00000 0.86536
111620.00000 0.86537
111630.00000 0.86538
111640.00000 0.86538
111650.00000 0.86539
111660.00000 0.8654
111670.00000 0.8654
111680.00000 0.86541
111690.00000 0.86542
111700.00000 0.86543
111710.00000 0.86544
111720.00000 0.86545
111730.00000 0.86546
111740.00000 0.86548
111750.00000 0.86549
111760.00000 0.8655
111770.00000 0.86552
111780.00000 0.86553
111790.00000 0.86555
111800.00000 0.86556
111810.00000 0.86558
111820.00000 0.86559
111830.00000 0.86561
111840.00000 0.86563
111850.00000 0.86565
111860.00000 0.86567
111870.00000 0.86569
111880.00000 0.86571
111890.00000 0.86573
111900.00000 0.86576
111910.00000 0.86578
111920.00000 0.86581
111930.00000 0.86583
111940.00000 0.86586
111950.00000 0.86588
111960.00000 0.86591
111970.00000 0.86594
111980.00000 0.86596
111990.00000 0.86599
112000.00000 0.86602
112010.00000 0.86605
112020.00000 0.86608
112030.00000 0.86611
112040.00000 0.86614
112050.00000 0.86617
112060.00000 0.86621
112070.00000 0.86624
112080.00000 0.86627
112090.00000 0.86631
112100.00000 0.86634
112110.00000 0.86638
112120.00000 0.86641
112130.00000 0.86645
112140.00000 0.86648
112150.00000 0.86652
112160.00000 0.86655
112170.00000 0.86659
112180.00000 0.86663
112190.00000 0.86667
112200.00000 0.8667
112210.00000 0.86674
112220.00000 0.86678
112230.00000 0.86682
112240.00000 0.86686
112250.00000 0.8669
112260.00000 0.86693
112270.00000 0.86697
112280.00000 0.86701
112290.00000 0.86705
112300.00000 0.86709
112310.00000 0.86713
112320.00000 0.86718
112330.00000 0.86722
112340.00000 0.86726
112350.00000 0.8673
112360.00000 0.86734
112370.00000 0.86738
112380.00000 0.86742
112390.00000 0.86746
112400.00000 0.8675
112410.00000 0.86754
112420.00000 0.86758
112430.00000 0.86762
112440.00000 0.86766
112450.00000 0.8677
112460.00000 0.86774
112470.00000 0.86778
112480.00000 0.86782
112490.00000 0.86786
112500.00000 0.8679
112510.00000 0.86793
112520.00000 0.86797
112530.00000 0.86801
112540.00000 0.86805
112550.00000 0.86809
112560.00000 0.86813
112570.00000 0.86817
112580.00000 0.86821
112590.00000 0.86825
112600.00000 0.86829
112610.00000 0.86833
112620.00000 0.86836
112630.00000 0.8684
