threeML/data/optical_filters/WHT/INGRID-H2_2_w.ecsv
# %ECSV 0.9
# ---
# datatype:
# - {name: wavelength, unit: Angstrom, datatype: float32}
# - {name: response, datatype: float32}
# meta: !!omap
# - {band_name: H2_2_w}
# - {group_name: INGRID}
wavelength response
20002.50000 0.0
22225.00000 0.004081
22230.00000 0.004551
22235.00000 0.005176
22240.00000 0.005754
22245.00000 0.006433
22250.00000 0.007194
22255.00000 0.008108
22260.00000 0.009302
22265.00000 0.010617
22270.00000 0.011996
22275.00000 0.013674
22280.00000 0.015612
22285.00000 0.017868
22290.00000 0.020522
22295.00000 0.023954
22300.00000 0.027479
22305.00000 0.031669
22310.00000 0.036493
22315.00000 0.041285
22320.00000 0.048101
22325.00000 0.056276
22330.00000 0.065001
22335.00000 0.073619
22340.00000 0.083527
22345.00000 0.094958
22350.00000 0.107065
22355.00000 0.122068
22360.00000 0.137859
22365.00000 0.152386
22370.00000 0.168396
22375.00000 0.184749
22380.00000 0.202464
22385.00000 0.221819
22390.00000 0.242845
22395.00000 0.261369
22400.00000 0.279224
22405.00000 0.297254
22410.00000 0.314882
22415.00000 0.334109
22420.00000 0.352792
22425.00000 0.370448
22430.00000 0.385229
22435.00000 0.399519
22440.00000 0.41352
22445.00000 0.426857
22450.00000 0.440978
22455.00000 0.452714
22460.00000 0.463097
22465.00000 0.472731
22470.00000 0.481749
22475.00000 0.490349
22480.00000 0.49821
22485.00000 0.506567
22490.00000 0.512923
22495.00000 0.518646
22500.00000 0.52444
22505.00000 0.529539
22510.00000 0.534366
22515.00000 0.538953
22520.00000 0.542817
22525.00000 0.545998
22530.00000 0.548894
22535.00000 0.551326
22540.00000 0.552772
22545.00000 0.554414
22550.00000 0.555125
22555.00000 0.555221
22560.00000 0.555109
22565.00000 0.554446
22570.00000 0.55314
22575.00000 0.550975
22580.00000 0.548719
22585.00000 0.546433
22590.00000 0.543881
22595.00000 0.541194
22600.00000 0.538155
22605.00000 0.53516
22610.00000 0.531938
22615.00000 0.529109
22620.00000 0.526409
22625.00000 0.524069
22630.00000 0.521942
22635.00000 0.519751
22640.00000 0.517425
22645.00000 0.515423
22650.00000 0.513533
22655.00000 0.511413
22660.00000 0.509066
22665.00000 0.506077
22670.00000 0.502345
22675.00000 0.498124
22680.00000 0.493724
22685.00000 0.488471
22690.00000 0.482287
22695.00000 0.474687
22700.00000 0.464734
22705.00000 0.454906
22710.00000 0.444762
22715.00000 0.431677
22720.00000 0.420187
22725.00000 0.404648
22730.00000 0.390252
22735.00000 0.371332
22740.00000 0.352182
22745.00000 0.333929
22750.00000 0.315999
22755.00000 0.296933
22760.00000 0.276155
22765.00000 0.254332
22770.00000 0.232912
22775.00000 0.213436
22780.00000 0.194305
22785.00000 0.175775
22790.00000 0.15811
22795.00000 0.139879
22800.00000 0.121664
22805.00000 0.107496
22810.00000 0.094596
22815.00000 0.082674
22820.00000 0.071412
22825.00000 0.061373
22830.00000 0.051971
22835.00000 0.045
22840.00000 0.038766
22845.00000 0.033615
22850.00000 0.028978
22855.00000 0.02514
22860.00000 0.021476
22865.00000 0.018685
22870.00000 0.016325
22875.00000 0.014412
22880.00000 0.012799
22885.00000 0.011308
22890.00000 0.009966
22895.00000 0.008804
22900.00000 0.007876
22905.00000 0.007063
22910.00000 0.006397
22915.00000 0.005759
22920.00000 0.005172
22925.00000 0.004647
22930.00000 0.004216
25223.00000 0.0
