threeML/data/optical_filters/WHT/INGRID-J.ecsv
# %ECSV 0.9
# ---
# datatype:
# - {name: wavelength, unit: Angstrom, datatype: float32}
# - {name: response, datatype: float32}
# meta: !!omap
# - {band_name: J}
# - {group_name: INGRID}
wavelength response
10354.50000 0.0
11505.00000 0.004315
11510.00000 0.004793
11515.00000 0.005353
11520.00000 0.00592
11525.00000 0.006548
11530.00000 0.007279
11535.00000 0.007977
11540.00000 0.008869
11545.00000 0.009861
11550.00000 0.010979
11555.00000 0.012096
11560.00000 0.013325
11565.00000 0.01467
11570.00000 0.016137
11575.00000 0.018021
11580.00000 0.020007
11585.00000 0.022233
11590.00000 0.024467
11595.00000 0.026895
11600.00000 0.029752
11605.00000 0.033014
11610.00000 0.036768
11615.00000 0.04091
11620.00000 0.045108
11625.00000 0.04964
11630.00000 0.054761
11635.00000 0.061086
11640.00000 0.067924
11645.00000 0.075922
11650.00000 0.084758
11655.00000 0.094097
11660.00000 0.10436
11665.00000 0.116558
11670.00000 0.131822
11675.00000 0.148003
11680.00000 0.16588
11685.00000 0.185801
11690.00000 0.206851
11695.00000 0.23049
11700.00000 0.259396
11705.00000 0.290172
11710.00000 0.322783
11715.00000 0.355513
11720.00000 0.391312
11725.00000 0.427381
11730.00000 0.466606
11735.00000 0.510904
11740.00000 0.551556
11745.00000 0.590297
11750.00000 0.625075
11755.00000 0.661049
11760.00000 0.693399
11765.00000 0.724723
11770.00000 0.752849
11775.00000 0.774313
11780.00000 0.792437
11785.00000 0.808009
11790.00000 0.819091
11795.00000 0.826549
11800.00000 0.831286
11805.00000 0.833084
11810.00000 0.833161
11815.00000 0.831555
11820.00000 0.829527
11825.00000 0.825946
11830.00000 0.822724
11835.00000 0.819621
11840.00000 0.818773
11845.00000 0.815648
11850.00000 0.812368
11855.00000 0.809913
11860.00000 0.807303
11865.00000 0.805705
11870.00000 0.804204
11875.00000 0.803463
11880.00000 0.80292
11885.00000 0.802976
11890.00000 0.80287
11895.00000 0.803594
11900.00000 0.804386
11905.00000 0.805493
11910.00000 0.806448
11915.00000 0.807811
11920.00000 0.809716
11925.00000 0.8113
11930.00000 0.812701
11935.00000 0.812491
11940.00000 0.815075
11945.00000 0.815391
11950.00000 0.81767
11955.00000 0.819406
11960.00000 0.821642
11965.00000 0.823598
11970.00000 0.825739
11975.00000 0.827501
11980.00000 0.829599
11985.00000 0.831974
11990.00000 0.833293
11995.00000 0.83594
12000.00000 0.838333
12005.00000 0.840367
12010.00000 0.843565
12015.00000 0.845523
12020.00000 0.847941
12025.00000 0.850212
12030.00000 0.85273
12035.00000 0.855348
12040.00000 0.857898
12045.00000 0.860215
12050.00000 0.862993
12055.00000 0.865511
12060.00000 0.867527
12065.00000 0.870053
12070.00000 0.872051
12075.00000 0.874379
12080.00000 0.876596
12085.00000 0.878523
12090.00000 0.879793
12095.00000 0.881042
12100.00000 0.882692
12105.00000 0.884044
12110.00000 0.884555
12115.00000 0.885299
12120.00000 0.885888
12125.00000 0.885802
12130.00000 0.885743
12135.00000 0.885336
12140.00000 0.884735
12145.00000 0.884191
12150.00000 0.883336
12155.00000 0.882085
12160.00000 0.880929
12165.00000 0.879488
12170.00000 0.877897
12175.00000 0.876462
12180.00000 0.874613
12185.00000 0.872402
12190.00000 0.870841
12195.00000 0.869298
12200.00000 0.867235
12205.00000 0.864821
12210.00000 0.863206
12215.00000 0.861488
12220.00000 0.860166
12225.00000 0.858238
12230.00000 0.8567
12235.00000 0.855313
12240.00000 0.853859
12245.00000 0.853115
12250.00000 0.851863
12255.00000 0.851032
12260.00000 0.850226
12265.00000 0.849713
12270.00000 0.849278
12275.00000 0.848872
12280.00000 0.84892
12285.00000 0.84866
12290.00000 0.84878
12295.00000 0.848952
12300.00000 0.8492
12305.00000 0.849551
12310.00000 0.850154
12315.00000 0.850708
12320.00000 0.851296
12325.00000 0.851867
12330.00000 0.852298
12335.00000 0.85287
12340.00000 0.853896
12345.00000 0.854451
12350.00000 0.855142
12355.00000 0.855907
12360.00000 0.856652
12365.00000 0.857758
12370.00000 0.858262
12375.00000 0.859004
12380.00000 0.859305
12385.00000 0.860162
12390.00000 0.860772
12395.00000 0.861407
12400.00000 0.861928
12405.00000 0.862198
12410.00000 0.862997
12415.00000 0.863398
12420.00000 0.864056
12425.00000 0.864484
12430.00000 0.865131
12435.00000 0.866088
12440.00000 0.866678
12445.00000 0.866896
12450.00000 0.867686
12455.00000 0.86825
12460.00000 0.869071
12465.00000 0.869692
12470.00000 0.870389
12475.00000 0.871257
12480.00000 0.872007
12485.00000 0.872989
12490.00000 0.87393
12495.00000 0.874887
12500.00000 0.87569
12505.00000 0.877219
12510.00000 0.8781
12515.00000 0.87897
12520.00000 0.880603
12525.00000 0.881923
12530.00000 0.883258
12535.00000 0.883909
12540.00000 0.885363
12545.00000 0.886704
12550.00000 0.888434
12555.00000 0.889104
12560.00000 0.890768
12565.00000 0.892032
12570.00000 0.893288
12575.00000 0.894185
12580.00000 0.895286
12585.00000 0.896814
12590.00000 0.897714
12595.00000 0.898871
12600.00000 0.899696
12605.00000 0.900557
12610.00000 0.90117
12615.00000 0.902129
12620.00000 0.902803
12625.00000 0.903808
12630.00000 0.903998
12635.00000 0.904655
12640.00000 0.90501
12645.00000 0.90567
12650.00000 0.905804
12655.00000 0.906262
12660.00000 0.906331
12665.00000 0.906632
12670.00000 0.906893
12675.00000 0.907107
12680.00000 0.907083
12685.00000 0.907369
12690.00000 0.907573
12695.00000 0.907525
12700.00000 0.907705
12705.00000 0.907727
12710.00000 0.908306
12715.00000 0.908134
12720.00000 0.908205
12725.00000 0.90851
12730.00000 0.908716
12735.00000 0.909026
12740.00000 0.909444
12745.00000 0.910038
12750.00000 0.91009
12755.00000 0.910566
12760.00000 0.910843
12765.00000 0.911408
12770.00000 0.911878
12775.00000 0.912656
12780.00000 0.912775
12785.00000 0.913738
12790.00000 0.91417
12795.00000 0.914619
12800.00000 0.914977
12805.00000 0.915637
12810.00000 0.916181
12815.00000 0.916582
12820.00000 0.916981
12825.00000 0.917395
12830.00000 0.917928
12835.00000 0.91806
12840.00000 0.91837
12845.00000 0.918514
12850.00000 0.918556
12855.00000 0.918486
12860.00000 0.918431
12865.00000 0.918054
12870.00000 0.918038
12875.00000 0.917711
12880.00000 0.917143
12885.00000 0.916607
12890.00000 0.915789
12895.00000 0.914988
12900.00000 0.914209
12905.00000 0.912987
12910.00000 0.912338
12915.00000 0.910848
12920.00000 0.909888
12925.00000 0.908407
12930.00000 0.906672
12935.00000 0.906089
12940.00000 0.903923
12945.00000 0.902477
12950.00000 0.900832
12955.00000 0.899482
12960.00000 0.897731
12965.00000 0.896003
12970.00000 0.893912
12975.00000 0.892445
12980.00000 0.8908
12985.00000 0.889227
12990.00000 0.888072
12995.00000 0.885988
13000.00000 0.884429
13005.00000 0.882837
13010.00000 0.881384
13015.00000 0.880735
13020.00000 0.878671
13025.00000 0.877402
13030.00000 0.876148
13035.00000 0.875238
13040.00000 0.873707
13045.00000 0.87311
13050.00000 0.872091
13055.00000 0.871484
13060.00000 0.870258
13065.00000 0.869686
13070.00000 0.868788
13075.00000 0.868167
13080.00000 0.867648
13085.00000 0.867184
13090.00000 0.866631
13095.00000 0.865493
13100.00000 0.865309
13105.00000 0.8644
13110.00000 0.864321
13115.00000 0.863827
13120.00000 0.863282
13125.00000 0.862188
13130.00000 0.862228
13135.00000 0.861873
13140.00000 0.861622
13145.00000 0.861106
13150.00000 0.860859
13155.00000 0.860277
13160.00000 0.85982
13165.00000 0.859938
13170.00000 0.859868
13175.00000 0.860126
13180.00000 0.86011
13185.00000 0.860453
13190.00000 0.86095
13195.00000 0.861308
13200.00000 0.862246
13205.00000 0.863586
13210.00000 0.864819
13215.00000 0.866906
13220.00000 0.868964
13225.00000 0.870636
13230.00000 0.872851
13235.00000 0.875058
13240.00000 0.876527
13245.00000 0.878542
13250.00000 0.880274
13255.00000 0.880855
13260.00000 0.881202
13265.00000 0.880387
13270.00000 0.877392
13275.00000 0.873471
13280.00000 0.866918
13285.00000 0.857162
13290.00000 0.844629
13295.00000 0.828848
13300.00000 0.810395
13305.00000 0.789178
13310.00000 0.761698
13315.00000 0.731972
13320.00000 0.699058
13325.00000 0.66491
13330.00000 0.630264
13335.00000 0.593515
13340.00000 0.553441
13345.00000 0.510007
13350.00000 0.470361
13355.00000 0.433512
13360.00000 0.396688
13365.00000 0.363302
13370.00000 0.330834
13375.00000 0.298055
13380.00000 0.267508
13385.00000 0.240736
13390.00000 0.218236
13395.00000 0.196139
13400.00000 0.176949
13405.00000 0.157581
13410.00000 0.139845
13415.00000 0.12478
13420.00000 0.111578
13425.00000 0.100716
13430.00000 0.090363
13435.00000 0.081235
13440.00000 0.07251
13445.00000 0.064892
13450.00000 0.058767
13455.00000 0.05321
13460.00000 0.048312
13465.00000 0.043711
13470.00000 0.039511
13475.00000 0.035748
13480.00000 0.032439
13485.00000 0.02971
13490.00000 0.027194
13495.00000 0.024864
13500.00000 0.022645
13505.00000 0.020758
13510.00000 0.019022
13515.00000 0.017607
13520.00000 0.016315
13525.00000 0.015154
13530.00000 0.013987
13535.00000 0.012881
13540.00000 0.011916
13545.00000 0.011075
13550.00000 0.010343
13555.00000 0.00959
13560.00000 0.008953
13565.00000 0.008285
13570.00000 0.007732
13575.00000 0.007274
13580.00000 0.00684
13585.00000 0.006458
13590.00000 0.006113
13595.00000 0.005762
13600.00000 0.00541
13605.00000 0.005099
13610.00000 0.004816
13615.00000 0.004608
13620.00000 0.004299
13625.00000 0.004067
14987.50000 0.0
