threeML/data/optical_filters/WHT/INGRID-Z.ecsv
# %ECSV 0.9
# ---
# datatype:
# - {name: wavelength, unit: Angstrom, datatype: float32}
# - {name: response, datatype: float32}
# meta: !!omap
# - {band_name: Z}
# - {group_name: INGRID}
wavelength response
8901.00000 0.0
9890.00000 0.004231
9895.00000 0.004954
9900.00000 0.005741
9905.00000 0.006779
9910.00000 0.007916
9915.00000 0.009388
9920.00000 0.01086
9925.00000 0.012803
9930.00000 0.015257
9935.00000 0.018406
9940.00000 0.022048
9945.00000 0.026256
9950.00000 0.031255
9955.00000 0.037476
9960.00000 0.045523
9965.00000 0.055351
9970.00000 0.066793
9975.00000 0.080786
9980.00000 0.096731
9985.00000 0.114515
9990.00000 0.135742
9995.00000 0.161944
10000.00000 0.191528
10005.00000 0.223184
10010.00000 0.256874
10015.00000 0.291453
10020.00000 0.327942
10025.00000 0.368773
10030.00000 0.410654
10035.00000 0.450101
10040.00000 0.487662
10045.00000 0.523077
10050.00000 0.554088
10055.00000 0.584794
10060.00000 0.613168
10065.00000 0.63774
10070.00000 0.656652
10075.00000 0.67384
10080.00000 0.687639
10085.00000 0.700143
10090.00000 0.711003
10095.00000 0.722042
10100.00000 0.730146
10105.00000 0.739319
10110.00000 0.747151
10115.00000 0.756541
10120.00000 0.766446
10125.00000 0.776667
10130.00000 0.787836
10135.00000 0.797909
10140.00000 0.807202
10145.00000 0.815173
10150.00000 0.827408
10155.00000 0.837268
10160.00000 0.847783
10165.00000 0.856095
10170.00000 0.864526
10175.00000 0.870039
10180.00000 0.875599
10185.00000 0.879636
10190.00000 0.882252
10195.00000 0.883474
10200.00000 0.882271
10205.00000 0.880942
10210.00000 0.876895
10215.00000 0.873056
10220.00000 0.865989
10225.00000 0.859431
10230.00000 0.851726
10235.00000 0.844544
10240.00000 0.833785
10245.00000 0.825631
10250.00000 0.817692
10255.00000 0.807331
10260.00000 0.797683
10265.00000 0.78758
10270.00000 0.778122
10275.00000 0.768145
10280.00000 0.758782
10285.00000 0.749129
10290.00000 0.741795
10295.00000 0.734017
10300.00000 0.72802
10305.00000 0.721084
10310.00000 0.716168
10315.00000 0.711122
10320.00000 0.708048
10325.00000 0.705242
10330.00000 0.703599
10335.00000 0.703328
10340.00000 0.702619
10345.00000 0.704037
10350.00000 0.705836
10355.00000 0.7091
10360.00000 0.712096
10365.00000 0.716939
10370.00000 0.721442
10375.00000 0.727896
10380.00000 0.733768
10385.00000 0.740492
10390.00000 0.747135
10395.00000 0.753538
10400.00000 0.760572
10405.00000 0.768154
10410.00000 0.775902
10415.00000 0.782505
10420.00000 0.788927
10425.00000 0.794417
10430.00000 0.800999
10435.00000 0.805136
10440.00000 0.810572
10445.00000 0.81397
10450.00000 0.81504
10455.00000 0.817585
10460.00000 0.820281
10465.00000 0.821779
10470.00000 0.823877
10475.00000 0.824865
10480.00000 0.825147
10485.00000 0.825894
10490.00000 0.825842
10495.00000 0.826386
10500.00000 0.825783
10505.00000 0.826851
10510.00000 0.82629
10515.00000 0.827132
10520.00000 0.826829
10525.00000 0.827614
10530.00000 0.827774
10535.00000 0.828904
10540.00000 0.829926
10545.00000 0.830236
10550.00000 0.831634
10555.00000 0.831507
10560.00000 0.833423
10565.00000 0.833052
10570.00000 0.833919
10575.00000 0.833557
10580.00000 0.834745
10585.00000 0.834063
10590.00000 0.834124
10595.00000 0.833355
10600.00000 0.833009
10605.00000 0.831886
10610.00000 0.831035
10615.00000 0.830088
10620.00000 0.828588
10625.00000 0.827474
10630.00000 0.825566
10635.00000 0.825083
10640.00000 0.823337
10645.00000 0.823218
10650.00000 0.822065
10655.00000 0.822667
10660.00000 0.822412
10665.00000 0.823394
10670.00000 0.823885
10675.00000 0.824946
10680.00000 0.825561
10685.00000 0.825193
10690.00000 0.823502
10695.00000 0.817866
10700.00000 0.809005
10705.00000 0.795177
10710.00000 0.779259
10715.00000 0.756791
10720.00000 0.728335
10725.00000 0.692556
10730.00000 0.650616
10735.00000 0.605489
10740.00000 0.560791
10745.00000 0.516024
10750.00000 0.465896
10755.00000 0.41305
10760.00000 0.365473
10765.00000 0.319522
10770.00000 0.277658
10775.00000 0.241517
10780.00000 0.206717
10785.00000 0.172948
10790.00000 0.144898
10795.00000 0.121102
10800.00000 0.10186
10805.00000 0.086212
10810.00000 0.072977
10815.00000 0.060846
10820.00000 0.050239
10825.00000 0.042133
10830.00000 0.035782
10835.00000 0.030329
10840.00000 0.025724
10845.00000 0.021824
10850.00000 0.018345
10855.00000 0.015372
10860.00000 0.013088
10865.00000 0.011199
10870.00000 0.009606
10875.00000 0.008166
10880.00000 0.006893
10885.00000 0.005845
10890.00000 0.004932
10895.00000 0.004231
11984.50000 0.0
