threeML/data/optical_filters/WHT/INGRID-K.ecsv
# %ECSV 0.9
# ---
# datatype:
# - {name: wavelength, unit: Angstrom, datatype: float32}
# - {name: response, datatype: float32}
# meta: !!omap
# - {band_name: K}
# - {group_name: INGRID}
wavelength response
18018.00000 0.0
20020.00000 0.004548
20030.00000 0.004664
20040.00000 0.005014
20050.00000 0.005482
20060.00000 0.006055
20070.00000 0.006529
20080.00000 0.006953
20090.00000 0.007647
20100.00000 0.007655
20110.00000 0.008589
20120.00000 0.009527
20130.00000 0.010115
20140.00000 0.010689
20150.00000 0.012045
20160.00000 0.013473
20170.00000 0.013597
20180.00000 0.014795
20190.00000 0.017698
20200.00000 0.017759
20210.00000 0.019511
20220.00000 0.021268
20230.00000 0.023031
20240.00000 0.024922
20250.00000 0.027198
20260.00000 0.029794
20270.00000 0.032676
20280.00000 0.035898
20290.00000 0.039097
20300.00000 0.042657
20310.00000 0.046068
20320.00000 0.05089
20330.00000 0.057413
20340.00000 0.061147
20350.00000 0.066952
20360.00000 0.073833
20370.00000 0.080617
20380.00000 0.089033
20390.00000 0.098028
20400.00000 0.106761
20410.00000 0.117606
20420.00000 0.128735
20430.00000 0.141769
20440.00000 0.15496
20450.00000 0.16922
20460.00000 0.186468
20470.00000 0.203448
20480.00000 0.220872
20490.00000 0.241165
20500.00000 0.264008
20510.00000 0.283399
20520.00000 0.308499
20530.00000 0.332141
20540.00000 0.356756
20550.00000 0.383228
20560.00000 0.410281
20570.00000 0.436923
20580.00000 0.465266
20590.00000 0.492617
20600.00000 0.520567
20610.00000 0.547241
20620.00000 0.574388
20630.00000 0.601731
20640.00000 0.626164
20650.00000 0.652643
20660.00000 0.676088
20670.00000 0.697936
20680.00000 0.72045
20690.00000 0.741645
20700.00000 0.759847
20710.00000 0.77916
20720.00000 0.795362
20730.00000 0.809114
20740.00000 0.823983
20750.00000 0.836732
20760.00000 0.848623
20770.00000 0.857377
20780.00000 0.866387
20790.00000 0.873831
20800.00000 0.880303
20810.00000 0.886225
20820.00000 0.891378
20830.00000 0.895192
20840.00000 0.898063
20850.00000 0.899619
20860.00000 0.90159
20870.00000 0.903129
20880.00000 0.904459
20890.00000 0.905392
20900.00000 0.905518
20910.00000 0.905245
20920.00000 0.905587
20930.00000 0.904851
20940.00000 0.905342
20950.00000 0.90535
20960.00000 0.905552
20970.00000 0.905207
20980.00000 0.905235
20990.00000 0.905043
21000.00000 0.905647
21010.00000 0.906104
21020.00000 0.907831
21030.00000 0.909278
21040.00000 0.909029
21050.00000 0.909172
21060.00000 0.911703
21070.00000 0.91263
21080.00000 0.914401
21090.00000 0.917253
21100.00000 0.917186
21110.00000 0.918967
21120.00000 0.920342
21130.00000 0.922424
21140.00000 0.924741
21150.00000 0.926814
21160.00000 0.929244
21170.00000 0.930807
21180.00000 0.931764
21190.00000 0.934265
21200.00000 0.937114
21210.00000 0.939354
21220.00000 0.941143
21230.00000 0.941822
21240.00000 0.942487
21250.00000 0.944543
21260.00000 0.945159
21270.00000 0.946685
21280.00000 0.947456
21290.00000 0.947732
21300.00000 0.947876
21310.00000 0.946916
21320.00000 0.946277
21330.00000 0.945863
21340.00000 0.946309
21350.00000 0.947157
21360.00000 0.945914
21370.00000 0.944497
21380.00000 0.943941
21390.00000 0.942684
21400.00000 0.941778
21410.00000 0.943724
21420.00000 0.941296
21430.00000 0.940953
21440.00000 0.93917
21450.00000 0.936443
21460.00000 0.935508
21470.00000 0.934212
21480.00000 0.93324
21490.00000 0.93192
21500.00000 0.92949
21510.00000 0.928292
21520.00000 0.926532
21530.00000 0.925031
21540.00000 0.924993
21550.00000 0.924279
21560.00000 0.922846
21570.00000 0.921534
21580.00000 0.921205
21590.00000 0.919824
21600.00000 0.919716
21610.00000 0.917947
21620.00000 0.917995
21630.00000 0.917225
21640.00000 0.91626
21650.00000 0.917233
21660.00000 0.918059
21670.00000 0.917356
21680.00000 0.917441
21690.00000 0.918264
21700.00000 0.918517
21710.00000 0.9193
21720.00000 0.919736
21730.00000 0.920166
21740.00000 0.920403
21750.00000 0.921144
21760.00000 0.906945
21770.00000 0.899875
21780.00000 0.898134
21790.00000 0.905302
21800.00000 0.924065
21810.00000 0.938958
21820.00000 0.943831
21830.00000 0.942379
21840.00000 0.93721
21850.00000 0.928877
21860.00000 0.933153
21870.00000 0.935372
21880.00000 0.935663
21890.00000 0.934507
21900.00000 0.931229
21910.00000 0.934061
21920.00000 0.935091
21930.00000 0.934224
21940.00000 0.933092
21950.00000 0.930756
21960.00000 0.932378
21970.00000 0.932677
21980.00000 0.932012
21990.00000 0.93105
22000.00000 0.928423
22010.00000 0.92801
22020.00000 0.927193
22030.00000 0.926191
22040.00000 0.925686
22050.00000 0.924521
22060.00000 0.923792
22070.00000 0.923152
22080.00000 0.922614
22090.00000 0.922263
22100.00000 0.92226
22110.00000 0.922604
22120.00000 0.922883
22130.00000 0.922364
22140.00000 0.921324
22150.00000 0.921752
22160.00000 0.921238
22170.00000 0.921015
22180.00000 0.922754
22190.00000 0.921866
22200.00000 0.922038
22210.00000 0.921877
22220.00000 0.921505
22230.00000 0.921778
22240.00000 0.922309
22250.00000 0.923001
22260.00000 0.923876
22270.00000 0.924429
22280.00000 0.924607
22290.00000 0.92474
22300.00000 0.925293
22310.00000 0.925597
22320.00000 0.92622
22330.00000 0.926565
22340.00000 0.927179
22350.00000 0.927683
22360.00000 0.927665
22370.00000 0.928493
22380.00000 0.928647
22390.00000 0.929919
22400.00000 0.931023
22410.00000 0.932544
22420.00000 0.933916
22430.00000 0.934298
22440.00000 0.934693
22450.00000 0.935623
22460.00000 0.937006
22470.00000 0.938687
22480.00000 0.939901
22490.00000 0.940667
22500.00000 0.940174
22510.00000 0.942149
22520.00000 0.943214
22530.00000 0.944488
22540.00000 0.944829
22550.00000 0.945066
22560.00000 0.950205
22570.00000 0.952093
22580.00000 0.953589
22590.00000 0.952919
22600.00000 0.949584
22610.00000 0.949329
22620.00000 0.944059
22630.00000 0.940328
22640.00000 0.943076
22650.00000 0.950352
22660.00000 0.930715
22670.00000 0.928733
22680.00000 0.93457
22690.00000 0.94207
22700.00000 0.951484
22710.00000 0.948647
22720.00000 0.947303
22730.00000 0.948734
22740.00000 0.949584
22750.00000 0.951324
22760.00000 0.949841
22770.00000 0.948511
22780.00000 0.947424
22790.00000 0.950204
22800.00000 0.950886
22810.00000 0.948265
22820.00000 0.947991
22830.00000 0.947275
22840.00000 0.948069
22850.00000 0.951702
22860.00000 0.950105
22870.00000 0.951083
22880.00000 0.951093
22890.00000 0.951557
22900.00000 0.954662
22910.00000 0.951711
22920.00000 0.95248
22930.00000 0.952543
22940.00000 0.952814
22950.00000 0.954253
22960.00000 0.953292
22970.00000 0.95337
22980.00000 0.954202
22990.00000 0.955556
23000.00000 0.955707
23010.00000 0.957225
23020.00000 0.958441
23030.00000 0.957307
23040.00000 0.956526
23050.00000 0.956841
23060.00000 0.9566
23070.00000 0.957479
23080.00000 0.957164
23090.00000 0.956614
23100.00000 0.955448
23110.00000 0.955335
23120.00000 0.955013
23130.00000 0.953296
23140.00000 0.952948
23150.00000 0.951996
23160.00000 0.95148
23170.00000 0.951321
23180.00000 0.950649
23190.00000 0.94881
23200.00000 0.946352
23210.00000 0.945316
23220.00000 0.944359
23230.00000 0.94416
23240.00000 0.94284
23250.00000 0.940406
23260.00000 0.941203
23270.00000 0.940067
23280.00000 0.93895
23290.00000 0.937369
23300.00000 0.935084
23310.00000 0.935198
23320.00000 0.935568
23330.00000 0.935031
23340.00000 0.933596
23350.00000 0.93231
23360.00000 0.932201
23370.00000 0.932438
23380.00000 0.932305
23390.00000 0.932081
23400.00000 0.932592
23410.00000 0.934946
23420.00000 0.935778
23430.00000 0.936991
23440.00000 0.937233
23450.00000 0.936962
23460.00000 0.938453
23470.00000 0.94082
23480.00000 0.942219
23490.00000 0.943913
23500.00000 0.944637
23510.00000 0.945445
23520.00000 0.947374
23530.00000 0.950409
23540.00000 0.952317
23550.00000 0.953416
23560.00000 0.955238
23570.00000 0.956597
23580.00000 0.95691
23590.00000 0.956045
23600.00000 0.954925
23610.00000 0.952077
23620.00000 0.948326
23630.00000 0.944812
23640.00000 0.940268
23650.00000 0.934166
23660.00000 0.926176
23670.00000 0.914643
23680.00000 0.902432
23690.00000 0.886072
23700.00000 0.867559
23710.00000 0.846816
23720.00000 0.824318
23730.00000 0.798737
23740.00000 0.770289
23750.00000 0.735999
23760.00000 0.701448
23770.00000 0.664486
23780.00000 0.628898
23790.00000 0.595883
23800.00000 0.555783
23810.00000 0.516826
23820.00000 0.479583
23830.00000 0.441729
23840.00000 0.406578
23850.00000 0.374811
23860.00000 0.340513
23870.00000 0.310726
23880.00000 0.283491
23890.00000 0.256733
23900.00000 0.230864
23910.00000 0.209244
23920.00000 0.189299
23930.00000 0.171035
23940.00000 0.15309
23950.00000 0.137563
23960.00000 0.123881
23970.00000 0.110566
23980.00000 0.09958
23990.00000 0.089526
24000.00000 0.080617
24010.00000 0.072217
24020.00000 0.064567
24030.00000 0.057907
24040.00000 0.05204
24050.00000 0.046657
24060.00000 0.043113
24070.00000 0.038839
24080.00000 0.034686
24090.00000 0.031166
24100.00000 0.02849
24110.00000 0.025166
24120.00000 0.022618
24130.00000 0.020952
24140.00000 0.018647
24150.00000 0.017059
24160.00000 0.015428
24170.00000 0.014324
24180.00000 0.01255
24190.00000 0.011934
24200.00000 0.011219
24210.00000 0.010205
24220.00000 0.008937
24230.00000 0.008385
24240.00000 0.007878
24250.00000 0.007102
24260.00000 0.006401
24270.00000 0.006087
24280.00000 0.005519
24290.00000 0.005136
24300.00000 0.004707
24310.00000 0.004233
24320.00000 0.004126
26752.00000 0.0
