threeML/data/optical_filters/WHT/INGRID-Hbarr.ecsv
# %ECSV 0.9
# ---
# datatype:
# - {name: wavelength, unit: Angstrom, datatype: float32}
# - {name: response, datatype: float32}
# meta: !!omap
# - {band_name: Hbarr}
# - {group_name: INGRID}
wavelength response
13176.00000 0.0
14640.00000 0.004303
14645.00000 0.00476
14650.00000 0.005239
14655.00000 0.005832
14660.00000 0.006418
14665.00000 0.00734
14670.00000 0.008222
14675.00000 0.009205
14680.00000 0.010319
14685.00000 0.011588
14690.00000 0.013072
14695.00000 0.01481
14700.00000 0.017067
14705.00000 0.019278
14710.00000 0.021677
14715.00000 0.02452
14720.00000 0.027734
14725.00000 0.031435
14730.00000 0.035839
14735.00000 0.040417
14740.00000 0.044896
14745.00000 0.049802
14750.00000 0.055406
14755.00000 0.060987
14760.00000 0.067621
14765.00000 0.074503
14770.00000 0.080862
14775.00000 0.087361
14780.00000 0.093645
14785.00000 0.100461
14790.00000 0.107655
14795.00000 0.114913
14800.00000 0.121966
14805.00000 0.128539
14810.00000 0.135231
14815.00000 0.142358
14820.00000 0.149826
14825.00000 0.158392
14830.00000 0.166736
14835.00000 0.175148
14840.00000 0.184095
14845.00000 0.19426
14850.00000 0.205286
14855.00000 0.219166
14860.00000 0.233489
14865.00000 0.247625
14870.00000 0.263468
14875.00000 0.281027
14880.00000 0.30084
14885.00000 0.323445
14890.00000 0.350009
14895.00000 0.374504
14900.00000 0.400943
14905.00000 0.429934
14910.00000 0.462606
14915.00000 0.497486
14920.00000 0.535756
14925.00000 0.572246
14930.00000 0.608255
14935.00000 0.643234
14940.00000 0.679902
14945.00000 0.715043
14950.00000 0.753033
14955.00000 0.785822
14960.00000 0.812564
14965.00000 0.836917
14970.00000 0.857303
14975.00000 0.876573
14980.00000 0.892077
14985.00000 0.903373
14990.00000 0.910412
14995.00000 0.914522
15000.00000 0.916529
15005.00000 0.916526
15010.00000 0.914843
15015.00000 0.911925
15020.00000 0.908337
15025.00000 0.90454
15030.00000 0.900603
15035.00000 0.896848
15040.00000 0.893235
15045.00000 0.890012
15050.00000 0.88744
15055.00000 0.885922
15060.00000 0.885461
15065.00000 0.885223
15070.00000 0.885575
15075.00000 0.886736
15080.00000 0.888567
15085.00000 0.890235
15090.00000 0.892397
15095.00000 0.895672
15100.00000 0.898262
15105.00000 0.901533
15110.00000 0.905011
15115.00000 0.908252
15120.00000 0.91065
15125.00000 0.913164
15130.00000 0.915577
15135.00000 0.917731
15140.00000 0.919367
15145.00000 0.920376
15150.00000 0.921104
15155.00000 0.921048
15160.00000 0.920619
15165.00000 0.919956
15170.00000 0.9187
15175.00000 0.917098
15180.00000 0.915209
15185.00000 0.913085
15190.00000 0.910567
15195.00000 0.908076
15200.00000 0.905298
15205.00000 0.902104
15210.00000 0.899066
15215.00000 0.896012
15220.00000 0.893254
15225.00000 0.890584
15230.00000 0.887578
15235.00000 0.884567
15240.00000 0.882125
15245.00000 0.880151
15250.00000 0.878033
15255.00000 0.876532
15260.00000 0.874434
15265.00000 0.872848
15270.00000 0.871258
15275.00000 0.870287
15280.00000 0.869535
15285.00000 0.869049
15290.00000 0.868219
15295.00000 0.86777
15300.00000 0.867495
15305.00000 0.866853
15310.00000 0.866555
15315.00000 0.866617
15320.00000 0.866764
15325.00000 0.866683
15330.00000 0.866858
15335.00000 0.866911
15340.00000 0.866886
15345.00000 0.867506
15350.00000 0.866984
15355.00000 0.867273
15360.00000 0.867595
15365.00000 0.867703
15370.00000 0.86783
15375.00000 0.868251
15380.00000 0.868334
15385.00000 0.868717
15390.00000 0.868913
15395.00000 0.869376
15400.00000 0.869997
15405.00000 0.870748
15410.00000 0.871466
15415.00000 0.872331
15420.00000 0.873379
15425.00000 0.87445
15430.00000 0.875702
15435.00000 0.877013
15440.00000 0.878677
15445.00000 0.880296
15450.00000 0.882097
15455.00000 0.884303
15460.00000 0.886632
15465.00000 0.888997
15470.00000 0.891154
15475.00000 0.893893
15480.00000 0.896488
15485.00000 0.899179
15490.00000 0.902219
15495.00000 0.904778
15500.00000 0.907382
15505.00000 0.910563
15510.00000 0.913392
15515.00000 0.916379
15520.00000 0.919316
15525.00000 0.922824
15530.00000 0.924566
15535.00000 0.9271
15540.00000 0.929419
15545.00000 0.931537
15550.00000 0.933475
15555.00000 0.935812
15560.00000 0.93712
15565.00000 0.93867
15570.00000 0.939609
15575.00000 0.94058
15580.00000 0.94143
15585.00000 0.942083
15590.00000 0.942179
15595.00000 0.942456
15600.00000 0.942435
15605.00000 0.942291
15610.00000 0.941686
15615.00000 0.941036
15620.00000 0.940205
15625.00000 0.939268
15630.00000 0.938557
15635.00000 0.938239
15640.00000 0.937213
15645.00000 0.936282
15650.00000 0.93511
15655.00000 0.934286
15660.00000 0.933278
15665.00000 0.932556
15670.00000 0.931906
15675.00000 0.931084
15680.00000 0.930278
15685.00000 0.929774
15690.00000 0.929649
15695.00000 0.929611
15700.00000 0.929208
15705.00000 0.929445
15710.00000 0.929459
15715.00000 0.929562
15720.00000 0.929768
15725.00000 0.930555
15730.00000 0.930806
15735.00000 0.931144
15740.00000 0.931639
15745.00000 0.931986
15750.00000 0.933469
15755.00000 0.933126
15760.00000 0.933762
15765.00000 0.93411
15770.00000 0.934434
15775.00000 0.93489
15780.00000 0.935168
15785.00000 0.934981
15790.00000 0.934741
15795.00000 0.935041
15800.00000 0.934349
15805.00000 0.933885
15810.00000 0.933009
15815.00000 0.932035
15820.00000 0.930915
15825.00000 0.929986
15830.00000 0.928363
15835.00000 0.926866
15840.00000 0.924936
15845.00000 0.922995
15850.00000 0.920966
15855.00000 0.91882
15860.00000 0.916599
15865.00000 0.913863
15870.00000 0.91118
15875.00000 0.909049
15880.00000 0.906313
15885.00000 0.903856
15890.00000 0.901177
15895.00000 0.898258
15900.00000 0.895743
15905.00000 0.893349
15910.00000 0.891512
15915.00000 0.888932
15920.00000 0.886772
15925.00000 0.884625
15930.00000 0.882604
15935.00000 0.881211
15940.00000 0.879867
15945.00000 0.878441
15950.00000 0.877104
15955.00000 0.876306
15960.00000 0.876358
15965.00000 0.875412
15970.00000 0.87517
15975.00000 0.875291
15980.00000 0.875298
15985.00000 0.876372
15990.00000 0.876826
15995.00000 0.878198
16000.00000 0.87934
16005.00000 0.880575
16010.00000 0.881822
16015.00000 0.883465
16020.00000 0.885675
16025.00000 0.88817
16030.00000 0.890416
16035.00000 0.892658
16040.00000 0.895097
16045.00000 0.897576
16050.00000 0.90011
16055.00000 0.90336
16060.00000 0.906289
16065.00000 0.90898
16070.00000 0.91155
16075.00000 0.914172
16080.00000 0.916992
16085.00000 0.919861
16090.00000 0.922758
16095.00000 0.925499
16100.00000 0.927824
16105.00000 0.930252
16110.00000 0.932392
16115.00000 0.934648
16120.00000 0.937003
16125.00000 0.938833
16130.00000 0.940673
16135.00000 0.942376
16140.00000 0.943501
16145.00000 0.945025
16150.00000 0.946221
16155.00000 0.947293
16160.00000 0.948257
16165.00000 0.948845
16170.00000 0.949419
16175.00000 0.949958
16180.00000 0.950138
16185.00000 0.950411
16190.00000 0.950549
16195.00000 0.951331
16200.00000 0.951029
16205.00000 0.951015
16210.00000 0.95089
16215.00000 0.951074
16220.00000 0.950596
16225.00000 0.950332
16230.00000 0.950074
16235.00000 0.949928
16240.00000 0.949876
16245.00000 0.949724
16250.00000 0.949443
16255.00000 0.949698
16260.00000 0.949596
16265.00000 0.949594
16270.00000 0.949756
16275.00000 0.950216
16280.00000 0.95043
16285.00000 0.950416
16290.00000 0.950392
16295.00000 0.950508
16300.00000 0.951141
16305.00000 0.951955
16310.00000 0.952421
16315.00000 0.952983
16320.00000 0.953393
16325.00000 0.95416
16330.00000 0.954787
16335.00000 0.955335
16340.00000 0.955983
16345.00000 0.956828
16350.00000 0.957312
16355.00000 0.958009
16360.00000 0.958454
16365.00000 0.959293
16370.00000 0.95992
16375.00000 0.960485
16380.00000 0.960755
16385.00000 0.960953
16390.00000 0.961241
16395.00000 0.962288
16400.00000 0.96207
16405.00000 0.962082
16410.00000 0.962068
16415.00000 0.962199
16420.00000 0.962212
16425.00000 0.962072
16430.00000 0.961724
16435.00000 0.961498
16440.00000 0.961192
16445.00000 0.960496
16450.00000 0.959864
16455.00000 0.959436
16460.00000 0.958838
16465.00000 0.95817
16470.00000 0.957418
16475.00000 0.95661
16480.00000 0.955891
16485.00000 0.955176
16490.00000 0.954319
16495.00000 0.953452
16500.00000 0.952318
16505.00000 0.951592
16510.00000 0.950913
16515.00000 0.950195
16520.00000 0.949588
16525.00000 0.948709
16530.00000 0.947836
16535.00000 0.94751
16540.00000 0.946741
16545.00000 0.946292
16550.00000 0.945812
16555.00000 0.945585
16560.00000 0.945331
16565.00000 0.945167
16570.00000 0.944889
16575.00000 0.945483
16580.00000 0.945245
16585.00000 0.945404
16590.00000 0.945585
16595.00000 0.945824
16600.00000 0.946121
16605.00000 0.946711
16610.00000 0.947042
16615.00000 0.947842
16620.00000 0.94864
16625.00000 0.949204
16630.00000 0.950146
16635.00000 0.95076
16640.00000 0.95142
16645.00000 0.95216
16650.00000 0.953446
16655.00000 0.954646
16660.00000 0.95545
16665.00000 0.956172
16670.00000 0.957092
16675.00000 0.958229
16680.00000 0.959238
16685.00000 0.960485
16690.00000 0.961288
16695.00000 0.962202
16700.00000 0.962863
16705.00000 0.963771
16710.00000 0.96443
16715.00000 0.965453
16720.00000 0.966039
16725.00000 0.966667
16730.00000 0.966976
16735.00000 0.967283
16740.00000 0.967738
16745.00000 0.96828
16750.00000 0.9685
16755.00000 0.968955
16760.00000 0.969035
16765.00000 0.968839
16770.00000 0.968617
16775.00000 0.968792
16780.00000 0.968916
16785.00000 0.968528
16790.00000 0.968116
16795.00000 0.967845
16800.00000 0.967827
16805.00000 0.96785
16810.00000 0.966852
16815.00000 0.966397
16820.00000 0.965931
16825.00000 0.965789
16830.00000 0.965026
16835.00000 0.964702
16840.00000 0.964232
16845.00000 0.963767
16850.00000 0.963299
16855.00000 0.962787
16860.00000 0.962206
16865.00000 0.961713
16870.00000 0.961281
16875.00000 0.960921
16880.00000 0.960716
16885.00000 0.960422
16890.00000 0.959934
16895.00000 0.960176
16900.00000 0.959691
16905.00000 0.959554
16910.00000 0.959435
16915.00000 0.959409
16920.00000 0.959386
16925.00000 0.959737
16930.00000 0.959747
16935.00000 0.960058
16940.00000 0.960288
16945.00000 0.960525
16950.00000 0.960822
16955.00000 0.961434
16960.00000 0.961971
16965.00000 0.962463
16970.00000 0.963264
16975.00000 0.964062
16980.00000 0.964195
16985.00000 0.964743
16990.00000 0.965237
16995.00000 0.966169
17000.00000 0.967005
17005.00000 0.968484
17010.00000 0.968677
17015.00000 0.969426
17020.00000 0.969982
17025.00000 0.970727
17030.00000 0.971526
17035.00000 0.972522
17040.00000 0.973089
17045.00000 0.973605
17050.00000 0.973936
17055.00000 0.974743
17060.00000 0.97551
17065.00000 0.976173
17070.00000 0.976526
17075.00000 0.976742
17080.00000 0.97691
17085.00000 0.977291
17090.00000 0.977654
17095.00000 0.978014
17100.00000 0.978157
17105.00000 0.978198
17110.00000 0.978242
17115.00000 0.978236
17120.00000 0.978203
17125.00000 0.977946
17130.00000 0.977685
17135.00000 0.977921
17140.00000 0.977568
17145.00000 0.977067
17150.00000 0.976684
17155.00000 0.976354
17160.00000 0.975905
17165.00000 0.975435
17170.00000 0.974885
17175.00000 0.974406
17180.00000 0.974061
17185.00000 0.973309
17190.00000 0.972442
17195.00000 0.971857
17200.00000 0.97162
17205.00000 0.971004
17210.00000 0.970422
17215.00000 0.969754
17220.00000 0.969129
17225.00000 0.968442
17230.00000 0.968152
17235.00000 0.967269
17240.00000 0.966777
17245.00000 0.966273
17250.00000 0.965716
17255.00000 0.96518
17260.00000 0.964652
17265.00000 0.96433
17270.00000 0.963487
17275.00000 0.963376
17280.00000 0.963107
17285.00000 0.962397
17290.00000 0.961881
17295.00000 0.961317
17300.00000 0.961009
17305.00000 0.960617
17310.00000 0.960096
17315.00000 0.959584
17320.00000 0.959067
17325.00000 0.958814
17330.00000 0.958048
17335.00000 0.957561
17340.00000 0.957026
17345.00000 0.956537
17350.00000 0.95569
17355.00000 0.954989
17360.00000 0.954651
17365.00000 0.95367
17370.00000 0.952773
17375.00000 0.951714
17380.00000 0.950719
17385.00000 0.949876
17390.00000 0.948753
17395.00000 0.94761
17400.00000 0.94666
17405.00000 0.945502
17410.00000 0.94402
17415.00000 0.942635
17420.00000 0.941568
17425.00000 0.940311
17430.00000 0.938887
17435.00000 0.937522
17440.00000 0.93612
17445.00000 0.934457
17450.00000 0.933175
17455.00000 0.931697
17460.00000 0.9304
17465.00000 0.929258
17470.00000 0.927579
17475.00000 0.926299
17480.00000 0.924984
17485.00000 0.923994
17490.00000 0.922938
17495.00000 0.922011
17500.00000 0.9211
17505.00000 0.92038
17510.00000 0.919866
17515.00000 0.91932
17520.00000 0.918856
17525.00000 0.918689
17530.00000 0.918638
17535.00000 0.918824
17540.00000 0.919002
17545.00000 0.919881
17550.00000 0.920333
17555.00000 0.921096
17560.00000 0.922012
17565.00000 0.923406
17570.00000 0.924723
17575.00000 0.926348
17580.00000 0.927816
17585.00000 0.929287
17590.00000 0.931045
17595.00000 0.93327
17600.00000 0.935621
17605.00000 0.937728
17610.00000 0.939278
17615.00000 0.94147
17620.00000 0.943002
17625.00000 0.944778
17630.00000 0.94663
17635.00000 0.947758
17640.00000 0.948622
17645.00000 0.948912
17650.00000 0.948823
17655.00000 0.948317
17660.00000 0.9469
17665.00000 0.944772
17670.00000 0.942366
17675.00000 0.93853
17680.00000 0.933573
17685.00000 0.927288
17690.00000 0.919727
17695.00000 0.91027
17700.00000 0.900233
17705.00000 0.889347
17710.00000 0.877318
17715.00000 0.863238
17720.00000 0.846298
17725.00000 0.827891
17730.00000 0.809255
17735.00000 0.789358
17740.00000 0.768883
17745.00000 0.746946
17750.00000 0.723258
17755.00000 0.694664
17760.00000 0.668155
17765.00000 0.643463
17770.00000 0.616744
17775.00000 0.591169
17780.00000 0.563162
17785.00000 0.533793
17790.00000 0.504044
17795.00000 0.478088
17800.00000 0.45257
17805.00000 0.426678
17810.00000 0.402092
17815.00000 0.37725
17820.00000 0.350234
17825.00000 0.326677
17830.00000 0.306624
17835.00000 0.286674
17840.00000 0.266778
17845.00000 0.248635
17850.00000 0.228476
17855.00000 0.210707
17860.00000 0.196474
17865.00000 0.182193
17870.00000 0.168718
17875.00000 0.156386
17880.00000 0.143632
17885.00000 0.131599
17890.00000 0.121046
17895.00000 0.112503
17900.00000 0.103869
17905.00000 0.096059
17910.00000 0.088216
17915.00000 0.080698
17920.00000 0.074239
17925.00000 0.068652
17930.00000 0.063445
17935.00000 0.058519
17940.00000 0.054218
17945.00000 0.049367
17950.00000 0.045518
17955.00000 0.042134
17960.00000 0.038992
17965.00000 0.036133
17970.00000 0.033589
17975.00000 0.030726
17980.00000 0.028282
17985.00000 0.026217
17990.00000 0.024476
17995.00000 0.022583
18000.00000 0.021054
18005.00000 0.019472
18010.00000 0.0179
18015.00000 0.01653
18020.00000 0.015569
18025.00000 0.01441
18030.00000 0.013397
18035.00000 0.012436
18040.00000 0.011522
18045.00000 0.010667
18050.00000 0.00993
18055.00000 0.009441
18060.00000 0.008765
18065.00000 0.008197
18070.00000 0.007603
18075.00000 0.007127
18080.00000 0.006648
18085.00000 0.006273
18090.00000 0.005884
18095.00000 0.00552
18100.00000 0.005157
18105.00000 0.004823
18110.00000 0.004528
18115.00000 0.004258
18120.00000 0.004026
19932.00000 0.0
