threeML/data/optical_filters/WHT/INGRID-H2_2.ecsv
# %ECSV 0.9
# ---
# datatype:
# - {name: wavelength, unit: Angstrom, datatype: float32}
# - {name: response, datatype: float32}
# meta: !!omap
# - {band_name: H2_2}
# - {group_name: INGRID}
wavelength response
19898.27930 0.0
22109.19922 0.004081
22114.09961 0.004551
22119.09961 0.005176
22124.09961 0.005754
22129.09961 0.006433
22134.09961 0.007194
22139.09961 0.008108
22144.09961 0.009302
22149.09961 0.010617
22154.09961 0.011996
22159.09961 0.013674
22164.09961 0.015612
22169.09961 0.017868
22174.09961 0.020522
22179.09961 0.023954
22184.09961 0.027479
22189.09961 0.031669
22194.09961 0.036493
22199.09961 0.041285
22204.09961 0.048101
22209.09961 0.056276
22214.09961 0.065001
22219.00000 0.073619
22224.00000 0.083527
22229.00000 0.094958
22234.00000 0.107065
22239.00000 0.122068
22244.00000 0.137859
22249.00000 0.152386
22254.00000 0.168396
22259.00000 0.184749
22264.00000 0.202464
22269.00000 0.221819
22274.00000 0.242845
22279.00000 0.261369
22284.00000 0.279224
22289.00000 0.297254
22294.00000 0.314882
22299.00000 0.334109
22304.00000 0.352792
22309.00000 0.370448
22314.00000 0.385229
22319.00000 0.399519
22323.90039 0.41352
22328.90039 0.426857
22333.90039 0.440978
22338.90039 0.452714
22343.90039 0.463097
22348.90039 0.472731
22353.90039 0.481749
22358.90039 0.490349
22363.90039 0.49821
22368.90039 0.506567
22373.90039 0.512923
22378.90039 0.518646
22383.90039 0.52444
22388.90039 0.529539
22393.90039 0.534366
22398.90039 0.538953
22403.90039 0.542817
22408.90039 0.545998
22413.90039 0.548894
22418.90039 0.551326
22423.90039 0.552772
22428.80078 0.554414
22433.80078 0.555125
22438.80078 0.555221
22443.80078 0.555109
22448.80078 0.554446
22453.80078 0.55314
22458.80078 0.550975
22463.80078 0.548719
22468.80078 0.546433
22473.80078 0.543881
22478.80078 0.541194
22483.80078 0.538155
22488.80078 0.53516
22493.80078 0.531938
22498.80078 0.529109
22503.80078 0.526409
22508.80078 0.524069
22513.80078 0.521942
22518.80078 0.519751
22523.80078 0.517425
22528.80078 0.515423
22533.69922 0.513533
22538.69922 0.511413
22543.69922 0.509066
22548.69922 0.506077
22553.69922 0.502345
22558.69922 0.498124
22563.69922 0.493724
22568.69922 0.488471
22573.69922 0.482287
22578.69922 0.474687
22583.69922 0.464734
22588.69922 0.454906
22593.69922 0.444762
22598.69922 0.431677
22603.69922 0.420187
22608.69922 0.404648
22613.69922 0.390252
22618.69922 0.371332
22623.69922 0.352182
22628.69922 0.333929
22633.69922 0.315999
22638.59961 0.296933
22643.59961 0.276155
22648.59961 0.254332
22653.59961 0.232912
22658.59961 0.213436
22663.59961 0.194305
22668.59961 0.175775
22673.59961 0.15811
22678.59961 0.139879
22683.59961 0.121664
22688.59961 0.107496
22693.59961 0.094596
22698.59961 0.082674
22703.59961 0.071412
22708.59961 0.061373
22713.59961 0.051971
22718.59961 0.045
22723.59961 0.038766
22728.59961 0.033615
22733.59961 0.028978
22738.59961 0.02514
22743.50000 0.021476
22748.50000 0.018685
22753.50000 0.016325
22758.50000 0.014412
22763.50000 0.012799
22768.50000 0.011308
22773.50000 0.009966
22778.50000 0.008804
22783.50000 0.007876
22788.50000 0.007063
22793.50000 0.006397
22798.50000 0.005759
22803.50000 0.005172
22808.50000 0.004647
22813.50000 0.004216
25094.84961 0.0
