threeML/data/optical_filters/WHT/INGRID-Ksbarr.ecsv
# %ECSV 0.9
# ---
# datatype:
# - {name: wavelength, unit: Angstrom, datatype: float32}
# - {name: response, datatype: float32}
# meta: !!omap
# - {band_name: Ksbarr}
# - {group_name: INGRID}
wavelength response
17568.00000 0.0
19520.00000 0.004208
19525.00000 0.004521
19530.00000 0.004758
19535.00000 0.005075
19540.00000 0.005424
19545.00000 0.005757
19550.00000 0.006203
19555.00000 0.006752
19560.00000 0.007143
19565.00000 0.007608
19570.00000 0.008239
19575.00000 0.008693
19580.00000 0.009352
19585.00000 0.010102
19590.00000 0.010875
19595.00000 0.011612
19600.00000 0.012489
19605.00000 0.013324
19610.00000 0.014268
19615.00000 0.015524
19620.00000 0.016681
19625.00000 0.017831
19630.00000 0.019102
19635.00000 0.020443
19640.00000 0.021884
19645.00000 0.023542
19650.00000 0.025461
19655.00000 0.02721
19660.00000 0.02905
19665.00000 0.03105
19670.00000 0.033149
19675.00000 0.035466
19680.00000 0.038282
19685.00000 0.040963
19690.00000 0.043515
19695.00000 0.046457
19700.00000 0.049363
19705.00000 0.052732
19710.00000 0.056307
19715.00000 0.060342
19720.00000 0.064199
19725.00000 0.068017
19730.00000 0.072268
19735.00000 0.076597
19740.00000 0.081936
19745.00000 0.087251
19750.00000 0.092587
19755.00000 0.09819
19760.00000 0.103868
19765.00000 0.10995
19770.00000 0.116772
19775.00000 0.124615
19780.00000 0.132185
19785.00000 0.139505
19790.00000 0.147542
19795.00000 0.156073
19800.00000 0.165095
19805.00000 0.176236
19810.00000 0.186335
19815.00000 0.196743
19820.00000 0.207698
19825.00000 0.219215
19830.00000 0.231395
19835.00000 0.245063
19840.00000 0.260031
19845.00000 0.273374
19850.00000 0.287397
19855.00000 0.302005
19860.00000 0.318042
19865.00000 0.334902
19870.00000 0.352346
19875.00000 0.36975
19880.00000 0.386739
19885.00000 0.403802
19890.00000 0.421173
19895.00000 0.441021
19900.00000 0.460375
19905.00000 0.479148
19910.00000 0.4974
19915.00000 0.514909
19920.00000 0.532518
19925.00000 0.549962
19930.00000 0.569575
19935.00000 0.587301
19940.00000 0.602595
19945.00000 0.618361
19950.00000 0.632831
19955.00000 0.647031
19960.00000 0.662023
19965.00000 0.676229
19970.00000 0.687824
19975.00000 0.698361
19980.00000 0.707813
19985.00000 0.717546
19990.00000 0.726657
19995.00000 0.736229
20000.00000 0.743562
20005.00000 0.750516
20010.00000 0.755791
20015.00000 0.760752
20020.00000 0.766113
20025.00000 0.770969
20030.00000 0.774264
20035.00000 0.777466
20040.00000 0.780292
20045.00000 0.782756
20050.00000 0.785024
20055.00000 0.78709
20060.00000 0.789007
20065.00000 0.790279
20070.00000 0.79152
20075.00000 0.793289
20080.00000 0.794084
20085.00000 0.795174
20090.00000 0.7963
20095.00000 0.797122
20100.00000 0.797986
20105.00000 0.798774
20110.00000 0.799629
20115.00000 0.800643
20120.00000 0.801764
20125.00000 0.803286
20130.00000 0.803792
20135.00000 0.80478
20140.00000 0.80565
20145.00000 0.806703
20150.00000 0.807817
20155.00000 0.808975
20160.00000 0.810038
20165.00000 0.811049
20170.00000 0.811676
20175.00000 0.812937
20180.00000 0.814131
20185.00000 0.815309
20190.00000 0.816488
20195.00000 0.817726
20200.00000 0.818652
20205.00000 0.819752
20210.00000 0.820853
20215.00000 0.822029
20220.00000 0.823221
20225.00000 0.824381
20230.00000 0.825209
20235.00000 0.826244
20240.00000 0.827415
20245.00000 0.828319
20250.00000 0.829225
20255.00000 0.830367
20260.00000 0.831556
20265.00000 0.832516
20270.00000 0.833223
20275.00000 0.8343
20280.00000 0.835469
20285.00000 0.836356
20290.00000 0.837257
20295.00000 0.838118
20300.00000 0.839125
20305.00000 0.839992
20310.00000 0.841115
20315.00000 0.84216
20320.00000 0.84321
20325.00000 0.843972
20330.00000 0.844453
20335.00000 0.845587
20340.00000 0.846822
20345.00000 0.847829
20350.00000 0.848793
20355.00000 0.849519
20360.00000 0.850356
20365.00000 0.851463
20370.00000 0.852435
20375.00000 0.85338
20380.00000 0.854535
20385.00000 0.855391
20390.00000 0.856062
20395.00000 0.857263
20400.00000 0.858067
20405.00000 0.858929
20410.00000 0.859677
20415.00000 0.860779
20420.00000 0.861698
20425.00000 0.862917
20430.00000 0.863172
20435.00000 0.864257
20440.00000 0.865238
20445.00000 0.866236
20450.00000 0.866981
20455.00000 0.867801
20460.00000 0.868315
20465.00000 0.870393
20470.00000 0.870134
20475.00000 0.870768
20480.00000 0.871555
20485.00000 0.872178
20490.00000 0.872852
20495.00000 0.873617
20500.00000 0.874354
20505.00000 0.874955
20510.00000 0.875496
20515.00000 0.876511
20520.00000 0.876816
20525.00000 0.877277
20530.00000 0.877675
20535.00000 0.878219
20540.00000 0.878701
20545.00000 0.879308
20550.00000 0.879311
20555.00000 0.879776
20560.00000 0.880195
20565.00000 0.880741
20570.00000 0.880843
20575.00000 0.881019
20580.00000 0.881223
20585.00000 0.881336
20590.00000 0.881471
20595.00000 0.881715
20600.00000 0.881944
20605.00000 0.88208
20610.00000 0.88172
20615.00000 0.881956
20620.00000 0.882114
20625.00000 0.881985
20630.00000 0.881879
20635.00000 0.88184
20640.00000 0.881709
20645.00000 0.881523
20650.00000 0.881319
20655.00000 0.881253
20660.00000 0.880998
20665.00000 0.880865
20670.00000 0.880681
20675.00000 0.880447
20680.00000 0.880157
20685.00000 0.879786
20690.00000 0.879531
20695.00000 0.879244
20700.00000 0.879121
20705.00000 0.879141
20710.00000 0.878844
20715.00000 0.878565
20720.00000 0.878131
20725.00000 0.877862
20730.00000 0.877686
20735.00000 0.877519
20740.00000 0.877411
20745.00000 0.877137
20750.00000 0.876889
20755.00000 0.876968
20760.00000 0.876607
20765.00000 0.87611
20770.00000 0.87562
20775.00000 0.876138
20780.00000 0.876327
20785.00000 0.876171
20790.00000 0.876292
20795.00000 0.876373
20800.00000 0.876382
20805.00000 0.876941
20810.00000 0.87653
20815.00000 0.876713
20820.00000 0.876913
20825.00000 0.877159
20830.00000 0.877338
20835.00000 0.877527
20840.00000 0.877904
20845.00000 0.878164
20850.00000 0.878106
20855.00000 0.878507
20860.00000 0.880329
20865.00000 0.879462
20870.00000 0.87977
20875.00000 0.880264
20880.00000 0.880826
20885.00000 0.881264
20890.00000 0.881738
20895.00000 0.882116
20900.00000 0.882558
20905.00000 0.88321
20910.00000 0.884295
20915.00000 0.884457
20920.00000 0.884918
20925.00000 0.885439
20930.00000 0.88593
20935.00000 0.886425
20940.00000 0.887207
20945.00000 0.887702
20950.00000 0.887928
20955.00000 0.888492
20960.00000 0.888864
20965.00000 0.889378
20970.00000 0.889649
20975.00000 0.890387
20980.00000 0.891108
20985.00000 0.891622
20990.00000 0.892115
20995.00000 0.892582
21000.00000 0.893073
21005.00000 0.893841
21010.00000 0.894161
21015.00000 0.894625
21020.00000 0.895005
21025.00000 0.895482
21030.00000 0.895852
21035.00000 0.896286
21040.00000 0.896508
21045.00000 0.897062
21050.00000 0.897537
21055.00000 0.898056
21060.00000 0.899212
21065.00000 0.899057
21070.00000 0.899749
21075.00000 0.900087
21080.00000 0.900498
21085.00000 0.900855
21090.00000 0.901209
21095.00000 0.901962
21100.00000 0.902334
21105.00000 0.903088
21110.00000 0.903668
21115.00000 0.904099
21120.00000 0.90445
21125.00000 0.905126
21130.00000 0.905187
21135.00000 0.90598
21140.00000 0.906598
21145.00000 0.907691
21150.00000 0.907963
21155.00000 0.90863
21160.00000 0.909385
21165.00000 0.910113
21170.00000 0.91068
21175.00000 0.911428
21180.00000 0.912259
21185.00000 0.912595
21190.00000 0.913091
21195.00000 0.914404
21200.00000 0.915033
21205.00000 0.915732
21210.00000 0.916289
21215.00000 0.917106
21220.00000 0.918018
21225.00000 0.918842
21230.00000 0.920217
21235.00000 0.920556
21240.00000 0.921269
21245.00000 0.921927
21250.00000 0.92246
21255.00000 0.923828
21260.00000 0.924455
21265.00000 0.925289
21270.00000 0.926144
21275.00000 0.926783
21280.00000 0.927427
21285.00000 0.928473
21290.00000 0.929131
21295.00000 0.929886
21300.00000 0.930776
21305.00000 0.931375
21310.00000 0.932012
21315.00000 0.932975
21320.00000 0.933529
21325.00000 0.934081
21330.00000 0.93478
21335.00000 0.935527
21340.00000 0.935925
21345.00000 0.936529
21350.00000 0.937122
21355.00000 0.9377
21360.00000 0.938328
21365.00000 0.938931
21370.00000 0.939242
21375.00000 0.93983
21380.00000 0.940318
21385.00000 0.940652
21390.00000 0.940937
21395.00000 0.941504
21400.00000 0.941986
21405.00000 0.942269
21410.00000 0.942428
21415.00000 0.94287
21420.00000 0.943158
21425.00000 0.943356
21430.00000 0.943733
21435.00000 0.943726
21440.00000 0.944082
21445.00000 0.944006
21450.00000 0.944326
21455.00000 0.944593
21460.00000 0.944711
21465.00000 0.945021
21470.00000 0.944959
21475.00000 0.944923
21480.00000 0.944973
21485.00000 0.945038
21490.00000 0.944851
21495.00000 0.944908
21500.00000 0.94515
21505.00000 0.94505
21510.00000 0.944861
21515.00000 0.94526
21520.00000 0.945355
21525.00000 0.944801
21530.00000 0.944567
21535.00000 0.944283
21540.00000 0.94428
21545.00000 0.944117
21550.00000 0.943829
21555.00000 0.943822
21560.00000 0.943321
21565.00000 0.944502
21570.00000 0.943241
21575.00000 0.943002
21580.00000 0.942781
21585.00000 0.942913
21590.00000 0.942315
21595.00000 0.942036
21600.00000 0.941694
21605.00000 0.941267
21610.00000 0.941069
21615.00000 0.940586
21620.00000 0.940323
21625.00000 0.939973
21630.00000 0.939617
21635.00000 0.939206
21640.00000 0.9389
21645.00000 0.938496
21650.00000 0.938195
21655.00000 0.937773
21660.00000 0.93737
21665.00000 0.937007
21670.00000 0.93655
21675.00000 0.936361
21680.00000 0.93572
21685.00000 0.935313
21690.00000 0.934741
21695.00000 0.934387
21700.00000 0.933832
21705.00000 0.93339
21710.00000 0.933036
21715.00000 0.932532
21720.00000 0.931895
21725.00000 0.931479
21730.00000 0.930997
21735.00000 0.930362
21740.00000 0.929985
21745.00000 0.929509
21750.00000 0.929301
21755.00000 0.928448
21760.00000 0.928106
21765.00000 0.927566
21770.00000 0.927157
21775.00000 0.926585
21780.00000 0.92598
21785.00000 0.925545
21790.00000 0.925223
21795.00000 0.924805
21800.00000 0.924267
21805.00000 0.923843
21810.00000 0.923308
21815.00000 0.922995
21820.00000 0.922568
21825.00000 0.922532
21830.00000 0.921737
21835.00000 0.921298
21840.00000 0.920826
21845.00000 0.920549
21850.00000 0.920252
21855.00000 0.920048
21860.00000 0.919827
21865.00000 0.919323
21870.00000 0.918777
21875.00000 0.918482
21880.00000 0.91795
21885.00000 0.917853
21890.00000 0.917714
21895.00000 0.917314
21900.00000 0.916788
21905.00000 0.916611
21910.00000 0.916086
21915.00000 0.915825
21920.00000 0.915533
21925.00000 0.915264
21930.00000 0.914983
21935.00000 0.914787
21940.00000 0.91447
21945.00000 0.914277
21950.00000 0.913848
21955.00000 0.91363
21960.00000 0.913474
21965.00000 0.913232
21970.00000 0.913002
21975.00000 0.912721
21980.00000 0.91244
21985.00000 0.912328
21990.00000 0.91225
21995.00000 0.911887
22000.00000 0.911616
22005.00000 0.911564
22010.00000 0.911549
22015.00000 0.911241
22020.00000 0.911172
22025.00000 0.911174
22030.00000 0.911189
22035.00000 0.910847
22040.00000 0.911198
22045.00000 0.911135
22050.00000 0.910717
22055.00000 0.910887
22060.00000 0.910957
22065.00000 0.911332
22070.00000 0.910923
22075.00000 0.910913
22080.00000 0.910966
22085.00000 0.911233
22090.00000 0.91129
22095.00000 0.911645
22100.00000 0.911863
22105.00000 0.911857
22110.00000 0.911847
22115.00000 0.912181
22120.00000 0.912573
22125.00000 0.912587
22130.00000 0.91269
22135.00000 0.913358
22140.00000 0.913274
22145.00000 0.913711
22150.00000 0.913682
22155.00000 0.914036
22160.00000 0.914391
22165.00000 0.91454
22170.00000 0.914916
22175.00000 0.915785
22180.00000 0.916128
22185.00000 0.916046
22190.00000 0.916169
22195.00000 0.916609
22200.00000 0.917111
22205.00000 0.917482
22210.00000 0.917832
22215.00000 0.91801
22220.00000 0.918397
22225.00000 0.918955
22230.00000 0.918832
22235.00000 0.919388
22240.00000 0.919777
22245.00000 0.920306
22250.00000 0.920322
22255.00000 0.920665
22260.00000 0.920936
22265.00000 0.921114
22270.00000 0.921628
22275.00000 0.922056
22280.00000 0.92233
22285.00000 0.922255
22290.00000 0.922496
22295.00000 0.92291
22300.00000 0.923033
22305.00000 0.923345
22310.00000 0.923644
22315.00000 0.924047
22320.00000 0.924207
22325.00000 0.924173
22330.00000 0.924498
22335.00000 0.924843
22340.00000 0.92504
22345.00000 0.92499
22350.00000 0.924899
22355.00000 0.924839
22360.00000 0.925038
22365.00000 0.925189
22370.00000 0.925258
22375.00000 0.925353
22380.00000 0.925253
22385.00000 0.925299
22390.00000 0.925131
22395.00000 0.925432
22400.00000 0.925492
22405.00000 0.925484
22410.00000 0.92516
22415.00000 0.925232
22420.00000 0.925023
22425.00000 0.9251
22430.00000 0.924918
22435.00000 0.92477
22440.00000 0.924806
22445.00000 0.924537
22450.00000 0.924247
22455.00000 0.924417
22460.00000 0.924104
22465.00000 0.924086
22470.00000 0.923876
22475.00000 0.923602
22480.00000 0.923209
22485.00000 0.92308
22490.00000 0.922837
22495.00000 0.92288
22500.00000 0.922804
22505.00000 0.922494
22510.00000 0.922076
22515.00000 0.922002
22520.00000 0.921541
22525.00000 0.921384
22530.00000 0.921673
22535.00000 0.921217
22540.00000 0.920699
22545.00000 0.920764
22550.00000 0.920728
22555.00000 0.920606
22560.00000 0.92037
22565.00000 0.920284
22570.00000 0.919755
22575.00000 0.919644
22580.00000 0.919164
22585.00000 0.919526
22590.00000 0.919358
22595.00000 0.919356
22600.00000 0.919063
22605.00000 0.918879
22610.00000 0.918834
22615.00000 0.918713
22620.00000 0.918222
22625.00000 0.918217
22630.00000 0.918114
22635.00000 0.917865
22640.00000 0.917587
22645.00000 0.917473
22650.00000 0.917372
22655.00000 0.917137
22660.00000 0.917108
22665.00000 0.916941
22670.00000 0.916439
22675.00000 0.916355
22680.00000 0.91599
22685.00000 0.915581
22690.00000 0.915336
22695.00000 0.915042
22700.00000 0.91453
22705.00000 0.914308
22710.00000 0.913748
22715.00000 0.913003
22720.00000 0.91228
22725.00000 0.911809
22730.00000 0.911062
22735.00000 0.910608
22740.00000 0.909962
22745.00000 0.908642
22750.00000 0.907826
22755.00000 0.907182
22760.00000 0.906469
22765.00000 0.905635
22770.00000 0.904691
22775.00000 0.903377
22780.00000 0.902326
22785.00000 0.901018
22790.00000 0.900123
22795.00000 0.898201
22800.00000 0.896208
22805.00000 0.894891
22810.00000 0.893521
22815.00000 0.891857
22820.00000 0.89041
22825.00000 0.888487
22830.00000 0.886061
22835.00000 0.884112
22840.00000 0.882335
22845.00000 0.879893
22850.00000 0.877711
22855.00000 0.875569
22860.00000 0.872849
22865.00000 0.870458
22870.00000 0.868269
22875.00000 0.865587
22880.00000 0.862832
22885.00000 0.860375
22890.00000 0.857511
22895.00000 0.85443
22900.00000 0.851288
22905.00000 0.848211
22910.00000 0.845258
22915.00000 0.842083
22920.00000 0.838708
22925.00000 0.834911
22930.00000 0.831353
22935.00000 0.827453
22940.00000 0.823349
22945.00000 0.81953
22950.00000 0.815069
22955.00000 0.810659
22960.00000 0.805961
22965.00000 0.800748
22970.00000 0.795741
22975.00000 0.790175
22980.00000 0.784738
22985.00000 0.777735
22990.00000 0.770757
22995.00000 0.763959
23000.00000 0.756521
23005.00000 0.748888
23010.00000 0.740682
23015.00000 0.731442
23020.00000 0.721062
23025.00000 0.710796
23030.00000 0.700918
23035.00000 0.690208
23040.00000 0.678916
23045.00000 0.666331
23050.00000 0.651965
23055.00000 0.63777
23060.00000 0.624789
23065.00000 0.610807
23070.00000 0.595642
23075.00000 0.580261
23080.00000 0.562247
23085.00000 0.544693
23090.00000 0.529129
23095.00000 0.511768
23100.00000 0.495481
23105.00000 0.477979
23110.00000 0.459369
23115.00000 0.439996
23120.00000 0.422351
23125.00000 0.405428
23130.00000 0.388566
23135.00000 0.371841
23140.00000 0.353493
23145.00000 0.335491
23150.00000 0.318711
23155.00000 0.303547
23160.00000 0.288763
23165.00000 0.273942
23170.00000 0.259184
23175.00000 0.243373
23180.00000 0.229797
23185.00000 0.217772
23190.00000 0.205422
23195.00000 0.194495
23200.00000 0.18302
23205.00000 0.171174
23210.00000 0.160371
23215.00000 0.151647
23220.00000 0.142934
23225.00000 0.13466
23230.00000 0.126623
23235.00000 0.118579
23240.00000 0.110757
23245.00000 0.104303
23250.00000 0.098207
23255.00000 0.09262
23260.00000 0.086954
23265.00000 0.08173
23270.00000 0.076253
23275.00000 0.071457
23280.00000 0.067551
23285.00000 0.063727
23290.00000 0.060176
23295.00000 0.056397
23300.00000 0.052877
23305.00000 0.049608
23310.00000 0.046827
23315.00000 0.04415
23320.00000 0.041763
23325.00000 0.039376
23330.00000 0.03693
23335.00000 0.034783
23340.00000 0.032823
23345.00000 0.031079
23350.00000 0.029414
23355.00000 0.027764
23360.00000 0.026267
23365.00000 0.024659
23370.00000 0.023301
23375.00000 0.02208
23380.00000 0.020906
23385.00000 0.019855
23390.00000 0.018784
23395.00000 0.017664
23400.00000 0.016703
23405.00000 0.015934
23410.00000 0.015101
23415.00000 0.01432
23420.00000 0.013595
23425.00000 0.012879
23430.00000 0.012141
23435.00000 0.011569
23440.00000 0.011007
23445.00000 0.010489
23450.00000 0.009952
23455.00000 0.009461
23460.00000 0.008952
23465.00000 0.008489
23470.00000 0.008112
23475.00000 0.007729
23480.00000 0.007389
23485.00000 0.007012
23490.00000 0.006649
23495.00000 0.00634
23500.00000 0.006031
23505.00000 0.005764
23510.00000 0.005506
23515.00000 0.005246
23520.00000 0.004976
23525.00000 0.004747
23530.00000 0.004526
23535.00000 0.004341
23540.00000 0.004139
25894.00000 0.0
