threeML/data/optical_filters/WHT/INGRID-Ks.ecsv
# %ECSV 0.9
# ---
# datatype:
# - {name: wavelength, unit: Angstrom, datatype: float32}
# - {name: response, datatype: float32}
# meta: !!omap
# - {band_name: Ks}
# - {group_name: INGRID}
wavelength response
17703.00000 0.0
19670.00000 0.004504
19680.00000 0.004323
19690.00000 0.004611
19700.00000 0.003959
19710.00000 0.005403
19720.00000 0.005978
19730.00000 0.006259
19740.00000 0.00746
19750.00000 0.007344
19760.00000 0.008026
19770.00000 0.008563
19780.00000 0.009525
19790.00000 0.010237
19800.00000 0.011545
19810.00000 0.01258
19820.00000 0.013453
19830.00000 0.01424
19840.00000 0.016567
19850.00000 0.018306
19860.00000 0.019443
19870.00000 0.021463
19880.00000 0.023726
19890.00000 0.025895
19900.00000 0.028605
19910.00000 0.031656
19920.00000 0.03488
19930.00000 0.038449
19940.00000 0.043413
19950.00000 0.04713
19960.00000 0.052914
19970.00000 0.059209
19980.00000 0.066161
19990.00000 0.070996
20000.00000 0.079438
20010.00000 0.088921
20020.00000 0.099729
20030.00000 0.110478
20040.00000 0.122493
20050.00000 0.137204
20060.00000 0.152546
20070.00000 0.16868
20080.00000 0.188328
20090.00000 0.210094
20100.00000 0.230236
20110.00000 0.25484
20120.00000 0.281602
20130.00000 0.308343
20140.00000 0.33972
20150.00000 0.3718
20160.00000 0.403802
20170.00000 0.438085
20180.00000 0.473885
20190.00000 0.508731
20200.00000 0.545592
20210.00000 0.581477
20220.00000 0.617664
20230.00000 0.649074
20240.00000 0.683278
20250.00000 0.713489
20260.00000 0.74115
20270.00000 0.767922
20280.00000 0.790493
20290.00000 0.811445
20300.00000 0.829932
20310.00000 0.845184
20320.00000 0.857733
20330.00000 0.869577
20340.00000 0.87623
20350.00000 0.882143
20360.00000 0.886203
20370.00000 0.888512
20380.00000 0.89104
20390.00000 0.889976
20400.00000 0.889708
20410.00000 0.887878
20420.00000 0.884908
20430.00000 0.881008
20440.00000 0.878903
20450.00000 0.876299
20460.00000 0.87261
20470.00000 0.869135
20480.00000 0.866266
20490.00000 0.863499
20500.00000 0.861321
20510.00000 0.859617
20520.00000 0.857561
20530.00000 0.855414
20540.00000 0.854436
20550.00000 0.854016
20560.00000 0.854199
20570.00000 0.854782
20580.00000 0.855134
20590.00000 0.855783
20600.00000 0.857243
20610.00000 0.859048
20620.00000 0.860494
20630.00000 0.863309
20640.00000 0.867519
20650.00000 0.86988
20660.00000 0.872818
20670.00000 0.875663
20680.00000 0.879709
20690.00000 0.884021
20700.00000 0.888298
20710.00000 0.892381
20720.00000 0.896086
20730.00000 0.89968
20740.00000 0.904369
20750.00000 0.909175
20760.00000 0.912896
20770.00000 0.917347
20780.00000 0.920413
20790.00000 0.923992
20800.00000 0.92722
20810.00000 0.930694
20820.00000 0.934245
20830.00000 0.936913
20840.00000 0.93901
20850.00000 0.940896
20860.00000 0.942293
20870.00000 0.944061
20880.00000 0.945993
20890.00000 0.947231
20900.00000 0.947996
20910.00000 0.948274
20920.00000 0.948071
20930.00000 0.94862
20940.00000 0.949438
20950.00000 0.949928
20960.00000 0.949012
20970.00000 0.949087
20980.00000 0.948446
20990.00000 0.947616
21000.00000 0.948205
21010.00000 0.947788
21020.00000 0.946992
21030.00000 0.947053
21040.00000 0.946262
21050.00000 0.946848
21060.00000 0.945271
21070.00000 0.945549
21080.00000 0.945306
21090.00000 0.944454
21100.00000 0.944902
21110.00000 0.944298
21120.00000 0.943576
21130.00000 0.943602
21140.00000 0.943783
21150.00000 0.944433
21160.00000 0.944627
21170.00000 0.943889
21180.00000 0.944308
21190.00000 0.944695
21200.00000 0.94576
21210.00000 0.946133
21220.00000 0.946727
21230.00000 0.947892
21240.00000 0.946736
21250.00000 0.946077
21260.00000 0.948741
21270.00000 0.947604
21280.00000 0.948626
21290.00000 0.948376
21300.00000 0.948998
21310.00000 0.94831
21320.00000 0.946234
21330.00000 0.94658
21340.00000 0.946899
21350.00000 0.947968
21360.00000 0.946802
21370.00000 0.945799
21380.00000 0.94587
21390.00000 0.944528
21400.00000 0.945412
21410.00000 0.94451
21420.00000 0.944163
21430.00000 0.943453
21440.00000 0.941633
21450.00000 0.939757
21460.00000 0.938809
21470.00000 0.938428
21480.00000 0.938842
21490.00000 0.936521
21500.00000 0.93413
21510.00000 0.933261
21520.00000 0.931008
21530.00000 0.929987
21540.00000 0.928706
21550.00000 0.927552
21560.00000 0.926915
21570.00000 0.925146
21580.00000 0.923361
21590.00000 0.921728
21600.00000 0.921553
21610.00000 0.919543
21620.00000 0.918269
21630.00000 0.917301
21640.00000 0.919029
21650.00000 0.916593
21660.00000 0.916285
21670.00000 0.915458
21680.00000 0.914698
21690.00000 0.915469
21700.00000 0.915141
21710.00000 0.914942
21720.00000 0.91494
21730.00000 0.914636
21740.00000 0.915009
21750.00000 0.914192
21760.00000 0.900267
21770.00000 0.892359
21780.00000 0.889799
21790.00000 0.896817
21800.00000 0.914037
21810.00000 0.927488
21820.00000 0.933205
21830.00000 0.931959
21840.00000 0.926039
21850.00000 0.916898
21860.00000 0.921437
21870.00000 0.92317
21880.00000 0.923531
21890.00000 0.922925
21900.00000 0.918945
21910.00000 0.921597
21920.00000 0.922598
21930.00000 0.921562
21940.00000 0.919999
21950.00000 0.917403
21960.00000 0.918984
21970.00000 0.919038
21980.00000 0.918249
21990.00000 0.916864
22000.00000 0.913768
22010.00000 0.914518
22020.00000 0.91279
22030.00000 0.911515
22040.00000 0.910417
22050.00000 0.909234
22060.00000 0.909067
22070.00000 0.907499
22080.00000 0.906755
22090.00000 0.906492
22100.00000 0.907304
22110.00000 0.906419
22120.00000 0.906281
22130.00000 0.905446
22140.00000 0.904111
22150.00000 0.904617
22160.00000 0.905126
22170.00000 0.903831
22180.00000 0.905556
22190.00000 0.903738
22200.00000 0.904537
22210.00000 0.903988
22220.00000 0.902745
22230.00000 0.903384
22240.00000 0.904281
22250.00000 0.904307
22260.00000 0.904948
22270.00000 0.905353
22280.00000 0.905893
22290.00000 0.90547
22300.00000 0.906067
22310.00000 0.906076
22320.00000 0.906758
22330.00000 0.907704
22340.00000 0.908528
22350.00000 0.90817
22360.00000 0.909173
22370.00000 0.909429
22380.00000 0.909429
22390.00000 0.910759
22400.00000 0.911861
22410.00000 0.913256
22420.00000 0.915699
22430.00000 0.91579
22440.00000 0.916079
22450.00000 0.916791
22460.00000 0.919204
22470.00000 0.920725
22480.00000 0.922293
22490.00000 0.922514
22500.00000 0.922257
22510.00000 0.924415
22520.00000 0.925547
22530.00000 0.926333
22540.00000 0.92734
22550.00000 0.928129
22560.00000 0.932542
22570.00000 0.934184
22580.00000 0.936244
22590.00000 0.935688
22600.00000 0.931768
22610.00000 0.930744
22620.00000 0.927063
22630.00000 0.924158
22640.00000 0.924862
22650.00000 0.93181
22660.00000 0.912341
22670.00000 0.9103
22680.00000 0.915654
22690.00000 0.921918
22700.00000 0.929535
22710.00000 0.928882
22720.00000 0.926652
22730.00000 0.9263
22740.00000 0.927461
22750.00000 0.930996
22760.00000 0.928809
22770.00000 0.925304
22780.00000 0.924064
22790.00000 0.925901
22800.00000 0.925409
22810.00000 0.920923
22820.00000 0.920773
22830.00000 0.918383
22840.00000 0.918249
22850.00000 0.920583
22860.00000 0.917017
22870.00000 0.914382
22880.00000 0.912394
22890.00000 0.909573
22900.00000 0.907922
22910.00000 0.902199
22920.00000 0.898193
22930.00000 0.894135
22940.00000 0.888825
22950.00000 0.884587
22960.00000 0.877713
22970.00000 0.870287
22980.00000 0.863547
22990.00000 0.856502
23000.00000 0.848311
23010.00000 0.839752
23020.00000 0.829811
23030.00000 0.818376
23040.00000 0.805975
23050.00000 0.793577
23060.00000 0.781385
23070.00000 0.767835
23080.00000 0.753704
23090.00000 0.738218
23100.00000 0.720839
23110.00000 0.705372
23120.00000 0.688152
23130.00000 0.671095
23140.00000 0.651758
23150.00000 0.632902
23160.00000 0.614109
23170.00000 0.593705
23180.00000 0.572735
23190.00000 0.552279
23200.00000 0.530503
23210.00000 0.508891
23220.00000 0.48774
23230.00000 0.465315
23240.00000 0.443277
23250.00000 0.420954
23260.00000 0.399239
23270.00000 0.378125
23280.00000 0.356489
23290.00000 0.334346
23300.00000 0.313486
23310.00000 0.293407
23320.00000 0.273216
23330.00000 0.253821
23340.00000 0.234942
23350.00000 0.216822
23360.00000 0.1989
23370.00000 0.183434
23380.00000 0.168134
23390.00000 0.153204
23400.00000 0.139222
23410.00000 0.127405
23420.00000 0.115578
23430.00000 0.105325
23440.00000 0.094785
23450.00000 0.085619
23460.00000 0.077172
23470.00000 0.069708
23480.00000 0.063357
23490.00000 0.056151
23500.00000 0.0506
23510.00000 0.046179
23520.00000 0.04132
23530.00000 0.037022
23540.00000 0.033473
23550.00000 0.029972
23560.00000 0.026853
23570.00000 0.02459
23580.00000 0.022033
23590.00000 0.01967
23600.00000 0.017909
23610.00000 0.015816
23620.00000 0.014528
23630.00000 0.012763
23640.00000 0.01181
23650.00000 0.011591
23660.00000 0.010087
23670.00000 0.008838
23680.00000 0.008372
23690.00000 0.007724
23700.00000 0.006567
23710.00000 0.00636
23720.00000 0.006149
23730.00000 0.005248
23740.00000 0.004988
23750.00000 0.004351
23760.00000 0.004294
23770.00000 0.004053
26147.00000 0.0
