threeML/data/optical_filters/WHT/LRIS-Kc.ecsv
# %ECSV 0.9
# ---
# datatype:
# - {name: wavelength, unit: Angstrom, datatype: float32}
# - {name: response, datatype: float32}
# meta: !!omap
# - {band_name: Kc}
# - {group_name: LRIS}
wavelength response
19809.35938 0.0
22010.40039 0.013865
22020.00000 0.014155
22029.59961 0.01412
22039.30078 0.013945
22048.90039 0.01417
22058.50000 0.014339
22068.09961 0.014204
22077.80078 0.014325
22087.40039 0.014535
22097.00000 0.014854
22106.59961 0.014942
22116.30078 0.015323
22125.90039 0.015029
22135.50000 0.015051
22145.19922 0.015437
22154.80078 0.01538
22164.40039 0.015737
22174.00000 0.015977
22183.69922 0.016193
22193.30078 0.016292
22202.90039 0.016693
22212.50000 0.017521
22222.19922 0.01815
22231.80078 0.018736
22241.40039 0.019489
22251.00000 0.020615
22260.69922 0.021545
22270.30078 0.022782
22279.90039 0.024236
22289.59961 0.026059
22299.19922 0.02855
22308.80078 0.031205
22318.40039 0.034258
22328.09961 0.037994
22337.69922 0.042778
22347.30078 0.048413
22356.90039 0.055014
22366.59961 0.06274
22376.19922 0.071921
22385.80078 0.082452
22395.40039 0.094201
22405.09961 0.107275
22414.69922 0.122167
22424.30078 0.138394
22434.00000 0.155328
22443.59961 0.174076
22453.19922 0.193506
22462.80078 0.214933
22472.50000 0.238221
22482.09961 0.262425
22491.69922 0.289493
22501.30078 0.318558
22511.00000 0.351151
22520.59961 0.386888
22530.19922 0.425764
22539.80078 0.467245
22549.50000 0.512561
22559.09961 0.557091
22568.69922 0.601269
22578.40039 0.639977
22588.00000 0.672269
22597.59961 0.696987
22607.19922 0.709867
22616.90039 0.713823
22626.50000 0.707857
22636.09961 0.693203
22645.69922 0.673559
22655.40039 0.652482
22665.00000 0.631341
22674.59961 0.61151
22684.19922 0.597243
22693.90039 0.586928
22703.50000 0.583003
22713.09961 0.585144
22722.80078 0.593667
22732.40039 0.608867
22742.00000 0.628775
22751.59961 0.650682
22761.30078 0.66865
22770.90039 0.675129
22780.50000 0.663671
22790.09961 0.629321
22799.80078 0.572376
22809.40039 0.496349
22819.00000 0.412174
22828.59961 0.332287
22838.30078 0.262107
22847.90039 0.205152
22857.50000 0.160594
22867.19922 0.126995
22876.80078 0.102623
22886.40039 0.085254
22896.00000 0.072455
22905.69922 0.06251
22915.30078 0.055163
22924.90039 0.049745
22934.50000 0.045876
22944.19922 0.042912
22953.80078 0.039712
22963.40039 0.03842
22973.00000 0.036903
22982.69922 0.03552
22992.30078 0.035439
23001.90039 0.033979
23011.59961 0.03318
23021.19922 0.033078
23030.80078 0.033097
23040.40039 0.032019
23050.09961 0.031921
23059.69922 0.031396
23069.30078 0.031351
23078.90039 0.030582
23088.59961 0.030372
23098.19922 0.030293
23107.80078 0.029973
23117.40039 0.029919
23127.09961 0.029498
23136.69922 0.028746
23146.30078 0.028688
23156.00000 0.02844
23165.59961 0.028171
23175.19922 0.028292
23184.80078 0.028166
23194.50000 0.027817
23204.09961 0.028247
23213.69922 0.028126
23223.30078 0.028231
23233.00000 0.028013
23242.59961 0.028393
23252.19922 0.028272
23261.80078 0.027805
23271.50000 0.02785
23281.09961 0.028483
23290.69922 0.028588
23300.40039 0.028603
23310.00000 0.028189
23319.59961 0.028762
23329.19922 0.028879
23338.90039 0.029062
23348.50000 0.029069
23358.09961 0.029299
23367.69922 0.029878
23377.40039 0.030315
23387.00000 0.030443
23396.59961 0.030185
25736.25977 0.0
