threeML/data/optical_filters/WHT/LRIS-H2p21.ecsv
# %ECSV 0.9
# ---
# datatype:
# - {name: wavelength, unit: Angstrom, datatype: float32}
# - {name: response, datatype: float32}
# meta: !!omap
# - {band_name: H2p21}
# - {group_name: LRIS}
wavelength response
19540.80078 0.0
21712.00000 0.008454
21721.59961 0.008566
21731.19922 0.008588
21740.80078 0.008701
21750.50000 0.008681
21760.09961 0.008409
21769.69922 0.008481
21779.30078 0.008605
21789.00000 0.008818
21798.59961 0.008711
21808.19922 0.008622
21817.80078 0.008687
21827.50000 0.008709
21837.09961 0.008718
21846.69922 0.009047
21856.40039 0.009175
21866.00000 0.00894
21875.59961 0.009169
21885.19922 0.009329
21894.90039 0.009437
21904.50000 0.009587
21914.09961 0.009562
21923.69922 0.009649
21933.40039 0.00983
21943.00000 0.009762
21952.59961 0.009969
21962.19922 0.010294
21971.90039 0.010379
21981.50000 0.010664
21991.09961 0.010837
22000.80078 0.011234
22010.40039 0.01167
22020.00000 0.012503
22029.59961 0.01313
22039.30078 0.013758
22048.90039 0.014815
22058.50000 0.016229
22068.09961 0.017622
22077.80078 0.01978
22087.40039 0.022321
22097.00000 0.025907
22106.59961 0.030368
22116.30078 0.036526
22125.90039 0.044124
22135.50000 0.054904
22145.19922 0.069266
22154.80078 0.088387
22164.40039 0.11275
22174.00000 0.143684
22183.69922 0.181876
22193.30078 0.225404
22202.90039 0.27156
22212.50000 0.320056
22222.19922 0.369642
22231.80078 0.417773
22241.40039 0.459834
22251.00000 0.497395
22260.69922 0.527667
22270.30078 0.551902
22279.90039 0.570993
22289.59961 0.583318
22299.19922 0.593893
22308.80078 0.60356
22318.40039 0.613137
22328.09961 0.622043
22337.69922 0.63127
22347.30078 0.641712
22356.90039 0.650231
22366.59961 0.656208
22376.19922 0.659451
22385.80078 0.66015
22395.40039 0.657782
22405.09961 0.652367
22414.69922 0.642381
22424.30078 0.630751
22434.00000 0.617669
22443.59961 0.605927
22453.19922 0.591242
22462.80078 0.580877
22472.50000 0.574728
22482.09961 0.570471
22491.69922 0.571511
22501.30078 0.575793
22511.00000 0.583619
22520.59961 0.592299
22530.19922 0.599846
22539.80078 0.600563
22549.50000 0.593158
22559.09961 0.576981
22568.69922 0.549438
22578.40039 0.511585
22588.00000 0.465542
22597.59961 0.412992
22607.19922 0.355574
22616.90039 0.298531
22626.50000 0.243539
22636.09961 0.195791
22645.69922 0.154995
22655.40039 0.12205
22665.00000 0.096933
22674.59961 0.077717
22684.19922 0.063562
22693.90039 0.05261
22703.50000 0.044589
22713.09961 0.038382
22722.80078 0.03412
22732.40039 0.030601
22742.00000 0.027576
22751.59961 0.025484
22761.30078 0.023957
22770.90039 0.022768
22780.50000 0.021718
22790.09961 0.020746
22799.80078 0.020037
22809.40039 0.019699
22819.00000 0.019333
22828.59961 0.019189
22838.30078 0.018988
22847.90039 0.018579
22857.50000 0.018814
22867.19922 0.018667
22876.80078 0.018401
22886.40039 0.01838
22896.00000 0.018683
22905.69922 0.018434
22915.30078 0.018448
22924.90039 0.018405
22934.50000 0.018309
22944.19922 0.018571
22953.80078 0.0182
22963.40039 0.018701
22973.00000 0.018859
22982.69922 0.018583
22992.30078 0.019335
23001.90039 0.019004
23011.59961 0.018526
23021.19922 0.018838
23030.80078 0.019215
23040.40039 0.018843
23050.09961 0.01892
23059.69922 0.018698
23069.30078 0.018831
23078.90039 0.018577
23088.59961 0.018281
23098.19922 0.018402
25408.01953 0.0
