threeML/data/optical_filters/WHT/LRIS-H.ecsv
# %ECSV 0.9
# ---
# datatype:
# - {name: wavelength, unit: Angstrom, datatype: float32}
# - {name: response, datatype: float32}
# meta: !!omap
# - {band_name: H}
# - {group_name: LRIS}
wavelength response
12687.57031 0.0
14097.29980 0.031887
14106.90039 0.031385
14116.50000 0.032591
14126.20020 0.035112
14135.79980 0.037103
14145.40039 0.036645
14155.00000 0.035915
14164.70020 0.037171
14174.29980 0.039696
14183.90039 0.042137
14193.59961 0.04173
14203.20020 0.040513
14212.79980 0.041905
14222.40039 0.042649
14232.09961 0.044247
14241.70020 0.043649
14251.29980 0.044224
14260.90039 0.04519
14270.59961 0.045418
14280.20020 0.045648
14289.79980 0.045225
14299.40039 0.046013
14309.09961 0.048686
14318.70020 0.04868
14328.29980 0.048677
14338.00000 0.048406
14347.59961 0.047993
14357.20020 0.048001
14366.79980 0.048907
14376.50000 0.049819
14386.09961 0.049525
14395.70020 0.049201
14405.29980 0.049528
14415.00000 0.049594
14424.59961 0.051258
14434.20020 0.051676
14443.79980 0.051807
14453.50000 0.053059
14463.09961 0.052448
14472.70020 0.051694
14482.40039 0.052338
14492.00000 0.055538
14501.59961 0.05848
14511.20020 0.059694
14520.90039 0.060158
14530.50000 0.062024
14540.09961 0.06416
14549.70020 0.067682
14559.40039 0.071114
14569.00000 0.075785
14578.59961 0.081039
14588.20020 0.087378
14597.90039 0.094511
14607.50000 0.102794
14617.09961 0.111045
14626.79980 0.121829
14636.40039 0.132947
14646.00000 0.145123
14655.59961 0.158977
14665.29980 0.174162
14674.90039 0.189949
14684.50000 0.205237
14694.09961 0.222462
14703.79980 0.241897
14713.40039 0.261432
14723.00000 0.281573
14732.59961 0.301431
14742.29980 0.320457
14751.90039 0.340201
14761.50000 0.361497
14771.20020 0.383739
14780.79980 0.405719
14790.40039 0.426501
14800.00000 0.44933
14809.70020 0.4722
14819.29980 0.494382
14828.90039 0.515594
14838.50000 0.537502
14848.20020 0.558299
14857.79980 0.579674
14867.40039 0.600538
14877.00000 0.620369
14886.70020 0.639368
14896.29980 0.656933
14905.90039 0.67308
14915.59961 0.688609
14925.20020 0.701338
14934.79980 0.713826
14944.40039 0.724861
14954.09961 0.733395
14963.70020 0.740515
14973.29980 0.746834
14982.90039 0.751055
14992.59961 0.754498
15002.20020 0.756628
15011.79980 0.758544
15021.40039 0.758935
15031.09961 0.759643
15040.70020 0.759555
15050.29980 0.759076
15060.00000 0.758036
15069.59961 0.757419
15079.20020 0.756276
15088.79980 0.755866
15098.50000 0.755549
15108.09961 0.754385
15117.70020 0.755445
15127.29980 0.755694
15137.00000 0.754928
15146.59961 0.755629
15156.20020 0.757162
15165.79980 0.757864
15175.50000 0.759633
15185.09961 0.761591
15194.70020 0.76338
15204.40039 0.765501
15214.00000 0.767919
15223.59961 0.770697
15233.20020 0.772995
15242.90039 0.775871
15252.50000 0.778721
15262.09961 0.782328
15271.70020 0.786271
15281.40039 0.788931
15291.00000 0.792653
15300.59961 0.79608
15310.20020 0.79937
15319.90039 0.801982
15329.50000 0.806105
15339.09961 0.809679
15348.79980 0.813247
15358.40039 0.817324
15368.00000 0.821165
15377.59961 0.823409
15387.29980 0.827083
15396.90039 0.831017
15406.50000 0.833733
15416.09961 0.836956
15425.79980 0.839009
15435.40039 0.842785
15445.00000 0.844776
15454.59961 0.846965
15464.29980 0.849145
15473.90039 0.850895
15483.50000 0.85285
15493.20020 0.853687
15502.79980 0.853895
15512.40039 0.853918
15522.00000 0.854688
15531.70020 0.854875
15541.29980 0.8544
15550.90039 0.852783
15560.50000 0.851853
15570.20020 0.850945
15579.79980 0.848622
15589.40039 0.846842
15599.00000 0.844093
15608.70020 0.842355
15618.29980 0.839492
15627.90039 0.837457
15637.59961 0.835028
15647.20020 0.831723
15656.79980 0.829046
15666.40039 0.826282
15676.09961 0.823562
15685.70020 0.820545
15695.29980 0.817671
15704.90039 0.814576
15714.59961 0.812168
15724.20020 0.809215
15733.79980 0.806476
15743.40039 0.804267
15753.09961 0.802414
15762.70020 0.800914
15772.29980 0.798808
15781.90039 0.797078
15791.59961 0.795895
15801.20020 0.794991
15810.79980 0.794419
15820.50000 0.793206
15830.09961 0.792612
15839.70020 0.792435
15849.29980 0.793087
15859.00000 0.793342
15868.59961 0.793733
15878.20020 0.794692
15887.79980 0.795735
15897.50000 0.796132
15907.09961 0.79755
15916.70020 0.798188
15926.29980 0.79924
15936.00000 0.801523
15945.59961 0.803386
15955.20020 0.805181
15964.90039 0.807119
15974.50000 0.808294
15984.09961 0.810192
15993.70020 0.812003
16003.40039 0.813862
16013.00000 0.815763
16022.59961 0.818403
16032.20020 0.820741
16041.90039 0.822563
16051.50000 0.824198
16061.09961 0.826284
16070.70020 0.827804
16080.40039 0.830154
16090.00000 0.832138
16099.59961 0.833553
16109.29980 0.835474
16118.90039 0.837499
16128.50000 0.839373
16138.09961 0.841252
16147.79980 0.842597
16157.40039 0.843876
16167.00000 0.845493
16176.59961 0.84746
16186.29980 0.84863
16195.90039 0.849738
16205.50000 0.851176
16215.09961 0.852686
16224.79980 0.854253
16234.40039 0.855819
16244.00000 0.857152
16253.70020 0.858077
16263.29980 0.859419
16272.90039 0.86096
16282.50000 0.861436
16292.20020 0.862916
16301.79980 0.864105
16311.40039 0.863685
16321.00000 0.865087
16330.70020 0.866301
16340.29980 0.867102
16349.90039 0.866917
16359.50000 0.867147
16369.20020 0.86866
16378.79980 0.869128
16388.40039 0.868359
16398.09961 0.868557
16407.69922 0.867422
16417.30078 0.868767
16426.90039 0.868221
16436.59961 0.867624
16446.19922 0.866044
16455.80078 0.864952
16465.40039 0.863757
16475.09961 0.863036
16484.69922 0.861296
16494.30078 0.858959
16503.90039 0.857972
16513.59961 0.855597
16523.19922 0.852561
16532.80078 0.851702
16542.50000 0.84871
16552.09961 0.846059
16561.69922 0.842369
16571.30078 0.840589
16581.00000 0.837145
16590.59961 0.833628
16600.19922 0.830373
16609.80078 0.827152
16619.50000 0.823593
16629.09961 0.81968
16638.69922 0.816469
16648.30078 0.813075
16658.00000 0.809015
16667.59961 0.80539
16677.19922 0.803395
16686.90039 0.798915
16696.50000 0.79623
16706.09961 0.792829
16715.69922 0.78873
16725.40039 0.785075
16735.00000 0.782161
16744.59961 0.779552
16754.19922 0.776365
16763.90039 0.77383
16773.50000 0.771321
16783.09961 0.769617
16792.69922 0.76748
16802.40039 0.765624
16812.00000 0.764891
16821.59961 0.763029
16831.30078 0.761472
16840.90039 0.759941
16850.50000 0.759739
16860.09961 0.758973
16869.80078 0.758974
16879.40039 0.758581
16889.00000 0.759075
16898.59961 0.758095
16908.30078 0.759906
16917.90039 0.760944
16927.50000 0.762335
16937.09961 0.763574
16946.80078 0.764512
16956.40039 0.766769
16966.00000 0.768698
16975.69922 0.769795
16985.30078 0.771733
16994.90039 0.774019
17004.50000 0.776034
17014.19922 0.778152
17023.80078 0.781275
17033.40039 0.784052
17043.00000 0.786609
17052.69922 0.788894
17062.30078 0.791621
17071.90039 0.793898
17081.50000 0.796929
17091.19922 0.798472
17100.80078 0.801361
17110.40039 0.80316
17120.09961 0.804339
17129.69922 0.806655
17139.30078 0.80875
17148.90039 0.810768
17158.59961 0.811977
17168.19922 0.813955
17177.80078 0.815541
17187.40039 0.816424
17197.09961 0.817943
17206.69922 0.819033
17216.30078 0.819549
17225.90039 0.820102
17235.59961 0.820711
17245.19922 0.822093
17254.80078 0.822326
17264.50000 0.822802
17274.09961 0.823702
17283.69922 0.823308
17293.30078 0.824139
17303.00000 0.824374
17312.59961 0.824323
17322.19922 0.825111
17331.80078 0.82513
17341.50000 0.825768
17351.09961 0.825944
17360.69922 0.825866
17370.30078 0.825556
17380.00000 0.825151
17389.59961 0.824635
17399.19922 0.824146
17408.90039 0.824839
17418.50000 0.824772
17428.09961 0.823042
17437.69922 0.822242
17447.40039 0.820745
17457.00000 0.818782
17466.59961 0.81771
17476.19922 0.816519
17485.90039 0.812525
17495.50000 0.809577
17505.09961 0.806302
17514.69922 0.803402
17524.40039 0.799627
17534.00000 0.794795
17543.59961 0.79058
17553.19922 0.784048
17562.90039 0.777767
17572.50000 0.77078
17582.09961 0.762304
17591.80078 0.753292
17601.40039 0.744631
17611.00000 0.733902
17620.59961 0.721982
17630.30078 0.708466
17639.90039 0.694863
17649.50000 0.67829
17659.09961 0.66055
17668.80078 0.639882
17678.40039 0.618215
17688.00000 0.595921
17697.69922 0.571401
17707.30078 0.544345
17716.90039 0.516705
17726.50000 0.487386
17736.19922 0.458227
17745.80078 0.427255
17755.40039 0.396788
17765.00000 0.366903
17774.69922 0.337252
17784.30078 0.308842
17793.90039 0.282449
17803.50000 0.256965
17813.19922 0.232946
17822.80078 0.211652
17832.40039 0.192786
17842.00000 0.176404
17851.69922 0.159838
17861.30078 0.144766
17870.90039 0.132347
17880.59961 0.121315
17890.19922 0.111305
17899.80078 0.102794
17909.40039 0.096518
17919.09961 0.09095
17928.69922 0.085541
17938.30078 0.080732
17947.90039 0.076777
17957.59961 0.072682
17967.19922 0.068957
17976.80078 0.066138
17986.40039 0.064636
17996.09961 0.064788
18005.69922 0.065658
18015.30078 0.064131
18025.00000 0.061533
18034.59961 0.058923
18044.19922 0.058106
18053.80078 0.058236
18063.50000 0.058826
18073.09961 0.057559
18082.69922 0.055432
18092.30078 0.055592
18102.00000 0.056409
18111.59961 0.059945
18121.19922 0.059915
18130.80078 0.058425
18140.50000 0.057921
18150.09961 0.058307
18159.69922 0.058664
18169.40039 0.057929
18179.00000 0.057219
18188.59961 0.061362
18198.19922 0.067848
20018.01953 0.0
