threeML/data/optical_filters/WHT/LRIS-FeII.ecsv
# %ECSV 0.9
# ---
# datatype:
# - {name: wavelength, unit: Angstrom, datatype: float32}
# - {name: response, datatype: float32}
# meta: !!omap
# - {band_name: FeII}
# - {group_name: LRIS}
wavelength response
14411.70020 0.0
16013.00000 0.010234
16022.59961 0.010318
16032.20020 0.010418
16041.90039 0.010316
16051.50000 0.010223
16061.09961 0.010421
16070.70020 0.010457
16080.40039 0.010658
16090.00000 0.010644
16099.59961 0.010773
16109.29980 0.011021
16118.90039 0.011201
16128.50000 0.011349
16138.09961 0.011598
16147.79980 0.011842
16157.40039 0.012192
16167.00000 0.012529
16176.59961 0.013033
16186.29980 0.013612
16195.90039 0.0145
16205.50000 0.015583
16215.09961 0.016989
16224.79980 0.018769
16234.40039 0.021397
16244.00000 0.025184
16253.70020 0.030321
16263.29980 0.037735
16272.90039 0.048585
16282.50000 0.064734
16292.20020 0.088687
16301.79980 0.124663
16311.40039 0.176605
16321.00000 0.248485
16330.70020 0.340059
16340.29980 0.443114
16349.90039 0.545515
16359.50000 0.634471
16369.20020 0.698458
16378.79980 0.738529
16388.40039 0.758487
16398.09961 0.768737
16407.69922 0.774423
16417.30078 0.779084
16426.90039 0.784047
16436.59961 0.78829
16446.19922 0.790756
16455.80078 0.786659
16465.40039 0.779027
16475.09961 0.767349
16484.69922 0.753805
16494.30078 0.740251
16503.90039 0.729969
16513.59961 0.724369
16523.19922 0.723994
16532.80078 0.727138
16542.50000 0.728084
16552.09961 0.718513
16561.69922 0.686904
16571.30078 0.629045
16581.00000 0.54494
16590.59961 0.444608
16600.19922 0.343596
16609.80078 0.255574
16619.50000 0.185456
16629.09961 0.133644
16638.69922 0.098351
16648.30078 0.073595
16658.00000 0.056618
16667.59961 0.044925
16677.19922 0.036818
16686.90039 0.030935
16696.50000 0.026625
16706.09961 0.023639
16715.69922 0.021286
16725.40039 0.01957
16735.00000 0.01831
16744.59961 0.01721
16754.19922 0.016457
16763.90039 0.015733
16773.50000 0.015193
16783.09961 0.014732
16792.69922 0.01463
16802.40039 0.013615
16812.00000 0.01596
16821.59961 0.017645
16831.30078 0.013172
16840.90039 0.013579
16850.50000 0.013431
16860.09961 0.013113
16869.80078 0.012963
16879.40039 0.013021
16889.00000 0.012869
16898.59961 0.012802
16908.30078 0.012696
16917.90039 0.012699
16927.50000 0.012647
16937.09961 0.012603
16946.80078 0.012607
16956.40039 0.01254
16966.00000 0.012513
16975.69922 0.012654
16985.30078 0.012526
16994.90039 0.012518
18694.39062 0.0
