threeML/data/optical_filters/WHT/LRIS-Brg.ecsv
# %ECSV 0.9
# ---
# datatype:
# - {name: wavelength, unit: Angstrom, datatype: float32}
# - {name: response, datatype: float32}
# meta: !!omap
# - {band_name: Brg}
# - {group_name: LRIS}
wavelength response
18916.91992 0.0
21018.80078 0.014903
21028.50000 0.015026
21038.09961 0.015079
21047.69922 0.015094
21057.30078 0.015092
21067.00000 0.015409
21076.59961 0.015155
21086.19922 0.015407
21095.90039 0.015354
21105.50000 0.015647
21115.09961 0.015863
21124.69922 0.015602
21134.40039 0.015712
21144.00000 0.016066
21153.59961 0.016057
21163.19922 0.015918
21172.90039 0.016239
21182.50000 0.016564
21192.09961 0.016445
21201.69922 0.016393
21211.40039 0.016637
21221.00000 0.016798
21230.59961 0.017097
21240.30078 0.017463
21249.90039 0.017622
21259.50000 0.017868
21269.09961 0.01835
21278.80078 0.018526
21288.40039 0.019741
21298.00000 0.018187
21307.59961 0.027774
21317.30078 0.038253
21326.90039 0.022243
21336.50000 0.024107
21346.09961 0.025338
21355.80078 0.027024
21365.40039 0.029093
21375.00000 0.031775
21384.59961 0.035269
21394.30078 0.039322
21403.90039 0.044776
21413.50000 0.051107
21423.19922 0.059686
21432.80078 0.069801
21442.40039 0.082336
21452.00000 0.097646
21461.69922 0.116508
21471.30078 0.138645
21480.90039 0.164435
21490.50000 0.192789
21500.19922 0.224513
21509.80078 0.258905
21519.40039 0.293822
21529.00000 0.329635
21538.69922 0.366144
21548.30078 0.40333
21557.90039 0.438705
21567.59961 0.473855
21577.19922 0.510089
21586.80078 0.54664
21596.40039 0.58317
21606.09961 0.618125
21615.69922 0.650678
21625.30078 0.679653
21634.90039 0.704133
21644.59961 0.721784
21654.19922 0.730948
21663.80078 0.732467
21673.40039 0.725689
21683.09961 0.71239
21692.69922 0.694159
21702.30078 0.6729
21712.00000 0.649633
21721.59961 0.627868
21731.19922 0.609357
21740.80078 0.593603
21750.50000 0.582927
21760.09961 0.578572
21769.69922 0.580165
21779.30078 0.58826
21789.00000 0.603513
21798.59961 0.623154
21808.19922 0.646569
21817.80078 0.66677
21827.50000 0.676935
21837.09961 0.670689
21846.69922 0.642666
21856.40039 0.589194
21866.00000 0.517202
21875.59961 0.434985
21885.19922 0.353081
21894.90039 0.278497
21904.50000 0.215349
21914.09961 0.1667
21923.69922 0.128991
21933.40039 0.101702
21943.00000 0.081094
21952.59961 0.066196
21962.19922 0.055394
21971.90039 0.047333
21981.50000 0.040963
21991.09961 0.036097
22000.80078 0.03247
22010.40039 0.029738
22020.00000 0.027814
22029.59961 0.025815
22039.30078 0.024305
22048.90039 0.023423
22058.50000 0.022619
22068.09961 0.02168
22077.80078 0.021165
22087.40039 0.02067
22097.00000 0.020733
22106.59961 0.02031
22116.30078 0.020282
22125.90039 0.019546
22135.50000 0.01929
22145.19922 0.019342
22154.80078 0.018965
22164.40039 0.018948
22174.00000 0.01877
22183.69922 0.018668
22193.30078 0.018363
22202.90039 0.018284
22212.50000 0.01869
22222.19922 0.018844
22231.80078 0.018737
22241.40039 0.018755
22251.00000 0.019009
22260.69922 0.018896
22270.30078 0.018978
22279.90039 0.01909
22289.59961 0.019172
22299.19922 0.01954
22308.80078 0.01972
22318.40039 0.019645
22328.09961 0.019696
22337.69922 0.019937
22347.30078 0.020119
22356.90039 0.020309
22366.59961 0.020479
22376.19922 0.020897
22385.80078 0.021212
22395.40039 0.021217
22405.09961 0.021598
22414.69922 0.021965
22424.30078 0.021897
22434.00000 0.022278
22443.59961 0.022474
22453.19922 0.022875
22462.80078 0.02321
22472.50000 0.023288
22482.09961 0.023752
22491.69922 0.02395
24740.86914 0.0
