threeML/data/optical_filters/WHT/LRIS-HeI.ecsv
# %ECSV 0.9
# ---
# datatype:
# - {name: wavelength, unit: Angstrom, datatype: float32}
# - {name: response, datatype: float32}
# meta: !!omap
# - {band_name: HeI}
# - {group_name: LRIS}
wavelength response
18015.92969 0.0
20017.69922 0.012009
20027.30078 0.012156
20036.90039 0.012255
20046.50000 0.012207
20056.19922 0.012319
20065.80078 0.01235
20075.40039 0.012256
20085.09961 0.012192
20094.69922 0.012122
20104.30078 0.012211
20113.90039 0.01236
20123.59961 0.012561
20133.19922 0.012627
20142.80078 0.012758
20152.40039 0.012842
20162.09961 0.013054
20171.69922 0.013109
20181.30078 0.013361
20190.90039 0.013629
20200.59961 0.013737
20210.19922 0.014023
20219.80078 0.014425
20229.50000 0.014784
20239.09961 0.015085
20248.69922 0.015776
20258.30078 0.016413
20268.00000 0.017047
20277.59961 0.01809
20287.19922 0.019232
20296.80078 0.020529
20306.50000 0.022292
20316.09961 0.024402
20325.69922 0.026921
20335.30078 0.030305
20345.00000 0.034668
20354.59961 0.040038
20364.19922 0.046874
20373.90039 0.055786
20383.50000 0.06805
20393.09961 0.08331
20402.69922 0.102337
20412.40039 0.126607
20422.00000 0.157323
20431.59961 0.194166
20441.19922 0.236293
20450.90039 0.28391
20460.50000 0.334489
20470.09961 0.385421
20479.69922 0.431348
20489.40039 0.474329
20499.00000 0.508848
20508.59961 0.536478
20518.30078 0.5569
20527.90039 0.571343
20537.50000 0.580064
20547.09961 0.584989
20556.80078 0.588443
20566.40039 0.592072
20576.00000 0.596995
20585.59961 0.602083
20595.30078 0.60762
20604.90039 0.615779
20614.50000 0.625006
20624.09961 0.635467
20633.80078 0.646262
20643.40039 0.657176
20653.00000 0.666677
20662.69922 0.671956
20672.30078 0.673433
20681.90039 0.666863
20691.50000 0.652309
20701.19922 0.627453
20710.80078 0.591943
20720.40039 0.548254
20730.00000 0.496648
20739.69922 0.441747
20749.30078 0.384096
20758.90039 0.327606
20768.50000 0.27632
20778.19922 0.229234
20787.80078 0.189448
20797.40039 0.155311
20807.09961 0.127291
20816.69922 0.104893
20826.30078 0.086664
20835.90039 0.072479
20845.59961 0.061314
20855.19922 0.052339
20864.80078 0.045181
20874.40039 0.039603
20884.09961 0.034987
20893.69922 0.031202
20903.30078 0.028295
20912.90039 0.025996
20922.59961 0.02417
20932.19922 0.022641
20941.80078 0.021333
20951.50000 0.020356
20961.09961 0.019433
20970.69922 0.018776
20980.30078 0.018139
20990.00000 0.017484
20999.59961 0.017393
21009.19922 0.01704
21018.80078 0.016358
21028.50000 0.016225
21038.09961 0.015947
21047.69922 0.015758
21057.30078 0.015482
21067.00000 0.015593
21076.59961 0.015289
21086.19922 0.015329
21095.90039 0.015159
21105.50000 0.015318
21115.09961 0.015414
21124.69922 0.015106
21134.40039 0.015108
21144.00000 0.015277
21153.59961 0.015203
21163.19922 0.015038
21172.90039 0.015171
21182.50000 0.015299
21192.09961 0.01512
23311.31055 0.0
