threeML/data/optical_filters/WHT/LRIS-H2p10.ecsv
# %ECSV 0.9
# ---
# datatype:
# - {name: wavelength, unit: Angstrom, datatype: float32}
# - {name: response, datatype: float32}
# meta: !!omap
# - {band_name: H2p10}
# - {group_name: LRIS}
wavelength response
18466.47070 0.0
20518.30078 0.008483
20527.90039 0.008441
20537.50000 0.00849
20547.09961 0.008501
20556.80078 0.008506
20566.40039 0.008734
20576.00000 0.008745
20585.59961 0.008582
20595.30078 0.008691
20604.90039 0.008751
20614.50000 0.008781
20624.09961 0.008884
20633.80078 0.008796
20643.40039 0.008808
20653.00000 0.008927
20662.69922 0.00902
20672.30078 0.009151
20681.90039 0.009063
20691.50000 0.009046
20701.19922 0.009187
20710.80078 0.009244
20720.40039 0.009237
20730.00000 0.009266
20739.69922 0.00929
20749.30078 0.009425
20758.90039 0.009627
20768.50000 0.009751
20778.19922 0.009826
20787.80078 0.009821
20797.40039 0.010004
20807.09961 0.01025
20816.69922 0.010334
20826.30078 0.010546
20835.90039 0.010689
20845.59961 0.010924
20855.19922 0.011274
20864.80078 0.011552
20874.40039 0.011937
20884.09961 0.012384
20893.69922 0.012944
20903.30078 0.013671
20912.90039 0.014607
20922.59961 0.015755
20932.19922 0.017143
20941.80078 0.018954
20951.50000 0.021237
20961.09961 0.024269
20970.69922 0.028182
20980.30078 0.03332
20990.00000 0.040245
20999.59961 0.049536
21009.19922 0.062251
21018.80078 0.078821
21028.50000 0.101619
21038.09961 0.131675
21047.69922 0.170243
21057.30078 0.216917
21067.00000 0.270574
21076.59961 0.330955
21086.19922 0.392102
21095.90039 0.450274
21105.50000 0.504096
21115.09961 0.553035
21124.69922 0.594782
21134.40039 0.626519
21144.00000 0.64963
21153.59961 0.664992
21163.19922 0.673476
21172.90039 0.677695
21182.50000 0.677523
21192.09961 0.675573
21201.69922 0.671662
21211.40039 0.666973
21221.00000 0.663248
21230.59961 0.658028
21240.30078 0.653006
21249.90039 0.649217
21259.50000 0.644124
21269.09961 0.639475
21278.80078 0.635687
21288.40039 0.632977
21298.00000 0.628986
21307.59961 0.630749
21317.30078 0.632304
21326.90039 0.614267
21336.50000 0.599184
21346.09961 0.576731
21355.80078 0.547238
21365.40039 0.509838
21375.00000 0.465604
21384.59961 0.41555
21394.30078 0.363258
21403.90039 0.311646
21413.50000 0.260684
21423.19922 0.213706
21432.80078 0.17179
21442.40039 0.136736
21452.00000 0.108495
21461.69922 0.085932
21471.30078 0.068357
21480.90039 0.055255
21490.50000 0.045609
21500.19922 0.038125
21509.80078 0.032461
21519.40039 0.02848
21529.00000 0.025125
21538.69922 0.022761
21548.30078 0.021016
21557.90039 0.019254
21567.59961 0.017859
21577.19922 0.017089
21586.80078 0.016441
21596.40039 0.015657
21606.09961 0.015131
21615.69922 0.014771
21625.30078 0.014257
21634.90039 0.014031
21644.59961 0.013881
21654.19922 0.013582
21663.80078 0.013529
21673.40039 0.012984
21683.09961 0.012756
21692.69922 0.012661
21702.30078 0.012642
21712.00000 0.012439
21721.59961 0.012252
21731.19922 0.012199
21740.80078 0.012221
21750.50000 0.01213
21760.09961 0.011833
21769.69922 0.011864
21779.30078 0.012038
21789.00000 0.012065
21798.59961 0.011827
21808.19922 0.011741
21817.80078 0.011786
21827.50000 0.011799
21837.09961 0.011806
21846.69922 0.011841
21856.40039 0.011869
21866.00000 0.011739
21875.59961 0.011816
21885.19922 0.01188
21894.90039 0.011897
21904.50000 0.011852
21914.09961 0.011885
21923.69922 0.011935
21933.40039 0.01192
21943.00000 0.011809
21952.59961 0.01171
21962.19922 0.011823
21971.90039 0.011913
21981.50000 0.011907
21991.09961 0.011779
24190.20898 0.0
