threeML/data/optical_filters/WHT/LRIS-CH4.ecsv
# %ECSV 0.9
# ---
# datatype:
# - {name: wavelength, unit: Angstrom, datatype: float32}
# - {name: response, datatype: float32}
# meta: !!omap
# - {band_name: CH4}
# - {group_name: LRIS}
wavelength response
13510.62012 0.0
15011.79980 0.008956
15021.40039 0.009032
15031.09961 0.009002
15040.70020 0.009067
15050.29980 0.009006
15060.00000 0.009005
15069.59961 0.009153
15079.20020 0.009028
15088.79980 0.008928
15098.50000 0.009053
15108.09961 0.009067
15117.70020 0.009036
15127.29980 0.009201
15137.00000 0.009169
15146.59961 0.009172
15156.20020 0.009237
15165.79980 0.009272
15175.50000 0.009256
15185.09961 0.009408
15194.70020 0.009466
15204.40039 0.009528
15214.00000 0.009459
15223.59961 0.009583
15233.20020 0.009585
15242.90039 0.009638
15252.50000 0.009845
15262.09961 0.009974
15271.70020 0.009995
15281.40039 0.010103
15291.00000 0.010168
15300.59961 0.010341
15310.20020 0.010824
15319.90039 0.010603
15329.50000 0.010606
15339.09961 0.010714
15348.79980 0.01085
15358.40039 0.01107
15368.00000 0.011268
15377.59961 0.011345
15387.29980 0.011563
15396.90039 0.011732
15406.50000 0.011886
15416.09961 0.012054
15425.79980 0.012133
15435.40039 0.01247
15445.00000 0.012684
15454.59961 0.012886
15464.29980 0.013108
15473.90039 0.013367
15483.50000 0.013647
15493.20020 0.013824
15502.79980 0.014108
15512.40039 0.014333
15522.00000 0.014576
15531.70020 0.014918
15541.29980 0.015381
15550.90039 0.015355
15560.50000 0.017364
15570.20020 0.023322
15579.79980 0.016729
15589.40039 0.017281
15599.00000 0.0176
15608.70020 0.018019
15618.29980 0.01853
15627.90039 0.019083
15637.59961 0.019594
15647.20020 0.020129
15656.79980 0.020712
15666.40039 0.02133
15676.09961 0.022155
15685.70020 0.022845
15695.29980 0.023608
15704.90039 0.024373
15714.59961 0.025287
15724.20020 0.026308
15733.79980 0.027285
15743.40039 0.028348
15753.09961 0.029448
15762.70020 0.030685
15772.29980 0.032014
15781.90039 0.033419
15791.59961 0.034994
15801.20020 0.036622
15810.79980 0.038515
15820.50000 0.040348
15830.09961 0.042466
15839.70020 0.044709
15849.29980 0.047083
15859.00000 0.049667
15868.59961 0.05259
15878.20020 0.055646
15887.79980 0.058952
15897.50000 0.062534
15907.09961 0.06661
15916.70020 0.070576
15926.29980 0.075404
15936.00000 0.080551
15945.59961 0.08594
15955.20020 0.091798
15964.90039 0.098406
15974.50000 0.105524
15984.09961 0.112995
15993.70020 0.121586
16003.40039 0.130551
16013.00000 0.140934
16022.59961 0.151805
16032.20020 0.163112
16041.90039 0.176605
16051.50000 0.190253
16061.09961 0.205729
16070.70020 0.221263
16080.40039 0.23892
16090.00000 0.258289
16099.59961 0.278392
16109.29980 0.299473
16118.90039 0.322281
16128.50000 0.348031
16138.09961 0.372583
16147.79980 0.39977
16157.40039 0.428628
16167.00000 0.457791
16176.59961 0.487189
16186.29980 0.518865
16195.90039 0.550626
16205.50000 0.58256
16215.09961 0.615805
16224.79980 0.64692
16234.40039 0.677425
16244.00000 0.708532
16253.70020 0.736987
16263.29980 0.76432
16272.90039 0.789079
16282.50000 0.812131
16292.20020 0.833136
16301.79980 0.851407
16311.40039 0.86709
16321.00000 0.880625
16330.70020 0.892447
16340.29980 0.901518
16349.90039 0.908753
16359.50000 0.914137
16369.20020 0.917995
16378.79980 0.92083
16388.40039 0.922313
16398.09961 0.923527
16407.69922 0.923245
16417.30078 0.921966
16426.90039 0.920738
16436.59961 0.918972
16446.19922 0.918019
16455.80078 0.916003
16465.40039 0.914206
16475.09961 0.912679
16484.69922 0.910889
16494.30078 0.909297
16503.90039 0.90832
16513.59961 0.907564
16523.19922 0.906911
16532.80078 0.907155
16542.50000 0.906854
16552.09961 0.907437
16561.69922 0.907308
16571.30078 0.908017
16581.00000 0.909573
16590.59961 0.910276
16600.19922 0.911318
16609.80078 0.912588
16619.50000 0.913885
16629.09961 0.915516
16638.69922 0.91758
16648.30078 0.918581
16658.00000 0.919596
16667.59961 0.920439
16677.19922 0.921316
16686.90039 0.921996
16696.50000 0.921896
16706.09961 0.922253
16715.69922 0.921828
16725.40039 0.921437
16735.00000 0.920663
16744.59961 0.919347
16754.19922 0.91722
16763.90039 0.915218
16773.50000 0.912094
16783.09961 0.908975
16792.69922 0.905504
16802.40039 0.902003
16812.00000 0.898227
16821.59961 0.893843
16831.30078 0.888561
16840.90039 0.884399
16850.50000 0.879378
16860.09961 0.87423
16869.80078 0.86827
16879.40039 0.863123
16889.00000 0.857654
16898.59961 0.85183
16908.30078 0.846062
16917.90039 0.841371
16927.50000 0.836063
16937.09961 0.831089
16946.80078 0.825875
16956.40039 0.821877
16966.00000 0.817103
16975.69922 0.813207
16985.30078 0.809625
16994.90039 0.806742
17004.50000 0.804353
17014.19922 0.800919
17023.80078 0.79886
17033.40039 0.797931
17043.00000 0.796974
17052.69922 0.796143
17062.30078 0.796154
17071.90039 0.79651
17081.50000 0.79795
17091.19922 0.800231
17100.80078 0.802529
17110.40039 0.805414
17120.09961 0.808797
17129.69922 0.812653
17139.30078 0.817726
17148.90039 0.82298
17158.59961 0.828813
17168.19922 0.834793
17177.80078 0.841668
17187.40039 0.848386
17197.09961 0.855929
17206.69922 0.864229
17216.30078 0.8722
17225.90039 0.880661
17235.59961 0.888104
17245.19922 0.895762
17254.80078 0.903688
17264.50000 0.91073
17274.09961 0.916727
17283.69922 0.921744
17293.30078 0.925
17303.00000 0.928161
17312.59961 0.927918
17322.19922 0.926594
17331.80078 0.922389
17341.50000 0.915936
17351.09961 0.906708
17360.69922 0.894087
17370.30078 0.879461
17380.00000 0.861093
17389.59961 0.84072
17399.19922 0.818262
17408.90039 0.791763
17418.50000 0.764856
17428.09961 0.735592
17437.69922 0.703781
17447.40039 0.67417
17457.00000 0.642179
17466.59961 0.609644
17476.19922 0.576522
17485.90039 0.545098
17495.50000 0.513841
17505.09961 0.483606
17514.69922 0.454139
17524.40039 0.425541
17534.00000 0.39889
17543.59961 0.373939
17553.19922 0.349318
17562.90039 0.325531
17572.50000 0.303752
17582.09961 0.283757
17591.80078 0.2655
17601.40039 0.247692
17611.00000 0.231432
17620.59961 0.216119
17630.30078 0.20116
17639.90039 0.188839
17649.50000 0.176815
17659.09961 0.165471
17668.80078 0.155296
17678.40039 0.145317
17688.00000 0.136789
17697.69922 0.128624
17707.30078 0.120894
17716.90039 0.113891
17726.50000 0.107125
17736.19922 0.101258
17745.80078 0.095623
17755.40039 0.09069
17765.00000 0.085906
17774.69922 0.081095
17784.30078 0.076988
17793.90039 0.073325
17803.50000 0.069732
17813.19922 0.066372
17822.80078 0.063141
17832.40039 0.060272
17842.00000 0.05778
17851.69922 0.055137
17861.30078 0.052625
17870.90039 0.050309
17880.59961 0.048215
17890.19922 0.046202
17899.80078 0.044395
17909.40039 0.042839
17919.09961 0.041308
17928.69922 0.039779
17938.30078 0.038502
17947.90039 0.037173
17957.59961 0.035926
17967.19922 0.034602
17976.80078 0.033481
17986.40039 0.032548
17996.09961 0.031959
18005.69922 0.031482
18015.30078 0.030779
18025.00000 0.029679
18034.59961 0.028656
18044.19922 0.027947
18053.80078 0.02747
18063.50000 0.027041
18073.09961 0.026331
18082.69922 0.025305
18092.30078 0.02486
18102.00000 0.024716
18111.59961 0.02493
18121.19922 0.024597
18130.80078 0.023795
18140.50000 0.023264
18150.09961 0.023029
18159.69922 0.022656
18169.40039 0.02214
18179.00000 0.021651
18188.59961 0.022099
18198.19922 0.023071
18207.90039 0.024354
18217.50000 0.023291
18227.09961 0.021029
18236.69922 0.019502
18246.40039 0.019234
18256.00000 0.019655
18265.59961 0.020347
18275.19922 0.020574
18284.90039 0.02106
18294.50000 0.021354
18304.09961 0.021386
18313.80078 0.020983
18323.40039 0.020086
18333.00000 0.019957
18342.59961 0.0213
18352.30078 0.023766
18361.90039 0.026363
18371.50000 0.026556
18381.09961 0.025605
18390.80078 0.024612
18400.40039 0.02544
18410.00000 0.026669
18419.59961 0.025161
18429.30078 0.021416
18438.90039 0.018255
18448.50000 0.017373
18458.19922 0.019237
18467.80078 0.02387
18477.40039 0.027653
18487.00000 0.026183
18496.69922 0.021822
20346.36914 0.0
