threeML/data/optical_filters/WHT/LRIS-Hc.ecsv
# %ECSV 0.9
# ---
# datatype:
# - {name: wavelength, unit: Angstrom, datatype: float32}
# - {name: response, datatype: float32}
# meta: !!omap
# - {band_name: Hc}
# - {group_name: LRIS}
wavelength response
13692.59961 0.0
15214.00000 0.010108
15223.59961 0.010138
15233.20020 0.009991
15242.90039 0.009989
15252.50000 0.010091
15262.09961 0.010159
15271.70020 0.010126
15281.40039 0.010156
15291.00000 0.010201
15300.59961 0.010335
15310.20020 0.010792
15319.90039 0.010437
15329.50000 0.010255
15339.09961 0.010258
15348.79980 0.010315
15358.40039 0.010444
15368.00000 0.010519
15377.59961 0.010496
15387.29980 0.01059
15396.90039 0.010713
15406.50000 0.010762
15416.09961 0.010861
15425.79980 0.010761
15435.40039 0.011073
15445.00000 0.011231
15454.59961 0.011296
15464.29980 0.011474
15473.90039 0.011776
15483.50000 0.012
15493.20020 0.012256
15502.79980 0.012592
15512.40039 0.013013
15522.00000 0.013767
15531.70020 0.014672
15541.29980 0.016006
15550.90039 0.017366
15560.50000 0.021416
15570.20020 0.030771
15579.79980 0.028289
15589.40039 0.036089
15599.00000 0.047852
15608.70020 0.06688
15618.29980 0.096094
15627.90039 0.142071
15637.59961 0.206706
15647.20020 0.293068
15656.79980 0.391052
15666.40039 0.488276
15676.09961 0.573917
15685.70020 0.643842
15695.29980 0.695172
15704.90039 0.730342
15714.59961 0.752273
15724.20020 0.765197
15733.79980 0.772348
15743.40039 0.777576
15753.09961 0.782536
15762.70020 0.786247
15772.29980 0.787947
15781.90039 0.788253
15791.59961 0.78786
15801.20020 0.786382
15810.79980 0.784154
15820.50000 0.779172
15830.09961 0.767143
15839.70020 0.741095
15849.29980 0.695407
15859.00000 0.628689
15868.59961 0.548534
15878.20020 0.459729
15887.79980 0.37352
15897.50000 0.289115
15907.09961 0.216836
15916.70020 0.155771
15926.29980 0.110442
15936.00000 0.07825
15945.59961 0.056405
15955.20020 0.04218
15964.90039 0.032789
15974.50000 0.026388
15984.09961 0.022088
15993.70020 0.019075
16003.40039 0.017088
16013.00000 0.015524
16022.59961 0.014491
16032.20020 0.013596
16041.90039 0.012862
16051.50000 0.012199
16061.09961 0.011959
16070.70020 0.011554
16080.40039 0.011453
16090.00000 0.011134
16099.59961 0.010983
16109.29980 0.010951
16118.90039 0.01088
16128.50000 0.01079
16138.09961 0.010744
16147.79980 0.010598
16157.40039 0.010529
16167.00000 0.010419
16176.59961 0.010419
16186.29980 0.01033
16195.90039 0.010279
16205.50000 0.010245
16215.09961 0.010238
16224.79980 0.010009
16234.40039 0.010115
16244.00000 0.010108
16253.70020 0.01019
16263.29980 0.010046
16272.90039 0.010133
16282.50000 0.010146
16292.20020 0.010183
16301.79980 0.01029
16311.40039 0.01033
16321.00000 0.010514
16330.70020 0.010774
16340.29980 0.010472
16349.90039 0.010584
16359.50000 0.010396
16369.20020 0.010416
16378.79980 0.010528
16388.40039 0.010629
16398.09961 0.010595
18037.91016 0.0
