threeML/data/optical_filters/WHT/LRIS-J.ecsv
# %ECSV 0.9
# ---
# datatype:
# - {name: wavelength, unit: Angstrom, datatype: float32}
# - {name: response, datatype: float32}
# meta: !!omap
# - {band_name: J}
# - {group_name: LRIS}
wavelength response
9909.00000 0.0
11010.00000 0.013733
11016.09961 0.013459
11022.09961 0.013261
11028.20020 0.013578
11034.29980 0.013187
11040.29980 0.012968
11046.40039 0.013009
11052.40039 0.013812
11058.50000 0.012857
11064.50000 0.02173
11070.59961 0.018141
11076.59961 0.012398
11082.70020 0.013565
11088.70020 0.013303
11094.79980 0.013247
11100.90039 0.013177
11106.90039 0.013378
11113.00000 0.013642
11119.00000 0.013587
11125.09961 0.013676
11131.09961 0.013458
11137.20020 0.013263
11143.20020 0.013303
11149.29980 0.013968
11155.29980 0.013962
11161.40039 0.013366
11167.50000 0.013534
11173.50000 0.013406
11179.59961 0.01363
11185.59961 0.013759
11191.70020 0.013516
11197.70020 0.013689
11203.79980 0.013818
11209.79980 0.014186
11215.90039 0.014347
11222.00000 0.014117
11228.00000 0.013971
11234.09961 0.014296
11240.09961 0.014475
11246.20020 0.014283
11252.20020 0.014116
11258.29980 0.014155
11264.29980 0.01445
11270.40039 0.014261
11276.40039 0.01463
11282.50000 0.014877
11288.59961 0.014754
11294.59961 0.014356
11300.70020 0.014866
11306.70020 0.015134
11312.79980 0.015296
11318.79980 0.015476
11324.90039 0.015099
11330.90039 0.015058
11337.00000 0.015351
11343.00000 0.015503
11349.09961 0.015817
11355.20020 0.015717
11361.20020 0.015492
11367.29980 0.015277
11373.29980 0.01549
11379.40039 0.016241
11385.40039 0.0158
11391.50000 0.01608
11397.50000 0.015943
11403.59961 0.016327
11409.59961 0.016861
11415.70020 0.016516
11421.79980 0.016928
11427.79980 0.01744
11433.90039 0.017528
11439.90039 0.018013
11446.00000 0.018498
11452.00000 0.019188
11458.09961 0.020306
11464.09961 0.020793
11470.20020 0.028064
11476.20020 0.02399
11482.29980 0.024498
11488.40039 0.025528
11494.40039 0.026194
11500.50000 0.027063
11506.50000 0.027662
11512.59961 0.027734
11518.59961 0.027742
11524.70020 0.028261
11530.70020 0.0277
11536.79980 0.027809
11542.79980 0.028581
11548.90039 0.028969
11555.00000 0.029451
11561.00000 0.030434
11567.09961 0.031505
11573.09961 0.033089
11579.20020 0.035087
11585.20020 0.037546
11591.29980 0.040619
11597.29980 0.044752
11603.40039 0.050124
11609.50000 0.056479
11615.50000 0.064987
11621.59961 0.076198
11627.59961 0.090495
11633.70020 0.107496
11639.70020 0.128407
11645.79980 0.152739
11651.79980 0.179164
11657.90039 0.206134
11663.90039 0.231934
11670.00000 0.254886
11676.09961 0.274772
11682.09961 0.2904
11688.20020 0.303877
11694.20020 0.316953
11700.29980 0.329628
11706.29980 0.343851
11712.40039 0.361561
11718.40039 0.381963
11724.50000 0.40676
11730.50000 0.436967
11736.59961 0.471551
11742.70020 0.509911
11748.70020 0.550434
11754.79980 0.594449
11760.79980 0.637994
11766.90039 0.679123
11772.90039 0.714453
11779.00000 0.74431
11785.00000 0.765742
11791.09961 0.781532
11797.09961 0.791332
11803.20020 0.794459
11809.29980 0.795772
11815.29980 0.796168
11821.40039 0.792535
11827.40039 0.792137
11833.50000 0.790953
11839.50000 0.793078
11845.59961 0.795611
11851.59961 0.798688
11857.70020 0.802771
11863.70020 0.804858
11869.79980 0.808395
11875.90039 0.808823
11881.90039 0.807762
11888.00000 0.807891
11894.00000 0.805342
11900.09961 0.799581
11906.09961 0.794554
11912.20020 0.78937
11918.20020 0.782603
11924.29980 0.776218
11930.29980 0.769785
11936.40039 0.767774
11942.50000 0.765694
11948.50000 0.746623
11954.59961 0.740776
11960.59961 0.752483
11966.70020 0.754389
11972.70020 0.756989
11978.79980 0.759697
11984.79980 0.764777
11990.90039 0.768065
11996.90039 0.773118
12003.00000 0.779932
12009.09961 0.782978
12015.09961 0.786499
12021.20020 0.789401
12027.20020 0.79286
12033.29980 0.793131
12039.29980 0.793883
12045.40039 0.79353
12051.40039 0.792296
12057.50000 0.789219
12063.59961 0.784821
12069.59961 0.780784
12075.70020 0.777318
12081.70020 0.77454
12087.79980 0.771602
12093.79980 0.768758
12099.90039 0.7648
12105.90039 0.762127
12112.00000 0.759974
12118.00000 0.758193
12124.09961 0.759713
12130.20020 0.75858
12136.20020 0.759013
12142.29980 0.76116
12148.29980 0.762309
12154.40039 0.764239
12160.40039 0.767144
12166.50000 0.76993
12172.50000 0.77254
12178.59961 0.774316
12184.59961 0.776226
12190.70020 0.778757
12196.79980 0.780482
12202.79980 0.78219
12208.90039 0.783451
12214.90039 0.784534
12221.00000 0.785835
12227.00000 0.786229
12233.09961 0.788207
12239.09961 0.789564
12245.20020 0.79011
12251.20020 0.791564
12257.29980 0.793527
12263.40039 0.797244
12269.40039 0.794573
12275.50000 0.797081
12281.50000 0.797808
12287.59961 0.798559
12293.59961 0.800175
12299.70020 0.8018
12305.70020 0.804312
12311.79980 0.805614
12317.79980 0.807788
12323.90039 0.808089
12330.00000 0.807693
12336.00000 0.809401
12342.09961 0.811081
12348.09961 0.810732
12354.20020 0.813309
12360.20020 0.811847
12366.29980 0.811544
12372.29980 0.811922
12378.40039 0.812375
12384.50000 0.81147
12390.50000 0.810954
12396.59961 0.811179
12402.59961 0.811342
12408.70020 0.811966
12414.70020 0.812274
12420.79980 0.812509
12426.79980 0.812091
12432.90039 0.812205
12438.90039 0.813489
12445.00000 0.813521
12451.09961 0.813848
12457.09961 0.814661
12463.20020 0.814599
12469.20020 0.814928
12475.29980 0.815845
12481.29980 0.815594
12487.40039 0.815974
12493.40039 0.815995
12499.50000 0.814467
12505.50000 0.813368
12511.59961 0.812176
12517.70020 0.811419
12523.70020 0.809353
12529.79980 0.807677
12535.79980 0.80677
12541.90039 0.80549
12547.90039 0.803629
12554.00000 0.801948
12560.00000 0.799616
12566.09961 0.799758
12572.09961 0.798669
12578.20020 0.797891
12584.29980 0.797816
12590.29980 0.799466
12596.40039 0.798763
12602.40039 0.800377
12608.50000 0.801413
12614.50000 0.802398
12620.59961 0.80488
12626.59961 0.806518
12632.70020 0.808372
12638.70020 0.810577
12644.79980 0.813442
12650.90039 0.81664
12656.90039 0.819599
12663.00000 0.821995
12669.00000 0.824133
12675.09961 0.826364
12681.09961 0.828008
12687.20020 0.830684
12693.20020 0.831761
12699.29980 0.83233
12705.29980 0.832561
12711.40039 0.833819
12717.50000 0.833318
12723.50000 0.832317
12729.59961 0.831114
12735.59961 0.830019
12741.70020 0.82864
12747.70020 0.827522
12753.79980 0.826461
12759.79980 0.824667
12765.90039 0.822176
12771.90039 0.820916
12778.00000 0.819336
12784.09961 0.817473
12790.09961 0.816447
12796.20020 0.816348
12802.20020 0.8154
12808.29980 0.814472
12814.29980 0.815034
12820.40039 0.815879
12826.40039 0.816915
12832.50000 0.818819
12838.59961 0.820255
12844.59961 0.821595
12850.70020 0.824203
12856.70020 0.826796
12862.79980 0.828709
12868.79980 0.831442
12874.90039 0.834906
12880.90039 0.837017
12887.00000 0.839392
12893.00000 0.841048
12899.09961 0.843335
12905.20020 0.847014
12911.20020 0.847563
12917.29980 0.848723
12923.29980 0.850677
12929.40039 0.850521
12935.40039 0.85098
12941.50000 0.850643
12947.50000 0.850566
12953.59961 0.850277
12959.59961 0.849202
12965.70020 0.849603
12971.79980 0.849117
12977.79980 0.847754
12983.90039 0.846392
12989.90039 0.846663
12996.00000 0.846096
13002.00000 0.846719
13008.09961 0.846839
13014.09961 0.84655
13020.20020 0.84804
13026.20020 0.84877
13032.29980 0.848682
13038.40039 0.848816
13044.40039 0.849175
13050.50000 0.848213
13056.50000 0.846885
13062.59961 0.84624
13068.59961 0.844857
13074.70020 0.843452
13080.70020 0.838712
13086.79980 0.836491
13092.79980 0.833428
13098.90039 0.82956
13105.00000 0.827187
13111.00000 0.823509
13117.09961 0.820956
13123.09961 0.818039
13129.20020 0.81672
13135.20020 0.815858
13141.29980 0.816465
13147.29980 0.816038
13153.40039 0.817002
13159.50000 0.819687
13165.50000 0.822896
13171.59961 0.825783
13177.59961 0.828678
13183.70020 0.831047
13189.70020 0.832956
13195.79980 0.833015
13201.79980 0.830002
13207.90039 0.824484
13213.90039 0.815097
13220.00000 0.801894
13226.09961 0.785081
13232.09961 0.762261
13238.20020 0.735479
13244.20020 0.705264
13250.29980 0.671133
13256.29980 0.634756
13262.40039 0.596667
13268.40039 0.557525
13274.50000 0.518657
13280.50000 0.480311
13286.59961 0.443339
13292.70020 0.408452
13298.70020 0.375051
13304.79980 0.344981
13310.79980 0.315384
13316.90039 0.288166
13322.90039 0.263126
13329.00000 0.23985
13335.00000 0.218922
13341.09961 0.200059
13347.09961 0.182302
13353.20020 0.165846
13359.29980 0.150822
13365.29980 0.136912
13371.40039 0.123976
13377.40039 0.111745
13383.50000 0.101396
13389.50000 0.092342
13395.59961 0.083567
13401.59961 0.075851
13407.70020 0.069062
13413.70020 0.062877
13419.79980 0.057384
13425.90039 0.051692
13431.90039 0.047414
13438.00000 0.043743
13444.00000 0.040015
13450.09961 0.037294
13456.09961 0.03514
13462.20020 0.030946
13468.20020 0.051417
13474.29980 0.038568
13480.29980 0.027308
13486.40039 0.027595
13492.50000 0.025821
13498.50000 0.025262
13504.59961 0.024176
13510.59961 0.023514
13516.70020 0.022648
13522.70020 0.021833
13528.79980 0.021325
13534.79980 0.021268
13540.90039 0.020817
13546.90039 0.020956
13553.00000 0.021181
13559.09961 0.020788
13565.09961 0.020743
13571.20020 0.019593
13577.20020 0.019431
13583.29980 0.019803
13589.29980 0.020016
13595.40039 0.018831
13601.40039 0.019339
13607.50000 0.019403
13613.59961 0.019713
13619.59961 0.019529
13625.70020 0.019627
13631.70020 0.019029
13637.79980 0.019364
13643.79980 0.018603
13649.90039 0.01926
13655.90039 0.018609
13662.00000 0.018376
13668.00000 0.018187
13674.09961 0.018603
13680.20020 0.018612
13686.20020 0.018207
13692.29980 0.018315
13698.29980 0.018527
13704.40039 0.0181
13710.40039 0.017958
13716.50000 0.018261
13722.50000 0.01768
13728.59961 0.0173
13734.59961 0.01751
13740.70020 0.01762
13746.79980 0.017553
13752.79980 0.017355
13758.90039 0.01724
13764.90039 0.016976
13771.00000 0.017343
13777.00000 0.017557
13783.09961 0.017253
13789.09961 0.01666
13795.20020 0.017128
13801.20020 0.017154
13807.29980 0.017337
13813.40039 0.017242
13819.40039 0.017602
13825.50000 0.017339
13831.50000 0.017015
13837.59961 0.017285
13843.59961 0.017196
13849.70020 0.016994
13855.70020 0.016867
13861.79980 0.016727
13867.79980 0.016274
13873.90039 0.016429
13880.00000 0.016669
13886.00000 0.016581
13892.09961 0.016849
13898.09961 0.016405
13904.20020 0.015807
13910.20020 0.015925
13916.29980 0.016716
13922.29980 0.016824
13928.40039 0.015944
13934.50000 0.015627
13940.50000 0.015789
13946.59961 0.015898
13952.59961 0.016559
13958.70020 0.016996
13964.70020 0.017228
13970.79980 0.016912
13976.79980 0.016311
13982.90039 0.015426
13988.90039 0.015429
13995.00000 0.01592
15394.50000 0.0
