threeML/data/optical_filters/WHT/PFIP-Har_I.ecsv
# %ECSV 0.9
# ---
# datatype:
# - {name: wavelength, unit: Angstrom, datatype: float32}
# - {name: response, datatype: float32}
# meta: !!omap
# - {band_name: Har_I}
# - {group_name: PFIP}
wavelength response
6336.00000 0.0
7040.00000 0.004257
7050.00000 0.006299
7060.00000 0.009212
7070.00000 0.013057
7080.00000 0.018069
7090.00000 0.024276
7100.00000 0.032107
7110.00000 0.041455
7120.00000 0.05276
7130.00000 0.065575
7140.00000 0.080528
7150.00000 0.097051
7160.00000 0.115843
7170.00000 0.135926
7180.00000 0.143871
7190.00000 0.181603
7200.00000 0.206807
7210.00000 0.232528
7220.00000 0.2594
7230.00000 0.286809
7240.00000 0.315774
7250.00000 0.343591
7260.00000 0.372314
7270.00000 0.400506
7280.00000 0.429343
7290.00000 0.456888
7300.00000 0.484492
7310.00000 0.511534
7320.00000 0.537379
7330.00000 0.562727
7340.00000 0.586383
7350.00000 0.609579
7360.00000 0.631607
7370.00000 0.653357
7380.00000 0.673301
7390.00000 0.691788
7400.00000 0.708981
7410.00000 0.726865
7420.00000 0.741211
7430.00000 0.75705
7440.00000 0.770682
7450.00000 0.784121
7460.00000 0.796622
7470.00000 0.808034
7480.00000 0.817727
7490.00000 0.829825
7500.00000 0.836035
7510.00000 0.845025
7520.00000 0.852743
7530.00000 0.859791
7540.00000 0.865654
7550.00000 0.873214
7560.00000 0.876721
7570.00000 0.883559
7580.00000 0.887668
7590.00000 0.891383
7600.00000 0.896294
7610.00000 0.900406
7620.00000 0.904168
7630.00000 0.906274
7640.00000 0.909241
7650.00000 0.912129
7660.00000 0.912274
7670.00000 0.915822
7680.00000 0.91646
7690.00000 0.918522
7700.00000 0.922188
7710.00000 0.921389
7720.00000 0.922734
7730.00000 0.925939
7740.00000 0.924883
7750.00000 0.926003
7760.00000 0.926742
7770.00000 0.927481
7780.00000 0.92587
7790.00000 0.928993
7800.00000 0.929936
7810.00000 0.929139
7820.00000 0.932012
7830.00000 0.928898
7840.00000 0.930412
7850.00000 0.931394
7860.00000 0.93035
7870.00000 0.929243
7880.00000 0.93171
7890.00000 0.932051
7900.00000 0.931343
7910.00000 0.932042
7920.00000 0.930527
7930.00000 0.92953
7940.00000 0.930144
7950.00000 0.930907
7960.00000 0.930724
7970.00000 0.930824
7980.00000 0.929116
7990.00000 0.926147
8000.00000 0.92844
8010.00000 0.93067
8020.00000 0.928861
8030.00000 0.927775
8040.00000 0.928479
8050.00000 0.927909
8060.00000 0.927913
8070.00000 0.925421
8080.00000 0.92567
8090.00000 0.928095
8100.00000 0.92658
8110.00000 0.92566
8120.00000 0.922844
8130.00000 0.925002
8140.00000 0.922562
8150.00000 0.92356
8160.00000 0.921669
8170.00000 0.920828
8180.00000 0.921668
8190.00000 0.921336
8200.00000 0.918667
8210.00000 0.920678
8220.00000 0.920453
8230.00000 0.91729
8240.00000 0.920113
8250.00000 0.918143
8260.00000 0.918073
8270.00000 0.916256
8280.00000 0.915194
8290.00000 0.914572
8300.00000 0.914239
8310.00000 0.913844
8320.00000 0.912565
8330.00000 0.910071
8340.00000 0.910111
8350.00000 0.909267
8360.00000 0.908974
8370.00000 0.908378
8380.00000 0.908093
8390.00000 0.90185
8400.00000 0.906798
8410.00000 0.906998
8420.00000 0.903155
8430.00000 0.904651
8440.00000 0.900639
8450.00000 0.903442
8460.00000 0.90376
8470.00000 0.897727
8480.00000 0.897669
8490.00000 0.900906
8500.00000 0.893228
8510.00000 0.897186
8520.00000 0.895819
8530.00000 0.890743
8540.00000 0.895585
8550.00000 0.888333
8560.00000 0.894379
8570.00000 0.886561
8580.00000 0.881937
8590.00000 0.884602
8600.00000 0.885786
8610.00000 0.884373
8620.00000 0.877734
8630.00000 0.879275
8640.00000 0.883228
8650.00000 0.874938
8660.00000 0.87719
8670.00000 0.877061
8680.00000 0.87459
8690.00000 0.86713
8700.00000 0.870389
8710.00000 0.879297
8720.00000 0.873035
8730.00000 0.8668
8740.00000 0.858215
8750.00000 0.864038
8760.00000 0.870118
8770.00000 0.868045
8780.00000 0.8625
8790.00000 0.857223
8800.00000 0.845005
8810.00000 0.851604
8820.00000 0.856915
8830.00000 0.868825
8840.00000 0.856005
8850.00000 0.858926
8860.00000 0.861824
8870.00000 0.85814
8880.00000 0.836044
8890.00000 0.852805
8900.00000 0.835544
8910.00000 0.844793
8920.00000 0.850869
8930.00000 0.840087
8940.00000 0.855072
8950.00000 0.854069
8960.00000 0.824046
8970.00000 0.861987
8980.00000 0.821791
8990.00000 0.924027
9000.00000 0.877858
9900.00000 0.0
