threeML/data/optical_filters/WHT/PFIP-RGO_U9.ecsv
# %ECSV 0.9
# ---
# datatype:
# - {name: wavelength, unit: Angstrom, datatype: float32}
# - {name: response, datatype: float32}
# meta: !!omap
# - {band_name: RGO_U9}
# - {group_name: PFIP}
wavelength response
2763.00000 0.0
3070.00000 0.004564
3075.00000 0.005556
3080.00000 0.006595
3085.00000 0.007862
3090.00000 0.008483
3095.00000 0.011472
3100.00000 0.013345
3105.00000 0.015417
3110.00000 0.017803
3115.00000 0.020535
3120.00000 0.023165
3125.00000 0.026323
3130.00000 0.029606
3135.00000 0.033377
3140.00000 0.037189
3145.00000 0.041241
3150.00000 0.045773
3155.00000 0.050739
3160.00000 0.055554
3165.00000 0.061068
3170.00000 0.066574
3175.00000 0.07224
3180.00000 0.078068
3185.00000 0.084407
3190.00000 0.091066
3195.00000 0.097968
3200.00000 0.104702
3205.00000 0.112375
3210.00000 0.119538
3215.00000 0.127215
3220.00000 0.134935
3225.00000 0.142938
3230.00000 0.151264
3235.00000 0.159276
3240.00000 0.167819
3245.00000 0.176317
3250.00000 0.185077
3255.00000 0.193913
3260.00000 0.202338
3265.00000 0.211214
3270.00000 0.220362
3275.00000 0.229522
3280.00000 0.238247
3285.00000 0.247459
3290.00000 0.256235
3295.00000 0.265205
3300.00000 0.274412
3305.00000 0.283697
3310.00000 0.292662
3315.00000 0.302266
3320.00000 0.311762
3325.00000 0.320305
3330.00000 0.329889
3335.00000 0.338377
3340.00000 0.347015
3345.00000 0.356191
3350.00000 0.365252
3355.00000 0.37369
3360.00000 0.382429
3365.00000 0.390621
3370.00000 0.399776
3375.00000 0.407674
3380.00000 0.415988
3385.00000 0.423952
3390.00000 0.432174
3395.00000 0.44081
3400.00000 0.447871
3405.00000 0.45609
3410.00000 0.463839
3415.00000 0.471119
3420.00000 0.478309
3425.00000 0.485922
3430.00000 0.492701
3435.00000 0.499784
3440.00000 0.507171
3445.00000 0.513592
3450.00000 0.5209
3455.00000 0.528237
3460.00000 0.533719
3465.00000 0.540127
3470.00000 0.546973
3475.00000 0.553043
3480.00000 0.558904
3485.00000 0.564811
3490.00000 0.570584
3495.00000 0.576237
3500.00000 0.581881
3505.00000 0.587647
3510.00000 0.591672
3515.00000 0.597869
3520.00000 0.60166
3525.00000 0.606853
3530.00000 0.611956
3535.00000 0.616463
3540.00000 0.620833
3545.00000 0.625209
3550.00000 0.629493
3555.00000 0.632232
3560.00000 0.636531
3565.00000 0.640299
3570.00000 0.643189
3575.00000 0.647122
3580.00000 0.650045
3585.00000 0.65324
3590.00000 0.656977
3595.00000 0.659463
3600.00000 0.662251
3605.00000 0.665101
3610.00000 0.667938
3615.00000 0.669853
3620.00000 0.671629
3625.00000 0.673946
3630.00000 0.676083
3635.00000 0.677615
3640.00000 0.67949
3645.00000 0.680242
3650.00000 0.681763
3655.00000 0.6831
3660.00000 0.683442
3665.00000 0.684017
3670.00000 0.685433
3675.00000 0.684643
3680.00000 0.685616
3685.00000 0.685934
3690.00000 0.68422
3695.00000 0.684839
3700.00000 0.685051
3705.00000 0.683385
3710.00000 0.681316
3715.00000 0.680779
3720.00000 0.678439
3725.00000 0.676563
3730.00000 0.67411
3735.00000 0.672262
3740.00000 0.668699
3745.00000 0.665383
3750.00000 0.66248
3755.00000 0.657628
3760.00000 0.653326
3765.00000 0.649048
3770.00000 0.643729
3775.00000 0.637872
3780.00000 0.632402
3785.00000 0.626624
3790.00000 0.618998
3795.00000 0.612477
3800.00000 0.605415
3805.00000 0.596971
3810.00000 0.589103
3815.00000 0.579398
3820.00000 0.570695
3825.00000 0.561533
3830.00000 0.550676
3835.00000 0.540209
3840.00000 0.529984
3845.00000 0.51756
3850.00000 0.506243
3855.00000 0.494081
3860.00000 0.481504
3865.00000 0.468048
3870.00000 0.45519
3875.00000 0.440751
3880.00000 0.426596
3885.00000 0.412825
3890.00000 0.397418
3895.00000 0.382435
3900.00000 0.367819
3905.00000 0.352843
3910.00000 0.337201
3915.00000 0.322216
3920.00000 0.307162
3925.00000 0.291655
3930.00000 0.2765
3935.00000 0.261784
3940.00000 0.247109
3945.00000 0.232655
3950.00000 0.218626
3955.00000 0.204506
3960.00000 0.191271
3965.00000 0.178145
3970.00000 0.165715
3975.00000 0.153576
3980.00000 0.142064
3985.00000 0.130849
3990.00000 0.120602
3995.00000 0.110396
4000.00000 0.101059
4005.00000 0.09211
4010.00000 0.0839
4015.00000 0.076014
4020.00000 0.068893
4025.00000 0.062241
4030.00000 0.056041
4035.00000 0.050123
4040.00000 0.045093
4045.00000 0.04008
4050.00000 0.035809
4055.00000 0.031813
4060.00000 0.028241
4065.00000 0.024873
4070.00000 0.022047
4075.00000 0.01929
4080.00000 0.016995
4085.00000 0.014882
4090.00000 0.012998
4095.00000 0.011377
4100.00000 0.009948
4105.00000 0.00859
4110.00000 0.007466
4115.00000 0.006457
4120.00000 0.005624
4125.00000 0.004831
4130.00000 0.004177
4543.00000 0.0
