threeML/data/optical_filters/WHT/PFIP-Har_R.ecsv
# %ECSV 0.9
# ---
# datatype:
# - {name: wavelength, unit: Angstrom, datatype: float32}
# - {name: response, datatype: float32}
# meta: !!omap
# - {band_name: Har_R}
# - {group_name: PFIP}
wavelength response
4923.00000 0.0
5470.00000 0.005151
5480.00000 0.008902
5490.00000 0.014554
5500.00000 0.022989
5510.00000 0.034769
5520.00000 0.050838
5530.00000 0.071183
5540.00000 0.096349
5550.00000 0.125649
5560.00000 0.159288
5570.00000 0.196075
5580.00000 0.235028
5590.00000 0.27573
5600.00000 0.317733
5610.00000 0.358288
5620.00000 0.399028
5630.00000 0.437598
5640.00000 0.474205
5650.00000 0.508521
5660.00000 0.542103
5670.00000 0.57166
5680.00000 0.582645
5690.00000 0.624442
5700.00000 0.647626
5710.00000 0.667421
5720.00000 0.687654
5730.00000 0.703353
5740.00000 0.718311
5750.00000 0.732322
5760.00000 0.744422
5770.00000 0.755402
5780.00000 0.765886
5790.00000 0.773389
5800.00000 0.780258
5810.00000 0.787955
5820.00000 0.794083
5830.00000 0.798311
5840.00000 0.803358
5850.00000 0.806289
5860.00000 0.809589
5870.00000 0.814087
5880.00000 0.815946
5890.00000 0.817566
5900.00000 0.820935
5910.00000 0.82148
5920.00000 0.822085
5930.00000 0.824326
5940.00000 0.824628
5950.00000 0.8245
5960.00000 0.825161
5970.00000 0.825864
5980.00000 0.825323
5990.00000 0.825979
6000.00000 0.82548
6010.00000 0.823741
6020.00000 0.823596
6030.00000 0.822519
6040.00000 0.820556
6050.00000 0.821485
6060.00000 0.8203
6070.00000 0.817673
6080.00000 0.817507
6090.00000 0.815675
6100.00000 0.81388
6110.00000 0.813319
6120.00000 0.811386
6130.00000 0.808054
6140.00000 0.807117
6150.00000 0.80605
6160.00000 0.80243
6170.00000 0.801519
6180.00000 0.799841
6190.00000 0.797099
6200.00000 0.795137
6210.00000 0.793831
6220.00000 0.789448
6230.00000 0.787361
6240.00000 0.785969
6250.00000 0.782268
6260.00000 0.780505
6270.00000 0.777233
6280.00000 0.773618
6290.00000 0.771016
6300.00000 0.769481
6310.00000 0.765883
6320.00000 0.762837
6330.00000 0.7607
6340.00000 0.758007
6350.00000 0.754427
6360.00000 0.752275
6370.00000 0.749075
6380.00000 0.745748
6390.00000 0.743616
6400.00000 0.739566
6410.00000 0.736336
6420.00000 0.73467
6430.00000 0.73
6440.00000 0.727084
6450.00000 0.724107
6460.00000 0.720768
6470.00000 0.717106
6480.00000 0.714468
6490.00000 0.710769
6500.00000 0.706347
6510.00000 0.704357
6520.00000 0.700561
6530.00000 0.696641
6540.00000 0.694681
6550.00000 0.690069
6560.00000 0.686196
6570.00000 0.682882
6580.00000 0.679754
6590.00000 0.675357
6600.00000 0.672633
6610.00000 0.668628
6620.00000 0.664366
6630.00000 0.660995
6640.00000 0.657593
6650.00000 0.653495
6660.00000 0.650167
6670.00000 0.646253
6680.00000 0.64165
6690.00000 0.638071
6700.00000 0.633918
6710.00000 0.629702
6720.00000 0.626225
6730.00000 0.622657
6740.00000 0.618433
6750.00000 0.614802
6760.00000 0.61045
6770.00000 0.605906
6780.00000 0.601943
6790.00000 0.597795
6800.00000 0.592705
6810.00000 0.589055
6820.00000 0.584858
6830.00000 0.579812
6840.00000 0.576255
6850.00000 0.571724
6860.00000 0.56676
6870.00000 0.562501
6880.00000 0.55799
6890.00000 0.552678
6900.00000 0.54887
6910.00000 0.543893
6920.00000 0.538739
6930.00000 0.534604
6940.00000 0.530238
6950.00000 0.52492
6960.00000 0.520776
6970.00000 0.516833
6980.00000 0.512143
6990.00000 0.506847
7000.00000 0.502654
7010.00000 0.497601
7020.00000 0.492825
7030.00000 0.488859
7040.00000 0.483996
7050.00000 0.479287
7060.00000 0.474673
7070.00000 0.470243
7080.00000 0.465227
7090.00000 0.461356
7100.00000 0.456166
7110.00000 0.451853
7120.00000 0.447724
7130.00000 0.442978
7140.00000 0.438404
7150.00000 0.43438
7160.00000 0.429725
7170.00000 0.425121
7180.00000 0.423567
7190.00000 0.416005
7200.00000 0.411857
7210.00000 0.407586
7220.00000 0.402061
7230.00000 0.398166
7240.00000 0.394417
7250.00000 0.389585
7260.00000 0.385488
7270.00000 0.381594
7280.00000 0.376989
7290.00000 0.372978
7300.00000 0.367965
7310.00000 0.363963
7320.00000 0.359647
7330.00000 0.356131
7340.00000 0.351148
7350.00000 0.346469
7360.00000 0.343901
7370.00000 0.339019
7380.00000 0.335028
7390.00000 0.33133
7400.00000 0.326449
7410.00000 0.322952
7420.00000 0.319261
7430.00000 0.314213
7440.00000 0.310221
7450.00000 0.306757
7460.00000 0.302166
7470.00000 0.29808
7480.00000 0.29482
7490.00000 0.290235
7500.00000 0.286296
7510.00000 0.282901
7520.00000 0.278594
7530.00000 0.2748
7540.00000 0.270887
7550.00000 0.267418
7560.00000 0.263102
7570.00000 0.259683
7580.00000 0.256259
7590.00000 0.252387
7600.00000 0.248583
7610.00000 0.245211
7620.00000 0.240918
7630.00000 0.238014
7640.00000 0.233882
7650.00000 0.230268
7660.00000 0.227449
7670.00000 0.223765
7680.00000 0.219931
7690.00000 0.216245
7700.00000 0.213613
7710.00000 0.209698
7720.00000 0.206775
7730.00000 0.203506
7740.00000 0.200106
7750.00000 0.196979
7760.00000 0.19409
7770.00000 0.190181
7780.00000 0.187434
7790.00000 0.18417
7800.00000 0.181014
7810.00000 0.17809
7820.00000 0.175328
7830.00000 0.17202
7840.00000 0.169483
7850.00000 0.166533
7860.00000 0.16333
7870.00000 0.161296
7880.00000 0.158246
7890.00000 0.155567
7900.00000 0.152746
7910.00000 0.150239
7920.00000 0.147534
7930.00000 0.144532
7940.00000 0.142924
7950.00000 0.140096
7960.00000 0.137075
7970.00000 0.135284
7980.00000 0.132502
7990.00000 0.130418
8000.00000 0.128129
8010.00000 0.125317
8020.00000 0.123059
8030.00000 0.120478
8040.00000 0.118658
8050.00000 0.116426
8060.00000 0.114378
8070.00000 0.111892
8080.00000 0.110517
8090.00000 0.108147
8100.00000 0.105162
8110.00000 0.103799
8120.00000 0.101833
8130.00000 0.099366
8140.00000 0.097751
8150.00000 0.09603
8160.00000 0.094205
8170.00000 0.092145
8180.00000 0.090251
8190.00000 0.089041
8200.00000 0.086627
8210.00000 0.085372
8220.00000 0.083885
8230.00000 0.082117
8240.00000 0.080393
8250.00000 0.078818
8260.00000 0.077166
8270.00000 0.075873
8280.00000 0.07407
8290.00000 0.072522
8300.00000 0.070874
8310.00000 0.069458
8320.00000 0.068492
8330.00000 0.0668
8340.00000 0.065401
8350.00000 0.064211
8360.00000 0.062371
8370.00000 0.061519
8380.00000 0.060042
8390.00000 0.059106
8400.00000 0.057979
8410.00000 0.056332
8420.00000 0.054903
8430.00000 0.054312
8440.00000 0.052666
8450.00000 0.05254
8460.00000 0.050649
8470.00000 0.050012
8480.00000 0.048751
8490.00000 0.047733
8500.00000 0.046886
8510.00000 0.046194
8520.00000 0.044657
8530.00000 0.04387
8540.00000 0.042751
8550.00000 0.042189
8560.00000 0.041067
8570.00000 0.039475
8580.00000 0.039379
8590.00000 0.038189
8600.00000 0.037498
8610.00000 0.036799
8620.00000 0.036058
8630.00000 0.035037
8640.00000 0.034349
8650.00000 0.032455
8660.00000 0.032806
8670.00000 0.032806
8680.00000 0.030755
8690.00000 0.03111
8700.00000 0.030061
8710.00000 0.028942
8720.00000 0.028967
8730.00000 0.028067
8740.00000 0.027374
8750.00000 0.026195
8760.00000 0.025265
8770.00000 0.025892
8780.00000 0.025325
8790.00000 0.024941
8800.00000 0.02491
8810.00000 0.022814
8820.00000 0.023399
8830.00000 0.022944
8840.00000 0.023441
8850.00000 0.020309
8860.00000 0.020685
8870.00000 0.02041
8880.00000 0.020062
8890.00000 0.019683
8900.00000 0.019845
8910.00000 0.01811
8920.00000 0.018177
8930.00000 0.018041
8940.00000 0.017735
8950.00000 0.019318
8960.00000 0.015054
8970.00000 0.017922
8980.00000 0.017479
8990.00000 0.01989
9000.00000 0.016352
9900.00000 0.0
