threeML/data/optical_filters/WHT/PFIP-Har_B.ecsv
# %ECSV 0.9
# ---
# datatype:
# - {name: wavelength, unit: Angstrom, datatype: float32}
# - {name: response, datatype: float32}
# meta: !!omap
# - {band_name: Har_B}
# - {group_name: PFIP}
wavelength response
3168.00000 0.0
3520.00000 0.005919
3530.00000 0.009117
3540.00000 0.013408
3550.00000 0.018875
3560.00000 0.025693
3570.00000 0.033828
3580.00000 0.043337
3590.00000 0.054406
3600.00000 0.067034
3610.00000 0.080363
3620.00000 0.095014
3630.00000 0.109814
3640.00000 0.125745
3650.00000 0.141808
3660.00000 0.158901
3670.00000 0.176487
3680.00000 0.183448
3690.00000 0.210075
3700.00000 0.227428
3710.00000 0.243637
3720.00000 0.261167
3730.00000 0.277383
3740.00000 0.293029
3750.00000 0.308434
3760.00000 0.324783
3770.00000 0.339421
3780.00000 0.354762
3790.00000 0.369213
3800.00000 0.383184
3810.00000 0.39687
3820.00000 0.41078
3830.00000 0.422118
3840.00000 0.434922
3850.00000 0.44742
3860.00000 0.457366
3870.00000 0.468319
3880.00000 0.479252
3890.00000 0.488117
3900.00000 0.497147
3910.00000 0.506789
3920.00000 0.514518
3930.00000 0.522169
3940.00000 0.53078
3950.00000 0.537204
3960.00000 0.543781
3970.00000 0.550801
3980.00000 0.556732
3990.00000 0.561802
4000.00000 0.569539
4010.00000 0.573157
4020.00000 0.577803
4030.00000 0.584211
4040.00000 0.588502
4050.00000 0.592069
4060.00000 0.597788
4070.00000 0.601678
4080.00000 0.604742
4090.00000 0.610209
4100.00000 0.613143
4110.00000 0.616783
4120.00000 0.620784
4130.00000 0.622977
4140.00000 0.626378
4150.00000 0.630224
4160.00000 0.634559
4170.00000 0.634939
4180.00000 0.638602
4190.00000 0.640993
4200.00000 0.642734
4210.00000 0.646224
4220.00000 0.647824
4230.00000 0.648806
4240.00000 0.651305
4250.00000 0.653219
4260.00000 0.653239
4270.00000 0.654914
4280.00000 0.656499
4290.00000 0.656676
4300.00000 0.658436
4310.00000 0.65906
4320.00000 0.657657
4330.00000 0.659403
4340.00000 0.660488
4350.00000 0.659181
4360.00000 0.660217
4370.00000 0.660669
4380.00000 0.659033
4390.00000 0.660876
4400.00000 0.660689
4410.00000 0.65894
4420.00000 0.659348
4430.00000 0.658821
4440.00000 0.656073
4450.00000 0.65505
4460.00000 0.653614
4470.00000 0.649813
4480.00000 0.648248
4490.00000 0.64657
4500.00000 0.64203
4510.00000 0.640269
4520.00000 0.638353
4530.00000 0.634011
4540.00000 0.632277
4550.00000 0.629307
4560.00000 0.62422
4570.00000 0.620572
4580.00000 0.617186
4590.00000 0.610819
4600.00000 0.60509
4610.00000 0.600067
4620.00000 0.592889
4630.00000 0.585482
4640.00000 0.578206
4650.00000 0.569122
4660.00000 0.558916
4670.00000 0.550028
4680.00000 0.538305
4690.00000 0.526091
4700.00000 0.515265
4710.00000 0.502161
4720.00000 0.488915
4730.00000 0.476607
4740.00000 0.462744
4750.00000 0.449347
4760.00000 0.436748
4770.00000 0.422739
4780.00000 0.408611
4790.00000 0.395468
4800.00000 0.381336
4810.00000 0.366583
4820.00000 0.352987
4830.00000 0.338494
4840.00000 0.32414
4850.00000 0.311296
4860.00000 0.297628
4870.00000 0.28374
4880.00000 0.271576
4890.00000 0.259306
4900.00000 0.247266
4910.00000 0.236175
4920.00000 0.225762
4930.00000 0.215298
4940.00000 0.206167
4950.00000 0.197545
4960.00000 0.189028
4970.00000 0.181201
4980.00000 0.17358
4990.00000 0.165839
5000.00000 0.158112
5010.00000 0.150106
5020.00000 0.141416
5030.00000 0.13304
5040.00000 0.124438
5050.00000 0.115717
5060.00000 0.107913
5070.00000 0.100318
5080.00000 0.092995
5090.00000 0.08673
5100.00000 0.080818
5110.00000 0.075112
5120.00000 0.069787
5130.00000 0.064979
5140.00000 0.060033
5150.00000 0.055642
5160.00000 0.05124
5170.00000 0.047013
5180.00000 0.042985
5190.00000 0.039291
5200.00000 0.035606
5210.00000 0.032394
5220.00000 0.02923
5230.00000 0.026466
5240.00000 0.023866
5250.00000 0.021516
5260.00000 0.019481
5270.00000 0.017655
5280.00000 0.016049
5290.00000 0.014627
5300.00000 0.013452
5310.00000 0.012375
5320.00000 0.011512
5330.00000 0.010781
5340.00000 0.010149
5350.00000 0.009623
5360.00000 0.009198
5370.00000 0.00888
5380.00000 0.008601
5390.00000 0.008414
5400.00000 0.008307
5410.00000 0.008263
5420.00000 0.0083
5430.00000 0.00838
5440.00000 0.008559
5450.00000 0.008812
5460.00000 0.009147
5470.00000 0.009544
5480.00000 0.010038
5490.00000 0.010618
5500.00000 0.01127
5510.00000 0.011959
5520.00000 0.01269
5530.00000 0.013424
5540.00000 0.014119
5550.00000 0.014773
5560.00000 0.015281
5570.00000 0.01565
5580.00000 0.01591
5590.00000 0.016004
5600.00000 0.015939
5610.00000 0.015717
5620.00000 0.015426
5630.00000 0.014963
5640.00000 0.014344
5650.00000 0.01367
5660.00000 0.012864
5670.00000 0.012004
5680.00000 0.011644
5690.00000 0.010148
5700.00000 0.009184
5710.00000 0.008238
5720.00000 0.007281
5730.00000 0.006398
5740.00000 0.005552
5750.00000 0.004794
5760.00000 0.004071
6336.00000 0.0
