threeML/data/optical_filters/WHT/PFIP-Har_V.ecsv
# %ECSV 0.9
# ---
# datatype:
# - {name: wavelength, unit: Angstrom, datatype: float32}
# - {name: response, datatype: float32}
# meta: !!omap
# - {band_name: Har_V}
# - {group_name: PFIP}
wavelength response
4347.00000 0.0
4830.00000 0.005486
4835.00000 0.008044
4840.00000 0.011534
4845.00000 0.01623
4850.00000 0.022089
4855.00000 0.029581
4860.00000 0.039029
4865.00000 0.050293
4870.00000 0.063389
4875.00000 0.078969
4880.00000 0.096392
4885.00000 0.116583
4890.00000 0.137941
4895.00000 0.161432
4900.00000 0.186915
4905.00000 0.213003
4910.00000 0.240285
4915.00000 0.268676
4920.00000 0.297184
4925.00000 0.326151
4930.00000 0.354393
4935.00000 0.383334
4940.00000 0.411964
4945.00000 0.439298
4950.00000 0.46576
4955.00000 0.491576
4960.00000 0.515587
4965.00000 0.539773
4970.00000 0.561568
4975.00000 0.583436
4980.00000 0.603612
4985.00000 0.622951
4990.00000 0.640476
4995.00000 0.657334
5000.00000 0.6724
5005.00000 0.687746
5010.00000 0.700885
5015.00000 0.714319
5020.00000 0.725649
5025.00000 0.737168
5030.00000 0.747222
5035.00000 0.7563
5040.00000 0.765456
5045.00000 0.774078
5050.00000 0.781512
5055.00000 0.788252
5060.00000 0.794425
5065.00000 0.801046
5070.00000 0.806253
5075.00000 0.811785
5080.00000 0.816116
5085.00000 0.821007
5090.00000 0.824803
5095.00000 0.828705
5100.00000 0.831786
5105.00000 0.835714
5110.00000 0.838854
5115.00000 0.841192
5120.00000 0.843997
5125.00000 0.847203
5130.00000 0.84846
5135.00000 0.851003
5140.00000 0.853014
5145.00000 0.855073
5150.00000 0.856492
5155.00000 0.85801
5160.00000 0.859308
5165.00000 0.8613
5170.00000 0.861943
5175.00000 0.862143
5180.00000 0.863813
5185.00000 0.865215
5190.00000 0.865455
5195.00000 0.866168
5200.00000 0.866194
5205.00000 0.86673
5210.00000 0.867246
5215.00000 0.867224
5220.00000 0.868208
5225.00000 0.868728
5230.00000 0.868613
5235.00000 0.868929
5240.00000 0.868251
5245.00000 0.869132
5250.00000 0.868452
5255.00000 0.868543
5260.00000 0.868351
5265.00000 0.868312
5270.00000 0.868423
5275.00000 0.867487
5280.00000 0.867211
5285.00000 0.866217
5290.00000 0.865638
5295.00000 0.865232
5300.00000 0.865079
5305.00000 0.864591
5310.00000 0.863616
5315.00000 0.862665
5320.00000 0.861894
5325.00000 0.86134
5330.00000 0.861022
5335.00000 0.860182
5340.00000 0.858711
5345.00000 0.857555
5350.00000 0.856917
5355.00000 0.855775
5360.00000 0.854758
5365.00000 0.853667
5370.00000 0.852386
5375.00000 0.851096
5380.00000 0.849813
5385.00000 0.848979
5390.00000 0.847754
5395.00000 0.846182
5400.00000 0.843969
5405.00000 0.843421
5410.00000 0.841612
5415.00000 0.840751
5420.00000 0.838818
5425.00000 0.83649
5430.00000 0.83537
5435.00000 0.833431
5440.00000 0.831683
5445.00000 0.829922
5450.00000 0.828406
5455.00000 0.826114
5460.00000 0.823809
5465.00000 0.822468
5470.00000 0.820671
5475.00000 0.818335
5480.00000 0.816535
5485.00000 0.814032
5490.00000 0.812092
5495.00000 0.809843
5500.00000 0.807832
5505.00000 0.806207
5510.00000 0.803297
5515.00000 0.801572
5520.00000 0.798457
5525.00000 0.795864
5530.00000 0.793721
5535.00000 0.789821
5540.00000 0.78852
5545.00000 0.78514
5550.00000 0.782692
5555.00000 0.779091
5560.00000 0.775461
5565.00000 0.773162
5570.00000 0.769455
5575.00000 0.767218
5580.00000 0.764755
5585.00000 0.76119
5590.00000 0.757836
5595.00000 0.754076
5600.00000 0.750989
5605.00000 0.747581
5610.00000 0.743971
5615.00000 0.740822
5620.00000 0.737158
5625.00000 0.733612
5630.00000 0.729767
5635.00000 0.727043
5640.00000 0.723028
5645.00000 0.718929
5650.00000 0.714842
5655.00000 0.71098
5660.00000 0.707706
5665.00000 0.703367
5670.00000 0.699549
5675.00000 0.695262
5680.00000 0.690727
5685.00000 0.686893
5690.00000 0.684564
5695.00000 0.678242
5700.00000 0.673593
5705.00000 0.669122
5710.00000 0.66457
5715.00000 0.660283
5720.00000 0.655743
5725.00000 0.651161
5730.00000 0.647052
5735.00000 0.642048
5740.00000 0.637859
5745.00000 0.632659
5750.00000 0.627728
5755.00000 0.623326
5760.00000 0.61851
5765.00000 0.613649
5770.00000 0.608665
5775.00000 0.60392
5780.00000 0.598573
5785.00000 0.593887
5790.00000 0.58886
5795.00000 0.583415
5800.00000 0.578702
5805.00000 0.573829
5810.00000 0.568446
5815.00000 0.56313
5820.00000 0.557804
5825.00000 0.552623
5830.00000 0.547371
5835.00000 0.542014
5840.00000 0.536788
5845.00000 0.531241
5850.00000 0.525906
5855.00000 0.520614
5860.00000 0.515338
5865.00000 0.509853
5870.00000 0.504806
5875.00000 0.49854
5880.00000 0.493859
5885.00000 0.487885
5890.00000 0.482755
5895.00000 0.47737
5900.00000 0.471691
5905.00000 0.466137
5910.00000 0.460523
5915.00000 0.454851
5920.00000 0.449625
5925.00000 0.444154
5930.00000 0.439064
5935.00000 0.432929
5940.00000 0.42773
5945.00000 0.421453
5950.00000 0.416357
5955.00000 0.410961
5960.00000 0.405815
5965.00000 0.40006
5970.00000 0.394564
5975.00000 0.389199
5980.00000 0.383311
5985.00000 0.378337
5990.00000 0.372696
5995.00000 0.367159
6000.00000 0.362165
6005.00000 0.355916
6010.00000 0.351387
6015.00000 0.345631
6020.00000 0.340502
6025.00000 0.335186
6030.00000 0.329684
6035.00000 0.324809
6040.00000 0.319464
6045.00000 0.314105
6050.00000 0.309335
6055.00000 0.303894
6060.00000 0.298773
6065.00000 0.293699
6070.00000 0.288617
6075.00000 0.283312
6080.00000 0.278862
6085.00000 0.273613
6090.00000 0.268553
6095.00000 0.264004
6100.00000 0.259073
6105.00000 0.254326
6110.00000 0.249624
6115.00000 0.244797
6120.00000 0.240116
6125.00000 0.235225
6130.00000 0.230625
6135.00000 0.226224
6140.00000 0.221526
6145.00000 0.217421
6150.00000 0.213057
6155.00000 0.208532
6160.00000 0.204293
6165.00000 0.199844
6170.00000 0.195635
6175.00000 0.191444
6180.00000 0.187436
6185.00000 0.183323
6190.00000 0.179361
6195.00000 0.175395
6200.00000 0.171363
6205.00000 0.167537
6210.00000 0.163897
6215.00000 0.160001
6220.00000 0.156318
6225.00000 0.152403
6230.00000 0.148935
6235.00000 0.145373
6240.00000 0.141959
6245.00000 0.138397
6250.00000 0.135177
6255.00000 0.13174
6260.00000 0.128503
6265.00000 0.125206
6270.00000 0.122039
6275.00000 0.118753
6280.00000 0.115898
6285.00000 0.112718
6290.00000 0.109931
6295.00000 0.106985
6300.00000 0.103862
6305.00000 0.101284
6310.00000 0.098528
6315.00000 0.095823
6320.00000 0.093136
6325.00000 0.090409
6330.00000 0.088058
6335.00000 0.085491
6340.00000 0.08311
6345.00000 0.080672
6350.00000 0.078308
6355.00000 0.075923
6360.00000 0.073813
6365.00000 0.071609
6370.00000 0.069462
6375.00000 0.067351
6380.00000 0.06525
6385.00000 0.063294
6390.00000 0.061307
6395.00000 0.059511
6400.00000 0.057629
6405.00000 0.055725
6410.00000 0.053983
6415.00000 0.052224
6420.00000 0.05049
6425.00000 0.048839
6430.00000 0.047331
6435.00000 0.045741
6440.00000 0.04427
6445.00000 0.0427
6450.00000 0.041347
6455.00000 0.039926
6460.00000 0.038562
6465.00000 0.037247
6470.00000 0.035933
6475.00000 0.03463
6480.00000 0.033525
6485.00000 0.032264
6490.00000 0.031129
6495.00000 0.030018
6500.00000 0.028933
6505.00000 0.027867
6510.00000 0.026804
6515.00000 0.025862
6520.00000 0.024908
6525.00000 0.023892
6530.00000 0.023022
6535.00000 0.02215
6540.00000 0.021322
6545.00000 0.020541
6550.00000 0.019656
6555.00000 0.018901
6560.00000 0.018211
6565.00000 0.017458
6570.00000 0.016805
6575.00000 0.016103
6580.00000 0.015509
6585.00000 0.014816
6590.00000 0.014245
6595.00000 0.013692
6600.00000 0.013132
6605.00000 0.012541
6610.00000 0.012022
6615.00000 0.011546
6620.00000 0.011024
6625.00000 0.010579
6630.00000 0.010175
6635.00000 0.009737
6640.00000 0.009294
6645.00000 0.008897
6650.00000 0.008479
6655.00000 0.008143
6660.00000 0.007742
6665.00000 0.007449
6670.00000 0.007114
6675.00000 0.006796
6680.00000 0.006485
6685.00000 0.006173
6690.00000 0.00591
6695.00000 0.005606
6700.00000 0.00536
6705.00000 0.005099
6710.00000 0.004878
6715.00000 0.004627
6720.00000 0.004433
6725.00000 0.004198
6730.00000 0.004012
7403.00000 0.0
