threeML/data/optical_filters/WISE/WISE-W1.ecsv
# %ECSV 0.9
# ---
# datatype:
# - {name: wavelength, unit: Angstrom, datatype: float32}
# - {name: response, datatype: float32}
# meta: !!omap
# - {band_name: W1}
# - {group_name: WISE}
wavelength response
23400.00000 0.0
26000.00000 2.3718e-06
26100.00000 0.00035787
26200.00000 0.0011801
26300.00000 0.00092944
26400.00000 0.00075095
26500.00000 0.0008194
26600.00000 0.00088183
26700.00000 0.0010517
26800.00000 0.00033867
26900.00000 0.00051705
27000.00000 0.00081846
27100.00000 0.0087291
27200.00000 0.0077299
27300.00000 0.0046045
27400.00000 0.0034356
27500.00000 0.0073993
27600.00000 0.013747
27700.00000 0.02355
27800.00000 0.045209
27900.00000 0.088875
28000.00000 0.15556
28100.00000 0.23009
28200.00000 0.28369
28300.00000 0.30687
28400.00000 0.30425
28500.00000 0.29415
28600.00000 0.2821
28700.00000 0.26809
28800.00000 0.25501
28900.00000 0.25401
29000.00000 0.26625
29100.00000 0.28903
29200.00000 0.31501
29300.00000 0.33782
29400.00000 0.35702
29500.00000 0.37356
29600.00000 0.38865
29700.00000 0.40548
29800.00000 0.42145
29900.00000 0.43263
30000.00000 0.43701
30100.00000 0.44142
30200.00000 0.44584
30300.00000 0.44534
30400.00000 0.43787
30500.00000 0.42836
30600.00000 0.41477
30700.00000 0.40008
30800.00000 0.38227
30900.00000 0.36736
31000.00000 0.35944
31100.00000 0.36771
31200.00000 0.39539
31300.00000 0.43755
31400.00000 0.47689
31500.00000 0.50722
31600.00000 0.52844
31700.00000 0.54461
31800.00000 0.55879
31900.00000 0.57201
32000.00000 0.5832
32100.00000 0.59027
32200.00000 0.59737
32300.00000 0.60239
32400.00000 0.60637
32500.00000 0.60293
32600.00000 0.5984
32700.00000 0.59596
32800.00000 0.59993
32900.00000 0.61787
33000.00000 0.65317
33100.00000 0.69947
33200.00000 0.74821
33300.00000 0.79179
33400.00000 0.82254
33500.00000 0.84021
33600.00000 0.84052
33700.00000 0.82651
33800.00000 0.8102
33900.00000 0.79056
34000.00000 0.76957
34100.00000 0.75847
34200.00000 0.77522
34300.00000 0.82117
34400.00000 0.883
34500.00000 0.93966
34600.00000 0.97628
34700.00000 0.99497
34800.00000 1.0
34900.00000 0.99831
35000.00000 0.99774
35100.00000 0.99727
35200.00000 0.99666
35300.00000 0.99615
35400.00000 0.98857
35500.00000 0.97513
35600.00000 0.95694
35700.00000 0.93631
35800.00000 0.91555
35900.00000 0.90286
36000.00000 0.90067
36100.00000 0.91379
36200.00000 0.93642
36300.00000 0.95798
36400.00000 0.97013
36500.00000 0.97518
36600.00000 0.97546
36700.00000 0.97572
36800.00000 0.97478
36900.00000 0.97381
37000.00000 0.97295
37100.00000 0.97436
37200.00000 0.97456
37300.00000 0.96743
37400.00000 0.93949
37500.00000 0.88456
37600.00000 0.79862
37700.00000 0.6829
37800.00000 0.54804
37900.00000 0.40726
38000.00000 0.28186
38100.00000 0.18529
38200.00000 0.11568
38300.00000 0.070803
38400.00000 0.043646
38500.00000 0.027601
38600.00000 0.0176
38700.00000 0.011016
38800.00000 0.0067609
38900.00000 0.0047912
39000.00000 0.0039844
39100.00000 0.003139
39200.00000 0.0023814
39300.00000 0.0022553
39400.00000 0.0018119
39500.00000 0.001512
39600.00000 0.0011342
39700.00000 0.00065546
39800.00000 0.00035449
39900.00000 4.281e-05
40000.00000 0.00010032
44000.00000 0.0
