threeML/data/optical_filters/WISE/WISE-W3.ecsv
# %ECSV 0.9
# ---
# datatype:
# - {name: wavelength, unit: Angstrom, datatype: float32}
# - {name: response, datatype: float32}
# meta: !!omap
# - {band_name: W3}
# - {group_name: WISE}
wavelength response
64800.00000 0.0
72000.00000 2.8062e-05
72100.00000 0.0017202
72200.00000 0.0016953
72300.00000 0.0021202
72400.00000 0.0022305
72500.00000 0.0020557
72600.00000 0.0021601
72700.00000 0.0019177
72800.00000 0.0011553
72900.00000 0.0016445
73000.00000 0.0026889
73100.00000 0.0033714
73200.00000 0.0035918
73300.00000 0.0035219
73400.00000 0.0037744
73500.00000 0.003684
73600.00000 0.0033351
73700.00000 0.0033336
73800.00000 0.0031728
73900.00000 0.0033791
74000.00000 0.0036603
74100.00000 0.0042789
74200.00000 0.0054307
74300.00000 0.0071141
74400.00000 0.0092516
74500.00000 0.01171
74600.00000 0.014421
74700.00000 0.017429
74800.00000 0.021233
74900.00000 0.026207
75000.00000 0.033257
75100.00000 0.043132
75200.00000 0.056946
75300.00000 0.075682
75400.00000 0.1001
75500.00000 0.12979
75600.00000 0.16432
75700.00000 0.20006
75800.00000 0.23102
75900.00000 0.25482
76000.00000 0.26893
76100.00000 0.27304
76200.00000 0.2685
76300.00000 0.25881
76400.00000 0.24657
76500.00000 0.23555
76600.00000 0.22577
76700.00000 0.21849
76800.00000 0.21245
76900.00000 0.20893
77000.00000 0.20793
77100.00000 0.2082
77200.00000 0.20847
77300.00000 0.21001
77400.00000 0.21156
77500.00000 0.21183
77600.00000 0.21338
77700.00000 0.21494
77800.00000 0.21778
77900.00000 0.2219
78000.00000 0.22604
78100.00000 0.23019
78200.00000 0.23435
78300.00000 0.23852
78400.00000 0.24269
78500.00000 0.24559
78600.00000 0.24849
78700.00000 0.2501
78800.00000 0.25172
78900.00000 0.25333
79000.00000 0.25626
79100.00000 0.25788
79200.00000 0.26082
79300.00000 0.26637
79400.00000 0.27063
79500.00000 0.27621
79600.00000 0.28311
79700.00000 0.29134
79800.00000 0.29959
79900.00000 0.30654
80000.00000 0.31219
80100.00000 0.31654
80200.00000 0.3209
80300.00000 0.32394
80400.00000 0.32699
80500.00000 0.32872
80600.00000 0.32913
80700.00000 0.33087
80800.00000 0.33128
80900.00000 0.33435
81000.00000 0.3361
81100.00000 0.33651
81200.00000 0.33693
81300.00000 0.33601
81400.00000 0.33374
81500.00000 0.33146
81600.00000 0.32784
81700.00000 0.32421
81800.00000 0.32191
81900.00000 0.32095
82000.00000 0.31865
82100.00000 0.31768
82200.00000 0.31536
82300.00000 0.31439
82400.00000 0.31342
82500.00000 0.31108
82600.00000 0.30738
82700.00000 0.3023
82800.00000 0.29721
82900.00000 0.29211
83000.00000 0.2911
83100.00000 0.29145
83200.00000 0.2918
83300.00000 0.29352
83400.00000 0.29387
83500.00000 0.29285
83600.00000 0.29183
83700.00000 0.29218
83800.00000 0.2939
83900.00000 0.29702
84000.00000 0.30014
84100.00000 0.30188
84200.00000 0.30501
84300.00000 0.30815
84400.00000 0.3113
84500.00000 0.31445
84600.00000 0.319
84700.00000 0.32356
84800.00000 0.32813
84900.00000 0.33271
85000.00000 0.3373
85100.00000 0.3419
85200.00000 0.34511
85300.00000 0.34832
85400.00000 0.35154
85500.00000 0.35477
85600.00000 0.35801
85700.00000 0.35984
85800.00000 0.36167
85900.00000 0.36209
86000.00000 0.36109
86100.00000 0.3601
86200.00000 0.3591
86300.00000 0.35809
86400.00000 0.35566
86500.00000 0.35465
86600.00000 0.35363
86700.00000 0.35261
86800.00000 0.35159
86900.00000 0.34913
87000.00000 0.3481
87100.00000 0.34563
87200.00000 0.3446
87300.00000 0.34355
87400.00000 0.33963
87500.00000 0.33281
87600.00000 0.31733
87700.00000 0.29025
87800.00000 0.253
87900.00000 0.2171
88000.00000 0.19706
88100.00000 0.20309
88200.00000 0.22801
88300.00000 0.26171
88400.00000 0.29112
88500.00000 0.31185
88600.00000 0.32387
88700.00000 0.33154
88800.00000 0.3363
88900.00000 0.34107
89000.00000 0.34585
89100.00000 0.35064
89200.00000 0.35397
89300.00000 0.35731
89400.00000 0.35918
89500.00000 0.35958
89600.00000 0.36146
89700.00000 0.36334
89800.00000 0.36374
89900.00000 0.36563
90000.00000 0.36603
90100.00000 0.36496
90200.00000 0.36388
90300.00000 0.36279
90400.00000 0.36171
90500.00000 0.36062
90600.00000 0.36102
90700.00000 0.36291
90800.00000 0.36331
90900.00000 0.3652
91000.00000 0.3671
91100.00000 0.37051
91200.00000 0.37091
91300.00000 0.37282
91400.00000 0.37323
91500.00000 0.37213
91600.00000 0.37103
91700.00000 0.36842
91800.00000 0.36731
91900.00000 0.36468
92000.00000 0.36356
92100.00000 0.36396
92200.00000 0.36284
92300.00000 0.36323
92400.00000 0.3621
92500.00000 0.36249
92600.00000 0.35984
92700.00000 0.36023
92800.00000 0.35909
92900.00000 0.35947
93000.00000 0.36139
93100.00000 0.36178
93200.00000 0.3637
93300.00000 0.36409
93400.00000 0.36448
93500.00000 0.36641
93600.00000 0.3668
93700.00000 0.36565
93800.00000 0.36604
93900.00000 0.36643
94000.00000 0.36837
94100.00000 0.36876
94200.00000 0.37071
94300.00000 0.3711
94400.00000 0.37305
94500.00000 0.375
94600.00000 0.37695
94700.00000 0.37891
94800.00000 0.38243
94900.00000 0.38596
95000.00000 0.3895
95100.00000 0.39304
95200.00000 0.39502
95300.00000 0.39544
95400.00000 0.39585
95500.00000 0.39469
95600.00000 0.39196
95700.00000 0.39079
95800.00000 0.38805
95900.00000 0.38529
96000.00000 0.38253
96100.00000 0.37977
96200.00000 0.37858
96300.00000 0.37739
96400.00000 0.37778
96500.00000 0.37976
96600.00000 0.38174
96700.00000 0.38532
96800.00000 0.38731
96900.00000 0.39091
97000.00000 0.39291
97100.00000 0.39331
97200.00000 0.39372
97300.00000 0.39412
97400.00000 0.39292
97500.00000 0.39172
97600.00000 0.39212
97700.00000 0.39252
97800.00000 0.39293
97900.00000 0.39494
98000.00000 0.39696
98100.00000 0.39898
98200.00000 0.401
98300.00000 0.40303
98400.00000 0.40506
98500.00000 0.40709
98600.00000 0.40913
98700.00000 0.41117
98800.00000 0.41321
98900.00000 0.41526
99000.00000 0.41894
99100.00000 0.42263
99200.00000 0.42795
99300.00000 0.43165
99400.00000 0.437
99500.00000 0.44071
99600.00000 0.44444
99700.00000 0.44817
99800.00000 0.45026
99900.00000 0.454
100000.00000 0.4561
100100.00000 0.45985
100200.00000 0.46526
100300.00000 0.46903
100400.00000 0.47446
100500.00000 0.48155
100600.00000 0.48866
100700.00000 0.49577
100800.00000 0.50124
100900.00000 0.50839
101000.00000 0.51554
101100.00000 0.52105
101200.00000 0.52656
101300.00000 0.53209
101400.00000 0.53595
101500.00000 0.53982
101600.00000 0.5437
101700.00000 0.54758
101800.00000 0.54812
101900.00000 0.54866
102000.00000 0.54752
102100.00000 0.54469
102200.00000 0.54186
102300.00000 0.53902
102400.00000 0.53618
102500.00000 0.53501
102600.00000 0.53216
102700.00000 0.5276
102800.00000 0.52473
102900.00000 0.52016
103000.00000 0.51727
103100.00000 0.51268
103200.00000 0.51148
103300.00000 0.51027
103400.00000 0.50907
103500.00000 0.50956
103600.00000 0.51005
103700.00000 0.51054
103800.00000 0.51104
103900.00000 0.50982
104000.00000 0.5086
104100.00000 0.50737
104200.00000 0.50614
104300.00000 0.50491
104400.00000 0.50196
104500.00000 0.50244
104600.00000 0.5012
104700.00000 0.50167
104800.00000 0.50215
104900.00000 0.50436
105000.00000 0.50657
105100.00000 0.50878
105200.00000 0.511
105300.00000 0.51148
105400.00000 0.51371
105500.00000 0.51593
105600.00000 0.51816
105700.00000 0.52039
105800.00000 0.52437
105900.00000 0.52661
106000.00000 0.53059
106100.00000 0.53284
106200.00000 0.53509
106300.00000 0.53735
106400.00000 0.5396
106500.00000 0.54186
106600.00000 0.54413
106700.00000 0.5464
106800.00000 0.55042
106900.00000 0.5527
107000.00000 0.55322
107100.00000 0.5555
107200.00000 0.55602
107300.00000 0.55477
107400.00000 0.55352
107500.00000 0.55226
107600.00000 0.551
107700.00000 0.54974
107800.00000 0.54848
107900.00000 0.54721
108000.00000 0.54772
108100.00000 0.54823
108200.00000 0.55051
108300.00000 0.55281
108400.00000 0.5551
108500.00000 0.5574
108600.00000 0.5597
108700.00000 0.56022
108800.00000 0.55894
108900.00000 0.55766
109000.00000 0.55638
109100.00000 0.5533
109200.00000 0.55021
109300.00000 0.54891
109400.00000 0.54581
109500.00000 0.5427
109600.00000 0.5414
109700.00000 0.54008
109800.00000 0.53877
109900.00000 0.53926
110000.00000 0.53975
110100.00000 0.54024
110200.00000 0.54254
110300.00000 0.54485
110400.00000 0.54716
110500.00000 0.54766
110600.00000 0.54816
110700.00000 0.54683
110800.00000 0.5455
110900.00000 0.54599
111000.00000 0.54466
111100.00000 0.54515
111200.00000 0.54381
111300.00000 0.54429
111400.00000 0.54478
111500.00000 0.54344
111600.00000 0.54392
111700.00000 0.54073
111800.00000 0.53938
111900.00000 0.53617
112000.00000 0.53296
112100.00000 0.52975
112200.00000 0.52653
112300.00000 0.5233
112400.00000 0.52191
112500.00000 0.52052
112600.00000 0.51913
112700.00000 0.51959
112800.00000 0.52191
112900.00000 0.52238
113000.00000 0.5247
113100.00000 0.52703
113200.00000 0.53122
113300.00000 0.53355
113400.00000 0.53589
113500.00000 0.53823
113600.00000 0.54058
113700.00000 0.54105
113800.00000 0.5434
113900.00000 0.54388
114000.00000 0.54624
114100.00000 0.54672
114200.00000 0.54907
114300.00000 0.55144
114400.00000 0.5538
114500.00000 0.55617
114600.00000 0.55855
114700.00000 0.56281
114800.00000 0.56519
114900.00000 0.56947
115000.00000 0.57186
115100.00000 0.57614
115200.00000 0.58044
115300.00000 0.58474
115400.00000 0.58905
115500.00000 0.59336
115600.00000 0.59768
115700.00000 0.6001
115800.00000 0.60253
115900.00000 0.60496
116000.00000 0.60548
116100.00000 0.60791
116200.00000 0.60844
116300.00000 0.61088
116400.00000 0.6114
116500.00000 0.61384
116600.00000 0.61437
116700.00000 0.61682
116800.00000 0.61735
116900.00000 0.61788
117000.00000 0.61841
117100.00000 0.61701
117200.00000 0.6156
117300.00000 0.61227
117400.00000 0.60892
117500.00000 0.60751
117600.00000 0.60415
117700.00000 0.60079
117800.00000 0.59936
117900.00000 0.59793
118000.00000 0.59649
118100.00000 0.597
118200.00000 0.59555
118300.00000 0.59606
118400.00000 0.59656
118500.00000 0.59511
118600.00000 0.59366
118700.00000 0.59221
118800.00000 0.59075
118900.00000 0.58929
119000.00000 0.58587
119100.00000 0.5844
119200.00000 0.58293
119300.00000 0.58145
119400.00000 0.57997
119500.00000 0.58046
119600.00000 0.57898
119700.00000 0.57946
119800.00000 0.57994
119900.00000 0.57845
120000.00000 0.57894
120100.00000 0.57744
120200.00000 0.57594
120300.00000 0.57444
120400.00000 0.57294
120500.00000 0.57143
120600.00000 0.56793
120700.00000 0.56641
120800.00000 0.56291
120900.00000 0.56337
121000.00000 0.56185
121100.00000 0.56231
121200.00000 0.56277
121300.00000 0.56524
121400.00000 0.5677
121500.00000 0.57017
121600.00000 0.57264
121700.00000 0.57512
121800.00000 0.57759
121900.00000 0.58007
122000.00000 0.58457
122100.00000 0.58505
122200.00000 0.58754
122300.00000 0.59003
122400.00000 0.59052
122500.00000 0.59302
122600.00000 0.5935
122700.00000 0.59398
122800.00000 0.59649
122900.00000 0.59698
123000.00000 0.59949
123100.00000 0.602
123200.00000 0.60655
123300.00000 0.6111
123400.00000 0.61566
123500.00000 0.62022
123600.00000 0.6248
123700.00000 0.62938
123800.00000 0.63396
123900.00000 0.64059
124000.00000 0.6452
124100.00000 0.65185
124200.00000 0.65851
124300.00000 0.66313
124400.00000 0.66981
124500.00000 0.67445
124600.00000 0.68114
124700.00000 0.6858
124800.00000 0.69046
124900.00000 0.69307
125000.00000 0.69568
125100.00000 0.6983
125200.00000 0.70092
125300.00000 0.69941
125400.00000 0.69997
125500.00000 0.69846
125600.00000 0.69695
125700.00000 0.69544
125800.00000 0.69392
125900.00000 0.6924
126000.00000 0.69295
126100.00000 0.6935
126200.00000 0.69405
126300.00000 0.69668
126400.00000 0.69931
126500.00000 0.70194
126600.00000 0.70458
126700.00000 0.70493
126800.00000 0.70758
126900.00000 0.70813
127000.00000 0.70869
127100.00000 0.70925
127200.00000 0.70981
127300.00000 0.71058
127400.00000 0.71113
127500.00000 0.71169
127600.00000 0.71435
127700.00000 0.71491
127800.00000 0.71758
127900.00000 0.72024
128000.00000 0.72291
128100.00000 0.72559
128200.00000 0.73038
128300.00000 0.73517
128400.00000 0.73997
128500.00000 0.74478
128600.00000 0.75171
128700.00000 0.75654
128800.00000 0.76136
128900.00000 0.76832
129000.00000 0.77104
129100.00000 0.77589
129200.00000 0.77862
129300.00000 0.78135
129400.00000 0.78196
129500.00000 0.78469
129600.00000 0.7853
129700.00000 0.78377
129800.00000 0.78437
129900.00000 0.78498
130000.00000 0.78558
130100.00000 0.78619
130200.00000 0.78679
130300.00000 0.78954
130400.00000 0.79229
130500.00000 0.79505
130600.00000 0.79781
130700.00000 0.80273
130800.00000 0.8098
130900.00000 0.81473
131000.00000 0.82182
131100.00000 0.82893
131200.00000 0.83604
131300.00000 0.84316
131400.00000 0.84813
131500.00000 0.85527
131600.00000 0.86243
131700.00000 0.86742
131800.00000 0.87242
131900.00000 0.87742
132000.00000 0.88243
132100.00000 0.88745
132200.00000 0.8903
132300.00000 0.89315
132400.00000 0.89601
132500.00000 0.89887
132600.00000 0.90173
132700.00000 0.90459
132800.00000 0.90528
132900.00000 0.90596
133000.00000 0.90664
133100.00000 0.90732
133200.00000 0.90581
133300.00000 0.90429
133400.00000 0.90058
133500.00000 0.89906
133600.00000 0.89753
133700.00000 0.8938
133800.00000 0.89226
133900.00000 0.89073
134000.00000 0.88919
134100.00000 0.88985
134200.00000 0.89051
134300.00000 0.89118
134400.00000 0.89184
134500.00000 0.89472
134600.00000 0.89538
134700.00000 0.89827
134800.00000 0.89893
134900.00000 0.90182
135000.00000 0.90249
135100.00000 0.90316
135200.00000 0.90383
135300.00000 0.9045
135400.00000 0.90516
135500.00000 0.90583
135600.00000 0.9065
135700.00000 0.9094
135800.00000 0.91007
135900.00000 0.91298
136000.00000 0.91365
136100.00000 0.91657
136200.00000 0.91724
136300.00000 0.92016
136400.00000 0.92083
136500.00000 0.92151
136600.00000 0.91993
136700.00000 0.92061
136800.00000 0.91903
136900.00000 0.91745
137000.00000 0.91586
137100.00000 0.91427
137200.00000 0.91268
137300.00000 0.91108
137400.00000 0.90948
137500.00000 0.90788
137600.00000 0.90854
137700.00000 0.9092
137800.00000 0.90986
137900.00000 0.91052
138000.00000 0.91346
138100.00000 0.91412
138200.00000 0.91706
138300.00000 0.92
138400.00000 0.92066
138500.00000 0.92133
138600.00000 0.92427
138700.00000 0.92494
138800.00000 0.92561
138900.00000 0.92627
139000.00000 0.92694
139100.00000 0.9299
139200.00000 0.93057
139300.00000 0.93124
139400.00000 0.9342
139500.00000 0.93717
139600.00000 0.94014
139700.00000 0.94311
139800.00000 0.94609
139900.00000 0.94907
140000.00000 0.95436
140100.00000 0.95735
140200.00000 0.96034
140300.00000 0.96333
140400.00000 0.96633
140500.00000 0.96702
140600.00000 0.97002
140700.00000 0.97071
140800.00000 0.96908
140900.00000 0.96977
141000.00000 0.96814
141100.00000 0.96883
141200.00000 0.96719
141300.00000 0.96555
141400.00000 0.96623
141500.00000 0.96691
141600.00000 0.96526
141700.00000 0.96828
141800.00000 0.96896
141900.00000 0.97198
142000.00000 0.97267
142100.00000 0.97569
142200.00000 0.97872
142300.00000 0.97941
142400.00000 0.98244
142500.00000 0.98313
142600.00000 0.98382
142700.00000 0.98216
142800.00000 0.9805
142900.00000 0.98118
143000.00000 0.97952
143100.00000 0.97785
143200.00000 0.97853
143300.00000 0.97685
143400.00000 0.97753
143500.00000 0.97822
143600.00000 0.98126
143700.00000 0.98195
143800.00000 0.985
143900.00000 0.98805
144000.00000 0.99111
144100.00000 0.9918
144200.00000 0.99486
144300.00000 0.99793
144400.00000 0.99862
144500.00000 0.99931
144600.00000 1.0
144700.00000 0.99831
144800.00000 0.99661
144900.00000 0.99492
145000.00000 0.99322
145100.00000 0.99151
145200.00000 0.9898
145300.00000 0.98809
145400.00000 0.98638
145500.00000 0.98466
145600.00000 0.98294
145700.00000 0.98122
145800.00000 0.97949
145900.00000 0.97776
146000.00000 0.97603
146100.00000 0.97429
146200.00000 0.97255
146300.00000 0.9708
146400.00000 0.96906
146500.00000 0.96731
146600.00000 0.96555
146700.00000 0.9638
146800.00000 0.96204
146900.00000 0.96269
147000.00000 0.96093
147100.00000 0.96158
147200.00000 0.95981
147300.00000 0.96046
147400.00000 0.95869
147500.00000 0.95934
147600.00000 0.95999
147700.00000 0.95821
147800.00000 0.95642
147900.00000 0.95463
148000.00000 0.95284
148100.00000 0.95349
148200.00000 0.94925
148300.00000 0.94745
148400.00000 0.94564
148500.00000 0.94384
148600.00000 0.94202
148700.00000 0.94021
148800.00000 0.93839
148900.00000 0.93657
149000.00000 0.93475
149100.00000 0.93292
149200.00000 0.93109
149300.00000 0.92679
149400.00000 0.92496
149500.00000 0.92311
