threeML/data/optical_filters/WISE/WISE-W2.ecsv
# %ECSV 0.9
# ---
# datatype:
# - {name: wavelength, unit: Angstrom, datatype: float32}
# - {name: response, datatype: float32}
# meta: !!omap
# - {band_name: W2}
# - {group_name: WISE}
wavelength response
35010.00000 0.0
38900.00000 0.00010825
39000.00000 0.00015454
39100.00000 0.00022341
39200.00000 0.0004175
39300.00000 0.00056834
39400.00000 0.00044113
39500.00000 0.0013124
39600.00000 0.0092633
39700.00000 0.011478
39800.00000 0.014509
39900.00000 0.018672
40000.00000 0.024421
40100.00000 0.034426
40200.00000 0.050556
40300.00000 0.075032
40400.00000 0.11001
40500.00000 0.15701
40600.00000 0.22467
40700.00000 0.3065
40800.00000 0.39712
40900.00000 0.49391
41000.00000 0.58894
41100.00000 0.67269
41200.00000 0.74154
41300.00000 0.79761
41400.00000 0.83857
41500.00000 0.86313
41600.00000 0.88066
41700.00000 0.89111
41800.00000 0.89564
41900.00000 0.89539
42000.00000 0.89392
42100.00000 0.88884
42200.00000 0.88251
42300.00000 0.87614
42400.00000 0.877
42500.00000 0.88028
42600.00000 0.88114
42700.00000 0.87832
42800.00000 0.87794
42900.00000 0.88121
43000.00000 0.88818
43100.00000 0.89517
43200.00000 0.90219
43300.00000 0.90675
43400.00000 0.91008
43500.00000 0.91094
43600.00000 0.90805
43700.00000 0.90514
43800.00000 0.8997
43900.00000 0.89172
44000.00000 0.88495
44100.00000 0.8794
44200.00000 0.87382
44300.00000 0.87074
44400.00000 0.86636
44500.00000 0.8645
44600.00000 0.86517
44700.00000 0.86966
44800.00000 0.878
44900.00000 0.88894
45000.00000 0.90121
45100.00000 0.9161
45200.00000 0.92846
45300.00000 0.94216
45400.00000 0.95332
45500.00000 0.96192
45600.00000 0.96924
45700.00000 0.97398
45800.00000 0.97742
45900.00000 0.97693
46000.00000 0.97512
46100.00000 0.97197
46200.00000 0.96616
46300.00000 0.96031
46400.00000 0.95311
46500.00000 0.94586
46600.00000 0.93858
46700.00000 0.93525
46800.00000 0.93191
46900.00000 0.93122
47000.00000 0.93052
47100.00000 0.93385
47200.00000 0.93853
47300.00000 0.94457
47400.00000 0.95469
47500.00000 0.96213
47600.00000 0.97232
47700.00000 0.97981
47800.00000 0.98596
47900.00000 0.98802
48000.00000 0.99009
48100.00000 0.9894
48200.00000 0.9887
48300.00000 0.98938
48400.00000 0.98866
48500.00000 0.98932
48600.00000 0.98997
48700.00000 0.99061
48800.00000 0.99265
48900.00000 0.99468
49000.00000 0.99671
49100.00000 0.99735
49200.00000 0.99938
49300.00000 1.0
49400.00000 0.99921
49500.00000 0.99699
49600.00000 0.99475
49700.00000 0.99108
49800.00000 0.98596
49900.00000 0.98081
50000.00000 0.97135
50100.00000 0.96327
50200.00000 0.95228
50300.00000 0.94125
50400.00000 0.93016
50500.00000 0.91902
50600.00000 0.90783
50700.00000 0.89659
50800.00000 0.88675
50900.00000 0.87686
51000.00000 0.86693
51100.00000 0.85403
51200.00000 0.84107
51300.00000 0.82073
51400.00000 0.79883
51500.00000 0.76361
51600.00000 0.72676
51700.00000 0.67647
51800.00000 0.62007
51900.00000 0.55602
52000.00000 0.48564
52100.00000 0.41662
52200.00000 0.34717
52300.00000 0.28359
52400.00000 0.2256
52500.00000 0.17504
52600.00000 0.13546
52700.00000 0.099248
52800.00000 0.075935
52900.00000 0.053213
53000.00000 0.040746
53100.00000 0.028307
53200.00000 0.021081
53300.00000 0.014697
53400.00000 0.010435
53500.00000 0.0072372
53600.00000 0.0040457
53700.00000 0.0030484
53800.00000 0.0022763
53900.00000 0.0017339
54000.00000 0.0012893
54100.00000 0.00097294
54200.00000 0.00073876
54300.00000 0.00054885
54400.00000 0.00039102
54500.00000 0.00030953
54600.00000 0.00021542
54700.00000 0.00027863
54800.00000 0.00031531
54900.00000 0.00031353
55000.00000 0.00025926
55100.00000 0.0002251
55200.00000 0.00019539
55300.00000 0.00015012
55400.00000 0.00013333
55500.00000 0.00010424
55600.00000 6.0519e-05
61160.00000 0.0
