threeML/data/optical_filters/WISE/WISE-W3.ecsv
# %ECSV 0.9
# ---
# datatype:
# - {name: wavelength, unit: Angstrom, datatype: float32}
# - {name: response, datatype: float32}
# meta: !!omap
# - {band_name: W3}
# - {group_name: WISE}
wavelength response
[from data line 778]
149700.00000 0.91695
149800.00000 0.9151
149900.00000 0.91077
150000.00000 0.90891
150100.00000 0.90705
150200.00000 0.90518
150300.00000 0.9033
150400.00000 0.90143
150500.00000 0.89955
150600.00000 0.89767
150700.00000 0.89578
150800.00000 0.89389
150900.00000 0.892
151000.00000 0.88762
151100.00000 0.88572
151200.00000 0.88382
151300.00000 0.87942
151400.00000 0.87501
151500.00000 0.8706
151600.00000 0.86619
151700.00000 0.85926
151800.00000 0.85233
151900.00000 0.84539
152000.00000 0.83844
152100.00000 0.83148
152200.00000 0.822
152300.00000 0.81502
152400.00000 0.80551
152500.00000 0.79851
152600.00000 0.79149
152700.00000 0.78196
152800.00000 0.77492
152900.00000 0.76787
153000.00000 0.76082
153100.00000 0.75375
153200.00000 0.7492
153300.00000 0.74212
153400.00000 0.73502
153500.00000 0.72792
153600.00000 0.72081
153700.00000 0.71368
153800.00000 0.7068
153900.00000 0.69966
154000.00000 0.69251
154100.00000 0.68535
154200.00000 0.67817
154300.00000 0.67328
154400.00000 0.66609
154500.00000 0.66143
154600.00000 0.65931
154700.00000 0.65465
154800.00000 0.65252
154900.00000 0.65039
155000.00000 0.64826
155100.00000 0.64868
155200.00000 0.64909
155300.00000 0.64696
155400.00000 0.64737
155500.00000 0.64779
155600.00000 0.64821
155700.00000 0.64862
155800.00000 0.6516
155900.00000 0.65202
156000.00000 0.65244
156100.00000 0.65286
156200.00000 0.65585
156300.00000 0.65627
156400.00000 0.65926
156500.00000 0.65969
156600.00000 0.66269
156700.00000 0.66311
156800.00000 0.66611
156900.00000 0.66654
157000.00000 0.66696
157100.00000 0.66997
157200.00000 0.6704
157300.00000 0.67083
157400.00000 0.67125
157500.00000 0.66909
157600.00000 0.66951
157700.00000 0.66994
157800.00000 0.66776
157900.00000 0.66819
158000.00000 0.66601
158100.00000 0.66383
158200.00000 0.66425
158300.00000 0.66206
158400.00000 0.65987
158500.00000 0.65768
158600.00000 0.65287
158700.00000 0.65067
158800.00000 0.64846
158900.00000 0.64364
159000.00000 0.64142
159100.00000 0.63659
159200.00000 0.63175
159300.00000 0.62952
159400.00000 0.62467
159500.00000 0.61981
159600.00000 0.61757
159700.00000 0.61269
159800.00000 0.61045
159900.00000 0.6082
160000.00000 0.60594
160100.00000 0.60368
160200.00000 0.60142
160300.00000 0.59916
160400.00000 0.59953
160500.00000 0.59726
160600.00000 0.59764
160700.00000 0.59801
160800.00000 0.59838
160900.00000 0.59875
161000.00000 0.59647
161100.00000 0.59684
161200.00000 0.59721
161300.00000 0.59493
161400.00000 0.5953
161500.00000 0.59567
161600.00000 0.59337
161700.00000 0.59108
161800.00000 0.59144
161900.00000 0.58914
162000.00000 0.58684
162100.00000 0.58453
162200.00000 0.58222
162300.00000 0.57991
162400.00000 0.57492
162500.00000 0.5726
162600.00000 0.5676
162700.00000 0.56259
162800.00000 0.55757
162900.00000 0.55255
163000.00000 0.54484
163100.00000 0.53711
163200.00000 0.52965
163300.00000 0.52191
163400.00000 0.51416
163500.00000 0.5037
163600.00000 0.49324
163700.00000 0.48275
163800.00000 0.47226
163900.00000 0.46175
164000.00000 0.45123
164100.00000 0.438
164200.00000 0.42745
164300.00000 0.41419
164400.00000 0.40361
164500.00000 0.39031
164600.00000 0.377
164700.00000 0.36638
164800.00000 0.35303
164900.00000 0.33967
165000.00000 0.32901
165100.00000 0.31562
165200.00000 0.30493
165300.00000 0.2915
165400.00000 0.28079
165500.00000 0.26777
165600.00000 0.25618
165700.00000 0.24487
165800.00000 0.23407
165900.00000 0.22301
166000.00000 0.21276
166100.00000 0.2028
166200.00000 0.19307
166300.00000 0.1836
166400.00000 0.17442
166500.00000 0.16603
166600.00000 0.15762
166700.00000 0.14948
166800.00000 0.14213
166900.00000 0.13507
167000.00000 0.12825
167100.00000 0.12197
167200.00000 0.11571
167300.00000 0.10997
167400.00000 0.1048
167500.00000 0.099344
167600.00000 0.094712
167700.00000 0.09035
167800.00000 0.085983
167900.00000 0.082164
168000.00000 0.078368
168100.00000 0.074789
168200.00000 0.07151
168300.00000 0.068227
168400.00000 0.065494
168500.00000 0.062731
168600.00000 0.059992
168700.00000 0.057528
168800.00000 0.055033
168900.00000 0.05284
169000.00000 0.050896
169100.00000 0.048699
169200.00000 0.047028
169300.00000 0.045104
169400.00000 0.043457
169500.00000 0.042088
169600.00000 0.040437
169700.00000 0.039064
169800.00000 0.037689
169900.00000 0.036592
170000.00000 0.035494
170100.00000 0.034394
170200.00000 0.033293
170300.00000 0.032191
170400.00000 0.03134
170500.00000 0.030264
170600.00000 0.029411
170700.00000 0.028585
170800.00000 0.027676
170900.00000 0.026809
171000.00000 0.02596
171100.00000 0.025085
171200.00000 0.024189
171300.00000 0.023309
171400.00000 0.022406
171500.00000 0.02145
171600.00000 0.020516
171700.00000 0.019522
171800.00000 0.018498
171900.00000 0.017467
172000.00000 0.01644
172100.00000 0.015382
172200.00000 0.014324
172300.00000 0.01326
172400.00000 0.012223
172500.00000 0.011154
172600.00000 0.010137
172700.00000 0.0091167
172800.00000 0.008092
172900.00000 0.0071031
173000.00000 0.0061957
173100.00000 0.0052644
173200.00000 0.004429
173300.00000 0.0035669
173400.00000 0.0027878
173500.00000 0.0018864
173600.00000 0.0020018
173700.00000 0.0012653
173800.00000 0.0065935
173900.00000 0.0070697
174000.00000 0.0071225
174100.00000 0.0067224
174200.00000 0.0058199
174300.00000 0.0045633
174400.00000 0.0030411
174500.00000 0.0012565
174600.00000 0.0032659
174700.00000 0.00067398
174800.00000 0.001851
174900.00000 0.0025351
175000.00000 0.0029103
175100.00000 0.0039355
175200.00000 0.003831
175300.00000 0.0031693
175400.00000 0.0026594
175500.00000 0.0022225
175600.00000 0.0018262
175700.00000 0.0014555
175800.00000 0.0010516
175900.00000 0.0012147
176000.00000 0.0010998
176100.00000 0.0010027
176200.00000 0.00091999
176300.00000 0.0008523
176400.00000 0.00076913
176500.00000 0.00063472
176600.00000 0.00059495
176700.00000 0.00054408
176800.00000 0.00049344
176900.00000 0.00044449
177000.00000 0.0003984
177100.00000 0.00034672
177200.00000 0.00032387
177300.00000 0.00030216
177400.00000 0.0002841
177500.00000 0.00026824
177600.00000 0.00025348
177700.00000 0.00023747
177800.00000 0.00022385
177900.00000 0.00021167
178000.00000 0.00020094
178100.00000 0.00019182
178200.00000 0.00018312
178300.00000 0.00017533
178400.00000 0.00016823
178500.00000 0.00016192
178600.00000 0.00015589
178700.00000 0.00015054
178800.00000 0.00014508
178900.00000 0.00014248
179000.00000 0.00013979
179100.00000 0.00013737
179200.00000 0.00013488
179300.00000 0.00013268
179400.00000 0.00013042
179500.00000 0.00012816
179600.00000 0.00014402
179700.00000 0.0001488
179800.00000 0.00015001
179900.00000 0.00014938
180000.00000 0.00014852
180100.00000 0.00014685
180200.00000 0.00014619
180300.00000 0.00014295
180400.00000 0.00013688
180500.00000 0.00011873
180600.00000 0.00011942
180700.00000 0.00011994
180800.00000 0.00012018
180900.00000 0.00012081
181000.00000 0.00012112
181100.00000 0.00012181
181200.00000 0.00012218
181300.00000 0.00012269
181400.00000 0.00012285
181500.00000 0.00012283
181600.00000 0.00012308
181700.00000 0.00012329
181800.00000 0.0001233
181900.00000 0.00014164
182000.00000 0.00014855
182100.00000 0.00015145
182200.00000 0.00015174
182300.00000 0.00015072
182400.00000 0.00014903
182500.00000 0.00014577
182600.00000 0.00014146
182700.00000 0.00013543
182800.00000 0.00012883
182900.00000 0.00011896
183000.00000 0.00011776
183100.00000 0.00011625
183200.00000 0.00011445
183300.00000 0.00011297
183400.00000 0.00011149
183500.00000 0.00011004
183600.00000 0.00010856
183700.00000 0.00010711
183800.00000 0.00010565
183900.00000 0.00010392
184000.00000 0.00010165
184100.00000 9.9368e-05
202510.00000 0.0
