threeML/data/optical_filters/WISE/WISE-W4.ecsv
# %ECSV 0.9
# ---
# datatype:
# - {name: wavelength, unit: Angstrom, datatype: float32}
# - {name: response, datatype: float32}
# meta: !!omap
# - {band_name: W4}
# - {group_name: WISE}
wavelength response
171450.00000 0.0
190500.00000 5.4648e-05
190600.00000 0.00010264
190700.00000 0.00034272
190800.00000 0.00080407
190900.00000 0.0014978
191000.00000 0.0020629
191100.00000 0.0025077
191200.00000 0.0026433
191300.00000 0.002698
191400.00000 0.0025906
191500.00000 0.0024255
191600.00000 0.0021409
191700.00000 0.0017587
191800.00000 0.0012964
191900.00000 0.0007053
192000.00000 0.00030828
192100.00000 0.00017639
192200.00000 6.7857e-05
192300.00000 0.00016438
192400.00000 0.00018023
192500.00000 0.00016369
192600.00000 0.00030085
192700.00000 0.00042705
192800.00000 0.00054617
192900.00000 0.0006549
193000.00000 0.00015095
193100.00000 0.0007455
193200.00000 0.00081569
193300.00000 0.00092268
193400.00000 0.001053
193500.00000 0.0012265
193600.00000 0.0014029
193700.00000 0.0017762
193800.00000 0.002209
193900.00000 0.0029642
194000.00000 0.0038672
194100.00000 0.0047912
194200.00000 0.0056344
194300.00000 0.0063393
194400.00000 0.0068512
194500.00000 0.0073152
194600.00000 0.0076493
194700.00000 0.0079776
194800.00000 0.0082335
194900.00000 0.0084867
195000.00000 0.0088554
195100.00000 0.0093066
195200.00000 0.0099923
195300.00000 0.010916
195400.00000 0.012081
195500.00000 0.013649
195600.00000 0.015414
195700.00000 0.017887
195800.00000 0.0205
195900.00000 0.024044
196000.00000 0.027777
196100.00000 0.032494
196200.00000 0.037369
196300.00000 0.04286
196400.00000 0.048969
196500.00000 0.056002
196600.00000 0.063654
196700.00000 0.071927
196800.00000 0.081434
196900.00000 0.091564
197000.00000 0.10413
197100.00000 0.11701
197200.00000 0.13261
197300.00000 0.14887
197400.00000 0.16785
197500.00000 0.18713
197600.00000 0.20858
197700.00000 0.23132
197800.00000 0.25558
197900.00000 0.28203
198000.00000 0.30928
198100.00000 0.34337
198200.00000 0.37719
198300.00000 0.41444
198400.00000 0.45142
198500.00000 0.48874
198600.00000 0.5261
198700.00000 0.55731
198800.00000 0.58855
198900.00000 0.61704
199000.00000 0.64245
199100.00000 0.66479
199200.00000 0.68715
199300.00000 0.70612
199400.00000 0.72541
199500.00000 0.74131
199600.00000 0.75443
199700.00000 0.76103
199800.00000 0.76794
199900.00000 0.76833
200000.00000 0.76902
200100.00000 0.76629
200200.00000 0.76667
200300.00000 0.76737
200400.00000 0.76775
200500.00000 0.77126
200600.00000 0.77508
200700.00000 0.77859
200800.00000 0.78211
200900.00000 0.78562
201000.00000 0.78601
201100.00000 0.78672
201200.00000 0.79024
201300.00000 0.79691
201400.00000 0.80671
201500.00000 0.81653
201600.00000 0.82949
201700.00000 0.83933
201800.00000 0.84886
201900.00000 0.85556
202000.00000 0.85599
202100.00000 0.85956
202200.00000 0.85684
202300.00000 0.85726
202400.00000 0.85453
202500.00000 0.8518
202600.00000 0.84938
202700.00000 0.8498
202800.00000 0.8439
202900.00000 0.838
203000.00000 0.83209
203100.00000 0.82617
203200.00000 0.82025
203300.00000 0.81749
203400.00000 0.81789
203500.00000 0.81829
203600.00000 0.82472
203700.00000 0.83147
203800.00000 0.8414
203900.00000 0.84816
204000.00000 0.85493
204100.00000 0.85853
204200.00000 0.86213
204300.00000 0.86573
204400.00000 0.86934
204500.00000 0.87614
204600.00000 0.88294
204700.00000 0.89293
204800.00000 0.89975
204900.00000 0.90976
205000.00000 0.9102
205100.00000 0.91384
205200.00000 0.91109
205300.00000 0.90834
205400.00000 0.90238
205500.00000 0.89962
205600.00000 0.89686
205700.00000 0.89409
205800.00000 0.89453
205900.00000 0.89496
206000.00000 0.89219
206100.00000 0.88941
206200.00000 0.88663
206300.00000 0.88064
206400.00000 0.87785
206500.00000 0.87184
206600.00000 0.87226
206700.00000 0.8759
206800.00000 0.88277
206900.00000 0.89286
207000.00000 0.89974
207100.00000 0.90663
207200.00000 0.91029
207300.00000 0.91073
207400.00000 0.90794
207500.00000 0.90192
207600.00000 0.89588
207700.00000 0.88985
207800.00000 0.8838
207900.00000 0.88423
208000.00000 0.88465
208100.00000 0.88832
208200.00000 0.88875
208300.00000 0.89242
208400.00000 0.89609
208500.00000 0.89652
208600.00000 0.8937
208700.00000 0.89413
208800.00000 0.89456
208900.00000 0.89499
209000.00000 0.89867
209100.00000 0.8991
209200.00000 0.90279
209300.00000 0.90322
209400.00000 0.90365
209500.00000 0.89756
209600.00000 0.89146
209700.00000 0.88535
209800.00000 0.87597
209900.00000 0.86658
210000.00000 0.86373
210100.00000 0.85759
210200.00000 0.86127
210300.00000 0.86168
210400.00000 0.86865
210500.00000 0.87562
210600.00000 0.87931
210700.00000 0.88629
210800.00000 0.89328
210900.00000 0.89699
211000.00000 0.90398
211100.00000 0.91099
211200.00000 0.918
211300.00000 0.9283
211400.00000 0.93862
211500.00000 0.94862
211600.00000 0.95895
211700.00000 0.966
211800.00000 0.97305
211900.00000 0.97351
212000.00000 0.97397
212100.00000 0.97443
212200.00000 0.97489
212300.00000 0.97865
212400.00000 0.97912
212500.00000 0.98289
212600.00000 0.98997
212700.00000 0.99375
212800.00000 0.99422
212900.00000 0.99468
213000.00000 0.98852
213100.00000 0.98234
213200.00000 0.97284
213300.00000 0.96001
213400.00000 0.95381
213500.00000 0.94429
213600.00000 0.93808
213700.00000 0.93519
213800.00000 0.9323
213900.00000 0.9294
214000.00000 0.9265
214100.00000 0.9236
214200.00000 0.9207
214300.00000 0.91445
214400.00000 0.91154
214500.00000 0.90862
214600.00000 0.90905
214700.00000 0.91616
214800.00000 0.92328
214900.00000 0.93375
215000.00000 0.94757
215100.00000 0.96141
215200.00000 0.97191
215300.00000 0.98243
215400.00000 0.98959
215500.00000 0.99341
215600.00000 0.99722
215700.00000 0.99769
215800.00000 0.99815
215900.00000 0.99861
216000.00000 0.99907
216100.00000 0.99954
216200.00000 1.0
216300.00000 0.99373
216400.00000 0.99081
216500.00000 0.98116
216600.00000 0.96812
216700.00000 0.95507
216800.00000 0.93862
216900.00000 0.92217
217000.00000 0.90908
217100.00000 0.89935
217200.00000 0.893
217300.00000 0.88664
217400.00000 0.88705
217500.00000 0.88746
217600.00000 0.88787
217700.00000 0.89167
217800.00000 0.89208
217900.00000 0.89248
218000.00000 0.89289
218100.00000 0.8967
218200.00000 0.90391
218300.00000 0.91112
218400.00000 0.92514
218500.00000 0.93578
218600.00000 0.95289
218700.00000 0.97035
218800.00000 0.98102
218900.00000 0.99169
219000.00000 0.99897
219100.00000 0.99601
219200.00000 0.99305
219300.00000 0.98667
219400.00000 0.97687
219500.00000 0.97048
219600.00000 0.96408
219700.00000 0.95768
219800.00000 0.95469
219900.00000 0.9517
220000.00000 0.94871
220100.00000 0.94914
220200.00000 0.94614
220300.00000 0.94314
220400.00000 0.93671
220500.00000 0.9337
220600.00000 0.92725
220700.00000 0.92079
220800.00000 0.91812
220900.00000 0.91509
221000.00000 0.91207
221100.00000 0.91248
221200.00000 0.90945
221300.00000 0.90986
221400.00000 0.90682
221500.00000 0.90033
221600.00000 0.89729
221700.00000 0.89079
221800.00000 0.88428
221900.00000 0.88122
222000.00000 0.8747
222100.00000 0.87164
222200.00000 0.87203
222300.00000 0.87242
222400.00000 0.87282
222500.00000 0.87321
222600.00000 0.87014
222700.00000 0.86706
222800.00000 0.86398
222900.00000 0.85742
223000.00000 0.85086
223100.00000 0.84429
223200.00000 0.83424
223300.00000 0.83114
223400.00000 0.82455
223500.00000 0.82144
223600.00000 0.82181
223700.00000 0.81869
223800.00000 0.81557
223900.00000 0.81245
224000.00000 0.80584
224100.00000 0.79922
224200.00000 0.7891
224300.00000 0.77548
224400.00000 0.76185
224500.00000 0.7482
224600.00000 0.73454
224700.00000 0.72437
224800.00000 0.71769
224900.00000 0.71101
225000.00000 0.70782
225100.00000 0.70813
225200.00000 0.70494
225300.00000 0.70174
225400.00000 0.69855
225500.00000 0.69534
225600.00000 0.68863
225700.00000 0.68542
225800.00000 0.6822
225900.00000 0.67899
226000.00000 0.67929
226100.00000 0.67959
226200.00000 0.68693
226300.00000 0.69076
226400.00000 0.69812
226500.00000 0.70195
226600.00000 0.70932
226700.00000 0.70964
226800.00000 0.70995
226900.00000 0.71026
227000.00000 0.70704
227100.00000 0.70381
227200.00000 0.70412
227300.00000 0.70443
227400.00000 0.70474
227500.00000 0.7086
227600.00000 0.71245
227700.00000 0.71631
227800.00000 0.72017
227900.00000 0.72049
228000.00000 0.71726
228100.00000 0.71757
228200.00000 0.71078
228300.00000 0.70398
228400.00000 0.69362
228500.00000 0.6868
228600.00000 0.67998
228700.00000 0.67672
228800.00000 0.67345
228900.00000 0.67374
229000.00000 0.67404
229100.00000 0.6779
229200.00000 0.6782
229300.00000 0.68206
229400.00000 0.68593
229500.00000 0.68588
229600.00000 0.68617
229700.00000 0.68647
229800.00000 0.69035
229900.00000 0.69065
230000.00000 0.69812
230100.00000 0.702
230200.00000 0.70948
230300.00000 0.71696
230400.00000 0.72445
230500.00000 0.72835
230600.00000 0.73226
230700.00000 0.73258
230800.00000 0.7293
230900.00000 0.72962
231000.00000 0.72633
231100.00000 0.71945
231200.00000 0.71616
231300.00000 0.71287
231400.00000 0.70993
231500.00000 0.70663
231600.00000 0.70694
231700.00000 0.70364
231800.00000 0.69672
231900.00000 0.69341
232000.00000 0.68648
232100.00000 0.67593
232200.00000 0.66899
232300.00000 0.65481
232400.00000 0.64062
232500.00000 0.63003
232600.00000 0.61581
232700.00000 0.6052
232800.00000 0.59459
232900.00000 0.58759
233000.00000 0.58058
233100.00000 0.5772
233200.00000 0.57019
233300.00000 0.56316
233400.00000 0.55977
233500.00000 0.55274
233600.00000 0.5457
233700.00000 0.53865
233800.00000 0.5316
233900.00000 0.52454
234000.00000 0.51748
234100.00000 0.51405
234200.00000 0.51063
234300.00000 0.50719
234400.00000 0.50376
234500.00000 0.50398
234600.00000 0.50054
234700.00000 0.4971
234800.00000 0.49365
234900.00000 0.48654
235000.00000 0.47943
235100.00000 0.47231
235200.00000 0.46519
235300.00000 0.45439
235400.00000 0.44725
235500.00000 0.44378
235600.00000 0.43663
235700.00000 0.43314
235800.00000 0.43332
235900.00000 0.42983
236000.00000 0.43002
236100.00000 0.43388
236200.00000 0.43406
236300.00000 0.43424
236400.00000 0.43443
236500.00000 0.43461
236600.00000 0.4348
236700.00000 0.43498
236800.00000 0.43516
236900.00000 0.43535
237000.00000 0.43922
237100.00000 0.43941
237200.00000 0.44329
237300.00000 0.44717
237400.00000 0.45105
237500.00000 0.45124
237600.00000 0.45143
237700.00000 0.45162
237800.00000 0.45181
237900.00000 0.4483
238000.00000 0.44849
238100.00000 0.44497
238200.00000 0.44515
238300.00000 0.44163
238400.00000 0.44182
238500.00000 0.44572
238600.00000 0.4459
238700.00000 0.44981
238800.00000 0.45743
238900.00000 0.46134
239000.00000 0.46898
239100.00000 0.4729
239200.00000 0.47682
239300.00000 0.48075
239400.00000 0.48468
239500.00000 0.48861
239600.00000 0.49255
239700.00000 0.49275
239800.00000 0.49669
239900.00000 0.50064
240000.00000 0.50458
240100.00000 0.50853
240200.00000 0.51623
240300.00000 0.52018
240400.00000 0.52789
240500.00000 0.5356
240600.00000 0.53957
240700.00000 0.54354
240800.00000 0.54377
240900.00000 0.54774
241000.00000 0.54797
241100.00000 0.5482
241200.00000 0.54843
241300.00000 0.54865
241400.00000 0.54888
241500.00000 0.54911
241600.00000 0.5531
241700.00000 0.55709
241800.00000 0.56109
241900.00000 0.56509
242000.00000 0.56909
242100.00000 0.56932
242200.00000 0.56956
242300.00000 0.56979
242400.00000 0.56625
242500.00000 0.56649
242600.00000 0.56294
242700.00000 0.5594
242800.00000 0.55585
242900.00000 0.55607
243000.00000 0.55252
243100.00000 0.55275
243200.00000 0.55676
243300.00000 0.56078
243400.00000 0.56101
243500.00000 0.56503
243600.00000 0.56526
243700.00000 0.56929
243800.00000 0.56953
243900.00000 0.56976
244000.00000 0.56999
244100.00000 0.56642
244200.00000 0.56666
244300.00000 0.56308
244400.00000 0.56331
244500.00000 0.56354
244600.00000 0.55997
244700.00000 0.56019
244800.00000 0.56042
244900.00000 0.55684
245000.00000 0.55707
245100.00000 0.55348
245200.00000 0.54988
245300.00000 0.54285
245400.00000 0.53925
245500.00000 0.53182
245600.00000 0.52439
245700.00000 0.51695
245800.00000 0.5095
245900.00000 0.50205
246000.00000 0.49459
246100.00000 0.49096
246200.00000 0.48733
246300.00000 0.48369
246400.00000 0.48389
246500.00000 0.48408
246600.00000 0.48044
246700.00000 0.48063
246800.00000 0.48083
246900.00000 0.47718
247000.00000 0.47352
247100.00000 0.47372
247200.00000 0.47006
247300.00000 0.46255
247400.00000 0.45888
247500.00000 0.45521
247600.00000 0.45154
247700.00000 0.45172
247800.00000 0.44804
247900.00000 0.44823
248000.00000 0.44841
248100.00000 0.44859
248200.00000 0.44877
248300.00000 0.44508
248400.00000 0.44526
248500.00000 0.44157
248600.00000 0.43788
248700.00000 0.43418
248800.00000 0.4266
248900.00000 0.4229
249000.00000 0.41919
249100.00000 0.41548
249200.00000 0.41177
249300.00000 0.40805
249400.00000 0.40821
249500.00000 0.40449
249600.00000 0.40077
249700.00000 0.40093
249800.00000 0.3972
249900.00000 0.39346
250000.00000 0.38934
250100.00000 0.38529
250200.00000 0.37921
250300.00000 0.37277
250400.00000 0.36629
250500.00000 0.35945
250600.00000 0.35261
250700.00000 0.34572
250800.00000 0.34004
250900.00000 0.33514
251000.00000 0.33023
251100.00000 0.32645
251200.00000 0.32345
251300.00000 0.32045
251400.00000 0.3178
251500.00000 0.31553
251600.00000 0.31327
251700.00000 0.311
251800.00000 0.30916
251900.00000 0.30693
252000.00000 0.30509
252100.00000 0.30329
252200.00000 0.30188
252300.00000 0.30047
252400.00000 0.29984
252500.00000 0.29921
252600.00000 0.29897
252700.00000 0.29949
252800.00000 0.3
252900.00000 0.30012
253000.00000 0.30024
253100.00000 0.30036
253200.00000 0.30008
253300.00000 0.29823
253400.00000 0.29673
253500.00000 0.29447
253600.00000 0.29143
253700.00000 0.28834
253800.00000 0.2853
253900.00000 0.28225
254000.00000 0.27915
254100.00000 0.27649
254200.00000 0.27423
254300.00000 0.27196
254400.00000 0.26969
254500.00000 0.26742
254600.00000 0.26439
254700.00000 0.26172
254800.00000 0.25749
254900.00000 0.25247
255000.00000 0.24781
255100.00000 0.24198
255200.00000 0.23536
255300.00000 0.22913
255400.00000 0.2229
255500.00000 0.21745
255600.00000 0.21201
255700.00000 0.20731
255800.00000 0.20425
255900.00000 0.20154
256000.00000 0.19886
256100.00000 0.19695
256200.00000 0.19503
256300.00000 0.19315
256400.00000 0.19003
256500.00000 0.18615
256600.00000 0.18267
256700.00000 0.17758
256800.00000 0.17173
256900.00000 0.16548
257000.00000 0.15918
257100.00000 0.15247
257200.00000 0.1458
257300.00000 0.13949
257400.00000 0.13473
257500.00000 0.12957
257600.00000 0.12521
257700.00000 0.12333
257800.00000 0.12141
257900.00000 0.11953
258000.00000 0.11966
258100.00000 0.11982
258200.00000 0.12035
258300.00000 0.12128
258400.00000 0.12258
258500.00000 0.12432
258600.00000 0.12561
258700.00000 0.12763
258800.00000 0.1293
258900.00000 0.13132
259000.00000 0.13331
259100.00000 0.1353
259200.00000 0.13733
259300.00000 0.13855
259400.00000 0.14018
259500.00000 0.14145
259600.00000 0.14191
259700.00000 0.14232
259800.00000 0.14242
259900.00000 0.14207
260000.00000 0.14095
260100.00000 0.13942
260200.00000 0.13794
260300.00000 0.1356
260400.00000 0.1333
260500.00000 0.131
260600.00000 0.12833
260700.00000 0.12562
260800.00000 0.12294
260900.00000 0.12068
261000.00000 0.1184
261100.00000 0.11617
261200.00000 0.11394
261300.00000 0.11174
261400.00000 0.10987
261500.00000 0.1076
261600.00000 0.10531
261700.00000 0.10299
261800.00000 0.10034
261900.00000 0.097196
262000.00000 0.093969
262100.00000 0.090821
262200.00000 0.087589
262300.00000 0.084681
262400.00000 0.081771
262500.00000 0.079227
262600.00000 0.077866
262700.00000 0.076832
262800.00000 0.07547
262900.00000 0.076154
263000.00000 0.07651
263100.00000 0.077236
263200.00000 0.078085
263300.00000 0.078976
263400.00000 0.079867
263500.00000 0.080349
263600.00000 0.08079
263700.00000 0.080862
263800.00000 0.080934
263900.00000 0.080964
264000.00000 0.080625
264100.00000 0.080244
264200.00000 0.080316
264300.00000 0.080346
264400.00000 0.080377
264500.00000 0.080448
264600.00000 0.080561
264700.00000 0.080674
264800.00000 0.080746
264900.00000 0.079662
265000.00000 0.078619
265100.00000 0.077534
265200.00000 0.075746
265300.00000 0.073089
265400.00000 0.07043
265500.00000 0.06781
265600.00000 0.065106
265700.00000 0.062027
265800.00000 0.059277
265900.00000 0.056152
266000.00000 0.053646
266100.00000 0.050848
266200.00000 0.04809
266300.00000 0.045288
266400.00000 0.042525
266500.00000 0.039719
266600.00000 0.037043
266700.00000 0.03437
266800.00000 0.03162
266900.00000 0.029591
267000.00000 0.029298
267100.00000 0.028673
267200.00000 0.027572
267300.00000 0.099783
267400.00000 0.11111
267500.00000 0.1109
267600.00000 0.11211
267700.00000 0.10844
267800.00000 0.10477
267900.00000 0.10147
268000.00000 0.098166
268100.00000 0.094862
268200.00000 0.09164
268300.00000 0.087955
268400.00000 0.0841
268500.00000 0.08041
268600.00000 0.076885
268700.00000 0.073482
268800.00000 0.070328
268900.00000 0.067255
269000.00000 0.064306
269100.00000 0.061564
269200.00000 0.058903
269300.00000 0.056367
269400.00000 0.053954
269500.00000 0.05154
269600.00000 0.04925
269700.00000 0.047084
269800.00000 0.044959
269900.00000 0.042874
270000.00000 0.040354
270100.00000 0.037446
270200.00000 0.034556
270300.00000 0.030296
270400.00000 0.018525
270500.00000 0.019858
270600.00000 0.021391
270700.00000 0.023199
270800.00000 0.024528
270900.00000 0.025879
271000.00000 0.027247
271100.00000 0.028186
271200.00000 0.028682
271300.00000 0.029086
271400.00000 0.029515
271500.00000 0.029382
271600.00000 0.029266
271700.00000 0.029129
271800.00000 0.028847
271900.00000 0.028481
272000.00000 0.028161
272100.00000 0.027862
272200.00000 0.027279
272300.00000 0.026551
272400.00000 0.025903
272500.00000 0.025013
272600.00000 0.023248
272700.00000 0.021494
272800.00000 0.019845
272900.00000 0.017468
273000.00000 0.014859
273100.00000 0.012496
273200.00000 0.010186
273300.00000 0.0060779
273400.00000 0.0036136
273500.00000 0.0021906
273600.00000 0.0016946
273700.00000 0.00026696
273800.00000 0.00044431
273900.00000 0.00037452
274000.00000 0.00031483
274100.00000 0.00026607
274200.00000 0.00022355
274300.00000 0.00018877
274400.00000 0.00015948
274500.00000 0.00013389
274600.00000 0.0001126
274700.00000 9.4716e-05
274800.00000 7.9644e-05
274900.00000 6.6872e-05
275000.00000 5.6318e-05
275100.00000 4.7341e-05
275200.00000 3.9764e-05
275300.00000 3.342e-05
275400.00000 3.0353e-05
275500.00000 2.8425e-05
275600.00000 2.6577e-05
275700.00000 2.4886e-05
275800.00000 2.3198e-05
275900.00000 2.1742e-05
276000.00000 2.0361e-05
276100.00000 1.9057e-05
276200.00000 1.7834e-05
276300.00000 1.6687e-05
276400.00000 1.5617e-05
276500.00000 1.4546e-05
276600.00000 1.3608e-05
276700.00000 1.2725e-05
276800.00000 1.1911e-05
276900.00000 1.1113e-05
277000.00000 1.0371e-05
277100.00000 9.7054e-06
277200.00000 2.0609e-05
277300.00000 3.1029e-05
277400.00000 7.4738e-05
277500.00000 0.00037836
277600.00000 0.0034715
277700.00000 0.0046232
277800.00000 0.0060612
277900.00000 0.0077859
278000.00000 0.0091135
278100.00000 0.0094632
278200.00000 0.0097179
278300.00000 0.010068
278400.00000 0.010176
278500.00000 0.010201
278600.00000 0.010235
278700.00000 0.010282
278800.00000 0.010225
278900.00000 0.010216
279000.00000 0.010215
279100.00000 0.010058
279200.00000 0.0092572
279300.00000 0.0085689
279400.00000 0.0079019
279500.00000 0.0066076
279600.00000 0.0048464
279700.00000 0.0035244
279800.00000 0.0025783
279900.00000 0.00057147
280000.00000 0.0001596
280500.00000 3.8429e-05
308550.00000 0.0
