threeML/data/optical_filters/OSN/Circ-Cousins_R.ecsv
# %ECSV 0.9
# ---
# datatype:
# - {name: wavelength, unit: Angstrom, datatype: float32}
# - {name: response, datatype: float32}
# meta: !!omap
# - {band_name: Cousins_R}
# - {group_name: Circ}
wavelength response
[from data line 848]
7134.00000 0.4067
7136.00000 0.40576
7138.00000 0.40504
7140.00000 0.40371
7142.00000 0.40295
7144.00000 0.40223
7146.00000 0.40133
7148.00000 0.40061
7150.00000 0.39967
7152.00000 0.39906
7154.00000 0.3978
7156.00000 0.3972
7158.00000 0.39578
7160.00000 0.39517
7162.00000 0.39476
7164.00000 0.39372
7166.00000 0.3928
7168.00000 0.39197
7170.00000 0.39128
7172.00000 0.39004
7174.00000 0.38961
7176.00000 0.38865
7178.00000 0.38795
7180.00000 0.38738
7182.00000 0.38586
7184.00000 0.38529
7186.00000 0.3846
7188.00000 0.38397
7190.00000 0.38291
7192.00000 0.38204
7194.00000 0.38139
7196.00000 0.38056
7198.00000 0.37966
7200.00000 0.37891
7202.00000 0.37835
7204.00000 0.37734
7206.00000 0.37635
7208.00000 0.37586
7210.00000 0.37462
7212.00000 0.37418
7214.00000 0.37318
7216.00000 0.37211
7218.00000 0.3715
7220.00000 0.37068
7222.00000 0.36959
7224.00000 0.36862
7226.00000 0.36789
7228.00000 0.36708
7230.00000 0.36623
7232.00000 0.36509
7234.00000 0.36435
7236.00000 0.36354
7238.00000 0.36263
7240.00000 0.36187
7242.00000 0.36142
7244.00000 0.36041
7246.00000 0.35953
7248.00000 0.35871
7250.00000 0.35797
7252.00000 0.35712
7254.00000 0.35632
7256.00000 0.35532
7258.00000 0.35483
7260.00000 0.35396
7262.00000 0.35333
7264.00000 0.35258
7266.00000 0.35143
7268.00000 0.35085
7270.00000 0.3499
7272.00000 0.34961
7274.00000 0.34848
7276.00000 0.34757
7278.00000 0.34691
7280.00000 0.34623
7282.00000 0.34491
7284.00000 0.34459
7286.00000 0.3436
7288.00000 0.34313
7290.00000 0.34198
7292.00000 0.34131
7294.00000 0.3404
7296.00000 0.3395
7298.00000 0.33879
7300.00000 0.3378
7302.00000 0.33687
7304.00000 0.33644
7306.00000 0.33528
7308.00000 0.33474
7310.00000 0.33429
7312.00000 0.33288
7314.00000 0.33216
7316.00000 0.33147
7318.00000 0.33063
7320.00000 0.3298
7322.00000 0.32925
7324.00000 0.32823
7326.00000 0.32752
7328.00000 0.32694
7330.00000 0.32583
7332.00000 0.32501
7334.00000 0.32453
7336.00000 0.32368
7338.00000 0.32286
7340.00000 0.32207
7342.00000 0.32116
7344.00000 0.32064
7346.00000 0.31971
7348.00000 0.31883
7350.00000 0.31841
7352.00000 0.31739
7354.00000 0.31681
7356.00000 0.31577
7358.00000 0.31522
7360.00000 0.31427
7362.00000 0.31385
7364.00000 0.31275
7366.00000 0.31203
7368.00000 0.31132
7370.00000 0.31051
7372.00000 0.30959
7374.00000 0.30912
7376.00000 0.30817
7378.00000 0.30739
7380.00000 0.30658
7382.00000 0.30578
7384.00000 0.30476
7386.00000 0.30405
7388.00000 0.30309
7390.00000 0.30244
7392.00000 0.30155
7394.00000 0.30103
7396.00000 0.30016
7398.00000 0.29903
7400.00000 0.29866
7402.00000 0.29756
7404.00000 0.29696
7406.00000 0.29634
7408.00000 0.29552
7410.00000 0.29503
7412.00000 0.29425
7414.00000 0.29356
7416.00000 0.29263
7418.00000 0.29205
7420.00000 0.29102
7422.00000 0.29036
7424.00000 0.28936
7426.00000 0.28849
7428.00000 0.288
7430.00000 0.28725
7432.00000 0.28697
7434.00000 0.28585
7436.00000 0.28504
7438.00000 0.28443
7440.00000 0.28357
7442.00000 0.28282
7444.00000 0.28194
7446.00000 0.28137
7448.00000 0.28047
7450.00000 0.27947
7452.00000 0.27915
7454.00000 0.27837
7456.00000 0.27783
7458.00000 0.27665
7460.00000 0.27573
7462.00000 0.27484
7464.00000 0.27477
7466.00000 0.27401
7468.00000 0.27293
7470.00000 0.27241
7472.00000 0.27133
7474.00000 0.27067
7476.00000 0.26989
7478.00000 0.2694
7480.00000 0.2686
7482.00000 0.26776
7484.00000 0.26703
7486.00000 0.26616
7488.00000 0.26547
7490.00000 0.26475
7492.00000 0.26406
7494.00000 0.26328
7496.00000 0.26249
7498.00000 0.26222
7500.00000 0.26104
7502.00000 0.26056
7504.00000 0.25976
7506.00000 0.25916
7508.00000 0.25864
7510.00000 0.25772
7512.00000 0.25707
7514.00000 0.25632
7516.00000 0.25579
7518.00000 0.25489
7520.00000 0.25425
7522.00000 0.25375
7524.00000 0.25275
7526.00000 0.25201
7528.00000 0.25143
7530.00000 0.2505
7532.00000 0.24969
7534.00000 0.24907
7536.00000 0.24866
7538.00000 0.24764
7540.00000 0.24709
7542.00000 0.24612
7544.00000 0.2454
7546.00000 0.24485
7548.00000 0.24399
7550.00000 0.2434
7552.00000 0.24258
7554.00000 0.24207
7556.00000 0.24095
7558.00000 0.2405
7560.00000 0.23988
7562.00000 0.2388
7564.00000 0.23831
7566.00000 0.23769
7568.00000 0.23692
7570.00000 0.23646
7572.00000 0.23548
7574.00000 0.23485
7576.00000 0.23435
7578.00000 0.23334
7580.00000 0.23267
7582.00000 0.23234
7584.00000 0.23175
7586.00000 0.23088
7588.00000 0.23045
7590.00000 0.22945
7592.00000 0.22889
7594.00000 0.22807
7596.00000 0.22723
7598.00000 0.22657
7600.00000 0.22566
7602.00000 0.22554
7604.00000 0.22486
7606.00000 0.2242
7608.00000 0.22338
7610.00000 0.22251
7612.00000 0.22215
7614.00000 0.22134
7616.00000 0.22092
7618.00000 0.21983
7620.00000 0.21923
7622.00000 0.21867
7624.00000 0.21808
7626.00000 0.21764
7628.00000 0.21697
7630.00000 0.21598
7632.00000 0.21573
7634.00000 0.21475
7636.00000 0.21423
7638.00000 0.21308
7640.00000 0.21269
7642.00000 0.21224
7644.00000 0.21181
7646.00000 0.21049
7648.00000 0.21014
7650.00000 0.20926
7652.00000 0.20869
7654.00000 0.20824
7656.00000 0.20724
7658.00000 0.20678
7660.00000 0.2061
7662.00000 0.2051
7664.00000 0.20473
7666.00000 0.20398
7668.00000 0.20319
7670.00000 0.20278
7672.00000 0.2024
7674.00000 0.20129
7676.00000 0.20081
7678.00000 0.20011
7680.00000 0.19979
7682.00000 0.19908
7684.00000 0.1986
7686.00000 0.19778
7688.00000 0.19693
7690.00000 0.19636
7692.00000 0.19607
7694.00000 0.19508
7696.00000 0.19469
7698.00000 0.19391
7700.00000 0.19347
7702.00000 0.19244
7704.00000 0.19209
7706.00000 0.19174
7708.00000 0.19103
7710.00000 0.1906
7712.00000 0.18968
7714.00000 0.1892
7716.00000 0.18845
7718.00000 0.1882
7720.00000 0.18767
7722.00000 0.18659
7724.00000 0.18591
7726.00000 0.18542
7728.00000 0.18468
7730.00000 0.18404
7732.00000 0.18364
7734.00000 0.18312
7736.00000 0.18244
7738.00000 0.18163
7740.00000 0.18083
7742.00000 0.18091
7744.00000 0.17981
7746.00000 0.17962
7748.00000 0.17883
7750.00000 0.17827
7752.00000 0.17741
7754.00000 0.17717
7756.00000 0.17634
7758.00000 0.17571
7760.00000 0.1755
7762.00000 0.17455
7764.00000 0.17402
7766.00000 0.17367
7768.00000 0.17299
7770.00000 0.17247
7772.00000 0.17182
7774.00000 0.17106
7776.00000 0.1707
7778.00000 0.16984
7780.00000 0.16976
7782.00000 0.16921
7784.00000 0.16807
7786.00000 0.16788
7788.00000 0.16738
7790.00000 0.16647
7792.00000 0.1664
7794.00000 0.16571
7796.00000 0.16491
7798.00000 0.1642
7800.00000 0.16403
7802.00000 0.16359
7804.00000 0.16281
7806.00000 0.16184
7808.00000 0.16173
7810.00000 0.16107
7812.00000 0.16057
7814.00000 0.16007
7816.00000 0.15938
7818.00000 0.1589
7820.00000 0.15824
7822.00000 0.15761
7824.00000 0.15717
7826.00000 0.15676
7828.00000 0.15618
7830.00000 0.15566
7832.00000 0.15518
7834.00000 0.15451
7836.00000 0.15398
7838.00000 0.15367
7840.00000 0.15293
7842.00000 0.15262
7844.00000 0.15195
7846.00000 0.15124
7848.00000 0.15105
7850.00000 0.15037
7852.00000 0.14969
7854.00000 0.14936
7856.00000 0.14883
7858.00000 0.14859
7860.00000 0.14757
7862.00000 0.14744
7864.00000 0.14687
7866.00000 0.14612
7868.00000 0.1454
7870.00000 0.14533
7872.00000 0.14456
7874.00000 0.14396
7876.00000 0.14383
7878.00000 0.14333
7880.00000 0.14272
7882.00000 0.14205
7884.00000 0.14136
7886.00000 0.14113
7888.00000 0.14071
7890.00000 0.14029
7892.00000 0.13973
7894.00000 0.13923
7896.00000 0.13878
7898.00000 0.13797
7900.00000 0.13759
7902.00000 0.13707
7904.00000 0.13659
7906.00000 0.13632
7908.00000 0.13587
7910.00000 0.13492
7912.00000 0.13508
7914.00000 0.13425
7916.00000 0.13384
7918.00000 0.13284
7920.00000 0.13274
7922.00000 0.13237
7924.00000 0.1318
7926.00000 0.13145
7928.00000 0.13098
7930.00000 0.13035
7932.00000 0.13007
7934.00000 0.12926
7936.00000 0.12898
7938.00000 0.12843
7940.00000 0.12799
7942.00000 0.1276
7944.00000 0.12711
7946.00000 0.12675
7948.00000 0.12617
7950.00000 0.12576
7952.00000 0.12552
7954.00000 0.12492
7956.00000 0.12477
7958.00000 0.12396
7960.00000 0.1236
7962.00000 0.12318
7964.00000 0.12269
7966.00000 0.12213
7968.00000 0.12164
7970.00000 0.12096
7972.00000 0.12086
7974.00000 0.12025
7976.00000 0.11986
7978.00000 0.1198
7980.00000 0.11901
7982.00000 0.11839
7984.00000 0.11808
7986.00000 0.11752
7988.00000 0.11724
7990.00000 0.1168
7992.00000 0.11656
7994.00000 0.11623
7996.00000 0.1154
7998.00000 0.11524
8000.00000 0.11504
8002.00000 0.11463
8004.00000 0.11425
8006.00000 0.11375
8008.00000 0.11339
8010.00000 0.11295
8012.00000 0.11259
8014.00000 0.11209
8016.00000 0.11177
8018.00000 0.11127
8020.00000 0.11088
8022.00000 0.11043
8024.00000 0.11001
8026.00000 0.10965
8028.00000 0.10928
8030.00000 0.10884
8032.00000 0.10834
8034.00000 0.10801
8036.00000 0.10758
8038.00000 0.10727
8040.00000 0.10684
8042.00000 0.10649
8044.00000 0.106
8046.00000 0.10573
8048.00000 0.1052
8050.00000 0.10487
8052.00000 0.10449
8054.00000 0.10408
8056.00000 0.10364
8058.00000 0.10326
8060.00000 0.10286
8062.00000 0.10245
8064.00000 0.10215
8066.00000 0.10166
8068.00000 0.10132
8070.00000 0.10095
8072.00000 0.10052
8074.00000 0.1002
8076.00000 0.09985
8078.00000 0.09932
8080.00000 0.09905
8082.00000 0.09865
8084.00000 0.09822
8086.00000 0.09787
8088.00000 0.09748
8090.00000 0.0972
8092.00000 0.09666
8094.00000 0.09636
8096.00000 0.09597
8098.00000 0.09561
8100.00000 0.09524
8102.00000 0.09487
8104.00000 0.09448
8106.00000 0.09411
8108.00000 0.09372
8110.00000 0.09339
8112.00000 0.09307
8114.00000 0.09268
8116.00000 0.0923
8118.00000 0.09192
8120.00000 0.09156
8122.00000 0.0912
8124.00000 0.09087
8126.00000 0.09042
8128.00000 0.09014
8130.00000 0.08983
8132.00000 0.08944
8134.00000 0.08905
8136.00000 0.08867
8138.00000 0.08836
8140.00000 0.08794
8142.00000 0.0876
8144.00000 0.08728
8146.00000 0.08695
8148.00000 0.08662
8150.00000 0.08627
8152.00000 0.08592
8154.00000 0.08563
8156.00000 0.08521
8158.00000 0.08488
8160.00000 0.08445
8162.00000 0.08419
8164.00000 0.08387
8166.00000 0.08352
8168.00000 0.08318
8170.00000 0.08285
8172.00000 0.08256
8174.00000 0.08219
8176.00000 0.08188
8178.00000 0.0815
8180.00000 0.08122
8182.00000 0.08087
8184.00000 0.08059
8186.00000 0.0802
8188.00000 0.0799
8190.00000 0.07957
8192.00000 0.07925
8194.00000 0.07891
8196.00000 0.0786
8198.00000 0.07834
8200.00000 0.07795
8202.00000 0.07775
8204.00000 0.07735
8206.00000 0.07706
8208.00000 0.07667
8210.00000 0.07641
8212.00000 0.07602
8214.00000 0.07571
8216.00000 0.07541
8218.00000 0.07512
8220.00000 0.07486
8222.00000 0.07448
8224.00000 0.07415
8226.00000 0.07388
8228.00000 0.07363
8230.00000 0.07324
8232.00000 0.07302
8234.00000 0.07271
8236.00000 0.07244
8238.00000 0.07211
8240.00000 0.07172
8242.00000 0.07155
8244.00000 0.07118
8246.00000 0.07095
8248.00000 0.07061
8250.00000 0.07031
8252.00000 0.07004
8254.00000 0.06978
8256.00000 0.0695
8258.00000 0.06923
8260.00000 0.06894
8262.00000 0.06863
8264.00000 0.06837
8266.00000 0.06801
8268.00000 0.06783
8270.00000 0.06753
8272.00000 0.06729
8274.00000 0.06695
8276.00000 0.06675
8278.00000 0.0664
8280.00000 0.06621
8282.00000 0.06582
8284.00000 0.06556
8286.00000 0.06528
8288.00000 0.06507
8290.00000 0.06477
8292.00000 0.06449
8294.00000 0.06423
8296.00000 0.06399
8298.00000 0.06371
8300.00000 0.06344
8302.00000 0.06317
8304.00000 0.06291
8306.00000 0.06261
8308.00000 0.06239
8310.00000 0.06212
8312.00000 0.06183
8314.00000 0.06158
8316.00000 0.06134
8318.00000 0.06102
8320.00000 0.06079
8322.00000 0.06053
8324.00000 0.06036
8326.00000 0.06004
8328.00000 0.05975
8330.00000 0.05953
8332.00000 0.05931
8334.00000 0.05902
8336.00000 0.0588
8338.00000 0.05854
8340.00000 0.05831
8342.00000 0.05806
8344.00000 0.05782
8346.00000 0.05756
8348.00000 0.05737
8350.00000 0.05712
8352.00000 0.05686
8354.00000 0.0566
8356.00000 0.05639
8358.00000 0.05611
8360.00000 0.05591
8362.00000 0.05565
8364.00000 0.05539
8366.00000 0.05522
8368.00000 0.05494
8370.00000 0.0547
8372.00000 0.05449
8374.00000 0.05424
8376.00000 0.05404
8378.00000 0.05382
8380.00000 0.05352
8382.00000 0.05337
8384.00000 0.05311
8386.00000 0.05288
8388.00000 0.05266
8390.00000 0.05242
8392.00000 0.05216
8394.00000 0.05194
8396.00000 0.05174
8398.00000 0.05158
8400.00000 0.05127
8402.00000 0.05105
8404.00000 0.05083
8406.00000 0.05064
8408.00000 0.05039
8410.00000 0.05019
8412.00000 0.04995
8414.00000 0.04973
8416.00000 0.0495
8418.00000 0.04934
8420.00000 0.04907
8422.00000 0.04888
8424.00000 0.04868
8426.00000 0.04845
8428.00000 0.04824
8430.00000 0.04805
8432.00000 0.04783
8434.00000 0.04761
8436.00000 0.04744
8438.00000 0.04718
8440.00000 0.04701
8442.00000 0.04678
8444.00000 0.0466
8446.00000 0.0464
8448.00000 0.04619
8450.00000 0.046
8452.00000 0.04581
8454.00000 0.04553
8456.00000 0.04537
8458.00000 0.04517
8460.00000 0.04503
8462.00000 0.04477
8464.00000 0.04457
8466.00000 0.04441
8468.00000 0.04418
8470.00000 0.04401
8472.00000 0.04383
8474.00000 0.04366
8476.00000 0.04345
8478.00000 0.04328
8480.00000 0.04304
8482.00000 0.04287
8484.00000 0.04271
8486.00000 0.04251
8488.00000 0.04233
8490.00000 0.0421
8492.00000 0.04195
8494.00000 0.04176
8496.00000 0.04157
8498.00000 0.04139
8500.00000 0.04123
8502.00000 0.04105
8504.00000 0.04084
8506.00000 0.0406
8508.00000 0.04045
8510.00000 0.04027
8512.00000 0.04014
8514.00000 0.03993
8516.00000 0.03977
8518.00000 0.03957
8520.00000 0.03941
8522.00000 0.03926
8524.00000 0.03905
8526.00000 0.03889
8528.00000 0.03865
8530.00000 0.03854
8532.00000 0.03834
8534.00000 0.03815
8536.00000 0.03799
8538.00000 0.03783
8540.00000 0.03765
8542.00000 0.03748
8544.00000 0.03732
8546.00000 0.03716
8548.00000 0.03699
8550.00000 0.03682
8552.00000 0.03667
8554.00000 0.03649
8556.00000 0.03634
8558.00000 0.03615
8560.00000 0.03601
8562.00000 0.03583
8564.00000 0.03572
8566.00000 0.03549
8568.00000 0.0354
8570.00000 0.03525
8572.00000 0.03506
8574.00000 0.03494
8576.00000 0.03468
8578.00000 0.03461
8580.00000 0.03439
8582.00000 0.03437
8584.00000 0.03416
8586.00000 0.03402
8588.00000 0.03384
8590.00000 0.0337
8592.00000 0.03352
8594.00000 0.03342
8596.00000 0.03323
8598.00000 0.03307
8600.00000 0.03293
8602.00000 0.03277
8604.00000 0.03264
8606.00000 0.0325
8608.00000 0.03232
8610.00000 0.03218
8612.00000 0.03199
8614.00000 0.03193
8616.00000 0.03177
8618.00000 0.03169
8620.00000 0.03147
8622.00000 0.03138
8624.00000 0.03123
8626.00000 0.03104
8628.00000 0.03093
8630.00000 0.03084
8632.00000 0.03066
8634.00000 0.03053
8636.00000 0.03036
8638.00000 0.03024
8640.00000 0.03006
8642.00000 0.03004
8644.00000 0.02977
8646.00000 0.02974
8648.00000 0.02956
8650.00000 0.02947
8652.00000 0.02932
8654.00000 0.02917
8656.00000 0.02902
8658.00000 0.02892
8660.00000 0.0288
8662.00000 0.02866
8664.00000 0.02856
8666.00000 0.02839
8668.00000 0.02826
8670.00000 0.02817
8672.00000 0.02803
8674.00000 0.02792
8676.00000 0.02778
8678.00000 0.02767
8680.00000 0.02751
8682.00000 0.02741
8684.00000 0.02726
8686.00000 0.02721
8688.00000 0.02707
8690.00000 0.02698
8692.00000 0.02681
8694.00000 0.02668
8696.00000 0.02657
8698.00000 0.02643
8700.00000 0.02633
8702.00000 0.02621
8704.00000 0.02605
8706.00000 0.02601
8708.00000 0.02584
8710.00000 0.02573
8712.00000 0.02559
8714.00000 0.02548
8716.00000 0.02539
8718.00000 0.0253
8720.00000 0.02519
8722.00000 0.025
8724.00000 0.02497
8726.00000 0.02481
8728.00000 0.02473
8730.00000 0.02461
8732.00000 0.02446
8734.00000 0.02438
8736.00000 0.02427
8738.00000 0.02422
8740.00000 0.02401
8742.00000 0.02396
8744.00000 0.02387
8746.00000 0.02377
8748.00000 0.0236
8750.00000 0.02352
8752.00000 0.02339
8754.00000 0.02325
8756.00000 0.02318
8758.00000 0.02307
8760.00000 0.02296
8762.00000 0.02283
8764.00000 0.02286
8766.00000 0.02265
8768.00000 0.02257
8770.00000 0.02245
8772.00000 0.02237
8774.00000 0.02224
8776.00000 0.02218
8778.00000 0.02207
8780.00000 0.02196
8782.00000 0.02186
8784.00000 0.02177
8786.00000 0.02165
8788.00000 0.02153
8790.00000 0.02148
8792.00000 0.02133
8794.00000 0.02129
8796.00000 0.02117
8798.00000 0.0211
8800.00000 0.02096
8802.00000 0.02091
8804.00000 0.02079
8806.00000 0.02072
8808.00000 0.02062
8810.00000 0.02051
8812.00000 0.02043
8814.00000 0.02035
8816.00000 0.02024
8818.00000 0.02013
8820.00000 0.02006
8822.00000 0.01994
