threeML/data/optical_filters/OSN/Circ-Johnson_V.ecsv
# %ECSV 0.9
# ---
# datatype:
# - {name: wavelength, unit: Angstrom, datatype: float32}
# - {name: response, datatype: float32}
# meta: !!omap
# - {band_name: Johnson_V}
# - {group_name: Circ}
wavelength response
[from data line 848]
6484.00000 0.0107
6486.00000 0.01055
6488.00000 0.01037
6490.00000 0.0102
6492.00000 0.01004
6494.00000 0.00988
6496.00000 0.00973
6498.00000 0.00955
6500.00000 0.00943
6502.00000 0.00927
6504.00000 0.00914
6506.00000 0.00899
6508.00000 0.00882
6510.00000 0.0087
6512.00000 0.00855
6514.00000 0.00842
6516.00000 0.0083
6518.00000 0.00815
6520.00000 0.00802
6522.00000 0.00787
6524.00000 0.00775
6526.00000 0.00762
6528.00000 0.00751
6530.00000 0.00738
6532.00000 0.00725
6534.00000 0.00714
6536.00000 0.00703
6538.00000 0.00691
6540.00000 0.0068
6542.00000 0.00669
6544.00000 0.00658
6546.00000 0.00647
6548.00000 0.00636
6550.00000 0.00624
6552.00000 0.00616
6554.00000 0.00604
6556.00000 0.00594
6558.00000 0.00585
6560.00000 0.00574
6562.00000 0.00564
6564.00000 0.00555
6566.00000 0.00547
6568.00000 0.00536
6570.00000 0.00528
6572.00000 0.00518
6574.00000 0.00509
6576.00000 0.00502
6578.00000 0.00493
6580.00000 0.00485
6582.00000 0.00475
6584.00000 0.00467
6586.00000 0.00459
6588.00000 0.00451
6590.00000 0.00444
6592.00000 0.00434
6594.00000 0.00429
6596.00000 0.00421
6598.00000 0.00413
6600.00000 0.00407
6602.00000 0.00399
6604.00000 0.00392
6606.00000 0.00384
6608.00000 0.00379
6610.00000 0.00372
6612.00000 0.00364
6614.00000 0.00359
6616.00000 0.00352
6618.00000 0.00346
6620.00000 0.00341
6622.00000 0.00334
6624.00000 0.00329
6626.00000 0.00322
6628.00000 0.00317
6630.00000 0.00312
6632.00000 0.00306
6634.00000 0.00301
6636.00000 0.00295
6638.00000 0.0029
6640.00000 0.00285
6642.00000 0.0028
6644.00000 0.00275
6646.00000 0.00269
6648.00000 0.00265
6650.00000 0.0026
6652.00000 0.00256
6654.00000 0.0025
6656.00000 0.00247
6658.00000 0.00241
6660.00000 0.00237
6662.00000 0.00233
6664.00000 0.00229
6666.00000 0.00224
6668.00000 0.00221
6670.00000 0.00216
6672.00000 0.00212
6674.00000 0.00208
6676.00000 0.00205
6678.00000 0.002
6680.00000 0.00196
6682.00000 0.00193
6684.00000 0.0019
6686.00000 0.00186
6688.00000 0.00183
6690.00000 0.00179
6692.00000 0.00175
6694.00000 0.00172
6696.00000 0.0017
6698.00000 0.00166
6700.00000 0.00164
6702.00000 0.0016
6704.00000 0.00157
6706.00000 0.00155
6708.00000 0.00151
6710.00000 0.00149
6712.00000 0.00145
6714.00000 0.00143
6716.00000 0.0014
6718.00000 0.00138
6720.00000 0.00135
6722.00000 0.00132
6724.00000 0.00129
6726.00000 0.00127
6728.00000 0.00124
6730.00000 0.00121
6732.00000 0.0012
6734.00000 0.00118
6736.00000 0.00115
6738.00000 0.00113
6740.00000 0.00111
6742.00000 0.00109
6744.00000 0.00106
6746.00000 0.00104
6748.00000 0.00103
6750.00000 0.001
6752.00000 0.00099
6754.00000 0.00096
6756.00000 0.00094
6758.00000 0.00093
6760.00000 0.00091
6762.00000 0.00089
6764.00000 0.00088
6766.00000 0.00086
6768.00000 0.00084
6770.00000 0.00082
6772.00000 0.00081
6774.00000 0.00079
6776.00000 0.00078
6778.00000 0.00076
6780.00000 0.00074
6782.00000 0.00073
6784.00000 0.00071
6786.00000 0.0007
6788.00000 0.00069
6790.00000 0.00067
6792.00000 0.00066
6794.00000 0.00064
6796.00000 0.00063
6798.00000 0.00063
6800.00000 0.00061
6802.00000 0.00059
6804.00000 0.00058
6806.00000 0.00057
6808.00000 0.00056
6810.00000 0.00055
6812.00000 0.00053
6814.00000 0.00053
6816.00000 0.00051
6818.00000 0.0005
6820.00000 0.0005
6822.00000 0.00049
6824.00000 0.00047
6826.00000 0.00047
6828.00000 0.00046
6830.00000 0.00044
6832.00000 0.00043
6834.00000 0.00043
6836.00000 0.00042
6838.00000 0.00041
6840.00000 0.00039
6842.00000 0.00039
6844.00000 0.00039
6846.00000 0.00038
6848.00000 0.00037
6850.00000 0.00036
6852.00000 0.00035
6854.00000 0.00035
6856.00000 0.00034
6858.00000 0.00033
6860.00000 0.00032
6862.00000 0.00032
6864.00000 0.00031
6866.00000 0.0003
6868.00000 0.0003
6870.00000 0.00029
6872.00000 0.00029
6874.00000 0.00028
6876.00000 0.00027
6878.00000 0.00027
6880.00000 0.00026
6882.00000 0.00026
6884.00000 0.00025
6886.00000 0.00025
6888.00000 0.00024
6890.00000 0.00023
6892.00000 0.00023
6894.00000 0.00022
6896.00000 0.00022
6898.00000 0.00021
6900.00000 0.00021
6902.00000 0.0002
6904.00000 0.0002
6906.00000 0.0002
6908.00000 0.00019
6910.00000 0.00019
6912.00000 0.00019
6914.00000 0.00018
6916.00000 0.00018
6918.00000 0.00017
6920.00000 0.00017
6922.00000 0.00017
6924.00000 0.00016
6926.00000 0.00016
6928.00000 0.00015
6930.00000 0.00015
6932.00000 0.00014
6934.00000 0.00015
6936.00000 0.00014
6938.00000 0.00014
6940.00000 0.00014
6942.00000 0.00013
6944.00000 0.00013
6946.00000 0.00013
6948.00000 0.00012
6950.00000 0.00012
6952.00000 0.00012
6954.00000 0.00011
6956.00000 0.00011
6958.00000 0.00011
6960.00000 0.00011
6962.00000 0.0001
6964.00000 0.0001
6966.00000 0.0001
6968.00000 0.0001
6970.00000 0.0001
6972.00000 0.0001
6974.00000 0.0001
6976.00000 9e-05
6978.00000 9e-05
6980.00000 9e-05
6982.00000 8e-05
6984.00000 8e-05
6986.00000 8e-05
6988.00000 8e-05
6990.00000 8e-05
6992.00000 8e-05
6994.00000 7e-05
6996.00000 7e-05
6998.00000 7e-05
7000.00000 7e-05
7700.00000 0.0
