threeML/data/optical_filters/OSN/Circ-Johnson_B.ecsv
# %ECSV 0.9
# ---
# datatype:
# - {name: wavelength, unit: Angstrom, datatype: float32}
# - {name: response, datatype: float32}
# meta: !!omap
# - {band_name: Johnson_B}
# - {group_name: Circ}
wavelength response
[from data line 849]
5156.00000 0.0479
5158.00000 0.04717
5160.00000 0.0463
5162.00000 0.04568
5164.00000 0.04497
5166.00000 0.04428
5168.00000 0.04349
5170.00000 0.04281
5172.00000 0.04216
5174.00000 0.04145
5176.00000 0.04077
5178.00000 0.04007
5180.00000 0.03943
5182.00000 0.03873
5184.00000 0.03809
5186.00000 0.03739
5188.00000 0.03676
5190.00000 0.03613
5192.00000 0.03551
5194.00000 0.03487
5196.00000 0.03424
5198.00000 0.03364
5200.00000 0.03309
5202.00000 0.03248
5204.00000 0.0319
5206.00000 0.0313
5208.00000 0.03074
5210.00000 0.03021
5212.00000 0.02963
5214.00000 0.02912
5216.00000 0.02858
5218.00000 0.02805
5220.00000 0.02752
5222.00000 0.027
5224.00000 0.02651
5226.00000 0.02599
5228.00000 0.02551
5230.00000 0.02503
5232.00000 0.02454
5234.00000 0.02402
5236.00000 0.02359
5238.00000 0.02315
5240.00000 0.02268
5242.00000 0.02228
5244.00000 0.02183
5246.00000 0.02136
5248.00000 0.02099
5250.00000 0.02061
5252.00000 0.0202
5254.00000 0.01982
5256.00000 0.01942
5258.00000 0.01906
5260.00000 0.01868
5262.00000 0.01832
5264.00000 0.01799
5266.00000 0.01761
5268.00000 0.01732
5270.00000 0.01701
5272.00000 0.01665
5274.00000 0.01636
5276.00000 0.01603
5278.00000 0.01574
5280.00000 0.01548
5282.00000 0.01521
5284.00000 0.01494
5286.00000 0.01464
5288.00000 0.01439
5290.00000 0.01416
5292.00000 0.01389
5294.00000 0.01368
5296.00000 0.01342
5298.00000 0.01321
5300.00000 0.01298
5302.00000 0.01277
5304.00000 0.01259
5306.00000 0.01239
5308.00000 0.01221
5310.00000 0.01202
5312.00000 0.01183
5314.00000 0.01164
5316.00000 0.01148
5318.00000 0.01132
5320.00000 0.01115
5322.00000 0.01101
5324.00000 0.01087
5326.00000 0.01071
5328.00000 0.0106
5330.00000 0.01046
5332.00000 0.01031
5334.00000 0.0102
5336.00000 0.01007
5338.00000 0.00994
5340.00000 0.00985
5342.00000 0.00974
5344.00000 0.00962
5346.00000 0.00954
5348.00000 0.00945
5350.00000 0.00935
5352.00000 0.00929
5354.00000 0.00919
5356.00000 0.00911
5358.00000 0.00901
5360.00000 0.00896
5362.00000 0.00887
5364.00000 0.00879
5366.00000 0.00875
5368.00000 0.00869
5370.00000 0.00862
5372.00000 0.00857
5374.00000 0.00852
5376.00000 0.00849
5378.00000 0.00843
5380.00000 0.00839
5382.00000 0.00834
5384.00000 0.0083
5386.00000 0.00826
5388.00000 0.00824
5390.00000 0.0082
5392.00000 0.00816
5394.00000 0.00813
5396.00000 0.00812
5398.00000 0.00808
5400.00000 0.00805
5402.00000 0.00804
5404.00000 0.00802
5406.00000 0.00803
5408.00000 0.00803
5410.00000 0.00803
5412.00000 0.008
5414.00000 0.00803
5416.00000 0.00802
5418.00000 0.00803
5420.00000 0.008
5422.00000 0.00806
5424.00000 0.00804
5426.00000 0.00804
5428.00000 0.00809
5430.00000 0.00809
5432.00000 0.00812
5434.00000 0.00814
5436.00000 0.00817
5438.00000 0.0082
5440.00000 0.00823
5442.00000 0.00827
5444.00000 0.00832
5446.00000 0.00836
5448.00000 0.00837
5450.00000 0.00846
5452.00000 0.00852
5454.00000 0.00857
5456.00000 0.00862
5458.00000 0.00869
5460.00000 0.00876
5462.00000 0.00882
5464.00000 0.00889
5466.00000 0.00899
5468.00000 0.00905
5470.00000 0.00912
5472.00000 0.00921
5474.00000 0.00928
5476.00000 0.00938
5478.00000 0.00949
5480.00000 0.00957
5482.00000 0.00968
5484.00000 0.00979
5486.00000 0.00989
5488.00000 0.00998
5490.00000 0.01014
5492.00000 0.01026
5494.00000 0.01036
5496.00000 0.0105
5498.00000 0.01062
5500.00000 0.01074
5502.00000 0.01088
5504.00000 0.01102
5506.00000 0.01116
5508.00000 0.01132
5510.00000 0.01143
5512.00000 0.01156
5514.00000 0.01173
5516.00000 0.01188
5518.00000 0.01201
5520.00000 0.0122
5522.00000 0.01235
5524.00000 0.01248
5526.00000 0.01267
5528.00000 0.0128
5530.00000 0.01295
5532.00000 0.01315
5534.00000 0.01328
5536.00000 0.01345
5538.00000 0.01354
5540.00000 0.01373
5542.00000 0.01385
5544.00000 0.01403
5546.00000 0.01418
5548.00000 0.01432
5550.00000 0.01448
5552.00000 0.0146
5554.00000 0.01475
5556.00000 0.01487
5558.00000 0.015
5560.00000 0.0151
5562.00000 0.01525
5564.00000 0.01536
5566.00000 0.01546
5568.00000 0.01557
5570.00000 0.01566
5572.00000 0.01576
5574.00000 0.01587
5576.00000 0.01597
5578.00000 0.01604
5580.00000 0.01613
5582.00000 0.01619
5584.00000 0.01625
5586.00000 0.0163
5588.00000 0.01635
5590.00000 0.01641
5592.00000 0.01647
5594.00000 0.01648
5596.00000 0.01648
5598.00000 0.01654
5600.00000 0.01655
5602.00000 0.01655
5604.00000 0.01657
5606.00000 0.01655
5608.00000 0.01651
5610.00000 0.01648
5612.00000 0.01652
5614.00000 0.01647
5616.00000 0.01647
5618.00000 0.01638
5620.00000 0.01637
5622.00000 0.0163
5624.00000 0.01624
5626.00000 0.01616
5628.00000 0.01612
5630.00000 0.01606
5632.00000 0.01597
5634.00000 0.01588
5636.00000 0.01578
5638.00000 0.0157
5640.00000 0.01558
5642.00000 0.01549
5644.00000 0.01538
5646.00000 0.01525
5648.00000 0.01515
5650.00000 0.01501
5652.00000 0.0149
5654.00000 0.01475
5656.00000 0.01461
5658.00000 0.01449
5660.00000 0.01434
5662.00000 0.01418
5664.00000 0.01406
5666.00000 0.01389
5668.00000 0.01374
5670.00000 0.0136
5672.00000 0.01344
5674.00000 0.01327
5676.00000 0.01307
5678.00000 0.01289
5680.00000 0.01272
5682.00000 0.01255
5684.00000 0.01239
5686.00000 0.01218
5688.00000 0.01199
5690.00000 0.01182
5692.00000 0.01163
5694.00000 0.01142
5696.00000 0.01126
5698.00000 0.01106
5700.00000 0.01085
5702.00000 0.01067
5704.00000 0.01047
5706.00000 0.01027
5708.00000 0.01008
5710.00000 0.00986
5712.00000 0.00967
5714.00000 0.00946
5716.00000 0.00928
5718.00000 0.00906
5720.00000 0.00888
5722.00000 0.00868
5724.00000 0.00852
5726.00000 0.00829
5728.00000 0.00809
5730.00000 0.00792
5732.00000 0.00772
5734.00000 0.00752
5736.00000 0.00733
5738.00000 0.00716
5740.00000 0.00699
5742.00000 0.0068
5744.00000 0.00662
5746.00000 0.00645
5748.00000 0.00629
5750.00000 0.00611
5752.00000 0.00594
5754.00000 0.00578
5756.00000 0.00562
5758.00000 0.00544
5760.00000 0.0053
5762.00000 0.00515
5764.00000 0.00501
5766.00000 0.00483
5768.00000 0.00469
5770.00000 0.00456
5772.00000 0.00441
5774.00000 0.00427
5776.00000 0.00416
5778.00000 0.00402
5780.00000 0.00388
5782.00000 0.00376
5784.00000 0.00364
5786.00000 0.00351
5788.00000 0.00341
5790.00000 0.00329
5792.00000 0.00317
5794.00000 0.00307
5796.00000 0.00295
5798.00000 0.00286
5800.00000 0.00276
5802.00000 0.00266
5804.00000 0.00257
5806.00000 0.00247
5808.00000 0.00238
5810.00000 0.0023
5812.00000 0.00221
5814.00000 0.00213
5816.00000 0.00206
5818.00000 0.00198
5820.00000 0.0019
5822.00000 0.00183
5824.00000 0.00177
5826.00000 0.0017
5828.00000 0.00164
5830.00000 0.00158
5832.00000 0.00153
5834.00000 0.00147
5836.00000 0.00141
5838.00000 0.00136
5840.00000 0.00131
5842.00000 0.00125
5844.00000 0.00121
5846.00000 0.00117
5848.00000 0.00113
5850.00000 0.00109
5852.00000 0.00104
5854.00000 0.00101
5856.00000 0.00098
5858.00000 0.00095
5860.00000 0.00091
5862.00000 0.00088
5864.00000 0.00085
5866.00000 0.00083
5868.00000 0.0008
5870.00000 0.00078
5872.00000 0.00075
5874.00000 0.00073
5876.00000 0.00071
5878.00000 0.00069
5880.00000 0.00067
5882.00000 0.00065
5884.00000 0.00063
5886.00000 0.00062
5888.00000 0.0006
5890.00000 0.00059
5892.00000 0.00057
5894.00000 0.00056
5896.00000 0.00055
5898.00000 0.00053
5900.00000 0.00052
5902.00000 0.00051
5904.00000 0.0005
5906.00000 0.00049
5908.00000 0.00048
5910.00000 0.00048
5912.00000 0.00047
5914.00000 0.00046
5916.00000 0.00045
5918.00000 0.00044
5920.00000 0.00044
5922.00000 0.00044
5924.00000 0.00043
5926.00000 0.00043
5928.00000 0.00042
5930.00000 0.00042
5932.00000 0.00041
5934.00000 0.00041
5936.00000 0.00041
5938.00000 0.0004
5940.00000 0.0004
5942.00000 0.0004
5944.00000 0.0004
5946.00000 0.0004
5948.00000 0.0004
5950.00000 0.0004
5952.00000 0.00039
5954.00000 0.00039
5956.00000 0.00039
5958.00000 0.00039
5960.00000 0.00039
5962.00000 0.00039
5964.00000 0.00039
5966.00000 0.00039
5968.00000 0.00039
5970.00000 0.00039
5972.00000 0.00039
5974.00000 0.00039
5976.00000 0.00039
5978.00000 0.00039
5980.00000 0.00039
5982.00000 0.00039
5984.00000 0.00039
5986.00000 0.0004
5988.00000 0.0004
5990.00000 0.0004
5992.00000 0.0004
5994.00000 0.0004
5996.00000 0.0004
5998.00000 0.0004
6000.00000 0.0004
6600.00000 0.0
