threeML/data/optical_filters/OSN/Circ-Cousins_I.ecsv
# %ECSV 0.9
# ---
# datatype:
# - {name: wavelength, unit: Angstrom, datatype: float32}
# - {name: response, datatype: float32}
# meta: !!omap
# - {band_name: Cousins_I}
# - {group_name: Circ}
wavelength response
[from data line 2493]
11908.00000 0.00878
11910.00000 0.00866
11912.00000 0.00868
11914.00000 0.00856
11916.00000 0.00853
11918.00000 0.00842
11920.00000 0.00838
11922.00000 0.00833
11924.00000 0.00824
11926.00000 0.00818
11928.00000 0.00814
11930.00000 0.00806
11932.00000 0.00798
11934.00000 0.00797
11936.00000 0.00787
11938.00000 0.0078
11940.00000 0.0077
11942.00000 0.00769
11944.00000 0.00765
11946.00000 0.00758
11948.00000 0.00749
11950.00000 0.00746
11952.00000 0.00737
11954.00000 0.00732
11956.00000 0.00725
11958.00000 0.00722
11960.00000 0.00716
11962.00000 0.0071
11964.00000 0.00707
11966.00000 0.00701
11968.00000 0.00691
11970.00000 0.00689
11972.00000 0.00682
11974.00000 0.0068
11976.00000 0.00675
11978.00000 0.00671
11980.00000 0.00658
11982.00000 0.00656
11984.00000 0.00649
11986.00000 0.00651
11988.00000 0.00641
11990.00000 0.00641
11992.00000 0.00635
11994.00000 0.0063
11996.00000 0.00625
11998.00000 0.00627
12000.00000 0.00612
12002.00000 0.0061
12004.00000 0.00603
12006.00000 0.00599
12008.00000 0.00594
12010.00000 0.0059
12012.00000 0.00588
12014.00000 0.00579
12016.00000 0.00573
12018.00000 0.00571
12020.00000 0.00567
12022.00000 0.00562
12024.00000 0.00555
12026.00000 0.00555
12028.00000 0.00548
12030.00000 0.00545
12032.00000 0.00537
12034.00000 0.00537
12036.00000 0.00533
12038.00000 0.00532
12040.00000 0.00527
12042.00000 0.00523
12044.00000 0.00515
12046.00000 0.00513
12048.00000 0.00512
12050.00000 0.00504
12052.00000 0.005
12054.00000 0.00495
12056.00000 0.00495
12058.00000 0.00494
12060.00000 0.00484
12062.00000 0.00479
12064.00000 0.00479
12066.00000 0.00471
12068.00000 0.00474
12070.00000 0.00469
12072.00000 0.00466
12074.00000 0.00462
12076.00000 0.00457
12078.00000 0.00453
12080.00000 0.00451
12082.00000 0.00446
12084.00000 0.00441
12086.00000 0.00441
12088.00000 0.0044
12090.00000 0.00434
12092.00000 0.00429
12094.00000 0.00428
12096.00000 0.00426
12098.00000 0.00423
12100.00000 0.0042
12102.00000 0.00413
12104.00000 0.00411
12106.00000 0.00404
12108.00000 0.00406
12110.00000 0.004
12112.00000 0.00398
12114.00000 0.00394
12116.00000 0.00391
12118.00000 0.00392
12120.00000 0.00383
12122.00000 0.00382
12124.00000 0.00383
12126.00000 0.00376
12128.00000 0.00376
12130.00000 0.00376
12132.00000 0.00369
12134.00000 0.00367
12136.00000 0.00363
12138.00000 0.00359
12140.00000 0.00359
12142.00000 0.00357
12144.00000 0.00352
12146.00000 0.00348
12148.00000 0.00347
12150.00000 0.00344
12152.00000 0.00339
12154.00000 0.00337
12156.00000 0.00337
12158.00000 0.00337
12160.00000 0.00335
12162.00000 0.00333
12164.00000 0.00328
12166.00000 0.00323
12168.00000 0.00322
12170.00000 0.00322
12172.00000 0.00318
12174.00000 0.00314
12176.00000 0.00319
12178.00000 0.00311
12180.00000 0.0031
12182.00000 0.00305
12184.00000 0.00306
12186.00000 0.00303
12188.00000 0.00301
12190.00000 0.00298
12192.00000 0.00292
12194.00000 0.00295
12196.00000 0.00294
12198.00000 0.00287
12200.00000 0.00289
12202.00000 0.00285
12204.00000 0.00281
12206.00000 0.00279
12208.00000 0.00279
12210.00000 0.00279
12212.00000 0.00275
12214.00000 0.0027
12216.00000 0.00273
12218.00000 0.00268
12220.00000 0.00261
12222.00000 0.00263
12224.00000 0.00266
12226.00000 0.0026
12228.00000 0.00259
12230.00000 0.00255
12232.00000 0.00253
12234.00000 0.0025
12236.00000 0.00249
12238.00000 0.00252
12240.00000 0.00251
12242.00000 0.00244
12244.00000 0.00248
12246.00000 0.00241
12248.00000 0.00242
12250.00000 0.00242
12252.00000 0.00244
12254.00000 0.00235
12256.00000 0.00235
12258.00000 0.00234
12260.00000 0.0023
12262.00000 0.00234
12264.00000 0.00225
12266.00000 0.00223
12268.00000 0.00225
12270.00000 0.00221
12272.00000 0.00222
12274.00000 0.00217
12276.00000 0.00217
12278.00000 0.00218
12280.00000 0.00211
12282.00000 0.00219
12284.00000 0.00216
12286.00000 0.00209
12288.00000 0.00208
12290.00000 0.00209
12292.00000 0.0021
12294.00000 0.00203
12296.00000 0.00204
12298.00000 0.00203
12300.00000 0.00199
12302.00000 0.00196
12304.00000 0.00198
12306.00000 0.00195
12308.00000 0.00193
12310.00000 0.00194
12312.00000 0.00192
12314.00000 0.00189
12316.00000 0.00189
12318.00000 0.00185
12320.00000 0.00189
12322.00000 0.00186
12324.00000 0.00186
12326.00000 0.00183
12328.00000 0.00184
12330.00000 0.0018
12332.00000 0.0018
12334.00000 0.00173
12336.00000 0.00179
12338.00000 0.00175
12340.00000 0.00171
12342.00000 0.00173
12344.00000 0.00174
12346.00000 0.0017
12348.00000 0.00171
12350.00000 0.0017
12352.00000 0.00171
12354.00000 0.00166
12356.00000 0.00165
12358.00000 0.00165
12360.00000 0.00164
12362.00000 0.00161
12364.00000 0.00165
12366.00000 0.00157
12368.00000 0.00158
12370.00000 0.00156
12372.00000 0.0016
12374.00000 0.00158
12376.00000 0.00154
12378.00000 0.00154
12380.00000 0.00155
12382.00000 0.0015
12384.00000 0.0015
12386.00000 0.00148
12388.00000 0.00152
12390.00000 0.00153
12392.00000 0.00149
12394.00000 0.00147
12396.00000 0.00145
12398.00000 0.00146
12400.00000 0.00141
12402.00000 0.00148
12404.00000 0.00146
12406.00000 0.00144
12408.00000 0.00137
12410.00000 0.00139
12412.00000 0.00135
12414.00000 0.00138
12416.00000 0.00134
12418.00000 0.00135
12420.00000 0.00135
12422.00000 0.00134
12424.00000 0.00132
12426.00000 0.0013
12428.00000 0.0013
12430.00000 0.00133
12432.00000 0.0013
12434.00000 0.00128
12436.00000 0.0013
12438.00000 0.00127
12440.00000 0.00121
12442.00000 0.00125
12444.00000 0.00126
12446.00000 0.00125
12448.00000 0.00125
12450.00000 0.0012
12452.00000 0.00119
12454.00000 0.00123
12456.00000 0.00123
12458.00000 0.00118
12460.00000 0.00121
12462.00000 0.00117
12464.00000 0.00118
12466.00000 0.00113
12468.00000 0.00115
12470.00000 0.00118
12472.00000 0.00115
12474.00000 0.00115
12476.00000 0.00119
12478.00000 0.00111
12480.00000 0.00109
12482.00000 0.00114
12484.00000 0.00112
12486.00000 0.0011
12488.00000 0.00108
12490.00000 0.0011
12492.00000 0.00105
12494.00000 0.00107
12496.00000 0.00108
12498.00000 0.00107
12500.00000 0.00105
12502.00000 0.00106
12504.00000 0.00105
12506.00000 0.00105
12508.00000 0.00102
12510.00000 0.00105
12512.00000 0.00101
12514.00000 0.00103
12516.00000 0.00099
12518.00000 0.001
12520.00000 0.00102
12522.00000 0.00102
12524.00000 0.00096
12526.00000 0.00104
12528.00000 0.00097
12530.00000 0.00099
12532.00000 0.00093
12534.00000 0.00094
12536.00000 0.00095
12538.00000 0.00099
12540.00000 0.00094
12542.00000 0.00094
12544.00000 0.00094
12546.00000 0.00094
12548.00000 0.00091
12550.00000 0.00088
12552.00000 0.00091
12554.00000 0.00094
12556.00000 0.00089
12558.00000 0.0009
12560.00000 0.00087
12562.00000 0.00091
12564.00000 0.0009
12566.00000 0.00086
12568.00000 0.00088
12570.00000 0.00091
12572.00000 0.00087
12574.00000 0.00089
12576.00000 0.00086
12578.00000 0.00085
12580.00000 0.00086
12582.00000 0.00084
12584.00000 0.0008
12586.00000 0.00083
12588.00000 0.00083
12590.00000 0.00082
12592.00000 0.00085
12594.00000 0.0008
12596.00000 0.00083
12598.00000 0.0008
12600.00000 0.00085
12602.00000 0.00078
12604.00000 0.00084
12606.00000 0.0008
12608.00000 0.00079
12610.00000 0.0008
12612.00000 0.00081
12614.00000 0.00078
12616.00000 0.00077
12618.00000 0.00075
12620.00000 0.00075
12622.00000 0.0008
12624.00000 0.00078
12626.00000 0.00076
12628.00000 0.00074
12630.00000 0.00075
12632.00000 0.00072
12634.00000 0.00077
12636.00000 0.00072
12638.00000 0.00076
12640.00000 0.00074
12642.00000 0.00068
12644.00000 0.00073
12646.00000 0.0007
12648.00000 0.0007
12650.00000 0.00071
12652.00000 0.00073
12654.00000 0.00069
12656.00000 0.00068
12658.00000 0.00073
12660.00000 0.00072
12662.00000 0.00067
12664.00000 0.00071
12666.00000 0.00071
12668.00000 0.00072
12670.00000 0.00071
12672.00000 0.00071
12674.00000 0.00068
12676.00000 0.00068
12678.00000 0.0007
12680.00000 0.00068
12682.00000 0.0007
12684.00000 0.00071
12686.00000 0.00067
12688.00000 0.00066
12690.00000 0.00061
12692.00000 0.00064
12694.00000 0.00063
12696.00000 0.00066
12698.00000 0.00064
12700.00000 0.00068
12702.00000 0.00059
12704.00000 0.00069
12706.00000 0.00061
12708.00000 0.00062
12710.00000 0.00066
12712.00000 0.00065
12714.00000 0.00062
12716.00000 0.00063
12718.00000 0.00064
12720.00000 0.0006
12722.00000 0.00063
12724.00000 0.00063
12726.00000 0.00062
12728.00000 0.00059
12730.00000 0.00061
12732.00000 0.00062
12734.00000 0.00065
12736.00000 0.0006
12738.00000 0.00062
12740.00000 0.00063
12742.00000 0.00057
12744.00000 0.00056
12746.00000 0.00057
12748.00000 0.00062
12750.00000 0.00062
12752.00000 0.0006
12754.00000 0.00059
12756.00000 0.0006
12758.00000 0.00061
12760.00000 0.00061
12762.00000 0.00057
12764.00000 0.00057
12766.00000 0.00058
12768.00000 0.00058
12770.00000 0.00056
12772.00000 0.00061
12774.00000 0.00057
12776.00000 0.00058
12778.00000 0.00056
12780.00000 0.00057
12782.00000 0.00055
12784.00000 0.00056
12786.00000 0.00055
12788.00000 0.00054
12790.00000 0.0006
12792.00000 0.00052
12794.00000 0.00054
12796.00000 0.00053
12798.00000 0.00056
12800.00000 0.00062
12802.00000 0.00056
12804.00000 0.00052
12806.00000 0.00053
12808.00000 0.00057
12810.00000 0.00054
12812.00000 0.00055
12814.00000 0.0005
12816.00000 0.00052
12818.00000 0.0005
12820.00000 0.00052
12822.00000 0.00051
12824.00000 0.00055
12826.00000 0.00053
12828.00000 0.00054
12830.00000 0.00053
12832.00000 0.00051
12834.00000 0.00051
12836.00000 0.00047
12838.00000 0.0005
12840.00000 0.00051
12842.00000 0.0005
12844.00000 0.00048
12846.00000 0.00051
12848.00000 0.00049
12850.00000 0.00048
12852.00000 0.0005
12854.00000 0.0005
12856.00000 0.00056
12858.00000 0.00049
12860.00000 0.00052
12862.00000 0.00051
12864.00000 0.00046
12866.00000 0.00046
12868.00000 0.00049
12870.00000 0.0005
12872.00000 0.00051
12874.00000 0.0005
12876.00000 0.00047
12878.00000 0.00049
12880.00000 0.00051
12882.00000 0.00046
12884.00000 0.00045
12886.00000 0.00049
12888.00000 0.00051
12890.00000 0.00046
12892.00000 0.00049
12894.00000 0.00048
12896.00000 0.00044
12898.00000 0.00048
12900.00000 0.00052
12902.00000 0.00046
12904.00000 0.00049
12906.00000 0.00046
12908.00000 0.00045
12910.00000 0.00046
12912.00000 0.00048
12914.00000 0.00043
12916.00000 0.00049
12918.00000 0.00045
12920.00000 0.00046
12922.00000 0.00047
12924.00000 0.00045
12926.00000 0.00045
12928.00000 0.00046
12930.00000 0.00046
12932.00000 0.00043
12934.00000 0.00051
12936.00000 0.00046
12938.00000 0.00048
12940.00000 0.00045
12942.00000 0.00044
12944.00000 0.00049
12946.00000 0.00047
12948.00000 0.00048
12950.00000 0.00047
12952.00000 0.00047
12954.00000 0.00043
12956.00000 0.0005
12958.00000 0.00049
12960.00000 0.00047
12962.00000 0.00048
12964.00000 0.00042
12966.00000 0.00049
12968.00000 0.00045
12970.00000 0.00046
12972.00000 0.00043
12974.00000 0.00043
12976.00000 0.00046
12978.00000 0.00045
12980.00000 0.00044
12982.00000 0.00042
12984.00000 0.00044
12986.00000 0.00044
12988.00000 0.00043
12990.00000 0.00044
12992.00000 0.00043
12994.00000 0.00042
12996.00000 0.00043
12998.00000 0.00039
13000.00000 0.00042
13002.00000 0.00047
13004.00000 0.00041
13006.00000 0.00041
13008.00000 0.00043
13010.00000 0.00047
13012.00000 0.00039
13014.00000 0.00039
13016.00000 0.0004
13018.00000 0.00044
13020.00000 0.00044
13022.00000 0.00042
13024.00000 0.00044
13026.00000 0.00045
13028.00000 0.00042
13030.00000 0.00039
13032.00000 0.00046
13034.00000 0.00044
13036.00000 0.00045
13038.00000 0.00044
13040.00000 0.00044
13042.00000 0.00042
13044.00000 0.00047
13046.00000 0.00044
13048.00000 0.00049
13050.00000 0.00044
13052.00000 0.00043
13054.00000 0.00046
13056.00000 0.00044
13058.00000 0.00041
13060.00000 0.0004
13062.00000 0.00044
13064.00000 0.00043
13066.00000 0.00044
13068.00000 0.00045
13070.00000 0.00044
13072.00000 0.00046
13074.00000 0.00044
13076.00000 0.00041
13078.00000 0.00048
13080.00000 0.00043
13082.00000 0.00043
13084.00000 0.00047
13086.00000 0.0004
13088.00000 0.00044
13090.00000 0.00039
13092.00000 0.00046
13094.00000 0.00041
13096.00000 0.00044
13098.00000 0.00045
13100.00000 0.00043
13102.00000 0.00043
13104.00000 0.00037
13106.00000 0.00041
13108.00000 0.00043
13110.00000 0.00044
13112.00000 0.0004
13114.00000 0.00044
13116.00000 0.00046
13118.00000 0.00043
13120.00000 0.00046
13122.00000 0.00041
13124.00000 0.00049
13126.00000 0.00044
13128.00000 0.00045
13130.00000 0.00041
13132.00000 0.00043
13134.00000 0.00042
13136.00000 0.00041
13138.00000 0.00041
13140.00000 0.00044
13142.00000 0.00043
13144.00000 0.00041
13146.00000 0.00044
13148.00000 0.00042
13150.00000 0.00041
13152.00000 0.00046
13154.00000 0.00042
13156.00000 0.00041
13158.00000 0.00047
13160.00000 0.00046
13162.00000 0.00046
13164.00000 0.0004
13166.00000 0.00042
13168.00000 0.00043
13170.00000 0.00041
13172.00000 0.00046
13174.00000 0.00038
13176.00000 0.00044
13178.00000 0.00042
13180.00000 0.0004
13182.00000 0.00046
13184.00000 0.00041
13186.00000 0.00044
13188.00000 0.00045
13190.00000 0.00046
13192.00000 0.00043
13194.00000 0.00042
13196.00000 0.00041
13198.00000 0.00042
13200.00000 0.00044
13202.00000 0.00048
13204.00000 0.00043
13206.00000 0.00045
13208.00000 0.00045
13210.00000 0.00043
13212.00000 0.00044
13214.00000 0.00044
13216.00000 0.00042
13218.00000 0.00046
13220.00000 0.00042
13222.00000 0.00044
13224.00000 0.00047
13226.00000 0.00041
13228.00000 0.00045
13230.00000 0.00047
13232.00000 0.00043
13234.00000 0.00044
13236.00000 0.00045
13238.00000 0.00041
13240.00000 0.00045
13242.00000 0.00044
13244.00000 0.00046
13246.00000 0.00042
13248.00000 0.00044
13250.00000 0.00044
13252.00000 0.00043
13254.00000 0.00043
13256.00000 0.00045
13258.00000 0.00046
13260.00000 0.00044
13262.00000 0.00043
13264.00000 0.00045
13266.00000 0.00045
13268.00000 0.00046
13270.00000 0.00046
13272.00000 0.00044
13274.00000 0.00044
13276.00000 0.00046
13278.00000 0.00046
13280.00000 0.0004
13282.00000 0.00044
13284.00000 0.00046
13286.00000 0.00048
13288.00000 0.00047
13290.00000 0.00045
13292.00000 0.00043
13294.00000 0.00045
13296.00000 0.00046
13298.00000 0.00046
13300.00000 0.00047
13302.00000 0.00048
13304.00000 0.00049
13306.00000 0.00046
13308.00000 0.00043
13310.00000 0.00046
13312.00000 0.00049
13314.00000 0.00051
13316.00000 0.00048
13318.00000 0.00047
13320.00000 0.00044
13322.00000 0.00048
13324.00000 0.00048
13326.00000 0.00049
13328.00000 0.00048
13330.00000 0.00046
13332.00000 0.00049
13334.00000 0.00046
13336.00000 0.00042
13338.00000 0.0005
13340.00000 0.00046
13342.00000 0.00046
13344.00000 0.00045
13346.00000 0.00049
13348.00000 0.00051
13350.00000 0.00048
13352.00000 0.00048
13354.00000 0.0005
13356.00000 0.00048
13358.00000 0.00046
13360.00000 0.00048
13362.00000 0.00049
13364.00000 0.00049
13366.00000 0.00051
13368.00000 0.00046
13370.00000 0.00047
13372.00000 0.00045
13374.00000 0.00047
13376.00000 0.00048
13378.00000 0.00047
13380.00000 0.00045
13382.00000 0.00049
13384.00000 0.00046
13386.00000 0.00053
13388.00000 0.00049
13390.00000 0.00047
13392.00000 0.00051
13394.00000 0.0005
13396.00000 0.00048
13398.00000 0.00042
13400.00000 0.00046
13402.00000 0.00053
13404.00000 0.00046
13406.00000 0.00049
13408.00000 0.00051
13410.00000 0.00049
13412.00000 0.0005
13414.00000 0.00052
13416.00000 0.00054
13418.00000 0.0005
13420.00000 0.00052
13422.00000 0.00049
13424.00000 0.00048
13426.00000 0.00049
13428.00000 0.00051
13430.00000 0.00048
13432.00000 0.00051
13434.00000 0.00049
13436.00000 0.00049
13438.00000 0.00053
13440.00000 0.0005
13442.00000 0.00052
13444.00000 0.00047
13446.00000 0.0005
13448.00000 0.00053
13450.00000 0.00051
13452.00000 0.00052
13454.00000 0.00049
13456.00000 0.00048
13458.00000 0.0005
13460.00000 0.0005
13462.00000 0.00051
13464.00000 0.00056
13466.00000 0.00053
13468.00000 0.00052
13470.00000 0.00052
13472.00000 0.00053
13474.00000 0.00055
13476.00000 0.00052
13478.00000 0.00048
13480.00000 0.00051
13482.00000 0.00055
13484.00000 0.00051
13486.00000 0.00053
13488.00000 0.00048
13490.00000 0.00055
13492.00000 0.00052
13494.00000 0.00052
13496.00000 0.00057
13498.00000 0.00057
13500.00000 0.00051
13502.00000 0.00055
13504.00000 0.00054
13506.00000 0.00054
13508.00000 0.00054
13510.00000 0.00053
13512.00000 0.00054
