threeML/data/optical_filters/OSN/Circ-Cousins_R.ecsv
# %ECSV 0.9
# ---
# datatype:
# - {name: wavelength, unit: Angstrom, datatype: float32}
# - {name: response, datatype: float32}
# meta: !!omap
# - {band_name: Cousins_R}
# - {group_name: Circ}
wavelength response
4896.00000 0.0
5440.00000 4e-05
5442.00000 4e-05
5444.00000 5e-05
5446.00000 5e-05
5448.00000 7e-05
5450.00000 7e-05
5452.00000 9e-05
5454.00000 0.0001
5456.00000 0.00012
5458.00000 0.00014
5460.00000 0.00016
5462.00000 0.00019
5464.00000 0.00022
5466.00000 0.00026
5468.00000 0.0003
5470.00000 0.00035
5472.00000 0.00041
5474.00000 0.00048
5476.00000 0.00055
5478.00000 0.00064
5480.00000 0.00075
5482.00000 0.00087
5484.00000 0.00101
5486.00000 0.00116
5488.00000 0.00135
5490.00000 0.00155
5492.00000 0.0018
5494.00000 0.00209
5496.00000 0.00239
5498.00000 0.00276
5500.00000 0.00316
5502.00000 0.00363
5504.00000 0.00414
5506.00000 0.00477
5508.00000 0.00541
5510.00000 0.00615
5512.00000 0.00699
5514.00000 0.00792
5516.00000 0.00892
5518.00000 0.01014
5520.00000 0.0114
5522.00000 0.01283
5524.00000 0.01439
5526.00000 0.01607
5528.00000 0.01802
5530.00000 0.02006
5532.00000 0.02238
5534.00000 0.02482
5536.00000 0.02744
5538.00000 0.03023
5540.00000 0.03329
5542.00000 0.03658
5544.00000 0.04015
5546.00000 0.04401
5548.00000 0.04803
5550.00000 0.05233
5552.00000 0.05688
5554.00000 0.06183
5556.00000 0.06691
5558.00000 0.07244
5560.00000 0.07813
5562.00000 0.08399
5564.00000 0.09
5566.00000 0.09634
5568.00000 0.10293
5570.00000 0.11023
5572.00000 0.11773
5574.00000 0.12543
5576.00000 0.13332
5578.00000 0.14148
5580.00000 0.14985
5582.00000 0.15826
5584.00000 0.16737
5586.00000 0.17625
5588.00000 0.18561
5590.00000 0.19473
5592.00000 0.20445
5594.00000 0.21383
5596.00000 0.22395
5598.00000 0.23389
5600.00000 0.24425
5602.00000 0.25434
5604.00000 0.26444
5606.00000 0.27456
5608.00000 0.28497
5610.00000 0.29575
5612.00000 0.306
5614.00000 0.31645
5616.00000 0.32669
5618.00000 0.33707
5620.00000 0.34681
5622.00000 0.35779
5624.00000 0.3677
5626.00000 0.37827
5628.00000 0.38842
5630.00000 0.39837
5632.00000 0.40816
5634.00000 0.41765
5636.00000 0.42744
5638.00000 0.43673
5640.00000 0.44642
5642.00000 0.45548
5644.00000 0.46467
5646.00000 0.47311
5648.00000 0.48196
5650.00000 0.49063
5652.00000 0.49932
5654.00000 0.5075
5656.00000 0.51557
5658.00000 0.52386
5660.00000 0.53125
5662.00000 0.53933
5664.00000 0.54686
5666.00000 0.55468
5668.00000 0.5616
5670.00000 0.56873
5672.00000 0.57539
5674.00000 0.58245
5676.00000 0.58915
5678.00000 0.59577
5680.00000 0.60188
5682.00000 0.60829
5684.00000 0.61442
5686.00000 0.62008
5688.00000 0.62617
5690.00000 0.63176
5692.00000 0.63663
5694.00000 0.64223
5696.00000 0.64728
5698.00000 0.65245
5700.00000 0.65687
5702.00000 0.66185
5704.00000 0.66612
5706.00000 0.67084
5708.00000 0.67485
5710.00000 0.6794
5712.00000 0.68373
5714.00000 0.68762
5716.00000 0.69154
5718.00000 0.69525
5720.00000 0.69922
5722.00000 0.70264
5724.00000 0.70593
5726.00000 0.70948
5728.00000 0.71293
5730.00000 0.71651
5732.00000 0.71917
5734.00000 0.72201
5736.00000 0.72487
5738.00000 0.72781
5740.00000 0.73023
5742.00000 0.73296
5744.00000 0.73485
5746.00000 0.73755
5748.00000 0.74
5750.00000 0.74232
5752.00000 0.74435
5754.00000 0.74638
5756.00000 0.74841
5758.00000 0.75047
5760.00000 0.75254
5762.00000 0.75434
5764.00000 0.75594
5766.00000 0.75805
5768.00000 0.7594
5770.00000 0.76156
5772.00000 0.76267
5774.00000 0.76457
5776.00000 0.76629
5778.00000 0.76758
5780.00000 0.76943
5782.00000 0.7704
5784.00000 0.77172
5786.00000 0.77274
5788.00000 0.77438
5790.00000 0.77516
5792.00000 0.77641
5794.00000 0.77751
5796.00000 0.77822
5798.00000 0.77915
5800.00000 0.78019
5802.00000 0.78103
5804.00000 0.78206
5806.00000 0.78298
5808.00000 0.78382
5810.00000 0.78453
5812.00000 0.78534
5814.00000 0.78605
5816.00000 0.78703
5818.00000 0.7877
5820.00000 0.78852
5822.00000 0.78928
5824.00000 0.78971
5826.00000 0.79076
5828.00000 0.79119
5830.00000 0.79207
5832.00000 0.79233
5834.00000 0.79281
5836.00000 0.79328
5838.00000 0.79384
5840.00000 0.79412
5842.00000 0.7946
5844.00000 0.79488
5846.00000 0.79491
5848.00000 0.79531
5850.00000 0.79557
5852.00000 0.79619
5854.00000 0.7962
5856.00000 0.79639
5858.00000 0.79675
5860.00000 0.79676
5862.00000 0.79686
5864.00000 0.79732
5866.00000 0.79777
5868.00000 0.79806
5870.00000 0.79848
5872.00000 0.79853
5874.00000 0.79885
5876.00000 0.79884
5878.00000 0.79917
5880.00000 0.79916
5882.00000 0.79941
5884.00000 0.79937
5886.00000 0.79952
5888.00000 0.79937
5890.00000 0.79957
5892.00000 0.79969
5894.00000 0.79966
5896.00000 0.79956
5898.00000 0.79959
5900.00000 0.79961
5902.00000 0.79949
5904.00000 0.79938
5906.00000 0.7995
5908.00000 0.79919
5910.00000 0.79931
5912.00000 0.79906
5914.00000 0.79935
5916.00000 0.79949
5918.00000 0.79918
5920.00000 0.79902
5922.00000 0.7994
5924.00000 0.79913
5926.00000 0.79947
5928.00000 0.79925
5930.00000 0.79916
5932.00000 0.79893
5934.00000 0.79888
5936.00000 0.79886
5938.00000 0.79858
5940.00000 0.79869
5942.00000 0.79858
5944.00000 0.79818
5946.00000 0.79774
5948.00000 0.79778
5950.00000 0.79737
5952.00000 0.79705
5954.00000 0.79704
5956.00000 0.79666
5958.00000 0.79669
5960.00000 0.79649
5962.00000 0.79641
5964.00000 0.79612
5966.00000 0.79589
5968.00000 0.79569
5970.00000 0.79568
5972.00000 0.79562
5974.00000 0.79536
5976.00000 0.79516
5978.00000 0.79517
5980.00000 0.79496
5982.00000 0.79487
5984.00000 0.79439
5986.00000 0.79436
5988.00000 0.79399
5990.00000 0.79385
5992.00000 0.79347
5994.00000 0.79335
5996.00000 0.79292
5998.00000 0.79261
6000.00000 0.79222
6002.00000 0.79185
6004.00000 0.79158
6006.00000 0.79113
6008.00000 0.79075
6010.00000 0.79091
6012.00000 0.79056
6014.00000 0.7901
6016.00000 0.78946
6018.00000 0.78946
6020.00000 0.78913
6022.00000 0.78898
6024.00000 0.78867
6026.00000 0.78851
6028.00000 0.78823
6030.00000 0.78807
6032.00000 0.7881
6034.00000 0.7871
6036.00000 0.78705
6038.00000 0.78703
6040.00000 0.78648
6042.00000 0.78613
6044.00000 0.78591
6046.00000 0.78536
6048.00000 0.78528
6050.00000 0.78457
6052.00000 0.78436
6054.00000 0.7841
6056.00000 0.78345
6058.00000 0.78292
6060.00000 0.78269
6062.00000 0.7824
6064.00000 0.78193
6066.00000 0.78174
6068.00000 0.78135
6070.00000 0.78098
6072.00000 0.78088
6074.00000 0.78029
6076.00000 0.78013
6078.00000 0.7796
6080.00000 0.77965
6082.00000 0.77923
6084.00000 0.77869
6086.00000 0.77832
6088.00000 0.77801
6090.00000 0.77764
6092.00000 0.77737
6094.00000 0.77691
6096.00000 0.77656
6098.00000 0.77611
6100.00000 0.77549
6102.00000 0.77496
6104.00000 0.77476
6106.00000 0.77419
6108.00000 0.77375
6110.00000 0.77345
6112.00000 0.77296
6114.00000 0.77248
6116.00000 0.77197
6118.00000 0.77152
6120.00000 0.77127
6122.00000 0.77084
6124.00000 0.77017
6126.00000 0.76961
6128.00000 0.76937
6130.00000 0.76931
6132.00000 0.76873
6134.00000 0.76839
6136.00000 0.76786
6138.00000 0.76748
6140.00000 0.76709
6142.00000 0.76637
6144.00000 0.76661
6146.00000 0.76598
6148.00000 0.76558
6150.00000 0.76513
6152.00000 0.76468
6154.00000 0.76424
6156.00000 0.76373
6158.00000 0.76296
6160.00000 0.76262
6162.00000 0.76225
6164.00000 0.76149
6166.00000 0.76098
6168.00000 0.76032
6170.00000 0.75995
6172.00000 0.75922
6174.00000 0.75885
6176.00000 0.75798
6178.00000 0.75768
6180.00000 0.75703
6182.00000 0.75666
6184.00000 0.75645
6186.00000 0.75595
6188.00000 0.75562
6190.00000 0.75511
6192.00000 0.7549
6194.00000 0.75436
6196.00000 0.75384
6198.00000 0.75313
6200.00000 0.753
6202.00000 0.75211
6204.00000 0.75203
6206.00000 0.75128
6208.00000 0.75098
6210.00000 0.75029
6212.00000 0.74956
6214.00000 0.74941
6216.00000 0.74888
6218.00000 0.74805
6220.00000 0.74757
6222.00000 0.74702
6224.00000 0.74646
6226.00000 0.74565
6228.00000 0.74527
6230.00000 0.74447
6232.00000 0.74425
6234.00000 0.74312
6236.00000 0.74277
6238.00000 0.74231
6240.00000 0.7418
6242.00000 0.7414
6244.00000 0.74091
6246.00000 0.74032
6248.00000 0.74026
6250.00000 0.73939
6252.00000 0.73913
6254.00000 0.73878
6256.00000 0.73786
6258.00000 0.73743
6260.00000 0.7369
6262.00000 0.73649
6264.00000 0.73596
6266.00000 0.73516
6268.00000 0.73427
6270.00000 0.73403
6272.00000 0.73343
6274.00000 0.73302
6276.00000 0.73181
6278.00000 0.73131
6280.00000 0.73074
6282.00000 0.73017
6284.00000 0.72979
6286.00000 0.72873
6288.00000 0.72849
6290.00000 0.72785
6292.00000 0.72716
6294.00000 0.72651
6296.00000 0.72598
6298.00000 0.72542
6300.00000 0.72513
6302.00000 0.72433
6304.00000 0.7237
6306.00000 0.7233
6308.00000 0.72293
6310.00000 0.72254
6312.00000 0.72172
6314.00000 0.72159
6316.00000 0.72048
6318.00000 0.72007
6320.00000 0.71954
6322.00000 0.71883
6324.00000 0.71822
6326.00000 0.71769
6328.00000 0.71707
6330.00000 0.71643
6332.00000 0.71597
6334.00000 0.71513
6336.00000 0.71445
6338.00000 0.71385
6340.00000 0.71297
6342.00000 0.71245
6344.00000 0.71188
6346.00000 0.71122
6348.00000 0.71044
6350.00000 0.70992
6352.00000 0.70914
6354.00000 0.70841
6356.00000 0.70822
6358.00000 0.70737
6360.00000 0.7068
6362.00000 0.70641
6364.00000 0.70596
6366.00000 0.70533
6368.00000 0.7048
6370.00000 0.70394
6372.00000 0.70345
6374.00000 0.70308
6376.00000 0.70222
6378.00000 0.70174
6380.00000 0.70151
6382.00000 0.70033
6384.00000 0.69965
6386.00000 0.69904
6388.00000 0.69872
6390.00000 0.69764
6392.00000 0.69714
6394.00000 0.69647
6396.00000 0.69584
6398.00000 0.6951
6400.00000 0.69427
6402.00000 0.69377
6404.00000 0.69313
6406.00000 0.69223
6408.00000 0.69142
6410.00000 0.69109
6412.00000 0.69039
6414.00000 0.68991
6416.00000 0.6892
6418.00000 0.68854
6420.00000 0.68787
6422.00000 0.68739
6424.00000 0.68673
6426.00000 0.68619
6428.00000 0.68544
6430.00000 0.68512
6432.00000 0.68432
6434.00000 0.68379
6436.00000 0.68315
6438.00000 0.68248
6440.00000 0.68173
6442.00000 0.68122
6444.00000 0.68054
6446.00000 0.67982
6448.00000 0.67913
6450.00000 0.67848
6452.00000 0.67778
6454.00000 0.67738
6456.00000 0.67614
6458.00000 0.67581
6460.00000 0.67484
6462.00000 0.67435
6464.00000 0.67344
6466.00000 0.67278
6468.00000 0.67216
6470.00000 0.67124
6472.00000 0.67057
6474.00000 0.67017
6476.00000 0.66934
6478.00000 0.66873
6480.00000 0.66803
6482.00000 0.66745
6484.00000 0.66679
6486.00000 0.66599
6488.00000 0.66537
6490.00000 0.66491
6492.00000 0.66438
6494.00000 0.66365
6496.00000 0.66293
6498.00000 0.66231
6500.00000 0.66173
6502.00000 0.6612
6504.00000 0.6603
6506.00000 0.65971
6508.00000 0.659
6510.00000 0.6583
6512.00000 0.65738
6514.00000 0.65682
6516.00000 0.65616
6518.00000 0.65527
6520.00000 0.65479
6522.00000 0.65418
6524.00000 0.65306
6526.00000 0.65268
6528.00000 0.65188
6530.00000 0.65091
6532.00000 0.65025
6534.00000 0.6497
6536.00000 0.64874
6538.00000 0.64847
6540.00000 0.64767
6542.00000 0.64706
6544.00000 0.64638
6546.00000 0.64569
6548.00000 0.64489
6550.00000 0.64446
6552.00000 0.64372
6554.00000 0.64293
6556.00000 0.64244
6558.00000 0.64175
6560.00000 0.64108
6562.00000 0.6404
6564.00000 0.6398
6566.00000 0.63928
6568.00000 0.63849
6570.00000 0.63779
6572.00000 0.63692
6574.00000 0.6364
6576.00000 0.63555
6578.00000 0.6348
6580.00000 0.63421
6582.00000 0.63331
6584.00000 0.63261
6586.00000 0.63183
6588.00000 0.63123
6590.00000 0.63029
6592.00000 0.62955
6594.00000 0.62878
6596.00000 0.62827
6598.00000 0.6273
6600.00000 0.6267
6602.00000 0.62605
6604.00000 0.62501
6606.00000 0.62471
6608.00000 0.62373
6610.00000 0.62327
6612.00000 0.62276
6614.00000 0.62188
6616.00000 0.62129
6618.00000 0.62074
6620.00000 0.61989
6622.00000 0.61927
6624.00000 0.61868
6626.00000 0.61769
6628.00000 0.61729
6630.00000 0.61665
6632.00000 0.616
6634.00000 0.61515
6636.00000 0.61446
6638.00000 0.61377
6640.00000 0.61296
6642.00000 0.61216
6644.00000 0.61178
6646.00000 0.61068
6648.00000 0.60988
6650.00000 0.60895
6652.00000 0.60835
6654.00000 0.60769
6656.00000 0.6069
6658.00000 0.60602
6660.00000 0.60551
6662.00000 0.6045
6664.00000 0.60403
6666.00000 0.60323
6668.00000 0.60243
6670.00000 0.60163
6672.00000 0.60096
6674.00000 0.60055
6676.00000 0.5995
6678.00000 0.59883
6680.00000 0.59822
6682.00000 0.59757
6684.00000 0.59695
6686.00000 0.59622
6688.00000 0.59542
6690.00000 0.595
6692.00000 0.59397
6694.00000 0.59334
6696.00000 0.59252
6698.00000 0.59168
6700.00000 0.59128
6702.00000 0.59023
6704.00000 0.58945
6706.00000 0.589
6708.00000 0.58821
6710.00000 0.58708
6712.00000 0.58649
6714.00000 0.58559
6716.00000 0.58485
6718.00000 0.5839
6720.00000 0.58308
6722.00000 0.58208
6724.00000 0.58167
6726.00000 0.58091
6728.00000 0.58024
6730.00000 0.57917
6732.00000 0.57861
6734.00000 0.57795
6736.00000 0.57702
6738.00000 0.5762
6740.00000 0.57555
6742.00000 0.57511
6744.00000 0.57404
6746.00000 0.57349
6748.00000 0.57267
6750.00000 0.57174
6752.00000 0.57131
6754.00000 0.5703
6756.00000 0.56959
6758.00000 0.56887
6760.00000 0.56826
6762.00000 0.56734
6764.00000 0.56659
6766.00000 0.56559
6768.00000 0.56519
6770.00000 0.56413
6772.00000 0.56334
6774.00000 0.56243
6776.00000 0.56152
6778.00000 0.56049
6780.00000 0.55969
6782.00000 0.55899
6784.00000 0.55845
6786.00000 0.5573
6788.00000 0.55609
6790.00000 0.55544
6792.00000 0.55463
6794.00000 0.55371
6796.00000 0.55305
6798.00000 0.55231
6800.00000 0.55125
6802.00000 0.55057
6804.00000 0.54976
6806.00000 0.54839
6808.00000 0.5479
6810.00000 0.54718
6812.00000 0.5462
6814.00000 0.54543
6816.00000 0.54435
6818.00000 0.5438
6820.00000 0.54285
6822.00000 0.54206
6824.00000 0.54148
6826.00000 0.54063
6828.00000 0.53981
6830.00000 0.53904
6832.00000 0.53806
6834.00000 0.53724
6836.00000 0.53628
6838.00000 0.53553
6840.00000 0.53456
6842.00000 0.53386
6844.00000 0.53329
6846.00000 0.53211
6848.00000 0.53113
6850.00000 0.53032
6852.00000 0.52935
6854.00000 0.52843
6856.00000 0.52758
6858.00000 0.52654
6860.00000 0.52565
6862.00000 0.52474
6864.00000 0.52395
6866.00000 0.52305
6868.00000 0.52241
6870.00000 0.52166
6872.00000 0.5205
6874.00000 0.51949
6876.00000 0.51881
6878.00000 0.51811
6880.00000 0.51704
6882.00000 0.51656
6884.00000 0.51524
6886.00000 0.51454
6888.00000 0.51386
6890.00000 0.51274
6892.00000 0.51203
6894.00000 0.51128
6896.00000 0.51048
6898.00000 0.5097
6900.00000 0.50879
6902.00000 0.50789
6904.00000 0.50721
6906.00000 0.50609
6908.00000 0.50526
6910.00000 0.50442
6912.00000 0.50335
6914.00000 0.50254
6916.00000 0.50193
6918.00000 0.50048
6920.00000 0.49953
6922.00000 0.49895
6924.00000 0.49795
6926.00000 0.4972
6928.00000 0.49616
6930.00000 0.49502
6932.00000 0.49435
6934.00000 0.49343
6936.00000 0.49255
6938.00000 0.49152
6940.00000 0.49068
6942.00000 0.48981
6944.00000 0.48902
6946.00000 0.48833
6948.00000 0.48748
6950.00000 0.48649
6952.00000 0.48585
6954.00000 0.4849
6956.00000 0.48374
6958.00000 0.4832
6960.00000 0.48218
6962.00000 0.48154
6964.00000 0.48044
6966.00000 0.47995
6968.00000 0.47874
6970.00000 0.47782
6972.00000 0.47724
6974.00000 0.47644
6976.00000 0.47551
6978.00000 0.47459
6980.00000 0.47358
6982.00000 0.47279
6984.00000 0.47166
6986.00000 0.47093
6988.00000 0.4701
6990.00000 0.46902
6992.00000 0.46824
6994.00000 0.46743
6996.00000 0.46625
6998.00000 0.46527
7000.00000 0.46458
7002.00000 0.4638
7004.00000 0.46299
7006.00000 0.46183
7008.00000 0.46084
7010.00000 0.45986
7012.00000 0.45892
7014.00000 0.45817
7016.00000 0.45726
7018.00000 0.45683
7020.00000 0.45547
7022.00000 0.45469
7024.00000 0.45377
7026.00000 0.45322
7028.00000 0.45212
7030.00000 0.45133
7032.00000 0.45064
7034.00000 0.44989
7036.00000 0.44909
7038.00000 0.44788
7040.00000 0.44715
7042.00000 0.44598
7044.00000 0.44547
7046.00000 0.44475
7048.00000 0.44373
7050.00000 0.44282
7052.00000 0.44225
7054.00000 0.44108
7056.00000 0.44024
7058.00000 0.43914
7060.00000 0.43829
7062.00000 0.43748
7064.00000 0.43685
7066.00000 0.43563
7068.00000 0.43483
7070.00000 0.43403
7072.00000 0.43311
7074.00000 0.43205
7076.00000 0.43133
7078.00000 0.43058
7080.00000 0.42956
7082.00000 0.42858
7084.00000 0.42772
7086.00000 0.42724
7088.00000 0.42582
7090.00000 0.42502
7092.00000 0.42423
7094.00000 0.42358
7096.00000 0.42258
7098.00000 0.42176
7100.00000 0.4209
7102.00000 0.42011
7104.00000 0.41917
7106.00000 0.41858
7108.00000 0.41746
7110.00000 0.41669
7112.00000 0.4159
7114.00000 0.41511
7116.00000 0.41404
7118.00000 0.41375
7120.00000 0.41265
7122.00000 0.41185
7124.00000 0.411
7126.00000 0.41019
7128.00000 0.40936
7130.00000 0.40838
