threeML/data/optical_filters/OSN/Circ-Cousins_I.ecsv
# %ECSV 0.9
# ---
# datatype:
# - {name: wavelength, unit: Angstrom, datatype: float32}
# - {name: response, datatype: float32}
# meta: !!omap
# - {band_name: Cousins_I}
# - {group_name: Circ}
wavelength response
[from data line 848]
8618.00000 0.85804
8620.00000 0.85786
8622.00000 0.85773
8624.00000 0.8575
8626.00000 0.85732
8628.00000 0.85713
8630.00000 0.85702
8632.00000 0.85683
8634.00000 0.85669
8636.00000 0.85648
8638.00000 0.85632
8640.00000 0.85609
8642.00000 0.85596
8644.00000 0.85575
8646.00000 0.8556
8648.00000 0.85544
8650.00000 0.85529
8652.00000 0.85506
8654.00000 0.85489
8656.00000 0.85473
8658.00000 0.8545
8660.00000 0.85443
8662.00000 0.85413
8664.00000 0.85399
8666.00000 0.85373
8668.00000 0.8537
8670.00000 0.85351
8672.00000 0.8533
8674.00000 0.85318
8676.00000 0.85295
8678.00000 0.85275
8680.00000 0.85259
8682.00000 0.85239
8684.00000 0.85227
8686.00000 0.85209
8688.00000 0.85192
8690.00000 0.85177
8692.00000 0.85154
8694.00000 0.85132
8696.00000 0.8512
8698.00000 0.85107
8700.00000 0.85087
8702.00000 0.85068
8704.00000 0.85049
8706.00000 0.85039
8708.00000 0.85014
8710.00000 0.84997
8712.00000 0.84987
8714.00000 0.84964
8716.00000 0.84942
8718.00000 0.84921
8720.00000 0.8491
8722.00000 0.84893
8724.00000 0.84879
8726.00000 0.84847
8728.00000 0.84835
8730.00000 0.84811
8732.00000 0.84794
8734.00000 0.84776
8736.00000 0.84749
8738.00000 0.84737
8740.00000 0.84729
8742.00000 0.84709
8744.00000 0.84686
8746.00000 0.84669
8748.00000 0.84641
8750.00000 0.84633
8752.00000 0.84606
8754.00000 0.84596
8756.00000 0.84577
8758.00000 0.84555
8760.00000 0.84529
8762.00000 0.84509
8764.00000 0.84492
8766.00000 0.8447
8768.00000 0.84451
8770.00000 0.84427
8772.00000 0.84418
8774.00000 0.84391
8776.00000 0.84372
8778.00000 0.84358
8780.00000 0.84333
8782.00000 0.84316
8784.00000 0.84288
8786.00000 0.8427
8788.00000 0.84253
8790.00000 0.8423
8792.00000 0.84208
8794.00000 0.84191
8796.00000 0.84172
8798.00000 0.84156
8800.00000 0.84117
8802.00000 0.84109
8804.00000 0.84089
8806.00000 0.84071
8808.00000 0.84052
8810.00000 0.84025
8812.00000 0.83999
8814.00000 0.83981
8816.00000 0.83967
8818.00000 0.83942
8820.00000 0.83923
8822.00000 0.83905
8824.00000 0.83882
8826.00000 0.8386
8828.00000 0.83832
8830.00000 0.83815
8832.00000 0.838
8834.00000 0.83778
8836.00000 0.83752
8838.00000 0.83737
8840.00000 0.83722
8842.00000 0.83697
8844.00000 0.83673
8846.00000 0.83652
8848.00000 0.83633
8850.00000 0.83614
8852.00000 0.83592
8854.00000 0.83565
8856.00000 0.8355
8858.00000 0.83525
8860.00000 0.83511
8862.00000 0.83477
8864.00000 0.83463
8866.00000 0.83442
8868.00000 0.83419
8870.00000 0.83393
8872.00000 0.83379
8874.00000 0.83358
8876.00000 0.83342
8878.00000 0.8332
8880.00000 0.83302
8882.00000 0.8328
8884.00000 0.83257
8886.00000 0.83226
8888.00000 0.83216
8890.00000 0.83185
8892.00000 0.83178
8894.00000 0.83147
8896.00000 0.83131
8898.00000 0.83106
8900.00000 0.83088
8902.00000 0.83063
8904.00000 0.83039
8906.00000 0.83032
8908.00000 0.83002
8910.00000 0.82981
8912.00000 0.82959
8914.00000 0.82941
8916.00000 0.82917
8918.00000 0.82895
8920.00000 0.82869
8922.00000 0.82852
8924.00000 0.82837
8926.00000 0.82807
8928.00000 0.82781
8930.00000 0.82765
8932.00000 0.8275
8934.00000 0.82719
8936.00000 0.82708
8938.00000 0.8267
8940.00000 0.82653
8942.00000 0.82626
8944.00000 0.82606
8946.00000 0.82584
8948.00000 0.8256
8950.00000 0.82539
8952.00000 0.8251
8954.00000 0.82486
8956.00000 0.82468
8958.00000 0.82445
8960.00000 0.82418
8962.00000 0.82391
8964.00000 0.82371
8966.00000 0.82353
8968.00000 0.8231
8970.00000 0.82292
8972.00000 0.82274
8974.00000 0.82254
8976.00000 0.82218
8978.00000 0.82195
8980.00000 0.82177
8982.00000 0.82148
8984.00000 0.82124
8986.00000 0.82097
8988.00000 0.82078
8990.00000 0.82055
8992.00000 0.8203
8994.00000 0.81998
8996.00000 0.81976
8998.00000 0.81953
9000.00000 0.81928
9002.00000 0.81895
9004.00000 0.81872
9006.00000 0.81853
9008.00000 0.81815
9010.00000 0.818
9012.00000 0.8177
9014.00000 0.81756
9016.00000 0.81724
9018.00000 0.81692
9020.00000 0.81665
9022.00000 0.81648
9024.00000 0.81623
9026.00000 0.81597
9028.00000 0.8156
9030.00000 0.8155
9032.00000 0.81525
9034.00000 0.81493
9036.00000 0.81475
9038.00000 0.8145
9040.00000 0.81429
9042.00000 0.81394
9044.00000 0.8137
9046.00000 0.81342
9048.00000 0.81321
9050.00000 0.81302
9052.00000 0.81265
9054.00000 0.8124
9056.00000 0.81223
9058.00000 0.81191
9060.00000 0.81155
9062.00000 0.81138
9064.00000 0.8112
9066.00000 0.81098
9068.00000 0.8106
9070.00000 0.81038
9072.00000 0.81018
9074.00000 0.80994
9076.00000 0.80957
9078.00000 0.80932
9080.00000 0.80915
9082.00000 0.80891
9084.00000 0.8086
9086.00000 0.80834
9088.00000 0.80811
9090.00000 0.80784
9092.00000 0.80755
9094.00000 0.80726
9096.00000 0.8071
9098.00000 0.80685
9100.00000 0.80665
9102.00000 0.80622
9104.00000 0.80596
9106.00000 0.80586
9108.00000 0.80552
9110.00000 0.80521
9112.00000 0.80489
9114.00000 0.80467
9116.00000 0.80443
9118.00000 0.80411
9120.00000 0.80387
9122.00000 0.80369
9124.00000 0.80341
9126.00000 0.80311
9128.00000 0.80281
9130.00000 0.80267
9132.00000 0.80238
9134.00000 0.80206
9136.00000 0.80173
9138.00000 0.80145
9140.00000 0.80119
9142.00000 0.80088
9144.00000 0.80063
9146.00000 0.80027
9148.00000 0.80009
9150.00000 0.79976
9152.00000 0.79952
9154.00000 0.79926
9156.00000 0.79897
9158.00000 0.79866
9160.00000 0.79839
9162.00000 0.7981
9164.00000 0.79785
9166.00000 0.79753
9168.00000 0.7972
9170.00000 0.79696
9172.00000 0.79663
9174.00000 0.79633
9176.00000 0.79603
9178.00000 0.79564
9180.00000 0.79549
9182.00000 0.79521
9184.00000 0.79493
9186.00000 0.79462
9188.00000 0.79428
9190.00000 0.79403
9192.00000 0.79362
9194.00000 0.79333
9196.00000 0.79308
9198.00000 0.79278
9200.00000 0.79248
9202.00000 0.79217
9204.00000 0.79195
9206.00000 0.79165
9208.00000 0.79132
9210.00000 0.79099
9212.00000 0.79065
9214.00000 0.79038
9216.00000 0.79009
9218.00000 0.78978
9220.00000 0.7895
9222.00000 0.78923
9224.00000 0.78886
9226.00000 0.7886
9228.00000 0.78821
9230.00000 0.788
9232.00000 0.78766
9234.00000 0.7873
9236.00000 0.78698
9238.00000 0.78671
9240.00000 0.78646
9242.00000 0.78622
9244.00000 0.78577
9246.00000 0.78546
9248.00000 0.78517
9250.00000 0.78485
9252.00000 0.78457
9254.00000 0.78424
9256.00000 0.78401
9258.00000 0.78364
9260.00000 0.78343
9262.00000 0.78305
9264.00000 0.78275
9266.00000 0.78247
9268.00000 0.78212
9270.00000 0.78174
9272.00000 0.7815
9274.00000 0.78121
9276.00000 0.78082
9278.00000 0.78052
9280.00000 0.78022
9282.00000 0.77993
9284.00000 0.77951
9286.00000 0.77929
9288.00000 0.77894
9290.00000 0.77871
9292.00000 0.77831
9294.00000 0.77801
9296.00000 0.77768
9298.00000 0.77736
9300.00000 0.77713
9302.00000 0.77671
9304.00000 0.7763
9306.00000 0.77609
9308.00000 0.77583
9310.00000 0.7754
9312.00000 0.77509
9314.00000 0.77479
9316.00000 0.77451
9318.00000 0.77407
9320.00000 0.77376
9322.00000 0.77344
9324.00000 0.77323
9326.00000 0.77278
9328.00000 0.77246
9330.00000 0.77214
9332.00000 0.77171
9334.00000 0.77153
9336.00000 0.77106
9338.00000 0.77077
9340.00000 0.77039
9342.00000 0.77012
9344.00000 0.76978
9346.00000 0.76927
9348.00000 0.76912
9350.00000 0.76864
9352.00000 0.76834
9354.00000 0.76798
9356.00000 0.76764
9358.00000 0.7673
9360.00000 0.76687
9362.00000 0.76652
9364.00000 0.76619
9366.00000 0.76588
9368.00000 0.76549
9370.00000 0.76513
9372.00000 0.76483
9374.00000 0.76438
9376.00000 0.76407
9378.00000 0.76368
9380.00000 0.7633
9382.00000 0.76297
9384.00000 0.76256
9386.00000 0.7622
9388.00000 0.76182
9390.00000 0.76145
9392.00000 0.76107
9394.00000 0.76072
9396.00000 0.7603
9398.00000 0.75997
9400.00000 0.75959
9402.00000 0.75929
9404.00000 0.75889
9406.00000 0.75846
9408.00000 0.7581
9410.00000 0.75776
9412.00000 0.7573
9414.00000 0.75689
9416.00000 0.7566
9418.00000 0.7562
9420.00000 0.75578
9422.00000 0.75537
9424.00000 0.75505
9426.00000 0.75468
9428.00000 0.7543
9430.00000 0.7539
9432.00000 0.75356
9434.00000 0.75309
9436.00000 0.75274
9438.00000 0.75231
9440.00000 0.7519
9442.00000 0.75162
9444.00000 0.75113
9446.00000 0.75081
9448.00000 0.75049
9450.00000 0.74999
9452.00000 0.74967
9454.00000 0.74924
9456.00000 0.74887
9458.00000 0.74844
9460.00000 0.74803
9462.00000 0.74767
9464.00000 0.74729
9466.00000 0.74684
9468.00000 0.74646
9470.00000 0.74606
9472.00000 0.74572
9474.00000 0.74528
9476.00000 0.74489
9478.00000 0.74446
9480.00000 0.7441
9482.00000 0.74372
9484.00000 0.74334
9486.00000 0.74279
9488.00000 0.74247
9490.00000 0.74203
9492.00000 0.7416
9494.00000 0.74127
9496.00000 0.74082
9498.00000 0.74046
9500.00000 0.74008
9502.00000 0.73972
9504.00000 0.73926
9506.00000 0.73896
9508.00000 0.7384
9510.00000 0.73806
9512.00000 0.73759
9514.00000 0.73726
9516.00000 0.73682
9518.00000 0.73639
9520.00000 0.736
9522.00000 0.73557
9524.00000 0.73516
9526.00000 0.73472
9528.00000 0.73432
9530.00000 0.73387
9532.00000 0.73356
9534.00000 0.7331
9536.00000 0.73266
9538.00000 0.73223
9540.00000 0.73187
9542.00000 0.73136
9544.00000 0.73086
9546.00000 0.7305
9548.00000 0.73
9550.00000 0.72969
9552.00000 0.72913
9554.00000 0.72873
9556.00000 0.72831
9558.00000 0.72796
9560.00000 0.72733
9562.00000 0.72693
9564.00000 0.72645
9566.00000 0.7261
9568.00000 0.72561
9570.00000 0.72514
9572.00000 0.72473
9574.00000 0.72428
9576.00000 0.7238
9578.00000 0.72331
9580.00000 0.72291
9582.00000 0.72245
9584.00000 0.72206
9586.00000 0.72155
9588.00000 0.72103
9590.00000 0.72057
9592.00000 0.72013
9594.00000 0.71968
9596.00000 0.71912
9598.00000 0.71877
9600.00000 0.71825
9602.00000 0.71784
9604.00000 0.71728
9606.00000 0.71692
9608.00000 0.71635
9610.00000 0.71597
9612.00000 0.71545
9614.00000 0.715
9616.00000 0.71457
9618.00000 0.71408
9620.00000 0.71358
9622.00000 0.71314
9624.00000 0.71265
9626.00000 0.71218
9628.00000 0.71174
9630.00000 0.71105
9632.00000 0.71073
9634.00000 0.71023
9636.00000 0.7098
9638.00000 0.70935
9640.00000 0.70886
9642.00000 0.70837
9644.00000 0.70788
9646.00000 0.70733
9648.00000 0.70684
9650.00000 0.70632
9652.00000 0.70594
9654.00000 0.70541
9656.00000 0.70488
9658.00000 0.70446
9660.00000 0.70388
9662.00000 0.70353
9664.00000 0.703
9666.00000 0.70253
9668.00000 0.70197
9670.00000 0.70159
9672.00000 0.70099
9674.00000 0.70053
9676.00000 0.70003
9678.00000 0.69954
9680.00000 0.69905
9682.00000 0.69839
9684.00000 0.69803
9686.00000 0.69747
9688.00000 0.6971
9690.00000 0.69652
9692.00000 0.69609
9694.00000 0.69554
9696.00000 0.69504
9698.00000 0.69451
9700.00000 0.69405
9702.00000 0.69353
9704.00000 0.69304
9706.00000 0.69246
9708.00000 0.69193
9710.00000 0.69152
9712.00000 0.69092
9714.00000 0.69045
9716.00000 0.68985
9718.00000 0.68947
9720.00000 0.68893
9722.00000 0.68844
9724.00000 0.68788
9726.00000 0.68741
9728.00000 0.68686
9730.00000 0.68634
9732.00000 0.68581
9734.00000 0.68523
9736.00000 0.68474
9738.00000 0.68418
9740.00000 0.68366
9742.00000 0.68315
9744.00000 0.6827
9746.00000 0.68216
9748.00000 0.68165
9750.00000 0.68103
9752.00000 0.68057
9754.00000 0.68002
9756.00000 0.6795
9758.00000 0.67896
9760.00000 0.67833
9762.00000 0.67782
9764.00000 0.67724
9766.00000 0.67678
9768.00000 0.67615
9770.00000 0.67567
9772.00000 0.67513
9774.00000 0.67465
9776.00000 0.67406
9778.00000 0.67356
9780.00000 0.67288
9782.00000 0.67239
9784.00000 0.67182
9786.00000 0.67126
9788.00000 0.67064
9790.00000 0.67008
9792.00000 0.66962
9794.00000 0.66891
9796.00000 0.66846
9798.00000 0.66788
9800.00000 0.66736
9802.00000 0.66671
9804.00000 0.6662
9806.00000 0.66555
9808.00000 0.66513
9810.00000 0.66441
9812.00000 0.66384
9814.00000 0.66321
9816.00000 0.66255
9818.00000 0.66209
9820.00000 0.66133
9822.00000 0.66089
9824.00000 0.66023
9826.00000 0.65974
9828.00000 0.65906
9830.00000 0.6585
9832.00000 0.65778
9834.00000 0.65725
9836.00000 0.65663
9838.00000 0.65597
9840.00000 0.65537
9842.00000 0.65484
9844.00000 0.6542
9846.00000 0.65359
9848.00000 0.65299
9850.00000 0.65227
9852.00000 0.65175
9854.00000 0.6511
9856.00000 0.65052
9858.00000 0.64979
9860.00000 0.64924
9862.00000 0.64867
9864.00000 0.64803
9866.00000 0.64734
9868.00000 0.64666
9870.00000 0.64609
9872.00000 0.64543
9874.00000 0.64484
9876.00000 0.64415
9878.00000 0.64373
9880.00000 0.64297
9882.00000 0.64234
9884.00000 0.64163
9886.00000 0.64107
9888.00000 0.64035
9890.00000 0.63976
9892.00000 0.63903
9894.00000 0.63848
9896.00000 0.63779
9898.00000 0.63716
9900.00000 0.63647
9902.00000 0.63577
9904.00000 0.63532
9906.00000 0.63456
9908.00000 0.63398
9910.00000 0.63332
9912.00000 0.6327
9914.00000 0.632
9916.00000 0.63135
9918.00000 0.63074
9920.00000 0.62998
9922.00000 0.62936
9924.00000 0.62867
9926.00000 0.62805
9928.00000 0.62737
9930.00000 0.62678
9932.00000 0.62606
9934.00000 0.62545
9936.00000 0.62473
9938.00000 0.62404
9940.00000 0.6234
9942.00000 0.62269
9944.00000 0.62205
9946.00000 0.62143
9948.00000 0.62075
9950.00000 0.62003
9952.00000 0.61938
9954.00000 0.61868
9956.00000 0.61805
9958.00000 0.61726
9960.00000 0.61674
9962.00000 0.61599
9964.00000 0.61547
9966.00000 0.61463
9968.00000 0.61394
9970.00000 0.6133
9972.00000 0.61258
9974.00000 0.61194
9976.00000 0.61106
9978.00000 0.61044
9980.00000 0.60977
9982.00000 0.60924
9984.00000 0.60835
9986.00000 0.60771
9988.00000 0.60702
9990.00000 0.60638
9992.00000 0.60549
9994.00000 0.60477
9996.00000 0.60394
9998.00000 0.60337
10000.00000 0.60268
10002.00000 0.60193
10004.00000 0.6012
10006.00000 0.60048
10008.00000 0.59975
10010.00000 0.59892
10012.00000 0.59828
10014.00000 0.59754
10016.00000 0.59694
10018.00000 0.5961
10020.00000 0.59542
10022.00000 0.59466
10024.00000 0.59392
10026.00000 0.59318
10028.00000 0.59244
10030.00000 0.59172
10032.00000 0.59094
10034.00000 0.59036
10036.00000 0.5895
10038.00000 0.58886
10040.00000 0.58808
10042.00000 0.58736
10044.00000 0.58666
10046.00000 0.5859
10048.00000 0.58509
10050.00000 0.58439
10052.00000 0.58372
10054.00000 0.58289
10056.00000 0.58212
10058.00000 0.5813
10060.00000 0.5806
10062.00000 0.57979
10064.00000 0.57906
10066.00000 0.57841
10068.00000 0.57772
10070.00000 0.57687
10072.00000 0.57614
10074.00000 0.57535
10076.00000 0.57451
10078.00000 0.57376
10080.00000 0.57292
10082.00000 0.57225
10084.00000 0.57142
10086.00000 0.57078
10088.00000 0.56993
10090.00000 0.56925
10092.00000 0.56839
10094.00000 0.5677
10096.00000 0.56681
10098.00000 0.56607
10100.00000 0.56529
10102.00000 0.56452
10104.00000 0.56374
10106.00000 0.5629
10108.00000 0.56216
10110.00000 0.56135
10112.00000 0.56059
10114.00000 0.55971
10116.00000 0.55898
10118.00000 0.55814
10120.00000 0.55743
10122.00000 0.55661
10124.00000 0.55581
10126.00000 0.55497
10128.00000 0.55426
10130.00000 0.55337
10132.00000 0.55256
10134.00000 0.55171
10136.00000 0.551
10138.00000 0.55026
10140.00000 0.54931
10142.00000 0.54858
10144.00000 0.54777
10146.00000 0.54701
10148.00000 0.54605
10150.00000 0.54531
10152.00000 0.54447
10154.00000 0.54374
10156.00000 0.54285
10158.00000 0.54202
10160.00000 0.54117
10162.00000 0.54042
10164.00000 0.53951
10166.00000 0.53866
10168.00000 0.53791
10170.00000 0.53712
10172.00000 0.53637
10174.00000 0.53542
10176.00000 0.53467
10178.00000 0.53379
10180.00000 0.53305
10182.00000 0.5321
10184.00000 0.53132
10186.00000 0.53041
10188.00000 0.5297
10190.00000 0.52877
10192.00000 0.52787
10194.00000 0.52705
10196.00000 0.52622
10198.00000 0.52546
10200.00000 0.52447
10202.00000 0.52369
10204.00000 0.52283
10206.00000 0.5221
10208.00000 0.52114
10210.00000 0.52035
10212.00000 0.51948
10214.00000 0.51861
10216.00000 0.51771
10218.00000 0.51682
10220.00000 0.516
10222.00000 0.51517
10224.00000 0.51433
10226.00000 0.51339
10228.00000 0.51265
10230.00000 0.51169
10232.00000 0.51091
10234.00000 0.50997
10236.00000 0.5092
10238.00000 0.50827
10240.00000 0.50746
10242.00000 0.50653
10244.00000 0.50564
10246.00000 0.50476
10248.00000 0.50383
10250.00000 0.50302
10252.00000 0.5021
10254.00000 0.50129
10256.00000 0.50039
10258.00000 0.49965
10260.00000 0.49866
10262.00000 0.49783
10264.00000 0.49688
10266.00000 0.49597
10268.00000 0.4951
10270.00000 0.49411
10272.00000 0.4933
10274.00000 0.49231
10276.00000 0.49157
10278.00000 0.49049
10280.00000 0.48975
10282.00000 0.48877
10284.00000 0.48794
10286.00000 0.487
10288.00000 0.48614
10290.00000 0.48521
10292.00000 0.48435
10294.00000 0.48341
