threeML/data/optical_filters/OSN/Circ-Cousins_I.ecsv
# %ECSV 0.9
# ---
# datatype:
# - {name: wavelength, unit: Angstrom, datatype: float32}
# - {name: response, datatype: float32}
# meta: !!omap
# - {band_name: Cousins_I}
# - {group_name: Circ}
wavelength response
[from data line 3297]
13516.00000 0.00053
13518.00000 0.00057
13520.00000 0.00052
13522.00000 0.00051
13524.00000 0.00052
13526.00000 0.00053
13528.00000 0.00052
13530.00000 0.00059
13532.00000 0.00052
13534.00000 0.0006
13536.00000 0.00053
13538.00000 0.00049
13540.00000 0.00055
13542.00000 0.00055
13544.00000 0.00051
13546.00000 0.00053
13548.00000 0.00055
13550.00000 0.00053
13552.00000 0.00055
13554.00000 0.00056
13556.00000 0.00056
13558.00000 0.00057
13560.00000 0.00054
13562.00000 0.00055
13564.00000 0.00057
13566.00000 0.00056
13568.00000 0.00054
13570.00000 0.00054
13572.00000 0.00054
13574.00000 0.00059
13576.00000 0.00061
13578.00000 0.00056
13580.00000 0.00058
13582.00000 0.00058
13584.00000 0.00053
13586.00000 0.00058
13588.00000 0.00055
13590.00000 0.00055
13592.00000 0.00056
13594.00000 0.00059
13596.00000 0.00057
13598.00000 0.00057
13600.00000 0.00057
13602.00000 0.00056
13604.00000 0.00057
13606.00000 0.00052
13608.00000 0.00055
13610.00000 0.00059
13612.00000 0.00062
13614.00000 0.00059
13616.00000 0.0006
13618.00000 0.00059
13620.00000 0.00059
13622.00000 0.00062
13624.00000 0.00062
13626.00000 0.00056
13628.00000 0.00058
13630.00000 0.00056
13632.00000 0.00058
13634.00000 0.00054
13636.00000 0.00059
13638.00000 0.00059
13640.00000 0.00059
13642.00000 0.00056
13644.00000 0.0006
13646.00000 0.00058
13648.00000 0.00062
13650.00000 0.00058
13652.00000 0.00055
13654.00000 0.00061
13656.00000 0.00063
13658.00000 0.0006
13660.00000 0.00059
13662.00000 0.00056
13664.00000 0.00061
13666.00000 0.00062
13668.00000 0.00058
13670.00000 0.00058
13672.00000 0.00064
13674.00000 0.00057
13676.00000 0.00059
13678.00000 0.00063
13680.00000 0.00056
13682.00000 0.00058
13684.00000 0.00059
13686.00000 0.00064
13688.00000 0.00059
13690.00000 0.0006
13692.00000 0.00061
13694.00000 0.00058
13696.00000 0.00061
13698.00000 0.00059
13700.00000 0.00057
13702.00000 0.00063
13704.00000 0.00062
13706.00000 0.00058
13708.00000 0.0006
13710.00000 0.00061
13712.00000 0.00059
13714.00000 0.00058
13716.00000 0.00062
13718.00000 0.00058
13720.00000 0.0006
13722.00000 0.0006
13724.00000 0.00063
13726.00000 0.00063
13728.00000 0.00063
13730.00000 0.0006
13732.00000 0.00055
13734.00000 0.00061
13736.00000 0.00061
13738.00000 0.00056
13740.00000 0.00058
13742.00000 0.00062
13744.00000 0.0006
13746.00000 0.00062
13748.00000 0.00067
13750.00000 0.00066
13752.00000 0.00061
13754.00000 0.00061
13756.00000 0.00057
13758.00000 0.00062
13760.00000 0.00061
13762.00000 0.00061
13764.00000 0.00061
13766.00000 0.00061
13768.00000 0.00065
13770.00000 0.00066
13772.00000 0.00062
13774.00000 0.00058
13776.00000 0.00064
13778.00000 0.00062
13780.00000 0.0006
13782.00000 0.00057
13784.00000 0.00062
13786.00000 0.00064
13788.00000 0.00061
13790.00000 0.00062
13792.00000 0.00065
13794.00000 0.00064
13796.00000 0.00059
13798.00000 0.00062
13800.00000 0.0006
13802.00000 0.00062
13804.00000 0.00062
13806.00000 0.00061
13808.00000 0.00066
13810.00000 0.00063
13812.00000 0.00062
13814.00000 0.00059
13816.00000 0.00063
13818.00000 0.00059
13820.00000 0.0006
13822.00000 0.0006
13824.00000 0.00063
13826.00000 0.00063
13828.00000 0.00065
13830.00000 0.00063
13832.00000 0.00059
13834.00000 0.00059
13836.00000 0.00062
13838.00000 0.00064
13840.00000 0.00058
13842.00000 0.00061
13844.00000 0.00057
13846.00000 0.00063
13848.00000 0.00061
13850.00000 0.0006
13852.00000 0.0006
13854.00000 0.00063
13856.00000 0.00063
13858.00000 0.00059
13860.00000 0.00064
13862.00000 0.00061
13864.00000 0.00067
13866.00000 0.00061
13868.00000 0.00063
13870.00000 0.00056
13872.00000 0.00061
13874.00000 0.00061
13876.00000 0.00062
13878.00000 0.00063
13880.00000 0.0006
13882.00000 0.00061
13884.00000 0.00059
13886.00000 0.00061
13888.00000 0.00061
13890.00000 0.00061
13892.00000 0.00058
13894.00000 0.00063
13896.00000 0.00063
13898.00000 0.00063
13900.00000 0.00059
13902.00000 0.00065
13904.00000 0.00058
13906.00000 0.0006
13908.00000 0.0006
13910.00000 0.00058
13912.00000 0.00056
13914.00000 0.00061
13916.00000 0.00061
13918.00000 0.0006
13920.00000 0.00058
13922.00000 0.00061
13924.00000 0.0006
13926.00000 0.00058
13928.00000 0.00059
13930.00000 0.00061
13932.00000 0.00063
13934.00000 0.0006
13936.00000 0.00059
13938.00000 0.00061
13940.00000 0.0006
13942.00000 0.00062
13944.00000 0.00059
13946.00000 0.00056
13948.00000 0.0006
13950.00000 0.00063
13952.00000 0.00059
13954.00000 0.00058
13956.00000 0.00058
13958.00000 0.00059
13960.00000 0.0006
13962.00000 0.00058
13964.00000 0.00058
13966.00000 0.00058
13968.00000 0.0006
13970.00000 0.00057
13972.00000 0.0006
13974.00000 0.00058
13976.00000 0.0006
13978.00000 0.00057
13980.00000 0.00058
13982.00000 0.00059
13984.00000 0.00054
13986.00000 0.00059
13988.00000 0.00055
13990.00000 0.00056
13992.00000 0.00057
13994.00000 0.00057
13996.00000 0.00062
13998.00000 0.00061
14000.00000 0.0006
15400.00000 0.0
