threeML/data/optical_filters/OSN/Circ-Cousins_R.ecsv
# %ECSV 0.9
# ---
# datatype:
# - {name: wavelength, unit: Angstrom, datatype: float32}
# - {name: response, datatype: float32}
# meta: !!omap
# - {band_name: Cousins_R}
# - {group_name: Circ}
wavelength response
[from data line 1694]
8826.00000 0.01979
8828.00000 0.01967
8830.00000 0.01961
8832.00000 0.01953
8834.00000 0.01942
8836.00000 0.01933
8838.00000 0.01921
8840.00000 0.0192
8842.00000 0.01904
8844.00000 0.01902
8846.00000 0.01897
8848.00000 0.01886
8850.00000 0.01875
8852.00000 0.01866
8854.00000 0.01857
8856.00000 0.0185
8858.00000 0.01842
8860.00000 0.01827
8862.00000 0.01822
8864.00000 0.01816
8866.00000 0.01807
8868.00000 0.018
8870.00000 0.0179
8872.00000 0.01781
8874.00000 0.01774
8876.00000 0.01764
8878.00000 0.01757
8880.00000 0.01748
8882.00000 0.01745
8884.00000 0.01732
8886.00000 0.01731
8888.00000 0.01717
8890.00000 0.01713
8892.00000 0.01702
8894.00000 0.01697
8896.00000 0.0169
8898.00000 0.01677
8900.00000 0.01671
8902.00000 0.01664
8904.00000 0.01656
8906.00000 0.01652
8908.00000 0.01641
8910.00000 0.01638
8912.00000 0.01624
8914.00000 0.01627
8916.00000 0.01612
8918.00000 0.01603
8920.00000 0.01599
8922.00000 0.01592
8924.00000 0.01585
8926.00000 0.01584
8928.00000 0.01569
8930.00000 0.01565
8932.00000 0.01553
8934.00000 0.0155
8936.00000 0.01542
8938.00000 0.01535
8940.00000 0.01528
8942.00000 0.01523
8944.00000 0.01511
8946.00000 0.01504
8948.00000 0.015
8950.00000 0.01492
8952.00000 0.01487
8954.00000 0.01481
8956.00000 0.0147
8958.00000 0.01464
8960.00000 0.0146
8962.00000 0.01452
8964.00000 0.01446
8966.00000 0.01438
8968.00000 0.01433
8970.00000 0.01427
8972.00000 0.01422
8974.00000 0.01414
8976.00000 0.01406
8978.00000 0.014
8980.00000 0.01391
8982.00000 0.01384
8984.00000 0.01377
8986.00000 0.01371
8988.00000 0.0137
8990.00000 0.0136
8992.00000 0.01353
8994.00000 0.01345
8996.00000 0.01343
8998.00000 0.01334
9000.00000 0.0133
9002.00000 0.01323
9004.00000 0.01316
9006.00000 0.01313
9008.00000 0.01304
9010.00000 0.01298
9012.00000 0.01295
9014.00000 0.01288
9016.00000 0.01288
9018.00000 0.0128
9020.00000 0.01271
9022.00000 0.01269
9024.00000 0.01259
9026.00000 0.01255
9028.00000 0.0125
9030.00000 0.01245
9032.00000 0.01239
9034.00000 0.01233
9036.00000 0.01221
9038.00000 0.01221
9040.00000 0.01217
9042.00000 0.01211
9044.00000 0.01204
9046.00000 0.01198
9048.00000 0.01189
9050.00000 0.0119
9052.00000 0.01183
9054.00000 0.01179
9056.00000 0.01168
9058.00000 0.01165
9060.00000 0.01161
9062.00000 0.01156
9064.00000 0.01151
9066.00000 0.01142
9068.00000 0.01136
9070.00000 0.01137
9072.00000 0.01126
9074.00000 0.01127
9076.00000 0.01122
9078.00000 0.01117
9080.00000 0.01102
9082.00000 0.01107
9084.00000 0.01098
9086.00000 0.0109
9088.00000 0.01091
9090.00000 0.01082
9092.00000 0.01081
9094.00000 0.01077
9096.00000 0.01071
9098.00000 0.01063
9100.00000 0.01061
9102.00000 0.01054
9104.00000 0.01045
9106.00000 0.01047
9108.00000 0.01043
9110.00000 0.01036
9112.00000 0.0103
9114.00000 0.01025
9116.00000 0.01022
9118.00000 0.01014
9120.00000 0.01008
9122.00000 0.01011
9124.00000 0.01008
9126.00000 0.00995
9128.00000 0.00994
9130.00000 0.00989
9132.00000 0.00981
9134.00000 0.00981
9136.00000 0.00976
9138.00000 0.00974
9140.00000 0.00968
9142.00000 0.00966
9144.00000 0.00959
9146.00000 0.00956
9148.00000 0.00948
9150.00000 0.00952
9152.00000 0.00944
9154.00000 0.00936
9156.00000 0.00935
9158.00000 0.0093
9160.00000 0.00922
9162.00000 0.0092
9164.00000 0.00918
9166.00000 0.00912
9168.00000 0.0091
9170.00000 0.00905
9172.00000 0.00905
9174.00000 0.009
9176.00000 0.0089
9178.00000 0.00895
9180.00000 0.00887
9182.00000 0.00881
9184.00000 0.00876
9186.00000 0.00874
9188.00000 0.0087
9190.00000 0.00868
9192.00000 0.00862
9194.00000 0.00855
9196.00000 0.00846
9198.00000 0.00853
9200.00000 0.00846
9202.00000 0.00844
9204.00000 0.00834
9206.00000 0.00835
9208.00000 0.00828
9210.00000 0.00827
9212.00000 0.00822
9214.00000 0.00818
9216.00000 0.00812
9218.00000 0.00819
9220.00000 0.0081
9222.00000 0.00808
9224.00000 0.00804
9226.00000 0.00802
9228.00000 0.00794
9230.00000 0.00789
9232.00000 0.00793
9234.00000 0.00783
9236.00000 0.00783
9238.00000 0.00772
9240.00000 0.00776
9242.00000 0.00769
9244.00000 0.00766
9246.00000 0.00769
9248.00000 0.00759
9250.00000 0.00757
9252.00000 0.0075
9254.00000 0.0075
9256.00000 0.00748
9258.00000 0.00747
9260.00000 0.00741
9262.00000 0.0074
9264.00000 0.00735
9266.00000 0.00732
9268.00000 0.00728
9270.00000 0.00724
9272.00000 0.00723
9274.00000 0.00716
9276.00000 0.00714
9278.00000 0.00713
9280.00000 0.00704
9282.00000 0.00702
9284.00000 0.00697
9286.00000 0.00695
9288.00000 0.00694
9290.00000 0.00696
9292.00000 0.00691
9294.00000 0.0068
9296.00000 0.00689
9298.00000 0.00682
9300.00000 0.00679
9302.00000 0.00675
9304.00000 0.00672
9306.00000 0.00667
9308.00000 0.00666
9310.00000 0.00664
9312.00000 0.0066
9314.00000 0.00656
9316.00000 0.00657
9318.00000 0.00652
9320.00000 0.00648
9322.00000 0.00643
9324.00000 0.0064
9326.00000 0.00641
9328.00000 0.00638
9330.00000 0.00635
9332.00000 0.00629
9334.00000 0.00629
9336.00000 0.00623
9338.00000 0.00623
9340.00000 0.00617
9342.00000 0.0062
9344.00000 0.00612
9346.00000 0.00609
9348.00000 0.00612
9350.00000 0.00611
9352.00000 0.00606
9354.00000 0.00599
9356.00000 0.00595
9358.00000 0.00597
9360.00000 0.00599
9362.00000 0.00586
9364.00000 0.00593
9366.00000 0.00587
9368.00000 0.00581
9370.00000 0.00576
9372.00000 0.00582
9374.00000 0.00572
9376.00000 0.00577
9378.00000 0.00567
9380.00000 0.00567
9382.00000 0.00563
9384.00000 0.00561
9386.00000 0.0056
9388.00000 0.0056
9390.00000 0.00555
9392.00000 0.00552
9394.00000 0.00554
9396.00000 0.00549
9398.00000 0.00543
9400.00000 0.00541
9402.00000 0.00544
9404.00000 0.0054
9406.00000 0.0054
9408.00000 0.00537
9410.00000 0.00533
9412.00000 0.00532
9414.00000 0.00524
9416.00000 0.00523
9418.00000 0.00521
9420.00000 0.00521
9422.00000 0.0052
9424.00000 0.00519
9426.00000 0.00516
9428.00000 0.00515
9430.00000 0.0051
9432.00000 0.00506
9434.00000 0.00504
9436.00000 0.005
9438.00000 0.00506
9440.00000 0.00498
9442.00000 0.00502
9444.00000 0.00495
9446.00000 0.00491
9448.00000 0.00486
9450.00000 0.00486
9452.00000 0.00486
9454.00000 0.00489
9456.00000 0.00479
9458.00000 0.00487
9460.00000 0.00478
9462.00000 0.00477
9464.00000 0.00474
9466.00000 0.00472
9468.00000 0.00468
9470.00000 0.00468
9472.00000 0.00469
9474.00000 0.00463
9476.00000 0.00465
9478.00000 0.00457
9480.00000 0.00452
9482.00000 0.00456
9484.00000 0.0046
9486.00000 0.0045
9488.00000 0.00452
9490.00000 0.00447
9492.00000 0.00448
9494.00000 0.00445
9496.00000 0.00442
9498.00000 0.00443
9500.00000 0.0044
9502.00000 0.00439
9504.00000 0.00438
9506.00000 0.00433
9508.00000 0.00429
9510.00000 0.00427
9512.00000 0.0043
9514.00000 0.00428
9516.00000 0.00419
9518.00000 0.00417
9520.00000 0.00424
9522.00000 0.0042
9524.00000 0.00416
9526.00000 0.00418
9528.00000 0.00411
9530.00000 0.00412
9532.00000 0.00408
9534.00000 0.0041
9536.00000 0.00408
9538.00000 0.00405
9540.00000 0.00405
9542.00000 0.00403
9544.00000 0.00401
9546.00000 0.004
9548.00000 0.00396
9550.00000 0.00391
9552.00000 0.00396
9554.00000 0.00393
9556.00000 0.00387
9558.00000 0.00391
9560.00000 0.00389
9562.00000 0.00385
9564.00000 0.00384
9566.00000 0.00383
9568.00000 0.00382
9570.00000 0.0038
9572.00000 0.00376
9574.00000 0.00379
9576.00000 0.00379
9578.00000 0.00372
9580.00000 0.00375
9582.00000 0.00367
9584.00000 0.00367
9586.00000 0.00364
9588.00000 0.00365
9590.00000 0.00364
9592.00000 0.00369
9594.00000 0.00361
9596.00000 0.0036
9598.00000 0.00358
9600.00000 0.00352
9602.00000 0.00354
9604.00000 0.00354
9606.00000 0.00349
9608.00000 0.00351
9610.00000 0.00345
9612.00000 0.00354
9614.00000 0.00346
9616.00000 0.00345
9618.00000 0.00347
9620.00000 0.0034
9622.00000 0.0034
9624.00000 0.0034
9626.00000 0.0034
9628.00000 0.00337
9630.00000 0.00337
9632.00000 0.00335
9634.00000 0.0033
9636.00000 0.00329
9638.00000 0.00331
9640.00000 0.00323
9642.00000 0.00329
9644.00000 0.00325
9646.00000 0.00321
9648.00000 0.00324
9650.00000 0.00325
9652.00000 0.00321
9654.00000 0.00321
9656.00000 0.00317
9658.00000 0.00322
9660.00000 0.00316
9662.00000 0.00315
9664.00000 0.00312
9666.00000 0.00313
9668.00000 0.00313
9670.00000 0.0031
9672.00000 0.00308
9674.00000 0.00305
9676.00000 0.00304
9678.00000 0.00301
9680.00000 0.003
9682.00000 0.003
9684.00000 0.00302
9686.00000 0.00302
9688.00000 0.00298
9690.00000 0.003
9692.00000 0.00297
9694.00000 0.00295
9696.00000 0.00293
9698.00000 0.00294
9700.00000 0.00293
9702.00000 0.00292
9704.00000 0.00287
9706.00000 0.00293
9708.00000 0.00288
9710.00000 0.00286
9712.00000 0.00285
9714.00000 0.00285
9716.00000 0.00283
9718.00000 0.00282
9720.00000 0.0028
9722.00000 0.00278
9724.00000 0.00273
9726.00000 0.00273
9728.00000 0.0028
9730.00000 0.00271
9732.00000 0.00272
9734.00000 0.00271
9736.00000 0.0027
9738.00000 0.00269
9740.00000 0.00265
9742.00000 0.00269
9744.00000 0.00266
9746.00000 0.00263
9748.00000 0.00264
9750.00000 0.0026
9752.00000 0.00262
9754.00000 0.00261
9756.00000 0.00263
9758.00000 0.00258
9760.00000 0.00257
9762.00000 0.0026
9764.00000 0.00256
9766.00000 0.00258
9768.00000 0.00254
9770.00000 0.00259
9772.00000 0.00253
9774.00000 0.00253
9776.00000 0.00249
9778.00000 0.00251
9780.00000 0.0025
9782.00000 0.00251
9784.00000 0.00244
9786.00000 0.00247
9788.00000 0.00242
9790.00000 0.00248
9792.00000 0.00244
9794.00000 0.00243
9796.00000 0.00239
9798.00000 0.00245
9800.00000 0.00236
9802.00000 0.00238
9804.00000 0.00234
9806.00000 0.00238
9808.00000 0.00235
9810.00000 0.00237
9812.00000 0.00235
9814.00000 0.00237
9816.00000 0.00233
9818.00000 0.00228
9820.00000 0.0023
9822.00000 0.00227
9824.00000 0.00229
9826.00000 0.0023
9828.00000 0.0023
9830.00000 0.00226
9832.00000 0.0023
9834.00000 0.00225
9836.00000 0.00222
9838.00000 0.00225
9840.00000 0.00218
9842.00000 0.0022
9844.00000 0.00221
9846.00000 0.00221
9848.00000 0.00218
9850.00000 0.00219
9852.00000 0.00216
9854.00000 0.00212
9856.00000 0.00214
9858.00000 0.00214
9860.00000 0.00217
9862.00000 0.00209
9864.00000 0.00216
9866.00000 0.00214
9868.00000 0.00209
9870.00000 0.0021
9872.00000 0.00206
9874.00000 0.00207
9876.00000 0.00209
9878.00000 0.00207
9880.00000 0.00205
9882.00000 0.00205
9884.00000 0.00209
9886.00000 0.00201
9888.00000 0.00205
9890.00000 0.002
9892.00000 0.00202
9894.00000 0.00197
9896.00000 0.00202
9898.00000 0.00198
9900.00000 0.00197
9902.00000 0.00198
9904.00000 0.00197
9906.00000 0.00199
9908.00000 0.00194
9910.00000 0.00192
9912.00000 0.00191
9914.00000 0.00193
9916.00000 0.00195
9918.00000 0.00195
9920.00000 0.00187
9922.00000 0.00189
9924.00000 0.00191
9926.00000 0.00187
9928.00000 0.00191
9930.00000 0.00184
9932.00000 0.00184
9934.00000 0.00186
9936.00000 0.00188
9938.00000 0.00187
9940.00000 0.0019
9942.00000 0.00183
9944.00000 0.00182
9946.00000 0.00186
9948.00000 0.00182
9950.00000 0.00179
9952.00000 0.0018
9954.00000 0.00184
9956.00000 0.00179
9958.00000 0.00179
9960.00000 0.00176
9962.00000 0.00179
9964.00000 0.00177
9966.00000 0.00177
9968.00000 0.00172
9970.00000 0.00177
9972.00000 0.00177
9974.00000 0.00175
9976.00000 0.00174
9978.00000 0.00174
9980.00000 0.00172
9982.00000 0.0017
9984.00000 0.00171
9986.00000 0.00171
9988.00000 0.0017
9990.00000 0.00175
9992.00000 0.00169
9994.00000 0.00165
9996.00000 0.00165
9998.00000 0.00166
10000.00000 0.00165
10002.00000 0.00165
10004.00000 0.00165
10006.00000 0.00167
10008.00000 0.00163
10010.00000 0.00164
10012.00000 0.00157
10014.00000 0.00157
10016.00000 0.00164
10018.00000 0.0016
10020.00000 0.0016
10022.00000 0.00159
10024.00000 0.00163
10026.00000 0.00157
10028.00000 0.0016
10030.00000 0.00159
10032.00000 0.00154
10034.00000 0.0016
10036.00000 0.00152
10038.00000 0.00156
10040.00000 0.00156
10042.00000 0.00153
10044.00000 0.00156
10046.00000 0.00157
10048.00000 0.0015
10050.00000 0.00148
10052.00000 0.00151
10054.00000 0.00147
10056.00000 0.00147
10058.00000 0.00151
10060.00000 0.0015
10062.00000 0.00146
10064.00000 0.0015
10066.00000 0.00147
10068.00000 0.00151
10070.00000 0.00146
10072.00000 0.00144
10074.00000 0.00146
10076.00000 0.00148
10078.00000 0.00144
10080.00000 0.00147
10082.00000 0.00144
10084.00000 0.00148
10086.00000 0.00146
10088.00000 0.00138
10090.00000 0.00144
10092.00000 0.00142
10094.00000 0.00138
10096.00000 0.00142
10098.00000 0.00138
10100.00000 0.00139
10102.00000 0.00142
10104.00000 0.00139
10106.00000 0.00137
10108.00000 0.00136
10110.00000 0.00136
10112.00000 0.00141
10114.00000 0.00135
10116.00000 0.00137
10118.00000 0.00137
10120.00000 0.00133
10122.00000 0.00138
10124.00000 0.00133
10126.00000 0.00135
10128.00000 0.00132
10130.00000 0.00134
10132.00000 0.00131
10134.00000 0.0013
10136.00000 0.00132
10138.00000 0.00128
10140.00000 0.0013
10142.00000 0.00134
10144.00000 0.00127
10146.00000 0.00125
10148.00000 0.00127
10150.00000 0.00132
10152.00000 0.00129
10154.00000 0.00131
10156.00000 0.00131
10158.00000 0.00124
10160.00000 0.00127
10162.00000 0.00126
10164.00000 0.00127
10166.00000 0.00125
10168.00000 0.00123
10170.00000 0.00128
10172.00000 0.00122
10174.00000 0.00125
10176.00000 0.00123
10178.00000 0.00119
10180.00000 0.00121
10182.00000 0.00119
10184.00000 0.00124
10186.00000 0.00123
10188.00000 0.0012
10190.00000 0.00123
10192.00000 0.00121
10194.00000 0.00119
10196.00000 0.00118
10198.00000 0.00114
10200.00000 0.00119
10202.00000 0.0012
10204.00000 0.00118
10206.00000 0.00114
10208.00000 0.00119
10210.00000 0.00118
10212.00000 0.00118
10214.00000 0.00115
10216.00000 0.00113
10218.00000 0.00114
10220.00000 0.00113
10222.00000 0.00114
10224.00000 0.00113
10226.00000 0.00113
10228.00000 0.0011
10230.00000 0.00116
10232.00000 0.00116
10234.00000 0.00113
10236.00000 0.00112
10238.00000 0.00111
10240.00000 0.00115
10242.00000 0.00113
10244.00000 0.0011
10246.00000 0.0011
10248.00000 0.0011
10250.00000 0.00109
10252.00000 0.0011
10254.00000 0.00108
10256.00000 0.00108
10258.00000 0.0011
10260.00000 0.00109
10262.00000 0.00102
10264.00000 0.00105
10266.00000 0.00108
10268.00000 0.00102
10270.00000 0.00105
10272.00000 0.00104
10274.00000 0.00104
10276.00000 0.00106
10278.00000 0.00105
10280.00000 0.00107
10282.00000 0.00106
10284.00000 0.00102
10286.00000 0.00104
10288.00000 0.00107
10290.00000 0.00109
10292.00000 0.001
10294.00000 0.00106
10296.00000 0.00098
10298.00000 0.00103
10300.00000 0.00103
10302.00000 0.001
10304.00000 0.00106
10306.00000 0.00108
10308.00000 0.00097
10310.00000 0.001
10312.00000 0.00101
10314.00000 0.00105
10316.00000 0.001
10318.00000 0.00096
10320.00000 0.00097
10322.00000 0.00101
10324.00000 0.00094
10326.00000 0.00101
10328.00000 0.00094
10330.00000 0.00098
10332.00000 0.00097
10334.00000 0.00096
10336.00000 0.00095
10338.00000 0.00095
10340.00000 0.00091
10342.00000 0.00097
10344.00000 0.00093
10346.00000 0.00099
10348.00000 0.00095
10350.00000 0.00095
10352.00000 0.00094
10354.00000 0.00093
10356.00000 0.00094
10358.00000 0.00091
10360.00000 0.00095
10362.00000 0.0009
10364.00000 0.00091
10366.00000 0.00093
10368.00000 0.00091
10370.00000 0.00089
10372.00000 0.00095
10374.00000 0.00094
10376.00000 0.00088
10378.00000 0.00091
10380.00000 0.00095
10382.00000 0.0009
10384.00000 0.0009
10386.00000 0.00089
10388.00000 0.00087
10390.00000 0.00091
10392.00000 0.00088
10394.00000 0.00092
10396.00000 0.00088
10398.00000 0.00093
10400.00000 0.00086
10402.00000 0.00091
10404.00000 0.00086
10406.00000 0.00089
10408.00000 0.00084
10410.00000 0.00086
10412.00000 0.00086
10414.00000 0.00085
10416.00000 0.00085
10418.00000 0.00086
10420.00000 0.00084
10422.00000 0.00085
10424.00000 0.00086
10426.00000 0.00089
10428.00000 0.00084
10430.00000 0.00083
10432.00000 0.00086
10434.00000 0.00083
10436.00000 0.00083
10438.00000 0.00085
10440.00000 0.00086
10442.00000 0.00086
10444.00000 0.00082
10446.00000 0.00079
10448.00000 0.00082
10450.00000 0.00082
10452.00000 0.0008
10454.00000 0.00079
10456.00000 0.00083
10458.00000 0.00078
10460.00000 0.00081
10462.00000 0.00078
10464.00000 0.00079
10466.00000 0.0008
10468.00000 0.00084
10470.00000 0.00079
10472.00000 0.00078
10474.00000 0.0008
10476.00000 0.00075
10478.00000 0.00083
10480.00000 0.00081
10482.00000 0.0008
10484.00000 0.00079
10486.00000 0.00076
10488.00000 0.00069
10490.00000 0.00077
10492.00000 0.0008
