threeML/data/optical_filters/OSN/Circ-Cousins_I.ecsv
# %ECSV 0.9
# ---
# datatype:
# - {name: wavelength, unit: Angstrom, datatype: float32}
# - {name: response, datatype: float32}
# meta: !!omap
# - {band_name: Cousins_I}
# - {group_name: Circ}
wavelength response
[from data line 1688]
10298.00000 0.48153
10300.00000 0.48065
10302.00000 0.47973
10304.00000 0.47874
10306.00000 0.47793
10308.00000 0.47696
10310.00000 0.47615
10312.00000 0.47517
10314.00000 0.47439
10316.00000 0.47338
10318.00000 0.47246
10320.00000 0.4715
10322.00000 0.47058
10324.00000 0.46965
10326.00000 0.46884
10328.00000 0.46794
10330.00000 0.46683
10332.00000 0.46598
10334.00000 0.46501
10336.00000 0.46418
10338.00000 0.46317
10340.00000 0.46233
10342.00000 0.46142
10344.00000 0.46057
10346.00000 0.45956
10348.00000 0.45869
10350.00000 0.45772
10352.00000 0.45677
10354.00000 0.4559
10356.00000 0.45491
10358.00000 0.45403
10360.00000 0.45312
10362.00000 0.45234
10364.00000 0.45134
10366.00000 0.45047
10368.00000 0.44951
10370.00000 0.44868
10372.00000 0.44768
10374.00000 0.4467
10376.00000 0.44578
10378.00000 0.44496
10380.00000 0.44402
10382.00000 0.44302
10384.00000 0.4421
10386.00000 0.44119
10388.00000 0.44036
10390.00000 0.43922
10392.00000 0.43841
10394.00000 0.43748
10396.00000 0.43661
10398.00000 0.43563
10400.00000 0.43477
10402.00000 0.43372
10404.00000 0.43274
10406.00000 0.43183
10408.00000 0.43077
10410.00000 0.42992
10412.00000 0.42904
10414.00000 0.42822
10416.00000 0.4271
10418.00000 0.42624
10420.00000 0.42525
10422.00000 0.42439
10424.00000 0.42334
10426.00000 0.42241
10428.00000 0.42141
10430.00000 0.42053
10432.00000 0.41964
10434.00000 0.41863
10436.00000 0.41771
10438.00000 0.41668
10440.00000 0.41584
10442.00000 0.41472
10444.00000 0.41388
10446.00000 0.41292
10448.00000 0.41209
10450.00000 0.41103
10452.00000 0.41011
10454.00000 0.40908
10456.00000 0.40815
10458.00000 0.40726
10460.00000 0.40623
10462.00000 0.40527
10464.00000 0.40433
10466.00000 0.40355
10468.00000 0.40243
10470.00000 0.40156
10472.00000 0.40053
10474.00000 0.39971
10476.00000 0.39867
10478.00000 0.39771
10480.00000 0.39677
10482.00000 0.39591
10484.00000 0.3949
10486.00000 0.39391
10488.00000 0.39305
10490.00000 0.39198
10492.00000 0.39105
10494.00000 0.38997
10496.00000 0.38916
10498.00000 0.38814
10500.00000 0.38735
10502.00000 0.38631
10504.00000 0.38542
10506.00000 0.38436
10508.00000 0.38345
10510.00000 0.38241
10512.00000 0.38142
10514.00000 0.38043
10516.00000 0.37953
10518.00000 0.37867
10520.00000 0.37754
10522.00000 0.37669
10524.00000 0.37573
10526.00000 0.3748
10528.00000 0.37372
10530.00000 0.37284
10532.00000 0.37184
10534.00000 0.37099
10536.00000 0.36999
10538.00000 0.36902
10540.00000 0.3681
10542.00000 0.367
10544.00000 0.36615
10546.00000 0.36504
10548.00000 0.36423
10550.00000 0.36315
10552.00000 0.36235
10554.00000 0.36129
10556.00000 0.36039
10558.00000 0.35941
10560.00000 0.3585
10562.00000 0.35744
10564.00000 0.35642
10566.00000 0.35551
10568.00000 0.3546
10570.00000 0.35366
10572.00000 0.35261
10574.00000 0.35172
10576.00000 0.35068
10578.00000 0.34982
10580.00000 0.34874
10582.00000 0.34787
10584.00000 0.34686
10586.00000 0.34599
10588.00000 0.34491
10590.00000 0.34395
10592.00000 0.34305
10594.00000 0.34207
10596.00000 0.34109
10598.00000 0.34003
10600.00000 0.33913
10602.00000 0.33814
10604.00000 0.3373
10606.00000 0.3362
10608.00000 0.33536
10610.00000 0.33442
10612.00000 0.33352
10614.00000 0.33243
10616.00000 0.33145
10618.00000 0.33049
10620.00000 0.32959
10622.00000 0.32864
10624.00000 0.32757
10626.00000 0.32669
10628.00000 0.32565
10630.00000 0.32476
10632.00000 0.32374
10634.00000 0.32292
10636.00000 0.32189
10638.00000 0.32105
10640.00000 0.32002
10642.00000 0.31905
10644.00000 0.31806
10646.00000 0.3171
10648.00000 0.31616
10650.00000 0.31514
10652.00000 0.3142
10654.00000 0.31328
10656.00000 0.3125
10658.00000 0.31142
10660.00000 0.31054
10662.00000 0.30954
10664.00000 0.30868
10666.00000 0.30771
10668.00000 0.30682
10670.00000 0.30578
10672.00000 0.30495
10674.00000 0.30397
10676.00000 0.30297
10678.00000 0.30196
10680.00000 0.30086
10682.00000 0.30002
10684.00000 0.29899
10686.00000 0.29814
10688.00000 0.29713
10690.00000 0.29634
10692.00000 0.2953
10694.00000 0.29435
10696.00000 0.29343
10698.00000 0.29244
10700.00000 0.2915
10702.00000 0.2905
10704.00000 0.2896
10706.00000 0.28863
10708.00000 0.28786
10710.00000 0.28675
10712.00000 0.28588
10714.00000 0.28487
10716.00000 0.28408
10718.00000 0.28301
10720.00000 0.28207
10722.00000 0.2812
10724.00000 0.28031
10726.00000 0.2793
10728.00000 0.27834
10730.00000 0.27737
10732.00000 0.27647
10734.00000 0.2756
10736.00000 0.27454
10738.00000 0.2737
10740.00000 0.27275
10742.00000 0.27196
10744.00000 0.2709
10746.00000 0.27004
10748.00000 0.26908
10750.00000 0.26819
10752.00000 0.2672
10754.00000 0.26621
10756.00000 0.26534
10758.00000 0.26443
10760.00000 0.26359
10762.00000 0.26259
10764.00000 0.26169
10766.00000 0.26075
10768.00000 0.25988
10770.00000 0.25884
10772.00000 0.25803
10774.00000 0.25714
10776.00000 0.25625
10778.00000 0.25529
10780.00000 0.25437
10782.00000 0.2535
10784.00000 0.25252
10786.00000 0.25162
10788.00000 0.25064
10790.00000 0.24984
10792.00000 0.24892
10794.00000 0.24816
10796.00000 0.24713
10798.00000 0.24632
10800.00000 0.24543
10802.00000 0.24452
10804.00000 0.24355
10806.00000 0.24261
10808.00000 0.24179
10810.00000 0.24088
10812.00000 0.23999
10814.00000 0.23907
10816.00000 0.23823
10818.00000 0.23729
10820.00000 0.2365
10822.00000 0.23551
10824.00000 0.23467
10826.00000 0.2338
10828.00000 0.23301
10830.00000 0.23204
10832.00000 0.23115
10834.00000 0.23029
10836.00000 0.2294
10838.00000 0.22851
10840.00000 0.22753
10842.00000 0.22677
10844.00000 0.2259
10846.00000 0.22512
10848.00000 0.22418
10850.00000 0.22333
10852.00000 0.22249
10854.00000 0.22164
10856.00000 0.22073
10858.00000 0.21991
10860.00000 0.21902
10862.00000 0.2182
10864.00000 0.21736
10866.00000 0.21645
10868.00000 0.21561
10870.00000 0.21469
10872.00000 0.21395
10874.00000 0.21297
10876.00000 0.21222
10878.00000 0.2113
10880.00000 0.21056
10882.00000 0.20968
10884.00000 0.20884
10886.00000 0.20796
10888.00000 0.20714
10890.00000 0.20633
10892.00000 0.20544
10894.00000 0.20461
10896.00000 0.20382
10898.00000 0.2031
10900.00000 0.20222
10902.00000 0.20142
10904.00000 0.20057
10906.00000 0.19978
10908.00000 0.19897
10910.00000 0.19816
10912.00000 0.19734
10914.00000 0.19657
10916.00000 0.19581
10918.00000 0.19489
10920.00000 0.19416
10922.00000 0.19331
10924.00000 0.19253
10926.00000 0.19166
10928.00000 0.19096
10930.00000 0.19014
10932.00000 0.18945
10934.00000 0.18862
10936.00000 0.18778
10938.00000 0.18703
10940.00000 0.1862
10942.00000 0.1854
10944.00000 0.18456
10946.00000 0.18379
10948.00000 0.18304
10950.00000 0.18234
10952.00000 0.18148
10954.00000 0.18076
10956.00000 0.17994
10958.00000 0.17925
10960.00000 0.17836
10962.00000 0.17762
10964.00000 0.17682
10966.00000 0.1762
10968.00000 0.17537
10970.00000 0.17457
10972.00000 0.17382
10974.00000 0.17303
10976.00000 0.17229
10978.00000 0.17148
10980.00000 0.17074
10982.00000 0.17004
10984.00000 0.16938
10986.00000 0.16853
10988.00000 0.16775
10990.00000 0.16709
10992.00000 0.16632
10994.00000 0.16552
10996.00000 0.16472
10998.00000 0.16398
11000.00000 0.16328
11002.00000 0.1626
11004.00000 0.16172
11006.00000 0.16109
11008.00000 0.16032
11010.00000 0.15965
11012.00000 0.1588
11014.00000 0.15811
11016.00000 0.15743
11018.00000 0.15676
11020.00000 0.156
11022.00000 0.15522
11024.00000 0.15456
11026.00000 0.1538
11028.00000 0.1531
11030.00000 0.1523
11032.00000 0.15166
11034.00000 0.15098
11036.00000 0.15035
11038.00000 0.14959
11040.00000 0.14897
11042.00000 0.14823
11044.00000 0.14757
11046.00000 0.14679
11048.00000 0.14608
11050.00000 0.14537
11052.00000 0.1447
11054.00000 0.14406
11056.00000 0.14329
11058.00000 0.14267
11060.00000 0.1419
11062.00000 0.14129
11064.00000 0.14056
11066.00000 0.1399
11068.00000 0.13924
11070.00000 0.13859
11072.00000 0.13788
11074.00000 0.13719
11076.00000 0.13651
11078.00000 0.13584
11080.00000 0.13519
11082.00000 0.13446
11084.00000 0.13388
11086.00000 0.13319
11088.00000 0.13263
11090.00000 0.13187
11092.00000 0.13132
11094.00000 0.1306
11096.00000 0.12999
11098.00000 0.12939
11100.00000 0.12868
11102.00000 0.12802
11104.00000 0.12743
11106.00000 0.12677
11108.00000 0.12611
11110.00000 0.12551
11112.00000 0.12485
11114.00000 0.12432
11116.00000 0.12357
11118.00000 0.12299
11120.00000 0.12236
11122.00000 0.12178
11124.00000 0.12111
11126.00000 0.12055
11128.00000 0.11986
11130.00000 0.11927
11132.00000 0.11862
11134.00000 0.11803
11136.00000 0.11739
11138.00000 0.11677
11140.00000 0.11621
11142.00000 0.11553
11144.00000 0.11504
11146.00000 0.11435
11148.00000 0.11379
11150.00000 0.11318
11152.00000 0.1126
11154.00000 0.11204
11156.00000 0.11145
11158.00000 0.11084
11160.00000 0.11024
11162.00000 0.10967
11164.00000 0.10903
11166.00000 0.1085
11168.00000 0.10785
11170.00000 0.10736
11172.00000 0.10675
11174.00000 0.1063
11176.00000 0.10563
11178.00000 0.10507
11180.00000 0.10453
11182.00000 0.10396
11184.00000 0.10335
11186.00000 0.10279
11188.00000 0.10222
11190.00000 0.10169
11192.00000 0.10117
11194.00000 0.10051
11196.00000 0.10008
11198.00000 0.09947
11200.00000 0.099
11202.00000 0.09836
11204.00000 0.09789
11206.00000 0.09733
11208.00000 0.09687
11210.00000 0.09632
11212.00000 0.09572
11214.00000 0.09525
11216.00000 0.09476
11218.00000 0.09424
11220.00000 0.09364
11222.00000 0.09317
11224.00000 0.09273
11226.00000 0.09226
11228.00000 0.09173
11230.00000 0.09121
11232.00000 0.09071
11234.00000 0.09018
11236.00000 0.08966
11238.00000 0.08912
11240.00000 0.08868
11242.00000 0.08812
11244.00000 0.0877
11246.00000 0.08712
11248.00000 0.0867
11250.00000 0.08619
11252.00000 0.08572
11254.00000 0.08519
11256.00000 0.08472
11258.00000 0.08421
11260.00000 0.08372
11262.00000 0.08333
11264.00000 0.08281
11266.00000 0.0823
11268.00000 0.08184
11270.00000 0.08136
11272.00000 0.08082
11274.00000 0.08042
11276.00000 0.07995
11278.00000 0.07954
11280.00000 0.07904
11282.00000 0.0786
11284.00000 0.07811
11286.00000 0.07772
11288.00000 0.0772
11290.00000 0.07678
11292.00000 0.07634
11294.00000 0.07587
11296.00000 0.0754
11298.00000 0.07492
11300.00000 0.0745
11302.00000 0.07404
11304.00000 0.07361
11306.00000 0.07313
11308.00000 0.07277
11310.00000 0.07232
11312.00000 0.07193
11314.00000 0.0715
11316.00000 0.07103
11318.00000 0.07059
11320.00000 0.07018
11322.00000 0.06977
11324.00000 0.06932
11326.00000 0.06892
11328.00000 0.0685
11330.00000 0.06818
11332.00000 0.06772
11334.00000 0.06735
11336.00000 0.06689
11338.00000 0.06653
11340.00000 0.0661
11342.00000 0.06569
11344.00000 0.06529
11346.00000 0.06495
11348.00000 0.06455
11350.00000 0.06412
11352.00000 0.06374
11354.00000 0.06328
11356.00000 0.06294
11358.00000 0.06251
11360.00000 0.06211
11362.00000 0.06177
11364.00000 0.06141
11366.00000 0.06102
11368.00000 0.06062
11370.00000 0.06031
11372.00000 0.05987
11374.00000 0.0595
11376.00000 0.05911
11378.00000 0.05878
11380.00000 0.05838
11382.00000 0.05812
11384.00000 0.05766
11386.00000 0.05736
11388.00000 0.05696
11390.00000 0.05665
11392.00000 0.05626
11394.00000 0.05591
11396.00000 0.05552
11398.00000 0.05524
11400.00000 0.05486
11402.00000 0.05449
11404.00000 0.05421
11406.00000 0.05382
11408.00000 0.05351
11410.00000 0.05312
11412.00000 0.05285
11414.00000 0.05246
11416.00000 0.05217
11418.00000 0.05178
11420.00000 0.05147
11422.00000 0.05114
11424.00000 0.05086
11426.00000 0.05046
11428.00000 0.05018
11430.00000 0.04985
11432.00000 0.04951
11434.00000 0.04924
11436.00000 0.04891
11438.00000 0.0486
11440.00000 0.04824
11442.00000 0.04798
11444.00000 0.04761
11446.00000 0.04732
11448.00000 0.04704
11450.00000 0.04676
11452.00000 0.04642
11454.00000 0.04613
11456.00000 0.04582
11458.00000 0.04555
11460.00000 0.04523
11462.00000 0.04486
11464.00000 0.0446
11466.00000 0.04429
11468.00000 0.04405
11470.00000 0.04369
11472.00000 0.04344
11474.00000 0.04318
11476.00000 0.0429
11478.00000 0.0426
11480.00000 0.04228
11482.00000 0.04203
11484.00000 0.04179
11486.00000 0.04151
11488.00000 0.0412
11490.00000 0.04095
11492.00000 0.04062
11494.00000 0.04039
11496.00000 0.04012
11498.00000 0.03987
11500.00000 0.03954
11502.00000 0.0394
11504.00000 0.03904
11506.00000 0.03882
11508.00000 0.0385
11510.00000 0.0383
11512.00000 0.03804
11514.00000 0.0377
11516.00000 0.03751
11518.00000 0.03722
11520.00000 0.037
11522.00000 0.03668
11524.00000 0.03649
11526.00000 0.03623
11528.00000 0.03595
11530.00000 0.0357
11532.00000 0.03545
11534.00000 0.03528
11536.00000 0.03497
11538.00000 0.03476
11540.00000 0.03451
11542.00000 0.03432
11544.00000 0.03403
11546.00000 0.03381
11548.00000 0.03354
11550.00000 0.03334
11552.00000 0.03308
11554.00000 0.0329
11556.00000 0.0326
11558.00000 0.03244
11560.00000 0.03215
11562.00000 0.03194
11564.00000 0.03173
11566.00000 0.03149
11568.00000 0.03133
11570.00000 0.03108
11572.00000 0.03092
11574.00000 0.03063
11576.00000 0.03042
11578.00000 0.03019
11580.00000 0.03
11582.00000 0.02977
11584.00000 0.0296
11586.00000 0.02932
11588.00000 0.02917
11590.00000 0.02893
11592.00000 0.02873
11594.00000 0.02855
11596.00000 0.02834
11598.00000 0.02813
11600.00000 0.02792
11602.00000 0.02774
11604.00000 0.02749
11606.00000 0.02739
11608.00000 0.02714
11610.00000 0.02693
11612.00000 0.02678
11614.00000 0.02655
11616.00000 0.02632
11618.00000 0.02613
11620.00000 0.02597
11622.00000 0.0258
11624.00000 0.02561
11626.00000 0.02539
11628.00000 0.02522
11630.00000 0.02505
11632.00000 0.02487
11634.00000 0.02468
11636.00000 0.0245
11638.00000 0.02438
11640.00000 0.02414
11642.00000 0.02402
11644.00000 0.02382
11646.00000 0.02367
11648.00000 0.02348
11650.00000 0.02326
11652.00000 0.02309
11654.00000 0.02297
11656.00000 0.02278
11658.00000 0.02265
11660.00000 0.02246
11662.00000 0.02232
11664.00000 0.02216
11666.00000 0.02196
11668.00000 0.02182
11670.00000 0.02164
11672.00000 0.02148
11674.00000 0.02129
11676.00000 0.02118
11678.00000 0.02101
11680.00000 0.02088
11682.00000 0.0207
11684.00000 0.02058
11686.00000 0.02039
11688.00000 0.02023
11690.00000 0.02012
11692.00000 0.02
11694.00000 0.01981
11696.00000 0.01962
11698.00000 0.01953
11700.00000 0.01939
11702.00000 0.01922
11704.00000 0.0191
11706.00000 0.01896
11708.00000 0.01879
11710.00000 0.01871
11712.00000 0.0185
11714.00000 0.01843
11716.00000 0.01825
11718.00000 0.01815
11720.00000 0.018
11722.00000 0.01784
11724.00000 0.01774
11726.00000 0.01759
11728.00000 0.01745
11730.00000 0.01731
11732.00000 0.01714
11734.00000 0.01702
11736.00000 0.01693
11738.00000 0.01681
11740.00000 0.0167
11742.00000 0.01656
11744.00000 0.01645
11746.00000 0.0163
11748.00000 0.01622
11750.00000 0.01604
11752.00000 0.01593
11754.00000 0.01584
11756.00000 0.01567
11758.00000 0.0156
11760.00000 0.01545
11762.00000 0.01529
11764.00000 0.0152
11766.00000 0.0151
11768.00000 0.01498
11770.00000 0.01493
11772.00000 0.01476
11774.00000 0.01469
11776.00000 0.01458
11778.00000 0.01445
11780.00000 0.01437
11782.00000 0.01423
11784.00000 0.01412
11786.00000 0.01403
11788.00000 0.01397
11790.00000 0.0138
11792.00000 0.01369
11794.00000 0.01361
11796.00000 0.01353
11798.00000 0.01341
11800.00000 0.01334
11802.00000 0.01321
11804.00000 0.01313
11806.00000 0.01304
11808.00000 0.01294
11810.00000 0.01283
11812.00000 0.01275
11814.00000 0.01264
11816.00000 0.01255
11818.00000 0.01243
11820.00000 0.01233
11822.00000 0.01231
11824.00000 0.01215
11826.00000 0.01202
11828.00000 0.01197
11830.00000 0.01189
11832.00000 0.01177
11834.00000 0.01172
11836.00000 0.0116
11838.00000 0.01152
11840.00000 0.01144
11842.00000 0.01134
11844.00000 0.01124
11846.00000 0.01116
11848.00000 0.0111
11850.00000 0.01099
11852.00000 0.0109
11854.00000 0.01085
11856.00000 0.01076
11858.00000 0.01065
11860.00000 0.01057
11862.00000 0.01052
11864.00000 0.01036
11866.00000 0.01034
11868.00000 0.01026
11870.00000 0.01018
11872.00000 0.01006
11874.00000 0.01001
11876.00000 0.00993
11878.00000 0.00987
11880.00000 0.0098
11882.00000 0.00968
11884.00000 0.00962
11886.00000 0.00954
11888.00000 0.00949
11890.00000 0.00939
11892.00000 0.00934
11894.00000 0.00925
11896.00000 0.00919
11898.00000 0.00913
11900.00000 0.00907
11902.00000 0.00899
11904.00000 0.0089
