threeML/data/optical_filters/OSN/Circ-Cousins_R.ecsv
# %ECSV 0.9
# ---
# datatype:
# - {name: wavelength, unit: Angstrom, datatype: float32}
# - {name: response, datatype: float32}
# meta: !!omap
# - {band_name: Cousins_R}
# - {group_name: Circ}
wavelength response
[from data line 2529]
10496.00000 0.00078
10498.00000 0.00079
10500.00000 0.00082
10502.00000 0.00077
10504.00000 0.00079
10506.00000 0.00078
10508.00000 0.00073
10510.00000 0.00073
10512.00000 0.0007
10514.00000 0.00076
10516.00000 0.00074
10518.00000 0.00075
10520.00000 0.00075
10522.00000 0.00074
10524.00000 0.00078
10526.00000 0.00073
10528.00000 0.00073
10530.00000 0.00076
10532.00000 0.00076
10534.00000 0.00072
10536.00000 0.00072
10538.00000 0.00073
10540.00000 0.0007
10542.00000 0.0007
10544.00000 0.00078
10546.00000 0.00072
10548.00000 0.00076
10550.00000 0.00073
10552.00000 0.00069
10554.00000 0.00071
10556.00000 0.00068
10558.00000 0.0007
10560.00000 0.00071
10562.00000 0.00073
10564.00000 0.00072
10566.00000 0.00075
10568.00000 0.00068
10570.00000 0.00069
10572.00000 0.00071
10574.00000 0.00071
10576.00000 0.00069
10578.00000 0.00071
10580.00000 0.00074
10582.00000 0.00072
10584.00000 0.00071
10586.00000 0.0007
10588.00000 0.00072
10590.00000 0.00068
10592.00000 0.00067
10594.00000 0.00064
10596.00000 0.00067
10598.00000 0.00067
10600.00000 0.00068
10602.00000 0.00061
10604.00000 0.0007
10606.00000 0.0007
10608.00000 0.0007
10610.00000 0.00072
10612.00000 0.00074
10614.00000 0.00072
10616.00000 0.00067
10618.00000 0.00068
10620.00000 0.00064
10622.00000 0.00067
10624.00000 0.00066
10626.00000 0.00064
10628.00000 0.00065
10630.00000 0.00064
10632.00000 0.00067
10634.00000 0.00063
10636.00000 0.0007
10638.00000 0.00069
10640.00000 0.00065
10642.00000 0.0006
10644.00000 0.00064
10646.00000 0.00061
10648.00000 0.00063
10650.00000 0.00063
10652.00000 0.00064
10654.00000 0.00062
10656.00000 0.00064
10658.00000 0.00062
10660.00000 0.00061
10662.00000 0.00067
10664.00000 0.0006
10666.00000 0.00065
10668.00000 0.0006
10670.00000 0.00061
10672.00000 0.00063
10674.00000 0.00056
10676.00000 0.0006
10678.00000 0.00062
10680.00000 0.00061
10682.00000 0.00062
10684.00000 0.0006
10686.00000 0.00062
10688.00000 0.00059
10690.00000 0.00064
10692.00000 0.0006
10694.00000 0.00059
10696.00000 0.00063
10698.00000 0.00059
10700.00000 0.00062
10702.00000 0.00057
10704.00000 0.00061
10706.00000 0.00063
10708.00000 0.0006
10710.00000 0.0006
10712.00000 0.00061
10714.00000 0.00059
10716.00000 0.00061
10718.00000 0.00059
10720.00000 0.0006
10722.00000 0.0006
10724.00000 0.00056
10726.00000 0.00055
10728.00000 0.00058
10730.00000 0.00059
10732.00000 0.00059
10734.00000 0.0006
10736.00000 0.00054
10738.00000 0.00057
10740.00000 0.00059
10742.00000 0.00057
10744.00000 0.00057
10746.00000 0.00055
10748.00000 0.00061
10750.00000 0.00057
10752.00000 0.00058
10754.00000 0.00051
10756.00000 0.00051
10758.00000 0.00055
10760.00000 0.00058
10762.00000 0.00056
10764.00000 0.00057
10766.00000 0.00054
10768.00000 0.00049
10770.00000 0.00055
10772.00000 0.0005
10774.00000 0.00055
10776.00000 0.00056
10778.00000 0.00056
10780.00000 0.00052
10782.00000 0.00052
10784.00000 0.00055
10786.00000 0.00057
10788.00000 0.00055
10790.00000 0.00054
10792.00000 0.00056
10794.00000 0.00056
10796.00000 0.00052
10798.00000 0.00047
10800.00000 0.00055
10802.00000 0.00056
10804.00000 0.00052
10806.00000 0.00052
10808.00000 0.00054
10810.00000 0.00056
10812.00000 0.00056
10814.00000 0.00054
10816.00000 0.00058
10818.00000 0.00053
10820.00000 0.00052
10822.00000 0.00051
10824.00000 0.00055
10826.00000 0.0005
10828.00000 0.00053
10830.00000 0.00058
10832.00000 0.00055
10834.00000 0.0005
10836.00000 0.00052
10838.00000 0.00052
10840.00000 0.00051
10842.00000 0.00057
10844.00000 0.00048
10846.00000 0.0005
10848.00000 0.00049
10850.00000 0.0005
10852.00000 0.00046
10854.00000 0.00052
10856.00000 0.00052
10858.00000 0.0005
10860.00000 0.00052
10862.00000 0.00049
10864.00000 0.00051
10866.00000 0.00052
10868.00000 0.00045
10870.00000 0.00048
10872.00000 0.00048
10874.00000 0.00051
10876.00000 0.00049
10878.00000 0.00052
10880.00000 0.0005
10882.00000 0.0005
10884.00000 0.0005
10886.00000 0.00046
10888.00000 0.00049
10890.00000 0.00049
10892.00000 0.00047
10894.00000 0.00047
10896.00000 0.00049
10898.00000 0.00049
10900.00000 0.00049
10902.00000 0.00051
10904.00000 0.00045
10906.00000 0.00049
10908.00000 0.00049
10910.00000 0.00049
10912.00000 0.00047
10914.00000 0.00051
10916.00000 0.00049
10918.00000 0.00048
10920.00000 0.00047
10922.00000 0.00045
10924.00000 0.00046
10926.00000 0.00044
10928.00000 0.00049
10930.00000 0.00041
10932.00000 0.00051
10934.00000 0.00045
10936.00000 0.00047
10938.00000 0.00044
10940.00000 0.00046
10942.00000 0.00048
10944.00000 0.00047
10946.00000 0.00051
10948.00000 0.00047
10950.00000 0.00042
10952.00000 0.00039
10954.00000 0.00045
10956.00000 0.00043
10958.00000 0.00046
10960.00000 0.0005
10962.00000 0.0005
10964.00000 0.00051
10966.00000 0.00047
10968.00000 0.00043
10970.00000 0.00046
10972.00000 0.0004
10974.00000 0.00047
10976.00000 0.00047
10978.00000 0.00044
10980.00000 0.00045
10982.00000 0.00045
10984.00000 0.00049
10986.00000 0.00047
10988.00000 0.00047
10990.00000 0.00043
10992.00000 0.0005
10994.00000 0.00044
10996.00000 0.00042
10998.00000 0.00048
11000.00000 0.00045
12100.00000 0.0
