threeML/data/optical_filters/OSN/Circ-Johnson_B.ecsv
# %ECSV 0.9
# ---
# datatype:
# - {name: wavelength, unit: Angstrom, datatype: float32}
# - {name: response, datatype: float32}
# meta: !!omap
# - {band_name: Johnson_B}
# - {group_name: Circ}
wavelength response
3114.00000 0.0
3460.00000 4e-05
3462.00000 4e-05
3464.00000 5e-05
3466.00000 6e-05
3468.00000 9e-05
3470.00000 9e-05
3472.00000 0.00011
3474.00000 0.00013
3476.00000 0.00016
3478.00000 0.00017
3480.00000 0.00022
3482.00000 0.00026
3484.00000 0.00028
3486.00000 0.00035
3488.00000 0.00039
3490.00000 0.00043
3492.00000 0.0005
3494.00000 0.00059
3496.00000 0.00069
3498.00000 0.00073
3500.00000 0.00086
3502.00000 0.00099
3504.00000 0.00111
3506.00000 0.00125
3508.00000 0.00141
3510.00000 0.00159
3512.00000 0.00179
3514.00000 0.00199
3516.00000 0.00219
3518.00000 0.00246
3520.00000 0.00274
3522.00000 0.00305
3524.00000 0.00337
3526.00000 0.00369
3528.00000 0.00407
3530.00000 0.00448
3532.00000 0.00491
3534.00000 0.00537
3536.00000 0.00582
3538.00000 0.00637
3540.00000 0.00695
3542.00000 0.00752
3544.00000 0.00816
3546.00000 0.00881
3548.00000 0.00958
3550.00000 0.01036
3552.00000 0.01109
3554.00000 0.01192
3556.00000 0.01281
3558.00000 0.01372
3560.00000 0.01469
3562.00000 0.01569
3564.00000 0.01672
3566.00000 0.01783
3568.00000 0.01889
3570.00000 0.02002
3572.00000 0.02135
3574.00000 0.02261
3576.00000 0.02391
3578.00000 0.02522
3580.00000 0.02664
3582.00000 0.02809
3584.00000 0.02966
3586.00000 0.03116
3588.00000 0.03272
3590.00000 0.03435
3592.00000 0.03604
3594.00000 0.03772
3596.00000 0.03938
3598.00000 0.04116
3600.00000 0.04313
3602.00000 0.04495
3604.00000 0.04683
3606.00000 0.04885
3608.00000 0.05074
3610.00000 0.0528
3612.00000 0.0549
3614.00000 0.05705
3616.00000 0.05936
3618.00000 0.06142
3620.00000 0.0636
3622.00000 0.06581
3624.00000 0.06807
3626.00000 0.07061
3628.00000 0.07287
3630.00000 0.07516
3632.00000 0.07746
3634.00000 0.08
3636.00000 0.08252
3638.00000 0.08495
3640.00000 0.08745
3642.00000 0.09002
3644.00000 0.09257
3646.00000 0.09491
3648.00000 0.09766
3650.00000 0.10026
3652.00000 0.10277
3654.00000 0.10547
3656.00000 0.1081
3658.00000 0.11078
3660.00000 0.11358
3662.00000 0.1163
3664.00000 0.11892
3666.00000 0.12186
3668.00000 0.12449
3670.00000 0.12724
3672.00000 0.13006
3674.00000 0.13266
3676.00000 0.13533
3678.00000 0.13826
3680.00000 0.14135
3682.00000 0.1438
3684.00000 0.14661
3686.00000 0.14932
3688.00000 0.15211
3690.00000 0.15458
3692.00000 0.15741
3694.00000 0.16038
3696.00000 0.16306
3698.00000 0.16569
3700.00000 0.1685
3702.00000 0.1713
3704.00000 0.17368
3706.00000 0.17658
3708.00000 0.17952
3710.00000 0.18212
3712.00000 0.18464
3714.00000 0.18755
3716.00000 0.19021
3718.00000 0.19307
3720.00000 0.19569
3722.00000 0.1983
3724.00000 0.20097
3726.00000 0.20361
3728.00000 0.20637
3730.00000 0.20908
3732.00000 0.21164
3734.00000 0.21429
3736.00000 0.217
3738.00000 0.21962
3740.00000 0.22208
3742.00000 0.22493
3744.00000 0.22724
3746.00000 0.22984
3748.00000 0.23242
3750.00000 0.23485
3752.00000 0.23736
3754.00000 0.23994
3756.00000 0.24257
3758.00000 0.24492
3760.00000 0.24745
3762.00000 0.24988
3764.00000 0.25204
3766.00000 0.25493
3768.00000 0.25726
3770.00000 0.25952
3772.00000 0.26206
3774.00000 0.26462
3776.00000 0.26687
3778.00000 0.2694
3780.00000 0.27173
3782.00000 0.2739
3784.00000 0.27629
3786.00000 0.27835
3788.00000 0.28085
3790.00000 0.28289
3792.00000 0.28536
3794.00000 0.2876
3796.00000 0.28986
3798.00000 0.29175
3800.00000 0.29419
3802.00000 0.29641
3804.00000 0.2984
3806.00000 0.30067
3808.00000 0.3031
3810.00000 0.30486
3812.00000 0.30714
3814.00000 0.30916
3816.00000 0.31104
3818.00000 0.31313
3820.00000 0.31523
3822.00000 0.31709
3824.00000 0.31911
3826.00000 0.32097
3828.00000 0.32325
3830.00000 0.32487
3832.00000 0.32695
3834.00000 0.32858
3836.00000 0.33071
3838.00000 0.33256
3840.00000 0.33452
3842.00000 0.33641
3844.00000 0.33833
3846.00000 0.34021
3848.00000 0.34219
3850.00000 0.34369
3852.00000 0.34575
3854.00000 0.34747
3856.00000 0.3492
3858.00000 0.35096
3860.00000 0.35278
3862.00000 0.35433
3864.00000 0.35597
3866.00000 0.35762
3868.00000 0.3592
3870.00000 0.36097
3872.00000 0.3626
3874.00000 0.36441
3876.00000 0.36592
3878.00000 0.36778
3880.00000 0.36927
3882.00000 0.37106
3884.00000 0.37266
3886.00000 0.37409
3888.00000 0.37534
3890.00000 0.3769
3892.00000 0.3782
3894.00000 0.3798
3896.00000 0.38141
3898.00000 0.38288
3900.00000 0.38405
3902.00000 0.38516
3904.00000 0.38668
3906.00000 0.38808
3908.00000 0.38976
3910.00000 0.39094
3912.00000 0.39235
3914.00000 0.39298
3916.00000 0.39477
3918.00000 0.39623
3920.00000 0.39765
3922.00000 0.39853
3924.00000 0.39971
3926.00000 0.40128
3928.00000 0.40245
3930.00000 0.4038
3932.00000 0.4049
3934.00000 0.40569
3936.00000 0.40705
3938.00000 0.40792
3940.00000 0.4091
3942.00000 0.41005
3944.00000 0.41127
3946.00000 0.41213
3948.00000 0.41363
3950.00000 0.41422
3952.00000 0.41557
3954.00000 0.41644
3956.00000 0.41745
3958.00000 0.41873
3960.00000 0.41966
3962.00000 0.42074
3964.00000 0.42196
3966.00000 0.42258
3968.00000 0.4234
3970.00000 0.4244
3972.00000 0.42546
3974.00000 0.42624
3976.00000 0.42733
3978.00000 0.42816
3980.00000 0.42893
3982.00000 0.4299
3984.00000 0.43079
3986.00000 0.43193
3988.00000 0.43302
3990.00000 0.4337
3992.00000 0.43479
3994.00000 0.43558
3996.00000 0.43635
3998.00000 0.43741
4000.00000 0.43816
4002.00000 0.43916
4004.00000 0.43978
4006.00000 0.44068
4008.00000 0.44155
4010.00000 0.44251
4012.00000 0.44339
4014.00000 0.44394
4016.00000 0.44486
4018.00000 0.44532
4020.00000 0.44632
4022.00000 0.44687
4024.00000 0.44804
4026.00000 0.44893
4028.00000 0.44966
4030.00000 0.4505
4032.00000 0.45093
4034.00000 0.45205
4036.00000 0.45258
4038.00000 0.4535
4040.00000 0.45409
4042.00000 0.45494
4044.00000 0.45565
4046.00000 0.45628
4048.00000 0.45692
4050.00000 0.45789
4052.00000 0.45838
4054.00000 0.45907
4056.00000 0.45979
4058.00000 0.46002
4060.00000 0.46119
4062.00000 0.46211
4064.00000 0.46244
4066.00000 0.46332
4068.00000 0.46396
4070.00000 0.46439
4072.00000 0.46536
4074.00000 0.46609
4076.00000 0.46654
4078.00000 0.4677
4080.00000 0.46822
4082.00000 0.46861
4084.00000 0.46935
4086.00000 0.4702
4088.00000 0.47082
4090.00000 0.4714
4092.00000 0.47197
4094.00000 0.47259
4096.00000 0.47321
4098.00000 0.47388
4100.00000 0.47412
4102.00000 0.47468
4104.00000 0.47512
4106.00000 0.4759
4108.00000 0.47655
4110.00000 0.4769
4112.00000 0.47741
4114.00000 0.47842
4116.00000 0.4788
4118.00000 0.47922
4120.00000 0.47956
4122.00000 0.48044
4124.00000 0.48055
4126.00000 0.48097
4128.00000 0.48182
4130.00000 0.48191
4132.00000 0.48233
4134.00000 0.48308
4136.00000 0.48332
4138.00000 0.4837
4140.00000 0.4842
4142.00000 0.4849
4144.00000 0.48511
4146.00000 0.48573
4148.00000 0.48607
4150.00000 0.48638
4152.00000 0.48648
4154.00000 0.48699
4156.00000 0.4878
4158.00000 0.48832
4160.00000 0.48858
4162.00000 0.48891
4164.00000 0.48909
4166.00000 0.48961
4168.00000 0.49002
4170.00000 0.49029
4172.00000 0.49075
4174.00000 0.49119
4176.00000 0.49139
4178.00000 0.49184
4180.00000 0.49214
4182.00000 0.49235
4184.00000 0.49298
4186.00000 0.49299
4188.00000 0.49357
4190.00000 0.49352
4192.00000 0.49424
4194.00000 0.49478
4196.00000 0.49511
4198.00000 0.49542
4200.00000 0.49574
4202.00000 0.49612
4204.00000 0.49628
4206.00000 0.49683
4208.00000 0.49696
4210.00000 0.4974
4212.00000 0.49804
4214.00000 0.49801
4216.00000 0.49837
4218.00000 0.49861
4220.00000 0.4991
4222.00000 0.49912
4224.00000 0.49969
4226.00000 0.49989
4228.00000 0.50004
4230.00000 0.50043
4232.00000 0.50076
4234.00000 0.50079
4236.00000 0.50148
4238.00000 0.50176
4240.00000 0.50185
4242.00000 0.50225
4244.00000 0.50243
4246.00000 0.50307
4248.00000 0.50313
4250.00000 0.50378
4252.00000 0.50388
4254.00000 0.50426
4256.00000 0.50432
4258.00000 0.50459
4260.00000 0.50511
4262.00000 0.50538
4264.00000 0.50557
4266.00000 0.50603
4268.00000 0.50619
4270.00000 0.50626
4272.00000 0.50678
4274.00000 0.50705
4276.00000 0.50731
4278.00000 0.50759
4280.00000 0.50825
4282.00000 0.50812
4284.00000 0.50862
4286.00000 0.50897
4288.00000 0.50915
4290.00000 0.50987
4292.00000 0.51023
4294.00000 0.5106
4296.00000 0.51054
4298.00000 0.51086
4300.00000 0.51133
4302.00000 0.5114
4304.00000 0.51181
4306.00000 0.51171
4308.00000 0.51246
4310.00000 0.51259
4312.00000 0.51276
4314.00000 0.51265
4316.00000 0.51332
4318.00000 0.51337
4320.00000 0.51371
4322.00000 0.51367
4324.00000 0.51376
4326.00000 0.5141
4328.00000 0.51438
4330.00000 0.51444
4332.00000 0.51475
4334.00000 0.51459
4336.00000 0.51488
4338.00000 0.51516
4340.00000 0.51543
4342.00000 0.5157
4344.00000 0.51555
4346.00000 0.51616
4348.00000 0.51583
4350.00000 0.51604
4352.00000 0.51631
4354.00000 0.51642
4356.00000 0.51632
4358.00000 0.51665
4360.00000 0.51648
4362.00000 0.5167
4364.00000 0.51674
4366.00000 0.51658
4368.00000 0.51684
4370.00000 0.51723
4372.00000 0.51714
4374.00000 0.51723
4376.00000 0.51735
4378.00000 0.51761
4380.00000 0.51752
4382.00000 0.51787
4384.00000 0.51761
4386.00000 0.51833
4388.00000 0.5181
4390.00000 0.51822
4392.00000 0.51822
4394.00000 0.51828
4396.00000 0.51869
4398.00000 0.51873
4400.00000 0.51889
4402.00000 0.51863
4404.00000 0.51883
4406.00000 0.51889
4408.00000 0.51889
4410.00000 0.51875
4412.00000 0.5189
4414.00000 0.51908
4416.00000 0.51898
4418.00000 0.51915
4420.00000 0.51882
4422.00000 0.51914
4424.00000 0.51871
4426.00000 0.51882
4428.00000 0.51912
4430.00000 0.51914
4432.00000 0.51887
4434.00000 0.51869
4436.00000 0.51888
4438.00000 0.51894
4440.00000 0.51877
4442.00000 0.51867
4444.00000 0.51887
4446.00000 0.51845
4448.00000 0.51838
4450.00000 0.51826
4452.00000 0.51792
4454.00000 0.51768
4456.00000 0.51746
4458.00000 0.51724
4460.00000 0.51684
4462.00000 0.5169
4464.00000 0.51645
4466.00000 0.51613
4468.00000 0.51579
4470.00000 0.51544
4472.00000 0.51518
4474.00000 0.51491
4476.00000 0.51447
4478.00000 0.514
4480.00000 0.5136
4482.00000 0.51328
4484.00000 0.51303
4486.00000 0.51249
4488.00000 0.51215
4490.00000 0.51183
4492.00000 0.51135
4494.00000 0.51092
4496.00000 0.5103
4498.00000 0.50999
4500.00000 0.50936
4502.00000 0.50883
4504.00000 0.5085
4506.00000 0.50816
4508.00000 0.50755
4510.00000 0.50718
4512.00000 0.50668
4514.00000 0.50613
4516.00000 0.50588
4518.00000 0.50523
4520.00000 0.50446
4522.00000 0.50422
4524.00000 0.50363
4526.00000 0.50349
4528.00000 0.50262
4530.00000 0.50222
4532.00000 0.50164
4534.00000 0.50118
4536.00000 0.50055
4538.00000 0.49999
4540.00000 0.49985
4542.00000 0.49906
4544.00000 0.49856
4546.00000 0.49788
4548.00000 0.49755
4550.00000 0.49691
4552.00000 0.49604
4554.00000 0.49579
4556.00000 0.49494
4558.00000 0.49449
4560.00000 0.49376
4562.00000 0.49309
4564.00000 0.4924
4566.00000 0.49163
4568.00000 0.49091
4570.00000 0.49008
4572.00000 0.48952
4574.00000 0.48888
4576.00000 0.48788
4578.00000 0.4872
4580.00000 0.48673
4582.00000 0.48584
4584.00000 0.48511
4586.00000 0.4843
4588.00000 0.48371
4590.00000 0.48277
4592.00000 0.48226
4594.00000 0.48144
4596.00000 0.48043
4598.00000 0.48
4600.00000 0.47912
4602.00000 0.47828
4604.00000 0.4774
4606.00000 0.4764
4608.00000 0.47569
4610.00000 0.47474
4612.00000 0.47397
4614.00000 0.47303
4616.00000 0.47187
4618.00000 0.47125
4620.00000 0.47007
4622.00000 0.46907
4624.00000 0.46822
4626.00000 0.46732
4628.00000 0.46643
4630.00000 0.46516
4632.00000 0.4641
4634.00000 0.46294
4636.00000 0.4619
4638.00000 0.46118
4640.00000 0.45986
4642.00000 0.45869
4644.00000 0.45749
4646.00000 0.45624
4648.00000 0.45537
4650.00000 0.45384
4652.00000 0.45293
4654.00000 0.45145
4656.00000 0.45024
4658.00000 0.44891
4660.00000 0.4476
4662.00000 0.44607
4664.00000 0.44457
4666.00000 0.4431
4668.00000 0.44174
4670.00000 0.44026
4672.00000 0.43877
4674.00000 0.43708
4676.00000 0.43558
4678.00000 0.43409
4680.00000 0.43225
4682.00000 0.43067
4684.00000 0.42911
4686.00000 0.42738
4688.00000 0.42546
4690.00000 0.424
4692.00000 0.42231
4694.00000 0.42042
4696.00000 0.41858
4698.00000 0.41695
4700.00000 0.41507
4702.00000 0.41341
4704.00000 0.41175
4706.00000 0.40971
4708.00000 0.40792
4710.00000 0.40608
4712.00000 0.40402
4714.00000 0.40208
4716.00000 0.40036
4718.00000 0.39839
4720.00000 0.39635
4722.00000 0.39436
4724.00000 0.39242
4726.00000 0.39042
4728.00000 0.38847
4730.00000 0.38637
4732.00000 0.38443
4734.00000 0.38223
4736.00000 0.38013
4738.00000 0.37824
4740.00000 0.37613
4742.00000 0.37403
4744.00000 0.37208
4746.00000 0.37016
4748.00000 0.3681
4750.00000 0.36605
4752.00000 0.36397
4754.00000 0.36183
4756.00000 0.35972
4758.00000 0.35789
4760.00000 0.3557
4762.00000 0.35366
4764.00000 0.35145
4766.00000 0.34949
4768.00000 0.3473
4770.00000 0.34523
4772.00000 0.34324
4774.00000 0.34115
4776.00000 0.33895
4778.00000 0.33686
4780.00000 0.33492
4782.00000 0.33256
4784.00000 0.33039
4786.00000 0.3281
4788.00000 0.32602
4790.00000 0.32398
4792.00000 0.32171
4794.00000 0.31952
4796.00000 0.31722
4798.00000 0.31518
4800.00000 0.31281
4802.00000 0.31062
4804.00000 0.30853
4806.00000 0.30626
4808.00000 0.30412
4810.00000 0.30178
4812.00000 0.29956
4814.00000 0.29735
4816.00000 0.29511
4818.00000 0.29293
4820.00000 0.29065
4822.00000 0.28848
4824.00000 0.28639
4826.00000 0.28401
4828.00000 0.28186
4830.00000 0.2797
4832.00000 0.27743
4834.00000 0.27515
4836.00000 0.27312
4838.00000 0.2707
4840.00000 0.26848
4842.00000 0.2662
4844.00000 0.26408
4846.00000 0.26185
4848.00000 0.25966
4850.00000 0.25743
4852.00000 0.25498
4854.00000 0.25309
4856.00000 0.25089
4858.00000 0.24871
4860.00000 0.24656
4862.00000 0.24448
4864.00000 0.24235
4866.00000 0.24028
4868.00000 0.2381
4870.00000 0.23612
4872.00000 0.234
4874.00000 0.23207
4876.00000 0.23
4878.00000 0.22777
4880.00000 0.22582
4882.00000 0.22386
4884.00000 0.22195
4886.00000 0.22015
4888.00000 0.21812
4890.00000 0.21625
4892.00000 0.2143
4894.00000 0.21229
4896.00000 0.21054
4898.00000 0.20869
4900.00000 0.20682
4902.00000 0.20492
4904.00000 0.2031
4906.00000 0.20117
4908.00000 0.19945
4910.00000 0.1977
4912.00000 0.19599
4914.00000 0.19421
4916.00000 0.19251
4918.00000 0.19075
4920.00000 0.18905
4922.00000 0.18732
4924.00000 0.18569
4926.00000 0.18386
4928.00000 0.18243
4930.00000 0.18062
4932.00000 0.17912
4934.00000 0.17757
4936.00000 0.17586
4938.00000 0.17447
4940.00000 0.17281
4942.00000 0.17126
4944.00000 0.16982
4946.00000 0.16844
4948.00000 0.16699
4950.00000 0.1655
4952.00000 0.16409
4954.00000 0.16278
4956.00000 0.16133
4958.00000 0.16002
4960.00000 0.15852
4962.00000 0.15736
4964.00000 0.15606
4966.00000 0.15482
4968.00000 0.15345
4970.00000 0.15218
4972.00000 0.15103
4974.00000 0.14973
4976.00000 0.14854
4978.00000 0.14742
4980.00000 0.14617
4982.00000 0.14503
4984.00000 0.14389
4986.00000 0.14269
4988.00000 0.1415
4990.00000 0.14033
4992.00000 0.13923
4994.00000 0.13806
4996.00000 0.13693
4998.00000 0.13574
5000.00000 0.1345
5002.00000 0.13336
5004.00000 0.13223
5006.00000 0.13103
5008.00000 0.12974
5010.00000 0.1286
5012.00000 0.12736
5014.00000 0.12608
5016.00000 0.12489
5018.00000 0.12363
5020.00000 0.12234
5022.00000 0.12104
5024.00000 0.11973
5026.00000 0.11842
5028.00000 0.11702
5030.00000 0.11574
5032.00000 0.11431
5034.00000 0.11305
5036.00000 0.1117
5038.00000 0.11036
5040.00000 0.109
5042.00000 0.10746
5044.00000 0.10616
5046.00000 0.10476
5048.00000 0.10334
5050.00000 0.10193
5052.00000 0.10057
5054.00000 0.0991
5056.00000 0.09781
5058.00000 0.09641
5060.00000 0.09506
5062.00000 0.0936
5064.00000 0.09231
5066.00000 0.09103
5068.00000 0.08971
5070.00000 0.08846
5072.00000 0.08718
5074.00000 0.08587
5076.00000 0.08462
5078.00000 0.08342
5080.00000 0.08229
5082.00000 0.08109
5084.00000 0.07992
5086.00000 0.07876
5088.00000 0.07766
5090.00000 0.07649
5092.00000 0.07547
5094.00000 0.07434
5096.00000 0.07334
5098.00000 0.07233
5100.00000 0.07123
5102.00000 0.07028
5104.00000 0.0693
5106.00000 0.06836
5108.00000 0.06743
5110.00000 0.06646
5112.00000 0.06561
5114.00000 0.06462
5116.00000 0.06379
5118.00000 0.06296
5120.00000 0.06202
5122.00000 0.06128
5124.00000 0.06036
5126.00000 0.05948
5128.00000 0.0586
5130.00000 0.05782
5132.00000 0.05704
5134.00000 0.05621
5136.00000 0.05546
5138.00000 0.05466
5140.00000 0.05391
5142.00000 0.05312
5144.00000 0.0523
5146.00000 0.05164
5148.00000 0.05088
5150.00000 0.0501
5152.00000 0.04931
