threeML/data/optical_filters/OSN/Comet50-C2.ecsv
# %ECSV 0.9
# ---
# datatype:
# - {name: wavelength, unit: Angstrom, datatype: float32}
# - {name: response, datatype: float32}
# meta: !!omap
# - {band_name: C2}
# - {group_name: Comet50}
wavelength response
4464.00000 0.0
4960.00000 4e-05
4962.00000 4e-05
4964.00000 5e-05
4966.00000 5e-05
4968.00000 6e-05
4970.00000 7e-05
4972.00000 7e-05
4974.00000 9e-05
4976.00000 0.0001
4978.00000 0.00012
4980.00000 0.00013
4982.00000 0.00016
4984.00000 0.00018
4986.00000 0.00022
4988.00000 0.00025
4990.00000 0.0003
4992.00000 0.00034
4994.00000 0.0004
4996.00000 0.00047
4998.00000 0.00057
5000.00000 0.00068
5002.00000 0.0008
5004.00000 0.00096
5006.00000 0.00115
5008.00000 0.0014
5010.00000 0.00171
5012.00000 0.00209
5014.00000 0.00251
5016.00000 0.00308
5018.00000 0.00381
5020.00000 0.00478
5022.00000 0.00593
5024.00000 0.0074
5026.00000 0.00934
5028.00000 0.01191
5030.00000 0.01548
5032.00000 0.02003
5034.00000 0.02589
5036.00000 0.03388
5038.00000 0.04522
5040.00000 0.06069
5042.00000 0.08123
5044.00000 0.10807
5046.00000 0.14473
5048.00000 0.19208
5050.00000 0.25619
5052.00000 0.33285
5054.00000 0.41787
5056.00000 0.50839
5058.00000 0.59899
5060.00000 0.68144
5062.00000 0.74576
5064.00000 0.78896
5066.00000 0.81063
5068.00000 0.81863
5070.00000 0.81862
5072.00000 0.81464
5074.00000 0.80917
5076.00000 0.80304
5078.00000 0.79755
5080.00000 0.79461
5082.00000 0.79588
5084.00000 0.79959
5086.00000 0.80477
5088.00000 0.81039
5090.00000 0.81725
5092.00000 0.82549
5094.00000 0.83413
5096.00000 0.84204
5098.00000 0.85003
5100.00000 0.8563
5102.00000 0.86267
5104.00000 0.86723
5106.00000 0.87146
5108.00000 0.87454
5110.00000 0.87613
5112.00000 0.87679
5114.00000 0.87609
5116.00000 0.87465
5118.00000 0.87257
5120.00000 0.86968
5122.00000 0.86609
5124.00000 0.86298
5126.00000 0.85908
5128.00000 0.85465
5130.00000 0.85013
5132.00000 0.84584
5134.00000 0.84308
5136.00000 0.84077
5138.00000 0.83797
5140.00000 0.83502
5142.00000 0.83309
5144.00000 0.8341
5146.00000 0.83564
5148.00000 0.83751
5150.00000 0.83787
5152.00000 0.83862
5154.00000 0.8403
5156.00000 0.84138
5158.00000 0.83846
5160.00000 0.83012
5162.00000 0.81532
5164.00000 0.79187
5166.00000 0.75878
5168.00000 0.71268
5170.00000 0.65953
5172.00000 0.59975
5174.00000 0.53366
5176.00000 0.45737
5178.00000 0.38514
5180.00000 0.32121
5182.00000 0.26649
5184.00000 0.21627
5186.00000 0.16984
5188.00000 0.13211
5190.00000 0.10497
5192.00000 0.08606
5194.00000 0.06949
5196.00000 0.05414
5198.00000 0.04154
5200.00000 0.03317
5202.00000 0.02755
5204.00000 0.02319
5206.00000 0.01881
5208.00000 0.01465
5210.00000 0.01157
5212.00000 0.00971
5214.00000 0.00842
5216.00000 0.00716
5218.00000 0.00582
5220.00000 0.00459
5222.00000 0.0038
5224.00000 0.00333
5226.00000 0.00297
5228.00000 0.00253
5230.00000 0.00207
5232.00000 0.00168
5234.00000 0.00143
5236.00000 0.0013
5238.00000 0.00117
5240.00000 0.00101
5242.00000 0.0008
5244.00000 0.00068
5246.00000 0.0006
5248.00000 0.00056
5250.00000 0.0005
5252.00000 0.00043
5254.00000 0.00035
5256.00000 0.00029
5258.00000 0.00028
5260.00000 0.00026
5262.00000 0.00023
5264.00000 0.0002
5266.00000 0.00016
5268.00000 0.00014
5270.00000 0.00014
5272.00000 0.00013
5274.00000 0.00012
5276.00000 0.0001
5278.00000 8e-05
5280.00000 8e-05
5282.00000 7e-05
5284.00000 7e-05
5286.00000 6e-05
5288.00000 5e-05
5290.00000 4e-05
5292.00000 4e-05
5294.00000 4e-05
5296.00000 4e-05
5825.60010 0.0
