threeML/data/optical_filters/OSN/Comet50-C3_z1.ecsv
# %ECSV 0.9
# ---
# datatype:
# - {name: wavelength, unit: Angstrom, datatype: float32}
# - {name: response, datatype: float32}
# meta: !!omap
# - {band_name: C3_z1}
# - {group_name: Comet50}
wavelength response
3564.00000 0.0
3960.00000 8e-05
3962.00000 0.0001
3964.00000 0.00012
3966.00000 0.00015
3968.00000 0.00019
3970.00000 0.00024
3972.00000 0.0003
3974.00000 0.00039
3976.00000 0.00049
3978.00000 0.00063
3980.00000 0.00081
3982.00000 0.00104
3984.00000 0.00135
3986.00000 0.00173
3988.00000 0.00223
3990.00000 0.0029
3992.00000 0.00378
3994.00000 0.00503
3996.00000 0.00674
3998.00000 0.009
4000.00000 0.01218
4002.00000 0.01655
4004.00000 0.02282
4006.00000 0.03148
4008.00000 0.04429
4010.00000 0.06192
4012.00000 0.08716
4014.00000 0.11973
4016.00000 0.1631
4018.00000 0.21405
4020.00000 0.27061
4022.00000 0.32696
4024.00000 0.37458
4026.00000 0.40795
4028.00000 0.42817
4030.00000 0.43733
4032.00000 0.43978
4034.00000 0.43918
4036.00000 0.4398
4038.00000 0.44106
4040.00000 0.44505
4042.00000 0.45039
4044.00000 0.4576
4046.00000 0.46567
4048.00000 0.47388
4050.00000 0.48159
4052.00000 0.4895
4054.00000 0.49587
4056.00000 0.50204
4058.00000 0.50696
4060.00000 0.51161
4062.00000 0.51611
4064.00000 0.51982
4066.00000 0.52269
4068.00000 0.52549
4070.00000 0.52678
4072.00000 0.52699
4074.00000 0.52533
4076.00000 0.52054
4078.00000 0.51229
4080.00000 0.5003
4082.00000 0.48257
4084.00000 0.4588
4086.00000 0.42743
4088.00000 0.3881
4090.00000 0.34198
4092.00000 0.29291
4094.00000 0.2412
4096.00000 0.19318
4098.00000 0.14944
4100.00000 0.1127
4102.00000 0.08325
4104.00000 0.06171
4106.00000 0.04554
4108.00000 0.03353
4110.00000 0.02486
4112.00000 0.01833
4114.00000 0.01363
4116.00000 0.01011
4118.00000 0.00772
4120.00000 0.00583
4122.00000 0.00446
4124.00000 0.00344
4126.00000 0.00267
4128.00000 0.00208
4130.00000 0.00162
4132.00000 0.00129
4134.00000 0.00103
4136.00000 0.00083
4138.00000 0.00067
4140.00000 0.00054
4142.00000 0.00044
4144.00000 0.00037
4146.00000 0.0003
4148.00000 0.00026
4150.00000 0.00021
4152.00000 0.00018
4154.00000 0.00015
4156.00000 0.00013
4158.00000 0.00011
4160.00000 9e-05
4576.00000 0.0
