threeML/data/optical_filters/OSN/Comet25-C2.ecsv
# %ECSV 0.9
# ---
# datatype:
# - {name: wavelength, unit: Angstrom, datatype: float32}
# - {name: response, datatype: float32}
# meta: !!omap
# - {band_name: C2}
# - {group_name: Comet25}
wavelength response
4518.00000 0.0
5020.00000 4e-05
5022.00000 4e-05
5024.00000 5e-05
5026.00000 5e-05
5028.00000 6e-05
5030.00000 6e-05
5032.00000 7e-05
5034.00000 8e-05
5036.00000 9e-05
5038.00000 0.0001
5040.00000 0.00011
5042.00000 0.00013
5044.00000 0.00015
5046.00000 0.00017
5048.00000 0.00019
5050.00000 0.00023
5052.00000 0.00026
5054.00000 0.00031
5056.00000 0.00036
5058.00000 0.00042
5060.00000 0.00049
5062.00000 0.00058
5064.00000 0.00069
5066.00000 0.00081
5068.00000 0.00097
5070.00000 0.00116
5072.00000 0.00139
5074.00000 0.00168
5076.00000 0.00205
5078.00000 0.00249
5080.00000 0.00306
5082.00000 0.00379
5084.00000 0.00469
5086.00000 0.00588
5088.00000 0.00744
5090.00000 0.00949
5092.00000 0.01203
5094.00000 0.0156
5096.00000 0.02012
5098.00000 0.02638
5100.00000 0.03483
5102.00000 0.04626
5104.00000 0.06142
5106.00000 0.08159
5108.00000 0.10879
5110.00000 0.14346
5112.00000 0.1887
5114.00000 0.24498
5116.00000 0.31109
5118.00000 0.3816
5120.00000 0.45824
5122.00000 0.52891
5124.00000 0.59315
5126.00000 0.64556
5128.00000 0.68429
5130.00000 0.70978
5132.00000 0.72429
5134.00000 0.73102
5136.00000 0.73249
5138.00000 0.7308
5140.00000 0.72684
5142.00000 0.7221
5144.00000 0.71646
5146.00000 0.71108
5148.00000 0.70539
5150.00000 0.69978
5152.00000 0.69443
5154.00000 0.68976
5156.00000 0.68538
5158.00000 0.68241
5160.00000 0.67999
5162.00000 0.67882
5164.00000 0.67901
5166.00000 0.6799
5168.00000 0.68197
5170.00000 0.68539
5172.00000 0.68993
5174.00000 0.69481
5176.00000 0.70003
5178.00000 0.70547
5180.00000 0.71069
5182.00000 0.71489
5184.00000 0.71705
5186.00000 0.71765
5188.00000 0.71444
5190.00000 0.70607
5192.00000 0.69073
5194.00000 0.66661
5196.00000 0.6341
5198.00000 0.59055
5200.00000 0.53834
5202.00000 0.47774
5204.00000 0.41189
5206.00000 0.34483
5208.00000 0.283
5210.00000 0.22766
5212.00000 0.17849
5214.00000 0.13974
5216.00000 0.10775
5218.00000 0.08253
5220.00000 0.06289
5222.00000 0.04864
5224.00000 0.03754
5226.00000 0.02917
5228.00000 0.02273
5230.00000 0.01788
5232.00000 0.01398
5234.00000 0.0111
5236.00000 0.00886
5238.00000 0.00704
5240.00000 0.0057
5242.00000 0.00463
5244.00000 0.00377
5246.00000 0.0031
5248.00000 0.00257
5250.00000 0.00213
5252.00000 0.00179
5254.00000 0.00149
5256.00000 0.00126
5258.00000 0.00106
5260.00000 0.00089
5262.00000 0.00077
5264.00000 0.00064
5266.00000 0.00056
5268.00000 0.00048
5270.00000 0.00041
5272.00000 0.00036
5274.00000 0.00031
5276.00000 0.00027
5278.00000 0.00024
5280.00000 0.0002
5282.00000 0.00018
5284.00000 0.00016
5286.00000 0.00014
5288.00000 0.00012
5290.00000 0.00011
5292.00000 0.0001
5294.00000 9e-05
5296.00000 8e-05
5298.00000 7e-05
5300.00000 6e-05
5302.00000 6e-05
5304.00000 5e-05
5306.00000 5e-05
5308.00000 4e-05
5310.00000 4e-05
5841.00000 0.0
