threeML/data/optical_filters/OSN/Comet25-H2O.ecsv
# %ECSV 0.9
# ---
# datatype:
# - {name: wavelength, unit: Angstrom, datatype: float32}
# - {name: response, datatype: float32}
# meta: !!omap
# - {band_name: H2O}
# - {group_name: Comet25}
wavelength response
6114.60010 0.0
6794.00000 4e-05
6796.00000 4e-05
6798.00000 5e-05
6800.00000 5e-05
6802.00000 5e-05
6804.00000 6e-05
6806.00000 6e-05
6808.00000 7e-05
6810.00000 7e-05
6812.00000 8e-05
6814.00000 9e-05
6816.00000 0.0001
6818.00000 0.00011
6820.00000 0.00012
6822.00000 0.00014
6824.00000 0.00015
6826.00000 0.00017
6828.00000 0.00019
6830.00000 0.00021
6832.00000 0.00023
6834.00000 0.00026
6836.00000 0.00029
6838.00000 0.00033
6840.00000 0.00037
6842.00000 0.00042
6844.00000 0.00048
6846.00000 0.00055
6848.00000 0.00062
6850.00000 0.00071
6852.00000 0.0008
6854.00000 0.00093
6856.00000 0.00106
6858.00000 0.00123
6860.00000 0.00142
6862.00000 0.00165
6864.00000 0.00191
6866.00000 0.00223
6868.00000 0.00262
6870.00000 0.00309
6872.00000 0.0037
6874.00000 0.00439
6876.00000 0.00524
6878.00000 0.00624
6880.00000 0.00753
6882.00000 0.00908
6884.00000 0.01108
6886.00000 0.01349
6888.00000 0.01643
6890.00000 0.01996
6892.00000 0.02435
6894.00000 0.02943
6896.00000 0.03595
6898.00000 0.04365
6900.00000 0.05263
6902.00000 0.06323
6904.00000 0.07538
6906.00000 0.08929
6908.00000 0.10464
6910.00000 0.12233
6912.00000 0.14035
6914.00000 0.15889
6916.00000 0.17676
6918.00000 0.19425
6920.00000 0.20982
6922.00000 0.22431
6924.00000 0.23673
6926.00000 0.24727
6928.00000 0.25596
6930.00000 0.26312
6932.00000 0.26919
6934.00000 0.2742
6936.00000 0.27915
6938.00000 0.28369
6940.00000 0.28859
6942.00000 0.29347
6944.00000 0.29904
6946.00000 0.30505
6948.00000 0.31194
6950.00000 0.31964
6952.00000 0.3281
6954.00000 0.3374
6956.00000 0.3474
6958.00000 0.35828
6960.00000 0.36935
6962.00000 0.3815
6964.00000 0.39364
6966.00000 0.4067
6968.00000 0.41959
6970.00000 0.43327
6972.00000 0.44731
6974.00000 0.46184
6976.00000 0.47677
6978.00000 0.49155
6980.00000 0.50591
6982.00000 0.52009
6984.00000 0.53445
6986.00000 0.54831
6988.00000 0.56214
6990.00000 0.57475
6992.00000 0.5873
6994.00000 0.59896
6996.00000 0.61038
6998.00000 0.62154
7000.00000 0.63247
7002.00000 0.64222
7004.00000 0.65154
7006.00000 0.6608
7008.00000 0.66901
7010.00000 0.67749
7012.00000 0.68535
7014.00000 0.6934
7016.00000 0.70031
7018.00000 0.7074
7020.00000 0.71415
7022.00000 0.72051
7024.00000 0.72697
7026.00000 0.73263
7028.00000 0.73758
7030.00000 0.74318
7032.00000 0.74818
7034.00000 0.75266
7036.00000 0.7562
7038.00000 0.75971
7040.00000 0.7634
7042.00000 0.76593
7044.00000 0.76851
7046.00000 0.7701
7048.00000 0.77131
7050.00000 0.77279
7052.00000 0.77371
7054.00000 0.77393
7056.00000 0.77398
7058.00000 0.77376
7060.00000 0.77291
7062.00000 0.77215
7064.00000 0.77161
7066.00000 0.7711
7068.00000 0.76961
7070.00000 0.76834
7072.00000 0.76716
7074.00000 0.76587
7076.00000 0.76445
7078.00000 0.76233
7080.00000 0.75899
7082.00000 0.75657
7084.00000 0.75193
7086.00000 0.74766
7088.00000 0.74178
7090.00000 0.7341
7092.00000 0.72601
7094.00000 0.71525
7096.00000 0.70345
7098.00000 0.69
7100.00000 0.67389
7102.00000 0.6575
7104.00000 0.63738
7106.00000 0.61587
7108.00000 0.59337
7110.00000 0.56892
7112.00000 0.54402
7114.00000 0.51773
7116.00000 0.49074
7118.00000 0.46319
7120.00000 0.43686
7122.00000 0.40991
7124.00000 0.3845
7126.00000 0.35976
7128.00000 0.33613
7130.00000 0.31337
7132.00000 0.29226
7134.00000 0.27283
7136.00000 0.25438
7138.00000 0.23794
7140.00000 0.22226
7142.00000 0.20798
7144.00000 0.19414
7146.00000 0.18197
7148.00000 0.17058
7150.00000 0.16022
7152.00000 0.15054
7154.00000 0.14109
7156.00000 0.13223
7158.00000 0.12372
7160.00000 0.11614
7162.00000 0.10846
7164.00000 0.10141
7166.00000 0.0945
7168.00000 0.08808
7170.00000 0.08177
7172.00000 0.07626
7174.00000 0.07059
7176.00000 0.0656
7178.00000 0.06083
7180.00000 0.05646
7182.00000 0.05236
7184.00000 0.04876
7186.00000 0.04536
7188.00000 0.04226
7190.00000 0.03956
7192.00000 0.03685
7194.00000 0.03444
7196.00000 0.03195
7198.00000 0.0296
7200.00000 0.02724
7202.00000 0.02492
7204.00000 0.02255
7206.00000 0.02022
7208.00000 0.01782
7210.00000 0.0156
7212.00000 0.01353
7214.00000 0.0116
7216.00000 0.0099
7218.00000 0.00838
7220.00000 0.007
7222.00000 0.00587
7224.00000 0.00496
7226.00000 0.00414
7228.00000 0.0035
7230.00000 0.00295
7232.00000 0.00249
7234.00000 0.00211
7236.00000 0.00182
7238.00000 0.00156
7240.00000 0.00135
7242.00000 0.00117
7244.00000 0.00102
7246.00000 0.00088
7248.00000 0.00077
7250.00000 0.00068
7252.00000 0.0006
7254.00000 0.00054
7256.00000 0.00048
7258.00000 0.00043
7260.00000 0.00038
7262.00000 0.00034
7264.00000 0.00031
7266.00000 0.00028
7268.00000 0.00025
7270.00000 0.00022
7272.00000 0.0002
7274.00000 0.00018
7276.00000 0.00017
7278.00000 0.00015
7280.00000 0.00014
7282.00000 0.00013
7284.00000 0.00012
7286.00000 0.00011
7288.00000 0.0001
7290.00000 9e-05
7292.00000 8e-05
7294.00000 8e-05
7296.00000 7e-05
7298.00000 6e-05
7300.00000 6e-05
7302.00000 6e-05
7304.00000 5e-05
7306.00000 4e-05
7308.00000 4e-05
7310.00000 4e-05
7312.00000 4e-05
8043.20020 0.0
