threeML/data/optical_filters/OSN/Comet25-Cont6840.ecsv
# %ECSV 0.9
# ---
# datatype:
# - {name: wavelength, unit: Angstrom, datatype: float32}
# - {name: response, datatype: float32}
# meta: !!omap
# - {band_name: Cont6840}
# - {group_name: Comet25}
wavelength response
6031.79980 0.0
6702.00000 4e-05
6704.00000 4e-05
6706.00000 4e-05
6708.00000 5e-05
6710.00000 6e-05
6712.00000 6e-05
6714.00000 7e-05
6716.00000 8e-05
6718.00000 9e-05
6720.00000 0.0001
6722.00000 0.00012
6724.00000 0.00013
6726.00000 0.00015
6728.00000 0.00017
6730.00000 0.0002
6732.00000 0.00023
6734.00000 0.00026
6736.00000 0.0003
6738.00000 0.00035
6740.00000 0.00041
6742.00000 0.00048
6744.00000 0.00056
6746.00000 0.00067
6748.00000 0.00078
6750.00000 0.00092
6752.00000 0.0011
6754.00000 0.00133
6756.00000 0.0016
6758.00000 0.00193
6760.00000 0.00232
6762.00000 0.00284
6764.00000 0.00347
6766.00000 0.00429
6768.00000 0.00538
6770.00000 0.00676
6772.00000 0.00855
6774.00000 0.01084
6776.00000 0.01398
6778.00000 0.01799
6780.00000 0.02358
6782.00000 0.03108
6784.00000 0.04136
6786.00000 0.05461
6788.00000 0.07348
6790.00000 0.09806
6792.00000 0.1319
6794.00000 0.17661
6796.00000 0.23203
6798.00000 0.29863
6800.00000 0.37327
6802.00000 0.45381
6804.00000 0.53052
6806.00000 0.60197
6808.00000 0.6579
6810.00000 0.69961
6812.00000 0.72738
6814.00000 0.74607
6816.00000 0.75695
6818.00000 0.76491
6820.00000 0.77012
6822.00000 0.77503
6824.00000 0.77945
6826.00000 0.78428
6828.00000 0.78979
6830.00000 0.79433
6832.00000 0.79983
6834.00000 0.80392
6836.00000 0.8082
6838.00000 0.81129
6840.00000 0.81337
6842.00000 0.81469
6844.00000 0.81584
6846.00000 0.81604
6848.00000 0.81571
6850.00000 0.81493
6852.00000 0.81366
6854.00000 0.81201
6856.00000 0.80969
6858.00000 0.80787
6860.00000 0.80532
6862.00000 0.80213
6864.00000 0.7984
6866.00000 0.79485
6868.00000 0.79068
6870.00000 0.78608
6872.00000 0.78034
6874.00000 0.77282
6876.00000 0.7621
6878.00000 0.7479
6880.00000 0.72642
6882.00000 0.69775
6884.00000 0.65807
6886.00000 0.60907
6888.00000 0.5511
6890.00000 0.48578
6892.00000 0.41659
6894.00000 0.35022
6896.00000 0.28473
6898.00000 0.22705
6900.00000 0.17829
6902.00000 0.13841
6904.00000 0.10688
6906.00000 0.08205
6908.00000 0.06297
6910.00000 0.04788
6912.00000 0.03682
6914.00000 0.02845
6916.00000 0.02212
6918.00000 0.0173
6920.00000 0.01373
6922.00000 0.01081
6924.00000 0.0086
6926.00000 0.00687
6928.00000 0.00555
6930.00000 0.0045
6932.00000 0.00367
6934.00000 0.00302
6936.00000 0.00248
6938.00000 0.00207
6940.00000 0.00174
6942.00000 0.00146
6944.00000 0.00122
6946.00000 0.00103
6948.00000 0.00088
6950.00000 0.00075
6952.00000 0.00064
6954.00000 0.00055
6956.00000 0.00047
6958.00000 0.00041
6960.00000 0.00036
6962.00000 0.00031
6964.00000 0.00027
6966.00000 0.00023
6968.00000 0.00021
6970.00000 0.00018
6972.00000 0.00016
6974.00000 0.00014
6976.00000 0.00013
6978.00000 0.00011
6980.00000 0.0001
6982.00000 9e-05
6984.00000 8e-05
6986.00000 7e-05
6988.00000 6e-05
6990.00000 6e-05
6992.00000 5e-05
6994.00000 4e-05
6996.00000 4e-05
6998.00000 4e-05
7697.79980 0.0
