threeML/data/optical_filters/OSN/Comet50-Cont6840.ecsv
# %ECSV 0.9
# ---
# datatype:
# - {name: wavelength, unit: Angstrom, datatype: float32}
# - {name: response, datatype: float32}
# meta: !!omap
# - {band_name: Cont6840}
# - {group_name: Comet50}
wavelength response
6066.00000 0.0
6740.00000 0.00038
6742.00000 0.00045
6744.00000 0.00053
6746.00000 0.00063
6748.00000 0.00075
6750.00000 0.00091
6752.00000 0.00109
6754.00000 0.00132
6756.00000 0.00159
6758.00000 0.00196
6760.00000 0.0024
6762.00000 0.00296
6764.00000 0.00368
6766.00000 0.00459
6768.00000 0.00577
6770.00000 0.00738
6772.00000 0.0095
6774.00000 0.01227
6776.00000 0.01599
6778.00000 0.02099
6780.00000 0.02782
6782.00000 0.03726
6784.00000 0.05086
6786.00000 0.0688
6788.00000 0.09417
6790.00000 0.12792
6792.00000 0.17454
6794.00000 0.23332
6796.00000 0.31118
6798.00000 0.40321
6800.00000 0.50288
6802.00000 0.60521
6804.00000 0.6979
6806.00000 0.77238
6808.00000 0.82256
6810.00000 0.85151
6812.00000 0.8627
6814.00000 0.86451
6816.00000 0.86164
6818.00000 0.85821
6820.00000 0.85528
6822.00000 0.85492
6824.00000 0.8563
6826.00000 0.85914
6828.00000 0.86336
6830.00000 0.86824
6832.00000 0.87383
6834.00000 0.87874
6836.00000 0.88412
6838.00000 0.88861
6840.00000 0.89252
6842.00000 0.89607
6844.00000 0.89826
6846.00000 0.90054
6848.00000 0.90098
6850.00000 0.90115
6852.00000 0.90012
6854.00000 0.89824
6856.00000 0.89613
6858.00000 0.89178
6860.00000 0.88706
6862.00000 0.88045
6864.00000 0.87092
6866.00000 0.85967
6868.00000 0.84416
6870.00000 0.82311
6872.00000 0.79476
6874.00000 0.75396
6876.00000 0.7022
6878.00000 0.6399
6880.00000 0.56562
6882.00000 0.48734
6884.00000 0.40587
6886.00000 0.32825
6888.00000 0.25789
6890.00000 0.20015
6892.00000 0.15314
6894.00000 0.11654
6896.00000 0.08822
6898.00000 0.06688
6900.00000 0.0501
6902.00000 0.038
6904.00000 0.02908
6906.00000 0.02239
6908.00000 0.01741
6910.00000 0.01355
6912.00000 0.01065
6914.00000 0.00837
6916.00000 0.00668
6918.00000 0.00538
6920.00000 0.00437
6922.00000 0.00353
6924.00000 0.00292
6926.00000 0.00237
6928.00000 0.00195
6930.00000 0.00163
6932.00000 0.00135
6934.00000 0.00113
6936.00000 0.00095
6938.00000 0.00081
6940.00000 0.00068
6942.00000 0.00059
6944.00000 0.0005
6946.00000 0.00043
6948.00000 0.00037
6950.00000 0.00032
6952.00000 0.00028
6954.00000 0.00024
6956.00000 0.00021
6958.00000 0.00018
6960.00000 0.00016
7656.00000 0.0
