threeML/data/optical_filters/OSN/Johnson-Cousins_R1.ecsv
# %ECSV 0.9
# ---
# datatype:
# - {name: wavelength, unit: Angstrom, datatype: float32}
# - {name: response, datatype: float32}
# meta: !!omap
# - {band_name: Cousins_R1}
# - {group_name: Johnson}
wavelength response
[from data line 1695]
8834.00000 0.01954
8836.00000 0.01944
8838.00000 0.01933
8840.00000 0.01922
8842.00000 0.01916
8844.00000 0.01908
8846.00000 0.01904
8848.00000 0.01885
8850.00000 0.01881
8852.00000 0.01871
8854.00000 0.01862
8856.00000 0.01856
8858.00000 0.01852
8860.00000 0.01837
8862.00000 0.01832
8864.00000 0.0182
8866.00000 0.01817
8868.00000 0.01808
8870.00000 0.01801
8872.00000 0.01794
8874.00000 0.01784
8876.00000 0.01772
8878.00000 0.0176
8880.00000 0.01762
8882.00000 0.01751
8884.00000 0.01742
8886.00000 0.01734
8888.00000 0.0173
8890.00000 0.01721
8892.00000 0.01716
8894.00000 0.01703
8896.00000 0.017
8898.00000 0.01688
8900.00000 0.01682
8902.00000 0.01672
8904.00000 0.01659
8906.00000 0.01656
8908.00000 0.01649
8910.00000 0.01644
8912.00000 0.01643
8914.00000 0.01627
8916.00000 0.01621
8918.00000 0.01614
8920.00000 0.01611
8922.00000 0.016
8924.00000 0.01598
8926.00000 0.01584
8928.00000 0.01579
8930.00000 0.01575
8932.00000 0.01565
8934.00000 0.01557
8936.00000 0.0155
8938.00000 0.01544
8940.00000 0.01542
8942.00000 0.01536
8944.00000 0.01523
8946.00000 0.01519
8948.00000 0.01512
8950.00000 0.01504
8952.00000 0.015
8954.00000 0.01486
8956.00000 0.01486
8958.00000 0.01472
8960.00000 0.01467
8962.00000 0.01463
8964.00000 0.01456
8966.00000 0.0145
8968.00000 0.01446
8970.00000 0.01434
8972.00000 0.0143
8974.00000 0.01423
8976.00000 0.01416
8978.00000 0.01409
8980.00000 0.01401
8982.00000 0.01396
8984.00000 0.01384
8986.00000 0.0138
8988.00000 0.01379
8990.00000 0.01372
8992.00000 0.01363
8994.00000 0.01362
8996.00000 0.01353
8998.00000 0.01351
9000.00000 0.01337
9002.00000 0.01331
9004.00000 0.01331
9006.00000 0.0132
9008.00000 0.01318
9010.00000 0.01309
9012.00000 0.01307
9014.00000 0.01299
9016.00000 0.01289
9018.00000 0.01289
9020.00000 0.01282
9022.00000 0.01272
9024.00000 0.0127
9026.00000 0.01269
9028.00000 0.01262
9030.00000 0.0125
9032.00000 0.01248
9034.00000 0.01248
9036.00000 0.01235
9038.00000 0.01228
9040.00000 0.01225
9042.00000 0.01219
9044.00000 0.01214
9046.00000 0.01215
9048.00000 0.01204
9050.00000 0.01199
9052.00000 0.01186
9054.00000 0.01187
9056.00000 0.01182
9058.00000 0.01172
9060.00000 0.0117
9062.00000 0.01163
9064.00000 0.01161
9066.00000 0.01154
9068.00000 0.0115
9070.00000 0.01148
9072.00000 0.01137
9074.00000 0.01132
9076.00000 0.01123
9078.00000 0.01122
9080.00000 0.0112
9082.00000 0.0111
9084.00000 0.01105
9086.00000 0.01107
9088.00000 0.01097
9090.00000 0.0109
9092.00000 0.01084
9094.00000 0.01087
9096.00000 0.01074
9098.00000 0.01074
9100.00000 0.01072
9102.00000 0.01061
9104.00000 0.01066
9106.00000 0.01058
9108.00000 0.01047
9110.00000 0.01046
9112.00000 0.01039
9114.00000 0.01039
9116.00000 0.01027
9118.00000 0.01028
9120.00000 0.01016
9122.00000 0.01015
9124.00000 0.01021
9126.00000 0.01009
9128.00000 0.00999
9130.00000 0.01
9132.00000 0.00991
9134.00000 0.00988
9136.00000 0.00986
9138.00000 0.00976
9140.00000 0.00978
9142.00000 0.0097
9144.00000 0.00966
9146.00000 0.00966
9148.00000 0.00957
9150.00000 0.00957
9152.00000 0.00944
9154.00000 0.00948
9156.00000 0.00941
9158.00000 0.00934
9160.00000 0.00934
9162.00000 0.00932
9164.00000 0.00929
9166.00000 0.00915
9168.00000 0.00919
9170.00000 0.00919
9172.00000 0.00906
9174.00000 0.00905
9176.00000 0.00897
9178.00000 0.00893
9180.00000 0.00895
9182.00000 0.00888
9184.00000 0.00885
9186.00000 0.00883
9188.00000 0.00874
9190.00000 0.00871
9192.00000 0.00865
9194.00000 0.00867
9196.00000 0.00862
9198.00000 0.00856
9200.00000 0.00849
9202.00000 0.00848
9204.00000 0.00844
9206.00000 0.00845
9208.00000 0.00829
9210.00000 0.00833
9212.00000 0.00828
9214.00000 0.00829
9216.00000 0.00823
9218.00000 0.00822
9220.00000 0.00819
9222.00000 0.00806
9224.00000 0.00807
9226.00000 0.00802
9228.00000 0.00804
9230.00000 0.00804
9232.00000 0.00797
9234.00000 0.00795
9236.00000 0.00786
9238.00000 0.00786
9240.00000 0.00782
9242.00000 0.0078
9244.00000 0.0078
9246.00000 0.00768
9248.00000 0.00767
9250.00000 0.00764
9252.00000 0.00758
9254.00000 0.00757
9256.00000 0.0075
9258.00000 0.00755
9260.00000 0.00745
9262.00000 0.00745
9264.00000 0.00741
9266.00000 0.0074
9268.00000 0.00732
9270.00000 0.00733
9272.00000 0.00729
9274.00000 0.0072
9276.00000 0.00721
9278.00000 0.0072
9280.00000 0.00711
9282.00000 0.00709
9284.00000 0.0071
9286.00000 0.00705
9288.00000 0.00704
9290.00000 0.00698
9292.00000 0.00697
9294.00000 0.00687
9296.00000 0.00687
9298.00000 0.00686
9300.00000 0.00686
9302.00000 0.0068
9304.00000 0.00681
9306.00000 0.00676
9308.00000 0.00671
9310.00000 0.00668
9312.00000 0.00666
9314.00000 0.00662
9316.00000 0.00663
9318.00000 0.00655
9320.00000 0.00653
9322.00000 0.00652
9324.00000 0.00648
9326.00000 0.00651
9328.00000 0.00643
9330.00000 0.00641
9332.00000 0.00637
9334.00000 0.00634
9336.00000 0.00631
9338.00000 0.00629
9340.00000 0.00624
9342.00000 0.00626
9344.00000 0.00623
9346.00000 0.00617
9348.00000 0.00611
9350.00000 0.00613
9352.00000 0.00608
9354.00000 0.00605
9356.00000 0.00609
9358.00000 0.00603
9360.00000 0.00596
9362.00000 0.006
9364.00000 0.00588
9366.00000 0.00594
9368.00000 0.00587
9370.00000 0.00584
9372.00000 0.00584
9374.00000 0.00581
9376.00000 0.00585
9378.00000 0.00575
9380.00000 0.00569
9382.00000 0.00563
9384.00000 0.0057
9386.00000 0.00568
9388.00000 0.00564
9390.00000 0.00563
9392.00000 0.0056
9394.00000 0.00552
9396.00000 0.00549
9398.00000 0.00558
9400.00000 0.00554
9402.00000 0.00548
9404.00000 0.00547
9406.00000 0.00547
9408.00000 0.00539
9410.00000 0.0054
9412.00000 0.00539
9414.00000 0.00533
9416.00000 0.00534
9418.00000 0.00532
9420.00000 0.0053
9422.00000 0.00521
9424.00000 0.00528
9426.00000 0.00518
9428.00000 0.00523
9430.00000 0.00519
9432.00000 0.00513
9434.00000 0.00513
9436.00000 0.00514
9438.00000 0.00507
9440.00000 0.00503
9442.00000 0.005
9444.00000 0.00504
9446.00000 0.00499
9448.00000 0.00502
9450.00000 0.00498
9452.00000 0.00489
9454.00000 0.00492
9456.00000 0.00487
9458.00000 0.00482
9460.00000 0.00481
9462.00000 0.00482
9464.00000 0.00478
9466.00000 0.00482
9468.00000 0.00476
9470.00000 0.00479
9472.00000 0.0047
9474.00000 0.00471
9476.00000 0.00473
9478.00000 0.00471
9480.00000 0.0046
9482.00000 0.0046
9484.00000 0.00464
9486.00000 0.00456
9488.00000 0.00461
9490.00000 0.00458
9492.00000 0.00454
9494.00000 0.00451
9496.00000 0.00449
9498.00000 0.00446
9500.00000 0.0044
9502.00000 0.00446
9504.00000 0.00444
9506.00000 0.0044
9508.00000 0.00438
9510.00000 0.00435
9512.00000 0.00434
9514.00000 0.00434
9516.00000 0.00428
9518.00000 0.00422
9520.00000 0.00431
9522.00000 0.00427
9524.00000 0.0042
9526.00000 0.00428
9528.00000 0.00422
9530.00000 0.00424
9532.00000 0.00423
9534.00000 0.00414
9536.00000 0.00415
9538.00000 0.00413
9540.00000 0.00412
9542.00000 0.00405
9544.00000 0.00408
9546.00000 0.00403
9548.00000 0.00404
9550.00000 0.00398
9552.00000 0.00396
9554.00000 0.00396
9556.00000 0.00394
9558.00000 0.00391
9560.00000 0.00397
9562.00000 0.00386
9564.00000 0.00391
9566.00000 0.00382
9568.00000 0.00383
9570.00000 0.00388
9572.00000 0.00378
9574.00000 0.00381
9576.00000 0.00379
9578.00000 0.00374
9580.00000 0.00379
9582.00000 0.00371
9584.00000 0.00368
9586.00000 0.0037
9588.00000 0.00373
9590.00000 0.00373
9592.00000 0.00368
9594.00000 0.00372
9596.00000 0.00366
9598.00000 0.0036
9600.00000 0.00358
9602.00000 0.00363
9604.00000 0.00364
9606.00000 0.00368
9608.00000 0.00355
9610.00000 0.00358
9612.00000 0.00345
9614.00000 0.00345
9616.00000 0.00346
9618.00000 0.00349
9620.00000 0.00341
9622.00000 0.00347
9624.00000 0.00347
9626.00000 0.00339
9628.00000 0.00331
9630.00000 0.00335
9632.00000 0.00335
9634.00000 0.00341
9636.00000 0.00332
9638.00000 0.00338
9640.00000 0.00333
9642.00000 0.00335
9644.00000 0.00333
9646.00000 0.00333
9648.00000 0.00327
9650.00000 0.00325
9652.00000 0.00326
9654.00000 0.00324
9656.00000 0.0032
9658.00000 0.00326
9660.00000 0.00319
9662.00000 0.00316
9664.00000 0.00316
9666.00000 0.00322
9668.00000 0.00318
9670.00000 0.00316
9672.00000 0.00312
9674.00000 0.00308
9676.00000 0.00306
9678.00000 0.00303
9680.00000 0.00309
9682.00000 0.00303
9684.00000 0.00299
9686.00000 0.003
9688.00000 0.00307
9690.00000 0.00304
9692.00000 0.00303
9694.00000 0.00299
9696.00000 0.00298
9698.00000 0.00293
9700.00000 0.00297
9702.00000 0.00294
9704.00000 0.00293
9706.00000 0.00289
9708.00000 0.00291
9710.00000 0.00293
9712.00000 0.00285
9714.00000 0.00295
9716.00000 0.00281
9718.00000 0.00285
9720.00000 0.00287
9722.00000 0.00281
9724.00000 0.00282
9726.00000 0.00294
9728.00000 0.00288
9730.00000 0.00273
9732.00000 0.00274
9734.00000 0.00279
9736.00000 0.0027
9738.00000 0.00278
9740.00000 0.00278
9742.00000 0.00272
9744.00000 0.00274
9746.00000 0.00269
9748.00000 0.0027
9750.00000 0.00268
9752.00000 0.00266
9754.00000 0.00269
9756.00000 0.0026
9758.00000 0.00268
9760.00000 0.00267
9762.00000 0.00265
9764.00000 0.00263
9766.00000 0.00255
9768.00000 0.0026
9770.00000 0.00256
9772.00000 0.00256
9774.00000 0.00254
9776.00000 0.00252
9778.00000 0.00258
9780.00000 0.00252
9782.00000 0.00256
9784.00000 0.00249
9786.00000 0.00252
9788.00000 0.0025
9790.00000 0.00258
9792.00000 0.0025
9794.00000 0.00248
9796.00000 0.00247
9798.00000 0.00243
9800.00000 0.00237
9802.00000 0.00238
9804.00000 0.00239
9806.00000 0.00244
9808.00000 0.0024
9810.00000 0.00239
9812.00000 0.00237
9814.00000 0.00242
9816.00000 0.00236
9818.00000 0.00236
9820.00000 0.00237
9822.00000 0.00239
9824.00000 0.00241
9826.00000 0.00235
9828.00000 0.00234
9830.00000 0.00233
9832.00000 0.00229
9834.00000 0.00231
9836.00000 0.00227
9838.00000 0.00231
9840.00000 0.00235
9842.00000 0.00229
9844.00000 0.00226
9846.00000 0.0023
9848.00000 0.0022
9850.00000 0.00218
9852.00000 0.00222
9854.00000 0.00216
9856.00000 0.00225
9858.00000 0.00231
9860.00000 0.00228
9862.00000 0.00226
9864.00000 0.00208
9866.00000 0.00223
9868.00000 0.00217
9870.00000 0.00214
9872.00000 0.00215
9874.00000 0.00217
9876.00000 0.00212
9878.00000 0.00215
9880.00000 0.00213
9882.00000 0.00218
9884.00000 0.00204
9886.00000 0.00213
9888.00000 0.00204
9890.00000 0.00212
9892.00000 0.00205
9894.00000 0.00205
9896.00000 0.00207
9898.00000 0.00206
9900.00000 0.00193
9902.00000 0.00211
9904.00000 0.00207
9906.00000 0.00194
9908.00000 0.00203
9910.00000 0.002
9912.00000 0.00208
9914.00000 0.00207
9916.00000 0.00198
9918.00000 0.00195
9920.00000 0.00195
9922.00000 0.00191
9924.00000 0.00196
9926.00000 0.00192
9928.00000 0.00193
9930.00000 0.00186
9932.00000 0.00191
9934.00000 0.002
9936.00000 0.00194
9938.00000 0.00191
9940.00000 0.00191
9942.00000 0.00187
9944.00000 0.0019
9946.00000 0.00191
9948.00000 0.00182
9950.00000 0.00191
9952.00000 0.00186
9954.00000 0.00184
9956.00000 0.00189
9958.00000 0.00182
9960.00000 0.00185
9962.00000 0.00188
9964.00000 0.00181
9966.00000 0.00181
9968.00000 0.00176
9970.00000 0.00178
9972.00000 0.00179
9974.00000 0.00174
9976.00000 0.00174
9978.00000 0.00181
9980.00000 0.00173
9982.00000 0.00182
9984.00000 0.0017
9986.00000 0.00178
9988.00000 0.00172
9990.00000 0.00172
9992.00000 0.00174
9994.00000 0.00171
9996.00000 0.00176
9998.00000 0.00173
10000.00000 0.00169
10002.00000 0.00168
10004.00000 0.00176
10006.00000 0.00159
10008.00000 0.00176
10010.00000 0.00171
10012.00000 0.00162
10014.00000 0.0017
10016.00000 0.00165
10018.00000 0.00168
10020.00000 0.00164
10022.00000 0.00167
10024.00000 0.00162
10026.00000 0.00164
10028.00000 0.00157
10030.00000 0.00162
10032.00000 0.00164
10034.00000 0.00154
10036.00000 0.00164
10038.00000 0.00158
10040.00000 0.00159
10042.00000 0.00157
10044.00000 0.00157
10046.00000 0.00149
10048.00000 0.00157
10050.00000 0.00152
10052.00000 0.00155
10054.00000 0.00162
10056.00000 0.00159
10058.00000 0.00154
10060.00000 0.00158
10062.00000 0.00149
10064.00000 0.00159
10066.00000 0.00155
10068.00000 0.00151
10070.00000 0.0015
10072.00000 0.0016
10074.00000 0.00148
10076.00000 0.00154
10078.00000 0.00145
10080.00000 0.00154
10082.00000 0.00152
10084.00000 0.00142
10086.00000 0.00148
10088.00000 0.00152
10090.00000 0.00155
10092.00000 0.00148
10094.00000 0.00145
10096.00000 0.00144
10098.00000 0.00141
10100.00000 0.00145
10102.00000 0.00141
10104.00000 0.00147
10106.00000 0.00146
10108.00000 0.00138
10110.00000 0.00144
10112.00000 0.00139
10114.00000 0.00148
10116.00000 0.00147
10118.00000 0.00138
10120.00000 0.00142
10122.00000 0.00142
10124.00000 0.00134
10126.00000 0.00137
10128.00000 0.0014
10130.00000 0.00141
10132.00000 0.00133
10134.00000 0.00134
10136.00000 0.00142
10138.00000 0.00138
10140.00000 0.00131
10142.00000 0.00137
10144.00000 0.00134
10146.00000 0.00135
10148.00000 0.00131
10150.00000 0.00131
10152.00000 0.0013
10154.00000 0.00131
10156.00000 0.0013
10158.00000 0.00129
10160.00000 0.00128
10162.00000 0.00129
10164.00000 0.00125
10166.00000 0.0013
10168.00000 0.00132
10170.00000 0.00128
10172.00000 0.00127
10174.00000 0.00128
10176.00000 0.00127
10178.00000 0.00125
10180.00000 0.00126
10182.00000 0.00127
10184.00000 0.00126
10186.00000 0.00127
10188.00000 0.00129
10190.00000 0.00123
10192.00000 0.00128
10194.00000 0.0012
10196.00000 0.00117
10198.00000 0.0012
10200.00000 0.00122
10202.00000 0.00124
10204.00000 0.00121
10206.00000 0.00121
10208.00000 0.0012
10210.00000 0.0012
10212.00000 0.00124
10214.00000 0.00123
10216.00000 0.00117
10218.00000 0.00118
10220.00000 0.0012
10222.00000 0.00118
10224.00000 0.00123
10226.00000 0.00126
10228.00000 0.00121
10230.00000 0.00119
10232.00000 0.00111
10234.00000 0.00118
10236.00000 0.00114
10238.00000 0.00113
10240.00000 0.00116
10242.00000 0.00113
10244.00000 0.00114
10246.00000 0.00115
10248.00000 0.00106
10250.00000 0.00115
10252.00000 0.00121
10254.00000 0.00116
10256.00000 0.00109
10258.00000 0.00113
10260.00000 0.00112
10262.00000 0.00113
10264.00000 0.00112
10266.00000 0.00114
10268.00000 0.00111
10270.00000 0.00109
10272.00000 0.00109
10274.00000 0.00112
10276.00000 0.00108
10278.00000 0.00106
10280.00000 0.0011
10282.00000 0.00107
10284.00000 0.0011
10286.00000 0.00106
10288.00000 0.00107
10290.00000 0.00109
10292.00000 0.00109
10294.00000 0.00104
10296.00000 0.00101
10298.00000 0.00109
10300.00000 0.00113
10302.00000 0.00101
10304.00000 0.00103
10306.00000 0.00105
10308.00000 0.00109
10310.00000 0.00102
10312.00000 0.00106
10314.00000 0.00106
10316.00000 0.00103
10318.00000 0.00105
10320.00000 0.00103
10322.00000 0.00098
10324.00000 0.00103
10326.00000 0.00103
10328.00000 0.00098
10330.00000 0.00105
10332.00000 0.00107
10334.00000 0.00094
10336.00000 0.00104
10338.00000 0.00098
10340.00000 0.00099
10342.00000 0.00097
10344.00000 0.00093
10346.00000 0.00105
10348.00000 0.00105
10350.00000 0.00095
10352.00000 0.00097
10354.00000 0.00103
10356.00000 0.00097
10358.00000 0.00097
10360.00000 0.00092
10362.00000 0.00098
10364.00000 0.00095
10366.00000 0.00099
10368.00000 0.00092
10370.00000 0.00095
10372.00000 0.00101
10374.00000 0.00092
10376.00000 0.00094
10378.00000 0.00098
10380.00000 0.00095
10382.00000 0.00092
10384.00000 0.00095
10386.00000 0.00095
10388.00000 0.00093
10390.00000 0.00091
10392.00000 0.0009
10394.00000 0.00088
10396.00000 0.00093
10398.00000 0.00089
10400.00000 0.00096
10402.00000 0.00086
10404.00000 0.0009
10406.00000 0.00084
10408.00000 0.0009
10410.00000 0.00096
10412.00000 0.00086
10414.00000 0.00087
10416.00000 0.00087
10418.00000 0.00088
10420.00000 0.00089
10422.00000 0.0009
10424.00000 0.00086
10426.00000 0.00087
10428.00000 0.00092
10430.00000 0.0009
10432.00000 0.00088
10434.00000 0.00091
10436.00000 0.00085
10438.00000 0.00089
10440.00000 0.00088
10442.00000 0.00086
10444.00000 0.00086
10446.00000 0.00083
10448.00000 0.00085
10450.00000 0.00085
10452.00000 0.00088
10454.00000 0.00087
10456.00000 0.00087
10458.00000 0.00085
10460.00000 0.00082
10462.00000 0.00082
10464.00000 0.00083
10466.00000 0.00087
10468.00000 0.00085
10470.00000 0.00082
10472.00000 0.00081
10474.00000 0.00078
10476.00000 0.00083
10478.00000 0.0008
10480.00000 0.00082
10482.00000 0.00081
10484.00000 0.00082
10486.00000 0.00082
10488.00000 0.00084
10490.00000 0.00084
10492.00000 0.0008
10494.00000 0.00084
10496.00000 0.00082
10498.00000 0.00077
