threeML/data/optical_filters/OSN/Johnson-Cousins_I2.ecsv
# %ECSV 0.9
# ---
# datatype:
# - {name: wavelength, unit: Angstrom, datatype: float32}
# - {name: response, datatype: float32}
# meta: !!omap
# - {band_name: Cousins_I2}
# - {group_name: Johnson}
wavelength response
[from data line 2493]
11916.00000 0.00727
11918.00000 0.00721
11920.00000 0.00713
11922.00000 0.00707
11924.00000 0.00703
11926.00000 0.00699
11928.00000 0.00695
11930.00000 0.00687
11932.00000 0.00679
11934.00000 0.00672
11936.00000 0.00671
11938.00000 0.00664
11940.00000 0.0066
11942.00000 0.00655
11944.00000 0.00648
11946.00000 0.00643
11948.00000 0.00637
11950.00000 0.00633
11952.00000 0.00632
11954.00000 0.0062
11956.00000 0.00621
11958.00000 0.00615
11960.00000 0.0061
11962.00000 0.00606
11964.00000 0.00599
11966.00000 0.00598
11968.00000 0.00593
11970.00000 0.00587
11972.00000 0.00583
11974.00000 0.00577
11976.00000 0.00572
11978.00000 0.0057
11980.00000 0.00563
11982.00000 0.00561
11984.00000 0.00557
11986.00000 0.00552
11988.00000 0.00549
11990.00000 0.0054
11992.00000 0.00539
11994.00000 0.00534
11996.00000 0.0053
11998.00000 0.00528
12000.00000 0.0052
12002.00000 0.00518
12004.00000 0.00512
12006.00000 0.00509
12008.00000 0.00506
12010.00000 0.00499
12012.00000 0.00496
12014.00000 0.00492
12016.00000 0.00487
12018.00000 0.00487
12020.00000 0.00483
12022.00000 0.00479
12024.00000 0.00476
12026.00000 0.00467
12028.00000 0.00466
12030.00000 0.0046
12032.00000 0.00458
12034.00000 0.00453
12036.00000 0.0045
12038.00000 0.00447
12040.00000 0.00445
12042.00000 0.0044
12044.00000 0.0044
12046.00000 0.00435
12048.00000 0.00431
12050.00000 0.00425
12052.00000 0.0042
12054.00000 0.00416
12056.00000 0.00418
12058.00000 0.00414
12060.00000 0.00411
12062.00000 0.00407
12064.00000 0.00402
12066.00000 0.00403
12068.00000 0.00397
12070.00000 0.00395
12072.00000 0.00392
12074.00000 0.00389
12076.00000 0.00385
12078.00000 0.00383
12080.00000 0.00378
12082.00000 0.00376
12084.00000 0.00372
12086.00000 0.00373
12088.00000 0.00367
12090.00000 0.00364
12092.00000 0.00358
12094.00000 0.00357
12096.00000 0.00355
12098.00000 0.00351
12100.00000 0.00349
12102.00000 0.00347
12104.00000 0.00346
12106.00000 0.00342
12108.00000 0.0034
12110.00000 0.00334
12112.00000 0.00333
12114.00000 0.00333
12116.00000 0.00329
12118.00000 0.00328
12120.00000 0.00323
12122.00000 0.00323
12124.00000 0.00319
12126.00000 0.00317
12128.00000 0.00314
12130.00000 0.00312
12132.00000 0.0031
12134.00000 0.00308
12136.00000 0.00306
12138.00000 0.00303
12140.00000 0.00299
12142.00000 0.00295
12144.00000 0.00295
12146.00000 0.00295
12148.00000 0.00294
12150.00000 0.00286
12152.00000 0.00285
12154.00000 0.00281
12156.00000 0.00282
12158.00000 0.00279
12160.00000 0.00278
12162.00000 0.00278
12164.00000 0.00275
12166.00000 0.00271
12168.00000 0.0027
12170.00000 0.00267
12172.00000 0.00265
12174.00000 0.00263
12176.00000 0.00263
12178.00000 0.00264
12180.00000 0.00257
12182.00000 0.00256
12184.00000 0.00251
12186.00000 0.00256
12188.00000 0.00252
12190.00000 0.0025
12192.00000 0.00249
12194.00000 0.00247
12196.00000 0.00243
12198.00000 0.00241
12200.00000 0.00239
12202.00000 0.0024
12204.00000 0.00235
12206.00000 0.00234
12208.00000 0.00235
12210.00000 0.0023
12212.00000 0.00229
12214.00000 0.00227
12216.00000 0.00227
12218.00000 0.00223
12220.00000 0.00223
12222.00000 0.00221
12224.00000 0.0022
12226.00000 0.00218
12228.00000 0.00216
12230.00000 0.00215
12232.00000 0.00212
12234.00000 0.00211
12236.00000 0.00208
12238.00000 0.00208
12240.00000 0.00208
12242.00000 0.00206
12244.00000 0.00203
12246.00000 0.00202
12248.00000 0.002
12250.00000 0.00203
12252.00000 0.00199
12254.00000 0.00195
12256.00000 0.00193
12258.00000 0.00195
12260.00000 0.00189
12262.00000 0.00189
12264.00000 0.0019
12266.00000 0.00188
12268.00000 0.00188
12270.00000 0.00189
12272.00000 0.00184
12274.00000 0.00183
12276.00000 0.00181
12278.00000 0.0018
12280.00000 0.00179
12282.00000 0.00178
12284.00000 0.00178
12286.00000 0.00178
12288.00000 0.00175
12290.00000 0.00174
12292.00000 0.00171
12294.00000 0.00171
12296.00000 0.0017
12298.00000 0.00169
12300.00000 0.00167
12302.00000 0.00167
12304.00000 0.00164
12306.00000 0.00164
12308.00000 0.00162
12310.00000 0.00161
12312.00000 0.00159
12314.00000 0.00161
12316.00000 0.00159
12318.00000 0.00159
12320.00000 0.00154
12322.00000 0.00155
12324.00000 0.00153
12326.00000 0.0015
12328.00000 0.00151
12330.00000 0.0015
12332.00000 0.00149
12334.00000 0.00149
12336.00000 0.00147
12338.00000 0.00146
12340.00000 0.00146
12342.00000 0.00146
12344.00000 0.00143
12346.00000 0.00141
12348.00000 0.00142
12350.00000 0.00143
12352.00000 0.00139
12354.00000 0.00139
12356.00000 0.00137
12358.00000 0.00136
12360.00000 0.00137
12362.00000 0.00132
12364.00000 0.00135
12366.00000 0.00132
12368.00000 0.00134
12370.00000 0.0013
12372.00000 0.00132
12374.00000 0.00129
12376.00000 0.00128
12378.00000 0.00129
12380.00000 0.00127
12382.00000 0.00128
12384.00000 0.00125
12386.00000 0.00125
12388.00000 0.00125
12390.00000 0.00121
12392.00000 0.00123
12394.00000 0.00123
12396.00000 0.00121
12398.00000 0.00121
12400.00000 0.00119
12402.00000 0.00119
12404.00000 0.00118
12406.00000 0.00116
12408.00000 0.00116
12410.00000 0.00117
12412.00000 0.00113
12414.00000 0.00114
12416.00000 0.00114
12418.00000 0.00112
12420.00000 0.00113
12422.00000 0.00112
12424.00000 0.00112
12426.00000 0.00113
12428.00000 0.00109
12430.00000 0.00107
12432.00000 0.00109
12434.00000 0.00108
12436.00000 0.00107
12438.00000 0.00107
12440.00000 0.00105
12442.00000 0.00108
12444.00000 0.00105
12446.00000 0.00103
12448.00000 0.00103
12450.00000 0.00104
12452.00000 0.00104
12454.00000 0.001
12456.00000 0.00103
12458.00000 0.00102
12460.00000 0.00102
12462.00000 0.00098
12464.00000 0.00101
12466.00000 0.001
12468.00000 0.00098
12470.00000 0.00097
12472.00000 0.00098
12474.00000 0.00096
12476.00000 0.00095
12478.00000 0.00094
12480.00000 0.00093
12482.00000 0.00092
12484.00000 0.00093
12486.00000 0.00092
12488.00000 0.00096
12490.00000 0.0009
12492.00000 0.00091
12494.00000 0.00092
12496.00000 0.00091
12498.00000 0.00088
12500.00000 0.0009
12502.00000 0.00086
12504.00000 0.00088
12506.00000 0.00088
12508.00000 0.00087
12510.00000 0.00086
12512.00000 0.00084
12514.00000 0.00082
12516.00000 0.00085
12518.00000 0.00082
12520.00000 0.00083
12522.00000 0.00084
12524.00000 0.00084
12526.00000 0.00079
12528.00000 0.00083
12530.00000 0.00081
12532.00000 0.00079
12534.00000 0.00081
12536.00000 0.00079
12538.00000 0.0008
12540.00000 0.0008
12542.00000 0.00077
12544.00000 0.00078
12546.00000 0.00078
12548.00000 0.0008
12550.00000 0.00076
12552.00000 0.00078
12554.00000 0.00076
12556.00000 0.00074
12558.00000 0.00078
12560.00000 0.00078
12562.00000 0.00077
12564.00000 0.00076
12566.00000 0.00072
12568.00000 0.00072
12570.00000 0.00074
12572.00000 0.00073
12574.00000 0.00072
12576.00000 0.00073
12578.00000 0.00073
12580.00000 0.00072
12582.00000 0.00073
12584.00000 0.00069
12586.00000 0.00072
12588.00000 0.00069
12590.00000 0.0007
12592.00000 0.00069
12594.00000 0.00071
12596.00000 0.00068
12598.00000 0.00069
12600.00000 0.00068
12602.00000 0.00065
12604.00000 0.0007
12606.00000 0.00064
12608.00000 0.00066
12610.00000 0.00066
12612.00000 0.00064
12614.00000 0.00067
12616.00000 0.00063
12618.00000 0.00066
12620.00000 0.00061
12622.00000 0.00065
12624.00000 0.00064
12626.00000 0.00065
12628.00000 0.00066
12630.00000 0.00061
12632.00000 0.00064
12634.00000 0.00063
12636.00000 0.00065
12638.00000 0.00062
12640.00000 0.00063
12642.00000 0.00062
12644.00000 0.00062
12646.00000 0.00062
12648.00000 0.00063
12650.00000 0.00061
12652.00000 0.00062
12654.00000 0.00061
12656.00000 0.00058
12658.00000 0.00059
12660.00000 0.00058
12662.00000 0.00057
12664.00000 0.00058
12666.00000 0.0006
12668.00000 0.00058
12670.00000 0.0006
12672.00000 0.0006
12674.00000 0.00058
12676.00000 0.00057
12678.00000 0.00058
12680.00000 0.0006
12682.00000 0.00057
12684.00000 0.00058
12686.00000 0.00054
12688.00000 0.00058
12690.00000 0.00057
12692.00000 0.00056
12694.00000 0.00058
12696.00000 0.00057
12698.00000 0.00055
12700.00000 0.00054
12702.00000 0.00056
12704.00000 0.00052
12706.00000 0.00053
12708.00000 0.00054
12710.00000 0.00053
12712.00000 0.00052
12714.00000 0.00053
12716.00000 0.00051
12718.00000 0.00052
12720.00000 0.00054
12722.00000 0.00051
12724.00000 0.00051
12726.00000 0.00053
12728.00000 0.00053
12730.00000 0.00052
12732.00000 0.00051
12734.00000 0.0005
12736.00000 0.00054
12738.00000 0.00051
12740.00000 0.00051
12742.00000 0.00051
12744.00000 0.0005
12746.00000 0.00051
12748.00000 0.00052
12750.00000 0.0005
12752.00000 0.00051
12754.00000 0.0005
12756.00000 0.00051
12758.00000 0.0005
12760.00000 0.00051
12762.00000 0.00048
12764.00000 0.00047
12766.00000 0.00049
12768.00000 0.00048
12770.00000 0.00053
12772.00000 0.00046
12774.00000 0.00047
12776.00000 0.00048
12778.00000 0.00049
12780.00000 0.0005
12782.00000 0.00048
12784.00000 0.00047
12786.00000 0.0005
12788.00000 0.00049
12790.00000 0.00047
12792.00000 0.0005
12794.00000 0.00049
12796.00000 0.00048
12798.00000 0.00045
12800.00000 0.00047
12802.00000 0.00047
12804.00000 0.00048
12806.00000 0.00046
12808.00000 0.00046
12810.00000 0.00044
12812.00000 0.00047
12814.00000 0.00041
12816.00000 0.00046
12818.00000 0.00049
12820.00000 0.00047
12822.00000 0.00044
12824.00000 0.00046
12826.00000 0.00044
12828.00000 0.00044
12830.00000 0.00046
12832.00000 0.00047
12834.00000 0.00041
12836.00000 0.00045
12838.00000 0.00043
12840.00000 0.00046
12842.00000 0.00041
12844.00000 0.00044
12846.00000 0.00044
12848.00000 0.00042
12850.00000 0.00043
12852.00000 0.0004
12854.00000 0.00044
12856.00000 0.00043
12858.00000 0.00045
12860.00000 0.00043
12862.00000 0.00042
12864.00000 0.00045
12866.00000 0.00044
12868.00000 0.00043
12870.00000 0.00043
12872.00000 0.00042
12874.00000 0.00043
12876.00000 0.00044
12878.00000 0.00043
12880.00000 0.00043
12882.00000 0.00043
12884.00000 0.00042
12886.00000 0.00041
12888.00000 0.00043
12890.00000 0.00042
12892.00000 0.00044
12894.00000 0.00043
12896.00000 0.00044
12898.00000 0.00045
12900.00000 0.00043
12902.00000 0.00043
12904.00000 0.00042
12906.00000 0.00042
12908.00000 0.0004
12910.00000 0.00042
12912.00000 0.00041
12914.00000 0.00041
12916.00000 0.00039
12918.00000 0.00044
12920.00000 0.00041
12922.00000 0.00042
12924.00000 0.0004
12926.00000 0.00042
12928.00000 0.0004
12930.00000 0.00043
12932.00000 0.00039
12934.00000 0.00043
12936.00000 0.0004
12938.00000 0.00042
12940.00000 0.00039
12942.00000 0.00043
12944.00000 0.00039
12946.00000 0.00039
12948.00000 0.0004
12950.00000 0.00039
12952.00000 0.00039
12954.00000 0.00039
12956.00000 0.00039
12958.00000 0.00042
12960.00000 0.00039
12962.00000 0.00038
12964.00000 0.00039
12966.00000 0.0004
12968.00000 0.0004
12970.00000 0.0004
12972.00000 0.00043
12974.00000 0.00038
12976.00000 0.00037
12978.00000 0.00038
12980.00000 0.0004
12982.00000 0.0004
12984.00000 0.00038
12986.00000 0.00038
12988.00000 0.0004
12990.00000 0.00039
12992.00000 0.0004
12994.00000 0.00041
12996.00000 0.00039
12998.00000 0.00042
13000.00000 0.00038
13002.00000 0.00037
13004.00000 0.00041
13006.00000 0.00035
13008.00000 0.00041
13010.00000 0.00038
13012.00000 0.00038
13014.00000 0.0004
13016.00000 0.00035
13018.00000 0.00038
13020.00000 0.00037
13022.00000 0.00039
13024.00000 0.00037
13026.00000 0.00038
13028.00000 0.00037
13030.00000 0.0004
13032.00000 0.00038
13034.00000 0.00038
13036.00000 0.0004
13038.00000 0.00035
13040.00000 0.00038
13042.00000 0.00038
13044.00000 0.00037
13046.00000 0.00036
13048.00000 0.00039
13050.00000 0.00039
13052.00000 0.00038
13054.00000 0.00039
13056.00000 0.0004
13058.00000 0.00037
13060.00000 0.00036
13062.00000 0.00035
13064.00000 0.00041
13066.00000 0.0004
13068.00000 0.0004
13070.00000 0.00037
13072.00000 0.0004
13074.00000 0.00036
13076.00000 0.0004
13078.00000 0.00037
13080.00000 0.00038
13082.00000 0.00037
13084.00000 0.00041
13086.00000 0.00039
13088.00000 0.00035
13090.00000 0.00039
13092.00000 0.00038
13094.00000 0.00038
13096.00000 0.00039
13098.00000 0.00036
13100.00000 0.00039
13102.00000 0.0004
13104.00000 0.00037
13106.00000 0.00035
13108.00000 0.00039
13110.00000 0.00037
13112.00000 0.00037
13114.00000 0.00038
13116.00000 0.00037
13118.00000 0.00037
13120.00000 0.00039
13122.00000 0.00036
13124.00000 0.00037
13126.00000 0.00037
13128.00000 0.00036
13130.00000 0.00039
13132.00000 0.0004
13134.00000 0.00038
13136.00000 0.00038
13138.00000 0.0004
13140.00000 0.00038
13142.00000 0.00038
13144.00000 0.00038
13146.00000 0.00038
13148.00000 0.00036
13150.00000 0.0004
13152.00000 0.0004
13154.00000 0.00039
13156.00000 0.0004
13158.00000 0.00037
13160.00000 0.00039
13162.00000 0.00039
13164.00000 0.00037
13166.00000 0.00038
13168.00000 0.0004
13170.00000 0.00037
13172.00000 0.0004
13174.00000 0.00036
13176.00000 0.00038
13178.00000 0.00038
13180.00000 0.0004
13182.00000 0.00036
13184.00000 0.00039
13186.00000 0.00038
13188.00000 0.00038
13190.00000 0.00036
13192.00000 0.00037
13194.00000 0.00039
13196.00000 0.00038
13198.00000 0.00038
13200.00000 0.00041
13202.00000 0.00038
13204.00000 0.00037
13206.00000 0.00034
13208.00000 0.00038
13210.00000 0.00038
13212.00000 0.0004
13214.00000 0.00038
13216.00000 0.00039
13218.00000 0.00038
13220.00000 0.0004
13222.00000 0.00041
13224.00000 0.00042
13226.00000 0.00038
13228.00000 0.00037
13230.00000 0.00037
13232.00000 0.00038
13234.00000 0.00037
13236.00000 0.00038
13238.00000 0.00039
13240.00000 0.0004
13242.00000 0.00039
13244.00000 0.0004
13246.00000 0.00036
13248.00000 0.00039
13250.00000 0.00041
13252.00000 0.00037
13254.00000 0.00039
13256.00000 0.00038
13258.00000 0.00037
13260.00000 0.0004
13262.00000 0.00037
13264.00000 0.0004
13266.00000 0.00041
13268.00000 0.00039
13270.00000 0.0004
13272.00000 0.00042
13274.00000 0.00038
13276.00000 0.00037
13278.00000 0.0004
13280.00000 0.00039
13282.00000 0.0004
13284.00000 0.00038
13286.00000 0.00039
13288.00000 0.00039
13290.00000 0.00039
13292.00000 0.0004
13294.00000 0.00037
13296.00000 0.0004
13298.00000 0.00044
13300.00000 0.00039
13302.00000 0.0004
13304.00000 0.00038
13306.00000 0.00039
13308.00000 0.00041
13310.00000 0.00043
13312.00000 0.0004
13314.00000 0.00039
13316.00000 0.0004
13318.00000 0.00039
13320.00000 0.00035
13322.00000 0.00043
13324.00000 0.00041
13326.00000 0.00042
13328.00000 0.00039
13330.00000 0.00042
13332.00000 0.00042
13334.00000 0.00041
13336.00000 0.00039
13338.00000 0.0004
13340.00000 0.00039
13342.00000 0.00041
13344.00000 0.00043
13346.00000 0.0004
13348.00000 0.0004
13350.00000 0.00042
13352.00000 0.00045
13354.00000 0.00042
13356.00000 0.00041
13358.00000 0.0004
13360.00000 0.00041
13362.00000 0.00038
13364.00000 0.00043
13366.00000 0.00042
13368.00000 0.00044
13370.00000 0.00041
13372.00000 0.00041
13374.00000 0.0004
13376.00000 0.00042
13378.00000 0.00043
13380.00000 0.00041
13382.00000 0.00041
13384.00000 0.00044
13386.00000 0.00039
13388.00000 0.0004
13390.00000 0.00042
13392.00000 0.00045
13394.00000 0.00042
13396.00000 0.00042
13398.00000 0.00041
13400.00000 0.00041
13402.00000 0.00043
13404.00000 0.00043
13406.00000 0.00038
13408.00000 0.00042
13410.00000 0.00041
13412.00000 0.0004
13414.00000 0.00042
13416.00000 0.00045
13418.00000 0.00045
13420.00000 0.00043
13422.00000 0.0004
13424.00000 0.00043
13426.00000 0.00041
13428.00000 0.00043
13430.00000 0.00042
13432.00000 0.00045
13434.00000 0.00043
13436.00000 0.00042
13438.00000 0.00041
13440.00000 0.00043
13442.00000 0.00046
13444.00000 0.00044
13446.00000 0.00046
13448.00000 0.00042
13450.00000 0.00044
13452.00000 0.00044
13454.00000 0.00045
13456.00000 0.00047
13458.00000 0.00045
13460.00000 0.00042
13462.00000 0.00044
13464.00000 0.00045
13466.00000 0.00044
13468.00000 0.00048
13470.00000 0.00043
13472.00000 0.00046
13474.00000 0.00044
13476.00000 0.00044
13478.00000 0.00043
13480.00000 0.00042
13482.00000 0.00047
13484.00000 0.00042
13486.00000 0.00045
13488.00000 0.00044
13490.00000 0.00045
13492.00000 0.00043
13494.00000 0.00045
13496.00000 0.00045
13498.00000 0.00045
13500.00000 0.00046
13502.00000 0.00048
13504.00000 0.00047
13506.00000 0.00046
13508.00000 0.00046
13510.00000 0.00047
13512.00000 0.00047
13514.00000 0.00046
13516.00000 0.00048
13518.00000 0.00047
13520.00000 0.00046
13522.00000 0.00046
