threeML/data/optical_filters/OSN/Johnson-V.ecsv
# %ECSV 0.9
# ---
# datatype:
# - {name: wavelength, unit: Angstrom, datatype: float32}
# - {name: response, datatype: float32}
# meta: !!omap
# - {band_name: V}
# - {group_name: Johnson}
wavelength response
[from data line 848]
6486.00000 0.01288
6488.00000 0.01266
6490.00000 0.01248
6492.00000 0.01228
6494.00000 0.0121
6496.00000 0.01192
6498.00000 0.01171
6500.00000 0.01156
6502.00000 0.01138
6504.00000 0.01122
6506.00000 0.01105
6508.00000 0.01086
6510.00000 0.01067
6512.00000 0.01054
6514.00000 0.01039
6516.00000 0.01019
6518.00000 0.01005
6520.00000 0.00989
6522.00000 0.00975
6524.00000 0.00957
6526.00000 0.00944
6528.00000 0.0093
6530.00000 0.00916
6532.00000 0.009
6534.00000 0.00886
6536.00000 0.00873
6538.00000 0.00858
6540.00000 0.00843
6542.00000 0.0083
6544.00000 0.00821
6546.00000 0.00806
6548.00000 0.00793
6550.00000 0.0078
6552.00000 0.00768
6554.00000 0.00756
6556.00000 0.00743
6558.00000 0.00731
6560.00000 0.0072
6562.00000 0.00707
6564.00000 0.00697
6566.00000 0.00685
6568.00000 0.00674
6570.00000 0.00663
6572.00000 0.00651
6574.00000 0.00641
6576.00000 0.00631
6578.00000 0.00622
6580.00000 0.00611
6582.00000 0.00599
6584.00000 0.0059
6586.00000 0.0058
6588.00000 0.00572
6590.00000 0.00561
6592.00000 0.00551
6594.00000 0.00543
6596.00000 0.00533
6598.00000 0.00525
6600.00000 0.00515
6602.00000 0.00506
6604.00000 0.00498
6606.00000 0.0049
6608.00000 0.00482
6610.00000 0.00474
6612.00000 0.00466
6614.00000 0.00458
6616.00000 0.0045
6618.00000 0.00442
6620.00000 0.00435
6622.00000 0.00428
6624.00000 0.00421
6626.00000 0.00413
6628.00000 0.00406
6630.00000 0.00399
6632.00000 0.00393
6634.00000 0.00386
6636.00000 0.0038
6638.00000 0.00374
6640.00000 0.00366
6642.00000 0.0036
6644.00000 0.00354
6646.00000 0.00348
6648.00000 0.00342
6650.00000 0.00335
6652.00000 0.0033
6654.00000 0.00324
6656.00000 0.00319
6658.00000 0.00314
6660.00000 0.00308
6662.00000 0.00302
6664.00000 0.00296
6666.00000 0.00292
6668.00000 0.00286
6670.00000 0.00281
6672.00000 0.00276
6674.00000 0.00272
6676.00000 0.00266
6678.00000 0.00262
6680.00000 0.00258
6682.00000 0.00253
6684.00000 0.00247
6686.00000 0.00244
6688.00000 0.0024
6690.00000 0.00235
6692.00000 0.0023
6694.00000 0.00226
6696.00000 0.00222
6698.00000 0.00218
6700.00000 0.00215
6702.00000 0.00209
6704.00000 0.00206
6706.00000 0.00203
6708.00000 0.00199
6710.00000 0.00195
6712.00000 0.00193
6714.00000 0.00189
6716.00000 0.00184
6718.00000 0.00181
6720.00000 0.00178
6722.00000 0.00175
6724.00000 0.00172
6726.00000 0.00169
6728.00000 0.00166
6730.00000 0.00163
6732.00000 0.00159
6734.00000 0.00157
6736.00000 0.00154
6738.00000 0.00151
6740.00000 0.00147
6742.00000 0.00145
6744.00000 0.00142
6746.00000 0.0014
6748.00000 0.00137
6750.00000 0.00136
6752.00000 0.00132
6754.00000 0.0013
6756.00000 0.00128
6758.00000 0.00125
6760.00000 0.00122
6762.00000 0.0012
6764.00000 0.00118
6766.00000 0.00115
6768.00000 0.00113
6770.00000 0.00111
6772.00000 0.00109
6774.00000 0.00107
6776.00000 0.00104
6778.00000 0.00103
6780.00000 0.00101
6782.00000 0.00099
6784.00000 0.00097
6786.00000 0.00095
6788.00000 0.00093
6790.00000 0.00091
6792.00000 0.0009
6794.00000 0.00088
6796.00000 0.00086
6798.00000 0.00084
6800.00000 0.00082
6802.00000 0.00081
6804.00000 0.00079
6806.00000 0.00078
6808.00000 0.00077
6810.00000 0.00075
6812.00000 0.00074
6814.00000 0.00072
6816.00000 0.00071
6818.00000 0.00069
6820.00000 0.00067
6822.00000 0.00067
6824.00000 0.00065
6826.00000 0.00064
6828.00000 0.00062
6830.00000 0.00061
6832.00000 0.0006
6834.00000 0.00059
6836.00000 0.00058
6838.00000 0.00057
6840.00000 0.00056
6842.00000 0.00055
6844.00000 0.00053
6846.00000 0.00052
6848.00000 0.00051
6850.00000 0.0005
6852.00000 0.00049
6854.00000 0.00048
6856.00000 0.00047
6858.00000 0.00047
6860.00000 0.00045
6862.00000 0.00044
6864.00000 0.00043
6866.00000 0.00043
6868.00000 0.00042
6870.00000 0.00041
6872.00000 0.0004
6874.00000 0.00039
6876.00000 0.00038
6878.00000 0.00037
6880.00000 0.00037
6882.00000 0.00036
6884.00000 0.00035
6886.00000 0.00035
6888.00000 0.00034
6890.00000 0.00033
6892.00000 0.00032
6894.00000 0.00032
6896.00000 0.00032
6898.00000 0.00031
6900.00000 0.0003
6902.00000 0.00029
6904.00000 0.00029
6906.00000 0.00028
6908.00000 0.00027
6910.00000 0.00027
6912.00000 0.00026
6914.00000 0.00026
6916.00000 0.00025
6918.00000 0.00025
6920.00000 0.00024
6922.00000 0.00024
6924.00000 0.00023
6926.00000 0.00023
6928.00000 0.00022
6930.00000 0.00022
6932.00000 0.00021
6934.00000 0.00021
6936.00000 0.0002
6938.00000 0.0002
6940.00000 0.00019
6942.00000 0.00019
6944.00000 0.00019
6946.00000 0.00018
6948.00000 0.00018
6950.00000 0.00017
6952.00000 0.00017
6954.00000 0.00017
6956.00000 0.00017
6958.00000 0.00016
6960.00000 0.00016
6962.00000 0.00015
6964.00000 0.00015
6966.00000 0.00015
6968.00000 0.00014
6970.00000 0.00014
6972.00000 0.00014
6974.00000 0.00014
6976.00000 0.00013
6978.00000 0.00013
6980.00000 0.00013
6982.00000 0.00013
6984.00000 0.00012
6986.00000 0.00012
6988.00000 0.00011
6990.00000 0.00011
6992.00000 0.00011
6994.00000 0.00011
6996.00000 0.00011
6998.00000 0.00011
7000.00000 0.0001
7700.00000 0.0
