threeML/data/optical_filters/OSN/Johnson-B.ecsv
# %ECSV 0.9
# ---
# datatype:
# - {name: wavelength, unit: Angstrom, datatype: float32}
# - {name: response, datatype: float32}
# meta: !!omap
# - {band_name: B}
# - {group_name: Johnson}
wavelength response
[from data line 849]
5150.00000 0.06393
5152.00000 0.06306
5154.00000 0.0621
5156.00000 0.0612
5158.00000 0.06027
5160.00000 0.05941
5162.00000 0.05852
5164.00000 0.05759
5166.00000 0.05677
5168.00000 0.05585
5170.00000 0.05501
5172.00000 0.05414
5174.00000 0.05333
5176.00000 0.05249
5178.00000 0.0517
5180.00000 0.05088
5182.00000 0.05001
5184.00000 0.04914
5186.00000 0.04837
5188.00000 0.0476
5190.00000 0.04677
5192.00000 0.046
5194.00000 0.04523
5196.00000 0.04443
5198.00000 0.04369
5200.00000 0.04301
5202.00000 0.04224
5204.00000 0.04154
5206.00000 0.04085
5208.00000 0.04011
5210.00000 0.03941
5212.00000 0.03868
5214.00000 0.03799
5216.00000 0.03732
5218.00000 0.03668
5220.00000 0.03599
5222.00000 0.03538
5224.00000 0.03472
5226.00000 0.03412
5228.00000 0.03347
5230.00000 0.03286
5232.00000 0.03228
5234.00000 0.03166
5236.00000 0.03106
5238.00000 0.03051
5240.00000 0.02995
5242.00000 0.02943
5244.00000 0.02884
5246.00000 0.02833
5248.00000 0.02779
5250.00000 0.02725
5252.00000 0.02675
5254.00000 0.02625
5256.00000 0.02574
5258.00000 0.02532
5260.00000 0.02485
5262.00000 0.02437
5264.00000 0.0239
5266.00000 0.02353
5268.00000 0.02309
5270.00000 0.02262
5272.00000 0.02226
5274.00000 0.02184
5276.00000 0.02146
5278.00000 0.02108
5280.00000 0.02071
5282.00000 0.02036
5284.00000 0.01996
5286.00000 0.01961
5288.00000 0.01929
5290.00000 0.01895
5292.00000 0.01864
5294.00000 0.01833
5296.00000 0.01807
5298.00000 0.01775
5300.00000 0.01747
5302.00000 0.01718
5304.00000 0.01694
5306.00000 0.01668
5308.00000 0.01643
5310.00000 0.01617
5312.00000 0.0159
5314.00000 0.01567
5316.00000 0.01544
5318.00000 0.01523
5320.00000 0.01507
5322.00000 0.01487
5324.00000 0.01467
5326.00000 0.01447
5328.00000 0.01426
5330.00000 0.01412
5332.00000 0.01393
5334.00000 0.01379
5336.00000 0.01363
5338.00000 0.01345
5340.00000 0.0133
5342.00000 0.01316
5344.00000 0.01302
5346.00000 0.0129
5348.00000 0.01276
5350.00000 0.01265
5352.00000 0.01252
5354.00000 0.01242
5356.00000 0.01229
5358.00000 0.0122
5360.00000 0.01209
5362.00000 0.012
5364.00000 0.0119
5366.00000 0.01183
5368.00000 0.01171
5370.00000 0.01165
5372.00000 0.01156
5374.00000 0.01149
5376.00000 0.01142
5378.00000 0.01134
5380.00000 0.01127
5382.00000 0.01123
5384.00000 0.01118
5386.00000 0.01112
5388.00000 0.01105
5390.00000 0.011
5392.00000 0.01099
5394.00000 0.01095
5396.00000 0.0109
5398.00000 0.01087
5400.00000 0.01084
5402.00000 0.01081
5404.00000 0.01077
5406.00000 0.01079
5408.00000 0.01076
5410.00000 0.01072
5412.00000 0.01071
5414.00000 0.01072
5416.00000 0.01072
5418.00000 0.0107
5420.00000 0.0107
5422.00000 0.0107
5424.00000 0.01073
5426.00000 0.01076
5428.00000 0.01076
5430.00000 0.0108
5432.00000 0.01082
5434.00000 0.01082
5436.00000 0.01088
5438.00000 0.01087
5440.00000 0.01092
5442.00000 0.01097
5444.00000 0.01102
5446.00000 0.01107
5448.00000 0.01113
5450.00000 0.01118
5452.00000 0.01123
5454.00000 0.01129
5456.00000 0.01136
5458.00000 0.01147
5460.00000 0.01152
5462.00000 0.01158
5464.00000 0.0117
5466.00000 0.01177
5468.00000 0.01187
5470.00000 0.01194
5472.00000 0.01207
5474.00000 0.01217
5476.00000 0.01228
5478.00000 0.01239
5480.00000 0.0125
5482.00000 0.01262
5484.00000 0.01276
5486.00000 0.01289
5488.00000 0.013
5490.00000 0.01314
5492.00000 0.01329
5494.00000 0.01343
5496.00000 0.01358
5498.00000 0.01375
5500.00000 0.0139
5502.00000 0.01405
5504.00000 0.01422
5506.00000 0.01435
5508.00000 0.01454
5510.00000 0.01472
5512.00000 0.01489
5514.00000 0.01506
5516.00000 0.01525
5518.00000 0.0154
5520.00000 0.01561
5522.00000 0.01578
5524.00000 0.01596
5526.00000 0.01611
5528.00000 0.01635
5530.00000 0.0165
5532.00000 0.01668
5534.00000 0.01686
5536.00000 0.01706
5538.00000 0.01725
5540.00000 0.0174
5542.00000 0.01757
5544.00000 0.01778
5546.00000 0.01792
5548.00000 0.01808
5550.00000 0.01829
5552.00000 0.01845
5554.00000 0.01862
5556.00000 0.01875
5558.00000 0.01889
5560.00000 0.01905
5562.00000 0.0192
5564.00000 0.01934
5566.00000 0.01944
5568.00000 0.01959
5570.00000 0.01971
5572.00000 0.01982
5574.00000 0.0199
5576.00000 0.02001
5578.00000 0.02013
5580.00000 0.02019
5582.00000 0.0203
5584.00000 0.02035
5586.00000 0.02043
5588.00000 0.02049
5590.00000 0.02052
5592.00000 0.02058
5594.00000 0.02063
5596.00000 0.02065
5598.00000 0.02066
5600.00000 0.02071
5602.00000 0.02069
5604.00000 0.02069
5606.00000 0.02067
5608.00000 0.02068
5610.00000 0.02065
5612.00000 0.02064
5614.00000 0.02058
5616.00000 0.02057
5618.00000 0.02047
5620.00000 0.02041
5622.00000 0.02038
5624.00000 0.02029
5626.00000 0.02023
5628.00000 0.02012
5630.00000 0.02007
5632.00000 0.01999
5634.00000 0.01987
5636.00000 0.01978
5638.00000 0.01964
5640.00000 0.01953
5642.00000 0.01942
5644.00000 0.01925
5646.00000 0.01915
5648.00000 0.01899
5650.00000 0.01885
5652.00000 0.01873
5654.00000 0.01856
5656.00000 0.01837
5658.00000 0.01823
5660.00000 0.01807
5662.00000 0.01789
5664.00000 0.01773
5666.00000 0.01753
5668.00000 0.01734
5670.00000 0.01718
5672.00000 0.01695
5674.00000 0.01675
5676.00000 0.01655
5678.00000 0.01634
5680.00000 0.01614
5682.00000 0.01591
5684.00000 0.01571
5686.00000 0.0155
5688.00000 0.01526
5690.00000 0.01503
5692.00000 0.01478
5694.00000 0.01458
5696.00000 0.01438
5698.00000 0.01413
5700.00000 0.01389
5702.00000 0.01364
5704.00000 0.01343
5706.00000 0.01314
5708.00000 0.01293
5710.00000 0.01271
5712.00000 0.01245
5714.00000 0.0122
5716.00000 0.01199
5718.00000 0.01173
5720.00000 0.01149
5722.00000 0.01125
5724.00000 0.01101
5726.00000 0.01078
5728.00000 0.01057
5730.00000 0.01032
5732.00000 0.01007
5734.00000 0.00985
5736.00000 0.00962
5738.00000 0.0094
5740.00000 0.00918
5742.00000 0.00898
5744.00000 0.00873
5746.00000 0.00851
5748.00000 0.00829
5750.00000 0.00809
5752.00000 0.00787
5754.00000 0.00769
5756.00000 0.00748
5758.00000 0.00728
5760.00000 0.00706
5762.00000 0.00687
5764.00000 0.00669
5766.00000 0.00649
5768.00000 0.00632
5770.00000 0.00612
5772.00000 0.00595
5774.00000 0.00577
5776.00000 0.0056
5778.00000 0.00544
5780.00000 0.00527
5782.00000 0.00511
5784.00000 0.00496
5786.00000 0.00481
5788.00000 0.00466
5790.00000 0.00452
5792.00000 0.00436
5794.00000 0.00423
5796.00000 0.00409
5798.00000 0.00395
5800.00000 0.00383
5802.00000 0.00369
5804.00000 0.00357
5806.00000 0.00345
5808.00000 0.00332
5810.00000 0.00321
5812.00000 0.00312
5814.00000 0.003
5816.00000 0.00288
5818.00000 0.00279
5820.00000 0.00269
5822.00000 0.0026
5824.00000 0.00251
5826.00000 0.00241
5828.00000 0.00233
5830.00000 0.00225
5832.00000 0.00217
5834.00000 0.00209
5836.00000 0.00202
5838.00000 0.00195
5840.00000 0.00187
5842.00000 0.00182
5844.00000 0.00177
5846.00000 0.00169
5848.00000 0.00164
5850.00000 0.00158
5852.00000 0.00153
5854.00000 0.00148
5856.00000 0.00144
5858.00000 0.00139
5860.00000 0.00134
5862.00000 0.0013
5864.00000 0.00125
5866.00000 0.00122
5868.00000 0.00118
5870.00000 0.00114
5872.00000 0.00112
5874.00000 0.00108
5876.00000 0.00105
5878.00000 0.00102
5880.00000 0.00099
5882.00000 0.00097
5884.00000 0.00095
5886.00000 0.00093
5888.00000 0.0009
5890.00000 0.00088
5892.00000 0.00087
5894.00000 0.00084
5896.00000 0.00082
5898.00000 0.00081
5900.00000 0.00079
5902.00000 0.00077
5904.00000 0.00076
5906.00000 0.00074
5908.00000 0.00074
5910.00000 0.00073
5912.00000 0.00071
5914.00000 0.00069
5916.00000 0.00069
5918.00000 0.00068
5920.00000 0.00067
5922.00000 0.00066
5924.00000 0.00066
5926.00000 0.00065
5928.00000 0.00064
5930.00000 0.00063
5932.00000 0.00063
5934.00000 0.00063
5936.00000 0.00062
5938.00000 0.00062
5940.00000 0.00062
5942.00000 0.00061
5944.00000 0.00061
5946.00000 0.0006
5948.00000 0.0006
5950.00000 0.0006
5952.00000 0.0006
5954.00000 0.0006
5956.00000 0.0006
5958.00000 0.0006
5960.00000 0.0006
5962.00000 0.00059
5964.00000 0.0006
5966.00000 0.0006
5968.00000 0.0006
5970.00000 0.00059
5972.00000 0.00059
5974.00000 0.0006
5976.00000 0.0006
5978.00000 0.0006
5980.00000 0.0006
5982.00000 0.0006
5984.00000 0.00059
5986.00000 0.0006
5988.00000 0.0006
5990.00000 0.0006
5992.00000 0.0006
5994.00000 0.0006
5996.00000 0.0006
5998.00000 0.00061
6000.00000 0.00061
6600.00000 0.0
