threeML/data/optical_filters/OSN/Johnson-Cousins_I1.ecsv
# %ECSV 0.9
# ---
# datatype:
# - {name: wavelength, unit: Angstrom, datatype: float32}
# - {name: response, datatype: float32}
# meta: !!omap
# - {band_name: Cousins_I1}
# - {group_name: Johnson}
wavelength response
[from data line 1687]
10300.00000 0.48877
10302.00000 0.48778
10304.00000 0.48686
10306.00000 0.486
10308.00000 0.4852
10310.00000 0.48424
10312.00000 0.48327
10314.00000 0.48241
10316.00000 0.48146
10318.00000 0.4806
10320.00000 0.47965
10322.00000 0.47875
10324.00000 0.47801
10326.00000 0.47712
10328.00000 0.47594
10330.00000 0.47514
10332.00000 0.47428
10334.00000 0.47334
10336.00000 0.47239
10338.00000 0.47138
10340.00000 0.47049
10342.00000 0.46962
10344.00000 0.46877
10346.00000 0.46772
10348.00000 0.46693
10350.00000 0.46594
10352.00000 0.46506
10354.00000 0.46411
10356.00000 0.46333
10358.00000 0.46226
10360.00000 0.46147
10362.00000 0.46045
10364.00000 0.45943
10366.00000 0.45855
10368.00000 0.45755
10370.00000 0.45676
10372.00000 0.45574
10374.00000 0.45486
10376.00000 0.45391
10378.00000 0.45307
10380.00000 0.45193
10382.00000 0.45105
10384.00000 0.45004
10386.00000 0.44902
10388.00000 0.44803
10390.00000 0.44715
10392.00000 0.4462
10394.00000 0.44532
10396.00000 0.44454
10398.00000 0.44346
10400.00000 0.44251
10402.00000 0.44156
10404.00000 0.44072
10406.00000 0.4396
10408.00000 0.43864
10410.00000 0.43772
10412.00000 0.43684
10414.00000 0.43588
10416.00000 0.43481
10418.00000 0.43387
10420.00000 0.43295
10422.00000 0.43209
10424.00000 0.43091
10426.00000 0.43015
10428.00000 0.42913
10430.00000 0.42827
10432.00000 0.42725
10434.00000 0.42628
10436.00000 0.42532
10438.00000 0.42445
10440.00000 0.42335
10442.00000 0.42246
10444.00000 0.4215
10446.00000 0.42051
10448.00000 0.41958
10450.00000 0.41856
10452.00000 0.4177
10454.00000 0.41665
10456.00000 0.4158
10458.00000 0.41468
10460.00000 0.41386
10462.00000 0.41285
10464.00000 0.41202
10466.00000 0.41102
10468.00000 0.40995
10470.00000 0.40898
10472.00000 0.4081
10474.00000 0.40711
10476.00000 0.40608
10478.00000 0.40527
10480.00000 0.40421
10482.00000 0.40338
10484.00000 0.40229
10486.00000 0.4014
10488.00000 0.40039
10490.00000 0.39951
10492.00000 0.39853
10494.00000 0.39753
10496.00000 0.39654
10498.00000 0.39564
10500.00000 0.39468
10502.00000 0.39364
10504.00000 0.39278
10506.00000 0.39168
10508.00000 0.39084
10510.00000 0.38974
10512.00000 0.3889
10514.00000 0.38788
10516.00000 0.38707
10518.00000 0.38598
10520.00000 0.38502
10522.00000 0.38405
10524.00000 0.3831
10526.00000 0.38205
10528.00000 0.38102
10530.00000 0.38013
10532.00000 0.37917
10534.00000 0.37839
10536.00000 0.37729
10538.00000 0.37635
10540.00000 0.37533
10542.00000 0.37449
10544.00000 0.37343
10546.00000 0.3725
10548.00000 0.37153
10550.00000 0.37067
10552.00000 0.36964
10554.00000 0.36865
10556.00000 0.36767
10558.00000 0.36671
10560.00000 0.36582
10562.00000 0.36468
10564.00000 0.36387
10566.00000 0.36283
10568.00000 0.36206
10570.00000 0.36091
10572.00000 0.36006
10574.00000 0.35901
10576.00000 0.35806
10578.00000 0.35703
10580.00000 0.35605
10582.00000 0.35512
10584.00000 0.35417
10586.00000 0.35328
10588.00000 0.35224
10590.00000 0.35129
10592.00000 0.35031
10594.00000 0.34939
10596.00000 0.34831
10598.00000 0.34741
10600.00000 0.34645
10602.00000 0.34563
10604.00000 0.34457
10606.00000 0.34353
10608.00000 0.34261
10610.00000 0.34162
10612.00000 0.34068
10614.00000 0.33968
10616.00000 0.33878
10618.00000 0.33784
10620.00000 0.33697
10622.00000 0.33584
10624.00000 0.33496
10626.00000 0.33403
10628.00000 0.33314
10630.00000 0.33204
10632.00000 0.33109
10634.00000 0.33016
10636.00000 0.3293
10638.00000 0.32833
10640.00000 0.3273
10642.00000 0.32643
10644.00000 0.32539
10646.00000 0.32457
10648.00000 0.32347
10650.00000 0.32267
10652.00000 0.32163
10654.00000 0.32077
10656.00000 0.3198
10658.00000 0.31884
10660.00000 0.31788
10662.00000 0.3169
10664.00000 0.31595
10666.00000 0.31494
10668.00000 0.31402
10670.00000 0.31304
10672.00000 0.31225
10674.00000 0.31113
10676.00000 0.31028
10678.00000 0.30924
10680.00000 0.30834
10682.00000 0.3073
10684.00000 0.3064
10686.00000 0.30541
10688.00000 0.30452
10690.00000 0.30365
10692.00000 0.30254
10694.00000 0.30164
10696.00000 0.30054
10698.00000 0.29975
10700.00000 0.29867
10702.00000 0.29782
10704.00000 0.29678
10706.00000 0.29591
10708.00000 0.29486
10710.00000 0.29401
10712.00000 0.293
10714.00000 0.29209
10716.00000 0.29107
10718.00000 0.29004
10720.00000 0.28917
10722.00000 0.28825
10724.00000 0.28744
10726.00000 0.28634
10728.00000 0.28544
10730.00000 0.28441
10732.00000 0.28356
10734.00000 0.28256
10736.00000 0.2817
10738.00000 0.28066
10740.00000 0.2798
10742.00000 0.27886
10744.00000 0.27784
10746.00000 0.27688
10748.00000 0.27597
10750.00000 0.27508
10752.00000 0.27402
10754.00000 0.27321
10756.00000 0.2723
10758.00000 0.27145
10760.00000 0.2704
10762.00000 0.26953
10764.00000 0.26856
10766.00000 0.26762
10768.00000 0.26664
10770.00000 0.26565
10772.00000 0.2649
10774.00000 0.26392
10776.00000 0.26308
10778.00000 0.26205
10780.00000 0.2612
10782.00000 0.26027
10784.00000 0.25939
10786.00000 0.25838
10788.00000 0.25758
10790.00000 0.2566
10792.00000 0.25575
10794.00000 0.25477
10796.00000 0.25381
10798.00000 0.25295
10800.00000 0.25197
10802.00000 0.25117
10804.00000 0.25015
10806.00000 0.24939
10808.00000 0.24841
10810.00000 0.24771
10812.00000 0.24668
10814.00000 0.24582
10816.00000 0.24487
10818.00000 0.24399
10820.00000 0.24305
10822.00000 0.2421
10824.00000 0.24126
10826.00000 0.24041
10828.00000 0.23963
10830.00000 0.23862
10832.00000 0.23781
10834.00000 0.23686
10836.00000 0.23609
10838.00000 0.23512
10840.00000 0.23428
10842.00000 0.23344
10844.00000 0.23262
10846.00000 0.23176
10848.00000 0.23074
10850.00000 0.23002
10852.00000 0.2291
10854.00000 0.22816
10856.00000 0.22722
10858.00000 0.22646
10860.00000 0.22558
10862.00000 0.22494
10864.00000 0.22386
10866.00000 0.22308
10868.00000 0.22215
10870.00000 0.22132
10872.00000 0.22046
10874.00000 0.21955
10876.00000 0.21863
10878.00000 0.21783
10880.00000 0.21707
10882.00000 0.21608
10884.00000 0.21536
10886.00000 0.21445
10888.00000 0.21371
10890.00000 0.21269
10892.00000 0.21192
10894.00000 0.21107
10896.00000 0.2103
10898.00000 0.20945
10900.00000 0.20858
10902.00000 0.20768
10904.00000 0.20694
10906.00000 0.20605
10908.00000 0.20513
10910.00000 0.20436
10912.00000 0.20352
10914.00000 0.20281
10916.00000 0.20191
10918.00000 0.20111
10920.00000 0.20031
10922.00000 0.19958
10924.00000 0.19861
10926.00000 0.19781
10928.00000 0.19706
10930.00000 0.19623
10932.00000 0.19534
10934.00000 0.1946
10936.00000 0.19379
10938.00000 0.19296
10940.00000 0.19223
10942.00000 0.19131
10944.00000 0.19059
10946.00000 0.18971
10948.00000 0.18903
10950.00000 0.18826
10952.00000 0.18737
10954.00000 0.18656
10956.00000 0.18579
10958.00000 0.18501
10960.00000 0.18407
10962.00000 0.18342
10964.00000 0.18266
10966.00000 0.18195
10968.00000 0.18102
10970.00000 0.18037
10972.00000 0.17958
10974.00000 0.17879
10976.00000 0.17796
10978.00000 0.17726
10980.00000 0.17642
10982.00000 0.17568
10984.00000 0.17494
10986.00000 0.17413
10988.00000 0.1734
10990.00000 0.17268
10992.00000 0.17192
10994.00000 0.17112
10996.00000 0.17041
10998.00000 0.1696
11000.00000 0.16901
11002.00000 0.16815
11004.00000 0.16741
11006.00000 0.16667
11008.00000 0.16594
11010.00000 0.16522
11012.00000 0.16435
11014.00000 0.16366
11016.00000 0.16292
11018.00000 0.16229
11020.00000 0.16143
11022.00000 0.16085
11024.00000 0.16003
11026.00000 0.15942
11028.00000 0.15858
11030.00000 0.15796
11032.00000 0.15717
11034.00000 0.15654
11036.00000 0.15577
11038.00000 0.15502
11040.00000 0.15442
11042.00000 0.1537
11044.00000 0.15303
11046.00000 0.15223
11048.00000 0.1517
11050.00000 0.15099
11052.00000 0.15039
11054.00000 0.14959
11056.00000 0.14884
11058.00000 0.14816
11060.00000 0.14741
11062.00000 0.14676
11064.00000 0.14603
11066.00000 0.1454
11068.00000 0.1447
11070.00000 0.14404
11072.00000 0.1433
11074.00000 0.1427
11076.00000 0.14192
11078.00000 0.14133
11080.00000 0.14057
11082.00000 0.13995
11084.00000 0.13924
11086.00000 0.13866
11088.00000 0.13791
11090.00000 0.13721
11092.00000 0.1366
11094.00000 0.13592
11096.00000 0.13528
11098.00000 0.13458
11100.00000 0.13396
11102.00000 0.13324
11104.00000 0.13269
11106.00000 0.13194
11108.00000 0.1314
11110.00000 0.13064
11112.00000 0.13005
11114.00000 0.12938
11116.00000 0.12874
11118.00000 0.12806
11120.00000 0.12756
11122.00000 0.12687
11124.00000 0.12613
11126.00000 0.12557
11128.00000 0.1249
11130.00000 0.12433
11132.00000 0.12368
11134.00000 0.12311
11136.00000 0.12238
11138.00000 0.12184
11140.00000 0.12123
11142.00000 0.12053
11144.00000 0.11992
11146.00000 0.11935
11148.00000 0.11869
11150.00000 0.11804
11152.00000 0.11753
11154.00000 0.11688
11156.00000 0.11639
11158.00000 0.11568
11160.00000 0.11514
11162.00000 0.1145
11164.00000 0.11396
11166.00000 0.11334
11168.00000 0.11275
11170.00000 0.11211
11172.00000 0.11153
11174.00000 0.11094
11176.00000 0.11032
11178.00000 0.10984
11180.00000 0.10918
11182.00000 0.10866
11184.00000 0.10799
11186.00000 0.10753
11188.00000 0.1069
11190.00000 0.10639
11192.00000 0.10577
11194.00000 0.10522
11196.00000 0.1047
11198.00000 0.10411
11200.00000 0.10356
11202.00000 0.10297
11204.00000 0.10245
11206.00000 0.10194
11208.00000 0.10142
11210.00000 0.10074
11212.00000 0.10033
11214.00000 0.09974
11216.00000 0.09926
11218.00000 0.09863
11220.00000 0.09812
11222.00000 0.09755
11224.00000 0.09707
11226.00000 0.09656
11228.00000 0.09588
11230.00000 0.09545
11232.00000 0.09491
11234.00000 0.09444
11236.00000 0.09375
11238.00000 0.09339
11240.00000 0.09283
11242.00000 0.0924
11244.00000 0.09175
11246.00000 0.09128
11248.00000 0.09073
11250.00000 0.09024
11252.00000 0.08974
11254.00000 0.0892
11256.00000 0.0887
11258.00000 0.08825
11260.00000 0.08779
11262.00000 0.08719
11264.00000 0.08678
11266.00000 0.08622
11268.00000 0.08579
11270.00000 0.08522
11272.00000 0.08481
11274.00000 0.0843
11276.00000 0.08383
11278.00000 0.08332
11280.00000 0.08287
11282.00000 0.08235
11284.00000 0.08188
11286.00000 0.08148
11288.00000 0.08092
11290.00000 0.08049
11292.00000 0.07996
11294.00000 0.07966
11296.00000 0.07912
11298.00000 0.07865
11300.00000 0.07813
11302.00000 0.0777
11304.00000 0.07724
11306.00000 0.07675
11308.00000 0.07631
11310.00000 0.07592
11312.00000 0.07556
11314.00000 0.07503
11316.00000 0.07457
11318.00000 0.07411
11320.00000 0.07369
11322.00000 0.07327
11324.00000 0.07279
11326.00000 0.07234
11328.00000 0.07202
11330.00000 0.07156
11332.00000 0.07119
11334.00000 0.07072
11336.00000 0.07031
11338.00000 0.06993
11340.00000 0.06946
11342.00000 0.06899
11344.00000 0.06855
11346.00000 0.06822
11348.00000 0.06778
11350.00000 0.06737
11352.00000 0.06689
11354.00000 0.06662
11356.00000 0.06615
11358.00000 0.06578
11360.00000 0.06533
11362.00000 0.065
11364.00000 0.0646
11366.00000 0.0642
11368.00000 0.06385
11370.00000 0.06335
11372.00000 0.06302
11374.00000 0.06264
11376.00000 0.0623
11378.00000 0.06186
11380.00000 0.06154
11382.00000 0.06114
11384.00000 0.06078
11386.00000 0.06038
11388.00000 0.05997
11390.00000 0.05974
11392.00000 0.05916
11394.00000 0.05888
11396.00000 0.0585
11398.00000 0.05825
11400.00000 0.05776
11402.00000 0.05743
11404.00000 0.05712
11406.00000 0.05673
11408.00000 0.05638
11410.00000 0.05606
11412.00000 0.05566
11414.00000 0.05537
11416.00000 0.05503
11418.00000 0.05469
11420.00000 0.05436
11422.00000 0.05401
11424.00000 0.05367
11426.00000 0.05329
11428.00000 0.05298
11430.00000 0.05262
11432.00000 0.05234
11434.00000 0.05205
11436.00000 0.05157
11438.00000 0.05144
11440.00000 0.05095
11442.00000 0.05068
11444.00000 0.05032
11446.00000 0.05005
11448.00000 0.04971
11450.00000 0.04933
11452.00000 0.04913
11454.00000 0.04882
11456.00000 0.04848
11458.00000 0.04816
11460.00000 0.04782
11462.00000 0.04756
11464.00000 0.04727
11466.00000 0.04686
11468.00000 0.04664
11470.00000 0.04629
11472.00000 0.04602
11474.00000 0.04572
11476.00000 0.04541
11478.00000 0.04507
11480.00000 0.04485
11482.00000 0.04464
11484.00000 0.04431
11486.00000 0.04398
11488.00000 0.04371
11490.00000 0.04336
11492.00000 0.0432
11494.00000 0.04283
11496.00000 0.04251
11498.00000 0.04226
11500.00000 0.04194
11502.00000 0.04173
11504.00000 0.04144
11506.00000 0.04117
11508.00000 0.04083
11510.00000 0.04064
11512.00000 0.04032
11514.00000 0.04009
11516.00000 0.03975
11518.00000 0.03961
11520.00000 0.03932
11522.00000 0.03904
11524.00000 0.03872
11526.00000 0.03849
11528.00000 0.03827
11530.00000 0.03789
11532.00000 0.03776
11534.00000 0.03754
11536.00000 0.03728
11538.00000 0.037
11540.00000 0.03673
11542.00000 0.03644
11544.00000 0.03621
11546.00000 0.03596
11548.00000 0.03572
11550.00000 0.03545
11552.00000 0.03526
11554.00000 0.03499
11556.00000 0.03474
11558.00000 0.03449
11560.00000 0.03419
11562.00000 0.03404
11564.00000 0.03377
11566.00000 0.0336
11568.00000 0.03336
11570.00000 0.03314
11572.00000 0.03288
11574.00000 0.03259
11576.00000 0.03247
11578.00000 0.03214
11580.00000 0.03197
11582.00000 0.03176
11584.00000 0.03151
11586.00000 0.03132
11588.00000 0.03111
11590.00000 0.0309
11592.00000 0.03067
11594.00000 0.03052
11596.00000 0.03026
11598.00000 0.02998
11600.00000 0.0298
11602.00000 0.02962
11604.00000 0.02939
11606.00000 0.02922
11608.00000 0.0289
11610.00000 0.0288
11612.00000 0.02855
11614.00000 0.02844
11616.00000 0.02823
11618.00000 0.02796
11620.00000 0.0278
11622.00000 0.02763
11624.00000 0.02739
11626.00000 0.02712
11628.00000 0.02694
11630.00000 0.02684
11632.00000 0.02664
11634.00000 0.02648
11636.00000 0.02623
11638.00000 0.02602
11640.00000 0.02583
11642.00000 0.02576
11644.00000 0.02556
11646.00000 0.02536
11648.00000 0.02515
11650.00000 0.02494
11652.00000 0.02478
11654.00000 0.02458
11656.00000 0.02444
11658.00000 0.0243
11660.00000 0.02408
11662.00000 0.02391
11664.00000 0.02372
11666.00000 0.02358
11668.00000 0.02345
11670.00000 0.02323
11672.00000 0.02311
11674.00000 0.02293
11676.00000 0.0228
11678.00000 0.02257
11680.00000 0.02239
11682.00000 0.02226
11684.00000 0.02215
11686.00000 0.02194
11688.00000 0.02172
11690.00000 0.02162
11692.00000 0.02146
11694.00000 0.02137
11696.00000 0.0211
11698.00000 0.02099
11700.00000 0.0209
11702.00000 0.0207
11704.00000 0.02064
11706.00000 0.02036
11708.00000 0.02024
11710.00000 0.02013
11712.00000 0.01994
11714.00000 0.01982
11716.00000 0.01966
11718.00000 0.0195
11720.00000 0.01938
11722.00000 0.01928
11724.00000 0.01912
11726.00000 0.019
11728.00000 0.01883
11730.00000 0.01868
11732.00000 0.01856
11734.00000 0.01845
11736.00000 0.01831
11738.00000 0.01817
11740.00000 0.01804
11742.00000 0.0179
11744.00000 0.01776
11746.00000 0.01761
11748.00000 0.01752
11750.00000 0.01736
11752.00000 0.01726
11754.00000 0.01706
11756.00000 0.01699
11758.00000 0.01685
11760.00000 0.0167
11762.00000 0.0166
11764.00000 0.0165
11766.00000 0.01642
11768.00000 0.01631
11770.00000 0.01615
11772.00000 0.016
11774.00000 0.0159
11776.00000 0.01577
11778.00000 0.01565
11780.00000 0.01549
11782.00000 0.01542
11784.00000 0.01529
11786.00000 0.01519
11788.00000 0.01509
11790.00000 0.01498
11792.00000 0.0149
11794.00000 0.01477
11796.00000 0.01463
11798.00000 0.01455
11800.00000 0.0144
11802.00000 0.01428
11804.00000 0.01419
11806.00000 0.01414
11808.00000 0.01407
11810.00000 0.01387
11812.00000 0.01382
11814.00000 0.01372
11816.00000 0.01352
11818.00000 0.01351
11820.00000 0.01343
11822.00000 0.01325
11824.00000 0.01318
11826.00000 0.0131
11828.00000 0.01294
11830.00000 0.0129
11832.00000 0.01285
11834.00000 0.01279
11836.00000 0.01263
11838.00000 0.0125
11840.00000 0.01245
11842.00000 0.01239
11844.00000 0.0123
11846.00000 0.01217
11848.00000 0.01201
11850.00000 0.01204
11852.00000 0.01189
11854.00000 0.01183
11856.00000 0.01171
11858.00000 0.01168
11860.00000 0.01153
11862.00000 0.01144
11864.00000 0.01134
11866.00000 0.01135
11868.00000 0.01124
11870.00000 0.0111
11872.00000 0.01099
11874.00000 0.01093
11876.00000 0.01087
11878.00000 0.01072
11880.00000 0.01072
11882.00000 0.01057
11884.00000 0.01055
11886.00000 0.01045
11888.00000 0.01035
11890.00000 0.01026
11892.00000 0.01016
11894.00000 0.01014
11896.00000 0.01007
11898.00000 0.01001
11900.00000 0.00994
11902.00000 0.00995
11904.00000 0.00969
