threeML/data/optical_filters/OSN/Johnson-Cousins_I2.ecsv
# %ECSV 0.9
# ---
# datatype:
# - {name: wavelength, unit: Angstrom, datatype: float32}
# - {name: response, datatype: float32}
# meta: !!omap
# - {band_name: Cousins_I2}
# - {group_name: Johnson}
wavelength response
[from data line 849]
8628.00000 0.85603
8630.00000 0.85599
8632.00000 0.85589
8634.00000 0.85559
8636.00000 0.85537
8638.00000 0.85519
8640.00000 0.85507
8642.00000 0.85495
8644.00000 0.85472
8646.00000 0.85445
8648.00000 0.85435
8650.00000 0.85425
8652.00000 0.85407
8654.00000 0.85382
8656.00000 0.85361
8658.00000 0.85346
8660.00000 0.85335
8662.00000 0.85312
8664.00000 0.85287
8666.00000 0.8528
8668.00000 0.85252
8670.00000 0.85239
8672.00000 0.85218
8674.00000 0.85192
8676.00000 0.85177
8678.00000 0.85168
8680.00000 0.85149
8682.00000 0.85122
8684.00000 0.851
8686.00000 0.85089
8688.00000 0.8508
8690.00000 0.85059
8692.00000 0.8503
8694.00000 0.85011
8696.00000 0.85
8698.00000 0.84973
8700.00000 0.84964
8702.00000 0.84933
8704.00000 0.84917
8706.00000 0.84904
8708.00000 0.84883
8710.00000 0.84857
8712.00000 0.84837
8714.00000 0.84819
8716.00000 0.84815
8718.00000 0.84802
8720.00000 0.84762
8722.00000 0.84742
8724.00000 0.84728
8726.00000 0.84708
8728.00000 0.84687
8730.00000 0.84665
8732.00000 0.8464
8734.00000 0.84628
8736.00000 0.84612
8738.00000 0.84593
8740.00000 0.84563
8742.00000 0.84555
8744.00000 0.84535
8746.00000 0.84516
8748.00000 0.84491
8750.00000 0.84466
8752.00000 0.84451
8754.00000 0.84437
8756.00000 0.84416
8758.00000 0.84388
8760.00000 0.84364
8762.00000 0.84354
8764.00000 0.84335
8766.00000 0.84313
8768.00000 0.84297
8770.00000 0.84271
8772.00000 0.84258
8774.00000 0.84246
8776.00000 0.84209
8778.00000 0.84181
8780.00000 0.84169
8782.00000 0.84157
8784.00000 0.84134
8786.00000 0.84108
8788.00000 0.84079
8790.00000 0.8407
8792.00000 0.84057
8794.00000 0.84026
8796.00000 0.84006
8798.00000 0.83991
8800.00000 0.8396
8802.00000 0.83954
8804.00000 0.83926
8806.00000 0.83895
8808.00000 0.83878
8810.00000 0.83866
8812.00000 0.83845
8814.00000 0.83817
8816.00000 0.83794
8818.00000 0.83783
8820.00000 0.83767
8822.00000 0.83731
8824.00000 0.83707
8826.00000 0.83684
8828.00000 0.83675
8830.00000 0.8366
8832.00000 0.83625
8834.00000 0.83596
8836.00000 0.83575
8838.00000 0.83567
8840.00000 0.83545
8842.00000 0.8352
8844.00000 0.83485
8846.00000 0.8348
8848.00000 0.8346
8850.00000 0.83438
8852.00000 0.83405
8854.00000 0.83377
8856.00000 0.83365
8858.00000 0.83355
8860.00000 0.83323
8862.00000 0.83298
8864.00000 0.83275
8866.00000 0.83259
8868.00000 0.83242
8870.00000 0.83211
8872.00000 0.83182
8874.00000 0.83169
8876.00000 0.83156
8878.00000 0.8313
8880.00000 0.83101
8882.00000 0.83068
8884.00000 0.83064
8886.00000 0.83036
8888.00000 0.83009
8890.00000 0.82977
8892.00000 0.82954
8894.00000 0.82943
8896.00000 0.82918
8898.00000 0.82891
8900.00000 0.82866
8902.00000 0.82847
8904.00000 0.82829
8906.00000 0.82804
8908.00000 0.82774
8910.00000 0.8275
8912.00000 0.82736
8914.00000 0.82713
8916.00000 0.82684
8918.00000 0.82662
8920.00000 0.82631
8922.00000 0.82614
8924.00000 0.82595
8926.00000 0.82567
8928.00000 0.82545
8930.00000 0.82525
8932.00000 0.82505
8934.00000 0.82481
8936.00000 0.82452
8938.00000 0.82423
8940.00000 0.82408
8942.00000 0.82388
8944.00000 0.82362
8946.00000 0.8233
8948.00000 0.82307
8950.00000 0.82285
8952.00000 0.82273
8954.00000 0.82243
8956.00000 0.82208
8958.00000 0.82189
8960.00000 0.8217
8962.00000 0.82154
8964.00000 0.82121
8966.00000 0.82087
8968.00000 0.82066
8970.00000 0.82049
8972.00000 0.82025
8974.00000 0.81995
8976.00000 0.81961
8978.00000 0.81941
8980.00000 0.81926
8982.00000 0.81897
8984.00000 0.81869
8986.00000 0.81841
8988.00000 0.81819
8990.00000 0.8179
8992.00000 0.81768
8994.00000 0.81733
8996.00000 0.81718
8998.00000 0.81697
9000.00000 0.81672
9002.00000 0.81641
9004.00000 0.81607
9006.00000 0.81591
9008.00000 0.81559
9010.00000 0.81545
9012.00000 0.815
9014.00000 0.81483
9016.00000 0.81461
9018.00000 0.81448
9020.00000 0.81413
9022.00000 0.81382
9024.00000 0.81357
9026.00000 0.81333
9028.00000 0.81313
9030.00000 0.81281
9032.00000 0.81246
9034.00000 0.81216
9036.00000 0.81202
9038.00000 0.81179
9040.00000 0.81156
9042.00000 0.81114
9044.00000 0.81086
9046.00000 0.81074
9048.00000 0.81043
9050.00000 0.81004
9052.00000 0.80971
9054.00000 0.80962
9056.00000 0.80932
9058.00000 0.80902
9060.00000 0.80866
9062.00000 0.80844
9064.00000 0.80823
9066.00000 0.80799
9068.00000 0.80768
9070.00000 0.80734
9072.00000 0.80709
9074.00000 0.80688
9076.00000 0.80665
9078.00000 0.80633
9080.00000 0.80599
9082.00000 0.80576
9084.00000 0.80556
9086.00000 0.80522
9088.00000 0.80488
9090.00000 0.8046
9092.00000 0.80445
9094.00000 0.80418
9096.00000 0.80385
9098.00000 0.80355
9100.00000 0.80328
9102.00000 0.80306
9104.00000 0.80281
9106.00000 0.80235
9108.00000 0.80211
9110.00000 0.80189
9112.00000 0.80158
9114.00000 0.80131
9116.00000 0.80104
9118.00000 0.80079
9120.00000 0.80049
9122.00000 0.80021
9124.00000 0.79989
9126.00000 0.79957
9128.00000 0.79923
9130.00000 0.79906
9132.00000 0.79876
9134.00000 0.79847
9136.00000 0.79819
9138.00000 0.79791
9140.00000 0.79766
9142.00000 0.79737
9144.00000 0.79708
9146.00000 0.79667
9148.00000 0.79641
9150.00000 0.79612
9152.00000 0.79589
9154.00000 0.79555
9156.00000 0.79522
9158.00000 0.79495
9160.00000 0.79474
9162.00000 0.79437
9164.00000 0.79404
9166.00000 0.79378
9168.00000 0.79348
9170.00000 0.79329
9172.00000 0.79291
9174.00000 0.79257
9176.00000 0.79226
9178.00000 0.79202
9180.00000 0.7917
9182.00000 0.79137
9184.00000 0.79107
9186.00000 0.79082
9188.00000 0.79054
9190.00000 0.79017
9192.00000 0.78984
9194.00000 0.78958
9196.00000 0.78932
9198.00000 0.78903
9200.00000 0.78866
9202.00000 0.78835
9204.00000 0.78809
9206.00000 0.78785
9208.00000 0.78751
9210.00000 0.78718
9212.00000 0.78681
9214.00000 0.78652
9216.00000 0.7862
9218.00000 0.78595
9220.00000 0.78554
9222.00000 0.78535
9224.00000 0.78508
9226.00000 0.78472
9228.00000 0.78433
9230.00000 0.78403
9232.00000 0.78372
9234.00000 0.78343
9236.00000 0.78301
9238.00000 0.78269
9240.00000 0.7824
9242.00000 0.78208
9244.00000 0.78176
9246.00000 0.78144
9248.00000 0.78108
9250.00000 0.78076
9252.00000 0.78052
9254.00000 0.78018
9256.00000 0.77984
9258.00000 0.77955
9260.00000 0.77925
9262.00000 0.77886
9264.00000 0.77858
9266.00000 0.77814
9268.00000 0.77778
9270.00000 0.77753
9272.00000 0.77721
9274.00000 0.77696
9276.00000 0.77649
9278.00000 0.77617
9280.00000 0.77588
9282.00000 0.77564
9284.00000 0.77524
9286.00000 0.77486
9288.00000 0.77453
9290.00000 0.77416
9292.00000 0.7739
9294.00000 0.77346
9296.00000 0.77314
9298.00000 0.77277
9300.00000 0.77255
9302.00000 0.77207
9304.00000 0.77179
9306.00000 0.77151
9308.00000 0.77119
9310.00000 0.77076
9312.00000 0.77041
9314.00000 0.77008
9316.00000 0.76973
9318.00000 0.7694
9320.00000 0.76908
9322.00000 0.76869
9324.00000 0.76832
9326.00000 0.76801
9328.00000 0.76759
9330.00000 0.76726
9332.00000 0.76692
9334.00000 0.76663
9336.00000 0.76628
9338.00000 0.76588
9340.00000 0.76557
9342.00000 0.7652
9344.00000 0.76477
9346.00000 0.76447
9348.00000 0.7641
9350.00000 0.76374
9352.00000 0.76339
9354.00000 0.76299
9356.00000 0.76266
9358.00000 0.76228
9360.00000 0.76196
9362.00000 0.76155
9364.00000 0.76121
9366.00000 0.76086
9368.00000 0.76049
9370.00000 0.76009
9372.00000 0.75971
9374.00000 0.75937
9376.00000 0.75902
9378.00000 0.75867
9380.00000 0.75827
9382.00000 0.75789
9384.00000 0.7575
9386.00000 0.75718
9388.00000 0.75675
9390.00000 0.75642
9392.00000 0.75604
9394.00000 0.75565
9396.00000 0.75528
9398.00000 0.7549
9400.00000 0.7544
9402.00000 0.7541
9404.00000 0.7537
9406.00000 0.75334
9408.00000 0.75295
9410.00000 0.75255
9412.00000 0.75224
9414.00000 0.75181
9416.00000 0.75143
9418.00000 0.751
9420.00000 0.75063
9422.00000 0.75024
9424.00000 0.74983
9426.00000 0.74944
9428.00000 0.74902
9430.00000 0.74868
9432.00000 0.74824
9434.00000 0.74789
9436.00000 0.74749
9438.00000 0.74708
9440.00000 0.74663
9442.00000 0.74628
9444.00000 0.74598
9446.00000 0.74566
9448.00000 0.74506
9450.00000 0.74467
9452.00000 0.74423
9454.00000 0.74384
9456.00000 0.74347
9458.00000 0.74302
9460.00000 0.74269
9462.00000 0.74226
9464.00000 0.74194
9466.00000 0.74133
9468.00000 0.74095
9470.00000 0.74054
9472.00000 0.74019
9474.00000 0.73975
9476.00000 0.73939
9478.00000 0.73894
9480.00000 0.73852
9482.00000 0.73815
9484.00000 0.73762
9486.00000 0.73725
9488.00000 0.73682
9490.00000 0.73635
9492.00000 0.73588
9494.00000 0.7355
9496.00000 0.73508
9498.00000 0.73472
9500.00000 0.7343
9502.00000 0.73383
9504.00000 0.73343
9506.00000 0.733
9508.00000 0.73252
9510.00000 0.73206
9512.00000 0.73164
9514.00000 0.73123
9516.00000 0.73085
9518.00000 0.73034
9520.00000 0.72997
9522.00000 0.72955
9524.00000 0.72913
9526.00000 0.72868
9528.00000 0.72822
9530.00000 0.7278
9532.00000 0.72735
9534.00000 0.72687
9536.00000 0.72648
9538.00000 0.72602
9540.00000 0.72551
9542.00000 0.72513
9544.00000 0.72465
9546.00000 0.72419
9548.00000 0.72378
9550.00000 0.72333
9552.00000 0.72282
9554.00000 0.7224
9556.00000 0.72199
9558.00000 0.7215
9560.00000 0.72101
9562.00000 0.7205
9564.00000 0.7201
9566.00000 0.71967
9568.00000 0.7192
9570.00000 0.71873
9572.00000 0.71828
9574.00000 0.71776
9576.00000 0.71736
9578.00000 0.71676
9580.00000 0.71639
9582.00000 0.71592
9584.00000 0.71547
9586.00000 0.715
9588.00000 0.71454
9590.00000 0.71404
9592.00000 0.71357
9594.00000 0.71312
9596.00000 0.71264
9598.00000 0.71213
9600.00000 0.71164
9602.00000 0.71127
9604.00000 0.7107
9606.00000 0.71029
9608.00000 0.70976
9610.00000 0.70935
9612.00000 0.70889
9614.00000 0.7083
9616.00000 0.70781
9618.00000 0.70739
9620.00000 0.70696
9622.00000 0.70643
9624.00000 0.70593
9626.00000 0.70543
9628.00000 0.70504
9630.00000 0.70451
9632.00000 0.70398
9634.00000 0.70342
9636.00000 0.70297
9638.00000 0.70255
9640.00000 0.70199
9642.00000 0.70153
9644.00000 0.70097
9646.00000 0.70055
9648.00000 0.70003
9650.00000 0.69956
9652.00000 0.69898
9654.00000 0.69859
9656.00000 0.69799
9658.00000 0.69761
9660.00000 0.69702
9662.00000 0.69653
9664.00000 0.69602
9666.00000 0.69548
9668.00000 0.69502
9670.00000 0.69448
9672.00000 0.69401
9674.00000 0.69345
9676.00000 0.69295
9678.00000 0.69231
9680.00000 0.6919
9682.00000 0.69136
9684.00000 0.69093
9686.00000 0.6903
9688.00000 0.68994
9690.00000 0.68938
9692.00000 0.68884
9694.00000 0.68832
9696.00000 0.6878
9698.00000 0.68725
9700.00000 0.68672
9702.00000 0.68621
9704.00000 0.68566
9706.00000 0.6852
9708.00000 0.68461
9710.00000 0.68413
9712.00000 0.68352
9714.00000 0.68311
9716.00000 0.68246
9718.00000 0.68197
9720.00000 0.68142
9722.00000 0.68089
9724.00000 0.68028
9726.00000 0.67979
9728.00000 0.67925
9730.00000 0.67872
9732.00000 0.67822
9734.00000 0.67757
9736.00000 0.67711
9738.00000 0.6765
9740.00000 0.67604
9742.00000 0.67536
9744.00000 0.6749
9746.00000 0.67436
9748.00000 0.67373
9750.00000 0.67319
9752.00000 0.67262
9754.00000 0.67204
9756.00000 0.67146
9758.00000 0.67094
9760.00000 0.67033
9762.00000 0.66983
9764.00000 0.66921
9766.00000 0.6687
9768.00000 0.66809
9770.00000 0.66754
9772.00000 0.66701
9774.00000 0.66644
9776.00000 0.66586
9778.00000 0.66521
9780.00000 0.66464
9782.00000 0.66401
9784.00000 0.66354
9786.00000 0.66286
9788.00000 0.66233
9790.00000 0.66176
9792.00000 0.6613
9794.00000 0.66061
9796.00000 0.66012
9798.00000 0.65948
9800.00000 0.65895
9802.00000 0.65836
9804.00000 0.6577
9806.00000 0.65715
9808.00000 0.65654
9810.00000 0.65601
9812.00000 0.6553
9814.00000 0.65478
9816.00000 0.65416
9818.00000 0.65361
9820.00000 0.6529
9822.00000 0.65239
9824.00000 0.65169
9826.00000 0.65117
9828.00000 0.65054
9830.00000 0.64994
9832.00000 0.64929
9834.00000 0.64869
9836.00000 0.64809
9838.00000 0.64739
9840.00000 0.64687
9842.00000 0.64616
9844.00000 0.64567
9846.00000 0.64492
9848.00000 0.64443
9850.00000 0.64377
9852.00000 0.64311
9854.00000 0.6425
9856.00000 0.64182
9858.00000 0.64114
9860.00000 0.64061
9862.00000 0.63998
9864.00000 0.6393
9866.00000 0.63871
9868.00000 0.638
9870.00000 0.63741
9872.00000 0.63664
9874.00000 0.63609
9876.00000 0.63546
9878.00000 0.63489
9880.00000 0.63417
9882.00000 0.63351
9884.00000 0.63286
9886.00000 0.63222
9888.00000 0.63155
9890.00000 0.63084
9892.00000 0.63026
9894.00000 0.6296
9896.00000 0.62898
9898.00000 0.62821
9900.00000 0.62762
9902.00000 0.62692
9904.00000 0.62631
9906.00000 0.62556
9908.00000 0.62488
9910.00000 0.62426
9912.00000 0.62368
9914.00000 0.62297
9916.00000 0.62219
9918.00000 0.62159
9920.00000 0.62087
9922.00000 0.62029
9924.00000 0.6195
9926.00000 0.61885
9928.00000 0.61813
9930.00000 0.61761
9932.00000 0.61684
9934.00000 0.61619
9936.00000 0.61542
9938.00000 0.61476
9940.00000 0.61409
9942.00000 0.61329
9944.00000 0.61265
9946.00000 0.61196
9948.00000 0.61136
9950.00000 0.6106
9952.00000 0.60997
9954.00000 0.60919
9956.00000 0.60856
9958.00000 0.60779
9960.00000 0.60714
9962.00000 0.60632
9964.00000 0.60572
9966.00000 0.60491
9968.00000 0.6041
9970.00000 0.60347
9972.00000 0.60267
9974.00000 0.60203
9976.00000 0.60121
9978.00000 0.60058
9980.00000 0.5999
9982.00000 0.59925
9984.00000 0.59847
9986.00000 0.5977
9988.00000 0.59705
9990.00000 0.59633
9992.00000 0.59555
9994.00000 0.59477
9996.00000 0.59415
9998.00000 0.5934
10000.00000 0.59274
10002.00000 0.59184
10004.00000 0.59124
10006.00000 0.59041
10008.00000 0.58976
10010.00000 0.58895
10012.00000 0.58822
10014.00000 0.58754
10016.00000 0.58679
10018.00000 0.58607
10020.00000 0.58526
10022.00000 0.58457
10024.00000 0.58373
10026.00000 0.58306
10028.00000 0.58226
10030.00000 0.58162
10032.00000 0.58078
10034.00000 0.58022
10036.00000 0.57943
10038.00000 0.57871
10040.00000 0.57796
10042.00000 0.57719
10044.00000 0.5764
10046.00000 0.57567
10048.00000 0.57483
10050.00000 0.57413
10052.00000 0.57337
10054.00000 0.57259
10056.00000 0.57184
10058.00000 0.57103
10060.00000 0.57031
10062.00000 0.56953
10064.00000 0.56882
10066.00000 0.56805
10068.00000 0.56729
10070.00000 0.56648
10072.00000 0.56572
10074.00000 0.56499
10076.00000 0.5641
10078.00000 0.56335
10080.00000 0.56249
10082.00000 0.56184
10084.00000 0.56103
10086.00000 0.56039
10088.00000 0.55941
10090.00000 0.5587
10092.00000 0.55793
10094.00000 0.55716
10096.00000 0.5563
10098.00000 0.55547
10100.00000 0.55471
10102.00000 0.55387
10104.00000 0.55313
10106.00000 0.5523
10108.00000 0.55157
10110.00000 0.55069
10112.00000 0.55
10114.00000 0.54909
10116.00000 0.54834
10118.00000 0.54748
10120.00000 0.54676
10122.00000 0.54596
10124.00000 0.54507
10126.00000 0.54427
10128.00000 0.54347
10130.00000 0.54266
10132.00000 0.54174
10134.00000 0.54099
10136.00000 0.54008
10138.00000 0.53943
10140.00000 0.53852
10142.00000 0.53772
10144.00000 0.53689
10146.00000 0.53605
10148.00000 0.53524
10150.00000 0.53441
10152.00000 0.53356
10154.00000 0.53274
10156.00000 0.53194
10158.00000 0.53097
10160.00000 0.53021
10162.00000 0.52936
10164.00000 0.52856
10166.00000 0.52753
10168.00000 0.52693
10170.00000 0.526
10172.00000 0.52527
10174.00000 0.52435
10176.00000 0.5235
10178.00000 0.52274
10180.00000 0.52187
10182.00000 0.5209
10184.00000 0.51999
10186.00000 0.51924
10188.00000 0.51837
10190.00000 0.51759
10192.00000 0.51658
10194.00000 0.51583
10196.00000 0.51494
10198.00000 0.51415
10200.00000 0.51316
10202.00000 0.51235
10204.00000 0.5115
10206.00000 0.51071
10208.00000 0.50975
10210.00000 0.50878
10212.00000 0.508
10214.00000 0.5071
10216.00000 0.50627
10218.00000 0.5053
10220.00000 0.50455
10222.00000 0.50359
10224.00000 0.50291
10226.00000 0.50196
10228.00000 0.50104
10230.00000 0.50014
10232.00000 0.4993
10234.00000 0.49838
10236.00000 0.49747
10238.00000 0.49662
10240.00000 0.49576
10242.00000 0.49491
10244.00000 0.49398
10246.00000 0.49313
10248.00000 0.49219
10250.00000 0.49134
10252.00000 0.49045
10254.00000 0.48955
10256.00000 0.48865
10258.00000 0.48779
10260.00000 0.48691
10262.00000 0.48591
10264.00000 0.48505
10266.00000 0.48409
10268.00000 0.4833
10270.00000 0.48226
10272.00000 0.48142
10274.00000 0.48056
10276.00000 0.47971
10278.00000 0.47868
10280.00000 0.47788
10282.00000 0.47694
10284.00000 0.47609
10286.00000 0.47506
10288.00000 0.47418
10290.00000 0.47326
10292.00000 0.47251
10294.00000 0.47163
10296.00000 0.47054
10298.00000 0.46993
10300.00000 0.46899
10302.00000 0.46824
