threeML/data/optical_filters/OSN/Johnson-Cousins_R2.ecsv
# %ECSV 0.9
# ---
# datatype:
# - {name: wavelength, unit: Angstrom, datatype: float32}
# - {name: response, datatype: float32}
# meta: !!omap
# - {band_name: Cousins_R2}
# - {group_name: Johnson}
wavelength response
[from data line 848]
7188.00000 0.38423
7190.00000 0.38328
7192.00000 0.38225
7194.00000 0.38178
7196.00000 0.38071
7198.00000 0.37992
7200.00000 0.3793
7202.00000 0.37834
7204.00000 0.37736
7206.00000 0.37649
7208.00000 0.37546
7210.00000 0.37489
7212.00000 0.37438
7214.00000 0.37311
7216.00000 0.37241
7218.00000 0.37128
7220.00000 0.37077
7222.00000 0.36995
7224.00000 0.36905
7226.00000 0.36816
7228.00000 0.36735
7230.00000 0.36654
7232.00000 0.36567
7234.00000 0.36496
7236.00000 0.36432
7238.00000 0.36296
7240.00000 0.36209
7242.00000 0.36136
7244.00000 0.36049
7246.00000 0.35976
7248.00000 0.35895
7250.00000 0.35805
7252.00000 0.35748
7254.00000 0.35654
7256.00000 0.35589
7258.00000 0.35507
7260.00000 0.35446
7262.00000 0.35342
7264.00000 0.35275
7266.00000 0.35172
7268.00000 0.35088
7270.00000 0.3502
7272.00000 0.34948
7274.00000 0.34864
7276.00000 0.34758
7278.00000 0.34684
7280.00000 0.34602
7282.00000 0.34511
7284.00000 0.34436
7286.00000 0.3437
7288.00000 0.34289
7290.00000 0.34204
7292.00000 0.34094
7294.00000 0.34037
7296.00000 0.33947
7298.00000 0.33869
7300.00000 0.33808
7302.00000 0.33732
7304.00000 0.33638
7306.00000 0.33546
7308.00000 0.33481
7310.00000 0.33403
7312.00000 0.33303
7314.00000 0.3323
7316.00000 0.3318
7318.00000 0.33058
7320.00000 0.32985
7322.00000 0.32926
7324.00000 0.32828
7326.00000 0.32743
7328.00000 0.32666
7330.00000 0.32575
7332.00000 0.32502
7334.00000 0.32442
7336.00000 0.32292
7338.00000 0.32263
7340.00000 0.32182
7342.00000 0.32137
7344.00000 0.32006
7346.00000 0.3197
7348.00000 0.31867
7350.00000 0.31796
7352.00000 0.3169
7354.00000 0.31627
7356.00000 0.31555
7358.00000 0.3147
7360.00000 0.31405
7362.00000 0.31327
7364.00000 0.3126
7366.00000 0.31155
7368.00000 0.31067
7370.00000 0.30994
7372.00000 0.30955
7374.00000 0.30851
7376.00000 0.30784
7378.00000 0.30698
7380.00000 0.3061
7382.00000 0.30543
7384.00000 0.30467
7386.00000 0.30379
7388.00000 0.30298
7390.00000 0.30264
7392.00000 0.30152
7394.00000 0.3007
7396.00000 0.29985
7398.00000 0.29888
7400.00000 0.29854
7402.00000 0.2975
7404.00000 0.29695
7406.00000 0.29609
7408.00000 0.29529
7410.00000 0.29447
7412.00000 0.2934
7414.00000 0.29298
7416.00000 0.29217
7418.00000 0.29144
7420.00000 0.29055
7422.00000 0.28995
7424.00000 0.28912
7426.00000 0.28847
7428.00000 0.28743
7430.00000 0.28676
7432.00000 0.28615
7434.00000 0.28506
7436.00000 0.28452
7438.00000 0.28366
7440.00000 0.28323
7442.00000 0.28229
7444.00000 0.28148
7446.00000 0.28073
7448.00000 0.28008
7450.00000 0.27909
7452.00000 0.27838
7454.00000 0.27758
7456.00000 0.27709
7458.00000 0.27614
7460.00000 0.2753
7462.00000 0.2744
7464.00000 0.27406
7466.00000 0.27329
7468.00000 0.27231
7470.00000 0.27156
7472.00000 0.27053
7474.00000 0.2698
7476.00000 0.26921
7478.00000 0.26858
7480.00000 0.26784
7482.00000 0.26678
7484.00000 0.26615
7486.00000 0.26562
7488.00000 0.2652
7490.00000 0.26393
7492.00000 0.26348
7494.00000 0.26245
7496.00000 0.26178
7498.00000 0.26119
7500.00000 0.26074
7502.00000 0.25974
7504.00000 0.25901
7506.00000 0.25802
7508.00000 0.25775
7510.00000 0.25703
7512.00000 0.25635
7514.00000 0.25573
7516.00000 0.25453
7518.00000 0.254
7520.00000 0.25341
7522.00000 0.25211
7524.00000 0.252
7526.00000 0.25118
7528.00000 0.2504
7530.00000 0.24924
7532.00000 0.24889
7534.00000 0.24831
7536.00000 0.24754
7538.00000 0.24659
7540.00000 0.24611
7542.00000 0.2452
7544.00000 0.24447
7546.00000 0.24369
7548.00000 0.24264
7550.00000 0.24259
7552.00000 0.24169
7554.00000 0.24093
7556.00000 0.24009
7558.00000 0.23977
7560.00000 0.2388
7562.00000 0.23822
7564.00000 0.23761
7566.00000 0.23702
7568.00000 0.23617
7570.00000 0.23566
7572.00000 0.23443
7574.00000 0.23389
7576.00000 0.23302
7578.00000 0.23257
7580.00000 0.23173
7582.00000 0.23108
7584.00000 0.23039
7586.00000 0.22958
7588.00000 0.22902
7590.00000 0.22828
7592.00000 0.22776
7594.00000 0.22708
7596.00000 0.22637
7598.00000 0.22566
7600.00000 0.22505
7602.00000 0.22416
7604.00000 0.22349
7606.00000 0.22284
7608.00000 0.22262
7610.00000 0.22168
7612.00000 0.22131
7614.00000 0.21991
7616.00000 0.21972
7618.00000 0.21914
7620.00000 0.21831
7622.00000 0.21737
7624.00000 0.2167
7626.00000 0.21629
7628.00000 0.21545
7630.00000 0.21499
7632.00000 0.21399
7634.00000 0.21335
7636.00000 0.21319
7638.00000 0.21227
7640.00000 0.2116
7642.00000 0.21069
7644.00000 0.21045
7646.00000 0.20955
7648.00000 0.209
7650.00000 0.20856
7652.00000 0.20727
7654.00000 0.20675
7656.00000 0.20646
7658.00000 0.20569
7660.00000 0.20499
7662.00000 0.2041
7664.00000 0.20365
7666.00000 0.20295
7668.00000 0.20247
7670.00000 0.20155
7672.00000 0.20084
7674.00000 0.20029
7676.00000 0.19955
7678.00000 0.19914
7680.00000 0.19848
7682.00000 0.19797
7684.00000 0.19727
7686.00000 0.19656
7688.00000 0.19584
7690.00000 0.19544
7692.00000 0.19453
7694.00000 0.19398
7696.00000 0.19308
7698.00000 0.19276
7700.00000 0.19244
7702.00000 0.19153
7704.00000 0.19084
7706.00000 0.19039
7708.00000 0.18951
7710.00000 0.18901
7712.00000 0.18849
7714.00000 0.18785
7716.00000 0.18707
7718.00000 0.18663
7720.00000 0.18564
7722.00000 0.18542
7724.00000 0.18487
7726.00000 0.18376
7728.00000 0.18354
7730.00000 0.18286
7732.00000 0.18216
7734.00000 0.1817
7736.00000 0.1811
7738.00000 0.18056
7740.00000 0.17964
7742.00000 0.17949
7744.00000 0.17851
7746.00000 0.17818
7748.00000 0.17766
7750.00000 0.17673
7752.00000 0.17636
7754.00000 0.17554
7756.00000 0.17527
7758.00000 0.1743
7760.00000 0.17422
7762.00000 0.17331
7764.00000 0.17302
7766.00000 0.17209
7768.00000 0.17156
7770.00000 0.17107
7772.00000 0.17043
7774.00000 0.17
7776.00000 0.16945
7778.00000 0.1686
7780.00000 0.16841
7782.00000 0.16748
7784.00000 0.16702
7786.00000 0.16634
7788.00000 0.16587
7790.00000 0.1654
7792.00000 0.1644
7794.00000 0.16412
7796.00000 0.16362
7798.00000 0.16289
7800.00000 0.16257
7802.00000 0.16173
7804.00000 0.16108
7806.00000 0.16024
7808.00000 0.16047
7810.00000 0.15961
7812.00000 0.15894
7814.00000 0.15844
7816.00000 0.15807
7818.00000 0.15757
7820.00000 0.15707
7822.00000 0.15622
7824.00000 0.15588
7826.00000 0.15528
7828.00000 0.15481
7830.00000 0.15422
7832.00000 0.15386
7834.00000 0.15306
7836.00000 0.15247
7838.00000 0.15162
7840.00000 0.1514
7842.00000 0.1509
7844.00000 0.15039
7846.00000 0.14983
7848.00000 0.14941
7850.00000 0.14883
7852.00000 0.14838
7854.00000 0.14783
7856.00000 0.14738
7858.00000 0.14655
7860.00000 0.14651
7862.00000 0.14569
7864.00000 0.14541
7866.00000 0.14463
7868.00000 0.14408
7870.00000 0.14346
7872.00000 0.14313
7874.00000 0.14288
7876.00000 0.14193
7878.00000 0.14138
7880.00000 0.14077
7882.00000 0.1407
7884.00000 0.1399
7886.00000 0.13982
7888.00000 0.13911
7890.00000 0.13858
7892.00000 0.13822
7894.00000 0.13724
7896.00000 0.13711
7898.00000 0.13629
7900.00000 0.13596
7902.00000 0.13562
7904.00000 0.13478
7906.00000 0.13465
7908.00000 0.13369
7910.00000 0.13363
7912.00000 0.13285
7914.00000 0.13301
7916.00000 0.13215
7918.00000 0.13144
7920.00000 0.13123
7922.00000 0.13078
7924.00000 0.13051
7926.00000 0.12983
7928.00000 0.12924
7930.00000 0.12877
7932.00000 0.12808
7934.00000 0.12816
7936.00000 0.12723
7938.00000 0.12683
7940.00000 0.12666
7942.00000 0.12555
7944.00000 0.12575
7946.00000 0.12497
7948.00000 0.12468
7950.00000 0.12392
7952.00000 0.1238
7954.00000 0.12327
7956.00000 0.12286
7958.00000 0.12245
7960.00000 0.12172
7962.00000 0.12146
7964.00000 0.12099
7966.00000 0.12037
7968.00000 0.12019
7970.00000 0.11979
7972.00000 0.11938
7974.00000 0.11875
7976.00000 0.11832
7978.00000 0.11778
7980.00000 0.11733
7982.00000 0.117
7984.00000 0.11666
7986.00000 0.11605
7988.00000 0.11593
7990.00000 0.115
7992.00000 0.11502
7994.00000 0.1141
7996.00000 0.114
7998.00000 0.11343
8000.00000 0.11351
8002.00000 0.11308
8004.00000 0.11271
8006.00000 0.1122
8008.00000 0.11184
8010.00000 0.11141
8012.00000 0.11105
8014.00000 0.11057
8016.00000 0.11014
8018.00000 0.10974
8020.00000 0.10934
8022.00000 0.10892
8024.00000 0.10845
8026.00000 0.10808
8028.00000 0.10766
8030.00000 0.10734
8032.00000 0.10685
8034.00000 0.10646
8036.00000 0.10608
8038.00000 0.1057
8040.00000 0.10523
8042.00000 0.10485
8044.00000 0.10444
8046.00000 0.10408
8048.00000 0.10365
8050.00000 0.10322
8052.00000 0.10284
8054.00000 0.10241
8056.00000 0.10206
8058.00000 0.10163
8060.00000 0.10127
8062.00000 0.10086
8064.00000 0.10053
8066.00000 0.10012
8068.00000 0.09973
8070.00000 0.09932
8072.00000 0.09896
8074.00000 0.09855
8076.00000 0.09814
8078.00000 0.09778
8080.00000 0.09743
8082.00000 0.09706
8084.00000 0.09667
8086.00000 0.09633
8088.00000 0.09592
8090.00000 0.09556
8092.00000 0.09522
8094.00000 0.09485
8096.00000 0.09447
8098.00000 0.09411
8100.00000 0.09375
8102.00000 0.09336
8104.00000 0.09298
8106.00000 0.09264
8108.00000 0.09225
8110.00000 0.09184
8112.00000 0.09154
8114.00000 0.09117
8116.00000 0.09085
8118.00000 0.09045
8120.00000 0.09012
8122.00000 0.08974
8124.00000 0.08938
8126.00000 0.08903
8128.00000 0.08865
8130.00000 0.08829
8132.00000 0.08796
8134.00000 0.08763
8136.00000 0.08726
8138.00000 0.08693
8140.00000 0.08656
8142.00000 0.08625
8144.00000 0.08585
8146.00000 0.08554
8148.00000 0.08515
8150.00000 0.0849
8152.00000 0.08449
8154.00000 0.08412
8156.00000 0.08381
8158.00000 0.08348
8160.00000 0.08312
8162.00000 0.08272
8164.00000 0.08245
8166.00000 0.08211
8168.00000 0.08186
8170.00000 0.08145
8172.00000 0.08115
8174.00000 0.0808
8176.00000 0.08051
8178.00000 0.08012
8180.00000 0.07982
8182.00000 0.07947
8184.00000 0.07918
8186.00000 0.07883
8188.00000 0.07848
8190.00000 0.0782
8192.00000 0.07787
8194.00000 0.07756
8196.00000 0.07722
8198.00000 0.07692
8200.00000 0.07661
8202.00000 0.07629
8204.00000 0.07592
8206.00000 0.07561
8208.00000 0.07532
8210.00000 0.07501
8212.00000 0.07466
8214.00000 0.07435
8216.00000 0.07403
8218.00000 0.07375
8220.00000 0.07347
8222.00000 0.07314
8224.00000 0.07287
8226.00000 0.07256
8228.00000 0.07228
8230.00000 0.07195
8232.00000 0.07166
8234.00000 0.07138
8236.00000 0.07109
8238.00000 0.07079
8240.00000 0.07044
8242.00000 0.07019
8244.00000 0.06991
8246.00000 0.06962
8248.00000 0.06927
8250.00000 0.06906
8252.00000 0.06874
8254.00000 0.06849
8256.00000 0.06819
8258.00000 0.06788
8260.00000 0.06759
8262.00000 0.06735
8264.00000 0.06704
8266.00000 0.06675
8268.00000 0.06648
8270.00000 0.06621
8272.00000 0.06595
8274.00000 0.06564
8276.00000 0.06541
8278.00000 0.06514
8280.00000 0.06485
8282.00000 0.06454
8284.00000 0.06429
8286.00000 0.06403
8288.00000 0.06378
8290.00000 0.0635
8292.00000 0.06323
8294.00000 0.06295
8296.00000 0.06265
8298.00000 0.06242
8300.00000 0.06213
8302.00000 0.06186
8304.00000 0.06161
8306.00000 0.06142
8308.00000 0.06112
8310.00000 0.06091
8312.00000 0.06059
8314.00000 0.06036
8316.00000 0.0601
8318.00000 0.05985
8320.00000 0.05956
8322.00000 0.05933
8324.00000 0.0591
8326.00000 0.0588
8328.00000 0.05856
8330.00000 0.0583
8332.00000 0.05811
8334.00000 0.05784
8336.00000 0.05757
8338.00000 0.05734
8340.00000 0.05711
8342.00000 0.05687
8344.00000 0.05662
8346.00000 0.05638
8348.00000 0.05616
8350.00000 0.05589
8352.00000 0.05564
8354.00000 0.05539
8356.00000 0.05518
8358.00000 0.05495
8360.00000 0.05473
8362.00000 0.05447
8364.00000 0.05424
8366.00000 0.05403
8368.00000 0.05379
8370.00000 0.05352
8372.00000 0.05331
8374.00000 0.05307
8376.00000 0.05286
8378.00000 0.05261
8380.00000 0.05237
8382.00000 0.05214
8384.00000 0.05195
8386.00000 0.05169
8388.00000 0.05148
8390.00000 0.05126
8392.00000 0.05107
8394.00000 0.05084
8396.00000 0.05062
8398.00000 0.05039
8400.00000 0.05015
8402.00000 0.04992
8404.00000 0.04976
8406.00000 0.04949
8408.00000 0.0493
8410.00000 0.04907
8412.00000 0.04884
8414.00000 0.04868
8416.00000 0.04845
8418.00000 0.04825
8420.00000 0.048
8422.00000 0.04784
8424.00000 0.04759
8426.00000 0.04743
8428.00000 0.04721
8430.00000 0.04696
8432.00000 0.04677
8434.00000 0.04655
8436.00000 0.04637
8438.00000 0.04617
8440.00000 0.04601
8442.00000 0.04576
8444.00000 0.04556
8446.00000 0.04537
8448.00000 0.04517
8450.00000 0.04496
8452.00000 0.04478
8454.00000 0.04456
8456.00000 0.04433
8458.00000 0.04419
8460.00000 0.04398
8462.00000 0.04378
8464.00000 0.04357
8466.00000 0.04342
8468.00000 0.04321
8470.00000 0.04305
8472.00000 0.04282
8474.00000 0.04268
8476.00000 0.04247
8478.00000 0.0423
8480.00000 0.0421
8482.00000 0.04192
8484.00000 0.04172
8486.00000 0.04153
8488.00000 0.04134
8490.00000 0.04115
8492.00000 0.04095
8494.00000 0.0408
8496.00000 0.04064
8498.00000 0.04045
8500.00000 0.04027
8502.00000 0.04009
8504.00000 0.0399
8506.00000 0.03973
8508.00000 0.03955
8510.00000 0.03937
8512.00000 0.03922
8514.00000 0.03899
8516.00000 0.03882
8518.00000 0.03868
8520.00000 0.03847
8522.00000 0.03831
8524.00000 0.0381
8526.00000 0.03796
8528.00000 0.03776
8530.00000 0.03766
8532.00000 0.03745
8534.00000 0.03731
8536.00000 0.03709
8538.00000 0.03695
8540.00000 0.0368
8542.00000 0.03661
8544.00000 0.03643
8546.00000 0.03629
8548.00000 0.03616
8550.00000 0.03597
8552.00000 0.03578
8554.00000 0.03565
8556.00000 0.0355
8558.00000 0.03532
8560.00000 0.03521
8562.00000 0.035
8564.00000 0.03486
8566.00000 0.03472
8568.00000 0.03454
8570.00000 0.03438
8572.00000 0.03425
8574.00000 0.0341
8576.00000 0.03391
8578.00000 0.03379
8580.00000 0.0336
8582.00000 0.03353
8584.00000 0.03332
8586.00000 0.03318
8588.00000 0.03305
8590.00000 0.03287
8592.00000 0.03274
8594.00000 0.03256
8596.00000 0.03244
8598.00000 0.03228
8600.00000 0.03215
8602.00000 0.032
8604.00000 0.03187
8606.00000 0.03171
8608.00000 0.0316
8610.00000 0.03142
8612.00000 0.03127
8614.00000 0.03114
8616.00000 0.031
8618.00000 0.03088
8620.00000 0.03072
8622.00000 0.03057
8624.00000 0.03042
8626.00000 0.03031
8628.00000 0.03016
8630.00000 0.03003
8632.00000 0.0299
8634.00000 0.02977
8636.00000 0.0296
8638.00000 0.02949
8640.00000 0.02934
8642.00000 0.02924
8644.00000 0.02912
8646.00000 0.02896
8648.00000 0.02885
8650.00000 0.02874
8652.00000 0.0286
8654.00000 0.02845
8656.00000 0.02834
8658.00000 0.02822
8660.00000 0.02811
8662.00000 0.02797
8664.00000 0.02782
8666.00000 0.02771
8668.00000 0.02761
8670.00000 0.02749
8672.00000 0.02738
8674.00000 0.02726
8676.00000 0.02711
8678.00000 0.027
8680.00000 0.02684
8682.00000 0.02674
8684.00000 0.02658
8686.00000 0.02654
8688.00000 0.02638
8690.00000 0.02626
8692.00000 0.02614
8694.00000 0.02603
8696.00000 0.0259
8698.00000 0.02582
8700.00000 0.02567
8702.00000 0.02558
8704.00000 0.02543
8706.00000 0.02535
8708.00000 0.02525
8710.00000 0.02512
8712.00000 0.02501
8714.00000 0.02491
8716.00000 0.02475
8718.00000 0.02467
8720.00000 0.02456
8722.00000 0.02445
8724.00000 0.02433
8726.00000 0.02424
8728.00000 0.02412
8730.00000 0.024
8732.00000 0.02388
8734.00000 0.02379
8736.00000 0.02368
8738.00000 0.02357
8740.00000 0.02349
8742.00000 0.02337
8744.00000 0.02329
8746.00000 0.02316
8748.00000 0.02301
8750.00000 0.02292
8752.00000 0.02284
8754.00000 0.02273
8756.00000 0.02266
8758.00000 0.02254
8760.00000 0.02241
8762.00000 0.02231
8764.00000 0.02224
8766.00000 0.02212
8768.00000 0.022
8770.00000 0.02194
8772.00000 0.02182
8774.00000 0.02171
8776.00000 0.02163
8778.00000 0.02151
8780.00000 0.02143
8782.00000 0.02138
8784.00000 0.02123
8786.00000 0.02115
8788.00000 0.02106
8790.00000 0.02095
8792.00000 0.02088
8794.00000 0.02078
8796.00000 0.02068
8798.00000 0.02058
8800.00000 0.02046
8802.00000 0.02038
8804.00000 0.0203
8806.00000 0.02022
8808.00000 0.0201
8810.00000 0.02001
8812.00000 0.01992
8814.00000 0.01986
8816.00000 0.01975
8818.00000 0.01963
8820.00000 0.01955
8822.00000 0.01949
8824.00000 0.0194
8826.00000 0.0193
8828.00000 0.0192
8830.00000 0.01912
8832.00000 0.01904
8834.00000 0.01898
8836.00000 0.01886
8838.00000 0.01877
8840.00000 0.0187
8842.00000 0.01863
8844.00000 0.01853
8846.00000 0.01846
8848.00000 0.01834
8850.00000 0.01831
8852.00000 0.01823
8854.00000 0.0181
8856.00000 0.01806
8858.00000 0.01794
8860.00000 0.01786
8862.00000 0.01779
8864.00000 0.01772
8866.00000 0.01761
8868.00000 0.01754
8870.00000 0.01744
8872.00000 0.01739
8874.00000 0.01732
8876.00000 0.01726
8878.00000 0.01716
