threeML/data/optical_filters/OSN/Johnson-Cousins_R1.ecsv
# %ECSV 0.9
# ---
# datatype:
# - {name: wavelength, unit: Angstrom, datatype: float32}
# - {name: response, datatype: float32}
# meta: !!omap
# - {band_name: Cousins_R1}
# - {group_name: Johnson}
wavelength response
4901.39990 0.0
5446.00000 4e-05
5448.00000 4e-05
5450.00000 5e-05
5452.00000 5e-05
5454.00000 6e-05
5456.00000 8e-05
5458.00000 9e-05
5460.00000 0.0001
5462.00000 0.00012
5464.00000 0.00013
5466.00000 0.00015
5468.00000 0.00018
5470.00000 0.00021
5472.00000 0.00024
5474.00000 0.00028
5476.00000 0.00033
5478.00000 0.00038
5480.00000 0.00044
5482.00000 0.00051
5484.00000 0.0006
5486.00000 0.00069
5488.00000 0.00079
5490.00000 0.00091
5492.00000 0.00106
5494.00000 0.00121
5496.00000 0.00141
5498.00000 0.00163
5500.00000 0.00187
5502.00000 0.00216
5504.00000 0.00247
5506.00000 0.00284
5508.00000 0.00326
5510.00000 0.00374
5512.00000 0.00425
5514.00000 0.00484
5516.00000 0.00551
5518.00000 0.00624
5520.00000 0.00705
5522.00000 0.00801
5524.00000 0.00904
5526.00000 0.01017
5528.00000 0.01148
5530.00000 0.01286
5532.00000 0.01435
5534.00000 0.01603
5536.00000 0.01795
5538.00000 0.01988
5540.00000 0.0221
5542.00000 0.02438
5544.00000 0.02697
5546.00000 0.02973
5548.00000 0.03275
5550.00000 0.03604
5552.00000 0.03946
5554.00000 0.04312
5556.00000 0.04703
5558.00000 0.05118
5560.00000 0.0558
5562.00000 0.06051
5564.00000 0.06546
5566.00000 0.07066
5568.00000 0.0761
5570.00000 0.08184
5572.00000 0.08772
5574.00000 0.09428
5576.00000 0.10096
5578.00000 0.1077
5580.00000 0.11492
5582.00000 0.12218
5584.00000 0.12991
5586.00000 0.13776
5588.00000 0.14613
5590.00000 0.15431
5592.00000 0.16275
5594.00000 0.17147
5596.00000 0.18049
5598.00000 0.18959
5600.00000 0.19907
5602.00000 0.20852
5604.00000 0.21807
5606.00000 0.22794
5608.00000 0.23737
5610.00000 0.24736
5612.00000 0.25743
5614.00000 0.26792
5616.00000 0.27806
5618.00000 0.28818
5620.00000 0.29837
5622.00000 0.30854
5624.00000 0.31857
5626.00000 0.32907
5628.00000 0.33934
5630.00000 0.34941
5632.00000 0.3594
5634.00000 0.36912
5636.00000 0.37908
5638.00000 0.3889
5640.00000 0.39877
5642.00000 0.40845
5644.00000 0.41779
5646.00000 0.42722
5648.00000 0.43633
5650.00000 0.4453
5652.00000 0.45467
5654.00000 0.46364
5656.00000 0.47242
5658.00000 0.48127
5660.00000 0.48962
5662.00000 0.4979
5664.00000 0.50591
5666.00000 0.51426
5668.00000 0.52196
5670.00000 0.5299
5672.00000 0.53757
5674.00000 0.54496
5676.00000 0.5517
5678.00000 0.55935
5680.00000 0.56638
5682.00000 0.57309
5684.00000 0.58006
5686.00000 0.58636
5688.00000 0.59274
5690.00000 0.59914
5692.00000 0.6054
5694.00000 0.61124
5696.00000 0.61705
5698.00000 0.6228
5700.00000 0.62817
5702.00000 0.63304
5704.00000 0.63851
5706.00000 0.64383
5708.00000 0.64851
5710.00000 0.65337
5712.00000 0.65819
5714.00000 0.66287
5716.00000 0.6672
5718.00000 0.67179
5720.00000 0.67597
5722.00000 0.68002
5724.00000 0.68442
5726.00000 0.68807
5728.00000 0.69184
5730.00000 0.69509
5732.00000 0.69845
5734.00000 0.70214
5736.00000 0.70559
5738.00000 0.70836
5740.00000 0.71128
5742.00000 0.71474
5744.00000 0.71753
5746.00000 0.72047
5748.00000 0.72357
5750.00000 0.72576
5752.00000 0.72862
5754.00000 0.73089
5756.00000 0.73287
5758.00000 0.7358
5760.00000 0.738
5762.00000 0.74014
5764.00000 0.74207
5766.00000 0.7443
5768.00000 0.7464
5770.00000 0.7481
5772.00000 0.75022
5774.00000 0.75165
5776.00000 0.75367
5778.00000 0.75485
5780.00000 0.75686
5782.00000 0.75852
5784.00000 0.76037
5786.00000 0.76176
5788.00000 0.76302
5790.00000 0.76427
5792.00000 0.76594
5794.00000 0.76695
5796.00000 0.76845
5798.00000 0.7697
5800.00000 0.77063
5802.00000 0.77186
5804.00000 0.77325
5806.00000 0.77414
5808.00000 0.77523
5810.00000 0.77606
5812.00000 0.77706
5814.00000 0.77775
5816.00000 0.77894
5818.00000 0.77958
5820.00000 0.78073
5822.00000 0.78101
5824.00000 0.78217
5826.00000 0.78248
5828.00000 0.78329
5830.00000 0.78465
5832.00000 0.78474
5834.00000 0.78533
5836.00000 0.78615
5838.00000 0.78683
5840.00000 0.78716
5842.00000 0.7877
5844.00000 0.78821
5846.00000 0.78886
5848.00000 0.78928
5850.00000 0.78919
5852.00000 0.78975
5854.00000 0.79006
5856.00000 0.79085
5858.00000 0.79132
5860.00000 0.79151
5862.00000 0.79191
5864.00000 0.79232
5866.00000 0.79251
5868.00000 0.79257
5870.00000 0.79288
5872.00000 0.79312
5874.00000 0.79337
5876.00000 0.79394
5878.00000 0.79382
5880.00000 0.7939
5882.00000 0.79397
5884.00000 0.79439
5886.00000 0.79455
5888.00000 0.79471
5890.00000 0.79489
5892.00000 0.79478
5894.00000 0.79514
5896.00000 0.79502
5898.00000 0.79503
5900.00000 0.79531
5902.00000 0.79529
5904.00000 0.79492
5906.00000 0.79577
5908.00000 0.79527
5910.00000 0.79518
5912.00000 0.79508
5914.00000 0.7954
5916.00000 0.79529
5918.00000 0.79524
5920.00000 0.79539
5922.00000 0.79554
5924.00000 0.79515
5926.00000 0.79531
5928.00000 0.79489
5930.00000 0.79503
5932.00000 0.79501
5934.00000 0.79502
5936.00000 0.79494
5938.00000 0.7947
5940.00000 0.79481
5942.00000 0.795
5944.00000 0.79476
5946.00000 0.7945
5948.00000 0.79442
5950.00000 0.79412
5952.00000 0.79379
5954.00000 0.79374
5956.00000 0.79388
5958.00000 0.7936
5960.00000 0.7934
5962.00000 0.79345
5964.00000 0.79294
5966.00000 0.79276
5968.00000 0.79264
5970.00000 0.79255
5972.00000 0.79252
5974.00000 0.79231
5976.00000 0.79198
5978.00000 0.79181
5980.00000 0.79161
5982.00000 0.79131
5984.00000 0.79119
5986.00000 0.79054
5988.00000 0.79086
5990.00000 0.79051
5992.00000 0.79043
5994.00000 0.79007
5996.00000 0.7896
5998.00000 0.78941
6000.00000 0.78935
6002.00000 0.78894
6004.00000 0.7889
6006.00000 0.78857
6008.00000 0.78834
6010.00000 0.78791
6012.00000 0.78768
6014.00000 0.78743
6016.00000 0.78735
6018.00000 0.78687
6020.00000 0.78681
6022.00000 0.78622
6024.00000 0.78592
6026.00000 0.78556
6028.00000 0.78541
6030.00000 0.78507
6032.00000 0.78477
6034.00000 0.78441
6036.00000 0.78418
6038.00000 0.78371
6040.00000 0.78368
6042.00000 0.78353
6044.00000 0.78293
6046.00000 0.78276
6048.00000 0.7822
6050.00000 0.78193
6052.00000 0.7818
6054.00000 0.78109
6056.00000 0.78083
6058.00000 0.78088
6060.00000 0.78022
6062.00000 0.78002
6064.00000 0.77978
6066.00000 0.77951
6068.00000 0.77904
6070.00000 0.77863
6072.00000 0.77822
6074.00000 0.77793
6076.00000 0.77758
6078.00000 0.77717
6080.00000 0.77671
6082.00000 0.77677
6084.00000 0.77619
6086.00000 0.7757
6088.00000 0.77542
6090.00000 0.77503
6092.00000 0.7747
6094.00000 0.77443
6096.00000 0.774
6098.00000 0.7733
6100.00000 0.77285
6102.00000 0.77263
6104.00000 0.77208
6106.00000 0.77201
6108.00000 0.77137
6110.00000 0.77105
6112.00000 0.7702
6114.00000 0.77
6116.00000 0.76991
6118.00000 0.76947
6120.00000 0.76909
6122.00000 0.76881
6124.00000 0.76821
6126.00000 0.76767
6128.00000 0.76752
6130.00000 0.76727
6132.00000 0.76633
6134.00000 0.766
6136.00000 0.76556
6138.00000 0.76525
6140.00000 0.7645
6142.00000 0.76417
6144.00000 0.76397
6146.00000 0.76329
6148.00000 0.76314
6150.00000 0.76261
6152.00000 0.76199
6154.00000 0.76183
6156.00000 0.76102
6158.00000 0.76066
6160.00000 0.76016
6162.00000 0.76001
6164.00000 0.75905
6166.00000 0.75869
6168.00000 0.75846
6170.00000 0.75772
6172.00000 0.75732
6174.00000 0.75705
6176.00000 0.75655
6178.00000 0.756
6180.00000 0.75546
6182.00000 0.75493
6184.00000 0.75449
6186.00000 0.75375
6188.00000 0.75356
6190.00000 0.75272
6192.00000 0.75273
6194.00000 0.7519
6196.00000 0.75147
6198.00000 0.75075
6200.00000 0.75082
6202.00000 0.75033
6204.00000 0.74954
6206.00000 0.74922
6208.00000 0.74857
6210.00000 0.7481
6212.00000 0.74745
6214.00000 0.74709
6216.00000 0.74621
6218.00000 0.7459
6220.00000 0.74572
6222.00000 0.74521
6224.00000 0.74443
6226.00000 0.74379
6228.00000 0.74356
6230.00000 0.74306
6232.00000 0.74225
6234.00000 0.74171
6236.00000 0.74146
6238.00000 0.74073
6240.00000 0.74001
6242.00000 0.73987
6244.00000 0.73914
6246.00000 0.73852
6248.00000 0.73784
6250.00000 0.73733
6252.00000 0.73661
6254.00000 0.73635
6256.00000 0.73581
6258.00000 0.73506
6260.00000 0.73464
6262.00000 0.73413
6264.00000 0.73358
6266.00000 0.73309
6268.00000 0.73247
6270.00000 0.73173
6272.00000 0.73119
6274.00000 0.73079
6276.00000 0.72993
6278.00000 0.72944
6280.00000 0.72913
6282.00000 0.72869
6284.00000 0.72771
6286.00000 0.72724
6288.00000 0.72659
6290.00000 0.72608
6292.00000 0.72549
6294.00000 0.72497
6296.00000 0.7244
6298.00000 0.72384
6300.00000 0.72336
6302.00000 0.72232
6304.00000 0.72192
6306.00000 0.72153
6308.00000 0.72095
6310.00000 0.72033
6312.00000 0.7198
6314.00000 0.71885
6316.00000 0.71857
6318.00000 0.7179
6320.00000 0.71755
6322.00000 0.71689
6324.00000 0.71606
6326.00000 0.71541
6328.00000 0.71496
6330.00000 0.71439
6332.00000 0.71384
6334.00000 0.71312
6336.00000 0.71288
6338.00000 0.71222
6340.00000 0.71106
6342.00000 0.71062
6344.00000 0.71032
6346.00000 0.70971
6348.00000 0.70898
6350.00000 0.70833
6352.00000 0.70785
6354.00000 0.70722
6356.00000 0.7066
6358.00000 0.7058
6360.00000 0.70513
6362.00000 0.70454
6364.00000 0.70379
6366.00000 0.70354
6368.00000 0.70292
6370.00000 0.70227
6372.00000 0.70151
6374.00000 0.70108
6376.00000 0.70014
6378.00000 0.69967
6380.00000 0.69874
6382.00000 0.69853
6384.00000 0.6979
6386.00000 0.69714
6388.00000 0.69657
6390.00000 0.69585
6392.00000 0.69544
6394.00000 0.6947
6396.00000 0.69406
6398.00000 0.69342
6400.00000 0.69267
6402.00000 0.69231
6404.00000 0.69151
6406.00000 0.69115
6408.00000 0.69026
6410.00000 0.68978
6412.00000 0.68883
6414.00000 0.68834
6416.00000 0.68764
6418.00000 0.68702
6420.00000 0.68653
6422.00000 0.68593
6424.00000 0.68507
6426.00000 0.68457
6428.00000 0.68403
6430.00000 0.68324
6432.00000 0.6825
6434.00000 0.68192
6436.00000 0.68108
6438.00000 0.68067
6440.00000 0.6798
6442.00000 0.67913
6444.00000 0.67866
6446.00000 0.67791
6448.00000 0.67742
6450.00000 0.67671
6452.00000 0.67591
6454.00000 0.67559
6456.00000 0.67477
6458.00000 0.67397
6460.00000 0.67344
6462.00000 0.67264
6464.00000 0.67217
6466.00000 0.67123
6468.00000 0.67081
6470.00000 0.67035
6472.00000 0.66943
6474.00000 0.66892
6476.00000 0.66815
6478.00000 0.66725
6480.00000 0.66665
6482.00000 0.6664
6484.00000 0.66539
6486.00000 0.66488
6488.00000 0.66415
6490.00000 0.6633
6492.00000 0.66258
6494.00000 0.66218
6496.00000 0.66138
6498.00000 0.66066
6500.00000 0.66009
6502.00000 0.65937
6504.00000 0.65841
6506.00000 0.65794
6508.00000 0.65748
6510.00000 0.65651
6512.00000 0.65606
6514.00000 0.65506
6516.00000 0.65474
6518.00000 0.65398
6520.00000 0.6532
6522.00000 0.65254
6524.00000 0.65173
6526.00000 0.65094
6528.00000 0.65072
6530.00000 0.64981
6532.00000 0.64911
6534.00000 0.64857
6536.00000 0.64758
6538.00000 0.64707
6540.00000 0.64628
6542.00000 0.64564
6544.00000 0.64506
6546.00000 0.6444
6548.00000 0.64373
6550.00000 0.64285
6552.00000 0.64228
6554.00000 0.64157
6556.00000 0.64077
6558.00000 0.64015
6560.00000 0.63966
6562.00000 0.63881
6564.00000 0.63817
6566.00000 0.63754
6568.00000 0.63651
6570.00000 0.6359
6572.00000 0.63542
6574.00000 0.63468
6576.00000 0.63391
6578.00000 0.6334
6580.00000 0.6326
6582.00000 0.63187
6584.00000 0.63127
6586.00000 0.63052
6588.00000 0.62975
6590.00000 0.62913
6592.00000 0.62825
6594.00000 0.62756
6596.00000 0.62681
6598.00000 0.62638
6600.00000 0.62551
6602.00000 0.62491
6604.00000 0.6242
6606.00000 0.62322
6608.00000 0.62271
6610.00000 0.62208
6612.00000 0.62109
6614.00000 0.62084
6616.00000 0.6199
6618.00000 0.61936
6620.00000 0.61846
6622.00000 0.61789
6624.00000 0.61703
6626.00000 0.61656
6628.00000 0.61568
6630.00000 0.61518
6632.00000 0.61434
6634.00000 0.61352
6636.00000 0.61293
6638.00000 0.61229
6640.00000 0.6114
6642.00000 0.61073
6644.00000 0.61018
6646.00000 0.60944
6648.00000 0.60856
6650.00000 0.60772
6652.00000 0.60695
6654.00000 0.60642
6656.00000 0.60566
6658.00000 0.60494
6660.00000 0.60413
6662.00000 0.60368
6664.00000 0.60292
6666.00000 0.60208
6668.00000 0.60139
6670.00000 0.60055
6672.00000 0.59985
6674.00000 0.59925
6676.00000 0.59842
6678.00000 0.59754
6680.00000 0.59687
6682.00000 0.59623
6684.00000 0.59571
6686.00000 0.59471
6688.00000 0.59432
6690.00000 0.5935
6692.00000 0.5926
6694.00000 0.59198
6696.00000 0.59107
6698.00000 0.5905
6700.00000 0.58975
6702.00000 0.58906
6704.00000 0.58819
6706.00000 0.58736
6708.00000 0.58655
6710.00000 0.58607
6712.00000 0.58515
6714.00000 0.58447
6716.00000 0.58372
6718.00000 0.5827
6720.00000 0.58209
6722.00000 0.58118
6724.00000 0.58059
6726.00000 0.57981
6728.00000 0.57896
6730.00000 0.57823
6732.00000 0.57772
6734.00000 0.57692
6736.00000 0.57612
6738.00000 0.57534
6740.00000 0.57471
6742.00000 0.57389
6744.00000 0.57294
6746.00000 0.57209
6748.00000 0.57127
6750.00000 0.57069
6752.00000 0.57005
6754.00000 0.56906
6756.00000 0.56839
6758.00000 0.56745
6760.00000 0.56687
6762.00000 0.56571
6764.00000 0.56525
6766.00000 0.56466
6768.00000 0.56381
6770.00000 0.56278
6772.00000 0.56205
6774.00000 0.56118
6776.00000 0.56016
6778.00000 0.55947
6780.00000 0.55861
6782.00000 0.55776
6784.00000 0.5571
6786.00000 0.55626
6788.00000 0.55553
6790.00000 0.55453
6792.00000 0.55367
6794.00000 0.55298
6796.00000 0.55229
6798.00000 0.55147
6800.00000 0.55036
6802.00000 0.54937
6804.00000 0.5484
6806.00000 0.54752
6808.00000 0.54687
6810.00000 0.54617
6812.00000 0.54531
6814.00000 0.54441
6816.00000 0.54356
6818.00000 0.54269
6820.00000 0.54181
6822.00000 0.54108
6824.00000 0.54011
6826.00000 0.53959
6828.00000 0.5383
6830.00000 0.53778
6832.00000 0.537
6834.00000 0.53582
6836.00000 0.53511
6838.00000 0.53441
6840.00000 0.5337
6842.00000 0.53245
6844.00000 0.53189
6846.00000 0.5309
6848.00000 0.53006
6850.00000 0.52918
6852.00000 0.52828
6854.00000 0.52724
6856.00000 0.52671
6858.00000 0.52569
6860.00000 0.52488
6862.00000 0.52411
6864.00000 0.52315
6866.00000 0.52215
6868.00000 0.52148
6870.00000 0.52058
6872.00000 0.51964
6874.00000 0.51887
6876.00000 0.51806
6878.00000 0.51692
6880.00000 0.51604
6882.00000 0.51548
6884.00000 0.51439
6886.00000 0.51371
6888.00000 0.51273
6890.00000 0.51198
6892.00000 0.51118
6894.00000 0.51044
6896.00000 0.50944
6898.00000 0.50868
6900.00000 0.50775
6902.00000 0.50696
6904.00000 0.5058
6906.00000 0.50486
6908.00000 0.50425
6910.00000 0.50315
6912.00000 0.50255
6914.00000 0.50138
6916.00000 0.50078
6918.00000 0.49952
6920.00000 0.49916
6922.00000 0.49814
6924.00000 0.49742
6926.00000 0.4962
6928.00000 0.49551
6930.00000 0.49451
6932.00000 0.49379
6934.00000 0.49262
6936.00000 0.49156
6938.00000 0.49133
6940.00000 0.4902
6942.00000 0.48928
6944.00000 0.48877
6946.00000 0.48751
6948.00000 0.4867
6950.00000 0.48586
6952.00000 0.48493
6954.00000 0.484
6956.00000 0.48311
6958.00000 0.48216
6960.00000 0.48155
6962.00000 0.48047
6964.00000 0.47945
6966.00000 0.47862
6968.00000 0.4779
6970.00000 0.47673
6972.00000 0.47599
6974.00000 0.47518
6976.00000 0.47445
6978.00000 0.47338
6980.00000 0.47245
6982.00000 0.47161
6984.00000 0.47088
6986.00000 0.47
6988.00000 0.469
6990.00000 0.46844
6992.00000 0.46725
6994.00000 0.46662
6996.00000 0.46568
6998.00000 0.46455
7000.00000 0.46407
7002.00000 0.46321
7004.00000 0.46215
7006.00000 0.46119
7008.00000 0.46042
7010.00000 0.45928
7012.00000 0.45871
7014.00000 0.4576
7016.00000 0.45693
7018.00000 0.45608
7020.00000 0.4551
7022.00000 0.45433
7024.00000 0.45363
7026.00000 0.45233
7028.00000 0.45165
7030.00000 0.45065
7032.00000 0.44983
7034.00000 0.44888
7036.00000 0.44799
7038.00000 0.44722
7040.00000 0.44648
7042.00000 0.44534
7044.00000 0.44443
7046.00000 0.44376
7048.00000 0.44271
7050.00000 0.44186
7052.00000 0.44115
7054.00000 0.44031
7056.00000 0.43903
7058.00000 0.43835
7060.00000 0.43766
7062.00000 0.43659
7064.00000 0.43593
7066.00000 0.43505
7068.00000 0.43399
7070.00000 0.43321
7072.00000 0.43242
7074.00000 0.43133
7076.00000 0.43104
7078.00000 0.42998
7080.00000 0.42883
7082.00000 0.428
7084.00000 0.42735
7086.00000 0.42672
7088.00000 0.42568
7090.00000 0.42459
7092.00000 0.42405
7094.00000 0.42311
7096.00000 0.42237
7098.00000 0.42134
7100.00000 0.42023
7102.00000 0.41961
7104.00000 0.41901
7106.00000 0.41797
7108.00000 0.41699
7110.00000 0.41598
7112.00000 0.41547
7114.00000 0.41461
7116.00000 0.41366
7118.00000 0.41305
7120.00000 0.41184
7122.00000 0.41094
7124.00000 0.41022
7126.00000 0.40914
7128.00000 0.40866
7130.00000 0.40781
7132.00000 0.40674
7134.00000 0.40608
7136.00000 0.40495
7138.00000 0.40407
