threeML/data/optical_filters/OSN/Johnson-Cousins_I1.ecsv
# %ECSV 0.9
# ---
# datatype:
# - {name: wavelength, unit: Angstrom, datatype: float32}
# - {name: response, datatype: float32}
# meta: !!omap
# - {band_name: Cousins_I1}
# - {group_name: Johnson}
wavelength response
[from data line 2491]
11908.00000 0.00964
11910.00000 0.00952
11912.00000 0.00948
11914.00000 0.00939
11916.00000 0.00932
11918.00000 0.00921
11920.00000 0.00916
11922.00000 0.0091
11924.00000 0.00904
11926.00000 0.00898
11928.00000 0.00882
11930.00000 0.00884
11932.00000 0.00876
11934.00000 0.00867
11936.00000 0.00869
11938.00000 0.00859
11940.00000 0.00848
11942.00000 0.00847
11944.00000 0.00837
11946.00000 0.00831
11948.00000 0.00822
11950.00000 0.00817
11952.00000 0.0081
11954.00000 0.00811
11956.00000 0.00803
11958.00000 0.00797
11960.00000 0.00792
11962.00000 0.0078
11964.00000 0.00777
11966.00000 0.00766
11968.00000 0.00765
11970.00000 0.00768
11972.00000 0.00763
11974.00000 0.00756
11976.00000 0.00743
11978.00000 0.00743
11980.00000 0.00732
11982.00000 0.00731
11984.00000 0.00724
11986.00000 0.00715
11988.00000 0.00706
11990.00000 0.00717
11992.00000 0.00696
11994.00000 0.00696
11996.00000 0.00694
11998.00000 0.00693
12000.00000 0.00678
12002.00000 0.00679
12004.00000 0.00671
12006.00000 0.00663
12008.00000 0.00668
12010.00000 0.00654
12012.00000 0.00649
12014.00000 0.00645
12016.00000 0.00639
12018.00000 0.00631
12020.00000 0.00631
12022.00000 0.00627
12024.00000 0.00626
12026.00000 0.00616
12028.00000 0.00612
12030.00000 0.00608
12032.00000 0.0061
12034.00000 0.00601
12036.00000 0.00589
12038.00000 0.00592
12040.00000 0.00589
12042.00000 0.0058
12044.00000 0.00575
12046.00000 0.00577
12048.00000 0.00573
12050.00000 0.00566
12052.00000 0.0056
12054.00000 0.00551
12056.00000 0.00549
12058.00000 0.00551
12060.00000 0.00548
12062.00000 0.00539
12064.00000 0.00533
12066.00000 0.00533
12068.00000 0.00525
12070.00000 0.00528
12072.00000 0.00518
12074.00000 0.00515
12076.00000 0.0051
12078.00000 0.00514
12080.00000 0.00501
12082.00000 0.00504
12084.00000 0.00494
12086.00000 0.0049
12088.00000 0.00499
12090.00000 0.00492
12092.00000 0.00485
12094.00000 0.00472
12096.00000 0.00472
12098.00000 0.00469
12100.00000 0.00466
12102.00000 0.00462
12104.00000 0.00456
12106.00000 0.00459
12108.00000 0.00458
12110.00000 0.00447
12112.00000 0.00451
12114.00000 0.00447
12116.00000 0.0044
12118.00000 0.00442
12120.00000 0.0043
12122.00000 0.00429
12124.00000 0.00432
12126.00000 0.00428
12128.00000 0.00426
12130.00000 0.00419
12132.00000 0.00416
12134.00000 0.00406
12136.00000 0.00412
12138.00000 0.00407
12140.00000 0.004
12142.00000 0.004
12144.00000 0.00395
12146.00000 0.00398
12148.00000 0.00397
12150.00000 0.00394
12152.00000 0.00385
12154.00000 0.0038
12156.00000 0.00381
12158.00000 0.00374
12160.00000 0.00378
12162.00000 0.00369
12164.00000 0.00367
12166.00000 0.00367
12168.00000 0.00369
12170.00000 0.0036
12172.00000 0.00366
12174.00000 0.00354
12176.00000 0.00354
12178.00000 0.00356
12180.00000 0.00351
12182.00000 0.00354
12184.00000 0.0034
12186.00000 0.00345
12188.00000 0.00338
12190.00000 0.00341
12192.00000 0.00334
12194.00000 0.0033
12196.00000 0.00329
12198.00000 0.00329
12200.00000 0.00325
12202.00000 0.00325
12204.00000 0.00324
12206.00000 0.00315
12208.00000 0.0032
12210.00000 0.0031
12212.00000 0.00312
12214.00000 0.00305
12216.00000 0.0031
12218.00000 0.00313
12220.00000 0.00308
12222.00000 0.00296
12224.00000 0.00302
12226.00000 0.00294
12228.00000 0.003
12230.00000 0.00296
12232.00000 0.00292
12234.00000 0.00291
12236.00000 0.00289
12238.00000 0.00281
12240.00000 0.00288
12242.00000 0.00279
12244.00000 0.00279
12246.00000 0.00277
12248.00000 0.00275
12250.00000 0.0027
12252.00000 0.00278
12254.00000 0.00266
12256.00000 0.00273
12258.00000 0.00267
12260.00000 0.00269
12262.00000 0.00265
12264.00000 0.00265
12266.00000 0.00257
12268.00000 0.00253
12270.00000 0.00261
12272.00000 0.0026
12274.00000 0.0025
12276.00000 0.00243
12278.00000 0.00243
12280.00000 0.00248
12282.00000 0.00245
12284.00000 0.00241
12286.00000 0.00243
12288.00000 0.00239
12290.00000 0.00238
12292.00000 0.00235
12294.00000 0.00243
12296.00000 0.00239
12298.00000 0.00233
12300.00000 0.00227
12302.00000 0.00227
12304.00000 0.00222
12306.00000 0.00234
12308.00000 0.00222
12310.00000 0.00222
12312.00000 0.00221
12314.00000 0.00221
12316.00000 0.00216
12318.00000 0.00223
12320.00000 0.00226
12322.00000 0.00211
12324.00000 0.00219
12326.00000 0.00212
12328.00000 0.00214
12330.00000 0.00214
12332.00000 0.00213
12334.00000 0.00208
12336.00000 0.00206
12338.00000 0.00203
12340.00000 0.00202
12342.00000 0.00201
12344.00000 0.00195
12346.00000 0.00198
12348.00000 0.002
12350.00000 0.002
12352.00000 0.00194
12354.00000 0.00194
12356.00000 0.00199
12358.00000 0.00194
12360.00000 0.00194
12362.00000 0.00192
12364.00000 0.00188
12366.00000 0.00188
12368.00000 0.00192
12370.00000 0.00185
12372.00000 0.00183
12374.00000 0.00179
12376.00000 0.00184
12378.00000 0.00184
12380.00000 0.00177
12382.00000 0.0018
12384.00000 0.00184
12386.00000 0.00172
12388.00000 0.00178
12390.00000 0.00175
12392.00000 0.00175
12394.00000 0.00171
12396.00000 0.00168
12398.00000 0.00165
12400.00000 0.0017
12402.00000 0.00175
12404.00000 0.00157
12406.00000 0.00175
12408.00000 0.00164
12410.00000 0.00161
12412.00000 0.00167
12414.00000 0.00166
12416.00000 0.00157
12418.00000 0.00163
12420.00000 0.00156
12422.00000 0.00162
12424.00000 0.00158
12426.00000 0.00156
12428.00000 0.00154
12430.00000 0.0016
12432.00000 0.00158
12434.00000 0.00155
12436.00000 0.00154
12438.00000 0.0015
12440.00000 0.00149
12442.00000 0.00158
12444.00000 0.00151
12446.00000 0.00154
12448.00000 0.00147
12450.00000 0.00147
12452.00000 0.00149
12454.00000 0.00145
12456.00000 0.00142
12458.00000 0.00139
12460.00000 0.0014
12462.00000 0.00143
12464.00000 0.00139
12466.00000 0.00144
12468.00000 0.00139
12470.00000 0.00138
12472.00000 0.00137
12474.00000 0.00142
12476.00000 0.00138
12478.00000 0.00138
12480.00000 0.00135
12482.00000 0.00137
12484.00000 0.00133
12486.00000 0.0013
12488.00000 0.00128
12490.00000 0.0013
12492.00000 0.00132
12494.00000 0.00134
12496.00000 0.00128
12498.00000 0.00136
12500.00000 0.00133
12502.00000 0.00126
12504.00000 0.0013
12506.00000 0.00125
12508.00000 0.0013
12510.00000 0.00123
12512.00000 0.00119
12514.00000 0.00125
12516.00000 0.00124
12518.00000 0.00121
12520.00000 0.00122
12522.00000 0.00118
12524.00000 0.00119
12526.00000 0.00116
12528.00000 0.00122
12530.00000 0.00119
12532.00000 0.00115
12534.00000 0.00122
12536.00000 0.00118
12538.00000 0.00117
12540.00000 0.00115
12542.00000 0.00115
12544.00000 0.00109
12546.00000 0.00113
12548.00000 0.00115
12550.00000 0.00114
12552.00000 0.00109
12554.00000 0.00106
12556.00000 0.00111
12558.00000 0.0011
12560.00000 0.00106
12562.00000 0.00111
12564.00000 0.00108
12566.00000 0.00108
12568.00000 0.00109
12570.00000 0.00105
12572.00000 0.00103
12574.00000 0.00101
12576.00000 0.00109
12578.00000 0.00102
12580.00000 0.00106
12582.00000 0.00104
12584.00000 0.001
12586.00000 0.00103
12588.00000 0.001
12590.00000 0.00104
12592.00000 0.00101
12594.00000 0.00101
12596.00000 0.00105
12598.00000 0.001
12600.00000 0.00105
12602.00000 0.00104
12604.00000 0.00101
12606.00000 0.00102
12608.00000 0.00102
12610.00000 0.00096
12612.00000 0.00094
12614.00000 0.00092
12616.00000 0.00093
12618.00000 0.00094
12620.00000 0.00095
12622.00000 0.00098
12624.00000 0.00096
12626.00000 0.00099
12628.00000 0.00097
12630.00000 0.00098
12632.00000 0.00087
12634.00000 0.00098
12636.00000 0.00093
12638.00000 0.00093
12640.00000 0.0009
12642.00000 0.00091
12644.00000 0.00088
12646.00000 0.0009
12648.00000 0.00091
12650.00000 0.00093
12652.00000 0.00089
12654.00000 0.0009
12656.00000 0.00087
12658.00000 0.00096
12660.00000 0.00083
12662.00000 0.00088
12664.00000 0.00082
12666.00000 0.0009
12668.00000 0.00086
12670.00000 0.00084
12672.00000 0.00092
12674.00000 0.00083
12676.00000 0.0009
12678.00000 0.00085
12680.00000 0.00085
12682.00000 0.00088
12684.00000 0.00087
12686.00000 0.00085
12688.00000 0.00082
12690.00000 0.00086
12692.00000 0.00083
12694.00000 0.00082
12696.00000 0.00083
12698.00000 0.00085
12700.00000 0.00081
12702.00000 0.00082
12704.00000 0.00082
12706.00000 0.0008
12708.00000 0.00083
12710.00000 0.00075
12712.00000 0.00075
12714.00000 0.00081
12716.00000 0.00084
12718.00000 0.00083
12720.00000 0.00072
12722.00000 0.00082
12724.00000 0.00083
12726.00000 0.0008
12728.00000 0.00074
12730.00000 0.00077
12732.00000 0.00079
12734.00000 0.00078
12736.00000 0.0008
12738.00000 0.00077
12740.00000 0.00077
12742.00000 0.00075
12744.00000 0.00073
12746.00000 0.00078
12748.00000 0.00071
12750.00000 0.00077
12752.00000 0.00079
12754.00000 0.00071
12756.00000 0.00078
12758.00000 0.00072
12760.00000 0.00072
12762.00000 0.00071
12764.00000 0.0007
12766.00000 0.00077
12768.00000 0.00077
12770.00000 0.00073
12772.00000 0.00074
12774.00000 0.00072
12776.00000 0.00081
12778.00000 0.00074
12780.00000 0.00071
12782.00000 0.00073
12784.00000 0.0006
12786.00000 0.00071
12788.00000 0.0007
12790.00000 0.00068
12792.00000 0.00074
12794.00000 0.00072
12796.00000 0.00073
12798.00000 0.00067
12800.00000 0.00069
12802.00000 0.00071
12804.00000 0.00069
12806.00000 0.00069
12808.00000 0.00074
12810.00000 0.00072
12812.00000 0.00072
12814.00000 0.00074
12816.00000 0.00063
12818.00000 0.00069
12820.00000 0.0007
12822.00000 0.00068
12824.00000 0.00065
12826.00000 0.00066
12828.00000 0.00066
12830.00000 0.00067
12832.00000 0.00071
12834.00000 0.00069
12836.00000 0.00068
12838.00000 0.00067
12840.00000 0.00061
12842.00000 0.00067
12844.00000 0.00066
12846.00000 0.00066
12848.00000 0.00071
12850.00000 0.00062
12852.00000 0.00069
12854.00000 0.00063
12856.00000 0.00065
12858.00000 0.00065
12860.00000 0.0007
12862.00000 0.00066
12864.00000 0.00063
12866.00000 0.00065
12868.00000 0.00068
12870.00000 0.00068
12872.00000 0.00068
12874.00000 0.00068
12876.00000 0.00066
12878.00000 0.00066
12880.00000 0.00061
12882.00000 0.00069
12884.00000 0.00064
12886.00000 0.00065
12888.00000 0.00068
12890.00000 0.00069
12892.00000 0.00064
12894.00000 0.00065
12896.00000 0.00066
12898.00000 0.00065
12900.00000 0.00057
12902.00000 0.00063
12904.00000 0.00063
12906.00000 0.00067
12908.00000 0.00066
12910.00000 0.00063
12912.00000 0.00061
12914.00000 0.00066
12916.00000 0.00065
12918.00000 0.00062
12920.00000 0.00061
12922.00000 0.00065
12924.00000 0.00063
12926.00000 0.00065
12928.00000 0.00063
12930.00000 0.00058
12932.00000 0.00063
12934.00000 0.00066
12936.00000 0.00066
12938.00000 0.00061
12940.00000 0.0006
12942.00000 0.00058
12944.00000 0.00061
12946.00000 0.00056
12948.00000 0.00068
12950.00000 0.0006
12952.00000 0.00063
12954.00000 0.00058
12956.00000 0.00064
12958.00000 0.00064
12960.00000 0.00062
12962.00000 0.00063
12964.00000 0.00057
12966.00000 0.00061
12968.00000 0.0006
12970.00000 0.00065
12972.00000 0.0006
12974.00000 0.00058
12976.00000 0.00064
12978.00000 0.00064
12980.00000 0.0006
12982.00000 0.00059
12984.00000 0.00062
12986.00000 0.00057
12988.00000 0.00061
12990.00000 0.00063
12992.00000 0.00059
12994.00000 0.00058
12996.00000 0.00059
12998.00000 0.00052
13000.00000 0.00061
13002.00000 0.00061
13004.00000 0.00057
13006.00000 0.00053
13008.00000 0.0006
13010.00000 0.0006
13012.00000 0.00053
13014.00000 0.0006
13016.00000 0.00062
13018.00000 0.00055
13020.00000 0.00057
13022.00000 0.00055
13024.00000 0.00057
13026.00000 0.00053
13028.00000 0.00057
13030.00000 0.0006
13032.00000 0.00065
13034.00000 0.00054
13036.00000 0.0006
13038.00000 0.00061
13040.00000 0.00059
13042.00000 0.00056
13044.00000 0.00065
13046.00000 0.00061
13048.00000 0.00062
13050.00000 0.00058
13052.00000 0.00059
13054.00000 0.00058
13056.00000 0.00058
13058.00000 0.00062
13060.00000 0.00055
13062.00000 0.00056
13064.00000 0.00061
13066.00000 0.00052
13068.00000 0.00062
13070.00000 0.00062
13072.00000 0.00059
13074.00000 0.00061
13076.00000 0.0006
13078.00000 0.00058
13080.00000 0.00057
13082.00000 0.00055
13084.00000 0.00059
13086.00000 0.0006
13088.00000 0.00054
13090.00000 0.00056
13092.00000 0.0005
13094.00000 0.00053
13096.00000 0.00058
13098.00000 0.00061
13100.00000 0.00057
13102.00000 0.00059
13104.00000 0.00057
13106.00000 0.00056
13108.00000 0.00056
13110.00000 0.00059
13112.00000 0.00057
13114.00000 0.0006
13116.00000 0.00054
13118.00000 0.00058
13120.00000 0.00055
13122.00000 0.00051
13124.00000 0.00059
13126.00000 0.00056
13128.00000 0.00053
13130.00000 0.00049
13132.00000 0.00056
13134.00000 0.00059
13136.00000 0.00063
13138.00000 0.00052
13140.00000 0.00051
13142.00000 0.00061
13144.00000 0.00052
13146.00000 0.0006
13148.00000 0.00059
13150.00000 0.00062
13152.00000 0.00056
13154.00000 0.00061
13156.00000 0.00055
13158.00000 0.0006
13160.00000 0.00061
13162.00000 0.00061
13164.00000 0.00062
13166.00000 0.00055
13168.00000 0.0006
13170.00000 0.00059
13172.00000 0.00056
13174.00000 0.00052
13176.00000 0.00052
13178.00000 0.00058
13180.00000 0.00057
13182.00000 0.00062
13184.00000 0.00056
13186.00000 0.00058
13188.00000 0.00057
13190.00000 0.00064
13192.00000 0.00053
13194.00000 0.00054
13196.00000 0.00052
13198.00000 0.00059
13200.00000 0.00056
13202.00000 0.00057
13204.00000 0.0006
13206.00000 0.00055
13208.00000 0.00059
13210.00000 0.0006
13212.00000 0.00066
13214.00000 0.00056
13216.00000 0.00053
13218.00000 0.00057
13220.00000 0.00062
13222.00000 0.00058
13224.00000 0.00054
13226.00000 0.00059
13228.00000 0.00058
13230.00000 0.00059
13232.00000 0.00059
13234.00000 0.00058
13236.00000 0.00058
13238.00000 0.00058
13240.00000 0.00061
13242.00000 0.00062
13244.00000 0.00059
13246.00000 0.00057
13248.00000 0.00058
13250.00000 0.00061
13252.00000 0.0006
13254.00000 0.00061
13256.00000 0.00055
13258.00000 0.00059
13260.00000 0.00056
13262.00000 0.00068
13264.00000 0.00062
13266.00000 0.00058
13268.00000 0.00065
13270.00000 0.00063
13272.00000 0.00066
13274.00000 0.00061
13276.00000 0.00056
13278.00000 0.00061
13280.00000 0.00057
13282.00000 0.00068
13284.00000 0.00062
13286.00000 0.00056
13288.00000 0.00057
13290.00000 0.00062
13292.00000 0.0006
13294.00000 0.0006
13296.00000 0.00058
13298.00000 0.0006
13300.00000 0.00056
13302.00000 0.00063
13304.00000 0.00063
13306.00000 0.00057
13308.00000 0.0006
13310.00000 0.00058
13312.00000 0.00065
13314.00000 0.00054
13316.00000 0.00067
13318.00000 0.00066
13320.00000 0.00066
13322.00000 0.00064
13324.00000 0.00064
13326.00000 0.00062
13328.00000 0.00057
13330.00000 0.00062
13332.00000 0.00064
13334.00000 0.00061
13336.00000 0.0006
13338.00000 0.00065
13340.00000 0.00062
13342.00000 0.00055
13344.00000 0.00063
13346.00000 0.00053
13348.00000 0.00059
13350.00000 0.00062
13352.00000 0.00064
13354.00000 0.00065
13356.00000 0.00064
13358.00000 0.00068
13360.00000 0.00063
13362.00000 0.00064
13364.00000 0.00066
13366.00000 0.0006
13368.00000 0.00064
13370.00000 0.00063
13372.00000 0.00061
13374.00000 0.00064
13376.00000 0.00067
13378.00000 0.00067
13380.00000 0.00068
13382.00000 0.00063
13384.00000 0.00064
13386.00000 0.00064
13388.00000 0.00061
13390.00000 0.00059
13392.00000 0.00064
13394.00000 0.00064
13396.00000 0.00067
13398.00000 0.00057
13400.00000 0.00063
13402.00000 0.0006
13404.00000 0.00059
13406.00000 0.00063
13408.00000 0.0007
13410.00000 0.00067
13412.00000 0.00064
13414.00000 0.00064
13416.00000 0.00063
13418.00000 0.00064
13420.00000 0.00068
13422.00000 0.00066
13424.00000 0.00062
13426.00000 0.00058
13428.00000 0.00059
13430.00000 0.0006
13432.00000 0.00063
13434.00000 0.00063
13436.00000 0.00066
13438.00000 0.0006
13440.00000 0.00069
13442.00000 0.00069
13444.00000 0.00065
13446.00000 0.00067
13448.00000 0.00065
13450.00000 0.00068
13452.00000 0.0007
13454.00000 0.00066
13456.00000 0.00069
13458.00000 0.00057
13460.00000 0.00062
13462.00000 0.00069
13464.00000 0.00073
13466.00000 0.00069
13468.00000 0.00063
13470.00000 0.00075
13472.00000 0.00067
13474.00000 0.00069
13476.00000 0.00067
13478.00000 0.00059
13480.00000 0.00067
13482.00000 0.00063
13484.00000 0.00065
13486.00000 0.00067
13488.00000 0.00079
13490.00000 0.00065
13492.00000 0.00067
13494.00000 0.00065
13496.00000 0.00071
13498.00000 0.00067
13500.00000 0.00072
13502.00000 0.00068
13504.00000 0.0007
13506.00000 0.0007
13508.00000 0.00067
13510.00000 0.00069
13512.00000 0.00067
13514.00000 0.00071
