threeML/data/optical_filters/OSN/Johnson-Cousins_R1.ecsv
# %ECSV 0.9
# ---
# datatype:
# - {name: wavelength, unit: Angstrom, datatype: float32}
# - {name: response, datatype: float32}
# meta: !!omap
# - {band_name: Cousins_R1}
# - {group_name: Johnson}
wavelength response
[from data line 849]
7142.00000 0.40272
7144.00000 0.40193
7146.00000 0.40095
7148.00000 0.39998
7150.00000 0.39886
7152.00000 0.39829
7154.00000 0.39739
7156.00000 0.39665
7158.00000 0.39595
7160.00000 0.39489
7162.00000 0.39389
7164.00000 0.39332
7166.00000 0.39217
7168.00000 0.39159
7170.00000 0.39084
7172.00000 0.39007
7174.00000 0.38932
7176.00000 0.38823
7178.00000 0.38737
7180.00000 0.38675
7182.00000 0.38605
7184.00000 0.3852
7186.00000 0.38404
7188.00000 0.3834
7190.00000 0.38214
7192.00000 0.38157
7194.00000 0.3809
7196.00000 0.38006
7198.00000 0.37924
7200.00000 0.37802
7202.00000 0.37724
7204.00000 0.37652
7206.00000 0.37605
7208.00000 0.37502
7210.00000 0.37411
7212.00000 0.37305
7214.00000 0.37231
7216.00000 0.37161
7218.00000 0.37064
7220.00000 0.36984
7222.00000 0.36927
7224.00000 0.36848
7226.00000 0.36745
7228.00000 0.3664
7230.00000 0.36573
7232.00000 0.36489
7234.00000 0.36425
7236.00000 0.36326
7238.00000 0.36251
7240.00000 0.36173
7242.00000 0.36079
7244.00000 0.36008
7246.00000 0.35929
7248.00000 0.35821
7250.00000 0.35769
7252.00000 0.35679
7254.00000 0.35588
7256.00000 0.35514
7258.00000 0.35438
7260.00000 0.35337
7262.00000 0.35253
7264.00000 0.35182
7266.00000 0.35114
7268.00000 0.35013
7270.00000 0.34942
7272.00000 0.34888
7274.00000 0.3479
7276.00000 0.3471
7278.00000 0.34624
7280.00000 0.3455
7282.00000 0.34471
7284.00000 0.34381
7286.00000 0.34314
7288.00000 0.34224
7290.00000 0.3414
7292.00000 0.34056
7294.00000 0.33961
7296.00000 0.33915
7298.00000 0.33836
7300.00000 0.3374
7302.00000 0.33654
7304.00000 0.33587
7306.00000 0.3354
7308.00000 0.33444
7310.00000 0.33357
7312.00000 0.33262
7314.00000 0.33203
7316.00000 0.33134
7318.00000 0.33026
7320.00000 0.32936
7322.00000 0.32885
7324.00000 0.32787
7326.00000 0.32708
7328.00000 0.32648
7330.00000 0.32574
7332.00000 0.32467
7334.00000 0.32423
7336.00000 0.32308
7338.00000 0.32243
7340.00000 0.32184
7342.00000 0.32083
7344.00000 0.32038
7346.00000 0.31942
7348.00000 0.31826
7350.00000 0.31806
7352.00000 0.31718
7354.00000 0.31618
7356.00000 0.31572
7358.00000 0.31485
7360.00000 0.31387
7362.00000 0.31322
7364.00000 0.31246
7366.00000 0.31169
7368.00000 0.31079
7370.00000 0.31002
7372.00000 0.30952
7374.00000 0.30851
7376.00000 0.30764
7378.00000 0.30675
7380.00000 0.30606
7382.00000 0.30515
7384.00000 0.30434
7386.00000 0.30387
7388.00000 0.30296
7390.00000 0.30175
7392.00000 0.30136
7394.00000 0.30065
7396.00000 0.30016
7398.00000 0.29916
7400.00000 0.29855
7402.00000 0.29782
7404.00000 0.29697
7406.00000 0.29661
7408.00000 0.29557
7410.00000 0.29478
7412.00000 0.2937
7414.00000 0.29312
7416.00000 0.29249
7418.00000 0.29172
7420.00000 0.29075
7422.00000 0.2901
7424.00000 0.28951
7426.00000 0.28838
7428.00000 0.28764
7430.00000 0.28705
7432.00000 0.28606
7434.00000 0.28549
7436.00000 0.28473
7438.00000 0.28377
7440.00000 0.28321
7442.00000 0.28234
7444.00000 0.28198
7446.00000 0.28083
7448.00000 0.28038
7450.00000 0.27939
7452.00000 0.27888
7454.00000 0.27808
7456.00000 0.27726
7458.00000 0.27673
7460.00000 0.27563
7462.00000 0.27487
7464.00000 0.27435
7466.00000 0.27367
7468.00000 0.27296
7470.00000 0.27185
7472.00000 0.27122
7474.00000 0.27054
7476.00000 0.26994
7478.00000 0.26893
7480.00000 0.26846
7482.00000 0.26753
7484.00000 0.26698
7486.00000 0.26626
7488.00000 0.26541
7490.00000 0.26466
7492.00000 0.26366
7494.00000 0.26327
7496.00000 0.26266
7498.00000 0.26185
7500.00000 0.2611
7502.00000 0.26038
7504.00000 0.25955
7506.00000 0.25879
7508.00000 0.25828
7510.00000 0.2574
7512.00000 0.25678
7514.00000 0.25584
7516.00000 0.25519
7518.00000 0.25443
7520.00000 0.25385
7522.00000 0.25324
7524.00000 0.2524
7526.00000 0.25198
7528.00000 0.25118
7530.00000 0.25022
7532.00000 0.24991
7534.00000 0.24925
7536.00000 0.24824
7538.00000 0.24733
7540.00000 0.24682
7542.00000 0.24636
7544.00000 0.24506
7546.00000 0.24477
7548.00000 0.24416
7550.00000 0.24355
7552.00000 0.24227
7554.00000 0.24189
7556.00000 0.24112
7558.00000 0.24051
7560.00000 0.23966
7562.00000 0.23872
7564.00000 0.23844
7566.00000 0.23768
7568.00000 0.237
7570.00000 0.23639
7572.00000 0.23534
7574.00000 0.23485
7576.00000 0.23403
7578.00000 0.23376
7580.00000 0.23292
7582.00000 0.23187
7584.00000 0.23118
7586.00000 0.23087
7588.00000 0.23023
7590.00000 0.2293
7592.00000 0.22879
7594.00000 0.22821
7596.00000 0.22718
7598.00000 0.22682
7600.00000 0.22598
7602.00000 0.22517
7604.00000 0.2246
7606.00000 0.22407
7608.00000 0.22316
7610.00000 0.22238
7612.00000 0.22219
7614.00000 0.22128
7616.00000 0.22038
7618.00000 0.21956
7620.00000 0.21951
7622.00000 0.21875
7624.00000 0.21778
7626.00000 0.21744
7628.00000 0.2166
7630.00000 0.21553
7632.00000 0.21569
7634.00000 0.21473
7636.00000 0.2142
7638.00000 0.21336
7640.00000 0.21277
7642.00000 0.21189
7644.00000 0.21144
7646.00000 0.21075
7648.00000 0.20989
7650.00000 0.20953
7652.00000 0.20851
7654.00000 0.20784
7656.00000 0.20724
7658.00000 0.20686
7660.00000 0.20624
7662.00000 0.20549
7664.00000 0.20496
7666.00000 0.20421
7668.00000 0.2039
7670.00000 0.20286
7672.00000 0.20198
7674.00000 0.20154
7676.00000 0.20117
7678.00000 0.20029
7680.00000 0.19957
7682.00000 0.199
7684.00000 0.19861
7686.00000 0.19748
7688.00000 0.19716
7690.00000 0.19647
7692.00000 0.19557
7694.00000 0.1952
7696.00000 0.19461
7698.00000 0.19391
7700.00000 0.19324
7702.00000 0.19277
7704.00000 0.1922
7706.00000 0.19155
7708.00000 0.1909
7710.00000 0.19052
7712.00000 0.1896
7714.00000 0.18929
7716.00000 0.18852
7718.00000 0.18767
7720.00000 0.18719
7722.00000 0.18705
7724.00000 0.18614
7726.00000 0.18526
7728.00000 0.18446
7730.00000 0.18401
7732.00000 0.18368
7734.00000 0.18296
7736.00000 0.18282
7738.00000 0.18223
7740.00000 0.18092
7742.00000 0.18062
7744.00000 0.18005
7746.00000 0.17948
7748.00000 0.17902
7750.00000 0.1782
7752.00000 0.17761
7754.00000 0.17748
7756.00000 0.17646
7758.00000 0.17573
7760.00000 0.17565
7762.00000 0.17476
7764.00000 0.17411
7766.00000 0.1735
7768.00000 0.17298
7770.00000 0.17255
7772.00000 0.17192
7774.00000 0.17155
7776.00000 0.17057
7778.00000 0.17002
7780.00000 0.16976
7782.00000 0.16862
7784.00000 0.16859
7786.00000 0.16783
7788.00000 0.16731
7790.00000 0.1667
7792.00000 0.16584
7794.00000 0.16568
7796.00000 0.16484
7798.00000 0.16459
7800.00000 0.16379
7802.00000 0.16338
7804.00000 0.16281
7806.00000 0.16224
7808.00000 0.16171
7810.00000 0.16123
7812.00000 0.1605
7814.00000 0.16042
7816.00000 0.15946
7818.00000 0.15914
7820.00000 0.15851
7822.00000 0.15773
7824.00000 0.15737
7826.00000 0.15661
7828.00000 0.15627
7830.00000 0.15576
7832.00000 0.15527
7834.00000 0.1549
7836.00000 0.1542
7838.00000 0.15357
7840.00000 0.15325
7842.00000 0.15251
7844.00000 0.15197
7846.00000 0.15151
7848.00000 0.15091
7850.00000 0.15041
7852.00000 0.14995
7854.00000 0.14944
7856.00000 0.14888
7858.00000 0.14836
7860.00000 0.14785
7862.00000 0.14736
7864.00000 0.14669
7866.00000 0.14678
7868.00000 0.14559
7870.00000 0.14494
7872.00000 0.1447
7874.00000 0.14395
7876.00000 0.14375
7878.00000 0.14302
7880.00000 0.14272
7882.00000 0.14234
7884.00000 0.14215
7886.00000 0.14103
7888.00000 0.14064
7890.00000 0.14023
7892.00000 0.1398
7894.00000 0.13895
7896.00000 0.13866
7898.00000 0.1385
7900.00000 0.13761
7902.00000 0.1373
7904.00000 0.13664
7906.00000 0.13623
7908.00000 0.13569
7910.00000 0.13531
7912.00000 0.13462
7914.00000 0.13419
7916.00000 0.13399
7918.00000 0.13341
7920.00000 0.13302
7922.00000 0.13219
7924.00000 0.13191
7926.00000 0.13144
7928.00000 0.13087
7930.00000 0.13062
7932.00000 0.13008
7934.00000 0.12965
7936.00000 0.12914
7938.00000 0.1284
7940.00000 0.12784
7942.00000 0.12734
7944.00000 0.12731
7946.00000 0.12701
7948.00000 0.12639
7950.00000 0.12576
7952.00000 0.12571
7954.00000 0.12482
7956.00000 0.1247
7958.00000 0.12415
7960.00000 0.12367
7962.00000 0.12312
7964.00000 0.12276
7966.00000 0.12236
7968.00000 0.1216
7970.00000 0.12126
7972.00000 0.12096
7974.00000 0.12023
7976.00000 0.12036
7978.00000 0.11966
7980.00000 0.11902
7982.00000 0.1189
7984.00000 0.11837
7986.00000 0.1177
7988.00000 0.11743
7990.00000 0.11681
7992.00000 0.11651
7994.00000 0.11601
7996.00000 0.1155
7998.00000 0.11488
8000.00000 0.11506
8002.00000 0.1147
8004.00000 0.11422
8006.00000 0.11382
8008.00000 0.11343
8010.00000 0.11301
8012.00000 0.11257
8014.00000 0.11211
8016.00000 0.11176
8018.00000 0.11136
8020.00000 0.111
8022.00000 0.11048
8024.00000 0.11012
8026.00000 0.10965
8028.00000 0.10928
8030.00000 0.10885
8032.00000 0.10851
8034.00000 0.10799
8036.00000 0.10772
8038.00000 0.10724
8040.00000 0.10688
8042.00000 0.10643
8044.00000 0.10601
8046.00000 0.10569
8048.00000 0.10526
8050.00000 0.10491
8052.00000 0.10446
8054.00000 0.10411
8056.00000 0.10371
8058.00000 0.10333
8060.00000 0.10295
8062.00000 0.10263
8064.00000 0.10223
8066.00000 0.10179
8068.00000 0.10141
8070.00000 0.10105
8072.00000 0.10069
8074.00000 0.10026
8076.00000 0.09996
8078.00000 0.09949
8080.00000 0.09917
8082.00000 0.09879
8084.00000 0.09844
8086.00000 0.09805
8088.00000 0.09765
8090.00000 0.09726
8092.00000 0.09693
8094.00000 0.09651
8096.00000 0.09618
8098.00000 0.09579
8100.00000 0.09538
8102.00000 0.09508
8104.00000 0.09467
8106.00000 0.09434
8108.00000 0.09391
8110.00000 0.09364
8112.00000 0.0932
8114.00000 0.09283
8116.00000 0.0925
8118.00000 0.09213
8120.00000 0.09179
8122.00000 0.09141
8124.00000 0.09105
8126.00000 0.09069
8128.00000 0.09036
8130.00000 0.08999
8132.00000 0.08965
8134.00000 0.08921
8136.00000 0.08893
8138.00000 0.08857
8140.00000 0.08824
8142.00000 0.08787
8144.00000 0.08755
8146.00000 0.08722
8148.00000 0.08682
8150.00000 0.08648
8152.00000 0.08618
8154.00000 0.08576
8156.00000 0.08539
8158.00000 0.08513
8160.00000 0.0847
8162.00000 0.08446
8164.00000 0.08407
8166.00000 0.08375
8168.00000 0.0834
8170.00000 0.08314
8172.00000 0.0828
8174.00000 0.08246
8176.00000 0.08201
8178.00000 0.08167
8180.00000 0.08146
8182.00000 0.08104
8184.00000 0.08079
8186.00000 0.08043
8188.00000 0.08017
8190.00000 0.07978
8192.00000 0.07948
8194.00000 0.07914
8196.00000 0.07887
8198.00000 0.07854
8200.00000 0.07828
8202.00000 0.0779
8204.00000 0.07756
8206.00000 0.07732
8208.00000 0.07693
8210.00000 0.07664
8212.00000 0.07625
8214.00000 0.07598
8216.00000 0.07566
8218.00000 0.07542
8220.00000 0.075
8222.00000 0.07475
8224.00000 0.07443
8226.00000 0.07413
8228.00000 0.07378
8230.00000 0.07346
8232.00000 0.07322
8234.00000 0.07295
8236.00000 0.07266
8238.00000 0.07229
8240.00000 0.07207
8242.00000 0.07169
8244.00000 0.07146
8246.00000 0.0711
8248.00000 0.0709
8250.00000 0.0706
8252.00000 0.07031
8254.00000 0.07001
8256.00000 0.06977
8258.00000 0.06939
8260.00000 0.06912
8262.00000 0.06882
8264.00000 0.06856
8266.00000 0.06832
8268.00000 0.06796
8270.00000 0.06775
8272.00000 0.06741
8274.00000 0.06719
8276.00000 0.06694
8278.00000 0.06658
8280.00000 0.06632
8282.00000 0.06606
8284.00000 0.06576
8286.00000 0.06547
8288.00000 0.06519
8290.00000 0.06491
8292.00000 0.06464
8294.00000 0.06434
8296.00000 0.06412
8298.00000 0.0638
8300.00000 0.0636
8302.00000 0.06333
8304.00000 0.0631
8306.00000 0.06277
8308.00000 0.06249
8310.00000 0.06225
8312.00000 0.062
8314.00000 0.0617
8316.00000 0.06146
8318.00000 0.0612
8320.00000 0.06094
8322.00000 0.06073
8324.00000 0.06042
8326.00000 0.06021
8328.00000 0.05996
8330.00000 0.05974
8332.00000 0.05944
8334.00000 0.0592
8336.00000 0.05888
8338.00000 0.05864
8340.00000 0.0584
8342.00000 0.05816
8344.00000 0.05789
8346.00000 0.05771
8348.00000 0.05752
8350.00000 0.0572
8352.00000 0.05697
8354.00000 0.05668
8356.00000 0.0565
8358.00000 0.05628
8360.00000 0.05598
8362.00000 0.0558
8364.00000 0.05552
8366.00000 0.05532
8368.00000 0.05505
8370.00000 0.05472
8372.00000 0.05458
8374.00000 0.05438
8376.00000 0.05406
8378.00000 0.05396
8380.00000 0.05371
8382.00000 0.05338
8384.00000 0.05315
8386.00000 0.05303
8388.00000 0.05273
8390.00000 0.05261
8392.00000 0.05232
8394.00000 0.0521
8396.00000 0.05188
8398.00000 0.05164
8400.00000 0.05145
8402.00000 0.05116
8404.00000 0.05098
8406.00000 0.0508
8408.00000 0.05055
8410.00000 0.05032
8412.00000 0.05012
8414.00000 0.04987
8416.00000 0.04969
8418.00000 0.04941
8420.00000 0.04928
8422.00000 0.04902
8424.00000 0.04882
8426.00000 0.04858
8428.00000 0.04836
8430.00000 0.04819
8432.00000 0.04796
8434.00000 0.04769
8436.00000 0.04749
8438.00000 0.04733
8440.00000 0.04711
8442.00000 0.04694
8444.00000 0.04672
8446.00000 0.04661
8448.00000 0.0463
8450.00000 0.04613
8452.00000 0.04594
8454.00000 0.04574
8456.00000 0.04552
8458.00000 0.04527
8460.00000 0.04517
8462.00000 0.04493
8464.00000 0.04474
8466.00000 0.04455
8468.00000 0.04439
8470.00000 0.04422
8472.00000 0.04398
8474.00000 0.04376
8476.00000 0.04359
8478.00000 0.04343
8480.00000 0.04324
8482.00000 0.04301
8484.00000 0.04281
8486.00000 0.04264
8488.00000 0.04249
8490.00000 0.04226
8492.00000 0.04212
8494.00000 0.04194
8496.00000 0.04173
8498.00000 0.04151
8500.00000 0.04134
8502.00000 0.04115
8504.00000 0.04105
8506.00000 0.04084
8508.00000 0.04062
8510.00000 0.04047
8512.00000 0.04028
8514.00000 0.04016
8516.00000 0.03994
8518.00000 0.03983
8520.00000 0.03957
8522.00000 0.03939
8524.00000 0.03917
8526.00000 0.03908
8528.00000 0.03887
8530.00000 0.03875
8532.00000 0.03855
8534.00000 0.03838
8536.00000 0.03823
8538.00000 0.03797
8540.00000 0.03788
8542.00000 0.03774
8544.00000 0.03759
8546.00000 0.03742
8548.00000 0.03724
8550.00000 0.03705
8552.00000 0.0369
8554.00000 0.03669
8556.00000 0.03651
8558.00000 0.03641
8560.00000 0.03623
8562.00000 0.03601
8564.00000 0.03595
8566.00000 0.03573
8568.00000 0.0356
8570.00000 0.03551
8572.00000 0.03528
8574.00000 0.03514
8576.00000 0.03496
8578.00000 0.03483
8580.00000 0.03469
8582.00000 0.03451
8584.00000 0.03438
8586.00000 0.03416
8588.00000 0.03404
8590.00000 0.03386
8592.00000 0.03375
8594.00000 0.03362
8596.00000 0.03343
8598.00000 0.03332
8600.00000 0.03317
8602.00000 0.03304
8604.00000 0.0329
8606.00000 0.03268
8608.00000 0.03257
8610.00000 0.03244
8612.00000 0.03221
8614.00000 0.03211
8616.00000 0.03202
8618.00000 0.03186
8620.00000 0.03171
8622.00000 0.0316
8624.00000 0.03143
8626.00000 0.03129
8628.00000 0.03114
8630.00000 0.03099
8632.00000 0.03083
8634.00000 0.0307
8636.00000 0.03058
8638.00000 0.03046
8640.00000 0.03033
8642.00000 0.03023
8644.00000 0.03
8646.00000 0.02994
8648.00000 0.02974
8650.00000 0.02961
8652.00000 0.02952
8654.00000 0.02938
8656.00000 0.02916
8658.00000 0.02909
8660.00000 0.02898
8662.00000 0.02881
8664.00000 0.02872
8666.00000 0.02859
8668.00000 0.02847
8670.00000 0.02832
8672.00000 0.02821
8674.00000 0.02809
8676.00000 0.02792
8678.00000 0.02781
8680.00000 0.0277
8682.00000 0.02754
8684.00000 0.02746
8686.00000 0.02726
8688.00000 0.02718
8690.00000 0.02704
8692.00000 0.02693
8694.00000 0.02682
8696.00000 0.02663
8698.00000 0.02657
8700.00000 0.02645
8702.00000 0.02636
8704.00000 0.0262
8706.00000 0.02612
8708.00000 0.0259
8710.00000 0.02592
8712.00000 0.02572
8714.00000 0.02558
8716.00000 0.02557
8718.00000 0.02538
8720.00000 0.02533
8722.00000 0.02514
8724.00000 0.02507
8726.00000 0.02488
8728.00000 0.02484
8730.00000 0.0247
8732.00000 0.02463
8734.00000 0.02444
8736.00000 0.02444
8738.00000 0.02425
8740.00000 0.02419
8742.00000 0.02403
8744.00000 0.02388
8746.00000 0.02386
8748.00000 0.02372
8750.00000 0.02362
8752.00000 0.02351
8754.00000 0.02348
8756.00000 0.02326
8758.00000 0.02326
8760.00000 0.02311
8762.00000 0.02295
8764.00000 0.02289
8766.00000 0.02275
8768.00000 0.02264
8770.00000 0.02258
8772.00000 0.02249
8774.00000 0.02239
8776.00000 0.02228
8778.00000 0.02216
8780.00000 0.02207
8782.00000 0.02193
8784.00000 0.02189
8786.00000 0.02177
8788.00000 0.02166
8790.00000 0.02155
8792.00000 0.02148
8794.00000 0.02136
8796.00000 0.02127
8798.00000 0.02116
8800.00000 0.02104
8802.00000 0.02098
8804.00000 0.02094
8806.00000 0.0208
8808.00000 0.02074
8810.00000 0.0206
8812.00000 0.02051
8814.00000 0.02047
8816.00000 0.0203
8818.00000 0.02031
8820.00000 0.02016
8822.00000 0.02005
8824.00000 0.01996
8826.00000 0.01989
8828.00000 0.01978
8830.00000 0.01973
