threeML/data/optical_filters/OSN/Johnson-Cousins_I1.ecsv
# %ECSV 0.9
# ---
# datatype:
# - {name: wavelength, unit: Angstrom, datatype: float32}
# - {name: response, datatype: float32}
# meta: !!omap
# - {band_name: Cousins_I1}
# - {group_name: Johnson}
wavelength response
6235.20020 0.0
6928.00000 4e-05
6930.00000 4e-05
6932.00000 5e-05
6934.00000 5e-05
6936.00000 7e-05
6938.00000 7e-05
6940.00000 8e-05
6942.00000 9e-05
6944.00000 0.00011
6946.00000 0.00012
6948.00000 0.00013
6950.00000 0.00015
6952.00000 0.00017
6954.00000 0.00019
6956.00000 0.00021
6958.00000 0.00024
6960.00000 0.00027
6962.00000 0.0003
6964.00000 0.00034
6966.00000 0.00038
6968.00000 0.00043
6970.00000 0.00047
6972.00000 0.00053
6974.00000 0.00058
6976.00000 0.00064
6978.00000 0.00072
6980.00000 0.00079
6982.00000 0.00087
6984.00000 0.00097
6986.00000 0.00106
6988.00000 0.00117
6990.00000 0.00129
6992.00000 0.00142
6994.00000 0.00156
6996.00000 0.00171
6998.00000 0.00187
7000.00000 0.00205
7002.00000 0.00222
7004.00000 0.00245
7006.00000 0.00265
7008.00000 0.00288
7010.00000 0.00315
7012.00000 0.00341
7014.00000 0.00369
7016.00000 0.00401
7018.00000 0.00437
7020.00000 0.00469
7022.00000 0.00506
7024.00000 0.00544
7026.00000 0.00588
7028.00000 0.00633
7030.00000 0.00679
7032.00000 0.0073
7034.00000 0.00783
7036.00000 0.00841
7038.00000 0.00898
7040.00000 0.0096
7042.00000 0.01029
7044.00000 0.01101
7046.00000 0.01172
7048.00000 0.01249
7050.00000 0.01323
7052.00000 0.0141
7054.00000 0.01499
7056.00000 0.01587
7058.00000 0.01686
7060.00000 0.01787
7062.00000 0.01892
7064.00000 0.01997
7066.00000 0.02114
7068.00000 0.02233
7070.00000 0.02354
7072.00000 0.02484
7074.00000 0.02613
7076.00000 0.02751
7078.00000 0.02891
7080.00000 0.03043
7082.00000 0.03205
7084.00000 0.03368
7086.00000 0.03526
7088.00000 0.03696
7090.00000 0.03872
7092.00000 0.04051
7094.00000 0.04243
7096.00000 0.04441
7098.00000 0.04629
7100.00000 0.04836
7102.00000 0.05051
7104.00000 0.05265
7106.00000 0.05479
7108.00000 0.05729
7110.00000 0.05969
7112.00000 0.06213
7114.00000 0.06462
7116.00000 0.067
7118.00000 0.06972
7120.00000 0.07241
7122.00000 0.07519
7124.00000 0.07798
7126.00000 0.0809
7128.00000 0.08367
7130.00000 0.08653
7132.00000 0.08976
7134.00000 0.09302
7136.00000 0.09621
7138.00000 0.09931
7140.00000 0.10266
7142.00000 0.106
7144.00000 0.10941
7146.00000 0.11298
7148.00000 0.11655
7150.00000 0.12001
7152.00000 0.12375
7154.00000 0.12713
7156.00000 0.13094
7158.00000 0.13475
7160.00000 0.1387
7162.00000 0.14259
7164.00000 0.14645
7166.00000 0.15065
7168.00000 0.15449
7170.00000 0.15867
7172.00000 0.16295
7174.00000 0.16716
7176.00000 0.17124
7178.00000 0.17552
7180.00000 0.17965
7182.00000 0.18398
7184.00000 0.18844
7186.00000 0.19325
7188.00000 0.19765
7190.00000 0.20215
7192.00000 0.20674
7194.00000 0.21125
7196.00000 0.21607
7198.00000 0.22079
7200.00000 0.22562
7202.00000 0.23018
7204.00000 0.23492
7206.00000 0.23969
7208.00000 0.24452
7210.00000 0.24962
7212.00000 0.25458
7214.00000 0.25956
7216.00000 0.26461
7218.00000 0.26946
7220.00000 0.27421
7222.00000 0.27958
7224.00000 0.28426
7226.00000 0.28971
7228.00000 0.29447
7230.00000 0.2996
7232.00000 0.30474
7234.00000 0.30958
7236.00000 0.31509
7238.00000 0.32032
7240.00000 0.32523
7242.00000 0.33064
7244.00000 0.33597
7246.00000 0.34086
7248.00000 0.34619
7250.00000 0.35111
7252.00000 0.35642
7254.00000 0.36148
7256.00000 0.36683
7258.00000 0.37176
7260.00000 0.37685
7262.00000 0.38208
7264.00000 0.38738
7266.00000 0.39212
7268.00000 0.39689
7270.00000 0.40276
7272.00000 0.40736
7274.00000 0.41248
7276.00000 0.41791
7278.00000 0.42261
7280.00000 0.42741
7282.00000 0.43255
7284.00000 0.43753
7286.00000 0.44232
7288.00000 0.4477
7290.00000 0.45239
7292.00000 0.4575
7294.00000 0.46216
7296.00000 0.46676
7298.00000 0.47197
7300.00000 0.47695
7302.00000 0.48148
7304.00000 0.48605
7306.00000 0.49092
7308.00000 0.49579
7310.00000 0.5008
7312.00000 0.50487
7314.00000 0.51051
7316.00000 0.51498
7318.00000 0.51936
7320.00000 0.52379
7322.00000 0.52826
7324.00000 0.53239
7326.00000 0.5376
7328.00000 0.54146
7330.00000 0.54617
7332.00000 0.55024
7334.00000 0.55463
7336.00000 0.55921
7338.00000 0.56355
7340.00000 0.56824
7342.00000 0.57186
7344.00000 0.57655
7346.00000 0.58042
7348.00000 0.58453
7350.00000 0.58879
7352.00000 0.59259
7354.00000 0.59681
7356.00000 0.60027
7358.00000 0.60493
7360.00000 0.608
7362.00000 0.61237
7364.00000 0.61648
7366.00000 0.62011
7368.00000 0.62388
7370.00000 0.62726
7372.00000 0.63112
7374.00000 0.63518
7376.00000 0.63845
7378.00000 0.64225
7380.00000 0.64581
7382.00000 0.64907
7384.00000 0.65234
7386.00000 0.65581
7388.00000 0.65965
7390.00000 0.66255
7392.00000 0.66622
7394.00000 0.66976
7396.00000 0.67271
7398.00000 0.67593
7400.00000 0.67948
7402.00000 0.68233
7404.00000 0.68557
7406.00000 0.68889
7408.00000 0.69146
7410.00000 0.6942
7412.00000 0.69718
7414.00000 0.7008
7416.00000 0.70338
7418.00000 0.70604
7420.00000 0.70874
7422.00000 0.71169
7424.00000 0.71416
7426.00000 0.71694
7428.00000 0.71988
7430.00000 0.72247
7432.00000 0.72541
7434.00000 0.72757
7436.00000 0.73046
7438.00000 0.73262
7440.00000 0.73508
7442.00000 0.73783
7444.00000 0.74
7446.00000 0.74259
7448.00000 0.74528
7450.00000 0.74737
7452.00000 0.74999
7454.00000 0.75223
7456.00000 0.75443
7458.00000 0.75674
7460.00000 0.75841
7462.00000 0.76107
7464.00000 0.76391
7466.00000 0.76492
7468.00000 0.76676
7470.00000 0.76911
7472.00000 0.77112
7474.00000 0.77345
7476.00000 0.77539
7478.00000 0.77712
7480.00000 0.77958
7482.00000 0.78144
7484.00000 0.78328
7486.00000 0.78477
7488.00000 0.78613
7490.00000 0.78848
7492.00000 0.7898
7494.00000 0.79116
7496.00000 0.7933
7498.00000 0.79441
7500.00000 0.7971
7502.00000 0.79857
7504.00000 0.79979
7506.00000 0.80086
7508.00000 0.80286
7510.00000 0.80397
7512.00000 0.80551
7514.00000 0.80717
7516.00000 0.80827
7518.00000 0.81032
7520.00000 0.81164
7522.00000 0.81286
7524.00000 0.81389
7526.00000 0.81526
7528.00000 0.81637
7530.00000 0.81858
7532.00000 0.81943
7534.00000 0.82078
7536.00000 0.82229
7538.00000 0.82352
7540.00000 0.82428
7542.00000 0.82485
7544.00000 0.82733
7546.00000 0.82777
7548.00000 0.82809
7550.00000 0.83133
7552.00000 0.83183
7554.00000 0.83232
7556.00000 0.83346
7558.00000 0.83475
7560.00000 0.83585
7562.00000 0.83705
7564.00000 0.83874
7566.00000 0.83878
7568.00000 0.83971
7570.00000 0.83997
7572.00000 0.84191
7574.00000 0.84235
7576.00000 0.84279
7578.00000 0.84378
7580.00000 0.8446
7582.00000 0.8465
7584.00000 0.84667
7586.00000 0.84716
7588.00000 0.84817
7590.00000 0.85041
7592.00000 0.85003
7594.00000 0.85084
7596.00000 0.85198
7598.00000 0.85259
7600.00000 0.85287
7602.00000 0.85382
7604.00000 0.8548
7606.00000 0.85505
7608.00000 0.8561
7610.00000 0.85632
7612.00000 0.85824
7614.00000 0.85806
7616.00000 0.85946
7618.00000 0.85971
7620.00000 0.86065
7622.00000 0.86095
7624.00000 0.86173
7626.00000 0.8623
7628.00000 0.86254
7630.00000 0.86381
7632.00000 0.86353
7634.00000 0.86376
7636.00000 0.86417
7638.00000 0.86629
7640.00000 0.86514
7642.00000 0.86632
7644.00000 0.86767
7646.00000 0.86734
7648.00000 0.8683
7650.00000 0.86872
7652.00000 0.86796
7654.00000 0.87034
7656.00000 0.86871
7658.00000 0.86971
7660.00000 0.87113
7662.00000 0.87049
7664.00000 0.87152
7666.00000 0.87209
7668.00000 0.87258
7670.00000 0.87322
7672.00000 0.87321
7674.00000 0.87462
7676.00000 0.87423
7678.00000 0.87543
7680.00000 0.87549
7682.00000 0.87538
7684.00000 0.87553
7686.00000 0.87576
7688.00000 0.87612
7690.00000 0.87607
7692.00000 0.87699
7694.00000 0.87779
7696.00000 0.87824
7698.00000 0.87798
7700.00000 0.87813
7702.00000 0.87892
7704.00000 0.87952
7706.00000 0.87983
7708.00000 0.87871
7710.00000 0.88019
7712.00000 0.88031
7714.00000 0.88073
7716.00000 0.88145
7718.00000 0.88096
7720.00000 0.88185
7722.00000 0.88115
7724.00000 0.88222
7726.00000 0.88286
7728.00000 0.8819
7730.00000 0.88307
7732.00000 0.88361
7734.00000 0.88265
7736.00000 0.88246
7738.00000 0.8836
7740.00000 0.88358
7742.00000 0.88353
7744.00000 0.88466
7746.00000 0.88531
7748.00000 0.88504
7750.00000 0.88436
7752.00000 0.88513
7754.00000 0.88558
7756.00000 0.88501
7758.00000 0.88598
7760.00000 0.88544
7762.00000 0.88531
7764.00000 0.88648
7766.00000 0.88571
7768.00000 0.88696
7770.00000 0.88634
7772.00000 0.88652
7774.00000 0.88732
7776.00000 0.88695
7778.00000 0.88717
7780.00000 0.88747
7782.00000 0.88646
7784.00000 0.88726
7786.00000 0.88808
7788.00000 0.8882
7790.00000 0.88794
7792.00000 0.88863
7794.00000 0.88906
7796.00000 0.89
7798.00000 0.88962
7800.00000 0.88864
7802.00000 0.88873
7804.00000 0.88973
7806.00000 0.89021
7808.00000 0.88975
7810.00000 0.88945
7812.00000 0.88789
7814.00000 0.88915
7816.00000 0.88923
7818.00000 0.89092
7820.00000 0.88973
7822.00000 0.89012
7824.00000 0.89033
7826.00000 0.89069
7828.00000 0.8909
7830.00000 0.8905
7832.00000 0.89111
7834.00000 0.89056
7836.00000 0.88935
7838.00000 0.89145
7840.00000 0.89169
7842.00000 0.89081
7844.00000 0.89143
7846.00000 0.89087
7848.00000 0.89074
7850.00000 0.89076
7852.00000 0.89077
7854.00000 0.89153
7856.00000 0.89209
7858.00000 0.89084
7860.00000 0.8906
7862.00000 0.89145
7864.00000 0.89134
7866.00000 0.89143
7868.00000 0.89123
7870.00000 0.89189
7872.00000 0.89214
7874.00000 0.89116
7876.00000 0.89239
7878.00000 0.89254
7880.00000 0.89148
7882.00000 0.89241
7884.00000 0.89214
7886.00000 0.89214
7888.00000 0.89263
7890.00000 0.89374
7892.00000 0.8912
7894.00000 0.89255
7896.00000 0.89248
7898.00000 0.89155
7900.00000 0.89167
7902.00000 0.8906
7904.00000 0.89284
7906.00000 0.89235
7908.00000 0.8924
7910.00000 0.89136
7912.00000 0.89221
7914.00000 0.89264
7916.00000 0.89141
7918.00000 0.89295
7920.00000 0.89252
7922.00000 0.8916
7924.00000 0.89314
7926.00000 0.8923
7928.00000 0.89304
7930.00000 0.89211
7932.00000 0.89269
7934.00000 0.8919
7936.00000 0.89222
7938.00000 0.89376
7940.00000 0.89142
7942.00000 0.89211
7944.00000 0.8931
7946.00000 0.89181
7948.00000 0.89273
7950.00000 0.8929
7952.00000 0.89187
7954.00000 0.89231
7956.00000 0.89251
7958.00000 0.89199
7960.00000 0.89251
7962.00000 0.89317
7964.00000 0.89124
7966.00000 0.89262
7968.00000 0.89183
7970.00000 0.89344
7972.00000 0.89228
7974.00000 0.89224
7976.00000 0.89359
7978.00000 0.89146
7980.00000 0.89163
7982.00000 0.89202
7984.00000 0.89204
7986.00000 0.89241
7988.00000 0.89223
7990.00000 0.89318
7992.00000 0.89202
7994.00000 0.89289
7996.00000 0.89215
7998.00000 0.89399
8000.00000 0.89394
8002.00000 0.89389
8004.00000 0.89375
8006.00000 0.89371
8008.00000 0.89381
8010.00000 0.89373
8012.00000 0.89376
8014.00000 0.89372
8016.00000 0.89375
8018.00000 0.89374
8020.00000 0.89361
8022.00000 0.89355
8024.00000 0.89348
8026.00000 0.89342
8028.00000 0.89346
8030.00000 0.89334
8032.00000 0.89338
8034.00000 0.89329
8036.00000 0.89325
8038.00000 0.89318
8040.00000 0.89316
8042.00000 0.89314
8044.00000 0.8931
8046.00000 0.89307
8048.00000 0.89302
8050.00000 0.89286
8052.00000 0.8929
8054.00000 0.89283
8056.00000 0.89291
8058.00000 0.8927
8060.00000 0.89264
8062.00000 0.89273
8064.00000 0.89256
8066.00000 0.89246
8068.00000 0.89253
8070.00000 0.89253
8072.00000 0.89239
8074.00000 0.89235
8076.00000 0.89226
8078.00000 0.89228
8080.00000 0.89212
8082.00000 0.89216
8084.00000 0.89213
8086.00000 0.8921
8088.00000 0.89192
8090.00000 0.89186
8092.00000 0.89194
8094.00000 0.89175
8096.00000 0.89179
8098.00000 0.89173
8100.00000 0.89161
8102.00000 0.89158
8104.00000 0.89151
8106.00000 0.89143
8108.00000 0.8914
8110.00000 0.8914
8112.00000 0.89126
8114.00000 0.89121
8116.00000 0.89107
8118.00000 0.89104
8120.00000 0.89096
8122.00000 0.89096
8124.00000 0.89088
8126.00000 0.8907
8128.00000 0.89073
8130.00000 0.89062
8132.00000 0.89045
8134.00000 0.89042
8136.00000 0.89047
8138.00000 0.89045
8140.00000 0.89024
8142.00000 0.89012
8144.00000 0.89028
8146.00000 0.89012
8148.00000 0.88994
8150.00000 0.88993
8152.00000 0.88982
8154.00000 0.88989
8156.00000 0.88975
8158.00000 0.88959
8160.00000 0.88961
8162.00000 0.8896
8164.00000 0.88942
8166.00000 0.88925
8168.00000 0.88915
8170.00000 0.8892
8172.00000 0.88909
8174.00000 0.88896
8176.00000 0.88887
8178.00000 0.88893
8180.00000 0.88875
8182.00000 0.88867
8184.00000 0.88862
8186.00000 0.88858
8188.00000 0.88843
8190.00000 0.88833
8192.00000 0.8883
8194.00000 0.88822
8196.00000 0.88815
8198.00000 0.88807
8200.00000 0.88803
8202.00000 0.8879
8204.00000 0.88784
8206.00000 0.88765
8208.00000 0.88771
8210.00000 0.8877
8212.00000 0.88762
8214.00000 0.88744
8216.00000 0.88739
8218.00000 0.88727
8220.00000 0.88719
8222.00000 0.88713
8224.00000 0.88696
8226.00000 0.88689
8228.00000 0.8868
8230.00000 0.88666
8232.00000 0.88659
8234.00000 0.88659
8236.00000 0.88649
8238.00000 0.88638
8240.00000 0.88628
8242.00000 0.88624
8244.00000 0.88601
8246.00000 0.88604
8248.00000 0.88592
8250.00000 0.88578
8252.00000 0.88578
8254.00000 0.88563
8256.00000 0.88559
8258.00000 0.88538
8260.00000 0.88531
8262.00000 0.88529
8264.00000 0.88522
8266.00000 0.88506
8268.00000 0.88496
8270.00000 0.88488
8272.00000 0.8848
8274.00000 0.88459
8276.00000 0.88452
8278.00000 0.88454
8280.00000 0.88444
8282.00000 0.88429
8284.00000 0.88425
8286.00000 0.88399
8288.00000 0.88403
8290.00000 0.88394
8292.00000 0.88376
8294.00000 0.88368
8296.00000 0.88362
8298.00000 0.88346
8300.00000 0.88339
8302.00000 0.88327
8304.00000 0.88316
8306.00000 0.88312
8308.00000 0.88287
8310.00000 0.88281
8312.00000 0.88273
8314.00000 0.88265
8316.00000 0.88256
8318.00000 0.88241
8320.00000 0.88226
8322.00000 0.88227
8324.00000 0.88215
8326.00000 0.88197
8328.00000 0.88192
8330.00000 0.88183
8332.00000 0.8817
8334.00000 0.88159
8336.00000 0.88152
8338.00000 0.8814
8340.00000 0.88132
8342.00000 0.88106
8344.00000 0.88101
8346.00000 0.88091
8348.00000 0.88086
8350.00000 0.88069
8352.00000 0.88066
8354.00000 0.88049
8356.00000 0.88031
8358.00000 0.88024
8360.00000 0.88009
8362.00000 0.88008
8364.00000 0.87997
8366.00000 0.87974
8368.00000 0.87964
8370.00000 0.87951
8372.00000 0.87936
8374.00000 0.87949
8376.00000 0.87929
8378.00000 0.87917
8380.00000 0.87901
8382.00000 0.87891
8384.00000 0.87875
8386.00000 0.87859
8388.00000 0.87851
8390.00000 0.87835
8392.00000 0.8783
8394.00000 0.87829
8396.00000 0.87798
8398.00000 0.87798
8400.00000 0.87793
8402.00000 0.8777
8404.00000 0.87758
8406.00000 0.87742
8408.00000 0.87733
8410.00000 0.87725
8412.00000 0.87704
8414.00000 0.87711
8416.00000 0.87679
8418.00000 0.87684
8420.00000 0.87666
8422.00000 0.87645
8424.00000 0.87634
8426.00000 0.87632
8428.00000 0.87615
8430.00000 0.87597
8432.00000 0.87589
8434.00000 0.87583
8436.00000 0.8756
8438.00000 0.87543
8440.00000 0.87544
8442.00000 0.87532
8444.00000 0.87506
8446.00000 0.87493
8448.00000 0.8749
8450.00000 0.87468
8452.00000 0.87455
8454.00000 0.87444
8456.00000 0.87443
8458.00000 0.87424
8460.00000 0.87404
8462.00000 0.87399
8464.00000 0.87385
8466.00000 0.8736
8468.00000 0.87364
8470.00000 0.87341
8472.00000 0.87345
8474.00000 0.87317
8476.00000 0.87308
8478.00000 0.87293
8480.00000 0.87278
8482.00000 0.87264
8484.00000 0.87243
8486.00000 0.87225
8488.00000 0.87227
8490.00000 0.8721
8492.00000 0.87198
8494.00000 0.87191
8496.00000 0.87176
8498.00000 0.8716
8500.00000 0.87148
8502.00000 0.8713
8504.00000 0.87124
8506.00000 0.87089
8508.00000 0.87087
8510.00000 0.87079
8512.00000 0.87065
8514.00000 0.87046
8516.00000 0.87039
8518.00000 0.87012
8520.00000 0.87003
8522.00000 0.86987
8524.00000 0.86972
8526.00000 0.86967
8528.00000 0.86949
8530.00000 0.86933
8532.00000 0.86924
8534.00000 0.86909
8536.00000 0.86891
8538.00000 0.86874
8540.00000 0.86852
8542.00000 0.86843
8544.00000 0.86843
8546.00000 0.86811
8548.00000 0.86803
8550.00000 0.86802
8552.00000 0.8677
8554.00000 0.86756
8556.00000 0.86739
8558.00000 0.86729
8560.00000 0.8671
8562.00000 0.86698
8564.00000 0.86693
8566.00000 0.86675
8568.00000 0.86658
8570.00000 0.86634
8572.00000 0.86622
8574.00000 0.86602
8576.00000 0.86589
8578.00000 0.86578
8580.00000 0.86558
8582.00000 0.86553
8584.00000 0.86531
8586.00000 0.86524
8588.00000 0.86502
8590.00000 0.86489
8592.00000 0.86464
8594.00000 0.86464
8596.00000 0.86443
8598.00000 0.86428
8600.00000 0.86417
8602.00000 0.86402
8604.00000 0.8638
8606.00000 0.86368
8608.00000 0.86352
8610.00000 0.86334
8612.00000 0.86322
8614.00000 0.86292
8616.00000 0.86286
8618.00000 0.8627
