threeML/data/optical_filters/OSN/Johnson-Cousins_R1.ecsv
# %ECSV 0.9
# ---
# datatype:
# - {name: wavelength, unit: Angstrom, datatype: float32}
# - {name: response, datatype: float32}
# meta: !!omap
# - {band_name: Cousins_R1}
# - {group_name: Johnson}
wavelength response
[from data line 2529]
10502.00000 0.00076
10504.00000 0.00076
10506.00000 0.00076
10508.00000 0.00081
10510.00000 0.00078
10512.00000 0.0008
10514.00000 0.00075
10516.00000 0.00078
10518.00000 0.00084
10520.00000 0.00079
10522.00000 0.00078
10524.00000 0.00073
10526.00000 0.00074
10528.00000 0.00073
10530.00000 0.00083
10532.00000 0.0007
10534.00000 0.0008
10536.00000 0.00082
10538.00000 0.00074
10540.00000 0.00078
10542.00000 0.0008
10544.00000 0.00076
10546.00000 0.00081
10548.00000 0.00076
10550.00000 0.00072
10552.00000 0.0008
10554.00000 0.00074
10556.00000 0.0008
10558.00000 0.00074
10560.00000 0.00073
10562.00000 0.00073
10564.00000 0.00078
10566.00000 0.00074
10568.00000 0.00073
10570.00000 0.00075
10572.00000 0.00076
10574.00000 0.00078
10576.00000 0.00074
10578.00000 0.00068
10580.00000 0.00078
10582.00000 0.00073
10584.00000 0.00074
10586.00000 0.00071
10588.00000 0.00071
10590.00000 0.00065
10592.00000 0.00072
10594.00000 0.00077
10596.00000 0.00072
10598.00000 0.0007
10600.00000 0.00068
10602.00000 0.00075
10604.00000 0.00069
10606.00000 0.00074
10608.00000 0.00069
10610.00000 0.0007
10612.00000 0.00067
10614.00000 0.0007
10616.00000 0.00071
10618.00000 0.00074
10620.00000 0.0007
10622.00000 0.00068
10624.00000 0.0007
10626.00000 0.00064
10628.00000 0.00065
10630.00000 0.00062
10632.00000 0.00066
10634.00000 0.00071
10636.00000 0.00075
10638.00000 0.00068
10640.00000 0.00069
10642.00000 0.00065
10644.00000 0.00069
10646.00000 0.0007
10648.00000 0.00067
10650.00000 0.00068
10652.00000 0.00065
10654.00000 0.00062
10656.00000 0.00074
10658.00000 0.00068
10660.00000 0.00063
10662.00000 0.00065
10664.00000 0.00063
10666.00000 0.00072
10668.00000 0.00067
10670.00000 0.00061
10672.00000 0.0007
10674.00000 0.00064
10676.00000 0.00063
10678.00000 0.00067
10680.00000 0.00067
10682.00000 0.0007
10684.00000 0.00059
10686.00000 0.00064
10688.00000 0.00064
10690.00000 0.00064
10692.00000 0.00065
10694.00000 0.00063
10696.00000 0.00063
10698.00000 0.0006
10700.00000 0.00064
10702.00000 0.00066
10704.00000 0.00063
10706.00000 0.00058
10708.00000 0.0006
10710.00000 0.0006
10712.00000 0.00064
10714.00000 0.00061
10716.00000 0.0006
10718.00000 0.00066
10720.00000 0.00061
10722.00000 0.00066
10724.00000 0.00059
10726.00000 0.00063
10728.00000 0.00062
10730.00000 0.00063
10732.00000 0.00059
10734.00000 0.00068
10736.00000 0.00061
10738.00000 0.0006
10740.00000 0.00057
10742.00000 0.00063
10744.00000 0.00062
10746.00000 0.00056
10748.00000 0.00061
10750.00000 0.00059
10752.00000 0.00065
10754.00000 0.0006
10756.00000 0.00064
10758.00000 0.00054
10760.00000 0.00059
10762.00000 0.00051
10764.00000 0.00052
10766.00000 0.00053
10768.00000 0.00066
10770.00000 0.00061
10772.00000 0.00061
10774.00000 0.00057
10776.00000 0.00054
10778.00000 0.00059
10780.00000 0.00064
10782.00000 0.00062
10784.00000 0.00058
10786.00000 0.00055
10788.00000 0.00058
10790.00000 0.00063
10792.00000 0.00059
10794.00000 0.00056
10796.00000 0.00058
10798.00000 0.00056
10800.00000 0.00056
10802.00000 0.00056
10804.00000 0.00055
10806.00000 0.00054
10808.00000 0.00054
10810.00000 0.00062
10812.00000 0.00061
10814.00000 0.0006
10816.00000 0.00059
10818.00000 0.00056
10820.00000 0.00061
10822.00000 0.00063
10824.00000 0.00059
10826.00000 0.00051
10828.00000 0.00057
10830.00000 0.00055
10832.00000 0.00057
10834.00000 0.00053
10836.00000 0.00059
10838.00000 0.00057
10840.00000 0.00069
10842.00000 0.00062
10844.00000 0.00049
10846.00000 0.00046
10848.00000 0.00055
10850.00000 0.00061
10852.00000 0.00051
10854.00000 0.00053
10856.00000 0.00053
10858.00000 0.00049
10860.00000 0.00054
10862.00000 0.00051
10864.00000 0.00054
10866.00000 0.00056
10868.00000 0.00058
10870.00000 0.00051
10872.00000 0.00059
10874.00000 0.00051
10876.00000 0.00053
10878.00000 0.00054
10880.00000 0.00055
10882.00000 0.00048
10884.00000 0.00053
10886.00000 0.00049
10888.00000 0.00048
10890.00000 0.00057
10892.00000 0.00049
10894.00000 0.0005
10896.00000 0.00055
10898.00000 0.0005
10900.00000 0.00055
10902.00000 0.00051
10904.00000 0.00049
10906.00000 0.00051
10908.00000 0.0005
10910.00000 0.00052
10912.00000 0.00052
10914.00000 0.00052
10916.00000 0.00048
10918.00000 0.00054
10920.00000 0.00054
10922.00000 0.00047
10924.00000 0.00049
10926.00000 0.00054
10928.00000 0.0005
10930.00000 0.00053
10932.00000 0.00049
10934.00000 0.00042
10936.00000 0.00055
10938.00000 0.00053
10940.00000 0.00047
10942.00000 0.00054
10944.00000 0.00053
10946.00000 0.00048
10948.00000 0.0004
10950.00000 0.00048
10952.00000 0.00056
10954.00000 0.00051
10956.00000 0.00054
10958.00000 0.00046
10960.00000 0.00051
10962.00000 0.00045
10964.00000 0.00052
10966.00000 0.00045
10968.00000 0.00046
10970.00000 0.00044
10972.00000 0.00051
10974.00000 0.00049
10976.00000 0.00043
10978.00000 0.00049
10980.00000 0.00054
10982.00000 0.00045
10984.00000 0.00052
10986.00000 0.00046
10988.00000 0.00054
10990.00000 0.00047
10992.00000 0.0005
10994.00000 0.00048
10996.00000 0.0005
10998.00000 0.00042
11000.00000 0.00044
12100.00000 0.0
