threeML/data/optical_filters/OSN/Johnson-B.ecsv
# %ECSV 0.9
# ---
# datatype:
# - {name: wavelength, unit: Angstrom, datatype: float32}
# - {name: response, datatype: float32}
# meta: !!omap
# - {band_name: B}
# - {group_name: Johnson}
wavelength response
3108.60010 0.0
3454.00000 4e-05
3456.00000 5e-05
3458.00000 5e-05
3460.00000 7e-05
3462.00000 8e-05
3464.00000 9e-05
3466.00000 0.00011
3468.00000 0.00013
3470.00000 0.00016
3472.00000 0.00019
3474.00000 0.00022
3476.00000 0.00026
3478.00000 0.00028
3480.00000 0.00034
3482.00000 0.00039
3484.00000 0.00048
3486.00000 0.00053
3488.00000 0.00061
3490.00000 0.00068
3492.00000 0.0008
3494.00000 0.0009
3496.00000 0.001
3498.00000 0.00109
3500.00000 0.00129
3502.00000 0.00146
3504.00000 0.00162
3506.00000 0.00183
3508.00000 0.00205
3510.00000 0.00226
3512.00000 0.00255
3514.00000 0.00279
3516.00000 0.00312
3518.00000 0.00342
3520.00000 0.0038
3522.00000 0.00416
3524.00000 0.0046
3526.00000 0.00504
3528.00000 0.00547
3530.00000 0.006
3532.00000 0.00649
3534.00000 0.00707
3536.00000 0.00772
3538.00000 0.00838
3540.00000 0.00907
3542.00000 0.00975
3544.00000 0.01052
3546.00000 0.01129
3548.00000 0.0122
3550.00000 0.01313
3552.00000 0.01403
3554.00000 0.01504
3556.00000 0.01609
3558.00000 0.01717
3560.00000 0.01827
3562.00000 0.01943
3564.00000 0.02073
3566.00000 0.02195
3568.00000 0.0233
3570.00000 0.02465
3572.00000 0.02597
3574.00000 0.02742
3576.00000 0.02899
3578.00000 0.0306
3580.00000 0.03222
3582.00000 0.03382
3584.00000 0.03553
3586.00000 0.03724
3588.00000 0.03913
3590.00000 0.04093
3592.00000 0.04287
3594.00000 0.04468
3596.00000 0.04662
3598.00000 0.0486
3600.00000 0.05075
3602.00000 0.05277
3604.00000 0.055
3606.00000 0.05709
3608.00000 0.0592
3610.00000 0.06148
3612.00000 0.06376
3614.00000 0.06613
3616.00000 0.06855
3618.00000 0.07088
3620.00000 0.07335
3622.00000 0.07572
3624.00000 0.07811
3626.00000 0.0807
3628.00000 0.08322
3630.00000 0.08574
3632.00000 0.08846
3634.00000 0.09102
3636.00000 0.0938
3638.00000 0.0962
3640.00000 0.09889
3642.00000 0.10154
3644.00000 0.1045
3646.00000 0.10702
3648.00000 0.10978
3650.00000 0.11268
3652.00000 0.11534
3654.00000 0.11794
3656.00000 0.12106
3658.00000 0.12377
3660.00000 0.12669
3662.00000 0.12962
3664.00000 0.1323
3666.00000 0.1353
3668.00000 0.13809
3670.00000 0.1411
3672.00000 0.144
3674.00000 0.14689
3676.00000 0.14973
3678.00000 0.15282
3680.00000 0.15573
3682.00000 0.15879
3684.00000 0.16162
3686.00000 0.16448
3688.00000 0.16756
3690.00000 0.17036
3692.00000 0.17301
3694.00000 0.17594
3696.00000 0.17885
3698.00000 0.18183
3700.00000 0.18457
3702.00000 0.1875
3704.00000 0.19028
3706.00000 0.19306
3708.00000 0.19607
3710.00000 0.19892
3712.00000 0.20177
3714.00000 0.20461
3716.00000 0.20725
3718.00000 0.21012
3720.00000 0.21295
3722.00000 0.21565
3724.00000 0.21854
3726.00000 0.22118
3728.00000 0.22364
3730.00000 0.22663
3732.00000 0.22927
3734.00000 0.23215
3736.00000 0.2348
3738.00000 0.23756
3740.00000 0.23995
3742.00000 0.24293
3744.00000 0.24554
3746.00000 0.24809
3748.00000 0.25075
3750.00000 0.25322
3752.00000 0.25579
3754.00000 0.25837
3756.00000 0.26125
3758.00000 0.26381
3760.00000 0.26647
3762.00000 0.26877
3764.00000 0.27145
3766.00000 0.27371
3768.00000 0.27656
3770.00000 0.27874
3772.00000 0.28127
3774.00000 0.28383
3776.00000 0.28643
3778.00000 0.28862
3780.00000 0.29109
3782.00000 0.29349
3784.00000 0.29598
3786.00000 0.29805
3788.00000 0.30044
3790.00000 0.30282
3792.00000 0.30518
3794.00000 0.30739
3796.00000 0.3099
3798.00000 0.31196
3800.00000 0.31432
3802.00000 0.31683
3804.00000 0.31869
3806.00000 0.32104
3808.00000 0.32336
3810.00000 0.32517
3812.00000 0.32741
3814.00000 0.32971
3816.00000 0.33184
3818.00000 0.33384
3820.00000 0.336
3822.00000 0.33803
3824.00000 0.34014
3826.00000 0.34173
3828.00000 0.34409
3830.00000 0.34617
3832.00000 0.34811
3834.00000 0.35007
3836.00000 0.35194
3838.00000 0.35362
3840.00000 0.35578
3842.00000 0.35759
3844.00000 0.35936
3846.00000 0.36148
3848.00000 0.36348
3850.00000 0.36532
3852.00000 0.36718
3854.00000 0.36896
3856.00000 0.37087
3858.00000 0.37239
3860.00000 0.37438
3862.00000 0.37596
3864.00000 0.37776
3866.00000 0.3795
3868.00000 0.38132
3870.00000 0.38301
3872.00000 0.38453
3874.00000 0.38665
3876.00000 0.38811
3878.00000 0.38968
3880.00000 0.39141
3882.00000 0.393
3884.00000 0.39475
3886.00000 0.39611
3888.00000 0.39764
3890.00000 0.3993
3892.00000 0.40076
3894.00000 0.40237
3896.00000 0.40365
3898.00000 0.40517
3900.00000 0.40686
3902.00000 0.40827
3904.00000 0.40965
3906.00000 0.41103
3908.00000 0.4125
3910.00000 0.41393
3912.00000 0.41528
3914.00000 0.41677
3916.00000 0.41772
3918.00000 0.41912
3920.00000 0.4206
3922.00000 0.42165
3924.00000 0.42265
3926.00000 0.42434
3928.00000 0.42568
3930.00000 0.42665
3932.00000 0.42779
3934.00000 0.42896
3936.00000 0.43018
3938.00000 0.43127
3940.00000 0.43271
3942.00000 0.43373
3944.00000 0.43475
3946.00000 0.43607
3948.00000 0.43704
3950.00000 0.43827
3952.00000 0.43916
3954.00000 0.44015
3956.00000 0.441
3958.00000 0.44233
3960.00000 0.44344
3962.00000 0.44432
3964.00000 0.4453
3966.00000 0.44629
3968.00000 0.44744
3970.00000 0.44876
3972.00000 0.44937
3974.00000 0.45051
3976.00000 0.45164
3978.00000 0.45257
3980.00000 0.45336
3982.00000 0.45439
3984.00000 0.45544
3986.00000 0.45625
3988.00000 0.45731
3990.00000 0.45796
3992.00000 0.45891
3994.00000 0.45991
3996.00000 0.46054
3998.00000 0.46161
4000.00000 0.46267
4002.00000 0.46369
4004.00000 0.46442
4006.00000 0.46524
4008.00000 0.46592
4010.00000 0.46674
4012.00000 0.46764
4014.00000 0.46848
4016.00000 0.46965
4018.00000 0.47053
4020.00000 0.47084
4022.00000 0.47197
4024.00000 0.47249
4026.00000 0.47317
4028.00000 0.47456
4030.00000 0.47511
4032.00000 0.47575
4034.00000 0.47636
4036.00000 0.47748
4038.00000 0.47803
4040.00000 0.47914
4042.00000 0.4799
4044.00000 0.48082
4046.00000 0.48126
4048.00000 0.48205
4050.00000 0.48287
4052.00000 0.48392
4054.00000 0.48443
4056.00000 0.48503
4058.00000 0.48575
4060.00000 0.48617
4062.00000 0.48724
4064.00000 0.48796
4066.00000 0.48822
4068.00000 0.48919
4070.00000 0.48997
4072.00000 0.49037
4074.00000 0.49108
4076.00000 0.4921
4078.00000 0.49264
4080.00000 0.49305
4082.00000 0.49408
4084.00000 0.49454
4086.00000 0.49538
4088.00000 0.49581
4090.00000 0.49654
4092.00000 0.49724
4094.00000 0.49784
4096.00000 0.49855
4098.00000 0.499
4100.00000 0.49952
4102.00000 0.50063
4104.00000 0.50087
4106.00000 0.50151
4108.00000 0.50206
4110.00000 0.50253
4112.00000 0.50326
4114.00000 0.50394
4116.00000 0.50451
4118.00000 0.50493
4120.00000 0.50503
4122.00000 0.50551
4124.00000 0.5064
4126.00000 0.50671
4128.00000 0.50762
4130.00000 0.50787
4132.00000 0.50823
4134.00000 0.50847
4136.00000 0.50916
4138.00000 0.50983
4140.00000 0.51007
4142.00000 0.51053
4144.00000 0.51096
4146.00000 0.51147
4148.00000 0.51198
4150.00000 0.5122
4152.00000 0.51312
4154.00000 0.51307
4156.00000 0.51376
4158.00000 0.514
4160.00000 0.51448
4162.00000 0.5147
4164.00000 0.51495
4166.00000 0.51568
4168.00000 0.51609
4170.00000 0.51633
4172.00000 0.51693
4174.00000 0.51693
4176.00000 0.5175
4178.00000 0.51797
4180.00000 0.51837
4182.00000 0.51888
4184.00000 0.51919
4186.00000 0.51954
4188.00000 0.51954
4190.00000 0.52035
4192.00000 0.52041
4194.00000 0.52109
4196.00000 0.5213
4198.00000 0.5217
4200.00000 0.52217
4202.00000 0.52254
4204.00000 0.52283
4206.00000 0.52328
4208.00000 0.52348
4210.00000 0.52389
4212.00000 0.52454
4214.00000 0.52498
4216.00000 0.5252
4218.00000 0.52552
4220.00000 0.52552
4222.00000 0.52618
4224.00000 0.52613
4226.00000 0.52693
4228.00000 0.52677
4230.00000 0.52705
4232.00000 0.52777
4234.00000 0.52776
4236.00000 0.52829
4238.00000 0.52829
4240.00000 0.52894
4242.00000 0.5292
4244.00000 0.52931
4246.00000 0.52939
4248.00000 0.53012
4250.00000 0.53048
4252.00000 0.53093
4254.00000 0.53089
4256.00000 0.53158
4258.00000 0.53159
4260.00000 0.53207
4262.00000 0.53249
4264.00000 0.5327
4266.00000 0.53285
4268.00000 0.53362
4270.00000 0.53386
4272.00000 0.5339
4274.00000 0.53458
4276.00000 0.53484
4278.00000 0.53524
4280.00000 0.5354
4282.00000 0.53577
4284.00000 0.5362
4286.00000 0.53648
4288.00000 0.53667
4290.00000 0.53716
4292.00000 0.53763
4294.00000 0.53824
4296.00000 0.53839
4298.00000 0.53851
4300.00000 0.53887
4302.00000 0.53931
4304.00000 0.53939
4306.00000 0.53997
4308.00000 0.54027
4310.00000 0.54062
4312.00000 0.54075
4314.00000 0.54087
4316.00000 0.54122
4318.00000 0.54163
4320.00000 0.54182
4322.00000 0.54195
4324.00000 0.54206
4326.00000 0.54254
4328.00000 0.54257
4330.00000 0.54268
4332.00000 0.54301
4334.00000 0.5431
4336.00000 0.54341
4338.00000 0.54353
4340.00000 0.54365
4342.00000 0.54396
4344.00000 0.54427
4346.00000 0.54436
4348.00000 0.54455
4350.00000 0.54458
4352.00000 0.54485
4354.00000 0.54507
4356.00000 0.54484
4358.00000 0.54537
4360.00000 0.54556
4362.00000 0.54559
4364.00000 0.54578
4366.00000 0.54592
4368.00000 0.54612
4370.00000 0.54605
4372.00000 0.54635
4374.00000 0.54643
4376.00000 0.54671
4378.00000 0.54686
4380.00000 0.54698
4382.00000 0.54705
4384.00000 0.5471
4386.00000 0.54757
4388.00000 0.54776
4390.00000 0.54797
4392.00000 0.54842
4394.00000 0.548
4396.00000 0.54816
4398.00000 0.54817
4400.00000 0.54834
4402.00000 0.54873
4404.00000 0.54847
4406.00000 0.54863
4408.00000 0.54887
4410.00000 0.54881
4412.00000 0.54885
4414.00000 0.54906
4416.00000 0.54925
4418.00000 0.54924
4420.00000 0.5492
4422.00000 0.54909
4424.00000 0.54944
4426.00000 0.54928
4428.00000 0.54957
4430.00000 0.54955
4432.00000 0.54953
4434.00000 0.5495
4436.00000 0.54942
4438.00000 0.54941
4440.00000 0.54944
4442.00000 0.54938
4444.00000 0.5493
4446.00000 0.54931
4448.00000 0.54915
4450.00000 0.54903
4452.00000 0.54881
4454.00000 0.54851
4456.00000 0.54868
4458.00000 0.54855
4460.00000 0.54859
4462.00000 0.54827
4464.00000 0.54807
4466.00000 0.54781
4468.00000 0.5476
4470.00000 0.54712
4472.00000 0.5471
4474.00000 0.54687
4476.00000 0.54643
4478.00000 0.54626
4480.00000 0.54598
4482.00000 0.54558
4484.00000 0.54548
4486.00000 0.54498
4488.00000 0.54444
4490.00000 0.54423
4492.00000 0.5437
4494.00000 0.54366
4496.00000 0.54297
4498.00000 0.54262
4500.00000 0.54239
4502.00000 0.5418
4504.00000 0.54152
4506.00000 0.54122
4508.00000 0.54076
4510.00000 0.54036
4512.00000 0.53987
4514.00000 0.53951
4516.00000 0.53905
4518.00000 0.53851
4520.00000 0.53843
4522.00000 0.5379
4524.00000 0.53731
4526.00000 0.53691
4528.00000 0.53672
4530.00000 0.5361
4532.00000 0.53585
4534.00000 0.53519
4536.00000 0.535
4538.00000 0.53448
4540.00000 0.53379
4542.00000 0.53368
4544.00000 0.53285
4546.00000 0.53247
4548.00000 0.53191
4550.00000 0.53144
4552.00000 0.53101
4554.00000 0.5305
4556.00000 0.52997
4558.00000 0.5293
4560.00000 0.52872
4562.00000 0.52812
4564.00000 0.52762
4566.00000 0.52699
4568.00000 0.52636
4570.00000 0.52598
4572.00000 0.52543
4574.00000 0.52479
4576.00000 0.52429
4578.00000 0.52353
4580.00000 0.52292
4582.00000 0.52209
4584.00000 0.52158
4586.00000 0.52109
4588.00000 0.52003
4590.00000 0.5196
4592.00000 0.51877
4594.00000 0.51808
4596.00000 0.51726
4598.00000 0.51683
4600.00000 0.51602
4602.00000 0.51517
4604.00000 0.51445
4606.00000 0.51377
4608.00000 0.51305
4610.00000 0.51206
4612.00000 0.51128
4614.00000 0.51072
4616.00000 0.50973
4618.00000 0.50901
4620.00000 0.508
4622.00000 0.50721
4624.00000 0.50624
4626.00000 0.5055
4628.00000 0.50439
4630.00000 0.50365
4632.00000 0.50256
4634.00000 0.50137
4636.00000 0.50061
4638.00000 0.49942
4640.00000 0.49857
4642.00000 0.49752
4644.00000 0.49627
4646.00000 0.4952
4648.00000 0.49415
4650.00000 0.49306
4652.00000 0.49173
4654.00000 0.49089
4656.00000 0.48939
4658.00000 0.48819
4660.00000 0.48671
4662.00000 0.48558
4664.00000 0.48415
4666.00000 0.48285
4668.00000 0.48156
4670.00000 0.48007
4672.00000 0.47857
4674.00000 0.47705
4676.00000 0.47577
4678.00000 0.47407
4680.00000 0.47275
4682.00000 0.47129
4684.00000 0.46942
4686.00000 0.4677
4688.00000 0.4661
4690.00000 0.4645
4692.00000 0.46294
4694.00000 0.46107
4696.00000 0.45942
4698.00000 0.45751
4700.00000 0.45577
4702.00000 0.45411
4704.00000 0.4523
4706.00000 0.45061
4708.00000 0.44874
4710.00000 0.44678
4712.00000 0.44506
4714.00000 0.44303
4716.00000 0.44127
4718.00000 0.4394
4720.00000 0.43739
4722.00000 0.43552
4724.00000 0.43354
4726.00000 0.43149
4728.00000 0.42992
4730.00000 0.42761
4732.00000 0.42569
4734.00000 0.42356
4736.00000 0.42158
4738.00000 0.41967
4740.00000 0.41745
4742.00000 0.41552
4744.00000 0.41363
4746.00000 0.41158
4748.00000 0.40955
4750.00000 0.4076
4752.00000 0.40546
4754.00000 0.40338
4756.00000 0.40118
4758.00000 0.39923
4760.00000 0.39713
4762.00000 0.39505
4764.00000 0.39275
4766.00000 0.39078
4768.00000 0.38878
4770.00000 0.3867
4772.00000 0.38464
4774.00000 0.38235
4776.00000 0.37998
4778.00000 0.37793
4780.00000 0.37589
4782.00000 0.37345
4784.00000 0.37147
4786.00000 0.36935
4788.00000 0.36717
4790.00000 0.36475
4792.00000 0.36255
4794.00000 0.36036
4796.00000 0.35803
4798.00000 0.35599
4800.00000 0.35344
4802.00000 0.35143
4804.00000 0.34886
4806.00000 0.34686
4808.00000 0.34451
4810.00000 0.34221
4812.00000 0.33992
4814.00000 0.33762
4816.00000 0.33537
4818.00000 0.33301
4820.00000 0.33073
4822.00000 0.32828
4824.00000 0.32607
4826.00000 0.32367
4828.00000 0.32142
4830.00000 0.31893
4832.00000 0.31646
4834.00000 0.31428
4836.00000 0.31183
4838.00000 0.30977
4840.00000 0.30738
4842.00000 0.30509
4844.00000 0.30279
4846.00000 0.30048
4848.00000 0.29803
4850.00000 0.29584
4852.00000 0.29348
4854.00000 0.29123
4856.00000 0.28885
4858.00000 0.28666
4860.00000 0.28442
4862.00000 0.28212
4864.00000 0.27989
4866.00000 0.27772
4868.00000 0.27539
4870.00000 0.27317
4872.00000 0.27122
4874.00000 0.26889
4876.00000 0.26671
4878.00000 0.26465
4880.00000 0.26245
4882.00000 0.26028
4884.00000 0.25833
4886.00000 0.25608
4888.00000 0.25398
4890.00000 0.25203
4892.00000 0.25
4894.00000 0.24778
4896.00000 0.24591
4898.00000 0.2439
4900.00000 0.24183
4902.00000 0.23984
4904.00000 0.23799
4906.00000 0.23591
4908.00000 0.23386
4910.00000 0.23202
4912.00000 0.23017
4914.00000 0.22824
4916.00000 0.22648
4918.00000 0.22475
4920.00000 0.22275
4922.00000 0.221
4924.00000 0.21907
4926.00000 0.21737
4928.00000 0.21552
4930.00000 0.21371
4932.00000 0.21195
4934.00000 0.21034
4936.00000 0.20851
4938.00000 0.20674
4940.00000 0.20512
4942.00000 0.2035
4944.00000 0.20194
4946.00000 0.20014
4948.00000 0.1986
4950.00000 0.19704
4952.00000 0.19542
4954.00000 0.19384
4956.00000 0.19226
4958.00000 0.19078
4960.00000 0.18933
4962.00000 0.18787
4964.00000 0.18642
4966.00000 0.18495
4968.00000 0.18353
4970.00000 0.18221
4972.00000 0.18077
4974.00000 0.17932
4976.00000 0.17803
4978.00000 0.17656
4980.00000 0.17537
4982.00000 0.17389
4984.00000 0.1727
4986.00000 0.17131
4988.00000 0.17008
4990.00000 0.16866
4992.00000 0.16739
4994.00000 0.1661
4996.00000 0.16471
4998.00000 0.16332
5000.00000 0.16203
5002.00000 0.16076
5004.00000 0.15941
5006.00000 0.15799
5008.00000 0.15667
5010.00000 0.15513
5012.00000 0.1538
5014.00000 0.15239
5016.00000 0.15091
5018.00000 0.14945
5020.00000 0.14805
5022.00000 0.14655
5024.00000 0.14504
5026.00000 0.14355
5028.00000 0.14215
5030.00000 0.14047
5032.00000 0.13887
5034.00000 0.13734
5036.00000 0.13579
5038.00000 0.13424
5040.00000 0.1326
5042.00000 0.13106
5044.00000 0.12951
5046.00000 0.12782
5048.00000 0.12644
5050.00000 0.12471
5052.00000 0.1232
5054.00000 0.12155
5056.00000 0.11996
5058.00000 0.11846
5060.00000 0.11688
5062.00000 0.11524
5064.00000 0.11375
5066.00000 0.11223
5068.00000 0.11073
5070.00000 0.10924
5072.00000 0.10778
5074.00000 0.10626
5076.00000 0.10483
5078.00000 0.10349
5080.00000 0.102
5082.00000 0.10063
5084.00000 0.09926
5086.00000 0.09799
5088.00000 0.0966
5090.00000 0.09531
5092.00000 0.09408
5094.00000 0.09283
5096.00000 0.09162
5098.00000 0.09035
5100.00000 0.08927
5102.00000 0.08801
5104.00000 0.08688
5106.00000 0.08578
5108.00000 0.08468
5110.00000 0.08356
5112.00000 0.08254
5114.00000 0.08145
5116.00000 0.0804
5118.00000 0.07932
5120.00000 0.07837
5122.00000 0.0773
5124.00000 0.07623
5126.00000 0.07529
5128.00000 0.07434
5130.00000 0.0733
5132.00000 0.07231
5134.00000 0.07139
5136.00000 0.07047
5138.00000 0.06951
5140.00000 0.06861
5142.00000 0.06767
5144.00000 0.06667
5146.00000 0.06574
