threeML/data/optical_filters/OSN/Johnson-Cousins_R2.ecsv
# %ECSV 0.9
# ---
# datatype:
# - {name: wavelength, unit: Angstrom, datatype: float32}
# - {name: response, datatype: float32}
# meta: !!omap
# - {band_name: Cousins_R2}
# - {group_name: Johnson}
wavelength response
4944.60010 0.0
5494.00000 4e-05
5496.00000 4e-05
5498.00000 5e-05
5500.00000 6e-05
5502.00000 7e-05
5504.00000 7e-05
5506.00000 9e-05
5508.00000 0.0001
5510.00000 0.00012
5512.00000 0.00014
5514.00000 0.00016
5516.00000 0.00018
5518.00000 0.00021
5520.00000 0.00024
5522.00000 0.00028
5524.00000 0.00032
5526.00000 0.00036
5528.00000 0.00042
5530.00000 0.00049
5532.00000 0.00057
5534.00000 0.00065
5536.00000 0.00075
5538.00000 0.00086
5540.00000 0.00098
5542.00000 0.00113
5544.00000 0.0013
5546.00000 0.00149
5548.00000 0.00171
5550.00000 0.00195
5552.00000 0.00222
5554.00000 0.00252
5556.00000 0.00288
5558.00000 0.0033
5560.00000 0.00375
5562.00000 0.00424
5564.00000 0.0048
5566.00000 0.00541
5568.00000 0.00611
5570.00000 0.00688
5572.00000 0.00779
5574.00000 0.00875
5576.00000 0.00983
5578.00000 0.01099
5580.00000 0.01234
5582.00000 0.01378
5584.00000 0.0154
5586.00000 0.01712
5588.00000 0.01903
5590.00000 0.02107
5592.00000 0.0233
5594.00000 0.02575
5596.00000 0.02849
5598.00000 0.03134
5600.00000 0.0344
5602.00000 0.03779
5604.00000 0.04122
5606.00000 0.04505
5608.00000 0.04916
5610.00000 0.05357
5612.00000 0.05806
5614.00000 0.06286
5616.00000 0.06785
5618.00000 0.07315
5620.00000 0.07871
5622.00000 0.08477
5624.00000 0.09094
5626.00000 0.09727
5628.00000 0.10417
5630.00000 0.1109
5632.00000 0.11805
5634.00000 0.1255
5636.00000 0.13352
5638.00000 0.14106
5640.00000 0.14919
5642.00000 0.15708
5644.00000 0.16565
5646.00000 0.17441
5648.00000 0.18353
5650.00000 0.19241
5652.00000 0.20176
5654.00000 0.21134
5656.00000 0.22049
5658.00000 0.22975
5660.00000 0.23966
5662.00000 0.2496
5664.00000 0.25964
5666.00000 0.26934
5668.00000 0.27902
5670.00000 0.28894
5672.00000 0.29914
5674.00000 0.30942
5676.00000 0.31951
5678.00000 0.32946
5680.00000 0.33953
5682.00000 0.34956
5684.00000 0.35951
5686.00000 0.36942
5688.00000 0.37958
5690.00000 0.38916
5692.00000 0.39874
5694.00000 0.40828
5696.00000 0.41743
5698.00000 0.42699
5700.00000 0.43659
5702.00000 0.44543
5704.00000 0.45449
5706.00000 0.46376
5708.00000 0.47211
5710.00000 0.48059
5712.00000 0.48932
5714.00000 0.49805
5716.00000 0.50593
5718.00000 0.5141
5720.00000 0.52198
5722.00000 0.52975
5724.00000 0.53737
5726.00000 0.54514
5728.00000 0.55196
5730.00000 0.55946
5732.00000 0.56649
5734.00000 0.57312
5736.00000 0.57989
5738.00000 0.58635
5740.00000 0.59277
5742.00000 0.59881
5744.00000 0.6051
5746.00000 0.61076
5748.00000 0.6166
5750.00000 0.6221
5752.00000 0.62727
5754.00000 0.633
5756.00000 0.63831
5758.00000 0.6431
5760.00000 0.64772
5762.00000 0.65273
5764.00000 0.65747
5766.00000 0.66215
5768.00000 0.66634
5770.00000 0.67084
5772.00000 0.67461
5774.00000 0.67863
5776.00000 0.68246
5778.00000 0.68651
5780.00000 0.69005
5782.00000 0.69352
5784.00000 0.6971
5786.00000 0.70054
5788.00000 0.70359
5790.00000 0.70665
5792.00000 0.71026
5794.00000 0.71293
5796.00000 0.71608
5798.00000 0.71879
5800.00000 0.72148
5802.00000 0.72428
5804.00000 0.72665
5806.00000 0.72933
5808.00000 0.73174
5810.00000 0.73444
5812.00000 0.7367
5814.00000 0.73876
5816.00000 0.74103
5818.00000 0.74313
5820.00000 0.745
5822.00000 0.74705
5824.00000 0.74852
5826.00000 0.7505
5828.00000 0.7523
5830.00000 0.75404
5832.00000 0.75572
5834.00000 0.75702
5836.00000 0.75894
5838.00000 0.76039
5840.00000 0.76193
5842.00000 0.76262
5844.00000 0.76448
5846.00000 0.76583
5848.00000 0.76683
5850.00000 0.76805
5852.00000 0.76927
5854.00000 0.77015
5856.00000 0.77148
5858.00000 0.77235
5860.00000 0.77339
5862.00000 0.77447
5864.00000 0.77538
5866.00000 0.7763
5868.00000 0.77718
5870.00000 0.77785
5872.00000 0.77875
5874.00000 0.77912
5876.00000 0.78014
5878.00000 0.78077
5880.00000 0.78109
5882.00000 0.78214
5884.00000 0.78294
5886.00000 0.78323
5888.00000 0.78407
5890.00000 0.78437
5892.00000 0.78489
5894.00000 0.78561
5896.00000 0.78589
5898.00000 0.78624
5900.00000 0.78687
5902.00000 0.78699
5904.00000 0.78746
5906.00000 0.78797
5908.00000 0.78817
5910.00000 0.78833
5912.00000 0.78894
5914.00000 0.78926
5916.00000 0.78955
5918.00000 0.78957
5920.00000 0.78991
5922.00000 0.79028
5924.00000 0.79054
5926.00000 0.79054
5928.00000 0.79072
5930.00000 0.79085
5932.00000 0.79102
5934.00000 0.79151
5936.00000 0.79166
5938.00000 0.79139
5940.00000 0.79154
5942.00000 0.79148
5944.00000 0.79161
5946.00000 0.79177
5948.00000 0.79185
5950.00000 0.7918
5952.00000 0.79219
5954.00000 0.79201
5956.00000 0.79179
5958.00000 0.79202
5960.00000 0.79202
5962.00000 0.79212
5964.00000 0.79205
5966.00000 0.79185
5968.00000 0.79206
5970.00000 0.79174
5972.00000 0.79197
5974.00000 0.79147
5976.00000 0.79169
5978.00000 0.79141
5980.00000 0.79167
5982.00000 0.79147
5984.00000 0.79109
5986.00000 0.79099
5988.00000 0.79119
5990.00000 0.79077
5992.00000 0.79074
5994.00000 0.79046
5996.00000 0.79045
5998.00000 0.79058
6000.00000 0.79021
6002.00000 0.79004
6004.00000 0.78988
6006.00000 0.78988
6008.00000 0.78973
6010.00000 0.78947
6012.00000 0.78898
6014.00000 0.78868
6016.00000 0.78882
6018.00000 0.78824
6020.00000 0.7883
6022.00000 0.78816
6024.00000 0.78794
6026.00000 0.78753
6028.00000 0.78748
6030.00000 0.78707
6032.00000 0.78692
6034.00000 0.7866
6036.00000 0.78648
6038.00000 0.78624
6040.00000 0.78577
6042.00000 0.7857
6044.00000 0.7854
6046.00000 0.78494
6048.00000 0.78464
6050.00000 0.78446
6052.00000 0.78439
6054.00000 0.78413
6056.00000 0.78343
6058.00000 0.7834
6060.00000 0.783
6062.00000 0.78253
6064.00000 0.78251
6066.00000 0.78216
6068.00000 0.78181
6070.00000 0.78144
6072.00000 0.78111
6074.00000 0.78077
6076.00000 0.78038
6078.00000 0.78007
6080.00000 0.77961
6082.00000 0.77945
6084.00000 0.77896
6086.00000 0.77875
6088.00000 0.77837
6090.00000 0.77806
6092.00000 0.77769
6094.00000 0.77708
6096.00000 0.77683
6098.00000 0.77678
6100.00000 0.77643
6102.00000 0.776
6104.00000 0.77562
6106.00000 0.77522
6108.00000 0.77493
6110.00000 0.77455
6112.00000 0.77422
6114.00000 0.77362
6116.00000 0.7729
6118.00000 0.77282
6120.00000 0.77228
6122.00000 0.7719
6124.00000 0.77158
6126.00000 0.7713
6128.00000 0.77069
6130.00000 0.77054
6132.00000 0.77012
6134.00000 0.76941
6136.00000 0.7691
6138.00000 0.76891
6140.00000 0.76836
6142.00000 0.76785
6144.00000 0.76734
6146.00000 0.76705
6148.00000 0.76629
6150.00000 0.76602
6152.00000 0.7659
6154.00000 0.76499
6156.00000 0.76503
6158.00000 0.76421
6160.00000 0.76394
6162.00000 0.76336
6164.00000 0.76278
6166.00000 0.76191
6168.00000 0.76192
6170.00000 0.76147
6172.00000 0.76117
6174.00000 0.76068
6176.00000 0.76011
6178.00000 0.75977
6180.00000 0.75927
6182.00000 0.75864
6184.00000 0.75789
6186.00000 0.75777
6188.00000 0.75723
6190.00000 0.757
6192.00000 0.75616
6194.00000 0.75564
6196.00000 0.75528
6198.00000 0.75476
6200.00000 0.75454
6202.00000 0.75395
6204.00000 0.75351
6206.00000 0.75312
6208.00000 0.75202
6210.00000 0.75176
6212.00000 0.75144
6214.00000 0.7508
6216.00000 0.75048
6218.00000 0.75009
6220.00000 0.74948
6222.00000 0.74855
6224.00000 0.7481
6226.00000 0.7478
6228.00000 0.7473
6230.00000 0.74657
6232.00000 0.74614
6234.00000 0.74541
6236.00000 0.74511
6238.00000 0.74461
6240.00000 0.74381
6242.00000 0.74359
6244.00000 0.7431
6246.00000 0.74246
6248.00000 0.74178
6250.00000 0.74134
6252.00000 0.74074
6254.00000 0.73979
6256.00000 0.73959
6258.00000 0.73912
6260.00000 0.73856
6262.00000 0.73798
6264.00000 0.73758
6266.00000 0.7367
6268.00000 0.73643
6270.00000 0.73556
6272.00000 0.73501
6274.00000 0.73453
6276.00000 0.73398
6278.00000 0.73318
6280.00000 0.73269
6282.00000 0.7323
6284.00000 0.73175
6286.00000 0.73096
6288.00000 0.73043
6290.00000 0.72978
6292.00000 0.72947
6294.00000 0.72882
6296.00000 0.72833
6298.00000 0.72765
6300.00000 0.72691
6302.00000 0.72636
6304.00000 0.7259
6306.00000 0.72542
6308.00000 0.72485
6310.00000 0.72405
6312.00000 0.72337
6314.00000 0.72292
6316.00000 0.72218
6318.00000 0.72151
6320.00000 0.72116
6322.00000 0.72067
6324.00000 0.71994
6326.00000 0.71944
6328.00000 0.71862
6330.00000 0.71816
6332.00000 0.71752
6334.00000 0.71676
6336.00000 0.71617
6338.00000 0.71573
6340.00000 0.71513
6342.00000 0.71443
6344.00000 0.71375
6346.00000 0.71327
6348.00000 0.71265
6350.00000 0.71219
6352.00000 0.71145
6354.00000 0.71065
6356.00000 0.71007
6358.00000 0.70958
6360.00000 0.70879
6362.00000 0.70837
6364.00000 0.70759
6366.00000 0.70708
6368.00000 0.70634
6370.00000 0.70603
6372.00000 0.70504
6374.00000 0.70459
6376.00000 0.70407
6378.00000 0.70328
6380.00000 0.70264
6382.00000 0.70205
6384.00000 0.70163
6386.00000 0.7007
6388.00000 0.70003
6390.00000 0.69969
6392.00000 0.69881
6394.00000 0.69795
6396.00000 0.69752
6398.00000 0.69691
6400.00000 0.69631
6402.00000 0.69596
6404.00000 0.69499
6406.00000 0.69444
6408.00000 0.69374
6410.00000 0.69316
6412.00000 0.69262
6414.00000 0.69219
6416.00000 0.69127
6418.00000 0.69057
6420.00000 0.68987
6422.00000 0.68938
6424.00000 0.68853
6426.00000 0.68816
6428.00000 0.68724
6430.00000 0.68656
6432.00000 0.68606
6434.00000 0.68554
6436.00000 0.68453
6438.00000 0.68383
6440.00000 0.68343
6442.00000 0.68296
6444.00000 0.68193
6446.00000 0.68138
6448.00000 0.68063
6450.00000 0.68026
6452.00000 0.67931
6454.00000 0.67865
6456.00000 0.6781
6458.00000 0.67767
6460.00000 0.67693
6462.00000 0.67605
6464.00000 0.6755
6466.00000 0.67456
6468.00000 0.67402
6470.00000 0.6734
6472.00000 0.67277
6474.00000 0.67186
6476.00000 0.67128
6478.00000 0.67081
6480.00000 0.67004
6482.00000 0.66934
6484.00000 0.66861
6486.00000 0.66788
6488.00000 0.66715
6490.00000 0.6665
6492.00000 0.66579
6494.00000 0.66515
6496.00000 0.66445
6498.00000 0.66378
6500.00000 0.66311
6502.00000 0.6624
6504.00000 0.66168
6506.00000 0.66102
6508.00000 0.66013
6510.00000 0.6595
6512.00000 0.65897
6514.00000 0.65833
6516.00000 0.6577
6518.00000 0.65698
6520.00000 0.65643
6522.00000 0.65564
6524.00000 0.65483
6526.00000 0.65424
6528.00000 0.65351
6530.00000 0.65273
6532.00000 0.6519
6534.00000 0.65112
6536.00000 0.6506
6538.00000 0.64988
6540.00000 0.64912
6542.00000 0.6487
6544.00000 0.64817
6546.00000 0.64714
6548.00000 0.64651
6550.00000 0.64589
6552.00000 0.64516
6554.00000 0.64466
6556.00000 0.64389
6558.00000 0.64322
6560.00000 0.64225
6562.00000 0.6416
6564.00000 0.64108
6566.00000 0.64047
6568.00000 0.63941
6570.00000 0.63885
6572.00000 0.63817
6574.00000 0.63742
6576.00000 0.63665
6578.00000 0.63623
6580.00000 0.63572
6582.00000 0.63457
6584.00000 0.63391
6586.00000 0.63318
6588.00000 0.6325
6590.00000 0.63184
6592.00000 0.63097
6594.00000 0.63043
6596.00000 0.62983
6598.00000 0.6291
6600.00000 0.62826
6602.00000 0.62761
6604.00000 0.62671
6606.00000 0.62567
6608.00000 0.62524
6610.00000 0.62468
6612.00000 0.62406
6614.00000 0.62334
6616.00000 0.62244
6618.00000 0.62175
6620.00000 0.62124
6622.00000 0.62041
6624.00000 0.61963
6626.00000 0.61879
6628.00000 0.61836
6630.00000 0.61781
6632.00000 0.6168
6634.00000 0.61594
6636.00000 0.61546
6638.00000 0.61507
6640.00000 0.6141
6642.00000 0.61361
6644.00000 0.61257
6646.00000 0.61178
6648.00000 0.61102
6650.00000 0.61023
6652.00000 0.60963
6654.00000 0.60931
6656.00000 0.60845
6658.00000 0.60749
6660.00000 0.60681
6662.00000 0.60599
6664.00000 0.6051
6666.00000 0.60448
6668.00000 0.60411
6670.00000 0.60317
6672.00000 0.60238
6674.00000 0.60187
6676.00000 0.60128
6678.00000 0.60029
6680.00000 0.59963
6682.00000 0.59893
6684.00000 0.59804
6686.00000 0.5973
6688.00000 0.5966
6690.00000 0.59587
6692.00000 0.59506
6694.00000 0.59418
6696.00000 0.59369
6698.00000 0.59276
6700.00000 0.59221
6702.00000 0.5911
6704.00000 0.59043
6706.00000 0.58994
6708.00000 0.58914
6710.00000 0.58849
6712.00000 0.58779
6714.00000 0.58705
6716.00000 0.58615
6718.00000 0.58527
6720.00000 0.58451
6722.00000 0.5837
6724.00000 0.58311
6726.00000 0.58251
6728.00000 0.58175
6730.00000 0.58087
6732.00000 0.58004
6734.00000 0.57939
6736.00000 0.57858
6738.00000 0.57799
6740.00000 0.57715
6742.00000 0.57642
6744.00000 0.57553
6746.00000 0.57466
6748.00000 0.574
6750.00000 0.57324
6752.00000 0.57269
6754.00000 0.57159
6756.00000 0.57072
6758.00000 0.57016
6760.00000 0.56931
6762.00000 0.56844
6764.00000 0.56776
6766.00000 0.56662
6768.00000 0.56619
6770.00000 0.56539
6772.00000 0.56439
6774.00000 0.56347
6776.00000 0.56295
6778.00000 0.56194
6780.00000 0.56098
6782.00000 0.56012
6784.00000 0.55922
6786.00000 0.55875
6788.00000 0.55783
6790.00000 0.55685
6792.00000 0.55611
6794.00000 0.55501
6796.00000 0.55446
6798.00000 0.55356
6800.00000 0.55263
6802.00000 0.55191
6804.00000 0.55103
6806.00000 0.5502
6808.00000 0.54923
6810.00000 0.54857
6812.00000 0.54763
6814.00000 0.54685
6816.00000 0.5459
6818.00000 0.54494
6820.00000 0.54408
6822.00000 0.5431
6824.00000 0.54255
6826.00000 0.54159
6828.00000 0.54048
6830.00000 0.54002
6832.00000 0.53903
6834.00000 0.53799
6836.00000 0.53724
6838.00000 0.53641
6840.00000 0.53567
6842.00000 0.53488
6844.00000 0.5337
6846.00000 0.53293
6848.00000 0.53236
6850.00000 0.53137
6852.00000 0.53026
6854.00000 0.5295
6856.00000 0.5286
6858.00000 0.52759
6860.00000 0.52718
6862.00000 0.52579
6864.00000 0.52517
6866.00000 0.52446
6868.00000 0.52361
6870.00000 0.52273
6872.00000 0.52175
6874.00000 0.52107
6876.00000 0.51997
6878.00000 0.51931
6880.00000 0.51822
6882.00000 0.51779
6884.00000 0.51672
6886.00000 0.51568
6888.00000 0.51485
6890.00000 0.51394
6892.00000 0.51296
6894.00000 0.51229
6896.00000 0.51149
6898.00000 0.51051
6900.00000 0.50958
6902.00000 0.50889
6904.00000 0.50757
6906.00000 0.50698
6908.00000 0.50606
6910.00000 0.50495
6912.00000 0.50408
6914.00000 0.50377
6916.00000 0.5026
6918.00000 0.5018
6920.00000 0.50053
6922.00000 0.49958
6924.00000 0.49906
6926.00000 0.49816
6928.00000 0.49729
6930.00000 0.49626
6932.00000 0.49587
6934.00000 0.49446
6936.00000 0.49385
6938.00000 0.49278
6940.00000 0.49188
6942.00000 0.49092
6944.00000 0.49014
6946.00000 0.48963
6948.00000 0.48835
6950.00000 0.48759
6952.00000 0.48674
6954.00000 0.48588
6956.00000 0.48487
6958.00000 0.48387
6960.00000 0.48312
6962.00000 0.4824
6964.00000 0.48161
6966.00000 0.48063
6968.00000 0.47987
6970.00000 0.47877
6972.00000 0.47794
6974.00000 0.47678
6976.00000 0.47608
6978.00000 0.47528
6980.00000 0.47446
6982.00000 0.47323
6984.00000 0.4726
6986.00000 0.47163
6988.00000 0.47069
6990.00000 0.47008
6992.00000 0.46907
6994.00000 0.46829
6996.00000 0.46712
6998.00000 0.46625
7000.00000 0.46529
7002.00000 0.46469
7004.00000 0.46389
7006.00000 0.46261
7008.00000 0.46195
7010.00000 0.46103
7012.00000 0.46045
7014.00000 0.45937
7016.00000 0.45842
7018.00000 0.45768
7020.00000 0.45666
7022.00000 0.45573
7024.00000 0.4548
7026.00000 0.45413
7028.00000 0.45325
7030.00000 0.45237
7032.00000 0.45142
7034.00000 0.45063
7036.00000 0.44937
7038.00000 0.44874
7040.00000 0.44758
7042.00000 0.44702
7044.00000 0.44601
7046.00000 0.44538
7048.00000 0.4443
7050.00000 0.44335
7052.00000 0.44251
7054.00000 0.44193
7056.00000 0.44047
7058.00000 0.44009
7060.00000 0.43907
7062.00000 0.43819
7064.00000 0.43746
7066.00000 0.43648
7068.00000 0.43542
7070.00000 0.43463
7072.00000 0.43414
7074.00000 0.43311
7076.00000 0.43265
7078.00000 0.43132
7080.00000 0.43036
7082.00000 0.42972
7084.00000 0.42865
7086.00000 0.42767
7088.00000 0.42679
7090.00000 0.42613
7092.00000 0.42512
7094.00000 0.42396
7096.00000 0.42343
7098.00000 0.42266
7100.00000 0.42181
7102.00000 0.42116
7104.00000 0.4203
7106.00000 0.41916
7108.00000 0.41843
7110.00000 0.41746
7112.00000 0.4167
7114.00000 0.41568
7116.00000 0.41458
7118.00000 0.41402
7120.00000 0.41315
7122.00000 0.41247
7124.00000 0.41195
7126.00000 0.41066
7128.00000 0.40976
7130.00000 0.40873
7132.00000 0.4078
7134.00000 0.40725
7136.00000 0.40607
7138.00000 0.40577
7140.00000 0.40449
7142.00000 0.4032
7144.00000 0.4026
7146.00000 0.40181
7148.00000 0.40083
7150.00000 0.40025
7152.00000 0.39955
7154.00000 0.39845
7156.00000 0.39798
7158.00000 0.39651
7160.00000 0.3961
7162.00000 0.39523
7164.00000 0.39418
7166.00000 0.39369
7168.00000 0.39247
7170.00000 0.39171
7172.00000 0.39078
7174.00000 0.39051
7176.00000 0.38901
7178.00000 0.38805
7180.00000 0.38744
7182.00000 0.38663
7184.00000 0.38566
