threeML/data/optical_filters/OSN/Johnson-Cousins_I1.ecsv
# %ECSV 0.9
# ---
# datatype:
# - {name: wavelength, unit: Angstrom, datatype: float32}
# - {name: response, datatype: float32}
# meta: !!omap
# - {band_name: Cousins_I1}
# - {group_name: Johnson}
wavelength response
[from data line 3296]
13518.00000 0.00067
13520.00000 0.00068
13522.00000 0.00065
13524.00000 0.00063
13526.00000 0.00072
13528.00000 0.00066
13530.00000 0.00069
13532.00000 0.00067
13534.00000 0.00073
13536.00000 0.00069
13538.00000 0.0007
13540.00000 0.00066
13542.00000 0.0007
13544.00000 0.00063
13546.00000 0.00073
13548.00000 0.00072
13550.00000 0.0007
13552.00000 0.00068
13554.00000 0.00071
13556.00000 0.00068
13558.00000 0.00071
13560.00000 0.0007
13562.00000 0.00065
13564.00000 0.00072
13566.00000 0.00076
13568.00000 0.00065
13570.00000 0.00073
13572.00000 0.00065
13574.00000 0.00072
13576.00000 0.00074
13578.00000 0.00076
13580.00000 0.00073
13582.00000 0.00069
13584.00000 0.00064
13586.00000 0.00077
13588.00000 0.00073
13590.00000 0.00072
13592.00000 0.0007
13594.00000 0.00066
13596.00000 0.00071
13598.00000 0.00074
13600.00000 0.00075
13602.00000 0.00075
13604.00000 0.00069
13606.00000 0.00077
13608.00000 0.00073
13610.00000 0.0008
13612.00000 0.00072
13614.00000 0.00077
13616.00000 0.00075
13618.00000 0.00072
13620.00000 0.00073
13622.00000 0.00068
13624.00000 0.00078
13626.00000 0.00072
13628.00000 0.00072
13630.00000 0.0007
13632.00000 0.00075
13634.00000 0.00073
13636.00000 0.00072
13638.00000 0.00076
13640.00000 0.00074
13642.00000 0.00075
13644.00000 0.00071
13646.00000 0.00078
13648.00000 0.00074
13650.00000 0.00075
13652.00000 0.00076
13654.00000 0.0007
13656.00000 0.00077
13658.00000 0.0008
13660.00000 0.00077
13662.00000 0.0007
13664.00000 0.00079
13666.00000 0.00067
13668.00000 0.00071
13670.00000 0.00072
13672.00000 0.00079
13674.00000 0.00078
13676.00000 0.00074
13678.00000 0.00079
13680.00000 0.00074
13682.00000 0.00073
13684.00000 0.00076
13686.00000 0.00068
13688.00000 0.00078
13690.00000 0.00072
13692.00000 0.00078
13694.00000 0.00075
13696.00000 0.0007
13698.00000 0.00075
13700.00000 0.00073
13702.00000 0.00071
13704.00000 0.00079
13706.00000 0.0008
13708.00000 0.00074
13710.00000 0.00077
13712.00000 0.00075
13714.00000 0.0008
13716.00000 0.00073
13718.00000 0.00075
13720.00000 0.00072
13722.00000 0.00075
13724.00000 0.00082
13726.00000 0.00078
13728.00000 0.00073
13730.00000 0.00078
13732.00000 0.00075
13734.00000 0.00075
13736.00000 0.00073
13738.00000 0.00078
13740.00000 0.00078
13742.00000 0.00083
13744.00000 0.00075
13746.00000 0.00081
13748.00000 0.00072
13750.00000 0.00078
13752.00000 0.00076
13754.00000 0.00069
13756.00000 0.00078
13758.00000 0.00074
13760.00000 0.00075
13762.00000 0.00077
13764.00000 0.00076
13766.00000 0.00079
13768.00000 0.00078
13770.00000 0.00078
13772.00000 0.00078
13774.00000 0.00075
13776.00000 0.00075
13778.00000 0.00073
13780.00000 0.00078
13782.00000 0.00075
13784.00000 0.00078
13786.00000 0.00074
13788.00000 0.00076
13790.00000 0.00076
13792.00000 0.00076
13794.00000 0.00076
13796.00000 0.00079
13798.00000 0.00071
13800.00000 0.00075
13802.00000 0.00071
13804.00000 0.00075
13806.00000 0.00075
13808.00000 0.00074
13810.00000 0.00079
13812.00000 0.00072
13814.00000 0.00075
13816.00000 0.00076
13818.00000 0.00079
13820.00000 0.00071
13822.00000 0.00081
13824.00000 0.00077
13826.00000 0.00075
13828.00000 0.0007
13830.00000 0.00076
13832.00000 0.00073
13834.00000 0.00076
13836.00000 0.00078
13838.00000 0.00075
13840.00000 0.00074
13842.00000 0.00075
13844.00000 0.00082
13846.00000 0.00076
13848.00000 0.00078
13850.00000 0.00086
13852.00000 0.00082
13854.00000 0.00079
13856.00000 0.00076
13858.00000 0.00082
13860.00000 0.00078
13862.00000 0.0008
13864.00000 0.00079
13866.00000 0.00079
13868.00000 0.00076
13870.00000 0.00075
13872.00000 0.00076
13874.00000 0.00071
13876.00000 0.00076
13878.00000 0.00081
13880.00000 0.00068
13882.00000 0.00079
13884.00000 0.0008
13886.00000 0.00072
13888.00000 0.00079
13890.00000 0.00077
13892.00000 0.00076
13894.00000 0.00075
13896.00000 0.00081
13898.00000 0.00071
13900.00000 0.00072
13902.00000 0.00073
13904.00000 0.00072
13906.00000 0.00082
13908.00000 0.00077
13910.00000 0.00072
13912.00000 0.00071
13914.00000 0.00074
13916.00000 0.00076
13918.00000 0.0008
13920.00000 0.00072
13922.00000 0.00078
13924.00000 0.00069
13926.00000 0.00075
13928.00000 0.00074
13930.00000 0.00071
13932.00000 0.00073
13934.00000 0.00076
13936.00000 0.00073
13938.00000 0.00073
13940.00000 0.00075
13942.00000 0.0008
13944.00000 0.00074
13946.00000 0.00077
13948.00000 0.00073
13950.00000 0.00073
13952.00000 0.0008
13954.00000 0.0008
13956.00000 0.00071
13958.00000 0.00072
13960.00000 0.00074
13962.00000 0.00068
13964.00000 0.00077
13966.00000 0.00073
13968.00000 0.00075
13970.00000 0.00073
13972.00000 0.00074
13974.00000 0.00071
13976.00000 0.00071
13978.00000 0.00072
13980.00000 0.00078
13982.00000 0.00067
13984.00000 0.00076
13986.00000 0.00073
13988.00000 0.00078
13990.00000 0.00078
13992.00000 0.00067
13994.00000 0.00071
13996.00000 0.00072
13998.00000 0.00072
14000.00000 0.00075
15400.00000 0.0
