threeML/data/optical_filters/OSN/Johnson-Cousins_I2.ecsv
# %ECSV 0.9
# ---
# datatype:
# - {name: wavelength, unit: Angstrom, datatype: float32}
# - {name: response, datatype: float32}
# meta: !!omap
# - {band_name: Cousins_I2}
# - {group_name: Johnson}
wavelength response
[from data line 3298]
13526.00000 0.00048
13528.00000 0.00046
13530.00000 0.00049
13532.00000 0.00047
13534.00000 0.00048
13536.00000 0.00047
13538.00000 0.00045
13540.00000 0.00047
13542.00000 0.00048
13544.00000 0.00048
13546.00000 0.00047
13548.00000 0.00044
13550.00000 0.00047
13552.00000 0.00047
13554.00000 0.00046
13556.00000 0.00048
13558.00000 0.0005
13560.00000 0.00047
13562.00000 0.00044
13564.00000 0.00047
13566.00000 0.00047
13568.00000 0.00048
13570.00000 0.00047
13572.00000 0.00049
13574.00000 0.00049
13576.00000 0.00047
13578.00000 0.00046
13580.00000 0.00049
13582.00000 0.00048
13584.00000 0.00048
13586.00000 0.00048
13588.00000 0.00052
13590.00000 0.00049
13592.00000 0.00049
13594.00000 0.00047
13596.00000 0.00049
13598.00000 0.00048
13600.00000 0.0005
13602.00000 0.00049
13604.00000 0.00048
13606.00000 0.00048
13608.00000 0.00047
13610.00000 0.00047
13612.00000 0.00051
13614.00000 0.00049
13616.00000 0.00047
13618.00000 0.0005
13620.00000 0.0005
13622.00000 0.00047
13624.00000 0.00049
13626.00000 0.00053
13628.00000 0.00051
13630.00000 0.00051
13632.00000 0.0005
13634.00000 0.00049
13636.00000 0.00049
13638.00000 0.0005
13640.00000 0.0005
13642.00000 0.0005
13644.00000 0.0005
13646.00000 0.00048
13648.00000 0.00049
13650.00000 0.00049
13652.00000 0.0005
13654.00000 0.0005
13656.00000 0.00051
13658.00000 0.00049
13660.00000 0.00046
13662.00000 0.00053
13664.00000 0.00049
13666.00000 0.00048
13668.00000 0.00049
13670.00000 0.00051
13672.00000 0.00052
13674.00000 0.00051
13676.00000 0.00049
13678.00000 0.0005
13680.00000 0.00049
13682.00000 0.00049
13684.00000 0.0005
13686.00000 0.0005
13688.00000 0.0005
13690.00000 0.0005
13692.00000 0.00053
13694.00000 0.00053
13696.00000 0.00048
13698.00000 0.00049
13700.00000 0.0005
13702.00000 0.00048
13704.00000 0.00052
13706.00000 0.00055
13708.00000 0.00052
13710.00000 0.00051
13712.00000 0.0005
13714.00000 0.00049
13716.00000 0.00052
13718.00000 0.00051
13720.00000 0.00051
13722.00000 0.00053
13724.00000 0.0005
13726.00000 0.00051
13728.00000 0.00048
13730.00000 0.00053
13732.00000 0.00051
13734.00000 0.00053
13736.00000 0.00051
13738.00000 0.00051
13740.00000 0.0005
13742.00000 0.00051
13744.00000 0.00052
13746.00000 0.00051
13748.00000 0.0005
13750.00000 0.00051
13752.00000 0.00054
13754.00000 0.00051
13756.00000 0.00054
13758.00000 0.00053
13760.00000 0.00052
13762.00000 0.0005
13764.00000 0.00052
13766.00000 0.00054
13768.00000 0.00053
13770.00000 0.00052
13772.00000 0.00049
13774.00000 0.00052
13776.00000 0.00049
13778.00000 0.00052
13780.00000 0.00051
13782.00000 0.0005
13784.00000 0.00053
13786.00000 0.00053
13788.00000 0.00053
13790.00000 0.00053
13792.00000 0.00054
13794.00000 0.00053
13796.00000 0.00052
13798.00000 0.00054
13800.00000 0.00052
13802.00000 0.00052
13804.00000 0.0005
13806.00000 0.00054
13808.00000 0.00052
13810.00000 0.00052
13812.00000 0.00054
13814.00000 0.00053
13816.00000 0.00051
13818.00000 0.00053
13820.00000 0.00053
13822.00000 0.00052
13824.00000 0.00053
13826.00000 0.00051
13828.00000 0.00052
13830.00000 0.00051
13832.00000 0.00052
13834.00000 0.00052
13836.00000 0.00052
13838.00000 0.00051
13840.00000 0.00053
13842.00000 0.00053
13844.00000 0.00048
13846.00000 0.00052
13848.00000 0.00055
13850.00000 0.00053
13852.00000 0.00049
13854.00000 0.00051
13856.00000 0.00054
13858.00000 0.00054
13860.00000 0.00054
13862.00000 0.00052
13864.00000 0.00052
13866.00000 0.00052
13868.00000 0.00054
13870.00000 0.00052
13872.00000 0.00052
13874.00000 0.00053
13876.00000 0.00049
13878.00000 0.0005
13880.00000 0.00052
13882.00000 0.00054
13884.00000 0.00053
13886.00000 0.00049
13888.00000 0.00054
13890.00000 0.00053
13892.00000 0.00052
13894.00000 0.00051
13896.00000 0.00051
13898.00000 0.0005
13900.00000 0.00053
13902.00000 0.00049
13904.00000 0.0005
13906.00000 0.00048
13908.00000 0.00053
13910.00000 0.00051
13912.00000 0.00053
13914.00000 0.00052
13916.00000 0.00052
13918.00000 0.00051
13920.00000 0.00049
13922.00000 0.00053
13924.00000 0.00052
13926.00000 0.00052
13928.00000 0.00052
13930.00000 0.00051
13932.00000 0.00048
13934.00000 0.00053
13936.00000 0.00051
13938.00000 0.00051
13940.00000 0.00051
13942.00000 0.0005
13944.00000 0.00048
13946.00000 0.00051
13948.00000 0.00052
13950.00000 0.0005
13952.00000 0.0005
13954.00000 0.00052
13956.00000 0.00048
13958.00000 0.0005
13960.00000 0.00048
13962.00000 0.00051
13964.00000 0.00049
13966.00000 0.00049
13968.00000 0.00052
13970.00000 0.00051
13972.00000 0.00049
13974.00000 0.00049
13976.00000 0.00049
13978.00000 0.00048
13980.00000 0.0005
13982.00000 0.00051
13984.00000 0.00051
13986.00000 0.00049
13988.00000 0.00048
13990.00000 0.00049
13992.00000 0.00048
13994.00000 0.0005
13996.00000 0.00051
13998.00000 0.00047
14000.00000 0.00052
15400.00000 0.0
