threeML/data/optical_filters/OSN/Johnson-U.ecsv
# %ECSV 0.9
# ---
# datatype:
# - {name: wavelength, unit: Angstrom, datatype: float32}
# - {name: response, datatype: float32}
# meta: !!omap
# - {band_name: U}
# - {group_name: Johnson}
wavelength response
2768.39990 0.0
3076.00000 4e-05
3078.00000 4e-05
3080.00000 5e-05
3082.00000 7e-05
3084.00000 7e-05
3086.00000 9e-05
3088.00000 0.00011
3090.00000 0.00013
3092.00000 0.00016
3094.00000 0.00018
3096.00000 0.0002
3098.00000 0.00025
3100.00000 0.00031
3102.00000 0.00035
3104.00000 0.00041
3106.00000 0.00048
3108.00000 0.00056
3110.00000 0.00067
3112.00000 0.00074
3114.00000 0.00085
3116.00000 0.00098
3118.00000 0.00112
3120.00000 0.00127
3122.00000 0.00144
3124.00000 0.00164
3126.00000 0.00187
3128.00000 0.00209
3130.00000 0.00237
3132.00000 0.0026
3134.00000 0.00295
3136.00000 0.00329
3138.00000 0.00362
3140.00000 0.00405
3142.00000 0.00446
3144.00000 0.00493
3146.00000 0.00536
3148.00000 0.00589
3150.00000 0.0065
3152.00000 0.00717
3154.00000 0.0078
3156.00000 0.00851
3158.00000 0.00921
3160.00000 0.01004
3162.00000 0.0109
3164.00000 0.01171
3166.00000 0.01263
3168.00000 0.01364
3170.00000 0.01466
3172.00000 0.01572
3174.00000 0.01685
3176.00000 0.01799
3178.00000 0.01922
3180.00000 0.02055
3182.00000 0.02201
3184.00000 0.02328
3186.00000 0.02476
3188.00000 0.02624
3190.00000 0.02775
3192.00000 0.02937
3194.00000 0.03116
3196.00000 0.03285
3198.00000 0.03448
3200.00000 0.03636
3202.00000 0.03841
3204.00000 0.04001
3206.00000 0.0423
3208.00000 0.04423
3210.00000 0.04636
3212.00000 0.04846
3214.00000 0.05049
3216.00000 0.05294
3218.00000 0.0551
3220.00000 0.0575
3222.00000 0.05983
3224.00000 0.0623
3226.00000 0.06471
3228.00000 0.06734
3230.00000 0.06978
3232.00000 0.07238
3234.00000 0.07507
3236.00000 0.07776
3238.00000 0.08025
3240.00000 0.0832
3242.00000 0.08622
3244.00000 0.08881
3246.00000 0.09203
3248.00000 0.09483
3250.00000 0.0979
3252.00000 0.1008
3254.00000 0.10362
3256.00000 0.10673
3258.00000 0.10991
3260.00000 0.11293
3262.00000 0.11598
3264.00000 0.11948
3266.00000 0.12236
3268.00000 0.12567
3270.00000 0.12861
3272.00000 0.13206
3274.00000 0.13527
3276.00000 0.13876
3278.00000 0.14181
3280.00000 0.14518
3282.00000 0.1485
3284.00000 0.15194
3286.00000 0.155
3288.00000 0.15848
3290.00000 0.16177
3292.00000 0.16506
3294.00000 0.1683
3296.00000 0.17187
3298.00000 0.1752
3300.00000 0.17853
3302.00000 0.18207
3304.00000 0.18553
3306.00000 0.18897
3308.00000 0.19235
3310.00000 0.19572
3312.00000 0.19888
3314.00000 0.20322
3316.00000 0.20619
3318.00000 0.20906
3320.00000 0.21321
3322.00000 0.2162
3324.00000 0.21997
3326.00000 0.22386
3328.00000 0.22715
3330.00000 0.23047
3332.00000 0.23367
3334.00000 0.23764
3336.00000 0.24094
3338.00000 0.24444
3340.00000 0.24768
3342.00000 0.25077
3344.00000 0.25452
3346.00000 0.2578
3348.00000 0.26157
3350.00000 0.26491
3352.00000 0.2683
3354.00000 0.2723
3356.00000 0.27528
3358.00000 0.27881
3360.00000 0.2814
3362.00000 0.28539
3364.00000 0.28865
3366.00000 0.29147
3368.00000 0.29526
3370.00000 0.29876
3372.00000 0.30187
3374.00000 0.30517
3376.00000 0.30859
3378.00000 0.31209
3380.00000 0.31523
3382.00000 0.31823
3384.00000 0.3218
3386.00000 0.32462
3388.00000 0.32781
3390.00000 0.33128
3392.00000 0.3347
3394.00000 0.33761
3396.00000 0.34044
3398.00000 0.34386
3400.00000 0.34732
3402.00000 0.35032
3404.00000 0.35395
3406.00000 0.35642
3408.00000 0.35962
3410.00000 0.3624
3412.00000 0.36531
3414.00000 0.36935
3416.00000 0.37218
3418.00000 0.37438
3420.00000 0.37749
3422.00000 0.38046
3424.00000 0.3842
3426.00000 0.38713
3428.00000 0.38963
3430.00000 0.39277
3432.00000 0.39622
3434.00000 0.39835
3436.00000 0.40171
3438.00000 0.4042
3440.00000 0.40735
3442.00000 0.41014
3444.00000 0.41279
3446.00000 0.4148
3448.00000 0.4173
3450.00000 0.42149
3452.00000 0.42269
3454.00000 0.42607
3456.00000 0.42885
3458.00000 0.43115
3460.00000 0.43485
3462.00000 0.4367
3464.00000 0.43987
3466.00000 0.4428
3468.00000 0.4459
3470.00000 0.44839
3472.00000 0.45134
3474.00000 0.45356
3476.00000 0.45512
3478.00000 0.45862
3480.00000 0.46057
3482.00000 0.4641
3484.00000 0.46542
3486.00000 0.46845
3488.00000 0.4707
3490.00000 0.47341
3492.00000 0.47537
3494.00000 0.47911
3496.00000 0.48145
3498.00000 0.48357
3500.00000 0.48597
3502.00000 0.48859
3504.00000 0.49035
3506.00000 0.49295
3508.00000 0.49445
3510.00000 0.49737
3512.00000 0.49981
3514.00000 0.50203
3516.00000 0.50469
3518.00000 0.50673
3520.00000 0.50852
3522.00000 0.51065
3524.00000 0.51273
3526.00000 0.51526
3528.00000 0.51736
3530.00000 0.51901
3532.00000 0.52084
3534.00000 0.52319
3536.00000 0.52527
3538.00000 0.52749
3540.00000 0.52938
3542.00000 0.53097
3544.00000 0.53308
3546.00000 0.53467
3548.00000 0.53704
3550.00000 0.53879
3552.00000 0.5407
3554.00000 0.54249
3556.00000 0.5439
3558.00000 0.54608
3560.00000 0.54781
3562.00000 0.54935
3564.00000 0.55106
3566.00000 0.55274
3568.00000 0.55452
3570.00000 0.55604
3572.00000 0.55726
3574.00000 0.55913
3576.00000 0.5613
3578.00000 0.56257
3580.00000 0.56425
3582.00000 0.56488
3584.00000 0.5672
3586.00000 0.56792
3588.00000 0.56995
3590.00000 0.57114
3592.00000 0.57304
3594.00000 0.57365
3596.00000 0.57536
3598.00000 0.57621
3600.00000 0.57793
3602.00000 0.57889
3604.00000 0.58034
3606.00000 0.5816
3608.00000 0.58233
3610.00000 0.58353
3612.00000 0.58535
3614.00000 0.58682
3616.00000 0.58715
3618.00000 0.58854
3620.00000 0.5895
3622.00000 0.59068
3624.00000 0.59111
3626.00000 0.59211
3628.00000 0.59344
3630.00000 0.59433
3632.00000 0.59503
3634.00000 0.59593
3636.00000 0.59709
3638.00000 0.59757
3640.00000 0.59861
3642.00000 0.59937
3644.00000 0.59987
3646.00000 0.60038
3648.00000 0.60149
3650.00000 0.60218
3652.00000 0.60303
3654.00000 0.60283
3656.00000 0.60428
3658.00000 0.60486
3660.00000 0.60488
3662.00000 0.60556
3664.00000 0.60609
3666.00000 0.60614
3668.00000 0.6066
3670.00000 0.60724
3672.00000 0.60704
3674.00000 0.60759
3676.00000 0.60765
3678.00000 0.60787
3680.00000 0.60808
3682.00000 0.60835
3684.00000 0.60858
3686.00000 0.60859
3688.00000 0.60859
3690.00000 0.60873
3692.00000 0.60857
3694.00000 0.60841
3696.00000 0.6088
3698.00000 0.6084
3700.00000 0.60816
3702.00000 0.6077
3704.00000 0.60745
3706.00000 0.60745
3708.00000 0.60699
3710.00000 0.60673
3712.00000 0.60637
3714.00000 0.60638
3716.00000 0.60595
3718.00000 0.60535
3720.00000 0.60451
3722.00000 0.60388
3724.00000 0.60323
3726.00000 0.60287
3728.00000 0.60155
3730.00000 0.60112
3732.00000 0.60007
3734.00000 0.59983
3736.00000 0.5988
3738.00000 0.59782
3740.00000 0.59668
3742.00000 0.59557
3744.00000 0.59478
3746.00000 0.59362
3748.00000 0.59265
3750.00000 0.59098
3752.00000 0.59017
3754.00000 0.58853
3756.00000 0.58713
3758.00000 0.58602
3760.00000 0.58404
3762.00000 0.58299
3764.00000 0.58108
3766.00000 0.57902
3768.00000 0.57786
3770.00000 0.57581
3772.00000 0.57409
3774.00000 0.57224
3776.00000 0.56991
3778.00000 0.56775
3780.00000 0.56595
3782.00000 0.56364
3784.00000 0.56184
3786.00000 0.55924
3788.00000 0.55684
3790.00000 0.55476
3792.00000 0.55225
3794.00000 0.54991
3796.00000 0.54725
3798.00000 0.54486
3800.00000 0.54186
3802.00000 0.53889
3804.00000 0.53586
3806.00000 0.53335
3808.00000 0.53062
3810.00000 0.52738
3812.00000 0.52405
3814.00000 0.52093
3816.00000 0.51778
3818.00000 0.51449
3820.00000 0.51135
3822.00000 0.50766
3824.00000 0.50471
3826.00000 0.50061
3828.00000 0.49722
3830.00000 0.49317
3832.00000 0.48972
3834.00000 0.48613
3836.00000 0.48228
3838.00000 0.47831
3840.00000 0.47466
3842.00000 0.47018
3844.00000 0.46614
3846.00000 0.46187
3848.00000 0.45778
3850.00000 0.45324
3852.00000 0.44902
3854.00000 0.44436
3856.00000 0.43975
3858.00000 0.4356
3860.00000 0.43082
3862.00000 0.42661
3864.00000 0.42189
3866.00000 0.41699
3868.00000 0.41199
3870.00000 0.40683
3872.00000 0.4018
3874.00000 0.39688
3876.00000 0.39205
3878.00000 0.38707
3880.00000 0.38207
3882.00000 0.37647
3884.00000 0.37121
3886.00000 0.36598
3888.00000 0.36108
3890.00000 0.35587
3892.00000 0.35052
3894.00000 0.34517
3896.00000 0.33965
3898.00000 0.33423
3900.00000 0.32883
3902.00000 0.32326
3904.00000 0.31825
3906.00000 0.31263
3908.00000 0.30661
3910.00000 0.30167
3912.00000 0.29606
3914.00000 0.29071
3916.00000 0.28525
3918.00000 0.27989
3920.00000 0.27436
3922.00000 0.26859
3924.00000 0.26339
3926.00000 0.25807
3928.00000 0.2527
3930.00000 0.2473
3932.00000 0.24184
3934.00000 0.23644
3936.00000 0.23128
3938.00000 0.22597
3940.00000 0.22097
3942.00000 0.21562
3944.00000 0.21057
3946.00000 0.20515
3948.00000 0.20006
3950.00000 0.19499
3952.00000 0.18994
3954.00000 0.18515
3956.00000 0.18044
3958.00000 0.1754
3960.00000 0.17056
3962.00000 0.16584
3964.00000 0.16113
3966.00000 0.15669
3968.00000 0.15206
3970.00000 0.14769
3972.00000 0.1431
3974.00000 0.1388
3976.00000 0.13441
3978.00000 0.1302
3980.00000 0.12613
3982.00000 0.12205
3984.00000 0.11808
3986.00000 0.1139
3988.00000 0.11024
3990.00000 0.10637
3992.00000 0.10282
3994.00000 0.0992
3996.00000 0.09571
3998.00000 0.09215
4000.00000 0.08884
4002.00000 0.08563
4004.00000 0.08235
4006.00000 0.07941
4008.00000 0.07636
4010.00000 0.07348
4012.00000 0.07053
4014.00000 0.0677
4016.00000 0.06497
4018.00000 0.06253
4020.00000 0.0599
4022.00000 0.05748
4024.00000 0.05508
4026.00000 0.05269
4028.00000 0.05049
4030.00000 0.04826
4032.00000 0.04621
4034.00000 0.04417
4036.00000 0.04228
4038.00000 0.04026
4040.00000 0.03842
4042.00000 0.03668
4044.00000 0.035
4046.00000 0.03339
4048.00000 0.03183
4050.00000 0.03036
4052.00000 0.02886
4054.00000 0.02743
4056.00000 0.02613
4058.00000 0.0248
4060.00000 0.02362
4062.00000 0.02243
4064.00000 0.02125
4066.00000 0.02018
4068.00000 0.01912
4070.00000 0.01814
4072.00000 0.01716
4074.00000 0.01634
4076.00000 0.0154
4078.00000 0.01455
4080.00000 0.01378
4082.00000 0.01301
4084.00000 0.01232
4086.00000 0.01161
4088.00000 0.01099
4090.00000 0.01035
4092.00000 0.00976
4094.00000 0.00917
4096.00000 0.0087
4098.00000 0.00818
4100.00000 0.0077
4102.00000 0.00725
4104.00000 0.00679
4106.00000 0.00639
4108.00000 0.006
4110.00000 0.00564
4112.00000 0.00529
4114.00000 0.00497
4116.00000 0.00466
4118.00000 0.00436
4120.00000 0.00409
4122.00000 0.00384
4124.00000 0.00359
4126.00000 0.00337
4128.00000 0.00315
4130.00000 0.00295
4132.00000 0.00276
4134.00000 0.00258
4136.00000 0.00242
4138.00000 0.00225
4140.00000 0.00211
4142.00000 0.00197
4144.00000 0.00184
4146.00000 0.00172
4148.00000 0.0016
4150.00000 0.0015
4152.00000 0.0014
4154.00000 0.0013
4156.00000 0.00122
4158.00000 0.00114
4160.00000 0.00107
4162.00000 0.00099
4164.00000 0.00092
4166.00000 0.00086
4168.00000 0.0008
4170.00000 0.00074
4172.00000 0.00069
4174.00000 0.00065
4176.00000 0.0006
4178.00000 0.00056
4180.00000 0.00052
4182.00000 0.00047
4184.00000 0.00045
4186.00000 0.00042
4188.00000 0.00039
4190.00000 0.00036
4192.00000 0.00033
4194.00000 0.00031
4196.00000 0.00029
4198.00000 0.00026
4200.00000 0.00025
4202.00000 0.00023
4204.00000 0.00021
4206.00000 0.0002
4208.00000 0.00018
4210.00000 0.00017
4212.00000 0.00016
4214.00000 0.00015
4216.00000 0.00013
4218.00000 0.00013
4220.00000 0.00012
4222.00000 0.00011
4224.00000 0.0001
4226.00000 9e-05
4228.00000 9e-05
4230.00000 8e-05
4232.00000 7e-05
4234.00000 7e-05
4236.00000 6e-05
4238.00000 6e-05
4240.00000 6e-05
4242.00000 5e-05
4244.00000 5e-05
4246.00000 4e-05
4248.00000 4e-05
4250.00000 4e-05
4675.00000 0.0
