threeML/data/optical_filters/OSN/Johnson-Cousins_R2.ecsv
# %ECSV 0.9
# ---
# datatype:
# - {name: wavelength, unit: Angstrom, datatype: float32}
# - {name: response, datatype: float32}
# meta: !!omap
# - {band_name: Cousins_R2}
# - {group_name: Johnson}
wavelength response
[from data line 2528]
10548.00000 0.00072
10550.00000 0.00073
10552.00000 0.00077
10554.00000 0.00071
10556.00000 0.00072
10558.00000 0.00074
10560.00000 0.00074
10562.00000 0.00072
10564.00000 0.00073
10566.00000 0.00072
10568.00000 0.00074
10570.00000 0.00075
10572.00000 0.0007
10574.00000 0.00074
10576.00000 0.00072
10578.00000 0.00074
10580.00000 0.00071
10582.00000 0.0007
10584.00000 0.00068
10586.00000 0.00071
10588.00000 0.0007
10590.00000 0.00073
10592.00000 0.0007
10594.00000 0.00072
10596.00000 0.0007
10598.00000 0.00073
10600.00000 0.00069
10602.00000 0.00068
10604.00000 0.00069
10606.00000 0.00067
10608.00000 0.00067
10610.00000 0.00068
10612.00000 0.00067
10614.00000 0.00068
10616.00000 0.00068
10618.00000 0.00071
10620.00000 0.00066
10622.00000 0.00068
10624.00000 0.00069
10626.00000 0.00072
10628.00000 0.00067
10630.00000 0.00067
10632.00000 0.00068
10634.00000 0.00067
10636.00000 0.00067
10638.00000 0.00065
10640.00000 0.00064
10642.00000 0.00066
10644.00000 0.00066
10646.00000 0.00067
10648.00000 0.00064
10650.00000 0.00064
10652.00000 0.00068
10654.00000 0.00069
10656.00000 0.00065
10658.00000 0.00065
10660.00000 0.00065
10662.00000 0.00065
10664.00000 0.00066
10666.00000 0.00064
10668.00000 0.00063
10670.00000 0.00063
10672.00000 0.00064
10674.00000 0.00065
10676.00000 0.00064
10678.00000 0.00061
10680.00000 0.00063
10682.00000 0.00061
10684.00000 0.00063
10686.00000 0.00063
10688.00000 0.00064
10690.00000 0.00063
10692.00000 0.00062
10694.00000 0.00062
10696.00000 0.00063
10698.00000 0.00062
10700.00000 0.00063
10702.00000 0.00063
10704.00000 0.00064
10706.00000 0.00062
10708.00000 0.00061
10710.00000 0.00063
10712.00000 0.00062
10714.00000 0.00061
10716.00000 0.00061
10718.00000 0.00059
10720.00000 0.00061
10722.00000 0.00061
10724.00000 0.0006
10726.00000 0.00058
10728.00000 0.00059
10730.00000 0.0006
10732.00000 0.00059
10734.00000 0.00059
10736.00000 0.0006
10738.00000 0.00058
10740.00000 0.00057
10742.00000 0.0006
10744.00000 0.0006
10746.00000 0.00058
10748.00000 0.0006
10750.00000 0.00058
10752.00000 0.0006
10754.00000 0.00057
10756.00000 0.00059
10758.00000 0.00058
10760.00000 0.00058
10762.00000 0.00058
10764.00000 0.00058
10766.00000 0.00057
10768.00000 0.00056
10770.00000 0.00057
10772.00000 0.00058
10774.00000 0.00054
10776.00000 0.00056
10778.00000 0.00058
10780.00000 0.00056
10782.00000 0.00055
10784.00000 0.0006
10786.00000 0.00057
10788.00000 0.00054
10790.00000 0.00057
10792.00000 0.00057
10794.00000 0.00057
10796.00000 0.00058
10798.00000 0.00057
10800.00000 0.00057
10802.00000 0.00054
10804.00000 0.00055
10806.00000 0.00055
10808.00000 0.00055
10810.00000 0.00057
10812.00000 0.00055
10814.00000 0.00055
10816.00000 0.00052
10818.00000 0.00053
10820.00000 0.00056
10822.00000 0.00055
10824.00000 0.00054
10826.00000 0.00054
10828.00000 0.00055
10830.00000 0.00054
10832.00000 0.00054
10834.00000 0.00052
10836.00000 0.00054
10838.00000 0.00052
10840.00000 0.00054
10842.00000 0.00051
10844.00000 0.00052
10846.00000 0.0005
10848.00000 0.00051
10850.00000 0.00051
10852.00000 0.00054
10854.00000 0.00053
10856.00000 0.00052
10858.00000 0.00052
10860.00000 0.00053
10862.00000 0.00053
10864.00000 0.00051
10866.00000 0.00052
10868.00000 0.00051
10870.00000 0.00052
10872.00000 0.00049
10874.00000 0.00053
10876.00000 0.00051
10878.00000 0.00049
10880.00000 0.00047
10882.00000 0.00051
10884.00000 0.00051
10886.00000 0.00053
10888.00000 0.00051
10890.00000 0.00052
10892.00000 0.00049
10894.00000 0.00052
10896.00000 0.00048
10898.00000 0.00051
10900.00000 0.00052
10902.00000 0.0005
10904.00000 0.00052
10906.00000 0.00052
10908.00000 0.00049
10910.00000 0.00049
10912.00000 0.00052
10914.00000 0.00051
10916.00000 0.00051
10918.00000 0.0005
10920.00000 0.00048
10922.00000 0.00047
10924.00000 0.00048
10926.00000 0.00048
10928.00000 0.00049
10930.00000 0.00047
10932.00000 0.00047
10934.00000 0.00045
10936.00000 0.00045
10938.00000 0.00046
10940.00000 0.00048
10942.00000 0.0005
10944.00000 0.00045
10946.00000 0.00048
10948.00000 0.0005
10950.00000 0.00048
10952.00000 0.00048
10954.00000 0.00044
10956.00000 0.00046
10958.00000 0.00047
10960.00000 0.00047
10962.00000 0.00046
10964.00000 0.00048
10966.00000 0.00048
10968.00000 0.00048
10970.00000 0.00048
10972.00000 0.00048
10974.00000 0.00047
10976.00000 0.00046
10978.00000 0.00045
10980.00000 0.00046
10982.00000 0.00048
10984.00000 0.00047
10986.00000 0.00048
10988.00000 0.00046
10990.00000 0.00045
10992.00000 0.00044
10994.00000 0.00045
10996.00000 0.00045
10998.00000 0.00045
11000.00000 0.00047
12100.00000 0.0
