threeML/data/optical_filters/OSN/Johnson-Cousins_R2.ecsv
# %ECSV 0.9
# ---
# datatype:
# - {name: wavelength, unit: Angstrom, datatype: float32}
# - {name: response, datatype: float32}
# meta: !!omap
# - {band_name: Cousins_R2}
# - {group_name: Johnson}
wavelength response
[from data line 1695]
8882.00000 0.017
8884.00000 0.01692
8886.00000 0.01684
8888.00000 0.01677
8890.00000 0.01669
8892.00000 0.01661
8894.00000 0.01657
8896.00000 0.01647
8898.00000 0.01639
8900.00000 0.01632
8902.00000 0.01627
8904.00000 0.01615
8906.00000 0.01607
8908.00000 0.01602
8910.00000 0.01596
8912.00000 0.01587
8914.00000 0.0158
8916.00000 0.01573
8918.00000 0.01566
8920.00000 0.01558
8922.00000 0.01554
8924.00000 0.01545
8926.00000 0.01539
8928.00000 0.01533
8930.00000 0.01523
8932.00000 0.01517
8934.00000 0.01513
8936.00000 0.01504
8938.00000 0.01498
8940.00000 0.01492
8942.00000 0.01485
8944.00000 0.0148
8946.00000 0.01472
8948.00000 0.01463
8950.00000 0.01458
8952.00000 0.01451
8954.00000 0.01446
8956.00000 0.01437
8958.00000 0.01431
8960.00000 0.01425
8962.00000 0.01418
8964.00000 0.01413
8966.00000 0.01406
8968.00000 0.01399
8970.00000 0.01394
8972.00000 0.01388
8974.00000 0.0138
8976.00000 0.01375
8978.00000 0.01368
8980.00000 0.01362
8982.00000 0.01354
8984.00000 0.01347
8986.00000 0.01344
8988.00000 0.01342
8990.00000 0.01334
8992.00000 0.01327
8994.00000 0.01318
8996.00000 0.01312
8998.00000 0.01305
9000.00000 0.01301
9002.00000 0.01297
9004.00000 0.01287
9006.00000 0.01287
9008.00000 0.01276
9010.00000 0.01271
9012.00000 0.01265
9014.00000 0.0126
9016.00000 0.01254
9018.00000 0.01247
9020.00000 0.01243
9022.00000 0.01236
9024.00000 0.0123
9026.00000 0.01226
9028.00000 0.0122
9030.00000 0.01214
9032.00000 0.01211
9034.00000 0.01202
9036.00000 0.012
9038.00000 0.01192
9040.00000 0.01191
9042.00000 0.01181
9044.00000 0.01176
9046.00000 0.01172
9048.00000 0.01167
9050.00000 0.0116
9052.00000 0.01153
9054.00000 0.0115
9056.00000 0.01146
9058.00000 0.0114
9060.00000 0.01132
9062.00000 0.0113
9064.00000 0.01124
9066.00000 0.0112
9068.00000 0.01116
9070.00000 0.01111
9072.00000 0.01103
9074.00000 0.01099
9076.00000 0.01096
9078.00000 0.01091
9080.00000 0.01086
9082.00000 0.0108
9084.00000 0.01076
9086.00000 0.01073
9088.00000 0.01067
9090.00000 0.01062
9092.00000 0.01056
9094.00000 0.0105
9096.00000 0.01049
9098.00000 0.01042
9100.00000 0.01037
9102.00000 0.01031
9104.00000 0.01025
9106.00000 0.01024
9108.00000 0.01017
9110.00000 0.01013
9112.00000 0.01006
9114.00000 0.01002
9116.00000 0.01001
9118.00000 0.00996
9120.00000 0.00992
9122.00000 0.00988
9124.00000 0.00982
9126.00000 0.00979
9128.00000 0.00975
9130.00000 0.00968
9132.00000 0.00963
9134.00000 0.00962
9136.00000 0.00957
9138.00000 0.00952
9140.00000 0.00946
9142.00000 0.00944
9144.00000 0.0094
9146.00000 0.00937
9148.00000 0.00932
9150.00000 0.00929
9152.00000 0.00925
9154.00000 0.0092
9156.00000 0.00916
9158.00000 0.0091
9160.00000 0.00908
9162.00000 0.00901
9164.00000 0.009
9166.00000 0.00895
9168.00000 0.0089
9170.00000 0.00883
9172.00000 0.00883
9174.00000 0.00879
9176.00000 0.00874
9178.00000 0.00871
9180.00000 0.00866
9182.00000 0.00864
9184.00000 0.0086
9186.00000 0.00859
9188.00000 0.00851
9190.00000 0.00845
9192.00000 0.00843
9194.00000 0.00841
9196.00000 0.00835
9198.00000 0.00833
9200.00000 0.00829
9202.00000 0.00827
9204.00000 0.00823
9206.00000 0.00818
9208.00000 0.00816
9210.00000 0.00811
9212.00000 0.0081
9214.00000 0.00804
9216.00000 0.00802
9218.00000 0.00796
9220.00000 0.00794
9222.00000 0.0079
9224.00000 0.00789
9226.00000 0.00784
9228.00000 0.00781
9230.00000 0.00774
9232.00000 0.00772
9234.00000 0.0077
9236.00000 0.00766
9238.00000 0.00762
9240.00000 0.00758
9242.00000 0.00755
9244.00000 0.00752
9246.00000 0.00749
9248.00000 0.00745
9250.00000 0.00742
9252.00000 0.0074
9254.00000 0.00735
9256.00000 0.00735
9258.00000 0.00731
9260.00000 0.00726
9262.00000 0.00724
9264.00000 0.00719
9266.00000 0.00719
9268.00000 0.00711
9270.00000 0.00712
9272.00000 0.00703
9274.00000 0.00705
9276.00000 0.007
9278.00000 0.007
9280.00000 0.00696
9282.00000 0.00695
9284.00000 0.0069
9286.00000 0.00688
9288.00000 0.00681
9290.00000 0.00677
9292.00000 0.00675
9294.00000 0.00673
9296.00000 0.00673
9298.00000 0.00669
9300.00000 0.00664
9302.00000 0.00665
9304.00000 0.0066
9306.00000 0.00658
9308.00000 0.00655
9310.00000 0.0065
9312.00000 0.00653
9314.00000 0.00647
9316.00000 0.00643
9318.00000 0.0064
9320.00000 0.00638
9322.00000 0.00636
9324.00000 0.00632
9326.00000 0.0063
9328.00000 0.0063
9330.00000 0.00626
9332.00000 0.00623
9334.00000 0.0062
9336.00000 0.00618
9338.00000 0.00614
9340.00000 0.00613
9342.00000 0.00607
9344.00000 0.00609
9346.00000 0.00603
9348.00000 0.00602
9350.00000 0.00601
9352.00000 0.00597
9354.00000 0.00592
9356.00000 0.00592
9358.00000 0.00587
9360.00000 0.00585
9362.00000 0.00583
9364.00000 0.00582
9366.00000 0.00577
9368.00000 0.00576
9370.00000 0.00573
9372.00000 0.00568
9374.00000 0.00567
9376.00000 0.00567
9378.00000 0.00565
9380.00000 0.00559
9382.00000 0.00556
9384.00000 0.00559
9386.00000 0.00556
9388.00000 0.0055
9390.00000 0.00547
9392.00000 0.00547
9394.00000 0.00545
9396.00000 0.00545
9398.00000 0.00537
9400.00000 0.00537
9402.00000 0.00538
9404.00000 0.00536
9406.00000 0.00528
9408.00000 0.00528
9410.00000 0.00525
9412.00000 0.00525
9414.00000 0.00522
9416.00000 0.00519
9418.00000 0.00519
9420.00000 0.00515
9422.00000 0.00514
9424.00000 0.00511
9426.00000 0.00508
9428.00000 0.00507
9430.00000 0.00505
9432.00000 0.00502
9434.00000 0.005
9436.00000 0.00497
9438.00000 0.00496
9440.00000 0.00494
9442.00000 0.00492
9444.00000 0.00489
9446.00000 0.00487
9448.00000 0.00488
9450.00000 0.00484
9452.00000 0.00484
9454.00000 0.00479
9456.00000 0.0048
9458.00000 0.00477
9460.00000 0.00475
9462.00000 0.00471
9464.00000 0.00474
9466.00000 0.0047
9468.00000 0.00465
9470.00000 0.00465
9472.00000 0.00462
9474.00000 0.00459
9476.00000 0.0046
9478.00000 0.00457
9480.00000 0.00458
9482.00000 0.0045
9484.00000 0.0045
9486.00000 0.00449
9488.00000 0.00447
9490.00000 0.00447
9492.00000 0.00441
9494.00000 0.00442
9496.00000 0.00439
9498.00000 0.00434
9500.00000 0.00434
9502.00000 0.00431
9504.00000 0.00433
9506.00000 0.0043
9508.00000 0.00429
9510.00000 0.0043
9512.00000 0.00426
9514.00000 0.00422
9516.00000 0.0042
9518.00000 0.00417
9520.00000 0.00419
9522.00000 0.00416
9524.00000 0.00415
9526.00000 0.00413
9528.00000 0.0041
9530.00000 0.00411
9532.00000 0.0041
9534.00000 0.00405
9536.00000 0.00404
9538.00000 0.00405
9540.00000 0.00399
9542.00000 0.00401
9544.00000 0.00398
9546.00000 0.00395
9548.00000 0.00393
9550.00000 0.00394
9552.00000 0.00388
9554.00000 0.00391
9556.00000 0.00387
9558.00000 0.00387
9560.00000 0.00384
9562.00000 0.0038
9564.00000 0.0038
9566.00000 0.00379
9568.00000 0.00379
9570.00000 0.00375
9572.00000 0.00378
9574.00000 0.00375
9576.00000 0.00372
9578.00000 0.00369
9580.00000 0.0037
9582.00000 0.00368
9584.00000 0.00368
9586.00000 0.00365
9588.00000 0.00365
9590.00000 0.00361
9592.00000 0.00361
9594.00000 0.0036
9596.00000 0.00358
9598.00000 0.00357
9600.00000 0.00353
9602.00000 0.00352
9604.00000 0.00352
9606.00000 0.00351
9608.00000 0.00348
9610.00000 0.00346
9612.00000 0.00346
9614.00000 0.00345
9616.00000 0.00342
9618.00000 0.00339
9620.00000 0.0034
9622.00000 0.00338
9624.00000 0.00338
9626.00000 0.00333
9628.00000 0.00333
9630.00000 0.0033
9632.00000 0.00332
9634.00000 0.00331
9636.00000 0.00329
9638.00000 0.00327
9640.00000 0.00331
9642.00000 0.00326
9644.00000 0.00323
9646.00000 0.00326
9648.00000 0.00323
9650.00000 0.00322
9652.00000 0.00317
9654.00000 0.00317
9656.00000 0.00317
9658.00000 0.00316
9660.00000 0.00315
9662.00000 0.00312
9664.00000 0.00311
9666.00000 0.00312
9668.00000 0.00311
9670.00000 0.00311
9672.00000 0.0031
9674.00000 0.00306
9676.00000 0.00306
9678.00000 0.00303
9680.00000 0.00301
9682.00000 0.003
9684.00000 0.00299
9686.00000 0.003
9688.00000 0.00299
9690.00000 0.00294
9692.00000 0.00297
9694.00000 0.00296
9696.00000 0.00295
9698.00000 0.0029
9700.00000 0.00291
9702.00000 0.00288
9704.00000 0.00289
9706.00000 0.00288
9708.00000 0.00285
9710.00000 0.00285
9712.00000 0.00285
9714.00000 0.00283
9716.00000 0.00281
9718.00000 0.00279
9720.00000 0.00282
9722.00000 0.00282
9724.00000 0.00278
9726.00000 0.00278
9728.00000 0.00276
9730.00000 0.00275
9732.00000 0.00275
9734.00000 0.00272
9736.00000 0.00272
9738.00000 0.00271
9740.00000 0.00269
9742.00000 0.00266
9744.00000 0.00266
9746.00000 0.00268
9748.00000 0.00264
9750.00000 0.00263
9752.00000 0.00266
9754.00000 0.00263
9756.00000 0.00263
9758.00000 0.00262
9760.00000 0.00259
9762.00000 0.00258
9764.00000 0.00258
9766.00000 0.00255
9768.00000 0.00254
9770.00000 0.00254
9772.00000 0.00253
9774.00000 0.00252
9776.00000 0.00251
9778.00000 0.0025
9780.00000 0.00249
9782.00000 0.00248
9784.00000 0.0025
9786.00000 0.00247
9788.00000 0.00244
9790.00000 0.00242
9792.00000 0.00245
9794.00000 0.00242
9796.00000 0.00243
9798.00000 0.00237
9800.00000 0.0024
9802.00000 0.0024
9804.00000 0.00239
9806.00000 0.00237
9808.00000 0.00235
9810.00000 0.00235
9812.00000 0.00235
9814.00000 0.00235
9816.00000 0.00234
9818.00000 0.00235
9820.00000 0.00231
9822.00000 0.00231
9824.00000 0.00229
9826.00000 0.00229
9828.00000 0.0023
9830.00000 0.00226
9832.00000 0.00226
9834.00000 0.00225
9836.00000 0.00224
9838.00000 0.00222
9840.00000 0.00223
9842.00000 0.00224
9844.00000 0.00218
9846.00000 0.0022
9848.00000 0.00219
9850.00000 0.00218
9852.00000 0.00219
9854.00000 0.00215
9856.00000 0.00217
9858.00000 0.00214
9860.00000 0.00214
9862.00000 0.00216
9864.00000 0.00213
9866.00000 0.00215
9868.00000 0.00213
9870.00000 0.00211
9872.00000 0.00212
9874.00000 0.0021
9876.00000 0.00209
9878.00000 0.0021
9880.00000 0.00208
9882.00000 0.00207
9884.00000 0.00204
9886.00000 0.00204
9888.00000 0.00202
9890.00000 0.00204
9892.00000 0.00203
9894.00000 0.002
9896.00000 0.00203
9898.00000 0.00203
9900.00000 0.00199
9902.00000 0.00199
9904.00000 0.00199
9906.00000 0.002
9908.00000 0.00197
9910.00000 0.00197
9912.00000 0.00196
9914.00000 0.00197
9916.00000 0.00194
9918.00000 0.00193
9920.00000 0.00192
9922.00000 0.00192
9924.00000 0.00191
9926.00000 0.00192
9928.00000 0.00192
9930.00000 0.00188
9932.00000 0.00187
9934.00000 0.00189
9936.00000 0.00188
9938.00000 0.00188
9940.00000 0.00186
9942.00000 0.00186
9944.00000 0.00186
9946.00000 0.00182
9948.00000 0.00182
9950.00000 0.00185
9952.00000 0.00181
9954.00000 0.00182
9956.00000 0.0018
9958.00000 0.0018
9960.00000 0.00178
9962.00000 0.00178
9964.00000 0.00178
9966.00000 0.00176
9968.00000 0.00178
9970.00000 0.00177
9972.00000 0.00176
9974.00000 0.00177
9976.00000 0.00174
9978.00000 0.00172
9980.00000 0.00173
9982.00000 0.00173
9984.00000 0.00171
9986.00000 0.00174
9988.00000 0.00171
9990.00000 0.00169
9992.00000 0.00168
9994.00000 0.00169
9996.00000 0.00167
9998.00000 0.00168
10000.00000 0.0017
10002.00000 0.00171
10004.00000 0.00165
10006.00000 0.00164
10008.00000 0.00163
10010.00000 0.00165
10012.00000 0.00165
10014.00000 0.00165
10016.00000 0.00161
10018.00000 0.00163
10020.00000 0.00163
10022.00000 0.00163
10024.00000 0.00161
10026.00000 0.00161
10028.00000 0.0016
10030.00000 0.0016
10032.00000 0.00158
10034.00000 0.00156
10036.00000 0.00158
10038.00000 0.0016
10040.00000 0.00158
10042.00000 0.00158
10044.00000 0.00155
10046.00000 0.00152
10048.00000 0.00155
10050.00000 0.00155
10052.00000 0.00156
10054.00000 0.00156
10056.00000 0.00152
10058.00000 0.00154
10060.00000 0.00153
10062.00000 0.00148
10064.00000 0.00149
10066.00000 0.00152
10068.00000 0.00149
10070.00000 0.0015
10072.00000 0.00148
10074.00000 0.00148
10076.00000 0.00147
10078.00000 0.0015
10080.00000 0.00144
10082.00000 0.00147
10084.00000 0.00144
10086.00000 0.00146
10088.00000 0.00142
10090.00000 0.00145
10092.00000 0.00146
10094.00000 0.00143
10096.00000 0.00146
10098.00000 0.00143
10100.00000 0.00141
10102.00000 0.00141
10104.00000 0.00142
10106.00000 0.00141
10108.00000 0.00142
10110.00000 0.00138
10112.00000 0.0014
10114.00000 0.00138
10116.00000 0.0014
10118.00000 0.00136
10120.00000 0.00139
10122.00000 0.00134
10124.00000 0.00138
10126.00000 0.00133
10128.00000 0.00135
10130.00000 0.00135
10132.00000 0.00134
10134.00000 0.00135
10136.00000 0.00135
10138.00000 0.00133
10140.00000 0.00131
10142.00000 0.00135
10144.00000 0.00132
10146.00000 0.00135
10148.00000 0.0013
10150.00000 0.00131
10152.00000 0.00128
10154.00000 0.0013
10156.00000 0.00127
10158.00000 0.00127
10160.00000 0.00128
10162.00000 0.00127
10164.00000 0.00126
10166.00000 0.00125
10168.00000 0.00126
10170.00000 0.00129
10172.00000 0.00124
10174.00000 0.00124
10176.00000 0.00127
10178.00000 0.00123
10180.00000 0.00126
10182.00000 0.00125
10184.00000 0.00123
10186.00000 0.00124
10188.00000 0.00126
10190.00000 0.00121
10192.00000 0.00122
10194.00000 0.00123
10196.00000 0.00127
10198.00000 0.00121
10200.00000 0.00122
10202.00000 0.00122
10204.00000 0.00116
10206.00000 0.00121
10208.00000 0.00119
10210.00000 0.00118
10212.00000 0.00118
10214.00000 0.0012
10216.00000 0.00118
10218.00000 0.00117
10220.00000 0.00117
10222.00000 0.00117
10224.00000 0.00118
10226.00000 0.00118
10228.00000 0.00116
10230.00000 0.00115
10232.00000 0.00115
10234.00000 0.00113
10236.00000 0.00114
10238.00000 0.00114
10240.00000 0.00112
10242.00000 0.00111
10244.00000 0.00114
10246.00000 0.00114
10248.00000 0.00113
10250.00000 0.00113
10252.00000 0.0011
10254.00000 0.00107
10256.00000 0.00113
10258.00000 0.00109
10260.00000 0.00111
10262.00000 0.00109
10264.00000 0.00109
10266.00000 0.00109
10268.00000 0.00109
10270.00000 0.00108
10272.00000 0.0011
10274.00000 0.00109
10276.00000 0.00109
10278.00000 0.00109
10280.00000 0.00109
10282.00000 0.00106
10284.00000 0.00105
10286.00000 0.00107
10288.00000 0.00103
10290.00000 0.00107
10292.00000 0.00105
10294.00000 0.00103
10296.00000 0.00105
10298.00000 0.00106
10300.00000 0.00102
10302.00000 0.00104
10304.00000 0.00104
10306.00000 0.00106
10308.00000 0.00102
10310.00000 0.00102
10312.00000 0.00104
10314.00000 0.00102
10316.00000 0.00104
10318.00000 0.00103
10320.00000 0.00101
10322.00000 0.00102
10324.00000 0.00099
10326.00000 0.00101
10328.00000 0.00098
10330.00000 0.00099
10332.00000 0.00102
10334.00000 0.00098
10336.00000 0.00098
10338.00000 0.001
10340.00000 0.00099
10342.00000 0.001
10344.00000 0.00097
10346.00000 0.00099
10348.00000 0.00097
10350.00000 0.00098
10352.00000 0.00097
10354.00000 0.00097
10356.00000 0.00094
10358.00000 0.00094
10360.00000 0.00094
10362.00000 0.00095
10364.00000 0.00095
10366.00000 0.00095
10368.00000 0.00091
10370.00000 0.00093
10372.00000 0.00096
10374.00000 0.00095
10376.00000 0.00093
10378.00000 0.00093
10380.00000 0.0009
10382.00000 0.00093
10384.00000 0.00093
10386.00000 0.00091
10388.00000 0.00092
10390.00000 0.00091
10392.00000 0.00091
10394.00000 0.00087
10396.00000 0.00092
10398.00000 0.0009
10400.00000 0.00088
10402.00000 0.0009
10404.00000 0.00089
10406.00000 0.00088
10408.00000 0.00087
10410.00000 0.00095
10412.00000 0.00092
10414.00000 0.00089
10416.00000 0.0009
10418.00000 0.00088
10420.00000 0.00087
10422.00000 0.00088
10424.00000 0.00086
10426.00000 0.00086
10428.00000 0.00087
10430.00000 0.00086
10432.00000 0.00089
10434.00000 0.00085
10436.00000 0.00086
10438.00000 0.00085
10440.00000 0.00083
10442.00000 0.00084
10444.00000 0.00083
10446.00000 0.00083
10448.00000 0.00087
10450.00000 0.00085
10452.00000 0.00082
10454.00000 0.00084
10456.00000 0.00085
10458.00000 0.00084
10460.00000 0.00083
10462.00000 0.00082
10464.00000 0.00082
10466.00000 0.00082
10468.00000 0.00082
10470.00000 0.00078
10472.00000 0.00084
10474.00000 0.00084
10476.00000 0.00081
10478.00000 0.00081
10480.00000 0.00082
10482.00000 0.00081
10484.00000 0.00078
10486.00000 0.0008
10488.00000 0.00081
10490.00000 0.00082
10492.00000 0.0008
10494.00000 0.00081
10496.00000 0.00079
10498.00000 0.00078
10500.00000 0.00079
10502.00000 0.00079
10504.00000 0.00076
10506.00000 0.00077
10508.00000 0.00078
10510.00000 0.00076
10512.00000 0.00078
10514.00000 0.00079
10516.00000 0.00077
10518.00000 0.00077
10520.00000 0.00077
10522.00000 0.00076
10524.00000 0.00076
10526.00000 0.00076
10528.00000 0.00077
10530.00000 0.00077
10532.00000 0.00073
10534.00000 0.00076
10536.00000 0.00074
10538.00000 0.00076
10540.00000 0.00076
10542.00000 0.00075
10544.00000 0.00076
