threeML/data/optical_filters/OSN/Johnson-Cousins_I2.ecsv
# %ECSV 0.9
# ---
# datatype:
# - {name: wavelength, unit: Angstrom, datatype: float32}
# - {name: response, datatype: float32}
# meta: !!omap
# - {band_name: Cousins_I2}
# - {group_name: Johnson}
wavelength response
6238.79980 0.0
6932.00000 4e-05
6934.00000 5e-05
6936.00000 5e-05
6938.00000 6e-05
6940.00000 6e-05
6942.00000 7e-05
6944.00000 9e-05
6946.00000 9e-05
6948.00000 0.00011
6950.00000 0.00012
6952.00000 0.00015
6954.00000 0.00016
6956.00000 0.00018
6958.00000 0.0002
6960.00000 0.00023
6962.00000 0.00026
6964.00000 0.0003
6966.00000 0.00033
6968.00000 0.00037
6970.00000 0.00042
6972.00000 0.00047
6974.00000 0.00052
6976.00000 0.00058
6978.00000 0.00064
6980.00000 0.00072
6982.00000 0.0008
6984.00000 0.00089
6986.00000 0.00098
6988.00000 0.0011
6990.00000 0.00121
6992.00000 0.00133
6994.00000 0.00146
6996.00000 0.00161
6998.00000 0.00177
7000.00000 0.00196
7002.00000 0.00213
7004.00000 0.00234
7006.00000 0.00256
7008.00000 0.00278
7010.00000 0.00306
7012.00000 0.00334
7014.00000 0.00362
7016.00000 0.00393
7018.00000 0.00429
7020.00000 0.00465
7022.00000 0.00504
7024.00000 0.00544
7026.00000 0.00589
7028.00000 0.00636
7030.00000 0.00685
7032.00000 0.0074
7034.00000 0.00795
7036.00000 0.00856
7038.00000 0.00918
7040.00000 0.00986
7042.00000 0.01054
7044.00000 0.01131
7046.00000 0.01204
7048.00000 0.01293
7050.00000 0.01373
7052.00000 0.01466
7054.00000 0.01561
7056.00000 0.0166
7058.00000 0.01764
7060.00000 0.01872
7062.00000 0.0199
7064.00000 0.02105
7066.00000 0.02232
7068.00000 0.02358
7070.00000 0.02492
7072.00000 0.02628
7074.00000 0.02777
7076.00000 0.02929
7078.00000 0.03091
7080.00000 0.03255
7082.00000 0.03424
7084.00000 0.03603
7086.00000 0.03781
7088.00000 0.03971
7090.00000 0.04176
7092.00000 0.04373
7094.00000 0.04584
7096.00000 0.04797
7098.00000 0.05019
7100.00000 0.05241
7102.00000 0.05487
7104.00000 0.05738
7106.00000 0.05984
7108.00000 0.06244
7110.00000 0.06507
7112.00000 0.06777
7114.00000 0.07058
7116.00000 0.07334
7118.00000 0.07633
7120.00000 0.07927
7122.00000 0.0824
7124.00000 0.08532
7126.00000 0.08858
7128.00000 0.09197
7130.00000 0.09531
7132.00000 0.09879
7134.00000 0.10223
7136.00000 0.10588
7138.00000 0.10943
7140.00000 0.11307
7142.00000 0.11683
7144.00000 0.12064
7146.00000 0.12441
7148.00000 0.12836
7150.00000 0.13216
7152.00000 0.13634
7154.00000 0.14053
7156.00000 0.1447
7158.00000 0.14889
7160.00000 0.15297
7162.00000 0.15734
7164.00000 0.16154
7166.00000 0.16612
7168.00000 0.1705
7170.00000 0.17526
7172.00000 0.17973
7174.00000 0.18429
7176.00000 0.18891
7178.00000 0.19349
7180.00000 0.19831
7182.00000 0.20311
7184.00000 0.20797
7186.00000 0.21274
7188.00000 0.21756
7190.00000 0.22248
7192.00000 0.22752
7194.00000 0.23287
7196.00000 0.23786
7198.00000 0.24271
7200.00000 0.24787
7202.00000 0.25278
7204.00000 0.2581
7206.00000 0.26349
7208.00000 0.26882
7210.00000 0.27384
7212.00000 0.27891
7214.00000 0.28466
7216.00000 0.28973
7218.00000 0.29529
7220.00000 0.30049
7222.00000 0.30585
7224.00000 0.31105
7226.00000 0.31671
7228.00000 0.32184
7230.00000 0.32723
7232.00000 0.33273
7234.00000 0.33823
7236.00000 0.34348
7238.00000 0.34905
7240.00000 0.35447
7242.00000 0.35986
7244.00000 0.36545
7246.00000 0.37051
7248.00000 0.37656
7250.00000 0.38131
7252.00000 0.38648
7254.00000 0.39185
7256.00000 0.39742
7258.00000 0.40275
7260.00000 0.40816
7262.00000 0.41304
7264.00000 0.41869
7266.00000 0.42395
7268.00000 0.42878
7270.00000 0.43412
7272.00000 0.43938
7274.00000 0.44439
7276.00000 0.44949
7278.00000 0.4546
7280.00000 0.45978
7282.00000 0.46488
7284.00000 0.46944
7286.00000 0.47513
7288.00000 0.48024
7290.00000 0.48471
7292.00000 0.48982
7294.00000 0.49432
7296.00000 0.49955
7298.00000 0.50461
7300.00000 0.50932
7302.00000 0.51401
7304.00000 0.51861
7306.00000 0.52319
7308.00000 0.52788
7310.00000 0.53313
7312.00000 0.53776
7314.00000 0.54204
7316.00000 0.54659
7318.00000 0.55145
7320.00000 0.55612
7322.00000 0.56011
7324.00000 0.56482
7326.00000 0.5691
7328.00000 0.57355
7330.00000 0.57781
7332.00000 0.58197
7334.00000 0.58635
7336.00000 0.59064
7338.00000 0.59495
7340.00000 0.59905
7342.00000 0.60373
7344.00000 0.60728
7346.00000 0.61126
7348.00000 0.61552
7350.00000 0.61963
7352.00000 0.62401
7354.00000 0.62684
7356.00000 0.63041
7358.00000 0.63489
7360.00000 0.63839
7362.00000 0.64218
7364.00000 0.64573
7366.00000 0.64949
7368.00000 0.65351
7370.00000 0.65693
7372.00000 0.65999
7374.00000 0.66416
7376.00000 0.66736
7378.00000 0.67009
7380.00000 0.67371
7382.00000 0.67683
7384.00000 0.67978
7386.00000 0.68382
7388.00000 0.68691
7390.00000 0.68984
7392.00000 0.69358
7394.00000 0.69598
7396.00000 0.69898
7398.00000 0.70232
7400.00000 0.7051
7402.00000 0.70778
7404.00000 0.71093
7406.00000 0.71357
7408.00000 0.71691
7410.00000 0.7193
7412.00000 0.7222
7414.00000 0.72432
7416.00000 0.72736
7418.00000 0.73005
7420.00000 0.73321
7422.00000 0.73544
7424.00000 0.73906
7426.00000 0.74036
7428.00000 0.7433
7430.00000 0.74607
7432.00000 0.74805
7434.00000 0.75062
7436.00000 0.75279
7438.00000 0.75525
7440.00000 0.7576
7442.00000 0.75964
7444.00000 0.76216
7446.00000 0.76417
7448.00000 0.76644
7450.00000 0.76867
7452.00000 0.77121
7454.00000 0.77291
7456.00000 0.77531
7458.00000 0.77678
7460.00000 0.77883
7462.00000 0.78028
7464.00000 0.78263
7466.00000 0.78434
7468.00000 0.78548
7470.00000 0.7884
7472.00000 0.78966
7474.00000 0.79146
7476.00000 0.7924
7478.00000 0.7942
7480.00000 0.79661
7482.00000 0.79881
7484.00000 0.7999
7486.00000 0.80176
7488.00000 0.80374
7490.00000 0.80526
7492.00000 0.80637
7494.00000 0.80752
7496.00000 0.81014
7498.00000 0.81157
7500.00000 0.8128
7502.00000 0.81415
7504.00000 0.81527
7506.00000 0.81676
7508.00000 0.81733
7510.00000 0.81913
7512.00000 0.82095
7514.00000 0.8228
7516.00000 0.82332
7518.00000 0.82416
7520.00000 0.82654
7522.00000 0.82696
7524.00000 0.82872
7526.00000 0.8308
7528.00000 0.8301
7530.00000 0.83175
7532.00000 0.83311
7534.00000 0.83426
7536.00000 0.83432
7538.00000 0.83603
7540.00000 0.83737
7542.00000 0.83784
7544.00000 0.83861
7546.00000 0.84042
7548.00000 0.84002
7550.00000 0.84265
7552.00000 0.84355
7554.00000 0.84356
7556.00000 0.8458
7558.00000 0.84595
7560.00000 0.84767
7562.00000 0.84691
7564.00000 0.84857
7566.00000 0.84976
7568.00000 0.85079
7570.00000 0.85192
7572.00000 0.85174
7574.00000 0.853
7576.00000 0.85328
7578.00000 0.85475
7580.00000 0.85503
7582.00000 0.85652
7584.00000 0.85661
7586.00000 0.85752
7588.00000 0.85901
7590.00000 0.85763
7592.00000 0.8594
7594.00000 0.85958
7596.00000 0.86063
7598.00000 0.86145
7600.00000 0.86164
7602.00000 0.86277
7604.00000 0.86436
7606.00000 0.86395
7608.00000 0.86413
7610.00000 0.86517
7612.00000 0.86597
7614.00000 0.86599
7616.00000 0.86661
7618.00000 0.86752
7620.00000 0.86794
7622.00000 0.86802
7624.00000 0.86802
7626.00000 0.86943
7628.00000 0.86975
7630.00000 0.87075
7632.00000 0.87113
7634.00000 0.8713
7636.00000 0.87152
7638.00000 0.87239
7640.00000 0.87271
7642.00000 0.87414
7644.00000 0.87305
7646.00000 0.8739
7648.00000 0.87439
7650.00000 0.8749
7652.00000 0.87494
7654.00000 0.87582
7656.00000 0.87516
7658.00000 0.87673
7660.00000 0.87665
7662.00000 0.87715
7664.00000 0.87729
7666.00000 0.87834
7668.00000 0.87847
7670.00000 0.87699
7672.00000 0.87921
7674.00000 0.87849
7676.00000 0.88008
7678.00000 0.88046
7680.00000 0.88004
7682.00000 0.87963
7684.00000 0.88048
7686.00000 0.88145
7688.00000 0.88152
7690.00000 0.88142
7692.00000 0.88154
7694.00000 0.88151
7696.00000 0.88192
7698.00000 0.88195
7700.00000 0.88292
7702.00000 0.88294
7704.00000 0.8821
7706.00000 0.88326
7708.00000 0.88311
7710.00000 0.88303
7712.00000 0.88437
7714.00000 0.88426
7716.00000 0.88337
7718.00000 0.88435
7720.00000 0.88448
7722.00000 0.88509
7724.00000 0.88454
7726.00000 0.88517
7728.00000 0.88678
7730.00000 0.8854
7732.00000 0.88587
7734.00000 0.88563
7736.00000 0.88629
7738.00000 0.88712
7740.00000 0.88589
7742.00000 0.88677
7744.00000 0.88737
7746.00000 0.88636
7748.00000 0.88647
7750.00000 0.88852
7752.00000 0.88798
7754.00000 0.88767
7756.00000 0.88695
7758.00000 0.88749
7760.00000 0.88779
7762.00000 0.88806
7764.00000 0.88857
7766.00000 0.88877
7768.00000 0.88836
7770.00000 0.88758
7772.00000 0.88745
7774.00000 0.88899
7776.00000 0.88887
7778.00000 0.88869
7780.00000 0.8889
7782.00000 0.88896
7784.00000 0.88983
7786.00000 0.8899
7788.00000 0.8891
7790.00000 0.88999
7792.00000 0.88924
7794.00000 0.8896
7796.00000 0.88927
7798.00000 0.88864
7800.00000 0.88921
7802.00000 0.8894
7804.00000 0.88982
7806.00000 0.89078
7808.00000 0.89045
7810.00000 0.88958
7812.00000 0.89091
7814.00000 0.89
7816.00000 0.88956
7818.00000 0.89037
7820.00000 0.8906
7822.00000 0.89034
7824.00000 0.89064
7826.00000 0.89068
7828.00000 0.89076
7830.00000 0.89005
7832.00000 0.8908
7834.00000 0.89085
7836.00000 0.89096
7838.00000 0.89012
7840.00000 0.8917
7842.00000 0.89099
7844.00000 0.891
7846.00000 0.89021
7848.00000 0.89089
7850.00000 0.89145
7852.00000 0.89165
7854.00000 0.89075
7856.00000 0.89161
7858.00000 0.89081
7860.00000 0.89104
7862.00000 0.89215
7864.00000 0.89106
7866.00000 0.89175
7868.00000 0.89116
7870.00000 0.8904
7872.00000 0.8906
7874.00000 0.89051
7876.00000 0.89027
7878.00000 0.89097
7880.00000 0.89135
7882.00000 0.892
7884.00000 0.89052
7886.00000 0.89039
7888.00000 0.89365
7890.00000 0.89091
7892.00000 0.89123
7894.00000 0.89167
7896.00000 0.8914
7898.00000 0.8911
7900.00000 0.89063
7902.00000 0.89055
7904.00000 0.89027
7906.00000 0.89155
7908.00000 0.89114
7910.00000 0.89142
7912.00000 0.89177
7914.00000 0.89125
7916.00000 0.89128
7918.00000 0.8909
7920.00000 0.89132
7922.00000 0.89206
7924.00000 0.89004
7926.00000 0.89155
7928.00000 0.89074
7930.00000 0.89144
7932.00000 0.89123
7934.00000 0.89067
7936.00000 0.89155
7938.00000 0.89113
7940.00000 0.89192
7942.00000 0.89103
7944.00000 0.89121
7946.00000 0.89118
7948.00000 0.88995
7950.00000 0.89186
7952.00000 0.89019
7954.00000 0.89076
7956.00000 0.89122
7958.00000 0.89167
7960.00000 0.89145
7962.00000 0.8919
7964.00000 0.89004
7966.00000 0.89081
7968.00000 0.89131
7970.00000 0.89093
7972.00000 0.89072
7974.00000 0.89133
7976.00000 0.89076
7978.00000 0.8895
7980.00000 0.88978
7982.00000 0.89075
7984.00000 0.89026
7986.00000 0.89052
7988.00000 0.8898
7990.00000 0.88921
7992.00000 0.89034
7994.00000 0.89013
7996.00000 0.89036
7998.00000 0.89201
8000.00000 0.89209
8002.00000 0.89206
8004.00000 0.89199
8006.00000 0.89189
8008.00000 0.89187
8010.00000 0.89184
8012.00000 0.89174
8014.00000 0.8917
8016.00000 0.89164
8018.00000 0.8916
8020.00000 0.8915
8022.00000 0.89144
8024.00000 0.89128
8026.00000 0.89132
8028.00000 0.89123
8030.00000 0.89125
8032.00000 0.89112
8034.00000 0.89113
8036.00000 0.89117
8038.00000 0.89107
8040.00000 0.89097
8042.00000 0.89092
8044.00000 0.89093
8046.00000 0.89082
8048.00000 0.89077
8050.00000 0.89069
8052.00000 0.89057
8054.00000 0.89051
8056.00000 0.8905
8058.00000 0.89037
8060.00000 0.8903
8062.00000 0.8903
8064.00000 0.89032
8066.00000 0.89021
8068.00000 0.89017
8070.00000 0.89008
8072.00000 0.89005
8074.00000 0.88993
8076.00000 0.88996
8078.00000 0.88988
8080.00000 0.88975
8082.00000 0.8897
8084.00000 0.8896
8086.00000 0.88954
8088.00000 0.88949
8090.00000 0.88936
8092.00000 0.88922
8094.00000 0.8893
8096.00000 0.88923
8098.00000 0.88922
8100.00000 0.88915
8102.00000 0.88894
8104.00000 0.88882
8106.00000 0.88877
8108.00000 0.88876
8110.00000 0.88865
8112.00000 0.88859
8114.00000 0.88861
8116.00000 0.88849
8118.00000 0.88834
8120.00000 0.88822
8122.00000 0.88804
8124.00000 0.88812
8126.00000 0.88804
8128.00000 0.88794
8130.00000 0.88786
8132.00000 0.88778
8134.00000 0.88775
8136.00000 0.88762
8138.00000 0.88752
8140.00000 0.88736
8142.00000 0.88738
8144.00000 0.88716
8146.00000 0.88718
8148.00000 0.88714
8150.00000 0.88698
8152.00000 0.88695
8154.00000 0.88701
8156.00000 0.88681
8158.00000 0.88671
8160.00000 0.88657
8162.00000 0.88646
8164.00000 0.88647
8166.00000 0.88643
8168.00000 0.88637
8170.00000 0.88639
8172.00000 0.88614
8174.00000 0.88598
8176.00000 0.886
8178.00000 0.88579
8180.00000 0.88578
8182.00000 0.88568
8184.00000 0.88554
8186.00000 0.8855
8188.00000 0.88546
8190.00000 0.88541
8192.00000 0.88517
8194.00000 0.88515
8196.00000 0.88499
8198.00000 0.88496
8200.00000 0.88477
8202.00000 0.88475
8204.00000 0.88463
8206.00000 0.88457
8208.00000 0.88448
8210.00000 0.88444
8212.00000 0.88432
8214.00000 0.88416
8216.00000 0.88406
8218.00000 0.88388
8220.00000 0.88388
8222.00000 0.88373
8224.00000 0.88367
8226.00000 0.88357
8228.00000 0.88356
8230.00000 0.8834
8232.00000 0.88323
8234.00000 0.88325
8236.00000 0.88311
8238.00000 0.88298
8240.00000 0.88288
8242.00000 0.88283
8244.00000 0.88275
8246.00000 0.88261
8248.00000 0.88244
8250.00000 0.8824
8252.00000 0.8822
8254.00000 0.88218
8256.00000 0.88204
8258.00000 0.88195
8260.00000 0.88189
8262.00000 0.88176
8264.00000 0.88167
8266.00000 0.88155
8268.00000 0.88134
8270.00000 0.88129
8272.00000 0.88128
8274.00000 0.88117
8276.00000 0.88101
8278.00000 0.88087
8280.00000 0.88076
8282.00000 0.88063
8284.00000 0.88048
8286.00000 0.88051
8288.00000 0.88034
8290.00000 0.88013
8292.00000 0.8801
8294.00000 0.87998
8296.00000 0.87988
8298.00000 0.87979
8300.00000 0.87966
8302.00000 0.87959
8304.00000 0.87943
8306.00000 0.87936
8308.00000 0.87924
8310.00000 0.8791
8312.00000 0.879
8314.00000 0.87885
8316.00000 0.87871
8318.00000 0.87868
8320.00000 0.87858
8322.00000 0.87849
8324.00000 0.87839
8326.00000 0.87822
8328.00000 0.87806
8330.00000 0.87805
8332.00000 0.8779
8334.00000 0.87769
8336.00000 0.87755
8338.00000 0.87738
8340.00000 0.87739
8342.00000 0.87728
8344.00000 0.87703
8346.00000 0.87697
8348.00000 0.87689
8350.00000 0.87672
8352.00000 0.87666
8354.00000 0.87648
8356.00000 0.87642
8358.00000 0.87631
8360.00000 0.87618
8362.00000 0.876
8364.00000 0.87598
8366.00000 0.87582
8368.00000 0.87563
8370.00000 0.87554
8372.00000 0.87538
8374.00000 0.87521
8376.00000 0.87514
8378.00000 0.87496
8380.00000 0.87486
8382.00000 0.87471
8384.00000 0.87463
8386.00000 0.87459
8388.00000 0.8744
8390.00000 0.87421
8392.00000 0.87411
8394.00000 0.87398
8396.00000 0.87384
8398.00000 0.87374
8400.00000 0.87364
8402.00000 0.87336
8404.00000 0.87335
8406.00000 0.87325
8408.00000 0.87301
8410.00000 0.87294
8412.00000 0.8728
8414.00000 0.87266
8416.00000 0.87245
8418.00000 0.87242
8420.00000 0.87216
8422.00000 0.87208
8424.00000 0.87203
8426.00000 0.87188
8428.00000 0.87177
8430.00000 0.87158
8432.00000 0.87142
8434.00000 0.8713
8436.00000 0.87121
8438.00000 0.87098
8440.00000 0.87086
8442.00000 0.87081
8444.00000 0.87072
8446.00000 0.87048
8448.00000 0.87031
8450.00000 0.87023
8452.00000 0.87014
8454.00000 0.86997
8456.00000 0.86978
8458.00000 0.86972
8460.00000 0.86956
8462.00000 0.86938
8464.00000 0.8693
8466.00000 0.86908
8468.00000 0.86889
8470.00000 0.86885
8472.00000 0.8687
8474.00000 0.86856
8476.00000 0.86835
8478.00000 0.86822
8480.00000 0.8681
8482.00000 0.86798
8484.00000 0.86776
8486.00000 0.86759
8488.00000 0.86743
8490.00000 0.86742
8492.00000 0.86729
8494.00000 0.86698
8496.00000 0.86693
8498.00000 0.86679
8500.00000 0.86662
8502.00000 0.86655
8504.00000 0.86627
8506.00000 0.8661
8508.00000 0.86607
8510.00000 0.86588
8512.00000 0.86575
8514.00000 0.8655
8516.00000 0.86535
8518.00000 0.86535
8520.00000 0.86508
8522.00000 0.86487
8524.00000 0.86467
8526.00000 0.86459
8528.00000 0.86439
8530.00000 0.86428
8532.00000 0.86403
8534.00000 0.8639
8536.00000 0.86381
8538.00000 0.86368
8540.00000 0.86347
8542.00000 0.86326
8544.00000 0.86312
8546.00000 0.86302
8548.00000 0.86289
8550.00000 0.86268
8552.00000 0.86247
8554.00000 0.86242
8556.00000 0.86229
8558.00000 0.86204
8560.00000 0.86186
8562.00000 0.86166
8564.00000 0.86158
8566.00000 0.86141
8568.00000 0.86121
8570.00000 0.86105
8572.00000 0.86093
8574.00000 0.86078
8576.00000 0.86054
8578.00000 0.86046
8580.00000 0.86015
8582.00000 0.86008
8584.00000 0.86
8586.00000 0.85983
8588.00000 0.85958
8590.00000 0.85925
8592.00000 0.85934
8594.00000 0.85913
8596.00000 0.85896
8598.00000 0.85862
8600.00000 0.85857
8602.00000 0.85853
8604.00000 0.85831
8606.00000 0.85804
8608.00000 0.85785
8610.00000 0.85769
8612.00000 0.85757
8614.00000 0.85739
8616.00000 0.85714
8618.00000 0.85698
8620.00000 0.85673
8622.00000 0.8567
8624.00000 0.8566
