threeML/data/optical_filters/OSN/Stromgren-y_z1.ecsv
# %ECSV 0.9
# ---
# datatype:
# - {name: wavelength, unit: Angstrom, datatype: float32}
# - {name: response, datatype: float32}
# meta: !!omap
# - {band_name: y_z1}
# - {group_name: Stromgren}
wavelength response
4590.00000 0.0
5100.00000 0.00011
5102.00000 0.00011
5104.00000 0.00011
5106.00000 0.0001
5108.00000 0.0001
5110.00000 0.0001
5112.00000 9e-05
5114.00000 9e-05
5116.00000 9e-05
5118.00000 9e-05
5120.00000 9e-05
5122.00000 8e-05
5124.00000 8e-05
5126.00000 8e-05
5128.00000 8e-05
5130.00000 8e-05
5132.00000 8e-05
5134.00000 8e-05
5136.00000 8e-05
5138.00000 8e-05
5140.00000 8e-05
5142.00000 8e-05
5144.00000 8e-05
5146.00000 8e-05
5148.00000 9e-05
5150.00000 9e-05
5152.00000 9e-05
5154.00000 0.0001
5156.00000 0.0001
5158.00000 0.0001
5160.00000 0.0001
5162.00000 0.0001
5164.00000 0.00011
5166.00000 0.00011
5168.00000 0.00012
5170.00000 0.00012
5172.00000 0.00012
5174.00000 0.00013
5176.00000 0.00014
5178.00000 0.00015
5180.00000 0.00016
5182.00000 0.00016
5184.00000 0.00018
5186.00000 0.00019
5188.00000 0.0002
5190.00000 0.00021
5192.00000 0.00023
5194.00000 0.00025
5196.00000 0.00026
5198.00000 0.00028
5200.00000 0.0003
5202.00000 0.00033
5204.00000 0.00036
5206.00000 0.00039
5208.00000 0.00043
5210.00000 0.00046
5212.00000 0.00051
5214.00000 0.00057
5216.00000 0.00063
5218.00000 0.00069
5220.00000 0.00077
5222.00000 0.00085
5224.00000 0.00095
5226.00000 0.00107
5228.00000 0.00119
5230.00000 0.00134
5232.00000 0.00151
5234.00000 0.00169
5236.00000 0.0019
5238.00000 0.00215
5240.00000 0.00243
5242.00000 0.00274
5244.00000 0.00307
5246.00000 0.00345
5248.00000 0.00382
5250.00000 0.00423
5252.00000 0.00462
5254.00000 0.00505
5256.00000 0.00545
5258.00000 0.00583
5260.00000 0.00616
5262.00000 0.00641
5264.00000 0.00664
5266.00000 0.00679
5268.00000 0.00689
5270.00000 0.00693
5272.00000 0.00693
5274.00000 0.00688
5276.00000 0.00684
5278.00000 0.00674
5280.00000 0.00664
5282.00000 0.00655
5284.00000 0.00644
5286.00000 0.00638
5288.00000 0.00629
5290.00000 0.00621
5292.00000 0.00616
5294.00000 0.00613
5296.00000 0.0061
5298.00000 0.00611
5300.00000 0.00612
5302.00000 0.00615
5304.00000 0.00622
5306.00000 0.00627
5308.00000 0.00637
5310.00000 0.00649
5312.00000 0.00661
5314.00000 0.00677
5316.00000 0.00695
5318.00000 0.00716
5320.00000 0.00735
5322.00000 0.00763
5324.00000 0.00792
5326.00000 0.00823
5328.00000 0.00861
5330.00000 0.00901
5332.00000 0.00947
5334.00000 0.00998
5336.00000 0.01054
5338.00000 0.01117
5340.00000 0.01186
5342.00000 0.01265
5344.00000 0.0135
5346.00000 0.01448
5348.00000 0.01558
5350.00000 0.01681
5352.00000 0.01811
5354.00000 0.01962
5356.00000 0.02138
5358.00000 0.02334
5360.00000 0.02563
5362.00000 0.0283
5364.00000 0.03125
5366.00000 0.0346
5368.00000 0.03858
5370.00000 0.04298
5372.00000 0.04822
5374.00000 0.0543
5376.00000 0.06151
5378.00000 0.06947
5380.00000 0.0791
5382.00000 0.09007
5384.00000 0.10318
5386.00000 0.11833
5388.00000 0.13652
5390.00000 0.15687
5392.00000 0.18016
5394.00000 0.20772
5396.00000 0.2373
5398.00000 0.27165
5400.00000 0.30891
5402.00000 0.3497
5404.00000 0.38909
5406.00000 0.42968
5408.00000 0.46711
5410.00000 0.50183
5412.00000 0.53083
5414.00000 0.55441
5416.00000 0.57051
5418.00000 0.57961
5420.00000 0.58311
5422.00000 0.58153
5424.00000 0.57598
5426.00000 0.56812
5428.00000 0.55797
5430.00000 0.54797
5432.00000 0.53784
5434.00000 0.52857
5436.00000 0.5201
5438.00000 0.51244
5440.00000 0.50619
5442.00000 0.50147
5444.00000 0.49884
5446.00000 0.49669
5448.00000 0.49619
5450.00000 0.49692
5452.00000 0.49875
5454.00000 0.50183
5456.00000 0.50588
5458.00000 0.51098
5460.00000 0.51697
5462.00000 0.52328
5464.00000 0.53081
5466.00000 0.53848
5468.00000 0.5464
5470.00000 0.55472
5472.00000 0.5629
5474.00000 0.57083
5476.00000 0.57863
5478.00000 0.5861
5480.00000 0.59273
5482.00000 0.59861
5484.00000 0.60377
5486.00000 0.60831
5488.00000 0.61177
5490.00000 0.61392
5492.00000 0.61541
5494.00000 0.61594
5496.00000 0.61532
5498.00000 0.61393
5500.00000 0.61199
5502.00000 0.60907
5504.00000 0.60594
5506.00000 0.60193
5508.00000 0.59812
5510.00000 0.59362
5512.00000 0.58895
5514.00000 0.5843
5516.00000 0.57935
5518.00000 0.57487
5520.00000 0.57045
5522.00000 0.56595
5524.00000 0.56158
5526.00000 0.55738
5528.00000 0.55369
5530.00000 0.54988
5532.00000 0.54639
5534.00000 0.54327
5536.00000 0.53988
5538.00000 0.53687
5540.00000 0.53374
5542.00000 0.53057
5544.00000 0.52753
5546.00000 0.52473
5548.00000 0.52164
5550.00000 0.51881
5552.00000 0.51534
5554.00000 0.51234
5556.00000 0.50897
5558.00000 0.50562
5560.00000 0.50213
5562.00000 0.4988
5564.00000 0.49511
5566.00000 0.49162
5568.00000 0.48797
5570.00000 0.48421
5572.00000 0.48083
5574.00000 0.47742
5576.00000 0.47432
5578.00000 0.47094
5580.00000 0.46808
5582.00000 0.46518
5584.00000 0.46244
5586.00000 0.45994
5588.00000 0.45726
5590.00000 0.45444
5592.00000 0.45141
5594.00000 0.44813
5596.00000 0.44382
5598.00000 0.43898
5600.00000 0.43291
5602.00000 0.42568
5604.00000 0.41672
5606.00000 0.40547
5608.00000 0.39257
5610.00000 0.3764
5612.00000 0.35914
5614.00000 0.33934
5616.00000 0.318
5618.00000 0.29516
5620.00000 0.27133
5622.00000 0.24673
5624.00000 0.22262
5626.00000 0.1997
5628.00000 0.17746
5630.00000 0.15742
5632.00000 0.13861
5634.00000 0.12187
5636.00000 0.10599
5638.00000 0.09322
5640.00000 0.0814
5642.00000 0.07129
5644.00000 0.06229
5646.00000 0.05444
5648.00000 0.0476
5650.00000 0.04162
5652.00000 0.03671
5654.00000 0.03228
5656.00000 0.02852
5658.00000 0.0252
5660.00000 0.02234
5662.00000 0.01975
5664.00000 0.01756
5666.00000 0.01573
5668.00000 0.01405
5670.00000 0.01261
5672.00000 0.01133
5674.00000 0.01016
5676.00000 0.00917
5678.00000 0.0083
5680.00000 0.00752
5682.00000 0.00684
5684.00000 0.00621
5686.00000 0.00566
5688.00000 0.00518
5690.00000 0.00475
5692.00000 0.00436
5694.00000 0.00402
5696.00000 0.0037
5698.00000 0.00342
5700.00000 0.00315
5702.00000 0.00292
5704.00000 0.00272
5706.00000 0.00254
5708.00000 0.00236
5710.00000 0.00221
5712.00000 0.00206
5714.00000 0.00193
5716.00000 0.0018
5718.00000 0.0017
5720.00000 0.0016
5722.00000 0.00151
5724.00000 0.00143
5726.00000 0.00135
5728.00000 0.00128
5730.00000 0.00121
5732.00000 0.00116
5734.00000 0.00109
5736.00000 0.00106
5738.00000 0.00101
5740.00000 0.00096
5742.00000 0.00093
5744.00000 0.00088
5746.00000 0.00085
5748.00000 0.00082
5750.00000 0.00079
5752.00000 0.00077
5754.00000 0.00074
5756.00000 0.00072
5758.00000 0.00071
5760.00000 0.00069
5762.00000 0.00068
5764.00000 0.00066
5766.00000 0.00065
5768.00000 0.00064
5770.00000 0.00063
5772.00000 0.00061
5774.00000 0.00061
5776.00000 0.00061
5778.00000 0.00059
5780.00000 0.0006
5782.00000 0.00059
5784.00000 0.00059
5786.00000 0.00059
5788.00000 0.00059
5790.00000 0.0006
5792.00000 0.0006
5794.00000 0.00061
5796.00000 0.00061
5798.00000 0.00062
5800.00000 0.00064
5802.00000 0.00065
5804.00000 0.00067
5806.00000 0.00068
5808.00000 0.0007
5810.00000 0.00072
5812.00000 0.00074
5814.00000 0.00077
5816.00000 0.00079
5818.00000 0.00083
5820.00000 0.00085
5822.00000 0.00088
5824.00000 0.00091
5826.00000 0.00093
5828.00000 0.00095
5830.00000 0.00096
5832.00000 0.00097
5834.00000 0.00097
5836.00000 0.00097
5838.00000 0.00094
5840.00000 0.00091
5842.00000 0.00087
5844.00000 0.00081
5846.00000 0.00075
5848.00000 0.0007
5850.00000 0.00064
5852.00000 0.00058
5854.00000 0.00052
5856.00000 0.00046
5858.00000 0.00041
5860.00000 0.00037
5862.00000 0.00033
5864.00000 0.00029
5866.00000 0.00026
5868.00000 0.00023
5870.00000 0.0002
5872.00000 0.00018
5874.00000 0.00016
5876.00000 0.00014
5878.00000 0.00013
5880.00000 0.00012
5882.00000 0.0001
5884.00000 9e-05
5886.00000 9e-05
5888.00000 8e-05
5890.00000 7e-05
5892.00000 6e-05
5894.00000 6e-05
5896.00000 5e-05
5898.00000 5e-05
5900.00000 4e-05
6490.00000 0.0
