threeML/data/optical_filters/OSN/Stromgren-Hbetaw_z2.ecsv
# %ECSV 0.9
# ---
# datatype:
# - {name: wavelength, unit: Angstrom, datatype: float32}
# - {name: response, datatype: float32}
# meta: !!omap
# - {band_name: Hbetaw_z2}
# - {group_name: Stromgren}
wavelength response
4230.00000 0.0
4700.00000 6e-05
4702.00000 6e-05
4704.00000 6e-05
4706.00000 7e-05
4708.00000 7e-05
4710.00000 8e-05
4712.00000 9e-05
4714.00000 9e-05
4716.00000 0.00011
4718.00000 0.00012
4720.00000 0.00012
4722.00000 0.00014
4724.00000 0.00015
4726.00000 0.00017
4728.00000 0.00019
4730.00000 0.0002
4732.00000 0.00023
4734.00000 0.00026
4736.00000 0.00028
4738.00000 0.00032
4740.00000 0.00035
4742.00000 0.0004
4744.00000 0.00044
4746.00000 0.0005
4748.00000 0.00055
4750.00000 0.00063
4752.00000 0.0007
4754.00000 0.00079
4756.00000 0.00088
4758.00000 0.00098
4760.00000 0.00111
4762.00000 0.00124
4764.00000 0.00137
4766.00000 0.00153
4768.00000 0.00169
4770.00000 0.00188
4772.00000 0.0021
4774.00000 0.00234
4776.00000 0.00258
4778.00000 0.00287
4780.00000 0.00316
4782.00000 0.0035
4784.00000 0.0039
4786.00000 0.00434
4788.00000 0.00482
4790.00000 0.00537
4792.00000 0.00599
4794.00000 0.00669
4796.00000 0.00751
4798.00000 0.00846
4800.00000 0.00958
4802.00000 0.01083
4804.00000 0.01234
4806.00000 0.01408
4808.00000 0.01609
4810.00000 0.01863
4812.00000 0.02155
4814.00000 0.02514
4816.00000 0.02938
4818.00000 0.03455
4820.00000 0.04077
4822.00000 0.04857
4824.00000 0.05802
4826.00000 0.06971
4828.00000 0.08328
4830.00000 0.10033
4832.00000 0.11975
4834.00000 0.14351
4836.00000 0.17055
4838.00000 0.20097
4840.00000 0.23298
4842.00000 0.26507
4844.00000 0.29691
4846.00000 0.32469
4848.00000 0.34858
4850.00000 0.36711
4852.00000 0.37985
4854.00000 0.38744
4856.00000 0.39125
4858.00000 0.39187
4860.00000 0.39107
4862.00000 0.38916
4864.00000 0.38741
4866.00000 0.38557
4868.00000 0.38455
4870.00000 0.38399
4872.00000 0.38415
4874.00000 0.38463
4876.00000 0.38555
4878.00000 0.38685
4880.00000 0.38787
4882.00000 0.38873
4884.00000 0.38888
4886.00000 0.38879
4888.00000 0.38829
4890.00000 0.38663
4892.00000 0.38496
4894.00000 0.38315
4896.00000 0.3806
4898.00000 0.37796
4900.00000 0.37552
4902.00000 0.37312
4904.00000 0.37104
4906.00000 0.36978
4908.00000 0.36852
4910.00000 0.36718
4912.00000 0.36616
4914.00000 0.36504
4916.00000 0.36288
4918.00000 0.35943
4920.00000 0.35429
4922.00000 0.34595
4924.00000 0.3349
4926.00000 0.31994
4928.00000 0.30121
4930.00000 0.27893
4932.00000 0.25526
4934.00000 0.22967
4936.00000 0.20443
4938.00000 0.17925
4940.00000 0.15607
4942.00000 0.13381
4944.00000 0.11464
4946.00000 0.0981
4948.00000 0.08344
4950.00000 0.07147
4952.00000 0.06086
4954.00000 0.05197
4956.00000 0.04426
4958.00000 0.03814
4960.00000 0.03284
4962.00000 0.02841
4964.00000 0.02463
4966.00000 0.02138
4968.00000 0.01859
4970.00000 0.01622
4972.00000 0.01425
4974.00000 0.01256
4976.00000 0.01111
4978.00000 0.00987
4980.00000 0.00875
4982.00000 0.00779
4984.00000 0.00697
4986.00000 0.00623
4988.00000 0.00562
4990.00000 0.00506
4992.00000 0.00456
4994.00000 0.00413
4996.00000 0.00373
4998.00000 0.00339
5000.00000 0.00307
5002.00000 0.00277
5004.00000 0.00253
5006.00000 0.00229
5008.00000 0.00209
5010.00000 0.0019
5012.00000 0.00173
5014.00000 0.00158
5016.00000 0.00143
5018.00000 0.0013
5020.00000 0.00119
5022.00000 0.00108
5024.00000 0.00098
5026.00000 0.0009
5028.00000 0.00081
5030.00000 0.00074
5032.00000 0.00067
5034.00000 0.00061
5036.00000 0.00055
5038.00000 0.0005
5040.00000 0.00046
5042.00000 0.00042
5044.00000 0.00038
5046.00000 0.00034
5048.00000 0.00031
5050.00000 0.00028
5052.00000 0.00026
5054.00000 0.00023
5056.00000 0.00021
5058.00000 0.00019
5060.00000 0.00017
5062.00000 0.00016
5064.00000 0.00014
5066.00000 0.00013
5068.00000 0.00012
5070.00000 0.00011
5072.00000 0.0001
5074.00000 9e-05
5076.00000 8e-05
5078.00000 8e-05
5080.00000 7e-05
5082.00000 6e-05
5084.00000 6e-05
5086.00000 6e-05
5088.00000 5e-05
5090.00000 5e-05
5092.00000 5e-05
5094.00000 4e-05
5096.00000 4e-05
5098.00000 4e-05
5607.79980 0.0
