threeML/data/optical_filters/OSN/Stromgren-v_z3.ecsv
# %ECSV 0.9
# ---
# datatype:
# - {name: wavelength, unit: Angstrom, datatype: float32}
# - {name: response, datatype: float32}
# meta: !!omap
# - {band_name: v_z3}
# - {group_name: Stromgren}
wavelength response
3150.00000 0.0
3500.00000 6e-05
3502.00000 6e-05
3504.00000 7e-05
3506.00000 7e-05
3508.00000 6e-05
3510.00000 6e-05
3512.00000 6e-05
3514.00000 7e-05
3516.00000 6e-05
3518.00000 6e-05
3520.00000 6e-05
3522.00000 6e-05
3524.00000 6e-05
3526.00000 6e-05
3528.00000 6e-05
3530.00000 6e-05
3532.00000 7e-05
3534.00000 6e-05
3536.00000 6e-05
3538.00000 7e-05
3540.00000 7e-05
3542.00000 6e-05
3544.00000 6e-05
3546.00000 6e-05
3548.00000 6e-05
3550.00000 7e-05
3552.00000 7e-05
3554.00000 6e-05
3556.00000 7e-05
3558.00000 7e-05
3560.00000 7e-05
3562.00000 7e-05
3564.00000 7e-05
3566.00000 7e-05
3568.00000 7e-05
3570.00000 7e-05
3572.00000 7e-05
3574.00000 7e-05
3576.00000 7e-05
3578.00000 7e-05
3580.00000 7e-05
3582.00000 7e-05
3584.00000 7e-05
3586.00000 7e-05
3588.00000 7e-05
3590.00000 7e-05
3592.00000 7e-05
3594.00000 7e-05
3596.00000 7e-05
3598.00000 7e-05
3600.00000 7e-05
3602.00000 7e-05
3604.00000 7e-05
3606.00000 7e-05
3608.00000 7e-05
3610.00000 7e-05
3612.00000 7e-05
3614.00000 7e-05
3616.00000 7e-05
3618.00000 7e-05
3620.00000 7e-05
3622.00000 7e-05
3624.00000 7e-05
3626.00000 7e-05
3628.00000 7e-05
3630.00000 7e-05
3632.00000 7e-05
3634.00000 7e-05
3636.00000 7e-05
3638.00000 7e-05
3640.00000 7e-05
3642.00000 7e-05
3644.00000 7e-05
3646.00000 7e-05
3648.00000 7e-05
3650.00000 7e-05
3652.00000 7e-05
3654.00000 7e-05
3656.00000 7e-05
3658.00000 7e-05
3660.00000 7e-05
3662.00000 7e-05
3664.00000 7e-05
3666.00000 7e-05
3668.00000 7e-05
3670.00000 7e-05
3672.00000 7e-05
3674.00000 8e-05
3676.00000 7e-05
3678.00000 7e-05
3680.00000 7e-05
3682.00000 7e-05
3684.00000 8e-05
3686.00000 7e-05
3688.00000 7e-05
3690.00000 7e-05
3692.00000 7e-05
3694.00000 7e-05
3696.00000 7e-05
3698.00000 7e-05
3700.00000 7e-05
3702.00000 7e-05
3704.00000 8e-05
3706.00000 7e-05
3708.00000 7e-05
3710.00000 7e-05
3712.00000 7e-05
3714.00000 7e-05
3716.00000 7e-05
3718.00000 7e-05
3720.00000 8e-05
3722.00000 7e-05
3724.00000 7e-05
3726.00000 7e-05
3728.00000 7e-05
3730.00000 7e-05
3732.00000 7e-05
3734.00000 7e-05
3736.00000 7e-05
3738.00000 7e-05
3740.00000 7e-05
3742.00000 7e-05
3744.00000 7e-05
3746.00000 7e-05
3748.00000 7e-05
3750.00000 8e-05
3752.00000 7e-05
3754.00000 7e-05
3756.00000 7e-05
3758.00000 8e-05
3760.00000 7e-05
3762.00000 8e-05
3764.00000 7e-05
3766.00000 8e-05
3768.00000 8e-05
3770.00000 7e-05
3772.00000 7e-05
3774.00000 8e-05
3776.00000 7e-05
3778.00000 8e-05
3780.00000 8e-05
3782.00000 7e-05
3784.00000 8e-05
3786.00000 8e-05
3788.00000 8e-05
3790.00000 8e-05
3792.00000 8e-05
3794.00000 8e-05
3796.00000 8e-05
3798.00000 8e-05
3800.00000 8e-05
3802.00000 8e-05
3804.00000 8e-05
3806.00000 8e-05
3808.00000 8e-05
3810.00000 8e-05
3812.00000 8e-05
3814.00000 8e-05
3816.00000 8e-05
3818.00000 8e-05
3820.00000 8e-05
3822.00000 8e-05
3824.00000 8e-05
3826.00000 9e-05
3828.00000 8e-05
3830.00000 8e-05
3832.00000 9e-05
3834.00000 9e-05
3836.00000 9e-05
3838.00000 9e-05
3840.00000 9e-05
3842.00000 9e-05
3844.00000 9e-05
3846.00000 0.0001
3848.00000 0.0001
3850.00000 0.0001
3852.00000 0.0001
3854.00000 0.0001
3856.00000 0.0001
3858.00000 0.00011
3860.00000 0.00011
3862.00000 0.00012
3864.00000 0.00012
3866.00000 0.00012
3868.00000 0.00013
3870.00000 0.00014
3872.00000 0.00014
3874.00000 0.00015
3876.00000 0.00016
3878.00000 0.00017
3880.00000 0.00018
3882.00000 0.00019
3884.00000 0.0002
3886.00000 0.00022
3888.00000 0.00024
3890.00000 0.00027
3892.00000 0.0003
3894.00000 0.00034
3896.00000 0.00037
3898.00000 0.00041
3900.00000 0.00047
3902.00000 0.00053
3904.00000 0.0006
3906.00000 0.00067
3908.00000 0.00077
3910.00000 0.00086
3912.00000 0.00099
3914.00000 0.00111
3916.00000 0.00125
3918.00000 0.00139
3920.00000 0.00155
3922.00000 0.00171
3924.00000 0.00188
3926.00000 0.00206
3928.00000 0.00223
3930.00000 0.00239
3932.00000 0.00253
3934.00000 0.00271
3936.00000 0.00283
3938.00000 0.00299
3940.00000 0.00313
3942.00000 0.00326
3944.00000 0.0034
3946.00000 0.00353
3948.00000 0.00366
3950.00000 0.00382
3952.00000 0.00399
3954.00000 0.00413
3956.00000 0.00431
3958.00000 0.00452
3960.00000 0.00471
3962.00000 0.00494
3964.00000 0.00523
3966.00000 0.00552
3968.00000 0.00586
3970.00000 0.00624
3972.00000 0.00667
3974.00000 0.00716
3976.00000 0.0077
3978.00000 0.00829
3980.00000 0.00903
3982.00000 0.00985
3984.00000 0.01078
3986.00000 0.01179
3988.00000 0.01299
3990.00000 0.0144
3992.00000 0.01591
3994.00000 0.0178
3996.00000 0.01995
3998.00000 0.02238
4000.00000 0.02518
4002.00000 0.02828
4004.00000 0.03209
4006.00000 0.03631
4008.00000 0.04136
4010.00000 0.04684
4012.00000 0.05328
4014.00000 0.06043
4016.00000 0.06842
4018.00000 0.07729
4020.00000 0.08711
4022.00000 0.09816
4024.00000 0.10934
4026.00000 0.1215
4028.00000 0.13396
4030.00000 0.14666
4032.00000 0.15931
4034.00000 0.17231
4036.00000 0.18444
4038.00000 0.19617
4040.00000 0.20696
4042.00000 0.21718
4044.00000 0.22673
4046.00000 0.23576
4048.00000 0.24401
4050.00000 0.25167
4052.00000 0.25843
4054.00000 0.2647
4056.00000 0.27097
4058.00000 0.27635
4060.00000 0.28159
4062.00000 0.2863
4064.00000 0.29085
4066.00000 0.29437
4068.00000 0.29839
4070.00000 0.30159
4072.00000 0.30443
4074.00000 0.30677
4076.00000 0.30909
4078.00000 0.3109
4080.00000 0.31209
4082.00000 0.31314
4084.00000 0.31379
4086.00000 0.31427
4088.00000 0.31428
4090.00000 0.31417
4092.00000 0.31375
4094.00000 0.31347
4096.00000 0.31299
4098.00000 0.31204
4100.00000 0.31149
4102.00000 0.31052
4104.00000 0.31012
4106.00000 0.30926
4108.00000 0.30873
4110.00000 0.30807
4112.00000 0.30757
4114.00000 0.30675
4116.00000 0.30639
4118.00000 0.30588
4120.00000 0.30525
4122.00000 0.30484
4124.00000 0.30419
4126.00000 0.30352
4128.00000 0.30274
4130.00000 0.30199
4132.00000 0.30126
4134.00000 0.29985
4136.00000 0.29895
4138.00000 0.29774
4140.00000 0.2963
4142.00000 0.29481
4144.00000 0.29355
4146.00000 0.29181
4148.00000 0.29052
4150.00000 0.28881
4152.00000 0.28717
4154.00000 0.28555
4156.00000 0.28385
4158.00000 0.28236
4160.00000 0.28089
4162.00000 0.27951
4164.00000 0.27816
4166.00000 0.27695
4168.00000 0.27586
4170.00000 0.27501
4172.00000 0.27413
4174.00000 0.27335
4176.00000 0.27268
4178.00000 0.27205
4180.00000 0.27127
4182.00000 0.27079
4184.00000 0.26973
4186.00000 0.26893
4188.00000 0.26774
4190.00000 0.26626
4192.00000 0.26426
4194.00000 0.26185
4196.00000 0.259
4198.00000 0.25565
4200.00000 0.25177
4202.00000 0.24695
4204.00000 0.24148
4206.00000 0.23498
4208.00000 0.22817
4210.00000 0.22061
4212.00000 0.2121
4214.00000 0.20349
4216.00000 0.19433
4218.00000 0.18485
4220.00000 0.17484
4222.00000 0.16542
4224.00000 0.15571
4226.00000 0.14643
4228.00000 0.13695
4230.00000 0.12787
4232.00000 0.11897
4234.00000 0.11068
4236.00000 0.10301
4238.00000 0.09557
4240.00000 0.08901
4242.00000 0.08244
4244.00000 0.07645
4246.00000 0.07064
4248.00000 0.06547
4250.00000 0.0606
4252.00000 0.05613
4254.00000 0.0519
4256.00000 0.04812
4258.00000 0.04441
4260.00000 0.04114
4262.00000 0.03815
4264.00000 0.03529
4266.00000 0.03267
4268.00000 0.03024
4270.00000 0.02792
4272.00000 0.0258
4274.00000 0.0239
4276.00000 0.02211
4278.00000 0.02049
4280.00000 0.01897
4282.00000 0.01756
4284.00000 0.01617
4286.00000 0.01492
4288.00000 0.01378
4290.00000 0.01269
4292.00000 0.0117
4294.00000 0.01076
4296.00000 0.00993
4298.00000 0.00912
4300.00000 0.00839
4302.00000 0.0077
4304.00000 0.00707
4306.00000 0.00648
4308.00000 0.00596
4310.00000 0.00546
4312.00000 0.00498
4314.00000 0.00455
4316.00000 0.00417
4318.00000 0.00385
4320.00000 0.0035
4322.00000 0.00319
4324.00000 0.00293
4326.00000 0.00269
4328.00000 0.00247
4330.00000 0.00227
4332.00000 0.00208
4334.00000 0.00193
4336.00000 0.00177
4338.00000 0.00163
4340.00000 0.00152
4342.00000 0.00139
4344.00000 0.0013
4346.00000 0.00121
4348.00000 0.00112
4350.00000 0.00105
4352.00000 0.00097
4354.00000 0.00091
4356.00000 0.00085
4358.00000 0.0008
4360.00000 0.00075
4362.00000 0.00071
4364.00000 0.00067
4366.00000 0.00062
4368.00000 0.0006
4370.00000 0.00056
4372.00000 0.00054
4374.00000 0.0005
4376.00000 0.00049
4378.00000 0.00046
4380.00000 0.00044
4382.00000 0.00041
4384.00000 0.0004
4386.00000 0.00039
4388.00000 0.00037
4390.00000 0.00036
4392.00000 0.00034
4394.00000 0.00033
4396.00000 0.00032
4398.00000 0.00031
4400.00000 0.00029
4402.00000 0.00029
4404.00000 0.00028
4406.00000 0.00027
4408.00000 0.00027
4410.00000 0.00026
4412.00000 0.00025
4414.00000 0.00025
4416.00000 0.00024
4418.00000 0.00024
4420.00000 0.00023
4422.00000 0.00023
4424.00000 0.00023
4426.00000 0.00022
4428.00000 0.00022
4430.00000 0.00022
4432.00000 0.00021
4434.00000 0.00021
4436.00000 0.00021
4438.00000 0.00021
4440.00000 0.00021
4442.00000 0.00021
4444.00000 0.0002
4446.00000 0.00021
4448.00000 0.0002
4450.00000 0.0002
4452.00000 0.0002
4454.00000 0.0002
4456.00000 0.0002
4458.00000 0.0002
4460.00000 0.0002
4462.00000 0.0002
4464.00000 0.0002
4466.00000 0.0002
4468.00000 0.00019
4470.00000 0.00019
4472.00000 0.00019
4474.00000 0.00019
4476.00000 0.00019
4478.00000 0.00018
4480.00000 0.00018
4482.00000 0.00017
4484.00000 0.00017
4486.00000 0.00016
4488.00000 0.00015
4490.00000 0.00015
4492.00000 0.00014
4494.00000 0.00014
4496.00000 0.00013
4498.00000 0.00013
4500.00000 0.00012
4502.00000 0.00011
4504.00000 0.00011
4506.00000 0.0001
4508.00000 0.0001
4510.00000 0.0001
4512.00000 9e-05
4514.00000 9e-05
4516.00000 8e-05
4518.00000 8e-05
4520.00000 8e-05
4522.00000 7e-05
4524.00000 7e-05
4526.00000 7e-05
4528.00000 7e-05
4530.00000 7e-05
4532.00000 6e-05
4534.00000 6e-05
4536.00000 6e-05
4538.00000 6e-05
4540.00000 6e-05
4542.00000 6e-05
4544.00000 6e-05
4546.00000 6e-05
4548.00000 6e-05
4550.00000 6e-05
4552.00000 6e-05
4554.00000 5e-05
4556.00000 5e-05
4558.00000 5e-05
4560.00000 5e-05
4562.00000 5e-05
4564.00000 5e-05
4566.00000 5e-05
4568.00000 5e-05
4570.00000 5e-05
4572.00000 5e-05
4574.00000 5e-05
4576.00000 5e-05
4578.00000 5e-05
4580.00000 5e-05
4582.00000 5e-05
4584.00000 5e-05
4586.00000 5e-05
4588.00000 5e-05
4590.00000 5e-05
4592.00000 5e-05
4594.00000 5e-05
4596.00000 4e-05
4598.00000 5e-05
4600.00000 5e-05
4602.00000 4e-05
4604.00000 4e-05
4606.00000 5e-05
4608.00000 4e-05
4610.00000 5e-05
4612.00000 4e-05
4614.00000 4e-05
4616.00000 4e-05
4618.00000 4e-05
4620.00000 4e-05
4622.00000 4e-05
4624.00000 4e-05
4626.00000 4e-05
4628.00000 4e-05
4630.00000 4e-05
4632.00000 4e-05
4634.00000 4e-05
4636.00000 4e-05
4638.00000 4e-05
4640.00000 4e-05
4642.00000 4e-05
4644.00000 4e-05
4646.00000 4e-05
4648.00000 4e-05
4650.00000 4e-05
4652.00000 4e-05
4654.00000 4e-05
4656.00000 4e-05
4658.00000 4e-05
4660.00000 4e-05
4662.00000 4e-05
4664.00000 4e-05
4666.00000 4e-05
4668.00000 4e-05
4670.00000 4e-05
4672.00000 4e-05
4674.00000 4e-05
4676.00000 4e-05
4678.00000 4e-05
4680.00000 4e-05
4682.00000 4e-05
4684.00000 4e-05
4686.00000 4e-05
4688.00000 3e-05
4690.00000 4e-05
4692.00000 4e-05
5161.20020 0.0
