threeML/data/optical_filters/OSN/Stromgren-v_z1.ecsv
# %ECSV 0.9
# ---
# datatype:
# - {name: wavelength, unit: Angstrom, datatype: float32}
# - {name: response, datatype: float32}
# meta: !!omap
# - {band_name: v_z1}
# - {group_name: Stromgren}
wavelength response
3465.00000 0.0
3850.00000 4e-05
3852.00000 4e-05
3854.00000 4e-05
3856.00000 5e-05
3858.00000 5e-05
3860.00000 6e-05
3862.00000 7e-05
3864.00000 7e-05
3866.00000 8e-05
3868.00000 9e-05
3870.00000 0.0001
3872.00000 0.00012
3874.00000 0.00013
3876.00000 0.00015
3878.00000 0.00018
3880.00000 0.0002
3882.00000 0.00023
3884.00000 0.00026
3886.00000 0.00031
3888.00000 0.00036
3890.00000 0.00043
3892.00000 0.00051
3894.00000 0.0006
3896.00000 0.00073
3898.00000 0.00086
3900.00000 0.00102
3902.00000 0.00122
3904.00000 0.00146
3906.00000 0.00173
3908.00000 0.00203
3910.00000 0.00235
3912.00000 0.0027
3914.00000 0.00305
3916.00000 0.00343
3918.00000 0.00377
3920.00000 0.00405
3922.00000 0.00432
3924.00000 0.0045
3926.00000 0.00464
3928.00000 0.00474
3930.00000 0.00482
3932.00000 0.00486
3934.00000 0.00493
3936.00000 0.00493
3938.00000 0.00498
3940.00000 0.00503
3942.00000 0.00509
3944.00000 0.00519
3946.00000 0.0053
3948.00000 0.00542
3950.00000 0.0056
3952.00000 0.00576
3954.00000 0.00602
3956.00000 0.00629
3958.00000 0.00659
3960.00000 0.00695
3962.00000 0.00734
3964.00000 0.00784
3966.00000 0.00837
3968.00000 0.00905
3970.00000 0.00973
3972.00000 0.01054
3974.00000 0.01147
3976.00000 0.01257
3978.00000 0.0138
3980.00000 0.01526
3982.00000 0.01696
3984.00000 0.01884
3986.00000 0.02108
3988.00000 0.02361
3990.00000 0.02648
3992.00000 0.02977
3994.00000 0.03389
3996.00000 0.03843
3998.00000 0.04372
4000.00000 0.04978
4002.00000 0.05668
4004.00000 0.06478
4006.00000 0.07397
4008.00000 0.08474
4010.00000 0.09639
4012.00000 0.10981
4014.00000 0.12421
4016.00000 0.14026
4018.00000 0.15738
4020.00000 0.17614
4022.00000 0.19603
4024.00000 0.21599
4026.00000 0.23665
4028.00000 0.25751
4030.00000 0.27787
4032.00000 0.29834
4034.00000 0.31877
4036.00000 0.3376
4038.00000 0.35573
4040.00000 0.37277
4042.00000 0.38895
4044.00000 0.40425
4046.00000 0.4191
4048.00000 0.43364
4050.00000 0.44669
4052.00000 0.4594
4054.00000 0.47146
4056.00000 0.48278
4058.00000 0.49354
4060.00000 0.50388
4062.00000 0.51366
4064.00000 0.52236
4066.00000 0.53038
4068.00000 0.53781
4070.00000 0.54414
4072.00000 0.55005
4074.00000 0.55499
4076.00000 0.55973
4078.00000 0.56343
4080.00000 0.56607
4082.00000 0.56862
4084.00000 0.57052
4086.00000 0.57211
4088.00000 0.57291
4090.00000 0.57379
4092.00000 0.57445
4094.00000 0.57476
4096.00000 0.57459
4098.00000 0.57464
4100.00000 0.57479
4102.00000 0.57425
4104.00000 0.57429
4106.00000 0.57442
4108.00000 0.57442
4110.00000 0.57396
4112.00000 0.57382
4114.00000 0.57322
4116.00000 0.57342
4118.00000 0.57314
4120.00000 0.5731
4122.00000 0.57292
4124.00000 0.57251
4126.00000 0.57212
4128.00000 0.57163
4130.00000 0.57136
4132.00000 0.57076
4134.00000 0.57008
4136.00000 0.56969
4138.00000 0.56922
4140.00000 0.56808
4142.00000 0.56789
4144.00000 0.56692
4146.00000 0.56592
4148.00000 0.5654
4150.00000 0.56474
4152.00000 0.56395
4154.00000 0.56287
4156.00000 0.56192
4158.00000 0.56077
4160.00000 0.55932
4162.00000 0.55869
4164.00000 0.55692
4166.00000 0.55563
4168.00000 0.55411
4170.00000 0.5522
4172.00000 0.55066
4174.00000 0.54861
4176.00000 0.54596
4178.00000 0.54373
4180.00000 0.54105
4182.00000 0.53809
4184.00000 0.53546
4186.00000 0.53233
4188.00000 0.52866
4190.00000 0.52477
4192.00000 0.52067
4194.00000 0.51568
4196.00000 0.51086
4198.00000 0.50519
4200.00000 0.49917
4202.00000 0.49204
4204.00000 0.48442
4206.00000 0.47522
4208.00000 0.46536
4210.00000 0.45432
4212.00000 0.44184
4214.00000 0.42842
4216.00000 0.41318
4218.00000 0.39666
4220.00000 0.37808
4222.00000 0.35991
4224.00000 0.34024
4226.00000 0.31974
4228.00000 0.29884
4230.00000 0.27763
4232.00000 0.25615
4234.00000 0.23557
4236.00000 0.21644
4238.00000 0.19762
4240.00000 0.18058
4242.00000 0.16406
4244.00000 0.14885
4246.00000 0.13433
4248.00000 0.12144
4250.00000 0.10963
4252.00000 0.09906
4254.00000 0.08947
4256.00000 0.08098
4258.00000 0.07297
4260.00000 0.06606
4262.00000 0.05993
4264.00000 0.05435
4266.00000 0.0493
4268.00000 0.04483
4270.00000 0.04086
4272.00000 0.03725
4274.00000 0.03412
4276.00000 0.03135
4278.00000 0.02884
4280.00000 0.02653
4282.00000 0.02452
4284.00000 0.02258
4286.00000 0.02083
4288.00000 0.01932
4290.00000 0.01791
4292.00000 0.01665
4294.00000 0.01552
4296.00000 0.01446
4298.00000 0.01347
4300.00000 0.01259
4302.00000 0.0118
4304.00000 0.01101
4306.00000 0.01035
4308.00000 0.0097
4310.00000 0.00908
4312.00000 0.00852
4314.00000 0.00799
4316.00000 0.00752
4318.00000 0.00706
4320.00000 0.00664
4322.00000 0.00624
4324.00000 0.00586
4326.00000 0.00552
4328.00000 0.00519
4330.00000 0.0049
4332.00000 0.00461
4334.00000 0.00432
4336.00000 0.00409
4338.00000 0.00384
4340.00000 0.0036
4342.00000 0.00339
4344.00000 0.00319
4346.00000 0.00302
4348.00000 0.00283
4350.00000 0.00266
4352.00000 0.0025
4354.00000 0.00236
4356.00000 0.00222
4358.00000 0.00209
4360.00000 0.00197
4362.00000 0.00186
4364.00000 0.00174
4366.00000 0.00164
4368.00000 0.00154
4370.00000 0.00147
4372.00000 0.00138
4374.00000 0.0013
4376.00000 0.00123
4378.00000 0.00117
4380.00000 0.0011
4382.00000 0.00104
4384.00000 0.00099
4386.00000 0.00094
4388.00000 0.0009
4390.00000 0.00086
4392.00000 0.00082
4394.00000 0.00079
4396.00000 0.00075
4398.00000 0.00072
4400.00000 0.00068
4402.00000 0.00066
4404.00000 0.00064
4406.00000 0.00061
4408.00000 0.0006
4410.00000 0.00057
4412.00000 0.00055
4414.00000 0.00054
4416.00000 0.00053
4418.00000 0.00052
4420.00000 0.0005
4422.00000 0.00049
4424.00000 0.00048
4426.00000 0.00047
4428.00000 0.00047
4430.00000 0.00047
4432.00000 0.00046
4434.00000 0.00046
4436.00000 0.00046
4438.00000 0.00046
4440.00000 0.00046
4442.00000 0.00046
4444.00000 0.00047
4446.00000 0.00047
4448.00000 0.00048
4450.00000 0.00048
4452.00000 0.0005
4454.00000 0.00051
4456.00000 0.00052
4458.00000 0.00054
4460.00000 0.00055
4462.00000 0.00057
4464.00000 0.00059
4466.00000 0.00061
4468.00000 0.00063
4470.00000 0.00066
4472.00000 0.00068
4474.00000 0.0007
4476.00000 0.00072
4478.00000 0.00073
4480.00000 0.00074
4482.00000 0.00073
4484.00000 0.00072
4486.00000 0.0007
4488.00000 0.00067
4490.00000 0.00063
4492.00000 0.00058
4494.00000 0.00054
4496.00000 0.00048
4498.00000 0.00043
4500.00000 0.00039
4502.00000 0.00034
4504.00000 0.0003
4506.00000 0.00026
4508.00000 0.00023
4510.00000 0.0002
4512.00000 0.00018
4514.00000 0.00015
4516.00000 0.00013
4518.00000 0.00012
4520.00000 0.00011
4522.00000 9e-05
4524.00000 8e-05
4526.00000 7e-05
4528.00000 7e-05
4530.00000 6e-05
4532.00000 6e-05
4534.00000 5e-05
4536.00000 4e-05
4538.00000 4e-05
4540.00000 4e-05
4994.00000 0.0
