threeML/data/optical_filters/OSN/Stromgren-u.ecsv
# %ECSV 0.9
# ---
# datatype:
# - {name: wavelength, unit: Angstrom, datatype: float32}
# - {name: response, datatype: float32}
# meta: !!omap
# - {band_name: u}
# - {group_name: Stromgren}
wavelength response
2503.80005 0.0
2782.00000 4e-05
2784.00000 4e-05
2786.00000 5e-05
2788.00000 5e-05
2790.00000 6e-05
2792.00000 6e-05
2794.00000 7e-05
2796.00000 7e-05
2798.00000 7e-05
2800.00000 8e-05
2802.00000 9e-05
2804.00000 9e-05
2806.00000 0.0001
2808.00000 0.0001
2810.00000 0.00011
2812.00000 0.00012
2814.00000 0.00014
2816.00000 0.00015
2818.00000 0.00017
2820.00000 0.00019
2822.00000 0.00022
2824.00000 0.00025
2826.00000 0.00028
2828.00000 0.00035
2830.00000 0.0004
2832.00000 0.00048
2834.00000 0.00058
2836.00000 0.00069
2838.00000 0.00084
2840.00000 0.00103
2842.00000 0.00126
2844.00000 0.00153
2846.00000 0.00183
2848.00000 0.00216
2850.00000 0.00249
2852.00000 0.00282
2854.00000 0.00313
2856.00000 0.00334
2858.00000 0.0035
2860.00000 0.00358
2862.00000 0.00361
2864.00000 0.0036
2866.00000 0.00353
2868.00000 0.00352
2870.00000 0.00352
2872.00000 0.00352
2874.00000 0.00358
2876.00000 0.00366
2878.00000 0.00377
2880.00000 0.004
2882.00000 0.0043
2884.00000 0.00471
2886.00000 0.00523
2888.00000 0.0059
2890.00000 0.00675
2892.00000 0.00786
2894.00000 0.00912
2896.00000 0.01055
2898.00000 0.01184
2900.00000 0.01269
2902.00000 0.01276
2904.00000 0.01193
2906.00000 0.0105
2908.00000 0.00861
2910.00000 0.00682
2912.00000 0.00531
2914.00000 0.00413
2916.00000 0.00324
2918.00000 0.00255
2920.00000 0.00207
2922.00000 0.00167
2924.00000 0.00141
2926.00000 0.00116
2928.00000 0.00098
2930.00000 0.00084
2932.00000 0.00072
2934.00000 0.00064
2936.00000 0.00056
2938.00000 0.0005
2940.00000 0.00044
2942.00000 0.0004
2944.00000 0.00036
2946.00000 0.00033
2948.00000 0.00031
2950.00000 0.00027
2952.00000 0.00026
2954.00000 0.00024
2956.00000 0.00022
2958.00000 0.00021
2960.00000 0.0002
2962.00000 0.00019
2964.00000 0.00018
2966.00000 0.00017
2968.00000 0.00016
2970.00000 0.00016
2972.00000 0.00015
2974.00000 0.00014
2976.00000 0.00014
2978.00000 0.00013
2980.00000 0.00013
2982.00000 0.00012
2984.00000 0.00012
2986.00000 0.00012
2988.00000 0.00012
2990.00000 0.00011
2992.00000 0.00011
2994.00000 0.00011
2996.00000 0.00011
2998.00000 0.0001
3000.00000 0.00011
3002.00000 0.00011
3004.00000 0.0001
3006.00000 0.0001
3008.00000 0.0001
3010.00000 0.00011
3012.00000 0.0001
3014.00000 0.0001
3016.00000 0.0001
3018.00000 0.0001
3020.00000 0.0001
3022.00000 0.0001
3024.00000 0.00011
3026.00000 0.00011
3028.00000 0.00011
3030.00000 0.00011
3032.00000 0.00011
3034.00000 0.00011
3036.00000 0.00011
3038.00000 0.00012
3040.00000 0.00012
3042.00000 0.00012
3044.00000 0.00013
3046.00000 0.00013
3048.00000 0.00013
3050.00000 0.00013
3052.00000 0.00014
3054.00000 0.00014
3056.00000 0.00015
3058.00000 0.00015
3060.00000 0.00016
3062.00000 0.00016
3064.00000 0.00018
3066.00000 0.00017
3068.00000 0.00018
3070.00000 0.00019
3072.00000 0.00019
3074.00000 0.00021
3076.00000 0.0002
3078.00000 0.00022
3080.00000 0.00023
3082.00000 0.00025
3084.00000 0.00025
3086.00000 0.00026
3088.00000 0.00027
3090.00000 0.00028
3092.00000 0.0003
3094.00000 0.00032
3096.00000 0.00033
3098.00000 0.00034
3100.00000 0.00036
3102.00000 0.00038
3104.00000 0.00039
3106.00000 0.00041
3108.00000 0.00044
3110.00000 0.00047
3112.00000 0.00048
3114.00000 0.00051
3116.00000 0.00054
3118.00000 0.00056
3120.00000 0.00059
3122.00000 0.00063
3124.00000 0.00066
3126.00000 0.0007
3128.00000 0.00074
3130.00000 0.00079
3132.00000 0.00081
3134.00000 0.00088
3136.00000 0.00092
3138.00000 0.00099
3140.00000 0.00104
3142.00000 0.00111
3144.00000 0.00114
3146.00000 0.00123
3148.00000 0.0013
3150.00000 0.00138
3152.00000 0.00149
3154.00000 0.00159
3156.00000 0.00168
3158.00000 0.00181
3160.00000 0.00191
3162.00000 0.00204
3164.00000 0.00218
3166.00000 0.00231
3168.00000 0.00249
3170.00000 0.00268
3172.00000 0.00287
3174.00000 0.00311
3176.00000 0.00334
3178.00000 0.0036
3180.00000 0.0039
3182.00000 0.00423
3184.00000 0.00457
3186.00000 0.00497
3188.00000 0.00541
3190.00000 0.0059
3192.00000 0.00644
3194.00000 0.00698
3196.00000 0.00772
3198.00000 0.00849
3200.00000 0.00935
3202.00000 0.01034
3204.00000 0.0114
3206.00000 0.01259
3208.00000 0.01399
3210.00000 0.01554
3212.00000 0.01731
3214.00000 0.01943
3216.00000 0.02172
3218.00000 0.02438
3220.00000 0.02733
3222.00000 0.0308
3224.00000 0.03459
3226.00000 0.03896
3228.00000 0.0442
3230.00000 0.05005
3232.00000 0.05609
3234.00000 0.06382
3236.00000 0.07175
3238.00000 0.08067
3240.00000 0.09039
3242.00000 0.10113
3244.00000 0.11166
3246.00000 0.12286
3248.00000 0.13468
3250.00000 0.14627
3252.00000 0.15752
3254.00000 0.16903
3256.00000 0.17959
3258.00000 0.18937
3260.00000 0.19822
3262.00000 0.20617
3264.00000 0.21314
3266.00000 0.21936
3268.00000 0.22488
3270.00000 0.22948
3272.00000 0.23358
3274.00000 0.2375
3276.00000 0.24128
3278.00000 0.24479
3280.00000 0.24945
3282.00000 0.25297
3284.00000 0.25716
3286.00000 0.26154
3288.00000 0.26584
3290.00000 0.27109
3292.00000 0.27655
3294.00000 0.28231
3296.00000 0.28836
3298.00000 0.29525
3300.00000 0.30232
3302.00000 0.30968
3304.00000 0.31675
3306.00000 0.32567
3308.00000 0.33363
3310.00000 0.34178
3312.00000 0.35044
3314.00000 0.35932
3316.00000 0.36796
3318.00000 0.3765
3320.00000 0.38525
3322.00000 0.3929
3324.00000 0.40211
3326.00000 0.40861
3328.00000 0.41688
3330.00000 0.42363
3332.00000 0.43005
3334.00000 0.43645
3336.00000 0.44202
3338.00000 0.44762
3340.00000 0.45171
3342.00000 0.45593
3344.00000 0.45934
3346.00000 0.46304
3348.00000 0.46561
3350.00000 0.46775
3352.00000 0.46986
3354.00000 0.47102
3356.00000 0.47252
3358.00000 0.4745
3360.00000 0.4751
3362.00000 0.47585
3364.00000 0.47604
3366.00000 0.47566
3368.00000 0.47483
3370.00000 0.47501
3372.00000 0.47428
3374.00000 0.47336
3376.00000 0.47216
3378.00000 0.47078
3380.00000 0.46942
3382.00000 0.46745
3384.00000 0.46563
3386.00000 0.4648
3388.00000 0.46237
3390.00000 0.46003
3392.00000 0.45845
3394.00000 0.45571
3396.00000 0.45455
3398.00000 0.45189
3400.00000 0.45022
3402.00000 0.44794
3404.00000 0.44627
3406.00000 0.44385
3408.00000 0.44133
3410.00000 0.43885
3412.00000 0.43718
3414.00000 0.43463
3416.00000 0.43252
3418.00000 0.43111
3420.00000 0.42881
3422.00000 0.4265
3424.00000 0.42438
3426.00000 0.42376
3428.00000 0.42059
3430.00000 0.41879
3432.00000 0.41698
3434.00000 0.41634
3436.00000 0.4142
3438.00000 0.41242
3440.00000 0.41071
3442.00000 0.40922
3444.00000 0.40722
3446.00000 0.40591
3448.00000 0.40435
3450.00000 0.40235
3452.00000 0.40052
3454.00000 0.39809
3456.00000 0.39625
3458.00000 0.39439
3460.00000 0.39251
3462.00000 0.39034
3464.00000 0.38867
3466.00000 0.38587
3468.00000 0.38373
3470.00000 0.38178
3472.00000 0.37915
3474.00000 0.37776
3476.00000 0.37548
3478.00000 0.37279
3480.00000 0.37128
3482.00000 0.37012
3484.00000 0.36773
3486.00000 0.36593
3488.00000 0.36373
3490.00000 0.3622
3492.00000 0.36081
3494.00000 0.35855
3496.00000 0.35816
3498.00000 0.35709
3500.00000 0.35554
3502.00000 0.3544
3504.00000 0.35378
3506.00000 0.35312
3508.00000 0.35248
3510.00000 0.3519
3512.00000 0.35205
3514.00000 0.35126
3516.00000 0.35095
3518.00000 0.35081
3520.00000 0.35076
3522.00000 0.35048
3524.00000 0.34998
3526.00000 0.34959
3528.00000 0.34889
3530.00000 0.34809
3532.00000 0.34637
3534.00000 0.34493
3536.00000 0.34297
3538.00000 0.34067
3540.00000 0.33774
3542.00000 0.33454
3544.00000 0.3299
3546.00000 0.32565
3548.00000 0.32008
3550.00000 0.31464
3552.00000 0.30785
3554.00000 0.30102
3556.00000 0.29358
3558.00000 0.28531
3560.00000 0.27664
3562.00000 0.26817
3564.00000 0.25948
3566.00000 0.24992
3568.00000 0.24055
3570.00000 0.23138
3572.00000 0.22174
3574.00000 0.21269
3576.00000 0.20359
3578.00000 0.19435
3580.00000 0.18555
3582.00000 0.1773
3584.00000 0.16901
3586.00000 0.1611
3588.00000 0.15385
3590.00000 0.14689
3592.00000 0.14022
3594.00000 0.13391
3596.00000 0.12794
3598.00000 0.12209
3600.00000 0.11646
3602.00000 0.11143
3604.00000 0.10669
3606.00000 0.10197
3608.00000 0.09789
3610.00000 0.09369
3612.00000 0.08989
3614.00000 0.08634
3616.00000 0.08304
3618.00000 0.07993
3620.00000 0.07683
3622.00000 0.07388
3624.00000 0.07133
3626.00000 0.06863
3628.00000 0.06612
3630.00000 0.06385
3632.00000 0.06158
3634.00000 0.05944
3636.00000 0.05749
3638.00000 0.05536
3640.00000 0.05352
3642.00000 0.05172
3644.00000 0.04988
3646.00000 0.04814
3648.00000 0.04639
3650.00000 0.0448
3652.00000 0.04304
3654.00000 0.04139
3656.00000 0.03996
3658.00000 0.03826
3660.00000 0.03669
3662.00000 0.03516
3664.00000 0.03363
3666.00000 0.03208
3668.00000 0.03061
3670.00000 0.02923
3672.00000 0.02781
3674.00000 0.02646
3676.00000 0.02506
3678.00000 0.02371
3680.00000 0.02244
3682.00000 0.02118
3684.00000 0.02003
3686.00000 0.01883
3688.00000 0.01773
3690.00000 0.01661
3692.00000 0.01558
3694.00000 0.0146
3696.00000 0.01367
3698.00000 0.01283
3700.00000 0.012
3702.00000 0.01125
3704.00000 0.01048
3706.00000 0.00974
3708.00000 0.00912
3710.00000 0.00847
3712.00000 0.00791
3714.00000 0.00736
3716.00000 0.00687
3718.00000 0.00641
3720.00000 0.00596
3722.00000 0.00559
3724.00000 0.00517
3726.00000 0.00481
3728.00000 0.00451
3730.00000 0.00418
3732.00000 0.00392
3734.00000 0.00364
3736.00000 0.00339
3738.00000 0.00315
3740.00000 0.00295
3742.00000 0.00275
3744.00000 0.00256
3746.00000 0.0024
3748.00000 0.00223
3750.00000 0.0021
3752.00000 0.00196
3754.00000 0.00182
3756.00000 0.00171
3758.00000 0.0016
3760.00000 0.00149
3762.00000 0.0014
3764.00000 0.0013
3766.00000 0.00123
3768.00000 0.00114
3770.00000 0.00107
3772.00000 0.00099
3774.00000 0.00094
3776.00000 0.00087
3778.00000 0.00082
3780.00000 0.00077
3782.00000 0.00072
3784.00000 0.00068
3786.00000 0.00063
3788.00000 0.00059
3790.00000 0.00055
3792.00000 0.00051
3794.00000 0.00048
3796.00000 0.00045
3798.00000 0.00042
3800.00000 0.0004
3802.00000 0.00036
3804.00000 0.00035
3806.00000 0.00032
3808.00000 0.00031
3810.00000 0.00029
3812.00000 0.00027
3814.00000 0.00026
3816.00000 0.00024
3818.00000 0.00022
3820.00000 0.00021
3822.00000 0.00019
3824.00000 0.00018
3826.00000 0.00017
3828.00000 0.00016
3830.00000 0.00014
3832.00000 0.00013
3834.00000 0.00012
3836.00000 0.00012
3838.00000 0.00011
3840.00000 0.0001
3842.00000 0.0001
3844.00000 9e-05
3846.00000 8e-05
3848.00000 8e-05
3850.00000 7e-05
3852.00000 7e-05
3854.00000 6e-05
3856.00000 6e-05
3858.00000 5e-05
3860.00000 5e-05
3862.00000 4e-05
3864.00000 4e-05
3866.00000 4e-05
3868.00000 4e-05
4254.79980 0.0
