threeML/data/optical_filters/OSN/Stromgren-Hbetaw_z3.ecsv
# %ECSV 0.9
# ---
# datatype:
# - {name: wavelength, unit: Angstrom, datatype: float32}
# - {name: response, datatype: float32}
# meta: !!omap
# - {band_name: Hbetaw_z3}
# - {group_name: Stromgren}
wavelength response
4230.00000 0.0
4700.00000 0.00011
4702.00000 0.00011
4704.00000 0.00011
4706.00000 0.00012
4708.00000 0.00012
4710.00000 0.00012
4712.00000 0.00012
4714.00000 0.00013
4716.00000 0.00013
4718.00000 0.00013
4720.00000 0.00013
4722.00000 0.00014
4724.00000 0.00014
4726.00000 0.00015
4728.00000 0.00015
4730.00000 0.00015
4732.00000 0.00016
4734.00000 0.00017
4736.00000 0.00018
4738.00000 0.00019
4740.00000 0.00019
4742.00000 0.00021
4744.00000 0.00023
4746.00000 0.00024
4748.00000 0.00025
4750.00000 0.00027
4752.00000 0.00029
4754.00000 0.00031
4756.00000 0.00034
4758.00000 0.00036
4760.00000 0.0004
4762.00000 0.00042
4764.00000 0.00046
4766.00000 0.0005
4768.00000 0.00054
4770.00000 0.00058
4772.00000 0.00064
4774.00000 0.00069
4776.00000 0.00074
4778.00000 0.00081
4780.00000 0.00087
4782.00000 0.00095
4784.00000 0.00102
4786.00000 0.00111
4788.00000 0.00122
4790.00000 0.00132
4792.00000 0.00145
4794.00000 0.0016
4796.00000 0.00175
4798.00000 0.00195
4800.00000 0.00217
4802.00000 0.00242
4804.00000 0.00272
4806.00000 0.00306
4808.00000 0.00347
4810.00000 0.00397
4812.00000 0.00454
4814.00000 0.00526
4816.00000 0.0061
4818.00000 0.00712
4820.00000 0.00834
4822.00000 0.00984
4824.00000 0.01174
4826.00000 0.01403
4828.00000 0.01671
4830.00000 0.0201
4832.00000 0.02401
4834.00000 0.02884
4836.00000 0.03446
4838.00000 0.04099
4840.00000 0.04805
4842.00000 0.05555
4844.00000 0.06343
4846.00000 0.07091
4848.00000 0.0779
4850.00000 0.08396
4852.00000 0.08883
4854.00000 0.09244
4856.00000 0.09516
4858.00000 0.09701
4860.00000 0.09844
4862.00000 0.09969
4864.00000 0.10093
4866.00000 0.10222
4868.00000 0.10381
4870.00000 0.10553
4872.00000 0.10725
4874.00000 0.10893
4876.00000 0.11044
4878.00000 0.11178
4880.00000 0.11262
4882.00000 0.11331
4884.00000 0.11346
4886.00000 0.11335
4888.00000 0.1131
4890.00000 0.11246
4892.00000 0.11169
4894.00000 0.11077
4896.00000 0.10977
4898.00000 0.10882
4900.00000 0.10784
4902.00000 0.10693
4904.00000 0.106
4906.00000 0.10526
4908.00000 0.10465
4910.00000 0.10402
4912.00000 0.10352
4914.00000 0.10294
4916.00000 0.10241
4918.00000 0.1016
4920.00000 0.10043
4922.00000 0.09889
4924.00000 0.09672
4926.00000 0.0939
4928.00000 0.0903
4930.00000 0.08597
4932.00000 0.08131
4934.00000 0.07605
4936.00000 0.07075
4938.00000 0.06553
4940.00000 0.06049
4942.00000 0.05555
4944.00000 0.05117
4946.00000 0.04726
4948.00000 0.04359
4950.00000 0.04043
4952.00000 0.03744
4954.00000 0.03464
4956.00000 0.03195
4958.00000 0.02939
4960.00000 0.02686
4962.00000 0.02444
4964.00000 0.02198
4966.00000 0.01963
4968.00000 0.01726
4970.00000 0.01515
4972.00000 0.01322
4974.00000 0.01144
4976.00000 0.00992
4978.00000 0.00857
4980.00000 0.0074
4982.00000 0.00636
4984.00000 0.00555
4986.00000 0.0048
4988.00000 0.0042
4990.00000 0.00368
4992.00000 0.00323
4994.00000 0.00284
4996.00000 0.00251
4998.00000 0.00224
5000.00000 0.00199
5002.00000 0.00179
5004.00000 0.0016
5006.00000 0.00144
5008.00000 0.00129
5010.00000 0.00117
5012.00000 0.00106
5014.00000 0.00097
5016.00000 0.00088
5018.00000 0.0008
5020.00000 0.00073
5022.00000 0.00067
5024.00000 0.00061
5026.00000 0.00057
5028.00000 0.00052
5030.00000 0.00047
5032.00000 0.00044
5034.00000 0.00041
5036.00000 0.00038
5038.00000 0.00035
5040.00000 0.00033
5042.00000 0.0003
5044.00000 0.00028
5046.00000 0.00026
5048.00000 0.00025
5050.00000 0.00023
5052.00000 0.00022
5054.00000 0.00021
5056.00000 0.0002
5058.00000 0.00019
5060.00000 0.00018
5062.00000 0.00017
5064.00000 0.00016
5066.00000 0.00016
5068.00000 0.00015
5070.00000 0.00015
5072.00000 0.00014
5074.00000 0.00014
5076.00000 0.00013
5078.00000 0.00013
5080.00000 0.00013
5082.00000 0.00012
5084.00000 0.00012
5086.00000 0.00012
5088.00000 0.00011
5090.00000 0.00011
5092.00000 0.00011
5094.00000 0.00011
5096.00000 0.00011
5098.00000 0.00011
5100.00000 0.00011
5610.00000 0.0
