threeML/data/optical_filters/OSN/Stromgren-b_z2.ecsv
# %ECSV 0.9
# ---
# datatype:
# - {name: wavelength, unit: Angstrom, datatype: float32}
# - {name: response, datatype: float32}
# meta: !!omap
# - {band_name: b_z2}
# - {group_name: Stromgren}
wavelength response
3870.00000 0.0
4300.00000 5e-05
4302.00000 5e-05
4304.00000 5e-05
4306.00000 5e-05
4308.00000 5e-05
4310.00000 5e-05
4312.00000 5e-05
4314.00000 5e-05
4316.00000 5e-05
4318.00000 5e-05
4320.00000 5e-05
4322.00000 5e-05
4324.00000 5e-05
4326.00000 5e-05
4328.00000 5e-05
4330.00000 5e-05
4332.00000 5e-05
4334.00000 5e-05
4336.00000 5e-05
4338.00000 5e-05
4340.00000 5e-05
4342.00000 6e-05
4344.00000 6e-05
4346.00000 6e-05
4348.00000 6e-05
4350.00000 6e-05
4352.00000 6e-05
4354.00000 6e-05
4356.00000 6e-05
4358.00000 6e-05
4360.00000 6e-05
4362.00000 6e-05
4364.00000 6e-05
4366.00000 6e-05
4368.00000 6e-05
4370.00000 6e-05
4372.00000 6e-05
4374.00000 6e-05
4376.00000 7e-05
4378.00000 7e-05
4380.00000 7e-05
4382.00000 7e-05
4384.00000 7e-05
4386.00000 7e-05
4388.00000 8e-05
4390.00000 8e-05
4392.00000 8e-05
4394.00000 9e-05
4396.00000 9e-05
4398.00000 9e-05
4400.00000 0.0001
4402.00000 0.00011
4404.00000 0.00011
4406.00000 0.00012
4408.00000 0.00013
4410.00000 0.00014
4412.00000 0.00016
4414.00000 0.00017
4416.00000 0.0002
4418.00000 0.00021
4420.00000 0.00024
4422.00000 0.00027
4424.00000 0.0003
4426.00000 0.00033
4428.00000 0.00036
4430.00000 0.00039
4432.00000 0.00043
4434.00000 0.00045
4436.00000 0.00047
4438.00000 0.00049
4440.00000 0.0005
4442.00000 0.00051
4444.00000 0.0005
4446.00000 0.0005
4448.00000 0.00049
4450.00000 0.00048
4452.00000 0.00047
4454.00000 0.00046
4456.00000 0.00046
4458.00000 0.00045
4460.00000 0.00045
4462.00000 0.00045
4464.00000 0.00044
4466.00000 0.00044
4468.00000 0.00044
4470.00000 0.00044
4472.00000 0.00044
4474.00000 0.00044
4476.00000 0.00045
4478.00000 0.00046
4480.00000 0.00046
4482.00000 0.00048
4484.00000 0.00049
4486.00000 0.0005
4488.00000 0.00051
4490.00000 0.00053
4492.00000 0.00055
4494.00000 0.00057
4496.00000 0.0006
4498.00000 0.00061
4500.00000 0.00066
4502.00000 0.00068
4504.00000 0.00073
4506.00000 0.00076
4508.00000 0.00081
4510.00000 0.00086
4512.00000 0.00092
4514.00000 0.00099
4516.00000 0.00106
4518.00000 0.00114
4520.00000 0.00123
4522.00000 0.00134
4524.00000 0.00144
4526.00000 0.00157
4528.00000 0.00171
4530.00000 0.00188
4532.00000 0.00206
4534.00000 0.00227
4536.00000 0.00251
4538.00000 0.00276
4540.00000 0.00307
4542.00000 0.00339
4544.00000 0.00378
4546.00000 0.00418
4548.00000 0.00469
4550.00000 0.00524
4552.00000 0.00584
4554.00000 0.00651
4556.00000 0.00726
4558.00000 0.00809
4560.00000 0.009
4562.00000 0.01002
4564.00000 0.01114
4566.00000 0.01232
4568.00000 0.01361
4570.00000 0.01503
4572.00000 0.01647
4574.00000 0.01809
4576.00000 0.01973
4578.00000 0.02149
4580.00000 0.02328
4582.00000 0.02518
4584.00000 0.02714
4586.00000 0.02916
4588.00000 0.03133
4590.00000 0.03354
4592.00000 0.03583
4594.00000 0.0382
4596.00000 0.04071
4598.00000 0.04338
4600.00000 0.04633
4602.00000 0.0495
4604.00000 0.05285
4606.00000 0.05655
4608.00000 0.0605
4610.00000 0.06493
4612.00000 0.06967
4614.00000 0.07517
4616.00000 0.081
4618.00000 0.08762
4620.00000 0.0947
4622.00000 0.1029
4624.00000 0.11151
4626.00000 0.12155
4628.00000 0.13266
4630.00000 0.14429
4632.00000 0.15706
4634.00000 0.17042
4636.00000 0.18507
4638.00000 0.20041
4640.00000 0.21687
4642.00000 0.23297
4644.00000 0.24933
4646.00000 0.26491
4648.00000 0.2804
4650.00000 0.29427
4652.00000 0.30782
4654.00000 0.31953
4656.00000 0.32936
4658.00000 0.33722
4660.00000 0.34341
4662.00000 0.34811
4664.00000 0.35094
4666.00000 0.35234
4668.00000 0.35288
4670.00000 0.35229
4672.00000 0.35144
4674.00000 0.34979
4676.00000 0.34779
4678.00000 0.34621
4680.00000 0.34417
4682.00000 0.34254
4684.00000 0.34109
4686.00000 0.33979
4688.00000 0.33876
4690.00000 0.3383
4692.00000 0.338
4694.00000 0.33795
4696.00000 0.3381
4698.00000 0.3385
4700.00000 0.33897
4702.00000 0.33986
4704.00000 0.34057
4706.00000 0.3414
4708.00000 0.34218
4710.00000 0.34305
4712.00000 0.3433
4714.00000 0.34371
4716.00000 0.34413
4718.00000 0.34398
4720.00000 0.34373
4722.00000 0.34314
4724.00000 0.3423
4726.00000 0.34138
4728.00000 0.33994
4730.00000 0.33827
4732.00000 0.33618
4734.00000 0.33431
4736.00000 0.33193
4738.00000 0.32963
4740.00000 0.32722
4742.00000 0.32485
4744.00000 0.322
4746.00000 0.31989
4748.00000 0.31719
4750.00000 0.31482
4752.00000 0.31251
4754.00000 0.3106
4756.00000 0.30843
4758.00000 0.30657
4760.00000 0.30482
4762.00000 0.30332
4764.00000 0.30193
4766.00000 0.30085
4768.00000 0.29976
4770.00000 0.29892
4772.00000 0.29824
4774.00000 0.29766
4776.00000 0.29725
4778.00000 0.29672
4780.00000 0.29644
4782.00000 0.29619
4784.00000 0.29583
4786.00000 0.29552
4788.00000 0.29487
4790.00000 0.29446
4792.00000 0.29337
4794.00000 0.2923
4796.00000 0.29064
4798.00000 0.28873
4800.00000 0.28617
4802.00000 0.28301
4804.00000 0.27921
4806.00000 0.27482
4808.00000 0.26936
4810.00000 0.26316
4812.00000 0.25598
4814.00000 0.24796
4816.00000 0.2394
4818.00000 0.22987
4820.00000 0.22008
4822.00000 0.20941
4824.00000 0.19825
4826.00000 0.18683
4828.00000 0.17578
4830.00000 0.16417
4832.00000 0.15316
4834.00000 0.14204
4836.00000 0.13108
4838.00000 0.1204
4840.00000 0.11035
4842.00000 0.10093
4844.00000 0.09193
4846.00000 0.08373
4848.00000 0.07602
4850.00000 0.0688
4852.00000 0.06211
4854.00000 0.05629
4856.00000 0.05083
4858.00000 0.04601
4860.00000 0.04151
4862.00000 0.03743
4864.00000 0.03373
4866.00000 0.03042
4868.00000 0.02754
4870.00000 0.02482
4872.00000 0.02246
4874.00000 0.0203
4876.00000 0.01837
4878.00000 0.01661
4880.00000 0.01509
4882.00000 0.01369
4884.00000 0.01245
4886.00000 0.01131
4888.00000 0.01031
4890.00000 0.00937
4892.00000 0.00856
4894.00000 0.00781
4896.00000 0.00716
4898.00000 0.00656
4900.00000 0.00601
4902.00000 0.00551
4904.00000 0.00504
4906.00000 0.00465
4908.00000 0.00428
4910.00000 0.00395
4912.00000 0.00363
4914.00000 0.00336
4916.00000 0.00309
4918.00000 0.00289
4920.00000 0.00268
4922.00000 0.00249
4924.00000 0.00231
4926.00000 0.00215
4928.00000 0.00199
4930.00000 0.00185
4932.00000 0.00174
4934.00000 0.00162
4936.00000 0.00153
4938.00000 0.00143
4940.00000 0.00134
4942.00000 0.00126
4944.00000 0.00118
4946.00000 0.00111
4948.00000 0.00106
4950.00000 0.001
4952.00000 0.00095
4954.00000 0.0009
4956.00000 0.00085
4958.00000 0.00081
4960.00000 0.00077
4962.00000 0.00074
4964.00000 0.0007
4966.00000 0.00067
4968.00000 0.00064
4970.00000 0.00062
4972.00000 0.00059
4974.00000 0.00057
4976.00000 0.00055
4978.00000 0.00053
4980.00000 0.00051
4982.00000 0.0005
4984.00000 0.00048
4986.00000 0.00047
4988.00000 0.00045
4990.00000 0.00045
4992.00000 0.00043
4994.00000 0.00042
4996.00000 0.00041
4998.00000 0.00041
5000.00000 0.0004
5002.00000 0.00039
5004.00000 0.00039
5006.00000 0.00038
5008.00000 0.00038
5010.00000 0.00037
5012.00000 0.00037
5014.00000 0.00036
5016.00000 0.00036
5018.00000 0.00036
5020.00000 0.00036
5022.00000 0.00036
5024.00000 0.00035
5026.00000 0.00035
5028.00000 0.00036
5030.00000 0.00036
5032.00000 0.00036
5034.00000 0.00036
5036.00000 0.00036
5038.00000 0.00036
5040.00000 0.00036
5042.00000 0.00036
5044.00000 0.00035
5046.00000 0.00036
5048.00000 0.00036
5050.00000 0.00035
5052.00000 0.00035
5054.00000 0.00035
5056.00000 0.00034
5058.00000 0.00033
5060.00000 0.00032
5062.00000 0.00031
5064.00000 0.0003
5066.00000 0.00029
5068.00000 0.00027
5070.00000 0.00026
5072.00000 0.00024
5074.00000 0.00023
5076.00000 0.00022
5078.00000 0.0002
5080.00000 0.00019
5082.00000 0.00018
5084.00000 0.00017
5086.00000 0.00016
5088.00000 0.00015
5090.00000 0.00014
5092.00000 0.00013
5094.00000 0.00012
5096.00000 0.00012
5098.00000 0.00011
5100.00000 0.00011
5610.00000 0.0
