threeML/data/optical_filters/OSN/Stromgren-y_z2.ecsv
# %ECSV 0.9
# ---
# datatype:
# - {name: wavelength, unit: Angstrom, datatype: float32}
# - {name: response, datatype: float32}
# meta: !!omap
# - {band_name: y_z2}
# - {group_name: Stromgren}
wavelength response
4590.00000 0.0
5100.00000 0.00012
5102.00000 0.00012
5104.00000 0.00012
5106.00000 0.00012
5108.00000 0.00013
5110.00000 0.00013
5112.00000 0.00013
5114.00000 0.00013
5116.00000 0.00013
5118.00000 0.00013
5120.00000 0.00014
5122.00000 0.00013
5124.00000 0.00013
5126.00000 0.00013
5128.00000 0.00013
5130.00000 0.00013
5132.00000 0.00013
5134.00000 0.00013
5136.00000 0.00013
5138.00000 0.00013
5140.00000 0.00013
5142.00000 0.00013
5144.00000 0.00013
5146.00000 0.00013
5148.00000 0.00012
5150.00000 0.00013
5152.00000 0.00013
5154.00000 0.00013
5156.00000 0.00013
5158.00000 0.00013
5160.00000 0.00013
5162.00000 0.00013
5164.00000 0.00013
5166.00000 0.00014
5168.00000 0.00014
5170.00000 0.00014
5172.00000 0.00014
5174.00000 0.00014
5176.00000 0.00015
5178.00000 0.00015
5180.00000 0.00015
5182.00000 0.00016
5184.00000 0.00016
5186.00000 0.00017
5188.00000 0.00017
5190.00000 0.00017
5192.00000 0.00018
5194.00000 0.00019
5196.00000 0.00019
5198.00000 0.00021
5200.00000 0.00021
5202.00000 0.00022
5204.00000 0.00023
5206.00000 0.00024
5208.00000 0.00025
5210.00000 0.00027
5212.00000 0.00029
5214.00000 0.00031
5216.00000 0.00032
5218.00000 0.00035
5220.00000 0.00036
5222.00000 0.00039
5224.00000 0.00042
5226.00000 0.00045
5228.00000 0.0005
5230.00000 0.00053
5232.00000 0.00059
5234.00000 0.00064
5236.00000 0.00069
5238.00000 0.00077
5240.00000 0.00084
5242.00000 0.00093
5244.00000 0.00103
5246.00000 0.00114
5248.00000 0.00127
5250.00000 0.00139
5252.00000 0.00155
5254.00000 0.00172
5256.00000 0.00191
5258.00000 0.00212
5260.00000 0.00234
5262.00000 0.00256
5264.00000 0.00281
5266.00000 0.00305
5268.00000 0.00332
5270.00000 0.00357
5272.00000 0.00383
5274.00000 0.00406
5276.00000 0.00428
5278.00000 0.00447
5280.00000 0.00467
5282.00000 0.00479
5284.00000 0.0049
5286.00000 0.005
5288.00000 0.00505
5290.00000 0.00509
5292.00000 0.00512
5294.00000 0.00512
5296.00000 0.00511
5298.00000 0.00508
5300.00000 0.00506
5302.00000 0.00504
5304.00000 0.00503
5306.00000 0.00501
5308.00000 0.00499
5310.00000 0.005
5312.00000 0.00501
5314.00000 0.00501
5316.00000 0.00505
5318.00000 0.00508
5320.00000 0.00514
5322.00000 0.0052
5324.00000 0.00528
5326.00000 0.00538
5328.00000 0.0055
5330.00000 0.00564
5332.00000 0.00578
5334.00000 0.00595
5336.00000 0.00614
5338.00000 0.00637
5340.00000 0.00661
5342.00000 0.00688
5344.00000 0.00719
5346.00000 0.0075
5348.00000 0.0079
5350.00000 0.00832
5352.00000 0.00879
5354.00000 0.0093
5356.00000 0.00988
5358.00000 0.01055
5360.00000 0.01132
5362.00000 0.01217
5364.00000 0.01312
5366.00000 0.01418
5368.00000 0.01539
5370.00000 0.01671
5372.00000 0.0183
5374.00000 0.02009
5376.00000 0.02219
5378.00000 0.02441
5380.00000 0.02711
5382.00000 0.0301
5384.00000 0.03362
5386.00000 0.03773
5388.00000 0.04258
5390.00000 0.04803
5392.00000 0.05431
5394.00000 0.06182
5396.00000 0.07011
5398.00000 0.08014
5400.00000 0.09167
5402.00000 0.10495
5404.00000 0.11935
5406.00000 0.13595
5408.00000 0.15372
5410.00000 0.17339
5412.00000 0.19396
5414.00000 0.21622
5416.00000 0.23814
5418.00000 0.25928
5420.00000 0.28043
5422.00000 0.29872
5424.00000 0.31573
5426.00000 0.32923
5428.00000 0.33964
5430.00000 0.3469
5432.00000 0.35123
5434.00000 0.35285
5436.00000 0.35227
5438.00000 0.34977
5440.00000 0.34604
5442.00000 0.34163
5444.00000 0.33676
5446.00000 0.33144
5448.00000 0.32654
5450.00000 0.32155
5452.00000 0.31743
5454.00000 0.3137
5456.00000 0.31075
5458.00000 0.30888
5460.00000 0.30722
5462.00000 0.30671
5464.00000 0.307
5466.00000 0.30751
5468.00000 0.30891
5470.00000 0.31091
5472.00000 0.31336
5474.00000 0.31655
5476.00000 0.31972
5478.00000 0.3235
5480.00000 0.3273
5482.00000 0.33128
5484.00000 0.33549
5486.00000 0.33958
5488.00000 0.34356
5490.00000 0.34742
5492.00000 0.35103
5494.00000 0.35418
5496.00000 0.35711
5498.00000 0.35941
5500.00000 0.36109
5502.00000 0.36238
5504.00000 0.36296
5506.00000 0.36306
5508.00000 0.36254
5510.00000 0.36163
5512.00000 0.36018
5514.00000 0.35831
5516.00000 0.35588
5518.00000 0.3535
5520.00000 0.35048
5522.00000 0.34738
5524.00000 0.34368
5526.00000 0.34027
5528.00000 0.33687
5530.00000 0.33309
5532.00000 0.32968
5534.00000 0.32607
5536.00000 0.32283
5538.00000 0.31918
5540.00000 0.316
5542.00000 0.31274
5544.00000 0.3094
5546.00000 0.3065
5548.00000 0.30365
5550.00000 0.30077
5552.00000 0.29775
5554.00000 0.29529
5556.00000 0.29263
5558.00000 0.28981
5560.00000 0.28731
5562.00000 0.28464
5564.00000 0.28211
5566.00000 0.27976
5568.00000 0.27702
5570.00000 0.27453
5572.00000 0.27173
5574.00000 0.26932
5576.00000 0.26664
5578.00000 0.26407
5580.00000 0.26153
5582.00000 0.25884
5584.00000 0.25646
5586.00000 0.25379
5588.00000 0.25133
5590.00000 0.24882
5592.00000 0.24629
5594.00000 0.24378
5596.00000 0.24116
5598.00000 0.23852
5600.00000 0.23586
5602.00000 0.2332
5604.00000 0.23022
5606.00000 0.22687
5608.00000 0.22371
5610.00000 0.21939
5612.00000 0.21519
5614.00000 0.21042
5616.00000 0.20516
5618.00000 0.19919
5620.00000 0.19268
5622.00000 0.18526
5624.00000 0.17721
5626.00000 0.16872
5628.00000 0.15966
5630.00000 0.15038
5632.00000 0.14075
5634.00000 0.13108
5636.00000 0.12065
5638.00000 0.11143
5640.00000 0.10188
5642.00000 0.09288
5644.00000 0.08437
5646.00000 0.07614
5648.00000 0.06845
5650.00000 0.06131
5652.00000 0.05522
5654.00000 0.04922
5656.00000 0.04405
5658.00000 0.03929
5660.00000 0.03498
5662.00000 0.03107
5664.00000 0.02768
5666.00000 0.02475
5668.00000 0.022
5670.00000 0.01962
5672.00000 0.01751
5674.00000 0.01559
5676.00000 0.01392
5678.00000 0.01249
5680.00000 0.0112
5682.00000 0.01007
5684.00000 0.00905
5686.00000 0.00815
5688.00000 0.00733
5690.00000 0.00663
5692.00000 0.00601
5694.00000 0.00544
5696.00000 0.00496
5698.00000 0.00451
5700.00000 0.00412
5702.00000 0.00376
5704.00000 0.00345
5706.00000 0.00316
5708.00000 0.00293
5710.00000 0.00267
5712.00000 0.00248
5714.00000 0.00228
5716.00000 0.00211
5718.00000 0.00195
5720.00000 0.00182
5722.00000 0.00169
5724.00000 0.00159
5726.00000 0.00148
5728.00000 0.00138
5730.00000 0.0013
5732.00000 0.00122
5734.00000 0.00115
5736.00000 0.00109
5738.00000 0.00102
5740.00000 0.00097
5742.00000 0.00092
5744.00000 0.00087
5746.00000 0.00083
5748.00000 0.00079
5750.00000 0.00075
5752.00000 0.00073
5754.00000 0.00068
5756.00000 0.00066
5758.00000 0.00063
5760.00000 0.00061
5762.00000 0.00059
5764.00000 0.00057
5766.00000 0.00056
5768.00000 0.00053
5770.00000 0.00052
5772.00000 0.0005
5774.00000 0.00049
5776.00000 0.00048
5778.00000 0.00046
5780.00000 0.00046
5782.00000 0.00045
5784.00000 0.00044
5786.00000 0.00043
5788.00000 0.00042
5790.00000 0.00041
5792.00000 0.00041
5794.00000 0.0004
5796.00000 0.0004
5798.00000 0.00039
5800.00000 0.00039
5802.00000 0.00039
5804.00000 0.00039
5806.00000 0.00038
5808.00000 0.00038
5810.00000 0.00038
5812.00000 0.00038
5814.00000 0.00038
5816.00000 0.00038
5818.00000 0.00038
5820.00000 0.00039
5822.00000 0.00039
5824.00000 0.00039
5826.00000 0.0004
5828.00000 0.0004
5830.00000 0.0004
5832.00000 0.00041
5834.00000 0.00041
5836.00000 0.00042
5838.00000 0.00042
5840.00000 0.00042
5842.00000 0.00043
5844.00000 0.00043
5846.00000 0.00042
5848.00000 0.00043
5850.00000 0.00042
5852.00000 0.00042
5854.00000 0.00041
5856.00000 0.00041
5858.00000 0.00039
5860.00000 0.00038
5862.00000 0.00037
5864.00000 0.00035
5866.00000 0.00034
5868.00000 0.00032
5870.00000 0.0003
5872.00000 0.00029
5874.00000 0.00027
5876.00000 0.00025
5878.00000 0.00023
5880.00000 0.00022
5882.00000 0.00021
5884.00000 0.00019
5886.00000 0.00018
5888.00000 0.00017
5890.00000 0.00016
5892.00000 0.00015
5894.00000 0.00014
5896.00000 0.00013
5898.00000 0.00013
5900.00000 0.00012
6490.00000 0.0
