threeML/data/optical_filters/OSN/Stromgren-Hbetaw_z1.ecsv
# %ECSV 0.9
# ---
# datatype:
# - {name: wavelength, unit: Angstrom, datatype: float32}
# - {name: response, datatype: float32}
# meta: !!omap
# - {band_name: Hbetaw_z1}
# - {group_name: Stromgren}
wavelength response
4230.00000 0.0
4700.00000 7e-05
4702.00000 8e-05
4704.00000 9e-05
4706.00000 0.0001
4708.00000 0.00011
4710.00000 0.00012
4712.00000 0.00013
4714.00000 0.00014
4716.00000 0.00016
4718.00000 0.00018
4720.00000 0.0002
4722.00000 0.00022
4724.00000 0.00025
4726.00000 0.00028
4728.00000 0.00031
4730.00000 0.00035
4732.00000 0.0004
4734.00000 0.00045
4736.00000 0.0005
4738.00000 0.00056
4740.00000 0.00064
4742.00000 0.00073
4744.00000 0.00082
4746.00000 0.00092
4748.00000 0.00105
4750.00000 0.00118
4752.00000 0.00133
4754.00000 0.00149
4756.00000 0.00168
4758.00000 0.00188
4760.00000 0.00212
4762.00000 0.00237
4764.00000 0.00264
4766.00000 0.00294
4768.00000 0.00327
4770.00000 0.00362
4772.00000 0.00402
4774.00000 0.00445
4776.00000 0.00491
4778.00000 0.00543
4780.00000 0.00598
4782.00000 0.0066
4784.00000 0.00732
4786.00000 0.0081
4788.00000 0.00898
4790.00000 0.00994
4792.00000 0.01108
4794.00000 0.01236
4796.00000 0.01384
4798.00000 0.01553
4800.00000 0.01755
4802.00000 0.01982
4804.00000 0.02259
4806.00000 0.02569
4808.00000 0.02945
4810.00000 0.03406
4812.00000 0.03954
4814.00000 0.04612
4816.00000 0.05409
4818.00000 0.06393
4820.00000 0.07573
4822.00000 0.09061
4824.00000 0.10889
4826.00000 0.1315
4828.00000 0.15795
4830.00000 0.19099
4832.00000 0.22908
4834.00000 0.27499
4836.00000 0.32683
4838.00000 0.38478
4840.00000 0.44422
4842.00000 0.50214
4844.00000 0.55775
4846.00000 0.60355
4848.00000 0.64024
4850.00000 0.66598
4852.00000 0.6814
4854.00000 0.68821
4856.00000 0.68932
4858.00000 0.68667
4860.00000 0.68269
4862.00000 0.67891
4864.00000 0.6753
4866.00000 0.67345
4868.00000 0.67258
4870.00000 0.67336
4872.00000 0.67514
4874.00000 0.67756
4876.00000 0.68077
4878.00000 0.68394
4880.00000 0.68646
4882.00000 0.68856
4884.00000 0.68893
4886.00000 0.68889
4888.00000 0.6873
4890.00000 0.68417
4892.00000 0.68055
4894.00000 0.67643
4896.00000 0.67188
4898.00000 0.66766
4900.00000 0.6633
4902.00000 0.65975
4904.00000 0.65763
4906.00000 0.65606
4908.00000 0.6559
4910.00000 0.65558
4912.00000 0.65611
4914.00000 0.65591
4916.00000 0.65375
4918.00000 0.64885
4920.00000 0.6396
4922.00000 0.62369
4924.00000 0.60118
4926.00000 0.56994
4928.00000 0.53057
4930.00000 0.48403
4932.00000 0.43516
4934.00000 0.38365
4936.00000 0.33377
4938.00000 0.28613
4940.00000 0.24334
4942.00000 0.20399
4944.00000 0.17098
4946.00000 0.14368
4948.00000 0.12038
4950.00000 0.1017
4952.00000 0.08571
4954.00000 0.07263
4956.00000 0.06142
4958.00000 0.05268
4960.00000 0.04529
4962.00000 0.03918
4964.00000 0.03394
4966.00000 0.02963
4968.00000 0.02577
4970.00000 0.02265
4972.00000 0.01999
4974.00000 0.01769
4976.00000 0.01578
4978.00000 0.01409
4980.00000 0.01266
4982.00000 0.01134
4984.00000 0.01027
4986.00000 0.0093
4988.00000 0.00844
4990.00000 0.00768
4992.00000 0.00703
4994.00000 0.00641
4996.00000 0.00587
4998.00000 0.00538
5000.00000 0.00494
5002.00000 0.00454
5004.00000 0.00418
5006.00000 0.00387
5008.00000 0.00356
5010.00000 0.00328
5012.00000 0.00304
5014.00000 0.00282
5016.00000 0.00259
5018.00000 0.00239
5020.00000 0.0022
5022.00000 0.00202
5024.00000 0.00187
5026.00000 0.00171
5028.00000 0.00157
5030.00000 0.00145
5032.00000 0.00132
5034.00000 0.0012
5036.00000 0.0011
5038.00000 0.00101
5040.00000 0.00092
5042.00000 0.00083
5044.00000 0.00076
5046.00000 0.00067
5048.00000 0.00062
5050.00000 0.00056
5052.00000 0.00051
5054.00000 0.00046
5056.00000 0.00041
5058.00000 0.00037
5060.00000 0.00034
5062.00000 0.0003
5064.00000 0.00027
5066.00000 0.00024
5068.00000 0.00022
5070.00000 0.0002
5072.00000 0.00018
5074.00000 0.00016
5076.00000 0.00015
5078.00000 0.00013
5080.00000 0.00012
5082.00000 0.00011
5084.00000 0.0001
5086.00000 9e-05
5088.00000 8e-05
5090.00000 8e-05
5092.00000 7e-05
5094.00000 6e-05
5096.00000 6e-05
5098.00000 5e-05
5100.00000 5e-05
5610.00000 0.0
