threeML/data/optical_filters/CTIO/CTIO-f_5461_100.ecsv
# %ECSV 0.9
# ---
# datatype:
# - {name: wavelength, unit: Angstrom, datatype: float32}
# - {name: response, datatype: float32}
# meta: !!omap
# - {band_name: f_5461_100}
# - {group_name: CTIO}
wavelength response
4806.00000 0.0
5340.00000 0.0016662
5342.00000 0.0022618
5344.00000 0.00168445
5346.00000 0.00113379
5348.00000 0.00172216
5350.00000 0.000567537
5352.00000 0.00231548
5354.00000 0.00381343
5356.00000 0.00473653
5358.00000 0.00520231
5360.00000 0.00591541
5362.00000 0.0058997
5364.00000 0.00830614
5366.00000 0.00957797
5368.00000 0.0131737
5370.00000 0.0166667
5372.00000 0.0200791
5374.00000 0.027972
5376.00000 0.0373918
5378.00000 0.0442343
5380.00000 0.0596833
5382.00000 0.0745956
5384.00000 0.0947526
5386.00000 0.119699
5388.00000 0.140112
5390.00000 0.16129
5392.00000 0.189401
5394.00000 0.205669
5396.00000 0.234211
5398.00000 0.257269
5400.00000 0.280368
5402.00000 0.315179
5404.00000 0.334807
5406.00000 0.359912
5408.00000 0.384399
5410.00000 0.407973
5412.00000 0.430323
5414.00000 0.442702
5416.00000 0.463383
5418.00000 0.482549
5420.00000 0.497923
5422.00000 0.504353
5424.00000 0.520727
5426.00000 0.525862
5428.00000 0.532207
5430.00000 0.535256
5432.00000 0.54202
5434.00000 0.545513
5436.00000 0.534846
5438.00000 0.557366
5440.00000 0.54782
5442.00000 0.549788
5444.00000 0.54872
5446.00000 0.548634
5448.00000 0.549148
5450.00000 0.538687
5452.00000 0.542525
5454.00000 0.548158
5456.00000 0.544278
5458.00000 0.539505
5460.00000 0.542148
5462.00000 0.540736
5464.00000 0.538381
5466.00000 0.530187
5468.00000 0.520543
5470.00000 0.514186
5472.00000 0.501399
5474.00000 0.484996
5476.00000 0.472469
5478.00000 0.461974
5480.00000 0.434164
5482.00000 0.406948
5484.00000 0.384449
5486.00000 0.362205
5488.00000 0.333932
5490.00000 0.306522
5492.00000 0.280804
5494.00000 0.251914
5496.00000 0.222342
5498.00000 0.198545
5500.00000 0.172439
5502.00000 0.151747
5504.00000 0.131473
5506.00000 0.111357
5508.00000 0.0964299
5510.00000 0.0819733
5512.00000 0.0697498
5514.00000 0.0579545
5516.00000 0.0479846
5518.00000 0.0409556
5520.00000 0.0330798
5522.00000 0.0259939
5524.00000 0.0219522
5526.00000 0.0170807
5528.00000 0.0147116
5530.00000 0.011705
5532.00000 0.0101404
5534.00000 0.00787402
5536.00000 0.00613262
5538.00000 0.00465838
5540.00000 0.00388048
5542.00000 0.00310921
5544.00000 0.00230061
5546.00000 0.00154679
5548.00000 0.00115696
5550.00000 0.000775795
5552.00000 0.000774893
5554.00000 0.00077101
5556.00000 0.0
5558.00000 0.00157356
5560.00000 0.0
