threeML/data/optical_filters/CTIO/CTIO-f_4861_50.ecsv
# %ECSV 0.9
# ---
# datatype:
# - {name: wavelength, unit: Angstrom, datatype: float32}
# - {name: response, datatype: float32}
# meta: !!omap
# - {band_name: f_4861_50}
# - {group_name: CTIO}
wavelength response
4770.00000 0.0
4772.00000 0.000286697
4774.00000 0.000573559
4776.00000 0.000286451
4778.00000 0.000570288
4780.00000 0.000854701
4782.00000 0.00113928
4784.00000 0.000853242
4786.00000 0.000851547
4788.00000 0.00113572
4790.00000 0.0011354
4792.00000 0.00113443
4794.00000 0.00113411
4796.00000 0.00169924
4798.00000 0.00169827
4800.00000 0.00169779
4802.00000 0.00197964
4804.00000 0.00226372
4806.00000 0.00226053
4808.00000 0.00282247
4810.00000 0.00338792
4812.00000 0.00367024
4814.00000 0.00450831
4816.00000 0.0050505
4818.00000 0.00673401
4820.00000 0.00756303
4822.00000 0.00952648
4824.00000 0.0114846
4826.00000 0.013986
4828.00000 0.0173427
4830.00000 0.0226257
4832.00000 0.0314939
4834.00000 0.0425947
4836.00000 0.0561891
4838.00000 0.0750208
4840.00000 0.0998327
4842.00000 0.143375
4844.00000 0.211362
4846.00000 0.287305
4848.00000 0.373122
4850.00000 0.447471
4852.00000 0.49055
4854.00000 0.530823
4856.00000 0.551436
4858.00000 0.564939
4860.00000 0.571826
4862.00000 0.577073
4864.00000 0.57946
4866.00000 0.580717
4868.00000 0.580717
4870.00000 0.579489
4872.00000 0.578012
4874.00000 0.573562
4876.00000 0.571666
4878.00000 0.572458
4880.00000 0.574674
4882.00000 0.5787
4884.00000 0.582205
4886.00000 0.586626
4888.00000 0.58216
4890.00000 0.563777
4892.00000 0.527157
4894.00000 0.46461
4896.00000 0.395759
4898.00000 0.324072
4900.00000 0.24659
4902.00000 0.208674
4904.00000 0.162081
4906.00000 0.128338
4908.00000 0.10158
4910.00000 0.0835829
4912.00000 0.0680457
4914.00000 0.057975
4916.00000 0.0478521
4918.00000 0.0418251
4920.00000 0.0355785
4922.00000 0.030953
4924.00000 0.0263515
4926.00000 0.0225176
4928.00000 0.0195069
4930.00000 0.0151638
4932.00000 0.0135391
4934.00000 0.0105577
4936.00000 0.00866504
4938.00000 0.00651643
4940.00000 0.00543478
4942.00000 0.00433957
4944.00000 0.00379198
4946.00000 0.00298184
4948.00000 0.00271665
4950.00000 0.002443
4952.00000 0.00217037
4954.00000 0.00189343
4956.00000 0.00162382
4958.00000 0.00135245
4960.00000 0.00135796
4962.00000 0.00162866
4964.00000 0.00135538
4966.00000 0.00108548
4968.00000 0.00108401
4970.00000 0.000542299
5467.00000 0.0
