threeML/data/optical_filters/CTIO/CTIO-f_4324_1056.ecsv
# %ECSV 0.9
# ---
# datatype:
# - {name: wavelength, unit: Angstrom, datatype: float32}
# - {name: response, datatype: float32}
# meta: !!omap
# - {band_name: f_4324_1056}
# - {group_name: CTIO}
wavelength response
3060.00000 0.0
3400.00000 0.00729927
3410.00000 0.00734038
3420.00000 0.00739616
3430.00000 0.00747368
3440.00000 0.00758208
3450.00000 0.00773587
3460.00000 0.00795667
3470.00000 0.00827527
3480.00000 0.00873452
3490.00000 0.0093921
3500.00000 0.0103224
3510.00000 0.0116187
3520.00000 0.0133977
3530.00000 0.0158042
3540.00000 0.0190103
3550.00000 0.0232046
3560.00000 0.0285721
3570.00000 0.0352732
3580.00000 0.0434281
3590.00000 0.0531047
3600.00000 0.0643059
3610.00000 0.076957
3620.00000 0.0909066
3630.00000 0.105949
3640.00000 0.121863
3650.00000 0.138448
3660.00000 0.155539
3670.00000 0.172999
3680.00000 0.1907
3690.00000 0.208518
3700.00000 0.226334
3710.00000 0.244045
3720.00000 0.261568
3730.00000 0.278843
3740.00000 0.295824
3750.00000 0.312472
3760.00000 0.328754
3770.00000 0.344658
3780.00000 0.360203
3790.00000 0.375455
3800.00000 0.390522
3810.00000 0.40551
3820.00000 0.420475
3830.00000 0.435373
3840.00000 0.450071
3850.00000 0.46439
3860.00000 0.478176
3870.00000 0.49133
3880.00000 0.503818
3890.00000 0.515643
3900.00000 0.52683
3910.00000 0.537412
3920.00000 0.547424
3930.00000 0.556901
3940.00000 0.565877
3950.00000 0.574383
3960.00000 0.582442
3970.00000 0.590075
3980.00000 0.597303
3990.00000 0.604148
4000.00000 0.61064
4010.00000 0.616818
4020.00000 0.622728
4030.00000 0.628429
4040.00000 0.633977
4050.00000 0.639412
4060.00000 0.644738
4070.00000 0.649921
4080.00000 0.654911
4090.00000 0.659662
4100.00000 0.664139
4110.00000 0.668325
4120.00000 0.672219
4130.00000 0.675829
4140.00000 0.679177
4150.00000 0.68229
4160.00000 0.685188
4170.00000 0.687887
4180.00000 0.690385
4190.00000 0.69266
4200.00000 0.694675
4210.00000 0.696405
4220.00000 0.697868
4230.00000 0.699134
4240.00000 0.700299
4250.00000 0.701424
4260.00000 0.702517
4270.00000 0.703535
4280.00000 0.704417
4290.00000 0.705107
4300.00000 0.705566
4310.00000 0.705767
4320.00000 0.705706
4330.00000 0.705401
4340.00000 0.704891
4350.00000 0.704226
4360.00000 0.703445
4370.00000 0.702569
4380.00000 0.701598
4390.00000 0.700517
4400.00000 0.699296
4410.00000 0.6979
4420.00000 0.696293
4430.00000 0.694437
4440.00000 0.692311
4450.00000 0.689913
4460.00000 0.687272
4470.00000 0.684441
4480.00000 0.681477
4490.00000 0.678425
4500.00000 0.6753
4510.00000 0.67209
4520.00000 0.668756
4530.00000 0.665233
4540.00000 0.66144
4550.00000 0.657287
4560.00000 0.652692
4570.00000 0.647589
4580.00000 0.641933
4590.00000 0.635708
4600.00000 0.628918
4610.00000 0.621577
4620.00000 0.613693
4630.00000 0.605259
4640.00000 0.596257
4650.00000 0.586665
4660.00000 0.57647
4670.00000 0.565679
4680.00000 0.554324
4690.00000 0.542457
4700.00000 0.530152
4710.00000 0.517488
4720.00000 0.504543
4730.00000 0.491391
4740.00000 0.478096
4750.00000 0.464706
4760.00000 0.451244
4770.00000 0.4377
4780.00000 0.424037
4790.00000 0.410203
4800.00000 0.396153
4810.00000 0.381867
4820.00000 0.367364
4830.00000 0.352713
4840.00000 0.338029
4850.00000 0.323456
4860.00000 0.309142
4870.00000 0.295223
4880.00000 0.2818
4890.00000 0.268942
4900.00000 0.2567
4910.00000 0.245129
4920.00000 0.234293
4930.00000 0.224239
4940.00000 0.214951
4950.00000 0.206322
4960.00000 0.198168
4970.00000 0.190276
4980.00000 0.182469
4990.00000 0.174637
5000.00000 0.16674
5010.00000 0.158793
5020.00000 0.150833
5030.00000 0.142907
5040.00000 0.135062
5050.00000 0.12734
5060.00000 0.119779
5070.00000 0.11241
5080.00000 0.105262
5090.00000 0.0983652
5100.00000 0.0917521
5110.00000 0.0854528
5120.00000 0.0794896
5130.00000 0.0738675
5140.00000 0.0685667
5150.00000 0.0635415
5160.00000 0.0587306
5170.00000 0.0540808
5180.00000 0.0495707
5190.00000 0.0452195
5200.00000 0.0410774
5210.00000 0.0372042
5220.00000 0.0336503
5230.00000 0.0304443
5240.00000 0.0275887
5250.00000 0.0250634
5260.00000 0.0228339
5270.00000 0.0208617
5280.00000 0.0191141
5290.00000 0.0175687
5300.00000 0.0162128
5310.00000 0.0150365
5320.00000 0.0140253
5330.00000 0.01316
5340.00000 0.0124238
5350.00000 0.01181
5360.00000 0.0113206
5370.00000 0.0109552
5380.00000 0.0106982
5390.00000 0.0105147
5400.00000 0.0103567
5940.00000 0.0
