threeML/data/optical_filters/CTIO/CTIO-f_5000_70.ecsv
# %ECSV 0.9
# ---
# datatype:
# - {name: wavelength, unit: Angstrom, datatype: float32}
# - {name: response, datatype: float32}
# meta: !!omap
# - {band_name: f_5000_70}
# - {group_name: CTIO}
wavelength response
4383.00000 0.0
4870.00000 0.00127836
4872.00000 0.00127836
4874.00000 0.00096
4876.00000 0.00127877
4878.00000 0.00127592
4880.00000 0.0012747
4882.00000 0.00158881
4884.00000 0.00127226
4886.00000 0.00126662
4888.00000 0.00190355
4890.00000 0.00188798
4892.00000 0.00189813
4894.00000 0.00190779
4896.00000 0.00252924
4898.00000 0.00283822
4900.00000 0.00316756
4902.00000 0.00379867
4904.00000 0.00410095
4906.00000 0.00410613
4908.00000 0.00536278
4910.00000 0.00570704
4912.00000 0.00697748
4914.00000 0.00758533
4916.00000 0.00883559
4918.00000 0.0104265
4920.00000 0.0123262
4922.00000 0.0135818
4924.00000 0.0157878
4926.00000 0.0186296
4928.00000 0.0234029
4930.00000 0.0268308
4932.00000 0.0356467
4934.00000 0.0440806
4936.00000 0.0541562
4938.00000 0.0667296
4940.00000 0.0838323
4942.00000 0.102918
4944.00000 0.124843
4946.00000 0.14584
4948.00000 0.18179
4950.00000 0.206692
4952.00000 0.250856
4954.00000 0.27479
4956.00000 0.30791
4958.00000 0.34377
4960.00000 0.375117
4962.00000 0.401069
4964.00000 0.445594
4966.00000 0.501413
4968.00000 0.547461
4970.00000 0.579178
4972.00000 0.60321
4974.00000 0.614416
4976.00000 0.625747
4978.00000 0.632144
4980.00000 0.632293
4982.00000 0.631877
4984.00000 0.634131
4986.00000 0.633723
4988.00000 0.631297
4990.00000 0.628508
4992.00000 0.624921
4994.00000 0.621169
4996.00000 0.617907
4998.00000 0.612567
5000.00000 0.615336
5002.00000 0.610745
5004.00000 0.605585
5006.00000 0.607646
5008.00000 0.60958
5010.00000 0.613228
5012.00000 0.61471
5014.00000 0.620397
5016.00000 0.629536
5018.00000 0.621825
5020.00000 0.617619
5022.00000 0.591811
5024.00000 0.574314
5026.00000 0.527769
5028.00000 0.465022
5030.00000 0.405135
5032.00000 0.338055
5034.00000 0.274497
5036.00000 0.221594
5038.00000 0.179471
5040.00000 0.144161
5042.00000 0.118036
5044.00000 0.090623
5046.00000 0.0751263
5048.00000 0.058509
5050.00000 0.0484429
5052.00000 0.0386895
5054.00000 0.0308547
5056.00000 0.0250156
5058.00000 0.0206637
5060.00000 0.0178069
5062.00000 0.014393
5064.00000 0.0128326
5066.00000 0.0106283
5068.00000 0.0100724
5070.00000 0.00880226
5072.00000 0.0075543
5074.00000 0.0066017
5076.00000 0.00627353
5078.00000 0.00501253
5080.00000 0.00439698
5082.00000 0.0037843
5084.00000 0.00347991
5086.00000 0.00347003
5088.00000 0.00316957
5090.00000 0.00253646
5092.00000 0.00253888
5094.00000 0.00254372
5096.00000 0.0019151
5098.00000 0.00191327
5100.00000 0.00192184
5102.00000 0.00159795
5104.00000 0.00160154
5106.00000 0.000962155
5108.00000 0.000963391
5110.00000 0.000963082
5112.00000 0.000642467
5114.00000 0.000645578
5116.00000 0.00128783
5118.00000 0.000644953
5120.00000 0.000645369
5632.00000 0.0
