threeML/data/optical_filters/CTIO/CTIO-f_5400_100.ecsv
# %ECSV 0.9
# ---
# datatype:
# - {name: wavelength, unit: Angstrom, datatype: float32}
# - {name: response, datatype: float32}
# meta: !!omap
# - {band_name: f_5400_100}
# - {group_name: CTIO}
wavelength response
4743.00000 0.0
5270.00000 0.000833796
5272.00000 0.00111204
5274.00000 0.00111328
5276.00000 0.00111359
5278.00000 0.00111794
5280.00000 0.00112233
5282.00000 0.00167973
5284.00000 0.00140805
5286.00000 0.00140924
5288.00000 0.00169635
5290.00000 0.001706
5292.00000 0.00171576
5294.00000 0.00171969
5296.00000 0.00201555
5298.00000 0.00230415
5300.00000 0.00230814
5302.00000 0.00289771
5304.00000 0.00261097
5306.00000 0.00320513
5308.00000 0.0035057
5310.00000 0.00410076
5312.00000 0.00411523
5314.00000 0.00471698
5316.00000 0.00533491
5318.00000 0.00591891
5320.00000 0.00649926
5322.00000 0.00709639
5324.00000 0.00799763
5326.00000 0.00893921
5328.00000 0.0104634
5330.00000 0.0116836
5332.00000 0.0144491
5334.00000 0.0168929
5336.00000 0.0193939
5338.00000 0.0246201
5340.00000 0.0305998
5342.00000 0.0394332
5344.00000 0.0495049
5346.00000 0.0632166
5348.00000 0.0798881
5350.00000 0.101187
5352.00000 0.12657
5354.00000 0.159155
5356.00000 0.196649
5358.00000 0.236884
5360.00000 0.271885
5362.00000 0.307742
5364.00000 0.335264
5366.00000 0.362609
5368.00000 0.379624
5370.00000 0.398181
5372.00000 0.405018
5374.00000 0.416285
5376.00000 0.417568
5378.00000 0.423924
5380.00000 0.422442
5382.00000 0.428098
5384.00000 0.425864
5386.00000 0.429947
5388.00000 0.428858
5390.00000 0.433356
5392.00000 0.431162
5394.00000 0.437563
5396.00000 0.438662
5398.00000 0.440908
5400.00000 0.442595
5402.00000 0.444029
5404.00000 0.445392
5406.00000 0.44699
5408.00000 0.447649
5410.00000 0.447967
5412.00000 0.44929
5414.00000 0.448611
5416.00000 0.450734
5418.00000 0.450891
5420.00000 0.451455
5422.00000 0.452724
5424.00000 0.453808
5426.00000 0.456252
5428.00000 0.457224
5430.00000 0.459238
5432.00000 0.461044
5434.00000 0.463415
5436.00000 0.464865
5438.00000 0.465823
5440.00000 0.464544
5442.00000 0.462681
5444.00000 0.458182
5446.00000 0.452259
5448.00000 0.44209
5450.00000 0.432185
5452.00000 0.421227
5454.00000 0.408321
5456.00000 0.390262
5458.00000 0.36971
5460.00000 0.361773
5462.00000 0.344789
5464.00000 0.339559
5466.00000 0.315514
5468.00000 0.288072
5470.00000 0.253585
5472.00000 0.225587
5474.00000 0.195437
5476.00000 0.167811
5478.00000 0.144661
5480.00000 0.126008
5482.00000 0.108838
5484.00000 0.0964369
5486.00000 0.0838509
5488.00000 0.0739587
5490.00000 0.0647678
5492.00000 0.0574892
5494.00000 0.0502158
5496.00000 0.0456154
5498.00000 0.0398737
5500.00000 0.0360253
5502.00000 0.0321429
5504.00000 0.0290605
5506.00000 0.0263578
5508.00000 0.0240481
5510.00000 0.0225352
5512.00000 0.0201694
5514.00000 0.0185859
5516.00000 0.0170316
5518.00000 0.0154472
5520.00000 0.0138662
5522.00000 0.0122699
5524.00000 0.0114754
5526.00000 0.0115084
5528.00000 0.0102965
5530.00000 0.00909467
5532.00000 0.00827472
5534.00000 0.00828157
5536.00000 0.0070598
5538.00000 0.00665557
5540.00000 0.00625782
5542.00000 0.00627615
5544.00000 0.00503567
5546.00000 0.00505902
5548.00000 0.0046492
5550.00000 0.00466102
5552.00000 0.00424809
5554.00000 0.00426076
5556.00000 0.00385439
5558.00000 0.00343643
5560.00000 0.00344679
5562.00000 0.00344531
5564.00000 0.00259291
5566.00000 0.00303688
5568.00000 0.00304083
5570.00000 0.00261552
5572.00000 0.00218531
5574.00000 0.00262697
5576.00000 0.0021978
5578.00000 0.00220361
5580.00000 0.00177148
5582.00000 0.00177699
5584.00000 0.000890472
5586.00000 0.00133749
5588.00000 0.00134168
5590.00000 0.00179292
5592.00000 0.00134953
5594.00000 0.000901713
5596.00000 0.00180914
5598.00000 0.000908265
5600.00000 0.000912825
6160.00000 0.0
