threeML/data/optical_filters/CTIO/CTIO-f_4700_190.ecsv
# %ECSV 0.9
# ---
# datatype:
# - {name: wavelength, unit: Angstrom, datatype: float32}
# - {name: response, datatype: float32}
# meta: !!omap
# - {band_name: f_4700_190}
# - {group_name: CTIO}
wavelength response
4050.00000 0.0
4500.00000 0.00290698
4502.00000 0.00290276
4504.00000 0.00289436
4506.00000 0.00362319
4508.00000 0.00361011
4510.00000 0.00359971
4512.00000 0.00360231
4514.00000 0.00431965
4516.00000 0.00431034
4518.00000 0.00426439
4520.00000 0.00500715
4522.00000 0.00500357
4524.00000 0.00571429
4526.00000 0.00569395
4528.00000 0.00568182
4530.00000 0.00638751
4532.00000 0.00638298
4534.00000 0.00710732
4536.00000 0.00706714
4538.00000 0.00774648
4540.00000 0.00775194
4542.00000 0.00840925
4544.00000 0.00906555
4546.00000 0.00905923
4548.00000 0.00974252
4550.00000 0.0103734
4552.00000 0.010352
4554.00000 0.0117241
4556.00000 0.0116758
4558.00000 0.0123203
4560.00000 0.0136333
4562.00000 0.014276
4564.00000 0.0155932
4566.00000 0.0162272
4568.00000 0.0175202
4570.00000 0.0181696
4572.00000 0.019424
4574.00000 0.0214477
4576.00000 0.0227729
4578.00000 0.0227121
4580.00000 0.0259831
4582.00000 0.0276625
4584.00000 0.0299728
4586.00000 0.0332871
4588.00000 0.0352542
4590.00000 0.0381992
4592.00000 0.0398936
4594.00000 0.0441075
4596.00000 0.0489993
4598.00000 0.0520905
4600.00000 0.0576794
4602.00000 0.0627986
4604.00000 0.0687795
4606.00000 0.0752688
4608.00000 0.0820547
4610.00000 0.0850363
4612.00000 0.0948999
4614.00000 0.102144
4616.00000 0.112437
4618.00000 0.122104
4620.00000 0.132959
4622.00000 0.146949
4624.00000 0.167718
4626.00000 0.180276
4628.00000 0.195967
4630.00000 0.207809
4632.00000 0.230356
4634.00000 0.259259
4636.00000 0.266754
4638.00000 0.277222
4640.00000 0.314176
4642.00000 0.332054
4644.00000 0.357781
4646.00000 0.384468
4648.00000 0.40625
4650.00000 0.425865
4652.00000 0.452397
4654.00000 0.479221
4656.00000 0.503588
4658.00000 0.520305
4660.00000 0.536036
4662.00000 0.545627
4664.00000 0.574468
4666.00000 0.590153
4668.00000 0.591772
4670.00000 0.607346
4672.00000 0.624761
4674.00000 0.634591
4676.00000 0.620126
4678.00000 0.637755
4680.00000 0.629747
4682.00000 0.654557
4684.00000 0.652038
4686.00000 0.655215
4688.00000 0.650284
4690.00000 0.657053
4692.00000 0.663534
4694.00000 0.668329
4696.00000 0.655044
4698.00000 0.664165
4700.00000 0.661432
4702.00000 0.67026
4704.00000 0.665828
4706.00000 0.673149
4708.00000 0.658867
4710.00000 0.679899
4712.00000 0.675558
4714.00000 0.68723
4716.00000 0.675954
4718.00000 0.681762
4720.00000 0.672229
4722.00000 0.667687
4724.00000 0.691312
4726.00000 0.677498
4728.00000 0.687423
4730.00000 0.67094
4732.00000 0.675412
4734.00000 0.682123
4736.00000 0.67071
4738.00000 0.674306
4740.00000 0.667883
4742.00000 0.675444
4744.00000 0.669104
4746.00000 0.666263
4748.00000 0.678593
4750.00000 0.666061
4752.00000 0.666062
4754.00000 0.666062
4756.00000 0.660822
4758.00000 0.660617
4760.00000 0.658816
4762.00000 0.657592
4764.00000 0.66829
4766.00000 0.662065
4768.00000 0.658478
4770.00000 0.658873
4772.00000 0.656511
4774.00000 0.656699
4776.00000 0.655767
4778.00000 0.654051
4780.00000 0.653869
4782.00000 0.649971
4784.00000 0.656416
4786.00000 0.650916
4788.00000 0.650588
4790.00000 0.64903
4792.00000 0.647507
4794.00000 0.64173
4796.00000 0.638062
4798.00000 0.635672
4800.00000 0.631425
4802.00000 0.625365
4804.00000 0.616326
4806.00000 0.606395
4808.00000 0.597908
4810.00000 0.59083
4812.00000 0.573001
4814.00000 0.56051
4816.00000 0.54598
4818.00000 0.530329
4820.00000 0.511843
4822.00000 0.491056
4824.00000 0.471709
4826.00000 0.452023
4828.00000 0.429229
4830.00000 0.406322
4832.00000 0.383381
4834.00000 0.364368
4836.00000 0.340779
4838.00000 0.318832
4840.00000 0.297251
4842.00000 0.276888
4844.00000 0.256556
4846.00000 0.238448
4848.00000 0.2214
4850.00000 0.206367
4852.00000 0.193182
4854.00000 0.178409
4856.00000 0.165718
4858.00000 0.152014
4860.00000 0.143019
4862.00000 0.130878
4864.00000 0.120339
4866.00000 0.110294
4868.00000 0.103331
4870.00000 0.0949689
4872.00000 0.0863919
4874.00000 0.0806998
4876.00000 0.0738028
4878.00000 0.0675676
4880.00000 0.0617284
4882.00000 0.0577678
4884.00000 0.0539629
4886.00000 0.0499439
4888.00000 0.0465769
4890.00000 0.0431373
4892.00000 0.0404267
4894.00000 0.0381594
4896.00000 0.0351759
4898.00000 0.0329793
4900.00000 0.0312674
4902.00000 0.0283648
4904.00000 0.0272828
4906.00000 0.0250696
4908.00000 0.0238756
4910.00000 0.0217149
4912.00000 0.0205899
4914.00000 0.0194661
4916.00000 0.018313
4918.00000 0.0172031
4920.00000 0.0160754
4922.00000 0.0155211
4924.00000 0.0143805
4926.00000 0.0133038
4928.00000 0.0132377
4930.00000 0.0121614
4932.00000 0.0115894
4934.00000 0.0110375
4936.00000 0.0104972
4938.00000 0.0104683
4940.00000 0.00993926
4942.00000 0.00937155
4944.00000 0.00880088
4946.00000 0.00823271
4948.00000 0.00822819
4950.00000 0.00768386
4952.00000 0.00715465
4954.00000 0.00714286
4956.00000 0.00659341
4958.00000 0.00657534
4960.00000 0.00604396
4962.00000 0.00657534
4964.00000 0.0060241
4966.00000 0.00547345
4968.00000 0.00548246
4970.00000 0.00548546
4972.00000 0.00493151
4974.00000 0.00492881
4976.00000 0.00437637
4978.00000 0.00437876
4980.00000 0.00437876
4982.00000 0.00382932
4984.00000 0.00328048
4986.00000 0.00382305
4988.00000 0.00382514
4990.00000 0.00382723
4992.00000 0.00328048
4994.00000 0.00328228
4996.00000 0.00327332
4998.00000 0.00327332
5000.00000 0.00272628
5002.00000 0.00272628
5004.00000 0.00272183
5006.00000 0.00272183
5008.00000 0.00271887
5010.00000 0.00272035
5012.00000 0.00272035
5014.00000 0.00217746
5016.00000 0.00272331
5018.00000 0.00217391
5020.00000 0.00217391
5522.00000 0.0
