threeML/data/optical_filters/CTIO/CTIO-f_5117_895.ecsv
# %ECSV 0.9
# ---
# datatype:
# - {name: wavelength, unit: Angstrom, datatype: float32}
# - {name: response, datatype: float32}
# meta: !!omap
# - {band_name: f_5117_895}
# - {group_name: CTIO}
wavelength response
3960.00000 0.0
4400.00000 0.00316957
4405.00000 0.00236742
4410.00000 0.00232019
4415.00000 0.0024506
4420.00000 0.00306748
4425.00000 0.00301932
4430.00000 0.00315884
4435.00000 0.00339985
4440.00000 0.0033314
4445.00000 0.00322581
4450.00000 0.00335864
4455.00000 0.00362845
4460.00000 0.00360023
4465.00000 0.00431282
4470.00000 0.00411918
4475.00000 0.00497371
4480.00000 0.0049491
4485.00000 0.00556096
4490.00000 0.00628492
4495.00000 0.00497169
4500.00000 0.00780608
4505.00000 0.00822256
4510.00000 0.00924793
4515.00000 0.00988356
4520.00000 0.0108181
4525.00000 0.0123922
4530.00000 0.0136588
4535.00000 0.014371
4540.00000 0.0168048
4545.00000 0.0183913
4550.00000 0.0207414
4555.00000 0.0224157
4560.00000 0.0241883
4565.00000 0.0258675
4570.00000 0.0280514
4575.00000 0.0303983
4580.00000 0.0328352
4585.00000 0.0353794
4590.00000 0.0394962
4595.00000 0.0432836
4600.00000 0.0455015
4605.00000 0.0512175
4610.00000 0.0568062
4615.00000 0.0624742
4620.00000 0.0703569
4625.00000 0.0819946
4630.00000 0.0958791
4635.00000 0.109816
4640.00000 0.132064
4645.00000 0.154477
4650.00000 0.190252
4655.00000 0.23047
4660.00000 0.274609
4665.00000 0.327916
4670.00000 0.401216
4675.00000 0.467174
4680.00000 0.546916
4685.00000 0.599882
4690.00000 0.664102
4695.00000 0.715595
4700.00000 0.753108
4705.00000 0.771007
4710.00000 0.780798
4715.00000 0.791249
4720.00000 0.786068
4725.00000 0.782212
4730.00000 0.780114
4735.00000 0.781672
4740.00000 0.767706
4745.00000 0.771825
4750.00000 0.777353
4755.00000 0.779375
4760.00000 0.791874
4765.00000 0.786053
4770.00000 0.79
4775.00000 0.79298
4780.00000 0.790963
4785.00000 0.796745
4790.00000 0.79
4795.00000 0.79
4800.00000 0.778294
4805.00000 0.788199
4810.00000 0.757757
4815.00000 0.753074
4820.00000 0.749276
4825.00000 0.717527
4830.00000 0.722746
4835.00000 0.713683
4840.00000 0.705247
4845.00000 0.703567
4850.00000 0.691838
4855.00000 0.690951
4860.00000 0.691648
4865.00000 0.68598
4870.00000 0.670962
4875.00000 0.671697
4880.00000 0.697564
4885.00000 0.671918
4890.00000 0.70831
4895.00000 0.727617
4900.00000 0.728203
4905.00000 0.732668
4910.00000 0.74145
4915.00000 0.753658
4920.00000 0.739562
4925.00000 0.740809
4930.00000 0.737429
4935.00000 0.741614
4940.00000 0.756366
4945.00000 0.741948
4950.00000 0.738513
4955.00000 0.733171
4960.00000 0.737451
4965.00000 0.7298
4970.00000 0.728409
4975.00000 0.729224
4980.00000 0.728
4985.00000 0.728761
4990.00000 0.729504
4995.00000 0.730351
5000.00000 0.738445
5005.00000 0.739185
5010.00000 0.748779
5015.00000 0.751851
5020.00000 0.76243
5025.00000 0.770034
5030.00000 0.779878
5035.00000 0.789464
5040.00000 0.792639
5045.00000 0.80036
5050.00000 0.808032
5055.00000 0.816462
5060.00000 0.816727
5065.00000 0.823699
5070.00000 0.822705
5075.00000 0.821551
5080.00000 0.820115
5085.00000 0.811701
5090.00000 0.806312
5095.00000 0.796607
5100.00000 0.786395
5105.00000 0.767638
5110.00000 0.753777
5115.00000 0.745524
5120.00000 0.733791
5125.00000 0.713153
5130.00000 0.698936
5135.00000 0.688865
5140.00000 0.681948
5145.00000 0.67326
5150.00000 0.65855
5155.00000 0.654918
5160.00000 0.651752
5165.00000 0.648055
5170.00000 0.649486
5175.00000 0.651434
5180.00000 0.653046
5185.00000 0.664463
5190.00000 0.671943
5195.00000 0.675928
5200.00000 0.687179
5205.00000 0.695644
5210.00000 0.708395
5215.00000 0.719084
5220.00000 0.727307
5225.00000 0.734556
5230.00000 0.749147
5235.00000 0.751969
5240.00000 0.75825
5245.00000 0.7721
5250.00000 0.775479
5255.00000 0.769745
5260.00000 0.785544
5265.00000 0.754568
5270.00000 0.76529
5275.00000 0.759222
5280.00000 0.761517
5285.00000 0.743392
5290.00000 0.747826
5295.00000 0.732094
5300.00000 0.716245
5305.00000 0.706798
5310.00000 0.701317
5315.00000 0.695626
5320.00000 0.681203
5325.00000 0.687436
5330.00000 0.680017
5335.00000 0.669847
5340.00000 0.673525
5345.00000 0.667302
5350.00000 0.674957
5355.00000 0.671053
5360.00000 0.676659
5365.00000 0.679922
5370.00000 0.683798
5375.00000 0.695374
5380.00000 0.703704
5385.00000 0.707366
5390.00000 0.72226
5395.00000 0.733227
5400.00000 0.74446
5405.00000 0.75284
5410.00000 0.754366
5415.00000 0.758865
5420.00000 0.764748
5425.00000 0.755881
5430.00000 0.748551
5435.00000 0.734421
5440.00000 0.727095
5445.00000 0.711505
5450.00000 0.705779
5455.00000 0.687877
5460.00000 0.662135
5465.00000 0.651299
5470.00000 0.634645
5475.00000 0.612853
5480.00000 0.599421
5485.00000 0.577602
5490.00000 0.563975
5495.00000 0.553595
5500.00000 0.535932
5505.00000 0.52919
5510.00000 0.518909
5515.00000 0.505029
5520.00000 0.496732
5525.00000 0.487271
5530.00000 0.482236
5535.00000 0.479277
5540.00000 0.468234
5545.00000 0.458661
5550.00000 0.454264
5555.00000 0.439696
5560.00000 0.413745
5565.00000 0.408624
5570.00000 0.391834
5575.00000 0.3748
5580.00000 0.351339
5585.00000 0.321476
5590.00000 0.295267
5595.00000 0.27332
5600.00000 0.248149
5605.00000 0.220018
5610.00000 0.194052
5615.00000 0.173933
5620.00000 0.154223
5625.00000 0.129755
5630.00000 0.112804
5635.00000 0.099689
5640.00000 0.0869633
5645.00000 0.0748192
5650.00000 0.0648383
5655.00000 0.0566309
5660.00000 0.0498633
5665.00000 0.0449602
5670.00000 0.0396137
5675.00000 0.0354026
5680.00000 0.0318015
5685.00000 0.0289734
5690.00000 0.0262312
5695.00000 0.023903
5700.00000 0.021574
5705.00000 0.0200209
5710.00000 0.0191329
5715.00000 0.0177368
5720.00000 0.0165011
5725.00000 0.0152905
5730.00000 0.0145455
5735.00000 0.0128488
5740.00000 0.0121885
5745.00000 0.0120081
5750.00000 0.0111857
5755.00000 0.0112381
5760.00000 0.0103793
5765.00000 0.0105668
5770.00000 0.00968242
5775.00000 0.00881834
5780.00000 0.00793651
5785.00000 0.0070267
5790.00000 0.00712106
5795.00000 0.00672646
5800.00000 0.00631622
6380.00000 0.0
