threeML/data/optical_filters/CTIO/CTIO-f_3515_290.ecsv
# %ECSV 0.9
# ---
# datatype:
# - {name: wavelength, unit: Angstrom, datatype: float32}
# - {name: response, datatype: float32}
# meta: !!omap
# - {band_name: f_3515_290}
# - {group_name: CTIO}
wavelength response
2925.00000 0.0
3250.00000 0.0163781
3255.00000 0.0194284
3260.00000 0.0227374
3265.00000 0.0261862
3270.00000 0.0296921
3275.00000 0.0333455
3280.00000 0.037311
3285.00000 0.0416827
3290.00000 0.0464961
3295.00000 0.051817
3300.00000 0.0577489
3305.00000 0.0643898
3310.00000 0.0717803
3315.00000 0.0798542
3320.00000 0.0884733
3325.00000 0.0975063
3330.00000 0.106854
3335.00000 0.116435
3340.00000 0.126186
3345.00000 0.136145
3350.00000 0.146434
3355.00000 0.157051
3360.00000 0.167857
3365.00000 0.178748
3370.00000 0.189669
3375.00000 0.200511
3380.00000 0.211115
3385.00000 0.22139
3390.00000 0.231379
3395.00000 0.24116
3400.00000 0.250625
3405.00000 0.259486
3410.00000 0.267581
3415.00000 0.275062
3420.00000 0.282205
3425.00000 0.289171
3430.00000 0.295951
3435.00000 0.302467
3440.00000 0.3087
3445.00000 0.314592
3450.00000 0.319966
3455.00000 0.324731
3460.00000 0.329035
3465.00000 0.333026
3470.00000 0.33663
3475.00000 0.339753
3480.00000 0.342485
3485.00000 0.344951
3490.00000 0.347136
3495.00000 0.348919
3500.00000 0.350245
3505.00000 0.351207
3510.00000 0.351843
3515.00000 0.352011
3520.00000 0.351554
3525.00000 0.350537
3530.00000 0.349193
3535.00000 0.347676
3540.00000 0.345983
3545.00000 0.344025
3550.00000 0.341727
3555.00000 0.339068
3560.00000 0.335985
3565.00000 0.332417
3570.00000 0.328437
3575.00000 0.324116
3580.00000 0.31938
3585.00000 0.314186
3590.00000 0.308632
3595.00000 0.30278
3600.00000 0.29655
3605.00000 0.289854
3610.00000 0.282695
3615.00000 0.275148
3620.00000 0.267301
3625.00000 0.259163
3630.00000 0.250658
3635.00000 0.241763
3640.00000 0.232559
3645.00000 0.223112
3650.00000 0.21343
3655.00000 0.203571
3660.00000 0.193635
3665.00000 0.183617
3670.00000 0.173445
3675.00000 0.163179
3680.00000 0.152985
3685.00000 0.142957
3690.00000 0.133074
3695.00000 0.123332
3700.00000 0.113795
3705.00000 0.104536
3710.00000 0.0956248
3715.00000 0.0871063
3720.00000 0.07895
3725.00000 0.0711292
3730.00000 0.0636693
3735.00000 0.05657
3740.00000 0.0498478
3745.00000 0.0436045
3750.00000 0.0379178
3755.00000 0.0327708
3760.00000 0.0281245
3765.00000 0.0239497
3770.00000 0.0202016
3775.00000 0.0168218
3780.00000 0.0137691
3785.00000 0.0110622
3790.00000 0.00876165
3795.00000 0.00688102
3800.00000 0.00536202
3805.00000 0.00413722
3810.00000 0.0031543
3815.00000 0.00235292
3820.00000 0.00167739
3825.00000 0.00111345
3830.00000 0.00067986
3835.00000 0.000383634
3840.00000 0.000202519
3845.00000 0.000101243
3850.00000 4.84196e-05
3855.00000 2.23306e-05
3860.00000 1.16739e-05
3865.00000 1.33249e-05
3870.00000 2.27793e-05
3875.00000 2.96662e-05
3880.00000 2.78796e-05
3885.00000 2.05778e-05
3890.00000 1.27246e-05
3895.00000 6.0608e-06
3900.00000 0.0
