threeML/data/optical_filters/CTIO/CTIO-f_3650_100.ecsv
# %ECSV 0.9
# ---
# datatype:
# - {name: wavelength, unit: Angstrom, datatype: float32}
# - {name: response, datatype: float32}
# meta: !!omap
# - {band_name: f_3650_100}
# - {group_name: CTIO}
wavelength response
3114.00000 0.0
3460.00000 0.00151745
3462.00000 0.00301432
3464.00000 0.00225056
3466.00000 0.00222387
3468.00000 0.00146843
3470.00000 0.00291971
3472.00000 0.00218978
3474.00000 0.00289436
3476.00000 0.00143164
3478.00000 0.00285714
3480.00000 0.00283286
3482.00000 0.00210379
3484.00000 0.0027894
3486.00000 0.00275292
3488.00000 0.00204499
3490.00000 0.00202703
3492.00000 0.0020202
3494.00000 0.00199203
3496.00000 0.00263852
3498.00000 0.00262295
3500.00000 0.00195059
3502.00000 0.00258398
3504.00000 0.00192555
3506.00000 0.00254615
3508.00000 0.00126422
3510.00000 0.00189394
3512.00000 0.00125707
3514.00000 0.00124069
3516.00000 0.00123457
3518.00000 0.00122699
3520.00000 0.00121139
3522.00000 0.00120919
3524.00000 0.0
3526.00000 0.000594177
3528.00000 0.00117786
3530.00000 0.0
3532.00000 0.0
3534.00000 0.0
3536.00000 0.0
3538.00000 0.0
3540.00000 0.0
3542.00000 0.0
3544.00000 0.00111111
3546.00000 0.0010989
3548.00000 0.00217628
3550.00000 0.0021645
3552.00000 0.00216099
3554.00000 0.00321371
3556.00000 0.00317797
3558.00000 0.0042061
3560.00000 0.00420168
3562.00000 0.00621118
3564.00000 0.00670795
3566.00000 0.00767656
3568.00000 0.00808898
3570.00000 0.0111223
3572.00000 0.0119641
3574.00000 0.0141629
3576.00000 0.0165913
3578.00000 0.0195886
3580.00000 0.0213385
3582.00000 0.026087
3584.00000 0.0296367
3586.00000 0.036036
3588.00000 0.0422402
3590.00000 0.0483795
3592.00000 0.0565076
3594.00000 0.0666667
3596.00000 0.0768176
3598.00000 0.0892938
3600.00000 0.102914
3602.00000 0.117726
3604.00000 0.132626
3606.00000 0.151111
3608.00000 0.168633
3610.00000 0.191968
3612.00000 0.211077
3614.00000 0.229974
3616.00000 0.249576
3618.00000 0.269616
3620.00000 0.291286
3622.00000 0.312036
3624.00000 0.330585
3626.00000 0.343009
3628.00000 0.355429
3630.00000 0.366369
3632.00000 0.372984
3634.00000 0.377207
3636.00000 0.392641
3638.00000 0.393087
3640.00000 0.393617
3642.00000 0.401269
3644.00000 0.402724
3646.00000 0.408844
3648.00000 0.414691
3650.00000 0.419429
3652.00000 0.412297
3654.00000 0.414874
3656.00000 0.424543
3658.00000 0.421307
3660.00000 0.422677
3662.00000 0.422
3664.00000 0.422
3666.00000 0.422376
3668.00000 0.424046
3670.00000 0.420072
3672.00000 0.421375
3674.00000 0.412167
3676.00000 0.394217
3678.00000 0.387269
3680.00000 0.354152
3682.00000 0.330392
3684.00000 0.310537
3686.00000 0.277854
3688.00000 0.248266
3690.00000 0.223032
3692.00000 0.188342
3694.00000 0.163729
3696.00000 0.141113
3698.00000 0.121304
3700.00000 0.104691
3702.00000 0.0879414
3704.00000 0.075158
3706.00000 0.0643977
3708.00000 0.0541433
3710.00000 0.0468647
3712.00000 0.0396233
3714.00000 0.0346405
3716.00000 0.0290886
3718.00000 0.0250804
3720.00000 0.0220659
3722.00000 0.0189334
3724.00000 0.0164349
3726.00000 0.0141199
3728.00000 0.0124844
3730.00000 0.0114693
3732.00000 0.00995025
3734.00000 0.00870917
3736.00000 0.00735745
3738.00000 0.00672783
3740.00000 0.00605877
3742.00000 0.00489896
3744.00000 0.00420673
3746.00000 0.00361664
3748.00000 0.00353357
3750.00000 0.0029577
3752.00000 0.00236267
3754.00000 0.00178253
3756.00000 0.00176367
3758.00000 0.0014455
3760.00000 0.00114877
3762.00000 0.00115207
3764.00000 0.000870827
3766.00000 0.00056802
3768.00000 0.000567054
3770.00000 0.000563063
3772.00000 0.0
3774.00000 0.0
3776.00000 0.0
3778.00000 0.0
3780.00000 0.0
3782.00000 0.0
3784.00000 0.0
3786.00000 0.0
3788.00000 0.0
3790.00000 0.000267738
3792.00000 0.000536913
3794.00000 0.000527844
3796.00000 0.001207
3798.00000 0.000899011
3800.00000 0.000896593
3802.00000 0.00118835
3804.00000 0.000887049
3806.00000 0.000883652
3808.00000 0.00117165
3810.00000 0.000887837
3812.00000 0.000884956
3814.00000 0.000865301
3816.00000 0.000875401
3818.00000 0.0011672
3820.00000 0.00116414
3822.00000 0.0017311
3824.00000 0.00141723
3826.00000 0.00142694
3828.00000 0.00143761
3830.00000 0.00170213
4213.00000 0.0
