threeML/data/optical_filters/CTIO/CTIO-f_3800_110.ecsv
# %ECSV 0.9
# ---
# datatype:
# - {name: wavelength, unit: Angstrom, datatype: float32}
# - {name: response, datatype: float32}
# meta: !!omap
# - {band_name: f_3800_110}
# - {group_name: CTIO}
wavelength response
3285.00000 0.0
3650.00000 0.000667111
3652.00000 0.0
3654.00000 0.0
3656.00000 0.0
3658.00000 0.0
3660.00000 0.0
3662.00000 0.000637349
3664.00000 0.00125628
3666.00000 0.00125549
3668.00000 0.00124301
3670.00000 0.00185759
3672.00000 0.00185185
3674.00000 0.00245549
3676.00000 0.00244648
3678.00000 0.0030175
3680.00000 0.00239664
3682.00000 0.00356506
3684.00000 0.00356295
3686.00000 0.0035545
3688.00000 0.00468933
3690.00000 0.00464846
3692.00000 0.00575043
3694.00000 0.00632184
3696.00000 0.00750577
3698.00000 0.00801833
3700.00000 0.0090549
3702.00000 0.0101466
3704.00000 0.0122494
3706.00000 0.0143567
3708.00000 0.0154355
3710.00000 0.0165746
3712.00000 0.0186506
3714.00000 0.0203408
3716.00000 0.0235746
3718.00000 0.0287929
3720.00000 0.0339912
3722.00000 0.0400659
3724.00000 0.0477482
3726.00000 0.0566038
3728.00000 0.0662393
3730.00000 0.0770053
3732.00000 0.092861
3734.00000 0.105652
3736.00000 0.12315
3738.00000 0.137643
3740.00000 0.155695
3742.00000 0.17245
3744.00000 0.188883
3746.00000 0.2
3748.00000 0.216134
3750.00000 0.228873
3752.00000 0.238167
3754.00000 0.247382
3756.00000 0.256716
3758.00000 0.261106
3760.00000 0.267157
3762.00000 0.275
3764.00000 0.278316
3766.00000 0.283495
3768.00000 0.285645
3770.00000 0.288054
3772.00000 0.293128
3774.00000 0.296225
3776.00000 0.297297
3778.00000 0.305463
3780.00000 0.304124
3782.00000 0.305697
3784.00000 0.315446
3786.00000 0.313192
3788.00000 0.317028
3790.00000 0.322402
3792.00000 0.327982
3794.00000 0.325444
3796.00000 0.330009
3798.00000 0.335432
3800.00000 0.333184
3802.00000 0.335717
3804.00000 0.334368
3806.00000 0.337743
3808.00000 0.340265
3810.00000 0.34007
3812.00000 0.343478
3814.00000 0.343355
3816.00000 0.345969
3818.00000 0.348537
3820.00000 0.345774
3822.00000 0.34721
3824.00000 0.343366
3826.00000 0.343075
3828.00000 0.339958
3830.00000 0.331942
3832.00000 0.329583
3834.00000 0.322567
3836.00000 0.310316
3838.00000 0.304312
3840.00000 0.290864
3842.00000 0.277958
3844.00000 0.257258
3846.00000 0.23781
3848.00000 0.213719
3850.00000 0.194996
3852.00000 0.173741
3854.00000 0.153512
3856.00000 0.132761
3858.00000 0.119906
3860.00000 0.105818
3862.00000 0.0947247
3864.00000 0.0844256
3866.00000 0.0742879
3868.00000 0.0652999
3870.00000 0.057873
3872.00000 0.0520362
3874.00000 0.0463032
3876.00000 0.0413562
3878.00000 0.0363769
3880.00000 0.0329996
3882.00000 0.0299335
3884.00000 0.0265423
3886.00000 0.0242079
3888.00000 0.0215395
3890.00000 0.0197322
3892.00000 0.0178947
3894.00000 0.0163592
3896.00000 0.0148635
3898.00000 0.0137694
3900.00000 0.0126799
3902.00000 0.0116001
3904.00000 0.0101695
3906.00000 0.00945626
3908.00000 0.00875716
3910.00000 0.00803482
3912.00000 0.00766922
3914.00000 0.00730654
3916.00000 0.0066072
3918.00000 0.00592105
3920.00000 0.00556283
3922.00000 0.00520156
3924.00000 0.00452928
3926.00000 0.00387472
3928.00000 0.00417738
3930.00000 0.00383142
3932.00000 0.00349096
3934.00000 0.00315956
3936.00000 0.00314961
3938.00000 0.00282663
3940.00000 0.0024961
3942.00000 0.00248293
3944.00000 0.00216116
3946.00000 0.00184615
3948.00000 0.00183824
3950.00000 0.0021361
3952.00000 0.00181873
3954.00000 0.0018105
3956.00000 0.00179964
3958.00000 0.00179426
3960.00000 0.00118835
3962.00000 0.00118519
3964.00000 0.00118029
3966.00000 0.00117405
3968.00000 0.00117371
3970.00000 0.00116414
3972.00000 0.00116043
3974.00000 0.00115407
3976.00000 0.000861326
3978.00000 0.00114253
3980.00000 0.00113701
4378.00000 0.0
