threeML/data/optical_filters/CTIO/CTIO-f_4900_650.ecsv
# %ECSV 0.9
# ---
# datatype:
# - {name: wavelength, unit: Angstrom, datatype: float32}
# - {name: response, datatype: float32}
# meta: !!omap
# - {band_name: f_4900_650}
# - {group_name: CTIO}
wavelength response
4050.00000 0.0
4500.00000 0.00214439
4502.00000 0.00213371
4504.00000 0.00212917
4506.00000 0.00212314
4508.00000 0.00141143
4510.00000 0.00212014
4512.00000 0.00140944
4514.00000 0.00210674
4516.00000 0.00280505
4518.00000 0.00210231
4520.00000 0.0027894
4522.00000 0.00278746
4524.00000 0.00208478
4526.00000 0.00276817
4528.00000 0.00277008
4530.00000 0.00276434
4532.00000 0.00276052
4534.00000 0.00344353
4536.00000 0.003427
4538.00000 0.00411241
4540.00000 0.00410397
4542.00000 0.00409836
4544.00000 0.00407609
4546.00000 0.00475221
4548.00000 0.00474898
4550.00000 0.00541638
4552.00000 0.00608519
4554.00000 0.00611413
4556.00000 0.00677507
4558.00000 0.00740242
4560.00000 0.00810811
4562.00000 0.00877193
4564.00000 0.00940228
4566.00000 0.0107095
4568.00000 0.0113409
4570.00000 0.0127517
4572.00000 0.0134589
4574.00000 0.0141509
4576.00000 0.0160321
4578.00000 0.0173681
4580.00000 0.0186667
4582.00000 0.0207358
4584.00000 0.0227273
4586.00000 0.0246011
4588.00000 0.0272606
4590.00000 0.028777
4592.00000 0.0314136
4594.00000 0.0346179
4596.00000 0.0401052
4598.00000 0.0459016
4600.00000 0.0536298
4602.00000 0.0621728
4604.00000 0.0724543
4606.00000 0.0834964
4608.00000 0.0952381
4610.00000 0.108949
4612.00000 0.12605
4614.00000 0.145068
4616.00000 0.167959
4618.00000 0.19112
4620.00000 0.221792
4622.00000 0.254019
4624.00000 0.296724
4626.00000 0.334187
4628.00000 0.379399
4630.00000 0.423102
4632.00000 0.469128
4634.00000 0.518519
4636.00000 0.561905
4638.00000 0.602157
4640.00000 0.638608
4642.00000 0.674905
4644.00000 0.704689
4646.00000 0.728192
4648.00000 0.745581
4650.00000 0.761995
4652.00000 0.776307
4654.00000 0.781761
4656.00000 0.790201
4658.00000 0.798995
4660.00000 0.796875
4662.00000 0.805486
4664.00000 0.804226
4666.00000 0.804697
4668.00000 0.805676
4670.00000 0.804683
4672.00000 0.808313
4674.00000 0.813665
4676.00000 0.806931
4678.00000 0.808313
4680.00000 0.810794
4682.00000 0.810174
4684.00000 0.811728
4686.00000 0.811077
4688.00000 0.812308
4690.00000 0.81227
4692.00000 0.818182
4694.00000 0.815821
4696.00000 0.816536
4698.00000 0.818072
4700.00000 0.819662
4702.00000 0.823884
4704.00000 0.824202
4706.00000 0.825616
4708.00000 0.825616
4710.00000 0.826923
4712.00000 0.82593
4714.00000 0.828537
4716.00000 0.830631
4718.00000 0.830944
4720.00000 0.832436
4722.00000 0.830852
4724.00000 0.828367
4726.00000 0.826294
4728.00000 0.824019
4730.00000 0.820238
4732.00000 0.814727
4734.00000 0.815146
4736.00000 0.806548
4738.00000 0.804167
4740.00000 0.796671
4742.00000 0.792755
4744.00000 0.780992
4746.00000 0.776075
4748.00000 0.767002
4750.00000 0.766134
4752.00000 0.760831
4754.00000 0.752955
4756.00000 0.74735
4758.00000 0.745422
4760.00000 0.739208
4762.00000 0.735294
4764.00000 0.732901
4766.00000 0.734754
4768.00000 0.733018
4770.00000 0.727326
4772.00000 0.732469
4774.00000 0.728178
4776.00000 0.732279
4778.00000 0.73345
4780.00000 0.736534
4782.00000 0.736257
4784.00000 0.742105
4786.00000 0.749266
4788.00000 0.752197
4790.00000 0.757327
4792.00000 0.76171
4794.00000 0.769906
4796.00000 0.772595
4798.00000 0.781141
4800.00000 0.784803
4802.00000 0.797211
4804.00000 0.800116
4806.00000 0.804611
4808.00000 0.81131
4810.00000 0.817814
4812.00000 0.821387
4814.00000 0.830058
4816.00000 0.829493
4818.00000 0.835063
4820.00000 0.840922
4822.00000 0.836676
4824.00000 0.843553
4826.00000 0.840728
4828.00000 0.841866
4830.00000 0.846066
4832.00000 0.842016
4834.00000 0.843839
4836.00000 0.839296
4838.00000 0.838269
4840.00000 0.840779
4842.00000 0.837514
4844.00000 0.837992
4846.00000 0.834282
4848.00000 0.830962
4850.00000 0.829824
4852.00000 0.830576
4854.00000 0.828018
4856.00000 0.827174
4858.00000 0.824163
4860.00000 0.824263
4862.00000 0.823129
4864.00000 0.823796
4866.00000 0.824661
4868.00000 0.826531
4870.00000 0.831257
4872.00000 0.831823
4874.00000 0.831728
4876.00000 0.835407
4878.00000 0.836435
4880.00000 0.835955
4882.00000 0.841779
4884.00000 0.848929
4886.00000 0.848451
4888.00000 0.857224
4890.00000 0.853057
4892.00000 0.858751
4894.00000 0.861564
4896.00000 0.864253
4898.00000 0.866404
4900.00000 0.870006
4902.00000 0.871131
4904.00000 0.87493
4906.00000 0.875633
4908.00000 0.876329
4910.00000 0.876966
4912.00000 0.876056
4914.00000 0.877884
4916.00000 0.881127
4918.00000 0.877734
4920.00000 0.87346
4922.00000 0.871924
4924.00000 0.870173
4926.00000 0.87037
4928.00000 0.865017
4930.00000 0.86491
4932.00000 0.856825
4934.00000 0.851728
4936.00000 0.848603
4938.00000 0.847059
4940.00000 0.840693
4942.00000 0.836963
4944.00000 0.835294
4946.00000 0.828587
4948.00000 0.827644
4950.00000 0.821887
4952.00000 0.819499
4954.00000 0.817827
4956.00000 0.816611
4958.00000 0.811489
4960.00000 0.811142
4962.00000 0.815745
4964.00000 0.807863
4966.00000 0.806648
4968.00000 0.804215
4970.00000 0.802997
4972.00000 0.804336
4974.00000 0.801777
4976.00000 0.804312
4978.00000 0.807182
4980.00000 0.806843
4982.00000 0.813437
4984.00000 0.80897
4986.00000 0.818282
4988.00000 0.816878
4990.00000 0.820243
4992.00000 0.825511
4994.00000 0.826997
4996.00000 0.832504
4998.00000 0.834437
5000.00000 0.840066
5002.00000 0.840332
5004.00000 0.850359
5006.00000 0.847085
5008.00000 0.849202
5010.00000 0.856198
5012.00000 0.860529
5014.00000 0.863361
5016.00000 0.865565
5018.00000 0.869277
5020.00000 0.875276
5022.00000 0.871162
5024.00000 0.878788
5026.00000 0.876442
5028.00000 0.878089
5030.00000 0.881543
5032.00000 0.881514
5034.00000 0.886389
5036.00000 0.884447
5038.00000 0.890779
5040.00000 0.883963
5042.00000 0.885058
5044.00000 0.888342
5046.00000 0.89017
5048.00000 0.891758
5050.00000 0.886575
5052.00000 0.887185
5054.00000 0.882578
5056.00000 0.885825
5058.00000 0.887355
5060.00000 0.885777
5062.00000 0.880966
5064.00000 0.880482
5066.00000 0.877674
5068.00000 0.874383
5070.00000 0.867728
5072.00000 0.864136
5074.00000 0.855886
5076.00000 0.854385
5078.00000 0.847934
5080.00000 0.837466
5082.00000 0.828933
5084.00000 0.818985
5086.00000 0.806755
5088.00000 0.80089
5090.00000 0.787542
5092.00000 0.777839
5094.00000 0.766017
5096.00000 0.751947
5098.00000 0.738016
5100.00000 0.72702
5102.00000 0.715877
5104.00000 0.705817
5106.00000 0.701013
5108.00000 0.698368
5110.00000 0.688304
5112.00000 0.689905
5114.00000 0.687848
5116.00000 0.694925
5118.00000 0.697713
5120.00000 0.713009
5122.00000 0.721385
5124.00000 0.737723
5126.00000 0.752646
5128.00000 0.771205
5130.00000 0.790737
5132.00000 0.80995
5134.00000 0.826502
5136.00000 0.84018
5138.00000 0.844032
5140.00000 0.839596
5142.00000 0.82386
5144.00000 0.796182
5146.00000 0.752108
5148.00000 0.694038
5150.00000 0.628588
5152.00000 0.563238
5154.00000 0.494382
5156.00000 0.42825
5158.00000 0.367977
5160.00000 0.311864
5162.00000 0.265988
5164.00000 0.222222
5166.00000 0.183099
5168.00000 0.157955
5170.00000 0.133106
5172.00000 0.112436
5174.00000 0.0954003
5176.00000 0.0819113
5178.00000 0.0699261
5180.00000 0.0607955
5182.00000 0.0511654
5184.00000 0.0443434
5186.00000 0.0386583
5188.00000 0.0336566
5190.00000 0.0302684
5192.00000 0.0274286
5194.00000 0.0245434
5196.00000 0.0217143
5198.00000 0.0200343
5200.00000 0.0182962
5202.00000 0.0166094
5204.00000 0.0154462
5206.00000 0.0144425
5208.00000 0.0133102
5210.00000 0.0127462
5212.00000 0.0115674
5214.00000 0.0115808
5216.00000 0.0110465
5218.00000 0.00988947
5220.00000 0.00931858
5222.00000 0.0087108
5224.00000 0.00813953
5226.00000 0.00760234
5228.00000 0.00701754
5230.00000 0.00702576
5232.00000 0.00584795
5234.00000 0.00586166
5236.00000 0.00527859
5238.00000 0.005291
5240.00000 0.005291
5242.00000 0.00470588
5244.00000 0.0047142
5246.00000 0.00471698
5248.00000 0.00413223
5250.00000 0.00414201
5252.00000 0.0041543
5254.00000 0.00416419
5256.00000 0.00357143
5258.00000 0.00357569
5260.00000 0.00357782
5262.00000 0.00357995
5264.00000 0.00359066
5266.00000 0.0030012
5268.00000 0.00361446
5270.00000 0.00361664
5272.00000 0.00363636
5274.00000 0.00362976
5276.00000 0.00303214
5278.00000 0.00304136
5280.00000 0.0030525
5282.00000 0.00306185
5284.00000 0.00305623
5286.00000 0.00306373
5288.00000 0.00307314
5290.00000 0.00307314
5292.00000 0.00309023
5294.00000 0.00310559
5296.00000 0.00309789
5298.00000 0.00249066
5300.00000 0.00249844
5302.00000 0.0025047
5304.00000 0.00251256
5306.00000 0.00251731
5308.00000 0.00253325
5310.00000 0.00252844
5312.00000 0.00253485
5314.00000 0.00255265
5316.00000 0.00191693
5318.00000 0.00192184
5320.00000 0.00192555
5322.00000 0.00192926
5324.00000 0.00258231
5326.00000 0.00194553
5328.00000 0.00195185
5330.00000 0.0019544
5332.00000 0.00261609
5334.00000 0.00196207
5336.00000 0.0019685
5338.00000 0.00197759
5340.00000 0.00198675
5342.00000 0.00199336
5344.00000 0.002
5346.00000 0.00200803
5348.00000 0.00201748
5350.00000 0.00202977
5352.00000 0.00203666
5354.00000 0.0020436
5356.00000 0.00204918
5358.00000 0.00206186
5360.00000 0.00206469
5362.00000 0.00207325
5364.00000 0.00208333
5366.00000 0.00208623
5368.00000 0.00209059
5370.00000 0.00210084
5372.00000 0.00210084
5374.00000 0.00211416
5376.00000 0.00211864
5378.00000 0.00212615
5380.00000 0.00213675
5382.00000 0.00142653
5384.00000 0.00143266
5386.00000 0.00215672
5388.00000 0.00144092
5390.00000 0.001443
5392.00000 0.00145138
5394.00000 0.00145455
5396.00000 0.00145666
5398.00000 0.00146199
5400.00000 0.0014652
5940.00000 0.0
