threeML/data/optical_filters/CTIO/CTIO-f_4110_190.ecsv
# %ECSV 0.9
# ---
# datatype:
# - {name: wavelength, unit: Angstrom, datatype: float32}
# - {name: response, datatype: float32}
# meta: !!omap
# - {band_name: f_4110_190}
# - {group_name: CTIO}
wavelength response
3546.00000 0.0
3940.00000 0.000668003
3942.00000 0.000676133
3944.00000 0.00135044
3946.00000 0.00198413
3948.00000 0.00131752
3950.00000 0.00132802
3952.00000 0.001321
3954.00000 0.0013132
3956.00000 0.00130719
3958.00000 0.00195059
3960.00000 0.002589
3962.00000 0.00258064
3964.00000 0.00319285
3966.00000 0.00317662
3968.00000 0.00378788
3970.00000 0.00377596
3972.00000 0.00436954
3974.00000 0.00497512
3976.00000 0.00555556
3978.00000 0.00614628
3980.00000 0.00733048
3982.00000 0.00850547
3984.00000 0.00967352
3986.00000 0.0108108
3988.00000 0.0125298
3990.00000 0.0142603
3992.00000 0.0159574
3994.00000 0.0188235
3996.00000 0.0216755
3998.00000 0.0255814
4000.00000 0.0283565
4002.00000 0.0333142
4004.00000 0.039886
4006.00000 0.0449119
4008.00000 0.0514415
4010.00000 0.0584598
4012.00000 0.0660325
4014.00000 0.0763657
4016.00000 0.0864266
4018.00000 0.0986226
4020.00000 0.111842
4022.00000 0.123295
4024.00000 0.139598
4026.00000 0.156216
4028.00000 0.173025
4030.00000 0.186695
4032.00000 0.204582
4034.00000 0.22293
4036.00000 0.242216
4038.00000 0.257488
4040.00000 0.274346
4042.00000 0.290994
4044.00000 0.307054
4046.00000 0.3213
4048.00000 0.335553
4050.00000 0.345566
4052.00000 0.356345
4054.00000 0.364188
4056.00000 0.372046
4058.00000 0.378256
4060.00000 0.383732
4062.00000 0.389578
4064.00000 0.394554
4066.00000 0.397733
4068.00000 0.401768
4070.00000 0.40332
4072.00000 0.406524
4074.00000 0.406673
4076.00000 0.409749
4078.00000 0.411821
4080.00000 0.416185
4082.00000 0.415274
4084.00000 0.417102
4086.00000 0.419706
4088.00000 0.425271
4090.00000 0.419915
4092.00000 0.425952
4094.00000 0.426107
4096.00000 0.429958
4098.00000 0.429881
4100.00000 0.43385
4102.00000 0.434408
4104.00000 0.437331
4106.00000 0.441765
4108.00000 0.44185
4110.00000 0.442947
4112.00000 0.438581
4114.00000 0.443862
4116.00000 0.445893
4118.00000 0.439741
4120.00000 0.445403
4122.00000 0.449553
4124.00000 0.436341
4126.00000 0.44898
4128.00000 0.449514
4130.00000 0.448594
4132.00000 0.451046
4134.00000 0.449522
4136.00000 0.449959
4138.00000 0.449794
4140.00000 0.449364
4142.00000 0.449204
4144.00000 0.447828
4146.00000 0.447912
4148.00000 0.444581
4150.00000 0.449447
4152.00000 0.447145
4154.00000 0.446817
4156.00000 0.446407
4158.00000 0.444577
4160.00000 0.444356
4162.00000 0.443168
4164.00000 0.442474
4166.00000 0.441211
4168.00000 0.441269
4170.00000 0.438207
4172.00000 0.437161
4174.00000 0.434867
4176.00000 0.433679
4178.00000 0.431305
4180.00000 0.428626
4182.00000 0.425
4184.00000 0.42145
4186.00000 0.416102
4188.00000 0.411654
4190.00000 0.40284
4192.00000 0.395678
4194.00000 0.386043
4196.00000 0.375462
4198.00000 0.363402
4200.00000 0.35033
4202.00000 0.334427
4204.00000 0.318761
4206.00000 0.299783
4208.00000 0.279841
4210.00000 0.264388
4212.00000 0.257206
4214.00000 0.234608
4216.00000 0.223891
4218.00000 0.209985
4220.00000 0.187726
4222.00000 0.167616
4224.00000 0.146996
4226.00000 0.127151
4228.00000 0.111461
4230.00000 0.0980529
4232.00000 0.0859023
4234.00000 0.0751465
4236.00000 0.0649573
4238.00000 0.0598261
4240.00000 0.0520869
4242.00000 0.0462228
4244.00000 0.0412688
4246.00000 0.0363263
4248.00000 0.031593
4250.00000 0.0271703
4252.00000 0.0232945
4254.00000 0.0219634
4256.00000 0.0200334
4258.00000 0.0177021
4260.00000 0.0159363
4262.00000 0.0147638
4264.00000 0.0127368
4266.00000 0.0119641
4268.00000 0.0105995
4270.00000 0.0103026
4272.00000 0.0096743
4274.00000 0.00832533
4276.00000 0.008
4278.00000 0.00762389
4280.00000 0.00634115
4282.00000 0.00574713
4284.00000 0.00534423
4286.00000 0.00506329
4288.00000 0.00474984
4290.00000 0.00437911
4292.00000 0.00378788
4294.00000 0.00376293
4296.00000 0.00368777
4298.00000 0.00310174
4300.00000 0.00304599
4302.00000 0.0030349
4304.00000 0.0030553
4306.00000 0.00274725
4308.00000 0.00244798
4310.00000 0.00243457
4312.00000 0.00244499
4314.00000 0.00207346
4316.00000 0.00206368
4318.00000 0.00176005
4320.00000 0.00175131
4322.00000 0.00116652
4324.00000 0.0014518
4326.00000 0.00173712
4328.00000 0.0017306
4330.00000 0.00117027
4763.00000 0.0
