threeML/data/optical_filters/CTIO/CTIO-f_5409_948.ecsv
# %ECSV 0.9
# ---
# datatype:
# - {name: wavelength, unit: Angstrom, datatype: float32}
# - {name: response, datatype: float32}
# meta: !!omap
# - {band_name: f_5409_948}
# - {group_name: CTIO}
wavelength response
4050.00000 0.0
4500.00000 0.00278103
4510.00000 0.00289188
4520.00000 0.00301228
4530.00000 0.00314938
4540.00000 0.00331335
4550.00000 0.0035175
4560.00000 0.00377535
4570.00000 0.00409639
4580.00000 0.00448417
4590.00000 0.00493772
4600.00000 0.00545525
4610.00000 0.00603788
4620.00000 0.00669175
4630.00000 0.00742807
4640.00000 0.00826119
4650.00000 0.00920665
4660.00000 0.0102804
4670.00000 0.0114993
4680.00000 0.012881
4690.00000 0.0144428
4700.00000 0.0161992
4710.00000 0.0181613
4720.00000 0.0203412
4730.00000 0.0227632
4740.00000 0.0254761
4750.00000 0.0285642
4760.00000 0.032154
4770.00000 0.0364231
4780.00000 0.0416155
4790.00000 0.0480646
4800.00000 0.0562146
4810.00000 0.0666231
4820.00000 0.0799322
4830.00000 0.0968007
4840.00000 0.117807
4850.00000 0.143346
4860.00000 0.173553
4870.00000 0.208272
4880.00000 0.247082
4890.00000 0.28934
4900.00000 0.334224
4910.00000 0.38077
4920.00000 0.427926
4930.00000 0.474641
4940.00000 0.519969
4950.00000 0.563165
4960.00000 0.603718
4970.00000 0.641318
4980.00000 0.675784
4990.00000 0.707
5000.00000 0.734905
5010.00000 0.759524
5020.00000 0.781002
5030.00000 0.799622
5040.00000 0.815759
5050.00000 0.829802
5060.00000 0.842081
5070.00000 0.852835
5080.00000 0.862224
5090.00000 0.870359
5100.00000 0.877335
5110.00000 0.883256
5120.00000 0.888235
5130.00000 0.892376
5140.00000 0.895768
5150.00000 0.898481
5160.00000 0.900596
5170.00000 0.902219
5180.00000 0.903478
5190.00000 0.904485
5200.00000 0.905292
5210.00000 0.905874
5220.00000 0.906143
5230.00000 0.90601
5240.00000 0.905444
5250.00000 0.904489
5260.00000 0.903239
5270.00000 0.901801
5280.00000 0.900268
5290.00000 0.898699
5300.00000 0.897099
5310.00000 0.895405
5320.00000 0.893507
5330.00000 0.891298
5340.00000 0.888701
5350.00000 0.885685
5360.00000 0.882255
5370.00000 0.878435
5380.00000 0.874271
5390.00000 0.869826
5400.00000 0.865158
5410.00000 0.860308
5420.00000 0.855305
5430.00000 0.850192
5440.00000 0.845028
5450.00000 0.839892
5460.00000 0.834841
5470.00000 0.829893
5480.00000 0.824997
5490.00000 0.820043
5500.00000 0.814893
5510.00000 0.80941
5520.00000 0.803494
5530.00000 0.797096
5540.00000 0.790215
5550.00000 0.782878
5560.00000 0.775124
5570.00000 0.766995
5580.00000 0.758546
5590.00000 0.749827
5600.00000 0.740877
5610.00000 0.731707
5620.00000 0.722311
5630.00000 0.712687
5640.00000 0.702855
5650.00000 0.692871
5660.00000 0.682811
5670.00000 0.672742
5680.00000 0.662696
5690.00000 0.65266
5700.00000 0.642592
5710.00000 0.63244
5720.00000 0.622177
5730.00000 0.611809
5740.00000 0.601362
5750.00000 0.590851
5760.00000 0.580257
5770.00000 0.569533
5780.00000 0.558626
5790.00000 0.547505
5800.00000 0.536171
5810.00000 0.524641
5820.00000 0.512936
5830.00000 0.50107
5840.00000 0.489057
5850.00000 0.476918
5860.00000 0.464688
5870.00000 0.452409
5880.00000 0.440124
5890.00000 0.427866
5900.00000 0.415666
5910.00000 0.40355
5920.00000 0.391555
5930.00000 0.379724
5940.00000 0.368098
5950.00000 0.356699
5960.00000 0.345522
5970.00000 0.334537
5980.00000 0.323707
5990.00000 0.313001
6000.00000 0.30241
6010.00000 0.291939
6020.00000 0.281596
6030.00000 0.271386
6040.00000 0.261304
6050.00000 0.251339
6060.00000 0.241479
6070.00000 0.231709
6080.00000 0.222024
6090.00000 0.212436
6100.00000 0.202978
6110.00000 0.193699
6120.00000 0.18465
6130.00000 0.175877
6140.00000 0.167407
6150.00000 0.159253
6160.00000 0.151407
6170.00000 0.143842
6180.00000 0.136519
6190.00000 0.129407
6200.00000 0.122497
6210.00000 0.115812
6220.00000 0.109394
6230.00000 0.103293
6240.00000 0.0975446
6250.00000 0.0921558
6260.00000 0.0870991
6270.00000 0.0823177
6280.00000 0.0777466
6290.00000 0.0733346
6300.00000 0.0690522
6310.00000 0.0648846
6320.00000 0.0608222
6330.00000 0.0568586
6340.00000 0.0529957
6350.00000 0.0492488
6360.00000 0.0456473
6370.00000 0.042227
6380.00000 0.0390181
6390.00000 0.036036
6400.00000 0.0332782
6410.00000 0.0307279
6420.00000 0.0283624
6430.00000 0.0261587
6440.00000 0.0240958
6450.00000 0.0221526
6460.00000 0.0203094
6470.00000 0.0185532
6480.00000 0.0168853
6490.00000 0.0153199
6500.00000 0.0138725
6510.00000 0.0125478
6520.00000 0.0113369
6530.00000 0.0102281
6540.00000 0.00921986
6550.00000 0.00832653
6560.00000 0.00757094
6570.00000 0.00696616
6580.00000 0.00649919
6590.00000 0.00612725
6600.00000 0.00578871
7260.00000 0.0
