threeML/data/optical_filters/CTIO/CTIO-f_6520_75.ecsv
# %ECSV 0.9
# ---
# datatype:
# - {name: wavelength, unit: Angstrom, datatype: float32}
# - {name: response, datatype: float32}
# meta: !!omap
# - {band_name: f_6520_75}
# - {group_name: CTIO}
wavelength response
5760.00000 0.0
6400.00000 0.000837989
6402.00000 0.000566733
6404.00000 0.00113928
6406.00000 0.00114416
6408.00000 0.00115507
6410.00000 0.000904977
6412.00000 0.00118977
6414.00000 0.00120084
6416.00000 0.001207
6418.00000 0.00121322
6420.00000 0.00122511
6422.00000 0.00191693
6424.00000 0.00189155
6426.00000 0.00188679
6428.00000 0.0015758
6430.00000 0.00194742
6432.00000 0.00261267
6434.00000 0.00262985
6436.00000 0.00363396
6438.00000 0.00402414
6440.00000 0.00454864
6442.00000 0.00476191
6444.00000 0.00594613
6446.00000 0.0072098
6448.00000 0.00851536
6450.00000 0.00861141
6452.00000 0.0104908
6454.00000 0.0116498
6456.00000 0.0128928
6458.00000 0.0153846
6460.00000 0.0182112
6462.00000 0.0211382
6464.00000 0.0255249
6466.00000 0.0305951
6468.00000 0.0372541
6470.00000 0.0451064
6472.00000 0.0549638
6474.00000 0.0687876
6476.00000 0.0841648
6478.00000 0.105543
6480.00000 0.134903
6482.00000 0.164045
6484.00000 0.207738
6486.00000 0.254292
6488.00000 0.315863
6490.00000 0.378957
6492.00000 0.454417
6494.00000 0.527091
6496.00000 0.600289
6498.00000 0.645255
6500.00000 0.714928
6502.00000 0.744606
6504.00000 0.775407
6506.00000 0.792094
6508.00000 0.800924
6510.00000 0.81348
6512.00000 0.815595
6514.00000 0.826709
6516.00000 0.81765
6518.00000 0.8194
6520.00000 0.823337
6522.00000 0.829079
6524.00000 0.822616
6526.00000 0.822671
6528.00000 0.820701
6530.00000 0.824101
6532.00000 0.819453
6534.00000 0.82304
6536.00000 0.820743
6538.00000 0.816203
6540.00000 0.811736
6542.00000 0.82284
6544.00000 0.816035
6546.00000 0.809227
6548.00000 0.807252
6550.00000 0.803215
6552.00000 0.801696
6554.00000 0.76524
6556.00000 0.738127
6558.00000 0.697473
6560.00000 0.650602
6562.00000 0.582544
6564.00000 0.514325
6566.00000 0.432209
6568.00000 0.366343
6570.00000 0.299644
6572.00000 0.247126
6574.00000 0.195779
6576.00000 0.162704
6578.00000 0.125749
6580.00000 0.103343
6582.00000 0.0826748
6584.00000 0.0689013
6586.00000 0.055873
6588.00000 0.0429836
6590.00000 0.0376135
6592.00000 0.0319843
6594.00000 0.0270985
6596.00000 0.0244386
6598.00000 0.0200401
6600.00000 0.0177596
6602.00000 0.0159501
6604.00000 0.0151515
6606.00000 0.011955
6608.00000 0.0106232
6610.00000 0.00999286
6612.00000 0.00869565
6614.00000 0.00803506
6616.00000 0.00740741
6618.00000 0.00903614
6620.00000 0.00610687
7282.00000 0.0
