threeML/data/optical_filters/CTIO/CTIO-f_6330_100.ecsv
# %ECSV 0.9
# ---
# datatype:
# - {name: wavelength, unit: Angstrom, datatype: float32}
# - {name: response, datatype: float32}
# meta: !!omap
# - {band_name: f_6330_100}
# - {group_name: CTIO}
wavelength response
5589.00000 0.0
6210.00000 0.00127981
6212.00000 0.001167
6214.00000 0.00153555
6216.00000 0.00154468
6218.00000 0.00179447
6220.00000 0.00181357
6222.00000 0.00194932
6224.00000 0.00232019
6226.00000 0.00246366
6228.00000 0.00272446
6230.00000 0.00274348
6232.00000 0.00315139
6234.00000 0.00342162
6236.00000 0.00408476
6238.00000 0.00450335
6240.00000 0.00492164
6242.00000 0.0052158
6244.00000 0.00604309
6246.00000 0.00726744
6248.00000 0.00800213
6250.00000 0.00940607
6252.00000 0.0105448
6254.00000 0.0115867
6256.00000 0.0135635
6258.00000 0.0155819
6260.00000 0.0179791
6262.00000 0.0208246
6264.00000 0.0241696
6266.00000 0.0278805
6268.00000 0.0327236
6270.00000 0.0384615
6272.00000 0.0470955
6274.00000 0.0538715
6276.00000 0.0660392
6278.00000 0.0767926
6280.00000 0.0951341
6282.00000 0.110938
6284.00000 0.132576
6286.00000 0.158591
6288.00000 0.18746
6290.00000 0.22001
6292.00000 0.257843
6294.00000 0.297617
6296.00000 0.339785
6298.00000 0.38225
6300.00000 0.423595
6302.00000 0.460927
6304.00000 0.504625
6306.00000 0.533884
6308.00000 0.56388
6310.00000 0.587329
6312.00000 0.599965
6314.00000 0.6126
6316.00000 0.616794
6318.00000 0.628187
6320.00000 0.627752
6322.00000 0.63064
6324.00000 0.630972
6326.00000 0.632369
6328.00000 0.632169
6330.00000 0.629511
6332.00000 0.630941
6334.00000 0.629814
6336.00000 0.631121
6338.00000 0.63085
6340.00000 0.626298
6342.00000 0.621563
6344.00000 0.623183
6346.00000 0.621888
6348.00000 0.622844
6350.00000 0.622665
6352.00000 0.617769
6354.00000 0.615769
6356.00000 0.612917
6358.00000 0.609756
6360.00000 0.605015
6362.00000 0.596579
6364.00000 0.590541
6366.00000 0.569573
6368.00000 0.552421
6370.00000 0.523884
6372.00000 0.4983
6374.00000 0.459817
6376.00000 0.426984
6378.00000 0.381453
6380.00000 0.337185
6382.00000 0.288406
6384.00000 0.254449
6386.00000 0.217769
6388.00000 0.182746
6390.00000 0.154563
6392.00000 0.130478
6394.00000 0.108597
6396.00000 0.0916709
6398.00000 0.0778458
6400.00000 0.0659624
6402.00000 0.0556567
6404.00000 0.0472441
6406.00000 0.0397456
6408.00000 0.0326552
6410.00000 0.0287653
6412.00000 0.0246846
6414.00000 0.0207814
6416.00000 0.0181767
6418.00000 0.0148459
6420.00000 0.0130275
6422.00000 0.0117243
6424.00000 0.0101127
6426.00000 0.00876937
6428.00000 0.00827668
6430.00000 0.00746938
6432.00000 0.00603318
6434.00000 0.00579268
6436.00000 0.00583897
6438.00000 0.00466999
6440.00000 0.00408163
6442.00000 0.00379867
6444.00000 0.00352451
6446.00000 0.00322789
6448.00000 0.0032457
6450.00000 0.00197563
6452.00000 0.00266756
6454.00000 0.0016835
6456.00000 0.00203666
6458.00000 0.00206612
6460.00000 0.00208768
6462.00000 0.00175871
6464.00000 0.00142501
6466.00000 0.000719166
6468.00000 0.000726216
6470.00000 0.00110011
7117.00000 0.0
