threeML/data/optical_filters/CTIO/CTIO-f_6484_1532.ecsv
# %ECSV 0.9
# ---
# datatype:
# - {name: wavelength, unit: Angstrom, datatype: float32}
# - {name: response, datatype: float32}
# meta: !!omap
# - {band_name: f_6484_1532}
# - {group_name: CTIO}
wavelength response
4860.00000 0.0
5400.00000 0.00115808
5410.00000 0.00153368
5420.00000 0.00195605
5430.00000 0.00247486
5440.00000 0.00315725
5450.00000 0.00408751
5460.00000 0.00536991
5470.00000 0.00713639
5480.00000 0.00955594
5490.00000 0.0128428
5500.00000 0.0172649
5510.00000 0.0231541
5520.00000 0.0309176
5530.00000 0.0410403
5540.00000 0.0540682
5550.00000 0.0705643
5560.00000 0.0910385
5570.00000 0.115861
5580.00000 0.14518
5590.00000 0.17886
5600.00000 0.216466
5610.00000 0.25729
5620.00000 0.300417
5630.00000 0.344833
5640.00000 0.389531
5650.00000 0.433612
5660.00000 0.476333
5670.00000 0.517112
5680.00000 0.555512
5690.00000 0.591217
5700.00000 0.624024
5710.00000 0.653838
5720.00000 0.680665
5730.00000 0.704602
5740.00000 0.72581
5750.00000 0.74449
5760.00000 0.760864
5770.00000 0.775163
5780.00000 0.78762
5790.00000 0.798462
5800.00000 0.807889
5810.00000 0.816062
5820.00000 0.823108
5830.00000 0.829129
5840.00000 0.834218
5850.00000 0.83846
5860.00000 0.841943
5870.00000 0.844756
5880.00000 0.846998
5890.00000 0.848765
5900.00000 0.850136
5910.00000 0.851153
5920.00000 0.851829
5930.00000 0.852165
5940.00000 0.852184
5950.00000 0.851934
5960.00000 0.851482
5970.00000 0.850885
5980.00000 0.850179
5990.00000 0.849366
6000.00000 0.848431
6010.00000 0.847357
6020.00000 0.84614
6030.00000 0.844788
6040.00000 0.843313
6050.00000 0.841724
6060.00000 0.840027
6070.00000 0.838234
6080.00000 0.836367
6090.00000 0.834451
6100.00000 0.832502
6110.00000 0.830516
6120.00000 0.828467
6130.00000 0.826323
6140.00000 0.824064
6150.00000 0.82169
6160.00000 0.819219
6170.00000 0.816672
6180.00000 0.814075
6190.00000 0.811461
6200.00000 0.808869
6210.00000 0.806325
6220.00000 0.803823
6230.00000 0.801325
6240.00000 0.798774
6250.00000 0.796131
6260.00000 0.793386
6270.00000 0.790554
6280.00000 0.78764
6290.00000 0.784632
6300.00000 0.781514
6310.00000 0.778298
6320.00000 0.77504
6330.00000 0.771812
6340.00000 0.76866
6350.00000 0.765566
6360.00000 0.762458
6370.00000 0.759248
6380.00000 0.755881
6390.00000 0.752351
6400.00000 0.748688
6410.00000 0.74495
6420.00000 0.741219
6430.00000 0.737589
6440.00000 0.734142
6450.00000 0.730913
6460.00000 0.727871
6470.00000 0.724928
6480.00000 0.721987
6490.00000 0.718979
6500.00000 0.715877
6510.00000 0.712684
6520.00000 0.709415
6530.00000 0.706079
6540.00000 0.702678
6550.00000 0.699212
6560.00000 0.695683
6570.00000 0.692099
6580.00000 0.68847
6590.00000 0.684803
6600.00000 0.681099
6610.00000 0.677347
6620.00000 0.673531
6630.00000 0.669646
6640.00000 0.665698
6650.00000 0.661696
6660.00000 0.657654
6670.00000 0.653607
6680.00000 0.64962
6690.00000 0.645754
6700.00000 0.64202
6710.00000 0.638355
6720.00000 0.634654
6730.00000 0.630824
6740.00000 0.626822
6750.00000 0.622655
6760.00000 0.618363
6770.00000 0.614006
6780.00000 0.609652
6790.00000 0.605368
6800.00000 0.601208
6810.00000 0.597195
6820.00000 0.59331
6830.00000 0.589477
6840.00000 0.585584
6850.00000 0.581523
6860.00000 0.577237
6870.00000 0.572734
6880.00000 0.568073
6890.00000 0.563316
6900.00000 0.558486
6910.00000 0.553579
6920.00000 0.548595
6930.00000 0.543554
6940.00000 0.538478
6950.00000 0.533343
6960.00000 0.528074
6970.00000 0.522589
6980.00000 0.516861
6990.00000 0.510949
7000.00000 0.50497
7010.00000 0.50345
7020.00000 0.495345
7030.00000 0.49473
7040.00000 0.485434
7050.00000 0.480345
7060.00000 0.475235
7070.00000 0.470134
7080.00000 0.464998
7090.00000 0.459989
7100.00000 0.454957
7110.00000 0.449868
7120.00000 0.444668
7130.00000 0.439286
7140.00000 0.433659
7150.00000 0.427772
7160.00000 0.42168
7170.00000 0.4155
7180.00000 0.40937
7190.00000 0.403397
7200.00000 0.397628
7210.00000 0.392055
7220.00000 0.386646
7230.00000 0.381375
7240.00000 0.376233
7250.00000 0.371233
7260.00000 0.366384
7270.00000 0.361683
7280.00000 0.357108
7290.00000 0.352635
7300.00000 0.348244
7310.00000 0.34393
7320.00000 0.33969
7330.00000 0.335522
7340.00000 0.331416
7350.00000 0.327357
7360.00000 0.323328
7370.00000 0.319312
7380.00000 0.315304
7390.00000 0.311302
7400.00000 0.307315
7410.00000 0.303348
7420.00000 0.299403
7430.00000 0.295469
7440.00000 0.291524
7450.00000 0.287546
7460.00000 0.283529
7470.00000 0.279495
7480.00000 0.275489
7490.00000 0.271558
7500.00000 0.267733
7510.00000 0.26401
7520.00000 0.260365
7530.00000 0.256766
7540.00000 0.253194
7550.00000 0.24965
7560.00000 0.246143
7570.00000 0.242677
7580.00000 0.239245
7590.00000 0.235834
7600.00000 0.232436
7610.00000 0.229051
7620.00000 0.225676
7630.00000 0.222304
7640.00000 0.218925
7650.00000 0.215526
7660.00000 0.212088
7670.00000 0.208591
7680.00000 0.205029
7690.00000 0.201419
7700.00000 0.197801
7710.00000 0.194222
7720.00000 0.190725
7730.00000 0.187328
7740.00000 0.18403
7750.00000 0.180812
7760.00000 0.177652
7770.00000 0.174531
7780.00000 0.171448
7790.00000 0.168412
7800.00000 0.165451
7810.00000 0.162584
7820.00000 0.159812
7830.00000 0.157107
7840.00000 0.154422
7850.00000 0.151716
7860.00000 0.148976
7870.00000 0.14622
7880.00000 0.143488
7890.00000 0.140821
7900.00000 0.138248
7910.00000 0.135782
7920.00000 0.133418
7930.00000 0.131135
7940.00000 0.128894
7950.00000 0.126653
7960.00000 0.124383
7970.00000 0.12208
7980.00000 0.119767
7990.00000 0.117488
8000.00000 0.115285
8010.00000 0.113195
8020.00000 0.111233
8030.00000 0.109395
8040.00000 0.10765
8050.00000 0.105948
8060.00000 0.104227
8070.00000 0.10244
8080.00000 0.100572
8090.00000 0.0986455
8100.00000 0.0966971
8110.00000 0.0947619
8120.00000 0.0928626
8130.00000 0.0910135
8140.00000 0.0892247
8150.00000 0.0875021
8160.00000 0.0858438
8170.00000 0.0842394
8180.00000 0.0826734
8190.00000 0.081128
8200.00000 0.079584
8210.00000 0.0780232
8220.00000 0.0764328
8230.00000 0.074812
8240.00000 0.073176
8250.00000 0.0715545
8260.00000 0.0699825
8270.00000 0.0684873
8280.00000 0.0670791
8290.00000 0.0657509
8300.00000 0.0644847
8310.00000 0.0632596
8320.00000 0.0620566
8330.00000 0.0608627
8340.00000 0.0596742
8350.00000 0.058497
8360.00000 0.0573435
8370.00000 0.056224
8380.00000 0.0551413
8390.00000 0.0540898
8400.00000 0.0530579
8410.00000 0.0520347
8420.00000 0.0510147
8430.00000 0.0500017
8440.00000 0.0490081
8450.00000 0.0480501
8460.00000 0.0471395
8470.00000 0.0462784
8480.00000 0.0454558
8490.00000 0.0446508
8500.00000 0.0438415
8510.00000 0.0430159
8520.00000 0.0421768
8530.00000 0.0413402
8540.00000 0.040526
8550.00000 0.0397472
8560.00000 0.0390043
8570.00000 0.0382858
8580.00000 0.0375753
8590.00000 0.0368592
8600.00000 0.0361341
8610.00000 0.0354094
8620.00000 0.0347034
8630.00000 0.0340333
8640.00000 0.0334056
8650.00000 0.0328152
8660.00000 0.0322514
8670.00000 0.0317059
8680.00000 0.0311766
8690.00000 0.030666
8700.00000 0.0301766
8710.00000 0.0297052
8720.00000 0.0292411
8730.00000 0.0287686
8740.00000 0.0282752
8750.00000 0.0277583
8760.00000 0.0272257
8770.00000 0.0266896
8780.00000 0.0261585
8790.00000 0.0256337
8800.00000 0.0251116
9680.00000 0.0
