threeML/data/optical_filters/CTIO/CTIO-f_3980_400.ecsv
# %ECSV 0.9
# ---
# datatype:
# - {name: wavelength, unit: Angstrom, datatype: float32}
# - {name: response, datatype: float32}
# meta: !!omap
# - {band_name: f_3980_400}
# - {group_name: CTIO}
wavelength response
3330.00000 0.0
3700.00000 0.001
3702.00000 0.001
3704.00000 0.001
3706.00000 0.001
3708.00000 0.001
3710.00000 0.002
3712.00000 0.002
3714.00000 0.002
3716.00000 0.002
3718.00000 0.005
3720.00000 0.002
3722.00000 0.005
3724.00000 0.005
3726.00000 0.005
3728.00000 0.008
3730.00000 0.007
3732.00000 0.01
3734.00000 0.01
3736.00000 0.012
3738.00000 0.015
3740.00000 0.018
3742.00000 0.023
3744.00000 0.025
3746.00000 0.031
3748.00000 0.035
3750.00000 0.039
3752.00000 0.046
3754.00000 0.052
3756.00000 0.061
3758.00000 0.068
3760.00000 0.08
3762.00000 0.09
3764.00000 0.1
3766.00000 0.112
3768.00000 0.123
3770.00000 0.134
3772.00000 0.15
3774.00000 0.161
3776.00000 0.175
3778.00000 0.188
3780.00000 0.201
3782.00000 0.211
3784.00000 0.223
3786.00000 0.226
3788.00000 0.24
3790.00000 0.255
3792.00000 0.271
3794.00000 0.274
3796.00000 0.284
3798.00000 0.296
3800.00000 0.3
3802.00000 0.312
3804.00000 0.319
3806.00000 0.325
3808.00000 0.336
3810.00000 0.34
3812.00000 0.35
3814.00000 0.354
3816.00000 0.362
3818.00000 0.362
3820.00000 0.368
3822.00000 0.372
3824.00000 0.376
3826.00000 0.38
3828.00000 0.382
3830.00000 0.384
3832.00000 0.387
3834.00000 0.387
3836.00000 0.388
3838.00000 0.389
3840.00000 0.389
3842.00000 0.389
3844.00000 0.39
3846.00000 0.391
3848.00000 0.391
3850.00000 0.392
3852.00000 0.392
3854.00000 0.395
3856.00000 0.394
3858.00000 0.397
3860.00000 0.397
3862.00000 0.398
3864.00000 0.401
3866.00000 0.401
3868.00000 0.404
3870.00000 0.406
3872.00000 0.409
3874.00000 0.412
3876.00000 0.414
3878.00000 0.415
3880.00000 0.419
3882.00000 0.421
3884.00000 0.425
3886.00000 0.426
3888.00000 0.427
3890.00000 0.431
3892.00000 0.436
3894.00000 0.433
3896.00000 0.437
3898.00000 0.442
3900.00000 0.441
3902.00000 0.445
3904.00000 0.447
3906.00000 0.451
3908.00000 0.45
3910.00000 0.453
3912.00000 0.456
3914.00000 0.455
3916.00000 0.456
3918.00000 0.457
3920.00000 0.459
3922.00000 0.462
3924.00000 0.462
3926.00000 0.462
3928.00000 0.462
3930.00000 0.462
3932.00000 0.463
3934.00000 0.464
3936.00000 0.466
3938.00000 0.465
3940.00000 0.466
3942.00000 0.467
3944.00000 0.467
3946.00000 0.468
3948.00000 0.467
3950.00000 0.467
3952.00000 0.467
3954.00000 0.469
3956.00000 0.468
3958.00000 0.469
3960.00000 0.469
3962.00000 0.469
3964.00000 0.469
3966.00000 0.47
3968.00000 0.469
3970.00000 0.47
3972.00000 0.465
3974.00000 0.471
3976.00000 0.468
3978.00000 0.472
3980.00000 0.473
3982.00000 0.471
3984.00000 0.473
3986.00000 0.472
3988.00000 0.474
3990.00000 0.473
3992.00000 0.473
3994.00000 0.474
3996.00000 0.473
3998.00000 0.475
4000.00000 0.475
4002.00000 0.474
4004.00000 0.475
4006.00000 0.474
4008.00000 0.473
4010.00000 0.473
4012.00000 0.473
4014.00000 0.471
4016.00000 0.473
4018.00000 0.471
4020.00000 0.472
4022.00000 0.47
4024.00000 0.472
4026.00000 0.47
4028.00000 0.47
4030.00000 0.469
4032.00000 0.469
4034.00000 0.469
4036.00000 0.469
4038.00000 0.468
4040.00000 0.469
4042.00000 0.471
4044.00000 0.466
4046.00000 0.467
4048.00000 0.468
4050.00000 0.469
4052.00000 0.466
4054.00000 0.469
4056.00000 0.469
4058.00000 0.469
4060.00000 0.47
4062.00000 0.469
4064.00000 0.468
4066.00000 0.472
4068.00000 0.472
4070.00000 0.472
4072.00000 0.468
4074.00000 0.472
4076.00000 0.474
4078.00000 0.473
4080.00000 0.476
4082.00000 0.476
4084.00000 0.476
4086.00000 0.477
4088.00000 0.478
4090.00000 0.478
4092.00000 0.479
4094.00000 0.478
4096.00000 0.476
4098.00000 0.477
4100.00000 0.478
4102.00000 0.451
4104.00000 0.476
4106.00000 0.465
4108.00000 0.471
4110.00000 0.471
4112.00000 0.467
4114.00000 0.467
4116.00000 0.464
4118.00000 0.461
4120.00000 0.458
4122.00000 0.456
4124.00000 0.455
4126.00000 0.447
4128.00000 0.452
4130.00000 0.448
4132.00000 0.444
4134.00000 0.439
4136.00000 0.435
4138.00000 0.424
4140.00000 0.427
4142.00000 0.419
4144.00000 0.417
4146.00000 0.412
4148.00000 0.409
4150.00000 0.406
4152.00000 0.403
4154.00000 0.397
4156.00000 0.387
4158.00000 0.386
4160.00000 0.378
4162.00000 0.372
4164.00000 0.36
4166.00000 0.358
4168.00000 0.351
4170.00000 0.339
4172.00000 0.332
4174.00000 0.32
4176.00000 0.304
4178.00000 0.298
4180.00000 0.275
4182.00000 0.27
4184.00000 0.248
4186.00000 0.24
4188.00000 0.224
4190.00000 0.21
4192.00000 0.194
4194.00000 0.181
4196.00000 0.168
4198.00000 0.154
4200.00000 0.143
4202.00000 0.131
4204.00000 0.122
4206.00000 0.112
4208.00000 0.102
4210.00000 0.093
4212.00000 0.084
4214.00000 0.081
4216.00000 0.077
4218.00000 0.073
4220.00000 0.068
4222.00000 0.062
4224.00000 0.055
4226.00000 0.048
4228.00000 0.043
4230.00000 0.04
4232.00000 0.036
4234.00000 0.033
4236.00000 0.03
4238.00000 0.027
4240.00000 0.024
4242.00000 0.022
4244.00000 0.02
4246.00000 0.019
4248.00000 0.017
4250.00000 0.016
4252.00000 0.014
4254.00000 0.013
4256.00000 0.012
4258.00000 0.011
4260.00000 0.011
4262.00000 0.01
4264.00000 0.008
4266.00000 0.008
4268.00000 0.008
4270.00000 0.007
4272.00000 0.007
4274.00000 0.006
4276.00000 0.006
4278.00000 0.006
4280.00000 0.005
4282.00000 0.004
4284.00000 0.005
4286.00000 0.004
4288.00000 0.004
4290.00000 0.004
4292.00000 0.004
4294.00000 0.004
4296.00000 0.003
4298.00000 0.003
4300.00000 0.002
4302.00000 0.003
4304.00000 0.003
4306.00000 0.002
4308.00000 0.002
4310.00000 0.002
4312.00000 0.002
4314.00000 0.002
4316.00000 0.002
4318.00000 0.002
4320.00000 0.002
4322.00000 0.002
4324.00000 0.001
4326.00000 0.002
4328.00000 0.001
4330.00000 0.001
4332.00000 0.001
4334.00000 0.001
4336.00000 0.001
4338.00000 0.001
4340.00000 0.001
4342.00000 0.001
4344.00000 0.001
4346.00000 0.001
4348.00000 0.001
4350.00000 0.001
4785.00000 0.0
