threeML/data/optical_filters/CTIO/CTIO-f_5500_200.ecsv
# %ECSV 0.9
# ---
# datatype:
# - {name: wavelength, unit: Angstrom, datatype: float32}
# - {name: response, datatype: float32}
# meta: !!omap
# - {band_name: f_5500_200}
# - {group_name: CTIO}
wavelength response
4680.00000 0.0
5200.00000 0.00106667
5202.00000 0.00106553
5204.00000 0.0010661
5206.00000 0.00106667
5208.00000 0.00106895
5210.00000 0.0010698
5212.00000 0.0010698
5214.00000 0.00107152
5216.00000 0.00107354
5218.00000 0.00107124
5220.00000 0.00107152
5222.00000 0.00134192
5224.00000 0.00134336
5226.00000 0.00161377
5228.00000 0.00161507
5230.00000 0.001619
5232.00000 0.00161987
5234.00000 0.00162338
5236.00000 0.00162602
5238.00000 0.00190062
5240.00000 0.00217746
5242.00000 0.00217865
5244.00000 0.00217984
5246.00000 0.00218281
5248.00000 0.00218639
5250.00000 0.00218818
5252.00000 0.00274198
5254.00000 0.0027465
5256.00000 0.00247661
5258.00000 0.0027571
5260.00000 0.00276702
5262.00000 0.00332871
5264.00000 0.00306834
5266.00000 0.00335008
5268.00000 0.00335477
5270.00000 0.0036435
5272.00000 0.00393148
5274.00000 0.00393922
5276.00000 0.00394922
5278.00000 0.00452617
5280.00000 0.00482133
5282.00000 0.00511218
5284.00000 0.00513113
5286.00000 0.00543789
5288.00000 0.00573888
5290.00000 0.00633093
5292.00000 0.00633276
5294.00000 0.00690846
5296.00000 0.00721709
5298.00000 0.00753405
5300.00000 0.00783972
5302.00000 0.00814664
5304.00000 0.00905374
5306.00000 0.00997067
5308.00000 0.0102911
5310.00000 0.0106226
5312.00000 0.0118519
5314.00000 0.0118871
5316.00000 0.0128435
5318.00000 0.0137519
5320.00000 0.0146927
5322.00000 0.0153337
5324.00000 0.0168573
5326.00000 0.0175333
5328.00000 0.0184737
5330.00000 0.0197628
5332.00000 0.0207191
5334.00000 0.02263
5336.00000 0.0242853
5338.00000 0.0265432
5340.00000 0.0291202
5342.00000 0.0320274
5344.00000 0.0349236
5346.00000 0.0381966
5348.00000 0.040842
5350.00000 0.0444655
5352.00000 0.0481165
5354.00000 0.0539854
5356.00000 0.0593112
5358.00000 0.0650433
5360.00000 0.0711985
5362.00000 0.0776197
5364.00000 0.0834416
5366.00000 0.0907612
5368.00000 0.097195
5370.00000 0.104849
5372.00000 0.112242
5374.00000 0.121999
5376.00000 0.131223
5378.00000 0.141912
5380.00000 0.151928
5382.00000 0.164443
5384.00000 0.176155
5386.00000 0.191597
5388.00000 0.205932
5390.00000 0.219892
5392.00000 0.235015
5394.00000 0.25153
5396.00000 0.267577
5398.00000 0.283368
5400.00000 0.301168
5402.00000 0.318856
5404.00000 0.336329
5406.00000 0.355286
5408.00000 0.372481
5410.00000 0.390303
5412.00000 0.40812
5414.00000 0.426816
5416.00000 0.444562
5418.00000 0.459965
5420.00000 0.475381
5422.00000 0.49005
5424.00000 0.503564
5426.00000 0.516487
5428.00000 0.528037
5430.00000 0.539849
5432.00000 0.54897
5434.00000 0.560044
5436.00000 0.566691
5438.00000 0.573884
5440.00000 0.580007
5442.00000 0.584954
5444.00000 0.590641
5446.00000 0.594455
5448.00000 0.599111
5450.00000 0.601707
5452.00000 0.60104
5454.00000 0.606276
5456.00000 0.609281
5458.00000 0.608924
5460.00000 0.6118
5462.00000 0.611884
5464.00000 0.613243
5466.00000 0.614022
5468.00000 0.617948
5470.00000 0.618776
5472.00000 0.620992
5474.00000 0.620742
5476.00000 0.623127
5478.00000 0.623938
5480.00000 0.625145
5482.00000 0.625292
5484.00000 0.626708
5486.00000 0.62686
5488.00000 0.627843
5490.00000 0.627112
5492.00000 0.628549
5494.00000 0.62742
5496.00000 0.628119
5498.00000 0.627435
5500.00000 0.627638
5502.00000 0.6272
5504.00000 0.627254
5506.00000 0.623945
5508.00000 0.626161
5510.00000 0.624798
5512.00000 0.623229
5514.00000 0.623177
5516.00000 0.62104
5518.00000 0.621533
5520.00000 0.619067
5522.00000 0.616995
5524.00000 0.617671
5526.00000 0.616563
5528.00000 0.615033
5530.00000 0.613721
5532.00000 0.612364
5534.00000 0.611903
5536.00000 0.607637
5538.00000 0.607488
5540.00000 0.605563
5542.00000 0.608252
5544.00000 0.603397
5546.00000 0.603154
5548.00000 0.60205
5550.00000 0.600428
5552.00000 0.59897
5554.00000 0.6
5556.00000 0.598009
5558.00000 0.595579
5560.00000 0.59409
5562.00000 0.595113
5564.00000 0.59345
5566.00000 0.593079
5568.00000 0.592186
5570.00000 0.59015
5572.00000 0.590287
5574.00000 0.588496
5576.00000 0.587217
5578.00000 0.585854
5580.00000 0.584787
5582.00000 0.582136
5584.00000 0.579586
5586.00000 0.578639
5588.00000 0.576455
5590.00000 0.571429
5592.00000 0.566046
5594.00000 0.559708
5596.00000 0.551487
5598.00000 0.542279
5600.00000 0.531856
5602.00000 0.516922
5604.00000 0.504429
5606.00000 0.491788
5608.00000 0.476482
5610.00000 0.462046
5612.00000 0.443605
5614.00000 0.425653
5616.00000 0.405908
5618.00000 0.387004
5620.00000 0.370211
5622.00000 0.352518
5624.00000 0.335094
5626.00000 0.317132
5628.00000 0.301304
5630.00000 0.283981
5632.00000 0.268613
5634.00000 0.250488
5636.00000 0.235122
5638.00000 0.220754
5640.00000 0.207269
5642.00000 0.194485
5644.00000 0.181908
5646.00000 0.170466
5648.00000 0.159543
5650.00000 0.149477
5652.00000 0.1405
5654.00000 0.131724
5656.00000 0.123046
5658.00000 0.115268
5660.00000 0.108397
5662.00000 0.100815
5664.00000 0.0941476
5666.00000 0.0878896
5668.00000 0.0820092
5670.00000 0.0771605
5672.00000 0.0712442
5674.00000 0.067253
5676.00000 0.0633108
5678.00000 0.0594059
5680.00000 0.0554104
5682.00000 0.0518868
5684.00000 0.0483956
5686.00000 0.0457895
5688.00000 0.0432946
5690.00000 0.0407623
5692.00000 0.0387679
5694.00000 0.037234
5696.00000 0.0352188
5698.00000 0.0331906
5700.00000 0.031166
5702.00000 0.0301399
5704.00000 0.0287263
5706.00000 0.0277778
5708.00000 0.0272926
5710.00000 0.0262009
5712.00000 0.0257112
5714.00000 0.0246305
5716.00000 0.0236654
5718.00000 0.0220751
5720.00000 0.0210643
5722.00000 0.0200111
5724.00000 0.0184049
5726.00000 0.0178971
5728.00000 0.0157569
5730.00000 0.0158014
5732.00000 0.0147476
5734.00000 0.0141965
5736.00000 0.013683
5738.00000 0.013173
5740.00000 0.0126509
5742.00000 0.0121177
5744.00000 0.0116144
5746.00000 0.0104895
5748.00000 0.0105202
5750.00000 0.00998238
5752.00000 0.00951249
5754.00000 0.00893389
5756.00000 0.0083682
5758.00000 0.0078125
5760.00000 0.00843373
5762.00000 0.00845921
5764.00000 0.00788357
5766.00000 0.00732154
5768.00000 0.00673195
5770.00000 0.00614628
5772.00000 0.00616143
5774.00000 0.00618047
5776.00000 0.00558313
5778.00000 0.00499376
5780.00000 0.00563557
5782.00000 0.00565327
5784.00000 0.00503145
5786.00000 0.00506009
5788.00000 0.00444727
5790.00000 0.00446429
5792.00000 0.00383877
5794.00000 0.003861
5796.00000 0.00387597
5798.00000 0.0038961
5800.00000 0.00390879
5802.00000 0.00392927
5804.00000 0.00393701
5806.00000 0.00395517
5808.00000 0.00396825
5810.00000 0.00265957
5812.00000 0.00266845
5814.00000 0.00268097
5816.00000 0.0033557
5818.00000 0.00336474
5820.00000 0.00270636
5822.00000 0.00271739
5824.00000 0.00272851
5826.00000 0.00274348
5828.00000 0.00275672
5830.00000 0.00207612
6413.00000 0.0
