threeML/data/optical_filters/CTIO/CTIO-f_6437_1525.ecsv
# %ECSV 0.9
# ---
# datatype:
# - {name: wavelength, unit: Angstrom, datatype: float32}
# - {name: response, datatype: float32}
# meta: !!omap
# - {band_name: f_6437_1525}
# - {group_name: CTIO}
wavelength response
4950.00000 0.0
5500.00000 0.0017
5525.00000 0.003
5550.00000 0.0126
5575.00000 0.0411
5600.00000 0.1058
5625.00000 0.1973
5650.00000 0.301
5675.00000 0.4028
5700.00000 0.484
5725.00000 0.557
5750.00000 0.6215
5775.00000 0.6686
5800.00000 0.7125
5825.00000 0.7475
5850.00000 0.7683
5875.00000 0.7838
5900.00000 0.7985
5925.00000 0.8047
5950.00000 0.8112
5975.00000 0.8122
6000.00000 0.8154
6025.00000 0.8163
6050.00000 0.8137
6075.00000 0.8138
6100.00000 0.8086
6125.00000 0.8055
6150.00000 0.801
6175.00000 0.7958
6200.00000 0.7931
6225.00000 0.7869
6250.00000 0.781
6275.00000 0.7759
6300.00000 0.7681
6325.00000 0.7606
6350.00000 0.7514
6375.00000 0.741
6400.00000 0.734
6425.00000 0.7269
6450.00000 0.7205
6475.00000 0.7089
6500.00000 0.7016
6525.00000 0.6893
6550.00000 0.6844
6575.00000 0.6714
6600.00000 0.6658
6625.00000 0.6532
6650.00000 0.6432
6675.00000 0.6346
6700.00000 0.6249
6725.00000 0.6176
6750.00000 0.6073
6775.00000 0.5957
6800.00000 0.583
6825.00000 0.5683
6850.00000 0.5585
6875.00000 0.5415
6900.00000 0.5322
6925.00000 0.5204
6950.00000 0.5097
6975.00000 0.5007
7000.00000 0.4886
7025.00000 0.4785
7050.00000 0.4668
7075.00000 0.4529
7100.00000 0.4418
7125.00000 0.4308
7150.00000 0.4124
7175.00000 0.4135
7200.00000 0.3962
7225.00000 0.358
7250.00000 0.3472
7275.00000 0.3356
7300.00000 0.3255
7325.00000 0.3117
7350.00000 0.3015
7375.00000 0.2913
7400.00000 0.2834
7425.00000 0.2735
7450.00000 0.2673
7475.00000 0.2592
7500.00000 0.2492
7525.00000 0.2401
7550.00000 0.2311
7575.00000 0.2188
7600.00000 0.2131
7625.00000 0.2037
7650.00000 0.1951
7675.00000 0.1871
7700.00000 0.1768
7725.00000 0.1702
7750.00000 0.1619
7775.00000 0.1541
7800.00000 0.1476
7825.00000 0.1414
7850.00000 0.1345
7875.00000 0.1286
7900.00000 0.1224
7925.00000 0.1179
7950.00000 0.1131
7975.00000 0.107
8000.00000 0.104
8025.00000 0.0979
8050.00000 0.0932
8075.00000 0.09
8100.00000 0.0854
8125.00000 0.0794
8150.00000 0.0762
8175.00000 0.07
8200.00000 0.0671
8225.00000 0.0638
8250.00000 0.0606
8275.00000 0.0558
8300.00000 0.0541
8325.00000 0.0496
9157.50000 0.0
