threeML/data/optical_filters/CTIO/CTIO-f_3727_45.ecsv
# %ECSV 0.9
# ---
# datatype:
# - {name: wavelength, unit: Angstrom, datatype: float32}
# - {name: response, datatype: float32}
# meta: !!omap
# - {band_name: f_3727_45}
# - {group_name: CTIO}
wavelength response
3276.00000 0.0
3640.00000 0.000906207
3642.00000 0.000901307
3644.00000 0.00133869
3646.00000 0.00176913
3648.00000 0.00176445
3650.00000 0.00174292
3652.00000 0.00260078
3654.00000 0.00256849
3656.00000 0.00254453
3658.00000 0.0034057
3660.00000 0.00341151
3662.00000 0.00376569
3664.00000 0.00418585
3666.00000 0.00506116
3668.00000 0.00580913
3670.00000 0.00724638
3672.00000 0.00768188
3674.00000 0.00893655
3676.00000 0.0107191
3678.00000 0.0119363
3680.00000 0.0140412
3682.00000 0.0166521
3684.00000 0.0195567
3686.00000 0.0232558
3688.00000 0.0273387
3690.00000 0.0332481
3692.00000 0.0407817
3694.00000 0.0480202
3696.00000 0.0554156
3698.00000 0.0679733
3700.00000 0.0816411
3702.00000 0.101073
3704.00000 0.118394
3706.00000 0.135256
3708.00000 0.150822
3710.00000 0.161471
3712.00000 0.176213
3714.00000 0.195704
3716.00000 0.219406
3718.00000 0.237028
3720.00000 0.25195
3722.00000 0.266486
3724.00000 0.275929
3726.00000 0.281587
3728.00000 0.280595
3730.00000 0.281738
3732.00000 0.277336
3734.00000 0.272214
3736.00000 0.259522
3738.00000 0.244477
3740.00000 0.22656
3742.00000 0.207816
3744.00000 0.18149
3746.00000 0.159311
3748.00000 0.135319
3750.00000 0.116791
3752.00000 0.0972516
3754.00000 0.0809005
3756.00000 0.0685895
3758.00000 0.0572626
3760.00000 0.0480334
3762.00000 0.0392491
3764.00000 0.0328767
3766.00000 0.0280822
3768.00000 0.0238989
3770.00000 0.0205734
3772.00000 0.0178752
3774.00000 0.0152773
3776.00000 0.0129439
3778.00000 0.0111916
3780.00000 0.00925008
3782.00000 0.00890106
3784.00000 0.00798669
3786.00000 0.00722022
3788.00000 0.00616483
3790.00000 0.00520833
3792.00000 0.00453515
3794.00000 0.00401358
3796.00000 0.0040549
3798.00000 0.00371747
3800.00000 0.00341615
3802.00000 0.00307409
3804.00000 0.00305437
3806.00000 0.00276074
3808.00000 0.00234742
3810.00000 0.0020908
3812.00000 0.00237812
3814.00000 0.00178625
3816.00000 0.00147319
3818.00000 0.00177096
3820.00000 0.00176939
3822.00000 0.00144676
3824.00000 0.00173963
3826.00000 0.00114909
3828.00000 0.00115274
3830.00000 0.00115374
3832.00000 0.00114482
3834.00000 0.00114155
3836.00000 0.00085592
3838.00000 0.00113411
3840.00000 0.00112771
3842.00000 0.00112613
3844.00000 0.000829646
3846.00000 0.000831485
3848.00000 0.00055571
3850.00000 0.000275255
4235.00000 0.0
