threeML/data/optical_filters/CTIO/CTIO-f_5500_240.ecsv
# %ECSV 0.9
# ---
# datatype:
# - {name: wavelength, unit: Angstrom, datatype: float32}
# - {name: response, datatype: float32}
# meta: !!omap
# - {band_name: f_5500_240}
# - {group_name: CTIO}
wavelength response
4680.00000 0.0
5200.00000 0.00222346
5202.00000 0.00222222
5204.00000 0.00222469
5206.00000 0.00222841
5208.00000 0.00279018
5210.00000 0.00279955
5212.00000 0.00279799
5214.00000 0.00280741
5216.00000 0.00280741
5218.00000 0.003386
5220.00000 0.00338409
5222.00000 0.00338792
5224.00000 0.00339943
5226.00000 0.00395704
5228.00000 0.00339559
5230.00000 0.00339943
5232.00000 0.00396152
5234.00000 0.0045403
5236.00000 0.00455063
5238.00000 0.0039818
5240.00000 0.0045636
5242.00000 0.00457143
5244.00000 0.00457404
5246.00000 0.00514874
5248.00000 0.00574053
5250.00000 0.00574382
5252.00000 0.00634006
5254.00000 0.00632911
5256.00000 0.00691244
5258.00000 0.00635104
5260.00000 0.00694043
5262.00000 0.0075188
5264.00000 0.00755814
5266.00000 0.00755814
5268.00000 0.00814901
5270.00000 0.00877193
5272.00000 0.0087668
5274.00000 0.00879765
5276.00000 0.00939518
5278.00000 0.0094007
5280.00000 0.0100354
5282.00000 0.0106195
5284.00000 0.0112426
5286.00000 0.0112693
5288.00000 0.0118977
5290.00000 0.01315
5292.00000 0.0137395
5294.00000 0.0144058
5296.00000 0.015015
5298.00000 0.0156532
5300.00000 0.0163043
5302.00000 0.0175545
5304.00000 0.0187993
5306.00000 0.0194529
5308.00000 0.0202082
5310.00000 0.0214067
5312.00000 0.0220723
5314.00000 0.0233272
5316.00000 0.025293
5318.00000 0.0264778
5320.00000 0.028483
5322.00000 0.0298507
5324.00000 0.0318352
5326.00000 0.0343965
5328.00000 0.0364093
5330.00000 0.0389937
5332.00000 0.0410872
5334.00000 0.04436
5336.00000 0.047224
5338.00000 0.0509879
5340.00000 0.0543478
5342.00000 0.0577293
5344.00000 0.0617363
5346.00000 0.066366
5348.00000 0.0711054
5350.00000 0.075227
5352.00000 0.0821382
5354.00000 0.0862745
5356.00000 0.0928712
5358.00000 0.0996721
5360.00000 0.107449
5362.00000 0.115079
5364.00000 0.123506
5366.00000 0.134
5368.00000 0.143717
5370.00000 0.155138
5372.00000 0.166667
5374.00000 0.183536
5376.00000 0.195535
5378.00000 0.213751
5380.00000 0.228357
5382.00000 0.246922
5384.00000 0.262509
5386.00000 0.285813
5388.00000 0.304138
5390.00000 0.32687
5392.00000 0.349063
5394.00000 0.372044
5396.00000 0.39413
5398.00000 0.422269
5400.00000 0.442727
5402.00000 0.47454
5404.00000 0.49258
5406.00000 0.521647
5408.00000 0.541963
5410.00000 0.567548
5412.00000 0.582378
5414.00000 0.603015
5416.00000 0.62419
5418.00000 0.643786
5420.00000 0.6582
5422.00000 0.676878
5424.00000 0.691295
5426.00000 0.702564
5428.00000 0.711029
5430.00000 0.71776
5432.00000 0.725794
5434.00000 0.72977
5436.00000 0.735316
5438.00000 0.737313
5440.00000 0.74196
5442.00000 0.740991
5444.00000 0.744713
5446.00000 0.742619
5448.00000 0.744503
5450.00000 0.743531
5452.00000 0.743336
5454.00000 0.740061
5456.00000 0.741366
5458.00000 0.741737
5460.00000 0.739197
5462.00000 0.739366
5464.00000 0.735089
5466.00000 0.738893
5468.00000 0.734009
5470.00000 0.736471
5472.00000 0.729624
5474.00000 0.733858
5476.00000 0.730435
5478.00000 0.733121
5480.00000 0.730952
5482.00000 0.732484
5484.00000 0.726693
5486.00000 0.730769
5488.00000 0.727929
5490.00000 0.730862
5492.00000 0.729773
5494.00000 0.730364
5496.00000 0.730738
5498.00000 0.730675
5500.00000 0.730832
5502.00000 0.731588
5504.00000 0.732348
5506.00000 0.732128
5508.00000 0.730198
5510.00000 0.732837
5512.00000 0.732558
5514.00000 0.733167
5516.00000 0.729392
5518.00000 0.729549
5520.00000 0.731544
5522.00000 0.730478
5524.00000 0.728728
5526.00000 0.730574
5528.00000 0.72758
5530.00000 0.730051
5532.00000 0.72619
5534.00000 0.727195
5536.00000 0.726262
5538.00000 0.724786
5540.00000 0.723842
5542.00000 0.722892
5544.00000 0.720588
5546.00000 0.722222
5548.00000 0.716392
5550.00000 0.716028
5552.00000 0.712664
5554.00000 0.709904
5556.00000 0.70826
5558.00000 0.706866
5560.00000 0.704325
5562.00000 0.701149
5564.00000 0.698582
5566.00000 0.696539
5568.00000 0.694643
5570.00000 0.691347
5572.00000 0.690242
5574.00000 0.683975
5576.00000 0.682839
5578.00000 0.677507
5580.00000 0.675431
5582.00000 0.667273
5584.00000 0.666058
5586.00000 0.658737
5588.00000 0.655046
5590.00000 0.647059
5592.00000 0.641475
5594.00000 0.633581
5596.00000 0.627323
5598.00000 0.615456
5600.00000 0.606909
5602.00000 0.596819
5604.00000 0.585915
5606.00000 0.57533
5608.00000 0.562382
5610.00000 0.549242
5612.00000 0.534663
5614.00000 0.521449
5616.00000 0.506196
5618.00000 0.491866
5620.00000 0.475962
5622.00000 0.458133
5624.00000 0.439614
5626.00000 0.419167
5628.00000 0.400389
5630.00000 0.384016
5632.00000 0.366569
5634.00000 0.346078
5636.00000 0.325787
5638.00000 0.311573
5640.00000 0.295635
5642.00000 0.27877
5644.00000 0.266467
5646.00000 0.248751
5648.00000 0.235944
5650.00000 0.222111
5652.00000 0.20888
5654.00000 0.195542
5656.00000 0.18357
5658.00000 0.171923
5660.00000 0.162245
5662.00000 0.150461
5664.00000 0.140657
5666.00000 0.13299
5668.00000 0.124224
5670.00000 0.117098
5672.00000 0.109148
5674.00000 0.10334
5676.00000 0.0964361
5678.00000 0.092437
5680.00000 0.0864067
5682.00000 0.0813954
5684.00000 0.077577
5686.00000 0.0712766
5688.00000 0.0683761
5690.00000 0.0633047
5692.00000 0.0602151
5694.00000 0.056928
5696.00000 0.052973
5698.00000 0.051087
5700.00000 0.048913
5702.00000 0.0469432
5704.00000 0.0438116
5706.00000 0.0406147
5708.00000 0.0385888
5710.00000 0.0365448
5712.00000 0.0344062
5714.00000 0.032294
5716.00000 0.031355
5718.00000 0.0292135
5720.00000 0.0281532
5722.00000 0.0271186
5724.00000 0.0261067
5726.00000 0.0250569
5728.00000 0.0228571
5730.00000 0.0229095
5732.00000 0.0206897
5734.00000 0.0207852
5736.00000 0.0196759
5738.00000 0.0185615
5740.00000 0.0174419
5742.00000 0.0175234
5744.00000 0.0164512
5746.00000 0.0152941
5748.00000 0.0153664
5750.00000 0.0154211
5752.00000 0.0142518
5754.00000 0.0131265
5756.00000 0.0131737
5758.00000 0.0120192
5760.00000 0.0120627
5762.00000 0.0109091
5764.00000 0.00973236
5766.00000 0.00976801
5768.00000 0.00980392
5770.00000 0.00858896
5772.00000 0.00862069
5774.00000 0.00864198
5776.00000 0.00744417
5778.00000 0.00747198
5780.00000 0.0074813
5782.00000 0.0075188
5784.00000 0.00629723
5786.00000 0.00632111
5788.00000 0.00633714
5790.00000 0.00636132
5792.00000 0.00639386
5794.00000 0.00639386
5796.00000 0.00641849
5798.00000 0.00645161
5800.00000 0.00646831
6380.00000 0.0
