threeML/data/optical_filters/CTIO/CTIO-f_3650_600.ecsv
# %ECSV 0.9
# ---
# datatype:
# - {name: wavelength, unit: Angstrom, datatype: float32}
# - {name: response, datatype: float32}
# meta: !!omap
# - {band_name: f_3650_600}
# - {group_name: CTIO}
wavelength response
2970.00000 0.0
3300.00000 0.00394
3302.00000 0.00436
3304.00000 0.0039
3306.00000 0.00431
3308.00000 0.00425
3310.00000 0.00423
3312.00000 0.00419
3314.00000 0.00416
3316.00000 0.00414
3318.00000 0.00492
3320.00000 0.00488
3322.00000 0.00485
3324.00000 0.00481
3326.00000 0.00478
3328.00000 0.00519
3330.00000 0.00514
3332.00000 0.00553
3334.00000 0.00507
3336.00000 0.00587
3338.00000 0.00583
3340.00000 0.00578
3342.00000 0.00573
3344.00000 0.00647
3346.00000 0.00682
3348.00000 0.00714
3350.00000 0.00747
3352.00000 0.00818
3354.00000 0.00848
3356.00000 0.00919
3358.00000 0.00987
3360.00000 0.01053
3362.00000 0.0115
3364.00000 0.01221
3366.00000 0.01366
3368.00000 0.01435
3370.00000 0.01592
3372.00000 0.01789
3374.00000 0.01939
3376.00000 0.02213
3378.00000 0.02436
3380.00000 0.02666
3382.00000 0.0312
3384.00000 0.035
3386.00000 0.04
3388.00000 0.047
3390.00000 0.0547
3392.00000 0.06325
3394.00000 0.0741
3396.00000 0.086
3398.00000 0.1
3400.00000 0.11637
3402.00000 0.13422
3404.00000 0.15379
3406.00000 0.176
3408.00000 0.19789
3410.00000 0.21862
3412.00000 0.23774
3414.00000 0.2549
3416.00000 0.2669
3418.00000 0.27834
3420.00000 0.28343
3422.00000 0.28631
3424.00000 0.28616
3426.00000 0.2838
3428.00000 0.28137
3430.00000 0.27694
3432.00000 0.27388
3434.00000 0.26932
3436.00000 0.26546
3438.00000 0.26169
3440.00000 0.2583
3442.00000 0.25464
3444.00000 0.25335
3446.00000 0.25104
3448.00000 0.2501
3450.00000 0.25
3452.00000 0.24868
3454.00000 0.2497
3456.00000 0.2494
3458.00000 0.2508
3460.00000 0.25079
3462.00000 0.25277
3464.00000 0.25285
3466.00000 0.25517
3468.00000 0.25687
3470.00000 0.25969
3472.00000 0.26074
3474.00000 0.26458
3476.00000 0.26647
3478.00000 0.26936
3480.00000 0.27058
3482.00000 0.27379
3484.00000 0.27523
3486.00000 0.27664
3488.00000 0.2798
3490.00000 0.2797
3492.00000 0.2823
3494.00000 0.28199
3496.00000 0.28512
3498.00000 0.28483
3500.00000 0.28596
3502.00000 0.28547
3504.00000 0.28687
3506.00000 0.28624
3508.00000 0.28717
3510.00000 0.28726
3512.00000 0.28853
3514.00000 0.28744
3516.00000 0.28712
3518.00000 0.28791
3520.00000 0.28849
3522.00000 0.28803
3524.00000 0.28884
3526.00000 0.28838
3528.00000 0.28927
3530.00000 0.28858
3532.00000 0.28974
3534.00000 0.28994
3536.00000 0.29178
3538.00000 0.29123
3540.00000 0.29253
3542.00000 0.29348
3544.00000 0.29406
3546.00000 0.29534
3548.00000 0.29553
3550.00000 0.29659
3552.00000 0.29729
3554.00000 0.29911
3556.00000 0.29912
3558.00000 0.301
3560.00000 0.3024
3562.00000 0.30423
3564.00000 0.30464
3566.00000 0.30631
3568.00000 0.30726
3570.00000 0.30806
3572.00000 0.30894
3574.00000 0.30988
3576.00000 0.31016
3578.00000 0.31203
3580.00000 0.31232
3582.00000 0.31314
3584.00000 0.31373
3586.00000 0.31412
3588.00000 0.3156
3590.00000 0.3155
3592.00000 0.3166
3594.00000 0.3175
3596.00000 0.31797
3598.00000 0.31861
3600.00000 0.31979
3602.00000 0.32142
3604.00000 0.32131
3606.00000 0.32354
3608.00000 0.3218
3610.00000 0.32469
3612.00000 0.32383
3614.00000 0.32557
3616.00000 0.32531
3618.00000 0.32689
3620.00000 0.32682
3622.00000 0.32699
3624.00000 0.32818
3626.00000 0.32855
3628.00000 0.32949
3630.00000 0.32985
3632.00000 0.33087
3634.00000 0.33155
3636.00000 0.33278
3638.00000 0.33202
3640.00000 0.3341
3642.00000 0.33453
3644.00000 0.33628
3646.00000 0.33485
3648.00000 0.33694
3650.00000 0.33634
3652.00000 0.33795
3654.00000 0.33767
3656.00000 0.33914
3658.00000 0.33955
3660.00000 0.34053
3662.00000 0.34026
3664.00000 0.3419
3666.00000 0.34141
3668.00000 0.3428
3670.00000 0.34155
3672.00000 0.34345
3674.00000 0.3432
3676.00000 0.34493
3678.00000 0.34359
3680.00000 0.34516
3682.00000 0.34409
3684.00000 0.34553
3686.00000 0.34483
3688.00000 0.34478
3690.00000 0.3452
3692.00000 0.346
3694.00000 0.34519
3696.00000 0.34563
3698.00000 0.34397
3700.00000 0.34515
3702.00000 0.34461
3704.00000 0.34529
3706.00000 0.345
3708.00000 0.34496
3710.00000 0.34446
3712.00000 0.34418
3714.00000 0.34473
3716.00000 0.34445
3718.00000 0.34381
3720.00000 0.34343
3722.00000 0.34371
3724.00000 0.34367
3726.00000 0.34348
3728.00000 0.34384
3730.00000 0.34446
3732.00000 0.3426
3734.00000 0.34295
3736.00000 0.34187
3738.00000 0.34119
3740.00000 0.34118
3742.00000 0.3401
3744.00000 0.34037
3746.00000 0.33914
3748.00000 0.33913
3750.00000 0.33763
3752.00000 0.33856
3754.00000 0.33933
3756.00000 0.33506
3758.00000 0.33215
3760.00000 0.33281
3762.00000 0.33176
3764.00000 0.32942
3766.00000 0.32891
3768.00000 0.32958
3770.00000 0.32856
3772.00000 0.32459
3774.00000 0.32272
3776.00000 0.32085
3778.00000 0.31918
3780.00000 0.31619
3782.00000 0.31486
3784.00000 0.31356
3786.00000 0.31075
3788.00000 0.30821
3790.00000 0.30611
3792.00000 0.30331
3794.00000 0.30187
3796.00000 0.29786
3798.00000 0.2958
3800.00000 0.29179
3802.00000 0.29002
3804.00000 0.2875
3806.00000 0.28434
3808.00000 0.27915
3810.00000 0.27958
3812.00000 0.27719
3814.00000 0.27432
3816.00000 0.27238
3818.00000 0.26879
3820.00000 0.26699
3822.00000 0.26312
3824.00000 0.26065
3826.00000 0.25918
3828.00000 0.25719
3830.00000 0.25379
3832.00000 0.25134
3834.00000 0.249
3836.00000 0.24759
3838.00000 0.2448
3840.00000 0.24333
3842.00000 0.24099
3844.00000 0.23889
3846.00000 0.23493
3848.00000 0.23336
3850.00000 0.2301
3852.00000 0.2273
3854.00000 0.22367
3856.00000 0.22075
3858.00000 0.21574
3860.00000 0.21286
3862.00000 0.20894
3864.00000 0.20538
3866.00000 0.2008
3868.00000 0.1962
3870.00000 0.19097
3872.00000 0.18627
3874.00000 0.17932
3876.00000 0.17355
3878.00000 0.16791
3880.00000 0.16155
3882.00000 0.15435
3884.00000 0.14682
3886.00000 0.13849
3888.00000 0.13146
3890.00000 0.12365
3892.00000 0.1172
3894.00000 0.10938
3896.00000 0.10184
3898.00000 0.09433
3900.00000 0.08713
3902.00000 0.08061
3904.00000 0.07365
3906.00000 0.06818
3908.00000 0.0626
3910.00000 0.05783
3912.00000 0.05256
3914.00000 0.04848
3916.00000 0.04359
3918.00000 0.04013
3920.00000 0.03578
3922.00000 0.03272
3924.00000 0.02977
3926.00000 0.02702
3928.00000 0.02512
3930.00000 0.02322
3932.00000 0.02103
3934.00000 0.01938
3936.00000 0.01732
3938.00000 0.01577
3940.00000 0.01466
3942.00000 0.01316
3944.00000 0.0121
3946.00000 0.01153
3948.00000 0.01011
3950.00000 0.0096
4345.00000 0.0
