threeML/data/optical_filters/CTIO/CTIO-f_3530_400.ecsv
# %ECSV 0.9
# ---
# datatype:
# - {name: wavelength, unit: Angstrom, datatype: float32}
# - {name: response, datatype: float32}
# meta: !!omap
# - {band_name: f_3530_400}
# - {group_name: CTIO}
wavelength response
2970.00000 0.0
3300.00000 0.001
3302.00000 0.001
3304.00000 0.004
3306.00000 0.004
3308.00000 0.004
3310.00000 0.009
3312.00000 0.004
3314.00000 0.004
3316.00000 0.013
3318.00000 0.013
3320.00000 0.013
3322.00000 0.013
3324.00000 0.017
3326.00000 0.021
3328.00000 0.025
3330.00000 0.034
3332.00000 0.038
3334.00000 0.046
3336.00000 0.054
3338.00000 0.066
3340.00000 0.078
3342.00000 0.089
3344.00000 0.108
3346.00000 0.135
3348.00000 0.164
3350.00000 0.186
3352.00000 0.211
3354.00000 0.231
3356.00000 0.245
3358.00000 0.253
3360.00000 0.262
3362.00000 0.26
3364.00000 0.261
3366.00000 0.258
3368.00000 0.256
3370.00000 0.254
3372.00000 0.251
3374.00000 0.25
3376.00000 0.247
3378.00000 0.248
3380.00000 0.243
3382.00000 0.241
3384.00000 0.244
3386.00000 0.244
3388.00000 0.245
3390.00000 0.245
3392.00000 0.247
3394.00000 0.252
3396.00000 0.247
3398.00000 0.252
3400.00000 0.251
3402.00000 0.259
3404.00000 0.262
3406.00000 0.259
3408.00000 0.26
3410.00000 0.268
3412.00000 0.272
3414.00000 0.272
3416.00000 0.273
3418.00000 0.274
3420.00000 0.275
3422.00000 0.279
3424.00000 0.28
3426.00000 0.279
3428.00000 0.277
3430.00000 0.275
3432.00000 0.277
3434.00000 0.279
3436.00000 0.276
3438.00000 0.277
3440.00000 0.273
3442.00000 0.272
3444.00000 0.273
3446.00000 0.269
3448.00000 0.272
3450.00000 0.27
3452.00000 0.27
3454.00000 0.267
3456.00000 0.268
3458.00000 0.266
3460.00000 0.257
3462.00000 0.262
3464.00000 0.26
3466.00000 0.259
3468.00000 0.257
3470.00000 0.259
3472.00000 0.265
3474.00000 0.257
3476.00000 0.259
3478.00000 0.256
3480.00000 0.253
3482.00000 0.256
3484.00000 0.252
3486.00000 0.253
3488.00000 0.251
3490.00000 0.252
3492.00000 0.245
3494.00000 0.248
3496.00000 0.24
3498.00000 0.243
3500.00000 0.242
3502.00000 0.24
3504.00000 0.242
3506.00000 0.237
3508.00000 0.242
3510.00000 0.237
3512.00000 0.238
3514.00000 0.236
3516.00000 0.237
3518.00000 0.237
3520.00000 0.233
3522.00000 0.235
3524.00000 0.231
3526.00000 0.233
3528.00000 0.233
3530.00000 0.231
3532.00000 0.232
3534.00000 0.23
3536.00000 0.231
3538.00000 0.225
3540.00000 0.228
3542.00000 0.225
3544.00000 0.226
3546.00000 0.224
3548.00000 0.226
3550.00000 0.227
3552.00000 0.225
3554.00000 0.219
3556.00000 0.223
3558.00000 0.219
3560.00000 0.223
3562.00000 0.221
3564.00000 0.222
3566.00000 0.221
3568.00000 0.22
3570.00000 0.221
3572.00000 0.219
3574.00000 0.222
3576.00000 0.223
3578.00000 0.222
3580.00000 0.224
3582.00000 0.224
3584.00000 0.225
3586.00000 0.221
3588.00000 0.219
3590.00000 0.223
3592.00000 0.227
3594.00000 0.223
3596.00000 0.225
3598.00000 0.226
3600.00000 0.228
3602.00000 0.226
3604.00000 0.222
3606.00000 0.236
3608.00000 0.235
3610.00000 0.217
3612.00000 0.231
3614.00000 0.229
3616.00000 0.227
3618.00000 0.232
3620.00000 0.229
3622.00000 0.234
3624.00000 0.234
3626.00000 0.23
3628.00000 0.229
3630.00000 0.217
3632.00000 0.23
3634.00000 0.227
3636.00000 0.23
3638.00000 0.229
3640.00000 0.226
3642.00000 0.224
3644.00000 0.223
3646.00000 0.222
3648.00000 0.22
3650.00000 0.219
3652.00000 0.215
3654.00000 0.212
3656.00000 0.213
3658.00000 0.212
3660.00000 0.207
3662.00000 0.206
3664.00000 0.208
3666.00000 0.203
3668.00000 0.201
3670.00000 0.2
3672.00000 0.199
3674.00000 0.196
3676.00000 0.197
3678.00000 0.193
3680.00000 0.195
3682.00000 0.191
3684.00000 0.191
3686.00000 0.189
3688.00000 0.19
3690.00000 0.191
3692.00000 0.19
3694.00000 0.191
3696.00000 0.19
3698.00000 0.194
3700.00000 0.19
3702.00000 0.189
3704.00000 0.19
3706.00000 0.193
3708.00000 0.191
3710.00000 0.191
3712.00000 0.191
3714.00000 0.191
3716.00000 0.189
3718.00000 0.188
3720.00000 0.188
3722.00000 0.181
3724.00000 0.177
3726.00000 0.17
3728.00000 0.16
3730.00000 0.151
3732.00000 0.138
3734.00000 0.124
3736.00000 0.111
3738.00000 0.102
3740.00000 0.091
3742.00000 0.08
3744.00000 0.07
3746.00000 0.062
3748.00000 0.053
3750.00000 0.047
3752.00000 0.041
3754.00000 0.035
3756.00000 0.031
3758.00000 0.027
3760.00000 0.024
3762.00000 0.022
3764.00000 0.018
3766.00000 0.016
3768.00000 0.014
3770.00000 0.012
3772.00000 0.011
3774.00000 0.01
3776.00000 0.008
3778.00000 0.008
3780.00000 0.007
3782.00000 0.006
3784.00000 0.005
3786.00000 0.005
3788.00000 0.004
3790.00000 0.003
3792.00000 0.003
3794.00000 0.003
3796.00000 0.002
3798.00000 0.002
3800.00000 0.002
4180.00000 0.0
