threeML/data/optical_filters/CTIO/CTIO-f_6560_900.ecsv
# %ECSV 0.9
# ---
# datatype:
# - {name: wavelength, unit: Angstrom, datatype: float32}
# - {name: response, datatype: float32}
# meta: !!omap
# - {band_name: f_6560_900}
# - {group_name: CTIO}
wavelength response
5355.00000 0.0
5950.00000 0.0135
5960.00000 0.0193
5970.00000 0.0309
5980.00000 0.0447
5990.00000 0.0736
6000.00000 0.103
6010.00000 0.1673
6020.00000 0.2218
6030.00000 0.294
6040.00000 0.3876
6050.00000 0.4933
6060.00000 0.5973
6070.00000 0.7251
6080.00000 0.8218
6090.00000 0.8947
6100.00000 0.9186
6110.00000 0.916
6120.00000 0.9153
6130.00000 0.9172
6140.00000 0.9128
6150.00000 0.9168
6160.00000 0.9101
6170.00000 0.9046
6180.00000 0.893
6190.00000 0.8723
6200.00000 0.8644
6210.00000 0.9379
6220.00000 0.8274
6230.00000 0.8224
6240.00000 0.8037
6250.00000 0.8314
6260.00000 0.82
6270.00000 0.8454
6280.00000 0.859
6290.00000 0.8947
6300.00000 0.862
6310.00000 0.875
6320.00000 0.8914
6330.00000 0.875
6340.00000 0.8953
6350.00000 0.9053
6360.00000 0.8721
6370.00000 0.874
6380.00000 0.9134
6390.00000 0.8995
6400.00000 0.9194
6410.00000 0.925
6420.00000 0.9021
6430.00000 0.916
6440.00000 0.9169
6450.00000 0.9206
6460.00000 0.9198
6470.00000 0.9114
6480.00000 0.9134
6490.00000 0.8932
6500.00000 0.9034
6510.00000 0.893
6520.00000 0.8914
6530.00000 0.8969
6540.00000 0.9443
6550.00000 0.9495
6560.00000 0.9457
6570.00000 0.8795
6580.00000 0.8992
6590.00000 0.8982
6600.00000 0.9056
6610.00000 0.8997
6620.00000 0.9054
6630.00000 0.9025
6640.00000 0.9112
6650.00000 0.9016
6660.00000 0.9055
6670.00000 0.9038
6680.00000 0.903
6690.00000 0.9079
6700.00000 0.9
6710.00000 0.8977
6720.00000 0.8991
6730.00000 0.899
6740.00000 0.8949
6750.00000 0.8988
6760.00000 0.8912
6770.00000 0.8874
6780.00000 0.8792
6790.00000 0.866
6800.00000 0.8652
6810.00000 0.8675
6820.00000 0.8333
6830.00000 0.8207
6840.00000 0.8182
6850.00000 0.8033
6860.00000 0.7931
6870.00000 0.7925
6880.00000 0.7868
6890.00000 0.7722
6900.00000 0.7579
6910.00000 0.71
6920.00000 0.6436
6930.00000 0.5699
6940.00000 0.4975
6950.00000 0.4194
6960.00000 0.3506
6970.00000 0.2918
6980.00000 0.2317
6990.00000 0.1931
7000.00000 0.1601
7700.00000 0.0
