threeML/data/optical_filters/CTIO/CTIO-f_4845_65.ecsv
# %ECSV 0.9
# ---
# datatype:
# - {name: wavelength, unit: Angstrom, datatype: float32}
# - {name: response, datatype: float32}
# meta: !!omap
# - {band_name: f_4845_65}
# - {group_name: CTIO}
wavelength response
4275.00000 0.0
4750.00000 0.000586396
4752.00000 0.000586281
4754.00000 0.00078125
4756.00000 0.000976562
4758.00000 0.00117256
4760.00000 0.00117187
4762.00000 0.0017537
4764.00000 0.00194818
4766.00000 0.00233327
4768.00000 0.00291375
4770.00000 0.00349786
4772.00000 0.00446429
4774.00000 0.00524272
4776.00000 0.00639287
4778.00000 0.00698351
4780.00000 0.0087108
4782.00000 0.00984936
4784.00000 0.0125652
4786.00000 0.015055
4788.00000 0.0190715
4790.00000 0.0232827
4792.00000 0.0294287
4794.00000 0.0363392
4796.00000 0.0454894
4798.00000 0.0575484
4800.00000 0.0741806
4802.00000 0.0929475
4804.00000 0.119877
4806.00000 0.148566
4808.00000 0.188539
4810.00000 0.233664
4812.00000 0.302828
4814.00000 0.364295
4816.00000 0.433149
4818.00000 0.492179
4820.00000 0.548381
4822.00000 0.589939
4824.00000 0.62243
4826.00000 0.643687
4828.00000 0.660327
4830.00000 0.67395
4832.00000 0.683871
4834.00000 0.693081
4836.00000 0.702237
4838.00000 0.711848
4840.00000 0.719152
4842.00000 0.726017
4844.00000 0.730318
4846.00000 0.732336
4848.00000 0.732362
4850.00000 0.731468
4852.00000 0.726397
4854.00000 0.721058
4856.00000 0.715257
4858.00000 0.7082
4860.00000 0.701186
4862.00000 0.69665
4864.00000 0.694031
4866.00000 0.691453
4868.00000 0.689311
4870.00000 0.686396
4872.00000 0.676868
4874.00000 0.65791
4876.00000 0.630622
4878.00000 0.585019
4880.00000 0.531577
4882.00000 0.466579
4884.00000 0.398507
4886.00000 0.324385
4888.00000 0.260748
4890.00000 0.199665
4892.00000 0.156337
4894.00000 0.120468
4896.00000 0.0930189
4898.00000 0.0738131
4900.00000 0.0606341
4902.00000 0.0476367
4904.00000 0.0388745
4906.00000 0.0310651
4908.00000 0.0255225
4910.00000 0.0210682
4912.00000 0.0171587
4914.00000 0.0134562
4916.00000 0.0116129
4918.00000 0.00976419
4920.00000 0.00774051
4922.00000 0.0066213
4924.00000 0.00605949
4926.00000 0.00494505
4928.00000 0.00402414
4930.00000 0.00383072
4932.00000 0.00328228
4934.00000 0.00218699
4936.00000 0.00218699
4938.00000 0.00163934
4940.00000 0.00163636
4942.00000 0.0010917
4944.00000 0.0010921
4946.00000 0.00090876
4948.00000 0.000544662
4950.00000 0.0
