threeML/data/optical_filters/CTIO/CTIO-f_5040_990.ecsv
# %ECSV 0.9
# ---
# datatype:
# - {name: wavelength, unit: Angstrom, datatype: float32}
# - {name: response, datatype: float32}
# meta: !!omap
# - {band_name: f_5040_990}
# - {group_name: CTIO}
wavelength response
3960.00000 0.0
4400.00000 0.001
4405.00000 0.001
4410.00000 0.002
4415.00000 0.003
4420.00000 0.005
4425.00000 0.007
4430.00000 0.01
4435.00000 0.014
4440.00000 0.02
4445.00000 0.027
4450.00000 0.035
4455.00000 0.046
4460.00000 0.058
4465.00000 0.071
4470.00000 0.087
4475.00000 0.105
4480.00000 0.123
4485.00000 0.145
4490.00000 0.167
4495.00000 0.189
4500.00000 0.215
4505.00000 0.24
4510.00000 0.265
4515.00000 0.291
4520.00000 0.317
4525.00000 0.344
4530.00000 0.37
4535.00000 0.395
4540.00000 0.42
4545.00000 0.444
4550.00000 0.468
4555.00000 0.49
4560.00000 0.512
4565.00000 0.533
4570.00000 0.553
4575.00000 0.572
4580.00000 0.59
4585.00000 0.607
4590.00000 0.623
4595.00000 0.639
4600.00000 0.653
4605.00000 0.665
4610.00000 0.677
4615.00000 0.689
4620.00000 0.7
4625.00000 0.711
4630.00000 0.722
4635.00000 0.732
4640.00000 0.74
4645.00000 0.749
4650.00000 0.758
4655.00000 0.765
4660.00000 0.773
4665.00000 0.779
4670.00000 0.786
4675.00000 0.792
4680.00000 0.798
4685.00000 0.803
4690.00000 0.808
4695.00000 0.812
4700.00000 0.817
4705.00000 0.821
4710.00000 0.825
4715.00000 0.828
4720.00000 0.832
4725.00000 0.835
4730.00000 0.838
4735.00000 0.841
4740.00000 0.844
4745.00000 0.846
4750.00000 0.849
4755.00000 0.851
4760.00000 0.853
4765.00000 0.855
4770.00000 0.857
4775.00000 0.859
4780.00000 0.861
4785.00000 0.863
4790.00000 0.864
4795.00000 0.866
4800.00000 0.867
4805.00000 0.868
4810.00000 0.87
4815.00000 0.871
4820.00000 0.872
4825.00000 0.873
4830.00000 0.874
4835.00000 0.875
4840.00000 0.875
4845.00000 0.876
4850.00000 0.877
4855.00000 0.878
4860.00000 0.878
4865.00000 0.879
4870.00000 0.879
4875.00000 0.88
4880.00000 0.88
4885.00000 0.881
4890.00000 0.881
4895.00000 0.882
4900.00000 0.882
4905.00000 0.882
4910.00000 0.882
4915.00000 0.882
4920.00000 0.882
4925.00000 0.882
4930.00000 0.882
4935.00000 0.882
4940.00000 0.882
4945.00000 0.882
4950.00000 0.882
4955.00000 0.882
4960.00000 0.881
4965.00000 0.881
4970.00000 0.881
4975.00000 0.88
4980.00000 0.88
4985.00000 0.879
4990.00000 0.879
4995.00000 0.878
5000.00000 0.878
5005.00000 0.877
5010.00000 0.876
5015.00000 0.875
5020.00000 0.875
5025.00000 0.874
5030.00000 0.873
5035.00000 0.872
5040.00000 0.871
5045.00000 0.87
5050.00000 0.869
5055.00000 0.868
5060.00000 0.866
5065.00000 0.865
5070.00000 0.864
5075.00000 0.862
5080.00000 0.861
5085.00000 0.859
5090.00000 0.858
5095.00000 0.856
5100.00000 0.855
5105.00000 0.853
5110.00000 0.851
5115.00000 0.849
5120.00000 0.847
5125.00000 0.845
5130.00000 0.843
5135.00000 0.841
5140.00000 0.839
5145.00000 0.837
5150.00000 0.834
5155.00000 0.832
5160.00000 0.829
5165.00000 0.827
5170.00000 0.824
5175.00000 0.822
5180.00000 0.819
5185.00000 0.816
5190.00000 0.813
5195.00000 0.81
5200.00000 0.807
5205.00000 0.804
5210.00000 0.801
5215.00000 0.798
5220.00000 0.795
5225.00000 0.791
5230.00000 0.788
5235.00000 0.784
5240.00000 0.781
5245.00000 0.777
5250.00000 0.773
5255.00000 0.77
5260.00000 0.766
5265.00000 0.762
5270.00000 0.758
5275.00000 0.754
5280.00000 0.75
5285.00000 0.745
5290.00000 0.741
5295.00000 0.736
5300.00000 0.732
5305.00000 0.727
5310.00000 0.722
5315.00000 0.717
5320.00000 0.712
5325.00000 0.707
5330.00000 0.702
5335.00000 0.697
5340.00000 0.692
5345.00000 0.686
5350.00000 0.681
5355.00000 0.675
5360.00000 0.67
5365.00000 0.664
5370.00000 0.659
5375.00000 0.653
5380.00000 0.647
5385.00000 0.641
5390.00000 0.635
5395.00000 0.629
5400.00000 0.623
5405.00000 0.617
5410.00000 0.611
5415.00000 0.604
5420.00000 0.598
5425.00000 0.591
5430.00000 0.585
5435.00000 0.579
5440.00000 0.572
5445.00000 0.565
5450.00000 0.559
5455.00000 0.552
5460.00000 0.545
5465.00000 0.538
5470.00000 0.532
5475.00000 0.526
5480.00000 0.519
5485.00000 0.512
5490.00000 0.505
5495.00000 0.498
5500.00000 0.491
5505.00000 0.483
5510.00000 0.476
5515.00000 0.469
5520.00000 0.461
5525.00000 0.454
5530.00000 0.446
5535.00000 0.439
5540.00000 0.432
5545.00000 0.424
5550.00000 0.417
5555.00000 0.41
5560.00000 0.402
5565.00000 0.395
5570.00000 0.388
5575.00000 0.38
5580.00000 0.373
5585.00000 0.366
5590.00000 0.359
5595.00000 0.352
5600.00000 0.344
5605.00000 0.337
5610.00000 0.33
5615.00000 0.323
5620.00000 0.316
5625.00000 0.31
5630.00000 0.303
5635.00000 0.296
5640.00000 0.289
5645.00000 0.282
5650.00000 0.275
5655.00000 0.269
5660.00000 0.262
5665.00000 0.256
5670.00000 0.249
5675.00000 0.243
5680.00000 0.237
5685.00000 0.231
5690.00000 0.226
5695.00000 0.219
5700.00000 0.213
5705.00000 0.208
5710.00000 0.202
5715.00000 0.196
5720.00000 0.19
5725.00000 0.185
5730.00000 0.179
5735.00000 0.173
5740.00000 0.168
5745.00000 0.162
5750.00000 0.157
5755.00000 0.152
5760.00000 0.147
5765.00000 0.142
5770.00000 0.138
5775.00000 0.133
5780.00000 0.129
5785.00000 0.124
5790.00000 0.12
5795.00000 0.115
5800.00000 0.111
5805.00000 0.107
5810.00000 0.103
5815.00000 0.1
5820.00000 0.096
5825.00000 0.092
5830.00000 0.089
5835.00000 0.085
5840.00000 0.082
5845.00000 0.079
5850.00000 0.076
5855.00000 0.073
5860.00000 0.07
5865.00000 0.067
5870.00000 0.064
5875.00000 0.061
5880.00000 0.059
5885.00000 0.056
5890.00000 0.054
5895.00000 0.051
5900.00000 0.049
5905.00000 0.047
5910.00000 0.045
5915.00000 0.043
5920.00000 0.041
5925.00000 0.039
5930.00000 0.037
5935.00000 0.036
5940.00000 0.034
5945.00000 0.032
5950.00000 0.031
5955.00000 0.029
5960.00000 0.028
5965.00000 0.026
5970.00000 0.025
5975.00000 0.023
5980.00000 0.022
5985.00000 0.021
5990.00000 0.02
5995.00000 0.019
6000.00000 0.018
6005.00000 0.017
6010.00000 0.016
6015.00000 0.015
6020.00000 0.014
6025.00000 0.013
6030.00000 0.013
6035.00000 0.012
6040.00000 0.011
6045.00000 0.011
6050.00000 0.01
6055.00000 0.009
6060.00000 0.009
6065.00000 0.008
6070.00000 0.008
6075.00000 0.007
6080.00000 0.007
6085.00000 0.006
6090.00000 0.006
6095.00000 0.006
6100.00000 0.005
6105.00000 0.005
6110.00000 0.005
6115.00000 0.004
6120.00000 0.004
6125.00000 0.004
6130.00000 0.004
6135.00000 0.003
6140.00000 0.003
6145.00000 0.003
6150.00000 0.003
6155.00000 0.002
6160.00000 0.002
6165.00000 0.002
6170.00000 0.002
6175.00000 0.002
6180.00000 0.002
6185.00000 0.002
6190.00000 0.001
6195.00000 0.001
6200.00000 0.001
6205.00000 0.001
6210.00000 0.001
6215.00000 0.001
6220.00000 0.001
6225.00000 0.001
6230.00000 0.001
6235.00000 0.001
6240.00000 0.001
6245.00000 0.001
6250.00000 0.001
6255.00000 0.001
6260.00000 0.0
