threeML/data/optical_filters/CTIO/CTIO-f_4650_190.ecsv
# %ECSV 0.9
# ---
# datatype:
# - {name: wavelength, unit: Angstrom, datatype: float32}
# - {name: response, datatype: float32}
# meta: !!omap
# - {band_name: f_4650_190}
# - {group_name: CTIO}
wavelength response
3978.00000 0.0
4420.00000 0.000774593
4422.00000 0.00154559
4424.00000 0.00153846
4426.00000 0.0015361
4428.00000 0.00153139
4430.00000 0.00152672
4432.00000 0.00152439
4434.00000 0.00152091
4436.00000 0.0015163
4438.00000 0.00151515
4440.00000 0.00225564
4442.00000 0.00224719
4444.00000 0.00225056
4446.00000 0.00230769
4448.00000 0.00223214
4450.00000 0.00222552
4452.00000 0.00226929
4454.00000 0.00226415
4456.00000 0.00222883
4458.00000 0.00296956
4460.00000 0.00296077
4462.00000 0.00369004
4464.00000 0.00367918
4466.00000 0.00366838
4468.00000 0.00438917
4470.00000 0.0043956
4472.00000 0.0036523
4474.00000 0.00436364
4476.00000 0.00362319
4478.00000 0.00433526
4480.00000 0.00576784
4482.00000 0.00935252
4484.00000 0.00933238
4486.00000 0.00999286
4488.00000 0.00926586
4490.00000 0.00852879
4492.00000 0.00779037
4494.00000 0.00709723
4496.00000 0.00708717
4498.00000 0.00919378
4500.00000 0.0126761
4502.00000 0.016795
4504.00000 0.020979
4506.00000 0.0237099
4508.00000 0.0208914
4510.00000 0.0229326
4512.00000 0.020097
4514.00000 0.0186464
4516.00000 0.0192705
4518.00000 0.0185185
4520.00000 0.0253598
4522.00000 0.0287474
4524.00000 0.0381992
4526.00000 0.0470027
4528.00000 0.0563094
4530.00000 0.0609756
4532.00000 0.0560811
4534.00000 0.0579515
4536.00000 0.0566038
4538.00000 0.0566419
4540.00000 0.0698925
4542.00000 0.0704698
4544.00000 0.0944407
4546.00000 0.112
4548.00000 0.133244
4550.00000 0.155275
4552.00000 0.15772
4554.00000 0.172071
4556.00000 0.173052
4558.00000 0.183377
4560.00000 0.196053
4562.00000 0.210768
4564.00000 0.240523
4566.00000 0.253771
4568.00000 0.2845
4570.00000 0.31658
4572.00000 0.345254
4574.00000 0.370443
4576.00000 0.393506
4578.00000 0.412184
4580.00000 0.429313
4582.00000 0.443798
4584.00000 0.459703
4586.00000 0.466966
4588.00000 0.479461
4590.00000 0.487852
4592.00000 0.499043
4594.00000 0.518188
4596.00000 0.522511
4598.00000 0.524444
4600.00000 0.547832
4602.00000 0.55054
4604.00000 0.550982
4606.00000 0.54902
4608.00000 0.547919
4610.00000 0.551226
4612.00000 0.550125
4614.00000 0.550407
4616.00000 0.550625
4618.00000 0.548971
4620.00000 0.54602
4622.00000 0.547826
4624.00000 0.543707
4626.00000 0.546187
4628.00000 0.544892
4630.00000 0.547531
4632.00000 0.548029
4634.00000 0.547869
4636.00000 0.543892
4638.00000 0.540723
4640.00000 0.538838
4642.00000 0.534799
4644.00000 0.537195
4646.00000 0.534997
4648.00000 0.539818
4650.00000 0.537576
4652.00000 0.536644
4654.00000 0.538089
4656.00000 0.530477
4658.00000 0.530157
4660.00000 0.524412
4662.00000 0.518942
4664.00000 0.521948
4666.00000 0.514715
4668.00000 0.513481
4670.00000 0.519449
4672.00000 0.517921
4674.00000 0.521118
4676.00000 0.522282
4678.00000 0.518101
4680.00000 0.517487
4682.00000 0.509781
4684.00000 0.503858
4686.00000 0.495858
4688.00000 0.489663
4690.00000 0.48671
4692.00000 0.48467
4694.00000 0.481481
4696.00000 0.485044
4698.00000 0.485363
4700.00000 0.489461
4702.00000 0.487734
4704.00000 0.490665
4706.00000 0.488928
4708.00000 0.486612
4710.00000 0.484002
4712.00000 0.480814
4714.00000 0.468605
4716.00000 0.466008
4718.00000 0.444573
4720.00000 0.428489
4722.00000 0.410301
4724.00000 0.390977
4726.00000 0.370456
4728.00000 0.372334
4730.00000 0.406106
4732.00000 0.393433
4734.00000 0.387004
4736.00000 0.404707
4738.00000 0.343481
4740.00000 0.327784
4742.00000 0.260172
4744.00000 0.215226
4746.00000 0.212936
4748.00000 0.167533
4750.00000 0.214489
4752.00000 0.197191
4754.00000 0.212192
4756.00000 0.232092
4758.00000 0.222732
4760.00000 0.195715
4762.00000 0.155889
4764.00000 0.127672
4766.00000 0.0926352
4768.00000 0.0736055
4770.00000 0.0579461
4772.00000 0.0474828
4774.00000 0.0548885
4776.00000 0.0657143
4778.00000 0.0758699
4780.00000 0.0883191
4782.00000 0.0866097
4784.00000 0.0784091
4786.00000 0.0544835
4788.00000 0.0544526
4790.00000 0.0385051
4792.00000 0.0277463
4794.00000 0.0209158
4796.00000 0.0169492
4798.00000 0.0168919
4800.00000 0.0174451
4802.00000 0.0213844
4804.00000 0.0253236
4806.00000 0.0314607
4808.00000 0.0331461
4810.00000 0.0275126
4812.00000 0.0241031
4814.00000 0.0184564
4816.00000 0.01566
4818.00000 0.0117515
4820.00000 0.00893855
4822.00000 0.0078125
4824.00000 0.00668151
4826.00000 0.00667408
4828.00000 0.00667037
4830.00000 0.0105732
4832.00000 0.0105556
4834.00000 0.0122087
4836.00000 0.0127565
4838.00000 0.0116408
4840.00000 0.00886427
4842.00000 0.00834724
4844.00000 0.00673023
4846.00000 0.00503637
4848.00000 0.00442233
4850.00000 0.00335008
4852.00000 0.00438837
4854.00000 0.00328587
4856.00000 0.00491535
4858.00000 0.00491535
4860.00000 0.00550055
4862.00000 0.00546448
4864.00000 0.00494777
4866.00000 0.0038525
4868.00000 0.00330943
4870.00000 0.00274725
4872.00000 0.00272183
4874.00000 0.0016331
4876.00000 0.00214823
4878.00000 0.001606
4880.00000 0.00164745
4882.00000 0.00164204
4884.00000 0.00217391
4886.00000 0.0027115
4888.00000 0.00216333
4890.00000 0.00271003
4892.00000 0.0027027
4894.00000 0.00215983
4896.00000 0.0016225
4898.00000 0.00161725
4900.00000 0.00161725
4902.00000 0.00107181
4904.00000 0.00109529
4906.00000 0.00106724
4908.00000 0.00106383
4910.00000 0.0010627
4912.00000 0.000530786
4914.00000 0.00105541
4916.00000 0.00105485
4918.00000 0.00105319
4920.00000 0.00157978
4922.00000 0.00128783
4924.00000 0.00128452
4926.00000 0.0012837
4928.00000 0.001287
4930.00000 0.000641437
4932.00000 0.000641437
4934.00000 0.000641437
4936.00000 0.000640615
4938.00000 0.0
4940.00000 0.000638978
5434.00000 0.0
