threeML/data/optical_filters/CTIO/CTIO-f_3996_1042.ecsv
# %ECSV 0.9
# ---
# datatype:
# - {name: wavelength, unit: Angstrom, datatype: float32}
# - {name: response, datatype: float32}
# meta: !!omap
# - {band_name: f_3996_1042}
# - {group_name: CTIO}
wavelength response
2885.39990 0.0
3206.00000 0.004
3211.00000 0.004
3216.00000 0.006
3221.00000 0.007
3226.00000 0.009
3231.00000 0.011
3236.00000 0.013
3241.00000 0.015
3246.00000 0.018
3251.00000 0.02
3256.00000 0.024
3261.00000 0.027
3266.00000 0.031
3271.00000 0.035
3276.00000 0.04
3281.00000 0.044
3286.00000 0.049
3291.00000 0.054
3296.00000 0.06
3301.00000 0.065
3306.00000 0.071
3311.00000 0.076
3316.00000 0.082
3321.00000 0.089
3326.00000 0.095
3331.00000 0.102
3336.00000 0.109
3341.00000 0.116
3346.00000 0.123
3351.00000 0.131
3356.00000 0.139
3361.00000 0.147
3366.00000 0.154
3371.00000 0.162
3376.00000 0.169
3381.00000 0.177
3386.00000 0.185
3391.00000 0.193
3396.00000 0.2
3401.00000 0.208
3406.00000 0.215
3411.00000 0.223
3416.00000 0.23
3421.00000 0.237
3426.00000 0.245
3431.00000 0.252
3436.00000 0.259
3441.00000 0.266
3446.00000 0.273
3451.00000 0.28
3456.00000 0.287
3461.00000 0.294
3466.00000 0.301
3471.00000 0.307
3476.00000 0.314
3481.00000 0.32
3486.00000 0.327
3491.00000 0.333
3496.00000 0.339
3501.00000 0.346
3506.00000 0.352
3511.00000 0.358
3516.00000 0.364
3521.00000 0.369
3526.00000 0.374
3531.00000 0.379
3536.00000 0.385
3541.00000 0.39
3546.00000 0.396
3551.00000 0.401
3556.00000 0.406
3561.00000 0.412
3566.00000 0.417
3571.00000 0.422
3576.00000 0.427
3581.00000 0.432
3586.00000 0.437
3591.00000 0.441
3596.00000 0.446
3601.00000 0.451
3606.00000 0.455
3611.00000 0.459
3616.00000 0.464
3621.00000 0.468
3626.00000 0.472
3631.00000 0.476
3636.00000 0.48
3641.00000 0.484
3646.00000 0.488
3651.00000 0.492
3656.00000 0.495
3661.00000 0.499
3666.00000 0.503
3671.00000 0.506
3676.00000 0.509
3681.00000 0.513
3686.00000 0.516
3691.00000 0.519
3696.00000 0.523
3701.00000 0.526
3706.00000 0.529
3711.00000 0.532
3716.00000 0.535
3721.00000 0.537
3726.00000 0.54
3731.00000 0.543
3736.00000 0.545
3741.00000 0.548
3746.00000 0.55
3751.00000 0.552
3756.00000 0.554
3761.00000 0.557
3766.00000 0.559
3771.00000 0.561
3776.00000 0.564
3781.00000 0.566
3786.00000 0.568
3791.00000 0.571
3796.00000 0.573
3801.00000 0.576
3806.00000 0.578
3811.00000 0.581
3816.00000 0.583
3821.00000 0.585
3826.00000 0.588
3831.00000 0.59
3836.00000 0.593
3841.00000 0.595
3846.00000 0.598
3851.00000 0.6
3856.00000 0.602
3861.00000 0.604
3866.00000 0.606
3871.00000 0.608
3876.00000 0.61
3881.00000 0.612
3886.00000 0.614
3891.00000 0.616
3896.00000 0.617
3901.00000 0.619
3906.00000 0.62
3911.00000 0.621
3916.00000 0.622
3921.00000 0.623
3926.00000 0.624
3931.00000 0.625
3936.00000 0.626
3941.00000 0.626
3946.00000 0.626
3951.00000 0.627
3956.00000 0.627
3961.00000 0.627
3966.00000 0.627
3971.00000 0.627
3976.00000 0.627
3981.00000 0.627
3986.00000 0.626
3991.00000 0.626
3996.00000 0.625
4001.00000 0.625
4006.00000 0.624
4011.00000 0.624
4016.00000 0.623
4021.00000 0.622
4026.00000 0.621
4031.00000 0.621
4036.00000 0.62
4041.00000 0.619
4046.00000 0.618
4051.00000 0.617
4056.00000 0.617
4061.00000 0.616
4066.00000 0.615
4071.00000 0.614
4076.00000 0.613
4081.00000 0.612
4086.00000 0.611
4091.00000 0.61
4096.00000 0.608
4101.00000 0.607
4106.00000 0.606
4111.00000 0.604
4116.00000 0.602
4121.00000 0.601
4126.00000 0.599
4131.00000 0.597
4136.00000 0.595
4141.00000 0.593
4146.00000 0.592
4151.00000 0.59
4156.00000 0.588
4161.00000 0.586
4166.00000 0.584
4171.00000 0.582
4176.00000 0.58
4181.00000 0.578
4186.00000 0.576
4191.00000 0.573
4196.00000 0.571
4201.00000 0.569
4206.00000 0.566
4211.00000 0.563
4216.00000 0.56
4221.00000 0.557
4226.00000 0.554
4231.00000 0.551
4236.00000 0.548
4241.00000 0.545
4246.00000 0.541
4251.00000 0.538
4256.00000 0.535
4261.00000 0.531
4266.00000 0.528
4271.00000 0.525
4276.00000 0.522
4281.00000 0.518
4286.00000 0.515
4291.00000 0.511
4296.00000 0.508
4301.00000 0.504
4306.00000 0.5
4311.00000 0.496
4316.00000 0.493
4321.00000 0.489
4326.00000 0.485
4331.00000 0.481
4336.00000 0.477
4341.00000 0.473
4346.00000 0.469
4351.00000 0.465
4356.00000 0.461
4361.00000 0.458
4366.00000 0.454
4371.00000 0.45
4376.00000 0.446
4381.00000 0.442
4386.00000 0.439
4391.00000 0.435
4396.00000 0.432
4401.00000 0.428
4406.00000 0.424
4411.00000 0.42
4416.00000 0.416
4421.00000 0.412
4426.00000 0.408
4431.00000 0.403
4436.00000 0.399
4441.00000 0.394
4446.00000 0.389
4451.00000 0.384
4456.00000 0.38
4461.00000 0.374
4466.00000 0.37
4471.00000 0.364
4476.00000 0.359
4481.00000 0.354
4486.00000 0.348
4491.00000 0.343
4496.00000 0.338
4501.00000 0.333
4506.00000 0.328
4511.00000 0.323
4516.00000 0.318
4521.00000 0.313
4526.00000 0.308
4531.00000 0.303
4536.00000 0.298
4541.00000 0.293
4546.00000 0.288
4551.00000 0.283
4556.00000 0.278
4561.00000 0.273
4566.00000 0.267
4571.00000 0.262
4576.00000 0.256
4581.00000 0.251
4586.00000 0.245
4591.00000 0.24
4596.00000 0.234
4601.00000 0.229
4606.00000 0.223
4611.00000 0.218
4616.00000 0.213
4621.00000 0.207
4626.00000 0.201
4631.00000 0.196
4636.00000 0.19
4641.00000 0.184
4646.00000 0.178
4651.00000 0.172
4656.00000 0.166
4661.00000 0.16
4666.00000 0.154
4671.00000 0.149
4676.00000 0.143
4681.00000 0.137
4686.00000 0.132
4691.00000 0.126
4696.00000 0.121
4701.00000 0.115
4706.00000 0.11
4711.00000 0.105
4716.00000 0.1
4721.00000 0.096
4726.00000 0.091
4731.00000 0.087
4736.00000 0.082
4741.00000 0.078
4746.00000 0.074
4751.00000 0.071
4756.00000 0.067
4761.00000 0.064
4766.00000 0.06
4771.00000 0.057
4776.00000 0.054
4781.00000 0.051
4786.00000 0.048
4791.00000 0.046
4796.00000 0.043
4801.00000 0.04
4806.00000 0.038
4811.00000 0.036
4816.00000 0.034
4821.00000 0.032
4826.00000 0.03
4831.00000 0.028
4836.00000 0.027
4841.00000 0.025
4846.00000 0.023
4851.00000 0.022
4856.00000 0.021
4861.00000 0.019
4866.00000 0.018
4871.00000 0.017
4876.00000 0.016
4881.00000 0.015
4886.00000 0.014
4891.00000 0.013
4896.00000 0.012
4901.00000 0.011
4906.00000 0.01
4911.00000 0.01
4916.00000 0.009
4921.00000 0.008
4926.00000 0.008
4931.00000 0.007
4936.00000 0.007
4941.00000 0.007
4946.00000 0.006
4951.00000 0.006
4956.00000 0.005
4961.00000 0.005
4966.00000 0.005
4971.00000 0.005
4976.00000 0.004
4981.00000 0.004
4986.00000 0.004
4991.00000 0.004
4996.00000 0.004
5001.00000 0.003
5501.10010 0.0
