threeML/data/optical_filters/CTIO/CTIO-f_3520_300.ecsv
# %ECSV 0.9
# ---
# datatype:
# - {name: wavelength, unit: Angstrom, datatype: float32}
# - {name: response, datatype: float32}
# meta: !!omap
# - {band_name: f_3520_300}
# - {group_name: CTIO}
wavelength response
2880.00000 0.0
3200.00000 0.00501253
3202.00000 0.00497358
3204.00000 0.00492606
3206.00000 0.00496172
3208.00000 0.00517551
3210.00000 0.00536165
3212.00000 0.00528416
3214.00000 0.00512928
3216.00000 0.00524117
3218.00000 0.00555472
3220.00000 0.00572726
3222.00000 0.00570306
3224.00000 0.00562207
3226.00000 0.00561948
3228.00000 0.00577888
3230.00000 0.00598761
3232.00000 0.00611673
3234.00000 0.00616351
3236.00000 0.00623625
3238.00000 0.00643404
3240.00000 0.00659483
3242.00000 0.00659969
3244.00000 0.00668544
3246.00000 0.00705043
3248.00000 0.00758317
3250.00000 0.00797358
3252.00000 0.00810404
3254.00000 0.00823659
3256.00000 0.00852242
3258.00000 0.00887644
3260.00000 0.00937656
3262.00000 0.0101458
3264.00000 0.0110744
3266.00000 0.0120089
3268.00000 0.0128992
3270.00000 0.0138022
3272.00000 0.0148498
3274.00000 0.0160783
3276.00000 0.0174339
3278.00000 0.0188833
3280.00000 0.0203862
3282.00000 0.021889
3284.00000 0.0234291
3286.00000 0.0251181
3288.00000 0.026938
3290.00000 0.0287945
3292.00000 0.0306906
3294.00000 0.0326379
3296.00000 0.0346736
3298.00000 0.0369025
3300.00000 0.0393334
3302.00000 0.0418713
3304.00000 0.0445551
3306.00000 0.047515
3308.00000 0.0506086
3310.00000 0.0536349
3312.00000 0.0566448
3314.00000 0.0598018
3316.00000 0.0632083
3318.00000 0.0666738
3320.00000 0.0700121
3322.00000 0.0734075
3324.00000 0.0770401
3326.00000 0.0809007
3328.00000 0.0850542
3330.00000 0.089591
3332.00000 0.0943781
3334.00000 0.0991626
3336.00000 0.10374
3338.00000 0.108117
3340.00000 0.112477
3342.00000 0.116893
3344.00000 0.121422
3346.00000 0.126132
3348.00000 0.131038
3350.00000 0.136022
3352.00000 0.14069
3354.00000 0.144952
3356.00000 0.149215
3358.00000 0.153633
3360.00000 0.157978
3362.00000 0.162179
3364.00000 0.166501
3366.00000 0.171151
3368.00000 0.176027
3370.00000 0.181241
3372.00000 0.186976
3374.00000 0.192574
3376.00000 0.197315
3378.00000 0.201536
3380.00000 0.205896
3382.00000 0.210596
3384.00000 0.215691
3386.00000 0.220964
3388.00000 0.225943
3390.00000 0.230716
3392.00000 0.235525
3394.00000 0.240188
3396.00000 0.244534
3398.00000 0.248534
3400.00000 0.252354
3402.00000 0.256263
3404.00000 0.260313
3406.00000 0.264371
3408.00000 0.268499
3410.00000 0.273058
3412.00000 0.277892
3414.00000 0.282325
3416.00000 0.286161
3418.00000 0.289573
3420.00000 0.292819
3422.00000 0.295972
3424.00000 0.298812
3426.00000 0.301625
3428.00000 0.304743
3430.00000 0.307843
3432.00000 0.310792
3434.00000 0.313781
3436.00000 0.316803
3438.00000 0.319799
3440.00000 0.322678
3442.00000 0.325384
3444.00000 0.328119
3446.00000 0.330963
3448.00000 0.333558
3450.00000 0.335687
3452.00000 0.337797
3454.00000 0.340053
3456.00000 0.342032
3458.00000 0.343829
3460.00000 0.34586
3462.00000 0.348121
3464.00000 0.350406
3466.00000 0.352043
3468.00000 0.352597
3470.00000 0.353116
3472.00000 0.354315
3474.00000 0.355556
3476.00000 0.35645
3478.00000 0.3574
3480.00000 0.358827
3482.00000 0.3604
3484.00000 0.361541
3486.00000 0.362161
3488.00000 0.3625
3490.00000 0.363152
3492.00000 0.364613
3494.00000 0.366264
3496.00000 0.367197
3498.00000 0.367528
3500.00000 0.367727
3502.00000 0.367823
3504.00000 0.368003
3506.00000 0.368843
3508.00000 0.370126
3510.00000 0.370816
3512.00000 0.370609
3514.00000 0.370202
3516.00000 0.370117
3518.00000 0.37017
3520.00000 0.370055
3522.00000 0.369486
3524.00000 0.36826
3526.00000 0.366784
3528.00000 0.365546
3530.00000 0.364727
3532.00000 0.364307
3534.00000 0.363792
3536.00000 0.362808
3538.00000 0.361816
3540.00000 0.361311
3542.00000 0.360971
3544.00000 0.360197
3546.00000 0.35886
3548.00000 0.357243
3550.00000 0.355546
3552.00000 0.353712
3554.00000 0.352149
3556.00000 0.351493
3558.00000 0.351022
3560.00000 0.349771
3562.00000 0.348207
3564.00000 0.346803
3566.00000 0.345288
3568.00000 0.343368
3570.00000 0.341125
3572.00000 0.339086
3574.00000 0.337529
3576.00000 0.335851
3578.00000 0.333342
3580.00000 0.330419
3582.00000 0.327887
3584.00000 0.325588
3586.00000 0.323259
3588.00000 0.3211
3590.00000 0.318746
3592.00000 0.315604
3594.00000 0.312015
3596.00000 0.308858
3598.00000 0.306293
3600.00000 0.303782
3602.00000 0.30132
3604.00000 0.299125
3606.00000 0.296758
3608.00000 0.293903
3610.00000 0.29071
3612.00000 0.28735
3614.00000 0.283935
3616.00000 0.280368
3618.00000 0.276486
3620.00000 0.272429
3622.00000 0.26848
3624.00000 0.264946
3626.00000 0.261952
3628.00000 0.259048
3630.00000 0.255557
3632.00000 0.251669
3634.00000 0.248315
3636.00000 0.245332
3638.00000 0.241827
3640.00000 0.23786
3642.00000 0.23389
3644.00000 0.229916
3646.00000 0.225799
3648.00000 0.221657
3650.00000 0.217646
3652.00000 0.213698
3654.00000 0.209781
3656.00000 0.205923
3658.00000 0.202108
3660.00000 0.198473
3662.00000 0.195171
3664.00000 0.191967
3666.00000 0.18836
3668.00000 0.184183
3670.00000 0.179887
3672.00000 0.175862
3674.00000 0.171786
3676.00000 0.167313
3678.00000 0.162696
3680.00000 0.158344
3682.00000 0.154284
3684.00000 0.15016
3686.00000 0.145769
3688.00000 0.141313
3690.00000 0.136958
3692.00000 0.132694
3694.00000 0.12854
3696.00000 0.12452
3698.00000 0.120627
3700.00000 0.116886
3702.00000 0.113217
3704.00000 0.10947
3706.00000 0.105734
3708.00000 0.102115
3710.00000 0.0985254
3712.00000 0.0949314
3714.00000 0.09137
3716.00000 0.0877608
3718.00000 0.0840902
3720.00000 0.0805276
3722.00000 0.0771718
3724.00000 0.07399
3726.00000 0.070853
3728.00000 0.0676462
3730.00000 0.0645101
3732.00000 0.0616042
3734.00000 0.0588627
3736.00000 0.0562222
3738.00000 0.0536752
3740.00000 0.0511541
3742.00000 0.0486573
3744.00000 0.0462726
3746.00000 0.0439658
3748.00000 0.041662
3750.00000 0.0394221
3752.00000 0.0372962
3754.00000 0.0351994
3756.00000 0.0330234
3758.00000 0.0308109
3760.00000 0.0287504
3762.00000 0.02694
3764.00000 0.0252806
3766.00000 0.0236789
3768.00000 0.0221578
3770.00000 0.0207063
3772.00000 0.0192676
3774.00000 0.0178942
3776.00000 0.0166866
3778.00000 0.015625
3780.00000 0.0146034
3782.00000 0.0136067
3784.00000 0.0127052
3786.00000 0.0118895
3788.00000 0.0111273
3790.00000 0.0103912
3792.00000 0.00960396
3794.00000 0.00875993
3796.00000 0.00792165
3798.00000 0.00714732
3800.00000 0.00645758
3802.00000 0.00581675
3804.00000 0.00522164
3806.00000 0.00472451
3808.00000 0.00437206
3810.00000 0.00410299
3812.00000 0.0037903
3814.00000 0.00344286
3816.00000 0.00316415
3818.00000 0.00299136
3820.00000 0.00289558
3822.00000 0.00281429
3824.00000 0.00267548
3826.00000 0.00247904
3828.00000 0.00229821
3830.00000 0.00217868
3832.00000 0.00211198
3834.00000 0.00205185
3836.00000 0.00193379
3838.00000 0.0017556
3840.00000 0.00158542
3842.00000 0.00146833
3844.00000 0.00139957
3846.00000 0.00135978
3848.00000 0.00133444
3850.00000 0.00131644
3852.00000 0.00127904
3854.00000 0.00117372
3856.00000 0.00103075
3858.00000 0.00096562
3860.00000 0.000988926
3862.00000 0.00100391
3864.00000 0.00100696
3866.00000 0.00102767
3868.00000 0.00100139
3870.00000 0.00092154
3872.00000 0.000895289
3874.00000 0.000939247
3876.00000 0.000943555
3878.00000 0.00088765
3880.00000 0.000877982
3882.00000 0.000952999
3884.00000 0.00104758
3886.00000 0.00111376
3888.00000 0.00112914
3890.00000 0.0010825
3892.00000 0.00103026
3894.00000 0.0010119
3896.00000 0.000951026
3898.00000 0.00078724
3900.00000 0.000573723
4290.00000 0.0
