threeML/data/optical_filters/CTIO/CTIO-f_5118_900.ecsv
# %ECSV 0.9
# ---
# datatype:
# - {name: wavelength, unit: Angstrom, datatype: float32}
# - {name: response, datatype: float32}
# meta: !!omap
# - {band_name: f_5118_900}
# - {group_name: CTIO}
wavelength response
3960.00000 0.0
4400.00000 0.00316957
4405.00000 0.00309384
4410.00000 0.00304678
4415.00000 0.0030344
4420.00000 0.00305365
4425.00000 0.00309758
4430.00000 0.00316035
4435.00000 0.00324008
4440.00000 0.00333914
4445.00000 0.00346248
4450.00000 0.00361547
4455.00000 0.00380195
4460.00000 0.0040235
4465.00000 0.00428081
4470.00000 0.00457683
4475.00000 0.00491967
4480.00000 0.00532208
4485.00000 0.00579763
4490.00000 0.00635624
4495.00000 0.0070026
4500.00000 0.00773783
4505.00000 0.00856263
4510.00000 0.00948026
4515.00000 0.0104979
4520.00000 0.0116253
4525.00000 0.0128711
4530.00000 0.0142383
4535.00000 0.0157222
4540.00000 0.0173124
4545.00000 0.0189987
4550.00000 0.020777
4555.00000 0.0226544
4560.00000 0.0246499
4565.00000 0.0267927
4570.00000 0.0291183
4575.00000 0.0316668
4580.00000 0.0344864
4585.00000 0.0376409
4590.00000 0.0412215
4595.00000 0.0453582
4600.00000 0.0502298
4605.00000 0.0560698
4610.00000 0.063171
4615.00000 0.0718949
4620.00000 0.0826837
4625.00000 0.0960675
4630.00000 0.112659
4635.00000 0.133132
4640.00000 0.158179
4645.00000 0.188429
4650.00000 0.224324
4655.00000 0.265957
4660.00000 0.312933
4665.00000 0.364302
4670.00000 0.418588
4675.00000 0.473902
4680.00000 0.528137
4685.00000 0.579206
4690.00000 0.625302
4695.00000 0.665107
4700.00000 0.697917
4705.00000 0.723659
4710.00000 0.742804
4715.00000 0.75623
4720.00000 0.765067
4725.00000 0.770544
4730.00000 0.773843
4735.00000 0.775964
4740.00000 0.777631
4745.00000 0.779268
4750.00000 0.781035
4755.00000 0.782913
4760.00000 0.784769
4765.00000 0.786417
4770.00000 0.787641
4775.00000 0.788212
4780.00000 0.787894
4785.00000 0.78645
4790.00000 0.783679
4795.00000 0.779454
4800.00000 0.773778
4805.00000 0.766814
4810.00000 0.75887
4815.00000 0.750346
4820.00000 0.741653
4825.00000 0.733144
4830.00000 0.725077
4835.00000 0.717608
4840.00000 0.710803
4845.00000 0.704694
4850.00000 0.699352
4855.00000 0.694954
4860.00000 0.691796
4865.00000 0.690239
4870.00000 0.690588
4875.00000 0.692958
4880.00000 0.697194
4885.00000 0.702875
4890.00000 0.709398
4895.00000 0.716098
4900.00000 0.722379
4905.00000 0.727828
4910.00000 0.732261
4915.00000 0.735684
4920.00000 0.738187
4925.00000 0.739856
4930.00000 0.740741
4935.00000 0.740886
4940.00000 0.740363
4945.00000 0.739299
4950.00000 0.737866
4955.00000 0.736261
4960.00000 0.734684
4965.00000 0.733324
4970.00000 0.732351
4975.00000 0.73192
4980.00000 0.732166
4985.00000 0.733202
4990.00000 0.73511
4995.00000 0.737942
5000.00000 0.741713
5005.00000 0.746391
5010.00000 0.751887
5015.00000 0.758058
5020.00000 0.764721
5025.00000 0.771677
5030.00000 0.778729
5035.00000 0.785679
5040.00000 0.792325
5045.00000 0.798446
5050.00000 0.803807
5055.00000 0.808165
5060.00000 0.811286
5065.00000 0.812957
5070.00000 0.813001
5075.00000 0.811282
5080.00000 0.807728
5085.00000 0.802348
5090.00000 0.795244
5095.00000 0.786599
5100.00000 0.776648
5105.00000 0.765662
5110.00000 0.753944
5115.00000 0.741819
5120.00000 0.729621
5125.00000 0.717661
5130.00000 0.706219
5135.00000 0.695551
5140.00000 0.685897
5145.00000 0.677483
5150.00000 0.670517
5155.00000 0.665176
5160.00000 0.661593
5165.00000 0.659834
5170.00000 0.659892
5175.00000 0.661688
5180.00000 0.665091
5185.00000 0.669935
5190.00000 0.676027
5195.00000 0.683152
5200.00000 0.691074
5205.00000 0.699551
5210.00000 0.708342
5215.00000 0.717227
5220.00000 0.725995
5225.00000 0.734428
5230.00000 0.742269
5235.00000 0.749222
5240.00000 0.754983
5245.00000 0.759314
5250.00000 0.762093
5255.00000 0.763327
5260.00000 0.763099
5265.00000 0.761504
5270.00000 0.758605
5275.00000 0.754442
5280.00000 0.74908
5285.00000 0.742662
5290.00000 0.735431
5295.00000 0.727709
5300.00000 0.719842
5305.00000 0.712146
5310.00000 0.704874
5315.00000 0.698209
5320.00000 0.692295
5325.00000 0.687248
5330.00000 0.683174
5335.00000 0.680162
5340.00000 0.678284
5345.00000 0.677601
5350.00000 0.678158
5355.00000 0.679981
5360.00000 0.683076
5365.00000 0.687412
5370.00000 0.692919
5375.00000 0.699455
5380.00000 0.70679
5385.00000 0.714592
5390.00000 0.722445
5395.00000 0.72987
5400.00000 0.736359
5405.00000 0.741415
5410.00000 0.74461
5415.00000 0.74564
5420.00000 0.744359
5425.00000 0.740764
5430.00000 0.73495
5435.00000 0.727059
5440.00000 0.71726
5445.00000 0.705754
5450.00000 0.692772
5455.00000 0.678576
5460.00000 0.663454
5465.00000 0.647717
5470.00000 0.631691
5475.00000 0.615697
5480.00000 0.60003
5485.00000 0.584919
5490.00000 0.570525
5495.00000 0.556938
5500.00000 0.544205
5505.00000 0.532348
5510.00000 0.521356
5515.00000 0.511167
5520.00000 0.501637
5525.00000 0.492527
5530.00000 0.483519
5535.00000 0.474258
5540.00000 0.464411
5545.00000 0.453701
5550.00000 0.441901
5555.00000 0.428806
5560.00000 0.414221
5565.00000 0.397997
5570.00000 0.38007
5575.00000 0.360502
5580.00000 0.339475
5585.00000 0.317272
5590.00000 0.294246
5595.00000 0.270785
5600.00000 0.247287
5605.00000 0.224137
5610.00000 0.201701
5615.00000 0.180306
5620.00000 0.160222
5625.00000 0.141648
5630.00000 0.124709
5635.00000 0.109456
5640.00000 0.0958814
5645.00000 0.0839275
5650.00000 0.073497
5655.00000 0.0644634
5660.00000 0.0566837
5665.00000 0.0500083
5670.00000 0.0442917
5675.00000 0.0393992
5680.00000 0.0352116
5685.00000 0.0316269
5690.00000 0.0285576
5695.00000 0.0259262
5700.00000 0.0236617
5705.00000 0.0216992
5710.00000 0.0199822
5715.00000 0.0184658
5720.00000 0.017119
5725.00000 0.0159231
5730.00000 0.0148671
5735.00000 0.0139409
5740.00000 0.0131304
5745.00000 0.0124139
5750.00000 0.0117638
5755.00000 0.0111519
5760.00000 0.0105561
5765.00000 0.00996593
5770.00000 0.00938239
5775.00000 0.00881362
5780.00000 0.00826836
5785.00000 0.0077509
5790.00000 0.00725898
5795.00000 0.00678454
5800.00000 0.00631622
6380.00000 0.0
