threeML/data/optical_filters/CTIO/CTIO-f_5380_1000.ecsv
# %ECSV 0.9
# ---
# datatype:
# - {name: wavelength, unit: Angstrom, datatype: float32}
# - {name: response, datatype: float32}
# meta: !!omap
# - {band_name: f_5380_1000}
# - {group_name: CTIO}
wavelength response
4230.00000 0.0
4700.00000 0.00309789
4710.00000 0.00713082
4720.00000 0.0123985
4730.00000 0.0197571
4740.00000 0.0300584
4750.00000 0.0441
4760.00000 0.0625744
4770.00000 0.0860189
4780.00000 0.114762
4790.00000 0.148865
4800.00000 0.188076
4810.00000 0.231807
4820.00000 0.279157
4830.00000 0.328975
4840.00000 0.379961
4850.00000 0.430789
4860.00000 0.480239
4870.00000 0.527302
4880.00000 0.57124
4890.00000 0.611606
4900.00000 0.648216
4910.00000 0.681083
4920.00000 0.710356
4930.00000 0.736257
4940.00000 0.759054
4950.00000 0.779036
4960.00000 0.796506
4970.00000 0.811771
4980.00000 0.825117
4990.00000 0.8368
5000.00000 0.847038
5010.00000 0.856017
5020.00000 0.863897
5030.00000 0.870813
5040.00000 0.876885
5050.00000 0.882218
5060.00000 0.886909
5070.00000 0.891038
5080.00000 0.894663
5090.00000 0.897826
5100.00000 0.900555
5110.00000 0.902876
5120.00000 0.904814
5130.00000 0.906399
5140.00000 0.907668
5150.00000 0.908658
5160.00000 0.909393
5170.00000 0.909887
5180.00000 0.910145
5190.00000 0.910169
5200.00000 0.909967
5210.00000 0.909558
5220.00000 0.908967
5230.00000 0.908213
5240.00000 0.907303
5250.00000 0.906229
5260.00000 0.904983
5270.00000 0.90356
5280.00000 0.90196
5290.00000 0.900183
5300.00000 0.898228
5310.00000 0.896099
5320.00000 0.893802
5330.00000 0.891344
5340.00000 0.888725
5350.00000 0.88593
5360.00000 0.88293
5370.00000 0.879691
5380.00000 0.87619
5390.00000 0.872424
5400.00000 0.868422
5410.00000 0.86423
5420.00000 0.859893
5430.00000 0.855432
5440.00000 0.850846
5450.00000 0.84611
5460.00000 0.841184
5470.00000 0.836028
5480.00000 0.830613
5490.00000 0.82494
5500.00000 0.819044
5510.00000 0.812977
5520.00000 0.806778
5530.00000 0.800455
5540.00000 0.793978
5550.00000 0.787299
5560.00000 0.780363
5570.00000 0.773127
5580.00000 0.765563
5590.00000 0.757661
5600.00000 0.749433
5610.00000 0.740913
5620.00000 0.73215
5630.00000 0.723201
5640.00000 0.714115
5650.00000 0.704914
5660.00000 0.695591
5670.00000 0.686117
5680.00000 0.676465
5690.00000 0.666622
5700.00000 0.656599
5710.00000 0.64642
5720.00000 0.636115
5730.00000 0.625713
5740.00000 0.615244
5750.00000 0.604726
5760.00000 0.59416
5770.00000 0.583532
5780.00000 0.572819
5790.00000 0.561987
5800.00000 0.550988
5810.00000 0.539761
5820.00000 0.528249
5830.00000 0.516422
5840.00000 0.504291
5850.00000 0.491915
5860.00000 0.479395
5870.00000 0.466852
5880.00000 0.4544
5890.00000 0.44212
5900.00000 0.430043
5910.00000 0.418163
5920.00000 0.406454
5930.00000 0.394884
5940.00000 0.383428
5950.00000 0.372064
5960.00000 0.360781
5970.00000 0.349584
5980.00000 0.338502
5990.00000 0.327585
6000.00000 0.316885
6010.00000 0.306435
6020.00000 0.296231
6030.00000 0.286233
6040.00000 0.276377
6050.00000 0.266589
6060.00000 0.256804
6070.00000 0.246974
6080.00000 0.237085
6090.00000 0.227161
6100.00000 0.21727
6110.00000 0.20751
6120.00000 0.197977
6130.00000 0.188739
6140.00000 0.17983
6150.00000 0.171252
6160.00000 0.163001
6170.00000 0.15507
6180.00000 0.147449
6190.00000 0.140123
6200.00000 0.133078
6210.00000 0.126301
6220.00000 0.119787
6230.00000 0.113541
6240.00000 0.107576
6250.00000 0.101905
6260.00000 0.0965323
6270.00000 0.0914406
6280.00000 0.0865978
6290.00000 0.0819619
6300.00000 0.0774874
6310.00000 0.0731328
6320.00000 0.068871
6330.00000 0.0646966
6340.00000 0.0606238
6350.00000 0.0566791
6360.00000 0.0528916
6370.00000 0.0492871
6380.00000 0.0458825
6390.00000 0.0426825
6400.00000 0.0396818
6410.00000 0.0368711
6420.00000 0.0342425
6430.00000 0.0317904
6440.00000 0.029508
6450.00000 0.0273836
6460.00000 0.0254006
6470.00000 0.0235414
6480.00000 0.0217906
6490.00000 0.020136
6500.00000 0.0185682
6510.00000 0.0170815
6520.00000 0.0156785
6530.00000 0.0143708
6540.00000 0.013174
6550.00000 0.0120971
6560.00000 0.011135
6570.00000 0.0102697
6580.00000 0.0094749
6590.00000 0.00872244
6600.00000 0.00798403
7260.00000 0.0
