threeML/data/optical_filters/CTIO/CTIO-f_5100_100.ecsv
# %ECSV 0.9
# ---
# datatype:
# - {name: wavelength, unit: Angstrom, datatype: float32}
# - {name: response, datatype: float32}
# meta: !!omap
# - {band_name: f_5100_100}
# - {group_name: CTIO}
wavelength response
4473.00000 0.0
4970.00000 0.00283286
4972.00000 0.00253566
4974.00000 0.0031211
4976.00000 0.00249454
4978.00000 0.00124649
4980.00000 0.00178094
4982.00000 0.0
4984.00000 0.000615385
4986.00000 0.0
4988.00000 0.0
4990.00000 0.00121139
4992.00000 0.00090307
4994.00000 0.0
4996.00000 0.00121507
4998.00000 0.00151103
5000.00000 0.00092081
5002.00000 0.00185529
5004.00000 0.000611995
5006.00000 0.000615195
5008.00000 0.0
5010.00000 0.00126382
5012.00000 0.00156348
5014.00000 0.0018315
5016.00000 0.00155521
5018.00000 0.000895522
5020.00000 0.00237812
5022.00000 0.00329637
5024.00000 0.00475907
5026.00000 0.00708382
5028.00000 0.00679468
5030.00000 0.00857988
5032.00000 0.0107946
5034.00000 0.0153476
5036.00000 0.0195548
5038.00000 0.0232212
5040.00000 0.0272754
5042.00000 0.0348288
5044.00000 0.0416667
5046.00000 0.053076
5048.00000 0.0651652
5050.00000 0.0821097
5052.00000 0.0967253
5054.00000 0.121484
5056.00000 0.146183
5058.00000 0.170724
5060.00000 0.209492
5062.00000 0.248427
5064.00000 0.296208
5066.00000 0.338297
5068.00000 0.392269
5070.00000 0.427847
5072.00000 0.469833
5074.00000 0.502537
5076.00000 0.527976
5078.00000 0.553828
5080.00000 0.572374
5082.00000 0.587761
5084.00000 0.589928
5086.00000 0.60018
5088.00000 0.602928
5090.00000 0.601419
5092.00000 0.618716
5094.00000 0.602195
5096.00000 0.599355
5098.00000 0.606061
5100.00000 0.597387
5102.00000 0.592308
5104.00000 0.595203
5106.00000 0.594039
5108.00000 0.598222
5110.00000 0.591765
5112.00000 0.581333
5114.00000 0.584416
5116.00000 0.582793
5118.00000 0.579775
5120.00000 0.584564
5122.00000 0.589474
5124.00000 0.566172
5126.00000 0.559719
5128.00000 0.546467
5130.00000 0.522754
5132.00000 0.45741
5134.00000 0.401814
5136.00000 0.355673
5138.00000 0.297018
5140.00000 0.245999
5142.00000 0.192639
5144.00000 0.147867
5146.00000 0.123453
5148.00000 0.100677
5150.00000 0.0780745
5152.00000 0.062137
5154.00000 0.0485664
5156.00000 0.0385407
5158.00000 0.03204
5160.00000 0.0241431
5162.00000 0.0206429
5164.00000 0.0181181
5166.00000 0.0127332
5168.00000 0.00981267
5170.00000 0.00877193
5172.00000 0.00705467
5174.00000 0.00526932
5176.00000 0.00353357
5178.00000 0.00415061
5180.00000 0.00353357
5182.00000 0.00149165
5184.00000 0.00118378
5186.00000 0.0011919
5188.00000 0.000899281
5190.00000 0.000601323
5192.00000 0.00120192
5194.00000 0.000862317
5196.00000 0.000880282
5198.00000 0.00178253
5200.00000 0.00117751
5202.00000 0.0
5204.00000 0.000902527
5206.00000 0.000913798
5208.00000 0.000303767
5210.00000 0.0
5212.00000 0.0
5214.00000 0.000610128
5216.00000 0.0
5218.00000 0.00121988
5220.00000 0.000614439
5222.00000 0.00123954
5224.00000 0.00183486
5226.00000 0.00183262
5228.00000 0.00243383
5230.00000 0.000607164
5753.00000 0.0
