threeML/data/optical_filters/CTIO/CTIO-f_3700_110.ecsv
# %ECSV 0.9
# ---
# datatype:
# - {name: wavelength, unit: Angstrom, datatype: float32}
# - {name: response, datatype: float32}
# meta: !!omap
# - {band_name: f_3700_110}
# - {group_name: CTIO}
wavelength response
3186.00000 0.0
3540.00000 0.00154559
3542.00000 0.00154202
3544.00000 0.00152091
3546.00000 0.00150489
3548.00000 0.00150263
3550.00000 0.00148038
3552.00000 0.00223547
3554.00000 0.00296296
3556.00000 0.00219138
3558.00000 0.00290065
3560.00000 0.00288392
3562.00000 0.0028715
3564.00000 0.00283487
3566.00000 0.00282685
3568.00000 0.00421053
3570.00000 0.00276625
3572.00000 0.0034459
3574.00000 0.00414079
3576.00000 0.00407056
3578.00000 0.00404585
3580.00000 0.00465735
3582.00000 0.00464191
3584.00000 0.0052356
3586.00000 0.00649351
3588.00000 0.0064433
3590.00000 0.00771704
3592.00000 0.00760938
3594.00000 0.00821226
3596.00000 0.00873908
3598.00000 0.0111111
3600.00000 0.0128127
3602.00000 0.0144231
3604.00000 0.0166568
3606.00000 0.0188346
3608.00000 0.0199063
3610.00000 0.0230415
3612.00000 0.0262707
3614.00000 0.0295287
3616.00000 0.0333145
3618.00000 0.0366463
3620.00000 0.0424242
3622.00000 0.0486339
3624.00000 0.0539374
3626.00000 0.0607676
3628.00000 0.0693703
3630.00000 0.0785563
3632.00000 0.0881732
3634.00000 0.0993204
3636.00000 0.111575
3638.00000 0.127593
3640.00000 0.140946
3642.00000 0.15827
3644.00000 0.176768
3646.00000 0.196294
3648.00000 0.217304
3650.00000 0.233186
3652.00000 0.257905
3654.00000 0.279591
3656.00000 0.297297
3658.00000 0.324181
3660.00000 0.341487
3662.00000 0.357075
3664.00000 0.376971
3666.00000 0.388414
3668.00000 0.397454
3670.00000 0.414299
3672.00000 0.426422
3674.00000 0.431628
3676.00000 0.44362
3678.00000 0.45463
3680.00000 0.453425
3682.00000 0.463875
3684.00000 0.460842
3686.00000 0.467147
3688.00000 0.466098
3690.00000 0.467655
3692.00000 0.466459
3694.00000 0.468972
3696.00000 0.469569
3698.00000 0.465844
3700.00000 0.462385
3702.00000 0.464395
3704.00000 0.454038
3706.00000 0.450837
3708.00000 0.445439
3710.00000 0.453311
3712.00000 0.438053
3714.00000 0.433586
3716.00000 0.429309
3718.00000 0.423349
3720.00000 0.414682
3722.00000 0.404346
3724.00000 0.394595
3726.00000 0.380061
3728.00000 0.366641
3730.00000 0.354741
3732.00000 0.340202
3734.00000 0.328486
3736.00000 0.315262
3738.00000 0.301991
3740.00000 0.28739
3742.00000 0.273888
3744.00000 0.259797
3746.00000 0.245595
3748.00000 0.231624
3750.00000 0.216447
3752.00000 0.20277
3754.00000 0.1896
3756.00000 0.175975
3758.00000 0.162693
3760.00000 0.150384
3762.00000 0.138146
3764.00000 0.126425
3766.00000 0.115464
3768.00000 0.106434
3770.00000 0.097312
3772.00000 0.0880163
3774.00000 0.0744358
3776.00000 0.0732297
3778.00000 0.0662568
3780.00000 0.0608519
3782.00000 0.0548495
3784.00000 0.0491531
3786.00000 0.0445251
3788.00000 0.0393959
3790.00000 0.0358073
3792.00000 0.0327497
3794.00000 0.0297062
3796.00000 0.0269923
3798.00000 0.0242656
3800.00000 0.0226043
3802.00000 0.0209125
3804.00000 0.0189095
3806.00000 0.0175659
3808.00000 0.0162297
3810.00000 0.0148976
3812.00000 0.0138975
3814.00000 0.0122888
3816.00000 0.0115889
3818.00000 0.0109589
3820.00000 0.00968816
3822.00000 0.00934579
3824.00000 0.0090009
3826.00000 0.0083682
3828.00000 0.00712166
3830.00000 0.00740083
3832.00000 0.00648203
3834.00000 0.00614574
3836.00000 0.00583601
3838.00000 0.00522648
3840.00000 0.00519181
3842.00000 0.00459638
3844.00000 0.00429553
3846.00000 0.00427838
3848.00000 0.00396601
3850.00000 0.00365785
3852.00000 0.00334728
3854.00000 0.00277778
3856.00000 0.00276014
3858.00000 0.00275027
3860.00000 0.00246103
3862.00000 0.00217155
3864.00000 0.00216743
3866.00000 0.00215285
3868.00000 0.00213961
3870.00000 0.00213904
4257.00000 0.0
