threeML/data/optical_filters/CTIO/CTIO-f_5900_350.ecsv
# %ECSV 0.9
# ---
# datatype:
# - {name: wavelength, unit: Angstrom, datatype: float32}
# - {name: response, datatype: float32}
# meta: !!omap
# - {band_name: f_5900_350}
# - {group_name: CTIO}
wavelength response
5085.00000 0.0
5650.00000 0.00105263
5652.00000 0.00158479
5654.00000 0.0010582
5656.00000 0.00160171
5658.00000 0.001606
5660.00000 0.00161725
5662.00000 0.00216802
5664.00000 0.00217746
5666.00000 0.00219178
5668.00000 0.00274424
5670.00000 0.00276396
5672.00000 0.00276549
5674.00000 0.00277316
5676.00000 0.00334262
5678.00000 0.00335758
5680.00000 0.00450197
5682.00000 0.00452489
5684.00000 0.00565931
5686.00000 0.00568505
5688.00000 0.00683761
5690.00000 0.00744559
5692.00000 0.00806452
5694.00000 0.00864553
5696.00000 0.00980958
5698.00000 0.0110017
5700.00000 0.0122164
5702.00000 0.0134267
5704.00000 0.014637
5706.00000 0.0163934
5708.00000 0.017585
5710.00000 0.0188014
5712.00000 0.0200708
5714.00000 0.0218676
5716.00000 0.0243613
5718.00000 0.0268176
5720.00000 0.0305572
5722.00000 0.0331126
5724.00000 0.0363636
5726.00000 0.0396583
5728.00000 0.0429185
5730.00000 0.0458996
5732.00000 0.0485258
5734.00000 0.0518519
5736.00000 0.0551767
5738.00000 0.0579801
5740.00000 0.0612883
5742.00000 0.0647799
5744.00000 0.0676787
5746.00000 0.0710209
5748.00000 0.0745698
5750.00000 0.0785441
5752.00000 0.0836013
5754.00000 0.0876854
5756.00000 0.0926766
5758.00000 0.0981157
5760.00000 0.104507
5762.00000 0.110164
5764.00000 0.118074
5766.00000 0.125745
5768.00000 0.134219
5770.00000 0.144385
5772.00000 0.156124
5774.00000 0.172297
5776.00000 0.186948
5778.00000 0.201772
5780.00000 0.219713
5782.00000 0.242091
5784.00000 0.263122
5786.00000 0.285913
5788.00000 0.312457
5790.00000 0.341259
5792.00000 0.370344
5794.00000 0.40183
5796.00000 0.434229
5798.00000 0.465627
5800.00000 0.494669
5802.00000 0.526882
5804.00000 0.553145
5806.00000 0.576283
5808.00000 0.595325
5810.00000 0.614599
5812.00000 0.623907
5814.00000 0.634164
5816.00000 0.636966
5818.00000 0.643336
5820.00000 0.641467
5822.00000 0.64141
5824.00000 0.634183
5826.00000 0.631777
5828.00000 0.624339
5830.00000 0.619879
5832.00000 0.610984
5834.00000 0.605991
5836.00000 0.600775
5838.00000 0.596124
5840.00000 0.589744
5842.00000 0.586719
5844.00000 0.581432
5846.00000 0.581673
5848.00000 0.576677
5850.00000 0.576244
5852.00000 0.575243
5854.00000 0.579119
5856.00000 0.579248
5858.00000 0.580937
5860.00000 0.584921
5862.00000 0.584577
5864.00000 0.587354
5866.00000 0.590109
5868.00000 0.592749
5870.00000 0.592905
5872.00000 0.597447
5874.00000 0.596416
5876.00000 0.6
5878.00000 0.597425
5880.00000 0.599826
5882.00000 0.59861
5884.00000 0.597731
5886.00000 0.597539
5888.00000 0.59328
5890.00000 0.591674
5892.00000 0.589286
5894.00000 0.589398
5896.00000 0.582358
5898.00000 0.58167
5900.00000 0.57573
5902.00000 0.573003
5904.00000 0.571033
5906.00000 0.566667
5908.00000 0.561746
5910.00000 0.559099
5912.00000 0.553672
5914.00000 0.550094
5916.00000 0.547958
5918.00000 0.544244
5920.00000 0.538682
5922.00000 0.537944
5924.00000 0.533849
5926.00000 0.531646
5928.00000 0.529873
5930.00000 0.5286
5932.00000 0.527778
5934.00000 0.527473
5936.00000 0.52658
5938.00000 0.526795
5940.00000 0.528455
5942.00000 0.526477
5944.00000 0.527721
5946.00000 0.528986
5948.00000 0.528557
5950.00000 0.529289
5952.00000 0.532139
5954.00000 0.530032
5956.00000 0.532412
5958.00000 0.530351
5960.00000 0.532051
5962.00000 0.534834
5964.00000 0.532397
5966.00000 0.535135
5968.00000 0.535365
5970.00000 0.540749
5972.00000 0.53532
5974.00000 0.537778
5976.00000 0.538548
5978.00000 0.538202
5980.00000 0.53664
5982.00000 0.535918
5984.00000 0.535469
5986.00000 0.535179
5988.00000 0.535424
5990.00000 0.532014
5992.00000 0.530588
5994.00000 0.526564
5996.00000 0.526253
5998.00000 0.521531
6000.00000 0.522316
6002.00000 0.52381
6004.00000 0.517661
6006.00000 0.516564
6008.00000 0.51425
6010.00000 0.512469
6012.00000 0.51189
6014.00000 0.508838
6016.00000 0.50828
6018.00000 0.505777
6020.00000 0.501941
6022.00000 0.500654
6024.00000 0.496063
6026.00000 0.49668
6028.00000 0.490013
6030.00000 0.485944
6032.00000 0.479139
6034.00000 0.47749
6036.00000 0.470027
6038.00000 0.461012
6040.00000 0.453297
6042.00000 0.444138
6044.00000 0.436718
6046.00000 0.423184
6048.00000 0.414326
6050.00000 0.40113
6052.00000 0.392297
6054.00000 0.379458
6056.00000 0.366237
6058.00000 0.353957
6060.00000 0.343478
6062.00000 0.329429
6064.00000 0.319118
6066.00000 0.305638
6068.00000 0.292719
6070.00000 0.281016
6072.00000 0.270677
6074.00000 0.258699
6076.00000 0.24924
6078.00000 0.238168
6080.00000 0.225806
6082.00000 0.215717
6084.00000 0.203101
6086.00000 0.194053
6088.00000 0.183962
6090.00000 0.173776
6092.00000 0.164818
6094.00000 0.1563
6096.00000 0.146302
6098.00000 0.134304
6100.00000 0.121951
6102.00000 0.110016
6104.00000 0.0990099
6106.00000 0.0883333
6108.00000 0.0767947
6110.00000 0.0690236
6112.00000 0.0609137
6114.00000 0.0544218
6116.00000 0.0497427
6118.00000 0.0431034
6120.00000 0.0381283
6122.00000 0.0331588
6124.00000 0.0280702
6126.00000 0.0265487
6128.00000 0.0230906
6130.00000 0.0214669
6132.00000 0.0197842
6134.00000 0.0162749
6136.00000 0.0145719
6138.00000 0.0127971
6140.00000 0.0110294
6142.00000 0.00922509
6144.00000 0.00929368
6146.00000 0.00749064
6148.00000 0.00753296
6150.00000 0.00568182
6152.00000 0.00571429
6154.00000 0.00575816
6156.00000 0.00579151
6158.00000 0.00582524
6160.00000 0.00585938
6162.00000 0.00392157
6164.00000 0.00393701
6166.00000 0.00424628
6168.00000 0.00421941
6170.00000 0.00406504
6787.00000 0.0
