threeML/data/optical_filters/CTIO/CTIO-f_4120_160.ecsv
# %ECSV 0.9
# ---
# datatype:
# - {name: wavelength, unit: Angstrom, datatype: float32}
# - {name: response, datatype: float32}
# meta: !!omap
# - {band_name: f_4120_160}
# - {group_name: CTIO}
wavelength response
3510.00000 0.0
3900.00000 0.00351494
3902.00000 0.00350404
3904.00000 0.00350224
3906.00000 0.003703
3908.00000 0.00421639
3910.00000 0.00471436
3912.00000 0.00497926
3914.00000 0.0050916
3916.00000 0.00512434
3918.00000 0.00511152
3920.00000 0.00507832
3922.00000 0.00505099
3924.00000 0.00485222
3926.00000 0.00453387
3928.00000 0.00469238
3930.00000 0.00534073
3932.00000 0.00589192
3934.00000 0.00616654
3936.00000 0.00628276
3938.00000 0.00631973
3940.00000 0.00648817
3942.00000 0.00693494
3944.00000 0.00738686
3946.00000 0.0076385
3948.00000 0.00774663
3950.00000 0.0077586
3952.00000 0.00789257
3954.00000 0.00829469
3956.00000 0.00869032
3958.00000 0.00905763
3960.00000 0.00957638
3962.00000 0.0101934
3964.00000 0.0110102
3966.00000 0.0119231
3968.00000 0.012714
3970.00000 0.0135812
3972.00000 0.0148262
3974.00000 0.0165101
3976.00000 0.0182955
3978.00000 0.0199092
3980.00000 0.0213754
3982.00000 0.0227381
3984.00000 0.0241885
3986.00000 0.0260384
3988.00000 0.0282263
3990.00000 0.0306466
3992.00000 0.0334565
3994.00000 0.0365655
3996.00000 0.0398168
3998.00000 0.0431721
4000.00000 0.0469337
4002.00000 0.0514634
4004.00000 0.0567137
4006.00000 0.0625521
4008.00000 0.0687901
4010.00000 0.0754461
4012.00000 0.0831485
4014.00000 0.0921356
4016.00000 0.101891
4018.00000 0.112257
4020.00000 0.124023
4022.00000 0.137602
4024.00000 0.152319
4026.00000 0.167541
4028.00000 0.183248
4030.00000 0.200271
4032.00000 0.218955
4034.00000 0.238598
4036.00000 0.25871
4038.00000 0.280248
4040.00000 0.304741
4042.00000 0.331021
4044.00000 0.356952
4046.00000 0.38257
4048.00000 0.407372
4050.00000 0.430985
4052.00000 0.453929
4054.00000 0.475756
4056.00000 0.496186
4058.00000 0.51559
4060.00000 0.534222
4062.00000 0.550831
4064.00000 0.564165
4066.00000 0.575085
4068.00000 0.584396
4070.00000 0.592873
4072.00000 0.600949
4074.00000 0.607347
4076.00000 0.612447
4078.00000 0.616801
4080.00000 0.619461
4082.00000 0.621
4084.00000 0.622999
4086.00000 0.626029
4088.00000 0.629364
4090.00000 0.631644
4092.00000 0.632872
4094.00000 0.634674
4096.00000 0.636356
4098.00000 0.63651
4100.00000 0.636141
4102.00000 0.636111
4104.00000 0.636314
4106.00000 0.637058
4108.00000 0.637977
4110.00000 0.636874
4112.00000 0.63436
4114.00000 0.63424
4116.00000 0.635232
4118.00000 0.633398
4120.00000 0.63036
4122.00000 0.628082
4124.00000 0.625042
4126.00000 0.62165
4128.00000 0.620612
4130.00000 0.620043
4132.00000 0.616834
4134.00000 0.61295
4136.00000 0.610242
4138.00000 0.608645
4140.00000 0.60661
4142.00000 0.603717
4144.00000 0.601509
4146.00000 0.599933
4148.00000 0.599022
4150.00000 0.598096
4152.00000 0.59662
4154.00000 0.595331
4156.00000 0.594254
4158.00000 0.59341
4160.00000 0.591548
4162.00000 0.588752
4164.00000 0.587783
4166.00000 0.588825
4168.00000 0.588842
4170.00000 0.587567
4172.00000 0.585643
4174.00000 0.58172
4176.00000 0.577141
4178.00000 0.573116
4180.00000 0.568478
4182.00000 0.562282
4184.00000 0.554151
4186.00000 0.54431
4188.00000 0.533551
4190.00000 0.521764
4192.00000 0.508102
4194.00000 0.492251
4196.00000 0.473763
4198.00000 0.452892
4200.00000 0.430536
4202.00000 0.406896
4204.00000 0.382887
4206.00000 0.358844
4208.00000 0.334136
4210.00000 0.310535
4212.00000 0.289202
4214.00000 0.2689
4216.00000 0.24896
4218.00000 0.228627
4220.00000 0.208411
4222.00000 0.190019
4224.00000 0.173334
4226.00000 0.157918
4228.00000 0.143788
4230.00000 0.131134
4232.00000 0.11999
4234.00000 0.109912
4236.00000 0.100979
4238.00000 0.093176
4240.00000 0.0859228
4242.00000 0.0790051
4244.00000 0.0726388
4246.00000 0.0670308
4248.00000 0.0620809
4250.00000 0.0574527
4252.00000 0.0530252
4254.00000 0.048945
4256.00000 0.0453155
4258.00000 0.041973
4260.00000 0.0389211
4262.00000 0.0363879
4264.00000 0.034098
4266.00000 0.0317099
4268.00000 0.0294757
4270.00000 0.0274335
4272.00000 0.0254275
4274.00000 0.0235792
4276.00000 0.0220908
4278.00000 0.0208967
4280.00000 0.0196769
4282.00000 0.0185712
4284.00000 0.0176792
4286.00000 0.0166386
4288.00000 0.0155153
4290.00000 0.0146458
4292.00000 0.0139296
4294.00000 0.0131653
4296.00000 0.0123829
4298.00000 0.0116205
4300.00000 0.0109454
4302.00000 0.0104212
4304.00000 0.00991007
4306.00000 0.00938214
4308.00000 0.00898151
4310.00000 0.00866138
4312.00000 0.0083455
4314.00000 0.00802602
4316.00000 0.00766997
4318.00000 0.00727244
4320.00000 0.00685395
4322.00000 0.00645349
4324.00000 0.0060759
4326.00000 0.00578482
4328.00000 0.00563187
4330.00000 0.00556182
4332.00000 0.00543961
4334.00000 0.00519197
4336.00000 0.00488663
4338.00000 0.00456476
4340.00000 0.00431032
4342.00000 0.00417736
4344.00000 0.00404187
4346.00000 0.00381411
4348.00000 0.00359697
4350.00000 0.0034645
4352.00000 0.00339005
4354.00000 0.00328262
4356.00000 0.00307033
4358.00000 0.00286399
4360.00000 0.0027512
4362.00000 0.00269795
4364.00000 0.00273764
4366.00000 0.00281897
4368.00000 0.00277677
4370.00000 0.00266554
4372.00000 0.00259162
4374.00000 0.00254743
4376.00000 0.00246135
4378.00000 0.00234229
4380.00000 0.00226411
4382.00000 0.00214913
4384.00000 0.00201179
4386.00000 0.00193237
4388.00000 0.00189262
4390.00000 0.00187455
4392.00000 0.00186952
4394.00000 0.00187311
4396.00000 0.00188035
4398.00000 0.00188798
4837.79980 0.0
