threeML/data/optical_filters/CTIO/CTIO-f_3085_75.ecsv
# %ECSV 0.9
# ---
# datatype:
# - {name: wavelength, unit: Angstrom, datatype: float32}
# - {name: response, datatype: float32}
# meta: !!omap
# - {band_name: f_3085_75}
# - {group_name: CTIO}
wavelength response
2700.00000 0.0
3000.00000 0.00488865
3002.00000 0.006469
3004.00000 0.00857449
3006.00000 0.0095339
3008.00000 0.0103627
3010.00000 0.0122324
3012.00000 0.0156014
3014.00000 0.0177602
3016.00000 0.0214844
3018.00000 0.025
3020.00000 0.0306367
3022.00000 0.0365682
3024.00000 0.0454335
3026.00000 0.0551217
3028.00000 0.0621034
3030.00000 0.0794434
3032.00000 0.0938865
3034.00000 0.118966
3036.00000 0.143644
3038.00000 0.1762
3040.00000 0.21096
3042.00000 0.249288
3044.00000 0.284628
3046.00000 0.316929
3048.00000 0.337848
3050.00000 0.353617
3052.00000 0.36566
3054.00000 0.372542
3056.00000 0.37007
3058.00000 0.377393
3060.00000 0.37761
3062.00000 0.373044
3064.00000 0.370708
3066.00000 0.36955
3068.00000 0.36296
3070.00000 0.366353
3072.00000 0.368003
3074.00000 0.359157
3076.00000 0.361538
3078.00000 0.35712
3080.00000 0.357967
3082.00000 0.360641
3084.00000 0.357078
3086.00000 0.355917
3088.00000 0.354359
3090.00000 0.352166
3092.00000 0.349898
3094.00000 0.341422
3096.00000 0.34254
3098.00000 0.33688
3100.00000 0.328929
3102.00000 0.322467
3104.00000 0.309753
3106.00000 0.299947
3108.00000 0.277068
3110.00000 0.267466
3112.00000 0.248393
3114.00000 0.226511
3116.00000 0.206473
3118.00000 0.181863
3120.00000 0.159141
3122.00000 0.135167
3124.00000 0.108044
3126.00000 0.0906549
3128.00000 0.0781609
3130.00000 0.0671964
3132.00000 0.0578048
3134.00000 0.047883
3136.00000 0.0422349
3138.00000 0.0360847
3140.00000 0.0307495
3142.00000 0.027027
3144.00000 0.0220892
3146.00000 0.0191747
3148.00000 0.0171394
3150.00000 0.0146675
3152.00000 0.0118694
3154.00000 0.0109354
3156.00000 0.00925212
3158.00000 0.00837617
3160.00000 0.00752587
3162.00000 0.00668896
3164.00000 0.00586725
3166.00000 0.00506146
3168.00000 0.00446269
3170.00000 0.00422238
3172.00000 0.00345364
3174.00000 0.00345423
3176.00000 0.00274443
3178.00000 0.00270362
3180.00000 0.00231405
3182.00000 0.00197857
3184.00000 0.00195822
3186.00000 0.00193548
3188.00000 0.00190446
3190.00000 0.00172198
3192.00000 0.00155279
3194.00000 0.00137531
3196.00000 0.00135583
3198.00000 0.0012003
3200.00000 0.00118413
3520.00000 0.0
