threeML/data/optical_filters/CTIO/CTIO-f_3510_300.ecsv
# %ECSV 0.9
# ---
# datatype:
# - {name: wavelength, unit: Angstrom, datatype: float32}
# - {name: response, datatype: float32}
# meta: !!omap
# - {band_name: f_3510_300}
# - {group_name: CTIO}
wavelength response
2925.00000 0.0
3250.00000 0.0149825
3255.00000 0.0172063
3260.00000 0.0200648
3265.00000 0.023543
3270.00000 0.0272898
3275.00000 0.0310357
3280.00000 0.0347126
3285.00000 0.0383739
3290.00000 0.0422362
3295.00000 0.0465988
3300.00000 0.0515461
3305.00000 0.0568931
3310.00000 0.0625604
3315.00000 0.0688394
3320.00000 0.076
3325.00000 0.0838297
3330.00000 0.0920067
3335.00000 0.100618
3340.00000 0.109713
3345.00000 0.118833
3350.00000 0.127739
3355.00000 0.136971
3360.00000 0.14707
3365.00000 0.157842
3370.00000 0.168578
3375.00000 0.17883
3380.00000 0.188863
3385.00000 0.198938
3390.00000 0.208628
3395.00000 0.217622
3400.00000 0.226499
3405.00000 0.235819
3410.00000 0.245147
3415.00000 0.253831
3420.00000 0.261966
3425.00000 0.269982
3430.00000 0.2779
3435.00000 0.285242
3440.00000 0.291598
3445.00000 0.29713
3450.00000 0.30226
3455.00000 0.307041
3460.00000 0.311322
3465.00000 0.31537
3470.00000 0.31951
3475.00000 0.323418
3480.00000 0.326685
3485.00000 0.329512
3490.00000 0.332226
3495.00000 0.334636
3500.00000 0.336142
3505.00000 0.336496
3510.00000 0.336238
3515.00000 0.335924
3520.00000 0.3354
3525.00000 0.334318
3530.00000 0.332734
3535.00000 0.330966
3540.00000 0.329168
3545.00000 0.327198
3550.00000 0.325029
3555.00000 0.322926
3560.00000 0.320907
3565.00000 0.318569
3570.00000 0.315658
3575.00000 0.312284
3580.00000 0.308498
3585.00000 0.304065
3590.00000 0.298822
3595.00000 0.292975
3600.00000 0.286817
3605.00000 0.280473
3610.00000 0.273932
3615.00000 0.267027
3620.00000 0.259582
3625.00000 0.251692
3630.00000 0.243578
3635.00000 0.235316
3640.00000 0.226877
3645.00000 0.218193
3650.00000 0.209222
3655.00000 0.200021
3660.00000 0.190669
3665.00000 0.181139
3670.00000 0.171397
3675.00000 0.161566
3680.00000 0.151828
3685.00000 0.142165
3690.00000 0.132422
3695.00000 0.122636
3700.00000 0.113043
3705.00000 0.103788
3710.00000 0.0948765
3715.00000 0.0863173
3720.00000 0.0781592
3725.00000 0.0704382
3730.00000 0.0631398
3735.00000 0.0562303
3740.00000 0.0497138
3745.00000 0.0436289
3750.00000 0.0380148
3755.00000 0.0329113
3760.00000 0.0283043
3765.00000 0.0241092
3770.00000 0.0202922
3775.00000 0.0168685
3780.00000 0.0137941
3785.00000 0.0110199
3790.00000 0.00857372
3795.00000 0.00650533
3800.00000 0.00482234
3805.00000 0.00350628
3810.00000 0.00253525
3815.00000 0.0018598
3820.00000 0.00138667
3825.00000 0.00102098
3830.00000 0.000722284
3835.00000 0.000489879
3840.00000 0.000309227
3845.00000 0.000151952
3850.00000 0.0
