threeML/data/optical_filters/CTIO/CTIO-f_5145_80.ecsv
# %ECSV 0.9
# ---
# datatype:
# - {name: wavelength, unit: Angstrom, datatype: float32}
# - {name: response, datatype: float32}
# meta: !!omap
# - {band_name: f_5145_80}
# - {group_name: CTIO}
wavelength response
4527.00000 0.0
5030.00000 0.00116043
5032.00000 0.00174317
5034.00000 0.00116178
5036.00000 0.000872347
5038.00000 0.00116347
5040.00000 0.00145476
5042.00000 0.00174571
5044.00000 0.00174622
5046.00000 0.0017452
5048.00000 0.00232491
5050.00000 0.00145307
5052.00000 0.0017452
5054.00000 0.00232761
5056.00000 0.00232491
5058.00000 0.00290867
5060.00000 0.00291375
5062.00000 0.0034965
5064.00000 0.00349752
5066.00000 0.00350058
5068.00000 0.00408282
5070.00000 0.00466608
5072.00000 0.00524781
5074.00000 0.00584624
5076.00000 0.00701754
5078.00000 0.00818953
5080.00000 0.00936494
5082.00000 0.0111274
5084.00000 0.0117543
5086.00000 0.0135453
5088.00000 0.0164948
5090.00000 0.0209811
5092.00000 0.0281648
5094.00000 0.0367625
5096.00000 0.0474215
5098.00000 0.0638361
5100.00000 0.0822653
5102.00000 0.110116
5104.00000 0.140125
5106.00000 0.181818
5108.00000 0.220096
5110.00000 0.270278
5112.00000 0.318032
5114.00000 0.376612
5116.00000 0.42325
5118.00000 0.472656
5120.00000 0.518196
5122.00000 0.548135
5124.00000 0.5676
5126.00000 0.582805
5128.00000 0.592693
5130.00000 0.599939
5132.00000 0.602661
5134.00000 0.605327
5136.00000 0.607522
5138.00000 0.607522
5140.00000 0.609964
5142.00000 0.609408
5144.00000 0.610824
5146.00000 0.60929
5148.00000 0.609608
5150.00000 0.607795
5152.00000 0.607132
5154.00000 0.607143
5156.00000 0.60409
5158.00000 0.602932
5160.00000 0.600794
5162.00000 0.600429
5164.00000 0.599509
5166.00000 0.598834
5168.00000 0.600246
5170.00000 0.599816
5172.00000 0.59828
5174.00000 0.597602
5176.00000 0.590517
5178.00000 0.580764
5180.00000 0.55984
5182.00000 0.534259
5184.00000 0.491818
5186.00000 0.45241
5188.00000 0.397031
5190.00000 0.355129
5192.00000 0.303124
5194.00000 0.264642
5196.00000 0.214817
5198.00000 0.183794
5200.00000 0.150979
5202.00000 0.124806
5204.00000 0.108041
5206.00000 0.0976976
5208.00000 0.0862123
5210.00000 0.0798254
5212.00000 0.0704489
5214.00000 0.0670199
5216.00000 0.0542902
5218.00000 0.04398
5220.00000 0.0350109
5222.00000 0.0285177
5224.00000 0.0232266
5226.00000 0.0194907
5228.00000 0.0163625
5230.00000 0.0138714
5232.00000 0.0119987
5234.00000 0.0107459
5236.00000 0.00885515
5238.00000 0.00760697
5240.00000 0.00698413
5242.00000 0.00636335
5244.00000 0.00573066
5246.00000 0.00478774
5248.00000 0.00447284
5250.00000 0.00384739
5252.00000 0.00384986
5254.00000 0.00321958
5256.00000 0.00322269
5258.00000 0.00258481
5260.00000 0.00258983
5262.00000 0.0022742
5264.00000 0.00195185
5266.00000 0.00195567
5268.00000 0.00196078
5270.00000 0.00196464
5272.00000 0.00131105
5274.00000 0.00131666
5276.00000 0.00131883
5278.00000 0.00132275
5280.00000 0.00132494
5808.00000 0.0
