threeML/data/optical_filters/CTIO/CTIO-f_6100_100.ecsv
# %ECSV 0.9
# ---
# datatype:
# - {name: wavelength, unit: Angstrom, datatype: float32}
# - {name: response, datatype: float32}
# meta: !!omap
# - {band_name: f_6100_100}
# - {group_name: CTIO}
wavelength response
5364.00000 0.0
5960.00000 0.000814775
5962.00000 0.000816549
5964.00000 0.000819896
5966.00000 0.00110193
5968.00000 0.00110773
5970.00000 0.00111576
5972.00000 0.0011217
5974.00000 0.00113058
5976.00000 0.00142288
5978.00000 0.00114679
5980.00000 0.0017301
5982.00000 0.00174317
5984.00000 0.00175695
5986.00000 0.00205882
5988.00000 0.00237037
5990.00000 0.00238521
5992.00000 0.00270433
5994.00000 0.0030248
5996.00000 0.0036452
5998.00000 0.00429185
6000.00000 0.00463106
6002.00000 0.00496894
6004.00000 0.00594493
6006.00000 0.00692913
6008.00000 0.00759494
6010.00000 0.00828817
6012.00000 0.00964941
6014.00000 0.0116618
6016.00000 0.0130933
6018.00000 0.0152419
6020.00000 0.0193205
6022.00000 0.0224908
6024.00000 0.0270179
6026.00000 0.032642
6028.00000 0.0390144
6030.00000 0.0478485
6032.00000 0.0567278
6034.00000 0.0716273
6036.00000 0.0861646
6038.00000 0.105708
6040.00000 0.128804
6042.00000 0.155872
6044.00000 0.186113
6046.00000 0.222662
6048.00000 0.259313
6050.00000 0.300437
6052.00000 0.340285
6054.00000 0.379412
6056.00000 0.414201
6058.00000 0.445519
6060.00000 0.471578
6062.00000 0.493409
6064.00000 0.508699
6066.00000 0.522252
6068.00000 0.531166
6070.00000 0.540914
6072.00000 0.547951
6074.00000 0.55439
6076.00000 0.559812
6078.00000 0.564637
6080.00000 0.567813
6082.00000 0.571201
6084.00000 0.5724
6086.00000 0.572292
6088.00000 0.573565
6090.00000 0.569919
6092.00000 0.56874
6094.00000 0.563891
6096.00000 0.560398
6098.00000 0.55328
6100.00000 0.571888
6102.00000 0.545902
6104.00000 0.546106
6106.00000 0.543764
6108.00000 0.549425
6110.00000 0.545538
6112.00000 0.546122
6114.00000 0.550907
6116.00000 0.556182
6118.00000 0.563447
6120.00000 0.571633
6122.00000 0.563654
6124.00000 0.580259
6126.00000 0.583537
6128.00000 0.586634
6130.00000 0.581546
6132.00000 0.571643
6134.00000 0.563516
6136.00000 0.543931
6138.00000 0.527328
6140.00000 0.494934
6142.00000 0.482014
6144.00000 0.44179
6146.00000 0.400936
6148.00000 0.376059
6150.00000 0.343229
6152.00000 0.313456
6154.00000 0.277197
6156.00000 0.250529
6158.00000 0.219164
6160.00000 0.200325
6162.00000 0.177393
6164.00000 0.157895
6166.00000 0.139891
6168.00000 0.125617
6170.00000 0.111294
6172.00000 0.099889
6174.00000 0.0888765
6176.00000 0.0797753
6178.00000 0.0712267
6180.00000 0.0638177
6182.00000 0.0573723
6184.00000 0.0519931
6186.00000 0.0472303
6188.00000 0.0421299
6190.00000 0.0401654
6192.00000 0.0362018
6194.00000 0.0333532
6196.00000 0.031401
6198.00000 0.0279635
6200.00000 0.0247831
6202.00000 0.0235669
6204.00000 0.0219355
6206.00000 0.020592
6208.00000 0.0190597
6210.00000 0.0189994
6212.00000 0.0190235
6214.00000 0.0171429
6216.00000 0.0153257
6218.00000 0.0141753
6220.00000 0.0130039
6222.00000 0.0110246
6224.00000 0.00986842
6226.00000 0.00940228
6228.00000 0.00814664
6230.00000 0.00684463
6232.00000 0.00694927
6234.00000 0.00708215
6236.00000 0.00565371
6238.00000 0.00565771
6240.00000 0.0057554
6242.00000 0.00428571
6244.00000 0.00289436
6246.00000 0.00298507
6248.00000 0.00293902
6250.00000 0.00301887
6252.00000 0.00305111
6254.00000 0.00304646
6256.00000 0.00303721
6258.00000 0.00229533
6260.00000 0.00155159
6886.00000 0.0
