threeML/data/optical_filters/CTIO/CTIO-f_6600_110.ecsv
# %ECSV 0.9
# ---
# datatype:
# - {name: wavelength, unit: Angstrom, datatype: float32}
# - {name: response, datatype: float32}
# meta: !!omap
# - {band_name: f_6600_110}
# - {group_name: CTIO}
wavelength response
6426.00000 0.0
6428.00000 0.000279877
6430.00000 0.000281452
6432.00000 0.000571265
6434.00000 0.000287935
6436.00000 0.000290782
6438.00000 0.000292912
6440.00000 0.000593648
6442.00000 0.00029976
6444.00000 0.000604047
6446.00000 0.000608088
6448.00000 0.000613685
6450.00000 0.000927357
6452.00000 0.00124339
6454.00000 0.000625586
6456.00000 0.000628338
6458.00000 0.00126743
6460.00000 0.00127267
6462.00000 0.00128246
6464.00000 0.00161031
6466.00000 0.00130548
6468.00000 0.00197954
6470.00000 0.00200133
6472.00000 0.0020202
6474.00000 0.00272944
6476.00000 0.00276338
6478.00000 0.00314906
6480.00000 0.00353232
6482.00000 0.00358038
6484.00000 0.00433839
6486.00000 0.00475146
6488.00000 0.0051756
6490.00000 0.00598354
6492.00000 0.00680015
6494.00000 0.00801833
6496.00000 0.00928433
6498.00000 0.0109418
6500.00000 0.011853
6502.00000 0.0136054
6504.00000 0.0161616
6506.00000 0.0171639
6508.00000 0.0197368
6510.00000 0.0224159
6512.00000 0.0260176
6514.00000 0.028887
6516.00000 0.0351629
6518.00000 0.0400348
6520.00000 0.0475143
6522.00000 0.0543188
6524.00000 0.0648649
6526.00000 0.0745454
6528.00000 0.0885727
6530.00000 0.102982
6532.00000 0.124355
6534.00000 0.14843
6536.00000 0.176131
6538.00000 0.202821
6540.00000 0.238048
6542.00000 0.267031
6544.00000 0.308468
6546.00000 0.347937
6548.00000 0.380021
6550.00000 0.42163
6552.00000 0.446146
6554.00000 0.475173
6556.00000 0.491901
6558.00000 0.513337
6560.00000 0.526578
6562.00000 0.530328
6564.00000 0.538331
6566.00000 0.542237
6568.00000 0.542217
6570.00000 0.542973
6572.00000 0.544973
6574.00000 0.547024
6576.00000 0.548949
6578.00000 0.548877
6580.00000 0.551471
6582.00000 0.550031
6584.00000 0.555066
6586.00000 0.554003
6588.00000 0.55905
6590.00000 0.558652
6592.00000 0.564675
6594.00000 0.566176
6596.00000 0.572498
6598.00000 0.568072
6600.00000 0.57193
6602.00000 0.572345
6604.00000 0.568841
6606.00000 0.565507
6608.00000 0.567142
6610.00000 0.561124
6612.00000 0.565586
6614.00000 0.559348
6616.00000 0.554859
6618.00000 0.55
6620.00000 0.55
6622.00000 0.548492
6624.00000 0.544481
6626.00000 0.540201
6628.00000 0.53508
6630.00000 0.525685
6632.00000 0.516017
6634.00000 0.50614
6636.00000 0.485359
6638.00000 0.471223
6640.00000 0.44404
6642.00000 0.422794
6644.00000 0.387127
6646.00000 0.364495
6648.00000 0.324092
6650.00000 0.296225
6652.00000 0.259296
6654.00000 0.238095
6656.00000 0.204409
6658.00000 0.182281
6660.00000 0.154162
6662.00000 0.135276
6664.00000 0.113684
6666.00000 0.101279
6668.00000 0.0821622
6670.00000 0.0753275
6672.00000 0.0631229
6674.00000 0.0572391
6676.00000 0.0476731
6678.00000 0.0415225
6680.00000 0.0373396
6682.00000 0.0318396
6684.00000 0.0263473
6686.00000 0.0241546
6688.00000 0.0208333
6690.00000 0.017284
6692.00000 0.0163112
6694.00000 0.0138889
6696.00000 0.0140845
6698.00000 0.0129534
6700.00000 0.0104575
6702.00000 0.010568
6704.00000 0.00803213
6706.00000 0.00810811
6708.00000 0.00816327
6710.00000 0.00820793
6712.00000 0.00825309
6714.00000 0.00691563
6716.00000 0.00558659
6718.00000 0.00566572
6720.00000 0.004329
7392.00000 0.0
