threeML/data/optical_filters/CTIO/CTIO-f_5378_1018.ecsv
# %ECSV 0.9
# ---
# datatype:
# - {name: wavelength, unit: Angstrom, datatype: float32}
# - {name: response, datatype: float32}
# meta: !!omap
# - {band_name: f_5378_1018}
# - {group_name: CTIO}
wavelength response
4700.00000 0.0
4710.00000 0.00431963
4720.00000 0.00967965
4730.00000 0.016867
4740.00000 0.0267264
4750.00000 0.040099
4760.00000 0.0577447
4770.00000 0.0802678
4780.00000 0.108056
4790.00000 0.141228
4800.00000 0.17959
4810.00000 0.222615
4820.00000 0.269454
4830.00000 0.318995
4840.00000 0.369956
4850.00000 0.421009
4860.00000 0.470906
4870.00000 0.518597
4880.00000 0.563296
4890.00000 0.604506
4900.00000 0.641995
4910.00000 0.675737
4920.00000 0.705852
4930.00000 0.732553
4940.00000 0.756105
4950.00000 0.776801
4960.00000 0.794945
4970.00000 0.810836
4980.00000 0.824763
4990.00000 0.836987
5000.00000 0.847734
5010.00000 0.857188
5020.00000 0.865498
5030.00000 0.87278
5040.00000 0.879133
5050.00000 0.884646
5060.00000 0.889404
5070.00000 0.893498
5080.00000 0.897019
5090.00000 0.900055
5100.00000 0.902686
5110.00000 0.904976
5120.00000 0.906974
5130.00000 0.908705
5140.00000 0.910169
5150.00000 0.911343
5160.00000 0.912207
5170.00000 0.912756
5180.00000 0.913011
5190.00000 0.913006
5200.00000 0.912768
5210.00000 0.912307
5220.00000 0.911623
5230.00000 0.91071
5240.00000 0.909574
5250.00000 0.908235
5260.00000 0.906722
5270.00000 0.905067
5280.00000 0.90329
5290.00000 0.901393
5300.00000 0.899353
5310.00000 0.897137
5320.00000 0.894716
5330.00000 0.89207
5340.00000 0.889178
5350.00000 0.88602
5360.00000 0.882583
5370.00000 0.878875
5380.00000 0.874925
5390.00000 0.870768
5400.00000 0.866436
5410.00000 0.861959
5420.00000 0.857375
5430.00000 0.852725
5440.00000 0.848034
5450.00000 0.843288
5460.00000 0.838434
5470.00000 0.83341
5480.00000 0.828169
5490.00000 0.822698
5500.00000 0.817
5510.00000 0.811084
5520.00000 0.804945
5530.00000 0.798571
5540.00000 0.791943
5550.00000 0.785046
5560.00000 0.777861
5570.00000 0.770374
5580.00000 0.762567
5590.00000 0.754422
5600.00000 0.745934
5610.00000 0.737113
5620.00000 0.728
5630.00000 0.718658
5640.00000 0.709145
5650.00000 0.699495
5660.00000 0.689704
5670.00000 0.679755
5680.00000 0.669641
5690.00000 0.659377
5700.00000 0.648999
5710.00000 0.63855
5720.00000 0.628063
5730.00000 0.617556
5740.00000 0.607021
5750.00000 0.596432
5760.00000 0.585758
5770.00000 0.574969
5780.00000 0.564036
5790.00000 0.552925
5800.00000 0.541596
5810.00000 0.530016
5820.00000 0.518164
5830.00000 0.506043
5840.00000 0.49369
5850.00000 0.481171
5860.00000 0.468581
5870.00000 0.456019
5880.00000 0.443561
5890.00000 0.431249
5900.00000 0.419086
5910.00000 0.407056
5920.00000 0.395146
5930.00000 0.383355
5940.00000 0.371693
5950.00000 0.360163
5960.00000 0.348755
5970.00000 0.33745
5980.00000 0.326238
5990.00000 0.315138
6000.00000 0.30419
6010.00000 0.293443
6020.00000 0.282923
6030.00000 0.272618
6040.00000 0.262485
6050.00000 0.252472
6060.00000 0.24254
6070.00000 0.232676
6080.00000 0.222891
6090.00000 0.213211
6100.00000 0.203677
6110.00000 0.194337
6120.00000 0.185246
6130.00000 0.176448
6140.00000 0.167974
6150.00000 0.159828
6160.00000 0.152
6170.00000 0.144466
6180.00000 0.137205
6190.00000 0.1302
6200.00000 0.12345
6210.00000 0.116956
6220.00000 0.110725
6230.00000 0.104759
6240.00000 0.0990596
6250.00000 0.0936228
6260.00000 0.0884411
6270.00000 0.0835023
6280.00000 0.0787893
6290.00000 0.074281
6300.00000 0.0699522
6310.00000 0.0657768
6320.00000 0.0617336
6330.00000 0.0578151
6340.00000 0.0540294
6350.00000 0.0503944
6360.00000 0.0469272
6370.00000 0.0436365
6380.00000 0.0405244
6390.00000 0.037591
6400.00000 0.0348394
6410.00000 0.0322748
6420.00000 0.0299025
6430.00000 0.0277273
6440.00000 0.0257526
6450.00000 0.0239755
6460.00000 0.0223781
6470.00000 0.0209222
6480.00000 0.0195557
6490.00000 0.0182281
6500.00000 0.0169066
6510.00000 0.0155826
6520.00000 0.0142719
6530.00000 0.0130095
6540.00000 0.011843
6550.00000 0.0108212
6560.00000 0.00998072
6570.00000 0.00933109
6580.00000 0.00884796
6590.00000 0.00847629
6600.00000 0.00814332
7260.00000 0.0
