threeML/data/optical_filters/CTIO/CTIO-f_6454_1451.ecsv
# %ECSV 0.9
# ---
# datatype:
# - {name: wavelength, unit: Angstrom, datatype: float32}
# - {name: response, datatype: float32}
# meta: !!omap
# - {band_name: f_6454_1451}
# - {group_name: CTIO}
wavelength response
4905.00000 0.0
5450.00000 0.00212907
5460.00000 0.00328421
5470.00000 0.00464911
5480.00000 0.00637981
5490.00000 0.00865861
5500.00000 0.011708
5510.00000 0.0158049
5520.00000 0.0212944
5530.00000 0.0285986
5540.00000 0.0382182
5550.00000 0.0507159
5560.00000 0.0666723
5570.00000 0.0866131
5580.00000 0.110919
5590.00000 0.139738
5600.00000 0.172929
5610.00000 0.210042
5620.00000 0.250351
5630.00000 0.29294
5640.00000 0.336816
5650.00000 0.381019
5660.00000 0.424706
5670.00000 0.467174
5680.00000 0.507856
5690.00000 0.546301
5700.00000 0.582171
5710.00000 0.615243
5720.00000 0.64542
5730.00000 0.67271
5740.00000 0.697183
5750.00000 0.718945
5760.00000 0.738118
5770.00000 0.754861
5780.00000 0.769382
5790.00000 0.781938
5800.00000 0.792799
5810.00000 0.802209
5820.00000 0.810367
5830.00000 0.817416
5840.00000 0.823456
5850.00000 0.828565
5860.00000 0.832815
5870.00000 0.836288
5880.00000 0.839083
5890.00000 0.841307
5900.00000 0.843044
5910.00000 0.844349
5920.00000 0.845255
5930.00000 0.845798
5940.00000 0.846027
5950.00000 0.845991
5960.00000 0.845725
5970.00000 0.845245
5980.00000 0.844562
5990.00000 0.843698
6000.00000 0.842704
6010.00000 0.841635
6020.00000 0.840527
6030.00000 0.839369
6040.00000 0.838119
6050.00000 0.836731
6060.00000 0.835171
6070.00000 0.833428
6080.00000 0.831502
6090.00000 0.829396
6100.00000 0.827113
6110.00000 0.824662
6120.00000 0.822076
6130.00000 0.819401
6140.00000 0.816685
6150.00000 0.813957
6160.00000 0.81123
6170.00000 0.808503
6180.00000 0.805767
6190.00000 0.803001
6200.00000 0.800187
6210.00000 0.797326
6220.00000 0.794445
6230.00000 0.791589
6240.00000 0.788787
6250.00000 0.786027
6260.00000 0.783248
6270.00000 0.780354
6280.00000 0.777254
6290.00000 0.773901
6300.00000 0.770326
6310.00000 0.766633
6320.00000 0.762948
6330.00000 0.759362
6340.00000 0.755899
6350.00000 0.752529
6360.00000 0.749194
6370.00000 0.745846
6380.00000 0.742454
6390.00000 0.738999
6400.00000 0.73547
6410.00000 0.731855
6420.00000 0.728155
6430.00000 0.724383
6440.00000 0.720569
6450.00000 0.716746
6460.00000 0.712952
6470.00000 0.70921
6480.00000 0.705532
6490.00000 0.701909
6500.00000 0.698318
6510.00000 0.694732
6520.00000 0.691126
6530.00000 0.687482
6540.00000 0.683783
6550.00000 0.680006
6560.00000 0.676127
6570.00000 0.672124
6580.00000 0.667989
6590.00000 0.663741
6600.00000 0.659428
6610.00000 0.655116
6620.00000 0.650862
6630.00000 0.646685
6640.00000 0.642567
6650.00000 0.638466
6660.00000 0.63434
6670.00000 0.630162
6680.00000 0.625929
6690.00000 0.621663
6700.00000 0.61745
6710.00000 0.613636
6720.00000 0.611116
6730.00000 0.611325
6740.00000 0.615419
6750.00000 0.622991
6760.00000 0.631542
6770.00000 0.637494
6780.00000 0.638033
6790.00000 0.632371
6800.00000 0.621707
6810.00000 0.608278
6820.00000 0.594305
6830.00000 0.581328
6840.00000 0.57005
6850.00000 0.560528
6860.00000 0.552478
6870.00000 0.545526
6880.00000 0.539351
6890.00000 0.533718
6900.00000 0.52847
6910.00000 0.523494
6920.00000 0.518704
6930.00000 0.51403
6940.00000 0.509393
6950.00000 0.504695
6960.00000 0.499827
6970.00000 0.494713
6980.00000 0.489347
6990.00000 0.483797
7000.00000 0.478182
7010.00000 0.471222
7020.00000 0.464621
7030.00000 0.458251
7040.00000 0.452104
7050.00000 0.446119
7060.00000 0.440222
7070.00000 0.434361
7080.00000 0.428523
7090.00000 0.422733
7100.00000 0.417028
7110.00000 0.411439
7120.00000 0.405977
7130.00000 0.400636
7140.00000 0.395397
7150.00000 0.39023
7160.00000 0.3851
7170.00000 0.379959
7180.00000 0.374756
7190.00000 0.369442
7200.00000 0.363994
7210.00000 0.358425
7220.00000 0.352791
7230.00000 0.347181
7240.00000 0.341696
7250.00000 0.336416
7260.00000 0.331382
7270.00000 0.326596
7280.00000 0.32204
7290.00000 0.317675
7300.00000 0.313455
7310.00000 0.309324
7320.00000 0.305229
7330.00000 0.301132
7340.00000 0.297019
7350.00000 0.292899
7360.00000 0.288795
7370.00000 0.28473
7380.00000 0.280714
7390.00000 0.276753
7400.00000 0.272851
7410.00000 0.269008
7420.00000 0.265216
7430.00000 0.261451
7440.00000 0.257685
7450.00000 0.253898
7460.00000 0.250095
7470.00000 0.246299
7480.00000 0.242546
7490.00000 0.238867
7500.00000 0.235281
7510.00000 0.231778
7520.00000 0.228336
7530.00000 0.224936
7540.00000 0.221577
7550.00000 0.218266
7560.00000 0.215002
7570.00000 0.211767
7580.00000 0.208529
7590.00000 0.205262
7600.00000 0.201955
7610.00000 0.198619
7620.00000 0.195278
7630.00000 0.191965
7640.00000 0.188704
7650.00000 0.185503
7660.00000 0.182352
7670.00000 0.179229
7680.00000 0.17611
7690.00000 0.172979
7700.00000 0.169835
7710.00000 0.166692
7720.00000 0.163562
7730.00000 0.160451
7740.00000 0.15736
7750.00000 0.154294
7760.00000 0.151265
7770.00000 0.148293
7780.00000 0.145406
7790.00000 0.142626
7800.00000 0.139966
7810.00000 0.137416
7820.00000 0.134952
7830.00000 0.132541
7840.00000 0.130156
7850.00000 0.127785
7860.00000 0.125425
7870.00000 0.123082
7880.00000 0.120769
7890.00000 0.118502
7900.00000 0.116294
7910.00000 0.114149
7920.00000 0.112058
7930.00000 0.109999
7940.00000 0.107938
7950.00000 0.105837
7960.00000 0.103661
7970.00000 0.101405
7980.00000 0.0990923
7990.00000 0.0967774
8000.00000 0.0945232
8010.00000 0.0923803
8020.00000 0.090371
8030.00000 0.0884848
8040.00000 0.0866907
8050.00000 0.084956
8060.00000 0.0832628
8070.00000 0.0816105
8080.00000 0.0800052
8090.00000 0.0784452
8100.00000 0.0769133
8110.00000 0.0753856
8120.00000 0.0738471
8130.00000 0.0723031
8140.00000 0.0707735
8150.00000 0.0692758
8160.00000 0.0678114
8170.00000 0.0663657
8180.00000 0.0649208
8190.00000 0.0634708
8200.00000 0.0620264
8210.00000 0.0606091
8220.00000 0.0592403
8230.00000 0.0579315
8240.00000 0.0566816
8250.00000 0.0554779
8260.00000 0.054302
8270.00000 0.0531375
8280.00000 0.0519758
8290.00000 0.0508171
8300.00000 0.0496656
8310.00000 0.0485243
8320.00000 0.0473931
8330.00000 0.0462714
8340.00000 0.0451648
8350.00000 0.0440889
8360.00000 0.0430669
8370.00000 0.0421192
8380.00000 0.0412512
8390.00000 0.0404477
8400.00000 0.039678
8410.00000 0.0389065
8420.00000 0.0381035
8430.00000 0.0372533
8440.00000 0.0363585
8450.00000 0.0354408
8460.00000 0.0345343
8470.00000 0.0336732
8480.00000 0.0328791
8490.00000 0.0321552
8500.00000 0.0314905
8510.00000 0.0308701
8520.00000 0.030283
8530.00000 0.0297241
8540.00000 0.0291906
8550.00000 0.0286782
8560.00000 0.0281788
8570.00000 0.0276814
8580.00000 0.0271734
8590.00000 0.0266422
8600.00000 0.0260781
8610.00000 0.0254779
8620.00000 0.024847
8630.00000 0.0241969
8640.00000 0.0235396
8650.00000 0.0228854
8660.00000 0.0222448
8670.00000 0.0216308
8680.00000 0.0210554
8690.00000 0.0205223
8700.00000 0.0200236
8710.00000 0.0195445
8720.00000 0.0190715
8730.00000 0.018599
8740.00000 0.0181291
8750.00000 0.0176691
8760.00000 0.0172277
8770.00000 0.0168103
8780.00000 0.0164166
8790.00000 0.0160397
8800.00000 0.0156687
9680.00000 0.0
