threeML/data/optical_filters/CTIO/CTIO-f_4324_1050.ecsv
# %ECSV 0.9
# ---
# datatype:
# - {name: wavelength, unit: Angstrom, datatype: float32}
# - {name: response, datatype: float32}
# meta: !!omap
# - {band_name: f_4324_1050}
# - {group_name: CTIO}
wavelength response
2790.00000 0.0
3100.00000 0.00294669
3110.00000 0.00312575
3120.00000 0.00328131
3130.00000 0.00340392
3140.00000 0.00348935
3150.00000 0.0035383
3160.00000 0.00355679
3170.00000 0.00355568
3180.00000 0.00354683
3190.00000 0.00353795
3200.00000 0.00353079
3210.00000 0.00352435
3220.00000 0.0035193
3230.00000 0.00351938
3240.00000 0.0035293
3250.00000 0.00355221
3260.00000 0.00358981
3270.00000 0.00364493
3280.00000 0.00372331
3290.00000 0.00383239
3300.00000 0.00397783
3310.00000 0.00416003
3320.00000 0.00437176
3330.00000 0.0045978
3340.00000 0.00481825
3350.00000 0.00501532
3360.00000 0.00517994
3370.00000 0.00531393
3380.00000 0.00542694
3390.00000 0.00553081
3400.00000 0.0056352
3410.00000 0.00574687
3420.00000 0.00587196
3430.00000 0.00601887
3440.00000 0.00619898
3450.00000 0.00642473
3460.00000 0.00670743
3470.00000 0.00705801
3480.00000 0.00749292
3490.00000 0.00804355
3500.00000 0.00876569
3510.00000 0.00974575
3520.00000 0.0111037
3530.00000 0.012993
3540.00000 0.0155975
3550.00000 0.0191207
3560.00000 0.0237694
3570.00000 0.029735
3580.00000 0.0371815
3590.00000 0.0462375
3600.00000 0.0569791
3610.00000 0.0693954
3620.00000 0.0833582
3630.00000 0.0986353
3640.00000 0.114953
3650.00000 0.132064
3660.00000 0.149777
3670.00000 0.167944
3680.00000 0.186434
3690.00000 0.205126
3700.00000 0.223905
3710.00000 0.242661
3720.00000 0.261292
3730.00000 0.279706
3740.00000 0.297835
3750.00000 0.315644
3760.00000 0.333139
3770.00000 0.350348
3780.00000 0.36731
3790.00000 0.384055
3800.00000 0.400598
3810.00000 0.416928
3820.00000 0.43302
3830.00000 0.448837
3840.00000 0.464332
3850.00000 0.479442
3860.00000 0.494092
3870.00000 0.508199
3880.00000 0.521689
3890.00000 0.534515
3900.00000 0.546662
3910.00000 0.558136
3920.00000 0.56896
3930.00000 0.579161
3940.00000 0.588785
3950.00000 0.597886
3960.00000 0.606521
3970.00000 0.614726
3980.00000 0.622511
3990.00000 0.629869
4000.00000 0.636801
4010.00000 0.643329
4020.00000 0.649492
4030.00000 0.655345
4040.00000 0.660947
4050.00000 0.666347
4060.00000 0.671563
4070.00000 0.676585
4080.00000 0.681369
4090.00000 0.685872
4100.00000 0.690068
4110.00000 0.693971
4120.00000 0.697628
4130.00000 0.701114
4140.00000 0.70451
4150.00000 0.70788
4160.00000 0.711247
4170.00000 0.714573
4180.00000 0.717762
4190.00000 0.720696
4200.00000 0.723269
4210.00000 0.725424
4220.00000 0.727165
4230.00000 0.728553
4240.00000 0.729682
4250.00000 0.730649
4260.00000 0.731521
4270.00000 0.732317
4280.00000 0.73301
4290.00000 0.733546
4300.00000 0.733871
4310.00000 0.733955
4320.00000 0.733802
4330.00000 0.733447
4340.00000 0.732938
4350.00000 0.732323
4360.00000 0.731633
4370.00000 0.730879
4380.00000 0.730048
4390.00000 0.729108
4400.00000 0.72802
4410.00000 0.726739
4420.00000 0.725226
4430.00000 0.723463
4440.00000 0.721448
4450.00000 0.719192
4460.00000 0.716695
4470.00000 0.713951
4480.00000 0.71096
4490.00000 0.707743
4500.00000 0.704334
4510.00000 0.700765
4520.00000 0.697048
4530.00000 0.693166
4540.00000 0.689077
4550.00000 0.684718
4560.00000 0.680014
4570.00000 0.674884
4580.00000 0.669251
4590.00000 0.663062
4600.00000 0.656284
4610.00000 0.648904
4620.00000 0.640917
4630.00000 0.632313
4640.00000 0.623074
4650.00000 0.613182
4660.00000 0.602627
4670.00000 0.59142
4680.00000 0.579593
4690.00000 0.567198
4700.00000 0.554307
4710.00000 0.541011
4720.00000 0.527417
4730.00000 0.513623
4740.00000 0.499707
4750.00000 0.485707
4760.00000 0.47163
4770.00000 0.457456
4780.00000 0.443148
4790.00000 0.42866
4800.00000 0.413946
4810.00000 0.398982
4820.00000 0.383781
4830.00000 0.368409
4840.00000 0.35298
4850.00000 0.337637
4860.00000 0.322535
4870.00000 0.307813
4880.00000 0.293584
4890.00000 0.279927
4900.00000 0.26689
4910.00000 0.254502
4920.00000 0.242778
4930.00000 0.231718
4940.00000 0.221297
4950.00000 0.211464
4960.00000 0.20214
4970.00000 0.193227
4980.00000 0.184619
4990.00000 0.176217
5000.00000 0.167936
5010.00000 0.159713
5020.00000 0.151511
5030.00000 0.143315
5040.00000 0.135133
5050.00000 0.126997
5060.00000 0.118962
5070.00000 0.111101
5080.00000 0.103494
5090.00000 0.0962118
5100.00000 0.0893019
5110.00000 0.0827804
5120.00000 0.076638
5130.00000 0.0708508
5140.00000 0.0653925
5150.00000 0.0602422
5160.00000 0.0553858
5170.00000 0.0508156
5180.00000 0.0465271
5190.00000 0.0425167
5200.00000 0.0387805
5210.00000 0.0353149
5220.00000 0.0321172
5230.00000 0.0291857
5240.00000 0.026518
5250.00000 0.0241095
5260.00000 0.0219517
5270.00000 0.0200311
5280.00000 0.0183284
5290.00000 0.016821
5300.00000 0.0154867
5310.00000 0.0143072
5320.00000 0.0132703
5330.00000 0.0123687
5340.00000 0.0115977
5350.00000 0.010952
5360.00000 0.010423
5370.00000 0.00999534
5380.00000 0.00964661
5390.00000 0.0093477
5400.00000 0.00906573
5940.00000 0.0
