threeML/data/optical_filters/CTIO/CTIO-f_4880_70.ecsv
# %ECSV 0.9
# ---
# datatype:
# - {name: wavelength, unit: Angstrom, datatype: float32}
# - {name: response, datatype: float32}
# meta: !!omap
# - {band_name: f_4880_70}
# - {group_name: CTIO}
wavelength response
4275.00000 0.0
4750.00000 0.000640615
4752.00000 0.000639182
4754.00000 0.000638366
4756.00000 0.000639795
4758.00000 0.000637959
4760.00000 0.00063857
4762.00000 0.000635728
4764.00000 0.00064082
4766.00000 0.000640615
4768.00000 0.000637959
4770.00000 0.000646412
4772.00000 0.000966806
4774.00000 0.000642261
4776.00000 0.00096
4778.00000 0.00063857
4780.00000 0.00124805
4782.00000 0.00124922
4784.00000 0.00158781
4786.00000 0.00158278
4788.00000 0.00126863
4790.00000 0.00190235
4792.00000 0.00126984
4794.00000 0.00159084
4796.00000 0.00223499
4798.00000 0.00190779
4800.00000 0.00254777
4802.00000 0.00315756
4804.00000 0.00318674
4806.00000 0.00317561
4808.00000 0.00349206
4810.00000 0.00403476
4812.00000 0.00442059
4814.00000 0.00502355
4816.00000 0.00571429
4818.00000 0.00632711
4820.00000 0.00695542
4822.00000 0.00819931
4824.00000 0.00978226
4826.00000 0.0113314
4828.00000 0.0132534
4830.00000 0.0160327
4832.00000 0.0192672
4834.00000 0.0228426
4836.00000 0.0275928
4838.00000 0.0368371
4840.00000 0.051201
4842.00000 0.0692819
4844.00000 0.0918239
4846.00000 0.124921
4848.00000 0.167716
4850.00000 0.222604
4852.00000 0.28648
4854.00000 0.361938
4856.00000 0.438657
4858.00000 0.4989
4860.00000 0.542704
4862.00000 0.578632
4864.00000 0.598296
4866.00000 0.609863
4868.00000 0.620895
4870.00000 0.630952
4872.00000 0.634223
4874.00000 0.641777
4876.00000 0.645406
4878.00000 0.640478
4880.00000 0.647985
4882.00000 0.640825
4884.00000 0.639938
4886.00000 0.639888
4888.00000 0.636051
4890.00000 0.628571
4892.00000 0.62948
4894.00000 0.629478
4896.00000 0.61806
4898.00000 0.621161
4900.00000 0.622911
4902.00000 0.624241
4904.00000 0.62535
4906.00000 0.630202
4908.00000 0.632137
4910.00000 0.619313
4912.00000 0.610381
4914.00000 0.584424
4916.00000 0.548098
4918.00000 0.493659
4920.00000 0.426757
4922.00000 0.369798
4924.00000 0.298918
4926.00000 0.240498
4928.00000 0.190283
4930.00000 0.151411
4932.00000 0.116093
4934.00000 0.0914972
4936.00000 0.069202
4938.00000 0.0553665
4940.00000 0.0449719
4942.00000 0.0373832
4944.00000 0.0296938
4946.00000 0.0260708
4948.00000 0.0223464
4950.00000 0.0194685
4952.00000 0.0173482
4954.00000 0.0148561
4956.00000 0.0135719
4958.00000 0.0117356
4960.00000 0.0108763
4962.00000 0.00981595
4964.00000 0.00904977
4966.00000 0.0085758
4968.00000 0.00828221
4970.00000 0.00731261
4972.00000 0.00612933
4974.00000 0.00554699
4976.00000 0.00426829
4978.00000 0.00428922
4980.00000 0.00370714
4982.00000 0.00370599
4984.00000 0.00307503
4986.00000 0.00276668
4988.00000 0.00276498
4990.00000 0.00246381
4992.00000 0.00183655
4994.00000 0.00185414
4996.00000 0.00184162
4998.00000 0.00184332
5000.00000 0.00184559
5002.00000 0.00153186
5004.00000 0.00153327
5006.00000 0.00153752
5008.00000 0.00122362
5010.00000 0.00122699
5012.00000 0.00123229
5014.00000 0.00123001
5016.00000 0.00123305
5018.00000 0.00122775
5020.00000 0.000929656
5022.00000 0.00123457
5024.00000 0.000927357
5026.00000 0.000921376
5028.00000 0.000616523
5030.00000 0.000613685
5032.00000 0.000616523
5034.00000 0.000614439
5036.00000 0.000922793
5038.00000 0.000613309
5040.00000 0.00092081
5544.00000 0.0
