threeML/data/optical_filters/CTIO/CTIO-f_3765_45.ecsv
# %ECSV 0.9
# ---
# datatype:
# - {name: wavelength, unit: Angstrom, datatype: float32}
# - {name: response, datatype: float32}
# meta: !!omap
# - {band_name: f_3765_45}
# - {group_name: CTIO}
wavelength response
3312.00000 0.0
3680.00000 0.000812348
3682.00000 0.00161681
3684.00000 0.0016142
3686.00000 0.00200321
3688.00000 0.00160256
3690.00000 0.00239139
3692.00000 0.00238379
3694.00000 0.00236313
3696.00000 0.00313725
3698.00000 0.00312744
3700.00000 0.00349922
3702.00000 0.00387447
3704.00000 0.0042471
3706.00000 0.00461006
3708.00000 0.00456969
3710.00000 0.00495616
3712.00000 0.00607672
3714.00000 0.00676946
3716.00000 0.00752162
3718.00000 0.00933881
3720.00000 0.0111441
3722.00000 0.0125323
3724.00000 0.0150514
3726.00000 0.0174419
3728.00000 0.0207122
3730.00000 0.0240488
3732.00000 0.0290115
3734.00000 0.0335235
3736.00000 0.0403683
3738.00000 0.0490819
3740.00000 0.058348
3742.00000 0.0734009
3744.00000 0.0833623
3746.00000 0.103747
3748.00000 0.116399
3750.00000 0.139136
3752.00000 0.152821
3754.00000 0.171039
3756.00000 0.188216
3758.00000 0.20283
3760.00000 0.21853
3762.00000 0.226818
3764.00000 0.235099
3766.00000 0.241071
3768.00000 0.24424
3770.00000 0.245246
3772.00000 0.245746
3774.00000 0.241335
3776.00000 0.236246
3778.00000 0.23144
3780.00000 0.218501
3782.00000 0.209265
3784.00000 0.191967
3786.00000 0.174874
3788.00000 0.157597
3790.00000 0.132128
3792.00000 0.122042
3794.00000 0.1
3796.00000 0.0892857
3798.00000 0.0733496
3800.00000 0.0662798
3802.00000 0.0544794
3804.00000 0.0469738
3806.00000 0.0402161
3808.00000 0.0352555
3810.00000 0.0294468
3812.00000 0.0269231
3814.00000 0.0224321
3816.00000 0.019918
3818.00000 0.0181287
3820.00000 0.0156431
3822.00000 0.0133102
3824.00000 0.0126838
3826.00000 0.0102916
3828.00000 0.00970597
3830.00000 0.00879183
3832.00000 0.00789622
3834.00000 0.00704821
3836.00000 0.0061504
3838.00000 0.00555864
3840.00000 0.00527778
3842.00000 0.0044065
3844.00000 0.00439681
3846.00000 0.00383142
3848.00000 0.00326353
3850.00000 0.00324939
3852.00000 0.00268312
3854.00000 0.00241352
3856.00000 0.0021339
3858.00000 0.00212258
3860.00000 0.00184599
3862.00000 0.00176783
3864.00000 0.00176056
3866.00000 0.00116754
3868.00000 0.00115841
3870.00000 0.0011534
3872.00000 0.00142857
3874.00000 0.0011396
3876.00000 0.000568343
3878.00000 0.000848896
3880.00000 0.000561798
4268.00000 0.0
