threeML/data/optical_filters/CTIO/CTIO-f_5800_100.ecsv
# %ECSV 0.9
# ---
# datatype:
# - {name: wavelength, unit: Angstrom, datatype: float32}
# - {name: response, datatype: float32}
# meta: !!omap
# - {band_name: f_5800_100}
# - {group_name: CTIO}
wavelength response
5076.00000 0.0
5640.00000 0.00106638
5642.00000 0.0010721
5644.00000 0.0010773
5646.00000 0.00135135
5648.00000 0.0010846
5650.00000 0.00136166
5652.00000 0.00164069
5654.00000 0.00109769
5656.00000 0.00110284
5658.00000 0.00166021
5660.00000 0.00138927
5662.00000 0.00139392
5664.00000 0.00140017
5666.00000 0.00168634
5668.00000 0.00169109
5670.00000 0.00169875
5672.00000 0.00227144
5674.00000 0.00256337
5676.00000 0.00228637
5678.00000 0.0025825
5680.00000 0.00288101
5682.00000 0.00288934
5684.00000 0.00348533
5686.00000 0.00407451
5688.00000 0.00409117
5690.00000 0.00468247
5692.00000 0.00528945
5694.00000 0.00589449
5696.00000 0.0065031
5698.00000 0.00712378
5700.00000 0.00775656
5702.00000 0.0083707
5704.00000 0.00899281
5706.00000 0.00991289
5708.00000 0.0102286
5710.00000 0.0114561
5712.00000 0.0126888
5714.00000 0.0151561
5716.00000 0.0182871
5718.00000 0.0223515
5720.00000 0.026761
5722.00000 0.0327262
5724.00000 0.0396899
5726.00000 0.0491905
5728.00000 0.0603125
5730.00000 0.0766332
5732.00000 0.0966929
5734.00000 0.121797
5736.00000 0.152429
5738.00000 0.191842
5740.00000 0.241667
5742.00000 0.292243
5744.00000 0.351115
5746.00000 0.402534
5748.00000 0.445351
5750.00000 0.476893
5752.00000 0.499506
5754.00000 0.510258
5756.00000 0.514286
5758.00000 0.515516
5760.00000 0.513224
5762.00000 0.510924
5764.00000 0.507256
5766.00000 0.507448
5768.00000 0.50545
5770.00000 0.50924
5772.00000 0.511172
5774.00000 0.517468
5776.00000 0.522238
5778.00000 0.529864
5780.00000 0.535414
5782.00000 0.54331
5784.00000 0.546676
5786.00000 0.553857
5788.00000 0.555753
5790.00000 0.559656
5792.00000 0.55987
5794.00000 0.560852
5796.00000 0.55765
5798.00000 0.556325
5800.00000 0.55108
5802.00000 0.549337
5804.00000 0.542636
5806.00000 0.54026
5808.00000 0.53497
5810.00000 0.533607
5812.00000 0.529786
5814.00000 0.530873
5816.00000 0.529478
5818.00000 0.533435
5820.00000 0.534325
5822.00000 0.539287
5824.00000 0.542692
5826.00000 0.548762
5828.00000 0.555469
5830.00000 0.560031
5832.00000 0.563286
5834.00000 0.563536
5836.00000 0.556084
5838.00000 0.541251
5840.00000 0.51243
5842.00000 0.474364
5844.00000 0.430601
5846.00000 0.383517
5848.00000 0.33388
5850.00000 0.290549
5852.00000 0.243568
5854.00000 0.203928
5856.00000 0.167718
5858.00000 0.139535
5860.00000 0.118997
5862.00000 0.104274
5864.00000 0.0910262
5866.00000 0.0798102
5868.00000 0.0701602
5870.00000 0.0622551
5872.00000 0.0551664
5874.00000 0.0488556
5876.00000 0.0441891
5878.00000 0.0390937
5880.00000 0.0352679
5882.00000 0.0318958
5884.00000 0.0288809
5886.00000 0.02628
5888.00000 0.0241678
5890.00000 0.0215497
5892.00000 0.0202578
5894.00000 0.0185014
5896.00000 0.0172093
5898.00000 0.0158953
5900.00000 0.0140911
5902.00000 0.0136922
5904.00000 0.013289
5906.00000 0.0123928
5908.00000 0.0114998
5910.00000 0.0106126
5912.00000 0.00968523
5914.00000 0.00876339
5916.00000 0.00881057
5918.00000 0.00787402
5920.00000 0.00742574
5922.00000 0.00696517
5924.00000 0.00649675
5926.00000 0.00653266
5928.00000 0.00606673
5930.00000 0.00558943
5932.00000 0.00561798
5934.00000 0.00513084
5936.00000 0.00516262
5938.00000 0.00466563
5940.00000 0.00416667
5942.00000 0.00419068
5944.00000 0.00420831
5946.00000 0.00422386
5948.00000 0.00424854
5950.00000 0.00373732
5952.00000 0.00321543
5954.00000 0.00322928
5956.00000 0.00324324
5958.00000 0.00325733
5960.00000 0.00326442
5962.00000 0.00327154
5964.00000 0.00328048
5966.00000 0.00275027
5968.00000 0.00276549
5970.00000 0.00222841
6567.00000 0.0
