threeML/data/optical_filters/CTIO/CTIO-f_4324_1156.ecsv
# %ECSV 0.9
# ---
# datatype:
# - {name: wavelength, unit: Angstrom, datatype: float32}
# - {name: response, datatype: float32}
# meta: !!omap
# - {band_name: f_4324_1156}
# - {group_name: CTIO}
wavelength response
2970.00000 0.0
3300.00000 0.005
3310.00000 0.00554406
3320.00000 0.00601961
3330.00000 0.00640007
3340.00000 0.00667937
3350.00000 0.00687035
3360.00000 0.00699743
3370.00000 0.0070863
3380.00000 0.00715623
3390.00000 0.00721859
3400.00000 0.00728054
3410.00000 0.00734896
3420.00000 0.00743096
3430.00000 0.00753154
3440.00000 0.00765309
3450.00000 0.00780032
3460.00000 0.00798923
3470.00000 0.00825469
3480.00000 0.00865355
3490.00000 0.00926385
3500.00000 0.0101827
3510.00000 0.0115243
3520.00000 0.0134191
3530.00000 0.0160162
3540.00000 0.0194856
3550.00000 0.0240157
3560.00000 0.0297976
3570.00000 0.0370046
3580.00000 0.0457716
3590.00000 0.0561773
3600.00000 0.0682235
3610.00000 0.0818143
3620.00000 0.0967556
3630.00000 0.112792
3640.00000 0.129667
3650.00000 0.147179
3660.00000 0.165181
3670.00000 0.183563
3680.00000 0.202229
3690.00000 0.221095
3700.00000 0.240079
3710.00000 0.259088
3720.00000 0.278004
3730.00000 0.296691
3740.00000 0.315025
3750.00000 0.332911
3760.00000 0.350281
3770.00000 0.367099
3780.00000 0.383392
3790.00000 0.399256
3800.00000 0.414815
3810.00000 0.430145
3820.00000 0.445229
3830.00000 0.459973
3840.00000 0.474274
3850.00000 0.488077
3860.00000 0.50137
3870.00000 0.514132
3880.00000 0.526303
3890.00000 0.537827
3900.00000 0.548719
3910.00000 0.559099
3920.00000 0.569138
3930.00000 0.578969
3940.00000 0.588635
3950.00000 0.598085
3960.00000 0.607209
3970.00000 0.615874
3980.00000 0.623972
3990.00000 0.631457
4000.00000 0.638359
4010.00000 0.644768
4020.00000 0.650794
4030.00000 0.65654
4040.00000 0.662083
4050.00000 0.667458
4060.00000 0.672657
4070.00000 0.677626
4080.00000 0.682301
4090.00000 0.686626
4100.00000 0.690579
4110.00000 0.694176
4120.00000 0.69746
4130.00000 0.700473
4140.00000 0.70324
4150.00000 0.705775
4160.00000 0.708091
4170.00000 0.710213
4180.00000 0.712161
4190.00000 0.713938
4200.00000 0.715534
4210.00000 0.716935
4220.00000 0.71814
4230.00000 0.719156
4240.00000 0.719981
4250.00000 0.720614
4260.00000 0.721065
4270.00000 0.721364
4280.00000 0.721556
4290.00000 0.721681
4300.00000 0.721761
4310.00000 0.721785
4320.00000 0.72172
4330.00000 0.721525
4340.00000 0.721179
4350.00000 0.720681
4360.00000 0.720038
4370.00000 0.719247
4380.00000 0.718279
4390.00000 0.717088
4400.00000 0.715634
4410.00000 0.713906
4420.00000 0.711934
4430.00000 0.70976
4440.00000 0.707409
4450.00000 0.704871
4460.00000 0.702111
4470.00000 0.6991
4480.00000 0.695827
4490.00000 0.692298
4500.00000 0.688536
4510.00000 0.68456
4520.00000 0.680391
4530.00000 0.676037
4540.00000 0.671487
4550.00000 0.666697
4560.00000 0.66159
4570.00000 0.656087
4580.00000 0.650126
4590.00000 0.643671
4600.00000 0.636704
4610.00000 0.629203
4620.00000 0.621137
4630.00000 0.612478
4640.00000 0.603216
4650.00000 0.593366
4660.00000 0.582968
4670.00000 0.572061
4680.00000 0.560679
4690.00000 0.548849
4700.00000 0.536612
4710.00000 0.524027
4720.00000 0.511167
4730.00000 0.498106
4740.00000 0.484903
4750.00000 0.471586
4760.00000 0.458158
4770.00000 0.444598
4780.00000 0.430881
4790.00000 0.416977
4800.00000 0.402866
4810.00000 0.388537
4820.00000 0.374001
4830.00000 0.359305
4840.00000 0.34454
4850.00000 0.329828
4860.00000 0.315313
4870.00000 0.30113
4880.00000 0.287394
4890.00000 0.274191
4900.00000 0.261585
4910.00000 0.249622
4920.00000 0.238339
4930.00000 0.227759
4940.00000 0.217881
4950.00000 0.208663
4960.00000 0.200014
4970.00000 0.191806
4980.00000 0.183891
4990.00000 0.176127
5000.00000 0.168401
5010.00000 0.160633
5020.00000 0.152792
5030.00000 0.144889
5040.00000 0.136968
5050.00000 0.129085
5060.00000 0.1213
5070.00000 0.113665
5080.00000 0.106231
5090.00000 0.0990422
5100.00000 0.0921376
5110.00000 0.0855496
5120.00000 0.0793035
5130.00000 0.0734158
5140.00000 0.0678905
5150.00000 0.062717
5160.00000 0.0578717
5170.00000 0.0533228
5180.00000 0.0490397
5190.00000 0.0450024
5200.00000 0.0412063
5210.00000 0.0376605
5220.00000 0.0343797
5230.00000 0.0313747
5240.00000 0.0286466
5250.00000 0.0261858
5260.00000 0.0239747
5270.00000 0.0219934
5280.00000 0.0202224
5290.00000 0.0186435
5300.00000 0.0172381
5310.00000 0.0159861
5320.00000 0.0148673
5330.00000 0.0138668
5340.00000 0.012978
5350.00000 0.0122017
5360.00000 0.011539
5370.00000 0.0109833
5380.00000 0.0105156
5390.00000 0.0101051
5400.00000 0.00971429
5940.00000 0.0
