threeML/data/optical_filters/CTIO/CTIO-f_6560_110.ecsv
# %ECSV 0.9
# ---
# datatype:
# - {name: wavelength, unit: Angstrom, datatype: float32}
# - {name: response, datatype: float32}
# meta: !!omap
# - {band_name: f_6560_110}
# - {group_name: CTIO}
wavelength response
6360.00000 0.0
6362.00000 0.000536265
6364.00000 0.000537129
6366.00000 0.000545777
6368.00000 0.000550282
6370.00000 0.000556019
6372.00000 0.000421171
6374.00000 0.000283206
6376.00000 0.000285755
6378.00000 0.000284535
6380.00000 0.000727061
6382.00000 0.000439818
6384.00000 0.000693097
6386.00000 0.00111998
6388.00000 0.00113138
6390.00000 0.000569963
6392.00000 0.000575457
6394.00000 0.000578536
6396.00000 0.000587285
6398.00000 0.000593472
6400.00000 0.00105152
6402.00000 0.00105756
6404.00000 0.00122193
6406.00000 0.00123115
6408.00000 0.00124224
6410.00000 0.00125254
6412.00000 0.00125137
6414.00000 0.00127166
6416.00000 0.00194301
6418.00000 0.00210186
6420.00000 0.00195567
6422.00000 0.00283949
6424.00000 0.00269997
6426.00000 0.0028946
6428.00000 0.00291745
6430.00000 0.00343702
6432.00000 0.00349773
6434.00000 0.00424929
6436.00000 0.00424478
6438.00000 0.00504959
6440.00000 0.00510949
6442.00000 0.00570692
6444.00000 0.00631853
6446.00000 0.0067441
6448.00000 0.00752304
6450.00000 0.00825653
6452.00000 0.00927178
6454.00000 0.0102101
6456.00000 0.0110258
6458.00000 0.0128334
6460.00000 0.0137263
6462.00000 0.0159705
6464.00000 0.0175656
6466.00000 0.0190476
6468.00000 0.0216712
6470.00000 0.0245592
6472.00000 0.0276765
6474.00000 0.0310262
6476.00000 0.036216
6478.00000 0.0409111
6480.00000 0.0478114
6482.00000 0.0530252
6484.00000 0.0597801
6486.00000 0.0734489
6488.00000 0.0847103
6490.00000 0.0980856
6492.00000 0.115127
6494.00000 0.13123
6496.00000 0.151729
6498.00000 0.176384
6500.00000 0.205773
6502.00000 0.236195
6504.00000 0.27086
6506.00000 0.30481
6508.00000 0.344828
6510.00000 0.388715
6512.00000 0.440105
6514.00000 0.474332
6516.00000 0.507688
6518.00000 0.542998
6520.00000 0.568633
6522.00000 0.578333
6524.00000 0.589736
6526.00000 0.59721
6528.00000 0.597
6530.00000 0.59717
6532.00000 0.595906
6534.00000 0.594899
6536.00000 0.588288
6538.00000 0.58346
6540.00000 0.579448
6542.00000 0.54653
6544.00000 0.563476
6546.00000 0.566612
6548.00000 0.565
6550.00000 0.563
6552.00000 0.565602
6554.00000 0.568285
6556.00000 0.568759
6558.00000 0.562303
6560.00000 0.572917
6562.00000 0.57509
6564.00000 0.577233
6566.00000 0.577992
6568.00000 0.581587
6570.00000 0.578652
6572.00000 0.583683
6574.00000 0.584687
6576.00000 0.584182
6578.00000 0.582737
6580.00000 0.582126
6582.00000 0.580867
6584.00000 0.570443
6586.00000 0.562911
6588.00000 0.559618
6590.00000 0.557717
6592.00000 0.553237
6594.00000 0.537928
6596.00000 0.523124
6598.00000 0.507304
6600.00000 0.489668
6602.00000 0.469119
6604.00000 0.448371
6606.00000 0.414299
6608.00000 0.395853
6610.00000 0.353384
6612.00000 0.32931
6614.00000 0.290891
6616.00000 0.264822
6618.00000 0.222668
6620.00000 0.198574
6622.00000 0.165819
6624.00000 0.14433
6626.00000 0.125461
6628.00000 0.110993
6630.00000 0.0907617
6632.00000 0.0812875
6634.00000 0.0698309
6636.00000 0.0599002
6638.00000 0.0521643
6640.00000 0.0456621
6642.00000 0.0367816
6644.00000 0.0331588
6646.00000 0.030824
6648.00000 0.0251196
6650.00000 0.0218579
6652.00000 0.0196802
6654.00000 0.0174238
6656.00000 0.0151707
6658.00000 0.0147153
6660.00000 0.0129618
6662.00000 0.0104575
6664.00000 0.010575
6666.00000 0.00941493
6668.00000 0.00819113
6670.00000 0.00828729
6672.00000 0.00832178
6674.00000 0.00566171
6676.00000 0.00578453
6678.00000 0.00586081
6680.00000 0.00592593
6682.00000 0.0060015
6684.00000 0.00608828
6686.00000 0.00308642
6688.00000 0.00312013
6690.00000 0.00233645
6692.00000 0.000803858
6694.00000 0.000811688
6696.00000 0.0
