threeML/data/optical_filters/CTIO/DECam-g.ecsv
# %ECSV 0.9
# ---
# datatype:
# - {name: wavelength, unit: Angstrom, datatype: float32}
# - {name: response, datatype: float32}
# meta: !!omap
# - {band_name: g}
# - {group_name: DECam}
wavelength response
3900.00000 0.0
3910.00000 0.001057
3920.00000 0.003552
3930.00000 0.010056
3940.00000 0.029223
3950.00000 0.100232
3960.00000 0.195557
3970.00000 0.329705
3980.00000 0.473015
3990.00000 0.609465
4000.00000 0.730891
4010.00000 0.812077
4020.00000 0.84916
4030.00000 0.860328
4040.00000 0.868861
4050.00000 0.872645
4060.00000 0.874957
4070.00000 0.877011
4080.00000 0.87862
4090.00000 0.879357
4100.00000 0.87967
4110.00000 0.879944
4120.00000 0.879233
4130.00000 0.877664
4140.00000 0.876847
4150.00000 0.878645
4160.00000 0.881441
4170.00000 0.884197
4180.00000 0.887266
4190.00000 0.889861
4200.00000 0.89024
4210.00000 0.888466
4220.00000 0.887079
4230.00000 0.886339
4240.00000 0.886378
4250.00000 0.887593
4260.00000 0.890174
4270.00000 0.892363
4280.00000 0.893748
4290.00000 0.895227
4300.00000 0.896956
4310.00000 0.897847
4320.00000 0.897194
4330.00000 0.89663
4340.00000 0.896435
4350.00000 0.896286
4360.00000 0.896252
4370.00000 0.897427
4380.00000 0.899977
4390.00000 0.902582
4400.00000 0.904856
4410.00000 0.907066
4420.00000 0.909345
4430.00000 0.91088
4440.00000 0.911264
4450.00000 0.911124
4460.00000 0.910903
4470.00000 0.910507
4480.00000 0.909711
4490.00000 0.908956
4500.00000 0.908669
4510.00000 0.908944
4520.00000 0.909626
4530.00000 0.910504
4540.00000 0.911361
4550.00000 0.911591
4560.00000 0.910928
4570.00000 0.909761
4580.00000 0.908865
4590.00000 0.908587
4600.00000 0.909052
4610.00000 0.91015
4620.00000 0.911616
4630.00000 0.913062
4640.00000 0.914029
4650.00000 0.914322
4660.00000 0.913893
4670.00000 0.912686
4680.00000 0.910728
4690.00000 0.908271
4700.00000 0.905942
4710.00000 0.904536
4720.00000 0.904298
4730.00000 0.905187
4740.00000 0.906957
4750.00000 0.90897
4760.00000 0.910742
4770.00000 0.911608
4780.00000 0.911403
4790.00000 0.910527
4800.00000 0.909623
4810.00000 0.908936
4820.00000 0.908414
4830.00000 0.90776
4840.00000 0.90673
4850.00000 0.905367
4860.00000 0.903947
4870.00000 0.903092
4880.00000 0.903427
4890.00000 0.905126
4900.00000 0.907626
4910.00000 0.909598
4920.00000 0.909822
4930.00000 0.908169
4940.00000 0.90534
4950.00000 0.902496
4960.00000 0.900824
4970.00000 0.901098
4980.00000 0.903001
4990.00000 0.905643
5000.00000 0.907993
5010.00000 0.909338
5020.00000 0.909774
5030.00000 0.909869
5040.00000 0.909991
5050.00000 0.91028
5060.00000 0.9107
5070.00000 0.911091
5080.00000 0.911293
5090.00000 0.911087
5100.00000 0.910187
5110.00000 0.908391
5120.00000 0.905845
5130.00000 0.903251
5140.00000 0.901671
5150.00000 0.901756
5160.00000 0.903401
5170.00000 0.905777
5180.00000 0.907804
5190.00000 0.908953
5200.00000 0.909328
5210.00000 0.909454
5220.00000 0.909939
5230.00000 0.91115
5240.00000 0.912874
5250.00000 0.914665
5260.00000 0.915994
5270.00000 0.916465
5280.00000 0.916112
5290.00000 0.915213
5300.00000 0.914105
5310.00000 0.913093
5320.00000 0.91235
5330.00000 0.911856
5340.00000 0.911779
5350.00000 0.912112
5360.00000 0.912218
5370.00000 0.910902
5380.00000 0.906883
5390.00000 0.900399
5400.00000 0.893319
5410.00000 0.887768
5420.00000 0.885079
5430.00000 0.884225
5440.00000 0.877887
5450.00000 0.842056
5460.00000 0.760844
5470.00000 0.636671
5480.00000 0.489331
5490.00000 0.335692
5500.00000 0.199744
5510.00000 0.104001
5520.00000 0.052818
5530.00000 0.030496
5540.00000 0.019942
5550.00000 0.014726
5560.00000 0.000615
5570.00000 0.0
