threeML/data/optical_filters/CTIO/DECam-r.ecsv
# %ECSV 0.9
# ---
# datatype:
# - {name: wavelength, unit: Angstrom, datatype: float32}
# - {name: response, datatype: float32}
# meta: !!omap
# - {band_name: r}
# - {group_name: DECam}
wavelength response
5570.00000 0.0
5580.00000 0.000554
5590.00000 0.001077
5600.00000 0.002185
5610.00000 0.004644
5620.00000 0.010407
5630.00000 0.050246
5640.00000 0.096449
5650.00000 0.177763
5660.00000 0.294471
5670.00000 0.432825
5680.00000 0.572435
5690.00000 0.696239
5700.00000 0.78961
5710.00000 0.845121
5720.00000 0.8699
5730.00000 0.878599
5740.00000 0.88318
5750.00000 0.886294
5760.00000 0.888669
5770.00000 0.890551
5780.00000 0.892115
5790.00000 0.893594
5800.00000 0.895123
5810.00000 0.896893
5820.00000 0.89884
5830.00000 0.900625
5840.00000 0.901737
5850.00000 0.901726
5860.00000 0.900523
5870.00000 0.898562
5880.00000 0.89646
5890.00000 0.894822
5900.00000 0.894359
5910.00000 0.895009
5920.00000 0.896469
5930.00000 0.898159
5940.00000 0.899431
5950.00000 0.899898
5960.00000 0.899846
5970.00000 0.899586
5980.00000 0.89954
5990.00000 0.900066
6000.00000 0.90117
6010.00000 0.902414
6020.00000 0.903474
6030.00000 0.904189
6040.00000 0.904484
6050.00000 0.904213
6060.00000 0.903555
6070.00000 0.902515
6080.00000 0.90142
6090.00000 0.900784
6100.00000 0.900939
6110.00000 0.901905
6120.00000 0.903496
6130.00000 0.905204
6140.00000 0.906574
6150.00000 0.907607
6160.00000 0.908094
6170.00000 0.908306
6180.00000 0.908202
6190.00000 0.907729
6200.00000 0.907243
6210.00000 0.906845
6220.00000 0.906603
6230.00000 0.906547
6240.00000 0.906657
6250.00000 0.906854
6260.00000 0.907112
6270.00000 0.907368
6280.00000 0.907683
6290.00000 0.908097
6300.00000 0.908475
6310.00000 0.908588
6320.00000 0.908337
6330.00000 0.907944
6340.00000 0.907753
6350.00000 0.907973
6360.00000 0.908508
6370.00000 0.909292
6380.00000 0.910054
6390.00000 0.91053
6400.00000 0.910651
6410.00000 0.910435
6420.00000 0.909852
6430.00000 0.908967
6440.00000 0.907906
6450.00000 0.906796
6460.00000 0.905759
6470.00000 0.904912
6480.00000 0.904325
6490.00000 0.903954
6500.00000 0.903669
6510.00000 0.903586
6520.00000 0.903821
6530.00000 0.904555
6540.00000 0.905768
6550.00000 0.907133
6560.00000 0.908502
6570.00000 0.909612
6580.00000 0.910346
6590.00000 0.910666
6600.00000 0.910532
6610.00000 0.909879
6620.00000 0.908805
6630.00000 0.907489
6640.00000 0.906227
6650.00000 0.905363
6660.00000 0.904904
6670.00000 0.904962
6680.00000 0.905543
6690.00000 0.906463
6700.00000 0.907369
6710.00000 0.908026
6720.00000 0.908381
6730.00000 0.908385
6740.00000 0.908055
6750.00000 0.907512
6760.00000 0.906768
6770.00000 0.906172
6780.00000 0.905844
6790.00000 0.905737
6800.00000 0.905808
6810.00000 0.906161
6820.00000 0.906649
6830.00000 0.907038
6840.00000 0.907187
6850.00000 0.907168
6860.00000 0.906884
6870.00000 0.906495
6880.00000 0.906009
6890.00000 0.905334
6900.00000 0.904421
6910.00000 0.903306
6920.00000 0.902017
6930.00000 0.900768
6940.00000 0.899815
6950.00000 0.899237
6960.00000 0.898993
6970.00000 0.898754
6980.00000 0.898517
6990.00000 0.898415
7000.00000 0.89824
7010.00000 0.897856
7020.00000 0.896918
7030.00000 0.895158
7040.00000 0.892488
7050.00000 0.889026
7060.00000 0.884512
7070.00000 0.878086
7080.00000 0.869359
7090.00000 0.858901
7100.00000 0.84864
7110.00000 0.835925
7120.00000 0.80989
7130.00000 0.758982
7140.00000 0.677257
7150.00000 0.569203
7160.00000 0.445263
7170.00000 0.321456
7180.00000 0.21485
7190.00000 0.137363
7200.00000 0.08731
7210.00000 0.055919
7220.00000 0.036415
7230.00000 0.024248
7240.00000 0.016827
7250.00000 0.012424
7260.00000 0.009325
7270.00000 0.004817
7280.00000 0.002643
7290.00000 0.001585
7300.00000 0.001038
7310.00000 0.000739
7320.00000 0.000551
7330.00000 0.0
