threeML/data/optical_filters/CTIO/DECam-u.ecsv
# %ECSV 0.9
# ---
# datatype:
# - {name: wavelength, unit: Angstrom, datatype: float32}
# - {name: response, datatype: float32}
# meta: !!omap
# - {band_name: u}
# - {group_name: DECam}
wavelength response
2990.00000 0.0
3000.00000 0.00134
3010.00000 0.001076
3020.00000 0.00088
3030.00000 0.001513
3040.00000 0.021181
3050.00000 0.085504
3060.00000 0.185535
3070.00000 0.283918
3080.00000 0.329725
3090.00000 0.364996
3100.00000 0.404425
3110.00000 0.482209
3120.00000 0.549832
3130.00000 0.592927
3140.00000 0.638762
3150.00000 0.675754
3160.00000 0.695873
3170.00000 0.700556
3180.00000 0.72603
3190.00000 0.767895
3200.00000 0.799123
3210.00000 0.813992
3220.00000 0.825102
3230.00000 0.827911
3240.00000 0.836227
3250.00000 0.850531
3260.00000 0.866001
3270.00000 0.877219
3280.00000 0.877552
3290.00000 0.882366
3300.00000 0.89699
3310.00000 0.899121
3320.00000 0.882627
3330.00000 0.879461
3340.00000 0.86501
3350.00000 0.870928
3360.00000 0.892298
3370.00000 0.893986
3380.00000 0.900143
3390.00000 0.900687
3400.00000 0.909131
3410.00000 0.909497
3420.00000 0.897995
3430.00000 0.896522
3440.00000 0.907939
3450.00000 0.922519
3460.00000 0.935242
3470.00000 0.9332
3480.00000 0.92481
3490.00000 0.919404
3500.00000 0.91871
3510.00000 0.918225
3520.00000 0.915936
3530.00000 0.911146
3540.00000 0.913205
3550.00000 0.925181
3560.00000 0.943057
3570.00000 0.946878
3580.00000 0.937611
3590.00000 0.928015
3600.00000 0.92035
3610.00000 0.917167
3620.00000 0.923545
3630.00000 0.936791
3640.00000 0.943356
3650.00000 0.94137
3660.00000 0.949084
3670.00000 0.955119
3680.00000 0.956598
3690.00000 0.955396
3700.00000 0.9512
3710.00000 0.94743
3720.00000 0.945
3730.00000 0.944798
3740.00000 0.950481
3750.00000 0.958308
3760.00000 0.963008
3770.00000 0.96423
3780.00000 0.963966
3790.00000 0.965793
3800.00000 0.966698
3810.00000 0.966712
3820.00000 0.962736
3830.00000 0.955879
3840.00000 0.950643
3850.00000 0.948861
3860.00000 0.95133
3870.00000 0.957177
3880.00000 0.963173
3890.00000 0.968491
3900.00000 0.969911
3910.00000 0.97065
3920.00000 0.968119
3930.00000 0.966368
3940.00000 0.965199
3950.00000 0.961146
3960.00000 0.959703
3970.00000 0.947163
3980.00000 0.859575
3990.00000 0.639779
4000.00000 0.359263
4010.00000 0.151075
4020.00000 0.053397
4030.00000 0.020428
4040.00000 0.008987
4050.00000 0.004146
4060.00000 0.002081
4070.00000 0.001101
4080.00000 0.000577
4090.00000 0.0
