threeML/data/optical_filters/CTIO/MosaicII-M.ecsv
# %ECSV 0.9
# ---
# datatype:
# - {name: wavelength, unit: Angstrom, datatype: float32}
# - {name: response, datatype: float32}
# meta: !!omap
# - {band_name: M}
# - {group_name: MosaicII}
wavelength response
4026.23999 0.0
4473.60010 0.0048
4479.60010 0.0074
4485.60010 0.0144
4491.60010 0.0235
4497.60010 0.0369
4503.70020 0.0584
4509.70020 0.0856
4515.70020 0.1177
4521.70020 0.1565
4527.70020 0.1994
4533.70020 0.2452
4539.70020 0.2927
4545.70020 0.3424
4551.70020 0.3925
4557.70020 0.4364
4563.70020 0.4774
4569.70020 0.519
4575.70020 0.5562
4581.70020 0.5889
4587.79980 0.6178
4593.79980 0.6439
4599.79980 0.6654
4605.79980 0.6878
4611.79980 0.7058
4617.79980 0.7233
4623.79980 0.7373
4629.79980 0.7552
4635.79980 0.7658
4641.79980 0.7782
4647.79980 0.7879
4653.79980 0.7971
4659.79980 0.8081
4665.89990 0.8154
4671.89990 0.8218
4677.89990 0.8268
4683.89990 0.8322
4689.89990 0.8352
4695.89990 0.8389
4701.89990 0.8435
4707.89990 0.8456
4713.89990 0.8479
4719.89990 0.8502
4725.89990 0.8514
4731.89990 0.8548
4737.89990 0.8585
4744.00000 0.8589
4750.00000 0.8585
4756.00000 0.8604
4762.00000 0.8608
4768.00000 0.8638
4774.00000 0.8656
4780.00000 0.8656
4786.00000 0.8707
4792.00000 0.8719
4798.00000 0.8736
4804.00000 0.8769
4810.00000 0.8786
4816.00000 0.8807
4822.00000 0.8818
4828.10010 0.8821
4834.10010 0.8828
4840.10010 0.8851
4846.10010 0.8854
4852.10010 0.8881
4858.10010 0.8875
4864.10010 0.8882
4870.10010 0.8896
4876.10010 0.8883
4882.10010 0.889
4888.10010 0.8904
4894.10010 0.8899
4900.10010 0.8886
4906.20020 0.8899
4912.20020 0.8916
4918.20020 0.8921
4924.20020 0.8923
4930.20020 0.8926
4936.20020 0.8921
4942.20020 0.8938
4948.20020 0.894
4954.20020 0.8939
4960.20020 0.8959
4966.20020 0.8967
4972.20020 0.8963
4978.20020 0.8979
4984.20020 0.8982
4990.29980 0.8994
4996.29980 0.8987
5002.29980 0.8998
5008.29980 0.902
5014.29980 0.902
5020.29980 0.9022
5026.29980 0.9021
5032.29980 0.9042
5038.29980 0.9042
5044.29980 0.9041
5050.29980 0.9064
5056.29980 0.9057
5062.29980 0.9065
5068.39990 0.9066
5074.39990 0.9071
5080.39990 0.9075
5086.39990 0.9072
5092.39990 0.9073
5098.39990 0.9054
5104.39990 0.9056
5110.39990 0.9062
5116.39990 0.907
5122.39990 0.9039
5128.39990 0.9047
5134.39990 0.9042
5140.39990 0.9034
5146.50000 0.903
5152.50000 0.904
5158.50000 0.9031
5164.50000 0.9019
5170.50000 0.9009
5176.50000 0.8993
5182.50000 0.8985
5188.50000 0.8984
5194.50000 0.8993
5200.50000 0.8969
5206.50000 0.8983
5212.50000 0.8969
5218.50000 0.8965
5224.50000 0.8979
5230.60010 0.896
5236.60010 0.8943
5242.60010 0.8933
5248.60010 0.8922
5254.60010 0.8918
5260.60010 0.8897
5266.60010 0.8885
5272.60010 0.8876
5278.60010 0.8866
5284.60010 0.886
5290.60010 0.8843
5296.60010 0.8843
5302.60010 0.8843
5308.70020 0.8833
5314.70020 0.8825
5320.70020 0.8803
5326.70020 0.8803
5332.70020 0.876
5338.70020 0.8753
5344.70020 0.8749
5350.70020 0.8737
5356.70020 0.8712
5362.70020 0.871
5368.70020 0.8704
5374.70020 0.8695
5380.70020 0.8669
5386.70020 0.8644
5392.79980 0.8646
5398.79980 0.8614
5404.79980 0.8605
5410.79980 0.8566
5416.79980 0.855
5422.79980 0.8541
5428.79980 0.8519
5434.79980 0.8492
5440.79980 0.8442
5446.79980 0.8432
5452.79980 0.8401
5458.79980 0.8393
5464.79980 0.8353
5470.89990 0.8338
5476.89990 0.8284
5482.89990 0.8266
5488.89990 0.8242
5494.89990 0.8233
5500.89990 0.8193
5506.89990 0.8161
5512.89990 0.8126
5518.89990 0.8096
5524.89990 0.807
5530.89990 0.8027
5536.89990 0.8004
5542.89990 0.7954
5549.00000 0.7937
5555.00000 0.7903
5561.00000 0.7857
5567.00000 0.7829
5573.00000 0.7794
5579.00000 0.7748
5585.00000 0.771
5591.00000 0.7661
5597.00000 0.7617
5603.00000 0.7607
5609.00000 0.7566
5615.00000 0.7515
5621.00000 0.7468
5627.00000 0.7456
5633.10010 0.7376
5639.10010 0.7347
5645.10010 0.7291
5651.10010 0.7256
5657.10010 0.7201
5663.10010 0.7144
5669.10010 0.7105
5675.10010 0.7037
5681.10010 0.6981
5687.10010 0.6909
5693.10010 0.6882
5699.10010 0.6825
5705.10010 0.6776
5711.20020 0.6725
5717.20020 0.6673
5723.20020 0.6635
5729.20020 0.6577
5735.20020 0.6503
5741.20020 0.6453
5747.20020 0.6401
5753.20020 0.6351
5759.20020 0.6305
5765.20020 0.6238
5771.20020 0.6176
5777.20020 0.6088
5783.20020 0.6046
5789.29980 0.5998
5795.29980 0.595
5801.29980 0.5879
5807.29980 0.5826
5813.29980 0.5732
5819.29980 0.5675
5825.29980 0.5625
5831.29980 0.5585
5837.29980 0.5535
5843.29980 0.5456
5849.29980 0.5361
5855.29980 0.5286
5861.29980 0.5244
5867.29980 0.5187
5873.39990 0.5108
5879.39990 0.5058
5885.39990 0.4991
5891.39990 0.493
5897.39990 0.4849
5903.39990 0.4801
5909.39990 0.4736
5915.39990 0.467
5921.39990 0.461
5927.39990 0.449
5933.39990 0.4431
5939.39990 0.44
5945.39990 0.4342
5951.50000 0.4271
5957.50000 0.4217
5963.50000 0.4173
5969.50000 0.41
5975.50000 0.4035
5981.50000 0.3973
5987.50000 0.3875
5993.50000 0.3819
5999.50000 0.3764
6005.50000 0.3694
6011.50000 0.3639
6017.50000 0.3603
6023.50000 0.3524
6029.50000 0.3457
6035.60010 0.3389
6041.60010 0.3342
6047.60010 0.329
6053.60010 0.3221
6059.60010 0.3152
6065.60010 0.3106
6071.60010 0.3039
6077.60010 0.2976
6083.60010 0.2933
6089.60010 0.2873
6095.60010 0.2818
6101.60010 0.2749
6107.60010 0.272
6113.70020 0.2656
6119.70020 0.2604
6125.70020 0.2551
6131.70020 0.2494
6137.70020 0.2435
6143.70020 0.238
6149.70020 0.2319
6155.70020 0.2263
6161.70020 0.2224
6167.70020 0.2185
6173.70020 0.2139
6179.70020 0.2081
6185.70020 0.2047
6191.79980 0.2006
6197.79980 0.1941
6203.79980 0.1908
6209.79980 0.1874
6215.79980 0.1812
6221.79980 0.1769
6227.79980 0.172
6233.79980 0.1669
6239.79980 0.164
6245.79980 0.1581
6251.79980 0.1529
6257.79980 0.1475
6263.79980 0.1445
6269.79980 0.141
6275.89990 0.1367
6281.89990 0.1345
6287.89990 0.1307
6293.89990 0.1265
6299.89990 0.1244
6305.89990 0.1206
6311.89990 0.117
6317.89990 0.1142
6323.89990 0.1107
6329.89990 0.1078
6335.89990 0.1047
6341.89990 0.1017
6347.89990 0.098
6354.00000 0.0959
6360.00000 0.0928
6366.00000 0.0887
6372.00000 0.0867
6378.00000 0.0839
6384.00000 0.0818
6390.00000 0.0785
6396.00000 0.076
6402.00000 0.0735
6408.00000 0.0735
6414.00000 0.0697
6420.00000 0.0678
6426.00000 0.0654
6432.00000 0.0633
6438.10010 0.0602
6444.10010 0.0591
6450.10010 0.0555
6456.10010 0.0547
6462.10010 0.053
6468.10010 0.052
6474.10010 0.0514
6480.10010 0.0492
6486.10010 0.0459
6492.10010 0.0434
6498.10010 0.0428
6504.10010 0.0411
6510.10010 0.0406
6516.20020 0.039
6522.20020 0.037
6528.20020 0.0347
6534.20020 0.0349
6540.20020 0.0328
6546.20020 0.0321
6552.20020 0.0296
6558.20020 0.0277
6564.20020 0.0278
6570.20020 0.0261
6576.20020 0.0255
6582.20020 0.0254
6588.20020 0.0252
6594.29980 0.0238
6600.29980 0.0227
6606.29980 0.0226
6612.29980 0.0216
6618.29980 0.0205
6624.29980 0.0187
6630.29980 0.0182
6636.29980 0.0167
6642.29980 0.0183
6648.29980 0.0182
6654.29980 0.0176
6660.29980 0.0174
6666.29980 0.0133
6672.29980 0.0153
6678.39990 0.0144
6684.39990 0.0109
6690.39990 0.0114
6696.39990 0.0112
6702.39990 0.0115
6708.39990 0.0104
6714.39990 0.0093
6720.39990 0.0086
6726.39990 0.0088
6732.39990 0.0096
6738.39990 0.0077
6744.39990 0.0079
6750.39990 0.0079
6756.50000 0.0071
6762.50000 0.0056
6768.50000 0.0055
6774.50000 0.006
6780.50000 0.0053
6786.50000 0.0058
6792.50000 0.0056
6798.50000 0.004
6804.50000 0.0043
7484.95020 0.0
