threeML/data/optical_filters/CTIO/MosaicII-OIII.ecsv
# %ECSV 0.9
# ---
# datatype:
# - {name: wavelength, unit: Angstrom, datatype: float32}
# - {name: response, datatype: float32}
# meta: !!omap
# - {band_name: OIII}
# - {group_name: MosaicII}
wavelength response
4444.91992 0.0
4938.79980 0.0044
4940.00000 0.0046
4941.20020 0.0055
4942.39990 0.006
4943.60010 0.0072
4944.79980 0.0084
4946.00000 0.0101
4947.20020 0.0117
4948.39990 0.0138
4949.60010 0.0162
4950.79980 0.0194
4952.00000 0.0229
4953.20020 0.0278
4954.39990 0.0337
4955.60010 0.0409
4956.79980 0.0501
4958.00000 0.0611
4959.20020 0.0749
4960.39990 0.091
4961.60010 0.1094
4962.79980 0.1302
4964.00000 0.1536
4965.20020 0.1777
4966.39990 0.2038
4967.60010 0.2317
4968.79980 0.2597
4970.00000 0.2889
4971.20020 0.3189
4972.39990 0.3499
4973.60010 0.3822
4974.79980 0.4138
4976.00000 0.4452
4977.20020 0.4749
4978.39990 0.504
4979.60010 0.531
4980.79980 0.5559
4982.00000 0.579
4983.20020 0.6008
4984.39990 0.6209
4985.60010 0.6393
4986.79980 0.6556
4988.00000 0.6703
4989.20020 0.6835
4990.39990 0.6945
4991.60010 0.7046
4992.79980 0.7132
4994.00000 0.7209
4995.20020 0.7272
4996.39990 0.7324
4997.60010 0.7365
4998.79980 0.7391
5000.00000 0.7409
5001.20020 0.7407
5002.39990 0.7392
5003.60010 0.7362
5004.79980 0.7317
5006.00000 0.7241
5007.20020 0.7147
5008.39990 0.7019
5009.60010 0.6861
5010.79980 0.6682
5012.00000 0.6471
5013.20020 0.624
5014.39990 0.5988
5015.60010 0.5724
5016.79980 0.5442
5018.00000 0.5144
5019.20020 0.4829
5020.39990 0.4506
5021.60010 0.4182
5022.79980 0.3857
5024.00000 0.3538
5025.20020 0.323
5026.39990 0.2936
5027.60010 0.266
5028.79980 0.2404
5030.00000 0.2173
5031.20020 0.195
5032.39990 0.1749
5033.60010 0.1559
5034.79980 0.1382
5036.00000 0.1222
5037.20020 0.1078
5038.39990 0.0946
5039.60010 0.0831
5040.79980 0.0726
5042.00000 0.0632
5043.20020 0.0555
5044.39990 0.0482
5045.60010 0.0417
5046.79980 0.0363
5048.00000 0.0311
5049.20020 0.0268
5050.39990 0.0227
5051.60010 0.0196
5052.79980 0.0167
5054.00000 0.0144
5055.20020 0.0125
5056.39990 0.0106
5057.60010 0.0092
5058.79980 0.008
5060.00000 0.0071
5061.20020 0.0058
5062.39990 0.0051
5063.60010 0.0043
5569.95996 0.0
