threeML/data/optical_filters/CTIO/MosaicII-B.ecsv
# %ECSV 0.9
# ---
# datatype:
# - {name: wavelength, unit: Angstrom, datatype: float32}
# - {name: response, datatype: float32}
# meta: !!omap
# - {band_name: B}
# - {group_name: MosaicII}
wavelength response
3166.19995 0.0
3518.00000 0.0042
3522.00000 0.0046
3526.00000 0.0051
3530.00000 0.006
3534.00000 0.0064
3538.00000 0.0072
3542.00000 0.0079
3546.00000 0.0088
3550.00000 0.01
3554.00000 0.0112
3558.00000 0.0123
3562.00000 0.0139
3566.00000 0.0157
3570.00000 0.0177
3574.00000 0.0196
3578.00000 0.0213
3582.00000 0.0235
3586.00000 0.0257
3590.00000 0.0285
3594.00000 0.0311
3598.00000 0.0341
3602.00000 0.0368
3606.00000 0.0405
3610.00000 0.0442
3614.00000 0.0477
3618.00000 0.0508
3622.00000 0.0549
3626.00000 0.0588
3630.00000 0.063
3634.00000 0.0668
3638.00000 0.0707
3642.00000 0.0755
3646.00000 0.0803
3650.00000 0.0862
3654.00000 0.0914
3658.00000 0.0958
3662.00000 0.1006
3666.00000 0.1059
3670.00000 0.1105
3674.00000 0.1159
3678.00000 0.1212
3682.00000 0.127
3686.00000 0.1332
3690.00000 0.1392
3694.00000 0.1441
3698.00000 0.1496
3702.00000 0.1558
3706.00000 0.1618
3710.00000 0.1677
3714.00000 0.174
3718.00000 0.1802
3722.00000 0.1864
3726.00000 0.1924
3730.00000 0.1983
3734.00000 0.2044
3738.00000 0.2109
3742.00000 0.2177
3746.00000 0.2234
3750.00000 0.229
3754.00000 0.2354
3758.00000 0.2415
3762.00000 0.2475
3766.00000 0.2535
3770.00000 0.2595
3774.00000 0.265
3778.00000 0.2703
3782.00000 0.2763
3786.00000 0.2822
3790.00000 0.2876
3794.00000 0.2932
3798.00000 0.298
3802.00000 0.3036
3806.00000 0.3088
3810.00000 0.3147
3814.00000 0.319
3818.00000 0.3241
3822.00000 0.3296
3826.00000 0.3351
3830.00000 0.34
3834.00000 0.3451
3838.00000 0.3499
3842.00000 0.3552
3846.00000 0.3603
3850.00000 0.3657
3854.00000 0.3705
3858.00000 0.3749
3862.00000 0.3794
3866.00000 0.3838
3870.00000 0.3884
3874.00000 0.3926
3878.00000 0.3972
3882.00000 0.4016
3886.00000 0.4061
3890.00000 0.4107
3894.00000 0.4146
3898.00000 0.4183
3902.00000 0.4223
3906.00000 0.426
3910.00000 0.4303
3914.00000 0.4348
3918.00000 0.4384
3922.00000 0.4421
3926.00000 0.4447
3930.00000 0.4477
3934.00000 0.4507
3938.00000 0.4538
3942.00000 0.457
3946.00000 0.4602
3950.00000 0.4632
3954.00000 0.4667
3958.00000 0.4702
3962.00000 0.4731
3966.00000 0.4764
3970.00000 0.4806
3974.00000 0.4836
3978.00000 0.4858
3982.00000 0.4879
3986.00000 0.4911
3990.00000 0.4947
3994.00000 0.4971
3998.00000 0.4993
4002.00000 0.5019
4006.00000 0.5052
4010.00000 0.5075
4014.00000 0.5099
4018.00000 0.5118
4022.00000 0.5143
4026.00000 0.5158
4030.00000 0.5178
4034.00000 0.5198
4038.00000 0.5216
4042.00000 0.5237
4046.00000 0.5259
4050.00000 0.5292
4054.00000 0.5312
4058.00000 0.5328
4062.00000 0.5342
4066.00000 0.5355
4070.00000 0.5372
4074.00000 0.5394
4078.00000 0.541
4082.00000 0.5432
4086.00000 0.546
4090.00000 0.5487
4094.00000 0.5501
4098.00000 0.5522
4102.00000 0.5544
4106.00000 0.5566
4110.00000 0.5585
4114.00000 0.5611
4118.00000 0.5632
4122.00000 0.5654
4126.00000 0.5671
4130.00000 0.5694
4134.00000 0.5715
4138.00000 0.5737
4142.00000 0.5754
4146.00000 0.5774
4150.00000 0.5786
4154.00000 0.5801
4158.00000 0.5801
4162.00000 0.5808
4166.00000 0.5817
4170.00000 0.5837
4174.00000 0.5857
4178.00000 0.5872
4182.00000 0.588
4186.00000 0.5885
4190.00000 0.5886
4194.00000 0.59
4198.00000 0.5913
4202.00000 0.5926
4206.00000 0.5929
4210.00000 0.594
4214.00000 0.5961
4218.00000 0.5987
4222.00000 0.6012
4226.00000 0.6033
4230.00000 0.6044
4234.00000 0.6043
4238.00000 0.6044
4242.00000 0.6061
4246.00000 0.6083
4250.00000 0.6099
4254.00000 0.6105
4258.00000 0.611
4262.00000 0.6122
4266.00000 0.614
4270.00000 0.6148
4274.00000 0.6154
4278.00000 0.616
4282.00000 0.6174
4286.00000 0.6185
4290.00000 0.6183
4294.00000 0.6176
4298.00000 0.6178
4302.00000 0.6188
4306.00000 0.6194
4310.00000 0.6185
4314.00000 0.6186
4318.00000 0.6193
4322.00000 0.6204
4326.00000 0.6213
4330.00000 0.6221
4334.00000 0.6224
4338.00000 0.6233
4342.00000 0.6236
4346.00000 0.6233
4350.00000 0.6227
4354.00000 0.6234
4358.00000 0.6243
4362.00000 0.6246
4366.00000 0.6243
4370.00000 0.6241
4374.00000 0.6244
4378.00000 0.6256
4382.00000 0.6262
4386.00000 0.6259
4390.00000 0.6265
4394.00000 0.6264
4398.00000 0.6256
4402.00000 0.6258
4406.00000 0.6261
4410.00000 0.6272
4414.00000 0.6266
4418.00000 0.6263
4422.00000 0.6265
4426.00000 0.6272
4430.00000 0.6272
4434.00000 0.6271
4438.00000 0.6267
4442.00000 0.6265
4446.00000 0.6263
4450.00000 0.6261
4454.00000 0.6257
4458.00000 0.6264
4462.00000 0.6271
4466.00000 0.6279
4470.00000 0.628
4474.00000 0.6264
4478.00000 0.6243
4482.00000 0.6233
4486.00000 0.6232
4490.00000 0.6232
4494.00000 0.6223
4498.00000 0.6216
4502.00000 0.6215
4506.00000 0.6206
4510.00000 0.6187
4514.00000 0.6177
4518.00000 0.6172
4522.00000 0.6159
4526.00000 0.6143
4530.00000 0.6142
4534.00000 0.6148
4538.00000 0.6139
4542.00000 0.6122
4546.00000 0.6107
4550.00000 0.6091
4554.00000 0.6094
4558.00000 0.6086
4562.00000 0.6073
4566.00000 0.6049
4570.00000 0.6026
4574.00000 0.6014
4578.00000 0.6002
4582.00000 0.5989
4586.00000 0.5976
4590.00000 0.5955
4594.00000 0.5932
4598.00000 0.5909
4602.00000 0.5884
4606.00000 0.5867
4610.00000 0.5842
4614.00000 0.5813
4618.00000 0.5784
4622.00000 0.5757
4626.00000 0.5733
4630.00000 0.5705
4634.00000 0.5675
4638.00000 0.5649
4642.00000 0.5634
4646.00000 0.5629
4650.00000 0.561
4654.00000 0.558
4658.00000 0.554
4662.00000 0.551
4666.00000 0.5486
4670.00000 0.5457
4674.00000 0.5421
4678.00000 0.5384
4682.00000 0.5333
4686.00000 0.5288
4690.00000 0.524
4694.00000 0.5197
4698.00000 0.5148
4702.00000 0.51
4706.00000 0.5045
4710.00000 0.4997
4714.00000 0.4949
4718.00000 0.4899
4722.00000 0.4837
4726.00000 0.4779
4730.00000 0.4725
4734.00000 0.4672
4738.00000 0.4619
4742.00000 0.4569
4746.00000 0.4523
4750.00000 0.4466
4754.00000 0.4413
4758.00000 0.4352
4762.00000 0.4295
4766.00000 0.4241
4770.00000 0.4189
4774.00000 0.4138
4778.00000 0.4083
4782.00000 0.4033
4786.00000 0.3982
4790.00000 0.3926
4794.00000 0.3872
4798.00000 0.3819
4802.00000 0.3764
4806.00000 0.3707
4810.00000 0.3653
4814.00000 0.359
4818.00000 0.3541
4822.00000 0.3488
4826.00000 0.3438
4830.00000 0.3375
4834.00000 0.3311
4838.00000 0.3256
4842.00000 0.3197
4846.00000 0.3143
4850.00000 0.3086
4854.00000 0.3008
4858.00000 0.292
4862.00000 0.287
4866.00000 0.2847
4870.00000 0.2822
4874.00000 0.2781
4878.00000 0.2736
4882.00000 0.2688
4886.00000 0.2638
4890.00000 0.258
4894.00000 0.2531
4898.00000 0.2475
4902.00000 0.2424
4906.00000 0.2375
4910.00000 0.2327
4914.00000 0.2284
4918.00000 0.2241
4922.00000 0.2197
4926.00000 0.215
4930.00000 0.2105
4934.00000 0.2064
4938.00000 0.2028
4942.00000 0.1991
4946.00000 0.195
4950.00000 0.1922
4954.00000 0.1885
4958.00000 0.1846
4962.00000 0.181
4966.00000 0.1778
4970.00000 0.1752
4974.00000 0.1727
4978.00000 0.1698
4982.00000 0.1668
4986.00000 0.1637
4990.00000 0.1602
4994.00000 0.1577
4998.00000 0.155
5002.00000 0.1519
5006.00000 0.1491
5010.00000 0.1458
5014.00000 0.1427
5018.00000 0.1401
5022.00000 0.1371
5026.00000 0.1343
5030.00000 0.131
5034.00000 0.128
5038.00000 0.1252
5042.00000 0.1223
5046.00000 0.1189
5050.00000 0.1158
5054.00000 0.1127
5058.00000 0.1091
5062.00000 0.1057
5066.00000 0.1023
5070.00000 0.0998
5074.00000 0.0975
5078.00000 0.0945
5082.00000 0.0914
5086.00000 0.0886
5090.00000 0.0857
5094.00000 0.0836
5098.00000 0.0812
5102.00000 0.0788
5106.00000 0.0762
5110.00000 0.0738
5114.00000 0.0718
5118.00000 0.0699
5122.00000 0.0679
5126.00000 0.0657
5130.00000 0.0632
5134.00000 0.0611
5138.00000 0.0599
5142.00000 0.0585
5146.00000 0.0568
5150.00000 0.0542
5154.00000 0.0523
5158.00000 0.0508
5162.00000 0.0493
5166.00000 0.0476
5170.00000 0.0458
5174.00000 0.0439
5178.00000 0.0423
5182.00000 0.0409
5186.00000 0.0392
5190.00000 0.0376
5194.00000 0.0365
5198.00000 0.0358
5202.00000 0.0341
5206.00000 0.0327
5210.00000 0.0315
5214.00000 0.0302
5218.00000 0.0295
5222.00000 0.0288
5226.00000 0.0277
5230.00000 0.026
5234.00000 0.0248
5238.00000 0.0236
5242.00000 0.0224
5246.00000 0.0219
5250.00000 0.021
5254.00000 0.0206
5258.00000 0.0194
5262.00000 0.0185
5266.00000 0.0176
5270.00000 0.0167
5274.00000 0.0157
5278.00000 0.0155
5282.00000 0.015
5286.00000 0.0145
5290.00000 0.0138
5294.00000 0.0132
5298.00000 0.0126
5302.00000 0.012
5306.00000 0.0117
5310.00000 0.0112
5314.00000 0.0111
5318.00000 0.0108
5322.00000 0.0104
5326.00000 0.01
5330.00000 0.0098
5334.00000 0.0093
5338.00000 0.0093
5342.00000 0.0093
5346.00000 0.0091
5350.00000 0.0085
5354.00000 0.0083
5358.00000 0.0081
5362.00000 0.0075
5366.00000 0.0073
5370.00000 0.0073
5374.00000 0.007
5378.00000 0.0073
5382.00000 0.0074
5386.00000 0.0075
5390.00000 0.007
5394.00000 0.007
5398.00000 0.0068
5402.00000 0.0063
5406.00000 0.006
5410.00000 0.006
5414.00000 0.0063
5418.00000 0.007
5422.00000 0.007
5426.00000 0.007
5430.00000 0.007
5434.00000 0.0066
5438.00000 0.0068
5442.00000 0.0066
5446.00000 0.0069
5450.00000 0.007
5454.00000 0.0064
5458.00000 0.0057
5462.00000 0.005
5466.00000 0.005
5470.00000 0.0055
5474.00000 0.0062
5478.00000 0.0063
5482.00000 0.0066
5486.00000 0.0074
5490.00000 0.008
5494.00000 0.0072
5498.00000 0.0071
5502.00000 0.0076
5506.00000 0.0078
5510.00000 0.0083
5514.00000 0.0084
5518.00000 0.0088
5522.00000 0.0088
5526.00000 0.0092
5530.00000 0.0095
5534.00000 0.0095
5538.00000 0.0097
5542.00000 0.0099
5546.00000 0.01
5550.00000 0.0107
5554.00000 0.0109
5558.00000 0.011
5562.00000 0.0112
5566.00000 0.0118
5570.00000 0.012
5574.00000 0.0118
5578.00000 0.0121
5582.00000 0.0122
5586.00000 0.012
5590.00000 0.012
5594.00000 0.012
5598.00000 0.012
5602.00000 0.0121
5606.00000 0.0123
5610.00000 0.0125
5614.00000 0.0129
5618.00000 0.0129
5622.00000 0.0128
5626.00000 0.0128
5630.00000 0.0127
5634.00000 0.012
5638.00000 0.0123
5642.00000 0.0121
5646.00000 0.012
5650.00000 0.0115
5654.00000 0.0115
5658.00000 0.0115
5662.00000 0.0112
5666.00000 0.0103
5670.00000 0.0102
5674.00000 0.0097
5678.00000 0.0092
5682.00000 0.0092
5686.00000 0.009
5690.00000 0.0088
5694.00000 0.0084
5698.00000 0.008
5702.00000 0.0074
5706.00000 0.0066
5710.00000 0.0065
5714.00000 0.006
5718.00000 0.0061
5722.00000 0.0064
5726.00000 0.006
5730.00000 0.0058
5734.00000 0.0054
5738.00000 0.005
5742.00000 0.005
5746.00000 0.0046
5750.00000 0.004
5754.00000 0.004
6329.39990 0.0
