threeML/data/optical_filters/CTIO/MosaicII-uSDSS.ecsv
# %ECSV 0.9
# ---
# datatype:
# - {name: wavelength, unit: Angstrom, datatype: float32}
# - {name: response, datatype: float32}
# meta: !!omap
# - {band_name: uSDSS}
# - {group_name: MosaicII}
wavelength response
2406.60010 0.0
2674.00000 0.0362
2676.00000 0.036
2678.00000 0.0358
2680.00000 0.0355
2682.00000 0.0353
2684.00000 0.035
2686.00000 0.0348
2688.00000 0.0346
2690.00000 0.0343
2692.00000 0.0341
2694.00000 0.0339
2696.00000 0.0336
2698.00000 0.0334
2700.00000 0.0331
2702.00000 0.0329
2704.00000 0.0327
2706.00000 0.0324
2708.00000 0.0322
2710.00000 0.032
2712.00000 0.0317
2714.00000 0.0315
2716.00000 0.0312
2718.00000 0.031
2720.00000 0.0308
2722.00000 0.0305
2724.00000 0.0303
2726.00000 0.0301
2728.00000 0.0298
2730.00000 0.0296
2732.00000 0.0293
2734.00000 0.0291
2736.00000 0.0289
2738.00000 0.0286
2740.00000 0.0284
2742.00000 0.0282
2744.00000 0.0279
2746.00000 0.0277
2748.00000 0.0274
2750.00000 0.0272
2752.00000 0.027
2754.00000 0.0267
2756.00000 0.0265
2758.00000 0.0263
2760.00000 0.026
2762.00000 0.0258
2764.00000 0.0255
2766.00000 0.0253
2768.00000 0.0251
2770.00000 0.0248
2772.00000 0.0246
2774.00000 0.0244
2776.00000 0.0241
2778.00000 0.0239
2780.00000 0.0237
2782.00000 0.0234
2784.00000 0.0232
2786.00000 0.0229
2788.00000 0.0227
2790.00000 0.0225
2792.00000 0.0222
2794.00000 0.022
2796.00000 0.0218
2798.00000 0.0215
2800.00000 0.0213
2802.00000 0.021
2804.00000 0.0208
2806.00000 0.0206
2808.00000 0.0203
2810.00000 0.0201
2812.00000 0.0199
2814.00000 0.0196
2816.00000 0.0194
2818.00000 0.0191
2820.00000 0.0189
2822.00000 0.0187
2824.00000 0.0184
2826.00000 0.0182
2828.00000 0.018
2830.00000 0.0177
2832.00000 0.0175
2834.00000 0.0172
2836.00000 0.017
2838.00000 0.0168
2840.00000 0.0165
2842.00000 0.0163
2844.00000 0.0161
2846.00000 0.0158
2848.00000 0.0156
2850.00000 0.0153
2852.00000 0.0151
2854.00000 0.0149
2856.00000 0.0146
2858.00000 0.0144
2860.00000 0.0142
2862.00000 0.0139
2864.00000 0.0137
2866.00000 0.0134
2868.00000 0.0132
2870.00000 0.013
2872.00000 0.0127
2874.00000 0.0125
2876.00000 0.0123
2878.00000 0.012
2880.00000 0.0118
2882.00000 0.0115
2884.00000 0.0113
2886.00000 0.0111
2888.00000 0.0108
2890.00000 0.0106
2892.00000 0.0104
2894.00000 0.0101
2896.00000 0.0099
2898.00000 0.0097
2900.00000 0.0094
2902.00000 0.0092
2904.00000 0.0089
2906.00000 0.0087
2908.00000 0.0085
2910.00000 0.0082
2912.00000 0.008
2914.00000 0.0078
2916.00000 0.0075
2918.00000 0.0073
2920.00000 0.007
2922.00000 0.0068
2924.00000 0.0066
2926.00000 0.0063
2928.00000 0.0061
2930.00000 0.0059
2932.00000 0.0056
2934.00000 0.0054
2936.00000 0.0052
2938.00000 0.0049
2940.00000 0.0047
2942.00000 0.0044
2944.00000 0.0042
2946.00000 0.004
2948.00000 0.0037
2950.00000 0.0035
2952.00000 0.0033
2954.00000 0.003
2956.00000 0.0028
2958.00000 0.0026
2960.00000 0.0023
2962.00000 0.0021
2964.00000 0.0019
2966.00000 0.0016
2968.00000 0.0014
2970.00000 0.0012
2972.00000 0.001
2974.00000 0.0008
2976.00000 0.0005
2978.00000 0.0005
2980.00000 0.0005
2982.00000 0.0008
2984.00000 0.0009
2986.00000 0.001
2988.00000 0.001
2990.00000 0.0015
2992.00000 0.0014
2994.00000 0.001
2996.00000 0.001
2998.00000 0.0014
3000.00000 0.0015
3002.00000 0.0017
3004.00000 0.0017
3006.00000 0.0017
3008.00000 0.0017
3010.00000 0.002
3012.00000 0.002
3014.00000 0.0023
3016.00000 0.0023
3018.00000 0.002
3020.00000 0.0022
3022.00000 0.0021
3024.00000 0.0027
3026.00000 0.0029
3028.00000 0.003
3030.00000 0.0035
3032.00000 0.0035
3034.00000 0.0036
3036.00000 0.0038
3038.00000 0.0038
3040.00000 0.0045
3042.00000 0.0045
3044.00000 0.0049
3046.00000 0.0053
3048.00000 0.0059
3050.00000 0.0068
3052.00000 0.0072
3054.00000 0.0078
3056.00000 0.0084
3058.00000 0.0088
3060.00000 0.0093
3062.00000 0.01
3064.00000 0.0104
3066.00000 0.0116
3068.00000 0.0128
3070.00000 0.014
3072.00000 0.0147
3074.00000 0.0161
3076.00000 0.0176
3078.00000 0.019
3080.00000 0.0202
3082.00000 0.0222
3084.00000 0.0247
3086.00000 0.027
3088.00000 0.0295
3090.00000 0.0315
3092.00000 0.0345
3094.00000 0.0373
3096.00000 0.0402
3098.00000 0.0432
3100.00000 0.0463
3102.00000 0.0492
3104.00000 0.0527
3106.00000 0.0559
3108.00000 0.059
3110.00000 0.0623
3112.00000 0.0648
3114.00000 0.068
3116.00000 0.071
3118.00000 0.0742
3120.00000 0.077
3122.00000 0.0803
3124.00000 0.0833
3126.00000 0.0863
3128.00000 0.0895
3130.00000 0.0922
3132.00000 0.0957
3134.00000 0.0988
3136.00000 0.1019
3138.00000 0.1057
3140.00000 0.11
3142.00000 0.1138
3144.00000 0.1183
3146.00000 0.1229
3148.00000 0.128
3150.00000 0.1334
3152.00000 0.1387
3154.00000 0.1443
3156.00000 0.1499
3158.00000 0.1557
3160.00000 0.1609
3162.00000 0.1671
3164.00000 0.1722
3166.00000 0.1771
3168.00000 0.1824
3170.00000 0.187
3172.00000 0.1916
3174.00000 0.1961
3176.00000 0.2002
3178.00000 0.2043
3180.00000 0.2072
3182.00000 0.2097
3184.00000 0.2122
3186.00000 0.214
3188.00000 0.2155
3190.00000 0.2167
3192.00000 0.218
3194.00000 0.2194
3196.00000 0.2206
3198.00000 0.2219
3200.00000 0.2242
3202.00000 0.2257
3204.00000 0.2284
3206.00000 0.2307
3208.00000 0.233
3210.00000 0.2356
3212.00000 0.239
3214.00000 0.2425
3216.00000 0.2464
3218.00000 0.2505
3220.00000 0.2558
3222.00000 0.2608
3224.00000 0.2668
3226.00000 0.2728
3228.00000 0.2795
3230.00000 0.2855
3232.00000 0.2922
3234.00000 0.2988
3236.00000 0.3054
3238.00000 0.3126
3240.00000 0.3192
3242.00000 0.3257
3244.00000 0.3324
3246.00000 0.3383
3248.00000 0.3443
3250.00000 0.35
3252.00000 0.3548
3254.00000 0.3593
3256.00000 0.3635
3258.00000 0.3675
3260.00000 0.3714
3262.00000 0.3752
3264.00000 0.3789
3266.00000 0.3818
3268.00000 0.3855
3270.00000 0.3884
3272.00000 0.3914
3274.00000 0.3939
3276.00000 0.3965
3278.00000 0.3996
3280.00000 0.4023
3282.00000 0.4054
3284.00000 0.4084
3286.00000 0.4117
3288.00000 0.4154
3290.00000 0.419
3292.00000 0.4224
3294.00000 0.4265
3296.00000 0.431
3298.00000 0.4352
3300.00000 0.4395
3302.00000 0.4445
3304.00000 0.45
3306.00000 0.4553
3308.00000 0.4608
3310.00000 0.4654
3312.00000 0.4705
3314.00000 0.4751
3316.00000 0.4796
3318.00000 0.4843
3320.00000 0.4886
3322.00000 0.4923
3324.00000 0.4961
3326.00000 0.4997
3328.00000 0.503
3330.00000 0.5058
3332.00000 0.5082
3334.00000 0.5107
3336.00000 0.5127
3338.00000 0.5147
3340.00000 0.5163
3342.00000 0.5185
3344.00000 0.5203
3346.00000 0.5225
3348.00000 0.5241
3350.00000 0.5263
3352.00000 0.5276
3354.00000 0.5296
3356.00000 0.5314
3358.00000 0.5329
3360.00000 0.5348
3362.00000 0.5372
3364.00000 0.5395
3366.00000 0.5419
3368.00000 0.5444
3370.00000 0.5474
3372.00000 0.5505
3374.00000 0.5536
3376.00000 0.5563
3378.00000 0.5591
3380.00000 0.5623
3382.00000 0.5654
3384.00000 0.5679
3386.00000 0.57
3388.00000 0.5718
3390.00000 0.5733
3392.00000 0.5752
3394.00000 0.5765
3396.00000 0.5771
3398.00000 0.5773
3400.00000 0.5775
3402.00000 0.5776
3404.00000 0.5767
3406.00000 0.5757
3408.00000 0.5747
3410.00000 0.5728
3412.00000 0.5703
3414.00000 0.5679
3416.00000 0.5654
3418.00000 0.5629
3420.00000 0.5606
3422.00000 0.5578
3424.00000 0.555
3426.00000 0.5523
3428.00000 0.5497
3430.00000 0.5475
3432.00000 0.5451
3434.00000 0.5431
3436.00000 0.5413
3438.00000 0.54
3440.00000 0.5388
3442.00000 0.5385
3444.00000 0.5385
3446.00000 0.539
3448.00000 0.5401
3450.00000 0.5415
3452.00000 0.5433
3454.00000 0.5454
3456.00000 0.5474
3458.00000 0.5503
3460.00000 0.5538
3462.00000 0.5575
3464.00000 0.5615
3466.00000 0.5662
3468.00000 0.5712
3470.00000 0.5765
3472.00000 0.5811
3474.00000 0.5869
3476.00000 0.5923
3478.00000 0.5974
3480.00000 0.6031
3482.00000 0.6082
3484.00000 0.6133
3486.00000 0.6178
3488.00000 0.6226
3490.00000 0.627
3492.00000 0.6313
3494.00000 0.6348
3496.00000 0.6381
3498.00000 0.6409
3500.00000 0.6434
3502.00000 0.6453
3504.00000 0.6469
3506.00000 0.648
3508.00000 0.6484
3510.00000 0.6487
3512.00000 0.6488
3514.00000 0.648
3516.00000 0.6473
3518.00000 0.6463
3520.00000 0.6456
3522.00000 0.6444
3524.00000 0.643
3526.00000 0.6415
3528.00000 0.6395
3530.00000 0.6377
3532.00000 0.6366
3534.00000 0.6352
3536.00000 0.6337
3538.00000 0.6322
3540.00000 0.6314
3542.00000 0.631
3544.00000 0.6304
3546.00000 0.6304
3548.00000 0.6311
3550.00000 0.6313
3552.00000 0.6312
3554.00000 0.6319
3556.00000 0.6324
3558.00000 0.6328
3560.00000 0.6338
3562.00000 0.6358
3564.00000 0.6375
3566.00000 0.6392
3568.00000 0.6407
3570.00000 0.6427
3572.00000 0.6439
3574.00000 0.6453
3576.00000 0.6471
3578.00000 0.6489
3580.00000 0.6503
3582.00000 0.6515
3584.00000 0.6527
3586.00000 0.6534
3588.00000 0.654
3590.00000 0.6542
3592.00000 0.6548
3594.00000 0.6549
3596.00000 0.6545
3598.00000 0.6542
3600.00000 0.6533
3602.00000 0.6524
3604.00000 0.6514
3606.00000 0.6502
3608.00000 0.6486
3610.00000 0.6466
3612.00000 0.6444
3614.00000 0.6424
3616.00000 0.6404
3618.00000 0.6381
3620.00000 0.6357
3622.00000 0.6336
3624.00000 0.6312
3626.00000 0.6291
3628.00000 0.6266
3630.00000 0.6244
3632.00000 0.6221
3634.00000 0.6198
3636.00000 0.6177
3638.00000 0.6159
3640.00000 0.6145
3642.00000 0.613
3644.00000 0.6119
3646.00000 0.6113
3648.00000 0.6107
3650.00000 0.6106
3652.00000 0.6098
3654.00000 0.6097
3656.00000 0.61
3658.00000 0.6103
3660.00000 0.611
3662.00000 0.6113
3664.00000 0.6122
3666.00000 0.6128
3668.00000 0.6138
3670.00000 0.615
3672.00000 0.6158
3674.00000 0.617
3676.00000 0.6178
3678.00000 0.619
3680.00000 0.6197
3682.00000 0.6201
3684.00000 0.6206
3686.00000 0.6208
3688.00000 0.6207
3690.00000 0.6205
3692.00000 0.621
3694.00000 0.6203
3696.00000 0.6199
3698.00000 0.6192
3700.00000 0.6174
3702.00000 0.6161
3704.00000 0.6142
3706.00000 0.6123
3708.00000 0.6099
3710.00000 0.6075
3712.00000 0.6043
3714.00000 0.6013
3716.00000 0.5976
3718.00000 0.594
3720.00000 0.5907
3722.00000 0.5876
3724.00000 0.5832
3726.00000 0.5799
3728.00000 0.5762
3730.00000 0.5721
3732.00000 0.5674
3734.00000 0.5629
3736.00000 0.5585
3738.00000 0.5536
3740.00000 0.5489
3742.00000 0.5447
3744.00000 0.5404
3746.00000 0.5362
3748.00000 0.5321
3750.00000 0.5287
3752.00000 0.5248
3754.00000 0.521
3756.00000 0.5173
3758.00000 0.5136
3760.00000 0.51
3762.00000 0.5063
3764.00000 0.5029
3766.00000 0.4997
3768.00000 0.496
3770.00000 0.4924
3772.00000 0.4889
3774.00000 0.4855
3776.00000 0.4823
3778.00000 0.4788
3780.00000 0.4755
3782.00000 0.4726
3784.00000 0.469
3786.00000 0.4659
3788.00000 0.4624
3790.00000 0.4586
3792.00000 0.455
3794.00000 0.4511
3796.00000 0.4474
3798.00000 0.4434
3800.00000 0.4392
3802.00000 0.4348
3804.00000 0.4304
3806.00000 0.4262
3808.00000 0.4215
3810.00000 0.4171
3812.00000 0.4115
3814.00000 0.4061
3816.00000 0.4008
3818.00000 0.3947
3820.00000 0.3882
3822.00000 0.3821
3824.00000 0.3762
3826.00000 0.3699
3828.00000 0.3636
3830.00000 0.3577
3832.00000 0.3512
3834.00000 0.3444
3836.00000 0.3377
3838.00000 0.3306
3840.00000 0.3238
3842.00000 0.3169
3844.00000 0.3097
3846.00000 0.3031
3848.00000 0.2961
3850.00000 0.289
3852.00000 0.2824
3854.00000 0.2759
3856.00000 0.2689
3858.00000 0.262
3860.00000 0.2555
3862.00000 0.2491
3864.00000 0.242
3866.00000 0.2358
3868.00000 0.2292
3870.00000 0.2232
3872.00000 0.2167
3874.00000 0.2105
3876.00000 0.2044
3878.00000 0.1984
3880.00000 0.1925
3882.00000 0.1867
3884.00000 0.1811
3886.00000 0.1758
3888.00000 0.1709
3890.00000 0.1658
3892.00000 0.1611
3894.00000 0.1562
3896.00000 0.1514
3898.00000 0.1464
3900.00000 0.1417
3902.00000 0.1369
3904.00000 0.132
3906.00000 0.1279
3908.00000 0.1232
3910.00000 0.1194
3912.00000 0.1147
3914.00000 0.1103
3916.00000 0.1059
3918.00000 0.1017
3920.00000 0.0978
3922.00000 0.0942
3924.00000 0.0899
3926.00000 0.0858
3928.00000 0.0822
3930.00000 0.0787
3932.00000 0.0753
3934.00000 0.072
3936.00000 0.0692
3938.00000 0.0662
3940.00000 0.0637
3942.00000 0.0603
3944.00000 0.0578
3946.00000 0.0553
3948.00000 0.052
3950.00000 0.0495
3952.00000 0.0472
3954.00000 0.0448
3956.00000 0.0421
3958.00000 0.0397
3960.00000 0.0373
3962.00000 0.0352
3964.00000 0.0332
3966.00000 0.0313
3968.00000 0.0291
3970.00000 0.0278
3972.00000 0.0258
3974.00000 0.0244
3976.00000 0.0228
3978.00000 0.021
3980.00000 0.0198
3982.00000 0.0186
3984.00000 0.0175
3986.00000 0.0164
3988.00000 0.015
3990.00000 0.0142
3992.00000 0.013
3994.00000 0.0121
3996.00000 0.0116
3998.00000 0.0111
4000.00000 0.0103
4002.00000 0.0097
4004.00000 0.0091
4006.00000 0.0082
4008.00000 0.0079
4010.00000 0.007
4012.00000 0.0068
4014.00000 0.0063
4016.00000 0.006
4018.00000 0.0057
4020.00000 0.005
4022.00000 0.0049
4024.00000 0.0043
4426.39990 0.0
