threeML/data/optical_filters/CTIO/MosaicII-gSDSS.ecsv
# %ECSV 0.9
# ---
# datatype:
# - {name: wavelength, unit: Angstrom, datatype: float32}
# - {name: response, datatype: float32}
# meta: !!omap
# - {band_name: gSDSS}
# - {group_name: MosaicII}
wavelength response
2653.19995 0.0
2948.00000 0.0515
2952.00000 0.0512
2956.00000 0.0508
2960.00000 0.0505
2964.00000 0.0501
2968.00000 0.0498
2972.00000 0.0495
2976.00000 0.0491
2980.00000 0.0488
2984.00000 0.0484
2988.00000 0.0481
2992.00000 0.0478
2996.00000 0.0474
3000.00000 0.0471
3004.00000 0.0468
3008.00000 0.0464
3012.00000 0.0461
3016.00000 0.0457
3020.00000 0.0454
3024.00000 0.0451
3028.00000 0.0447
3032.00000 0.0444
3036.00000 0.044
3040.00000 0.0437
3044.00000 0.0434
3048.00000 0.043
3052.00000 0.0427
3056.00000 0.0423
3060.00000 0.042
3064.00000 0.0417
3068.00000 0.0413
3072.00000 0.041
3076.00000 0.0406
3080.00000 0.0403
3084.00000 0.04
3088.00000 0.0396
3092.00000 0.0393
3096.00000 0.0389
3100.00000 0.0386
3104.00000 0.0383
3108.00000 0.0379
3112.00000 0.0376
3116.00000 0.0372
3120.00000 0.0369
3124.00000 0.0366
3128.00000 0.0362
3132.00000 0.0359
3136.00000 0.0355
3140.00000 0.0352
3144.00000 0.0349
3148.00000 0.0345
3152.00000 0.0342
3156.00000 0.0338
3160.00000 0.0335
3164.00000 0.0332
3168.00000 0.0328
3172.00000 0.0325
3176.00000 0.0322
3180.00000 0.0318
3184.00000 0.0315
3188.00000 0.0311
3192.00000 0.0308
3196.00000 0.0305
3200.00000 0.0301
3204.00000 0.0298
3208.00000 0.0294
3212.00000 0.0291
3216.00000 0.0288
3220.00000 0.0284
3224.00000 0.0281
3228.00000 0.0277
3232.00000 0.0274
3236.00000 0.0271
3240.00000 0.0267
3244.00000 0.0264
3248.00000 0.026
3252.00000 0.0257
3256.00000 0.0254
3260.00000 0.025
3264.00000 0.0247
3268.00000 0.0243
3272.00000 0.024
3276.00000 0.0237
3280.00000 0.0233
3284.00000 0.023
3288.00000 0.0226
3292.00000 0.0223
3296.00000 0.022
3300.00000 0.0216
3304.00000 0.0213
3308.00000 0.0209
3312.00000 0.0206
3316.00000 0.0203
3320.00000 0.0199
3324.00000 0.0196
3328.00000 0.0193
3332.00000 0.0189
3336.00000 0.0186
3340.00000 0.0182
3344.00000 0.0179
3348.00000 0.0176
3352.00000 0.0172
3356.00000 0.0169
3360.00000 0.0165
3364.00000 0.0162
3368.00000 0.0159
3372.00000 0.0155
3376.00000 0.0152
3380.00000 0.0148
3384.00000 0.0145
3388.00000 0.0142
3392.00000 0.0138
3396.00000 0.0135
3400.00000 0.0131
3404.00000 0.0128
3408.00000 0.0125
3412.00000 0.0121
3416.00000 0.0118
3420.00000 0.0114
3424.00000 0.0111
3428.00000 0.0108
3432.00000 0.0104
3436.00000 0.0101
3440.00000 0.0097
3444.00000 0.0094
3448.00000 0.0091
3452.00000 0.0087
3456.00000 0.0084
3460.00000 0.0081
3464.00000 0.0077
3468.00000 0.0074
3472.00000 0.007
3476.00000 0.0067
3480.00000 0.0064
3484.00000 0.006
3488.00000 0.0057
3492.00000 0.0053
3496.00000 0.005
3500.00000 0.0047
3504.00000 0.0043
3508.00000 0.004
3512.00000 0.0036
3516.00000 0.0033
3520.00000 0.003
3524.00000 0.0026
3528.00000 0.0023
3532.00000 0.0019
3536.00000 0.0016
3540.00000 0.0013
3544.00000 0.001
3548.00000 0.0012
3552.00000 0.0012
3556.00000 0.001
3560.00000 0.0007
3564.00000 0.0009
3568.00000 0.0005
3572.00000 0.0004
3576.00000 0.0005
3580.00000 0.0005
3584.00000 0.001
3588.00000 0.0009
3592.00000 0.0006
3596.00000 0.0013
3600.00000 0.0015
3604.00000 0.0015
3608.00000 0.0015
3612.00000 0.0014
3616.00000 0.0013
3620.00000 0.0012
3624.00000 0.0012
3628.00000 0.0012
3632.00000 0.0016
3636.00000 0.0011
3640.00000 0.001
3644.00000 0.0011
3648.00000 0.0016
3652.00000 0.0018
3656.00000 0.0014
3660.00000 0.0018
3664.00000 0.0013
3668.00000 0.0012
3672.00000 0.001
3676.00000 0.001
3680.00000 0.0013
3684.00000 0.0013
3688.00000 0.0013
3692.00000 0.0011
3696.00000 0.001
3700.00000 0.0013
3704.00000 0.0013
3708.00000 0.0015
3712.00000 0.0015
3716.00000 0.0015
3720.00000 0.0018
3724.00000 0.0016
3728.00000 0.0011
3732.00000 0.0009
3736.00000 0.0016
3740.00000 0.0018
3744.00000 0.0018
3748.00000 0.0016
3752.00000 0.0018
3756.00000 0.0017
3760.00000 0.0017
3764.00000 0.0018
3768.00000 0.0013
3772.00000 0.0012
3776.00000 0.0012
3780.00000 0.0013
3784.00000 0.0012
3788.00000 0.0018
3792.00000 0.002
3796.00000 0.0016
3800.00000 0.0013
3804.00000 0.0013
3808.00000 0.0016
3812.00000 0.0021
3816.00000 0.0022
3820.00000 0.0022
3824.00000 0.0019
3828.00000 0.0017
3832.00000 0.0017
3836.00000 0.002
3840.00000 0.0027
3844.00000 0.0032
3848.00000 0.0045
3852.00000 0.0051
3856.00000 0.0057
3860.00000 0.0066
3864.00000 0.0073
3868.00000 0.0088
3872.00000 0.01
3876.00000 0.011
3880.00000 0.0115
3884.00000 0.0127
3888.00000 0.0147
3892.00000 0.017
3896.00000 0.0197
3900.00000 0.0242
3904.00000 0.0297
3908.00000 0.0374
3912.00000 0.0462
3916.00000 0.0573
3920.00000 0.0699
3924.00000 0.0827
3928.00000 0.0941
3932.00000 0.1038
3936.00000 0.1097
3940.00000 0.1135
3944.00000 0.1152
3948.00000 0.1155
3952.00000 0.1155
3956.00000 0.1158
3960.00000 0.1167
3964.00000 0.12
3968.00000 0.1265
3972.00000 0.135
3976.00000 0.1465
3980.00000 0.1618
3984.00000 0.1811
3988.00000 0.2027
3992.00000 0.2275
3996.00000 0.2534
4000.00000 0.2782
4004.00000 0.3007
4008.00000 0.3175
4012.00000 0.3295
4016.00000 0.3341
4020.00000 0.332
4024.00000 0.3261
4028.00000 0.3185
4032.00000 0.3101
4036.00000 0.3019
4040.00000 0.2962
4044.00000 0.2942
4048.00000 0.2962
4052.00000 0.3021
4056.00000 0.3116
4060.00000 0.3244
4064.00000 0.342
4068.00000 0.3631
4072.00000 0.3875
4076.00000 0.413
4080.00000 0.4405
4084.00000 0.4668
4088.00000 0.4904
4092.00000 0.5074
4096.00000 0.5179
4100.00000 0.5228
4104.00000 0.5222
4108.00000 0.5165
4112.00000 0.5071
4116.00000 0.4967
4120.00000 0.4862
4124.00000 0.4775
4128.00000 0.4702
4132.00000 0.4661
4136.00000 0.4656
4140.00000 0.4685
4144.00000 0.4746
4148.00000 0.4843
4152.00000 0.4975
4156.00000 0.5135
4160.00000 0.5313
4164.00000 0.5509
4168.00000 0.5701
4172.00000 0.5894
4176.00000 0.6068
4180.00000 0.621
4184.00000 0.6318
4188.00000 0.6379
4192.00000 0.6397
4196.00000 0.6382
4200.00000 0.6329
4204.00000 0.6252
4208.00000 0.6164
4212.00000 0.6068
4216.00000 0.5985
4220.00000 0.5908
4224.00000 0.585
4228.00000 0.5822
4232.00000 0.5807
4236.00000 0.5815
4240.00000 0.5839
4244.00000 0.5893
4248.00000 0.5964
4252.00000 0.6051
4256.00000 0.6149
4260.00000 0.6251
4264.00000 0.6366
4268.00000 0.6475
4272.00000 0.6583
4276.00000 0.6674
4280.00000 0.6752
4284.00000 0.6804
4288.00000 0.6827
4292.00000 0.6833
4296.00000 0.6829
4300.00000 0.6812
4304.00000 0.6791
4308.00000 0.6763
4312.00000 0.6735
4316.00000 0.6714
4320.00000 0.6701
4324.00000 0.6689
4328.00000 0.669
4332.00000 0.6704
4336.00000 0.6732
4340.00000 0.6771
4344.00000 0.6826
4348.00000 0.6888
4352.00000 0.696
4356.00000 0.7034
4360.00000 0.7107
4364.00000 0.7185
4368.00000 0.7263
4372.00000 0.7334
4376.00000 0.7391
4380.00000 0.7433
4384.00000 0.7472
4388.00000 0.7498
4392.00000 0.7511
4396.00000 0.7512
4400.00000 0.7507
4404.00000 0.7496
4408.00000 0.7475
4412.00000 0.7452
4416.00000 0.7441
4420.00000 0.7429
4424.00000 0.743
4428.00000 0.742
4432.00000 0.7424
4436.00000 0.744
4440.00000 0.7477
4444.00000 0.7511
4448.00000 0.7554
4452.00000 0.7603
4456.00000 0.7668
4460.00000 0.773
4464.00000 0.7795
4468.00000 0.786
4472.00000 0.7927
4476.00000 0.7977
4480.00000 0.8016
4484.00000 0.8048
4488.00000 0.8074
4492.00000 0.8091
4496.00000 0.8094
4500.00000 0.8087
4504.00000 0.807
4508.00000 0.8047
4512.00000 0.8007
4516.00000 0.797
4520.00000 0.7933
4524.00000 0.7884
4528.00000 0.7836
4532.00000 0.7805
4536.00000 0.7777
4540.00000 0.7751
4544.00000 0.7726
4548.00000 0.7711
4552.00000 0.7706
4556.00000 0.7706
4560.00000 0.7724
4564.00000 0.776
4568.00000 0.78
4572.00000 0.7839
4576.00000 0.7886
4580.00000 0.7943
4584.00000 0.8005
4588.00000 0.8065
4592.00000 0.8122
4596.00000 0.8178
4600.00000 0.8227
4604.00000 0.8275
4608.00000 0.8316
4612.00000 0.8358
4616.00000 0.8395
4620.00000 0.8422
4624.00000 0.8439
4628.00000 0.8447
4632.00000 0.8446
4636.00000 0.8446
4640.00000 0.8438
4644.00000 0.843
4648.00000 0.8415
4652.00000 0.8399
4656.00000 0.8376
4660.00000 0.8355
4664.00000 0.8336
4668.00000 0.8334
4672.00000 0.833
4676.00000 0.8317
4680.00000 0.8311
4684.00000 0.8303
4688.00000 0.8306
4692.00000 0.8318
4696.00000 0.8329
4700.00000 0.8338
4704.00000 0.8352
4708.00000 0.8372
4712.00000 0.8394
4716.00000 0.8417
4720.00000 0.8445
4724.00000 0.8477
4728.00000 0.8504
4732.00000 0.8531
4736.00000 0.8558
4740.00000 0.8593
4744.00000 0.8619
4748.00000 0.8641
4752.00000 0.8658
4756.00000 0.8678
4760.00000 0.8693
4764.00000 0.8711
4768.00000 0.8727
4772.00000 0.8739
4776.00000 0.8752
4780.00000 0.8765
4784.00000 0.8775
4788.00000 0.8785
4792.00000 0.879
4796.00000 0.8782
4800.00000 0.878
4804.00000 0.8778
4808.00000 0.878
4812.00000 0.8776
4816.00000 0.8762
4820.00000 0.8755
4824.00000 0.8749
4828.00000 0.8738
4832.00000 0.8729
4836.00000 0.8721
4840.00000 0.8703
4844.00000 0.8691
4848.00000 0.8679
4852.00000 0.8655
4856.00000 0.8629
4860.00000 0.8631
4864.00000 0.8632
4868.00000 0.8632
4872.00000 0.8616
4876.00000 0.8604
4880.00000 0.8595
4884.00000 0.8585
4888.00000 0.8578
4892.00000 0.858
4896.00000 0.8584
4900.00000 0.8585
4904.00000 0.8593
4908.00000 0.8603
4912.00000 0.8611
4916.00000 0.862
4920.00000 0.8631
4924.00000 0.8654
4928.00000 0.867
4932.00000 0.8687
4936.00000 0.8709
4940.00000 0.8726
4944.00000 0.8745
4948.00000 0.8757
4952.00000 0.877
4956.00000 0.8781
4960.00000 0.8792
4964.00000 0.8807
4968.00000 0.8816
4972.00000 0.8828
4976.00000 0.8834
4980.00000 0.8839
4984.00000 0.8844
4988.00000 0.8847
4992.00000 0.885
4996.00000 0.8855
5000.00000 0.8852
5004.00000 0.8854
5008.00000 0.8849
5012.00000 0.8844
5016.00000 0.8849
5020.00000 0.8856
5024.00000 0.8861
5028.00000 0.8864
5032.00000 0.8867
5036.00000 0.8874
5040.00000 0.8878
5044.00000 0.889
5048.00000 0.8901
5052.00000 0.8914
5056.00000 0.8922
5060.00000 0.8925
5064.00000 0.8923
5068.00000 0.8927
5072.00000 0.8933
5076.00000 0.8934
5080.00000 0.8931
5084.00000 0.8932
5088.00000 0.8929
5092.00000 0.8923
5096.00000 0.892
5100.00000 0.8909
5104.00000 0.8895
5108.00000 0.888
5112.00000 0.8864
5116.00000 0.8848
5120.00000 0.8829
5124.00000 0.8814
5128.00000 0.8797
5132.00000 0.8788
5136.00000 0.8768
5140.00000 0.875
5144.00000 0.8734
5148.00000 0.8722
5152.00000 0.871
5156.00000 0.87
5160.00000 0.8693
5164.00000 0.8686
5168.00000 0.8682
5172.00000 0.8676
5176.00000 0.8675
5180.00000 0.8674
5184.00000 0.8683
5188.00000 0.8694
5192.00000 0.8707
5196.00000 0.8714
5200.00000 0.8722
5204.00000 0.8727
5208.00000 0.8736
5212.00000 0.8744
5216.00000 0.8746
5220.00000 0.8746
5224.00000 0.8734
5228.00000 0.8726
5232.00000 0.8721
5236.00000 0.8713
5240.00000 0.8699
5244.00000 0.868
5248.00000 0.8667
5252.00000 0.8653
5256.00000 0.8641
5260.00000 0.8624
5264.00000 0.8607
5268.00000 0.8587
5272.00000 0.858
5276.00000 0.8573
5280.00000 0.8561
5284.00000 0.856
5288.00000 0.8562
5292.00000 0.857
5296.00000 0.8575
5300.00000 0.857
5304.00000 0.8579
5308.00000 0.8593
5312.00000 0.8611
5316.00000 0.8623
5320.00000 0.8638
5324.00000 0.8642
5328.00000 0.8644
5332.00000 0.8646
5336.00000 0.8651
5340.00000 0.865
5344.00000 0.8638
5348.00000 0.8623
5352.00000 0.861
5356.00000 0.8587
5360.00000 0.8552
5364.00000 0.8523
5368.00000 0.849
5372.00000 0.8449
5376.00000 0.8415
5380.00000 0.8384
5384.00000 0.835
5388.00000 0.8317
5392.00000 0.8281
5396.00000 0.825
5400.00000 0.8223
5404.00000 0.8194
5408.00000 0.8154
5412.00000 0.8117
5416.00000 0.8075
5420.00000 0.8009
5424.00000 0.7927
5428.00000 0.7834
5432.00000 0.7733
5436.00000 0.7605
5440.00000 0.746
5444.00000 0.729
5448.00000 0.7112
5452.00000 0.6912
5456.00000 0.6702
5460.00000 0.6463
5464.00000 0.6193
5468.00000 0.5897
5472.00000 0.5557
5476.00000 0.519
5480.00000 0.4801
5484.00000 0.439
5488.00000 0.3976
5492.00000 0.3533
5496.00000 0.3066
5500.00000 0.2592
5504.00000 0.2137
5508.00000 0.1744
5512.00000 0.1385
5516.00000 0.1071
5520.00000 0.0805
5524.00000 0.0608
5528.00000 0.0461
5532.00000 0.0352
5536.00000 0.027
5540.00000 0.0211
5544.00000 0.0155
5548.00000 0.0123
5552.00000 0.0093
5556.00000 0.0075
5560.00000 0.0055
5564.00000 0.0046
6120.39990 0.0
