threeML/data/optical_filters/CTIO/MosaicII-rSDSS.ecsv
# %ECSV 0.9
# ---
# datatype:
# - {name: wavelength, unit: Angstrom, datatype: float32}
# - {name: response, datatype: float32}
# meta: !!omap
# - {band_name: rSDSS}
# - {group_name: MosaicII}
wavelength response
4876.20020 0.0
5418.00000 0.0044
5422.00000 0.0058
5426.00000 0.0075
5430.00000 0.0093
5434.00000 0.0116
5438.00000 0.0151
5442.00000 0.0186
5446.00000 0.0229
5450.00000 0.0285
5454.00000 0.0346
5458.00000 0.0414
5462.00000 0.0499
5466.00000 0.06
5470.00000 0.072
5474.00000 0.0854
5478.00000 0.0996
5482.00000 0.1154
5486.00000 0.1315
5490.00000 0.1483
5494.00000 0.1661
5498.00000 0.186
5502.00000 0.207
5506.00000 0.2278
5510.00000 0.2498
5514.00000 0.2734
5518.00000 0.2979
5522.00000 0.3217
5526.00000 0.3431
5530.00000 0.3652
5534.00000 0.3874
5538.00000 0.4084
5542.00000 0.4289
5546.00000 0.4483
5550.00000 0.4688
5554.00000 0.4889
5558.00000 0.507
5562.00000 0.5245
5566.00000 0.5413
5570.00000 0.5576
5574.00000 0.5729
5578.00000 0.5876
5582.00000 0.603
5586.00000 0.6173
5590.00000 0.6313
5594.00000 0.6452
5598.00000 0.6585
5602.00000 0.6722
5606.00000 0.6843
5610.00000 0.6964
5614.00000 0.7079
5618.00000 0.7182
5622.00000 0.7285
5626.00000 0.739
5630.00000 0.7499
5634.00000 0.7597
5638.00000 0.768
5642.00000 0.7767
5646.00000 0.7851
5650.00000 0.7919
5654.00000 0.799
5658.00000 0.8045
5662.00000 0.8095
5666.00000 0.814
5670.00000 0.8181
5674.00000 0.8211
5678.00000 0.824
5682.00000 0.8255
5686.00000 0.8259
5690.00000 0.8261
5694.00000 0.8262
5698.00000 0.8259
5702.00000 0.8255
5706.00000 0.8249
5710.00000 0.8245
5714.00000 0.8232
5718.00000 0.8219
5722.00000 0.8198
5726.00000 0.8187
5730.00000 0.8178
5734.00000 0.8174
5738.00000 0.8171
5742.00000 0.817
5746.00000 0.8176
5750.00000 0.8178
5754.00000 0.8181
5758.00000 0.8186
5762.00000 0.8199
5766.00000 0.8217
5770.00000 0.8241
5774.00000 0.8281
5778.00000 0.8316
5782.00000 0.8339
5786.00000 0.836
5790.00000 0.8391
5794.00000 0.843
5798.00000 0.8475
5802.00000 0.8523
5806.00000 0.8571
5810.00000 0.8627
5814.00000 0.8685
5818.00000 0.8733
5822.00000 0.8774
5826.00000 0.8813
5830.00000 0.8846
5834.00000 0.8887
5838.00000 0.8929
5842.00000 0.8978
5846.00000 0.9029
5850.00000 0.9083
5854.00000 0.9126
5858.00000 0.9154
5862.00000 0.9185
5866.00000 0.9209
5870.00000 0.9243
5874.00000 0.9269
5878.00000 0.9288
5882.00000 0.9304
5886.00000 0.9311
5890.00000 0.9313
5894.00000 0.9314
5898.00000 0.9319
5902.00000 0.932
5906.00000 0.9315
5910.00000 0.9295
5914.00000 0.9274
5918.00000 0.9255
5922.00000 0.9238
5926.00000 0.9227
5930.00000 0.9198
5934.00000 0.9168
5938.00000 0.9137
5942.00000 0.9112
5946.00000 0.9085
5950.00000 0.9053
5954.00000 0.9019
5958.00000 0.8987
5962.00000 0.8961
5966.00000 0.893
5970.00000 0.8894
5974.00000 0.8862
5978.00000 0.8842
5982.00000 0.882
5986.00000 0.8799
5990.00000 0.8782
5994.00000 0.8775
5998.00000 0.8762
6002.00000 0.8755
6006.00000 0.8756
6010.00000 0.8762
6014.00000 0.876
6018.00000 0.877
6022.00000 0.8788
6026.00000 0.8805
6030.00000 0.8834
6034.00000 0.8863
6038.00000 0.8884
6042.00000 0.8908
6046.00000 0.8943
6050.00000 0.898
6054.00000 0.9026
6058.00000 0.9064
6062.00000 0.9096
6066.00000 0.9123
6070.00000 0.9157
6074.00000 0.9198
6078.00000 0.9231
6082.00000 0.9263
6086.00000 0.9292
6090.00000 0.9317
6094.00000 0.9334
6098.00000 0.9356
6102.00000 0.9375
6106.00000 0.9382
6110.00000 0.938
6114.00000 0.9374
6118.00000 0.9367
6122.00000 0.9355
6126.00000 0.9338
6130.00000 0.9322
6134.00000 0.9303
6138.00000 0.9286
6142.00000 0.9246
6146.00000 0.9203
6150.00000 0.9155
6154.00000 0.9121
6158.00000 0.9091
6162.00000 0.9053
6166.00000 0.9009
6170.00000 0.8962
6174.00000 0.8928
6178.00000 0.889
6182.00000 0.8854
6186.00000 0.8815
6190.00000 0.878
6194.00000 0.8736
6198.00000 0.8709
6202.00000 0.8683
6206.00000 0.8663
6210.00000 0.8639
6214.00000 0.862
6218.00000 0.8608
6222.00000 0.8601
6226.00000 0.8593
6230.00000 0.8579
6234.00000 0.8582
6238.00000 0.8584
6242.00000 0.8571
6246.00000 0.8538
6250.00000 0.8562
6254.00000 0.8566
6258.00000 0.8584
6262.00000 0.8603
6266.00000 0.8612
6270.00000 0.8625
6274.00000 0.864
6278.00000 0.8654
6282.00000 0.8667
6286.00000 0.8678
6290.00000 0.8691
6294.00000 0.8705
6298.00000 0.8717
6302.00000 0.8733
6306.00000 0.8746
6310.00000 0.8753
6314.00000 0.8758
6318.00000 0.8769
6322.00000 0.8774
6326.00000 0.8779
6330.00000 0.8783
6334.00000 0.8794
6338.00000 0.8796
6342.00000 0.8799
6346.00000 0.8798
6350.00000 0.8801
6354.00000 0.8804
6358.00000 0.881
6362.00000 0.8812
6366.00000 0.8815
6370.00000 0.8816
6374.00000 0.8817
6378.00000 0.8818
6382.00000 0.8824
6386.00000 0.8828
6390.00000 0.8836
6394.00000 0.8836
6398.00000 0.8833
6402.00000 0.8835
6406.00000 0.8839
6410.00000 0.8838
6414.00000 0.884
6418.00000 0.8844
6422.00000 0.8842
6426.00000 0.8842
6430.00000 0.8838
6434.00000 0.883
6438.00000 0.8818
6442.00000 0.8806
6446.00000 0.8797
6450.00000 0.878
6454.00000 0.8764
6458.00000 0.8747
6462.00000 0.8726
6466.00000 0.8701
6470.00000 0.8679
6474.00000 0.8657
6478.00000 0.8629
6482.00000 0.8597
6486.00000 0.8571
6490.00000 0.8541
6494.00000 0.8518
6498.00000 0.8497
6502.00000 0.848
6506.00000 0.8466
6510.00000 0.8452
6514.00000 0.8437
6518.00000 0.8428
6522.00000 0.8422
6526.00000 0.8415
6530.00000 0.8412
6534.00000 0.8411
6538.00000 0.8416
6542.00000 0.8426
6546.00000 0.844
6550.00000 0.8473
6554.00000 0.8517
6558.00000 0.8623
6562.00000 0.872
6566.00000 0.8711
6570.00000 0.8581
6574.00000 0.8585
6578.00000 0.8608
6582.00000 0.863
6586.00000 0.8658
6590.00000 0.8696
6594.00000 0.8733
6598.00000 0.877
6602.00000 0.88
6606.00000 0.8819
6610.00000 0.8834
6614.00000 0.8841
6618.00000 0.8846
6622.00000 0.8851
6626.00000 0.885
6630.00000 0.8836
6634.00000 0.8817
6638.00000 0.8795
6642.00000 0.8774
6646.00000 0.8755
6650.00000 0.8735
6654.00000 0.8712
6658.00000 0.8681
6662.00000 0.8649
6666.00000 0.862
6670.00000 0.8592
6674.00000 0.8553
6678.00000 0.8527
6682.00000 0.8502
6686.00000 0.8479
6690.00000 0.8461
6694.00000 0.8439
6698.00000 0.8429
6702.00000 0.8415
6706.00000 0.8411
6710.00000 0.8401
6714.00000 0.8407
6718.00000 0.8404
6722.00000 0.8403
6726.00000 0.8404
6730.00000 0.8401
6734.00000 0.839
6738.00000 0.8381
6742.00000 0.8377
6746.00000 0.8367
6750.00000 0.834
6754.00000 0.8319
6758.00000 0.8288
6762.00000 0.8245
6766.00000 0.8211
6770.00000 0.817
6774.00000 0.8116
6778.00000 0.8053
6782.00000 0.7998
6786.00000 0.7943
6790.00000 0.7885
6794.00000 0.7828
6798.00000 0.7773
6802.00000 0.772
6806.00000 0.7669
6810.00000 0.7624
6814.00000 0.7594
6818.00000 0.757
6822.00000 0.7548
6826.00000 0.7536
6830.00000 0.7537
6834.00000 0.7553
6838.00000 0.7584
6842.00000 0.7622
6846.00000 0.7666
6850.00000 0.7725
6854.00000 0.7775
6858.00000 0.7833
6862.00000 0.7898
6866.00000 0.796
6870.00000 0.8026
6874.00000 0.8074
6878.00000 0.8118
6882.00000 0.8157
6886.00000 0.8187
6890.00000 0.8209
6894.00000 0.822
6898.00000 0.8221
6902.00000 0.8207
6906.00000 0.8177
6910.00000 0.8132
6914.00000 0.8064
6918.00000 0.7977
6922.00000 0.7855
6926.00000 0.7691
6930.00000 0.7474
6934.00000 0.7212
6938.00000 0.6891
6942.00000 0.6485
6946.00000 0.5993
6950.00000 0.5402
6954.00000 0.4759
6958.00000 0.4134
6962.00000 0.3496
6966.00000 0.2858
6970.00000 0.2265
6974.00000 0.1778
6978.00000 0.1376
6982.00000 0.105
6986.00000 0.08
6990.00000 0.0603
6994.00000 0.0459
6998.00000 0.0354
7002.00000 0.0269
7006.00000 0.0209
7010.00000 0.0163
7014.00000 0.0131
7018.00000 0.0108
7022.00000 0.0087
7026.00000 0.0071
7030.00000 0.0055
7034.00000 0.0051
7038.00000 0.0047
7042.00000 0.004
7746.20020 0.0
