threeML/data/optical_filters/CTIO/MosaicII-BjTyson.ecsv
# %ECSV 0.9
# ---
# datatype:
# - {name: wavelength, unit: Angstrom, datatype: float32}
# - {name: response, datatype: float32}
# meta: !!omap
# - {band_name: BjTyson}
# - {group_name: MosaicII}
wavelength response
2800.80005 0.0
3112.00000 0.0042
3118.00000 0.0053
3124.00000 0.0062
3130.00000 0.0069
3136.00000 0.0083
3142.00000 0.0101
3148.00000 0.0113
3154.00000 0.0119
3160.00000 0.0145
3166.00000 0.0177
3172.00000 0.0207
3178.00000 0.0234
3184.00000 0.0271
3190.00000 0.0317
3196.00000 0.0368
3202.00000 0.0427
3208.00000 0.0476
3214.00000 0.0533
3220.00000 0.0597
3226.00000 0.0658
3232.00000 0.0715
3238.00000 0.0784
3244.00000 0.085
3250.00000 0.0915
3256.00000 0.0979
3262.00000 0.1049
3268.00000 0.1111
3274.00000 0.1178
3280.00000 0.1244
3286.00000 0.1333
3292.00000 0.142
3298.00000 0.1501
3304.00000 0.159
3310.00000 0.1676
3316.00000 0.1763
3322.00000 0.1864
3328.00000 0.1958
3334.00000 0.2049
3340.00000 0.2145
3346.00000 0.2224
3352.00000 0.2307
3358.00000 0.238
3364.00000 0.2436
3370.00000 0.2487
3376.00000 0.2538
3382.00000 0.2586
3388.00000 0.2625
3394.00000 0.2656
3400.00000 0.2681
3406.00000 0.2725
3412.00000 0.2763
3418.00000 0.2802
3424.00000 0.284
3430.00000 0.2886
3436.00000 0.2948
3442.00000 0.3006
3448.00000 0.3065
3454.00000 0.3134
3460.00000 0.3203
3466.00000 0.3274
3472.00000 0.3339
3478.00000 0.341
3484.00000 0.3491
3490.00000 0.3556
3496.00000 0.3618
3502.00000 0.3685
3508.00000 0.3745
3514.00000 0.3808
3520.00000 0.3865
3526.00000 0.3906
3532.00000 0.3941
3538.00000 0.3984
3544.00000 0.4023
3550.00000 0.4056
3556.00000 0.4094
3562.00000 0.4123
3568.00000 0.4153
3574.00000 0.4188
3580.00000 0.4229
3586.00000 0.4271
3592.00000 0.4315
3598.00000 0.4353
3604.00000 0.4391
3610.00000 0.4447
3616.00000 0.45
3622.00000 0.4549
3628.00000 0.4603
3634.00000 0.4648
3640.00000 0.4689
3646.00000 0.4728
3652.00000 0.4764
3658.00000 0.4798
3664.00000 0.4828
3670.00000 0.4845
3676.00000 0.4875
3682.00000 0.4894
3688.00000 0.4908
3694.00000 0.4919
3700.00000 0.4939
3706.00000 0.4955
3712.00000 0.4975
3718.00000 0.4988
3724.00000 0.501
3730.00000 0.5035
3736.00000 0.5061
3742.00000 0.5101
3748.00000 0.5149
3754.00000 0.5186
3760.00000 0.5224
3766.00000 0.5276
3772.00000 0.5316
3778.00000 0.5359
3784.00000 0.5409
3790.00000 0.547
3796.00000 0.5521
3802.00000 0.5569
3808.00000 0.5626
3814.00000 0.5681
3820.00000 0.5726
3826.00000 0.5777
3832.00000 0.582
3838.00000 0.5862
3844.00000 0.5891
3850.00000 0.5913
3856.00000 0.5939
3862.00000 0.5977
3868.00000 0.5988
3874.00000 0.6006
3880.00000 0.6038
3886.00000 0.605
3892.00000 0.6064
3898.00000 0.6092
3904.00000 0.6101
3910.00000 0.6105
3916.00000 0.6112
3922.00000 0.6138
3928.00000 0.6158
3934.00000 0.6185
3940.00000 0.6211
3946.00000 0.6249
3952.00000 0.6292
3958.00000 0.6325
3964.00000 0.6368
3970.00000 0.6423
3976.00000 0.6484
3982.00000 0.6533
3988.00000 0.6579
3994.00000 0.6636
4000.00000 0.6683
4006.00000 0.6728
4012.00000 0.6769
4018.00000 0.6814
4024.00000 0.6864
4030.00000 0.6884
4036.00000 0.6922
4042.00000 0.6964
4048.00000 0.6993
4054.00000 0.7014
4060.00000 0.7045
4066.00000 0.707
4072.00000 0.7091
4078.00000 0.7112
4084.00000 0.7138
4090.00000 0.7183
4096.00000 0.7224
4102.00000 0.7253
4108.00000 0.7287
4114.00000 0.7298
4120.00000 0.7306
4126.00000 0.735
4132.00000 0.7381
4138.00000 0.7408
4144.00000 0.7427
4150.00000 0.745
4156.00000 0.7485
4162.00000 0.7504
4168.00000 0.751
4174.00000 0.752
4180.00000 0.754
4186.00000 0.7549
4192.00000 0.7551
4198.00000 0.7555
4204.00000 0.7574
4210.00000 0.7593
4216.00000 0.7589
4222.00000 0.7613
4228.00000 0.7627
4234.00000 0.7626
4240.00000 0.7632
4246.00000 0.7637
4252.00000 0.7632
4258.00000 0.7628
4264.00000 0.762
4270.00000 0.7625
4276.00000 0.7647
4282.00000 0.765
4288.00000 0.7643
4294.00000 0.765
4300.00000 0.7657
4306.00000 0.7672
4312.00000 0.7685
4318.00000 0.7695
4324.00000 0.7695
4330.00000 0.7693
4336.00000 0.7727
4342.00000 0.7773
4348.00000 0.7805
4354.00000 0.783
4360.00000 0.7857
4366.00000 0.79
4372.00000 0.7932
4378.00000 0.7965
4384.00000 0.7993
4390.00000 0.8015
4396.00000 0.8026
4402.00000 0.8054
4408.00000 0.8077
4414.00000 0.8107
4420.00000 0.811
4426.00000 0.8101
4432.00000 0.8095
4438.00000 0.8095
4444.00000 0.809
4450.00000 0.808
4456.00000 0.807
4462.00000 0.8048
4468.00000 0.8016
4474.00000 0.7981
4480.00000 0.7965
4486.00000 0.7951
4492.00000 0.7907
4498.00000 0.7863
4504.00000 0.7825
4510.00000 0.7801
4516.00000 0.7768
4522.00000 0.7739
4528.00000 0.7727
4534.00000 0.7718
4540.00000 0.7716
4546.00000 0.7719
4552.00000 0.771
4558.00000 0.7707
4564.00000 0.7708
4570.00000 0.7727
4576.00000 0.7759
4582.00000 0.7785
4588.00000 0.7797
4594.00000 0.7835
4600.00000 0.7879
4606.00000 0.7922
4612.00000 0.7963
4618.00000 0.8013
4624.00000 0.8054
4630.00000 0.8103
4636.00000 0.8165
4642.00000 0.8241
4648.00000 0.8295
4654.00000 0.8341
4660.00000 0.8387
4666.00000 0.8448
4672.00000 0.8489
4678.00000 0.8496
4684.00000 0.8493
4690.00000 0.8487
4696.00000 0.8503
4702.00000 0.851
4708.00000 0.8496
4714.00000 0.8465
4720.00000 0.8432
4726.00000 0.8391
4732.00000 0.8339
4738.00000 0.8258
4744.00000 0.8195
4750.00000 0.8148
4756.00000 0.808
4762.00000 0.8014
4768.00000 0.7959
4774.00000 0.7901
4780.00000 0.7842
4786.00000 0.7797
4792.00000 0.7753
4798.00000 0.7724
4804.00000 0.7698
4810.00000 0.7657
4816.00000 0.7636
4822.00000 0.7618
4828.00000 0.7596
4834.00000 0.7574
4840.00000 0.7579
4846.00000 0.7576
4852.00000 0.7572
4858.00000 0.7578
4864.00000 0.7571
4870.00000 0.7588
4876.00000 0.7606
4882.00000 0.7626
4888.00000 0.7662
4894.00000 0.7693
4900.00000 0.7732
4906.00000 0.7772
4912.00000 0.7798
4918.00000 0.782
4924.00000 0.7849
4930.00000 0.7875
4936.00000 0.7902
4942.00000 0.7923
4948.00000 0.7953
4954.00000 0.796
4960.00000 0.7965
4966.00000 0.7998
4972.00000 0.8004
4978.00000 0.8008
4984.00000 0.8013
4990.00000 0.8026
4996.00000 0.8035
5002.00000 0.8034
5008.00000 0.8047
5014.00000 0.806
5020.00000 0.8072
5026.00000 0.8092
5032.00000 0.8116
5038.00000 0.8123
5044.00000 0.8143
5050.00000 0.8178
5056.00000 0.8191
5062.00000 0.8202
5068.00000 0.8205
5074.00000 0.8207
5080.00000 0.8203
5086.00000 0.8174
5092.00000 0.8128
5098.00000 0.8068
5104.00000 0.7976
5110.00000 0.7832
5116.00000 0.7646
5122.00000 0.7444
5128.00000 0.7201
5134.00000 0.6898
5140.00000 0.6565
5146.00000 0.6197
5152.00000 0.5814
5158.00000 0.5415
5164.00000 0.4996
5170.00000 0.4588
5176.00000 0.4188
5182.00000 0.3798
5188.00000 0.3422
5194.00000 0.3069
5200.00000 0.2762
5206.00000 0.2486
5212.00000 0.2217
5218.00000 0.1982
5224.00000 0.1771
5230.00000 0.1577
5236.00000 0.1412
5242.00000 0.1267
5248.00000 0.1132
5254.00000 0.1018
5260.00000 0.0922
5266.00000 0.0824
5272.00000 0.0743
5278.00000 0.0678
5284.00000 0.061
5290.00000 0.0553
5296.00000 0.0508
5302.00000 0.0457
5308.00000 0.0418
5314.00000 0.0381
5320.00000 0.0347
5326.00000 0.0319
5332.00000 0.0293
5338.00000 0.0274
5344.00000 0.0251
5350.00000 0.0241
5356.00000 0.0219
5362.00000 0.02
5368.00000 0.0185
5374.00000 0.017
5380.00000 0.0159
5386.00000 0.0154
5392.00000 0.015
5398.00000 0.0136
5404.00000 0.0125
5410.00000 0.0122
5416.00000 0.0113
5422.00000 0.011
5428.00000 0.0105
5434.00000 0.0098
5440.00000 0.0092
5446.00000 0.0095
5452.00000 0.009
5458.00000 0.0077
5464.00000 0.0067
5470.00000 0.0066
5476.00000 0.0063
5482.00000 0.0064
5488.00000 0.0066
5494.00000 0.0067
5500.00000 0.0066
5506.00000 0.0059
5512.00000 0.0059
5518.00000 0.0056
5524.00000 0.0052
5530.00000 0.005
5536.00000 0.0059
5542.00000 0.0052
5548.00000 0.0043
6102.79980 0.0
