threeML/data/optical_filters/CTIO/MosaicII-Halpha.ecsv
# %ECSV 0.9
# ---
# datatype:
# - {name: wavelength, unit: Angstrom, datatype: float32}
# - {name: response, datatype: float32}
# meta: !!omap
# - {band_name: Halpha}
# - {group_name: MosaicII}
wavelength response
5819.39990 0.0
6466.00000 0.0041
6467.50000 0.0041
6469.00000 0.0048
6470.50000 0.005
6472.00000 0.0056
6473.50000 0.006
6475.00000 0.0069
6476.50000 0.0072
6478.00000 0.0083
6479.50000 0.0089
6481.00000 0.01
6482.50000 0.011
6484.00000 0.0125
6485.50000 0.0143
6487.00000 0.016
6488.50000 0.0178
6490.00000 0.0204
6491.50000 0.0234
6493.00000 0.0268
6494.50000 0.0309
6496.00000 0.0359
6497.50000 0.0412
6499.00000 0.048
6500.50000 0.0561
6502.00000 0.0653
6503.50000 0.0757
6505.00000 0.0887
6506.50000 0.104
6508.00000 0.1197
6509.50000 0.1383
6511.00000 0.1605
6512.50000 0.1839
6514.00000 0.2091
6515.50000 0.2372
6517.00000 0.2659
6518.50000 0.2948
6520.00000 0.3278
6521.50000 0.3626
6523.00000 0.3954
6524.50000 0.4297
6526.00000 0.4666
6527.50000 0.4996
6529.00000 0.5305
6530.50000 0.562
6532.00000 0.5901
6533.50000 0.6146
6535.00000 0.6388
6536.50000 0.6602
6538.00000 0.6793
6539.50000 0.6957
6541.00000 0.7095
6542.50000 0.7204
6544.00000 0.7292
6545.50000 0.7372
6547.00000 0.7433
6548.50000 0.7472
6550.00000 0.7507
6551.50000 0.7534
6553.00000 0.7552
6554.50000 0.7564
6556.00000 0.7574
6557.50000 0.7578
6559.00000 0.7587
6560.50000 0.7586
6562.00000 0.7587
6563.50000 0.7587
6565.00000 0.7584
6566.50000 0.758
6568.00000 0.7574
6569.50000 0.7563
6571.00000 0.7552
6572.50000 0.7532
6574.00000 0.7509
6575.50000 0.7473
6577.00000 0.7428
6578.50000 0.7375
6580.00000 0.73
6581.50000 0.7217
6583.00000 0.7109
6584.50000 0.6982
6586.00000 0.6823
6587.50000 0.6645
6589.00000 0.6445
6590.50000 0.6208
6592.00000 0.5964
6593.50000 0.5708
6595.00000 0.5411
6596.50000 0.5095
6598.00000 0.4795
6599.50000 0.4466
6601.00000 0.4115
6602.50000 0.3792
6604.00000 0.3459
6605.50000 0.3117
6607.00000 0.2811
6608.50000 0.2531
6610.00000 0.2248
6611.50000 0.1984
6613.00000 0.1756
6614.50000 0.1542
6616.00000 0.1341
6617.50000 0.1165
6619.00000 0.1016
6620.50000 0.0875
6622.00000 0.0758
6623.50000 0.0658
6625.00000 0.0564
6626.50000 0.0488
6628.00000 0.0427
6629.50000 0.0367
6631.00000 0.0315
6632.50000 0.0273
6634.00000 0.0241
6635.50000 0.0209
6637.00000 0.0184
6638.50000 0.0162
6640.00000 0.0143
6641.50000 0.0127
6643.00000 0.011
6644.50000 0.0098
6646.00000 0.0089
6647.50000 0.0078
6649.00000 0.0074
6650.50000 0.0065
6652.00000 0.006
6653.50000 0.0051
6655.00000 0.0047
6656.50000 0.0042
7322.14990 0.0
