threeML/data/optical_filters/CTIO/MosaicII-U.ecsv
# %ECSV 0.9
# ---
# datatype:
# - {name: wavelength, unit: Angstrom, datatype: float32}
# - {name: response, datatype: float32}
# meta: !!omap
# - {band_name: U}
# - {group_name: MosaicII}
wavelength response
2739.60010 0.0
3044.00000 0.0041
3047.00000 0.0047
3050.00000 0.0057
3053.00000 0.0066
3056.00000 0.0072
3059.00000 0.0079
3062.00000 0.0081
3065.00000 0.0087
3068.00000 0.0099
3071.00000 0.0108
3074.00000 0.0113
3077.00000 0.0125
3080.00000 0.0135
3083.00000 0.0153
3086.00000 0.0169
3089.00000 0.0187
3092.00000 0.0203
3095.00000 0.022
3098.00000 0.0241
3101.00000 0.0261
3104.00000 0.0286
3107.00000 0.0309
3110.00000 0.0338
3113.00000 0.0365
3116.00000 0.0394
3119.00000 0.0428
3122.00000 0.046
3125.00000 0.0495
3128.00000 0.0529
3131.00000 0.0567
3134.00000 0.0606
3137.00000 0.0646
3140.00000 0.0689
3143.00000 0.0736
3146.00000 0.0781
3149.00000 0.0824
3152.00000 0.0875
3155.00000 0.0925
3158.00000 0.0976
3161.00000 0.103
3164.00000 0.1084
3167.00000 0.1141
3170.00000 0.1191
3173.00000 0.1248
3176.00000 0.1311
3179.00000 0.1376
3182.00000 0.144
3185.00000 0.1504
3188.00000 0.1562
3191.00000 0.1628
3194.00000 0.1698
3197.00000 0.1771
3200.00000 0.1844
3203.00000 0.1908
3206.00000 0.1974
3209.00000 0.204
3212.00000 0.2112
3215.00000 0.2179
3218.00000 0.2251
3221.00000 0.2322
3224.00000 0.2394
3227.00000 0.2465
3230.00000 0.254
3233.00000 0.2605
3236.00000 0.2673
3239.00000 0.2745
3242.00000 0.2817
3245.00000 0.2894
3248.00000 0.2962
3251.00000 0.3031
3254.00000 0.3097
3257.00000 0.3168
3260.00000 0.3239
3263.00000 0.3304
3266.00000 0.3368
3269.00000 0.3434
3272.00000 0.35
3275.00000 0.3567
3278.00000 0.3635
3281.00000 0.3705
3284.00000 0.3774
3287.00000 0.3843
3290.00000 0.391
3293.00000 0.3968
3296.00000 0.4026
3299.00000 0.4083
3302.00000 0.4142
3305.00000 0.4202
3308.00000 0.4269
3311.00000 0.4319
3314.00000 0.4371
3317.00000 0.4422
3320.00000 0.448
3323.00000 0.4546
3326.00000 0.4607
3329.00000 0.4664
3332.00000 0.4721
3335.00000 0.4777
3338.00000 0.4825
3341.00000 0.4877
3344.00000 0.4929
3347.00000 0.4986
3350.00000 0.5032
3353.00000 0.508
3356.00000 0.5125
3359.00000 0.5167
3362.00000 0.521
3365.00000 0.5258
3368.00000 0.5301
3371.00000 0.535
3374.00000 0.5398
3377.00000 0.5445
3380.00000 0.5483
3383.00000 0.5523
3386.00000 0.5559
3389.00000 0.5604
3392.00000 0.5648
3395.00000 0.5687
3398.00000 0.5718
3401.00000 0.5747
3404.00000 0.5778
3407.00000 0.5818
3410.00000 0.5857
3413.00000 0.5894
3416.00000 0.5929
3419.00000 0.5965
3422.00000 0.5997
3425.00000 0.6032
3428.00000 0.6068
3431.00000 0.6105
3434.00000 0.6138
3437.00000 0.6168
3440.00000 0.6201
3443.00000 0.6234
3446.00000 0.627
3449.00000 0.6301
3452.00000 0.6321
3455.00000 0.635
3458.00000 0.6371
3461.00000 0.6395
3464.00000 0.6421
3467.00000 0.645
3470.00000 0.6475
3473.00000 0.6505
3476.00000 0.6534
3479.00000 0.6557
3482.00000 0.6575
3485.00000 0.6604
3488.00000 0.663
3491.00000 0.6654
3494.00000 0.6683
3497.00000 0.6704
3500.00000 0.6728
3503.00000 0.6748
3506.00000 0.6763
3509.00000 0.6778
3512.00000 0.68
3515.00000 0.682
3518.00000 0.6838
3521.00000 0.6855
3524.00000 0.6876
3527.00000 0.6895
3530.00000 0.6917
3533.00000 0.6931
3536.00000 0.6939
3539.00000 0.6952
3542.00000 0.6963
3545.00000 0.6974
3548.00000 0.6992
3551.00000 0.701
3554.00000 0.7024
3557.00000 0.7043
3560.00000 0.7069
3563.00000 0.708
3566.00000 0.7089
3569.00000 0.7091
3572.00000 0.7094
3575.00000 0.711
3578.00000 0.7118
3581.00000 0.7127
3584.00000 0.7134
3587.00000 0.7145
3590.00000 0.715
3593.00000 0.7162
3596.00000 0.7168
3599.00000 0.718
3602.00000 0.7186
3605.00000 0.7191
3608.00000 0.7197
3611.00000 0.72
3614.00000 0.7208
3617.00000 0.7209
3620.00000 0.7214
3623.00000 0.7217
3626.00000 0.7217
3629.00000 0.7221
3632.00000 0.7226
3635.00000 0.7234
3638.00000 0.7236
3641.00000 0.7245
3644.00000 0.7247
3647.00000 0.7242
3650.00000 0.7236
3653.00000 0.7231
3656.00000 0.7227
3659.00000 0.7225
3662.00000 0.7224
3665.00000 0.7217
3668.00000 0.7215
3671.00000 0.7206
3674.00000 0.7199
3677.00000 0.7194
3680.00000 0.7194
3683.00000 0.7192
3686.00000 0.7183
3689.00000 0.7172
3692.00000 0.716
3695.00000 0.7149
3698.00000 0.7136
3701.00000 0.7123
3704.00000 0.7107
3707.00000 0.709
3710.00000 0.7075
3713.00000 0.7063
3716.00000 0.7052
3719.00000 0.7033
3722.00000 0.7011
3725.00000 0.6988
3728.00000 0.6965
3731.00000 0.695
3734.00000 0.6932
3737.00000 0.6916
3740.00000 0.6892
3743.00000 0.6862
3746.00000 0.6834
3749.00000 0.6801
3752.00000 0.6772
3755.00000 0.6739
3758.00000 0.6713
3761.00000 0.6684
3764.00000 0.6655
3767.00000 0.662
3770.00000 0.6576
3773.00000 0.654
3776.00000 0.6501
3779.00000 0.6463
3782.00000 0.6422
3785.00000 0.6377
3788.00000 0.6332
3791.00000 0.6289
3794.00000 0.6236
3797.00000 0.6185
3800.00000 0.6143
3803.00000 0.6097
3806.00000 0.6046
3809.00000 0.5991
3812.00000 0.5936
3815.00000 0.5876
3818.00000 0.5816
3821.00000 0.5753
3824.00000 0.5688
3827.00000 0.563
3830.00000 0.5569
3833.00000 0.5506
3836.00000 0.5439
3839.00000 0.5368
3842.00000 0.5295
3845.00000 0.5225
3848.00000 0.5144
3851.00000 0.5072
3854.00000 0.4996
3857.00000 0.4918
3860.00000 0.4839
3863.00000 0.476
3866.00000 0.4681
3869.00000 0.4594
3872.00000 0.4508
3875.00000 0.4422
3878.00000 0.4335
3881.00000 0.4251
3884.00000 0.4164
3887.00000 0.4074
3890.00000 0.3979
3893.00000 0.3891
3896.00000 0.3802
3899.00000 0.3722
3902.00000 0.3635
3905.00000 0.3547
3908.00000 0.345
3911.00000 0.3351
3914.00000 0.3258
3917.00000 0.3166
3920.00000 0.3071
3923.00000 0.2981
3926.00000 0.2884
3929.00000 0.2793
3932.00000 0.2701
3935.00000 0.2616
3938.00000 0.2532
3941.00000 0.2449
3944.00000 0.2369
3947.00000 0.2281
3950.00000 0.2193
3953.00000 0.2112
3956.00000 0.2034
3959.00000 0.1954
3962.00000 0.1873
3965.00000 0.1792
3968.00000 0.1719
3971.00000 0.1644
3974.00000 0.1566
3977.00000 0.149
3980.00000 0.1422
3983.00000 0.1351
3986.00000 0.1288
3989.00000 0.1227
3992.00000 0.1166
3995.00000 0.1111
3998.00000 0.1054
4001.00000 0.1003
4004.00000 0.0953
4007.00000 0.0905
4010.00000 0.0857
4013.00000 0.0807
4016.00000 0.0762
4019.00000 0.0721
4022.00000 0.0679
4025.00000 0.0648
4028.00000 0.0602
4031.00000 0.0565
4034.00000 0.0526
4037.00000 0.0488
4040.00000 0.0461
4043.00000 0.0435
4046.00000 0.0406
4049.00000 0.0377
4052.00000 0.0345
4055.00000 0.032
4058.00000 0.0305
4061.00000 0.0284
4064.00000 0.0268
4067.00000 0.0251
4070.00000 0.0232
4073.00000 0.0216
4076.00000 0.0202
4079.00000 0.0187
4082.00000 0.0168
4085.00000 0.0155
4088.00000 0.015
4091.00000 0.0141
4094.00000 0.0133
4097.00000 0.0123
4100.00000 0.0107
4103.00000 0.0098
4106.00000 0.0088
4109.00000 0.0082
4112.00000 0.0079
4115.00000 0.0068
4118.00000 0.0063
4121.00000 0.0062
4124.00000 0.006
4127.00000 0.0052
4130.00000 0.0047
4133.00000 0.0047
4136.00000 0.0046
4139.00000 0.0041
4552.89990 0.0
