threeML/data/optical_filters/SAO/SCORPIO-sed860.ecsv
# %ECSV 0.9
# ---
# datatype:
# - {name: wavelength, unit: Angstrom, datatype: float32}
# - {name: response, datatype: float32}
# meta: !!omap
# - {band_name: sed860}
# - {group_name: SCORPIO}
wavelength response
7285.50000 0.0
8095.00000 0.00402
8100.00000 0.00402
8105.00000 0.00441
8110.00000 0.00453
8115.00000 0.00444
8120.00000 0.00423
8125.00000 0.00434
8130.00000 0.00476
8135.00000 0.00474
8140.00000 0.00477
8145.00000 0.00483
8150.00000 0.00527
8155.00000 0.00519
8160.00000 0.00534
8165.00000 0.00577
8170.00000 0.00586
8175.00000 0.00552
8180.00000 0.00595
8185.00000 0.00633
8190.00000 0.0065
8195.00000 0.00645
8200.00000 0.00654
8205.00000 0.00671
8210.00000 0.00697
8215.00000 0.00727
8220.00000 0.00779
8225.00000 0.00765
8230.00000 0.00788
8235.00000 0.00842
8240.00000 0.00821
8245.00000 0.00896
8250.00000 0.00882
8255.00000 0.00941
8260.00000 0.00994
8265.00000 0.00965
8270.00000 0.01026
8275.00000 0.01022
8280.00000 0.01083
8285.00000 0.01162
8290.00000 0.01151
8295.00000 0.0116
8300.00000 0.01253
8305.00000 0.0129
8310.00000 0.01378
8315.00000 0.01456
8320.00000 0.01472
8325.00000 0.01477
8330.00000 0.01544
8335.00000 0.0166
8340.00000 0.01669
8345.00000 0.01768
8350.00000 0.0185
8355.00000 0.01934
8360.00000 0.01986
8365.00000 0.021
8370.00000 0.02174
8375.00000 0.02265
8380.00000 0.02449
8385.00000 0.02613
8390.00000 0.02733
8395.00000 0.02938
8400.00000 0.03194
8405.00000 0.03478
8410.00000 0.03727
8415.00000 0.04046
8420.00000 0.04449
8425.00000 0.04883
8430.00000 0.05521
8435.00000 0.06153
8440.00000 0.07086
8445.00000 0.08167
8450.00000 0.09386
8455.00000 0.1087
8460.00000 0.12881
8465.00000 0.15213
8470.00000 0.17882
8475.00000 0.207
8480.00000 0.24319
8485.00000 0.28637
8490.00000 0.33291
8495.00000 0.38065
8500.00000 0.4249
8505.00000 0.46793
8510.00000 0.50749
8515.00000 0.54337
8520.00000 0.57362
8525.00000 0.59792
8530.00000 0.61199
8535.00000 0.62041
8540.00000 0.62926
8545.00000 0.62864
8550.00000 0.62967
8555.00000 0.62759
8560.00000 0.62273
8565.00000 0.62502
8570.00000 0.62314
8575.00000 0.6256
8580.00000 0.62314
8585.00000 0.62005
8590.00000 0.61849
8595.00000 0.61627
8600.00000 0.61907
8605.00000 0.62071
8610.00000 0.61945
8615.00000 0.61925
8620.00000 0.61244
8625.00000 0.60951
8630.00000 0.60408
8635.00000 0.60561
8640.00000 0.60748
8645.00000 0.60175
8650.00000 0.59777
8655.00000 0.58826
8660.00000 0.57938
8665.00000 0.57824
8670.00000 0.57522
8675.00000 0.57049
8680.00000 0.56752
8685.00000 0.5631
8690.00000 0.55308
8695.00000 0.54681
8700.00000 0.54657
8705.00000 0.54633
8710.00000 0.54605
8715.00000 0.53802
8720.00000 0.52436
8725.00000 0.50165
8730.00000 0.47788
8735.00000 0.45584
8740.00000 0.43121
8745.00000 0.40571
8750.00000 0.3746
8755.00000 0.33429
8760.00000 0.2917
8765.00000 0.25297
8770.00000 0.21761
8775.00000 0.19213
8780.00000 0.1698
8785.00000 0.15069
8790.00000 0.12884
8795.00000 0.10872
8800.00000 0.09106
8805.00000 0.08008
8810.00000 0.07249
8815.00000 0.06533
8820.00000 0.05958
8825.00000 0.05325
8830.00000 0.04784
8835.00000 0.04196
8840.00000 0.03817
8845.00000 0.03641
8850.00000 0.03391
8855.00000 0.03092
8860.00000 0.02906
8865.00000 0.02672
8870.00000 0.02549
8875.00000 0.02389
8880.00000 0.0225
8885.00000 0.02088
8890.00000 0.02118
8895.00000 0.02
8900.00000 0.01827
8905.00000 0.01705
8910.00000 0.01669
8915.00000 0.0162
8920.00000 0.01554
8925.00000 0.015
8930.00000 0.0144
8935.00000 0.01338
8940.00000 0.0135
8945.00000 0.01359
8950.00000 0.01248
8955.00000 0.01174
8960.00000 0.0114
8965.00000 0.01152
8970.00000 0.01093
8975.00000 0.00996
8980.00000 0.00986
8985.00000 0.00966
8990.00000 0.00929
8995.00000 0.0091
9000.00000 0.00885
9005.00000 0.00853
9010.00000 0.00796
9015.00000 0.00786
9020.00000 0.00742
9025.00000 0.00739
9030.00000 0.00769
9035.00000 0.00663
9040.00000 0.00665
9045.00000 0.00668
9050.00000 0.00668
9055.00000 0.006
9060.00000 0.00572
9065.00000 0.00536
9070.00000 0.00493
9075.00000 0.00426
9080.00000 0.00467
9085.00000 0.00497
9090.00000 0.00459
9095.00000 0.00415
9100.00000 0.00424
9105.00000 0.00406
10015.50000 0.0
