threeML/data/optical_filters/SAO/SCORPIO-fn657.ecsv
# %ECSV 0.9
# ---
# datatype:
# - {name: wavelength, unit: Angstrom, datatype: float32}
# - {name: response, datatype: float32}
# meta: !!omap
# - {band_name: fn657}
# - {group_name: SCORPIO}
wavelength response
5760.99023 0.0
6401.10010 0.00481
6402.39990 0.00483
6403.70020 0.00495
6405.00000 0.00531
6406.29980 0.00508
6407.60010 0.00489
6408.89990 0.00503
6410.20020 0.00516
6411.50000 0.00526
6412.79980 0.00528
6414.10010 0.00546
6415.39990 0.00555
6416.70020 0.00569
6418.00000 0.00558
6419.29980 0.0056
6420.60010 0.00554
6421.89990 0.00601
6423.20020 0.00598
6424.50000 0.00578
6425.79980 0.00612
6427.10010 0.00605
6428.39990 0.0059
6429.70020 0.00603
6431.00000 0.00587
6432.29980 0.00602
6433.60010 0.006
6434.89990 0.00628
6436.20020 0.00642
6437.50000 0.00624
6438.79980 0.00651
6440.10010 0.00663
6441.39990 0.00666
6442.70020 0.00657
6444.00000 0.00645
6445.29980 0.00653
6446.60010 0.00666
6447.89990 0.00676
6449.20020 0.00694
6450.50000 0.00696
6451.79980 0.00692
6453.10010 0.00693
6454.39990 0.00711
6455.70020 0.00704
6457.00000 0.00738
6458.29980 0.00756
6459.60010 0.00752
6460.89990 0.00773
6462.20020 0.00786
6463.50000 0.00808
6464.79980 0.00806
6466.10010 0.00849
6467.39990 0.00838
6468.70020 0.00822
6470.00000 0.00872
6471.29980 0.00893
6472.60010 0.00916
6473.89990 0.00941
6475.20020 0.00974
6476.50000 0.01
6477.79980 0.01017
6479.10010 0.01047
6480.39990 0.01093
6481.70020 0.01121
6483.00000 0.01161
6484.29980 0.01226
6485.60010 0.0129
6486.89990 0.01338
6488.20020 0.014
6489.50000 0.01504
6490.79980 0.01595
6492.10010 0.01731
6493.39990 0.01935
6494.70020 0.02203
6496.00000 0.02475
6497.29980 0.02912
6498.60010 0.03432
6499.89990 0.04112
6501.20020 0.04895
6502.50000 0.05776
6503.79980 0.06848
6505.10010 0.08166
6506.39990 0.09672
6507.70020 0.11445
6509.00000 0.13425
6510.29980 0.15789
6511.60010 0.18314
6512.89990 0.21172
6514.20020 0.24456
6515.50000 0.28031
6516.79980 0.31879
6518.10010 0.35882
6519.39990 0.40118
6520.70020 0.4426
6522.00000 0.48436
6523.29980 0.52324
6524.60010 0.56127
6525.89990 0.59656
6527.20020 0.62429
6528.50000 0.64972
6529.79980 0.67061
6531.10010 0.68575
6532.39990 0.695
6533.70020 0.70093
6535.00000 0.70432
6536.29980 0.7027
6537.60010 0.70044
6538.89990 0.70009
6540.20020 0.69826
6541.50000 0.69993
6542.79980 0.69974
6544.10010 0.70498
6545.39990 0.70801
6546.70020 0.71393
6548.00000 0.72007
6549.29980 0.72102
6550.60010 0.71909
6551.89990 0.7196
6553.20020 0.7177
6554.50000 0.71376
6555.79980 0.71199
6557.10010 0.70577
6558.39990 0.69594
6559.70020 0.69025
6561.00000 0.68515
6562.29980 0.68113
6563.60010 0.67825
6564.89990 0.67611
6566.20020 0.67487
6567.50000 0.67635
6568.79980 0.68059
6570.10010 0.68545
6571.39990 0.69101
6572.70020 0.70018
6574.00000 0.7084
6575.29980 0.71762
6576.60010 0.72415
6577.89990 0.72744
6579.20020 0.7307
6580.50000 0.72922
6581.79980 0.72136
6583.10010 0.70662
6584.39990 0.68535
6585.70020 0.65518
6587.00000 0.62502
6588.29980 0.57704
6589.60010 0.52722
6590.89990 0.47671
6592.20020 0.42187
6593.50000 0.36714
6594.79980 0.31319
6596.10010 0.26223
6597.39990 0.21598
6598.70020 0.17482
6600.00000 0.13841
6601.29980 0.10928
6602.60010 0.08735
6603.89990 0.06986
6605.20020 0.0565
6606.50000 0.04679
6607.79980 0.03951
6609.10010 0.03409
6610.39990 0.02962
6611.70020 0.02605
6613.00000 0.02322
6614.29980 0.02079
6615.60010 0.01926
6616.89990 0.01759
6618.20020 0.01602
6619.50000 0.0149
6620.79980 0.01403
6622.10010 0.01307
6623.39990 0.0122
6624.70020 0.01128
6626.00000 0.01064
6627.29980 0.00988
6628.60010 0.00937
6629.89990 0.00907
6631.20020 0.00835
6632.50000 0.00819
6633.79980 0.00792
6635.10010 0.00754
6636.39990 0.00714
6637.70020 0.00677
6639.00000 0.00661
6640.29980 0.00631
6641.60010 0.0062
6642.89990 0.0059
6644.20020 0.00572
6645.50000 0.0056
6646.79980 0.00549
6648.10010 0.00529
6649.39990 0.0052
6650.70020 0.00517
6652.00000 0.00522
6653.29980 0.00534
6654.60010 0.00496
6655.89990 0.00482
6657.20020 0.00458
6658.50000 0.00456
6659.79980 0.00462
6661.10010 0.00444
6662.39990 0.00452
6663.70020 0.00459
6665.00000 0.00436
6666.29980 0.00431
6667.60010 0.00432
6668.89990 0.0043
6670.20020 0.00417
6671.50000 0.00421
6672.79980 0.00417
7340.07959 0.0
