threeML/data/optical_filters/SAO/SCORPIO-sed755.ecsv
# %ECSV 0.9
# ---
# datatype:
# - {name: wavelength, unit: Angstrom, datatype: float32}
# - {name: response, datatype: float32}
# meta: !!omap
# - {band_name: sed755}
# - {group_name: SCORPIO}
wavelength response
6390.00000 0.0
7100.00000 0.00451
7105.00000 0.00457
7110.00000 0.00464
7115.00000 0.0047
7120.00000 0.00474
7125.00000 0.00477
7130.00000 0.00484
7135.00000 0.00487
7140.00000 0.00489
7145.00000 0.00499
7150.00000 0.00498
7155.00000 0.00504
7160.00000 0.00511
7165.00000 0.00516
7170.00000 0.00511
7175.00000 0.00518
7180.00000 0.00538
7185.00000 0.00545
7190.00000 0.00549
7195.00000 0.00553
7200.00000 0.00559
7205.00000 0.00568
7210.00000 0.00577
7215.00000 0.00586
7220.00000 0.00597
7225.00000 0.0061
7230.00000 0.00612
7235.00000 0.00621
7240.00000 0.00625
7245.00000 0.00642
7250.00000 0.0065
7255.00000 0.00658
7260.00000 0.00676
7265.00000 0.00691
7270.00000 0.00705
7275.00000 0.00723
7280.00000 0.00739
7285.00000 0.00759
7290.00000 0.00784
7295.00000 0.00809
7300.00000 0.00834
7305.00000 0.00869
7310.00000 0.00897
7315.00000 0.00927
7320.00000 0.00973
7325.00000 0.01015
7330.00000 0.01065
7335.00000 0.01122
7340.00000 0.012
7345.00000 0.01284
7350.00000 0.01377
7355.00000 0.01483
7360.00000 0.01616
7365.00000 0.01796
7370.00000 0.01979
7375.00000 0.02219
7380.00000 0.02522
7385.00000 0.02891
7390.00000 0.03357
7395.00000 0.0394
7400.00000 0.04642
7405.00000 0.05572
7410.00000 0.06747
7415.00000 0.0817
7420.00000 0.09975
7425.00000 0.12266
7430.00000 0.14974
7435.00000 0.18291
7440.00000 0.22173
7445.00000 0.26531
7450.00000 0.31323
7455.00000 0.36464
7460.00000 0.41709
7465.00000 0.46713
7470.00000 0.51427
7475.00000 0.55544
7480.00000 0.58982
7485.00000 0.61727
7490.00000 0.63853
7495.00000 0.65353
7500.00000 0.66499
7505.00000 0.67253
7510.00000 0.67835
7515.00000 0.68299
7520.00000 0.68722
7525.00000 0.69002
7530.00000 0.6926
7535.00000 0.69411
7540.00000 0.69405
7545.00000 0.69324
7550.00000 0.68926
7555.00000 0.68437
7560.00000 0.67784
7565.00000 0.66855
7570.00000 0.65637
7575.00000 0.64438
7580.00000 0.63092
7585.00000 0.61722
7590.00000 0.60333
7595.00000 0.59081
7600.00000 0.57733
7605.00000 0.56711
7610.00000 0.55906
7615.00000 0.55297
7620.00000 0.54839
7625.00000 0.5451
7630.00000 0.54212
7635.00000 0.53937
7640.00000 0.53451
7645.00000 0.52563
7650.00000 0.51153
7655.00000 0.48956
7660.00000 0.4602
7665.00000 0.42348
7670.00000 0.38039
7675.00000 0.33447
7680.00000 0.28794
7685.00000 0.24367
7690.00000 0.20278
7695.00000 0.16796
7700.00000 0.13821
7705.00000 0.11426
7710.00000 0.09468
7715.00000 0.0787
7720.00000 0.06589
7725.00000 0.05564
7730.00000 0.04739
7735.00000 0.04079
7740.00000 0.0356
7745.00000 0.03119
7750.00000 0.02769
7755.00000 0.02488
7760.00000 0.02247
7765.00000 0.02045
7770.00000 0.01879
7775.00000 0.0174
7780.00000 0.01621
7785.00000 0.0152
7790.00000 0.01432
7795.00000 0.01356
7800.00000 0.01275
7805.00000 0.01218
7810.00000 0.01163
7815.00000 0.01116
7820.00000 0.01068
7825.00000 0.01038
7830.00000 0.00999
7835.00000 0.00961
7840.00000 0.00947
7845.00000 0.00917
7850.00000 0.00894
7855.00000 0.00876
7860.00000 0.00851
7865.00000 0.00835
7870.00000 0.00822
7875.00000 0.00808
7880.00000 0.00799
7885.00000 0.00774
7890.00000 0.00755
7895.00000 0.00743
7900.00000 0.00734
7905.00000 0.00729
7910.00000 0.00722
7915.00000 0.00709
7920.00000 0.00701
7925.00000 0.00687
7930.00000 0.00687
7935.00000 0.0068
7940.00000 0.00676
7945.00000 0.00674
7950.00000 0.00658
7955.00000 0.00646
7960.00000 0.00648
7965.00000 0.00636
7970.00000 0.00626
7975.00000 0.00628
7980.00000 0.00617
7985.00000 0.00615
7990.00000 0.00612
7995.00000 0.00606
8000.00000 0.00598
8800.00000 0.0
