threeML/data/optical_filters/SAO/SCORPIO-sed812.ecsv
# %ECSV 0.9
# ---
# datatype:
# - {name: wavelength, unit: Angstrom, datatype: float32}
# - {name: response, datatype: float32}
# meta: !!omap
# - {band_name: sed812}
# - {group_name: SCORPIO}
wavelength response
6768.00000 0.0
7520.00000 0.00406
7525.00000 0.00385
7530.00000 0.00392
7535.00000 0.00409
7540.00000 0.00429
7545.00000 0.00413
7550.00000 0.00421
7555.00000 0.00417
7560.00000 0.00398
7565.00000 0.00419
7570.00000 0.00451
7575.00000 0.00443
7580.00000 0.00448
7585.00000 0.00463
7590.00000 0.0046
7595.00000 0.00467
7600.00000 0.00486
7605.00000 0.00519
7610.00000 0.00507
7615.00000 0.00538
7620.00000 0.00538
7625.00000 0.00537
7630.00000 0.00537
7635.00000 0.00556
7640.00000 0.00562
7645.00000 0.00566
7650.00000 0.00564
7655.00000 0.00568
7660.00000 0.00548
7665.00000 0.00563
7670.00000 0.00597
7675.00000 0.00569
7680.00000 0.00584
7685.00000 0.00609
7690.00000 0.00612
7695.00000 0.00651
7700.00000 0.00657
7705.00000 0.00678
7710.00000 0.00673
7715.00000 0.00683
7720.00000 0.00706
7725.00000 0.00747
7730.00000 0.00757
7735.00000 0.00769
7740.00000 0.00761
7745.00000 0.0076
7750.00000 0.00778
7755.00000 0.00815
7760.00000 0.00857
7765.00000 0.00872
7770.00000 0.00903
7775.00000 0.0091
7780.00000 0.00939
7785.00000 0.00947
7790.00000 0.0097
7795.00000 0.00991
7800.00000 0.01045
7805.00000 0.01103
7810.00000 0.01144
7815.00000 0.01148
7820.00000 0.01211
7825.00000 0.01246
7830.00000 0.01292
7835.00000 0.01364
7840.00000 0.01426
7845.00000 0.01514
7850.00000 0.01591
7855.00000 0.01666
7860.00000 0.01771
7865.00000 0.01867
7870.00000 0.01996
7875.00000 0.02159
7880.00000 0.02334
7885.00000 0.02556
7890.00000 0.02811
7895.00000 0.03115
7900.00000 0.03521
7905.00000 0.03985
7910.00000 0.04561
7915.00000 0.05268
7920.00000 0.06199
7925.00000 0.07278
7930.00000 0.08728
7935.00000 0.10465
7940.00000 0.12731
7945.00000 0.15459
7950.00000 0.18844
7955.00000 0.23068
7960.00000 0.27845
7965.00000 0.33103
7970.00000 0.38784
7975.00000 0.4466
7980.00000 0.50459
7985.00000 0.55364
7990.00000 0.59215
7995.00000 0.62454
8000.00000 0.64471
8005.00000 0.65705
8010.00000 0.6613
8015.00000 0.662
8020.00000 0.66217
8025.00000 0.66082
8030.00000 0.66128
8035.00000 0.66209
8040.00000 0.66184
8045.00000 0.66578
8050.00000 0.67337
8055.00000 0.67691
8060.00000 0.6826
8065.00000 0.68935
8070.00000 0.69581
8075.00000 0.70037
8080.00000 0.70505
8085.00000 0.70469
8090.00000 0.70435
8095.00000 0.70094
8100.00000 0.69332
8105.00000 0.68486
8110.00000 0.67618
8115.00000 0.66147
8120.00000 0.64869
8125.00000 0.63177
8130.00000 0.61773
8135.00000 0.6016
8140.00000 0.58374
8145.00000 0.56294
8150.00000 0.54348
8155.00000 0.52365
8160.00000 0.50494
8165.00000 0.4814
8170.00000 0.45668
8175.00000 0.43244
8180.00000 0.40788
8185.00000 0.37878
8190.00000 0.35067
8195.00000 0.32109
8200.00000 0.2926
8205.00000 0.26261
8210.00000 0.23399
8215.00000 0.20768
8220.00000 0.18462
8225.00000 0.1623
8230.00000 0.14233
8235.00000 0.12439
8240.00000 0.1104
8245.00000 0.09747
8250.00000 0.08552
8255.00000 0.07391
8260.00000 0.06748
8265.00000 0.06097
8270.00000 0.05374
8275.00000 0.04829
8280.00000 0.04385
8285.00000 0.03985
8290.00000 0.03647
8295.00000 0.03379
8300.00000 0.03107
8305.00000 0.02935
8310.00000 0.02716
8315.00000 0.02545
8320.00000 0.02387
8325.00000 0.02251
8330.00000 0.02102
8335.00000 0.02007
8340.00000 0.01921
8345.00000 0.01839
8350.00000 0.01771
8355.00000 0.01693
8360.00000 0.01637
8365.00000 0.01569
8370.00000 0.01529
8375.00000 0.01479
8380.00000 0.01411
8385.00000 0.01372
8390.00000 0.0134
8395.00000 0.01295
8400.00000 0.01318
8405.00000 0.01258
8410.00000 0.01232
8415.00000 0.01195
8420.00000 0.01151
8425.00000 0.01165
8430.00000 0.01099
8435.00000 0.01051
8440.00000 0.00988
8445.00000 0.01011
8450.00000 0.0103
8455.00000 0.00971
8460.00000 0.00966
8465.00000 0.00936
8470.00000 0.00941
8475.00000 0.00945
8480.00000 0.00934
8485.00000 0.00896
8490.00000 0.00887
8495.00000 0.00822
8500.00000 0.00832
8505.00000 0.00842
8510.00000 0.00804
8515.00000 0.00815
8520.00000 0.00838
8525.00000 0.00804
8530.00000 0.00807
8535.00000 0.00775
8540.00000 0.00794
8545.00000 0.00791
8550.00000 0.0081
8555.00000 0.00782
8560.00000 0.00748
8565.00000 0.00723
8570.00000 0.00724
8575.00000 0.007
8580.00000 0.00726
8585.00000 0.0076
8590.00000 0.00744
8595.00000 0.0072
8600.00000 0.00691
9460.00000 0.0
