threeML/data/optical_filters/SAO/SCORPIO-sed707.ecsv
# %ECSV 0.9
# ---
# datatype:
# - {name: wavelength, unit: Angstrom, datatype: float32}
# - {name: response, datatype: float32}
# meta: !!omap
# - {band_name: sed707}
# - {group_name: SCORPIO}
wavelength response
6030.00000 0.0
6700.00000 0.0076
6705.00000 0.00748
6710.00000 0.00743
6715.00000 0.00747
6720.00000 0.00758
6725.00000 0.00771
6730.00000 0.00789
6735.00000 0.00791
6740.00000 0.00781
6745.00000 0.0078
6750.00000 0.00796
6755.00000 0.00829
6760.00000 0.00824
6765.00000 0.00867
6770.00000 0.00867
6775.00000 0.0089
6780.00000 0.00908
6785.00000 0.00911
6790.00000 0.00954
6795.00000 0.00981
6800.00000 0.00989
6805.00000 0.0101
6810.00000 0.01045
6815.00000 0.01076
6820.00000 0.0113
6825.00000 0.01168
6830.00000 0.01241
6835.00000 0.01305
6840.00000 0.01413
6845.00000 0.01466
6850.00000 0.01594
6855.00000 0.01713
6860.00000 0.01874
6865.00000 0.02082
6870.00000 0.02315
6875.00000 0.02649
6880.00000 0.0298
6885.00000 0.034
6890.00000 0.03972
6895.00000 0.04701
6900.00000 0.05628
6905.00000 0.06825
6910.00000 0.08404
6915.00000 0.10544
6920.00000 0.13345
6925.00000 0.16995
6930.00000 0.21882
6935.00000 0.2799
6940.00000 0.35356
6945.00000 0.43637
6950.00000 0.52279
6955.00000 0.60648
6960.00000 0.67485
6965.00000 0.72614
6970.00000 0.75754
6975.00000 0.7671
6980.00000 0.76351
6985.00000 0.75203
6990.00000 0.74029
6995.00000 0.72711
7000.00000 0.71287
7005.00000 0.70322
7010.00000 0.698
7015.00000 0.69622
7020.00000 0.69225
7025.00000 0.69244
7030.00000 0.69147
7035.00000 0.68582
7040.00000 0.67827
7045.00000 0.66933
7050.00000 0.65951
7055.00000 0.64717
7060.00000 0.63559
7065.00000 0.62484
7070.00000 0.61581
7075.00000 0.6069
7080.00000 0.60406
7085.00000 0.60563
7090.00000 0.61154
7095.00000 0.61944
7100.00000 0.63019
7105.00000 0.64188
7110.00000 0.65598
7115.00000 0.6622
7120.00000 0.65887
7125.00000 0.64203
7130.00000 0.6105
7135.00000 0.56468
7140.00000 0.50658
7145.00000 0.44217
7150.00000 0.3762
7155.00000 0.31161
7160.00000 0.25519
7165.00000 0.20634
7170.00000 0.16563
7175.00000 0.13352
7180.00000 0.10798
7185.00000 0.08857
7190.00000 0.07176
7195.00000 0.05895
7200.00000 0.04912
7205.00000 0.04152
7210.00000 0.03557
7215.00000 0.03073
7220.00000 0.02691
7225.00000 0.02378
7230.00000 0.02096
7235.00000 0.01898
7240.00000 0.01726
7245.00000 0.01582
7250.00000 0.01462
7255.00000 0.01379
7260.00000 0.01283
7265.00000 0.01205
7270.00000 0.01159
7275.00000 0.01119
7280.00000 0.01057
7285.00000 0.01017
7290.00000 0.01007
7295.00000 0.00962
7300.00000 0.00954
7305.00000 0.00916
7310.00000 0.00895
7315.00000 0.00879
7320.00000 0.00869
7325.00000 0.00846
7330.00000 0.00832
7335.00000 0.00838
7340.00000 0.00836
7345.00000 0.00803
7350.00000 0.00782
7355.00000 0.0079
7360.00000 0.00771
7365.00000 0.00757
7370.00000 0.00751
7375.00000 0.00754
7380.00000 0.00755
7385.00000 0.00731
7390.00000 0.00746
7395.00000 0.00719
7400.00000 0.0072
8140.00000 0.0
