threeML/data/optical_filters/SAO/SCORPIO-sed520.ecsv
# %ECSV 0.9
# ---
# datatype:
# - {name: wavelength, unit: Angstrom, datatype: float32}
# - {name: response, datatype: float32}
# meta: !!omap
# - {band_name: sed520}
# - {group_name: SCORPIO}
wavelength response
4320.00000 0.0
4800.00000 0.00597
4805.00000 0.00601
4810.00000 0.00603
4815.00000 0.00603
4820.00000 0.00603
4825.00000 0.00604
4830.00000 0.00606
4835.00000 0.0061
4840.00000 0.0061
4845.00000 0.00615
4850.00000 0.00618
4855.00000 0.00615
4860.00000 0.0061
4865.00000 0.00631
4870.00000 0.00639
4875.00000 0.00651
4880.00000 0.00667
4885.00000 0.0068
4890.00000 0.00702
4895.00000 0.00735
4900.00000 0.00775
4905.00000 0.00835
4910.00000 0.00916
4915.00000 0.01034
4920.00000 0.01178
4925.00000 0.01357
4930.00000 0.01586
4935.00000 0.01828
4940.00000 0.02075
4945.00000 0.02296
4950.00000 0.02469
4955.00000 0.02609
4960.00000 0.0271
4965.00000 0.0279
4970.00000 0.02863
4975.00000 0.02956
4980.00000 0.03067
4985.00000 0.03214
4990.00000 0.03401
4995.00000 0.03626
5000.00000 0.03921
5005.00000 0.04284
5010.00000 0.04736
5015.00000 0.05294
5020.00000 0.05975
5025.00000 0.0683
5030.00000 0.07874
5035.00000 0.09159
5040.00000 0.10759
5045.00000 0.12722
5050.00000 0.15137
5055.00000 0.18079
5060.00000 0.21601
5065.00000 0.2575
5070.00000 0.30562
5075.00000 0.35918
5080.00000 0.41574
5085.00000 0.47305
5090.00000 0.52695
5095.00000 0.57381
5100.00000 0.61125
5105.00000 0.63677
5110.00000 0.65142
5115.00000 0.6562
5120.00000 0.65395
5125.00000 0.64628
5130.00000 0.63663
5135.00000 0.62674
5140.00000 0.6169
5145.00000 0.60929
5150.00000 0.60384
5155.00000 0.60136
5160.00000 0.60131
5165.00000 0.6041
5170.00000 0.60788
5175.00000 0.61376
5180.00000 0.62119
5185.00000 0.62895
5190.00000 0.63507
5195.00000 0.64023
5200.00000 0.64353
5205.00000 0.64371
5210.00000 0.64101
5215.00000 0.635
5220.00000 0.62616
5225.00000 0.61429
5230.00000 0.60153
5235.00000 0.58679
5240.00000 0.57248
5245.00000 0.55829
5250.00000 0.54545
5255.00000 0.53418
5260.00000 0.52496
5265.00000 0.51844
5270.00000 0.51476
5275.00000 0.51414
5280.00000 0.51651
5285.00000 0.52171
5290.00000 0.53063
5295.00000 0.54262
5300.00000 0.55756
5305.00000 0.57578
5310.00000 0.59651
5315.00000 0.61868
5320.00000 0.64163
5325.00000 0.66372
5330.00000 0.68339
5335.00000 0.6973
5340.00000 0.70472
5345.00000 0.70221
5350.00000 0.68816
5355.00000 0.6623
5360.00000 0.62503
5365.00000 0.5773
5370.00000 0.5233
5375.00000 0.46565
5380.00000 0.40828
5385.00000 0.35305
5390.00000 0.30232
5395.00000 0.25666
5400.00000 0.21707
5405.00000 0.1832
5410.00000 0.1545
5415.00000 0.13042
5420.00000 0.1104
5425.00000 0.09378
5430.00000 0.08011
5435.00000 0.06867
5440.00000 0.05927
5445.00000 0.05149
5450.00000 0.04496
5455.00000 0.03956
5460.00000 0.03513
5465.00000 0.03135
5470.00000 0.02814
5475.00000 0.02547
5480.00000 0.02324
5485.00000 0.02131
5490.00000 0.01969
5495.00000 0.01828
5500.00000 0.01716
5505.00000 0.01618
5510.00000 0.01537
5515.00000 0.01463
5520.00000 0.01406
5525.00000 0.01357
5530.00000 0.01323
5535.00000 0.01292
5540.00000 0.01272
5545.00000 0.01255
5550.00000 0.01251
5555.00000 0.01251
5560.00000 0.01255
5565.00000 0.01263
5570.00000 0.01272
5575.00000 0.01279
5580.00000 0.01282
5585.00000 0.01282
5590.00000 0.01261
5595.00000 0.01227
5600.00000 0.01179
5605.00000 0.01109
5610.00000 0.01029
5615.00000 0.00939
5620.00000 0.00851
5625.00000 0.00769
5630.00000 0.00688
5635.00000 0.0062
5640.00000 0.00562
5645.00000 0.00513
5650.00000 0.00471
5655.00000 0.00438
5660.00000 0.0041
6226.00000 0.0
