threeML/data/optical_filters/SAO/SCORPIO-sed505.ecsv
# %ECSV 0.9
# ---
# datatype:
# - {name: wavelength, unit: Angstrom, datatype: float32}
# - {name: response, datatype: float32}
# meta: !!omap
# - {band_name: sed505}
# - {group_name: SCORPIO}
wavelength response
4234.50000 0.0
4705.00000 0.00632
4710.00000 0.00646
4715.00000 0.00644
4720.00000 0.00663
4725.00000 0.00665
4730.00000 0.00687
4735.00000 0.00648
4740.00000 0.00672
4745.00000 0.00691
4750.00000 0.00709
4755.00000 0.00757
4760.00000 0.00678
4765.00000 0.00685
4770.00000 0.00708
4775.00000 0.00781
4780.00000 0.00831
4785.00000 0.00773
4790.00000 0.00847
4795.00000 0.00889
4800.00000 0.00924
4805.00000 0.00945
4810.00000 0.00989
4815.00000 0.01069
4820.00000 0.01145
4825.00000 0.0119
4830.00000 0.01361
4835.00000 0.01533
4840.00000 0.01789
4845.00000 0.02021
4850.00000 0.02255
4855.00000 0.02668
4860.00000 0.03135
4865.00000 0.03801
4870.00000 0.04634
4875.00000 0.0574
4880.00000 0.07159
4885.00000 0.08926
4890.00000 0.11316
4895.00000 0.14018
4900.00000 0.17119
4905.00000 0.20792
4910.00000 0.24674
4915.00000 0.28648
4920.00000 0.3256
4925.00000 0.36113
4930.00000 0.38833
4935.00000 0.40925
4940.00000 0.42542
4945.00000 0.43363
4950.00000 0.43827
4955.00000 0.44079
4960.00000 0.44336
4965.00000 0.44431
4970.00000 0.44621
4975.00000 0.44766
4980.00000 0.449
4985.00000 0.45218
4990.00000 0.45493
4995.00000 0.45673
5000.00000 0.45796
5005.00000 0.45863
5010.00000 0.45995
5015.00000 0.46089
5020.00000 0.45834
5025.00000 0.45603
5030.00000 0.45373
5035.00000 0.45011
5040.00000 0.44879
5045.00000 0.44918
5050.00000 0.44846
5055.00000 0.44816
5060.00000 0.45229
5065.00000 0.45712
5070.00000 0.46135
5075.00000 0.46951
5080.00000 0.47988
5085.00000 0.48371
5090.00000 0.48664
5095.00000 0.48284
5100.00000 0.46973
5105.00000 0.44991
5110.00000 0.4216
5115.00000 0.3842
5120.00000 0.34075
5125.00000 0.2955
5130.00000 0.24973
5135.00000 0.20704
5140.00000 0.16961
5145.00000 0.13799
5150.00000 0.11032
5155.00000 0.08886
5160.00000 0.07185
5165.00000 0.05871
5170.00000 0.04811
5175.00000 0.03957
5180.00000 0.03319
5185.00000 0.028
5190.00000 0.02338
5195.00000 0.02031
5200.00000 0.01764
5205.00000 0.01521
5210.00000 0.01323
5215.00000 0.01184
5220.00000 0.01079
5225.00000 0.00949
5230.00000 0.00862
5235.00000 0.00784
5240.00000 0.00708
5245.00000 0.0067
5250.00000 0.00618
5255.00000 0.00586
5260.00000 0.00551
5265.00000 0.00508
5270.00000 0.00492
5275.00000 0.00438
5280.00000 0.0043
5808.00000 0.0
