threeML/data/optical_filters/SAO/SCORPIO-sed665.ecsv
# %ECSV 0.9
# ---
# datatype:
# - {name: wavelength, unit: Angstrom, datatype: float32}
# - {name: response, datatype: float32}
# meta: !!omap
# - {band_name: sed665}
# - {group_name: SCORPIO}
wavelength response
5670.00000 0.0
6300.00000 0.00578
6305.00000 0.00588
6310.00000 0.00594
6315.00000 0.00597
6320.00000 0.00597
6325.00000 0.00601
6330.00000 0.0061
6335.00000 0.00616
6340.00000 0.00614
6345.00000 0.00626
6350.00000 0.00629
6355.00000 0.00635
6360.00000 0.00638
6365.00000 0.00651
6370.00000 0.00662
6375.00000 0.00678
6380.00000 0.00676
6385.00000 0.00686
6390.00000 0.00702
6395.00000 0.00723
6400.00000 0.00747
6405.00000 0.00767
6410.00000 0.00797
6415.00000 0.00819
6420.00000 0.00856
6425.00000 0.00886
6430.00000 0.00925
6435.00000 0.0098
6440.00000 0.01036
6445.00000 0.01109
6450.00000 0.01203
6455.00000 0.0129
6460.00000 0.01412
6465.00000 0.01562
6470.00000 0.01761
6475.00000 0.01997
6480.00000 0.02309
6485.00000 0.02702
6490.00000 0.03231
6495.00000 0.03936
6500.00000 0.04854
6505.00000 0.0611
6510.00000 0.07824
6515.00000 0.10144
6520.00000 0.1333
6525.00000 0.17539
6530.00000 0.2295
6535.00000 0.29648
6540.00000 0.37539
6545.00000 0.46036
6550.00000 0.54392
6555.00000 0.61665
6560.00000 0.67273
6565.00000 0.70836
6570.00000 0.72615
6575.00000 0.7289
6580.00000 0.72502
6585.00000 0.72064
6590.00000 0.71557
6595.00000 0.71131
6600.00000 0.71219
6605.00000 0.71462
6610.00000 0.71818
6615.00000 0.72228
6620.00000 0.72295
6625.00000 0.72278
6630.00000 0.71951
6635.00000 0.71171
6640.00000 0.70171
6645.00000 0.68896
6650.00000 0.67616
6655.00000 0.66231
6660.00000 0.64973
6665.00000 0.64047
6670.00000 0.63511
6675.00000 0.63219
6680.00000 0.63321
6685.00000 0.63994
6690.00000 0.64676
6695.00000 0.65377
6700.00000 0.65547
6705.00000 0.64866
6710.00000 0.62498
6715.00000 0.58396
6720.00000 0.52625
6725.00000 0.45595
6730.00000 0.37999
6735.00000 0.30723
6740.00000 0.24217
6745.00000 0.18767
6750.00000 0.14427
6755.00000 0.11169
6760.00000 0.08693
6765.00000 0.06832
6770.00000 0.0545
6775.00000 0.04454
6780.00000 0.03655
6785.00000 0.03038
6790.00000 0.02602
6795.00000 0.02245
6800.00000 0.01944
6805.00000 0.01722
6810.00000 0.01546
6815.00000 0.01389
6820.00000 0.01259
6825.00000 0.01166
6830.00000 0.01079
6835.00000 0.01005
6840.00000 0.0094
6845.00000 0.00887
6850.00000 0.00829
6855.00000 0.00798
6860.00000 0.00764
6865.00000 0.00728
6870.00000 0.00701
6875.00000 0.00681
6880.00000 0.00654
6885.00000 0.00631
6890.00000 0.00615
6895.00000 0.00601
6900.00000 0.00583
6905.00000 0.00577
6910.00000 0.00559
6915.00000 0.00539
6920.00000 0.00534
6925.00000 0.00526
6930.00000 0.00517
6935.00000 0.00513
6940.00000 0.00504
6945.00000 0.00489
6950.00000 0.00486
6955.00000 0.00478
6960.00000 0.00469
6965.00000 0.00466
6970.00000 0.00459
6975.00000 0.00443
6980.00000 0.00444
6985.00000 0.00444
6990.00000 0.00438
6995.00000 0.00437
7000.00000 0.00432
7700.00000 0.0
