threeML/data/optical_filters/SAO/SCORPIO-I.ecsv
# %ECSV 0.9
# ---
# datatype:
# - {name: wavelength, unit: Angstrom, datatype: float32}
# - {name: response, datatype: float32}
# meta: !!omap
# - {band_name: I}
# - {group_name: SCORPIO}
wavelength response
6309.00000 0.0
7010.00000 0.00514
7020.00000 0.00902
7030.00000 0.01288
7040.00000 0.01672
7050.00000 0.02058
7060.00000 0.02436
7070.00000 0.02812
7080.00000 0.03185
7090.00000 0.03561
7100.00000 0.03929
7110.00000 0.043
7120.00000 0.04663
7130.00000 0.05024
7140.00000 0.05387
7150.00000 0.05742
7160.00000 0.061
7170.00000 0.06451
7180.00000 0.06804
7190.00000 0.07149
7200.00000 0.07497
7210.00000 0.08781
7220.00000 0.10057
7230.00000 0.11329
7240.00000 0.12586
7250.00000 0.13839
7260.00000 0.15078
7270.00000 0.16314
7280.00000 0.1754
7290.00000 0.18757
7300.00000 0.19964
7310.00000 0.21163
7320.00000 0.22353
7330.00000 0.23533
7340.00000 0.24709
7350.00000 0.25871
7360.00000 0.27029
7370.00000 0.28173
7380.00000 0.29312
7390.00000 0.30443
7400.00000 0.31564
7410.00000 0.32153
7420.00000 0.32741
7430.00000 0.33324
7440.00000 0.33897
7450.00000 0.34469
7460.00000 0.35037
7470.00000 0.35594
7480.00000 0.3615
7490.00000 0.36701
7500.00000 0.37247
7510.00000 0.37358
7520.00000 0.37467
7530.00000 0.37578
7540.00000 0.37682
7550.00000 0.37784
7560.00000 0.37884
7570.00000 0.37987
7580.00000 0.38082
7590.00000 0.38175
7600.00000 0.38267
7610.00000 0.38163
7620.00000 0.38055
7630.00000 0.37951
7640.00000 0.37846
7650.00000 0.37736
7660.00000 0.3763
7670.00000 0.37519
7680.00000 0.37412
7690.00000 0.373
7700.00000 0.37193
7710.00000 0.3708
7720.00000 0.36971
7730.00000 0.36857
7740.00000 0.36747
7750.00000 0.36636
7760.00000 0.36521
7770.00000 0.36409
7780.00000 0.36293
7790.00000 0.36181
7800.00000 0.36063
7810.00000 0.3589
7820.00000 0.35712
7830.00000 0.35538
7840.00000 0.35361
7850.00000 0.35183
7860.00000 0.3501
7870.00000 0.34833
7880.00000 0.34659
7890.00000 0.34482
7900.00000 0.34309
7910.00000 0.34136
7920.00000 0.33963
7930.00000 0.3379
7940.00000 0.33621
7950.00000 0.33448
7960.00000 0.33276
7970.00000 0.33103
7980.00000 0.32934
7990.00000 0.32761
8000.00000 0.32588
8010.00000 0.32504
8020.00000 0.32423
8030.00000 0.32338
8040.00000 0.32258
8050.00000 0.32173
8060.00000 0.32093
8070.00000 0.32008
8080.00000 0.31924
8090.00000 0.31843
8100.00000 0.31759
8110.00000 0.31678
8120.00000 0.31594
8130.00000 0.31513
8140.00000 0.31429
8150.00000 0.31345
8160.00000 0.31265
8170.00000 0.3118
8180.00000 0.311
8190.00000 0.31016
8200.00000 0.30936
8210.00000 0.30852
8220.00000 0.30768
8230.00000 0.30687
8240.00000 0.30604
8250.00000 0.30523
8260.00000 0.3044
8270.00000 0.30359
8280.00000 0.30276
8290.00000 0.30192
8300.00000 0.30112
8310.00000 0.30028
8320.00000 0.29948
8330.00000 0.29865
8340.00000 0.29785
8350.00000 0.29701
8360.00000 0.29617
8370.00000 0.29538
8380.00000 0.29454
8390.00000 0.29374
8400.00000 0.29291
8410.00000 0.29211
8420.00000 0.29128
8430.00000 0.29048
8440.00000 0.28965
8450.00000 0.28882
8460.00000 0.28802
8470.00000 0.28719
8480.00000 0.28639
8490.00000 0.28556
8500.00000 0.28476
8510.00000 0.28311
8520.00000 0.28145
8530.00000 0.27983
8540.00000 0.27817
8550.00000 0.27655
8560.00000 0.27489
8570.00000 0.27327
8580.00000 0.27162
8590.00000 0.27
8600.00000 0.26835
8610.00000 0.2667
8620.00000 0.26508
8630.00000 0.26343
8640.00000 0.26181
8650.00000 0.26017
8660.00000 0.25855
8670.00000 0.2569
8680.00000 0.25526
8690.00000 0.25364
8700.00000 0.252
8710.00000 0.25038
8720.00000 0.24874
8730.00000 0.24713
8740.00000 0.24549
8750.00000 0.24387
8760.00000 0.24223
8770.00000 0.24059
8780.00000 0.23898
8790.00000 0.23735
8800.00000 0.23574
8810.00000 0.23407
8820.00000 0.23243
8830.00000 0.23077
8840.00000 0.22914
8850.00000 0.22747
8860.00000 0.22584
8870.00000 0.22418
8880.00000 0.22255
8890.00000 0.22089
8900.00000 0.21926
8910.00000 0.21761
8920.00000 0.21598
8930.00000 0.21433
8940.00000 0.2127
8950.00000 0.21105
8960.00000 0.20943
8970.00000 0.20778
8980.00000 0.20616
8990.00000 0.20451
9000.00000 0.20289
9010.00000 0.20081
9020.00000 0.19876
9030.00000 0.19668
9040.00000 0.19461
9050.00000 0.19256
9060.00000 0.19048
9070.00000 0.18841
9080.00000 0.18636
9090.00000 0.18429
9100.00000 0.18222
9110.00000 0.18017
9120.00000 0.17811
9130.00000 0.17604
9140.00000 0.17399
9150.00000 0.17193
9160.00000 0.16986
9170.00000 0.16782
9180.00000 0.16576
9190.00000 0.1637
9200.00000 0.16166
9210.00000 0.15958
9220.00000 0.15752
9230.00000 0.15544
9240.00000 0.15339
9250.00000 0.15131
9260.00000 0.14924
9270.00000 0.14719
9280.00000 0.14512
9290.00000 0.14306
9300.00000 0.141
9310.00000 0.13895
9320.00000 0.13689
9330.00000 0.13482
9340.00000 0.13278
9350.00000 0.13072
9360.00000 0.12867
9370.00000 0.12662
9380.00000 0.12458
9390.00000 0.12252
9400.00000 0.12047
9410.00000 0.11843
9420.00000 0.11638
9430.00000 0.11435
9440.00000 0.1123
9450.00000 0.11027
9460.00000 0.10822
9470.00000 0.10618
9480.00000 0.10415
9490.00000 0.10211
9500.00000 0.10008
9510.00000 0.09878
9520.00000 0.09749
9530.00000 0.09621
9540.00000 0.09491
9550.00000 0.09363
9560.00000 0.09234
9570.00000 0.09106
9580.00000 0.08977
9590.00000 0.08848
9600.00000 0.08721
9610.00000 0.08593
9620.00000 0.08467
9630.00000 0.08339
9640.00000 0.08212
9650.00000 0.08085
9660.00000 0.07958
9670.00000 0.07832
9680.00000 0.07704
9690.00000 0.07577
9700.00000 0.07451
9710.00000 0.07324
9720.00000 0.07197
9730.00000 0.07071
9740.00000 0.06944
9750.00000 0.06818
9760.00000 0.06691
9770.00000 0.06564
9780.00000 0.06438
9790.00000 0.06312
9800.00000 0.06185
9810.00000 0.0606
9820.00000 0.05933
9830.00000 0.05807
9840.00000 0.05681
9850.00000 0.05555
9860.00000 0.05429
9870.00000 0.05303
9880.00000 0.05177
9890.00000 0.05052
9900.00000 0.04926
9910.00000 0.048
9920.00000 0.04674
9930.00000 0.04548
9940.00000 0.04423
9950.00000 0.04298
9960.00000 0.04172
9970.00000 0.04047
9980.00000 0.03921
9990.00000 0.03796
10000.00000 0.03671
11000.00000 0.0
