threeML/data/optical_filters/SAO/SCORPIO-sed967.ecsv
# %ECSV 0.9
# ---
# datatype:
# - {name: wavelength, unit: Angstrom, datatype: float32}
# - {name: response, datatype: float32}
# meta: !!omap
# - {band_name: sed967}
# - {group_name: SCORPIO}
wavelength response
7960.50000 0.0
8845.00000 0.00589
8850.00000 0.00593
8855.00000 0.00547
8860.00000 0.00559
8865.00000 0.00607
8870.00000 0.00569
8875.00000 0.00585
8880.00000 0.00628
8885.00000 0.00594
8890.00000 0.0062
8895.00000 0.00638
8900.00000 0.00629
8905.00000 0.00694
8910.00000 0.00663
8915.00000 0.00666
8920.00000 0.00719
8925.00000 0.00642
8930.00000 0.00639
8935.00000 0.00725
8940.00000 0.00697
8945.00000 0.00729
8950.00000 0.00778
8955.00000 0.00736
8960.00000 0.00758
8965.00000 0.00767
8970.00000 0.00788
8975.00000 0.0076
8980.00000 0.00789
8985.00000 0.0084
8990.00000 0.00828
8995.00000 0.00812
9000.00000 0.0085
9005.00000 0.00864
9010.00000 0.00921
9015.00000 0.00952
9020.00000 0.00914
9025.00000 0.00926
9030.00000 0.00986
9035.00000 0.00877
9040.00000 0.00884
9045.00000 0.00956
9050.00000 0.00998
9055.00000 0.00994
9060.00000 0.0096
9065.00000 0.00978
9070.00000 0.00984
9075.00000 0.01056
9080.00000 0.01025
9085.00000 0.01014
9090.00000 0.01001
9095.00000 0.0101
9100.00000 0.01074
9105.00000 0.01163
9110.00000 0.01111
9115.00000 0.01112
9120.00000 0.01092
9125.00000 0.01137
9130.00000 0.01161
9135.00000 0.01139
9140.00000 0.01172
9145.00000 0.01233
9150.00000 0.01183
9155.00000 0.01242
9160.00000 0.01235
9165.00000 0.01284
9170.00000 0.01338
9175.00000 0.01269
9180.00000 0.01325
9185.00000 0.01406
9190.00000 0.01405
9195.00000 0.01312
9200.00000 0.01415
9205.00000 0.01422
9210.00000 0.01393
9215.00000 0.01456
9220.00000 0.0152
9225.00000 0.01488
9230.00000 0.01525
9235.00000 0.0158
9240.00000 0.01632
9245.00000 0.01665
9250.00000 0.01656
9255.00000 0.0175
9260.00000 0.01764
9265.00000 0.01754
9270.00000 0.01843
9275.00000 0.01887
9280.00000 0.01945
9285.00000 0.01991
9290.00000 0.02037
9295.00000 0.02043
9300.00000 0.02107
9305.00000 0.02189
9310.00000 0.02284
9315.00000 0.02428
9320.00000 0.02544
9325.00000 0.02638
9330.00000 0.02765
9335.00000 0.02989
9340.00000 0.0306
9345.00000 0.03194
9350.00000 0.03084
9355.00000 0.03117
9360.00000 0.03049
9365.00000 0.03149
9370.00000 0.03293
9375.00000 0.03477
9380.00000 0.03625
9385.00000 0.03888
9390.00000 0.04016
9395.00000 0.04242
9400.00000 0.04425
9405.00000 0.04761
9410.00000 0.04955
9415.00000 0.05247
9420.00000 0.05708
9425.00000 0.06197
9430.00000 0.07051
9435.00000 0.07623
9440.00000 0.08551
9445.00000 0.09444
9450.00000 0.10691
9455.00000 0.12177
9460.00000 0.13722
9465.00000 0.16072
9470.00000 0.18652
9475.00000 0.217
9480.00000 0.25665
9485.00000 0.29847
9490.00000 0.34032
9495.00000 0.386
9500.00000 0.44255
9505.00000 0.4974
9510.00000 0.54315
9515.00000 0.58881
9520.00000 0.61902
9525.00000 0.64185
9530.00000 0.65358
9535.00000 0.66654
9540.00000 0.66584
9545.00000 0.66629
9550.00000 0.66097
9555.00000 0.65738
9560.00000 0.65229
9565.00000 0.64739
9570.00000 0.64457
9575.00000 0.64525
9580.00000 0.64738
9585.00000 0.65097
9590.00000 0.65833
9595.00000 0.66192
9600.00000 0.66113
9605.00000 0.66356
9610.00000 0.66137
9615.00000 0.66599
9620.00000 0.66579
9625.00000 0.66621
9630.00000 0.66453
9635.00000 0.66217
9640.00000 0.66383
9645.00000 0.6575
9650.00000 0.6538
9655.00000 0.65566
9660.00000 0.64633
9665.00000 0.64296
9670.00000 0.64281
9675.00000 0.63552
9680.00000 0.63563
9685.00000 0.62832
9690.00000 0.63638
9695.00000 0.63571
9700.00000 0.63788
9705.00000 0.6398
9710.00000 0.64293
9715.00000 0.64181
9720.00000 0.63809
9725.00000 0.63247
9730.00000 0.62162
9735.00000 0.60495
9740.00000 0.58785
9745.00000 0.56064
9750.00000 0.4898
9755.00000 0.45453
9760.00000 0.41238
9765.00000 0.36955
9770.00000 0.32645
9775.00000 0.28581
9780.00000 0.2547
9785.00000 0.22443
9790.00000 0.19411
9795.00000 0.16894
9800.00000 0.14839
9805.00000 0.12691
9810.00000 0.11267
9815.00000 0.10066
9820.00000 0.09129
9825.00000 0.08061
9830.00000 0.0703
9835.00000 0.06605
9840.00000 0.05814
9845.00000 0.05337
9850.00000 0.04866
9855.00000 0.0467
9860.00000 0.04384
9865.00000 0.03895
9870.00000 0.03556
9875.00000 0.03249
9880.00000 0.03113
9885.00000 0.03022
9890.00000 0.02636
9895.00000 0.02702
9900.00000 0.02675
9905.00000 0.02658
9910.00000 0.02279
9915.00000 0.02131
9920.00000 0.02077
9925.00000 0.01773
9930.00000 0.01782
9935.00000 0.01782
9940.00000 0.01899
9945.00000 0.01671
9950.00000 0.01791
9955.00000 0.01633
9960.00000 0.01592
9965.00000 0.0157
9970.00000 0.01275
9975.00000 0.01341
9980.00000 0.01252
9985.00000 0.0115
9990.00000 0.01125
9995.00000 0.01162
10000.00000 0.01146
10005.00000 0.01155
10010.00000 0.00995
10015.00000 0.01115
10020.00000 0.01006
10025.00000 0.00952
10030.00000 0.00917
10035.00000 0.01023
10040.00000 0.01181
10045.00000 0.00923
10050.00000 0.00818
10055.00000 0.00789
10060.00000 0.00808
10065.00000 0.00724
10070.00000 0.00939
10075.00000 0.00918
10080.00000 0.00539
11088.00000 0.0
