threeML/data/optical_filters/SAO/SCORPIO-sed607.ecsv
# %ECSV 0.9
# ---
# datatype:
# - {name: wavelength, unit: Angstrom, datatype: float32}
# - {name: response, datatype: float32}
# meta: !!omap
# - {band_name: sed607}
# - {group_name: SCORPIO}
wavelength response
5220.00000 0.0
5800.00000 0.00454
5805.00000 0.00466
5810.00000 0.00459
5815.00000 0.00482
5820.00000 0.00483
5825.00000 0.00478
5830.00000 0.00494
5835.00000 0.00495
5840.00000 0.00517
5845.00000 0.00517
5850.00000 0.0053
5855.00000 0.00533
5860.00000 0.00561
5865.00000 0.00577
5870.00000 0.00588
5875.00000 0.00607
5880.00000 0.00627
5885.00000 0.0065
5890.00000 0.00684
5895.00000 0.00714
5900.00000 0.00744
5905.00000 0.00793
5910.00000 0.00868
5915.00000 0.00967
5920.00000 0.01064
5925.00000 0.01178
5930.00000 0.01322
5935.00000 0.01535
5940.00000 0.01798
5945.00000 0.02157
5950.00000 0.0265
5955.00000 0.03304
5960.00000 0.04286
5965.00000 0.0573
5970.00000 0.07822
5975.00000 0.10938
5980.00000 0.15624
5985.00000 0.22272
5990.00000 0.30995
5995.00000 0.41321
6000.00000 0.51655
6005.00000 0.5997
6010.00000 0.64687
6015.00000 0.65598
6020.00000 0.63594
6025.00000 0.60455
6030.00000 0.57313
6035.00000 0.55026
6040.00000 0.53784
6045.00000 0.53699
6050.00000 0.54569
6055.00000 0.56407
6060.00000 0.58703
6065.00000 0.6133
6070.00000 0.63857
6075.00000 0.66089
6080.00000 0.67644
6085.00000 0.6822
6090.00000 0.67995
6095.00000 0.67067
6100.00000 0.65571
6105.00000 0.64035
6110.00000 0.62603
6115.00000 0.61486
6120.00000 0.60553
6125.00000 0.59725
6130.00000 0.5875
6135.00000 0.57129
6140.00000 0.54471
6145.00000 0.50571
6150.00000 0.45386
6155.00000 0.39251
6160.00000 0.3278
6165.00000 0.26586
6170.00000 0.21148
6175.00000 0.16572
6180.00000 0.13027
6185.00000 0.10185
6190.00000 0.08091
6195.00000 0.06471
6200.00000 0.0526
6205.00000 0.04359
6210.00000 0.03649
6215.00000 0.03101
6220.00000 0.0265
6225.00000 0.0229
6230.00000 0.0199
6235.00000 0.01733
6240.00000 0.01518
6245.00000 0.01349
6250.00000 0.01191
6255.00000 0.01072
6260.00000 0.00957
6265.00000 0.00844
6270.00000 0.00765
6275.00000 0.00692
6280.00000 0.00613
6285.00000 0.00559
6290.00000 0.0052
6295.00000 0.00478
6300.00000 0.00431
6305.00000 0.00407
6935.50000 0.0
