threeML/data/optical_filters/SAO/SCORPIO-B.ecsv
# %ECSV 0.9
# ---
# datatype:
# - {name: wavelength, unit: Angstrom, datatype: float32}
# - {name: response, datatype: float32}
# meta: !!omap
# - {band_name: B}
# - {group_name: SCORPIO}
wavelength response
3231.00000 0.0
3590.00000 0.00477
3600.00000 0.00582
3610.00000 0.00785
3620.00000 0.0102
3630.00000 0.01285
3640.00000 0.01584
3650.00000 0.01919
3660.00000 0.02295
3670.00000 0.02707
3680.00000 0.03161
3690.00000 0.03657
3700.00000 0.04198
3710.00000 0.04783
3720.00000 0.05419
3730.00000 0.06105
3740.00000 0.06844
3750.00000 0.07636
3760.00000 0.0848
3770.00000 0.09385
3780.00000 0.10345
3790.00000 0.1137
3800.00000 0.12454
3810.00000 0.13153
3820.00000 0.13869
3830.00000 0.14613
3840.00000 0.15379
3850.00000 0.16168
3860.00000 0.1698
3870.00000 0.1782
3880.00000 0.18684
3890.00000 0.19573
3900.00000 0.20486
3910.00000 0.21429
3920.00000 0.22391
3930.00000 0.23385
3940.00000 0.24403
3950.00000 0.25453
3960.00000 0.26524
3970.00000 0.27627
3980.00000 0.28757
3990.00000 0.29914
4000.00000 0.31104
4010.00000 0.31511
4020.00000 0.31926
4030.00000 0.32343
4040.00000 0.32763
4050.00000 0.33186
4060.00000 0.33617
4070.00000 0.34044
4080.00000 0.3448
4090.00000 0.34913
4100.00000 0.35354
4110.00000 0.35798
4120.00000 0.3625
4130.00000 0.36699
4140.00000 0.3715
4150.00000 0.3761
4160.00000 0.38072
4170.00000 0.38538
4180.00000 0.39005
4190.00000 0.39476
4200.00000 0.39949
4210.00000 0.40043
4220.00000 0.40136
4230.00000 0.40229
4240.00000 0.40321
4250.00000 0.40413
4260.00000 0.40504
4270.00000 0.40594
4280.00000 0.40683
4290.00000 0.40772
4300.00000 0.40861
4310.00000 0.40948
4320.00000 0.41035
4330.00000 0.41122
4340.00000 0.41207
4350.00000 0.41292
4360.00000 0.41377
4370.00000 0.41454
4380.00000 0.41537
4390.00000 0.41619
4400.00000 0.41701
4410.00000 0.41672
4420.00000 0.41641
4430.00000 0.41609
4440.00000 0.41575
4450.00000 0.41533
4460.00000 0.41496
4470.00000 0.41458
4480.00000 0.41411
4490.00000 0.41369
4500.00000 0.41326
4510.00000 0.40997
4520.00000 0.40668
4530.00000 0.4034
4540.00000 0.40011
4550.00000 0.39683
4560.00000 0.39362
4570.00000 0.39035
4580.00000 0.38707
4590.00000 0.3838
4600.00000 0.38053
4610.00000 0.37477
4620.00000 0.36902
4630.00000 0.36327
4640.00000 0.35752
4650.00000 0.35178
4660.00000 0.34605
4670.00000 0.34031
4680.00000 0.33459
4690.00000 0.32886
4700.00000 0.32314
4710.00000 0.3175
4720.00000 0.31178
4730.00000 0.30608
4740.00000 0.30037
4750.00000 0.29467
4760.00000 0.28898
4770.00000 0.28329
4780.00000 0.2776
4790.00000 0.27192
4800.00000 0.26624
4810.00000 0.25809
4820.00000 0.25002
4830.00000 0.24196
4840.00000 0.2339
4850.00000 0.22592
4860.00000 0.21787
4870.00000 0.20991
4880.00000 0.20194
4890.00000 0.19398
4900.00000 0.1861
4910.00000 0.17823
4920.00000 0.17036
4930.00000 0.16249
4940.00000 0.15463
4950.00000 0.14685
4960.00000 0.139
4970.00000 0.13123
4980.00000 0.12347
4990.00000 0.11578
5000.00000 0.10802
5010.00000 0.10347
5020.00000 0.09891
5030.00000 0.09434
5040.00000 0.08983
5050.00000 0.08532
5060.00000 0.08088
5070.00000 0.07642
5080.00000 0.07203
5090.00000 0.06764
5100.00000 0.06331
5110.00000 0.05897
5120.00000 0.0547
5130.00000 0.05043
5140.00000 0.04621
5150.00000 0.042
5160.00000 0.03777
5170.00000 0.03361
5180.00000 0.02952
5190.00000 0.02542
5200.00000 0.02132
5210.00000 0.02019
5220.00000 0.01914
5230.00000 0.01801
5240.00000 0.01696
5250.00000 0.0159
5260.00000 0.01491
5270.00000 0.01385
5280.00000 0.01286
5290.00000 0.01187
5300.00000 0.01095
5310.00000 0.01002
5320.00000 0.0091
5330.00000 0.00817
5340.00000 0.00732
5350.00000 0.00639
5360.00000 0.00553
5370.00000 0.00474
5907.00000 0.0
