threeML/data/optical_filters/SAO/SCORPIO-sed465.ecsv
# %ECSV 0.9
# ---
# datatype:
# - {name: wavelength, unit: Angstrom, datatype: float32}
# - {name: response, datatype: float32}
# meta: !!omap
# - {band_name: sed465}
# - {group_name: SCORPIO}
wavelength response
3451.50000 0.0
3835.00000 0.00447
3840.00000 0.00583
3845.00000 0.00543
3850.00000 0.00488
3855.00000 0.0044
3860.00000 0.0036
3865.00000 0.00412
3870.00000 0.00537
3875.00000 0.00627
3880.00000 0.00525
3885.00000 0.00459
3890.00000 0.00509
3895.00000 0.00399
3900.00000 0.00459
3905.00000 0.00622
3910.00000 0.00531
3915.00000 0.00275
3920.00000 0.00497
3925.00000 0.00612
3930.00000 0.00358
3935.00000 0.00433
3940.00000 0.00567
3945.00000 0.00426
3950.00000 0.00524
3955.00000 0.0044
3960.00000 0.00435
3965.00000 0.00624
3970.00000 0.00644
3975.00000 0.00508
3980.00000 0.00542
3985.00000 0.00489
3990.00000 0.00656
3995.00000 0.00537
4000.00000 0.00623
4005.00000 0.00524
4010.00000 0.00492
4015.00000 0.00698
4020.00000 0.00557
4025.00000 0.00597
4030.00000 0.00587
4035.00000 0.00615
4040.00000 0.0072
4045.00000 0.00612
4050.00000 0.00593
4055.00000 0.0062
4060.00000 0.00593
4065.00000 0.00544
4070.00000 0.00702
4075.00000 0.00535
4080.00000 0.00459
4085.00000 0.00435
4090.00000 0.00562
4095.00000 0.00659
4100.00000 0.00667
4105.00000 0.0052
4110.00000 0.00575
4115.00000 0.00728
4120.00000 0.00686
4125.00000 0.00637
4130.00000 0.00561
4135.00000 0.0061
4140.00000 0.00779
4145.00000 0.00549
4150.00000 0.00533
4155.00000 0.00663
4160.00000 0.00708
4165.00000 0.00717
4170.00000 0.0066
4175.00000 0.00584
4180.00000 0.00507
4185.00000 0.00717
4190.00000 0.0068
4195.00000 0.00503
4200.00000 0.00638
4205.00000 0.00601
4210.00000 0.00471
4215.00000 0.00478
4220.00000 0.00622
4225.00000 0.00584
4230.00000 0.00607
4235.00000 0.00722
4240.00000 0.00783
4245.00000 0.00667
4250.00000 0.00594
4255.00000 0.00888
4260.00000 0.00629
4265.00000 0.00739
4270.00000 0.00523
4275.00000 0.00662
4280.00000 0.00602
4285.00000 0.00568
4290.00000 0.00559
4295.00000 0.00636
4300.00000 0.00644
4305.00000 0.00709
4310.00000 0.00614
4315.00000 0.00563
4320.00000 0.00633
4325.00000 0.00545
4330.00000 0.0061
4335.00000 0.00632
4340.00000 0.00663
4345.00000 0.00694
4350.00000 0.00618
4355.00000 0.00516
4360.00000 0.0055
4365.00000 0.00581
4370.00000 0.00649
4375.00000 0.0066
4380.00000 0.0065
4385.00000 0.00758
4390.00000 0.00706
4395.00000 0.00743
4400.00000 0.00704
4405.00000 0.0062
4410.00000 0.00725
4415.00000 0.00655
4420.00000 0.00666
4425.00000 0.00787
4430.00000 0.0082
4435.00000 0.00908
4440.00000 0.0102
4445.00000 0.00933
4450.00000 0.01052
4455.00000 0.01177
4460.00000 0.01175
4465.00000 0.01309
4470.00000 0.01446
4475.00000 0.01663
4480.00000 0.01983
4485.00000 0.02259
4490.00000 0.02869
4495.00000 0.03525
4500.00000 0.04444
4505.00000 0.05534
4510.00000 0.06931
4515.00000 0.08717
4520.00000 0.10765
4525.00000 0.12967
4530.00000 0.15476
4535.00000 0.1797
4540.00000 0.20431
4545.00000 0.22675
4550.00000 0.24645
4555.00000 0.26533
4560.00000 0.28012
4565.00000 0.28883
4570.00000 0.29611
4575.00000 0.30004
4580.00000 0.30267
4585.00000 0.30602
4590.00000 0.3086
4595.00000 0.31386
4600.00000 0.31713
4605.00000 0.31785
4610.00000 0.32176
4615.00000 0.32529
4620.00000 0.32678
4625.00000 0.32823
4630.00000 0.32822
4635.00000 0.3283
4640.00000 0.32618
4645.00000 0.3274
4650.00000 0.32511
4655.00000 0.32443
4660.00000 0.3246
4665.00000 0.32834
4670.00000 0.32869
4675.00000 0.33363
4680.00000 0.33666
4685.00000 0.33887
4690.00000 0.34409
4695.00000 0.34666
4700.00000 0.34362
4705.00000 0.33756
4710.00000 0.32579
4715.00000 0.30767
4720.00000 0.28585
4725.00000 0.26054
4730.00000 0.23033
4735.00000 0.19919
4740.00000 0.16807
4745.00000 0.13994
4750.00000 0.11557
4755.00000 0.09423
4760.00000 0.07517
4765.00000 0.06055
4770.00000 0.0499
4775.00000 0.04089
4780.00000 0.03382
4785.00000 0.02757
4790.00000 0.02391
4795.00000 0.0201
4800.00000 0.01752
4805.00000 0.01508
4810.00000 0.01331
4815.00000 0.01154
4820.00000 0.01085
4825.00000 0.00985
4830.00000 0.00853
4835.00000 0.00805
4840.00000 0.00729
4845.00000 0.00639
4850.00000 0.00602
4855.00000 0.00584
4860.00000 0.00581
4865.00000 0.00532
4870.00000 0.00501
4875.00000 0.00472
4880.00000 0.00457
4885.00000 0.00441
4890.00000 0.00435
4895.00000 0.00402
5384.50000 0.0
