threeML/data/optical_filters/SAO/SCORPIO-sed537.ecsv
# %ECSV 0.9
# ---
# datatype:
# - {name: wavelength, unit: Angstrom, datatype: float32}
# - {name: response, datatype: float32}
# meta: !!omap
# - {band_name: sed537}
# - {group_name: SCORPIO}
wavelength response
4590.00000 0.0
5100.00000 0.00536
5105.00000 0.00525
5110.00000 0.0052
5115.00000 0.00494
5120.00000 0.00503
5125.00000 0.00524
5130.00000 0.00525
5135.00000 0.00553
5140.00000 0.00592
5145.00000 0.00609
5150.00000 0.00642
5155.00000 0.00664
5160.00000 0.0069
5165.00000 0.00749
5170.00000 0.00797
5175.00000 0.00854
5180.00000 0.00952
5185.00000 0.01057
5190.00000 0.01215
5195.00000 0.01379
5200.00000 0.0161
5205.00000 0.0193
5210.00000 0.02449
5215.00000 0.02998
5220.00000 0.03711
5225.00000 0.04834
5230.00000 0.06348
5235.00000 0.08517
5240.00000 0.11429
5245.00000 0.15308
5250.00000 0.20167
5255.00000 0.25911
5260.00000 0.32019
5265.00000 0.37674
5270.00000 0.42571
5275.00000 0.45909
5280.00000 0.4777
5285.00000 0.48414
5290.00000 0.48392
5295.00000 0.48042
5300.00000 0.48026
5305.00000 0.48086
5310.00000 0.48563
5315.00000 0.49359
5320.00000 0.50252
5325.00000 0.51303
5330.00000 0.5239
5335.00000 0.53133
5340.00000 0.5352
5345.00000 0.53594
5350.00000 0.53537
5355.00000 0.52913
5360.00000 0.52317
5365.00000 0.51722
5370.00000 0.51156
5375.00000 0.50941
5380.00000 0.50764
5385.00000 0.50764
5390.00000 0.50594
5395.00000 0.49922
5400.00000 0.48673
5405.00000 0.46138
5410.00000 0.42482
5415.00000 0.37676
5420.00000 0.32168
5425.00000 0.26461
5430.00000 0.21245
5435.00000 0.16627
5440.00000 0.12907
5445.00000 0.09993
5450.00000 0.07737
5455.00000 0.06057
5460.00000 0.04822
5465.00000 0.03916
5470.00000 0.03183
5475.00000 0.02615
5480.00000 0.02228
5485.00000 0.0192
5490.00000 0.01669
5495.00000 0.0143
5500.00000 0.01276
5505.00000 0.01129
5510.00000 0.01007
5515.00000 0.00931
5520.00000 0.00845
5525.00000 0.00772
5530.00000 0.00724
5535.00000 0.00672
5540.00000 0.00639
5545.00000 0.00604
5550.00000 0.00562
5555.00000 0.00544
5560.00000 0.00505
5565.00000 0.005
5570.00000 0.00476
5575.00000 0.00478
5580.00000 0.00436
5585.00000 0.00411
6143.50000 0.0
