threeML/data/optical_filters/SAO/SCORPIO-sed915.ecsv
# %ECSV 0.9
# ---
# datatype:
# - {name: wavelength, unit: Angstrom, datatype: float32}
# - {name: response, datatype: float32}
# meta: !!omap
# - {band_name: sed915}
# - {group_name: SCORPIO}
wavelength response
7920.00000 0.0
8800.00000 0.00497
8805.00000 0.0053
8810.00000 0.00541
8815.00000 0.00567
8820.00000 0.00577
8825.00000 0.00566
8830.00000 0.00595
8835.00000 0.00611
8840.00000 0.00628
8845.00000 0.00646
8850.00000 0.00671
8855.00000 0.00675
8860.00000 0.00687
8865.00000 0.00732
8870.00000 0.0075
8875.00000 0.00767
8880.00000 0.00804
8885.00000 0.00851
8890.00000 0.00886
8895.00000 0.00904
8900.00000 0.00956
8905.00000 0.00966
8910.00000 0.01009
8915.00000 0.01057
8920.00000 0.01108
8925.00000 0.01159
8930.00000 0.01201
8935.00000 0.01253
8940.00000 0.01323
8945.00000 0.01404
8950.00000 0.0148
8955.00000 0.01596
8960.00000 0.01702
8965.00000 0.01809
8970.00000 0.01928
8975.00000 0.02096
8980.00000 0.02311
8985.00000 0.02559
8990.00000 0.02855
8995.00000 0.03223
9000.00000 0.03697
9005.00000 0.04261
9010.00000 0.05066
9015.00000 0.06062
9020.00000 0.07309
9025.00000 0.09055
9030.00000 0.11231
9035.00000 0.13972
9040.00000 0.1732
9045.00000 0.21449
9050.00000 0.26198
9055.00000 0.31428
9060.00000 0.36881
9065.00000 0.42107
9070.00000 0.46737
9075.00000 0.50726
9080.00000 0.53773
9085.00000 0.55954
9090.00000 0.57552
9095.00000 0.58859
9100.00000 0.59788
9105.00000 0.60379
9110.00000 0.61012
9115.00000 0.61581
9120.00000 0.62258
9125.00000 0.62856
9130.00000 0.6305
9135.00000 0.62917
9140.00000 0.62979
9145.00000 0.62553
9150.00000 0.62046
9155.00000 0.61365
9160.00000 0.60527
9165.00000 0.59864
9170.00000 0.59076
9175.00000 0.58525
9180.00000 0.57891
9185.00000 0.57598
9190.00000 0.57734
9195.00000 0.57869
9200.00000 0.5789
9205.00000 0.5796
9210.00000 0.57449
9215.00000 0.56439
9220.00000 0.54454
9225.00000 0.51359
9230.00000 0.4701
9235.00000 0.41715
9240.00000 0.35948
9245.00000 0.30016
9250.00000 0.24594
9255.00000 0.19852
9260.00000 0.15905
9265.00000 0.12742
9270.00000 0.10256
9275.00000 0.08369
9280.00000 0.06934
9285.00000 0.0583
9290.00000 0.04967
9295.00000 0.04289
9300.00000 0.03762
9305.00000 0.03357
9310.00000 0.03062
9315.00000 0.02792
9320.00000 0.02601
9325.00000 0.02431
9330.00000 0.02285
9335.00000 0.02207
9340.00000 0.02084
9345.00000 0.02006
9350.00000 0.01931
9355.00000 0.01819
9360.00000 0.01692
9365.00000 0.0161
9370.00000 0.01569
9375.00000 0.015
9380.00000 0.01436
9385.00000 0.01365
9390.00000 0.01319
9395.00000 0.01226
9400.00000 0.012
9405.00000 0.01147
9410.00000 0.01115
9415.00000 0.01073
9420.00000 0.01066
9425.00000 0.01047
9430.00000 0.01052
9435.00000 0.01008
9440.00000 0.00979
9445.00000 0.00946
9450.00000 0.00919
9455.00000 0.00885
9460.00000 0.00885
9465.00000 0.0085
9470.00000 0.00839
9475.00000 0.0081
9480.00000 0.00824
9485.00000 0.00779
9490.00000 0.00757
9495.00000 0.0077
9500.00000 0.00737
9505.00000 0.00698
10455.50000 0.0
