threeML/data/optical_filters/SAO/SCORPIO-sed485.ecsv
# %ECSV 0.9
# ---
# datatype:
# - {name: wavelength, unit: Angstrom, datatype: float32}
# - {name: response, datatype: float32}
# meta: !!omap
# - {band_name: sed485}
# - {group_name: SCORPIO}
wavelength response
3915.00000 0.0
4350.00000 0.02155
4355.00000 0.02143
4360.00000 0.02132
4365.00000 0.02129
4370.00000 0.02127
4375.00000 0.02115
4380.00000 0.02111
4385.00000 0.02114
4390.00000 0.02105
4395.00000 0.02102
4400.00000 0.02102
4405.00000 0.02098
4410.00000 0.02099
4415.00000 0.02099
4420.00000 0.02104
4425.00000 0.02118
4430.00000 0.02119
4435.00000 0.02131
4440.00000 0.02147
4445.00000 0.02162
4450.00000 0.02173
4455.00000 0.02196
4460.00000 0.02225
4465.00000 0.02269
4470.00000 0.02305
4475.00000 0.02356
4480.00000 0.02415
4485.00000 0.02492
4490.00000 0.02569
4495.00000 0.02655
4500.00000 0.02768
4505.00000 0.02901
4510.00000 0.03042
4515.00000 0.03216
4520.00000 0.03405
4525.00000 0.03637
4530.00000 0.0388
4535.00000 0.04179
4540.00000 0.04517
4545.00000 0.04911
4550.00000 0.05367
4555.00000 0.05886
4560.00000 0.0648
4565.00000 0.07171
4570.00000 0.07957
4575.00000 0.08887
4580.00000 0.09946
4585.00000 0.11153
4590.00000 0.12555
4595.00000 0.14173
4600.00000 0.15989
4605.00000 0.18069
4610.00000 0.20399
4615.00000 0.23033
4620.00000 0.25936
4625.00000 0.29091
4630.00000 0.32477
4635.00000 0.36037
4640.00000 0.39769
4645.00000 0.43563
4650.00000 0.47191
4655.00000 0.50733
4660.00000 0.53967
4665.00000 0.56912
4670.00000 0.59485
4675.00000 0.61628
4680.00000 0.63376
4685.00000 0.64722
4690.00000 0.65692
4695.00000 0.66456
4700.00000 0.66974
4705.00000 0.67271
4710.00000 0.67431
4715.00000 0.67536
4720.00000 0.676
4725.00000 0.6757
4730.00000 0.67644
4735.00000 0.67707
4740.00000 0.67836
4745.00000 0.67965
4750.00000 0.68111
4755.00000 0.68339
4760.00000 0.68576
4765.00000 0.68819
4770.00000 0.692
4775.00000 0.69511
4780.00000 0.69872
4785.00000 0.70154
4790.00000 0.70499
4795.00000 0.70765
4800.00000 0.7103
4805.00000 0.71276
4810.00000 0.71479
4815.00000 0.71603
4820.00000 0.71706
4825.00000 0.7169
4830.00000 0.71712
4835.00000 0.71648
4840.00000 0.71556
4845.00000 0.71371
4850.00000 0.71211
4855.00000 0.71013
4860.00000 0.70743
4865.00000 0.70519
4870.00000 0.70331
4875.00000 0.70157
4880.00000 0.7004
4885.00000 0.6991
4890.00000 0.69763
4895.00000 0.69742
4900.00000 0.6976
4905.00000 0.69858
4910.00000 0.70015
4915.00000 0.70259
4920.00000 0.70535
4925.00000 0.70888
4930.00000 0.71344
4935.00000 0.7181
4940.00000 0.72341
4945.00000 0.72853
4950.00000 0.73371
4955.00000 0.73863
4960.00000 0.74241
4965.00000 0.74523
4970.00000 0.74653
4975.00000 0.74531
4980.00000 0.7411
4985.00000 0.73378
4990.00000 0.72279
4995.00000 0.70715
5000.00000 0.68719
5005.00000 0.66266
5010.00000 0.63453
5015.00000 0.60285
5020.00000 0.56842
5025.00000 0.53215
5030.00000 0.49459
5035.00000 0.45701
5040.00000 0.41974
5045.00000 0.38388
5050.00000 0.34962
5055.00000 0.31728
5060.00000 0.28748
5065.00000 0.25993
5070.00000 0.23476
5075.00000 0.21211
5080.00000 0.19122
5085.00000 0.17294
5090.00000 0.15646
5095.00000 0.14158
5100.00000 0.12851
5105.00000 0.11673
5110.00000 0.10619
5115.00000 0.09684
5120.00000 0.08843
5125.00000 0.08094
5130.00000 0.07413
5135.00000 0.06808
5140.00000 0.06271
5145.00000 0.05781
5150.00000 0.05345
5155.00000 0.04952
5160.00000 0.04599
5165.00000 0.04275
5170.00000 0.03982
5175.00000 0.03715
5180.00000 0.03471
5185.00000 0.03257
5190.00000 0.03034
5195.00000 0.02867
5200.00000 0.02695
5205.00000 0.02547
5210.00000 0.02403
5215.00000 0.02272
5220.00000 0.02156
5225.00000 0.02045
5230.00000 0.01939
5235.00000 0.01839
5240.00000 0.01751
5245.00000 0.01673
5250.00000 0.016
5255.00000 0.01528
5260.00000 0.01463
5265.00000 0.01401
5270.00000 0.01341
5275.00000 0.01286
5280.00000 0.01235
5285.00000 0.0119
5290.00000 0.01144
5295.00000 0.01101
5300.00000 0.01063
5305.00000 0.01026
5310.00000 0.0099
5315.00000 0.00959
5320.00000 0.00925
5325.00000 0.00894
5330.00000 0.00863
5335.00000 0.00837
5340.00000 0.00809
5345.00000 0.00786
5350.00000 0.00761
5355.00000 0.00738
5360.00000 0.00715
5365.00000 0.00695
5370.00000 0.00674
5375.00000 0.00655
5380.00000 0.00635
5385.00000 0.0062
5390.00000 0.00602
5395.00000 0.00585
5400.00000 0.00568
5405.00000 0.00558
5410.00000 0.0054
5415.00000 0.00527
5420.00000 0.00514
5425.00000 0.00503
5430.00000 0.00489
5435.00000 0.00478
5440.00000 0.00465
5445.00000 0.00453
5450.00000 0.00441
5455.00000 0.00432
5460.00000 0.00422
5465.00000 0.00413
5470.00000 0.00402
6017.00000 0.0
