threeML/data/optical_filters/SAO/SCORPIO-V.ecsv
# %ECSV 0.9
# ---
# datatype:
# - {name: wavelength, unit: Angstrom, datatype: float32}
# - {name: response, datatype: float32}
# meta: !!omap
# - {band_name: V}
# - {group_name: SCORPIO}
wavelength response
4365.00000 0.0
4850.00000 0.00458
4860.00000 0.0055
4870.00000 0.00641
4880.00000 0.00732
4890.00000 0.00824
4900.00000 0.00915
4910.00000 0.02912
4920.00000 0.049
4930.00000 0.06895
4940.00000 0.0888
4950.00000 0.10865
4960.00000 0.12847
4970.00000 0.14822
4980.00000 0.16794
4990.00000 0.18766
5000.00000 0.20736
5010.00000 0.22903
5020.00000 0.25074
5030.00000 0.27234
5040.00000 0.29389
5050.00000 0.31533
5060.00000 0.33681
5070.00000 0.35817
5080.00000 0.37949
5090.00000 0.40076
5100.00000 0.42193
5110.00000 0.42808
5120.00000 0.43423
5130.00000 0.44033
5140.00000 0.44643
5150.00000 0.45254
5160.00000 0.45859
5170.00000 0.46464
5180.00000 0.47063
5190.00000 0.47663
5200.00000 0.48264
5210.00000 0.48361
5220.00000 0.48457
5230.00000 0.48554
5240.00000 0.48644
5250.00000 0.48734
5260.00000 0.48816
5270.00000 0.48892
5280.00000 0.48968
5290.00000 0.49044
5300.00000 0.49112
5310.00000 0.49038
5320.00000 0.48956
5330.00000 0.48874
5340.00000 0.48792
5350.00000 0.48703
5360.00000 0.48613
5370.00000 0.48523
5380.00000 0.48434
5390.00000 0.48344
5400.00000 0.48246
5410.00000 0.47918
5420.00000 0.47589
5430.00000 0.4726
5440.00000 0.46931
5450.00000 0.466
5460.00000 0.46263
5470.00000 0.45924
5480.00000 0.45593
5490.00000 0.45254
5500.00000 0.44907
5510.00000 0.44296
5520.00000 0.43686
5530.00000 0.43069
5540.00000 0.42452
5550.00000 0.41836
5560.00000 0.41219
5570.00000 0.40603
5580.00000 0.39987
5590.00000 0.39371
5600.00000 0.38749
5610.00000 0.38083
5620.00000 0.3741
5630.00000 0.36738
5640.00000 0.36072
5650.00000 0.354
5660.00000 0.34729
5670.00000 0.3405
5680.00000 0.33379
5690.00000 0.32708
5700.00000 0.3203
5710.00000 0.31345
5720.00000 0.3066
5730.00000 0.29976
5740.00000 0.29299
5750.00000 0.28615
5760.00000 0.27924
5770.00000 0.2724
5780.00000 0.26557
5790.00000 0.25875
5800.00000 0.25192
5810.00000 0.2456
5820.00000 0.23928
5830.00000 0.23297
5840.00000 0.22666
5850.00000 0.22035
5860.00000 0.21404
5870.00000 0.20767
5880.00000 0.20137
5890.00000 0.19507
5900.00000 0.18877
5910.00000 0.18248
5920.00000 0.17611
5930.00000 0.16982
5940.00000 0.16354
5950.00000 0.15718
5960.00000 0.1509
5970.00000 0.14455
5980.00000 0.13827
5990.00000 0.13192
6000.00000 0.12565
6010.00000 0.12166
6020.00000 0.11769
6030.00000 0.11371
6040.00000 0.10968
6050.00000 0.10572
6060.00000 0.10177
6070.00000 0.09782
6080.00000 0.09389
6090.00000 0.08996
6100.00000 0.08603
6110.00000 0.08212
6120.00000 0.07814
6130.00000 0.07423
6140.00000 0.07034
6150.00000 0.06645
6160.00000 0.0625
6170.00000 0.05862
6180.00000 0.05475
6190.00000 0.05089
6200.00000 0.04697
6210.00000 0.0453
6220.00000 0.04357
6230.00000 0.04185
6240.00000 0.04012
6250.00000 0.0384
6260.00000 0.03668
6270.00000 0.03497
6280.00000 0.03332
6290.00000 0.03161
6300.00000 0.02991
6310.00000 0.02821
6320.00000 0.02651
6330.00000 0.02481
6340.00000 0.02312
6350.00000 0.02149
6360.00000 0.01981
6370.00000 0.01812
6380.00000 0.01644
6390.00000 0.01476
6400.00000 0.01309
6410.00000 0.01238
6420.00000 0.01161
6430.00000 0.01091
6440.00000 0.01014
6450.00000 0.00944
6460.00000 0.00868
6470.00000 0.00798
6480.00000 0.00729
6490.00000 0.00652
6500.00000 0.00583
6510.00000 0.0054
6520.00000 0.00505
6530.00000 0.00469
6540.00000 0.00434
7194.00000 0.0
