threeML/data/optical_filters/STELLA/WiFSIP-Strom_v.ecsv
# %ECSV 0.9
# ---
# datatype:
# - {name: wavelength, unit: Angstrom, datatype: float32}
# - {name: response, datatype: float32}
# meta: !!omap
# - {band_name: Strom_v}
# - {group_name: WiFSIP}
wavelength response
3384.00000 0.0
3760.00000 1.1e-05
3765.00000 1.1e-05
3770.00000 1.3e-05
3775.00000 1.4e-05
3780.00000 1.5e-05
3785.00000 1.6e-05
3790.00000 1.9e-05
3795.00000 2e-05
3800.00000 2.3e-05
3805.00000 2.6e-05
3810.00000 2.9e-05
3815.00000 3.3e-05
3820.00000 3.7e-05
3825.00000 4.2e-05
3830.00000 4.9e-05
3835.00000 5.6e-05
3840.00000 6.5e-05
3845.00000 7.7e-05
3850.00000 9e-05
3855.00000 0.000108
3860.00000 0.000128
3865.00000 0.000153
3870.00000 0.000186
3875.00000 0.000225
3880.00000 0.000276
3885.00000 0.00034
3890.00000 0.00042
3895.00000 0.000526
3900.00000 0.000666
3905.00000 0.000843
3910.00000 0.001081
3915.00000 0.001391
3920.00000 0.001801
3925.00000 0.002366
3930.00000 0.003105
3935.00000 0.004142
3940.00000 0.005576
3945.00000 0.007537
3950.00000 0.010365
3955.00000 0.014316
3960.00000 0.019879
3965.00000 0.027972
3970.00000 0.039297
3975.00000 0.055341
3980.00000 0.078357
3985.00000 0.109127
3990.00000 0.151804
3995.00000 0.204931
4000.00000 0.269937
4005.00000 0.3463
4010.00000 0.423707
4015.00000 0.505603
4020.00000 0.581336
4025.00000 0.643913
4030.00000 0.700605
4035.00000 0.741211
4040.00000 0.771545
4045.00000 0.794626
4050.00000 0.809798
4055.00000 0.822019
4060.00000 0.832982
4065.00000 0.835878
4070.00000 0.837127
4075.00000 0.841488
4080.00000 0.840692
4085.00000 0.836268
4090.00000 0.837469
4095.00000 0.829753
4100.00000 0.824923
4105.00000 0.821349
4110.00000 0.817423
4115.00000 0.815973
4120.00000 0.815596
4125.00000 0.816104
4130.00000 0.81705
4135.00000 0.816909
4140.00000 0.816617
4145.00000 0.814303
4150.00000 0.808062
4155.00000 0.798205
4160.00000 0.782842
4165.00000 0.761828
4170.00000 0.733394
4175.00000 0.69753
4180.00000 0.647989
4185.00000 0.588704
4190.00000 0.518946
4195.00000 0.443724
4200.00000 0.367189
4205.00000 0.292852
4210.00000 0.228277
4215.00000 0.173261
4220.00000 0.129304
4225.00000 0.095902
4230.00000 0.070625
4235.00000 0.052401
4240.00000 0.039138
4245.00000 0.029297
4250.00000 0.022156
4255.00000 0.016876
4260.00000 0.013027
4265.00000 0.010161
4270.00000 0.00795
4275.00000 0.006317
4280.00000 0.00508
4285.00000 0.004075
4290.00000 0.003303
4295.00000 0.002706
4300.00000 0.002226
4305.00000 0.001848
4310.00000 0.001538
4315.00000 0.00129
4320.00000 0.001093
4325.00000 0.000929
4330.00000 0.000795
4335.00000 0.000684
4340.00000 0.000591
4345.00000 0.000516
4350.00000 0.00045
4355.00000 0.000393
4360.00000 0.000346
4365.00000 0.000307
4370.00000 0.000273
4375.00000 0.000243
4380.00000 0.000218
4385.00000 0.000195
4390.00000 0.000176
4395.00000 0.00016
4400.00000 0.000145
4405.00000 0.000132
4410.00000 0.000121
4415.00000 0.000111
4420.00000 0.000102
4425.00000 9.4e-05
4430.00000 8.8e-05
4435.00000 8.1e-05
4440.00000 7.6e-05
4445.00000 7.1e-05
4450.00000 6.6e-05
4455.00000 6.3e-05
4460.00000 5.9e-05
4465.00000 5.6e-05
4470.00000 5.3e-05
4475.00000 5e-05
4480.00000 4.8e-05
4485.00000 4.5e-05
4490.00000 4.4e-05
4495.00000 4.2e-05
4500.00000 4e-05
4505.00000 3.8e-05
4510.00000 3.6e-05
4515.00000 3.4e-05
4520.00000 3.2e-05
4525.00000 2.9e-05
4530.00000 2.6e-05
4535.00000 2.3e-05
4540.00000 2e-05
4545.00000 1.7e-05
4550.00000 1.5e-05
4555.00000 1.2e-05
4560.00000 1.1e-05
5016.00000 0.0
