threeML/data/optical_filters/STELLA/WiFSIP-Sloan_r.ecsv
# %ECSV 0.9
# ---
# datatype:
# - {name: wavelength, unit: Angstrom, datatype: float32}
# - {name: response, datatype: float32}
# meta: !!omap
# - {band_name: Sloan_r}
# - {group_name: WiFSIP}
wavelength response
4707.00000 0.0
5230.00000 1.3e-05
5235.00000 1.2e-05
5240.00000 2.2e-05
5245.00000 1.2e-05
5250.00000 2.2e-05
5255.00000 2.4e-05
5260.00000 3.7e-05
5265.00000 6.1e-05
5270.00000 9.2e-05
5275.00000 0.000144
5280.00000 0.000185
5285.00000 0.000254
5290.00000 0.000357
5295.00000 0.000483
5300.00000 0.000685
5305.00000 0.000896
5310.00000 0.001224
5315.00000 0.001623
5320.00000 0.002143
5325.00000 0.00278
5330.00000 0.003594
5335.00000 0.00461
5340.00000 0.005851
5345.00000 0.007351
5350.00000 0.00916
5355.00000 0.011281
5360.00000 0.013809
5365.00000 0.016684
5370.00000 0.020165
5375.00000 0.024091
5380.00000 0.028549
5385.00000 0.033609
5390.00000 0.039371
5395.00000 0.045781
5400.00000 0.053197
5405.00000 0.061151
5410.00000 0.069972
5415.00000 0.079721
5420.00000 0.090092
5425.00000 0.101496
5430.00000 0.113848
5435.00000 0.126951
5440.00000 0.141423
5445.00000 0.156402
5450.00000 0.172193
5455.00000 0.188967
5460.00000 0.206186
5465.00000 0.224479
5470.00000 0.243294
5475.00000 0.262363
5480.00000 0.282059
5485.00000 0.301793
5490.00000 0.322097
5495.00000 0.342657
5500.00000 0.363148
5505.00000 0.383552
5510.00000 0.404117
5515.00000 0.424151
5520.00000 0.444563
5525.00000 0.464162
5530.00000 0.483694
5535.00000 0.502879
5540.00000 0.521444
5545.00000 0.539073
5550.00000 0.556835
5555.00000 0.573496
5560.00000 0.590191
5565.00000 0.605655
5570.00000 0.620961
5575.00000 0.63586
5580.00000 0.649899
5585.00000 0.663592
5590.00000 0.676761
5595.00000 0.689336
5600.00000 0.701702
5605.00000 0.713518
5610.00000 0.724722
5615.00000 0.735579
5620.00000 0.745807
5625.00000 0.755988
5630.00000 0.765687
5635.00000 0.774823
5640.00000 0.783458
5645.00000 0.791477
5650.00000 0.799564
5655.00000 0.80743
5660.00000 0.814557
5665.00000 0.82138
5670.00000 0.827939
5675.00000 0.833976
5680.00000 0.839728
5685.00000 0.845626
5690.00000 0.851644
5695.00000 0.856523
5700.00000 0.861368
5705.00000 0.866124
5710.00000 0.870687
5715.00000 0.87515
5720.00000 0.879772
5725.00000 0.883824
5730.00000 0.887817
5735.00000 0.891077
5740.00000 0.894723
5745.00000 0.897817
5750.00000 0.900562
5755.00000 0.902917
5760.00000 0.904964
5765.00000 0.907041
5770.00000 0.908431
5775.00000 0.909736
5780.00000 0.910974
5785.00000 0.911784
5790.00000 0.912276
5795.00000 0.913002
5800.00000 0.913332
5805.00000 0.913521
5810.00000 0.914344
5815.00000 0.914503
5820.00000 0.914863
5825.00000 0.915491
5830.00000 0.916276
5835.00000 0.917323
5840.00000 0.918525
5845.00000 0.919645
5850.00000 0.92134
5855.00000 0.922833
5860.00000 0.924431
5865.00000 0.926591
5870.00000 0.928491
5875.00000 0.930678
5880.00000 0.932195
5885.00000 0.934257
5890.00000 0.935956
5895.00000 0.937508
5900.00000 0.938837
5905.00000 0.939885
5910.00000 0.940612
5915.00000 0.941466
5920.00000 0.941773
5925.00000 0.941884
5930.00000 0.94171
5935.00000 0.94158
5940.00000 0.940953
5945.00000 0.940465
5950.00000 0.939882
5955.00000 0.938796
5960.00000 0.938397
5965.00000 0.93749
5970.00000 0.936811
5975.00000 0.9362
5980.00000 0.935869
5985.00000 0.935626
5990.00000 0.935529
5995.00000 0.935641
6000.00000 0.936033
6005.00000 0.936704
6010.00000 0.937528
6015.00000 0.938042
6020.00000 0.939156
6025.00000 0.940285
6030.00000 0.941083
6035.00000 0.942763
6040.00000 0.943894
6045.00000 0.944995
6050.00000 0.946048
6055.00000 0.946976
6060.00000 0.947762
6065.00000 0.948315
6070.00000 0.948515
6075.00000 0.948498
6080.00000 0.948434
6085.00000 0.947522
6090.00000 0.946698
6095.00000 0.945398
6100.00000 0.943872
6105.00000 0.941906
6110.00000 0.939837
6115.00000 0.937752
6120.00000 0.935131
6125.00000 0.932388
6130.00000 0.929648
6135.00000 0.92704
6140.00000 0.924378
6145.00000 0.921852
6150.00000 0.919234
6155.00000 0.917009
6160.00000 0.915231
6165.00000 0.91316
6170.00000 0.911695
6175.00000 0.910118
6180.00000 0.909201
6185.00000 0.908877
6190.00000 0.908621
6195.00000 0.908829
6200.00000 0.909169
6205.00000 0.910211
6210.00000 0.911091
6215.00000 0.912799
6220.00000 0.914229
6225.00000 0.916241
6230.00000 0.91841
6235.00000 0.920564
6240.00000 0.922874
6245.00000 0.925346
6250.00000 0.927787
6255.00000 0.929956
6260.00000 0.932226
6265.00000 0.934527
6270.00000 0.936803
6275.00000 0.938873
6280.00000 0.940678
6285.00000 0.942343
6290.00000 0.943729
6295.00000 0.945078
6300.00000 0.94617
6305.00000 0.947291
6310.00000 0.948018
6315.00000 0.94857
6320.00000 0.948917
6325.00000 0.949719
6330.00000 0.949836
6335.00000 0.950299
6340.00000 0.950462
6345.00000 0.950914
6350.00000 0.95087
6355.00000 0.951005
6360.00000 0.951014
6365.00000 0.951293
6370.00000 0.951222
6375.00000 0.95103
6380.00000 0.95119
6385.00000 0.950854
6390.00000 0.950646
6395.00000 0.950486
6400.00000 0.949855
6405.00000 0.949704
6410.00000 0.948854
6415.00000 0.948077
6420.00000 0.947401
6425.00000 0.94655
6430.00000 0.945549
6435.00000 0.944499
6440.00000 0.943372
6445.00000 0.942172
6450.00000 0.940858
6455.00000 0.939445
6460.00000 0.937893
6465.00000 0.936727
6470.00000 0.935263
6475.00000 0.934148
6480.00000 0.932764
6485.00000 0.931664
6490.00000 0.930458
6495.00000 0.929488
6500.00000 0.928143
6505.00000 0.927369
6510.00000 0.926342
6515.00000 0.925592
6520.00000 0.925046
6525.00000 0.923765
6530.00000 0.923449
6535.00000 0.922867
6540.00000 0.922268
6545.00000 0.921932
6550.00000 0.921358
6555.00000 0.920855
6560.00000 0.920839
6565.00000 0.920609
6570.00000 0.920816
6575.00000 0.920828
6580.00000 0.920995
6585.00000 0.921212
6590.00000 0.921607
6595.00000 0.922152
6600.00000 0.923048
6605.00000 0.923788
6610.00000 0.924912
6615.00000 0.925928
6620.00000 0.927267
6625.00000 0.928644
6630.00000 0.929849
6635.00000 0.931486
6640.00000 0.932994
6645.00000 0.934467
6650.00000 0.935643
6655.00000 0.936564
6660.00000 0.937594
6665.00000 0.937862
6670.00000 0.938968
6675.00000 0.938589
6680.00000 0.938511
6685.00000 0.937925
6690.00000 0.937063
6695.00000 0.936305
6700.00000 0.934675
6705.00000 0.93346
6710.00000 0.932016
6715.00000 0.93046
6720.00000 0.92909
6725.00000 0.928028
6730.00000 0.927147
6735.00000 0.92642
6740.00000 0.926492
6745.00000 0.926939
6750.00000 0.928136
6755.00000 0.929714
6760.00000 0.931639
6765.00000 0.933744
6770.00000 0.936077
6775.00000 0.938072
6780.00000 0.939568
6785.00000 0.939847
6790.00000 0.938035
6795.00000 0.933432
6800.00000 0.925392
6805.00000 0.912762
6810.00000 0.894665
6815.00000 0.871097
6820.00000 0.840407
6825.00000 0.804676
6830.00000 0.762621
6835.00000 0.713726
6840.00000 0.663014
6845.00000 0.608547
6850.00000 0.553195
6855.00000 0.500345
6860.00000 0.447223
6865.00000 0.398647
6870.00000 0.352892
6875.00000 0.309987
6880.00000 0.273235
6885.00000 0.239081
6890.00000 0.209477
6895.00000 0.183415
6900.00000 0.160314
6905.00000 0.140552
6910.00000 0.123419
6915.00000 0.108094
6920.00000 0.095183
6925.00000 0.083756
6930.00000 0.07385
6935.00000 0.06536
6940.00000 0.05771
6945.00000 0.051332
6950.00000 0.045736
6955.00000 0.040722
6960.00000 0.03648
6965.00000 0.032661
6970.00000 0.029312
6975.00000 0.026382
6980.00000 0.023723
6985.00000 0.021461
6990.00000 0.019435
6995.00000 0.017563
7000.00000 0.015997
7005.00000 0.014536
7010.00000 0.013233
7015.00000 0.012092
7020.00000 0.011024
7025.00000 0.010103
7030.00000 0.009252
7035.00000 0.00848
7040.00000 0.007805
7045.00000 0.007169
7050.00000 0.006592
7055.00000 0.006091
7060.00000 0.005594
7065.00000 0.005175
7070.00000 0.004806
7075.00000 0.004433
7080.00000 0.004114
7085.00000 0.00382
7090.00000 0.003529
7095.00000 0.003267
7100.00000 0.00304
7105.00000 0.002836
7110.00000 0.002632
7115.00000 0.002452
7120.00000 0.002286
7125.00000 0.002118
7130.00000 0.001978
7135.00000 0.001853
7140.00000 0.001736
7145.00000 0.001614
7150.00000 0.001518
7155.00000 0.001401
7160.00000 0.001329
7165.00000 0.001216
7170.00000 0.001161
7175.00000 0.001083
7180.00000 0.001019
7185.00000 0.000946
7190.00000 0.000896
7195.00000 0.000838
7200.00000 0.000795
7205.00000 0.000758
7210.00000 0.000705
7215.00000 0.000668
7220.00000 0.000627
7225.00000 0.000587
7230.00000 0.000558
7235.00000 0.000532
7240.00000 0.000495
7245.00000 0.000472
7250.00000 0.000448
7255.00000 0.000442
7260.00000 0.000399
7265.00000 0.000391
7270.00000 0.000363
7275.00000 0.000352
7280.00000 0.000329
7285.00000 0.000326
7290.00000 0.00031
7295.00000 0.000297
7300.00000 0.000278
7305.00000 0.000283
7310.00000 0.000276
7315.00000 0.000257
7320.00000 0.000216
7325.00000 0.000234
7330.00000 0.000224
7335.00000 0.000212
7340.00000 0.000209
7345.00000 0.0002
7350.00000 0.000192
7355.00000 0.000195
7360.00000 0.000197
7365.00000 0.000168
7370.00000 0.000172
7375.00000 0.000168
7380.00000 0.00016
7385.00000 0.000155
7390.00000 0.000152
7395.00000 0.00015
7400.00000 0.000141
7405.00000 0.000149
7410.00000 0.000132
7415.00000 0.000122
7420.00000 0.000133
7425.00000 0.000124
7430.00000 0.00012
7435.00000 0.000116
7440.00000 0.000106
7445.00000 0.000107
7450.00000 9.6e-05
7455.00000 8.8e-05
7460.00000 9.3e-05
7465.00000 9.1e-05
7470.00000 8.5e-05
7475.00000 7.6e-05
7480.00000 8.2e-05
7485.00000 8.6e-05
7490.00000 7.7e-05
7495.00000 7.2e-05
7500.00000 8.2e-05
7505.00000 6.1e-05
7510.00000 6.5e-05
7515.00000 7.3e-05
7520.00000 6.4e-05
7525.00000 5.5e-05
7530.00000 5.8e-05
7535.00000 6.3e-05
7540.00000 4.2e-05
7545.00000 5.2e-05
7550.00000 5e-05
7555.00000 4.8e-05
7560.00000 3.4e-05
7565.00000 3.8e-05
7570.00000 4.2e-05
7575.00000 3.8e-05
7580.00000 5e-05
7585.00000 2.9e-05
7590.00000 2.9e-05
7595.00000 9e-06
7600.00000 2.9e-05
7605.00000 2e-05
7610.00000 3.3e-05
7615.00000 2.6e-05
7620.00000 1.5e-05
7625.00000 2.9e-05
7630.00000 3.5e-05
7635.00000 3.3e-05
7640.00000 1.3e-05
7645.00000 2.2e-05
7650.00000 1.9e-05
7655.00000 3.4e-05
7660.00000 1.5e-05
7665.00000 1.4e-05
7670.00000 1.2e-05
7675.00000 1.8e-05
7680.00000 2.7e-05
7685.00000 2.4e-05
7690.00000 2.4e-05
8459.00000 0.0
