threeML/data/optical_filters/STELLA/WiFSIP-Bessel_U.ecsv
# %ECSV 0.9
# ---
# datatype:
# - {name: wavelength, unit: Angstrom, datatype: float32}
# - {name: response, datatype: float32}
# meta: !!omap
# - {band_name: Bessel_U}
# - {group_name: WiFSIP}
wavelength response
2790.00000 0.0
3100.00000 1.8e-05
3105.00000 3.5e-05
3110.00000 6.8e-05
3115.00000 8.9e-05
3120.00000 0.000168
3125.00000 0.000267
3130.00000 0.000388
3135.00000 0.000582
3140.00000 0.000816
3145.00000 0.001148
3150.00000 0.001568
3155.00000 0.002106
3160.00000 0.002799
3165.00000 0.003693
3170.00000 0.004739
3175.00000 0.006034
3180.00000 0.007585
3185.00000 0.00939
3190.00000 0.011498
3195.00000 0.013922
3200.00000 0.016644
3205.00000 0.019883
3210.00000 0.023343
3215.00000 0.027261
3220.00000 0.031639
3225.00000 0.036326
3230.00000 0.041558
3235.00000 0.047087
3240.00000 0.053087
3245.00000 0.059554
3250.00000 0.066237
3255.00000 0.073409
3260.00000 0.081047
3265.00000 0.088913
3270.00000 0.097316
3275.00000 0.105824
3280.00000 0.114653
3285.00000 0.123811
3290.00000 0.133092
3295.00000 0.14265
3300.00000 0.152762
3305.00000 0.162642
3310.00000 0.172903
3315.00000 0.183294
3320.00000 0.193642
3325.00000 0.204327
3330.00000 0.214885
3335.00000 0.225535
3340.00000 0.236242
3345.00000 0.24681
3350.00000 0.257505
3355.00000 0.268306
3360.00000 0.27903
3365.00000 0.289716
3370.00000 0.29999
3375.00000 0.310092
3380.00000 0.320581
3385.00000 0.33055
3390.00000 0.341123
3395.00000 0.350856
3400.00000 0.360624
3405.00000 0.370109
3410.00000 0.379456
3415.00000 0.388756
3420.00000 0.3979
3425.00000 0.406739
3430.00000 0.415578
3435.00000 0.423966
3440.00000 0.432507
3445.00000 0.44093
3450.00000 0.448613
3455.00000 0.456617
3460.00000 0.464576
3465.00000 0.472104
3470.00000 0.479248
3475.00000 0.486563
3480.00000 0.493441
3485.00000 0.500339
3490.00000 0.507262
3495.00000 0.513784
3500.00000 0.520071
3505.00000 0.526165
3510.00000 0.531931
3515.00000 0.537879
3520.00000 0.543537
3525.00000 0.549101
3530.00000 0.55429
3535.00000 0.559241
3540.00000 0.564198
3545.00000 0.568878
3550.00000 0.573543
3555.00000 0.577949
3560.00000 0.582301
3565.00000 0.586589
3570.00000 0.590734
3575.00000 0.594545
3580.00000 0.598257
3585.00000 0.601924
3590.00000 0.604962
3595.00000 0.608392
3600.00000 0.611695
3605.00000 0.614348
3610.00000 0.617346
3615.00000 0.619821
3620.00000 0.622295
3625.00000 0.624789
3630.00000 0.627009
3635.00000 0.6289
3640.00000 0.630788
3645.00000 0.632616
3650.00000 0.634065
3655.00000 0.635413
3660.00000 0.636525
3665.00000 0.637831
3670.00000 0.638686
3675.00000 0.639344
3680.00000 0.6401
3685.00000 0.640282
3690.00000 0.640787
3695.00000 0.640482
3700.00000 0.640327
3705.00000 0.639697
3710.00000 0.639455
3715.00000 0.638658
3720.00000 0.637539
3725.00000 0.636206
3730.00000 0.63449
3735.00000 0.632714
3740.00000 0.630588
3745.00000 0.628213
3750.00000 0.625557
3755.00000 0.622572
3760.00000 0.619237
3765.00000 0.616024
3770.00000 0.611935
3775.00000 0.607726
3780.00000 0.603061
3785.00000 0.598302
3790.00000 0.593077
3795.00000 0.587476
3800.00000 0.581292
3805.00000 0.574607
3810.00000 0.568171
3815.00000 0.560406
3820.00000 0.5529
3825.00000 0.545033
3830.00000 0.536581
3835.00000 0.52765
3840.00000 0.518557
3845.00000 0.508813
3850.00000 0.498973
3855.00000 0.488456
3860.00000 0.477518
3865.00000 0.466496
3870.00000 0.455069
3875.00000 0.443082
3880.00000 0.431089
3885.00000 0.418625
3890.00000 0.405854
3895.00000 0.392932
3900.00000 0.379511
3905.00000 0.365914
3910.00000 0.352384
3915.00000 0.338488
3920.00000 0.324995
3925.00000 0.311162
3930.00000 0.297132
3935.00000 0.283493
3940.00000 0.269494
3945.00000 0.25582
3950.00000 0.242451
3955.00000 0.229069
3960.00000 0.216124
3965.00000 0.203277
3970.00000 0.190709
3975.00000 0.178671
3980.00000 0.166891
3985.00000 0.155649
3990.00000 0.144593
3995.00000 0.133853
4000.00000 0.124031
4005.00000 0.114297
4010.00000 0.105113
4015.00000 0.096561
4020.00000 0.088363
4025.00000 0.0807
4030.00000 0.073428
4035.00000 0.066587
4040.00000 0.060405
4045.00000 0.054655
4050.00000 0.049221
4055.00000 0.044308
4060.00000 0.03974
4065.00000 0.035605
4070.00000 0.031786
4075.00000 0.028279
4080.00000 0.025163
4085.00000 0.022295
4090.00000 0.019706
4095.00000 0.017403
4100.00000 0.015318
4105.00000 0.013462
4110.00000 0.011812
4115.00000 0.010309
4120.00000 0.008997
4125.00000 0.007833
4130.00000 0.006794
4135.00000 0.005913
4140.00000 0.005143
4145.00000 0.004425
4150.00000 0.003823
4155.00000 0.003304
4160.00000 0.002824
4165.00000 0.002444
4170.00000 0.002094
4175.00000 0.001785
4180.00000 0.001524
4185.00000 0.001322
4190.00000 0.001127
4195.00000 0.000944
4200.00000 0.000821
4205.00000 0.000708
4210.00000 0.000597
4215.00000 0.000529
4220.00000 0.000427
4225.00000 0.000367
4230.00000 0.000311
4235.00000 0.000269
4240.00000 0.000225
4245.00000 0.000179
4250.00000 0.000156
4255.00000 0.000149
4260.00000 0.000114
4265.00000 9.8e-05
4270.00000 8.7e-05
4275.00000 7e-05
4280.00000 6.6e-05
4285.00000 5.2e-05
4290.00000 3.7e-05
4295.00000 3.3e-05
4300.00000 2.8e-05
4305.00000 3e-05
4310.00000 2.5e-05
4315.00000 1.6e-05
4320.00000 8e-06
4325.00000 8e-06
4330.00000 3.1e-05
4335.00000 2.4e-05
4340.00000 5e-06
4345.00000 1.4e-05
4779.50000 0.0
