threeML/data/optical_filters/STELLA/WiFSIP-Strom_u.ecsv
# %ECSV 0.9
# ---
# datatype:
# - {name: wavelength, unit: Angstrom, datatype: float32}
# - {name: response, datatype: float32}
# meta: !!omap
# - {band_name: Strom_u}
# - {group_name: WiFSIP}
wavelength response
2830.50000 0.0
3145.00000 1.1e-05
3150.00000 1.2e-05
3155.00000 1.4e-05
3160.00000 1.5e-05
3165.00000 1.8e-05
3170.00000 2.1e-05
3175.00000 2.4e-05
3180.00000 2.8e-05
3185.00000 3.4e-05
3190.00000 4e-05
3195.00000 4.8e-05
3200.00000 5.7e-05
3205.00000 7.1e-05
3210.00000 8.5e-05
3215.00000 0.000105
3220.00000 0.000131
3225.00000 0.000162
3230.00000 0.000204
3235.00000 0.000257
3240.00000 0.000331
3245.00000 0.000425
3250.00000 0.000552
3255.00000 0.000726
3260.00000 0.000967
3265.00000 0.001301
3270.00000 0.001773
3275.00000 0.002436
3280.00000 0.003406
3285.00000 0.004793
3290.00000 0.006828
3295.00000 0.010045
3300.00000 0.01488
3305.00000 0.022435
3310.00000 0.034439
3315.00000 0.052598
3320.00000 0.081293
3325.00000 0.124532
3330.00000 0.184074
3335.00000 0.26522
3340.00000 0.359015
3345.00000 0.460177
3350.00000 0.556452
3355.00000 0.636003
3360.00000 0.695877
3365.00000 0.735334
3370.00000 0.751309
3375.00000 0.759109
3380.00000 0.759469
3385.00000 0.760396
3390.00000 0.757425
3395.00000 0.759245
3400.00000 0.761293
3405.00000 0.764678
3410.00000 0.763768
3415.00000 0.76914
3420.00000 0.769524
3425.00000 0.768281
3430.00000 0.765415
3435.00000 0.764134
3440.00000 0.761998
3445.00000 0.76129
3450.00000 0.758165
3455.00000 0.757597
3460.00000 0.756723
3465.00000 0.755289
3470.00000 0.753191
3475.00000 0.75496
3480.00000 0.75538
3485.00000 0.751186
3490.00000 0.751894
3495.00000 0.744368
3500.00000 0.738639
3505.00000 0.736811
3510.00000 0.731251
3515.00000 0.726641
3520.00000 0.72499
3525.00000 0.723741
3530.00000 0.722223
3535.00000 0.719414
3540.00000 0.716087
3545.00000 0.71063
3550.00000 0.707211
3555.00000 0.70169
3560.00000 0.692948
3565.00000 0.68592
3570.00000 0.677794
3575.00000 0.672347
3580.00000 0.66411
3585.00000 0.657534
3590.00000 0.651905
3595.00000 0.644476
3600.00000 0.640284
3605.00000 0.633137
3610.00000 0.629497
3615.00000 0.623692
3620.00000 0.616497
3625.00000 0.612222
3630.00000 0.603248
3635.00000 0.595325
3640.00000 0.583004
3645.00000 0.565343
3650.00000 0.540012
3655.00000 0.505515
3660.00000 0.459713
3665.00000 0.407351
3670.00000 0.346501
3675.00000 0.283937
3680.00000 0.225243
3685.00000 0.172169
3690.00000 0.128564
3695.00000 0.09472
3700.00000 0.068257
3705.00000 0.049124
3710.00000 0.034926
3715.00000 0.024941
3720.00000 0.017944
3725.00000 0.013009
3730.00000 0.009526
3735.00000 0.006967
3740.00000 0.005131
3745.00000 0.003812
3750.00000 0.002836
3755.00000 0.002127
3760.00000 0.001595
3765.00000 0.001185
3770.00000 0.000887
3775.00000 0.000656
3780.00000 0.000487
3785.00000 0.000363
3790.00000 0.000269
3795.00000 0.000198
3800.00000 0.000145
3805.00000 0.000107
3810.00000 8e-05
3815.00000 5.8e-05
3820.00000 4.4e-05
3825.00000 3.2e-05
3830.00000 2.4e-05
3835.00000 1.8e-05
3840.00000 1.4e-05
3845.00000 1e-05
4229.50000 0.0
