threeML/data/optical_filters/STELLA/WiFSIP-Strom_y.ecsv
# %ECSV 0.9
# ---
# datatype:
# - {name: wavelength, unit: Angstrom, datatype: float32}
# - {name: response, datatype: float32}
# meta: !!omap
# - {band_name: Strom_y}
# - {group_name: WiFSIP}
wavelength response
4491.00000 0.0
4990.00000 1e-05
4992.00000 1e-05
4994.00000 1.1e-05
4996.00000 1.1e-05
4998.00000 1.2e-05
5000.00000 1.2e-05
5002.00000 1.2e-05
5004.00000 1.2e-05
5006.00000 1.3e-05
5008.00000 1.3e-05
5010.00000 1.3e-05
5012.00000 1.4e-05
5014.00000 1.4e-05
5016.00000 1.4e-05
5018.00000 1.5e-05
5020.00000 1.5e-05
5022.00000 1.5e-05
5024.00000 1.6e-05
5026.00000 1.6e-05
5028.00000 1.7e-05
5030.00000 1.7e-05
5032.00000 1.8e-05
5034.00000 1.8e-05
5036.00000 1.9e-05
5038.00000 1.9e-05
5040.00000 2e-05
5042.00000 2e-05
5044.00000 2.1e-05
5046.00000 2.2e-05
5048.00000 2.2e-05
5050.00000 2.2e-05
5052.00000 2.3e-05
5054.00000 2.4e-05
5056.00000 2.4e-05
5058.00000 2.5e-05
5060.00000 2.6e-05
5062.00000 2.6e-05
5064.00000 2.7e-05
5066.00000 2.8e-05
5068.00000 2.8e-05
5070.00000 2.9e-05
5072.00000 3e-05
5074.00000 3.1e-05
5076.00000 3.2e-05
5078.00000 3.3e-05
5080.00000 3.4e-05
5082.00000 3.5e-05
5084.00000 3.6e-05
5086.00000 3.7e-05
5088.00000 3.8e-05
5090.00000 3.9e-05
5092.00000 4e-05
5094.00000 4.2e-05
5096.00000 4.3e-05
5098.00000 4.4e-05
5100.00000 4.5e-05
5102.00000 4.7e-05
5104.00000 4.9e-05
5106.00000 5e-05
5108.00000 5.1e-05
5110.00000 5.3e-05
5112.00000 5.5e-05
5114.00000 5.7e-05
5116.00000 5.9e-05
5118.00000 6e-05
5120.00000 6.2e-05
5122.00000 6.5e-05
5124.00000 6.7e-05
5126.00000 6.9e-05
5128.00000 7.1e-05
5130.00000 7.4e-05
5132.00000 7.7e-05
5134.00000 7.9e-05
5136.00000 8.3e-05
5138.00000 8.5e-05
5140.00000 8.9e-05
5142.00000 9.2e-05
5144.00000 9.6e-05
5146.00000 9.9e-05
5148.00000 0.000103
5150.00000 0.000108
5152.00000 0.000111
5154.00000 0.000116
5156.00000 0.00012
5158.00000 0.000126
5160.00000 0.000131
5162.00000 0.000136
5164.00000 0.000142
5166.00000 0.000149
5168.00000 0.000154
5170.00000 0.000161
5172.00000 0.000168
5174.00000 0.000176
5176.00000 0.000183
5178.00000 0.000192
5180.00000 0.000201
5182.00000 0.00021
5184.00000 0.00022
5186.00000 0.00023
5188.00000 0.000241
5190.00000 0.000253
5192.00000 0.000266
5194.00000 0.000279
5196.00000 0.000292
5198.00000 0.000307
5200.00000 0.000323
5202.00000 0.000338
5204.00000 0.000357
5206.00000 0.000374
5208.00000 0.000393
5210.00000 0.000415
5212.00000 0.000436
5214.00000 0.00046
5216.00000 0.000486
5218.00000 0.00051
5220.00000 0.000539
5222.00000 0.000567
5224.00000 0.0006
5226.00000 0.000634
5228.00000 0.000671
5230.00000 0.000707
5232.00000 0.00075
5234.00000 0.000795
5236.00000 0.000836
5238.00000 0.000886
5240.00000 0.000941
5242.00000 0.000996
5244.00000 0.001059
5246.00000 0.001125
5248.00000 0.001192
5250.00000 0.001264
5252.00000 0.001349
5254.00000 0.001434
5256.00000 0.001523
5258.00000 0.001625
5260.00000 0.001729
5262.00000 0.001842
5264.00000 0.001961
5266.00000 0.002091
5268.00000 0.002234
5270.00000 0.002386
5272.00000 0.00255
5274.00000 0.002729
5276.00000 0.002917
5278.00000 0.00311
5280.00000 0.003338
5282.00000 0.003581
5284.00000 0.003854
5286.00000 0.004142
5288.00000 0.004441
5290.00000 0.004766
5292.00000 0.005124
5294.00000 0.005525
5296.00000 0.005938
5298.00000 0.006416
5300.00000 0.006919
5302.00000 0.007467
5304.00000 0.008035
5306.00000 0.008686
5308.00000 0.009413
5310.00000 0.010202
5312.00000 0.011053
5314.00000 0.012004
5316.00000 0.01299
5318.00000 0.014047
5320.00000 0.015273
5322.00000 0.016576
5324.00000 0.018094
5326.00000 0.019696
5328.00000 0.021522
5330.00000 0.023336
5332.00000 0.025405
5334.00000 0.027771
5336.00000 0.030408
5338.00000 0.033213
5340.00000 0.036308
5342.00000 0.039585
5344.00000 0.04312
5346.00000 0.047219
5348.00000 0.051704
5350.00000 0.056809
5352.00000 0.062154
5354.00000 0.068244
5356.00000 0.074467
5358.00000 0.081283
5360.00000 0.089068
5362.00000 0.097701
5364.00000 0.107207
5366.00000 0.117656
5368.00000 0.127917
5370.00000 0.13962
5372.00000 0.152
5374.00000 0.165727
5376.00000 0.180846
5378.00000 0.197266
5380.00000 0.213769
5382.00000 0.232109
5384.00000 0.24984
5386.00000 0.269555
5388.00000 0.291364
5390.00000 0.312614
5392.00000 0.335037
5394.00000 0.358494
5396.00000 0.382414
5398.00000 0.405667
5400.00000 0.430075
5402.00000 0.455091
5404.00000 0.480487
5406.00000 0.504212
5408.00000 0.528486
5410.00000 0.551668
5412.00000 0.574172
5414.00000 0.595525
5416.00000 0.618229
5418.00000 0.638342
5420.00000 0.656939
5422.00000 0.675475
5424.00000 0.695249
5426.00000 0.70967
5428.00000 0.723915
5430.00000 0.738456
5432.00000 0.751607
5434.00000 0.763088
5436.00000 0.772822
5438.00000 0.782379
5440.00000 0.793983
5442.00000 0.802214
5444.00000 0.81044
5446.00000 0.816475
5448.00000 0.8228
5450.00000 0.826587
5452.00000 0.834362
5454.00000 0.836317
5456.00000 0.840428
5458.00000 0.846199
5460.00000 0.849225
5462.00000 0.853978
5464.00000 0.856187
5466.00000 0.859813
5468.00000 0.860592
5470.00000 0.863346
5472.00000 0.86519
5474.00000 0.868052
5476.00000 0.866542
5478.00000 0.870029
5480.00000 0.871988
5482.00000 0.872968
5484.00000 0.876477
5486.00000 0.874867
5488.00000 0.875564
5490.00000 0.876599
5492.00000 0.879807
5494.00000 0.879403
5496.00000 0.876651
5498.00000 0.877265
5500.00000 0.879114
5502.00000 0.879501
5504.00000 0.880203
5506.00000 0.881633
5508.00000 0.879425
5510.00000 0.881251
5512.00000 0.880802
5514.00000 0.878905
5516.00000 0.88089
5518.00000 0.878039
5520.00000 0.87955
5522.00000 0.878286
5524.00000 0.87622
5526.00000 0.875837
5528.00000 0.877752
5530.00000 0.876822
5532.00000 0.876879
5534.00000 0.872982
5536.00000 0.873415
5538.00000 0.875191
5540.00000 0.87412
5542.00000 0.873889
5544.00000 0.872407
5546.00000 0.870141
5548.00000 0.869252
5550.00000 0.868475
5552.00000 0.864916
5554.00000 0.86394
5556.00000 0.862479
5558.00000 0.857743
5560.00000 0.854366
5562.00000 0.848666
5564.00000 0.846846
5566.00000 0.839356
5568.00000 0.831272
5570.00000 0.826205
5572.00000 0.817253
5574.00000 0.804785
5576.00000 0.796334
5578.00000 0.782317
5580.00000 0.767327
5582.00000 0.749916
5584.00000 0.735232
5586.00000 0.717461
5588.00000 0.696082
5590.00000 0.675111
5592.00000 0.650396
5594.00000 0.628957
5596.00000 0.600945
5598.00000 0.577532
5600.00000 0.551172
5602.00000 0.524774
5604.00000 0.496434
5606.00000 0.468472
5608.00000 0.440992
5610.00000 0.415351
5612.00000 0.388656
5614.00000 0.363426
5616.00000 0.338619
5618.00000 0.313407
5620.00000 0.291012
5622.00000 0.268547
5624.00000 0.249334
5626.00000 0.230198
5628.00000 0.212061
5630.00000 0.194672
5632.00000 0.178699
5634.00000 0.163353
5636.00000 0.150635
5638.00000 0.138872
5640.00000 0.127479
5642.00000 0.117014
5644.00000 0.107484
5646.00000 0.097976
5648.00000 0.08971
5650.00000 0.082764
5652.00000 0.075679
5654.00000 0.069769
5656.00000 0.064158
5658.00000 0.05876
5660.00000 0.053977
5662.00000 0.049624
5664.00000 0.046024
5666.00000 0.042438
5668.00000 0.03921
5670.00000 0.036065
5672.00000 0.033309
5674.00000 0.030805
5676.00000 0.02847
5678.00000 0.026436
5680.00000 0.024528
5682.00000 0.022721
5684.00000 0.021103
5686.00000 0.019593
5688.00000 0.018231
5690.00000 0.016958
5692.00000 0.015785
5694.00000 0.014761
5696.00000 0.013756
5698.00000 0.012736
5700.00000 0.011964
5702.00000 0.011214
5704.00000 0.010491
5706.00000 0.009869
5708.00000 0.009217
5710.00000 0.008635
5712.00000 0.008093
5714.00000 0.007613
5716.00000 0.007146
5718.00000 0.006726
5720.00000 0.006326
5722.00000 0.005955
5724.00000 0.005602
5726.00000 0.005274
5728.00000 0.004977
5730.00000 0.004699
5732.00000 0.004466
5734.00000 0.004191
5736.00000 0.003963
5738.00000 0.00374
5740.00000 0.003538
5742.00000 0.003357
5744.00000 0.00318
5746.00000 0.003014
5748.00000 0.002854
5750.00000 0.002706
5752.00000 0.002563
5754.00000 0.002433
5756.00000 0.002309
5758.00000 0.002206
5760.00000 0.002095
5762.00000 0.001996
5764.00000 0.001895
5766.00000 0.001805
5768.00000 0.001722
5770.00000 0.001638
5772.00000 0.00157
5774.00000 0.001498
5776.00000 0.001427
5778.00000 0.001363
5780.00000 0.001302
5782.00000 0.001239
5784.00000 0.001188
5786.00000 0.001132
5788.00000 0.001087
5790.00000 0.00104
5792.00000 0.000995
5794.00000 0.000955
5796.00000 0.000913
5798.00000 0.000874
5800.00000 0.000836
5802.00000 0.000805
5804.00000 0.000769
5806.00000 0.000736
5808.00000 0.000708
5810.00000 0.000678
5812.00000 0.000653
5814.00000 0.000623
5816.00000 0.000599
5818.00000 0.000574
5820.00000 0.00055
5822.00000 0.000531
5824.00000 0.000505
5826.00000 0.000488
5828.00000 0.000468
5830.00000 0.000448
5832.00000 0.000431
5834.00000 0.000413
5836.00000 0.000394
5838.00000 0.000379
5840.00000 0.000365
5842.00000 0.000348
5844.00000 0.000335
5846.00000 0.00032
5848.00000 0.000306
5850.00000 0.000293
5852.00000 0.00028
5854.00000 0.000269
5856.00000 0.000258
5858.00000 0.000246
5860.00000 0.000235
5862.00000 0.000225
5864.00000 0.000215
5866.00000 0.000206
5868.00000 0.000195
5870.00000 0.000186
5872.00000 0.000177
5874.00000 0.000169
5876.00000 0.00016
5878.00000 0.000154
5880.00000 0.000146
5882.00000 0.000139
5884.00000 0.000132
5886.00000 0.000125
5888.00000 0.000118
5890.00000 0.000112
5892.00000 0.000106
5894.00000 0.000101
5896.00000 9.6e-05
5898.00000 9.1e-05
5900.00000 8.6e-05
5902.00000 8.1e-05
5904.00000 7.6e-05
5906.00000 7.3e-05
5908.00000 6.8e-05
5910.00000 6.5e-05
5912.00000 6.1e-05
5914.00000 5.8e-05
5916.00000 5.5e-05
5918.00000 5.1e-05
5920.00000 4.8e-05
5922.00000 4.6e-05
5924.00000 4.4e-05
5926.00000 4.1e-05
5928.00000 3.9e-05
5930.00000 3.6e-05
5932.00000 3.4e-05
5934.00000 3.3e-05
5936.00000 3.1e-05
5938.00000 2.9e-05
5940.00000 2.8e-05
5942.00000 2.6e-05
5944.00000 2.4e-05
5946.00000 2.3e-05
5948.00000 2.2e-05
5950.00000 2.1e-05
5952.00000 2e-05
5954.00000 1.9e-05
5956.00000 1.8e-05
5958.00000 1.7e-05
5960.00000 1.6e-05
5962.00000 1.5e-05
5964.00000 1.4e-05
5966.00000 1.3e-05
5968.00000 1.3e-05
5970.00000 1.2e-05
5972.00000 1.1e-05
5974.00000 1.1e-05
5976.00000 1e-05
6573.60010 0.0
