threeML/data/optical_filters/STELLA/WiFSIP-Sloan_u.ecsv
# %ECSV 0.9
# ---
# datatype:
# - {name: wavelength, unit: Angstrom, datatype: float32}
# - {name: response, datatype: float32}
# meta: !!omap
# - {band_name: Sloan_u}
# - {group_name: WiFSIP}
wavelength response
2659.50000 0.0
2955.00000 1e-06
2960.00000 5e-06
2965.00000 9e-06
2970.00000 9e-06
2975.00000 1.8e-05
2980.00000 5.6e-05
2985.00000 7.6e-05
2990.00000 0.00011
2995.00000 0.000171
3000.00000 0.000239
3005.00000 0.000319
3010.00000 0.000417
3015.00000 0.000522
3020.00000 0.000703
3025.00000 0.000871
3030.00000 0.001086
3035.00000 0.001352
3040.00000 0.001674
3045.00000 0.001992
3050.00000 0.002366
3055.00000 0.002803
3060.00000 0.003325
3065.00000 0.003961
3070.00000 0.004717
3075.00000 0.005592
3080.00000 0.006614
3085.00000 0.007793
3090.00000 0.009031
3095.00000 0.010447
3100.00000 0.011983
3105.00000 0.013694
3110.00000 0.015662
3115.00000 0.017818
3120.00000 0.020224
3125.00000 0.02293
3130.00000 0.025789
3135.00000 0.028947
3140.00000 0.032312
3145.00000 0.035942
3150.00000 0.039855
3155.00000 0.044001
3160.00000 0.0486
3165.00000 0.053557
3170.00000 0.058703
3175.00000 0.064168
3180.00000 0.069899
3185.00000 0.075622
3190.00000 0.08163
3195.00000 0.087766
3200.00000 0.094248
3205.00000 0.101386
3210.00000 0.108479
3215.00000 0.116146
3220.00000 0.124329
3225.00000 0.132553
3230.00000 0.141321
3235.00000 0.150149
3240.00000 0.15912
3245.00000 0.168483
3250.00000 0.177698
3255.00000 0.187343
3260.00000 0.197421
3265.00000 0.207336
3270.00000 0.218015
3275.00000 0.228574
3280.00000 0.23911
3285.00000 0.249581
3290.00000 0.259767
3295.00000 0.269786
3300.00000 0.279868
3305.00000 0.289353
3310.00000 0.298937
3315.00000 0.308625
3320.00000 0.31859
3325.00000 0.329258
3330.00000 0.340145
3335.00000 0.351233
3340.00000 0.362686
3345.00000 0.374257
3350.00000 0.385536
3355.00000 0.396524
3360.00000 0.406775
3365.00000 0.416609
3370.00000 0.425432
3375.00000 0.433647
3380.00000 0.441967
3385.00000 0.449928
3390.00000 0.45826
3395.00000 0.466423
3400.00000 0.475028
3405.00000 0.483955
3410.00000 0.493084
3415.00000 0.502138
3420.00000 0.511196
3425.00000 0.519989
3430.00000 0.528793
3435.00000 0.536072
3440.00000 0.543792
3445.00000 0.551029
3450.00000 0.557152
3455.00000 0.563533
3460.00000 0.570401
3465.00000 0.576121
3470.00000 0.582774
3475.00000 0.589638
3480.00000 0.596241
3485.00000 0.60279
3490.00000 0.6101
3495.00000 0.616702
3500.00000 0.622734
3505.00000 0.62833
3510.00000 0.633385
3515.00000 0.637986
3520.00000 0.641878
3525.00000 0.645635
3530.00000 0.648802
3535.00000 0.651845
3540.00000 0.654636
3545.00000 0.657788
3550.00000 0.661027
3555.00000 0.66443
3560.00000 0.667619
3565.00000 0.670857
3570.00000 0.674586
3575.00000 0.677609
3580.00000 0.68031
3585.00000 0.682945
3590.00000 0.68495
3595.00000 0.686719
3600.00000 0.687975
3605.00000 0.68862
3610.00000 0.689287
3615.00000 0.68953
3620.00000 0.689436
3625.00000 0.689352
3630.00000 0.688915
3635.00000 0.688314
3640.00000 0.68755
3645.00000 0.686558
3650.00000 0.685178
3655.00000 0.683388
3660.00000 0.680793
3665.00000 0.678095
3670.00000 0.674745
3675.00000 0.670445
3680.00000 0.665653
3685.00000 0.660291
3690.00000 0.655119
3695.00000 0.649064
3700.00000 0.64283
3705.00000 0.636341
3710.00000 0.630036
3715.00000 0.623185
3720.00000 0.616477
3725.00000 0.609718
3730.00000 0.602664
3735.00000 0.595253
3740.00000 0.586995
3745.00000 0.579066
3750.00000 0.569771
3755.00000 0.560171
3760.00000 0.549744
3765.00000 0.538772
3770.00000 0.526415
3775.00000 0.513717
3780.00000 0.500145
3785.00000 0.486311
3790.00000 0.471831
3795.00000 0.456672
3800.00000 0.441282
3805.00000 0.425239
3810.00000 0.409308
3815.00000 0.393318
3820.00000 0.377404
3825.00000 0.361575
3830.00000 0.345487
3835.00000 0.329099
3840.00000 0.313134
3845.00000 0.296584
3850.00000 0.280379
3855.00000 0.264182
3860.00000 0.247607
3865.00000 0.231581
3870.00000 0.21564
3875.00000 0.19955
3880.00000 0.184124
3885.00000 0.16915
3890.00000 0.154547
3895.00000 0.140554
3900.00000 0.126856
3905.00000 0.114215
3910.00000 0.102307
3915.00000 0.091132
3920.00000 0.081004
3925.00000 0.071523
3930.00000 0.062739
3935.00000 0.054893
3940.00000 0.047651
3945.00000 0.04124
3950.00000 0.035499
3955.00000 0.030302
3960.00000 0.025842
3965.00000 0.021825
3970.00000 0.018322
3975.00000 0.015339
3980.00000 0.012726
3985.00000 0.010538
3990.00000 0.008644
3995.00000 0.007026
4000.00000 0.005709
4005.00000 0.004584
4010.00000 0.003657
4015.00000 0.002912
4020.00000 0.002298
4025.00000 0.001819
4030.00000 0.001428
4035.00000 0.001093
4040.00000 0.000838
4045.00000 0.000659
4050.00000 0.000496
4055.00000 0.000388
4060.00000 0.000286
4065.00000 0.000216
4070.00000 0.000162
4075.00000 0.000135
4080.00000 9e-05
4085.00000 8.1e-05
4090.00000 5e-05
4095.00000 2.6e-05
4100.00000 3.3e-05
4510.00000 0.0
