threeML/data/optical_filters/Herschel/Pacs-blue.ecsv
# %ECSV 0.9
# ---
# datatype:
# - {name: wavelength, unit: Angstrom, datatype: float32}
# - {name: response, datatype: float32}
# meta: !!omap
# - {band_name: blue}
# - {group_name: Pacs}
wavelength response
485829.90625 0.0
539811.00000 0.00011
540541.00000 0.000127
541272.00000 0.000149
542005.00000 0.000174
542741.00000 0.000207
543478.00000 0.000246
544218.00000 0.000292
544959.00000 0.000349
545703.06250 0.000415
546448.00000 0.000489
547196.06250 0.000579
547944.93750 0.000685
548697.00000 0.000801
549451.00000 0.000936
550206.06250 0.00109
550964.06250 0.001267
551724.00000 0.001493
552486.00000 0.001782
553250.00000 0.00214
554016.93750 0.002599
554785.06250 0.003182
555555.93750 0.003878
556328.00000 0.0047
557102.93750 0.005665
557880.00000 0.006751
558659.00000 0.007975
559441.06250 0.009337
560224.00000 0.01077
561010.06250 0.012298
561797.93750 0.013769
562588.06250 0.015411
563380.06250 0.017236
564174.93750 0.019291
564972.06250 0.021477
565771.00000 0.023767
566571.93750 0.026286
567376.00000 0.028976
568182.00000 0.031815
568989.93750 0.034946
569800.93750 0.038235
570613.00000 0.041493
571429.00000 0.044929
572246.00000 0.048485
573066.00000 0.051882
573888.00000 0.055525
574712.93750 0.059458
575540.06250 0.063293
576369.00000 0.067365
577201.06250 0.071892
578035.00000 0.07647
578870.93750 0.081241
579710.00000 0.085888
580552.00000 0.090511
581395.00000 0.095411
582242.00000 0.100653
583090.00000 0.10615
583942.06250 0.112039
584795.00000 0.117755
585652.06250 0.123631
586510.00000 0.129391
587372.00000 0.135667
588235.00000 0.142264
589101.93750 0.148838
589971.00000 0.155394
590842.06250 0.161835
591716.06250 0.168066
592593.06250 0.174517
593472.00000 0.181205
594354.00000 0.188179
595238.00000 0.195707
596125.00000 0.203311
597014.93750 0.210078
597907.00000 0.217555
598802.00000 0.225067
599700.06250 0.232349
600601.00000 0.239996
601504.00000 0.247917
602410.00000 0.255344
603318.00000 0.262387
604230.00000 0.269255
605144.00000 0.275607
606061.00000 0.281619
606980.00000 0.287727
607903.00000 0.293566
608828.06250 0.298717
609756.06250 0.303889
610687.00000 0.308908
611621.00000 0.313452
612557.00000 0.318058
613497.00000 0.322264
614439.06250 0.325698
615385.00000 0.32975
616333.00000 0.334729
617284.06250 0.339911
618238.00000 0.345664
619195.00000 0.35212
620155.00000 0.358545
621118.00000 0.365037
622084.06250 0.371346
623053.00000 0.378117
624025.06250 0.384569
625000.00000 0.390229
625978.00000 0.394875
626958.93750 0.399337
627942.93750 0.404031
628931.00000 0.408879
629921.06250 0.413125
630915.00000 0.416077
631912.00000 0.417277
632910.93750 0.421352
633914.00000 0.429863
634921.06250 0.438127
635930.00000 0.444949
636943.06250 0.451292
637959.00000 0.457495
638977.93750 0.463309
640000.00000 0.469702
641026.00000 0.476195
642055.00000 0.481976
643087.00000 0.488802
644122.00000 0.495328
645161.00000 0.499707
646204.00000 0.503528
647249.00000 0.507449
648298.06250 0.510204
649350.93750 0.5122
650406.06250 0.513882
651466.00000 0.514839
652529.00000 0.51623
653595.00000 0.517115
654664.00000 0.516008
655738.00000 0.51418
656813.93750 0.513347
657895.00000 0.512823
658979.06250 0.512001
660066.00000 0.511521
661157.00000 0.511944
662251.93750 0.512186
663350.00000 0.511664
664452.00000 0.512062
665557.00000 0.513292
666667.00000 0.515429
667780.00000 0.516272
668896.00000 0.51441
670017.00000 0.511657
671141.00000 0.509671
672269.00000 0.508205
673401.06250 0.507281
674536.00000 0.506028
675675.93750 0.503302
676819.00000 0.499445
677966.00000 0.495538
679117.00000 0.491115
680272.00000 0.48611
681431.00000 0.481066
682594.00000 0.475621
683761.00000 0.469266
684931.00000 0.463287
686106.06250 0.457848
687285.00000 0.452905
688468.00000 0.449571
689655.00000 0.447682
690846.00000 0.446328
692042.00000 0.446234
693240.93750 0.44739
694444.00000 0.448325
695652.00000 0.448806
696864.00000 0.450124
698080.00000 0.450369
699301.00000 0.449911
700525.00000 0.449939
701754.00000 0.449575
702988.00000 0.44892
704225.00000 0.449043
705467.00000 0.449143
706714.00000 0.449275
707965.00000 0.450658
709220.00000 0.452066
710479.93750 0.453229
711744.00000 0.456307
713012.00000 0.459272
714285.93750 0.461485
715563.93750 0.463527
716846.00000 0.465577
718133.00000 0.466345
719424.00000 0.466474
720721.00000 0.46787
722022.00000 0.468955
723327.00000 0.469105
724638.00000 0.469282
725953.00000 0.468998
727273.00000 0.468968
728597.00000 0.470246
729927.00000 0.471664
731261.00000 0.473189
732601.00000 0.475921
733945.00000 0.47828
735294.06250 0.479895
736648.00000 0.482242
738007.00000 0.484544
739372.00000 0.486285
740740.93750 0.488599
742115.00000 0.490835
743494.06250 0.49227
744879.00000 0.494165
746269.00000 0.496266
747664.06250 0.497473
749064.00000 0.498887
750469.00000 0.500771
751880.06250 0.50128
753296.00000 0.500994
754717.00000 0.501352
756144.00000 0.501801
757576.00000 0.500676
759013.00000 0.499537
760456.00000 0.49838
761905.00000 0.496167
763359.00000 0.493654
764817.93750 0.490494
766283.06250 0.487318
767754.00000 0.484968
769231.06250 0.482499
770712.93750 0.478597
772201.00000 0.474422
773694.00000 0.468881
775194.00000 0.460909
776699.00000 0.452254
778210.00000 0.443478
779727.00000 0.433971
781250.00000 0.425074
782779.00000 0.417545
784313.93750 0.410239
785855.00000 0.403792
787401.93750 0.39956
788955.00000 0.396889
790514.00000 0.396264
792079.00000 0.395977
793651.00000 0.394319
795229.06250 0.391331
796813.00000 0.388077
798403.00000 0.383895
800000.00000 0.378701
801603.00000 0.373638
803212.93750 0.368149
804829.00000 0.361486
806452.00000 0.3547
808081.00000 0.347728
809717.00000 0.3398
811359.00000 0.331624
813007.93750 0.323444
814664.00000 0.314507
816327.00000 0.305167
817996.00000 0.295032
819672.00000 0.283811
821355.00000 0.273264
823044.93750 0.263303
824742.00000 0.252508
826446.00000 0.241522
828156.93750 0.230659
829875.00000 0.219454
831601.00000 0.208324
833333.00000 0.198191
835073.00000 0.188587
836820.00000 0.178859
838574.00000 0.16943
840336.00000 0.160159
842105.00000 0.151135
843882.00000 0.142864
845666.00000 0.135293
847457.93750 0.128436
849257.00000 0.122704
851064.00000 0.117607
852878.06250 0.112686
854701.00000 0.108199
856531.00000 0.103878
858369.00000 0.099154
860215.00000 0.094758
862069.00000 0.090428
863931.00000 0.085851
865801.00000 0.081351
867679.00000 0.076963
869565.00000 0.072451
871460.06250 0.068088
873362.00000 0.063916
875274.00000 0.059778
877193.00000 0.055908
879121.00000 0.052355
881057.00000 0.04891
883002.00000 0.045641
884956.00000 0.04259
886918.00000 0.039601
888889.00000 0.036752
890869.00000 0.034161
892857.00000 0.031695
894854.93750 0.029392
896860.93750 0.02738
898876.06250 0.025604
900901.06250 0.024078
902935.00000 0.022877
904977.06250 0.021853
907029.06250 0.02088
909091.06250 0.020089
911162.06250 0.019435
913242.06250 0.018791
915332.00000 0.018214
917431.00000 0.017688
919540.00000 0.017112
921659.00000 0.016551
923788.00000 0.016012
925926.00000 0.015415
928074.06250 0.014826
930233.00000 0.01427
932401.00000 0.013668
934579.00000 0.013041
936768.06250 0.012431
938967.00000 0.011792
941176.00000 0.011163
943396.00000 0.010609
945626.00000 0.010092
947867.00000 0.009599
950119.00000 0.009157
952381.00000 0.008707
954654.00000 0.008236
956938.00000 0.007815
959233.00000 0.007455
961538.00000 0.007105
963855.00000 0.006773
966184.00000 0.006456
968523.00000 0.006136
970874.00000 0.00583
973236.00000 0.005552
975610.00000 0.005311
977995.00000 0.005125
980392.00000 0.004958
982801.00000 0.004771
985222.00000 0.004586
987654.06250 0.004408
990099.00000 0.004211
992556.00000 0.00399
995025.00000 0.003776
997506.00000 0.003583
1000000.00000 0.003402
1002510.00000 0.003222
1005030.00000 0.002944
1007559.93750 0.00268
1010100.00000 0.002507
1012660.00000 0.002345
1015230.00000 0.002178
1017810.00000 0.002004
1020410.00000 0.001858
1023020.00000 0.00174
1025640.00000 0.001639
1028280.00000 0.00157
1030930.00000 0.001523
1033590.00000 0.001451
1036270.00000 0.001345
1038960.06250 0.00129
1041670.00000 0.001249
1044390.00000 0.001181
1047120.00000 0.001121
1049870.00000 0.001058
1052630.00000 0.00098
1055410.00000 0.000917
1058200.00000 0.000858
1061010.00000 0.000791
1063830.00000 0.000739
1066670.00000 0.000701
1069520.00000 0.000662
1072390.00000 0.000636
1075270.00000 0.000617
1078170.00000 0.000588
1081080.00000 0.00056
1084010.00000 0.000536
1086960.00000 0.0005
1089920.00000 0.000464
1092900.00000 0.000434
1095890.00000 0.000399
1098900.00000 0.000371
1101930.00000 0.000354
1104970.00000 0.000337
1108030.00000 0.000321
1111110.00000 0.000315
1114210.00000 0.00031
1117320.00000 0.000302
1120450.00000 0.000293
1123600.00000 0.000279
1126760.00000 0.000262
1129940.00000 0.000251
1133140.00000 0.000242
1136360.00000 0.000231
1139600.00000 0.000219
1142860.00000 0.000208
1146130.00000 0.000195
1149430.00000 0.000182
1152740.00000 0.000168
1156070.00000 0.000153
1159420.00000 0.000142
1162790.00000 0.000137
1166180.00000 0.000134
1169590.00000 0.000129
1173020.00000 0.000124
1176470.00000 0.000119
1179940.00000 0.000115
1183430.00000 0.000111
1186940.00000 0.000106
1305634.00000 0.0
