threeML/data/optical_filters/Herschel/Pacs-red.ecsv
# %ECSV 0.9
# ---
# datatype:
# - {name: wavelength, unit: Angstrom, datatype: float32}
# - {name: response, datatype: float32}
# meta: !!omap
# - {band_name: red}
# - {group_name: Pacs}
wavelength response
1002789.00000 0.0
1114210.00000 0.000123
1117320.00000 0.000186
1120450.00000 0.000251
1123600.00000 0.000327
1126760.00000 0.000424
1129940.00000 0.000564
1133140.00000 0.000745
1136360.00000 0.001007
1139600.00000 0.001292
1142860.00000 0.001489
1146130.00000 0.001641
1149430.00000 0.001924
1152740.00000 0.002251
1156070.00000 0.002455
1159420.00000 0.002603
1162790.00000 0.002902
1166180.00000 0.003314
1169590.00000 0.003896
1173020.00000 0.004603
1176470.00000 0.005203
1179940.00000 0.005911
1183430.00000 0.006944
1186940.00000 0.008151
1190480.00000 0.009556
1194030.00000 0.011279
1197600.00000 0.012974
1201200.00000 0.01491
1204820.00000 0.017556
1208460.00000 0.0205
1212120.00000 0.023687
1215810.00000 0.027529
1219510.00000 0.031797
1223240.00000 0.036672
1226990.00000 0.04277
1230770.00000 0.04961
1234570.00000 0.056778
1238390.00000 0.065691
1242240.00000 0.076384
1246110.00000 0.087222
1250000.00000 0.099647
1253920.00000 0.114529
1257860.00000 0.129435
1261830.00000 0.146434
1265820.00000 0.166544
1269840.00000 0.185356
1273890.00000 0.205597
1277960.00000 0.230493
1282050.00000 0.252862
1286170.00000 0.274605
1290320.00000 0.301586
1294500.00000 0.324261
1298700.00000 0.343256
1302930.00000 0.367845
1307190.00000 0.388629
1311480.00000 0.403465
1315790.00000 0.422941
1320130.00000 0.437648
1324500.00000 0.441607
1328900.00000 0.448333
1333329.87500 0.454161
1337790.12500 0.450629
1342280.00000 0.45038
1346799.87500 0.453477
1351350.00000 0.45051
1355930.00000 0.452333
1360540.00000 0.463038
1365190.00000 0.468239
1369859.87500 0.473924
1374570.00000 0.488863
1379309.87500 0.496747
1384080.00000 0.498928
1388890.12500 0.508083
1393730.00000 0.510638
1398600.00000 0.507472
1403510.00000 0.514133
1408450.00000 0.517551
1413430.00000 0.513237
1418440.00000 0.517836
1423490.00000 0.52181
1428570.00000 0.517146
1433690.00000 0.520022
1438850.00000 0.524563
1444040.12500 0.520245
1449280.00000 0.521576
1454550.00000 0.527749
1459850.00000 0.52655
1465200.00000 0.52834
1470590.00000 0.535338
1476010.00000 0.534712
1481480.00000 0.535202
1486990.00000 0.54342
1492540.00000 0.543501
1498130.00000 0.540527
1503760.12500 0.546614
1509429.87500 0.546654
1515150.00000 0.540914
1520910.00000 0.54506
1526720.00000 0.545702
1532570.00000 0.539329
1538459.87500 0.543259
1544400.00000 0.546314
1550390.00000 0.540564
1556420.00000 0.542747
1562500.00000 0.544672
1568630.12500 0.536338
1574800.00000 0.535639
1581030.00000 0.538078
1587300.00000 0.529592
1593630.12500 0.524246
1600000.00000 0.524885
1606430.00000 0.516854
1612899.87500 0.509749
1619429.87500 0.510861
1626020.00000 0.506278
1632650.00000 0.499765
1639340.00000 0.50156
1646089.87500 0.498322
1652890.00000 0.489745
1659750.00000 0.489233
1666670.12500 0.485033
1673640.00000 0.47385
1680670.00000 0.471473
1687760.00000 0.470701
1694920.00000 0.46058
1702130.00000 0.457268
1709400.00000 0.457957
1716740.00000 0.450658
1724140.00000 0.449159
1731600.00000 0.452309
1739130.00000 0.446053
1746720.00000 0.442808
1754390.00000 0.445406
1762110.00000 0.440926
1769910.00000 0.438277
1777780.00000 0.441164
1785710.00000 0.435159
1793720.00000 0.429747
1801799.87500 0.432801
1809950.00000 0.432525
1818179.87500 0.430561
1826480.00000 0.436655
1834859.87500 0.439237
1843320.00000 0.433252
1851850.00000 0.433453
1860470.00000 0.435221
1869160.00000 0.432822
1877930.00000 0.434708
1886790.00000 0.435832
1895730.00000 0.428704
1904760.00000 0.424391
1913880.00000 0.42263
1923080.00000 0.415795
1932370.00000 0.410199
1941750.00000 0.404831
1951220.00000 0.389426
1960780.00000 0.374824
1970440.12500 0.367303
1980200.00000 0.355677
1990050.00000 0.342366
2000000.00000 0.333008
2010050.00000 0.314394
2020200.00000 0.294157
2030460.00000 0.281663
2040820.00000 0.26442
2051280.00000 0.241459
2061860.00000 0.225093
2072540.00000 0.206788
2083329.87500 0.181573
2094240.00000 0.164831
2105260.00000 0.150374
2116400.00000 0.135176
2127660.00000 0.12154
2139040.00000 0.107791
2150540.00000 0.093567
2162160.00000 0.082464
2173910.00000 0.072885
2185790.00000 0.063338
2197800.00000 0.055415
2209940.00000 0.048305
2222220.00000 0.041694
2234640.00000 0.036946
2247190.00000 0.032905
2259890.00000 0.028374
2272730.00000 0.02462
2285710.00000 0.021874
2298850.00000 0.018989
2312140.00000 0.016238
2325580.00000 0.014224
2339180.00000 0.012476
2352940.00000 0.011017
2366860.00000 0.009811
2380950.00000 0.008725
2395210.00000 0.007686
2409640.00000 0.006962
2424240.00000 0.006213
2439020.00000 0.005308
2453990.00000 0.004835
2469140.00000 0.004417
2484470.00000 0.003826
2500000.00000 0.003429
2515720.00000 0.003116
2531650.00000 0.002774
2547770.00000 0.002508
2564100.00000 0.002304
2580650.00000 0.00207
2597400.00000 0.001858
2614380.00000 0.001681
2631580.00000 0.001456
2649010.00000 0.001263
2666670.00000 0.001129
2684560.00000 0.000974
2702700.00000 0.000813
2721090.00000 0.000721
2739730.00000 0.000633
2758619.75000 0.000537
2777780.25000 0.00049
2797200.00000 0.00046
2816900.00000 0.000404
2836880.00000 0.000358
2857140.00000 0.000325
2877700.00000 0.000277
2898550.00000 0.000223
2919710.00000 0.000195
2941180.00000 0.000157
2962960.00000 0.000131
2985070.00000 0.00015
3007520.25000 0.000163
3030300.00000 0.000161
3053440.00000 0.000167
3076919.75000 0.000155
3100780.00000 0.000131
3125000.00000 0.00013
3149610.00000 0.000126
3174600.00000 0.000111
3200000.00000 0.000108
3520000.00000 0.0
