threeML/data/optical_filters/Herschel/Pacs-green.ecsv
# %ECSV 0.9
# ---
# datatype:
# - {name: wavelength, unit: Angstrom, datatype: float32}
# - {name: response, datatype: float32}
# meta: !!omap
# - {band_name: green}
# - {group_name: Pacs}
wavelength response
602006.37500 0.0
668896.00000 0.00018
670017.00000 0.000292
671141.00000 1.7e-05
672269.00000 0.000128
673401.06250 0.000322
674536.00000 2.2e-05
675675.93750 0.000147
676819.00000 0.000353
677966.00000 6.7e-05
679117.00000 7.8e-05
680272.00000 0.000372
681431.00000 7.8e-05
682594.00000 1.5e-05
683761.00000 0.000209
684931.00000 7.2e-05
686106.06250 6.6e-05
687285.00000 0.000224
688468.00000 0.000109
689655.00000 6.4e-05
690846.00000 0.000526
692042.00000 0.000415
693240.93750 0.0003
694444.00000 0.000742
695652.00000 0.000556
696864.00000 0.000205
698080.00000 0.000556
699301.00000 0.000305
700525.00000 8.2e-05
701754.00000 0.000207
702988.00000 0.000227
704225.00000 3.8e-05
705467.00000 0.000324
706714.00000 0.000678
707965.00000 0.000281
709220.00000 0.0006
710479.93750 0.001176
711744.00000 0.000844
713012.00000 0.000953
714285.93750 0.001425
715563.93750 0.000984
716846.00000 0.00088
718133.00000 0.001379
719424.00000 0.00093
720721.00000 0.000536
722022.00000 0.00094
723327.00000 0.000567
724638.00000 0.000132
725953.00000 0.000621
727273.00000 0.000334
728597.00000 6.7e-05
729927.00000 7.2e-05
731261.00000 0.000198
732601.00000 1e-05
733945.00000 2.5e-05
735294.06250 0.000106
736648.00000 2.2e-05
738007.00000 9.1e-05
739372.00000 1.7e-05
740740.93750 9.5e-05
742115.00000 0.000357
743494.06250 0.000196
744879.00000 0.000223
746269.00000 0.00043
747664.06250 0.000195
749064.00000 5.7e-05
750469.00000 0.000152
751880.06250 2.6e-05
753296.00000 1.4e-05
754717.00000 0.000219
756144.00000 0.000203
757576.00000 0.000197
759013.00000 0.000853
760456.00000 0.000516
761905.00000 0.000132
763359.00000 0.000878
764817.93750 0.000598
766283.06250 0.000148
767754.00000 0.001077
769231.06250 0.001078
770712.93750 0.000506
772201.00000 0.001466
773694.00000 0.001873
775194.00000 0.001228
776699.00000 0.002018
778210.00000 0.002636
779727.00000 0.001887
781250.00000 0.002488
782779.00000 0.003438
784313.93750 0.00281
785855.00000 0.003206
787401.93750 0.004472
788955.00000 0.004395
790514.00000 0.005176
792079.00000 0.007161
793651.00000 0.00762
795229.06250 0.008375
796813.00000 0.010581
798403.00000 0.011414
800000.00000 0.012228
801603.00000 0.014892
803212.93750 0.016557
804829.00000 0.018026
806452.00000 0.021912
808081.00000 0.025488
809717.00000 0.028105
811359.00000 0.032986
813007.93750 0.03913
814664.00000 0.045042
816327.00000 0.051864
817996.00000 0.058955
819672.00000 0.066848
821355.00000 0.076767
823044.93750 0.087443
824742.00000 0.10078
826446.00000 0.115714
828156.93750 0.131404
829875.00000 0.149148
831601.00000 0.167954
833333.00000 0.186327
835073.00000 0.205672
836820.00000 0.225335
838574.00000 0.242845
840336.00000 0.259589
842105.00000 0.269478
843882.00000 0.283383
845666.00000 0.296556
847457.93750 0.31072
849257.00000 0.325314
851064.00000 0.341531
852878.06250 0.359379
854701.00000 0.376443
856531.00000 0.392817
858369.00000 0.40865
860215.00000 0.420221
862069.00000 0.429624
863931.00000 0.437686
865801.00000 0.442078
867679.00000 0.443654
869565.00000 0.444661
871460.06250 0.443947
873362.00000 0.441489
875274.00000 0.439453
877193.00000 0.436985
879121.00000 0.433433
881057.00000 0.431011
883002.00000 0.428992
884956.00000 0.425648
886918.00000 0.422882
888889.00000 0.420483
890869.00000 0.416628
892857.00000 0.412423
894854.93750 0.409785
896860.93750 0.406396
898876.06250 0.403976
900901.06250 0.404834
902935.00000 0.407556
904977.06250 0.412733
907029.06250 0.421293
909091.06250 0.429533
911162.06250 0.437935
913242.06250 0.449141
915332.00000 0.460351
917431.00000 0.470352
919540.00000 0.481688
921659.00000 0.492609
923788.00000 0.502153
925926.00000 0.512986
928074.06250 0.523493
930233.00000 0.531692
932401.00000 0.540633
934579.00000 0.549775
936768.06250 0.555764
938967.00000 0.561068
941176.00000 0.565942
943396.00000 0.567452
945626.00000 0.568157
947867.00000 0.570508
950119.00000 0.571616
952381.00000 0.573019
954654.00000 0.57578
956938.00000 0.576367
959233.00000 0.575739
961538.00000 0.57861
963855.00000 0.580246
966184.00000 0.578966
968523.00000 0.580038
970874.00000 0.581219
973236.00000 0.580184
975610.00000 0.581172
977995.00000 0.582526
980392.00000 0.581595
982801.00000 0.581921
985222.00000 0.582167
987654.06250 0.578952
990099.00000 0.575169
992556.00000 0.571108
995025.00000 0.56364
997506.00000 0.556846
1000000.00000 0.553627
1002510.00000 0.549269
1005030.00000 0.544147
1007559.93750 0.540431
1010100.00000 0.533981
1012660.00000 0.527844
1015230.00000 0.525945
1017810.00000 0.524405
1020410.00000 0.520724
1023020.00000 0.519074
1025640.00000 0.517688
1028280.00000 0.514608
1030930.00000 0.513931
1033590.00000 0.513783
1036270.00000 0.510802
1038960.06250 0.507169
1041670.00000 0.502256
1044390.00000 0.49441
1047120.00000 0.487835
1049870.00000 0.482584
1052630.00000 0.473372
1055410.00000 0.463719
1058200.00000 0.460195
1061010.00000 0.455217
1063830.00000 0.450775
1066670.00000 0.453501
1069520.00000 0.45592
1072390.00000 0.455619
1075270.00000 0.459141
1078170.00000 0.459018
1081080.00000 0.454029
1084010.00000 0.4552
1086960.00000 0.457686
1089920.00000 0.452013
1092900.00000 0.449778
1095890.00000 0.450995
1098900.00000 0.44515
1101930.00000 0.442953
1104970.00000 0.445748
1108030.00000 0.441609
1111110.00000 0.43861
1114210.00000 0.442069
1117320.00000 0.437672
1120450.00000 0.433324
1123600.00000 0.436091
1126760.00000 0.432658
1129940.00000 0.426907
1133140.00000 0.427058
1136360.00000 0.422077
1139600.00000 0.413699
1142860.00000 0.412088
1146130.00000 0.409175
1149430.00000 0.401063
1152740.00000 0.397287
1156070.00000 0.39354
1159420.00000 0.384306
1162790.00000 0.379174
1166180.00000 0.376256
1169590.00000 0.367713
1173020.00000 0.361588
1176470.00000 0.358322
1179940.00000 0.34884
1183430.00000 0.340148
1186940.00000 0.33494
1190480.00000 0.324309
1194030.00000 0.313222
1197600.00000 0.305625
1201200.00000 0.293588
1204820.00000 0.279905
1208460.00000 0.269006
1212120.00000 0.255196
1215810.00000 0.239686
1219510.00000 0.226569
1223240.00000 0.211424
1226990.00000 0.194123
1230770.00000 0.178874
1234570.00000 0.16328
1238390.00000 0.146036
1242240.00000 0.130748
1246110.00000 0.116502
1250000.00000 0.101429
1253920.00000 0.087673
1257860.00000 0.075222
1261830.00000 0.06308
1265820.00000 0.052714
1269840.00000 0.043916
1273890.00000 0.035584
1277960.00000 0.028468
1282050.00000 0.022736
1286170.00000 0.017627
1290320.00000 0.013539
1294500.00000 0.010727
1298700.00000 0.00872
1302930.00000 0.007309
1307190.00000 0.006535
1311480.00000 0.006234
1315790.00000 0.006079
1320130.00000 0.006084
1324500.00000 0.006174
1328900.00000 0.006309
1333329.87500 0.006496
1337790.12500 0.006552
1342280.00000 0.006413
1346799.87500 0.00617
1351350.00000 0.005838
1355930.00000 0.005443
1360540.00000 0.005089
1365190.00000 0.004754
1369859.87500 0.004326
1374570.00000 0.003904
1379309.87500 0.003483
1384080.00000 0.00298
1388890.12500 0.002538
1393730.00000 0.002237
1398600.00000 0.001926
1403510.00000 0.001592
1408450.00000 0.001316
1413430.00000 0.00106
1418440.00000 0.000836
1423490.00000 0.000672
1428570.00000 0.000539
1433690.00000 0.00043
1438850.00000 0.000354
1444040.12500 0.000286
1449280.00000 0.000219
1454550.00000 0.000169
1459850.00000 0.000135
1465200.00000 0.000105
1611720.00000 0.0
