threeML/data/optical_filters/Herschel/SPIRE-PLW_ext.ecsv
# %ECSV 0.9
# ---
# datatype:
# - {name: wavelength, unit: Angstrom, datatype: float32}
# - {name: response, datatype: float32}
# meta: !!omap
# - {band_name: PLW_ext}
# - {group_name: SPIRE}
wavelength response
3094910.50000 0.0
3438789.50000 1.7189e-05
3450655.50000 1.9435e-05
3462604.00000 2.409e-05
3473428.25000 3.8782e-05
3485535.00000 5.1049e-05
3497726.50000 6.5301e-05
3510003.50000 0.00010005
3521126.75000 0.00015676
3533569.00000 0.0002113
3546099.25000 0.00023606
3558719.00000 0.00029043
3571428.50000 0.00036418
3582945.25000 0.00035368
3595828.75000 0.00029929
3608805.50000 0.00032039
3621876.00000 0.0003716
3635041.75000 0.00042752
3646973.00000 0.00050005
3660322.00000 0.0004693
3673769.25000 0.00046922
3687315.50000 0.00047055
3699593.00000 0.00052972
3713331.00000 0.0005196
3727171.00000 0.0005736
3741115.00000 0.00062072
3755163.25000 0.00075872
3767897.50000 0.0010568
3782148.25000 0.0012394
3796507.25000 0.0015078
3810975.50000 0.0017553
3825554.75000 0.0023163
3838771.50000 0.0028562
3853564.50000 0.0035237
3868472.00000 0.0045131
3883495.00000 0.0057435
3897116.00000 0.0072597
3912363.00000 0.0095634
3927729.75000 0.012947
3943217.75000 0.017169
3958828.25000 0.022355
3972983.75000 0.028932
3988831.25000 0.037777
4004805.75000 0.04849
4020908.75000 0.062011
4037141.75000 0.080548
4051864.00000 0.10281
4068348.25000 0.13181
4084967.25000 0.174
4101722.75000 0.22578
4116920.50000 0.28562
4133939.50000 0.33612
4151100.00000 0.37965
4168403.50000 0.42041
4185851.75000 0.43663
4201680.50000 0.44928
4219409.50000 0.46496
4237288.00000 0.48225
4255319.00000 0.49517
4271679.00000 0.5109
4290004.50000 0.52204
4308487.50000 0.53735
4327131.00000 0.54022
4345936.50000 0.55033
4363001.50000 0.53978
4382121.00000 0.54205
4401408.50000 0.55477
4420866.50000 0.56928
4440497.50000 0.57548
4458315.00000 0.57328
4478280.50000 0.57881
4498425.50000 0.55404
4518753.00000 0.54991
4537205.00000 0.55117
4557885.00000 0.54779
4578754.50000 0.54823
4599816.00000 0.57042
4621072.00000 0.59189
4640371.00000 0.5992
4662004.50000 0.62448
4683840.50000 0.61801
4705882.50000 0.61402
4728132.50000 0.59609
4748338.00000 0.59431
4770992.50000 0.57407
4793864.00000 0.57422
4816955.50000 0.56672
4837929.50000 0.58706
4861448.50000 0.60866
4885198.00000 0.6244
4909180.00000 0.63158
4933399.00000 0.62554
4955401.50000 0.62867
4980079.50000 0.62821
5005005.00000 0.63535
5030181.00000 0.63911
5055611.50000 0.63523
5078720.00000 0.62544
5104645.00000 0.64178
5130836.50000 0.65917
5157297.50000 0.64811
5181347.00000 0.66172
5208333.50000 0.67057
5235602.00000 0.65462
5263158.00000 0.66403
5291005.50000 0.69016
5316321.00000 0.73207
5344735.50000 0.72943
5373455.00000 0.74458
5402485.00000 0.76016
5431830.50000 0.75129
5458515.50000 0.75642
5488474.00000 0.73704
5518764.00000 0.73503
5549389.50000 0.75848
5577245.00000 0.74298
5608525.00000 0.77443
5640158.00000 0.83959
5672149.50000 0.85941
5704506.50000 0.88025
5733945.00000 0.88184
5767012.50000 0.87001
5800464.00000 0.85624
5834305.50000 0.87827
5865102.50000 0.87855
5899705.00000 0.9266
5934718.00000 0.97338
5970149.50000 0.95633
6006006.00000 0.97146
6038647.50000 0.99422
6075334.00000 1.0
6112469.50000 0.4382
6150061.50000 0.24551
6188119.00000 0.16527
6222775.50000 0.12126
6261741.00000 0.095505
6301197.00000 0.074838
6341154.00000 0.060805
6377551.00000 0.050165
6418485.00000 0.042153
6459948.50000 0.034923
6501950.50000 0.02879
6544502.50000 0.024413
6583278.50000 0.022513
6626905.00000 0.01973
6671114.00000 0.017073
6715916.50000 0.016113
6761325.00000 0.014671
6802721.00000 0.0131
6849315.00000 0.011798
6896551.50000 0.010347
6944444.50000 0.0089128
6988120.00000 0.00795
7037297.50000 0.0072693
7087172.00000 0.006937
7137758.50000 0.0060628
7189072.50000 0.0057094
7235890.00000 0.0050129
7288629.50000 0.0049217
7342144.00000 0.0045318
7396449.50000 0.004135
7451565.00000 0.003964
7501875.50000 0.0037066
7558579.00000 0.0031747
7616146.00000 0.0029579
7674597.00000 0.0028856
7727975.50000 0.0026139
7788162.00000 0.002255
7849293.50000 0.0021884
7911392.50000 0.002017
7974481.50000 0.0020202
8032128.50000 0.0018663
8097166.00000 0.0017782
8163265.50000 0.0016575
8230452.50000 0.0016671
8298755.00000 0.0015419
8361204.00000 0.0015519
8431703.00000 0.001441
8503401.00000 0.0012805
8576329.00000 0.0011617
8643042.00000 0.00101
8718396.00000 0.00096393
8795075.00000 0.00091276
8873114.00000 0.0009159
8952552.00000 0.00076164
9025271.00000 0.00073563
9107468.00000 0.00070837
9191176.00000 0.00073273
10110294.00000 0.0
