threeML/data/optical_filters/Herschel/SPIRE-PSW.ecsv
# %ECSV 0.9
# ---
# datatype:
# - {name: wavelength, unit: Angstrom, datatype: float32}
# - {name: response, datatype: float32}
# meta: !!omap
# - {band_name: PSW}
# - {group_name: SPIRE}
wavelength response
1500000.12500 0.0
1666666.75000 0.00048938
1669449.12500 0.00038007
1672240.75000 0.00027077
1674761.25000 0.00015634
1677570.87500 2.4249e-05
1694340.87500 0.00010249
1697216.62500 0.00026462
1699813.00000 0.00043033
1702707.25000 0.0005959
1705611.50000 0.00060557
1708525.50000 0.00060088
1711449.62500 0.00061245
1714089.75000 0.00065524
1717033.00000 0.00069802
1719986.25000 0.00085143
1722949.75000 0.001039
1725625.50000 0.0011566
1728608.50000 0.00097348
1731601.75000 0.00079018
1734605.37500 0.00058872
1737619.50000 0.00037568
1740341.12500 0.00017026
1743375.25000 0.00016147
1746419.75000 0.00015282
1749475.25000 0.00018784
1752541.25000 0.00027385
1755309.75000 0.00035985
1758396.25000 0.00030212
1761493.75000 0.00022593
1764602.12500 0.00015824
1767409.00000 0.00010908
1770538.25000 6e-05
1773678.62500 0.00029524
1776830.12500 0.00063297
1779992.87500 0.00092982
1782849.00000 0.0010127
1786033.25000 0.0010955
1789228.75000 0.0008504
1792435.87500 0.00037158
1805054.25000 0.00017656
1808318.25000 0.00082462
1811266.12500 0.0014725
1814552.75000 0.0016396
1817851.25000 0.0017275
1821161.87500 0.0016762
1824484.62500 0.0012686
1827485.37500 0.00086154
1830831.25000 0.00083385
1834189.25000 0.00096425
1837559.75000 0.0011111
1840942.62500 0.0013666
1843997.75000 0.001622
1847404.37500 0.0019018
1850823.62500 0.0021993
1854255.50000 0.0024982
1857355.12500 0.0029333
1860811.25000 0.0033714
1864280.37500 0.003578
1867762.37500 0.0034418
1871257.50000 0.0033055
1874414.25000 0.0031179
1877934.25000 0.0029172
1881467.50000 0.0028293
1885014.12500 0.0030725
1888574.12500 0.0033143
1891789.62500 0.0035311
1895375.25000 0.0037333
1898974.62500 0.0039077
1902587.50000 0.0038242
1905851.00000 0.0037407
1909490.25000 0.0035824
1913143.25000 0.0033553
1916810.37500 0.0031282
1920491.62500 0.0034447
1923816.87500 0.0037919
1927525.12500 0.004211
1931247.62500 0.0047531
1934984.50000 0.0052938
1938360.12500 0.0056278
1942124.75000 0.0059092
1945903.87500 0.0062374
1949697.75000 0.0067355
1953506.50000 0.0072322
1956947.25000 0.0080234
1960784.25000 0.0089729
1964636.50000 0.009896
1968503.87500 0.010459
1972386.62500 0.011023
1975894.12500 0.011745
1979806.00000 0.01263
1983733.37500 0.013514
1987676.37500 0.014974
1991238.62500 0.016498
1995211.50000 0.018154
1999200.25000 0.020073
2003205.12500 0.022007
2007226.00000 0.024762
2010858.62500 0.027766
2014910.25000 0.031048
2018978.37500 0.035458
2023062.87500 0.039883
2027164.00000 0.044923
2030869.25000 0.050344
2035002.00000 0.055897
2039151.75000 0.064527
2043318.25000 0.073158
2047082.87500 0.083048
2051282.12500 0.094344
2055498.50000 0.10566
2059732.25000 0.12149
2063983.50000 0.13786
2067824.62500 0.15707
2072109.37500 0.18212
2076412.00000 0.20718
2080732.37500 0.23399
2085070.87500 0.26154
2088991.00000 0.2885
2093364.00000 0.31311
2097755.50000 0.33788
2102165.25000 0.36601
2106150.00000 0.39648
2110595.25000 0.42711
2115059.25000 0.46535
2119542.25000 0.50359
2124044.25000 0.53714
2128112.50000 0.56469
2132651.00000 0.59209
2137208.75000 0.60073
2141786.25000 0.6063
2146383.25000 0.61245
2150537.50000 0.62022
2155172.50000 0.62784
2159827.25000 0.63648
2164502.25000 0.64557
2168727.00000 0.65421
2173440.50000 0.66022
2178174.75000 0.66623
2182929.50000 0.6693
2187705.00000 0.67018
2192021.00000 0.67092
2196836.50000 0.6819
2201673.25000 0.69289
2206531.25000 0.69905
2210922.00000 0.69788
2215821.00000 0.6967
2220741.75000 0.69187
2225684.50000 0.6863
2230649.00000 0.68176
2235136.25000 0.68088
2240143.50000 0.67985
2245173.00000 0.69553
2250225.00000 0.71912
2255300.00000 0.74139
2259887.00000 0.75355
2265005.75000 0.76586
2270147.50000 0.76659
2275313.00000 0.75736
2279981.75000 0.74813
2285192.00000 0.7452
2290426.00000 0.74271
2295684.00000 0.74989
2300966.50000 0.77319
2305741.25000 0.79648
2311070.00000 0.81216
2316423.50000 0.82593
2321801.75000 0.83751
2327205.00000 0.84117
2332089.50000 0.84484
2337541.00000 0.84601
2343017.75000 0.84586
2348520.50000 0.8463
2353495.00000 0.85333
2359047.00000 0.86051
2364625.25000 0.86022
2370230.00000 0.85245
2375861.25000 0.84484
2380952.50000 0.84454
2386634.75000 0.84498
2392344.50000 0.85084
2398081.50000 0.86725
2403846.25000 0.88352
2409058.00000 0.89788
2414875.50000 0.91165
2420721.50000 0.91927
2426595.50000 0.90183
2431906.50000 0.8844
2437835.25000 0.86901
2443792.75000 0.85495
2449779.50000 0.84205
2455795.75000 0.85201
2461235.50000 0.86198
2467308.25000 0.87619
2473410.75000 0.89509
2479543.75000 0.91399
2485707.25000 0.91004
2491280.50000 0.90344
2497502.50000 0.89495
2503755.50000 0.88234
2510040.25000 0.86974
2515723.25000 0.87179
2522068.00000 0.87897
2528445.00000 0.88601
2534854.25000 0.89348
2541296.00000 0.90095
2547121.75000 0.90491
2553626.00000 0.90667
2560164.00000 0.90857
2566735.00000 0.91868
2573340.25000 0.92879
2579314.00000 0.93905
2585984.00000 0.94945
2592688.50000 0.95985
2599428.00000 0.95136
2605523.75000 0.93993
2612330.25000 0.92703
2619172.25000 0.91033
2626050.50000 0.89363
2632964.75000 0.89963
2639218.75000 0.91458
2646202.75000 0.93158
2653223.75000 0.96615
2660282.00000 0.99253
2666666.75000 1.0
2673796.75000 0.98886
2680965.00000 0.96498
2688172.00000 0.9304
2695417.75000 0.90388
2701972.50000 0.89465
2709293.00000 0.88469
2716653.00000 0.90095
2724053.50000 0.91678
2731494.00000 0.92205
2738225.50000 0.93187
2745744.00000 0.9307
2753304.00000 0.91883
2760905.50000 0.89832
2767783.00000 0.88337
2775465.00000 0.87678
2783189.50000 0.87531
2790957.25000 0.85773
2798768.50000 0.84425
2805836.00000 0.82696
2813731.00000 0.79941
2821670.50000 0.7644
2829654.75000 0.7411
2837684.50000 0.68864
2844950.25000 0.68073
2853067.00000 0.72601
2861230.25000 0.66256
2869440.50000 0.66857
2876870.00000 0.63575
2885170.25000 0.58637
2893518.50000 0.51985
2901915.25000 0.45582
2910361.00000 0.3833
2918004.00000 0.32205
2926543.75000 0.26784
2935133.50000 0.21744
2943774.00000 0.12478
2952465.25000 0.056322
2960331.50000 0.030901
2969121.00000 0.018549
2977963.00000 0.011514
2986857.75000 0.0074286
2994908.75000 0.006044
3003905.00000 0.0050696
3012955.75000 0.004589
3022061.00000 0.0043473
3031221.50000 0.0041538
3039513.75000 0.0039458
3048780.50000 0.0037407
3058104.00000 0.0034403
3067484.75000 0.0031106
3076923.00000 0.0027985
3085467.50000 0.0024381
3095017.00000 0.0021729
3104626.00000 0.0019311
3114294.50000 0.0017114
3123048.00000 0.0015048
3132832.00000 0.0013002
3142677.50000 0.0010923
3152585.00000 0.00091297
3162555.25000 0.00075897
3171582.50000 0.00062593
3181673.50000 0.00052527
3191829.00000 0.0004589
3202049.25000 0.00040396
3211303.75000 0.0003704
3221649.50000 0.000343
3232062.00000 0.00032059
3242542.25000 0.00029289
3253090.50000 0.00026593
3262642.75000 0.00023722
3273322.50000 0.00021436
3284072.25000 0.0001915
3294893.00000 0.0001707
3305785.00000 0.00015751
3315650.00000 0.00014548
3326680.00000 0.00013541
3337783.75000 0.00012778
3348961.75000 0.00012015
3359086.25000 0.00011149
3370407.75000 0.00010262
3707448.50000 0.0
