threeML/data/optical_filters/Herschel/SPIRE-PSW_ext.ecsv
# %ECSV 0.9
# ---
# datatype:
# - {name: wavelength, unit: Angstrom, datatype: float32}
# - {name: response, datatype: float32}
# meta: !!omap
# - {band_name: PSW_ext}
# - {group_name: SPIRE}
wavelength response
1500000.12500 0.0
1666666.75000 0.00019116
1669449.12500 0.00014896
1672240.75000 0.00010648
1674761.25000 6.1664e-05
1694340.87500 4.1376e-05
1697216.62500 0.00010719
1699813.00000 0.00017485
1702707.25000 0.00024295
1705611.50000 0.00024773
1708525.50000 0.00024666
1711449.62500 0.00025227
1714089.75000 0.00027073
1717033.00000 0.00028939
1719986.25000 0.00035421
1722949.75000 0.00043372
1725625.50000 0.00048434
1728608.50000 0.00040906
1731601.75000 0.00033319
1734605.37500 0.0002491
1737619.50000 0.00015951
1740341.12500 7.2516e-05
1743375.25000 6.9012e-05
1746419.75000 6.5545e-05
1749475.25000 8.0847e-05
1752541.25000 0.00011828
1755309.75000 0.00015592
1758396.25000 0.00013137
1761493.75000 9.8584e-05
1764602.12500 6.9291e-05
1767409.00000 4.7918e-05
1770538.25000 2.645e-05
1773678.62500 0.00013061
1776830.12500 0.00028102
1779992.87500 0.00041428
1782849.00000 0.00045268
1786033.25000 0.00049144
1789228.75000 0.00038284
1792435.87500 0.00016788
1805054.25000 8.0896e-05
1808318.25000 0.0003792
1811266.12500 0.00067935
1814552.75000 0.00075915
1817851.25000 0.00080277
1821161.87500 0.00078178
1824484.62500 0.00059382
1827485.37500 0.00040462
1830831.25000 0.00039305
1834189.25000 0.00045618
1837559.75000 0.00052757
1840942.62500 0.0006513
1843997.75000 0.00077558
1847404.37500 0.00091276
1850823.62500 0.0010594
1854255.50000 0.0012079
1857355.12500 0.001423
1860811.25000 0.0016417
1864280.37500 0.0017488
1867762.37500 0.0016884
1871257.50000 0.0016277
1874414.25000 0.0015405
1877934.25000 0.0014467
1881467.50000 0.0014084
1885014.12500 0.0015353
1888574.12500 0.0016623
1891789.62500 0.0017771
1895375.25000 0.001886
1898974.62500 0.0019816
1902587.50000 0.0019467
1905851.00000 0.0019107
1909490.25000 0.0018368
1913143.25000 0.001727
1916810.37500 0.0016163
1920491.62500 0.0017866
1923816.87500 0.0019736
1927525.12500 0.0022001
1931247.62500 0.002493
1934984.50000 0.0027873
1938360.12500 0.0029735
1942124.75000 0.0031343
1945903.87500 0.0033213
1949697.75000 0.0036006
1953506.50000 0.0038812
1956947.25000 0.004321
1960784.25000 0.0048513
1964636.50000 0.0053714
1968503.87500 0.0056991
1972386.62500 0.0060302
1975894.12500 0.0064483
1979806.00000 0.0069617
1983733.37500 0.0074782
1987676.37500 0.0083196
1991238.62500 0.0091991
1995211.50000 0.010163
1999200.25000 0.011282
2003205.12500 0.012419
2007226.00000 0.014029
2010858.62500 0.015788
2014910.25000 0.017726
2018978.37500 0.020325
2023062.87500 0.022954
2027164.00000 0.02596
2030869.25000 0.0292
2035002.00000 0.032552
2039151.75000 0.037732
2043318.25000 0.042953
2047082.87500 0.04894
2051282.12500 0.055825
2055498.50000 0.062775
2059732.25000 0.072484
2063983.50000 0.082588
2067824.62500 0.094446
2072109.37500 0.10997
2076412.00000 0.12561
2080732.37500 0.14246
2085070.87500 0.1599
2088991.00000 0.17704
2093364.00000 0.19295
2097755.50000 0.20909
2102165.25000 0.22745
2106150.00000 0.24732
2110595.25000 0.26755
2115059.25000 0.29274
2119542.25000 0.31814
2124044.25000 0.34078
2128112.50000 0.35963
2132651.00000 0.37869
2137208.75000 0.38587
2141786.25000 0.39111
2146383.25000 0.39678
2150537.50000 0.40337
2155172.50000 0.41009
2159827.25000 0.41753
2164502.25000 0.42532
2168727.00000 0.4327
2173440.50000 0.43858
2178174.75000 0.4445
2182929.50000 0.4485
2187705.00000 0.45106
2192021.00000 0.45334
2196836.50000 0.46279
2201673.25000 0.47232
2206531.25000 0.47862
2210922.00000 0.47972
2215821.00000 0.48104
2220741.75000 0.47982
2225684.50000 0.47808
2230649.00000 0.47704
2235136.25000 0.47834
2240143.50000 0.47977
2245173.00000 0.49304
2250225.00000 0.51205
2255300.00000 0.5303
2259887.00000 0.54119
2265005.75000 0.55252
2270147.50000 0.55557
2275313.00000 0.55138
2279981.75000 0.54689
2285192.00000 0.54724
2290426.00000 0.54792
2295684.00000 0.55576
2300966.50000 0.57566
2305741.25000 0.59547
2311070.00000 0.61
2316423.50000 0.62322
2321801.75000 0.6349
2327205.00000 0.64064
2332089.50000 0.64614
2337541.00000 0.65006
2343017.75000 0.653
2348520.50000 0.65641
2353495.00000 0.66467
2359047.00000 0.67343
2364625.25000 0.67639
2370230.00000 0.67346
2375861.25000 0.67062
2380952.50000 0.67326
2386634.75000 0.67683
2392344.50000 0.68479
2398081.50000 0.70135
2403846.25000 0.71794
2409058.00000 0.73278
2414875.50000 0.74762
2420721.50000 0.75752
2426595.50000 0.74676
2431906.50000 0.73553
2437835.25000 0.72627
2443792.75000 0.71801
2449779.50000 0.71065
2455795.75000 0.72259
2461235.50000 0.73429
2467308.25000 0.75008
2473410.75000 0.77006
2479543.75000 0.79022
2485707.25000 0.79072
2491280.50000 0.78851
2497502.50000 0.785
2503755.50000 0.77783
2510040.25000 0.77058
2515723.25000 0.77589
2522068.00000 0.78623
2528445.00000 0.79654
2534854.25000 0.80733
2541296.00000 0.81823
2547121.75000 0.82559
2553626.00000 0.83143
2560164.00000 0.83745
2566735.00000 0.85112
2573340.25000 0.86492
2579314.00000 0.87853
2585984.00000 0.89287
2592688.50000 0.90734
2599428.00000 0.90398
2605523.75000 0.89732
2612330.25000 0.88964
2619172.25000 0.87819
2626050.50000 0.86661
2632964.75000 0.87704
2639218.75000 0.89585
2646202.75000 0.91733
2653223.75000 0.95644
2660282.00000 0.98778
2666666.75000 1.0
2673796.75000 0.99416
2680965.00000 0.97536
2688172.00000 0.94547
2695417.75000 0.92348
2701972.50000 0.9185
2709293.00000 0.9132
2716653.00000 0.93505
2724053.50000 0.95666
2731494.00000 0.96743
2738225.50000 0.98255
2745744.00000 0.98671
2753304.00000 0.9795
2760905.50000 0.96293
2767783.00000 0.95163
2775465.00000 0.94978
2783189.50000 0.95348
2790957.25000 0.93955
2798768.50000 0.92997
2805836.00000 0.91553
2813731.00000 0.89002
2821670.50000 0.85584
2829654.75000 0.83446
2837684.50000 0.7798
2844950.25000 0.7748
2853067.00000 0.83105
2861230.25000 0.76277
2869440.50000 0.77411
2876870.00000 0.73993
2885170.25000 0.6864
2893518.50000 0.61206
2901915.25000 0.5398
2910361.00000 0.45655
2918004.00000 0.38562
2926543.75000 0.32259
2935133.50000 0.26342
2943774.00000 0.15206
2952465.25000 0.069042
2960331.50000 0.038082
2969121.00000 0.022996
2977963.00000 0.014359
2986857.75000 0.0093196
2994908.75000 0.0076234
3003905.00000 0.0064329
3012955.75000 0.0058582
3022061.00000 0.0055832
3031221.50000 0.0053672
3039513.75000 0.0051263
3048780.50000 0.0048895
3058104.00000 0.0045244
3067484.75000 0.004116
3076923.00000 0.0037259
3085467.50000 0.003264
3095017.00000 0.002927
3104626.00000 0.0026175
3114294.50000 0.0023341
3123048.00000 0.0020639
3132832.00000 0.0017945
3142677.50000 0.0015171
3152585.00000 0.001276
3162555.25000 0.0010675
3171582.50000 0.00088541
3181673.50000 0.00074776
3191829.00000 0.00065745
3202049.25000 0.00058244
3211303.75000 0.00053716
3221649.50000 0.00050063
3232062.00000 0.00047094
3242542.25000 0.00043306
3253090.50000 0.00039576
3262642.75000 0.0003551
3273322.50000 0.00032298
3284072.25000 0.00029044
3294893.00000 0.0002606
3305785.00000 0.00024206
3315650.00000 0.00022491
3326680.00000 0.00021074
3337783.75000 0.00020019
3348961.75000 0.00018949
3359086.25000 0.0001769
3370407.75000 0.00016393
3381806.00000 0.00014994
3393281.25000 0.00013812
3404835.00000 0.00012968
3415300.50000 0.00012185
3427004.75000 0.00011649
3438789.50000 0.00011232
3450655.50000 0.00010694
3462604.00000 9.884e-05
3473428.25000 8.9764e-05
3485535.00000 8.1004e-05
3834088.50000 0.0
