threeML/data/optical_filters/Herschel/SPIRE-PMW.ecsv
# %ECSV 0.9
# ---
# datatype:
# - {name: wavelength, unit: Angstrom, datatype: float32}
# - {name: response, datatype: float32}
# meta: !!omap
# - {band_name: PMW}
# - {group_name: SPIRE}
wavelength response
1795690.37500 0.0
1995211.50000 2.259e-05
1999200.25000 1.5957e-05
2047082.87500 1.0945e-05
2255300.00000 1.3204e-05
2259887.00000 1.1843e-05
2265005.75000 1.0698e-05
2270147.50000 1.4258e-05
2370230.00000 1.1827e-05
2375861.25000 1.4692e-05
2380952.50000 1.1331e-05
2386634.75000 1.3424e-05
2392344.50000 1.1947e-05
2398081.50000 1.6653e-05
2403846.25000 1.3609e-05
2409058.00000 1.9582e-05
2414875.50000 1.8126e-05
2420721.50000 1.6511e-05
2426595.50000 1.2826e-05
2431906.50000 1.201e-05
2437835.25000 1.4572e-05
2443792.75000 1.3283e-05
2449779.50000 1.993e-05
2455795.75000 1.5569e-05
2461235.50000 1.3383e-05
2467308.25000 1.2118e-05
2473410.75000 2.2242e-05
2479543.75000 2.2843e-05
2485707.25000 1.6416e-05
2491280.50000 1.993e-05
2497502.50000 2.2637e-05
2503755.50000 1.9661e-05
2510040.25000 1.6084e-05
2515723.25000 1.8886e-05
2522068.00000 2.365e-05
2528445.00000 1.925e-05
2534854.25000 3.3592e-05
2541296.00000 4.4404e-05
2547121.75000 4.8678e-05
2553626.00000 5.9617e-05
2560164.00000 6.2846e-05
2566735.00000 6.5696e-05
2573340.25000 8.9362e-05
2579314.00000 0.00010915
2585984.00000 0.00011602
2592688.50000 0.00012134
2599428.00000 0.00014413
2605523.75000 0.00015894
2612330.25000 0.00019218
2619172.25000 0.00023128
2626050.50000 0.0002726
2632964.75000 0.000325
2639218.75000 0.00040209
2646202.75000 0.00048092
2653223.75000 0.00060551
2660282.00000 0.0007426
2666666.75000 0.00090977
2673796.75000 0.0011265
2680965.00000 0.0014203
2688172.00000 0.0017508
2695417.75000 0.0021703
2701972.50000 0.0026627
2709293.00000 0.0031107
2716653.00000 0.0035808
2724053.50000 0.0041175
2731494.00000 0.0046858
2738225.50000 0.0053411
2745744.00000 0.0062023
2753304.00000 0.0071015
2760905.50000 0.0080149
2767783.00000 0.0091183
2775465.00000 0.010388
2783189.50000 0.011572
2790957.25000 0.012775
2798768.50000 0.01413
2805836.00000 0.015805
2813731.00000 0.017113
2821670.50000 0.019107
2829654.75000 0.021577
2837684.50000 0.023603
2844950.25000 0.028178
2853067.00000 0.036568
2861230.25000 0.040541
2869440.50000 0.052113
2876870.00000 0.062783
2885170.25000 0.077014
2893518.50000 0.091832
2901915.25000 0.1091
2910361.00000 0.12661
2918004.00000 0.14884
2926543.75000 0.18173
2935133.50000 0.2278
2943774.00000 0.28558
2952465.25000 0.35428
2960331.50000 0.4271
2969121.00000 0.4985
2977963.00000 0.54868
2986857.75000 0.5824
2994908.75000 0.61042
3003905.00000 0.63796
3012955.75000 0.65822
3022061.00000 0.67136
3031221.50000 0.69289
3039513.75000 0.69701
3048780.50000 0.69099
3058104.00000 0.68688
3067484.75000 0.68783
3076923.00000 0.69653
3085467.50000 0.68656
3095017.00000 0.71189
3104626.00000 0.73389
3114294.50000 0.74608
3123048.00000 0.74941
3132832.00000 0.76207
3142677.50000 0.77268
3152585.00000 0.76112
3162555.25000 0.75447
3171582.50000 0.74687
3181673.50000 0.72772
3191829.00000 0.72392
3202049.25000 0.73199
3211303.75000 0.77157
3221649.50000 0.81399
3232062.00000 0.86338
3242542.25000 0.87795
3253090.50000 0.89077
3262642.75000 0.86069
3273322.50000 0.85151
3284072.25000 0.8265
3294893.00000 0.81479
3305785.00000 0.82492
3315650.00000 0.84502
3326680.00000 0.85357
3337783.75000 0.8789
3348961.75000 0.88887
3359086.25000 0.89315
3370407.75000 0.89346
3381806.00000 0.89077
3393281.25000 0.87842
3404835.00000 0.877
3415300.50000 0.87826
3427004.75000 0.88428
3438789.50000 0.90913
3450655.50000 0.91547
3462604.00000 0.89884
3473428.25000 0.86987
3485535.00000 0.86592
3497726.50000 0.84565
3510003.50000 0.85104
3521126.75000 0.88729
3533569.00000 0.93605
3546099.25000 0.98464
3558719.00000 0.99098
3571428.50000 1.0
3582945.25000 0.98211
3595828.75000 0.93209
3608805.50000 0.90723
3621876.00000 0.89789
3635041.75000 0.89647
3646973.00000 0.91436
3660322.00000 0.92132
3673769.25000 0.95124
3687315.50000 0.95662
3699593.00000 0.96834
3713331.00000 0.98053
3727171.00000 0.99573
3741115.00000 0.98259
3755163.25000 0.96644
3767897.50000 0.9571
3782148.25000 0.95298
3796507.25000 0.94998
3810975.50000 0.94602
3825554.75000 0.94618
3838771.50000 0.96517
3853564.50000 0.94428
3868472.00000 0.9218
3883495.00000 0.89758
3897116.00000 0.88776
3912363.00000 0.87478
3927729.75000 0.87716
3943217.75000 0.85056
3958828.25000 0.82175
3972983.75000 0.75511
3988831.25000 0.70112
4004805.75000 0.61263
4020908.75000 0.54029
4037141.75000 0.46019
4051864.00000 0.40652
4068348.25000 0.33845
4084967.25000 0.29429
4101722.75000 0.25708
4116920.50000 0.22147
4133939.50000 0.18284
4151100.00000 0.15139
4168403.50000 0.073896
4185851.75000 0.034558
4201680.50000 0.02031
4219409.50000 0.01335
4237288.00000 0.0094349
4255319.00000 0.0067184
4271679.00000 0.0050958
4290004.50000 0.0040241
4308487.50000 0.0031455
4327131.00000 0.0024379
4345936.50000 0.0019693
4363001.50000 0.0015925
4382121.00000 0.0013209
4401408.50000 0.0011581
4420866.50000 0.0010431
4440497.50000 0.00091547
4458315.00000 0.00079262
4478280.50000 0.00068925
4498425.50000 0.00057939
4518753.00000 0.00050451
4537205.00000 0.00044831
4557885.00000 0.00041966
4578754.50000 0.00040541
4599816.00000 0.00039782
4621072.00000 0.0003804
4640371.00000 0.00035713
4662004.50000 0.00033972
4683840.50000 0.00031154
4705882.50000 0.00028305
4728132.50000 0.0002479
5200946.00000 0.0
