threeML/data/optical_filters/Herschel/SPIRE-PMW_ext.ecsv
# %ECSV 0.9
# ---
# datatype:
# - {name: wavelength, unit: Angstrom, datatype: float32}
# - {name: response, datatype: float32}
# meta: !!omap
# - {band_name: PMW_ext}
# - {group_name: SPIRE}
wavelength response
2269861.25000 0.0
2522068.00000 1.0577e-05
2534854.25000 1.5176e-05
2541296.00000 2.0162e-05
2547121.75000 2.2205e-05
2553626.00000 2.7333e-05
2560164.00000 2.8962e-05
2566735.00000 3.0431e-05
2573340.25000 4.1606e-05
2579314.00000 5.1055e-05
2585984.00000 5.455e-05
2592688.50000 5.7347e-05
2599428.00000 6.8475e-05
2605523.75000 7.5862e-05
2612330.25000 9.2209e-05
2619172.25000 0.00011155
2626050.50000 0.00013217
2632964.75000 0.00015841
2639218.75000 0.00019692
2646202.75000 0.00023677
2653223.75000 0.00029969
2660282.00000 0.0003695
2666666.75000 0.00045486
2673796.75000 0.00056623
2680965.00000 0.00071775
2688172.00000 0.00088955
2695417.75000 0.0011086
2701972.50000 0.0013667
2709293.00000 0.0016054
2716653.00000 0.0018581
2724053.50000 0.0021482
2731494.00000 0.0024581
2738225.50000 0.0028157
2745744.00000 0.0032876
2753304.00000 0.003785
2760905.50000 0.0042955
2767783.00000 0.0049112
2775465.00000 0.0056261
2783189.50000 0.0063023
2790957.25000 0.0069965
2798768.50000 0.007782
2805836.00000 0.0087484
2813731.00000 0.0095256
2821670.50000 0.010696
2829654.75000 0.012147
2837684.50000 0.013363
2844950.25000 0.016035
2853067.00000 0.020928
2861230.25000 0.023335
2869440.50000 0.030168
2876870.00000 0.036534
2885170.25000 0.045074
2893518.50000 0.054057
2901915.25000 0.064597
2910361.00000 0.075401
2918004.00000 0.089103
2926543.75000 0.10943
2935133.50000 0.13798
2943774.00000 0.174
2952465.25000 0.21713
2960331.50000 0.26316
2969121.00000 0.30898
2977963.00000 0.34211
2986857.75000 0.36531
2994908.75000 0.38495
3003905.00000 0.40474
3012955.75000 0.42012
3022061.00000 0.4311
3031221.50000 0.44762
3039513.75000 0.45275
3048780.50000 0.45158
3058104.00000 0.45164
3067484.75000 0.45504
3076923.00000 0.46364
3085467.50000 0.45955
3095017.00000 0.47946
3104626.00000 0.49735
3114294.50000 0.50876
3123048.00000 0.51391
3132832.00000 0.52587
3142677.50000 0.53655
3152585.00000 0.53186
3162555.25000 0.53055
3171582.50000 0.52821
3181673.50000 0.51795
3191829.00000 0.51854
3202049.25000 0.52768
3211303.75000 0.55943
3221649.50000 0.594
3232062.00000 0.63412
3242542.25000 0.64901
3253090.50000 0.66278
3262642.75000 0.64417
3273322.50000 0.64147
3284072.25000 0.62673
3294893.00000 0.62192
3305785.00000 0.63383
3315650.00000 0.65315
3326680.00000 0.66416
3337783.75000 0.68844
3348961.75000 0.70092
3359086.25000 0.70856
3370407.75000 0.71359
3381806.00000 0.71626
3393281.25000 0.71114
3404835.00000 0.71483
3415300.50000 0.72027
3427004.75000 0.73018
3438789.50000 0.75587
3450655.50000 0.7664
3462604.00000 0.75771
3473428.25000 0.73788
3485535.00000 0.73965
3497726.50000 0.7274
3510003.50000 0.73718
3521126.75000 0.77346
3533569.00000 0.82174
3546099.25000 0.87055
3558719.00000 0.88239
3571428.50000 0.8968
3582945.25000 0.88644
3595828.75000 0.84735
3608805.50000 0.83072
3621876.00000 0.82814
3635041.75000 0.83285
3646973.00000 0.85505
3660322.00000 0.86788
3673769.25000 0.90266
3687315.50000 0.91448
3699593.00000 0.93185
3713331.00000 0.9506
3727171.00000 0.97254
3741115.00000 0.9669
3755163.25000 0.95817
3767897.50000 0.95536
3782148.25000 0.95846
3796507.25000 0.9627
3810975.50000 0.96601
3825554.75000 0.97358
3838771.50000 1.0
3853564.50000 0.9859
3868472.00000 0.9699
3883495.00000 0.95176
3897116.00000 0.94797
3912363.00000 0.94143
3927729.75000 0.95142
3943217.75000 0.92986
3958828.25000 0.90549
3972983.75000 0.83801
3988831.25000 0.78433
4004805.75000 0.69083
4020908.75000 0.61416
4037141.75000 0.52734
4051864.00000 0.46925
4068348.25000 0.39386
4084967.25000 0.34527
4101722.75000 0.3041
4116920.50000 0.26391
4133939.50000 0.21969
4151100.00000 0.18341
4168403.50000 0.090275
4185851.75000 0.042572
4201680.50000 0.02521
4219409.50000 0.01671
4237288.00000 0.01191
4255319.00000 0.0085534
4271679.00000 0.0065376
4290004.50000 0.005207
4308487.50000 0.0041053
4327131.00000 0.0032094
4345936.50000 0.0026151
4363001.50000 0.0021314
4382121.00000 0.0017834
4401408.50000 0.0015775
4420866.50000 0.0014333
4440497.50000 0.0012692
4458315.00000 0.0011077
4478280.50000 0.00097187
4498425.50000 0.00082433
4518753.00000 0.0007243
4537205.00000 0.00064889
4557885.00000 0.00061297
4578754.50000 0.00059759
4599816.00000 0.0005918
4621072.00000 0.00057113
4640371.00000 0.00054068
4662004.50000 0.00051913
4683840.50000 0.00048054
4705882.50000 0.00044071
4728132.50000 0.00038965
5200946.00000 0.0
