threeML/data/optical_filters/Herschel/SPIRE-PLW.ecsv
# %ECSV 0.9
# ---
# datatype:
# - {name: wavelength, unit: Angstrom, datatype: float32}
# - {name: response, datatype: float32}
# meta: !!omap
# - {band_name: PLW}
# - {group_name: SPIRE}
wavelength response
3014065.50000 0.0
3348961.75000 1.0175e-05
3359086.25000 1.0044e-05
3370407.75000 1.3223e-05
3381806.00000 1.3377e-05
3393281.25000 2.2469e-05
3404835.00000 2.6388e-05
3415300.50000 1.886e-05
3427004.75000 2.6192e-05
3438789.50000 4.9804e-05
3450655.50000 5.5927e-05
3462604.00000 6.8844e-05
3473428.25000 0.00011014
3485535.00000 0.00014397
3497726.50000 0.00018289
3510003.50000 0.00027825
3521126.75000 0.00043321
3533569.00000 0.00057985
3546099.25000 0.00064321
3558719.00000 0.00078576
3571428.50000 0.00097828
3582945.25000 0.00094399
3595828.75000 0.00079311
3608805.50000 0.00084291
3621876.00000 0.00097061
3635041.75000 0.0011086
3646973.00000 0.0012882
3660322.00000 0.0012002
3673769.25000 0.0011912
3687315.50000 0.0011858
3699593.00000 0.0013261
3713331.00000 0.0012911
3727171.00000 0.0014148
3741115.00000 0.0015196
3755163.25000 0.0018436
3767897.50000 0.0025506
3782148.25000 0.0029686
3796507.25000 0.0035843
3810975.50000 0.0041411
3825554.75000 0.0054229
3838771.50000 0.0066411
3853564.50000 0.0081303
3868472.00000 0.010333
3883495.00000 0.013049
3897116.00000 0.016378
3912363.00000 0.021408
3927729.75000 0.028756
3943217.75000 0.037835
3958828.25000 0.048873
3972983.75000 0.062802
3988831.25000 0.081352
4004805.75000 0.10359
4020908.75000 0.13142
4037141.75000 0.16933
4051864.00000 0.21457
4068348.25000 0.27286
4084967.25000 0.35728
4101722.75000 0.45983
4116920.50000 0.5774
4133939.50000 0.67391
4151100.00000 0.7549
4168403.50000 0.82903
4185851.75000 0.85385
4201680.50000 0.87198
4219409.50000 0.89484
4237288.00000 0.92031
4255319.00000 0.93697
4271679.00000 0.95934
4290004.50000 0.97191
4308487.50000 0.99184
4327131.00000 0.98857
4345936.50000 0.99837
4363001.50000 0.97159
4382121.00000 0.96718
4401408.50000 0.98122
4420866.50000 0.99804
4440497.50000 1.0
4458315.00000 0.98824
4478280.50000 0.9889
4498425.50000 0.93811
4518753.00000 0.92276
4537205.00000 0.91737
4557885.00000 0.90349
4578754.50000 0.89598
4599816.00000 0.92374
4621072.00000 0.94971
4640371.00000 0.95346
4662004.50000 0.98449
4683840.50000 0.96522
4705882.50000 0.95003
4728132.50000 0.91362
4748338.00000 0.90317
4770992.50000 0.86414
4793864.00000 0.85614
4816955.50000 0.83687
4837929.50000 0.85941
4861448.50000 0.88243
4885198.00000 0.89647
4909180.00000 0.89794
4933399.00000 0.88063
4955401.50000 0.8772
4980079.50000 0.8679
5005005.00000 0.86904
5030181.00000 0.86545
5055611.50000 0.85157
5078720.00000 0.83083
5104645.00000 0.84389
5130836.50000 0.85794
5157297.50000 0.83491
5181347.00000 0.84455
5208333.50000 0.847
5235602.00000 0.81826
5263158.00000 0.82136
5291005.50000 0.84471
5316321.00000 0.88749
5344735.50000 0.87492
5373455.00000 0.88357
5402485.00000 0.89239
5431830.50000 0.87247
5458515.50000 0.86986
5488474.00000 0.83834
5518764.00000 0.82691
5549389.50000 0.84389
5577245.00000 0.81842
5608525.00000 0.84357
5640158.00000 0.90431
5672149.50000 0.91525
5704506.50000 0.92685
5733945.00000 0.91901
5767012.50000 0.89631
5800464.00000 0.87198
5834305.50000 0.88406
5865102.50000 0.87508
5899705.00000 0.91215
5934718.00000 0.94693
5970149.50000 0.91933
6006006.00000 0.92276
6038647.50000 0.93419
6075334.00000 0.92831
6112469.50000 0.40186
6150061.50000 0.2224
6188119.00000 0.14788
6222775.50000 0.1073
6261741.00000 0.083459
6301197.00000 0.064582
6341154.00000 0.051813
6377551.00000 0.04226
6418485.00000 0.035059
6459948.50000 0.028674
6501950.50000 0.023334
6544502.50000 0.01953
6583278.50000 0.017799
6626905.00000 0.015394
6671114.00000 0.013145
6715916.50000 0.01224
6761325.00000 0.010996
6802721.00000 0.0096995
6849315.00000 0.0086169
6896551.50000 0.0074543
6944444.50000 0.0063325
6988120.00000 0.0055781
7037297.50000 0.0050294
7087172.00000 0.0047322
7137758.50000 0.0040774
7189072.50000 0.0037851
7235890.00000 0.0032805
7288629.50000 0.0031744
7342144.00000 0.0028805
7396449.50000 0.0025898
7451565.00000 0.0024461
7501875.50000 0.0022567
7558579.00000 0.001904
7616146.00000 0.0017472
7674597.00000 0.0016786
7727975.50000 0.0014997
7788162.00000 0.0012738
7849293.50000 0.001217
7911392.50000 0.0011042
7974481.50000 0.0010885
8032128.50000 0.00099118
8097166.00000 0.00092929
8163265.50000 0.00085222
8230452.50000 0.00084324
8298755.00000 0.00076715
8361204.00000 0.00076061
8431703.00000 0.00069448
8503401.00000 0.00060679
8576329.00000 0.00054115
8643042.00000 0.00046326
8718396.00000 0.00043452
8795075.00000 0.00040431
8873114.00000 0.0003986
8952552.00000 0.0003256
9025271.00000 0.00030944
9107468.00000 0.00029262
9191176.00000 0.00029719
10110294.00000 0.0
