threeML/data/optical_filters/GAIA/GAIA0-Gbp.ecsv
# %ECSV 0.9
# ---
# datatype:
# - {name: wavelength, unit: Angstrom, datatype: float32}
# - {name: response, datatype: float32}
# meta: !!omap
# - {band_name: Gbp}
# - {group_name: GAIA0}
wavelength response
3210.00000 0.0
3230.00000 1e-05
3250.00000 0.00026
3270.00000 0.003
3290.00000 0.01374
3310.00000 0.02834
3330.00000 0.04765
3350.00000 0.0719
3370.00000 0.08657
3390.00000 0.10262
3410.00000 0.10936
3430.00000 0.08752
3450.00000 0.11025
3470.00000 0.15604
3490.00000 0.16921
3510.00000 0.17201
3530.00000 0.17982
3550.00000 0.17716
3570.00000 0.17527
3590.00000 0.17711
3610.00000 0.17478
3630.00000 0.17042
3640.00000 0.16741
3650.00000 0.16577
3670.00000 0.16095
3690.00000 0.15415
3710.00000 0.14768
3730.00000 0.13995
3750.00000 0.13323
3770.00000 0.13042
3790.00000 0.12885
3810.00000 0.1335
3830.00000 0.14736
3850.00000 0.16424
3870.00000 0.18632
3890.00000 0.22089
3910.00000 0.25637
3930.00000 0.29814
3950.00000 0.33572
3970.00000 0.35964
3990.00000 0.38742
4010.00000 0.42767
4030.00000 0.46846
4050.00000 0.49131
4070.00000 0.503
4090.00000 0.51667
4110.00000 0.5456
4130.00000 0.56918
4150.00000 0.59016
4170.00000 0.608
4190.00000 0.61647
4210.00000 0.62755
4230.00000 0.6454
4250.00000 0.65563
4270.00000 0.66495
4290.00000 0.67335
4310.00000 0.68521
4330.00000 0.69804
4350.00000 0.70779
4370.00000 0.69995
4390.00000 0.69256
4410.00000 0.69737
4430.00000 0.7107
4450.00000 0.72723
4470.00000 0.74228
4490.00000 0.75344
4510.00000 0.75351
4530.00000 0.75582
4550.00000 0.75856
4570.00000 0.76688
4590.00000 0.78015
4610.00000 0.78569
4630.00000 0.78244
4650.00000 0.79062
4670.00000 0.8035
4690.00000 0.81474
4710.00000 0.81772
4730.00000 0.81693
4750.00000 0.80252
4770.00000 0.79824
4790.00000 0.7983
4810.00000 0.81167
4830.00000 0.83269
4850.00000 0.84317
4870.00000 0.84053
4890.00000 0.83336
4910.00000 0.83821
4930.00000 0.84914
4950.00000 0.85692
4970.00000 0.86128
4990.00000 0.86686
5010.00000 0.87038
5030.00000 0.86976
5050.00000 0.86967
5070.00000 0.87458
5090.00000 0.88301
5110.00000 0.89328
5130.00000 0.89049
5150.00000 0.89641
5170.00000 0.89638
5190.00000 0.89632
5210.00000 0.8995
5230.00000 0.90132
5250.00000 0.90893
5270.00000 0.90746
5290.00000 0.90234
5310.00000 0.89341
5330.00000 0.88392
5350.00000 0.87589
5370.00000 0.87273
5390.00000 0.88108
5410.00000 0.89498
5430.00000 0.90177
5450.00000 0.89922
5470.00000 0.89882
5490.00000 0.89324
5510.00000 0.89537
5530.00000 0.89703
5550.00000 0.89569
5570.00000 0.89328
5590.00000 0.89562
5610.00000 0.90638
5630.00000 0.91703
5650.00000 0.92415
5670.00000 0.92996
5690.00000 0.93399
5710.00000 0.93702
5730.00000 0.93732
5750.00000 0.93266
5770.00000 0.9277
5790.00000 0.93256
5810.00000 0.93815
5830.00000 0.94852
5850.00000 0.95241
5870.00000 0.96153
5890.00000 0.97181
5910.00000 0.97224
5930.00000 0.9728
5950.00000 0.96504
5970.00000 0.95322
5990.00000 0.94038
6010.00000 0.94352
6030.00000 0.9439
6050.00000 0.95674
6070.00000 0.97104
6090.00000 0.98591
6110.00000 0.99247
6130.00000 0.99045
6150.00000 0.98933
6170.00000 0.98617
6190.00000 0.97587
6210.00000 0.96579
6230.00000 0.95392
6250.00000 0.9412
6270.00000 0.94409
6290.00000 0.95462
6310.00000 0.97042
6330.00000 0.98349
6350.00000 0.98626
6370.00000 0.98331
6390.00000 0.98328
6410.00000 0.98303
6430.00000 0.99143
6450.00000 0.99285
6470.00000 1.0
6490.00000 0.99308
6510.00000 0.98317
6530.00000 0.93648
6550.00000 0.8399
6570.00000 0.69724
6590.00000 0.53676
6610.00000 0.38027
6630.00000 0.24045
6650.00000 0.13475
6670.00000 0.06175
6690.00000 0.02528
6710.00000 0.01097
6730.00000 0.00553
6750.00000 0.00329
6770.00000 0.00225
6790.00000 0.00171
6810.00000 0.00133
6830.00000 0.00094
6850.00000 0.00061
6870.00000 0.00033
6890.00000 0.00017
6910.00000 9e-05
6930.00000 5e-05
6950.00000 3e-05
6970.00000 2e-05
6990.00000 2e-05
7010.00000 2e-05
7030.00000 2e-05
7050.00000 2e-05
7070.00000 2e-05
7090.00000 1e-05
7110.00000 2e-05
7130.00000 1e-05
7150.00000 1e-05
7170.00000 1e-05
7190.00000 0.0
