threeML/data/optical_filters/TNG/DOLORES-I.ecsv
# %ECSV 0.9
# ---
# datatype:
# - {name: wavelength, unit: Angstrom, datatype: float32}
# - {name: response, datatype: float32}
# meta: !!omap
# - {band_name: I}
# - {group_name: DOLORES}
wavelength response
6282.00000 0.0
6980.00000 0.0051
7000.00000 0.0137
7020.00000 0.0271
7040.00000 0.0474
7060.00000 0.0761
7080.00000 0.1124
7100.00000 0.1562
7120.00000 0.206
7140.00000 0.2612
7160.00000 0.3198
7180.00000 0.3796
7200.00000 0.4385
7220.00000 0.496
7240.00000 0.5514
7260.00000 0.603
7280.00000 0.6502
7300.00000 0.6927
7320.00000 0.7311
7340.00000 0.763
7360.00000 0.7877
7380.00000 0.8196
7400.00000 0.8306
7420.00000 0.8535
7440.00000 0.874
7460.00000 0.8928
7480.00000 0.9113
7500.00000 0.9221
7520.00000 0.9316
7540.00000 0.9391
7560.00000 0.9448
7580.00000 0.9489
7600.00000 0.9528
7620.00000 0.9574
7640.00000 0.9599
7660.00000 0.9601
7680.00000 0.962
7700.00000 0.9651
7720.00000 0.9672
7740.00000 0.9672
7760.00000 0.9667
7780.00000 0.9678
7800.00000 0.9688
7820.00000 0.9686
7840.00000 0.9673
7860.00000 0.9665
7880.00000 0.9675
7900.00000 0.9681
7920.00000 0.9668
7940.00000 0.9651
7960.00000 0.9658
7980.00000 0.9669
8000.00000 0.9659
8020.00000 0.9638
8040.00000 0.9611
8060.00000 0.9598
8080.00000 0.9608
8100.00000 0.9611
8120.00000 0.959
8140.00000 0.9577
8160.00000 0.9585
8180.00000 0.9592
8200.00000 0.9562
8220.00000 0.9522
8240.00000 0.9518
8260.00000 0.9532
8280.00000 0.9523
8300.00000 0.9474
8320.00000 0.9435
8340.00000 0.9434
8360.00000 0.9438
8380.00000 0.943
8400.00000 0.9349
8420.00000 0.9295
8440.00000 0.9333
8460.00000 0.9342
8480.00000 0.9215
8500.00000 0.9249
8520.00000 0.9278
8540.00000 0.9265
8560.00000 0.9247
8580.00000 0.9233
8600.00000 0.9223
8620.00000 0.9221
8640.00000 0.9194
8660.00000 0.9194
8680.00000 0.9173
8700.00000 0.9159
8720.00000 0.915
8740.00000 0.9136
8760.00000 0.9108
8780.00000 0.9099
8800.00000 0.909
8820.00000 0.907
8840.00000 0.9056
8860.00000 0.9046
8880.00000 0.9027
8900.00000 0.9009
8920.00000 0.8992
8940.00000 0.8972
8960.00000 0.8957
8980.00000 0.8942
9000.00000 0.8924
9020.00000 0.8908
9040.00000 0.8888
9060.00000 0.8865
9080.00000 0.8845
9100.00000 0.8824
9120.00000 0.8799
9140.00000 0.8778
9160.00000 0.8757
9180.00000 0.8736
9200.00000 0.8718
9220.00000 0.8693
9240.00000 0.8668
9260.00000 0.864
9280.00000 0.8608
9300.00000 0.8585
9320.00000 0.856
9340.00000 0.8533
9360.00000 0.8501
9380.00000 0.8469
9400.00000 0.8441
9420.00000 0.841
9440.00000 0.8382
9460.00000 0.8352
9480.00000 0.8316
9500.00000 0.8282
9520.00000 0.8248
9540.00000 0.821
9560.00000 0.8171
9580.00000 0.8133
9600.00000 0.8095
9620.00000 0.8055
9640.00000 0.801
9660.00000 0.7972
9680.00000 0.7897
9700.00000 0.7859
9720.00000 0.782
9740.00000 0.7787
9760.00000 0.7751
9780.00000 0.7679
9800.00000 0.7647
9820.00000 0.7612
9840.00000 0.7552
9860.00000 0.7492
9880.00000 0.7434
9900.00000 0.7406
9920.00000 0.735
9940.00000 0.7281
9960.00000 0.7236
9980.00000 0.7179
10000.00000 0.7121
11000.00000 0.0
