threeML/data/optical_filters/TNG/DOLORES-U.ecsv
# %ECSV 0.9
# ---
# datatype:
# - {name: wavelength, unit: Angstrom, datatype: float32}
# - {name: response, datatype: float32}
# meta: !!omap
# - {band_name: U}
# - {group_name: DOLORES}
wavelength response
2772.00000 0.0
3080.00000 0.004
3090.00000 0.005
3100.00000 0.008
3110.00000 0.012
3120.00000 0.016
3130.00000 0.023
3140.00000 0.03
3150.00000 0.039
3160.00000 0.05
3170.00000 0.063
3180.00000 0.076
3190.00000 0.092
3200.00000 0.108
3210.00000 0.127
3220.00000 0.145
3230.00000 0.165
3240.00000 0.186
3250.00000 0.206
3260.00000 0.226
3270.00000 0.248
3280.00000 0.269
3290.00000 0.291
3300.00000 0.311
3310.00000 0.331
3320.00000 0.35
3330.00000 0.369
3340.00000 0.388
3350.00000 0.406
3360.00000 0.422
3370.00000 0.437
3380.00000 0.456
3390.00000 0.469
3400.00000 0.487
3410.00000 0.497
3420.00000 0.51
3430.00000 0.523
3440.00000 0.535
3450.00000 0.546
3460.00000 0.557
3470.00000 0.568
3480.00000 0.577
3490.00000 0.586
3500.00000 0.594
3510.00000 0.602
3520.00000 0.61
3530.00000 0.617
3540.00000 0.624
3550.00000 0.629
3560.00000 0.636
3570.00000 0.641
3580.00000 0.645
3590.00000 0.65
3600.00000 0.654
3610.00000 0.657
3620.00000 0.66
3630.00000 0.662
3640.00000 0.664
3650.00000 0.667
3660.00000 0.667
3670.00000 0.667
3680.00000 0.667
3690.00000 0.665
3700.00000 0.662
3710.00000 0.659
3720.00000 0.656
3730.00000 0.651
3740.00000 0.645
3750.00000 0.638
3760.00000 0.63
3770.00000 0.62
3780.00000 0.61
3790.00000 0.597
3800.00000 0.583
3810.00000 0.567
3820.00000 0.55
3830.00000 0.532
3840.00000 0.51
3850.00000 0.489
3860.00000 0.465
3870.00000 0.44
3880.00000 0.414
3890.00000 0.387
3900.00000 0.359
3910.00000 0.33
3920.00000 0.301
3930.00000 0.273
3940.00000 0.244
3950.00000 0.217
3960.00000 0.191
3970.00000 0.166
3980.00000 0.143
3990.00000 0.122
4000.00000 0.103
4010.00000 0.086
4020.00000 0.071
4030.00000 0.058
4040.00000 0.047
4050.00000 0.037
4060.00000 0.029
4070.00000 0.023
4080.00000 0.018
4090.00000 0.014
4100.00000 0.011
4110.00000 0.008
4120.00000 0.006
4130.00000 0.005
4543.00000 0.0
