threeML/data/optical_filters/TNG/DOLORES-SDSS_u.ecsv
# %ECSV 0.9
# ---
# datatype:
# - {name: wavelength, unit: Angstrom, datatype: float32}
# - {name: response, datatype: float32}
# meta: !!omap
# - {band_name: SDSS_u}
# - {group_name: DOLORES}
wavelength response
2668.50000 0.0
2965.00000 0.004896
2970.00000 0.008311
2975.00000 0.013097
2980.00000 0.019493
2985.00000 0.027383
2990.00000 0.036227
2995.00000 0.045841
3000.00000 0.055874
3005.00000 0.066
3010.00000 0.076904
3015.00000 0.088549
3020.00000 0.101308
3025.00000 0.115191
3030.00000 0.129149
3035.00000 0.143232
3040.00000 0.156456
3045.00000 0.168296
3050.00000 0.179719
3055.00000 0.190724
3060.00000 0.201943
3065.00000 0.21398
3070.00000 0.225999
3075.00000 0.23809
3080.00000 0.24961
3085.00000 0.260122
3090.00000 0.269834
3095.00000 0.278925
3100.00000 0.287734
3105.00000 0.297117
3110.00000 0.307282
3115.00000 0.318244
3120.00000 0.330499
3125.00000 0.342974
3130.00000 0.35576
3135.00000 0.367983
3140.00000 0.379522
3145.00000 0.389978
3150.00000 0.399466
3155.00000 0.407701
3160.00000 0.415355
3165.00000 0.422118
3170.00000 0.428768
3175.00000 0.434674
3180.00000 0.441387
3185.00000 0.447782
3190.00000 0.454584
3195.00000 0.462706
3200.00000 0.472244
3205.00000 0.482276
3210.00000 0.493737
3215.00000 0.506018
3220.00000 0.518804
3225.00000 0.531281
3230.00000 0.543185
3235.00000 0.553953
3240.00000 0.563239
3245.00000 0.570879
3250.00000 0.577417
3255.00000 0.583225
3260.00000 0.588024
3265.00000 0.592853
3270.00000 0.598267
3275.00000 0.604198
3280.00000 0.611115
3285.00000 0.618569
3290.00000 0.627382
3295.00000 0.635214
3300.00000 0.644088
3305.00000 0.651675
3310.00000 0.659421
3315.00000 0.665296
3320.00000 0.671422
3325.00000 0.675656
3330.00000 0.681045
3335.00000 0.684767
3340.00000 0.689237
3345.00000 0.693756
3350.00000 0.697935
3355.00000 0.70307
3360.00000 0.7076
3365.00000 0.712683
3370.00000 0.716275
3375.00000 0.720609
3380.00000 0.723744
3385.00000 0.727018
3390.00000 0.729232
3395.00000 0.731609
3400.00000 0.732927
3405.00000 0.73523
3410.00000 0.73754
3415.00000 0.740448
3420.00000 0.742869
3425.00000 0.74559
3430.00000 0.748151
3435.00000 0.752368
3440.00000 0.754051
3445.00000 0.757686
3450.00000 0.758886
3455.00000 0.7599
3460.00000 0.763236
3465.00000 0.762407
3470.00000 0.764382
3475.00000 0.766123
3480.00000 0.765708
3485.00000 0.766901
3490.00000 0.770194
3495.00000 0.76932
3500.00000 0.772866
3505.00000 0.7759
3510.00000 0.77875
3515.00000 0.78236
3520.00000 0.785627
3525.00000 0.788069
3530.00000 0.790306
3535.00000 0.791695
3540.00000 0.792579
3545.00000 0.79242
3550.00000 0.791685
3555.00000 0.791227
3560.00000 0.789714
3565.00000 0.788495
3570.00000 0.786964
3575.00000 0.785786
3580.00000 0.784977
3585.00000 0.784791
3590.00000 0.78398
3595.00000 0.784442
3600.00000 0.78437
3605.00000 0.784452
3610.00000 0.784389
3615.00000 0.783201
3620.00000 0.78246
3625.00000 0.78077
3630.00000 0.777772
3635.00000 0.77516
3640.00000 0.771231
3645.00000 0.766771
3650.00000 0.762409
3655.00000 0.757676
3660.00000 0.752132
3665.00000 0.747136
3670.00000 0.74192
3675.00000 0.737172
3680.00000 0.731894
3685.00000 0.726635
3690.00000 0.721599
3695.00000 0.716103
3700.00000 0.710664
3705.00000 0.704446
3710.00000 0.697594
3715.00000 0.690452
3720.00000 0.682402
3725.00000 0.673644
3730.00000 0.66408
3735.00000 0.653609
3740.00000 0.642638
3745.00000 0.630738
3750.00000 0.618324
3755.00000 0.605491
3760.00000 0.592195
3765.00000 0.578481
3770.00000 0.564242
3775.00000 0.549498
3780.00000 0.535005
3785.00000 0.520004
3790.00000 0.504267
3795.00000 0.488351
3800.00000 0.47173
3805.00000 0.45547
3810.00000 0.43812
3815.00000 0.420498
3820.00000 0.402822
3825.00000 0.384645
3830.00000 0.365979
3835.00000 0.34749
3840.00000 0.328761
3845.00000 0.310101
3850.00000 0.291653
3855.00000 0.272863
3860.00000 0.255042
3865.00000 0.237307
3870.00000 0.219817
3875.00000 0.203221
3880.00000 0.186989
3885.00000 0.171496
3890.00000 0.156568
3895.00000 0.142103
3900.00000 0.128593
3905.00000 0.115732
3910.00000 0.10367
3915.00000 0.092578
3920.00000 0.082073
3925.00000 0.072354
3930.00000 0.063412
3935.00000 0.055188
3940.00000 0.047876
3945.00000 0.041242
3950.00000 0.035266
3955.00000 0.030043
3960.00000 0.025346
3965.00000 0.021273
3970.00000 0.017805
3975.00000 0.014755
3980.00000 0.012197
3985.00000 0.010015
3990.00000 0.008155
3995.00000 0.006636
4000.00000 0.005341
4005.00000 0.004289
4405.50000 0.0
