threeML/data/optical_filters/TNG/DOLORES-R.ecsv
# %ECSV 0.9
# ---
# datatype:
# - {name: wavelength, unit: Angstrom, datatype: float32}
# - {name: response, datatype: float32}
# meta: !!omap
# - {band_name: R}
# - {group_name: DOLORES}
wavelength response
4968.00000 0.0
5520.00000 0.001898
5540.00000 0.004541
5560.00000 0.011695
5580.00000 0.029086
5600.00000 0.065397
5620.00000 0.127049
5640.00000 0.214412
5660.00000 0.318579
5680.00000 0.426003
5700.00000 0.524642
5720.00000 0.608572
5740.00000 0.675601
5760.00000 0.727083
5780.00000 0.76587
5800.00000 0.794277
5820.00000 0.815176
5840.00000 0.830193
5860.00000 0.840937
5880.00000 0.848033
5900.00000 0.852835
5920.00000 0.855944
5940.00000 0.857488
5960.00000 0.857964
5980.00000 0.857688
6000.00000 0.856005
6020.00000 0.854417
6040.00000 0.852247
6060.00000 0.849526
6080.00000 0.846688
6100.00000 0.843374
6120.00000 0.839566
6140.00000 0.835812
6160.00000 0.83149
6180.00000 0.82726
6200.00000 0.8224
6220.00000 0.817438
6240.00000 0.812399
6260.00000 0.807124
6280.00000 0.801954
6300.00000 0.796121
6320.00000 0.790112
6340.00000 0.784049
6360.00000 0.778086
6380.00000 0.771898
6400.00000 0.765427
6420.00000 0.758641
6440.00000 0.751501
6460.00000 0.745233
6480.00000 0.738343
6500.00000 0.731186
6520.00000 0.723848
6540.00000 0.71628
6560.00000 0.709286
6580.00000 0.702155
6600.00000 0.694776
6620.00000 0.687124
6640.00000 0.679176
6660.00000 0.671574
6680.00000 0.663888
6700.00000 0.656075
6720.00000 0.647652
6740.00000 0.639263
6760.00000 0.630769
6780.00000 0.622345
6800.00000 0.613983
6820.00000 0.605123
6840.00000 0.595568
6860.00000 0.586668
6880.00000 0.577152
6900.00000 0.567597
6920.00000 0.557754
6940.00000 0.548478
6960.00000 0.538757
6980.00000 0.529188
7000.00000 0.519661
7020.00000 0.509744
7040.00000 0.500041
7060.00000 0.490639
7080.00000 0.480791
7100.00000 0.471343
7120.00000 0.462065
7140.00000 0.45275
7160.00000 0.443535
7180.00000 0.433921
7200.00000 0.424597
7220.00000 0.415634
7240.00000 0.406752
7260.00000 0.397911
7280.00000 0.389161
7300.00000 0.380012
7320.00000 0.371315
7340.00000 0.362697
7360.00000 0.354422
7380.00000 0.345768
7400.00000 0.333527
7420.00000 0.328198
7440.00000 0.31999
7460.00000 0.31147
7480.00000 0.30365
7500.00000 0.294978
7520.00000 0.286287
7540.00000 0.27844
7560.00000 0.270969
7580.00000 0.263401
7600.00000 0.255621
7620.00000 0.247089
7640.00000 0.240055
7660.00000 0.233071
7680.00000 0.226516
7700.00000 0.219563
7720.00000 0.211581
7740.00000 0.204861
7760.00000 0.198596
7780.00000 0.192722
7800.00000 0.186666
7820.00000 0.180162
7840.00000 0.173222
7860.00000 0.167604
7880.00000 0.163097
7900.00000 0.157888
7920.00000 0.151997
7940.00000 0.145187
7960.00000 0.140723
7980.00000 0.136127
8000.00000 0.131632
8020.00000 0.126712
8040.00000 0.120735
8060.00000 0.115897
8080.00000 0.112226
8100.00000 0.108785
8120.00000 0.105198
8140.00000 0.100195
8160.00000 0.09508
8180.00000 0.091733
8200.00000 0.088517
8220.00000 0.086482
8240.00000 0.081984
8260.00000 0.076743
8280.00000 0.073294
8300.00000 0.071336
8320.00000 0.068667
8340.00000 0.066839
8360.00000 0.061183
8380.00000 0.056525
8400.00000 0.056114
8420.00000 0.054016
8440.00000 0.052924
8460.00000 0.048686
8480.00000 0.03938
8500.00000 0.043933
8520.00000 0.043331
8540.00000 0.042052
8560.00000 0.040052
8580.00000 0.038061
8600.00000 0.036311
8620.00000 0.034825
8640.00000 0.033593
8660.00000 0.031949
8680.00000 0.030513
8700.00000 0.028512
8720.00000 0.027823
8740.00000 0.026547
8760.00000 0.025653
8780.00000 0.023861
8800.00000 0.023246
8820.00000 0.022106
8840.00000 0.021534
8860.00000 0.019781
8880.00000 0.019438
8900.00000 0.018765
8920.00000 0.017634
8940.00000 0.016898
8960.00000 0.01618
8980.00000 0.01505
9000.00000 0.015223
9020.00000 0.013607
9040.00000 0.012886
9060.00000 0.012716
9080.00000 0.01177
9100.00000 0.011892
9120.00000 0.011
9140.00000 0.010628
9160.00000 0.010166
9180.00000 0.009711
9200.00000 0.009281
9220.00000 0.008859
9240.00000 0.008467
9260.00000 0.007901
9280.00000 0.007871
9300.00000 0.007752
9320.00000 0.007235
9340.00000 0.006802
9360.00000 0.006663
9380.00000 0.006365
9400.00000 0.005575
9420.00000 0.005878
9440.00000 0.005321
9460.00000 0.00542
9480.00000 0.004977
9500.00000 0.004538
9520.00000 0.004748
9540.00000 0.004578
9560.00000 0.004277
10516.00000 0.0
