threeML/data/optical_filters/TNG/DOLORES-B.ecsv
# %ECSV 0.9
# ---
# datatype:
# - {name: wavelength, unit: Angstrom, datatype: float32}
# - {name: response, datatype: float32}
# meta: !!omap
# - {band_name: B}
# - {group_name: DOLORES}
wavelength response
3330.00000 0.0
3700.00000 0.140578
3720.00000 0.184927
3740.00000 0.229586
3760.00000 0.274474
3780.00000 0.317106
3800.00000 0.356803
3820.00000 0.392272
3840.00000 0.42466
3860.00000 0.454469
3880.00000 0.482144
3900.00000 0.507349
3920.00000 0.52876
3940.00000 0.547306
3960.00000 0.564374
3980.00000 0.580427
4000.00000 0.594958
4020.00000 0.606557
4040.00000 0.617819
4060.00000 0.628058
4080.00000 0.63732
4100.00000 0.646151
4120.00000 0.652984
4140.00000 0.659072
4160.00000 0.664835
4180.00000 0.670814
4200.00000 0.685356
4220.00000 0.680997
4240.00000 0.683497
4260.00000 0.685335
4280.00000 0.687213
4300.00000 0.68844
4320.00000 0.688477
4340.00000 0.68859
4360.00000 0.687709
4380.00000 0.687211
4400.00000 0.68579
4420.00000 0.684293
4440.00000 0.681379
4460.00000 0.677437
4480.00000 0.671951
4500.00000 0.665677
4520.00000 0.659289
4540.00000 0.652929
4560.00000 0.645621
4580.00000 0.636071
4600.00000 0.625191
4620.00000 0.612429
4640.00000 0.596871
4660.00000 0.578631
4680.00000 0.556842
4700.00000 0.532289
4720.00000 0.50674
4740.00000 0.479857
4760.00000 0.453018
4780.00000 0.424775
4800.00000 0.399128
4820.00000 0.367121
4840.00000 0.336218
4860.00000 0.307535
4880.00000 0.281203
4900.00000 0.255726
4920.00000 0.232641
4940.00000 0.212276
4960.00000 0.19443
4980.00000 0.178556
5000.00000 0.162877
5020.00000 0.146411
5040.00000 0.12909
5060.00000 0.112039
5080.00000 0.096289
5100.00000 0.08329
5120.00000 0.072097
5140.00000 0.061982
5160.00000 0.052817
5180.00000 0.044526
5200.00000 0.039257
5220.00000 0.030162
5240.00000 0.024662
5260.00000 0.020153
5280.00000 0.016428
5300.00000 0.013542
5320.00000 0.011488
5340.00000 0.010162
5360.00000 0.009232
5380.00000 0.008529
5400.00000 0.00801
5420.00000 0.007857
5440.00000 0.008117
5460.00000 0.008602
5480.00000 0.00942
5500.00000 0.010386
5520.00000 0.011716
5540.00000 0.013104
5560.00000 0.014459
5580.00000 0.015304
5600.00000 0.01545
5620.00000 0.01497
5640.00000 0.014131
5660.00000 0.012934
5680.00000 0.011316
5700.00000 0.009499
5720.00000 0.007563
5740.00000 0.005796
5760.00000 0.004425
6336.00000 0.0
