threeML/data/optical_filters/TNG/NICS-SW_gohss.ecsv
# %ECSV 0.9
# ---
# datatype:
# - {name: wavelength, unit: Angstrom, datatype: float32}
# - {name: response, datatype: float32}
# meta: !!omap
# - {band_name: SW_gohss}
# - {group_name: NICS}
wavelength response
8108.10010 0.0
9009.00000 0.7036
9049.00000 0.7705
9088.00000 0.7974
9128.00000 0.8087
9169.00000 0.8023
9210.00000 0.7954
9252.00000 0.8129
9294.00000 0.8468
9336.00000 0.859
9379.00000 0.8526
9423.00000 0.8396
9467.00000 0.8447
9512.00000 0.8525
9557.00000 0.85
9603.00000 0.8639
9649.00000 0.8733
9696.00000 0.8688
9743.00000 0.8729
9791.00000 0.8974
9840.00000 0.8974
9889.00000 0.8879
9939.00000 0.8835
9989.00000 0.8739
10040.00000 0.8504
10092.00000 0.8377
10144.00000 0.8458
10197.00000 0.876
10251.00000 0.8988
10305.00000 0.8859
10360.00000 0.8526
10416.00000 0.8485
10472.00000 0.869
10529.00000 0.8805
10587.00000 0.8984
10645.00000 0.905
10704.00000 0.8891
10764.00000 0.8725
10825.00000 0.8712
10886.00000 0.8723
10948.00000 0.8674
11011.00000 0.8746
11074.00000 0.8999
11138.00000 0.9202
11203.00000 0.9285
11269.00000 0.9319
11336.00000 0.9317
11403.00000 0.9286
11471.00000 0.9239
11540.00000 0.9289
11609.00000 0.9195
11680.00000 0.8977
11751.00000 0.9008
11823.00000 0.9191
11895.00000 0.908
11969.00000 0.8891
12043.00000 0.8956
12119.00000 0.9171
12194.00000 0.9245
12271.00000 0.9204
12348.00000 0.9066
12427.00000 0.8849
12506.00000 0.8868
12585.00000 0.9116
12666.00000 0.9096
12747.00000 0.8721
12829.00000 0.8664
12912.00000 0.9059
12996.00000 0.9365
13080.00000 0.9255
13165.00000 0.9198
13251.00000 0.9307
13337.00000 0.9293
13424.00000 0.9178
13512.00000 0.9179
13601.00000 0.9279
13690.00000 0.9266
13780.00000 0.9214
13870.00000 0.9281
13962.00000 0.9416
14053.00000 0.9436
14146.00000 0.9375
14239.00000 0.9334
14332.00000 0.9339
14426.00000 0.938
14521.00000 0.944
14616.00000 0.9499
14712.00000 0.9505
14808.00000 0.9517
14905.00000 0.9556
15002.00000 0.9527
15099.00000 0.9454
15197.00000 0.9323
15296.00000 0.9238
15395.00000 0.9195
15494.00000 0.9266
15593.00000 0.9326
15693.00000 0.9241
15794.00000 0.9027
15894.00000 0.8932
15995.00000 0.9062
16097.00000 0.9239
16198.00000 0.9265
16299.00000 0.9243
16401.00000 0.926
16503.00000 0.9321
16606.00000 0.9327
16708.00000 0.923
16811.00000 0.9169
16913.00000 0.9055
17016.00000 0.8912
17119.00000 0.8684
17222.00000 0.814
17325.00000 0.7115
17429.00000 0.5861
17532.00000 0.3651
17635.00000 0.1276
17739.00000 0.0291
17842.00000 0.0111
17945.00000 0.0078
18049.00000 0.0059
18152.00000 0.0041
19967.19922 0.0
