threeML/data/optical_filters/TNG/NICS-f_1mic.ecsv
# %ECSV 0.9
# ---
# datatype:
# - {name: wavelength, unit: Angstrom, datatype: float32}
# - {name: response, datatype: float32}
# meta: !!omap
# - {band_name: f_1mic}
# - {group_name: NICS}
wavelength response
8387.09961 0.0
9319.00000 0.0041
9324.00000 0.0042
9330.00000 0.0044
9335.00000 0.0046
9341.00000 0.0048
9346.00000 0.005
9352.00000 0.0053
9357.00000 0.0056
9363.00000 0.0059
9368.00000 0.0063
9374.00000 0.0067
9379.00000 0.0071
9385.00000 0.0075
9390.00000 0.0081
9396.00000 0.0087
9401.00000 0.0093
9407.00000 0.0101
9412.00000 0.0109
9418.00000 0.0117
9423.00000 0.0127
9429.00000 0.0138
9434.00000 0.0149
9440.00000 0.0161
9446.00000 0.0175
9451.00000 0.0189
9457.00000 0.0206
9462.00000 0.0226
9468.00000 0.0248
9473.00000 0.0274
9479.00000 0.0307
9484.00000 0.0346
9490.00000 0.0389
9495.00000 0.044
9501.00000 0.0498
9506.00000 0.0571
9512.00000 0.0668
9517.00000 0.0781
9523.00000 0.0919
9528.00000 0.1088
9534.00000 0.129
9540.00000 0.1539
9545.00000 0.184
9551.00000 0.2193
9556.00000 0.2599
9562.00000 0.3052
9567.00000 0.3533
9573.00000 0.4023
9578.00000 0.4496
9584.00000 0.4926
9589.00000 0.529
9595.00000 0.5574
9601.00000 0.5772
9606.00000 0.589
9612.00000 0.5942
9617.00000 0.5943
9623.00000 0.591
9628.00000 0.5857
9634.00000 0.5797
9639.00000 0.5758
9645.00000 0.5712
9651.00000 0.5651
9656.00000 0.5653
9662.00000 0.563
9667.00000 0.56
9673.00000 0.563
9678.00000 0.5627
9684.00000 0.5655
9690.00000 0.5732
9695.00000 0.5802
9701.00000 0.5877
9706.00000 0.5958
9712.00000 0.6043
9717.00000 0.6131
9723.00000 0.6223
9729.00000 0.6315
9734.00000 0.6401
9740.00000 0.6479
9745.00000 0.6551
9751.00000 0.6617
9757.00000 0.6679
9762.00000 0.674
9768.00000 0.6796
9773.00000 0.6839
9779.00000 0.6875
9785.00000 0.6905
9790.00000 0.6915
9796.00000 0.6912
9801.00000 0.6893
9807.00000 0.6847
9813.00000 0.679
9818.00000 0.6722
9824.00000 0.6646
9829.00000 0.657
9835.00000 0.6501
9841.00000 0.6445
9846.00000 0.64
9852.00000 0.6368
9857.00000 0.6345
9863.00000 0.6329
9869.00000 0.632
9874.00000 0.6317
9880.00000 0.6317
9885.00000 0.6323
9891.00000 0.6337
9897.00000 0.6353
9902.00000 0.6369
9908.00000 0.6384
9914.00000 0.6397
9919.00000 0.6412
9925.00000 0.6435
9930.00000 0.6465
9936.00000 0.6499
9942.00000 0.6539
9947.00000 0.6583
9953.00000 0.6633
9959.00000 0.6687
9964.00000 0.6749
9970.00000 0.6812
9975.00000 0.6875
9981.00000 0.6937
9987.00000 0.6997
9992.00000 0.7057
9998.00000 0.712
10004.00000 0.7183
10009.00000 0.7242
10015.00000 0.7296
10020.00000 0.7343
10026.00000 0.7386
10032.00000 0.7423
10037.00000 0.7458
10043.00000 0.7488
10049.00000 0.7514
10054.00000 0.7537
10060.00000 0.7555
10066.00000 0.7573
10071.00000 0.7591
10077.00000 0.7609
10083.00000 0.7626
10088.00000 0.7641
10094.00000 0.7655
10100.00000 0.7667
10105.00000 0.7677
10111.00000 0.7686
10116.00000 0.7691
10122.00000 0.7693
10128.00000 0.7693
10134.00000 0.7691
10139.00000 0.7688
10145.00000 0.7682
10150.00000 0.7673
10156.00000 0.7663
10162.00000 0.765
10167.00000 0.7636
10173.00000 0.7621
10179.00000 0.7605
10184.00000 0.7589
10190.00000 0.7573
10196.00000 0.7554
10201.00000 0.7536
10207.00000 0.7518
10213.00000 0.7502
10219.00000 0.7487
10224.00000 0.7474
10230.00000 0.746
10236.00000 0.7448
10241.00000 0.7437
10247.00000 0.7428
10253.00000 0.7421
10258.00000 0.7413
10264.00000 0.7407
10270.00000 0.74
10275.00000 0.7395
10281.00000 0.739
10287.00000 0.7386
10292.00000 0.7382
10298.00000 0.7377
10304.00000 0.7375
10309.00000 0.7374
10315.00000 0.7374
10321.00000 0.7373
10327.00000 0.7373
10332.00000 0.7373
10338.00000 0.7375
10344.00000 0.7378
10349.00000 0.7382
10355.00000 0.7386
10361.00000 0.739
10366.00000 0.7395
10372.00000 0.7398
10378.00000 0.7403
10384.00000 0.7408
10389.00000 0.7415
10395.00000 0.7425
10401.00000 0.7435
10406.00000 0.7448
10412.00000 0.7461
10418.00000 0.7475
10423.00000 0.749
10429.00000 0.7506
10435.00000 0.7526
10441.00000 0.7546
10446.00000 0.7569
10452.00000 0.7598
10458.00000 0.7621
10464.00000 0.7639
10469.00000 0.7673
10475.00000 0.7698
10481.00000 0.7727
10486.00000 0.7763
10492.00000 0.7783
10498.00000 0.7807
10504.00000 0.7834
10509.00000 0.7858
10515.00000 0.7882
10521.00000 0.7904
10526.00000 0.7924
10532.00000 0.7942
10538.00000 0.7958
10544.00000 0.7969
10549.00000 0.7977
10555.00000 0.7983
10561.00000 0.7984
10567.00000 0.7981
10572.00000 0.7973
10578.00000 0.7959
10584.00000 0.794
10589.00000 0.7915
10595.00000 0.7886
10601.00000 0.7851
10607.00000 0.7811
10612.00000 0.7767
10618.00000 0.7718
10624.00000 0.7665
10630.00000 0.7609
10635.00000 0.7549
10641.00000 0.7485
10647.00000 0.7419
10653.00000 0.7351
10658.00000 0.7279
10664.00000 0.7202
10670.00000 0.7139
10676.00000 0.7084
10681.00000 0.7028
10687.00000 0.698
10693.00000 0.692
10699.00000 0.6857
10704.00000 0.6805
10710.00000 0.6761
10716.00000 0.6725
10722.00000 0.6699
10727.00000 0.668
10733.00000 0.6672
10739.00000 0.667
10745.00000 0.6678
10750.00000 0.6696
10756.00000 0.6725
10762.00000 0.6767
10768.00000 0.682
10774.00000 0.6884
10779.00000 0.6957
10785.00000 0.7038
10791.00000 0.7128
10797.00000 0.722
10802.00000 0.7311
10808.00000 0.7394
10814.00000 0.7463
10820.00000 0.751
10825.00000 0.7524
10831.00000 0.7494
10837.00000 0.741
10843.00000 0.7267
10848.00000 0.7057
10854.00000 0.6781
10860.00000 0.6444
10866.00000 0.6051
10872.00000 0.5614
10877.00000 0.5151
10883.00000 0.4677
10889.00000 0.4205
10895.00000 0.3754
10900.00000 0.3331
10906.00000 0.2942
10912.00000 0.2594
10918.00000 0.2289
10924.00000 0.2023
10929.00000 0.1795
10935.00000 0.1601
10941.00000 0.1435
10947.00000 0.1292
10953.00000 0.1168
10958.00000 0.1059
10964.00000 0.0961
10970.00000 0.0872
10976.00000 0.0791
10982.00000 0.0717
10987.00000 0.0649
10993.00000 0.0588
10999.00000 0.0533
11005.00000 0.0484
11010.00000 0.044
11016.00000 0.04
11022.00000 0.0364
11028.00000 0.0332
11034.00000 0.0306
11039.00000 0.0283
11045.00000 0.0262
11051.00000 0.0245
11057.00000 0.0224
11063.00000 0.0205
11068.00000 0.0188
11074.00000 0.0172
11080.00000 0.0159
11086.00000 0.0149
11092.00000 0.0141
11097.00000 0.0134
11103.00000 0.0129
11109.00000 0.0124
11115.00000 0.012
11121.00000 0.0117
11126.00000 0.0113
11132.00000 0.011
11138.00000 0.0106
11144.00000 0.0101
11150.00000 0.0096
11155.00000 0.0091
11161.00000 0.0086
11167.00000 0.0081
11173.00000 0.0076
11179.00000 0.007
11185.00000 0.0065
11190.00000 0.006
11196.00000 0.0055
11202.00000 0.0051
11208.00000 0.0047
11214.00000 0.0044
11219.00000 0.0041
12340.90039 0.0
