threeML/data/optical_filters/TNG/NICS-CH4l.ecsv
# %ECSV 0.9
# ---
# datatype:
# - {name: wavelength, unit: Angstrom, datatype: float32}
# - {name: response, datatype: float32}
# meta: !!omap
# - {band_name: CH4l}
# - {group_name: NICS}
wavelength response
13038.29980 0.0
14487.00000 0.004
14494.00000 0.0039
14502.00000 0.0039
14509.00000 0.0038
14516.00000 0.004
14523.00000 0.0038
14530.00000 0.0039
14538.00000 0.004
14545.00000 0.0041
14552.00000 0.0042
14559.00000 0.0043
14567.00000 0.0044
14574.00000 0.0029
14581.00000 0.0001
14588.00000 0.002
14595.00000 0.0047
14603.00000 0.0043
14610.00000 0.0043
14617.00000 0.0044
14624.00000 0.0046
14632.00000 0.0045
14639.00000 0.0044
14646.00000 0.0045
14653.00000 0.0044
14660.00000 0.0043
14668.00000 0.0044
14675.00000 0.0046
14682.00000 0.0046
14689.00000 0.0045
14697.00000 0.0047
14704.00000 0.0048
14711.00000 0.0047
14718.00000 0.0046
14725.00000 0.0047
14733.00000 0.0047
14740.00000 0.0048
14747.00000 0.005
14754.00000 0.005
14762.00000 0.0048
14769.00000 0.0049
14776.00000 0.005
14783.00000 0.005
14791.00000 0.0051
14798.00000 0.0051
14805.00000 0.0051
14812.00000 0.0052
14820.00000 0.0052
14827.00000 0.0052
14834.00000 0.0052
14841.00000 0.005
14848.00000 0.0051
14856.00000 0.0053
14863.00000 0.0053
14870.00000 0.0054
14877.00000 0.0053
14885.00000 0.0053
14892.00000 0.0054
14899.00000 0.0052
14906.00000 0.0053
14914.00000 0.0055
14921.00000 0.0054
14928.00000 0.0053
14935.00000 0.0055
14943.00000 0.0055
14950.00000 0.0055
14957.00000 0.0056
14964.00000 0.0054
14972.00000 0.0055
14979.00000 0.0055
14986.00000 0.0056
14993.00000 0.0056
15000.00000 0.0056
15008.00000 0.0057
15015.00000 0.0057
15022.00000 0.0058
15029.00000 0.0057
15037.00000 0.0057
15044.00000 0.0056
15051.00000 0.0056
15058.00000 0.006
15066.00000 0.0059
15073.00000 0.0059
15080.00000 0.0058
15087.00000 0.0059
15095.00000 0.0059
15102.00000 0.0059
15109.00000 0.0061
15116.00000 0.0061
15124.00000 0.0059
15131.00000 0.006
15138.00000 0.0061
15145.00000 0.0062
15153.00000 0.006
15160.00000 0.0061
15167.00000 0.0061
15174.00000 0.006
15182.00000 0.0061
15189.00000 0.0062
15196.00000 0.0063
15203.00000 0.0065
15211.00000 0.0063
15218.00000 0.0063
15225.00000 0.0065
15232.00000 0.0064
15240.00000 0.0064
15247.00000 0.0064
15254.00000 0.0068
15261.00000 0.0067
15269.00000 0.0067
15276.00000 0.0068
15283.00000 0.0069
15290.00000 0.0068
15298.00000 0.0068
15305.00000 0.0068
15312.00000 0.0069
15320.00000 0.007
15327.00000 0.0071
15334.00000 0.0072
15341.00000 0.0073
15349.00000 0.0073
15356.00000 0.0073
15363.00000 0.0073
15370.00000 0.0074
15378.00000 0.0075
15385.00000 0.0075
15392.00000 0.0077
15399.00000 0.0074
15407.00000 0.0074
15414.00000 0.008
15421.00000 0.008
15428.00000 0.0081
15436.00000 0.0081
15443.00000 0.0082
15450.00000 0.0086
15457.00000 0.0088
15465.00000 0.008
15472.00000 0.0088
15479.00000 0.0086
15486.00000 0.0087
15494.00000 0.0089
15501.00000 0.0089
15508.00000 0.009
15516.00000 0.0092
15523.00000 0.0092
15530.00000 0.0093
15537.00000 0.0094
15545.00000 0.0097
15552.00000 0.0096
15559.00000 0.0096
15566.00000 0.0097
15574.00000 0.0099
15581.00000 0.0101
15588.00000 0.0101
15595.00000 0.0092
15603.00000 0.0105
15610.00000 0.0129
15617.00000 0.0122
15624.00000 0.011
15632.00000 0.0112
15639.00000 0.0113
15646.00000 0.0114
15654.00000 0.0116
15661.00000 0.012
15668.00000 0.0121
15675.00000 0.0122
15683.00000 0.0124
15690.00000 0.0129
15697.00000 0.0129
15704.00000 0.0131
15712.00000 0.0136
15719.00000 0.0136
15726.00000 0.0139
15734.00000 0.0142
15741.00000 0.0145
15748.00000 0.0149
15755.00000 0.0151
15763.00000 0.0154
15770.00000 0.0158
15777.00000 0.0163
15784.00000 0.0164
15792.00000 0.017
15799.00000 0.0175
15806.00000 0.0179
15814.00000 0.0184
15821.00000 0.0188
15828.00000 0.0196
15835.00000 0.0201
15843.00000 0.0207
15850.00000 0.0214
15857.00000 0.022
15864.00000 0.0225
15872.00000 0.0234
15879.00000 0.024
15886.00000 0.0249
15893.00000 0.0259
15901.00000 0.0266
15908.00000 0.0277
15915.00000 0.0288
15922.00000 0.0299
15930.00000 0.0311
15937.00000 0.0324
15944.00000 0.0335
15952.00000 0.0352
15959.00000 0.0369
15966.00000 0.0383
15973.00000 0.0402
15981.00000 0.0421
15988.00000 0.0439
15995.00000 0.0461
16003.00000 0.0483
16010.00000 0.0501
16017.00000 0.0536
16024.00000 0.0567
16032.00000 0.0595
16039.00000 0.0632
16046.00000 0.0667
16053.00000 0.0708
16061.00000 0.0751
16068.00000 0.0796
16075.00000 0.0846
16083.00000 0.0903
16090.00000 0.0958
16097.00000 0.1024
16104.00000 0.1094
16112.00000 0.1162
16119.00000 0.1244
16126.00000 0.1328
16133.00000 0.1423
16141.00000 0.1522
16148.00000 0.1633
16155.00000 0.1752
16162.00000 0.1887
16170.00000 0.2015
16177.00000 0.2167
16184.00000 0.2339
16191.00000 0.2508
16199.00000 0.2697
16206.00000 0.2895
16213.00000 0.3117
16221.00000 0.334
16228.00000 0.3588
16235.00000 0.384
16242.00000 0.4111
16250.00000 0.4399
16257.00000 0.4683
16264.00000 0.4979
16271.00000 0.5296
16279.00000 0.5591
16286.00000 0.589
16293.00000 0.6209
16301.00000 0.6516
16308.00000 0.681
16315.00000 0.7095
16322.00000 0.735
16330.00000 0.7611
16337.00000 0.7848
16344.00000 0.8051
16351.00000 0.8244
16359.00000 0.8419
16366.00000 0.8554
16373.00000 0.8675
16380.00000 0.8777
16388.00000 0.884
16395.00000 0.8913
16402.00000 0.8954
16410.00000 0.8963
16417.00000 0.8996
16424.00000 0.9014
16431.00000 0.8977
16439.00000 0.8974
16446.00000 0.8968
16453.00000 0.8933
16460.00000 0.8912
16468.00000 0.8885
16475.00000 0.8856
16482.00000 0.8837
16489.00000 0.8812
16497.00000 0.8777
16504.00000 0.8764
16511.00000 0.8752
16519.00000 0.8724
16526.00000 0.8715
16533.00000 0.8711
16540.00000 0.8694
16548.00000 0.8701
16555.00000 0.87
16562.00000 0.8702
16569.00000 0.8705
16577.00000 0.8718
16584.00000 0.8726
16591.00000 0.8744
16598.00000 0.8759
16606.00000 0.8777
16613.00000 0.8808
16620.00000 0.8825
16628.00000 0.8844
16635.00000 0.8876
16642.00000 0.8901
16649.00000 0.8918
16657.00000 0.8943
16664.00000 0.8974
16671.00000 0.9
16678.00000 0.9033
16686.00000 0.9048
16693.00000 0.9056
16700.00000 0.9072
16707.00000 0.9088
16715.00000 0.9105
16722.00000 0.9112
16729.00000 0.9109
16737.00000 0.9101
16744.00000 0.9112
16751.00000 0.9105
16758.00000 0.9087
16766.00000 0.9082
16773.00000 0.9064
16780.00000 0.9028
16787.00000 0.8997
16795.00000 0.8956
16802.00000 0.8909
16809.00000 0.8868
16816.00000 0.8825
16824.00000 0.8779
16831.00000 0.8734
16838.00000 0.8682
16845.00000 0.8618
16853.00000 0.8565
16860.00000 0.8492
16867.00000 0.8425
16874.00000 0.8356
16882.00000 0.8296
16889.00000 0.8229
16896.00000 0.816
16903.00000 0.8091
16911.00000 0.8016
16918.00000 0.7947
16925.00000 0.7881
16932.00000 0.7817
16940.00000 0.7758
16947.00000 0.7702
16954.00000 0.7628
16961.00000 0.7564
16969.00000 0.751
16976.00000 0.7466
16983.00000 0.7407
16990.00000 0.7348
16998.00000 0.7309
17005.00000 0.7259
17012.00000 0.72
17020.00000 0.7174
17027.00000 0.7132
17034.00000 0.71
17041.00000 0.7065
17048.00000 0.7039
17056.00000 0.7016
17063.00000 0.6998
17070.00000 0.6984
17077.00000 0.6982
17085.00000 0.6966
17092.00000 0.6941
17099.00000 0.6934
17106.00000 0.6938
17114.00000 0.6937
17121.00000 0.6925
17128.00000 0.6926
17135.00000 0.6943
17143.00000 0.6935
17150.00000 0.6954
17157.00000 0.6961
17164.00000 0.6968
17172.00000 0.7029
17179.00000 0.7014
17186.00000 0.7003
17193.00000 0.7007
17201.00000 0.7028
17208.00000 0.7024
17215.00000 0.7019
17222.00000 0.7023
17230.00000 0.7003
17237.00000 0.7001
17244.00000 0.6974
17251.00000 0.6965
17258.00000 0.6907
17266.00000 0.6856
17273.00000 0.6812
17280.00000 0.6742
17287.00000 0.6672
17295.00000 0.6589
17302.00000 0.648
17309.00000 0.6368
17316.00000 0.6251
17324.00000 0.6114
17331.00000 0.5973
17338.00000 0.5829
17345.00000 0.5666
17353.00000 0.5487
17360.00000 0.5327
17367.00000 0.5146
17374.00000 0.4953
17382.00000 0.4757
17389.00000 0.4587
17396.00000 0.4374
17403.00000 0.4196
17411.00000 0.4011
17418.00000 0.3824
17425.00000 0.3647
17432.00000 0.3478
17439.00000 0.3303
17447.00000 0.3128
17454.00000 0.2971
17461.00000 0.2818
17468.00000 0.2671
17475.00000 0.2528
17483.00000 0.2398
17490.00000 0.227
17497.00000 0.2145
17504.00000 0.2036
17512.00000 0.1921
17519.00000 0.1822
17526.00000 0.173
17533.00000 0.1639
17541.00000 0.1548
17548.00000 0.1468
17555.00000 0.1394
17562.00000 0.1321
17569.00000 0.1246
17577.00000 0.1187
17584.00000 0.1129
17591.00000 0.1067
17598.00000 0.1014
17605.00000 0.0966
17613.00000 0.0918
17620.00000 0.0874
17627.00000 0.0832
17634.00000 0.0794
17642.00000 0.076
17649.00000 0.0725
17656.00000 0.0692
17663.00000 0.0661
17670.00000 0.063
17678.00000 0.0603
17685.00000 0.058
17692.00000 0.0556
17699.00000 0.0528
17707.00000 0.0506
17714.00000 0.0487
17721.00000 0.0467
17728.00000 0.0449
17735.00000 0.0429
17743.00000 0.0412
17750.00000 0.0397
17757.00000 0.0381
17764.00000 0.037
17771.00000 0.0324
17779.00000 0.0301
17786.00000 0.0321
17793.00000 0.0319
17800.00000 0.0308
17807.00000 0.0299
17815.00000 0.0287
17822.00000 0.0275
17829.00000 0.0265
17836.00000 0.0259
17844.00000 0.0252
17851.00000 0.0244
17858.00000 0.0234
17865.00000 0.0236
17872.00000 0.0228
17880.00000 0.0212
17887.00000 0.0207
17894.00000 0.0203
17901.00000 0.0195
17908.00000 0.0189
17915.00000 0.0185
17923.00000 0.018
17930.00000 0.0175
17937.00000 0.0171
17944.00000 0.0165
17951.00000 0.016
17959.00000 0.0156
17966.00000 0.0152
17973.00000 0.015
17980.00000 0.0143
17987.00000 0.0141
17994.00000 0.0137
18002.00000 0.0132
18009.00000 0.0129
18016.00000 0.0125
18023.00000 0.012
18030.00000 0.012
18038.00000 0.0117
18045.00000 0.0114
18052.00000 0.0113
18059.00000 0.0112
18066.00000 0.0107
18074.00000 0.0104
18081.00000 0.0103
18088.00000 0.0102
18095.00000 0.01
18102.00000 0.0097
18109.00000 0.0096
18117.00000 0.0098
18124.00000 0.0094
18131.00000 0.0087
18138.00000 0.0092
18145.00000 0.0083
19959.50000 0.0
