threeML/data/optical_filters/TNG/NICS-CH4s.ecsv
# %ECSV 0.9
# ---
# datatype:
# - {name: wavelength, unit: Angstrom, datatype: float32}
# - {name: response, datatype: float32}
# meta: !!omap
# - {band_name: CH4s}
# - {group_name: NICS}
wavelength response
12727.79980 0.0
14142.00000 0.0039
14149.00000 0.004
14156.00000 0.004
14163.00000 0.0041
14170.00000 0.0041
14178.00000 0.0042
14185.00000 0.0042
14192.00000 0.0042
14199.00000 0.0043
14206.00000 0.0043
14214.00000 0.0043
14221.00000 0.0045
14228.00000 0.0045
14235.00000 0.0045
14242.00000 0.0046
14249.00000 0.0047
14257.00000 0.0047
14264.00000 0.0048
14271.00000 0.0049
14278.00000 0.0049
14285.00000 0.0049
14293.00000 0.005
14300.00000 0.0051
14307.00000 0.0052
14314.00000 0.005
14321.00000 0.0052
14329.00000 0.0052
14336.00000 0.0053
14343.00000 0.0054
14350.00000 0.0055
14357.00000 0.0055
14365.00000 0.0055
14372.00000 0.0055
14379.00000 0.0056
14386.00000 0.0058
14393.00000 0.0057
14401.00000 0.0068
14408.00000 0.0068
14415.00000 0.0058
14422.00000 0.0059
14429.00000 0.006
14437.00000 0.0059
14444.00000 0.006
14451.00000 0.0065
14458.00000 0.0068
14466.00000 0.0069
14473.00000 0.0071
14480.00000 0.0072
14487.00000 0.0072
14494.00000 0.0073
14502.00000 0.0073
14509.00000 0.0074
14516.00000 0.0075
14523.00000 0.0076
14530.00000 0.0076
14538.00000 0.0078
14545.00000 0.008
14552.00000 0.0078
14559.00000 0.0079
14567.00000 0.008
14574.00000 0.0086
14581.00000 0.0092
14588.00000 0.0066
14595.00000 0.0084
14603.00000 0.0086
14610.00000 0.0086
14617.00000 0.0087
14624.00000 0.0088
14632.00000 0.009
14639.00000 0.0092
14646.00000 0.0093
14653.00000 0.0094
14660.00000 0.0095
14668.00000 0.0096
14675.00000 0.0098
14682.00000 0.01
14689.00000 0.0103
14697.00000 0.0103
14704.00000 0.0104
14711.00000 0.0106
14718.00000 0.0107
14725.00000 0.011
14733.00000 0.0113
14740.00000 0.0112
14747.00000 0.0115
14754.00000 0.0117
14762.00000 0.0119
14769.00000 0.0122
14776.00000 0.0123
14783.00000 0.0125
14791.00000 0.0127
14798.00000 0.0129
14805.00000 0.0132
14812.00000 0.0135
14820.00000 0.0137
14827.00000 0.0139
14834.00000 0.0143
14841.00000 0.0145
14848.00000 0.0148
14856.00000 0.0152
14863.00000 0.0155
14870.00000 0.0158
14877.00000 0.0162
14885.00000 0.0167
14892.00000 0.017
14899.00000 0.0174
14906.00000 0.0177
14914.00000 0.0182
14921.00000 0.0187
14928.00000 0.0192
14935.00000 0.0196
14943.00000 0.0202
14950.00000 0.0208
14957.00000 0.0213
14964.00000 0.022
14972.00000 0.0226
14979.00000 0.0233
14986.00000 0.024
14993.00000 0.0249
15000.00000 0.0256
15008.00000 0.0263
15015.00000 0.0273
15022.00000 0.0281
15029.00000 0.0291
15037.00000 0.0301
15044.00000 0.0313
15051.00000 0.0325
15058.00000 0.0336
15066.00000 0.0349
15073.00000 0.0364
15080.00000 0.0379
15087.00000 0.0395
15095.00000 0.0411
15102.00000 0.0429
15109.00000 0.0448
15116.00000 0.0467
15124.00000 0.0488
15131.00000 0.051
15138.00000 0.0536
15145.00000 0.056
15153.00000 0.0587
15160.00000 0.0618
15167.00000 0.0648
15174.00000 0.0681
15182.00000 0.0718
15189.00000 0.0758
15196.00000 0.0798
15203.00000 0.0844
15211.00000 0.0888
15218.00000 0.094
15225.00000 0.0994
15232.00000 0.1051
15240.00000 0.1114
15247.00000 0.1181
15254.00000 0.1252
15261.00000 0.133
15269.00000 0.141
15276.00000 0.1501
15283.00000 0.1595
15290.00000 0.1692
15298.00000 0.1802
15305.00000 0.1915
15312.00000 0.2036
15320.00000 0.2166
15327.00000 0.2306
15334.00000 0.2451
15341.00000 0.2605
15349.00000 0.2765
15356.00000 0.2934
15363.00000 0.3108
15370.00000 0.3296
15378.00000 0.3484
15385.00000 0.3685
15392.00000 0.3892
15399.00000 0.4102
15407.00000 0.4317
15414.00000 0.454
15421.00000 0.4756
15428.00000 0.4978
15436.00000 0.5196
15443.00000 0.5416
15450.00000 0.564
15457.00000 0.5851
15465.00000 0.6057
15472.00000 0.626
15479.00000 0.645
15486.00000 0.6638
15494.00000 0.6804
15501.00000 0.6967
15508.00000 0.7117
15516.00000 0.7251
15523.00000 0.7379
15530.00000 0.7496
15537.00000 0.7597
15545.00000 0.7692
15552.00000 0.7771
15559.00000 0.7841
15566.00000 0.7896
15574.00000 0.7952
15581.00000 0.8002
15588.00000 0.8039
15595.00000 0.8049
15603.00000 0.8029
15610.00000 0.8038
15617.00000 0.8128
15624.00000 0.8148
15632.00000 0.8151
15639.00000 0.8164
15646.00000 0.8173
15654.00000 0.8176
15661.00000 0.8188
15668.00000 0.8184
15675.00000 0.8195
15683.00000 0.8199
15690.00000 0.8203
15697.00000 0.8207
15704.00000 0.8211
15712.00000 0.8215
15719.00000 0.8227
15726.00000 0.8234
15734.00000 0.8248
15741.00000 0.826
15748.00000 0.8262
15755.00000 0.8276
15763.00000 0.8287
15770.00000 0.8294
15777.00000 0.8304
15784.00000 0.8318
15792.00000 0.8329
15799.00000 0.8339
15806.00000 0.8344
15814.00000 0.833
15821.00000 0.8354
15828.00000 0.8368
15835.00000 0.8374
15843.00000 0.8371
15850.00000 0.8369
15857.00000 0.8369
15864.00000 0.8362
15872.00000 0.8349
15879.00000 0.8343
15886.00000 0.8327
15893.00000 0.8314
15901.00000 0.8291
15908.00000 0.8273
15915.00000 0.8247
15922.00000 0.8222
15930.00000 0.8181
15937.00000 0.8157
15944.00000 0.8117
15952.00000 0.8076
15959.00000 0.8042
15966.00000 0.7993
15973.00000 0.7945
15981.00000 0.79
15988.00000 0.7837
15995.00000 0.7789
16003.00000 0.7736
16010.00000 0.7682
16017.00000 0.7625
16024.00000 0.7568
16032.00000 0.7508
16039.00000 0.7454
16046.00000 0.7397
16053.00000 0.734
16061.00000 0.7285
16068.00000 0.7228
16075.00000 0.7179
16083.00000 0.7129
16090.00000 0.7075
16097.00000 0.7031
16104.00000 0.6988
16112.00000 0.6937
16119.00000 0.6898
16126.00000 0.686
16133.00000 0.6822
16141.00000 0.6794
16148.00000 0.6764
16155.00000 0.674
16162.00000 0.672
16170.00000 0.67
16177.00000 0.6685
16184.00000 0.668
16191.00000 0.6671
16199.00000 0.6668
16206.00000 0.6666
16213.00000 0.668
16221.00000 0.6692
16228.00000 0.6708
16235.00000 0.6726
16242.00000 0.6751
16250.00000 0.6777
16257.00000 0.6809
16264.00000 0.6844
16271.00000 0.6887
16279.00000 0.6926
16286.00000 0.6972
16293.00000 0.7028
16301.00000 0.7082
16308.00000 0.7138
16315.00000 0.7199
16322.00000 0.726
16330.00000 0.7323
16337.00000 0.7388
16344.00000 0.7445
16351.00000 0.7511
16359.00000 0.7567
16366.00000 0.7621
16373.00000 0.7669
16380.00000 0.7711
16388.00000 0.774
16395.00000 0.7761
16402.00000 0.7771
16410.00000 0.776
16417.00000 0.7741
16424.00000 0.77
16431.00000 0.7635
16439.00000 0.7565
16446.00000 0.747
16453.00000 0.7348
16460.00000 0.7207
16468.00000 0.7048
16475.00000 0.6869
16482.00000 0.6672
16489.00000 0.6461
16497.00000 0.6232
16504.00000 0.5998
16511.00000 0.5753
16519.00000 0.55
16526.00000 0.5248
16533.00000 0.4991
16540.00000 0.4734
16548.00000 0.4487
16555.00000 0.4246
16562.00000 0.4007
16569.00000 0.3776
16577.00000 0.3558
16584.00000 0.3346
16591.00000 0.3146
16598.00000 0.2954
16606.00000 0.2773
16613.00000 0.2607
16620.00000 0.2447
16628.00000 0.2295
16635.00000 0.2154
16642.00000 0.2023
16649.00000 0.1903
16657.00000 0.1788
16664.00000 0.168
16671.00000 0.158
16678.00000 0.1485
16686.00000 0.1428
16693.00000 0.1357
16700.00000 0.1279
16707.00000 0.1196
16715.00000 0.1133
16722.00000 0.1063
16729.00000 0.0993
16737.00000 0.0941
16744.00000 0.0893
16751.00000 0.0847
16758.00000 0.0803
16766.00000 0.0763
16773.00000 0.0726
16780.00000 0.069
16787.00000 0.0658
16795.00000 0.0626
16802.00000 0.0597
16809.00000 0.057
16816.00000 0.0544
16824.00000 0.052
16831.00000 0.0498
16838.00000 0.0477
16845.00000 0.0457
16853.00000 0.0439
16860.00000 0.0421
16867.00000 0.0404
16874.00000 0.0389
16882.00000 0.0374
16889.00000 0.036
16896.00000 0.0347
16903.00000 0.0335
16911.00000 0.0323
16918.00000 0.0311
16925.00000 0.0301
16932.00000 0.0289
16940.00000 0.028
16947.00000 0.0272
16954.00000 0.0264
16961.00000 0.0255
16969.00000 0.0248
16976.00000 0.0239
16983.00000 0.0232
16990.00000 0.0225
16998.00000 0.0221
17005.00000 0.0215
17012.00000 0.0209
17020.00000 0.0203
17027.00000 0.0198
17034.00000 0.0191
17041.00000 0.0187
17048.00000 0.019
17056.00000 0.016
17063.00000 0.0155
17070.00000 0.017
17077.00000 0.0162
17085.00000 0.016
17092.00000 0.0156
17099.00000 0.0152
17106.00000 0.0149
17114.00000 0.0146
17121.00000 0.0141
17128.00000 0.0139
17135.00000 0.0137
17143.00000 0.0135
17150.00000 0.0131
17157.00000 0.0127
17164.00000 0.0124
17172.00000 0.0111
17179.00000 0.0116
17186.00000 0.0117
17193.00000 0.0114
17201.00000 0.0112
17208.00000 0.0111
17215.00000 0.0108
17222.00000 0.0105
17230.00000 0.0104
17237.00000 0.0101
17244.00000 0.0098
17251.00000 0.0097
17258.00000 0.0096
17266.00000 0.0094
17273.00000 0.0091
17280.00000 0.009
17287.00000 0.0088
17295.00000 0.0087
17302.00000 0.0086
17309.00000 0.0084
17316.00000 0.0082
17324.00000 0.0085
17331.00000 0.008
17338.00000 0.0078
17345.00000 0.0077
17353.00000 0.0077
17360.00000 0.0074
17367.00000 0.0073
17374.00000 0.0072
17382.00000 0.0071
17389.00000 0.0069
17396.00000 0.0065
17403.00000 0.0067
17411.00000 0.0067
17418.00000 0.0066
17425.00000 0.0065
17432.00000 0.0064
17439.00000 0.0062
17447.00000 0.0062
17454.00000 0.0063
17461.00000 0.0059
17468.00000 0.0059
17475.00000 0.0057
17483.00000 0.0056
17490.00000 0.0056
17497.00000 0.0055
17504.00000 0.0055
17512.00000 0.0053
17519.00000 0.0051
17526.00000 0.0051
17533.00000 0.0051
17541.00000 0.0049
17548.00000 0.0048
17555.00000 0.0048
17562.00000 0.0047
17569.00000 0.0046
17577.00000 0.0045
17584.00000 0.0046
17591.00000 0.0045
17598.00000 0.0043
17605.00000 0.0042
17613.00000 0.0042
17620.00000 0.0042
17627.00000 0.004
19389.69922 0.0
