threeML/data/optical_filters/TNG/NICS-Js.ecsv
# %ECSV 0.9
# ---
# datatype:
# - {name: wavelength, unit: Angstrom, datatype: float32}
# - {name: response, datatype: float32}
# meta: !!omap
# - {band_name: Js}
# - {group_name: NICS}
wavelength response
9979.20020 0.0
11088.00000 0.004
11094.00000 0.0041
11100.00000 0.0041
11106.00000 0.0041
11112.00000 0.0042
11118.00000 0.0043
11124.00000 0.0044
11130.00000 0.0043
11136.00000 0.0044
11142.00000 0.0047
11148.00000 0.0045
11154.00000 0.0047
11160.00000 0.005
11166.00000 0.0013
11172.00000 0.0035
11178.00000 0.0052
11184.00000 0.005
11190.00000 0.0051
11196.00000 0.0051
11202.00000 0.0052
11208.00000 0.0053
11214.00000 0.0053
11220.00000 0.0053
11226.00000 0.0055
11232.00000 0.0055
11238.00000 0.0054
11244.00000 0.0057
11250.00000 0.0058
11256.00000 0.0059
11262.00000 0.0059
11268.00000 0.006
11274.00000 0.0061
11280.00000 0.0062
11286.00000 0.0062
11292.00000 0.0064
11298.00000 0.0065
11304.00000 0.0066
11310.00000 0.0067
11316.00000 0.0068
11322.00000 0.0067
11328.00000 0.0069
11334.00000 0.0072
11340.00000 0.0072
11346.00000 0.0072
11352.00000 0.0074
11358.00000 0.0076
11364.00000 0.0076
11370.00000 0.0077
11376.00000 0.0079
11382.00000 0.0081
11388.00000 0.0081
11394.00000 0.0083
11400.00000 0.0085
11406.00000 0.0085
11412.00000 0.0087
11418.00000 0.009
11424.00000 0.0093
11430.00000 0.0095
11436.00000 0.0097
11442.00000 0.0099
11448.00000 0.0101
11454.00000 0.0105
11460.00000 0.0108
11466.00000 0.0112
11472.00000 0.0116
11478.00000 0.0121
11484.00000 0.0124
11490.00000 0.0128
11496.00000 0.0135
11502.00000 0.0142
11508.00000 0.0148
11514.00000 0.0156
11520.00000 0.0165
11526.00000 0.0174
11532.00000 0.0183
11538.00000 0.0194
11544.00000 0.0207
11550.00000 0.0222
11556.00000 0.0241
11562.00000 0.0263
11568.00000 0.0283
11574.00000 0.0306
11580.00000 0.033
11586.00000 0.0358
11592.00000 0.0389
11598.00000 0.0424
11604.00000 0.0462
11610.00000 0.0506
11616.00000 0.0559
11622.00000 0.0618
11628.00000 0.0686
11634.00000 0.0763
11640.00000 0.0851
11646.00000 0.0951
11652.00000 0.1067
11658.00000 0.1201
11664.00000 0.1351
11670.00000 0.1525
11676.00000 0.1728
11682.00000 0.196
11688.00000 0.2222
11694.00000 0.2516
11700.00000 0.2844
11706.00000 0.3206
11712.00000 0.3603
11718.00000 0.4022
11724.00000 0.4466
11730.00000 0.4919
11736.00000 0.538
11742.00000 0.5837
11748.00000 0.6268
11754.00000 0.6667
11760.00000 0.703
11766.00000 0.734
11772.00000 0.7594
11778.00000 0.7802
11784.00000 0.7957
11790.00000 0.8065
11796.00000 0.8127
11802.00000 0.8153
11808.00000 0.816
11814.00000 0.8144
11820.00000 0.811
11826.00000 0.8071
11832.00000 0.803
11838.00000 0.7984
11844.00000 0.7944
11850.00000 0.7911
11856.00000 0.7885
11862.00000 0.786
11868.00000 0.7843
11874.00000 0.7834
11880.00000 0.783
11886.00000 0.7828
11892.00000 0.7842
11898.00000 0.7853
11904.00000 0.7869
11910.00000 0.7887
11916.00000 0.7912
11922.00000 0.7936
11928.00000 0.7962
11934.00000 0.799
11940.00000 0.8022
11946.00000 0.8049
11952.00000 0.8081
11958.00000 0.8119
11964.00000 0.815
11970.00000 0.8181
11976.00000 0.8216
11982.00000 0.8251
11988.00000 0.8281
11994.00000 0.8314
12000.00000 0.8347
12006.00000 0.8383
12012.00000 0.8413
12018.00000 0.8438
12024.00000 0.846
12030.00000 0.8485
12036.00000 0.8515
12042.00000 0.8543
12048.00000 0.8574
12054.00000 0.8596
12060.00000 0.8608
12066.00000 0.862
12072.00000 0.8633
12078.00000 0.8647
12084.00000 0.8655
12090.00000 0.8661
12096.00000 0.8665
12102.00000 0.8673
12108.00000 0.8676
12114.00000 0.8665
12120.00000 0.8654
12126.00000 0.8648
12132.00000 0.8645
12138.00000 0.8634
12144.00000 0.8616
12150.00000 0.8598
12156.00000 0.8586
12162.00000 0.8577
12168.00000 0.8566
12174.00000 0.855
12180.00000 0.8539
12186.00000 0.8527
12192.00000 0.8515
12198.00000 0.8507
12204.00000 0.8495
12210.00000 0.8485
12216.00000 0.8478
12222.00000 0.8475
12228.00000 0.8475
12234.00000 0.8472
12240.00000 0.847
12246.00000 0.847
12252.00000 0.8474
12258.00000 0.8477
12264.00000 0.8483
12270.00000 0.849
12276.00000 0.85
12282.00000 0.8504
12288.00000 0.8509
12294.00000 0.8519
12300.00000 0.8528
12306.00000 0.8535
12312.00000 0.8544
12318.00000 0.8552
12324.00000 0.8554
12330.00000 0.8564
12336.00000 0.8575
12342.00000 0.8572
12348.00000 0.857
12354.00000 0.8572
12360.00000 0.8577
12366.00000 0.8579
12372.00000 0.858
12378.00000 0.8581
12384.00000 0.8578
12390.00000 0.8579
12396.00000 0.859
12402.00000 0.858
12408.00000 0.8563
12414.00000 0.8568
12420.00000 0.8574
12426.00000 0.8581
12432.00000 0.8603
12438.00000 0.8596
12444.00000 0.8563
12450.00000 0.858
12456.00000 0.859
12462.00000 0.8592
12468.00000 0.86
12474.00000 0.8614
12480.00000 0.8644
12486.00000 0.8647
12492.00000 0.8633
12498.00000 0.8646
12504.00000 0.8673
12510.00000 0.8685
12516.00000 0.8697
12522.00000 0.8708
12528.00000 0.8721
12534.00000 0.8734
12540.00000 0.8747
12546.00000 0.876
12552.00000 0.8772
12558.00000 0.8783
12564.00000 0.8795
12570.00000 0.8804
12576.00000 0.8815
12582.00000 0.8824
12588.00000 0.8835
12594.00000 0.8837
12600.00000 0.8846
12606.00000 0.8855
12612.00000 0.8865
12618.00000 0.8874
12624.00000 0.888
12630.00000 0.8887
12636.00000 0.889
12642.00000 0.8895
12648.00000 0.8905
12654.00000 0.8912
12660.00000 0.8917
12666.00000 0.892
12672.00000 0.8924
12678.00000 0.8931
12684.00000 0.8933
12690.00000 0.8941
12696.00000 0.895
12702.00000 0.895
12708.00000 0.8949
12714.00000 0.8957
12720.00000 0.8966
12726.00000 0.8973
12732.00000 0.898
12738.00000 0.8984
12744.00000 0.8991
12750.00000 0.8998
12756.00000 0.9004
12762.00000 0.9012
12768.00000 0.9022
12774.00000 0.9027
12780.00000 0.9032
12786.00000 0.9035
12792.00000 0.9046
12798.00000 0.9055
12804.00000 0.9042
12810.00000 0.9035
12816.00000 0.9037
12822.00000 0.9042
12828.00000 0.9039
12834.00000 0.9035
12840.00000 0.9028
12846.00000 0.9021
12852.00000 0.9009
12858.00000 0.8999
12864.00000 0.8984
12870.00000 0.8968
12876.00000 0.8955
12882.00000 0.8939
12888.00000 0.892
12894.00000 0.8906
12900.00000 0.8884
12906.00000 0.8856
12912.00000 0.884
12918.00000 0.8822
12924.00000 0.8801
12930.00000 0.8778
12936.00000 0.8752
12942.00000 0.8736
12948.00000 0.8745
12954.00000 0.8727
12960.00000 0.8658
12966.00000 0.8635
12972.00000 0.8642
12978.00000 0.8636
12984.00000 0.8621
12990.00000 0.8614
12996.00000 0.8608
13002.00000 0.8606
13008.00000 0.8594
13014.00000 0.8579
13020.00000 0.858
13026.00000 0.8581
13032.00000 0.8584
13038.00000 0.8583
13044.00000 0.8581
13050.00000 0.8587
13056.00000 0.8588
13062.00000 0.8598
13068.00000 0.8597
13074.00000 0.8597
13080.00000 0.8597
13086.00000 0.86
13092.00000 0.8598
13098.00000 0.8598
13104.00000 0.8596
13110.00000 0.8587
13116.00000 0.8574
13122.00000 0.8558
13128.00000 0.8542
13134.00000 0.8531
13140.00000 0.8511
13146.00000 0.849
13152.00000 0.8469
13158.00000 0.844
13164.00000 0.8411
13170.00000 0.8384
13176.00000 0.8361
13182.00000 0.8337
13188.00000 0.8312
13194.00000 0.8286
13200.00000 0.8265
13206.00000 0.8252
13212.00000 0.8223
13218.00000 0.8189
13224.00000 0.8167
13230.00000 0.8136
13236.00000 0.8094
13242.00000 0.8069
13248.00000 0.8035
13254.00000 0.799
13260.00000 0.7939
13266.00000 0.7881
13272.00000 0.7782
13278.00000 0.765
13284.00000 0.7514
13290.00000 0.7355
13296.00000 0.7157
13302.00000 0.6929
13308.00000 0.6663
13314.00000 0.6355
13320.00000 0.6016
13326.00000 0.5666
13332.00000 0.5295
13338.00000 0.4906
13344.00000 0.4512
13350.00000 0.4121
13356.00000 0.3748
13362.00000 0.3392
13368.00000 0.3063
13374.00000 0.2742
13380.00000 0.2431
13386.00000 0.2166
13392.00000 0.1921
13398.00000 0.1693
13404.00000 0.1504
13410.00000 0.1335
13416.00000 0.1187
13422.00000 0.1057
13428.00000 0.0942
13434.00000 0.0843
13440.00000 0.0756
13446.00000 0.0679
13452.00000 0.0612
13458.00000 0.0555
13464.00000 0.0504
13470.00000 0.0459
13476.00000 0.0419
13482.00000 0.0385
13488.00000 0.0355
13494.00000 0.0327
13500.00000 0.03
13506.00000 0.0278
13512.00000 0.0261
13518.00000 0.0246
13524.00000 0.0231
13530.00000 0.0217
13536.00000 0.0205
13542.00000 0.0195
13548.00000 0.0185
13554.00000 0.0176
13560.00000 0.0168
13566.00000 0.0159
13572.00000 0.0152
13578.00000 0.0147
13584.00000 0.0141
13590.00000 0.0136
13596.00000 0.0131
13602.00000 0.0127
13608.00000 0.0123
13614.00000 0.0119
13620.00000 0.0115
13626.00000 0.0112
13632.00000 0.0108
13638.00000 0.0105
13644.00000 0.0102
13650.00000 0.01
13656.00000 0.0098
13662.00000 0.0094
13668.00000 0.0092
13674.00000 0.009
13680.00000 0.0088
13686.00000 0.0087
13692.00000 0.0084
13698.00000 0.0083
13704.00000 0.0083
13710.00000 0.0079
13716.00000 0.0075
13722.00000 0.0074
13728.00000 0.0075
13734.00000 0.0074
13740.00000 0.0074
13746.00000 0.0072
13752.00000 0.0071
13758.00000 0.007
13764.00000 0.0067
13770.00000 0.0056
13776.00000 0.0068
13782.00000 0.0069
13788.00000 0.0067
13794.00000 0.0064
13800.00000 0.0063
13806.00000 0.0064
13812.00000 0.0063
13818.00000 0.0061
13824.00000 0.0061
13830.00000 0.006
13836.00000 0.0058
13842.00000 0.0058
13848.00000 0.0057
13854.00000 0.0055
13860.00000 0.0054
13866.00000 0.0054
13872.00000 0.0054
13878.00000 0.0053
13884.00000 0.0053
13890.00000 0.0053
13896.00000 0.0053
13902.00000 0.0051
13908.00000 0.005
13914.00000 0.0051
13920.00000 0.0051
13926.00000 0.0049
13932.00000 0.0049
13938.00000 0.0048
13944.00000 0.0047
13950.00000 0.0045
13956.00000 0.0045
13962.00000 0.0044
13968.00000 0.0042
13974.00000 0.0041
13980.00000 0.0041
15378.00000 0.0
