threeML/data/optical_filters/TNG/OIG-SDSS_u.ecsv
# %ECSV 0.9
# ---
# datatype:
# - {name: wavelength, unit: Angstrom, datatype: float32}
# - {name: response, datatype: float32}
# meta: !!omap
# - {band_name: SDSS_u}
# - {group_name: OIG}
wavelength response
2668.50000 0.0
2965.00000 0.004791
2970.00000 0.008146
2975.00000 0.012908
2980.00000 0.019225
2985.00000 0.027075
2990.00000 0.035855
2995.00000 0.045411
3000.00000 0.055297
3005.00000 0.065243
3010.00000 0.075906
3015.00000 0.087398
3020.00000 0.099971
3025.00000 0.113921
3030.00000 0.128073
3035.00000 0.142415
3040.00000 0.155907
3045.00000 0.168035
3050.00000 0.179602
3055.00000 0.190609
3060.00000 0.201818
3065.00000 0.213819
3070.00000 0.225727
3075.00000 0.237757
3080.00000 0.249234
3085.00000 0.25976
3090.00000 0.269355
3095.00000 0.278433
3100.00000 0.287271
3105.00000 0.296696
3110.00000 0.306725
3115.00000 0.317991
3120.00000 0.330223
3125.00000 0.342782
3130.00000 0.35571
3135.00000 0.367985
3140.00000 0.379431
3145.00000 0.390165
3150.00000 0.399734
3155.00000 0.408512
3160.00000 0.416469
3165.00000 0.423806
3170.00000 0.430899
3175.00000 0.437303
3180.00000 0.444196
3185.00000 0.450466
3190.00000 0.456979
3195.00000 0.464692
3200.00000 0.473458
3205.00000 0.482752
3210.00000 0.493497
3215.00000 0.505357
3220.00000 0.517666
3225.00000 0.530413
3230.00000 0.542587
3235.00000 0.553549
3240.00000 0.563427
3245.00000 0.571576
3250.00000 0.578459
3255.00000 0.583819
3260.00000 0.588853
3265.00000 0.593484
3270.00000 0.598302
3275.00000 0.60388
3280.00000 0.610656
3285.00000 0.617871
3290.00000 0.626294
3295.00000 0.634835
3300.00000 0.643756
3305.00000 0.651663
3310.00000 0.65978
3315.00000 0.665727
3320.00000 0.672058
3325.00000 0.676358
3330.00000 0.681377
3335.00000 0.685047
3340.00000 0.689241
3345.00000 0.693383
3350.00000 0.697723
3355.00000 0.702513
3360.00000 0.707091
3365.00000 0.712484
3370.00000 0.71699
3375.00000 0.721438
3380.00000 0.725079
3385.00000 0.728263
3390.00000 0.731418
3395.00000 0.733289
3400.00000 0.735295
3405.00000 0.736915
3410.00000 0.739257
3415.00000 0.741894
3420.00000 0.744169
3425.00000 0.746976
3430.00000 0.750402
3435.00000 0.753259
3440.00000 0.756054
3445.00000 0.759075
3450.00000 0.761062
3455.00000 0.762671
3460.00000 0.764013
3465.00000 0.765114
3470.00000 0.765509
3475.00000 0.76619
3480.00000 0.766721
3485.00000 0.768192
3490.00000 0.768277
3495.00000 0.769624
3500.00000 0.772193
3505.00000 0.775502
3510.00000 0.778789
3515.00000 0.78208
3520.00000 0.785575
3525.00000 0.78851
3530.00000 0.791113
3535.00000 0.792543
3540.00000 0.793904
3545.00000 0.794044
3550.00000 0.793525
3555.00000 0.792922
3560.00000 0.791183
3565.00000 0.790104
3570.00000 0.788283
3575.00000 0.786745
3580.00000 0.786047
3585.00000 0.785355
3590.00000 0.784566
3595.00000 0.784857
3600.00000 0.784462
3605.00000 0.784671
3610.00000 0.785078
3615.00000 0.78378
3620.00000 0.783239
3625.00000 0.781631
3630.00000 0.779469
3635.00000 0.776173
3640.00000 0.772444
3645.00000 0.768602
3650.00000 0.76377
3655.00000 0.758903
3660.00000 0.753072
3665.00000 0.748257
3670.00000 0.742556
3675.00000 0.737031
3680.00000 0.732508
3685.00000 0.726648
3690.00000 0.721349
3695.00000 0.716289
3700.00000 0.71074
3705.00000 0.704351
3710.00000 0.698075
3715.00000 0.690968
3720.00000 0.683241
3725.00000 0.674659
3730.00000 0.665412
3735.00000 0.65522
3740.00000 0.64401
3745.00000 0.632464
3750.00000 0.620346
3755.00000 0.606788
3760.00000 0.593674
3765.00000 0.579784
3770.00000 0.565168
3775.00000 0.55061
3780.00000 0.53614
3785.00000 0.520782
3790.00000 0.505124
3795.00000 0.488831
3800.00000 0.472266
3805.00000 0.455725
3810.00000 0.43849
3815.00000 0.420731
3820.00000 0.403111
3825.00000 0.384878
3830.00000 0.366082
3835.00000 0.347711
3840.00000 0.328845
3845.00000 0.310158
3850.00000 0.291604
3855.00000 0.272929
3860.00000 0.254869
3865.00000 0.237168
3870.00000 0.21964
3875.00000 0.203054
3880.00000 0.186721
3885.00000 0.171218
3890.00000 0.15623
3895.00000 0.141911
3900.00000 0.128427
3905.00000 0.115579
3910.00000 0.103588
3915.00000 0.092518
3920.00000 0.082031
3925.00000 0.072364
3930.00000 0.063459
3935.00000 0.055232
3940.00000 0.047949
3945.00000 0.041337
3950.00000 0.035351
3955.00000 0.030124
3960.00000 0.025409
3965.00000 0.021342
3970.00000 0.017872
3975.00000 0.014791
3980.00000 0.012222
3985.00000 0.010038
3990.00000 0.008171
3995.00000 0.006639
4000.00000 0.005363
4005.00000 0.004296
4405.50000 0.0
