threeML/data/optical_filters/HST/ACS_HRC-F775W.ecsv
# %ECSV 0.9
# ---
# datatype:
# - {name: wavelength, unit: Angstrom, datatype: float32}
# - {name: response, datatype: float32}
# meta: !!omap
# - {band_name: F775W}
# - {group_name: ACS_HRC}
wavelength response
[from data line 770]
7128.95996 0.864389
7129.64990 0.864035
7130.33008 0.864668
7131.02002 0.866336
7131.70020 0.868023
7132.39014 0.869701
7133.06982 0.871381
7133.75977 0.873067
7134.45020 0.874745
7135.12988 0.876422
7135.81982 0.878108
7136.50977 0.879777
7137.18994 0.881465
7137.87988 0.88315
7138.56982 0.884818
7139.25977 0.886504
7139.93994 0.888182
7140.62988 0.889181
7141.31982 0.890122
7142.00000 0.891055
7142.68994 0.891991
7143.37988 0.892931
7144.06006 0.89386
7144.75000 0.894801
7145.43994 0.895741
7146.12988 0.89667
7146.81982 0.897611
7147.50977 0.89855
7148.18994 0.899479
7148.87988 0.900418
7149.56982 0.901353
7150.25000 0.902479
7150.93994 0.903938
7151.62988 0.905392
7152.31982 0.906852
7153.00977 0.908304
7153.68994 0.909748
7154.39014 0.911208
7155.08008 0.912667
7155.75977 0.914109
7156.45020 0.915569
7157.14014 0.91703
7157.83008 0.918471
7158.52002 0.919931
7159.20996 0.921383
7159.89990 0.922842
7160.58984 0.922805
7161.27002 0.922507
7161.95996 0.92221
7162.64990 0.921912
7163.33984 0.921615
7164.02979 0.921313
7164.72021 0.921015
7165.41016 0.920716
7166.10010 0.92042
7166.79004 0.920121
7167.47998 0.919823
7168.16992 0.919524
7168.85986 0.919228
7169.54980 0.918928
7170.24023 0.918977
7170.93018 0.919685
7171.62012 0.920389
7172.31006 0.921099
7173.00000 0.921812
7173.68994 0.922512
7174.37988 0.923223
7175.06982 0.923934
7175.75977 0.924634
7176.45020 0.925341
7177.14014 0.926053
7177.83008 0.926759
7178.52002 0.927465
7179.22021 0.928174
7179.89990 0.928879
7180.60010 0.929462
7181.27979 0.930018
7181.97998 0.930581
7182.66992 0.931143
7183.35986 0.931699
7184.04980 0.932263
7184.75000 0.932826
7185.43018 0.933384
7186.12988 0.93395
7186.81982 0.934513
7187.50977 0.935075
7188.20020 0.93564
7188.89014 0.936204
7189.58008 0.936768
7190.27979 0.937452
7190.97021 0.938301
7191.66016 0.939157
7192.35010 0.940014
7193.04004 0.940862
7193.74023 0.941718
7194.43018 0.942568
7195.12012 0.94342
7195.81006 0.94428
7196.50977 0.945132
7197.20020 0.945984
7197.89014 0.94684
7198.58008 0.94769
7199.27979 0.948541
7199.97021 0.949397
7200.66016 0.950412
7201.35010 0.951445
7202.04980 0.952476
7202.74023 0.953496
7203.43994 0.954528
7204.12988 0.955554
7204.81982 0.956576
7205.52002 0.957609
7206.20996 0.958636
7206.89990 0.959667
7207.60010 0.960691
7208.27979 0.961709
7208.97998 0.96274
7209.68018 0.963771
7210.37012 0.964367
7211.06006 0.964596
7211.75977 0.964827
7212.45020 0.965054
7213.14990 0.965284
7213.83984 0.965511
7214.54004 0.965741
7215.22998 0.96597
7215.91992 0.966199
7216.62012 0.966428
7217.31006 0.966656
7218.00000 0.966884
7218.70020 0.967113
7219.39990 0.967343
7220.10010 0.96763
7220.77979 0.96828
7221.47998 0.968934
7222.18018 0.969585
7222.87012 0.970238
7223.56006 0.970889
7224.25977 0.971544
7224.95996 0.972195
7225.64990 0.972847
7226.35010 0.973502
7227.04004 0.974152
7227.74023 0.974808
7228.43018 0.975455
7229.12988 0.976107
7229.83008 0.976762
7230.52002 0.976758
7231.20996 0.976538
7231.91016 0.976317
7232.60986 0.976097
7233.29980 0.975877
7234.00000 0.975652
7234.70020 0.975433
7235.39990 0.975212
7236.08984 0.974992
7236.79004 0.974771
7237.47998 0.974549
7238.18018 0.97433
7238.87988 0.974108
7239.56982 0.973887
7240.27002 0.974002
7240.97021 0.974658
7241.66016 0.975311
7242.35986 0.975963
7243.06006 0.976619
7243.75000 0.97727
7244.45020 0.977922
7245.14990 0.978577
7245.83984 0.979223
7246.54004 0.979879
7247.24023 0.980535
7247.93018 0.981183
7248.62988 0.981837
7249.33984 0.982492
7250.02979 0.983088
7250.72998 0.982404
7251.41992 0.981723
7252.12012 0.981041
7252.81982 0.980358
7253.52002 0.979677
7254.22021 0.978996
7254.91992 0.978312
7255.60986 0.977635
7256.31006 0.976951
7257.00977 0.976267
7257.70020 0.97559
7258.41016 0.974907
7259.10010 0.974227
7259.79980 0.973545
7260.50000 0.973884
7261.20020 0.974625
7261.89990 0.975369
7262.60010 0.97611
7263.29980 0.97685
7263.99023 0.977591
7264.70020 0.978334
7265.39014 0.97907
7266.08984 0.979815
7266.79980 0.980559
7267.49023 0.981294
7268.18994 0.982038
7268.89014 0.982778
7269.58984 0.98352
7270.29004 0.983948
7270.99023 0.983936
7271.68994 0.983924
7272.39014 0.983913
7273.08984 0.983901
7273.79004 0.983889
7274.49023 0.983878
7275.18994 0.983866
7275.89014 0.983853
7276.58984 0.983841
7277.29004 0.98383
7277.99023 0.983818
7278.68994 0.983806
7279.39014 0.983795
7280.08984 0.983644
7280.79004 0.982565
7281.49023 0.981479
7282.18994 0.980401
7282.89990 0.979317
7283.58984 0.978245
7284.29980 0.977161
7285.00000 0.976078
7285.70020 0.975006
7286.39990 0.973922
7287.10010 0.972839
7287.79980 0.971767
7288.50000 0.970689
7289.20996 0.969606
7289.91016 0.968529
7290.60986 0.968761
7291.31006 0.969193
7292.00977 0.969625
7292.72021 0.970059
7293.41016 0.97049
7294.12012 0.970924
7294.81982 0.971358
7295.52002 0.971788
7296.22021 0.972222
7296.93018 0.972656
7297.62988 0.973087
7298.33008 0.973521
7299.02979 0.973954
7299.72998 0.974384
7300.43994 0.9752
7301.14014 0.976234
7301.83984 0.977279
7302.54980 0.978326
7303.24023 0.979361
7303.95020 0.980407
7304.66016 0.981453
7305.35010 0.982489
7306.06006 0.983536
7306.75977 0.984573
7307.45996 0.985612
7308.16992 0.986657
7308.87012 0.987698
7309.56982 0.988737
7310.27979 0.9896
7310.97998 0.990182
7311.68994 0.990774
7312.39014 0.991364
7313.08984 0.991947
7313.79980 0.992536
7314.50000 0.993124
7315.20020 0.993706
7315.91016 0.994295
7316.60986 0.994882
7317.31982 0.995471
7318.02002 0.996055
7318.72998 0.99664
7319.43018 0.997226
7320.14014 0.997611
7320.83984 0.997138
7321.54004 0.996659
7322.25000 0.996179
7322.95020 0.995706
7323.66016 0.995226
7324.35986 0.994747
7325.06982 0.994269
7325.77002 0.993792
7326.47998 0.993316
7327.18018 0.992837
7327.89014 0.992361
7328.58984 0.991886
7329.29980 0.991411
7330.00000 0.990928
7330.70020 0.990029
7331.41016 0.98912
7332.12012 0.988211
7332.83008 0.9873
7333.52979 0.986403
7334.22998 0.985501
7334.93994 0.984592
7335.64990 0.983688
7336.35010 0.982784
7337.06006 0.981877
7337.77002 0.980972
7338.47998 0.980062
7339.18018 0.979164
7339.89014 0.978255
7340.60010 0.979047
7341.29980 0.980153
7342.00977 0.981272
7342.70996 0.98239
7343.41992 0.983494
7344.12012 0.984605
7344.83008 0.985724
7345.54004 0.986835
7346.25000 0.987953
7346.95020 0.989064
7347.66016 0.990176
7348.37012 0.991294
7349.06982 0.9924
7349.77979 0.993515
7350.49023 0.993848
7351.18994 0.993831
7351.89990 0.993812
7352.60986 0.993795
7353.31982 0.993778
7354.02979 0.993758
7354.72998 0.993742
7355.43994 0.993723
7356.14990 0.993703
7356.85986 0.993686
7357.56006 0.993668
7358.27002 0.99365
7358.97998 0.993631
7359.68994 0.993614
7360.39990 0.993283
7361.10010 0.992713
7361.81006 0.992137
7362.52002 0.991562
7363.22998 0.990988
7363.93994 0.990412
7364.64990 0.98984
7365.35010 0.989266
7366.06982 0.98869
7366.77002 0.98812
7367.47998 0.987544
7368.18994 0.986967
7368.89990 0.986396
7369.60986 0.985821
7370.31982 0.985983
7371.02979 0.987025
7371.74023 0.988078
7372.45020 0.989125
7373.16016 0.990179
7373.87012 0.991228
7374.58008 0.992274
7375.29004 0.993325
7376.00000 0.994372
7376.70020 0.995414
7377.41016 0.996467
7378.12988 0.997519
7378.83008 0.99856
7379.54980 0.999611
7380.25977 1.0
7380.97021 0.999227
7381.68018 0.998454
7382.39014 0.997681
7383.10010 0.996903
7383.81006 0.996131
7384.52002 0.995358
7385.22998 0.99458
7385.93994 0.993805
7386.64990 0.993037
7387.35986 0.992261
7388.06982 0.991482
7388.79004 0.990704
7389.49023 0.989937
7390.20020 0.989401
7390.91992 0.989454
7391.62988 0.989506
7392.33984 0.989557
7393.04980 0.98961
7393.75977 0.989662
7394.47998 0.989713
7395.18994 0.989764
7395.89990 0.989816
7396.60986 0.98987
7397.31982 0.989924
7398.02979 0.989976
7398.75000 0.990027
7399.45996 0.990079
7400.16992 0.990195
7400.87988 0.990518
7401.58984 0.990839
7402.31006 0.991162
7403.02002 0.991484
7403.72998 0.991807
7404.43994 0.99213
7405.14990 0.992449
7405.87012 0.992772
7406.58008 0.993094
7407.29004 0.993412
7408.00977 0.993736
7408.72021 0.994061
7409.43018 0.994381
7410.14990 0.994439
7410.85986 0.993472
7411.56982 0.992505
7412.29004 0.991533
7413.00000 0.990566
7413.70996 0.989599
7414.43018 0.988629
7415.14014 0.987668
7415.85010 0.986698
7416.56982 0.985726
7417.27979 0.984765
7417.99023 0.983794
7418.70996 0.982829
7419.41992 0.981864
7420.14014 0.980989
7420.85010 0.980528
7421.56006 0.980066
7422.27979 0.979601
7422.99023 0.979139
7423.70996 0.978678
7424.41992 0.978214
7425.12988 0.977756
7425.85010 0.977293
7426.56982 0.976828
7427.27979 0.976368
7427.99023 0.975904
7428.70996 0.975443
7429.43018 0.974979
7430.14014 0.974626
7430.85010 0.974724
7431.56982 0.974822
7432.27979 0.974918
7433.00000 0.975014
7433.70996 0.975111
7434.43018 0.975208
7435.14014 0.975304
7435.85986 0.975402
7436.58008 0.975498
7437.29980 0.975592
7438.00977 0.975686
7438.72021 0.975782
7439.43994 0.975879
7440.16016 0.975774
7440.87012 0.974946
7441.58984 0.974113
7442.31006 0.973286
7443.02002 0.972464
7443.72998 0.971631
7444.45020 0.970799
7445.16992 0.969968
7445.87988 0.969146
7446.60010 0.968314
7447.31982 0.967483
7448.02979 0.966662
7448.75000 0.965833
7449.47021 0.965001
7450.18994 0.964436
7450.91016 0.964616
7451.62012 0.964794
7452.33984 0.964971
7453.06006 0.96515
7453.77002 0.965324
7454.49023 0.965502
7455.20996 0.96568
7455.91992 0.965856
7456.64014 0.966033
7457.35986 0.966212
7458.08008 0.966389
7458.79980 0.966567
7459.50977 0.966743
7460.22998 0.966767
7460.95020 0.966468
7461.66016 0.966171
7462.37988 0.965869
7463.10010 0.965568
7463.81982 0.965271
7464.54004 0.96497
7465.25977 0.964669
7465.97021 0.964372
7466.68994 0.964071
7467.41016 0.963772
7468.12988 0.963473
7468.85010 0.963173
7469.56982 0.962874
7470.29004 0.962698
7471.00977 0.962705
7471.72021 0.962714
7472.43994 0.962722
7473.16992 0.96273
7473.87988 0.96274
7474.60010 0.962748
7475.31982 0.962755
7476.04004 0.962761
7476.75977 0.962769
7477.47998 0.962777
7478.20020 0.962785
7478.91992 0.962793
7479.64014 0.962801
7480.35986 0.962808
7481.08008 0.962816
7481.79980 0.962822
7482.52002 0.962828
7483.24023 0.962834
7483.95996 0.962841
7484.68018 0.962848
7485.39990 0.962854
7486.12012 0.962861
7486.83984 0.962869
7487.56006 0.962875
7488.27979 0.96288
7489.00000 0.962884
7489.72021 0.962892
7490.43994 0.963054
7491.16992 0.963313
7491.87988 0.963569
7492.60010 0.963828
7493.33008 0.964086
7494.04980 0.964344
7494.77002 0.9646
7495.49023 0.964857
7496.20996 0.965115
7496.93018 0.965374
7497.64990 0.965628
7498.37988 0.965886
7499.10010 0.966144
7499.81006 0.966399
7500.54004 0.966296
7501.25977 0.966068
7501.99023 0.96584
7502.70996 0.965616
7503.43018 0.965388
7504.16016 0.965161
7504.87012 0.964938
7505.58984 0.96471
7506.31982 0.964483
7507.04004 0.964257
7507.77002 0.96403
7508.49023 0.963804
7509.20996 0.963579
7509.93018 0.963351
7510.64990 0.963678
7511.37988 0.964066
7512.10010 0.964454
7512.81982 0.964837
7513.54980 0.965224
7514.27002 0.96561
7514.99023 0.965996
7515.72021 0.966381
7516.43994 0.966766
7517.16016 0.967151
7517.89014 0.967539
7518.60986 0.967923
7519.33008 0.968309
7520.06006 0.968722
7520.77979 0.969416
7521.50000 0.970119
7522.22998 0.970822
7522.95020 0.971517
7523.68018 0.972222
7524.39990 0.972921
7525.12012 0.97362
7525.85010 0.974322
7526.56982 0.975021
7527.29004 0.975718
7528.02002 0.976421
7528.74023 0.977114
7529.47021 0.977817
7530.20020 0.978294
7530.91016 0.978162
7531.64014 0.978029
7532.37012 0.977897
7533.08984 0.977765
7533.81982 0.977632
7534.54004 0.977499
7535.27002 0.977368
7535.99023 0.977236
7536.72021 0.977103
7537.45020 0.97697
7538.16992 0.976836
7538.89014 0.976705
7539.62012 0.976573
7540.35010 0.976535
7541.06982 0.976599
7541.79980 0.976664
7542.52002 0.976727
7543.25000 0.976791
7543.97021 0.976856
7544.70020 0.976921
7545.43018 0.976985
7546.14990 0.977049
7546.87988 0.977113
7547.60986 0.977179
7548.33008 0.977244
7549.04980 0.977308
7549.77979 0.97737
7550.50977 0.977034
7551.24023 0.976529
7551.95996 0.97603
7552.68994 0.975527
7553.41992 0.97502
7554.14014 0.974517
7554.87012 0.974016
7555.60010 0.97351
7556.33008 0.973008
7557.04980 0.972506
7557.77979 0.972001
7558.50977 0.971498
7559.24023 0.970993
7559.95996 0.970493
7560.68994 0.970484
7561.41992 0.970504
7562.14014 0.970523
7562.87012 0.970543
7563.60010 0.970562
7564.33008 0.970582
7565.06006 0.970602
7565.79004 0.970618
7566.50977 0.970638
7567.24023 0.970658
7567.97021 0.970676
7568.70020 0.970696
7569.43018 0.970716
7570.14990 0.970732
7570.87988 0.970741
7571.60986 0.970749
7572.33984 0.970758
7573.06982 0.970765
7573.79980 0.970772
7574.52002 0.97078
7575.25977 0.970788
7575.97998 0.970795
7576.70996 0.970804
7577.43994 0.970812
7578.16992 0.97082
7578.89990 0.970829
7579.62988 0.970837
7580.35986 0.970595
7581.08984 0.970093
7581.81982 0.969595
7582.54980 0.969097
7583.27979 0.968596
7584.00977 0.968098
7584.74023 0.967599
7585.47021 0.967099
7586.20020 0.966601
7586.93018 0.966103
7587.66016 0.965603
7588.39014 0.965107
7589.12012 0.964606
7589.85010 0.964106
7590.58008 0.963654
7591.31006 0.963208
7592.04004 0.962763
7592.77002 0.962318
7593.50000 0.961871
7594.22998 0.961426
7594.97021 0.96098
7595.70020 0.960534
7596.43018 0.96009
7597.14990 0.959647
7597.89014 0.959202
7598.60986 0.95876
7599.35010 0.958313
7600.08008 0.957885
7600.81982 0.95761
7601.54004 0.95734
7602.27002 0.957068
7603.00977 0.956795
7603.74023 0.956522
7604.47021 0.956249
7605.20020 0.955974
7605.93994 0.955701
7606.66016 0.955431
7607.39990 0.955156
7608.12988 0.954881
7608.87012 0.954607
7609.58984 0.954337
7610.33008 0.954255
7611.06006 0.95441
7611.79004 0.954566
7612.52002 0.954721
7613.25977 0.954876
7613.99023 0.955029
7614.72021 0.955185
7615.45996 0.95534
7616.18994 0.955494
7616.93018 0.955648
7617.64990 0.9558
7618.39014 0.955955
7619.12012 0.95611
7619.85010 0.956261
7620.58008 0.956165
7621.31982 0.956005
7622.04980 0.955846
7622.79004 0.955686
7623.52002 0.955526
7624.25000 0.955367
7624.99023 0.955206
7625.72021 0.955049
7626.45996 0.954888
7627.18994 0.954727
7627.91992 0.954569
7628.66016 0.954409
7629.39990 0.954248
7630.12012 0.954004
7630.85986 0.953345
7631.60010 0.952692
7632.33008 0.952038
7633.06982 0.95138
7633.79980 0.950728
7634.52979 0.950075
7635.27002 0.949419
7636.00000 0.948768
7636.74023 0.948111
7637.47998 0.947455
7638.20020 0.946806
7638.93994 0.946149
7639.68018 0.945495
7640.41016 0.944887
7641.14990 0.944302
7641.87988 0.943724
7642.62012 0.943144
7643.35986 0.942562
7644.08984 0.941983
7644.81982 0.941403
7645.56006 0.940822
7646.29004 0.940247
7647.02979 0.939665
7647.77002 0.939085
7648.50000 0.938509
7649.24023 0.937926
7649.97998 0.937347
7650.70996 0.937337
7651.45020 0.937345
7652.18994 0.937354
7652.93018 0.937364
7653.66016 0.937369
7654.39990 0.937375
7655.12988 0.937383
7655.87012 0.937393
7656.60010 0.937397
7657.33984 0.937403
7658.08008 0.937411
7658.81006 0.937418
7659.54980 0.937423
7660.29004 0.937573
7661.02979 0.937946
7661.77002 0.938318
7662.50000 0.938692
7663.24023 0.939065
7663.97998 0.939432
7664.70996 0.939801
7665.45020 0.940174
7666.18994 0.940547
7666.93018 0.940919
7667.66016 0.941285
7668.39990 0.941656
7669.14990 0.942025
7669.87988 0.942391
7670.62012 0.941576
7671.35986 0.940523
7672.08984 0.939475
7672.83008 0.938431
7673.56982 0.937379
7674.31006 0.936333
7675.04980 0.935282
7675.77979 0.934241
7676.52979 0.933192
7677.27002 0.932144
7678.00000 0.931107
7678.74023 0.930058
7679.47998 0.929015
7680.22021 0.928023
7680.95996 0.927141
7681.70020 0.926268
7682.43994 0.925394
7683.18018 0.924515
7683.91992 0.923642
7684.66016 0.922768
7685.39990 0.921891
7686.12988 0.921025
7686.87988 0.920148
7687.62012 0.91927
7688.35010 0.918402
7689.10010 0.917525
7689.83008 0.916655
7690.56982 0.915909
7691.31006 0.915196
7692.06006 0.914488
7692.79004 0.913779
7693.54004 0.913065
7694.27002 0.912361
7695.02002 0.911648
7695.75977 0.910936
7696.49023 0.910233
7697.24023 0.909522
7697.97998 0.908811
7698.72021 0.908108
7699.45996 0.907398
7700.20020 0.90667
7700.93994 0.905887
