threeML/data/optical_filters/HST/ACS_HRC-F652W.ecsv
# %ECSV 0.9
# ---
# datatype:
# - {name: wavelength, unit: Angstrom, datatype: float32}
# - {name: response, datatype: float32}
# meta: !!omap
# - {band_name: F652W}
# - {group_name: ACS_HRC}
wavelength response
[from data line 798]
5989.85986 0.821639
5990.60986 0.820215
5991.35010 0.818653
5992.10010 0.817084
5992.85010 0.81552
5993.60010 0.813955
5994.35010 0.812383
5995.08984 0.810818
5995.83984 0.809251
5996.58984 0.807677
5997.33984 0.806111
5998.08984 0.804542
5998.83984 0.802965
5999.58984 0.801395
6000.33008 0.800838
6001.08008 0.801545
6001.83008 0.80225
6002.58008 0.802955
6003.33008 0.803664
6004.08008 0.804372
6004.83008 0.805078
6005.58008 0.805783
6006.33008 0.806492
6007.08008 0.807201
6007.83008 0.807905
6008.58008 0.808616
6009.33008 0.809323
6010.08008 0.810079
6010.83008 0.811239
6011.58008 0.812395
6012.33008 0.813551
6013.08008 0.814713
6013.83008 0.815875
6014.58008 0.817028
6015.33008 0.818192
6016.08008 0.819352
6016.83008 0.820513
6017.58984 0.821678
6018.33984 0.822839
6019.08984 0.824
6019.83984 0.825166
6020.58984 0.827202
6021.33984 0.829457
6022.08984 0.831732
6022.83984 0.833998
6023.60010 0.836266
6024.35010 0.838544
6025.10010 0.840811
6025.85010 0.843081
6026.60010 0.845363
6027.35986 0.847645
6028.10986 0.849906
6028.85986 0.852189
6029.60986 0.854463
6030.35986 0.855991
6031.12012 0.856728
6031.87012 0.857461
6032.62012 0.858193
6033.37988 0.85893
6034.12988 0.859669
6034.87988 0.860398
6035.64014 0.861136
6036.39014 0.861872
6037.14014 0.862608
6037.89990 0.863345
6038.64990 0.86408
6039.39990 0.864817
6040.16016 0.865479
6040.91016 0.865836
6041.66016 0.866195
6042.41992 0.866556
6043.16992 0.866914
6043.93018 0.867275
6044.68994 0.867635
6045.43994 0.867995
6046.20020 0.868356
6046.95020 0.868714
6047.70020 0.869073
6048.45996 0.869434
6049.20996 0.869795
6049.97021 0.870153
6050.72998 0.870219
6051.47998 0.870271
6052.22998 0.870324
6052.99023 0.870375
6053.74023 0.870427
6054.50000 0.87048
6055.25977 0.870533
6056.00977 0.870584
6056.77002 0.870636
6057.52002 0.870688
6058.27979 0.87074
6059.02979 0.870791
6059.79004 0.870844
6060.54980 0.870301
6061.29980 0.869532
6062.06006 0.868759
6062.81982 0.867988
6063.56982 0.867219
6064.33008 0.866445
6065.08984 0.865674
6065.85010 0.864903
6066.60010 0.864128
6067.35986 0.863357
6068.12012 0.862585
6068.87988 0.861809
6069.62988 0.861036
6070.39014 0.86065
6071.14990 0.860632
6071.89990 0.860616
6072.66016 0.860598
6073.41992 0.860579
6074.18018 0.860561
6074.93994 0.860544
6075.70020 0.860526
6076.45020 0.860507
6077.20996 0.860488
6077.97021 0.860471
6078.72998 0.860454
6079.49023 0.860436
6080.25000 0.860559
6081.00977 0.860977
6081.75977 0.861394
6082.52002 0.861813
6083.27979 0.862231
6084.04004 0.86265
6084.79980 0.863068
6085.56006 0.863488
6086.31982 0.863907
6087.08008 0.864327
6087.83984 0.864744
6088.60010 0.865164
6089.35986 0.865584
6090.12012 0.8658
6090.87988 0.864946
6091.64014 0.864093
6092.39990 0.863235
6093.16016 0.86238
6093.91992 0.861527
6094.68018 0.860669
6095.43994 0.859813
6096.20020 0.858958
6096.97021 0.858098
6097.72998 0.857243
6098.49023 0.856385
6099.25000 0.855523
6100.00977 0.85465
6100.77002 0.852495
6101.52979 0.850329
6102.29004 0.848171
6103.06006 0.846012
6103.81982 0.843844
6104.58008 0.841684
6105.33984 0.839523
6106.10010 0.837351
6106.85986 0.835187
6107.62988 0.833023
6108.39014 0.83085
6109.14990 0.828683
6109.91016 0.826517
6110.68018 0.826164
6111.43994 0.826045
6112.20020 0.825926
6112.97021 0.825806
6113.72998 0.82569
6114.49023 0.825571
6115.25977 0.82545
6116.02002 0.825331
6116.77979 0.825213
6117.54980 0.825094
6118.31006 0.824975
6119.06982 0.824855
6119.83984 0.824736
6120.60010 0.82596
6121.35986 0.827554
6122.12988 0.829155
6122.89014 0.830748
6123.64990 0.832342
6124.41992 0.83395
6125.18994 0.835545
6125.95020 0.83715
6126.72021 0.838747
6127.47998 0.840345
6128.25000 0.84195
6129.00977 0.843551
6129.77979 0.84515
6130.54004 0.84712
6131.31006 0.849231
6132.06982 0.851343
6132.83984 0.853466
6133.60010 0.855579
6134.37012 0.857693
6135.14014 0.859816
6135.89990 0.861935
6136.66016 0.86405
6137.43018 0.866178
6138.20020 0.868296
6138.95996 0.870415
6139.72998 0.872543
6140.50000 0.874833
6141.25977 0.877212
6142.02979 0.879602
6142.79980 0.881984
6143.56006 0.884367
6144.33008 0.886761
6145.10010 0.889144
6145.85986 0.891528
6146.62988 0.893926
6147.39990 0.896314
6148.16016 0.898703
6148.93018 0.901104
6149.70020 0.903494
6150.47021 0.904802
6151.24023 0.905413
6152.00000 0.906021
6152.77002 0.906629
6153.54004 0.90724
6154.31006 0.907849
6155.06982 0.908459
6155.83984 0.909071
6156.60986 0.909681
6157.37988 0.910291
6158.14990 0.910905
6158.91992 0.911514
6159.68018 0.912125
6160.45020 0.91208
6161.22021 0.91158
6161.99023 0.911077
6162.75977 0.910575
6163.52979 0.910073
6164.29980 0.909572
6165.06982 0.909068
6165.83984 0.908562
6166.60986 0.90806
6167.37988 0.907556
6168.14990 0.907051
6168.91992 0.906547
6169.68994 0.906044
6170.45996 0.904706
6171.22998 0.902811
6172.00000 0.900918
6172.77002 0.899015
6173.54004 0.897119
6174.31006 0.895223
6175.08008 0.893316
6175.85010 0.891418
6176.62012 0.889517
6177.39990 0.887609
6178.16016 0.885707
6178.93994 0.883805
6179.70996 0.881893
6180.47998 0.881401
6181.25000 0.88177
6182.02002 0.882139
6182.79004 0.882508
6183.56006 0.882876
6184.33984 0.883246
6185.10986 0.883613
6185.87988 0.883983
6186.64990 0.884353
6187.41992 0.884721
6188.18994 0.885091
6188.97021 0.885462
6189.74023 0.885831
6190.50977 0.885937
6191.29004 0.885909
6192.06006 0.885881
6192.83008 0.885852
6193.60010 0.885824
6194.37988 0.885796
6195.14990 0.885767
6195.93018 0.885737
6196.70020 0.885709
6197.47021 0.885681
6198.24023 0.885653
6199.02002 0.885626
6199.79004 0.885595
6200.56982 0.886732
6201.33984 0.888296
6202.10986 0.88986
6202.89014 0.891432
6203.66016 0.892997
6204.43994 0.894563
6205.20996 0.896136
6205.99023 0.897711
6206.77002 0.899286
6207.54004 0.900854
6208.31006 0.902424
6209.08984 0.904
6209.85986 0.905571
6210.64014 0.906533
6211.41016 0.907367
6212.18994 0.908198
6212.95996 0.909029
6213.74023 0.909864
6214.52002 0.910697
6215.29004 0.911529
6216.06982 0.912365
6216.83984 0.913198
6217.62012 0.914031
6218.39990 0.914867
6219.16992 0.915701
6219.93994 0.916536
6220.72021 0.917373
6221.50000 0.918207
6222.27002 0.91904
6223.04980 0.919879
6223.83008 0.920713
6224.60010 0.921548
6225.37988 0.922386
6226.16016 0.923222
6226.93994 0.924056
6227.70996 0.924895
6228.49023 0.925732
6229.27002 0.926568
6230.04980 0.927338
6230.81982 0.926988
6231.60010 0.926636
6232.37988 0.926284
6233.16016 0.925934
6233.93018 0.925583
6234.70996 0.925231
6235.49023 0.92488
6236.27002 0.924529
6237.04980 0.924174
6237.81982 0.923823
6238.60010 0.923472
6239.37988 0.923119
6240.16016 0.922766
6240.93994 0.922407
6241.72021 0.922045
6242.50000 0.921685
6243.27979 0.921327
6244.06006 0.920967
6244.83984 0.920608
6245.60986 0.920247
6246.39990 0.919886
6247.16992 0.919527
6247.95996 0.919163
6248.72998 0.918804
6249.52002 0.918441
6250.29980 0.918669
6251.06982 0.919859
6251.85986 0.921058
6252.64014 0.922249
6253.41992 0.923441
6254.20020 0.924639
6254.97998 0.925831
6255.75977 0.927025
6256.54004 0.928224
6257.31982 0.929418
6258.10010 0.930613
6258.87988 0.931814
6259.66016 0.93301
6260.43994 0.933769
6261.22998 0.934199
6262.00977 0.934629
6262.79004 0.935056
6263.56982 0.935485
6264.35010 0.935914
6265.12988 0.936344
6265.91992 0.936775
6266.70020 0.937203
6267.47998 0.937633
6268.25977 0.938064
6269.04980 0.938493
6269.83008 0.938922
6270.60986 0.938869
6271.39014 0.938678
6272.16992 0.938487
6272.95996 0.938296
6273.74023 0.938104
6274.52002 0.937913
6275.31006 0.937721
6276.08984 0.93753
6276.87012 0.937337
6277.66016 0.937145
6278.43994 0.936952
6279.22021 0.936759
6280.00977 0.936565
6280.79004 0.936216
6281.56982 0.93587
6282.35986 0.935522
6283.14014 0.935172
6283.93018 0.934825
6284.70996 0.934474
6285.50000 0.934125
6286.27979 0.933777
6287.06982 0.933427
6287.85010 0.933077
6288.62988 0.932728
6289.43018 0.932375
6290.20996 0.931392
6291.00000 0.928652
6291.77979 0.925926
6292.56006 0.923198
6293.35010 0.920457
6294.14014 0.917724
6294.91992 0.914993
6295.70996 0.912248
6296.49023 0.909513
6297.27979 0.906776
6298.06982 0.904027
6298.85010 0.901288
6299.64014 0.898552
6300.41992 0.89602
6301.20996 0.893686
6301.99023 0.891348
6302.77979 0.889003
6303.56982 0.886666
6304.35010 0.884327
6305.14014 0.881977
6305.93018 0.879637
6306.72021 0.877295
6307.50977 0.874943
6308.29004 0.8726
6309.08008 0.870255
6309.87012 0.867901
6310.64990 0.866646
6311.43994 0.865611
6312.22998 0.864571
6313.02002 0.863535
6313.79980 0.862498
6314.58984 0.861458
6315.37988 0.860422
6316.16992 0.859385
6316.95996 0.858341
6317.75000 0.857304
6318.52979 0.856265
6319.31982 0.855221
6320.10986 0.854521
6320.89990 0.855872
6321.68994 0.85723
6322.47998 0.858583
6323.27002 0.859935
6324.06006 0.861294
6324.85010 0.86265
6325.62988 0.864006
6326.43018 0.865366
6327.20996 0.866721
6328.00000 0.86808
6328.79980 0.869441
6329.58008 0.870798
6330.37012 0.873287
6331.16016 0.877058
6331.95996 0.880832
6332.75000 0.884588
6333.54004 0.888347
6334.33008 0.892125
6335.12012 0.895889
6335.91016 0.899652
6336.70020 0.903435
6337.49023 0.907201
6338.27979 0.910971
6339.06982 0.914758
6339.85986 0.918529
6340.64990 0.920251
6341.45020 0.921553
6342.24023 0.922851
6343.02979 0.924148
6343.81982 0.92545
6344.60986 0.926749
6345.39990 0.928048
6346.20020 0.929354
6346.99023 0.930655
6347.77979 0.931955
6348.56982 0.933261
6349.35986 0.934562
6350.16016 0.936027
6350.95020 0.938153
6351.74023 0.940272
6352.52979 0.942392
6353.33008 0.944521
6354.12012 0.946642
6354.91016 0.948764
6355.70996 0.950895
6356.50000 0.953019
6357.29004 0.955144
6358.08984 0.957278
6358.87988 0.959403
6359.66992 0.96153
6360.47021 0.96248
6361.25977 0.962605
6362.06006 0.962732
6362.85010 0.962858
6363.64990 0.962983
6364.43994 0.963108
6365.22998 0.963234
6366.02979 0.96336
6366.81982 0.963486
6367.62012 0.963612
6368.41016 0.963736
6369.20996 0.963861
6370.00000 0.963984
6370.79980 0.962704
6371.58984 0.961425
6372.39014 0.960138
6373.18994 0.958853
6373.97998 0.957568
6374.77979 0.956283
6375.56982 0.955
6376.37012 0.953711
6377.16016 0.952429
6377.95996 0.951144
6378.75977 0.949854
6379.54980 0.948574
6380.35010 0.948266
6381.14990 0.94923
6381.93994 0.950189
6382.74023 0.951148
6383.54004 0.952114
6384.33008 0.953075
6385.12988 0.954035
6385.93018 0.954998
6386.72021 0.955956
6387.52002 0.956922
6388.31982 0.957889
6389.10986 0.958851
6389.91016 0.959815
6390.70996 0.960566
6391.50977 0.961289
6392.29980 0.962012
6393.10010 0.962736
6393.89990 0.963458
6394.70020 0.964183
6395.50000 0.96491
6396.29980 0.965634
6397.08984 0.966358
6397.89014 0.967084
6398.68994 0.967809
6399.49023 0.968534
6400.29004 0.96893
6401.08008 0.968737
6401.87988 0.96854
6402.68994 0.968346
6403.47998 0.968151
6404.27979 0.967956
6405.08008 0.967761
6405.87988 0.967566
6406.68018 0.967371
6407.47998 0.967175
6408.27979 0.966981
6409.08008 0.966785
6409.87988 0.966587
6410.68018 0.966584
6411.47998 0.966614
6412.27979 0.966643
6413.08008 0.966672
6413.87988 0.966702
6414.68018 0.966732
6415.47998 0.966762
6416.27979 0.966792
6417.08008 0.966821
6417.89014 0.96685
6418.68994 0.966881
6419.49023 0.966911
6420.29004 0.966391
6421.08984 0.964908
6421.89014 0.963427
6422.68994 0.961936
6423.50000 0.960453
6424.29980 0.958969
6425.10010 0.957477
6425.89990 0.955993
6426.70020 0.954505
6427.50977 0.953012
6428.31006 0.951525
6429.10986 0.950036
6429.91016 0.948542
6430.72021 0.947652
6431.52002 0.946832
6432.31982 0.946008
6433.12012 0.945189
6433.93018 0.944368
6434.72998 0.943543
6435.52979 0.942723
6436.33008 0.941901
6437.14014 0.941076
6437.93994 0.940256
6438.74023 0.939432
6439.54980 0.938605
6440.35010 0.93823
6441.14990 0.938424
6441.95996 0.938619
6442.77002 0.938814
6443.56982 0.939008
6444.37012 0.939203
6445.18018 0.939398
6445.97998 0.939592
6446.79004 0.939789
6447.58984 0.939983
6448.39014 0.940177
6449.20020 0.940374
6450.00977 0.940569
6450.81006 0.940794
6451.62012 0.941023
6452.41992 0.94125
6453.22998 0.941477
6454.02979 0.941706
6454.83984 0.941932
6455.64014 0.942159
6456.45020 0.942388
6457.25000 0.942615
6458.06982 0.942845
6458.87012 0.943072
6459.68018 0.943301
6460.47998 0.944542
6461.29004 0.946453
6462.10010 0.948368
6462.89990 0.950287
6463.70996 0.952201
6464.52002 0.954115
6465.31982 0.956039
6466.12988 0.957945
6466.93994 0.959868
6467.74023 0.961795
6468.54980 0.963713
6469.35986 0.96563
6470.16992 0.967417
6470.97021 0.96867
6471.77979 0.969921
6472.58984 0.971177
6473.39014 0.972423
6474.20020 0.973681
6475.00977 0.974939
6475.81982 0.976191
6476.62988 0.977445
6477.43994 0.978706
6478.25000 0.979961
6479.04980 0.981213
6479.85986 0.982476
6480.66992 0.981789
6481.47998 0.980695
6482.29004 0.979601
6483.10010 0.978512
6483.91016 0.977422
6484.72021 0.976326
6485.52979 0.975235
6486.33008 0.974144
6487.14990 0.973047
6487.95020 0.971959
6488.75977 0.970861
6489.56982 0.969764
6490.37988 0.968171
6491.18994 0.966024
6492.00977 0.963869
6492.81006 0.961722
6493.62012 0.959571
6494.43994 0.957414
6495.24023 0.955273
6496.06006 0.953113
6496.87012 0.950953
6497.68018 0.948811
6498.49023 0.946647
6499.29980 0.944482
6500.10986 0.94221
6500.91992 0.939197
6501.72998 0.936165
6502.54980 0.933132
6503.35986 0.930114
6504.16992 0.927093
6504.97998 0.924057
6505.79980 0.921035
6506.60986 0.91801
6507.41992 0.914971
6508.22998 0.911946
6509.04004 0.908918
6509.85986 0.905877
6510.66992 0.904572
6511.47998 0.903635
6512.29980 0.902695
6513.10986 0.90176
6513.91992 0.900822
6514.72998 0.899879
6515.54980 0.898942
6516.35986 0.898005
6517.16992 0.89706
6517.97998 0.89612
6518.79980 0.895182
6519.60986 0.894239
6520.43018 0.894032
6521.24023 0.894489
6522.06006 0.89495
6522.87012 0.895406
6523.68018 0.895865
6524.50000 0.896325
6525.31006 0.896783
6526.12012 0.897241
6526.93994 0.8977
6527.75000 0.898161
6528.56982 0.89862
6529.39014 0.899081
6530.20020 0.899645
6531.00977 0.900539
6531.83008 0.901434
6532.64014 0.902326
6533.45996 0.90322
6534.27979 0.904117
6535.08984 0.90501
6535.89990 0.905904
6536.72021 0.906803
6537.54004 0.907697
6538.35010 0.908591
6539.16992 0.909491
6539.97998 0.910385
6540.79980 0.913814
6541.62012 0.917304
6542.43994 0.920778
6543.25000 0.924256
6544.06982 0.927749
6544.89014 0.931243
6545.70996 0.93474
6546.52002 0.938206
6547.33984 0.941704
6548.16016 0.945205
6548.97021 0.948676
6549.79004 0.95218
6550.60986 0.953957
6551.43018 0.955138
6552.24023 0.95632
6553.06006 0.957508
6553.87988 0.958683
6554.70020 0.95987
6555.52002 0.961059
6556.33008 0.962239
6557.14990 0.963428
6557.97021 0.964618
6558.79004 0.965802
6559.60986 0.966988
6560.43018 0.967663
6561.24023 0.967862
6562.06006 0.968064
6562.89014 0.968265
6563.70020 0.968465
6564.52002 0.968666
6565.33984 0.968867
6566.16016 0.969068
6566.97998 0.969269
6567.79980 0.969471
6568.62012 0.969671
6569.43994 0.969874
6570.25977 0.969822
6571.08008 0.969226
6571.89990 0.968627
6572.72021 0.968026
6573.54004 0.967427
6574.35986 0.96683
6575.18018 0.96623
6576.00000 0.965634
6576.81982 0.965032
6577.64990 0.96443
6578.45996 0.963834
6579.27979 0.963231
6580.10986 0.962875
6580.93018 0.96415
6581.75000 0.965425
6582.56982 0.966705
6583.39014 0.967974
6584.20996 0.969257
6585.04004 0.97054
6585.85010 0.971809
6586.68018 0.973092
6587.50000 0.974377
6588.33008 0.975662
6589.14990 0.976939
6589.97021 0.978218
6590.79004 0.977766
6591.62012 0.977253
6592.43994 0.976739
6593.25977 0.976221
6594.08008 0.975705
6594.91016 0.975191
6595.72998 0.974672
6596.54980 0.974158
6597.37988 0.973642
6598.20020 0.973123
6599.02002 0.972607
6599.85010 0.97209
6600.66992 0.973571
6601.49023 0.975505
6602.31982 0.97744
6603.14014 0.979382
6603.97021 0.981318
6604.79004 0.98325
6605.62012 0.985193
6606.43994 0.987129
6607.25977 0.989066
6608.08984 0.99101
6608.91016 0.992946
6609.74023 0.994883
6610.56006 0.995562
6611.39014 0.995653
6612.20996 0.995746
6613.04004 0.99584
6613.85986 0.99593
6614.68994 0.996023
6615.52002 0.996116
6616.33984 0.996208
6617.16992 0.996299
6617.99023 0.996393
6618.81982 0.996484
6619.64014 0.996576
6620.47021 0.996439
