threeML/data/optical_filters/HST/ACS_SBC-F122M.ecsv
# %ECSV 0.9
# ---
# datatype:
# - {name: wavelength, unit: Angstrom, datatype: float32}
# - {name: response, datatype: float32}
# meta: !!omap
# - {band_name: F122M}
# - {group_name: ACS_SBC}
wavelength response
[from data line 1610]
1298.75000 0.394817
1298.83997 0.394346
1298.93005 0.393879
1299.02002 0.393412
1299.10999 0.392948
1299.19995 0.392481
1299.29004 0.39201
1299.38000 0.391547
1299.46997 0.39108
1299.56006 0.390613
1299.65002 0.390142
1299.73999 0.389679
1299.82996 0.389212
1299.92004 0.388741
1300.01001 0.388264
1300.09998 0.387711
1300.18994 0.387154
1300.28003 0.386597
1300.37000 0.38604
1300.45996 0.385484
1300.55005 0.384927
1300.64001 0.384375
1300.72998 0.383818
1300.81995 0.383262
1300.91003 0.382701
1301.00000 0.382149
1301.08997 0.381589
1301.18005 0.381033
1301.27002 0.380476
1301.35999 0.379925
1301.44995 0.379369
1301.54004 0.378809
1301.63000 0.378257
1301.71997 0.377702
1301.81006 0.377146
1301.90002 0.376587
1301.98999 0.376036
1302.07996 0.37548
1302.17004 0.374925
1302.26001 0.37437
1302.34998 0.373819
1302.43994 0.373264
1302.53003 0.372705
1302.62000 0.37215
1302.70996 0.371595
1302.80005 0.371041
1302.89001 0.370486
1302.97998 0.369931
1303.06995 0.369394
1303.16003 0.36885
1303.25000 0.368312
1303.33997 0.367774
1303.43005 0.367236
1303.52002 0.366697
1303.60999 0.366158
1303.69995 0.36562
1303.79004 0.365086
1303.88000 0.364548
1303.96997 0.364014
1304.06006 0.363461
1304.15002 0.362907
1304.23999 0.362349
1304.32996 0.361796
1304.42004 0.361247
1304.51001 0.360693
1304.59998 0.360144
1304.68994 0.359591
1304.78003 0.359034
1304.87000 0.358481
1304.95996 0.357923
1305.05005 0.357375
1305.14001 0.356822
1305.22998 0.35627
1305.31995 0.355721
1305.41003 0.355169
1305.51001 0.354616
1305.59998 0.354064
1305.68005 0.353512
1305.78003 0.35296
1305.87000 0.352403
1305.95996 0.351851
1306.05005 0.351303
1306.14001 0.350752
1306.22998 0.3502
1306.31995 0.349648
1306.41003 0.349096
1306.50000 0.34854
1306.58997 0.347989
1306.68005 0.347442
1306.77002 0.346891
1306.85999 0.346339
1306.94995 0.345789
1307.04004 0.345237
1307.13000 0.344686
1307.21997 0.344136
1307.31006 0.343585
1307.40002 0.343038
1307.48999 0.342483
1307.57996 0.341932
1307.67004 0.341386
1307.76001 0.340836
1307.85999 0.340282
1307.93994 0.339731
1308.04004 0.339187
1308.13000 0.338652
1308.21997 0.338116
1308.31006 0.337581
1308.40002 0.33705
1308.48999 0.336515
1308.57996 0.335976
1308.67004 0.335445
1308.76001 0.334909
1308.84998 0.334375
1308.93994 0.333844
1309.03003 0.333304
1309.12000 0.332751
1309.20996 0.332202
1309.30005 0.331657
1309.39001 0.331103
1309.47998 0.330554
1309.56995 0.330005
1309.66003 0.329461
1309.76001 0.328908
1309.84998 0.328359
1309.93994 0.327815
1310.03003 0.327329
1310.12000 0.326996
1310.20996 0.326665
1310.30005 0.326337
1310.39001 0.326007
1310.47998 0.325676
1310.56995 0.325346
1310.66003 0.325015
1310.75000 0.324685
1310.83997 0.324355
1310.93005 0.324024
1311.02002 0.323694
1311.10999 0.323364
1311.19995 0.323033
1311.30005 0.322703
1311.39001 0.322373
1311.47998 0.322043
1311.56995 0.321713
1311.66003 0.321383
1311.75000 0.321053
1311.83997 0.320724
1311.93005 0.320394
1312.02002 0.320064
1312.10999 0.319737
1312.19995 0.319407
1312.29004 0.319075
1312.38000 0.318748
1312.46997 0.318415
1312.56995 0.318086
1312.66003 0.317757
1312.75000 0.31743
1312.83997 0.317101
1312.93005 0.316771
1313.02002 0.316442
1313.10999 0.316129
1313.19995 0.315812
1313.29004 0.315496
1313.38000 0.315183
1313.46997 0.314868
1313.56006 0.314553
1313.65002 0.31424
1313.73999 0.313925
1313.83997 0.313608
1313.93005 0.313292
1314.02002 0.312972
1314.10999 0.312645
1314.19995 0.312317
1314.29004 0.311988
1314.38000 0.311662
1314.46997 0.311333
1314.56006 0.311002
1314.65002 0.310675
1314.75000 0.310344
1314.83997 0.310016
1314.93005 0.309687
1315.02002 0.309362
1315.10999 0.309033
1315.19995 0.308704
1315.29004 0.308376
1315.38000 0.308048
1315.46997 0.30772
1315.56006 0.307392
1315.65002 0.307063
1315.75000 0.306736
1315.83997 0.306407
1315.93005 0.30608
1316.02002 0.305752
1316.10999 0.305424
1316.19995 0.305095
1316.29004 0.304765
1316.38000 0.30444
1316.46997 0.304112
1316.56995 0.303785
1316.66003 0.303457
1316.75000 0.303132
1316.83997 0.302804
1316.93005 0.302475
1317.02002 0.302147
1317.10999 0.301822
1317.19995 0.301495
1317.29004 0.301165
1317.38000 0.300838
1317.47998 0.300513
1317.56995 0.300186
1317.66003 0.299856
1317.75000 0.299532
1317.83997 0.299205
1317.93005 0.298875
1318.02002 0.298551
1318.10999 0.29824
1318.19995 0.297927
1318.30005 0.297613
1318.39001 0.297297
1318.47998 0.296986
1318.56995 0.296673
1318.66003 0.296359
1318.75000 0.296048
1318.83997 0.295735
1318.93005 0.295419
1319.03003 0.295104
1319.12000 0.294778
1319.20996 0.294449
1319.30005 0.294122
1319.39001 0.293799
1319.47998 0.293472
1319.56995 0.293143
1319.66003 0.292817
1319.76001 0.292494
1319.84998 0.292168
1319.93994 0.291839
1320.03003 0.291527
1320.12000 0.291238
1320.20996 0.290948
1320.30005 0.290659
1320.39001 0.29037
1320.47998 0.290083
1320.57996 0.289791
1320.67004 0.289502
1320.76001 0.289213
1320.84998 0.288924
1320.93994 0.288635
1321.03003 0.288346
1321.12000 0.288057
1321.21997 0.287769
1321.31006 0.287479
1321.40002 0.287191
1321.48999 0.286902
1321.57996 0.286613
1321.67004 0.286325
1321.77002 0.286036
1321.85999 0.28575
1321.94995 0.285461
1322.04004 0.285174
1322.13000 0.284884
1322.21997 0.284595
1322.31006 0.284305
1322.40002 0.284016
1322.50000 0.28373
1322.58997 0.283442
1322.68005 0.283154
1322.77002 0.282868
1322.85999 0.282577
1322.94995 0.282289
1323.05005 0.282005
1323.14001 0.281732
1323.22998 0.281457
1323.31995 0.281181
1323.41003 0.280908
1323.50000 0.280633
1323.58997 0.280358
1323.68994 0.280081
1323.78003 0.279807
1323.87000 0.279532
1323.95996 0.279255
1324.05005 0.278972
1324.14001 0.278687
1324.22998 0.278399
1324.32996 0.278112
1324.42004 0.277824
1324.51001 0.277536
1324.59998 0.277246
1324.68994 0.276959
1324.78003 0.276674
1324.88000 0.276386
1324.96997 0.276099
1325.06006 0.275804
1325.15002 0.275506
1325.23999 0.275204
1325.32996 0.274904
1325.43005 0.274605
1325.52002 0.274305
1325.60999 0.274006
1325.69995 0.273706
1325.79004 0.273407
1325.88000 0.27311
1325.97998 0.272808
1326.06995 0.272518
1326.16003 0.272232
1326.25000 0.271945
1326.33997 0.271658
1326.43005 0.271371
1326.53003 0.271085
1326.62000 0.270801
1326.70996 0.270514
1326.80005 0.270225
1326.89001 0.269941
1326.97998 0.269655
1327.07996 0.269368
1327.17004 0.269084
1327.26001 0.268796
1327.34998 0.26851
1327.43994 0.268226
1327.54004 0.267935
1327.63000 0.267651
1327.71997 0.267365
1327.81006 0.267079
1327.90002 0.266793
1327.98999 0.266507
1328.08997 0.266221
1328.18005 0.265938
1328.27002 0.265652
1328.35999 0.265364
1328.44995 0.26508
1328.55005 0.264795
1328.64001 0.264509
1328.72998 0.264223
1328.81995 0.263938
1328.91003 0.263652
1329.01001 0.263366
1329.09998 0.263066
1329.18994 0.262771
1329.28003 0.262474
1329.37000 0.262176
1329.45996 0.261879
1329.56006 0.261582
1329.65002 0.261285
1329.73999 0.260988
1329.82996 0.260691
1329.92004 0.260394
1330.02002 0.260099
1330.10999 0.259814
1330.19995 0.25953
1330.29004 0.259248
1330.38000 0.258963
1330.47998 0.258676
1330.56995 0.258392
1330.66003 0.258108
1330.75000 0.257823
1330.84998 0.257539
1330.93994 0.257257
1331.03003 0.256973
1331.12000 0.256689
1331.20996 0.256402
1331.30005 0.256121
1331.40002 0.255834
1331.48999 0.25555
1331.57996 0.255266
1331.67004 0.254985
1331.77002 0.254701
1331.85999 0.254417
1331.94995 0.254136
1332.04004 0.253849
1332.13000 0.253566
1332.22998 0.25328
1332.31995 0.252998
1332.41003 0.252715
1332.50000 0.252431
1332.58997 0.25215
1332.68994 0.251867
1332.78003 0.251583
1332.87000 0.251298
1332.95996 0.251012
1333.06006 0.250731
1333.15002 0.250448
1333.23999 0.250167
1333.32996 0.249884
1333.42004 0.2496
1333.52002 0.249317
1333.60999 0.249035
1333.69995 0.248751
1333.79004 0.248468
1333.88000 0.248183
1333.97998 0.247903
1334.06995 0.247611
1334.16003 0.247317
1334.25000 0.247023
1334.34998 0.246731
1334.43994 0.246434
1334.53003 0.246138
1334.62000 0.245847
1334.70996 0.245553
1334.81006 0.245259
1334.90002 0.244965
1334.98999 0.244671
1335.07996 0.24439
1335.18005 0.244106
1335.27002 0.243824
1335.35999 0.243544
1335.44995 0.243262
1335.55005 0.242978
1335.64001 0.242696
1335.72998 0.242416
1335.81995 0.242134
1335.91003 0.241852
1336.01001 0.241568
1336.09998 0.241289
1336.18994 0.241005
1336.29004 0.240723
1336.38000 0.240443
1336.46997 0.240162
1336.56006 0.23988
1336.65002 0.239601
1336.75000 0.239315
1336.83997 0.239036
1336.93005 0.238755
1337.02002 0.238475
1337.12000 0.238194
1337.20996 0.237911
1337.30005 0.237629
1337.39001 0.23735
1337.48999 0.237067
1337.57996 0.236786
1337.67004 0.236507
1337.76001 0.236226
1337.85999 0.235943
1337.94995 0.235662
1338.04004 0.235379
1338.13000 0.235087
1338.22998 0.234795
1338.31995 0.234501
1338.41003 0.234212
1338.50000 0.23392
1338.59998 0.233628
1338.68994 0.233337
1338.78003 0.233048
1338.88000 0.232754
1338.96997 0.232463
1339.06006 0.232177
1339.15002 0.231898
1339.23999 0.231618
1339.33997 0.231338
1339.43005 0.231058
1339.52002 0.230778
1339.62000 0.230498
1339.70996 0.230218
1339.80005 0.229941
1339.89001 0.229658
1339.98999 0.229378
1340.07996 0.229129
1340.17004 0.228887
1340.26001 0.228642
1340.35999 0.228398
1340.44995 0.228156
1340.54004 0.22791
1340.64001 0.227664
1340.72998 0.22742
1340.81995 0.227178
1340.91003 0.226934
1341.01001 0.22669
1341.09998 0.226448
1341.18994 0.226202
1341.28003 0.225958
1341.38000 0.225714
1341.46997 0.225469
1341.56006 0.225227
1341.65002 0.224983
1341.75000 0.224739
1341.83997 0.224498
1341.93005 0.224254
1342.03003 0.224008
1342.12000 0.223754
1342.20996 0.223499
1342.31006 0.223243
1342.40002 0.222989
1342.48999 0.222737
1342.57996 0.222483
1342.68005 0.22223
1342.77002 0.221976
1342.85999 0.221722
1342.94995 0.221468
1343.05005 0.221218
1343.14001 0.220977
1343.22998 0.220734
1343.32996 0.220491
1343.42004 0.220248
1343.51001 0.220006
1343.60999 0.219763
1343.69995 0.21952
1343.79004 0.219277
1343.88000 0.219034
1343.97998 0.218792
1344.06995 0.218549
1344.16003 0.218307
1344.26001 0.218064
1344.34998 0.217823
1344.43994 0.217579
1344.54004 0.217337
1344.63000 0.217095
1344.71997 0.216852
1344.81006 0.21661
1344.91003 0.216367
1345.00000 0.216127
1345.08997 0.215885
1345.18994 0.215641
1345.28003 0.215399
1345.37000 0.215158
1345.45996 0.214916
1345.56006 0.214674
1345.65002 0.214432
1345.73999 0.214191
1345.83997 0.213949
1345.93005 0.213708
1346.02002 0.213462
1346.12000 0.21321
1346.20996 0.212956
1346.30005 0.212704
1346.39001 0.212454
1346.48999 0.212202
1346.57996 0.211951
1346.67004 0.211701
1346.77002 0.211447
1346.85999 0.211196
1346.94995 0.210946
1347.05005 0.2107
1347.14001 0.210459
1347.22998 0.210217
1347.32996 0.209976
1347.42004 0.209735
1347.51001 0.209494
1347.60999 0.209251
1347.69995 0.209012
1347.79004 0.208771
1347.88000 0.20853
1347.97998 0.208289
1348.06995 0.208048
1348.16003 0.207807
1348.26001 0.207567
1348.34998 0.207326
1348.43994 0.207085
1348.54004 0.206845
1348.63000 0.206604
1348.71997 0.206363
1348.81995 0.206124
1348.91003 0.205884
1349.01001 0.205642
1349.09998 0.205403
1349.18994 0.205161
1349.29004 0.204921
1349.38000 0.20468
1349.46997 0.204442
1349.56006 0.204202
1349.66003 0.203959
1349.75000 0.203719
1349.83997 0.203481
1349.93994 0.203239
1350.03003 0.202996
1350.12000 0.202748
1350.21997 0.202498
1350.31006 0.202248
1350.40002 0.202
1350.50000 0.201751
1350.58997 0.201499
1350.68005 0.201247
1350.78003 0.200998
1350.87000 0.200751
1350.95996 0.200501
1351.06006 0.20026
1351.15002 0.200021
1351.23999 0.199781
1351.33997 0.19954
1351.43005 0.199302
1351.53003 0.199061
1351.62000 0.198822
1351.70996 0.198584
1351.81006 0.198345
1351.90002 0.198106
1351.98999 0.197867
1352.08997 0.197619
1352.18005 0.19737
1352.27002 0.197122
1352.37000 0.196871
1352.45996 0.196625
1352.55005 0.196376
1352.65002 0.196128
1352.73999 0.195879
1352.82996 0.195631
1352.93005 0.195382
1353.02002 0.195137
1353.12000 0.194896
1353.20996 0.19466
1353.30005 0.194421
1353.40002 0.194183
1353.48999 0.193945
1353.57996 0.193706
1353.68005 0.19347
1353.77002 0.19323
1353.85999 0.192991
1353.95996 0.192755
1354.05005 0.19251
1354.14001 0.192262
1354.23999 0.192017
1354.32996 0.191769
1354.42004 0.191522
1354.52002 0.191273
1354.60999 0.191025
1354.70996 0.190778
1354.80005 0.190531
1354.89001 0.190284
1354.98999 0.190039
1355.07996 0.1898
1355.17004 0.189562
1355.27002 0.189327
1355.35999 0.189088
1355.45996 0.18885
1355.55005 0.188615
1355.64001 0.188377
1355.73999 0.188138
1355.82996 0.187901
1355.92004 0.187666
1356.02002 0.187427
1356.10999 0.187178
1356.20996 0.186932
1356.30005 0.186687
1356.39001 0.186439
1356.48999 0.186193
1356.57996 0.185949
1356.67004 0.185703
1356.77002 0.185457
1356.85999 0.185209
1356.95996 0.184965
1357.05005 0.184719
1357.14001 0.184474
1357.23999 0.184228
1357.32996 0.183982
1357.43005 0.183737
1357.52002 0.183491
1357.60999 0.183246
1357.70996 0.183
1357.80005 0.182755
1357.90002 0.18251
1357.98999 0.182265
1358.07996 0.182027
1358.18005 0.181792
1358.27002 0.181556
1358.37000 0.18132
1358.45996 0.181084
1358.55005 0.180848
1358.65002 0.180612
1358.73999 0.180378
1358.82996 0.180143
1358.93005 0.179907
1359.02002 0.179671
1359.12000 0.179425
1359.20996 0.17918
1359.31006 0.178934
1359.40002 0.178689
1359.48999 0.178447
1359.58997 0.178203
1359.68005 0.177959
1359.78003 0.177715
1359.87000 0.17747
1359.95996 0.177226
1360.06006 0.17705
1360.15002 0.176919
1360.23999 0.176789
1360.33997 0.176658
1360.43005 0.176528
1360.53003 0.176398
1360.62000 0.176267
1360.71997 0.176135
1360.81006 0.176005
1360.90002 0.175873
1361.00000 0.175743
1361.08997 0.175604
1361.18994 0.175465
1361.28003 0.175325
1361.37000 0.175186
1361.46997 0.175046
1361.56006 0.174907
1361.66003 0.174766
1361.75000 0.174627
1361.84998 0.174489
1361.93994 0.174349
1362.03003 0.174213
1362.13000 0.174083
1362.21997 0.173952
1362.31995 0.173822
1362.41003 0.173691
1362.50000 0.173561
1362.59998 0.173431
1362.68994 0.1733
1362.79004 0.17317
1362.88000 0.17304
1362.96997 0.17291
1363.06995 0.172773
1363.16003 0.172633
1363.26001 0.172495
1363.34998 0.172355
1363.44995 0.172217
1363.54004 0.172078
1363.63000 0.17194
1363.72998 0.171801
1363.81995 0.171662
1363.92004 0.171522
1364.01001 0.171386
1364.10999 0.171256
1364.19995 0.171126
1364.30005 0.170995
1364.39001 0.170866
1364.47998 0.170736
1364.57996 0.170606
1364.67004 0.170476
1364.77002 0.170346
1364.85999 0.170215
1364.95996 0.170085
1365.05005 0.169952
1365.14001 0.169814
1365.23999 0.169675
1365.32996 0.169538
1365.43005 0.169399
1365.52002 0.16926
1365.62000 0.169121
1365.70996 0.168984
1365.81006 0.168846
1365.90002 0.168708
1365.98999 0.168569
1366.08997 0.168439
1366.18005 0.16831
1366.28003 0.168179
1366.37000 0.168051
1366.46997 0.167921
1366.56006 0.167791
1366.66003 0.167661
1366.75000 0.167533
1366.84998 0.167403
1366.93994 0.167274
1367.03003 0.167142
1367.13000 0.167004
1367.21997 0.166866
1367.31995 0.166728
1367.41003 0.166591
1367.51001 0.166453
1367.59998 0.166315
1367.69995 0.166176
1367.79004 0.166039
1367.88000 0.165901
1367.97998 0.165763
1368.07996 0.165632
1368.17004 0.165504
1368.26001 0.165375
1368.35999 0.165245
1368.44995 0.165116
1368.55005 0.164988
1368.64001 0.164859
1368.73999 0.164729
1368.82996 0.1646
1368.93005 0.164472
1369.02002 0.164342
1369.12000 0.164204
1369.20996 0.164068
1369.31006 0.163929
1369.40002 0.163792
1369.48999 0.163654
1369.58997 0.163517
1369.68005 0.16338
1369.78003 0.163244
1369.87000 0.163107
1369.96997 0.16297
1370.06006 0.162837
1370.16003 0.162708
1370.25000 0.16258
1370.34998 0.162451
1370.43994 0.162322
1370.54004 0.162195
1370.63000 0.162066
1370.71997 0.161938
1370.81995 0.161809
1370.91003 0.161681
1371.01001 0.161551
1371.10999 0.161413
1371.19995 0.161276
1371.30005 0.161141
1371.39001 0.161004
1371.47998 0.160867
1371.57996 0.16073
1371.67004 0.160595
1371.77002 0.160457
1371.87000 0.160319
1371.95996 0.160184
1372.05005 0.160052
1372.15002 0.159924
1372.23999 0.159795
1372.33997 0.159668
1372.43005 0.15954
1372.53003 0.159411
1372.62000 0.159283
1372.71997 0.159156
1372.81006 0.159027
