threeML/data/optical_filters/HST/ACS_HRC-F330W.ecsv
# %ECSV 0.9
# ---
# datatype:
# - {name: wavelength, unit: Angstrom, datatype: float32}
# - {name: response, datatype: float32}
# meta: !!omap
# - {band_name: F330W}
# - {group_name: ACS_HRC}
wavelength response
[from data line 801]
3324.43994 0.943909
3324.92993 0.944364
3325.40991 0.944813
3325.89990 0.945261
3326.38989 0.945714
3326.87012 0.946165
3327.36011 0.946615
3327.84009 0.947065
3328.33008 0.947519
3328.82007 0.947973
3329.30005 0.948425
3329.79004 0.948877
3330.28003 0.948842
3330.77002 0.948566
3331.26001 0.948246
3331.73999 0.947923
3332.22998 0.947601
3332.71997 0.947279
3333.20996 0.946957
3333.69995 0.946635
3334.18994 0.946312
3334.66992 0.945986
3335.15991 0.945661
3335.64990 0.945336
3336.13989 0.945011
3336.62012 0.944689
3337.11011 0.944363
3337.60010 0.944034
3338.09009 0.943706
3338.58008 0.943378
3339.07007 0.94305
3339.55005 0.942721
3340.04004 0.942476
3340.53003 0.942538
3341.02002 0.942646
3341.51001 0.942753
3342.00000 0.942859
3342.48999 0.942967
3342.97998 0.943074
3343.46997 0.94318
3343.95996 0.943284
3344.43994 0.94339
3344.93994 0.943499
3345.41992 0.943604
3345.90991 0.943709
3346.39990 0.943816
3346.88989 0.943924
3347.38989 0.944028
3347.87012 0.944133
3348.36011 0.944239
3348.85010 0.944345
3349.34009 0.944452
3349.84009 0.944559
3350.32007 0.944729
3350.82007 0.94493
3351.30005 0.945131
3351.80005 0.945332
3352.29004 0.945534
3352.78003 0.945737
3353.27002 0.945939
3353.76001 0.946142
3354.25000 0.946344
3354.73999 0.946548
3355.22998 0.94675
3355.71997 0.946952
3356.20996 0.947154
3356.69995 0.947356
3357.19995 0.947558
3357.68994 0.947759
3358.17993 0.947962
3358.66992 0.948166
3359.15991 0.948367
3359.65991 0.948576
3360.14990 0.948841
3360.63989 0.949282
3361.12988 0.949723
3361.62012 0.950167
3362.11011 0.95061
3362.60010 0.951052
3363.10010 0.951496
3363.59009 0.951941
3364.08008 0.952388
3364.57007 0.952831
3365.07007 0.953277
3365.56006 0.95372
3366.05005 0.954165
3366.55005 0.95461
3367.04004 0.955052
3367.53003 0.955498
3368.02002 0.955943
3368.52002 0.95639
3369.01001 0.956835
3369.50000 0.957281
3369.98999 0.957696
3370.48999 0.958019
3370.97998 0.95831
3371.46997 0.958601
3371.96997 0.958894
3372.45996 0.959183
3372.94995 0.959472
3373.44995 0.959763
3373.93994 0.960055
3374.43994 0.960348
3374.92993 0.960642
3375.42993 0.960932
3375.91992 0.961222
3376.40991 0.961514
3376.90991 0.961807
3377.39990 0.962097
3377.88989 0.962387
3378.38989 0.962679
3378.87988 0.962971
3379.37988 0.963263
3379.87012 0.963551
3380.37012 0.963838
3380.86011 0.964118
3381.36011 0.964396
3381.85010 0.964675
3382.35010 0.964955
3382.84009 0.965235
3383.34009 0.965516
3383.83008 0.965795
3384.33008 0.966073
3384.82007 0.966351
3385.32007 0.966633
3385.81006 0.966917
3386.31006 0.967198
3386.81006 0.967477
3387.30005 0.967755
3387.80005 0.968035
3388.29004 0.968316
3388.79004 0.968596
3389.28003 0.968876
3389.78003 0.969154
3390.28003 0.969561
3390.77002 0.970019
3391.27002 0.970497
3391.76001 0.970974
3392.26001 0.971456
3392.76001 0.971933
3393.25000 0.97241
3393.75000 0.972887
3394.25000 0.973368
3394.73999 0.973845
3395.23999 0.974325
3395.73999 0.974803
3396.23999 0.975282
3396.72998 0.975764
3397.22998 0.976243
3397.72998 0.976724
3398.21997 0.977205
3398.71997 0.977681
3399.21997 0.978165
3399.70996 0.978646
3400.20996 0.978715
3400.70996 0.978241
3401.20996 0.977759
3401.70996 0.977279
3402.19995 0.976797
3402.69995 0.976315
3403.19995 0.975834
3403.69995 0.975352
3404.19995 0.974867
3404.69995 0.974384
3405.18994 0.9739
3405.68994 0.973415
3406.18994 0.97293
3406.68994 0.972443
3407.18994 0.971955
3407.68994 0.971468
3408.17993 0.97098
3408.67993 0.970494
3409.17993 0.970004
3409.67993 0.969499
3410.17993 0.968916
3410.67993 0.968167
3411.17993 0.967415
3411.67993 0.966654
3412.17993 0.965896
3412.67993 0.965132
3413.17993 0.964369
3413.67993 0.963605
3414.17993 0.962844
3414.67993 0.962079
3415.17993 0.961313
3415.66992 0.960554
3416.17993 0.959785
3416.66992 0.959022
3417.16992 0.958252
3417.66992 0.957483
3418.16992 0.956712
3418.67993 0.955941
3419.17993 0.955168
3419.67993 0.954395
3420.17993 0.954136
3420.67993 0.954274
3421.17993 0.954552
3421.67993 0.954832
3422.17993 0.95511
3422.67993 0.955391
3423.17993 0.95567
3423.67993 0.955948
3424.17993 0.956226
3424.67993 0.956504
3425.18994 0.956784
3425.68994 0.957063
3426.18994 0.957343
3426.68994 0.957622
3427.18994 0.9579
3427.68994 0.95818
3428.18994 0.958461
3428.69995 0.958741
3429.19995 0.95902
3429.69995 0.959333
3430.19995 0.959754
3430.69995 0.960476
3431.20996 0.961197
3431.70996 0.961915
3432.20996 0.962636
3432.70996 0.963356
3433.21997 0.964082
3433.71997 0.9648
3434.21997 0.965524
3434.71997 0.966248
3435.21997 0.96697
3435.72998 0.967696
3436.22998 0.968419
3436.72998 0.969146
3437.23999 0.969872
3437.73999 0.970601
3438.23999 0.971324
3438.75000 0.972055
3439.25000 0.972781
3439.75000 0.973506
3440.26001 0.974199
3440.76001 0.974875
3441.26001 0.975543
3441.77002 0.976209
3442.27002 0.97688
3442.78003 0.977547
3443.28003 0.978219
3443.78003 0.97889
3444.29004 0.97956
3444.79004 0.98023
3445.29004 0.9809
3445.80005 0.981573
3446.30005 0.982246
3446.81006 0.982921
3447.31006 0.983595
3447.82007 0.984267
3448.32007 0.984942
3448.82007 0.985612
3449.33008 0.98629
3449.84009 0.986961
3450.34009 0.987625
3450.84009 0.988269
3451.35010 0.98892
3451.86011 0.98957
3452.36011 0.990219
3452.87012 0.990871
3453.37012 0.991521
3453.87988 0.992172
3454.37988 0.992817
3454.88989 0.993469
3455.38989 0.994119
3455.89990 0.994774
3456.40991 0.995426
3456.90991 0.996077
3457.41992 0.996732
3457.91992 0.997384
3458.42993 0.998039
3458.93994 0.998694
3459.43994 0.999349
3459.94995 0.999956
3460.44995 1.0
3460.95996 0.999955
3461.46997 0.999896
3461.96997 0.999836
3462.47998 0.999777
3462.98999 0.999716
3463.48999 0.999657
3464.00000 0.999596
3464.51001 0.999535
3465.02002 0.999474
3465.52002 0.999412
3466.03003 0.999352
3466.54004 0.999289
3467.04004 0.999227
3467.55005 0.999165
3468.06006 0.999102
3468.57007 0.99904
3469.08008 0.998976
3469.58008 0.998914
3470.09009 0.998782
3470.60010 0.998563
3471.11011 0.99831
3471.61011 0.99806
3472.12012 0.997806
3472.62988 0.997558
3473.13989 0.997309
3473.64990 0.997055
3474.15991 0.996803
3474.65991 0.996547
3475.16992 0.996294
3475.67993 0.996041
3476.18994 0.995787
3476.69995 0.995533
3477.20996 0.995277
3477.71997 0.995021
3478.22998 0.994765
3478.72998 0.994511
3479.23999 0.994253
3479.75000 0.993926
3480.26001 0.993358
3480.77002 0.992359
3481.28003 0.991361
3481.79004 0.990359
3482.30005 0.989357
3482.81006 0.98835
3483.32007 0.987349
3483.83008 0.986341
3484.34009 0.985342
3484.85010 0.984333
3485.36011 0.983323
3485.87012 0.982316
3486.37988 0.981302
3486.88989 0.980295
3487.39990 0.979281
3487.90991 0.978269
3488.41992 0.977255
3488.92993 0.976238
3489.43994 0.975226
3489.94995 0.974212
3490.45996 0.973715
3490.96997 0.973251
3491.47998 0.972795
3492.00000 0.972337
3492.51001 0.971881
3493.02002 0.971422
3493.53003 0.970966
3494.04004 0.970511
3494.55005 0.970052
3495.06006 0.969595
3495.58008 0.969133
3496.09009 0.968674
3496.60010 0.968214
3497.11011 0.967755
3497.62012 0.967293
3498.13989 0.96683
3498.64990 0.966366
3499.15991 0.965901
3499.66992 0.965438
3500.17993 0.965445
3500.68994 0.965792
3501.20996 0.966277
3501.71997 0.966759
3502.22998 0.967242
3502.73999 0.967729
3503.26001 0.968213
3503.77002 0.968697
3504.28003 0.969181
3504.80005 0.969668
3505.31006 0.970149
3505.82007 0.970631
3506.34009 0.971117
3506.85010 0.971604
3507.36011 0.97209
3507.87012 0.972574
3508.38989 0.97306
3508.89990 0.973544
3509.40991 0.974033
3509.92993 0.974574
3510.43994 0.97521
3510.95996 0.975929
3511.46997 0.976647
3511.98999 0.977372
3512.50000 0.978088
3513.01001 0.978804
3513.53003 0.97953
3514.04004 0.980255
3514.56006 0.980979
3515.07007 0.981699
3515.59009 0.982424
3516.10010 0.983146
3516.61011 0.983868
3517.12012 0.984591
3517.63989 0.985319
3518.15991 0.986046
3518.66992 0.986769
3519.18994 0.987495
3519.69995 0.988208
3520.21997 0.988824
3520.72998 0.989295
3521.25000 0.989757
3521.76001 0.990219
3522.28003 0.990679
3522.80005 0.991141
3523.31006 0.9916
3523.83008 0.992061
3524.34009 0.992523
3524.86011 0.992985
3525.37012 0.993447
3525.88989 0.993911
3526.40991 0.994373
3526.91992 0.994833
3527.43994 0.995297
3527.94995 0.995759
3528.46997 0.996225
3528.98999 0.996687
3529.50000 0.99715
3530.02002 0.997309
3530.54004 0.996976
3531.05005 0.996377
3531.57007 0.995778
3532.09009 0.995176
3532.60010 0.994575
3533.12012 0.99397
3533.63989 0.993367
3534.14990 0.992764
3534.66992 0.992163
3535.18994 0.991558
3535.70996 0.990954
3536.21997 0.990349
3536.73999 0.989739
3537.26001 0.989132
3537.78003 0.988524
3538.30005 0.987913
3538.81006 0.9873
3539.33008 0.986688
3539.85010 0.9862
3540.37012 0.985971
3540.87988 0.986071
3541.39990 0.986175
3541.91992 0.98628
3542.43994 0.986382
3542.95996 0.986481
3543.47998 0.986582
3544.00000 0.986682
3544.51001 0.986784
3545.03003 0.986887
3545.55005 0.986988
3546.07007 0.987092
3546.59009 0.987189
3547.11011 0.987288
3547.62988 0.98739
3548.14990 0.987491
3548.66992 0.98759
3549.18994 0.98769
3549.70996 0.987779
3550.21997 0.98783
3550.73999 0.987789
3551.26001 0.987745
3551.78003 0.9877
3552.31006 0.987658
3552.82007 0.987615
3553.34009 0.987571
3553.86011 0.987527
3554.37988 0.987483
3554.89990 0.98744
3555.41992 0.987394
3555.94995 0.987348
3556.46997 0.987302
3556.98999 0.987257
3557.51001 0.987211
3558.03003 0.987165
3558.55005 0.987119
3559.07007 0.987073
3559.59009 0.987026
3560.11011 0.986497
3560.62988 0.98534
3561.14990 0.983976
3561.67993 0.982611
3562.19995 0.981248
3562.71997 0.979876
3563.23999 0.978515
3563.76001 0.977139
3564.28003 0.975772
3564.80005 0.974406
3565.32007 0.97303
3565.84009 0.971657
3566.37012 0.970278
3566.88989 0.968897
3567.40991 0.967514
3567.92993 0.966134
3568.44995 0.964755
3568.97998 0.963366
3569.50000 0.961982
3570.02002 0.960147
3570.55005 0.957725
3571.07007 0.954911
3571.59009 0.952107
3572.11011 0.94929
3572.63989 0.946477
3573.15991 0.943652
3573.67993 0.940823
3574.19995 0.938013
3574.72998 0.935174
3575.25000 0.932351
3575.77002 0.929526
3576.30005 0.926685
3576.82007 0.92384
3577.34009 0.921004
3577.87012 0.918155
3578.38989 0.915305
3578.91992 0.912461
3579.43994 0.909604
3579.96997 0.906869
3580.48999 0.904408
3581.01001 0.902106
3581.54004 0.899785
3582.06006 0.897479
3582.58008 0.895171
3583.11011 0.89285
3583.62988 0.890533
3584.15991 0.888207
3584.67993 0.885889
3585.20996 0.883558
3585.72998 0.881227
3586.26001 0.878902
3586.78003 0.876567
3587.30005 0.874236
3587.83008 0.871895
3588.36011 0.869558
3588.87988 0.867209
3589.40991 0.864861
3589.92993 0.862604
3590.45996 0.861458
3590.97998 0.860522
3591.51001 0.859619
3592.03003 0.858721
3592.56006 0.857809
3593.08008 0.856907
3593.61011 0.855999
3594.13989 0.855088
3594.65991 0.85418
3595.18994 0.853264
3595.71997 0.852354
3596.23999 0.851441
3596.77002 0.850531
3597.29004 0.849617
3597.82007 0.8487
3598.35010 0.847778
3598.87012 0.846864
3599.39990 0.845942
3599.92993 0.844966
3600.44995 0.843336
3600.97998 0.84152
3601.51001 0.839708
3602.04004 0.837886
3602.56006 0.836072
3603.09009 0.834255
3603.62012 0.832422
3604.13989 0.830601
3604.66992 0.828779
3605.19995 0.826953
3605.72998 0.825112
3606.26001 0.823282
3606.78003 0.821446
3607.31006 0.819607
3607.84009 0.817773
3608.37012 0.815923
3608.89990 0.814084
3609.41992 0.812242
3609.94995 0.809978
3610.47998 0.806954
3611.01001 0.803343
3611.54004 0.799744
3612.07007 0.796113
3612.59009 0.792521
3613.12012 0.788895
3613.64990 0.785279
3614.17993 0.781645
3614.70996 0.778022
3615.23999 0.774385
3615.77002 0.770757
3616.30005 0.767098
3616.83008 0.763462
3617.36011 0.759808
3617.88989 0.756151
3618.40991 0.752505
3618.94995 0.74884
3619.46997 0.745186
3620.01001 0.741831
3620.53003 0.73903
3621.06006 0.736535
3621.59009 0.734022
3622.12012 0.731533
3622.64990 0.729022
3623.17993 0.726517
3623.71997 0.723989
3624.23999 0.721479
3624.78003 0.718958
3625.31006 0.716434
3625.84009 0.713918
3626.37012 0.71139
3626.89990 0.708859
3627.42993 0.706334
3627.95996 0.703804
3628.48999 0.701256
3629.02002 0.698725
3629.55005 0.69622
3630.08008 0.694074
3630.61011 0.694234
3631.14990 0.694394
3631.67993 0.694554
3632.20996 0.694713
3632.73999 0.694874
3633.27002 0.695033
3633.80005 0.695193
3634.34009 0.695353
3634.87012 0.695513
3635.39990 0.695673
3635.92993 0.695835
3636.46997 0.695994
3637.00000 0.696152
3637.53003 0.696312
3638.06006 0.696473
3638.60010 0.696632
3639.12012 0.69679
3639.65991 0.696935
3640.18994 0.696584
3640.71997 0.695702
3641.26001 0.694708
3641.79004 0.693708
3642.32007 0.692708
3642.86011 0.691711
3643.38989 0.690708
3643.91992 0.689705
3644.44995 0.688705
3644.98999 0.687705
3645.52002 0.686692
3646.06006 0.685685
3646.59009 0.684678
3647.12012 0.683669
3647.65991 0.682661
3648.18994 0.681649
3648.71997 0.680643
3649.26001 0.679625
3649.79004 0.678611
3650.33008 0.674835
3650.86011 0.669844
3651.39990 0.664664
3651.92993 0.659479
3652.45996 0.654289
3653.00000 0.649058
3653.53003 0.643859
3654.07007 0.638634
3654.60010 0.633426
3655.13989 0.62819
3655.66992 0.622972
3656.20996 0.617708
3656.73999 0.612479
3657.28003 0.607244
3657.82007 0.601966
3658.35010 0.59674
3658.88989 0.591473
3659.41992 0.586197
3659.95996 0.580238
3660.48999 0.573126
3661.03003 0.565118
3661.56006 0.557097
3662.10010 0.549067
3662.63989 0.540971
3663.16992 0.532932
3663.70996 0.52482
3664.23999 0.51676
3664.78003 0.508695
3665.32007 0.500564
3665.85010 0.492482
3666.38989 0.484364
3666.92993 0.47627
3667.45996 0.468134
3668.00000 0.460025
3668.53003 0.451905
3669.07007 0.443719
3669.61011 0.435587
3670.14990 0.427404
3670.67993 0.419137
3671.21997 0.410825
3671.76001 0.402506
3672.30005 0.394211
3672.84009 0.385842
3673.37012 0.37753
3673.90991 0.369212
3674.44995 0.360884
3674.98999 0.352488
3675.52002 0.344146
3676.06006 0.335733
3676.60010 0.327376
3677.13989 0.319007
3677.67993 0.310605
3678.20996 0.302223
3678.75000 0.293801
3679.29004 0.285407
3679.83008 0.277045
3680.36011 0.268969
3680.90991 0.261047
3681.43994 0.253184
3681.97998 0.245307
3682.52002 0.237365
3683.06006 0.229478
3683.60010 0.221549
3684.13989 0.213646
3684.67993 0.205704
3685.21997 0.197784
3685.76001 0.189796
3686.30005 0.18186
3686.84009 0.173917
3687.37988 0.165936
3687.90991 0.15798
3688.44995 0.149982
3688.98999 0.142009
3689.54004 0.134063
3690.07007 0.126561
3690.61011 0.122338
3691.15991 0.118146
3691.68994 0.113965
3692.23999 0.109766
3692.77002 0.105578
3693.32007 0.101355
3693.86011 0.0971577
3694.39990 0.092959
3694.93994 0.0887399
3695.47998 0.0845154
3696.02002 0.0802875
3696.56006 0.0760716
3697.10010 0.071837
3697.63989 0.0676127
3698.17993 0.0633869
3698.71997 0.059154
3699.27002 0.054887
3699.81006 0.0506473
3700.35010 0.0483144
3700.88989 0.046581
3701.42993 0.0450285
3701.96997 0.0434676
3702.52002 0.0419061
3703.06006 0.0403419
3703.60010 0.0387772
3704.13989 0.0372168
3704.67993 0.0356488
3705.22998 0.0340851
3705.77002 0.0325075
3706.31006 0.0309411
3706.85010 0.0293727
3707.39990 0.0278025
3707.93994 0.0262253
3708.47998 0.0246467
3709.02002 0.0230726
3709.57007 0.0214964
3710.11011 0.0203304
3710.64990 0.0195701
3711.19995 0.0190206
3711.73999 0.0184688
3712.28003 0.0179184
3712.82007 0.0173653
3713.37012 0.0168118
3713.90991 0.0162595
3714.45996 0.0157048
3715.00000 0.0151519
3715.55005 0.0145941
3716.09009 0.0140398
3716.62988 0.013485
3717.17993 0.0129255
3717.71997 0.0123699
3718.26001 0.0118135
3718.81006 0.0112566
3719.35010 0.010697
3719.88989 0.010193
3720.43994 0.00983031
4092.48389 0.0
