threeML/data/optical_filters/HST/ACS_SBC-PR130L.ecsv
# %ECSV 0.9
# ---
# datatype:
# - {name: wavelength, unit: Angstrom, datatype: float32}
# - {name: response, datatype: float32}
# meta: !!omap
# - {band_name: PR130L}
# - {group_name: ACS_SBC}
wavelength response
[from data line 803]
1414.38000 0.866582
1414.64001 0.866216
1414.91003 0.865852
1415.17004 0.865391
1415.43994 0.864881
1415.70996 0.864371
1415.97998 0.863861
1416.23999 0.863347
1416.51001 0.862837
1416.78003 0.862326
1417.04004 0.861836
1417.31006 0.861466
1417.57996 0.861097
1417.84998 0.860727
1418.10999 0.860295
1418.38000 0.859781
1418.65002 0.859267
1418.91003 0.858751
1419.18005 0.858332
1419.44995 0.857959
1419.71997 0.857587
1419.97998 0.857213
1420.25000 0.856699
1420.52002 0.856176
1420.79004 0.855652
1421.06006 0.855124
1421.31995 0.854599
1421.58997 0.854074
1421.85999 0.853548
1422.13000 0.853089
1422.39001 0.852707
1422.66003 0.852324
1422.93005 0.851941
1423.19995 0.85145
1423.46997 0.850922
1423.72998 0.850392
1424.00000 0.849861
1424.27002 0.849331
1424.54004 0.848801
1424.81006 0.848269
1425.07996 0.847779
1425.34998 0.847394
1425.60999 0.847006
1425.88000 0.846617
1426.15002 0.846148
1426.42004 0.845614
1426.68994 0.845078
1426.95996 0.844545
1427.22998 0.84401
1427.50000 0.843474
1427.77002 0.842938
1428.03003 0.84242
1428.30005 0.842028
1428.56995 0.841636
1428.83997 0.841245
1429.10999 0.840793
1429.38000 0.840255
1429.65002 0.839714
1429.92004 0.839175
1430.18994 0.838732
1430.45996 0.83833
1430.72998 0.837928
1431.00000 0.837527
1431.27002 0.836979
1431.54004 0.83643
1431.81006 0.83588
1432.07996 0.835331
1432.34998 0.834781
1432.62000 0.834229
1432.88000 0.833678
1433.16003 0.83321
1433.43005 0.832803
1433.69995 0.832398
1433.96997 0.831993
1434.23999 0.831456
1434.51001 0.830903
1434.78003 0.830349
1435.05005 0.829819
1435.31995 0.82941
1435.58997 0.829002
1435.85999 0.828594
1436.13000 0.828113
1436.40002 0.827555
1436.67004 0.826998
1436.93994 0.826438
1437.20996 0.825881
1437.47998 0.825323
1437.75000 0.824763
1438.03003 0.824216
1438.30005 0.823804
1438.56995 0.82339
1438.83997 0.822977
1439.10999 0.822504
1439.38000 0.821942
1439.65002 0.82138
1439.92004 0.820815
1440.18994 0.820352
1440.46997 0.819928
1440.73999 0.819506
1441.01001 0.819076
1441.28003 0.818502
1441.55005 0.817929
1441.81995 0.817353
1442.09998 0.81683
1442.37000 0.816405
1442.64001 0.815978
1442.91003 0.815551
1443.18005 0.815024
1443.44995 0.814446
1443.72998 0.813867
1444.00000 0.81329
1444.27002 0.812711
1444.54004 0.812134
1444.81995 0.811554
1445.08997 0.811022
1445.35999 0.810592
1445.63000 0.810159
1445.90002 0.809728
1446.18005 0.809201
1446.44995 0.808619
1446.71997 0.808035
1446.98999 0.807453
1447.27002 0.807016
1447.54004 0.806582
1447.81006 0.806148
1448.08997 0.805667
1448.35999 0.805082
1448.63000 0.804495
1448.90002 0.80391
1449.18005 0.803324
1449.44995 0.802737
1449.71997 0.802148
1450.00000 0.801562
1450.27002 0.801051
1450.54004 0.800536
1450.81995 0.800025
1451.08997 0.799464
1451.37000 0.798799
1451.64001 0.798137
1451.91003 0.797474
1452.18005 0.796912
1452.45996 0.796397
1452.72998 0.795883
1453.01001 0.795366
1453.28003 0.7947
1453.55005 0.794034
1453.82996 0.793368
1454.09998 0.792758
1454.38000 0.792241
1454.65002 0.791726
1454.92004 0.79121
1455.19995 0.790585
1455.46997 0.789915
1455.75000 0.789246
1456.02002 0.78859
1456.30005 0.788071
1456.56995 0.787554
1456.83997 0.787037
1457.12000 0.786454
1457.39001 0.785782
1457.67004 0.785111
1457.93994 0.784441
1458.21997 0.783886
1458.48999 0.783368
1458.77002 0.782848
1459.04004 0.782305
1459.31995 0.781631
1459.58997 0.780958
1459.87000 0.780284
1460.14001 0.779683
1460.42004 0.779151
1460.68994 0.778619
1460.96997 0.778087
1461.23999 0.777418
1461.52002 0.776733
1461.79004 0.776047
1462.06995 0.775397
1462.33997 0.774866
1462.62000 0.774332
1462.89001 0.773797
1463.17004 0.773164
1463.44995 0.772477
1463.71997 0.771789
1464.00000 0.771101
1464.27002 0.770412
1464.55005 0.769723
1464.82996 0.769032
1465.09998 0.768399
1465.38000 0.767861
1465.65002 0.767325
1465.93005 0.766788
1466.20996 0.766134
1466.47998 0.765443
1466.76001 0.764751
1467.04004 0.764078
1467.31006 0.763539
1467.58997 0.763002
1467.87000 0.762462
1468.14001 0.761841
1468.42004 0.761147
1468.69995 0.760453
1468.96997 0.759757
1469.25000 0.759203
1469.53003 0.758662
1469.80005 0.758119
1470.07996 0.75753
1470.35999 0.756821
1470.63000 0.756113
1470.91003 0.755406
1471.18994 0.754803
1471.46997 0.754249
1471.73999 0.753693
1472.02002 0.753127
1472.30005 0.752418
1472.57996 0.751708
1472.84998 0.750996
1473.13000 0.750359
1473.41003 0.749803
1473.68994 0.749245
1473.95996 0.748688
1474.23999 0.747997
1474.52002 0.747285
1474.80005 0.746573
1475.06995 0.745902
1475.34998 0.745343
1475.63000 0.744785
1475.91003 0.744225
1476.18994 0.743562
1476.45996 0.74285
1476.73999 0.742134
1477.02002 0.741432
1477.30005 0.740872
1477.57996 0.740312
1477.85999 0.739749
1478.13000 0.739113
1478.41003 0.738398
1478.68994 0.737679
1478.96997 0.736962
1479.25000 0.736385
1479.53003 0.735821
1479.81006 0.735259
1480.08997 0.734693
1480.37000 0.734118
1480.64001 0.733541
1480.92004 0.732965
1481.19995 0.732277
1481.47998 0.731545
1481.76001 0.730811
1482.04004 0.730103
1482.31995 0.729526
1482.59998 0.728947
1482.88000 0.72837
1483.16003 0.727702
1483.43994 0.726971
1483.71997 0.726235
1484.00000 0.725501
1484.28003 0.72492
1484.56006 0.724339
1484.83997 0.72376
1485.12000 0.723117
1485.39001 0.722381
1485.67004 0.721643
1485.94995 0.720906
1486.22998 0.720301
1486.52002 0.719719
1486.80005 0.719137
1487.07996 0.718514
1487.35999 0.717779
1487.64001 0.717038
1487.92004 0.7163
1488.19995 0.715669
1488.47998 0.715085
1488.76001 0.714502
1489.04004 0.713921
1489.31995 0.713338
1489.59998 0.712753
1489.88000 0.712169
1490.16003 0.711488
1490.43994 0.710731
1490.71997 0.709976
1491.00000 0.709222
1491.28003 0.708624
1491.56995 0.708023
1491.84998 0.707424
1492.13000 0.706754
1492.41003 0.705997
1492.68994 0.705238
1492.96997 0.704483
1493.25000 0.703865
1493.54004 0.703263
1493.81995 0.702662
1494.09998 0.702006
1494.38000 0.701246
1494.66003 0.700489
1494.93994 0.69973
1495.21997 0.699096
1495.51001 0.69849
1495.79004 0.697888
1496.06995 0.697246
1496.34998 0.696486
1496.63000 0.695725
1496.91003 0.694964
1497.19995 0.694313
1497.47998 0.693708
1497.76001 0.693104
1498.04004 0.692499
1498.32996 0.691895
1498.60999 0.691289
1498.89001 0.690684
1499.17004 0.689981
1499.45996 0.689216
1499.73999 0.688452
1500.02002 0.687699
1500.30005 0.68706
1500.58997 0.686416
1500.87000 0.685776
1501.15002 0.68505
1501.43994 0.684249
1501.71997 0.683453
1502.00000 0.682653
1502.28003 0.682012
1502.56995 0.681369
1502.84998 0.680728
1503.13000 0.680086
1503.42004 0.679442
1503.69995 0.6788
1503.97998 0.678158
1504.27002 0.677367
1504.55005 0.676564
1504.82996 0.675762
1505.12000 0.675026
1505.40002 0.674382
1505.68005 0.67374
1505.96997 0.673095
1506.25000 0.672449
1506.54004 0.671806
1506.81995 0.671162
1507.09998 0.67046
1507.39001 0.669657
1507.67004 0.668853
1507.95996 0.66805
1508.23999 0.667379
1508.53003 0.666734
1508.81006 0.666086
1509.08997 0.665392
1509.38000 0.664587
1509.66003 0.66378
1509.94995 0.662975
1510.22998 0.662291
1510.52002 0.661633
1510.80005 0.660976
1511.08997 0.660319
1511.37000 0.65966
1511.65002 0.659003
1511.93994 0.658346
1512.21997 0.657563
1512.51001 0.656744
1512.79004 0.655929
1513.07996 0.655156
1513.37000 0.654497
1513.65002 0.653839
1513.93005 0.653178
1514.21997 0.65252
1514.51001 0.651861
1514.79004 0.651202
1515.07996 0.650501
1515.35999 0.649682
1515.65002 0.648861
1515.93005 0.648042
1516.21997 0.647345
1516.51001 0.646684
1516.79004 0.646024
1517.07996 0.645321
1517.35999 0.644499
1517.65002 0.643679
1517.93005 0.642859
1518.21997 0.642161
1518.51001 0.641501
1518.79004 0.64084
1519.07996 0.640177
1519.37000 0.639516
1519.65002 0.638852
1519.93994 0.638191
1520.21997 0.6374
1520.51001 0.636569
1520.80005 0.63574
1521.07996 0.634957
1521.37000 0.634284
1521.66003 0.633614
1521.93994 0.632947
1522.22998 0.632276
1522.52002 0.631605
1522.80005 0.630934
1523.08997 0.630213
1523.38000 0.62938
1523.67004 0.628549
1523.94995 0.627719
1524.23999 0.627021
1524.53003 0.626348
1524.81995 0.625677
1525.09998 0.625006
1525.39001 0.624334
1525.68005 0.623661
1525.95996 0.622992
1526.25000 0.62218
1526.54004 0.621342
1526.82996 0.62051
1527.12000 0.619741
1527.40002 0.619069
1527.68994 0.618396
1527.97998 0.617724
1528.27002 0.617051
1528.55005 0.616376
1528.83997 0.615703
1529.13000 0.614958
1529.42004 0.614123
1529.70996 0.613287
1529.98999 0.612453
1530.28003 0.611772
1530.56995 0.611092
1530.85999 0.610413
1531.15002 0.609736
1531.43994 0.609059
1531.72998 0.608376
1532.02002 0.607697
1532.30005 0.607019
1532.58997 0.606338
1532.88000 0.605658
1533.17004 0.604887
1533.45996 0.604047
1533.75000 0.603204
1534.04004 0.602383
1534.32996 0.601704
1534.62000 0.601022
1534.90002 0.600342
1535.18994 0.599662
1535.47998 0.598979
1535.77002 0.598299
1536.06006 0.597584
1536.34998 0.596742
1536.64001 0.595901
1536.93005 0.595056
1537.21997 0.594336
1537.51001 0.593655
1537.80005 0.592972
1538.08997 0.592291
1538.38000 0.591609
1538.67004 0.590926
1538.95996 0.590246
1539.25000 0.589564
1539.54004 0.588882
1539.82996 0.588198
1540.12000 0.587447
1540.41003 0.586602
1540.69995 0.585759
1540.98999 0.584912
1541.28003 0.584222
1541.56995 0.583538
1541.85999 0.582852
1542.15002 0.582165
1542.43994 0.581483
1542.72998 0.580798
1543.02002 0.580099
1543.31006 0.579252
1543.60999 0.578406
1543.90002 0.577556
1544.18994 0.576814
1544.47998 0.576131
1544.77002 0.575445
1545.06006 0.574758
1545.34998 0.574071
1545.64001 0.573385
1545.93005 0.572699
1546.21997 0.572013
1546.52002 0.571327
1546.81006 0.570639
1547.09998 0.569898
1547.39001 0.569047
1547.68005 0.568199
1547.96997 0.567353
1548.27002 0.566649
1548.56006 0.565962
1548.84998 0.565276
1549.14001 0.564587
1549.43005 0.5639
1549.71997 0.563212
1550.02002 0.562523
1550.31006 0.56184
1550.59998 0.561152
1550.89001 0.560464
1551.18994 0.559677
1551.47998 0.558826
1551.77002 0.557978
1552.06006 0.557164
1552.35999 0.556478
1552.65002 0.55579
1552.93994 0.555103
1553.22998 0.554414
1553.53003 0.553727
1553.81995 0.553042
1554.10999 0.552343
1554.40002 0.551621
1554.69995 0.550901
1554.98999 0.550181
1555.28003 0.549459
1555.57996 0.548739
1555.87000 0.548019
1556.16003 0.547296
1556.45996 0.546576
1556.75000 0.545856
1557.04004 0.545133
1557.33997 0.544412
1557.63000 0.543691
1557.92004 0.54297
1558.21997 0.54226
1558.51001 0.541554
1558.81006 0.540849
1559.09998 0.540138
1559.39001 0.539414
1559.68994 0.538695
1559.97998 0.537973
1560.27002 0.537255
1560.56995 0.536536
1560.85999 0.535818
1561.16003 0.535098
1561.44995 0.53438
1561.73999 0.533662
1562.04004 0.532944
1562.32996 0.532223
1562.63000 0.531505
1562.92004 0.530787
1563.21997 0.530068
1563.51001 0.529347
1563.81006 0.528628
1564.09998 0.527915
1564.39001 0.527212
1564.68994 0.526507
1564.97998 0.525805
1565.28003 0.525088
1565.57996 0.524366
1565.87000 0.523647
1566.16003 0.522927
1566.45996 0.522203
1566.76001 0.521483
1567.05005 0.520765
1567.34998 0.520045
1567.64001 0.519322
1567.93994 0.518602
1568.22998 0.517881
1568.53003 0.517159
1568.81995 0.516438
1569.12000 0.515717
1569.41003 0.514996
1569.70996 0.514275
1570.01001 0.513552
1570.30005 0.512854
1570.59998 0.512157
1570.89001 0.511456
1571.18994 0.51075
1571.47998 0.510035
1571.78003 0.509316
1572.07996 0.508601
1572.38000 0.507887
1572.67004 0.507169
1572.96997 0.506456
1573.26001 0.505741
1573.56006 0.505025
1573.85999 0.504308
1574.15002 0.50359
1574.44995 0.502874
1574.75000 0.502158
1575.04004 0.501447
1575.33997 0.500763
1575.64001 0.50008
1575.93005 0.499396
1576.22998 0.498697
1576.53003 0.497997
1576.82996 0.497296
1577.12000 0.496594
1577.42004 0.495893
1577.71997 0.495192
1578.02002 0.49449
1578.31006 0.493806
1578.60999 0.493123
1578.91003 0.492438
1579.19995 0.49174
1579.50000 0.491037
1579.80005 0.490335
1580.09998 0.489642
1580.39001 0.488966
1580.68994 0.48829
1580.98999 0.487611
1581.29004 0.486921
1581.58997 0.486226
1581.88000 0.485533
1582.18005 0.48484
1582.47998 0.484145
1582.78003 0.483451
1583.07996 0.482762
1583.38000 0.482082
1583.67004 0.481405
1583.96997 0.480727
1584.27002 0.480032
1584.56995 0.479338
1584.87000 0.478644
1585.17004 0.477949
1585.45996 0.477255
1585.77002 0.476558
1586.06006 0.475866
1586.35999 0.475188
1586.66003 0.474509
1586.95996 0.47383
1587.26001 0.473137
1587.56006 0.47244
1587.85999 0.471742
1588.16003 0.471057
1588.44995 0.470377
1588.76001 0.469695
1589.05005 0.469012
1589.34998 0.468316
1589.65002 0.467618
1589.94995 0.466921
1590.25000 0.466234
1590.55005 0.465547
1590.84998 0.464861
1591.15002 0.464185
1591.44995 0.463516
1591.75000 0.462844
1592.05005 0.462172
1592.34998 0.461488
1592.65002 0.460801
1592.94995 0.460113
1593.25000 0.45944
1593.55005 0.458768
1593.84998 0.458095
1594.15002 0.457419
1594.44995 0.456731
1594.75000 0.456044
1595.05005 0.455355
1595.35999 0.454665
1595.65002 0.453979
1595.95996 0.453289
1596.26001 0.452615
1596.56006 0.451944
1596.85999 0.451272
1597.16003 0.450589
1597.45996 0.4499
1597.76001 0.449211
1598.06006 0.448526
1598.35999 0.447853
1598.66003 0.447181
1598.96997 0.446506
1599.27002 0.445816
1599.56995 0.445126
1599.87000 0.444438
1600.17004 0.443774
1600.46997 0.443128
1600.78003 0.442481
1601.07996 0.441835
1601.38000 0.44119
1601.68005 0.440547
1601.97998 0.439901
1602.28003 0.439253
1602.58997 0.438608
1602.89001 0.437962
1603.18994 0.437315
1603.48999 0.43667
1603.79004 0.436022
1604.09998 0.435377
1604.40002 0.434729
1604.69995 0.43408
1605.00000 0.433433
1605.31006 0.432786
1605.60999 0.432137
1605.91003 0.431491
1606.20996 0.430831
1606.52002 0.430163
1606.81995 0.429498
1607.12000 0.42884
1607.43005 0.42819
1607.72998 0.427543
1608.03003 0.426895
1608.32996 0.426251
1608.64001 0.425605
1608.93994 0.424961
1609.23999 0.424316
1609.55005 0.423669
1609.84998 0.423026
1610.15002 0.422387
1610.45996 0.421758
1610.76001 0.421128
1611.06006 0.420496
1611.37000 0.419866
1611.67004 0.419236
1611.96997 0.418603
1612.28003 0.417972
1612.57996 0.417341
1612.89001 0.416708
1613.18994 0.416076
1613.48999 0.415446
1613.80005 0.414814
1614.09998 0.41418
1614.41003 0.413547
1614.70996 0.412915
1615.02002 0.41228
1615.31995 0.411647
1615.62000 0.411014
1615.93005 0.41038
1616.22998 0.409747
1616.54004 0.409111
1616.83997 0.408477
1617.15002 0.407842
1617.44995 0.407206
1617.76001 0.406571
1618.06006 0.405933
1618.37000 0.405279
1618.67004 0.404626
1618.97998 0.403974
1619.28003 0.403337
1619.58997 0.402701
1619.89001 0.402064
1620.19995 0.401439
1620.50000 0.400818
1620.81006 0.400197
1621.10999 0.399577
1621.42004 0.398959
1621.71997 0.398337
1622.03003 0.397716
1622.33997 0.397096
1622.64001 0.396473
1622.94995 0.39585
1623.25000 0.39523
1623.56006 0.394608
1623.87000 0.393984
1624.17004 0.393362
1624.47998 0.392739
1624.78003 0.392114
1625.08997 0.391501
1625.39001 0.390912
1625.69995 0.390323
1626.01001 0.389732
1626.31006 0.38914
1626.62000 0.388549
1626.93005 0.387958
1627.22998 0.387352
1627.54004 0.386746
1627.84998 0.386137
1628.15002 0.385535
1628.45996 0.384942
1628.77002 0.384349
1629.06995 0.383759
1629.38000 0.383164
1629.68994 0.382571
1629.98999 0.381978
1630.30005 0.381401
1630.60999 0.380826
1630.92004 0.380251
1631.21997 0.379662
1631.53003 0.379071
1631.83997 0.378476
1632.15002 0.377891
1632.44995 0.377314
1632.76001 0.376736
1633.06995 0.376159
1633.38000 0.375581
1633.68005 0.375004
1633.98999 0.374424
1634.30005 0.373846
1634.60999 0.373265
1634.92004 0.372687
1635.21997 0.372109
1635.53003 0.371529
1635.83997 0.370948
1636.15002 0.370359
1636.45996 0.369762
1636.77002 0.369162
1637.07996 0.368568
1637.38000 0.367987
1637.68994 0.367403
1638.00000 0.366823
1638.31006 0.366239
1638.62000 0.365655
1638.93005 0.365074
1639.23999 0.364489
1639.55005 0.363905
1639.84998 0.363322
1640.16003 0.362737
1640.46997 0.362156
1640.78003 0.361574
1641.08997 0.360995
1641.40002 0.360431
1641.70996 0.359865
1642.02002 0.359299
1642.32996 0.358731
1642.64001 0.358164
1642.94995 0.357595
1643.26001 0.357027
1643.56995 0.356459
1643.88000 0.355891
1644.18994 0.35532
1644.50000 0.354751
1644.81006 0.354181
1645.12000 0.353605
