threeML/data/optical_filters/HST/ACS_WFC-F625W_81.ecsv
# %ECSV 0.9
# ---
# datatype:
# - {name: wavelength, unit: Angstrom, datatype: float32}
# - {name: response, datatype: float32}
# meta: !!omap
# - {band_name: F625W_81}
# - {group_name: ACS_WFC}
wavelength response
4873.12207 0.0
5414.58008 0.00179481
5415.25977 0.0018289
5415.93018 0.00186286
5416.60986 0.00189683
5417.29004 0.001931
5417.95996 0.00196489
5418.64014 0.00199908
5419.31006 0.00203329
5419.99023 0.00206722
5420.66992 0.002214
5421.33984 0.00236238
5422.02002 0.0025107
5422.70020 0.00265983
5423.37012 0.00280838
5424.04980 0.00295708
5424.72998 0.00310638
5425.41016 0.00325585
5426.08008 0.00340472
5426.75977 0.00355431
5427.43994 0.00370331
5428.12012 0.003853
5428.79004 0.00400222
5429.47021 0.00415138
5430.14990 0.00430075
5430.81982 0.00445031
5431.50000 0.00460059
5432.18018 0.00475029
5432.85986 0.00490017
5433.54004 0.00505076
5434.20996 0.00520077
5434.89014 0.00535086
5435.56982 0.00550166
5436.25000 0.00565188
5436.93018 0.00580228
5437.60986 0.00595329
5438.27979 0.00610382
5438.97021 0.00625507
5439.64014 0.00640585
5440.31982 0.00667624
5441.00000 0.00707613
5441.68018 0.00747589
5442.35986 0.0078761
5443.04004 0.00827648
5443.72021 0.008679
5444.39990 0.00908141
5445.06982 0.00948081
5445.75977 0.00988382
5446.43994 0.010287
5447.10986 0.0106869
5447.79980 0.0110904
5448.47998 0.0114943
5449.16016 0.0118964
5449.83984 0.0122989
5450.52002 0.0128658
5451.20020 0.0134848
5451.87988 0.0141011
5452.56006 0.0147176
5453.24023 0.0153375
5453.91992 0.015955
5454.60010 0.0165727
5455.27979 0.0171908
5455.95996 0.0178096
5456.64014 0.0184308
5457.31982 0.0190475
5458.00000 0.0196698
5458.68994 0.0202923
5459.35986 0.0209098
5460.04980 0.0215574
5460.72998 0.0225248
5461.41016 0.0234877
5462.10010 0.0244558
5462.77979 0.0254208
5463.45996 0.0263896
5464.14014 0.0273595
5464.81982 0.0283207
5465.50977 0.0292912
5466.18994 0.0302622
5466.87012 0.0312251
5467.54980 0.0321974
5468.22998 0.0331652
5468.91992 0.0341341
5469.60010 0.0351033
5470.27979 0.0362519
5470.95996 0.037666
5471.64990 0.0390746
5472.33008 0.0404849
5473.00977 0.041902
5473.70020 0.0433197
5474.37988 0.044732
5475.06006 0.046145
5475.75000 0.0475656
5476.43018 0.048987
5477.10986 0.0503959
5477.79980 0.0518186
5478.47998 0.053243
5479.16016 0.0546549
5479.85010 0.0560797
5480.52979 0.0575706
5481.22021 0.0590673
5481.89990 0.0605774
5482.58008 0.0620816
5483.27002 0.0635874
5483.95020 0.065099
5484.64014 0.0666056
5485.31982 0.0681128
5486.00977 0.0696269
5486.68994 0.0711416
5487.37988 0.0726449
5488.06006 0.0741605
5488.75000 0.0756776
5489.43018 0.0771887
5490.12012 0.0786225
5490.79980 0.0796835
5491.47998 0.080735
5492.16992 0.0817966
5492.85986 0.0828586
5493.54004 0.0839111
5494.22998 0.0849744
5494.91016 0.0860328
5495.60010 0.0870923
5496.29004 0.0881559
5496.97021 0.0892161
5497.66016 0.0902766
5498.35010 0.0913427
5499.02979 0.0924085
5499.72021 0.0934707
5500.39990 0.0950458
5501.08984 0.0969901
5501.77979 0.0989337
5502.47021 0.10087
5503.14990 0.102808
5503.83984 0.104748
5504.52002 0.106689
5505.20996 0.108639
5505.89990 0.110581
5506.58984 0.112525
5507.27002 0.11448
5507.95996 0.116427
5508.64990 0.118373
5509.33984 0.120332
5510.02002 0.122324
5510.70996 0.125467
5511.39990 0.128626
5512.08984 0.131773
5512.77002 0.134918
5513.45996 0.138082
5514.14990 0.141245
5514.83984 0.144397
5515.52979 0.147548
5516.22021 0.150716
5516.91016 0.153871
5517.58984 0.157027
5518.27979 0.160199
5518.97021 0.163356
5519.66016 0.166517
5520.35010 0.169513
5521.04004 0.172353
5521.72998 0.175209
5522.41992 0.178063
5523.10986 0.180909
5523.79980 0.183756
5524.49023 0.186615
5525.18018 0.189464
5525.87012 0.192326
5526.56006 0.195177
5527.25000 0.198042
5527.93994 0.200897
5528.62012 0.203753
5529.31006 0.20661
5530.00000 0.209467
5530.68994 0.212117
5531.39014 0.214756
5532.06982 0.217395
5532.75977 0.220036
5533.45020 0.222679
5534.14990 0.225335
5534.83984 0.227992
5535.52979 0.23065
5536.22021 0.233298
5536.91016 0.235946
5537.60010 0.238607
5538.29980 0.241271
5538.97998 0.243911
5539.68018 0.246577
5540.37012 0.248998
5541.06006 0.25119
5541.75000 0.2534
5542.43994 0.255604
5543.12988 0.257806
5543.83008 0.26002
5544.52002 0.262216
5545.20996 0.264432
5545.89990 0.266638
5546.58984 0.268845
5547.29004 0.271063
5547.97998 0.273282
5548.66992 0.275492
5549.35986 0.277704
5550.06006 0.27995
5550.75000 0.282481
5551.43994 0.284992
5552.14014 0.287526
5552.83008 0.29006
5553.52002 0.292575
5554.22021 0.295113
5554.91016 0.297653
5555.60010 0.300172
5556.29980 0.302716
5556.99023 0.305248
5557.68018 0.307782
5558.37988 0.310329
5559.06982 0.312865
5559.75977 0.315404
5560.45996 0.31783
5561.14990 0.320188
5561.83984 0.322528
5562.54004 0.324889
5563.24023 0.327252
5563.93018 0.329605
5564.62012 0.331959
5565.31982 0.334325
5566.00977 0.336679
5566.70996 0.339037
5567.39990 0.341405
5568.08984 0.343754
5568.79004 0.346124
5569.47998 0.348484
5570.18018 0.350827
5570.87988 0.353125
5571.56982 0.355423
5572.27002 0.357712
5572.95996 0.360002
5573.66016 0.362303
5574.35010 0.364593
5575.04980 0.366885
5575.75000 0.369188
5576.43994 0.371492
5577.14014 0.373786
5577.83984 0.376081
5578.52979 0.378387
5579.22998 0.380672
5579.91992 0.382978
5580.62012 0.384644
5581.31006 0.386231
5582.00977 0.387827
5582.70996 0.389409
5583.39990 0.391005
5584.10010 0.392604
5584.79980 0.394194
5585.50000 0.395793
5586.18994 0.397385
5586.89014 0.398985
5587.58984 0.400578
5588.29004 0.402173
5588.99023 0.403775
5589.68018 0.405372
5590.37988 0.406454
5591.08008 0.407111
5591.77979 0.407766
5592.47021 0.408422
5593.16992 0.40908
5593.87012 0.409737
5594.56982 0.410393
5595.25977 0.411047
5595.95996 0.411706
5596.66016 0.412366
5597.35986 0.413025
5598.06006 0.413685
5598.75977 0.414342
5599.45996 0.415004
5600.16016 0.415905
5600.85010 0.417641
5601.56006 0.419387
5602.25000 0.421125
5602.95020 0.422864
5603.64990 0.424612
5604.35010 0.426353
5605.04980 0.428096
5605.75000 0.429846
5606.45020 0.431588
5607.14990 0.433333
5607.85010 0.435086
5608.54980 0.436832
5609.25000 0.43858
5609.95020 0.440335
5610.64990 0.442147
5611.35010 0.443967
5612.04980 0.445796
5612.75000 0.447617
5613.45020 0.449439
5614.14990 0.45127
5614.85010 0.453095
5615.54980 0.45492
5616.25977 0.456754
5616.95996 0.45858
5617.66016 0.46041
5618.35986 0.462247
5619.06006 0.464085
5619.77002 0.465925
5620.45996 0.468295
5621.16992 0.470967
5621.87012 0.47364
5622.56982 0.47629
5623.27002 0.478966
5623.97998 0.481642
5624.66992 0.484296
5625.37988 0.486975
5626.08008 0.489655
5626.77979 0.492313
5627.47998 0.494994
5628.18994 0.497679
5628.89014 0.50034
5629.58984 0.503025
5630.29980 0.505231
5630.99023 0.506761
5631.70020 0.508306
5632.39990 0.509851
5633.10010 0.511383
5633.81006 0.51293
5634.50977 0.514477
5635.20996 0.516012
5635.91992 0.51756
5636.62012 0.51911
5637.31982 0.520647
5638.02979 0.522198
5638.72998 0.523748
5639.43018 0.525287
5640.14014 0.526831
5640.85010 0.528337
5641.54980 0.52983
5642.25000 0.531338
5642.95996 0.532848
5643.66016 0.534344
5644.35986 0.535853
5645.06982 0.537364
5645.77002 0.538863
5646.47998 0.540374
5647.18994 0.541887
5647.89014 0.543388
5648.58984 0.544903
5649.29980 0.546419
5650.00000 0.547921
5650.70996 0.548371
5651.41016 0.548822
5652.12012 0.549268
5652.81982 0.549719
5653.52979 0.55017
5654.22998 0.550618
5654.93994 0.55107
5655.64990 0.551521
5656.35986 0.551974
5657.06006 0.552424
5657.77002 0.552874
5658.47998 0.553327
5659.18018 0.553779
5659.89014 0.55423
5660.58984 0.555332
5661.29980 0.556555
5662.00000 0.557779
5662.70996 0.55901
5663.41992 0.560235
5664.12012 0.561461
5664.83008 0.562694
5665.54004 0.563921
5666.25000 0.565149
5666.95020 0.566383
5667.66016 0.567612
5668.37012 0.568842
5669.08008 0.570078
5669.77979 0.571308
5670.49023 0.572837
5671.20020 0.574506
5671.91016 0.576169
5672.60986 0.577833
5673.31982 0.579506
5674.02979 0.581171
5674.74023 0.582837
5675.45020 0.584511
5676.16016 0.586179
5676.85986 0.587849
5677.56982 0.589526
5678.27979 0.591197
5678.99023 0.592871
5679.70020 0.59455
5680.41016 0.595277
5681.12012 0.595308
5681.83008 0.595339
5682.52979 0.59537
5683.24023 0.5954
5683.95020 0.595431
5684.66016 0.595462
5685.37012 0.595492
5686.08008 0.595523
5686.79004 0.595554
5687.50000 0.595585
5688.20996 0.595615
5688.91992 0.595646
5689.62988 0.595676
5690.33984 0.595462
5691.04980 0.594983
5691.75977 0.594504
5692.47021 0.594023
5693.18994 0.593542
5693.89990 0.59306
5694.60010 0.592583
5695.31982 0.592101
5696.02979 0.591618
5696.74023 0.59114
5697.45020 0.590657
5698.16016 0.590177
5698.87012 0.589694
5699.58008 0.589211
5700.29980 0.588542
5701.00977 0.587621
5701.72021 0.586691
5702.43018 0.585761
5703.14014 0.584839
5703.85010 0.583908
5704.56006 0.582979
5705.27002 0.582051
5705.99023 0.581117
5706.70020 0.580185
5707.41016 0.579258
5708.12988 0.578322
5708.83984 0.577386
5709.54980 0.576458
5710.25977 0.576224
5710.97998 0.577184
5711.68994 0.578144
5712.39990 0.57911
5713.12012 0.580076
5713.83008 0.581033
5714.54004 0.582001
5715.25977 0.582968
5715.97021 0.583929
5716.68018 0.584898
5717.39014 0.585863
5718.10986 0.586828
5718.81982 0.587799
5719.54004 0.58877
5720.25000 0.590025
5720.95996 0.591838
5721.68018 0.593655
5722.39014 0.595455
5723.10986 0.597271
5723.81982 0.59908
5724.52979 0.600888
5725.25000 0.602707
5725.97021 0.604527
5726.68018 0.60633
5727.39014 0.608151
5728.10986 0.609972
5728.81982 0.611778
5729.54004 0.613599
5730.25000 0.615512
5730.97021 0.617621
5731.68994 0.619712
5732.39990 0.621806
5733.12012 0.623909
5733.83008 0.626006
5734.54980 0.628102
5735.27002 0.63021
5735.97998 0.63231
5736.68994 0.634411
5737.41016 0.636524
5738.12988 0.638628
5738.83984 0.640734
5739.56006 0.64285
5740.27979 0.644618
5740.99023 0.645849
5741.70996 0.64709
5742.43018 0.648322
5743.14014 0.649556
5743.85986 0.650795
5744.58008 0.65203
5745.29004 0.653265
5746.00977 0.654506
5746.72998 0.655743
5747.43994 0.65698
5748.16016 0.658224
5748.87988 0.659461
5749.60010 0.660699
5750.31982 0.661325
5751.02979 0.66116
5751.75000 0.660996
5752.47021 0.66083
5753.18994 0.660663
5753.89990 0.660497
5754.62012 0.660332
5755.33984 0.660167
5756.06006 0.660001
5756.77979 0.659835
5757.50000 0.659669
5758.20996 0.659502
5758.93018 0.659335
5759.64990 0.659171
5760.37012 0.658978
5761.08984 0.65876
5761.81006 0.658543
5762.52979 0.658327
5763.25000 0.65811
5763.97021 0.657892
5764.68994 0.657675
5765.41016 0.657457
5766.12012 0.657241
5766.83984 0.657025
5767.56006 0.656807
5768.27979 0.656591
5769.00977 0.656372
5769.72998 0.656155
5770.45020 0.656301
5771.16992 0.65667
5771.89014 0.657036
5772.60986 0.657405
5773.33008 0.657775
5774.04980 0.658142
5774.77002 0.658511
5775.49023 0.658881
5776.20996 0.659249
5776.93018 0.659619
5777.66016 0.659991
5778.37012 0.66036
5779.10010 0.660732
5779.81982 0.661104
5780.54004 0.661796
5781.25977 0.662605
5781.97998 0.663413
5782.70020 0.664218
5783.43018 0.665028
5784.14990 0.665839
5784.87012 0.666644
5785.58984 0.667456
5786.31006 0.668268
5787.02979 0.669072
5787.75977 0.669886
5788.47998 0.670699
5789.20020 0.671507
5789.91992 0.672321
5790.64990 0.674288
5791.37012 0.676371
5792.08984 0.678474
5792.81982 0.680578
5793.54004 0.682666
5794.25977 0.684772
5794.99023 0.686879
5795.70996 0.68897
5796.43018 0.691081
5797.16016 0.693194
5797.87988 0.695289
5798.60010 0.697403
5799.33008 0.69952
5800.04980 0.701481
5800.77002 0.701514
5801.50000 0.701547
5802.22021 0.701579
5802.95020 0.701611
5803.66992 0.701644
5804.39014 0.701677
5805.12012 0.70171
5805.85010 0.701742
5806.56982 0.701775
5807.29980 0.701808
5808.02002 0.701842
5808.75000 0.701876
5809.47021 0.701909
5810.18994 0.701934
5810.91992 0.701935
5811.64990 0.701936
5812.37012 0.701937
5813.10010 0.701939
5813.81982 0.701939
5814.54980 0.701941
5815.27002 0.701943
5816.00000 0.701945
5816.72021 0.701945
5817.45020 0.701947
5818.18018 0.701949
5818.89990 0.70195
5819.62988 0.701952
5820.35986 0.701946
5821.08008 0.701929
5821.81006 0.701912
5822.54004 0.701896
5823.25977 0.701881
5823.99023 0.701866
5824.72021 0.70185
5825.43994 0.701833
5826.16992 0.701817
5826.89990 0.701802
5827.62012 0.701786
5828.35010 0.70177
5829.08008 0.701755
5829.81006 0.70174
5830.54004 0.702527
5831.25977 0.703601
5831.99023 0.704677
5832.72021 0.705757
5833.45020 0.706833
5834.16992 0.70791
5834.89990 0.708992
5835.62988 0.710071
5836.35986 0.711149
5837.08984 0.712233
5837.81006 0.713312
5838.54004 0.714393
5839.27002 0.71548
5840.00000 0.716561
5840.72998 0.717925
5841.45996 0.719295
5842.18994 0.72066
5842.91992 0.722026
5843.64990 0.723399
5844.37988 0.724767
5845.10010 0.726135
5845.83984 0.72751
5846.56982 0.728887
5847.29980 0.730264
5848.02002 0.731631
5848.75977 0.73301
5849.49023 0.734384
5850.22021 0.735445
5850.95020 0.735761
5851.68018 0.736077
5852.41016 0.736391
5853.14014 0.736709
5853.87012 0.737026
5854.60010 0.73734
5855.33008 0.737657
5856.06006 0.737974
5856.79004 0.738291
5857.52002 0.73861
5858.25977 0.738928
5858.97998 0.739245
5859.72021 0.739564
5860.45020 0.739416
5861.18018 0.738977
5861.91016 0.738534
5862.64014 0.738094
5863.37012 0.737653
5864.10986 0.737209
5864.83984 0.736766
5865.56982 0.736327
5866.29980 0.735882
5867.04004 0.735437
5867.77002 0.734996
5868.50000 0.734551
5869.22998 0.734108
5869.95996 0.733666
5870.70020 0.733081
5871.43018 0.732488
5872.16016 0.7319
5872.89990 0.731308
5873.62988 0.730715
5874.35986 0.730127
5875.08984 0.729533
5875.83008 0.728943
5876.56006 0.728352
5877.29004 0.727757
5878.02979 0.727163
5878.75977 0.726574
5879.49023 0.72598
5880.22998 0.725854
5880.95996 0.726745
5881.70020 0.727645
5882.43018 0.728541
5883.16016 0.729438
5883.89990 0.730339
5884.64014 0.731242
5885.37012 0.732145
5886.10986 0.733044
5886.83984 0.733944
5887.58008 0.734849
5888.31006 0.73575
5889.04004 0.736652
5889.77979 0.737559
5890.52002 0.738477
5891.25000 0.739403
5891.99023 0.740334
5892.72021 0.741262
5893.45996 0.74219
5894.18994 0.743123
5894.93018 0.744052
5895.66016 0.744982
5896.39990 0.745917
5897.14014 0.746849
5897.87012 0.747782
5898.60986 0.748718
5899.33984 0.749652
5900.08008 0.750503
5900.81982 0.750657
5901.54980 0.75081
5902.29004 0.750962
5903.02979 0.751117
5903.75977 0.751271
5904.50000 0.751424
5905.24023 0.751579
5905.97021 0.751734
5906.70996 0.751888
5907.45020 0.752042
5908.18994 0.752197
5908.91992 0.752353
5909.66016 0.752509
5910.39990 0.752224
5911.12988 0.751567
5911.87012 0.750906
5912.60986 0.750248
5913.35010 0.749589
5914.08984 0.748927
5914.81982 0.748269
5915.56006 0.74761
5916.29980 0.746947
5917.04004 0.746288
5917.77979 0.745629
5918.52002 0.744966
5919.25977 0.744306
5919.99023 0.743646
5920.72998 0.743329
5921.47021 0.743016
5922.20996 0.742702
5922.95020 0.742388
5923.68994 0.742074
5924.43018 0.741759
5925.16992 0.741446
5925.91016 0.74113
5926.64990 0.740814
5927.39014 0.740502
5928.12988 0.740186
5928.87012 0.739871
5929.60986 0.739557
5930.35010 0.739098
5931.08984 0.73848
5931.83008 0.737863
5932.56982 0.737243
5933.31006 0.736623
5934.04980 0.736007
5934.79004 0.735387
5935.52979 0.734768
5936.27002 0.734149
5937.02002 0.733528
5937.75977 0.732909
5938.49023 0.732289
5939.24023 0.731665
5939.97998 0.731042
5940.72021 0.731837
5941.45996 0.732676
5942.20020 0.733513
5942.93994 0.734349
5943.68994 0.73519
5944.43018 0.736028
5945.16992 0.736866
5945.91016 0.737707
5946.66016 0.738551
5947.39990 0.739387
5948.14014 0.74023
5948.87988 0.741071
5949.62012 0.741913
5950.37012 0.743169
5951.10986 0.744841
5951.85010 0.746513
5952.60010 0.748193
5953.33984 0.749876
5954.08008 0.751545
5954.81982 0.753231
5955.56982 0.754908
5956.31006 0.756587
5957.04980 0.758275
5957.79980 0.759958
5958.54004 0.761642
5959.27979 0.763333
5960.02979 0.765007
5960.77002 0.766252
5961.52002 0.767509
5962.25977 0.768762
5963.00000 0.770015
5963.75000 0.771281
5964.50000 0.772537
5965.24023 0.773798
5965.99023 0.775055
5966.72998 0.776314
5967.47998 0.777579
5968.22021 0.77884
5968.95996 0.780101
5969.70996 0.781369
5970.45020 0.781684
5971.20020 0.781396
5971.95020 0.781106
5972.68994 0.780817
5973.43994 0.780529
5974.18018 0.780239
5974.93018 0.77995
5975.66992 0.779661
5976.41992 0.77937
5977.16016 0.779081
5977.91016 0.77879
5978.66016 0.7785
