threeML/data/optical_filters/HST/ACS_HRC-F555W.ecsv
# %ECSV 0.9
# ---
# datatype:
# - {name: wavelength, unit: Angstrom, datatype: float32}
# - {name: response, datatype: float32}
# meta: !!omap
# - {band_name: F555W}
# - {group_name: ACS_HRC}
wavelength response
[from data line 1597]
5441.22998 0.971301
5441.83008 0.97158
5442.43018 0.971859
5443.02979 0.97214
5443.62988 0.972419
5444.22998 0.9727
5444.83008 0.972979
5445.43018 0.973261
5446.04004 0.973543
5446.64014 0.973822
5447.24023 0.974104
5447.83984 0.974383
5448.43994 0.974666
5449.04980 0.974949
5449.64990 0.975227
5450.25000 0.97533
5450.85010 0.975179
5451.45020 0.975026
5452.06006 0.974871
5452.66016 0.974717
5453.25977 0.974565
5453.85986 0.974412
5454.45996 0.974258
5455.06982 0.974104
5455.66992 0.973952
5456.27002 0.973798
5456.87012 0.973645
5457.47998 0.973491
5458.08008 0.973336
5458.68018 0.973184
5459.29004 0.973031
5459.89014 0.972879
5460.49023 0.973291
5461.10010 0.973835
5461.70020 0.974373
5462.29980 0.974917
5462.91016 0.975464
5463.50977 0.976003
5464.10986 0.976543
5464.70996 0.977089
5465.31982 0.977635
5465.91992 0.978176
5466.52979 0.978723
5467.12988 0.979263
5467.72998 0.97981
5468.33984 0.980357
5468.93994 0.980899
5469.54980 0.981447
5470.14990 0.981906
5470.75000 0.982109
5471.35986 0.982311
5471.95996 0.982512
5472.56982 0.982715
5473.16992 0.982918
5473.77002 0.98312
5474.37988 0.983323
5474.97998 0.983525
5475.58984 0.983729
5476.18994 0.98393
5476.79980 0.984134
5477.39990 0.984336
5478.00977 0.984541
5478.62012 0.984744
5479.22021 0.984946
5479.81982 0.985151
5480.43018 0.985251
5481.02979 0.985309
5481.64014 0.985369
5482.24023 0.985428
5482.85010 0.985488
5483.45996 0.985546
5484.06006 0.985604
5484.66992 0.985663
5485.27979 0.985722
5485.87988 0.98578
5486.47998 0.985839
5487.08984 0.9859
5487.70020 0.985959
5488.29980 0.986018
5488.91016 0.986075
5489.50977 0.986135
5490.12012 0.986356
5490.72998 0.9872
5491.33008 0.988054
5491.93994 0.98891
5492.54980 0.989756
5493.16016 0.990612
5493.77002 0.991467
5494.37012 0.992314
5494.97998 0.993171
5495.58984 0.994029
5496.18994 0.994879
5496.79004 0.995727
5497.39990 0.996583
5498.00977 0.997441
5498.62012 0.99829
5499.22998 0.999149
5499.83008 1.0
5500.43994 0.999674
5501.04004 0.998898
5501.64990 0.998112
5502.27002 0.997326
5502.87012 0.996551
5503.47998 0.995765
5504.08984 0.994979
5504.68994 0.994201
5505.29980 0.993413
5505.91016 0.992626
5506.52002 0.991847
5507.12988 0.991064
5507.72998 0.990279
5508.35010 0.989492
5508.95020 0.988712
5509.56006 0.987923
5510.16992 0.987352
5510.77979 0.987342
5511.37988 0.98733
5511.99023 0.987318
5512.60010 0.987308
5513.20996 0.987298
5513.81982 0.987287
5514.43018 0.987274
5515.04004 0.987262
5515.64990 0.987251
5516.25977 0.987241
5516.87012 0.987229
5517.47998 0.987218
5518.08984 0.987207
5518.70020 0.987197
5519.29980 0.987185
5519.91016 0.987173
5520.52979 0.98692
5521.12988 0.986631
5521.74023 0.986342
5522.35010 0.986049
5522.95996 0.985754
5523.56982 0.985466
5524.18018 0.985175
5524.79980 0.984881
5525.39990 0.984591
5526.02002 0.984299
5526.62012 0.984008
5527.22998 0.983716
5527.85010 0.983423
5528.45996 0.983128
5529.06982 0.982837
5529.68018 0.982547
5530.29004 0.982348
5530.89990 0.982254
5531.50977 0.982162
5532.12012 0.98207
5532.72998 0.981974
5533.33984 0.98188
5533.95020 0.981787
5534.56006 0.981694
5535.18018 0.981601
5535.79004 0.981508
5536.39990 0.981415
5537.00977 0.981322
5537.62012 0.981228
5538.24023 0.981134
5538.85010 0.981042
5539.45996 0.980947
5540.06982 0.980807
5540.68018 0.980306
5541.29980 0.979801
5541.89990 0.9793
5542.52002 0.978799
5543.12988 0.978294
5543.74023 0.977789
5544.35010 0.977288
5544.97021 0.976783
5545.58008 0.97628
5546.18994 0.975775
5546.81006 0.975267
5547.41992 0.97476
5548.02979 0.974259
5548.64014 0.973755
5549.25977 0.973245
5549.87012 0.972743
5550.47998 0.9728
5551.10010 0.97301
5551.70996 0.973219
5552.31982 0.973428
5552.93994 0.973641
5553.54980 0.97385
5554.16016 0.974059
5554.77002 0.974268
5555.39014 0.97448
5556.00000 0.974692
5556.60986 0.9749
5557.22998 0.975111
5557.85010 0.975323
5558.45020 0.975533
5559.06982 0.975744
5559.68994 0.975957
5560.29980 0.975633
5560.91016 0.974742
5561.52979 0.973859
5562.14014 0.972968
5562.75000 0.972084
5563.37012 0.97119
5563.99023 0.970296
5564.60010 0.969411
5565.20996 0.96852
5565.83008 0.967631
5566.43994 0.966737
5567.06006 0.965851
5567.66992 0.964954
5568.29004 0.964059
5568.89990 0.963173
5569.52002 0.962277
5570.12988 0.961642
5570.75000 0.961932
5571.37012 0.962223
5571.97998 0.962511
5572.60010 0.962804
5573.20996 0.963096
5573.81982 0.963387
5574.43994 0.963679
5575.06006 0.963969
5575.66992 0.964261
5576.29004 0.964554
5576.89990 0.964847
5577.52002 0.965137
5578.14014 0.96543
5578.75000 0.965721
5579.37012 0.966014
5579.97998 0.96631
5580.60010 0.965711
5581.22021 0.965099
5581.83008 0.964485
5582.45020 0.963869
5583.06982 0.96325
5583.68994 0.96263
5584.29980 0.962016
5584.91992 0.961396
5585.52979 0.960782
5586.14990 0.960163
5586.77002 0.959546
5587.39014 0.95893
5588.00000 0.958315
5588.62012 0.957693
5589.24023 0.957071
5589.85010 0.956457
5590.47021 0.95609
5591.08984 0.955799
5591.70996 0.955513
5592.31982 0.955226
5592.93994 0.954938
5593.56006 0.954651
5594.18018 0.954361
5594.79004 0.954075
5595.41016 0.953786
5596.02979 0.953497
5596.64990 0.953209
5597.27002 0.952918
5597.89014 0.952632
5598.50000 0.952344
5599.12012 0.952056
5599.74023 0.951765
5600.35986 0.951158
5600.97998 0.950315
5601.60010 0.949468
5602.20996 0.948623
5602.83984 0.947774
5603.45020 0.946929
5604.06982 0.946084
5604.68994 0.945235
5605.31006 0.944394
5605.93018 0.943543
5606.54980 0.942697
5607.16992 0.941851
5607.79004 0.941001
5608.39990 0.940159
5609.02002 0.939312
5609.64990 0.93846
5610.27002 0.937899
5610.87988 0.93772
5611.50000 0.937541
5612.12012 0.937361
5612.74023 0.937183
5613.35986 0.937003
5613.99023 0.936822
5614.60010 0.936644
5615.22021 0.936466
5615.83984 0.936286
5616.47021 0.936104
5617.08984 0.935924
5617.70020 0.935744
5618.33008 0.935565
5618.93994 0.935388
5619.56982 0.935207
5620.18994 0.934961
5620.81006 0.934561
5621.43018 0.934162
5622.04980 0.93376
5622.66992 0.933359
5623.29004 0.932959
5623.91016 0.93256
5624.54004 0.932154
5625.14990 0.931755
5625.77002 0.931354
5626.39990 0.930951
5627.02002 0.93055
5627.64014 0.930146
5628.25977 0.929746
5628.89014 0.929342
5629.50977 0.92894
5630.12988 0.928739
5630.75000 0.92931
5631.37012 0.929879
5631.99023 0.930448
5632.60986 0.93102
5633.24023 0.931594
5633.85986 0.932161
5634.47998 0.932735
5635.10010 0.933302
5635.72998 0.933878
5636.35010 0.934453
5636.97021 0.935021
5637.60010 0.935596
5638.22021 0.93617
5638.83984 0.936743
5639.45996 0.937315
5640.08984 0.937678
5640.70996 0.936744
5641.33008 0.93581
5641.95020 0.934875
5642.58008 0.93394
5643.20020 0.933004
5643.81982 0.932063
5644.43994 0.931131
5645.06982 0.93019
5645.68994 0.929259
5646.31982 0.928317
5646.93994 0.927372
5647.56982 0.926434
5648.18994 0.925497
5648.81006 0.924558
5649.43994 0.923613
5650.06006 0.92269
5650.68994 0.921916
5651.31006 0.92114
5651.93994 0.920359
5652.56006 0.919587
5653.18018 0.918807
5653.81006 0.918033
5654.43018 0.917251
5655.06006 0.916473
5655.68018 0.915696
5656.29980 0.914922
5656.93018 0.91414
5657.56006 0.913358
5658.18018 0.912579
5658.79980 0.9118
5659.43018 0.91102
5660.04980 0.91031
5660.68018 0.910356
5661.31006 0.910402
5661.93018 0.910449
5662.56006 0.910493
5663.18018 0.910538
5663.81006 0.910585
5664.43018 0.910631
5665.06006 0.910678
5665.68018 0.910724
5666.31006 0.910771
5666.93018 0.910816
5667.56006 0.910862
5668.18994 0.910908
5668.81006 0.910952
5669.43994 0.910999
5670.06006 0.91103
5670.68994 0.910927
5671.31982 0.910824
5671.93994 0.910722
5672.56982 0.910619
5673.20020 0.910517
5673.83008 0.910413
5674.45020 0.910311
5675.08008 0.910208
5675.70020 0.910104
5676.33008 0.910001
5676.95996 0.909899
5677.58984 0.909794
5678.20996 0.90969
5678.83984 0.909587
5679.45996 0.909484
5680.08984 0.909218
5680.72021 0.908017
5681.35010 0.906826
5681.97998 0.905625
5682.60010 0.904426
5683.22998 0.903228
5683.85986 0.902024
5684.49023 0.900825
5685.10986 0.899627
5685.75000 0.898421
5686.37012 0.897227
5687.00000 0.896028
5687.62012 0.894827
5688.25977 0.893619
5688.87988 0.892418
5689.50977 0.891216
5690.14014 0.890205
5690.77002 0.889859
5691.39990 0.889515
5692.02979 0.889168
5692.64990 0.888824
5693.27979 0.888479
5693.91016 0.888133
5694.54004 0.887786
5695.16992 0.887439
5695.79980 0.887096
5696.43018 0.886748
5697.06006 0.886402
5697.68994 0.886055
5698.31006 0.885711
5698.95020 0.885364
5699.56982 0.885018
5700.20020 0.884727
5700.83008 0.884554
5701.45996 0.88438
5702.08984 0.884206
5702.72021 0.884033
5703.35010 0.883858
5703.97998 0.883683
5704.60986 0.883509
5705.24023 0.883335
5705.87012 0.883163
5706.50000 0.882989
5707.14014 0.882813
5707.77002 0.882639
5708.39990 0.882464
5709.02979 0.882289
5709.66016 0.882116
5710.29004 0.881794
5710.91992 0.881293
5711.54980 0.88079
5712.18018 0.880292
5712.81006 0.879791
5713.43994 0.879291
5714.06982 0.878788
5714.70020 0.878283
5715.33008 0.877783
5715.97021 0.877279
5716.60010 0.876778
5717.22998 0.876276
5717.85986 0.875771
5718.49023 0.875269
5719.12012 0.874766
5719.75977 0.874259
5720.39014 0.873194
5721.02002 0.871767
5721.64990 0.870337
5722.27979 0.868902
5722.91016 0.867472
5723.54004 0.866048
5724.16992 0.864616
5724.81006 0.863178
5725.43994 0.861745
5726.06982 0.860312
5726.70996 0.858873
5727.33984 0.85744
5727.97021 0.856002
5728.60986 0.854561
5729.24023 0.853126
5729.87012 0.851689
5730.50977 0.851615
5731.14014 0.851886
5731.77002 0.85216
5732.39990 0.852432
5733.04004 0.852705
5733.66992 0.852978
5734.29980 0.853251
5734.93018 0.853522
5735.56982 0.853795
5736.20020 0.854069
5736.83008 0.854343
5737.47021 0.854617
5738.10010 0.85489
5738.74023 0.855163
5739.37012 0.855438
5740.00977 0.855697
5740.64014 0.854709
5741.27979 0.853715
5741.91016 0.852731
5742.54004 0.851736
5743.18018 0.850739
5743.81006 0.849752
5744.43994 0.848759
5745.08008 0.847766
5745.72021 0.84677
5746.35010 0.845782
5746.97998 0.844789
5747.60986 0.843797
5748.25000 0.842797
5748.89014 0.841802
5749.52002 0.840808
5750.16016 0.839929
5750.79004 0.839423
5751.43018 0.838915
5752.06006 0.838403
5752.70020 0.8379
5753.33984 0.83739
5753.97021 0.836879
5754.60010 0.836373
5755.24023 0.835863
5755.87988 0.835353
5756.50977 0.834842
5757.14990 0.834333
5757.77979 0.833827
5758.41992 0.833316
5759.04980 0.832803
5759.68994 0.832292
5760.33008 0.831653
5760.95996 0.83089
5761.60010 0.830129
5762.24023 0.829367
5762.87988 0.828601
5763.50977 0.827844
5764.14990 0.827079
5764.79004 0.826313
5765.41992 0.825553
5766.06006 0.824785
5766.68994 0.824028
5767.33008 0.823261
5767.97021 0.822495
5768.60010 0.821731
5769.24023 0.820971
5769.87988 0.820202
5770.50977 0.819713
5771.14990 0.819291
5771.79004 0.818866
5772.43018 0.818444
5773.06006 0.818021
5773.70020 0.817596
5774.33984 0.817172
5774.97998 0.816747
5775.62012 0.816322
5776.25000 0.8159
5776.89990 0.815473
5777.52979 0.815051
5778.16992 0.814625
5778.81006 0.814201
5779.43994 0.813775
5780.08984 0.81332
5780.72021 0.812706
5781.35986 0.812087
5782.00000 0.811468
5782.64014 0.810846
5783.27002 0.810229
5783.91016 0.809606
5784.56006 0.808983
5785.18994 0.808364
5785.83008 0.807742
5786.47021 0.807119
5787.10986 0.806501
5787.75000 0.805878
5788.39014 0.805257
5789.02979 0.804635
5789.66992 0.804014
5790.31006 0.803593
5790.95020 0.803388
5791.58984 0.803186
5792.22998 0.802984
5792.85986 0.802782
5793.50977 0.802579
5794.14014 0.802376
5794.77979 0.802174
5795.43018 0.801969
5796.06006 0.801765
5796.70020 0.801562
5797.35010 0.801358
5797.97998 0.801155
5798.62988 0.80095
5799.27002 0.800746
5799.91016 0.800543
5800.54980 0.799509
5801.18994 0.798347
5801.83008 0.797173
5802.47021 0.796005
5803.10986 0.794836
5803.75000 0.793666
5804.39014 0.792495
5805.02979 0.791324
5805.66992 0.790153
5806.31006 0.788982
5806.95996 0.787804
5807.60010 0.786632
5808.24023 0.785453
5808.87988 0.784284
5809.52002 0.783105
5810.16992 0.782138
5810.81006 0.781767
5811.45020 0.781392
5812.08984 0.781021
5812.72998 0.780648
5813.37988 0.780275
5814.02002 0.779901
5814.66016 0.779526
5815.29980 0.779155
5815.93994 0.778781
5816.58008 0.778408
5817.22998 0.778033
5817.87012 0.77766
5818.50977 0.777285
5819.16016 0.776909
5819.79980 0.776535
5820.43994 0.775546
5821.08008 0.774282
5821.72998 0.773016
5822.37012 0.771744
5823.02002 0.770478
5823.66016 0.769211
5824.29980 0.767944
5824.93994 0.766675
5825.58984 0.7654
5826.22998 0.764138
5826.87988 0.762861
5827.52002 0.761599
5828.16016 0.760323
5828.79980 0.759052
5829.45020 0.757781
5830.08984 0.75661
5830.72998 0.756074
5831.37988 0.755533
5832.02979 0.754993
5832.66992 0.754458
5833.31006 0.753916
5833.95996 0.753377
5834.60010 0.752838
5835.25000 0.752296
5835.89014 0.751759
5836.54004 0.751216
5837.18018 0.750679
5837.81982 0.750136
5838.47021 0.749597
5839.10986 0.749057
5839.75977 0.748515
5840.39990 0.747662
5841.04980 0.746621
5841.68994 0.745581
5842.33984 0.744533
5842.99023 0.743486
5843.62988 0.74245
5844.27979 0.741403
5844.91992 0.740359
5845.56982 0.739316
5846.22021 0.738267
5846.85986 0.737227
5847.50977 0.736177
5848.14990 0.735137
5848.79980 0.734087
5849.43994 0.73304
5850.08984 0.732062
5850.72998 0.731522
5851.37988 0.730981
5852.02979 0.730437
5852.66992 0.729898
5853.31982 0.729353
5853.97021 0.728809
5854.60986 0.728269
5855.25977 0.727723
5855.91016 0.72718
5856.54980 0.726638
5857.20020 0.726092
5857.85010 0.725548
5858.49023 0.725004
5859.14014 0.724463
5859.79004 0.723915
5860.43994 0.722924
5861.08008 0.72173
5861.72998 0.720524
5862.37988 0.719328
5863.02002 0.71812
5863.66992 0.716917
5864.31982 0.715713
5864.97021 0.71451
5865.60986 0.713306
5866.25977 0.712096
5866.91016 0.710891
5867.56006 0.709685
5868.20996 0.708473
5868.85986 0.707266
5869.50000 0.706059
5870.14990 0.704983
5870.79980 0.704329
5871.45020 0.703673
5872.10010 0.703024
5872.75000 0.702368
5873.39014 0.701717
5874.04004 0.70106
5874.68994 0.700406
5875.33984 0.699751
5875.99023 0.699095
5876.64014 0.698441
5877.29004 0.697784
5877.93994 0.697125
5878.58984 0.696474
5879.24023 0.695815
5879.89014 0.695158
5880.52979 0.69383
5881.18994 0.69235
5881.83008 0.690884
5882.47998 0.689403
5883.12988 0.687937
5883.77979 0.686455
5884.43018 0.684987
5885.08008 0.683504
5885.72998 0.682028
5886.37988 0.680551
5887.02979 0.679065
5887.68018 0.677595
5888.33008 0.676108
5888.99023 0.674623
5889.62988 0.673151
5890.29004 0.671992
5890.93018 0.671265
5891.58984 0.670531
5892.24023 0.669798
5892.89014 0.669072
5893.54004 0.668338
5894.18994 0.667607
5894.83984 0.666876
5895.49023 0.666144
5896.14014 0.665411
5896.79980 0.664677
5897.43994 0.663948
5898.10010 0.663211
5898.74023 0.662481
5899.39990 0.661744
5900.04980 0.660958
5900.70020 0.659558
5901.35010 0.658149
5902.00000 0.656753
5902.66016 0.655341
5903.31006 0.65393
5903.95996 0.652524
5904.60986 0.65112
5905.27002 0.649715
5905.91992 0.648309
5906.56982 0.646901
5907.22021 0.645495
5907.87988 0.644078
5908.52979 0.642677
5909.18018 0.641261
5909.83008 0.639853
5910.47998 0.638876
5911.14014 0.63805
5911.79004 0.637224
5912.43994 0.636393
5913.10010 0.635565
5913.75000 0.634737
5914.41016 0.633905
5915.06006 0.633078
5915.70996 0.632249
5916.35986 0.631419
5917.02002 0.63059
5917.66992 0.629758
5918.31982 0.628932
5918.97998 0.628095
5919.62988 0.62727
5920.29004 0.626292
5920.93994 0.62514
5921.58984 0.623978
5922.25000 0.622821
5922.89990 0.621663
5923.56006 0.620497
5924.20996 0.619338
5924.85986 0.618179
5925.52002 0.617012
5926.16992 0.615857
5926.83008 0.61469
5927.49023 0.613522
5928.14014 0.612365
5928.79004 0.611197
5929.45020 0.610033
5930.10010 0.608986
5930.75977 0.60856
5931.41016 0.608134
5932.06982 0.607708
5932.72021 0.607282
5933.37988 0.606853
5934.02979 0.606428
5934.68994 0.606
5935.33984 0.605573
5936.00000 0.605145
5936.66016 0.604717
5937.31006 0.604293
5937.97021 0.603863
5938.62012 0.603435
5939.27979 0.603005
5939.93994 0.602578
5940.58984 0.601852
5941.25000 0.601095
5941.89990 0.600338
5942.56006 0.59958
5943.20996 0.598821
5943.87012 0.598065
5944.52979 0.597302
5945.18018 0.596547
5945.83984 0.595785
