threeML/data/optical_filters/HST/ACS_WFC-F775W_77.ecsv
# %ECSV 0.9
# ---
# datatype:
# - {name: wavelength, unit: Angstrom, datatype: float32}
# - {name: response, datatype: float32}
# meta: !!omap
# - {band_name: F775W_77}
# - {group_name: ACS_WFC}
wavelength response
[from data line 762]
7069.52002 0.723491
7070.20020 0.725527
7070.87988 0.727102
7071.56006 0.728667
7072.25000 0.730242
7072.91992 0.731798
7073.60010 0.733372
7074.29004 0.734947
7074.97021 0.736505
7075.64990 0.738072
7076.33008 0.739648
7077.00977 0.741215
7077.68994 0.742791
7078.37012 0.744358
7079.04980 0.745926
7079.74023 0.747504
7080.41992 0.749294
7081.10010 0.751226
7081.77979 0.753169
7082.45996 0.755092
7083.14014 0.757036
7083.83008 0.758979
7084.50000 0.760902
7085.18994 0.762847
7085.87012 0.764781
7086.54980 0.766716
7087.22998 0.768662
7087.91016 0.770597
7088.60010 0.772532
7089.27979 0.774479
7089.95996 0.776403
7090.64014 0.777463
7091.33008 0.778464
7092.00977 0.779455
7092.68994 0.780456
7093.37988 0.781457
7094.04980 0.782446
7094.74023 0.783447
7095.41992 0.784443
7096.10010 0.785438
7096.79004 0.786439
7097.47021 0.787434
7098.14990 0.788434
7098.83984 0.789429
7099.52002 0.790418
7100.20020 0.79162
7100.89014 0.793306
7101.56982 0.794971
7102.25000 0.796656
7102.93994 0.798334
7103.62012 0.800009
7104.29980 0.801694
7104.99023 0.80337
7105.66992 0.805056
7106.35010 0.806731
7107.04004 0.808406
7107.72021 0.810083
7108.41016 0.811769
7109.08984 0.813436
7109.77002 0.815121
7110.45996 0.817032
7111.14990 0.819053
7111.83008 0.821052
7112.50977 0.823062
7113.20020 0.825085
7113.87988 0.827095
7114.56006 0.829108
7115.25000 0.831131
7115.93994 0.833143
7116.62012 0.835156
7117.29980 0.83717
7117.99023 0.839193
7118.68018 0.841219
7119.35986 0.843219
7120.04980 0.845094
7120.72998 0.844857
7121.41016 0.844621
7122.10010 0.844384
7122.79004 0.844146
7123.47021 0.84391
7124.14990 0.843674
7124.83984 0.843435
7125.52979 0.843198
7126.22021 0.842959
7126.89990 0.842723
7127.58984 0.842484
7128.27002 0.842245
7128.95996 0.842008
7129.64990 0.841769
7130.33008 0.842474
7131.02002 0.844168
7131.70020 0.845882
7132.39014 0.847585
7133.06982 0.849289
7133.75977 0.851001
7134.45020 0.852705
7135.12988 0.85441
7135.81982 0.856122
7136.50977 0.857816
7137.18994 0.85953
7137.87988 0.861244
7138.56982 0.862939
7139.25977 0.864652
7139.93994 0.866356
7140.62988 0.867381
7141.31982 0.86835
7142.00000 0.869312
7142.68994 0.870275
7143.37988 0.871244
7144.06006 0.872203
7144.75000 0.87317
7145.43994 0.874138
7146.12988 0.875096
7146.81982 0.876064
7147.50977 0.877032
7148.18994 0.877991
7148.87988 0.87896
7149.56982 0.879923
7150.25000 0.881067
7150.93994 0.882525
7151.62988 0.883976
7152.31982 0.885435
7153.00977 0.886885
7153.68994 0.888327
7154.39014 0.889786
7155.08008 0.891245
7155.75977 0.892687
7156.45020 0.894147
7157.14014 0.895607
7157.83008 0.897048
7158.52002 0.898506
7159.20996 0.899956
7159.89990 0.901416
7160.58984 0.901498
7161.27002 0.901342
7161.95996 0.901185
7162.64990 0.901027
7163.33984 0.900871
7164.02979 0.900714
7164.72021 0.900557
7165.41016 0.900399
7166.10010 0.900243
7166.79004 0.900084
7167.47998 0.899926
7168.16992 0.899767
7168.85986 0.899611
7169.54980 0.899452
7170.24023 0.89961
7170.93018 0.900367
7171.62012 0.90112
7172.31006 0.901878
7173.00000 0.902638
7173.68994 0.90339
7174.37988 0.904149
7175.06982 0.904908
7175.75977 0.905658
7176.45020 0.906414
7177.14014 0.907174
7177.83008 0.907929
7178.52002 0.908684
7179.22021 0.909443
7179.89990 0.910198
7180.60010 0.910837
7181.27979 0.91145
7181.97998 0.912071
7182.66992 0.912691
7183.35986 0.913303
7184.04980 0.913922
7184.75000 0.914544
7185.43018 0.915158
7186.12988 0.91578
7186.81982 0.916397
7187.50977 0.917013
7188.20020 0.917634
7188.89014 0.918251
7189.58008 0.91887
7190.27979 0.919607
7190.97021 0.920501
7191.66016 0.921408
7192.35010 0.922313
7193.04004 0.923209
7193.74023 0.924116
7194.43018 0.925017
7195.12012 0.925918
7195.81006 0.926826
7196.50977 0.927728
7197.20020 0.928629
7197.89014 0.929537
7198.58008 0.930439
7199.27979 0.931342
7199.97021 0.932249
7200.66016 0.933344
7201.35010 0.93446
7202.04980 0.935576
7202.74023 0.936679
7203.43994 0.937794
7204.12988 0.938903
7204.81982 0.940013
7205.52002 0.94113
7206.20996 0.94224
7206.89990 0.943356
7207.60010 0.944467
7208.27979 0.945571
7208.97998 0.946687
7209.68018 0.947804
7210.37012 0.94845
7211.06006 0.948697
7211.75977 0.948944
7212.45020 0.949189
7213.14990 0.949436
7213.83984 0.949681
7214.54004 0.949927
7215.22998 0.950172
7215.91992 0.950417
7216.62012 0.950663
7217.31006 0.950908
7218.00000 0.951152
7218.70020 0.951399
7219.39990 0.951645
7220.10010 0.951952
7220.77979 0.952641
7221.47998 0.953336
7222.18018 0.954027
7222.87012 0.954718
7223.56006 0.955409
7224.25977 0.956104
7224.95996 0.956794
7225.64990 0.957486
7226.35010 0.958181
7227.04004 0.958873
7227.74023 0.959566
7228.43018 0.960254
7229.12988 0.960949
7229.83008 0.961644
7230.52002 0.961701
7231.20996 0.961549
7231.91016 0.961398
7232.60986 0.961247
7233.29980 0.961096
7234.00000 0.960943
7234.70020 0.960791
7235.39990 0.96064
7236.08984 0.96049
7236.79004 0.960338
7237.47998 0.960185
7238.18018 0.960034
7238.87988 0.959883
7239.56982 0.959731
7240.27002 0.959922
7240.97021 0.960666
7241.66016 0.961407
7242.35986 0.962149
7243.06006 0.962894
7243.75000 0.963635
7244.45020 0.964375
7245.14990 0.965121
7245.83984 0.965859
7246.54004 0.966605
7247.24023 0.967351
7247.93018 0.968089
7248.62988 0.968833
7249.33984 0.969579
7250.02979 0.970263
7250.72998 0.969608
7251.41992 0.968958
7252.12012 0.968307
7252.81982 0.967653
7253.52002 0.967003
7254.22021 0.966353
7254.91992 0.965698
7255.60986 0.965052
7256.31006 0.964398
7257.00977 0.963743
7257.70020 0.963097
7258.41016 0.962443
7259.10010 0.961793
7259.79980 0.961143
7260.50000 0.961548
7261.20020 0.962367
7261.89990 0.963193
7262.60010 0.964014
7263.29980 0.964835
7263.99023 0.965656
7264.70020 0.966481
7265.39014 0.967297
7266.08984 0.968124
7266.79980 0.968947
7267.49023 0.969764
7268.18994 0.97059
7268.89014 0.971413
7269.58984 0.972238
7270.29004 0.972731
7270.99023 0.972765
7271.68994 0.972799
7272.39014 0.972833
7273.08984 0.972868
7273.79004 0.972901
7274.49023 0.972934
7275.18994 0.972968
7275.89014 0.973001
7276.58984 0.973034
7277.29004 0.973068
7277.99023 0.973102
7278.68994 0.973137
7279.39014 0.973171
7280.08984 0.973066
7280.79004 0.972043
7281.49023 0.971012
7282.18994 0.969988
7282.89990 0.968958
7283.58984 0.967941
7284.29980 0.966911
7285.00000 0.965881
7285.70020 0.964864
7286.39990 0.963835
7287.10010 0.962805
7287.79980 0.961787
7288.50000 0.960763
7289.20996 0.959733
7289.91016 0.95871
7290.60986 0.958993
7291.31006 0.959475
7292.00977 0.959959
7292.72021 0.960445
7293.41016 0.960925
7294.12012 0.961411
7294.81982 0.961896
7295.52002 0.962376
7296.22021 0.962861
7296.93018 0.963343
7297.62988 0.963826
7298.33008 0.964312
7299.02979 0.964795
7299.72998 0.965279
7300.43994 0.966153
7301.14014 0.967251
7301.83984 0.968361
7302.54980 0.969471
7303.24023 0.970568
7303.95020 0.971679
7304.66016 0.97279
7305.35010 0.973888
7306.06006 0.974998
7306.75977 0.976102
7307.45996 0.977206
7308.16992 0.978316
7308.87012 0.97942
7309.56982 0.980526
7310.27979 0.981459
7310.97998 0.982115
7311.68994 0.982778
7312.39014 0.983441
7313.08984 0.984096
7313.79980 0.984759
7314.50000 0.985423
7315.20020 0.986079
7315.91016 0.986743
7316.60986 0.987402
7317.31982 0.988066
7318.02002 0.988727
7318.72998 0.989385
7319.43018 0.990044
7320.14014 0.990511
7320.83984 0.990153
7321.54004 0.989791
7322.25000 0.989428
7322.95020 0.989069
7323.66016 0.988706
7324.35986 0.988343
7325.06982 0.987983
7325.77002 0.987622
7326.47998 0.98726
7327.18018 0.986897
7327.89014 0.986535
7328.58984 0.986175
7329.29980 0.985814
7330.00000 0.985447
7330.70020 0.984591
7331.41016 0.983725
7332.12012 0.98286
7332.83008 0.981992
7333.52979 0.981134
7334.22998 0.980272
7334.93994 0.979406
7335.64990 0.978544
7336.35010 0.977683
7337.06006 0.976818
7337.77002 0.975954
7338.47998 0.975087
7339.18018 0.97423
7339.89014 0.973363
7340.60010 0.9742
7341.29980 0.975351
7342.00977 0.976518
7342.70996 0.97768
7343.41992 0.978833
7344.12012 0.979992
7344.83008 0.981155
7345.54004 0.982314
7346.25000 0.98348
7346.95020 0.984638
7347.66016 0.985795
7348.37012 0.98696
7349.06982 0.988111
7349.77979 0.989277
7350.49023 0.989683
7351.18994 0.989748
7351.89990 0.989812
7352.60986 0.989878
7353.31982 0.989945
7354.02979 0.990011
7354.72998 0.990075
7355.43994 0.99014
7356.14990 0.990207
7356.85986 0.990272
7357.56006 0.990337
7358.27002 0.990403
7358.97998 0.990467
7359.68994 0.990532
7360.39990 0.990301
7361.10010 0.989844
7361.81006 0.98938
7362.52002 0.98892
7363.22998 0.988461
7363.93994 0.987997
7364.64990 0.987535
7365.35010 0.987074
7366.06982 0.986613
7366.77002 0.986154
7367.47998 0.98569
7368.18994 0.985227
7368.89990 0.984769
7369.60986 0.984305
7370.31982 0.984574
7371.02979 0.985716
7371.74023 0.986873
7372.45020 0.988023
7373.16016 0.98918
7373.87012 0.990329
7374.58008 0.991479
7375.29004 0.992636
7376.00000 0.993785
7376.70020 0.994929
7377.41016 0.996086
7378.12988 0.997244
7378.83008 0.998388
7379.54980 0.999546
7380.25977 1.0
7380.97021 0.99922
7381.68018 0.99844
7382.39014 0.997659
7383.10010 0.996874
7383.81006 0.996094
7384.52002 0.995315
7385.22998 0.994532
7385.93994 0.993751
7386.64990 0.992974
7387.35986 0.992191
7388.06982 0.991406
7388.79004 0.990622
7389.49023 0.989847
7390.20020 0.989357
7390.91992 0.989587
7391.62988 0.989815
7392.33984 0.990045
7393.04980 0.990275
7393.75977 0.990502
7394.47998 0.990732
7395.18994 0.990962
7395.89990 0.991192
7396.60986 0.991421
7397.31982 0.991649
7398.02979 0.99188
7398.75000 0.992109
7399.45996 0.992337
7400.16992 0.992577
7400.87988 0.992853
7401.58984 0.993127
7402.31006 0.993403
7403.02002 0.993677
7403.72998 0.993952
7404.43994 0.994227
7405.14990 0.994499
7405.87012 0.994774
7406.58008 0.99505
7407.29004 0.995323
7408.00977 0.995596
7408.72021 0.995871
7409.43018 0.996143
7410.14990 0.996195
7410.85986 0.995389
7411.56982 0.994583
7412.29004 0.993771
7413.00000 0.992963
7413.70996 0.992157
7414.43018 0.991345
7415.14014 0.990541
7415.85010 0.98973
7416.56982 0.988918
7417.27979 0.988115
7417.99023 0.987301
7418.70996 0.986493
7419.41992 0.985685
7420.14014 0.984948
7420.85010 0.984537
7421.56006 0.984127
7422.27979 0.983713
7422.99023 0.983303
7423.70996 0.982892
7424.41992 0.982478
7425.12988 0.982068
7425.85010 0.981657
7426.56982 0.981243
7427.27979 0.980833
7427.99023 0.98042
7428.70996 0.980011
7429.43018 0.979599
7430.14014 0.979298
7430.85010 0.979457
7431.56982 0.979616
7432.27979 0.979775
7433.00000 0.979935
7433.70996 0.980092
7434.43018 0.980251
7435.14014 0.980408
7435.85986 0.980568
7436.58008 0.980728
7437.29980 0.980887
7438.00977 0.981044
7438.72021 0.981202
7439.43994 0.981361
7440.16016 0.98132
7440.87012 0.980564
7441.58984 0.979802
7442.31006 0.979045
7443.02002 0.978292
7443.72998 0.977531
7444.45020 0.97677
7445.16992 0.97601
7445.87988 0.975258
7446.60010 0.974496
7447.31982 0.973734
7448.02979 0.972983
7448.75000 0.972226
7449.47021 0.971466
7450.18994 0.970968
7450.91016 0.971206
7451.62012 0.97144
7452.33984 0.971675
7453.06006 0.971911
7453.77002 0.972145
7454.49023 0.972383
7455.20996 0.972621
7455.91992 0.972854
7456.64014 0.973091
7457.35986 0.973328
7458.08008 0.973563
7458.79980 0.9738
7459.50977 0.974034
7460.22998 0.974128
7460.95020 0.973922
7461.66016 0.973719
7462.37988 0.973512
7463.10010 0.973307
7463.81982 0.973104
7464.54004 0.972897
7465.25977 0.97269
7465.97021 0.972488
7466.68994 0.972282
7467.41016 0.972077
7468.12988 0.971872
7468.85010 0.971664
7469.56982 0.97146
7470.29004 0.971373
7471.00977 0.971461
7471.72021 0.971548
7472.43994 0.971637
7473.16992 0.971726
7473.87988 0.971812
7474.60010 0.971901
7475.31982 0.971989
7476.04004 0.972076
7476.75977 0.972165
7477.47998 0.972252
7478.20020 0.972339
7478.91992 0.972429
7479.64014 0.972516
7480.35986 0.97262
7481.08008 0.972741
7481.79980 0.972863
7482.52002 0.972984
7483.24023 0.973105
7483.95996 0.973226
7484.68018 0.973349
7485.39990 0.973471
7486.12012 0.973592
7486.83984 0.973711
7487.56006 0.973832
7488.27979 0.973954
7489.00000 0.974074
7489.72021 0.974196
7490.43994 0.974431
7491.16992 0.97474
7491.87988 0.975045
7492.60010 0.975354
7493.33008 0.975664
7494.04980 0.975973
7494.77002 0.976278
7495.49023 0.976584
7496.20996 0.976893
7496.93018 0.9772
7497.64990 0.977508
7498.37988 0.977817
7499.10010 0.978124
7499.81006 0.978429
7500.54004 0.978424
7501.25977 0.978309
7501.99023 0.978195
7502.70996 0.978084
7503.43018 0.977971
7504.16016 0.977857
7504.87012 0.977744
7505.58984 0.977632
7506.31982 0.977519
7507.04004 0.977405
7507.77002 0.977292
7508.49023 0.977178
7509.20996 0.977064
7509.93018 0.976951
7510.64990 0.977327
7511.37988 0.977759
7512.10010 0.978192
7512.81982 0.978618
7513.54980 0.979049
7514.27002 0.979477
7514.99023 0.979905
7515.72021 0.980336
7516.43994 0.980765
7517.16016 0.981194
7517.89014 0.981625
7518.60986 0.982053
7519.33008 0.98248
7520.06006 0.982947
7520.77979 0.983843
7521.50000 0.984747
7522.22998 0.98565
7522.95020 0.986541
7523.68018 0.987446
7524.39990 0.988345
7525.12012 0.989246
7525.85010 0.990151
7526.56982 0.991049
7527.29004 0.991947
7528.02002 0.992852
7528.74023 0.993748
7529.47021 0.994653
7530.20020 0.995253
7530.91016 0.995026
7531.64014 0.994799
7532.37012 0.994571
7533.08984 0.994345
7533.81982 0.994116
7534.54004 0.993888
7535.27002 0.993661
7535.99023 0.993434
7536.72021 0.993205
7537.45020 0.992976
7538.16992 0.992749
7538.89014 0.992524
7539.62012 0.992295
7540.35010 0.992304
7541.06982 0.992571
7541.79980 0.992842
7542.52002 0.993112
7543.25000 0.993381
7543.97021 0.99365
7544.70020 0.993917
7545.43018 0.994188
7546.14990 0.994459
7546.87988 0.994726
7547.60986 0.994996
7548.33008 0.995266
7549.04980 0.995534
7549.77979 0.995804
7550.50977 0.995578
7551.24023 0.995143
7551.95996 0.994713
7552.68994 0.99428
7553.41992 0.993845
7554.14014 0.993412
7554.87012 0.99298
7555.60010 0.992545
7556.33008 0.992113
7557.04980 0.991679
7557.77979 0.991244
7558.50977 0.990811
7559.24023 0.990376
7559.95996 0.989945
7560.68994 0.989963
7561.41992 0.990008
7562.14014 0.990052
7562.87012 0.990097
7563.60010 0.990141
7564.33008 0.990186
7565.06006 0.990232
7565.79004 0.990277
7566.50977 0.99032
7567.24023 0.990363
7567.97021 0.990408
7568.70020 0.990452
7569.43018 0.990496
7570.14990 0.99054
7570.87988 0.990586
7571.60986 0.990633
7572.33984 0.990678
7573.06982 0.990723
7573.79980 0.990768
7574.52002 0.990815
7575.25977 0.990862
7575.97998 0.990905
7576.70996 0.990951
7577.43994 0.990998
7578.16992 0.991043
7578.89990 0.991087
7579.62988 0.991133
7580.35986 0.990945
7581.08984 0.990514
7581.81982 0.990084
7582.54980 0.989653
7583.27979 0.989221
7584.00977 0.988792
7584.74023 0.988362
7585.47021 0.987929
7586.20020 0.987499
7586.93018 0.987072
7587.66016 0.986638
7588.39014 0.98621
7589.12012 0.985776
7589.85010 0.985345
7590.58008 0.984935
7591.31006 0.984523
7592.04004 0.984115
7592.77002 0.983705
7593.50000 0.983293
7594.22998 0.982884
7594.97021 0.982476
7595.70020 0.982066
7596.43018 0.981655
7597.14990 0.981246
7597.89014 0.980836
7598.60986 0.980428
7599.35010 0.980016
7600.08008 0.979649
7600.81982 0.979642
7601.54004 0.979634
7602.27002 0.979625
7603.00977 0.979616
7603.74023 0.979609
7604.47021 0.979599
7605.20020 0.979589
7605.93994 0.97958
7606.66016 0.979571
7607.39990 0.979562
7608.12988 0.979554
7608.87012 0.979544
7609.58984 0.979534
7610.33008 0.979677
7611.06006 0.980007
7611.79004 0.980333
7612.52002 0.980662
7613.25977 0.980993
7613.99023 0.981322
7614.72021 0.98165
7615.45996 0.98198
7616.18994 0.982307
7616.93018 0.982636
7617.64990 0.982962
7618.39014 0.983293
7619.12012 0.983622
7619.85010 0.983946
7620.58008 0.984074
7621.31982 0.984154
7622.04980 0.984232
7622.79004 0.984311
7623.52002 0.98439
7624.25000 0.984469
7624.99023 0.984546
7625.72021 0.984626
7626.45996 0.984704
7627.18994 0.984782
7627.91992 0.984859
7628.66016 0.984938
7629.39990 0.985015
7630.12012 0.985004
7630.85986 0.984565
7631.60010 0.984128
7632.33008 0.983692
7633.06982 0.983252
7633.79980 0.982816
7634.52979 0.982377
7635.27002 0.981937
7636.00000 0.981503
