threeML/data/optical_filters/HST/ACS_WFC-F475W_77.ecsv
# %ECSV 0.9
# ---
# datatype:
# - {name: wavelength, unit: Angstrom, datatype: float32}
# - {name: response, datatype: float32}
# meta: !!omap
# - {band_name: F475W_77}
# - {group_name: ACS_WFC}
wavelength response
[from data line 3207]
5451.14990 0.902209
5451.74023 0.897465
5452.33984 0.892697
5452.93994 0.887928
5453.54004 0.883156
5454.12988 0.878425
5454.72998 0.873649
5455.33008 0.868867
5455.93018 0.864087
5456.52979 0.859302
5457.12988 0.854515
5457.72998 0.849722
5458.31982 0.844977
5458.91992 0.840184
5459.52002 0.835384
5460.12012 0.829951
5460.70996 0.822037
5461.31006 0.814043
5461.91016 0.806046
5462.50977 0.798047
5463.10986 0.790123
5463.70996 0.782112
5464.31006 0.774059
5464.91016 0.766088
5465.50977 0.758068
5466.10986 0.750047
5466.70996 0.742023
5467.29980 0.734074
5467.89990 0.726038
5468.50000 0.718005
5469.10010 0.709964
5469.70020 0.701959
5470.29980 0.693297
5470.89990 0.683921
5471.50000 0.674541
5472.10010 0.665157
5472.68994 0.655854
5473.29004 0.646462
5473.89990 0.637059
5474.50000 0.627652
5475.10010 0.618241
5475.70020 0.608825
5476.29004 0.599497
5476.89990 0.590066
5477.50000 0.580639
5478.10010 0.5712
5478.70020 0.561758
5479.29980 0.552312
5479.89990 0.542861
5480.50977 0.532733
5481.10010 0.522581
5481.70020 0.512327
5482.29980 0.502062
5482.89990 0.491903
5483.50000 0.481631
5484.10010 0.471357
5484.70996 0.461072
5485.29980 0.450891
5485.89990 0.440609
5486.50977 0.430315
5487.10986 0.420018
5487.70996 0.409718
5488.31006 0.399415
5488.91992 0.389109
5489.50977 0.3789
5490.12012 0.368972
5490.72021 0.360632
5491.31982 0.35229
5491.91992 0.344033
5492.52002 0.335686
5493.12012 0.327337
5493.72998 0.318985
5494.33008 0.310712
5494.93018 0.302349
5495.52979 0.293983
5496.14014 0.285622
5496.74023 0.277252
5497.33984 0.26888
5497.95020 0.260498
5498.54004 0.252202
5499.14990 0.243823
5499.75000 0.235434
5500.35986 0.228589
5500.95996 0.222824
5501.56006 0.21705
5502.16992 0.21127
5502.77002 0.205547
5503.37012 0.199766
5503.97998 0.193978
5504.58008 0.188192
5505.18018 0.182455
5505.77979 0.176659
5506.39014 0.17086
5506.99023 0.165059
5507.60010 0.159256
5508.18994 0.153501
5508.79980 0.147692
5509.39990 0.141876
5510.00977 0.136091
5510.60986 0.132573
5511.22021 0.129055
5511.81982 0.125535
5512.41992 0.122046
5513.02979 0.118525
5513.62988 0.115
5514.22998 0.111512
5514.83984 0.107985
5515.43994 0.104458
5516.04980 0.100927
5516.64990 0.0974324
5517.25977 0.0939028
5517.85986 0.0903696
5518.47021 0.0868355
5519.06982 0.0833004
5519.68018 0.0797646
5520.27979 0.0769663
5520.89014 0.0749991
5521.49023 0.0730518
5522.10010 0.0710848
5522.70020 0.0691156
5523.31006 0.0671458
5523.91016 0.0651849
5524.52002 0.0632233
5525.12012 0.0612517
5525.72998 0.0592777
5526.33984 0.0573047
5526.93994 0.0553502
5527.54004 0.0533744
5528.14990 0.0513979
5528.75977 0.0494208
5529.35986 0.0474526
5529.97021 0.0454822
5530.56982 0.0443318
5531.18018 0.0432281
5531.79004 0.0421241
5532.39990 0.0410198
5533.00000 0.0399151
5533.60986 0.03881
5534.22021 0.0377045
5534.81982 0.0366094
5535.43018 0.0355024
5536.04004 0.0343951
5536.64014 0.0332875
5537.24023 0.032191
5537.85010 0.0310818
5538.45996 0.029973
5539.06982 0.0288639
5539.66992 0.0277653
5540.27979 0.0268729
5540.89014 0.0262366
5541.50000 0.0256002
5542.10010 0.0249637
5542.70996 0.0243269
5543.31982 0.0236926
5543.93018 0.0230587
5544.52979 0.022421
5545.14014 0.0217837
5545.75000 0.0211488
5546.35010 0.0205138
5546.95996 0.0198755
5547.56982 0.0192366
5548.18018 0.018598
5548.79004 0.0179619
5549.39014 0.0173261
5550.00000 0.016688
5550.60986 0.01634
5551.22021 0.0159936
5551.83008 0.0156434
5552.43994 0.0152951
5553.04004 0.0149499
5553.64990 0.0146009
5554.25977 0.0142518
5554.87012 0.0139026
5555.47998 0.0135533
5556.08984 0.0132038
5556.70020 0.0128558
5557.31006 0.0125074
5557.91992 0.0121575
5558.52979 0.0118071
5559.14014 0.0114566
5559.74023 0.0111093
5560.35010 0.0108369
5560.95996 0.0106213
5561.56982 0.0104055
5562.18018 0.0101919
5562.79004 0.00997597
5563.39990 0.00976
5564.00977 0.00954396
5564.62012 0.00932787
5565.22998 0.00911275
5565.85010 0.00889532
5566.45020 0.00868112
5567.06006 0.00846463
5567.66992 0.00824806
5568.27979 0.00803143
5568.89014 0.007817
5569.50000 0.00760009
5570.10986 0.00741477
5570.72021 0.00737024
5571.33008 0.00732568
5571.93994 0.00728089
5572.54980 0.00723609
5573.16016 0.00719154
5573.77979 0.00714647
5574.39014 0.00710165
5575.00000 0.00705677
5575.60986 0.00701237
5576.22021 0.0069675
5576.83008 0.0069226
5577.43994 0.0068777
5578.06006 0.0068328
5578.66016 0.00678809
5579.27002 0.00674337
5579.89014 0.0066984
5580.50000 0.00665372
5581.10986 0.00660934
5581.72021 0.00656465
5582.33008 0.00652025
5582.93994 0.00647554
5583.56006 0.00643087
5584.16992 0.00638635
5584.77979 0.00634185
5585.39014 0.00629709
5586.00977 0.00625232
5586.60986 0.00620775
5587.22998 0.00616295
5587.85010 0.00611788
5588.45996 0.00607306
5589.06982 0.00602865
5589.68018 0.00598377
5590.29004 0.00593121
5590.91016 0.00587026
5591.52002 0.00580987
5592.12988 0.00574888
5592.74023 0.00568783
5593.35986 0.00562674
5593.97021 0.00556627
5594.58008 0.00550514
5595.18994 0.00544398
5595.81006 0.0053828
5596.41992 0.00532161
5597.04004 0.00526033
5597.64990 0.00519938
5598.25977 0.00513835
5598.87988 0.005077
5599.49023 0.00501564
5600.10010 0.00495424
5600.72021 0.00489307
5601.33008 0.00483187
5601.93994 0.00477032
5602.56006 0.00470878
5603.16992 0.00464747
5603.79004 0.00458585
5604.39990 0.0045245
5605.00977 0.00446283
5605.62988 0.00440114
5606.24023 0.00433967
5606.85986 0.00427759
5607.47021 0.00421642
5608.08984 0.00415459
5608.70020 0.00409275
5609.31982 0.00403088
5609.93018 0.00396893
5610.54980 0.0039071
5611.16016 0.00384521
5611.77002 0.00378393
5612.39014 0.00372199
5613.00977 0.00366002
5613.62012 0.00359802
5614.22998 0.0035366
5614.85010 0.00347451
5615.47021 0.00341244
5616.08008 0.0033503
5616.68994 0.00328877
5617.31006 0.00322658
5617.93018 0.00316437
5618.54004 0.00310208
5619.16016 0.00303981
5619.77002 0.00297776
5620.39014 0.00291532
6182.42920 0.0
