threeML/data/optical_filters/HST/ACS_HRC-F250W.ecsv
# %ECSV 0.9
# ---
# datatype:
# - {name: wavelength, unit: Angstrom, datatype: float32}
# - {name: response, datatype: float32}
# meta: !!omap
# - {band_name: F250W}
# - {group_name: ACS_HRC}
wavelength response
[from data line 1588]
2792.59009 0.769119
2793.06006 0.768932
2793.53003 0.768744
2794.01001 0.768557
2794.47998 0.768373
2794.94995 0.768187
2795.41992 0.768
2795.88989 0.767811
2796.37012 0.767623
2796.84009 0.767437
2797.31006 0.76725
2797.79004 0.767063
2798.26001 0.766875
2798.72998 0.766684
2799.19995 0.766495
2799.67993 0.766307
2800.14990 0.766049
2800.62012 0.765643
2801.09009 0.765235
2801.57007 0.764826
2802.04004 0.764417
2802.51001 0.764006
2802.98999 0.763594
2803.45996 0.763185
2803.92993 0.762775
2804.40991 0.762364
2804.87988 0.761953
2805.36011 0.76154
2805.83008 0.761127
2806.30005 0.760714
2806.78003 0.760305
2807.25000 0.759891
2807.72998 0.759477
2808.19995 0.759062
2808.66992 0.758649
2809.14990 0.758234
2809.62012 0.75782
2810.10010 0.757409
2810.57007 0.757022
2811.05005 0.756634
2811.52002 0.756244
2812.00000 0.755854
2812.46997 0.755469
2812.94995 0.755081
2813.41992 0.754688
2813.89990 0.754297
2814.37012 0.753907
2814.85010 0.753517
2815.32007 0.753125
2815.80005 0.752732
2816.28003 0.752342
2816.75000 0.751951
2817.22998 0.751559
2817.69995 0.751162
2818.17993 0.750766
2818.64990 0.750373
2819.12988 0.74998
2819.61011 0.749588
2820.08008 0.749199
2820.56006 0.748807
2821.04004 0.748415
2821.51001 0.748027
2821.98999 0.747638
2822.46997 0.747247
2822.93994 0.746857
2823.41992 0.746466
2823.89990 0.746076
2824.37012 0.745686
2824.85010 0.745294
2825.33008 0.744902
2825.81006 0.74451
2826.28003 0.744119
2826.76001 0.743726
2827.23999 0.743332
2827.71997 0.742938
2828.18994 0.742545
2828.66992 0.742149
2829.14990 0.741756
2829.62988 0.741363
2830.10010 0.740974
2830.58008 0.740592
2831.06006 0.74021
2831.54004 0.739833
2832.02002 0.739456
2832.48999 0.739074
2832.96997 0.738692
2833.44995 0.738311
2833.92993 0.737929
2834.40991 0.73755
2834.88989 0.737171
2835.37012 0.736788
2835.84009 0.736405
2836.32007 0.736021
2836.80005 0.735637
2837.28003 0.735252
2837.76001 0.734866
2838.23999 0.734482
2838.71997 0.734098
2839.19995 0.733712
2839.67993 0.733327
2840.15991 0.732926
2840.63989 0.732502
2841.12012 0.732077
2841.60010 0.731652
2842.08008 0.731226
2842.56006 0.730798
2843.04004 0.73037
2843.52002 0.729942
2844.00000 0.729514
2844.47998 0.729084
2844.95996 0.728657
2845.43994 0.728228
2845.91992 0.727799
2846.39990 0.727369
2846.87988 0.72694
2847.36011 0.726509
2847.84009 0.72608
2848.33008 0.725648
2848.81006 0.725214
2849.29004 0.724782
2849.77002 0.724349
2850.25000 0.723915
2850.72998 0.723479
2851.21997 0.723043
2851.69995 0.722609
2852.17993 0.722174
2852.65991 0.721736
2853.13989 0.721298
2853.62012 0.720858
2854.11011 0.720418
2854.59009 0.71998
2855.07007 0.719541
2855.55005 0.719104
2856.03003 0.718664
2856.52002 0.718222
2857.00000 0.717782
2857.47998 0.717343
2857.96997 0.716903
2858.44995 0.716459
2858.92993 0.716015
2859.40991 0.715575
2859.88989 0.715112
2860.37988 0.714547
2860.86011 0.713919
2861.34009 0.713293
2861.83008 0.712665
2862.31006 0.712036
2862.80005 0.711406
2863.28003 0.710777
2863.76001 0.710145
2864.25000 0.709515
2864.72998 0.708884
2865.20996 0.708252
2865.69995 0.707619
2866.17993 0.706985
2866.66992 0.706352
2867.14990 0.705722
2867.63989 0.705087
2868.12012 0.704452
2868.60010 0.703815
2869.09009 0.703182
2869.57007 0.702542
2870.06006 0.701899
2870.54004 0.701226
2871.03003 0.700553
2871.51001 0.699879
2872.00000 0.699206
2872.47998 0.69853
2872.96997 0.697856
2873.44995 0.697179
2873.93994 0.696502
2874.42993 0.695825
2874.90991 0.69515
2875.38989 0.69447
2875.87988 0.69379
2876.37012 0.693113
2876.85010 0.692434
2877.34009 0.691755
2877.82007 0.691074
2878.31006 0.690396
2878.80005 0.689716
2879.28003 0.689033
2879.77002 0.688347
2880.26001 0.687692
2880.73999 0.687059
2881.22998 0.686432
2881.71997 0.6858
2882.19995 0.685169
2882.68994 0.684539
2883.17993 0.683907
2883.65991 0.683271
2884.14990 0.682638
2884.63989 0.682004
2885.12012 0.681371
2885.61011 0.680734
2886.10010 0.680097
2886.59009 0.679463
2887.07007 0.678829
2887.56006 0.67819
2888.05005 0.67755
2888.54004 0.676911
2889.03003 0.676274
2889.51001 0.675635
2890.00000 0.674996
2890.48999 0.674351
2890.97998 0.673704
2891.46997 0.673056
2891.95996 0.672408
2892.44995 0.671758
2892.92993 0.67111
2893.41992 0.670463
2893.90991 0.669814
2894.39990 0.669164
2894.88989 0.668516
2895.37988 0.667864
2895.86011 0.667214
2896.35010 0.66656
2896.84009 0.665906
2897.33008 0.665252
2897.82007 0.664599
2898.31006 0.663945
2898.80005 0.663293
2899.29004 0.662637
2899.78003 0.661983
2900.27002 0.661384
2900.76001 0.660839
2901.25000 0.660292
2901.73999 0.659743
2902.22998 0.659194
2902.71997 0.658649
2903.20996 0.658101
2903.69995 0.657551
2904.18994 0.657
2904.67993 0.656449
2905.16992 0.655898
2905.65991 0.655345
2906.15991 0.654791
2906.63989 0.654237
2907.13989 0.653682
2907.62988 0.653131
2908.12012 0.652579
2908.61011 0.652021
2909.10010 0.651465
2909.59009 0.650905
2910.09009 0.650345
2910.57007 0.649779
2911.07007 0.649208
2911.56006 0.648637
2912.05005 0.648066
2912.54004 0.647492
2913.03003 0.64692
2913.53003 0.646344
2914.02002 0.645767
2914.51001 0.645191
2915.00000 0.644616
2915.50000 0.64404
2915.98999 0.643464
2916.47998 0.642888
2916.96997 0.642313
2917.46997 0.641733
2917.95996 0.641153
2918.44995 0.640575
2918.94995 0.639995
2919.43994 0.639412
2919.92993 0.638828
2920.42993 0.638262
2920.91992 0.637698
2921.40991 0.637135
2921.90991 0.636572
2922.39990 0.636004
2922.88989 0.635439
2923.37988 0.634871
2923.87988 0.6343
2924.37988 0.63373
2924.87012 0.633161
2925.36011 0.63259
2925.86011 0.63202
2926.35010 0.63145
2926.84009 0.630882
2927.34009 0.630307
2927.83008 0.629732
2928.33008 0.629158
2928.82007 0.628585
2929.32007 0.62801
2929.81006 0.627436
2930.31006 0.626848
2930.80005 0.626255
2931.30005 0.625659
2931.79004 0.625062
2932.29004 0.624465
2932.78003 0.623868
2933.28003 0.623269
2933.77002 0.62267
2934.27002 0.62207
2934.76001 0.62147
2935.26001 0.620873
2935.76001 0.620272
2936.25000 0.619667
2936.75000 0.619065
2937.23999 0.618464
2937.73999 0.617864
2938.23999 0.61726
2938.72998 0.616653
2939.22998 0.616048
2939.71997 0.615443
2940.21997 0.61475
2940.71997 0.613991
2941.20996 0.61322
2941.70996 0.612441
2942.20996 0.611666
2942.70996 0.610894
2943.19995 0.610121
2943.69995 0.609344
2944.19995 0.608566
2944.69995 0.607787
2945.18994 0.607009
2945.68994 0.606228
2946.18994 0.605447
2946.68994 0.604666
2947.17993 0.603886
2947.67993 0.603104
2948.17993 0.602319
2948.67993 0.601535
2949.16992 0.600753
2949.66992 0.599967
2950.16992 0.599187
2950.66992 0.598405
2951.16992 0.597628
2951.66992 0.59685
2952.15991 0.596072
2952.65991 0.59529
2953.15991 0.594511
2953.65991 0.593728
2954.15991 0.592942
2954.65991 0.592156
2955.15991 0.591374
2955.65991 0.590588
2956.15991 0.589801
2956.65991 0.589013
2957.14990 0.588229
2957.64990 0.587442
2958.14990 0.586653
2958.64990 0.585861
2959.14990 0.585069
2959.64990 0.584284
2960.14990 0.583517
2960.64990 0.58278
2961.14990 0.582053
2961.64990 0.581324
2962.14990 0.580594
2962.65991 0.579863
2963.15991 0.579134
2963.65991 0.578403
2964.15991 0.577671
2964.65991 0.576939
2965.15991 0.576207
2965.65991 0.575473
2966.15991 0.574738
2966.65991 0.574002
2967.15991 0.573267
2967.65991 0.572533
2968.15991 0.571795
2968.65991 0.571056
2969.16992 0.570317
2969.66992 0.569578
2970.16992 0.568843
2970.66992 0.568121
2971.16992 0.567397
2971.67993 0.566673
2972.17993 0.565948
2972.67993 0.565221
2973.17993 0.564499
2973.67993 0.563774
2974.18994 0.563047
2974.68994 0.562318
2975.18994 0.561589
2975.68994 0.560866
2976.19995 0.560137
2976.69995 0.559404
2977.19995 0.558672
2977.69995 0.557945
2978.20996 0.557212
2978.70996 0.556477
2979.20996 0.555742
2979.71997 0.555
2980.21997 0.554208
2980.71997 0.553328
2981.22998 0.552449
2981.72998 0.551575
2982.22998 0.550695
2982.73999 0.549813
2983.23999 0.548931
2983.73999 0.548052
2984.25000 0.547172
2984.75000 0.546287
2985.26001 0.545402
2985.76001 0.544519
2986.26001 0.543632
2986.77002 0.542747
2987.27002 0.54186
2987.78003 0.540972
2988.28003 0.540083
2988.79004 0.539192
2989.30005 0.538301
2989.80005 0.537412
2990.30005 0.536534
2990.81006 0.535665
2991.32007 0.534795
2991.82007 0.533926
2992.32007 0.533058
2992.83008 0.532186
2993.34009 0.531311
2993.84009 0.530436
2994.35010 0.529563
2994.85010 0.528687
2995.36011 0.527813
2995.86011 0.526936
2996.37012 0.526061
2996.87988 0.525181
2997.37988 0.5243
2997.88989 0.523418
2998.38989 0.522538
2998.89990 0.521653
2999.40991 0.520769
2999.90991 0.519957
3000.41992 0.519342
3000.92993 0.518861
3001.43994 0.518378
3001.94995 0.517894
3002.44995 0.517413
3002.95996 0.51693
3003.46997 0.516444
3003.96997 0.515958
3004.47998 0.515476
3004.98999 0.514991
3005.48999 0.514503
3006.00000 0.514014
3006.51001 0.513527
3007.02002 0.513039
3007.53003 0.51255
3008.03003 0.512062
3008.54004 0.51157
3009.05005 0.51108
3009.56006 0.510591
3010.07007 0.5101
3010.57007 0.509602
3011.08008 0.509101
3011.59009 0.508602
3012.10010 0.508103
3012.61011 0.507603
3013.12012 0.507102
3013.62988 0.506599
3014.13989 0.506096
3014.64990 0.505593
3015.14990 0.505091
3015.65991 0.504586
3016.16992 0.504081
3016.67993 0.503576
3017.18994 0.503069
3017.69995 0.502563
3018.20996 0.502057
3018.71997 0.501552
3019.22998 0.501045
3019.73999 0.500536
3020.25000 0.499807
3020.76001 0.498942
3021.27002 0.498042
3021.78003 0.497141
3022.29004 0.496241
3022.80005 0.495341
3023.31006 0.494444
3023.82007 0.49354
3024.34009 0.492635
3024.85010 0.491729
3025.36011 0.490823
3025.87012 0.489916
3026.37988 0.489011
3026.88989 0.488106
3027.39990 0.487195
3027.90991 0.486283
3028.42993 0.485372
3028.92993 0.484466
3029.44995 0.483552
3029.95996 0.482637
3030.46997 0.481715
3030.97998 0.480793
3031.48999 0.479875
3032.01001 0.478957
3032.52002 0.478032
3033.03003 0.477108
3033.54004 0.476181
3034.06006 0.475255
3034.57007 0.474328
3035.08008 0.473401
3035.59009 0.472477
3036.11011 0.471544
3036.62012 0.470612
3037.13989 0.469679
3037.64990 0.46875
3038.15991 0.46782
3038.66992 0.466883
3039.18994 0.465946
3039.69995 0.46502
3040.20996 0.464136
3040.71997 0.463351
3041.23999 0.462562
3041.75000 0.461774
3042.27002 0.460984
3042.78003 0.460191
3043.30005 0.459399
3043.81006 0.45861
3044.32007 0.457817
3044.84009 0.457022
3045.35010 0.456224
3045.87012 0.455433
3046.37988 0.454637
3046.89990 0.45384
3047.40991 0.453042
3047.91992 0.452249
3048.43994 0.451449
3048.94995 0.450649
3049.46997 0.449847
3049.97998 0.449049
3050.50000 0.448264
3051.01001 0.447478
3051.53003 0.446691
3052.05005 0.445902
3052.56006 0.445113
3053.08008 0.444323
3053.59009 0.443533
3054.11011 0.442742
3054.62012 0.441954
3055.13989 0.441161
3055.65991 0.440368
3056.16992 0.439573
3056.68994 0.438779
3057.19995 0.437984
3057.71997 0.437188
3058.23999 0.436389
3058.76001 0.435589
3059.27002 0.434792
3059.79004 0.433981
3060.30005 0.433066
3060.82007 0.432048
3061.34009 0.43103
3061.86011 0.43001
3062.37012 0.428989
3062.88989 0.427974
3063.40991 0.426951
3063.92993 0.425923
3064.43994 0.424903
3064.95996 0.423878
3065.47998 0.422851
3066.00000 0.421826
3066.51001 0.420798
3067.03003 0.419772
3067.55005 0.418741
3068.07007 0.417709
3068.59009 0.41668
3069.10010 0.41565
3069.62012 0.414614
3070.13989 0.413576
3070.65991 0.412534
3071.17993 0.411491
3071.69995 0.41045
3072.21997 0.409404
3072.73999 0.408358
3073.25000 0.407314
3073.77002 0.406264
3074.29004 0.405214
3074.81006 0.404164
3075.33008 0.403116
3075.85010 0.402068
3076.37012 0.401014
3076.88989 0.399959
3077.40991 0.398908
3077.92993 0.397857
3078.44995 0.396798
3078.96997 0.395738
3079.48999 0.394679
3080.01001 0.393652
3080.53003 0.392727
3081.05005 0.39183
3081.57007 0.390939
3082.09009 0.390042
3082.61011 0.38914
3083.12988 0.388242
3083.64990 0.387341
3084.17993 0.386439
3084.69995 0.385538
3085.21997 0.384639
3085.73999 0.383739
3086.26001 0.382835
3086.78003 0.381931
3087.30005 0.381029
3087.82007 0.380123
3088.34009 0.379219
3088.87012 0.378311
3089.38989 0.377403
3089.90991 0.376497
3090.42993 0.375615
3090.94995 0.374737
3091.46997 0.373861
3092.00000 0.372982
3092.52002 0.372101
3093.04004 0.37122
3093.57007 0.370337
3094.09009 0.369457
3094.61011 0.368575
3095.12988 0.367691
3095.65991 0.366805
3096.17993 0.365919
3096.69995 0.365038
3097.21997 0.36415
3097.75000 0.36326
3098.27002 0.362369
3098.79004 0.361481
3099.32007 0.360587
3099.84009 0.359692
3100.36011 0.358794
3100.88989 0.357889
3101.40991 0.35698
3101.93994 0.356072
3102.45996 0.355161
3102.97998 0.354252
3103.51001 0.35334
3104.03003 0.35243
3104.56006 0.351515
3105.08008 0.350599
3105.61011 0.349682
3106.12988 0.34877
3106.64990 0.347851
3107.17993 0.346932
3107.69995 0.346013
3108.22998 0.345093
3108.76001 0.344171
3109.28003 0.343254
3109.80005 0.342328
3110.33008 0.341407
3110.86011 0.340486
3111.37988 0.339569
3111.90991 0.338647
3112.42993 0.337726
3112.95996 0.336803
3113.47998 0.335885
3114.01001 0.33496
3114.54004 0.334034
3115.06006 0.333107
3115.59009 0.332182
3116.11011 0.331256
3116.63989 0.330326
3117.16992 0.329396
3117.68994 0.328463
3118.21997 0.327532
3118.75000 0.326599
3119.28003 0.325664
3119.80005 0.324731
3120.33008 0.323834
3120.86011 0.322957
3121.37988 0.32208
3121.90991 0.321204
3122.43994 0.320326
3122.95996 0.319449
3123.48999 0.318569
3124.02002 0.317687
3124.55005 0.316807
3125.07007 0.315925
3125.60010 0.315039
3126.12988 0.314153
3126.65991 0.313269
3127.18994 0.312382
3127.71997 0.311491
3128.23999 0.3106
3128.77002 0.309715
3129.30005 0.308823
3129.83008 0.307931
3130.36011 0.307025
3130.88989 0.306112
3131.41992 0.305199
3131.94995 0.304284
3132.46997 0.303376
3133.00000 0.302461
3133.53003 0.301543
3134.06006 0.300625
3134.59009 0.299706
3135.12012 0.298792
3135.64990 0.297872
3136.17993 0.296951
3136.70996 0.296029
3137.23999 0.295109
3137.77002 0.294184
3138.30005 0.293262
3138.83008 0.292336
3139.36011 0.291409
3139.88989 0.290481
3140.41992 0.289674
3140.94995 0.288894
3141.47998 0.288119
3142.01001 0.287339
3142.54004 0.286556
3143.07007 0.285773
3143.60010 0.284992
3144.12988 0.284211
3144.65991 0.283427
3145.19995 0.282641
3145.72998 0.281855
3146.26001 0.28107
3146.79004 0.280282
3147.32007 0.279493
3147.85010 0.278705
3148.38989 0.277915
3148.91992 0.277123
3149.44995 0.276331
3149.97998 0.275541
3150.51001 0.274753
3151.05005 0.273964
3151.58008 0.273177
3152.11011 0.272387
3152.63989 0.271599
3153.17993 0.270808
3153.70996 0.270015
3154.23999 0.269225
3154.77002 0.268431
3155.31006 0.267635
3155.84009 0.266842
3156.37012 0.266047
3156.89990 0.265249
3157.43994 0.264451
3157.96997 0.263651
3158.51001 0.262851
3159.04004 0.26205
3159.57007 0.261248
3160.11011 0.260433
3160.63989 0.259594
3161.16992 0.258756
3161.70996 0.257913
3162.23999 0.257068
3162.78003 0.256223
3163.31006 0.255382
3163.84009 0.254534
3164.37988 0.253686
3164.90991 0.252838
3165.44995 0.251994
3165.97998 0.25114
3166.52002 0.250288
3167.05005 0.249436
3167.59009 0.248585
3168.12012 0.247731
3168.65991 0.246875
3169.19995 0.246019
3169.72998 0.245166
3170.26001 0.244313
3170.80005 0.243456
3171.34009 0.242599
3171.87012 0.241744
3172.40991 0.240885
3172.93994 0.240026
3173.47998 0.239168
3174.01001 0.23831
3174.55005 0.237447
3175.09009 0.236584
3175.62012 0.235717
3176.15991 0.234858
3176.69995 0.233993
3177.22998 0.233125
3177.77002 0.232258
3178.31006 0.231389
3178.84009 0.230519
3179.37988 0.229652
3179.91992 0.228791
3180.44995 0.228017
3180.98999 0.22727
3181.53003 0.226521
3182.07007 0.225774
3182.60010 0.225024
3183.13989 0.224275
3183.67993 0.223524
3184.21997 0.222772
3184.76001 0.222019
3185.29004 0.221271
3185.83008 0.220516
3186.37012 0.219762
3186.90991 0.219007
3187.44995 0.21825
3187.97998 0.217492
3188.52002 0.216735
3189.06006 0.215983
3189.60010 0.215224
3190.13989 0.214471
3190.67993 0.213737
3191.21997 0.213002
3191.75000 0.212271
3192.29004 0.211533
3192.83008 0.210796
3193.37012 0.210057
3193.90991 0.209323
3194.44995 0.208583
3194.98999 0.207843
3195.53003 0.207098
3196.07007 0.206357
3196.61011 0.205614
3197.14990 0.20487
3197.68994 0.204127
