threeML/data/optical_filters/HST/ACS_HRC-F435W.ecsv
# %ECSV 0.9
# ---
# datatype:
# - {name: wavelength, unit: Angstrom, datatype: float32}
# - {name: response, datatype: float32}
# meta: !!omap
# - {band_name: F435W}
# - {group_name: ACS_HRC}
wavelength response
[from data line 793]
4008.75000 0.553348
4009.33008 0.553219
4009.90991 0.55309
4010.47998 0.554018
4011.05005 0.555155
4011.62988 0.556296
4012.20996 0.557439
4012.78003 0.558574
4013.36011 0.559719
4013.93994 0.560864
4014.51001 0.56201
4015.09009 0.563149
4015.65991 0.564297
4016.23999 0.565447
4016.82007 0.566597
4017.39990 0.567748
4017.96997 0.568893
4018.55005 0.570046
4019.12012 0.571192
4019.69995 0.572348
4020.28003 0.572903
4020.86011 0.572813
4021.42993 0.572723
4022.01001 0.572634
4022.59009 0.572543
4023.15991 0.572453
4023.73999 0.572362
4024.32007 0.572271
4024.89990 0.572179
4025.46997 0.572089
4026.05005 0.571997
4026.62988 0.571906
4027.20996 0.571814
4027.78003 0.571722
4028.36011 0.571629
4028.93994 0.571537
4029.52002 0.571444
4030.10010 0.571571
4030.67993 0.572764
4031.26001 0.573962
4031.83008 0.575157
4032.40991 0.576357
4032.98999 0.577559
4033.57007 0.578752
4034.14990 0.579955
4034.72998 0.581159
4035.31006 0.582365
4035.88989 0.583564
4036.46997 0.584771
4037.05005 0.58598
4037.62988 0.587188
4038.19995 0.588389
4038.78003 0.589601
4039.36011 0.590805
4039.93994 0.592018
4040.52002 0.591794
4041.10010 0.591414
4041.67993 0.591033
4042.26001 0.590652
4042.84009 0.590269
4043.41992 0.589889
4044.00000 0.589507
4044.59009 0.589121
4045.16992 0.588735
4045.73999 0.588353
4046.33008 0.587967
4046.90991 0.58758
4047.48999 0.587193
4048.07007 0.586806
4048.64990 0.586421
4049.22998 0.586033
4049.81006 0.585648
4050.38989 0.586441
4050.97998 0.587801
4051.56006 0.589156
4052.13989 0.590518
4052.71997 0.591875
4053.30005 0.59324
4053.87988 0.594596
4054.46997 0.595964
4055.05005 0.597333
4055.62988 0.598703
4056.20996 0.600063
4056.79004 0.601434
4057.37988 0.602803
4057.95996 0.604183
4058.54004 0.605549
4059.12012 0.606926
4059.70996 0.608303
4060.29004 0.608944
4060.87012 0.608843
4061.44995 0.608743
4062.04004 0.608643
4062.62012 0.608543
4063.19995 0.608441
4063.79004 0.608339
4064.37012 0.608239
4064.94995 0.608138
4065.54004 0.608036
4066.12012 0.607933
4066.69995 0.607832
4067.29004 0.60773
4067.87012 0.607628
4068.45996 0.607524
4069.04004 0.607421
4069.62012 0.607318
4070.20996 0.607462
4070.79004 0.608055
4071.37988 0.608648
4071.95996 0.609244
4072.55005 0.609838
4073.12988 0.610433
4073.71997 0.61103
4074.30005 0.611623
4074.87988 0.61222
4075.46997 0.612819
4076.05005 0.613416
4076.63989 0.614012
4077.21997 0.614611
4077.81006 0.615211
4078.38989 0.615808
4078.97998 0.616411
4079.57007 0.617008
4080.14990 0.617206
4080.73999 0.616246
4081.32007 0.61528
4081.90991 0.614318
4082.48999 0.613352
4083.08008 0.612387
4083.65991 0.611421
4084.25000 0.610451
4084.84009 0.609488
4085.41992 0.608517
4086.01001 0.607547
4086.60010 0.606572
4087.17993 0.605599
4087.77002 0.604623
4088.36011 0.603649
4088.93994 0.602672
4089.53003 0.601696
4090.12012 0.601146
4090.70996 0.602313
4091.29004 0.603477
4091.87988 0.604647
4092.46997 0.605814
4093.06006 0.606986
4093.63989 0.608149
4094.22998 0.609322
4094.82007 0.610496
4095.39990 0.611662
4095.98999 0.612838
4096.58008 0.614012
4097.16992 0.61519
4097.75977 0.616364
4098.33984 0.617544
4098.93018 0.618721
4099.52002 0.619903
4100.10986 0.620702
4100.70020 0.61982
4101.29004 0.61894
4101.87988 0.618055
4102.47021 0.617169
4103.04980 0.616286
4103.64014 0.615396
4104.22998 0.614513
4104.81982 0.613624
4105.41016 0.612739
4106.00000 0.611847
4106.58984 0.610954
4107.18018 0.610063
4107.77002 0.609167
4108.35010 0.608274
4108.95020 0.607377
4109.52979 0.606482
4110.12988 0.605926
4110.72021 0.606638
4111.31006 0.607354
4111.89990 0.608067
4112.49023 0.608784
4113.08008 0.609497
4113.66992 0.610214
4114.25977 0.610932
4114.85010 0.611645
4115.43994 0.612364
4116.02979 0.613078
4116.62012 0.613799
4117.20996 0.614517
4117.79980 0.615239
4118.39014 0.61596
4118.97998 0.61668
4119.56982 0.617399
4120.16992 0.617863
4120.75977 0.617661
4121.35010 0.61746
4121.93994 0.617257
4122.52979 0.617055
4123.12012 0.616852
4123.72021 0.616649
4124.31006 0.616446
4124.89990 0.616245
4125.49023 0.61604
4126.08008 0.615834
4126.66992 0.61563
4127.27002 0.615425
4127.85986 0.615221
4128.45020 0.615015
4129.04004 0.61481
4129.64014 0.614603
4130.22998 0.615059
4130.81982 0.616565
4131.41992 0.618067
4132.00977 0.619577
4132.60010 0.621086
4133.20020 0.622592
4133.79004 0.624106
4134.37988 0.625615
4134.97998 0.627132
4135.56982 0.628637
4136.16016 0.630155
4136.75977 0.631667
4137.35010 0.633187
4137.93994 0.634707
4138.54004 0.636223
4139.12988 0.637747
4139.72998 0.63927
4140.31982 0.639706
4140.91016 0.639205
4141.50977 0.638701
4142.10010 0.638199
4142.70020 0.637696
4143.29004 0.637191
4143.89014 0.636687
4144.47998 0.636182
4145.08008 0.635674
4145.66992 0.635166
4146.27002 0.634663
4146.85986 0.634155
4147.45996 0.633647
4148.04980 0.633136
4148.64990 0.632628
4149.24023 0.632119
4149.83984 0.631607
4150.43018 0.632086
4151.02979 0.632936
4151.62012 0.633782
4152.22021 0.634632
4152.81982 0.635481
4153.41016 0.636333
4154.00977 0.637187
4154.60986 0.638037
4155.20020 0.638888
4155.79980 0.639743
4156.39014 0.640593
4156.99023 0.641448
4157.58984 0.642306
4158.18994 0.643161
4158.77979 0.644019
4159.37988 0.644875
4159.97998 0.645732
4160.56982 0.645367
4161.16992 0.644948
4161.77002 0.64453
4162.35986 0.644111
4162.95996 0.643692
4163.56006 0.643272
4164.16016 0.642851
4164.75977 0.642428
4165.35010 0.642007
4165.95020 0.641587
4166.54980 0.641162
4167.14990 0.640741
4167.75000 0.640316
4168.33984 0.639892
4168.93994 0.639467
4169.54004 0.639041
4170.14014 0.638982
4170.74023 0.640148
4171.33008 0.641311
4171.93994 0.642481
4172.52979 0.64365
4173.12988 0.644816
4173.72998 0.645984
4174.33008 0.647158
4174.93018 0.648328
4175.52979 0.649503
4176.12988 0.650674
4176.72998 0.65185
4177.33008 0.653028
4177.93018 0.654198
4178.52979 0.655377
4179.12012 0.656553
4179.72998 0.657734
4180.33008 0.658033
4180.91992 0.657595
4181.52979 0.657153
4182.12012 0.656713
4182.72998 0.65627
4183.33008 0.655827
4183.93018 0.655387
4184.52979 0.654944
4185.12988 0.654499
4185.72998 0.654056
4186.33008 0.65361
4186.93018 0.653165
4187.52979 0.652718
4188.12988 0.652272
4188.72998 0.651825
4189.33984 0.651376
4189.93994 0.65093
4190.54004 0.651781
4191.14014 0.652784
4191.74023 0.653789
4192.33984 0.654794
4192.93994 0.655804
4193.54004 0.65681
4194.14990 0.657825
4194.75000 0.658829
4195.35010 0.659842
4195.95996 0.660856
4196.56006 0.661865
4197.16016 0.662879
4197.75977 0.66389
4198.37012 0.664907
4198.97021 0.665921
4199.56982 0.666938
4200.16992 0.667626
4200.77002 0.6675
4201.37988 0.667374
4201.97998 0.667247
4202.58008 0.66712
4203.18994 0.666993
4203.79004 0.666865
4204.39014 0.666736
4205.00000 0.666606
4205.60010 0.666478
4206.20020 0.666348
4206.81006 0.66622
4207.41016 0.66609
4208.02002 0.66596
4208.62012 0.665829
4209.22998 0.665698
4209.83008 0.665568
4210.43994 0.666968
4211.04004 0.668956
4211.64014 0.670961
4212.24023 0.672959
4212.85010 0.674969
4213.45020 0.676972
4214.06006 0.678978
4214.66016 0.680991
4215.27002 0.683
4215.87988 0.685019
4216.47998 0.687029
4217.08984 0.689049
4217.68994 0.691064
4218.29980 0.693087
4218.89990 0.695107
4219.50977 0.697136
4220.10986 0.698646
4220.72021 0.697905
4221.33008 0.697164
4221.93018 0.696429
4222.54004 0.695688
4223.14014 0.694947
4223.75000 0.694203
4224.35010 0.693465
4224.95996 0.69272
4225.56006 0.691976
4226.16992 0.691228
4226.77979 0.69048
4227.39014 0.689735
4227.99023 0.688985
4228.60010 0.688238
4229.20996 0.687487
4229.81006 0.686736
4230.41992 0.6882
4231.02979 0.69063
4231.64014 0.69307
4232.24023 0.695504
4232.85010 0.69794
4233.45996 0.700389
4234.06982 0.702828
4234.68018 0.705277
4235.27979 0.70771
4235.89014 0.710167
4236.50000 0.712615
4237.10010 0.715074
4237.70996 0.717528
4238.31982 0.719992
4238.93018 0.722448
4239.54004 0.724916
4240.14990 0.726425
4240.75977 0.724969
4241.37012 0.723504
4241.97021 0.722041
4242.58008 0.720572
4243.18994 0.719105
4243.79980 0.717641
4244.41016 0.716173
4245.02002 0.714696
4245.62988 0.71322
4246.22998 0.711754
4246.85010 0.710275
4247.45020 0.708799
4248.06982 0.707314
4248.66992 0.705836
4249.29004 0.704351
4249.89990 0.702868
4250.50977 0.704317
4251.10986 0.70637
4251.72998 0.708434
4252.33984 0.71049
4252.95020 0.712556
4253.56006 0.714624
4254.16992 0.716685
4254.77979 0.71875
4255.39014 0.720816
4256.00000 0.722892
4256.60986 0.724961
4257.22021 0.727032
4257.83008 0.729105
4258.43994 0.731188
4259.06006 0.733271
4259.66016 0.735349
4260.27979 0.735702
4260.89014 0.733969
4261.50000 0.732231
4262.10986 0.730496
4262.72998 0.728752
4263.33984 0.727013
4263.95020 0.725266
4264.56006 0.723523
4265.16992 0.721772
4265.77979 0.720026
4266.39990 0.718277
4267.00977 0.71652
4267.62012 0.714769
4268.22998 0.713016
4268.83984 0.71126
4269.45996 0.709497
4270.06982 0.708145
4270.68018 0.709963
4271.29980 0.711774
4271.91016 0.713596
4272.52002 0.715418
4273.14014 0.717234
4273.75000 0.719059
4274.35986 0.720878
4274.97998 0.722706
4275.58984 0.724528
4276.20996 0.726358
4276.81982 0.728176
4277.43018 0.73001
4278.04980 0.731844
4278.66016 0.733674
4279.27002 0.735505
4279.89014 0.737337
4280.50000 0.73678
4281.12012 0.735687
4281.72998 0.734589
4282.35010 0.733493
4282.95996 0.732392
4283.56982 0.731293
4284.18994 0.730189
4284.81006 0.729084
4285.41992 0.727982
4286.04004 0.726874
4286.64990 0.725771
4287.27002 0.724661
4287.87988 0.723558
4288.50000 0.722445
4289.10986 0.721336
4289.72998 0.720225
4290.33984 0.719905
4290.95996 0.720217
4291.58008 0.720529
4292.18994 0.72084
4292.81006 0.721153
4293.41992 0.721465
4294.04004 0.721778
4294.66016 0.72209
4295.27002 0.722404
4295.89014 0.722714
4296.50977 0.723029
4297.12012 0.723343
4297.74023 0.723657
4298.35986 0.72397
4298.97021 0.724279
4299.58984 0.724594
4300.20996 0.724357
4300.81982 0.723033
4301.43994 0.721705
4302.06006 0.720381
4302.68018 0.719054
4303.29004 0.717721
4303.91016 0.716385
4304.52979 0.715054
4305.14990 0.713716
4305.77002 0.712381
4306.39014 0.71104
4307.00000 0.709709
4307.62012 0.708359
4308.24023 0.70702
4308.85986 0.705674
4309.47021 0.704337
4310.08984 0.703498
4310.70996 0.705528
4311.33008 0.707567
4311.95020 0.7096
4312.56982 0.711641
4313.18994 0.713678
4313.81006 0.715717
4314.43018 0.717765
4315.04004 0.719799
4315.66016 0.721857
4316.27979 0.7239
4316.89990 0.725955
4317.52002 0.728011
4318.14014 0.730054
4318.77002 0.732121
4319.37988 0.734174
4320.00977 0.736223
4320.62012 0.736286
4321.24023 0.73635
4321.85986 0.736415
4322.47998 0.736478
4323.10010 0.736541
4323.72998 0.736604
4324.35010 0.736667
4324.95996 0.73673
4325.58984 0.736794
4326.20020 0.736856
4326.83008 0.73692
4327.45020 0.736983
4328.06982 0.737046
4328.68994 0.737108
4329.31006 0.737171
4329.93018 0.737233
4330.56006 0.738472
4331.18018 0.73985
4331.79980 0.74122
4332.41992 0.742602
4333.04004 0.743979
4333.66016 0.745363
4334.29004 0.746743
4334.91016 0.74813
4335.52979 0.749506
4336.14990 0.750894
4336.77979 0.752283
4337.39990 0.753662
4338.02002 0.755054
4338.64014 0.756444
4339.27002 0.757838
4339.89014 0.759222
4340.50977 0.758696
4341.14014 0.757742
4341.75977 0.75679
4342.37988 0.755842
4343.00000 0.754886
4343.62988 0.753928
4344.25000 0.752974
4344.87988 0.752014
4345.50000 0.751058
4346.12012 0.750098
4346.74023 0.749143
4347.37012 0.748179
4347.99023 0.747221
4348.60986 0.746255
4349.24023 0.745289
4349.87012 0.744322
4350.49023 0.745866
4351.10986 0.748079
4351.74023 0.750312
4352.35986 0.752546
4352.99023 0.75478
4353.60986 0.757002
4354.24023 0.75924
4354.85986 0.761482
4355.49023 0.763717
4356.10986 0.765953
4356.74023 0.768201
4357.37012 0.770451
4357.99023 0.772685
4358.60986 0.774934
4359.24023 0.777172
4359.85986 0.779428
4360.49023 0.779883
4361.12012 0.77984
4361.74023 0.779799
4362.37012 0.779756
4363.00000 0.779711
4363.62012 0.779669
4364.25000 0.779626
4364.87012 0.779583
4365.50000 0.779539
4366.12988 0.779494
4366.75977 0.779451
4367.37988 0.779407
4368.00977 0.779364
4368.62988 0.779318
4369.25977 0.779272
4369.89014 0.779225
4370.50977 0.780254
4371.14014 0.781522
4371.77002 0.782788
4372.39990 0.784057
4373.02979 0.785324
4373.64990 0.78659
4374.27979 0.787861
4374.91016 0.789136
4375.54004 0.790406
4376.16992 0.791675
4376.79980 0.79295
4377.41992 0.794226
4378.04980 0.7955
4378.68018 0.796774
4379.31006 0.798055
4379.93018 0.799327
4380.56006 0.798966
4381.18994 0.798416
4381.81982 0.797866
4382.45020 0.797312
4383.08008 0.796758
4383.70996 0.796201
4384.33984 0.795647
4384.97021 0.795093
4385.60010 0.794536
4386.22998 0.793978
4386.85986 0.793422
4387.49023 0.792866
4388.12012 0.792307
4388.75000 0.791746
4389.37988 0.791188
4390.00977 0.790649
4390.64014 0.792423
4391.25977 0.794182
4391.89990 0.795958
4392.52002 0.797729
4393.14990 0.799502
4393.79004 0.80128
4394.41992 0.803061
4395.04980 0.804838
4395.68018 0.806622
4396.31006 0.808402
4396.93994 0.81019
4397.56982 0.811978
4398.20020 0.81376
4398.83984 0.815544
4399.47021 0.817337
4400.10010 0.818874
4400.72998 0.819056
4401.35986 0.819238
4401.99023 0.819417
4402.62012 0.8196
4403.25977 0.819783
4403.89014 0.819964
4404.52002 0.820145
4405.14990 0.820326
4405.79004 0.820507
4406.41992 0.820688
4407.04980 0.820868
4407.68018 0.821049
4408.31982 0.82123
4408.95020 0.821413
4409.58008 0.821593
4410.22021 0.821948
4410.85010 0.822641
4411.47998 0.823335
4412.10986 0.824025
4412.75000 0.824722
4413.37988 0.825413
4414.00977 0.826108
4414.64990 0.826805
4415.27979 0.8275
4415.91016 0.828194
4416.54980 0.828892
4417.18018 0.82959
4417.81982 0.830285
4418.45020 0.830981
4419.08984 0.831681
4419.72021 0.832382
4420.35010 0.831911
4420.99023 0.830497
4421.62012 0.829092
4422.25977 0.827681
4422.89014 0.82628
4423.52979 0.824867
4424.16016 0.82345
4424.79004 0.822043
4425.43018 0.820626
4426.06982 0.819207
4426.70020 0.817791
4427.33984 0.816374
4427.97021 0.81495
4428.60986 0.813524
4429.24023 0.812103
4429.87988 0.810679
4430.52002 0.811208
4431.14990 0.812196
4431.79004 0.813179
4432.43018 0.814172
4433.06006 0.815158
4433.70020 0.816149
4434.33008 0.817132
4434.97021 0.818124
4435.60010 0.819108
4436.24023 0.820102
4436.87988 0.821097
4437.52002 0.822093
4438.14990 0.823084
4438.79004 0.824074
4439.43018 0.825072
4440.06006 0.825862
4440.70020 0.824753
4441.33984 0.823652
4441.97998 0.822547
4442.62012 0.821438
4443.25000 0.820336
4443.89014 0.819227
4444.52979 0.818116
4445.16992 0.817004
4445.79980 0.815898
4446.43994 0.814784
4447.08008 0.813678
4447.72021 0.812561
4448.35986 0.811444
4449.00000 0.810325
4449.62988 0.80921
4450.27002 0.809193
4450.91016 0.810668
4451.54980 0.812134
4452.18994 0.813616
4452.83008 0.815091
4453.47021 0.816568
4454.10010 0.818036
4454.74023 0.819519
4455.39014 0.821003
4456.02979 0.822487
4456.66016 0.82396
4457.29980 0.825446
4457.93994 0.826932
4458.58008 0.828409
4459.22021 0.8299
4459.85986 0.831392
4460.50977 0.831373
4461.14014 0.830946
4461.77979 0.830518
4462.43018 0.830089
4463.06006 0.829662
4463.70996 0.829231
4464.35010 0.828801
4464.99023 0.828369
4465.62012 0.827941
4466.27002 0.827508
4466.91016 0.827076
4467.54980 0.826642
4468.18994 0.826212
4468.83008 0.825777
4469.47021 0.825344
4470.10986 0.825236
4470.75977 0.826633
4471.39990 0.828033
4472.04004 0.829434
4472.68018 0.830826
4473.31982 0.83223
4473.95996 0.833624
4474.60986 0.835028
4475.25000 0.836435
4475.89990 0.837844
4476.54004 0.839252
4477.18018 0.84065
4477.81982 0.84206
4478.47021 0.843473
4479.10986 0.844884
4479.75000 0.846287
4480.39014 0.846801
4481.04004 0.84674
4481.68018 0.846678
4482.31982 0.846616
4482.97021 0.846554
4483.60986 0.846491
4484.25000 0.846429
4484.89990 0.846368
4485.54004 0.846306
4486.18018 0.846243
4486.83008 0.846179
4487.47021 0.846114
4488.10986 0.84605
4488.75977 0.845986
4489.39990 0.845921
4490.04980 0.84596
4490.68994 0.847221
4491.33984 0.848495
4491.97998 0.849771
4492.62988 0.851044
4493.27002 0.852309
4493.91992 0.853586
4494.56006 0.854864
4495.20996 0.856132
4495.85010 0.85741
4496.50000 0.858689
4497.14014 0.859961
4497.79004 0.861242
4498.43994 0.862525
