threeML/data/optical_filters/HST/ACS_WFC-F555W_77.ecsv
# %ECSV 0.9
# ---
# datatype:
# - {name: wavelength, unit: Angstrom, datatype: float32}
# - {name: response, datatype: float32}
# meta: !!omap
# - {band_name: F555W_77}
# - {group_name: ACS_WFC}
wavelength response
[from data line 2399]
5920.93994 0.641689
5921.58984 0.640559
5922.25000 0.639435
5922.89990 0.638311
5923.56006 0.637178
5924.20996 0.636052
5924.85986 0.634925
5925.52002 0.633791
5926.16992 0.632668
5926.83008 0.631534
5927.49023 0.630399
5928.14014 0.629274
5928.79004 0.628136
5929.45020 0.627005
5930.10010 0.625991
5930.75977 0.625607
5931.41016 0.625224
5932.06982 0.62484
5932.72021 0.624457
5933.37988 0.624071
5934.02979 0.623688
5934.68994 0.623303
5935.33984 0.622919
5936.00000 0.622534
5936.66016 0.622148
5937.31006 0.621765
5937.97021 0.621378
5938.62012 0.620993
5939.27979 0.620605
5939.93994 0.62022
5940.58984 0.619511
5941.25000 0.618767
5941.89990 0.618023
5942.56006 0.617279
5943.20996 0.616535
5943.87012 0.61579
5944.52979 0.615041
5945.18018 0.614299
5945.83984 0.613549
5946.50000 0.612802
5947.14990 0.612056
5947.81006 0.611305
5948.47021 0.610557
5949.12988 0.609809
5949.77979 0.609062
5950.43994 0.608091
5951.10010 0.607005
5951.75977 0.605924
5952.41016 0.604841
5953.06982 0.603753
5953.72998 0.602677
5954.37988 0.601593
5955.04004 0.60051
5955.70020 0.599418
5956.35986 0.598333
5957.02002 0.597247
5957.66992 0.596161
5958.33008 0.595073
5958.99023 0.593981
5959.64990 0.592892
5960.31006 0.5921
5960.95996 0.591649
5961.62012 0.591197
5962.27979 0.590743
5962.93994 0.590289
5963.60010 0.589839
5964.25977 0.589384
5964.91992 0.588931
5965.58008 0.588477
5966.22998 0.588026
5966.89014 0.58757
5967.54980 0.587116
5968.20996 0.586662
5968.87012 0.586205
5969.52979 0.585752
5970.18994 0.585385
5970.85010 0.585244
5971.50977 0.585102
5972.16992 0.58496
5972.81982 0.584818
5973.49023 0.584676
5974.14990 0.584534
5974.81006 0.584392
5975.47021 0.58425
5976.12988 0.584107
5976.79004 0.583965
5977.45020 0.583823
5978.10986 0.58368
5978.77002 0.583539
5979.43018 0.583397
5980.08984 0.583227
5980.75000 0.582892
5981.41016 0.582554
5982.06982 0.582219
5982.72998 0.58188
5983.39014 0.581541
5984.04980 0.581206
5984.70996 0.580866
5985.37012 0.580527
5986.02979 0.580189
5986.70020 0.579849
5987.35986 0.579511
5988.02002 0.579173
5988.68018 0.578831
5989.33984 0.578493
5990.00000 0.578155
5990.66016 0.578014
5991.33008 0.577872
5991.99023 0.577732
5992.64990 0.577591
5993.31006 0.577451
5993.97021 0.577308
5994.64014 0.577167
5995.29980 0.577026
5995.95996 0.576884
5996.62012 0.576742
5997.27979 0.576601
5997.95020 0.576459
5998.60986 0.576315
5999.27002 0.576174
5999.93994 0.576032
6000.60010 0.574915
6001.25977 0.573695
6001.91992 0.572482
6002.58984 0.571256
6003.25000 0.570035
6003.91016 0.568813
6004.56982 0.567591
6005.24023 0.566367
6005.89990 0.565138
6006.56006 0.563919
6007.22998 0.562688
6007.89014 0.561461
6008.54980 0.560234
6009.22021 0.559001
6009.87988 0.557774
6010.54980 0.556672
6011.20996 0.555593
6011.87988 0.554518
6012.54004 0.553443
6013.20996 0.552362
6013.87012 0.551292
6014.52979 0.550216
6015.18994 0.549139
6015.85986 0.548057
6016.52002 0.546984
6017.18994 0.5459
6017.85010 0.544826
6018.52002 0.543741
6019.18018 0.542661
6019.85010 0.541581
6020.50977 0.539408
6021.18018 0.536918
6021.83984 0.534427
6022.50977 0.531923
6023.16992 0.529429
6023.83984 0.526932
6024.50977 0.524423
6025.16992 0.521925
6025.83008 0.519438
6026.50000 0.516937
6027.16992 0.514421
6027.83008 0.51193
6028.50000 0.509412
6029.16016 0.506904
6029.83008 0.504396
6030.49023 0.501914
6031.16016 0.49941
6031.83008 0.496906
6032.50000 0.494399
6033.16016 0.491917
6033.81982 0.489419
6034.50000 0.486895
6035.16016 0.484407
6035.83008 0.481891
6036.49023 0.4794
6037.16016 0.476882
6037.83008 0.474374
6038.49023 0.471865
6039.16016 0.469367
6039.83008 0.466842
6040.49023 0.463483
6041.16016 0.459821
6041.83008 0.456143
6042.49023 0.452501
6043.16016 0.448817
6043.83008 0.445135
6044.50000 0.441467
6045.16016 0.437817
6045.83008 0.434144
6046.50000 0.430455
6047.16992 0.426782
6047.83984 0.423105
6048.50977 0.419409
6049.16992 0.415733
6049.83984 0.412049
6050.50977 0.407798
6051.18018 0.403419
6051.85010 0.399014
6052.50977 0.394607
6053.18018 0.390178
6053.85010 0.385766
6054.52002 0.381354
6055.18994 0.376917
6055.85986 0.372497
6056.52979 0.368075
6057.18994 0.363674
6057.85986 0.359229
6058.52979 0.354802
6059.20020 0.350369
6059.87012 0.345915
6060.54004 0.341412
6061.20996 0.336887
6061.87988 0.332336
6062.54980 0.327808
6063.22021 0.3233
6063.89014 0.318766
6064.56006 0.314208
6065.22998 0.309667
6065.89990 0.305124
6066.56982 0.30056
6067.24023 0.296013
6067.91016 0.291462
6068.58008 0.286888
6069.25000 0.282358
6069.91992 0.2778
6070.58984 0.273717
6071.25977 0.269679
6071.93018 0.26566
6072.60010 0.261639
6073.27002 0.257597
6073.93994 0.25357
6074.60986 0.249545
6075.27979 0.245536
6075.95996 0.241485
6076.62988 0.237452
6077.29980 0.233415
6077.97021 0.229359
6078.64014 0.225319
6079.31006 0.221281
6079.99023 0.217217
6080.66016 0.213639
6081.33008 0.210083
6082.00000 0.206511
6082.66992 0.202918
6083.33984 0.199339
6084.00977 0.195759
6084.68994 0.192159
6085.35986 0.188575
6086.02979 0.18499
6086.70996 0.181384
6087.37988 0.177811
6088.04980 0.174219
6088.72021 0.170624
6089.39014 0.167009
6090.06006 0.163498
6090.74023 0.160789
6091.41016 0.158063
6092.08984 0.155351
6092.75977 0.152637
6093.43018 0.149935
6094.10010 0.147205
6094.77002 0.144487
6095.45020 0.141766
6096.12012 0.139033
6096.79980 0.13631
6097.47021 0.133586
6098.14990 0.130846
6098.81006 0.128134
6099.49023 0.125407
6100.16016 0.122819
6100.83984 0.120677
6101.50977 0.118543
6102.18018 0.116409
6102.85986 0.114262
6103.52979 0.112126
6104.20996 0.109988
6104.87988 0.107839
6105.56006 0.10571
6106.22998 0.103569
6106.89990 0.101427
6107.58008 0.0992736
6108.25000 0.0971301
6108.93018 0.0949858
6109.60010 0.0928283
6110.27979 0.0909485
6110.95020 0.0894277
6111.62012 0.087906
6112.29980 0.0863758
6112.97998 0.0848525
6113.64990 0.0833274
6114.33008 0.0817948
6115.00000 0.0802681
6115.68018 0.0787406
6116.35986 0.0772045
6117.02979 0.075683
6117.70020 0.0741521
6118.37988 0.0726203
6119.06006 0.071081
6119.72998 0.0695476
6120.41016 0.0682343
6121.08984 0.0670594
6121.75977 0.0658951
6122.43994 0.0647192
6123.10986 0.063554
6123.79004 0.0623763
6124.45996 0.0612049
6125.14014 0.0600313
6125.81982 0.0588522
6126.50000 0.0576784
6127.16992 0.0565034
6127.85010 0.0553228
6128.52002 0.0541526
6129.20020 0.052976
6129.87988 0.0517982
6130.56006 0.0508733
6131.22998 0.0500096
6131.91016 0.049145
6132.58984 0.0482755
6133.25977 0.0474144
6133.93994 0.0465443
6134.62012 0.0456736
6135.29980 0.0448114
6135.97021 0.0439438
6136.64990 0.0430758
6137.33008 0.042203
6138.00977 0.0413342
6138.68994 0.0404651
6139.37012 0.0395912
6140.04004 0.0387379
6140.72021 0.0380748
6141.39990 0.0374175
6142.08008 0.0367533
6142.75977 0.036092
6143.43018 0.0354305
6144.10986 0.0347649
6144.79004 0.0341027
6145.47021 0.0334398
6146.14990 0.0327732
6146.83008 0.0321131
6147.50977 0.0314492
6148.18018 0.0307851
6148.87012 0.0301169
6149.54004 0.0294521
6150.22021 0.0288523
6150.89990 0.0283844
6151.58008 0.0279211
6152.25977 0.027453
6152.93994 0.0269843
6153.62012 0.0265205
6154.29980 0.0260538
6154.97998 0.0255869
6155.66016 0.0251176
6156.33984 0.0246504
6157.02002 0.0241831
6157.70020 0.0237129
6158.37988 0.0232475
6159.06006 0.022777
6159.74023 0.022311
6160.41992 0.0219186
6161.10010 0.0215767
6161.77979 0.0212344
6162.45996 0.0208904
6163.14014 0.0205478
6163.81982 0.020205
6164.50977 0.0198603
6165.18994 0.0195188
6165.85986 0.0191755
6166.54980 0.0188317
6167.22998 0.0184863
6167.91016 0.0181422
6168.58984 0.017798
6169.27002 0.0174518
6169.95020 0.017109
6170.64014 0.0168454
6171.31982 0.0165882
6172.00000 0.0163332
6172.68018 0.0160769
6173.35986 0.0158204
6174.04980 0.0155625
6174.72998 0.0153058
6175.41016 0.0150488
6176.08984 0.0147906
6176.77002 0.0145346
6177.45996 0.0142759
6178.12988 0.0140197
6178.81982 0.0137608
6179.50000 0.0135029
6180.18018 0.0132974
6180.87012 0.0132347
6181.54980 0.0131726
6182.22998 0.0131099
6182.91016 0.0130474
6183.60010 0.0129849
6184.27979 0.0129223
6184.95996 0.0128597
6185.64990 0.0127968
6186.33008 0.0127341
6187.00977 0.0126715
6187.70020 0.0126084
6188.37988 0.0125459
6189.06006 0.0124828
6189.75000 0.01242
6190.43018 0.0123572
6191.10986 0.0122945
6191.79980 0.0122318
6192.47998 0.0121687
6193.16016 0.0121063
6193.85010 0.0120431
6194.52979 0.0119802
6195.22021 0.0119173
6195.89990 0.011854
6196.58984 0.0117914
6197.27002 0.0117281
6197.95996 0.011665
6198.64014 0.0116018
6199.33008 0.0115384
6200.00977 0.0114748
6200.70020 0.0113557
6201.37988 0.0112372
6202.06006 0.0111185
6202.75000 0.0109999
6203.43018 0.0108811
6204.12012 0.0107617
6204.79980 0.0106435
6205.49023 0.010524
6206.18018 0.0104044
6206.85986 0.0102861
6207.54980 0.0101664
6208.22998 0.0100473
6208.91992 0.00992817
6209.60010 0.00980899
6210.29004 0.00968972
6210.97998 0.00956992
6211.66016 0.00945116
6212.35010 0.00933118
6213.04004 0.00921118
6213.72021 0.0090923
6214.41016 0.0089722
6215.08984 0.00885327
6215.77979 0.00873301
6216.45996 0.0086139
6217.14990 0.00849357
6217.83984 0.00837321
6218.52002 0.008254
6219.20996 0.00813354
6219.89990 0.00801357
6220.58984 0.00789403
6221.27002 0.00777461
6221.95996 0.00765504
6222.64990 0.00753476
6223.33008 0.00741567
6224.02002 0.00729534
6224.70996 0.00717488
6225.39990 0.00705555
6226.08984 0.00693498
6226.77002 0.00681494
6227.45996 0.00669485
6228.14990 0.0065753
6228.83984 0.00645441
6229.52979 0.00633347
6230.20996 0.00621354
6230.89990 0.00609207
6231.58984 0.00597056
6232.27979 0.00585022
6232.97021 0.00572914
6233.64990 0.00560812
6234.33984 0.00548637
6235.02979 0.00536579
6235.72021 0.00524396
6236.41016 0.00512209
6237.10010 0.00500131
6237.79004 0.00487936
6238.47998 0.0047579
6239.16016 0.0046364
6239.85010 0.00451546
6240.54004 0.00445476
6241.22998 0.0044111
6241.91992 0.00436789
6242.60986 0.00432419
6243.29980 0.00428047
6243.99023 0.00423716
6244.68018 0.00419341
6245.37012 0.00415008
6246.06006 0.00410629
6246.75000 0.00406289
6247.43994 0.00401904
6248.12988 0.00397517
6248.81982 0.00393172
6249.50977 0.00388782
6250.20020 0.0038441
6250.89014 0.00380028
6251.58008 0.00375666
6252.27002 0.00371263
6252.95996 0.00366853
6253.64990 0.00362486
6254.33984 0.00358075
6255.04004 0.00353663
6255.72021 0.00349289
6256.41992 0.0034487
6257.10986 0.00340471
6257.79980 0.00336071
6258.47998 0.00331691
6259.18018 0.00327263
6259.87012 0.00322836
6260.56006 0.00318453
6261.25977 0.00314027
6261.95020 0.0030962
6262.64014 0.00305211
6263.33008 0.00300779
6889.66309 0.0
