threeML/data/optical_filters/HST/ACS_WFC-F775W_77.ecsv
# %ECSV 0.9
# ---
# datatype:
# - {name: wavelength, unit: Angstrom, datatype: float32}
# - {name: response, datatype: float32}
# meta: !!omap
# - {band_name: F775W_77}
# - {group_name: ACS_WFC}
wavelength response
5913.27930 0.0
6570.31006 0.00202734
6570.93994 0.00204566
6571.56982 0.00206406
6572.20020 0.00208238
6572.83984 0.0021007
6573.47021 0.00211914
6574.10010 0.00213736
6574.72998 0.0021558
6575.37012 0.00217425
6576.00000 0.0021925
6576.62988 0.00221095
6577.27002 0.0022294
6577.89990 0.00224766
6578.52979 0.00226613
6579.16016 0.0022845
6579.79980 0.00230288
6580.43018 0.00232143
6581.06006 0.00233991
6581.70020 0.00235838
6582.33008 0.00237699
6582.95996 0.00239539
6583.60010 0.002414
6584.22998 0.00243262
6584.85986 0.00245103
6585.50000 0.00246966
6586.14014 0.00248831
6586.77002 0.00250673
6587.39990 0.00252539
6588.02979 0.00254394
6588.66992 0.00256249
6589.29980 0.00258117
6589.93994 0.00259973
6590.56982 0.00261828
6591.20996 0.00263693
6591.83984 0.00265538
6592.47021 0.00267404
6593.10986 0.00269271
6593.74023 0.00271118
6594.37988 0.00272985
6595.00977 0.00274844
6595.64990 0.00276703
6596.27979 0.00278573
6596.91992 0.00280432
6597.54980 0.00282303
6598.18994 0.00284164
6598.81982 0.00286026
6599.45020 0.00287888
6600.08984 0.00289762
6600.72021 0.00291624
6601.35986 0.00293507
6602.00000 0.00295393
6602.64014 0.00297277
6603.27002 0.00299142
6603.89990 0.00301017
6604.54004 0.00302905
6605.18018 0.00304783
6605.81006 0.0030666
6606.45020 0.00308549
6607.08008 0.00310429
6607.70996 0.00312299
6608.35010 0.00314189
6608.99023 0.00316082
6609.62988 0.00317976
6610.25977 0.00319841
6610.89990 0.00321718
6611.52979 0.00323586
6612.16992 0.00325454
6612.81006 0.00327323
6613.43994 0.00329203
6614.08008 0.00331072
6614.72021 0.00332953
6615.35010 0.00334823
6615.99023 0.00336695
6616.62988 0.00338577
6617.25977 0.00340439
6617.89990 0.00342322
6618.54004 0.00344206
6619.16992 0.0034607
6619.81006 0.00347953
6620.45020 0.00349832
6621.08008 0.00351712
6621.72021 0.00353602
6622.35986 0.00355483
6623.00000 0.00357364
6623.64014 0.00359256
6624.27002 0.00361128
6624.91016 0.00363021
6625.54980 0.00364916
6626.18018 0.00366788
6626.81982 0.00368685
6627.45996 0.00370581
6628.10010 0.00372455
6628.72998 0.00374352
6629.37012 0.00376239
6630.00977 0.00378127
6630.64990 0.00380032
6631.29004 0.00381925
6631.91992 0.00383821
6632.56006 0.00385728
6633.20020 0.00387612
6633.83984 0.00389521
6634.47998 0.0039143
6635.10986 0.00393317
6635.75977 0.00395227
6636.39990 0.00397137
6637.02979 0.00399025
6637.66992 0.00400937
6638.31006 0.00402839
6638.95020 0.00404741
6639.58984 0.00406654
6640.22998 0.00408557
6640.87012 0.00410467
6641.50977 0.00412368
6642.14014 0.00414257
6642.77979 0.00416169
6643.41992 0.00418083
6644.06006 0.00419975
6644.70020 0.00421889
6645.33984 0.00423804
6645.97998 0.00425697
6646.62012 0.00427613
6647.25977 0.00429519
6647.89990 0.00431437
6648.54004 0.00433344
6649.18018 0.00435251
6649.81982 0.00437171
6650.45996 0.00439069
6651.10010 0.00440953
6651.74023 0.00442858
6652.37988 0.00444766
6653.02002 0.00446672
6653.66016 0.00448559
6654.29980 0.00450456
6654.93994 0.00452365
6655.58008 0.00454262
6656.22021 0.00456161
6656.85986 0.0045807
6657.50000 0.0045997
6658.14014 0.00461859
6658.77979 0.00463771
6659.43018 0.00465683
6660.06982 0.00467598
6660.70020 0.00469529
6661.35010 0.00471482
6661.99023 0.00473438
6662.62988 0.00475371
6663.27002 0.00477316
6663.91016 0.00479273
6664.54980 0.0048122
6665.18994 0.00483166
6665.83984 0.00485126
6666.47998 0.00487076
6667.12012 0.00489036
6667.75977 0.00490975
6668.39990 0.00492938
6669.04980 0.004949
6669.68018 0.00496843
6670.33008 0.00498781
6670.97021 0.00500694
6671.60986 0.00502586
6672.25977 0.00504499
6672.89990 0.00506403
6673.54004 0.00508307
6674.18018 0.00510223
6674.81982 0.00512127
6675.45996 0.00514032
6676.10986 0.00515948
6676.75000 0.00517843
6677.39014 0.00519761
6678.04004 0.00521678
6678.68018 0.00523573
6679.31982 0.00525492
6679.97021 0.00527412
6680.60010 0.00529356
6681.25000 0.00531326
6681.89014 0.00533285
6682.52979 0.00535246
6683.18018 0.00537218
6683.81982 0.0053918
6684.45996 0.00541144
6685.10986 0.00543117
6685.75000 0.00545071
6686.39014 0.00547047
6687.04004 0.00549024
6687.68018 0.0055098
6688.31982 0.00552958
6688.97021 0.00554926
6689.60986 0.00556895
6690.25977 0.00558867
6690.89990 0.00560813
6691.54980 0.00562772
6692.18994 0.0056472
6692.83008 0.00566657
6693.47998 0.00568618
6694.12012 0.00570578
6694.75977 0.00572518
6695.41016 0.00574481
6696.06006 0.00576444
6696.68994 0.00578386
6697.33984 0.0058035
6697.97998 0.00582305
6698.62988 0.00584269
6699.27979 0.00586223
6699.91992 0.00588178
6700.56982 0.00590126
6701.20996 0.00592061
6701.85010 0.00593984
6702.50000 0.0059593
6703.14990 0.00597876
6703.79004 0.00599824
6704.43018 0.00601748
6705.08008 0.00603696
6705.72998 0.00605634
6706.37012 0.00607573
6707.02002 0.0060951
6707.66016 0.00611462
6708.31006 0.006134
6708.95020 0.00615339
6709.60010 0.00617279
6710.24023 0.00619254
6710.89014 0.00621267
6711.52979 0.00623257
6712.18018 0.00625271
6712.83008 0.00627286
6713.47021 0.0062928
6714.12012 0.00631296
6714.77002 0.00633303
6715.41016 0.0063531
6716.06006 0.00637318
6716.70996 0.00639338
6717.35010 0.00641347
6718.00000 0.0064337
6718.64014 0.00645369
6719.29004 0.00647393
6719.93994 0.00649417
6720.58008 0.00651387
6721.22998 0.00653376
6721.87988 0.00655365
6722.52002 0.00657332
6723.16992 0.00659322
6723.81982 0.00661301
6724.45996 0.00663282
6725.10986 0.00665275
6725.75977 0.00667256
6726.41016 0.00669239
6727.06006 0.00671235
6727.70020 0.00673206
6728.35010 0.00675202
6729.00000 0.00677198
6729.64014 0.00679172
6730.29004 0.00681154
6730.93994 0.00683115
6731.58984 0.00685055
6732.24023 0.00687019
6732.87988 0.00688971
6733.52979 0.00690925
6734.18018 0.00692888
6734.83008 0.00694841
6735.47021 0.00696795
6736.12012 0.0069876
6736.77002 0.00700704
6737.41992 0.0070267
6738.06982 0.00704638
6738.70996 0.00706582
6739.35986 0.00708549
6740.00977 0.00710506
6740.66016 0.00712489
6741.31006 0.0071448
6741.95996 0.00716461
6742.60986 0.00718454
6743.25977 0.00720437
6743.91016 0.00722423
6744.56006 0.00724406
6745.20996 0.007264
6745.85010 0.00728375
6746.50000 0.00730371
6747.14990 0.00732368
6747.79980 0.00734345
6748.45020 0.00736343
6749.10010 0.0073833
6749.75000 0.0074033
6750.39990 0.00742348
6751.04980 0.00744384
6751.70020 0.00746432
6752.35010 0.00748468
6752.99023 0.00750494
6753.64990 0.00752546
6754.29980 0.00754597
6754.95020 0.00756648
6755.60010 0.00758678
6756.25000 0.00760732
6756.89990 0.00762775
6757.54980 0.00764819
6758.20020 0.00766864
6758.85010 0.00768921
6759.50000 0.00770967
6760.14990 0.00772989
6760.79980 0.00774943
6761.45020 0.00776883
6762.10010 0.00778835
6762.75000 0.00780766
6763.39990 0.00782718
6764.06006 0.00784672
6764.70020 0.00786603
6765.35986 0.00788557
6766.00977 0.007905
6766.66016 0.00792443
6767.31006 0.00794385
6767.95996 0.00796341
6768.60986 0.00798283
6769.27002 0.00800239
6769.91016 0.00802172
6770.56982 0.00804199
6771.22021 0.00806238
6771.87012 0.00808254
6772.52002 0.00810294
6773.18018 0.00812336
6773.81982 0.00814353
6774.47998 0.00816395
6775.12988 0.00818426
6775.77979 0.00820457
6776.43994 0.00822501
6777.08984 0.00824535
6777.74023 0.00826568
6778.39014 0.00828613
6779.04004 0.00830636
6779.68994 0.00832684
6780.35010 0.00834727
6781.00000 0.00836746
6781.64990 0.00838789
6782.31006 0.00840832
6782.95996 0.00842852
6783.60986 0.00844895
6784.25977 0.00846928
6784.91016 0.00848963
6785.56982 0.00851007
6786.22021 0.00853041
6786.87988 0.00855078
6787.52979 0.00857125
6788.18018 0.0085915
6788.83008 0.00861198
6789.49023 0.00863247
6790.14014 0.00865268
6790.79980 0.00867289
6791.45020 0.0086931
6792.10010 0.00871309
6792.75977 0.0087333
6793.41016 0.00875339
6794.06006 0.00877363
6794.72021 0.00879375
6795.37012 0.00881388
6796.02979 0.00883411
6796.68018 0.00885423
6797.33008 0.00887425
6797.99023 0.00889451
6798.64014 0.00891477
6799.29004 0.00893482
6799.95020 0.00895508
6800.60010 0.00912928
6801.25977 0.00931747
6801.91016 0.00950456
6802.56982 0.00969167
6803.22998 0.00988008
6803.87988 0.0100673
6804.52979 0.0102535
6805.18994 0.010442
6805.83984 0.0106303
6806.50000 0.0108189
6807.14990 0.0110053
6807.81006 0.0111939
6808.47021 0.0113825
6809.12012 0.0115691
6809.77002 0.0117568
6810.43018 0.0119845
6811.08008 0.0122316
6811.74023 0.0124786
6812.39990 0.0127272
6813.04980 0.0129743
6813.70996 0.013223
6814.35986 0.0134688
6815.02002 0.0137177
6815.68018 0.0139664
6816.33008 0.0142125
6816.99023 0.0144615
6817.64990 0.0147104
6818.29980 0.0149566
6818.95020 0.0152041
6819.60986 0.0154534
6820.27002 0.0157457
6820.91992 0.0161063
6821.58008 0.0164649
6822.22998 0.0168235
6822.89014 0.0171843
6823.54980 0.0175412
6824.20996 0.0179025
6824.85986 0.0182635
6825.52002 0.0186206
6826.18018 0.0189821
6826.83984 0.0193437
6827.49023 0.019701
6828.14990 0.0200627
6828.79980 0.0204226
6829.45996 0.0207826
6830.12012 0.0211558
6830.77979 0.0215775
6831.43018 0.0219993
6832.08984 0.0224237
6832.74023 0.0228432
6833.39990 0.0232681
6834.06006 0.0236928
6834.72021 0.0241128
6835.37988 0.0245376
6836.02979 0.0249603
6836.68994 0.025383
6837.35010 0.0258084
6838.00977 0.0262316
6838.66992 0.0266545
6839.33008 0.0270801
6839.97998 0.0275011
6840.64014 0.0280468
6841.29980 0.0285961
6841.95996 0.0291391
6842.62012 0.0296885
6843.27979 0.0302379
6843.93018 0.0307814
6844.58984 0.0313309
6845.25000 0.0318776
6845.91016 0.0324277
6846.56982 0.0329745
6847.22998 0.0335213
6847.89014 0.0340715
6848.54980 0.0346184
6849.20020 0.0351625
6849.85986 0.0357126
6850.52002 0.0363752
6851.18018 0.0370588
6851.83984 0.0377506
6852.50000 0.0384426
6853.16016 0.0391306
6853.81982 0.0398193
6854.47998 0.0405075
6855.14014 0.0412005
6855.79980 0.0418889
6856.45996 0.042578
6857.12012 0.0432672
6857.77979 0.0439606
6858.43994 0.0446541
6859.10010 0.0453401
6859.75977 0.0460343
6860.41992 0.0468185
6861.08008 0.0476447
6861.74023 0.0484809
6862.39990 0.0493124
6863.06006 0.0501441
6863.72021 0.0509767
6864.37988 0.0518137
6865.04004 0.0526466
6865.70996 0.0534841
6866.35986 0.0543125
6867.02002 0.055151
6867.68994 0.0559897
6868.35010 0.0568193
6869.00977 0.0576584
6869.66992 0.0584977
6870.33008 0.0594821
6870.99023 0.0606276
6871.64990 0.06178
6872.31006 0.0629258
6872.97998 0.0640786
6873.64014 0.0652248
6874.29980 0.0663712
6874.95996 0.0675253
6875.62012 0.0686661
6876.27979 0.0698197
6876.95020 0.0709744
6877.60010 0.0721165
6878.27002 0.0732715
6878.93018 0.0744265
6879.58984 0.0755682
6880.25977 0.0768219
6880.91992 0.0782243
6881.58008 0.0796268
6882.24023 0.0810367
6882.89990 0.0824408
6883.56006 0.083844
6884.22998 0.0852558
6884.89014 0.0866524
6885.54980 0.0880647
6886.22021 0.0894784
6886.87988 0.0908756
6887.54004 0.0922896
6888.20020 0.0936956
6888.85986 0.0951019
6889.52979 0.0965179
6890.18994 0.0978974
6890.85010 0.0992108
6891.52002 0.100532
6892.18018 0.101846
6892.83984 0.10316
6893.50977 0.104481
6894.16992 0.105788
6894.83984 0.10711
6895.50000 0.108433
6896.16016 0.10974
6896.83008 0.111064
6897.49023 0.11238
6898.14990 0.113703
6898.81982 0.115019
6899.47998 0.116335
6900.14990 0.11779
6900.81006 0.119692
6901.47021 0.121582
6902.14014 0.123494
6902.79980 0.125407
6903.45996 0.127299
6904.12988 0.129213
6904.79980 0.131127
6905.45996 0.133032
6906.12012 0.134935
6906.79004 0.13684
6907.45020 0.138757
6908.12012 0.140662
6908.77979 0.142568
6909.45020 0.144487
6910.10986 0.146336
6910.77979 0.147915
6911.43994 0.149477
6912.10986 0.151059
6912.77979 0.152641
6913.43994 0.154205
6914.10010 0.155789
6914.77002 0.157363
6915.43018 0.158938
6916.10010 0.160514
6916.77002 0.1621
6917.43018 0.163677
6918.10010 0.165264
6918.75977 0.166842
6919.43018 0.168421
6920.10010 0.170091
6920.75977 0.172204
6921.43018 0.174344
6922.10010 0.176484
6922.75977 0.178599
6923.41992 0.180727
6924.08984 0.182868
6924.75977 0.184996
6925.43018 0.187139
6926.08984 0.189268
6926.75977 0.191398
6927.43018 0.193541
6928.08984 0.195672
6928.75977 0.197804
6929.43018 0.199948
6930.08984 0.202096
6930.75977 0.204448
6931.43018 0.206803
6932.08984 0.20913
6932.75977 0.211485
6933.43018 0.213826
6934.08984 0.216167
6934.75977 0.218522
6935.43018 0.220865
6936.08984 0.223207
6936.77002 0.225563
6937.43018 0.227893
6938.10010 0.23025
6938.77002 0.232607
6939.43018 0.234938
6940.10010 0.2373
6940.77002 0.239677
6941.43994 0.242028
6942.10010 0.244406
6942.77002 0.246773
6943.43994 0.249141
6944.10986 0.251523
6944.77979 0.253891
6945.45020 0.256273
6946.12012 0.258643
6946.77979 0.261001
6947.45020 0.263384
6948.12012 0.265769
6948.79004 0.26813
6949.45996 0.270517
6950.12012 0.272964
6950.79980 0.27575
6951.45996 0.278521
6952.12988 0.281292
6952.79980 0.28408
6953.47021 0.286851
6954.14014 0.289622
6954.81006 0.292393
6955.47998 0.29518
6956.14990 0.297937
6956.81982 0.300726
6957.49023 0.303513
6958.16016 0.306302
6958.83008 0.309059
6959.49023 0.311833
6960.16992 0.314712
6960.83984 0.317845
6961.50000 0.320981
6962.18018 0.324135
6962.85010 0.327271
6963.52002 0.330407
6964.18018 0.333543
6964.85986 0.336697
6965.52979 0.339851
6966.18994 0.342971
6966.87012 0.346126
6967.54004 0.349282
6968.20996 0.352402
6968.87988 0.35554
6969.54980 0.358697
6970.22021 0.36154
6970.89014 0.363785
6971.56006 0.366019
6972.22998 0.368252
6972.91016 0.370499
6973.56982 0.372721
6974.25000 0.374969
6974.91992 0.377217
6975.58984 0.379441
6976.25977 0.38169
6976.93994 0.38394
6977.60010 0.386165
6978.27002 0.388416
6978.95020 0.390654
6979.62012 0.392892
6980.29004 0.395341
6980.95996 0.398039
6981.62988 0.400735
6982.31006 0.40345
6982.97021 0.406133
6983.64990 0.408849
6984.31982 0.411566
6984.99023 0.414251
6985.66016 0.416969
6986.33984 0.419673
6987.00977 0.422376
6987.68018 0.425098
6988.35010 0.427805
6989.02002 0.430512
6989.70020 0.433236
6990.37012 0.436115
6991.04004 0.439177
6991.72021 0.442238
6992.39014 0.445267
6993.06006 0.448332
6993.74023 0.451398
6994.41016 0.454428
6995.08008 0.457494
6995.75000 0.460543
6996.43018 0.463594
6997.10010 0.466661
6997.77002 0.469714
6998.45020 0.472785
6999.12012 0.475838
6999.79004 0.478874
7000.47021 0.48202
7001.14990 0.485201
7001.81006 0.488344
7002.49023 0.491525
7003.16992 0.494707
7003.83984 0.497871
7004.50977 0.501033
7005.18994 0.504195
7005.85986 0.507376
7006.54004 0.510541
7007.20996 0.513704
7007.87988 0.516869
7008.56006 0.520052
7009.22998 0.523198
7009.91016 0.526381
7010.58008 0.528955
7011.25977 0.531434
7011.93018 0.533884
7012.60986 0.536362
7013.27979 0.538826
7013.95996 0.541289
7014.62988 0.543753
7015.31006 0.546232
7015.97998 0.548697
7016.64990 0.551163
7017.33008 0.553627
7018.00977 0.556108
7018.68994 0.558589
7019.35986 0.561041
7020.02979 0.563512
7020.70996 0.565794
7021.37988 0.568051
7022.06006 0.57032
7022.74023 0.572603
7023.41016 0.574873
7024.08984 0.577156
7024.77002 0.57943
7025.43994 0.581701
7026.12012 0.583985
7026.79004 0.586245
7027.47021 0.58853
7028.14990 0.590818
7028.81982 0.593078
7029.50000 0.595365
7030.18018 0.597766
7030.85010 0.600458
7031.52979 0.603181
7032.20020 0.605891
7032.87988 0.6086
7033.56006 0.611324
7034.22998 0.614035
7034.91016 0.616745
7035.58984 0.619474
7036.25977 0.622169
7036.93994 0.624895
7037.62012 0.627624
7038.29004 0.630322
7038.97998 0.633053
7039.64990 0.635766
7040.33008 0.638011
7041.00977 0.639765
7041.68018 0.64151
7042.35986 0.643256
7043.04004 0.645011
7043.72021 0.646755
7044.39014 0.648501
7045.06982 0.650256
7045.75000 0.651991
7046.43018 0.653748
7047.10986 0.655503
7047.77979 0.657239
7048.45996 0.658996
7049.14014 0.660741
7049.81982 0.662487
7050.50000 0.664413
7051.18018 0.666392
7051.85986 0.668381
7052.54004 0.67036
7053.20996 0.672326
7053.89014 0.674316
7054.56982 0.676307
7055.25000 0.678275
7055.93018 0.680265
7056.60986 0.682257
7057.29004 0.684237
7057.97021 0.686217
7058.64014 0.688196
7059.33008 0.690188
7060.00000 0.692171
7060.68018 0.694404
7061.35986 0.696651
7062.04004 0.698883
7062.72021 0.701105
7063.39990 0.70335
7064.08008 0.705597
7064.77002 0.707844
7065.43994 0.710065
7066.12012 0.712311
7066.79980 0.714546
7067.47998 0.716779
7068.16016 0.719013
