threeML/data/optical_filters/HST/ACS_HRC-F555W.ecsv
# %ECSV 0.9
# ---
# datatype:
# - {name: wavelength, unit: Angstrom, datatype: float32}
# - {name: response, datatype: float32}
# meta: !!omap
# - {band_name: F555W}
# - {group_name: ACS_HRC}
wavelength response
[from data line 792]
4978.33984 0.852478
4978.89014 0.853827
4979.43994 0.855187
4979.99023 0.856548
4980.54004 0.856809
4981.08984 0.857052
4981.64014 0.857298
4982.18994 0.857541
4982.74023 0.857785
4983.29004 0.858026
4983.83984 0.858271
4984.39014 0.858514
4984.93994 0.858759
4985.49023 0.859003
4986.04004 0.859246
4986.58984 0.859488
4987.14014 0.859733
4987.68994 0.859976
4988.24023 0.860218
4988.79980 0.860463
4989.35010 0.860708
4989.89990 0.860951
4990.45020 0.861662
4991.00000 0.862479
4991.54980 0.863289
4992.10010 0.864108
4992.64990 0.86492
4993.20996 0.86574
4993.75977 0.866555
4994.31006 0.867371
4994.85986 0.86819
4995.41016 0.869003
4995.97021 0.869825
4996.50977 0.870639
4997.06982 0.871461
4997.62012 0.872276
4998.16992 0.873099
4998.72021 0.873917
4999.27002 0.874736
4999.83008 0.875562
5000.37988 0.876351
5000.93018 0.877118
5001.47998 0.877888
5002.02979 0.878659
5002.58984 0.879434
5003.14990 0.880209
5003.68994 0.880976
5004.25000 0.881751
5004.79980 0.882519
5005.35010 0.883296
5005.91016 0.884069
5006.45996 0.884842
5007.00977 0.885612
5007.56006 0.886389
5008.12012 0.887166
5008.66992 0.887935
5009.22021 0.888714
5009.77979 0.889491
5010.33008 0.890101
5010.87988 0.890604
5011.43994 0.89111
5011.99023 0.891615
5012.54980 0.892122
5013.10010 0.892624
5013.64990 0.89313
5014.20020 0.893633
5014.75977 0.894141
5015.31982 0.894649
5015.87012 0.895151
5016.41992 0.895656
5016.97021 0.89616
5017.52979 0.896668
5018.08008 0.897172
5018.64014 0.897678
5019.18994 0.89819
5019.74023 0.898693
5020.29980 0.899017
5020.85986 0.899182
5021.41016 0.899347
5021.97021 0.899512
5022.52002 0.899678
5023.06982 0.899844
5023.62988 0.900009
5024.18018 0.900174
5024.74023 0.90034
5025.29004 0.900505
5025.85010 0.90067
5026.39990 0.900836
5026.95996 0.901003
5027.50977 0.901167
5028.06982 0.901332
5028.62012 0.901497
5029.18018 0.901663
5029.74023 0.90183
5030.29004 0.90224
5030.85010 0.902862
5031.39990 0.903487
5031.95996 0.904114
5032.52002 0.904742
5033.06982 0.905371
5033.62988 0.905995
5034.18018 0.906625
5034.74023 0.907249
5035.29980 0.90788
5035.85010 0.908507
5036.41016 0.909136
5036.95996 0.909761
5037.52002 0.910392
5038.08008 0.911024
5038.62988 0.911649
5039.18994 0.912281
5039.75000 0.912913
5040.29980 0.9131
5040.85986 0.91292
5041.41016 0.912739
5041.97021 0.912557
5042.52979 0.912374
5043.08984 0.912193
5043.64990 0.91201
5044.20020 0.911828
5044.75977 0.911646
5045.31982 0.911463
5045.87012 0.911281
5046.43018 0.911098
5046.97998 0.910916
5047.54980 0.910731
5048.10010 0.910548
5048.66016 0.910365
5049.22021 0.910179
5049.77002 0.909998
5050.33008 0.910336
5050.89014 0.911025
5051.45020 0.91172
5052.00977 0.912414
5052.56006 0.913105
5053.12012 0.913803
5053.68018 0.914494
5054.24023 0.915187
5054.79980 0.915884
5055.35010 0.916575
5055.91016 0.91727
5056.47021 0.917965
5057.02979 0.918662
5057.58984 0.919354
5058.14014 0.920049
5058.70020 0.920746
5059.25977 0.921442
5059.81982 0.922141
5060.37988 0.921919
5060.93994 0.921267
5061.50000 0.920618
5062.06006 0.919969
5062.62012 0.919317
5063.18018 0.918667
5063.74023 0.918016
5064.29980 0.917361
5064.85010 0.916712
5065.41992 0.916057
5065.97021 0.915409
5066.52979 0.914753
5067.08984 0.914104
5067.64990 0.913447
5068.20996 0.912793
5068.77002 0.912138
5069.33008 0.911483
5069.89014 0.910829
5070.45020 0.911038
5071.00977 0.911457
5071.56982 0.911876
5072.12988 0.912297
5072.70020 0.912719
5073.25000 0.913137
5073.81006 0.913558
5074.37988 0.913979
5074.93994 0.914399
5075.49023 0.914816
5076.06006 0.915237
5076.62012 0.915658
5077.18018 0.916079
5077.74023 0.916501
5078.29980 0.91692
5078.85986 0.917341
5079.41992 0.917764
5079.97998 0.918186
5080.54004 0.917668
5081.10010 0.917121
5081.66016 0.916568
5082.22998 0.916014
5082.79004 0.915468
5083.35010 0.914913
5083.91016 0.91436
5084.47021 0.913807
5085.02979 0.913257
5085.60010 0.912701
5086.16016 0.912149
5086.72021 0.911595
5087.27979 0.91104
5087.83984 0.910489
5088.39990 0.909934
5088.97021 0.909377
5089.52979 0.908821
5090.08984 0.908331
5090.64990 0.908191
5091.22021 0.908049
5091.77979 0.907908
5092.33984 0.907766
5092.89990 0.907623
5093.47021 0.90748
5094.02979 0.907338
5094.58984 0.907197
5095.14990 0.907056
5095.72021 0.906911
5096.27979 0.906768
5096.83984 0.906625
5097.39990 0.906483
5097.97021 0.90634
5098.52979 0.906196
5099.08984 0.906053
5099.64990 0.90591
5100.22021 0.905747
5100.77979 0.905552
5101.35010 0.905358
5101.91016 0.905165
5102.47998 0.90497
5103.04004 0.904775
5103.60010 0.904583
5104.16016 0.904388
5104.72998 0.904191
5105.29004 0.903997
5105.85010 0.903805
5106.41992 0.903608
5106.97998 0.903411
5107.54980 0.903217
5108.10986 0.903022
5108.66992 0.902826
5109.24023 0.90263
5109.79980 0.902435
5110.37012 0.902392
5110.93018 0.902431
5111.50000 0.902471
5112.06006 0.902512
5112.62988 0.902551
5113.18994 0.902591
5113.75977 0.902632
5114.31982 0.902672
5114.89014 0.902711
5115.45020 0.902749
5116.02002 0.902787
5116.58008 0.902828
5117.14990 0.902869
5117.70996 0.902907
5118.27002 0.902945
5118.83984 0.902984
5119.39990 0.903023
5119.97021 0.903062
5120.54004 0.9031
5121.10010 0.903138
5121.66992 0.903176
5122.22998 0.903215
5122.79980 0.903255
5123.37012 0.903293
5123.93018 0.903329
5124.50000 0.903368
5125.06006 0.903406
5125.62988 0.903443
5126.20020 0.90348
5126.75977 0.90352
5127.33008 0.903558
5127.89990 0.903594
5128.45996 0.903632
5129.02002 0.903669
5129.58984 0.903707
5130.16016 0.903714
5130.72998 0.903646
5131.29980 0.903578
5131.85986 0.903511
5132.43018 0.903444
5133.00000 0.903377
5133.56982 0.903309
5134.12988 0.903241
5134.70020 0.903173
5135.27002 0.903104
5135.83008 0.903036
5136.39990 0.902968
5136.97021 0.9029
5137.52979 0.902831
5138.10010 0.902762
5138.66016 0.902693
5139.22998 0.902624
5139.79980 0.902555
5140.37012 0.902513
5140.93994 0.902487
5141.50977 0.902459
5142.06982 0.902432
5142.64014 0.902404
5143.20996 0.902376
5143.77979 0.902346
5144.35010 0.902318
5144.91992 0.90229
5145.47998 0.902261
5146.04980 0.902232
5146.62012 0.902204
5147.18994 0.902175
5147.75977 0.902147
5148.31982 0.902119
5148.89014 0.90209
5149.45996 0.902061
5150.02979 0.90204
5150.60010 0.902187
5151.16992 0.902335
5151.74023 0.902482
5152.31006 0.902631
5152.87988 0.902779
5153.43994 0.902927
5154.02002 0.903076
5154.58984 0.903221
5155.14990 0.903367
5155.72021 0.903516
5156.29004 0.903664
5156.85986 0.903812
5157.43018 0.903958
5158.00000 0.904105
5158.56982 0.904252
5159.14014 0.9044
5159.70996 0.904548
5160.27979 0.904849
5160.85010 0.905307
5161.41992 0.905766
5161.99023 0.906228
5162.56006 0.906687
5163.12988 0.907146
5163.70020 0.907604
5164.27002 0.908065
5164.83984 0.908525
5165.41016 0.908986
5165.97998 0.909448
5166.56006 0.909907
5167.12012 0.910365
5167.68994 0.910825
5168.27002 0.911288
5168.83984 0.91175
5169.39990 0.912207
5169.97998 0.912669
5170.54980 0.913263
5171.12012 0.913862
5171.68994 0.914466
5172.25977 0.915065
5172.83008 0.915665
5173.39990 0.916265
5173.97998 0.916868
5174.54980 0.917468
5175.12012 0.918068
5175.68994 0.918673
5176.25977 0.919274
5176.83008 0.919872
5177.39990 0.920474
5177.97998 0.921079
5178.54980 0.92168
5179.12012 0.922282
5179.68994 0.922885
5180.25977 0.923202
5180.83984 0.923185
5181.41016 0.923168
5181.97998 0.923151
5182.54980 0.923133
5183.12012 0.923115
5183.70020 0.923098
5184.27002 0.92308
5184.85010 0.923062
5185.41992 0.923043
5185.99023 0.923023
5186.56006 0.923006
5187.14014 0.922989
5187.70996 0.922971
5188.27979 0.922952
5188.85010 0.922934
5189.43018 0.922915
5190.00000 0.922896
5190.56982 0.92354
5191.14990 0.924189
5191.72021 0.924834
5192.29004 0.92548
5192.87012 0.926126
5193.43994 0.926776
5194.02002 0.927423
5194.58984 0.928069
5195.16016 0.928719
5195.74023 0.929366
5196.31006 0.930013
5196.87988 0.93066
5197.45996 0.93131
5198.02979 0.931954
5198.60010 0.932603
5199.18018 0.933255
5199.75977 0.933902
5200.33008 0.934189
5200.89990 0.934207
5201.47998 0.934225
5202.04980 0.934244
5202.62988 0.934262
5203.20020 0.934279
5203.77979 0.934295
5204.35010 0.934313
5204.93018 0.93433
5205.50000 0.934348
5206.08008 0.934365
5206.64990 0.934382
5207.22998 0.934399
5207.79980 0.934416
5208.37988 0.934433
5208.95020 0.934452
5209.52979 0.934467
5210.10010 0.934572
5210.68018 0.935089
5211.25000 0.935606
5211.83008 0.936124
5212.39990 0.936643
5212.97998 0.93716
5213.56006 0.937678
5214.12988 0.938195
5214.70996 0.938716
5215.27979 0.939234
5215.85986 0.939751
5216.43994 0.940268
5217.00977 0.940788
5217.58984 0.941307
5218.16992 0.941825
5218.74023 0.942343
5219.31982 0.942861
5219.89014 0.94338
5220.47021 0.943588
5221.04980 0.943724
5221.62012 0.94386
5222.20020 0.943997
5222.77979 0.944132
5223.35010 0.944268
5223.93018 0.944403
5224.50977 0.94454
5225.08984 0.944677
5225.66016 0.944813
5226.24023 0.944949
5226.81982 0.945085
5227.39990 0.94522
5227.97021 0.945355
5228.54980 0.945493
5229.12988 0.945629
5229.70020 0.945766
5230.27979 0.94606
5230.85986 0.946519
5231.43018 0.946974
5232.02002 0.947434
5232.58984 0.947894
5233.16992 0.948353
5233.74023 0.948809
5234.33008 0.949273
5234.89990 0.949732
5235.47998 0.950191
5236.06006 0.950653
5236.64014 0.951114
5237.22021 0.951574
5237.79980 0.952033
5238.37988 0.952495
5238.95020 0.952952
5239.52979 0.953413
5240.10986 0.953728
5240.68994 0.953425
5241.27002 0.953123
5241.85010 0.952821
5242.43018 0.952517
5243.00000 0.952212
5243.58008 0.951909
5244.16016 0.951604
5244.74023 0.951299
5245.31982 0.950995
5245.89990 0.95069
5246.47998 0.950386
5247.06006 0.950081
5247.64014 0.949774
5248.22021 0.949467
5248.79980 0.949162
5249.37988 0.948857
5249.95996 0.94855
5250.54004 0.948535
5251.12012 0.948541
5251.70020 0.948549
5252.27979 0.948556
5252.85986 0.948563
5253.43994 0.948569
5254.02002 0.948574
5254.60010 0.948581
5255.18018 0.948588
5255.75977 0.948594
5256.33984 0.9486
5256.91992 0.948606
5257.50000 0.948612
5258.08984 0.948619
5258.66016 0.948623
5259.24023 0.948629
5259.83008 0.948635
5260.41016 0.94877
5260.99023 0.948961
5261.56982 0.949154
5262.14990 0.949346
5262.72998 0.949537
5263.31006 0.949729
5263.89014 0.949922
5264.47021 0.950112
5265.04980 0.950302
5265.64014 0.950495
5266.22021 0.950687
5266.79980 0.950878
5267.37988 0.95107
5267.97021 0.951263
5268.54980 0.951454
5269.12988 0.951644
5269.70996 0.951837
5270.29004 0.951843
5270.87012 0.951666
5271.45996 0.951488
5272.04004 0.95131
5272.62012 0.951132
5273.20020 0.950954
5273.77979 0.950776
5274.37012 0.950599
5274.95020 0.950421
5275.52979 0.950243
5276.12012 0.950063
5276.70020 0.949883
5277.27979 0.949703
5277.87012 0.949525
5278.43994 0.949347
5279.02979 0.949166
5279.62012 0.948986
5280.20020 0.948628
5280.77979 0.947929
5281.35986 0.947229
5281.95020 0.946529
5282.52979 0.945826
5283.10986 0.945123
5283.70020 0.944419
5284.27979 0.943722
5284.85986 0.943021
5285.45020 0.942313
5286.02979 0.941608
5286.60986 0.940906
5287.20020 0.940199
5287.77979 0.939495
5288.35986 0.938793
5288.95020 0.938085
5289.54004 0.937375
5290.12012 0.936871
5290.70996 0.93713
5291.29004 0.937391
5291.87012 0.937648
5292.45996 0.937906
5293.04004 0.938164
5293.62988 0.938423
5294.20996 0.938679
5294.79004 0.938937
5295.37988 0.939196
5295.97021 0.939454
5296.54980 0.939711
5297.14014 0.939972
5297.72021 0.940233
5298.31006 0.940491
5298.89014 0.940748
5299.47998 0.941008
5300.06006 0.941174
5300.64990 0.940595
5301.24023 0.940012
5301.81982 0.939433
5302.39990 0.938851
5302.99023 0.938269
5303.58008 0.937684
5304.16016 0.937106
5304.75000 0.93652
5305.33008 0.935937
5305.91992 0.935353
5306.50000 0.934769
5307.08984 0.934185
5307.68018 0.933598
5308.25977 0.933014
5308.85010 0.932428
5309.43994 0.931839
5310.02002 0.93128
5310.60986 0.931351
5311.20020 0.931422
5311.77979 0.93149
5312.37012 0.93156
5312.95020 0.931631
5313.54004 0.931701
5314.12988 0.931771
5314.72021 0.931842
5315.31006 0.931912
5315.89014 0.931981
5316.47998 0.932051
5317.06006 0.932122
5317.64990 0.932192
5318.24023 0.93226
5318.83008 0.932329
5319.41992 0.932398
5320.00000 0.932468
5320.58984 0.931937
5321.18018 0.931404
5321.77002 0.930871
5322.35010 0.93034
5322.93994 0.929813
5323.52979 0.929279
5324.12012 0.928747
5324.70020 0.928214
5325.29004 0.927679
5325.87988 0.927149
5326.47021 0.926616
5327.06006 0.926079
5327.64990 0.925547
5328.22998 0.925015
5328.81982 0.924479
5329.41016 0.923942
5330.00000 0.923408
5330.58984 0.923735
5331.18018 0.924065
5331.77002 0.924393
5332.35986 0.924721
5332.93994 0.925048
5333.52979 0.925379
5334.12012 0.925709
5334.70996 0.926035
5335.29980 0.926365
5335.89014 0.926692
5336.47998 0.927023
5337.06982 0.927352
5337.66016 0.92768
5338.24023 0.928007
5338.83984 0.928337
5339.43018 0.928668
5340.02002 0.928976
5340.60986 0.928629
5341.20020 0.928279
5341.77979 0.927931
5342.37988 0.92758
5342.97021 0.927229
5343.56006 0.92688
5344.14990 0.926529
5344.74023 0.926181
5345.33008 0.925829
5345.91992 0.92548
5346.50977 0.925128
5347.10010 0.924775
5347.68994 0.924426
5348.27979 0.924075
5348.87012 0.923725
5349.45996 0.923371
5350.04980 0.923056
5350.64014 0.923128
5351.24023 0.923199
5351.81982 0.92327
5352.41992 0.923339
5353.00977 0.923409
5353.60010 0.92348
5354.18994 0.923551
5354.77979 0.923622
5355.37012 0.923693
5355.97021 0.923763
5356.56006 0.923833
5357.14990 0.923904
5357.74023 0.923972
5358.33008 0.924042
5358.91992 0.924114
5359.52002 0.924185
5360.10010 0.924241
5360.70020 0.924233
5361.29004 0.924223
5361.87988 0.924214
5362.47998 0.924206
5363.06982 0.924198
5363.66016 0.92419
5364.25000 0.92418
5364.83984 0.92417
5365.43994 0.924161
5366.02979 0.924153
5366.62012 0.924143
5367.22021 0.924133
5367.81006 0.924123
5368.39990 0.924115
5368.99023 0.924107
5369.58984 0.924097
5370.18018 0.924305
5370.77002 0.92503
5371.37012 0.925756
5371.95996 0.926478
5372.54980 0.927199
5373.14990 0.927924
5373.74023 0.928643
5374.33984 0.929367
5374.93018 0.930089
5375.52002 0.930812
5376.12012 0.93154
5376.70996 0.932258
5377.29980 0.932986
5377.89990 0.933707
5378.49023 0.934434
5379.08984 0.935161
5379.68018 0.935883
5380.27002 0.936336
5380.85986 0.936466
5381.45996 0.936598
5382.04980 0.936729
5382.64990 0.936862
5383.25000 0.936995
5383.83984 0.937126
5384.43994 0.937258
5385.02979 0.937389
5385.62988 0.937523
5386.22021 0.937655
5386.81006 0.937786
5387.41016 0.937918
5388.00000 0.938048
5388.60010 0.938182
5389.20020 0.938315
5389.79004 0.938444
5390.39014 0.938752
5390.97998 0.939155
5391.56982 0.939563
5392.16992 0.939966
5392.77002 0.940372
5393.35986 0.940778
5393.95996 0.941181
5394.54980 0.941589
5395.14990 0.941994
5395.74023 0.9424
5396.33984 0.942808
5396.93994 0.943212
5397.52979 0.943621
5398.12988 0.944029
5398.72998 0.944433
5399.31982 0.944841
5399.91992 0.945245
5400.52002 0.945467
5401.10986 0.945658
5401.70996 0.945851
5402.29980 0.946043
5402.89990 0.946236
5403.50000 0.946428
5404.10010 0.946619
5404.68994 0.946812
5405.27979 0.947003
5405.87988 0.947196
5406.47998 0.94739
5407.08008 0.947582
5407.68018 0.947775
5408.27979 0.947969
5408.87012 0.948162
5409.47021 0.948355
5410.06006 0.948551
5410.66016 0.948803
5411.25977 0.94905
5411.85986 0.9493
5412.45996 0.949549
5413.04980 0.949799
5413.64990 0.950049
5414.25000 0.950297
5414.85010 0.950548
5415.43994 0.950797
5416.04004 0.951049
5416.64014 0.9513
5417.24023 0.951548
5417.83984 0.951801
5418.43994 0.95205
5419.04004 0.952299
5419.64014 0.952551
5420.22998 0.952968
5420.83008 0.95364
5421.43018 0.954308
5422.02979 0.954983
5422.62988 0.955659
5423.22998 0.956329
5423.83008 0.957004
5424.41992 0.957674
5425.02002 0.95835
5425.62012 0.959025
5426.22021 0.959699
5426.81982 0.960375
5427.41992 0.961046
5428.02002 0.961726
5428.62012 0.962403
5429.22021 0.963073
5429.81982 0.963753
5430.41992 0.964241
5431.02002 0.964644
5431.62012 0.965047
5432.22021 0.965454
5432.81982 0.965861
5433.41992 0.966265
5434.02002 0.966674
5434.62012 0.967078
5435.22021 0.967487
5435.81982 0.967896
5436.41992 0.968303
5437.02002 0.968708
5437.62012 0.969113
5438.22021 0.969522
5438.81982 0.969932
5439.41992 0.970337
5440.02979 0.970741
