threeML/data/optical_filters/HST/ACS_WFC-F435W_81.ecsv
# %ECSV 0.9
# ---
# datatype:
# - {name: wavelength, unit: Angstrom, datatype: float32}
# - {name: response, datatype: float32}
# meta: !!omap
# - {band_name: F435W_81}
# - {group_name: ACS_WFC}
wavelength response
[from data line 789]
3953.55005 0.563196
3954.05005 0.563917
3954.54004 0.564641
3955.04004 0.565369
3955.53003 0.566096
3956.03003 0.566827
3956.53003 0.567554
3957.02002 0.568284
3957.52002 0.569016
3958.01001 0.569746
3958.51001 0.57048
3959.01001 0.571212
3959.50000 0.571942
3960.00000 0.57268
3960.48999 0.573089
3960.98999 0.573497
3961.48999 0.573907
3961.97998 0.574314
3962.47998 0.574725
3962.97998 0.575134
3963.46997 0.575542
3963.96997 0.57595
3964.46997 0.576358
3964.95996 0.576767
3965.45996 0.577176
3965.95996 0.577587
3966.44995 0.577997
3966.94995 0.578405
3967.44995 0.578815
3967.93994 0.579224
3968.43994 0.579633
3968.93994 0.580044
3969.43994 0.580455
3969.93994 0.580864
3970.42993 0.581387
3970.92993 0.581928
3971.42993 0.582471
3971.91992 0.583011
3972.42993 0.583558
3972.91992 0.584098
3973.41992 0.584641
3973.91992 0.585186
3974.40991 0.585729
3974.90991 0.586275
3975.40991 0.58682
3975.90991 0.587365
3976.40991 0.587912
3976.90991 0.588458
3977.40991 0.589005
3977.89990 0.589551
3978.39990 0.590098
3978.89990 0.590649
3979.39990 0.591194
3979.89990 0.591742
3980.39990 0.592222
3980.89990 0.592681
3981.38989 0.59314
3981.88989 0.593598
3982.38989 0.59406
3982.88989 0.594517
3983.38989 0.594977
3983.88989 0.595441
3984.38989 0.5959
3984.88989 0.596358
3985.38989 0.596819
3985.88989 0.59728
3986.38989 0.597743
3986.88989 0.598203
3987.38989 0.598665
3987.88989 0.599126
3988.38989 0.599587
3988.88989 0.60005
3989.38989 0.600511
3989.87988 0.60097
3990.38989 0.601538
3990.88989 0.60213
3991.38989 0.602727
3991.88989 0.603322
3992.38989 0.603918
3992.88989 0.604516
3993.38989 0.605112
3993.88989 0.605713
3994.38989 0.606311
3994.88989 0.606909
3995.38989 0.607507
3995.88989 0.608107
3996.38989 0.608706
3996.88989 0.609311
3997.38989 0.60991
3997.89990 0.610514
3998.39990 0.611116
3998.89990 0.611718
3999.39990 0.61232
3999.89990 0.612922
4000.39990 0.613097
4000.89990 0.613161
4001.39990 0.613225
4001.90991 0.613289
4002.40991 0.613353
4002.90991 0.613416
4003.40991 0.613479
4003.90991 0.613541
4004.40991 0.613604
4004.90991 0.613666
4005.41992 0.613728
4005.91992 0.613789
4006.41992 0.61385
4006.91992 0.613911
4007.42993 0.613972
4007.92993 0.614033
4008.42993 0.614094
4008.92993 0.614154
4009.42993 0.614215
4009.93994 0.614275
4010.43994 0.615384
4010.93994 0.616646
4011.44995 0.617916
4011.94995 0.619187
4012.44995 0.620454
4012.94995 0.621723
4013.45996 0.622992
4013.95996 0.624264
4014.46997 0.625548
4014.96997 0.626822
4015.46997 0.628092
4015.96997 0.629375
4016.47998 0.630653
4016.97998 0.631932
4017.47998 0.633213
4017.97998 0.634496
4018.48999 0.635785
4018.98999 0.637065
4019.50000 0.638364
4020.00000 0.639647
4020.50000 0.639758
4021.01001 0.639864
4021.51001 0.63997
4022.02002 0.640077
4022.52002 0.640182
4023.02002 0.640287
4023.53003 0.640394
4024.03003 0.640499
4024.54004 0.640605
4025.04004 0.640709
4025.55005 0.640814
4026.05005 0.640918
4026.55005 0.641022
4027.06006 0.641126
4027.56006 0.64123
4028.07007 0.641333
4028.57007 0.641436
4029.08008 0.64154
4029.58008 0.641642
4030.09009 0.641965
4030.59009 0.643298
4031.10010 0.644633
4031.60010 0.64597
4032.11011 0.647314
4032.61011 0.648654
4033.12012 0.650001
4033.62988 0.651344
4034.12988 0.652688
4034.63989 0.654033
4035.13989 0.655381
4035.64990 0.65673
4036.14990 0.658087
4036.65991 0.659437
4037.15991 0.660791
4037.66992 0.662152
4038.17993 0.663502
4038.68994 0.664872
4039.18994 0.666232
4039.68994 0.667586
4040.19995 0.668313
4040.70996 0.668071
4041.21997 0.667827
4041.71997 0.667584
4042.22998 0.667341
4042.73999 0.667095
4043.23999 0.666851
4043.75000 0.666605
4044.26001 0.666359
4044.76001 0.666115
4045.27002 0.665867
4045.78003 0.665619
4046.28003 0.66537
4046.79004 0.665122
4047.30005 0.664873
4047.81006 0.664622
4048.31006 0.664372
4048.82007 0.664122
4049.33008 0.663871
4049.83008 0.663618
4050.34009 0.664503
4050.85010 0.665939
4051.36011 0.667381
4051.87012 0.668819
4052.37012 0.670258
4052.87988 0.671705
4053.38989 0.67314
4053.88989 0.674583
4054.40991 0.676034
4054.90991 0.67748
4055.41992 0.678934
4055.92993 0.680384
4056.42993 0.681828
4056.94995 0.683293
4057.44995 0.684746
4057.96997 0.686208
4058.46997 0.687657
4058.97998 0.689114
4059.48999 0.690579
4060.00000 0.692038
4060.51001 0.692089
4061.02002 0.692132
4061.52002 0.692173
4062.03003 0.692214
4062.54004 0.692255
4063.05005 0.692296
4063.56006 0.692337
4064.07007 0.692377
4064.58008 0.692418
4065.09009 0.692458
4065.60010 0.692498
4066.11011 0.692537
4066.62012 0.692577
4067.12988 0.692616
4067.63989 0.692655
4068.13989 0.692693
4068.65991 0.692732
4069.16992 0.69277
4069.67993 0.692809
4070.18994 0.693108
4070.69995 0.693859
4071.20996 0.694613
4071.71997 0.695361
4072.22998 0.696116
4072.73999 0.696868
4073.25000 0.697621
4073.76001 0.698378
4074.27002 0.69913
4074.78003 0.699888
4075.29004 0.700648
4075.80005 0.701407
4076.31006 0.702167
4076.82007 0.702922
4077.34009 0.703684
4077.84009 0.704443
4078.36011 0.705203
4078.87012 0.705967
4079.37988 0.706729
4079.88989 0.707491
4080.39990 0.706991
4080.90991 0.706147
4081.41992 0.705301
4081.92993 0.704454
4082.44995 0.703601
4082.95996 0.702752
4083.46997 0.701904
4083.97998 0.701049
4084.48999 0.700191
4085.01001 0.699337
4085.52002 0.698482
4086.03003 0.697625
4086.54004 0.696763
4087.05005 0.695904
4087.57007 0.695044
4088.08008 0.694179
4088.59009 0.693316
4089.11011 0.692447
4089.62012 0.691583
4090.12988 0.69126
4090.63989 0.692547
4091.14990 0.693835
4091.66992 0.695131
4092.17993 0.696423
4092.68994 0.697709
4093.19995 0.699009
4093.71997 0.70031
4094.22998 0.701613
4094.75000 0.70291
4095.26001 0.704204
4095.77002 0.705509
4096.27979 0.70681
4096.79980 0.708113
4097.31006 0.70943
4097.81982 0.710729
4098.33984 0.712041
4098.85010 0.713348
4099.37012 0.714657
4099.87988 0.715968
4100.39014 0.715637
4100.91016 0.714796
4101.41992 0.713961
4101.93994 0.713114
4102.45020 0.712277
4102.95996 0.711435
4103.47998 0.710588
4103.99023 0.709744
4104.50000 0.7089
4105.02002 0.70805
4105.52979 0.707202
4106.04980 0.70635
4106.56006 0.705501
4107.08008 0.704651
4107.60010 0.703796
4108.10986 0.702944
4108.62012 0.702089
4109.14014 0.701235
4109.64990 0.700383
4110.16992 0.700077
4110.68018 0.700911
4111.20020 0.701746
4111.70996 0.702582
4112.22998 0.703418
4112.74023 0.704259
4113.25977 0.705101
4113.77979 0.705939
4114.29004 0.706779
4114.81006 0.707619
4115.33008 0.708467
4115.83984 0.709309
4116.35010 0.710147
4116.87012 0.710994
4117.39014 0.711837
4117.89990 0.712681
4118.41992 0.713527
4118.93018 0.714374
4119.45020 0.715224
4119.95996 0.716067
4120.47998 0.715972
4121.00000 0.715808
4121.52002 0.715643
4122.02979 0.715478
4122.54980 0.715313
4123.06982 0.715146
4123.58008 0.714981
4124.10010 0.714815
4124.62012 0.714647
4125.12988 0.71448
4125.64990 0.714312
4126.16992 0.714145
4126.68994 0.713977
4127.20020 0.713809
4127.72021 0.713641
4128.24023 0.713472
4128.75000 0.713304
4129.27002 0.713135
4129.79004 0.712965
4130.29980 0.713811
4130.81982 0.715377
4131.33984 0.716937
4131.85986 0.718506
4132.37988 0.720068
4132.89990 0.72163
4133.41016 0.723202
4133.93018 0.724777
4134.45020 0.726343
4134.97021 0.727912
4135.49023 0.729482
4136.00000 0.731054
4136.52002 0.732628
4137.04004 0.734201
4137.56006 0.735784
4138.08008 0.737362
4138.58984 0.738932
4139.12012 0.740526
4139.62988 0.742101
4140.14990 0.743125
4140.66992 0.742783
4141.18994 0.74244
4141.70996 0.742096
4142.22998 0.741752
4142.75000 0.741406
4143.27002 0.741059
4143.79004 0.740712
4144.31006 0.740364
4144.83008 0.740016
4145.35010 0.739666
4145.87012 0.739316
4146.37988 0.738968
4146.89990 0.738616
4147.41992 0.738264
4147.93994 0.737912
4148.45996 0.737558
4148.97998 0.737203
4149.50000 0.736847
4150.02002 0.736542
4150.54004 0.737407
4151.06006 0.738269
4151.58008 0.739131
4152.10010 0.739997
4152.62988 0.740865
4153.14990 0.741728
4153.66992 0.742592
4154.18994 0.743456
4154.70996 0.744326
4155.22998 0.745189
4155.75000 0.746056
4156.27002 0.746927
4156.79004 0.747795
4157.31006 0.748668
4157.83008 0.749538
4158.35010 0.750403
4158.87012 0.751276
4159.39014 0.752147
4159.91992 0.753025
4160.43994 0.752829
4160.95996 0.752433
4161.47998 0.752034
4162.00000 0.751636
4162.52002 0.751237
4163.04980 0.750836
4163.56982 0.750437
4164.08984 0.750035
4164.60986 0.749635
4165.12988 0.749234
4165.64990 0.748832
4166.18018 0.74843
4166.70020 0.748027
4167.22021 0.747626
4167.74023 0.74722
4168.27002 0.746816
4168.79004 0.74641
4169.31006 0.746004
4169.83008 0.745598
4170.35010 0.746321
4170.87988 0.747583
4171.39990 0.748841
4171.93018 0.750107
4172.45020 0.751368
4172.97021 0.752628
4173.49023 0.753897
4174.02002 0.755155
4174.54004 0.756424
4175.06006 0.757689
4175.58008 0.758955
4176.10986 0.760228
4176.62988 0.761492
4177.14990 0.762768
4177.68018 0.764039
4178.20020 0.765311
4178.72998 0.766595
4179.25000 0.767864
4179.77002 0.769144
4180.29980 0.769476
4180.81982 0.769093
4181.35010 0.768708
4181.87012 0.768324
4182.39014 0.767939
4182.91992 0.767551
4183.43994 0.767165
4183.97021 0.766779
4184.49023 0.766392
4185.00977 0.766005
4185.54004 0.765615
4186.06006 0.765229
4186.58984 0.764838
4187.10986 0.764448
4187.64014 0.764056
4188.16016 0.763665
4188.68994 0.763274
4189.20996 0.762881
4189.74023 0.762487
4190.25977 0.762776
4190.79004 0.763752
4191.31006 0.764723
4191.83984 0.7657
4192.37012 0.766673
4192.89014 0.767642
4193.41992 0.768621
4193.93994 0.769596
4194.47021 0.770575
4194.99023 0.771549
4195.52002 0.772522
4196.04004 0.773504
4196.56982 0.774481
4197.10010 0.775462
4197.62012 0.776446
4198.14990 0.77742
4198.66992 0.778405
4199.20020 0.779386
4199.72998 0.780372
4200.25000 0.780801
4200.77979 0.780639
4201.31006 0.780475
4201.83008 0.780312
4202.35986 0.78015
4202.89014 0.779988
4203.41016 0.779824
4203.93994 0.77966
4204.47021 0.779497
4204.99023 0.779334
4205.52002 0.779169
4206.04980 0.779004
4206.56982 0.77884
4207.10010 0.778675
4207.62988 0.778511
4208.16016 0.778345
4208.68018 0.77818
4209.20996 0.778013
4209.74023 0.777848
4210.27002 0.778773
4210.79980 0.780777
4211.31982 0.782772
4211.85010 0.78478
4212.37988 0.786771
4212.89990 0.788773
4213.43018 0.790783
4213.95996 0.792789
4214.49023 0.794794
4215.02002 0.796799
4215.54004 0.798807
4216.06982 0.800823
4216.60010 0.802844
4217.12988 0.804847
4217.66016 0.806869
4218.18994 0.808883
4218.72021 0.810909
4219.25000 0.812928
4219.77002 0.814945
4220.31006 0.815346
4220.83008 0.814541
4221.35986 0.813733
4221.89014 0.81293
4222.41992 0.812125
4222.95020 0.811314
4223.47998 0.810507
4224.00977 0.809699
4224.52979 0.80889
4225.06006 0.808081
4225.60010 0.807267
4226.12012 0.806456
4226.64990 0.805641
4227.18994 0.804829
4227.70996 0.804017
4228.24023 0.8032
4228.77002 0.802387
4229.29980 0.801573
4229.83984 0.800753
4230.35986 0.802139
4230.89990 0.804531
4231.41992 0.806905
4231.95996 0.809302
4232.49023 0.811688
4233.02002 0.814074
4233.54980 0.816462
4234.06982 0.818851
4234.60986 0.821252
4235.14014 0.823645
4235.66992 0.826029
4236.20020 0.828444
4236.72998 0.830841
4237.25977 0.833239
4237.79004 0.835648
4238.31982 0.83805
4238.85986 0.840462
4239.39014 0.842867
4239.91992 0.845272
4240.45020 0.844288
4240.97998 0.842688
4241.50977 0.841081
4242.04004 0.839481
4242.56982 0.83788
4243.10986 0.836278
4243.64014 0.834674
4244.16992 0.833064
4244.70020 0.831457
4245.22998 0.82985
4245.77002 0.828236
4246.29980 0.826628
4246.83008 0.825012
4247.35986 0.823402
4247.89990 0.821791
4248.43018 0.820172
4248.95996 0.818559
4249.49023 0.816946
4250.02979 0.81551
4250.56006 0.817488
4251.08984 0.819485
4251.62012 0.821471
4252.16016 0.823468
4252.68994 0.825448
4253.22021 0.82744
4253.75977 0.829441
4254.29004 0.831434
4254.81982 0.833438
4255.35010 0.835431
4255.89014 0.837427
4256.41992 0.839434
4256.95996 0.841433
4257.49023 0.843434
4258.02002 0.845444
4258.56006 0.847445
4259.08984 0.849458
4259.62012 0.851453
4260.16016 0.852338
4260.68994 0.850515
4261.22998 0.848699
4261.75977 0.846874
4262.29004 0.845062
4262.83008 0.843241
4263.35986 0.841411
4263.89990 0.839586
4264.43018 0.837762
4264.97021 0.835929
4265.50000 0.834099
4266.02979 0.832263
4266.56982 0.830433
4267.10010 0.828604
4267.64014 0.826763
4268.16992 0.824929
4268.70996 0.823085
4269.24023 0.821248
4269.77979 0.819421
4270.31006 0.819673
4270.85010 0.82141
4271.39014 0.823157
4271.91992 0.824888
4272.45020 0.826638
4272.99023 0.82838
4273.52002 0.830122
4274.06006 0.831873
4274.60010 0.833617
4275.12988 0.835362
4275.66992 0.837115
4276.20020 0.838856
4276.74023 0.840619
4277.27979 0.842368
4277.81006 0.844118
4278.35010 0.845876
4278.87988 0.847622
4279.41992 0.849382
4279.95996 0.851135
4280.49023 0.850121
4281.02979 0.848863
4281.56982 0.847611
4282.10010 0.846358
4282.64014 0.845102
4283.18018 0.843847
4283.70996 0.842592
4284.25000 0.84133
4284.79004 0.840068
4285.31982 0.838811
4285.85986 0.837553
4286.39990 0.836294
4286.93994 0.83503
4287.47021 0.833769
4288.00977 0.832502
4288.54980 0.83124
4289.08984 0.82998
4289.62012 0.828717
4290.16016 0.827895
4290.70020 0.828109
4291.22998 0.828324
4291.77002 0.82854
4292.31006 0.828754
4292.85010 0.828969
4293.39014 0.829184
4293.93018 0.829398
4294.47021 0.829614
4295.00000 0.829829
4295.54004 0.830044
4296.08008 0.830262
4296.62012 0.830476
4297.16016 0.830692
4297.70020 0.830908
4298.22998 0.831123
4298.77002 0.831341
4299.31006 0.831556
4299.85010 0.831772
4300.39014 0.830776
4300.93018 0.829313
4301.47021 0.827851
4302.00000 0.826387
4302.54980 0.824914
4303.08008 0.823455
4303.62012 0.821983
4304.16016 0.820511
4304.70020 0.819043
4305.24023 0.817574
4305.77979 0.816104
4306.31982 0.814629
4306.85986 0.813151
4307.39990 0.811681
4307.93994 0.810208
4308.47998 0.808736
4309.02002 0.807263
4309.56006 0.805782
4310.10010 0.804941
4310.64014 0.806915
4311.18018 0.808897
4311.72021 0.810873
4312.25977 0.81286
4312.79980 0.81484
4313.33984 0.816819
4313.87988 0.81881
4314.41992 0.820793
4314.97021 0.822787
4315.50977 0.824772
4316.04980 0.826757
4316.58984 0.828753
4317.12988 0.830742
4317.66992 0.832742
4318.20996 0.834725
4318.75000 0.836718
4319.29004 0.838721
4319.83008 0.840715
4320.37988 0.841277
4320.91992 0.841205
4321.45996 0.841131
4322.00000 0.841057
4322.54004 0.840985
4323.08008 0.840912
4323.62012 0.840839
4324.16992 0.840766
4324.70996 0.840692
4325.25000 0.840619
4325.79004 0.840544
4326.33984 0.84047
4326.87988 0.840396
4327.41992 0.840322
4327.95996 0.840248
4328.50000 0.840175
4329.04980 0.840101
4329.58984 0.840027
4330.12988 0.84027
4330.66992 0.841481
4331.22021 0.842698
4331.75977 0.843922
4332.29980 0.84514
4332.85010 0.846364
4333.39014 0.847583
4333.93018 0.848802
4334.47998 0.850028
4335.02002 0.851249
4335.56006 0.852471
4336.10986 0.853697
4336.64990 0.854913
4337.18994 0.856145
4337.74023 0.857368
4338.27979 0.858592
4338.81982 0.859816
4339.37012 0.861041
4339.91016 0.862266
4340.45020 0.861598
4341.00000 0.86055
4341.54004 0.85951
4342.08008 0.858464
4342.62988 0.85741
4343.18018 0.856364
4343.72021 0.855315
4344.25977 0.854268
4344.81006 0.85322
4345.35010 0.852163
4345.89990 0.851113
4346.43994 0.850062
4346.99023 0.849012
4347.52979 0.847961
4348.08008 0.846904
4348.62012 0.845852
4349.16016 0.844804
4349.70996 0.843741
4350.25977 0.84414
4350.79980 0.846182
4351.35010 0.848217
4351.89014 0.850251
4352.43994 0.852288
4352.97998 0.854333
4353.52979 0.856381
4354.08008 0.85842
4354.62012 0.86046
4355.16992 0.862509
4355.70996 0.864549
4356.25977 0.866583
4356.81006 0.868645
4357.35010 0.870688
4357.89990 0.872732
4358.43994 0.874779
4358.99023 0.876824
4359.52979 0.878869
4360.08008 0.880591
4360.62988 0.880406
4361.16992 0.880222
4361.72021 0.880033
4362.27002 0.879847
4362.81006 0.879662
4363.35986 0.879474
4363.91016 0.879288
4364.45020 0.879102
4365.00000 0.878914
4365.54980 0.878727
4366.10010 0.878539
4366.64014 0.878353
4367.18994 0.878166
4367.74023 0.877979
4368.27979 0.877791
4368.83008 0.877603
4369.37988 0.877415
4369.93018 0.877229
4370.47998 0.878173
4371.02002 0.879287
4371.56982 0.880403
