threeML/data/optical_filters/HST/ACS_WFC-F850LP_81.ecsv
# %ECSV 0.9
# ---
# datatype:
# - {name: wavelength, unit: Angstrom, datatype: float32}
# - {name: response, datatype: float32}
# meta: !!omap
# - {band_name: F850LP_81}
# - {group_name: ACS_WFC}
wavelength response
7165.39502 0.0
7961.54980 0.00368111
7962.35010 0.00375504
7963.14990 0.00382975
7963.95020 0.00390447
7964.75000 0.00397829
7965.56006 0.00405293
7966.35010 0.00412672
7967.14990 0.00420128
7967.95020 0.00427505
7968.75000 0.00434912
7969.54980 0.0044232
7970.35010 0.0044973
7971.16016 0.00457182
7971.95996 0.00464588
7972.75977 0.00471992
7973.56006 0.00479392
7974.35986 0.00486753
7975.16016 0.00494191
7975.95996 0.00501544
7976.77002 0.00508975
7977.56006 0.00516322
7978.37012 0.0052375
7979.16992 0.00531129
7979.97021 0.0053851
7980.77002 0.00546079
7981.58008 0.00553657
7982.37988 0.00561241
7983.18018 0.00568823
7983.97998 0.00576369
7984.77979 0.00583996
7985.58984 0.00591629
7986.39014 0.0059918
7987.18994 0.00606821
7987.99023 0.00614377
7988.79980 0.00622022
7989.60010 0.0062958
7990.39990 0.00637124
7991.20020 0.00644606
7992.00977 0.00652132
7992.81006 0.0065961
7993.62012 0.00667092
7994.41992 0.00674573
7995.22021 0.00682049
7996.02002 0.00689494
7996.83008 0.0069701
7997.62988 0.00704446
7998.43994 0.00711968
7999.24023 0.00719487
8000.04004 0.0072825
8000.85010 0.00760086
8001.64990 0.00791881
8002.45996 0.00823653
8003.25977 0.00855423
8004.06006 0.00887148
8004.87012 0.00918874
8005.68018 0.0095075
8006.47998 0.00982277
8007.27979 0.0101411
8008.08984 0.0104559
8008.89014 0.0107737
8009.68994 0.0110881
8010.50000 0.0113167
8011.29980 0.0114894
8012.10986 0.0116638
8012.91992 0.0118372
8013.72021 0.0120105
8014.52979 0.0121838
8015.33008 0.012357
8016.12988 0.0125293
8016.93994 0.0127034
8017.74023 0.0128754
8018.56006 0.0130494
8019.35986 0.0132233
8020.16992 0.0134002
8020.97998 0.0135984
8021.77979 0.0137944
8022.58008 0.0139914
8023.39014 0.0141884
8024.20020 0.0143854
8025.00000 0.0145823
8025.81006 0.0147802
8026.60986 0.0149761
8027.43018 0.0151739
8028.22998 0.0153697
8029.04004 0.0155675
8029.83984 0.0157632
8030.64990 0.0160034
8031.45020 0.016251
8032.27002 0.0165013
8033.06982 0.0167503
8033.87988 0.0169989
8034.68994 0.0172478
8035.49023 0.0174963
8036.29980 0.0177448
8037.10986 0.0179933
8037.91016 0.0182401
8038.72021 0.0184897
8039.52979 0.0187365
8040.33984 0.0190052
8041.14990 0.0193006
8041.95020 0.0195926
8042.75977 0.0198862
8043.56982 0.0201796
8044.37988 0.0204729
8045.18994 0.0207661
8046.00000 0.0210594
8046.81006 0.0213538
8047.62012 0.0216468
8048.41992 0.021938
8049.22998 0.0222322
8050.04004 0.0225239
8050.85010 0.0228345
8051.66016 0.0231418
8052.47021 0.0234526
8053.27002 0.0237597
8054.08984 0.0240704
8054.89990 0.0243797
8055.70996 0.0246887
8056.52002 0.0249978
8057.31982 0.0253068
8058.12988 0.025616
8058.93994 0.0259252
8059.75000 0.0262326
8060.56006 0.0265915
8061.37988 0.0269712
8062.18018 0.0273466
8063.00000 0.0277258
8063.79980 0.0281007
8064.60986 0.0284772
8065.41992 0.0288533
8066.22998 0.0292294
8067.04004 0.0296051
8067.85986 0.0299825
8068.66992 0.0303575
8069.47998 0.0307322
8070.29004 0.0311214
8071.10010 0.0315456
8071.91016 0.0319652
8072.72021 0.0323894
8073.52979 0.0328092
8074.35010 0.0332337
8075.16016 0.033658
8075.97021 0.0340776
8076.77979 0.0344998
8077.58984 0.0349219
8078.39990 0.0353441
8079.20996 0.0357663
8080.02979 0.0361959
8080.83984 0.0368412
8081.64990 0.0374902
8082.45996 0.0381321
8083.27979 0.0387807
8084.08984 0.0394222
8084.89990 0.0400704
8085.70996 0.0407118
8086.52002 0.0413565
8087.33984 0.0420006
8088.14990 0.0426448
8088.97021 0.0432928
8089.77979 0.0439367
8090.58984 0.0445406
8091.39990 0.0451286
8092.20996 0.0457133
8093.02979 0.046304
8093.83984 0.0468878
8094.64990 0.047478
8095.47021 0.0480676
8096.27979 0.0486501
8097.10010 0.0492357
8097.91016 0.0498208
8098.72021 0.0504055
8099.54004 0.05099
8100.35010 0.0516747
8101.16016 0.0524936
8101.97021 0.0533079
8102.79004 0.0541313
8103.60986 0.0549545
8104.41992 0.0557693
8105.24023 0.0565925
8106.04980 0.0574072
8106.87012 0.0582307
8107.68018 0.0590454
8108.49023 0.0598645
8109.31006 0.0606885
8110.12012 0.0614883
8110.93994 0.062183
8111.75977 0.062877
8112.56982 0.0635709
8113.39014 0.0642646
8114.20020 0.0649543
8115.02002 0.0656514
8115.83008 0.0663411
8116.64990 0.0670377
8117.47021 0.0677341
8118.27979 0.0684228
8119.08984 0.0691149
8119.91016 0.0698072
8120.72998 0.0707777
8121.54004 0.071783
8122.35986 0.0727877
8123.18018 0.0737973
8123.99023 0.0748009
8124.81006 0.075799
8125.62012 0.0768076
8126.43994 0.0778048
8127.25977 0.0788122
8128.06982 0.0798084
8128.89014 0.0808093
8129.70020 0.0818103
8130.52002 0.0827374
8131.33984 0.0836151
8132.16016 0.0844923
8132.97998 0.0853691
8133.79004 0.0862459
8134.60986 0.0871219
8135.43018 0.0879978
8136.24023 0.0888686
8137.06006 0.0897487
8137.87988 0.0906278
8138.70020 0.0914981
8139.52002 0.0923767
8140.33008 0.0933824
8141.14990 0.0945915
8141.97021 0.0957997
8142.79004 0.097007
8143.60010 0.0982146
8144.43018 0.0994279
8145.24023 0.100627
8146.06006 0.101839
8146.87988 0.103037
8147.70020 0.104248
8148.52002 0.105445
8149.33984 0.106655
8150.14990 0.107867
8150.97021 0.109157
8151.79004 0.110454
8152.60986 0.111744
8153.43018 0.113035
8154.25000 0.114324
8155.06982 0.115614
8155.89014 0.116903
8156.70020 0.118185
8157.52979 0.119481
8158.35010 0.120777
8159.16992 0.12206
8159.99023 0.123356
8160.81006 0.124707
8161.62988 0.126073
8162.45020 0.127422
8163.27002 0.128778
8164.08984 0.130132
8164.91016 0.131485
8165.72998 0.132844
8166.54980 0.134194
8167.37012 0.135536
8168.18994 0.136891
8169.00977 0.13823
8169.83984 0.139582
8170.64990 0.141007
8171.47998 0.142471
8172.29980 0.143935
8173.12012 0.145383
8173.93994 0.146838
8174.75977 0.148294
8175.58008 0.14975
8176.39990 0.151206
8177.22998 0.152662
8178.04980 0.154117
8178.85986 0.155565
8179.68994 0.157028
8180.52002 0.158632
8181.33008 0.160301
8182.16016 0.161989
8182.97998 0.163658
8183.79980 0.165336
8184.62012 0.167015
8185.43994 0.168692
8186.27002 0.170379
8187.10010 0.172058
8187.91992 0.173735
8188.74023 0.175413
8189.56006 0.177081
8190.39014 0.178797
8191.20020 0.180528
8192.03027 0.182276
8192.84961 0.184004
8193.67969 0.18575
8194.50000 0.187495
8195.32031 0.189219
8196.15039 0.190955
8196.96973 0.192686
8197.79004 0.194418
8198.62012 0.196149
8199.44043 0.197877
8200.26953 0.199687
8201.08984 0.201673
8201.91016 0.203637
8202.74023 0.205622
8203.55957 0.207586
8204.38965 0.209569
8205.20996 0.211532
8206.03027 0.213503
8206.86035 0.215474
8207.69043 0.217455
8208.50977 0.219424
8209.33984 0.221394
8210.16016 0.2233
8210.99023 0.224961
8211.80957 0.226612
8212.63965 0.228281
8213.45996 0.22993
8214.29004 0.231599
8215.12012 0.233266
8215.94043 0.234917
8216.76953 0.236585
8217.58984 0.238233
8218.41016 0.239892
8219.24023 0.241549
8220.07031 0.24326
8220.88965 0.245583
8221.71973 0.247914
8222.54004 0.250218
8223.37012 0.252545
8224.19043 0.254843
8225.03027 0.257166
8225.84961 0.259457
8226.67969 0.261774
8227.50000 0.264063
8228.33008 0.26636
8229.16016 0.26867
8229.99023 0.270962
8230.80957 0.272713
8231.63965 0.274455
8232.45996 0.276186
8233.29004 0.277937
8234.12012 0.279666
8234.95020 0.281416
8235.78027 0.283165
8236.59961 0.284892
8237.42969 0.28664
8238.25977 0.288369
8239.08984 0.290108
8239.91016 0.291843
8240.74023 0.293842
8241.57031 0.295869
8242.40039 0.297896
8243.23047 0.29993
8244.05957 0.301954
8244.87988 0.303966
8245.71973 0.306
8246.54004 0.308007
8247.37012 0.310038
8248.19043 0.312046
8249.03027 0.314073
8249.86035 0.316091
8250.69043 0.318596
8251.51953 0.321201
8252.33984 0.323806
8253.16992 0.326409
8254.00000 0.329011
8254.83008 0.331598
8255.66016 0.334213
8256.49023 0.3368
8257.32031 0.339414
8258.15039 0.342026
8258.98047 0.344609
8259.80957 0.347219
8260.63965 0.349947
8261.46973 0.352732
8262.29980 0.355515
8263.12988 0.358298
8263.95996 0.361078
8264.79004 0.363873
8265.62012 0.36665
8266.45020 0.369428
8267.28027 0.372202
8268.12012 0.374976
8268.94043 0.377734
8269.78027 0.380519
8270.59961 0.38297
8271.44043 0.385336
8272.26953 0.387688
8273.09961 0.390038
8273.92969 0.392386
8274.75977 0.394734
8275.58984 0.397081
8276.42969 0.399429
8277.25977 0.401774
8278.08984 0.40412
8278.92969 0.406475
8279.75000 0.408806
8280.58984 0.411316
8281.41992 0.413858
8282.25000 0.416413
8283.08008 0.418968
8283.91016 0.421522
8284.75000 0.424073
8285.58008 0.426639
8286.41992 0.429192
8287.25000 0.43174
8288.08008 0.434289
8288.91016 0.436838
8289.74023 0.43937
8290.58008 0.442159
8291.41016 0.445019
8292.24023 0.447911
8293.08008 0.450783
8293.91016 0.453651
8294.74023 0.456521
8295.58008 0.459383
8296.41016 0.462243
8297.24023 0.465104
8298.08008 0.467961
8298.91016 0.470811
8299.75000 0.47368
8300.58008 0.476262
8301.41992 0.478765
8302.25000 0.481238
8303.08984 0.483738
8303.91992 0.486208
8304.75000 0.488692
8305.58008 0.491172
8306.41992 0.493651
8307.25977 0.496145
8308.08984 0.498621
8308.92969 0.501098
8309.75977 0.503572
8310.59961 0.505103
8311.42969 0.506256
8312.25977 0.5074
8313.09961 0.508559
8313.94043 0.509715
8314.76953 0.510859
8315.61035 0.512008
8316.44043 0.513158
8317.28027 0.514304
8318.11035 0.51545
8318.95020 0.516596
8319.78027 0.517741
8320.62012 0.520979
8321.45996 0.524962
8322.29980 0.528921
8323.12988 0.532859
8323.96973 0.536837
8324.79980 0.54077
8325.63965 0.544728
8326.48047 0.548679
8327.30957 0.552634
8328.15039 0.556588
8328.99023 0.560559
8329.83008 0.564508
8330.66016 0.567236
8331.50000 0.56964
8332.33984 0.572042
8333.16992 0.574442
8334.00977 0.576842
8334.83984 0.579226
8335.69043 0.581637
8336.53027 0.584042
8337.36035 0.586421
8338.20020 0.588812
8339.04004 0.591198
8339.87012 0.593584
8340.70996 0.596164
8341.54980 0.598777
8342.38965 0.601392
8343.23047 0.604018
8344.07031 0.606628
8344.91016 0.609237
8345.74023 0.61183
8346.58008 0.614452
8347.41992 0.617045
8348.25977 0.619652
8349.09961 0.622259
8349.94043 0.624878
8350.78027 0.626429
8351.62012 0.627896
8352.45996 0.629361
8353.29980 0.630825
8354.13965 0.63229
8354.96973 0.633751
8355.80957 0.635216
8356.65039 0.636676
8357.50000 0.638147
8358.33008 0.6396
8359.17969 0.641068
8360.00977 0.642548
8360.84961 0.646176
8361.69043 0.649801
8362.53027 0.653425
8363.37012 0.657051
8364.21973 0.660691
8365.05957 0.664307
8365.90039 0.667927
8366.74023 0.671543
8367.58008 0.675154
8368.41016 0.678746
8369.25977 0.682377
8370.09961 0.685702
8370.94043 0.687017
8371.78027 0.688331
8372.62012 0.689641
8373.46973 0.690947
8374.30957 0.692254
8375.15039 0.693557
8375.99023 0.694861
8376.83008 0.696161
8377.66992 0.697462
8378.50977 0.698753
8379.34961 0.700058
8380.20020 0.701571
8381.04004 0.703718
8381.87988 0.705881
8382.71973 0.70804
8383.57031 0.7102
8384.41016 0.712362
8385.25000 0.714518
8386.09961 0.71669
8386.94043 0.718847
8387.78027 0.721003
8388.62012 0.72316
8389.46973 0.725315
8390.30957 0.727265
8391.15039 0.728855
8392.00000 0.730462
8392.83984 0.732051
8393.67969 0.733657
8394.53027 0.735252
8395.37012 0.736849
8396.20996 0.738446
8397.05957 0.740041
8397.90039 0.741639
8398.74023 0.743235
8399.58984 0.74483
8400.44043 0.747222
8401.28027 0.750333
8402.12012 0.753424
8402.96973 0.756544
8403.80957 0.759625
8404.65039 0.762718
8405.50000 0.765811
8406.33984 0.7689
8407.19043 0.771985
8408.03027 0.775081
8408.87988 0.778155
8409.73047 0.781226
8410.57031 0.783034
8411.41992 0.78423
8412.25977 0.785423
8413.09961 0.786618
8413.95020 0.787805
8414.79980 0.789002
8415.63965 0.790193
8416.49023 0.791381
8417.33008 0.792569
8418.17969 0.793756
8419.01953 0.794941
8419.87012 0.796124
8420.71973 0.795991
8421.55957 0.795615
8422.41016 0.795235
8423.25000 0.79486
8424.09961 0.794483
8424.95020 0.794108
8425.79980 0.79373
8426.63965 0.793356
8427.49023 0.792979
8428.33008 0.792602
8429.17969 0.792222
8430.03027 0.792001
8430.87988 0.795812
8431.73047 0.799616
8432.57031 0.803419
8433.41992 0.807214
8434.26953 0.811009
8435.11035 0.814776
8435.95996 0.818583
8436.80957 0.82238
8437.66016 0.826133
8438.50000 0.829904
8439.34961 0.833674
8440.20020 0.836734
8441.04980 0.837529
8441.90039 0.838326
8442.74023 0.839121
8443.58984 0.839915
8444.44043 0.840711
8445.29004 0.841502
8446.13965 0.842289
8446.99023 0.843086
8447.83008 0.84387
8448.69043 0.844664
8449.53027 0.84545
8450.37988 0.846024
8451.24023 0.846335
8452.08008 0.846643
8452.92969 0.846952
8453.78027 0.847261
8454.62988 0.847568
8455.48047 0.847876
8456.33008 0.848183
8457.17969 0.84849
8458.01953 0.848792
8458.87988 0.849098
8459.73047 0.849404
8460.58008 0.851041
8461.42969 0.853303
8462.28027 0.855558
8463.12988 0.857814
8463.98047 0.860072
8464.83008 0.862321
8465.69043 0.864584
8466.54004 0.866832
8467.38965 0.869077
8468.24023 0.87132
8469.08008 0.87355
8469.94043 0.8758
8470.78027 0.877311
8471.63965 0.878777
8472.49023 0.880236
8473.33984 0.881704
8474.19043 0.883164
8475.04980 0.884624
8475.90039 0.886078
8476.75000 0.887535
8477.59961 0.888989
8478.45020 0.89044
8479.30957 0.891892
8480.16016 0.893318
8481.00977 0.894638
8481.86035 0.895947
8482.71973 0.897265
8483.55957 0.898569
8484.41992 0.899881
8485.26953 0.901194
8486.12012 0.902505
8486.98047 0.903814
8487.83008 0.905132
8488.67969 0.906441
8489.54004 0.90775
8490.38965 0.908735
8491.24023 0.909332
8492.08984 0.909925
8492.95020 0.910521
8493.79980 0.911112
8494.66016 0.911709
8495.50977 0.912299
8496.36035 0.912887
8497.21973 0.913476
8498.07031 0.914061
8498.91992 0.914646
8499.78027 0.915228
8500.62988 0.916046
8501.49023 0.916943
8502.33984 0.917843
8503.19043 0.918732
8504.04980 0.919633
8504.90039 0.92052
8505.75977 0.921418
8506.61035 0.9223
8507.46973 0.923189
8508.32031 0.924077
8509.17969 0.924966
8510.04004 0.925879
8510.88965 0.927277
8511.75000 0.928677
8512.59961 0.930076
8513.45996 0.931474
8514.30957 0.932868
8515.16016 0.934257
8516.01953 0.935659
8516.87988 0.937051
8517.73047 0.938446
8518.58984 0.939836
8519.44043 0.941224
8520.29980 0.942339
8521.16016 0.942945
8522.00977 0.943551
8522.87012 0.944155
8523.73047 0.944761
8524.58984 0.945367
8525.44043 0.945969
8526.29980 0.946568
8527.16016 0.947172
8528.00977 0.947767
8528.86035 0.948367
8529.71973 0.948967
8530.58008 0.949624
8531.44043 0.950316
8532.29980 0.951003
8533.16016 0.951684
8534.00977 0.952366
8534.87012 0.953046
8535.73047 0.953726
8536.58008 0.954403
8537.44043 0.955081
8538.29980 0.955754
8539.16016 0.956432
8540.01953 0.957099
8540.87988 0.957623
8541.73047 0.958141
8542.58984 0.958661
8543.45020 0.95918
8544.30957 0.959698
8545.16992 0.960214
8546.03027 0.960735
8546.88965 0.96125
8547.75000 0.961765
8548.59961 0.96228
8549.45996 0.962792
8550.32031 0.963124
8551.17969 0.963143
8552.04004 0.963159
8552.90039 0.963178
8553.75977 0.963197
8554.62012 0.963218
8555.48047 0.963235
8556.33984 0.963251
8557.20020 0.963267
8558.05957 0.963282
8558.91992 0.963298
8559.78027 0.963313
8560.63965 0.963963
8561.50000 0.96484
8562.36035 0.965707
8563.21973 0.966576
8564.08008 0.967444
8564.94043 0.968314
8565.79980 0.96918
8566.66016 0.970047
8567.51953 0.970913
8568.38965 0.971781
8569.25000 0.972645
8570.11035 0.973449
8570.95996 0.97384
8571.83008 0.974234
8572.69043 0.974625
8573.54980 0.975019
8574.41016 0.975405
8575.26953 0.975794
8576.13965 0.976186
8577.00000 0.976573
8577.86035 0.976962
8578.71973 0.977347
8579.58008 0.977733
8580.44043 0.977998
8581.30957 0.97815
8582.16992 0.978303
8583.04004 0.978457
8583.90039 0.978604
8584.75977 0.978756
8585.62012 0.978905
8586.48047 0.979053
8587.33984 0.979201
8588.20996 0.979347
8589.07031 0.979495
8589.92969 0.979641
8590.79980 0.979827
8591.66016 0.980011
8592.53027 0.980195
8593.38965 0.980379
8594.25000 0.980562
8595.12012 0.980747
8595.98047 0.980923
8596.83984 0.981107
8597.70996 0.981288
8598.57031 0.981469
8599.44043 0.981649
8600.29980 0.982326
8601.16016 0.98394
8602.03027 0.985554
8602.88965 0.987163
8603.75977 0.988775
8604.62012 0.990384
8605.49023 0.992
8606.34961 0.993608
8607.20996 0.995201
8608.08008 0.996801
8608.94043 0.9984
8609.80957 1.0
8610.66992 0.999663
8611.54004 0.998776
8612.41016 0.997883
8613.26953 0.996996
8614.13965 0.99611
8615.00000 0.995225
8615.87012 0.994338
8616.74023 0.99345
8617.59961 0.992568
8618.46973 0.991676
