threeML/data/optical_filters/HST/ACS_HRC-F344N.ecsv
# %ECSV 0.9
# ---
# datatype:
# - {name: wavelength, unit: Angstrom, datatype: float32}
# - {name: response, datatype: float32}
# meta: !!omap
# - {band_name: F344N}
# - {group_name: ACS_HRC}
wavelength response
3051.92700 0.0
3391.03003 0.00886641
3391.51001 0.0111385
3392.00000 0.0134121
3392.48999 0.0156977
3392.97998 0.0179849
3393.45996 0.0202737
3393.94995 0.0225561
3394.43994 0.0248401
3394.91992 0.0271257
3395.40991 0.0446735
3395.89990 0.0649434
3396.37988 0.0853913
3396.87012 0.105854
3397.36011 0.126259
3397.85010 0.146761
3398.34009 0.167195
3398.82007 0.187725
3399.31006 0.208199
3399.80005 0.22877
3400.29004 0.259735
3400.77002 0.298029
3401.26001 0.336502
3401.75000 0.374846
3402.23999 0.413522
3402.72998 0.451935
3403.21997 0.490373
3403.69995 0.528837
3404.19995 0.567498
3404.67993 0.605875
3405.16992 0.640262
3405.65991 0.666456
3406.14990 0.692758
3406.63989 0.719089
3407.12988 0.745346
3407.62012 0.771712
3408.10010 0.798003
3408.59009 0.824418
3409.08008 0.850757
3409.57007 0.877111
3410.06006 0.900334
3410.55005 0.901214
3411.04004 0.902094
3411.53003 0.902974
3412.02002 0.903851
3412.51001 0.904727
3413.00000 0.905607
3413.48999 0.906482
3413.97998 0.907364
3414.46997 0.908244
3414.95996 0.909128
3415.44995 0.913187
3415.93994 0.917555
3416.42993 0.92191
3416.91992 0.926284
3417.40991 0.93066
3417.89990 0.935024
3418.38989 0.939391
3418.87988 0.943763
3419.37012 0.948154
3419.86011 0.95255
3420.36011 0.956162
3420.84009 0.959453
3421.34009 0.962774
3421.83008 0.966085
3422.32007 0.969398
3422.81006 0.972729
3423.30005 0.976047
3423.79004 0.97938
3424.28003 0.982703
3424.78003 0.986042
3425.27002 0.988257
3425.76001 0.989544
3426.25000 0.990825
3426.73999 0.992111
3427.23999 0.993399
3427.72998 0.99468
3428.21997 0.995971
3428.70996 0.997261
3429.19995 0.998554
3429.69995 0.999837
3430.18994 1.0
3430.67993 0.998328
3431.16992 0.996655
3431.65991 0.994973
3432.15991 0.993296
3432.64990 0.991614
3433.13989 0.989936
3433.63989 0.98825
3434.12988 0.986567
3434.62012 0.984878
3435.11011 0.983629
3435.61011 0.983832
3436.10010 0.984032
3436.59009 0.984235
3437.09009 0.984437
3437.58008 0.984641
3438.08008 0.984845
3438.57007 0.985045
3439.06006 0.985247
3439.55005 0.985449
3440.05005 0.985356
3440.54004 0.98245
3441.03003 0.979551
3441.53003 0.976649
3442.02002 0.973732
3442.52002 0.970815
3443.01001 0.967905
3443.51001 0.964983
3444.00000 0.962069
3444.48999 0.959142
3444.98999 0.956233
3445.47998 0.949659
3445.97998 0.943005
3446.46997 0.936295
3446.96997 0.929653
3447.45996 0.922959
3447.95996 0.91628
3448.44995 0.909574
3448.94995 0.902886
3449.43994 0.896167
3449.93994 0.889466
3450.42993 0.890885
3450.92993 0.893523
3451.41992 0.896142
3451.91992 0.898795
3452.40991 0.901429
3452.90991 0.904076
3453.40991 0.906724
3453.89990 0.909353
3454.38989 0.912003
3454.88989 0.914645
3455.38989 0.907215
3455.87988 0.897052
3456.37988 0.886797
3456.87988 0.87658
3457.37012 0.866311
3457.87012 0.856074
3458.36011 0.845786
3458.86011 0.835536
3459.36011 0.825272
3459.85010 0.814957
3460.35010 0.785788
3460.85010 0.748211
3461.34009 0.710883
3461.84009 0.673362
3462.34009 0.636109
3462.83008 0.598534
3463.33008 0.560931
3463.83008 0.523431
3464.33008 0.485627
3464.82007 0.448201
3465.32007 0.417082
3465.82007 0.389701
3466.32007 0.362192
3466.81006 0.334758
3467.31006 0.307209
3467.81006 0.279829
3468.30005 0.252228
3468.80005 0.224606
3469.30005 0.197167
3469.80005 0.169383
3470.30005 0.151322
3470.80005 0.139639
3471.29004 0.128028
3471.79004 0.116323
3472.29004 0.104651
3472.79004 0.0929315
3473.29004 0.0812381
3473.78003 0.0694967
3474.28003 0.0577876
3474.78003 0.0460247
3475.28003 0.0390898
3475.78003 0.0358825
3476.28003 0.0326604
3476.78003 0.0294613
3477.28003 0.0262333
3477.77002 0.0230283
3478.27002 0.019796
3478.77002 0.0165615
3479.27002 0.0133233
3479.78003 0.010083
3480.27002 0.00825786
3828.29712 0.0
