threeML/data/optical_filters/HST/ACS_WFC-F814W_77.ecsv
# %ECSV 0.9
# ---
# datatype:
# - {name: wavelength, unit: Angstrom, datatype: float32}
# - {name: response, datatype: float32}
# meta: !!omap
# - {band_name: F814W_77}
# - {group_name: ACS_WFC}
wavelength response
[from data line 3199]
9264.55957 0.475022
9265.46973 0.474921
9266.37012 0.474821
9267.26953 0.474719
9268.17969 0.474615
9269.08008 0.474512
9269.99023 0.474409
9270.87988 0.47387
9271.79004 0.473319
9272.69043 0.472767
9273.59961 0.472218
9274.50000 0.471667
9275.41016 0.471117
9276.30957 0.470569
9277.21973 0.470017
9278.12012 0.46947
9279.01953 0.468919
9279.92969 0.468371
9280.83008 0.467751
9281.74023 0.46712
9282.65039 0.466493
9283.54980 0.465871
9284.45020 0.465243
9285.34961 0.464619
9286.25977 0.463993
9287.16992 0.463366
9288.07031 0.462744
9288.98047 0.462116
9289.88965 0.461489
9290.79004 0.46136
9291.70020 0.4613
9292.59961 0.461242
9293.50977 0.461182
9294.41016 0.46112
9295.30957 0.461059
9296.21973 0.460997
9297.12988 0.460935
9298.03027 0.460876
9298.94043 0.46081
9299.84961 0.460745
9300.75977 0.460304
9301.66992 0.459784
9302.57031 0.459268
9303.48047 0.458752
9304.38965 0.458234
9305.29004 0.457719
9306.20020 0.4572
9307.09961 0.456688
9308.00977 0.456171
9308.91992 0.455651
9309.82031 0.455138
9310.73047 0.454955
9311.63965 0.454853
9312.54980 0.45475
9313.45996 0.454645
9314.36035 0.454541
9315.26953 0.454436
9316.17969 0.454331
9317.08984 0.454224
9318.00000 0.454119
9318.91016 0.454012
9319.80957 0.453906
9320.71973 0.453326
9321.62988 0.452628
9322.54004 0.451926
9323.45020 0.451224
9324.34961 0.450528
9325.26953 0.449826
9326.17969 0.449126
9327.08008 0.44843
9328.00000 0.447732
9328.90039 0.447038
9329.80957 0.446339
9330.73047 0.445851
9331.62988 0.445422
9332.54004 0.444991
9333.44043 0.444564
9334.36035 0.444131
9335.26953 0.443699
9336.17969 0.443268
9337.08984 0.442834
9338.00000 0.442403
9338.91016 0.441974
9339.82031 0.441543
9340.73047 0.441229
9341.63965 0.440944
9342.54980 0.440659
9343.45996 0.440374
9344.37012 0.440086
9345.28027 0.439799
9346.19043 0.439515
9347.09961 0.439227
9348.00977 0.43894
9348.92969 0.43865
9349.83984 0.438364
9350.75000 0.43792
9351.66016 0.437443
9352.58008 0.436965
9353.49023 0.436489
9354.40039 0.436011
9355.29980 0.435537
9356.21973 0.435058
9357.12988 0.43458
9358.04004 0.434104
9358.95996 0.433627
9359.87012 0.433147
9360.78027 0.432686
9361.69043 0.432225
9362.59961 0.431767
9363.51953 0.431305
9364.42969 0.430844
9365.33984 0.430385
9366.25977 0.429925
9367.16992 0.429468
9368.08008 0.42901
9369.00000 0.428548
9369.91016 0.428091
9370.82031 0.427645
9371.74023 0.4272
9372.65039 0.426758
9373.55957 0.426313
9374.48047 0.42587
9375.38965 0.425429
9376.30957 0.424983
9377.21973 0.424543
9378.13965 0.424098
9379.04980 0.423656
9379.95996 0.423215
9380.87012 0.422611
9381.79004 0.422001
9382.70020 0.421394
9383.62012 0.420784
9384.53027 0.420177
9385.45020 0.419566
9386.36035 0.418959
9387.28027 0.418354
9388.19043 0.417743
9389.11035 0.417135
9390.01953 0.416537
9390.94043 0.416231
9391.84961 0.415922
9392.76953 0.415611
9393.69043 0.415301
9394.59961 0.414992
9395.51953 0.41468
9396.42969 0.414369
9397.34961 0.41406
9398.26953 0.413746
9399.17969 0.413435
9400.09961 0.413074
9401.01953 0.412293
9401.92969 0.411515
9402.84961 0.410736
9403.75977 0.40996
9404.67969 0.409186
9405.59961 0.408407
9406.50977 0.407635
9407.42969 0.406857
9408.34961 0.40608
9409.25977 0.405309
9410.17969 0.404362
9411.09961 0.402719
9412.01953 0.401086
9412.94043 0.399446
9413.84961 0.397821
9414.76953 0.396186
9415.69043 0.394554
9416.59961 0.392945
9417.51953 0.391318
9418.44043 0.389703
9419.34961 0.388083
9420.28027 0.386997
9421.19043 0.387155
9422.11035 0.387312
9423.03027 0.387468
9423.95020 0.387622
9424.87012 0.387775
9425.78027 0.387927
9426.70996 0.388078
9427.62988 0.388226
9428.54004 0.388373
9429.45996 0.388519
9430.37988 0.388318
9431.29980 0.387636
9432.21973 0.38695
9433.13965 0.386269
9434.05957 0.385582
9434.98047 0.3849
9435.90039 0.384219
9436.82031 0.383532
9437.74023 0.382849
9438.66016 0.38217
9439.58008 0.381488
9440.49023 0.38076
9441.41992 0.379977
9442.33984 0.379196
9443.25977 0.37842
9444.17969 0.377638
9445.09961 0.376857
9446.01953 0.376086
9446.94043 0.375304
9447.86035 0.374533
9448.78027 0.373758
9449.70996 0.37298
9450.62012 0.372246
9451.54980 0.371523
9452.46973 0.370807
9453.38965 0.370092
9454.30957 0.369372
9455.23047 0.368659
9456.15039 0.36794
9457.08008 0.367223
9458.00000 0.366507
9458.91992 0.365796
9459.83984 0.36508
9460.75977 0.364257
9461.69043 0.363405
9462.61035 0.362561
9463.53027 0.361714
9464.45996 0.360866
9465.37012 0.360028
9466.29980 0.359183
9467.21973 0.358339
9468.13965 0.3575
9469.07031 0.356656
9469.99023 0.35582
9470.91016 0.355423
9471.83984 0.355031
9472.75977 0.354639
9473.67969 0.354247
9474.61035 0.353855
9475.53027 0.353465
9476.45996 0.353073
9477.37012 0.352685
9478.29980 0.352292
9479.21973 0.351901
9480.15039 0.351456
9481.07031 0.350728
9482.00000 0.349995
9482.91992 0.349273
9483.84961 0.348545
9484.76953 0.347821
9485.69043 0.347094
9486.62012 0.346368
9487.54004 0.345649
9488.46973 0.344924
9489.40039 0.3442
9490.30957 0.343639
9491.24023 0.343371
9492.16016 0.343106
9493.08984 0.342838
9494.01953 0.342568
9494.94043 0.342299
9495.87012 0.342031
9496.79980 0.341762
9497.71973 0.341492
9498.65039 0.341221
9499.57031 0.340951
9500.50000 0.34071
9501.41992 0.340497
9502.34961 0.340281
9503.26953 0.340063
9504.20020 0.339848
9505.12988 0.339631
9506.05957 0.339414
9506.98047 0.339194
9507.91016 0.338975
9508.83984 0.338757
9509.75977 0.338537
9510.69043 0.338457
9511.62012 0.338422
9512.54980 0.338386
9513.48047 0.338349
9514.40039 0.338312
9515.32031 0.338273
9516.25000 0.338234
9517.17969 0.338193
9518.11035 0.338153
9519.03027 0.338109
9519.95996 0.33807
9520.90039 0.33784
9521.82031 0.337606
9522.75000 0.33737
9523.67969 0.337135
9524.61035 0.336903
9525.54004 0.336666
9526.45996 0.336431
9527.38965 0.336194
9528.32031 0.335956
9529.25000 0.33572
9530.17969 0.33545
9531.11035 0.335048
9532.03027 0.334649
9532.96973 0.334247
9533.88965 0.333852
9534.82031 0.33345
9535.75000 0.33305
9536.67969 0.332652
9537.61035 0.33225
9538.54980 0.331847
9539.46973 0.331451
9540.40039 0.330543
9541.33008 0.328966
9542.25977 0.327389
9543.19043 0.325811
9544.12012 0.324245
9545.04980 0.322675
9545.98047 0.321107
9546.91016 0.319551
9547.83984 0.317991
9548.76953 0.316439
9549.70996 0.314883
9550.62988 0.312601
9551.55957 0.30998
9552.50000 0.307353
9553.42969 0.304728
9554.36035 0.302123
9555.29004 0.299511
9556.21973 0.296918
9557.15039 0.294317
9558.08984 0.291721
9559.01953 0.289147
9559.95020 0.28656
9560.88965 0.282521
9561.80957 0.278437
9562.75000 0.274337
9563.66992 0.270294
9564.61035 0.266214
9565.54004 0.262144
9566.46973 0.258105
9567.41016 0.254056
9568.33984 0.250014
9569.26953 0.246007
9570.20996 0.241791
9571.13965 0.236929
9572.07031 0.232053
9573.00977 0.227191
9573.94043 0.222363
9574.87012 0.217522
9575.79980 0.212721
9576.73047 0.20793
9577.66992 0.203128
9578.59961 0.198363
9579.54004 0.19358
9580.46973 0.188627
9581.40039 0.183524
9582.33984 0.178414
9583.26953 0.173312
9584.20996 0.168254
9585.13965 0.163182
9586.08008 0.15815
9587.00977 0.153108
9587.95020 0.148081
9588.87988 0.14312
9589.80957 0.138121
9590.75000 0.133732
9591.67969 0.129532
9592.62012 0.125316
9593.54980 0.121133
9594.49023 0.11694
9595.42969 0.112758
9596.36035 0.10861
9597.29980 0.10445
9598.23047 0.100324
9599.16992 0.0961868
9600.09961 0.0921721
9601.03027 0.0889548
9601.96973 0.085727
9602.91016 0.0825081
9603.83984 0.0793167
9604.78027 0.0761149
9605.70996 0.0729371
9606.65039 0.0697521
9607.58984 0.0665758
9608.51953 0.0634242
9609.45996 0.0602614
9610.40039 0.057532
9611.33984 0.0553871
9612.28027 0.0532348
9613.20020 0.0511134
9614.15039 0.0489727
9615.08008 0.0468389
9616.01953 0.0447217
9616.95996 0.0425999
9617.90039 0.0404837
9618.83008 0.0383846
9619.76953 0.0362784
9620.70996 0.0347833
9621.65039 0.0334742
9622.58984 0.0321704
9623.51953 0.0308758
9624.45996 0.0295781
9625.40039 0.0282843
9626.33008 0.0270091
9627.26953 0.0257214
9628.20996 0.0244456
9629.15039 0.0231671
9630.08984 0.021939
9631.03027 0.0211659
9631.96973 0.0203899
9632.91016 0.0196164
9633.84961 0.0188498
9634.79004 0.0180805
9635.71973 0.0173175
9636.66992 0.0165526
9637.61035 0.0157891
9638.54004 0.0150373
9639.48047 0.0142781
9640.41992 0.0136503
9641.36035 0.0131842
9642.29980 0.0127175
9643.24023 0.0122541
9644.17969 0.0117898
9645.12012 0.0113269
9646.05957 0.0108676
9647.00000 0.0104075
9647.94043 0.00994882
9648.87988 0.00949374
9649.83008 0.00903729
9650.75977 0.00871248
9651.70020 0.00841417
9652.65039 0.00811642
9653.58008 0.00782102
9654.53027 0.00752495
9655.46973 0.00722975
9656.41016 0.0069369
9657.34961 0.00664335
9658.29004 0.00635222
9659.23047 0.00606041
9660.17969 0.00579018
9661.12012 0.00561262
9662.05957 0.00543452
9663.00000 0.00525694
9663.94043 0.0050819
9664.87988 0.00490535
9665.82031 0.00473029
9666.76953 0.00455485
9667.70996 0.00437991
9668.65039 0.00420644
9669.59961 0.00403243
9670.54004 0.00389209
9671.48047 0.00377732
9672.41992 0.00366246
9673.36035 0.00354839
9674.30957 0.00343408
9675.25977 0.00332013
9676.19043 0.00320781
9677.13965 0.00309443
9678.08008 0.0029821
9679.01953 0.00286952
10646.92188 0.0
