threeML/data/optical_filters/HST/ACS_HRC-F652W.ecsv
# %ECSV 0.9
# ---
# datatype:
# - {name: wavelength, unit: Angstrom, datatype: float32}
# - {name: response, datatype: float32}
# meta: !!omap
# - {band_name: F652W}
# - {group_name: ACS_HRC}
wavelength response
[from data line 1602]
6622.12012 0.995823
6622.95020 0.995512
6623.77979 0.995203
6624.60010 0.994896
6625.43018 0.994586
6626.25977 0.994277
6627.08008 0.993966
6627.91016 0.993656
6628.74023 0.993348
6629.56006 0.993039
6630.39990 0.993028
6631.22021 0.993347
6632.06006 0.993667
6632.87988 0.993985
6633.70996 0.994303
6634.54004 0.994622
6635.35986 0.99494
6636.18994 0.995259
6637.02002 0.995578
6637.85010 0.995894
6638.68018 0.996213
6639.50977 0.996532
6640.33008 0.995913
6641.16016 0.993891
6641.99023 0.991869
6642.81982 0.989854
6643.64990 0.987838
6644.47998 0.985813
6645.31006 0.983804
6646.14014 0.981779
6646.97021 0.979751
6647.79980 0.977744
6648.62988 0.975716
6649.45996 0.973686
6650.29004 0.972452
6651.12012 0.972695
6651.95020 0.972939
6652.77002 0.973181
6653.60986 0.973424
6654.43994 0.973668
6655.27002 0.973909
6656.10010 0.974153
6656.93018 0.974395
6657.75977 0.974638
6658.58984 0.974881
6659.43018 0.975125
6660.25000 0.975413
6661.08984 0.975806
6661.91992 0.976199
6662.75000 0.976589
6663.58008 0.976984
6664.41016 0.977377
6665.24023 0.977769
6666.06982 0.978162
6666.91016 0.978557
6667.74023 0.978947
6668.56982 0.979341
6669.41016 0.979735
6670.22998 0.980369
6671.06982 0.981635
6671.89990 0.982902
6672.72998 0.984161
6673.56982 0.985422
6674.39990 0.986689
6675.22998 0.987945
6676.06982 0.989217
6676.89990 0.99048
6677.74023 0.991746
6678.56982 0.99301
6679.39990 0.994274
6680.24023 0.995304
6681.06982 0.99573
6681.89990 0.996155
6682.74023 0.996585
6683.56982 0.997011
6684.39990 0.997438
6685.24023 0.997867
6686.06982 0.998292
6686.91016 0.998719
6687.74023 0.999148
6688.58008 0.999573
6689.41016 1.0
6690.25000 0.999876
6691.08008 0.998452
6691.91992 0.997029
6692.75977 0.995598
6693.58984 0.994175
6694.41992 0.992749
6695.25977 0.991316
6696.10010 0.98989
6696.93018 0.988467
6697.77002 0.987035
6698.60010 0.985607
6699.43994 0.984179
6700.27979 0.983085
6701.10986 0.982679
6701.95020 0.982273
6702.79004 0.981864
6703.62012 0.98146
6704.45996 0.981053
6705.29980 0.980645
6706.12988 0.980238
6706.97021 0.979832
6707.81006 0.979422
6708.64014 0.979016
6709.47998 0.978609
6710.31982 0.977672
6711.14990 0.975877
6711.99023 0.974079
6712.83008 0.972277
6713.66992 0.970478
6714.50000 0.968681
6715.35010 0.966876
6716.18018 0.965079
6717.02002 0.963282
6717.85986 0.961475
6718.70020 0.959677
6719.52979 0.957877
6720.37988 0.957145
6721.22021 0.957751
6722.06006 0.958356
6722.89014 0.958958
6723.72998 0.959564
6724.56982 0.960171
6725.41016 0.960774
6726.25000 0.961378
6727.08984 0.961984
6727.93018 0.962586
6728.77002 0.963193
6729.60986 0.963799
6730.45020 0.9643
6731.29004 0.964718
6732.12988 0.965135
6732.97021 0.965552
6733.81006 0.965965
6734.64990 0.966382
6735.49023 0.966796
6736.33008 0.967214
6737.18018 0.96763
6738.00977 0.968043
6738.85010 0.968462
6739.70020 0.968881
6740.54004 0.969658
6741.37988 0.970638
6742.22021 0.971622
6743.06006 0.972598
6743.89990 0.973583
6744.75000 0.97457
6745.58008 0.975546
6746.43018 0.976532
6747.27002 0.977518
6748.10986 0.9785
6748.95020 0.979482
6749.79980 0.980467
6750.64014 0.981649
6751.47998 0.982909
6752.33008 0.984169
6753.16016 0.985416
6754.00977 0.986674
6754.85010 0.987933
6755.70020 0.989186
6756.54004 0.990442
6757.39014 0.991702
6758.22021 0.99295
6759.06982 0.99421
6759.91992 0.99547
6760.75000 0.995217
6761.60010 0.994793
6762.45020 0.994369
6763.29004 0.993945
6764.12988 0.99352
6764.97998 0.993096
6765.83008 0.99267
6766.66992 0.992247
6767.50977 0.991824
6768.35986 0.991399
6769.20020 0.990974
6770.04980 0.990529
6770.89990 0.989737
6771.74023 0.988948
6772.58008 0.988159
6773.43018 0.987366
6774.27002 0.986577
6775.12012 0.985787
6775.97021 0.984994
6776.81006 0.984204
6777.64990 0.983413
6778.50000 0.982619
6779.35010 0.981829
6780.18994 0.981166
6781.04004 0.980934
6781.89014 0.980701
6782.72998 0.98047
6783.58008 0.980238
6784.43018 0.980004
6785.27002 0.979772
6786.12012 0.97954
6786.97021 0.979306
6787.81006 0.979074
6788.66016 0.97884
6789.50977 0.978608
6790.35010 0.978296
6791.20020 0.977868
6792.04980 0.977444
6792.89990 0.977018
6793.75000 0.976592
6794.60010 0.976167
6795.43994 0.975742
6796.29004 0.975314
6797.14014 0.97489
6797.99023 0.974465
6798.83984 0.974036
6799.68994 0.97361
6800.52979 0.974209
6801.37988 0.975421
6802.22998 0.976627
6803.08008 0.977833
6803.93018 0.979044
6804.77979 0.980249
6805.62988 0.981456
6806.47998 0.982668
6807.33008 0.983875
6808.18018 0.985081
6809.02979 0.986293
6809.87988 0.987499
6810.72998 0.986382
6811.58008 0.984889
6812.43018 0.983381
6813.27979 0.981874
6814.12988 0.980381
6814.97998 0.978873
6815.83008 0.977365
6816.68018 0.97587
6817.52979 0.974362
6818.39014 0.972854
6819.22998 0.971358
6820.08984 0.969961
6820.93994 0.969569
6821.79004 0.969182
6822.64014 0.968789
6823.49023 0.968396
6824.33984 0.968008
6825.18994 0.967617
6826.04980 0.967225
6826.89990 0.966836
6827.75000 0.966444
6828.60010 0.966054
6829.45020 0.965665
6830.31006 0.965074
6831.16016 0.96413
6832.00977 0.963192
6832.85986 0.962247
6833.72021 0.961302
6834.56982 0.960367
6835.41992 0.959421
6836.27979 0.958475
6837.12988 0.957538
6837.97998 0.956592
6838.83984 0.955646
6839.68994 0.954708
6840.54004 0.953763
6841.39990 0.952816
6842.25000 0.951877
6843.10010 0.950929
6843.95996 0.949984
6844.81006 0.949043
6845.66992 0.948097
6846.52002 0.94715
6847.37988 0.94621
6848.22998 0.945261
6849.08984 0.944312
6849.93994 0.943372
6850.79980 0.943822
6851.64990 0.944378
6852.50000 0.944929
6853.35986 0.945486
6854.22021 0.946043
6855.06982 0.946593
6855.93018 0.947151
6856.79004 0.947708
6857.64990 0.948263
6858.50000 0.948818
6859.35010 0.949372
6860.20996 0.949715
6861.06982 0.949417
6861.91992 0.949121
6862.77979 0.948821
6863.64014 0.948523
6864.49023 0.948224
6865.35010 0.947925
6866.20996 0.947627
6867.06006 0.947329
6867.91992 0.947031
6868.77979 0.946732
6869.62988 0.946432
6870.49023 0.946526
6871.35010 0.946908
6872.20996 0.947289
6873.06982 0.947673
6873.91992 0.948058
6874.77979 0.94844
6875.64014 0.948824
6876.50000 0.949206
6877.35010 0.949589
6878.22021 0.949974
6879.06982 0.950355
6879.93018 0.950737
6880.79004 0.950321
6881.64990 0.949837
6882.50977 0.949353
6883.37012 0.948866
6884.22998 0.94838
6885.08008 0.947894
6885.93994 0.947409
6886.79980 0.946923
6887.66016 0.946437
6888.52002 0.94595
6889.37988 0.945464
6890.24023 0.944815
6891.10010 0.943746
6891.95996 0.942681
6892.81982 0.941615
6893.68018 0.940546
6894.54004 0.939481
6895.39990 0.938415
6896.27002 0.937344
6897.12012 0.936278
6897.97998 0.935213
6898.85010 0.934143
6899.70996 0.933077
6900.56982 0.932273
6901.43018 0.931602
6902.29980 0.93093
6903.16016 0.930258
6904.02002 0.929593
6904.87988 0.928922
6905.74023 0.928249
6906.60010 0.927583
6907.47021 0.926911
6908.33008 0.926239
6909.18994 0.925572
6910.04980 0.92494
6910.91992 0.924938
6911.77002 0.924932
6912.64014 0.924928
6913.50977 0.924924
6914.35986 0.924919
6915.22998 0.924915
6916.08984 0.92491
6916.95020 0.924907
6917.81982 0.924901
6918.68994 0.924896
6919.54004 0.924892
6920.41016 0.925387
6921.27002 0.926438
6922.12988 0.927479
6923.00000 0.92853
6923.87012 0.92958
6924.72998 0.930622
6925.58984 0.931673
6926.45996 0.932724
6927.31982 0.933766
6928.18994 0.934818
6929.04980 0.935868
6929.91016 0.93691
6930.77979 0.937083
6931.64990 0.937157
6932.50977 0.93723
6933.37988 0.937303
6934.24023 0.937378
6935.10010 0.937452
6935.97021 0.937526
6936.83984 0.937601
6937.70020 0.937673
6938.56982 0.937746
6939.43994 0.93782
6940.29980 0.937567
6941.16992 0.936689
6942.04004 0.93581
6942.89990 0.93494
6943.77002 0.934063
6944.64014 0.933184
6945.50000 0.932312
6946.37012 0.931433
6947.24023 0.930554
6948.10986 0.929677
6948.97021 0.9288
6949.83984 0.927924
6950.70996 0.926423
6951.56982 0.924789
6952.43994 0.923155
6953.31006 0.921513
6954.18018 0.919878
6955.04980 0.918243
6955.91992 0.9166
6956.77979 0.914965
6957.64990 0.913329
6958.52002 0.911685
6959.39014 0.910049
6960.25977 0.90822
6961.12988 0.905914
6961.99023 0.903618
6962.85986 0.901322
6963.72998 0.899014
6964.60010 0.896717
6965.47021 0.894419
6966.33984 0.892112
6967.20996 0.889814
6968.08008 0.887516
6968.95020 0.885209
6969.81982 0.88291
6970.68994 0.880512
6971.56006 0.878076
6972.43018 0.875651
6973.29980 0.873224
6974.16992 0.870788
6975.04004 0.868361
6975.91016 0.865937
6976.77979 0.8635
6977.64990 0.861074
6978.52002 0.858647
6979.39014 0.856208
6980.25977 0.853435
6981.12988 0.84986
6982.00977 0.846269
6982.87988 0.842694
6983.75000 0.839117
6984.62012 0.835526
6985.49023 0.831949
6986.35986 0.828371
6987.24023 0.824779
6988.10986 0.821202
6988.97998 0.817626
6989.85010 0.814033
6990.72998 0.808888
6991.60010 0.803423
6992.47021 0.797938
6993.33984 0.792473
6994.22021 0.786961
6995.08984 0.781518
6995.97021 0.776028
6996.83984 0.770536
6997.70996 0.76509
6998.58984 0.759596
6999.45996 0.754099
7000.33008 0.746542
7001.20996 0.735436
7002.08008 0.724333
7002.95020 0.713331
7003.83008 0.702233
7004.70020 0.69113
7005.56982 0.680128
7006.45020 0.669031
7007.33008 0.657934
7008.20020 0.646939
7009.06982 0.635841
7009.95020 0.624746
7010.81982 0.610413
7011.70020 0.595757
7012.58008 0.581095
7013.45020 0.566565
7014.31982 0.551908
7015.20020 0.537252
7016.06982 0.522722
7016.95020 0.508072
7017.83008 0.493414
7018.70020 0.478889
7019.58008 0.464229
7020.45996 0.451046
7021.33008 0.439307
7022.20996 0.427465
7023.08984 0.415623
7023.95996 0.403883
7024.83984 0.392039
7025.72021 0.380197
7026.58984 0.368461
7027.47021 0.356622
7028.35010 0.344778
7029.22021 0.333041
7030.10010 0.321607
7030.97998 0.313345
7031.85010 0.305153
7032.72998 0.296893
7033.60986 0.288631
7034.47998 0.280443
7035.37012 0.272179
7036.25000 0.263921
7037.12012 0.255734
7038.00000 0.247474
7038.87988 0.239212
7039.75977 0.231029
7040.64014 0.22485
7041.52002 0.21953
7042.39990 0.214187
7043.27979 0.208868
7044.14990 0.203547
7045.04004 0.198203
7045.91016 0.192883
7046.79004 0.187564
7047.66992 0.182218
7048.54980 0.176898
7049.43018 0.171577
7050.31006 0.166405
7051.18994 0.161565
7052.06982 0.156724
7052.95020 0.151861
7053.83008 0.147021
7054.70996 0.142179
7055.60010 0.137319
7056.47021 0.132478
7057.35010 0.127638
7058.24023 0.122778
7059.12012 0.117937
7060.00000 0.1131
7060.87988 0.108754
7061.75977 0.104428
7062.64014 0.100105
7063.52002 0.0957626
7064.39990 0.0914378
7065.27979 0.0871136
7066.16992 0.0827682
7067.04980 0.078445
7067.93018 0.0741199
7068.81006 0.0697762
7069.70020 0.0654521
7070.58008 0.0621903
7071.45996 0.0594741
7072.33984 0.0567706
7073.22998 0.0540677
7074.10986 0.0513534
7074.99023 0.0486501
7075.87012 0.0459475
7076.75977 0.0432336
7077.64014 0.0405321
7078.52002 0.0378313
7079.41016 0.0351176
7080.29004 0.0328361
7081.16992 0.0314032
7082.06006 0.0299641
7082.93994 0.0285308
7083.83008 0.0270977
7084.70996 0.0256584
7085.60010 0.0242257
7086.47998 0.0227932
7087.37012 0.0213537
7088.25000 0.0199144
7089.14014 0.0184753
7090.02002 0.0170651
7090.91016 0.0163711
7091.79980 0.0156769
7092.68018 0.0149889
7093.56006 0.014295
7094.45020 0.0136007
7095.33008 0.0129127
7096.22021 0.0122187
7097.10986 0.0115247
7097.99023 0.0108371
7098.87988 0.010143
7099.77002 0.00944898
7100.64990 0.00903185
7101.52979 0.00871034
7102.41992 0.00838871
7103.31006 0.00807011
7104.18994 0.00774857
7105.08008 0.00742692
7105.97021 0.00710831
7106.85010 0.00678676
7107.74023 0.00646525
7108.62988 0.00614664
7109.52002 0.00582525
7110.41016 0.00557558
7111.29004 0.00541313
7112.18018 0.00524928
7113.06982 0.00508546
7113.95020 0.0049231
7114.83984 0.00475923
7115.72998 0.00459539
7116.60986 0.00443302
7117.50977 0.00426915
7118.39990 0.0041054
7119.27979 0.00394302
7831.20801 0.0
