threeML/data/optical_filters/HST/ACS_WFC-F814W_81.ecsv
# %ECSV 0.9
# ---
# datatype:
# - {name: wavelength, unit: Angstrom, datatype: float32}
# - {name: response, datatype: float32}
# meta: !!omap
# - {band_name: F814W_81}
# - {group_name: ACS_WFC}
wavelength response
[from data line 3199]
9265.46973 0.468717
9266.37012 0.468613
9267.26953 0.468507
9268.17969 0.4684
9269.08008 0.468293
9269.99023 0.468187
9270.87988 0.46765
9271.79004 0.467101
9272.69043 0.466552
9273.59961 0.466006
9274.50000 0.465457
9275.41016 0.464909
9276.30957 0.464364
9277.21973 0.463814
9278.12012 0.46327
9279.01953 0.462721
9279.92969 0.462175
9280.83008 0.461559
9281.74023 0.460932
9282.65039 0.460308
9283.54980 0.45969
9284.45020 0.459065
9285.34961 0.458445
9286.25977 0.457822
9287.16992 0.457199
9288.07031 0.45658
9288.98047 0.455956
9289.88965 0.455332
9290.79004 0.4552
9291.70020 0.455137
9292.59961 0.455075
9293.50977 0.45501
9294.41016 0.454944
9295.30957 0.45488
9296.21973 0.454814
9297.12988 0.454748
9298.03027 0.454685
9298.94043 0.454615
9299.84961 0.454546
9300.75977 0.454106
9301.66992 0.453588
9302.57031 0.453075
9303.48047 0.452561
9304.38965 0.452045
9305.29004 0.451532
9306.20020 0.451016
9307.09961 0.450507
9308.00977 0.449991
9308.91992 0.449473
9309.82031 0.448962
9310.73047 0.448777
9311.63965 0.448672
9312.54980 0.448566
9313.45996 0.448457
9314.36035 0.44835
9315.26953 0.448242
9316.17969 0.448133
9317.08984 0.448024
9318.00000 0.447915
9318.91016 0.447804
9319.80957 0.447695
9320.71973 0.447119
9321.62988 0.446425
9322.54004 0.445728
9323.45020 0.445031
9324.34961 0.444339
9325.26953 0.443643
9326.17969 0.442948
9327.08008 0.442256
9328.00000 0.441563
9328.90039 0.440874
9329.80957 0.44018
9330.73047 0.439694
9331.62988 0.439266
9332.54004 0.438837
9333.44043 0.438411
9334.36035 0.43798
9335.26953 0.43755
9336.17969 0.437119
9337.08984 0.436687
9338.00000 0.436257
9338.91016 0.435829
9339.82031 0.435399
9340.73047 0.435086
9341.63965 0.434799
9342.54980 0.434514
9343.45996 0.434229
9344.37012 0.43394
9345.28027 0.433652
9346.19043 0.433368
9347.09961 0.433078
9348.00977 0.432791
9348.92969 0.4325
9349.83984 0.432214
9350.75000 0.431772
9351.66016 0.431297
9352.58008 0.43082
9353.49023 0.430347
9354.40039 0.429871
9355.29980 0.429398
9356.21973 0.428922
9357.12988 0.428446
9358.04004 0.427972
9358.95996 0.427497
9359.87012 0.427019
9360.78027 0.426561
9361.69043 0.426101
9362.59961 0.425645
9363.51953 0.425185
9364.42969 0.424726
9365.33984 0.424269
9366.25977 0.423811
9367.16992 0.423356
9368.08008 0.4229
9369.00000 0.422439
9369.91016 0.421985
9370.82031 0.421541
9371.74023 0.421097
9372.65039 0.420657
9373.55957 0.420214
9374.48047 0.419772
9375.38965 0.419333
9376.30957 0.418889
9377.21973 0.418451
9378.13965 0.418007
9379.04980 0.417567
9379.95996 0.417128
9380.87012 0.416529
9381.79004 0.415923
9382.70020 0.415319
9383.62012 0.414714
9384.53027 0.414111
9385.45020 0.413505
9386.36035 0.412901
9387.28027 0.412301
9388.19043 0.411695
9389.11035 0.41109
9390.01953 0.410497
9390.94043 0.410191
9391.84961 0.409882
9392.76953 0.409571
9393.69043 0.409261
9394.59961 0.408951
9395.51953 0.40864
9396.42969 0.408329
9397.34961 0.40802
9398.26953 0.407707
9399.17969 0.407396
9400.09961 0.407035
9401.01953 0.406261
9401.92969 0.40549
9402.84961 0.404717
9403.75977 0.403949
9404.67969 0.403181
9405.59961 0.402409
9406.50977 0.401644
9407.42969 0.400873
9408.34961 0.400103
9409.25977 0.399339
9410.17969 0.398402
9411.09961 0.396779
9412.01953 0.395165
9412.94043 0.393545
9413.84961 0.39194
9414.76953 0.390325
9415.69043 0.388713
9416.59961 0.387123
9417.51953 0.385516
9418.44043 0.38392
9419.34961 0.38232
9420.28027 0.381246
9421.19043 0.381397
9422.11035 0.381548
9423.03027 0.381697
9423.95020 0.381845
9424.87012 0.381991
9425.78027 0.382137
9426.70996 0.382281
9427.62988 0.382422
9428.54004 0.382564
9429.45996 0.382703
9430.37988 0.382501
9431.29980 0.381825
9432.21973 0.381144
9433.13965 0.380469
9434.05957 0.379788
9434.98047 0.379113
9435.90039 0.378437
9436.82031 0.377756
9437.74023 0.37708
9438.66016 0.376407
9439.58008 0.375731
9440.49023 0.37501
9441.41992 0.374234
9442.33984 0.373461
9443.25977 0.372692
9444.17969 0.371919
9445.09961 0.371145
9446.01953 0.370381
9446.94043 0.369607
9447.86035 0.368843
9448.78027 0.368076
9449.70996 0.367306
9450.62012 0.366579
9451.54980 0.365863
9452.46973 0.365154
9453.38965 0.364445
9454.30957 0.363732
9455.23047 0.363026
9456.15039 0.362314
9457.08008 0.361604
9458.00000 0.360895
9458.91992 0.360191
9459.83984 0.359481
9460.75977 0.358666
9461.69043 0.357823
9462.61035 0.356988
9463.53027 0.35615
9464.45996 0.355312
9465.37012 0.354482
9466.29980 0.353647
9467.21973 0.352812
9468.13965 0.351981
9469.07031 0.351147
9469.99023 0.350319
9470.91016 0.349924
9471.83984 0.349535
9472.75977 0.349145
9473.67969 0.348755
9474.61035 0.348365
9475.53027 0.347977
9476.45996 0.347587
9477.37012 0.347201
9478.29980 0.34681
9479.21973 0.346421
9480.15039 0.345979
9481.07031 0.345258
9482.00000 0.344534
9482.91992 0.343819
9483.84961 0.343098
9484.76953 0.342382
9485.69043 0.341662
9486.62012 0.340943
9487.54004 0.340231
9488.46973 0.339514
9489.40039 0.338798
9490.30957 0.338241
9491.24023 0.337974
9492.16016 0.337709
9493.08984 0.337441
9494.01953 0.337172
9494.94043 0.336903
9495.87012 0.336636
9496.79980 0.336367
9497.71973 0.336098
9498.65039 0.335827
9499.57031 0.335557
9500.50000 0.335316
9501.41992 0.335102
9502.34961 0.334886
9503.26953 0.334668
9504.20020 0.334452
9505.12988 0.334235
9506.05957 0.334018
9506.98047 0.333797
9507.91016 0.333577
9508.83984 0.333359
9509.75977 0.333139
9510.69043 0.333056
9511.62012 0.333018
9512.54980 0.332979
9513.48047 0.332939
9514.40039 0.332898
9515.32031 0.332856
9516.25000 0.332813
9517.17969 0.332769
9518.11035 0.332726
9519.03027 0.332679
9519.95996 0.332637
9520.90039 0.332407
9521.82031 0.332173
9522.75000 0.331937
9523.67969 0.331701
9524.61035 0.331469
9525.54004 0.331233
9526.45996 0.330997
9527.38965 0.330759
9528.32031 0.330522
9529.25000 0.330286
9530.17969 0.330016
9531.11035 0.329617
9532.03027 0.329221
9532.96973 0.328821
9533.88965 0.328429
9534.82031 0.32803
9535.75000 0.327633
9536.67969 0.327236
9537.61035 0.326837
9538.54980 0.326438
9539.46973 0.326044
9540.40039 0.325147
9541.33008 0.323592
9542.25977 0.322037
9543.19043 0.320481
9544.12012 0.318937
9545.04980 0.317389
9545.98047 0.315842
9546.91016 0.314308
9547.83984 0.31277
9548.76953 0.31124
9549.70996 0.309706
9550.62988 0.307458
9551.55957 0.304876
9552.50000 0.302289
9553.42969 0.299704
9554.36035 0.297138
9555.29004 0.294565
9556.21973 0.292013
9557.15039 0.289451
9558.08984 0.286894
9559.01953 0.284359
9559.95020 0.281812
9560.88965 0.277836
9561.80957 0.273817
9562.75000 0.269781
9563.66992 0.265802
9564.61035 0.261787
9565.54004 0.257782
9566.46973 0.253807
9567.41016 0.249822
9568.33984 0.245845
9569.26953 0.241902
9570.20996 0.237754
9571.13965 0.23297
9572.07031 0.228172
9573.00977 0.223389
9573.94043 0.218639
9574.87012 0.213877
9575.79980 0.209154
9576.73047 0.204441
9577.66992 0.199717
9578.59961 0.19503
9579.54004 0.190325
9580.46973 0.185453
9581.40039 0.180434
9582.33984 0.175407
9583.26953 0.17039
9584.20996 0.165415
9585.13965 0.160426
9586.08008 0.155478
9587.00977 0.150519
9587.95020 0.145575
9588.87988 0.140696
9589.80957 0.13578
9590.75000 0.131464
9591.67969 0.127334
9592.62012 0.123188
9593.54980 0.119075
9594.49023 0.114952
9595.42969 0.11084
9596.36035 0.10676
9597.29980 0.102671
9598.23047 0.0986127
9599.16992 0.0945454
9600.09961 0.0905981
9601.03027 0.0874347
9601.96973 0.084261
9602.91016 0.0810962
9603.83984 0.0779584
9604.78027 0.0748106
9605.70996 0.0716864
9606.65039 0.0685551
9607.58984 0.0654325
9608.51953 0.0623343
9609.45996 0.0592251
9610.40039 0.0565419
9611.33984 0.0544333
9612.28027 0.0523174
9613.20020 0.050232
9614.15039 0.0481277
9615.08008 0.0460301
9616.01953 0.0439489
9616.95996 0.0418633
9617.90039 0.0397832
9618.83008 0.03772
9619.76953 0.0356498
9620.70996 0.0341802
9621.65039 0.0328934
9622.58984 0.0316118
9623.51953 0.0303393
9624.45996 0.0290638
9625.40039 0.0277922
9626.33008 0.0265388
9627.26953 0.0252733
9628.20996 0.0240194
9629.15039 0.0227629
9630.08984 0.0215559
9631.03027 0.020796
9631.96973 0.0200334
9632.91016 0.0192732
9633.84961 0.0185198
9634.79004 0.0177637
9635.71973 0.0170138
9636.66992 0.0162622
9637.61035 0.0155119
9638.54004 0.0147731
9639.48047 0.0140271
9640.41992 0.0134101
9641.36035 0.012952
9642.29980 0.0124935
9643.24023 0.0120381
9644.17969 0.0115818
9645.12012 0.0111269
9646.05957 0.0106756
9647.00000 0.0102235
9647.94043 0.00977282
9648.87988 0.00932568
9649.83008 0.0088772
9650.75977 0.00855803
9651.70020 0.00826491
9652.65039 0.00797234
9653.58008 0.00768209
9654.53027 0.00739119
9655.46973 0.00710115
9656.41016 0.00681342
9657.34961 0.00652501
9658.29004 0.006239
9659.23047 0.00595232
9660.17969 0.00568683
9661.12012 0.00551238
9662.05957 0.00533739
9663.00000 0.00516292
9663.94043 0.00499095
9664.87988 0.0048175
9665.82031 0.00464551
9666.76953 0.00447316
9667.70996 0.00430131
9668.65039 0.0041309
9669.59961 0.00395996
9670.54004 0.0038221
9671.48047 0.00370935
9672.41992 0.0035965
9673.36035 0.00348445
9674.30957 0.00337215
9675.25977 0.00326022
9676.19043 0.00314988
9677.13965 0.00303852
9678.08008 0.00292818
9679.01953 0.0028176
10646.92188 0.0
