threeML/data/optical_filters/HST/ACS_HRC-F775W.ecsv
# %ECSV 0.9
# ---
# datatype:
# - {name: wavelength, unit: Angstrom, datatype: float32}
# - {name: response, datatype: float32}
# meta: !!omap
# - {band_name: F775W}
# - {group_name: ACS_HRC}
wavelength response
5958.40527 0.0
6620.45020 0.00380665
6621.08008 0.00382688
6621.72021 0.00384721
6622.35986 0.00386744
6623.00000 0.00388766
6623.64014 0.003908
6624.27002 0.00392812
6624.91016 0.00394848
6625.54980 0.00396884
6626.18018 0.00398896
6626.81982 0.00400933
6627.45996 0.00402969
6628.10010 0.00404983
6628.72998 0.00407021
6629.37012 0.00409047
6630.00977 0.00411074
6630.64990 0.00413111
6631.29004 0.00415136
6631.91992 0.00417162
6632.56006 0.00419201
6633.20020 0.00421215
6633.83984 0.00423253
6634.47998 0.00425292
6635.10986 0.00427308
6635.75977 0.00429347
6636.39990 0.00431387
6637.02979 0.00433403
6637.66992 0.00435443
6638.31006 0.00437473
6638.95020 0.00439502
6639.58984 0.00441542
6640.22998 0.00443576
6640.87012 0.00445627
6641.50977 0.00447667
6642.14014 0.00449695
6642.77979 0.00451746
6643.41992 0.00453799
6644.06006 0.00455829
6644.70020 0.00457881
6645.33984 0.00459934
6645.97998 0.00461965
6646.62012 0.00464019
6647.25977 0.00466062
6647.89990 0.00468119
6648.54004 0.00470163
6649.18018 0.00472207
6649.81982 0.00474263
6650.45996 0.00476305
6651.10010 0.00478336
6651.74023 0.0048039
6652.37988 0.00482447
6653.02002 0.00484501
6653.66016 0.00486534
6654.29980 0.00488578
6654.93994 0.00490635
6655.58008 0.00492679
6656.22021 0.00494725
6656.85986 0.00496782
6657.50000 0.00498828
6658.14014 0.00500862
6658.77979 0.00502921
6659.43018 0.00504981
6660.06982 0.00507038
6660.70020 0.00509062
6661.35010 0.00511108
6661.99023 0.00513156
6662.62988 0.00515179
6663.27002 0.00517215
6663.91016 0.00519264
6664.54980 0.005213
6665.18994 0.00523336
6665.83984 0.00525385
6666.47998 0.00527424
6667.12012 0.00529473
6667.75977 0.00531498
6668.39990 0.00533549
6669.04980 0.00535598
6669.68018 0.00537626
6670.33008 0.00539687
6670.97021 0.00541757
6671.60986 0.00543805
6672.25977 0.00545877
6672.89990 0.00547936
6673.54004 0.00549997
6674.18018 0.00552071
6674.81982 0.00554132
6675.45996 0.00556194
6676.10986 0.00558267
6676.75000 0.00560319
6677.39014 0.00562395
6678.04004 0.00564469
6678.68018 0.00566521
6679.31982 0.00568598
6679.97021 0.00570676
6680.60010 0.00572724
6681.25000 0.00574795
6681.89014 0.00576853
6682.52979 0.00578914
6683.18018 0.00580986
6683.81982 0.00583047
6684.45996 0.0058511
6685.10986 0.00587182
6685.75000 0.00589232
6686.39014 0.00591306
6687.04004 0.00593381
6687.68018 0.00595433
6688.31982 0.00597508
6688.97021 0.00599571
6689.60986 0.00601635
6690.25977 0.00603709
6690.89990 0.00605766
6691.54980 0.00607835
6692.18994 0.00609893
6692.83008 0.00611939
6693.47998 0.0061401
6694.12012 0.0061608
6694.75977 0.00618127
6695.41016 0.00620197
6696.06006 0.00622269
6696.68994 0.00624318
6697.33984 0.0062639
6697.97998 0.0062845
6698.62988 0.00630522
6699.27979 0.00632583
6699.91992 0.00634644
6700.56982 0.00636723
6701.20996 0.00638792
6701.85010 0.00640849
6702.50000 0.00642928
6703.14990 0.00645008
6703.79004 0.00647091
6704.43018 0.00649148
6705.08008 0.0065123
6705.72998 0.006533
6706.37012 0.00655372
6707.02002 0.00657442
6707.66016 0.00659526
6708.31006 0.00661597
6708.95020 0.0066367
6709.60010 0.00665742
6710.24023 0.00667826
6710.89014 0.00669908
6711.52979 0.00671965
6712.18018 0.00674046
6712.83008 0.00676128
6713.47021 0.00678188
6714.12012 0.00680269
6714.77002 0.0068234
6715.41016 0.00684412
6716.06006 0.00686486
6716.70996 0.00688571
6717.35010 0.00690643
6718.00000 0.00692729
6718.64014 0.0069479
6719.29004 0.00696876
6719.93994 0.00698961
6720.58008 0.00701027
6721.22998 0.00703116
6721.87988 0.00705206
6722.52002 0.00707273
6723.16992 0.00709364
6723.81982 0.00711443
6724.45996 0.00713523
6725.10986 0.00715615
6725.75977 0.00717695
6726.41016 0.00719776
6727.06006 0.00721869
6727.70020 0.00723939
6728.35010 0.00726032
6729.00000 0.00728125
6729.64014 0.00730196
6730.29004 0.00732291
6730.93994 0.00734383
6731.58984 0.00736452
6732.24023 0.00738546
6732.87988 0.00740628
6733.52979 0.00742709
6734.18018 0.00744802
6734.83008 0.00746885
6735.47021 0.00748968
6736.12012 0.00751063
6736.77002 0.00753135
6737.41992 0.0075523
6738.06982 0.00757328
6738.70996 0.00759401
6739.35986 0.00761497
6740.00977 0.00763583
6740.66016 0.00765675
6741.31006 0.00767776
6741.95996 0.00769869
6742.60986 0.00771972
6743.25977 0.00774065
6743.91016 0.00776158
6744.56006 0.00778252
6745.20996 0.00780356
6745.85010 0.00782438
6746.50000 0.00784544
6747.14990 0.0078665
6747.79980 0.00788734
6748.45020 0.00790841
6749.10010 0.00792937
6749.75000 0.00795044
6750.39990 0.00797137
6751.04980 0.00799228
6751.70020 0.00801334
6752.35010 0.00803426
6752.99023 0.00805505
6753.64990 0.00807611
6754.29980 0.00809716
6754.95020 0.00811821
6755.60010 0.00813902
6756.25000 0.00816009
6756.89990 0.00818105
6757.54980 0.00820198
6758.20020 0.00822294
6758.85010 0.00824401
6759.50000 0.00826497
6760.14990 0.00828591
6760.79980 0.00830698
6761.45020 0.00832792
6762.10010 0.00834898
6762.75000 0.00836981
6763.39990 0.00839087
6764.06006 0.00841195
6764.70020 0.00843279
6765.35986 0.00845387
6766.00977 0.00847483
6766.66016 0.00849579
6767.31006 0.00851677
6767.95996 0.00853788
6768.60986 0.00855884
6769.27002 0.00857994
6769.91016 0.0086008
6770.56982 0.00862196
6771.22021 0.00864313
6771.87012 0.00866405
6772.52002 0.00868521
6773.18018 0.0087064
6773.81982 0.00872734
6774.47998 0.00874852
6775.12988 0.00876958
6775.77979 0.00879066
6776.43994 0.00881185
6777.08984 0.00883292
6777.74023 0.00885401
6778.39014 0.00887521
6779.04004 0.00889618
6779.68994 0.0089174
6780.35010 0.0089386
6781.00000 0.00895958
6781.64990 0.0089808
6782.31006 0.00900201
6782.95996 0.00902301
6783.60986 0.00904423
6784.25977 0.00906534
6784.91016 0.00908645
6785.56982 0.00910768
6786.22021 0.0091288
6786.87988 0.00914992
6787.52979 0.00917117
6788.18018 0.00919218
6788.83008 0.00921342
6789.49023 0.00923468
6790.14014 0.00925572
6790.79980 0.00927693
6791.45020 0.00929816
6792.10010 0.00931916
6792.75977 0.0093404
6793.41016 0.00936151
6794.06006 0.00938278
6794.72021 0.0094039
6795.37012 0.00942504
6796.02979 0.00944628
6796.68018 0.00946742
6797.33008 0.00948845
6797.99023 0.00950972
6798.64014 0.00953098
6799.29004 0.00955202
6799.95020 0.00957329
6800.60010 0.00975876
6801.25977 0.00995913
6801.91016 0.0101583
6802.56982 0.0103574
6803.22998 0.0105579
6803.87988 0.0107571
6804.52979 0.0109552
6805.18994 0.0111557
6805.83984 0.011356
6806.50000 0.0115565
6807.14990 0.0117547
6807.81006 0.0119552
6808.47021 0.0121556
6809.12012 0.0123538
6809.77002 0.0125532
6810.43018 0.0127956
6811.08008 0.0130588
6811.74023 0.0133219
6812.39990 0.0135867
6813.04980 0.0138498
6813.70996 0.0141145
6814.35986 0.0143763
6815.02002 0.0146412
6815.68018 0.0149059
6816.33008 0.0151679
6816.99023 0.0154328
6817.64990 0.0156978
6818.29980 0.0159597
6818.95020 0.0162231
6819.60986 0.0164882
6820.27002 0.0167988
6820.91992 0.0171816
6821.58008 0.017562
6822.22998 0.0179424
6822.89014 0.0183251
6823.54980 0.0187036
6824.20996 0.0190865
6824.85986 0.0194692
6825.52002 0.0198476
6826.18018 0.0202305
6826.83984 0.0206135
6827.49023 0.0209919
6828.14990 0.0213748
6828.79980 0.0217557
6829.45996 0.0221366
6830.12012 0.0225316
6830.77979 0.0229787
6831.43018 0.0234258
6832.08984 0.0238756
6832.74023 0.0243201
6833.39990 0.0247702
6834.06006 0.02522
6834.72021 0.0256649
6835.37988 0.0261146
6836.02979 0.0265621
6836.68994 0.0270096
6837.35010 0.0274597
6838.00977 0.0279075
6838.66992 0.028355
6839.33008 0.0288051
6839.97998 0.0292502
6840.64014 0.0298297
6841.29980 0.0304131
6841.95996 0.0309895
6842.62012 0.0315729
6843.27979 0.0321563
6843.93018 0.0327332
6844.58984 0.0333165
6845.25000 0.0338969
6845.91016 0.0344807
6846.56982 0.0350611
6847.22998 0.0356414
6847.89014 0.0362252
6848.54980 0.0368055
6849.20020 0.0373828
6849.85986 0.0379666
6850.52002 0.0386679
6851.18018 0.039391
6851.83984 0.0401227
6852.50000 0.0408544
6853.16016 0.0415818
6853.81982 0.0423097
6854.47998 0.043037
6855.14014 0.0437691
6855.79980 0.0444964
6856.45996 0.0452242
6857.12012 0.0459521
6857.77979 0.0466841
6858.43994 0.0474162
6859.10010 0.0481403
6859.75977 0.0488728
6860.41992 0.0496993
6861.08008 0.0505695
6861.74023 0.0514502
6862.39990 0.0523256
6863.06006 0.0532009
6863.72021 0.0540769
6864.37988 0.0549573
6865.04004 0.0558332
6865.70996 0.0567137
6866.35986 0.0575844
6867.02002 0.0584655
6867.68994 0.0593466
6868.35010 0.0602179
6869.00977 0.0610988
6869.66992 0.0619798
6870.33008 0.0630163
6870.99023 0.0642254
6871.64990 0.0654415
6872.31006 0.0666505
6872.97998 0.0678667
6873.64014 0.0690759
6874.29980 0.0702851
6874.95996 0.0715022
6875.62012 0.072705
6876.27979 0.0739212
6876.95020 0.0751384
6877.60010 0.0763421
6878.27002 0.0775593
6878.93018 0.0787764
6879.58984 0.0799792
6880.25977 0.0812994
6880.91992 0.0827751
6881.58008 0.0842509
6882.24023 0.0857342
6882.89990 0.0872109
6883.56006 0.0886865
6884.22998 0.0901707
6884.89014 0.0916385
6885.54980 0.0931229
6886.22021 0.0946083
6886.87988 0.0960761
6887.54004 0.0975613
6888.20020 0.0990378
6888.85986 0.100514
6889.52979 0.102001
6890.18994 0.103449
6890.85010 0.104829
6891.52002 0.106218
6892.18018 0.107598
6892.83984 0.108979
6893.50977 0.110367
6894.16992 0.11174
6894.83984 0.113129
6895.50000 0.114517
6896.16016 0.11589
6896.83008 0.117279
6897.49023 0.118661
6898.14990 0.12005
6898.81982 0.121431
6899.47998 0.122812
6900.14990 0.124339
6900.81006 0.126337
6901.47021 0.128323
6902.14014 0.130331
6902.79980 0.132341
6903.45996 0.134328
6904.12988 0.136338
6904.79980 0.138348
6905.45996 0.140347
6906.12012 0.142345
6906.79004 0.144344
6907.45020 0.146355
6908.12012 0.148355
6908.77979 0.150354
6909.45020 0.152367
6910.10986 0.154303
6910.77979 0.155941
6911.43994 0.157562
6912.10986 0.159201
6912.77979 0.160841
6913.43994 0.162461
6914.10010 0.164102
6914.77002 0.165732
6915.43018 0.167363
6916.10010 0.168993
6916.77002 0.170634
6917.43018 0.172265
6918.10010 0.173905
6918.75977 0.175536
6919.43018 0.177167
6920.10010 0.178897
6920.75977 0.181108
6921.43018 0.183348
6922.10010 0.185587
6922.75977 0.1878
6923.41992 0.190026
6924.08984 0.192266
6924.75977 0.194492
6925.43018 0.196733
6926.08984 0.198959
6926.75977 0.201187
6927.43018 0.203428
6928.08984 0.205656
6928.75977 0.207883
6929.43018 0.210124
6930.08984 0.212369
6930.75977 0.214831
6931.43018 0.217295
6932.08984 0.219729
6932.75977 0.222192
6933.43018 0.224641
6934.08984 0.227089
6934.75977 0.229552
6935.43018 0.232002
6936.08984 0.234451
6936.77002 0.236915
6937.43018 0.239351
6938.10010 0.241815
6938.77002 0.244279
6939.43018 0.246714
6940.10010 0.24918
6940.77002 0.251646
6941.43994 0.254084
6942.10010 0.256549
6942.77002 0.259002
6943.43994 0.261457
6944.10986 0.263924
6944.77979 0.266376
6945.45020 0.268842
6946.12012 0.271296
6946.77979 0.273736
6947.45020 0.276203
6948.12012 0.278671
6948.79004 0.281113
6949.45996 0.28358
6950.12012 0.286118
6950.79980 0.289037
6951.45996 0.291941
6952.12988 0.294845
6952.79980 0.297766
6953.47021 0.30067
6954.14014 0.303574
6954.81006 0.306478
6955.47998 0.309399
6956.14990 0.312287
6956.81982 0.31521
6957.49023 0.318131
6958.16016 0.321054
6958.83008 0.323942
6959.49023 0.32685
6960.16992 0.329867
6960.83984 0.333148
6961.50000 0.336433
6962.18018 0.339736
6962.85010 0.34302
6963.52002 0.346304
6964.18018 0.349588
6964.85986 0.352891
6965.52979 0.356194
6966.18994 0.359462
6966.87012 0.362765
6967.54004 0.366071
6968.20996 0.369339
6968.87988 0.372626
6969.54980 0.375931
6970.22021 0.378899
6970.89014 0.381218
6971.56006 0.383526
6972.22998 0.385831
6972.91016 0.388152
6973.56982 0.390445
6974.25000 0.392766
6974.91992 0.395086
6975.58984 0.397382
6976.25977 0.399702
6976.93994 0.402024
6977.60010 0.404319
6978.27002 0.40664
6978.95020 0.408947
6979.62012 0.411255
6980.29004 0.413772
6980.95996 0.416532
6981.62988 0.41929
6982.31006 0.422065
6982.97021 0.424809
6983.64990 0.427584
6984.31982 0.43036
6984.99023 0.433102
6985.66016 0.435878
6986.33984 0.438638
6987.00977 0.441397
6987.68018 0.444174
6988.35010 0.446935
6989.02002 0.449696
6989.70020 0.452472
6990.37012 0.455433
6991.04004 0.458604
6991.72021 0.461774
6992.39014 0.46491
6993.06006 0.468083
6993.74023 0.471255
6994.41016 0.474391
6995.08008 0.477565
6995.75000 0.48072
6996.43018 0.483877
6997.10010 0.487049
6997.77002 0.490207
6998.45020 0.493383
6999.12012 0.49654
6999.79004 0.49968
7000.47021 0.502927
7001.14990 0.506208
7001.81006 0.509447
7002.49023 0.512726
7003.16992 0.516005
7003.83984 0.519265
7004.50977 0.522524
7005.18994 0.525781
7005.85986 0.529059
7006.54004 0.532318
7007.20996 0.535575
7007.87988 0.538833
7008.56006 0.54211
7009.22998 0.545349
7009.91016 0.548625
7010.58008 0.55126
7011.25977 0.553792
7011.93018 0.556293
7012.60986 0.558826
7013.27979 0.561343
7013.95996 0.563859
7014.62988 0.566375
7015.31006 0.568906
7015.97998 0.571422
7016.64990 0.57394
7017.33008 0.576454
7018.00977 0.578985
7018.68994 0.581515
7019.35986 0.584017
7020.02979 0.586536
7020.70996 0.588844
7021.37988 0.591126
7022.06006 0.59342
7022.74023 0.595728
7023.41016 0.598022
7024.08984 0.600329
7024.77002 0.602625
7025.43994 0.604919
7026.12012 0.607225
7026.79004 0.609507
7027.47021 0.611814
7028.14990 0.614122
7028.81982 0.616403
7029.50000 0.618711
7030.18018 0.621133
7030.85010 0.62385
7031.52979 0.626599
7032.20020 0.629334
7032.87988 0.632067
7033.56006 0.634814
7034.22998 0.637547
7034.91016 0.640281
7035.58984 0.64303
7036.25977 0.645746
7036.93994 0.648494
7037.62012 0.651243
7038.29004 0.65396
7038.97998 0.656707
7039.64990 0.659439
7040.33008 0.661706
7041.00977 0.663487
7041.68018 0.665259
7042.35986 0.667032
7043.04004 0.668813
7043.72021 0.670584
7044.39014 0.672357
7045.06982 0.674139
7045.75000 0.6759
7046.43018 0.677683
7047.10986 0.679464
7047.77979 0.681226
7048.45996 0.683008
7049.14014 0.684778
7049.81982 0.68655
7050.50000 0.68849
7051.18018 0.690476
7051.85986 0.692472
7052.54004 0.694457
7053.20996 0.696429
7053.89014 0.698425
7054.56982 0.700421
7055.25000 0.702395
7055.93018 0.70439
7056.60986 0.706387
7057.29004 0.70837
7057.97021 0.710356
7058.64014 0.712338
7059.33008 0.714333
7060.00000 0.716319
7060.68018 0.718618
7061.35986 0.720932
7062.04004 0.723229
7062.72021 0.725515
7063.39990 0.727825
7064.08008 0.730137
7064.77002 0.73245
7065.43994 0.734735
7066.12012 0.737046
7066.79980 0.739345
7067.47998 0.741643
7068.16016 0.743942
7068.83984 0.746253
7069.52002 0.748552
7070.20020 0.750619
7070.87988 0.752146
7071.56006 0.753662
7072.25000 0.755186
7072.91992 0.756695
7073.60010 0.758218
7074.29004 0.759742
7074.97021 0.761249
7075.64990 0.762766
7076.33008 0.764291
7077.00977 0.765806
7077.68994 0.767329
7078.37012 0.768845
7079.04980 0.770362
7079.74023 0.771885
7080.41992 0.773647
7081.10010 0.775565
7081.77979 0.777492
7082.45996 0.7794
7083.14014 0.781329
7083.83008 0.783258
7084.50000 0.785165
7085.18994 0.787094
7085.87012 0.789013
7086.54980 0.79093
7087.22998 0.792859
7087.91016 0.794779
7088.60010 0.796695
7089.27979 0.798624
7089.95996 0.800531
7090.64014 0.801597
7091.33008 0.802608
7092.00977 0.803609
7092.68994 0.80462
7093.37988 0.805632
7094.04980 0.806632
7094.74023 0.807643
7095.41992 0.808648
7096.10010 0.809653
7096.79004 0.810662
7097.47021 0.811669
7098.14990 0.81268
7098.83984 0.813684
7099.52002 0.814683
7100.20020 0.815893
7100.89014 0.817585
7101.56982 0.819256
7102.25000 0.820947
7102.93994 0.822629
7103.62012 0.824307
7104.29980 0.825997
7104.99023 0.827678
7105.66992 0.829368
7106.35010 0.831048
7107.04004 0.832728
7107.72021 0.834408
7108.41016 0.836097
7109.08984 0.837769
7109.77002 0.839458
7110.45996 0.841352
7111.14990 0.843345
7111.83008 0.845315
7112.50977 0.847297
7113.20020 0.849291
7113.87988 0.851272
7114.56006 0.853253
7115.25000 0.855244
7115.93994 0.857226
7116.62012 0.859207
7117.29980 0.861189
7117.99023 0.863182
7118.68018 0.865175
7119.35986 0.867143
7120.04980 0.868979
7120.72998 0.868625
7121.41016 0.868275
7122.10010 0.867922
7122.79004 0.867566
7123.47021 0.867213
7124.14990 0.866861
7124.83984 0.866506
7125.52979 0.866154
7126.22021 0.8658
7126.89990 0.865449
7127.58984 0.865095
