threeML/data/optical_filters/HST/ACS_WFC-F850LP_77.ecsv
# %ECSV 0.9
# ---
# datatype:
# - {name: wavelength, unit: Angstrom, datatype: float32}
# - {name: response, datatype: float32}
# meta: !!omap
# - {band_name: F850LP_77}
# - {group_name: ACS_WFC}
wavelength response
[from data line 2393]
10140.66992 0.199788
10141.70020 0.199346
10142.73047 0.198899
10143.75977 0.198458
10144.78027 0.198015
10145.80957 0.197574
10146.83008 0.197132
10147.86035 0.19669
10148.87988 0.196248
10149.91016 0.195805
10150.94043 0.195356
10151.96973 0.194911
10153.00000 0.194466
10154.01953 0.194022
10155.04980 0.193576
10156.07031 0.193132
10157.11035 0.192682
10158.13965 0.192237
10159.16016 0.191791
10160.19043 0.191347
10161.20996 0.190901
10162.24023 0.190455
10163.26953 0.190009
10164.29004 0.189564
10165.33008 0.189113
10166.36035 0.188668
10167.38965 0.188222
10168.41016 0.187776
10169.44043 0.18733
10170.48047 0.186889
10171.50977 0.186463
10172.53027 0.186036
10173.55957 0.18561
10174.58984 0.185184
10175.62012 0.184758
10176.63965 0.184331
10177.66992 0.183904
10178.70020 0.183478
10179.74023 0.183046
10180.76953 0.182631
10181.79980 0.18222
10182.83008 0.18181
10183.84961 0.181399
10184.88965 0.180983
10185.91992 0.180572
10186.95020 0.18016
10187.98047 0.179748
10189.00977 0.179336
10190.04004 0.178924
10191.07031 0.178515
10192.09961 0.178107
10193.13965 0.177693
10194.16992 0.177284
10195.20020 0.176874
10196.23047 0.176464
10197.25977 0.176055
10198.29004 0.175645
10199.33008 0.17523
10200.36035 0.17486
10201.38965 0.174569
10202.41992 0.174277
10203.45020 0.173985
10204.48047 0.173692
10205.50977 0.1734
10206.54004 0.173107
10207.58984 0.172811
10208.62012 0.172518
10209.65039 0.172225
10210.67969 0.171938
10211.70996 0.171653
10212.74023 0.171367
10213.79004 0.171079
10214.82031 0.170793
10215.84961 0.170507
10216.87988 0.170222
10217.91016 0.169936
10218.95020 0.16965
10219.98047 0.169363
10221.00977 0.169043
10222.04980 0.16872
10223.08984 0.168399
10224.12012 0.168079
10225.15039 0.167758
10226.19043 0.167438
10227.23047 0.167114
10228.25977 0.166793
10229.29980 0.166472
10230.33008 0.166158
10231.36035 0.165857
10232.40039 0.165557
10233.42969 0.165256
10234.45996 0.164955
10235.50000 0.164654
10236.54004 0.164349
10237.58008 0.164048
10238.61035 0.163746
10239.63965 0.163444
10240.67969 0.163144
10241.73047 0.162843
10242.75977 0.162544
10243.79004 0.162245
10244.83008 0.161946
10245.86035 0.161647
10246.90039 0.161348
10247.92969 0.161049
10248.96973 0.160749
10250.01953 0.160446
10251.04980 0.160132
10252.08984 0.159818
10253.12012 0.159503
10254.16016 0.159189
10255.19043 0.158874
10256.24023 0.158556
10257.26953 0.158245
10258.29980 0.15793
10259.34961 0.157612
10260.38965 0.157294
10261.41992 0.156971
10262.45996 0.156648
10263.50000 0.156325
10264.54004 0.155999
10265.58008 0.155676
10266.62012 0.155352
10267.66016 0.155029
10268.69043 0.154705
10269.73047 0.154381
10270.78027 0.15407
10271.79980 0.153771
10272.84961 0.153466
10273.88965 0.153163
10274.92969 0.152861
10275.96973 0.152558
10277.00000 0.152255
10278.04004 0.151952
10279.08984 0.151645
10280.12988 0.151339
10281.16992 0.151018
10282.20996 0.150698
10283.25000 0.150377
10284.29980 0.150052
10285.32031 0.149734
10286.36035 0.149413
10287.41016 0.149087
10288.45020 0.148766
10289.49023 0.148444
10290.53027 0.14813
10291.57031 0.147822
10292.61035 0.147514
10293.66016 0.147203
10294.70020 0.146895
10295.74023 0.146587
10296.78027 0.146278
10297.82031 0.14597
10298.86035 0.145661
10299.90039 0.145352
10300.94043 0.145038
10302.00000 0.14472
10303.04004 0.144405
10304.08008 0.14409
10305.12012 0.143775
10306.16016 0.14346
10307.20996 0.143141
10308.25000 0.142825
10309.29004 0.142509
10310.33008 0.142193
10311.37988 0.141878
10312.41992 0.141561
10313.45996 0.141245
10314.50000 0.140929
10315.54004 0.140612
10316.59961 0.140292
10317.63965 0.139976
10318.67969 0.139659
10319.71973 0.139341
10320.76953 0.139028
10321.82031 0.138714
10322.86035 0.138402
10323.91016 0.13809
10324.95020 0.137778
10325.99023 0.137466
10327.03027 0.137154
10328.08008 0.136841
10329.12012 0.136528
10330.16016 0.136213
10331.21973 0.135885
10332.25977 0.13556
10333.30957 0.135236
10334.34961 0.13491
10335.38965 0.134585
10336.45020 0.134257
10337.49023 0.133931
10338.54004 0.133606
10339.58008 0.13328
10340.62988 0.132963
10341.66992 0.132649
10342.71973 0.132337
10343.75977 0.132023
10344.82031 0.131707
10345.86035 0.131392
10346.91016 0.131079
10347.95020 0.130765
10349.00000 0.13045
10350.04004 0.130136
10351.09961 0.129804
10352.15039 0.129475
10353.17969 0.12915
10354.24023 0.128818
10355.28027 0.128489
10356.33008 0.12816
10357.37988 0.127831
10358.41992 0.127502
10359.48047 0.127169
10360.53027 0.126849
10361.57031 0.12654
10362.62012 0.12623
10363.66992 0.12592
10364.70996 0.12561
10365.76953 0.125296
10366.82031 0.124986
10367.87012 0.124675
10368.91016 0.124364
10369.95996 0.124053
10371.00977 0.123722
10372.05957 0.12339
10373.09961 0.123059
10374.16016 0.122723
10375.20996 0.122391
10376.25977 0.122059
10377.30957 0.121726
10378.36035 0.121393
10379.41992 0.121057
10380.45996 0.120724
10381.50000 0.120394
10382.55957 0.120057
10383.61035 0.119724
10384.66016 0.119389
10385.70996 0.119055
10386.75977 0.118721
10387.80957 0.118387
10388.87012 0.118049
10389.91992 0.117715
10390.96973 0.117365
10392.01953 0.117015
10393.07031 0.116664
10394.12988 0.116311
10395.17969 0.11596
10396.21973 0.115613
10397.28027 0.115258
10398.33008 0.114909
10399.37988 0.114558
10400.42969 0.114249
10401.48047 0.114
10402.54004 0.113748
10403.58984 0.1135
10404.63965 0.113251
10405.69043 0.113002
10406.75000 0.112753
10407.79980 0.112504
10408.84961 0.112255
10409.90039 0.112005
10410.95020 0.111753
10412.00977 0.111496
10413.07031 0.111243
10414.12012 0.110989
10415.16992 0.110736
10416.21973 0.110482
10417.29004 0.110227
10418.33984 0.109973
10419.38965 0.109719
10420.44043 0.109473
10421.50000 0.109239
10422.54980 0.109004
10423.59961 0.108769
10424.65039 0.108533
10425.71973 0.108296
10426.76953 0.10806
10427.82031 0.107825
10428.87988 0.107589
10429.92969 0.107353
10430.99023 0.10711
10432.04980 0.106862
10433.09961 0.106617
10434.16016 0.106372
10435.20996 0.106127
10436.26953 0.105882
10437.32031 0.105637
10438.37988 0.105392
10439.42969 0.105146
10440.50000 0.104905
10441.54980 0.104676
10442.59961 0.104446
10443.66016 0.104216
10444.70996 0.103986
10445.76953 0.103756
10446.83984 0.103523
10447.88965 0.103292
10448.95020 0.103061
10450.00000 0.10283
10451.05957 0.102585
10452.11035 0.10234
10453.16992 0.102094
10454.23047 0.101848
10455.29004 0.1016
10456.34961 0.101355
10457.41016 0.101109
10458.45996 0.100863
10459.51953 0.100617
10460.58984 0.100362
10461.63965 0.100105
10462.70020 0.0998476
10463.75977 0.0995905
10464.80957 0.0993329
10465.87012 0.0990762
10466.92969 0.0988186
10467.99023 0.0985614
10469.04004 0.0983039
10470.11035 0.0980438
10471.16992 0.0977854
10472.23047 0.0975272
10473.29004 0.0972682
10474.33984 0.0970094
10475.41016 0.096748
10476.46973 0.0964893
10477.53027 0.0962307
10478.58984 0.0959718
10479.65039 0.0957132
10480.70996 0.0954474
10481.75977 0.0951782
10482.82031 0.0949083
10483.88965 0.094636
10484.95020 0.0943667
10486.00977 0.0940971
10487.07031 0.0938278
10488.12988 0.0935585
10489.19043 0.0932893
10490.25977 0.0930204
10491.32031 0.092766
10492.37988 0.0925118
10493.44043 0.0922575
10494.50000 0.092003
10495.55957 0.0917486
10496.62012 0.0914938
10497.67969 0.0912389
10498.75000 0.0909813
10499.80957 0.0907263
10500.87012 0.0904753
10501.92969 0.0902246
10503.00000 0.0899739
10504.05957 0.0897231
10505.12988 0.0894694
10506.19043 0.0892183
10507.25000 0.0889671
10508.30957 0.0887161
10509.37988 0.0884646
10510.44043 0.0882149
10511.50000 0.0879676
10512.55957 0.0877203
10513.62988 0.0874699
10514.70020 0.0872223
10515.75977 0.0869744
10516.82031 0.0867264
10517.87988 0.0864782
10518.95020 0.0862301
10520.01953 0.0859794
10521.08008 0.0857276
10522.13965 0.0854768
10523.20996 0.0852256
10524.26953 0.0849739
10525.33008 0.0847221
10526.40039 0.0844704
10527.45996 0.0842186
10528.54004 0.0839643
10529.59961 0.0837121
10530.66016 0.0834555
10531.73047 0.0831954
10532.79004 0.082936
10533.87012 0.0826734
10534.92969 0.0824135
10535.99023 0.0821536
10537.05957 0.0818932
10538.12012 0.0816338
10539.19043 0.0813734
10540.25000 0.0811128
10541.32031 0.0808498
10542.37988 0.0805864
10543.45996 0.0803206
10544.51953 0.0800574
10545.58984 0.0797945
10546.65039 0.079531
10547.71973 0.0792676
10548.79980 0.0790015
10549.86035 0.0787384
10550.92969 0.0784856
10551.99023 0.0782338
10553.05957 0.0779827
10554.12012 0.0777315
10555.19043 0.0774798
10556.25977 0.0772279
10557.33984 0.0769736
10558.40039 0.0767215
10559.46973 0.0764693
10560.54004 0.0762176
10561.59961 0.0759659
10562.66992 0.0757142
10563.75000 0.0754595
10564.80957 0.0752077
10565.87012 0.0749583
10566.95020 0.0747035
10568.01953 0.0744511
10569.08008 0.0741986
10570.15039 0.073944
10571.21973 0.0736811
10572.29980 0.0734154
10573.37012 0.073152
10574.44043 0.0728884
10575.50000 0.0726249
10576.57031 0.0723615
10577.63965 0.0720982
10578.71973 0.0718317
10579.79004 0.0715681
10580.86035 0.071307
10581.92969 0.0710468
10583.00000 0.0707866
10584.05957 0.0705253
10585.12988 0.070265
10586.20020 0.0700041
10587.28027 0.0697402
10588.34961 0.0694796
10589.41992 0.0692189
10590.49023 0.0689594
10591.55957 0.0687024
10592.63965 0.0684425
10593.70020 0.0681881
10594.76953 0.0679311
10595.84961 0.0676704
10596.91992 0.067413
10598.00000 0.0671553
10599.07031 0.0668975
10600.13965 0.0666493
10601.20996 0.0664659
10602.29004 0.0662805
10603.36035 0.0660967
10604.42969 0.0659128
10605.50000 0.065729
10606.58008 0.0655451
10607.66016 0.0653588
10608.71973 0.0651768
10609.79004 0.0649923
10610.87012 0.0648003
10611.94043 0.0646097
10613.01953 0.0644183
10614.08984 0.0642275
10615.16016 0.064036
10616.25000 0.0638423
10617.32031 0.0636511
10618.38965 0.0634595
10619.45996 0.0632678
10620.54004 0.0630796
10621.61035 0.062894
10622.67969 0.0627084
10623.75000 0.0625225
10624.83008 0.0623367
10625.91016 0.0621491
10626.99023 0.0619627
10628.05957 0.0617771
10629.12988 0.0615906
10630.20996 0.0614038
10631.29004 0.0612129
10632.37012 0.0610241
10633.44043 0.0608348
10634.50977 0.0606455
10635.58984 0.0604562
10636.66016 0.0602669
10637.74023 0.0600779
10638.80957 0.0598884
10639.90039 0.0596971
10640.96973 0.0595074
10642.04980 0.0593178
10643.12012 0.0591278
10644.20020 0.0589383
10645.26953 0.0587483
10646.36035 0.0585565
10647.44043 0.0583664
10648.50977 0.0581764
10649.58984 0.057986
10650.66016 0.0577955
10651.74023 0.0576045
10652.82031 0.0574128
10653.88965 0.0572215
10654.98047 0.0570284
10656.05957 0.0568367
10657.12988 0.0566455
10658.20996 0.0564536
10659.29004 0.0562622
10660.36035 0.0560705
10661.45020 0.0558778
10662.53027 0.0556867
10663.59961 0.0554957
10664.67969 0.0553046
10665.75977 0.0551131
10666.83984 0.0549216
10667.91016 0.0547307
10668.99023 0.0545386
10670.08008 0.0543459
10671.16016 0.0541561
10672.24023 0.0539666
10673.32031 0.0537765
10674.38965 0.0535867
10675.48047 0.0533948
10676.55957 0.0532049
10677.63965 0.0530145
10678.71973 0.0528244
10679.79980 0.0526341
10680.87988 0.0524405
10681.95996 0.0522452
10683.03027 0.0520502
10684.11035 0.0518548
10685.20996 0.0516574
10686.28027 0.0514627
10687.36035 0.0512672
10688.44043 0.0510719
10689.51953 0.0508767
10690.61035 0.0506805
10691.69043 0.050487
10692.76953 0.0502938
10693.84961 0.0501
10694.92969 0.0499067
10696.01953 0.0497132
10697.09961 0.0495194
10698.17969 0.0493259
10699.25977 0.0491321
10700.34961 0.0489359
10701.42969 0.0487413
10702.50977 0.0485467
10703.58984 0.0483519
10704.66992 0.0481573
10705.76953 0.0479604
10706.84961 0.0477651
10707.91992 0.0475727
10709.00977 0.0473756
10710.08984 0.04718
10711.17969 0.0469801
10712.25977 0.0467794
10713.33984 0.0465792
10714.42969 0.046377
10715.51953 0.0461769
10716.59961 0.0459765
10717.67969 0.0457762
10718.75977 0.0455756
10719.84961 0.0453757
10720.94043 0.045178
10722.01953 0.044983
10723.09961 0.0447905
10724.19043 0.0445936
10725.26953 0.0443985
10726.36035 0.0442037
10727.44043 0.0440084
10728.51953 0.0438132
10729.62012 0.043616
10730.70020 0.0434207
10731.79004 0.0432255
10732.87012 0.0430303
10733.95996 0.0428354
10735.04004 0.0426399
10736.13965 0.0424421
10737.20996 0.0422488
10738.30957 0.0420508
10739.38965 0.0418553
10740.48047 0.0416582
10741.55957 0.0414594
10742.65039 0.0412605
10743.73047 0.0410617
10744.83008 0.0408604
10745.91016 0.0406615
10747.00000 0.0404625
10748.08008 0.0402634
10749.16992 0.0400644
10750.26953 0.0398646
10751.33984 0.039674
10752.42969 0.039481
10753.53027 0.0392859
10754.61035 0.0390928
10755.70020 0.0388998
10756.79004 0.0387062
10757.87012 0.0385133
10758.95996 0.0383195
10760.05957 0.0381236
10761.13965 0.0379238
10762.23047 0.0377241
10763.32031 0.0375243
10764.41016 0.0373248
10765.50000 0.0371227
10766.58008 0.0369252
10767.66992 0.0367251
10768.76953 0.0365229
10769.86035 0.036323
10770.94043 0.0361245
10772.03027 0.0359268
10773.12012 0.0357286
10774.21973 0.0355284
10775.30957 0.0353299
10776.40039 0.0351315
10777.49023 0.0349331
10778.57031 0.0347345
10779.66016 0.0345361
10780.75000 0.0343388
10781.83984 0.0341423
10782.92969 0.0339456
10784.03027 0.0337471
10785.12012 0.0335503
10786.20996 0.0333536
10787.29980 0.0331567
10788.38965 0.0329597
10789.49023 0.0327601
10790.58008 0.0325628
10791.66992 0.0323649
10792.75977 0.0321671
10793.84961 0.0319691
10794.94043 0.0317716
10796.03027 0.0315732
10797.12012 0.0313748
10798.21973 0.0311745
10799.32031 0.0309763
10800.41016 0.0306895
10801.50000 0.0302561
10802.58984 0.0298256
10803.67969 0.0293976
10804.78027 0.0289683
10805.87988 0.0285458
10806.96973 0.0281264
10808.05957 0.0277101
10809.15039 0.0272964
10810.24023 0.0268849
10811.33008 0.0264753
10812.42969 0.0260686
10813.53027 0.0256598
10814.62012 0.0252589
10815.70996 0.0248604
10816.80957 0.024465
10817.90039 0.0240725
10818.99023 0.0236826
10820.09961 0.0232921
10821.19043 0.0229079
10822.28027 0.0225264
10823.37988 0.0221483
10824.46973 0.0217727
10825.55957 0.0214001
10826.66016 0.0210307
10827.75000 0.0206639
10828.86035 0.0202962
10829.95020 0.019935
10831.04004 0.0195781
10832.13965 0.0192243
10833.23047 0.018873
10834.33984 0.018521
10835.42969 0.0181759
10836.53027 0.0178334
10837.62012 0.0174938
10838.71973 0.0171571
10839.80957 0.0168233
10840.91016 0.0164933
10842.00000 0.0161665
10843.09961 0.0158426
10844.20996 0.0155185
10845.29980 0.0152003
10846.40039 0.014885
10847.49023 0.0145726
10848.58984 0.0142631
10849.70020 0.0139531
10850.79004 0.0136479
10851.88965 0.0133454
10852.98047 0.0130456
10854.08008 0.0127491
10855.17969 0.0124555
10856.26953 0.0121648
10857.37012 0.011877
10858.48047 0.0115892
10859.58008 0.0113074
10860.66992 0.0110287
10861.76953 0.0107533
10862.87012 0.0104807
10863.95996 0.0102113
10865.07031 0.00994184
10866.16992 0.00967833
10867.26953 0.00941773
10868.37012 0.00915984
10869.45996 0.00890509
10870.55957 0.00865343
10871.66016 0.00840461
10872.75977 0.00815891
10873.87012 0.00791339
10874.96973 0.00767337
10876.07031 0.00743649
10877.16992 0.00720262
10878.25977 0.00697168
10879.36035 0.0067437
10880.46973 0.00651595
10881.57031 0.0062936
10882.66992 0.00607404
10883.76953 0.00585745
10884.87012 0.00564384
10885.96973 0.00543319
10887.07031 0.00522567
10888.17969 0.00501905
10889.26953 0.00481971
11978.19629 0.0
