threeML/data/optical_filters/HST/ACS_WFC-F555W_81.ecsv
# %ECSV 0.9
# ---
# datatype:
# - {name: wavelength, unit: Angstrom, datatype: float32}
# - {name: response, datatype: float32}
# meta: !!omap
# - {band_name: F555W_81}
# - {group_name: ACS_WFC}
wavelength response
[from data line 1594]
5417.83984 0.946186
5418.43994 0.946518
5419.04004 0.946848
5419.64014 0.947184
5420.22998 0.947666
5420.83008 0.948374
5421.43018 0.949081
5422.02979 0.949796
5422.62988 0.95051
5423.22998 0.951217
5423.83008 0.951931
5424.41992 0.952637
5425.02002 0.95335
5425.62012 0.95406
5426.22021 0.954772
5426.81982 0.955489
5427.41992 0.956197
5428.02002 0.956913
5428.62012 0.957628
5429.22021 0.958336
5429.81982 0.959054
5430.41992 0.959599
5431.02002 0.960068
5431.62012 0.960537
5432.22021 0.961012
5432.81982 0.961486
5433.41992 0.961955
5434.02002 0.96243
5434.62012 0.9629
5435.22021 0.963375
5435.81982 0.963849
5436.41992 0.964323
5437.02002 0.964796
5437.62012 0.965266
5438.22021 0.965741
5438.81982 0.966217
5439.41992 0.966688
5440.02979 0.967157
5440.62988 0.967467
5441.22998 0.967773
5441.83008 0.96808
5442.43018 0.968388
5443.02979 0.968699
5443.62988 0.969003
5444.22998 0.969313
5444.83008 0.969619
5445.43018 0.969929
5446.04004 0.970238
5446.64014 0.970546
5447.24023 0.970855
5447.83984 0.971161
5448.43994 0.97147
5449.04980 0.97178
5449.64990 0.972087
5450.25000 0.972236
5450.85010 0.972153
5451.45020 0.97207
5452.06006 0.971985
5452.66016 0.971902
5453.25977 0.971819
5453.85986 0.971736
5454.45996 0.971651
5455.06982 0.971566
5455.66992 0.971482
5456.27002 0.971397
5456.87012 0.971314
5457.47998 0.971229
5458.08008 0.971144
5458.68018 0.971059
5459.29004 0.970974
5459.89014 0.970889
5460.49023 0.971343
5461.10010 0.971922
5461.70020 0.972496
5462.29980 0.973076
5462.91016 0.973656
5463.50977 0.974231
5464.10986 0.974805
5464.70996 0.975385
5465.31982 0.975965
5465.91992 0.97654
5466.52979 0.977122
5467.12988 0.977697
5467.72998 0.978278
5468.33984 0.978858
5468.93994 0.979434
5469.54980 0.980015
5470.14990 0.980518
5470.75000 0.980797
5471.35986 0.981076
5471.95996 0.981351
5472.56982 0.98163
5473.16992 0.98191
5473.77002 0.982185
5474.37988 0.982464
5474.97998 0.98274
5475.58984 0.983018
5476.18994 0.983293
5476.79980 0.983572
5477.39990 0.983847
5478.00977 0.984125
5478.62012 0.984404
5479.22021 0.984681
5479.81982 0.98496
5480.43018 0.985092
5481.02979 0.985164
5481.64014 0.985237
5482.24023 0.98531
5482.85010 0.985384
5483.45996 0.985456
5484.06006 0.985528
5484.66992 0.9856
5485.27979 0.985672
5485.87988 0.985744
5486.47998 0.985816
5487.08984 0.985889
5487.70020 0.985962
5488.29980 0.986033
5488.91016 0.986104
5489.50977 0.986175
5490.12012 0.986405
5490.72998 0.987248
5491.33008 0.988099
5491.93994 0.988952
5492.54980 0.989796
5493.16016 0.990649
5493.77002 0.991501
5494.37012 0.992345
5494.97998 0.993199
5495.58984 0.994052
5496.18994 0.994897
5496.79004 0.995742
5497.39990 0.996596
5498.00977 0.997451
5498.62012 0.998297
5499.22998 0.999152
5499.83008 1.0
5500.43994 0.999733
5501.04004 0.999041
5501.64990 0.99834
5502.27002 0.997639
5502.87012 0.996946
5503.47998 0.996244
5504.08984 0.995541
5504.68994 0.994847
5505.29980 0.994144
5505.91016 0.99344
5506.52002 0.992744
5507.12988 0.992042
5507.72998 0.99134
5508.35010 0.990634
5508.95020 0.989935
5509.56006 0.989228
5510.16992 0.988714
5510.77979 0.988691
5511.37988 0.988667
5511.99023 0.988642
5512.60010 0.988618
5513.20996 0.988594
5513.81982 0.988569
5514.43018 0.988545
5515.04004 0.988521
5515.64990 0.988496
5516.25977 0.988471
5516.87012 0.988446
5517.47998 0.988423
5518.08984 0.988399
5518.70020 0.988373
5519.29980 0.988348
5519.91016 0.988323
5520.52979 0.988088
5521.12988 0.987822
5521.74023 0.987555
5522.35010 0.987285
5522.95996 0.987016
5523.56982 0.986749
5524.18018 0.986479
5524.79980 0.986209
5525.39990 0.985941
5526.02002 0.985669
5526.62012 0.9854
5527.22998 0.985131
5527.85010 0.984859
5528.45996 0.984587
5529.06982 0.984318
5529.68018 0.984048
5530.29004 0.983876
5530.89990 0.983817
5531.50977 0.983757
5532.12012 0.983698
5532.72998 0.983639
5533.33984 0.983579
5533.95020 0.983519
5534.56006 0.983457
5535.18018 0.983396
5535.79004 0.983337
5536.39990 0.983276
5537.00977 0.983215
5537.62012 0.983155
5538.24023 0.983094
5538.85010 0.983031
5539.45996 0.98297
5540.06982 0.982855
5540.68018 0.982323
5541.29980 0.981788
5541.89990 0.981258
5542.52002 0.980725
5543.12988 0.980189
5543.74023 0.979656
5544.35010 0.979124
5544.97021 0.978587
5545.58008 0.978052
5546.18994 0.977516
5546.81006 0.976979
5547.41992 0.976441
5548.02979 0.975909
5548.64014 0.975372
5549.25977 0.97483
5549.87012 0.974298
5550.47998 0.9744
5551.10010 0.974675
5551.70996 0.97495
5552.31982 0.975223
5552.93994 0.975499
5553.54980 0.975773
5554.16016 0.976048
5554.77002 0.976322
5555.39014 0.976599
5556.00000 0.976877
5556.60986 0.977151
5557.22998 0.977427
5557.85010 0.977704
5558.45020 0.977977
5559.06982 0.978253
5559.68994 0.978528
5560.29980 0.978239
5560.91016 0.977352
5561.52979 0.976472
5562.14014 0.975583
5562.75000 0.974702
5563.37012 0.973812
5563.99023 0.972922
5564.60010 0.97204
5565.20996 0.971152
5565.83008 0.970264
5566.43994 0.969372
5567.06006 0.96849
5567.66992 0.967595
5568.29004 0.966701
5568.89990 0.965816
5569.52002 0.964922
5570.12988 0.964276
5570.75000 0.96451
5571.37012 0.964745
5571.97998 0.964979
5572.60010 0.965214
5573.20996 0.965448
5573.81982 0.965682
5574.43994 0.965916
5575.06006 0.966149
5575.66992 0.966385
5576.29004 0.96662
5576.89990 0.966854
5577.52002 0.967087
5578.14014 0.967322
5578.75000 0.967554
5579.37012 0.967788
5579.97998 0.968023
5580.60010 0.967446
5581.22021 0.966854
5581.83008 0.966258
5582.45020 0.965663
5583.06982 0.965064
5583.68994 0.964466
5584.29980 0.963872
5584.91992 0.963271
5585.52979 0.962677
5586.14990 0.962077
5586.77002 0.961479
5587.39014 0.96088
5588.00000 0.960284
5588.62012 0.959682
5589.24023 0.95908
5589.85010 0.958484
5590.47021 0.958142
5591.08984 0.957879
5591.70996 0.95762
5592.31982 0.95736
5592.93994 0.957099
5593.56006 0.956838
5594.18018 0.956577
5594.79004 0.956317
5595.41016 0.956054
5596.02979 0.955791
5596.64990 0.955531
5597.27002 0.955268
5597.89014 0.955007
5598.50000 0.954743
5599.12012 0.95448
5599.74023 0.954216
5600.35986 0.953649
5600.97998 0.952856
5601.60010 0.95206
5602.20996 0.951266
5602.83984 0.950468
5603.45020 0.949673
5604.06982 0.948879
5604.68994 0.948079
5605.31006 0.947287
5605.93018 0.946486
5606.54980 0.945689
5607.16992 0.944892
5607.79004 0.94409
5608.39990 0.943295
5609.02002 0.942497
5609.64990 0.941693
5610.27002 0.941189
5610.87988 0.941083
5611.50000 0.940976
5612.12012 0.940868
5612.74023 0.94076
5613.35986 0.940652
5613.99023 0.940542
5614.60010 0.940435
5615.22021 0.940328
5615.83984 0.940219
5616.47021 0.940109
5617.08984 0.939999
5617.70020 0.939892
5618.33008 0.939783
5618.93994 0.939673
5619.56982 0.939563
5620.18994 0.939366
5620.81006 0.938967
5621.43018 0.938571
5622.04980 0.938171
5622.66992 0.937771
5623.29004 0.937373
5623.91016 0.936974
5624.54004 0.936571
5625.14990 0.936173
5625.77002 0.935774
5626.39990 0.935373
5627.02002 0.934973
5627.64014 0.934571
5628.25977 0.934173
5628.89014 0.933771
5629.50977 0.933371
5630.12988 0.933177
5630.75000 0.933777
5631.37012 0.93438
5631.99023 0.934983
5632.60986 0.935584
5633.24023 0.93619
5633.85986 0.93679
5634.47998 0.937397
5635.10010 0.937998
5635.72998 0.938605
5636.35010 0.939211
5636.97021 0.939813
5637.60010 0.94042
5638.22021 0.941028
5638.83984 0.941631
5639.45996 0.942236
5640.08984 0.942634
5640.70996 0.941746
5641.33008 0.940859
5641.95020 0.939971
5642.58008 0.939085
5643.20020 0.938197
5643.81982 0.937303
5644.43994 0.936418
5645.06982 0.935524
5645.68994 0.934638
5646.31982 0.933743
5646.93994 0.932847
5647.56982 0.931955
5648.18994 0.931063
5648.81006 0.930171
5649.43994 0.929274
5650.06006 0.928394
5650.68994 0.927632
5651.31006 0.926871
5651.93994 0.926104
5652.56006 0.925345
5653.18018 0.924578
5653.81006 0.923819
5654.43018 0.923052
5655.06006 0.922288
5655.68018 0.921524
5656.29980 0.920764
5656.93018 0.919996
5657.56006 0.919226
5658.18018 0.918461
5658.79980 0.917696
5659.43018 0.91693
5660.04980 0.916236
5660.68018 0.916322
5661.31006 0.916407
5661.93018 0.916492
5662.56006 0.916579
5663.18018 0.916666
5663.81006 0.916751
5664.43018 0.916837
5665.06006 0.916924
5665.68018 0.91701
5666.31006 0.917096
5666.93018 0.917182
5667.56006 0.917268
5668.18994 0.917355
5668.81006 0.917441
5669.43994 0.917527
5670.06006 0.917599
5670.68994 0.917556
5671.31982 0.917513
5671.93994 0.917472
5672.56982 0.91743
5673.20020 0.917389
5673.83008 0.917346
5674.45020 0.917303
5675.08008 0.91726
5675.70020 0.917217
5676.33008 0.917175
5676.95996 0.917133
5677.58984 0.917089
5678.20996 0.917047
5678.83984 0.917004
5679.45996 0.916962
5680.08984 0.916761
5680.72021 0.915652
5681.35010 0.914553
5681.97998 0.913444
5682.60010 0.912338
5683.22998 0.911232
5683.85986 0.91012
5684.49023 0.909012
5685.10986 0.907904
5685.75000 0.906789
5686.37012 0.905687
5687.00000 0.904579
5687.62012 0.903467
5688.25977 0.90235
5688.87988 0.901237
5689.50977 0.900125
5690.14014 0.899192
5690.77002 0.898882
5691.39990 0.898573
5692.02979 0.898262
5692.64990 0.897953
5693.27979 0.897644
5693.91016 0.897334
5694.54004 0.897024
5695.16992 0.896714
5695.79980 0.896405
5696.43018 0.896093
5697.06006 0.895782
5697.68994 0.895473
5698.31006 0.895164
5698.95020 0.89485
5699.56982 0.89454
5700.20020 0.894295
5700.83008 0.894186
5701.45996 0.894077
5702.08984 0.893968
5702.72021 0.89386
5703.35010 0.89375
5703.97998 0.89364
5704.60986 0.89353
5705.24023 0.89342
5705.87012 0.89331
5706.50000 0.893201
5707.14014 0.893092
5707.77002 0.892981
5708.39990 0.89287
5709.02979 0.89276
5709.66016 0.892651
5710.29004 0.892382
5710.91992 0.891923
5711.54980 0.891459
5712.18018 0.891001
5712.81006 0.890541
5713.43994 0.89008
5714.06982 0.889616
5714.70020 0.889153
5715.33008 0.888695
5715.97021 0.888233
5716.60010 0.887771
5717.22998 0.887309
5717.85986 0.886845
5718.49023 0.886383
5719.12012 0.885921
5719.75977 0.885457
5720.39014 0.884368
5721.02002 0.882876
5721.64990 0.881387
5722.27979 0.879889
5722.91016 0.878397
5723.54004 0.876911
5724.16992 0.875418
5724.81006 0.873917
5725.43994 0.872424
5726.06982 0.870931
5726.70996 0.869429
5727.33984 0.867936
5727.97021 0.866442
5728.60986 0.864939
5729.24023 0.863444
5729.87012 0.861948
5730.50977 0.861923
5731.14014 0.862271
5731.77002 0.862621
5732.39990 0.862969
5733.04004 0.863322
5733.66992 0.863671
5734.29980 0.864021
5734.93018 0.86437
5735.56982 0.864723
5736.20020 0.865074
5736.83008 0.865424
5737.47021 0.865778
5738.10010 0.866131
5738.74023 0.866483
5739.37012 0.866837
5740.00977 0.867176
5740.64014 0.866161
5741.27979 0.86514
5741.91016 0.864132
5742.54004 0.863111
5743.18018 0.862089
5743.81006 0.861077
5744.43994 0.86006
5745.08008 0.859044
5745.72021 0.858021
5746.35010 0.857009
5746.97998 0.855991
5747.60986 0.854975
5748.25000 0.853952
5748.89014 0.852933
5749.52002 0.851915
5750.16016 0.851044
5750.79004 0.850639
5751.43018 0.850234
5752.06006 0.849827
5752.70020 0.849422
5753.33984 0.849012
5753.97021 0.848603
5754.60010 0.848199
5755.24023 0.847792
5755.87988 0.847385
5756.50977 0.846975
5757.14990 0.846568
5757.77979 0.846161
5758.41992 0.845752
5759.04980 0.845342
5759.68994 0.844934
5760.33008 0.844337
5760.95996 0.843557
5761.60010 0.842782
5762.24023 0.842007
5762.87988 0.841228
5763.50977 0.840454
5764.14990 0.839673
5764.79004 0.838892
5765.41992 0.83812
5766.06006 0.837339
5766.68994 0.836566
5767.33008 0.835786
5767.97021 0.835008
5768.60010 0.83423
5769.24023 0.833456
5769.87988 0.832672
5770.50977 0.832235
5771.14990 0.83188
5771.79004 0.831522
5772.43018 0.831165
5773.06006 0.830808
5773.70020 0.83045
5774.33984 0.830093
5774.97998 0.829735
5775.62012 0.829376
5776.25000 0.829019
5776.89990 0.828659
5777.52979 0.828303
5778.16992 0.827944
5778.81006 0.827585
5779.43994 0.827227
5780.08984 0.826835
5780.72021 0.826251
5781.35986 0.825662
5782.00000 0.825073
5782.64014 0.824482
5783.27002 0.823897
5783.91016 0.823306
5784.56006 0.822714
5785.18994 0.822125
5785.83008 0.821536
5786.47021 0.820943
5787.10986 0.820355
5787.75000 0.819761
5788.39014 0.819171
5789.02979 0.818581
5789.66992 0.81799
5790.31006 0.817611
5790.95020 0.817462
5791.58984 0.817313
5792.22998 0.817164
5792.85986 0.817016
5793.50977 0.816866
5794.14014 0.816718
5794.77979 0.816568
5795.43018 0.816417
5796.06006 0.816267
5796.70020 0.816119
5797.35010 0.815969
5797.97998 0.815821
5798.62988 0.815671
5799.27002 0.815521
5799.91016 0.815372
5800.54980 0.814315
5801.18994 0.813118
5801.83008 0.811907
5802.47021 0.810703
5803.10986 0.809499
5803.75000 0.808294
5804.39014 0.807089
5805.02979 0.805884
5805.66992 0.804676
5806.31006 0.80347
5806.95996 0.802257
5807.60010 0.801051
5808.24023 0.799838
5808.87988 0.798637
5809.52002 0.797422
5810.16992 0.796449
5810.81006 0.79615
5811.45020 0.795849
5812.08984 0.79555
5812.72998 0.79525
5813.37988 0.794949
5814.02002 0.794649
5814.66016 0.794347
5815.29980 0.794049
5815.93994 0.79375
5816.58008 0.793448
5817.22998 0.793146
5817.87012 0.792847
5818.50977 0.792544
5819.16016 0.792241
5819.79980 0.791943
5820.43994 0.791006
5821.08008 0.789784
5821.72998 0.78856
5822.37012 0.787331
5823.02002 0.786106
5823.66016 0.784883
5824.29980 0.783658
5824.93994 0.782431
5825.58984 0.781198
5826.22998 0.779977
5826.87988 0.778743
5827.52002 0.777521
5828.16016 0.776285
5828.79980 0.775056
5829.45020 0.773826
5830.08984 0.77269
5830.72998 0.772152
5831.37988 0.771609
5832.02979 0.771067
5832.66992 0.770529
5833.31006 0.769985
5833.95996 0.769445
5834.60010 0.768904
5835.25000 0.76836
5835.89014 0.767822
5836.54004 0.767277
5837.18018 0.766737
5837.81982 0.766192
5838.47021 0.765651
5839.10986 0.76511
5839.75977 0.764568
5840.39990 0.76373
5841.04980 0.762714
5841.68994 0.7617
5842.33984 0.760679
5842.99023 0.759658
5843.62988 0.758647
5844.27979 0.757625
5844.91992 0.756607
5845.56982 0.755589
5846.22021 0.754565
5846.85986 0.753552
5847.50977 0.752529
5848.14990 0.751515
5848.79980 0.750491
5849.43994 0.74947
5850.08984 0.748513
5850.72998 0.747957
5851.37988 0.747403
5852.02979 0.746845
5852.66992 0.746292
5853.31982 0.745734
5853.97021 0.745176
5854.60986 0.744622
5855.25977 0.744063
5855.91016 0.743507
5856.54980 0.742951
5857.20020 0.742392
5857.85010 0.741836
5858.49023 0.741279
5859.14014 0.740726
5859.79004 0.740166
5860.43994 0.7392
5861.08008 0.738047
5861.72998 0.736884
5862.37988 0.735731
5863.02002 0.734566
5863.66992 0.733406
5864.31982 0.732243
5864.97021 0.731083
5865.60986 0.729921
5866.25977 0.728751
5866.91016 0.727588
5867.56006 0.726423
5868.20996 0.725252
5868.85986 0.724086
5869.50000 0.72292
5870.14990 0.721875
5870.79980 0.721224
5871.45020 0.72057
5872.10010 0.719922
5872.75000 0.719268
5873.39014 0.71862
5874.04004 0.717965
5874.68994 0.717313
5875.33984 0.716661
5875.99023 0.71601
5876.64014 0.715357
5877.29004 0.714701
5877.93994 0.714045
5878.58984 0.713395
5879.24023 0.712739
5879.89014 0.712086
5880.52979 0.710781
5881.18994 0.709329
5881.83008 0.70789
5882.47998 0.706436
5883.12988 0.704995
5883.77979 0.70354
5884.43018 0.702099
5885.08008 0.700643
5885.72998 0.699192
5886.37988 0.697741
5887.02979 0.696281
5887.68018 0.694837
5888.33008 0.693376
5888.99023 0.691915
5889.62988 0.690467
5890.29004 0.689347
5890.93018 0.688675
5891.58984 0.687996
5892.24023 0.687317
5892.89014 0.686644
5893.54004 0.685964
5894.18994 0.685286
5894.83984 0.684609
5895.49023 0.683931
5896.14014 0.683252
5896.79980 0.682571
5897.43994 0.681896
5898.10010 0.681213
5898.74023 0.680535
5899.39990 0.679852
5900.04980 0.679116
5900.70020 0.677706
5901.35010 0.676287
5902.00000 0.67488
5902.66016 0.67346
5903.31006 0.67204
5903.95996 0.670624
5904.60986 0.669209
5905.27002 0.667794
5905.91992 0.666377
5906.56982 0.66496
5907.22021 0.663543
5907.87988 0.662117
5908.52979 0.660706
5909.18018 0.65928
5909.83008 0.65786
5910.47998 0.656871
5911.14014 0.656032
5911.79004 0.655193
5912.43994 0.654348
5913.10010 0.653508
5913.75000 0.652666
5914.41016 0.651822
5915.06006 0.650983
5915.70996 0.65014
5916.35986 0.649298
5917.02002 0.648457
5917.66992 0.64761
5918.31982 0.646772
5918.97998 0.645925
5919.62988 0.645086
5920.29004 0.644116
