threeML/data/optical_filters/HST/ACS_SBC-PR110L.ecsv
# %ECSV 0.9
# ---
# datatype:
# - {name: wavelength, unit: Angstrom, datatype: float32}
# - {name: response, datatype: float32}
# meta: !!omap
# - {band_name: PR110L}
# - {group_name: ACS_SBC}
wavelength response
[from data line 1606]
1583.85999 0.544162
1584.17004 0.543388
1584.46997 0.542605
1584.78003 0.541819
1585.08997 0.541036
1585.39001 0.54025
1585.69995 0.539467
1586.00000 0.538681
1586.31006 0.537915
1586.60999 0.53715
1586.92004 0.536382
1587.22998 0.5356
1587.53003 0.534815
1587.83997 0.534029
1588.15002 0.53325
1588.44995 0.532482
1588.76001 0.531715
1589.06995 0.530941
1589.37000 0.530152
1589.68005 0.529366
1589.98999 0.528579
1590.29004 0.527805
1590.59998 0.527027
1590.91003 0.526253
1591.20996 0.525492
1591.52002 0.524734
1591.82996 0.523979
1592.13000 0.523215
1592.43994 0.522437
1592.75000 0.521659
1593.06006 0.520885
1593.37000 0.520128
1593.67004 0.519369
1593.97998 0.518612
1594.29004 0.517836
1594.59998 0.517057
1594.90002 0.516278
1595.20996 0.515501
1595.52002 0.514723
1595.82996 0.513941
1596.13000 0.513171
1596.43994 0.512412
1596.75000 0.511652
1597.06006 0.510887
1597.37000 0.510108
1597.67004 0.509329
1597.97998 0.508545
1598.29004 0.507781
1598.59998 0.50702
1598.91003 0.506257
1599.21997 0.505482
1599.53003 0.504701
1599.83997 0.50392
1600.14001 0.503158
1600.44995 0.502427
1600.76001 0.501695
1601.06995 0.500961
1601.38000 0.500227
1601.68994 0.499494
1602.00000 0.498762
1602.31006 0.498027
1602.62000 0.497293
1602.92004 0.49656
1603.22998 0.495824
1603.54004 0.495088
1603.84998 0.494352
1604.16003 0.493618
1604.46997 0.492883
1604.78003 0.492146
1605.08997 0.491411
1605.40002 0.490675
1605.70996 0.489937
1606.02002 0.489198
1606.32996 0.48844
1606.64001 0.487683
1606.94995 0.486927
1607.26001 0.486187
1607.56995 0.485448
1607.88000 0.484712
1608.18994 0.483976
1608.50000 0.483241
1608.81006 0.482507
1609.12000 0.481774
1609.43005 0.481039
1609.73999 0.480306
1610.06006 0.479574
1610.37000 0.478858
1610.68005 0.478142
1610.98999 0.477424
1611.30005 0.476705
1611.60999 0.475986
1611.92004 0.475267
1612.22998 0.474552
1612.54004 0.473832
1612.84998 0.473113
1613.16003 0.472395
1613.47998 0.471673
1613.79004 0.470954
1614.09998 0.470232
1614.41003 0.469512
1614.71997 0.468793
1615.04004 0.468071
1615.34998 0.467348
1615.66003 0.466627
1615.96997 0.465906
1616.28003 0.465183
1616.58997 0.464458
1616.91003 0.463737
1617.21997 0.463012
1617.53003 0.462289
1617.83997 0.461564
1618.15002 0.460832
1618.46997 0.460088
1618.78003 0.459341
1619.08997 0.458603
1619.40002 0.457878
1619.71997 0.457154
1620.03003 0.456428
1620.33997 0.455723
1620.65002 0.455016
1620.96997 0.454308
1621.28003 0.453602
1621.58997 0.452894
1621.91003 0.452187
1622.21997 0.451478
1622.53003 0.45077
1622.84998 0.450061
1623.16003 0.44935
1623.46997 0.448642
1623.78003 0.447933
1624.09998 0.447222
1624.41003 0.44651
1624.71997 0.4458
1625.04004 0.445095
1625.34998 0.444421
1625.67004 0.44375
1625.97998 0.443078
1626.29004 0.442403
1626.60999 0.441729
1626.92004 0.441054
1627.22998 0.440365
1627.55005 0.439672
1627.85999 0.438976
1628.18005 0.438293
1628.48999 0.437615
1628.81006 0.43694
1629.12000 0.436264
1629.43005 0.435586
1629.75000 0.434908
1630.06006 0.434236
1630.38000 0.433582
1630.68994 0.432925
1631.01001 0.43227
1631.31995 0.431594
1631.64001 0.430916
1631.94995 0.430238
1632.27002 0.429575
1632.57996 0.428918
1632.90002 0.428261
1633.20996 0.427601
1633.53003 0.426942
1633.83997 0.426283
1634.16003 0.425621
1634.46997 0.42496
1634.79004 0.424298
1635.10999 0.423635
1635.42004 0.422976
1635.73999 0.422313
1636.05005 0.421648
1636.37000 0.420966
1636.68005 0.420281
1637.00000 0.419596
1637.31995 0.418931
1637.63000 0.418265
1637.94995 0.417601
1638.26001 0.416937
1638.57996 0.41627
1638.89001 0.415604
1639.20996 0.414938
1639.53003 0.41427
1639.84998 0.413602
1640.16003 0.412934
1640.47998 0.41227
1640.79004 0.411606
1641.10999 0.410946
1641.43005 0.4103
1641.73999 0.409654
1642.06006 0.409005
1642.38000 0.408356
1642.68994 0.407709
1643.01001 0.407061
1643.32996 0.406409
1643.65002 0.40576
1643.95996 0.405111
1644.28003 0.404461
1644.59998 0.403808
1644.92004 0.403156
1645.22998 0.402488
1645.55005 0.401814
1645.87000 0.401142
1646.18994 0.400481
1646.50000 0.399826
1646.81995 0.399172
1647.14001 0.398518
1647.45996 0.397861
1647.78003 0.397204
1648.08997 0.396549
1648.41003 0.395892
1648.72998 0.395234
1649.05005 0.394575
1649.37000 0.393918
1649.68005 0.39326
1650.00000 0.3926
1650.31995 0.391983
1650.64001 0.391368
1650.95996 0.390751
1651.28003 0.39015
1651.59998 0.389553
1651.91003 0.388956
1652.22998 0.388357
1652.55005 0.387759
1652.87000 0.387159
1653.18994 0.386558
1653.51001 0.385958
1653.82996 0.385358
1654.15002 0.384758
1654.46997 0.384155
1654.79004 0.383551
1655.09998 0.382949
1655.42004 0.382344
1655.73999 0.381739
1656.06006 0.381135
1656.38000 0.380531
1656.69995 0.379925
1657.02002 0.379317
1657.33997 0.378711
1657.66003 0.378105
1657.97998 0.377496
1658.30005 0.376887
1658.62000 0.376279
1658.93994 0.375669
1659.26001 0.375059
1659.57996 0.37445
1659.90002 0.37384
1660.21997 0.373243
1660.54004 0.372652
1660.85999 0.372063
1661.18005 0.371469
1661.51001 0.370878
1661.82996 0.370287
1662.15002 0.369693
1662.46997 0.369101
1662.79004 0.368506
1663.10999 0.367912
1663.43005 0.367316
1663.75000 0.366719
1664.06995 0.366124
1664.39001 0.365528
1664.70996 0.364929
1665.04004 0.364332
1665.35999 0.363733
1665.68005 0.363133
1666.00000 0.362532
1666.31995 0.361932
1666.64001 0.361329
1666.95996 0.360728
1667.29004 0.360126
1667.60999 0.359522
1667.93005 0.358921
1668.25000 0.358316
1668.56995 0.35771
1668.90002 0.357104
1669.21997 0.356497
1669.54004 0.355891
1669.85999 0.355284
1670.18005 0.354686
1670.51001 0.354097
1670.82996 0.353507
1671.15002 0.352915
1671.46997 0.352323
1671.80005 0.351731
1672.12000 0.351139
1672.43994 0.350544
1672.77002 0.349949
1673.08997 0.349355
1673.41003 0.348759
1673.72998 0.348162
1674.06006 0.347564
1674.38000 0.346967
1674.69995 0.346365
1675.03003 0.345772
1675.34998 0.345236
1675.67004 0.344699
1676.00000 0.344162
1676.31995 0.343603
1676.64001 0.343044
1676.96997 0.34248
1677.29004 0.341939
1677.60999 0.341399
1677.93994 0.340856
1678.26001 0.340296
1678.58997 0.339733
1678.91003 0.339169
1679.22998 0.338618
1679.56006 0.338073
1679.88000 0.337528
1680.20996 0.336991
1680.53003 0.33646
1680.85999 0.335929
1681.18005 0.335385
1681.50000 0.334832
1681.82996 0.334276
1682.15002 0.333731
1682.47998 0.333195
1682.80005 0.332658
1683.13000 0.332114
1683.44995 0.331556
1683.78003 0.330997
1684.09998 0.330442
1684.43005 0.329903
1684.75000 0.329364
1685.07996 0.328816
1685.40002 0.328254
1685.72998 0.32769
1686.05005 0.327129
1686.38000 0.326584
1686.69995 0.326041
1687.03003 0.325497
1687.34998 0.324951
1687.68005 0.324405
1688.01001 0.323857
1688.32996 0.323289
1688.66003 0.322718
1688.97998 0.322148
1689.31006 0.321598
1689.63000 0.321046
1689.95996 0.320494
1690.29004 0.319936
1690.60999 0.319372
1690.93994 0.31881
1691.27002 0.318266
1691.58997 0.317725
1691.92004 0.317181
1692.25000 0.31662
1692.56995 0.316055
1692.90002 0.315487
1693.21997 0.314936
1693.55005 0.314388
1693.88000 0.313842
1694.20996 0.313293
1694.53003 0.312745
1694.85999 0.312196
1695.18994 0.311633
1695.51001 0.311059
1695.83997 0.310486
1696.17004 0.309922
1696.50000 0.309369
1696.81995 0.308814
1697.15002 0.30825
1697.47998 0.307673
1697.81006 0.307094
1698.13000 0.306523
1698.45996 0.305966
1698.79004 0.305405
1699.12000 0.304838
1699.43994 0.304256
1699.77002 0.303672
1700.09998 0.30312
1700.43005 0.302632
1700.76001 0.302144
1701.08997 0.301647
1701.41003 0.301135
1701.73999 0.300621
1702.06995 0.300113
1702.40002 0.29962
1702.72998 0.299128
1703.06006 0.298631
1703.38000 0.298114
1703.70996 0.297597
1704.04004 0.297078
1704.37000 0.296557
1704.69995 0.296039
1705.03003 0.29552
1705.35999 0.295022
1705.68994 0.294523
1706.02002 0.294021
1706.34998 0.293498
1706.68005 0.292972
1707.00000 0.292449
1707.32996 0.291945
1707.66003 0.291441
1707.98999 0.290935
1708.31995 0.290408
1708.65002 0.28988
1708.97998 0.28935
1709.31006 0.288821
1709.64001 0.288289
1709.96997 0.287756
1710.30005 0.287253
1710.63000 0.286749
1710.95996 0.286247
1711.29004 0.285724
1711.62000 0.285196
1711.94995 0.284668
1712.28003 0.284158
1712.60999 0.283652
1712.93994 0.283143
1713.27002 0.282616
1713.60999 0.282083
1713.93994 0.28155
1714.27002 0.281017
1714.59998 0.280482
1714.93005 0.279948
1715.26001 0.279427
1715.58997 0.278914
1715.92004 0.278398
1716.25000 0.277864
1716.57996 0.277326
1716.91003 0.276786
1717.25000 0.276263
1717.57996 0.275743
1717.91003 0.275223
1718.23999 0.274686
1718.56995 0.274141
1718.90002 0.273597
1719.22998 0.273068
1719.56995 0.272544
1719.90002 0.272019
1720.22998 0.271482
1720.56006 0.270939
1720.90002 0.270394
1721.22998 0.26985
1721.56006 0.269305
1721.89001 0.268757
1722.21997 0.268225
1722.56006 0.267701
1722.89001 0.267176
1723.21997 0.266633
1723.56006 0.266081
1723.89001 0.26553
1724.21997 0.264993
1724.55005 0.264464
1724.88000 0.263934
1725.21997 0.263433
1725.55005 0.262946
1725.88000 0.262461
1726.21997 0.261973
1726.55005 0.261486
1726.88000 0.260997
1727.21997 0.260509
1727.55005 0.26002
1727.88000 0.259528
1728.21997 0.259036
1728.55005 0.258545
1728.88000 0.258052
1729.21997 0.257572
1729.55005 0.257102
1729.88000 0.256631
1730.21997 0.256147
1730.55005 0.255653
1730.89001 0.25516
1731.21997 0.254667
1731.56006 0.254171
1731.89001 0.253673
1732.21997 0.253177
1732.56006 0.252679
1732.89001 0.252181
1733.22998 0.251683
1733.56006 0.251182
1733.90002 0.250681
1734.22998 0.250196
1734.56995 0.249719
1734.90002 0.249239
1735.22998 0.248741
1735.56995 0.248237
1735.90002 0.247732
1736.23999 0.247226
1736.56995 0.246719
1736.91003 0.246212
1737.23999 0.245702
1737.57996 0.245192
1737.92004 0.244681
1738.25000 0.244187
1738.58997 0.243701
1738.92004 0.243212
1739.26001 0.242705
1739.58997 0.242191
1739.93005 0.241674
1740.27002 0.24116
1740.59998 0.240645
1740.93994 0.240129
1741.27002 0.239614
1741.60999 0.239098
1741.93994 0.23858
1742.28003 0.238062
1742.62000 0.237542
1742.94995 0.237022
1743.29004 0.236522
1743.63000 0.236025
1743.95996 0.235526
1744.30005 0.235006
1744.64001 0.234481
1744.96997 0.233957
1745.31006 0.233432
1745.65002 0.232904
1745.97998 0.232374
1746.31995 0.231846
1746.66003 0.231316
1746.98999 0.230787
1747.32996 0.230256
1747.67004 0.229725
1748.01001 0.229192
1748.33997 0.228682
1748.68005 0.228173
1749.02002 0.227662
1749.35999 0.227125
1749.68994 0.226589
1750.03003 0.22607
1750.37000 0.225743
1750.70996 0.225417
1751.04004 0.225093
1751.38000 0.22479
1751.71997 0.224485
1752.06006 0.224181
1752.40002 0.223876
1752.73999 0.223571
1753.06995 0.22326
1753.41003 0.222928
1753.75000 0.222596
1754.08997 0.222269
1754.43005 0.22196
1754.77002 0.221652
1755.09998 0.221343
1755.43994 0.221032
1755.78003 0.220722
1756.12000 0.220401
1756.45996 0.220063
1756.80005 0.219726
1757.14001 0.219397
1757.47998 0.219083
1757.81995 0.218769
1758.15002 0.218443
1758.48999 0.218101
1758.82996 0.217759
1759.17004 0.21743
1759.51001 0.217113
1759.84998 0.216794
1760.18994 0.216476
1760.53003 0.216158
1760.87000 0.215839
1761.20996 0.215503
1761.55005 0.215158
1761.89001 0.214812
1762.22998 0.214482
1762.56995 0.214159
1762.91003 0.213836
1763.25000 0.213493
1763.58997 0.213145
1763.93005 0.212794
1764.27002 0.212464
1764.60999 0.212137
1764.94995 0.211811
1765.29004 0.211485
1765.63000 0.211156
1765.97998 0.210828
1766.31995 0.210475
1766.66003 0.21012
1767.00000 0.209764
1767.33997 0.209433
1767.68005 0.209102
1768.02002 0.208768
1768.35999 0.208409
1768.69995 0.208049
1769.05005 0.207693
1769.39001 0.207359
1769.72998 0.207023
1770.06995 0.206688
1770.41003 0.206353
1770.75000 0.206016
1771.09998 0.205671
1771.43994 0.205306
1771.78003 0.204941
1772.12000 0.204586
1772.45996 0.204247
1772.80005 0.203907
1773.15002 0.203567
1773.48999 0.203225
1773.82996 0.202882
1774.17004 0.202526
1774.52002 0.202155
1774.85999 0.201785
1775.19995 0.201477
1775.54004 0.201211
1775.89001 0.200945
1776.22998 0.200661
1776.56995 0.200367
1776.91003 0.200072
1777.26001 0.199797
1777.59998 0.199529
1777.93994 0.19926
1778.29004 0.198989
1778.63000 0.198719
1778.96997 0.198449
1779.31995 0.198152
1779.66003 0.197853
1780.00000 0.197554
1780.34998 0.197283
1780.68994 0.197009
1781.04004 0.196733
1781.38000 0.196433
1781.71997 0.196131
1782.06995 0.195835
1782.41003 0.195559
1782.75000 0.195282
1783.09998 0.194998
1783.43994 0.194694
1783.79004 0.194389
1784.13000 0.194094
1784.46997 0.193816
1784.81995 0.193537
1785.16003 0.193257
1785.51001 0.192976
1785.84998 0.192695
1786.19995 0.192399
1786.54004 0.192089
1786.89001 0.191779
1787.22998 0.191487
1787.57996 0.191204
1787.92004 0.190919
1788.27002 0.190613
1788.60999 0.1903
1788.95996 0.189986
1789.30005 0.189696
1789.65002 0.18941
1789.98999 0.189122
1790.33997 0.188835
1790.68005 0.188547
1791.03003 0.188256
1791.38000 0.187939
1791.71997 0.187622
1792.06995 0.18731
1792.41003 0.187019
1792.76001 0.186728
1793.09998 0.186427
1793.44995 0.186108
1793.80005 0.185787
1794.14001 0.185476
1794.48999 0.185182
1794.83997 0.184888
1795.18005 0.184593
1795.53003 0.184296
1795.88000 0.184
1796.21997 0.183686
1796.56995 0.18336
1796.91003 0.183034
1797.26001 0.182728
1797.60999 0.182429
1797.94995 0.182129
1798.30005 0.181805
1798.65002 0.181476
1799.00000 0.181146
1799.33997 0.180843
1799.68994 0.18054
1800.04004 0.180237
1800.39001 0.179938
1800.72998 0.179639
1801.07996 0.179339
1801.43005 0.179039
1801.78003 0.178737
1802.12000 0.178437
1802.46997 0.178134
1802.81995 0.177832
1803.17004 0.177515
1803.52002 0.177184
1803.85999 0.176852
1804.20996 0.176537
1804.56006 0.176233
1804.91003 0.175927
1805.26001 0.175621
1805.59998 0.175316
1805.94995 0.175008
1806.30005 0.174701
1806.65002 0.174394
1807.00000 0.174086
1807.34998 0.173779
1807.69995 0.17347
1808.05005 0.17316
1808.39001 0.17285
1808.73999 0.172539
1809.08997 0.172229
1809.43994 0.171918
1809.79004 0.171606
1810.14001 0.171295
1810.48999 0.170983
1810.83997 0.170671
1811.18994 0.170342
1811.54004 0.17
1811.89001 0.169657
1812.23999 0.169332
1812.58997 0.169018
1812.93994 0.168703
1813.29004 0.168388
1813.64001 0.168071
1813.98999 0.167754
1814.33997 0.167437
1814.68994 0.167118
1815.04004 0.166801
1815.39001 0.166482
1815.73999 0.166163
1816.08997 0.165844
1816.43994 0.165524
1816.79004 0.165204
1817.14001 0.164882
1817.48999 0.164561
1817.83997 0.164239
1818.18994 0.163916
1818.54004 0.163593
1818.89001 0.16327
1819.23999 0.162926
1819.59998 0.162572
1819.94995 0.162217
1820.30005 0.161888
1820.65002 0.161562
1821.00000 0.161236
1821.34998 0.16091
1821.69995 0.160584
1822.06006 0.160256
1822.41003 0.159929
1822.76001 0.159601
1823.10999 0.159272
1823.45996 0.158942
1823.81006 0.158613
1824.17004 0.158283
1824.52002 0.157952
1824.87000 0.15762
1825.21997 0.157308
1825.57996 0.157005
1825.93005 0.156702
1826.28003 0.156399
1826.63000 0.156096
1826.97998 0.155791
1827.33997 0.155486
1827.68994 0.155181
1828.04004 0.154876
1828.40002 0.15457
1828.75000 0.154263
1829.09998 0.153956
1829.44995 0.153649
1829.81006 0.153341
1830.16003 0.153033
1830.51001 0.152725
1830.87000 0.152416
1831.21997 0.152106
1831.56995 0.151797
1831.93005 0.151486
1832.28003 0.151175
1832.63000 0.150865
1832.98999 0.150553
1833.33997 0.150241
1833.69995 0.149928
1834.05005 0.149616
1834.40002 0.149302
1834.76001 0.148988
1835.10999 0.148674
1835.46997 0.148359
1835.81995 0.148043
1836.17004 0.147728
1836.53003 0.147412
1836.88000 0.147095
1837.23999 0.146778
1837.58997 0.14646
1837.94995 0.146141
1838.30005 0.145824
1838.66003 0.145504
1839.01001 0.145185
1839.37000 0.144866
1839.71997 0.144545
1840.07996 0.144223
1840.43005 0.143902
1840.79004 0.14358
1841.14001 0.143258
1841.50000 0.142936
1841.84998 0.142613
1842.20996 0.14229
1842.56006 0.141967
1842.92004 0.141642
1843.28003 0.141317
1843.63000 0.140992
1843.98999 0.140666
1844.33997 0.14034
1844.69995 0.140013
1845.05005 0.139686
1845.41003 0.139359
1845.77002 0.13903
1846.12000 0.138702
1846.47998 0.138372
1846.83997 0.138041
1847.18994 0.137712
1847.55005 0.137381
1847.90002 0.137051
1848.26001 0.136719
1848.62000 0.136387
1848.96997 0.136055
