threeML/data/optical_filters/HST/ACS_HRC-F814N.ecsv
# %ECSV 0.9
# ---
# datatype:
# - {name: wavelength, unit: Angstrom, datatype: float32}
# - {name: response, datatype: float32}
# meta: !!omap
# - {band_name: F814N}
# - {group_name: ACS_HRC}
wavelength response
[from data line 1594]
7952.29980 0.812583
7953.06982 0.810039
7953.83984 0.807466
7954.62012 0.804896
7955.39990 0.802328
7956.18018 0.79976
7956.95020 0.797196
7957.72021 0.794663
7958.50000 0.7921
7959.27002 0.789554
7960.04980 0.78724
7960.83008 0.788375
7961.60010 0.7895
7962.37988 0.790631
7963.16016 0.791762
7963.93018 0.792879
7964.70996 0.794005
7965.47998 0.795131
7966.25977 0.796257
7967.04004 0.797379
7967.81006 0.798491
7968.58984 0.799611
7969.37012 0.800731
7970.14014 0.801499
7970.91992 0.800753
7971.70020 0.80001
7972.47998 0.799265
7973.25977 0.798519
7974.02002 0.797782
7974.81006 0.797035
7975.58008 0.79629
7976.35986 0.795546
7977.14014 0.794803
7977.91016 0.794066
7978.68994 0.793321
7979.47021 0.792578
7980.25000 0.792054
7981.02979 0.791985
7981.81006 0.791912
7982.58008 0.791837
7983.35986 0.791759
7984.14014 0.791679
7984.91992 0.791597
7985.70020 0.791511
7986.47998 0.791424
7987.25977 0.791334
7988.04004 0.791242
7988.81006 0.791146
7989.58984 0.791049
7990.37012 0.790239
7991.14990 0.788625
7991.93018 0.787012
7992.70020 0.78541
7993.47998 0.783798
7994.25977 0.782205
7995.04004 0.780593
7995.81982 0.778984
7996.60010 0.777377
7997.37988 0.775769
7998.16016 0.774165
7998.93994 0.772578
7999.72021 0.770975
8000.50000 0.770495
8001.27979 0.770644
8002.06006 0.770796
8002.83984 0.770947
8003.62012 0.771098
8004.39990 0.771248
8005.18018 0.771397
8005.95996 0.771548
8006.74023 0.771697
8007.52002 0.771846
8008.31006 0.771995
8009.08008 0.772142
8009.85986 0.772292
8010.64990 0.771877
8011.41992 0.771343
8012.20996 0.770806
8012.97998 0.770271
8013.77002 0.769735
8014.54980 0.769197
8015.31982 0.768666
8016.10986 0.76813
8016.89014 0.767594
8017.68018 0.767058
8018.45996 0.766521
8019.22998 0.765989
8020.02002 0.76544
8020.79980 0.764365
8021.58008 0.763295
8022.35986 0.76222
8023.14990 0.761144
8023.93018 0.760073
8024.70996 0.758999
8025.49023 0.757936
8026.27002 0.756861
8027.06006 0.755789
8027.83984 0.754713
8028.62012 0.753639
8029.41016 0.752565
8030.18994 0.752088
8030.97021 0.753493
8031.75000 0.754887
8032.52979 0.75629
8033.31982 0.757691
8034.10010 0.759084
8034.89014 0.760483
8035.66992 0.761881
8036.45020 0.763262
8037.22998 0.764659
8038.02002 0.766056
8038.79980 0.76745
8039.58984 0.768844
8040.37012 0.769033
8041.14990 0.76788
8041.93994 0.766724
8042.72021 0.765574
8043.50977 0.76442
8044.29004 0.763273
8045.06982 0.76212
8045.85986 0.760968
8046.64014 0.759828
8047.41992 0.758676
8048.20996 0.757526
8049.00000 0.756375
8049.77979 0.755223
8050.56006 0.755236
8051.35010 0.7557
8052.12988 0.756165
8052.91992 0.756628
8053.70020 0.757093
8054.49023 0.757557
8055.27002 0.758019
8056.06006 0.758483
8056.83984 0.758942
8057.62012 0.759403
8058.41016 0.759866
8059.20020 0.76033
8059.99023 0.760791
8060.77979 0.75986
8061.56006 0.758919
8062.33984 0.757968
8063.12988 0.757021
8063.91016 0.756069
8064.70020 0.755119
8065.47998 0.754173
8066.27002 0.753222
8067.04980 0.752283
8067.83984 0.751333
8068.62988 0.750384
8069.41992 0.749435
8070.20996 0.748695
8071.00000 0.748544
8071.77002 0.748391
8072.56006 0.748239
8073.35010 0.748088
8074.14014 0.747935
8074.93018 0.747781
8075.70996 0.747629
8076.50000 0.747476
8077.29004 0.747323
8078.06982 0.747173
8078.85986 0.747018
8079.64990 0.746864
8080.43994 0.747051
8081.22998 0.747509
8082.00977 0.747962
8082.79980 0.74842
8083.58984 0.748877
8084.37988 0.749331
8085.16016 0.749787
8085.95020 0.750242
8086.74023 0.750698
8087.52979 0.751154
8088.31982 0.751606
8089.10986 0.75206
8089.89014 0.752512
8090.68018 0.751493
8091.47021 0.750242
8092.25977 0.749006
8093.04980 0.747755
8093.83984 0.746507
8094.62012 0.745265
8095.41016 0.744016
8096.20996 0.742765
8096.99023 0.741523
8097.77979 0.740277
8098.56982 0.739036
8099.35986 0.737798
8100.14990 0.736943
8100.93994 0.737773
8101.72998 0.738601
8102.52002 0.739423
8103.31006 0.740245
8104.10010 0.741071
8104.89014 0.741892
8105.68018 0.742716
8106.47021 0.743541
8107.25977 0.744361
8108.04980 0.745184
8108.83984 0.746008
8109.62988 0.746825
8110.41992 0.747215
8111.20996 0.747231
8112.00000 0.747248
8112.79980 0.747262
8113.58008 0.747277
8114.37012 0.747293
8115.16992 0.747307
8115.95996 0.747321
8116.75000 0.747333
8117.54004 0.747348
8118.33008 0.747363
8119.12012 0.747378
8119.91016 0.747389
8120.70020 0.748016
8121.50000 0.74872
8122.29004 0.749424
8123.08008 0.750128
8123.87012 0.750826
8124.66016 0.751529
8125.45996 0.75223
8126.25000 0.752927
8127.04004 0.753629
8127.83008 0.75433
8128.62012 0.755027
8129.41992 0.755728
8130.20996 0.755762
8131.00000 0.75394
8131.79004 0.752128
8132.58984 0.750306
8133.37988 0.748485
8134.18018 0.746665
8134.95996 0.744864
8135.75977 0.743045
8136.54980 0.741238
8137.33984 0.739422
8138.14014 0.737604
8138.93018 0.735799
8139.72998 0.733987
8140.52002 0.732664
8141.31006 0.731608
8142.10010 0.730553
8142.89990 0.729491
8143.68994 0.728432
8144.47998 0.727379
8145.27979 0.726325
8146.06982 0.725264
8146.85986 0.724212
8147.66016 0.723154
8148.45996 0.722094
8149.25000 0.721041
8150.04980 0.720114
8150.83984 0.721345
8151.62988 0.722568
8152.43018 0.723793
8153.22021 0.725023
8154.02002 0.726252
8154.81006 0.727478
8155.60010 0.728691
8156.39990 0.729918
8157.20020 0.731143
8157.99023 0.732359
8158.79004 0.733586
8159.58008 0.734802
8160.37988 0.735114
8161.18018 0.734416
8161.97021 0.733722
8162.77002 0.733025
8163.56006 0.732331
8164.35986 0.731634
8165.14990 0.730938
8165.93994 0.730248
8166.74023 0.729552
8167.54004 0.728856
8168.33008 0.728163
8169.12988 0.727468
8169.93018 0.726772
8170.72021 0.725807
8171.52002 0.724809
8172.31982 0.723818
8173.10986 0.722822
8173.91016 0.721831
8174.70996 0.720836
8175.50977 0.71984
8176.31006 0.718844
8177.10010 0.71786
8177.89990 0.716865
8178.68994 0.715877
8179.49023 0.714884
8180.29004 0.714384
8181.08008 0.714758
8181.87988 0.715135
8182.68018 0.715511
8183.47998 0.715883
8184.27979 0.716257
8185.06982 0.716632
8185.87012 0.717005
8186.66992 0.717378
8187.45996 0.71775
8188.25977 0.718123
8189.06006 0.718496
8189.85986 0.718867
8190.66016 0.718302
8191.45996 0.717544
8192.25977 0.716783
8193.05957 0.716021
8193.84961 0.715264
8194.65039 0.714506
8195.45020 0.713744
8196.25000 0.712983
8197.04980 0.712222
8197.83984 0.71147
8198.65039 0.71071
8199.45020 0.709949
8200.24023 0.70975
8201.04004 0.71083
8201.84961 0.711911
8202.63965 0.712984
8203.44043 0.714063
8204.24023 0.715135
8205.04004 0.716216
8205.83984 0.717289
8206.63965 0.718368
8207.44043 0.719447
8208.24023 0.72052
8209.04004 0.721591
8209.83984 0.722671
8210.63965 0.722181
8211.44043 0.721298
8212.24023 0.720416
8213.04004 0.719539
8213.83984 0.718657
8214.63965 0.717779
8215.44043 0.716895
8216.24023 0.716017
8217.04980 0.715136
8217.84961 0.714254
8218.65039 0.713371
8219.45020 0.712499
8220.25000 0.71176
8221.04980 0.711336
8221.84961 0.710913
8222.66016 0.710488
8223.45020 0.710065
8224.25977 0.709641
8225.05957 0.709216
8225.86035 0.708795
8226.66992 0.70837
8227.46973 0.707947
8228.26953 0.707522
8229.07031 0.7071
8229.87012 0.706677
8230.66992 0.706915
8231.48047 0.707281
8232.28027 0.707645
8233.08008 0.708012
8233.87988 0.708376
8234.69043 0.708741
8235.49023 0.709107
8236.29004 0.709472
8237.08984 0.709835
8237.90039 0.7102
8238.70020 0.710567
8239.50977 0.710932
8240.29980 0.71118
8241.11035 0.711244
8241.91016 0.711309
8242.70996 0.711372
8243.51953 0.711437
8244.33008 0.711503
8245.12988 0.711566
8245.92969 0.711633
8246.73047 0.711694
8247.54004 0.711759
8248.33984 0.711824
8249.15039 0.711888
8249.95020 0.711952
8250.75000 0.71214
8251.55957 0.712333
8252.36035 0.712528
8253.16016 0.712723
8253.96973 0.712917
8254.78027 0.713112
8255.58008 0.713308
8256.38965 0.713504
8257.19043 0.713699
8258.00000 0.713893
8258.79980 0.714086
8259.59961 0.714282
8260.41016 0.714041
8261.21973 0.713379
8262.01953 0.71273
8262.83008 0.71207
8263.62988 0.71141
8264.44043 0.710755
8265.24023 0.710097
8266.04980 0.709442
8266.84961 0.708782
8267.66016 0.708123
8268.46973 0.707468
8269.26953 0.70681
8270.08008 0.706299
8270.88965 0.707153
8271.69043 0.708006
8272.49023 0.70885
8273.29980 0.709703
8274.11035 0.710556
8274.91016 0.711405
8275.71973 0.712259
8276.53027 0.713113
8277.33008 0.713963
8278.15039 0.714815
8278.95020 0.715662
8279.75000 0.716512
8280.55957 0.716522
8281.37012 0.716161
8282.17969 0.7158
8282.99023 0.715444
8283.79004 0.715085
8284.59961 0.714725
8285.41016 0.714368
8286.21973 0.714009
8287.01953 0.713649
8287.83008 0.71329
8288.63965 0.712931
8289.44043 0.712573
8290.25000 0.712177
8291.05957 0.711704
8291.87012 0.711226
8292.67969 0.71075
8293.49023 0.710275
8294.29004 0.709805
8295.09961 0.709329
8295.91016 0.708855
8296.71973 0.708379
8297.53027 0.707904
8298.33984 0.707431
8299.15039 0.706956
8299.95996 0.706479
8300.76953 0.705883
8301.57031 0.70528
8302.37988 0.704672
8303.19043 0.704064
8304.00977 0.703455
8304.80957 0.702856
8305.62012 0.702251
8306.42969 0.701645
8307.24023 0.701041
8308.04980 0.700434
8308.86035 0.699828
8309.66992 0.699221
8310.48047 0.699233
8311.29004 0.699666
8312.09961 0.700101
8312.91016 0.700532
8313.71973 0.700968
8314.53027 0.701404
8315.33984 0.701834
8316.15039 0.702269
8316.95996 0.702703
8317.76953 0.703134
8318.58008 0.703568
8319.40039 0.704002
8320.20996 0.704326
8321.01953 0.704333
8321.83008 0.704341
8322.63965 0.704347
8323.45020 0.704354
8324.25977 0.704362
8325.08008 0.70437
8325.88965 0.704376
8326.69043 0.704384
8327.50977 0.704391
8328.32031 0.704398
8329.12988 0.704405
8329.94043 0.704413
8330.75000 0.704124
8331.57031 0.703813
8332.37988 0.703501
8333.19043 0.70319
8334.00000 0.70288
8334.82031 0.702568
8335.62988 0.702256
8336.44043 0.701943
8337.25000 0.701633
8338.07031 0.70132
8338.87988 0.701006
8339.69043 0.700696
8340.50977 0.700621
8341.32031 0.70069
8342.12988 0.700759
8342.95020 0.700828
8343.75977 0.700897
8344.57031 0.700966
8345.37988 0.701034
8346.20020 0.701103
8347.00977 0.701172
8347.82031 0.70124
8348.63965 0.701309
8349.45020 0.701379
8350.25977 0.701408
8351.08008 0.701353
8351.90039 0.701298
8352.70996 0.701243
8353.51953 0.701188
8354.33984 0.701134
8355.15039 0.701078
8355.96973 0.701024
8356.78027 0.70097
8357.59961 0.700915
8358.41992 0.70086
8359.21973 0.700806
8360.04004 0.700745
8360.84961 0.70057
8361.66992 0.700394
8362.49023 0.70022
8363.29980 0.700045
8364.11035 0.69987
8364.92969 0.699695
8365.75000 0.69952
8366.55957 0.699345
8367.37988 0.69917
8368.19043 0.698993
8369.00977 0.698818
8369.82031 0.698644
8370.63965 0.698794
8371.45020 0.699032
8372.26953 0.69927
8373.08984 0.699511
8373.90039 0.69975
8374.71973 0.699989
8375.54004 0.700227
8376.34961 0.700463
8377.16992 0.700701
8377.99023 0.700942
8378.79980 0.701181
8379.62012 0.701419
8380.42969 0.701082
8381.25000 0.700233
8382.07031 0.699383
8382.88965 0.698538
8383.70020 0.697687
8384.51953 0.696842
8385.33984 0.695993
8386.16016 0.695144
8386.96973 0.694297
8387.79004 0.693449
8388.61035 0.692605
8389.42969 0.691754
8390.25000 0.691468
8391.05957 0.692487
8391.87988 0.693514
8392.70020 0.69454
8393.50977 0.695562
8394.33008 0.696591
8395.15039 0.69762
8395.96973 0.698641
8396.79004 0.699669
8397.59961 0.700689
8398.42969 0.701715
8399.24023 0.702736
8400.05957 0.703622
8400.87988 0.702811
8401.70020 0.701999
8402.51953 0.701196
8403.33984 0.700382
8404.15039 0.699573
8404.98047 0.698763
8405.79980 0.697951
8406.61035 0.697143
8407.44043 0.696331
8408.25977 0.695519
8409.07031 0.694712
8409.90039 0.693897
8410.70996 0.694177
8411.53027 0.69462
8412.34961 0.69506
8413.16992 0.695501
8413.99023 0.695943
8414.80957 0.696385
8415.62988 0.696826
8416.45020 0.697269
8417.26953 0.69771
8418.08984 0.698153
8418.91992 0.698593
8419.74023 0.699033
8420.54980 0.699394
8421.37988 0.69972
8422.20020 0.700045
8423.01953 0.700371
8423.83984 0.700692
8424.66016 0.701018
8425.48047 0.701344
8426.29980 0.701668
8427.12012 0.701993
8427.95020 0.702316
8428.76953 0.702639
8429.58984 0.702965
8430.41016 0.703103
8431.23047 0.703055
8432.04980 0.703007
8432.87988 0.702962
8433.70020 0.702915
8434.51953 0.702867
8435.33984 0.702819
8436.16992 0.702773
8436.99023 0.702726
8437.80957 0.702676
8438.62988 0.702627
8439.45020 0.702581
8440.28027 0.702604
8441.09961 0.702758
8441.91992 0.702913
8442.74023 0.703069
8443.57031 0.703225
8444.40039 0.703379
8445.21973 0.703533
8446.03027 0.703686
8446.86035 0.703844
8447.67969 0.703998
8448.50977 0.704153
8449.33008 0.704309
8450.15039 0.704168
8450.98047 0.702743
8451.80957 0.701315
8452.62988 0.699898
8453.45020 0.698471
8454.26953 0.697051
8455.09961 0.695626
8455.92969 0.6942
8456.74023 0.692789
8457.57031 0.691362
8458.40039 0.689936
8459.21973 0.688518
8460.04980 0.687223
8460.87012 0.688205
8461.69043 0.689196
8462.51953 0.690185
8463.33984 0.691168
8464.16992 0.69215
8464.99023 0.693138
8465.82031 0.694126
8466.65039 0.695114
8467.46973 0.696092
8468.29004 0.69708
8469.12012 0.69807
8469.94043 0.699051
8470.76953 0.699258
8471.59961 0.699409
8472.41992 0.699558
8473.25000 0.699709
8474.07031 0.699862
8474.90039 0.70001
8475.73047 0.700161
8476.54980 0.700311
8477.37988 0.70046
8478.20996 0.700611
8479.03027 0.700759
8479.86035 0.70091
8480.67969 0.700698
8481.50977 0.700406
8482.33984 0.700114
8483.16016 0.699826
8483.99023 0.699533
8484.82031 0.699242
8485.65039 0.698955
8486.46973 0.698666
8487.29980 0.698375
8488.12988 0.698085
8488.95996 0.697794
8489.78027 0.697505
8490.61035 0.696919
8491.44043 0.696227
8492.25977 0.695539
8493.08984 0.694848
8493.91992 0.69416
8494.75000 0.693467
8495.58008 0.692773
8496.41016 0.692087
8497.24023 0.691396
8498.05957 0.690706
8498.88965 0.690013
8499.71973 0.689321
8500.54004 0.689418
8501.37012 0.689919
8502.20020 0.690422
8503.03027 0.690924
8503.86035 0.691425
8504.69043 0.691928
8505.51953 0.692428
8506.34961 0.692931
8507.17969 0.69343
8508.00977 0.693932
8508.83984 0.694432
8509.66992 0.694934
8510.50000 0.694931
8511.33008 0.694592
8512.15039 0.694252
8512.98047 0.693911
8513.80957 0.693572
8514.63965 0.693231
8515.48047 0.69289
8516.29980 0.692552
8517.13965 0.69221
8517.96973 0.691868
8518.79980 0.691528
8519.62012 0.691189
8520.45996 0.692009
8521.29004 0.693788
8522.12012 0.695564
8522.94043 0.697323
8523.78027 0.699101
8524.61035 0.700872
8525.44043 0.70265
8526.26953 0.704426
8527.09961 0.706194
8527.92969 0.707971
8528.76953 0.709752
8529.59961 0.711518
8530.42969 0.7113
8531.25977 0.709218
8532.08984 0.707122
8532.92969 0.70503
8533.75000 0.702959
8534.58008 0.700863
8535.41992 0.698769
8536.25000 0.696688
8537.08008 0.694593
8537.91016 0.692511
8538.75000 0.690417
8539.58008 0.688324
8540.41016 0.68773
8541.25000 0.688664
8542.08008 0.689593
8542.91016 0.690526
8543.74023 0.691459
8544.57031 0.692382
8545.41016 0.693315
8546.24023 0.694249
8547.07031 0.695178
8547.91016 0.696111
8548.74023 0.697044
8549.57031 0.697971
8550.41016 0.698962
8551.24023 0.700008
8552.07031 0.701061
8552.91016 0.702112
8553.74023 0.703159
8554.58008 0.704209
8555.41016 0.705253
8556.24023 0.706299
8557.08008 0.70735
8557.91016 0.708396
8558.74023 0.709449
8559.58008 0.7105
8560.41016 0.711308
8561.25000 0.711879
8562.08008 0.712452
8562.91992 0.713019
8563.75000 0.713588
8564.58984 0.714159
8565.41992 0.71473
8566.25977 0.715301
8567.08984 0.715864
8567.91992 0.716435
8568.75977 0.717007
8569.58984 0.717573
8570.42969 0.716582
8571.25977 0.714136
8572.09961 0.711675
8572.94043 0.709213
8573.76953 0.706769
8574.61035 0.704309
8575.44043 0.701864
8576.28027 0.699405
8577.12012 0.696944
8577.95020 0.694509
8578.79004 0.692051
8579.62988 0.689588
8580.45996 0.689527
8581.29980 0.691423
8582.13965 0.693318
8582.96973 0.695199
8583.80957 0.697094
8584.63965 0.698976
8585.48047 0.700868
8586.32031 0.70275
8587.16016 0.704642
8588.00000 0.706534
8588.83008 0.708427
8589.66016 0.710299
8590.50000 0.710236
8591.33984 0.708873
8592.17969 0.707502
8593.01953 0.706131
8593.84961 0.704769
8594.69043 0.703399
8595.53027 0.702029
8596.37012 0.700667
8597.20996 0.699297
8598.04004 0.697932
8598.87988 0.696559
