threeML/data/optical_filters/HST/ACS_SBC-F115LP.ecsv
# %ECSV 0.9
# ---
# datatype:
# - {name: wavelength, unit: Angstrom, datatype: float32}
# - {name: response, datatype: float32}
# meta: !!omap
# - {band_name: F115LP}
# - {group_name: ACS_SBC}
wavelength response
1045.80005 0.0
1162.00000 0.0707844
1162.21997 0.0723047
1162.44995 0.0738522
1162.67004 0.0754171
1162.90002 0.077009
1163.12000 0.0786088
1163.34998 0.0802335
1163.56995 0.0818714
1163.80005 0.0835313
1164.02002 0.0852197
1164.23999 0.0869426
1164.46997 0.0886886
1164.68994 0.0904626
1164.92004 0.092261
1165.14001 0.0940831
1165.37000 0.095925
1165.58997 0.0977959
1165.81995 0.0996859
1166.04004 0.1016
1166.27002 0.10354
1166.48999 0.105511
1166.71997 0.107506
1166.93994 0.109521
1167.17004 0.111574
1167.39001 0.113642
1167.62000 0.115734
1167.83997 0.117854
1168.06995 0.120006
1168.30005 0.122178
1168.52002 0.124383
1168.75000 0.126616
1168.96997 0.128869
1169.19995 0.131157
1169.42004 0.133466
1169.65002 0.135809
1169.88000 0.138174
1170.09998 0.140539
1170.32996 0.1429
1170.55005 0.14529
1170.78003 0.1477
1171.00000 0.150136
1171.22998 0.152614
1171.45996 0.155105
1171.68005 0.157626
1171.91003 0.160172
1172.13000 0.162755
1172.35999 0.165365
1172.58997 0.167998
1172.81006 0.170667
1173.04004 0.173356
1173.27002 0.176082
1173.48999 0.178831
1173.71997 0.181615
1173.93994 0.184422
1174.17004 0.18724
1174.40002 0.190095
1174.62000 0.192964
1174.84998 0.195863
1175.07996 0.198628
1175.31006 0.201119
1175.53003 0.203617
1175.76001 0.206138
1175.98999 0.208688
1176.20996 0.21126
1176.43994 0.213848
1176.67004 0.216459
1176.89001 0.2191
1177.12000 0.22174
1177.34998 0.224395
1177.57996 0.227074
1177.80005 0.229767
1178.03003 0.232496
1178.26001 0.235269
1178.47998 0.238071
1178.70996 0.240891
1178.93994 0.243735
1179.17004 0.246585
1179.39001 0.249452
1179.62000 0.252334
1179.84998 0.255239
1180.07996 0.25815
1180.31006 0.261
1180.53003 0.263872
1180.76001 0.266774
1180.98999 0.269693
1181.21997 0.272598
1181.43994 0.275533
1181.67004 0.278489
1181.90002 0.281469
1182.13000 0.284484
1182.35999 0.287547
1182.58997 0.290622
1182.81006 0.293722
1183.04004 0.296838
1183.27002 0.299957
1183.50000 0.303099
1183.72998 0.306255
1183.95996 0.309451
1184.18005 0.312687
1184.41003 0.315953
1184.64001 0.319244
1184.87000 0.322567
1185.09998 0.32589
1185.32996 0.329215
1185.56006 0.332582
1185.79004 0.335964
1186.01001 0.339364
1186.23999 0.342827
1186.46997 0.346326
1186.69995 0.349839
1186.93005 0.353379
1187.16003 0.356926
1187.39001 0.360484
1187.62000 0.364058
1187.84998 0.367667
1188.07996 0.371316
1188.31006 0.375012
1188.53003 0.378733
1188.76001 0.382481
1188.98999 0.386266
1189.21997 0.390024
1189.44995 0.393817
1189.68005 0.397647
1189.91003 0.401485
1190.14001 0.40519
1190.37000 0.408821
1190.59998 0.412485
1190.82996 0.41616
1191.06006 0.419846
1191.29004 0.42354
1191.52002 0.427236
1191.75000 0.430954
1191.97998 0.434705
1192.20996 0.438524
1192.43994 0.442359
1192.67004 0.446217
1192.90002 0.450111
1193.13000 0.454
1193.35999 0.457879
1193.58997 0.461781
1193.81995 0.465716
1194.05005 0.469687
1194.28003 0.47371
1194.51001 0.477771
1194.73999 0.481844
1194.96997 0.48594
1195.19995 0.490026
1195.43005 0.494128
1195.66003 0.498243
1195.90002 0.502384
1196.13000 0.5066
1196.35999 0.510844
1196.58997 0.515111
1196.81995 0.519403
1197.05005 0.523736
1197.28003 0.528021
1197.51001 0.532335
1197.73999 0.536683
1197.96997 0.541044
1198.20996 0.545496
1198.43994 0.549964
1198.67004 0.554474
1198.90002 0.558995
1199.13000 0.563488
1199.35999 0.567958
1199.58997 0.572437
1199.82996 0.576943
1200.06006 0.581151
1200.29004 0.584399
1200.52002 0.587639
1200.75000 0.59089
1200.97998 0.594172
1201.21997 0.597388
1201.44995 0.60061
1201.68005 0.603843
1201.91003 0.607095
1202.14001 0.61035
1202.38000 0.613622
1202.60999 0.616905
1202.83997 0.620191
1203.06995 0.623516
1203.30005 0.626888
1203.54004 0.63028
1203.77002 0.633674
1204.00000 0.637078
1204.22998 0.640438
1204.45996 0.643809
1204.69995 0.64718
1204.93005 0.650571
1205.16003 0.653975
1205.40002 0.65738
1205.63000 0.660795
1205.85999 0.66422
1206.08997 0.667666
1206.32996 0.671114
1206.56006 0.674582
1206.79004 0.678061
1207.03003 0.681552
1207.26001 0.685042
1207.48999 0.688554
1207.71997 0.692069
1207.95996 0.695591
1208.18994 0.699127
1208.42004 0.702693
1208.66003 0.706251
1208.89001 0.709831
1209.12000 0.71341
1209.35999 0.717011
1209.58997 0.720615
1209.81995 0.724228
1210.06006 0.727867
1210.29004 0.731525
1210.52002 0.735202
1210.76001 0.73889
1210.98999 0.742592
1211.21997 0.746295
1211.45996 0.750008
1211.68994 0.753744
1211.93005 0.757482
1212.16003 0.761229
1212.39001 0.765001
1212.63000 0.768785
1212.85999 0.772579
1213.09998 0.776374
1213.32996 0.780193
1213.56006 0.784011
1213.80005 0.787842
1214.03003 0.791685
1214.27002 0.795551
1214.50000 0.79943
1214.72998 0.803308
1214.96997 0.807222
1215.19995 0.811051
1215.43994 0.81488
1215.67004 0.818722
1215.91003 0.822587
1216.14001 0.826042
1216.38000 0.829252
1216.60999 0.832469
1216.84998 0.835683
1217.07996 0.838881
1217.31995 0.842022
1217.55005 0.845175
1217.79004 0.848326
1218.02002 0.851484
1218.26001 0.854654
1218.48999 0.857831
1218.72998 0.861004
1218.95996 0.864184
1219.19995 0.867237
1219.43005 0.870247
1219.67004 0.873262
1219.90002 0.876291
1220.14001 0.878246
1220.38000 0.879468
1220.60999 0.880687
1220.84998 0.881912
1221.07996 0.883071
1221.31995 0.884115
1221.55005 0.885159
1221.79004 0.886205
1222.02002 0.887249
1222.26001 0.888295
1222.50000 0.889348
1222.72998 0.890396
1222.96997 0.891445
1223.19995 0.892495
1223.43994 0.893552
1223.68005 0.894604
1223.91003 0.895658
1224.15002 0.896716
1224.38000 0.897774
1224.62000 0.89883
1224.85999 0.899891
1225.08997 0.900839
1225.32996 0.90162
1225.56995 0.902404
1225.80005 0.903188
1226.04004 0.903954
1226.28003 0.904645
1226.51001 0.905335
1226.75000 0.906026
1226.98999 0.906716
1227.21997 0.907496
1227.45996 0.908283
1227.69995 0.90907
1227.93005 0.909856
1228.17004 0.910643
1228.41003 0.911435
1228.64001 0.912222
1228.88000 0.91301
1229.12000 0.913753
1229.35999 0.914446
1229.58997 0.91514
1229.82996 0.915837
1230.06995 0.916524
1230.31006 0.917184
1230.54004 0.917843
1230.78003 0.918504
1231.02002 0.919156
1231.26001 0.919721
1231.48999 0.920285
1231.72998 0.920851
1231.96997 0.921418
1232.20996 0.922067
1232.43994 0.922732
1232.68005 0.923395
1232.92004 0.924056
1233.16003 0.924719
1233.40002 0.925384
1233.63000 0.926048
1233.87000 0.926712
1234.10999 0.927335
1234.34998 0.927904
1234.58997 0.928472
1234.82996 0.92904
1235.06006 0.929637
1235.30005 0.930302
1235.54004 0.930969
1235.78003 0.931635
1236.02002 0.932298
1236.26001 0.932868
1236.48999 0.93344
1236.72998 0.934011
1236.96997 0.934582
1237.20996 0.935238
1237.44995 0.935909
1237.68994 0.936579
1237.93005 0.937249
1238.16003 0.93792
1238.40002 0.938593
1238.64001 0.939266
1238.88000 0.939937
1239.12000 0.94056
1239.35999 0.941133
1239.59998 0.941706
1239.83997 0.94228
1240.07996 0.942848
1240.31995 0.943395
1240.56006 0.943945
1240.80005 0.944494
1241.04004 0.945027
1241.28003 0.945477
1241.52002 0.945926
1241.76001 0.946376
1241.98999 0.946827
1242.22998 0.947374
1242.46997 0.947925
1242.70996 0.948475
1242.94995 0.949027
1243.18994 0.949577
1243.43005 0.95013
1243.67004 0.950681
1243.91003 0.951233
1244.15002 0.951721
1244.39001 0.952174
1244.63000 0.952625
1244.87000 0.953077
1245.12000 0.953579
1245.35999 0.954132
1245.59998 0.954685
1245.83997 0.955238
1246.07996 0.955794
1246.31995 0.956348
1246.56006 0.956902
1246.80005 0.957459
1247.04004 0.957998
1247.28003 0.958452
1247.52002 0.958905
1247.76001 0.95936
1248.00000 0.959813
1248.23999 0.960371
1248.47998 0.960929
1248.71997 0.961485
1248.95996 0.962042
1249.20996 0.962513
1249.44995 0.962968
1249.68994 0.963423
1249.93005 0.963878
1250.17004 0.964543
1250.41003 0.96529
1250.65002 0.966037
1250.89001 0.966785
1251.13000 0.967534
1251.38000 0.968283
1251.62000 0.969033
1251.85999 0.969784
1252.09998 0.970489
1252.33997 0.971136
1252.58997 0.971781
1252.82996 0.972427
1253.06995 0.973102
1253.31006 0.973852
1253.55005 0.974606
1253.79004 0.975356
1254.04004 0.976091
1254.28003 0.976738
1254.52002 0.977386
1254.76001 0.978031
1255.00000 0.978678
1255.25000 0.979432
1255.48999 0.980184
1255.72998 0.980935
1255.96997 0.981689
1256.21997 0.982444
1256.45996 0.983198
1256.69995 0.983951
1256.93994 0.984706
1257.18994 0.985377
1257.43005 0.986023
1257.67004 0.98667
1257.91003 0.98732
1258.16003 0.988036
1258.40002 0.988792
1258.64001 0.989548
1258.89001 0.990303
1259.13000 0.991
1259.37000 0.991647
1259.60999 0.992296
1259.85999 0.992943
1260.09998 0.993398
1260.33997 0.993574
1260.58997 0.993751
1260.82996 0.993927
1261.06995 0.994104
1261.31995 0.99428
1261.56006 0.994456
1261.80005 0.994632
1262.05005 0.994788
1262.29004 0.994855
1262.54004 0.994923
1262.78003 0.99499
1263.02002 0.995067
1263.27002 0.995243
1263.51001 0.995418
1263.75000 0.995595
1264.00000 0.99577
1264.23999 0.995838
1264.47998 0.995904
1264.72998 0.995971
1264.96997 0.996037
1265.21997 0.996201
1265.45996 0.996375
1265.70996 0.996551
1265.94995 0.996726
1266.18994 0.996902
1266.43994 0.997077
1266.68005 0.997252
1266.93005 0.997428
1267.17004 0.997525
1267.42004 0.99759
1267.66003 0.997655
1267.91003 0.99772
1268.15002 0.997852
1268.40002 0.998027
1268.64001 0.998201
1268.88000 0.998376
1269.13000 0.998493
1269.38000 0.998556
1269.62000 0.99862
1269.87000 0.998683
1270.10999 0.998766
1270.35999 0.998873
1270.59998 0.998981
1270.84998 0.999088
1271.08997 0.999195
1271.33997 0.999302
1271.57996 0.999409
1271.82996 0.999515
1272.06995 0.999589
1272.31995 0.999584
1272.56006 0.999579
1272.81006 0.999574
1273.05005 0.999593
1273.30005 0.999699
1273.55005 0.999806
1273.79004 0.999912
1274.04004 1.0
1274.28003 0.999995
1274.53003 0.999988
1274.78003 0.999982
1275.02002 0.999975
1275.27002 0.999968
1275.51001 0.999961
1275.76001 0.999954
1276.01001 0.999946
1276.25000 0.999939
1276.50000 0.999932
1276.75000 0.999924
1276.98999 0.999916
1277.23999 0.999908
1277.47998 0.9999
1277.72998 0.999891
1277.97998 0.999883
1278.21997 0.999873
1278.46997 0.999864
1278.71997 0.999855
1278.95996 0.999846
1279.20996 0.999837
1279.45996 0.999827
1279.69995 0.999817
1279.94995 0.999807
1280.19995 0.999672
1280.44995 0.999505
1280.68994 0.999339
1280.93994 0.999172
1281.18994 0.999092
1281.43005 0.999039
1281.68005 0.998985
1281.93005 0.998931
1282.18005 0.998877
1282.42004 0.998822
1282.67004 0.998769
1282.92004 0.998714
1283.17004 0.998659
1283.41003 0.998605
1283.66003 0.998549
1283.91003 0.998494
1284.16003 0.998438
1284.40002 0.998383
1284.65002 0.998327
1284.90002 0.998271
1285.15002 0.998146
1285.40002 0.997974
1285.65002 0.997803
1285.89001 0.997632
1286.14001 0.997526
1286.39001 0.997469
1286.64001 0.997411
1286.89001 0.997353
1287.13000 0.997295
1287.38000 0.997238
1287.63000 0.997179
1287.88000 0.997121
1288.13000 0.997062
1288.38000 0.997004
1288.63000 0.996945
1288.88000 0.996886
1289.12000 0.996826
1289.37000 0.996767
1289.62000 0.996707
1289.87000 0.996647
1290.12000 0.996521
1290.37000 0.996324
1290.62000 0.996125
1290.87000 0.995926
1291.12000 0.99578
1291.35999 0.995697
1291.60999 0.995614
1291.85999 0.99553
1292.10999 0.995446
1292.35999 0.995362
1292.60999 0.995277
1292.85999 0.995193
1293.10999 0.995108
1293.35999 0.995023
1293.60999 0.994938
1293.85999 0.994853
1294.10999 0.994767
1294.35999 0.994682
1294.60999 0.994596
1294.85999 0.994509
1295.10999 0.994423
1295.35999 0.994337
1295.60999 0.994251
1295.85999 0.994163
1296.10999 0.994025
1296.35999 0.993821
1296.60999 0.993617
1296.85999 0.993412
1297.10999 0.993258
1297.35999 0.99317
1297.60999 0.993081
1297.85999 0.992993
1298.10999 0.992904
1298.35999 0.992815
1298.60999 0.992726
1298.85999 0.992637
1299.10999 0.992547
1299.35999 0.992458
1299.62000 0.992368
1299.87000 0.992277
1300.12000 0.99213
1300.37000 0.991914
1300.62000 0.991697
1300.87000 0.991482
1301.12000 0.991266
1301.37000 0.991048
1301.62000 0.990831
1301.87000 0.990614
1302.12000 0.990396
1302.38000 0.990178
1302.63000 0.989959
1302.88000 0.989742
1303.13000 0.989584
1303.38000 0.989483
1303.63000 0.989382
1303.88000 0.989282
1304.14001 0.989116
1304.39001 0.988896
1304.64001 0.988676
1304.89001 0.988455
1305.14001 0.988234
1305.39001 0.988013
1305.65002 0.987791
1305.90002 0.987569
1306.15002 0.987347
1306.40002 0.987125
1306.66003 0.986903
1306.91003 0.986679
1307.16003 0.986456
1307.41003 0.986233
1307.66003 0.986008
1307.92004 0.985784
1308.17004 0.98564
1308.42004 0.985535
1308.67004 0.98543
1308.93005 0.985324
1309.18005 0.985135
1309.43005 0.984907
1309.68005 0.984682
1309.93994 0.984456
1310.18994 0.984233
1310.43994 0.984011
1310.69995 0.98379
1310.94995 0.983569
1311.19995 0.983346
1311.44995 0.983125
1311.70996 0.982901
1311.95996 0.982677
1312.20996 0.982454
1312.46997 0.982231
1312.71997 0.982007
1312.96997 0.981783
1313.22998 0.981667
1313.47998 0.981563
1313.72998 0.981457
1313.98999 0.981353
1314.23999 0.981133
1314.50000 0.980908
1314.75000 0.980681
1315.00000 0.980455
1315.26001 0.980228
1315.51001 0.980001
1315.76001 0.979774
1316.02002 0.979546
1316.27002 0.979318
1316.53003 0.979089
1316.78003 0.978861
1317.04004 0.978633
1317.29004 0.978404
1317.54004 0.978174
1317.80005 0.977945
1318.05005 0.97774
1318.31006 0.97763
1318.56006 0.977522
1318.81006 0.977412
1319.06995 0.977269
1319.31995 0.977039
1319.57996 0.976807
1319.82996 0.976576
1320.08997 0.976346
1320.33997 0.976119
1320.59998 0.975893
1320.84998 0.975666
1321.10999 0.975439
1321.35999 0.975212
1321.62000 0.974984
1321.87000 0.974757
1322.13000 0.974528
1322.38000 0.9743
1322.64001 0.974071
1322.89001 0.973842
1323.15002 0.973684
1323.40002 0.973577
1323.66003 0.97347
1323.91003 0.973363
1324.17004 0.973173
1324.43005 0.972943
1324.68005 0.972712
1324.93994 0.97248
1325.18994 0.972156
1325.44995 0.9718
1325.69995 0.971445
1325.95996 0.971089
1326.21997 0.970837
1326.46997 0.970604
1326.72998 0.97037
1326.97998 0.970136
1327.23999 0.969902
1327.50000 0.969668
1327.75000 0.969433
1328.01001 0.969198
1328.27002 0.968962
1328.52002 0.968727
1328.78003 0.968491
1329.03003 0.968238
1329.29004 0.967877
1329.55005 0.967516
1329.80005 0.967156
1330.06006 0.966823
1330.31995 0.966587
1330.56995 0.966353
1330.82996 0.966117
1331.08997 0.96588
1331.34998 0.965644
1331.59998 0.965407
1331.85999 0.96517
1332.12000 0.964933
1332.37000 0.964696
1332.63000 0.964458
1332.89001 0.964219
1333.14001 0.963979
1333.40002 0.963741
1333.66003 0.963502
1333.92004 0.963262
1334.17004 0.962939
1334.43005 0.962573
1334.68994 0.962208
1334.94995 0.961841
1335.19995 0.961574
1335.45996 0.961331
1335.71997 0.96109
1335.97998 0.960848
1336.22998 0.960606
1336.48999 0.960364
1336.75000 0.960121
1337.01001 0.959878
1337.27002 0.959633
1337.53003 0.959389
1337.78003 0.959145
1338.04004 0.95888
1338.30005 0.958509
1338.56006 0.958138
1338.81995 0.957767
1339.06995 0.957431
1339.32996 0.957184
1339.58997 0.956938
1339.84998 0.956691
1340.10999 0.956443
1340.37000 0.956196
1340.62000 0.955949
1340.88000 0.955701
1341.14001 0.955453
1341.40002 0.955204
1341.66003 0.954956
1341.92004 0.954706
1342.18005 0.954368
1342.43994 0.953992
1342.69995 0.953615
1342.95996 0.953237
1343.20996 0.952965
1343.46997 0.952714
1343.72998 0.952461
1343.98999 0.95221
1344.25000 0.951957
1344.51001 0.951704
1344.77002 0.951452
1345.03003 0.9512
1345.29004 0.950947
1345.55005 0.950692
1345.81006 0.950438
1346.06995 0.95015
1346.32996 0.949766
1346.58997 0.949384
1346.84998 0.949
1347.10999 0.948671
1347.37000 0.948414
1347.63000 0.948158
1347.89001 0.947902
1348.15002 0.947644
1348.41003 0.947387
1348.67004 0.947129
1348.93005 0.946871
1349.18994 0.946613
1349.44995 0.946355
1349.70996 0.946096
1349.96997 0.945837
1350.22998 0.945461
1350.48999 0.945073
1350.75000 0.944684
1351.01001 0.9443
1351.27002 0.944039
1351.54004 0.943778
1351.80005 0.943516
1352.06006 0.943225
1352.31995 0.942835
1352.57996 0.942442
1352.83997 0.942048
1353.09998 0.941706
1353.35999 0.941443
1353.62000 0.941178
1353.88000 0.940913
1354.15002 0.940576
1354.41003 0.940182
1354.67004 0.939785
1354.93005 0.939389
1355.18994 0.93909
1355.44995 0.938823
1355.70996 0.938556
1355.97998 0.938289
1356.23999 0.937902
1356.50000 0.937504
