threeML/data/optical_filters/HST/ACS_SBC-F150LP.ecsv
# %ECSV 0.9
# ---
# datatype:
# - {name: wavelength, unit: Angstrom, datatype: float32}
# - {name: response, datatype: float32}
# meta: !!omap
# - {band_name: F150LP}
# - {group_name: ACS_SBC}
wavelength response
[from data line 798]
1629.82996 0.57762
1630.10999 0.57674
1630.39001 0.57587
1630.67004 0.575005
1630.95996 0.574135
1631.23999 0.573247
1631.52002 0.572355
1631.80005 0.571463
1632.08997 0.570578
1632.37000 0.569709
1632.65002 0.568843
1632.93005 0.567974
1633.20996 0.567102
1633.50000 0.566233
1633.78003 0.565363
1634.06006 0.564496
1634.34998 0.563624
1634.63000 0.562753
1634.91003 0.561886
1635.18994 0.561013
1635.46997 0.560145
1635.76001 0.559273
1636.04004 0.558399
1636.31995 0.557502
1636.60999 0.556607
1636.89001 0.555714
1637.17004 0.55483
1637.44995 0.553961
1637.73999 0.553089
1638.02002 0.552217
1638.31006 0.551341
1638.58997 0.550468
1638.87000 0.549598
1639.16003 0.548722
1639.43994 0.547849
1639.71997 0.546978
1640.01001 0.546102
1640.29004 0.545235
1640.56995 0.544364
1640.85999 0.543494
1641.14001 0.542632
1641.42004 0.541785
1641.70996 0.540939
1641.98999 0.540092
1642.28003 0.539241
1642.56006 0.538395
1642.83997 0.537546
1643.13000 0.536698
1643.41003 0.535846
1643.69995 0.534999
1643.97998 0.534149
1644.27002 0.533296
1644.55005 0.532449
1644.82996 0.531598
1645.12000 0.530741
1645.40002 0.529862
1645.68994 0.528988
1645.96997 0.528115
1646.26001 0.527255
1646.54004 0.526406
1646.82996 0.525554
1647.10999 0.524701
1647.40002 0.523848
1647.68005 0.522994
1647.95996 0.522144
1648.25000 0.521287
1648.54004 0.520434
1648.81995 0.519579
1649.10999 0.518722
1649.39001 0.51787
1649.68005 0.517015
1649.95996 0.516162
1650.25000 0.515446
1650.53003 0.514753
1650.81995 0.514062
1651.09998 0.513374
1651.39001 0.512703
1651.67004 0.512031
1651.95996 0.511359
1652.25000 0.510686
1652.53003 0.510013
1652.81995 0.509341
1653.09998 0.508666
1653.39001 0.507988
1653.68005 0.507312
1653.95996 0.506636
1654.25000 0.505959
1654.53003 0.50528
1654.81995 0.504602
1655.10999 0.503922
1655.39001 0.503243
1655.68005 0.502564
1655.95996 0.501883
1656.25000 0.501199
1656.54004 0.500519
1656.81995 0.499833
1657.10999 0.499152
1657.40002 0.498465
1657.68005 0.497782
1657.96997 0.497097
1658.26001 0.496408
1658.54004 0.495723
1658.82996 0.495033
1659.12000 0.494344
1659.40002 0.493656
1659.68994 0.492966
1659.97998 0.492278
1660.27002 0.491609
1660.55005 0.490946
1660.83997 0.49028
1661.13000 0.489613
1661.41003 0.488946
1661.69995 0.488277
1661.98999 0.487609
1662.28003 0.486937
1662.56006 0.486268
1662.84998 0.485598
1663.14001 0.484926
1663.43005 0.484253
1663.70996 0.483579
1664.00000 0.482906
1664.29004 0.482229
1664.57996 0.481553
1664.87000 0.480879
1665.15002 0.480202
1665.43994 0.479525
1665.72998 0.478846
1666.02002 0.478167
1666.31006 0.477487
1666.58997 0.476806
1666.88000 0.476127
1667.17004 0.475443
1667.45996 0.474758
1667.75000 0.474077
1668.04004 0.473392
1668.31995 0.472709
1668.60999 0.472022
1668.90002 0.471335
1669.18994 0.47065
1669.47998 0.469958
1669.77002 0.469271
1670.06006 0.468586
1670.33997 0.467918
1670.63000 0.467249
1670.92004 0.46658
1671.20996 0.465911
1671.50000 0.465238
1671.79004 0.464566
1672.07996 0.463895
1672.37000 0.463218
1672.66003 0.462546
1672.94995 0.46187
1673.22998 0.461196
1673.53003 0.460518
1673.81006 0.45984
1674.09998 0.459164
1674.39001 0.458482
1674.68005 0.457802
1674.96997 0.457121
1675.26001 0.456509
1675.55005 0.4559
1675.83997 0.455292
1676.13000 0.454674
1676.42004 0.454039
1676.70996 0.453402
1677.00000 0.452767
1677.29004 0.452156
1677.57996 0.451542
1677.87000 0.450928
1678.16003 0.450302
1678.44995 0.449663
1678.73999 0.449019
1679.03003 0.448383
1679.31995 0.447766
1679.60999 0.447148
1679.90002 0.446527
1680.18994 0.44592
1680.47998 0.445321
1680.78003 0.444716
1681.06995 0.444109
1681.35999 0.44348
1681.65002 0.442848
1681.93994 0.442219
1682.22998 0.441606
1682.52002 0.441002
1682.81006 0.44039
1683.09998 0.439774
1683.39001 0.439138
1683.68005 0.4385
1683.96997 0.437865
1684.27002 0.437251
1684.56006 0.436638
1684.84998 0.436024
1685.14001 0.435395
1685.43005 0.434756
1685.71997 0.434115
1686.01001 0.433473
1686.31006 0.432855
1686.59998 0.432234
1686.89001 0.431617
1687.18005 0.430996
1687.46997 0.430377
1687.76001 0.429755
1688.06006 0.429125
1688.34998 0.428475
1688.64001 0.427825
1688.93005 0.427174
1689.21997 0.426542
1689.52002 0.425915
1689.81006 0.425287
1690.09998 0.424654
1690.39001 0.424015
1690.68994 0.423374
1690.97998 0.422732
1691.27002 0.422113
1691.56006 0.421495
1691.85999 0.420877
1692.15002 0.420244
1692.43994 0.4196
1692.72998 0.418952
1693.03003 0.418304
1693.31995 0.417681
1693.60999 0.417058
1693.90002 0.416432
1694.19995 0.415807
1694.48999 0.41518
1694.78003 0.414555
1695.07996 0.413917
1695.37000 0.413264
1695.66003 0.412606
1695.95996 0.41195
1696.25000 0.411313
1696.54004 0.41068
1696.83997 0.410048
1697.13000 0.409399
1697.42004 0.408738
1697.71997 0.408077
1698.01001 0.407412
1698.30005 0.406776
1698.59998 0.406134
1698.89001 0.405496
1699.18994 0.404837
1699.47998 0.404168
1699.77002 0.403501
1700.06995 0.402843
1700.35999 0.402225
1700.65002 0.401606
1700.94995 0.400986
1701.23999 0.400342
1701.54004 0.399695
1701.82996 0.399049
1702.13000 0.398409
1702.42004 0.397786
1702.70996 0.397165
1703.01001 0.39654
1703.30005 0.395889
1703.59998 0.395237
1703.89001 0.394584
1704.18994 0.39393
1704.47998 0.393274
1704.78003 0.392621
1705.06995 0.391972
1705.37000 0.391343
1705.66003 0.390712
1705.95996 0.390081
1706.25000 0.389427
1706.55005 0.388766
1706.83997 0.388109
1707.14001 0.38746
1707.43005 0.386824
1707.72998 0.386192
1708.02002 0.385554
1708.31995 0.384893
1708.60999 0.384227
1708.91003 0.383562
1709.19995 0.382897
1709.50000 0.382229
1709.80005 0.381565
1710.08997 0.380909
1710.39001 0.380278
1710.68005 0.379646
1710.97998 0.379014
1711.27002 0.378357
1711.56995 0.377693
1711.87000 0.377033
1712.16003 0.376385
1712.45996 0.375749
1712.76001 0.375112
1713.05005 0.37447
1713.34998 0.373807
1713.64001 0.373139
1713.93994 0.372472
1714.23999 0.371806
1714.53003 0.371136
1714.82996 0.370467
1715.13000 0.369809
1715.42004 0.369165
1715.71997 0.368524
1716.02002 0.367875
1716.31006 0.367205
1716.60999 0.366531
1716.91003 0.365855
1717.19995 0.365199
1717.50000 0.36455
1717.80005 0.363901
1718.09998 0.363243
1718.39001 0.362567
1718.68994 0.361888
1718.98999 0.361206
1719.28003 0.360555
1719.57996 0.359901
1719.88000 0.359247
1720.18005 0.358578
1720.46997 0.357902
1720.77002 0.357228
1721.06995 0.356548
1721.37000 0.355872
1721.66003 0.355193
1721.95996 0.354513
1722.26001 0.353854
1722.56006 0.3532
1722.84998 0.352548
1723.15002 0.351877
1723.44995 0.351193
1723.75000 0.350511
1724.05005 0.349829
1724.33997 0.349171
1724.64001 0.348512
1724.93994 0.347852
1725.23999 0.347236
1725.54004 0.346628
1725.83997 0.346024
1726.13000 0.345415
1726.43005 0.344809
1726.72998 0.3442
1727.03003 0.343591
1727.32996 0.342983
1727.63000 0.342371
1727.93005 0.341759
1728.21997 0.341147
1728.53003 0.340532
1728.81995 0.339921
1729.12000 0.339318
1729.42004 0.338731
1729.71997 0.338143
1730.02002 0.337553
1730.31995 0.336943
1730.62000 0.336328
1730.92004 0.335715
1731.21997 0.3351
1731.52002 0.334487
1731.81995 0.333869
1732.12000 0.333253
1732.41003 0.332637
1732.70996 0.332018
1733.01001 0.331399
1733.31006 0.330779
1733.60999 0.330159
1733.91003 0.329538
1734.20996 0.328936
1734.51001 0.328344
1734.81006 0.327747
1735.10999 0.327141
1735.41003 0.326518
1735.70996 0.325891
1736.01001 0.325265
1736.31006 0.324638
1736.60999 0.32401
1736.91003 0.323382
1737.20996 0.322752
1737.51001 0.322125
1737.81995 0.321492
1738.12000 0.320872
1738.41003 0.32027
1738.71997 0.319664
1739.02002 0.319057
1739.31995 0.318423
1739.62000 0.317789
1739.92004 0.317154
1740.21997 0.316518
1740.52002 0.315885
1740.81995 0.31525
1741.12000 0.314613
1741.42004 0.313978
1741.72998 0.313339
1742.03003 0.312701
1742.32996 0.312062
1742.63000 0.311424
1742.93005 0.310784
1743.22998 0.310163
1743.53003 0.309552
1743.83997 0.308938
1744.14001 0.308311
1744.43994 0.307664
1744.73999 0.307022
1745.04004 0.306376
1745.33997 0.305727
1745.64001 0.305082
1745.94995 0.304434
1746.25000 0.303783
1746.55005 0.303135
1746.84998 0.302485
1747.15002 0.301834
1747.45996 0.30118
1747.76001 0.300529
1748.06006 0.299882
1748.35999 0.299257
1748.67004 0.298631
1748.96997 0.298004
1749.27002 0.29735
1749.57996 0.296691
1749.88000 0.296033
1750.18005 0.295527
1750.47998 0.295124
1750.79004 0.294719
1751.08997 0.294323
1751.39001 0.293946
1751.68994 0.29357
1752.00000 0.293192
1752.30005 0.292816
1752.59998 0.292436
1752.90002 0.292057
1753.20996 0.291657
1753.51001 0.291247
1753.81995 0.290837
1754.12000 0.290437
1754.42004 0.290055
1754.71997 0.289674
1755.03003 0.289288
1755.32996 0.288906
1755.63000 0.288522
1755.93994 0.288138
1756.23999 0.287728
1756.55005 0.287312
1756.84998 0.286897
1757.15002 0.286494
1757.45996 0.286107
1757.76001 0.285719
1758.06995 0.285322
1758.37000 0.284903
1758.67004 0.284483
1758.97998 0.284064
1759.28003 0.283669
1759.58997 0.283278
1759.89001 0.282886
1760.18994 0.282494
1760.50000 0.2821
1760.80005 0.281707
1761.10999 0.281304
1761.41003 0.280879
1761.71997 0.280454
1762.02002 0.280032
1762.32996 0.279635
1762.63000 0.279238
1762.93994 0.278842
1763.23999 0.27842
1763.55005 0.277992
1763.84998 0.277561
1764.16003 0.277148
1764.45996 0.276748
1764.77002 0.276346
1765.06995 0.275946
1765.38000 0.275544
1765.68005 0.275141
1765.98999 0.274737
1766.29004 0.274305
1766.59998 0.273871
1766.90002 0.273434
1767.20996 0.27302
1767.52002 0.272614
1767.81995 0.272206
1768.13000 0.271787
1768.43005 0.271349
1768.73999 0.27091
1769.04004 0.270474
1769.34998 0.270065
1769.66003 0.269654
1769.95996 0.269243
1770.27002 0.268832
1770.56995 0.268421
1770.88000 0.26801
1771.18994 0.267578
1771.48999 0.267134
1771.80005 0.26669
1772.10999 0.266254
1772.41003 0.26584
1772.71997 0.265425
1773.03003 0.265008
1773.32996 0.264593
1773.64001 0.264174
1773.93994 0.263757
1774.25000 0.263312
1774.56006 0.262862
1774.87000 0.262411
1775.17004 0.262028
1775.47998 0.261701
1775.79004 0.261372
1776.08997 0.261034
1776.40002 0.260674
1776.70996 0.260312
1777.02002 0.259951
1777.31995 0.25962
1777.63000 0.259288
1777.93994 0.258956
1778.23999 0.258623
1778.55005 0.25829
1778.85999 0.257956
1779.17004 0.257606
1779.46997 0.25724
1779.78003 0.256872
1780.08997 0.256515
1780.40002 0.256179
1780.70996 0.255844
1781.02002 0.255505
1781.31995 0.255137
1781.63000 0.254768
1781.93994 0.254398
1782.25000 0.254055
1782.56006 0.253715
1782.85999 0.253375
1783.17004 0.253018
1783.47998 0.252646
1783.79004 0.252274
1784.09998 0.25191
1784.40002 0.251568
1784.70996 0.251226
1785.02002 0.250883
1785.32996 0.250539
1785.64001 0.250195
1785.94995 0.24985
1786.26001 0.249477
1786.56995 0.249099
1786.88000 0.248723
1787.18005 0.248362
1787.48999 0.248016
1787.80005 0.247668
1788.10999 0.247308
1788.42004 0.246926
1788.72998 0.246544
1789.04004 0.246168
1789.34998 0.245817
1789.66003 0.245465
1789.96997 0.245114
1790.28003 0.244763
1790.58997 0.244411
1790.90002 0.244059
1791.20996 0.243685
1791.52002 0.243298
1791.82996 0.242912
1792.14001 0.242541
1792.44995 0.242186
1792.76001 0.24183
1793.06995 0.241467
1793.38000 0.241079
1793.68994 0.240689
1794.00000 0.240298
1794.31006 0.239941
1794.62000 0.239582
1794.93005 0.239223
1795.23999 0.238863
1795.55005 0.238502
1795.85999 0.238143
1796.17004 0.237762
1796.47998 0.237368
1796.79004 0.236974
1797.09998 0.236587
1797.41003 0.236224
1797.71997 0.23586
1798.03003 0.235492
1798.34998 0.235094
1798.66003 0.234696
1798.96997 0.234298
1799.28003 0.233926
1799.58997 0.233559
1799.90002 0.233191
1800.20996 0.232847
1800.52002 0.232518
1800.83997 0.232187
1801.14001 0.231856
1801.45996 0.231524
1801.77002 0.23119
1802.07996 0.230858
1802.39001 0.230523
1802.69995 0.23019
1803.02002 0.229852
1803.32996 0.229484
1803.64001 0.229115
1803.94995 0.228745
1804.26001 0.228404
1804.57996 0.228067
1804.89001 0.227728
1805.19995 0.227389
1805.51001 0.22705
1805.81995 0.226711
1806.14001 0.22637
1806.44995 0.226031
1806.76001 0.225688
1807.06995 0.225348
1807.38000 0.225005
1807.69995 0.224663
1808.01001 0.224318
1808.31995 0.223974
1808.64001 0.22363
1808.94995 0.223286
1809.26001 0.222939
1809.56995 0.222595
1809.89001 0.222248
1810.19995 0.221901
1810.52002 0.221553
1810.82996 0.221206
1811.14001 0.220844
1811.44995 0.220462
1811.77002 0.220079
1812.07996 0.219705
1812.39001 0.219353
1812.70996 0.219004
1813.02002 0.218652
1813.32996 0.218301
1813.65002 0.217948
1813.95996 0.217594
1814.28003 0.217242
1814.58997 0.216888
1814.90002 0.216533
1815.21997 0.216178
1815.53003 0.215823
1815.83997 0.215467
1816.16003 0.215109
1816.46997 0.214753
1816.79004 0.214394
1817.09998 0.214035
1817.41003 0.213678
1817.72998 0.213318
1818.04004 0.212958
1818.35999 0.212598
1818.67004 0.212236
1818.98999 0.211876
1819.30005 0.21148
1819.62000 0.211084
1819.93005 0.210685
1820.23999 0.210314
1820.56006 0.20995
1820.88000 0.209586
1821.18994 0.209222
1821.51001 0.208856
1821.81995 0.20849
1822.13000 0.208123
1822.44995 0.207754
1822.77002 0.207388
1823.07996 0.20702
1823.39001 0.206652
1823.70996 0.206281
1824.03003 0.205911
1824.33997 0.205542
1824.66003 0.20517
1824.96997 0.204799
1825.29004 0.204458
1825.59998 0.20412
1825.92004 0.203781
1826.23999 0.203441
1826.55005 0.203103
1826.87000 0.202763
1827.18005 0.202421
1827.50000 0.20208
1827.81995 0.201738
1828.13000 0.201396
1828.44995 0.201053
1828.76001 0.200711
1829.07996 0.200366
1829.40002 0.200021
1829.70996 0.199677
1830.03003 0.199332
1830.33997 0.198988
1830.66003 0.198641
1830.97998 0.198294
1831.30005 0.197947
1831.60999 0.197599
1831.93005 0.197252
1832.25000 0.196902
1832.56006 0.196554
1832.88000 0.196204
1833.19995 0.195854
1833.51001 0.195502
1833.82996 0.195151
1834.15002 0.1948
1834.45996 0.194448
1834.78003 0.194094
1835.09998 0.193741
1835.42004 0.193387
1835.72998 0.193033
1836.05005 0.192678
1836.37000 0.192322
1836.68005 0.191967
1837.00000 0.19161
1837.31995 0.191252
1837.64001 0.190895
1837.95996 0.190535
1838.28003 0.190177
1838.58997 0.189818
1838.91003 0.189458
1839.22998 0.189097
1839.55005 0.188737
1839.87000 0.188375
1840.18005 0.188013
1840.50000 0.187651
1840.81995 0.187288
1841.14001 0.186925
1841.45996 0.186561
1841.78003 0.186197
1842.08997 0.185833
1842.41003 0.185468
1842.72998 0.185101
1843.05005 0.184734
1843.37000 0.184367
1843.68994 0.184001
1844.01001 0.183631
1844.31995 0.183264
1844.64001 0.182893
1844.95996 0.182522
1845.28003 0.182153
1845.59998 0.181782
1845.92004 0.18141
1846.23999 0.181038
1846.56006 0.180665
1846.88000 0.180293
1847.19995 0.179919
1847.52002 0.179545
1847.83997 0.17917
1848.15002 0.178795
1848.47998 0.178418
1848.80005 0.178041
1849.10999 0.177665
1849.43005 0.177286
1849.76001 0.176908
1850.06995 0.176534
1850.39001 0.176171
1850.70996 0.175807
1851.04004 0.175444
1851.34998 0.175081
1851.67004 0.174716
1851.98999 0.174351
1852.31995 0.173987
1852.64001 0.17362
1852.94995 0.173255
1853.28003 0.172888
1853.59998 0.172521
1853.92004 0.172154
1854.23999 0.171784
1854.56006 0.171417
1854.88000 0.171047
1855.19995 0.170678
1855.52002 0.170309
1855.83997 0.169939
1856.16003 0.169569
1856.47998 0.169196
1856.80005 0.168826
1857.13000 0.168454
1857.44995 0.16808
1857.77002 0.167709
1858.08997 0.167336
1858.41003 0.166962
1858.72998 0.166587
1859.05005 0.166213
1859.37000 0.165839
1859.69995 0.165462
1860.02002 0.165086
1860.33997 0.16471
1860.66003 0.164332
1860.97998 0.163957
1861.31006 0.163579
1861.63000 0.163201
1861.94995 0.162823
1862.27002 0.162444
1862.58997 0.162065
1862.91003 0.161685
1863.23999 0.161305
1863.56006 0.160924
1863.88000 0.160542
1864.19995 0.160162
1864.53003 0.15978
1864.84998 0.159397
1865.17004 0.159016
1865.48999 0.158631
1865.81995 0.158247
1866.14001 0.157863
1866.45996 0.157479
1866.79004 0.157093
1867.10999 0.156709
1867.43005 0.156321
1867.75000 0.155935
1868.07996 0.155539
1868.40002 0.155112
1868.71997 0.154687
1869.05005 0.154266
1869.37000 0.153877
1869.68994 0.153489
1870.02002 0.153098
1870.33997 0.152709
1870.66003 0.152318
1870.98999 0.151927
1871.31006 0.151537
1871.63000 0.151143
1871.95996 0.150751
1872.28003 0.150358
