threeML/data/optical_filters/HST/ACS_SBC-PR130L.ecsv
# %ECSV 0.9
# ---
# datatype:
# - {name: wavelength, unit: Angstrom, datatype: float32}
# - {name: response, datatype: float32}
# meta: !!omap
# - {band_name: PR130L}
# - {group_name: ACS_SBC}
wavelength response
[from data line 1607]
1645.73999 0.352429
1646.05005 0.351843
1646.35999 0.351272
1646.67004 0.350698
1646.97998 0.350126
1647.29004 0.349556
1647.59998 0.348983
1647.91003 0.348408
1648.21997 0.347834
1648.53003 0.347259
1648.83997 0.346683
1649.15002 0.34611
1649.45996 0.345535
1649.77002 0.344959
1650.07996 0.344393
1650.39001 0.343855
1650.69995 0.343315
1651.02002 0.342777
1651.32996 0.342255
1651.64001 0.341733
1651.94995 0.34121
1652.26001 0.340685
1652.56995 0.340162
1652.88000 0.339638
1653.18994 0.339111
1653.51001 0.338588
1653.81995 0.338063
1654.13000 0.337536
1654.43994 0.337009
1654.75000 0.336482
1655.06995 0.335955
1655.38000 0.335428
1655.68994 0.334901
1656.00000 0.334373
1656.31006 0.333843
1656.63000 0.333312
1656.93994 0.332783
1657.25000 0.332255
1657.56006 0.331723
1657.87000 0.331193
1658.18994 0.330662
1658.50000 0.330131
1658.81006 0.329598
1659.12000 0.329066
1659.43994 0.328533
1659.75000 0.328
1660.06006 0.327469
1660.38000 0.326955
1660.68994 0.326438
1661.00000 0.325923
1661.31006 0.325408
1661.63000 0.324892
1661.93994 0.324373
1662.25000 0.323854
1662.56995 0.323336
1662.88000 0.322818
1663.18994 0.322299
1663.51001 0.32178
1663.81995 0.32126
1664.13000 0.32074
1664.44995 0.320217
1664.76001 0.319696
1665.06995 0.319175
1665.39001 0.318651
1665.69995 0.318128
1666.02002 0.317605
1666.32996 0.31708
1666.64001 0.316556
1666.95996 0.316031
1667.27002 0.315505
1667.58997 0.314981
1667.90002 0.314453
1668.20996 0.313927
1668.53003 0.3134
1668.84998 0.312871
1669.16003 0.312344
1669.46997 0.311815
1669.79004 0.311288
1670.09998 0.310762
1670.42004 0.310249
1670.72998 0.309735
1671.05005 0.309218
1671.35999 0.308703
1671.68005 0.308187
1671.98999 0.307669
1672.31006 0.307153
1672.62000 0.306635
1672.93994 0.306116
1673.25000 0.305597
1673.56995 0.305078
1673.88000 0.304557
1674.19995 0.304038
1674.51001 0.303516
1674.82996 0.302995
1675.14001 0.302498
1675.45996 0.302029
1675.78003 0.301562
1676.08997 0.301087
1676.41003 0.300599
1676.71997 0.300111
1677.04004 0.299623
1677.35999 0.299151
1677.67004 0.298681
1677.98999 0.298209
1678.30005 0.297719
1678.62000 0.297226
1678.93994 0.296735
1679.25000 0.296256
1679.56995 0.295781
1679.89001 0.295307
1680.19995 0.29484
1680.52002 0.294377
1680.83997 0.293913
1681.15002 0.29344
1681.46997 0.292957
1681.79004 0.292474
1682.09998 0.291997
1682.42004 0.291531
1682.73999 0.291063
1683.06006 0.290591
1683.37000 0.290105
1683.68994 0.28962
1684.01001 0.289134
1684.31995 0.288663
1684.64001 0.288193
1684.95996 0.287722
1685.28003 0.287234
1685.58997 0.286745
1685.91003 0.286255
1686.22998 0.285777
1686.55005 0.285303
1686.87000 0.284829
1687.18005 0.284355
1687.50000 0.283879
1687.81995 0.283404
1688.14001 0.282921
1688.44995 0.282425
1688.77002 0.281929
1689.08997 0.281438
1689.41003 0.28096
1689.72998 0.28048
1690.05005 0.280001
1690.37000 0.279514
1690.68005 0.279023
1691.00000 0.278535
1691.31995 0.278065
1691.64001 0.277593
1691.95996 0.277122
1692.28003 0.276633
1692.59998 0.276142
1692.92004 0.275648
1693.22998 0.275169
1693.55005 0.274695
1693.87000 0.274219
1694.18994 0.273744
1694.51001 0.273266
1694.82996 0.272789
1695.15002 0.272302
1695.46997 0.271804
1695.79004 0.271306
1696.10999 0.270816
1696.43005 0.270333
1696.75000 0.269852
1697.06995 0.269367
1697.39001 0.268865
1697.70996 0.268365
1698.03003 0.267864
1698.34998 0.267381
1698.67004 0.266895
1698.98999 0.26641
1699.31006 0.265906
1699.63000 0.2654
1699.94995 0.264896
1700.27002 0.264458
1700.58997 0.264036
1700.91003 0.263612
1701.22998 0.263174
1701.55005 0.26273
1701.87000 0.262286
1702.18994 0.261852
1702.51001 0.261425
1702.82996 0.260999
1703.15002 0.260561
1703.46997 0.260114
1703.80005 0.259666
1704.12000 0.259217
1704.43994 0.258769
1704.76001 0.25832
1705.07996 0.257874
1705.40002 0.257442
1705.71997 0.257008
1706.05005 0.256573
1706.37000 0.256122
1706.68994 0.255669
1707.01001 0.255214
1707.32996 0.254779
1707.65002 0.254344
1707.97998 0.253905
1708.30005 0.253452
1708.62000 0.252995
1708.93994 0.252537
1709.26001 0.252079
1709.58997 0.25162
1709.91003 0.25116
1710.22998 0.250719
1710.55005 0.250285
1710.87000 0.249851
1711.19995 0.249403
1711.52002 0.248947
1711.83997 0.248491
1712.16003 0.248045
1712.48999 0.247606
1712.81006 0.247169
1713.13000 0.246722
1713.44995 0.246261
1713.78003 0.2458
1714.09998 0.24534
1714.42004 0.244879
1714.75000 0.244418
1715.06995 0.24396
1715.39001 0.243516
1715.71997 0.243071
1716.04004 0.242624
1716.35999 0.242159
1716.68994 0.241694
1717.01001 0.241228
1717.32996 0.24078
1717.66003 0.240332
1717.97998 0.239882
1718.31006 0.239415
1718.63000 0.238945
1718.94995 0.238477
1719.28003 0.238021
1719.59998 0.237568
1719.92004 0.237116
1720.25000 0.236651
1720.56995 0.236183
1720.90002 0.235715
1721.21997 0.235246
1721.55005 0.234774
1721.87000 0.234303
1722.18994 0.233844
1722.52002 0.23339
1722.83997 0.232937
1723.17004 0.232473
1723.48999 0.231999
1723.81995 0.231522
1724.14001 0.231056
1724.46997 0.230599
1724.79004 0.230142
1725.12000 0.229698
1725.43994 0.22928
1725.77002 0.228861
1726.08997 0.22844
1726.42004 0.22802
1726.73999 0.227599
1727.06995 0.227176
1727.39001 0.226755
1727.71997 0.226333
1728.05005 0.225909
1728.37000 0.225484
1728.69995 0.22506
1729.02002 0.224636
1729.34998 0.224229
1729.67004 0.223823
1730.00000 0.223416
1730.32996 0.222991
1730.65002 0.222568
1730.97998 0.222141
1731.31006 0.221715
1731.63000 0.221288
1731.95996 0.22086
1732.28003 0.220432
1732.60999 0.220003
1732.93994 0.219573
1733.26001 0.219143
1733.58997 0.218714
1733.92004 0.218283
1734.23999 0.217865
1734.56995 0.217453
1734.90002 0.21704
1735.21997 0.216611
1735.55005 0.216177
1735.88000 0.215742
1736.20996 0.215305
1736.53003 0.214869
1736.85999 0.214432
1737.18994 0.213993
1737.51001 0.213556
1737.83997 0.213116
1738.17004 0.212687
1738.50000 0.212267
1738.82996 0.211846
1739.15002 0.211415
1739.47998 0.210973
1739.81006 0.210529
1740.13000 0.210088
1740.45996 0.209646
1740.79004 0.209203
1741.12000 0.208757
1741.44995 0.208313
1741.78003 0.207869
1742.09998 0.207424
1742.43005 0.206978
1742.76001 0.206531
1743.08997 0.206088
1743.42004 0.20566
1743.75000 0.205232
1744.06995 0.2048
1744.40002 0.20435
1744.72998 0.203898
1745.06006 0.203447
1745.39001 0.202995
1745.71997 0.202541
1746.05005 0.202088
1746.38000 0.201634
1746.69995 0.20118
1747.04004 0.200722
1747.35999 0.200266
1747.68994 0.199809
1748.02002 0.199352
1748.34998 0.198915
1748.68005 0.198479
1749.01001 0.198038
1749.33997 0.197577
1749.67004 0.197116
1750.00000 0.196655
1750.32996 0.196372
1750.66003 0.196091
1750.98999 0.195808
1751.31995 0.195545
1751.65002 0.195282
1751.97998 0.195019
1752.31006 0.194755
1752.64001 0.19449
1752.96997 0.194226
1753.30005 0.193941
1753.63000 0.193654
1753.95996 0.193366
1754.29004 0.193097
1754.62000 0.192831
1754.94995 0.192563
1755.29004 0.192295
1755.62000 0.192026
1755.94995 0.191757
1756.28003 0.191469
1756.60999 0.191178
1756.93994 0.190887
1757.27002 0.190612
1757.59998 0.19034
1757.93005 0.190069
1758.26001 0.189779
1758.59998 0.189484
1758.93005 0.189189
1759.26001 0.188911
1759.58997 0.188636
1759.92004 0.188361
1760.25000 0.188086
1760.58997 0.187811
1760.92004 0.187535
1761.25000 0.187243
1761.57996 0.186945
1761.91003 0.186646
1762.23999 0.186363
1762.57996 0.186085
1762.91003 0.185806
1763.23999 0.185511
1763.56995 0.185211
1763.90002 0.184909
1764.23999 0.184622
1764.56995 0.18434
1764.90002 0.184058
1765.23999 0.183776
1765.56995 0.183494
1765.90002 0.183211
1766.22998 0.182913
1766.56995 0.182606
1766.90002 0.182299
1767.22998 0.182007
1767.56995 0.181722
1767.90002 0.181436
1768.22998 0.181134
1768.56006 0.180825
1768.90002 0.180515
1769.22998 0.18022
1769.56006 0.179931
1769.90002 0.179643
1770.22998 0.179354
1770.56006 0.179064
1770.90002 0.178774
1771.22998 0.178467
1771.56995 0.178154
1771.90002 0.177841
1772.22998 0.177542
1772.56995 0.177249
1772.90002 0.176956
1773.23999 0.176662
1773.56995 0.176368
1773.90002 0.176074
1774.23999 0.175763
1774.56995 0.175445
1774.91003 0.175126
1775.23999 0.174872
1775.57996 0.174642
1775.91003 0.174412
1776.25000 0.174165
1776.57996 0.173912
1776.91003 0.173657
1777.25000 0.173419
1777.58997 0.173187
1777.92004 0.172955
1778.26001 0.172721
1778.58997 0.172489
1778.92004 0.172255
1779.26001 0.172002
1779.59998 0.171744
1779.93005 0.171486
1780.27002 0.171247
1780.59998 0.171012
1780.93994 0.170776
1781.27002 0.170521
1781.60999 0.170262
1781.93994 0.170001
1782.28003 0.16976
1782.62000 0.169523
1782.94995 0.169284
1783.29004 0.169025
1783.62000 0.168763
1783.95996 0.168501
1784.30005 0.168257
1784.63000 0.168017
1784.96997 0.167776
1785.31006 0.167534
1785.64001 0.167292
1785.97998 0.16705
1786.31995 0.166785
1786.65002 0.166519
1786.98999 0.166252
1787.32996 0.166008
1787.66003 0.165763
1788.00000 0.165518
1788.33997 0.165249
1788.67004 0.16498
1789.01001 0.164711
1789.34998 0.164464
1789.68005 0.164217
1790.02002 0.163969
1790.35999 0.163721
1790.69995 0.163474
1791.03003 0.163223
1791.37000 0.16295
1791.70996 0.162678
1792.05005 0.162408
1792.38000 0.162157
1792.71997 0.161907
1793.06006 0.161652
1793.40002 0.161377
1793.73999 0.161101
1794.06995 0.160831
1794.41003 0.160578
1794.75000 0.160324
1795.08997 0.160069
1795.43005 0.159815
1795.76001 0.159561
1796.09998 0.159299
1796.43994 0.159019
1796.78003 0.15874
1797.12000 0.158468
1797.45996 0.15821
1797.80005 0.157953
1798.13000 0.157685
1798.46997 0.157402
1798.81006 0.15712
1799.15002 0.156848
1799.48999 0.156587
1799.82996 0.156328
1800.17004 0.156068
1800.51001 0.155812
1800.84998 0.155554
1801.18994 0.155296
1801.53003 0.155037
1801.87000 0.154778
1802.20996 0.154518
1802.55005 0.15426
1802.88000 0.154
1803.21997 0.153724
1803.56995 0.153438
1803.90002 0.153153
1804.25000 0.152884
1804.57996 0.152623
1804.92004 0.152361
1805.26001 0.152099
1805.60999 0.151835
1805.93994 0.151572
1806.29004 0.151309
1806.62000 0.151045
1806.96997 0.150781
1807.31006 0.150516
1807.65002 0.15025
1807.98999 0.149985
1808.32996 0.149719
1808.67004 0.149453
1809.01001 0.149187
1809.34998 0.14892
1809.68994 0.148651
1810.03003 0.148384
1810.38000 0.148116
1810.71997 0.147848
1811.06006 0.147576
1811.40002 0.147283
1811.73999 0.146989
1812.07996 0.146701
1812.42004 0.146432
1812.76001 0.146161
1813.10999 0.14589
1813.44995 0.145619
1813.79004 0.145348
1814.13000 0.145076
1814.46997 0.144804
1814.81006 0.144531
1815.16003 0.144259
1815.50000 0.143985
1815.83997 0.143711
1816.18005 0.143437
1816.53003 0.143162
1816.87000 0.142888
1817.20996 0.142613
1817.55005 0.142337
1817.89001 0.142062
1818.23999 0.141785
1818.57996 0.141509
1818.92004 0.141231
1819.27002 0.140935
1819.60999 0.140632
1819.94995 0.140329
1820.29004 0.140046
1820.64001 0.139768
1820.97998 0.139489
1821.31995 0.13921
1821.67004 0.13893
1822.01001 0.13865
1822.34998 0.138369
1822.69995 0.138088
1823.04004 0.137807
1823.38000 0.137525
1823.72998 0.137242
1824.06995 0.13696
1824.41003 0.136677
1824.76001 0.136395
1825.09998 0.136118
1825.44995 0.135859
1825.79004 0.1356
1826.13000 0.13534
1826.47998 0.13508
1826.81995 0.13482
1827.17004 0.134559
1827.51001 0.134299
1827.85999 0.134037
1828.19995 0.133775
1828.54004 0.133513
1828.89001 0.13325
1829.22998 0.132987
1829.57996 0.132724
1829.92004 0.13246
1830.27002 0.132196
1830.60999 0.131932
1830.95996 0.131668
1831.30005 0.131404
1831.65002 0.131139
1831.98999 0.130874
1832.33997 0.130607
1832.68005 0.13034
1833.03003 0.130074
1833.38000 0.129807
1833.71997 0.12954
1834.06995 0.129273
1834.41003 0.129004
1834.76001 0.128735
1835.09998 0.128466
1835.44995 0.128198
1835.79004 0.127929
1836.14001 0.127658
1836.48999 0.127388
1836.82996 0.127118
1837.18005 0.126846
1837.53003 0.126575
1837.87000 0.126303
1838.21997 0.126032
1838.56995 0.125758
1838.91003 0.125486
1839.26001 0.125213
1839.59998 0.124939
1839.94995 0.124665
1840.30005 0.124392
1840.64001 0.124116
1840.98999 0.123841
1841.33997 0.123566
1841.68005 0.123291
1842.03003 0.123014
1842.38000 0.122739
1842.72998 0.122462
1843.06995 0.122186
1843.42004 0.121907
1843.77002 0.12163
1844.12000 0.121352
1844.45996 0.121073
1844.81006 0.120794
1845.16003 0.120515
1845.51001 0.120235
1845.84998 0.119955
1846.19995 0.119674
1846.55005 0.119394
1846.90002 0.119112
1847.25000 0.11883
1847.58997 0.118548
1847.93994 0.118266
1848.29004 0.117983
1848.64001 0.1177
1848.98999 0.117417
1849.33997 0.117133
1849.68005 0.116849
1850.03003 0.116567
1850.38000 0.116308
1850.72998 0.116049
1851.07996 0.11579
1851.43005 0.115531
1851.78003 0.11527
1852.12000 0.11501
1852.46997 0.11475
1852.81995 0.114489
1853.17004 0.114228
1853.52002 0.113966
1853.87000 0.113704
1854.21997 0.113442
1854.56995 0.113179
1854.92004 0.112916
1855.27002 0.112653
1855.62000 0.112389
1855.96997 0.112125
1856.31995 0.111861
1856.67004 0.111596
1857.02002 0.111331
1857.37000 0.111065
1857.71997 0.110799
1858.06995 0.110533
1858.42004 0.110266
1858.77002 0.109999
1859.12000 0.109731
1859.46997 0.109464
1859.81995 0.109195
1860.17004 0.108928
1860.52002 0.108659
1860.87000 0.10839
1861.21997 0.108121
1861.56995 0.107851
1861.92004 0.107581
1862.27002 0.10731
1862.62000 0.107041
1862.96997 0.10677
1863.32996 0.106498
1863.68005 0.106225
1864.03003 0.105952
1864.38000 0.10568
1864.72998 0.105408
1865.07996 0.105135
1865.43005 0.10486
1865.79004 0.104586
1866.14001 0.104311
1866.48999 0.104037
1866.83997 0.103763
1867.18994 0.103486
1867.55005 0.10321
1867.90002 0.102935
1868.25000 0.102638
1868.59998 0.102334
1868.94995 0.102029
1869.31006 0.101747
1869.66003 0.10147
1870.01001 0.101191
1870.35999 0.100911
1870.70996 0.100632
1871.06995 0.100353
1871.42004 0.100073
1871.77002 0.0997934
1872.12000 0.0995129
1872.47998 0.0992313
1872.82996 0.0989502
1873.18005 0.0986678
1873.54004 0.0983859
1873.89001 0.0981036
1874.23999 0.0978209
1874.59998 0.0975379
1874.94995 0.0972544
1875.30005 0.0969943
1875.66003 0.0967372
1876.01001 0.0964804
1876.35999 0.0962233
1876.71997 0.095965
1877.06995 0.0957073
1877.42004 0.095449
1877.78003 0.0951899
1878.13000 0.0949205
1878.48999 0.0946334
1878.83997 0.0943459
1879.18994 0.0940726
1879.55005 0.0938123
1879.90002 0.0935517
1880.26001 0.0932909
1880.60999 0.093029
1880.95996 0.0927682
1881.31995 0.0925063
1881.67004 0.0922433
1882.03003 0.0919808
1882.38000 0.0917179
1882.73999 0.0914546
1883.08997 0.0911828
1883.44995 0.0908907
1883.80005 0.0905982
1884.16003 0.090317
1884.51001 0.0900519
1884.87000 0.0897865
1885.21997 0.0895207
1885.57996 0.0892538
1885.93005 0.0889873
1886.29004 0.0887205
1886.65002 0.0884526
1887.00000 0.088185
1887.35999 0.0879171
1887.70996 0.0876497
1888.06995 0.0873749
1888.42004 0.0870775
1888.78003 0.0867796
1889.13000 0.0864914
1889.48999 0.0862206
1889.84998 0.085951
1890.19995 0.0856802
1890.56006 0.0854084
1890.92004 0.0851371
1891.27002 0.0848653
1891.63000 0.0845925
1891.97998 0.08432
1892.33997 0.0840198
1892.69995 0.083717
1893.06006 0.0834192
1893.41003 0.0831453
1893.77002 0.082871
1894.12000 0.0825963
1894.47998 0.0823206
1894.83997 0.082046
1895.19995 0.0817694
1895.55005 0.0814933
1895.91003 0.081216
1896.27002 0.0809306
1896.63000 0.080641
1896.97998 0.0803526
1897.33997 0.0800687
1897.69995 0.0797846
1898.06006 0.0794993
1898.41003 0.0792137
1898.77002 0.0789284
1899.13000 0.0786429
1899.48999 0.0783569
1899.83997 0.0780706
1900.19995 0.0777955
1900.56006 0.077531
1900.92004 0.0772645
1901.28003 0.0770008
1901.63000 0.0767373
1901.98999 0.0764734
1902.34998 0.0762054
1902.70996 0.0759378
1903.06995 0.0756698
1903.43005 0.0754043
1903.79004 0.0751393
1904.14001 0.0748719
1904.50000 0.0746017
1904.85999 0.074331
1905.21997 0.07406
1905.57996 0.0737901
1905.93994 0.0735191
1906.30005 0.0732501
1906.66003 0.0729805
1907.02002 0.0727111
1907.38000 0.0724386
1907.73999 0.0721647
1908.09998 0.071893
1908.45996 0.0716214
1908.81995 0.0713503
1909.17004 0.0710773
1909.54004 0.0708015
1909.89001 0.0705262
1910.25000 0.0702527
1910.62000 0.0699789
1910.96997 0.0697063
1911.33997 0.069429
1911.69995 0.0691509
1912.06006 0.0688733
1912.42004 0.0685954
1912.78003 0.068317
