threeML/data/optical_filters/HST/ACS_HRC-F850LP.ecsv
# %ECSV 0.9
# ---
# datatype:
# - {name: wavelength, unit: Angstrom, datatype: float32}
# - {name: response, datatype: float32}
# meta: !!omap
# - {band_name: F850LP}
# - {group_name: ACS_HRC}
wavelength response
[from data line 1598]
9404.45020 0.8974
9405.40039 0.897129
9406.34961 0.896859
9407.30957 0.896584
9408.25000 0.896313
9409.20020 0.89604
9410.16016 0.895639
9411.11035 0.894657
9412.05957 0.893671
9413.01953 0.892677
9413.96973 0.891692
9414.91992 0.890706
9415.87988 0.889717
9416.83008 0.88873
9417.78027 0.887741
9418.73047 0.886755
9419.67969 0.885768
9420.63965 0.885241
9421.58984 0.88495
9422.54004 0.884658
9423.50000 0.884357
9424.45020 0.884059
9425.40039 0.883763
9426.36035 0.883464
9427.30957 0.883165
9428.26953 0.882862
9429.21973 0.882559
9430.16992 0.882195
9431.12988 0.881555
9432.08008 0.880914
9433.03027 0.88027
9433.99023 0.879627
9434.94043 0.878977
9435.90039 0.878327
9436.84961 0.877677
9437.80957 0.87703
9438.76953 0.87638
9439.71973 0.875733
9440.66992 0.875199
9441.62988 0.874712
9442.58984 0.874228
9443.54004 0.87374
9444.49023 0.873253
9445.45020 0.872764
9446.40039 0.872276
9447.36035 0.871787
9448.32031 0.871294
9449.28027 0.870798
9450.23047 0.87018
9451.19043 0.86916
9452.15039 0.868136
9453.09961 0.867123
9454.05957 0.866103
9455.01953 0.865083
9455.96973 0.864066
9456.91992 0.863055
9457.87988 0.862028
9458.83984 0.861009
9459.79980 0.859988
9460.75000 0.859375
9461.70996 0.858872
9462.66992 0.858359
9463.62012 0.857852
9464.58008 0.857344
9465.54004 0.856832
9466.49023 0.856325
9467.45020 0.855813
9468.41992 0.855294
9469.37012 0.854781
9470.33008 0.854251
9471.29004 0.853684
9472.24023 0.853117
9473.20020 0.852548
9474.16016 0.851983
9475.12012 0.851415
9476.08008 0.850837
9477.04004 0.850271
9478.00000 0.849694
9478.95996 0.849114
9479.91016 0.848545
9480.87988 0.847931
9481.83008 0.847316
9482.79004 0.846701
9483.75000 0.846083
9484.70996 0.845465
9485.66992 0.844843
9486.62988 0.844221
9487.58984 0.843603
9488.54980 0.84298
9489.50977 0.842353
9490.46973 0.841612
9491.42969 0.840738
9492.38965 0.839873
9493.34961 0.839003
9494.32031 0.838123
9495.26953 0.837257
9496.23047 0.836386
9497.19043 0.835508
9498.15039 0.834635
9499.11035 0.833762
9500.08008 0.83288
9501.04004 0.831969
9502.00000 0.831059
9502.95996 0.830146
9503.91992 0.829239
9504.88965 0.828322
9505.83984 0.827416
9506.79980 0.826505
9507.76953 0.825583
9508.73047 0.824671
9509.69043 0.82376
9510.66016 0.82283
9511.62012 0.821909
9512.58008 0.82098
9513.54004 0.820058
9514.50000 0.819133
9515.46973 0.818198
9516.42969 0.817273
9517.38965 0.816343
9518.34961 0.815412
9519.32031 0.814485
9520.28027 0.813561
9521.25000 0.812641
9522.20996 0.81173
9523.16992 0.810813
9524.13965 0.809895
9525.09961 0.80898
9526.07031 0.808057
9527.03027 0.807136
9527.99023 0.806227
9528.95996 0.805303
9529.91992 0.80438
9530.87988 0.803432
9531.84961 0.802472
9532.80957 0.801514
9533.78027 0.800556
9534.74023 0.799595
9535.70020 0.798635
9536.66992 0.797673
9537.63965 0.796714
9538.59961 0.795753
9539.57031 0.794791
9540.53027 0.794118
9541.49023 0.793672
9542.45996 0.793218
9543.42969 0.792771
9544.38965 0.792327
9545.34961 0.791875
9546.32031 0.791419
9547.29004 0.790963
9548.25000 0.790511
9549.21973 0.790054
9550.19043 0.789592
9551.15039 0.78913
9552.12012 0.788669
9553.08984 0.788197
9554.04980 0.787727
9555.01953 0.787263
9555.99023 0.786796
9556.95020 0.786322
9557.91992 0.785849
9558.88965 0.785376
9559.84961 0.7849
9560.82031 0.784402
9561.79004 0.783907
9562.75000 0.783412
9563.73047 0.782906
9564.69043 0.782405
9565.66016 0.781898
9566.62988 0.781396
9567.58984 0.78089
9568.57031 0.780381
9569.53027 0.779875
9570.50000 0.77938
9571.46973 0.7789
9572.42969 0.778419
9573.40039 0.777935
9574.37012 0.777446
9575.33984 0.776958
9576.30957 0.776474
9577.28027 0.775989
9578.25000 0.775496
9579.21973 0.775004
9580.19043 0.77444
9581.16016 0.773593
9582.12988 0.772737
9583.09961 0.771889
9584.05957 0.771037
9585.03027 0.77019
9586.00000 0.76934
9586.96973 0.768484
9587.94043 0.767631
9588.91016 0.766775
9589.88965 0.765913
9590.84961 0.765041
9591.82031 0.764166
9592.79980 0.763282
9593.76953 0.762408
9594.73047 0.761534
9595.70996 0.760646
9596.66992 0.759772
9597.63965 0.758892
9598.62012 0.758003
9599.58984 0.757119
9600.55957 0.756209
9601.53027 0.75529
9602.50000 0.754368
9603.48047 0.753444
9604.45020 0.752527
9605.41992 0.751604
9606.38965 0.750677
9607.36035 0.749751
9608.33008 0.748825
9609.30957 0.747894
9610.28027 0.746975
9611.25000 0.746042
9612.21973 0.745116
9613.19043 0.744185
9614.16992 0.743257
9615.13965 0.742323
9616.11035 0.741396
9617.08984 0.740461
9618.05957 0.73953
9619.03027 0.738595
9620.00977 0.737659
9620.98047 0.736868
9621.95996 0.73607
9622.92969 0.73528
9623.90039 0.734485
9624.87988 0.733682
9625.84961 0.732887
9626.82031 0.732087
9627.79980 0.731285
9628.76953 0.730485
9629.74023 0.729681
9630.71973 0.728888
9631.69043 0.728101
9632.66992 0.72731
9633.65039 0.726527
9634.61035 0.72574
9635.59961 0.72494
9636.55957 0.724154
9637.54004 0.723362
9638.51953 0.722566
9639.49023 0.721774
9640.46973 0.720979
9641.44043 0.72018
9642.41992 0.719381
9643.40039 0.718577
9644.37012 0.717778
9645.34961 0.716976
9646.33008 0.71617
9647.29004 0.715375
9648.26953 0.714569
9649.25000 0.713764
9650.21973 0.712947
9651.20020 0.712107
9652.17969 0.711263
9653.15039 0.710418
9654.12988 0.709579
9655.11035 0.708734
9656.08008 0.707891
9657.07031 0.707039
9658.04004 0.706201
9659.01953 0.705352
9660.00000 0.704501
9660.96973 0.703512
9661.94043 0.702514
9662.91992 0.701516
9663.90039 0.70052
9664.87988 0.699514
9665.86035 0.698512
9666.83984 0.697513
9667.82031 0.696509
9668.79004 0.69551
9669.76953 0.694509
9670.75000 0.693495
9671.73047 0.69249
9672.70996 0.691482
9673.67969 0.690468
9674.66016 0.689458
9675.63965 0.688444
9676.62012 0.687433
9677.59961 0.686419
9678.58008 0.6854
9679.55957 0.684388
9680.54004 0.683369
9681.51953 0.68234
9682.50000 0.681319
9683.48047 0.680297
9684.45996 0.679271
9685.44043 0.678245
9686.41992 0.67722
9687.40039 0.676196
9688.37012 0.675169
9689.36035 0.674138
9690.33984 0.673116
9691.32031 0.672106
9692.29980 0.671093
9693.28027 0.670083
9694.25977 0.669074
9695.24023 0.668055
9696.21973 0.667043
9697.20996 0.666024
9698.19043 0.665011
9699.16992 0.663998
9700.15039 0.663005
9701.12988 0.662112
9702.09961 0.661223
9703.08984 0.660327
9704.07031 0.659434
9705.04980 0.658541
9706.04004 0.657642
9707.01953 0.656746
9708.00000 0.655841
9708.98047 0.654947
9709.96973 0.654045
9710.95020 0.653169
9711.92969 0.652287
9712.91016 0.651404
9713.90039 0.65053
9714.87988 0.649649
9715.86035 0.648769
9716.83984 0.647878
9717.83008 0.646996
9718.80957 0.646105
9719.79004 0.645218
9720.78027 0.644333
9721.75977 0.643441
9722.75000 0.642547
9723.73047 0.64166
9724.71973 0.640763
9725.70020 0.639872
9726.67969 0.638976
9727.66016 0.638082
9728.65039 0.637187
9729.62988 0.636285
9730.62012 0.635368
9731.59961 0.634435
9732.58984 0.633493
9733.57031 0.632558
9734.54980 0.631623
9735.54004 0.630679
9736.53027 0.629742
9737.50977 0.628802
9738.50000 0.627855
9739.48047 0.626917
9740.46973 0.625953
9741.45020 0.62496
9742.42969 0.623965
9743.41992 0.622969
9744.41016 0.621975
9745.38965 0.620977
9746.37988 0.619976
9747.37012 0.618976
9748.34961 0.617976
9749.33984 0.61697
9750.33008 0.615968
9751.32031 0.61495
9752.29980 0.613934
9753.29004 0.612919
9754.26953 0.611901
9755.25977 0.610884
9756.24023 0.609869
9757.23047 0.608841
9758.21973 0.607826
9759.20020 0.606807
9760.20020 0.60578
9761.17969 0.604767
9762.16992 0.603741
9763.16016 0.602722
9764.15039 0.601705
9765.13965 0.600675
9766.12012 0.599664
9767.09961 0.598643
9768.09961 0.597616
9769.08008 0.59659
9770.07031 0.595567
9771.05957 0.594545
9772.04980 0.59352
9773.04004 0.592506
9774.03027 0.591474
9775.01953 0.590454
9776.00977 0.58942
9777.00000 0.588395
9777.99023 0.587373
9778.98047 0.58634
9779.96973 0.585315
9780.95020 0.584354
9781.94043 0.583387
9782.92969 0.582417
9783.91992 0.581453
9784.91016 0.580478
9785.90039 0.579519
9786.90039 0.57854
9787.87988 0.577568
9788.87012 0.576598
9789.87012 0.575618
9790.84961 0.574648
9791.83984 0.573672
9792.83008 0.572689
9793.82031 0.57171
9794.80957 0.570731
9795.80957 0.569744
9796.79980 0.568762
9797.79004 0.56777
9798.78027 0.566789
9799.76953 0.5658
9800.76953 0.564978
9801.75977 0.564215
9802.75000 0.563447
9803.74023 0.562677
9804.73047 0.561905
9805.71973 0.561134
9806.70996 0.560364
9807.70020 0.559593
9808.70020 0.558815
9809.69043 0.558042
9810.67969 0.557281
9811.67969 0.556523
9812.66992 0.555772
9813.66016 0.555016
9814.66016 0.554252
9815.65039 0.553495
9816.63965 0.552735
9817.62988 0.551978
9818.62012 0.551221
9819.62012 0.550453
9820.61035 0.549599
9821.59961 0.548687
9822.59961 0.547769
9823.59961 0.546857
9824.58984 0.545944
9825.58984 0.545023
9826.58008 0.544108
9827.57031 0.543198
9828.57031 0.542279
9829.55957 0.541361
9830.55957 0.540433
9831.54980 0.539518
9832.54004 0.538594
9833.54004 0.537661
9834.53027 0.536737
9835.53027 0.535813
9836.51953 0.534881
9837.51953 0.533953
9838.50977 0.533028
9839.50977 0.532095
9840.50977 0.531173
9841.50977 0.530252
9842.50000 0.529332
9843.49023 0.52841
9844.49023 0.527488
9845.48047 0.526566
9846.48047 0.525646
9847.48047 0.524719
9848.46973 0.523797
9849.46973 0.522879
9850.46973 0.521952
9851.45996 0.521034
9852.45996 0.520109
9853.45996 0.519186
9854.45020 0.518266
9855.45020 0.517341
9856.45020 0.51642
9857.45020 0.515496
9858.44043 0.514578
9859.44043 0.513658
9860.42969 0.512783
9861.42969 0.511965
9862.42969 0.511153
9863.42969 0.510337
9864.42969 0.509525
9865.42969 0.508711
9866.42969 0.50789
9867.41992 0.507073
9868.41992 0.506259
9869.41992 0.505438
9870.41992 0.504628
9871.41016 0.503827
9872.41992 0.503015
9873.41016 0.502209
9874.41992 0.501402
9875.41016 0.500592
9876.41016 0.499782
9877.41016 0.498971
9878.41016 0.498161
9879.41016 0.49735
9880.41016 0.49653
9881.41016 0.495696
9882.41016 0.49486
9883.41016 0.494021
9884.41016 0.493186
9885.41016 0.492345
9886.41016 0.491507
9887.41016 0.49067
9888.41016 0.489829
9889.41016 0.488989
9890.41016 0.488153
9891.41016 0.487324
9892.41016 0.486499
9893.41016 0.485666
9894.41992 0.484829
9895.41992 0.483996
9896.41992 0.483158
9897.41992 0.482325
9898.41992 0.481498
9899.41992 0.480662
9900.41992 0.479793
9901.41992 0.478872
9902.42969 0.477942
9903.42969 0.477017
9904.42969 0.476092
9905.42969 0.475165
9906.42969 0.474243
9907.44043 0.473314
9908.44043 0.47239
9909.44043 0.471468
9910.45020 0.470533
9911.45020 0.469594
9912.44043 0.468662
9913.45020 0.467718
9914.45020 0.466783
9915.45020 0.465846
9916.45996 0.464905
9917.45996 0.463969
9918.46973 0.463024
9919.46973 0.462081
9920.48047 0.461142
9921.48047 0.460204
9922.48047 0.459271
9923.49023 0.45834
9924.49023 0.457405
9925.49023 0.456473
9926.49023 0.45554
9927.50000 0.454601
9928.50000 0.453665
9929.50977 0.452723
9930.51953 0.451784
9931.51953 0.45084
9932.53027 0.449891
9933.53027 0.448949
9934.53027 0.448006
9935.54004 0.447058
9936.54980 0.446115
9937.54980 0.445173
9938.55957 0.444217
9939.55957 0.443281
9940.57031 0.442404
9941.57031 0.441588
9942.58008 0.44077
9943.58984 0.439949
9944.58984 0.439134
9945.59961 0.438315
9946.61035 0.437494
9947.61035 0.436675
9948.62012 0.435856
9949.62988 0.435032
9950.62988 0.434208
9951.63965 0.43337
9952.63965 0.432542
9953.65039 0.431713
9954.66016 0.430874
9955.66016 0.430041
9956.66992 0.429205
9957.67969 0.428361
9958.69043 0.427528
9959.69043 0.426687
9960.70020 0.425839
9961.70996 0.425
9962.71973 0.42416
9963.71973 0.423319
9964.73047 0.422477
9965.74023 0.42163
9966.75000 0.420783
9967.75977 0.41994
9968.76953 0.419088
9969.76953 0.418241
9970.78027 0.417388
9971.79980 0.416528
9972.79980 0.415673
9973.80957 0.414816
9974.82031 0.413954
9975.83008 0.413095
9976.83984 0.41223
9977.84961 0.411374
9978.84961 0.410513
9979.87012 0.409647
9980.87988 0.408673
9981.87988 0.407681
9982.90039 0.406684
9983.91016 0.405692
9984.91016 0.4047
9985.92969 0.403701
9986.94043 0.402708
9987.95020 0.401709
9988.95996 0.400716
9989.96973 0.399722
9990.98047 0.398729
9991.99023 0.397734
9993.00000 0.396741
9994.00977 0.39574
9995.01953 0.394744
9996.03027 0.39375
9997.04980 0.392749
9998.05957 0.391753
9999.07031 0.390751
10000.08008 0.389777
10001.08984 0.389014
10002.11035 0.388241
10003.12012 0.387476
10004.12988 0.386713
10005.13965 0.385948
10006.15039 0.385184
10007.16016 0.384419
10008.17969 0.383646
10009.19043 0.382882
10010.20996 0.382119
10011.21973 0.381361
10012.23047 0.380603
10013.24023 0.379844
10014.25000 0.379085
10015.25977 0.378326
10016.29004 0.37756
10017.29980 0.376802
10018.30957 0.376043
10019.32031 0.375284
10020.33008 0.374554
10021.36035 0.373875
10022.37012 0.373203
10023.37988 0.372531
10024.38965 0.371858
10025.41016 0.371185
10026.41992 0.370511
10027.42969 0.369838
10028.44043 0.369163
10029.45996 0.368488
10030.48047 0.367803
10031.50000 0.36712
10032.50977 0.366436
10033.51953 0.365753
10034.54004 0.365069
10035.55957 0.364376
10036.57031 0.363691
10037.58008 0.363013
10038.59961 0.362321
10039.62012 0.361635
10040.62988 0.360949
10041.63965 0.360263
10042.66016 0.359578
10043.67969 0.358884
10044.70020 0.358198
10045.70996 0.35751
10046.73047 0.356822
10047.74023 0.356134
10048.75977 0.355446
10049.78027 0.35475
10050.79980 0.354062
10051.79980 0.353381
10052.83008 0.352685
10053.84961 0.351996
10054.86035 0.351306
10055.87988 0.350616
10056.88965 0.349926
10057.91992 0.349227
10058.94043 0.348537
10059.95020 0.347845
10060.96973 0.347092
10061.98047 0.346336
10063.00000 0.345581
10064.03027 0.344815
10065.03027 0.344067
10066.05957 0.343303
10067.08008 0.342546
10068.09961 0.34179
10069.11035 0.341033
10070.12988 0.340276
10071.15039 0.339521
10072.17969 0.338756
10073.19043 0.338001
10074.20996 0.337245
10075.23047 0.336489
10076.25000 0.335733
10077.26953 0.334968
10078.29004 0.334212
10079.29980 0.333464
10080.33008 0.3327
10081.34961 0.331944
10082.37012 0.331189
10083.37988 0.330433
10084.40039 0.329677
10085.41992 0.328922
10086.45020 0.328158
10087.46973 0.327401
10088.49023 0.326646
10089.50977 0.325889
10090.53027 0.32513
10091.54980 0.324367
10092.57031 0.323603
10093.58984 0.32284
10094.62012 0.322068
10095.63965 0.321304
10096.66016 0.320541
10097.67969 0.319777
10098.70020 0.319014
10099.73047 0.318241
10100.75000 0.317535
10101.76953 0.316849
10102.79004 0.316163
10103.80957 0.315476
10104.83008 0.314788
10105.84961 0.314101
10106.87012 0.313413
10107.88965 0.312724
10108.91992 0.312028
10109.95020 0.311339
10110.96973 0.31065
10111.99023 0.30996
10113.00977 0.309269
10114.04004 0.308571
10115.05957 0.30788
10116.08984 0.307188
10117.11035 0.306497
10118.12988 0.305804
10119.15039 0.305111
10120.16992 0.304417
10121.20020 0.303718
10122.23047 0.303011
10123.25000 0.302312
10124.28027 0.301612
10125.29980 0.300911
10126.32031 0.30021
10127.33984 0.299508
10128.37988 0.298799
10129.40039 0.298097
10130.41992 0.297394
10131.45020 0.29669
10132.46973 0.295986
10133.49023 0.295281
10134.51953 0.294576
10135.54004 0.293871
10136.58008 0.293158
10137.59961 0.292452
10138.62012 0.291745
10139.65039 0.291037
10140.66992 0.290279
10141.70020 0.289495
10142.73047 0.288703
10143.75977 0.287919
10144.78027 0.287135
10145.80957 0.286351
10146.83008 0.285567
10147.86035 0.284782
10148.87988 0.283997
10149.91016 0.283213
10150.94043 0.282417
10151.96973 0.281628
10153.00000 0.280839
10154.01953 0.280051
10155.04980 0.279262
10156.07031 0.278474
10157.11035 0.277676
10158.13965 0.276888
10159.16016 0.276099
10160.19043 0.275308
10161.20996 0.274509
10162.24023 0.27371
10163.26953 0.272911
10164.29004 0.272112
10165.33008 0.271305
10166.36035 0.270507
10167.38965 0.269708
10168.41016 0.268909
10169.44043 0.26811
10170.48047 0.267309
10171.50977 0.266523
10172.53027 0.265736
10173.55957 0.26495
10174.58984 0.264163
10175.62012 0.263377
10176.63965 0.26259
10177.66992 0.261803
10178.70020 0.261017
10179.74023 0.260221
10180.76953 0.259477
10181.79980 0.258746
10182.83008 0.258016
10183.84961 0.257284
10184.88965 0.256545
10185.91992 0.255813
10186.95020 0.255081
10187.98047 0.254347
10189.00977 0.253614
10190.04004 0.252881
10191.07031 0.252133
