threeML/data/optical_filters/HST/ACS_WFC-F475W_81.ecsv
# %ECSV 0.9
# ---
# datatype:
# - {name: wavelength, unit: Angstrom, datatype: float32}
# - {name: response, datatype: float32}
# meta: !!omap
# - {band_name: F475W_81}
# - {group_name: ACS_WFC}
wavelength response
[from data line 791]
4183.60986 0.61664
4184.06982 0.616631
4184.52979 0.616621
4184.97998 0.616612
4185.43994 0.616602
4185.89990 0.616592
4186.35986 0.616583
4186.81982 0.616572
4187.27979 0.616562
4187.74023 0.616552
4188.20020 0.616541
4188.64990 0.616532
4189.10986 0.616521
4189.56982 0.616509
4190.02979 0.616541
4190.49023 0.617136
4190.95020 0.617733
4191.41016 0.618331
4191.87012 0.618927
4192.33008 0.619526
4192.79004 0.620126
4193.25000 0.620722
4193.70996 0.621322
4194.16992 0.621922
4194.62988 0.622522
4195.08984 0.623116
4195.54980 0.623717
4196.00977 0.624319
4196.47021 0.62492
4196.91992 0.625516
4197.37988 0.626118
4197.85010 0.626724
4198.31006 0.627327
4198.77002 0.627927
4199.22998 0.628528
4199.68994 0.629132
4200.14990 0.629675
4200.60986 0.630089
4201.06982 0.630504
4201.52979 0.63092
4201.99023 0.631333
4202.45020 0.63175
4202.91016 0.632166
4203.37012 0.632582
4203.83008 0.632997
4204.29004 0.633414
4204.75000 0.633832
4205.20996 0.634247
4205.66992 0.634663
4206.12988 0.635081
4206.60010 0.635502
4207.06006 0.635917
4207.52002 0.636336
4207.97998 0.636754
4208.43994 0.637173
4208.89990 0.637591
4209.35986 0.638011
4209.81982 0.638431
4210.29004 0.63918
4210.75000 0.640126
4211.20996 0.641076
4211.66992 0.642024
4212.12988 0.642976
4212.58984 0.643924
4213.06006 0.644879
4213.52002 0.645828
4213.97998 0.646778
4214.43994 0.647734
4214.89990 0.648695
4215.35986 0.649646
4215.81982 0.650597
4216.29004 0.651555
4216.75000 0.652513
4217.20996 0.653472
4217.66992 0.654426
4218.14014 0.655386
4218.60010 0.656346
4219.06006 0.657303
4219.52002 0.658259
4219.97998 0.659221
4220.45020 0.65973
4220.91016 0.66022
4221.37012 0.660713
4221.83008 0.661204
4222.29980 0.661698
4222.75977 0.662191
4223.22998 0.662688
4223.68994 0.663182
4224.14990 0.663674
4224.60986 0.664167
4225.06982 0.664663
4225.54004 0.665159
4226.00000 0.665651
4226.47021 0.666147
4226.93018 0.666644
4227.39014 0.66714
4227.85010 0.667635
4228.31982 0.66813
4228.77979 0.668628
4229.25000 0.669126
4229.70996 0.66962
4230.16992 0.670277
4230.62988 0.671201
4231.10010 0.67213
4231.56006 0.673061
4232.02979 0.673987
4232.49023 0.674917
4232.95020 0.675843
4233.41992 0.676774
4233.87988 0.677701
4234.35010 0.678633
4234.81006 0.679566
4235.27002 0.680498
4235.74023 0.681431
4236.20020 0.682356
4236.66992 0.683291
4237.12988 0.684227
4237.60010 0.685161
4238.06006 0.686088
4238.52002 0.687025
4238.99023 0.687961
4239.45020 0.688898
4239.91992 0.689836
4240.37988 0.690415
4240.85010 0.690914
4241.31006 0.691417
4241.77979 0.691918
4242.24023 0.692422
4242.70996 0.692926
4243.16992 0.693428
4243.64014 0.693933
4244.10010 0.694437
4244.56982 0.694939
4245.02979 0.69544
4245.50000 0.695945
4245.95996 0.696451
4246.43018 0.696953
4246.89014 0.697458
4247.35986 0.697962
4247.81982 0.698468
4248.29004 0.698974
4248.75000 0.699478
4249.22021 0.699985
4249.68994 0.700492
4250.14990 0.701085
4250.62012 0.701863
4251.08008 0.702644
4251.54980 0.703429
4252.02002 0.704207
4252.47998 0.704989
4252.95020 0.705771
4253.41016 0.70655
4253.87988 0.70733
4254.35010 0.708114
4254.81006 0.708897
4255.27979 0.709681
4255.74023 0.710458
4256.20996 0.711243
4256.68018 0.712033
4257.14990 0.712815
4257.60986 0.713597
4258.08008 0.714385
4258.54980 0.715171
4259.00977 0.715955
4259.47998 0.716742
4259.95020 0.717529
4260.41016 0.717845
4260.87988 0.718099
4261.33984 0.718352
4261.81006 0.718607
4262.27979 0.71886
4262.75000 0.719115
4263.20996 0.719368
4263.68018 0.719622
4264.14990 0.719875
4264.60986 0.72013
4265.08008 0.720387
4265.54980 0.720641
4266.02002 0.720894
4266.47998 0.721149
4266.95020 0.721405
4267.41992 0.721661
4267.89014 0.721914
4268.35986 0.722171
4268.81982 0.722426
4269.29004 0.722681
4269.75977 0.722937
4270.22998 0.723386
4270.70020 0.724043
4271.16016 0.724697
4271.62988 0.725354
4272.10010 0.726012
4272.56982 0.726668
4273.02979 0.727323
4273.50000 0.727981
4273.97021 0.72864
4274.43994 0.729295
4274.91016 0.729954
4275.37988 0.730614
4275.85010 0.73127
4276.31006 0.731931
4276.77979 0.732591
4277.25000 0.733252
4277.72021 0.733913
4278.18994 0.734567
4278.66016 0.73523
4279.12988 0.735893
4279.60010 0.736555
4280.06006 0.737153
4280.52979 0.737395
4281.00000 0.737637
4281.47021 0.737879
4281.93994 0.738122
4282.41016 0.738365
4282.87988 0.738606
4283.35010 0.738846
4283.81982 0.739089
4284.29004 0.739332
4284.75977 0.739574
4285.22998 0.739816
4285.70020 0.740059
4286.16992 0.740301
4286.64014 0.740544
4287.10986 0.740787
4287.58008 0.741029
4288.04980 0.741271
4288.52002 0.741513
4288.99023 0.741757
4289.45996 0.742
4289.93018 0.742244
4290.39990 0.742733
4290.87012 0.743271
4291.33984 0.743809
4291.81006 0.744348
4292.27979 0.744884
4292.75000 0.745419
4293.22021 0.745958
4293.68994 0.746497
4294.16016 0.747036
4294.62988 0.747575
4295.10010 0.748116
4295.56982 0.748651
4296.04004 0.749192
4296.50977 0.749732
4296.99023 0.750272
4297.45020 0.750808
4297.93018 0.75135
4298.39990 0.751892
4298.87012 0.752435
4299.33984 0.752976
4299.81006 0.753515
4300.27979 0.753777
4300.75000 0.753851
4301.22998 0.753926
4301.70020 0.754
4302.16992 0.754074
4302.64014 0.754148
4303.10986 0.754221
4303.58008 0.754297
4304.04980 0.754371
4304.52002 0.754445
4305.00000 0.75452
4305.47021 0.754594
4305.93994 0.754668
4306.41016 0.754742
4306.87988 0.754817
4307.35986 0.754891
4307.83008 0.754966
4308.29980 0.755041
4308.77002 0.755115
4309.25000 0.75519
4309.72021 0.755264
4310.18994 0.755502
4310.66016 0.755987
4311.14014 0.756469
4311.60986 0.756953
4312.08008 0.757438
4312.54980 0.757921
4313.02002 0.758404
4313.50000 0.758891
4313.97021 0.759377
4314.43994 0.759863
4314.91016 0.760345
4315.39014 0.760832
4315.85986 0.761319
4316.33984 0.761806
4316.81006 0.762291
4317.27979 0.762778
4317.75000 0.763266
4318.22998 0.763752
4318.70020 0.764241
4319.18018 0.764729
4319.64990 0.765218
4320.12012 0.76561
4320.58984 0.765729
4321.06982 0.765848
4321.54004 0.765967
4322.00977 0.766085
4322.49023 0.766205
4322.95996 0.766325
4323.43994 0.766444
4323.91016 0.766564
4324.37988 0.766683
4324.85986 0.766803
4325.33008 0.766922
4325.81006 0.767041
4326.27979 0.76716
4326.75977 0.76728
4327.22998 0.767398
4327.70020 0.767518
4328.18018 0.767638
4328.64990 0.767758
4329.12988 0.767878
4329.60010 0.767997
4330.06982 0.768147
4330.54980 0.768466
4331.02002 0.768786
4331.50000 0.769107
4331.97021 0.769426
4332.43994 0.769745
4332.91992 0.770066
4333.39990 0.770387
4333.87012 0.770708
4334.35010 0.771028
4334.81982 0.77135
4335.29980 0.771669
4335.77002 0.771991
4336.24023 0.772311
4336.72021 0.772633
4337.20020 0.772955
4337.66992 0.773273
4338.14990 0.773595
4338.62012 0.773917
4339.10010 0.774239
4339.56982 0.774559
4340.04980 0.774863
4340.52002 0.775008
4341.00000 0.775152
4341.47998 0.775295
4341.95020 0.77544
4342.43018 0.775584
4342.89990 0.775728
4343.37988 0.775871
4343.85986 0.776015
4344.33008 0.776159
4344.81006 0.776303
4345.29004 0.776448
4345.75977 0.776593
4346.24023 0.776737
4346.70996 0.77688
4347.18994 0.777025
4347.66992 0.777169
4348.14014 0.777314
4348.62012 0.777458
4349.10010 0.777603
4349.56982 0.777748
4350.04980 0.777916
4350.52002 0.778279
4351.00000 0.778643
4351.47998 0.779008
4351.95996 0.779371
4352.43018 0.779734
4352.91016 0.7801
4353.39014 0.780466
4353.87012 0.780833
4354.33984 0.781198
4354.81982 0.781564
4355.29980 0.781926
4355.77002 0.782292
4356.25000 0.782658
4356.72998 0.783025
4357.20020 0.783389
4357.68018 0.783756
4358.16016 0.784122
4358.64014 0.784489
4359.12012 0.784856
4359.58984 0.785221
4360.06982 0.785571
4360.54980 0.785829
4361.02979 0.786086
4361.50000 0.786341
4361.97998 0.786598
4362.45996 0.786856
4362.93994 0.787114
4363.41992 0.78737
4363.89990 0.787627
4364.37012 0.787884
4364.85010 0.788142
4365.33008 0.7884
4365.81006 0.788656
4366.29004 0.788913
4366.77002 0.789171
4367.24023 0.78943
4367.72021 0.789688
4368.20020 0.789946
4368.68018 0.790205
4369.16016 0.790463
4369.64014 0.790721
4370.12012 0.790981
4370.60010 0.791247
4371.08008 0.791514
4371.56006 0.791778
4372.02979 0.792044
4372.50977 0.792309
4372.99023 0.792576
4373.47021 0.792842
4373.95020 0.793109
4374.43018 0.793374
4374.91016 0.793639
4375.39014 0.793907
4375.87012 0.794174
4376.35010 0.794441
4376.83008 0.794706
4377.31006 0.794973
4377.79004 0.795241
4378.27002 0.795509
4378.74023 0.795775
4379.22998 0.796043
4379.70996 0.796311
4380.18994 0.796542
4380.66016 0.79672
4381.14990 0.796899
4381.62988 0.797078
4382.10986 0.797256
4382.58984 0.797435
4383.06982 0.797613
4383.54980 0.797792
4384.02979 0.797971
4384.50977 0.798149
4384.99023 0.798328
4385.47021 0.798507
4385.95020 0.798685
4386.43018 0.798865
4386.91016 0.799044
4387.39014 0.799221
4387.87012 0.7994
4388.35010 0.799581
4388.83984 0.799761
4389.31006 0.799938
4389.79980 0.800117
4390.27979 0.800156
4390.75977 0.800093
4391.24023 0.80003
4391.72021 0.799968
4392.20020 0.799905
4392.68994 0.799842
4393.16016 0.799779
4393.64990 0.799715
4394.12988 0.799652
4394.60986 0.799589
4395.08984 0.799527
4395.56982 0.799464
4396.06006 0.799402
4396.52979 0.799339
4397.02002 0.799276
4397.50000 0.799213
4397.97998 0.79915
4398.45996 0.799087
4398.95020 0.799023
4399.43018 0.79896
4399.91016 0.798897
4400.39014 0.798796
4400.87012 0.798685
4401.35986 0.798575
4401.83984 0.798464
4402.31982 0.798354
4402.81006 0.798243
4403.29004 0.798133
4403.77002 0.798023
4404.25000 0.797913
4404.72998 0.797802
4405.22021 0.79769
4405.70020 0.797579
4406.18994 0.797467
4406.66992 0.797356
4407.14990 0.797246
4407.62988 0.797135
4408.12012 0.797024
4408.60010 0.796913
4409.08008 0.796802
4409.56006 0.796691
4410.04980 0.796606
4410.52979 0.796765
4411.00977 0.796924
4411.50000 0.797083
4411.97998 0.797243
4412.45996 0.797403
4412.95020 0.797563
4413.43018 0.797722
4413.91992 0.797882
4414.39990 0.798042
4414.89014 0.798202
4415.37012 0.798362
4415.85010 0.798521
4416.33008 0.79868
4416.81982 0.798841
4417.31006 0.799001
4417.79004 0.79916
4418.27002 0.799319
4418.75977 0.79948
4419.24023 0.799641
4419.72998 0.799801
4420.20996 0.799844
4420.68994 0.799733
4421.18018 0.799622
4421.66016 0.79951
4422.14990 0.799399
4422.62988 0.799287
4423.12012 0.799175
4423.60010 0.799063
4424.08984 0.798952
4424.56982 0.79884
4425.04980 0.798728
4425.54004 0.798615
4426.02002 0.798502
4426.50977 0.79839
4426.99023 0.798279
4427.47998 0.798166
4427.97021 0.798054
4428.45020 0.797941
4428.93994 0.797828
4429.41992 0.797715
4429.91016 0.797603
4430.39990 0.797802
4430.87988 0.798071
4431.35986 0.798342
4431.85010 0.798616
4432.33984 0.798887
4432.81982 0.799159
4433.31006 0.79943
4433.79004 0.799702
4434.27979 0.799973
4434.77002 0.800245
4435.25000 0.800516
4435.74023 0.800787
4436.22021 0.801058
4436.70996 0.80133
4437.18994 0.801603
4437.68018 0.801875
4438.16992 0.802148
4438.64990 0.80242
4439.14014 0.802691
4439.62012 0.802962
4440.10986 0.80322
4440.60010 0.803432
4441.08984 0.803646
4441.56982 0.803857
4442.06006 0.80407
4442.54980 0.804282
4443.04004 0.804494
4443.52002 0.804704
4444.00977 0.804916
4444.49023 0.805128
4444.97998 0.80534
4445.47021 0.805552
4445.95020 0.805764
4446.43994 0.805977
4446.93018 0.806189
4447.41992 0.806401
4447.91016 0.806614
4448.39014 0.806825
4448.87988 0.807036
4449.37012 0.807248
4449.85986 0.807463
4450.35010 0.807801
4450.83008 0.80819
4451.31982 0.808582
4451.81006 0.808975
4452.29004 0.809365
4452.77979 0.809756
4453.27002 0.810148
4453.75977 0.81054
4454.25000 0.810931
4454.72998 0.811323
4455.22021 0.811715
4455.70996 0.812108
4456.20020 0.812499
4456.68994 0.81289
4457.18018 0.813282
4457.66016 0.813673
4458.14990 0.814065
4458.64014 0.81446
4459.12988 0.814853
4459.62012 0.815242
4460.10986 0.815626
4460.60010 0.815979
4461.08984 0.816332
4461.56982 0.816679
4462.06006 0.81703
4462.54980 0.817384
4463.04004 0.817736
4463.52979 0.818086
4464.02002 0.818439
4464.50977 0.818792
4465.00000 0.819143
4465.49023 0.819496
4465.97998 0.819849
4466.47021 0.8202
4466.95020 0.820551
4467.43994 0.820904
4467.93994 0.821257
4468.43018 0.821611
4468.91016 0.821963
4469.39990 0.822316
4469.89014 0.822668
4470.37988 0.823064
4470.87012 0.823469
4471.35986 0.823876
4471.85010 0.824281
4472.33984 0.824688
4472.83008 0.825095
4473.31982 0.825503
4473.81982 0.825911
4474.29980 0.826315
4474.79004 0.826723
4475.27979 0.827131
4475.77979 0.827539
4476.27002 0.827946
4476.75977 0.828355
4477.25000 0.828761
4477.74023 0.829167
4478.22998 0.829575
4478.72021 0.829983
4479.20996 0.830392
4479.70020 0.830797
4480.18994 0.831177
4480.68018 0.831511
4481.18018 0.831847
4481.66992 0.83218
4482.16016 0.832516
4482.64990 0.832851
4483.14014 0.833184
4483.62988 0.833519
4484.12012 0.833852
4484.60986 0.834188
4485.10010 0.834522
4485.60010 0.834857
4486.08984 0.835192
4486.58008 0.835528
4487.06982 0.835861
4487.56006 0.836195
4488.06006 0.836531
4488.54980 0.836865
4489.04004 0.837199
4489.52979 0.837533
4490.02002 0.83787
4490.50977 0.838243
4491.00977 0.838615
4491.50000 0.838988
4491.99023 0.839362
4492.47998 0.83973
4492.97998 0.840103
4493.47021 0.840476
4493.95996 0.840849
4494.45020 0.84122
4494.95020 0.841591
4495.43994 0.841965
4495.93018 0.842337
4496.43018 0.842711
4496.91992 0.843083
4497.41016 0.843454
4497.89990 0.843826
4498.39990 0.8442
4498.89014 0.844574
4499.37988 0.844947
4499.87988 0.845318
4500.37012 0.845521
4500.85986 0.845666
4501.35010 0.845811
4501.85010 0.845955
4502.33984 0.846101
4502.83984 0.846246
4503.33008 0.84639
4503.81982 0.846534
4504.31982 0.846679
4504.81006 0.846825
4505.29980 0.846968
4505.79980 0.847112
4506.29004 0.847257
4506.77979 0.847402
4507.27002 0.847545
4507.77002 0.84769
4508.27002 0.847836
4508.75977 0.84798
4509.25000 0.848124
4509.75000 0.848269
4510.24023 0.848468
4510.72998 0.84872
4511.22998 0.848974
4511.72998 0.849229
4512.22021 0.849483
4512.70996 0.849737
4513.20996 0.849991
4513.70020 0.850246
4514.20020 0.8505
4514.68994 0.850754
4515.18994 0.851008
4515.68018 0.851263
4516.18018 0.851516
4516.66992 0.851772
4517.16992 0.852027
4517.66016 0.85228
4518.16016 0.852533
4518.64990 0.852786
4519.14990 0.853041
4519.64014 0.853296
4520.14014 0.853495
4520.64014 0.853549
4521.12988 0.853602
4521.62012 0.853657
4522.12012 0.853711
4522.62012 0.853766
4523.10986 0.85382
4523.60010 0.853874
4524.10010 0.853928
4524.60010 0.853983
4525.10010 0.854038
4525.58984 0.854092
4526.08008 0.854146
4526.58008 0.8542
4527.08008 0.854255
4527.56982 0.854308
4528.06982 0.854362
4528.56982 0.854416
4529.06006 0.85447
4529.56006 0.854524
4530.06006 0.854573
4530.54980 0.854575
4531.04980 0.854577
4531.54980 0.854579
4532.04004 0.854581
4532.54004 0.854583
4533.02979 0.854584
4533.52979 0.854586
4534.02979 0.854587
4534.52002 0.854589
4535.02002 0.854591
4535.52002 0.854593
4536.02002 0.854595
4536.50977 0.854596
4537.00977 0.854598
4537.50977 0.854598
4538.00977 0.854599
4538.50977 0.854601
4539.00000 0.854603
4539.50000 0.854605
4540.00000 0.854607
4540.49023 0.854579
4540.99023 0.854552
4541.49023 0.854527
4541.99023 0.854503
4542.47998 0.854478
4542.97998 0.854452
4543.47998 0.854425
4543.97998 0.854399
4544.47998 0.854372
4544.97998 0.854346
4545.47021 0.85432
4545.97021 0.854293
4546.47021 0.854267
4546.97021 0.854241
4547.47021 0.854214
4547.95996 0.854187
4548.45996 0.854161
4548.95996 0.854135
4549.45996 0.854108
4549.95996 0.854081
4550.45020 0.853875
4550.95020 0.853651
4551.45020 0.853427
4551.95020 0.853202
4552.45020 0.852979
4552.95020 0.852755
4553.45020 0.852531
4553.95020 0.852306
4554.45020 0.852081
4554.93994 0.851858
4555.43994 0.851633
4555.93994 0.851408
4556.43994 0.851184
4556.93994 0.85096
4557.43994 0.850735
4557.93994 0.85051
4558.43994 0.850284
4558.93994 0.85006
4559.43994 0.849836
4559.93994 0.84961
4560.43994 0.849535
4560.93994 0.849479
4561.43994 0.849423
4561.93994 0.849366
4562.43994 0.84931
4562.93994 0.849255
4563.43994 0.849199
4563.93994 0.849143
4564.43994 0.849087
4564.93994 0.84903
4565.43994 0.848974
4565.93994 0.848917
4566.43994 0.848861
4566.93994 0.848805
4567.43994 0.848748
4567.93994 0.848691
4568.43994 0.848634
