threeML/data/optical_filters/HST/ACS_SBC-PR110L.ecsv
# %ECSV 0.9
# ---
# datatype:
# - {name: wavelength, unit: Angstrom, datatype: float32}
# - {name: response, datatype: float32}
# meta: !!omap
# - {band_name: PR110L}
# - {group_name: ACS_SBC}
wavelength response
[from data line 2410]
1849.68994 0.135388
1850.05005 0.135058
1850.40002 0.134755
1850.76001 0.134451
1851.12000 0.134148
1851.46997 0.133845
1851.82996 0.13354
1852.18994 0.133235
1852.55005 0.132929
1852.90002 0.132623
1853.26001 0.132316
1853.62000 0.132009
1853.97998 0.131703
1854.32996 0.131395
1854.68994 0.131087
1855.05005 0.130778
1855.41003 0.130469
1855.77002 0.130159
1856.12000 0.129849
1856.47998 0.129539
1856.83997 0.129228
1857.19995 0.128916
1857.56006 0.128605
1857.92004 0.128293
1858.28003 0.127979
1858.63000 0.127666
1858.98999 0.127353
1859.34998 0.127038
1859.70996 0.126723
1860.06995 0.126409
1860.43005 0.126094
1860.79004 0.125778
1861.15002 0.125462
1861.51001 0.125145
1861.85999 0.124828
1862.21997 0.124511
1862.57996 0.124193
1862.93994 0.123875
1863.30005 0.123556
1863.66003 0.123236
1864.02002 0.122916
1864.38000 0.122595
1864.73999 0.122274
1865.09998 0.121954
1865.45996 0.121632
1865.81995 0.121309
1866.18005 0.120987
1866.54004 0.120664
1866.90002 0.12034
1867.26001 0.120017
1867.62000 0.119692
1867.97998 0.119367
1868.33997 0.11901
1868.69995 0.118652
1869.06006 0.1183
1869.42004 0.117972
1869.79004 0.117644
1870.15002 0.117317
1870.51001 0.116988
1870.87000 0.11666
1871.22998 0.116331
1871.58997 0.116002
1871.94995 0.115672
1872.31006 0.115341
1872.67004 0.11501
1873.04004 0.114679
1873.40002 0.114348
1873.76001 0.114014
1874.12000 0.113682
1874.47998 0.113348
1874.83997 0.113015
1875.20996 0.1127
1875.56995 0.112398
1875.93005 0.112096
1876.29004 0.111793
1876.65002 0.111489
1877.02002 0.111186
1877.38000 0.110882
1877.73999 0.110578
1878.09998 0.110264
1878.46997 0.109925
1878.82996 0.109586
1879.18994 0.109264
1879.55005 0.108958
1879.92004 0.108651
1880.28003 0.108343
1880.64001 0.108035
1881.00000 0.107728
1881.37000 0.107419
1881.72998 0.10711
1882.08997 0.1068
1882.45996 0.106491
1882.81995 0.10618
1883.18005 0.105851
1883.55005 0.105507
1883.91003 0.105161
1884.27002 0.104841
1884.64001 0.104528
1885.00000 0.104215
1885.37000 0.103901
1885.72998 0.103587
1886.08997 0.103273
1886.45996 0.102957
1886.81995 0.102642
1887.18005 0.102327
1887.55005 0.10201
1887.91003 0.101694
1888.28003 0.101351
1888.64001 0.100999
1889.01001 0.100648
1889.37000 0.100329
1889.73999 0.100011
1890.09998 0.0996909
1890.46997 0.0993707
1890.82996 0.0990508
1891.18994 0.0987306
1891.56006 0.0984089
1891.93005 0.098086
1892.29004 0.0977371
1892.66003 0.0973799
1893.02002 0.0970253
1893.39001 0.0967022
1893.75000 0.0963787
1894.12000 0.0960538
1894.47998 0.0957284
1894.84998 0.0954035
1895.20996 0.0950773
1895.57996 0.0947515
1895.93994 0.0944251
1896.31006 0.0940858
1896.68005 0.0937438
1897.04004 0.0934033
1897.41003 0.0930682
1897.78003 0.0927309
1898.14001 0.0923949
1898.51001 0.0920575
1898.88000 0.0917206
1899.23999 0.0913822
1899.60999 0.0910444
1899.96997 0.0907061
1900.33997 0.0903889
1900.70996 0.090071
1901.07996 0.0897552
1901.43994 0.0894418
1901.81006 0.0891278
1902.18005 0.0888108
1902.54004 0.0884925
1902.91003 0.0881727
1903.28003 0.0878561
1903.64001 0.0875389
1904.01001 0.0872211
1904.38000 0.0868995
1904.75000 0.0865774
1905.12000 0.0862557
1905.47998 0.0859337
1905.84998 0.0856102
1906.21997 0.0852892
1906.58997 0.0849692
1906.94995 0.0846479
1907.31995 0.084323
1907.68994 0.0839971
1908.06006 0.0836732
1908.43005 0.0833499
1908.79004 0.083027
1909.16003 0.0827022
1909.53003 0.0823731
1909.90002 0.0820453
1910.27002 0.0817188
1910.64001 0.0813927
1911.01001 0.0810671
1911.38000 0.0807365
1911.73999 0.0804065
1912.10999 0.080075
1912.47998 0.079744
1912.84998 0.0794126
1913.21997 0.0790817
1913.58997 0.0787518
1913.95996 0.0784225
1914.32996 0.0780895
1914.69995 0.0777546
1915.06995 0.0774219
1915.43994 0.0770896
1915.81006 0.0767569
1916.18005 0.0764219
1916.55005 0.0760847
1916.92004 0.0757479
1917.29004 0.0754106
1917.66003 0.075072
1918.03003 0.074733
1918.40002 0.0743968
1918.77002 0.0740622
1919.14001 0.0737237
1919.51001 0.0733826
1919.88000 0.0730409
1920.25000 0.0727032
1920.62000 0.0723643
1920.98999 0.0720249
1921.35999 0.0716834
1921.72998 0.0713393
1922.09998 0.0709959
1922.46997 0.0706545
1922.83997 0.0703136
1923.20996 0.0699692
1923.58997 0.0696236
1923.95996 0.0692766
1924.32996 0.0689334
1924.69995 0.06859
1925.06995 0.068248
1925.43994 0.0679173
1925.81995 0.0675862
1926.18994 0.0672546
1926.56006 0.0669244
1926.93005 0.0665917
1927.30005 0.0662626
1927.67004 0.0659338
1928.05005 0.065603
1928.42004 0.0652686
1928.79004 0.0649336
1929.16003 0.0646017
1929.53003 0.0642695
1929.91003 0.0639368
1930.28003 0.063601
1930.65002 0.0632647
1931.02002 0.0629279
1931.40002 0.0625896
1931.77002 0.062251
1932.14001 0.0619131
1932.52002 0.0615782
1932.89001 0.0612427
1933.26001 0.0609031
1933.63000 0.060563
1934.01001 0.0602225
1934.38000 0.0598842
1934.76001 0.0595453
1935.13000 0.0592057
1935.50000 0.0588631
1935.87000 0.0585191
1936.25000 0.0581781
1936.62000 0.0578368
1936.98999 0.0574962
1937.37000 0.0571502
1937.73999 0.0568038
1938.12000 0.0564568
1938.48999 0.0561095
1938.87000 0.0557626
1939.23999 0.0554176
1939.62000 0.0550725
1939.98999 0.0547288
1940.35999 0.0543791
1940.73999 0.0540288
1941.10999 0.0536791
1941.48999 0.0533326
1941.85999 0.0529856
1942.23999 0.0526348
1942.60999 0.052283
1942.97998 0.0519307
1943.35999 0.0515806
1943.72998 0.0512301
1944.10999 0.0508781
1944.48999 0.0505228
1944.85999 0.0501681
1945.23999 0.0498129
1945.60999 0.0494561
1945.98999 0.0490989
1946.35999 0.0487459
1946.73999 0.0483925
1947.12000 0.0480365
1947.48999 0.0476772
1947.87000 0.0473185
1948.23999 0.0469618
1948.62000 0.0466059
1948.98999 0.0462496
1949.37000 0.0458917
1949.75000 0.0455333
1950.12000 0.045177
1950.50000 0.0448254
1950.88000 0.0444743
1951.25000 0.0441252
1951.63000 0.043776
1952.01001 0.0434262
1952.38000 0.0430769
1952.76001 0.0427273
1953.13000 0.0423761
1953.51001 0.0420243
1953.89001 0.0416732
1954.27002 0.0413216
1954.64001 0.0409685
1955.02002 0.0406148
1955.40002 0.0402627
1955.78003 0.0399081
1956.15002 0.039553
1956.53003 0.0391975
1956.91003 0.0388413
1957.29004 0.0384858
1957.66003 0.0381298
1958.04004 0.0377723
1958.42004 0.0374152
1958.80005 0.0370566
1959.17004 0.0366969
1959.55005 0.0363334
1959.93005 0.0359695
1960.31006 0.0356093
1960.68994 0.0352493
1961.06995 0.0348876
1961.43994 0.034525
1961.81995 0.0341619
1962.19995 0.0337973
1962.57996 0.0334324
1962.95996 0.033068
1963.33997 0.0327031
1963.71997 0.0323366
1964.09998 0.0319698
1964.47998 0.0316025
1964.84998 0.0312367
1965.22998 0.0308685
1965.60999 0.0304998
1965.98999 0.0301307
1966.37000 0.029761
1966.75000 0.0293919
1967.13000 0.0290224
1967.51001 0.0286514
1967.89001 0.0282808
1968.27002 0.0279099
1968.65002 0.0275375
1969.03003 0.0271645
1969.41003 0.0267921
1969.79004 0.0264193
1970.17004 0.026045
1970.55005 0.0256713
1970.93005 0.025296
1971.31006 0.024918
1971.68994 0.0245378
1972.06995 0.0241579
1972.44995 0.0237818
1972.83997 0.023403
1973.20996 0.023026
1973.59998 0.0226484
1973.97998 0.0222694
1974.35999 0.0218995
1974.73999 0.0215276
1975.12000 0.0211752
1975.50000 0.020867
1975.88000 0.0205602
1976.26001 0.0202539
1976.64001 0.0199487
1977.03003 0.0196438
1977.41003 0.0193386
1977.79004 0.019032
1978.17004 0.018727
1978.55005 0.0184238
1978.93005 0.0181202
1979.31995 0.0178138
1979.69995 0.0175062
1980.07996 0.0171975
1980.45996 0.0168883
1980.83997 0.0165805
1981.22998 0.016273
1981.60999 0.0159676
1981.98999 0.0156601
1982.37000 0.01535
1982.76001 0.0150393
1983.14001 0.0147298
1983.52002 0.0144225
1983.90002 0.014114
1984.29004 0.0138019
1984.67004 0.0134895
1985.05005 0.0131748
1985.43994 0.0128614
1985.81995 0.0125477
1986.19995 0.0122349
1986.58997 0.0119236
1986.96997 0.0116129
1987.34998 0.0112979
1987.73999 0.0109814
1988.12000 0.010665
1988.50000 0.0103502
1988.89001 0.0100351
1989.27002 0.00971858
1989.65002 0.00940268
1990.04004 0.00908631
1990.42004 0.00876822
1990.81006 0.00844981
1991.18994 0.00813117
1991.57996 0.0078124
1991.95996 0.00749503
1992.34998 0.0071754
1992.72998 0.00685544
1993.12000 0.00653505
1993.50000 0.00621514
1993.88000 0.0058949
1994.27002 0.00557312
1994.65002 0.00525067
1995.04004 0.00492886
1995.42004 0.00460708
1995.81006 0.00428396
1996.18994 0.00396131
1996.57996 0.00363834
1996.95996 0.00331401
2196.65601 0.0
