threeML/data/optical_filters/HST/ACS_WFC-F475W_81.ecsv
# %ECSV 0.9
# ---
# datatype:
# - {name: wavelength, unit: Angstrom, datatype: float32}
# - {name: response, datatype: float32}
# meta: !!omap
# - {band_name: F475W_81}
# - {group_name: ACS_WFC}
wavelength response
[from data line 2400]
4990.31982 0.976367
4990.87012 0.976674
4991.41016 0.97698
4991.95996 0.977287
4992.50977 0.977592
4993.04980 0.9779
4993.60010 0.978207
4994.14990 0.978514
4994.68994 0.978818
4995.24023 0.979125
4995.79004 0.979433
4996.33984 0.979742
4996.87988 0.980046
4997.43018 0.980354
4997.97998 0.980661
4998.52979 0.980969
4999.08008 0.981276
4999.62012 0.981585
5000.16992 0.981693
5000.72021 0.981368
5001.27002 0.981039
5001.81006 0.980709
5002.35986 0.98038
5002.91016 0.980052
5003.45996 0.979723
5004.00977 0.979392
5004.56006 0.979062
5005.10986 0.978731
5005.64990 0.978404
5006.20020 0.978073
5006.75000 0.977743
5007.29980 0.977411
5007.85010 0.977083
5008.39990 0.97675
5008.93994 0.976421
5009.49023 0.976089
5010.04004 0.975791
5010.58984 0.975902
5011.14014 0.976013
5011.68994 0.976122
5012.24023 0.976233
5012.79004 0.976342
5013.33984 0.976453
5013.89014 0.976565
5014.43994 0.976675
5014.99023 0.976786
5015.54004 0.976898
5016.08984 0.977009
5016.64014 0.977119
5017.18018 0.977227
5017.72998 0.977337
5018.27979 0.977448
5018.83984 0.97756
5019.39014 0.97767
5019.93994 0.97778
5020.49023 0.977611
5021.02979 0.977408
5021.58984 0.977203
5022.14014 0.976999
5022.68994 0.976795
5023.22998 0.976592
5023.79004 0.976387
5024.33984 0.976182
5024.89014 0.975977
5025.43994 0.975773
5025.99023 0.975566
5026.54004 0.97536
5027.08984 0.975154
5027.64014 0.974949
5028.20020 0.974742
5028.75000 0.974534
5029.29980 0.97433
5029.85010 0.974122
5030.39990 0.974012
5030.95020 0.973938
5031.50000 0.973864
5032.06006 0.973789
5032.60986 0.973716
5033.16016 0.973644
5033.70996 0.973569
5034.25977 0.973495
5034.81006 0.973421
5035.35986 0.973346
5035.91016 0.973271
5036.47021 0.973195
5037.02002 0.97312
5037.56982 0.973046
5038.12012 0.972972
5038.66992 0.972896
5039.22998 0.97282
5039.77979 0.972744
5040.33008 0.972391
5040.89014 0.971851
5041.43994 0.971317
5041.99023 0.970776
5042.54004 0.970235
5043.10010 0.969695
5043.64990 0.969161
5044.20020 0.96862
5044.75000 0.968078
5045.31006 0.967537
5045.85010 0.967
5046.41016 0.966458
5046.95996 0.965916
5047.52002 0.965372
5048.06982 0.964829
5048.62012 0.964284
5049.18018 0.96374
5049.72998 0.963201
5050.27979 0.96311
5050.83984 0.963454
5051.39014 0.963797
5051.95020 0.96414
5052.50000 0.964483
5053.04980 0.964825
5053.60986 0.965169
5054.16016 0.965513
5054.70996 0.965855
5055.27002 0.966199
5055.81982 0.966541
5056.37988 0.966885
5056.93018 0.96723
5057.47998 0.967573
5058.04004 0.967915
5058.58984 0.96826
5059.14990 0.968605
5059.70020 0.968951
5060.25977 0.969106
5060.81006 0.969039
5061.37012 0.968972
5061.91992 0.968905
5062.47998 0.968839
5063.02979 0.968774
5063.58984 0.968706
5064.14014 0.96864
5064.68994 0.968573
5065.25000 0.968505
5065.81006 0.968437
5066.35986 0.96837
5066.91016 0.968303
5067.47021 0.968235
5068.02002 0.968167
5068.58008 0.968098
5069.14014 0.96803
5069.68994 0.967962
5070.25000 0.968153
5070.79980 0.968662
5071.35986 0.969173
5071.91992 0.969685
5072.47021 0.970193
5073.02002 0.970702
5073.58008 0.971214
5074.14014 0.971727
5074.68994 0.972236
5075.25000 0.972748
5075.81006 0.973258
5076.35986 0.973771
5076.91992 0.974284
5077.47021 0.974796
5078.02979 0.975313
5078.58984 0.975821
5079.14014 0.976334
5079.70020 0.976847
5080.25977 0.977049
5080.81982 0.976893
5081.37988 0.976736
5081.93018 0.97658
5082.49023 0.976423
5083.04004 0.976266
5083.60010 0.976109
5084.16016 0.975952
5084.70996 0.975797
5085.27002 0.97564
5085.83008 0.975482
5086.39014 0.975323
5086.93994 0.975167
5087.50000 0.975008
5088.06006 0.97485
5088.62012 0.974692
5089.18018 0.974534
5089.72998 0.974377
5090.29004 0.97443
5090.85010 0.974678
5091.39990 0.974928
5091.95996 0.975178
5092.52002 0.975428
5093.08008 0.975677
5093.64014 0.975926
5094.18994 0.976175
5094.75977 0.976425
5095.31006 0.976673
5095.87012 0.976922
5096.43018 0.977173
5096.99023 0.977425
5097.54004 0.977674
5098.10010 0.977924
5098.66992 0.978177
5099.22021 0.978424
5099.77979 0.978674
5100.33984 0.979069
5100.89990 0.979558
5101.45996 0.980047
5102.02002 0.980534
5102.58008 0.981023
5103.14014 0.981513
5103.70020 0.982
5104.25977 0.982489
5104.81006 0.982976
5105.37988 0.983467
5105.93018 0.983956
5106.49023 0.984447
5107.04980 0.984936
5107.60986 0.985426
5108.16992 0.985914
5108.72998 0.986405
5109.29004 0.986897
5109.85010 0.987385
5110.41016 0.987736
5110.97998 0.988036
5111.54004 0.988333
5112.08984 0.988628
5112.64990 0.988925
5113.20996 0.989223
5113.77002 0.989519
5114.33008 0.989817
5114.89014 0.990116
5115.45020 0.990415
5116.00977 0.99071
5116.56982 0.991008
5117.12988 0.991306
5117.70020 0.991605
5118.25977 0.991902
5118.81982 0.992202
5119.37988 0.9925
5119.93994 0.992797
5120.50000 0.992851
5121.06006 0.992878
5121.62012 0.992903
5122.18994 0.992929
5122.75000 0.992955
5123.31006 0.99298
5123.87012 0.993005
5124.43018 0.993029
5124.99023 0.993054
5125.56006 0.993079
5126.10986 0.993105
5126.68018 0.99313
5127.24023 0.993155
5127.79980 0.993179
5128.35986 0.993204
5128.91992 0.993228
5129.49023 0.993252
5130.04980 0.993309
5130.60986 0.993689
5131.18018 0.994072
5131.74023 0.994454
5132.29980 0.994835
5132.85986 0.995215
5133.43018 0.995598
5133.99023 0.99598
5134.54980 0.996362
5135.10986 0.996741
5135.68018 0.997124
5136.24023 0.997506
5136.79980 0.997889
5137.35986 0.998269
5137.93018 0.998653
5138.49023 0.999037
5139.04980 0.999421
5139.60986 0.999802
5140.18018 1.0
5140.74023 0.999797
5141.31006 0.999595
5141.87012 0.999392
5142.43994 0.999191
5143.00000 0.99899
5143.56006 0.998786
5144.12012 0.998584
5144.68994 0.99838
5145.25000 0.998177
5145.81006 0.997974
5146.37988 0.997772
5146.93994 0.997566
5147.50000 0.997362
5148.06982 0.997157
5148.64014 0.996952
5149.20020 0.996746
5149.75977 0.996543
5150.33008 0.996528
5150.89014 0.996652
5151.45996 0.996775
5152.02002 0.996898
5152.58984 0.997021
5153.14990 0.997144
5153.72021 0.997267
5154.27979 0.99739
5154.85010 0.997513
5155.41016 0.997635
5155.97998 0.997757
5156.54004 0.997881
5157.10986 0.998004
5157.66992 0.998125
5158.22998 0.998247
5158.79980 0.998371
5159.37012 0.998494
5159.93018 0.998615
5160.50000 0.998518
5161.06006 0.99839
5161.62988 0.998262
5162.18994 0.998134
5162.75977 0.998005
5163.33008 0.997876
5163.89990 0.997747
5164.45996 0.997619
5165.02002 0.99749
5165.58984 0.99736
5166.16016 0.997231
5166.72021 0.997102
5167.29004 0.996973
5167.85010 0.996844
5168.41992 0.996714
5168.99023 0.996584
5169.56006 0.996452
5170.12012 0.996287
5170.68994 0.995994
5171.25000 0.995699
5171.81982 0.995404
5172.39014 0.995109
5172.95020 0.994814
5173.52002 0.994517
5174.08984 0.994221
5174.66016 0.993926
5175.22021 0.99363
5175.79004 0.993333
5176.35986 0.993036
5176.91992 0.99274
5177.49023 0.992441
5178.06006 0.992144
5178.62988 0.991844
5179.18994 0.991546
5179.75977 0.991247
5180.33008 0.99089
5180.89990 0.990492
5181.45996 0.990096
5182.02979 0.989699
5182.60010 0.989299
5183.16992 0.988904
5183.74023 0.988505
5184.31006 0.988105
5184.87988 0.987704
5185.43994 0.987308
5186.00977 0.986908
5186.58008 0.986507
5187.14990 0.986106
5187.70996 0.985709
5188.27979 0.985307
5188.85010 0.984906
5189.41992 0.984504
5189.99023 0.984101
5190.56006 0.98392
5191.12988 0.983741
5191.68994 0.983562
5192.27002 0.983383
5192.83984 0.983202
5193.39990 0.983022
5193.97021 0.982843
5194.54004 0.982664
5195.10986 0.982484
5195.68018 0.982306
5196.25000 0.982126
5196.81982 0.981946
5197.39014 0.981765
5197.95020 0.981586
5198.52002 0.981406
5199.10010 0.981226
5199.66992 0.981045
5200.22998 0.980903
5200.81006 0.980815
5201.37988 0.980726
5201.95020 0.980636
5202.52002 0.980546
5203.08984 0.980456
5203.66016 0.980366
5204.22998 0.980277
5204.79980 0.980186
5205.37012 0.980096
5205.93994 0.980006
5206.50977 0.979915
5207.08008 0.979824
5207.64990 0.979733
5208.22021 0.979643
5208.79004 0.979552
5209.35986 0.979461
5209.93018 0.979371
5210.50977 0.97945
5211.06982 0.97955
5211.64990 0.97965
5212.22021 0.979751
5212.79004 0.979851
5213.35986 0.979952
5213.93018 0.980052
5214.50977 0.980154
5215.08008 0.980256
5215.64990 0.980356
5216.22021 0.980457
5216.79004 0.980557
5217.35986 0.980657
5217.93018 0.980758
5218.50000 0.980858
5219.08008 0.980959
5219.64990 0.98106
5220.22021 0.980999
5220.79004 0.980678
5221.35986 0.980356
5221.93994 0.980032
5222.50977 0.979709
5223.08008 0.979386
5223.64990 0.979065
5224.22998 0.978742
5224.79980 0.978419
5225.37012 0.978097
5225.95020 0.977774
5226.52002 0.977451
5227.08984 0.977127
5227.66016 0.976804
5228.24023 0.976479
5228.81006 0.976157
5229.37988 0.975832
5229.95020 0.975508
5230.52979 0.9759
5231.10010 0.976357
5231.68018 0.976815
5232.25000 0.977269
5232.81982 0.977726
5233.39990 0.978183
5233.97021 0.978638
5234.54004 0.979096
5235.12012 0.979554
5235.68994 0.980012
5236.25977 0.980468
5236.83984 0.980925
5237.41016 0.981383
5237.99023 0.98184
5238.56006 0.982297
5239.12988 0.982754
5239.70996 0.983214
5240.27979 0.983363
5240.85010 0.983191
5241.43018 0.983018
5242.00977 0.982846
5242.58008 0.982673
5243.14990 0.9825
5243.72998 0.982326
5244.31006 0.982152
5244.87988 0.98198
5245.45020 0.981806
5246.02979 0.981631
5246.60010 0.981457
5247.18018 0.981283
5247.75000 0.981109
5248.33008 0.980935
5248.89990 0.98076
5249.47998 0.980586
5250.04980 0.98048
5250.62988 0.981079
5251.20020 0.981675
5251.77979 0.982275
5252.35010 0.982875
5252.93018 0.983476
5253.50977 0.984074
5254.08008 0.984676
5254.66016 0.985278
5255.22998 0.985875
5255.81006 0.986476
5256.39014 0.987077
5256.97021 0.987679
5257.54004 0.988276
5258.10986 0.988879
5258.68994 0.989483
5259.27002 0.990086
5259.83984 0.990682
5260.41992 0.990451
5260.99023 0.989901
5261.56982 0.989351
5262.14990 0.988806
5262.72998 0.988252
5263.29980 0.987699
5263.87988 0.987146
5264.45996 0.986597
5265.02979 0.986046
5265.60986 0.985493
5266.18994 0.984942
5266.77002 0.984386
5267.33984 0.983833
5267.91992 0.983278
5268.49023 0.982727
5269.06982 0.982171
5269.64990 0.981615
5270.22998 0.981264
5270.79980 0.98122
5271.37988 0.981175
5271.95996 0.98113
5272.54004 0.981085
5273.12012 0.98104
5273.68994 0.980993
5274.27002 0.980947
5274.85010 0.980901
5275.43018 0.980855
5276.00977 0.980809
5276.58984 0.980762
5277.16016 0.980717
5277.74023 0.980671
5278.31982 0.980626
5278.89990 0.980579
5279.47998 0.980532
5280.06006 0.98046
5280.64014 0.980179
5281.20996 0.9799
5281.79004 0.979619
5282.37012 0.979337
5282.95020 0.979054
5283.52979 0.978774
5284.10986 0.978492
5284.68994 0.978209
5285.27002 0.977926
5285.85010 0.977645
5286.43018 0.977361
5287.00977 0.977077
5287.58008 0.976796
5288.16016 0.976514
5288.74023 0.97623
5289.31982 0.975946
5289.89990 0.975663
5290.47998 0.975341
5291.06006 0.975013
5291.64014 0.97468
5292.22021 0.97435
5292.79980 0.974019
5293.37988 0.973687
5293.95996 0.973352
5294.54004 0.973021
5295.12012 0.972688
5295.70020 0.972355
5296.27979 0.972024
5296.85986 0.971688
5297.43994 0.971354
5298.02979 0.971019
5298.60986 0.970686
5299.18994 0.970351
5299.77002 0.970016
5300.35010 0.969477
5300.93018 0.968806
5301.50977 0.968131
5302.08984 0.96746
5302.66992 0.966782
5303.25000 0.966108
5303.83008 0.965432
5304.41016 0.964756
5304.99023 0.964083
5305.58008 0.963406
5306.16016 0.962731
5306.74023 0.962053
5307.31982 0.961373
5307.89990 0.960693
5308.49023 0.960013
5309.06006 0.95934
5309.64990 0.95866
5310.22998 0.957924
5310.81006 0.957105
5311.39014 0.956294
5311.97021 0.955474
5312.56006 0.954652
5313.14014 0.953829
5313.72021 0.953011
5314.29980 0.952192
5314.89014 0.951365
5315.47021 0.950539
5316.04980 0.949718
5316.64014 0.948892
5317.22021 0.948066
5317.79980 0.947244
5318.39014 0.946417
5318.97021 0.945588
5319.54980 0.944765
5320.12988 0.943878
5320.72021 0.942767
5321.29980 0.941657
5321.87988 0.940552
5322.47021 0.939441
5323.04980 0.938336
5323.62988 0.937223
5324.22021 0.93611
5324.79980 0.935002
5325.37988 0.933887
5325.97021 0.932774
5326.54980 0.931665
5327.12988 0.930555
5327.72021 0.92944
5328.29980 0.928317
5328.89014 0.927205
5329.47021 0.926088
5330.06006 0.925026
5330.64014 0.924499
5331.22021 0.923971
5331.81006 0.923441
5332.39014 0.922911
5332.97998 0.922379
5333.56006 0.921852
5334.14014 0.92132
5334.72998 0.920788
5335.31006 0.920254
5335.89990 0.919722
5336.47998 0.919189
5337.06982 0.918657
5337.64990 0.918126
5338.24023 0.917592
5338.81982 0.917057
5339.41016 0.916525
5339.99023 0.915988
5340.58008 0.915408
5341.16016 0.914823
5341.75000 0.914243
5342.33008 0.913659
5342.91992 0.913077
5343.50000 0.91249
5344.08984 0.911907
5344.66992 0.91132
5345.25977 0.910734
5345.85010 0.91015
5346.43018 0.909563
5347.02002 0.908974
5347.60986 0.908384
5348.18994 0.907795
5348.77002 0.907212
5349.35986 0.906619
5349.95020 0.906028
5350.54004 0.906061
5351.12012 0.906149
5351.70996 0.906237
5352.29980 0.906323
5352.87988 0.90641
5353.47021 0.906497
5354.06006 0.906584
5354.64014 0.906671
5355.22998 0.906757
5355.81006 0.906845
5356.39990 0.906932
5356.99023 0.907019
5357.58008 0.907106
5358.16016 0.907193
5358.75000 0.907279
5359.33984 0.907365
5359.93018 0.907452
5360.52002 0.907257
5361.10010 0.907023
5361.68994 0.90679
5362.27979 0.906555
5362.85986 0.906321
5363.45020 0.906085
5364.04004 0.905851
5364.62012 0.905615
5365.20996 0.905379
5365.79980 0.905143
5366.39014 0.904908
5366.97998 0.904672
5367.56006 0.904435
5368.14990 0.904198
5368.74023 0.903961
5369.33008 0.903723
5369.91992 0.903483
5370.50977 0.904337
5371.10010 0.905361
5371.68994 0.906382
5372.27979 0.907408
5372.87012 0.908433
5373.45020 0.909454
5374.04004 0.910479
5374.62988 0.911501
5375.22021 0.912528
5375.81006 0.91355
5376.39990 0.914578
5376.97998 0.915601
5377.58008 0.916629
5378.16992 0.917657
5378.75977 0.918687
5379.33984 0.919711
5379.93018 0.920736
5380.52002 0.921788
5381.10986 0.922842
5381.70020 0.9239
5382.29980 0.924957
5382.89014 0.926013
5383.47021 0.92706
5384.06006 0.928118
5384.64990 0.929177
5385.24023 0.930236
5385.83008 0.931285
5386.41992 0.932345
5387.00977 0.933405
5387.60010 0.934466
5388.18994 0.935518
5388.77979 0.936578
5389.37988 0.937646
5389.97021 0.938703
5390.56006 0.940563
5391.14990 0.942472
5391.74023 0.944382
5392.33008 0.946282
5392.91992 0.948185
5393.50977 0.950096
5394.10010 0.952009
5394.68994 0.953913
5395.27979 0.955828
5395.87988 0.957735
5396.47021 0.959649
5397.06006 0.961555
5397.64990 0.963474
5398.24023 0.965383
5398.83008 0.967302
5399.43018 0.969222
5400.02002 0.971111
5400.60986 0.971985
5401.20020 0.972851
5401.79004 0.973725
5402.39014 0.974605
5402.97998 0.975475
5403.56982 0.97635
5404.16016 0.977226
5404.75977 0.978101
5405.33984 0.978969
5405.93994 0.979847
5406.52979 0.980724
5407.12012 0.981601
5407.70996 0.982469
5408.31006 0.983347
5408.89990 0.984227
5409.49023 0.985106
5410.08008 0.985964
5410.68018 0.986761
5411.27002 0.98755
5411.85986 0.988345
5412.45996 0.989139
5413.04980 0.989934
5413.64990 0.990728
5414.24023 0.991516
5414.83008 0.992312
5415.43018 0.993108
5416.02002 0.993904
5416.60986 0.994691
5417.20020 0.995487
5417.79980 0.996285
5418.39014 0.997081
5418.97998 0.997872
5419.58008 0.998667
5420.16992 0.999006
5420.77002 0.998215
5421.35986 0.997426
5421.95996 0.996637
5422.54980 0.995847
5423.14014 0.995064
5423.74023 0.994272
5424.33984 0.993475
5424.93018 0.992685
5425.52002 0.991891
5426.12012 0.991097
5426.70996 0.990308
5427.31006 0.989518
5427.89990 0.988722
5428.50000 0.987927
5429.08984 0.98713
5429.68994 0.986342
5430.27979 0.985456
5430.87988 0.98447
5431.47021 0.983483
5432.06982 0.9825
5432.66016 0.981516
5433.25977 0.980527
5433.85010 0.979538
5434.45020 0.978547
5435.04980 0.977556
5435.64014 0.976564
5436.22998 0.975581
5436.83008 0.97459
5437.43018 0.973596
5438.02002 0.972602
5438.62012 0.971617
5439.20996 0.970621
5439.81006 0.969625
5440.41016 0.967032
5441.00000 0.963724
5441.60010 0.960384
5442.18994 0.95704
5442.79004 0.953697
5443.39014 0.95035
5443.99023 0.947002
5444.58984 0.943654
5445.18018 0.940337
5445.77979 0.936967
5446.37012 0.933632
5446.97021 0.930277
5447.56982 0.926919
5448.16016 0.923575
5448.75977 0.920231
5449.35986 0.91687
