threeML/data/optical_filters/HST/ACS_WFC-F660N_81.ecsv
# %ECSV 0.9
# ---
# datatype:
# - {name: wavelength, unit: Angstrom, datatype: float32}
# - {name: response, datatype: float32}
# meta: !!omap
# - {band_name: F660N_81}
# - {group_name: ACS_WFC}
wavelength response
5890.94141 0.0
6545.49023 0.0025489
6546.33008 0.00284232
6547.16992 0.00313608
6548.00977 0.00342744
6548.85010 0.00372152
6549.68994 0.00401575
6550.52979 0.00430834
6551.37012 0.00460107
6552.20996 0.00489489
6553.04980 0.00518775
6553.87988 0.00548067
6554.72998 0.00577485
6555.56982 0.00596103
6556.41016 0.00609501
6557.25000 0.00622856
6558.08984 0.00636212
6558.93018 0.00649627
6559.77002 0.00662998
6560.60986 0.00768354
6561.45020 0.0090926
6562.29004 0.0105031
6563.12988 0.0119076
6563.97021 0.0133127
6564.81982 0.014725
6565.66016 0.018813
6566.50000 0.0236528
6567.33984 0.0285171
6568.18018 0.0333609
6569.02002 0.0382097
6569.85986 0.043083
6570.70996 0.0583687
6571.54980 0.0755142
6572.39014 0.0928137
6573.22998 0.110117
6574.06982 0.127354
6574.91992 0.144606
6575.75977 0.182906
6576.60010 0.223358
6577.43994 0.263842
6578.29004 0.304524
6579.12988 0.345215
6579.97021 0.385561
6580.81982 0.439803
6581.66016 0.494548
6582.50000 0.549122
6583.35010 0.603683
6584.18994 0.658515
6585.02979 0.712299
6585.87988 0.745521
6586.72021 0.778908
6587.56006 0.812172
6588.41016 0.845448
6589.25000 0.878868
6590.10010 0.910212
6590.93994 0.925708
6591.79004 0.941341
6592.62988 0.95698
6593.47998 0.972561
6594.31982 0.988155
6595.16992 1.0
6596.00977 0.996313
6596.85986 0.99259
6597.70996 0.988897
6598.54980 0.985205
6599.39990 0.981494
6600.24023 0.978352
6601.08984 0.976601
6601.93018 0.974841
6602.77979 0.97308
6603.62012 0.971333
6604.47021 0.969569
6605.31982 0.959857
6606.16016 0.937101
6607.00977 0.914323
6607.85986 0.891442
6608.70020 0.868647
6609.54980 0.84583
6610.39990 0.814309
6611.25000 0.773048
6612.08984 0.732134
6612.93994 0.690831
6613.79004 0.649516
6614.64014 0.608358
6615.47998 0.562737
6616.33008 0.513524
6617.18018 0.464495
6618.02002 0.415426
6618.87012 0.366149
6619.72021 0.317057
6620.56982 0.280878
6621.41992 0.250976
6622.27002 0.22103
6623.10986 0.191352
6623.95996 0.16139
6624.81006 0.131438
6625.66016 0.114993
6626.50977 0.102329
6627.35986 0.089611
6628.20996 0.07694
6629.06006 0.0642584
6629.91016 0.0515221
6630.75977 0.0460584
6631.60010 0.0415196
6632.45996 0.0369399
6633.31006 0.0323588
6634.16016 0.0277946
6635.00977 0.0232441
6635.85986 0.0213026
6636.70996 0.0193671
6637.56006 0.0174311
6638.41016 0.0154788
6639.25977 0.0135404
6640.10986 0.0117813
6640.95996 0.0112411
6641.81006 0.0107007
6642.66992 0.010158
6643.52002 0.00961706
6644.35986 0.00907624
6645.22021 0.00860077
6646.06982 0.00832232
6646.91992 0.00804505
6647.77002 0.00776772
6648.62988 0.00748903
6649.47998 0.00721137
6650.33008 0.00691985
6651.18018 0.00660486
6652.02979 0.00629124
6652.87988 0.00597739
6653.74023 0.00566221
6654.58984 0.00534679
6655.43994 0.00505596
6656.29980 0.00478294
6657.14990 0.00450987
6658.00000 0.00423785
6658.85010 0.0039656
6659.70996 0.00369221
6660.56006 0.00342026
6661.41016 0.00314819
6662.27002 0.00287476
6663.12988 0.0026012
7329.44287 0.0
