threeML/data/optical_filters/HST/ACS_HRC-F555W.ecsv
# %ECSV 0.9
# ---
# datatype:
# - {name: wavelength, unit: Angstrom, datatype: float32}
# - {name: response, datatype: float32}
# meta: !!omap
# - {band_name: F555W}
# - {group_name: ACS_HRC}
wavelength response
[from data line 2402]
5947.14990 0.594264
5947.81006 0.593501
5948.47021 0.59274
5949.12988 0.591979
5949.77979 0.591219
5950.43994 0.590231
5951.10010 0.589125
5951.75977 0.588027
5952.41016 0.586927
5953.06982 0.585821
5953.72998 0.584725
5954.37988 0.583623
5955.04004 0.582522
5955.70020 0.581413
5956.35986 0.58031
5957.02002 0.579206
5957.66992 0.578103
5958.33008 0.576998
5958.99023 0.575887
5959.64990 0.574782
5960.31006 0.573955
5960.95996 0.57345
5961.62012 0.572943
5962.27979 0.572433
5962.93994 0.571923
5963.60010 0.571418
5964.25977 0.570908
5964.91992 0.570401
5965.58008 0.569893
5966.22998 0.569387
5966.89014 0.568875
5967.54980 0.568367
5968.20996 0.567858
5968.87012 0.567347
5969.52979 0.56684
5970.18994 0.566422
5970.85010 0.566242
5971.50977 0.56606
5972.16992 0.565878
5972.81982 0.565696
5973.49023 0.565515
5974.14990 0.565333
5974.81006 0.56515
5975.47021 0.564968
5976.12988 0.564786
5976.79004 0.564604
5977.45020 0.564422
5978.10986 0.564241
5978.77002 0.564059
5979.43018 0.563877
5980.08984 0.563671
5980.75000 0.563328
5981.41016 0.562982
5982.06982 0.56264
5982.72998 0.562293
5983.39014 0.561945
5984.04980 0.561601
5984.70996 0.561252
5985.37012 0.560905
5986.02979 0.560557
5986.70020 0.560207
5987.35986 0.559859
5988.02002 0.55951
5988.68018 0.559158
5989.33984 0.558811
5990.00000 0.558462
5990.66016 0.558279
5991.33008 0.558095
5991.99023 0.557911
5992.64990 0.557728
5993.31006 0.557545
5993.97021 0.557361
5994.64014 0.557176
5995.29980 0.556993
5995.95996 0.556809
5996.62012 0.556626
5997.27979 0.556442
5997.95020 0.556257
5998.60986 0.556072
5999.27002 0.555888
5999.93994 0.555703
6000.60010 0.554579
6001.25977 0.553357
6001.91992 0.552141
6002.58984 0.550913
6003.25000 0.549689
6003.91016 0.548465
6004.56982 0.547242
6005.24023 0.546016
6005.89990 0.544785
6006.56006 0.543565
6007.22998 0.542333
6007.89014 0.541107
6008.54980 0.539879
6009.22021 0.538647
6009.87988 0.53742
6010.54980 0.536335
6011.20996 0.535277
6011.87988 0.534225
6012.54004 0.53317
6013.20996 0.532111
6013.87012 0.531061
6014.52979 0.530006
6015.18994 0.528952
6015.85986 0.527891
6016.52002 0.52684
6017.18994 0.525779
6017.85010 0.524727
6018.52002 0.523665
6019.18018 0.522608
6019.85010 0.521549
6020.50977 0.519408
6021.18018 0.516953
6021.83984 0.514499
6022.50977 0.512032
6023.16992 0.509576
6023.83984 0.507118
6024.50977 0.504647
6025.16992 0.502189
6025.83008 0.499741
6026.50000 0.497281
6027.16992 0.494807
6027.83008 0.492357
6028.50000 0.489881
6029.16016 0.487415
6029.83008 0.484951
6030.49023 0.482505
6031.16016 0.480034
6031.83008 0.477563
6032.50000 0.47509
6033.16016 0.472642
6033.81982 0.47018
6034.50000 0.467693
6035.16016 0.46524
6035.83008 0.462763
6036.49023 0.460311
6037.16016 0.457832
6037.83008 0.455364
6038.49023 0.452895
6039.16016 0.450437
6039.83008 0.447956
6040.49023 0.444706
6041.16016 0.441179
6041.83008 0.437636
6042.49023 0.434128
6043.16016 0.43058
6043.83008 0.427033
6044.50000 0.423502
6045.16016 0.419988
6045.83008 0.416451
6046.50000 0.412898
6047.16992 0.409362
6047.83984 0.405823
6048.50977 0.402265
6049.16992 0.398726
6049.83984 0.395181
6050.50977 0.391077
6051.18018 0.38685
6051.85010 0.382596
6052.50977 0.378341
6053.18018 0.374066
6053.85010 0.369809
6054.52002 0.365551
6055.18994 0.36127
6055.85986 0.357006
6056.52979 0.352741
6057.18994 0.348497
6057.85986 0.344211
6058.52979 0.339943
6059.20020 0.335671
6059.87012 0.331379
6060.54004 0.327038
6061.20996 0.322676
6061.87988 0.318291
6062.54980 0.313927
6063.22021 0.309584
6063.89014 0.305217
6064.56006 0.300827
6065.22998 0.296455
6065.89990 0.292082
6066.56982 0.287688
6067.24023 0.283313
6067.91016 0.278932
6068.58008 0.274532
6069.25000 0.270175
6069.91992 0.265791
6070.58984 0.261873
6071.25977 0.257998
6071.93018 0.254142
6072.60010 0.250285
6073.27002 0.246406
6073.93994 0.242544
6074.60986 0.238684
6075.27979 0.234839
6075.95996 0.230954
6076.62988 0.227088
6077.29980 0.223217
6077.97021 0.219329
6078.64014 0.215457
6079.31006 0.211586
6079.99023 0.207692
6080.66016 0.204247
6081.33008 0.200825
6082.00000 0.197388
6082.66992 0.193932
6083.33984 0.19049
6084.00977 0.187047
6084.68994 0.183586
6085.35986 0.180142
6086.02979 0.176697
6086.70996 0.173234
6087.37988 0.169802
6088.04980 0.166352
6088.72021 0.162901
6089.39014 0.159432
6090.06006 0.156063
6090.74023 0.153468
6091.41016 0.150856
6092.08984 0.148259
6092.75977 0.145659
6093.43018 0.143072
6094.10010 0.140458
6094.77002 0.137856
6095.45020 0.135252
6096.12012 0.132636
6096.79980 0.13003
6097.47021 0.127423
6098.14990 0.124803
6098.81006 0.122208
6099.49023 0.119599
6100.16016 0.117124
6100.83984 0.115076
6101.50977 0.113035
6102.18018 0.110994
6102.85986 0.108942
6103.52979 0.106899
6104.20996 0.104855
6104.87988 0.102801
6105.56006 0.100766
6106.22998 0.0987202
6106.89990 0.0966736
6107.58008 0.0946161
6108.25000 0.0925683
6108.93018 0.0905201
6109.60010 0.0884594
6110.27979 0.0866604
6110.95020 0.0851995
6111.62012 0.0837381
6112.29980 0.0822691
6112.97998 0.0808071
6113.64990 0.0793439
6114.33008 0.0778738
6115.00000 0.0764096
6115.68018 0.0749453
6116.35986 0.0734731
6117.02979 0.0720154
6117.70020 0.0705489
6118.37988 0.069082
6119.06006 0.0676085
6119.72998 0.0661408
6120.41016 0.0648857
6121.08984 0.0637642
6121.75977 0.062653
6122.43994 0.0615309
6123.10986 0.0604189
6123.79004 0.0592953
6124.45996 0.0581778
6125.14014 0.0570584
6125.81982 0.0559339
6126.50000 0.0548148
6127.16992 0.0536945
6127.85010 0.052569
6128.52002 0.0514537
6129.20020 0.0503325
6129.87988 0.04921
6130.56006 0.0483265
6131.22998 0.0475009
6131.91016 0.0466745
6132.58984 0.0458438
6133.25977 0.0450212
6133.93994 0.0441901
6134.62012 0.0433588
6135.29980 0.0425357
6135.97021 0.0417077
6136.64990 0.0408794
6137.33008 0.0400468
6138.00977 0.0392182
6138.68994 0.0383893
6139.37012 0.0375562
6140.04004 0.0367428
6140.72021 0.0361106
6141.39990 0.035484
6142.08008 0.0348509
6142.75977 0.0342208
6143.43018 0.0335905
6144.10986 0.0329564
6144.79004 0.0323258
6145.47021 0.0316945
6146.14990 0.0310599
6146.83008 0.0304315
6147.50977 0.0297997
6148.18018 0.0291678
6148.87012 0.0285321
6149.54004 0.0278998
6150.22021 0.0273295
6150.89990 0.0268853
6151.58008 0.0264454
6152.25977 0.0260009
6152.93994 0.025556
6153.62012 0.0251157
6154.29980 0.0246728
6154.97998 0.0242298
6155.66016 0.0237844
6156.33984 0.023341
6157.02002 0.0228976
6157.70020 0.0224515
6158.37988 0.0220101
6159.06006 0.0215637
6159.74023 0.0211217
6160.41992 0.0207484
6161.10010 0.0204222
6161.77979 0.0200956
6162.45996 0.0197676
6163.14014 0.019441
6163.81982 0.0191142
6164.50977 0.0187857
6165.18994 0.0184605
6165.85986 0.0181335
6166.54980 0.0178062
6167.22998 0.0174774
6167.91016 0.0171499
6168.58984 0.0168224
6169.27002 0.0164931
6169.95020 0.0161671
6170.64014 0.0159164
6171.31982 0.0156719
6172.00000 0.0154296
6172.68018 0.015186
6173.35986 0.0149423
6174.04980 0.0146974
6174.72998 0.0144535
6175.41016 0.0142095
6176.08984 0.0139643
6176.77002 0.0137214
6177.45996 0.0134759
6178.12988 0.0132328
6178.81982 0.0129872
6179.50000 0.0127425
6180.18018 0.0125475
6180.87012 0.0124873
6181.54980 0.0124276
6182.22998 0.0123673
6182.91016 0.0123073
6183.60010 0.0122473
6184.27979 0.0121872
6184.95996 0.0121271
6185.64990 0.0120668
6186.33008 0.0120066
6187.00977 0.0119465
6187.70020 0.011886
6188.37988 0.0118261
6189.06006 0.0117656
6189.75000 0.0117054
6190.43018 0.0116451
6191.10986 0.0115848
6191.79980 0.0115245
6192.47998 0.0114638
6193.16016 0.0114037
6193.85010 0.011343
6194.52979 0.0112825
6195.22021 0.011222
6195.89990 0.0111612
6196.58984 0.0111011
6197.27002 0.0110402
6197.95996 0.0109797
6198.64014 0.0109191
6199.33008 0.0108582
6200.00977 0.0107972
6200.70020 0.010685
6201.37988 0.0105733
6202.06006 0.0104615
6202.75000 0.0103497
6203.43018 0.0102379
6204.12012 0.0101254
6204.79980 0.010014
6205.49023 0.0099015
6206.18018 0.00978886
6206.85986 0.00967738
6207.54980 0.00956468
6208.22998 0.00945249
6208.91992 0.00934029
6209.60010 0.00922804
6210.29004 0.00911559
6210.97998 0.00900249
6211.66016 0.00889041
6212.35010 0.00877717
6213.04004 0.00866391
6213.72021 0.00855174
6214.41016 0.00843843
6215.08984 0.00832622
6215.77979 0.00821278
6216.45996 0.00810043
6217.14990 0.00798693
6217.83984 0.0078734
6218.52002 0.00776098
6219.20996 0.0076474
6219.89990 0.00753429
6220.58984 0.00742114
6221.27002 0.00730804
6221.95996 0.00719483
6222.64990 0.00708096
6223.33008 0.00696827
6224.02002 0.00685443
6224.70996 0.00674048
6225.39990 0.00662763
6226.08984 0.00651363
6226.77002 0.00640015
6227.45996 0.00628665
6228.14990 0.0061737
6228.83984 0.00605952
6229.52979 0.00594531
6230.20996 0.00583221
6230.89990 0.005718
6231.58984 0.00560376
6232.27979 0.00549062
6232.97021 0.00537681
6233.64990 0.00526305
6234.33984 0.00514863
6235.02979 0.0050353
6235.72021 0.00492081
6236.41016 0.00480629
6237.10010 0.00469279
6860.81006 0.0
