threeML/data/optical_filters/HST/ACS_WFC-F775W_77.ecsv
# %ECSV 0.9
# ---
# datatype:
# - {name: wavelength, unit: Angstrom, datatype: float32}
# - {name: response, datatype: float32}
# meta: !!omap
# - {band_name: F775W_77}
# - {group_name: ACS_WFC}
wavelength response
[from data line 2369]
8251.84961 0.812975
8252.63965 0.81326
8253.44043 0.813546
8254.23047 0.813829
8255.01953 0.814113
8255.82031 0.814397
8256.61035 0.814681
8257.41016 0.814966
8258.20020 0.815246
8259.00000 0.815529
8259.79004 0.815809
8260.58008 0.815565
8261.37988 0.815132
8262.17969 0.814694
8262.96973 0.814261
8263.75977 0.813828
8264.55957 0.813392
8265.36035 0.812958
8266.16016 0.812522
8266.95020 0.812089
8267.74023 0.811654
8268.54004 0.811218
8269.33008 0.810788
8270.12988 0.810294
8270.92969 0.80948
8271.71973 0.808672
8272.51953 0.807864
8273.30957 0.807051
8274.11035 0.806241
8274.91016 0.80543
8275.70020 0.804623
8276.50000 0.803814
8277.29980 0.803002
8278.08984 0.8022
8278.88965 0.801385
8279.69043 0.800575
8280.48047 0.79981
8281.28027 0.79906
8282.08008 0.798312
8282.87012 0.797566
8283.66992 0.796817
8284.46973 0.79607
8285.25977 0.795324
8286.05957 0.794575
8286.86035 0.79383
8287.66016 0.793083
8288.45996 0.792334
8289.25000 0.791593
8290.04980 0.790809
8290.84961 0.789523
8291.63965 0.788239
8292.44043 0.78695
8293.24023 0.785668
8294.04004 0.784386
8294.83984 0.783099
8295.63965 0.781818
8296.44043 0.780533
8297.24023 0.779254
8298.03027 0.777976
8298.83008 0.776698
8299.62988 0.775416
8300.41992 0.775081
8301.23047 0.775566
8302.01953 0.776048
8302.82031 0.776531
8303.62012 0.777017
8304.41992 0.777497
8305.21973 0.777979
8306.01953 0.77846
8306.82031 0.778939
8307.62012 0.779421
8308.41992 0.779902
8309.21973 0.780381
8310.01953 0.780818
8310.82031 0.779517
8311.61035 0.778226
8312.41992 0.776924
8313.21973 0.775631
8314.01953 0.774328
8314.82031 0.773033
8315.62012 0.771741
8316.41992 0.770441
8317.21973 0.769149
8318.01953 0.767853
8318.82031 0.766554
8319.62012 0.765264
8320.41992 0.764817
8321.21973 0.765125
8322.01953 0.765435
8322.83008 0.765745
8323.62012 0.766049
8324.41992 0.766357
8325.23047 0.766669
8326.03027 0.766974
8326.83008 0.767282
8327.62988 0.767591
8328.42969 0.767898
8329.24023 0.768206
8330.04004 0.768441
8330.83984 0.767178
8331.63965 0.765909
8332.44043 0.764655
8333.24023 0.763392
8334.04004 0.762125
8334.83984 0.760866
8335.65039 0.759606
8336.45020 0.758339
8337.25000 0.757081
8338.05957 0.755816
8338.86035 0.754557
8339.66016 0.7533
8340.46973 0.752978
8341.25977 0.753341
8342.07031 0.753709
8342.87012 0.754076
8343.66992 0.754439
8344.48047 0.754804
8345.28027 0.755167
8346.08008 0.75553
8346.88965 0.755896
8347.69043 0.756259
8348.49023 0.756622
8349.29980 0.756988
8350.09961 0.757255
8350.90039 0.756861
8351.70996 0.756462
8352.50977 0.756068
8353.30957 0.755669
8354.12012 0.755269
8354.91992 0.754873
8355.73047 0.754476
8356.53027 0.754079
8357.33008 0.753683
8358.13965 0.753285
8358.94043 0.752889
8359.75000 0.752489
8360.54980 0.751755
8361.36035 0.750866
8362.16016 0.749973
8362.96973 0.749086
8363.76953 0.748203
8364.58008 0.747309
8365.37988 0.746418
8366.17969 0.745536
8366.99023 0.744643
8367.79004 0.743757
8368.59961 0.742865
8369.41016 0.741977
8370.20996 0.741423
8371.01953 0.741806
8371.82031 0.742184
8372.62988 0.742562
8373.44043 0.742943
8374.24023 0.74332
8375.04004 0.743694
8375.84961 0.744073
8376.66016 0.744448
8377.46973 0.744825
8378.26953 0.7452
8379.08008 0.745572
8379.88965 0.745949
8380.69043 0.746094
8381.50000 0.746201
8382.30957 0.746309
8383.11035 0.746416
8383.91992 0.746526
8384.71973 0.746632
8385.53027 0.746739
8386.33984 0.746845
8387.13965 0.746951
8387.95020 0.747058
8388.75977 0.747165
8389.55957 0.74727
8390.37012 0.747353
8391.17969 0.747409
8391.99023 0.747463
8392.79980 0.747517
8393.59961 0.747571
8394.41016 0.747625
8395.21973 0.747678
8396.01953 0.74773
8396.83984 0.747783
8397.65039 0.747837
8398.45020 0.74789
8399.25977 0.747942
8400.07031 0.747978
8400.87988 0.747835
8401.69043 0.747688
8402.49023 0.747542
8403.29980 0.747396
8404.11035 0.747246
8404.91992 0.7471
8405.73047 0.746953
8406.54004 0.746805
8407.33984 0.746659
8408.16016 0.746511
8408.95996 0.746362
8409.76953 0.746213
8410.58008 0.746223
8411.38965 0.746296
8412.20020 0.746367
8413.00977 0.74644
8413.82031 0.746512
8414.62988 0.746584
8415.44043 0.746655
8416.25000 0.746726
8417.05957 0.746796
8417.87012 0.746867
8418.67969 0.746935
8419.49023 0.747004
8420.29980 0.746756
8421.11035 0.745968
8421.91992 0.745174
8422.73047 0.744383
8423.54004 0.743595
8424.34961 0.742803
8425.16016 0.742014
8425.98047 0.741222
8426.79004 0.740435
8427.58984 0.73965
8428.41016 0.738857
8429.21973 0.738065
8430.03027 0.737281
8430.83984 0.736398
8431.65039 0.735518
8432.46973 0.734633
8433.26953 0.733755
8434.08984 0.732878
8434.90039 0.731995
8435.70996 0.731119
8436.51953 0.730242
8437.33984 0.729361
8438.15039 0.728485
8438.95020 0.727617
8439.76953 0.726736
8440.58008 0.725789
8441.40039 0.724821
8442.20996 0.723854
8443.01953 0.722888
8443.83008 0.721916
8444.65039 0.720948
8445.45996 0.71998
8446.26953 0.719008
8447.08008 0.718043
8447.90039 0.717071
8448.70996 0.716107
8449.51953 0.715142
8450.33984 0.713982
8451.15039 0.712571
8451.95996 0.711152
8452.76953 0.709727
8453.58984 0.70831
8454.40039 0.706896
8455.21973 0.705472
8456.03027 0.704058
8456.84961 0.702638
8457.66016 0.701224
8458.46973 0.69981
8459.29004 0.69839
8460.09961 0.69703
8460.91016 0.695988
8461.73047 0.694946
8462.54004 0.693915
8463.34961 0.692881
8464.16992 0.691841
8464.98047 0.690807
8465.79980 0.689767
8466.61035 0.688734
8467.42969 0.687701
8468.25000 0.686662
8469.05957 0.68563
8469.87012 0.684599
8470.69043 0.683374
8471.50000 0.682131
8472.32031 0.680873
8473.12988 0.679621
8473.95020 0.678371
8474.76953 0.677117
8475.58008 0.675867
8476.40039 0.674618
8477.21973 0.673362
8478.03027 0.672115
8478.83984 0.670866
8479.66016 0.669613
8480.48047 0.668288
8481.29004 0.666907
8482.11035 0.665518
8482.91992 0.664142
8483.74023 0.662751
8484.55957 0.661367
8485.37012 0.659983
8486.19043 0.658592
8487.00977 0.657207
8487.82031 0.655823
8488.63965 0.65443
8489.45996 0.653046
8490.28027 0.651143
8491.08984 0.648264
8491.91016 0.64539
8492.73047 0.642519
8493.54980 0.639631
8494.36035 0.636784
8495.17969 0.633903
8496.00000 0.631038
8496.82031 0.628166
8497.62988 0.625309
8498.45020 0.622455
8499.26953 0.619587
8500.08984 0.616689
8500.90039 0.613372
8501.73047 0.610039
8502.54004 0.606728
8503.34961 0.603435
8504.16992 0.60011
8505.00000 0.596782
8505.82031 0.593461
8506.62988 0.590176
8507.45020 0.586873
8508.26953 0.583554
8509.08984 0.580257
8509.91016 0.576962
8510.73047 0.572031
8511.54980 0.566923
8512.37012 0.561787
8513.19043 0.556678
8514.00000 0.551578
8514.83008 0.546443
8515.63965 0.541372
8516.45996 0.536274
8517.28027 0.531153
8518.09961 0.526059
8518.91992 0.520967
8519.74023 0.515847
8520.55957 0.509781
8521.37988 0.503225
8522.20020 0.496704
8523.01953 0.490195
8523.83984 0.483652
8524.66016 0.477181
8525.48047 0.470638
8526.30957 0.464106
8527.12012 0.457648
8527.94043 0.451155
8528.75977 0.444628
8529.58008 0.438144
8530.41016 0.431081
8531.23047 0.423512
8532.04980 0.415943
8532.87012 0.408343
8533.69043 0.400798
8534.50977 0.393252
8535.33008 0.385678
8536.15039 0.378193
8536.98047 0.370625
8537.79980 0.363077
8538.61035 0.355607
8539.44043 0.348073
8540.25977 0.340518
8541.08008 0.332858
8541.91016 0.325155
8542.73047 0.317503
8543.54980 0.309846
8544.37012 0.302157
8545.19043 0.294509
8546.01953 0.286829
8546.83984 0.27919
8547.66016 0.2716
8548.48047 0.263924
8549.30957 0.256253
8550.12988 0.248816
8550.95020 0.242065
8551.76953 0.235359
8552.58984 0.228658
8553.41992 0.221914
8554.24023 0.215224
8555.07031 0.208499
8555.88965 0.20181
8556.70996 0.195126
8557.54004 0.188408
8558.36035 0.181742
8559.17969 0.175105
8560.00977 0.16842
8560.83008 0.163614
8561.66016 0.158784
8562.48047 0.153985
8563.29980 0.149189
8564.12988 0.144363
8564.95020 0.139574
8565.76953 0.134782
8566.59961 0.129971
8567.42969 0.125186
8568.24023 0.120433
8569.07031 0.115626
8569.90039 0.110822
8570.73047 0.107226
8571.54980 0.103838
8572.37012 0.100429
8573.20020 0.0970059
8574.01953 0.0936058
8574.84961 0.0902042
8575.66992 0.0867895
8576.50000 0.0833937
8577.32031 0.0800007
8578.15039 0.0765943
8578.98047 0.0732065
8579.80957 0.0698017
8580.62012 0.0675291
8581.45020 0.0655763
8582.28027 0.0636253
8583.09961 0.0616966
8583.92969 0.0597602
8584.75977 0.057812
8585.58008 0.055879
8586.41016 0.0539341
8587.24023 0.0520045
8588.05957 0.0500743
8588.88965 0.0481344
8589.71973 0.0462077
8590.54004 0.0447115
8591.37012 0.043434
8592.19043 0.0421725
8593.01953 0.0408956
8593.84961 0.0396287
8594.66992 0.0383628
8595.50000 0.0370889
8596.33008 0.0358234
8597.16016 0.0345606
8597.99023 0.0332897
8598.80957 0.0320274
8599.63965 0.0307661
8600.46973 0.0297648
8601.29980 0.028974
8602.12012 0.0281837
8602.95020 0.0273893
8603.76953 0.0266041
8604.61035 0.0258109
8605.42969 0.025023
8606.25977 0.0242348
8607.08984 0.0234425
8607.91992 0.0226562
8608.75000 0.0218698
8609.58008 0.0210792
8610.40039 0.0204334
8611.24023 0.0199309
8612.05957 0.0194318
8612.88965 0.0189353
8613.71973 0.0184339
8614.54980 0.0179329
8615.37012 0.0174375
8616.20996 0.0169372
8617.03027 0.0164395
8617.86035 0.0159422
8618.69043 0.015443
8619.51953 0.0149465
8620.34961 0.014513
8621.17969 0.01417
8622.00977 0.0138274
8622.83984 0.0134831
8623.66992 0.0131408
8624.50000 0.0128012
8625.33008 0.0124575
8626.16016 0.0121146
8626.99023 0.0117737
8627.82031 0.0114335
8628.65039 0.0110932
8629.48047 0.0107513
8630.30957 0.0104483
8631.13965 0.0102059
8631.98047 0.0099623
8632.80957 0.00972033
8633.63965 0.00947829
8634.46973 0.00923532
8635.29980 0.008994
8636.12988 0.0087512
8636.95996 0.00851145
8637.79004 0.0082708
8638.62012 0.00802866
8639.45020 0.00778815
8640.28027 0.00757043
8641.12012 0.0073954
8641.95020 0.00722152
8642.78027 0.00704774
8643.61035 0.00687307
8644.44043 0.00669933
8645.28027 0.00652488
8646.09961 0.00635241
8646.94043 0.00617821
8647.78027 0.00600394
8648.59961 0.00583181
8649.42969 0.00565899
8650.26953 0.00550065
8651.09961 0.00537606
8651.94043 0.00525082
8652.76953 0.00512643
8653.59961 0.00500198
8654.42969 0.00487703
8655.26953 0.00475292
8656.09961 0.00462877
8656.92969 0.00450414
8657.75977 0.00438091
8658.59961 0.00425631
8659.42969 0.00413255
8660.25977 0.00402052
8661.09961 0.00393346
8661.92969 0.00384676
8662.75977 0.00376023
8663.59961 0.00367327
8664.42969 0.00358688
8665.25977 0.00350044
8666.09961 0.00341368
8666.92969 0.00332738
8667.76953 0.00324125
8668.59961 0.00315458
8669.42969 0.00306898
8670.26953 0.00299862
8671.09961 0.00296243
8671.94043 0.00292626
8672.76953 0.00288992
8673.61035 0.00285382
8674.44043 0.00281776
8675.28027 0.00278147
8676.11035 0.00274547
8676.95020 0.00270929
8677.78027 0.00267332
9545.55859 0.0
