threeML/data/optical_filters/HST/ACS_WFC-F850LP_77.ecsv
# %ECSV 0.9
# ---
# datatype:
# - {name: wavelength, unit: Angstrom, datatype: float32}
# - {name: response, datatype: float32}
# meta: !!omap
# - {band_name: F850LP_77}
# - {group_name: ACS_WFC}
wavelength response
7164.90869 0.0
7961.00977 0.00361435
7961.81006 0.0036888
7962.62012 0.00376322
7963.43018 0.003838
7964.22998 0.00391239
7965.02979 0.00398674
7965.83984 0.00406141
7966.64990 0.00413569
7967.45020 0.00420997
7968.25977 0.00428416
7969.06006 0.00435831
7969.87012 0.00443248
7970.68018 0.00450751
7971.49023 0.00458169
7972.29004 0.00465584
7973.10010 0.00472996
7973.89990 0.0048041
7974.70996 0.00487855
7975.52002 0.00495261
7976.31982 0.00502662
7977.12988 0.00510102
7977.93994 0.00517502
7978.75000 0.00524893
7979.54980 0.00532285
7980.35986 0.00539762
7981.16016 0.00547349
7981.97998 0.00555021
7982.77979 0.00562613
7983.58984 0.0057021
7984.39990 0.00577806
7985.20020 0.00585407
7986.02002 0.00593052
7986.81982 0.00600657
7987.62988 0.00608268
7988.43994 0.00615919
7989.25000 0.00623534
7990.06006 0.00631141
7990.85986 0.00638635
7991.66992 0.00646127
7992.47998 0.006537
7993.29004 0.00661194
7994.10010 0.00668682
7994.91016 0.00676173
7995.72021 0.00683666
7996.52002 0.00691155
7997.33984 0.00698688
7998.14014 0.00706176
7998.95020 0.00713668
7999.75977 0.00721197
8000.56982 0.00745916
8001.37988 0.00777759
8002.18994 0.00809579
8003.00000 0.00841397
8003.81006 0.00873536
8004.62012 0.0090529
8005.43018 0.00936869
8006.24023 0.0096879
8007.04980 0.010005
8007.85986 0.010322
8008.66992 0.0106403
8009.47998 0.0109569
8010.29004 0.0112235
8011.10010 0.0113973
8011.91016 0.0115711
8012.72021 0.0117448
8013.52979 0.0119184
8014.33984 0.012092
8015.16016 0.0122674
8015.95996 0.0124399
8016.77002 0.0126133
8017.58984 0.0127876
8018.39990 0.0129609
8019.20996 0.0131351
8020.02002 0.0133089
8020.83008 0.0135063
8021.64990 0.0137047
8022.45996 0.0139021
8023.27002 0.0140993
8024.08008 0.0142966
8024.89014 0.0144938
8025.70020 0.0146912
8026.52002 0.0148904
8027.31982 0.0150866
8028.14014 0.0152847
8028.95020 0.0154818
8029.75977 0.0156789
8030.58008 0.0159144
8031.39014 0.0161639
8032.20020 0.0164131
8033.02002 0.0166638
8033.83008 0.0169131
8034.64014 0.0171622
8035.45020 0.0174111
8036.25977 0.0176602
8037.08008 0.0179116
8037.89014 0.0181591
8038.70020 0.0184077
8039.52002 0.0186577
8040.33008 0.0189248
8041.14014 0.0192191
8041.95996 0.0195148
8042.77002 0.0198073
8043.58008 0.0201012
8044.39990 0.0203982
8045.20996 0.0206919
8046.02979 0.0209856
8046.83984 0.021279
8047.64990 0.0215724
8048.47021 0.0218689
8049.27979 0.0221605
8050.10010 0.0224556
8050.91016 0.0227667
8051.72998 0.0230763
8052.54004 0.0233857
8053.35986 0.023697
8054.16992 0.0240049
8054.99023 0.024318
8055.79980 0.0246276
8056.62012 0.0249373
8057.43018 0.025247
8058.24023 0.0255568
8059.06006 0.0258665
8059.87988 0.0261779
8060.68994 0.0265463
8061.50977 0.0269246
8062.31982 0.0273048
8063.14014 0.0276826
8063.95996 0.0280622
8064.77002 0.0284372
8065.58008 0.0288142
8066.41016 0.029195
8067.22021 0.0295711
8068.04004 0.029947
8068.85010 0.030323
8069.66992 0.0306983
8070.47998 0.0311014
8071.29980 0.0315265
8072.12012 0.0319494
8072.93994 0.0323744
8073.75000 0.0327972
8074.56982 0.03322
8075.39014 0.0336453
8076.20020 0.034066
8077.02002 0.0344888
8077.83984 0.0349165
8078.66016 0.0353396
8079.47021 0.0357626
8080.29004 0.0362647
8081.10010 0.0369112
8081.93018 0.0375613
8082.74023 0.0382078
8083.56006 0.0388541
8084.37988 0.039504
8085.18994 0.0401499
8086.00977 0.0407959
8086.83008 0.0414418
8087.64990 0.0420874
8088.45996 0.0427328
8089.29004 0.0433855
8090.10986 0.0440234
8090.91992 0.0446131
8091.74023 0.0452025
8092.56006 0.0457914
8093.37988 0.046383
8094.20020 0.0469714
8095.02002 0.047559
8095.83984 0.0481495
8096.64990 0.0487367
8097.47021 0.0493233
8098.29004 0.0499093
8099.10986 0.0504954
8099.93994 0.0510869
8100.75000 0.0518891
8101.56982 0.0527095
8102.39014 0.05353
8103.20996 0.0543505
8104.02979 0.0551714
8104.85010 0.0559962
8105.66992 0.0568171
8106.49023 0.0576379
8107.31006 0.0584631
8108.12988 0.0592844
8108.95020 0.0601053
8109.77002 0.0609265
8110.58984 0.0616574
8111.41992 0.0623612
8112.24023 0.0630566
8113.06006 0.0637519
8113.87988 0.064447
8114.68994 0.0651421
8115.52002 0.065837
8116.33984 0.0665354
8117.16016 0.0672296
8117.97998 0.0679238
8118.79980 0.0686217
8119.62012 0.0693156
8120.43994 0.0701788
8121.25977 0.0711863
8122.08008 0.072194
8122.91016 0.0732113
8123.72998 0.0742178
8124.54980 0.0752178
8125.37988 0.0762287
8126.20020 0.0772337
8127.02002 0.078238
8127.83984 0.079248
8128.66016 0.0802513
8129.49023 0.08126
8130.31006 0.0822164
8131.12988 0.0830962
8131.95020 0.0839757
8132.77002 0.0848551
8133.60010 0.0857336
8134.43018 0.0866216
8135.25000 0.0874998
8136.06982 0.0883726
8136.89014 0.0892549
8137.70996 0.0901322
8138.54004 0.0910135
8139.35986 0.0918901
8140.18994 0.0928419
8141.00977 0.0940604
8141.83008 0.0952722
8142.66016 0.0964825
8143.47998 0.0976922
8144.29980 0.098902
8145.12012 0.100111
8145.95996 0.101333
8146.77002 0.102534
8147.60010 0.103748
8148.43018 0.104955
8149.25000 0.106161
8150.08008 0.107381
8150.89990 0.108674
8151.72021 0.109967
8152.54980 0.111268
8153.37012 0.112561
8154.20020 0.113854
8155.02002 0.115147
8155.85010 0.11644
8156.68018 0.117746
8157.50000 0.119039
8158.31982 0.120324
8159.14990 0.121624
8159.97998 0.122916
8160.79980 0.124277
8161.62988 0.125646
8162.45020 0.127006
8163.27002 0.128359
8164.10986 0.129731
8164.93018 0.131088
8165.75977 0.132443
8166.58008 0.133796
8167.39990 0.135149
8168.22998 0.136508
8169.06006 0.137858
8169.89014 0.139206
8170.72021 0.140657
8171.54004 0.142117
8172.37012 0.143577
8173.20020 0.145045
8174.02002 0.146505
8174.85010 0.147972
8175.68018 0.149432
8176.50000 0.150892
8177.33008 0.152351
8178.14990 0.153811
8178.97998 0.155271
8179.81006 0.156738
8180.64014 0.158371
8181.47021 0.160054
8182.29980 0.161746
8183.12012 0.163429
8183.95020 0.165121
8184.77979 0.166795
8185.60010 0.168477
8186.43994 0.170178
8187.27002 0.17186
8188.08984 0.173543
8188.91992 0.175225
8189.75000 0.176907
8190.56982 0.178634
8191.41016 0.180388
8192.23047 0.182132
8193.07031 0.183883
8193.88965 0.185626
8194.71973 0.187365
8195.54980 0.189113
8196.37988 0.190844
8197.20020 0.192579
8198.04004 0.194336
8198.87012 0.196071
8199.70020 0.197805
8200.53027 0.199696
8201.34961 0.201677
8202.19043 0.203669
8203.01953 0.20565
8203.83984 0.207628
8204.67969 0.209617
8205.50977 0.211596
8206.33984 0.213574
8207.16992 0.215551
8207.99023 0.217527
8208.82031 0.219502
8209.66016 0.221497
8210.49023 0.223288
8211.32031 0.224955
8212.15039 0.226619
8212.98047 0.228284
8213.80957 0.229958
8214.63965 0.231621
8215.46973 0.233286
8216.30957 0.23496
8217.13965 0.236622
8217.96973 0.238286
8218.79980 0.239951
8219.62988 0.241614
8220.46973 0.243669
8221.29980 0.245999
8222.12988 0.248323
8222.95996 0.250644
8223.79004 0.252965
8224.62012 0.255284
8225.45020 0.25761
8226.29004 0.259922
8227.12012 0.262232
8227.95020 0.264553
8228.78027 0.266856
8229.61035 0.269157
8230.45020 0.271159
8231.28027 0.272908
8232.12012 0.274673
8232.95020 0.276421
8233.78027 0.278165
8234.61035 0.279911
8235.44043 0.281657
8236.28027 0.283402
8237.11035 0.285155
8237.94043 0.286899
8238.78027 0.288653
8239.61035 0.290396
8240.45020 0.292298
8241.28027 0.294331
8242.11035 0.296366
8242.94043 0.298397
8243.79004 0.30045
8244.62012 0.302481
8245.45020 0.30451
8246.28027 0.306539
8247.12012 0.308565
8247.95020 0.310601
8248.79004 0.312627
8249.62012 0.31465
8250.45996 0.317011
8251.29004 0.319624
8252.12988 0.322238
8252.95996 0.324853
8253.79004 0.327462
8254.62988 0.330074
8255.46973 0.332712
8256.30957 0.335321
8257.13965 0.33793
8257.96973 0.340537
8258.80957 0.343146
8259.65039 0.345763
8260.48047 0.34848
8261.30957 0.351274
8262.15039 0.354085
8262.99023 0.356875
8263.82031 0.359667
8264.66016 0.362456
8265.49023 0.365244
8266.33008 0.368031
8267.16992 0.370845
8268.00000 0.373615
8268.83984 0.37641
8269.67969 0.379193
8270.50977 0.381714
8271.34961 0.384088
8272.19043 0.386449
8273.01953 0.388796
8273.86035 0.391179
8274.70020 0.393537
8275.54004 0.395894
8276.37012 0.39825
8277.20996 0.400604
8278.04980 0.402986
8278.88965 0.405337
8279.71973 0.407678
8280.55957 0.410188
8281.40039 0.412753
8282.24023 0.415319
8283.08008 0.417897
8283.91016 0.420461
8284.75000 0.423009
8285.58984 0.425601
8286.42969 0.428161
8287.26953 0.43072
8288.09961 0.433278
8288.94043 0.435837
8289.79004 0.438419
8290.62012 0.441208
8291.45996 0.444098
8292.29980 0.446998
8293.13965 0.449882
8293.98047 0.452763
8294.82031 0.455655
8295.65039 0.458516
8296.50000 0.461418
8297.33008 0.464288
8298.16992 0.467156
8299.00977 0.470019
8299.84961 0.47288
8300.69043 0.475445
8301.54004 0.477971
8302.37012 0.480455
8303.20996 0.482952
8304.04980 0.485459
8304.88965 0.48795
8305.73047 0.490457
8306.57031 0.492947
8307.41016 0.495435
8308.25977 0.497937
8309.09961 0.500425
8309.92969 0.502907
8310.76953 0.504172
8311.61035 0.505331
8312.45020 0.506488
8313.29980 0.507654
8314.13965 0.50881
8314.98047 0.509972
8315.82031 0.511129
8316.66016 0.512284
8317.50977 0.513443
8318.34961 0.514595
8319.17969 0.515742
8320.03027 0.517015
8320.87012 0.520994
8321.70996 0.524966
8322.54980 0.528942
8323.40039 0.532915
8324.24023 0.53691
8325.08008 0.540884
8325.91992 0.544853
8326.76953 0.548845
8327.61035 0.552813
8328.45020 0.556783
8329.29980 0.560771
8330.13965 0.564482
8330.96973 0.566886
8331.83008 0.56933
8332.66992 0.571741
8333.50977 0.574152
8334.34961 0.576562
8335.19043 0.578973
8336.04004 0.581389
8336.87988 0.583795
8337.71973 0.586197
8338.57031 0.58861
8339.41016 0.59101
8340.25000 0.593474
8341.09961 0.596116
8341.94043 0.598728
8342.79004 0.60138
8343.62988 0.604003
8344.48047 0.606626
8345.32031 0.60925
8346.16016 0.611869
8347.00977 0.614489
8347.84961 0.617122
8348.70020 0.619742
8349.54004 0.622358
8350.38965 0.624466
8351.23047 0.625944
8352.08008 0.627425
8352.91992 0.6289
8353.75977 0.630364
8354.62012 0.631852
8355.45996 0.633324
8356.29980 0.634795
8357.15039 0.636266
8357.99023 0.637736
8358.83984 0.639206
8359.69043 0.640681
8360.53027 0.643516
8361.37988 0.647177
8362.21973 0.650819
8363.07031 0.65446
8363.91992 0.658118
8364.75977 0.661737
8365.59961 0.665371
8366.45996 0.669044
8367.29980 0.672652
8368.13965 0.676284
8368.99023 0.67993
8369.83984 0.683557
8370.69043 0.685324
8371.53027 0.686642
8372.37988 0.68796
8373.23047 0.689284
8374.08008 0.690599
8374.91992 0.691912
8375.76953 0.693226
8376.61035 0.694536
8377.45996 0.695847
8378.32031 0.697169
8379.16016 0.698468
8380.00977 0.699791
8380.84961 0.701964
8381.70020 0.704137
8382.54980 0.706322
8383.40039 0.708495
8384.25000 0.710667
8385.09961 0.712849
8385.94043 0.715019
8386.79004 0.71719
8387.63965 0.719359
8388.49023 0.721529
8389.33984 0.72372
8390.19043 0.725753
8391.03027 0.727362
8391.88965 0.728979
8392.73047 0.730587
8393.58008 0.732195
8394.42969 0.733811
8395.28027 0.735418
8396.12988 0.737025
8396.98047 0.73864
8397.83008 0.740248
8398.67969 0.741854
8399.53027 0.743461
8400.37988 0.745746
8401.23047 0.748909
8402.08008 0.752013
8402.92969 0.755137
8403.78027 0.758268
8404.62988 0.761378
8405.48047 0.764486
8406.33008 0.767607
8407.17969 0.770709
8408.03027 0.773822
8408.88965 0.776915
8409.73047 0.780003
8410.58008 0.781798
8411.42969 0.783003
8412.28027 0.784206
8413.13965 0.785417
8413.99023 0.786619
8414.83984 0.787821
8415.69043 0.789027
8416.54004 0.790225
8417.40039 0.79143
8418.25000 0.792626
8419.09961 0.79382
8419.95020 0.79502
8420.79980 0.794736
8421.65039 0.794364
8422.50000 0.793989
8423.34961 0.793616
8424.20996 0.793245
8425.05957 0.792869
8425.91016 0.792497
8426.75977 0.792125
8427.62012 0.791749
8428.46973 0.791375
8429.33008 0.790999
8430.17969 0.791511
8431.03027 0.795342
8431.88965 0.799188
8432.74023 0.803012
8433.58984 0.806828
8434.44043 0.810638
8435.29980 0.814449
8436.15039 0.818251
8437.00000 0.822072
8437.84961 0.825863
8438.70996 0.829677
8439.57031 0.833463
8440.41992 0.835784
8441.26953 0.836593
8442.12988 0.837398
8442.98047 0.838201
8443.83984 0.839008
8444.69043 0.839808
8445.54004 0.840608
8446.40039 0.841408
8447.25000 0.842209
8448.11035 0.84301
8448.95996 0.843809
8449.82031 0.844609
8450.66992 0.84503
8451.53027 0.845346
8452.37988 0.845661
8453.24023 0.845978
8454.08984 0.846294
8454.95020 0.846608
8455.80957 0.846924
8456.66016 0.847239
8457.50977 0.847551
8458.37012 0.847862
8459.21973 0.848173
8460.08008 0.848677
8460.94043 0.850954
8461.79004 0.853227
8462.65039 0.85551
8463.50977 0.857781
8464.36035 0.860052
8465.21973 0.862329
8466.07031 0.864581
8466.94043 0.866867
8467.79004 0.869126
8468.65039 0.871384
8469.50000 0.873639
8470.36035 0.875568
8471.20996 0.877045
8472.07031 0.878529
8472.92969 0.879999
8473.78027 0.881472
8474.65039 0.882954
8475.50000 0.884422
8476.36035 0.885898
8477.21973 0.887365
8478.07031 0.888824
8478.94043 0.890301
8479.79004 0.891765
8480.65039 0.893117
8481.50977 0.894451
8482.36035 0.895776
8483.21973 0.897098
8484.08008 0.898429
8484.94043 0.899753
8485.79980 0.901084
8486.66016 0.902406
8487.50977 0.903726
8488.37988 0.905056
8489.23047 0.90637
8490.08984 0.90762
8490.95020 0.908232
8491.80957 0.908838
8492.66992 0.909437
8493.53027 0.910043
8494.38965 0.910646
8495.25000 0.91125
8496.11035 0.911846
8496.96973 0.912445
8497.83008 0.913043
8498.69043 0.913636
8499.54980 0.914228
8500.41016 0.914974
8501.25977 0.915878
8502.12012 0.916783
8502.99023 0.917698
8503.83984 0.918599
8504.70996 0.919507
8505.57031 0.920409
8506.42969 0.921309
8507.29004 0.922212
8508.15039 0.923111
8509.00977 0.92401
8509.87012 0.924912
8510.73047 0.926248
8511.58984 0.92766
8512.45020 0.929072
8513.30957 0.930482
8514.17969 0.931906
8515.04004 0.933305
8515.90039 0.934715
8516.75977 0.936129
8517.62012 0.937535
8518.48047 0.938939
8519.34961 0.940349
8520.20996 0.94156
8521.07031 0.942176
8521.92969 0.942796
8522.79980 0.943409
8523.66016 0.944024
8524.51953 0.944636
8525.37988 0.945248
8526.25000 0.945866
8527.09961 0.946472
8527.96973 0.947081
8528.83008 0.947694
8529.69043 0.948303
8530.55957 0.948967
8531.41992 0.949669
8532.28027 0.950365
8533.15039 0.95106
8534.00977 0.951752
8534.87988 0.952443
8535.74023 0.953132
8536.59961 0.95382
8537.45996 0.954507
8538.33008 0.955197
8539.19043 0.955881
8540.04980 0.956552
8540.91992 0.957087
8541.78027 0.957614
8542.65039 0.958146
8543.50977 0.958675
8544.37988 0.959202
8545.25000 0.959731
8546.11035 0.960257
8546.96973 0.960782
8547.83984 0.961306
8548.70020 0.961831
8549.55957 0.962355
8550.42969 0.962633
8551.29980 0.962659
8552.16016 0.962683
8553.03027 0.962709
8553.88965 0.962735
8554.75977 0.962762
8555.62012 0.962786
8556.49023 0.962808
8557.36035 0.962832
8558.21973 0.962854
8559.08984 0.962876
8559.95020 0.962899
8560.82031 0.963732
8561.69043 0.964622
8562.54980 0.965503
8563.41992 0.966383
8564.28027 0.967269
8565.15039 0.968148
8566.00977 0.969025
8566.88965 0.969909
8567.75000 0.970785
8568.62012 0.97166
8569.49023 0.97254
8570.34961 0.973221
8571.21973 0.973623
8572.08008 0.974025
8572.95020 0.974427
8573.82031 0.974829
8574.69043 0.975225
8575.54980 0.975623
8576.41992 0.976023
8577.29004 0.976421
8578.16016 0.976817
8579.03027 0.977213
8579.90039 0.977609
8580.76953 0.977798
8581.62988 0.977958
8582.50000 0.978119
8583.37012 0.978278
8584.23047 0.978434
8585.09961 0.978594
8585.96973 0.97875
8586.83984 0.978907
8587.70996 0.979062
8588.58008 0.979217
8589.45020 0.979372
8590.30957 0.979541
8591.19043 0.979737
8592.05957 0.979929
8592.92969 0.980122
8593.79980 0.980314
8594.66016 0.980507
8595.53027 0.980695
8596.40039 0.980883
8597.26953 0.981073
8598.13965 0.981263
8599.00977 0.981451
8599.87988 0.981639
8600.75000 0.983079
8601.62012 0.984708
8602.50000 0.986345
8603.36035 0.987971
8604.23047 0.989598
8605.11035 0.991231
8605.98047 0.992854
8606.83984 0.994466
8607.71973 0.99609
8608.58008 0.997706
8609.45020 0.999321
8610.33008 1.0
8611.20020 0.999117
8612.07031 0.998226
8612.94043 0.997341
8613.80957 0.996458
8614.69043 0.99557
8615.54980 0.994691
8616.41992 0.993806
8617.29980 0.992912
8618.16992 0.992026
8619.04004 0.991148
8619.91992 0.990261
8620.79004 0.990692
8621.66016 0.991268
