threeML/data/optical_filters/HST/ACS_SBC-F165LP.ecsv
# %ECSV 0.9
# ---
# datatype:
# - {name: wavelength, unit: Angstrom, datatype: float32}
# - {name: response, datatype: float32}
# meta: !!omap
# - {band_name: F165LP}
# - {group_name: ACS_SBC}
wavelength response
1434.59998 0.0
1594.00000 0.0100872
1594.27002 0.01045
1594.53003 0.010813
1594.80005 0.0111729
1595.06995 0.0115338
1595.32996 0.0118915
1595.59998 0.0122506
1595.87000 0.0126075
1596.13000 0.0129624
1596.40002 0.0133188
1596.67004 0.013672
1596.93994 0.0140253
1597.19995 0.0143785
1597.46997 0.0147294
1597.73999 0.0150794
1598.01001 0.0154271
1598.28003 0.0157766
1598.54004 0.0161241
1598.81006 0.0164694
1599.07996 0.0168147
1599.34998 0.0171598
1599.60999 0.0175014
1599.88000 0.0178445
1600.15002 0.0185937
1600.42004 0.0196663
1600.68005 0.020733
1600.94995 0.0217996
1601.21997 0.0228676
1601.48999 0.0239254
1601.76001 0.024984
1602.03003 0.026043
1602.29004 0.027096
1602.56006 0.0281461
1602.82996 0.0291899
1603.09998 0.0302378
1603.37000 0.0312794
1603.63000 0.0323147
1603.90002 0.0333507
1604.17004 0.0343838
1604.43994 0.0354143
1604.70996 0.0364451
1604.97998 0.0374696
1605.25000 0.0384916
1605.52002 0.0395073
1605.79004 0.0405269
1606.05005 0.0415396
1606.31995 0.0425453
1606.58997 0.0435517
1606.85999 0.0445581
1607.13000 0.045559
1607.40002 0.0465582
1607.67004 0.0475507
1607.93994 0.0485475
1608.20996 0.0495353
1608.47998 0.0505234
1608.75000 0.0515116
1609.01001 0.052491
1609.28003 0.0534706
1609.55005 0.0544507
1609.81995 0.0554247
1610.08997 0.0570479
1610.35999 0.059892
1610.63000 0.062746
1610.90002 0.0655827
1611.17004 0.0684035
1611.43994 0.0712252
1611.70996 0.0740399
1611.97998 0.0768552
1612.25000 0.0796534
1612.52002 0.0824447
1612.79004 0.0852278
1613.06006 0.0879939
1613.32996 0.0907618
1613.59998 0.0935302
1613.87000 0.0962729
1614.14001 0.0990174
1614.41003 0.101762
1614.68005 0.104491
1614.94995 0.107212
1615.21997 0.109917
1615.48999 0.112631
1615.77002 0.115328
1616.03003 0.118009
1616.31006 0.120701
1616.57996 0.123365
1616.84998 0.12604
1617.12000 0.128691
1617.39001 0.131351
1617.66003 0.133993
1617.93005 0.136619
1618.19995 0.139252
1618.46997 0.141866
1618.73999 0.144463
1619.01001 0.147061
1619.29004 0.149665
1619.56006 0.152253
1619.82996 0.154833
1620.09998 0.157934
1620.37000 0.161946
1620.64001 0.165931
1620.91003 0.169919
1621.18005 0.173909
1621.44995 0.177861
1621.72998 0.181826
1622.00000 0.185768
1622.27002 0.189698
1622.54004 0.193615
1622.81006 0.19751
1623.08997 0.201417
1623.35999 0.205301
1623.63000 0.209159
1623.90002 0.213019
1624.17004 0.21688
1624.43994 0.220716
1624.71997 0.224529
1624.98999 0.228354
1625.26001 0.232174
1625.53003 0.23597
1625.81006 0.239779
1626.07996 0.243565
1626.34998 0.247327
1626.62000 0.251105
1626.89001 0.254857
1627.17004 0.258593
1627.43994 0.262313
1627.70996 0.266009
1627.97998 0.269718
1628.26001 0.273402
1628.53003 0.277088
1628.80005 0.280774
1629.07996 0.284437
1629.34998 0.288089
1629.62000 0.29173
1629.89001 0.29536
1630.17004 0.299937
1630.43994 0.305087
1630.70996 0.310259
1630.98999 0.315398
1631.26001 0.320493
1631.53003 0.325623
1631.81006 0.330685
1632.07996 0.335755
1632.34998 0.340801
1632.62000 0.345866
1632.90002 0.3509
1633.17004 0.3559
1633.43994 0.360904
1633.71997 0.365908
1633.98999 0.370863
1634.27002 0.375837
1634.54004 0.380779
1634.81006 0.385706
1635.08997 0.390619
1635.35999 0.395498
1635.63000 0.400396
1635.91003 0.405246
1636.18005 0.410088
1636.45996 0.414938
1636.72998 0.419724
1637.01001 0.424511
1637.28003 0.429286
1637.55005 0.434075
1637.82996 0.438834
1638.09998 0.443563
1638.38000 0.448306
1638.65002 0.45302
1638.92004 0.457701
1639.19995 0.462399
1639.46997 0.467065
1639.75000 0.471716
1640.02002 0.476379
1640.30005 0.481299
1640.56995 0.486206
1640.84998 0.491078
1641.12000 0.49596
1641.40002 0.500853
1641.67004 0.505715
1641.94995 0.510561
1642.21997 0.51539
1642.50000 0.520205
1642.77002 0.525003
1643.05005 0.52977
1643.31995 0.534551
1643.59998 0.539287
1643.87000 0.544022
1644.15002 0.548773
1644.42004 0.55346
1644.69995 0.558148
1644.96997 0.562802
1645.25000 0.56745
1645.52002 0.572064
1645.80005 0.576647
1646.07996 0.581249
1646.34998 0.58584
1646.63000 0.590415
1646.90002 0.594971
1647.18005 0.599515
1647.44995 0.60404
1647.72998 0.608549
1648.01001 0.613028
1648.28003 0.61752
1648.56006 0.621968
1648.82996 0.626412
1649.10999 0.630855
1649.39001 0.635269
1649.66003 0.639665
1649.93994 0.644045
1650.20996 0.64809
1650.48999 0.652029
1650.77002 0.655943
1651.04004 0.659872
1651.31995 0.6638
1651.59998 0.667713
1651.88000 0.671626
1652.15002 0.675499
1652.43005 0.679373
1652.69995 0.683219
1652.97998 0.687078
1653.26001 0.690909
1653.53003 0.694716
1653.81006 0.69852
1654.08997 0.702324
1654.37000 0.706101
1654.64001 0.709864
1654.92004 0.713614
1655.19995 0.717349
1655.46997 0.721072
1655.75000 0.724768
1656.03003 0.728475
1656.31006 0.732156
1656.57996 0.735823
1656.85999 0.739476
1657.14001 0.743115
1657.41003 0.74674
1657.68994 0.750341
1657.96997 0.75395
1658.25000 0.757532
1658.52002 0.761092
1658.80005 0.764658
1659.07996 0.768201
1659.35999 0.771728
1659.64001 0.775242
1659.91003 0.778742
1660.18994 0.781674
1660.46997 0.784337
1660.75000 0.787008
1661.03003 0.789657
1661.30005 0.792295
1661.57996 0.794923
1661.85999 0.797539
1662.14001 0.800142
1662.42004 0.802735
1662.69995 0.805317
1662.96997 0.807887
1663.25000 0.810446
1663.53003 0.812984
1663.81006 0.815528
1664.08997 0.818052
1664.37000 0.820565
1664.64001 0.823057
1664.92004 0.825554
1665.19995 0.828032
1665.47998 0.83049
1665.76001 0.832953
1666.04004 0.835396
1666.31995 0.837827
1666.59998 0.840246
1666.88000 0.842655
1667.16003 0.845051
1667.43005 0.847435
1667.70996 0.849809
1667.98999 0.852169
1668.27002 0.854511
1668.55005 0.856849
1668.82996 0.859183
1669.10999 0.861497
1669.39001 0.8638
1669.67004 0.86609
1669.94995 0.868369
1670.22998 0.870669
1670.51001 0.872964
1670.79004 0.875248
1671.06995 0.877521
1671.34998 0.879781
1671.63000 0.882037
1671.91003 0.884267
1672.18994 0.886492
1672.46997 0.888712
1672.75000 0.890907
1673.03003 0.893098
1673.31006 0.895268
1673.58997 0.897442
1673.87000 0.899597
1674.15002 0.901733
1674.43005 0.903871
1674.70996 0.90599
1674.98999 0.908097
1675.27002 0.910333
1675.55005 0.912563
1675.82996 0.914781
1676.10999 0.916964
1676.39001 0.919118
1676.67004 0.921263
1676.94995 0.923382
1677.23999 0.925538
1677.52002 0.927692
1677.80005 0.929835
1678.07996 0.931953
1678.35999 0.934017
1678.64001 0.936084
1678.92004 0.938132
1679.19995 0.940198
1679.47998 0.94229
1679.77002 0.944349
1680.05005 0.946243
1680.32996 0.947305
1680.60999 0.94836
1680.89001 0.949407
1681.17004 0.95041
1681.44995 0.951392
1681.72998 0.952361
1682.02002 0.953326
1682.30005 0.954332
1682.57996 0.95533
1682.85999 0.95632
1683.14001 0.957275
1683.43005 0.958195
1683.70996 0.959106
1683.98999 0.960007
1684.27002 0.960953
1684.55005 0.961901
1684.83997 0.962831
1685.12000 0.963733
1685.40002 0.964591
1685.68005 0.965447
1685.95996 0.966292
1686.25000 0.967173
1686.53003 0.968059
1686.81006 0.968934
1687.08997 0.969802
1687.38000 0.97066
1687.66003 0.971511
1687.93994 0.972353
1688.21997 0.973141
1688.51001 0.97391
1688.79004 0.97467
1689.06995 0.975432
1689.34998 0.976233
1689.64001 0.977027
1689.92004 0.97781
1690.19995 0.978569
1690.48999 0.979311
1690.77002 0.980045
1691.05005 0.980782
1691.33997 0.981557
1691.62000 0.982324
1691.90002 0.983083
1692.18994 0.983794
1692.46997 0.984478
1692.75000 0.98515
1693.04004 0.985822
1693.31995 0.986536
1693.59998 0.987246
1693.89001 0.987945
1694.17004 0.988633
1694.44995 0.989316
1694.73999 0.98999
1695.02002 0.99065
1695.31006 0.991246
1695.58997 0.991832
1695.87000 0.99241
1696.16003 0.993012
1696.43994 0.993634
1696.72998 0.994247
1697.01001 0.994848
1697.30005 0.995383
1697.57996 0.995906
1697.85999 0.996421
1698.15002 0.99696
1698.43005 0.997518
1698.71997 0.998072
1699.00000 0.998615
1699.29004 0.999086
1699.56995 0.999547
1699.84998 1.0
1700.14001 0.999853
1700.42004 0.999077
1700.70996 0.998298
1700.98999 0.997515
1701.28003 0.996669
1701.56006 0.995812
1701.84998 0.994954
1702.13000 0.994122
1702.42004 0.993319
1702.69995 0.992517
1702.98999 0.991709
1703.27002 0.990835
1703.56006 0.989955
1703.83997 0.989072
1704.13000 0.988184
1704.41003 0.987293
1704.69995 0.986398
1704.97998 0.985499
1705.27002 0.984658
1705.56006 0.983815
1705.83997 0.982973
1706.13000 0.982095
1706.41003 0.981178
1706.69995 0.980257
1706.97998 0.979332
1707.27002 0.978465
1707.56006 0.977596
1707.83997 0.976728
1708.13000 0.975825
1708.41003 0.974881
1708.69995 0.973934
1708.98999 0.972982
1709.27002 0.97203
1709.56006 0.971068
1709.84998 0.970106
1710.13000 0.96918
1710.42004 0.968298
1710.69995 0.967417
1710.98999 0.96653
1711.28003 0.965575
1711.56006 0.964614
1711.84998 0.963648
1712.14001 0.96271
1712.42004 0.961804
1712.70996 0.960892
1713.00000 0.959981
1713.28003 0.958997
1713.56995 0.958004
1713.85999 0.957014
1714.14001 0.956018
1714.43005 0.95502
1714.71997 0.954012
1715.01001 0.953004
1715.29004 0.95206
1715.57996 0.951108
1715.87000 0.950158
1716.15002 0.949166
1716.43994 0.948136
1716.72998 0.947104
1717.02002 0.946071
1717.30005 0.945099
1717.58997 0.94412
1717.88000 0.94314
1718.17004 0.942119
1718.44995 0.941063
1718.73999 0.940002
1719.03003 0.938944
1719.31995 0.937944
1719.60999 0.936941
1719.89001 0.935934
1720.18005 0.934889
1720.46997 0.933823
1720.76001 0.932748
1721.05005 0.931677
1721.33997 0.930598
1721.62000 0.929511
1721.91003 0.928427
1722.19995 0.927384
1722.48999 0.926361
1722.78003 0.925325
1723.06995 0.924279
1723.34998 0.923171
1723.64001 0.922055
1723.93005 0.920942
1724.21997 0.919875
1724.51001 0.91882
1724.80005 0.917762
1725.08997 0.916742
1725.38000 0.915818
1725.66003 0.91489
1725.94995 0.913954
1726.23999 0.913022
1726.53003 0.912079
1726.81995 0.91114
1727.10999 0.910193
1727.40002 0.909242
1727.68994 0.90829
1727.97998 0.907327
1728.27002 0.906367
1728.56006 0.905401
1728.84998 0.904429
1729.13000 0.903492
1729.42004 0.902587
1729.70996 0.901679
1730.00000 0.900765
1730.29004 0.89979
1730.57996 0.898813
1730.87000 0.897823
1731.16003 0.896839
1731.44995 0.895847
1731.73999 0.894849
1732.03003 0.893853
1732.31995 0.89285
1732.60999 0.891843
1732.90002 0.890832
1733.18994 0.889814
1733.47998 0.888799
1733.77002 0.887773
1734.06006 0.886762
1734.34998 0.885809
1734.64001 0.884849
1734.93005 0.883885
1735.21997 0.882859
1735.52002 0.881813
1735.81006 0.880766
1736.09998 0.879706
1736.39001 0.878651
1736.68005 0.877589
1736.96997 0.876519
1737.26001 0.875453
1737.55005 0.874379
1737.83997 0.873301
1738.13000 0.872253
1738.42004 0.871239
1738.70996 0.870227
1739.01001 0.869203
1739.30005 0.868105
1739.58997 0.867008
1739.88000 0.865898
1740.17004 0.864796
1740.45996 0.863691
1740.75000 0.86258
1741.05005 0.86147
1741.33997 0.860348
1741.63000 0.859226
1741.92004 0.8581
1742.20996 0.856966
1742.50000 0.855835
1742.80005 0.854696
1743.08997 0.853576
1743.38000 0.852506
1743.67004 0.851428
1743.95996 0.85035
1744.26001 0.849201
1744.55005 0.848041
1744.83997 0.846874
1745.13000 0.845698
1745.42004 0.844526
1745.71997 0.843346
1746.01001 0.842162
1746.30005 0.840973
1746.58997 0.839781
1746.89001 0.838584
1747.18005 0.837379
1747.46997 0.836174
1747.76001 0.834968
1748.06006 0.833769
1748.34998 0.83263
1748.64001 0.831486
1748.93005 0.830338
1749.22998 0.829121
1749.52002 0.827886
1749.81006 0.826651
1750.10999 0.825486
1750.40002 0.824452
1750.68994 0.823423
1750.97998 0.82239
1751.28003 0.82143
1751.56995 0.820471
1751.87000 0.819511
1752.16003 0.818551
1752.44995 0.817585
1752.73999 0.816623
1753.04004 0.815647
1753.32996 0.814596
1753.63000 0.81355
1753.92004 0.8125
1754.20996 0.811505
1754.51001 0.810528
1754.80005 0.809552
1755.09998 0.808577
1755.39001 0.807598
1755.68005 0.806614
1755.97998 0.805635
1756.27002 0.804576
1756.56995 0.80351
1756.85999 0.802442
1757.15002 0.801414
1757.44995 0.80042
1757.73999 0.799427
1758.04004 0.798426
1758.32996 0.797349
1758.63000 0.796268
1758.92004 0.795191
1759.20996 0.794168
1759.51001 0.793165
1759.80005 0.792157
1760.09998 0.791152
1760.39001 0.790151
1760.68994 0.78914
1760.97998 0.788136
1761.28003 0.78705
1761.56995 0.785953
1761.87000 0.784862
1762.16003 0.78381
1762.45996 0.782794
1762.75000 0.781772
1763.05005 0.780738
1763.33997 0.779638
1763.64001 0.778533
1763.93005 0.777422
1764.22998 0.77638
1764.52002 0.775351
1764.81995 0.774321
1765.12000 0.773285
1765.41003 0.772255
1765.70996 0.771219
1766.00000 0.770178
1766.30005 0.76906
1766.58997 0.767936
1766.89001 0.766808
1767.18005 0.765736
1767.47998 0.76469
1767.78003 0.763642
1768.06995 0.762568
1768.37000 0.761435
1768.66003 0.760302
1768.95996 0.759165
1769.26001 0.758097
1769.55005 0.757039
1769.84998 0.755975
1770.15002 0.754918
1770.43994 0.753854
1770.73999 0.752794
1771.04004 0.751716
1771.32996 0.750566
1771.63000 0.749419
1771.93005 0.748266
1772.21997 0.747169
1772.52002 0.746099
1772.81995 0.745023
1773.10999 0.743946
1773.41003 0.742864
1773.70996 0.741784
1774.00000 0.740704
1774.30005 0.739532
1774.59998 0.738366
1774.89001 0.737194
1775.18994 0.736235
1775.48999 0.7354
1775.79004 0.734557
1776.07996 0.733694
1776.38000 0.732764
1776.68005 0.731835
1776.97998 0.730908
1777.28003 0.730051
1777.56995 0.729205
1777.87000 0.728354
1778.17004 0.727503
1778.45996 0.726649
1778.76001 0.725792
1779.06006 0.724921
1779.35999 0.723975
1779.66003 0.723031
1779.94995 0.722088
1780.25000 0.721215
1780.55005 0.720352
1780.84998 0.719492
1781.15002 0.718583
1781.43994 0.717635
1781.73999 0.71668
1782.04004 0.715738
1782.33997 0.714871
1782.64001 0.713997
1782.93994 0.713127
1783.23999 0.712184
1783.54004 0.711219
1783.82996 0.710259
1784.13000 0.709329
1784.43005 0.708452
1784.72998 0.707566
1785.03003 0.706683
1785.32996 0.705801
1785.63000 0.704914
1785.93005 0.704023
1786.21997 0.703072
1786.52002 0.702091
1786.81995 0.701112
1787.12000 0.700167
1787.42004 0.699274
1787.71997 0.698373
1788.02002 0.697469
1788.31995 0.696485
1788.62000 0.695496
1788.92004 0.694502
1789.21997 0.693576
1789.52002 0.692667
1789.81995 0.691762
1790.12000 0.69085
1790.42004 0.689942
1790.71997 0.689035
1791.02002 0.688115
1791.31995 0.687118
1791.62000 0.686116
1791.92004 0.685112
1792.21997 0.684166
1792.52002 0.683246
1792.81995 0.682328
1793.12000 0.681368
1793.42004 0.680356
1793.71997 0.679346
1794.02002 0.678335
1794.31995 0.677404
1794.62000 0.676476
1794.92004 0.675541
1795.21997 0.674607
1795.52002 0.673672
1795.81995 0.672738
1796.12000 0.671764
1796.42004 0.670732
1796.71997 0.669706
1797.02002 0.668681
1797.32996 0.667733
1797.63000 0.666787
1797.93005 0.665839
1798.22998 0.664825
1798.53003 0.663781
1798.82996 0.66274
1799.13000 0.661738
1799.43005 0.660782
1799.72998 0.659825
1800.04004 0.658874
1800.33997 0.65798
1800.64001 0.657083
1800.93994 0.656186
1801.23999 0.655291
1801.54004 0.654389
1801.84998 0.653489
1802.15002 0.65259
1802.44995 0.651686
1802.75000 0.650779
1803.05005 0.649857
1803.34998 0.648859
1803.66003 0.647863
1803.95996 0.646858
1804.26001 0.645937
1804.56006 0.645024
1804.87000 0.644106
1805.17004 0.643192
1805.46997 0.642275
1805.77002 0.641353
1806.06995 0.640432
1806.38000 0.63951
1806.68005 0.63859
1806.97998 0.637661
1807.28003 0.636735
1807.58997 0.63581
1807.89001 0.634881
1808.18994 0.633948
1808.48999 0.633015
1808.80005 0.632082
1809.09998 0.631147
1809.40002 0.63021
1809.70996 0.629276
1810.01001 0.628337
1810.31006 0.627395
1810.62000 0.626457
1810.92004 0.625516
1811.21997 0.624502
1811.53003 0.623465
1811.82996 0.622427
1812.13000 0.62143
1812.43994 0.620478
1812.73999 0.61953
1813.04004 0.618578
1813.34998 0.617625
1813.65002 0.61667
1813.94995 0.61571
1814.26001 0.614752
1814.56006 0.613792
1814.87000 0.612831
1815.17004 0.611872
1815.46997 0.610905
1815.78003 0.609939
1816.07996 0.608976
1816.38000 0.608007
1816.68994 0.607038
1816.98999 0.606063
1817.30005 0.60509
1817.59998 0.604119
1817.91003 0.60314
1818.20996 0.602166
1818.51001 0.601187
1818.81995 0.600203
1819.12000 0.599187
1819.43005 0.598106
1819.72998 0.597028
1820.04004 0.595959
1820.33997 0.594973
1820.65002 0.593989
1820.94995 0.592996
1821.26001 0.592005
1821.56006 0.591016
1821.87000 0.590019
1822.17004 0.589027
1822.47998 0.588027
