threeML/data/optical_filters/HST/ACS_WFC-F814W_81.ecsv
# %ECSV 0.9
# ---
# datatype:
# - {name: wavelength, unit: Angstrom, datatype: float32}
# - {name: response, datatype: float32}
# meta: !!omap
# - {band_name: F814W_81}
# - {group_name: ACS_WFC}
wavelength response
[from data line 785]
7322.85986 0.941441
7323.58008 0.940718
7324.27979 0.940004
7325.00000 0.939281
7325.72021 0.938557
7326.43018 0.937838
7327.14014 0.937115
7327.85986 0.93639
7328.56982 0.935672
7329.29004 0.934948
7330.00000 0.934232
7330.70996 0.935586
7331.43018 0.936954
7332.14990 0.938323
7332.85986 0.939689
7333.58008 0.941055
7334.29004 0.942406
7335.00000 0.943774
7335.72021 0.945133
7336.43018 0.946501
7337.14990 0.94787
7337.85986 0.949228
7338.58008 0.950595
7339.29980 0.951962
7340.00977 0.953299
7340.72021 0.952953
7341.43994 0.952609
7342.16016 0.952265
7342.87988 0.951918
7343.58984 0.951578
7344.29980 0.951234
7345.02002 0.950887
7345.72998 0.950545
7346.45020 0.950201
7347.16992 0.949857
7347.87988 0.949511
7348.60010 0.949166
7349.31006 0.948825
7350.02979 0.948487
7350.75000 0.948253
7351.47021 0.948019
7352.18994 0.947785
7352.89990 0.947556
7353.60986 0.947323
7354.33008 0.947089
7355.04980 0.946857
7355.77002 0.946624
7356.47998 0.946391
7357.20020 0.946159
7357.91992 0.945926
7358.62988 0.945694
7359.35010 0.94546
7360.06982 0.945339
7360.79004 0.946292
7361.50977 0.947244
7362.22998 0.948196
7362.93994 0.949138
7363.66016 0.950091
7364.37012 0.951037
7365.08984 0.951988
7365.81006 0.952942
7366.52979 0.95389
7367.25000 0.954842
7367.95996 0.955784
7368.68018 0.956737
7369.39990 0.95769
7370.12012 0.958239
7370.83984 0.956771
7371.56006 0.955304
7372.27002 0.953853
7372.99023 0.952386
7373.70996 0.950925
7374.43018 0.949456
7375.14990 0.947988
7375.87012 0.946527
7376.58984 0.945058
7377.31006 0.943589
7378.02002 0.942136
7378.74023 0.940667
7379.45996 0.939197
7380.18994 0.93886
7380.91016 0.941802
7381.62012 0.944712
7382.33984 0.947652
7383.06006 0.950593
7383.77979 0.953517
7384.50000 0.956459
7385.22021 0.959384
7385.93994 0.962323
7386.66016 0.965261
7387.37988 0.968167
7388.10010 0.971105
7388.81982 0.974043
7389.54004 0.97698
7390.25977 0.978465
7390.97998 0.977441
7391.70020 0.976404
7392.41992 0.975368
7393.14014 0.974337
7393.85986 0.973299
7394.58984 0.972261
7395.31006 0.97123
7396.02979 0.970192
7396.74023 0.969165
7397.47021 0.968126
7398.18994 0.967088
7398.91016 0.966047
7399.62988 0.965008
7400.35986 0.964356
7401.06982 0.964104
7401.79980 0.963848
7402.52002 0.963594
7403.24023 0.96334
7403.95996 0.963085
7404.68018 0.96283
7405.39990 0.962575
7406.12988 0.96232
7406.83984 0.962069
7407.56982 0.961814
7408.29004 0.961558
7409.02002 0.961303
7409.74023 0.961048
7410.45996 0.960926
7411.18018 0.960877
7411.89990 0.960829
7412.62012 0.96078
7413.35010 0.960731
7414.06982 0.960683
7414.79004 0.960633
7415.52002 0.960585
7416.22998 0.960537
7416.95996 0.960488
7417.68018 0.960438
7418.41016 0.960389
7419.12988 0.96034
7419.85010 0.960292
7420.58008 0.960786
7421.29980 0.961421
7422.02002 0.962052
7422.75000 0.962687
7423.47021 0.963321
7424.18994 0.963952
7424.91992 0.964584
7425.64014 0.965212
7426.35986 0.965847
7427.08984 0.966479
7427.81006 0.967113
7428.54004 0.967748
7429.25977 0.968378
7429.97998 0.969008
7430.70996 0.969823
7431.43018 0.970638
7432.16016 0.971457
7432.89014 0.972278
7433.60986 0.973092
7434.33008 0.97391
7435.04980 0.97472
7435.77979 0.97554
7436.50977 0.97636
7437.22998 0.977178
7437.95996 0.977997
7438.68994 0.978815
7439.39990 0.979625
7440.12988 0.980215
7440.85010 0.97977
7441.58008 0.979323
7442.31006 0.978875
7443.02979 0.978429
7443.75977 0.977981
7444.49023 0.977533
7445.20996 0.977091
7445.93018 0.976645
7446.66016 0.976195
7447.39014 0.975747
7448.12012 0.9753
7448.83984 0.974858
7449.56006 0.974411
7450.29004 0.974921
7451.02002 0.976845
7451.74023 0.978778
7452.47021 0.980701
7453.20020 0.982636
7453.93018 0.984571
7454.64990 0.986484
7455.37012 0.988419
7456.10010 0.990353
7456.83008 0.992288
7457.56006 0.994221
7458.27979 0.996133
7459.00977 0.998068
7459.74023 1.0
7460.45996 0.998438
7461.18994 0.994886
7461.91992 0.991332
7462.64990 0.9878
7463.37988 0.98425
7464.10010 0.980738
7464.83008 0.977184
7465.56006 0.973633
7466.27979 0.970082
7467.02002 0.96653
7467.74023 0.962977
7468.47021 0.959466
7469.20020 0.955913
7469.91992 0.952381
7470.64990 0.952606
7471.37988 0.953284
7472.10986 0.953958
7472.83984 0.954636
7473.56982 0.955313
7474.29004 0.955982
7475.02002 0.95666
7475.75000 0.957337
7476.47998 0.958015
7477.20996 0.958692
7477.93994 0.95936
7478.66992 0.960039
7479.39990 0.960716
7480.12012 0.961634
7480.85010 0.963757
7481.58008 0.96587
7482.31006 0.967997
7483.04004 0.97012
7483.77002 0.972222
7484.50000 0.974348
7485.22998 0.976474
7485.95996 0.9786
7486.68994 0.980723
7487.41992 0.982825
7488.14990 0.984949
7488.87988 0.987074
7489.60986 0.989188
7490.33984 0.989569
7491.06982 0.987926
7491.79980 0.986292
7492.52979 0.98465
7493.25977 0.983025
7493.99023 0.981383
7494.72021 0.97974
7495.45020 0.978098
7496.18994 0.976455
7496.91992 0.974812
7497.64014 0.97319
7498.37012 0.971548
7499.10010 0.969915
7499.83984 0.968274
7500.56982 0.966546
7501.29980 0.964801
7502.02979 0.963048
7502.75977 0.961315
7503.49023 0.959563
7504.22021 0.957809
7504.95020 0.956055
7505.68994 0.954303
7506.41992 0.95255
7507.14990 0.950816
7507.87988 0.949063
7508.60986 0.947318
7509.33984 0.945563
7510.08008 0.944226
7510.81006 0.946342
7511.54004 0.948473
7512.27979 0.950606
7513.00000 0.952712
7513.74023 0.954843
7514.47021 0.956972
7515.20020 0.959101
7515.93994 0.961231
7516.66016 0.963337
7517.39990 0.965466
7518.12988 0.967595
7518.85986 0.96971
7519.60010 0.971838
7520.33008 0.97232
7521.06006 0.970811
7521.79980 0.969303
7522.52979 0.967809
7523.25977 0.966297
7524.00000 0.964788
7524.72998 0.963278
7525.47021 0.961768
7526.18994 0.960273
7526.93018 0.958759
7527.66992 0.957247
7528.39990 0.955743
7529.12988 0.954231
7529.87012 0.952717
7530.60010 0.952082
7531.33984 0.951634
7532.06006 0.951192
7532.79980 0.950745
7533.54004 0.950298
7534.27002 0.94985
7535.00977 0.949402
7535.75000 0.948957
7536.47021 0.948514
7537.20996 0.948065
7537.93994 0.947621
7538.68018 0.947175
7539.41992 0.946728
7540.14990 0.946321
7540.89014 0.946059
7541.62012 0.945797
7542.35010 0.945537
7543.08984 0.945275
7543.81982 0.945013
7544.56006 0.944749
7545.29980 0.944486
7546.02979 0.944229
7546.77002 0.943965
7547.50000 0.943701
7548.24023 0.94344
7548.97998 0.943178
7549.70996 0.942916
7550.45020 0.941832
7551.18018 0.940212
7551.91016 0.93861
7552.64990 0.93699
7553.39014 0.93537
7554.12988 0.93375
7554.87012 0.932131
7555.60010 0.93053
7556.33008 0.928909
7557.06982 0.927288
7557.81006 0.925677
7558.54980 0.924058
7559.27979 0.922437
7560.02002 0.920885
7560.75977 0.921602
7561.49023 0.922311
7562.22998 0.923028
7562.97021 0.923745
7563.70020 0.924462
7564.43994 0.925179
7565.18018 0.925896
7565.91016 0.926605
7566.64990 0.92732
7567.39014 0.928031
7568.12988 0.928747
7568.87012 0.929463
7569.60010 0.930175
7570.33984 0.931168
7571.06982 0.932468
7571.81006 0.933784
7572.56006 0.935098
7573.29980 0.936412
7574.02979 0.937725
7574.77002 0.939042
7575.50977 0.94034
7576.25000 0.941652
7576.97998 0.942958
7577.72021 0.944273
7578.45996 0.945585
7579.20020 0.94689
7579.93994 0.9482
7580.68018 0.947299
7581.41016 0.946217
7582.16016 0.945121
7582.89990 0.944025
7583.64014 0.942931
7584.37988 0.941837
7585.10986 0.940754
7585.85010 0.939658
7586.58984 0.938564
7587.33008 0.937476
7588.06982 0.93638
7588.81006 0.93529
7589.54980 0.934195
7590.29004 0.933168
7591.02979 0.932254
7591.77002 0.931331
7592.50977 0.930407
7593.25000 0.929482
7593.99023 0.928556
7594.72998 0.927646
7595.47021 0.926722
7596.20996 0.925796
7596.95020 0.924877
7597.68994 0.923954
7598.43994 0.923031
7599.16992 0.922112
7599.91992 0.921189
7600.64990 0.923172
7601.39014 0.925554
7602.14014 0.927936
7602.87988 0.930317
7603.62012 0.932701
7604.37012 0.935083
7605.10010 0.937436
7605.83984 0.939819
7606.58008 0.942188
7607.33008 0.944571
7608.06982 0.946954
7608.81006 0.949324
7609.54980 0.951706
7610.29980 0.951778
7611.02979 0.948392
7611.77002 0.944967
7612.52002 0.941545
7613.25977 0.938122
7614.00977 0.934698
7614.74023 0.931317
7615.49023 0.927895
7616.22998 0.924471
7616.97021 0.921071
7617.72021 0.917651
7618.45996 0.914251
7619.20020 0.910834
7619.93994 0.907414
7620.68018 0.910443
7621.43018 0.914035
7622.16992 0.917629
7622.91016 0.92122
7623.66016 0.924813
7624.39990 0.928363
7625.14014 0.931954
7625.89014 0.935546
7626.62988 0.939116
7627.37012 0.942708
7628.12012 0.946296
7628.85986 0.949865
7629.60010 0.953454
7630.33984 0.955534
7631.08984 0.955928
7631.83008 0.95632
7632.58008 0.956713
7633.33008 0.957106
7634.06982 0.957499
7634.81006 0.957885
7635.56006 0.958277
7636.29980 0.958668
7637.04004 0.95906
7637.79004 0.959452
7638.52979 0.959841
7639.27979 0.960232
7640.02002 0.96062
7640.75977 0.960974
7641.50977 0.961329
7642.25977 0.961683
7643.00000 0.962037
7643.75000 0.962389
7644.49023 0.962738
7645.24023 0.963092
7645.97998 0.963441
7646.72998 0.963795
7647.47021 0.964148
7648.22021 0.964498
7648.95996 0.964848
7649.70996 0.965202
7650.45020 0.966137
7651.20020 0.967462
7651.95020 0.96879
7652.68994 0.970115
7653.43994 0.971439
7654.18018 0.97275
7654.93018 0.974076
7655.68018 0.975399
7656.41992 0.976715
7657.16992 0.978041
7657.91016 0.979358
7658.66016 0.980681
7659.41016 0.982006
7660.14990 0.98289
7660.89990 0.982099
7661.64990 0.981306
7662.39990 0.980513
7663.14990 0.979721
7663.89014 0.978937
7664.62988 0.978145
7665.37988 0.977353
7666.12988 0.976567
7666.87988 0.975774
7667.62988 0.974982
7668.37012 0.974195
7669.12012 0.973403
7669.85986 0.97262
7670.60986 0.972173
7671.35986 0.971801
7672.10986 0.971429
7672.85986 0.971058
7673.60986 0.970685
7674.35010 0.970318
7675.10010 0.969946
7675.85010 0.969575
7676.60010 0.969204
7677.35010 0.968833
7678.08984 0.968463
7678.83984 0.968091
7679.60010 0.967719
7680.33984 0.967519
7681.08984 0.967521
7681.83984 0.967526
7682.58984 0.967528
7683.33984 0.967531
7684.08008 0.967535
7684.83008 0.967535
7685.58008 0.967538
7686.33008 0.967542
7687.08008 0.967544
7687.83008 0.967546
7688.58008 0.967549
7689.33008 0.967551
7690.06982 0.967364
7690.83008 0.965455
7691.58008 0.963544
7692.33008 0.961636
7693.08008 0.959729
7693.81982 0.95784
7694.58008 0.955931
7695.33008 0.954023
7696.08008 0.952125
7696.83008 0.950217
7697.58008 0.948309
7698.33008 0.946412
7699.08008 0.944506
7699.81982 0.942621
7700.58008 0.942781
7701.33008 0.94357
7702.08008 0.944359
7702.83008 0.945147
7703.58984 0.945937
7704.33008 0.946717
7705.08008 0.947505
7705.83008 0.948287
7706.58984 0.949075
7707.33984 0.949862
7708.08984 0.950646
7708.83984 0.951433
7709.58984 0.952212
7710.33984 0.951931
7711.08984 0.950353
7711.85010 0.948774
7712.60010 0.947195
7713.35010 0.945617
7714.10010 0.944055
7714.85010 0.942478
7715.60010 0.94091
7716.35986 0.939333
7717.10986 0.937757
7717.85986 0.936188
7718.60986 0.934612
7719.37012 0.933036
7720.10986 0.931845
7720.87012 0.932667
7721.62012 0.933488
7722.37988 0.934309
7723.12988 0.93513
7723.87988 0.935942
7724.64014 0.936761
7725.39014 0.937581
7726.14014 0.938396
7726.89990 0.939215
7727.64990 0.94003
7728.39990 0.940849
7729.16016 0.941667
7729.89990 0.942477
7730.66016 0.940771
7731.41016 0.938696
7732.16992 0.93662
7732.93018 0.934543
7733.66992 0.932491
7734.43018 0.930417
7735.18018 0.928343
7735.93994 0.92628
7736.68994 0.924205
7737.45020 0.922133
7738.20020 0.920071
7738.95996 0.917999
7739.70020 0.91595
7740.45996 0.915389
7741.22021 0.915802
7741.97021 0.916214
7742.72998 0.916629
7743.49023 0.917042
7744.22998 0.91745
7744.99023 0.917863
7745.74023 0.918274
7746.50000 0.918686
7747.25977 0.919099
7748.00977 0.91951
7748.77002 0.919924
7749.52002 0.920336
7750.27002 0.920768
7751.02979 0.921247
7751.79004 0.92173
7752.54980 0.92221
7753.29980 0.92269
7754.04980 0.923164
7754.81006 0.923644
7755.56982 0.924124
7756.31982 0.924602
7757.08008 0.925081
7757.83008 0.925556
7758.58984 0.926036
7759.35010 0.926516
7760.10010 0.926705
7760.85986 0.925029
7761.62012 0.923353
7762.37988 0.921678
7763.12988 0.920003
7763.87988 0.918349
7764.64014 0.916676
7765.39990 0.915004
7766.16016 0.913344
7766.91016 0.911675
7767.66992 0.910005
7768.43018 0.908346
7769.18994 0.90668
7769.93994 0.905031
7770.70020 0.904386
7771.45996 0.90383
7772.22021 0.903274
7772.97998 0.902717
7773.74023 0.902161
7774.49023 0.901611
7775.25000 0.901054
7776.00000 0.900501
7776.75977 0.899944
7777.52002 0.899388
7778.27979 0.898834
7779.04004 0.898277
7779.79004 0.897726
7780.54980 0.896887
7781.31006 0.89594
7782.06982 0.894994
7782.83008 0.894047
7783.58984 0.893098
7784.33984 0.89216
7785.10010 0.891213
7785.85986 0.89027
7786.62012 0.889324
7787.37988 0.888376
7788.14014 0.887434
7788.89990 0.886487
7789.66016 0.885539
7790.41016 0.885708
7791.18018 0.886794
7791.93994 0.887878
7792.70020 0.888963
7793.45996 0.890049
7794.20996 0.891121
7794.97998 0.892205
7795.74023 0.893289
7796.49023 0.894368
7797.25977 0.895452
7798.00977 0.896529
7798.77002 0.897613
7799.54004 0.898696
7800.29004 0.899312
7801.04980 0.899207
7801.81982 0.899102
7802.58008 0.898997
7803.33984 0.898892
7804.10010 0.898788
7804.85986 0.898684
7805.62012 0.898577
7806.37988 0.898472
7807.14014 0.898367
7807.89990 0.898262
7808.66016 0.898157
7809.43018 0.898051
7810.18018 0.897987
7810.93994 0.898054
7811.70996 0.898122
7812.47021 0.898189
7813.22998 0.898257
7814.00000 0.898323
7814.75000 0.898391
7815.52002 0.898458
7816.27979 0.898524
7817.04004 0.898589
7817.79980 0.898657
7818.56006 0.898723
7819.33008 0.898788
7820.08984 0.898887
7820.85010 0.899233
7821.60986 0.899582
7822.37988 0.899932
7823.14014 0.900281
7823.89990 0.900629
7824.66016 0.900976
7825.43018 0.901325
7826.18994 0.901672
7826.95020 0.902019
7827.72021 0.902366
7828.47998 0.902712
7829.24023 0.903059
7830.00977 0.903405
7830.75977 0.903605
7831.52979 0.903807
7832.29004 0.904009
7833.06006 0.904208
7833.81982 0.90441
7834.58008 0.904606
7835.35010 0.904806
7836.10986 0.905006
7836.87012 0.905203
7837.64014 0.905402
7838.41016 0.905602
7839.16992 0.9058
7839.93018 0.905998
7840.68994 0.906425
7841.45996 0.906879
7842.22021 0.907332
7842.99023 0.907785
7843.75977 0.908239
7844.52002 0.908693
7845.27979 0.909142
7846.04980 0.909595
7846.81006 0.910045
7847.58008 0.910498
7848.33984 0.910951
7849.10986 0.911401
7849.87012 0.911852
7850.62988 0.911807
7851.39990 0.911662
7852.16992 0.911515
7852.93018 0.91137
7853.70020 0.911225
7854.47021 0.911077
7855.22998 0.910932
7855.99023 0.910786
7856.75977 0.910639
7857.52979 0.910492
7858.29004 0.910345
7859.06006 0.910198
7859.83008 0.910051
7860.58984 0.911067
7861.35010 0.912409
7862.12012 0.913764
7862.89014 0.915122
7863.66016 0.916476
7864.43018 0.917831
7865.18994 0.919171
7865.95996 0.920525
7866.72021 0.921879
7867.49023 0.923225
7868.25977 0.924579
7869.02002 0.925924
7869.79004 0.927276
7870.56006 0.927071
7871.31982 0.926294
7872.08984 0.925507
7872.85986 0.92472
7873.62988 0.923934
7874.39990 0.923149
7875.16016 0.922371
7875.93018 0.921587
7876.70020 0.920801
7877.45996 0.920019
7878.22998 0.919234
7879.00000 0.918449
7879.77002 0.917668
7880.54004 0.917419
7881.29980 0.9174
7882.06982 0.917381
7882.83984 0.91736
7883.60986 0.917341
7884.37988 0.917321
7885.14990 0.917301
7885.91016 0.917282
7886.68018 0.917262
7887.45020 0.917241
7888.22021 0.917221
7888.99023 0.9172
7889.75977 0.91718
7890.52979 0.917349
7891.29980 0.917602
7892.06006 0.917852
7892.83984 0.918106
7893.60986 0.91836
7894.37988 0.918614
7895.14990 0.918868
7895.91016 0.919116
7896.68018 0.919369
7897.45020 0.919623
7898.22021 0.919874
7898.99023 0.920125
7899.75977 0.920376
7900.52979 0.920311
7901.31006 0.920103
7902.06982 0.919899
7902.83984 0.919691
7903.60986 0.919483
7904.39014 0.919276
7905.16016 0.919069
7905.91992 0.918866
7906.68994 0.918658
7907.47021 0.91845
7908.24023 0.918244
7909.00977 0.918037
7909.77979 0.917829
7910.54980 0.918175
7911.31982 0.918743
7912.08984 0.919304
7912.85986 0.91987
7913.62988 0.920438
7914.41016 0.921005
7915.18018 0.921571
7915.95020 0.922136
7916.72021 0.922695
7917.49023 0.923261
7918.25977 0.923822
7919.04004 0.924384
