threeML/data/optical_filters/HST/ACS_HRC-F250W.ecsv
# %ECSV 0.9
# ---
# datatype:
# - {name: wavelength, unit: Angstrom, datatype: float32}
# - {name: response, datatype: float32}
# meta: !!omap
# - {band_name: F250W}
# - {group_name: ACS_HRC}
wavelength response
[from data line 2392]
3198.77002 0.202633
3199.31006 0.201885
3199.85010 0.201153
3200.38989 0.20048
3200.92993 0.199852
3201.46997 0.199225
3202.01001 0.198597
3202.55005 0.19797
3203.09009 0.197343
3203.63989 0.196712
3204.17993 0.196081
3204.71997 0.19545
3205.26001 0.19482
3205.80005 0.194187
3206.34009 0.193553
3206.87988 0.192921
3207.42993 0.192284
3207.96997 0.191648
3208.51001 0.191012
3209.05005 0.190379
3209.59009 0.189742
3210.13989 0.189105
3210.67993 0.188467
3211.21997 0.187832
3211.76001 0.187193
3212.31006 0.186553
3212.85010 0.185912
3213.38989 0.18527
3213.92993 0.184632
3214.47998 0.18399
3215.02002 0.183347
3215.56006 0.182702
3216.11011 0.182057
3216.64990 0.181413
3217.18994 0.180767
3217.73999 0.180125
3218.28003 0.179478
3218.82007 0.17883
3219.37012 0.178181
3219.90991 0.177534
3220.44995 0.176883
3221.00000 0.176233
3221.54004 0.175581
3222.09009 0.174929
3222.62988 0.174277
3223.17993 0.173623
3223.71997 0.172971
3224.26001 0.172315
3224.81006 0.171659
3225.35010 0.171002
3225.89990 0.170344
3226.44995 0.169686
3226.98999 0.169029
3227.53003 0.16837
3228.08008 0.167711
3228.62988 0.16705
3229.16992 0.16639
3229.70996 0.16573
3230.26001 0.165071
3230.81006 0.164413
3231.35010 0.163758
3231.89990 0.163099
3232.43994 0.16244
3232.98999 0.161782
3233.53003 0.161123
3234.08008 0.160462
3234.62988 0.1598
3235.17993 0.159137
3235.71997 0.158476
3236.27002 0.157811
3236.82007 0.157144
3237.36011 0.156478
3237.90991 0.155816
3238.44995 0.155149
3239.00000 0.154481
3239.55005 0.153815
3240.09009 0.153192
3240.63989 0.152782
3241.18994 0.152371
3241.73999 0.151959
3242.29004 0.151548
3242.83008 0.151138
3243.37988 0.150726
3243.92993 0.150313
3244.47998 0.149899
3245.03003 0.149485
3245.57007 0.149071
3246.12012 0.148656
3246.66992 0.148242
3247.21997 0.147827
3247.77002 0.147412
3248.32007 0.146996
3248.86011 0.146579
3249.40991 0.146162
3249.95996 0.145745
3250.51001 0.145333
3251.06006 0.144921
3251.61011 0.14451
3252.15991 0.144098
3252.70996 0.143684
3253.26001 0.14327
3253.80005 0.142857
3254.36011 0.142443
3254.90991 0.142027
3255.45996 0.141611
3256.01001 0.141197
3256.56006 0.140779
3257.11011 0.140362
3257.65991 0.139946
3258.20996 0.139528
3258.76001 0.139109
3259.31006 0.13869
3259.86011 0.13827
3260.40991 0.137848
3260.95996 0.137422
3261.51001 0.136994
3262.06006 0.136567
3262.61011 0.136142
3263.15991 0.135714
3263.70996 0.135285
3264.26001 0.134855
3264.82007 0.134426
3265.37012 0.133996
3265.91992 0.133565
3266.46997 0.133135
3267.02002 0.132705
3267.57007 0.132273
3268.12988 0.131841
3268.67993 0.131407
3269.22998 0.130977
3269.78003 0.130544
3270.33008 0.13011
3270.88989 0.129676
3271.43994 0.129242
3271.98999 0.128809
3272.54004 0.128375
3273.10010 0.127939
3273.64990 0.127503
3274.19995 0.127067
3274.76001 0.12663
3275.31006 0.126192
3275.86011 0.125757
3276.41992 0.125319
3276.96997 0.124879
3277.53003 0.12444
3278.08008 0.124002
3278.62988 0.123562
3279.17993 0.123123
3279.73999 0.122682
3280.29004 0.122369
3280.85010 0.122138
3281.39990 0.121917
3281.94995 0.121697
3282.51001 0.121475
3283.06006 0.121254
3283.62012 0.121033
3284.16992 0.12081
3284.72998 0.120589
3285.28003 0.120366
3285.84009 0.120143
3286.38989 0.11992
3286.94995 0.119698
3287.50000 0.119474
3288.06006 0.11925
3288.61011 0.119026
3289.16992 0.118801
3289.71997 0.118579
3290.28003 0.118354
3290.84009 0.118129
3291.38989 0.117903
3291.94995 0.117678
3292.50000 0.117453
3293.06006 0.117227
3293.62012 0.117
3294.16992 0.116773
3294.72998 0.116546
3295.29004 0.116319
3295.84009 0.116091
3296.39990 0.115865
3296.95996 0.115637
3297.51001 0.115409
3298.07007 0.11518
3298.62988 0.114951
3299.17993 0.114723
3299.73999 0.114495
3300.30005 0.114267
3300.86011 0.114042
3301.40991 0.113816
3301.96997 0.11359
3302.53003 0.113364
3303.09009 0.113138
3303.63989 0.11291
3304.19995 0.112683
3304.76001 0.112456
3305.32007 0.112229
3305.87988 0.112001
3306.43994 0.111773
3307.00000 0.111543
3307.55005 0.111315
3308.11011 0.111086
3308.66992 0.110857
3309.22998 0.110628
3309.79004 0.110398
3310.35010 0.110166
3310.90991 0.109933
3311.46997 0.109699
3312.03003 0.109466
3312.58008 0.109232
3313.13989 0.108997
3313.69995 0.108762
3314.26001 0.108527
3314.82007 0.108291
3315.37988 0.108056
3315.93994 0.107821
3316.51001 0.107584
3317.06006 0.107348
3317.62012 0.107112
3318.18994 0.106875
3318.73999 0.106639
3319.31006 0.106401
3319.87012 0.106164
3320.42993 0.105563
3320.98999 0.104862
3321.55005 0.104155
3322.11011 0.103448
3322.66992 0.102738
3323.22998 0.102027
3323.79004 0.101315
3324.35010 0.100605
3324.91992 0.0998901
3325.47998 0.099176
3326.04004 0.098466
3326.60010 0.0977508
3327.16992 0.0970324
3327.72998 0.0963178
3328.29004 0.0956004
3328.85010 0.0948826
3329.40991 0.0941635
3329.97998 0.0934462
3330.54004 0.0927285
3331.10010 0.0920076
3331.65991 0.0912858
3332.22998 0.0905657
3332.79004 0.0898447
3333.35010 0.089121
3333.90991 0.0883964
3334.47998 0.0876709
3335.04004 0.0869469
3335.60010 0.08622
3336.16992 0.0854923
3336.72998 0.0847666
3337.30005 0.0840375
3337.86011 0.0833077
3338.41992 0.082577
3338.98999 0.0818454
3339.55005 0.0811158
3340.11011 0.0803853
3340.67993 0.0796506
3341.23999 0.0789152
3341.81006 0.0781818
3342.37012 0.0774471
3342.92993 0.0767097
3343.50000 0.0759715
3344.07007 0.0752323
3344.62988 0.0744951
3345.19995 0.0737523
3345.76001 0.0730111
3346.32007 0.0722742
3346.88989 0.0715316
3347.45996 0.0707883
3348.02002 0.070044
3348.59009 0.0692995
3349.14990 0.0685565
3349.71997 0.0678102
3350.28003 0.0670667
3350.85010 0.0663213
3351.41992 0.0655749
3351.97998 0.0648278
3352.55005 0.0640847
3353.11011 0.0633362
3353.67993 0.0625866
3354.25000 0.0618367
3354.82007 0.0610855
3355.37988 0.060334
3355.94995 0.0595863
3356.51001 0.0588327
3357.08008 0.0580785
3357.64990 0.0573236
3358.21997 0.0565682
3358.78003 0.0558118
3359.35010 0.0550543
3359.91992 0.0543249
3360.48999 0.0540114
3361.05005 0.0538017
3361.62012 0.0535918
3362.18994 0.0533815
3362.76001 0.0531726
3363.32007 0.0529621
3363.88989 0.0527514
3364.45996 0.0525404
3365.03003 0.0523305
3365.60010 0.0521183
3366.16992 0.0519065
3366.73999 0.0516946
3367.30005 0.0514831
3367.87012 0.0512708
3368.43994 0.0510583
3369.01001 0.0508455
3369.58008 0.0506331
3370.14990 0.0504198
3370.71997 0.0502066
3371.29004 0.0499925
3371.86011 0.0497791
3372.42993 0.0495645
3372.98999 0.0493504
3373.57007 0.0491355
3374.13989 0.0489203
3374.69995 0.0487059
3375.28003 0.0484903
3375.85010 0.0482737
3376.40991 0.0480591
3376.98999 0.0478429
3377.56006 0.0476264
3378.12988 0.0474097
3378.69995 0.0471927
3379.27002 0.0469756
3379.84009 0.0467583
3380.40991 0.0465423
3380.97998 0.0463263
3381.55005 0.0461093
3382.12012 0.0458921
3382.69995 0.0456749
3383.27002 0.0454573
3383.84009 0.0452408
3384.40991 0.0450227
3384.97998 0.0448044
3385.55005 0.044586
3386.12012 0.0443681
3386.69995 0.044149
3387.27002 0.0439304
3387.84009 0.043711
3388.40991 0.0434913
3388.98999 0.0432714
3389.56006 0.0430512
3390.12988 0.0428322
3390.69995 0.0426113
3391.28003 0.0423903
3391.85010 0.0421692
3392.41992 0.0419477
3392.98999 0.0417268
3393.57007 0.0415055
3394.13989 0.0412834
3394.70996 0.041061
3395.29004 0.0408391
3395.86011 0.0406162
3396.42993 0.0403932
3397.01001 0.0401698
3397.58008 0.039947
3398.15991 0.0397232
3398.72998 0.0394991
3399.30005 0.0392749
3399.87988 0.0390512
3400.44995 0.0388792
3401.03003 0.0387208
3401.60010 0.038563
3402.17993 0.0384044
3402.75000 0.0382462
3403.33008 0.0380874
3403.89990 0.0379285
3404.46997 0.0377698
3405.05005 0.0376104
3405.62988 0.0374509
3406.19995 0.0372918
3406.77002 0.0371325
3407.35010 0.0369725
3407.92993 0.0368124
3408.50000 0.0366522
3409.08008 0.0364923
3409.65991 0.0363311
3410.22998 0.0361705
3410.81006 0.0360102
3411.37988 0.0358506
3411.95996 0.0356898
3412.54004 0.0355288
3413.11011 0.0353676
3413.68994 0.0352074
3414.26001 0.035046
3414.84009 0.0348844
3415.41992 0.0347227
3416.00000 0.0345608
3416.57007 0.0343998
3417.14990 0.034237
3417.72998 0.0340746
3418.30005 0.0339119
3418.87988 0.0337497
3419.45996 0.0335868
3420.04004 0.0334238
3420.61011 0.033262
3421.18994 0.0330994
3421.77002 0.0329371
3422.35010 0.0327742
3422.92993 0.0326111
3423.50000 0.0324484
3424.08008 0.0322849
3424.65991 0.0321212
3425.23999 0.031958
3425.82007 0.0317946
3426.39990 0.0316304
3426.96997 0.031466
3427.56006 0.0313011
3428.12988 0.0311375
3428.70996 0.0309726
3429.29004 0.0308076
3429.87012 0.0306424
3430.44995 0.0304768
3431.03003 0.0303109
3431.61011 0.0301453
3432.18994 0.0299791
3432.77002 0.0298133
3433.35010 0.0296468
3433.92993 0.0294801
3434.51001 0.0293137
3435.09009 0.0291472
3435.66992 0.02898
3436.25000 0.0288126
3436.83008 0.028645
3437.40991 0.0284773
3437.98999 0.0283105
3438.57007 0.0281424
3439.14990 0.0279741
3439.72998 0.0278057
3440.32007 0.0276806
3440.89990 0.0275802
3441.47998 0.0274838
3442.06006 0.027388
3442.63989 0.0272915
3443.21997 0.0271949
3443.80005 0.0270981
3444.37988 0.027002
3444.95996 0.0269051
3445.55005 0.026808
3446.12988 0.0267109
3446.70996 0.0266137
3447.29004 0.026517
3447.87012 0.0264196
3448.45996 0.0263221
3449.04004 0.0262245
3449.62012 0.0261268
3450.20996 0.0260289
3450.79004 0.0259307
3451.37012 0.0258328
3451.95996 0.0257345
3452.54004 0.0256361
3453.12012 0.0255377
3453.69995 0.0254393
3454.29004 0.0253409
3454.87012 0.025242
3455.45996 0.0251431
3456.04004 0.0250441
3456.62012 0.0249452
3457.19995 0.0248463
3457.79004 0.024747
3458.37012 0.0246476
3458.95996 0.0245483
3459.54004 0.0244487
3460.12988 0.024349
3460.70996 0.0242499
3461.30005 0.024151
3461.87988 0.0240513
3462.46997 0.0239519
3463.05005 0.023853
3463.63989 0.0237533
3464.21997 0.0236535
3464.81006 0.0235536
3465.38989 0.0234536
3465.96997 0.0233541
3466.56006 0.0232539
3467.14990 0.0231536
3467.72998 0.0230532
3468.32007 0.0229533
3468.89990 0.0228526
3469.48999 0.0227519
3470.08008 0.0226509
3470.65991 0.0225492
3471.25000 0.0224473
3471.84009 0.0223453
3472.41992 0.0222434
3819.66187 0.0
