threeML/data/optical_filters/HST/ACS_WFC-F814W_77.ecsv
# %ECSV 0.9
# ---
# datatype:
# - {name: wavelength, unit: Angstrom, datatype: float32}
# - {name: response, datatype: float32}
# meta: !!omap
# - {band_name: F814W_77}
# - {group_name: ACS_WFC}
wavelength response
6105.10498 0.0
6783.45020 0.00198773
6784.12012 0.00202731
6784.77979 0.00206694
6785.43994 0.00210613
6786.10010 0.00214577
6786.75977 0.00218542
6787.41992 0.00222484
6788.08984 0.00226454
6788.75000 0.00230421
6789.41016 0.00234369
6790.06982 0.0023834
6790.72998 0.00242261
6791.39014 0.00246226
6792.06006 0.00250192
6792.72021 0.00254158
6793.37988 0.00258128
6794.04980 0.00262098
6794.70020 0.00266022
6795.37012 0.00269994
6796.02979 0.00273943
6796.68994 0.00277915
6797.35986 0.00281891
6798.02002 0.00285842
6798.68018 0.0028982
6799.35010 0.00293798
6800.00000 0.00297729
6800.66992 0.00301707
6801.33008 0.00305686
6802.00000 0.00309664
6802.66016 0.00313623
6803.31982 0.00317583
6803.97998 0.00321564
6804.64990 0.00325548
6805.31006 0.00329509
6805.97021 0.00333494
6806.64014 0.00337459
6807.29980 0.00341446
6807.97021 0.00345433
6808.62012 0.0034938
6809.29004 0.00353368
6809.95020 0.00357359
6810.62012 0.00361344
6811.27979 0.00365329
6811.93994 0.0036927
6812.60986 0.00373256
6813.27002 0.00377245
6813.93994 0.00381211
6814.60010 0.00385198
6815.27002 0.00389188
6815.93018 0.00393158
6816.60010 0.00397149
6817.25977 0.00401096
6817.91992 0.00405088
6818.58984 0.0040908
6819.25000 0.00413076
6819.91992 0.00417072
6820.58008 0.00421066
6821.25000 0.00425065
6821.91016 0.00429087
6822.58008 0.00433086
6823.24023 0.00437113
6823.91016 0.00441137
6824.56982 0.00445141
6825.24023 0.0044917
6825.91016 0.004532
6826.56982 0.00457186
6827.22998 0.00461217
6827.89990 0.00465253
6828.56982 0.00469286
6829.22998 0.00473323
6829.89990 0.00477313
6830.56006 0.00481345
6831.22998 0.00485377
6831.89014 0.0048939
6832.56006 0.00493423
6833.22998 0.00497437
6833.89014 0.00501472
6834.56006 0.00505511
6835.22021 0.00509506
6835.89014 0.00513546
6836.56006 0.00517587
6837.22998 0.00521629
6837.89014 0.00525671
6838.54980 0.00529669
6839.22021 0.00533716
6839.89014 0.00537764
6840.56006 0.00541762
6841.22021 0.00545777
6841.89014 0.00549793
6842.56006 0.00553788
6843.22998 0.00557805
6843.89014 0.0056178
6844.56006 0.00565797
6845.22998 0.00569817
6845.89014 0.00573838
6846.56006 0.00577858
6847.22021 0.00581835
6847.89014 0.00585857
6848.56006 0.00589881
6849.22998 0.00593883
6849.89990 0.00597906
6850.56982 0.00601958
6851.22998 0.00605991
6851.89990 0.00610049
6852.56006 0.00614062
6853.22998 0.00618124
6853.89990 0.00622184
6854.56982 0.00626247
6855.24023 0.00630311
6855.91016 0.00634375
6856.56982 0.00638393
6857.25000 0.00642462
6857.91016 0.00646505
6858.58008 0.00650575
6859.25000 0.00654643
6859.91992 0.00658694
6860.58984 0.00662788
6861.25977 0.00666892
6861.91992 0.00670946
6862.58984 0.00675052
6863.25977 0.00679157
6863.93994 0.00683266
6864.60010 0.00687372
6865.27002 0.00691437
6865.93994 0.00695547
6866.60986 0.0069966
6867.27979 0.0070375
6867.95020 0.00707867
6868.62012 0.00711961
6869.29004 0.00716078
6869.95996 0.00720198
6870.62012 0.0072424
6871.29004 0.00728325
6871.97021 0.0073241
6872.64014 0.00736496
6873.31006 0.00740587
6873.97021 0.00744631
6874.64990 0.00748722
6875.31982 0.0075281
6875.97998 0.00756883
6876.66016 0.00760976
6877.33008 0.00765069
6878.00000 0.00769143
6878.66992 0.00773236
6879.33008 0.00777289
6880.00977 0.00781386
6880.68018 0.00792148
6881.35010 0.00821412
6882.02002 0.00850701
6882.68994 0.00879806
6883.35986 0.00908937
6884.02979 0.00938243
6884.70020 0.00967385
6885.37988 0.00996681
6886.04980 0.01026
6886.72021 0.0105518
6887.39014 0.0108452
6888.06006 0.0111387
6888.72998 0.011429
6889.39990 0.0117225
6890.06982 0.0120232
6890.75000 0.0123794
6891.41992 0.0127357
6892.08984 0.0130882
6892.75977 0.0134446
6893.43994 0.0138012
6894.10010 0.0141559
6894.77979 0.0145123
6895.45020 0.0148673
6896.12012 0.0152241
6896.79980 0.015581
6897.45996 0.015934
6898.14014 0.0162909
6898.81006 0.0166482
6899.47998 0.0170052
6900.16016 0.0174109
6900.83008 0.0179681
6901.50000 0.0185314
6902.16992 0.0190949
6902.85010 0.0196555
6903.52002 0.0202191
6904.18994 0.0207831
6904.85986 0.021344
6905.54004 0.0219082
6906.20996 0.022466
6906.87988 0.0230304
6907.56006 0.0235952
6908.22998 0.0241598
6908.91016 0.0247248
6909.58008 0.0252895
6910.25000 0.0259004
6910.93018 0.0266058
6911.60010 0.0273073
6912.27002 0.0280131
6912.95020 0.0287197
6913.62012 0.0294224
6914.29980 0.030129
6914.95996 0.030828
6915.64014 0.0315356
6916.31006 0.0322434
6916.99023 0.0329519
6917.66992 0.0336601
6918.33984 0.034365
6919.00977 0.0350701
6919.68994 0.035779
6920.35986 0.036596
6921.04004 0.0375157
6921.70996 0.0384361
6922.39014 0.0393507
6923.06006 0.0402713
6923.74023 0.0411914
6924.41016 0.0421016
6925.08008 0.0430225
6925.75977 0.0439436
6926.43994 0.0448647
6927.10986 0.0457859
6927.77979 0.0466972
6928.45996 0.0476194
6929.14014 0.0485409
6929.81006 0.0494579
6930.49023 0.0505586
6931.16016 0.0517219
6931.83984 0.052893
6932.52002 0.0540632
6933.18994 0.0552208
6933.85986 0.0563911
6934.54004 0.0575624
6935.22021 0.0587337
6935.89990 0.0599051
6936.56982 0.061063
6937.24023 0.0622353
6937.91992 0.0634068
6938.60010 0.0645726
6939.27002 0.0657451
6939.95020 0.0669169
6940.62988 0.0682737
6941.31006 0.069654
6941.97998 0.0710178
6942.64990 0.0723978
6943.33008 0.0737791
6944.00977 0.0751607
6944.68994 0.0765415
6945.37012 0.0779237
6946.04004 0.0792912
6946.72021 0.080674
6947.39014 0.0820491
6948.06982 0.0834333
6948.75000 0.084817
6949.43018 0.0861939
6950.10986 0.0876295
6950.77979 0.0893385
6951.45996 0.0910277
6952.14014 0.0927377
6952.81006 0.0944466
6953.49023 0.0961565
6954.16992 0.0978554
6954.85010 0.0995557
6955.52979 0.101266
6956.20996 0.102975
6956.87988 0.104677
6957.56006 0.106387
6958.24023 0.108088
6958.91992 0.109798
6959.60010 0.111509
6960.27002 0.113239
6960.95020 0.11505
6961.62988 0.11686
6962.31006 0.118671
6962.99023 0.120482
6963.66016 0.122273
6964.35010 0.124084
6965.02002 0.125895
6965.70020 0.127697
6966.37988 0.129509
6967.06006 0.131321
6967.74023 0.133122
6968.41992 0.134935
6969.10010 0.136728
6969.77979 0.138541
6970.45996 0.140547
6971.14014 0.142646
6971.81982 0.144747
6972.49023 0.146823
6973.16992 0.148925
6973.85010 0.151026
6974.52979 0.153117
6975.22021 0.15522
6975.89990 0.157324
6976.56982 0.159416
6977.25977 0.16152
6977.93018 0.163602
6978.60986 0.165706
6979.29004 0.167812
6979.97998 0.169918
6980.66016 0.172304
6981.33984 0.174705
6982.02002 0.177077
6982.70020 0.179477
6983.37988 0.181866
6984.06006 0.184269
6984.74023 0.186672
6985.41992 0.189063
6986.10010 0.191467
6986.77979 0.193873
6987.45996 0.196252
6988.14014 0.19866
6988.83008 0.201067
6989.50977 0.203477
6990.18994 0.205333
6990.87012 0.205765
6991.54980 0.206201
6992.22998 0.206638
6992.91016 0.207072
6993.60010 0.20751
6994.27979 0.207944
6994.95996 0.208381
6995.64014 0.208818
6996.31982 0.209251
6997.00000 0.209688
6997.68994 0.210125
6998.37012 0.210563
6999.04980 0.211
6999.72998 0.211433
7000.41016 0.213437
7001.10010 0.216458
7001.77979 0.219464
7002.45996 0.222486
7003.14990 0.225507
7003.83008 0.228513
7004.50977 0.231537
7005.18994 0.234525
7005.87012 0.237549
7006.56006 0.240572
7007.24023 0.243595
7007.93018 0.24662
7008.60986 0.249643
7009.29004 0.252634
7009.97998 0.255659
7010.66016 0.258068
7011.33984 0.260469
7012.02979 0.26287
7012.70996 0.265258
7013.39014 0.267659
7014.08008 0.270061
7014.75977 0.272437
7015.43994 0.274839
7016.12988 0.277242
7016.81006 0.279645
7017.50000 0.28205
7018.18018 0.284426
7018.85986 0.28683
7019.54980 0.289236
7020.22998 0.291915
7020.91992 0.295176
7021.60010 0.298419
7022.27979 0.30168
7022.97021 0.304942
7023.64990 0.308169
7024.33984 0.311434
7025.02002 0.3147
7025.70996 0.317965
7026.39990 0.321231
7027.06982 0.32446
7027.75977 0.327729
7028.45020 0.330996
7029.12988 0.334247
7029.81982 0.337517
7030.50977 0.340475
7031.18994 0.343305
7031.87988 0.346151
7032.56006 0.348966
7033.24023 0.351815
7033.93018 0.354664
7034.62012 0.357511
7035.29980 0.360361
7035.97998 0.363179
7036.66992 0.366031
7037.35986 0.368881
7038.04004 0.371716
7038.72998 0.37457
7039.41992 0.377423
7040.10010 0.380258
7040.79004 0.383094
7041.47021 0.385899
7042.16016 0.388736
7042.85010 0.391575
7043.54004 0.394411
7044.22021 0.397249
7044.91016 0.400088
7045.58984 0.402894
7046.27979 0.405733
7046.97021 0.408556
7047.64990 0.411394
7048.33984 0.414235
7049.02979 0.41706
7049.72021 0.419898
7050.41016 0.422618
7051.08984 0.425225
7051.77979 0.427864
7052.47021 0.430501
7053.14990 0.433138
7053.83984 0.435776
7054.52979 0.438386
7055.22021 0.441025
7055.89990 0.443664
7056.58984 0.446289
7057.27979 0.448929
7057.97021 0.451555
7058.64990 0.454194
7059.35010 0.456836
7060.02979 0.459461
7060.72021 0.462433
7061.41016 0.465403
7062.10010 0.468374
7062.79004 0.471347
7063.47021 0.474283
7064.16016 0.477255
7064.85010 0.480228
7065.54004 0.483183
7066.22998 0.486155
7066.91992 0.489126
7067.60010 0.49208
7068.29980 0.495053
7068.97998 0.497992
7069.66992 0.500962
7070.35986 0.503845
7071.04980 0.506645
7071.74023 0.509448
7072.43018 0.512234
7073.12012 0.515019
7073.81006 0.517822
7074.49023 0.520609
7075.18994 0.523413
7075.87988 0.526218
7076.56006 0.529006
7077.25977 0.53181
7077.95020 0.534617
7078.62988 0.53739
7079.31982 0.540197
7080.02002 0.542998
7080.70996 0.54552
7081.39990 0.548042
7082.08008 0.550536
7082.77979 0.553059
7083.47021 0.555583
7084.16016 0.558092
7084.85010 0.560617
7085.54004 0.563126
7086.22998 0.565653
7086.91992 0.568179
7087.60986 0.570675
7088.29980 0.573203
7088.99023 0.575729
7089.68994 0.578257
7090.37988 0.580368
7091.06006 0.582113
7091.75977 0.583878
7092.45020 0.585644
7093.14014 0.587399
7093.83008 0.589164
7094.52002 0.590928
7095.20996 0.592684
7095.91016 0.594449
7096.58984 0.596195
7097.29004 0.59796
7097.97998 0.599724
7098.66992 0.601489
7099.37012 0.603254
7100.06006 0.605082
7100.75000 0.607552
7101.43994 0.610049
7102.12988 0.612534
7102.81982 0.615032
7103.52002 0.617531
7104.20996 0.620014
7104.89990 0.622512
7105.58984 0.624982
7106.27979 0.627481
7106.97998 0.629978
7107.66992 0.632478
7108.37012 0.634977
7109.06006 0.637462
7109.75000 0.639947
7110.43994 0.641688
7111.14014 0.642996
7111.83008 0.644311
7112.52002 0.645626
7113.22021 0.646935
7113.91016 0.64825
7114.60986 0.649566
7115.29004 0.650868
7115.99023 0.652184
7116.68994 0.653501
7117.37988 0.654818
7118.08008 0.656134
7118.75977 0.657437
7119.45996 0.658753
7120.14990 0.660251
7120.85010 0.662365
7121.54004 0.664491
7122.22998 0.666606
7122.93018 0.668733
7123.62988 0.670862
7124.31006 0.672965
7125.00977 0.675093
7125.70996 0.677223
7126.39990 0.679352
7127.10010 0.681481
7127.79004 0.683589
7128.49023 0.685718
7129.18018 0.687849
7129.87988 0.689969
7130.56982 0.691303
7131.27002 0.692463
7131.95996 0.693617
7132.66016 0.694777
7133.35010 0.695925
7134.04980 0.697085
7134.74023 0.698245
7135.43994 0.699405
7136.14014 0.700565
7136.83008 0.701726
7137.52002 0.702875
7138.22021 0.704035
7138.91016 0.70519
7139.60986 0.70635
7140.31006 0.708022
7141.00000 0.710317
7141.70020 0.712626
7142.39990 0.714935
7143.08984 0.717219
7143.79004 0.71953
7144.49023 0.72184
7145.18994 0.724149
7145.87988 0.72646
7146.56982 0.728743
7147.27002 0.731053
7147.97021 0.733365
7148.66016 0.735663
7149.35986 0.737975
7150.06006 0.740115
7150.75977 0.740527
7151.45996 0.740938
7152.14990 0.741345
7152.85010 0.741757
7153.54004 0.742168
7154.24023 0.74258
7154.93994 0.742991
7155.62988 0.743398
7156.33008 0.743809
7157.02979 0.744222
7157.72998 0.74463
7158.43018 0.74504
7159.12988 0.74545
7159.81982 0.74586
7160.52002 0.746922
7161.20996 0.74819
7161.91016 0.749472
7162.60986 0.750754
7163.31006 0.752038
7164.00977 0.753322
7164.70996 0.754605
7165.41016 0.755875
7166.10986 0.75716
7166.79980 0.758436
7167.50000 0.75972
7168.20020 0.761004
7168.89990 0.762283
7169.60010 0.763568
7170.29004 0.765095
7170.99023 0.76699
7171.68994 0.768883
7172.39990 0.770778
7173.10010 0.772673
7173.79980 0.774569
7174.49023 0.776442
7175.18994 0.778338
7175.89014 0.780222
7176.58984 0.782118
7177.29004 0.784016
7177.99023 0.7859
7178.68994 0.787797
7179.39014 0.789693
7180.08984 0.79148
7180.79004 0.792661
7181.49023 0.793842
7182.18994 0.795023
7182.89014 0.796204
7183.58984 0.797371
7184.29004 0.798552
7184.99023 0.799734
7185.68994 0.80091
7186.39014 0.802092
7187.08984 0.803267
7187.79004 0.804449
7188.49023 0.805631
7189.18994 0.806801
7189.89014 0.807984
7190.58984 0.809955
7191.29980 0.812069
7192.00000 0.814185
7192.68994 0.816275
7193.39990 0.81839
7194.10010 0.820507
7194.79980 0.82261
7195.50000 0.824727
7196.20996 0.826844
7196.89990 0.828948
7197.60986 0.831064
7198.29980 0.833159
7199.00977 0.835276
7199.70996 0.837394
7200.41016 0.838732
7201.12012 0.839527
7201.81982 0.840321
7202.52002 0.841106
7203.22021 0.8419
7203.91992 0.842689
7204.62012 0.843483
7205.33008 0.844278
7206.02979 0.845068
7206.72998 0.845863
7207.43994 0.846658
7208.14014 0.847444
7208.83984 0.848239
7209.54004 0.849033
7210.25000 0.84989
7210.95020 0.850863
7211.64990 0.851823
7212.35010 0.852795
7213.06006 0.853768
7213.75977 0.854732
7214.47021 0.855704
7215.16992 0.85667
7215.87012 0.857642
7216.58008 0.858612
7217.27002 0.859572
7217.97998 0.860544
7218.68018 0.861514
7219.39014 0.862485
7220.10010 0.863426
7220.79004 0.864171
7221.50000 0.864923
7222.20020 0.865674
7222.91016 0.866421
7223.60986 0.867173
7224.31982 0.867925
7225.02002 0.868671
7225.72998 0.869423
7226.41992 0.870166
7227.12988 0.870918
7227.83984 0.871668
7228.54004 0.87242
7229.25000 0.873171
7229.95020 0.873915
7230.64990 0.875385
7231.35986 0.876915
7232.06006 0.878436
7232.77002 0.879965
7233.47998 0.881495
7234.18018 0.883015
7234.89014 0.884545
7235.58984 0.886059
7236.29004 0.88759
7237.00000 0.88912
7237.70996 0.89065
7238.41016 0.89218
7239.12012 0.893712
7239.81982 0.895225
7240.52979 0.895771
7241.22998 0.895982
7241.93994 0.896196
7242.64990 0.89641
7243.35010 0.896622
7244.06006 0.896836
7244.77002 0.897049
7245.47021 0.89726
7246.18018 0.897475
7246.87988 0.897689
7247.58984 0.897903
7248.29980 0.898116
7249.00000 0.898327
7249.70996 0.898541
7250.41992 0.899892
7251.12012 0.902023
7251.83008 0.904166
7252.52979 0.906297
7253.24023 0.908441
7253.95020 0.910585
7254.64990 0.912704
7255.35986 0.914847
7256.06982 0.916991
7256.77979 0.919133
7257.49023 0.921276
7258.18994 0.923396
7258.89990 0.925539
7259.60986 0.927683
7260.31006 0.928697
7261.02002 0.928328
7261.72998 0.92796
7262.43994 0.927594
7263.14990 0.927226
7263.85010 0.926863
7264.56006 0.926494
7265.27002 0.926126
7265.97998 0.925759
7266.68994 0.925388
7267.39990 0.925021
7268.10010 0.924655
7268.81006 0.924288
7269.52002 0.923921
7270.22998 0.923705
7270.93994 0.923813
7271.64990 0.923919
7272.35986 0.924026
7273.06982 0.924134
7273.77002 0.924238
7274.47998 0.924344
7275.18994 0.924451
7275.89990 0.924557
7276.60986 0.924663
7277.31982 0.924769
7278.02979 0.924876
7278.74023 0.924984
7279.45020 0.92509
7280.16016 0.925244
7280.87012 0.925561
7281.58008 0.925879
7282.29004 0.926197
7282.99023 0.926513
7283.70996 0.926832
7284.41992 0.92715
7285.12988 0.927469
7285.83984 0.927789
7286.54980 0.928104
7287.25977 0.928423
7287.97021 0.928742
7288.68018 0.929058
7289.39014 0.929377
7290.10010 0.929676
7290.81006 0.929853
7291.52002 0.930031
7292.22998 0.930208
7292.93994 0.930386
7293.64990 0.930565
7294.35986 0.930744
7295.08008 0.930922
7295.79004 0.931099
7296.50000 0.931275
7297.20996 0.931453
7297.91992 0.931631
7298.62988 0.931809
7299.35010 0.931988
7300.04980 0.93214
7300.77002 0.931972
7301.47021 0.931805
7302.18994 0.931636
7302.89990 0.931467
7303.60986 0.931298
7304.33008 0.93113
7305.04004 0.930962
7305.75000 0.930794
7306.45996 0.930626
7307.16992 0.930458
7307.89014 0.930289
7308.60010 0.93012
7309.31006 0.929952
7310.02002 0.929823
7310.74023 0.930835
7311.43994 0.931836
7312.16016 0.932849
7312.87012 0.933861
7313.58984 0.934873
7314.29980 0.935886
7315.00977 0.936888
7315.72998 0.937901
7316.43994 0.938913
7317.14990 0.93992
7317.85986 0.940934
7318.58008 0.941941
7319.29004 0.942952
7320.00977 0.943948
7320.70996 0.943237
