threeML/data/optical_filters/HST/ACS_WFC-F850LP_77.ecsv
# %ECSV 0.9
# ---
# datatype:
# - {name: wavelength, unit: Angstrom, datatype: float32}
# - {name: response, datatype: float32}
# meta: !!omap
# - {band_name: F850LP_77}
# - {group_name: ACS_WFC}
wavelength response
[from data line 791]
8623.40039 0.992408
8624.28027 0.992979
8625.15039 0.993544
8626.01953 0.994111
8626.90039 0.994682
8627.75977 0.995243
8628.63965 0.995806
8629.51953 0.996372
8630.38965 0.995939
8631.25977 0.994251
8632.12988 0.992571
8633.00000 0.990892
8633.87988 0.989205
8634.75000 0.987528
8635.62988 0.985851
8636.50000 0.984167
8637.37988 0.982492
8638.25000 0.98082
8639.12012 0.979145
8639.99023 0.977475
8640.87988 0.978799
8641.75000 0.98013
8642.62012 0.981451
8643.50000 0.982787
8644.37012 0.984112
8645.24023 0.985435
8646.12012 0.986766
8646.99023 0.988088
8647.87012 0.989412
8648.74023 0.990736
8649.62012 0.992054
8650.50000 0.992449
8651.37012 0.992131
8652.24023 0.991811
8653.12012 0.99149
8653.99023 0.991168
8654.87012 0.990846
8655.75000 0.990524
8656.62012 0.990204
8657.50000 0.989883
8658.37012 0.989559
8659.25000 0.989235
8660.12988 0.989019
8661.00000 0.989409
8661.87988 0.989796
8662.75000 0.990184
8663.62988 0.990571
8664.50000 0.990958
8665.37988 0.991346
8666.25977 0.991731
8667.12988 0.992117
8668.00977 0.992503
8668.88965 0.992885
8669.76953 0.993271
8670.65039 0.993016
8671.51953 0.992533
8672.40039 0.992046
8673.28027 0.991563
8674.16016 0.991081
8675.03027 0.9906
8675.91016 0.990114
8676.78027 0.989631
8677.66992 0.989146
8678.54004 0.988665
8679.41992 0.98818
8680.29980 0.987965
8681.17969 0.98827
8682.05957 0.988576
8682.94043 0.988879
8683.80957 0.989182
8684.69043 0.989487
8685.57031 0.989788
8686.45020 0.990089
8687.33008 0.99039
8688.20020 0.99069
8689.08984 0.990987
8689.96973 0.991287
8690.83984 0.991024
8691.73047 0.990732
8692.59961 0.990444
8693.48047 0.990157
8694.36035 0.989867
8695.24023 0.98958
8696.12012 0.989291
8697.00000 0.988994
8697.87988 0.988708
8698.75977 0.988418
8699.63965 0.98813
8700.51953 0.988126
8701.40039 0.988318
8702.28027 0.988509
8703.16016 0.988701
8704.04980 0.98889
8704.91992 0.98908
8705.79980 0.989267
8706.69043 0.989456
8707.57031 0.989642
8708.45020 0.989827
8709.33008 0.990011
8710.20996 0.99002
8711.08984 0.989476
8711.96973 0.988931
8712.84961 0.988384
8713.74023 0.987837
8714.62012 0.987293
8715.50000 0.986749
8716.37988 0.986199
8717.25977 0.985653
8718.15039 0.985104
8719.03027 0.984562
8719.91016 0.984012
8720.79004 0.983783
8721.67969 0.983592
8722.55957 0.9834
8723.44043 0.983207
8724.32031 0.983014
8725.20020 0.982822
8726.08984 0.982626
8726.96973 0.982431
8727.84961 0.982237
8728.74023 0.982041
8729.62012 0.981848
8730.50000 0.981524
8731.38965 0.981108
8732.25977 0.980697
8733.16016 0.980276
8734.04004 0.979859
8734.91992 0.979443
8735.79980 0.979026
8736.67969 0.97861
8737.57031 0.978192
8738.45020 0.977776
8739.33984 0.977359
8740.23047 0.977181
8741.11035 0.977703
8741.99023 0.978223
8742.87988 0.97875
8743.75977 0.979272
8744.63965 0.979789
8745.53027 0.980314
8746.41992 0.980832
8747.29980 0.981348
8748.17969 0.981863
8749.07031 0.982378
8749.95996 0.982898
8750.83984 0.982102
8751.71973 0.981239
8752.61035 0.980368
8753.50000 0.979504
8754.37988 0.97864
8755.26953 0.977772
8756.15039 0.976912
8757.03027 0.976053
8757.92969 0.975178
8758.80957 0.974319
8759.70020 0.973451
8760.58008 0.973256
8761.46973 0.973404
8762.36035 0.973552
8763.24023 0.9737
8764.12988 0.973844
8765.01953 0.973986
8765.90039 0.97413
8766.79004 0.974276
8767.66992 0.974422
8768.55957 0.974563
8769.45996 0.974705
8770.33984 0.974558
8771.21973 0.973951
8772.11035 0.973333
8773.00000 0.972722
8773.88965 0.972111
8774.78027 0.971497
8775.66016 0.970886
8776.54980 0.970274
8777.44043 0.969659
8778.33008 0.969047
8779.21973 0.968433
8780.09961 0.967883
8780.99023 0.967774
8781.88965 0.967662
8782.76953 0.967552
8783.66016 0.967437
8784.54980 0.967323
8785.42969 0.967211
8786.32031 0.967098
8787.21973 0.966986
8788.09961 0.966873
8789.00000 0.966756
8789.87988 0.966644
8790.76953 0.966397
8791.66016 0.966133
8792.54980 0.965869
8793.42969 0.965604
8794.33008 0.965337
8795.21973 0.965075
8796.09961 0.96481
8797.00000 0.964542
8797.88965 0.964274
8798.78027 0.964007
8799.66992 0.963741
8800.55957 0.963281
8801.45020 0.962704
8802.33984 0.962129
8803.23047 0.961552
8804.12012 0.960977
8805.00977 0.960398
8805.90039 0.959824
8806.79004 0.959245
8807.67969 0.958669
8808.58008 0.958088
8809.46973 0.957513
8810.36035 0.95711
8811.25000 0.95696
8812.13965 0.956812
8813.03027 0.956659
8813.92969 0.95651
8814.82031 0.95636
8815.70996 0.956208
8816.59961 0.956057
8817.49023 0.955906
8818.38965 0.955753
8819.26953 0.955601
8820.16992 0.955244
8821.05957 0.953993
8821.95020 0.952752
8822.83984 0.951509
8823.74023 0.950262
8824.62988 0.949023
8825.51953 0.947783
8826.41992 0.946537
8827.30957 0.9453
8828.20020 0.944063
8829.08984 0.942827
8829.99023 0.94159
8830.87988 0.941288
8831.76953 0.941001
8832.66992 0.940712
8833.55957 0.940424
8834.45996 0.940136
8835.34961 0.939846
8836.25000 0.939558
8837.13965 0.939269
8838.04004 0.938977
8838.92969 0.938685
8839.82031 0.938397
8840.71973 0.93872
8841.61035 0.939189
8842.50000 0.939657
8843.40039 0.940129
8844.29004 0.940597
8845.19043 0.941063
8846.08008 0.941529
8846.98047 0.94199
8847.87988 0.942457
8848.76953 0.94292
8849.66992 0.943381
8850.55957 0.94326
8851.45996 0.942796
8852.34961 0.942331
8853.25000 0.941866
8854.13965 0.941401
8855.03027 0.940937
8855.92969 0.94047
8856.83008 0.940004
8857.73047 0.939535
8858.62012 0.939069
8859.51953 0.938601
8860.41992 0.93816
8861.30957 0.937757
8862.20020 0.937356
8863.11035 0.936946
8864.00000 0.936541
8864.90039 0.936135
8865.79980 0.935734
8866.69043 0.935329
8867.58984 0.934918
8868.49023 0.934511
8869.37988 0.934104
8870.28027 0.933689
8871.17969 0.933267
8872.08008 0.932842
8872.98047 0.932416
8873.87012 0.931989
8874.75977 0.931567
8875.66992 0.931138
8876.57031 0.930713
8877.45996 0.930288
8878.36035 0.929862
8879.25977 0.929438
8880.16016 0.929019
8881.05957 0.928629
8881.95020 0.928241
8882.84961 0.92785
8883.75000 0.927463
8884.65039 0.927072
8885.54980 0.926679
8886.44043 0.926292
8887.34961 0.925899
8888.25000 0.925511
8889.15039 0.925122
8890.04980 0.924733
8890.94043 0.924403
8891.83984 0.924074
8892.75000 0.923743
8893.65039 0.923414
8894.54004 0.923084
8895.45020 0.922751
8896.33984 0.922421
8897.25000 0.922087
8898.15039 0.921755
8899.04004 0.921424
8899.95020 0.921086
8900.84961 0.920568
8901.74023 0.920047
8902.65039 0.919515
8903.54980 0.918984
8904.45020 0.918454
8905.34961 0.917922
8906.25000 0.917395
8907.15039 0.916863
8908.04980 0.916334
8908.95020 0.915805
8909.84961 0.915274
8910.75000 0.914458
8911.65039 0.913587
8912.55957 0.912708
8913.45996 0.911841
8914.36035 0.910969
8915.26953 0.910093
8916.16992 0.909222
8917.07031 0.908353
8917.96973 0.907478
8918.87012 0.906609
8919.78027 0.905736
8920.67969 0.905478
8921.58008 0.905416
8922.48047 0.905355
8923.37988 0.905295
8924.28027 0.905232
8925.20020 0.905166
8926.08984 0.905106
8927.00000 0.905041
8927.90039 0.904975
8928.79980 0.90491
8929.70996 0.904845
8930.61035 0.904674
8931.50977 0.904453
8932.41992 0.904231
8933.32031 0.904011
8934.23047 0.903792
8935.12988 0.90357
8936.03027 0.903344
8936.92969 0.903123
8937.83984 0.902899
8938.75000 0.902677
8939.65039 0.902452
8940.55957 0.902015
8941.45996 0.901447
8942.37012 0.900875
8943.26953 0.900305
8944.16992 0.899735
8945.08008 0.899167
8945.99023 0.898597
8946.88965 0.898028
8947.79004 0.897459
8948.70020 0.896892
8949.61035 0.896317
8950.50977 0.895736
8951.41016 0.895141
8952.32031 0.894546
8953.23047 0.893952
8954.12988 0.89336
8955.04004 0.892761
8955.95020 0.89217
8956.84961 0.891575
8957.75977 0.890979
8958.66992 0.890382
8959.57031 0.889788
8960.48047 0.889345
8961.37988 0.889036
8962.29004 0.888727
8963.20020 0.888419
8964.09961 0.888109
8965.00977 0.8878
8965.91992 0.887489
8966.82031 0.887179
8967.73047 0.886866
8968.63965 0.886555
8969.54980 0.886242
8970.45996 0.885747
8971.36035 0.885071
8972.26953 0.884395
8973.17969 0.883718
8974.08008 0.883042
8974.99023 0.88236
8975.90039 0.881687
8976.80957 0.881009
8977.71973 0.88033
8978.62988 0.879653
8979.54004 0.878975
8980.44043 0.878576
8981.34961 0.878466
8982.25977 0.878356
8983.16992 0.878245
8984.08008 0.878135
8984.99023 0.878022
8985.90039 0.877911
8986.79980 0.877799
8987.71973 0.877686
8988.62012 0.877574
8989.54004 0.877457
8990.44043 0.877172
8991.34961 0.876712
8992.26953 0.876246
8993.16992 0.875781
8994.08008 0.875319
8995.00000 0.874855
8995.90039 0.87439
8996.80957 0.873926
8997.71973 0.873463
8998.62988 0.873
8999.54980 0.872534
9000.45020 0.872081
9001.36035 0.871641
9002.28027 0.8712
9003.19043 0.870759
9004.09961 0.870319
9005.00977 0.869878
9005.91992 0.869431
9006.83008 0.868992
9007.75000 0.868546
9008.65039 0.868104
9009.55957 0.867664
9010.48047 0.866985
9011.38965 0.866086
9012.29980 0.865182
9013.20996 0.864286
9014.12012 0.86339
9015.04004 0.862488
9015.95020 0.861592
9016.86035 0.860697
9017.76953 0.859794
9018.67969 0.858903
9019.59961 0.858001
9020.50977 0.8575
9021.41992 0.857308
9022.33008 0.857119
9023.25000 0.85693
9024.16016 0.856735
9025.07031 0.856541
9025.99023 0.856351
9026.90039 0.856156
9027.80957 0.855962
9028.73047 0.855768
9029.63965 0.855571
9030.55957 0.855018
9031.45996 0.854242
9032.38965 0.853452
9033.29980 0.85267
9034.20020 0.851892
9035.12012 0.851109
9036.03027 0.850326
9036.95020 0.849547
9037.87012 0.848762
9038.78027 0.847981
9039.70020 0.847194
9040.61035 0.846707
9041.51953 0.846365
9042.44043 0.846022
9043.34961 0.845683
9044.25977 0.845341
9045.19043 0.844991
9046.09961 0.844649
9047.00977 0.844309
9047.92969 0.843966
9048.83984 0.843621
9049.75977 0.843274
9050.67969 0.842735
9051.58984 0.842125
9052.50977 0.841512
9053.41992 0.840905
9054.33984 0.840297
9055.25977 0.839686
9056.16992 0.839079
9057.08008 0.838473
9058.00000 0.837862
9058.91992 0.837253
9059.83984 0.83664
9060.75000 0.836114
9061.66992 0.835611
9062.58984 0.835103
9063.50000 0.834597
9064.41992 0.834093
9065.33984 0.833588
9066.25977 0.833083
9067.16992 0.832576
9068.08984 0.832066
9069.00000 0.831558
9069.91992 0.831053
9070.83984 0.830643
9071.75977 0.83025
9072.67969 0.829852
9073.59961 0.829455
9074.50977 0.829058
9075.42969 0.828656
9076.34961 0.828257
9077.26953 0.82786
9078.19043 0.827457
9079.11035 0.827057
9080.01953 0.826661
9080.94043 0.826341
9081.86035 0.826023
9082.78027 0.825701
9083.70020 0.825378
9084.61035 0.825055
9085.54004 0.82473
9086.45996 0.824407
9087.37012 0.824085
9088.29980 0.82376
9089.21973 0.823434
9090.12988 0.823022
9091.05957 0.822082
9091.98047 0.821147
9092.88965 0.820211
9093.80957 0.819278
9094.73047 0.818342
9095.65039 0.817401
9096.57031 0.816469
9097.49023 0.815537
9098.41992 0.814597
9099.33008 0.813665
9100.25000 0.812973
9101.17969 0.812908
9102.09961 0.812841
9103.01953 0.812775
9103.94043 0.812708
9104.86035 0.812635
9105.78027 0.812566
9106.70020 0.812497
9107.62012 0.812429
9108.54980 0.81236
9109.46973 0.812289
9110.38965 0.811955
9111.30957 0.811257
9112.23047 0.810564
9113.16016 0.809867
9114.08008 0.809174
9115.00000 0.808483
9115.91992 0.807785
9116.84961 0.807092
9117.76953 0.806395
9118.69043 0.805702
9119.61035 0.805009
9120.53027 0.804539
9121.45996 0.804236
9122.37988 0.803933
9123.29980 0.803625
9124.23047 0.803319
9125.15039 0.803015
9126.07031 0.802707
9127.00000 0.802401
9127.91992 0.802089
9128.83984 0.801783
9129.76953 0.801474
9130.69043 0.800711
9131.61035 0.799794
9132.53027 0.798877
9133.45996 0.797956
9134.38965 0.79704
9135.30957 0.796121
9136.24023 0.795202
9137.16016 0.794288
9138.08008 0.793372
9139.00977 0.792453
9139.92969 0.791541
9140.84961 0.791201
9141.78027 0.790902
9142.70996 0.790605
9143.62988 0.790309
9144.55957 0.790012
9145.48047 0.789716
9146.41016 0.789416
9147.33008 0.789116
9148.25977 0.788819
9149.17969 0.788519
9150.11035 0.788179
9151.03027 0.787531
9151.95996 0.786878
9152.88965 0.786231
9153.82031 0.785576
9154.74023 0.784928
9155.66992 0.784278
9156.58984 0.783631
9157.51953 0.782984
9158.44043 0.782332
9159.37012 0.781676
9160.29980 0.781347
9161.21973 0.781692
9162.15039 0.782037
9163.08008 0.782377
9164.00977 0.782718
9164.92969 0.783058
9165.84961 0.783393
9166.79004 0.783733
9167.71973 0.784069
9168.63965 0.7844
9169.57031 0.784735
9170.50000 0.784032
9171.41992 0.782426
9172.34961 0.780815
9173.28027 0.779212
9174.20996 0.777601
9175.13965 0.776002
9176.07031 0.774406
9177.00000 0.772801
9177.91992 0.771212
9178.84961 0.769619
9179.78027 0.768009
9180.70996 0.767381
9181.62988 0.767046
9182.57031 0.766707
9183.49023 0.766369
9184.42969 0.766028
9185.34961 0.765689
9186.28027 0.765351
9187.21973 0.765009
9188.13965 0.764668
9189.07031 0.764328
9190.00000 0.763983
9190.92969 0.76347
9191.86035 0.762949
9192.79980 0.762422
9193.71973 0.761903
9194.65039 0.761381
9195.58008 0.760863
9196.50977 0.760341
9197.44043 0.759815
9198.37012 0.759293
9199.29980 0.758771
9200.24023 0.75832
9201.16992 0.758087
9202.09961 0.757854
9203.01953 0.757623
9203.95020 0.757389
9204.90039 0.757152
9205.82031 0.756919
9206.75000 0.75668
9207.67969 0.756443
9208.61035 0.756208
9209.54980 0.755971
9210.48047 0.75535
9211.41016 0.754374
9212.33984 0.753399
9213.28027 0.75242
9214.20996 0.751443
9215.13965 0.750464
9216.07031 0.749494
9217.00000 0.748524
9217.94043 0.747541
9218.87012 0.746567
9219.79980 0.745597
9220.74023 0.745282
9221.66992 0.745145
9222.59961 0.745011
9223.53027 0.744874
9224.46973 0.744739
9225.40039 0.744604
9226.33008 0.744466
9227.26953 0.744326
9228.20020 0.744189
9229.12988 0.744054
9230.05957 0.743875
9231.00000 0.743187
9231.92969 0.742506
9232.87012 0.741827
9233.80957 0.74114
9234.74023 0.740459
9235.66992 0.739777
9236.61035 0.739089
9237.54004 0.738407
9238.48047 0.737723
9239.41016 0.737042
9240.34961 0.736488
9241.28027 0.736147
9242.20996 0.735807
9243.15039 0.735471
9244.08008 0.735127
9245.01953 0.734788
9245.95020 0.734449
9246.88965 0.734106
9247.83008 0.733765
9248.76953 0.733419
9249.70020 0.733073
9250.62988 0.732421
9251.57031 0.731614
9252.50977 0.730809
9253.44043 0.730006
9254.37988 0.729206
9255.30957 0.728402
9256.25000 0.727601
9257.19043 0.726794
9258.12012 0.72599
9259.05957 0.725186
9260.00000 0.724384
9260.92969 0.7243
9261.87012 0.724219
9262.80957 0.724137
9263.75000 0.724055
9264.69043 0.723971
9265.62012 0.723887
9266.55957 0.723802
9267.49023 0.723715
9268.42969 0.723626
9269.37012 0.723536
9270.30957 0.723307
9271.25000 0.722789
9272.19043 0.722269
9273.12012 0.721751
9274.05957 0.721233
9275.00000 0.720711
9275.94043 0.720194
9276.87012 0.719673
9277.82031 0.71915
9278.75000 0.718631
9279.69043 0.718113
9280.62988 0.717604
9281.57031 0.717098
9282.50977 0.71659
9283.45020 0.716086
9284.38965 0.715581
9285.33008 0.715073
9286.26953 0.714568
9287.20020 0.714062
9288.15039 0.713554
9289.08984 0.713047
9290.03027 0.712537
9290.96973 0.712092
9291.91016 0.711645
9292.84961 0.711201
9293.78027 0.710752
9294.71973 0.710303
9295.66992 0.709853
9296.59961 0.709405
9297.54980 0.708959
9298.49023 0.708509
9299.42969 0.708056
9300.37012 0.707538
9301.30957 0.706923
9302.25000 0.70631
9303.20020 0.70569
9304.13965 0.705076
9305.08008 0.70446
9306.01953 0.703843
9306.95996 0.703228
9307.90039 0.702613
9308.83984 0.701989
9309.78027 0.701375
9310.73047 0.700571
9311.66992 0.699718
9312.61035 0.698862
9313.55957 0.698002
9314.50000 0.697148
9315.42969 0.696298
9316.37988 0.695434
9317.32031 0.694579
9318.25977 0.693731
9319.20996 0.692871
9320.15039 0.692097
9321.08984 0.691736
9322.04004 0.691378
9322.98047 0.69102
9323.91992 0.690659
9324.87012 0.690299
9325.80957 0.689939
9326.75000 0.689578
9327.69043 0.689219
9328.63965 0.688859
9329.58984 0.688494
9330.51953 0.688139
9331.46973 0.687786
9332.41992 0.687438
9333.36035 0.687092
9334.30957 0.686741
9335.25000 0.68639
9336.19043 0.686036
9337.13965 0.68568
9338.08008 0.68533
9339.03027 0.684979
9339.96973 0.684627
9340.91016 0.683973
9341.87012 0.683304
9342.80957 0.682643
9343.75000 0.681984
9344.70020 0.681314
9345.63965 0.680655
9346.58984 0.679993
9347.54004 0.679326
9348.48047 0.67866
9349.41992 0.677998
9350.37988 0.677346
9351.32031 0.676716
9352.25977 0.67609
