threeML/data/optical_filters/HST/ACS_HRC-F435W.ecsv
# %ECSV 0.9
# ---
# datatype:
# - {name: wavelength, unit: Angstrom, datatype: float32}
# - {name: response, datatype: float32}
# meta: !!omap
# - {band_name: F435W}
# - {group_name: ACS_HRC}
wavelength response
3220.21802 0.0
3578.02002 0.00329277
3578.53003 0.00333027
3579.05005 0.00336809
3579.56006 0.00340594
3580.08008 0.00345484
3580.59009 0.0035677
3581.11011 0.00367936
3581.62012 0.00379202
3582.12988 0.0039044
3582.64990 0.00401766
3583.15991 0.00412976
3583.67993 0.00424281
3584.18994 0.00435551
3584.70996 0.0044688
3585.21997 0.00458173
3585.73999 0.00469519
3586.25000 0.00480836
3586.76001 0.00492161
3587.28003 0.00503538
3587.79004 0.00514843
3588.31006 0.00526236
3588.82007 0.005376
3589.34009 0.00549022
3589.85010 0.00560409
3590.37012 0.00581352
3590.87988 0.00606017
3591.39990 0.00630807
3591.90991 0.00655522
3592.42993 0.00680347
3592.94995 0.00705191
3593.45996 0.00729971
3593.97998 0.00754864
3594.48999 0.00779693
3595.01001 0.00804634
3595.53003 0.00829406
3596.04004 0.00854385
3596.56006 0.00879395
3597.07007 0.00904235
3597.59009 0.00929278
3598.11011 0.00954245
3598.62012 0.00979342
3599.13989 0.0100437
3599.65991 0.0102951
3600.16992 0.0105839
3600.68994 0.0109505
3601.20996 0.0113159
3601.71997 0.0116832
3602.23999 0.0120494
3602.76001 0.0124173
3603.28003 0.0127857
3603.79004 0.0131529
3604.31006 0.0135204
3604.83008 0.0138884
3605.34009 0.0142581
3605.86011 0.0146252
3606.37988 0.0149955
3606.89990 0.0153662
3607.40991 0.0157358
3607.92993 0.0161071
3608.44995 0.0164775
3608.96997 0.0168495
3609.48999 0.0172204
3610.01001 0.017593
3610.52002 0.0179514
3611.04004 0.0183114
3611.56006 0.0186704
3612.08008 0.0190311
3612.60010 0.0193907
3613.11011 0.0197521
3613.62988 0.0201123
3614.14990 0.0204728
3614.66992 0.0208352
3615.18994 0.021195
3615.70996 0.0215581
3616.21997 0.0219199
3616.73999 0.0222836
3617.26001 0.0226475
3617.78003 0.0230104
3618.30005 0.0233736
3618.82007 0.0237385
3619.34009 0.0241037
3619.86011 0.0244679
3620.37988 0.0248545
3620.89990 0.0252476
3621.41992 0.0256427
3621.93994 0.0260365
3622.45996 0.0264322
3622.97998 0.0268253
3623.50000 0.0272217
3624.02002 0.0276184
3624.54004 0.0280123
3625.06006 0.0284099
3625.58008 0.0288063
3626.10010 0.0292045
3626.62012 0.0296016
3627.13989 0.0300005
3627.65991 0.0303982
3628.17993 0.0307977
3628.69995 0.0311961
3629.22998 0.0315965
3629.75000 0.0319974
3630.27002 0.0325527
3630.79004 0.0332582
3631.31006 0.0339617
3631.83008 0.0346687
3632.35010 0.0353707
3632.87012 0.0360788
3633.38989 0.0367849
3633.90991 0.0374918
3634.43994 0.0382019
3634.95996 0.03891
3635.47998 0.0396217
3636.00000 0.0403313
3636.53003 0.041044
3637.05005 0.0417546
3637.57007 0.0424689
3638.09009 0.043181
3638.61011 0.0438967
3639.13989 0.0446126
3639.65991 0.0453268
3640.17993 0.0461613
3640.69995 0.0472277
3641.22998 0.0482948
3641.75000 0.0493548
3642.27002 0.0504242
3642.79004 0.0514903
3643.32007 0.0525613
3643.84009 0.053629
3644.36011 0.0546982
3644.88989 0.0557722
3645.40991 0.0568428
3645.92993 0.0579186
3646.44995 0.0589916
3646.97998 0.0600699
3647.50000 0.0611444
3648.03003 0.0622241
3648.55005 0.0633049
3649.07007 0.0643828
3649.60010 0.0654615
3650.12012 0.0664915
3650.63989 0.0673392
3651.16992 0.0681941
3651.68994 0.0690495
3652.21997 0.0699025
3652.73999 0.07076
3653.26001 0.0716116
3653.79004 0.0724701
3654.31006 0.0733265
3654.84009 0.0741867
3655.36011 0.0750476
3655.88989 0.0759063
3656.40991 0.0767658
3656.93994 0.0776291
3657.45996 0.0784932
3657.98999 0.079355
3658.51001 0.0802207
3659.04004 0.0810843
3659.56006 0.0819511
3660.09009 0.0827327
3660.61011 0.0831146
3661.13989 0.0834952
3661.65991 0.0838775
3662.18994 0.0842602
3662.70996 0.0846402
3663.23999 0.0850234
3663.76001 0.0854055
3664.29004 0.0857894
3664.82007 0.0861738
3665.34009 0.0865569
3665.87012 0.0869405
3666.39990 0.087326
3666.91992 0.0877101
3667.44995 0.088096
3667.97998 0.0884806
3668.50000 0.0888675
3669.03003 0.0892546
3669.55005 0.0896387
3670.08008 0.0900775
3670.61011 0.090792
3671.13989 0.0915098
3671.65991 0.0922253
3672.18994 0.0929413
3672.71997 0.0936607
3673.23999 0.0943783
3673.77002 0.0950989
3674.30005 0.0958205
3674.83008 0.0965396
3675.35010 0.0972595
3675.87988 0.0979828
3676.40991 0.0987039
3676.93994 0.0994286
3677.45996 0.100151
3677.98999 0.100877
3678.52002 0.101601
3679.05005 0.102325
3679.58008 0.103053
3680.10010 0.10387
3680.62988 0.105069
3681.15991 0.106265
3681.68994 0.107463
3682.21997 0.108662
3682.73999 0.109865
3683.27002 0.111066
3683.80005 0.112277
3684.33008 0.113476
3684.86011 0.114684
3685.38989 0.115893
3685.91992 0.1171
3686.44995 0.118312
3686.97998 0.11952
3687.51001 0.120734
3688.04004 0.121945
3688.56006 0.123157
3689.09009 0.124369
3689.62012 0.125587
3690.14990 0.126827
3690.67993 0.128112
3691.20996 0.129397
3691.73999 0.130683
3692.27002 0.131976
3692.80005 0.133265
3693.33008 0.134565
3693.86011 0.13585
3694.38989 0.137148
3694.91992 0.138441
3695.44995 0.13974
3695.97998 0.141036
3696.51001 0.142337
3697.05005 0.14364
3697.58008 0.144939
3698.11011 0.146245
3698.63989 0.147541
3699.16992 0.148849
3699.69995 0.150152
3700.22998 0.151214
3700.76001 0.151948
3701.29004 0.152682
3701.82007 0.15342
3702.35010 0.154156
3702.87988 0.154892
3703.41992 0.155632
3703.94995 0.156373
3704.47998 0.157111
3705.01001 0.157853
3705.54004 0.158593
3706.08008 0.159337
3706.61011 0.160077
3707.13989 0.160821
3707.66992 0.161564
3708.19995 0.162307
3708.73999 0.163054
3709.27002 0.163798
3709.80005 0.164546
3710.33008 0.165354
3710.86011 0.166207
3711.39990 0.167058
3711.92993 0.167913
3712.45996 0.168765
3713.00000 0.169621
3713.53003 0.170478
3714.06006 0.171333
3714.60010 0.172191
3715.12988 0.173047
3715.65991 0.173908
3716.19995 0.174765
3716.72998 0.175626
3717.26001 0.176486
3717.80005 0.177346
3718.33008 0.17821
3718.86011 0.179071
3719.39990 0.179936
3719.92993 0.180796
3720.46997 0.181626
3721.00000 0.182448
3721.53003 0.183274
3722.07007 0.184098
3722.60010 0.184925
3723.13989 0.18575
3723.66992 0.186579
3724.20996 0.187409
3724.73999 0.188235
3725.28003 0.189066
3725.81006 0.189895
3726.34009 0.190728
3726.87988 0.191558
3727.40991 0.192388
3727.94995 0.19322
3728.47998 0.194055
3729.02002 0.194892
3729.55005 0.195722
3730.09009 0.196743
3730.62012 0.198678
3731.15991 0.200622
3731.69995 0.202561
3732.22998 0.204509
3732.77002 0.206451
3733.30005 0.208402
3733.84009 0.210349
3734.37988 0.212303
3734.90991 0.214251
3735.44995 0.216211
3735.98999 0.218171
3736.52002 0.220125
3737.06006 0.222083
3737.59009 0.224041
3738.12988 0.226009
3738.65991 0.227971
3739.19995 0.229934
3739.73999 0.2319
3740.27002 0.233634
3740.81006 0.235137
3741.35010 0.236636
3741.88989 0.238142
3742.41992 0.239643
3742.95996 0.241151
3743.50000 0.242656
3744.03003 0.244167
3744.57007 0.245674
3745.11011 0.247188
3745.64990 0.248698
3746.18994 0.250214
3746.71997 0.251727
3747.26001 0.253241
3747.80005 0.254762
3748.34009 0.256279
3748.87012 0.257797
3749.40991 0.259316
3749.94995 0.260843
3750.48999 0.262083
3751.03003 0.263299
3751.56006 0.26451
3752.10010 0.265729
3752.63989 0.266948
3753.17993 0.268164
3753.71997 0.269386
3754.26001 0.270604
3754.80005 0.271828
3755.34009 0.273047
3755.87988 0.274272
3756.40991 0.275489
3756.94995 0.276717
3757.48999 0.277947
3758.03003 0.279168
3758.57007 0.280399
3759.11011 0.281626
3759.64990 0.282859
3760.18994 0.283862
3760.72998 0.284445
3761.27002 0.285026
3761.81006 0.28561
3762.35010 0.286193
3762.88989 0.286778
3763.42993 0.287364
3763.96997 0.287947
3764.51001 0.288534
3765.05005 0.289119
3765.59009 0.289707
3766.12988 0.290291
3766.66992 0.290879
3767.20996 0.291465
3767.75000 0.292052
3768.29004 0.292642
3768.83008 0.293231
3769.37988 0.293822
3769.91992 0.294411
3770.45996 0.295343
3771.00000 0.296335
3771.54004 0.297332
3772.08008 0.298326
3772.62012 0.299324
3773.15991 0.300315
3773.70996 0.301319
3774.25000 0.302316
3774.79004 0.303318
3775.33008 0.304321
3775.87012 0.305317
3776.41992 0.306322
3776.95996 0.307323
3777.50000 0.308325
3778.04004 0.309333
3778.58008 0.310336
3779.12012 0.311341
3779.66992 0.312351
3780.20996 0.313329
3780.75000 0.314252
3781.30005 0.31518
3781.84009 0.316104
3782.37988 0.317033
3782.91992 0.317956
3783.46997 0.31889
3784.01001 0.319818
3784.55005 0.32075
3785.09009 0.321677
3785.63989 0.322611
3786.17993 0.323546
3786.72998 0.324478
3787.27002 0.325411
3787.81006 0.326349
3788.36011 0.327283
3788.89990 0.328218
3789.44995 0.329158
3789.98999 0.330091
3790.53003 0.330985
3791.08008 0.331873
3791.62012 0.332764
3792.16992 0.333656
3792.70996 0.334543
3793.26001 0.33544
3793.80005 0.336331
3794.34009 0.337226
3794.88989 0.338115
3795.42993 0.339012
3795.97998 0.339907
3796.52002 0.340805
3797.07007 0.341701
3797.61011 0.342601
3798.15991 0.343499
3798.69995 0.344398
3799.25000 0.3453
3799.79004 0.346196
3800.34009 0.346538
3800.87988 0.346531
3801.42993 0.346523
3801.96997 0.346516
3802.52002 0.346508
3803.07007 0.346501
3803.61011 0.346493
3804.15991 0.346486
3804.69995 0.346477
3805.25000 0.346469
3805.80005 0.346462
3806.34009 0.346454
3806.88989 0.346446
3807.43994 0.346437
3807.97998 0.346428
3808.53003 0.34642
3809.08008 0.346411
3809.62012 0.346403
3810.16992 0.346916
3810.71997 0.348592
3811.26001 0.350275
3811.81006 0.351946
3812.36011 0.353633
3812.89990 0.355321
3813.44995 0.35701
3814.00000 0.358686
3814.55005 0.360379
3815.09009 0.362073
3815.63989 0.363762
3816.18994 0.36546
3816.73999 0.367152
3817.29004 0.368853
3817.83008 0.370542
3818.37988 0.372245
3818.92993 0.373937
3819.46997 0.375643
3820.02002 0.377301
3820.57007 0.377848
3821.12012 0.378396
3821.66992 0.378939
3822.21997 0.379487
3822.77002 0.380036
3823.32007 0.380586
3823.86011 0.381132
3824.40991 0.381683
3824.95996 0.382234
3825.51001 0.382784
3826.06006 0.383333
3826.61011 0.383885
3827.15991 0.384438
3827.70996 0.384986
3828.26001 0.385539
3828.80005 0.386089
3829.36011 0.386644
3829.90991 0.387198
3830.45996 0.388577
3831.01001 0.390122
3831.55005 0.391669
3832.11011 0.393223
3832.65991 0.394778
3833.20996 0.396336
3833.76001 0.397881
3834.31006 0.399442
3834.86011 0.401003
3835.40991 0.402559
3835.95996 0.404117
3836.51001 0.405683
3837.06006 0.407238
3837.61011 0.408806
3838.15991 0.410377
3838.70996 0.411936
3839.26001 0.413508
3839.81006 0.415082
3840.36011 0.416013
3840.91992 0.416611
3841.46997 0.417207
3842.02002 0.417807
3842.57007 0.418406
3843.12012 0.419003
3843.66992 0.419602
3844.21997 0.420204
3844.78003 0.420806
3845.33008 0.421407
3845.87988 0.422007
3846.42993 0.42261
3846.97998 0.423209
3847.54004 0.423813
3848.09009 0.424415
3848.63989 0.425019
3849.18994 0.425625
3849.75000 0.426231
3850.30005 0.427012
3850.85010 0.427935
3851.39990 0.428866
3851.95996 0.429799
3852.51001 0.430733
3853.06006 0.431663
3853.61011 0.432593
3854.16992 0.433529
3854.71997 0.434466
3855.27002 0.435396
3855.83008 0.436335
3856.37988 0.437273
3856.92993 0.438204
3857.48999 0.439145
3858.04004 0.440082
3858.59009 0.44102
3859.14990 0.441964
3859.69995 0.442907
3860.26001 0.443592
3860.81006 0.443984
3861.37012 0.444377
3861.91992 0.444772
3862.47998 0.445166
3863.03003 0.44556
3863.58008 0.445952
3864.13989 0.446346
3864.69995 0.446743
3865.25000 0.447136
3865.80005 0.447531
3866.36011 0.447924
3866.90991 0.448322
3867.46997 0.448719
3868.02002 0.449115
3868.58008 0.449511
3869.12988 0.44991
3869.68994 0.450307
3870.23999 0.450821
3870.80005 0.451486
3871.36011 0.452155
3871.90991 0.452825
3872.46997 0.453492
3873.02002 0.454162
3873.58008 0.45483
3874.13989 0.455502
3874.68994 0.456173
3875.25000 0.45684
3875.80005 0.457514
3876.36011 0.458183
3876.90991 0.458857
3877.46997 0.459531
3878.03003 0.460204
3878.58008 0.460876
3879.13989 0.461551
3879.69995 0.462229
3880.26001 0.462665
3880.81006 0.462821
3881.37012 0.462978
3881.92993 0.463135
3882.47998 0.463291
3883.04004 0.463447
3883.60010 0.463604
3884.15991 0.463761
3884.70996 0.463916
3885.27002 0.464072
3885.83008 0.464228
3886.37988 0.464384
3886.93994 0.464541
3887.50000 0.464698
3888.06006 0.464854
3888.62012 0.465011
3889.17993 0.465169
3889.73999 0.465326
3890.29004 0.465985
3890.85010 0.4671
3891.40991 0.468222
3891.96997 0.469345
3892.53003 0.470459
3893.09009 0.471586
3893.63989 0.472707
3894.19995 0.473833
3894.76001 0.474951
3895.32007 0.47608
3895.87988 0.477202
3896.43994 0.478332
3897.00000 0.479463
3897.56006 0.480595
3898.12012 0.481724
3898.67993 0.482854
3899.23999 0.48399
3899.79004 0.485117
3900.36011 0.485688
3900.90991 0.485926
3901.47998 0.486167
3902.04004 0.486407
3902.59009 0.486647
3903.15991 0.486888
3903.71997 0.487129
3904.28003 0.48737
3904.84009 0.487608
3905.39990 0.487849
3905.94995 0.488088
3906.52002 0.488329
3907.08008 0.488572
3907.63989 0.488813
3908.19995 0.489053
3908.76001 0.489294
3909.32007 0.489536
3909.87988 0.489776
3910.44995 0.490784
3911.01001 0.491987
3911.57007 0.493197
3912.12988 0.494399
3912.68994 0.495611
3913.25000 0.496825
3913.82007 0.498038
3914.37012 0.499245
3914.93994 0.500462
3915.50000 0.501679
3916.06006 0.502889
3916.62012 0.504107
3917.18994 0.505326
3917.75000 0.506547
3918.31006 0.507761
3918.87012 0.508986
3919.43994 0.510211
3919.98999 0.511427
3920.56006 0.512179
3921.12012 0.512922
3921.68994 0.513667
3922.25000 0.514408
3922.81006 0.515155
3923.37988 0.515902
3923.93994 0.51665
3924.50000 0.517393
3925.06006 0.518142
3925.62988 0.518889
3926.18994 0.519636
3926.75000 0.520388
3927.32007 0.52114
3927.87988 0.521892
3928.44995 0.52264
3929.01001 0.523393
3929.57007 0.524142
3930.13989 0.524859
3930.69995 0.525452
3931.27002 0.526047
3931.83008 0.526641
3932.38989 0.527232
3932.95996 0.527828
3933.53003 0.528424
3934.09009 0.529021
3934.64990 0.529612
3935.21997 0.530209
3935.78003 0.530805
3936.35010 0.531402
3936.90991 0.532001
3937.47998 0.532601
3938.05005 0.533201
3938.61011 0.533796
3939.16992 0.534397
3939.73999 0.534994
3940.30005 0.535488
3940.87012 0.53589
3941.43994 0.536292
3942.00000 0.536692
3942.57007 0.537093
3943.12988 0.537496
3943.69995 0.537899
3944.26001 0.5383
3944.83008 0.538705
3945.39990 0.53911
3945.96997 0.539513
3946.53003 0.539915
3947.10010 0.54032
3947.65991 0.540725
3948.22998 0.541127
3948.80005 0.541532
3949.36011 0.541938
3949.92993 0.542341
3950.48999 0.542705
3951.06006 0.543064
3951.62988 0.543423
3952.19995 0.543779
3952.76001 0.544136
3953.33008 0.544495
3953.89990 0.544854
3954.46997 0.54521
3955.03003 0.545571
3955.60010 0.545931
3956.16992 0.546291
3956.73999 0.546649
3957.31006 0.54701
3957.87988 0.547371
3958.43994 0.547729
3959.01001 0.548091
3959.57007 0.548449
3960.13989 0.548711
3960.71997 0.548685
3961.28003 0.548659
3961.85010 0.548635
3962.41992 0.54861
3962.98999 0.548584
3963.56006 0.548558
3964.12988 0.548532
3964.69995 0.548506
3965.27002 0.54848
3965.84009 0.548453
3966.40991 0.548427
3966.96997 0.548402
3967.54004 0.548376
3968.11011 0.548349
3968.67993 0.54832
3969.25000 0.548292
3969.82007 0.548265
3970.38989 0.548367
3970.95996 0.548528
3971.53003 0.548688
3972.10010 0.548847
3972.66992 0.549008
3973.23999 0.549169
3973.81006 0.549331
3974.37988 0.549491
3974.94995 0.549651
3975.52002 0.549813
3976.09009 0.549975
3976.65991 0.550136
3977.23999 0.550296
3977.81006 0.550455
3978.37988 0.550616
3978.94995 0.550779
3979.52002 0.55094
3980.09009 0.551079
3980.65991 0.551104
3981.22998 0.551128
3981.80005 0.551151
3982.37012 0.551174
3982.94995 0.551198
3983.52002 0.551222
3984.09009 0.551246
3984.65991 0.551269
3985.22998 0.551293
3985.81006 0.551316
3986.37988 0.551339
3986.94995 0.551361
3987.52002 0.551384
3988.10010 0.551407
3988.66992 0.551429
3989.23999 0.551452
3989.81006 0.551474
3990.37988 0.551628
3990.95996 0.551846
3991.53003 0.552063
3992.10010 0.55228
3992.67993 0.552498
3993.25000 0.552717
3993.82007 0.552936
3994.39990 0.553154
3994.96997 0.553368
3995.54004 0.553588
3996.12012 0.553807
3996.68994 0.554026
3997.26001 0.554243
3997.84009 0.554462
3998.40991 0.554682
3998.97998 0.5549
3999.56006 0.555119
4000.12988 0.555258
4000.70996 0.555132
4001.28003 0.555006
4001.86011 0.55488
4002.42993 0.554753
4003.00000 0.554627
4003.58008 0.5545
4004.15991 0.554373
4004.72998 0.554244
4005.30005 0.554117
4005.87988 0.553989
4006.44995 0.553862
4007.03003 0.553733
4007.60010 0.553606
