threeML/data/optical_filters/HST/ACS_HRC-F250W.ecsv
# %ECSV 0.9
# ---
# datatype:
# - {name: wavelength, unit: Angstrom, datatype: float32}
# - {name: response, datatype: float32}
# meta: !!omap
# - {band_name: F250W}
# - {group_name: ACS_HRC}
wavelength response
[from data line 783]
2437.58008 0.613277
2437.98999 0.615985
2438.39990 0.618702
2438.81006 0.621413
2439.22998 0.624129
2439.63989 0.626837
2440.05005 0.629546
2440.45996 0.63224
2440.87012 0.634921
2441.29004 0.637607
2441.69995 0.640294
2442.11011 0.642973
2442.52002 0.645661
2442.93994 0.648342
2443.35010 0.651031
2443.76001 0.65372
2444.17993 0.65641
2444.59009 0.65909
2445.00000 0.661779
2445.40991 0.664472
2445.83008 0.667164
2446.23999 0.669844
2446.64990 0.672524
2447.07007 0.675215
2447.47998 0.677906
2447.88989 0.680601
2448.30005 0.683275
2448.71997 0.685966
2449.12988 0.688666
2449.55005 0.69135
2449.95996 0.694045
2450.37988 0.69674
2450.79004 0.699436
2451.19995 0.702122
2451.62012 0.704806
2452.03003 0.707508
2452.44995 0.710197
2452.86011 0.712885
2453.27002 0.715581
2453.68994 0.718276
2454.10010 0.720973
2454.52002 0.723669
2454.92993 0.726349
2455.35010 0.729046
2455.76001 0.731741
2456.17993 0.734439
2456.59009 0.737132
2457.01001 0.739834
2457.41992 0.74253
2457.84009 0.745227
2458.25000 0.747916
2458.65991 0.750604
2459.08008 0.753302
2459.50000 0.756014
2459.90991 0.758708
2460.33008 0.76118
2460.73999 0.763593
2461.15991 0.766006
2461.57007 0.768404
2461.98999 0.770819
2462.40991 0.773232
2462.82007 0.775646
2463.23999 0.778044
2463.64990 0.780456
2464.07007 0.782877
2464.48999 0.78529
2464.89990 0.787697
2465.32007 0.790101
2465.73999 0.792512
2466.14990 0.794926
2466.57007 0.797333
2466.98999 0.799747
2467.39990 0.802163
2467.82007 0.804578
2468.23999 0.806983
2468.64990 0.809396
2469.07007 0.811801
2469.48999 0.814215
2469.90991 0.816628
2470.32007 0.819049
2470.73999 0.821476
2471.15991 0.82391
2471.57007 0.826343
2471.98999 0.828774
2472.40991 0.83121
2472.83008 0.833643
2473.23999 0.836079
2473.65991 0.8385
2474.08008 0.840935
2474.50000 0.843376
2474.91992 0.845803
2475.33008 0.848235
2475.75000 0.85066
2476.16992 0.853095
2476.59009 0.855531
2477.01001 0.857959
2477.42993 0.860395
2477.84009 0.862823
2478.26001 0.865258
2478.67993 0.867685
2479.10010 0.870121
2479.52002 0.872558
2479.93994 0.874937
2480.36011 0.876771
2480.77002 0.878437
2481.18994 0.880096
2481.61011 0.881759
2482.03003 0.883422
2482.44995 0.885088
2482.87012 0.886755
2483.29004 0.888419
2483.70996 0.890074
2484.12988 0.891739
2484.55005 0.893403
2484.96997 0.895068
2485.38989 0.896729
2485.81006 0.89839
2486.22998 0.900056
2486.64990 0.901721
2487.07007 0.903387
2487.48999 0.905053
2487.90991 0.906718
2488.33008 0.908379
2488.75000 0.91004
2489.16992 0.911706
2489.59009 0.913375
2490.01001 0.915042
2490.42993 0.916692
2490.85010 0.918347
2491.27002 0.920005
2491.68994 0.921659
2492.11011 0.923319
2492.53003 0.924972
2492.94995 0.926631
2493.37988 0.92829
2493.80005 0.929943
2494.21997 0.931603
2494.63989 0.933264
2495.06006 0.934925
2495.47998 0.936577
2495.90991 0.938235
2496.32007 0.939887
2496.75000 0.941545
2497.16992 0.943203
2497.59009 0.944862
2498.01001 0.94652
2498.42993 0.948173
2498.86011 0.949827
2499.28003 0.951486
2499.69995 0.953145
2500.12012 0.954444
2500.55005 0.955365
2500.96997 0.956172
2501.38989 0.956981
2501.81006 0.957792
2502.23999 0.958602
2502.65991 0.959412
2503.08008 0.960219
2503.50000 0.961027
2503.92993 0.961836
2504.35010 0.962643
2504.77002 0.963452
2505.19995 0.964262
2505.62012 0.965072
2506.04004 0.965878
2506.46997 0.966687
2506.88989 0.967493
2507.31006 0.968303
2507.73999 0.969111
2508.15991 0.96992
2508.58008 0.970727
2509.01001 0.971531
2509.42993 0.972339
2509.86011 0.973152
2510.28003 0.973988
2510.69995 0.974836
2511.12988 0.975679
2511.55005 0.976525
2511.96997 0.977372
2512.39990 0.978219
2512.82007 0.979067
2513.25000 0.979913
2513.66992 0.980757
2514.10010 0.981604
2514.52002 0.98245
2514.94995 0.9833
2515.37012 0.984146
2515.80005 0.984989
2516.21997 0.985834
2516.64990 0.986683
2517.07007 0.987532
2517.50000 0.988377
2517.91992 0.98922
2518.35010 0.990068
2518.77002 0.990917
2519.19995 0.991765
2519.62012 0.992611
2520.05005 0.993246
2520.47998 0.99351
2520.89990 0.993644
2521.33008 0.99378
2521.75000 0.993918
2522.17993 0.994055
2522.61011 0.99419
2523.03003 0.994325
2523.45996 0.994459
2523.87988 0.994594
2524.31006 0.994727
2524.73999 0.994859
2525.15991 0.994993
2525.59009 0.995129
2526.02002 0.995265
2526.43994 0.995399
2526.87012 0.995533
2527.30005 0.995666
2527.71997 0.995799
2528.14990 0.995932
2528.58008 0.996068
2529.00000 0.996203
2529.42993 0.996337
2529.86011 0.996471
2530.28003 0.996618
2530.70996 0.996772
2531.13989 0.996927
2531.57007 0.997083
2531.98999 0.997238
2532.41992 0.997391
2532.85010 0.997546
2533.28003 0.997699
2533.70996 0.997851
2534.12988 0.998004
2534.56006 0.998159
2534.98999 0.998314
2535.41992 0.998466
2535.85010 0.998619
2536.28003 0.998773
2536.69995 0.998927
2537.12988 0.999081
2537.56006 0.999234
2537.98999 0.999387
2538.41992 0.999542
2538.85010 0.999695
2539.28003 0.999848
2539.69995 1.0
2540.12988 0.999946
2540.56006 0.999687
2540.98999 0.99937
2541.41992 0.99905
2541.85010 0.998729
2542.28003 0.998409
2542.70996 0.998088
2543.13989 0.997769
2543.57007 0.997453
2544.00000 0.997138
2544.42993 0.996818
2544.86011 0.996496
2545.29004 0.996176
2545.71997 0.995858
2546.14990 0.995538
2546.58008 0.995219
2547.01001 0.994898
2547.43994 0.994577
2547.87012 0.994257
2548.30005 0.993936
2548.72998 0.993615
2549.15991 0.993297
2549.59009 0.992974
2550.02002 0.992651
2550.44995 0.992336
2550.87988 0.992021
2551.31006 0.991705
2551.73999 0.991387
2552.17993 0.991069
2552.61011 0.990753
2553.04004 0.990436
2553.46997 0.99012
2553.89990 0.989805
2554.33008 0.989489
2554.76001 0.989174
2555.19995 0.988857
2555.62988 0.988539
2556.06006 0.988221
2556.48999 0.987906
2556.91992 0.987589
2557.35010 0.987272
2557.78003 0.986953
2558.21997 0.986636
2558.64990 0.986317
2559.08008 0.985997
2559.52002 0.98568
2559.94995 0.985317
2560.37988 0.984698
2560.81006 0.983982
2561.23999 0.983265
2561.67993 0.98255
2562.11011 0.981835
2562.54004 0.98112
2562.96997 0.980404
2563.40991 0.979691
2563.84009 0.978975
2564.28003 0.978256
2564.70996 0.977539
2565.13989 0.976825
2565.57007 0.97611
2566.01001 0.975397
2566.43994 0.974679
2566.87012 0.973963
2567.31006 0.973244
2567.73999 0.972524
2568.17993 0.971808
2568.61011 0.971092
2569.04004 0.970379
2569.47998 0.96966
2569.90991 0.968941
2570.34009 0.968229
2570.78003 0.967524
2571.20996 0.966813
2571.64990 0.9661
2572.08008 0.965387
2572.52002 0.964678
2572.94995 0.96397
2573.38989 0.963257
2573.82007 0.962543
2574.25000 0.961833
2574.68994 0.96112
2575.12988 0.960409
2575.56006 0.959704
2575.98999 0.958994
2576.42993 0.958281
2576.87012 0.957568
2577.30005 0.956855
2577.73999 0.956146
2578.16992 0.955433
2578.61011 0.954722
2579.04004 0.95401
2579.47998 0.953301
2579.90991 0.952586
2580.35010 0.951884
2580.79004 0.951187
2581.21997 0.950493
2581.65991 0.949799
2582.09009 0.949102
2582.53003 0.948404
2582.96997 0.947707
2583.39990 0.94701
2583.84009 0.946315
2584.28003 0.945618
2584.70996 0.944923
2585.14990 0.944226
2585.58008 0.94353
2586.02002 0.942833
2586.45996 0.942136
2586.88989 0.941437
2587.33008 0.940738
2587.77002 0.940038
2588.19995 0.939344
2588.63989 0.938646
2589.08008 0.937947
2589.52002 0.937246
2589.94995 0.936548
2590.38989 0.935837
2590.83008 0.935122
2591.27002 0.934409
2591.70996 0.933699
2592.13989 0.932985
2592.58008 0.932273
2593.02002 0.931558
2593.45996 0.930848
2593.88989 0.930136
2594.33008 0.929421
2594.77002 0.928708
2595.20996 0.927994
2595.64990 0.92728
2596.09009 0.926565
2596.53003 0.925852
2596.95996 0.925138
2597.39990 0.924424
2597.84009 0.923709
2598.28003 0.922995
2598.71997 0.922284
2599.15991 0.921569
2599.60010 0.920853
2600.04004 0.920181
2600.46997 0.919675
2600.90991 0.919191
2601.35010 0.918707
2601.79004 0.918223
2602.22998 0.917737
2602.66992 0.917252
2603.11011 0.916767
2603.55005 0.916283
2603.98999 0.915803
2604.42993 0.915317
2604.87012 0.91483
2605.31006 0.914345
2605.75000 0.913858
2606.18994 0.913374
2606.62988 0.912889
2607.07007 0.912406
2607.51001 0.91192
2607.94995 0.911434
2608.38989 0.910949
2608.83008 0.910463
2609.28003 0.909975
2609.71997 0.909487
2610.15991 0.908996
2610.60010 0.908495
2611.04004 0.907995
2611.47998 0.907493
2611.91992 0.906989
2612.36011 0.906488
2612.80005 0.905987
2613.23999 0.905487
2613.67993 0.904984
2614.12012 0.904483
2614.57007 0.903978
2615.01001 0.903477
2615.44995 0.902974
2615.88989 0.90247
2616.34009 0.901968
2616.78003 0.901466
2617.21997 0.900963
2617.65991 0.900459
2618.10010 0.899955
2618.54004 0.899452
2618.98999 0.898946
2619.42993 0.898443
2619.87012 0.897941
2620.32007 0.897247
2620.76001 0.896488
2621.19995 0.895725
2621.63989 0.894961
2622.09009 0.894196
2622.53003 0.893434
2622.96997 0.892668
2623.41992 0.891905
2623.86011 0.891145
2624.30005 0.890379
2624.73999 0.88961
2625.18994 0.888845
2625.62988 0.888079
2626.07007 0.887316
2626.52002 0.886552
2626.95996 0.885788
2627.40991 0.885022
2627.85010 0.884252
2628.29004 0.883486
2628.73999 0.882721
2629.17993 0.881955
2629.62012 0.881193
2630.07007 0.880428
2630.51001 0.879679
2630.95996 0.878935
2631.39990 0.878189
2631.85010 0.877443
2632.29004 0.8767
2632.73999 0.875956
2633.17993 0.875213
2633.62988 0.874465
2634.07007 0.873717
2634.52002 0.872971
2634.95996 0.872225
2635.40991 0.871476
2635.85010 0.870731
2636.30005 0.869985
2636.73999 0.86924
2637.18994 0.868492
2637.62988 0.867742
2638.08008 0.866992
2638.52002 0.866247
2638.96997 0.865499
2639.41992 0.86475
2639.86011 0.864002
2640.31006 0.86353
2640.75000 0.863153
2641.19995 0.862788
2641.64990 0.862424
2642.09009 0.862062
2642.54004 0.861696
2642.97998 0.86133
2643.42993 0.86096
2643.87988 0.860592
2644.32007 0.860225
2644.77002 0.859858
2645.21997 0.859493
2645.65991 0.859131
2646.11011 0.858766
2646.56006 0.858398
2647.01001 0.858032
2647.44995 0.857666
2647.89990 0.857298
2648.35010 0.856932
2648.79004 0.856565
2649.23999 0.8562
2649.68994 0.855833
2650.13989 0.855471
2650.58008 0.855124
2651.03003 0.854778
2651.47998 0.854433
2651.92993 0.854087
2652.37988 0.853741
2652.82007 0.853396
2653.27002 0.853047
2653.71997 0.8527
2654.16992 0.852351
2654.62012 0.852003
2655.07007 0.851655
2655.51001 0.851308
2655.95996 0.850961
2656.40991 0.850615
2656.86011 0.850266
2657.31006 0.849918
2657.76001 0.849569
2658.20996 0.849221
2658.64990 0.848877
2659.10010 0.84853
2659.55005 0.84818
2660.00000 0.847829
2660.44995 0.847351
2660.89990 0.846873
2661.35010 0.846394
2661.80005 0.845916
2662.25000 0.845438
2662.69995 0.844958
2663.14990 0.844478
2663.60010 0.843997
2664.05005 0.843519
2664.50000 0.84304
2664.94995 0.842564
2665.39990 0.842083
2665.85010 0.841604
2666.30005 0.841121
2666.75000 0.840638
2667.19995 0.840156
2667.64990 0.839675
2668.10010 0.839195
2668.55005 0.838714
2669.00000 0.838234
2669.44995 0.837755
2669.89990 0.837272
2670.36011 0.836792
2670.81006 0.836311
2671.26001 0.835834
2671.70996 0.835356
2672.15991 0.834878
2672.61011 0.834397
2673.06006 0.833917
2673.51001 0.833435
2673.96997 0.832954
2674.41992 0.832476
2674.87012 0.831997
2675.32007 0.831517
2675.77002 0.831035
2676.21997 0.830552
2676.67993 0.830071
2677.12988 0.82959
2677.58008 0.829109
2678.03003 0.82863
2678.48999 0.828147
2678.93994 0.827664
2679.38989 0.827179
2679.84009 0.826709
2680.30005 0.82634
2680.75000 0.826053
2681.19995 0.825764
2681.65991 0.825476
2682.11011 0.825187
2682.56006 0.824898
2683.01001 0.824609
2683.46997 0.824319
2683.91992 0.824028
2684.37012 0.82374
2684.83008 0.823452
2685.28003 0.823164
2685.73999 0.822875
2686.18994 0.822585
2686.63989 0.822293
2687.10010 0.822002
2687.55005 0.821713
2688.00000 0.821426
2688.45996 0.821134
2688.90991 0.820843
2689.36011 0.820553
2689.82007 0.820263
2690.27002 0.819969
2690.72998 0.819672
2691.17993 0.819375
2691.63989 0.819081
2692.09009 0.818785
2692.55005 0.818485
2693.00000 0.818186
2693.45996 0.81789
2693.90991 0.817593
2694.37012 0.817298
2694.82007 0.817002
2695.28003 0.816706
2695.72998 0.816406
2696.18994 0.816107
2696.63989 0.815809
2697.10010 0.815512
2697.55005 0.815215
2698.01001 0.814919
2698.46997 0.814622
2698.91992 0.814327
2699.37988 0.814027
2699.83008 0.813721
2700.29004 0.813496
2700.75000 0.813307
2701.19995 0.813118
2701.65991 0.81293
2702.11011 0.812742
2702.57007 0.812554
2703.03003 0.812365
2703.47998 0.812175
2703.93994 0.811987
2704.39990 0.811797
2704.85010 0.811606
2705.31006 0.811414
2705.77002 0.811223
2706.21997 0.811033
2706.67993 0.810844
2707.13989 0.810654
2707.60010 0.810461
2708.05005 0.810269
2708.51001 0.810081
2708.96997 0.80989
2709.42993 0.809697
2709.87988 0.809505
2710.34009 0.8093
2710.80005 0.80909
2711.26001 0.808881
2711.71997 0.80867
2712.17993 0.808459
2712.62988 0.808246
2713.09009 0.808035
2713.55005 0.807823
2714.01001 0.807613
2714.46997 0.8074
2714.92993 0.807187
2715.37988 0.806975
2715.84009 0.806762
2716.30005 0.806549
2716.76001 0.806337
2717.21997 0.806125
2717.67993 0.805913
2718.13989 0.8057
2718.59009 0.805489
2719.05005 0.805277
2719.51001 0.805064
2719.96997 0.804862
2720.42993 0.804711
2720.88989 0.804577
2721.35010 0.804446
2721.81006 0.804315
2722.27002 0.804184
2722.72998 0.804051
2723.18994 0.80392
2723.64990 0.80379
2724.11011 0.803659
2724.57007 0.803527
2725.03003 0.803396
2725.48999 0.803264
2725.94995 0.803134
2726.40991 0.803001
2726.87012 0.802867
2727.33008 0.802733
2727.79004 0.802598
2728.26001 0.802464
2728.71997 0.802333
2729.17993 0.8022
2729.63989 0.802066
2730.10010 0.801927
2730.56006 0.801771
2731.02002 0.801615
2731.47998 0.801454
2731.93994 0.801293
2732.40991 0.801135
2732.87012 0.800977
2733.33008 0.800819
2733.79004 0.80066
2734.25000 0.800502
2734.70996 0.800344
2735.16992 0.800186
2735.63989 0.800026
2736.10010 0.799865
2736.56006 0.799706
2737.03003 0.799544
2737.48999 0.799386
2737.94995 0.799229
2738.40991 0.799069
2738.87012 0.798909
2739.34009 0.798748
2739.80005 0.798583
2740.26001 0.798381
2740.71997 0.798138
2741.18994 0.797895
2741.64990 0.797652
2742.11011 0.797408
2742.58008 0.797164
2743.04004 0.796919
2743.50000 0.796676
2743.96997 0.796434
2744.42993 0.796188
2744.88989 0.795942
2745.36011 0.795697
2745.82007 0.795454
2746.28003 0.795211
2746.75000 0.794967
2747.20996 0.794723
2747.67993 0.794478
2748.13989 0.794233
2748.60010 0.793988
2749.07007 0.793742
2749.53003 0.793495
2750.00000 0.793247
2750.45996 0.793
2750.92993 0.792754
2751.38989 0.792509
2751.86011 0.792261
2752.32007 0.792016
2752.79004 0.79177
2753.25000 0.791523
2753.71997 0.791274
2754.17993 0.791025
2754.64990 0.790776
2755.11011 0.790528
2755.58008 0.790282
2756.04004 0.790036
2756.51001 0.789787
2756.96997 0.789538
2757.43994 0.789289
2757.90991 0.78904
2758.37012 0.78879
2758.84009 0.78854
2759.30005 0.788291
2759.77002 0.788042
2760.23999 0.787746
2760.69995 0.787414
2761.16992 0.787079
2761.62988 0.786742
2762.10010 0.786404
2762.57007 0.786068
2763.03003 0.785732
2763.50000 0.785396
2763.96997 0.78506
2764.42993 0.784721
2764.89990 0.784382
2765.37012 0.784044
2765.84009 0.783704
2766.30005 0.783366
2766.77002 0.78303
2767.23999 0.782692
2767.70996 0.782353
2768.16992 0.782016
2768.63989 0.781677
2769.11011 0.781338
2769.58008 0.780998
2770.05005 0.780661
2770.51001 0.780355
2770.97998 0.780049
2771.44995 0.77974
2771.91992 0.779433
2772.38989 0.779127
2772.85010 0.778821
2773.32007 0.778514
2773.79004 0.778206
2774.26001 0.777898
2774.71997 0.777591
2775.18994 0.777283
2775.65991 0.776976
2776.12988 0.776667
2776.60010 0.776358
2777.07007 0.776049
2777.54004 0.77574
2778.01001 0.775431
2778.47998 0.775121
2778.94995 0.774809
2779.41992 0.7745
2779.88989 0.774192
2780.36011 0.773975
2780.83008 0.773784
2781.30005 0.773597
2781.76001 0.773415
2782.22998 0.77323
2782.69995 0.773043
2783.17993 0.772856
2783.64990 0.77267
2784.11011 0.772484
2784.59009 0.772297
2785.06006 0.772112
2785.53003 0.771926
2786.00000 0.77174
2786.46997 0.771553
2786.93994 0.771365
2787.40991 0.771175
2787.87988 0.770984
2788.35010 0.770796
2788.82007 0.77061
2789.29004 0.770424
2789.76001 0.770236
2790.23999 0.770049
2790.69995 0.769863
2791.17993 0.769678
2791.64990 0.769493
