threeML/data/optical_filters/HST/ACS_WFC-F555W_81.ecsv
# %ECSV 0.9
# ---
# datatype:
# - {name: wavelength, unit: Angstrom, datatype: float32}
# - {name: response, datatype: float32}
# meta: !!omap
# - {band_name: F555W_81}
# - {group_name: ACS_WFC}
wavelength response
4089.39307 0.0
4543.77002 0.00219816
4544.27002 0.00222633
4544.77979 0.00225465
4545.27979 0.00228297
4545.77979 0.00231102
4546.27979 0.00233924
4546.79004 0.00236758
4547.29004 0.00239581
4547.79004 0.00242391
4548.29004 0.00245226
4548.79004 0.0024805
4549.29980 0.00250876
4549.79980 0.00253717
4550.29980 0.0025652
4550.81006 0.00259345
4551.31006 0.00262159
4551.81006 0.0026497
4552.31006 0.00267784
4552.81006 0.00270599
4553.31982 0.00273427
4553.81982 0.00276242
4554.31982 0.00279056
4554.83008 0.00281871
4555.33008 0.00284702
4555.83008 0.00287517
4556.33008 0.00290322
4556.83984 0.00293154
4557.33984 0.00295972
4557.85010 0.00298788
4558.35010 0.00301623
4558.85010 0.00304428
4559.35010 0.00307246
4559.85986 0.00310081
4560.37012 0.00321082
4560.87012 0.0033515
4561.37012 0.00349138
4561.87988 0.0036328
4562.37988 0.00377357
4562.87988 0.0039145
4563.39014 0.00405533
4563.89014 0.00419687
4564.39990 0.0043379
4564.89990 0.00447881
4565.39990 0.0046199
4565.91016 0.00476101
4566.41016 0.00490202
4566.91992 0.00504402
4567.41992 0.00518523
4567.91992 0.00532578
4568.43018 0.00546773
4568.93994 0.00560985
4569.43994 0.00575118
4569.93994 0.005892
4570.45020 0.00603392
4570.95020 0.00617513
4571.45996 0.00631636
4571.95996 0.00645828
4572.47021 0.00659954
4572.97021 0.00674094
4573.47998 0.00688224
4573.97998 0.00702437
4574.49023 0.00716582
4574.99023 0.00730646
4575.50000 0.00744877
4576.00977 0.00759027
4576.50977 0.00773178
4577.02002 0.00787331
4577.52002 0.00801485
4578.02979 0.00815724
4578.52979 0.00829895
4579.04004 0.00844136
4579.54004 0.00858227
4580.04980 0.00872509
4580.56006 0.00887893
4581.06006 0.00903115
4581.56982 0.00918486
4582.06982 0.00933784
4582.58008 0.00949174
4583.08984 0.00964491
4583.58984 0.0097972
4584.10010 0.00995113
4584.60010 0.0101043
4585.10986 0.0102577
4585.62012 0.0104117
4586.12012 0.0105642
4586.62988 0.0107176
4587.12988 0.0108708
4587.64014 0.011025
4588.14990 0.0111792
4588.66016 0.0113319
4589.16016 0.0114861
4589.66992 0.0116396
4590.18018 0.0118075
4590.68994 0.0120035
4591.18994 0.0121984
4591.70020 0.0123935
4592.20996 0.0125887
4592.70996 0.0127839
4593.22021 0.01298
4593.72998 0.0131744
4594.24023 0.0133706
4594.74023 0.0135651
4595.25000 0.0137616
4595.75977 0.0139561
4596.27002 0.0141527
4596.77002 0.0143483
4597.27979 0.014544
4597.79004 0.0147408
4598.29980 0.0149368
4598.79980 0.0151327
4599.31006 0.0153296
4599.81982 0.0155267
4600.33008 0.0157694
4600.83984 0.0160392
4601.35010 0.0163104
4601.85010 0.0165803
4602.35986 0.016849
4602.87012 0.0171202
4603.37988 0.0173903
4603.89014 0.0176606
4604.39014 0.0179294
4604.89990 0.0182011
4605.41016 0.0184713
4605.91992 0.0187418
4606.43018 0.0190136
4606.93994 0.0192855
4607.45020 0.0195548
4607.95020 0.0198257
4608.47021 0.020099
4608.97021 0.0203687
4609.47998 0.0206395
4609.99023 0.0209119
4610.50000 0.0212511
4611.00977 0.0215896
4611.52002 0.0219314
4612.02979 0.0222716
4612.54004 0.0226121
4613.04004 0.0229507
4613.56006 0.0232929
4614.06006 0.0236332
4614.56982 0.0239739
4615.08984 0.0243162
4615.60010 0.0246585
4616.10010 0.0249976
4616.60986 0.0253387
4617.12988 0.0256811
4617.64014 0.0260222
4618.14990 0.0263647
4618.66016 0.0267059
4619.16992 0.0270471
4619.68018 0.0273883
4620.18994 0.0277695
4620.70020 0.02822
4621.20996 0.0286707
4621.72021 0.0291218
4622.22998 0.0295726
4622.74023 0.0300261
4623.25000 0.030475
4623.75977 0.0309292
4624.27002 0.0313804
4624.77979 0.0318325
4625.29004 0.0322844
4625.79980 0.0327386
4626.31006 0.033191
4626.83008 0.0336453
4627.33984 0.0341001
4627.85010 0.0345507
4628.35986 0.0350036
4628.87012 0.0354588
4629.37988 0.0359119
4629.89014 0.0363629
4630.39990 0.0368991
4630.91016 0.0374611
4631.43018 0.0380205
4631.93994 0.0385768
4632.45020 0.0391389
4632.95996 0.0396984
4633.47021 0.0402581
4633.97998 0.0408211
4634.50000 0.0413808
4635.00977 0.0419406
4635.52002 0.042501
4636.04004 0.0430667
4636.54004 0.0436241
4637.06006 0.0441847
4637.56982 0.044748
4638.08008 0.0453087
4638.58984 0.0458667
4639.10010 0.046428
4639.62012 0.0469916
4640.12988 0.0475915
4640.64014 0.0483004
4641.14990 0.0490168
4641.66992 0.04973
4642.18018 0.0504432
4642.68994 0.0511607
4643.20996 0.0518776
4643.72021 0.0525878
4644.22998 0.0533022
4644.74023 0.0540195
4645.25977 0.0547342
4645.77002 0.0554523
4646.29004 0.056167
4646.79980 0.056882
4647.31006 0.057597
4647.81982 0.0583128
4648.33984 0.0590281
4648.85010 0.0597441
4649.35986 0.0604596
4649.87988 0.0611793
4650.39014 0.0620219
4650.89990 0.0628997
4651.41992 0.0637861
4651.93018 0.0646684
4652.43994 0.0655517
4652.95996 0.0664343
4653.47021 0.067322
4653.99023 0.0682057
4654.50000 0.0690887
4655.02002 0.069982
4655.52979 0.070862
4656.04980 0.0717463
4656.56006 0.0726307
4657.06982 0.0735204
4657.58984 0.0744009
4658.10010 0.0752858
4658.62012 0.076176
4659.12988 0.077062
4659.64014 0.077944
4660.16016 0.0788788
4660.66992 0.0799083
4661.18994 0.080939
4661.70020 0.0819737
4662.22021 0.0830047
4662.72998 0.084036
4663.25000 0.0850665
4663.77002 0.086104
4664.27979 0.0871358
4664.79980 0.0881679
4665.31006 0.0892002
4665.83008 0.0902386
4666.33984 0.0912663
4666.85010 0.0922991
4667.37012 0.093338
4667.89014 0.0943722
4668.39990 0.0954066
4668.91992 0.0964412
4669.43018 0.097476
4669.95020 0.0985121
4670.47021 0.0996537
4670.97998 0.100808
4671.50000 0.10195
4672.00977 0.1031
4672.52979 0.104255
4673.04980 0.105404
4673.56006 0.106554
4674.08008 0.107705
4674.60010 0.10886
4675.10986 0.110012
4675.62988 0.111163
4676.14014 0.112314
4676.66016 0.113466
4677.18018 0.114618
4677.68994 0.115776
4678.20996 0.116923
4678.72021 0.118076
4679.24023 0.119235
4679.75977 0.120388
4680.27002 0.121645
4680.79004 0.12299
4681.31006 0.124344
4681.83008 0.12569
4682.33984 0.127037
4682.85986 0.128385
4683.37988 0.129738
4683.89990 0.131087
4684.41016 0.132435
4684.93018 0.13379
4685.45020 0.135133
4685.97021 0.136483
4686.47998 0.137839
4687.00000 0.139189
4687.52002 0.140534
4688.02979 0.141886
4688.54980 0.143243
4689.06982 0.144595
4689.58984 0.145954
4690.10986 0.147417
4690.62988 0.149297
4691.14014 0.151177
4691.66016 0.153067
4692.18018 0.15495
4692.70020 0.156831
4693.22021 0.158714
4693.74023 0.160607
4694.25000 0.16248
4694.77002 0.164365
4695.29004 0.166258
4695.81006 0.168143
4696.33008 0.170031
4696.83984 0.171907
4697.35986 0.173802
4697.87988 0.17569
4698.39990 0.177579
4698.93018 0.179486
4699.43994 0.181366
4699.95996 0.183255
4700.47998 0.184847
4701.00000 0.186407
4701.52002 0.187966
4702.04004 0.189527
4702.56006 0.191095
4703.08008 0.192655
4703.60010 0.194217
4704.10986 0.195779
4704.62988 0.197342
4705.14990 0.198906
4705.66992 0.20047
4706.18994 0.202033
4706.70996 0.203599
4707.22998 0.205164
4707.75000 0.206738
4708.27002 0.208304
4708.79004 0.209871
4709.31006 0.211445
4709.83008 0.213014
4710.35010 0.214603
4710.87012 0.216204
4711.39990 0.217811
4711.91992 0.219412
4712.43994 0.221014
4712.95996 0.222623
4713.47998 0.224217
4714.00000 0.22582
4714.52002 0.227422
4715.04004 0.229032
4715.56006 0.230627
4716.08008 0.23223
4716.60010 0.233841
4717.12012 0.235444
4717.64014 0.237039
4718.16016 0.238659
4718.68994 0.240264
4719.20996 0.241868
4719.72998 0.243474
4720.25000 0.24514
4720.77002 0.24686
4721.29004 0.248581
4721.81006 0.25031
4722.33008 0.252023
4722.85010 0.253746
4723.37988 0.255468
4723.89990 0.2572
4724.41992 0.258922
4724.93994 0.260639
4725.45996 0.262372
4725.97998 0.264097
4726.50977 0.265822
4727.02979 0.267548
4727.54980 0.269284
4728.06982 0.27101
4728.60010 0.272739
4729.12012 0.274476
4729.64014 0.276204
4730.16016 0.277886
4730.68994 0.279474
4731.20996 0.281054
4731.72998 0.282634
4732.25000 0.284207
4732.77979 0.285797
4733.29980 0.287378
4733.81982 0.28896
4734.33984 0.290543
4734.87012 0.292126
4735.39014 0.29371
4735.91016 0.295301
4736.43994 0.296887
4736.95996 0.298471
4737.47998 0.300057
4738.00977 0.30165
4738.52979 0.303237
4739.04980 0.304822
4739.58008 0.306418
4740.10010 0.308032
4740.62012 0.309755
4741.14990 0.311471
4741.66992 0.313204
4742.18994 0.31493
4742.72021 0.316653
4743.24023 0.318389
4743.77002 0.320106
4744.29004 0.321832
4744.81006 0.323567
4745.33984 0.325294
4745.85986 0.327012
4746.39014 0.328749
4746.91016 0.330486
4747.43994 0.332214
4747.95996 0.333943
4748.49023 0.33568
4749.00977 0.337409
4749.52979 0.339141
4750.06006 0.340889
4750.58008 0.342795
4751.10986 0.344699
4751.62988 0.346605
4752.16016 0.34852
4752.68018 0.350428
4753.20020 0.352326
4753.72998 0.354243
4754.25977 0.356154
4754.77979 0.358063
4755.31006 0.359974
4755.83008 0.361895
4756.35986 0.363807
4756.87988 0.36572
4757.41016 0.367642
4757.93994 0.369556
4758.45996 0.37147
4758.97998 0.373386
4759.50977 0.375312
4760.04004 0.377205
4760.56006 0.378803
4761.08984 0.380416
4761.60986 0.382022
4762.14014 0.383629
4762.66992 0.385244
4763.18994 0.386844
4763.72021 0.38845
4764.24023 0.390066
4764.77002 0.391675
4765.29980 0.393284
4765.81982 0.394894
4766.35010 0.396511
4766.87012 0.398113
4767.39990 0.399732
4767.93018 0.401343
4768.45996 0.402962
4768.97998 0.404575
4769.50977 0.406179
4770.04004 0.40782
4770.56006 0.409746
4771.08984 0.411672
4771.62012 0.413611
4772.14014 0.41553
4772.66992 0.417457
4773.20020 0.419397
4773.72021 0.421327
4774.25000 0.423249
4774.77979 0.42519
4775.31006 0.427133
4775.83008 0.429066
4776.35986 0.430999
4776.89014 0.432944
4777.41992 0.434878
4777.93994 0.436814
4778.47021 0.438751
4779.00000 0.440688
4779.52979 0.442626
4780.06006 0.444562
4780.58984 0.446491
4781.10986 0.448401
4781.64014 0.450331
4782.16992 0.45225
4782.68994 0.454172
4783.22021 0.456094
4783.75000 0.458015
4784.27979 0.459946
4784.81006 0.46187
4785.33984 0.463793
4785.87012 0.465727
4786.39014 0.467642
4786.91992 0.469576
4787.45020 0.471502
4787.97998 0.473437
4788.50977 0.475365
4789.04004 0.477281
4789.56982 0.479219
4790.10010 0.481148
4790.62988 0.483084
4791.16016 0.48503
4791.68018 0.486956
4792.20996 0.488894
4792.74023 0.490832
4793.27002 0.49278
4793.79980 0.494719
4794.33008 0.49666
4794.85986 0.498609
4795.39014 0.50054
4795.91992 0.50249
4796.45020 0.504433
4796.97998 0.506384
4797.50977 0.508327
4798.04004 0.510261
4798.56982 0.512215
4799.10010 0.51416
4799.62988 0.516106
4800.16016 0.517944
4800.68994 0.519495
4801.22021 0.521055
4801.75000 0.522616
4802.27979 0.524185
4802.81006 0.52574
4803.33984 0.52731
4803.87012 0.528882
4804.39990 0.530444
4804.93018 0.532008
4805.47021 0.533581
4806.00000 0.535146
4806.52979 0.536712
4807.06006 0.538271
4807.58984 0.539844
4808.12012 0.541412
4808.64990 0.542979
4809.18018 0.544557
4809.70996 0.546117
4810.24023 0.547812
4810.77002 0.549625
4811.31006 0.551458
4811.83008 0.553275
4812.37012 0.55511
4812.89990 0.556945
4813.43018 0.558771
4813.95996 0.560598
4814.50000 0.562437
4815.02002 0.564256
4815.56006 0.566095
4816.08984 0.567925
4816.62012 0.569757
4817.16016 0.571598
4817.68994 0.57342
4818.22021 0.575261
4818.75000 0.577095
4819.27979 0.578929
4819.81006 0.580755
4820.35010 0.58244
4820.87988 0.584035
4821.41016 0.585628
4821.93994 0.58723
4822.47998 0.588818
4823.00977 0.590421
4823.54004 0.592025
4824.06982 0.593614
4824.60986 0.59522
4825.14014 0.596817
4825.68018 0.598423
4826.20996 0.600023
4826.74023 0.601616
4827.27002 0.603224
4827.81006 0.604825
4828.33984 0.606427
4828.87012 0.608021
4829.41016 0.609632
4829.93994 0.611235
4830.47021 0.612803
4831.00977 0.614373
4831.54004 0.615927
4832.06982 0.617498
4832.60986 0.619071
4833.14014 0.620636
4833.68018 0.622199
4834.20996 0.623757
4834.75000 0.62534
4835.27979 0.626906
4835.81006 0.628467
4836.35010 0.630043
4836.87988 0.63162
4837.41016 0.63318
4837.95020 0.634749
4838.47998 0.636321
4839.02002 0.637901
4839.54980 0.639466
4840.08984 0.640974
4840.62012 0.642093
4841.14990 0.643221
4841.68994 0.64435
4842.22998 0.645476
4842.75977 0.646601
4843.29004 0.647721
4843.83008 0.648852
4844.37012 0.649983
4844.89990 0.651109
4845.43994 0.652235
4845.97021 0.653367
4846.50000 0.654489
4847.04004 0.655616
4847.58008 0.656749
4848.10986 0.657877
4848.64014 0.659
4849.18018 0.660135
4849.72021 0.661264
4850.25000 0.662559
4850.79004 0.664049
4851.31982 0.665524
4851.85986 0.667015
4852.39014 0.668492
4852.93018 0.669984
4853.47021 0.671475
4854.00977 0.67296
4854.54004 0.674451
4855.08008 0.675936
4855.60986 0.677414
4856.14990 0.678908
4856.68994 0.680395
4857.22021 0.681883
4857.75977 0.683363
4858.29980 0.684859
4858.83008 0.686347
4859.37012 0.687836
4859.91016 0.689331
4860.43994 0.690154
4860.97998 0.690842
4861.52002 0.691528
4862.04980 0.692214
4862.58984 0.692904
4863.12012 0.693587
4863.66992 0.69428
4864.20020 0.694967
4864.74023 0.695651
4865.27979 0.696341
4865.81982 0.697032
4866.35010 0.697717
4866.89014 0.698402
4867.43018 0.699094
4867.97021 0.699787
4868.50000 0.700472
4869.04004 0.701165
4869.56982 0.701852
4870.10986 0.702577
4870.64990 0.70342
4871.18994 0.704259
4871.72998 0.705099
4872.25977 0.705934
4872.79980 0.706779
4873.33984 0.707624
4873.87988 0.708465
4874.41992 0.709305
4874.95996 0.710151
4875.50000 0.710989
4876.02979 0.711831
4876.56982 0.712673
4877.10986 0.713518
4877.64990 0.714356
4878.18994 0.715203
4878.72998 0.716046
4879.27002 0.71689
4879.81006 0.717737
4880.33984 0.718553
4880.87988 0.719365
4881.41992 0.720168
4881.95996 0.72098
4882.50000 0.721793
4883.04004 0.722598
4883.58008 0.723411
4884.12012 0.724223
4884.66016 0.725028
4885.20020 0.725841
4885.74023 0.726651
4886.27979 0.727462
4886.81006 0.728269
4887.35986 0.729083
4887.89990 0.729898
4888.43994 0.730704
4888.97998 0.731519
4889.50977 0.732327
4890.06006 0.733121
4890.60010 0.733714
4891.14014 0.734309
4891.68018 0.734906
4892.22021 0.735498
4892.75977 0.736097
4893.29980 0.736696
4893.83984 0.737288
4894.37988 0.737887
4894.91992 0.738486
4895.45996 0.73908
4896.00000 0.739673
4896.54004 0.740272
4897.08008 0.740872
4897.62012 0.741467
4898.16016 0.742068
4898.70020 0.742663
4899.25000 0.743264
4899.77979 0.743859
4900.33008 0.744402
4900.87012 0.744901
4901.41016 0.745397
4901.95020 0.745898
4902.50000 0.746398
4903.02979 0.746893
4903.58008 0.747395
4904.12012 0.747897
4904.66016 0.748393
4905.20020 0.748893
4905.74023 0.749392
4906.29004 0.749895
4906.83008 0.750392
4907.37012 0.750893
4907.91016 0.75139
4908.45020 0.751893
4908.99023 0.752391
4909.54004 0.752894
4910.08008 0.75341
4910.62012 0.753997
4911.16016 0.75459
4911.70996 0.755183
4912.25000 0.755772
4912.79004 0.756366
4913.33984 0.75696
4913.87988 0.757549
4914.41992 0.758143
4914.97021 0.758735
4915.50977 0.759326
4916.04980 0.759915
4916.58984 0.760512
4917.14014 0.761109
4917.68018 0.761699
4918.22021 0.762288
4918.75977 0.762884
4919.31006 0.763481
4919.85010 0.764076
4920.39990 0.764537
4920.93994 0.76495
4921.47998 0.765359
4922.02979 0.765773
4922.56982 0.766186
4923.10986 0.766595
4923.66016 0.767009
4924.20020 0.767423
4924.74023 0.767834
4925.29004 0.768244
4925.83008 0.768658
4926.37988 0.769072
4926.91992 0.769482
4927.45996 0.769893
4928.00977 0.770308
4928.54980 0.770723
4929.10010 0.771136
4929.64014 0.771553
4930.18994 0.771995
4930.72998 0.772491
4931.27979 0.772992
4931.81982 0.773494
4932.35986 0.773991
4932.91016 0.774494
4933.45996 0.774995
4934.00000 0.775493
4934.54004 0.775993
4935.08984 0.776494
4935.64014 0.776996
4936.18018 0.777494
4936.72998 0.777997
4937.27002 0.778496
4937.81006 0.779
4938.35986 0.779499
4938.89990 0.780004
4939.45020 0.780508
4939.99023 0.781006
4940.54004 0.780789
4941.08984 0.780565
4941.62988 0.780344
4942.18018 0.78012
4942.72998 0.779895
4943.27002 0.779672
4943.81982 0.779447
4944.37012 0.779222
4944.91016 0.778999
4945.45020 0.778778
4946.00000 0.778554
4946.54980 0.778328
4947.10010 0.778103
4947.64014 0.777879
4948.18994 0.777652
4948.72998 0.777427
4949.27979 0.777203
4949.83008 0.776976
4950.37988 0.777871
4950.91992 0.779265
4951.47021 0.780673
4952.02002 0.782083
4952.56006 0.783476
4953.10986 0.784885
4953.66016 0.786295
4954.20020 0.787691
4954.75000 0.789087
4955.29980 0.790499
4955.85010 0.791909
4956.39014 0.793308
