threeML/data/optical_filters/HST/ACS_WFC-F555W_77.ecsv
# %ECSV 0.9
# ---
# datatype:
# - {name: wavelength, unit: Angstrom, datatype: float32}
# - {name: response, datatype: float32}
# meta: !!omap
# - {band_name: F555W_77}
# - {group_name: ACS_WFC}
wavelength response
[from data line 1594]
5417.24023 0.946316
5417.83984 0.94665
5418.43994 0.946979
5419.04004 0.947306
5419.64014 0.947639
5420.22998 0.948117
5420.83008 0.948822
5421.43018 0.949526
5422.02979 0.950238
5422.62988 0.950948
5423.22998 0.951653
5423.83008 0.952363
5424.41992 0.953066
5425.02002 0.953776
5425.62012 0.954483
5426.22021 0.955191
5426.81982 0.955906
5427.41992 0.95661
5428.02002 0.957323
5428.62012 0.958035
5429.22021 0.95874
5429.81982 0.959454
5430.41992 0.959996
5431.02002 0.960462
5431.62012 0.960928
5432.22021 0.961399
5432.81982 0.96187
5433.41992 0.962336
5434.02002 0.962807
5434.62012 0.963274
5435.22021 0.963745
5435.81982 0.964216
5436.41992 0.964686
5437.02002 0.965157
5437.62012 0.965623
5438.22021 0.966095
5438.81982 0.966567
5439.41992 0.967035
5440.02979 0.9675
5440.62988 0.967807
5441.22998 0.96811
5441.83008 0.968413
5442.43018 0.968718
5443.02979 0.969025
5443.62988 0.969327
5444.22998 0.969632
5444.83008 0.969935
5445.43018 0.970242
5446.04004 0.970548
5446.64014 0.970852
5447.24023 0.971158
5447.83984 0.97146
5448.43994 0.971766
5449.04980 0.972072
5449.64990 0.972376
5450.25000 0.972521
5450.85010 0.972435
5451.45020 0.972348
5452.06006 0.972259
5452.66016 0.972173
5453.25977 0.972087
5453.85986 0.971999
5454.45996 0.971911
5455.06982 0.971823
5455.66992 0.971735
5456.27002 0.971647
5456.87012 0.97156
5457.47998 0.971472
5458.08008 0.971383
5458.68018 0.971295
5459.29004 0.971206
5459.89014 0.971118
5460.49023 0.971568
5461.10010 0.972144
5461.70020 0.972715
5462.29980 0.973291
5462.91016 0.973868
5463.50977 0.974439
5464.10986 0.97501
5464.70996 0.975587
5465.31982 0.976163
5465.91992 0.976735
5466.52979 0.977313
5467.12988 0.977885
5467.72998 0.978462
5468.33984 0.97904
5468.93994 0.979612
5469.54980 0.980189
5470.14990 0.980688
5470.75000 0.980965
5471.35986 0.98124
5471.95996 0.981511
5472.56982 0.981787
5473.16992 0.982063
5473.77002 0.982335
5474.37988 0.98261
5474.97998 0.982883
5475.58984 0.983157
5476.18994 0.983429
5476.79980 0.983705
5477.39990 0.983976
5478.00977 0.984251
5478.62012 0.984526
5479.22021 0.984799
5479.81982 0.985076
5480.43018 0.985203
5481.02979 0.985272
5481.64014 0.985341
5482.24023 0.985411
5482.85010 0.985482
5483.45996 0.985551
5484.06006 0.985619
5484.66992 0.985687
5485.27979 0.985756
5485.87988 0.985824
5486.47998 0.985893
5487.08984 0.985962
5487.70020 0.986031
5488.29980 0.986099
5488.91016 0.986167
5489.50977 0.986234
5490.12012 0.986461
5490.72998 0.9873
5491.33008 0.988148
5491.93994 0.988997
5492.54980 0.989837
5493.16016 0.990687
5493.77002 0.991536
5494.37012 0.992377
5494.97998 0.993227
5495.58984 0.994076
5496.18994 0.994918
5496.79004 0.99576
5497.39990 0.99661
5498.00977 0.997462
5498.62012 0.998304
5499.22998 0.999156
5499.83008 1.0
5500.43994 0.999729
5501.04004 0.999034
5501.64990 0.998329
5502.27002 0.997625
5502.87012 0.996928
5503.47998 0.996223
5504.08984 0.995517
5504.68994 0.994819
5505.29980 0.994113
5505.91016 0.993405
5506.52002 0.992705
5507.12988 0.992
5507.72998 0.991295
5508.35010 0.990585
5508.95020 0.989882
5509.56006 0.989172
5510.16992 0.988655
5510.77979 0.988629
5511.37988 0.988601
5511.99023 0.988573
5512.60010 0.988545
5513.20996 0.988517
5513.81982 0.988489
5514.43018 0.988462
5515.04004 0.988434
5515.64990 0.988406
5516.25977 0.988377
5516.87012 0.988349
5517.47998 0.988322
5518.08984 0.988295
5518.70020 0.988265
5519.29980 0.988237
5519.91016 0.988208
5520.52979 0.98797
5521.12988 0.987701
5521.74023 0.987431
5522.35010 0.987157
5522.95996 0.986884
5523.56982 0.986614
5524.18018 0.98634
5524.79980 0.986067
5525.39990 0.985796
5526.02002 0.985521
5526.62012 0.985248
5527.22998 0.984975
5527.85010 0.9847
5528.45996 0.984425
5529.06982 0.984153
5529.68018 0.98388
5530.29004 0.983705
5530.89990 0.983642
5531.50977 0.983578
5532.12012 0.983516
5532.72998 0.983454
5533.33984 0.98339
5533.95020 0.983326
5534.56006 0.983262
5535.18018 0.983197
5535.79004 0.983134
5536.39990 0.983071
5537.00977 0.983006
5537.62012 0.982943
5538.24023 0.982878
5538.85010 0.982812
5539.45996 0.982747
5540.06982 0.98263
5540.68018 0.982094
5541.29980 0.981555
5541.89990 0.981022
5542.52002 0.980487
5543.12988 0.979947
5543.74023 0.97941
5544.35010 0.978875
5544.97021 0.978336
5545.58008 0.977797
5546.18994 0.977258
5546.81006 0.976718
5547.41992 0.976177
5548.02979 0.975641
5548.64014 0.975101
5549.25977 0.974556
5549.87012 0.974021
5550.47998 0.97412
5551.10010 0.974391
5551.70996 0.974662
5552.31982 0.974932
5552.93994 0.975205
5553.54980 0.975476
5554.16016 0.975747
5554.77002 0.976017
5555.39014 0.976291
5556.00000 0.976566
5556.60986 0.976836
5557.22998 0.977109
5557.85010 0.977382
5558.45020 0.977652
5559.06982 0.977924
5559.68994 0.978196
5560.29980 0.977904
5560.91016 0.977014
5561.52979 0.976131
5562.14014 0.975239
5562.75000 0.974355
5563.37012 0.973462
5563.99023 0.972569
5564.60010 0.971684
5565.20996 0.970793
5565.83008 0.969902
5566.43994 0.969008
5567.06006 0.968122
5567.66992 0.967224
5568.29004 0.966327
5568.89990 0.96544
5569.52002 0.964543
5570.12988 0.963894
5570.75000 0.964124
5571.37012 0.964356
5571.97998 0.964586
5572.60010 0.964818
5573.20996 0.965048
5573.81982 0.965279
5574.43994 0.96551
5575.06006 0.96574
5575.66992 0.965972
5576.29004 0.966204
5576.89990 0.966434
5577.52002 0.966664
5578.14014 0.966896
5578.75000 0.967125
5579.37012 0.967356
5579.97998 0.967587
5580.60010 0.967007
5581.22021 0.966412
5581.83008 0.965813
5582.45020 0.965215
5583.06982 0.964613
5583.68994 0.964012
5584.29980 0.963415
5584.91992 0.962812
5585.52979 0.962214
5586.14990 0.961612
5586.77002 0.96101
5587.39014 0.960409
5588.00000 0.95981
5588.62012 0.959205
5589.24023 0.9586
5589.85010 0.958002
5590.47021 0.957656
5591.08984 0.95739
5591.70996 0.957128
5592.31982 0.956865
5592.93994 0.956601
5593.56006 0.956338
5594.18018 0.956072
5594.79004 0.95581
5595.41016 0.955544
5596.02979 0.955278
5596.64990 0.955014
5597.27002 0.954749
5597.89014 0.954484
5598.50000 0.954218
5599.12012 0.953952
5599.74023 0.953685
5600.35986 0.953115
5600.97998 0.95232
5601.60010 0.95152
5602.20996 0.950724
5602.83984 0.949923
5603.45020 0.949125
5604.06982 0.948328
5604.68994 0.947526
5605.31006 0.946731
5605.93018 0.945928
5606.54980 0.945128
5607.16992 0.944328
5607.79004 0.943523
5608.39990 0.942726
5609.02002 0.941926
5609.64990 0.941118
5610.27002 0.940612
5610.87988 0.940503
5611.50000 0.940393
5612.12012 0.940282
5612.74023 0.940172
5613.35986 0.94006
5613.99023 0.939948
5614.60010 0.939837
5615.22021 0.939727
5615.83984 0.939615
5616.47021 0.939502
5617.08984 0.93939
5617.70020 0.939279
5618.33008 0.939167
5618.93994 0.939054
5619.56982 0.938941
5620.18994 0.938741
5620.81006 0.93834
5621.43018 0.93794
5622.04980 0.937538
5622.66992 0.937135
5623.29004 0.936734
5623.91016 0.936333
5624.54004 0.935927
5625.14990 0.935526
5625.77002 0.935125
5626.39990 0.93472
5627.02002 0.934318
5627.64014 0.933913
5628.25977 0.933512
5628.89014 0.933108
5629.50977 0.932705
5630.12988 0.932508
5630.75000 0.933105
5631.37012 0.933704
5631.99023 0.934304
5632.60986 0.934902
5633.24023 0.935503
5633.85986 0.9361
5634.47998 0.936704
5635.10010 0.937301
5635.72998 0.937905
5636.35010 0.938508
5636.97021 0.939105
5637.60010 0.939709
5638.22021 0.940313
5638.83984 0.940914
5639.45996 0.941515
5640.08984 0.941909
5640.70996 0.941019
5641.33008 0.94013
5641.95020 0.93924
5642.58008 0.938351
5643.20020 0.937461
5643.81982 0.936565
5644.43994 0.935677
5645.06982 0.934781
5645.68994 0.933893
5646.31982 0.932995
5646.93994 0.932097
5647.56982 0.931202
5648.18994 0.930308
5648.81006 0.929414
5649.43994 0.928515
5650.06006 0.927633
5650.68994 0.926869
5651.31006 0.926105
5651.93994 0.925336
5652.56006 0.924575
5653.18018 0.923806
5653.81006 0.923045
5654.43018 0.922275
5655.06006 0.921509
5655.68018 0.920742
5656.29980 0.91998
5656.93018 0.91921
5657.56006 0.918438
5658.18018 0.917669
5658.79980 0.916903
5659.43018 0.916135
5660.04980 0.915438
5660.68018 0.915521
5661.31006 0.915604
5661.93018 0.915686
5662.56006 0.91577
5663.18018 0.915853
5663.81006 0.915935
5664.43018 0.916019
5665.06006 0.916103
5665.68018 0.916186
5666.31006 0.916268
5666.93018 0.916352
5667.56006 0.916435
5668.18994 0.916519
5668.81006 0.916602
5669.43994 0.916685
5670.06006 0.916754
5670.68994 0.916708
5671.31982 0.916662
5671.93994 0.916618
5672.56982 0.916574
5673.20020 0.916529
5673.83008 0.916483
5674.45020 0.916438
5675.08008 0.916392
5675.70020 0.916346
5676.33008 0.916301
5676.95996 0.916256
5677.58984 0.91621
5678.20996 0.916165
5678.83984 0.91612
5679.45996 0.916074
5680.08984 0.91587
5680.72021 0.91476
5681.35010 0.913659
5681.97998 0.912548
5682.60010 0.91144
5683.22998 0.910333
5683.85986 0.909219
5684.49023 0.90811
5685.10986 0.906999
5685.75000 0.905883
5686.37012 0.904779
5687.00000 0.903669
5687.62012 0.902556
5688.25977 0.901437
5688.87988 0.900323
5689.50977 0.899209
5690.14014 0.898274
5690.77002 0.897962
5691.39990 0.89765
5692.02979 0.897336
5692.64990 0.897025
5693.27979 0.896714
5693.91016 0.896401
5694.54004 0.896089
5695.16992 0.895776
5695.79980 0.895464
5696.43018 0.89515
5697.06006 0.894837
5697.68994 0.894526
5698.31006 0.894214
5698.95020 0.893898
5699.56982 0.893586
5700.20020 0.893338
5700.83008 0.893226
5701.45996 0.893114
5702.08984 0.893003
5702.72021 0.892892
5703.35010 0.892779
5703.97998 0.892667
5704.60986 0.892555
5705.24023 0.892442
5705.87012 0.892329
5706.50000 0.892218
5707.14014 0.892106
5707.77002 0.891992
5708.39990 0.891879
5709.02979 0.891766
5709.66016 0.891654
5710.29004 0.891384
5710.91992 0.890922
5711.54980 0.890456
5712.18018 0.889996
5712.81006 0.889534
5713.43994 0.88907
5714.06982 0.888604
5714.70020 0.888139
5715.33008 0.887679
5715.97021 0.887214
5716.60010 0.88675
5717.22998 0.886286
5717.85986 0.88582
5718.49023 0.885355
5719.12012 0.884892
5719.75977 0.884425
5720.39014 0.883335
5721.02002 0.881842
5721.64990 0.880352
5722.27979 0.878853
5722.91016 0.87736
5723.54004 0.875874
5724.16992 0.87438
5724.81006 0.872878
5725.43994 0.871384
5726.06982 0.86989
5726.70996 0.868388
5727.33984 0.866893
5727.97021 0.865398
5728.60986 0.863895
5729.24023 0.862399
5729.87012 0.860902
5730.50977 0.860875
5731.14014 0.861219
5731.77002 0.861567
5732.39990 0.861912
5733.04004 0.862261
5733.66992 0.862608
5734.29980 0.862955
5734.93018 0.863301
5735.56982 0.86365
5736.20020 0.863999
5736.83008 0.864346
5737.47021 0.864697
5738.10010 0.865047
5738.74023 0.865395
5739.37012 0.865747
5740.00977 0.866083
5740.64014 0.865066
5741.27979 0.864044
5741.91016 0.863034
5742.54004 0.862012
5743.18018 0.860989
5743.81006 0.859976
5744.43994 0.858958
5745.08008 0.85794
5745.72021 0.856916
5746.35010 0.855903
5746.97998 0.854884
5747.60986 0.853867
5748.25000 0.852842
5748.89014 0.851822
5749.52002 0.850803
5750.16016 0.84993
5750.79004 0.849523
5751.43018 0.849117
5752.06006 0.848707
5752.70020 0.8483
5753.33984 0.847889
5753.97021 0.847478
5754.60010 0.847072
5755.24023 0.846663
5755.87988 0.846253
5756.50977 0.845842
5757.14990 0.845433
5757.77979 0.845024
5758.41992 0.844613
5759.04980 0.844201
5759.68994 0.843791
5760.33008 0.843193
5760.95996 0.842411
5761.60010 0.841634
5762.24023 0.840858
5762.87988 0.840077
5763.50977 0.839303
5764.14990 0.83852
5764.79004 0.837738
5765.41992 0.836964
5766.06006 0.836182
5766.68994 0.835408
5767.33008 0.834626
5767.97021 0.833847
5768.60010 0.833067
5769.24023 0.832292
5769.87988 0.831507
5770.50977 0.831069
5771.14990 0.830711
5771.79004 0.830351
5772.43018 0.829992
5773.06006 0.829634
5773.70020 0.829273
5774.33984 0.828914
5774.97998 0.828555
5775.62012 0.828193
5776.25000 0.827835
5776.89990 0.827473
5777.52979 0.827115
5778.16992 0.826754
5778.81006 0.826394
5779.43994 0.826034
5780.08984 0.82564
5780.72021 0.825054
5781.35986 0.824464
5782.00000 0.823874
5782.64014 0.823281
5783.27002 0.822694
5783.91016 0.822101
5784.56006 0.821508
5785.18994 0.820918
5785.83008 0.820327
5786.47021 0.819732
5787.10986 0.819143
5787.75000 0.818548
5788.39014 0.817956
5789.02979 0.817365
5789.66992 0.816773
5790.31006 0.816392
5790.95020 0.81624
5791.58984 0.816089
5792.22998 0.815938
5792.85986 0.815788
5793.50977 0.815636
5794.14014 0.815486
5794.77979 0.815334
5795.43018 0.815181
5796.06006 0.815029
5796.70020 0.814878
5797.35010 0.814727
5797.97998 0.814576
5798.62988 0.814424
5799.27002 0.814272
5799.91016 0.814121
5800.54980 0.813063
5801.18994 0.811866
5801.83008 0.810655
5802.47021 0.80945
5803.10986 0.808246
5803.75000 0.80704
5804.39014 0.805835
5805.02979 0.804629
5805.66992 0.803421
5806.31006 0.802215
5806.95996 0.801001
5807.60010 0.799795
5808.24023 0.798582
5808.87988 0.79738
5809.52002 0.796165
5810.16992 0.795191
5810.81006 0.794891
5811.45020 0.794588
5812.08984 0.794287
5812.72998 0.793985
5813.37988 0.793683
5814.02002 0.79338
5814.66016 0.793077
5815.29980 0.792777
5815.93994 0.792476
5816.58008 0.792173
5817.22998 0.791869
5817.87012 0.791568
5818.50977 0.791264
5819.16016 0.790959
5819.79980 0.790659
5820.43994 0.789721
5821.08008 0.788499
5821.72998 0.787275
5822.37012 0.786045
5823.02002 0.784821
5823.66016 0.783597
5824.29980 0.782372
5824.93994 0.781145
5825.58984 0.779912
5826.22998 0.77869
5826.87988 0.777457
5827.52002 0.776235
5828.16016 0.774998
5828.79980 0.773769
5829.45020 0.77254
5830.08984 0.771403
5830.72998 0.770863
5831.37988 0.770319
5832.02979 0.769776
5832.66992 0.769237
5833.31006 0.768692
5833.95996 0.768151
5834.60010 0.767608
5835.25000 0.767063
5835.89014 0.766524
5836.54004 0.765978
5837.18018 0.765437
5837.81982 0.764891
5838.47021 0.764349
5839.10986 0.763806
5839.75977 0.763262
5840.39990 0.762424
5841.04980 0.761408
5841.68994 0.760393
5842.33984 0.759372
5842.99023 0.758351
5843.62988 0.757339
5844.27979 0.756317
5844.91992 0.755299
5845.56982 0.754281
5846.22021 0.753256
5846.85986 0.752243
5847.50977 0.75122
5848.14990 0.750206
5848.79980 0.749181
5849.43994 0.74816
5850.08984 0.747203
5850.72998 0.746646
5851.37988 0.74609
5852.02979 0.745531
5852.66992 0.744978
5853.31982 0.744418
5853.97021 0.74386
5854.60986 0.743304
5855.25977 0.742744
5855.91016 0.742187
5856.54980 0.74163
5857.20020 0.741071
5857.85010 0.740513
5858.49023 0.739956
5859.14014 0.739401
5859.79004 0.73884
5860.43994 0.737874
5861.08008 0.736722
5861.72998 0.735558
5862.37988 0.734405
5863.02002 0.733241
5863.66992 0.73208
5864.31982 0.730918
5864.97021 0.729758
5865.60986 0.728596
5866.25977 0.727427
5866.91016 0.726263
5867.56006 0.725099
5868.20996 0.723928
5868.85986 0.722762
5869.50000 0.721596
5870.14990 0.720551
5870.79980 0.7199
5871.45020 0.719245
5872.10010 0.718596
5872.75000 0.717942
5873.39014 0.717293
5874.04004 0.716637
5874.68994 0.715984
5875.33984 0.715332
5875.99023 0.714679
5876.64014 0.714026
5877.29004 0.71337
5877.93994 0.712713
5878.58984 0.712062
5879.24023 0.711405
5879.89014 0.710752
5880.52979 0.709447
5881.18994 0.707997
5881.83008 0.706558
5882.47998 0.705105
5883.12988 0.703665
5883.77979 0.702211
5884.43018 0.700771
5885.08008 0.699316
5885.72998 0.697865
5886.37988 0.696415
5887.02979 0.694957
5887.68018 0.693514
5888.33008 0.692053
5888.99023 0.690593
5889.62988 0.689146
5890.29004 0.688026
5890.93018 0.687354
5891.58984 0.686674
5892.24023 0.685995
5892.89014 0.685321
5893.54004 0.684641
5894.18994 0.683963
5894.83984 0.683285
5895.49023 0.682607
5896.14014 0.681928
5896.79980 0.681246
5897.43994 0.68057
5898.10010 0.679887
5898.74023 0.679209
5899.39990 0.678526
5900.04980 0.677789
5900.70020 0.67638
5901.35010 0.674961
5902.00000 0.673555
5902.66016 0.672136
5903.31006 0.670717
5903.95996 0.669303
5904.60986 0.667889
5905.27002 0.666475
5905.91992 0.665059
5906.56982 0.663643
5907.22021 0.662228
5907.87988 0.660802
5908.52979 0.659392
5909.18018 0.657968
5909.83008 0.656549
5910.47998 0.65556
5911.14014 0.654721
5911.79004 0.653882
5912.43994 0.653038
5913.10010 0.652197
5913.75000 0.651356
5914.41016 0.650511
5915.06006 0.649672
5915.70996 0.64883
5916.35986 0.647988
5917.02002 0.647146
5917.66992 0.6463
5918.31982 0.645462
5918.97998 0.644615
5919.62988 0.643776
