threeML/data/optical_filters/HST/ACS_SBC-PR130L.ecsv
# %ECSV 0.9
# ---
# datatype:
# - {name: wavelength, unit: Angstrom, datatype: float32}
# - {name: response, datatype: float32}
# meta: !!omap
# - {band_name: PR130L}
# - {group_name: ACS_SBC}
wavelength response
1094.40002 0.0
1216.00000 0.00758782
1216.22998 0.00788576
1216.45996 0.00818528
1216.68994 0.0084848
1216.92004 0.00878415
1217.15002 0.00908515
1217.38000 0.00938656
1217.60999 0.0096879
1217.82996 0.00998966
1218.06006 0.0106214
1218.29004 0.012093
1218.52002 0.0135715
1218.75000 0.0150535
1218.97998 0.0165432
1219.20996 0.0180324
1219.43994 0.0195197
1219.67004 0.0210093
1219.90002 0.0225011
1220.13000 0.0240852
1220.35999 0.0257407
1220.58997 0.0274043
1220.81995 0.0290673
1221.05005 0.0307325
1221.28003 0.0324016
1221.51001 0.0340692
1221.73999 0.0357408
1221.96997 0.0374155
1222.19995 0.0389662
1222.43005 0.0404981
1222.66003 0.0420328
1222.89001 0.0435704
1223.12000 0.0451107
1223.34998 0.0466595
1223.58997 0.0482063
1223.81995 0.0497607
1224.05005 0.0517386
1224.28003 0.0553973
1224.51001 0.0590744
1224.73999 0.0627679
1224.96997 0.0664604
1225.19995 0.0701393
1225.43005 0.0738435
1225.66003 0.0775209
1225.89001 0.0812146
1226.12000 0.0867735
1226.35999 0.0939884
1226.58997 0.101192
1226.81995 0.108406
1227.05005 0.11565
1227.28003 0.122892
1227.51001 0.130143
1227.73999 0.137406
1227.96997 0.144698
1228.19995 0.168006
1228.43994 0.193392
1228.67004 0.218822
1228.90002 0.244298
1229.13000 0.269789
1229.35999 0.295296
1229.59998 0.32099
1229.82996 0.346549
1230.06006 0.366872
1230.29004 0.371384
1230.52002 0.375889
1230.75000 0.380401
1230.97998 0.384914
1231.21997 0.389411
1231.44995 0.393895
1231.68005 0.398385
1231.91003 0.402892
1232.15002 0.407415
1232.38000 0.411959
1232.60999 0.416508
1232.83997 0.421075
1233.07996 0.425635
1233.31006 0.430187
1233.54004 0.43477
1233.77002 0.43936
1234.00000 0.443938
1234.23999 0.448479
1234.46997 0.453035
1234.69995 0.45757
1234.93005 0.462123
1235.17004 0.466726
1235.40002 0.471337
1235.63000 0.475952
1235.87000 0.480586
1236.09998 0.485188
1236.32996 0.489769
1236.56006 0.494352
1236.80005 0.498956
1237.03003 0.503556
1237.26001 0.508204
1237.50000 0.512859
1237.72998 0.517531
1237.95996 0.522197
1238.19995 0.526868
1238.43005 0.531555
1238.66003 0.536237
1238.90002 0.540923
1239.13000 0.545583
1239.35999 0.550223
1239.59998 0.554865
1239.82996 0.559515
1240.06995 0.56419
1240.30005 0.568831
1240.53003 0.573475
1240.77002 0.578111
1241.00000 0.582779
1241.22998 0.587375
1241.46997 0.591975
1241.69995 0.596581
1241.93994 0.6012
1242.17004 0.605855
1242.40002 0.61053
1242.64001 0.615224
1242.87000 0.619908
1243.10999 0.624598
1243.33997 0.629303
1243.57996 0.634
1243.81006 0.638687
1244.04004 0.64338
1244.28003 0.648048
1244.51001 0.652694
1244.75000 0.65734
1244.97998 0.661992
1245.21997 0.666709
1245.44995 0.671436
1245.68005 0.67617
1245.92004 0.680918
1246.15002 0.685658
1246.39001 0.690404
1246.62000 0.69515
1246.85999 0.699917
1247.08997 0.704645
1247.32996 0.709332
1247.56995 0.714033
1247.80005 0.718727
1248.04004 0.723435
1248.27002 0.728209
1248.51001 0.732989
1248.73999 0.737787
1248.97998 0.742573
1249.20996 0.74731
1249.44995 0.752027
1249.68005 0.756746
1249.92004 0.761457
1250.15002 0.764073
1250.39001 0.765535
1250.62000 0.766998
1250.85999 0.76847
1251.09998 0.769933
1251.32996 0.771393
1251.56995 0.772858
1251.80005 0.774328
1252.04004 0.775781
1252.28003 0.777166
1252.51001 0.778555
1252.75000 0.779941
1252.97998 0.781327
1253.21997 0.782789
1253.45996 0.784263
1253.68994 0.785732
1253.93005 0.787202
1254.16003 0.788619
1254.40002 0.790003
1254.64001 0.791392
1254.87000 0.792781
1255.10999 0.794216
1255.34998 0.79569
1255.57996 0.797163
1255.81995 0.798638
1256.06006 0.800113
1256.29004 0.801588
1256.53003 0.803064
1256.77002 0.804544
1257.00000 0.806021
1257.23999 0.807413
1257.47998 0.80881
1257.70996 0.810203
1257.94995 0.811596
1258.18994 0.813058
1258.43005 0.814543
1258.66003 0.816023
1258.90002 0.817505
1259.14001 0.818937
1259.37000 0.820336
1259.60999 0.821731
1259.84998 0.823127
1260.08997 0.824533
1260.31995 0.825943
1260.56006 0.827349
1260.80005 0.82876
1261.04004 0.830176
1261.27002 0.831587
1261.51001 0.833003
1261.75000 0.83442
1261.98999 0.835828
1262.21997 0.837157
1262.45996 0.838484
1262.69995 0.839808
1262.93994 0.841132
1263.18005 0.842523
1263.41003 0.84394
1263.65002 0.845354
1263.89001 0.846769
1264.13000 0.848135
1264.37000 0.849463
1264.60999 0.850787
1264.83997 0.852111
1265.07996 0.853471
1265.31995 0.854882
1265.56006 0.856299
1265.80005 0.85772
1266.04004 0.85914
1266.28003 0.860557
1266.51001 0.861976
1266.75000 0.863393
1266.98999 0.864812
1267.22998 0.86614
1267.46997 0.867465
1267.70996 0.868794
1267.94995 0.870124
1268.18005 0.871518
1268.42004 0.872941
1268.66003 0.874361
1268.90002 0.875781
1269.14001 0.877146
1269.38000 0.878475
1269.62000 0.879801
1269.85999 0.881122
1270.09998 0.882471
1270.33997 0.883834
1270.57996 0.885198
1270.81995 0.886561
1271.06006 0.887929
1271.30005 0.889289
1271.54004 0.890654
1271.78003 0.892022
1272.01001 0.89338
1272.25000 0.89465
1272.48999 0.895917
1272.72998 0.897185
1272.96997 0.89845
1273.20996 0.899804
1273.44995 0.901172
1273.68994 0.902537
1273.93005 0.903901
1274.17004 0.905195
1274.41003 0.906464
1274.65002 0.907729
1274.89001 0.908995
1275.13000 0.910264
1275.38000 0.911528
1275.62000 0.912793
1275.85999 0.914057
1276.09998 0.915321
1276.33997 0.916585
1276.57996 0.917852
1276.81995 0.919115
1277.06006 0.920382
1277.30005 0.921645
1277.54004 0.922904
1277.78003 0.92417
1278.02002 0.925432
1278.26001 0.926694
1278.50000 0.927955
1278.73999 0.929224
1278.97998 0.930481
1279.21997 0.931742
1279.46997 0.933007
1279.70996 0.934267
1279.94995 0.935527
1280.18994 0.936369
1280.43005 0.937094
1280.67004 0.937818
1280.91003 0.938545
1281.16003 0.939338
1281.40002 0.940166
1281.64001 0.940993
1281.88000 0.94182
1282.12000 0.942647
1282.35999 0.943473
1282.59998 0.9443
1282.84998 0.945128
1283.08997 0.945956
1283.32996 0.946782
1283.56995 0.947604
1283.81006 0.948431
1284.06006 0.949256
1284.30005 0.95008
1284.54004 0.950906
1284.78003 0.951729
1285.02002 0.952542
1285.27002 0.953258
1285.51001 0.953976
1285.75000 0.954691
1285.98999 0.955405
1286.22998 0.956225
1286.47998 0.957046
1286.71997 0.957867
1286.95996 0.958684
1287.19995 0.959506
1287.44995 0.960329
1287.68994 0.961147
1287.93005 0.961968
1288.18005 0.962787
1288.42004 0.963603
1288.66003 0.96442
1288.90002 0.965241
1289.15002 0.966058
1289.39001 0.966875
1289.63000 0.967694
1289.88000 0.96851
1290.12000 0.969262
1290.35999 0.969946
1290.60999 0.970632
1290.84998 0.971315
1291.08997 0.972039
1291.32996 0.972832
1291.57996 0.973626
1291.81995 0.974417
1292.06995 0.975209
1292.31006 0.976002
1292.55005 0.976793
1292.80005 0.977583
1293.04004 0.978375
1293.28003 0.979162
1293.53003 0.979951
1293.77002 0.98074
1294.01001 0.98153
1294.26001 0.98232
1294.50000 0.983108
1294.75000 0.983895
1294.98999 0.984682
1295.22998 0.985468
1295.47998 0.986254
1295.71997 0.987042
1295.96997 0.987827
1296.20996 0.988514
1296.44995 0.989184
1296.69995 0.989857
1296.93994 0.990526
1297.18994 0.991283
1297.43005 0.992068
1297.68005 0.992849
1297.92004 0.993629
1298.16003 0.99441
1298.41003 0.995193
1298.65002 0.995975
1298.90002 0.996755
1299.14001 0.997537
1299.39001 0.998314
1299.63000 0.999093
1299.88000 0.999872
1300.12000 1.0
1300.37000 0.999493
1300.62000 0.998984
1300.85999 0.998476
1301.09998 0.997968
1301.34998 0.99746
1301.59998 0.996952
1301.83997 0.996442
1302.08997 0.995934
1302.32996 0.995426
1302.57996 0.994916
1302.81995 0.994408
1303.06995 0.99393
1303.31006 0.993537
1303.56006 0.993143
1303.80005 0.992749
1304.05005 0.992333
1304.30005 0.991823
1304.54004 0.991313
1304.79004 0.990804
1305.03003 0.990292
1305.28003 0.989781
1305.53003 0.989271
1305.77002 0.988762
1306.02002 0.98825
1306.26001 0.98774
1306.51001 0.987229
1306.76001 0.986718
1307.00000 0.986206
1307.25000 0.985695
1307.48999 0.985184
1307.73999 0.984671
1307.98999 0.98416
1308.22998 0.983759
1308.47998 0.983363
1308.72998 0.982966
1308.96997 0.982572
1309.21997 0.982074
1309.46997 0.98156
1309.70996 0.981045
1309.95996 0.980534
1310.20996 0.980026
1310.44995 0.979518
1310.69995 0.979011
1310.94995 0.978503
1311.18994 0.977996
1311.43994 0.977486
1311.68994 0.976978
1311.93994 0.97647
1312.18005 0.97596
1312.43005 0.975452
1312.68005 0.974943
1312.93005 0.974433
1313.17004 0.974007
1313.42004 0.973615
1313.67004 0.973222
1313.92004 0.97283
1314.16003 0.972359
1314.41003 0.971849
1314.66003 0.97134
1314.91003 0.970829
1315.15002 0.970319
1315.40002 0.969811
1315.65002 0.969299
1315.90002 0.968789
1316.15002 0.968279
1316.39001 0.967766
1316.64001 0.967255
1316.89001 0.966746
1317.14001 0.966235
1317.39001 0.965723
1317.63000 0.965212
1317.88000 0.9647
1318.13000 0.96425
1318.38000 0.963855
1318.63000 0.963461
1318.88000 0.963067
1319.13000 0.962611
1319.37000 0.962099
1319.62000 0.961587
1319.87000 0.961075
1320.12000 0.960761
1320.37000 0.960661
1320.62000 0.960561
1320.87000 0.960459
1321.12000 0.960358
1321.37000 0.960257
1321.60999 0.960155
1321.85999 0.960052
1322.10999 0.959949
1322.35999 0.959846
1322.60999 0.959743
1322.85999 0.959639
1323.10999 0.959587
1323.35999 0.9596
1323.60999 0.959614
1323.85999 0.959628
1324.10999 0.95959
1324.35999 0.959485
1324.60999 0.959378
1324.85999 0.959273
1325.09998 0.959117
1325.35999 0.958891
1325.59998 0.958664
1325.84998 0.958438
1326.09998 0.95826
1326.34998 0.958152
1326.59998 0.958043
1326.84998 0.957934
1327.09998 0.957824
1327.34998 0.957714
1327.59998 0.957604
1327.85999 0.957493
1328.09998 0.957383
1328.34998 0.957272
1328.59998 0.95716
1328.85999 0.957048
1329.10999 0.956886
1329.35999 0.956653
1329.60999 0.95642
1329.85999 0.956187
1330.10999 0.956006
1330.35999 0.955894
1330.60999 0.955782
1330.85999 0.95567
1331.10999 0.955557
1331.35999 0.955444
1331.60999 0.955331
1331.85999 0.955217
1332.10999 0.955103
1332.37000 0.954988
1332.62000 0.954873
1332.87000 0.954759
1333.12000 0.954643
1333.37000 0.954528
1333.62000 0.954411
1333.87000 0.954295
1334.12000 0.954118
1334.38000 0.953879
1334.63000 0.953641
1334.88000 0.953402
1335.13000 0.953224
1335.38000 0.953105
1335.63000 0.952986
1335.88000 0.952866
1336.14001 0.952747
1336.39001 0.952627
1336.64001 0.952506
1336.89001 0.952384
1337.14001 0.952263
1337.40002 0.952142
1337.65002 0.95202
1337.90002 0.951898
1338.15002 0.951702
1338.40002 0.951456
1338.66003 0.95121
1338.91003 0.950964
1339.16003 0.950795
1339.41003 0.95067
1339.67004 0.950545
1339.92004 0.95042
1340.17004 0.950294
1340.42004 0.950168
1340.68005 0.950042
1340.93005 0.949915
1341.18005 0.949788
1341.43005 0.94966
1341.68994 0.949533
1341.93994 0.949405
1342.18994 0.949182
1342.44995 0.94893
1342.69995 0.948677
1342.94995 0.948424
1343.19995 0.94827
1343.45996 0.948139
1343.70996 0.948008
1343.95996 0.947877
1344.21997 0.947745
1344.46997 0.947613
1344.71997 0.947481
1344.97998 0.947349
1345.22998 0.947216
1345.47998 0.947082
1345.73999 0.946948
1345.98999 0.946814
1346.23999 0.946559
1346.50000 0.946299
1346.75000 0.94604
1347.01001 0.945783
1347.26001 0.945646
1347.52002 0.94551
1347.77002 0.945373
1348.02002 0.945236
1348.28003 0.945098
1348.53003 0.94496
1348.79004 0.944821
1349.04004 0.944683
1349.29004 0.944544
1349.55005 0.944404
1349.80005 0.944264
1350.06006 0.944091
1350.31006 0.943803
1350.56995 0.943515
1350.81995 0.943229
1351.06995 0.942975
1351.32996 0.942812
1351.57996 0.942648
1351.83997 0.942484
1352.08997 0.942274
1352.34998 0.941982
1352.59998 0.941691
1352.85999 0.941399
1353.10999 0.941162
1353.37000 0.940995
1353.62000 0.940828
1353.88000 0.940661
1354.13000 0.940428
1354.39001 0.940134
1354.64001 0.939838
1354.90002 0.939542
1355.15002 0.939322
1355.41003 0.939152
1355.66003 0.938982
1355.92004 0.938812
1356.17004 0.938555
1356.43005 0.938256
1356.68994 0.937957
1356.93994 0.937658
1357.19995 0.937358
1357.44995 0.937058
1357.70996 0.936757
1357.95996 0.936456
1358.21997 0.936264
1358.47998 0.93609
1358.72998 0.935915
1358.98999 0.935741
1359.25000 0.935442
1359.50000 0.935138
1359.76001 0.934834
1360.01001 0.934535
1360.27002 0.934358
1360.53003 0.934181
1360.78003 0.934002
1361.04004 0.933804
1361.30005 0.933497
1361.55005 0.93319
1361.81006 0.93288
1362.06995 0.932604
1362.31995 0.932424
1362.57996 0.932243
1362.83997 0.932061
1363.08997 0.931833
1363.34998 0.931522
1363.60999 0.93121
1363.85999 0.930898
1364.12000 0.930646
1364.38000 0.930463
1364.63000 0.930278
1364.89001 0.930094
1365.15002 0.929834
1365.41003 0.929519
1365.66003 0.929203
1365.92004 0.928888
1366.18005 0.928661
1366.43005 0.928474
1366.68994 0.928287
1366.94995 0.928099
1367.20996 0.927806
1367.46997 0.927488
1367.71997 0.927168
1367.97998 0.926849
1368.23999 0.926649
1368.50000 0.926459
1368.76001 0.926268
1369.01001 0.926072
1369.27002 0.925749
1369.53003 0.925427
1369.79004 0.925105
1370.05005 0.924803
1370.30005 0.924609
1370.56006 0.924416
1370.81995 0.924221
1371.07996 0.923987
1371.33997 0.92366
1371.59998 0.923333
1371.84998 0.923005
1372.10999 0.922734
1372.37000 0.922538
1372.63000 0.92234
1372.89001 0.922143
1373.15002 0.92187
1373.41003 0.92154
1373.66003 0.921208
1373.92004 0.920877
1374.18005 0.920639
1374.43994 0.920438
1374.69995 0.920238
1374.95996 0.920037
1375.21997 0.919724
1375.47998 0.919389
1375.73999 0.919055
1376.00000 0.91872
1376.26001 0.918383
1376.52002 0.918048
1376.77002 0.917711
1377.03003 0.917391
1377.29004 0.917185
1377.55005 0.916981
1377.81006 0.916775
1378.06995 0.916533
1378.32996 0.916193
1378.58997 0.915852
1378.84998 0.915512
1379.10999 0.915172
1379.37000 0.91483
1379.63000 0.914488
1379.89001 0.914146
1380.15002 0.913878
1380.41003 0.913666
1380.67004 0.913455
1380.93005 0.913243
1381.18994 0.912931
1381.44995 0.912584
1381.70996 0.912237
1381.96997 0.911888
1382.22998 0.91154
1382.48999 0.911191
1382.75000 0.910841
1383.01001 0.910497
1383.28003 0.910282
1383.54004 0.910065
1383.80005 0.909848
1384.06006 0.909601
1384.31995 0.90925
1384.57996 0.908897
1384.83997 0.908542
1385.09998 0.90824
1385.35999 0.908021
1385.62000 0.9078
1385.88000 0.907581
1386.14001 0.907285
1386.41003 0.906927
1386.67004 0.90657
1386.93005 0.906213
1387.18994 0.905856
1387.44995 0.905496
1387.70996 0.905137
1387.96997 0.904777
1388.23999 0.90454
1388.50000 0.904315
1388.76001 0.90409
1389.02002 0.903854
1389.28003 0.903491
1389.54004 0.90313
1389.81006 0.902767
1390.06995 0.902403
1390.32996 0.902034
1390.58997 0.901667
1390.84998 0.901299
1391.12000 0.900992
1391.38000 0.90076
1391.64001 0.900527
1391.90002 0.900294
1392.16003 0.899975
1392.43005 0.899603
1392.68994 0.899234
1392.94995 0.898861
1393.20996 0.898488
1393.47998 0.898116
1393.73999 0.897743
1394.00000 0.897369
1394.27002 0.897133
1394.53003 0.896896
1394.79004 0.896658
1395.05005 0.896391
1395.31995 0.896015
1395.57996 0.895637
1395.83997 0.89526
1396.10999 0.894883
1396.37000 0.894505
1396.63000 0.894125
1396.89001 0.893746
1397.16003 0.893448
1397.42004 0.893206
1397.68005 0.892964
1397.94995 0.892721
1398.20996 0.892367
1398.46997 0.891984
1398.73999 0.8916
1399.00000 0.891217
1399.27002 0.890833
1399.53003 0.890447
1399.79004 0.890062
1400.06006 0.889699
1400.31995 0.889419
1400.58997 0.889139
1400.84998 0.888858
1401.10999 0.888517
1401.38000 0.888097
1401.64001 0.887676
1401.91003 0.887253
1402.17004 0.886919
1402.43005 0.886636
1402.69995 0.886352
1402.95996 0.88607
1403.22998 0.885613
1403.48999 0.885128
1403.76001 0.884643
1404.02002 0.884156
1404.29004 0.88367
1404.55005 0.883183
1404.81006 0.882697
1405.07996 0.88225
1405.33997 0.881903
1405.60999 0.881555
1405.87000 0.881206
1406.14001 0.880784
1406.40002 0.880297
1406.67004 0.879805
1406.93005 0.879313
1407.19995 0.878822
1407.45996 0.878331
1407.72998 0.877839
1407.98999 0.877346
1408.26001 0.876992
1408.52002 0.87664
1408.79004 0.876287
1409.06006 0.875905
1409.31995 0.875409
1409.58997 0.874915
1409.84998 0.874419
1410.12000 0.873921
1410.38000 0.87342
1410.65002 0.872917
1410.92004 0.872415
1411.18005 0.87201
1411.44995 0.871648
1411.70996 0.871287
1411.97998 0.870925
1412.23999 0.870432
1412.51001 0.869926
1412.78003 0.869421
1413.04004 0.868916
1413.31006 0.86841
1413.57996 0.867904
1413.83997 0.867397
