threeML/data/optical_filters/HST/ACS_HRC-F250W.ecsv
# %ECSV 0.9
# ---
# datatype:
# - {name: wavelength, unit: Angstrom, datatype: float32}
# - {name: response, datatype: float32}
# meta: !!omap
# - {band_name: F250W}
# - {group_name: ACS_HRC}
wavelength response
1922.38196 0.0
2135.97998 0.0136522
2136.34009 0.0137082
2136.69995 0.0137642
2137.06006 0.0138204
2137.41992 0.0138766
2137.78003 0.0139328
2138.13989 0.013989
2138.51001 0.0140453
2138.87012 0.0141018
2139.22998 0.014158
2139.59009 0.0142143
2139.94995 0.0142722
2140.31006 0.0143387
2140.66992 0.0144084
2141.03003 0.0144779
2141.39990 0.0145476
2141.76001 0.0146175
2142.12012 0.0146874
2142.47998 0.0147571
2142.84009 0.0148268
2143.19995 0.0148969
2143.57007 0.014967
2143.92993 0.0150372
2144.29004 0.0151073
2144.64990 0.0151774
2145.02002 0.0152477
2145.37988 0.0153179
2145.73999 0.0153884
2146.10010 0.0154589
2146.46997 0.0155292
2146.83008 0.0155998
2147.18994 0.0156703
2147.55005 0.0157412
2147.91992 0.015812
2148.28003 0.0158824
2148.63989 0.0159532
2149.01001 0.0160242
2149.37012 0.0160952
2149.72998 0.0161663
2150.09009 0.0162369
2150.45996 0.016308
2150.82007 0.0163789
2151.17993 0.0164499
2151.55005 0.0165207
2151.90991 0.0165915
2152.27002 0.0166626
2152.63989 0.0167338
2153.00000 0.0168047
2153.36011 0.0168761
2153.72998 0.0169472
2154.09009 0.0170188
2154.45996 0.01709
2154.82007 0.0171615
2155.18994 0.0172331
2155.55005 0.0173045
2155.90991 0.0173759
2156.28003 0.0174477
2156.63989 0.0175194
2157.01001 0.0175913
2157.37012 0.0176629
2157.72998 0.0177349
2158.10010 0.0178069
2158.45996 0.0178789
2158.83008 0.0179507
2159.18994 0.0180227
2159.56006 0.0180949
2159.91992 0.0181673
2160.29004 0.0182467
2160.64990 0.0183286
2161.02002 0.0184106
2161.37988 0.0184926
2161.75000 0.0185744
2162.11011 0.0186566
2162.47998 0.0187385
2162.84009 0.0188208
2163.20996 0.0189031
2163.57007 0.0189855
2163.93994 0.019068
2164.30005 0.0191505
2164.66992 0.0192325
2165.03003 0.0193151
2165.39990 0.0193979
2165.77002 0.0194807
2166.12988 0.0195636
2166.50000 0.0196459
2166.86011 0.0197288
2167.22998 0.0198119
2167.60010 0.019895
2167.95996 0.0199782
2168.33008 0.0200611
2168.69995 0.0201444
2169.06006 0.0202277
2169.42993 0.0203108
2169.80005 0.0203943
2170.15991 0.0204777
2170.53003 0.0205606
2170.88989 0.0206439
2171.26001 0.0207272
2171.62988 0.0208104
2171.98999 0.0208939
2172.36011 0.0209771
2172.72998 0.0210607
2173.09009 0.0211443
2173.45996 0.0212278
2173.83008 0.0213113
2174.19995 0.0213954
2174.56006 0.0214793
2174.92993 0.0215633
2175.30005 0.0216467
2175.66992 0.0217308
2176.03003 0.021815
2176.39990 0.0218992
2176.77002 0.0219832
2177.13989 0.0220677
2177.50000 0.0221518
2177.87012 0.0222362
2178.23999 0.0223205
2178.61011 0.0224051
2178.97998 0.0224897
2179.34009 0.0225741
2179.70996 0.0226586
2180.08008 0.0227519
2180.44995 0.0228583
2180.82007 0.0229679
2181.17993 0.0230773
2181.55005 0.0231872
2181.91992 0.0232971
2182.29004 0.023407
2182.65991 0.0235164
2183.03003 0.0236265
2183.39990 0.0237368
2183.77002 0.0238475
2184.13989 0.0239576
2184.50000 0.0240677
2184.87012 0.0241782
2185.23999 0.0242888
2185.61011 0.0243993
2185.97998 0.0245101
2186.35010 0.0246206
2186.71997 0.0247315
2187.09009 0.0248425
2187.45996 0.0249536
2187.83008 0.0250648
2188.19995 0.0251762
2188.57007 0.0252868
2188.92993 0.0253982
2189.30005 0.0255098
2189.67993 0.0256214
2190.05005 0.0257331
2190.40991 0.0258441
2190.78003 0.0259555
2191.15991 0.0260669
2191.53003 0.0261782
2191.88989 0.0262894
2192.26001 0.0264012
2192.63989 0.026513
2193.01001 0.0266249
2193.37988 0.0267365
2193.75000 0.0268485
2194.12012 0.0269607
2194.48999 0.0270729
2194.86011 0.0271848
2195.22998 0.0272972
2195.60010 0.0274092
2195.96997 0.0275218
2196.34009 0.027634
2196.70996 0.0277467
2197.09009 0.0278599
2197.45996 0.0279724
2197.83008 0.0280849
2198.19995 0.0281979
2198.57007 0.028311
2198.93994 0.0284241
2199.31006 0.0285367
2199.67993 0.0286501
2200.05005 0.0287675
2200.42993 0.0289088
2200.80005 0.0290503
2201.16992 0.0291915
2201.54004 0.0293331
2201.90991 0.0294749
2202.28003 0.0296163
2202.65991 0.0297583
2203.03003 0.0299003
2203.39990 0.030042
2203.77002 0.0301844
2204.14990 0.0303268
2204.52002 0.0304693
2204.88989 0.0306114
2205.26001 0.0307536
2205.63989 0.0308963
2206.01001 0.0310391
2206.37988 0.0311821
2206.75000 0.0313247
2207.12012 0.0314675
2207.50000 0.0316111
2207.87012 0.0317545
2208.23999 0.031897
2208.62012 0.0320404
2208.98999 0.0321841
2209.36011 0.0323278
2209.73999 0.0324717
2210.11011 0.0326149
2210.47998 0.0327578
2210.86011 0.0329007
2211.22998 0.0330433
2211.61011 0.0331865
2211.97998 0.0333297
2212.35010 0.0334726
2212.72998 0.0336161
2213.10010 0.0337591
2213.46997 0.0339027
2213.85010 0.0340465
2214.21997 0.0341899
2214.59009 0.0343337
2214.96997 0.0344776
2215.34009 0.0346218
2215.71997 0.0347659
2216.09009 0.0349093
2216.46997 0.0350535
2216.84009 0.0351979
2217.21997 0.0353424
2217.59009 0.0354866
2217.95996 0.0356313
2218.34009 0.035776
2218.70996 0.0359209
2219.09009 0.0360652
2219.45996 0.0362103
2219.84009 0.0363551
2220.20996 0.0365191
2220.59009 0.0366928
2220.95996 0.0368693
2221.34009 0.0370453
2221.70996 0.037221
2222.09009 0.0373967
2222.45996 0.0375732
2222.84009 0.0377497
2223.21997 0.0379264
2223.59009 0.0381021
2223.96997 0.0382796
2224.34009 0.0384565
2224.71997 0.0386337
2225.09009 0.0388104
2225.46997 0.0389872
2225.84009 0.0391647
2226.21997 0.0393423
2226.60010 0.0395194
2226.96997 0.0396972
2227.35010 0.0398746
2227.72998 0.0400533
2228.10010 0.0402309
2228.47998 0.0404092
2228.85010 0.040587
2229.22998 0.0407656
2229.61011 0.0409436
2229.97998 0.0411223
2230.36011 0.0412997
2230.73999 0.0414776
2231.11011 0.0416539
2231.48999 0.0418314
2231.87012 0.0420091
2232.25000 0.0421868
2232.62012 0.0423634
2233.00000 0.0425412
2233.37988 0.0427193
2233.75000 0.0428975
2234.12988 0.0430756
2234.51001 0.0432539
2234.88989 0.0434317
2235.26001 0.0436103
2235.63989 0.0437884
2236.02002 0.0439672
2236.39990 0.044146
2236.77002 0.0443244
2237.14990 0.0445035
2237.53003 0.0446826
2237.90991 0.0448619
2238.29004 0.0450407
2238.65991 0.0452201
2239.04004 0.0453992
2239.41992 0.0455789
2239.80005 0.0457587
2240.17993 0.0459697
2240.55005 0.0462089
2240.92993 0.0464515
2241.31006 0.0466952
2241.68994 0.046938
2242.07007 0.0471796
2242.44995 0.0474229
2242.83008 0.0476662
2243.20996 0.0479097
2243.58008 0.0481526
2243.95996 0.0483956
2244.34009 0.0486403
2244.71997 0.0488846
2245.10010 0.049128
2245.47998 0.0493723
2245.86011 0.0496168
2246.23999 0.0498606
2246.62012 0.0501047
2247.00000 0.0503497
2247.37988 0.0505948
2247.76001 0.0508394
2248.13989 0.0510848
2248.52002 0.0513304
2248.89990 0.0515759
2249.28003 0.0518218
2249.65991 0.0520669
2250.03003 0.052312
2250.41992 0.052557
2250.80005 0.0528021
2251.17993 0.0530474
2251.56006 0.0532918
2251.93994 0.0535373
2252.32007 0.053783
2252.69995 0.054028
2253.08008 0.0542739
2253.45996 0.054519
2253.84009 0.0547651
2254.21997 0.0550114
2254.60010 0.0552569
2254.97998 0.0555035
2255.36011 0.055751
2255.73999 0.0559963
2256.12012 0.0562431
2256.51001 0.0564902
2256.88989 0.0567374
2257.27002 0.0569839
2257.64990 0.0572306
2258.03003 0.0574789
2258.40991 0.0577266
2258.79004 0.0579736
2259.17993 0.0582208
2259.56006 0.0584689
2259.93994 0.0587276
2260.32007 0.0590161
2260.69995 0.059324
2261.08008 0.0596318
2261.46997 0.0599407
2261.85010 0.0602499
2262.22998 0.0605592
2262.61011 0.060869
2262.98999 0.0611779
2263.37988 0.0614878
2263.76001 0.0617967
2264.13989 0.0621069
2264.52002 0.0624163
2264.90991 0.0627271
2265.29004 0.0630378
2265.66992 0.0633486
2266.05005 0.0636595
2266.43994 0.0639708
2266.82007 0.0642801
2267.19995 0.0645916
2267.59009 0.0649033
2267.96997 0.0652151
2268.35010 0.0655261
2268.72998 0.0658371
2269.12012 0.0661504
2269.50000 0.066463
2269.88989 0.0667747
2270.27002 0.0670864
2270.64990 0.0673968
2271.03003 0.0677082
2271.41992 0.068019
2271.80005 0.0683308
2272.18994 0.0686438
2272.57007 0.0689549
2272.94995 0.0692662
2273.34009 0.0695786
2273.71997 0.0698913
2274.11011 0.0702028
2274.48999 0.0705147
2274.87012 0.0708278
2275.26001 0.0711408
2275.63989 0.0714542
2276.03003 0.0717676
2276.40991 0.0720802
2276.80005 0.0723937
2277.17993 0.0727076
2277.57007 0.0730208
2277.94995 0.073334
2278.33008 0.0736484
2278.71997 0.0739629
2279.10010 0.0742775
2279.48999 0.0745924
2279.87988 0.0749136
2280.26001 0.0753035
2280.63989 0.075739
2281.03003 0.076176
2281.40991 0.0766133
2281.80005 0.077051
2282.18994 0.0774873
2282.57007 0.0779237
2282.95996 0.0783636
2283.34009 0.0788019
2283.72998 0.0792389
2284.11011 0.0796764
2284.50000 0.0801154
2284.88989 0.0805546
2285.27002 0.0809942
2285.65991 0.0814327
2286.04004 0.0818726
2286.42993 0.0823124
2286.82007 0.0827525
2287.19995 0.0831916
2287.59009 0.0836309
2287.96997 0.0840717
2288.36011 0.0845131
2288.75000 0.0849532
2289.13989 0.0853947
2289.52002 0.0858349
2289.90991 0.0862783
2290.30005 0.0867176
2290.67993 0.0871579
2291.07007 0.0875987
2291.45996 0.0880382
2291.84009 0.0884777
2292.22998 0.0889188
2292.62012 0.0893602
2293.01001 0.0898031
2293.38989 0.0902435
2293.78003 0.0906841
2294.16992 0.0911263
2294.55005 0.0915685
2294.93994 0.0920093
2295.33008 0.0924522
2295.71997 0.0928935
2296.11011 0.0933366
2296.48999 0.0937802
2296.87988 0.0942236
2297.27002 0.094666
2297.65991 0.0951097
2298.04004 0.0955524
2298.42993 0.0959965
2298.82007 0.096441
2299.20996 0.0968841
2299.60010 0.097329
2299.98999 0.097784
2300.37988 0.0983106
2300.76001 0.0988505
2301.14990 0.099387
2301.54004 0.0999275
2301.92993 0.100468
2302.32007 0.101009
2302.70996 0.10155
2303.09009 0.102088
2303.47998 0.102629
2303.87988 0.103172
2304.26001 0.103712
2304.64990 0.104254
2305.04004 0.104796
2305.42993 0.105337
2305.82007 0.105879
2306.20996 0.10642
2306.60010 0.106962
2306.98999 0.107505
2307.37988 0.108046
2307.77002 0.10859
2308.15991 0.109133
2308.55005 0.109677
2308.93994 0.110219
2309.33008 0.110761
2309.71997 0.111306
2310.11011 0.111849
2310.50000 0.112391
2310.88989 0.112932
2311.28003 0.113474
2311.66992 0.114016
2312.06006 0.114559
2312.44995 0.1151
2312.84009 0.115641
2313.22998 0.116184
2313.62012 0.116728
2314.01001 0.117271
2314.40991 0.117815
2314.80005 0.118356
2315.18994 0.1189
2315.58008 0.119442
2315.96997 0.119987
2316.36011 0.120531
2316.75000 0.121073
2317.13989 0.121616
2317.53003 0.122161
2317.92993 0.122707
2318.32007 0.123251
2318.70996 0.123796
2319.10010 0.12434
2319.48999 0.124886
2319.88989 0.125439
2320.28003 0.126127
2320.66992 0.126886
2321.06006 0.127651
2321.44995 0.128413
2321.84009 0.129173
2322.23999 0.129935
2322.62988 0.130696
2323.02002 0.131459
2323.40991 0.13222
2323.80005 0.132983
2324.19995 0.133747
2324.59009 0.134509
2324.97998 0.135274
2325.37988 0.136038
2325.77002 0.136803
2326.15991 0.137567
2326.55005 0.138328
2326.94995 0.139094
2327.34009 0.139859
2327.72998 0.140625
2328.12988 0.141392
2328.52002 0.142156
2328.90991 0.142923
2329.31006 0.14369
2329.69995 0.144457
2330.09009 0.145222
2330.48999 0.145983
2330.87988 0.146746
2331.28003 0.147511
2331.66992 0.148274
2332.06006 0.149039
2332.45996 0.149804
2332.85010 0.150569
2333.23999 0.151332
2333.63989 0.152098
2334.03003 0.152861
2334.42993 0.153627
2334.82007 0.154391
2335.21997 0.15516
2335.61011 0.155927
2336.01001 0.156694
2336.39990 0.157455
2336.79004 0.158222
2337.18994 0.15899
2337.58008 0.159758
2337.97998 0.160521
2338.37012 0.161289
2338.77002 0.162057
2339.15991 0.162825
2339.56006 0.163595
2339.94995 0.164419
2340.35010 0.165371
2340.73999 0.166414
2341.13989 0.167454
2341.53003 0.168498
2341.92993 0.169542
2342.33008 0.170587
2342.71997 0.171628
2343.12012 0.172674
2343.51001 0.173718
2343.90991 0.17476
2344.30005 0.175803
2344.69995 0.176848
2345.10010 0.177895
2345.48999 0.178941
2345.88989 0.179988
2346.28003 0.181028
2346.67993 0.182079
2347.08008 0.183126
2347.46997 0.184171
2347.87012 0.185216
2348.27002 0.186264
2348.65991 0.187313
2349.06006 0.188362
2349.45996 0.189408
2349.86011 0.19046
2350.25000 0.191506
2350.64990 0.192551
2351.05005 0.1936
2351.43994 0.19465
2351.84009 0.195699
2352.23999 0.196745
2352.62988 0.197791
2353.03003 0.198841
2353.42993 0.199892
2353.83008 0.200943
2354.21997 0.201991
2354.62012 0.203042
2355.02002 0.204093
2355.41992 0.205145
2355.82007 0.20619
2356.20996 0.207242
2356.61011 0.208295
2357.01001 0.209348
2357.40991 0.2104
2357.81006 0.211449
2358.19995 0.212503
2358.60010 0.213556
2359.00000 0.214607
2359.39990 0.215661
2359.80005 0.216735
2360.19995 0.217948
2360.59009 0.219365
2360.98999 0.220794
2361.38989 0.222216
2361.79004 0.223639
2362.18994 0.225054
2362.59009 0.226478
2362.98999 0.227903
2363.38989 0.229328
2363.79004 0.230743
2364.18994 0.232173
2364.59009 0.2336
2364.98999 0.235025
2365.38989 0.236447
2365.78003 0.237868
2366.17993 0.239295
2366.58008 0.240722
2366.97998 0.242144
2367.37988 0.243572
2367.78003 0.245001
2368.17993 0.24643
2368.58008 0.247853
2368.97998 0.249281
2369.37988 0.250711
2369.78003 0.252137
2370.17993 0.253561
2370.58008 0.25499
2370.97998 0.256418
2371.38989 0.257853
2371.78003 0.259273
2372.18994 0.260703
2372.59009 0.262133
2372.98999 0.263564
2373.38989 0.26499
2373.79004 0.266416
2374.18994 0.267848
2374.59009 0.269279
2374.98999 0.270711
2375.38989 0.272142
2375.80005 0.273569
2376.19995 0.275002
2376.60010 0.276435
2377.00000 0.277865
2377.39990 0.279299
2377.80005 0.280731
2378.19995 0.282161
2378.61011 0.283595
2379.01001 0.285031
2379.40991 0.286465
2379.81006 0.287923
2380.20996 0.289523
2380.61011 0.291331
2381.02002 0.29314
2381.41992 0.294948
2381.82007 0.296746
2382.21997 0.298554
2382.62988 0.30037
2383.03003 0.30218
2383.42993 0.303979
2383.83008 0.30579
2384.23999 0.307601
2384.63989 0.309412
2385.04004 0.311217
2385.44995 0.313029
2385.85010 0.314843
2386.25000 0.316655
2386.64990 0.318463
2387.06006 0.320276
2387.45996 0.32209
2387.86011 0.323899
2388.27002 0.325708
2388.66992 0.327522
2389.07007 0.329337
2389.47998 0.331153
2389.87988 0.332963
2390.28003 0.334777
2390.68994 0.336591
2391.09009 0.338405
2391.50000 0.340212
2391.89990 0.342019
2392.30005 0.343835
2392.70996 0.34565
2393.11011 0.347466
2393.52002 0.349276
2393.91992 0.35109
2394.33008 0.352908
2394.72998 0.354719
2395.13989 0.356535
2395.54004 0.358346
2395.93994 0.360163
2396.35010 0.361982
2396.75000 0.363794
2397.15991 0.365612
2397.56006 0.367437
2397.96997 0.369244
2398.37012 0.371062
2398.78003 0.372883
2399.17993 0.374702
2399.59009 0.376522
2399.98999 0.378366
2400.39990 0.380739
2400.81006 0.383149
2401.20996 0.385555
2401.62012 0.387968
2402.02002 0.390373
2402.42993 0.392786
2402.83008 0.395199
2403.23999 0.397604
2403.63989 0.400018
2404.05005 0.402426
2404.45996 0.404841
2404.86011 0.407256
2405.27002 0.409672
2405.67993 0.41208
2406.08008 0.414496
2406.48999 0.416904
2406.88989 0.41932
2407.30005 0.421737
2407.70996 0.424146
2408.11011 0.426563
2408.52002 0.428981
2408.92993 0.431401
2409.34009 0.433818
2409.73999 0.436221
2410.14990 0.438638
2410.56006 0.441052
2410.95996 0.443468
2411.37012 0.445876
2411.78003 0.448282
2412.18994 0.450705
2412.59009 0.453122
2413.00000 0.455531
2413.40991 0.457946
2413.82007 0.460355
2414.21997 0.462771
2414.62988 0.46518
2415.04004 0.467605
2415.44995 0.470021
2415.86011 0.472432
2416.26001 0.474842
2416.66992 0.477259
2417.08008 0.479677
2417.48999 0.482088
2417.89990 0.484507
2418.30005 0.486927
2418.70996 0.489338
2419.12012 0.491757
2419.53003 0.494169
2419.93994 0.49659
2420.35010 0.499265
2420.76001 0.501978
2421.15991 0.504687
2421.57007 0.507404
2421.97998 0.510113
2422.38989 0.512838
2422.80005 0.515545
2423.20996 0.518262
2423.62012 0.520979
2424.03003 0.523689
2424.43994 0.526409
2424.85010 0.529118
2425.26001 0.531838
2425.66992 0.534557
2426.08008 0.537276
2426.48999 0.539979
2426.89990 0.542709
2427.31006 0.545429
2427.71997 0.548142
2428.12988 0.550863
2428.54004 0.553575
2428.94995 0.556296
2429.36011 0.559017
2429.77002 0.561731
2430.17993 0.56445
2430.59009 0.567164
2431.00000 0.569878
2431.40991 0.572583
2431.82007 0.575297
2432.22998 0.578002
2432.63989 0.580716
2433.05005 0.583422
2433.45996 0.586137
2433.87988 0.588852
2434.29004 0.591568
2434.69995 0.594276
2435.11011 0.596991
2435.52002 0.599708
2435.92993 0.602424
2436.34009 0.605121
2436.75000 0.607836
