threeML/data/optical_filters/HST/ACS_SBC-PR110L.ecsv
# %ECSV 0.9
# ---
# datatype:
# - {name: wavelength, unit: Angstrom, datatype: float32}
# - {name: response, datatype: float32}
# meta: !!omap
# - {band_name: PR110L}
# - {group_name: ACS_SBC}
wavelength response
1045.80005 0.0
1162.00000 0.022561
1162.21997 0.0233041
1162.44995 0.0240642
1162.67004 0.0248364
1162.90002 0.0256255
1163.12000 0.0264235
1163.34998 0.0272387
1163.56995 0.0280639
1163.80005 0.0289038
1164.02002 0.0297613
1164.23999 0.0306374
1164.46997 0.0315287
1164.68994 0.0324378
1164.92004 0.0333631
1165.14001 0.0343041
1165.37000 0.0352588
1165.58997 0.0362322
1165.81995 0.037219
1166.04004 0.038222
1166.27002 0.0392419
1166.48999 0.0402817
1166.71997 0.0413376
1166.93994 0.0424081
1167.17004 0.043502
1167.39001 0.0446071
1167.62000 0.0457289
1167.83997 0.0468692
1168.06995 0.0480301
1168.30005 0.0492056
1168.52002 0.0504022
1168.75000 0.0516175
1168.96997 0.0528475
1169.19995 0.0540999
1169.42004 0.0553673
1169.65002 0.0566567
1169.88000 0.0579622
1170.09998 0.0592743
1170.32996 0.0605932
1170.55005 0.061931
1170.78003 0.0632833
1171.00000 0.064654
1171.22998 0.0660514
1171.45996 0.06746
1171.68005 0.0688881
1171.91003 0.0703342
1172.13000 0.0718049
1172.35999 0.0732941
1172.58997 0.0747994
1172.81006 0.076329
1173.04004 0.0778733
1173.27002 0.0794425
1173.48999 0.0810281
1173.71997 0.0826372
1173.93994 0.084263
1174.17004 0.0859005
1174.40002 0.0875642
1174.62000 0.0892392
1174.84998 0.0909347
1175.07996 0.0925749
1175.31006 0.0940952
1175.53003 0.0956218
1175.76001 0.0971645
1175.98999 0.0987267
1176.20996 0.100305
1176.43994 0.101895
1176.67004 0.103501
1176.89001 0.105127
1177.12000 0.106758
1177.34998 0.108401
1177.57996 0.110061
1177.80005 0.111733
1178.03003 0.113428
1178.26001 0.115148
1178.47998 0.116889
1178.70996 0.118643
1178.93994 0.120413
1179.17004 0.122193
1179.39001 0.123986
1179.62000 0.125792
1179.84998 0.127613
1180.07996 0.129445
1180.31006 0.131249
1180.53003 0.133068
1180.76001 0.134909
1180.98999 0.136762
1181.21997 0.138612
1181.43994 0.140484
1181.67004 0.142371
1181.90002 0.144275
1182.13000 0.1462
1182.35999 0.148156
1182.58997 0.150122
1182.81006 0.152106
1183.04004 0.154102
1183.27002 0.156106
1183.50000 0.158127
1183.72998 0.160158
1183.95996 0.162218
1184.18005 0.164301
1184.41003 0.166404
1184.64001 0.168525
1184.87000 0.170669
1185.09998 0.172816
1185.32996 0.174969
1185.56006 0.177152
1185.79004 0.179346
1186.01001 0.181553
1186.23999 0.183799
1186.46997 0.186069
1186.69995 0.188352
1186.93005 0.190653
1187.16003 0.192964
1187.39001 0.195285
1187.62000 0.197619
1187.84998 0.199978
1188.07996 0.202362
1188.31006 0.204776
1188.53003 0.207209
1188.76001 0.209661
1188.98999 0.212139
1189.21997 0.214606
1189.44995 0.217098
1189.68005 0.219616
1189.91003 0.222141
1190.14001 0.224597
1190.37000 0.227016
1190.59998 0.22946
1190.82996 0.231911
1191.06006 0.234373
1191.29004 0.236846
1191.52002 0.239322
1191.75000 0.241815
1191.97998 0.244331
1192.20996 0.246889
1192.43994 0.249459
1192.67004 0.252046
1192.90002 0.254659
1193.13000 0.257273
1193.35999 0.259885
1193.58997 0.262513
1193.81995 0.265166
1194.05005 0.267842
1194.28003 0.270552
1194.51001 0.273289
1194.73999 0.276035
1194.96997 0.278799
1195.19995 0.281562
1195.43005 0.284338
1195.66003 0.287125
1195.90002 0.28993
1196.13000 0.292785
1196.35999 0.295659
1196.58997 0.298549
1196.81995 0.301459
1197.05005 0.304398
1197.28003 0.307311
1197.51001 0.310246
1197.73999 0.313204
1197.96997 0.316174
1198.20996 0.319202
1198.43994 0.322242
1198.67004 0.325312
1198.90002 0.328391
1199.13000 0.33146
1199.35999 0.334518
1199.58997 0.337584
1199.82996 0.34067
1200.06006 0.34355
1200.29004 0.345757
1200.52002 0.34796
1200.75000 0.350171
1200.97998 0.352402
1201.21997 0.354595
1201.44995 0.356791
1201.68005 0.358996
1201.91003 0.361214
1202.14001 0.363434
1202.38000 0.365667
1202.60999 0.367907
1202.83997 0.37015
1203.06995 0.372417
1203.30005 0.374714
1203.54004 0.377024
1203.77002 0.379336
1204.00000 0.381655
1204.22998 0.38395
1204.45996 0.386253
1204.69995 0.388556
1204.93005 0.390873
1205.16003 0.393199
1205.40002 0.395526
1205.63000 0.397861
1205.85999 0.400202
1206.08997 0.402558
1206.32996 0.404916
1206.56006 0.407288
1206.79004 0.409667
1207.03003 0.412056
1207.26001 0.414444
1207.48999 0.416846
1207.71997 0.419252
1207.95996 0.421663
1208.18994 0.424083
1208.42004 0.426525
1208.66003 0.428961
1208.89001 0.431413
1209.12000 0.433864
1209.35999 0.43633
1209.58997 0.438799
1209.81995 0.441274
1210.06006 0.443768
1210.29004 0.446273
1210.52002 0.448792
1210.76001 0.451319
1210.98999 0.453855
1211.21997 0.456392
1211.45996 0.458937
1211.68994 0.461498
1211.93005 0.46406
1212.16003 0.466629
1212.39001 0.469215
1212.63000 0.47181
1212.85999 0.474412
1213.09998 0.477015
1213.32996 0.479635
1213.56006 0.482255
1213.80005 0.484884
1214.03003 0.487521
1214.27002 0.490174
1214.50000 0.492836
1214.72998 0.495499
1214.96997 0.498186
1215.19995 0.50082
1215.43994 0.503456
1215.67004 0.5061
1215.91003 0.508761
1216.14001 0.511168
1216.38000 0.513425
1216.60999 0.515687
1216.84998 0.517947
1217.07996 0.520199
1217.31995 0.522414
1217.55005 0.52464
1217.79004 0.526863
1218.02002 0.529091
1218.26001 0.531329
1218.48999 0.533571
1218.72998 0.53581
1218.95996 0.538054
1219.19995 0.540222
1219.43005 0.542362
1219.67004 0.544505
1219.90002 0.546658
1220.14001 0.548926
1220.38000 0.551288
1220.60999 0.553647
1220.84998 0.556019
1221.07996 0.558348
1221.31995 0.560613
1221.55005 0.562877
1221.79004 0.565149
1222.02002 0.56742
1222.26001 0.569695
1222.50000 0.571986
1222.72998 0.574269
1222.96997 0.576556
1223.19995 0.578847
1223.43994 0.581155
1223.68005 0.583454
1223.91003 0.585757
1224.15002 0.588072
1224.38000 0.590389
1224.62000 0.592705
1224.85999 0.595031
1225.08997 0.597281
1225.32996 0.599423
1225.56995 0.601574
1225.80005 0.603728
1226.04004 0.605867
1226.28003 0.607963
1226.51001 0.610055
1226.75000 0.612155
1226.98999 0.614252
1227.21997 0.616411
1227.45996 0.618583
1227.69995 0.620757
1227.93005 0.622928
1228.17004 0.625102
1228.41003 0.627291
1228.64001 0.629469
1228.88000 0.631652
1229.12000 0.633809
1229.35999 0.63593
1229.58997 0.638053
1229.82996 0.640185
1230.06995 0.642154
1230.31006 0.643716
1230.54004 0.645275
1230.78003 0.64684
1231.02002 0.648397
1231.26001 0.649894
1231.48999 0.651391
1231.72998 0.652894
1231.96997 0.654399
1232.20996 0.655959
1232.43994 0.657539
1232.68005 0.659113
1232.92004 0.660687
1233.16003 0.662263
1233.40002 0.663845
1233.63000 0.665425
1233.87000 0.667005
1234.10999 0.668564
1234.34998 0.670082
1234.58997 0.671598
1234.82996 0.673114
1235.06006 0.674656
1235.30005 0.676245
1235.54004 0.677837
1235.78003 0.679429
1236.02002 0.681027
1236.26001 0.682552
1236.48999 0.684083
1236.72998 0.685614
1236.96997 0.687143
1237.20996 0.688735
1237.44995 0.690344
1237.68994 0.691949
1237.93005 0.693556
1238.16003 0.695168
1238.40002 0.696784
1238.64001 0.698399
1238.88000 0.700013
1239.12000 0.701594
1239.35999 0.703137
1239.59998 0.704681
1239.83997 0.706226
1240.07996 0.707774
1240.31995 0.709302
1240.56006 0.710835
1240.80005 0.71237
1241.04004 0.713889
1241.28003 0.715347
1241.52002 0.716804
1241.76001 0.718268
1241.98999 0.719732
1242.22998 0.721267
1242.46997 0.722809
1242.70996 0.724349
1242.94995 0.725894
1243.18994 0.727436
1243.43005 0.728984
1243.67004 0.730528
1243.91003 0.732074
1244.15002 0.733576
1244.39001 0.73505
1244.63000 0.736522
1244.87000 0.737998
1245.12000 0.739513
1245.35999 0.741065
1245.59998 0.742619
1245.83997 0.744174
1246.07996 0.745739
1246.31995 0.747297
1246.56006 0.748855
1246.80005 0.75042
1247.04004 0.75197
1247.28003 0.753456
1247.52002 0.75494
1247.76001 0.756428
1248.00000 0.757913
1248.23999 0.759485
1248.47998 0.761058
1248.71997 0.762627
1248.95996 0.764198
1249.20996 0.765705
1249.44995 0.767201
1249.68994 0.768693
1249.93005 0.770186
1250.17004 0.771564
1250.41003 0.772881
1250.65002 0.7742
1250.89001 0.775519
1251.13000 0.776842
1251.38000 0.778162
1251.62000 0.779486
1251.85999 0.780811
1252.09998 0.782098
1252.33997 0.783339
1252.58997 0.784578
1252.82996 0.78582
1253.06995 0.787082
1253.31006 0.788407
1253.55005 0.789738
1253.79004 0.791063
1254.04004 0.792376
1254.28003 0.79362
1254.52002 0.794865
1254.76001 0.796105
1255.00000 0.797348
1255.25000 0.798679
1255.48999 0.800007
1255.72998 0.801336
1255.96997 0.802669
1256.21997 0.804002
1256.45996 0.805336
1256.69995 0.806667
1256.93994 0.808002
1257.18994 0.809266
1257.43005 0.810511
1257.67004 0.811756
1257.91003 0.813007
1258.16003 0.81431
1258.40002 0.815648
1258.64001 0.816986
1258.89001 0.818321
1259.13000 0.819609
1259.37000 0.820856
1259.60999 0.822106
1259.85999 0.823353
1260.09998 0.82461
1260.33997 0.825876
1260.58997 0.827142
1260.82996 0.828404
1261.06995 0.829667
1261.31995 0.830933
1261.56006 0.832197
1261.80005 0.83346
1262.05005 0.83471
1262.29004 0.835887
1262.54004 0.837063
1262.78003 0.838236
1263.02002 0.839421
1263.27002 0.840686
1263.51001 0.84195
1263.75000 0.843216
1264.00000 0.844485
1264.23999 0.845663
1264.47998 0.846836
1264.72998 0.848016
1264.96997 0.84919
1265.21997 0.850446
1265.45996 0.851712
1265.70996 0.852983
1265.94995 0.854251
1266.18994 0.855523
1266.43994 0.856794
1266.68005 0.858062
1266.93005 0.859334
1267.17004 0.860536
1267.42004 0.861714
1267.66003 0.862888
1267.91003 0.864062
1268.15002 0.865298
1268.40002 0.866571
1268.64001 0.867841
1268.88000 0.869112
1269.13000 0.870338
1269.38000 0.871512
1269.62000 0.872687
1269.87000 0.873864
1270.10999 0.875055
1270.35999 0.876271
1270.59998 0.877484
1270.84998 0.8787
1271.08997 0.879913
1271.33997 0.881129
1271.57996 0.882346
1271.82996 0.883559
1272.06995 0.884743
1272.31995 0.885858
1272.56006 0.886979
1272.81006 0.888093
1273.05005 0.889229
1273.30005 0.890445
1273.55005 0.891663
1273.79004 0.892876
1274.04004 0.894074
1274.28003 0.895191
1274.53003 0.896308
1274.78003 0.897421
1275.02002 0.898537
1275.27002 0.89965
1275.51001 0.900761
1275.76001 0.901877
1276.01001 0.902992
1276.25000 0.904104
1276.50000 0.905218
1276.75000 0.906333
1276.98999 0.907444
1277.23999 0.908554
1277.47998 0.909665
1277.72998 0.910778
1277.97998 0.911891
1278.21997 0.913001
1278.46997 0.914113
1278.71997 0.915226
1278.95996 0.916335
1279.20996 0.917444
1279.45996 0.918555
1279.69995 0.919664
1279.94995 0.920772
1280.19995 0.921385
1280.44995 0.921876
1280.68994 0.922367
1280.93994 0.922855
1281.18994 0.923425
1281.43005 0.924018
1281.68005 0.924611
1281.93005 0.925203
1282.18005 0.925797
1282.42004 0.92639
1282.67004 0.926982
1282.92004 0.927576
1283.17004 0.928166
1283.41003 0.928758
1283.66003 0.929347
1283.91003 0.929939
1284.16003 0.930529
1284.40002 0.931119
1284.65002 0.931711
1284.90002 0.932302
1285.15002 0.932826
1285.40002 0.933307
1285.65002 0.933789
1285.89001 0.93427
1286.14001 0.93481
1286.39001 0.935399
1286.64001 0.935988
1286.89001 0.936573
1287.13000 0.937161
1287.38000 0.937748
1287.63000 0.938334
1287.88000 0.938919
1288.13000 0.939505
1288.38000 0.940089
1288.63000 0.940675
1288.88000 0.94126
1289.12000 0.941846
1289.37000 0.94243
1289.62000 0.943012
1289.87000 0.943597
1290.12000 0.944117
1290.37000 0.944569
1290.62000 0.945019
1290.87000 0.945472
1291.12000 0.945973
1291.35999 0.946533
1291.60999 0.947094
1291.85999 0.947654
1292.10999 0.948212
1292.35999 0.94877
1292.60999 0.949329
1292.85999 0.949889
1293.10999 0.950446
1293.35999 0.951004
1293.60999 0.951562
1293.85999 0.952118
1294.10999 0.952673
1294.35999 0.953231
1294.60999 0.953786
1294.85999 0.95434
1295.10999 0.954898
1295.35999 0.955452
1295.60999 0.956006
1295.85999 0.956559
1296.10999 0.957066
1296.35999 0.957506
1296.60999 0.957946
1296.85999 0.958387
1297.10999 0.958875
1297.35999 0.959426
1297.60999 0.959977
1297.85999 0.960529
1298.10999 0.961081
1298.35999 0.96163
1298.60999 0.962179
1298.85999 0.962729
1299.10999 0.963278
1299.35999 0.963828
1299.62000 0.964377
1299.87000 0.964925
1300.12000 0.965416
1300.37000 0.965841
1300.62000 0.966268
1300.87000 0.966692
1301.12000 0.967116
1301.37000 0.967541
1301.62000 0.967962
1301.87000 0.968384
1302.12000 0.968806
1302.38000 0.969227
1302.63000 0.969647
1302.88000 0.970067
1303.13000 0.970547
1303.38000 0.97108
1303.63000 0.971616
1303.88000 0.97215
1304.14001 0.972621
1304.39001 0.973037
1304.64001 0.973452
1304.89001 0.973868
1305.14001 0.974284
1305.39001 0.974697
1305.65002 0.975111
1305.90002 0.975525
1306.15002 0.975936
1306.40002 0.976348
1306.66003 0.97676
1306.91003 0.977169
1307.16003 0.97758
1307.41003 0.977989
1307.66003 0.978398
1307.92004 0.978807
1308.17004 0.979293
1308.42004 0.97982
1308.67004 0.980344
1308.93005 0.980869
1309.18005 0.981309
1309.43005 0.981715
1309.68005 0.982119
1309.93994 0.982523
1310.18994 0.982929
1310.43994 0.983338
1310.69995 0.983745
1310.94995 0.984151
1311.19995 0.984557
1311.44995 0.984963
1311.70996 0.985368
1311.95996 0.985774
1312.20996 0.986177
1312.46997 0.986579
1312.71997 0.986981
1312.96997 0.987384
1313.22998 0.987893
1313.47998 0.988414
1313.72998 0.988938
1313.98999 0.989458
1314.23999 0.989864
1314.50000 0.990262
1314.75000 0.99066
1315.00000 0.991057
1315.26001 0.991453
1315.51001 0.99185
1315.76001 0.992244
1316.02002 0.99264
1316.27002 0.993035
1316.53003 0.993429
1316.78003 0.993821
1317.04004 0.994213
1317.29004 0.994603
1317.54004 0.994995
1317.80005 0.995385
1318.05005 0.995801
1318.31006 0.996314
1318.56006 0.996826
1318.81006 0.997337
1319.06995 0.997817
1319.31995 0.998203
1319.57996 0.998589
1319.82996 0.998975
1320.08997 0.999234
1320.33997 0.999252
1320.59998 0.99927
1320.84998 0.999288
1321.10999 0.999304
1321.35999 0.999321
1321.62000 0.999337
1321.87000 0.999353
1322.13000 0.999367
1322.38000 0.999382
1322.64001 0.999397
1322.89001 0.99941
1323.15002 0.999497
1323.40002 0.999636
1323.66003 0.999775
1323.91003 0.999914
1324.17004 0.999967
1324.43005 0.999979
1324.68005 0.99999
1324.93994 1.0
1325.18994 0.999915
1325.44995 0.999797
1325.69995 0.99968
1325.95996 0.999562
1326.21997 0.99955
1326.46997 0.999558
1326.72998 0.999565
1326.97998 0.999572
1327.23999 0.999578
1327.50000 0.999584
1327.75000 0.999589
1328.01001 0.999595
1328.27002 0.999599
1328.52002 0.999603
1328.78003 0.999607
1329.03003 0.999593
1329.29004 0.999467
1329.55005 0.999341
1329.80005 0.999215
1330.06006 0.999119
1330.31995 0.999122
1330.56995 0.999125
1330.82996 0.999128
1331.08997 0.99913
1331.34998 0.999132
1331.59998 0.999133
1331.85999 0.999134
1332.12000 0.999134
1332.37000 0.999134
1332.63000 0.999133
1332.89001 0.999132
1333.14001 0.99913
1333.40002 0.999128
1333.66003 0.999126
1333.92004 0.999123
1334.17004 0.999032
1334.43005 0.998899
1334.68994 0.998764
1334.94995 0.998629
1335.19995 0.998596
1335.45996 0.998591
1335.71997 0.998584
1335.97998 0.998578
1336.22998 0.99857
1336.48999 0.998563
1336.75000 0.998554
1337.01001 0.998546
1337.27002 0.998537
1337.53003 0.998527
1337.78003 0.998517
1338.04004 0.998486
1338.30005 0.998343
1338.56006 0.998201
1338.81995 0.998057
1339.06995 0.997951
1339.32996 0.997938
1339.58997 0.997924
1339.84998 0.99791
1340.10999 0.997896
1340.37000 0.997881
1340.62000 0.997866
1340.88000 0.99785
1341.14001 0.997834
1341.40002 0.997818
1341.66003 0.997801
1341.92004 0.997783
1342.18005 0.997673
1342.43994 0.997522
1342.69995 0.997371
1342.95996 0.997217
1343.20996 0.997175
1343.46997 0.997154
1343.72998 0.997133
1343.98999 0.997111
1344.25000 0.99709
1344.51001 0.997066
1344.77002 0.997044
1345.03003 0.997021
1345.29004 0.996997
1345.55005 0.996972
1345.81006 0.996947
1346.06995 0.996886
1346.32996 0.996725
1346.58997 0.996565
1346.84998 0.996404
1347.10999 0.996298
1347.37000 0.99627
1347.63000 0.996242
1347.89001 0.996213
1348.15002 0.996183
1348.41003 0.996153
1348.67004 0.996123
1348.93005 0.996092
1349.18994 0.996061
1349.44995 0.996029
1349.70996 0.995997
1349.96997 0.995964
1350.22998 0.995809
1350.48999 0.99564
1350.75000 0.995469
1351.01001 0.995305
1351.27002 0.995269
1351.54004 0.995233
1351.80005 0.995197
1352.06006 0.995129
1352.31995 0.994956
1352.57996 0.99478
1352.83997 0.994604
1353.09998 0.994482
1353.35999 0.994442
1353.62000 0.994401
1353.88000 0.994361
1354.15002 0.994243
1354.41003 0.994064
1354.67004 0.993883
1354.93005 0.993703
1355.18994 0.993624
1355.44995 0.99358
1355.70996 0.993535
