threeML/data/optical_filters/HST/ACS_HRC-F475W.ecsv
# %ECSV 0.9
# ---
# datatype:
# - {name: wavelength, unit: Angstrom, datatype: float32}
# - {name: response, datatype: float32}
# meta: !!omap
# - {band_name: F475W}
# - {group_name: ACS_HRC}
wavelength response
3457.15210 0.0
3841.28003 0.0030238
3841.69995 0.00310154
3842.12012 0.00317969
3842.54004 0.00325757
3842.96997 0.00333627
3843.38989 0.0034142
3843.81006 0.00349265
3844.22998 0.00357073
3844.64990 0.00364928
3845.07007 0.00372746
3845.48999 0.00380614
3845.91992 0.00388483
3846.33008 0.00396283
3846.76001 0.00404162
3847.17993 0.0041209
3847.60010 0.00419983
3848.02002 0.00427808
3848.43994 0.00435711
3848.87012 0.00443625
3849.29004 0.00451542
3849.70996 0.00459427
3850.12988 0.00469712
3850.55005 0.00485515
3850.97998 0.00501166
3851.39990 0.00516908
3851.82007 0.00532659
3852.23999 0.00548348
3852.65991 0.00564037
3853.09009 0.00579827
3853.51001 0.00595626
3853.92993 0.00611352
3854.35010 0.00627098
3854.78003 0.0064301
3855.19995 0.00658858
3855.62012 0.00674633
3856.04004 0.00690427
3856.46997 0.00706303
3856.88989 0.00722188
3857.31006 0.0073801
3857.72998 0.00753843
3858.15991 0.0076985
3858.58008 0.00785785
3859.00000 0.00801656
3859.42993 0.00817537
3859.85010 0.0083351
3860.27002 0.00855551
3860.68994 0.00880839
3861.12012 0.00906159
3861.54004 0.00931613
3861.95996 0.00957097
3862.38989 0.00982599
3862.81006 0.0100812
3863.23999 0.0103365
3863.65991 0.0105894
3864.08008 0.0108452
3864.51001 0.0111012
3864.92993 0.0113573
3865.35010 0.0116111
3865.78003 0.0118689
3866.19995 0.0121256
3866.62012 0.0123812
3867.05005 0.0126383
3867.46997 0.0128942
3867.88989 0.0131518
3868.32007 0.013408
3868.73999 0.0136659
3869.15991 0.0139226
3869.59009 0.0141809
3870.01001 0.0144418
3870.43994 0.0148414
3870.86011 0.0152371
3871.29004 0.0156349
3871.70996 0.0160314
3872.13989 0.0164299
3872.56006 0.0168269
3872.97998 0.0172261
3873.40991 0.0176254
3873.83008 0.0180254
3874.26001 0.0184254
3874.67993 0.0188217
3875.11011 0.0192221
3875.53003 0.0196231
3875.95996 0.0200243
3876.37988 0.0204218
3876.80005 0.0208235
3877.22998 0.0212257
3877.65991 0.0216281
3878.08008 0.0220308
3878.51001 0.0224336
3878.92993 0.0228349
3879.35010 0.0232362
3879.78003 0.0236401
3880.20996 0.0241203
3880.62988 0.024679
3881.05005 0.0252385
3881.47998 0.0258037
3881.90991 0.0263667
3882.33008 0.0269272
3882.76001 0.0274879
3883.17993 0.0280523
3883.61011 0.0286167
3884.03003 0.0291788
3884.45996 0.0297413
3884.88989 0.030307
3885.31006 0.030873
3885.73999 0.0314397
3886.15991 0.0320039
3886.59009 0.032571
3887.02002 0.0331388
3887.43994 0.0337043
3887.86011 0.0342701
3888.29004 0.0348389
3888.71997 0.0354085
3889.14990 0.0359783
3889.57007 0.0365484
3890.00000 0.0371189
3890.41992 0.0378326
3890.85010 0.0385541
3891.28003 0.0392761
3891.69995 0.0399987
3892.12988 0.0407147
3892.55005 0.041438
3892.97998 0.0421622
3893.40991 0.0428907
3893.84009 0.0436123
3894.26001 0.0443342
3894.68994 0.0450608
3895.12012 0.0457875
3895.54004 0.0465114
3895.96997 0.0472362
3896.39990 0.0479647
3896.82007 0.0486936
3897.25000 0.0494234
3897.67993 0.05015
3898.11011 0.0508807
3898.53003 0.0516083
3898.95996 0.0523405
3899.38989 0.0530727
3899.81006 0.053802
3900.23999 0.0545469
3900.66992 0.0553078
3901.10010 0.0560736
3901.52002 0.0568282
3901.94995 0.0575906
3902.37988 0.0583541
3902.81006 0.059118
3903.23999 0.0598789
3903.65991 0.0606398
3904.09009 0.0614056
3904.52002 0.0621757
3904.94995 0.0629384
3905.37988 0.0637056
3905.80005 0.0644698
3906.22998 0.0652384
3906.65991 0.0660036
3907.09009 0.0667733
3907.51001 0.0675394
3907.93994 0.0683066
3908.37012 0.0690776
3908.80005 0.0698535
3909.22998 0.070622
3909.65991 0.071391
3910.09009 0.0721742
3910.51001 0.0729951
3910.93994 0.0738169
3911.37012 0.0746308
3911.80005 0.0754537
3912.22998 0.0762818
3912.65991 0.0771016
3913.09009 0.0779223
3913.51001 0.0787477
3913.93994 0.0795736
3914.37012 0.0803964
3914.80005 0.0812234
3915.22998 0.0820471
3915.65991 0.0828757
3916.09009 0.0837004
3916.52002 0.084534
3916.94995 0.08536
3917.37988 0.0861909
3917.80005 0.0870182
3918.23999 0.0878503
3918.66992 0.088683
3919.09009 0.0895081
3919.52002 0.0903416
3919.94995 0.0911804
3920.38989 0.0919702
3920.81006 0.0927471
3921.23999 0.0935329
3921.66992 0.0943187
3922.10010 0.0951054
3922.53003 0.0958888
3922.95996 0.096673
3923.38989 0.0974612
3923.82007 0.0982498
3924.25000 0.0990394
3924.67993 0.0998255
3925.11011 0.100616
3925.54004 0.101403
3925.96997 0.102195
3926.39990 0.102987
3926.83008 0.103776
3927.26001 0.104566
3927.68994 0.105364
3928.12012 0.106159
3928.55005 0.10695
3928.97998 0.107742
3929.40991 0.108538
3929.85010 0.109335
3930.28003 0.110162
3930.70996 0.111007
3931.13989 0.111856
3931.57007 0.112707
3932.00000 0.113558
3932.42993 0.114406
3932.86011 0.115258
3933.29004 0.116111
3933.71997 0.116961
3934.15991 0.117815
3934.59009 0.118665
3935.02002 0.11952
3935.44995 0.120377
3935.87988 0.121233
3936.31006 0.122086
3936.73999 0.12294
3937.16992 0.123799
3937.61011 0.124658
3938.04004 0.125518
3938.46997 0.12637
3938.89990 0.12723
3939.33008 0.128092
3939.77002 0.128959
3940.18994 0.129768
3940.62988 0.130529
3941.06006 0.131291
3941.48999 0.13205
3941.91992 0.132813
3942.35010 0.133573
3942.79004 0.134338
3943.21997 0.135102
3943.64990 0.135868
3944.08008 0.13663
3944.52002 0.137397
3944.94995 0.138161
3945.37988 0.138929
3945.81006 0.139697
3946.23999 0.140462
3946.67993 0.141227
3947.11011 0.141997
3947.55005 0.142772
3947.97998 0.143539
3948.40991 0.144307
3948.84009 0.145079
3949.27002 0.145852
3949.70996 0.146622
3950.13989 0.147433
3950.57007 0.148337
3951.01001 0.149242
3951.43994 0.150147
3951.87012 0.151048
3952.30005 0.151955
3952.73999 0.152857
3953.16992 0.153765
3953.60010 0.154669
3954.04004 0.155578
3954.46997 0.156483
3954.89990 0.157394
3955.34009 0.15831
3955.77002 0.159222
3956.19995 0.160125
3956.63989 0.161038
3957.07007 0.161952
3957.51001 0.162867
3957.93994 0.163773
3958.37012 0.164688
3958.81006 0.16561
3959.23999 0.166522
3959.67993 0.16744
3960.11011 0.16834
3960.54004 0.169205
3960.97998 0.170066
3961.40991 0.170932
3961.84009 0.171795
3962.28003 0.172663
3962.70996 0.173527
3963.14990 0.174395
3963.58008 0.175265
3964.01001 0.17613
3964.44995 0.177001
3964.88989 0.177872
3965.32007 0.178739
3965.75000 0.179608
3966.18994 0.180481
3966.62012 0.181359
3967.06006 0.182234
3967.48999 0.1831
3967.92993 0.183976
3968.36011 0.184851
3968.80005 0.185728
3969.22998 0.186596
3969.66992 0.187474
3970.10010 0.188378
3970.54004 0.189363
3970.96997 0.190344
3971.40991 0.191336
3971.84009 0.192318
3972.28003 0.193301
3972.70996 0.194289
3973.14990 0.195279
3973.58008 0.196264
3974.02002 0.197251
3974.44995 0.198242
3974.88989 0.199239
3975.33008 0.200227
3975.76001 0.201216
3976.19995 0.202211
3976.63989 0.203206
3977.07007 0.204196
3977.50000 0.205187
3977.93994 0.206184
3978.37988 0.207182
3978.81006 0.208176
3979.25000 0.209176
3979.68994 0.210176
3980.12012 0.211139
3980.56006 0.212007
3980.98999 0.212875
3981.42993 0.213747
3981.87012 0.21462
3982.30005 0.21549
3982.73999 0.216369
3983.17993 0.217244
3983.61011 0.218112
3984.05005 0.218988
3984.48999 0.219865
3984.91992 0.220743
3985.36011 0.221613
3985.79004 0.222492
3986.22998 0.223372
3986.66992 0.224252
3987.11011 0.225133
3987.54004 0.22601
3987.97998 0.226893
3988.41992 0.227771
3988.85010 0.228654
3989.29004 0.229534
3989.72998 0.230419
3990.15991 0.231289
3990.60010 0.232149
3991.04004 0.233002
3991.47998 0.233859
3991.90991 0.234712
3992.35010 0.23557
3992.79004 0.236424
3993.22998 0.23728
3993.65991 0.23814
3994.10010 0.239001
3994.54004 0.239861
3994.97998 0.240718
3995.41992 0.241581
3995.86011 0.242445
3996.29004 0.243308
3996.72998 0.244164
3997.16992 0.245029
3997.61011 0.245894
3998.05005 0.24676
3998.47998 0.247627
3998.91992 0.248495
3999.36011 0.249358
3999.80005 0.250222
4000.23999 0.251017
4000.67993 0.251747
4001.11011 0.252474
4001.55005 0.253201
4001.98999 0.253933
4002.42993 0.254665
4002.87012 0.255397
4003.30005 0.256127
4003.73999 0.25686
4004.17993 0.257595
4004.62012 0.258325
4005.06006 0.259057
4005.50000 0.259792
4005.93994 0.260528
4006.37988 0.261265
4006.82007 0.261998
4007.26001 0.262736
4007.69995 0.263474
4008.12988 0.264209
4008.57007 0.264948
4009.01001 0.265683
4009.44995 0.266423
4009.88989 0.26716
4010.33008 0.267902
4010.77002 0.268645
4011.20996 0.269383
4011.64990 0.270126
4012.09009 0.27087
4012.53003 0.271615
4012.96997 0.272352
4013.40991 0.273097
4013.85010 0.273842
4014.29004 0.274592
4014.72998 0.275331
4015.16992 0.276078
4015.61011 0.276826
4016.05005 0.277571
4016.48999 0.278319
4016.92993 0.279064
4017.37012 0.279815
4017.81006 0.280561
4018.25000 0.281312
4018.68994 0.282063
4019.12988 0.282815
4019.57007 0.283564
4020.01001 0.284315
4020.44995 0.285018
4020.88989 0.285719
4021.33008 0.28642
4021.77002 0.287126
4022.21997 0.287835
4022.64990 0.288534
4023.10010 0.289241
4023.54004 0.289948
4023.97998 0.290656
4024.41992 0.291357
4024.86011 0.292066
4025.30005 0.292775
4025.73999 0.293485
4026.17993 0.294192
4026.62012 0.2949
4027.07007 0.295615
4027.51001 0.296323
4027.94995 0.297035
4028.38989 0.297748
4028.83008 0.298458
4029.27002 0.299168
4029.70996 0.299882
4030.15991 0.300689
4030.60010 0.301646
4031.04004 0.302603
4031.47998 0.303566
4031.91992 0.30453
4032.36011 0.30549
4032.80005 0.30645
4033.25000 0.307416
4033.68994 0.308382
4034.12988 0.309349
4034.57007 0.310312
4035.02002 0.31128
4035.45996 0.31225
4035.89990 0.313215
4036.34009 0.31418
4036.79004 0.315151
4037.22998 0.316123
4037.66992 0.31709
4038.12012 0.318068
4038.56006 0.319041
4039.00000 0.320006
4039.43994 0.320981
4039.88989 0.321957
4040.33008 0.322911
4040.77002 0.32385
4041.20996 0.324799
4041.65991 0.325749
4042.10010 0.326699
4042.54004 0.32764
4042.98999 0.328596
4043.42993 0.329548
4043.87012 0.330502
4044.31006 0.33145
4044.76001 0.332398
4045.19995 0.333352
4045.63989 0.334308
4046.09009 0.335259
4046.53003 0.336215
4046.96997 0.337172
4047.41992 0.338125
4047.86011 0.339084
4048.30005 0.340038
4048.75000 0.340997
4049.18994 0.341953
4049.63989 0.342914
4050.08008 0.343907
4050.52002 0.345073
4050.96997 0.346239
4051.40991 0.347406
4051.86011 0.348573
4052.30005 0.34973
4052.73999 0.350899
4053.18994 0.352069
4053.62988 0.35324
4054.08008 0.354412
4054.52002 0.355585
4054.96997 0.356754
4055.40991 0.357928
4055.85010 0.359097
4056.30005 0.360273
4056.73999 0.36145
4057.18994 0.362622
4057.62988 0.363795
4058.08008 0.364974
4058.52002 0.366155
4058.96997 0.36733
4059.40991 0.368511
4059.86011 0.369693
4060.30005 0.370636
4060.75000 0.371471
4061.18994 0.372303
4061.63989 0.37314
4062.08008 0.373972
4062.53003 0.37481
4062.96997 0.375649
4063.41992 0.376487
4063.86011 0.377322
4064.31006 0.378158
4064.75000 0.378998
4065.19995 0.37984
4065.63989 0.380677
4066.09009 0.381515
4066.53003 0.382358
4066.97998 0.383206
4067.42993 0.384046
4067.87012 0.38489
4068.32007 0.385735
4068.76001 0.386572
4069.20996 0.387418
4069.65991 0.388265
4070.10010 0.3891
4070.55005 0.38989
4070.98999 0.390677
4071.43994 0.39147
4071.88989 0.392263
4072.33008 0.393052
4072.78003 0.393846
4073.21997 0.394637
4073.66992 0.395432
4074.12012 0.396224
4074.56006 0.397019
4075.01001 0.397816
4075.45996 0.398609
4075.90991 0.399407
4076.35010 0.400201
4076.80005 0.401
4077.23999 0.401795
4077.68994 0.402594
4078.13989 0.403398
4078.59009 0.404199
4079.03003 0.404992
4079.47998 0.405794
4079.92993 0.406596
4080.37012 0.407024
4080.82007 0.407383
4081.27002 0.407742
4081.71997 0.408102
4082.15991 0.408458
4082.61011 0.408817
4083.06006 0.409179
4083.51001 0.409539
4083.94995 0.409898
4084.39990 0.410259
4084.85010 0.41062
4085.30005 0.41098
4085.73999 0.41134
4086.18994 0.411701
4086.63989 0.412063
4087.09009 0.412422
4087.53003 0.412784
4087.97998 0.413147
4088.42993 0.413508
4088.87988 0.413871
4089.32007 0.414232
4089.77002 0.414596
4090.21997 0.415001
4090.66992 0.415453
4091.12012 0.415906
4091.57007 0.416359
4092.02002 0.41681
4092.45996 0.417262
4092.90991 0.417716
4093.36011 0.41817
4093.81006 0.418622
4094.26001 0.419078
4094.70996 0.419533
4095.15991 0.419985
4095.61011 0.420439
4096.06006 0.420895
4096.50000 0.421351
4096.95020 0.421807
4097.39990 0.422259
4097.85010 0.422715
4098.29980 0.423172
4098.75000 0.423629
4099.20020 0.424085
4099.64990 0.424543
4100.10010 0.424997
4100.54980 0.425433
4100.99023 0.425869
4101.43994 0.426306
4101.89014 0.426744
4102.33984 0.427181
4102.79004 0.427619
4103.24023 0.428059
4103.68994 0.428495
4104.14014 0.428933
4104.58984 0.429371
4105.04004 0.429812
4105.49023 0.43025
4105.93994 0.430691
4106.39014 0.431129
4106.83984 0.431571
4107.29004 0.43201
4107.74023 0.432453
4108.18994 0.432895
4108.64014 0.433337
4109.08984 0.433776
4109.54004 0.434218
4109.99023 0.434661
4110.43994 0.43524
4110.89990 0.435822
4111.35010 0.436401
4111.79980 0.436984
4112.24023 0.437563
4112.70020 0.438146
4113.14990 0.438726
4113.60010 0.43931
4114.04980 0.43989
4114.50000 0.440475
4114.95020 0.441059
4115.39990 0.441642
4115.85010 0.442227
4116.29980 0.442813
4116.75000 0.443397
4117.20020 0.44398
4117.66016 0.444568
4118.10986 0.445154
4118.56006 0.445745
4119.00977 0.446327
4119.45996 0.446915
4119.91016 0.447503
4120.37012 0.448095
4120.81006 0.448682
4121.27002 0.449276
4121.72021 0.44987
4122.16992 0.450464
4122.62012 0.451052
4123.06982 0.451647
4123.52979 0.452243
4123.97998 0.452838
4124.43018 0.453435
4124.87988 0.454032
4125.33984 0.454626
4125.79004 0.45522
4126.24023 0.455817
4126.68994 0.456414
4127.14990 0.457012
4127.60010 0.457609
4128.04980 0.458209
4128.50000 0.458808
4128.95020 0.459405
4129.39990 0.460002
4129.85986 0.460604
4130.31006 0.461315
4130.75977 0.462073
4131.22021 0.462836
4131.66992 0.463596
4132.12012 0.464364
4132.56982 0.465125
4133.02979 0.465886
4133.47998 0.466651
4133.93018 0.467418
4134.39014 0.468181
4134.83984 0.468948
4135.29980 0.46972
4135.74023 0.47048
4136.20020 0.471248
4136.64990 0.472016
4137.10986 0.472786
4137.56006 0.473549
4138.00977 0.474321
4138.47021 0.475091
4138.91992 0.475861
4139.37012 0.476627
4139.81982 0.477401
4140.27979 0.477906
4140.72998 0.47824
4141.18994 0.478575
4141.64014 0.478908
4142.10010 0.479244
4142.54980 0.479579
4143.00000 0.479916
4143.45996 0.480252
4143.91016 0.480588
4144.37012 0.480922
4144.81982 0.481259
4145.27002 0.481593
4145.72998 0.481931
4146.18018 0.482267
4146.64014 0.482605
4147.08984 0.482943
4147.54004 0.483277
4148.00000 0.483614
4148.45996 0.483955
4148.91016 0.484294
4149.35986 0.484629
4149.81982 0.484968
4150.27002 0.485326
4150.72998 0.485696
4151.18018 0.486065
4151.64014 0.486435
4152.10010 0.486806
4152.54980 0.487175
4153.00977 0.487546
4153.45996 0.487918
4153.91016 0.488289
4154.37012 0.488658
4154.81982 0.489031
4155.27979 0.489404
4155.72998 0.489775
4156.18994 0.490146
4156.64990 0.49052
4157.10010 0.490894
4157.56006 0.491266
4158.00977 0.491638
4158.47021 0.492011
4158.93018 0.492385
4159.37988 0.492758
4159.83984 0.493133
4160.29004 0.493245
4160.75000 0.49321
4161.20020 0.493175
4161.66016 0.49314
4162.12012 0.493104
4162.56982 0.493069
4163.02979 0.493033
4163.47998 0.492998
4163.93994 0.492963
4164.39990 0.492927
4164.85010 0.49289
4165.31006 0.492855
4165.77002 0.492819
4166.22021 0.492783
4166.68018 0.492747
4167.14014 0.49271
4167.58984 0.492673
4168.04980 0.492637
4168.50977 0.4926
4168.97021 0.492564
4169.41992 0.492527
4169.87988 0.49249
4170.33008 0.492588
4170.79004 0.492734
4171.25000 0.49288
4171.70996 0.493027
4172.16016 0.493173
4172.62012 0.49332
4173.08008 0.493467
4173.54004 0.493614
4173.99023 0.49376
4174.45020 0.493908
4174.91016 0.494055
4175.35986 0.494202
4175.81982 0.49435
4176.27979 0.494496
4176.74023 0.494643
4177.20020 0.49479
4177.64990 0.494938
4178.10986 0.495085
4178.56982 0.495231
4179.02979 0.495378
4179.49023 0.495526
4179.93994 0.495673
4180.39990 0.495654
4180.85986 0.49561
4181.31982 0.495566
4181.77979 0.495522
4182.22998 0.495478
4182.68994 0.495433
4183.14990 0.495389
4183.60986 0.495346
4184.06982 0.495302
4184.52979 0.495257
4184.97998 0.495212
4185.43994 0.495167
4185.89990 0.495123
4186.35986 0.495078
4186.81982 0.495033
4187.27979 0.494987
4187.74023 0.494942
4188.20020 0.494896
4188.64990 0.494851
4189.10986 0.494805
