threeML/data/optical_filters/HST/ACS_WFC-F658N_81.ecsv
# %ECSV 0.9
# ---
# datatype:
# - {name: wavelength, unit: Angstrom, datatype: float32}
# - {name: response, datatype: float32}
# meta: !!omap
# - {band_name: F658N_81}
# - {group_name: ACS_WFC}
wavelength response
5833.31396 0.0
6481.45996 0.00217923
6482.27002 0.00222826
6483.08008 0.00227753
6483.89014 0.00232657
6484.70020 0.00237565
6485.50977 0.00242498
6486.31982 0.00247409
6487.12012 0.0025232
6487.93994 0.00257259
6488.75000 0.00262197
6489.54980 0.00267093
6490.37012 0.00280836
6491.18018 0.00305316
6491.99023 0.00329701
6492.79980 0.00354093
6493.60986 0.00378597
6494.41992 0.00403019
6495.22998 0.00427434
6496.04004 0.00451976
6496.85010 0.00476539
6497.66016 0.00500888
6498.47021 0.00525453
6499.29004 0.00550039
6500.10010 0.00574532
6500.91016 0.0059928
6501.72021 0.00623709
6502.52979 0.0064837
6503.35010 0.00673042
6504.16016 0.00697605
6504.97021 0.00722207
6505.77979 0.00746907
6506.60010 0.0077153
6507.41016 0.00813347
6508.22021 0.00872663
6509.02979 0.00931718
6509.83984 0.00990797
6510.66016 0.0105014
6511.47021 0.0110948
6512.27979 0.0118244
6513.10010 0.0128111
6513.91016 0.0138028
6514.72021 0.0147901
6515.52979 0.0157783
6516.35010 0.0167708
6517.16016 0.0179091
6517.97998 0.0196418
6518.79004 0.0213834
6519.60986 0.0231254
6520.41992 0.0248527
6521.22998 0.0265943
6522.04980 0.0283951
6522.85986 0.0311159
6523.66992 0.0338372
6524.49023 0.0365703
6525.29980 0.0392926
6526.12012 0.0420169
6526.93018 0.0447531
6527.75000 0.0498619
6528.56006 0.055137
6529.37988 0.0604575
6530.18994 0.0657828
6531.00977 0.0710891
6531.81982 0.0763969
6532.64014 0.0854592
6533.45020 0.095521
6534.27002 0.105579
6535.08984 0.115688
6535.89990 0.125758
6536.72021 0.135836
6537.52979 0.15213
6538.35010 0.171728
6539.16016 0.191168
6539.97998 0.210776
6540.79980 0.230433
6541.62012 0.250007
6542.43018 0.275724
6543.25000 0.307044
6544.06982 0.33838
6544.89014 0.369752
6545.70020 0.40101
6546.52002 0.432266
6547.33984 0.467523
6548.14990 0.508091
6548.97021 0.548657
6549.79004 0.589438
6550.60986 0.630165
6551.41992 0.670512
6552.24023 0.708957
6553.06006 0.741977
6553.87988 0.774845
6554.70020 0.807741
6555.52002 0.84078
6556.33984 0.873709
6557.14990 0.902588
6557.97021 0.913838
6558.79004 0.925092
6559.60986 0.936253
6560.43018 0.947562
6561.25000 0.958927
6562.06982 0.969641
6562.89014 0.97361
6563.70996 0.977598
6564.52002 0.981569
6565.33984 0.985545
6566.16016 0.989539
6566.97998 0.993517
6567.79980 0.991279
6568.62012 0.988897
6569.45020 0.986515
6570.25977 0.984123
6571.08008 0.981643
6571.91016 0.979158
6572.72998 0.978536
6573.54004 0.978152
6574.37012 0.977767
6575.18994 0.977384
6576.00977 0.976999
6576.83008 0.976614
6577.64990 0.977117
6578.47021 0.97785
6579.29004 0.978588
6580.10986 0.979334
6580.93994 0.980124
6581.75977 0.980912
6582.58008 0.982696
6583.39990 0.984891
6584.22021 0.987088
6585.04004 0.989293
6585.85986 0.991491
6586.68994 0.993688
6587.50977 0.995141
6588.33008 0.996118
6589.16016 0.997099
6589.97998 0.998076
6590.79980 0.999037
6591.62988 1.0
6592.45020 0.999631
6593.27002 0.99817
6594.10010 0.996707
6594.91992 0.995239
6595.74023 0.993778
6596.56006 0.992312
6597.39014 0.991145
6598.20996 0.990323
6599.02979 0.989499
6599.85986 0.98867
6600.68994 0.987875
6601.50977 0.987094
6602.33008 0.984577
6603.16016 0.979491
6603.97998 0.974421
6604.81006 0.969352
6605.62988 0.964258
6606.45020 0.959184
6607.27979 0.949033
6608.10010 0.928822
6608.93018 0.908689
6609.75000 0.888547
6610.58008 0.868273
6611.41016 0.847965
6612.22998 0.824178
6613.06006 0.791202
6613.87988 0.75808
6614.70996 0.725088
6615.52979 0.69207
6616.35986 0.658906
6617.18018 0.625212
6618.00977 0.589129
6618.83984 0.552869
6619.66992 0.516599
6620.49023 0.480646
6621.31982 0.444366
6622.14990 0.409463
6622.97021 0.381214
6623.79980 0.352974
6624.62012 0.324594
6625.45020 0.296322
6626.27979 0.268043
6627.10010 0.241064
6627.93994 0.223968
6628.75977 0.20702
6629.58984 0.189916
6630.41992 0.172798
6631.25000 0.155688
6632.08008 0.13921
6632.89990 0.129177
6633.72998 0.119057
6634.56006 0.108929
6635.39014 0.0988444
6636.20996 0.0887512
6637.04980 0.0788636
6637.87012 0.0733763
6638.70020 0.0678874
6639.52979 0.0623709
6640.35986 0.056875
6641.18994 0.0513803
6642.02002 0.0459098
6642.85010 0.0431351
6643.66992 0.0403841
6644.50000 0.0376079
6645.33984 0.0348309
6646.16016 0.0320645
6646.99023 0.0292956
6647.81982 0.027513
6648.64990 0.0257467
6649.47998 0.0239809
6650.31006 0.0222048
6651.14990 0.0204278
6651.97021 0.018666
6652.79980 0.0175273
6653.64014 0.0164106
6654.47021 0.0152989
6655.29980 0.0141863
6656.12988 0.013069
6656.95996 0.011956
6657.79004 0.0112861
6658.62012 0.0106372
6659.45020 0.00999034
6660.27979 0.00934374
6661.10986 0.00869493
6661.95020 0.00804548
6662.77979 0.00757915
6663.60986 0.00712434
6664.43994 0.00666747
6665.27002 0.00621229
6666.10010 0.00575692
6666.93994 0.00529921
6667.77002 0.00484318
6668.60010 0.00438696
6669.43994 0.00392867
6670.27002 0.00359659
6671.10010 0.00352976
6671.93018 0.00346287
6672.77002 0.00339571
6673.60010 0.00332877
6674.43018 0.00326186
6675.27002 0.00319462
6676.10010 0.00312738
6676.93994 0.00306008
6677.77002 0.00299309
6678.60010 0.00292609
6679.43994 0.00285876
6680.27002 0.00279182
6681.10010 0.00272508
6681.93994 0.002658
6682.77979 0.00259089
6683.60010 0.00252435
6684.43994 0.00245719
6685.27979 0.00238997
6686.10986 0.00232303
6686.93994 0.00225603
7355.63379 0.0
