threeML/data/optical_filters/HST/ACS_WFC-F435W_81.ecsv
# %ECSV 0.9
# ---
# datatype:
# - {name: wavelength, unit: Angstrom, datatype: float32}
# - {name: response, datatype: float32}
# meta: !!omap
# - {band_name: F435W_81}
# - {group_name: ACS_WFC}
wavelength response
[from data line 1593]
4372.66992 0.88264
4373.22021 0.883762
4373.75977 0.88488
4374.31006 0.885998
4374.85986 0.887123
4375.41016 0.888242
4375.95996 0.889368
4376.50977 0.890486
4377.04980 0.891607
4377.60010 0.89273
4378.14990 0.893852
4378.70020 0.894975
4379.25000 0.896099
4379.79980 0.897226
4380.35010 0.89719
4380.89014 0.896475
4381.43994 0.895751
4381.99023 0.895033
4382.54004 0.894314
4383.08984 0.893595
4383.64014 0.892876
4384.18994 0.89215
4384.74023 0.89143
4385.29004 0.890709
4385.83984 0.889989
4386.39014 0.889268
4386.93994 0.888541
4387.49023 0.887822
4388.02979 0.887103
4388.58984 0.886376
4389.14014 0.885654
4389.68994 0.88493
4390.24023 0.885175
4390.79004 0.886694
4391.33984 0.888213
4391.89014 0.889733
4392.43994 0.891267
4392.99023 0.892787
4393.54004 0.894308
4394.08984 0.895828
4394.64014 0.897359
4395.18994 0.898881
4395.75000 0.900412
4396.29980 0.901936
4396.85010 0.903461
4397.39990 0.904986
4397.95020 0.906511
4398.50000 0.908037
4399.04980 0.909562
4399.60010 0.911103
4400.14990 0.912216
4400.70020 0.912263
4401.25977 0.912309
4401.81006 0.912356
4402.35986 0.912403
4402.91016 0.91245
4403.45996 0.912497
4404.02002 0.912545
4404.56982 0.912591
4405.12012 0.912638
4405.66992 0.912683
4406.22021 0.91273
4406.77979 0.912776
4407.33008 0.912823
4407.87988 0.912871
4408.43018 0.912918
4408.97998 0.912965
4409.54004 0.913012
4410.08984 0.913137
4410.64014 0.913672
4411.18994 0.914207
4411.74023 0.914743
4412.29980 0.915284
4412.85010 0.915821
4413.41016 0.916357
4413.95996 0.916894
4414.50977 0.91743
4415.06982 0.917971
4415.62012 0.918509
4416.18018 0.919047
4416.72998 0.919584
4417.27979 0.920122
4417.83008 0.920659
4418.39014 0.921198
4418.93994 0.921737
4419.50000 0.92228
4420.04980 0.92263
4420.60010 0.921016
4421.16016 0.919407
4421.70996 0.917797
4422.27002 0.91618
4422.81982 0.914578
4423.37988 0.912953
4423.93018 0.911343
4424.47998 0.909731
4425.04004 0.90812
4425.58984 0.906506
4426.14990 0.90488
4426.70020 0.903267
4427.25977 0.901661
4427.81006 0.900041
4428.37012 0.898426
4428.91992 0.896812
4429.47998 0.895196
4430.02979 0.893709
4430.58008 0.894464
4431.14014 0.895219
4431.70020 0.895981
4432.25000 0.896737
4432.81006 0.897493
4433.35986 0.898249
4433.91992 0.899005
4434.47998 0.899768
4435.02979 0.900524
4435.58984 0.901281
4436.14014 0.902037
4436.70020 0.902795
4437.25000 0.903552
4437.81006 0.904311
4438.35986 0.905069
4438.93018 0.905834
4439.47998 0.906591
4440.02979 0.907231
4440.58984 0.906046
4441.14990 0.904871
4441.70020 0.903696
4442.25977 0.902515
4442.81982 0.901342
4443.37988 0.900153
4443.93018 0.898974
4444.49023 0.897794
4445.04980 0.896615
4445.60010 0.895434
4446.16016 0.894244
4446.72021 0.893061
4447.27979 0.891878
4447.83008 0.890696
4448.39014 0.88951
4448.95020 0.888325
4449.50000 0.887141
4450.06006 0.886218
4450.62012 0.887427
4451.18018 0.888636
4451.74023 0.889857
4452.29004 0.891067
4452.85010 0.892278
4453.41016 0.893488
4453.97021 0.894699
4454.52979 0.895921
4455.08984 0.897132
4455.64990 0.898345
4456.20020 0.899556
4456.75977 0.900769
4457.31982 0.901987
4457.87988 0.903194
4458.43018 0.904407
4459.00000 0.905631
4459.56006 0.906844
4460.10986 0.907701
4460.66992 0.907153
4461.22998 0.906603
4461.79004 0.906051
4462.35010 0.905501
4462.91016 0.904946
4463.47021 0.904395
4464.02979 0.903843
4464.58984 0.90329
4465.14990 0.902738
4465.70020 0.902185
4466.27002 0.901627
4466.83008 0.901074
4467.39014 0.900521
4467.93994 0.899967
4468.50977 0.899413
4469.06006 0.898858
4469.62012 0.898304
4470.18018 0.898301
4470.74023 0.899435
4471.31006 0.900579
4471.87012 0.901713
4472.43018 0.902846
4472.99023 0.903982
4473.54980 0.905118
4474.10986 0.906254
4474.66992 0.9074
4475.22998 0.908536
4475.79004 0.909672
4476.35010 0.910809
4476.91016 0.911946
4477.47998 0.913089
4478.02979 0.914222
4478.60010 0.91537
4479.16016 0.916508
4479.72021 0.917647
4480.27979 0.91807
4480.83984 0.917778
4481.39990 0.917486
4481.95996 0.917194
4482.52002 0.916902
4483.08984 0.916606
4483.64990 0.916313
4484.20996 0.916019
4484.77002 0.915727
4485.33984 0.915433
4485.89990 0.915137
4486.45996 0.914844
4487.02002 0.91455
4487.58984 0.914257
4488.14990 0.913963
4488.70996 0.913668
4489.27002 0.913374
4489.83984 0.913077
4490.39990 0.913721
4490.95996 0.914754
4491.52002 0.915797
4492.08984 0.916832
4492.64990 0.917866
4493.20996 0.918901
4493.77002 0.919936
4494.33984 0.92098
4494.89990 0.922014
4495.47021 0.923051
4496.02979 0.924089
4496.58984 0.925124
4497.16016 0.92617
4497.72021 0.927202
4498.27979 0.928235
4498.85010 0.929282
4499.41016 0.93032
4499.97998 0.931357
4500.54004 0.930113
4501.10010 0.928767
4501.66992 0.927419
4502.22998 0.92607
4502.79980 0.924714
4503.35986 0.923359
4503.93018 0.922007
4504.49023 0.920659
4505.04980 0.919309
4505.62012 0.917956
4506.18994 0.916592
4506.75000 0.915241
4507.31006 0.913888
4507.87988 0.912536
4508.43994 0.911182
4509.00977 0.909829
4509.56982 0.908475
4510.14014 0.907681
4510.70020 0.908619
4511.27002 0.909572
4511.83008 0.910518
4512.39990 0.911464
4512.95996 0.912411
4513.52979 0.913358
4514.08984 0.914305
4514.66016 0.91526
4515.22998 0.916208
4515.79004 0.917155
4516.35986 0.918104
4516.93018 0.919054
4517.49023 0.920009
4518.06006 0.920952
4518.62988 0.921905
4519.18994 0.922854
4519.75977 0.923803
4520.31982 0.92364
4520.89014 0.922642
4521.45020 0.921644
4522.02002 0.920646
4522.58984 0.919649
4523.16016 0.918645
4523.72021 0.917641
4524.29004 0.916641
4524.85986 0.915641
4525.41992 0.91464
4525.99023 0.913635
4526.56006 0.912629
4527.12988 0.911626
4527.68994 0.910624
4528.25977 0.90962
4528.83008 0.908616
4529.39990 0.907613
4529.95996 0.906609
4530.52979 0.908877
4531.10010 0.911372
4531.66992 0.913878
4532.22998 0.916371
4532.79980 0.918866
4533.37012 0.921362
4533.93994 0.923858
4534.50977 0.926378
4535.08008 0.928875
4535.64014 0.931363
4536.20996 0.933874
4536.77979 0.936374
4537.35010 0.938894
4537.91992 0.941394
4538.49023 0.943883
4539.06006 0.946398
4539.62988 0.9489
4540.18994 0.950926
4540.75977 0.952031
4541.33008 0.953139
4541.89990 0.954248
4542.47021 0.955358
4543.04004 0.956476
4543.60986 0.95758
4544.18018 0.958693
4544.75000 0.959803
4545.31982 0.960912
4545.89014 0.962025
4546.45996 0.963137
4547.02979 0.964252
4547.60010 0.965362
4548.16992 0.966473
4548.74023 0.967586
4549.31006 0.968697
4549.87988 0.969808
4550.45020 0.970479
4551.02002 0.971017
4551.58984 0.971558
4552.16016 0.972101
4552.72998 0.972642
4553.29980 0.973184
4553.87012 0.973725
4554.43994 0.974266
4555.00977 0.974812
4555.58008 0.975353
4556.14990 0.975894
4556.72998 0.976436
4557.29980 0.976978
4557.87012 0.977525
4558.43994 0.978065
4559.00977 0.978607
4559.58008 0.979148
4560.14990 0.979861
4560.72021 0.981042
4561.29980 0.982224
4561.87012 0.983408
4562.43994 0.984585
4563.00977 0.985768
4563.58008 0.986961
4564.14990 0.988139
4564.72998 0.989326
4565.29980 0.990509
4565.87012 0.991693
4566.43994 0.992882
4567.02002 0.994068
4567.58984 0.995258
4568.16016 0.996442
4568.72998 0.997628
4569.31006 0.998819
4569.87988 1.0
4570.45020 0.995264
4571.02979 0.988842
4571.60010 0.9825
4572.16992 0.976104
4572.74023 0.969732
4573.31006 0.963362
4573.89014 0.956991
4574.45996 0.950612
4575.04004 0.944178
4575.60986 0.937798
4576.18018 0.931417
4576.75977 0.925035
4577.33008 0.918653
4577.89990 0.912265
4578.47998 0.905821
4579.04980 0.899437
4579.62988 0.893044
4580.20020 0.891062
4580.77002 0.89736
4581.35010 0.903664
4581.91992 0.909963
4582.50000 0.916295
4583.06982 0.922575
4583.64990 0.928935
4584.22021 0.935215
4584.79004 0.941523
4585.37012 0.947858
4585.93994 0.954173
4586.52002 0.960487
4587.08984 0.966829
4587.66992 0.973139
4588.24023 0.979487
4588.81982 0.985804
4589.39014 0.992122
4589.97021 0.998472
4590.54004 0.995485
4591.12012 0.991937
4591.68994 0.988405
4592.27002 0.984886
4592.83984 0.981337
4593.41992 0.977801
4593.99023 0.974259
4594.56982 0.970721
4595.14990 0.96718
4595.72021 0.963623
4596.29980 0.960064
4596.87988 0.956519
4597.45020 0.95297
4598.02979 0.949424
4598.60986 0.945843
4599.18018 0.942292
4599.75977 0.938755
4600.33008 0.938353
4600.91016 0.940261
4601.47998 0.942169
4602.06006 0.944079
4602.64014 0.94599
4603.22021 0.947908
4603.79004 0.94981
4604.37012 0.951736
4604.93994 0.953641
4605.52002 0.95556
4606.10010 0.957473
4606.68018 0.959386
4607.25977 0.961315
4607.83008 0.963221
4608.41016 0.965136
4608.99023 0.96706
4609.56982 0.968976
4610.14990 0.970148
4610.72021 0.969076
4611.29980 0.968004
4611.87988 0.966926
4612.45996 0.965852
4613.02979 0.964779
4613.60986 0.963706
4614.18994 0.962633
4614.77002 0.961561
4615.33984 0.960487
4615.93018 0.959408
4616.50000 0.958332
4617.08008 0.957252
4617.66016 0.956178
4618.24023 0.955103
4618.81982 0.954022
4619.39990 0.952941
4619.97998 0.951864
4620.56006 0.952974
4621.14014 0.954169
4621.70996 0.955363
4622.29004 0.956559
4622.87012 0.957756
4623.45020 0.958959
4624.02979 0.960156
4624.60986 0.961347
4625.18994 0.962555
4625.77002 0.963749
4626.35010 0.964953
4626.93018 0.96615
4627.50977 0.967349
4628.08984 0.968558
4628.66992 0.969755
4629.25000 0.97096
4629.83008 0.972161
4630.41016 0.971187
4630.99023 0.969299
4631.56982 0.967417
4632.14990 0.965529
4632.72998 0.963645
4633.31006 0.961764
4633.89014 0.959883
4634.47021 0.958
4635.04980 0.956116
4635.62988 0.954231
4636.20996 0.952345
4636.79980 0.950453
4637.37988 0.948567
4637.95996 0.946673
4638.54004 0.944785
4639.12012 0.942897
4639.70020 0.941001
4640.29004 0.941025
4640.87012 0.943013
4641.45020 0.945
4642.02979 0.946988
4642.60986 0.948985
4643.18994 0.950965
4643.77002 0.952954
4644.35986 0.954954
4644.93994 0.956945
4645.52002 0.958946
4646.10010 0.960936
4646.68018 0.962921
4647.27002 0.964923
4647.85010 0.966916
4648.43994 0.968928
4649.02002 0.970913
4649.60010 0.972909
4650.18018 0.973364
4650.75977 0.970409
4651.35010 0.967452
4651.93018 0.964484
4652.50977 0.961526
4653.10010 0.958554
4653.68018 0.955592
4654.25977 0.952631
4654.85010 0.949671
4655.43018 0.946709
4656.00977 0.943731
4656.58984 0.940781
4657.18018 0.937802
4657.75977 0.934835
4658.35010 0.931868
4658.93018 0.928886
4659.52002 0.925917
4660.10010 0.923803
4660.68018 0.925937
4661.27002 0.928063
4661.85010 0.930197
4662.43994 0.932326
4663.02002 0.934454
4663.60986 0.936591
4664.18994 0.938712
4664.77002 0.940852
4665.35986 0.942984
4665.93994 0.945116
4666.52979 0.947256
4667.10986 0.949388
4667.70020 0.951522
4668.27979 0.953655
4668.87012 0.955791
4669.45020 0.957945
4670.04004 0.959806
4670.62012 0.957736
4671.20996 0.955675
4671.79004 0.953613
4672.37988 0.951532
4672.97021 0.949479
4673.54980 0.947415
4674.14014 0.94534
4674.72021 0.943275
4675.31006 0.941211
4675.89014 0.939144
4676.47998 0.937068
4677.06982 0.934999
4677.64990 0.932942
4678.24023 0.930862
4678.81982 0.928792
4679.41016 0.926712
4680.00000 0.924642
4680.58008 0.926328
4681.16992 0.928038
4681.75977 0.929743
4682.33984 0.931449
4682.93018 0.933161
4683.52002 0.934865
4684.10986 0.936577
4684.68994 0.938285
4685.27979 0.939983
4685.87012 0.941697
4686.45020 0.943405
4687.04004 0.945121
4687.62988 0.946829
4688.20996 0.948531
4688.79980 0.950247
4689.39014 0.951957
4689.97998 0.953675
4690.56982 0.953401
4691.14990 0.953058
4691.74023 0.952711
4692.33008 0.952367
4692.91992 0.952022
4693.50977 0.951677
4694.10010 0.951331
4694.68994 0.950985
4695.27002 0.95064
4695.85986 0.950293
4696.45020 0.949948
4697.04004 0.949601
4697.62988 0.949254
4698.22021 0.948908
4698.79980 0.948562
4699.39014 0.948215
4699.97998 0.947868
4700.56982 0.94594
4701.16016 0.943964
4701.75000 0.941985
4702.33984 0.94
4702.93018 0.93802
4703.52002 0.936033
4704.10986 0.934055
4704.70020 0.932073
4705.29004 0.930082
4705.87988 0.9281
4706.47021 0.926108
4707.06006 0.924132
4707.64990 0.922147
4708.24023 0.920152
4708.83008 0.918164
4709.41016 0.916176
4710.00000 0.914221
4710.58984 0.916567
4711.18994 0.918922
4711.77979 0.921279
4712.37012 0.923627
4712.95996 0.925975
4713.54980 0.928326
4714.14014 0.930684
4714.72998 0.933034
4715.31982 0.935381
4715.91016 0.937742
4716.50000 0.940092
4717.10010 0.942452
4717.68994 0.944792
4718.27002 0.947142
4718.87012 0.949504
4719.45996 0.951856
4720.04980 0.953873
4720.64014 0.952273
4721.22998 0.950666
4721.83008 0.949064
4722.41992 0.947464
4723.00977 0.945854
4723.60010 0.944251
4724.18994 0.942648
4724.79004 0.941038
4725.37988 0.939433
4725.97021 0.937819
4726.56006 0.936211
4727.14990 0.934604
4727.75000 0.932988
4728.33984 0.931388
4728.93018 0.929772
4729.52002 0.928163
4730.12012 0.927225
4730.70996 0.929009
4731.29980 0.930794
4731.89990 0.932586
4732.49023 0.934372
4733.08008 0.936159
4733.68018 0.937954
4734.27002 0.939742
4734.85986 0.941536
4735.45996 0.943324
4736.04980 0.945113
4736.64990 0.946911
4737.24023 0.948701
4737.83008 0.950492
4738.43018 0.952289
4739.02002 0.954074
4739.60986 0.955873
4740.20996 0.956883
4740.79980 0.956422
4741.39014 0.95596
4741.99023 0.955498
4742.58008 0.955034
4743.18018 0.954572
4743.77002 0.954108
4744.37012 0.953645
4744.95996 0.953181
4745.56006 0.952716
4746.14990 0.952253
4746.74023 0.95179
4747.33984 0.951325
4747.93994 0.950861
4748.52979 0.950395
4749.12988 0.949931
4749.72021 0.949469
4750.31982 0.950299
4750.91016 0.95227
4751.50977 0.95425
4752.10010 0.956214
4752.68994 0.958186
4753.29004 0.960169
4753.89014 0.962143
4754.47998 0.964127
4755.08008 0.966103
4755.68018 0.968081
4756.27002 0.970067
4756.87012 0.972048
4757.45996 0.974025
4758.06006 0.976013
4758.66016 0.977994
4759.25977 0.979984
4759.85010 0.981958
4760.43994 0.979523
4761.04004 0.975577
4761.64014 0.971649
4762.24023 0.967698
4762.83008 0.963784
4763.43018 0.95985
4764.02979 0.955896
4764.62012 0.951959
4765.22021 0.948022
4765.81982 0.944066
4766.41992 0.940125
4767.02002 0.936167
4767.60986 0.932223
4768.20996 0.928276
4768.81006 0.924316
4769.39990 0.920368
4770.00000 0.916415
4770.60010 0.914225
4771.20020 0.912036
4771.79980 0.909846
4772.39014 0.907655
4772.99023 0.905453
4773.58984 0.903269
4774.18994 0.901065
4774.79004 0.89887
4775.37988 0.896674
4775.97998 0.894468
4776.58008 0.89227
4777.18018 0.89007
4777.77979 0.887861
4778.37988 0.88566
4778.97998 0.883449
4779.58008 0.881246
4780.18018 0.875521
4780.77979 0.861228
4781.37012 0.84706
4781.97021 0.832761
4782.56982 0.818519
4783.16992 0.804273
4783.77002 0.789955
4784.37012 0.775703
4784.97021 0.761438
4785.56982 0.747171
4786.16992 0.732912
4786.77002 0.718639
4787.37012 0.704293
4787.97021 0.689945
4788.56982 0.675664
4789.16992 0.661369
4789.77002 0.647083
4790.37012 0.635724
4790.97021 0.626287
4791.56982 0.61681
4792.16992 0.607361
4792.77002 0.597917
4793.37012 0.588464
4793.97998 0.578971
4794.56982 0.569514
4795.16992 0.560093
4795.77002 0.550592
4796.37988 0.541122
4796.97998 0.53161
4797.58008 0.522135
4798.18018 0.512665
4798.77979 0.50314
4799.37988 0.493659
4799.97998 0.484214
4800.58984 0.471022
4801.18994 0.457822
4801.79004 0.444565
4802.39014 0.431358
4802.99023 0.418201
4803.60010 0.404923
4804.20020 0.391705
4804.79980 0.378419
4805.39990 0.365183
4806.00000 0.351943
4806.60986 0.338701
4807.20996 0.325454
4807.81006 0.31214
4808.41016 0.29894
4809.02002 0.285618
4809.62012 0.272293
4810.22021 0.26104
4810.81982 0.253243
4811.43018 0.245438
4812.02979 0.237599
4812.64014 0.229757
4813.24023 0.221951
4813.83984 0.214137
4814.43994 0.206321
4815.04980 0.198496
4815.64990 0.190644
4816.25000 0.182852
4816.85986 0.174951
4817.45996 0.167155
4818.06006 0.159319
4818.66992 0.151442
4819.27002 0.143602
4819.87988 0.135753
4820.47998 0.130763
4821.08984 0.126534
4821.68994 0.122286
4822.29980 0.118054
4822.89990 0.113821
4823.50977 0.109566
4824.10986 0.105326
4824.72021 0.101068
4825.31982 0.0968468
4825.91992 0.0926033
4826.52979 0.088338
4827.12988 0.0840918
4827.74023 0.0798408
4828.33984 0.0755918
4828.93994 0.071338
4829.54980 0.0670658
4830.14990 0.0634376
4830.75977 0.0615733
4831.37012 0.0597246
4831.97021 0.0578737
4832.58008 0.0560223
4833.18018 0.0541702
4833.79004 0.0523099
4834.39990 0.0504475
