threeML/data/optical_filters/HST/ACS_WFC-F502N_81.ecsv
# %ECSV 0.9
# ---
# datatype:
# - {name: wavelength, unit: Angstrom, datatype: float32}
# - {name: response, datatype: float32}
# meta: !!omap
# - {band_name: F502N_81}
# - {group_name: ACS_WFC}
wavelength response
4458.92383 0.0
4954.35986 0.00333178
4954.97998 0.00343148
4955.60986 0.00364191
4956.22998 0.00385355
4956.85010 0.0040654
4957.47021 0.00427713
4958.08984 0.00448905
4958.70996 0.00470102
4959.33008 0.00491403
4959.95020 0.00512525
4960.56982 0.00551778
4961.20020 0.00592873
4961.81982 0.00633663
4962.43994 0.00674311
4963.06006 0.00715297
4963.68018 0.00756171
4964.31006 0.0079703
4964.93018 0.00837938
4965.54980 0.00899859
4966.16992 0.0096461
4966.79980 0.0102995
4967.41992 0.0109475
4968.04004 0.0115963
4968.66016 0.0122449
4969.27979 0.0128943
4969.91016 0.0135439
4970.52979 0.0146047
4971.14990 0.0157389
4971.77002 0.0168743
4972.39990 0.0180191
4973.02002 0.0191554
4973.64014 0.0202823
4974.27002 0.0214293
4974.89014 0.0225669
4975.50977 0.0247969
4976.14014 0.0272624
4976.75977 0.029729
4977.37988 0.0321964
4978.00977 0.034686
4978.62988 0.0371553
4979.25977 0.0396256
4979.87988 0.0420987
4980.50000 0.0472834
4981.12988 0.0531189
4981.75000 0.0589561
4982.37012 0.0647951
4983.00000 0.0706357
4983.62988 0.076533
4984.25000 0.0823818
4984.87012 0.0881773
4985.50000 0.10025
4986.12012 0.11383
4986.75000 0.127425
4987.37012 0.141013
4988.00000 0.154615
4988.62012 0.168212
4989.25000 0.181939
4989.87012 0.195554
4990.50000 0.227728
4991.12012 0.264569
4991.75000 0.301426
4992.37012 0.338329
4993.00000 0.375248
4993.62012 0.412183
4994.25000 0.449134
4994.87988 0.486448
4995.50000 0.529991
4996.12012 0.574776
4996.75977 0.620358
4997.37988 0.66557
4998.00977 0.710803
4998.62988 0.756055
4999.25977 0.801328
4999.87988 0.846656
5000.50977 0.87028
5001.14014 0.888714
5001.77002 0.907152
5002.39014 0.925597
5003.02002 0.944063
5003.64990 0.962519
5004.27002 0.980996
5004.89990 0.999479
5005.52002 1.0
5006.16016 0.996977
5006.77979 0.993977
5007.39990 0.991005
5008.04004 0.987978
5008.66016 0.984973
5009.29004 0.981969
5009.91992 0.978963
5010.54004 0.975689
5011.16992 0.97237
5011.79980 0.969021
5012.43018 0.965699
5013.06006 0.962376
5013.68994 0.959053
5014.31006 0.955728
5014.93994 0.952399
5015.56982 0.952253
5016.20020 0.95243
5016.81982 0.952607
5017.45996 0.952784
5018.08984 0.952961
5018.70996 0.953138
5019.33984 0.953317
5019.97021 0.953493
5020.60010 0.952049
5021.22998 0.950527
5021.85986 0.949003
5022.47998 0.947481
5023.12012 0.945945
5023.75000 0.94442
5024.37988 0.942895
5025.00977 0.941326
5025.64014 0.935305
5026.25977 0.929286
5026.89014 0.923266
5027.52002 0.917238
5028.14990 0.911209
5028.79004 0.905125
5029.41992 0.899086
5030.04004 0.893533
5030.68018 0.894219
5031.31006 0.894899
5031.93994 0.895579
5032.56006 0.896261
5033.18994 0.896943
5033.81982 0.897624
5034.45996 0.898312
5035.08984 0.899612
5035.72021 0.904576
5036.35010 0.909545
5036.97998 0.914516
5037.60986 0.919495
5038.24023 0.924472
5038.87012 0.929452
5039.50000 0.934435
5040.14014 0.937566
5040.77002 0.934044
5041.39990 0.93055
5042.02979 0.926991
5042.66016 0.923463
5043.29980 0.919931
5043.93018 0.916399
5044.56006 0.912863
5045.18994 0.899558
5045.83008 0.863204
5046.45996 0.82717
5047.08984 0.791092
5047.72021 0.754997
5048.35010 0.718886
5048.99023 0.68276
5049.62012 0.646618
5050.25000 0.607414
5050.87988 0.563578
5051.52002 0.519352
5052.14990 0.475481
5052.77979 0.431968
5053.41992 0.387691
5054.04980 0.343737
5054.68018 0.299799
5055.31006 0.267406
5055.95020 0.246706
5056.58008 0.225998
5057.22021 0.205091
5057.85010 0.184367
5058.47998 0.163715
5059.12012 0.142864
5059.75000 0.1221
5060.39014 0.109517
5061.02002 0.102201
5061.64990 0.0948769
5062.29004 0.0875553
5062.93018 0.080163
5063.56006 0.0728295
5064.18994 0.0655212
5064.83008 0.0581477
5065.45996 0.0535511
5066.10010 0.049984
5066.72998 0.0464181
5067.35986 0.042848
5068.00000 0.0392764
5068.62988 0.0357005
5069.27002 0.0320956
5069.89990 0.0285333
5070.54004 0.0266839
5071.18018 0.0251545
5071.81006 0.0236221
5072.43994 0.0220904
5073.08008 0.0205582
5073.72021 0.0190243
5074.35010 0.0174911
5074.99023 0.015942
5075.62012 0.0151614
5076.25977 0.014384
5076.89990 0.0136098
5077.52979 0.0128349
5078.16992 0.0120602
5078.79980 0.0112847
5079.43994 0.0105089
5080.06982 0.00977059
5080.72021 0.00930932
5081.35010 0.00885385
5081.99023 0.00839436
5082.62012 0.00793645
5083.25977 0.00747838
5083.89990 0.00702016
5084.52979 0.00656177
5085.16992 0.00617539
5085.81006 0.00598747
5086.45020 0.00579847
5087.08008 0.00561028
5087.72021 0.00542115
5088.35986 0.00523283
5089.00000 0.00504444
5089.62988 0.00485583
5090.27002 0.00466724
5090.91016 0.00447869
5091.54980 0.00429006
5092.18994 0.00410047
5092.81982 0.00391167
5093.45996 0.00372177
5094.10010 0.0035328
5094.74023 0.0033436
5604.21436 0.0
