threeML/data/optical_filters/HST/ACS_WFC-F814W_77.ecsv
# %ECSV 0.9
# ---
# datatype:
# - {name: wavelength, unit: Angstrom, datatype: float32}
# - {name: response, datatype: float32}
# meta: !!omap
# - {band_name: F814W_77}
# - {group_name: ACS_WFC}
wavelength response
[from data line 2394]
8565.41992 0.758932
8566.25977 0.75931
8567.08984 0.759685
8567.91992 0.760061
8568.75977 0.760438
8569.58984 0.760813
8570.42969 0.759507
8571.25977 0.756638
8572.09961 0.753754
8572.94043 0.750874
8573.76953 0.748011
8574.61035 0.745131
8575.44043 0.742272
8576.28027 0.739399
8577.12012 0.736528
8577.95020 0.733689
8578.79004 0.730821
8579.62988 0.727953
8580.45996 0.727619
8581.29980 0.729344
8582.13965 0.731068
8582.96973 0.732781
8583.80957 0.734499
8584.63965 0.736208
8585.48047 0.737924
8586.32031 0.739628
8587.16016 0.74134
8588.00000 0.743051
8588.83008 0.74476
8589.66016 0.746449
8590.50000 0.746109
8591.33984 0.74441
8592.17969 0.742701
8593.01953 0.740994
8593.84961 0.739298
8594.69043 0.737595
8595.53027 0.735889
8596.37012 0.734195
8597.20996 0.732494
8598.04004 0.730802
8598.87988 0.729102
8599.71973 0.727412
8600.55957 0.726743
8601.40039 0.726592
8602.23047 0.726441
8603.07031 0.726287
8603.91016 0.726137
8604.75000 0.725985
8605.58984 0.725834
8606.42969 0.725681
8607.26953 0.725528
8608.09961 0.725374
8608.94043 0.72522
8609.78027 0.725066
8610.62988 0.724734
8611.45996 0.724344
8612.29980 0.72395
8613.13965 0.723556
8613.98047 0.723164
8614.82031 0.722771
8615.66016 0.722378
8616.50000 0.721983
8617.33984 0.721587
8618.17969 0.721194
8619.01953 0.7208
8619.86035 0.720408
8620.70020 0.720713
8621.54004 0.721161
8622.37988 0.721602
8623.21973 0.722045
8624.05957 0.72249
8624.90039 0.722928
8625.74023 0.723371
8626.58984 0.723814
8627.41992 0.724252
8628.26953 0.724692
8629.09961 0.725129
8629.95020 0.725565
8630.79004 0.725333
8631.62988 0.725056
8632.48047 0.724778
8633.32031 0.7245
8634.15039 0.724225
8635.00000 0.723946
8635.83008 0.723669
8636.67969 0.723391
8637.51953 0.723113
8638.36035 0.722836
8639.20996 0.722556
8640.04980 0.722219
8640.88965 0.720968
8641.73047 0.719714
8642.57031 0.718465
8643.41992 0.71721
8644.25977 0.715955
8645.09961 0.714713
8645.94043 0.71346
8646.79004 0.712207
8647.62988 0.710962
8648.46973 0.709709
8649.30957 0.708463
8650.16016 0.707523
8651.00000 0.70792
8651.84961 0.708314
8652.69043 0.708708
8653.53027 0.709103
8654.37988 0.709497
8655.21973 0.70989
8656.05957 0.710279
8656.91016 0.710673
8657.75000 0.711065
8658.58984 0.711453
8659.44043 0.711844
8660.28027 0.712011
8661.12988 0.711733
8661.96973 0.711453
8662.80957 0.711176
8663.66016 0.710897
8664.50000 0.710619
8665.34961 0.71034
8666.20020 0.710061
8667.04004 0.709782
8667.87988 0.709505
8668.73047 0.709225
8669.57031 0.708948
8670.41992 0.708215
8671.25977 0.707017
8672.11035 0.705824
8672.95020 0.704625
8673.79980 0.703429
8674.65039 0.70224
8675.49023 0.70105
8676.33984 0.699854
8677.17969 0.698661
8678.03027 0.697467
8678.87012 0.69629
8679.71973 0.695096
8680.55957 0.694812
8681.41016 0.694979
8682.25977 0.695146
8683.09961 0.695311
8683.95020 0.695477
8684.79980 0.695643
8685.63965 0.695807
8686.49023 0.695972
8687.33984 0.696136
8688.19043 0.6963
8689.03027 0.696461
8689.87012 0.696623
8690.71973 0.69622
8691.57031 0.695717
8692.41992 0.695217
8693.26953 0.694716
8694.11035 0.694216
8694.95996 0.693715
8695.80957 0.693214
8696.66016 0.692711
8697.50977 0.692208
8698.34961 0.69171
8699.20020 0.691207
8700.04980 0.69068
8700.88965 0.689743
8701.74023 0.688796
8702.58984 0.687851
8703.44043 0.686912
8704.29004 0.685967
8705.13965 0.685023
8705.98047 0.684084
8706.83984 0.683142
8707.67969 0.682205
8708.53027 0.681263
8709.37988 0.680326
8710.23047 0.679822
8711.08008 0.680499
8711.92969 0.681175
8712.76953 0.68184
8713.62988 0.682514
8714.46973 0.683184
8715.32031 0.683856
8716.17969 0.684527
8717.01953 0.685192
8717.87988 0.685861
8718.73047 0.686531
8719.57031 0.687194
8720.42969 0.68694
8721.26953 0.685773
8722.12012 0.684602
8722.98047 0.68343
8723.82031 0.682271
8724.66992 0.681101
8725.51953 0.679931
8726.37012 0.678767
8727.23047 0.677598
8728.07031 0.676438
8728.92969 0.675269
8729.78027 0.674105
8730.62988 0.673641
8731.48047 0.673422
8732.33008 0.673206
8733.17969 0.672987
8734.04004 0.672766
8734.87988 0.672549
8735.73047 0.67233
8736.58984 0.67211
8737.44043 0.671891
8738.29004 0.671672
8739.15039 0.671451
8739.99023 0.671233
8740.84961 0.671066
8741.70020 0.670899
8742.54980 0.670733
8743.41016 0.670567
8744.25977 0.670401
8745.11035 0.670233
8745.95996 0.670067
8746.80957 0.6699
8747.66992 0.669732
8748.50977 0.669564
8749.37012 0.669396
8750.23047 0.668984
8751.08008 0.66789
8751.92969 0.666792
8752.79004 0.665693
8753.63965 0.664601
8754.49023 0.663511
8755.33984 0.662415
8756.20020 0.66132
8757.04980 0.660228
8757.90039 0.659144
8758.75977 0.658051
8759.61035 0.656965
8760.45996 0.656798
8761.32031 0.657418
8762.16992 0.658031
8763.03027 0.658649
8763.87988 0.659264
8764.73047 0.659874
8765.58984 0.660488
8766.44043 0.661099
8767.29980 0.661713
8768.16016 0.662326
8769.00000 0.662928
8769.86035 0.66354
8770.71973 0.663404
8771.57031 0.663124
8772.42969 0.662842
8773.28027 0.662562
8774.13965 0.662281
8774.99023 0.661998
8775.84961 0.661719
8776.70020 0.661436
8777.55957 0.661155
8778.41992 0.660872
8779.26953 0.66059
8780.12012 0.660298
8780.98047 0.659919
8781.83984 0.65954
8782.69043 0.659163
8783.54980 0.658782
8784.41016 0.658401
8785.25977 0.658024
8786.12012 0.657645
8786.96973 0.657269
8787.83008 0.65689
8788.69043 0.65651
8789.54980 0.656133
8790.40039 0.655737
8791.25977 0.655325
8792.11035 0.654915
8792.96973 0.654501
8793.83008 0.654091
8794.69043 0.653679
8795.54980 0.653266
8796.40039 0.652856
8797.25977 0.652442
8798.12012 0.652028
8798.96973 0.651618
8799.83008 0.651207
8800.69043 0.651294
8801.54980 0.651506
8802.41016 0.651716
8803.25977 0.651923
8804.12012 0.652132
8804.98047 0.652338
8805.83984 0.652546
8806.70020 0.652753
8807.54980 0.652958
8808.41016 0.653164
8809.26953 0.653369
8810.12988 0.653484
8810.99023 0.653082
8811.84961 0.652684
8812.70996 0.652282
8813.57031 0.651881
8814.41992 0.651485
8815.28027 0.651084
8816.13965 0.650683
8817.00000 0.650285
8817.86035 0.649885
8818.71973 0.649484
8819.58008 0.649086
8820.44043 0.648779
8821.29980 0.648563
8822.16016 0.648346
8823.01953 0.64813
8823.87988 0.647913
8824.74023 0.647696
8825.59961 0.647478
8826.45996 0.647263
8827.32031 0.647046
8828.17969 0.64683
8829.04004 0.646612
8829.90039 0.646394
8830.75977 0.646145
8831.62012 0.64589
8832.49023 0.645635
8833.34961 0.645381
8834.20996 0.645127
8835.07031 0.644871
8835.92969 0.644618
8836.79980 0.644362
8837.65039 0.644109
8838.50977 0.643852
8839.37012 0.643597
8840.24023 0.643426
8841.09961 0.643475
8841.95996 0.643522
8842.82031 0.64357
8843.69043 0.643618
8844.54980 0.643664
8845.41016 0.64371
8846.26953 0.643755
8847.12988 0.6438
8848.00000 0.643845
8848.84961 0.64389
8849.71973 0.643935
8850.58008 0.64351
8851.44043 0.642861
8852.30957 0.64221
8853.16992 0.641561
8854.03027 0.640911
8854.90039 0.640261
8855.75977 0.639614
8856.62012 0.638965
8857.49023 0.638318
8858.34961 0.637668
8859.21973 0.637017
8860.07031 0.636401
8860.94043 0.63608
8861.80957 0.635759
8862.66992 0.635438
8863.53027 0.635116
8864.40039 0.634793
8865.25977 0.634473
8866.12988 0.634153
8866.99023 0.633832
8867.84961 0.633507
8868.71973 0.633186
8869.58008 0.632862
8870.45020 0.632326
8871.32031 0.631595
8872.16992 0.63087
8873.04004 0.630138
8873.90039 0.62941
8874.76953 0.628679
8875.63965 0.627948
8876.50000 0.627222
8877.37012 0.626492
8878.23047 0.625761
8879.09961 0.625036
8879.96973 0.624309
8880.83008 0.624034
8881.69043 0.623778
8882.55957 0.623521
8883.41992 0.623268
8884.29004 0.623012
8885.16016 0.622754
8886.01953 0.622498
8886.88965 0.62224
8887.75000 0.621987
8888.62012 0.62173
8889.49023 0.621473
8890.34961 0.621118
8891.21973 0.620621
8892.08984 0.620126
8892.95996 0.619629
8893.83008 0.619132
8894.67969 0.618641
8895.54980 0.618145
8896.41992 0.617648
8897.29004 0.617154
8898.16016 0.616656
8899.03027 0.616159
8899.88965 0.615664
8900.75977 0.615643
8901.62988 0.615693
8902.50000 0.615741
8903.36035 0.615786
8904.23047 0.615832
8905.09961 0.615876
8905.96973 0.615924
8906.83008 0.615969
8907.70020 0.616013
8908.57031 0.616056
8909.44043 0.6161
8910.30957 0.615497
8911.16992 0.613729
8912.04980 0.611952
8912.91992 0.61018
8913.78027 0.608414
8914.65039 0.606641
8915.51953 0.604879
8916.38965 0.603107
8917.25977 0.60134
8918.12012 0.599593
8919.00000 0.597827
8919.86035 0.596074
8920.73047 0.595529
8921.59961 0.59521
8922.46973 0.594895
8923.33984 0.594579
8924.21973 0.594261
8925.08008 0.593944
8925.95996 0.593629
8926.82031 0.593312
8927.69043 0.592994
8928.57031 0.592676
8929.42969 0.592363
8930.29980 0.592259
8931.17969 0.592556
8932.04004 0.592851
8932.91992 0.593147
8933.78027 0.593443
8934.66016 0.593738
8935.53027 0.594031
8936.40039 0.594321
8937.26953 0.594615
8938.15039 0.594907
8939.00977 0.595197
8939.88965 0.595488
8940.75000 0.594977
8941.62988 0.594343
8942.50000 0.593709
8943.37012 0.593077
8944.24023 0.592443
8945.12012 0.591812
8945.99023 0.591181
8946.86035 0.590548
8947.73047 0.589918
8948.59961 0.589287
8949.46973 0.588658
8950.34961 0.587976
8951.21973 0.587218
8952.09961 0.586464
8952.95996 0.585716
8953.83984 0.584963
8954.70996 0.584212
8955.58008 0.583459
8956.45996 0.582704
8957.33008 0.581955
8958.20020 0.581203
8959.08008 0.580447
8959.95020 0.5797
8960.83008 0.578608
8961.69043 0.577505
8962.57031 0.576394
8963.45020 0.575285
8964.30957 0.574189
8965.19043 0.573082
8966.07031 0.571975
8966.94043 0.570875
8967.80957 0.569768
8968.67969 0.568671
8969.55957 0.567568
8970.44043 0.567153
8971.30957 0.567429
8972.19043 0.567705
8973.05957 0.567978
8973.92969 0.568253
8974.80957 0.568526
8975.67969 0.568797
8976.55957 0.56907
8977.42969 0.569341
8978.30957 0.569611
8979.17969 0.569882
8980.05957 0.570104
8980.92969 0.569663
8981.80957 0.569223
8982.67969 0.568783
8983.55957 0.568342
8984.44043 0.567901
8985.30957 0.567462
8986.19043 0.567022
8987.05957 0.566583
8987.94043 0.566146
8988.82031 0.565706
8989.69043 0.565265
8990.57031 0.565129
8991.44043 0.565161
8992.32031 0.56519
8993.20020 0.565218
8994.08008 0.565247
8994.95020 0.565276
8995.83008 0.565304
8996.70020 0.56533
8997.58008 0.565359
8998.45996 0.565386
8999.33008 0.565413
9000.20996 0.565455
9001.08984 0.565547
9001.96973 0.565643
9002.84961 0.565735
9003.71973 0.565827
9004.59961 0.56592
9005.48047 0.56601
9006.34961 0.566098
9007.24023 0.566189
9008.11035 0.566276
9008.99023 0.566365
9009.87012 0.566454
9010.74023 0.566211
9011.62012 0.565906
9012.50000 0.565602
9013.37988 0.565301
9014.25977 0.564997
9015.13965 0.564695
9016.01953 0.56439
9016.90039 0.564087
9017.76953 0.563783
9018.66016 0.563478
9019.53027 0.563176
9020.41016 0.562785
9021.29980 0.562295
9022.16992 0.561814
9023.04980 0.561328
9023.92969 0.560838
9024.80957 0.560352
9025.69043 0.559866
9026.57031 0.559379
9027.45020 0.558893
9028.33008 0.558406
9029.20996 0.557922
9030.08984 0.557433
9030.96973 0.556941
9031.84961 0.556452
9032.73047 0.555959
9033.61035 0.555466
9034.49023 0.55498
9035.37012 0.554489
9036.25000 0.553999
9037.12988 0.553508
9038.00977 0.553016
9038.88965 0.552527
9039.78027 0.552034
9040.66016 0.55171
9041.54004 0.551444
9042.41992 0.551179
9043.29980 0.550912
9044.17969 0.550645
9045.07031 0.550375
9045.94043 0.550111
9046.83008 0.549844
9047.70996 0.549577
9048.58984 0.549311
9049.46973 0.549041
9050.34961 0.548565
9051.24023 0.547771
9052.12012 0.546976
9053.00000 0.546188
9053.88965 0.545398
9054.76953 0.544611
9055.65039 0.543819
9056.54004 0.543028
9057.41016 0.542247
9058.29980 0.541457
9059.17969 0.540667
9060.05957 0.539925
9060.95020 0.539762
9061.83008 0.539602
9062.70996 0.53944
9063.59961 0.539277
9064.48047 0.539116
9065.36035 0.538955
9066.25000 0.538793
9067.12988 0.538629
9068.01953 0.538461
9068.90039 0.538297
9069.78027 0.538135
9070.66992 0.538288
9071.54980 0.538546
9072.42969 0.538806
9073.32031 0.539063
9074.20020 0.539318
9075.08984 0.539573
9075.98047 0.539826
9076.86035 0.540081
9077.75000 0.540334
9078.62988 0.540585
9079.50977 0.540836
9080.40039 0.540356
9081.28027 0.539009
9082.16992 0.537649
9083.04980 0.536295
9083.94043 0.534934
9084.83008 0.533574
9085.70996 0.532224
9086.59961 0.530868
9087.48047 0.529514
9088.37012 0.528166
9089.25000 0.526813
9090.13965 0.525658
9091.03027 0.525528
9091.91992 0.525396
9092.79004 0.525265
9093.67969 0.525133
9094.57031 0.525
9095.45020 0.524866
9096.33984 0.524733
9097.23047 0.524602
9098.12012 0.524467
9099.00000 0.524332
9099.88965 0.524198
9100.78027 0.523407
9101.66016 0.522526
9102.54980 0.521641
9103.44043 0.520757
9104.32031 0.519883
9105.20996 0.518997
9106.09961 0.518115
9106.99023 0.517237
9107.87988 0.516357
9108.76953 0.515476
9109.65039 0.514599
9110.54004 0.514747
9111.42969 0.515554
9112.32031 0.516364
9113.20996 0.517171
9114.08984 0.517974
9114.98047 0.51878
9115.87012 0.519584
9116.75000 0.520377
9117.65039 0.521177
9118.53027 0.521971
9119.41992 0.522769
9120.30957 0.523043
9121.20020 0.522364
9122.08984 0.521683
9122.98047 0.520999
9123.87012 0.520319
9124.75977 0.519638
9125.65039 0.51896
9126.54004 0.518279
9127.42969 0.517596
9128.30957 0.516922
9129.20996 0.516242
9130.09961 0.515525
9130.99023 0.514517
9131.87988 0.513504
9132.75977 0.512498
9133.66016 0.511487
9134.54980 0.510476
9135.44043 0.509471
9136.33008 0.508463
9137.21973 0.507455
9138.11035 0.506453
9139.00000 0.505447
9139.88965 0.504453
9140.78027 0.504297
9141.66992 0.504264
9142.55957 0.50423
9143.45020 0.504195
9144.34961 0.50416
9145.24023 0.504125
9146.12988 0.504091
9147.01953 0.504052
9147.91016 0.504017
9148.80957 0.503981
9149.70020 0.503943
9150.58984 0.503921
9151.49023 0.503905
9152.37012 0.503889
9153.25977 0.503872
9154.15039 0.503853
9155.04980 0.503836
9155.94043 0.503817
9156.83008 0.5038
9157.73047 0.503781
9158.62012 0.503759
9159.50977 0.503737
9160.41016 0.503433
9161.29980 0.502793
9162.19043 0.502149
9163.08984 0.501504
9163.96973 0.500866
9164.87012 0.500223
9165.75977 0.499583
9166.66016 0.49894
9167.54980 0.498298
9168.44043 0.497658
9169.33984 0.497015
9170.23047 0.496505
9171.12012 0.496364
9172.01953 0.496224
9172.91016 0.496084
9173.80957 0.49594
9174.70020 0.495798
9175.58984 0.495657
9176.49023 0.495515
9177.38965 0.49537
9178.28027 0.495226
9179.16992 0.495083
9180.07031 0.494923
9180.95996 0.494574
9181.86035 0.494223
9182.75000 0.493873
9183.65039 0.493522
9184.54980 0.493171
9185.44043 0.492822
9186.33984 0.492471
9187.23047 0.492123
9188.12012 0.491771
9189.01953 0.49142
9189.91016 0.491069
9190.80957 0.490958
9191.70996 0.490869
9192.59961 0.490781
9193.50000 0.490691
9194.40039 0.490602
9195.29004 0.490513
9196.19043 0.490423
9197.08984 0.490332
9197.98047 0.490239
9198.87988 0.490148
9199.76953 0.490057
9200.66992 0.4901
9201.57031 0.490188
9202.45996 0.490277
9203.36035 0.490366
9204.25977 0.490453
9205.16016 0.49054
9206.05957 0.490627
9206.95020 0.490709
9207.84961 0.490795
9208.75000 0.49088
9209.65039 0.490964
9210.54980 0.490652
9211.44043 0.490091
9212.33984 0.489524
9213.24023 0.488958
9214.12988 0.488393
9215.03027 0.487827
9215.92969 0.487263
9216.83008 0.486699
9217.73047 0.486132
9218.62012 0.485568
9219.51953 0.485003
9220.41992 0.484645
9221.32031 0.484514
9222.21973 0.484382
9223.11035 0.484253
9224.01953 0.484121
9224.91992 0.483992
9225.80957 0.483861
9226.71973 0.483727
9227.62012 0.483594
9228.50977 0.483464
9229.41992 0.483332
9230.30957 0.483096
9231.21973 0.482666
9232.12012 0.482238
9233.00977 0.481813
9233.91992 0.481383
9234.82031 0.480956
9235.70996 0.480532
9236.61035 0.480102
9237.50977 0.479676
9238.41016 0.479248
9239.32031 0.47882
9240.20996 0.478391
9241.12012 0.47795
9242.01953 0.477508
9242.91992 0.477073
9243.82031 0.476631
9244.71973 0.476194
9245.62012 0.475755
9246.53027 0.475315
9247.41992 0.47488
9248.32031 0.47444
9249.21973 0.474
9250.12988 0.473644
9251.03027 0.473822
9251.92969 0.473996
9252.83008 0.474168
9253.74023 0.474344
9254.63965 0.474516
9255.54004 0.474687
9256.44043 0.474858
9257.33984 0.475028
9258.25000 0.475197
9259.15039 0.475365
9260.04980 0.475518
9260.95020 0.475418
9261.84961 0.47532
9262.75977 0.475221
