threeML/data/optical_filters/HST/ACS_HRC-F658N.ecsv
# %ECSV 0.9
# ---
# datatype:
# - {name: wavelength, unit: Angstrom, datatype: float32}
# - {name: response, datatype: float32}
# meta: !!omap
# - {band_name: F658N}
# - {group_name: ACS_HRC}
wavelength response
5843.49316 0.0
6492.77002 0.00354816
6493.70020 0.00382856
6494.62988 0.00410919
6495.56006 0.00439197
6496.49023 0.00467275
6497.41992 0.00495464
6498.35010 0.00523676
6499.27979 0.0055179
6500.20996 0.00579915
6501.14014 0.0060816
6502.06982 0.00636426
6503.00000 0.00664596
6503.93018 0.0069288
6504.85986 0.00721186
6505.79004 0.00749397
6506.72021 0.00777617
6507.64990 0.00833683
6508.58984 0.00901699
6509.50977 0.00969486
6510.43994 0.0103729
6511.37988 0.0110565
6512.31006 0.0118858
6513.24023 0.013019
6514.16992 0.0141566
6515.10010 0.0152951
6516.04004 0.0164298
6516.97021 0.0175648
6517.89990 0.0195301
6518.83008 0.0215285
6519.75977 0.0235201
6520.70020 0.0255195
6521.62988 0.0275204
6522.56006 0.0301977
6523.49023 0.0333235
6524.43018 0.0364616
6525.35986 0.0396022
6526.29980 0.0427321
6527.22998 0.046584
6528.16016 0.0526911
6529.10010 0.0588029
6530.02979 0.064894
6530.95996 0.0709864
6531.89990 0.0771023
6532.83008 0.0880977
6533.77002 0.0996502
6534.70020 0.111248
6535.64014 0.122854
6536.56982 0.134422
6537.50977 0.151856
6538.43994 0.17434
6539.37988 0.196843
6540.31006 0.21927
6541.25000 0.241707
6542.18994 0.266988
6543.12012 0.302725
6544.06006 0.338491
6544.99023 0.374398
6545.93018 0.410336
6546.87012 0.446284
6547.81006 0.491378
6548.74023 0.537834
6549.68018 0.58428
6550.60986 0.630931
6551.54980 0.677618
6552.49023 0.719518
6553.43018 0.757371
6554.37012 0.795233
6555.29980 0.83297
6556.24023 0.870739
6557.18018 0.903936
6558.12012 0.916849
6559.04980 0.929718
6559.99023 0.942599
6560.93018 0.955566
6561.87012 0.968444
6562.81006 0.97407
6563.75000 0.978539
6564.68994 0.98301
6565.62012 0.987463
6566.56006 0.991918
6567.50000 0.992499
6568.43994 0.989669
6569.37988 0.986851
6570.31982 0.984021
6571.25977 0.981192
6572.20020 0.978889
6573.14014 0.97846
6574.08008 0.978031
6575.02002 0.977602
6575.95996 0.977174
6576.89990 0.976746
6577.83984 0.977467
6578.79004 0.978324
6579.72998 0.979179
6580.66992 0.980036
6581.60986 0.980889
6582.54980 0.982688
6583.49023 0.985151
6584.43018 0.987625
6585.37988 0.990101
6586.31982 0.992566
6587.25977 0.994651
6588.20020 0.995723
6589.14990 0.996794
6590.08984 0.997859
6591.02979 0.998924
6591.97021 1.0
6592.91016 0.998371
6593.85986 0.996661
6594.79980 0.994949
6595.75000 0.993234
6596.68994 0.991519
6597.64014 0.9903
6598.58008 0.989325
6599.52002 0.988349
6600.47021 0.98733
6601.41016 0.986272
6602.35010 0.983382
6603.29980 0.97741
6604.25000 0.971437
6605.18994 0.965485
6606.12988 0.959532
6607.08008 0.952123
6608.02002 0.928886
6608.97021 0.905734
6609.91016 0.882577
6610.85986 0.859278
6611.81006 0.836148
6612.75000 0.801459
6613.70020 0.763603
6614.64990 0.72574
6615.58984 0.688006
6616.52979 0.650262
6617.47998 0.610604
6618.43018 0.569204
6619.37988 0.527944
6620.31982 0.486497
6621.27002 0.44503
6622.22021 0.405807
6623.16016 0.373522
6624.10986 0.3411
6625.06006 0.308675
6626.00977 0.276362
6626.95020 0.244044
6627.89990 0.223874
6628.85010 0.204347
6629.79980 0.184897
6630.75000 0.165354
6631.70020 0.145808
6632.64990 0.131759
6633.58984 0.120249
6634.54004 0.108696
6635.49023 0.0971352
6636.43994 0.0856152
6637.39014 0.0762429
6638.33984 0.069952
6639.29004 0.0636606
6640.24023 0.0573915
6641.18994 0.051097
6642.14014 0.0452645
6643.08984 0.0421129
6644.04004 0.0389609
6644.99023 0.0357953
6645.93994 0.0326293
6646.89014 0.0294627
6647.85010 0.0273134
6648.79980 0.0253001
6649.75000 0.0232782
6650.70020 0.0212631
6651.64990 0.0192394
6652.60010 0.0176966
6653.54980 0.0164257
6654.50977 0.0151546
6655.45996 0.0138873
6656.41016 0.0126204
6657.35986 0.0115488
6658.31006 0.0108096
6659.25977 0.0100734
6660.22021 0.00933652
6661.16992 0.00859365
6662.12012 0.00788483
6663.06982 0.00736608
6664.02979 0.00684543
6664.97998 0.00632447
6665.93994 0.00580562
6666.89014 0.00528647
6667.83984 0.00476515
6668.79980 0.00424406
6669.75000 0.00372453
7336.72510 0.0
