threeML/data/optical_filters/HST/ACS_HRC-F220W.ecsv
# %ECSV 0.9
# ---
# datatype:
# - {name: wavelength, unit: Angstrom, datatype: float32}
# - {name: response, datatype: float32}
# meta: !!omap
# - {band_name: F220W}
# - {group_name: ACS_HRC}
wavelength response
[from data line 2393]
2834.95996 0.0361528
2835.45996 0.036058
2835.95996 0.0359631
2836.45996 0.0358682
2836.95996 0.0357729
2837.45996 0.0356775
2837.95996 0.0355825
2838.45996 0.0354874
2838.95996 0.0353919
2839.45996 0.0352965
2839.96997 0.0352005
2840.46997 0.0350978
2840.96997 0.0349948
2841.46997 0.0348912
2841.96997 0.0347874
2842.46997 0.0346835
2842.96997 0.0345802
2843.46997 0.0344761
2843.97998 0.0343719
2844.47998 0.0342681
2844.97998 0.0341638
2845.47998 0.0340599
2845.97998 0.0339557
2846.48999 0.0338513
2846.98999 0.033747
2847.48999 0.0336424
2847.98999 0.0335384
2848.50000 0.0334335
2849.00000 0.0333285
2849.50000 0.0332238
2850.01001 0.0331187
2850.51001 0.0330138
2851.01001 0.0329088
2851.51001 0.0328034
2852.02002 0.0326983
2852.52002 0.0325927
2853.03003 0.0324871
2853.53003 0.0323819
2854.03003 0.032276
2854.53003 0.0321705
2855.04004 0.0320645
2855.54004 0.0319588
2856.05005 0.031853
2856.55005 0.0317468
2857.05005 0.0316408
2857.56006 0.0315345
2858.06006 0.031428
2858.57007 0.0313221
2859.07007 0.0312154
2859.57007 0.0311091
2860.08008 0.0310122
2860.58008 0.0309672
2861.09009 0.0309221
2861.60010 0.0308769
2862.10010 0.0308319
2862.61011 0.0307866
2863.11011 0.0307415
2863.61011 0.0306962
2864.12012 0.0306509
2864.62988 0.0306056
2865.12988 0.0305603
2865.63989 0.0305149
2866.13989 0.0304694
2866.64990 0.030424
2867.15991 0.0303784
2867.65991 0.0303328
2868.16992 0.0302873
2868.66992 0.0302418
2869.17993 0.030196
2869.67993 0.0301502
2870.18994 0.0301037
2870.69995 0.0300563
2871.19995 0.0300091
2871.70996 0.0299616
2872.21997 0.0299142
2872.72998 0.0298666
2873.22998 0.0298191
2873.73999 0.0297714
2874.23999 0.029724
2874.75000 0.0296763
2875.26001 0.0296286
2875.77002 0.029581
2876.28003 0.0295332
2876.78003 0.0294853
2877.29004 0.0294376
2877.80005 0.0293896
2878.31006 0.0293419
2878.82007 0.0292939
2879.32007 0.0292459
2879.83008 0.0291979
2880.34009 0.0290437
2880.85010 0.0288363
2881.35010 0.0286299
2881.86011 0.028422
2882.37012 0.0282141
2882.87988 0.0280061
2883.38989 0.0277991
2883.89990 0.0275905
2884.40991 0.0273826
2884.90991 0.0271745
2885.42993 0.0269656
2885.92993 0.0267571
2886.43994 0.0265485
2886.94995 0.0263392
2887.45996 0.0261297
2887.96997 0.02592
2888.47998 0.0257108
2888.98999 0.0255014
3177.88892 0.0
