threeML/data/optical_filters/HST/ACS_SBC-F165LP.ecsv
# %ECSV 0.9
# ---
# datatype:
# - {name: wavelength, unit: Angstrom, datatype: float32}
# - {name: response, datatype: float32}
# meta: !!omap
# - {band_name: F165LP}
# - {group_name: ACS_SBC}
wavelength response
[from data line 803]
1823.08997 0.586029
1823.39001 0.585028
1823.69995 0.584028
1824.01001 0.583021
1824.31006 0.582015
1824.60999 0.58101
1824.92004 0.579998
1825.22998 0.579058
1825.53003 0.578141
1825.83997 0.577223
1826.14001 0.576306
1826.44995 0.575381
1826.75000 0.574462
1827.06006 0.573538
1827.37000 0.57261
1827.67004 0.571686
1827.97998 0.570754
1828.29004 0.569825
1828.58997 0.568894
1828.90002 0.567962
1829.19995 0.56703
1829.51001 0.566092
1829.81995 0.565155
1830.12000 0.56422
1830.43005 0.563276
1830.73999 0.56234
1831.04004 0.561398
1831.34998 0.560459
1831.66003 0.559512
1831.95996 0.558567
1832.27002 0.557623
1832.57996 0.556671
1832.88000 0.555722
1833.18994 0.554774
1833.50000 0.553818
1833.80005 0.552864
1834.10999 0.551908
1834.42004 0.550951
1834.71997 0.549996
1835.03003 0.549033
1835.33997 0.548074
1835.65002 0.547112
1835.94995 0.546141
1836.26001 0.545178
1836.56995 0.544211
1836.88000 0.543246
1837.18005 0.542272
1837.48999 0.541301
1837.80005 0.540331
1838.10999 0.539353
1838.41003 0.538377
1838.71997 0.537403
1839.03003 0.53642
1839.33997 0.53544
1839.65002 0.534458
1839.94995 0.533478
1840.26001 0.532491
1840.56995 0.531505
1840.88000 0.530522
1841.18994 0.529535
1841.50000 0.528542
1841.80005 0.52755
1842.10999 0.526558
1842.42004 0.525564
1842.72998 0.524568
1843.04004 0.523571
1843.34998 0.522576
1843.66003 0.521573
1843.95996 0.520574
1844.27002 0.519571
1844.57996 0.51856
1844.89001 0.517557
1845.19995 0.51655
1845.51001 0.515541
1845.81995 0.51453
1846.13000 0.513518
1846.43005 0.512507
1846.73999 0.511489
1847.06006 0.510473
1847.35999 0.509454
1847.67004 0.508435
1847.97998 0.507413
1848.29004 0.506391
1848.59998 0.50537
1848.91003 0.504344
1849.21997 0.503314
1849.53003 0.502288
1849.83997 0.501258
1850.15002 0.500253
1850.45996 0.499285
1850.77002 0.498316
1851.07996 0.497348
1851.39001 0.496372
1851.69995 0.495399
1852.01001 0.494428
1852.31995 0.493449
1852.63000 0.492471
1852.93994 0.491492
1853.25000 0.490512
1853.56006 0.489531
1853.87000 0.488549
1854.18005 0.487569
1854.48999 0.486583
1854.80005 0.485594
1855.10999 0.48461
1855.42004 0.483618
1855.72998 0.482627
1856.05005 0.481636
1856.35999 0.480643
1856.67004 0.479649
1856.97998 0.478654
1857.29004 0.477657
1857.59998 0.476663
1857.91003 0.47566
1858.21997 0.474659
1858.53003 0.473658
1858.83997 0.472658
1859.16003 0.47165
1859.46997 0.470645
1859.78003 0.469638
1860.08997 0.468633
1860.40002 0.467621
1860.70996 0.466614
1861.02002 0.4656
1861.33997 0.46459
1861.65002 0.463573
1861.95996 0.462554
1862.27002 0.461541
1862.57996 0.460524
1862.89001 0.459508
1863.20996 0.458487
1863.52002 0.457462
1863.82996 0.456439
1864.14001 0.455414
1864.44995 0.454388
1864.77002 0.453362
1865.07996 0.452333
1865.39001 0.451303
1865.69995 0.450272
1866.02002 0.44924
1866.32996 0.448209
1866.64001 0.447171
1866.94995 0.446138
1867.27002 0.445097
1867.57996 0.444061
1867.89001 0.443017
1868.19995 0.441907
1868.52002 0.44076
1868.82996 0.43961
1869.14001 0.438508
1869.45996 0.43746
1869.77002 0.436412
1870.07996 0.435362
1870.40002 0.434312
1870.70996 0.43326
1871.02002 0.432206
1871.33997 0.431152
1871.65002 0.4301
1871.95996 0.429043
1872.28003 0.427981
1872.58997 0.426924
1872.90002 0.425859
1873.21997 0.424797
1873.53003 0.423733
1873.83997 0.422667
1874.16003 0.421601
1874.46997 0.420533
1874.79004 0.419464
1875.09998 0.418426
1875.41003 0.417457
1875.72998 0.416494
1876.04004 0.415525
1876.35999 0.414559
1876.67004 0.413584
1876.97998 0.412612
1877.30005 0.411642
1877.60999 0.410664
1877.93005 0.409688
1878.23999 0.408633
1878.56006 0.407544
1878.87000 0.406457
1879.18994 0.405432
1879.50000 0.40445
1879.81995 0.403466
1880.13000 0.402482
1880.43994 0.401499
1880.76001 0.400506
1881.07996 0.399518
1881.39001 0.398532
1881.69995 0.397542
1882.02002 0.396553
1882.33997 0.395557
1882.65002 0.394563
1882.95996 0.393567
1883.28003 0.392474
1883.59998 0.391368
1883.91003 0.390264
1884.22998 0.38923
1884.54004 0.388227
1884.85999 0.387224
1885.17004 0.386223
1885.48999 0.385213
1885.81006 0.384206
1886.12000 0.383201
1886.43994 0.382184
1886.75000 0.381177
1887.06995 0.380164
1887.38000 0.379151
1887.69995 0.378136
1888.02002 0.377114
1888.32996 0.375988
1888.65002 0.37486
1888.95996 0.373731
1889.28003 0.3727
1889.59998 0.371678
1889.91003 0.37065
1890.22998 0.369625
1890.55005 0.368599
1890.85999 0.367575
1891.18005 0.366543
1891.50000 0.365513
1891.81006 0.364481
1892.13000 0.3634
1892.44995 0.36226
1892.76001 0.361114
1893.07996 0.359996
1893.40002 0.358958
1893.70996 0.357918
1894.03003 0.356874
1894.34998 0.355836
1894.67004 0.354793
1894.97998 0.353752
1895.30005 0.352706
1895.62000 0.351655
1895.93994 0.350607
1896.25000 0.349521
1896.56995 0.348429
1896.89001 0.347329
1897.20996 0.346245
1897.52002 0.345168
1897.83997 0.344086
1898.16003 0.343009
1898.47998 0.341927
1898.80005 0.340845
1899.10999 0.339761
1899.43005 0.338675
1899.75000 0.337592
1900.06995 0.336519
1900.39001 0.335515
1900.69995 0.334514
1901.02002 0.333506
1901.33997 0.33251
1901.66003 0.331512
1901.97998 0.330513
1902.30005 0.329502
1902.60999 0.32849
1902.93005 0.327475
1903.25000 0.326468
1903.56995 0.325459
1903.89001 0.324455
1904.20996 0.323436
1904.53003 0.322418
1904.84998 0.321395
1905.16003 0.320371
1905.47998 0.319345
1905.80005 0.318318
1906.12000 0.317294
1906.43994 0.316279
1906.76001 0.315256
1907.07996 0.314232
1907.40002 0.313198
1907.71997 0.312159
1908.04004 0.311127
1908.35999 0.3101
1908.68005 0.309075
1909.00000 0.308042
1909.31995 0.306996
1909.64001 0.305956
1909.95996 0.304907
1910.28003 0.303874
1910.59998 0.302837
1910.91003 0.301799
1911.22998 0.300751
1911.56006 0.299699
1911.88000 0.298645
1912.18994 0.29759
1912.52002 0.296534
1912.83997 0.295479
1913.16003 0.294422
1913.47998 0.293372
1913.80005 0.292322
1914.12000 0.291265
1914.43994 0.290203
1914.76001 0.289133
1915.07996 0.288068
1915.40002 0.28701
1915.71997 0.285947
1916.04004 0.284888
1916.35999 0.283814
1916.68005 0.282738
1917.00000 0.281662
1917.32996 0.280583
1917.64001 0.279507
1917.96997 0.278422
1918.29004 0.27735
1918.60999 0.276281
1918.93005 0.2752
1919.25000 0.274119
1919.56995 0.273031
1919.89001 0.271941
1920.21997 0.270861
1920.54004 0.269776
1920.85999 0.268694
1921.18005 0.267603
1921.50000 0.266503
1921.82996 0.265407
1922.15002 0.264309
1922.46997 0.263223
1922.79004 0.262132
1923.10999 0.261035
1923.43005 0.259932
1923.76001 0.258821
1924.07996 0.257715
1924.40002 0.256617
1924.71997 0.255513
1925.05005 0.254421
1925.37000 0.253366
1925.68994 0.252308
1926.01001 0.25125
1926.33997 0.250189
1926.66003 0.249131
1926.97998 0.248065
1927.30005 0.247008
1927.63000 0.245958
1927.94995 0.244899
1928.27002 0.243835
1928.58997 0.242765
1928.92004 0.241694
1929.23999 0.240633
1929.56006 0.239567
1929.89001 0.238503
1930.20996 0.237431
1930.53003 0.236348
1930.85999 0.235272
1931.18005 0.234191
1931.50000 0.233108
1931.82996 0.232023
1932.15002 0.230943
1932.46997 0.229871
1932.80005 0.228788
1933.12000 0.227709
1933.43994 0.226617
1933.77002 0.225521
1934.08997 0.224433
1934.42004 0.223349
1934.73999 0.222264
1935.06006 0.221175
1935.39001 0.220075
1935.70996 0.218976
1936.04004 0.217871
1936.35999 0.216775
1936.68005 0.215684
1937.01001 0.214589
1937.32996 0.213479
1937.66003 0.212369
1937.97998 0.211257
1938.31006 0.210143
1938.63000 0.209025
1938.95996 0.207912
1939.28003 0.206805
1939.60999 0.205694
1939.93005 0.204589
1940.26001 0.203469
1940.57996 0.202342
1940.90002 0.201221
1941.22998 0.200102
1941.55005 0.19899
1941.88000 0.197869
1942.19995 0.196743
1942.53003 0.19561
1942.85999 0.194472
1943.18005 0.193347
1943.51001 0.192222
1943.82996 0.191096
1944.16003 0.189963
1944.47998 0.188817
1944.81006 0.187678
1945.13000 0.186534
1945.45996 0.185384
1945.79004 0.18424
1946.10999 0.183095
1946.43994 0.181957
1946.76001 0.180817
1947.08997 0.179673
1947.41003 0.178521
1947.73999 0.177361
1948.06995 0.176205
1948.39001 0.175058
1948.71997 0.173906
1949.05005 0.17276
1949.37000 0.171608
1949.69995 0.170455
1950.03003 0.169301
1950.34998 0.168159
1950.68005 0.167022
1951.01001 0.16588
1951.32996 0.16475
1951.66003 0.163617
1951.98999 0.16248
1952.31006 0.161349
1952.64001 0.160213
1952.96997 0.159076
1953.29004 0.157941
1953.62000 0.156797
1953.94995 0.155655
1954.28003 0.154512
1954.59998 0.153364
1954.93005 0.152222
1955.26001 0.151071
1955.57996 0.149927
1955.91003 0.148777
1956.23999 0.147622
1956.56995 0.14647
1956.89001 0.145319
1957.21997 0.144164
1957.55005 0.143007
1957.88000 0.141845
1958.19995 0.140689
1958.53003 0.139529
1958.85999 0.138366
1959.18994 0.137195
1959.52002 0.136018
1959.84998 0.134839
1960.17004 0.133665
1960.50000 0.132492
1960.82996 0.131325
1961.16003 0.130147
1961.48999 0.128972
1961.81995 0.127792
1962.14001 0.126611
1962.46997 0.125424
1962.80005 0.12424
1963.13000 0.12306
1963.45996 0.121873
1963.79004 0.120681
1964.12000 0.119496
1964.43994 0.118306
1964.77002 0.117114
1965.09998 0.115921
1965.43005 0.114727
1965.76001 0.113531
1966.08997 0.112331
1966.42004 0.111137
1966.75000 0.109937
1967.07996 0.108732
1967.41003 0.107534
1967.73999 0.106331
1968.06995 0.105126
1968.40002 0.103916
1968.72998 0.102708
1969.06006 0.101503
1969.38000 0.100293
1969.71997 0.0990783
1970.04004 0.0978696
1970.37000 0.0966553
1970.69995 0.09544
1971.03003 0.0942221
1971.35999 0.092991
1971.68994 0.0917588
1972.03003 0.090522
1972.35999 0.0893041
1972.68005 0.0880806
1973.02002 0.0868519
1973.34998 0.0856303
1973.68005 0.0844029
1974.01001 0.0831745
1974.33997 0.081967
1974.67004 0.0807616
1975.00000 0.0795591
1975.32996 0.0785566
1975.66003 0.0775604
1975.98999 0.0765599
1976.31995 0.075568
1976.65002 0.0745817
1976.97998 0.0735908
1977.31995 0.0725991
1977.65002 0.0716064
1977.97998 0.0706092
1978.31006 0.0696295
1978.64001 0.0686469
1978.96997 0.0676594
1979.30005 0.0666659
1979.63000 0.0656663
1979.95996 0.0646661
1980.30005 0.0636614
1980.63000 0.0626619
1980.95996 0.061655
1981.29004 0.0606621
1981.62000 0.0596728
1981.94995 0.0586792
1982.29004 0.0576696
1982.62000 0.056664
1982.94995 0.0556537
1983.28003 0.0546539
1983.62000 0.0536547
1983.94995 0.0526513
1984.28003 0.0516424
1984.60999 0.0506268
1984.93994 0.0496099
1985.28003 0.0485921
1985.60999 0.04757
1985.93994 0.0465533
1986.28003 0.04554
1986.60999 0.0445344
1986.93994 0.0435213
1987.27002 0.0424992
1987.60999 0.0414772
1987.93994 0.0404508
1988.27002 0.0394242
1988.59998 0.038404
1988.93994 0.0373795
1989.27002 0.036354
1989.59998 0.0353273
1989.93994 0.0342996
1990.27002 0.0332661
1990.59998 0.0322383
1990.93994 0.0312057
1991.27002 0.0301733
1991.59998 0.0291368
1991.93994 0.0281024
1992.27002 0.0270667
1992.59998 0.0260335
1992.93994 0.0249925
1993.27002 0.0239537
1993.59998 0.0229173
1993.93994 0.0218761
1994.27002 0.020833
1994.60999 0.0197883
1994.93994 0.0187392
1995.27002 0.0176967
1995.60999 0.0166502
1995.93994 0.0156027
1996.28003 0.0145504
1996.60999 0.0135003
1996.93994 0.0124526
2196.63403 0.0
