threeML/data/optical_filters/HST/ACS_HRC-F475W.ecsv
# %ECSV 0.9
# ---
# datatype:
# - {name: wavelength, unit: Angstrom, datatype: float32}
# - {name: response, datatype: float32}
# meta: !!omap
# - {band_name: F475W}
# - {group_name: ACS_HRC}
wavelength response
[from data line 2402]
4997.43018 0.980037
4997.97998 0.980378
4998.52979 0.980718
4999.08008 0.981059
4999.62012 0.981401
5000.16992 0.981538
5000.72021 0.981234
5001.27002 0.980927
5001.81006 0.980619
5002.35986 0.980312
5002.91016 0.980006
5003.45996 0.979698
5004.00977 0.979389
5004.56006 0.979081
5005.10986 0.978772
5005.64990 0.978466
5006.20020 0.978157
5006.75000 0.977848
5007.29980 0.977539
5007.85010 0.977229
5008.39990 0.976918
5008.93994 0.97661
5009.49023 0.976299
5010.04004 0.976022
5010.58984 0.97614
5011.14014 0.976259
5011.68994 0.976379
5012.24023 0.976498
5012.79004 0.976616
5013.33984 0.976734
5013.89014 0.976853
5014.43994 0.976972
5014.99023 0.977091
5015.54004 0.977209
5016.08984 0.977326
5016.64014 0.977444
5017.18018 0.977561
5017.72998 0.97768
5018.27979 0.977799
5018.83984 0.977917
5019.39014 0.978036
5019.93994 0.978155
5020.49023 0.978008
5021.02979 0.977829
5021.58984 0.977648
5022.14014 0.977467
5022.68994 0.977287
5023.22998 0.977108
5023.79004 0.976927
5024.33984 0.976746
5024.89014 0.976564
5025.43994 0.976384
5025.99023 0.976202
5026.54004 0.976021
5027.08984 0.975839
5027.64014 0.975657
5028.20020 0.975473
5028.75000 0.975291
5029.29980 0.97511
5029.85010 0.974928
5030.39990 0.974833
5030.95020 0.974771
5031.50000 0.97471
5032.06006 0.974649
5032.60986 0.974587
5033.16016 0.974525
5033.70996 0.974464
5034.25977 0.974403
5034.81006 0.974341
5035.35986 0.974279
5035.91016 0.974218
5036.47021 0.974156
5037.02002 0.974095
5037.56982 0.974032
5038.12012 0.97397
5038.66992 0.973907
5039.22998 0.973844
5039.77979 0.973781
5040.33008 0.973426
5040.89014 0.972872
5041.43994 0.972326
5041.99023 0.971774
5042.54004 0.971221
5043.10010 0.970668
5043.64990 0.97012
5044.20020 0.969566
5044.75000 0.969013
5045.31006 0.968459
5045.85010 0.96791
5046.41016 0.967356
5046.95996 0.966801
5047.52002 0.966244
5048.06982 0.965688
5048.62012 0.965132
5049.18018 0.964575
5049.72998 0.964024
5050.27979 0.963937
5050.83984 0.9643
5051.39014 0.964661
5051.95020 0.965022
5052.50000 0.965385
5053.04980 0.965747
5053.60986 0.966109
5054.16016 0.966471
5054.70996 0.966831
5055.27002 0.967195
5055.81982 0.967557
5056.37988 0.967921
5056.93018 0.968283
5057.47998 0.968644
5058.04004 0.969006
5058.58984 0.969369
5059.14990 0.969732
5059.70020 0.970095
5060.25977 0.970258
5060.81006 0.970187
5061.37012 0.970117
5061.91992 0.970047
5062.47998 0.969977
5063.02979 0.969907
5063.58984 0.969836
5064.14014 0.969765
5064.68994 0.969693
5065.25000 0.969622
5065.81006 0.969551
5066.35986 0.96948
5066.91016 0.969409
5067.47021 0.969337
5068.02002 0.969265
5068.58008 0.969192
5069.14014 0.969119
5069.68994 0.969048
5070.25000 0.96926
5070.79980 0.969821
5071.35986 0.970387
5071.91992 0.970952
5072.47021 0.971514
5073.02002 0.972077
5073.58008 0.972643
5074.14014 0.973208
5074.68994 0.973772
5075.25000 0.974337
5075.81006 0.9749
5076.35986 0.975465
5076.91992 0.976033
5077.47021 0.976597
5078.02979 0.977168
5078.58984 0.977729
5079.14014 0.978296
5079.70020 0.978865
5080.25977 0.979103
5080.81982 0.97896
5081.37988 0.978817
5081.93018 0.978674
5082.49023 0.978531
5083.04004 0.978389
5083.60010 0.978244
5084.16016 0.978099
5084.70996 0.977955
5085.27002 0.977811
5085.83008 0.977667
5086.39014 0.977522
5086.93994 0.977379
5087.50000 0.977235
5088.06006 0.977089
5088.62012 0.976944
5089.18018 0.976798
5089.72998 0.976653
5090.29004 0.976701
5090.85010 0.976927
5091.39990 0.977155
5091.95996 0.977383
5092.52002 0.97761
5093.08008 0.977835
5093.64014 0.978061
5094.18994 0.978289
5094.75977 0.978518
5095.31006 0.978745
5095.87012 0.978969
5096.43018 0.979196
5096.99023 0.979424
5097.54004 0.979651
5098.10010 0.979879
5098.66992 0.980108
5099.22021 0.980333
5099.77979 0.98056
5100.33984 0.980908
5100.89990 0.981334
5101.45996 0.981759
5102.02002 0.982183
5102.58008 0.982609
5103.14014 0.983035
5103.70020 0.98346
5104.25977 0.983886
5104.81006 0.984308
5105.37988 0.984736
5105.93018 0.985162
5106.49023 0.985588
5107.04980 0.986011
5107.60986 0.98644
5108.16992 0.986866
5108.72998 0.987292
5109.29004 0.98772
5109.85010 0.988146
5110.41016 0.988479
5110.97998 0.988778
5111.54004 0.989079
5112.08984 0.989376
5112.64990 0.989674
5113.20996 0.989974
5113.77002 0.990272
5114.33008 0.990572
5114.89014 0.990871
5115.45020 0.991169
5116.00977 0.991465
5116.56982 0.991766
5117.12988 0.992067
5117.70020 0.992366
5118.25977 0.992664
5118.81982 0.992965
5119.37988 0.993264
5119.93994 0.993563
5120.50000 0.99358
5121.06006 0.993564
5121.62012 0.993548
5122.18994 0.993533
5122.75000 0.993518
5123.31006 0.993502
5123.87012 0.993484
5124.43018 0.993468
5124.99023 0.993452
5125.56006 0.993435
5126.10986 0.993418
5126.68018 0.993403
5127.24023 0.993386
5127.79980 0.993369
5128.35986 0.993351
5128.91992 0.993334
5129.49023 0.993317
5130.04980 0.993335
5130.60986 0.993714
5131.18018 0.994096
5131.74023 0.994476
5132.29980 0.994856
5132.85986 0.995236
5133.43018 0.995618
5133.99023 0.995999
5134.54980 0.99638
5135.10986 0.996757
5135.68018 0.997139
5136.24023 0.997521
5136.79980 0.997903
5137.35986 0.99828
5137.93018 0.998662
5138.49023 0.999044
5139.04980 0.999426
5139.60986 0.999806
5140.18018 1.0
5140.74023 0.999789
5141.31006 0.999579
5141.87012 0.999366
5142.43994 0.999154
5143.00000 0.998942
5143.56006 0.998728
5144.12012 0.998515
5144.68994 0.998302
5145.25000 0.998089
5145.81006 0.997876
5146.37988 0.997662
5146.93994 0.997448
5147.50000 0.997235
5148.06982 0.997021
5148.64014 0.996808
5149.20020 0.996592
5149.75977 0.996378
5150.33008 0.996344
5150.89014 0.996441
5151.45996 0.996539
5152.02002 0.996638
5152.58984 0.996736
5153.14990 0.996835
5153.72021 0.996933
5154.27979 0.997029
5154.85010 0.997124
5155.41016 0.997223
5155.97998 0.997321
5156.54004 0.997419
5157.10986 0.997517
5157.66992 0.997613
5158.22998 0.997709
5158.79980 0.997806
5159.37012 0.997905
5159.93018 0.998003
5160.50000 0.997879
5161.06006 0.997724
5161.62988 0.99757
5162.18994 0.997416
5162.75977 0.99726
5163.33008 0.997104
5163.89990 0.996949
5164.45996 0.996795
5165.02002 0.996639
5165.58984 0.996484
5166.16016 0.996328
5166.72021 0.996172
5167.29004 0.996016
5167.85010 0.995859
5168.41992 0.995704
5168.99023 0.995549
5169.56006 0.99539
5170.12012 0.995195
5170.68994 0.994862
5171.25000 0.994527
5171.81982 0.994193
5172.39014 0.993857
5172.95020 0.993522
5173.52002 0.993186
5174.08984 0.99285
5174.66016 0.992515
5175.22021 0.992179
5175.79004 0.991843
5176.35986 0.991505
5176.91992 0.991169
5177.49023 0.990831
5178.06006 0.990495
5178.62988 0.990157
5179.18994 0.98982
5179.75977 0.989481
5180.33008 0.989104
5180.89990 0.988698
5181.45996 0.988296
5182.02979 0.98789
5182.60010 0.987481
5183.16992 0.987078
5183.74023 0.986673
5184.31006 0.986266
5184.87988 0.985858
5185.43994 0.985453
5186.00977 0.985044
5186.58008 0.984637
5187.14990 0.984228
5187.70996 0.983824
5188.27979 0.983415
5188.85010 0.983005
5189.41992 0.982595
5189.99023 0.982185
5190.56006 0.982013
5191.12988 0.981842
5191.68994 0.981671
5192.27002 0.981501
5192.83984 0.98133
5193.39990 0.98116
5193.97021 0.98099
5194.54004 0.980818
5195.10986 0.980647
5195.68018 0.980477
5196.25000 0.980304
5196.81982 0.980133
5197.39014 0.97996
5197.95020 0.979788
5198.52002 0.979616
5199.10010 0.979445
5199.66992 0.979272
5200.22998 0.979097
5200.81006 0.978917
5201.37988 0.978739
5201.95020 0.97856
5202.52002 0.978382
5203.08984 0.978201
5203.66016 0.97802
5204.22998 0.97784
5204.79980 0.97766
5205.37012 0.97748
5205.93994 0.977301
5206.50977 0.977121
5207.08008 0.97694
5207.64990 0.976758
5208.22021 0.976579
5208.79004 0.976399
5209.35986 0.976218
5209.93018 0.976035
5210.50977 0.976025
5211.06982 0.976039
5211.64990 0.976053
5212.22021 0.976067
5212.79004 0.97608
5213.35986 0.976093
5213.93018 0.976106
5214.50977 0.97612
5215.08008 0.976134
5215.64990 0.976146
5216.22021 0.976158
5216.79004 0.97617
5217.35986 0.976183
5217.93018 0.976196
5218.50000 0.976207
5219.08008 0.97622
5219.64990 0.976232
5220.22021 0.976115
5220.79004 0.975792
5221.35986 0.97547
5221.93994 0.975146
5222.50977 0.974822
5223.08008 0.974497
5223.64990 0.974173
5224.22998 0.973849
5224.79980 0.973525
5225.37012 0.973202
5225.95020 0.972876
5226.52002 0.972551
5227.08984 0.972225
5227.66016 0.9719
5228.24023 0.971574
5228.81006 0.971251
5229.37988 0.970925
5229.95020 0.9706
5230.52979 0.97095
5231.10010 0.97136
5231.68018 0.971771
5232.25000 0.972179
5232.81982 0.972591
5233.39990 0.973002
5233.97021 0.973412
5234.54004 0.973822
5235.12012 0.974234
5235.68994 0.974646
5236.25977 0.975056
5236.83984 0.975467
5237.41016 0.975878
5237.99023 0.97629
5238.56006 0.976699
5239.12988 0.977109
5239.70996 0.977522
5240.27979 0.977608
5240.85010 0.977353
5241.43018 0.977098
5242.00977 0.976844
5242.58008 0.976588
5243.14990 0.976331
5243.72998 0.976074
5244.31006 0.975818
5244.87988 0.975563
5245.45020 0.975307
5246.02979 0.97505
5246.60010 0.974794
5247.18018 0.974538
5247.75000 0.974278
5248.33008 0.97402
5248.89990 0.973764
5249.47998 0.973508
5250.04980 0.973321
5250.62988 0.973861
5251.20020 0.974398
5251.77979 0.974939
5252.35010 0.97548
5252.93018 0.976021
5253.50977 0.976559
5254.08008 0.977099
5254.66016 0.977641
5255.22998 0.97818
5255.81006 0.978721
5256.39014 0.979263
5256.97021 0.979805
5257.54004 0.980341
5258.10986 0.980883
5258.68994 0.981425
5259.27002 0.981967
5259.83984 0.982503
5260.41992 0.982212
5260.99023 0.981601
5261.56982 0.980991
5262.14990 0.980386
5262.72998 0.979772
5263.29980 0.979161
5263.87988 0.978549
5264.45996 0.977939
5265.02979 0.977326
5265.60986 0.976712
5266.18994 0.976102
5266.77002 0.975488
5267.33984 0.974878
5267.91992 0.974264
5268.49023 0.973652
5269.06982 0.973037
5269.64990 0.972422
5270.22998 0.972004
5270.79980 0.971881
5271.37988 0.971758
5271.95996 0.971633
5272.54004 0.97151
5273.12012 0.971386
5273.68994 0.971262
5274.27002 0.971139
5274.85010 0.971016
5275.43018 0.970892
5276.00977 0.970767
5276.58984 0.970642
5277.16016 0.970517
5277.74023 0.970393
5278.31982 0.970268
5278.89990 0.970142
5279.47998 0.970018
5280.06006 0.969879
5280.64014 0.969616
5281.20996 0.969355
5281.79004 0.969091
5282.37012 0.968825
5282.95020 0.968559
5283.52979 0.968297
5284.10986 0.968033
5284.68994 0.96777
5285.27002 0.967505
5285.85010 0.967238
5286.43018 0.966973
5287.00977 0.966708
5287.58008 0.966443
5288.16016 0.966179
5288.74023 0.965912
5289.31982 0.965646
5289.89990 0.96538
5290.47998 0.964991
5291.06006 0.96458
5291.64014 0.964164
5292.22021 0.96375
5292.79980 0.963333
5293.37988 0.962919
5293.95996 0.9625
5294.54004 0.962085
5295.12012 0.961667
5295.70020 0.96125
5296.27979 0.960836
5296.85986 0.960416
5297.43994 0.959999
5298.02979 0.959583
5298.60986 0.959165
5299.18994 0.958748
5299.77002 0.958328
5300.35010 0.957752
5300.93018 0.957073
5301.50977 0.956389
5302.08984 0.955707
5302.66992 0.955021
5303.25000 0.95434
5303.83008 0.953654
5304.41016 0.952969
5304.99023 0.952287
5305.58008 0.9516
5306.16016 0.950916
5306.74023 0.950229
5307.31982 0.949541
5307.89990 0.948854
5308.49023 0.948165
5309.06006 0.947482
5309.64990 0.946793
5310.22998 0.946022
5310.81006 0.945127
5311.39014 0.944238
5311.97021 0.94334
5312.56006 0.942443
5313.14014 0.941545
5313.72021 0.940651
5314.29980 0.939757
5314.89014 0.938855
5315.47021 0.937954
5316.04980 0.937058
5316.64014 0.936158
5317.22021 0.935257
5317.79980 0.934361
5318.39014 0.933458
5318.97021 0.932555
5319.54980 0.931656
5320.12988 0.93071
5320.72021 0.929593
5321.29980 0.928474
5321.87988 0.92736
5322.47021 0.926241
5323.04980 0.925128
5323.62988 0.924007
5324.22021 0.922887
5324.79980 0.921771
5325.37988 0.920648
5325.97021 0.919526
5326.54980 0.918408
5327.12988 0.91729
5327.72021 0.916167
5328.29980 0.915037
5328.89014 0.913918
5329.47021 0.912793
5330.06006 0.91172
5330.64014 0.911155
5331.22021 0.91059
5331.81006 0.910021
5332.39014 0.909453
5332.97998 0.908884
5333.56006 0.908321
5334.14014 0.907752
5334.72998 0.907182
5335.31006 0.906611
5335.89990 0.906044
5336.47998 0.905474
5337.06982 0.904903
5337.64990 0.904335
5338.24023 0.903764
5338.81982 0.903192
5339.41016 0.902622
5339.99023 0.902049
5340.58008 0.9014
5341.16016 0.900745
5341.75000 0.900092
5342.33008 0.899435
5342.91992 0.898781
5343.50000 0.898124
5344.08984 0.897472
5344.66992 0.896815
5345.25977 0.896158
5345.85010 0.895504
5346.43018 0.894846
5347.02002 0.894186
5347.60986 0.893527
5348.18994 0.892869
5348.77002 0.892217
5349.35986 0.891553
5349.95020 0.890893
5350.54004 0.890897
5351.12012 0.89096
5351.70996 0.891022
5352.29980 0.891082
5352.87988 0.891142
5353.47021 0.891204
5354.06006 0.891266
5354.64014 0.891328
5355.22998 0.89139
5355.81006 0.891451
5356.39990 0.891513
5356.99023 0.891575
5357.58008 0.891634
5358.16016 0.891694
5358.75000 0.891757
5359.33984 0.891819
5359.93018 0.891881
5360.52002 0.891624
5361.10010 0.891322
5361.68994 0.891023
5362.27979 0.890721
5362.85986 0.890419
5363.45020 0.890117
5364.04004 0.889817
5364.62012 0.889513
5365.20996 0.889209
5365.79980 0.888909
5366.39014 0.888606
5366.97998 0.888302
5367.56006 0.887997
5368.14990 0.887693
5368.74023 0.887391
5369.33008 0.887087
5369.91992 0.886782
5370.50977 0.887571
5371.10010 0.88853
5371.68994 0.889486
5372.27979 0.890445
5372.87012 0.891403
5373.45020 0.892357
5374.04004 0.893317
5374.62988 0.894272
5375.22021 0.895232
5375.81006 0.896188
5376.39990 0.897149
5376.97998 0.898106
5377.58008 0.899069
5378.16992 0.900031
5378.75977 0.900993
5379.33984 0.901951
5379.93018 0.90291
5380.52002 0.903885
5381.10986 0.904861
5381.70020 0.905841
5382.29980 0.906819
5382.89014 0.907799
5383.47021 0.908769
5384.06006 0.909749
5384.64990 0.910728
5385.24023 0.911709
5385.83008 0.912681
5386.41992 0.913662
5387.00977 0.914643
5387.60010 0.915623
5388.18994 0.916595
5388.77979 0.917579
5389.37988 0.918566
5389.97021 0.919542
5390.56006 0.921332
5391.14990 0.923173
5391.74023 0.925016
5392.33008 0.926848
5392.91992 0.928681
5393.50977 0.930522
5394.10010 0.932365
5394.68994 0.934203
5395.27979 0.936048
5395.87988 0.937885
5396.47021 0.93973
5397.06006 0.941568
5397.64990 0.943418
5398.24023 0.945258
5398.83008 0.947107
5399.43018 0.948956
5400.02002 0.950774
5400.60986 0.951541
5401.20020 0.952302
5401.79004 0.95307
5402.39014 0.953843
5402.97998 0.954609
5403.56982 0.955377
5404.16016 0.956145
5404.75977 0.956915
5405.33984 0.957677
5405.93994 0.958447
5406.52979 0.959218
5407.12012 0.959988
5407.70996 0.960752
5408.31006 0.961524
5408.89990 0.962296
5409.49023 0.963068
5410.08008 0.963819
5410.68018 0.964512
5411.27002 0.965197
5411.85986 0.965884
5412.45996 0.966573
5413.04980 0.967263
5413.64990 0.967951
5414.24023 0.968634
5414.83008 0.969324
5415.43018 0.970015
5416.02002 0.970706
5416.60986 0.971389
5417.20020 0.972079
5417.79980 0.97277
5418.39014 0.973461
5418.97998 0.974148
5419.58008 0.974838
5420.16992 0.975095
5420.77002 0.974283
5421.35986 0.973469
5421.95996 0.972655
5422.54980 0.971841
5423.14014 0.971035
5423.74023 0.97022
5424.33984 0.969402
5424.93018 0.96859
5425.52002 0.967776
5426.12012 0.966961
5426.70996 0.966147
5427.31006 0.965335
5427.89990 0.964519
5428.50000 0.963702
5429.08984 0.962884
5429.68994 0.962075
5430.27979 0.961157
5430.87988 0.960127
5431.47021 0.959097
5432.06982 0.958071
5432.66016 0.957043
5433.25977 0.956012
5433.85010 0.95498
5434.45020 0.953948
5435.04980 0.952915
5435.64014 0.951883
5436.22998 0.950859
5436.83008 0.949825
5437.43018 0.948789
5438.02002 0.947755
5438.62012 0.94673
5439.20996 0.945695
5439.81006 0.944658
5440.41016 0.94209
5441.00000 0.93884
5441.60010 0.935559
5442.18994 0.932274
5442.79004 0.928988
5443.39014 0.925701
5443.99023 0.922413
5444.58984 0.919125
5445.18018 0.915868
5445.77979 0.912558
5446.37012 0.909283
5446.97021 0.905987
5447.56982 0.902691
5448.16016 0.899411
5448.75977 0.89613
5449.35986 0.89283
5449.95996 0.88953
5450.54980 0.884928
5451.14990 0.880249
5451.74023 0.875562
5452.33984 0.870851
5452.93994 0.86614
5453.54004 0.861427
5454.12988 0.856755
5454.72998 0.85204
5455.33008 0.84732
5455.93018 0.842604
5456.52979 0.837881
5457.12988 0.833156
