threeML/data/optical_filters/HST/ACS_WFC-F435W_77.ecsv
# %ECSV 0.9
# ---
# datatype:
# - {name: wavelength, unit: Angstrom, datatype: float32}
# - {name: response, datatype: float32}
# meta: !!omap
# - {band_name: F435W_77}
# - {group_name: ACS_WFC}
wavelength response
[from data line 791]
4011.05005 0.620812
4011.62988 0.62227
4012.20996 0.62373
4012.78003 0.62518
4013.36011 0.626644
4013.93994 0.628109
4014.51001 0.629576
4015.09009 0.631034
4015.65991 0.632505
4016.23999 0.633978
4016.82007 0.635452
4017.39990 0.636928
4017.96997 0.638395
4018.55005 0.639875
4019.12012 0.641346
4019.69995 0.64283
4020.28003 0.643656
4020.86011 0.643775
4021.42993 0.643892
4022.01001 0.64401
4022.59009 0.644128
4023.15991 0.644244
4023.73999 0.644361
4024.32007 0.644478
4024.89990 0.644595
4025.46997 0.64471
4026.05005 0.644826
4026.62988 0.644942
4027.20996 0.645057
4027.78003 0.64517
4028.36011 0.645285
4028.93994 0.6454
4029.52002 0.645513
4030.10010 0.645869
4030.67993 0.647401
4031.26001 0.64894
4031.83008 0.650476
4032.40991 0.652019
4032.98999 0.653564
4033.57007 0.655099
4034.14990 0.656647
4034.72998 0.658199
4035.31006 0.659752
4035.88989 0.661296
4036.46997 0.662853
4037.05005 0.664411
4037.62988 0.665972
4038.19995 0.667524
4038.78003 0.669089
4039.36011 0.670644
4039.93994 0.672213
4040.52002 0.672111
4041.10010 0.671827
4041.67993 0.671541
4042.26001 0.671256
4042.84009 0.670968
4043.41992 0.670683
4044.00000 0.670395
4044.59009 0.670106
4045.16992 0.669816
4045.73999 0.669527
4046.33008 0.669236
4046.90991 0.668944
4047.48999 0.668651
4048.07007 0.668358
4048.64990 0.668066
4049.22998 0.667771
4049.81006 0.667477
4050.38989 0.668497
4050.97998 0.670151
4051.56006 0.671801
4052.13989 0.673458
4052.71997 0.675111
4053.30005 0.676772
4053.87988 0.678422
4054.46997 0.680086
4055.05005 0.681753
4055.62988 0.683422
4056.20996 0.685081
4056.79004 0.686752
4057.37988 0.68842
4057.95996 0.690104
4058.54004 0.691769
4059.12012 0.693448
4059.70996 0.695128
4060.29004 0.695992
4060.87012 0.696037
4061.44995 0.69608
4062.04004 0.696122
4062.62012 0.696165
4063.19995 0.696207
4063.79004 0.696249
4064.37012 0.69629
4064.94995 0.696332
4065.54004 0.696373
4066.12012 0.696413
4066.69995 0.696454
4067.29004 0.696494
4067.87012 0.696533
4068.45996 0.696572
4069.04004 0.696612
4069.62012 0.696651
4070.20996 0.696981
4070.79004 0.697843
4071.37988 0.698702
4071.95996 0.699566
4072.55005 0.700426
4073.12988 0.701287
4073.71997 0.702154
4074.30005 0.703014
4074.87988 0.703881
4075.46997 0.704751
4076.05005 0.705619
4076.63989 0.706486
4077.21997 0.707357
4077.81006 0.708229
4078.38989 0.709098
4078.97998 0.709975
4079.57007 0.710844
4080.14990 0.71124
4080.73999 0.710264
4081.32007 0.709282
4081.90991 0.708302
4082.48999 0.707317
4083.08008 0.706334
4083.65991 0.705348
4084.25000 0.704358
4084.84009 0.703374
4085.41992 0.702381
4086.01001 0.701391
4086.60010 0.700394
4087.17993 0.6994
4087.77002 0.698401
4088.36011 0.697403
4088.93994 0.696401
4089.53003 0.695401
4090.12012 0.694894
4090.70996 0.696376
4091.29004 0.697854
4091.87988 0.69934
4092.46997 0.700821
4093.06006 0.70231
4093.63989 0.70379
4094.22998 0.705283
4094.82007 0.706777
4095.39990 0.708261
4095.98999 0.709757
4096.58008 0.711252
4097.16992 0.712752
4097.75977 0.714249
4098.33984 0.715753
4098.93018 0.717253
4099.52002 0.718759
4100.10986 0.719806
4100.70020 0.718834
4101.29004 0.717863
4101.87988 0.716889
4102.47021 0.715913
4103.04980 0.714939
4103.64014 0.713959
4104.22998 0.712987
4104.81982 0.712006
4105.41016 0.711029
4106.00000 0.710045
4106.58984 0.709058
4107.18018 0.708075
4107.77002 0.707087
4108.35010 0.706102
4108.95020 0.705112
4109.52979 0.704123
4110.12988 0.703545
4110.72021 0.704499
4111.31006 0.705458
4111.89990 0.706415
4112.49023 0.707377
4113.08008 0.708336
4113.66992 0.709298
4114.25977 0.710262
4114.85010 0.71122
4115.43994 0.712186
4116.02979 0.713146
4116.62012 0.714114
4117.20996 0.715079
4117.79980 0.716048
4118.39014 0.717019
4118.97998 0.717988
4119.56982 0.718957
4120.16992 0.719603
4120.75977 0.719409
4121.35010 0.719215
4121.93994 0.719019
4122.52979 0.718824
4123.12012 0.718628
4123.72021 0.718432
4124.31006 0.718235
4124.89990 0.718038
4125.49023 0.71784
4126.08008 0.717641
4126.66992 0.717444
4127.27002 0.717246
4127.85986 0.717047
4128.45020 0.716848
4129.04004 0.716648
4129.64014 0.716448
4130.22998 0.717017
4130.81982 0.718811
4131.41992 0.7206
4132.00977 0.722398
4132.60010 0.724197
4133.20020 0.725991
4133.79004 0.727795
4134.37988 0.729592
4134.97998 0.731398
4135.56982 0.733193
4136.16016 0.735002
4136.75977 0.736807
4137.35010 0.738619
4137.93994 0.740429
4138.54004 0.742238
4139.12988 0.744055
4139.72998 0.74587
4140.31982 0.746496
4140.91016 0.746097
4141.50977 0.745696
4142.10010 0.745295
4142.70020 0.744892
4143.29004 0.744487
4143.89014 0.744083
4144.47998 0.743678
4145.08008 0.743271
4145.66992 0.742863
4146.27002 0.742456
4146.85986 0.742046
4147.45996 0.741637
4148.04980 0.741225
4148.64990 0.740812
4149.24023 0.740399
4149.83984 0.739983
4150.43018 0.74059
4151.02979 0.741581
4151.62012 0.742566
4152.22021 0.743556
4152.81982 0.744545
4153.41016 0.745536
4154.00977 0.746528
4154.60986 0.747518
4155.20020 0.748509
4155.79980 0.749504
4156.39014 0.750493
4156.99023 0.751489
4157.58984 0.752488
4158.18994 0.753482
4158.77979 0.75448
4159.37988 0.755476
4159.97998 0.756472
4160.56982 0.756071
4161.16992 0.755607
4161.77002 0.755143
4162.35986 0.75468
4162.95996 0.754215
4163.56006 0.753749
4164.16016 0.753283
4164.75977 0.752815
4165.35010 0.752348
4165.95020 0.75188
4166.54980 0.751411
4167.14990 0.750945
4167.75000 0.750474
4168.33984 0.750003
4168.93994 0.74953
4169.54004 0.749057
4170.14014 0.749026
4170.74023 0.75047
4171.33008 0.751911
4171.93994 0.75336
4172.52979 0.754809
4173.12988 0.756253
4173.72998 0.7577
4174.33008 0.759153
4174.93018 0.760602
4175.52979 0.762058
4176.12988 0.76351
4176.72998 0.764969
4177.33008 0.76643
4177.93018 0.767879
4178.52979 0.769343
4179.12012 0.770802
4179.72998 0.772267
4180.33008 0.772692
4180.91992 0.772247
4181.52979 0.771799
4182.12012 0.771351
4182.72998 0.770901
4183.33008 0.77045
4183.93018 0.770001
4184.52979 0.769551
4185.12988 0.769098
4185.72998 0.768647
4186.33008 0.768193
4186.93018 0.76774
4187.52979 0.767284
4188.12988 0.766829
4188.72998 0.766375
4189.33984 0.765917
4189.93994 0.765459
4190.54004 0.766407
4191.14014 0.767517
4191.74023 0.768629
4192.33984 0.769741
4192.93994 0.77086
4193.54004 0.771975
4194.14990 0.773098
4194.75000 0.774208
4195.35010 0.775329
4195.95996 0.776451
4196.56006 0.777568
4197.16016 0.77869
4197.75977 0.77981
4198.37012 0.780936
4198.97021 0.782057
4199.56982 0.783183
4200.16992 0.783928
4200.77002 0.783735
4201.37988 0.783542
4201.97998 0.783349
4202.58008 0.783157
4203.18994 0.782965
4203.79004 0.782771
4204.39014 0.782577
4205.00000 0.782383
4205.60010 0.782189
4206.20020 0.781993
4206.81006 0.781799
4207.41016 0.781604
4208.02002 0.781409
4208.62012 0.781213
4209.22998 0.781017
4209.83008 0.780821
4210.43994 0.782413
4211.04004 0.784692
4211.64014 0.786991
4212.24023 0.789282
4212.85010 0.791585
4213.45020 0.79388
4214.06006 0.796179
4214.66016 0.798486
4215.27002 0.800786
4215.87988 0.803097
4216.47998 0.805401
4217.08984 0.807716
4217.68994 0.810024
4218.29980 0.812341
4218.89990 0.814654
4219.50977 0.816976
4220.10986 0.818687
4220.72021 0.817754
4221.33008 0.816819
4221.93018 0.815891
4222.54004 0.814957
4223.14014 0.814023
4223.75000 0.813085
4224.35010 0.812155
4224.95996 0.811217
4225.56006 0.810279
4226.16992 0.809337
4226.77979 0.808396
4227.39014 0.807458
4227.99023 0.806516
4228.60010 0.805576
4229.20996 0.804631
4229.81006 0.803688
4230.41992 0.805303
4231.02979 0.808035
4231.64014 0.810779
4232.24023 0.813514
4232.85010 0.81625
4233.45996 0.818998
4234.06982 0.821737
4234.68018 0.824487
4235.27979 0.827219
4235.89014 0.829976
4236.50000 0.832723
4237.10010 0.835481
4237.70996 0.838232
4238.31982 0.840994
4238.93018 0.843748
4239.54004 0.846515
4240.14990 0.848155
4240.75977 0.846312
4241.37012 0.844461
4241.97021 0.842616
4242.58008 0.840765
4243.18994 0.838917
4243.79980 0.83707
4244.41016 0.835221
4245.02002 0.833361
4245.62988 0.831504
4246.22998 0.829658
4246.85010 0.827796
4247.45020 0.825942
4248.06982 0.824078
4248.66992 0.822221
4249.29004 0.820355
4249.89990 0.818495
4250.50977 0.820063
4251.10986 0.822339
4251.72998 0.824625
4252.33984 0.826902
4252.95020 0.829191
4253.56006 0.831482
4254.16992 0.833765
4254.77979 0.83605
4255.39014 0.838335
4256.00000 0.840631
4256.60986 0.84292
4257.22021 0.84521
4257.83008 0.847502
4258.43994 0.849805
4259.06006 0.852108
4259.66016 0.854403
4260.27979 0.854712
4260.89014 0.852621
4261.50000 0.850521
4262.10986 0.848426
4262.72998 0.846321
4263.33984 0.844221
4263.95020 0.842112
4264.56006 0.840011
4265.16992 0.8379
4265.77979 0.835794
4266.39990 0.833688
4267.00977 0.831572
4267.62012 0.829462
4268.22998 0.827351
4268.83984 0.825236
4269.45996 0.823114
4270.06982 0.821467
4270.68018 0.823464
4271.29980 0.825454
4271.91016 0.827455
4272.52002 0.829456
4273.14014 0.831451
4273.75000 0.833454
4274.35986 0.83545
4274.97998 0.837455
4275.58984 0.839454
4276.20996 0.841461
4276.81982 0.843455
4277.43018 0.845465
4278.04980 0.847476
4278.66016 0.849484
4279.27002 0.851491
4279.89014 0.853496
4280.50000 0.852684
4281.12012 0.851241
4281.72998 0.84979
4282.35010 0.848344
4282.95996 0.846891
4283.56982 0.845444
4284.18994 0.843992
4284.81006 0.842536
4285.41992 0.841087
4286.04004 0.839632
4286.64990 0.83818
4287.27002 0.836722
4287.87988 0.835274
4288.50000 0.833814
4289.10986 0.83236
4289.72998 0.830905
4290.33984 0.830392
4290.95996 0.830633
4291.58008 0.830875
4292.18994 0.831115
4292.81006 0.831356
4293.41992 0.831597
4294.04004 0.831838
4294.66016 0.832079
4295.27002 0.832321
4295.89014 0.832563
4296.50977 0.832805
4297.12012 0.833046
4297.74023 0.83329
4298.35986 0.833533
4298.97021 0.833775
4299.58984 0.834016
4300.20996 0.83361
4300.81982 0.831926
4301.43994 0.830235
4302.06006 0.828549
4302.68018 0.82686
4303.29004 0.825166
4303.91016 0.823471
4304.52979 0.821781
4305.14990 0.820083
4305.77002 0.81839
4306.39014 0.816691
4307.00000 0.815004
4307.62012 0.813296
4308.24023 0.811601
4308.85986 0.809898
4309.47021 0.808207
4310.08984 0.807101
4310.70996 0.80936
4311.33008 0.81163
4311.95020 0.813893
4312.56982 0.816166
4313.18994 0.818434
4313.81006 0.820703
4314.43018 0.822982
4315.04004 0.825245
4315.66016 0.827536
4316.27979 0.829809
4316.89990 0.832095
4317.52002 0.834382
4318.14014 0.836652
4318.77002 0.838952
4319.37988 0.841233
4320.00977 0.843508
4320.62012 0.84342
4321.24023 0.84333
4321.85986 0.843239
4322.47998 0.843149
4323.10010 0.84306
4323.72998 0.84297
4324.35010 0.842881
4324.95996 0.84279
4325.58984 0.8427
4326.20020 0.842609
4326.83008 0.842518
4327.45020 0.842427
4328.06982 0.842336
4328.68994 0.842247
4329.31006 0.842156
4329.93018 0.842064
4330.56006 0.843302
4331.18018 0.844697
4331.79980 0.846083
4332.41992 0.847482
4333.04004 0.848874
4333.66016 0.850273
4334.29004 0.851667
4334.91016 0.853068
4335.52979 0.854457
4336.14990 0.855859
4336.77979 0.857259
4337.39990 0.858651
4338.02002 0.860054
4338.64014 0.861457
4339.27002 0.862862
4339.89014 0.864256
4340.50977 0.863524
4341.14014 0.862317
4341.75977 0.861107
4342.37988 0.859906
4343.00000 0.858696
4343.62988 0.857483
4344.25000 0.856274
4344.87988 0.855062
4345.50000 0.853853
4346.12012 0.852638
4346.74023 0.851432
4347.37012 0.850215
4347.99023 0.849007
4348.60986 0.847789
4349.24023 0.846571
4349.87012 0.845351
4350.49023 0.846926
4351.10986 0.849245
4351.74023 0.851583
4352.35986 0.853922
4352.99023 0.856262
4353.60986 0.858586
4354.24023 0.860928
4354.85986 0.863271
4355.49023 0.865606
4356.10986 0.867943
4356.74023 0.870289
4357.37012 0.872638
4357.99023 0.874969
4358.60986 0.877317
4359.24023 0.879651
4359.85986 0.882001
4360.49023 0.882339
4361.12012 0.88212
4361.74023 0.881899
4362.37012 0.88168
4363.00000 0.88146
4363.62012 0.881239
4364.25000 0.881018
4364.87012 0.880799
4365.50000 0.880578
4366.12988 0.880356
4366.75977 0.880136
4367.37988 0.879915
4368.00977 0.879694
4368.62988 0.879473
4369.25977 0.879252
4369.89014 0.87903
4370.50977 0.880035
4371.14014 0.881314
4371.77002 0.88259
4372.39990 0.88387
4373.02979 0.885145
4373.64990 0.886422
4374.27979 0.887703
4374.91016 0.888986
4375.54004 0.890265
4376.16992 0.891543
4376.79980 0.892826
4377.41992 0.894111
4378.04980 0.895392
4378.68018 0.896675
4379.31006 0.897962
4379.93018 0.899238
4380.56006 0.898627
4381.18994 0.897797
4381.81982 0.896968
4382.45020 0.896135
4383.08008 0.895301
4383.70996 0.894466
4384.33984 0.893635
4384.97021 0.892802
4385.60010 0.891967
4386.22998 0.891132
4386.85986 0.890298
4387.49023 0.889465
4388.12012 0.888627
4388.75000 0.887791
4389.37988 0.88696
4390.00977 0.886144
4390.64014 0.887887
4391.25977 0.889616
4391.89990 0.89136
4392.52002 0.893097
4393.14990 0.894835
4393.79004 0.89658
4394.41992 0.898325
4395.04980 0.900066
4395.68018 0.901814
4396.31006 0.903556
4396.93994 0.905304
4397.56982 0.907054
4398.20020 0.908796
4398.83984 0.910539
4399.47021 0.91229
4400.10010 0.913771
4400.72998 0.913818
4401.35986 0.913865
4401.99023 0.913912
4402.62012 0.91396
4403.25977 0.914008
4403.89014 0.914056
4404.52002 0.914103
4405.14990 0.91415
4405.79004 0.914197
4406.41992 0.914244
4407.04980 0.91429
4407.68018 0.91434
4408.31982 0.914387
4408.95020 0.914434
4409.58008 0.914483
4410.22021 0.91472
4410.85010 0.91533
4411.47998 0.915939
4412.10986 0.916545
4412.75000 0.917157
4413.37988 0.917764
4414.00977 0.918375
4414.64990 0.918986
4415.27979 0.919595
4415.91016 0.920205
4416.54980 0.920817
4417.18018 0.921429
4417.81982 0.92204
4418.45020 0.922651
4419.08984 0.923266
4419.72021 0.923879
4420.35010 0.923122
4420.99023 0.921258
4421.62012 0.919407
4422.25977 0.917548
4422.89014 0.915702
4423.52979 0.913845
4424.16016 0.911984
4424.79004 0.910137
4425.43018 0.908276
4426.06982 0.906413
4426.70020 0.904559
4427.33984 0.902704
4427.97021 0.900841
4428.60986 0.898976
4429.24023 0.89712
4429.87988 0.895262
4430.52002 0.895606
4431.14990 0.896469
4431.79004 0.897326
4432.43018 0.898193
4433.06006 0.899054
4433.70020 0.899917
4434.33008 0.900775
4434.97021 0.901639
4435.60010 0.902497
4436.24023 0.903361
4436.87988 0.904226
4437.52002 0.905093
4438.14990 0.905956
4438.79004 0.906818
4439.43018 0.907683
4440.06006 0.90833
4440.70020 0.906967
4441.33984 0.905614
4441.97998 0.904257
4442.62012 0.902895
4443.25000 0.901544
4443.89014 0.90018
4444.52979 0.898817
4445.16992 0.897454
4445.79980 0.8961
4446.43994 0.894735
4447.08008 0.893379
4447.72021 0.892012
4448.35986 0.890642
4449.00000 0.889273
4449.62988 0.887909
4450.27002 0.887712
4450.91016 0.889096
4451.54980 0.890473
4452.18994 0.891864
4452.83008 0.893246
4453.47021 0.894631
4454.10010 0.896008
4454.74023 0.897394
4455.39014 0.898783
4456.02979 0.900171
4456.66016 0.901549
4457.29980 0.902938
4457.93994 0.904327
4458.58008 0.905706
4459.22021 0.907096
4459.85986 0.908485
4460.50977 0.90828
4461.14014 0.907647
4461.77979 0.907006
4462.43018 0.906367
4463.06006 0.905733
4463.70996 0.90509
4464.35010 0.904451
4464.99023 0.90381
4465.62012 0.903173
4466.27002 0.90253
4466.91016 0.901888
4467.54980 0.901245
4468.18994 0.900607
4468.83008 0.899963
4469.47021 0.899322
4470.10986 0.899025
4470.75977 0.900323
4471.39990 0.901621
4472.04004 0.902919
4472.68018 0.904208
4473.31982 0.905508
4473.95996 0.906799
4474.60986 0.908099
4475.25000 0.9094
4475.89990 0.9107
4476.54004 0.912002
4477.18018 0.913295
4477.81982 0.914597
4478.47021 0.9159
4479.10986 0.917202
4479.75000 0.918496
4480.39014 0.918795
4481.04004 0.918452
4481.68018 0.918113
4482.31982 0.91777
4482.97021 0.917428
4483.60986 0.917084
4484.25000 0.916744
4484.89990 0.916401
4485.54004 0.91606
4486.18018 0.915716
4486.83008 0.915372
4487.47021 0.915029
4488.10986 0.914687
4488.75977 0.914342
4489.39990 0.913997
4490.04980 0.913773
4490.68994 0.914945
4491.33984 0.916128
4491.97998 0.917312
4492.62988 0.918496
4493.27002 0.91967
4493.91992 0.920855
4494.56006 0.922038
4495.20996 0.923213
4495.85010 0.9244
4496.50000 0.925586
4497.14014 0.926762
4497.79004 0.927949
4498.43994 0.929136
4499.08008 0.930323
4499.72021 0.9315
4500.37012 0.931115
4501.02002 0.929561
