threeML/data/optical_filters/HST/ACS_WFC-F475W_77.ecsv
# %ECSV 0.9
# ---
# datatype:
# - {name: wavelength, unit: Angstrom, datatype: float32}
# - {name: response, datatype: float32}
# meta: !!omap
# - {band_name: F475W_77}
# - {group_name: ACS_WFC}
wavelength response
[from data line 1598]
4569.93994 0.852708
4570.43994 0.852473
4570.93994 0.852216
4571.45020 0.851957
4571.95020 0.851701
4572.45020 0.851442
4572.95020 0.851184
4573.45020 0.850928
4573.95020 0.850672
4574.45020 0.850414
4574.95996 0.850155
4575.45996 0.849898
4575.95996 0.849639
4576.45996 0.849381
4576.95996 0.849123
4577.45996 0.848866
4577.95996 0.848608
4578.47021 0.848349
4578.97021 0.848091
4579.47021 0.847832
4579.97021 0.847573
4580.47998 0.847637
4580.97998 0.84772
4581.47998 0.847802
4581.97998 0.847885
4582.47998 0.847968
4582.97998 0.848052
4583.49023 0.848135
4583.99023 0.848218
4584.49023 0.848301
4584.99023 0.848384
4585.50000 0.848467
4586.00000 0.84855
4586.50000 0.848632
4587.00000 0.848714
4587.50977 0.848797
4588.00977 0.84888
4588.50977 0.848962
4589.00977 0.849045
4589.52002 0.849128
4590.02002 0.849206
4590.52002 0.849193
4591.02979 0.84918
4591.52979 0.849167
4592.02979 0.849155
4592.54004 0.849143
4593.04004 0.84913
4593.54980 0.849116
4594.04980 0.849103
4594.54980 0.849091
4595.04980 0.849079
4595.56006 0.849066
4596.06006 0.849052
4596.56006 0.849039
4597.06982 0.849025
4597.56982 0.849012
4598.06982 0.848998
4598.58008 0.848985
4599.08984 0.848971
4599.58984 0.848958
4600.08984 0.84904
4600.60010 0.849554
4601.10010 0.850067
4601.60986 0.85058
4602.10986 0.85109
4602.60986 0.851603
4603.12012 0.852116
4603.62012 0.852627
4604.12988 0.853139
4604.62988 0.853651
4605.14014 0.854164
4605.64014 0.854675
4606.14990 0.855188
4606.64990 0.855699
4607.14990 0.856212
4607.66016 0.856726
4608.16992 0.857241
4608.66992 0.857754
4609.16992 0.858264
4609.68018 0.858779
4610.18994 0.859116
4610.68994 0.859147
4611.20020 0.859178
4611.70020 0.859208
4612.20996 0.859239
4612.72021 0.859269
4613.22021 0.8593
4613.72021 0.85933
4614.22998 0.859362
4614.74023 0.859393
4615.24023 0.859424
4615.74023 0.859455
4616.25000 0.859485
4616.75977 0.859515
4617.25977 0.859545
4617.77002 0.859577
4618.27979 0.859607
4618.77979 0.859638
4619.29004 0.859668
4619.79980 0.859698
4620.29980 0.860068
4620.81006 0.860664
4621.31006 0.861262
4621.81982 0.861861
4622.33008 0.862457
4622.83984 0.863057
4623.33984 0.863655
4623.85010 0.864255
4624.35010 0.864851
4624.85986 0.86545
4625.37012 0.866048
4625.87012 0.86665
4626.37988 0.867246
4626.89014 0.867846
4627.39990 0.868446
4627.89990 0.869047
4628.41016 0.869645
4628.91992 0.870251
4629.43018 0.870852
4629.93018 0.871447
4630.43994 0.871917
4630.95020 0.872366
4631.45996 0.872816
4631.95996 0.873261
4632.47021 0.873709
4632.97998 0.874158
4633.49023 0.874608
4633.99023 0.875054
4634.50000 0.875504
4635.00977 0.875953
4635.52002 0.876402
4636.02002 0.876851
4636.52979 0.877301
4637.04004 0.877749
4637.54980 0.878197
4638.06006 0.878647
4638.56982 0.879096
4639.06982 0.879545
4639.58008 0.879994
4640.08984 0.880422
4640.60010 0.880737
4641.10010 0.881053
4641.60986 0.881371
4642.12012 0.881689
4642.62988 0.882005
4643.14014 0.882322
4643.64990 0.882639
4644.16016 0.882956
4644.66992 0.883276
4645.18018 0.883593
4645.68994 0.883911
4646.20020 0.884229
4646.70996 0.884546
4647.22021 0.884865
4647.72998 0.885183
4648.22998 0.8855
4648.74023 0.885817
4649.25000 0.886136
4649.75977 0.886455
4650.27002 0.886748
4650.77979 0.887022
4651.29004 0.887297
4651.79980 0.887573
4652.31006 0.887848
4652.81982 0.888121
4653.33008 0.888396
4653.83984 0.88867
4654.35010 0.888945
4654.85986 0.88922
4655.37012 0.889495
4655.87988 0.88977
4656.39014 0.890045
4656.89990 0.890321
4657.41016 0.890596
4657.91992 0.890871
4658.43018 0.891146
4658.93994 0.891421
4659.45020 0.891697
4659.97021 0.891972
4660.47021 0.892497
4660.97998 0.89304
4661.49023 0.893585
4662.00977 0.89413
4662.52002 0.894672
4663.02979 0.895218
4663.54004 0.895766
4664.04980 0.896307
4664.56006 0.896853
4665.06982 0.897399
4665.58984 0.897946
4666.10010 0.898494
4666.60986 0.899037
4667.12012 0.899583
4667.62988 0.900126
4668.14014 0.900673
4668.64990 0.901218
4669.16992 0.901765
4669.68018 0.90231
4670.18994 0.9027
4670.70020 0.902821
4671.20996 0.902941
4671.72021 0.903061
4672.22998 0.903181
4672.75000 0.903302
4673.25977 0.903422
4673.77002 0.903541
4674.27979 0.903662
4674.79980 0.903782
4675.31006 0.903902
4675.81982 0.904024
4676.33984 0.904144
4676.85010 0.904264
4677.35986 0.904384
4677.87012 0.904505
4678.39014 0.904625
4678.89990 0.904744
4679.41016 0.904864
4679.91992 0.904985
4680.43994 0.90489
4680.95020 0.904757
4681.45996 0.904626
4681.97998 0.904494
4682.49023 0.904362
4683.00000 0.904231
4683.50977 0.904097
4684.02979 0.903963
4684.54004 0.90383
4685.04980 0.903698
4685.56982 0.903565
4686.08008 0.903431
4686.60010 0.903298
4687.10986 0.903166
4687.62012 0.903033
4688.14014 0.902899
4688.64990 0.902765
4689.16016 0.902633
4689.68018 0.902499
4690.18994 0.902405
4690.70020 0.902377
4691.22021 0.902349
4691.72998 0.90232
4692.25000 0.902293
4692.75977 0.902266
4693.27979 0.902238
4693.79004 0.90221
4694.31006 0.902182
4694.81982 0.902154
4695.33984 0.902126
4695.85010 0.902097
4696.35986 0.902069
4696.87988 0.902041
4697.39014 0.902013
4697.91016 0.901985
4698.41992 0.901957
4698.93994 0.901929
4699.45020 0.9019
4699.97021 0.901871
4700.47998 0.901913
4701.00000 0.90196
4701.50977 0.902006
4702.02979 0.902052
4702.54004 0.902098
4703.06006 0.902144
4703.58008 0.902192
4704.08984 0.902238
4704.60986 0.902285
4705.12012 0.902331
4705.64014 0.902377
4706.14990 0.902424
4706.66992 0.90247
4707.18018 0.902516
4707.70020 0.902562
4708.20996 0.902607
4708.72998 0.902653
4709.25000 0.902699
4709.75977 0.902744
4710.27979 0.90295
4710.79980 0.903292
4711.31006 0.903634
4711.83008 0.903976
4712.35010 0.904318
4712.85986 0.904661
4713.37988 0.905005
4713.89990 0.905347
4714.41016 0.905689
4714.93018 0.90603
4715.43994 0.906372
4715.95996 0.906712
4716.47998 0.907055
4716.99023 0.907396
4717.50977 0.907735
4718.02979 0.908077
4718.54980 0.908419
4719.06006 0.908761
4719.58008 0.909103
4720.10010 0.90932
4720.60986 0.90899
4721.12988 0.908661
4721.64990 0.908333
4722.16992 0.908003
4722.68994 0.907674
4723.20020 0.907345
4723.72021 0.907016
4724.24023 0.906686
4724.75977 0.906357
4725.27002 0.906028
4725.79004 0.905697
4726.31006 0.905366
4726.83008 0.905034
4727.33984 0.904703
4727.85986 0.904372
4728.37988 0.904039
4728.89990 0.90371
4729.41992 0.90338
4729.93994 0.903048
4730.45020 0.903118
4730.97021 0.903245
4731.49023 0.903373
4732.00977 0.903501
4732.52979 0.903629
4733.04980 0.903757
4733.56006 0.903885
4734.08008 0.904013
4734.60010 0.90414
4735.12012 0.904266
4735.64014 0.904394
4736.16016 0.904523
4736.68018 0.904651
4737.20020 0.904778
4737.72021 0.904906
4738.24023 0.905034
4738.75000 0.905161
4739.27002 0.905288
4739.79980 0.905416
4740.31006 0.90543
4740.83008 0.905368
4741.35010 0.905307
4741.87988 0.905245
4742.39014 0.905183
4742.91016 0.905121
4743.43018 0.90506
4743.95020 0.904999
4744.47021 0.904936
4744.99023 0.904873
4745.50977 0.904811
4746.02979 0.904748
4746.54980 0.904687
4747.06982 0.904625
4747.58984 0.904562
4748.10986 0.904499
4748.62988 0.904437
4749.14990 0.904374
4749.68018 0.904312
4750.18994 0.904493
4750.72021 0.905086
4751.24023 0.905678
4751.75977 0.906268
4752.27002 0.906858
4752.79980 0.90745
4753.31982 0.908044
4753.83984 0.908637
4754.35986 0.909224
4754.87988 0.909818
4755.39990 0.910412
4755.91992 0.911007
4756.43994 0.911599
4756.97021 0.912194
4757.49023 0.912787
4758.00977 0.913378
4758.52979 0.913973
4759.04980 0.914568
4759.56982 0.915162
4760.10010 0.91565
4760.62012 0.91567
4761.14014 0.91569
4761.66016 0.91571
4762.18018 0.915729
4762.70020 0.915749
4763.22998 0.915769
4763.75000 0.915788
4764.27002 0.915807
4764.79004 0.915826
4765.31006 0.915845
4765.83984 0.915865
4766.35986 0.915884
4766.87988 0.915904
4767.39990 0.915923
4767.93018 0.915941
4768.45020 0.915961
4768.97021 0.91598
4769.49023 0.915999
4770.02002 0.916039
4770.54004 0.916681
4771.06006 0.917326
4771.58008 0.91797
4772.10986 0.918616
4772.62988 0.919263
4773.14990 0.919906
4773.66992 0.920549
4774.20020 0.921197
4774.72021 0.921844
4775.24023 0.922489
4775.77002 0.923137
4776.29004 0.923785
4776.81982 0.924433
4777.33984 0.925081
4777.85986 0.925727
4778.39014 0.926376
4778.91016 0.927026
4779.43994 0.927671
4779.95996 0.92832
4780.47998 0.928334
4781.00977 0.928296
4781.52979 0.928259
4782.06006 0.928221
4782.58008 0.928183
4783.10010 0.928146
4783.62012 0.928107
4784.14990 0.928069
4784.68018 0.92803
4785.20020 0.927992
4785.72021 0.927955
4786.25000 0.927917
4786.77002 0.927878
4787.29980 0.92784
4787.81982 0.927801
4788.35010 0.927763
4788.87988 0.927725
4789.39990 0.927687
4789.91992 0.927649
4790.45020 0.927805
4790.97021 0.927996
4791.49023 0.928185
4792.02002 0.928376
4792.54980 0.928567
4793.06982 0.928757
4793.60010 0.928949
4794.12012 0.929139
4794.64990 0.92933
4795.16992 0.92952
4795.70020 0.92971
4796.22998 0.929901
4796.75000 0.930093
4797.27979 0.930283
4797.79980 0.930474
4798.33008 0.930666
4798.85010 0.930857
4799.37988 0.931047
4799.91016 0.931239
4800.43018 0.931316
4800.95996 0.931368
4801.47998 0.931419
4802.00977 0.93147
4802.54004 0.931522
4803.06006 0.931573
4803.58984 0.931626
4804.12012 0.931678
4804.64014 0.931729
4805.16992 0.93178
4805.68994 0.931832
4806.22021 0.931884
4806.75000 0.931936
4807.27979 0.931987
4807.79980 0.932039
4808.33008 0.932091
4808.85010 0.932144
4809.37988 0.932196
4809.91016 0.932247
4810.43994 0.932393
4810.95996 0.932556
4811.49023 0.932722
4812.02002 0.932888
4812.54980 0.933054
4813.06982 0.933218
4813.60010 0.933384
4814.12988 0.93355
4814.64990 0.933716
4815.18018 0.933883
4815.70996 0.934049
4816.24023 0.934215
4816.77002 0.93438
4817.29980 0.934546
4817.81982 0.934711
4818.35010 0.934878
4818.87988 0.935044
4819.41016 0.93521
4819.93018 0.935375
4820.45996 0.935171
4820.99023 0.934917
4821.52002 0.93466
4822.04980 0.934403
4822.58008 0.934148
4823.10010 0.933892
4823.64014 0.933635
4824.16016 0.933378
4824.68994 0.933123
4825.22021 0.932864
4825.75000 0.932606
4826.27979 0.93235
4826.81006 0.932094
4827.33984 0.931836
4827.85986 0.931579
4828.39014 0.931321
4828.91992 0.931063
4829.45020 0.930804
4829.97998 0.930546
4830.50977 0.930619
4831.04004 0.930703
4831.56982 0.930785
4832.10010 0.930867
4832.62988 0.93095
4833.16016 0.931033
4833.68994 0.931115
4834.22021 0.931197
4834.75000 0.93128
4835.27979 0.931363
4835.81006 0.931445
4836.33984 0.931527
4836.87012 0.931609
4837.39990 0.931691
4837.93018 0.931773
4838.45996 0.931856
4838.99023 0.931939
4839.52002 0.932022
4840.04980 0.932085
4840.58008 0.93194
4841.10986 0.931796
4841.64014 0.931651
4842.16992 0.931506
4842.70020 0.931362
4843.22998 0.931218
4843.77002 0.931073
4844.29004 0.930929
4844.83008 0.930783
4845.35986 0.930638
4845.89014 0.930493
4846.41992 0.930348
4846.95020 0.930203
4847.47998 0.930057
4848.00977 0.929912
4848.54004 0.929768
4849.06982 0.929623
4849.60010 0.929479
4850.14014 0.929416
4850.66992 0.929596
4851.20020 0.929776
4851.72998 0.929957
4852.25977 0.930136
4852.79980 0.930318
4853.33008 0.930498
4853.85986 0.930678
4854.39014 0.930858
4854.93018 0.931037
4855.45996 0.931218
4855.97998 0.931397
4856.52002 0.931578
4857.04980 0.93176
4857.58984 0.93194
4858.10986 0.932119
4858.64990 0.9323
4859.18018 0.932481
4859.70996 0.932662
4860.24023 0.93268
4860.77979 0.932505
4861.31006 0.932331
4861.83984 0.932157
4862.37988 0.931982
4862.91016 0.931807
4863.43994 0.931632
4863.97998 0.931458
4864.50977 0.931283
4865.04004 0.931108
4865.58008 0.930932
4866.10986 0.930756
4866.64014 0.930582
4867.18018 0.930406
4867.70996 0.930231
4868.24023 0.930055
4868.77002 0.92988
4869.31006 0.929704
4869.83984 0.929528
4870.37988 0.929534
4870.91016 0.929618
4871.43994 0.929701
4871.97998 0.929783
4872.50977 0.929867
4873.04980 0.929951
4873.58008 0.930034
4874.10986 0.930118
4874.64990 0.930202
4875.18994 0.930286
4875.72021 0.930368
4876.25000 0.930452
4876.79004 0.930535
4877.31982 0.930619
4877.85010 0.9307
4878.39014 0.930785
4878.91992 0.930869
4879.45996 0.930953
4879.99023 0.931036
4880.52002 0.931139
4881.06006 0.931242
4881.60010 0.931345
4882.12988 0.931448
4882.66992 0.931552
4883.20020 0.931657
4883.74023 0.93176
4884.27002 0.931862
4884.81006 0.931965
4885.35010 0.932068
4885.87988 0.932171
4886.41016 0.932276
4886.95020 0.932379
4887.47998 0.932483
4888.02002 0.932586
4888.56006 0.932688
4889.08984 0.932791
4889.62988 0.932895
4890.16016 0.933085
4890.70020 0.933465
4891.24023 0.933847
4891.77002 0.934225
4892.31006 0.934607
4892.85010 0.934991
4893.37988 0.935374
4893.91992 0.935754
4894.45996 0.936137
4894.99023 0.93652
4895.52979 0.936901
4896.06006 0.937282
4896.60010 0.937664
4897.14014 0.938047
4897.66992 0.938427
4898.20996 0.938812
4898.75000 0.939195
4899.27979 0.939578
4899.81982 0.939958
4900.35986 0.940304
4900.89014 0.940627
4901.43018 0.94095
4901.97021 0.941273
4902.50977 0.941596
4903.04980 0.941918
4903.58008 0.942239
4904.12012 0.942563
4904.64990 0.942887
4905.18994 0.943211
4905.72998 0.943532
4906.27002 0.943856
4906.81006 0.94418
4907.33984 0.944504
4907.87988 0.944825
4908.41992 0.945149
4908.95020 0.945474
4909.49023 0.945799
4910.02979 0.946143
4910.56982 0.946797
4911.10986 0.947452
4911.64990 0.948101
4912.18018 0.948757
4912.72998 0.949417
4913.25977 0.95007
4913.79980 0.950726
4914.33984 0.951382
4914.87988 0.952036
4915.41992 0.952689
4915.95996 0.953345
4916.50000 0.954005
4917.02979 0.954664
4917.56982 0.955318
4918.10986 0.955972
4918.64990 0.95663
4919.18994 0.957289
4919.72998 0.957945
4920.27002 0.958307
4920.81006 0.958364
4921.35010 0.958421
4921.89014 0.958478
4922.43018 0.958535
4922.97021 0.958592
4923.50977 0.958649
4924.04004 0.958705
4924.58008 0.958763
4925.12012 0.958821
4925.66016 0.958877
4926.20020 0.958934
4926.74023 0.958991
4927.27979 0.959048
4927.81982 0.959104
4928.35986 0.959162
4928.89990 0.95922
4929.43994 0.959278
4929.97998 0.959334
4930.52002 0.95943
4931.06006 0.959527
4931.60986 0.959624
4932.14014 0.95972
4932.68018 0.959818
4933.22998 0.959915
4933.77002 0.960012
4934.31006 0.960109
4934.85010 0.960206
4935.39014 0.960304
4935.93018 0.960401
4936.47021 0.960498
4937.00977 0.960593
4937.54980 0.960691
4938.08984 0.960788
4938.62988 0.960886
4939.18018 0.960983
4939.70996 0.961079
4940.25977 0.961323
4940.79980 0.961732
4941.33984 0.962142
4941.87988 0.962552
4942.43018 0.962961
4942.97021 0.963371
4943.50977 0.96378
4944.04980 0.964186
4944.58984 0.964596
4945.12988 0.965006
4945.68018 0.965419
4946.22021 0.965827
4946.75977 0.966236
4947.29980 0.966646
4947.85010 0.967056
4948.37988 0.967463
4948.93018 0.967877
4949.47021 0.968286
4950.00977 0.968691
4950.56006 0.968825
4951.10010 0.968959
4951.64014 0.969091
4952.18018 0.969224
4952.72998 0.969357
4953.27002 0.969489
4953.81006 0.969622
4954.35010 0.969755
4954.89990 0.969889
4955.43994 0.970022
4955.97998 0.970155
4956.52002 0.970288
4957.06982 0.970422
4957.60986 0.970554
4958.14990 0.970687
4958.70020 0.970821
4959.24023 0.970955
4959.79004 0.971089
4960.33008 0.97121
4960.87012 0.971324
4961.41992 0.971438
4961.95996 0.971551
4962.50977 0.971666
4963.04980 0.971781
4963.58984 0.971894
4964.14014 0.972008
4964.68018 0.972122
4965.22998 0.972237
4965.77002 0.972351
4966.31006 0.972465
4966.85986 0.972579
4967.39990 0.972693
4967.95020 0.972808
4968.49023 0.972922
4969.02979 0.973036
4969.58008 0.97315
4970.12012 0.973262
4970.66992 0.973363
4971.22021 0.973463
4971.75977 0.973563
4972.29980 0.973662
4972.85010 0.973763
4973.39014 0.973864
4973.93994 0.973964
4974.47998 0.974063
4975.02979 0.974164
4975.56982 0.974263
4976.12012 0.974364
4976.66016 0.974464
4977.20996 0.974565
4977.75000 0.974665
4978.29980 0.974765
4978.85010 0.974865
4979.39014 0.974965
4979.93994 0.975065
4980.47998 0.975184
4981.02979 0.975309
4981.58008 0.975432
4982.12012 0.975555
4982.66992 0.975679
4983.20996 0.975801
4983.75977 0.975924
4984.31006 0.976047
4984.85010 0.976171
4985.39990 0.976294
4985.93994 0.976416
4986.49023 0.97654
4987.04004 0.976663
4987.58008 0.976786
4988.12988 0.97691
4988.66992 0.977034
4989.22021 0.977158
4989.77002 0.977281
