threeML/data/optical_filters/HST/ACS_WFC-F814W_77.ecsv
# %ECSV 0.9
# ---
# datatype:
# - {name: wavelength, unit: Angstrom, datatype: float32}
# - {name: response, datatype: float32}
# meta: !!omap
# - {band_name: F814W_77}
# - {group_name: ACS_WFC}
wavelength response
[from data line 785]
7322.14990 0.941796
7322.85986 0.941075
7323.58008 0.940354
7324.27979 0.939641
7325.00000 0.938921
7325.72021 0.938199
7326.43018 0.937482
7327.14014 0.93676
7327.85986 0.936038
7328.56982 0.935321
7329.29004 0.9346
7330.00000 0.933885
7330.70996 0.935241
7331.43018 0.93661
7332.14990 0.93798
7332.85986 0.939347
7333.58008 0.940714
7334.29004 0.942067
7335.00000 0.943436
7335.72021 0.944797
7336.43018 0.946166
7337.14990 0.947536
7337.85986 0.948895
7338.58008 0.950263
7339.29980 0.951631
7340.00977 0.95297
7340.72021 0.952626
7341.43994 0.952284
7342.16016 0.951942
7342.87988 0.951597
7343.58984 0.951259
7344.29980 0.950916
7345.02002 0.950571
7345.72998 0.950232
7346.45020 0.949889
7347.16992 0.949548
7347.87988 0.949203
7348.60010 0.94886
7349.31006 0.948521
7350.02979 0.948184
7350.75000 0.947953
7351.47021 0.94772
7352.18994 0.947489
7352.89990 0.947261
7353.60986 0.94703
7354.33008 0.946798
7355.04980 0.946567
7355.77002 0.946337
7356.47998 0.946106
7357.20020 0.945875
7357.91992 0.945644
7358.62988 0.945415
7359.35010 0.945183
7360.06982 0.945063
7360.79004 0.946018
7361.50977 0.946971
7362.22998 0.947925
7362.93994 0.948869
7363.66016 0.949823
7364.37012 0.950771
7365.08984 0.951723
7365.81006 0.952679
7366.52979 0.953628
7367.25000 0.954582
7367.95996 0.955526
7368.68018 0.95648
7369.39990 0.957434
7370.12012 0.957986
7370.83984 0.95652
7371.56006 0.955055
7372.27002 0.953606
7372.99023 0.952142
7373.70996 0.950683
7374.43018 0.949216
7375.14990 0.947751
7375.87012 0.946292
7376.58984 0.944825
7377.31006 0.943358
7378.02002 0.941908
7378.74023 0.940441
7379.45996 0.938973
7380.18994 0.938638
7380.91016 0.941581
7381.62012 0.944492
7382.33984 0.947433
7383.06006 0.950376
7383.77979 0.953301
7384.50000 0.956244
7385.22021 0.95917
7385.93994 0.962111
7386.66016 0.96505
7387.37988 0.967958
7388.10010 0.970897
7388.81982 0.973837
7389.54004 0.976775
7390.25977 0.978262
7390.97998 0.977239
7391.70020 0.976205
7392.41992 0.975171
7393.14014 0.974142
7393.85986 0.973106
7394.58984 0.972071
7395.31006 0.971042
7396.02979 0.970006
7396.74023 0.968981
7397.47021 0.967944
7398.18994 0.966908
7398.91016 0.96587
7399.62988 0.964833
7400.35986 0.964183
7401.06982 0.963933
7401.79980 0.963679
7402.52002 0.963428
7403.24023 0.963175
7403.95996 0.962922
7404.68018 0.96267
7405.39990 0.962416
7406.12988 0.962163
7406.83984 0.961915
7407.56982 0.961661
7408.29004 0.961408
7409.02002 0.961155
7409.74023 0.960902
7410.45996 0.960782
7411.18018 0.960735
7411.89990 0.960689
7412.62012 0.960642
7413.35010 0.960595
7414.06982 0.960549
7414.79004 0.960501
7415.52002 0.960455
7416.22998 0.960409
7416.95996 0.960362
7417.68018 0.960314
7418.41016 0.960267
7419.12988 0.960221
7419.85010 0.960174
7420.58008 0.96067
7421.29980 0.961307
7422.02002 0.961941
7422.75000 0.962577
7423.47021 0.963214
7424.18994 0.963846
7424.91992 0.964481
7425.64014 0.965111
7426.35986 0.965747
7427.08984 0.966382
7427.81006 0.967018
7428.54004 0.967654
7429.25977 0.968287
7429.97998 0.968919
7430.70996 0.969736
7431.43018 0.970553
7432.16016 0.971375
7432.89014 0.972197
7433.60986 0.973013
7434.33008 0.973833
7435.04980 0.974645
7435.77979 0.975468
7436.50977 0.976289
7437.22998 0.97711
7437.95996 0.977931
7438.68994 0.978751
7439.39990 0.979563
7440.12988 0.980156
7440.85010 0.979713
7441.58008 0.979267
7442.31006 0.978822
7443.02979 0.978378
7443.75977 0.977932
7444.49023 0.977487
7445.20996 0.977047
7445.93018 0.976602
7446.66016 0.976155
7447.39014 0.975709
7448.12012 0.975265
7448.83984 0.974825
7449.56006 0.97438
7450.29004 0.974892
7451.02002 0.976818
7451.74023 0.978754
7452.47021 0.980679
7453.20020 0.982616
7453.93018 0.984553
7454.64990 0.986469
7455.37012 0.988405
7456.10010 0.990342
7456.83008 0.992279
7457.56006 0.994214
7458.27979 0.996129
7459.00977 0.998065
7459.74023 1.0
7460.45996 0.99844
7461.18994 0.994891
7461.91992 0.991339
7462.64990 0.987809
7463.37988 0.984261
7464.10010 0.980752
7464.83008 0.977199
7465.56006 0.973651
7466.27979 0.970102
7467.02002 0.966552
7467.74023 0.963002
7468.47021 0.959493
7469.20020 0.955941
7469.91992 0.952412
7470.64990 0.952639
7471.37988 0.953319
7472.10986 0.953995
7472.83984 0.954675
7473.56982 0.955355
7474.29004 0.956026
7475.02002 0.956707
7475.75000 0.957386
7476.47998 0.958066
7477.20996 0.958745
7477.93994 0.959416
7478.66992 0.960097
7479.39990 0.960777
7480.12012 0.961697
7480.85010 0.963822
7481.58008 0.965938
7482.31006 0.968067
7483.04004 0.970193
7483.77002 0.972297
7484.50000 0.974426
7485.22998 0.976554
7485.95996 0.978682
7486.68994 0.980808
7487.41992 0.982912
7488.14990 0.985039
7488.87988 0.987167
7489.60986 0.989283
7490.33984 0.989667
7491.06982 0.988026
7491.79980 0.986394
7492.52979 0.984754
7493.25977 0.983132
7493.99023 0.981492
7494.72021 0.979851
7495.45020 0.978211
7496.18994 0.97657
7496.91992 0.97493
7497.64014 0.97331
7498.37012 0.97167
7499.10010 0.970039
7499.83984 0.9684
7500.56982 0.966674
7501.29980 0.964932
7502.02979 0.96318
7502.75977 0.961449
7503.49023 0.959699
7504.22021 0.957947
7504.95020 0.956196
7505.68994 0.954446
7506.41992 0.952695
7507.14990 0.950964
7507.87988 0.949212
7508.60986 0.947469
7509.33984 0.945717
7510.08008 0.944381
7510.81006 0.9465
7511.54004 0.948634
7512.27979 0.95077
7513.00000 0.952878
7513.74023 0.955011
7514.47021 0.957144
7515.20020 0.959276
7515.93994 0.961409
7516.66016 0.963517
7517.39990 0.965649
7518.12988 0.967781
7518.85986 0.969899
7519.60010 0.972029
7520.33008 0.972514
7521.06006 0.971007
7521.79980 0.969502
7522.52979 0.96801
7523.25977 0.9665
7524.00000 0.964993
7524.72998 0.963485
7525.47021 0.961977
7526.18994 0.960485
7526.93018 0.958972
7527.66992 0.957462
7528.39990 0.955961
7529.12988 0.95445
7529.87012 0.952938
7530.60010 0.952306
7531.33984 0.95186
7532.06006 0.951421
7532.79980 0.950976
7533.54004 0.950531
7534.27002 0.950085
7535.00977 0.94964
7535.75000 0.949197
7536.47021 0.948756
7537.20996 0.94831
7537.93994 0.947868
7538.68018 0.947424
7539.41992 0.946981
7540.14990 0.946576
7540.89014 0.946315
7541.62012 0.946055
7542.35010 0.945799
7543.08984 0.945539
7543.81982 0.945279
7544.56006 0.945017
7545.29980 0.944757
7546.02979 0.944503
7546.77002 0.94424
7547.50000 0.943979
7548.24023 0.943721
7548.97998 0.943461
7549.70996 0.943201
7550.45020 0.94212
7551.18018 0.940501
7551.91016 0.938901
7552.64990 0.937284
7553.39014 0.935665
7554.12988 0.934047
7554.87012 0.93243
7555.60010 0.930831
7556.33008 0.929212
7557.06982 0.927593
7557.81006 0.925984
7558.54980 0.924367
7559.27979 0.922748
7560.02002 0.921197
7560.75977 0.921917
7561.49023 0.922629
7562.22998 0.923349
7562.97021 0.924069
7563.70020 0.924788
7564.43994 0.925508
7565.18018 0.926228
7565.91016 0.92694
7566.64990 0.927657
7567.39014 0.928371
7568.12988 0.92909
7568.87012 0.929809
7569.60010 0.930523
7570.33984 0.931519
7571.06982 0.932822
7571.81006 0.934142
7572.56006 0.935459
7573.29980 0.936775
7574.02979 0.938092
7574.77002 0.939411
7575.50977 0.940712
7576.25000 0.942027
7576.97998 0.943337
7577.72021 0.944654
7578.45996 0.94597
7579.20020 0.947278
7579.93994 0.948591
7580.68018 0.947692
7581.41016 0.946612
7582.16016 0.945518
7582.89990 0.944425
7583.64014 0.943333
7584.37988 0.942241
7585.10986 0.94116
7585.85010 0.940066
7586.58984 0.938974
7587.33008 0.937889
7588.06982 0.936794
7588.81006 0.935706
7589.54980 0.934614
7590.29004 0.933589
7591.02979 0.932677
7591.77002 0.931756
7592.50977 0.930834
7593.25000 0.929911
7593.99023 0.928988
7594.72998 0.928079
7595.47021 0.927158
7596.20996 0.926235
7596.95020 0.925318
7597.68994 0.924397
7598.43994 0.923476
7599.16992 0.922559
7599.91992 0.921638
7600.64990 0.923624
7601.39014 0.92601
7602.14014 0.928396
7602.87988 0.930781
7603.62012 0.933169
7604.37012 0.935555
7605.10010 0.937911
7605.83984 0.940298
7606.58008 0.942671
7607.33008 0.945058
7608.06982 0.947445
7608.81006 0.949819
7609.54980 0.952205
7610.29980 0.95228
7611.02979 0.948895
7611.77002 0.945471
7612.52002 0.942049
7613.25977 0.938627
7614.00977 0.935204
7614.74023 0.931824
7615.49023 0.928403
7616.22998 0.92498
7616.97021 0.921581
7617.72021 0.918161
7618.45996 0.914762
7619.20020 0.911346
7619.93994 0.907926
7620.68018 0.910959
7621.43018 0.914556
7622.16992 0.918155
7622.91016 0.92175
7623.66016 0.925348
7624.39990 0.928902
7625.14014 0.932498
7625.89014 0.936095
7626.62988 0.939671
7627.37012 0.943267
7628.12012 0.94686
7628.85986 0.950435
7629.60010 0.954029
7630.33984 0.956112
7631.08984 0.956509
7631.83008 0.956904
7632.58008 0.9573
7633.33008 0.957696
7634.06982 0.958092
7634.81006 0.958481
7635.56006 0.958876
7636.29980 0.959271
7637.04004 0.959666
7637.79004 0.960061
7638.52979 0.960453
7639.27979 0.960847
7640.02002 0.961239
7640.75977 0.961596
7641.50977 0.961953
7642.25977 0.96231
7643.00000 0.962668
7643.75000 0.963022
7644.49023 0.963375
7645.24023 0.963731
7645.97998 0.964084
7646.72998 0.964441
7647.47021 0.964797
7648.22021 0.96515
7648.95996 0.965503
7649.70996 0.96586
7650.45020 0.966799
7651.20020 0.968128
7651.95020 0.969459
7652.68994 0.970788
7653.43994 0.972117
7654.18018 0.973431
7654.93018 0.974761
7655.68018 0.976088
7656.41992 0.977408
7657.16992 0.978737
7657.91016 0.980059
7658.66016 0.981386
7659.41016 0.982714
7660.14990 0.983602
7660.89990 0.982813
7661.64990 0.982023
7662.39990 0.981233
7663.14990 0.980442
7663.89014 0.979661
7664.62988 0.978872
7665.37988 0.978083
7666.12988 0.977298
7666.87988 0.976508
7667.62988 0.975718
7668.37012 0.974933
7669.12012 0.974144
7669.85986 0.973364
7670.60986 0.972919
7671.35986 0.97255
7672.10986 0.972181
7672.85986 0.971812
7673.60986 0.971442
7674.35010 0.971077
7675.10010 0.970708
7675.85010 0.97034
7676.60010 0.969972
7677.35010 0.969603
7678.08984 0.969236
7678.83984 0.968867
7679.60010 0.968498
7680.33984 0.968301
7681.08984 0.968306
7681.83984 0.968313
7682.58984 0.968319
7683.33984 0.968325
7684.08008 0.968332
7684.83008 0.968335
7685.58008 0.968341
7686.33008 0.968347
7687.08008 0.968352
7687.83008 0.968358
7688.58008 0.968363
7689.33008 0.968369
7690.06982 0.968184
7690.83008 0.966277
7691.58008 0.964368
7692.33008 0.962461
7693.08008 0.960556
7693.81982 0.958668
7694.58008 0.956761
7695.33008 0.954854
7696.08008 0.952957
7696.83008 0.951051
7697.58008 0.949144
7698.33008 0.947248
7699.08008 0.945343
7699.81982 0.94346
7700.58008 0.943623
7701.33008 0.944416
7702.08008 0.945208
7702.83008 0.946
7703.58984 0.946793
7704.33008 0.947577
7705.08008 0.948369
7705.83008 0.949156
7706.58984 0.949947
7707.33984 0.950738
7708.08984 0.951525
7708.83984 0.952317
7709.58984 0.953099
7710.33984 0.952821
7711.08984 0.951245
7711.85010 0.949667
7712.60010 0.94809
7713.35010 0.946514
7714.10010 0.944952
7714.85010 0.943378
7715.60010 0.941811
7716.35986 0.940236
7717.10986 0.938662
7717.85986 0.937094
7718.60986 0.935519
7719.37012 0.933945
7720.10986 0.932755
7720.87012 0.933582
7721.62012 0.934406
7722.37988 0.935232
7723.12988 0.936056
7723.87988 0.936872
7724.64014 0.937695
7725.39014 0.938518
7726.14014 0.939337
7726.89990 0.940161
7727.64990 0.94098
7728.39990 0.941803
7729.16016 0.942624
7729.89990 0.943438
7730.66016 0.941734
7731.41016 0.939659
7732.16992 0.937585
7732.93018 0.935509
7733.66992 0.933458
7734.43018 0.931384
7735.18018 0.929311
7735.93994 0.92725
7736.68994 0.925176
7737.45020 0.923104
7738.20020 0.921043
7738.95996 0.918972
7739.70020 0.916923
7740.45996 0.916365
7741.22021 0.916782
7741.97021 0.917197
7742.72998 0.917616
7743.49023 0.918033
7744.22998 0.918444
7744.99023 0.91886
7745.74023 0.919275
7746.50000 0.919691
7747.25977 0.920108
7748.00977 0.920521
7748.77002 0.920939
7749.52002 0.921355
7750.27002 0.92179
7751.02979 0.922274
7751.79004 0.92276
7752.54980 0.923243
7753.29980 0.923727
7754.04980 0.924205
7754.81006 0.924688
7755.56982 0.925173
7756.31982 0.925654
7757.08008 0.926136
7757.83008 0.926616
7758.58984 0.927099
7759.35010 0.927582
7760.10010 0.927775
7760.85986 0.9261
7761.62012 0.924425
7762.37988 0.922752
7763.12988 0.921078
7763.87988 0.919425
7764.64014 0.917753
7765.39990 0.916083
7766.16016 0.914424
7766.91016 0.912755
7767.66992 0.911087
7768.43018 0.909429
7769.18994 0.907764
7769.93994 0.906117
7770.70020 0.905474
7771.45996 0.90492
7772.22021 0.904367
7772.97998 0.903813
7773.74023 0.903259
7774.49023 0.902711
7775.25000 0.902156
7776.00000 0.901606
7776.75977 0.901052
7777.52002 0.900498
7778.27979 0.899947
7779.04004 0.899392
7779.79004 0.898844
7780.54980 0.898007
7781.31006 0.897062
7782.06982 0.896118
7782.83008 0.895172
7783.58984 0.894225
7784.33984 0.89329
7785.10010 0.892344
7785.85986 0.891404
7786.62012 0.890459
7787.37988 0.889513
7788.14014 0.888573
7788.89990 0.887628
7789.66016 0.886682
7790.41016 0.886854
7791.18018 0.887945
7791.93994 0.889034
7792.70020 0.890123
7793.45996 0.891213
7794.20996 0.89229
7794.97998 0.893379
7795.74023 0.894468
7796.49023 0.895551
7797.25977 0.896639
7798.00977 0.897722
7798.77002 0.898809
7799.54004 0.899897
7800.29004 0.900518
7801.04980 0.900416
7801.81982 0.900314
7802.58008 0.900212
7803.33984 0.90011
7804.10010 0.900009
7804.85986 0.899909
7805.62012 0.899805
7806.37988 0.899703
7807.14014 0.899601
7807.89990 0.899498
7808.66016 0.899397
7809.43018 0.899294
7810.18018 0.899233
7810.93994 0.899304
7811.70996 0.899375
7812.47021 0.899445
7813.22998 0.899516
7814.00000 0.899586
7814.75000 0.899657
7815.52002 0.899728
7816.27979 0.899797
7817.04004 0.899865
7817.79980 0.899936
7818.56006 0.900006
7819.33008 0.900075
7820.08984 0.900177
7820.85010 0.900527
7821.60986 0.90088
7822.37988 0.901233
7823.14014 0.901586
7823.89990 0.901938
7824.66016 0.902289
7825.43018 0.902641
7826.18994 0.902992
7826.95020 0.903343
7827.72021 0.903694
7828.47998 0.904044
7829.24023 0.904395
7830.00977 0.904745
7830.75977 0.904949
7831.52979 0.905154
7832.29004 0.905359
7833.06006 0.905563
7833.81982 0.905768
7834.58008 0.905968
7835.35010 0.906171
7836.10986 0.906375
7836.87012 0.906576
7837.64014 0.906779
7838.41016 0.906982
7839.16992 0.907184
7839.93018 0.907385
7840.68994 0.907816
7841.45996 0.908275
7842.22021 0.908732
7842.99023 0.909189
7843.75977 0.909647
7844.52002 0.910105
7845.27979 0.910558
7846.04980 0.911015
7846.81006 0.911469
7847.58008 0.911926
7848.33984 0.912383
7849.10986 0.912837
7849.87012 0.913293
7850.62988 0.913252
7851.39990 0.913109
7852.16992 0.912966
7852.93018 0.912824
7853.70020 0.912682
7854.47021 0.912538
7855.22998 0.912395
7855.99023 0.912253
7856.75977 0.91211
7857.52979 0.911966
7858.29004 0.911822
7859.06006 0.911678
7859.83008 0.911534
7860.58984 0.912555
7861.35010 0.913903
7862.12012 0.915264
7862.89014 0.916627
7863.66016 0.917987
7864.43018 0.919348
7865.18994 0.920693
7865.95996 0.922053
7866.72021 0.923413
7867.49023 0.924765
7868.25977 0.926125
7869.02002 0.927476
7869.79004 0.928834
7870.56006 0.928632
7871.31982 0.927858
7872.08984 0.927072
7872.85986 0.926288
7873.62988 0.925505
7874.39990 0.924721
7875.16016 0.923945
7875.93018 0.923164
7876.70020 0.922379
7877.45996 0.9216
7878.22998 0.920818
7879.00000 0.920035
7879.77002 0.919255
7880.54004 0.91901
7881.29980 0.918995
7882.06982 0.918979
7882.83984 0.918962
7883.60986 0.918946
7884.37988 0.91893
7885.14990 0.918913
7885.91016 0.918898
7886.68018 0.918881
7887.45020 0.918864
7888.22021 0.918847
7888.99023 0.91883
7889.75977 0.918814
7890.52979 0.918986
7891.29980 0.919244
7892.06006 0.919498
7892.83984 0.919756
7893.60986 0.920014
7894.37988 0.920272
7895.14990 0.92053
7895.91016 0.920783
7896.68018 0.92104
7897.45020 0.921297
7898.22021 0.921553
7898.99023 0.921808
7899.75977 0.922063
7900.52979 0.922001
7901.31006 0.921797
7902.06982 0.921596
7902.83984 0.921391
7903.60986 0.921187
7904.39014 0.920983
7905.16016 0.920779
7905.91992 0.920579
7906.68994 0.920374
7907.47021 0.920171
7908.24023 0.919968
7909.00977 0.919764
7909.77979 0.919559
7910.54980 0.91991
7911.31982 0.920482
7912.08984 0.921047
7912.85986 0.921619
7913.62988 0.922191
7914.41016 0.922764
7915.18018 0.923334
7915.95020 0.923904
7916.72021 0.924468
7917.49023 0.925039
