threeML/data/optical_filters/HST/ACS_SBC-F150LP.ecsv
# %ECSV 0.9
# ---
# datatype:
# - {name: wavelength, unit: Angstrom, datatype: float32}
# - {name: response, datatype: float32}
# meta: !!omap
# - {band_name: F150LP}
# - {group_name: ACS_SBC}
wavelength response
[from data line 1602]
1872.93005 0.149573
1873.25000 0.149177
1873.57996 0.148784
1873.90002 0.148388
1874.21997 0.147993
1874.55005 0.147596
1874.87000 0.147199
1875.19995 0.146826
1875.52002 0.146467
1875.84998 0.146109
1876.17004 0.145749
1876.48999 0.145388
1876.81995 0.145028
1877.14001 0.144667
1877.46997 0.144306
1877.79004 0.143942
1878.12000 0.143566
1878.43994 0.143166
1878.77002 0.142764
1879.08997 0.142373
1879.42004 0.142008
1879.73999 0.141644
1880.06995 0.141278
1880.39001 0.140913
1880.71997 0.140548
1881.04004 0.140181
1881.37000 0.139816
1881.68994 0.139449
1882.02002 0.139081
1882.33997 0.138714
1882.67004 0.138345
1882.98999 0.137977
1883.31995 0.137569
1883.65002 0.137159
1883.96997 0.136752
1884.30005 0.136378
1884.62000 0.136007
1884.94995 0.135636
1885.28003 0.135264
1885.59998 0.134891
1885.93005 0.134518
1886.25000 0.134146
1886.57996 0.133773
1886.91003 0.133399
1887.22998 0.133024
1887.56006 0.13265
1887.89001 0.132274
1888.20996 0.131873
1888.54004 0.131457
1888.85999 0.131043
1889.18994 0.130648
1889.52002 0.130271
1889.84998 0.129893
1890.17004 0.129516
1890.50000 0.129136
1890.82996 0.128757
1891.15002 0.128378
1891.47998 0.127996
1891.81006 0.127617
1892.13000 0.12722
1892.45996 0.126799
1892.79004 0.126377
1893.12000 0.125969
1893.43994 0.125588
1893.77002 0.125203
1894.09998 0.12482
1894.42004 0.124437
1894.75000 0.124053
1895.07996 0.123668
1895.41003 0.123281
1895.73999 0.122897
1896.06006 0.122507
1896.39001 0.122103
1896.71997 0.121701
1897.05005 0.121298
1897.38000 0.120903
1897.69995 0.120505
1898.03003 0.120108
1898.35999 0.119711
1898.68994 0.119313
1899.02002 0.118916
1899.34998 0.118517
1899.67004 0.118116
1900.00000 0.117718
1900.32996 0.117353
1900.66003 0.116987
1900.98999 0.11662
1901.31995 0.116257
1901.65002 0.115893
1901.96997 0.11553
1902.30005 0.115162
1902.63000 0.114793
1902.95996 0.114422
1903.29004 0.114055
1903.62000 0.113689
1903.94995 0.113323
1904.28003 0.112951
1904.60999 0.11258
1904.93994 0.112208
1905.27002 0.111835
1905.59998 0.111462
1905.93005 0.111088
1906.26001 0.110715
1906.58997 0.110345
1906.91003 0.109974
1907.23999 0.109599
1907.57996 0.109221
1907.90002 0.108845
1908.22998 0.108471
1908.56995 0.108097
1908.89001 0.107722
1909.21997 0.107344
1909.56006 0.106965
1909.88000 0.106585
1910.21997 0.106207
1910.55005 0.10583
1910.88000 0.105453
1911.20996 0.105072
1911.54004 0.10469
1911.87000 0.104306
1912.19995 0.103924
1912.53003 0.103539
1912.85999 0.103155
1913.18994 0.102771
1913.52002 0.10239
1913.84998 0.102008
1914.18005 0.101623
1914.51001 0.101237
1914.84998 0.100848
1915.18005 0.100464
1915.51001 0.100078
1915.83997 0.0996926
1916.17004 0.0993049
1916.50000 0.0989146
1916.82996 0.098525
1917.16003 0.0981324
1917.50000 0.0977406
1917.82996 0.0973495
1918.16003 0.0969573
1918.48999 0.0965694
1918.81995 0.0961796
1919.15002 0.0957874
1919.48999 0.0953911
1919.81995 0.0949957
1920.15002 0.0946028
1920.47998 0.0942092
1920.81995 0.0938165
1921.15002 0.0934226
1921.47998 0.0930221
1921.81006 0.0926247
1922.14001 0.0922275
1922.47998 0.0918333
1922.81006 0.0914374
1923.14001 0.0910378
1923.46997 0.0906379
1923.81006 0.0902349
1924.14001 0.0898358
1924.46997 0.0894372
1924.81006 0.089038
1925.14001 0.0886443
1925.46997 0.0882611
1925.80005 0.0878787
1926.14001 0.0874946
1926.46997 0.0871088
1926.80005 0.0867248
1927.14001 0.0863409
1927.46997 0.0859591
1927.80005 0.0855755
1928.14001 0.085192
1928.46997 0.0848031
1928.80005 0.0844161
1929.14001 0.0840293
1929.46997 0.0836444
1929.80005 0.0832602
1930.14001 0.0828712
1930.46997 0.0824804
1930.81006 0.0820892
1931.14001 0.0816963
1931.46997 0.0813053
1931.81006 0.0809127
1932.14001 0.0805212
1932.46997 0.0801317
1932.81006 0.0797418
1933.14001 0.0793507
1933.47998 0.078954
1933.81006 0.0785582
1934.15002 0.0781637
1934.47998 0.0777701
1934.81995 0.0773782
1935.15002 0.0769826
1935.47998 0.0765842
1935.81995 0.0761865
1936.15002 0.0757878
1936.48999 0.0753935
1936.82996 0.0749961
1937.16003 0.0745973
1937.48999 0.0741957
1937.82996 0.0737936
1938.16003 0.0733911
1938.50000 0.0729879
1938.82996 0.0725855
1939.17004 0.0721835
1939.51001 0.0717819
1939.83997 0.071381
1940.18005 0.0709774
1940.51001 0.0705725
1940.84998 0.0701644
1941.18005 0.0697596
1941.52002 0.0693561
1941.85999 0.0689523
1942.18994 0.0685465
1942.53003 0.0681372
1942.85999 0.0677259
1943.19995 0.067318
1943.54004 0.0669114
1943.87000 0.0665057
1944.20996 0.066094
1944.54004 0.0656827
1944.88000 0.0652696
1945.21997 0.0648546
1945.55005 0.0644404
1945.89001 0.0640257
1946.21997 0.0636148
1946.56006 0.0632022
1946.90002 0.0627903
1947.22998 0.0623759
1947.56995 0.0619573
1947.91003 0.0615406
1948.23999 0.0611255
1948.57996 0.0607109
1948.92004 0.0602959
1949.26001 0.0598789
1949.58997 0.0594641
1949.93005 0.0590461
1950.27002 0.0586351
1950.60999 0.0582265
1950.93994 0.0578162
1951.28003 0.0574091
1951.62000 0.057001
1951.94995 0.0565947
1952.29004 0.0561855
1952.63000 0.0557771
1952.96997 0.0553696
1953.31006 0.0549602
1953.64001 0.0545502
1953.97998 0.0541398
1954.31995 0.0537288
1954.66003 0.0533173
1954.98999 0.0529054
1955.32996 0.0524928
1955.67004 0.0520799
1956.01001 0.0516652
1956.34998 0.0512524
1956.68994 0.050838
1957.02002 0.0504241
1957.35999 0.0500074
1957.69995 0.0495913
1958.04004 0.0491747
1958.38000 0.0487562
1958.71997 0.0483401
1959.06006 0.0479212
1959.39001 0.047498
1959.72998 0.0470742
1960.06995 0.0466511
1960.41003 0.0462323
1960.75000 0.0458101
1961.08997 0.0453884
1961.43005 0.0449662
1961.77002 0.0445394
1962.10999 0.0441162
1962.44995 0.0436911
1962.79004 0.0432657
1963.12000 0.042841
1963.45996 0.0424131
1963.80005 0.0419861
1964.14001 0.0415586
1964.47998 0.0411307
1964.81995 0.0407022
1965.16003 0.0402718
1965.50000 0.0398438
1965.83997 0.0394139
1966.18005 0.0389849
1966.52002 0.0385541
1966.85999 0.0381213
1967.19995 0.0376908
1967.54004 0.0372571
1967.88000 0.0368256
1968.21997 0.036391
1968.56006 0.0359585
1968.90002 0.0355228
1969.23999 0.0350881
1969.58997 0.0346542
1969.93005 0.0342169
1970.27002 0.0337806
1970.60999 0.0333439
1970.94995 0.0329067
1971.29004 0.0324664
1971.63000 0.0320221
1971.96997 0.0315801
1972.31006 0.0311405
1972.65002 0.0307006
1972.98999 0.0302605
1973.33997 0.0298197
1973.67004 0.02938
1974.02002 0.0289361
1974.35999 0.0285046
1974.69995 0.0280713
1975.04004 0.0276456
1975.38000 0.0272878
1975.71997 0.0269284
1976.06995 0.0265696
1976.41003 0.0262131
1976.75000 0.0258572
1977.08997 0.025502
1977.43005 0.0251454
1977.78003 0.0247883
1978.12000 0.0244324
1978.45996 0.0240794
1978.80005 0.0237259
1979.14001 0.0233699
1979.48999 0.023012
1979.82996 0.0226526
1980.17004 0.0222904
1980.51001 0.0219313
1980.85999 0.0215706
1981.19995 0.0212123
1981.54004 0.0208555
1981.88000 0.0204985
1982.22998 0.0201378
1982.56995 0.019774
1982.91003 0.019412
1983.26001 0.0190521
1983.59998 0.018693
1983.93994 0.0183335
1984.29004 0.0179696
1984.63000 0.0176057
1984.96997 0.0172389
1985.31995 0.0168731
1985.66003 0.0165079
1986.00000 0.01614
1986.34998 0.0157776
1986.68994 0.0154149
1987.03003 0.0150513
1987.38000 0.0146829
1987.71997 0.0143142
1988.06006 0.0139466
1988.41003 0.0135777
1988.75000 0.0132097
1989.09998 0.0128412
1989.43994 0.0124735
1989.78003 0.0121031
1990.13000 0.0117332
1990.46997 0.0113637
1990.81006 0.0109927
1991.16003 0.0106204
1991.50000 0.0102503
1991.84998 0.00987729
1992.18994 0.00950632
1992.54004 0.00913263
1992.88000 0.00876084
1993.22998 0.00838632
1993.56995 0.00801252
1993.91003 0.00763943
1994.26001 0.00726443
1994.60999 0.00688896
1994.94995 0.00651182
1995.30005 0.00613595
1995.64001 0.00576086
1995.98999 0.00538303
1996.32996 0.00500711
1996.68005 0.00462832
1997.02002 0.0042512
2196.72192 0.0
