threeML/data/optical_filters/HST/ACS_WFC-F850LP_81.ecsv
# %ECSV 0.9
# ---
# datatype:
# - {name: wavelength, unit: Angstrom, datatype: float32}
# - {name: response, datatype: float32}
# meta: !!omap
# - {band_name: F850LP_81}
# - {group_name: ACS_WFC}
wavelength response
[from data line 2394]
10125.79980 0.201619
10126.82031 0.20124
10127.83008 0.200865
10128.86035 0.200486
10129.87012 0.200111
10130.88965 0.199743
10131.90039 0.19938
10132.92969 0.199013
10133.95020 0.198646
10134.95996 0.198282
10135.99023 0.197914
10137.00000 0.19755
10138.00977 0.197185
10139.04004 0.196816
10140.04980 0.196448
10141.07031 0.196011
10142.09961 0.195574
10143.11035 0.195142
10144.13965 0.194705
10145.15039 0.194273
10146.16992 0.193836
10147.19043 0.193403
10148.20996 0.192966
10149.23047 0.192534
10150.24023 0.192101
10151.26953 0.191661
10152.29004 0.191221
10153.30957 0.190786
10154.33008 0.190346
10155.34961 0.189911
10156.37012 0.189472
10157.38965 0.189036
10158.41016 0.188597
10159.44043 0.188157
10160.45996 0.187721
10161.48047 0.18728
10162.50000 0.186845
10163.51953 0.186404
10164.54004 0.185969
10165.54980 0.185533
10166.58008 0.185093
10167.59961 0.184657
10168.62988 0.184216
10169.65039 0.183776
10170.66992 0.183353
10171.70020 0.182932
10172.70996 0.182515
10173.74023 0.182094
10174.75977 0.181678
10175.78027 0.181256
10176.80957 0.180835
10177.83008 0.180417
10178.86035 0.179995
10179.87012 0.179579
10180.88965 0.179175
10181.91992 0.178769
10182.94043 0.178367
10183.96973 0.177961
10184.98047 0.177559
10186.00977 0.177153
10187.04004 0.176746
10188.05957 0.176343
10189.08984 0.175936
10190.11035 0.175534
10191.13965 0.17513
10192.15039 0.17473
10193.16992 0.174331
10194.20020 0.173926
10195.23047 0.173522
10196.25000 0.173121
10197.28027 0.172716
10198.29980 0.172316
10199.33008 0.17191
10200.34961 0.171548
10201.37988 0.171259
10202.40039 0.170974
10203.42969 0.170684
10204.45996 0.170394
10205.48047 0.170108
10206.50000 0.169821
10207.53027 0.169531
10208.54980 0.169244
10209.58008 0.168954
10210.59961 0.168672
10211.62988 0.16839
10212.66016 0.168107
10213.67969 0.167828
10214.71973 0.167545
10215.74023 0.167265
10216.76953 0.166982
10217.79004 0.166702
10218.82031 0.166418
10219.83984 0.166137
10220.87988 0.165826
10221.90039 0.165513
10222.92969 0.165196
10223.95020 0.164882
10224.98047 0.164565
10226.00977 0.164252
10227.04004 0.163935
10228.05957 0.163621
10229.08984 0.163303
10230.12988 0.162989
10231.15039 0.162694
10232.16992 0.1624
10233.20996 0.162103
10234.23047 0.161808
10235.25977 0.16151
10236.28027 0.161216
10237.32031 0.160917
10238.34961 0.160619
10239.37988 0.160324
10240.41016 0.160026
10241.42969 0.159735
10242.46973 0.159439
10243.49023 0.159147
10244.53027 0.158851
10245.54980 0.158559
10246.58008 0.158263
10247.61035 0.15797
10248.63965 0.157673
10249.66992 0.15738
10250.70020 0.157075
10251.73047 0.156768
10252.75977 0.156457
10253.79004 0.156149
10254.82031 0.155839
10255.86035 0.155528
10256.87988 0.15522
10257.91992 0.154909
10258.94043 0.154601
10259.98047 0.15429
10261.00977 0.153975
10262.03027 0.153659
10263.07031 0.15334
10264.08984 0.153024
10265.12988 0.152705
10266.16992 0.152386
10267.19043 0.15207
10268.23047 0.15175
10269.25977 0.151434
10270.29004 0.15112
10271.32031 0.150825
10272.36035 0.150526
10273.38965 0.150227
10274.41992 0.149931
10275.45020 0.149636
10276.49023 0.149337
10277.50977 0.14904
10278.54980 0.148741
10279.58008 0.148444
10280.62012 0.148134
10281.63965 0.147821
10282.67969 0.147504
10283.71973 0.147187
10284.75000 0.146873
10285.79004 0.146556
10286.82031 0.146241
10287.83984 0.145927
10288.87988 0.14561
10289.91016 0.145296
10290.95020 0.144991
10291.99023 0.144687
10293.01953 0.144386
10294.05957 0.144082
10295.08984 0.143782
10296.12988 0.143477
10297.16016 0.143175
10298.20020 0.142871
10299.21973 0.142569
10300.25977 0.142263
10301.29004 0.141956
10302.33008 0.141645
10303.36035 0.141338
10304.40039 0.141027
10305.42969 0.140719
10306.48047 0.140408
10307.50000 0.1401
10308.54980 0.139789
10309.58984 0.139477
10310.62012 0.139169
10311.66016 0.138857
10312.69043 0.138548
10313.73047 0.138236
10314.75977 0.137927
10315.79004 0.137618
10316.83008 0.137306
10317.87988 0.136994
10318.91016 0.136684
10319.95020 0.136371
10320.98047 0.136067
10322.01953 0.13576
10323.05957 0.135456
10324.09961 0.135148
10325.12988 0.134844
10326.16992 0.134535
10327.21973 0.134228
10328.25000 0.133922
10329.29004 0.133614
10330.32031 0.133305
10331.36035 0.132988
10332.40039 0.132668
10333.42969 0.132351
10334.48047 0.132031
10335.51953 0.13171
10336.54980 0.131394
10337.59961 0.131073
10338.62988 0.130755
10339.66992 0.130435
10340.70996 0.130126
10341.75000 0.129817
10342.78027 0.129512
10343.82031 0.129206
10344.86035 0.128898
10345.91016 0.128588
10346.94043 0.128282
10347.99023 0.127972
10349.01953 0.127666
10350.07031 0.127355
10351.09961 0.127035
10352.15039 0.126712
10353.19043 0.126388
10354.23047 0.126067
10355.26953 0.125743
10356.30957 0.125423
10357.33984 0.125102
10358.38965 0.124778
10359.41992 0.124457
10360.46973 0.124141
10361.50000 0.12384
10362.54980 0.123535
10363.59961 0.123229
10364.62988 0.122927
10365.67969 0.122621
10366.71973 0.122319
10367.75977 0.122012
10368.79980 0.121709
10369.83984 0.121406
10370.87988 0.121083
10371.92969 0.120756
10372.96973 0.120434
10374.00977 0.120106
10375.04980 0.119783
10376.09961 0.119456
10377.13965 0.119132
10378.17969 0.118804
10379.21973 0.118481
10380.26953 0.118153
10381.32031 0.117825
10382.36035 0.1175
10383.40039 0.117172
10384.44043 0.116846
10385.48047 0.116522
10386.53027 0.116193
10387.57031 0.115867
10388.62012 0.115538
10389.66992 0.115209
10390.70020 0.114873
10391.75000 0.114528
10392.79004 0.114187
10393.83984 0.113843
10394.87988 0.113502
10395.92969 0.113157
10396.96973 0.112816
10398.01953 0.112472
10399.05957 0.112131
10400.11035 0.111796
10401.15039 0.111553
10402.20020 0.111308
10403.24023 0.111066
10404.29004 0.11082
10405.33008 0.110578
10406.37988 0.110332
10407.42969 0.110087
10408.46973 0.109844
10409.51953 0.109598
10410.55957 0.109354
10411.61035 0.109104
10412.65039 0.108857
10413.69043 0.10861
10414.75000 0.10836
10415.79980 0.10811
10416.83984 0.107864
10417.88965 0.107614
10418.92969 0.107366
10419.99023 0.107116
10421.03027 0.106887
10422.08008 0.106656
10423.12012 0.106427
10424.16992 0.106195
10425.23047 0.105964
10426.26953 0.105734
10427.30957 0.105505
10428.36035 0.105273
10429.41016 0.105043
10430.45996 0.104807
10431.50000 0.104569
10432.54980 0.104327
10433.61035 0.104086
10434.65039 0.103848
10435.70996 0.103606
10436.75000 0.103368
10437.79980 0.103126
10438.83984 0.102887
10439.88965 0.102648
10440.94043 0.10242
10441.99023 0.102196
10443.04004 0.10197
10444.09961 0.101743
10445.13965 0.101519
10446.19043 0.101292
10447.24023 0.101068
10448.29004 0.10084
10449.33984 0.100616
10450.38965 0.100383
10451.44043 0.100144
10452.49023 0.0999023
10453.54980 0.0996607
10454.58984 0.0994216
10455.63965 0.0991828
10456.69043 0.0989406
10457.74023 0.0987012
10458.79004 0.0984595
10459.83984 0.0982197
10460.90039 0.0979685
10461.95020 0.0977156
10463.00000 0.0974655
10464.05957 0.0972125
10465.09961 0.0969621
10466.16016 0.0967096
10467.20020 0.096459
10468.25000 0.0962087
10469.30957 0.0959555
10470.37012 0.0957022
10471.41016 0.0954509
10472.46973 0.0951966
10473.51953 0.0949451
10474.57031 0.0946907
10475.62012 0.0944391
10476.67969 0.0941847
10477.73047 0.093933
10478.78027 0.0936784
10479.83984 0.0934242
10480.88965 0.093164
10481.95020 0.0928996
10483.00000 0.0926374
10484.04004 0.0923755
10485.09961 0.0921105
10486.15039 0.0918489
10487.20996 0.0915843
10488.26953 0.0913194
10489.32031 0.0910578
10490.37988 0.0907982
10491.41992 0.0905508
10492.48047 0.0903009
10493.53027 0.0900539
10494.58984 0.0898036
10495.63965 0.0895566
10496.70020 0.0893059
10497.75000 0.0890582
10498.80957 0.0888079
10499.86035 0.0885601
10500.91992 0.0883137
10501.96973 0.0880698
10503.03027 0.0878237
10504.08008 0.0875797
10505.13965 0.0873333
10506.20020 0.0870865
10507.25000 0.0868425
10508.30957 0.0865959
10509.36035 0.0863516
10510.41016 0.0861089
10511.46973 0.085866
10512.53027 0.0856255
10513.58984 0.0853825
10514.63965 0.0851417
10515.70020 0.0848982
10516.75977 0.0846547
10517.80957 0.0844136
10518.87988 0.0841699
10519.92969 0.0839289
10520.99023 0.0836821
10522.04004 0.0834384
10523.08984 0.0831943
10524.16016 0.0829474
10525.21973 0.0827004
10526.26953 0.0824557
10527.33008 0.0822085
10528.37988 0.0819642
10529.45020 0.0817167
10530.50000 0.0814684
10531.55957 0.0812135
10532.62012 0.0809616
10533.67969 0.0807066
10534.75000 0.0804515
10535.79980 0.0801995
10536.86035 0.079944
10537.91016 0.0796922
10538.96973 0.0794394
10540.03027 0.0791842
10541.08008 0.078929
10542.15039 0.0786706
10543.20996 0.0784127
10544.26953 0.0781573
10545.33008 0.0778992
10546.38965 0.0776437
10547.45020 0.0773855
10548.50977 0.0771299
10549.57031 0.0768719
10550.62988 0.0766236
10551.69043 0.0763766
10552.75000 0.076133
10553.80957 0.0758864
10554.87012 0.0756424
10555.92969 0.0753953
10556.99023 0.0751513
10558.04980 0.0749041
10559.11035 0.0746596
10560.17969 0.0744123
10561.24023 0.0741659
10562.29980 0.0739216
10563.37012 0.0736745
10564.41992 0.0734304
10565.49023 0.0731832
10566.54004 0.0729386
10567.59961 0.072694
10568.66992 0.0724463
10569.73047 0.0721985
10570.79004 0.071946
10571.86035 0.0716883
10572.91016 0.0714333
10573.98047 0.0711748
10575.04004 0.0709196
10576.11035 0.0706615
10577.16016 0.070406
10578.23047 0.0701481
10579.29980 0.0698897
10580.36035 0.0696351
10581.41992 0.0693829
10582.48047 0.0691278
10583.54004 0.0688749
10584.61035 0.0686198
10585.66992 0.0683673
10586.74023 0.0681116
10587.80957 0.0678557
10588.87012 0.0676035
10589.92969 0.0673475
10590.99023 0.0670983
10592.05957 0.0668465
10593.12012 0.0665974
10594.19043 0.0663453
10595.25000 0.0660961
10596.30957 0.0658463
10597.37988 0.0655942
10598.45020 0.0653418
10599.50977 0.0650921
10600.58008 0.0648789
10601.63965 0.0647009
10602.70996 0.064521
10603.76953 0.0643425
10604.83984 0.0641621
10605.91016 0.0639817
10606.96973 0.0638032
10608.03027 0.0636244
10609.09961 0.0634438
10610.16016 0.0632637
10611.23047 0.0630763
10612.29004 0.0628913
10613.37012 0.0627039
10614.42969 0.0625186
10615.50000 0.0623307
10616.57031 0.0621431
10617.62988 0.0619576
10618.70996 0.0617696
10619.76953 0.0615841
10620.83984 0.0614009
10621.90039 0.0612211
10622.96973 0.0610391
10624.03027 0.0608585
10625.11035 0.0606765
10626.16992 0.0604966
10627.24023 0.060314
10628.29980 0.0601337
10629.37988 0.0599511
10630.44043 0.0597693
10631.50977 0.0595843
10632.58008 0.0594012
10633.65039 0.0592157
10634.71973 0.0590303
10635.79004 0.0588468
10636.84961 0.0586634
10637.91992 0.0584781
10638.99023 0.0582945
10640.05957 0.0581089
10641.12012 0.0579252
10642.20020 0.0577393
10643.28027 0.0575533
10644.33984 0.0573695
10645.41016 0.0571835
10646.48047 0.0569996
10647.54980 0.0568136
10648.62012 0.0566293
10649.69043 0.0564431
10650.75977 0.0562584
10651.83008 0.0560713
10652.90039 0.0558855
10653.96973 0.0556984
10655.04004 0.0555132
10656.11035 0.0553255
10657.17969 0.0551403
10658.25000 0.0549527
10659.32031 0.0547671
10660.40039 0.0545795
10661.46973 0.0543929
10662.54004 0.0542079
10663.62012 0.054021
10664.67969 0.0538359
10665.75000 0.0536505
10666.83008 0.053463
10667.88965 0.0532782
10668.96973 0.0530903
10670.04980 0.0529036
10671.11035 0.0527198
10672.19043 0.0525344
10673.25977 0.0523503
10674.33008 0.0521646
10675.40039 0.0519809
10676.48047 0.051795
10677.54980 0.0516108
10678.62988 0.0514249
10679.69043 0.0512407
10680.76953 0.0510516
10681.83984 0.0508628
10682.91992 0.050672
10683.98047 0.050483
10685.05957 0.050292
10686.12988 0.0501036
10687.20996 0.0499125
10688.29004 0.0497214
10689.36035 0.0495326
10690.44043 0.0493424
10691.50977 0.0491554
10692.58984 0.0489664
10693.66016 0.0487791
10694.71973 0.0485919
10695.79980 0.0484029
10696.87012 0.0482155
10697.95020 0.0480264
10699.03027 0.0478367
10700.09961 0.0476494
10701.17969 0.047459
10702.25000 0.0472711
10703.33008 0.0470806
10704.40039 0.0468924
10705.49023 0.046702
10706.57031 0.0465113
10707.63965 0.0463231
10708.70996 0.0461347
10709.79004 0.0459439
10710.86035 0.0457519
10711.94043 0.0455559
10713.00977 0.0453623
10714.08984 0.0451667
10715.16016 0.0449734
10716.25000 0.0447777
10717.33008 0.044582
10718.40039 0.0443884
10719.48047 0.0441927
10720.54980 0.0440021
10721.63965 0.0438117
10722.70996 0.0436236
10723.78027 0.0434355
10724.86035 0.0432448
10725.95020 0.0430547
10727.01953 0.042866
10728.09961 0.0426753
10729.16992 0.0424869
10730.25977 0.0422964
10731.33008 0.0421077
10732.41016 0.0419171
10733.48047 0.0417287
10734.57031 0.041538
10735.65039 0.041347
10736.73047 0.0411584
10737.79980 0.0409691
10738.87988 0.0407782
10739.95996 0.0405896
10741.04004 0.0403953
10742.11035 0.0402036
10743.20020 0.0400091
10744.29004 0.0398152
10745.36035 0.0396231
10746.44043 0.0394288
10747.51953 0.0392368
10748.59961 0.0390424
10749.67969 0.0388502
10750.75977 0.0386603
10751.83984 0.0384742
10752.91992 0.0382856
10754.00000 0.0380996
10755.08008 0.037911
10756.16016 0.0377246
10757.25000 0.0375359
10758.32031 0.0373496
10759.41016 0.0371605
10760.48047 0.036971
10761.57031 0.0367763
10762.66016 0.0365814
10763.73047 0.036389
10764.82031 0.0361939
10765.88965 0.0360014
10766.96973 0.0358086
10768.05957 0.0356133
10769.12988 0.0354206
10770.21973 0.035226
10771.30957 0.0350329
10772.38965 0.0348419
10773.46973 0.0346487
10774.54980 0.0344576
10775.63965 0.034264
10776.71973 0.0340729
10777.79980 0.0338794
10778.87988 0.0336879
10779.96973 0.0334946
10781.04980 0.0333046
10782.13965 0.0331132
10783.20996 0.0329236
10784.29980 0.032732
10785.37988 0.0325424
10786.46973 0.0323506
10787.54980 0.032161
10788.63965 0.0319687
10789.73047 0.0317766
10790.80957 0.0315862
10791.90039 0.0313933
10792.96973 0.0312025
10794.05957 0.0310098
10795.13965 0.0308194
10796.21973 0.0306281
10797.30957 0.0304347
10798.38965 0.0302439
10799.48047 0.0300507
10800.57031 0.0297368
10801.65039 0.0293202
10802.74023 0.028902
10803.82031 0.028491
10804.91016 0.0280781
10805.99023 0.0276722
10807.08008 0.027265
10808.17969 0.0268606
10809.25977 0.0264629
10810.33984 0.0260673
10811.42969 0.0256694
10812.50977 0.0252784
10813.59961 0.0248855
10814.67969 0.0245001
10815.76953 0.0241128
10816.86035 0.0237328
10817.95020 0.0233517
10819.04004 0.022973
10820.12012 0.0226016
10821.20996 0.0222279
10822.30957 0.0218576
10823.38965 0.0214941
10824.46973 0.021133
10825.55957 0.0207709
10826.65039 0.0204159
10827.74023 0.0200594
10828.82031 0.0197097
10829.91992 0.019359
10831.00000 0.0190157
10832.08984 0.0186715
10833.19043 0.0183304
10834.26953 0.0179958
10835.36035 0.0176601
10836.45020 0.0173307
10837.54004 0.0170006
10838.62012 0.0166769
10839.70996 0.0163559
10840.79980 0.0160352
10841.90039 0.0157176
10842.98047 0.0154058
10844.07031 0.015094
10845.16016 0.014788
10846.25000 0.0144814
10847.33984 0.0141812
10848.42969 0.0138803
10849.51953 0.0135853
10850.61035 0.0132887
10851.70020 0.0129977
10852.79004 0.0127063
10853.87988 0.0124207
10854.96973 0.0121348
10856.05957 0.0118553
10857.16016 0.0115754
10858.24023 0.0113013
10859.33984 0.0110272
10860.41992 0.010759
10861.51953 0.0104909
10862.62012 0.0102259
10863.70020 0.00996632
10864.79980 0.00970677
10865.87988 0.00945306
10866.98047 0.00919921
10868.07031 0.00895108
10869.15039 0.00870574
10870.25000 0.00846069
10871.34961 0.00821846
10872.44043 0.00798186
10873.54004 0.00774532
10874.62012 0.00751433
10875.71973 0.00728347
10876.80957 0.0070579
10877.91016 0.00683273
10878.99023 0.00661281
10880.08984 0.00639353
10881.17969 0.00617902
10882.28027 0.00596522
10883.37012 0.00575641
10884.45996 0.0055484
10885.54980 0.00534524
10886.65039 0.00514277
10887.74023 0.00494531
11976.51465 0.0
