threeML/data/optical_filters/HST/ACS_SBC-F125LP.ecsv
# %ECSV 0.9
# ---
# datatype:
# - {name: wavelength, unit: Angstrom, datatype: float32}
# - {name: response, datatype: float32}
# meta: !!omap
# - {band_name: F125LP}
# - {group_name: ACS_SBC}
wavelength response
[from data line 1607]
1645.73999 0.352821
1646.05005 0.352216
1646.35999 0.351626
1646.67004 0.351034
1646.97998 0.350443
1647.29004 0.349854
1647.59998 0.349263
1647.91003 0.348669
1648.21997 0.348077
1648.53003 0.347483
1648.83997 0.346889
1649.15002 0.346298
1649.45996 0.345705
1649.77002 0.34511
1650.07996 0.344529
1650.39001 0.343984
1650.69995 0.343438
1651.02002 0.342894
1651.32996 0.342365
1651.64001 0.341837
1651.94995 0.341307
1652.26001 0.340777
1652.56995 0.340247
1652.88000 0.339716
1653.18994 0.339184
1653.51001 0.338655
1653.81995 0.338123
1654.13000 0.33759
1654.43994 0.337056
1654.75000 0.336524
1655.06995 0.335991
1655.38000 0.335458
1655.68994 0.334924
1656.00000 0.33439
1656.31006 0.333854
1656.63000 0.333317
1656.93994 0.332782
1657.25000 0.332248
1657.56006 0.331711
1657.87000 0.331174
1658.18994 0.330637
1658.50000 0.3301
1658.81006 0.329561
1659.12000 0.329023
1659.43994 0.328485
1659.75000 0.327946
1660.06006 0.327409
1660.38000 0.326889
1660.68994 0.326366
1661.00000 0.325845
1661.31006 0.325325
1661.63000 0.324802
1661.93994 0.324278
1662.25000 0.323754
1662.56995 0.32323
1662.88000 0.322706
1663.18994 0.322181
1663.51001 0.321657
1663.81995 0.321131
1664.13000 0.320605
1664.44995 0.320077
1664.76001 0.319551
1665.06995 0.319023
1665.39001 0.318494
1665.69995 0.317966
1666.02002 0.317438
1666.32996 0.316907
1666.64001 0.316377
1666.95996 0.315847
1667.27002 0.315316
1667.58997 0.314786
1667.90002 0.314253
1668.20996 0.313721
1668.53003 0.313189
1668.84998 0.312655
1669.16003 0.312122
1669.46997 0.311589
1669.79004 0.311056
1670.09998 0.310525
1670.42004 0.310006
1670.72998 0.309487
1671.05005 0.308966
1671.35999 0.308445
1671.68005 0.307924
1671.98999 0.307401
1672.31006 0.306879
1672.62000 0.306357
1672.93994 0.305832
1673.25000 0.305308
1673.56995 0.304784
1673.88000 0.304258
1674.19995 0.303735
1674.51001 0.303207
1674.82996 0.302681
1675.14001 0.30218
1675.45996 0.301705
1675.78003 0.301233
1676.08997 0.300753
1676.41003 0.30026
1676.71997 0.299767
1677.04004 0.299275
1677.35999 0.298798
1677.67004 0.298323
1677.98999 0.297846
1678.30005 0.297351
1678.62000 0.296854
1678.93994 0.296357
1679.25000 0.295874
1679.56995 0.295395
1679.89001 0.294915
1680.19995 0.294443
1680.52002 0.293976
1680.83997 0.293507
1681.15002 0.29303
1681.46997 0.292542
1681.79004 0.292055
1682.09998 0.291573
1682.42004 0.291102
1682.73999 0.29063
1683.06006 0.290153
1683.37000 0.289663
1683.68994 0.289173
1684.01001 0.288682
1684.31995 0.288207
1684.64001 0.287733
1684.95996 0.287257
1685.28003 0.286764
1685.58997 0.286271
1685.91003 0.285777
1686.22998 0.285295
1686.55005 0.284816
1686.87000 0.284338
1687.18005 0.28386
1687.50000 0.283379
1687.81995 0.282899
1688.14001 0.282413
1688.44995 0.281912
1688.77002 0.281411
1689.08997 0.280917
1689.41003 0.280435
1689.72998 0.27995
1690.05005 0.279467
1690.37000 0.278976
1690.68005 0.278481
1691.00000 0.277989
1691.31995 0.277514
1691.64001 0.277039
1691.95996 0.276563
1692.28003 0.276071
1692.59998 0.275575
1692.92004 0.275078
1693.22998 0.274595
1693.55005 0.274116
1693.87000 0.273637
1694.18994 0.273157
1694.51001 0.272675
1694.82996 0.272194
1695.15002 0.271704
1695.46997 0.271202
1695.79004 0.2707
1696.10999 0.270206
1696.43005 0.269719
1696.75000 0.269235
1697.06995 0.268746
1697.39001 0.26824
1697.70996 0.267736
1698.03003 0.267232
1698.34998 0.266745
1698.67004 0.266256
1698.98999 0.265767
1699.31006 0.26526
1699.63000 0.264749
1699.94995 0.264242
1700.27002 0.263796
1700.58997 0.263364
1700.91003 0.262931
1701.22998 0.262483
1701.55005 0.26203
1701.87000 0.261577
1702.18994 0.261133
1702.51001 0.260697
1702.82996 0.260261
1703.15002 0.259815
1703.46997 0.259358
1703.80005 0.258902
1704.12000 0.258443
1704.43994 0.257987
1704.76001 0.257528
1705.07996 0.257074
1705.40002 0.256632
1705.71997 0.25619
1706.05005 0.255746
1706.37000 0.255286
1706.68994 0.254824
1707.01001 0.254361
1707.32996 0.253917
1707.65002 0.253473
1707.97998 0.253026
1708.30005 0.252564
1708.62000 0.252099
1708.93994 0.251632
1709.26001 0.251165
1709.58997 0.250699
1709.91003 0.25023
1710.22998 0.24978
1710.55005 0.249338
1710.87000 0.248897
1711.19995 0.24844
1711.52002 0.247975
1711.83997 0.247511
1712.16003 0.247057
1712.48999 0.24661
1712.81006 0.246165
1713.13000 0.24571
1713.44995 0.245241
1713.78003 0.244772
1714.09998 0.244304
1714.42004 0.243836
1714.75000 0.243366
1715.06995 0.2429
1715.39001 0.242449
1715.71997 0.241996
1716.04004 0.241542
1716.35999 0.241069
1716.68994 0.240596
1717.01001 0.240123
1717.32996 0.239667
1717.66003 0.239212
1717.97998 0.238754
1718.31006 0.23828
1718.63000 0.237803
1718.94995 0.237327
1719.28003 0.236864
1719.59998 0.236404
1719.92004 0.235945
1720.25000 0.235472
1720.56995 0.234997
1720.90002 0.234522
1721.21997 0.234046
1721.55005 0.233567
1721.87000 0.23309
1722.18994 0.232623
1722.52002 0.232162
1722.83997 0.231702
1723.17004 0.231231
1723.48999 0.230751
1723.81995 0.230267
1724.14001 0.229794
1724.46997 0.229331
1724.79004 0.228867
1725.12000 0.228416
1725.43994 0.227991
1725.77002 0.227565
1726.08997 0.227138
1726.42004 0.226711
1726.73999 0.226283
1727.06995 0.225854
1727.39001 0.225426
1727.71997 0.224997
1728.05005 0.224567
1728.37000 0.224136
1728.69995 0.223705
1729.02002 0.223275
1729.34998 0.222861
1729.67004 0.222449
1730.00000 0.222036
1730.32996 0.221604
1730.65002 0.221174
1730.97998 0.220741
1731.31006 0.220309
1731.63000 0.219877
1731.95996 0.219442
1732.28003 0.219008
1732.60999 0.218573
1732.93994 0.218137
1733.26001 0.217701
1733.58997 0.217266
1733.92004 0.216829
1734.23999 0.216405
1734.56995 0.215987
1734.90002 0.215569
1735.21997 0.215134
1735.55005 0.214694
1735.88000 0.214254
1736.20996 0.213811
1736.53003 0.213369
1736.85999 0.212927
1737.18994 0.212482
1737.51001 0.21204
1737.83997 0.211594
1738.17004 0.21116
1738.50000 0.210735
1738.82996 0.210308
1739.15002 0.209872
1739.47998 0.209425
1739.81006 0.208975
1740.13000 0.208529
1740.45996 0.208082
1740.79004 0.207634
1741.12000 0.207183
1741.44995 0.206734
1741.78003 0.206285
1742.09998 0.205835
1742.43005 0.205384
1742.76001 0.204932
1743.08997 0.204485
1743.42004 0.204052
1743.75000 0.203619
1744.06995 0.203182
1744.40002 0.202728
1744.72998 0.202271
1745.06006 0.201815
1745.39001 0.201359
1745.71997 0.2009
1746.05005 0.200443
1746.38000 0.199984
1746.69995 0.199526
1747.04004 0.199064
1747.35999 0.198604
1747.68994 0.198143
1748.02002 0.197681
1748.34998 0.19724
1748.68005 0.196799
1749.01001 0.196355
1749.33997 0.195889
1749.67004 0.195424
1750.00000 0.194959
1750.32996 0.194677
1750.66003 0.194397
1750.98999 0.194115
1751.31995 0.193853
1751.65002 0.193591
1751.97998 0.193328
1752.31006 0.193066
1752.64001 0.192802
1752.96997 0.192538
1753.30005 0.192255
1753.63000 0.191968
1753.95996 0.191682
1754.29004 0.191414
1754.62000 0.191148
1754.94995 0.190881
1755.29004 0.190614
1755.62000 0.190346
1755.94995 0.190078
1756.28003 0.189791
1756.60999 0.189501
1756.93994 0.189211
1757.27002 0.188938
1757.59998 0.188667
1757.93005 0.188396
1758.26001 0.188107
1758.59998 0.187814
1758.93005 0.18752
1759.26001 0.187242
1759.58997 0.186968
1759.92004 0.186695
1760.25000 0.186421
1760.58997 0.186147
1760.92004 0.185872
1761.25000 0.185581
1761.57996 0.185284
1761.91003 0.184987
1762.23999 0.184704
1762.57996 0.184427
1762.91003 0.18415
1763.23999 0.183856
1763.56995 0.183557
1763.90002 0.183256
1764.23999 0.182971
1764.56995 0.18269
1764.90002 0.182409
1765.23999 0.182128
1765.56995 0.181848
1765.90002 0.181566
1766.22998 0.181268
1766.56995 0.180963
1766.90002 0.180658
1767.22998 0.180367
1767.56995 0.180083
1767.90002 0.179799
1768.22998 0.179498
1768.56006 0.17919
1768.90002 0.178882
1769.22998 0.178588
1769.56006 0.178301
1769.90002 0.178013
1770.22998 0.177726
1770.56006 0.177437
1770.90002 0.177148
1771.22998 0.176843
1771.56995 0.176531
1771.90002 0.17622
1772.22998 0.175923
1772.56995 0.175631
1772.90002 0.175339
1773.23999 0.175046
1773.56995 0.174754
1773.90002 0.174461
1774.23999 0.174151
1774.56995 0.173835
1774.91003 0.173517
1775.23999 0.173264
1775.57996 0.173036
1775.91003 0.172807
1776.25000 0.17256
1776.57996 0.172308
1776.91003 0.172055
1777.25000 0.171818
1777.58997 0.171586
1777.92004 0.171355
1778.26001 0.171122
1778.58997 0.17089
1778.92004 0.170657
1779.26001 0.170406
1779.59998 0.170149
1779.93005 0.169892
1780.27002 0.169654
1780.59998 0.16942
1780.93994 0.169185
1781.27002 0.168931
1781.60999 0.168673
1781.93994 0.168413
1782.28003 0.168173
1782.62000 0.167936
1782.94995 0.167699
1783.29004 0.167441
1783.62000 0.16718
1783.95996 0.166919
1784.30005 0.166677
1784.63000 0.166437
1784.96997 0.166197
1785.31006 0.165957
1785.64001 0.165716
1785.97998 0.165474
1786.31995 0.165211
1786.65002 0.164946
1786.98999 0.16468
1787.32996 0.164437
1787.66003 0.164193
1788.00000 0.163949
1788.33997 0.163682
1788.67004 0.163414
1789.01001 0.163147
1789.34998 0.162901
1789.68005 0.162655
1790.02002 0.162408
1790.35999 0.162161
1790.69995 0.161915
1791.03003 0.161665
1791.37000 0.161394
1791.70996 0.161123
1792.05005 0.160854
1792.38000 0.160605
1792.71997 0.160355
1793.06006 0.160101
1793.40002 0.159828
1793.73999 0.159554
1794.06995 0.159285
1794.41003 0.159033
1794.75000 0.15878
1795.08997 0.158527
1795.43005 0.158274
1795.76001 0.158022
1796.09998 0.157761
1796.43994 0.157483
1796.78003 0.157204
1797.12000 0.156934
1797.45996 0.156678
1797.80005 0.156421
1798.13000 0.156156
1798.46997 0.155874
1798.81006 0.155593
1799.15002 0.155322
1799.48999 0.155063
1799.82996 0.154805
1800.17004 0.154557
1800.51001 0.154321
1800.84998 0.154084
1801.18994 0.153847
1801.53003 0.153609
1801.87000 0.153371
1802.20996 0.153132
1802.55005 0.152894
1802.88000 0.152655
1803.21997 0.1524
1803.56995 0.152134
1803.90002 0.15187
1804.25000 0.151621
1804.57996 0.151381
1804.92004 0.151139
1805.26001 0.150897
1805.60999 0.150654
1805.93994 0.150411
1806.29004 0.150167
1806.62000 0.149923
1806.96997 0.149679
1807.31006 0.149434
1807.65002 0.149189
1807.98999 0.148943
1808.32996 0.148696
1808.67004 0.14845
1809.01001 0.148204
1809.34998 0.147956
1809.68994 0.147707
1810.03003 0.147459
1810.38000 0.14721
1810.71997 0.146962
1811.06006 0.14671
1811.40002 0.146436
1811.73999 0.146161
1812.07996 0.145892
1812.42004 0.145642
1812.76001 0.145391
1813.10999 0.145138
1813.44995 0.144886
1813.79004 0.144634
1814.13000 0.14438
1814.46997 0.144127
1814.81006 0.143873
1815.16003 0.143619
1815.50000 0.143364
1815.83997 0.143109
1816.18005 0.142853
1816.53003 0.142596
1816.87000 0.14234
1817.20996 0.142083
1817.55005 0.141826
1817.89001 0.141568
1818.23999 0.14131
1818.57996 0.141051
1818.92004 0.140792
1819.27002 0.140513
1819.60999 0.140228
1819.94995 0.139943
1820.29004 0.139678
1820.64001 0.139418
1820.97998 0.139156
1821.31995 0.138895
1821.67004 0.138632
1822.01001 0.138369
1822.34998 0.138106
1822.69995 0.137841
1823.04004 0.137578
1823.38000 0.137313
1823.72998 0.137047
1824.06995 0.136782
1824.41003 0.136516
1824.76001 0.136251
1825.09998 0.135991
1825.44995 0.135749
1825.79004 0.135506
1826.13000 0.135263
1826.47998 0.135019
1826.81995 0.134776
1827.17004 0.134531
1827.51001 0.134287
1827.85999 0.134041
1828.19995 0.133796
1828.54004 0.13355
1828.89001 0.133303
1829.22998 0.133056
1829.57996 0.132809
1829.92004 0.132561
1830.27002 0.132313
1830.60999 0.132065
1830.95996 0.131816
1831.30005 0.131568
1831.65002 0.131319
1831.98999 0.131069
1832.33997 0.130818
1832.68005 0.130567
1833.03003 0.130316
1833.38000 0.130064
1833.71997 0.129812
1834.06995 0.12956
1834.41003 0.129307
1834.76001 0.129053
1835.09998 0.128799
1835.44995 0.128546
1835.79004 0.128291
1836.14001 0.128036
1836.48999 0.127781
1836.82996 0.127525
1837.18005 0.127268
1837.53003 0.127011
1837.87000 0.126754
1838.21997 0.126497
1838.56995 0.126238
1838.91003 0.12598
1839.26001 0.125721
1839.59998 0.125462
1839.94995 0.125201
1840.30005 0.124942
1840.64001 0.124681
1840.98999 0.12442
1841.33997 0.124159
1841.68005 0.123897
1842.03003 0.123634
1842.38000 0.123373
1842.72998 0.12311
1843.06995 0.122846
1843.42004 0.122582
1843.77002 0.122318
1844.12000 0.122053
1844.45996 0.121787
1844.81006 0.121522
1845.16003 0.121256
1845.51001 0.120989
1845.84998 0.120722
1846.19995 0.120454
1846.55005 0.120186
1846.90002 0.119918
1847.25000 0.119649
1847.58997 0.11938
1847.93994 0.11911
1848.29004 0.118839
1848.64001 0.118569
1848.98999 0.118298
1849.33997 0.118026
1849.68005 0.117754
1850.03003 0.117484
1850.38000 0.117227
1850.72998 0.11697
1851.07996 0.116713
1851.43005 0.116456
1851.78003 0.116198
1852.12000 0.11594
1852.46997 0.115681
1852.81995 0.115422
1853.17004 0.115162
1853.52002 0.114903
1853.87000 0.114643
1854.21997 0.114383
1854.56995 0.114121
1854.92004 0.11386
1855.27002 0.113599
1855.62000 0.113336
1855.96997 0.113075
1856.31995 0.112812
1856.67004 0.112549
1857.02002 0.112285
1857.37000 0.112021
1857.71997 0.111757
1858.06995 0.111492
1858.42004 0.111227
1858.77002 0.110962
1859.12000 0.110696
1859.46997 0.11043
1859.81995 0.110162
1860.17004 0.109896
1860.52002 0.10963
1860.87000 0.109361
1861.21997 0.109094
1861.56995 0.108826
1861.92004 0.108556
1862.27002 0.108288
1862.62000 0.108019
1862.96997 0.107749
1863.32996 0.107479
1863.68005 0.107207
1864.03003 0.106936
1864.38000 0.106665
1864.72998 0.106394
1865.07996 0.106122
1865.43005 0.105849
1865.79004 0.105576
1866.14001 0.105302
1866.48999 0.105029
1866.83997 0.104755
1867.18994 0.10448
1867.55005 0.104205
1867.90002 0.103931
1868.25000 0.103635
1868.59998 0.103331
1868.94995 0.103027
1869.31006 0.102746
1869.66003 0.10247
1870.01001 0.102191
1870.35999 0.101913
1870.70996 0.101635
1871.06995 0.101356
1871.42004 0.101077
1871.77002 0.100798
1872.12000 0.100519
1872.47998 0.100238
1872.82996 0.0999573
1873.18005 0.0996755
1873.54004 0.0993943
1873.89001 0.0991126
1874.23999 0.0988305
1874.59998 0.0985481
1874.94995 0.0982652
1875.30005 0.0980059
1875.66003 0.0977495
1876.01001 0.0974936
1876.35999 0.0972372
1876.71997 0.0969797
1877.06995 0.0967226
1877.42004 0.0964651
1877.78003 0.0962066
1878.13000 0.0959378
1878.48999 0.095651
1878.83997 0.0953639
1879.18994 0.095091
1879.55005 0.0948313
1879.90002 0.0945712
1880.26001 0.0943109
1880.60999 0.0940495
1880.95996 0.0937892
1881.31995 0.0935278
1881.67004 0.0932652
1882.03003 0.0930031
1882.38000 0.0927406
1882.73999 0.0924777
1883.08997 0.0922061
1883.44995 0.091914
1883.80005 0.0916215
1884.16003 0.0913404
1884.51001 0.0910756
1884.87000 0.0908105
1885.21997 0.0905449
1885.57996 0.0902781
1885.93005 0.0900118
1886.29004 0.0897452
1886.65002 0.0894774
1887.00000 0.0892099
1887.35999 0.0889421
1887.70996 0.0886747
1888.06995 0.0883998
1888.42004 0.0881022
1888.78003 0.087804
1889.13000 0.0875155
1889.48999 0.0872446
1889.84998 0.0869749
1890.19995 0.086704
1890.56006 0.0864321
1890.92004 0.0861606
1891.27002 0.0858887
1891.63000 0.0856156
1891.97998 0.0853429
1892.33997 0.0850421
1892.69995 0.0847387
1893.06006 0.0844403
1893.41003 0.0841661
1893.77002 0.0838914
1894.12000 0.0836164
1894.47998 0.0833403
1894.83997 0.0830653
1895.19995 0.0827883
1895.55005 0.0825117
1895.91003 0.0822339
1896.27002 0.0819479
1896.63000 0.0816576
1896.97998 0.0813685
1897.33997 0.0810839
1897.69995 0.0807992
1898.06006 0.0805132
1898.41003 0.0802267
1898.77002 0.0799408
1899.13000 0.0796544
1899.48999 0.0793677
1899.83997 0.0790806
1900.19995 0.0788045
1900.56006 0.0785389
1900.92004 0.0782713
1901.28003 0.0780065
1901.63000 0.0777419
1901.98999 0.0774768
1902.34998 0.0772077
1902.70996 0.0769389
1903.06995 0.0766696
1903.43005 0.076403
1903.79004 0.0761367
1904.14001 0.0758681
1904.50000 0.0755966
1904.85999 0.0753245
1905.21997 0.0750521
1905.57996 0.0747809
1905.93994 0.0745085
1906.30005 0.0742381
1906.66003 0.0739671
1907.02002 0.0736963
1907.38000 0.0734223
1907.73999 0.0731469
1908.09998 0.0728737
1908.45996 0.0726007
1908.81995 0.072328
1909.17004 0.0720534
1909.54004 0.0717761
1909.89001 0.0714992
1910.25000 0.071224
1910.62000 0.0709485
1910.96997 0.0706743
1911.33997 0.0703952
1911.69995 0.0701154
1912.06006 0.0698361
