threeML/data/optical_filters/HST/ACS_WFC-F850LP_81.ecsv
# %ECSV 0.9
# ---
# datatype:
# - {name: wavelength, unit: Angstrom, datatype: float32}
# - {name: response, datatype: float32}
# meta: !!omap
# - {band_name: F850LP_81}
# - {group_name: ACS_WFC}
wavelength response
[from data line 1596]
9345.53027 0.675706
9346.48047 0.675043
9347.41992 0.67438
9348.36035 0.673716
9349.29980 0.673053
9350.23047 0.672407
9351.17969 0.671772
9352.11035 0.671152
9353.04980 0.670518
9353.99023 0.66989
9354.92969 0.669259
9355.87012 0.668627
9356.80957 0.667999
9357.75000 0.66737
9358.69043 0.66674
9359.62988 0.66611
9360.57031 0.665616
9361.50977 0.665212
9362.45996 0.664802
9363.40039 0.664391
9364.33984 0.663983
9365.28027 0.663575
9366.21973 0.663166
9367.16016 0.662757
9368.09961 0.662347
9369.04004 0.661934
9369.99023 0.661523
9370.92969 0.660815
9371.87012 0.660101
9372.80957 0.659391
9373.75000 0.658677
9374.70020 0.657969
9375.62988 0.657259
9376.58008 0.656548
9377.51953 0.655837
9378.45996 0.655122
9379.41016 0.654412
9380.34961 0.653793
9381.29004 0.653337
9382.23047 0.652881
9383.17969 0.652422
9384.12012 0.651968
9385.05957 0.651505
9386.00000 0.651048
9386.95020 0.650591
9387.88965 0.650131
9388.83984 0.649668
9389.78027 0.64921
9390.71973 0.648375
9391.66016 0.647422
9392.61035 0.646468
9393.54980 0.645515
9394.50000 0.644558
9395.44043 0.643604
9396.38965 0.642654
9397.33008 0.641704
9398.28027 0.64075
9399.21973 0.639799
9400.16992 0.638932
9401.09961 0.638454
9402.04980 0.63797
9403.00000 0.637487
9403.94043 0.637004
9404.88965 0.63652
9405.83008 0.636037
9406.78027 0.635553
9407.71973 0.635066
9408.66992 0.63458
9409.61035 0.634093
9410.55957 0.633318
9411.50000 0.632352
9412.45020 0.631373
9413.40039 0.63041
9414.34961 0.629437
9415.29004 0.628472
9416.23047 0.627504
9417.17969 0.626537
9418.12012 0.625569
9419.08008 0.624597
9420.01953 0.623641
9420.96973 0.623097
9421.91992 0.622551
9422.86035 0.622004
9423.80957 0.621459
9424.75000 0.620914
9425.70020 0.620365
9426.65039 0.619819
9427.59961 0.619268
9428.54004 0.618722
9429.49023 0.618172
9430.44043 0.61753
9431.38965 0.616785
9432.33008 0.616038
9433.28027 0.615292
9434.23047 0.614545
9435.17969 0.613798
9436.12988 0.613049
9437.07031 0.612304
9438.03027 0.611554
9438.96973 0.610812
9439.91992 0.610067
9440.87012 0.609451
9441.80957 0.60885
9442.76953 0.608247
9443.71973 0.607645
9444.66992 0.60704
9445.61035 0.606439
9446.55957 0.605834
9447.50977 0.60523
9448.45996 0.604629
9449.41016 0.604025
9450.34961 0.603274
9451.30957 0.602266
9452.25977 0.601262
9453.20996 0.600264
9454.16016 0.599262
9455.11035 0.598264
9456.05957 0.597264
9457.00977 0.596267
9457.95996 0.595263
9458.91016 0.594273
9459.86035 0.59327
9460.80957 0.592599
9461.76953 0.59198
9462.70996 0.591368
9463.66992 0.59075
9464.61035 0.590135
9465.55957 0.589517
9466.50977 0.5889
9467.46973 0.588279
9468.41992 0.58766
9469.37012 0.587041
9470.32031 0.586405
9471.26953 0.585731
9472.23047 0.585053
9473.17969 0.584374
9474.12988 0.5837
9475.08008 0.583022
9476.04004 0.582343
9476.99023 0.581671
9477.94043 0.580991
9478.88965 0.580318
9479.83984 0.579638
9480.79980 0.578956
9481.75000 0.578267
9482.70020 0.577582
9483.66016 0.576891
9484.61035 0.576203
9485.55957 0.575515
9486.51953 0.574828
9487.46973 0.574142
9488.41992 0.573459
9489.37988 0.572767
9490.33008 0.572013
9491.28027 0.571123
9492.24023 0.570229
9493.19043 0.56934
9494.15039 0.568449
9495.09961 0.567559
9496.04980 0.566675
9497.00977 0.565786
9497.95996 0.564898
9498.91992 0.564012
9499.87988 0.563118
9500.82031 0.562245
9501.78027 0.561361
9502.73047 0.560484
9503.69043 0.559607
9504.63965 0.558729
9505.59961 0.557854
9506.54980 0.556975
9507.50977 0.556095
9508.46973 0.555216
9509.41992 0.554341
9510.37988 0.553472
9511.33008 0.552615
9512.29004 0.551753
9513.25000 0.550895
9514.20020 0.55004
9515.15039 0.549181
9516.11035 0.548319
9517.07031 0.547461
9518.01953 0.546606
9518.98047 0.545746
9519.94043 0.544896
9520.90039 0.544013
9521.84961 0.543132
9522.80957 0.542251
9523.75977 0.541372
9524.73047 0.540494
9525.67969 0.539615
9526.63965 0.538742
9527.59961 0.537859
9528.54980 0.536989
9529.50977 0.536114
9530.45996 0.535247
9531.41992 0.534389
9532.37988 0.533533
9533.33984 0.532672
9534.29980 0.531821
9535.25977 0.530966
9536.21973 0.530114
9537.16992 0.529259
9538.12988 0.528409
9539.08984 0.527549
9540.04004 0.526719
9541.00977 0.526142
9541.96973 0.52558
9542.91992 0.52501
9543.87988 0.52444
9544.83984 0.523873
9545.79980 0.523303
9546.75977 0.522733
9547.71973 0.522165
9548.67969 0.521593
9549.63965 0.521017
9550.59961 0.520473
9551.55957 0.519943
9552.51953 0.519416
9553.48047 0.518883
9554.44043 0.518349
9555.40039 0.517817
9556.36035 0.517284
9557.32031 0.516747
9558.28027 0.516214
9559.24023 0.515679
9560.20020 0.515134
9561.16016 0.514575
9562.12012 0.514021
9563.08008 0.51346
9564.04004 0.512904
9565.00977 0.512341
9565.96973 0.51178
9566.92969 0.511214
9567.88965 0.510657
9568.84961 0.510093
9569.80957 0.509534
9570.76953 0.508975
9571.73047 0.508427
9572.70020 0.507874
9573.66016 0.507318
9574.62012 0.506764
9575.58984 0.506213
9576.54980 0.50566
9577.50977 0.505106
9578.46973 0.504555
9579.42969 0.503997
9580.38965 0.503334
9581.34961 0.502513
9582.32031 0.501686
9583.29004 0.500863
9584.25000 0.500046
9585.20996 0.499225
9586.16992 0.498402
9587.13965 0.497581
9588.09961 0.496764
9589.05957 0.495943
9590.01953 0.49513
9590.99023 0.494375
9591.95020 0.493628
9592.91992 0.492877
9593.87988 0.492126
9594.84961 0.491377
9595.80957 0.490627
9596.76953 0.489879
9597.74023 0.489129
9598.70996 0.488375
9599.66992 0.487627
9600.63965 0.486885
9601.59961 0.486151
9602.57031 0.485421
9603.53027 0.484687
9604.49023 0.48396
9605.45020 0.483227
9606.41992 0.482492
9607.38965 0.481759
9608.36035 0.481027
9609.32031 0.480295
9610.29004 0.479555
9611.25000 0.478797
9612.21973 0.478037
9613.17969 0.477281
9614.15039 0.476519
9615.12012 0.475759
9616.08984 0.475
9617.04980 0.474249
9618.00977 0.47349
9618.98047 0.472733
9619.95020 0.471975
9620.91016 0.471298
9621.87988 0.470619
9622.84961 0.469945
9623.82031 0.469264
9624.78027 0.468587
9625.75000 0.467913
9626.71973 0.467236
9627.69043 0.466559
9628.65039 0.46589
9629.62012 0.465209
9630.58008 0.464553
9631.55957 0.463902
9632.51953 0.463254
9633.49023 0.462609
9634.45996 0.461961
9635.42969 0.461313
9636.40039 0.460668
9637.36035 0.46002
9638.33008 0.459371
9639.29980 0.458725
9640.26953 0.45806
9641.24023 0.457378
9642.20996 0.456701
9643.16992 0.456017
9644.13965 0.455334
9645.11035 0.454654
9646.08008 0.453968
9647.04980 0.453287
9648.01953 0.452603
9648.99023 0.451917
9649.95996 0.451234
9650.92969 0.45059
9651.90039 0.449952
9652.87012 0.449315
9653.83984 0.448674
9654.80957 0.448038
9655.78027 0.4474
9656.75000 0.446753
9657.71973 0.446113
9658.69043 0.445475
9659.66016 0.444832
9660.62988 0.444106
9661.59961 0.44334
9662.58008 0.442574
9663.54980 0.441808
9664.51953 0.44104
9665.49023 0.440269
9666.45996 0.439506
9667.44043 0.43874
9668.41016 0.437976
9669.37012 0.437219
9670.33984 0.436454
9671.32031 0.435686
9672.29004 0.434923
9673.25977 0.434154
9674.24023 0.433387
9675.20996 0.432626
9676.17969 0.431861
9677.15039 0.431097
9678.12012 0.430332
9679.09961 0.429567
9680.07031 0.428807
9681.04004 0.428062
9682.00977 0.427299
9682.99023 0.426553
9683.95996 0.425802
9684.92969 0.425048
9685.91016 0.424296
9686.87988 0.423549
9687.84961 0.422795
9688.83008 0.422048
9689.80957 0.421291
9690.78027 0.42055
9691.75000 0.419813
9692.73047 0.419075
9693.69043 0.418341
9694.66992 0.417602
9695.63965 0.416866
9696.62012 0.416129
9697.58984 0.415393
9698.57031 0.414652
9699.54004 0.413915
9700.51953 0.413227
9701.49023 0.412582
9702.46973 0.411936
9703.44043 0.411291
9704.41992 0.410647
9705.38965 0.410003
9706.37012 0.409358
9707.33984 0.408711
9708.32031 0.408064
9709.29004 0.40742
9710.26953 0.406767
9711.24023 0.406101
9712.21973 0.405432
9713.20020 0.404763
9714.16992 0.404096
9715.15039 0.403422
9716.12988 0.402758
9717.09961 0.402085
9718.08008 0.40142
9719.05957 0.400751
9720.03027 0.400088
9721.00977 0.399431
9721.98047 0.398782
9722.95996 0.398124
9723.94043 0.397473
9724.91992 0.396817
9725.90039 0.396163
9726.87012 0.395511
9727.84961 0.394859
9728.83008 0.394203
9729.80957 0.393552
9730.78027 0.392891
9731.75977 0.392231
9732.74023 0.391578
9733.71973 0.39092
9734.69043 0.390262
9735.66992 0.389603
9736.65039 0.388944
9737.62988 0.388286
9738.59961 0.387627
9739.58008 0.386968
9740.57031 0.386276
9741.54980 0.385564
9742.51953 0.384852
9743.50000 0.384142
9744.48047 0.383428
9745.45996 0.382716
9746.44043 0.382008
9747.41992 0.381296
9748.40039 0.380582
9749.37988 0.379871
9750.36035 0.379163
9751.33984 0.378462
9752.32031 0.377761
9753.29980 0.377057
9754.28027 0.376351
9755.25977 0.375651
9756.24023 0.374951
9757.21973 0.374243
9758.20020 0.373541
9759.17969 0.372843
9760.16016 0.372142
9761.13965 0.371447
9762.12012 0.370746
9763.09961 0.37005
9764.08008 0.369352
9765.07031 0.368649
9766.04980 0.367951
9767.03027 0.367256
9768.00977 0.36656
9768.99023 0.365859
9769.98047 0.365162
9770.95996 0.36443
9771.94043 0.363696
9772.91016 0.362963
9773.90039 0.362229
9774.87988 0.361493
9775.86035 0.360759
9776.84961 0.360024
9777.83008 0.359291
9778.80957 0.358558
9779.79980 0.357828
9780.78027 0.357163
9781.76953 0.356522
9782.75000 0.355877
9783.73047 0.355238
9784.70996 0.354591
9785.69043 0.353953
9786.66992 0.35331
9787.66016 0.352667
9788.63965 0.352021
9789.62012 0.35138
9790.61035 0.350726
9791.59961 0.350067
9792.58008 0.34941
9793.57031 0.348753
9794.54980 0.348094
9795.53027 0.347437
9796.51953 0.346781
9797.50000 0.346128
9798.49023 0.345467
9799.46973 0.344807
9800.45020 0.344269
9801.44043 0.343873
9802.41992 0.343478
9803.41016 0.343082
9804.38965 0.342687
9805.37988 0.34229
9806.36035 0.341894
9807.34961 0.341495
9808.33984 0.341095
9809.33008 0.340696
9810.30957 0.340303
9811.29004 0.339911
9812.28027 0.339518
9813.25977 0.339126
9814.25000 0.338733
9815.23047 0.338341
9816.23047 0.337945
9817.20996 0.337551
9818.20020 0.337153
9819.17969 0.336762
9820.16992 0.336349
9821.16016 0.335852
9822.15039 0.335354
9823.12988 0.334857
9824.12012 0.334355
9825.09961 0.333859
9826.08984 0.333364
9827.08008 0.332865
9828.07031 0.332367
9829.05957 0.331866
9830.04004 0.331365
9831.03027 0.330862
9832.01953 0.330352
9833.00977 0.329841
9834.00000 0.329334
9834.99023 0.328822
9835.98047 0.328316
9836.95996 0.327812
9837.94043 0.327305
9838.92969 0.326793
9839.91992 0.326281
9840.91992 0.325768
9841.91016 0.325253
9842.90039 0.324735
9843.87988 0.324222
9844.87012 0.323706
9845.86035 0.323188
9846.84961 0.322672
9847.83984 0.322161
9848.83008 0.321642
9849.82031 0.321125
9850.80957 0.320617
9851.79980 0.320116
9852.79004 0.319614
9853.78027 0.31911
9854.76953 0.318603
9855.75977 0.318101
9856.75000 0.317596
9857.74023 0.317087
9858.73047 0.316581
9859.73047 0.316078
9860.71973 0.315623
9861.70996 0.315184
9862.70020 0.314748
9863.67969 0.31431
9864.66992 0.313871
9865.66016 0.313433
9866.66016 0.312991
9867.65039 0.312552
9868.63965 0.312112
9869.63965 0.31167
9870.62988 0.311234
9871.62012 0.310803
9872.61035 0.310372
9873.59961 0.309938
9874.58984 0.309503
9875.58984 0.309068
9876.58008 0.308637
9877.58008 0.308201
9878.55957 0.30777
9879.55957 0.307333
9880.54980 0.306882
9881.54004 0.306419
9882.53027 0.30595
9883.53027 0.305479
9884.51953 0.305014
9885.51953 0.304551
9886.50977 0.304084
9887.50000 0.303616
9888.50000 0.303147
9889.49023 0.302678
9890.48047 0.302241
9891.46973 0.301823
9892.46973 0.3014
9893.46973 0.300982
9894.45996 0.300561
9895.45020 0.300141
9896.45020 0.299723
9897.44043 0.299304
9898.44043 0.298885
9899.42969 0.298463
9900.42969 0.297992
9901.42969 0.29747
9902.41992 0.296943
9903.41016 0.296419
9904.41016 0.295895
9905.40039 0.29537
9906.40039 0.294844
9907.38965 0.294319
9908.38965 0.293794
9909.38965 0.293266
9910.37988 0.292748
9911.37988 0.292245
9912.37012 0.291743
9913.37012 0.29124
9914.36035 0.290736
9915.36035 0.290234
9916.36035 0.28973
9917.36035 0.289226
9918.34961 0.288728
9919.34961 0.288222
9920.33984 0.287718
9921.33984 0.287213
9922.33984 0.286708
9923.33008 0.286206
9924.33008 0.285701
9925.33008 0.285197
9926.33008 0.284689
9927.33008 0.284182
9928.33008 0.283679
9929.32031 0.283174
9930.32031 0.282667
9931.30957 0.282149
9932.30957 0.281629
9933.30957 0.281109
9934.30957 0.280588
9935.30957 0.280066
9936.30957 0.279546
9937.30957 0.279029
9938.30957 0.278508
9939.29980 0.277985
9940.29980 0.277494
9941.29980 0.277065
9942.29980 0.276635
9943.29980 0.276207
9944.29980 0.275777
9945.29980 0.27535
9946.29980 0.274919
9947.29980 0.274487
9948.29004 0.274057
9949.29004 0.273623
9950.29004 0.273188
9951.29004 0.27274
9952.29980 0.272287
9953.29980 0.271838
9954.29980 0.271389
9955.29004 0.270938
9956.29980 0.270484
9957.29004 0.270036
9958.29004 0.269585
9959.29004 0.269133
9960.29980 0.268683
9961.29980 0.268242
9962.29980 0.2678
9963.29980 0.267358
9964.29980 0.266917
9965.30957 0.266475
9966.30957 0.266031
9967.30957 0.265588
9968.30957 0.265144
9969.32031 0.264698
9970.30957 0.264255
9971.30957 0.263805
9972.32031 0.263353
9973.32031 0.262903
9974.32031 0.262451
9975.32031 0.261998
9976.32031 0.261545
9977.33008 0.261089
9978.33008 0.260634
9979.33984 0.260182
9980.33984 0.259698
9981.33984 0.259161
9982.33984 0.258626
9983.34961 0.258082
9984.33984 0.257546
9985.34961 0.257008
9986.36035 0.256466
9987.36035 0.255927
9988.36035 0.255387
9989.37012 0.254845
9990.37012 0.254308
9991.37012 0.253777
9992.37988 0.253242
9993.37988 0.252711
9994.38965 0.252178
9995.40039 0.251643
9996.40039 0.251113
9997.40039 0.250583
9998.40039 0.250047
9999.41016 0.249514
10000.41992 0.249031
10001.41992 0.248624
10002.41992 0.248215
10003.42969 0.247804
10004.44043 0.247392
10005.44043 0.246984
10006.45020 0.246573
10007.45020 0.246166
10008.45996 0.245754
10009.45996 0.245347
10010.46973 0.244931
10011.46973 0.244516
10012.48047 0.244097
10013.49023 0.243677
10014.49023 0.243263
10015.50000 0.242843
10016.50000 0.242428
10017.50977 0.242013
10018.51953 0.241593
10019.51953 0.241179
10020.53027 0.2408
10021.54004 0.240459
10022.54004 0.240121
10023.55957 0.23978
10024.55957 0.239442
10025.57031 0.239099
10026.57031 0.238761
10027.58984 0.238418
10028.58984 0.238079
10029.59961 0.237736
10030.59961 0.23739
10031.62012 0.237036
10032.62012 0.236687
10033.62988 0.236332
10034.62988 0.235982
10035.65039 0.235627
10036.65039 0.235276
10037.66992 0.234921
10038.67969 0.234566
10039.67969 0.234215
10040.70020 0.23386
10041.70020 0.23351
10042.70996 0.233156
10043.71973 0.232806
10044.71973 0.232455
10045.74023 0.232101
10046.75000 0.231746
10047.75000 0.231394
10048.76953 0.231039
10049.76953 0.230687
10050.79004 0.230329
10051.79004 0.229974
10052.80957 0.229615
10053.80957 0.229259
10054.83008 0.2289
10055.83984 0.22854
10056.84961 0.228184
10057.84961 0.227827
10058.87012 0.227467
10059.87988 0.227109
10060.88965 0.226705
10061.90039 0.226298
10062.91016 0.225887
10063.92969 0.225476
10064.92969 0.225069
10065.95020 0.224658
10066.95996 0.224251
10067.96973 0.223839
10068.98047 0.223432
10069.99023 0.223025
10071.00000 0.222617
10072.00977 0.222214
10073.03027 0.221806
10074.04004 0.221398
10075.04980 0.220994
10076.07031 0.220586
10077.08008 0.220182
10078.08984 0.219774
10079.09961 0.21937
10080.12012 0.218961
10081.13965 0.218548
10082.13965 0.21814
10083.15039 0.217732
10084.16992 0.21732
10085.17969 0.216911
10086.20020 0.216498
10087.20020 0.21609
10088.21973 0.215677
10089.23047 0.215268
10090.25000 0.214857
10091.26953 0.214452
10092.28027 0.214052
10093.29980 0.213647
10094.30957 0.213246
10095.33008 0.212841
10096.33008 0.21244
10097.34961 0.212034
10098.36035 0.211633
10099.37988 0.211227
10100.38965 0.210837
10101.41016 0.210458
10102.41992 0.210084
10103.44043 0.209705
10104.45020 0.209331
10105.46973 0.208952
10106.48047 0.208576
10107.50000 0.208197
10108.53027 0.207817
10109.54004 0.207442
10110.55957 0.207074
10111.57031 0.206721
10112.58008 0.206367
10113.59961 0.20601
10114.61035 0.205656
10115.62988 0.205297
10116.65039 0.204939
10117.66016 0.204584
10118.69043 0.204225
10119.70020 0.203869
10120.71973 0.203497
10121.73047 0.203123
10122.75000 0.202746
10123.75977 0.202372
