threeML/data/optical_filters/HST/ACS_WFC-F850LP_81.ecsv
# %ECSV 0.9
# ---
# datatype:
# - {name: wavelength, unit: Angstrom, datatype: float32}
# - {name: response, datatype: float32}
# meta: !!omap
# - {band_name: F850LP_81}
# - {group_name: ACS_WFC}
wavelength response
[from data line 792]
8620.20020 0.990239
8621.07031 0.990801
8621.92969 0.991365
8622.79980 0.991923
8623.66016 0.992482
8624.53027 0.993038
8625.40039 0.993594
8626.25977 0.99415
8627.12988 0.994706
8628.00000 0.995264
8628.86035 0.995812
8629.74023 0.996363
8630.59961 0.995374
8631.46973 0.993696
8632.33008 0.992018
8633.20020 0.990342
8634.07031 0.988666
8634.94043 0.986982
8635.80957 0.985307
8636.66992 0.983635
8637.54004 0.981963
8638.41016 0.980293
8639.28027 0.978621
8640.15039 0.977454
8641.00977 0.978762
8641.87988 0.980085
8642.75000 0.981406
8643.62012 0.982711
8644.49023 0.984021
8645.34961 0.985331
8646.21973 0.986639
8647.08984 0.987946
8647.95996 0.989254
8648.83008 0.990557
8649.70020 0.991868
8650.57031 0.992098
8651.44043 0.991772
8652.30957 0.991448
8653.17969 0.991121
8654.04980 0.990796
8654.91016 0.990468
8655.78027 0.990142
8656.65039 0.989817
8657.53027 0.989489
8658.40039 0.98916
8659.26953 0.988831
8660.13965 0.988619
8661.00977 0.988999
8661.87988 0.989376
8662.74023 0.989752
8663.62012 0.990132
8664.49023 0.990511
8665.36035 0.990885
8666.23047 0.99126
8667.09961 0.991637
8667.96973 0.992011
8668.83984 0.992384
8669.70996 0.992757
8670.58008 0.992555
8671.45020 0.992067
8672.33008 0.991575
8673.20020 0.991088
8674.07031 0.990601
8674.94043 0.990115
8675.80957 0.989627
8676.69043 0.989137
8677.55957 0.988653
8678.42969 0.988166
8679.29980 0.987679
8680.17969 0.987346
8681.04980 0.987641
8681.91992 0.987937
8682.79004 0.988231
8683.66992 0.988524
8684.54004 0.988818
8685.41016 0.989111
8686.28027 0.989401
8687.16016 0.989694
8688.03027 0.989987
8688.90039 0.990271
8689.76953 0.99056
8690.65039 0.990419
8691.51953 0.990124
8692.38965 0.989829
8693.26953 0.989536
8694.13965 0.989242
8695.01953 0.988948
8695.88965 0.988654
8696.76953 0.988354
8697.63965 0.988059
8698.50977 0.987765
8699.37988 0.987472
8700.25977 0.987319
8701.12988 0.987501
8702.00977 0.987684
8702.87988 0.987867
8703.75977 0.988047
8704.62988 0.988228
8705.50977 0.988407
8706.37988 0.988586
8707.25977 0.988764
8708.12988 0.98894
8709.00977 0.989114
8709.88965 0.989291
8710.75977 0.98884
8711.63965 0.988288
8712.50977 0.98774
8713.37988 0.98719
8714.25977 0.986643
8715.12988 0.986095
8716.00977 0.985544
8716.88965 0.984991
8717.75977 0.98444
8718.63965 0.983893
8719.51953 0.983342
8720.38965 0.982948
8721.25977 0.982751
8722.15039 0.982553
8723.01953 0.982355
8723.90039 0.982154
8724.76953 0.981955
8725.65039 0.981755
8726.53027 0.981554
8727.40039 0.981353
8728.28027 0.981152
8729.16016 0.980951
8730.03027 0.980743
8730.91016 0.980317
8731.79004 0.979897
8732.66992 0.979478
8733.54980 0.979056
8734.41992 0.978637
8735.29980 0.978213
8736.17969 0.977794
8737.04980 0.977372
8737.92969 0.976952
8738.80957 0.97653
8739.69043 0.976107
8740.57031 0.976292
8741.45020 0.976803
8742.33008 0.977313
8743.20020 0.977825
8744.08008 0.978335
8744.95996 0.97884
8745.83984 0.979351
8746.70996 0.979854
8747.59961 0.980362
8748.48047 0.980866
8749.34961 0.98137
8750.23047 0.98151
8751.11035 0.980642
8751.99023 0.979777
8752.87012 0.97891
8753.75000 0.978042
8754.63965 0.977174
8755.51953 0.976307
8756.40039 0.975442
8757.26953 0.974578
8758.15039 0.973716
8759.03027 0.972851
8759.91016 0.971986
8760.79004 0.972025
8761.66992 0.972163
8762.55957 0.972303
8763.44043 0.972441
8764.32031 0.972575
8765.20020 0.972708
8766.08008 0.972845
8766.95996 0.972982
8767.83984 0.973118
8768.71973 0.973249
8769.59961 0.973382
8770.49023 0.973104
8771.36035 0.972493
8772.24023 0.971876
8773.12012 0.971261
8774.00977 0.970647
8774.88965 0.970031
8775.76953 0.969417
8776.65039 0.968801
8777.54004 0.968183
8778.41992 0.967567
8779.29980 0.966953
8780.17969 0.966443
8781.07031 0.966326
8781.94043 0.966208
8782.83008 0.966091
8783.70996 0.965969
8784.59961 0.965848
8785.48047 0.965728
8786.36035 0.965609
8787.24023 0.96549
8788.12988 0.96537
8789.00977 0.965246
8789.88965 0.965128
8790.76953 0.964873
8791.66016 0.964603
8792.54980 0.964331
8793.41992 0.964062
8794.30957 0.96379
8795.19043 0.963522
8796.08008 0.963251
8796.95996 0.962978
8797.83984 0.962705
8798.73047 0.962433
8799.62012 0.962159
8800.50000 0.961714
8801.38965 0.961135
8802.26953 0.960557
8803.15039 0.959976
8804.03027 0.959402
8804.91992 0.958816
8805.79980 0.95824
8806.69043 0.957661
8807.58008 0.957078
8808.45996 0.956497
8809.34961 0.955917
8810.23047 0.95545
8811.12012 0.955294
8812.00000 0.95514
8812.88965 0.954981
8813.76953 0.954824
8814.65039 0.954669
8815.54004 0.954509
8816.42969 0.95435
8817.30957 0.954193
8818.20020 0.954035
8819.08984 0.953876
8819.96973 0.953716
8820.86035 0.952507
8821.75000 0.951266
8822.63965 0.950018
8823.51953 0.948777
8824.41016 0.947539
8825.29980 0.946301
8826.17969 0.945062
8827.07031 0.943827
8827.95020 0.942597
8828.83984 0.941356
8829.73047 0.940127
8830.62012 0.939541
8831.50000 0.939249
8832.38965 0.938954
8833.28027 0.938661
8834.16992 0.938369
8835.04980 0.938072
8835.94043 0.93778
8836.83008 0.937486
8837.71973 0.937188
8838.61035 0.936891
8839.49023 0.936597
8840.38965 0.936631
8841.26953 0.937088
8842.16016 0.937545
8843.04980 0.938002
8843.92969 0.93846
8844.82031 0.938915
8845.71973 0.939371
8846.59961 0.939822
8847.49023 0.940273
8848.37988 0.940725
8849.26953 0.941176
8850.16016 0.941459
8851.04980 0.940989
8851.92969 0.940523
8852.83008 0.940051
8853.71973 0.939582
8854.61035 0.939113
8855.50000 0.938644
8856.38965 0.938175
8857.28027 0.937705
8858.16992 0.937233
8859.05957 0.936763
8859.95020 0.936288
8860.83984 0.935875
8861.73047 0.93547
8862.62012 0.935058
8863.50977 0.934649
8864.40039 0.934237
8865.29004 0.93383
8866.17969 0.933424
8867.07031 0.933012
8867.96973 0.932596
8868.86035 0.932186
8869.75000 0.931772
8870.63965 0.93135
8871.53027 0.930921
8872.41992 0.930492
8873.30957 0.930063
8874.20020 0.929635
8875.09961 0.929203
8875.99023 0.928772
8876.87988 0.928344
8877.76953 0.927915
8878.66016 0.927484
8879.55957 0.927056
8880.45020 0.926645
8881.33984 0.926251
8882.23047 0.925858
8883.12012 0.925464
8884.01953 0.92507
8884.91016 0.924673
8885.79980 0.92428
8886.70020 0.923883
8887.58984 0.923493
8888.49023 0.923097
8889.37012 0.922705
8890.26953 0.922327
8891.16016 0.921989
8892.05957 0.921655
8892.95020 0.92132
8893.83984 0.920985
8894.74023 0.92065
8895.62988 0.920314
8896.51953 0.919978
8897.41992 0.919641
8898.30957 0.919304
8899.20996 0.918965
8900.11035 0.9186
8901.00000 0.91807
8901.88965 0.917544
8902.78027 0.91701
8903.67969 0.916476
8904.57031 0.915941
8905.46973 0.915409
8906.37012 0.914875
8907.25977 0.914342
8908.16016 0.913809
8909.04980 0.913276
8909.94043 0.912744
8910.83984 0.91189
8911.73047 0.911023
8912.62988 0.910153
8913.51953 0.90928
8914.41992 0.908402
8915.32031 0.90753
8916.21973 0.906658
8917.11035 0.905788
8918.00977 0.904917
8918.90039 0.904047
8919.79980 0.903179
8920.69043 0.902931
8921.58984 0.902861
8922.49023 0.902793
8923.37988 0.902726
8924.28027 0.902654
8925.17969 0.902583
8926.07031 0.902514
8926.96973 0.902442
8927.87012 0.902369
8928.75977 0.902297
8929.66992 0.902224
8930.55957 0.902054
8931.45996 0.901827
8932.36035 0.9016
8933.25977 0.901374
8934.15039 0.90115
8935.04980 0.900921
8935.94043 0.90069
8936.83984 0.900463
8937.74023 0.900233
8938.63965 0.900005
8939.54004 0.899775
8940.44043 0.899378
8941.33984 0.898805
8942.23047 0.898234
8943.12988 0.89766
8944.03027 0.897086
8944.92969 0.896515
8945.83008 0.895946
8946.73047 0.895371
8947.62988 0.894802
8948.53027 0.894228
8949.41992 0.89366
8950.32031 0.893078
8951.21973 0.892479
8952.12012 0.891884
8953.03027 0.891283
8953.92969 0.89069
8954.83008 0.890092
8955.73047 0.889497
8956.62012 0.888899
8957.51953 0.888303
8958.41992 0.887708
8959.32031 0.887107
8960.23047 0.886582
8961.12012 0.886267
8962.01953 0.885955
8962.92969 0.885641
8963.83008 0.885326
8964.73047 0.885013
8965.62988 0.884698
8966.53027 0.884382
8967.42969 0.884066
8968.33008 0.883748
8969.24023 0.883432
8970.12988 0.883063
8971.04004 0.882382
8971.92969 0.881708
8972.83984 0.881028
8973.74023 0.88035
8974.63965 0.879671
8975.54980 0.87899
8976.45020 0.878312
8977.34961 0.877633
8978.25000 0.876955
8979.15039 0.876277
8980.05957 0.875636
8980.95996 0.875516
8981.86035 0.875401
8982.75977 0.875284
8983.66992 0.875166
8984.57031 0.875047
8985.46973 0.874928
8986.37012 0.87481
8987.26953 0.87469
8988.17969 0.874572
8989.08008 0.874451
8989.98047 0.874325
8990.88965 0.873868
8991.79980 0.8734
8992.70020 0.872932
8993.59961 0.872464
8994.50000 0.872001
8995.41016 0.871531
8996.30957 0.871065
8997.20996 0.870598
8998.12012 0.870132
8999.01953 0.869663
8999.92969 0.869195
9000.83008 0.868747
9001.74023 0.868304
9002.63965 0.867861
9003.54980 0.867416
9004.45020 0.866972
9005.36035 0.866527
9006.25977 0.866078
9007.16992 0.865632
9008.07031 0.865187
9008.98047 0.864741
9009.87988 0.864297
9010.79004 0.863459
9011.69043 0.862559
9012.59961 0.861662
9013.50000 0.860766
9014.41016 0.859865
9015.32031 0.858969
9016.23047 0.858073
9017.12012 0.857184
9018.04004 0.856281
9018.94043 0.85539
9019.84961 0.854493
9020.75000 0.854177
9021.66016 0.85398
9022.57031 0.853785
9023.46973 0.853588
9024.37988 0.853387
9025.29004 0.853189
9026.19043 0.852992
9027.09961 0.852791
9028.00977 0.852591
9028.91992 0.852391
9029.83008 0.852187
9030.73047 0.851521
9031.63965 0.850734
9032.54004 0.849956
9033.45020 0.849174
9034.36035 0.848392
9035.26953 0.847611
9036.16992 0.846829
9037.08008 0.846049
9038.00000 0.845263
9038.90039 0.844481
9039.80957 0.843698
9040.71973 0.843261
9041.62012 0.842917
9042.54004 0.842569
9043.44043 0.842226
9044.34961 0.841876
9045.25977 0.841525
9046.16992 0.841179
9047.08008 0.840832
9047.99023 0.840487
9048.90039 0.840137
9049.80957 0.839787
9050.71973 0.839232
9051.62012 0.83862
9052.53027 0.838009
9053.45020 0.837396
9054.36035 0.836786
9055.25977 0.83618
9056.17969 0.835564
9057.08008 0.834959
9057.99023 0.834349
9058.90039 0.833739
9059.80957 0.833126
9060.71973 0.832596
9061.63965 0.832085
9062.54980 0.831577
9063.45996 0.831068
9064.37012 0.830561
9065.28027 0.830056
9066.19043 0.829551
9067.09961 0.829038
9068.00977 0.828528
9068.91992 0.828015
9069.83008 0.827506
9070.75000 0.827085
9071.66016 0.826687
9072.57031 0.826287
9073.48047 0.825886
9074.38965 0.825485
9075.29980 0.825082
9076.21973 0.824678
9077.12988 0.824276
9078.04004 0.823873
9078.95996 0.823467
9079.86035 0.823066
9080.78027 0.822728
9081.69043 0.822407
9082.59961 0.822083
9083.50977 0.821756
9084.42969 0.821426
9085.33984 0.821097
9086.25977 0.82077
9087.16992 0.820443
9088.08008 0.820116
9089.00000 0.819785
9089.91016 0.819456
9090.82031 0.818589
9091.74023 0.81765
9092.65039 0.816711
9093.55957 0.815783
9094.48047 0.814849
9095.38965 0.813915
9096.29980 0.812984
9097.21973 0.812054
9098.12988 0.811121
9099.04980 0.810189
9099.95996 0.809254
9100.87988 0.809148
9101.79004 0.809075
9102.70020 0.809002
9103.62012 0.808928
9104.53027 0.808851
9105.45020 0.808772
9106.36035 0.808697
9107.28027 0.808621
9108.20020 0.808545
9109.11035 0.808467
9110.03027 0.80837
9110.94043 0.807674
9111.86035 0.806981
9112.76953 0.806286
9113.69043 0.805593
9114.59961 0.8049
9115.51953 0.804202
9116.42969 0.803512
9117.34961 0.802816
9118.26953 0.80212
9119.17969 0.801427
9120.09961 0.800774
9121.01953 0.800465
9121.92969 0.800161
9122.84961 0.799849
9123.76953 0.799537
9124.69043 0.799228
9125.59961 0.798917
9126.51953 0.798606
9127.42969 0.798295
9128.34961 0.797979
9129.26953 0.79767
9130.17969 0.797236
9131.09961 0.796322
9132.01953 0.795402
9132.94043 0.794486
9133.86035 0.793573
9134.76953 0.792656
9135.69043 0.791742
9136.61035 0.79083
9137.53027 0.789916
9138.45020 0.789002
9139.36035 0.788091
9140.29004 0.787367
9141.20020 0.787068
9142.12012 0.786768
9143.04004 0.786465
9143.95996 0.786164
9144.87988 0.785863
9145.79980 0.785562
9146.70996 0.785257
9147.63965 0.784952
9148.55957 0.784651
9149.48047 0.784347
9150.40039 0.783895
9151.30957 0.783246
9152.23047 0.7826
9153.15039 0.781947
9154.07031 0.781298
9154.99023 0.780646
9155.91016 0.779995
9156.83008 0.779348
9157.75000 0.7787
9158.66992 0.778045
9159.58984 0.777394
9160.50977 0.777293
9161.42969 0.777626
9162.34961 0.777957
9163.28027 0.778287
9164.19043 0.778613
9165.12012 0.778942
9166.04004 0.779265
9166.95996 0.779591
9167.87988 0.779915
9168.79980 0.780235
9169.71973 0.780558
9170.65039 0.779535
9171.57031 0.77794
9172.49023 0.776348
9173.41016 0.774754
9174.33008 0.773161
9175.25000 0.771582
9176.17969 0.769987
9177.08984 0.768408
9178.01953 0.76681
9178.94043 0.765228
9179.86035 0.763645
9180.79004 0.763123
9181.70996 0.762783
9182.62988 0.762441
9183.54980 0.762099
9184.48047 0.761756
9185.40039 0.761413
9186.33008 0.761069
9187.25000 0.760724
9188.16992 0.76038
9189.08984 0.760038
9190.01953 0.759686
9190.94043 0.75917
9191.86035 0.758647
9192.78027 0.758124
9193.70996 0.757601
9194.63965 0.757077
9195.55957 0.756556
9196.48047 0.756032
9197.41016 0.755507
9198.33008 0.754983
9199.25977 0.75446
9200.17969 0.753993
9201.09961 0.753752
9202.01953 0.753516
9202.95020 0.753279
9203.87988 0.753039
9204.79980 0.7528
9205.73047 0.752562
9206.65039 0.752318
9207.58008 0.752076
9208.50000 0.751836
9209.42969 0.751594
9210.36035 0.751067
9211.28027 0.750093
9212.20996 0.74912
9213.13965 0.748151
9214.05957 0.747181
9214.98047 0.746212
9215.91016 0.74524
9216.83008 0.744272
9217.75977 0.7433
9218.69043 0.742323
9219.62012 0.741356
9220.54004 0.740873
9221.46973 0.740731
9222.40039 0.74059
9223.32031 0.740448
9224.25000 0.740307
9225.16992 0.740168
9226.09961 0.740024
9227.03027 0.739876
9227.95996 0.739733
9228.87988 0.739593
9229.80957 0.739446
9230.74023 0.738871
9231.66992 0.73819
9232.58984 0.73751
9233.51953 0.736828
9234.45020 0.736142
9235.37988 0.735461
9236.30957 0.734778
9237.23047 0.734098
9238.16992 0.733415
9239.08984 0.732737
9240.01953 0.732063
9240.94043 0.731719
9241.87988 0.731372
9242.80957 0.731032
9243.74023 0.730687
9244.66016 0.730344
9245.58984 0.730001
9246.51953 0.729657
9247.45020 0.729313
9248.37988 0.728966
9249.30957 0.728618
9250.24023 0.728149
9251.16992 0.727355
9252.09961 0.726549
9253.03027 0.725748
9253.95996 0.724953
9254.88965 0.72415
9255.82031 0.72335
9256.75000 0.722551
9257.67969 0.721748
9258.61035 0.720945
9259.54004 0.720145
9260.46973 0.719705
9261.40039 0.719616
9262.33008 0.719529
9263.25977 0.71944
9264.19043 0.719351
9265.12012 0.719261
9266.05957 0.719169
9266.99023 0.719077
9267.91992 0.718981
9268.84961 0.718886
9269.78027 0.718791
9270.70996 0.718372
9271.63965 0.717854
9272.57031 0.717334
9273.50000 0.716817
9274.44043 0.716295
9275.37012 0.715773
9276.29980 0.715255
9277.23047 0.714732
9278.16016 0.714213
9279.09961 0.713691
9280.03027 0.713173
9280.95996 0.712667
9281.90039 0.712155
9282.83008 0.711651
9283.75977 0.711145
9284.70020 0.710637
9285.62988 0.710131
9286.55957 0.709624
9287.49023 0.70912
9288.42969 0.70861
9289.36035 0.708103
9290.29980 0.70761
9291.23047 0.707162
9292.16016 0.706713
9293.09961 0.706267
9294.03027 0.705814
9294.95996 0.705364
9295.90039 0.704915
9296.83008 0.704464
9297.76953 0.704015
9298.70020 0.703563
9299.62988 0.70311
9300.57031 0.702557
9301.50000 0.701944
9302.44043 0.701328
9303.37012 0.700715
9304.30957 0.7001
9305.24023 0.699485
9306.17969 0.698864
9307.11035 0.698249
9308.04980 0.697634
9308.99023 0.697014
9309.91992 0.6964
9310.86035 0.695568
9311.79004 0.694718
9312.71973 0.69387
9313.66016 0.693013
9314.59961 0.692157
9315.53027 0.691311
9316.46973 0.690459
9317.41016 0.689607
9318.33984 0.688758
9319.28027 0.687906
9320.21973 0.687169
9321.15039 0.686807
9322.08984 0.686444
9323.03027 0.686082
9323.96973 0.68572
9324.90039 0.68536
9325.83984 0.684994
9326.76953 0.684633
9327.70996 0.68427
9328.65039 0.683908
9329.58008 0.683543
9330.51953 0.683182
9331.45996 0.682827
9332.40039 0.682477
9333.33984 0.682128
9334.26953 0.681775
9335.20996 0.681422
9336.15039 0.681067
9337.08984 0.680708
9338.03027 0.680352
9338.96973 0.679999
9339.90039 0.679645
9340.83984 0.679014
9341.78027 0.678353
9342.71973 0.677693
9343.66016 0.677031
