threeML/data/optical_filters/HST/ACS_HRC-F775W.ecsv
# %ECSV 0.9
# ---
# datatype:
# - {name: wavelength, unit: Angstrom, datatype: float32}
# - {name: response, datatype: float32}
# meta: !!omap
# - {band_name: F775W}
# - {group_name: ACS_HRC}
wavelength response
[from data line 2379]
8322.83008 0.661268
8323.62012 0.661583
8324.41992 0.6619
8325.23047 0.66222
8326.03027 0.662535
8326.83008 0.662852
8327.62988 0.663171
8328.42969 0.663488
8329.24023 0.663807
8330.04004 0.664068
8330.83984 0.663147
8331.63965 0.662223
8332.44043 0.661308
8333.24023 0.660388
8334.04004 0.659464
8334.83984 0.658544
8335.65039 0.657624
8336.45020 0.656699
8337.25000 0.655778
8338.05957 0.654853
8338.86035 0.653932
8339.66016 0.653013
8340.46973 0.652843
8341.25977 0.653221
8342.07031 0.653603
8342.87012 0.653985
8343.66992 0.654363
8344.48047 0.654745
8345.28027 0.655124
8346.08008 0.655504
8346.88965 0.655885
8347.69043 0.656265
8348.49023 0.656645
8349.29980 0.657027
8350.09961 0.657331
8350.90039 0.657098
8351.70996 0.656863
8352.50977 0.656631
8353.30957 0.656396
8354.12012 0.656161
8354.91992 0.655929
8355.73047 0.655694
8356.53027 0.655461
8357.33008 0.655228
8358.13965 0.654993
8358.94043 0.654761
8359.75000 0.654525
8360.54980 0.653998
8361.36035 0.653337
8362.16016 0.652673
8362.96973 0.652013
8363.76953 0.651356
8364.58008 0.650691
8365.37988 0.650028
8366.17969 0.649371
8366.99023 0.648708
8367.79004 0.648046
8368.59961 0.647381
8369.41016 0.64672
8370.20996 0.64638
8371.01953 0.646939
8371.82031 0.647492
8372.62988 0.648046
8373.44043 0.648605
8374.24023 0.64916
8375.04004 0.649711
8375.84961 0.650266
8376.66016 0.650819
8377.46973 0.651377
8378.26953 0.651932
8379.08008 0.652486
8379.88965 0.653042
8380.69043 0.653225
8381.50000 0.653346
8382.30957 0.653467
8383.11035 0.653586
8383.91992 0.653706
8384.71973 0.653825
8385.53027 0.653946
8386.33984 0.654067
8387.13965 0.654185
8387.95020 0.654305
8388.75977 0.654426
8389.55957 0.654544
8390.37012 0.654613
8391.17969 0.654625
8391.99023 0.654637
8392.79980 0.654646
8393.59961 0.654657
8394.41016 0.654669
8395.21973 0.654681
8396.01953 0.654693
8396.83984 0.654704
8397.65039 0.654713
8398.45020 0.654723
8399.25977 0.654733
8400.07031 0.654761
8400.87988 0.654978
8401.69043 0.655196
8402.49023 0.655411
8403.29980 0.655626
8404.11035 0.655842
8404.91992 0.65606
8405.73047 0.656275
8406.54004 0.656492
8407.33984 0.656707
8408.16016 0.656924
8408.95996 0.657142
8409.76953 0.657355
8410.58008 0.65761
8411.38965 0.657879
8412.20020 0.658149
8413.00977 0.658419
8413.82031 0.658689
8414.62988 0.658958
8415.44043 0.659229
8416.25000 0.6595
8417.05957 0.659769
8417.87012 0.660041
8418.67969 0.660307
8419.49023 0.660577
8420.29980 0.660553
8421.11035 0.660032
8421.91992 0.659507
8422.73047 0.658985
8423.54004 0.658463
8424.34961 0.657938
8425.16016 0.657417
8425.98047 0.656893
8426.79004 0.656372
8427.58984 0.655851
8428.41016 0.655325
8429.21973 0.6548
8430.03027 0.654284
8430.83984 0.65381
8431.65039 0.653337
8432.46973 0.652865
8433.26953 0.652395
8434.08984 0.651924
8434.90039 0.651447
8435.70996 0.650978
8436.51953 0.650508
8437.33984 0.650033
8438.15039 0.64956
8438.95020 0.64909
8439.76953 0.648619
8440.58008 0.647983
8441.40039 0.647288
8442.20996 0.646592
8443.01953 0.645898
8443.83008 0.645199
8444.65039 0.644502
8445.45996 0.643804
8446.26953 0.643105
8447.08008 0.642412
8447.90039 0.641711
8448.70996 0.641016
8449.51953 0.640319
8450.33984 0.639461
8451.15039 0.638391
8451.95996 0.637314
8452.76953 0.636235
8453.58984 0.635157
8454.40039 0.63408
8455.21973 0.632999
8456.03027 0.631922
8456.84961 0.630841
8457.66016 0.629764
8458.46973 0.628689
8459.29004 0.627607
8460.09961 0.62658
8460.91016 0.625869
8461.73047 0.62516
8462.54004 0.624458
8463.34961 0.623752
8464.16992 0.62304
8464.98047 0.622335
8465.79980 0.621624
8466.61035 0.620918
8467.42969 0.620211
8468.25000 0.619501
8469.05957 0.618795
8469.87012 0.618089
8470.69043 0.617175
8471.50000 0.616234
8472.32031 0.615283
8473.12988 0.614338
8473.95020 0.613396
8474.76953 0.612445
8475.58008 0.611499
8476.40039 0.610554
8477.21973 0.609601
8478.03027 0.608656
8478.83984 0.60771
8479.66016 0.60676
8480.48047 0.605627
8481.29004 0.60436
8482.11035 0.603083
8482.91992 0.601823
8483.74023 0.600548
8484.55957 0.599279
8485.37012 0.598012
8486.19043 0.59674
8487.00977 0.595471
8487.82031 0.594204
8488.63965 0.59293
8489.45996 0.591663
8490.28027 0.590037
8491.08984 0.587744
8491.91016 0.585453
8492.73047 0.583163
8493.54980 0.580857
8494.36035 0.578581
8495.17969 0.576273
8496.00000 0.57398
8496.82031 0.571679
8497.62988 0.569387
8498.45020 0.567094
8499.26953 0.564788
8500.08984 0.562437
8500.90039 0.559578
8501.73047 0.556707
8502.54004 0.553854
8503.34961 0.551014
8504.16992 0.548143
8505.00000 0.54527
8505.82031 0.542401
8506.62988 0.539563
8507.45020 0.536707
8508.26953 0.533834
8509.08984 0.53098
8509.91016 0.528126
8510.73047 0.523728
8511.54980 0.519158
8512.37012 0.514562
8513.19043 0.509988
8514.00000 0.50542
8514.83008 0.50082
8515.63965 0.496276
8516.45996 0.491704
8517.28027 0.48711
8518.09961 0.482539
8518.91992 0.477967
8519.74023 0.473371
8520.55957 0.467922
8521.37988 0.462031
8522.20020 0.456168
8523.01953 0.450312
8523.83984 0.444422
8524.66016 0.438596
8525.48047 0.4327
8526.30957 0.426811
8527.12012 0.420987
8527.94043 0.415128
8528.75977 0.409236
8529.58008 0.403377
8530.41016 0.397028
8531.23047 0.390252
8532.04980 0.383467
8532.87012 0.376652
8533.69043 0.369877
8534.50977 0.363094
8535.33008 0.35628
8536.15039 0.34954
8536.98047 0.342719
8537.79980 0.335907
8538.61035 0.32916
8539.44043 0.32235
8540.25977 0.315486
8541.08008 0.308463
8541.91016 0.301399
8542.73047 0.294378
8543.54980 0.287348
8544.37012 0.280286
8545.19043 0.273258
8546.01953 0.266198
8546.83984 0.259172
8547.66016 0.252188
8548.48047 0.245121
8549.30957 0.238055
8550.12988 0.231205
8550.95020 0.225006
8551.76953 0.218844
8552.58984 0.212682
8553.41992 0.206478
8554.24023 0.200318
8555.07031 0.194121
8555.88965 0.187955
8556.70996 0.18179
8557.54004 0.175589
8558.36035 0.169432
8559.17969 0.163298
8560.00977 0.157115
8560.83008 0.152677
8561.66016 0.148214
8562.48047 0.143777
8563.29980 0.13934
8564.12988 0.134872
8564.95020 0.130436
8565.76953 0.125996
8566.59961 0.121534
8567.42969 0.117094
8568.24023 0.112681
8569.07031 0.108216
8569.90039 0.103751
8570.73047 0.10042
8571.54980 0.097282
8572.37012 0.0941215
8573.20020 0.0909465
8574.01953 0.0877907
8574.84961 0.0846313
8575.66992 0.0814573
8576.50000 0.0782984
8577.32031 0.0751397
8578.15039 0.0719664
8578.98047 0.0688085
8579.80957 0.065632
8580.62012 0.0635184
8581.45020 0.0617045
8582.28027 0.0598909
8583.09961 0.0580966
8583.92969 0.0562943
8584.75977 0.0544791
8585.58008 0.0526771
8586.41016 0.0508625
8587.24023 0.049061
8588.05957 0.0472575
8588.88965 0.0454438
8589.71973 0.0436409
8590.54004 0.042243
8591.37012 0.0410507
8592.19043 0.0398726
8593.01953 0.0386791
8593.84961 0.0374942
8594.66992 0.0363095
8595.50000 0.0351164
8596.33008 0.0339304
8597.16016 0.0327459
8597.99023 0.0315531
8598.80957 0.0303673
8599.63965 0.0291819
8600.46973 0.0282439
8601.29980 0.0275058
8602.12012 0.0267676
8602.95020 0.026025
8603.76953 0.0252901
8604.61035 0.0245472
8605.42969 0.0238086
8606.25977 0.0230691
8607.08984 0.022325
8607.91992 0.021586
8608.75000 0.0208461
8609.58008 0.0201017
8610.40039 0.0194947
8611.24023 0.0190241
8612.05957 0.0185562
8612.88965 0.0180903
8613.71973 0.0176195
8614.54980 0.0171485
8615.37012 0.0166824
8616.20996 0.0162112
8617.03027 0.0157422
8617.86035 0.015273
8618.69043 0.0148016
8619.51953 0.0143322
8620.34961 0.0139238
8621.17969 0.0136028
8622.00977 0.0132817
8622.83984 0.0129588
8623.66992 0.0126373
8624.50000 0.0123179
8625.33008 0.0119944
8626.16016 0.0116712
8626.99023 0.0113494
8627.82031 0.011028
8628.65039 0.0107062
8629.48047 0.0103824
8630.30957 0.0100956
8631.13965 0.00986667
8631.98047 0.00963639
8632.80957 0.00940743
8633.63965 0.0091781
8634.46973 0.00894768
8635.29980 0.00871858
8636.12988 0.00848783
8636.95996 0.00825976
8637.79004 0.00803052
8638.62012 0.00779967
8639.45020 0.0075701
8640.28027 0.00736218
8641.12012 0.00719511
8641.95020 0.00702897
8642.78027 0.0068628
8643.61035 0.00669564
8644.44043 0.00652922
8645.28027 0.00636199
8646.09961 0.00619649
8646.94043 0.00602919
8647.78027 0.00586168
8648.59961 0.00569608
8649.42969 0.00552969
8650.26953 0.00537741
8651.09961 0.00525812
8651.94043 0.00513812
8652.76953 0.00501879
8653.59961 0.00489931
9518.95996 0.0
