threeML/data/optical_filters/HST/ACS_WFC-F435W_77.ecsv
# %ECSV 0.9
# ---
# datatype:
# - {name: wavelength, unit: Angstrom, datatype: float32}
# - {name: response, datatype: float32}
# meta: !!omap
# - {band_name: F435W_77}
# - {group_name: ACS_WFC}
wavelength response
[from data line 1596]
4502.31006 0.92646
4502.95996 0.924901
4503.60010 0.923343
4504.25000 0.921783
4504.89990 0.920238
4505.54004 0.918677
4506.18994 0.917117
4506.83008 0.915569
4507.47998 0.914007
4508.12012 0.912457
4508.77002 0.910895
4509.41992 0.909332
4510.06982 0.908059
4510.72021 0.90914
4511.35986 0.910213
4512.00977 0.911294
4512.66016 0.912377
4513.31006 0.913455
4513.95020 0.914534
4514.60010 0.915617
4515.25000 0.9167
4515.89990 0.917783
4516.54980 0.91886
4517.20020 0.919943
4517.85010 0.921022
4518.49023 0.922102
4519.14014 0.923182
4519.79004 0.924267
4520.43994 0.923843
4521.08984 0.922689
4521.72998 0.921541
4522.39014 0.920388
4523.02979 0.919238
4523.68994 0.918082
4524.33984 0.916927
4524.97998 0.915775
4525.62988 0.914623
4526.27979 0.913466
4526.93018 0.912307
4527.58008 0.911158
4528.22998 0.909998
4528.87988 0.908838
4529.52979 0.907683
4530.18018 0.907642
4530.83008 0.910492
4531.47998 0.913341
4532.12988 0.916202
4532.77979 0.919064
4533.43018 0.921917
4534.08008 0.924769
4534.72998 0.927634
4535.39014 0.9305
4536.04004 0.933366
4536.68994 0.936221
4537.33984 0.939076
4537.99023 0.941944
4538.64990 0.944814
4539.29004 0.947662
4539.93994 0.950533
4540.60010 0.951927
4541.25000 0.953193
4541.89990 0.954456
4542.54980 0.95572
4543.20020 0.956983
4543.85010 0.958251
4544.50977 0.959519
4545.16016 0.960778
4545.81006 0.962046
4546.47021 0.963316
4547.12012 0.964587
4547.77002 0.965856
4548.41992 0.967117
4549.08008 0.968389
4549.72998 0.969659
4550.39014 0.970545
4551.02979 0.971156
4551.68994 0.97177
4552.33984 0.972383
4552.99023 0.972996
4553.64990 0.973612
4554.29980 0.974228
4554.95020 0.974838
4555.60986 0.975453
4556.25977 0.976069
4556.91016 0.976682
4557.56982 0.977297
4558.22998 0.977912
4558.87988 0.978528
4559.52979 0.979142
4560.18994 0.979966
4560.83984 0.981317
4561.50000 0.982666
4562.14990 0.984012
4562.81006 0.985359
4563.45996 0.986712
4564.12012 0.988059
4564.77002 0.989405
4565.43018 0.990759
4566.08008 0.992108
4566.74023 0.993458
4567.39014 0.994813
4568.04980 0.996167
4568.70020 0.997512
4569.35986 0.998869
4570.02002 1.0
4570.66992 0.992682
4571.33008 0.985384
4571.97998 0.97809
4572.64014 0.970762
4573.29980 0.963434
4573.95020 0.956134
4574.60986 0.948824
4575.27002 0.94152
4575.91992 0.934183
4576.58008 0.926871
4577.24023 0.919532
4577.89014 0.912219
4578.54980 0.9049
4579.20996 0.897552
4579.85986 0.890235
4580.52002 0.894444
4581.18018 0.901679
4581.83984 0.908909
4582.50000 0.916146
4583.14990 0.923331
4583.81006 0.93057
4584.47021 0.937809
4585.12988 0.945054
4585.79004 0.952267
4586.43994 0.959487
4587.10010 0.966707
4587.75977 0.973927
4588.41992 0.981181
4589.08008 0.988435
4589.74023 0.995658
4590.39014 0.99613
4591.04980 0.992068
4591.70996 0.988016
4592.37012 0.983967
4593.02979 0.979899
4593.68994 0.975827
4594.35010 0.971772
4595.00977 0.967713
4595.66992 0.963639
4596.33008 0.959561
4596.99023 0.955497
4597.64990 0.951416
4598.31006 0.94735
4598.97021 0.943279
4599.62988 0.939208
4600.29004 0.937857
4600.95020 0.940035
4601.60986 0.942213
4602.27002 0.944399
4602.93018 0.946587
4603.58984 0.948767
4604.25000 0.950947
4604.91016 0.953136
4605.56982 0.955327
4606.22998 0.957508
4606.89990 0.95969
4607.56006 0.961881
4608.22021 0.964075
4608.87988 0.96626
4609.54004 0.968448
4610.20020 0.969586
4610.85986 0.968355
4611.52002 0.96712
4612.18994 0.965882
4612.85010 0.964647
4613.50977 0.963414
4614.16992 0.962175
4614.83984 0.96094
4615.50000 0.959706
4616.16016 0.958465
4616.81982 0.957224
4617.49023 0.955984
4618.14990 0.954747
4618.81006 0.95351
4619.47998 0.952268
4620.14014 0.951577
4620.79980 0.952938
4621.47021 0.954298
4622.12988 0.955665
4622.79004 0.957028
4623.45020 0.958392
4624.12012 0.959761
4624.77979 0.961123
4625.43994 0.962487
4626.10986 0.963859
4626.77002 0.965221
4627.43994 0.966586
4628.10010 0.967957
4628.77002 0.969325
4629.43018 0.970698
4630.08984 0.971565
4630.75977 0.969399
4631.43018 0.967235
4632.08984 0.965077
4632.75977 0.96291
4633.41992 0.96075
4634.08984 0.958583
4634.75000 0.956422
4635.41016 0.954261
4636.08008 0.952089
4636.74023 0.949935
4637.41016 0.947764
4638.08008 0.945591
4638.74023 0.943426
4639.41016 0.941262
4640.06982 0.93958
4640.74023 0.941847
4641.41016 0.944122
4642.06982 0.946389
4642.74023 0.948667
4643.39990 0.950936
4644.06982 0.953214
4644.74023 0.955487
4645.41016 0.957767
4646.06982 0.960048
4646.74023 0.962319
4647.41016 0.964593
4648.06982 0.966876
4648.74023 0.969143
4649.41016 0.971427
4650.06982 0.973085
4650.74023 0.969701
4651.41016 0.966301
4652.08008 0.962901
4652.74023 0.95951
4653.41016 0.956108
4654.08008 0.952713
4654.75000 0.949309
4655.41992 0.945914
4656.08984 0.942506
4656.75000 0.939108
4657.41992 0.935696
4658.08984 0.932296
4658.75977 0.928899
4659.43018 0.925483
4660.10010 0.922922
4660.75977 0.925338
4661.43018 0.927773
4662.10010 0.930198
4662.77002 0.932625
4663.43994 0.935063
4664.10986 0.937491
4664.77979 0.939931
4665.45020 0.942362
4666.12012 0.944805
4666.79004 0.947245
4667.45996 0.949679
4668.12988 0.952122
4668.79980 0.954558
4669.47021 0.957003
4670.14014 0.958438
4670.81006 0.956074
4671.47998 0.953702
4672.14990 0.951338
4672.81982 0.948973
4673.49023 0.946598
4674.16016 0.944231
4674.83008 0.941862
4675.50000 0.939486
4676.16992 0.937117
4676.83984 0.934747
4677.52002 0.932367
4678.18994 0.929986
4678.85986 0.927612
4679.52979 0.925239
4680.20020 0.924163
4680.87988 0.926111
4681.54980 0.928061
4682.22021 0.930005
4682.89014 0.931949
4683.56006 0.933899
4684.24023 0.935842
4684.91016 0.937788
4685.58008 0.939741
4686.25000 0.941679
4686.91992 0.943632
4687.60010 0.945588
4688.27002 0.947536
4688.93994 0.949483
4689.62012 0.951441
4690.29004 0.95238
4690.95996 0.95198
4691.64014 0.95158
4692.31006 0.951179
4692.97998 0.950778
4693.66016 0.950377
4694.33008 0.949976
4695.00977 0.949574
4695.68018 0.949171
4696.35010 0.948769
4697.02979 0.948368
4697.70020 0.947965
4698.37988 0.947563
4699.04980 0.947161
4699.72021 0.946758
4700.39990 0.945254
4701.06982 0.942989
4701.75000 0.940714
4702.41992 0.938438
4703.10010 0.93617
4703.77002 0.933902
4704.45020 0.931625
4705.12012 0.929345
4705.79980 0.927072
4706.47021 0.9248
4707.14990 0.922516
4707.81982 0.920241
4708.50000 0.917963
4709.18018 0.915677
4709.85010 0.913389
4710.52979 0.914996
4711.20020 0.917674
4711.87988 0.920349
4712.56006 0.923028
4713.22998 0.925716
4713.91016 0.928407
4714.58984 0.931085
4715.25977 0.933765
4715.93994 0.936454
4716.62012 0.939144
4717.29980 0.941834
4717.97021 0.944516
4718.64990 0.947195
4719.33008 0.949888
4720.00000 0.952548
4720.68018 0.950714
4721.35986 0.948871
4722.04004 0.947034
4722.72021 0.945191
4723.39014 0.943353
4724.06982 0.941514
4724.74023 0.939676
4725.43018 0.937829
4726.10010 0.935979
4726.77979 0.934136
4727.45996 0.932293
4728.14014 0.930442
4728.81982 0.928591
4729.50000 0.926739
4730.16992 0.925898
4730.85010 0.927939
4731.54004 0.929981
4732.20996 0.932015
4732.89014 0.934051
4733.56982 0.936095
4734.25000 0.938132
4734.93018 0.940168
4735.60986 0.942213
4736.29004 0.944253
4736.97021 0.946292
4737.64990 0.948341
4738.33008 0.950388
4739.00977 0.952429
4739.68994 0.954472
4740.37012 0.955118
4741.04980 0.954584
4741.72998 0.954047
4742.41016 0.953515
4743.08984 0.952979
4743.77002 0.952443
4744.45020 0.951911
4745.14014 0.951372
4745.81982 0.950835
4746.50000 0.9503
4747.18018 0.949765
4747.85986 0.949227
4748.54004 0.948693
4749.22021 0.948155
4749.89990 0.947617
4750.58984 0.949479
4751.27002 0.951718
4751.95020 0.953974
4752.62988 0.956231
4753.31982 0.958489
4754.00000 0.960748
4754.68018 0.962991
4755.35986 0.965251
4756.04980 0.967514
4756.72998 0.969761
4757.41016 0.972024
4758.08984 0.974279
4758.77979 0.976546
4759.45996 0.978803
4760.14014 0.979663
4760.81982 0.975185
4761.50977 0.970674
4762.18994 0.966159
4762.87988 0.961643
4763.56006 0.95716
4764.24023 0.952638
4764.93018 0.948117
4765.60986 0.943593
4766.29004 0.939104
4766.97998 0.934578
4767.66016 0.930046
4768.35010 0.925518
4769.02979 0.921006
4769.72021 0.916488
4770.39990 0.913147
4771.08008 0.910639
4771.77002 0.908124
4772.45020 0.905615
4773.14014 0.903103
4773.81982 0.900581
4774.50977 0.89806
4775.18994 0.895545
4775.87988 0.893031
4776.56982 0.890504
4777.25000 0.887977
4777.93994 0.885458
4778.62012 0.882939
4779.31006 0.880407
4780.00000 0.877875
4780.68018 0.861672
4781.37012 0.84535
4782.06006 0.829082
4782.74023 0.812812
4783.43018 0.796526
4784.10986 0.780179
4784.79980 0.763944
4785.47998 0.747591
4786.16992 0.731223
4786.85986 0.714851
4787.54980 0.698534
4788.22998 0.682215
4788.91992 0.665834
4789.60986 0.649438
4790.29980 0.635504
4790.97998 0.624719
4791.66992 0.613892
4792.35986 0.603056
4793.04980 0.592263
4793.72998 0.581467
4794.41992 0.570662
4795.10986 0.559807
4795.79980 0.548995
4796.49023 0.538136
4797.16992 0.527358
4797.85986 0.516493
4798.54980 0.505626
4799.24023 0.494788
4799.93018 0.483954
4800.62012 0.469262
4801.31006 0.454131
4802.00000 0.438984
4802.68994 0.423897
4803.37988 0.408806
4804.06982 0.393647
4804.75977 0.378471
4805.45020 0.363355
4806.14014 0.348235
4806.81982 0.333111
4807.50977 0.317971
4808.20020 0.302773
4808.89990 0.28756
4809.58008 0.272461
4810.27002 0.259746
4810.97021 0.250805
4811.66016 0.241892
4812.35010 0.232977
4813.04004 0.224021
4813.72998 0.215062
4814.41992 0.206132
4815.10986 0.197206
4815.79980 0.188233
4816.50000 0.179256
4817.18994 0.170315
4817.87988 0.161333
4818.56982 0.15238
4819.25977 0.143424
4819.95020 0.134466
4820.64014 0.129318
4821.33984 0.12447
4822.02002 0.119654
4822.72021 0.114802
4823.41016 0.109945
4824.10010 0.105104
4824.79004 0.100264
4825.49023 0.0953986
4826.18018 0.0905349
4826.87988 0.0856833
4827.56982 0.0808333
4828.25977 0.0759609
4828.95020 0.0710833
4829.64990 0.0662247
4830.33984 0.0627117
4831.02979 0.0605924
4831.72998 0.0584794
4832.41992 0.0563658
4833.10986 0.0542438
4833.81006 0.0521195
4834.50000 0.0500108
4835.18994 0.0478849
4835.89014 0.0457656
4836.58008 0.043644
4837.27002 0.0415155
4837.97021 0.0393847
4838.66992 0.0372517
4839.35986 0.0351269
4840.04980 0.0330787
4840.75000 0.0319387
4841.45020 0.0307985
4842.14014 0.0296629
4842.83008 0.0285263
4843.52979 0.0273846
4844.22021 0.0262515
4844.91992 0.0251093
4845.62012 0.0239668
4846.31006 0.0228234
4847.00977 0.0216885
4847.70020 0.0205445
4848.39990 0.0194051
4849.08984 0.0182647
4849.79004 0.0171192
4850.49023 0.0164473
4851.18018 0.0159819
4851.87988 0.0155167
4852.56982 0.0150491
4853.27002 0.0145818
4853.97021 0.014116
4854.66992 0.0136481
4855.35986 0.0131818
4856.06006 0.0127137
4856.75000 0.0122489
4857.45020 0.0117804
4858.14990 0.0113117
4858.85010 0.0108449
4859.54004 0.0103778
4860.24023 0.00997382
4860.93994 0.0096942
4861.64014 0.00941426
4862.33008 0.00913322
4863.02979 0.00885205
4863.72998 0.00857173
4864.43018 0.00829109
4865.12988 0.00800934
4865.81982 0.00772844
4866.52002 0.00744644
4867.22021 0.00716531
4867.91992 0.00688286
4868.62012 0.00660028
4869.31982 0.00631974
4870.02002 0.0060406
4870.72021 0.00591267
4871.41992 0.00578507
4872.10986 0.00565753
4872.81006 0.00552987
4873.50977 0.00540218
4874.20996 0.00527392
4874.91016 0.00514563
4875.60986 0.00501732
4876.31006 0.00488942
4877.00977 0.00476148
4877.70996 0.00463307
4878.41016 0.00450499
4879.10986 0.00437643
4879.81006 0.00424829
4880.50977 0.00415013
4881.20996 0.00406328
4881.91016 0.00397647
4882.60986 0.00388928
4883.31982 0.003802
4884.02002 0.00371506
4884.72021 0.00362808
4885.41992 0.00354103
4886.12012 0.00345401
4886.81982 0.00336654
4887.52002 0.00327941
4888.22021 0.00319189
4888.91992 0.0031047
4889.62988 0.00301713
4890.33008 0.00292958
4891.02979 0.00284246
4891.72998 0.00275494
5380.90283 0.0
