threeML/data/optical_filters/HST/ACS_WFC-F475W_81.ecsv
# %ECSV 0.9
# ---
# datatype:
# - {name: wavelength, unit: Angstrom, datatype: float32}
# - {name: response, datatype: float32}
# meta: !!omap
# - {band_name: F475W_81}
# - {group_name: ACS_WFC}
wavelength response
3452.98486 0.0
3836.64990 0.00197367
3837.07007 0.00204518
3837.48999 0.00211716
3837.91992 0.00218932
3838.34009 0.00226162
3838.76001 0.00233338
3839.17993 0.00240596
3839.60010 0.00247906
3840.02002 0.00255162
3840.43994 0.00262459
3840.86011 0.00269732
3841.28003 0.00277061
3841.69995 0.00284365
3842.12012 0.00291717
3842.54004 0.00299053
3842.96997 0.00306475
3843.38989 0.00313834
3843.81006 0.0032125
3844.22998 0.0032864
3844.64990 0.00336083
3845.07007 0.00343501
3845.48999 0.00350976
3845.91992 0.0035846
3846.33008 0.0036589
3846.76001 0.00373402
3847.17993 0.00380972
3847.60010 0.00388517
3848.02002 0.00396005
3848.43994 0.00403578
3848.87012 0.00411169
3849.29004 0.00418774
3849.70996 0.00426357
3850.12988 0.0043619
3850.55005 0.00451197
3850.97998 0.00466079
3851.39990 0.00481069
3851.82007 0.00496089
3852.23999 0.0051107
3852.65991 0.00526072
3853.09009 0.00541192
3853.51001 0.00556343
3853.92993 0.00571446
3854.35010 0.00586588
3854.78003 0.0060191
3855.19995 0.00617193
3855.62012 0.00632427
3856.04004 0.006477
3856.46997 0.00663075
3856.88989 0.00678481
3857.31006 0.00693846
3857.72998 0.00709243
3858.15991 0.00724831
3858.58008 0.00740369
3859.00000 0.00755866
3859.42993 0.00771395
3859.85010 0.00787036
3860.27002 0.00808396
3860.68994 0.00832831
3861.12012 0.00857327
3861.54004 0.00881982
3861.95996 0.00906698
3862.38989 0.00931462
3862.81006 0.00956271
3863.23999 0.00981128
3863.65991 0.0100579
3864.08008 0.0103075
3864.51001 0.0105577
3864.92993 0.0108083
3865.35010 0.0110569
3865.78003 0.0113097
3866.19995 0.0115619
3866.62012 0.0118132
3867.05005 0.0120663
3867.46997 0.0123186
3867.88989 0.0125728
3868.32007 0.012826
3868.73999 0.0130812
3869.15991 0.0133355
3869.59009 0.0135917
3870.01001 0.0138507
3870.43994 0.0142444
3870.86011 0.0146348
3871.29004 0.0150279
3871.70996 0.0154201
3872.13989 0.015815
3872.56006 0.0162088
3872.97998 0.0166055
3873.40991 0.0170027
3873.83008 0.0174012
3874.26001 0.0178003
3874.67993 0.0181963
3875.11011 0.018597
3875.53003 0.0189987
3875.95996 0.0194012
3876.37988 0.0198006
3876.80005 0.0202048
3877.22998 0.02061
3877.65991 0.0210159
3878.08008 0.0214227
3878.51001 0.0218304
3878.92993 0.022237
3879.35010 0.0226441
3879.78003 0.0230544
3880.20996 0.0235402
3880.62988 0.0241039
3881.05005 0.0246691
3881.47998 0.0252409
3881.90991 0.0258114
3882.33008 0.0263801
3882.76001 0.02695
3883.17993 0.0275244
3883.61011 0.0280996
3884.03003 0.0286734
3884.45996 0.0292484
3884.88989 0.0298275
3885.31006 0.0304078
3885.73999 0.0309897
3886.15991 0.0315697
3886.59009 0.0321537
3887.02002 0.0327392
3887.43994 0.0333232
3887.86011 0.0339083
3888.29004 0.0344974
3888.71997 0.035088
3889.14990 0.0356799
3889.57007 0.0362729
3890.00000 0.0368672
3890.41992 0.0376016
3890.85010 0.038345
3891.28003 0.0390899
3891.69995 0.0398363
3892.12988 0.0405768
3892.55005 0.0413261
3892.97998 0.0420774
3893.40991 0.0428339
3893.84009 0.0435841
3894.26001 0.0443357
3894.68994 0.0450932
3895.12012 0.0458517
3895.54004 0.0466083
3895.96997 0.0473667
3896.39990 0.0481301
3896.82007 0.048895
3897.25000 0.0496618
3897.67993 0.0504262
3898.11011 0.0511959
3898.53003 0.0519632
3898.95996 0.0527364
3899.38989 0.0535106
3899.81006 0.0542827
3900.23999 0.0550741
3900.66992 0.0558849
3901.10010 0.0567021
3901.52002 0.0575084
3901.94995 0.0583244
3902.37988 0.0591424
3902.81006 0.0599621
3903.23999 0.0607797
3903.65991 0.0615986
3904.09009 0.0624238
3904.52002 0.063255
3904.94995 0.0640794
3905.37988 0.0649097
3905.80005 0.0657379
3906.22998 0.0665721
3906.65991 0.0674036
3907.09009 0.0682412
3907.51001 0.0690762
3907.93994 0.0699134
3908.37012 0.0707561
3908.80005 0.0716054
3909.22998 0.0724477
3909.65991 0.0732916
3910.09009 0.0741508
3910.51001 0.0750462
3910.93994 0.0759438
3911.37012 0.076834
3911.80005 0.0777351
3912.22998 0.078643
3912.65991 0.0795429
3913.09009 0.080445
3913.51001 0.0813535
3913.93994 0.0822637
3914.37012 0.0831714
3914.80005 0.084085
3915.22998 0.0849962
3915.65991 0.0859139
3916.09009 0.0868286
3916.52002 0.0877544
3916.94995 0.0886731
3917.37988 0.0895982
3917.80005 0.0905204
3918.23999 0.0914491
3918.66992 0.0923795
3919.09009 0.0933026
3919.52002 0.0942365
3919.94995 0.0951773
3920.38989 0.0960714
3920.81006 0.0969528
3921.23999 0.0978456
3921.66992 0.0987396
3922.10010 0.0996358
3922.53003 0.100529
3922.95996 0.101425
3923.38989 0.102326
3923.82007 0.103229
3924.25000 0.104135
3924.67993 0.105037
3925.11011 0.105946
3925.54004 0.106853
3925.96997 0.107765
3926.39990 0.10868
3926.83008 0.109591
3927.26001 0.110505
3927.68994 0.111429
3928.12012 0.112351
3928.55005 0.113271
3928.97998 0.114192
3929.40991 0.115119
3929.85010 0.116049
3930.28003 0.117003
3930.70996 0.117975
3931.13989 0.118952
3931.57007 0.119933
3932.00000 0.120915
3932.42993 0.121893
3932.86011 0.122879
3933.29004 0.123867
3933.71997 0.124851
3934.15991 0.125842
3934.59009 0.12683
3935.02002 0.127825
3935.44995 0.128822
3935.87988 0.12982
3936.31006 0.130815
3936.73999 0.131813
3937.16992 0.132816
3937.61011 0.133822
3938.04004 0.13483
3938.46997 0.13583
3938.89990 0.136841
3939.33008 0.137854
3939.77002 0.138875
3940.18994 0.139837
3940.62988 0.140755
3941.06006 0.141676
3941.48999 0.142594
3941.91992 0.143518
3942.35010 0.14444
3942.79004 0.145368
3943.21997 0.146297
3943.64990 0.147228
3944.08008 0.148157
3944.52002 0.149092
3944.94995 0.150024
3945.37988 0.150963
3945.81006 0.151903
3946.23999 0.152841
3946.67993 0.15378
3947.11011 0.154726
3947.55005 0.155678
3947.97998 0.156624
3948.40991 0.15757
3948.84009 0.158523
3949.27002 0.159478
3949.70996 0.160431
3950.13989 0.161426
3950.57007 0.162517
3951.01001 0.16361
3951.43994 0.164706
3951.87012 0.165797
3952.30005 0.166896
3952.73999 0.167992
3953.16992 0.169095
3953.60010 0.170195
3954.04004 0.171302
3954.46997 0.172405
3954.89990 0.173517
3955.34009 0.174635
3955.77002 0.17575
3956.19995 0.176856
3956.63989 0.177976
3957.07007 0.179097
3957.51001 0.180221
3957.93994 0.181335
3958.37012 0.182462
3958.81006 0.183597
3959.23999 0.184723
3959.67993 0.185857
3960.11011 0.186974
3960.54004 0.188059
3960.97998 0.18914
3961.40991 0.190229
3961.84009 0.191314
3962.28003 0.192407
3962.70996 0.193497
3963.14990 0.194593
3963.58008 0.195693
3964.01001 0.196787
3964.44995 0.19789
3964.88989 0.198995
3965.32007 0.200097
3965.75000 0.201201
3966.18994 0.202312
3966.62012 0.20343
3967.06006 0.204545
3967.48999 0.205651
3967.92993 0.206771
3968.36011 0.207892
3968.80005 0.209015
3969.22998 0.210129
3969.66992 0.211256
3970.10010 0.212411
3970.54004 0.213647
3970.96997 0.214881
3971.40991 0.216129
3971.84009 0.217366
3972.28003 0.218607
3972.70996 0.219854
3973.14990 0.221105
3973.58008 0.222351
3974.02002 0.223599
3974.44995 0.224855
3974.88989 0.226121
3975.33008 0.227376
3975.76001 0.228633
3976.19995 0.229898
3976.63989 0.231166
3977.07007 0.232429
3977.50000 0.233695
3977.93994 0.23497
3978.37988 0.236246
3978.81006 0.237518
3979.25000 0.238799
3979.68994 0.240082
3980.12012 0.241329
3980.56006 0.242477
3980.98999 0.243625
3981.42993 0.244782
3981.87012 0.245941
3982.30005 0.247096
3982.73999 0.248265
3983.17993 0.24943
3983.61011 0.250585
3984.05005 0.251754
3984.48999 0.252925
3984.91992 0.254099
3985.36011 0.255262
3985.79004 0.256441
3986.22998 0.257621
3986.66992 0.258802
3987.11011 0.259986
3987.54004 0.261166
3987.97998 0.262355
3988.41992 0.263539
3988.85010 0.264732
3989.29004 0.26592
3989.72998 0.267117
3990.15991 0.268289
3990.60010 0.26944
3991.04004 0.27058
3991.47998 0.271729
3991.90991 0.272874
3992.35010 0.274026
3992.79004 0.275174
3993.22998 0.276324
3993.65991 0.277482
3994.10010 0.278642
3994.54004 0.279804
3994.97998 0.280962
3995.41992 0.282128
3995.86011 0.283295
3996.29004 0.284464
3996.72998 0.285623
3997.16992 0.286797
3997.61011 0.287972
3998.05005 0.289149
3998.47998 0.290328
3998.91992 0.291509
3999.36011 0.292685
3999.80005 0.293863
4000.23999 0.294915
4000.67993 0.295851
4001.11011 0.296783
4001.55005 0.297717
4001.98999 0.298656
4002.42993 0.299597
4002.87012 0.300538
4003.30005 0.301476
4003.73999 0.30242
4004.17993 0.303365
4004.62012 0.304306
4005.06006 0.305247
4005.50000 0.306194
4005.93994 0.307143
4006.37988 0.308093
4006.82007 0.309039
4007.26001 0.309991
4007.69995 0.310943
4008.12988 0.311893
4008.57007 0.312848
4009.01001 0.3138
4009.44995 0.314757
4009.88989 0.31571
4010.33008 0.316662
4010.77002 0.317611
4011.20996 0.318557
4011.64990 0.319508
4012.09009 0.320461
4012.53003 0.321414
4012.96997 0.32236
4013.40991 0.323315
4013.85010 0.324271
4014.29004 0.325234
4014.72998 0.326183
4015.16992 0.327143
4015.61011 0.328104
4016.05005 0.329061
4016.48999 0.330023
4016.92993 0.330981
4017.37012 0.331946
4017.81006 0.332907
4018.25000 0.333873
4018.68994 0.334841
4019.12988 0.33581
4019.57007 0.336775
4020.01001 0.337745
4020.44995 0.338671
4020.88989 0.339593
4021.33008 0.340517
4021.77002 0.341446
4022.21997 0.34238
4022.64990 0.343302
4023.10010 0.344234
4023.54004 0.345168
4023.97998 0.346102
4024.41992 0.347029
4024.86011 0.347965
4025.30005 0.348903
4025.73999 0.349842
4026.17993 0.350776
4026.62012 0.351712
4027.07007 0.352659
4027.51001 0.353597
4027.94995 0.35454
4028.38989 0.355485
4028.83008 0.356427
4029.27002 0.357369
4029.70996 0.358318
4030.15991 0.359371
4030.60010 0.360595
4031.04004 0.36182
4031.47998 0.363052
4031.91992 0.364286
4032.36011 0.365516
4032.80005 0.366746
4033.25000 0.367983
4033.68994 0.369223
4034.12988 0.370463
4034.57007 0.371698
4035.02002 0.372941
4035.45996 0.374186
4035.89990 0.375425
4036.34009 0.376666
4036.79004 0.377914
4037.22998 0.379164
4037.66992 0.380409
4038.12012 0.381667
4038.56006 0.382921
4039.00000 0.384163
4039.43994 0.38542
4039.88989 0.386678
4040.33008 0.387896
4040.77002 0.389091
4041.20996 0.390299
4041.65991 0.391508
4042.10010 0.392718
4042.54004 0.393917
4042.98999 0.395136
4043.42993 0.396349
4043.87012 0.397565
4044.31006 0.398775
4044.76001 0.399986
4045.19995 0.401204
4045.63989 0.402424
4046.09009 0.403638
4046.53003 0.404861
4046.96997 0.406084
4047.41992 0.407302
4047.86011 0.408528
4048.30005 0.409749
4048.75000 0.410976
4049.18994 0.4122
4049.63989 0.41343
4050.08008 0.414694
4050.52002 0.416151
4050.96997 0.417609
4051.40991 0.419068
4051.86011 0.420529
4052.30005 0.421976
4052.73999 0.423439
4053.18994 0.424904
4053.62988 0.426369
4054.08008 0.427836
4054.52002 0.429304
4054.96997 0.430768
4055.40991 0.432239
4055.85010 0.433704
4056.30005 0.435178
4056.73999 0.436654
4057.18994 0.438123
4057.62988 0.439594
4058.08008 0.441074
4058.52002 0.442554
4058.96997 0.444029
4059.40991 0.445511
4059.86011 0.446996
4060.30005 0.448208
4060.75000 0.449299
4061.18994 0.450385
4061.63989 0.451478
4062.08008 0.452565
4062.53003 0.45366
4062.96997 0.454756
4063.41992 0.455853
4063.86011 0.456945
4064.31006 0.458039
4064.75000 0.459139
4065.19995 0.46024
4065.63989 0.461337
4066.09009 0.462434
4066.53003 0.463539
4066.97998 0.46465
4067.42993 0.46575
4067.87012 0.466857
4068.32007 0.467966
4068.76001 0.469064
4069.20996 0.470175
4069.65991 0.471286
4070.10010 0.472386
4070.55005 0.473442
4070.98999 0.474494
4071.43994 0.475553
4071.88989 0.476612
4072.33008 0.477667
4072.78003 0.478727
4073.21997 0.479784
4073.66992 0.480848
4074.12012 0.481907
4074.56006 0.482972
4075.01001 0.484038
4075.45996 0.485101
4075.90991 0.486171
4076.35010 0.487235
4076.80005 0.488306
4077.23999 0.489372
4077.68994 0.490445
4078.13989 0.491524
4078.59009 0.492599
4079.03003 0.493664
4079.47998 0.494741
4079.92993 0.495819
4080.37012 0.496416
4080.82007 0.496927
4081.27002 0.497437
4081.71997 0.497948
4082.15991 0.498454
4082.61011 0.498966
4083.06006 0.499481
4083.51001 0.499993
4083.94995 0.500503
4084.39990 0.501017
4084.85010 0.501531
4085.30005 0.502042
4085.73999 0.502554
4086.18994 0.503069
4086.63989 0.503584
4087.09009 0.504098
4087.53003 0.504614
4087.97998 0.505131
4088.42993 0.505645
4088.87988 0.506162
4089.32007 0.506678
4089.77002 0.507196
4090.21997 0.507767
4090.66992 0.508397
4091.12012 0.509028
4091.57007 0.509659
4092.02002 0.510288
4092.45996 0.510917
4092.90991 0.511549
4093.36011 0.512183
4093.81006 0.512814
4094.26001 0.513452
4094.70996 0.514087
4095.15991 0.514719
4095.61011 0.515351
4096.06006 0.515988
4096.50000 0.516625
4096.95020 0.517263
4097.39990 0.517895
4097.85010 0.518533
4098.29980 0.519172
4098.75000 0.519811
4099.20020 0.520448
4099.64990 0.521088
4100.10010 0.521713
4100.54980 0.522279
4100.99023 0.522845
4101.43994 0.523414
4101.89014 0.523984
4102.33984 0.524551
4102.79004 0.525121
4103.24023 0.525692
4103.68994 0.52626
4104.14014 0.526831
4104.58984 0.527401
4105.04004 0.527974
4105.49023 0.528543
4105.93994 0.529116
4106.39014 0.529686
4106.83984 0.53026
4107.29004 0.530832
4107.74023 0.53141
4108.18994 0.531985
4108.64014 0.532561
4109.08984 0.533132
4109.54004 0.533708
4109.99023 0.534285
4110.43994 0.535072
4110.89990 0.535865
4111.35010 0.536655
4111.79980 0.537448
4112.24023 0.538239
4112.70020 0.539034
4113.14990 0.539826
4113.60010 0.540622
4114.04980 0.541415
4114.50000 0.542213
4114.95020 0.543011
4115.39990 0.543807
4115.85010 0.544606
4116.29980 0.545407
4116.75000 0.546204
4117.20020 0.547001
4117.66016 0.547803
4118.10986 0.548605
4118.56006 0.549414
4119.00977 0.550211
4119.45996 0.551015
4119.91016 0.551821
4120.37012 0.552587
4120.81006 0.553338
4121.27002 0.554097
4121.72021 0.554857
4122.16992 0.555616
4122.62012 0.556368
4123.06982 0.557129
4123.52979 0.557892
4123.97998 0.558654
4124.43018 0.559415
4124.87988 0.560178
4125.33984 0.560938
4125.79004 0.561698
4126.24023 0.562462
4126.68994 0.563227
4127.14990 0.563992
4127.60010 0.564755
4128.04980 0.565522
4128.50000 0.566289
4128.95020 0.567054
4129.39990 0.567818
4129.85986 0.568587
4130.31006 0.569491
4130.75977 0.570453
4131.22021 0.571422
4131.66992 0.572387
4132.12012 0.573361
4132.56982 0.574326
4133.02979 0.575293
4133.47998 0.576264
4133.93018 0.577238
4134.39014 0.578206
4134.83984 0.579178
4135.29980 0.580158
4135.74023 0.581123
4136.20020 0.5821
4136.64990 0.583076
4137.10986 0.584054
4137.56006 0.585023
4138.00977 0.586002
4138.47021 0.586981
4138.91992 0.58796
4139.37012 0.588933
4139.81982 0.589915
4140.27979 0.590621
4140.72998 0.591149
4141.18994 0.591679
4141.64014 0.592207
4142.10010 0.592739
4142.54980 0.593267
4143.00000 0.593799
4143.45996 0.594331
4143.91016 0.594863
4144.37012 0.595395
4144.81982 0.595929
4145.27002 0.59646
4145.72998 0.596994
4146.18018 0.597526
4146.64014 0.598062
4147.08984 0.598598
4147.54004 0.599128
4148.00000 0.599665
4148.45996 0.600204
4148.91016 0.600741
4149.35986 0.601273
4149.81982 0.601812
4150.27002 0.602302
4150.72998 0.602762
4151.18018 0.603219
4151.64014 0.603678
4152.10010 0.604137
4152.54980 0.604595
4153.00977 0.605056
4153.45996 0.605516
4153.91016 0.605973
4154.37012 0.606432
4154.81982 0.606894
4155.27979 0.607355
4155.72998 0.607815
4156.18994 0.608274
4156.64990 0.608739
4157.10010 0.609202
4157.56006 0.609663
4158.00977 0.610124
4158.47021 0.610587
4158.93018 0.611049
4159.37988 0.611511
4159.83984 0.611974
4160.29004 0.612126
4160.75000 0.612103
4161.20020 0.612079
4161.66016 0.612056
4162.12012 0.612032
4162.56982 0.612007
4163.02979 0.611983
4163.47998 0.611959
4163.93994 0.611935
4164.39990 0.61191
4164.85010 0.611885
4165.31006 0.611861
4165.77002 0.611835
4166.22021 0.611811
4166.68018 0.611786
4167.14014 0.611762
4167.58984 0.611736
4168.04980 0.61171
4168.50977 0.611684
4168.97021 0.611658
4169.41992 0.611633
4169.87988 0.611607
4170.33008 0.611771
4170.79004 0.612003
4171.25000 0.612236
4171.70996 0.61247
4172.16016 0.612703
4172.62012 0.612937
4173.08008 0.61317
4173.54004 0.613404
4173.99023 0.613637
4174.45020 0.613871
4174.91016 0.614103
4175.35986 0.614338
4175.81982 0.614572
4176.27979 0.614806
4176.74023 0.61504
4177.20020 0.615275
4177.64990 0.615509
4178.10986 0.615743
4178.56982 0.615977
4179.02979 0.616212
4179.49023 0.616447
4179.93994 0.61668
4180.39990 0.616703
4180.85986 0.616694
4181.31982 0.616686
4181.77979 0.616677
4182.22998 0.616668
4182.68994 0.616659
