threeML/data/optical_filters/HST/ACS_HRC-F850LP.ecsv
# %ECSV 0.9
# ---
# datatype:
# - {name: wavelength, unit: Angstrom, datatype: float32}
# - {name: response, datatype: float32}
# meta: !!omap
# - {band_name: F850LP}
# - {group_name: ACS_HRC}
wavelength response
[from data line 794]
8669.76953 0.933196
8670.65039 0.933462
8671.51953 0.933533
8672.40039 0.933605
8673.28027 0.933679
8674.16016 0.93375
8675.03027 0.933822
8675.91016 0.933894
8676.78027 0.933964
8677.66992 0.934035
8678.54004 0.934106
8679.41992 0.934176
8680.29980 0.934497
8681.17969 0.935302
8682.05957 0.936111
8682.94043 0.936912
8683.80957 0.937716
8684.69043 0.938525
8685.57031 0.939328
8686.45020 0.940131
8687.33008 0.940937
8688.20020 0.941739
8689.08984 0.942547
8689.96973 0.943352
8690.83984 0.943438
8691.73047 0.943491
8692.59961 0.943547
8693.48047 0.943602
8694.36035 0.943659
8695.24023 0.943715
8696.12012 0.943768
8697.00000 0.943823
8697.87988 0.943877
8698.75977 0.943928
8699.63965 0.943982
8700.51953 0.944483
8701.40039 0.9453
8702.28027 0.946115
8703.16016 0.946929
8704.04980 0.947746
8704.91992 0.948556
8705.79980 0.949371
8706.69043 0.950186
8707.57031 0.950998
8708.45020 0.951817
8709.33008 0.952631
8710.20996 0.953244
8711.08984 0.953231
8711.96973 0.953221
8712.84961 0.953208
8713.74023 0.953196
8714.62012 0.953181
8715.50000 0.953166
8716.37988 0.953154
8717.25977 0.953143
8718.15039 0.953127
8719.03027 0.953113
8719.91016 0.953096
8720.79004 0.953385
8721.67969 0.953706
8722.55957 0.954025
8723.44043 0.954342
8724.32031 0.954662
8725.20020 0.954984
8726.08984 0.955304
8726.96973 0.955625
8727.84961 0.955943
8728.74023 0.956263
8729.62012 0.956582
8730.50000 0.956809
8731.38965 0.956969
8732.25977 0.95713
8733.16016 0.957289
8734.04004 0.957448
8734.91992 0.957609
8735.79980 0.957767
8736.67969 0.957925
8737.57031 0.958084
8738.45020 0.958243
8739.33984 0.958401
8740.23047 0.95877
8741.11035 0.95975
8741.99023 0.960733
8742.87988 0.961724
8743.75977 0.962707
8744.63965 0.963683
8745.53027 0.964674
8746.41992 0.965655
8747.29980 0.966636
8748.17969 0.967621
8749.07031 0.968602
8749.95996 0.96959
8750.83984 0.969423
8751.71973 0.969193
8752.61035 0.968962
8753.50000 0.968734
8754.37988 0.968506
8755.26953 0.968276
8756.15039 0.968047
8757.03027 0.96782
8757.92969 0.967586
8758.80957 0.967352
8759.70020 0.967118
8760.58008 0.967441
8761.46973 0.968047
8762.36035 0.968654
8763.24023 0.969258
8764.12988 0.969865
8765.01953 0.970468
8765.90039 0.971075
8766.79004 0.971677
8767.66992 0.972283
8768.55957 0.972885
8769.45996 0.973495
8770.33984 0.973847
8771.21973 0.973796
8772.11035 0.973743
8773.00000 0.973691
8773.88965 0.973641
8774.78027 0.973586
8775.66016 0.973531
8776.54980 0.973478
8777.44043 0.973425
8778.33008 0.973371
8779.21973 0.973315
8780.09961 0.973315
8780.99023 0.973733
8781.88965 0.974154
8782.76953 0.974564
8783.66016 0.974978
8784.54980 0.975396
8785.42969 0.975811
8786.32031 0.976224
8787.21973 0.97664
8788.09961 0.977055
8789.00000 0.977468
8789.87988 0.97788
8790.76953 0.978131
8791.66016 0.978355
8792.54980 0.978577
8793.42969 0.9788
8794.33008 0.979027
8795.21973 0.979251
8796.09961 0.979472
8797.00000 0.979692
8797.88965 0.979915
8798.78027 0.98014
8799.66992 0.980359
8800.55957 0.980389
8801.45020 0.980302
8802.33984 0.980212
8803.23047 0.980126
8804.12012 0.980041
8805.00977 0.979949
8805.90039 0.979861
8806.79004 0.979773
8807.67969 0.979682
8808.58008 0.979589
8809.46973 0.979501
8810.36035 0.979604
8811.25000 0.979996
8812.13965 0.980385
8813.03027 0.980774
8813.92969 0.98117
8814.82031 0.981556
8815.70996 0.981945
8816.59961 0.982333
8817.49023 0.982722
8818.38965 0.983111
8819.26953 0.983499
8820.16992 0.983675
8821.05957 0.982922
8821.95020 0.982173
8822.83984 0.981426
8823.74023 0.980673
8824.62988 0.979921
8825.51953 0.979171
8826.41992 0.978415
8827.30957 0.977661
8828.20020 0.97691
8829.08984 0.976158
8829.99023 0.975405
8830.87988 0.975589
8831.76953 0.975785
8832.66992 0.975979
8833.55957 0.976176
8834.45996 0.976369
8835.34961 0.976562
8836.25000 0.976756
8837.13965 0.976951
8838.04004 0.977148
8838.92969 0.977336
8839.82031 0.977528
8840.71973 0.978397
8841.61035 0.979434
8842.50000 0.980468
8843.40039 0.98151
8844.29004 0.982547
8845.19043 0.98358
8846.08008 0.984621
8846.98047 0.985655
8847.87988 0.986691
8848.76953 0.987726
8849.66992 0.98876
8850.55957 0.989212
8851.45996 0.989317
8852.34961 0.989424
8853.25000 0.989529
8854.13965 0.989632
8855.03027 0.989732
8855.92969 0.989837
8856.83008 0.989941
8857.73047 0.990046
8858.62012 0.990148
8859.51953 0.990249
8860.41992 0.990308
8861.30957 0.990317
8862.20020 0.990323
8863.11035 0.990332
8864.00000 0.990342
8864.90039 0.990346
8865.79980 0.990353
8866.69043 0.990358
8867.58984 0.990363
8868.49023 0.990369
8869.37988 0.990375
8870.28027 0.990398
8871.17969 0.990463
8872.08008 0.990525
8872.98047 0.990591
8873.87012 0.990653
8874.75977 0.990716
8875.66992 0.990777
8876.57031 0.990838
8877.45996 0.990899
8878.36035 0.990961
8879.25977 0.991025
8880.16016 0.991104
8881.05957 0.991291
8881.95020 0.991476
8882.84961 0.991663
8883.75000 0.991846
8884.65039 0.992031
8885.54980 0.992214
8886.44043 0.992394
8887.34961 0.992578
8888.25000 0.992761
8889.15039 0.992942
8890.04980 0.993125
8890.94043 0.993264
8891.83984 0.993408
8892.75000 0.993554
8893.65039 0.993693
8894.54004 0.993835
8895.45020 0.993978
8896.33984 0.994117
8897.25000 0.994257
8898.15039 0.994395
8899.04004 0.994528
8899.95020 0.994672
8900.84961 0.994668
8901.74023 0.994649
8902.65039 0.994633
8903.54980 0.994619
8904.45020 0.994603
8905.34961 0.994584
8906.25000 0.994566
8907.15039 0.994544
8908.04980 0.994527
8908.95020 0.994513
8909.84961 0.994491
8910.75000 0.994147
8911.65039 0.993738
8912.55957 0.993322
8913.45996 0.992917
8914.36035 0.992511
8915.26953 0.992099
8916.16992 0.99169
8917.07031 0.991282
8917.96973 0.990864
8918.87012 0.990454
8919.78027 0.990042
8920.67969 0.990263
8921.58008 0.990691
8922.48047 0.991117
8923.37988 0.991545
8924.28027 0.991976
8925.20020 0.992407
8926.08984 0.992829
8927.00000 0.993258
8927.90039 0.993685
8928.79980 0.994108
8929.70996 0.994535
8930.61035 0.994904
8931.50977 0.99525
8932.41992 0.995595
8933.32031 0.995937
8934.23047 0.99628
8935.12988 0.996622
8936.03027 0.996961
8936.92969 0.997304
8937.83984 0.997646
8938.75000 0.997982
8939.65039 0.998326
8940.55957 0.998376
8941.45996 0.998242
8942.37012 0.99811
8943.26953 0.997978
8944.16992 0.997844
8945.08008 0.997715
8945.99023 0.997579
8946.88965 0.997443
8947.79004 0.997308
8948.70020 0.997171
8949.61035 0.997036
8950.50977 0.996893
8951.41016 0.996742
8952.32031 0.996592
8953.23047 0.99644
8954.12988 0.996286
8955.04004 0.996138
8955.95020 0.995984
8956.84961 0.995833
8957.75977 0.99568
8958.66992 0.995527
8959.57031 0.995373
8960.48047 0.995426
8961.37988 0.995671
8962.29004 0.995916
8963.20020 0.996158
8964.09961 0.996397
8965.00977 0.996642
8965.91992 0.996881
8966.82031 0.997126
8967.73047 0.997364
8968.63965 0.997607
8969.54980 0.997849
8970.45996 0.997832
8971.36035 0.997567
8972.26953 0.997302
8973.17969 0.997034
8974.08008 0.996766
8974.99023 0.996493
8975.90039 0.996229
8976.80957 0.995959
8977.71973 0.995689
8978.62988 0.995421
8979.54004 0.995148
8980.44043 0.995213
8981.34961 0.995625
8982.25977 0.996033
8983.16992 0.996442
8984.08008 0.99685
8984.99023 0.997257
8985.90039 0.997667
8986.79980 0.998072
8987.71973 0.998481
8988.62012 0.998887
8989.54004 0.999294
8990.44043 0.999466
8991.34961 0.999396
8992.26953 0.999326
8993.16992 0.999256
8994.08008 0.999181
8995.00000 0.999113
8995.90039 0.999041
8996.80957 0.998966
8997.71973 0.998895
8998.62988 0.998823
8999.54980 0.998747
9000.45020 0.998771
9001.36035 0.998897
9002.28027 0.999023
9003.19043 0.999145
9004.09961 0.999267
9005.00977 0.999396
9005.91992 0.999514
9006.83008 0.999639
9007.75000 0.99976
9008.65039 0.999882
9009.55957 1.0
9010.48047 0.999738
9011.38965 0.999125
9012.29980 0.998507
9013.20996 0.997894
9014.12012 0.997283
9015.04004 0.996668
9015.95020 0.996054
9016.86035 0.995439
9017.76953 0.994818
9018.67969 0.994206
9019.59961 0.993584
9020.50977 0.993477
9021.41992 0.993771
9022.33008 0.994065
9023.25000 0.994357
9024.16016 0.99465
9025.07031 0.994943
9025.99023 0.995235
9026.90039 0.995522
9027.80957 0.995816
9028.73047 0.996105
9029.63965 0.996393
9030.55957 0.996252
9031.45996 0.995836
9032.38965 0.995414
9033.29980 0.994996
9034.20020 0.994578
9035.12012 0.994157
9036.03027 0.993735
9036.95020 0.993315
9037.87012 0.992891
9038.78027 0.99247
9039.70020 0.992046
9040.61035 0.99198
9041.51953 0.992087
9042.44043 0.992194
9043.34961 0.992298
9044.25977 0.992404
9045.19043 0.992511
9046.09961 0.992615
9047.00977 0.992715
9047.92969 0.992816
9048.83984 0.992918
9049.75977 0.993021
9050.67969 0.992883
9051.58984 0.992662
9052.50977 0.992437
9053.41992 0.992213
9054.33984 0.99199
9055.25977 0.991765
9056.16992 0.991541
9057.08008 0.991315
9058.00000 0.99109
9058.91992 0.990865
9059.83984 0.990635
9060.75000 0.990568
9061.66992 0.990542
9062.58984 0.990512
9063.50000 0.990483
9064.41992 0.990454
9065.33984 0.990424
9066.25977 0.990393
9067.16992 0.990359
9068.08984 0.990326
9069.00000 0.990291
9069.91992 0.990262
9070.83984 0.990219
9071.75977 0.990183
9072.67969 0.990141
9073.59961 0.990097
9074.50977 0.990053
9075.42969 0.990009
9076.34961 0.989967
9077.26953 0.989921
9078.19043 0.989874
9079.11035 0.989829
9080.01953 0.989792
9080.94043 0.989945
9081.86035 0.990094
9082.78027 0.990244
9083.70020 0.990397
9084.61035 0.990547
9085.54004 0.990696
9086.45996 0.990845
9087.37012 0.990993
9088.29980 0.991142
9089.21973 0.99129
9090.12988 0.991328
9091.05957 0.990727
9091.98047 0.99013
9092.88965 0.989533
9093.80957 0.988938
9094.73047 0.988338
9095.65039 0.987733
9096.57031 0.987134
9097.49023 0.986535
9098.41992 0.985932
9099.33008 0.985333
9100.25000 0.984986
9101.17969 0.985311
9102.09961 0.98563
9103.01953 0.985956
9103.94043 0.986276
9104.86035 0.986597
9105.78027 0.986916
9106.70020 0.987234
9107.62012 0.98755
9108.54980 0.987869
9109.46973 0.988186
9110.38965 0.988237
9111.30957 0.987918
9112.23047 0.9876
9113.16016 0.98728
9114.08008 0.986956
9115.00000 0.986641
9115.91992 0.98632
9116.84961 0.986001
9117.76953 0.985681
9118.69043 0.985356
9119.61035 0.985036
9120.53027 0.984974
9121.45996 0.985103
9122.37988 0.985233
9123.29980 0.985362
9124.23047 0.985493
9125.15039 0.985619
9126.07031 0.985748
9127.00000 0.985869
9127.91992 0.985997
9128.83984 0.986126
9129.76953 0.986251
9130.69043 0.985884
9131.61035 0.985352
9132.53027 0.984821
9133.45996 0.984285
9134.38965 0.98375
9135.30957 0.983216
9136.24023 0.982681
9137.16016 0.982147
9138.08008 0.981608
9139.00977 0.981072
9139.92969 0.980538
9140.84961 0.980605
9141.78027 0.980726
9142.70996 0.980842
9143.62988 0.980962
9144.55957 0.981077
9145.48047 0.981192
9146.41016 0.981308
9147.33008 0.981422
9148.25977 0.981538
9149.17969 0.98165
9150.11035 0.98172
9151.03027 0.981461
9151.95996 0.9812
9152.88965 0.980938
9153.82031 0.980676
9154.74023 0.980413
9155.66992 0.980153
9156.58984 0.97989
9157.51953 0.979624
9158.44043 0.979358
9159.37012 0.979093
9160.29980 0.979194
9161.21973 0.980065
9162.15039 0.980946
9163.08008 0.981819
9164.00977 0.98269
9164.92969 0.983566
9165.84961 0.984426
9166.79004 0.985305
9167.71973 0.986169
9168.63965 0.987034
9169.57031 0.987908
9170.50000 0.987547
9171.41992 0.986121
9172.34961 0.984692
9173.28027 0.983272
9174.20996 0.981843
9175.13965 0.980415
9176.07031 0.978994
9177.00000 0.977568
9177.91992 0.976149
9178.84961 0.974723
9179.78027 0.97328
9180.70996 0.973035
9181.62988 0.973153
9182.57031 0.973266
9183.49023 0.973376
9184.42969 0.973491
9185.34961 0.973602
9186.28027 0.973713
9187.21973 0.973827
9188.13965 0.973935
9189.07031 0.974041
9190.00000 0.974144
9190.92969 0.973946
9191.86035 0.973748
9192.79980 0.973547
9193.71973 0.973346
9194.65039 0.973141
9195.58008 0.97294
9196.50977 0.972736
9197.44043 0.97253
9198.37012 0.972327
9199.29980 0.972125
9200.24023 0.971994
9201.16992 0.972094
9202.09961 0.972191
9203.01953 0.972284
9203.95020 0.972382
9204.90039 0.972471
9205.82031 0.972569
9206.75000 0.972664
9207.67969 0.972755
9208.61035 0.972845
9209.54980 0.972936
9210.48047 0.97253
9211.41016 0.971659
9212.33984 0.970785
9213.28027 0.96991
9214.20996 0.969038
9215.13965 0.968158
9216.07031 0.967291
9217.00000 0.966416
9217.94043 0.965542
9218.87012 0.964667
9219.79980 0.963794
9220.74023 0.963756
9221.66992 0.963946
9222.59961 0.964136
9223.53027 0.964327
9224.46973 0.964514
9225.40039 0.964703
9226.33008 0.96489
9227.26953 0.965073
9228.20020 0.965259
9229.12988 0.965448
9230.05957 0.965581
9231.00000 0.96507
9231.92969 0.964564
9232.87012 0.964057
9233.80957 0.963543
9234.74023 0.963034
9235.66992 0.962524
9236.61035 0.962011
9237.54004 0.9615
9238.48047 0.960986
9239.41016 0.960477
9240.34961 0.960125
9241.28027 0.960041
9242.20996 0.95996
9243.15039 0.959875
9244.08008 0.959787
9245.01953 0.959704
9245.95020 0.959621
9246.88965 0.959533
9247.83008 0.959445
9248.76953 0.959356
9249.70020 0.959266
9250.62988 0.958759
9251.57031 0.958052
9252.50977 0.957346
9253.44043 0.956637
9254.37988 0.95593
9255.30957 0.955223
9256.25000 0.954512
9257.19043 0.953798
9258.12012 0.95309
9259.05957 0.952378
9260.00000 0.95167
9260.92969 0.951917
9261.87012 0.952158
9262.80957 0.952404
9263.75000 0.952651
9264.69043 0.952898
9265.62012 0.95314
9266.55957 0.953384
9267.49023 0.953626
9268.42969 0.953864
9269.37012 0.954105
9270.30957 0.95415
9271.25000 0.953807
9272.19043 0.953464
9273.12012 0.953122
9274.05957 0.95277
9275.00000 0.952427
9275.94043 0.952085
9276.87012 0.951738
9277.82031 0.951386
9278.75000 0.951041
9279.69043 0.950693
9280.62988 0.95041
9281.57031 0.950159
9282.50977 0.949909
9283.45020 0.94966
9284.38965 0.949408
9285.33008 0.949155
9286.26953 0.948904
9287.20020 0.948652
9288.15039 0.948394
9289.08984 0.948144
9290.03027 0.947883
9290.96973 0.947622
9291.91016 0.947368
9292.84961 0.947109
9293.78027 0.946846
9294.71973 0.946585
9295.66992 0.946324
9296.59961 0.946059
9297.54980 0.945794
9298.49023 0.94553
9299.42969 0.945266
9300.37012 0.944943
9301.30957 0.944536
9302.25000 0.944131
9303.20020 0.943716
9304.13965 0.943309
9305.08008 0.9429
9306.01953 0.942494
9306.95996 0.942078
9307.90039 0.941665
9308.83984 0.941252
9309.78027 0.940839
9310.73047 0.940111
9311.66992 0.93929
9312.61035 0.938472
9313.55957 0.937649
9314.50000 0.93683
9315.42969 0.936016
9316.37988 0.935188
9317.32031 0.934367
9318.25977 0.933547
9319.20996 0.93272
9320.15039 0.932019
9321.08984 0.931922
9322.04004 0.931823
9322.98047 0.931726
9323.91992 0.931631
9324.87012 0.931526
9325.80957 0.931424
9326.75000 0.931328
9327.69043 0.931229
9328.63965 0.931123
9329.58984 0.931017
9330.51953 0.930919
9331.46973 0.930823
9332.41992 0.930728
9333.36035 0.93063
9334.30957 0.93053
9335.25000 0.930435
9336.19043 0.930334
9337.13965 0.930229
9338.08008 0.93013
9339.03027 0.930027
9339.96973 0.929927
9340.91016 0.929458
9341.87012 0.92897
9342.80957 0.928486
9343.75000 0.928006
9344.70020 0.92752
9345.63965 0.927038
9346.58984 0.926555
9347.54004 0.926065
9348.48047 0.925579
9349.41992 0.925093
9350.37988 0.924571
9351.32031 0.924002
9352.25977 0.92343
9353.20996 0.922859
9354.15039 0.922288
9355.11035 0.921708
9356.04980 0.921139
9356.99023 0.92056
9357.94043 0.919987
9358.88965 0.919415
9359.83008 0.918838
9360.78027 0.918629
9361.73047 0.918498
9362.67969 0.918369
9363.62988 0.918238
9364.57031 0.918103
9365.51953 0.917968
9366.46973 0.917835
9367.41016 0.917697
9368.37012 0.91756
9369.30957 0.917426
9370.25977 0.917164
9371.20996 0.916577
9372.15039 0.915994
9373.11035 0.915405
9374.04980 0.914819
9375.00000 0.914226
9375.95020 0.913636
9376.90039 0.913054
9377.84961 0.912464
9378.79004 0.911872
9379.74023 0.911283
9380.69043 0.910966
9381.63965 0.910748
9382.58984 0.910528
9383.54004 0.910309
9384.49023 0.910091
9385.44043 0.909869
9386.38965 0.909648
9387.33984 0.909428
9388.29004 0.909201
9389.24023 0.908976
9390.19043 0.908607
9391.13965 0.907645
9392.08984 0.90668
9393.04004 0.905719
9393.99023 0.904753
9394.94043 0.903789
9395.88965 0.902826
9396.83984 0.901856
9397.79004 0.900892
9398.74023 0.89993
9399.69043 0.898959
9400.65039 0.898471
9401.58984 0.898208
9402.54980 0.89794
