threeML/data/optical_filters/HST/ACS_SBC-F140LP.ecsv
# %ECSV 0.9
# ---
# datatype:
# - {name: wavelength, unit: Angstrom, datatype: float32}
# - {name: response, datatype: float32}
# meta: !!omap
# - {band_name: F140LP}
# - {group_name: ACS_SBC}
wavelength response
1111.57202 0.0
1235.07996 0.00210623
1235.31006 0.0021311
1235.54004 0.00215593
1235.77002 0.00218079
1236.00000 0.00220566
1236.23999 0.00223041
1236.46997 0.00225505
1236.69995 0.00227978
1236.93005 0.0023046
1237.16003 0.00232954
1237.39001 0.00235459
1237.62000 0.00237965
1237.85999 0.00240482
1238.08997 0.00242995
1238.31995 0.00245502
1238.55005 0.00248028
1238.79004 0.00250548
1239.02002 0.0025307
1239.25000 0.00255563
1239.47998 0.00258081
1239.70996 0.00260586
1239.94995 0.00263093
1240.18005 0.0026559
1240.41003 0.00268102
1240.64001 0.00270608
1240.87000 0.00273117
1241.10999 0.00275624
1241.33997 0.00278101
1241.56995 0.00280595
1241.81006 0.00283083
1242.04004 0.00285578
1242.27002 0.00288099
1242.50000 0.00290622
1242.72998 0.00293155
1242.96997 0.00295683
1243.19995 0.00298206
1243.43005 0.00300738
1243.67004 0.00303287
1243.90002 0.00305817
1244.13000 0.00308338
1244.37000 0.00310853
1244.59998 0.00313365
1244.82996 0.00315877
1245.06006 0.00318392
1245.30005 0.00320948
1245.53003 0.003235
1245.77002 0.00326061
1246.00000 0.00328616
1246.22998 0.00331174
1246.45996 0.00333734
1246.69995 0.00336297
1246.93005 0.00338861
1247.16003 0.00341402
1247.40002 0.00343936
1247.63000 0.00346479
1247.87000 0.00349015
1248.09998 0.00351569
1248.32996 0.00354145
1248.56995 0.00356733
1248.80005 0.00359314
1249.04004 0.00361884
1249.27002 0.00364438
1249.50000 0.00366988
1249.73999 0.0036954
1249.96997 0.00372094
1250.20996 0.00374619
1250.43994 0.00377134
1250.67004 0.00379651
1250.91003 0.00382167
1251.14001 0.00384685
1251.38000 0.00387205
1251.60999 0.00389725
1251.84998 0.00392247
1252.07996 0.00394764
1252.31995 0.00397246
1252.55005 0.00399736
1252.78003 0.00402213
1253.02002 0.004047
1253.25000 0.00407228
1253.48999 0.00409763
1253.71997 0.00412293
1253.95996 0.00414816
1254.18994 0.00417328
1254.43005 0.00419816
1254.66003 0.00422298
1254.90002 0.00424789
1255.13000 0.00427312
1255.37000 0.00429848
1255.59998 0.00432385
1255.83997 0.00434917
1256.06995 0.00437465
1256.31006 0.00440007
1256.54004 0.00442556
1256.78003 0.00445099
1257.01001 0.00447641
1257.25000 0.0045014
1257.48999 0.00452646
1257.71997 0.00455137
1257.95996 0.00457637
1258.18994 0.00460177
1258.43005 0.00462743
1258.66003 0.00465286
1258.90002 0.00467839
1259.13000 0.00470364
1259.37000 0.00472876
1259.60999 0.00475374
1259.83997 0.0047788
1260.07996 0.00480396
1260.31006 0.0048291
1260.55005 0.00485426
1260.79004 0.00487944
1261.02002 0.00490468
1261.26001 0.00492986
1261.48999 0.00495503
1261.72998 0.00498023
1261.96997 0.00500543
1262.19995 0.00503018
1262.43994 0.00505485
1262.68005 0.00507953
1262.91003 0.00510427
1263.15002 0.00512929
1263.39001 0.0051546
1263.62000 0.00517976
1263.85999 0.005205
1264.09998 0.00523001
1264.32996 0.00525479
1264.56995 0.00527948
1264.81006 0.00530411
1265.05005 0.00532906
1265.28003 0.00535432
1265.52002 0.00537953
1265.76001 0.00540481
1265.98999 0.00543017
1266.22998 0.00545546
1266.46997 0.00548077
1266.69995 0.00550608
1266.93994 0.00553141
1267.18005 0.00555634
1267.41003 0.00558101
1267.65002 0.00560581
1267.89001 0.00563054
1268.13000 0.0056556
1268.37000 0.00568102
1268.59998 0.00570631
1268.83997 0.00573165
1269.07996 0.00575682
1269.31995 0.00578171
1269.55005 0.00580639
1269.79004 0.00583114
1270.03003 0.00585601
1270.27002 0.005881
1270.51001 0.00590594
1270.73999 0.00593094
1270.97998 0.00595603
1271.21997 0.00598104
1271.45996 0.00600607
1271.69995 0.00603117
1271.93005 0.00605619
1272.17004 0.00608074
1272.41003 0.00610511
1272.65002 0.00612948
1272.89001 0.00615384
1273.12000 0.00617856
1273.35999 0.00620359
1273.59998 0.0062287
1273.83997 0.00625374
1274.07996 0.00627856
1274.31995 0.00630299
1274.56006 0.00632727
1274.80005 0.00635163
1275.03003 0.00637598
1275.27002 0.00640041
1275.51001 0.00642468
1275.75000 0.0064491
1275.98999 0.0064735
1276.22998 0.00649785
1276.46997 0.00652211
1276.70996 0.00654645
1276.94995 0.00657084
1277.18005 0.00659518
1277.42004 0.0066195
1277.66003 0.00664382
1277.90002 0.00666821
1278.14001 0.00669253
1278.38000 0.00671677
1278.62000 0.00674115
1278.85999 0.00676546
1279.09998 0.00678976
1279.33997 0.00681413
1279.57996 0.00683836
1279.81995 0.00686266
1280.06006 0.00688676
1280.30005 0.00691001
1280.54004 0.00693324
1280.78003 0.00695646
1281.02002 0.0069798
1281.26001 0.00700378
1281.50000 0.00702767
1281.73999 0.00705164
1281.97998 0.00707567
1282.21997 0.00709969
1282.45996 0.00712357
1282.69995 0.00714758
1282.93994 0.00717152
1283.18005 0.00719545
1283.42004 0.00721931
1283.66003 0.0072433
1283.90002 0.00726722
1284.14001 0.00729113
1284.38000 0.0073151
1284.62000 0.007339
1284.85999 0.0073629
1285.09998 0.00738644
1285.33997 0.00740956
1285.57996 0.00743254
1285.82996 0.00745558
1286.06995 0.0074789
1286.31006 0.00750275
1286.55005 0.00752659
1286.79004 0.00755043
1287.03003 0.00757433
1287.27002 0.00759816
1287.51001 0.00762192
1287.75000 0.00764581
1287.98999 0.00766962
1288.23999 0.00769343
1288.47998 0.00771716
1288.71997 0.00774109
1288.95996 0.00776488
1289.19995 0.00778867
1289.43994 0.00781245
1289.68005 0.00783622
1289.93005 0.00785999
1290.17004 0.00788302
1290.41003 0.00790578
1290.65002 0.00792839
1290.89001 0.00795112
1291.13000 0.00797428
1291.38000 0.00799782
1291.62000 0.00802136
1291.85999 0.0080449
1292.09998 0.00806849
1292.33997 0.00809201
1292.58997 0.00811545
1292.82996 0.00813895
1293.06995 0.00816259
1293.31006 0.00818608
1293.55005 0.00820949
1293.80005 0.00823303
1294.04004 0.00825652
1294.28003 0.00827997
1294.52002 0.00830342
1294.77002 0.00832688
1295.01001 0.00835032
1295.25000 0.00837382
1295.48999 0.00839725
1295.73999 0.00842067
1295.97998 0.00844408
1296.21997 0.0084666
1296.45996 0.00848903
1296.70996 0.00851145
1296.94995 0.00853384
1297.18994 0.00855708
1297.43994 0.00858045
1297.68005 0.00860379
1297.92004 0.00862714
1298.17004 0.00865054
1298.41003 0.00867387
1298.65002 0.00869713
1298.90002 0.00872051
1299.14001 0.00874381
1299.38000 0.00876712
1299.62000 0.00879041
1299.87000 0.00881377
1300.10999 0.00883654
1300.35999 0.00885873
1300.59998 0.00888091
1300.83997 0.00890307
1301.08997 0.00892521
1301.32996 0.00894734
1301.57996 0.00896952
1301.81995 0.00899162
1302.06006 0.00901371
1302.31006 0.00903584
1302.55005 0.00905784
1302.79004 0.00907989
1303.04004 0.00910208
1303.28003 0.00912522
1303.53003 0.00914829
1303.77002 0.00917128
1304.01001 0.00919435
1304.26001 0.00921639
1304.50000 0.00923827
1304.75000 0.00926023
1304.98999 0.00928222
1305.23999 0.00930413
1305.47998 0.00932603
1305.71997 0.00934785
1305.96997 0.00936979
1306.20996 0.00939171
1306.45996 0.00941356
1306.69995 0.00943539
1306.94995 0.0094572
1307.18994 0.009479
1307.43994 0.00950085
1307.68005 0.00952256
1307.93005 0.00954432
1308.17004 0.00956685
1308.42004 0.00958978
1308.66003 0.00961263
1308.91003 0.00963547
1309.15002 0.00965765
1309.40002 0.00967934
1309.64001 0.009701
1309.89001 0.00972259
1310.13000 0.00974432
1310.38000 0.00976599
1310.62000 0.00978766
1310.87000 0.00980937
1311.12000 0.009831
1311.35999 0.00985262
1311.60999 0.00987423
1311.84998 0.00989581
1312.09998 0.00991738
1312.33997 0.00993895
1312.58997 0.00996055
1312.83997 0.00998203
1313.07996 0.010004
1313.32996 0.0100267
1313.56995 0.0100494
1313.81995 0.0100721
1314.06995 0.0100944
1314.31006 0.0101159
1314.56006 0.0101374
1314.81006 0.0101588
1315.05005 0.0101802
1315.30005 0.0102017
1315.54004 0.010223
1315.79004 0.0102443
1316.04004 0.0102657
1316.28003 0.0102871
1316.53003 0.0103084
1316.78003 0.0103297
1317.02002 0.010351
1317.27002 0.0103723
1317.52002 0.0103936
1317.76001 0.0104148
1318.01001 0.0104361
1318.26001 0.0104586
1318.50000 0.0104811
1318.75000 0.0105036
1319.00000 0.010526
1319.23999 0.0105472
1319.48999 0.0105684
1319.73999 0.0105896
1319.98999 0.0106106
1320.22998 0.0106318
1320.47998 0.010653
1320.72998 0.0106741
1320.96997 0.0106952
1321.21997 0.0107163
1321.46997 0.0107375
1321.71997 0.0107586
1321.95996 0.0107796
1322.20996 0.0108007
1322.45996 0.0108218
1322.70996 0.0108428
1322.95996 0.0108638
1323.19995 0.0108859
1323.44995 0.0109082
1323.69995 0.0109305
1323.94995 0.0109528
1324.18994 0.0109741
1324.43994 0.010995
1324.68994 0.0110159
1324.93994 0.0110369
1325.18994 0.0110567
1325.43005 0.0110762
1325.68005 0.0110957
1325.93005 0.0111152
1326.18005 0.0111355
1326.43005 0.0111564
1326.68005 0.0111772
1326.93005 0.011198
1327.17004 0.0112187
1327.42004 0.0112395
1327.67004 0.0112602
1327.92004 0.0112809
1328.17004 0.0113016
1328.42004 0.0113222
1328.67004 0.0113429
1328.92004 0.0113636
1329.16003 0.0113832
1329.41003 0.0114024
1329.66003 0.0114216
1329.91003 0.0114407
1330.16003 0.0114608
1330.41003 0.0114813
1330.66003 0.0115019
1330.91003 0.0115225
1331.16003 0.011543
1331.41003 0.0115635
1331.66003 0.0115839
1331.91003 0.0116044
1332.15002 0.0116249
1332.40002 0.0116453
1332.65002 0.0116657
1332.90002 0.0116861
1333.15002 0.0117066
1333.40002 0.0117269
1333.65002 0.0117473
1333.90002 0.0117676
1334.15002 0.011787
1334.40002 0.0118058
1334.65002 0.0118246
1334.90002 0.0118434
1335.15002 0.011863
1335.40002 0.0118833
1335.65002 0.0119035
1335.90002 0.0119237
1336.15002 0.0119439
1336.40002 0.0119641
1336.65002 0.0119842
1336.90002 0.0120043
1337.15002 0.0120245
1337.40002 0.0120445
1337.65002 0.0120646
1337.91003 0.0120847
1338.16003 0.0121038
1338.41003 0.0121223
1338.66003 0.0121407
1338.91003 0.0121592
1339.16003 0.0121786
1339.41003 0.0121985
1339.66003 0.0122184
1339.91003 0.0122384
1340.16003 0.0126164
1340.41003 0.0131864
1340.66003 0.0137562
1340.92004 0.0143256
1341.17004 0.0148948
1341.42004 0.0154636
1341.67004 0.0160336
1341.92004 0.0166001
1342.17004 0.017168
1342.42004 0.0177349
1342.67004 0.0182976
1342.93005 0.018862
1343.18005 0.0194272
1343.43005 0.0199947
1343.68005 0.0205604
1343.93005 0.0211239
1344.18005 0.0216903
1344.43994 0.0222563
1344.68994 0.0228204
1344.93994 0.0233828
1345.18994 0.0239477
1345.43994 0.0245111
1345.69995 0.0250737
1345.94995 0.0256362
1346.19995 0.0261956
1346.44995 0.0267539
1346.69995 0.0273132
1346.95996 0.0278706
1347.20996 0.0284302
1347.45996 0.0289906
1347.70996 0.0295502
1347.96997 0.0301113
1348.21997 0.0306689
1348.46997 0.0312274
1348.71997 0.0317877
1348.97998 0.0323456
1349.22998 0.0329033
1349.47998 0.0334606
1349.72998 0.0340193
1349.98999 0.034576
1350.23999 0.0430855
1350.48999 0.0520381
1350.75000 0.0609641
1351.00000 0.0698763
1351.25000 0.0787939
1351.51001 0.0877345
1351.76001 0.0966422
1352.01001 0.105542
1352.27002 0.114421
1352.52002 0.123294
1352.77002 0.132162
1353.03003 0.141022
1353.28003 0.149917
1353.53003 0.158753
1353.79004 0.167638
1354.04004 0.176516
1354.29004 0.185311
1354.55005 0.194125
1354.80005 0.202935
1355.05005 0.211766
1355.31006 0.220586
1355.56006 0.229378
1355.81995 0.238238
1356.06995 0.247032
1356.31995 0.255772
1356.57996 0.264527
1356.82996 0.273303
1357.08997 0.282043
1357.33997 0.290774
1357.58997 0.299499
1357.84998 0.308215
1358.09998 0.316942
1358.35999 0.325712
1358.60999 0.33445
1358.87000 0.343185
1359.12000 0.35189
1359.38000 0.360586
1359.63000 0.369226
1359.88000 0.377881
1360.14001 0.387638
1360.39001 0.398379
1360.65002 0.409024
1360.90002 0.419685
1361.16003 0.430342
1361.41003 0.440929
1361.67004 0.451509
1361.92004 0.462052
1362.18005 0.472685
1362.43005 0.483306
1362.68994 0.493914
1362.93994 0.504549
1363.19995 0.515093
1363.44995 0.525605
1363.70996 0.536116
1363.95996 0.546609
1364.21997 0.557161
1364.47998 0.567715
1364.72998 0.578295
1364.98999 0.588835
1365.23999 0.599292
1365.50000 0.609734
1365.76001 0.620193
1366.01001 0.630584
1366.27002 0.641088
1366.52002 0.651608
1366.78003 0.662093
1367.03003 0.672557
1367.29004 0.682904
1367.55005 0.693328
1367.80005 0.703681
1368.06006 0.714019
1368.31995 0.724483
1368.56995 0.734913
1368.82996 0.745335
1369.07996 0.755711
1369.33997 0.766011
1369.59998 0.776327
1369.84998 0.786607
1370.10999 0.79436
1370.37000 0.798766
1370.62000 0.803169
1370.88000 0.807569
1371.14001 0.811917
1371.39001 0.816182
1371.65002 0.820454
1371.91003 0.824723
1372.16003 0.829085
1372.42004 0.833448
1372.68005 0.837821
1372.93994 0.842204
1373.18994 0.846479
1373.44995 0.850708
1373.70996 0.854957
1373.95996 0.859189
1374.21997 0.863534
1374.47998 0.867869
1374.73999 0.872224
1374.98999 0.876562
1375.25000 0.880775
1375.51001 0.884979
1375.77002 0.88918
1376.02002 0.893375
1376.28003 0.897565
1376.54004 0.901762
1376.80005 0.905945
1377.06006 0.910147
1377.31006 0.91445
1377.56995 0.918762
1377.82996 0.923043
1378.08997 0.927289
1378.34998 0.931456
1378.59998 0.935604
1378.85999 0.939749
1379.12000 0.943886
1379.38000 0.948033
1379.64001 0.952161
1379.89001 0.956273
1380.15002 0.958591
1380.41003 0.959672
1380.67004 0.960752
1380.93005 0.961831
1381.18994 0.962806
1381.44995 0.963743
1381.70996 0.964677
1381.95996 0.965606
1382.21997 0.966538
1382.47998 0.967465
1382.73999 0.968391
1383.00000 0.969318
1383.26001 0.97038
1383.52002 0.971447
1383.78003 0.972511
1384.04004 0.973551
1384.30005 0.974464
1384.56006 0.975378
1384.81995 0.976292
1385.06995 0.977243
1385.32996 0.978293
1385.58997 0.979344
1385.84998 0.980398
1386.10999 0.981387
1386.37000 0.982285
1386.63000 0.983188
1386.89001 0.984085
1387.15002 0.984981
1387.41003 0.985873
1387.67004 0.986767
1387.93005 0.987657
1388.18994 0.988657
1388.44995 0.989691
1388.70996 0.990725
1388.96997 0.991756
1389.22998 0.992656
1389.48999 0.993536
1389.75000 0.994412
1390.01001 0.995255
1390.27002 0.995354
1390.53003 0.995451
1390.79004 0.995547
1391.05005 0.995674
1391.31006 0.995918
1391.57996 0.996163
1391.82996 0.996404
1392.09998 0.996592
1392.35999 0.996682
1392.62000 0.996771
1392.88000 0.996859
1393.14001 0.996946
1393.40002 0.997032
1393.66003 0.997117
1393.92004 0.9972
1394.18005 0.997389
1394.43994 0.997623
1394.69995 0.997856
1394.96997 0.998089
1395.22998 0.998186
1395.48999 0.998264
1395.75000 0.99834
1396.01001 0.998415
1396.27002 0.998489
1396.54004 0.998562
1396.80005 0.998634
1397.06006 0.998738
1397.31995 0.998961
1397.57996 0.999185
1397.83997 0.999407
1398.10999 0.999566
1398.37000 0.999631
1398.63000 0.999695
1398.89001 0.999759
1399.15002 0.999821
1399.41003 0.999882
1399.68005 0.999941
1399.93994 1.0
1400.19995 0.999901
1400.45996 0.999754
1400.72998 0.999606
1400.98999 0.999458
1401.25000 0.999161
1401.51001 0.998854
1401.78003 0.998549
1402.04004 0.998264
1402.30005 0.998113
1402.56006 0.997961
1402.82996 0.997808
1403.08997 0.99758
1403.34998 0.997201
1403.62000 0.996823
1403.88000 0.996445
1404.14001 0.996065
1404.40002 0.995685
1404.67004 0.995303
1404.93005 0.994921
1405.18994 0.994653
1405.45996 0.994428
1405.71997 0.994202
1405.97998 0.993976
1406.25000 0.993601
1406.51001 0.993214
1406.77002 0.992828
1407.04004 0.99244
1407.30005 0.992052
1407.56006 0.991663
1407.82996 0.991272
1408.08997 0.990938
1408.34998 0.990705
1408.62000 0.990473
1408.88000 0.990238
1409.15002 0.989917
1409.41003 0.989524
1409.67004 0.989129
1409.93994 0.988733
1410.19995 0.988334
1410.46997 0.987933
1410.72998 0.987529
1410.98999 0.987126
1411.26001 0.986878
1411.52002 0.986634
1411.79004 0.986388
1412.05005 0.98611
1412.31995 0.985703
1412.57996 0.985296
1412.84998 0.984889
1413.10999 0.98448
1413.38000 0.984069
1413.64001 0.98366
1413.90002 0.983249
1414.17004 0.98294
1414.43005 0.982688
1414.69995 0.982436
1414.95996 0.982184
1415.22998 0.98179
1415.48999 0.981375
1415.76001 0.980959
1416.02002 0.980544
1416.29004 0.980125
1416.56006 0.979707
1416.81995 0.979288
1417.08997 0.978921
1417.34998 0.978662
1417.62000 0.978404
1417.88000 0.978144
1418.15002 0.977794
1418.41003 0.977371
1418.68005 0.976947
1418.93994 0.976522
1419.20996 0.976226
1419.47998 0.975963
1419.73999 0.975699
1420.01001 0.975428
1420.27002 0.974995
1420.54004 0.974561
1420.81006 0.974123
1421.06995 0.973687
1421.33997 0.973249
1421.60999 0.972811
1421.87000 0.972371
1422.14001 0.972017
1422.40002 0.971741
1422.67004 0.971463
1422.93994 0.971186
1423.19995 0.970782
1423.46997 0.97034
1423.73999 0.969895
1424.00000 0.969451
1424.27002 0.969004
