threeML/data/optical_filters/HST/ACS_SBC-F115LP.ecsv
# %ECSV 0.9
# ---
# datatype:
# - {name: wavelength, unit: Angstrom, datatype: float32}
# - {name: response, datatype: float32}
# meta: !!omap
# - {band_name: F115LP}
# - {group_name: ACS_SBC}
wavelength response
[from data line 1609]
1584.78003 0.472165
1585.08997 0.471469
1585.39001 0.470771
1585.69995 0.470075
1586.00000 0.469377
1586.31006 0.468698
1586.60999 0.468018
1586.92004 0.467335
1587.22998 0.466641
1587.53003 0.465944
1587.83997 0.465247
1588.15002 0.464555
1588.44995 0.463873
1588.76001 0.463192
1589.06995 0.462505
1589.37000 0.461805
1589.68005 0.461107
1589.98999 0.460409
1590.29004 0.459722
1590.59998 0.459032
1590.91003 0.458345
1591.20996 0.457669
1591.52002 0.456997
1591.82996 0.456326
1592.13000 0.455648
1592.43994 0.454958
1592.75000 0.454268
1593.06006 0.453581
1593.37000 0.45291
1593.67004 0.452236
1593.97998 0.451564
1594.29004 0.450876
1594.59998 0.450186
1594.90002 0.449495
1595.20996 0.448805
1595.52002 0.448116
1595.82996 0.447422
1596.13000 0.44674
1596.43994 0.446066
1596.75000 0.445393
1597.06006 0.444714
1597.37000 0.444024
1597.67004 0.443333
1597.97998 0.442639
1598.29004 0.441962
1598.59998 0.441287
1598.91003 0.440611
1599.21997 0.439924
1599.53003 0.439232
1599.83997 0.438541
1600.14001 0.437858
1600.44995 0.437192
1600.76001 0.436526
1601.06995 0.435859
1601.38000 0.435191
1601.68994 0.434526
1602.00000 0.43386
1602.31006 0.433191
1602.62000 0.432525
1602.92004 0.431859
1603.22998 0.43119
1603.54004 0.430522
1603.84998 0.429853
1604.16003 0.429186
1604.46997 0.428519
1604.78003 0.42785
1605.08997 0.427183
1605.40002 0.426516
1605.70996 0.425846
1606.02002 0.425175
1606.32996 0.424489
1606.64001 0.423802
1606.94995 0.423117
1607.26001 0.422446
1607.56995 0.421776
1607.88000 0.421109
1608.18994 0.420442
1608.50000 0.419776
1608.81006 0.419111
1609.12000 0.418447
1609.43005 0.41778
1609.73999 0.417116
1610.06006 0.416452
1610.37000 0.415803
1610.68005 0.415154
1610.98999 0.414503
1611.30005 0.413852
1611.60999 0.4132
1611.92004 0.412549
1612.22998 0.411901
1612.54004 0.411248
1612.84998 0.410598
1613.16003 0.409948
1613.47998 0.409293
1613.79004 0.408643
1614.09998 0.407989
1614.41003 0.407338
1614.71997 0.406687
1615.04004 0.406033
1615.34998 0.40538
1615.66003 0.404728
1615.96997 0.404075
1616.28003 0.403421
1616.58997 0.402767
1616.91003 0.402114
1617.21997 0.40146
1617.53003 0.400806
1617.83997 0.400151
1618.15002 0.399489
1618.46997 0.398819
1618.78003 0.398145
1619.08997 0.397479
1619.40002 0.396824
1619.71997 0.39617
1620.03003 0.395515
1620.33997 0.394878
1620.65002 0.394239
1620.96997 0.3936
1621.28003 0.392962
1621.58997 0.392323
1621.91003 0.391685
1622.21997 0.391044
1622.53003 0.390406
1622.84998 0.389765
1623.16003 0.389124
1623.46997 0.388485
1623.78003 0.387845
1624.09998 0.387204
1624.41003 0.386562
1624.71997 0.385922
1625.04004 0.385286
1625.34998 0.384678
1625.67004 0.384071
1625.97998 0.383464
1626.29004 0.382855
1626.60999 0.382246
1626.92004 0.381636
1627.22998 0.381016
1627.55005 0.38039
1627.85999 0.379763
1628.18005 0.379148
1628.48999 0.378535
1628.81006 0.377926
1629.12000 0.377317
1629.43005 0.376706
1629.75000 0.376095
1630.06006 0.375489
1630.38000 0.374898
1630.68994 0.374305
1631.01001 0.373714
1631.31995 0.373105
1631.64001 0.372494
1631.94995 0.371883
1632.27002 0.371286
1632.57996 0.370694
1632.90002 0.3701
1633.20996 0.369506
1633.53003 0.368912
1633.83997 0.368318
1634.16003 0.367723
1634.46997 0.367127
1634.79004 0.36653
1635.10999 0.365934
1635.42004 0.36534
1635.73999 0.364743
1636.05005 0.364145
1636.37000 0.363531
1636.68005 0.362916
1637.00000 0.362301
1637.31995 0.361702
1637.63000 0.361104
1637.94995 0.360506
1638.26001 0.359909
1638.57996 0.359309
1638.89001 0.358711
1639.20996 0.358113
1639.53003 0.357512
1639.84998 0.356912
1640.16003 0.356312
1640.47998 0.355716
1640.79004 0.355119
1641.10999 0.354526
1641.43005 0.353945
1641.73999 0.353365
1642.06006 0.352782
1642.38000 0.352199
1642.68994 0.351617
1643.01001 0.351035
1643.32996 0.350449
1643.65002 0.349866
1643.95996 0.349283
1644.28003 0.3487
1644.59998 0.348114
1644.92004 0.347529
1645.22998 0.34693
1645.55005 0.346326
1645.87000 0.345724
1646.18994 0.345131
1646.50000 0.344544
1646.81995 0.343957
1647.14001 0.343371
1647.45996 0.342783
1647.78003 0.342194
1648.08997 0.341606
1648.41003 0.341019
1648.72998 0.340429
1649.05005 0.339839
1649.37000 0.33925
1649.68005 0.338661
1650.00000 0.338071
1650.31995 0.337556
1650.64001 0.337042
1650.95996 0.336527
1651.28003 0.336026
1651.59998 0.335528
1651.91003 0.33503
1652.22998 0.33453
1652.55005 0.334031
1652.87000 0.33353
1653.18994 0.333028
1653.51001 0.332528
1653.82996 0.332026
1654.15002 0.331525
1654.46997 0.331021
1654.79004 0.330517
1655.09998 0.330014
1655.42004 0.329509
1655.73999 0.329004
1656.06006 0.328499
1656.38000 0.327994
1656.69995 0.327487
1657.02002 0.326979
1657.33997 0.326472
1657.66003 0.325965
1657.97998 0.325456
1658.30005 0.324946
1658.62000 0.324438
1658.93994 0.323927
1659.26001 0.323418
1659.57996 0.322908
1659.90002 0.322397
1660.21997 0.321897
1660.54004 0.321404
1660.85999 0.32091
1661.18005 0.320414
1661.51001 0.31992
1661.82996 0.319425
1662.15002 0.318928
1662.46997 0.318432
1662.79004 0.317934
1663.10999 0.317437
1663.43005 0.316938
1663.75000 0.316439
1664.06995 0.31594
1664.39001 0.315441
1664.70996 0.314939
1665.04004 0.314439
1665.35999 0.313938
1665.68005 0.313435
1666.00000 0.312931
1666.31995 0.312428
1666.64001 0.311922
1666.95996 0.311418
1667.29004 0.310913
1667.60999 0.310407
1667.93005 0.309903
1668.25000 0.309395
1668.56995 0.308887
1668.90002 0.308378
1669.21997 0.307869
1669.54004 0.30736
1669.85999 0.306851
1670.18005 0.306349
1670.51001 0.305855
1670.82996 0.30536
1671.15002 0.304864
1671.46997 0.304366
1671.80005 0.30387
1672.12000 0.303373
1672.43994 0.302873
1672.77002 0.302373
1673.08997 0.301874
1673.41003 0.301375
1673.72998 0.300873
1674.06006 0.30037
1674.38000 0.299868
1674.69995 0.299364
1675.03003 0.298865
1675.34998 0.298416
1675.67004 0.297965
1676.00000 0.297515
1676.31995 0.297047
1676.64001 0.296577
1676.96997 0.296105
1677.29004 0.29565
1677.60999 0.295198
1677.93994 0.294743
1678.26001 0.294273
1678.58997 0.2938
1678.91003 0.293326
1679.22998 0.292864
1679.56006 0.292406
1679.88000 0.291949
1680.20996 0.291498
1680.53003 0.291052
1680.85999 0.290607
1681.18005 0.290151
1681.50000 0.289685
1681.82996 0.289218
1682.15002 0.28876
1682.47998 0.288311
1682.80005 0.28786
1683.13000 0.287403
1683.44995 0.286934
1683.78003 0.286464
1684.09998 0.285997
1684.43005 0.285544
1684.75000 0.285091
1685.07996 0.28463
1685.40002 0.284157
1685.72998 0.283683
1686.05005 0.283211
1686.38000 0.282753
1686.69995 0.282296
1687.03003 0.281838
1687.34998 0.281379
1687.68005 0.28092
1688.01001 0.280459
1688.32996 0.27998
1688.66003 0.279499
1688.97998 0.279018
1689.31006 0.278555
1689.63000 0.278091
1689.95996 0.277626
1690.29004 0.277155
1690.60999 0.27668
1690.93994 0.276207
1691.27002 0.275748
1691.58997 0.275292
1691.92004 0.274835
1692.25000 0.274362
1692.56995 0.273885
1692.90002 0.273406
1693.21997 0.272941
1693.55005 0.272479
1693.88000 0.272019
1694.20996 0.271556
1694.53003 0.271094
1694.85999 0.270631
1695.18994 0.270156
1695.51001 0.269671
1695.83997 0.269187
1696.17004 0.268711
1696.50000 0.268245
1696.81995 0.267776
1697.15002 0.2673
1697.47998 0.266812
1697.81006 0.266322
1698.13000 0.26584
1698.45996 0.265369
1698.79004 0.264895
1699.12000 0.264416
1699.43994 0.263924
1699.77002 0.26343
1700.09998 0.262946
1700.43005 0.262478
1700.76001 0.262011
1701.08997 0.261536
1701.41003 0.261049
1701.73999 0.26056
1702.06995 0.260076
1702.40002 0.259605
1702.72998 0.259135
1703.06006 0.258661
1703.38000 0.258169
1703.70996 0.257678
1704.04004 0.257186
1704.37000 0.256691
1704.69995 0.2562
1705.03003 0.255708
1705.35999 0.255234
1705.68994 0.25476
1706.02002 0.254282
1706.34998 0.253788
1706.68005 0.25329
1707.00000 0.252795
1707.32996 0.252317
1707.66003 0.251839
1707.98999 0.251359
1708.31995 0.250862
1708.65002 0.250364
1708.97998 0.249864
1709.31006 0.249364
1709.64001 0.248863
1709.96997 0.248361
1710.30005 0.247885
1710.63000 0.247409
1710.95996 0.246934
1711.29004 0.246441
1711.62000 0.245944
1711.94995 0.245448
1712.28003 0.244966
1712.60999 0.244489
1712.93994 0.244009
1713.27002 0.243514
1713.60999 0.243014
1713.93994 0.242513
1714.27002 0.242013
1714.59998 0.241512
1714.93005 0.241011
1715.26001 0.240523
1715.58997 0.24004
1715.92004 0.239556
1716.25000 0.239056
1716.57996 0.238552
1716.91003 0.238048
1717.25000 0.237557
1717.57996 0.237071
1717.91003 0.236583
1718.23999 0.236082
1718.56995 0.235574
1718.90002 0.235066
1719.22998 0.234572
1719.56995 0.234082
1719.90002 0.233591
1720.22998 0.233091
1720.56006 0.232585
1720.90002 0.232078
1721.22998 0.231572
1721.56006 0.231065
1721.89001 0.230556
1722.21997 0.23006
1722.56006 0.229572
1722.89001 0.229083
1723.21997 0.228579
1723.56006 0.228067
1723.89001 0.227556
1724.21997 0.227057
1724.55005 0.226565
1724.88000 0.226073
1725.21997 0.225606
1725.55005 0.22515
1725.88000 0.224697
1726.21997 0.224241
1726.55005 0.223787
1726.88000 0.22333
1727.21997 0.222874
1727.55005 0.222418
1727.88000 0.22196
1728.21997 0.221501
1728.55005 0.221043
1728.88000 0.220585
1729.21997 0.220137
1729.55005 0.219698
1729.88000 0.219258
1730.21997 0.218807
1730.55005 0.218348
1730.89001 0.217891
1731.21997 0.217432
1731.56006 0.216972
1731.89001 0.21651
1732.21997 0.216049
1732.56006 0.215588
1732.89001 0.215126
1733.22998 0.214665
1733.56006 0.214201
1733.90002 0.213737
1734.22998 0.213288
1734.56995 0.212845
1734.90002 0.212399
1735.22998 0.211939
1735.56995 0.211474
1735.90002 0.211008
1736.23999 0.21054
1736.56995 0.210073
1736.91003 0.209605
1737.23999 0.209136
1737.57996 0.208666
1737.92004 0.208195
1738.25000 0.207739
1738.58997 0.207291
1738.92004 0.206839
1739.26001 0.206373
1739.58997 0.205901
1739.93005 0.205426
1740.27002 0.204954
1740.59998 0.204482
1740.93994 0.204008
1741.27002 0.203536
1741.60999 0.203063
1741.93994 0.202588
1742.28003 0.202114
1742.62000 0.201638
1742.94995 0.201162
1743.29004 0.200703
1743.63000 0.200247
1743.95996 0.19979
1744.30005 0.199315
1744.64001 0.198835
1744.96997 0.198357
1745.31006 0.197878
1745.65002 0.197397
1745.97998 0.196914
1746.31995 0.196433
1746.66003 0.19595
1746.98999 0.195468
1747.32996 0.194985
1747.67004 0.194502
1748.01001 0.194017
1748.33997 0.193553
1748.68005 0.193089
1749.02002 0.192623
1749.35999 0.192136
1749.68994 0.19165
1750.03003 0.191179
1750.37000 0.190883
1750.70996 0.190588
1751.04004 0.190294
1751.38000 0.190018
1751.71997 0.189742
1752.06006 0.189465
1752.40002 0.189188
1752.73999 0.18891
1753.06995 0.188628
1753.41003 0.188329
1753.75000 0.188029
1754.08997 0.187733
1754.43005 0.187453
1754.77002 0.187174
1755.09998 0.186893
1755.43994 0.186612
1755.78003 0.186331
1756.12000 0.186041
1756.45996 0.185736
1756.80005 0.185432
1757.14001 0.185136
1757.47998 0.184852
1757.81995 0.184568
1758.15002 0.184274
1758.48999 0.183967
1758.82996 0.183659
1759.17004 0.183363
1759.51001 0.183077
1759.84998 0.182789
1760.18994 0.182502
1760.53003 0.182215
1760.87000 0.181928
1761.20996 0.181626
1761.55005 0.181316
1761.89001 0.181006
1762.22998 0.180709
1762.56995 0.180419
1762.91003 0.180128
1763.25000 0.179821
1763.58997 0.179509
1763.93005 0.179195
1764.27002 0.178899
1764.60999 0.178605
1764.94995 0.178312
1765.29004 0.178019
1765.63000 0.177724
1765.97998 0.177429
1766.31995 0.177114
1766.66003 0.176797
1767.00000 0.176479
1767.33997 0.176183
1767.68005 0.175887
1768.02002 0.175587
1768.35999 0.175267
1768.69995 0.174946
1769.05005 0.174629
1769.39001 0.17433
1769.72998 0.17403
1770.06995 0.17373
1770.41003 0.173431
1770.75000 0.17313
1771.09998 0.172822
1771.43994 0.172498
1771.78003 0.172174
1772.12000 0.171857
1772.45996 0.171555
1772.80005 0.171252
1773.15002 0.170948
1773.48999 0.170644
1773.82996 0.170338
1774.17004 0.170021
1774.52002 0.169693
1774.85999 0.169365
1775.19995 0.169088
1775.54004 0.168848
1775.89001 0.168607
1776.22998 0.168352
1776.56995 0.168087
1776.91003 0.167823
1777.26001 0.167575
1777.59998 0.167332
1777.93994 0.167089
1778.29004 0.166845
1778.63000 0.166602
1778.96997 0.166358
1779.31995 0.166092
1779.66003 0.165824
1780.00000 0.165557
1780.34998 0.165312
1780.68994 0.165065
1781.04004 0.164817
1781.38000 0.164549
1781.71997 0.164279
1782.06995 0.164014
1782.41003 0.163766
1782.75000 0.163517
1783.09998 0.163262
1783.43994 0.162991
1783.79004 0.162719
1784.13000 0.162455
1784.46997 0.162205
1784.81995 0.161955
1785.16003 0.161704
1785.51001 0.161452
1785.84998 0.161201
1786.19995 0.160936
1786.54004 0.16066
1786.89001 0.160384
1787.22998 0.160124
1787.57996 0.15987
1787.92004 0.159616
1788.27002 0.159343
1788.60999 0.159066
1788.95996 0.158787
1789.30005 0.158528
1789.65002 0.158272
1789.98999 0.158015
1790.33997 0.157759
1790.68005 0.157502
1791.03003 0.157243
1791.38000 0.156962
1791.71997 0.156681
1792.06995 0.156404
1792.41003 0.156145
1792.76001 0.155886
1793.09998 0.155619
1793.44995 0.155336
1793.80005 0.155052
1794.14001 0.154776
1794.48999 0.154515
1794.83997 0.154254
1795.18005 0.153991
1795.53003 0.153728
1795.88000 0.153465
1796.21997 0.153187
1796.56995 0.1529
1796.91003 0.152611
1797.26001 0.15234
1797.60999 0.152076
1797.94995 0.15181
1798.30005 0.151524
1798.65002 0.151235
1799.00000 0.150944
1799.33997 0.150676
1799.68994 0.150407
1800.04004 0.150143
1800.39001 0.149914
1800.72998 0.149684
1801.07996 0.149453
1801.43005 0.149223
1801.78003 0.148991
1802.12000 0.14876
1802.46997 0.148527
1802.81995 0.148294
1803.17004 0.148049
1803.52002 0.147793
1803.85999 0.147535
1804.20996 0.147291
1804.56006 0.147057
1804.91003 0.146821
1805.26001 0.146584
1805.59998 0.146349
1805.94995 0.146111
1806.30005 0.145874
1806.65002 0.145637
1807.00000 0.145398
1807.34998 0.145161
1807.69995 0.144921
1808.05005 0.144681
1808.39001 0.144441
1808.73999 0.1442
1809.08997 0.14396
1809.43994 0.143719
1809.79004 0.143477
1810.14001 0.143235
1810.48999 0.142993
1810.83997 0.14275
1811.18994 0.142494
1811.54004 0.142227
1811.89001 0.141958
1812.23999 0.141705
1812.58997 0.141461
1812.93994 0.141216
1813.29004 0.14097
1813.64001 0.140724
1813.98999 0.140476
1814.33997 0.140229
1814.68994 0.139981
1815.04004 0.139733
1815.39001 0.139484
1815.73999 0.139235
1816.08997 0.138986
1816.43994 0.138736
1816.79004 0.138486
1817.14001 0.138234
1817.48999 0.137983
1817.83997 0.137731
1818.18994 0.137478
1818.54004 0.137225
1818.89001 0.136972
1819.23999 0.136702
1819.59998 0.136422
1819.94995 0.136142
1820.30005 0.135884
1820.65002 0.135628
1821.00000 0.135372
1821.34998 0.135117
1821.69995 0.13486
1822.06006 0.134603
1822.41003 0.134345
1822.76001 0.134087
1823.10999 0.133829
1823.45996 0.133569
1823.81006 0.13331
1824.17004 0.13305
1824.52002 0.132789
1824.87000 0.132528
1825.21997 0.132283
1825.57996 0.132045
1825.93005 0.131807
1826.28003 0.13157
1826.63000 0.131332
1826.97998 0.131093
1827.33997 0.130854
1827.68994 0.130614
1828.04004 0.130374
1828.40002 0.130134
1828.75000 0.129893
1829.09998 0.129651
1829.44995 0.12941
1829.81006 0.129167
1830.16003 0.128925
1830.51001 0.128682
1830.87000 0.128439
1831.21997 0.128195
1831.56995 0.127951
1831.93005 0.127705
1832.28003 0.12746
1832.63000 0.127215
1832.98999 0.126969
1833.33997 0.126723
1833.69995 0.126475
1834.05005 0.126228
1834.40002 0.12598
1834.76001 0.125732
1835.10999 0.125483
1835.46997 0.125234
1835.81995 0.124984
1836.17004 0.124734
1836.53003 0.124484
1836.88000 0.124233
1837.23999 0.123981
1837.58997 0.123729
1837.94995 0.123476
1838.30005 0.123224
1838.66003 0.12297
1839.01001 0.122717
1839.37000 0.122463
1839.71997 0.122207
1840.07996 0.121952
1840.43005 0.121696
1840.79004 0.12144
1841.14001 0.121184
1841.50000 0.120928
1841.84998 0.12067
1842.20996 0.120413
1842.56006 0.120155
1842.92004 0.119896
1843.28003 0.119636
1843.63000 0.119377
1843.98999 0.119117
1844.33997 0.118856
1844.69995 0.118595
1845.05005 0.118334
1845.41003 0.118072
1845.77002 0.117809
1846.12000 0.117547
1846.47998 0.117283
1846.83997 0.117018
1847.18994 0.116754
1847.55005 0.116489
1847.90002 0.116224
1848.26001 0.115958
1848.62000 0.115692
1848.96997 0.115426
1849.32996 0.115157
1849.68994 0.11489
1850.05005 0.114623
1850.40002 0.114362
