threeML/data/optical_filters/HST/ACS_SBC-F140LP.ecsv
# %ECSV 0.9
# ---
# datatype:
# - {name: wavelength, unit: Angstrom, datatype: float32}
# - {name: response, datatype: float32}
# meta: !!omap
# - {band_name: F140LP}
# - {group_name: ACS_SBC}
wavelength response
[from data line 764]
1424.80005 0.968112
1425.06995 0.967708
1425.33997 0.967425
1425.60999 0.96714
1425.87000 0.966856
1426.14001 0.966486
1426.41003 0.966034
1426.67004 0.965581
1426.93994 0.96513
1427.20996 0.964677
1427.46997 0.964222
1427.73999 0.963767
1428.01001 0.963319
1428.28003 0.963028
1428.54004 0.962736
1428.81006 0.962445
1429.07996 0.962104
1429.34998 0.961644
1429.62000 0.961184
1429.88000 0.960724
1430.15002 0.960184
1430.42004 0.959581
1430.68994 0.958979
1430.94995 0.958376
1431.21997 0.957633
1431.48999 0.956863
1431.76001 0.956093
1432.03003 0.955323
1432.30005 0.95455
1432.56006 0.953781
1432.82996 0.95301
1433.09998 0.952298
1433.37000 0.951693
1433.64001 0.951088
1433.90002 0.950483
1434.17004 0.949766
1434.43994 0.948994
1434.70996 0.948222
1434.97998 0.947446
1435.25000 0.946827
1435.52002 0.94622
1435.79004 0.945613
1436.06006 0.944969
1436.31995 0.944193
1436.58997 0.943418
1436.85999 0.942642
1437.13000 0.941866
1437.40002 0.94109
1437.67004 0.940313
1437.93994 0.939534
1438.20996 0.938889
1438.47998 0.938279
1438.75000 0.937665
1439.02002 0.937044
1439.29004 0.936268
1439.56006 0.935489
1439.82996 0.934708
1440.09998 0.933984
1440.35999 0.933366
1440.63000 0.932745
1440.90002 0.93212
1441.17004 0.93139
1441.43994 0.930602
1441.70996 0.929809
1441.97998 0.929018
1442.25000 0.928386
1442.53003 0.927762
1442.80005 0.927141
1443.06995 0.926478
1443.33997 0.925686
1443.60999 0.924891
1443.88000 0.924098
1444.15002 0.923306
1444.42004 0.92251
1444.68994 0.921717
1444.95996 0.920926
1445.22998 0.920274
1445.50000 0.919647
1445.77002 0.919021
1446.04004 0.91837
1446.31006 0.917572
1446.57996 0.916777
1446.84998 0.915981
1447.12000 0.915265
1447.40002 0.914636
1447.67004 0.914009
1447.93994 0.913381
1448.20996 0.912621
1448.47998 0.911823
1448.75000 0.911025
1449.02002 0.910228
1449.30005 0.90943
1449.56995 0.908631
1449.83997 0.907832
1450.10999 0.907197
1450.38000 0.906811
1450.65002 0.906423
1450.92004 0.906036
1451.19995 0.905523
1451.46997 0.904964
1451.73999 0.904406
1452.01001 0.903852
1452.28003 0.903461
1452.56006 0.90307
1452.82996 0.902679
1453.09998 0.902223
1453.37000 0.901659
1453.64001 0.901093
1453.92004 0.900529
1454.18994 0.900082
1454.45996 0.899686
1454.72998 0.89929
1455.01001 0.89889
1455.28003 0.898321
1455.55005 0.897751
1455.81995 0.897181
1456.09998 0.896671
1456.37000 0.896272
1456.64001 0.895872
1456.91003 0.89547
1457.18994 0.89495
1457.45996 0.894378
1457.72998 0.893804
1458.01001 0.893231
1458.28003 0.892827
1458.55005 0.892423
1458.82996 0.892017
1459.09998 0.891548
1459.37000 0.89097
1459.64001 0.890392
1459.92004 0.889811
1460.18994 0.889344
1460.46997 0.888924
1460.73999 0.888502
1461.01001 0.888073
1461.29004 0.887478
1461.56006 0.886883
1461.82996 0.886286
1462.10999 0.885758
1462.38000 0.885334
1462.66003 0.88491
1462.93005 0.884483
1463.19995 0.88393
1463.47998 0.883328
1463.75000 0.882725
1464.03003 0.882126
1464.30005 0.881523
1464.56995 0.880921
1464.84998 0.880315
1465.12000 0.87979
1465.40002 0.87936
1465.67004 0.878926
1465.94995 0.878494
1466.21997 0.877921
1466.48999 0.877315
1466.77002 0.876705
1467.05005 0.876125
1467.31995 0.87569
1467.59998 0.875255
1467.87000 0.874819
1468.14001 0.87429
1468.42004 0.873674
1468.68994 0.873063
1468.96997 0.872449
1469.23999 0.871991
1469.52002 0.871551
1469.80005 0.871111
1470.06995 0.870622
1470.34998 0.869993
1470.62000 0.869358
1470.90002 0.868728
1471.17004 0.868207
1471.44995 0.867749
1471.71997 0.867292
1472.00000 0.866834
1472.27002 0.866201
1472.55005 0.865564
1472.82996 0.864928
1473.09998 0.864357
1473.38000 0.863895
1473.65002 0.863434
1473.93005 0.862972
1474.20996 0.862377
1474.47998 0.861737
1474.76001 0.861097
1475.04004 0.860477
1475.31006 0.860011
1475.58997 0.859546
1475.85999 0.859079
1476.14001 0.858523
1476.42004 0.857877
1476.68994 0.857233
1476.96997 0.856587
1477.25000 0.856097
1477.52002 0.855627
1477.80005 0.855157
1478.07996 0.854639
1478.34998 0.853986
1478.63000 0.853336
1478.91003 0.852687
1479.18005 0.852153
1479.45996 0.851679
1479.73999 0.851205
1480.02002 0.850728
1480.29004 0.85024
1480.56995 0.849748
1480.84998 0.849257
1481.12000 0.848685
1481.40002 0.848014
1481.68005 0.847342
1481.95996 0.846668
1482.23999 0.846147
1482.51001 0.845654
1482.79004 0.84516
1483.06995 0.844619
1483.34998 0.843941
1483.62000 0.843267
1483.90002 0.84259
1484.18005 0.842026
1484.45996 0.841529
1484.73999 0.84103
1485.01001 0.840521
1485.29004 0.839841
1485.56995 0.839158
1485.84998 0.838478
1486.13000 0.837876
1486.40002 0.837374
1486.68005 0.836871
1486.95996 0.836367
1487.23999 0.835707
1487.52002 0.835022
1487.80005 0.834336
1488.07996 0.833696
1488.35999 0.83319
1488.63000 0.832683
1488.91003 0.832175
1489.18994 0.831665
1489.46997 0.831158
1489.75000 0.830649
1490.03003 0.830117
1490.31006 0.829409
1490.58997 0.828701
1490.87000 0.827991
1491.15002 0.827374
1491.42004 0.826845
1491.69995 0.826317
1491.97998 0.825786
1492.26001 0.825084
1492.54004 0.824371
1492.81995 0.823657
1493.09998 0.823008
1493.38000 0.822474
1493.66003 0.82194
1493.93994 0.821405
1494.21997 0.820728
1494.50000 0.82001
1494.78003 0.819291
1495.06006 0.81861
1495.33997 0.818075
1495.62000 0.817536
1495.90002 0.816996
1496.18005 0.816339
1496.45996 0.815619
1496.73999 0.814896
1497.02002 0.814184
1497.30005 0.813643
1497.57996 0.813104
1497.85999 0.81256
1498.14001 0.812017
1498.42004 0.811473
1498.69995 0.810931
1498.98999 0.810385
1499.27002 0.809666
1499.55005 0.808936
1499.82996 0.808204
1500.10999 0.807479
1500.39001 0.806759
1500.67004 0.806037
1500.94995 0.805316
1501.22998 0.804442
1501.51001 0.803537
1501.80005 0.802628
1502.07996 0.801772
1502.35999 0.801053
1502.64001 0.800331
1502.92004 0.799606
1503.19995 0.798883
1503.47998 0.798161
1503.77002 0.797436
1504.05005 0.796681
1504.32996 0.795772
1504.60999 0.794866
1504.89001 0.793954
1505.17004 0.793159
1505.45996 0.792434
1505.73999 0.791707
1506.02002 0.790982
1506.30005 0.790257
1506.58997 0.789531
1506.87000 0.788805
1507.15002 0.787981
1507.43005 0.787069
1507.70996 0.786154
1508.00000 0.785242
1508.28003 0.784514
1508.56006 0.783785
1508.83997 0.783055
1509.13000 0.782244
1509.41003 0.781332
1509.68994 0.780416
1509.96997 0.779501
1510.26001 0.778744
1510.54004 0.778005
1510.81995 0.77726
1511.10999 0.776518
1511.39001 0.775776
1511.67004 0.775034
1511.94995 0.774291
1512.23999 0.773392
1512.52002 0.772463
1512.81006 0.771534
1513.08997 0.770662
1513.37000 0.769918
1513.65002 0.769172
1513.93994 0.768429
1514.21997 0.767684
1514.51001 0.76694
1514.79004 0.766193
1515.06995 0.7654
1515.35999 0.76447
1515.64001 0.763538
1515.93005 0.7626
1516.20996 0.761808
1516.48999 0.761061
1516.78003 0.760313
1517.06006 0.759526
1517.34998 0.758593
1517.63000 0.757662
1517.91003 0.756724
1518.19995 0.75592
1518.47998 0.755173
1518.77002 0.754422
1519.05005 0.753674
1519.33997 0.752926
1519.62000 0.752177
1519.90002 0.751428
1520.18994 0.750549
1520.46997 0.749604
1520.76001 0.748659
1521.04004 0.747739
1521.32996 0.746982
1521.60999 0.746222
1521.90002 0.745461
1522.18005 0.744705
1522.46997 0.743945
1522.75000 0.743185
1523.04004 0.742398
1523.31995 0.74145
1523.60999 0.740503
1523.89001 0.739555
1524.18005 0.738723
1524.46997 0.737962
1524.75000 0.737203
1525.04004 0.736439
1525.31995 0.735678
1525.60999 0.734916
1525.89001 0.734155
1526.18005 0.733274
1526.46997 0.732321
1526.75000 0.731368
1527.04004 0.730445
1527.31995 0.729682
1527.60999 0.728919
1527.90002 0.728153
1528.18005 0.72739
1528.46997 0.726628
1528.76001 0.725862
1529.04004 0.72507
1529.32996 0.724118
1529.60999 0.723165
1529.90002 0.722209
1530.18994 0.721376
1530.46997 0.720605
1530.76001 0.719837
1531.05005 0.719064
1531.32996 0.718293
1531.62000 0.717522
1531.91003 0.716749
1532.18994 0.715977
1532.47998 0.715205
1532.77002 0.714431
1533.06006 0.713624
1533.33997 0.712664
1533.63000 0.711703
1533.92004 0.710738
1534.19995 0.709912
1534.48999 0.709138
1534.78003 0.708363
1535.06995 0.707589
1535.34998 0.706818
1535.64001 0.706044
1535.93005 0.705268
1536.21997 0.70435
1536.51001 0.703387
1536.79004 0.70242
1537.07996 0.70151
1537.37000 0.700735
1537.66003 0.699962
1537.93994 0.699184
1538.22998 0.698408
1538.52002 0.697632
1538.81006 0.696854
1539.09998 0.69608
1539.38000 0.695303
1539.67004 0.694524
1539.95996 0.693745
1540.25000 0.692805
1540.54004 0.691837
1540.82996 0.690868
1541.12000 0.689973
1541.40002 0.689196
1541.68994 0.688417
1541.97998 0.687633
1542.27002 0.686853
1542.56006 0.686076
1542.84998 0.685295
1543.14001 0.684421
1543.43005 0.683451
1543.71997 0.682481
1544.01001 0.681513
1544.29004 0.680732
1544.57996 0.67995
1544.87000 0.679169
1545.16003 0.678385
1545.44995 0.677603
1545.73999 0.676821
1546.03003 0.676036
1546.31995 0.675256
1546.60999 0.674473
1546.90002 0.67369
1547.18994 0.67278
1547.47998 0.671807
1547.77002 0.670834
1548.06006 0.669898
1548.34998 0.669112
1548.64001 0.66833
1548.93005 0.667546
1549.21997 0.66676
1549.51001 0.665975
1549.80005 0.66519
1550.08997 0.664392
1550.38000 0.663561
1550.67004 0.662732
1550.95996 0.661904
1551.25000 0.66091
1551.54004 0.659891
1551.82996 0.658871
1552.12000 0.657932
1552.41003 0.6571
1552.69995 0.656271
1553.00000 0.655442
1553.29004 0.65461
1553.57996 0.653783
1553.87000 0.652953
1554.16003 0.652103
1554.44995 0.651233
1554.73999 0.650368
1555.03003 0.6495
1555.31995 0.648629
1555.62000 0.647759
1555.91003 0.646893
1556.19995 0.646025
1556.48999 0.645154
1556.78003 0.644286
1557.06995 0.64342
1557.35999 0.642549
1557.66003 0.641678
1557.94995 0.640809
1558.23999 0.639959
1558.53003 0.639106
1558.81995 0.638257
1559.12000 0.637399
1559.41003 0.636528
1559.69995 0.635661
1559.98999 0.634792
1560.28003 0.633928
1560.57996 0.633062
1560.87000 0.632197
1561.16003 0.631333
1561.44995 0.630467
1561.75000 0.629602
1562.04004 0.62874
1562.32996 0.627876
1562.62000 0.627009
1562.92004 0.626141
1563.20996 0.625279
1563.50000 0.624412
1563.80005 0.623547
1564.08997 0.622688
1564.38000 0.621845
1564.67004 0.620996
1564.96997 0.62015
1565.26001 0.619287
1565.55005 0.618419
1565.84998 0.617557
1566.14001 0.616688
1566.43005 0.61582
1566.72998 0.614957
1567.02002 0.614092
1567.31006 0.613226
1567.60999 0.612357
1567.90002 0.611492
1568.18994 0.610626
1568.48999 0.609757
1568.78003 0.608891
1569.07996 0.608025
1569.37000 0.607161
1569.66003 0.606292
1569.95996 0.605426
1570.25000 0.604583
1570.54004 0.603746
1570.83997 0.602905
1571.13000 0.602057
1571.43005 0.601196
1571.71997 0.600337
1572.02002 0.599479
1572.31006 0.59862
1572.60999 0.597759
1572.90002 0.5969
1573.18994 0.596044
1573.48999 0.595183
1573.78003 0.594323
1574.07996 0.593464
1574.37000 0.592605
1574.67004 0.591745
1574.95996 0.590883
1575.26001 0.590058
1575.55005 0.589239
1575.84998 0.588416
1576.14001 0.587585
1576.43994 0.586744
1576.72998 0.585903
1577.03003 0.58506
1577.32996 0.584219
1577.62000 0.583378
1577.92004 0.582537
1578.20996 0.58171
1578.51001 0.580888
1578.80005 0.580064
1579.09998 0.579235
1579.39001 0.578393
1579.68994 0.577552
1579.98999 0.57671
1580.28003 0.575898
1580.57996 0.575086
1580.87000 0.574274
1581.17004 0.573449
1581.46997 0.572618
1581.76001 0.57179
1582.06006 0.570956
1582.35999 0.570122
1582.65002 0.569293
1582.94995 0.568461
1583.23999 0.567644
1583.54004 0.566831
1583.83997 0.566018
1584.13000 0.565197
1584.43005 0.564363
1584.72998 0.563531
1585.03003 0.562698
1585.31995 0.561868
1585.62000 0.561034
1585.91003 0.560201
1586.20996 0.559382
1586.51001 0.558569
1586.81006 0.557755
1587.09998 0.556935
1587.40002 0.556097
1587.69995 0.555267
1588.00000 0.554434
1588.29004 0.55362
1588.58997 0.552803
1588.89001 0.551989
1589.18005 0.551165
1589.47998 0.550326
1589.78003 0.549493
1590.07996 0.548665
1590.38000 0.547844
1590.67004 0.547022
1590.96997 0.546201
1591.27002 0.545398
1591.56995 0.544599
1591.87000 0.543795
1592.16003 0.542983
1592.45996 0.542162
1592.76001 0.541338
1593.06006 0.540521
1593.35999 0.539719
1593.66003 0.538914
1593.94995 0.538114
1594.25000 0.537295
1594.55005 0.536473
1594.84998 0.535649
1595.15002 0.534826
1595.44995 0.534004
1595.75000 0.533179
1596.05005 0.53236
1596.34998 0.531559
1596.64001 0.530756
1596.93994 0.529949
1597.23999 0.52913
1597.54004 0.528307
1597.83997 0.527486
1598.14001 0.526667
1598.43994 0.525863
1598.73999 0.525056
1599.04004 0.524252
1599.33997 0.523428
1599.64001 0.522604
1599.93994 0.521778
1600.23999 0.520987
1600.54004 0.520205
1600.83997 0.519423
1601.14001 0.518641
1601.43994 0.517858
1601.72998 0.517076
1602.04004 0.516291
1602.33997 0.515508
1602.63000 0.514728
1602.93005 0.513945
1603.23999 0.513159
1603.54004 0.512374
1603.83997 0.511593
1604.14001 0.510808
1604.43994 0.510024
1604.73999 0.509241
1605.04004 0.508457
1605.33997 0.507673
1605.64001 0.506887
1605.93994 0.506103
1606.23999 0.505303
1606.54004 0.504499
1606.83997 0.503696
1607.14001 0.502901
1607.44995 0.502114
1607.75000 0.501331
1608.05005 0.500547
1608.34998 0.499768
1608.65002 0.498987
1608.94995 0.498208
1609.25000 0.497428
1609.56006 0.496646
1609.85999 0.495866
1610.16003 0.495098
1610.45996 0.494336
1610.76001 0.493572
1611.06006 0.492807
1611.35999 0.492047
1611.67004 0.491282
1611.96997 0.49052
1612.27002 0.489757
1612.56995 0.488996
1612.87000 0.488231
1613.18005 0.487467
1613.47998 0.486704
1613.78003 0.48594
1614.07996 0.485176
1614.38000 0.484412
1614.68994 0.483646
1614.98999 0.482879
1615.29004 0.482117
1615.58997 0.481352
1615.90002 0.480587
1616.19995 0.47982
1616.50000 0.479055
1616.81006 0.478289
1617.10999 0.477521
1617.41003 0.476756
1617.70996 0.475992
1618.02002 0.475225
1618.31995 0.474437
1618.62000 0.473651
1618.93005 0.472865
1619.22998 0.472096
1619.53003 0.471327
1619.83997 0.470559
1620.14001 0.469802
1620.43994 0.469052
1620.75000 0.468306
1621.05005 0.467558
1621.34998 0.466808
1621.66003 0.466063
1621.95996 0.465315
1622.27002 0.464562
1622.56995 0.463816
1622.87000 0.463067
1623.18005 0.462318
1623.47998 0.461567
1623.79004 0.460817
1624.08997 0.46007
1624.39001 0.45932
1624.69995 0.458568
1625.00000 0.457818
1625.31006 0.457107
1625.60999 0.456393
1625.91003 0.455682
1626.21997 0.45497
1626.52002 0.45426
1626.82996 0.453545
1627.13000 0.452824
1627.43994 0.452092
1627.73999 0.451357
1628.05005 0.450628
1628.34998 0.449914
1628.66003 0.449199
1628.95996 0.448487
1629.27002 0.447773
1629.56995 0.447059
1629.88000 0.446343
1630.18005 0.445642
1630.48999 0.444951
1630.79004 0.444259
1631.09998 0.443555
1631.41003 0.442841
1631.70996 0.44213
1632.02002 0.441415
1632.31995 0.440721
1632.63000 0.440027
1632.93005 0.439334
1633.23999 0.438635
1633.55005 0.437939
1633.84998 0.437244
1634.16003 0.436548
1634.45996 0.435852
1634.77002 0.435156
1635.07996 0.434459
1635.38000 0.43376
1635.68994 0.433065
1635.98999 0.432368
1636.30005 0.431648
1636.60999 0.43093
1636.91003 0.430212
1637.21997 0.429509
1637.53003 0.428807
1637.83997 0.428109
1638.14001 0.427411
1638.44995 0.426709
1638.76001 0.426008
1639.06006 0.42531
1639.37000 0.424609
1639.68005 0.423906
1639.97998 0.423206
1640.29004 0.422507
1640.59998 0.421809
1640.90002 0.42111
1641.20996 0.420425
1641.52002 0.419746
1641.82996 0.419064
1642.13000 0.418384
1642.43994 0.417703
1642.75000 0.417022
1643.06006 0.416341
1643.37000 0.41566
1643.67004 0.414978
1643.97998 0.414294
1644.29004 0.413611
1644.59998 0.412929
1644.90002 0.412245
1645.20996 0.411546
1645.52002 0.410842
1645.82996 0.41014
1646.14001 0.409442
1646.44995 0.408757
1646.75000 0.408072
1647.06006 0.407387
1647.37000 0.406701
1647.68005 0.406012
1647.98999 0.405326
1648.30005 0.404641
1648.60999 0.403952
1648.91003 0.403264
1649.21997 0.402576
1649.53003 0.401888
1649.83997 0.401197
1650.15002 0.400531
1650.45996 0.399886
1650.77002 0.399244
1651.07996 0.398605
1651.39001 0.397981
1651.69995 0.397354
1652.01001 0.396729
1652.31995 0.396103
1652.62000 0.39548
1652.93005 0.394851
1653.23999 0.394224
1653.55005 0.393598
1653.85999 0.392968
1654.17004 0.39234
1654.47998 0.391712
1654.79004 0.391085
1655.09998 0.390454
1655.41003 0.389822
1655.71997 0.389191
