threeML/data/optical_filters/HST/ACS_WFC-F625W_77.ecsv
# %ECSV 0.9
# ---
# datatype:
# - {name: wavelength, unit: Angstrom, datatype: float32}
# - {name: response, datatype: float32}
# meta: !!omap
# - {band_name: F625W_77}
# - {group_name: ACS_WFC}
wavelength response
[from data line 1600]
6609.74023 0.984158
6610.56006 0.984889
6611.39014 0.985004
6612.20996 0.985119
6613.04004 0.985236
6613.85986 0.985349
6614.68994 0.985465
6615.52002 0.985582
6616.33984 0.985698
6617.16992 0.985812
6617.99023 0.985927
6618.81982 0.986043
6619.64014 0.986159
6620.47021 0.986079
6621.29980 0.985852
6622.12012 0.985625
6622.95020 0.985397
6623.77979 0.98517
6624.60010 0.984944
6625.43018 0.984716
6626.25977 0.984488
6627.08008 0.984262
6627.91016 0.984032
6628.74023 0.983805
6629.56006 0.983578
6630.39990 0.983658
6631.22021 0.984078
6632.06006 0.984501
6632.87988 0.984918
6633.70996 0.98534
6634.54004 0.985762
6635.35986 0.986181
6636.18994 0.986602
6637.02002 0.987023
6637.85010 0.987443
6638.68018 0.987865
6639.50977 0.988289
6640.33008 0.987765
6641.16016 0.985827
6641.99023 0.983887
6642.81982 0.981956
6643.64990 0.980024
6644.47998 0.978084
6645.31006 0.976159
6646.14014 0.974217
6646.97021 0.972272
6647.79980 0.970345
6648.62988 0.968401
6649.45996 0.966455
6650.29004 0.965286
6651.12012 0.965561
6651.95020 0.965837
6652.77002 0.966111
6653.60986 0.966389
6654.43994 0.966666
6655.27002 0.96694
6656.10010 0.967217
6656.93018 0.967492
6657.75977 0.967769
6658.58984 0.968045
6659.43018 0.968322
6660.25000 0.968684
6661.08984 0.969249
6661.91992 0.969817
6662.75000 0.970379
6663.58008 0.970946
6664.41016 0.971513
6665.24023 0.972079
6666.06982 0.972645
6666.91016 0.973213
6667.74023 0.973775
6668.56982 0.974344
6669.41016 0.974912
6670.22998 0.975669
6671.06982 0.976927
6671.89990 0.978184
6672.72998 0.979438
6673.56982 0.980691
6674.39990 0.98195
6675.22998 0.983198
6676.06982 0.984464
6676.89990 0.985718
6677.74023 0.986978
6678.56982 0.988233
6679.39990 0.989488
6680.24023 0.990552
6681.06982 0.99111
6681.89990 0.991668
6682.74023 0.992229
6683.56982 0.992789
6684.39990 0.993348
6685.24023 0.99391
6686.06982 0.99447
6686.91016 0.995029
6687.74023 0.995591
6688.58008 0.996152
6689.41016 0.996713
6690.25000 0.996714
6691.08008 0.995392
6691.91992 0.994072
6692.75977 0.992743
6693.58984 0.991421
6694.41992 0.990097
6695.25977 0.988768
6696.10010 0.987444
6696.93018 0.986121
6697.77002 0.984792
6698.60010 0.983465
6699.43994 0.982138
6700.27979 0.981123
6701.10986 0.980756
6701.95020 0.980388
6702.79004 0.980019
6703.62012 0.979651
6704.45996 0.979283
6705.29980 0.978914
6706.12988 0.978547
6706.97021 0.978178
6707.81006 0.97781
6708.64014 0.977441
6709.47998 0.977073
6710.31982 0.976225
6711.14990 0.974598
6711.99023 0.97297
6712.83008 0.971339
6713.66992 0.969709
6714.50000 0.968081
6715.35010 0.966444
6716.18018 0.964812
6717.02002 0.96318
6717.85986 0.961539
6718.70020 0.959905
6719.52979 0.95827
6720.37988 0.957671
6721.22021 0.958368
6722.06006 0.959063
6722.89014 0.959752
6723.72998 0.960447
6724.56982 0.961143
6725.41016 0.961837
6726.25000 0.962531
6727.08984 0.963229
6727.93018 0.963919
6728.77002 0.964618
6729.60986 0.965316
6730.45020 0.965874
6731.29004 0.966321
6732.12988 0.966767
6732.97021 0.967213
6733.81006 0.967658
6734.64990 0.968105
6735.49023 0.968548
6736.33008 0.968995
6737.18018 0.969442
6738.00977 0.969886
6738.85010 0.970333
6739.70020 0.970781
6740.54004 0.971611
6741.37988 0.972655
6742.22021 0.973703
6743.06006 0.974742
6743.89990 0.975795
6744.75000 0.976844
6745.58008 0.977885
6746.43018 0.978936
6747.27002 0.979988
6748.10986 0.981036
6748.95020 0.982082
6749.79980 0.983135
6750.64014 0.98445
6751.47998 0.985865
6752.33008 0.987279
6753.16016 0.988681
6754.00977 0.990098
6754.85010 0.991512
6755.70020 0.992923
6756.54004 0.994335
6757.39014 0.995753
6758.22021 0.99716
6759.06982 0.99858
6759.91992 1.0
6760.75000 0.999745
6761.60010 0.999297
6762.45020 0.998849
6763.29004 0.998403
6764.12988 0.997957
6764.97998 0.997509
6765.83008 0.997062
6766.66992 0.996616
6767.50977 0.996169
6768.35986 0.995721
6769.20020 0.995274
6770.04980 0.994814
6770.89990 0.99412
6771.74023 0.993431
6772.58008 0.992742
6773.43018 0.992048
6774.27002 0.991357
6775.12012 0.990666
6775.97021 0.98997
6776.81006 0.989279
6777.64990 0.988586
6778.50000 0.98789
6779.35010 0.987197
6780.18994 0.98663
6781.04004 0.986488
6781.89014 0.986348
6782.72998 0.986207
6783.58008 0.986064
6784.43018 0.985923
6785.27002 0.985782
6786.12012 0.985638
6786.97021 0.985498
6787.81006 0.985355
6788.66016 0.985212
6789.50977 0.98507
6790.35010 0.98483
6791.20020 0.984454
6792.04980 0.984079
6792.89990 0.983702
6793.75000 0.983325
6794.60010 0.982949
6795.43994 0.982573
6796.29004 0.982195
6797.14014 0.981818
6797.99023 0.981442
6798.83984 0.981065
6799.68994 0.980688
6800.52979 0.981374
6801.37988 0.982696
6802.22998 0.984014
6803.08008 0.985331
6803.93018 0.986657
6804.77979 0.987975
6805.62988 0.989294
6806.47998 0.990618
6807.33008 0.99194
6808.18018 0.993259
6809.02979 0.994585
6809.87988 0.995907
6810.72998 0.99485
6811.58008 0.993405
6812.43018 0.991945
6813.27979 0.990487
6814.12988 0.989042
6814.97998 0.987583
6815.83008 0.986123
6816.68018 0.984676
6817.52979 0.983214
6818.39014 0.981752
6819.22998 0.980305
6820.08984 0.978967
6820.93994 0.978718
6821.79004 0.978473
6822.64014 0.978225
6823.49023 0.977977
6824.33984 0.977731
6825.18994 0.977483
6826.04980 0.977235
6826.89990 0.976988
6827.75000 0.97674
6828.60010 0.976491
6829.45020 0.976245
6830.31006 0.975782
6831.16016 0.974939
6832.00977 0.974105
6832.85986 0.973264
6833.72021 0.972421
6834.56982 0.971585
6835.41992 0.970742
6836.27979 0.969898
6837.12988 0.969062
6837.97998 0.968218
6838.83984 0.967372
6839.68994 0.966536
6840.54004 0.965643
6841.39990 0.964723
6842.25000 0.96381
6843.10010 0.962889
6843.95996 0.961968
6844.81006 0.961054
6845.66992 0.960134
6846.52002 0.959212
6847.37988 0.958298
6848.22998 0.957377
6849.08984 0.956456
6849.93994 0.95554
6850.79980 0.956103
6851.64990 0.956782
6852.50000 0.957454
6853.35986 0.958132
6854.22021 0.958812
6855.06982 0.959484
6855.93018 0.960165
6856.79004 0.960842
6857.64990 0.961522
6858.50000 0.962198
6859.35010 0.962875
6860.20996 0.963355
6861.06982 0.963221
6861.91992 0.963087
6862.77979 0.962953
6863.64014 0.962819
6864.49023 0.962685
6865.35010 0.96255
6866.20996 0.962415
6867.06006 0.962282
6867.91992 0.962146
6868.77979 0.962011
6869.62988 0.961877
6870.49023 0.962094
6871.35010 0.96257
6872.20996 0.963046
6873.06982 0.963525
6873.91992 0.964003
6874.77979 0.964479
6875.64014 0.96496
6876.50000 0.965437
6877.35010 0.965914
6878.22021 0.966394
6879.06982 0.96687
6879.93018 0.967348
6880.79004 0.967049
6881.64990 0.96668
6882.50977 0.966312
6883.37012 0.965942
6884.22998 0.965573
6885.08008 0.965204
6885.93994 0.964834
6886.79980 0.964464
6887.66016 0.964093
6888.52002 0.963721
6889.37988 0.963352
6890.24023 0.962806
6891.10010 0.961804
6891.95996 0.960805
6892.81982 0.959808
6893.68018 0.958805
6894.54004 0.957804
6895.39990 0.956805
6896.27002 0.955802
6897.12012 0.954803
6897.97998 0.953801
6898.85010 0.952796
6899.70996 0.951796
6900.56982 0.951065
6901.43018 0.950468
6902.29980 0.949872
6903.16016 0.949275
6904.02002 0.948682
6904.87988 0.948086
6905.74023 0.947487
6906.60010 0.946895
6907.47021 0.946298
6908.33008 0.945701
6909.18994 0.945107
6910.04980 0.944558
6910.91992 0.944765
6911.77002 0.944967
6912.64014 0.945172
6913.50977 0.945378
6914.35986 0.945581
6915.22998 0.945785
6916.08984 0.945991
6916.95020 0.946194
6917.81982 0.946399
6918.68994 0.946603
6919.54004 0.946805
6920.41016 0.947456
6921.27002 0.948605
6922.12988 0.949745
6923.00000 0.950895
6923.87012 0.952045
6924.72998 0.953184
6925.58984 0.954335
6926.45996 0.955486
6927.31982 0.956626
6928.18994 0.957776
6929.04980 0.958928
6929.91016 0.960068
6930.77979 0.960306
6931.64990 0.960443
6932.50977 0.960579
6933.37988 0.960716
6934.24023 0.960852
6935.10010 0.960987
6935.97021 0.961123
6936.83984 0.961258
6937.70020 0.961392
6938.56982 0.961527
6939.43994 0.961663
6940.29980 0.961493
6941.16992 0.960744
6942.04004 0.959993
6942.89990 0.959251
6943.77002 0.958501
6944.64014 0.957749
6945.50000 0.957004
6946.37012 0.956252
6947.24023 0.9555
6948.10986 0.954745
6948.97021 0.953997
6949.83984 0.953244
6950.70996 0.951734
6951.56982 0.950057
6952.43994 0.948381
6953.31006 0.946698
6954.18018 0.945021
6955.04980 0.943344
6955.91992 0.941658
6956.77979 0.939981
6957.64990 0.938303
6958.52002 0.936618
6959.39014 0.934938
6960.25977 0.933062
6961.12988 0.930703
6961.99023 0.928352
6962.85986 0.926003
6963.72998 0.923643
6964.60010 0.921292
6965.47021 0.918939
6966.33984 0.916577
6967.20996 0.914225
6968.08008 0.911871
6968.95020 0.909508
6969.81982 0.907154
6970.68994 0.904771
6971.56006 0.902371
6972.43018 0.899981
6973.29980 0.897589
6974.16992 0.895187
6975.04004 0.892792
6975.91016 0.8904
6976.77979 0.887993
6977.64990 0.885598
6978.52002 0.883201
6979.39014 0.880791
6980.25977 0.878058
6981.12988 0.874552
6982.00977 0.87103
6982.87988 0.867521
6983.75000 0.864009
6984.62012 0.860481
6985.49023 0.856965
6986.35986 0.853447
6987.24023 0.849913
6988.10986 0.846394
6988.97998 0.84287
6989.85010 0.839332
6990.72998 0.834107
6991.60010 0.828536
6992.47021 0.82294
6993.33984 0.817365
6994.22021 0.811743
6995.08984 0.806188
6995.97021 0.800585
6996.83984 0.794979
6997.70996 0.789421
6998.58984 0.783811
6999.45996 0.778197
7000.33008 0.770462
7001.20996 0.759077
7002.08008 0.747691
7002.95020 0.736408
7003.83008 0.725024
7004.70020 0.713631
7005.56982 0.70234
7006.45020 0.690948
7007.33008 0.679556
7008.20020 0.668266
7009.06982 0.656867
7009.95020 0.645468
7010.81982 0.630732
7011.70020 0.615662
7012.58008 0.60058
7013.45020 0.585631
7014.31982 0.570546
7015.20020 0.555461
7016.06982 0.5405
7016.95020 0.525411
7017.83008 0.510314
7018.70020 0.495349
7019.58008 0.480241
7020.45996 0.466664
7021.33008 0.454585
7022.20996 0.442396
7023.08984 0.430205
7023.95996 0.418114
7024.83984 0.405913
7025.72021 0.393709
7026.58984 0.381611
7027.47021 0.369404
7028.35010 0.357188
7029.22021 0.345079
7030.10010 0.333281
7030.97998 0.324773
7031.85010 0.316334
7032.72998 0.307823
7033.60986 0.299307
7034.47998 0.290864
7035.37012 0.28234
7036.25000 0.27382
7037.12012 0.265368
7038.00000 0.25684
7038.87988 0.248306
7039.75977 0.239851
7040.64014 0.233459
7041.52002 0.227952
7042.39990 0.222421
7043.27979 0.216914
7044.14990 0.211403
7045.04004 0.205867
7045.91016 0.200356
7046.79004 0.194845
7047.66992 0.189306
7048.54980 0.183792
7049.43018 0.178277
7050.31006 0.172918
7051.18994 0.167909
7052.06982 0.162897
7052.95020 0.157862
7053.83008 0.152849
7054.70996 0.147833
7055.60010 0.142797
7056.47021 0.13778
7057.35010 0.132763
7058.24023 0.127722
7059.12012 0.122701
7060.00000 0.117683
7060.87988 0.113164
7061.75977 0.108664
7062.64014 0.104168
7063.52002 0.099652
7064.39990 0.0951537
7065.27979 0.0906559
7066.16992 0.0861358
7067.04980 0.0816385
7067.93018 0.077139
7068.81006 0.0726199
7069.70020 0.0681211
7070.58008 0.0647341
7071.45996 0.0619179
7072.33984 0.0591138
7073.22998 0.0563092
7074.10986 0.0534918
7074.99023 0.050685
7075.87012 0.0478777
7076.75977 0.0450577
7077.64014 0.0422497
7078.52002 0.0394413
7079.41016 0.0366186
7080.29004 0.034245
7081.16992 0.0327548
7082.06006 0.0312579
7082.93994 0.0297666
7083.83008 0.028275
7084.70996 0.0267766
7085.60010 0.0252847
7086.47998 0.0237926
7087.37012 0.0222928
7088.25000 0.0207929
7089.14014 0.0192928
7090.02002 0.0178223
7090.91016 0.0170982
7091.79980 0.0163737
7092.68018 0.0156557
7093.56006 0.0149314
7094.45020 0.0142067
7095.33008 0.0134884
7096.22021 0.0127639
7097.10986 0.0120394
7097.99023 0.0113214
7098.87988 0.0105966
7099.77002 0.00987192
7100.64990 0.0094367
7101.52979 0.00910143
7102.41992 0.008766
7103.31006 0.0084337
7104.18994 0.00809827
7105.08008 0.00776265
7105.97021 0.00743019
7106.85010 0.00709458
7107.74023 0.00675899
7108.62988 0.00642636
7109.52002 0.00609078
7110.41016 0.00583031
7111.29004 0.00566121
7112.18018 0.0054906
7113.06982 0.00531996
7113.95020 0.0051508
7114.83984 0.00498004
7115.72998 0.00480925
7116.60986 0.00463995
7117.50977 0.00446904
7118.39990 0.00429819
7119.27979 0.00412874
7120.16992 0.0039749
7121.06006 0.00389318
7121.95020 0.00381219
7122.83984 0.00373044
7123.72998 0.00364867
7124.60986 0.0035676
7125.50977 0.00348575
7126.39014 0.0034043
7127.27979 0.00332278
7128.16992 0.00324089
7129.06006 0.00315894
7129.95020 0.00307773
7130.83984 0.00299556
7131.72998 0.00291338
7132.62012 0.0028319
7133.50977 0.00274966
7134.41016 0.00266742
7135.29980 0.00258517
7136.18994 0.00250328
7137.08008 0.00242139
7137.97021 0.00233909
7851.76709 0.0
