threeML/data/optical_filters/HST/ACS_SBC-F140LP.ecsv
# %ECSV 0.9
# ---
# datatype:
# - {name: wavelength, unit: Angstrom, datatype: float32}
# - {name: response, datatype: float32}
# meta: !!omap
# - {band_name: F140LP}
# - {group_name: ACS_SBC}
wavelength response
[from data line 2368]
1924.06995 0.0709232
1924.43005 0.0705834
1924.79004 0.0702449
1925.15002 0.0699109
1925.51001 0.069584
1925.87000 0.0692576
1926.22998 0.0689308
1926.58997 0.0686033
1926.94995 0.0682755
1927.31006 0.0679504
1927.67004 0.0676242
1928.04004 0.0672983
1928.40002 0.0669685
1928.76001 0.0666373
1929.12000 0.0663087
1929.47998 0.0659813
1929.83997 0.0656523
1930.19995 0.0653217
1930.56995 0.064989
1930.93005 0.064656
1931.29004 0.0643224
1931.65002 0.0639882
1932.01001 0.0636529
1932.37000 0.0633215
1932.72998 0.0629896
1933.09998 0.0626563
1933.45996 0.0623197
1933.81995 0.0619828
1934.18005 0.0616471
1934.55005 0.0613119
1934.91003 0.0609761
1935.27002 0.060639
1935.63000 0.0602995
1935.98999 0.0599595
1936.35999 0.0596217
1936.71997 0.0592855
1937.07996 0.058947
1937.44995 0.058604
1937.81006 0.0582616
1938.17004 0.0579186
1938.54004 0.0575752
1938.90002 0.0572302
1939.26001 0.0568886
1939.62000 0.0565473
1939.98999 0.0562057
1940.34998 0.0558599
1940.70996 0.0555135
1941.07996 0.0551674
1941.43994 0.0548228
1941.81006 0.0544786
1942.17004 0.0541322
1942.53003 0.0537823
1942.90002 0.0534339
1943.26001 0.0530867
1943.62000 0.0527401
1943.98999 0.052392
1944.34998 0.0520407
1944.71997 0.0516898
1945.07996 0.0513353
1945.44995 0.0509823
1945.81006 0.0506299
1946.17004 0.0502778
1946.54004 0.0499261
1946.90002 0.049575
1947.27002 0.0492206
1947.63000 0.0488635
1948.00000 0.0485071
1948.35999 0.0481538
1948.72998 0.0478012
1949.08997 0.0474459
1949.45996 0.0470913
1949.81995 0.0467361
1950.18994 0.0463823
1950.55005 0.0460328
1950.92004 0.045682
1951.28003 0.0453337
1951.65002 0.0449846
1952.02002 0.0446362
1952.38000 0.0442872
1952.75000 0.0439368
1953.10999 0.043587
1953.47998 0.0432376
1953.83997 0.0428869
1954.20996 0.0425346
1954.57996 0.0421819
1954.93994 0.0418307
1955.31006 0.041477
1955.67004 0.0411238
1956.04004 0.0407703
1956.41003 0.0404171
1956.77002 0.0400616
1957.14001 0.0397066
1957.51001 0.0393511
1957.87000 0.038994
1958.23999 0.0386377
1958.60999 0.0382807
1958.96997 0.0379222
1959.33997 0.0375619
1959.70996 0.0371996
1960.06995 0.0368376
1960.43994 0.0364773
1960.81006 0.0361175
1961.18005 0.0357565
1961.54004 0.0353941
1961.91003 0.0350314
1962.28003 0.034667
1962.65002 0.0343044
1963.01001 0.0339393
1963.38000 0.0335748
1963.75000 0.0332097
1964.12000 0.0328443
1964.47998 0.0324783
1964.84998 0.032112
1965.21997 0.0317452
1965.58997 0.031378
1965.95996 0.0310091
1966.32996 0.030641
1966.68994 0.0302713
1967.06006 0.0299034
1967.43005 0.0295328
1967.80005 0.0291629
1968.17004 0.0287925
1968.54004 0.0284216
1968.90002 0.0280503
1969.27002 0.0276785
1969.64001 0.0273064
1970.01001 0.0269326
1970.38000 0.0265606
1970.75000 0.0261871
1971.12000 0.0258106
1971.48999 0.0254321
1971.85999 0.0250522
1972.22998 0.0246763
1972.59998 0.0242994
1972.96997 0.023923
1973.33997 0.0235463
1973.70996 0.023168
1974.07996 0.022792
1974.43994 0.0224218
1974.81006 0.0220513
1975.18005 0.0217123
1975.55005 0.0214053
1975.92004 0.0210979
1976.30005 0.0207925
1976.66003 0.0204892
1977.03003 0.0201847
1977.40002 0.0198799
1977.78003 0.0195737
1978.14001 0.0192706
1978.52002 0.0189678
1978.89001 0.0186646
1979.26001 0.0183592
1979.63000 0.0180529
1980.00000 0.0177446
1980.37000 0.0174368
1980.73999 0.0171286
1981.10999 0.0168212
1981.47998 0.0165155
1981.84998 0.0162102
1982.21997 0.0159021
1982.59998 0.015593
1982.96997 0.0152816
1983.33997 0.0149746
1983.70996 0.0146675
1984.07996 0.0143583
1984.44995 0.0140473
1984.81995 0.0137349
1985.19995 0.0134214
1985.56995 0.0131083
1985.93994 0.0127949
1986.31006 0.0124846
1986.68005 0.0121736
1987.06006 0.0118626
1987.43005 0.0115476
1987.80005 0.0112314
1988.17004 0.0109166
1988.55005 0.0106021
1988.92004 0.0102883
1989.29004 0.00997226
1989.66003 0.00965674
1990.04004 0.00934086
1990.41003 0.00902502
1990.78003 0.00870709
1991.15002 0.00838974
1991.53003 0.00807242
1991.90002 0.00775364
1992.27002 0.00743641
1992.65002 0.007117
1993.02002 0.00679715
1993.39001 0.00647876
1993.77002 0.00615817
1994.14001 0.00583795
1994.51001 0.00551703
1994.89001 0.0051958
1995.26001 0.00487454
1995.63000 0.00455298
1996.01001 0.00423099
1996.38000 0.00390774
1996.76001 0.00358596
1997.13000 0.00325947
2196.84302 0.0
