threeML/data/optical_filters/HST/ACS_WFC-F606W_81.ecsv
# %ECSV 0.9
# ---
# datatype:
# - {name: wavelength, unit: Angstrom, datatype: float32}
# - {name: response, datatype: float32}
# meta: !!omap
# - {band_name: F606W_81}
# - {group_name: ACS_WFC}
wavelength response
[from data line 3210]
6884.52979 0.925342
6885.39014 0.91984
6886.25977 0.914335
6887.12012 0.908825
6887.97998 0.903291
6888.85010 0.897757
6889.70996 0.892245
6890.56982 0.891551
6891.43994 0.893279
6892.29980 0.895009
6893.16016 0.896739
6894.02002 0.898469
6894.89014 0.900199
6895.75977 0.901938
6896.62012 0.903678
6897.47998 0.905409
6898.35010 0.90714
6899.20996 0.908874
6900.06982 0.909834
6900.93994 0.902693
6901.79980 0.895549
6902.66992 0.8884
6903.52979 0.881222
6904.39990 0.874038
6905.27002 0.866886
6906.12988 0.85973
6907.00000 0.852577
6907.85986 0.845416
6908.72998 0.838254
6909.58984 0.831092
6910.45020 0.829068
6911.31982 0.831696
6912.18994 0.834322
6913.06006 0.83694
6913.91992 0.839559
6914.79004 0.842179
6915.64990 0.8448
6916.52002 0.847423
6917.39014 0.850047
6918.25000 0.852674
6919.12012 0.85531
6919.99023 0.85795
6920.85986 0.851829
6921.72021 0.845618
6922.58984 0.839406
6923.45996 0.833189
6924.31982 0.82697
6925.18994 0.82075
6926.06006 0.814531
6926.93018 0.808277
6927.79980 0.802025
6928.66992 0.795799
6929.52979 0.789571
6930.39990 0.788925
6931.27002 0.794802
6932.14014 0.800676
6933.00000 0.806556
6933.87012 0.812433
6934.74023 0.818337
6935.60986 0.824245
6936.47998 0.830126
6937.35010 0.836007
6938.22021 0.841891
6939.08984 0.847774
6939.95996 0.85366
6940.81982 0.850558
6941.68994 0.846978
6942.56982 0.843384
6943.43994 0.839786
6944.31006 0.836203
6945.18018 0.832619
6946.04980 0.829033
6946.91992 0.825446
6947.79004 0.821854
6948.66016 0.818264
6949.52979 0.814671
6950.39990 0.816351
6951.27002 0.824301
6952.14014 0.832218
6953.00977 0.840141
6953.87988 0.848058
6954.75977 0.85598
6955.62012 0.8639
6956.50000 0.871821
6957.37012 0.879743
6958.24023 0.8877
6959.12012 0.89566
6959.99023 0.903584
6960.85986 0.90464
6961.72998 0.905594
6962.60010 0.90655
6963.47021 0.907505
6964.35010 0.90846
6965.22021 0.909413
6966.08984 0.910372
6966.97021 0.911332
6967.83984 0.912285
6968.70996 0.91324
6969.58008 0.914195
6970.45996 0.916734
6971.33008 0.920713
6972.20020 0.924693
6973.06982 0.928675
6973.95020 0.932675
6974.83008 0.936673
6975.70020 0.940659
6976.56982 0.944645
6977.45020 0.94863
6978.31982 0.952618
6979.18994 0.956604
6980.06982 0.959965
6980.93994 0.955937
6981.81982 0.951885
6982.70020 0.947834
6983.56982 0.943795
6984.45020 0.939757
6985.31982 0.935716
6986.18994 0.931672
6987.06982 0.927625
6987.93994 0.923579
6988.81982 0.919528
6989.70020 0.915459
6990.58008 0.916367
6991.45020 0.91988
6992.33008 0.923393
6993.20020 0.926908
6994.08008 0.930426
6994.95020 0.933942
6995.83008 0.937461
6996.70020 0.940978
6997.58008 0.944514
6998.45996 0.948051
6999.33984 0.951573
7000.20996 0.953465
7001.08984 0.950268
7001.97021 0.947086
7002.83984 0.943903
7003.72021 0.94072
7004.60010 0.937536
7005.47998 0.934335
7006.35986 0.931137
7007.24023 0.927949
7008.10986 0.924778
7008.99023 0.921576
7009.87012 0.918389
7010.74023 0.919464
7011.62012 0.921304
7012.50000 0.923141
7013.37988 0.924986
7014.25977 0.92683
7015.14014 0.928667
7016.02002 0.930496
7016.89990 0.932341
7017.77979 0.934179
7018.64990 0.936017
7019.52979 0.937855
7020.41016 0.936552
7021.29004 0.931664
7022.18018 0.926774
7023.06006 0.921904
7023.93018 0.917054
7024.81006 0.912161
7025.68994 0.907286
7026.56982 0.902409
7027.45020 0.897531
7028.33008 0.892654
7029.22021 0.887751
7030.10010 0.884024
7030.97998 0.889485
7031.85986 0.894923
7032.74023 0.900413
7033.62012 0.90588
7034.50000 0.911346
7035.37988 0.916814
7036.25977 0.922285
7037.14990 0.927779
7038.02979 0.933277
7038.91016 0.93875
7039.79004 0.944199
7040.68018 0.942015
7041.56006 0.937455
7042.43994 0.932896
7043.31982 0.928333
7044.20020 0.923771
7045.08984 0.919187
7045.97021 0.914603
7046.85010 0.910039
7047.72998 0.905491
7048.62012 0.900905
7049.50000 0.896339
7050.37988 0.896316
7051.27002 0.902216
7052.14990 0.90812
7053.02979 0.914049
7053.91992 0.919978
7054.81006 0.925884
7055.68018 0.931765
7056.56982 0.937696
7057.45020 0.943604
7058.33984 0.949515
7059.22021 0.955424
7060.10010 0.960022
7060.99023 0.954846
7061.87988 0.949667
7062.75977 0.944514
7063.64990 0.93938
7064.52979 0.934204
7065.41992 0.929049
7066.29980 0.92389
7067.18994 0.918735
7068.06982 0.913577
7068.95996 0.908396
7069.85010 0.903215
7070.72998 0.893091
7071.60986 0.881976
7072.50000 0.870762
7073.39014 0.859594
7074.27002 0.848424
7075.16016 0.837247
7076.04980 0.826069
7076.93994 0.814839
7077.81982 0.803608
7078.70996 0.792424
7079.58984 0.781283
7080.47998 0.761165
7081.37012 0.733664
7082.25977 0.70616
7083.14014 0.678637
7084.02979 0.651109
7084.91992 0.623457
7085.81006 0.595802
7086.70020 0.56825
7087.58008 0.540831
7088.47021 0.51315
7089.35986 0.485572
7090.25000 0.460839
7091.12988 0.443498
7092.02002 0.426168
7092.91016 0.408745
7093.79980 0.391332
7094.68994 0.373998
7095.58008 0.356732
7096.47021 0.339315
7097.35986 0.321975
7098.24023 0.304628
7099.12988 0.287282
7100.02002 0.27012
7100.91016 0.25993
7101.81006 0.24974
7102.70020 0.239589
7103.58008 0.229489
7104.47998 0.219289
7105.35986 0.209139
7106.25000 0.198989
7107.14014 0.188833
7108.02979 0.178678
7108.93018 0.168479
7109.81982 0.158274
7110.70996 0.152705
7111.60010 0.148313
7112.49023 0.143881
7113.37988 0.139466
7114.27002 0.135053
7115.16016 0.130637
7116.04980 0.126221
7116.95020 0.121785
7117.83984 0.117346
7118.72998 0.112925
7119.62012 0.108524
7120.52002 0.10507
7121.41016 0.102355
7122.29980 0.0996378
7123.18994 0.0969203
7124.08008 0.0942024
7124.97998 0.0914719
7125.87012 0.0887396
7126.75977 0.0860201
7127.64990 0.0833106
7128.54980 0.0805753
7129.43994 0.0778528
7130.33008 0.0756889
7131.22998 0.0744644
7132.12012 0.0732399
7133.02002 0.0720099
7133.91016 0.0707791
7134.81006 0.0695537
7135.68994 0.0683335
7136.58984 0.0671026
7137.47998 0.0658764
7138.37988 0.0646508
7139.27002 0.0634244
7140.16992 0.0621862
7141.06006 0.0608942
7141.95996 0.0596015
7142.85010 0.0583144
7143.74023 0.0570331
7144.64014 0.0557403
7145.54004 0.0544524
7146.43018 0.0531645
7147.33008 0.0518766
7148.22021 0.0505887
7149.12012 0.0492952
7150.02002 0.0480068
7150.91016 0.0467318
7151.81006 0.0454678
7152.70020 0.0441922
7153.60010 0.0429229
7154.49023 0.041653
7155.39014 0.0403832
7156.29004 0.0391128
7157.18994 0.0378378
7158.08008 0.0365675
7158.97998 0.0352918
7159.87012 0.0340267
7160.77002 0.0327732
7161.66992 0.0315278
7162.56982 0.0302822
7163.45996 0.0290364
7164.35986 0.0277904
7165.25977 0.026538
7166.16016 0.0252908
7167.04980 0.0240487
7167.95020 0.0227956
7168.85010 0.0215416
7169.75000 0.0202928
7170.64990 0.0193035
7171.54980 0.0184141
7172.43994 0.0175242
7173.35010 0.0166309
7174.24023 0.0157409
7175.14014 0.0148548
7176.04004 0.0139604
7176.93994 0.013066
7177.83984 0.0121758
7178.74023 0.0112847
7179.64014 0.0103941
7180.52979 0.00979863
7181.43994 0.00940169
7182.33984 0.00900644
7183.22998 0.00861266
7184.14014 0.00821562
7185.04004 0.00781837
7185.93994 0.00742282
7186.83984 0.00702722
7187.74023 0.0066316
7188.64014 0.00623574
7189.54004 0.00583814
7190.43994 0.00556039
7191.33984 0.00540655
7192.24023 0.00525128
7193.14990 0.00509601
7194.04980 0.00494141
7194.95020 0.0047868
7195.85010 0.00463211
7196.75000 0.0044775
7197.64990 0.00432213
7198.54980 0.00416734
7199.45020 0.0040133
7200.35010 0.0038578
7201.25977 0.00370225
7202.16016 0.00354737
7203.06006 0.0033925
7203.97021 0.00323754
7204.87012 0.00308267
7205.77002 0.00292696
7206.68018 0.00277202
7207.56982 0.00261775
7208.47998 0.00246205
7209.39014 0.00230636
7210.29004 0.00218864
7931.31885 0.0
