threeML/data/optical_filters/HST/ACS_HRC-F850LP.ecsv
# %ECSV 0.9
# ---
# datatype:
# - {name: wavelength, unit: Angstrom, datatype: float32}
# - {name: response, datatype: float32}
# meta: !!omap
# - {band_name: F850LP}
# - {group_name: ACS_HRC}
wavelength response
7201.24170 0.0
8001.37988 0.00634723
8002.18994 0.00660718
8003.00000 0.00686714
8003.81006 0.00712975
8004.62012 0.00738923
8005.43018 0.00764729
8006.24023 0.00790817
8007.04980 0.00816731
8007.85986 0.00842645
8008.66992 0.00868669
8009.47998 0.00894552
8010.29004 0.00916313
8011.10010 0.00930422
8011.91016 0.00944529
8012.72021 0.00958618
8013.52979 0.00972708
8014.33984 0.00986788
8015.16016 0.0100101
8015.95996 0.01015
8016.77002 0.0102906
8017.58984 0.0104319
8018.39990 0.0105723
8019.20996 0.0107134
8020.02002 0.0108542
8020.83008 0.0110135
8021.64990 0.0111736
8022.45996 0.0113328
8023.27002 0.0114918
8024.08008 0.0116508
8024.89014 0.0118097
8025.70020 0.0119687
8026.52002 0.0121292
8027.31982 0.0122871
8028.14014 0.0124465
8028.95020 0.0126051
8029.75977 0.0127635
8030.58008 0.0129539
8031.39014 0.0131559
8032.20020 0.0133577
8033.02002 0.0135606
8033.83008 0.0137623
8034.64014 0.0139638
8035.45020 0.0141652
8036.25977 0.0143666
8037.08008 0.0145699
8037.89014 0.01477
8038.70020 0.014971
8039.52002 0.015173
8040.33008 0.015389
8041.14014 0.0156272
8041.95996 0.0158664
8042.77002 0.016103
8043.58008 0.0163408
8044.39990 0.016581
8045.20996 0.0168184
8046.02979 0.0170559
8046.83984 0.0172931
8047.64990 0.0175303
8048.47021 0.0177699
8049.27979 0.0180055
8050.10010 0.0182435
8050.91016 0.0184908
8051.72998 0.0187367
8052.54004 0.0189823
8053.35986 0.0192293
8054.16992 0.0194735
8054.99023 0.0197217
8055.79980 0.0199669
8056.62012 0.0202121
8057.43018 0.0204571
8058.24023 0.020702
8059.06006 0.0209468
8059.87988 0.0211927
8060.68994 0.0214928
8061.50977 0.0218024
8062.31982 0.0221137
8063.14014 0.0224231
8063.95996 0.022734
8064.77002 0.0230414
8065.58008 0.0233505
8066.41016 0.0236627
8067.22021 0.0239712
8068.04004 0.0242797
8068.85010 0.0245883
8069.66992 0.0248965
8070.47998 0.0252207
8071.29980 0.0255581
8072.12012 0.0258934
8072.93994 0.0262304
8073.75000 0.0265653
8074.56982 0.0268999
8075.39014 0.0272365
8076.20020 0.0275692
8077.02002 0.0279032
8077.83984 0.0282412
8078.66016 0.0285751
8079.47021 0.0289087
8080.29004 0.0293076
8081.10010 0.0298255
8081.93018 0.0303462
8082.74023 0.0308638
8083.56006 0.0313811
8084.37988 0.0319011
8085.18994 0.0324177
8086.00977 0.0329343
8086.83008 0.0334506
8087.64990 0.0339666
8088.45996 0.0344822
8089.29004 0.0350034
8090.10986 0.0355137
8090.91992 0.0359927
8091.74023 0.0364713
8092.56006 0.0369497
8093.37988 0.0374304
8094.20020 0.0379085
8095.02002 0.0383861
8095.83984 0.0388661
8096.64990 0.0393433
8097.47021 0.0398203
8098.29004 0.040297
8099.10986 0.0407737
8099.93994 0.041255
8100.75000 0.0418917
8101.56982 0.0425417
8102.39014 0.0431912
8103.20996 0.0438403
8104.02979 0.0444894
8104.85010 0.0451412
8105.66992 0.0457895
8106.49023 0.0464374
8107.31006 0.0470884
8108.12988 0.0477359
8108.95020 0.0483827
8109.77002 0.0490292
8110.58984 0.0496087
8111.41992 0.0501684
8112.24023 0.0507215
8113.06006 0.0512741
8113.87988 0.0518265
8114.68994 0.0523787
8115.52002 0.0529306
8116.33984 0.053485
8117.16016 0.0540361
8117.97998 0.054587
8118.79980 0.0551408
8119.62012 0.0556911
8120.43994 0.0563802
8121.25977 0.0571879
8122.08008 0.0579954
8122.91016 0.0588107
8123.72998 0.0596175
8124.54980 0.0604188
8125.37988 0.0612287
8126.20020 0.0620338
8127.02002 0.0628385
8127.83984 0.0636475
8128.66016 0.0644513
8129.49023 0.0652593
8130.31006 0.0660236
8131.12988 0.0667236
8131.95020 0.0674232
8132.77002 0.0681225
8133.60010 0.0688211
8134.43018 0.0695269
8135.25000 0.0702248
8136.06982 0.0709185
8136.89014 0.0716194
8137.70996 0.0723163
8138.54004 0.0730161
8139.35986 0.0737122
8140.18994 0.0744698
8141.00977 0.0754456
8141.83008 0.0764164
8142.66016 0.0773858
8143.47998 0.0783548
8144.29980 0.0793239
8145.12012 0.0802923
8145.95996 0.0812708
8146.77002 0.0822328
8147.60010 0.0832045
8148.43018 0.0841708
8149.25000 0.0851367
8150.08008 0.0861122
8150.89990 0.0871296
8151.72021 0.0881464
8152.54980 0.0891687
8153.37012 0.0901843
8154.20020 0.0911997
8155.02002 0.0922142
8155.85010 0.0932284
8156.68018 0.0942532
8157.50000 0.0952658
8158.31982 0.0962731
8159.14990 0.0972907
8159.97998 0.098302
8160.79980 0.099411
8161.62988 0.100529
8162.45020 0.10164
8163.27002 0.102745
8164.10986 0.103867
8164.93018 0.104977
8165.75977 0.106086
8166.58008 0.107194
8167.39990 0.108302
8168.22998 0.109415
8169.06006 0.110522
8169.89014 0.111628
8170.72021 0.112771
8171.54004 0.113911
8172.37012 0.115052
8173.20020 0.116198
8174.02002 0.117337
8174.85010 0.118481
8175.68018 0.119619
8176.50000 0.120757
8177.33008 0.121893
8178.14990 0.123029
8178.97998 0.124165
8179.81006 0.125306
8180.64014 0.126578
8181.47021 0.127889
8182.29980 0.129207
8183.12012 0.130517
8183.95020 0.131833
8184.77979 0.133135
8185.60010 0.134442
8186.43994 0.135764
8187.27002 0.137069
8188.08984 0.138375
8188.91992 0.13968
8189.75000 0.140984
8190.56982 0.14235
8191.41016 0.14375
8192.23047 0.145143
8193.07031 0.146543
8193.88965 0.147934
8194.71973 0.149323
8195.54980 0.15072
8196.37988 0.152102
8197.20020 0.153489
8198.04004 0.154892
8198.87012 0.156278
8199.70020 0.157664
8200.53027 0.159186
8201.34961 0.160787
8202.19043 0.162398
8203.01953 0.164001
8203.83984 0.165601
8204.67969 0.167211
8205.50977 0.168813
8206.33984 0.170415
8207.16992 0.172016
8207.99023 0.173617
8208.82031 0.175218
8209.66016 0.176835
8210.49023 0.178279
8211.32031 0.179615
8212.15039 0.180949
8212.98047 0.182285
8213.80957 0.183627
8214.63965 0.18496
8215.46973 0.186295
8216.30957 0.187638
8217.13965 0.188971
8217.96973 0.190306
8218.79980 0.191642
8219.62988 0.192976
8220.46973 0.194674
8221.29980 0.196632
8222.12988 0.198589
8222.95996 0.200544
8223.79004 0.202501
8224.62012 0.204458
8225.45020 0.206424
8226.29004 0.20838
8227.12012 0.210335
8227.95020 0.212302
8228.78027 0.214257
8229.61035 0.216211
8230.45020 0.217878
8231.28027 0.2193
8232.12012 0.220734
8232.95020 0.222154
8233.78027 0.223573
8234.61035 0.224993
8235.44043 0.226412
8236.28027 0.227832
8237.11035 0.229258
8237.94043 0.230677
8238.78027 0.232104
8239.61035 0.233523
8240.45020 0.235087
8241.28027 0.236774
8242.11035 0.238463
8242.94043 0.240149
8243.79004 0.241855
8244.62012 0.243543
8245.45020 0.245231
8246.28027 0.246918
8247.12012 0.248604
8247.95020 0.2503
8248.79004 0.251988
8249.62012 0.253674
8250.45996 0.25562
8251.29004 0.257759
8252.12988 0.259899
8252.95996 0.262041
8253.79004 0.264178
8254.62988 0.266318
8255.46973 0.268481
8256.30957 0.270621
8257.13965 0.272761
8257.96973 0.274899
8258.80957 0.27704
8259.65039 0.279189
8260.48047 0.281429
8261.30957 0.28374
8262.15039 0.286068
8262.99023 0.288378
8263.82031 0.290691
8264.66016 0.293003
8265.49023 0.295316
8266.33008 0.297627
8267.16992 0.299962
8268.00000 0.302262
8268.83984 0.304584
8269.67969 0.306896
8270.50977 0.308989
8271.34961 0.310957
8272.19043 0.312914
8273.01953 0.314861
8273.86035 0.316838
8274.70020 0.318796
8275.54004 0.320753
8276.37012 0.32271
8277.20996 0.324667
8278.04980 0.326646
8278.88965 0.328601
8279.71973 0.330548
8280.55957 0.332631
8281.40039 0.334759
8282.24023 0.336889
8283.08008 0.33903
8283.91016 0.341158
8284.75000 0.343275
8285.58984 0.34543
8286.42969 0.347559
8287.26953 0.349687
8288.09961 0.351814
8288.94043 0.353944
8289.79004 0.356093
8290.62012 0.358477
8291.45996 0.360968
8292.29980 0.363469
8293.13965 0.365959
8293.98047 0.368449
8294.82031 0.370949
8295.65039 0.373426
8296.50000 0.37594
8297.33008 0.378428
8298.16992 0.380919
8299.00977 0.383406
8299.84961 0.385891
8300.69043 0.38808
8301.54004 0.390225
8302.37012 0.392334
8303.20996 0.394455
8304.04980 0.396584
8304.88965 0.398705
8305.73047 0.400838
8306.57031 0.402958
8307.41016 0.405077
8308.25977 0.407207
8309.09961 0.409327
8309.92969 0.411444
8310.76953 0.41258
8311.61035 0.413633
8312.45020 0.414684
8313.29980 0.415742
8314.13965 0.416795
8314.98047 0.417854
8315.82031 0.418906
8316.66016 0.419957
8317.50977 0.421014
8318.34961 0.422065
8319.17969 0.423111
8320.03027 0.424261
8320.87012 0.427559
8321.70996 0.430854
8322.54980 0.434152
8323.40039 0.437449
8324.24023 0.440765
8325.08008 0.444062
8325.91992 0.447357
8326.76953 0.450672
8327.61035 0.453967
8328.45020 0.457265
8329.29980 0.460578
8330.13965 0.463679
8330.96973 0.465779
8331.83008 0.467917
8332.66992 0.470025
8333.50977 0.472137
8334.34961 0.474248
8335.19043 0.47636
8336.04004 0.47848
8336.87988 0.48059
8337.71973 0.482699
8338.57031 0.484819
8339.41016 0.486928
8340.25000 0.489067
8341.09961 0.491296
8341.94043 0.493497
8342.79004 0.495734
8343.62988 0.497948
8344.48047 0.500161
8345.32031 0.502376
8346.16016 0.504589
8347.00977 0.506801
8347.84961 0.509026
8348.70020 0.51124
8349.54004 0.513452
8350.38965 0.515262
8351.23047 0.516572
8352.08008 0.517887
8352.91992 0.519196
8353.75977 0.520497
8354.62012 0.521821
8355.45996 0.523129
8356.29980 0.524438
8357.15039 0.525748
8357.99023 0.527055
8358.83984 0.528365
8359.69043 0.52968
8360.53027 0.532119
8361.37988 0.535243
8362.21973 0.538353
8363.07031 0.541462
8363.91992 0.544589
8364.75977 0.547683
8365.59961 0.55079
8366.45996 0.553933
8367.29980 0.557021
8368.13965 0.560129
8368.99023 0.563252
8369.83984 0.56636
8370.69043 0.568013
8371.53027 0.569313
8372.37988 0.570613
8373.23047 0.571921
8374.08008 0.573222
8374.91992 0.574521
8375.76953 0.57582
8376.61035 0.577118
8377.45996 0.578419
8378.32031 0.579733
8379.16016 0.581025
8380.00977 0.582335
8380.84961 0.58417
8381.70020 0.586004
8382.54980 0.587847
8383.40039 0.589679
8384.25000 0.59151
8385.09961 0.593353
8385.94043 0.595185
8386.79004 0.597017
8387.63965 0.598847
8388.49023 0.60068
8389.33984 0.60253
8390.19043 0.604233
8391.03027 0.605538
8391.88965 0.606849
8392.73047 0.60815
8393.58008 0.609453
8394.42969 0.610764
8395.28027 0.612067
8396.12988 0.613371
8396.98047 0.61468
8397.83008 0.615981
8398.67969 0.617282
8399.53027 0.618584
8400.37988 0.620617
8401.23047 0.623595
8402.08008 0.626525
8402.92969 0.629474
8403.78027 0.632435
8404.62988 0.635381
8405.48047 0.638327
8406.33008 0.641289
8407.17969 0.644237
8408.03027 0.647198
8408.88965 0.650147
8409.73047 0.653092
8410.58008 0.654855
8411.42969 0.65608
8412.28027 0.657306
8413.13965 0.658537
8413.99023 0.659762
8414.83984 0.660987
8415.69043 0.66222
8416.54004 0.663444
8417.40039 0.664677
8418.25000 0.665902
8419.09961 0.667125
8419.95020 0.668357
8420.79980 0.668306
8421.65039 0.668181
8422.50000 0.668056
8423.34961 0.66793
8424.20996 0.667804
8425.05957 0.667679
8425.91016 0.667554
8426.75977 0.667429
8427.62012 0.667301
8428.46973 0.667174
8429.33008 0.667048
8430.17969 0.667698
8431.03027 0.671262
8431.88965 0.674846
8432.74023 0.678416
8433.58984 0.68198
8434.44043 0.685542
8435.29980 0.689108
8436.15039 0.692671
8437.00000 0.696257
8437.84961 0.699816
8438.70996 0.703399
8439.57031 0.706965
8440.41992 0.709212
8441.26953 0.710093
8442.12988 0.710969
8442.98047 0.711848
8443.83984 0.712731
8444.69043 0.713606
8445.54004 0.714481
8446.40039 0.715359
8447.25000 0.716238
8448.11035 0.717119
8448.95996 0.717996
8449.82031 0.718872
8450.66992 0.719458
8451.53027 0.719957
8452.37988 0.720458
8453.24023 0.720961
8454.08984 0.721458
8454.95020 0.72196
8455.80957 0.722462
8456.66016 0.722962
8457.50977 0.723461
8458.37012 0.723961
8459.21973 0.724462
8460.08008 0.725131
8460.94043 0.727351
8461.79004 0.729572
8462.65039 0.731806
8463.50977 0.734025
8464.36035 0.736246
8465.21973 0.738478
8466.07031 0.740687
8466.94043 0.742931
8467.79004 0.745152
8468.65039 0.747374
8469.50000 0.749595
8470.36035 0.751515
8471.20996 0.753018
8472.07031 0.754531
8472.92969 0.756035
8473.78027 0.757542
8474.65039 0.759055
8475.50000 0.760559
8476.36035 0.762073
8477.21973 0.763575
8478.07031 0.765072
8478.94043 0.766591
8479.79004 0.768097
8480.65039 0.769307
8481.50977 0.770432
8482.36035 0.771552
8483.21973 0.772673
8484.08008 0.773799
8484.94043 0.774919
8485.79980 0.77605
8486.66016 0.77717
8487.50977 0.77829
8488.37988 0.779417
8489.23047 0.780532
8490.08984 0.781635
8490.95020 0.782609
8491.80957 0.783574
8492.66992 0.784533
8493.53027 0.785504
8494.38965 0.786467
8495.25000 0.787436
8496.11035 0.7884
8496.96973 0.789368
8497.83008 0.790335
8498.69043 0.791299
8499.54980 0.792263
8500.41016 0.793267
8501.25977 0.794299
8502.12012 0.795337
8502.99023 0.796389
8503.83984 0.797421
8504.70996 0.798464
8505.57031 0.799504
8506.42969 0.800542
8507.29004 0.801585
8508.15039 0.802622
8509.00977 0.803662
8509.87012 0.804706
8510.73047 0.806056
8511.58984 0.807459
8512.45020 0.808864
8513.30957 0.810267
8514.17969 0.811687
8515.04004 0.813083
8515.90039 0.81449
8516.75977 0.815902
8517.62012 0.817305
8518.48047 0.818708
8519.34961 0.820119
8520.20996 0.82137
8521.07031 0.822142
8521.92969 0.822918
8522.79980 0.82369
8523.66016 0.824461
8524.51953 0.825233
8525.37988 0.826005
8526.25000 0.826783
8527.09961 0.82755
8527.96973 0.828321
8528.83008 0.829099
8529.69043 0.829869
8530.55957 0.830816
8531.41992 0.831868
8532.28027 0.832913
8533.15039 0.833966
8534.00977 0.835012
8534.87988 0.836055
8535.74023 0.837102
8536.59961 0.838148
8537.45996 0.839194
8538.33008 0.840246
8539.19043 0.84129
8540.04980 0.842313
8540.91992 0.843
8541.78027 0.843682
8542.65039 0.844366
8543.50977 0.845048
8544.37988 0.845729
8545.25000 0.846413
8546.11035 0.847096
8546.96973 0.847779
8547.83984 0.84846
8548.70020 0.849141
8549.55957 0.849822
8550.42969 0.850322
8551.29980 0.850638
8552.16016 0.850954
8553.03027 0.851267
8553.88965 0.851583
8554.75977 0.851897
8555.62012 0.852212
8556.49023 0.852525
8557.36035 0.852841
8558.21973 0.853156
8559.08984 0.853472
8559.95020 0.853784
8560.82031 0.854789
8561.69043 0.855844
8562.54980 0.856891
8563.41992 0.857939
8564.28027 0.858993
8565.15039 0.860039
8566.00977 0.861087
8566.88965 0.862139
8567.75000 0.863186
8568.62012 0.864234
8569.49023 0.865285
8570.34961 0.866184
8571.21973 0.866872
8572.08008 0.867559
8572.95020 0.868242
8573.82031 0.868934
8574.69043 0.869621
8575.54980 0.870308
8576.41992 0.870998
8577.29004 0.871681
8578.16016 0.872367
8579.03027 0.873057
8579.90039 0.873741
8580.76953 0.874252
8581.62988 0.874736
8582.50000 0.875217
8583.37012 0.875699
8584.23047 0.876183
8585.09961 0.876663
8585.96973 0.877149
8586.83984 0.877629
8587.70996 0.878109
8588.58008 0.878593
8589.45020 0.879076
8590.30957 0.879566
8591.19043 0.880072
8592.05957 0.880574
8592.92969 0.881077
8593.79980 0.88158
8594.66016 0.882084
8595.53027 0.882586
8596.40039 0.883088
8597.26953 0.88359
8598.13965 0.884092
8599.00977 0.884591
8599.87988 0.885097
8600.75000 0.886806
8601.62012 0.888693
8602.50000 0.890595
8603.36035 0.892487
8604.23047 0.894378
8605.11035 0.896281
8605.98047 0.898175
8606.83984 0.900057
8607.71973 0.901958
8608.58008 0.903851
8609.45020 0.905745
8610.33008 0.906797
8611.20020 0.906431
8612.07031 0.906065
8612.94043 0.905698
8613.80957 0.905333
8614.69043 0.904964
8615.54980 0.904601
8616.41992 0.904235
8617.29980 0.903862
8618.16992 0.903493
8619.04004 0.903128
8619.91992 0.902758
8620.79004 0.903702
8621.66016 0.904791
8622.53027 0.905877
8623.40039 0.906961
8624.28027 0.908051
8625.15039 0.909134
8626.01953 0.910223
8626.90039 0.911311
8627.75977 0.912393
8628.63965 0.913478
8629.51953 0.914574
8630.38965 0.914723
8631.25977 0.913691
8632.12988 0.912666
8633.00000 0.911641
8633.87988 0.910604
8634.75000 0.909577
8635.62988 0.908549
8636.50000 0.907517
8637.37988 0.906486
8638.25000 0.905455
8639.12012 0.904426
8639.99023 0.903392
8640.87988 0.905036
8641.75000 0.906679
8642.62012 0.908312
8643.50000 0.909965
8644.37012 0.91161
8645.24023 0.913252
8646.12012 0.914906
8646.99023 0.916549
8647.87012 0.918193
8648.74023 0.919843
8649.62012 0.921491
8650.50000 0.922307
8651.37012 0.922473
8652.24023 0.922641
8653.12012 0.92281
8653.99023 0.92298
8654.87012 0.923146
8655.75000 0.923317
8656.62012 0.923484
8657.50000 0.923652
8658.37012 0.92382
8659.25000 0.923986
8660.12988 0.924245
8661.00000 0.92506
8661.87988 0.925873
8662.75000 0.926687
8663.62988 0.927497
8664.50000 0.928309
8665.37988 0.929126
8666.25977 0.92994
8667.12988 0.930749
8668.00977 0.931568
