threeML/data/optical_filters/HST/ACS_WFC-F502N_77.ecsv
# %ECSV 0.9
# ---
# datatype:
# - {name: wavelength, unit: Angstrom, datatype: float32}
# - {name: response, datatype: float32}
# meta: !!omap
# - {band_name: F502N_77}
# - {group_name: ACS_WFC}
wavelength response
4458.92383 0.0
4954.35986 0.00333317
4954.97998 0.0034329
4955.60986 0.00364339
4956.22998 0.00385511
4956.85010 0.00406702
4957.47021 0.00427881
4958.08984 0.00449079
4958.70996 0.00470282
4959.33008 0.00491589
4959.95020 0.00512716
4960.56982 0.00551981
4961.20020 0.00593087
4961.81982 0.00633889
4962.43994 0.00674548
4963.06006 0.00715545
4963.68018 0.00756429
4964.31006 0.00797298
4964.93018 0.00838215
4965.54980 0.00900152
4966.16992 0.00964919
4966.79980 0.0103027
4967.41992 0.0109509
4968.04004 0.0115999
4968.66016 0.0122486
4969.27979 0.0128981
4969.91016 0.0135479
4970.52979 0.0146089
4971.14990 0.0157433
4971.77002 0.0168789
4972.39990 0.0180239
4973.02002 0.0191604
4973.64014 0.0202876
4974.27002 0.0214347
4974.89014 0.0225725
4975.50977 0.0248029
4976.14014 0.0272689
4976.75977 0.0297359
4977.37988 0.0322038
4978.00977 0.0346938
4978.62988 0.0371635
4979.25977 0.039634
4979.87988 0.0421075
4980.50000 0.047293
4981.12988 0.0531294
4981.75000 0.0589675
4982.37012 0.0648072
4983.00000 0.0706486
4983.62988 0.0765467
4984.25000 0.082396
4984.87012 0.0881921
4985.50000 0.100267
4986.12012 0.113848
4986.75000 0.127444
4987.37012 0.141033
4988.00000 0.154637
4988.62012 0.168235
4989.25000 0.181963
4989.87012 0.195579
4990.50000 0.227755
4991.12012 0.2646
4991.75000 0.30146
4992.37012 0.338365
4993.00000 0.375286
4993.62012 0.412223
4994.25000 0.449175
4994.87988 0.48649
4995.50000 0.530034
4996.12012 0.57482
4996.75977 0.620401
4997.37988 0.665614
4998.00977 0.710846
4998.62988 0.756097
4999.25977 0.801368
4999.87988 0.846695
5000.50977 0.870315
5001.14014 0.888745
5001.77002 0.90718
5002.39014 0.92562
5003.02002 0.944082
5003.64990 0.962534
5004.27002 0.981006
5004.89990 0.999484
5005.52002 1.0
5006.16016 0.996972
5006.77979 0.993967
5007.39990 0.990989
5008.04004 0.987957
5008.66016 0.984949
5009.29004 0.981939
5009.91992 0.978928
5010.54004 0.97565
5011.16992 0.972326
5011.79980 0.968972
5012.43018 0.965646
5013.06006 0.962318
5013.68994 0.95899
5014.31006 0.955661
5014.93994 0.952327
5015.56982 0.952176
5016.20020 0.952349
5016.81982 0.952521
5017.45996 0.952693
5018.08984 0.952865
5018.70996 0.953037
5019.33984 0.953211
5019.97021 0.953382
5020.60010 0.951934
5021.22998 0.950407
5021.85986 0.948879
5022.47998 0.947352
5023.12012 0.945811
5023.75000 0.944282
5024.37988 0.942752
5025.00977 0.941179
5025.64014 0.935154
5026.25977 0.929131
5026.89014 0.923107
5027.52002 0.917077
5028.14990 0.911044
5028.79004 0.904956
5029.41992 0.898914
5030.04004 0.893358
5030.68018 0.894038
5031.31006 0.894714
5031.93994 0.89539
5032.56006 0.896068
5033.18994 0.896745
5033.81982 0.897421
5034.45996 0.898104
5035.08984 0.8994
5035.72021 0.904358
5036.35010 0.909321
5036.97998 0.914286
5037.60986 0.91926
5038.24023 0.92423
5038.87012 0.929205
5039.50000 0.934181
5040.14014 0.937307
5040.77002 0.933782
5041.39990 0.930284
5042.02979 0.926721
5042.66016 0.92319
5043.29980 0.919654
5043.93018 0.916118
5044.56006 0.91258
5045.18994 0.899273
5045.83008 0.862927
5046.45996 0.8269
5047.08984 0.79083
5047.72021 0.754743
5048.35010 0.718641
5048.99023 0.682524
5049.62012 0.646391
5050.25000 0.607198
5050.87988 0.563374
5051.52002 0.519162
5052.14990 0.475305
5052.77979 0.431805
5053.41992 0.387544
5054.04980 0.343604
5054.68018 0.299682
5055.31006 0.267301
5055.95020 0.246607
5056.58008 0.225907
5057.22021 0.205007
5057.85010 0.18429
5058.47998 0.163646
5059.12012 0.142803
5059.75000 0.122048
5060.39014 0.109469
5061.02002 0.102156
5061.64990 0.0948347
5062.29004 0.0875159
5062.93018 0.0801264
5063.56006 0.072796
5064.18994 0.0654907
5064.83008 0.0581203
5065.45996 0.0535257
5066.10010 0.04996
5066.72998 0.0463957
5067.35986 0.042827
5068.00000 0.039257
5068.62988 0.0356827
5069.27002 0.0320794
5069.89990 0.0285188
5070.54004 0.0266702
5071.18018 0.0251414
5071.81006 0.0236097
5072.43994 0.0220787
5073.08008 0.0205473
5073.72021 0.0190141
5074.35010 0.0174816
5074.99023 0.0159333
5075.62012 0.015153
5076.25977 0.014376
5076.89990 0.0136022
5077.52979 0.0128276
5078.16992 0.0120533
5078.79980 0.0112782
5079.43994 0.0105028
5080.06982 0.00976485
5080.72021 0.0093038
5081.35010 0.00884856
5081.99023 0.0083893
5082.62012 0.00793163
5083.25977 0.0074738
5083.89990 0.00701582
5084.52979 0.00655769
5085.16992 0.00617151
5085.81006 0.00598368
5086.45020 0.00579478
5087.08008 0.00560668
5087.72021 0.00541764
5088.35986 0.00522941
5089.00000 0.00504112
5089.62988 0.00485262
5090.27002 0.00466413
5090.91016 0.00447568
5091.54980 0.00428715
5092.18994 0.00409768
5092.81982 0.00390899
5093.45996 0.0037192
5094.10010 0.00353035
5094.74023 0.00334126
5604.21436 0.0
