threeML/data/optical_filters/HST/ACS_HRC-F606W.ecsv
# %ECSV 0.9
# ---
# datatype:
# - {name: wavelength, unit: Angstrom, datatype: float32}
# - {name: response, datatype: float32}
# meta: !!omap
# - {band_name: F606W}
# - {group_name: ACS_HRC}
wavelength response
4150.55713 0.0
4611.72998 0.00248061
4612.31006 0.00257306
4612.89014 0.00266479
4613.47021 0.00275705
4614.04980 0.00284974
4614.62012 0.0029421
4615.20020 0.00303412
4615.77979 0.00312736
4616.35010 0.00321949
4616.93018 0.00331214
4617.50977 0.00340516
4618.08984 0.00349791
4618.66992 0.00359073
4619.25000 0.00368399
4619.83008 0.00377691
4620.41016 0.00403544
4620.99023 0.00436155
4621.56982 0.00468813
4622.14990 0.00501489
4622.72998 0.00534321
4623.29980 0.00566895
4623.87988 0.00599629
4624.45996 0.00632544
4625.04004 0.00665312
4625.62012 0.00697988
4626.20020 0.00731098
4626.77979 0.0076381
4627.35986 0.00796681
4627.93994 0.00829709
4628.52002 0.00862643
4629.10010 0.00895568
4629.68018 0.00928679
4630.25977 0.00953246
4630.83984 0.00967477
4631.41992 0.00981657
4632.00000 0.00995856
4632.58008 0.0101005
4633.16016 0.0102433
4633.74023 0.0103848
4634.31982 0.0105271
4634.89990 0.0106702
4635.47998 0.0108126
4636.06006 0.0109546
4636.64990 0.0110985
4637.22021 0.0112406
4637.81006 0.0113835
4638.39014 0.0115271
4638.97021 0.0116702
4639.54980 0.0118134
4640.12988 0.0120955
4640.70996 0.0128464
4641.29980 0.0136008
4641.87988 0.0143519
4642.45996 0.015104
4643.04004 0.0158572
4643.62012 0.0166133
4644.20020 0.0173636
4644.77979 0.018118
4645.37012 0.0188761
4645.95020 0.0196314
4646.52979 0.0203833
4647.10986 0.0211464
4647.68994 0.0218998
4648.27979 0.0226574
4648.85986 0.0234181
4649.43994 0.0241766
4650.02002 0.0249972
4650.60986 0.0272686
4651.18994 0.0295336
4651.77002 0.0317979
4652.35986 0.034075
4652.93994 0.0363439
4653.52002 0.0386122
4654.10986 0.0408951
4654.68994 0.0431565
4655.27002 0.0454324
4655.85010 0.0477172
4656.43994 0.0499957
4657.02002 0.0522756
4657.60986 0.0545663
4658.18994 0.0568391
4658.77002 0.0591227
4659.35986 0.0614172
4659.93994 0.0637055
4660.52002 0.0644013
4661.10986 0.0649155
4661.68994 0.065428
4662.27002 0.0659407
4662.85986 0.0664562
4663.43994 0.0669695
4664.02979 0.0674834
4664.62012 0.068
4665.20020 0.0685121
4665.77979 0.0690271
4666.37012 0.0695444
4666.95020 0.0700603
4667.54004 0.0705762
4668.12012 0.071095
4668.70020 0.0716092
4669.29004 0.0721263
4669.87988 0.0726463
4670.45996 0.0730227
4671.04980 0.0733613
4671.62988 0.0737016
4672.22021 0.0740405
4672.79980 0.0743798
4673.39014 0.0747207
4673.97021 0.0750604
4674.56006 0.0754006
4675.14990 0.075742
4675.72998 0.0760805
4676.31006 0.0764211
4676.89990 0.0767635
4677.49023 0.0771045
4678.06982 0.0774457
4678.66016 0.0777887
4679.24023 0.0781287
4679.83008 0.0784703
4680.41992 0.0816573
4681.00977 0.0859786
4681.58984 0.0903022
4682.18018 0.0946499
4682.77002 0.0989785
4683.35010 0.103313
4683.93994 0.107665
4684.52979 0.112004
4685.10986 0.116346
4685.70020 0.120709
4686.29004 0.125038
4686.87012 0.129391
4687.45996 0.133765
4688.04980 0.138119
4688.64014 0.14248
4689.22021 0.146843
4689.81006 0.151209
4690.39990 0.154398
4690.99023 0.157035
4691.56982 0.159662
4692.16016 0.16229
4692.75000 0.164934
4693.33984 0.167566
4693.93018 0.1702
4694.52002 0.172847
4695.10010 0.175486
4695.68994 0.178124
4696.27979 0.18078
4696.87012 0.18341
4697.45020 0.186056
4698.04980 0.188716
4698.62988 0.191364
4699.22021 0.194016
4699.81006 0.196667
4700.39990 0.196065
4700.99023 0.193904
4701.58008 0.19173
4702.16992 0.189567
4702.75000 0.187401
4703.35010 0.185224
4703.93994 0.183054
4704.52002 0.180883
4705.10986 0.178702
4705.70020 0.176529
4706.29004 0.174353
4706.89014 0.172166
4707.47021 0.169999
4708.06006 0.167819
4708.64990 0.165628
4709.24023 0.163446
4709.83008 0.161262
4710.41992 0.162194
4711.00977 0.164377
4711.60010 0.166563
4712.18994 0.16876
4712.77979 0.170949
4713.37012 0.173138
4713.97021 0.17534
4714.56006 0.177532
4715.14990 0.179728
4715.74023 0.181933
4716.33008 0.184131
4716.91992 0.18633
4717.50977 0.188541
4718.10010 0.190743
4718.68994 0.192936
4719.27979 0.195151
4719.87012 0.197358
4720.47021 0.203037
4721.06006 0.209661
4721.64990 0.216289
4722.24023 0.222926
4722.83008 0.229594
4723.41992 0.236234
4724.00977 0.242882
4724.60986 0.249567
4725.20020 0.256222
4725.79004 0.262882
4726.39014 0.269578
4726.97998 0.276252
4727.56982 0.282922
4728.16016 0.289636
4728.75000 0.29632
4729.33984 0.30298
4729.93994 0.309705
4730.52979 0.310219
4731.12012 0.310015
4731.72021 0.30981
4732.31006 0.309606
4732.89990 0.309401
4733.49023 0.309195
4734.08984 0.30899
4734.68018 0.308785
4735.27002 0.308578
4735.87012 0.308373
4736.45996 0.308167
4737.06006 0.30796
4737.64990 0.307754
4738.24023 0.307548
4738.83984 0.307341
4739.43018 0.307134
4740.02002 0.306835
4740.62012 0.30403
4741.20996 0.301236
4741.79980 0.298438
4742.39990 0.295638
4742.99023 0.292839
4743.58984 0.290036
4744.18018 0.287217
4744.77002 0.28441
4745.37012 0.281602
4745.97021 0.278779
4746.56006 0.275966
4747.14990 0.273153
4747.75000 0.270322
4748.35010 0.267504
4748.93994 0.264684
4749.54004 0.261849
4750.12988 0.260475
4750.72021 0.264312
4751.31982 0.268166
4751.91016 0.272007
4752.50977 0.275849
4753.10010 0.279697
4753.70020 0.283544
4754.29980 0.287397
4754.89014 0.291267
4755.49023 0.295124
4756.08008 0.298983
4756.68018 0.302863
4757.27979 0.306727
4757.87012 0.310596
4758.47021 0.314483
4759.06982 0.318356
4759.66016 0.322231
4760.25977 0.327856
4760.85010 0.335675
4761.45020 0.343536
4762.04980 0.351434
4762.64014 0.359299
4763.24023 0.367174
4763.83984 0.37506
4764.43018 0.382944
4765.02979 0.390833
4765.62988 0.398765
4766.22998 0.406669
4766.81982 0.414578
4767.41992 0.422524
4768.02002 0.430441
4768.60986 0.438371
4769.20996 0.446297
4769.81006 0.454267
4770.41016 0.455737
4771.00977 0.454192
4771.60010 0.452659
4772.20020 0.451119
4772.79980 0.449571
4773.39990 0.448029
4773.99023 0.446484
4774.58984 0.444939
4775.18994 0.443393
4775.79004 0.441847
4776.39014 0.440291
4776.97998 0.438742
4777.58008 0.437192
4778.18018 0.435634
4778.77979 0.434081
4779.37988 0.432527
4779.97998 0.430973
4780.58008 0.42712
4781.18018 0.423195
4781.77979 0.419252
4782.37988 0.415342
4782.97021 0.41141
4783.56982 0.407457
4784.16992 0.403521
4784.77002 0.399583
4785.37012 0.395623
4785.97021 0.391693
4786.56982 0.387746
4787.16992 0.38378
4787.77002 0.379827
4788.37012 0.375868
4788.97021 0.371892
4789.56982 0.367933
4790.16992 0.36613
4790.77002 0.369766
4791.37012 0.373387
4791.97021 0.37701
4792.56982 0.380652
4793.16992 0.384264
4793.77002 0.387896
4794.37988 0.391545
4794.97998 0.395181
4795.58008 0.398822
4796.18018 0.402477
4796.77979 0.406108
4797.37988 0.409753
4797.97998 0.413416
4798.58008 0.417068
4799.18018 0.420724
4799.77979 0.424395
4800.39014 0.430032
4800.97998 0.436746
4801.58984 0.443558
4802.18994 0.450306
4802.79004 0.45707
4803.39990 0.463858
4803.99023 0.470595
4804.60010 0.477369
4805.20020 0.484174
4805.79980 0.490956
4806.39990 0.497707
4807.00977 0.504555
4807.60986 0.511319
4808.20996 0.51812
4808.81006 0.524953
4809.41016 0.531755
4810.02002 0.538364
4810.62012 0.537613
4811.22021 0.536865
4811.81982 0.536119
4812.43018 0.535363
4813.02979 0.534614
4813.64014 0.533863
4814.24023 0.533109
4814.83984 0.532361
4815.43994 0.531609
4816.04980 0.530854
4816.64990 0.530101
4817.25000 0.529351
4817.85986 0.528592
4818.45996 0.527841
4819.06006 0.527086
4819.66992 0.526328
4820.27002 0.526223
4820.87988 0.526905
4821.47998 0.527592
4822.08984 0.528276
4822.68994 0.528956
4823.29980 0.529647
4823.89990 0.530331
4824.50000 0.531016
4825.10986 0.531705
4825.70996 0.532388
4826.31006 0.533074
4826.91992 0.533764
4827.52979 0.534452
4828.12988 0.535137
4828.74023 0.53583
4829.33984 0.536516
4829.93994 0.537205
4830.54980 0.539285
4831.16016 0.541496
4831.75977 0.543708
4832.37012 0.545933
4832.97021 0.548148
4833.56982 0.550357
4834.18994 0.552595
4834.79004 0.554814
4835.39990 0.557036
4836.00000 0.559268
4836.60986 0.561482
4837.20996 0.563709
4837.81982 0.565945
4838.43018 0.568175
4839.02979 0.570395
4839.64014 0.572644
4840.24023 0.574601
4840.85010 0.576172
4841.45996 0.577751
4842.06006 0.579325
4842.66992 0.580898
4843.27979 0.58248
4843.87988 0.584054
4844.49023 0.585626
4845.10010 0.587219
4845.70996 0.588798
4846.31006 0.590377
4846.91992 0.591964
4847.52979 0.593539
4848.12988 0.595122
4848.74023 0.596712
4849.35010 0.598297
4849.95020 0.599875
4850.56982 0.59963
4851.16992 0.599241
4851.77979 0.59885
4852.39014 0.598456
4853.00000 0.598064
4853.60010 0.597673
4854.20996 0.597279
4854.81982 0.596887
4855.43018 0.596496
4856.04004 0.596099
4856.64990 0.595704
4857.25977 0.59531
4857.85986 0.594917
4858.47021 0.594522
4859.08008 0.594126
4859.68994 0.593728
4860.29980 0.593827
4860.89990 0.59444
4861.52002 0.595062
4862.12012 0.595676
4862.72998 0.596292
4863.33984 0.596912
4863.95020 0.597528
4864.56006 0.598146
4865.16992 0.598767
4865.77979 0.599386
4866.39014 0.600001
4867.00000 0.600626
4867.60986 0.601246
4868.22021 0.601865
4868.83008 0.602485
4869.43994 0.603105
4870.04980 0.603753
4870.66016 0.604728
4871.27002 0.605701
4871.87988 0.606669
4872.49023 0.607651
4873.10010 0.608621
4873.70996 0.609595
4874.31982 0.610575
4874.93018 0.611552
4875.54004 0.612528
4876.16016 0.613509
4876.77002 0.614486
4877.37988 0.615459
4877.99023 0.616447
4878.60010 0.617425
4879.20996 0.618405
4879.81982 0.619385
4880.43018 0.617401
4881.04980 0.614209
4881.66016 0.611001
4882.27002 0.607805
4882.87988 0.604621
4883.49023 0.601391
4884.10010 0.598203
4884.72021 0.594996
4885.33008 0.591777
4885.93994 0.588566
4886.54980 0.585357
4887.16992 0.58213
4887.77979 0.578915
4888.39014 0.57571
4889.00000 0.572461
4889.62012 0.56924
4890.22998 0.566418
4890.83984 0.564272
4891.45020 0.562126
4892.06006 0.559978
4892.68018 0.557817
4893.29004 0.555666
4893.89990 0.553523
4894.52002 0.551349
4895.12988 0.549203
4895.74023 0.547045
4896.35986 0.544878
4896.97021 0.542717
4897.58008 0.540556
4898.20020 0.538383
4898.81006 0.536218
4899.41992 0.534063
4900.04004 0.532031
4900.66016 0.532064
4901.27002 0.532098
4901.87988 0.532131
4902.50000 0.532165
4903.10986 0.532198
4903.72998 0.532231
4904.33984 0.532264
4904.95020 0.532297
4905.56982 0.532331
4906.18018 0.532365
4906.79980 0.532398
4907.41016 0.532431
4908.02979 0.532463
4908.64014 0.532497
4909.25977 0.532531
4909.87012 0.532564
4910.47998 0.53348
4911.10010 0.534642
4911.72021 0.535794
4912.33984 0.536947
4912.95020 0.5381
4913.56006 0.539254
4914.18018 0.540409
4914.79980 0.54157
4915.41016 0.542722
4916.02979 0.543879
4916.64990 0.545047
4917.25977 0.546201
4917.87988 0.547361
4918.49023 0.548526
4919.10986 0.549687
4919.72998 0.550847
4920.33984 0.552658
4920.95996 0.554965
4921.56982 0.557286
4922.18994 0.559629
4922.81006 0.561952
4923.43018 0.564276
4924.04004 0.5666
4924.66016 0.568927
4925.27002 0.571254
4925.89990 0.573595
4926.50977 0.575915
4927.12012 0.578247
4927.75000 0.580601
4928.35986 0.582936
4928.97998 0.585263
4929.60010 0.587611
4930.22021 0.590072
4930.83008 0.592763
4931.45020 0.595469
4932.06982 0.598151
4932.68018 0.600848
4933.31006 0.603569
4933.91992 0.606269
4934.54004 0.608971
4935.16016 0.611674
4935.77979 0.614377
4936.39990 0.617082
4937.02002 0.619802
4937.62988 0.622499
4938.25000 0.625209
4938.87012 0.627944
4939.49023 0.630657
4940.10986 0.633103
4940.72998 0.634329
4941.35010 0.635551
4941.97021 0.636773
4942.58984 0.638
4943.20020 0.639218
4943.81982 0.640442
4944.43994 0.641676
4945.06006 0.642902
4945.68018 0.644127
4946.29980 0.645352
4946.91992 0.646579
4947.54004 0.647808
4948.16016 0.649043
4948.77979 0.650266
4949.39990 0.651496
4950.02002 0.652627
4950.64014 0.650966
4951.25977 0.649311
4951.87988 0.647642
4952.50000 0.645977
4953.12012 0.644312
4953.74023 0.64264
4954.35986 0.64098
4954.97998 0.639312
4955.60986 0.637627
4956.22998 0.635957
4956.85010 0.634284
4957.47021 0.632613
4958.08984 0.630938
4958.70996 0.629263
4959.33008 0.627579
4959.95020 0.625908
4960.56982 0.623461
4961.20020 0.62093
4961.81982 0.618416
4962.43994 0.615912
4963.06006 0.613386
4963.68018 0.610866
4964.31006 0.608348
4964.93018 0.605826
4965.54980 0.603301
4966.16992 0.600776
4966.79980 0.598228
4967.41992 0.5957
4968.04004 0.593168
4968.66016 0.590638
4969.27979 0.588104
4969.91016 0.585569
4970.52979 0.586259
4971.14990 0.587522
4971.77002 0.588788
4972.39990 0.590064
4973.02002 0.591329
4973.64014 0.592586
4974.27002 0.593865
4974.89014 0.595133
4975.50977 0.596401
4976.14014 0.597671
4976.75977 0.598942
4977.37988 0.600213
4978.00977 0.601496
4978.62988 0.602769
4979.25977 0.604042
4979.87988 0.605315
4980.50000 0.608002
4981.12988 0.61103
4981.75000 0.61406
4982.37012 0.61709
4983.00000 0.620121
4983.62988 0.623183
4984.25000 0.62622
4984.87012 0.629231
4985.50000 0.632297
4986.12012 0.635338
4986.75000 0.638384
4987.37012 0.641427
4988.00000 0.644474
4988.62012 0.647521
4989.25000 0.650599
4989.87012 0.653651
4990.50000 0.655268
4991.12012 0.656522
4991.75000 0.657777
4992.37012 0.659034
4993.00000 0.660291
4993.62012 0.661548
4994.25000 0.662806
4994.87988 0.664076
4995.50000 0.665335
4996.12012 0.666585
4996.75977 0.667858
4997.37988 0.66912
4998.00977 0.670382
4998.62988 0.671645
4999.25977 0.672908
4999.87988 0.674174
5000.50977 0.675138
5001.14014 0.676022
5001.77002 0.676907
5002.39014 0.677792
5003.02002 0.678678
5003.64990 0.679563
5004.27002 0.68045
5004.89990 0.681337
5005.52002 0.682224
5006.16016 0.683119
5006.77979 0.684008
5007.39990 0.684888
5008.04004 0.685784
5008.66016 0.686673
5009.29004 0.687563
5009.91992 0.688452
5010.54004 0.687692
5011.16992 0.686679
5011.79980 0.685658
5012.43018 0.684644
5013.06006 0.68363
5013.68994 0.682615
5014.31006 0.6816
5014.93994 0.680584
5015.56982 0.679567
5016.20020 0.678549
5016.81982 0.67753
5017.45996 0.676503
5018.08984 0.675483
5018.70996 0.674473
5019.33984 0.673443
5019.97021 0.672423
5020.60010 0.670071
5021.22998 0.667654
5021.85986 0.665234
5022.47998 0.662816
5023.12012 0.660373
5023.75000 0.657952
5024.37988 0.655528
5025.00977 0.653103
5025.64014 0.650675
5026.25977 0.648248
5026.89014 0.64582
5027.52002 0.643389
5028.14990 0.640956
5028.79004 0.638502
5029.41992 0.636066
5030.04004 0.63363
5030.68018 0.630822
5031.31006 0.628036
5031.93994 0.625249
5032.56006 0.622459
5033.18994 0.619669
5033.81982 0.616879
5034.45996 0.61406
5035.08984 0.611264
5035.72021 0.608469
5036.35010 0.605671
5036.97998 0.602873
5037.60986 0.600069
5038.24023 0.597267
5038.87012 0.594462
5039.50000 0.591655
5040.14014 0.589245
5040.77002 0.58833
5041.39990 0.587423
5042.02979 0.586498
5042.66016 0.585582
5043.29980 0.584664
5043.93018 0.583745
5044.56006 0.582827
5045.18994 0.581908
5045.83008 0.58098
5046.45996 0.580061
5047.08984 0.57914
5047.72021 0.578218
5048.35010 0.577296
5048.99023 0.576374
5049.62012 0.575451
5050.25000 0.574981
5050.87988 0.575202
5051.52002 0.575425
5052.14990 0.575646
5052.77979 0.575867
5053.41992 0.576091
5054.04980 0.576312
5054.68018 0.576533
5055.31006 0.576755
5055.95020 0.576978
5056.58008 0.5772
5057.22021 0.577424
5057.85010 0.577646
5058.47998 0.577866
5059.12012 0.578089
5059.75000 0.578312
5060.39014 0.581257
5061.02002 0.585957
5061.64990 0.590663
5062.29004 0.595368
5062.93018 0.600118
5063.56006 0.604829
5064.18994 0.609523
5064.83008 0.61426
5065.45996 0.618977
5066.10010 0.623699
5066.72998 0.628421
5067.35986 0.633147
5068.00000 0.637875
5068.62988 0.642607
5069.27002 0.647379
5069.89990 0.652094
5070.54004 0.653338
5071.18018 0.65395
5071.81006 0.654564
5072.43994 0.655177
5073.08008 0.65579
5073.72021 0.656404
5074.35010 0.657017
5074.99023 0.657637
5075.62012 0.658248
5076.25977 0.658865
5076.89990 0.65948
5077.52979 0.660096
5078.16992 0.660711
5078.79980 0.661327
5079.43994 0.661943
5080.06982 0.662724
5080.72021 0.664753
5081.35010 0.666756
5081.99023 0.668777
5082.62012 0.670791
5083.25977 0.672805
5083.89990 0.674818
5084.52979 0.676833
5085.16992 0.678851
5085.81006 0.680868
5086.45020 0.682896
5087.08008 0.684916
5087.72021 0.686947
5088.35986 0.688968
5089.00000 0.69099
5089.62988 0.693014
5090.27002 0.692848
5090.91016 0.689711
5091.54980 0.686574
5092.18994 0.683421
5092.81982 0.680279
5093.45996 0.67712
5094.10010 0.673977
