threeML/data/optical_filters/HST/ACS_HRC-F660N.ecsv
# %ECSV 0.9
# ---
# datatype:
# - {name: wavelength, unit: Angstrom, datatype: float32}
# - {name: response, datatype: float32}
# meta: !!omap
# - {band_name: F660N}
# - {group_name: ACS_HRC}
wavelength response
5896.08008 0.0
6551.20020 0.00455566
6552.16016 0.00489075
6553.10986 0.0052261
6554.08008 0.00556411
6555.04004 0.00589283
6555.99023 0.00604573
6556.95020 0.00619927
6557.91016 0.00635293
6558.87012 0.00650601
6559.83008 0.00665922
6560.79980 0.00801982
6561.75000 0.00962532
6562.72021 0.0112378
6563.68018 0.0128507
6564.64014 0.0144583
6565.60010 0.0185043
6566.56006 0.0240805
6567.52002 0.0296187
6568.47998 0.0351585
6569.43994 0.0407223
6570.39990 0.0522641
6571.35986 0.0719566
6572.31982 0.0916546
6573.29004 0.111438
6574.25000 0.131238
6575.20996 0.156806
6576.18018 0.203263
6577.14014 0.249733
6578.10010 0.296051
6579.06006 0.342406
6580.02002 0.389352
6580.99023 0.451895
6581.95020 0.514235
6582.91016 0.576622
6583.87988 0.639249
6584.83984 0.701926
6585.79980 0.7439
6586.77002 0.782012
6587.72998 0.820153
6588.70020 0.858149
6589.66016 0.896174
6590.62012 0.921185
6591.58984 0.939021
6592.54980 0.956789
6593.52002 0.97457
6594.47998 0.992419
6595.45020 1.0
6596.41016 0.995749
6597.37988 0.991482
6598.35010 0.98721
6599.31006 0.982955
6600.27002 0.979293
6601.24023 0.977126
6602.20996 0.97496
6603.16992 0.9728
6604.14014 0.97064
6605.10986 0.965743
6606.06982 0.939607
6607.04004 0.913459
6608.00977 0.887106
6608.97998 0.860951
6609.93994 0.834672
6610.91016 0.788792
6611.87988 0.741885
6612.85010 0.694944
6613.81006 0.647825
6614.77979 0.600673
6615.75000 0.546765
6616.72021 0.490814
6617.68994 0.434426
6618.66016 0.378451
6619.62012 0.322464
6620.58984 0.279719
6621.56006 0.2456
6622.52979 0.211579
6623.50000 0.177571
6624.47021 0.143405
6625.43994 0.118137
6626.41016 0.103697
6627.37988 0.089197
6628.35010 0.0746882
6629.31982 0.0602286
6630.29004 0.0485077
6631.25977 0.0432894
6632.22998 0.0380704
6633.20020 0.032872
6634.16992 0.0276702
6635.14014 0.0228791
6636.10986 0.0206656
6637.08008 0.0184597
6638.04980 0.0162457
6639.02979 0.0140304
6640.00000 0.0118226
6640.97021 0.0112026
6641.93994 0.0105845
6642.91016 0.00996624
6643.87988 0.0093501
6644.85010 0.00873383
6645.83008 0.00837149
6646.79980 0.00805429
6647.77002 0.00773817
6648.75000 0.00742072
6649.72021 0.00710319
6650.68994 0.00675792
6651.66016 0.00640105
6652.64014 0.0060427
6653.60986 0.00568428
6654.58984 0.00532706
6655.56006 0.00499512
6656.54004 0.00468578
7322.19385 0.0
