threeML/data/optical_filters/HST/ACS_WFC-F435W_81.ecsv
# %ECSV 0.9
# ---
# datatype:
# - {name: wavelength, unit: Angstrom, datatype: float32}
# - {name: response, datatype: float32}
# meta: !!omap
# - {band_name: F435W_81}
# - {group_name: ACS_WFC}
wavelength response
3223.60205 0.0
3581.78003 0.0020375
3582.22998 0.00209187
3582.67993 0.00214592
3583.12988 0.00220034
3583.58008 0.00225513
3584.03003 0.00230981
3584.47998 0.00236489
3584.92993 0.00241986
3585.37012 0.00247495
3585.82007 0.00253041
3586.27002 0.0025858
3586.71997 0.00264156
3587.16992 0.00269693
3587.62012 0.00275274
3588.07007 0.00280889
3588.52002 0.00286495
3588.96997 0.00292115
3589.41992 0.00297747
3589.87012 0.00303418
3590.32007 0.00313597
3590.77002 0.00325566
3591.21997 0.00337512
3591.66992 0.00349591
3592.12012 0.00361654
3592.57007 0.00373851
3593.02002 0.00385967
3593.46997 0.00398071
3593.91992 0.00410303
3594.37012 0.00422518
3594.82007 0.00434762
3595.27002 0.00447035
3595.71997 0.00459338
3596.16992 0.0047173
3596.62012 0.00484045
3597.08008 0.0049655
3597.53003 0.00508923
3597.97998 0.0052144
3598.42993 0.00533979
3598.87988 0.00546446
3599.33008 0.00559059
3599.78003 0.00571639
3600.22998 0.00587134
3600.67993 0.00605472
3601.13989 0.0062378
3601.59009 0.00642136
3602.04004 0.0066063
3602.48999 0.00679095
3602.93994 0.00697689
3603.38989 0.00716169
3603.84009 0.00734869
3604.30005 0.00753527
3604.75000 0.00772244
3605.19995 0.00791019
3605.64990 0.00809833
3606.10010 0.00828788
3606.56006 0.00847794
3607.01001 0.00866766
3607.45996 0.00885788
3607.90991 0.00904868
3608.36011 0.00923997
3608.82007 0.00943258
3609.27002 0.00962568
3609.71997 0.00981855
3610.16992 0.0100094
3610.62012 0.0101965
3611.08008 0.0103842
3611.53003 0.0105723
3611.97998 0.0107617
3612.42993 0.0109509
3612.88989 0.0111405
3613.34009 0.0113315
3613.79004 0.0115212
3614.25000 0.011714
3614.69995 0.0119056
3615.14990 0.0120969
3615.61011 0.0122902
3616.06006 0.0124833
3616.51001 0.0126777
3616.96997 0.0128718
3617.41992 0.0130663
3617.87012 0.0132623
3618.33008 0.0134578
3618.78003 0.0136539
3619.22998 0.0138513
3619.67993 0.0140474
3620.13989 0.0142501
3620.59009 0.0144621
3621.05005 0.0146755
3621.50000 0.0148876
3621.94995 0.0151011
3622.40991 0.015317
3622.86011 0.0155317
3623.32007 0.0157468
3623.77002 0.0159625
3624.21997 0.0161786
3624.67993 0.0163963
3625.12988 0.0166136
3625.59009 0.0168313
3626.04004 0.0170505
3626.50000 0.0172693
3626.94995 0.0174897
3627.40991 0.0177086
3627.86011 0.0179291
3628.32007 0.018151
3628.77002 0.0183725
3629.22998 0.0185955
3629.67993 0.0188171
3630.12988 0.0190855
3630.59009 0.0194685
3631.05005 0.019849
3631.50000 0.0202321
3631.94995 0.0206129
3632.40991 0.0209962
3632.86011 0.0213821
3633.32007 0.0217674
3633.78003 0.0221537
3634.22998 0.0225426
3634.68994 0.0229308
3635.13989 0.0233214
3635.60010 0.0237115
3636.05005 0.0241009
3636.51001 0.0244944
3636.95996 0.0248874
3637.41992 0.0252831
3637.87988 0.0256762
3638.33008 0.0260736
3638.79004 0.0264722
3639.23999 0.0268697
3639.69995 0.0272684
3640.15991 0.0277312
3640.61011 0.0283166
3641.07007 0.0289057
3641.53003 0.0294941
3641.97998 0.0300868
3642.43994 0.030678
3642.88989 0.0312707
3643.35010 0.0318677
3643.81006 0.0324611
3644.26001 0.0330614
3644.71997 0.0336602
3645.17993 0.0342608
3645.63989 0.0348654
3646.09009 0.0354664
3646.55005 0.0360742
3647.01001 0.0366832
3647.45996 0.0372914
3647.91992 0.0379039
3648.37988 0.0385124
3648.84009 0.0391279
3649.29004 0.039742
3649.75000 0.0403578
3650.20996 0.0409214
3650.65991 0.0414156
3651.12012 0.0419112
3651.58008 0.0424101
3652.04004 0.0429083
3652.48999 0.0434072
3652.94995 0.0439075
3653.40991 0.044409
3653.87012 0.0449138
3654.32007 0.0454154
3654.78003 0.0459228
3655.23999 0.0464312
3655.69995 0.0469385
3656.15991 0.0474473
3656.62012 0.047957
3657.08008 0.0484702
3657.53003 0.0489825
3657.98999 0.0494961
3658.44995 0.0500128
3658.90991 0.0505287
3659.37012 0.0510479
3659.83008 0.0515661
3660.28003 0.0519197
3660.73999 0.0521734
3661.19995 0.0524275
3661.65991 0.0526832
3662.12012 0.0529383
3662.58008 0.0531929
3663.04004 0.0534501
3663.50000 0.0537079
3663.95996 0.0539651
3664.41992 0.0542239
3664.87012 0.054481
3665.33008 0.0547408
3665.79004 0.0549999
3666.25000 0.0552608
3666.70996 0.0555212
3667.16992 0.055782
3667.62988 0.0560444
3668.09009 0.0563063
3668.55005 0.0565685
3669.01001 0.0568313
3669.46997 0.0570945
3669.92993 0.0573593
3670.38989 0.0577799
3670.85010 0.0582269
3671.31006 0.0586788
3671.77002 0.0591318
3672.22998 0.0595856
3672.68994 0.0600365
3673.14990 0.0604904
3673.61011 0.0609474
3674.07007 0.0614032
3674.53003 0.0618619
3674.98999 0.0623197
3675.44995 0.0627785
3675.91992 0.0632404
3676.37988 0.0637011
3676.84009 0.0641647
3677.30005 0.0646255
3677.76001 0.0650891
3678.21997 0.0655559
3678.67993 0.0660216
3679.13989 0.0664883
3679.60010 0.0669561
3680.06006 0.0674634
3680.53003 0.0682057
3680.98999 0.0689461
3681.44995 0.0696849
3681.90991 0.0704318
3682.37012 0.0711775
3682.83008 0.0719284
3683.29004 0.0726774
3683.75000 0.073428
3684.21997 0.0741839
3684.67993 0.0749383
3685.13989 0.0756943
3685.60010 0.0764524
3686.06006 0.077212
3686.53003 0.0779765
3686.98999 0.0787394
3687.44995 0.0795041
3687.90991 0.0802708
3688.37012 0.0810392
3688.84009 0.0818158
3689.30005 0.0825843
3689.76001 0.0833613
3690.21997 0.0841535
3690.67993 0.0849652
3691.14990 0.0857827
3691.61011 0.0865981
3692.07007 0.0874155
3692.54004 0.0882379
3693.00000 0.089059
3693.45996 0.0898848
3693.91992 0.0907058
3694.38989 0.0915354
3694.85010 0.0923631
3695.31006 0.0931929
3695.78003 0.0940239
3696.23999 0.094857
3696.69995 0.0956955
3697.16992 0.096536
3697.62988 0.0973745
3698.09009 0.0982147
3698.56006 0.0990566
3699.02002 0.0999002
3699.48999 0.10075
3699.94995 0.101597
3700.40991 0.102155
3700.87988 0.102673
3701.34009 0.103194
3701.80005 0.103715
3702.27002 0.104237
3702.72998 0.104763
3703.19995 0.105287
3703.65991 0.105813
3704.12012 0.106339
3704.59009 0.106866
3705.05005 0.107397
3705.52002 0.107929
3705.97998 0.108458
3706.44995 0.108992
3706.90991 0.109525
3707.37988 0.110061
3707.84009 0.110596
3708.30005 0.111132
3708.77002 0.111672
3709.22998 0.11221
3709.69995 0.112749
3710.15991 0.113316
3710.62988 0.11392
3711.09009 0.114532
3711.56006 0.115142
3712.02002 0.115754
3712.48999 0.116366
3712.94995 0.11698
3713.41992 0.117598
3713.88989 0.118218
3714.35010 0.118835
3714.82007 0.119455
3715.28003 0.120075
3715.75000 0.120699
3716.20996 0.12132
3716.67993 0.121944
3717.13989 0.122575
3717.61011 0.123202
3718.08008 0.123832
3718.54004 0.124459
3719.01001 0.12509
3719.46997 0.125725
3719.93994 0.126358
3720.40991 0.126972
3720.87012 0.12758
3721.34009 0.128188
3721.80005 0.128802
3722.27002 0.129417
3722.73999 0.130034
3723.19995 0.130647
3723.66992 0.131263
3724.13989 0.131883
3724.61011 0.132502
3725.07007 0.133122
3725.54004 0.133746
3726.01001 0.134369
3726.46997 0.134995
3726.93994 0.13562
3727.40991 0.136244
3727.87012 0.136874
3728.34009 0.137502
3728.81006 0.138132
3729.27002 0.138763
3729.73999 0.139398
3730.20996 0.140344
3730.67993 0.14168
3731.14990 0.143015
3731.61011 0.144352
3732.08008 0.145692
3732.55005 0.147041
3733.01001 0.148382
3733.48999 0.149744
3733.94995 0.151096
3734.41992 0.152452
3734.88989 0.153818
3735.36011 0.155174
3735.82007 0.156545
3736.29004 0.157914
3736.76001 0.159286
3737.22998 0.160667
3737.69995 0.162046
3738.16992 0.163427
3738.62988 0.164812
3739.10010 0.166206
3739.57007 0.167604
3740.04004 0.168966
3740.51001 0.170061
3740.97998 0.171155
3741.44995 0.17225
3741.90991 0.173348
3742.38989 0.174453
3742.85010 0.175556
3743.32007 0.176665
3743.79004 0.177773
3744.26001 0.178883
3744.72998 0.179995
3745.19995 0.181109
3745.66992 0.182226
3746.13989 0.183345
3746.61011 0.184471
3747.08008 0.185595
3747.55005 0.186727
3748.02002 0.187856
3748.48999 0.188987
3748.95996 0.190126
3749.42993 0.191262
3749.88989 0.192395
3750.37012 0.193397
3750.84009 0.194351
3751.31006 0.19531
3751.78003 0.196264
3752.23999 0.197223
3752.71997 0.198189
3753.18994 0.199152
3753.65991 0.200122
3754.12988 0.20109
3754.60010 0.202059
3755.07007 0.203031
3755.54004 0.204005
3756.01001 0.20498
3756.47998 0.205966
3756.94995 0.206942
3757.41992 0.207927
3757.88989 0.208912
3758.36011 0.209897
3758.83008 0.210884
3759.31006 0.211879
3759.78003 0.212875
3760.25000 0.213646
3760.71997 0.21422
3761.18994 0.214796
3761.65991 0.215373
3762.13989 0.215953
3762.60010 0.216529
3763.07007 0.217109
3763.55005 0.217692
3764.02002 0.218274
3764.48999 0.218859
3764.95996 0.219443
3765.42993 0.220027
3765.90991 0.220616
3766.37988 0.221202
3766.85010 0.221793
3767.32007 0.222381
3767.80005 0.222971
3768.27002 0.223564
3768.73999 0.224153
3769.21997 0.224751
3769.68994 0.225345
3770.15991 0.226022
3770.62988 0.226878
3771.10010 0.227731
3771.58008 0.228586
3772.05005 0.229443
3772.52002 0.230302
3773.00000 0.231169
3773.46997 0.232031
3773.93994 0.23289
3774.40991 0.233759
3774.88989 0.234625
3775.36011 0.235493
3775.83008 0.236362
3776.31006 0.237238
3776.78003 0.238115
3777.25000 0.238989
3777.72998 0.239866
3778.19995 0.240744
3778.66992 0.241623
3779.14990 0.242508
3779.62012 0.243387
3780.09009 0.244277
3780.57007 0.245151
3781.04004 0.24603
3781.51001 0.246915
3781.98999 0.247798
3782.45996 0.248686
3782.93994 0.249572
3783.40991 0.250461
3783.88989 0.251355
3784.36011 0.252248
3784.83008 0.253142
3785.31006 0.254042
3785.78003 0.254935
3786.26001 0.255843
3786.72998 0.256741
3787.20996 0.257648
3787.67993 0.258553
3788.15991 0.259461
3788.62988 0.26037
3789.10010 0.261281
3789.58008 0.262198
3790.05005 0.26311
3790.53003 0.264002
3791.01001 0.264893
3791.47998 0.265786
3791.94995 0.26668
3792.42993 0.267577
3792.89990 0.268476
3793.37988 0.269384
3793.86011 0.270286
3794.33008 0.27119
3794.81006 0.272095
3795.28003 0.273003
3795.76001 0.273917
3796.23999 0.274829
3796.70996 0.275738
3797.18994 0.276661
3797.65991 0.277574
3798.13989 0.278497
3798.61011 0.279419
3799.09009 0.280342
3799.57007 0.28127
3800.04004 0.282127
3800.52002 0.282278
3801.00000 0.282429
3801.46997 0.282579
3801.94995 0.28273
3802.42993 0.282881
3802.89990 0.283031
3803.37988 0.283182
3803.85010 0.283331
3804.33008 0.283482
3804.81006 0.283632
3805.28003 0.283783
3805.76001 0.283934
3806.23999 0.284084
3806.71997 0.284235
3807.18994 0.284385
3807.66992 0.284536
3808.14990 0.284686
3808.62012 0.284836
3809.10010 0.284987
3809.58008 0.285136
3810.05005 0.285428
3810.54004 0.286827
3811.01001 0.288217
3811.48999 0.289615
3811.96997 0.291004
3812.43994 0.292401
3812.91992 0.293807
3813.39990 0.29521
3813.87988 0.296622
3814.36011 0.29803
3814.83008 0.299433
3815.31006 0.300852
3815.79004 0.302267
3816.27002 0.303698
3816.75000 0.305113
3817.21997 0.306536
3817.69995 0.307968
3818.17993 0.309396
3818.65991 0.310828
3819.13989 0.312262
3819.62012 0.313704
3820.10010 0.314976
3820.58008 0.315583
3821.05005 0.316189
3821.53003 0.3168
3822.01001 0.31741
3822.48999 0.31802
3822.96997 0.31863
3823.44995 0.319245
3823.92993 0.319858
3824.40991 0.320472
3824.88989 0.32109
3825.37012 0.321705
3825.84009 0.322322
3826.33008 0.322942
3826.80005 0.323558
3827.28003 0.32418
3827.76001 0.3248
3828.23999 0.325424
3828.72998 0.326049
3829.19995 0.326669
3829.67993 0.327296
3830.15991 0.328181
3830.63989 0.32957
3831.12012 0.330968
3831.60010 0.332357
3832.08008 0.33376
3832.56006 0.335161
3833.04004 0.336564
3833.53003 0.337982
3834.01001 0.339385
3834.48999 0.340803
3834.96997 0.342217
3835.44995 0.343634
3835.92993 0.345054
3836.40991 0.346477
3836.88989 0.347909
3837.37012 0.349343
3837.85010 0.350775
3838.33008 0.352208
3838.81006 0.353645
3839.29004 0.355084
3839.78003 0.356527
3840.26001 0.35758
3840.73999 0.358292
3841.21997 0.359002
3841.69995 0.359714
3842.17993 0.360429
3842.65991 0.361142
3843.14990 0.36186
3843.62988 0.362576
3844.11011 0.363293
3844.59009 0.364011
3845.07007 0.364729
3845.56006 0.365456
3846.04004 0.366177
3846.52002 0.366896
3847.00000 0.367622
3847.47998 0.368347
3847.96997 0.369076
3848.44995 0.369803
3848.92993 0.370528
3849.40991 0.37126
3849.88989 0.37199
3850.37988 0.372947
3850.86011 0.373969
3851.34009 0.374984
3851.83008 0.37601
3852.31006 0.377033
3852.79004 0.378057
3853.27002 0.379084
3853.76001 0.380113
3854.23999 0.381152
3854.71997 0.382185
3855.20996 0.38322
3855.68994 0.384256
3856.16992 0.385294
3856.65991 0.386339
3857.13989 0.387381
3857.62012 0.38842
3858.11011 0.38947
3858.59009 0.390518
3859.07007 0.391572
3859.56006 0.392623
3860.04004 0.393639
3860.53003 0.394239
3861.01001 0.394836
3861.48999 0.395437
3861.96997 0.396033
3862.45996 0.396632
3862.94995 0.397238
3863.42993 0.397839
3863.90991 0.39844
3864.39990 0.399043
3864.87988 0.399646
3865.37012 0.400253
3865.85010 0.400858
3866.33008 0.401464
3866.82007 0.402071
3867.30005 0.402678
3867.79004 0.403289
3868.27002 0.403898
3868.76001 0.404508
3869.23999 0.405121
3869.72998 0.405732
3870.20996 0.406457
3870.69995 0.407316
3871.17993 0.40818
3871.66992 0.409053
3872.14990 0.40992
3872.63989 0.410789
3873.12012 0.411658
3873.61011 0.412529
3874.09009 0.413406
3874.58008 0.41428
3875.07007 0.415156
3875.55005 0.416033
3876.03003 0.416911
3876.52002 0.417795
3877.01001 0.418676
3877.48999 0.419563
3877.97998 0.420447
3878.46997 0.421333
3878.94995 0.422224
3879.43994 0.423109
3879.92993 0.424003
3880.40991 0.424561
3880.89990 0.425058
3881.37988 0.425554
3881.87012 0.426051
3882.36011 0.426548
3882.84009 0.427048
3883.33008 0.427547
3883.82007 0.428046
3884.30005 0.428545
3884.79004 0.429047
3885.28003 0.429547
3885.76001 0.430047
3886.25000 0.430551
3886.73999 0.431052
3887.21997 0.431554
3887.70996 0.432059
3888.19995 0.432559
3888.68994 0.433065
3889.17993 0.433571
3889.65991 0.434075
3890.14990 0.434808
3890.63989 0.436059
3891.12988 0.437318
3891.61011 0.438573
3892.10010 0.43983
3892.59009 0.441091
3893.07007 0.442353
3893.56006 0.443623
3894.05005 0.44489
3894.54004 0.446159
3895.03003 0.447436
3895.52002 0.44871
3896.01001 0.449993
3896.48999 0.451271
3896.97998 0.452546
3897.46997 0.453835
3897.95996 0.455127
3898.44995 0.456415
3898.93994 0.45771
3899.41992 0.458997
3899.90991 0.460298
3900.39990 0.46102
3900.88989 0.461618
3901.37988 0.462218
3901.87012 0.462818
3902.36011 0.463421
3902.84009 0.464022
3903.34009 0.464626
3903.82007 0.465229
3904.31006 0.465832
3904.80005 0.466438
3905.29004 0.46704
3905.78003 0.467644
3906.27002 0.468253
3906.76001 0.468861
3907.25000 0.469471
3907.73999 0.470075
3908.22998 0.470684
3908.71997 0.471295
3909.20996 0.471905
3909.69995 0.472517
3910.18994 0.473424
3910.67993 0.474815
3911.16992 0.476214
3911.65991 0.477611
3912.14990 0.479009
3912.63989 0.480416
3913.12988 0.48182
3913.62012 0.483232
3914.11011 0.484642
3914.60010 0.486053
3915.09009 0.487467
3915.58008 0.48889
3916.08008 0.490315
3916.57007 0.491737
3917.05005 0.493155
3917.55005 0.494588
3918.04004 0.496019
3918.53003 0.497451
3919.02002 0.498886
3919.51001 0.500323
3920.00000 0.501768
3920.48999 0.502822
3920.98999 0.503881
3921.47998 0.504939
3921.96997 0.505997
3922.45996 0.507063
3922.94995 0.508121
3923.43994 0.509189
3923.92993 0.510255
3924.42993 0.511322
3924.91992 0.5124
3925.40991 0.513466
3925.89990 0.514544
3926.38989 0.515618
3926.88989 0.516694
3927.37988 0.517776
3927.87012 0.518851
3928.36011 0.519937
3928.85010 0.52102
3929.35010 0.522105
3929.84009 0.523193
3930.33008 0.524153
3930.82007 0.525047
3931.32007 0.525945
3931.81006 0.526842
3932.30005 0.527739
3932.80005 0.528638
3933.29004 0.529541
3933.78003 0.530447
3934.28003 0.531349
3934.77002 0.532252
3935.26001 0.533158
3935.75000 0.534065
3936.25000 0.534972
3936.73999 0.535881
3937.22998 0.536794
3937.72998 0.537706
3938.21997 0.538619
3938.71997 0.539537
3939.20996 0.540452
3939.69995 0.541373
3940.19995 0.542237
3940.68994 0.543019
3941.17993 0.543809
3941.67993 0.544598
3942.16992 0.54539
3942.66992 0.546183
3943.15991 0.546969
3943.65991 0.547764
3944.14990 0.548557
3944.63989 0.549354
3945.13989 0.550148
3945.62988 0.550941
3946.12012 0.551741
3946.62012 0.552539
3947.12012 0.553341
3947.61011 0.554137
3948.10010 0.554941
3948.60010 0.555747
3949.09009 0.556549
3949.59009 0.557352
3950.08008 0.558141
3950.58008 0.55886
3951.07007 0.559582
3951.57007 0.560305
3952.07007 0.561026
3952.56006 0.561747
