threeML/data/optical_filters/HST/ACS_SBC-PR130L.ecsv
# %ECSV 0.9
# ---
# datatype:
# - {name: wavelength, unit: Angstrom, datatype: float32}
# - {name: response, datatype: float32}
# meta: !!omap
# - {band_name: PR130L}
# - {group_name: ACS_SBC}
wavelength response
[from data line 2407]
1913.50000 0.0677633
1913.85999 0.0674867
1914.21997 0.0672072
1914.57996 0.0669269
1914.93994 0.0666461
1915.30005 0.0663675
1915.66003 0.0660882
1916.02002 0.0658092
1916.38000 0.0655269
1916.73999 0.0652441
1917.10999 0.0649602
1917.46997 0.0646767
1917.82996 0.0643928
1918.18994 0.0641093
1918.55005 0.0638277
1918.91003 0.0635456
1919.27002 0.0632608
1919.64001 0.0629741
1920.00000 0.0626879
1920.35999 0.062405
1920.71997 0.0621202
1921.07996 0.0618351
1921.43994 0.0615473
1921.81006 0.0612583
1922.17004 0.0609702
1922.53003 0.0606851
1922.89001 0.0603987
1923.26001 0.0601089
1923.62000 0.0598187
1923.97998 0.059528
1924.33997 0.0592399
1924.70996 0.0589507
1925.06995 0.0586642
1925.43005 0.0583873
1925.80005 0.0581091
1926.16003 0.0578315
1926.52002 0.0575533
1926.88000 0.0572748
1927.25000 0.056998
1927.60999 0.0567218
1927.96997 0.0564453
1928.33997 0.0561647
1928.69995 0.0558834
1929.06006 0.0556032
1929.43005 0.055325
1929.79004 0.0550465
1930.15002 0.0547663
1930.52002 0.0544839
1930.88000 0.0541996
1931.25000 0.0539164
1931.60999 0.0536338
1931.96997 0.0533499
1932.33997 0.0530676
1932.69995 0.052786
1933.06995 0.0525035
1933.43005 0.0522172
1933.80005 0.0519313
1934.16003 0.0516464
1934.52002 0.0513637
1934.89001 0.0510789
1935.25000 0.0507916
1935.62000 0.0505038
1935.97998 0.0502155
1936.34998 0.049929
1936.70996 0.049644
1937.07996 0.0493561
1937.43994 0.0490654
1937.81006 0.0487752
1938.17004 0.0484846
1938.54004 0.0481927
1938.90002 0.0479021
1939.27002 0.0476126
1939.63000 0.0473236
1940.00000 0.0470333
1940.37000 0.0467402
1940.72998 0.0464468
1941.09998 0.046153
1941.45996 0.0458619
1941.82996 0.0455705
1942.18994 0.0452762
1942.56006 0.0449816
1942.93005 0.0446849
1943.29004 0.0443912
1943.66003 0.0440977
1944.03003 0.0438029
1944.39001 0.0435054
1944.76001 0.0432075
1945.12000 0.0429085
1945.48999 0.0426098
1945.85999 0.0423116
1946.21997 0.0420141
1946.58997 0.0417165
1946.95996 0.0414195
1947.31995 0.0411192
1947.68994 0.0408172
1948.06006 0.0405162
1948.43005 0.0402175
1948.79004 0.0399184
1949.16003 0.039618
1949.53003 0.0393181
1949.90002 0.0390169
1950.26001 0.0387216
1950.63000 0.0384261
1951.00000 0.0381311
1951.37000 0.0378388
1951.72998 0.0375453
1952.09998 0.0372523
1952.46997 0.0369588
1952.83997 0.0366641
1953.19995 0.0363707
1953.56995 0.0360761
1953.93994 0.035781
1954.31006 0.0354848
1954.68005 0.0351889
1955.05005 0.0348928
1955.41003 0.0345953
1955.78003 0.0342983
1956.15002 0.0340008
1956.52002 0.0337022
1956.89001 0.0334031
1957.26001 0.0331044
1957.63000 0.0328063
1958.00000 0.0325059
1958.35999 0.0322061
1958.72998 0.0319059
1959.09998 0.0316044
1959.46997 0.0312992
1959.83997 0.0309944
1960.20996 0.0306911
1960.57996 0.0303897
1960.94995 0.0300862
1961.31995 0.029782
1961.68994 0.0294772
1962.06006 0.0291711
1962.43005 0.0288646
1962.80005 0.0285596
1963.17004 0.0282524
1963.54004 0.0279447
1963.91003 0.0276377
1964.28003 0.0273302
1964.65002 0.0270224
1965.02002 0.0267141
1965.39001 0.0264056
1965.76001 0.0260966
1966.13000 0.0257862
1966.50000 0.0254765
1966.87000 0.0251664
1967.23999 0.0248549
1967.60999 0.0245449
1967.97998 0.0242337
1968.34998 0.0239211
1968.71997 0.0236091
1969.09998 0.0232957
1969.46997 0.0229829
1969.83997 0.0226697
1970.20996 0.0223552
1970.57996 0.0220411
1970.94995 0.0217268
1971.31995 0.0214082
1971.68994 0.0210898
1972.06995 0.0207724
1972.43994 0.0204565
1972.81006 0.0201393
1973.18005 0.0198217
1973.55005 0.0195054
1973.92004 0.0191871
1974.30005 0.0188746
1974.67004 0.0185631
1975.04004 0.0182571
1975.41003 0.017999
1975.79004 0.0177399
1976.16003 0.0174818
1976.53003 0.0172261
1976.90002 0.0169701
1977.28003 0.0167138
1977.65002 0.0164573
1978.02002 0.0161998
1978.39001 0.0159452
1978.77002 0.0156918
1979.14001 0.0154354
1979.51001 0.0151779
1979.88000 0.0149187
1980.26001 0.0146606
1980.63000 0.0144007
1981.00000 0.0141414
1981.38000 0.0138851
1981.75000 0.0136276
1982.12000 0.0133696
1982.50000 0.0131089
1982.87000 0.0128471
1983.23999 0.012588
1983.62000 0.0123291
1983.98999 0.0120705
1984.37000 0.0118091
1984.73999 0.0115457
1985.12000 0.0112821
1985.48999 0.0110196
1985.85999 0.0107553
1986.23999 0.0104936
1986.60999 0.0102328
1986.97998 0.0099726
1987.35999 0.00970709
1987.72998 0.00944193
1988.10999 0.00917691
1988.47998 0.00891174
1988.85999 0.00864699
1989.22998 0.00838197
1989.60999 0.00811581
1989.97998 0.00785017
1990.35999 0.00758383
1990.72998 0.00731643
1991.10999 0.00705033
1991.47998 0.00678256
1991.85999 0.00651451
1992.22998 0.00624768
1992.60999 0.00597891
1992.97998 0.00571066
1993.35999 0.00544214
1993.73999 0.00517248
1994.10999 0.00490392
1994.48999 0.00463327
1994.85999 0.00436384
1995.23999 0.00409269
1995.62000 0.0038214
1995.98999 0.00354983
1996.37000 0.0032794
1996.73999 0.00300799
1997.12000 0.00273422
2196.83203 0.0
