threeML/data/optical_filters/HST/ACS_WFC-F775W_77.ecsv
# %ECSV 0.9
# ---
# datatype:
# - {name: wavelength, unit: Angstrom, datatype: float32}
# - {name: response, datatype: float32}
# meta: !!omap
# - {band_name: F775W_77}
# - {group_name: ACS_WFC}
wavelength response
[from data line 1565]
7637.47998 0.980623
7638.20020 0.980187
7638.93994 0.979746
7639.68018 0.979307
7640.41016 0.978852
7641.14990 0.978376
7641.87988 0.977902
7642.62012 0.97743
7643.35986 0.976953
7644.08984 0.976478
7644.81982 0.976005
7645.56006 0.975528
7646.29004 0.975057
7647.02979 0.974582
7647.77002 0.974106
7648.50000 0.973634
7649.24023 0.973157
7649.97998 0.972683
7650.70996 0.972877
7651.45020 0.973094
7652.18994 0.973311
7652.93018 0.973526
7653.66016 0.97374
7654.39990 0.973956
7655.12988 0.974171
7655.87012 0.974385
7656.60010 0.974598
7657.33984 0.974815
7658.08008 0.975031
7658.81006 0.975243
7659.54980 0.975459
7660.29004 0.975816
7661.02979 0.976395
7661.77002 0.97697
7662.50000 0.977544
7663.24023 0.978122
7663.97998 0.978696
7664.70996 0.979267
7665.45020 0.979846
7666.18994 0.980424
7666.93018 0.981001
7667.66016 0.981571
7668.39990 0.982148
7669.14990 0.982725
7669.87988 0.983296
7670.62012 0.982632
7671.35986 0.981718
7672.08984 0.980809
7672.83008 0.979901
7673.56982 0.978987
7674.31006 0.978078
7675.04980 0.977165
7675.77979 0.976261
7676.52979 0.975348
7677.27002 0.974436
7678.00000 0.973534
7678.74023 0.972621
7679.47998 0.971713
7680.22021 0.970851
7680.95996 0.970092
7681.70020 0.969341
7682.43994 0.968588
7683.18018 0.967831
7683.91992 0.967079
7684.66016 0.966325
7685.39990 0.965568
7686.12988 0.96482
7686.87988 0.964063
7687.62012 0.963306
7688.35010 0.962559
7689.10010 0.961802
7689.83008 0.96105
7690.56982 0.960439
7691.31006 0.959865
7692.06006 0.959294
7692.79004 0.958725
7693.54004 0.95815
7694.27002 0.957582
7695.02002 0.957009
7695.75977 0.956434
7696.49023 0.955865
7697.24023 0.955291
7697.97998 0.954718
7698.72021 0.95415
7699.45996 0.953577
7700.20020 0.95299
7700.93994 0.952352
7701.68018 0.951711
7702.41992 0.951074
7703.16992 0.950432
7703.91016 0.949796
7704.64990 0.949162
7705.39014 0.948521
7706.12988 0.94788
7706.87012 0.947245
7707.60986 0.946604
7708.35986 0.945965
7709.10010 0.945331
7709.83984 0.94469
7710.58008 0.944012
7711.33008 0.943319
7712.06982 0.94263
7712.81006 0.941941
7713.54980 0.941246
7714.29004 0.940556
7715.02979 0.939873
7715.77979 0.93918
7716.52002 0.938488
7717.25977 0.937803
7718.00977 0.937109
7718.75000 0.936421
7719.49023 0.935729
7720.22998 0.935141
7720.97998 0.93477
7721.72021 0.934396
7722.45996 0.934025
7723.20996 0.933654
7723.95020 0.933281
7724.68994 0.932908
7725.43994 0.932534
7726.18018 0.932166
7726.93018 0.931792
7727.66992 0.93142
7728.41016 0.931051
7729.14990 0.930678
7729.89990 0.930306
7730.64014 0.929548
7731.37988 0.928729
7732.12988 0.927905
7732.87988 0.927085
7733.62012 0.926261
7734.35986 0.925447
7735.10986 0.924625
7735.85010 0.923801
7736.58984 0.922987
7737.33984 0.922164
7738.08984 0.92134
7738.83008 0.920527
7739.58008 0.919704
7740.31982 0.919225
7741.06006 0.919195
7741.81006 0.919164
7742.56006 0.919136
7743.29980 0.919106
7744.04980 0.919075
7744.79004 0.919045
7745.52979 0.919014
7746.27979 0.918984
7747.02002 0.918954
7747.77002 0.918924
7748.52002 0.918894
7749.25977 0.918863
7750.00977 0.918835
7750.75000 0.919029
7751.50000 0.919225
7752.25000 0.919422
7752.99023 0.919616
7753.74023 0.919811
7754.49023 0.920006
7755.22998 0.9202
7755.97998 0.920397
7756.72998 0.920592
7757.47021 0.920784
7758.22021 0.920979
7758.95996 0.921174
7759.70996 0.921368
7760.45996 0.921196
7761.20020 0.920794
7761.95020 0.92039
7762.70020 0.919987
7763.43994 0.919585
7764.18994 0.919183
7764.93994 0.918777
7765.68018 0.918379
7766.43018 0.917974
7767.18018 0.91757
7767.93018 0.917171
7768.68018 0.916767
7769.41992 0.916365
7770.16992 0.916134
7770.91992 0.916481
7771.66992 0.916828
7772.41992 0.917176
7773.16016 0.917522
7773.91016 0.917867
7774.66016 0.918215
7775.41016 0.918563
7776.14990 0.918907
7776.89990 0.919255
7777.64990 0.919604
7778.41016 0.919952
7779.14990 0.920296
7779.89990 0.920641
7780.64990 0.921236
7781.39990 0.921868
7782.14014 0.922499
7782.89990 0.923133
7783.64014 0.923763
7784.39990 0.924396
7785.14014 0.925023
7785.89014 0.925656
7786.64014 0.926291
7787.39014 0.926917
7788.14014 0.92755
7788.89014 0.928182
7789.64014 0.928811
7790.37988 0.929221
7791.14014 0.929423
7791.89014 0.929624
7792.64014 0.929826
7793.37988 0.930026
7794.14014 0.930229
7794.89014 0.93043
7795.62988 0.93063
7796.39014 0.930832
7797.14014 0.931034
7797.89014 0.931234
7798.64014 0.931436
7799.39014 0.931635
7800.14014 0.931891
7800.89014 0.932399
7801.64014 0.932903
7802.39014 0.933408
7803.14014 0.933915
7803.89014 0.934416
7804.64014 0.934925
7805.39990 0.935432
7806.14014 0.935931
7806.89990 0.936438
7807.64990 0.936945
7808.39990 0.937446
7809.14990 0.937952
7809.89990 0.938454
7810.64990 0.938516
7811.41016 0.938512
7812.16016 0.938507
7812.91016 0.938503
7813.66016 0.938498
7814.41016 0.938494
7815.16016 0.93849
7815.91992 0.938486
7816.66992 0.938479
7817.41992 0.938474
7818.18018 0.93847
7818.91992 0.938465
7819.68018 0.938458
7820.43018 0.938706
7821.18994 0.939145
7821.93994 0.939582
7822.68994 0.940019
7823.43994 0.940455
7824.20020 0.940893
7824.93994 0.94133
7825.70020 0.941766
7826.45996 0.942204
7827.20020 0.942637
7827.95996 0.943074
7828.70996 0.943508
7829.47021 0.943946
7830.22021 0.94418
7830.97021 0.943936
7831.72998 0.943689
7832.47998 0.943443
7833.22998 0.943198
7833.99023 0.942952
7834.74023 0.942702
7835.49023 0.942457
7836.25000 0.94221
7837.00977 0.941961
7837.77002 0.941714
7838.50977 0.94147
7839.27002 0.941224
7840.02002 0.941002
7840.77979 0.941624
7841.52979 0.942243
7842.29004 0.942866
7843.04004 0.943485
7843.79980 0.944108
7844.54980 0.944725
7845.31006 0.945349
7846.06006 0.945971
7846.81006 0.946586
7847.56982 0.947208
7848.33008 0.947828
7849.08008 0.948446
7849.83008 0.949063
7850.58984 0.947836
7851.35010 0.946103
7852.10986 0.944359
7852.85986 0.942627
7853.60986 0.940897
7854.37012 0.939157
7855.12012 0.937435
7855.87988 0.935697
7856.64014 0.933958
7857.39014 0.932239
7858.14990 0.930502
7858.91016 0.928775
7859.66016 0.92705
7860.41992 0.926509
7861.18018 0.926925
7861.93018 0.927339
7862.68994 0.927758
7863.43994 0.928169
7864.20020 0.928586
7864.95996 0.929003
7865.70996 0.929414
7866.47021 0.929831
7867.22998 0.930247
7867.97998 0.930658
7868.75000 0.931074
7869.50000 0.931487
7870.25977 0.931515
7871.02002 0.930792
7871.77002 0.930072
7872.52979 0.929352
7873.29004 0.928628
7874.04004 0.927913
7874.79980 0.92719
7875.56006 0.926467
7876.31982 0.925753
7877.08008 0.92503
7877.83984 0.924307
7878.58984 0.923593
7879.35010 0.92287
7880.10986 0.92221
7880.87012 0.921899
7881.62988 0.921587
7882.39014 0.921275
7883.14990 0.92096
7883.89990 0.92065
7884.66016 0.92034
7885.41992 0.920027
7886.18018 0.919714
7886.93994 0.919404
7887.70020 0.919091
7888.45020 0.918778
7889.22021 0.918465
7889.97998 0.918154
7890.72998 0.917751
7891.50000 0.917342
7892.25000 0.916937
7893.00977 0.916532
7893.77002 0.916124
7894.52979 0.915719
7895.29004 0.915317
7896.04980 0.914907
7896.81006 0.9145
7897.58008 0.914093
7898.33008 0.91369
7899.08984 0.913285
7899.85010 0.912877
7900.60986 0.912517
7901.37012 0.912169
7902.12988 0.911818
7902.89014 0.91147
7903.66016 0.911119
7904.41016 0.910772
7905.18018 0.910422
7905.93994 0.910073
7906.68994 0.909726
7907.45996 0.909376
7908.22021 0.909025
7908.97998 0.908679
7909.74023 0.90833
7910.50000 0.907911
7911.25977 0.90746
7912.02979 0.907004
7912.79004 0.906552
7913.54980 0.906101
7914.31006 0.905647
7915.06982 0.905199
7915.83008 0.904744
7916.60010 0.90429
7917.35010 0.903842
7918.12012 0.903389
7918.87988 0.902932
7919.64014 0.902483
7920.41016 0.902261
7921.16992 0.902245
7921.93018 0.902228
7922.68994 0.90221
7923.45020 0.902193
7924.22021 0.902176
7924.97998 0.902157
7925.74023 0.902138
7926.50000 0.90212
7927.27002 0.902101
7928.02979 0.902084
7928.79004 0.902064
7929.56006 0.902046
7930.31982 0.901824
7931.08008 0.901311
7931.85010 0.900802
7932.60986 0.900292
7933.37012 0.899779
7934.14014 0.89927
7934.89990 0.89876
7935.66016 0.898249
7936.41992 0.897741
7937.18994 0.897229
7937.95996 0.896717
7938.72021 0.896212
7939.47998 0.895698
7940.24023 0.895292
7941.00977 0.895105
7941.77002 0.894918
7942.54004 0.894729
7943.31006 0.894539
7944.06982 0.894354
7944.83008 0.894166
7945.60010 0.893976
7946.35986 0.893788
7947.12012 0.893602
7947.89014 0.893412
7948.66016 0.893221
7949.43018 0.893032
7950.18994 0.892666
7950.95020 0.891743
7951.72021 0.890813
7952.47998 0.889889
7953.25000 0.888967
7954.00977 0.888038
7954.77979 0.887114
7955.54004 0.886197
7956.31006 0.885271
7957.08008 0.884344
7957.85010 0.883417
7958.60010 0.8825
7959.37012 0.881573
7960.14014 0.880836
7960.89990 0.880921
7961.66992 0.881007
7962.43994 0.881093
7963.20020 0.881178
7963.97021 0.881263
7964.72998 0.881349
7965.50000 0.881435
7966.27002 0.881521
7967.02979 0.881606
7967.79980 0.881691
7968.56982 0.881775
7969.33008 0.881858
7970.10010 0.881856
7970.87012 0.881292
7971.64014 0.880726
7972.41016 0.880156
7973.16992 0.879591
7973.93994 0.879028
7974.70996 0.878459
7975.47021 0.877897
7976.24023 0.877329
7977.00977 0.876761
7977.77002 0.8762
7978.54004 0.875632
7979.31006 0.875063
7980.08008 0.874533
7980.85010 0.874272
7981.60986 0.874011
7982.37988 0.873751
7983.14990 0.87349
7983.91992 0.873229
7984.68994 0.872969
7985.45996 0.872706
7986.22021 0.872446
7986.99023 0.872182
7987.77002 0.871918
7988.52979 0.871658
7989.29980 0.871393
7990.06982 0.871104
7990.83984 0.870608
7991.60986 0.870104
7992.37988 0.869603
7993.14014 0.869102
7993.91992 0.868597
7994.68018 0.868095
7995.45020 0.867595
7996.22021 0.867092
7996.99023 0.866591
7997.75977 0.866087
7998.52979 0.865582
7999.29980 0.865083
8000.06982 0.864591
8000.83984 0.864235
8001.60986 0.863878
8002.37988 0.863521
8003.14990 0.863164
8003.91992 0.862803
8004.68994 0.862448
8005.45996 0.862094
8006.22998 0.861736
8007.00000 0.861377
8007.77002 0.861022
8008.54004 0.860663
8009.31982 0.860304
8010.08984 0.859864
8010.85010 0.858807
8011.62012 0.857744
8012.39990 0.856675
8013.16992 0.855613
8013.93994 0.854551
8014.70996 0.853483
8015.47998 0.852422
8016.25000 0.851362
8017.02979 0.850295
8017.79980 0.849234
8018.56982 0.848168
8019.33984 0.847113
8020.10986 0.846241
8020.87988 0.846518
8021.64990 0.846793
8022.43018 0.847067
8023.20020 0.847342
8023.97021 0.847618
8024.75000 0.847892
8025.52002 0.848166
8026.29004 0.848439
8027.06006 0.848714
8027.83008 0.848987
8028.60986 0.849261
8029.37988 0.849536
8030.14990 0.849692
8030.91992 0.849368
8031.70020 0.84904
8032.47021 0.848716
8033.24023 0.848391
8034.02002 0.848068
8034.79004 0.847742
8035.56006 0.847415
8036.33984 0.847092
8037.10986 0.846768
8037.89014 0.846441
8038.64990 0.846118
8039.43018 0.845792
8040.20996 0.845642
8040.97998 0.845976
8041.75000 0.846315
8042.52002 0.846653
8043.29980 0.846989
8044.06982 0.847326
8044.85010 0.847661
8045.62012 0.847998
8046.39990 0.848336
8047.16992 0.84867
8047.93994 0.849004
8048.72021 0.84934
8049.49023 0.849671
8050.27002 0.849865
8051.04004 0.849789
8051.81006 0.849711
8052.58984 0.849634
8053.37012 0.849557
8054.14014 0.849479
8054.91992 0.849402
8055.68994 0.849324
8056.47021 0.849245
8057.24023 0.849167
8058.02002 0.849089
8058.79004 0.849012
8059.56982 0.848932
8060.33984 0.848961
8061.12012 0.849126
8061.89990 0.849289
8062.66992 0.849451
8063.45020 0.849616
8064.22021 0.849778
8065.00000 0.849939
8065.77979 0.850101
8066.54980 0.850262
8067.33008 0.850424
8068.10986 0.850583
8068.87988 0.850743
8069.66016 0.850905
8070.43994 0.851053
8071.20996 0.851193
8071.99023 0.851334
8072.75977 0.851473
8073.54004 0.851614
8074.31982 0.851755
8075.10010 0.851895
8075.87988 0.852034
8076.64990 0.852173
8077.43018 0.852312
8078.20996 0.852452
8078.97998 0.852594
8079.77002 0.852733
8080.54004 0.853046
8081.31982 0.85344
8082.08984 0.853831
8082.87012 0.854224
8083.64990 0.854616
8084.43018 0.85501
8085.20020 0.855402
8085.99023 0.855794
8086.75977 0.856186
8087.54004 0.856576
8088.31982 0.856969
8089.10010 0.857361
8089.87988 0.857752
8090.66016 0.857745
8091.43018 0.857664
8092.20996 0.857583
8092.99023 0.857502
8093.77002 0.857421
8094.54980 0.857341
8095.33008 0.857259
8096.10010 0.857176
8096.89014 0.857096
8097.66016 0.857013
8098.43994 0.856931
8099.22998 0.856848
8100.00000 0.856767
8100.77979 0.857203
8101.56006 0.857638
8102.33984 0.858068
8103.12012 0.858505
8103.89990 0.858938
8104.68018 0.859371
8105.45996 0.859807
8106.24023 0.86024
8107.02002 0.860671
8107.79980 0.861107
8108.58008 0.86154
8109.35986 0.861975
8110.14014 0.862259
8110.91992 0.861889
8111.70020 0.86151
8112.47998 0.861135
8113.25977 0.86076
8114.04004 0.860384
8114.81982 0.860008
8115.60010 0.859635
8116.39014 0.859258
8117.16992 0.858882
8117.95020 0.858505
8118.72998 0.858131
8119.50977 0.857756
8120.29004 0.857579
8121.08008 0.857735
8121.85010 0.857891
8122.64014 0.858047
8123.41992 0.858202
8124.20020 0.858357
8124.97998 0.858511
8125.75977 0.858666
8126.54980 0.858821
8127.33008 0.858975
8128.10986 0.859129
8128.89990 0.859284
8129.68018 0.859436
8130.45996 0.859303
8131.24023 0.85897
8132.02002 0.858634
8132.81006 0.858298
8133.58984 0.857965
8134.37012 0.857631
8135.14990 0.857295
8135.93994 0.856958
8136.72021 0.856625
8137.50000 0.856289
8138.29004 0.855954
8139.06982 0.855621
8139.85010 0.855283
8140.64014 0.855037
8141.41992 0.854808
8142.20020 0.85458
8142.99023 0.854349
8143.77002 0.85412
8144.54980 0.853893
8145.33984 0.853664
8146.12012 0.853435
8146.89990 0.853206
8147.68994 0.852976
8148.47998 0.852748
8149.25977 0.852519
8150.04980 0.852283
8150.83008 0.851991
8151.60986 0.851695
8152.39990 0.851399
8153.18018 0.851107
8153.95996 0.850812
8154.75000 0.850516
8155.52979 0.850222
8156.31982 0.849925
8157.10010 0.849629
8157.89014 0.849334
8158.68018 0.849037
8159.45996 0.848743
8160.24023 0.848657
8161.02979 0.849037
8161.81006 0.849413
8162.60010 0.849792
8163.39014 0.85017
8164.16992 0.850544
8164.95996 0.850923
8165.74023 0.851296
8166.52979 0.851669
8167.31006 0.852045
8168.10010 0.852416
8168.89014 0.852789
8169.66992 0.853161
8170.45996 0.852995
8171.25000 0.852448
8172.02979 0.851901
8172.81006 0.85136
8173.60010 0.850812
8174.39014 0.850263
8175.18018 0.84972
8175.97021 0.849172
8176.75000 0.848625
8177.54004 0.84808
8178.33008 0.847531
8179.10986 0.846983
8179.89990 0.846434
8180.68994 0.846641
8181.47021 0.846953
8182.25977 0.847266
8183.04980 0.847581
8183.83008 0.847891
8184.62012 0.848206
8185.41016 0.84852
8186.20020 0.84883
8186.99023 0.849145
8187.77002 0.849456
8188.56006 0.84977
8189.35010 0.850082
8190.14014 0.850265
8190.93018 0.849841
8191.72021 0.849419
8192.50000 0.848998
8193.29980 0.848574
8194.08008 0.848153
8194.87012 0.847728
8195.66016 0.847309
8196.44043 0.846888
8197.24023 0.846464
8198.01953 0.846044
8198.80957 0.845622
8199.59961 0.845199
8200.38965 0.845223
8201.17969 0.845695
8201.96973 0.846172
8202.75977 0.846645
8203.54980 0.84712
8204.33984 0.84759
8205.12988 0.848066
8205.91992 0.848539
8206.70020 0.849009
8207.49023 0.849481
8208.29004 0.849955
8209.08008 0.850426
8209.87012 0.850898
8210.66016 0.850492
8211.45020 0.84991
8212.24023 0.849324
8213.03027 0.848739
8213.82031 0.848157
8214.61035 0.847571
8215.40039 0.846991
8216.19043 0.846406
8216.98047 0.84582
8217.76953 0.845241
8218.55957 0.844654
8219.34961 0.844071
8220.13965 0.843547
8220.94043 0.84329
8221.73047 0.843035
8222.51953 0.84278
8223.30957 0.842522
8224.09961 0.842266
8224.88965 0.842012
8225.69043 0.841754
8226.46973 0.841499
8227.26953 0.841242
8228.05957 0.840986
8228.84961 0.840727
8229.63965 0.84047
8230.42969 0.839855
8231.21973 0.838943
8232.01953 0.838029
8232.80957 0.837119
8233.59961 0.836202
8234.40039 0.835291
8235.19043 0.834381
8235.98047 0.833473
8236.76953 0.832555
8237.55957 0.83165
8238.36035 0.830736
8239.15039 0.829827
8239.94043 0.828916
8240.74023 0.827628
8241.53027 0.826315
8242.32031 0.824996
8243.12012 0.823686
8243.91016 0.822375
8244.70020 0.821056
8245.50000 0.819747
8246.28027 0.818444
8247.08008 0.817127
8247.87988 0.815812
8248.66992 0.814513
8249.45996 0.813197
8250.25977 0.812405
