threeML/data/optical_filters/HST/ACS_WFC-F775W_81.ecsv
# %ECSV 0.9
# ---
# datatype:
# - {name: wavelength, unit: Angstrom, datatype: float32}
# - {name: response, datatype: float32}
# meta: !!omap
# - {band_name: F775W_81}
# - {group_name: ACS_WFC}
wavelength response
5913.84570 0.0
6570.93994 0.00204722
6571.56982 0.00206564
6572.20020 0.00208397
6572.83984 0.00210231
6573.47021 0.00212076
6574.10010 0.002139
6574.72998 0.00215746
6575.37012 0.00217592
6576.00000 0.00219418
6576.62988 0.00221265
6577.27002 0.00223112
6577.89990 0.00224939
6578.52979 0.00226788
6579.16016 0.00228626
6579.79980 0.00230465
6580.43018 0.00232322
6581.06006 0.00234172
6581.70020 0.00236021
6582.33008 0.00237883
6582.95996 0.00239725
6583.60010 0.00241587
6584.22998 0.0024345
6584.85986 0.00245293
6585.50000 0.00247158
6586.14014 0.00249024
6586.77002 0.00250868
6587.39990 0.00252735
6588.02979 0.00254592
6588.66992 0.00256449
6589.29980 0.00258318
6589.93994 0.00260176
6590.56982 0.00262032
6591.20996 0.00263899
6591.83984 0.00265745
6592.47021 0.00267613
6593.10986 0.00269482
6593.74023 0.0027133
6594.37988 0.00273198
6595.00977 0.00275059
6595.64990 0.0027692
6596.27979 0.00278791
6596.91992 0.00280652
6597.54980 0.00282525
6598.18994 0.00284387
6598.81982 0.00286251
6599.45020 0.00288114
6600.08984 0.0028999
6600.72021 0.00291854
6601.35986 0.00293739
6602.00000 0.00295626
6602.64014 0.00297512
6603.27002 0.00299379
6603.89990 0.00301255
6604.54004 0.00303145
6605.18018 0.00305024
6605.81006 0.00306903
6606.45020 0.00308794
6607.08008 0.00310675
6607.70996 0.00312546
6608.35010 0.00314439
6608.99023 0.00316333
6609.62988 0.00318228
6610.25977 0.00320095
6610.89990 0.00321974
6611.52979 0.00323844
6612.16992 0.00325713
6612.81006 0.00327584
6613.43994 0.00329466
6614.08008 0.00331336
6614.72021 0.00333219
6615.35010 0.00335091
6615.99023 0.00336965
6616.62988 0.00338848
6617.25977 0.00340712
6617.89990 0.00342596
6618.54004 0.00344482
6619.16992 0.00346347
6619.81006 0.00348233
6620.45020 0.00350112
6621.08008 0.00351994
6621.72021 0.00353886
6622.35986 0.00355769
6623.00000 0.00357651
6623.64014 0.00359545
6624.27002 0.00361419
6624.91016 0.00363314
6625.54980 0.0036521
6626.18018 0.00367084
6626.81982 0.00368983
6627.45996 0.0037088
6628.10010 0.00372755
6628.72998 0.00374655
6629.37012 0.00376543
6630.00977 0.00378433
6630.64990 0.00380339
6631.29004 0.00382235
6631.91992 0.00384132
6632.56006 0.00386041
6633.20020 0.00387927
6633.83984 0.00389837
6634.47998 0.00391747
6635.10986 0.00393636
6635.75977 0.00395548
6636.39990 0.0039746
6637.02979 0.0039935
6637.66992 0.00401263
6638.31006 0.00403167
6638.95020 0.00405071
6639.58984 0.00406985
6640.22998 0.0040889
6640.87012 0.00410802
6641.50977 0.00412705
6642.14014 0.00414595
6642.77979 0.00416509
6643.41992 0.00418424
6644.06006 0.00420319
6644.70020 0.00422234
6645.33984 0.00424151
6645.97998 0.00426046
6646.62012 0.00427963
6647.25977 0.00429871
6647.89990 0.00431791
6648.54004 0.004337
6649.18018 0.00435609
6649.81982 0.0043753
6650.45996 0.00439429
6651.10010 0.00441315
6651.74023 0.00443222
6652.37988 0.00445132
6653.02002 0.0044704
6653.66016 0.00448928
6654.29980 0.00450827
6654.93994 0.00452738
6655.58008 0.00454636
6656.22021 0.00456537
6656.85986 0.00458448
6657.50000 0.0046035
6658.14014 0.0046224
6658.77979 0.00464154
6659.43018 0.00466067
6660.06982 0.00467984
6660.70020 0.00469917
6661.35010 0.00471872
6661.99023 0.0047383
6662.62988 0.00475764
6663.27002 0.00477711
6663.91016 0.0047967
6664.54980 0.00481618
6665.18994 0.00483567
6665.83984 0.00485528
6666.47998 0.0048748
6667.12012 0.00489442
6667.75977 0.00491382
6668.39990 0.00493347
6669.04980 0.00495311
6669.68018 0.00497255
6670.33008 0.00499195
6670.97021 0.0050111
6671.60986 0.00503004
6672.25977 0.00504919
6672.89990 0.00506825
6673.54004 0.0050873
6674.18018 0.00510648
6674.81982 0.00512554
6675.45996 0.0051446
6676.10986 0.00516378
6676.75000 0.00518275
6677.39014 0.00520194
6678.04004 0.00522113
6678.68018 0.0052401
6679.31982 0.00525931
6679.97021 0.00527852
6680.60010 0.00529799
6681.25000 0.0053177
6681.89014 0.00533731
6682.52979 0.00535693
6683.18018 0.00537667
6683.81982 0.00539631
6684.45996 0.00541597
6685.10986 0.00543572
6685.75000 0.00545527
6686.39014 0.00547505
6687.04004 0.00549484
6687.68018 0.00551442
6688.31982 0.00553421
6688.97021 0.00555391
6689.60986 0.00557362
6690.25977 0.00559336
6690.89990 0.00561284
6691.54980 0.00563244
6692.18994 0.00565195
6692.83008 0.00567133
6693.47998 0.00569096
6694.12012 0.00571058
6694.75977 0.00573
6695.41016 0.00574964
6696.06006 0.00576929
6696.68994 0.00578873
6697.33984 0.00580839
6697.97998 0.00582795
6698.62988 0.00584761
6699.27979 0.00586717
6699.91992 0.00588674
6700.56982 0.00590623
6701.20996 0.0059256
6701.85010 0.00594485
6702.50000 0.00596433
6703.14990 0.0059838
6703.79004 0.0060033
6704.43018 0.00602256
6705.08008 0.00604206
6705.72998 0.00606145
6706.37012 0.00608086
6707.02002 0.00610024
6707.66016 0.00611978
6708.31006 0.00613918
6708.95020 0.00615859
6709.60010 0.00617801
6710.24023 0.00619778
6710.89014 0.00621792
6711.52979 0.00623784
6712.18018 0.006258
6712.83008 0.00627817
6713.47021 0.00629813
6714.12012 0.0063183
6714.77002 0.00633839
6715.41016 0.00635847
6716.06006 0.00637858
6716.70996 0.0063988
6717.35010 0.0064189
6718.00000 0.00643915
6718.64014 0.00645916
6719.29004 0.00647942
6719.93994 0.00649968
6720.58008 0.00651939
6721.22998 0.0065393
6721.87988 0.00655921
6722.52002 0.0065789
6723.16992 0.00659882
6723.81982 0.00661863
6724.45996 0.00663845
6725.10986 0.0066584
6725.75977 0.00667823
6726.41016 0.00669807
6727.06006 0.00671805
6727.70020 0.00673778
6728.35010 0.00675775
6729.00000 0.00677773
6729.64014 0.0067975
6730.29004 0.00681733
6730.93994 0.00683695
6731.58984 0.00685638
6732.24023 0.00687603
6732.87988 0.00689557
6733.52979 0.00691512
6734.18018 0.00693478
6734.83008 0.00695432
6735.47021 0.00697387
6736.12012 0.00699355
6736.77002 0.007013
6737.41992 0.00703268
6738.06982 0.00705238
6738.70996 0.00707184
6739.35986 0.00709152
6740.00977 0.00711111
6740.66016 0.00713096
6741.31006 0.00715088
6741.95996 0.00717072
6742.60986 0.00719066
6743.25977 0.00721051
6743.91016 0.00723038
6744.56006 0.00725023
6745.20996 0.00727019
6745.85010 0.00728995
6746.50000 0.00730993
6747.14990 0.00732993
6747.79980 0.00734971
6748.45020 0.0073697
6749.10010 0.00738959
6749.75000 0.00740961
6750.39990 0.00742981
6751.04980 0.00745018
6751.70020 0.00747068
6752.35010 0.00749107
6752.99023 0.00751134
6753.64990 0.00753188
6754.29980 0.0075524
6754.95020 0.00757294
6755.60010 0.00759325
6756.25000 0.00761381
6756.89990 0.00763426
6757.54980 0.00765471
6758.20020 0.00767519
6758.85010 0.00769577
6759.50000 0.00771625
6760.14990 0.00773649
6760.79980 0.00775604
6761.45020 0.00777546
6762.10010 0.00779499
6762.75000 0.00781432
6763.39990 0.00783386
6764.06006 0.00785342
6764.70020 0.00787274
6765.35986 0.00789231
6766.00977 0.00791175
6766.66016 0.00793119
6767.31006 0.00795063
6767.95996 0.00797021
6768.60986 0.00798965
6769.27002 0.00800922
6769.91016 0.00802857
6770.56982 0.00804885
6771.22021 0.00806926
6771.87012 0.00808943
6772.52002 0.00810985
6773.18018 0.00813029
6773.81982 0.00815048
6774.47998 0.00817091
6775.12988 0.00819125
6775.77979 0.00821157
6776.43994 0.00823203
6777.08984 0.00825238
6777.74023 0.00827273
6778.39014 0.0082932
6779.04004 0.00831345
6779.68994 0.00833395
6780.35010 0.00835439
6781.00000 0.0083746
6781.64990 0.00839504
6782.31006 0.00841549
6782.95996 0.00843571
6783.60986 0.00845616
6784.25977 0.0084765
6784.91016 0.00849687
6785.56982 0.00851732
6786.22021 0.00853768
6786.87988 0.00855807
6787.52979 0.00857856
6788.18018 0.00859882
6788.83008 0.00861933
6789.49023 0.00863983
6790.14014 0.00866006
6790.79980 0.00868028
6791.45020 0.00870051
6792.10010 0.00872051
6792.75977 0.00874074
6793.41016 0.00876085
6794.06006 0.00878111
6794.72021 0.00880124
6795.37012 0.00882138
6796.02979 0.00884163
6796.68018 0.00886177
6797.33008 0.00888181
6797.99023 0.00890208
6798.64014 0.00892236
6799.29004 0.00894243
6799.95020 0.0089627
6800.60010 0.00913705
6801.25977 0.0093254
6801.91016 0.00951265
6802.56982 0.00969992
6803.22998 0.00988849
6803.87988 0.0100758
6804.52979 0.0102622
6805.18994 0.0104508
6805.83984 0.0106394
6806.50000 0.0108281
6807.14990 0.0110147
6807.81006 0.0112034
6808.47021 0.0113922
6809.12012 0.0115789
6809.77002 0.0117668
6810.43018 0.0119947
6811.08008 0.012242
6811.74023 0.0124892
6812.39990 0.012738
6813.04980 0.0129853
6813.70996 0.0132342
6814.35986 0.0134803
6815.02002 0.0137293
6815.68018 0.0139782
6816.33008 0.0142246
6816.99023 0.0144737
6817.64990 0.0147229
6818.29980 0.0149693
6818.95020 0.015217
6819.60986 0.0154665
6820.27002 0.0157591
6820.91992 0.0161199
6821.58008 0.0164788
6822.22998 0.0168377
6822.89014 0.0171989
6823.54980 0.0175561
6824.20996 0.0179176
6824.85986 0.018279
6825.52002 0.0186364
6826.18018 0.0189982
6826.83984 0.01936
6827.49023 0.0197177
6828.14990 0.0200797
6828.79980 0.0204399
6829.45996 0.0208002
6830.12012 0.0211736
6830.77979 0.0215957
6831.43018 0.0220179
6832.08984 0.0224427
6832.74023 0.0228625
6833.39990 0.0232878
6834.06006 0.0237128
6834.72021 0.0241331
6835.37988 0.0245583
6836.02979 0.0249813
6836.68994 0.0254044
6837.35010 0.0258301
6838.00977 0.0262537
6838.66992 0.026677
6839.33008 0.0271029
6839.97998 0.0275242
6840.64014 0.0280704
6841.29980 0.0286202
6841.95996 0.0291636
6842.62012 0.0297134
6843.27979 0.0302634
6843.93018 0.0308073
6844.58984 0.0313572
6845.25000 0.0319044
6845.91016 0.0324549
6846.56982 0.0330022
6847.22998 0.0335494
6847.89014 0.0341001
6848.54980 0.0346474
6849.20020 0.035192
6849.85986 0.0357426
6850.52002 0.0364057
6851.18018 0.0370898
6851.83984 0.0377823
6852.50000 0.0384748
6853.16016 0.0391634
6853.81982 0.0398527
6854.47998 0.0405414
6855.14014 0.0412349
6855.79980 0.0419239
6856.45996 0.0426136
6857.12012 0.0433034
6857.77979 0.0439973
6858.43994 0.0446914
6859.10010 0.0453779
6859.75977 0.0460728
6860.41992 0.0468576
6861.08008 0.0476844
6861.74023 0.0485213
6862.39990 0.0493535
6863.06006 0.0501859
6863.72021 0.0510191
6864.37988 0.0518569
6865.04004 0.0526905
6865.70996 0.0535286
6866.35986 0.0543577
6867.02002 0.0551969
6867.68994 0.0560362
6868.35010 0.0568665
6869.00977 0.0577063
6869.66992 0.0585463
6870.33008 0.0595315
6870.99023 0.0606779
6871.64990 0.0618312
6872.31006 0.062978
6872.97998 0.0641317
6873.64014 0.0652789
6874.29980 0.0664262
6874.95996 0.0675812
6875.62012 0.0687229
6876.27979 0.0698775
6876.95020 0.0710331
6877.60010 0.0721761
6878.27002 0.073332
6878.93018 0.0744879
6879.58984 0.0756306
6880.25977 0.0768853
6880.91992 0.0782888
6881.58008 0.0796924
6882.24023 0.0811036
6882.89990 0.0825087
6883.56006 0.0839131
6884.22998 0.085326
6884.89014 0.0867237
6885.54980 0.0881372
6886.22021 0.0895519
6886.87988 0.0909502
6887.54004 0.0923654
6888.20020 0.0937725
6888.85986 0.0951799
6889.52979 0.0965971
6890.18994 0.0979777
6890.85010 0.0992921
6891.52002 0.100614
6892.18018 0.101929
6892.83984 0.103244
6893.50977 0.104567
6894.16992 0.105874
6894.83984 0.107198
6895.50000 0.108521
6896.16016 0.10983
6896.83008 0.111155
6897.49023 0.112471
6898.14990 0.113796
6898.81982 0.115113
6899.47998 0.11643
6900.14990 0.117886
6900.81006 0.119789
6901.47021 0.121681
6902.14014 0.123594
6902.79980 0.125509
6903.45996 0.127403
6904.12988 0.129318
6904.79980 0.131234
6905.45996 0.13314
6906.12012 0.135044
6906.79004 0.136951
6907.45020 0.138869
6908.12012 0.140776
6908.77979 0.142684
6909.45020 0.144604
6910.10986 0.146454
6910.77979 0.148035
6911.43994 0.149598
6912.10986 0.151181
6912.77979 0.152764
6913.43994 0.154329
6914.10010 0.155914
6914.77002 0.157489
6915.43018 0.159066
6916.10010 0.160643
6916.77002 0.16223
6917.43018 0.163808
6918.10010 0.165397
6918.75977 0.166976
6919.43018 0.168556
6920.10010 0.170227
6920.75977 0.172342
6921.43018 0.174483
6922.10010 0.176625
6922.75977 0.178742
6923.41992 0.180871
6924.08984 0.183014
6924.75977 0.185144
6925.43018 0.187288
6926.08984 0.189419
6926.75977 0.191551
6927.43018 0.193696
6928.08984 0.195828
6928.75977 0.197961
6929.43018 0.200107
6930.08984 0.202256
6930.75977 0.204611
6931.43018 0.206967
6932.08984 0.209296
6932.75977 0.211652
6933.43018 0.213995
6934.08984 0.216338
6934.75977 0.218695
6935.43018 0.22104
6936.08984 0.223383
6936.77002 0.225741
6937.43018 0.228073
6938.10010 0.230431
6938.77002 0.232791
6939.43018 0.235123
6940.10010 0.237487
6940.77002 0.239865
6941.43994 0.242219
6942.10010 0.244598
6942.77002 0.246966
6943.43994 0.249337
6944.10986 0.25172
6944.77979 0.254089
6945.45020 0.256473
6946.12012 0.258845
6946.77979 0.261204
6947.45020 0.26359
6948.12012 0.265977
6948.79004 0.268339
6949.45996 0.270728
6950.12012 0.273177
6950.79980 0.275964
6951.45996 0.278737
6952.12988 0.281511
6952.79980 0.2843
6953.47021 0.287073
6954.14014 0.289846
6954.81006 0.29262
6955.47998 0.295409
6956.14990 0.298167
6956.81982 0.300958
6957.49023 0.303748
6958.16016 0.306539
6958.83008 0.309297
6959.49023 0.312074
6960.16992 0.314955
6960.83984 0.31809
6961.50000 0.321228
6962.18018 0.324384
6962.85010 0.327522
6963.52002 0.33066
6964.18018 0.333799
6964.85986 0.336955
6965.52979 0.340111
6966.18994 0.343233
6966.87012 0.34639
6967.54004 0.349549
6968.20996 0.352671
6968.87988 0.355811
6969.54980 0.35897
6970.22021 0.361815
6970.89014 0.364062
6971.56006 0.366297
6972.22998 0.368531
6972.91016 0.37078
6973.56982 0.373003
6974.25000 0.375253
6974.91992 0.377502
6975.58984 0.379728
6976.25977 0.381978
6976.93994 0.384229
6977.60010 0.386456
6978.27002 0.388709
6978.95020 0.390948
6979.62012 0.393188
6980.29004 0.395639
6980.95996 0.398338
6981.62988 0.401036
6982.31006 0.403752
6982.97021 0.406437
6983.64990 0.409155
6984.31982 0.411873
6984.99023 0.414561
6985.66016 0.41728
6986.33984 0.419986
6987.00977 0.422691
6987.68018 0.425415
6988.35010 0.428123
6989.02002 0.430832
6989.70020 0.433557
6990.37012 0.436438
6991.04004 0.439502
6991.72021 0.442566
6992.39014 0.445597
6993.06006 0.448663
6993.74023 0.451731
6994.41016 0.454763
6995.08008 0.457831
6995.75000 0.460882
6996.43018 0.463935
6997.10010 0.467004
6997.77002 0.470059
6998.45020 0.473131
6999.12012 0.476186
6999.79004 0.479224
7000.47021 0.482372
7001.14990 0.485556
7001.81006 0.4887
7002.49023 0.491884
7003.16992 0.495067
7003.83984 0.498233
7004.50977 0.501397
7005.18994 0.504562
7005.85986 0.507744
7006.54004 0.510911
7007.20996 0.514076
7007.87988 0.517243
7008.56006 0.520428
7009.22998 0.523576
7009.91016 0.52676
7010.58008 0.529336
7011.25977 0.531816
7011.93018 0.534267
7012.60986 0.536747
7013.27979 0.539212
7013.95996 0.541677
7014.62988 0.544143
7015.31006 0.546623
7015.97998 0.549089
7016.64990 0.551556
7017.33008 0.554022
7018.00977 0.556504
7018.68994 0.558986
7019.35986 0.56144
7020.02979 0.563912
7020.70996 0.566195
7021.37988 0.568453
7022.06006 0.570723
7022.74023 0.573007
7023.41016 0.575279
7024.08984 0.577563
7024.77002 0.579838
7025.43994 0.58211
7026.12012 0.584395
7026.79004 0.586656
7027.47021 0.588943
7028.14990 0.591231
7028.81982 0.593493
7029.50000 0.595781
7030.18018 0.598184
7030.85010 0.600876
7031.52979 0.603601
7032.20020 0.606312
7032.87988 0.609023
7033.56006 0.611749
7034.22998 0.61446
7034.91016 0.617172
7035.58984 0.619902
7036.25977 0.622599
7036.93994 0.625326
7037.62012 0.628057
7038.29004 0.630756
7038.97998 0.633488
7039.64990 0.636203
7040.33008 0.638448
7041.00977 0.640203
7041.68018 0.641948
7042.35986 0.643695
7043.04004 0.645451
7043.72021 0.647196
7044.39014 0.648942
7045.06982 0.650698
7045.75000 0.652434
7046.43018 0.654191
7047.10986 0.655947
7047.77979 0.657684
7048.45996 0.659441
7049.14014 0.661187
7049.81982 0.662933
7050.50000 0.66486
7051.18018 0.66684
7051.85986 0.66883
7052.54004 0.670809
7053.20996 0.672776
7053.89014 0.674766
7054.56982 0.676758
7055.25000 0.678727
7055.93018 0.680718
7056.60986 0.682711
7057.29004 0.684691
7057.97021 0.686672
7058.64014 0.688652
7059.33008 0.690645
7060.00000 0.692627
7060.68018 0.694862
7061.35986 0.69711
7062.04004 0.699343
7062.72021 0.701565
7063.39990 0.703812
7064.08008 0.706059
7064.77002 0.708307
7065.43994 0.710528
7066.12012 0.712775
7066.79980 0.715011
7067.47998 0.717245
7068.16016 0.71948
7068.83984 0.721725
