threeML/data/optical_filters/HST/ACS_HRC-F814N.ecsv
# %ECSV 0.9
# ---
# datatype:
# - {name: wavelength, unit: Angstrom, datatype: float32}
# - {name: response, datatype: float32}
# meta: !!omap
# - {band_name: F814N}
# - {group_name: ACS_HRC}
wavelength response
6127.75830 0.0
6808.62012 0.00375922
6809.29004 0.00380182
6809.95020 0.00384445
6810.62012 0.00388712
6811.27979 0.00392979
6811.93994 0.003972
6812.60986 0.00401468
6813.27002 0.00405739
6813.93994 0.00409984
6814.60010 0.00414252
6815.27002 0.00418522
6815.93018 0.00422772
6816.60010 0.00427042
6817.25977 0.00431266
6817.91992 0.00435537
6818.58984 0.00439807
6819.25000 0.00444081
6819.91992 0.00448355
6820.58008 0.00452599
6821.25000 0.00456845
6821.91016 0.00461114
6822.58008 0.00465356
6823.24023 0.00469627
6823.91016 0.00473894
6824.56982 0.0047814
6825.24023 0.00482411
6825.91016 0.00486681
6826.56982 0.00490905
6827.22998 0.00495176
6827.89990 0.00499449
6828.56982 0.00503719
6829.22998 0.00507993
6829.89990 0.00512216
6830.56006 0.00516494
6831.22998 0.00520773
6831.89014 0.0052503
6832.56006 0.00529309
6833.22998 0.00533567
6833.89014 0.00537846
6834.56006 0.00542129
6835.22021 0.00546364
6835.89014 0.00550646
6836.56006 0.00554929
6837.22998 0.00559211
6837.89014 0.00563493
6838.54980 0.00567728
6839.22021 0.00572014
6839.89014 0.005763
6840.56006 0.0058056
6841.22021 0.00584845
6841.89014 0.00589131
6842.56006 0.00593393
6843.22998 0.00597678
6843.89014 0.00601921
6844.56006 0.00606205
6845.22998 0.00610493
6845.89014 0.00614782
6846.56006 0.00619071
6847.22021 0.00623312
6847.89014 0.006276
6848.56006 0.0063189
6849.22998 0.00636157
6849.89990 0.00640448
6850.56982 0.00644734
6851.22998 0.00648994
6851.89990 0.00653278
6852.56006 0.00657515
6853.22998 0.00661803
6853.89990 0.00666088
6854.56982 0.00670374
6855.24023 0.00674661
6855.91016 0.00678947
6856.56982 0.00683185
6857.25000 0.00687476
6857.91016 0.00691737
6858.58008 0.00696027
6859.25000 0.00700314
6859.91992 0.0070458
6860.58984 0.00708865
6861.25977 0.00713157
6861.91992 0.00717397
6862.58984 0.00721688
6863.25977 0.00725976
6863.93994 0.00730267
6864.60010 0.00734555
6865.27002 0.00738799
6865.93994 0.0074309
6866.60986 0.00747381
6867.27979 0.00751646
6867.95020 0.00755941
6868.62012 0.00760209
6869.29004 0.00764499
6869.95996 0.00768792
6870.62012 0.00773049
6871.29004 0.00777354
6871.97021 0.00781658
6872.64014 0.00785963
6873.31006 0.00790271
6873.97021 0.0079453
6874.64990 0.00798839
6875.31982 0.00803143
6875.97998 0.00807429
6876.66016 0.00811737
6877.33008 0.00816046
6878.00000 0.00820333
6878.66992 0.0082464
6879.33008 0.00828903
6880.00977 0.00833212
6880.68018 0.00844601
6881.35010 0.00875714
6882.02002 0.00906849
6882.68994 0.0093778
6883.35986 0.00968732
6884.02979 0.00999864
6884.70020 0.0103081
6885.37988 0.0106192
6886.04980 0.0109306
6886.72021 0.0112403
6887.39014 0.0115516
6888.06006 0.0118631
6888.72998 0.012171
6889.39990 0.0124823
6890.06982 0.0128012
6890.75000 0.0131796
6891.41992 0.0135579
6892.08984 0.0139322
6892.75977 0.0143105
6893.43994 0.0146891
6894.10010 0.0150655
6894.77979 0.0154438
6895.45020 0.0158204
6896.12012 0.0161989
6896.79980 0.0165774
6897.45996 0.0169518
6898.14014 0.0173304
6898.81006 0.0177091
6899.47998 0.0180876
6900.16016 0.0185179
6900.83008 0.019109
6901.50000 0.0197067
6902.16992 0.0203044
6902.85010 0.020899
6903.52002 0.0214967
6904.18994 0.0220948
6904.85986 0.0226895
6905.54004 0.0232875
6906.20996 0.0238787
6906.87988 0.0244768
6907.56006 0.0250753
6908.22998 0.0256734
6908.91016 0.0262718
6909.58008 0.0268699
6910.25000 0.027516
6910.93018 0.0282605
6911.60010 0.0290006
6912.27002 0.0297451
6912.95020 0.0304901
6913.62012 0.0312307
6914.29980 0.0319752
6914.95996 0.0327115
6915.64014 0.0334565
6916.31006 0.0342014
6916.99023 0.0349469
6917.66992 0.0356918
6918.33984 0.036433
6919.00977 0.0371741
6919.68994 0.0379191
6920.35986 0.0387808
6921.04004 0.0397529
6921.70996 0.0407257
6922.39014 0.0416923
6923.06006 0.0426651
6923.74023 0.0436371
6924.41016 0.0445987
6925.08008 0.0455715
6925.75977 0.0465443
6926.43994 0.0475171
6927.10986 0.0484899
6927.77979 0.0494522
6928.45996 0.0504256
6929.14014 0.0513983
6929.81006 0.0523662
6930.49023 0.0535289
6931.16016 0.0547579
6931.83984 0.0559949
6932.52002 0.0572308
6933.18994 0.0584534
6933.85986 0.0596893
6934.54004 0.0609261
6935.22021 0.0621629
6935.89990 0.0633995
6936.56982 0.0646219
6937.24023 0.0658594
6937.91992 0.0670959
6938.60010 0.0683261
6939.27002 0.0695634
6939.95020 0.0707999
6940.62988 0.0722269
6941.31006 0.0736782
6941.97998 0.0751116
6942.64990 0.0765618
6943.33008 0.0780129
6944.00977 0.0794641
6944.68994 0.0809141
6945.37012 0.082365
6946.04004 0.0838003
6946.72021 0.0852512
6947.39014 0.0866938
6948.06982 0.0881459
6948.75000 0.0895967
6949.43018 0.0910401
6950.10986 0.0925468
6950.77979 0.0943514
6951.45996 0.0961351
6952.14014 0.0979409
6952.81006 0.0997453
6953.49023 0.101551
6954.16992 0.103345
6954.85010 0.10514
6955.52979 0.106946
6956.20996 0.108751
6956.87988 0.110548
6957.56006 0.112354
6958.24023 0.11415
6958.91992 0.115955
6959.60010 0.117762
6960.27002 0.11959
6960.95020 0.1215
6961.62988 0.123411
6962.31006 0.125323
6962.99023 0.127234
6963.66016 0.129124
6964.35010 0.131037
6965.02002 0.132947
6965.70020 0.13485
6966.37988 0.136762
6967.06006 0.138675
6967.74023 0.140576
6968.41992 0.14249
6969.10010 0.144382
6969.77979 0.146295
6970.45996 0.148404
6971.14014 0.150608
6971.81982 0.152812
6972.49023 0.15499
6973.16992 0.157195
6973.85010 0.159399
6974.52979 0.161591
6975.22021 0.163796
6975.89990 0.166001
6976.56982 0.168195
6977.25977 0.170399
6977.93018 0.17258
6978.60986 0.174784
6979.29004 0.17699
6979.97998 0.179196
6980.66016 0.181685
6981.33984 0.184188
6982.02002 0.18666
6982.70020 0.189161
6983.37988 0.191649
6984.06006 0.194152
6984.74023 0.196654
6985.41992 0.199142
6986.10010 0.201644
6986.77979 0.204146
6987.45996 0.206619
6988.14014 0.209122
6988.83008 0.211624
6989.50977 0.214128
6990.18994 0.216053
6990.87012 0.216495
6991.54980 0.216941
6992.22998 0.217388
6992.91016 0.217832
6993.60010 0.218279
6994.27979 0.218723
6994.95996 0.21917
6995.64014 0.219617
6996.31982 0.220059
6997.00000 0.220506
6997.68994 0.220953
6998.37012 0.2214
6999.04980 0.221847
6999.72998 0.222289
7000.41016 0.22438
7001.10010 0.227538
7001.77979 0.23068
7002.45996 0.233838
7003.14990 0.236994
7003.83008 0.240135
7004.50977 0.243294
7005.18994 0.246415
7005.87012 0.249573
7006.56006 0.252729
7007.24023 0.255885
7007.93018 0.259043
7008.60986 0.262198
7009.29004 0.265319
7009.97998 0.268475
7010.66016 0.270981
7011.33984 0.273476
7012.02979 0.275972
7012.70996 0.278454
7013.39014 0.280949
7014.08008 0.283445
7014.75977 0.285912
7015.43994 0.288407
7016.12988 0.290902
7016.81006 0.293397
7017.50000 0.295893
7018.18018 0.298358
7018.85986 0.300854
7019.54980 0.303349
7020.22998 0.306129
7020.91992 0.309513
7021.60010 0.312878
7022.27979 0.316261
7022.97021 0.319643
7023.64990 0.32299
7024.33984 0.326374
7025.02002 0.329758
7025.70996 0.333141
7026.39990 0.336524
7027.06982 0.339869
7027.75977 0.343254
7028.45020 0.346636
7029.12988 0.350001
7029.81982 0.353385
7030.50977 0.356437
7031.18994 0.359353
7031.87988 0.362285
7032.56006 0.365184
7033.24023 0.368117
7033.93018 0.37105
7034.62012 0.373981
7035.29980 0.376913
7035.97998 0.379812
7036.66992 0.382745
7037.35986 0.385676
7038.04004 0.38859
7038.72998 0.391522
7039.41992 0.394453
7040.10010 0.397369
7040.79004 0.40031
7041.47021 0.403218
7042.16016 0.406159
7042.85010 0.409101
7043.54004 0.412041
7044.22021 0.414983
7044.91016 0.417925
7045.58984 0.420832
7046.27979 0.423773
7046.97021 0.426697
7047.64990 0.429637
7048.33984 0.432579
7049.02979 0.435504
7049.72021 0.438444
7050.41016 0.441249
7051.08984 0.443929
7051.77979 0.446642
7052.47021 0.449352
7053.14990 0.452062
7053.83984 0.454772
7054.52979 0.457452
7055.22021 0.460163
7055.89990 0.462874
7056.58984 0.465568
7057.27979 0.468277
7057.97021 0.470973
7058.64990 0.473682
7059.35010 0.476391
7060.02979 0.479085
7060.72021 0.482176
7061.41016 0.485265
7062.10010 0.488354
7062.79004 0.491444
7063.47021 0.494497
7064.16016 0.497587
7064.85010 0.500677
7065.54004 0.503749
7066.22998 0.506838
7066.91992 0.509927
7067.60010 0.512998
7068.29980 0.516089
7068.97998 0.519144
7069.66992 0.522232
7070.35986 0.525195
7071.04980 0.528041
7071.74023 0.530888
7072.43018 0.533717
7073.12012 0.536546
7073.81006 0.539391
7074.49023 0.54222
7075.18994 0.545065
7075.87988 0.54791
7076.56006 0.550738
7077.25977 0.553581
7077.95020 0.556426
7078.62988 0.559237
7079.31982 0.562081
7080.02002 0.564918
7080.70996 0.567484
7081.39990 0.57005
7082.08008 0.572586
7082.77979 0.575153
7083.47021 0.57772
7084.16016 0.580272
7084.85010 0.582838
7085.54004 0.585389
7086.22998 0.587957
7086.91992 0.590522
7087.60986 0.59306
7088.29980 0.595627
7088.99023 0.598191
7089.68994 0.600757
7090.37988 0.602915
7091.06006 0.604711
7091.75977 0.606529
7092.45020 0.608348
7093.14014 0.610154
7093.83008 0.611973
7094.52002 0.613789
7095.20996 0.615596
7095.91016 0.617413
7096.58984 0.61921
7097.29004 0.621027
7097.97998 0.622845
7098.66992 0.624661
7099.37012 0.626478
7100.06006 0.628358
7100.75000 0.630888
7101.43994 0.633445
7102.12988 0.635989
7102.81982 0.638546
7103.52002 0.641104
7104.20996 0.643644
7104.89990 0.646201
7105.58984 0.648729
7106.27979 0.651286
7106.97998 0.653842
7107.66992 0.656399
7108.37012 0.658954
7109.06006 0.661497
7109.75000 0.664039
7110.43994 0.665787
7111.14014 0.667073
7111.83008 0.668366
7112.52002 0.66966
7113.22021 0.670947
7113.91016 0.67224
7114.60986 0.673532
7115.29004 0.674811
7115.99023 0.676104
7116.68994 0.677397
7117.37988 0.678691
7118.08008 0.679984
7118.75977 0.681263
7119.45996 0.682555
7120.14990 0.684031
7120.85010 0.686134
7121.54004 0.688248
7122.22998 0.690352
7122.93018 0.692464
7123.62988 0.694579
7124.31006 0.696668
7125.00977 0.698782
7125.70996 0.700897
7126.39990 0.703011
7127.10010 0.705124
7127.79004 0.707215
7128.49023 0.709328
7129.18018 0.711442
7129.87988 0.713544
7130.56982 0.714858
7131.27002 0.715999
7131.95996 0.717133
7132.66016 0.718274
7133.35010 0.719403
7134.04980 0.720544
7134.74023 0.721684
7135.43994 0.722824
7136.14014 0.723964
7136.83008 0.725106
7137.52002 0.726233
7138.22021 0.727373
7138.91016 0.728507
7139.60986 0.729648
7140.31006 0.731323
7141.00000 0.733653
7141.70020 0.735992
7142.39990 0.738333
7143.08984 0.740649
7143.79004 0.742989
7144.49023 0.745331
7145.18994 0.747672
7145.87988 0.750013
7146.56982 0.752327
7147.27002 0.754668
7147.97021 0.757008
7148.66016 0.759335
7149.35986 0.761676
7150.06006 0.763843
7150.75977 0.764238
7151.45996 0.764634
7152.14990 0.765025
7152.85010 0.765422
7153.54004 0.765818
7154.24023 0.766213
7154.93994 0.766608
7155.62988 0.766998
7156.33008 0.767393
7157.02979 0.76779
7157.72998 0.768182
7158.43018 0.768577
7159.12988 0.768973
7159.81982 0.769366
7160.52002 0.770366
7161.20996 0.771558
7161.91016 0.772765
7162.60986 0.77397
7163.31006 0.775176
7164.00977 0.776379
7164.70996 0.777584
7165.41016 0.778777
7166.10986 0.779982
7166.79980 0.78118
7167.50000 0.782385
7168.20020 0.783589
7168.89990 0.784788
7169.60010 0.785991
7170.29004 0.787471
7170.99023 0.789365
7171.68994 0.791256
7172.39990 0.79315
7173.10010 0.795044
7173.79980 0.796936
7174.49023 0.798808
7175.18994 0.800701
7175.89014 0.802582
7176.58984 0.804476
7177.29004 0.80637
7177.99023 0.808252
7178.68994 0.810145
7179.39014 0.812036
7180.08984 0.813817
7180.79004 0.814969
7181.49023 0.81612
7182.18994 0.817272
7182.89014 0.818423
7183.58984 0.819562
7184.29004 0.820715
7184.99023 0.821867
7185.68994 0.823014
7186.39014 0.824169
7187.08984 0.825317
7187.79004 0.826471
7188.49023 0.827626
7189.18994 0.828769
7189.89014 0.829924
7190.58984 0.831889
7191.29980 0.834002
7192.00000 0.836114
7192.68994 0.838203
7193.39990 0.840314
7194.10010 0.842425
7194.79980 0.844524
7195.50000 0.846637
7196.20996 0.84875
7196.89990 0.85085
7197.60986 0.85296
7198.29980 0.855048
7199.00977 0.857157
7199.70996 0.859269
7200.41016 0.860561
7201.12012 0.861281
7201.81982 0.862
7202.52002 0.862711
7203.22021 0.863431
7203.91992 0.864146
7204.62012 0.864863
7205.33008 0.865582
7206.02979 0.866299
7206.72998 0.867018
7207.43994 0.867735
7208.14014 0.868445
7208.83984 0.869164
7209.54004 0.869882
7210.25000 0.870691
7210.95020 0.871666
7211.64990 0.872631
7212.35010 0.873608
7213.06006 0.874584
7213.75977 0.875553
7214.47021 0.876529
7215.16992 0.8775
7215.87012 0.878476
7216.58008 0.879451
7217.27002 0.880415
7217.97998 0.881392
7218.68018 0.882366
7219.39014 0.883341
7220.10010 0.884283
7220.79004 0.884999
7221.50000 0.88572
7222.20020 0.886441
7222.91016 0.887161
7223.60986 0.887883
7224.31982 0.888605
7225.02002 0.889323
7225.72998 0.890045
7226.41992 0.890759
7227.12988 0.89148
7227.83984 0.892203
7228.54004 0.892923
7229.25000 0.893643
7229.95020 0.894357
7230.64990 0.895802
7231.35986 0.897305
7232.06006 0.898799
7232.77002 0.900301
7233.47998 0.901803
7234.18018 0.903295
7234.89014 0.904798
7235.58984 0.906284
7236.29004 0.907786
7237.00000 0.909286
7237.70996 0.910789
7238.41016 0.912291
7239.12012 0.913792
7239.81982 0.915276
7240.52979 0.915747
7241.22998 0.91587
7241.93994 0.915994
7242.64990 0.916117
7243.35010 0.916239
7244.06006 0.916362
7244.77002 0.916485
7245.47021 0.916605
7246.18018 0.916727
7246.87988 0.916851
7247.58984 0.916975
7248.29980 0.917098
7249.00000 0.917218
7249.70996 0.917342
7250.41992 0.91867
7251.12012 0.920825
7251.83008 0.922992
7252.52979 0.925147
7253.24023 0.927315
7253.95020 0.929481
7254.64990 0.931624
7255.35986 0.933791
7256.06982 0.935957
7256.77979 0.938124
7257.49023 0.94029
7258.18994 0.942432
7258.89990 0.944599
7259.60986 0.946764
7260.31006 0.947747
7261.02002 0.947282
7261.72998 0.946817
7262.43994 0.946354
7263.14990 0.945889
7263.85010 0.94543
7264.56006 0.944965
7265.27002 0.9445
7265.97998 0.944036
7266.68994 0.943571
7267.39990 0.943108
7268.10010 0.942646
7268.81006 0.942181
7269.52002 0.941719
7270.22998 0.941425
7270.93994 0.94149
7271.64990 0.941553
7272.35986 0.941618
7273.06982 0.941682
7273.77002 0.941745
7274.47998 0.94181
7275.18994 0.941874
7275.89990 0.941936
7276.60986 0.942001
7277.31982 0.942064
7278.02979 0.942127
7278.74023 0.942192
7279.45020 0.942256
7280.16016 0.94237
7280.87012 0.94265
7281.58008 0.942931
7282.29004 0.943213
7282.99023 0.943492
7283.70996 0.943774
7284.41992 0.944056
7285.12988 0.944339
7285.83984 0.944621
7286.54980 0.9449
7287.25977 0.945182
7287.97021 0.945463
7288.68018 0.945743
7289.39014 0.946025
7290.10010 0.946285
7290.81006 0.946411
7291.52002 0.946537
7292.22998 0.946662
7292.93994 0.946788
7293.64990 0.946915
7294.35986 0.947042
7295.08008 0.947168
7295.79004 0.947293
7296.50000 0.947419
7297.20996 0.947546
7297.91992 0.947671
7298.62988 0.947798
7299.35010 0.947924
7300.04980 0.948021
7300.77002 0.947777
7301.47021 0.947535
7302.18994 0.94729
7302.89990 0.947047
7303.60986 0.946803
7304.33008 0.94656
7305.04004 0.946316
7305.75000 0.946076
7306.45996 0.945831
7307.16992 0.945587
7307.89014 0.945342
7308.60010 0.945099
7309.31006 0.944858
7310.02002 0.944653
7310.74023 0.945603
7311.43994 0.946546
7312.16016 0.947499
7312.87012 0.948451
7313.58984 0.949402
7314.29980 0.950353
7315.00977 0.951294
7315.72998 0.952245
7316.43994 0.953197
7317.14990 0.954143
7317.85986 0.955092
7318.58008 0.956038
7319.29004 0.956988
7320.00977 0.957924
7320.70996 0.957091
7321.43018 0.956249
7322.14990 0.955408
7322.85986 0.954566
7323.58008 0.953724
7324.27979 0.952892
7325.00000 0.95205
7325.72021 0.951208
7326.43018 0.950372
7327.14014 0.949531
7327.85986 0.948688
7328.56982 0.947854
7329.29004 0.947014
7330.00000 0.946181
7330.70996 0.947516
7331.43018 0.948866
7332.14990 0.950216
7332.85986 0.951564
7333.58008 0.952915
7334.29004 0.954251
7335.00000 0.955599
7335.72021 0.956941
7336.43018 0.95829
7337.14990 0.95964
7337.85986 0.96098
7338.58008 0.962329
7339.29980 0.963677
7340.00977 0.964995
7340.72021 0.964596
7341.43994 0.964197
7342.16016 0.963799
7342.87988 0.963399
7343.58984 0.963003
7344.29980 0.962604
7345.02002 0.962206
7345.72998 0.961809
7346.45020 0.96141
7347.16992 0.961013
7347.87988 0.960614
7348.60010 0.960217
7349.31006 0.959823
7350.02979 0.959426
7350.75000 0.95911
