threeML/data/optical_filters/HST/ACS_HRC-F475W.ecsv
# %ECSV 0.9
# ---
# datatype:
# - {name: wavelength, unit: Angstrom, datatype: float32}
# - {name: response, datatype: float32}
# meta: !!omap
# - {band_name: F475W}
# - {group_name: ACS_HRC}
wavelength response
[from data line 794]
4190.02979 0.494754
4190.49023 0.495262
4190.95020 0.495772
4191.41016 0.496284
4191.87012 0.496793
4192.33008 0.497306
4192.79004 0.497819
4193.25000 0.498329
4193.70996 0.498841
4194.16992 0.499354
4194.62988 0.499868
4195.08984 0.500377
4195.54980 0.500891
4196.00977 0.501405
4196.47021 0.50192
4196.91992 0.502429
4197.37988 0.502943
4197.85010 0.503461
4198.31006 0.503977
4198.77002 0.50449
4199.22998 0.505004
4199.68994 0.505521
4200.14990 0.505985
4200.60986 0.506337
4201.06982 0.506691
4201.52979 0.507044
4201.99023 0.507395
4202.45020 0.507749
4202.91016 0.508101
4203.37012 0.508455
4203.83008 0.508807
4204.29004 0.509161
4204.75000 0.509514
4205.20996 0.509866
4205.66992 0.510219
4206.12988 0.510575
4206.60010 0.510932
4207.06006 0.511284
4207.52002 0.511639
4207.97998 0.511995
4208.43994 0.51235
4208.89990 0.512704
4209.35986 0.51306
4209.81982 0.513417
4210.29004 0.514041
4210.75000 0.514827
4211.20996 0.515615
4211.66992 0.5164
4212.12988 0.51719
4212.58984 0.517977
4213.06006 0.518769
4213.52002 0.519556
4213.97998 0.520345
4214.43994 0.521138
4214.89990 0.521935
4215.35986 0.522725
4215.81982 0.523515
4216.29004 0.52431
4216.75000 0.525105
4217.20996 0.5259
4217.66992 0.526691
4218.14014 0.527488
4218.60010 0.528285
4219.06006 0.529079
4219.52002 0.529874
4219.97998 0.530674
4220.45020 0.531112
4220.91016 0.531536
4221.37012 0.531964
4221.83008 0.53239
4222.29980 0.532818
4222.75977 0.533244
4223.22998 0.533675
4223.68994 0.534103
4224.14990 0.534529
4224.60986 0.534957
4225.06982 0.535388
4225.54004 0.535817
4226.00000 0.536244
4226.47021 0.536674
4226.93018 0.537104
4227.39014 0.537535
4227.85010 0.537963
4228.31982 0.538393
4228.77979 0.538825
4229.25000 0.539257
4229.70996 0.539685
4230.16992 0.540253
4230.62988 0.541053
4231.10010 0.541856
4231.56006 0.54266
4232.02979 0.54346
4232.49023 0.544265
4232.95020 0.545067
4233.41992 0.545874
4233.87988 0.546677
4234.35010 0.547483
4234.81006 0.54829
4235.27002 0.549097
4235.74023 0.549905
4236.20020 0.550705
4236.66992 0.551515
4237.12988 0.552325
4237.60010 0.553135
4238.06006 0.553939
4238.52002 0.55475
4238.99023 0.555561
4239.45020 0.556373
4239.91992 0.557186
4240.37988 0.557719
4240.85010 0.558191
4241.31006 0.558665
4241.77979 0.559137
4242.24023 0.559611
4242.70996 0.560085
4243.16992 0.560557
4243.64014 0.561033
4244.10010 0.561509
4244.56982 0.561982
4245.02979 0.562454
4245.50000 0.562931
4245.95996 0.563408
4246.43018 0.563882
4246.89014 0.564359
4247.35986 0.564833
4247.81982 0.56531
4248.29004 0.565788
4248.75000 0.566264
4249.22021 0.566742
4249.68994 0.567221
4250.14990 0.567765
4250.62012 0.568453
4251.08008 0.569143
4251.54980 0.569837
4252.02002 0.570525
4252.47998 0.571218
4252.95020 0.571909
4253.41016 0.572599
4253.87988 0.573287
4254.35010 0.573981
4254.81006 0.574674
4255.27979 0.575369
4255.74023 0.576057
4256.20996 0.576753
4256.68018 0.577451
4257.14990 0.578144
4257.60986 0.578836
4258.08008 0.579534
4258.54980 0.58023
4259.00977 0.580924
4259.47998 0.581622
4259.95020 0.58232
4260.41016 0.582616
4260.87988 0.58286
4261.33984 0.583104
4261.81006 0.58335
4262.27979 0.583595
4262.75000 0.583841
4263.20996 0.584086
4263.68018 0.584331
4264.14990 0.584574
4264.60986 0.58482
4265.08008 0.585067
4265.54980 0.585313
4266.02002 0.585557
4266.47998 0.585802
4266.95020 0.586048
4267.41992 0.586294
4267.89014 0.586538
4268.35986 0.586785
4268.81982 0.587032
4269.29004 0.587277
4269.75977 0.587524
4270.22998 0.587936
4270.70020 0.588527
4271.16016 0.589116
4271.62988 0.589708
4272.10010 0.590301
4272.56982 0.59089
4273.02979 0.59148
4273.50000 0.592073
4273.97021 0.592667
4274.43994 0.593258
4274.91016 0.593852
4275.37988 0.594447
4275.85010 0.595039
4276.31006 0.595634
4276.77979 0.596229
4277.25000 0.596825
4277.72021 0.597421
4278.18994 0.598011
4278.66016 0.598607
4279.12988 0.599204
4279.60010 0.599803
4280.06006 0.600353
4280.52979 0.600643
4281.00000 0.600933
4281.47021 0.601223
4281.93994 0.601516
4282.41016 0.601808
4282.87988 0.602098
4283.35010 0.602386
4283.81982 0.602677
4284.29004 0.602969
4284.75977 0.60326
4285.22998 0.603551
4285.70020 0.603842
4286.16992 0.604132
4286.64014 0.604425
4287.10986 0.604718
4287.58008 0.605008
4288.04980 0.6053
4288.52002 0.605591
4288.99023 0.605884
4289.45996 0.606176
4289.93018 0.606469
4290.39990 0.606936
4290.87012 0.607439
4291.33984 0.607942
4291.81006 0.608445
4292.27979 0.608946
4292.75000 0.609447
4293.22021 0.609951
4293.68994 0.610455
4294.16016 0.61096
4294.62988 0.611465
4295.10010 0.611971
4295.56982 0.612471
4296.04004 0.612976
4296.50977 0.613482
4296.99023 0.613989
4297.45020 0.614491
4297.93018 0.614998
4298.39990 0.615503
4298.87012 0.61601
4299.33984 0.616517
4299.81006 0.617022
4300.27979 0.617316
4300.75000 0.617464
4301.22998 0.617614
4301.70020 0.617765
4302.16992 0.617916
4302.64014 0.618064
4303.10986 0.618214
4303.58008 0.618364
4304.04980 0.618514
4304.52002 0.618663
4305.00000 0.618813
4305.47021 0.618961
4305.93994 0.619111
4306.41016 0.61926
4306.87988 0.61941
4307.35986 0.61956
4307.83008 0.619709
4308.29980 0.619859
4308.77002 0.62001
4309.25000 0.62016
4309.72021 0.620309
4310.18994 0.620572
4310.66016 0.621009
4311.14014 0.621442
4311.60986 0.621877
4312.08008 0.622312
4312.54980 0.622745
4313.02002 0.623178
4313.50000 0.623614
4313.97021 0.624051
4314.43994 0.624487
4314.91016 0.62492
4315.39014 0.625356
4315.85986 0.625793
4316.33984 0.62623
4316.81006 0.626665
4317.27979 0.627103
4317.75000 0.627541
4318.22998 0.627977
4318.70020 0.628416
4319.18018 0.628854
4319.64990 0.629293
4320.12012 0.629667
4320.58984 0.629853
4321.06982 0.630041
4321.54004 0.630229
4322.00977 0.630417
4322.49023 0.630604
4322.95996 0.630791
4323.43994 0.630979
4323.91016 0.631166
4324.37988 0.631354
4324.85986 0.631544
4325.33008 0.63173
4325.81006 0.631918
4326.27979 0.632107
4326.75977 0.632296
4327.22998 0.632483
4327.70020 0.632672
4328.18018 0.632861
4328.64990 0.633049
4329.12988 0.633238
4329.60010 0.633425
4330.06982 0.633641
4330.54980 0.634002
4331.02002 0.634365
4331.50000 0.634729
4331.97021 0.635091
4332.43994 0.635454
4332.91992 0.635819
4333.39990 0.636183
4333.87012 0.636548
4334.35010 0.636911
4334.81982 0.637277
4335.29980 0.63764
4335.77002 0.638005
4336.24023 0.638369
4336.72021 0.638737
4337.20020 0.639102
4337.66992 0.639465
4338.14990 0.639831
4338.62012 0.640197
4339.10010 0.640563
4339.56982 0.640926
4340.04980 0.641274
4340.52002 0.64146
4341.00000 0.641645
4341.47998 0.641831
4341.95020 0.642019
4342.43018 0.642204
4342.89990 0.64239
4343.37988 0.642576
4343.85986 0.642762
4344.33008 0.642948
4344.81006 0.643134
4345.29004 0.643321
4345.75977 0.643508
4346.24023 0.643694
4346.70996 0.64388
4347.18994 0.644066
4347.66992 0.644253
4348.14014 0.644439
4348.62012 0.644624
4349.10010 0.644811
4349.56982 0.644998
4350.04980 0.645209
4350.52002 0.645619
4351.00000 0.646031
4351.47998 0.646445
4351.95996 0.646857
4352.43018 0.647267
4352.91016 0.647681
4353.39014 0.648094
4353.87012 0.648508
4354.33984 0.648923
4354.81982 0.649337
4355.29980 0.649747
4355.77002 0.650162
4356.25000 0.650577
4356.72998 0.650993
4357.20020 0.651405
4357.68018 0.651821
4358.16016 0.652235
4358.64014 0.65265
4359.12012 0.653066
4359.58984 0.653481
4360.06982 0.653881
4360.54980 0.654189
4361.02979 0.654494
4361.50000 0.654802
4361.97998 0.655111
4362.45996 0.655419
4362.93994 0.655727
4363.41992 0.656034
4363.89990 0.656343
4364.37012 0.656651
4364.85010 0.65696
4365.33008 0.65727
4365.81006 0.657577
4366.29004 0.657885
4366.77002 0.658195
4367.24023 0.658505
4367.72021 0.658815
4368.20020 0.659125
4368.68018 0.659435
4369.16016 0.659745
4369.64014 0.660053
4370.12012 0.66036
4370.60010 0.660666
4371.08008 0.660974
4371.56006 0.661277
4372.02979 0.661581
4372.50977 0.661886
4372.99023 0.662193
4373.47021 0.662497
4373.95020 0.662802
4374.43018 0.663107
4374.91016 0.663413
4375.39014 0.663719
4375.87012 0.664026
4376.35010 0.664332
4376.83008 0.664637
4377.31006 0.664943
4377.79004 0.665251
4378.27002 0.665558
4378.74023 0.665862
4379.22998 0.66617
4379.70996 0.666479
4380.18994 0.66677
4380.66016 0.667034
4381.14990 0.6673
4381.62988 0.667566
4382.10986 0.667832
4382.58984 0.668098
4383.06982 0.668364
4383.54980 0.668629
4384.02979 0.668894
4384.50977 0.669161
4384.99023 0.669428
4385.47021 0.669694
4385.95020 0.66996
4386.43018 0.670227
4386.91016 0.670495
4387.39014 0.670761
4387.87012 0.671029
4388.35010 0.671297
4388.83984 0.671564
4389.31006 0.671829
4389.79980 0.672097
4390.27979 0.672259
4390.75977 0.672344
4391.24023 0.672429
4391.72021 0.672513
4392.20020 0.672599
4392.68994 0.672684
4393.16016 0.672769
4393.64990 0.672853
4394.12988 0.672938
4394.60986 0.673022
4395.08984 0.673108
4395.56982 0.673192
4396.06006 0.673276
4396.52979 0.67336
4397.02002 0.673446
4397.50000 0.673531
4397.97998 0.673615
4398.45996 0.673698
4398.95020 0.673782
4399.43018 0.673866
4399.91016 0.67395
4400.39014 0.673959
4400.87012 0.673951
4401.35986 0.673941
4401.83984 0.673931
4402.31982 0.673922
4402.81006 0.673913
4403.29004 0.673904
4403.77002 0.673894
4404.25000 0.673884
4404.72998 0.673874
4405.22021 0.673863
4405.70020 0.673853
4406.18994 0.673843
4406.66992 0.673832
4407.14990 0.673821
4407.62988 0.67381
4408.12012 0.673798
4408.60010 0.673789
4409.08008 0.673779
4409.56006 0.673767
4410.04980 0.673779
4410.52979 0.674002
4411.00977 0.674223
4411.50000 0.674446
4411.97998 0.674669
4412.45996 0.674892
4412.95020 0.675116
4413.43018 0.675338
4413.91992 0.67556
4414.39990 0.675784
4414.89014 0.676008
4415.37012 0.676231
4415.85010 0.676454
4416.33008 0.676676
4416.81982 0.676899
4417.31006 0.677123
4417.79004 0.677345
4418.27002 0.677567
4418.75977 0.677791
4419.24023 0.678015
4419.72998 0.678239
4420.20996 0.678396
4420.68994 0.678462
4421.18018 0.67853
4421.66016 0.678597
4422.14990 0.678664
4422.62988 0.678732
4423.12012 0.678799
4423.60010 0.678866
4424.08984 0.678933
4424.56982 0.678999
4425.04980 0.679066
4425.54004 0.679133
4426.02002 0.6792
4426.50977 0.679267
4426.99023 0.679333
4427.47998 0.6794
4427.97021 0.679466
4428.45020 0.679532
4428.93994 0.679599
4429.41992 0.679666
4429.91016 0.679732
4430.39990 0.680036
4430.87988 0.680393
4431.35986 0.680755
4431.85010 0.681118
4432.33984 0.681477
4432.81982 0.681837
4433.31006 0.682196
4433.79004 0.682557
4434.27979 0.682917
4434.77002 0.683277
4435.25000 0.683637
4435.74023 0.683998
4436.22021 0.684358
4436.70996 0.68472
4437.18994 0.685083
4437.68018 0.685444
4438.16992 0.685806
4438.64990 0.686168
4439.14014 0.686528
4439.62012 0.68689
4440.10986 0.68723
4440.60010 0.687491
4441.08984 0.687753
4441.56982 0.688012
4442.06006 0.688274
4442.54980 0.688534
4443.04004 0.688795
4443.52002 0.689054
4444.00977 0.689316
4444.49023 0.689577
4444.97998 0.689839
4445.47021 0.690099
4445.95020 0.690359
4446.43994 0.690623
4446.93018 0.690883
4447.41992 0.691145
4447.91016 0.691408
4448.39014 0.691669
4448.87988 0.69193
4449.37012 0.692193
4449.85986 0.692457
4450.35010 0.692865
4450.83008 0.693335
4451.31982 0.693806
4451.81006 0.694277
4452.29004 0.694747
4452.77979 0.695218
4453.27002 0.69569
4453.75977 0.696161
4454.25000 0.696631
4454.72998 0.697105
4455.22021 0.697579
4455.70996 0.698053
4456.20020 0.698525
4456.68994 0.698996
4457.18018 0.69947
4457.66016 0.699942
4458.14990 0.700416
4458.64014 0.700893
4459.12988 0.70137
4459.62012 0.701842
4460.10986 0.702302
4460.60010 0.702701
4461.08984 0.703101
4461.56982 0.703498
4462.06006 0.703899
4462.54980 0.704301
4463.04004 0.704702
4463.52979 0.7051
4464.02002 0.705503
4464.50977 0.705904
4465.00000 0.706304
4465.49023 0.706707
4465.97998 0.70711
4466.47021 0.707511
4466.95020 0.707912
4467.43994 0.708315
4467.93994 0.708718
4468.43018 0.709122
4468.91016 0.709523
4469.39990 0.709927
4469.89014 0.71033
4470.37988 0.710795
4470.87012 0.711276
4471.35986 0.71176
4471.85010 0.712244
4472.33984 0.712729
4472.83008 0.713214
4473.31982 0.7137
4473.81982 0.714186
4474.29980 0.714667
4474.79004 0.715153
4475.27979 0.71564
4475.77979 0.716128
4476.27002 0.716615
4476.75977 0.717102
4477.25000 0.717586
4477.74023 0.718071
4478.22998 0.718559
4478.72021 0.719047
4479.20996 0.719535
4479.70020 0.720019
4480.18994 0.720494
4480.68018 0.720946
4481.18018 0.721398
4481.66992 0.721847
4482.16016 0.722299
4482.64990 0.722752
4483.14014 0.723202
4483.62988 0.723655
4484.12012 0.724106
4484.60986 0.724561
4485.10010 0.725013
4485.60010 0.725467
4486.08984 0.725921
4486.58008 0.726376
4487.06982 0.726827
4487.56006 0.727279
4488.06006 0.727734
4488.54980 0.728189
4489.04004 0.728642
4489.52979 0.729095
4490.02002 0.729549
4490.50977 0.729986
4491.00977 0.730423
4491.50000 0.730862
4491.99023 0.731302
4492.47998 0.731734
4492.97998 0.732171
4493.47021 0.732609
4493.95996 0.733048
4494.45020 0.733487
4494.95020 0.733924
4495.43994 0.734363
4495.93018 0.7348
4496.43018 0.73524
4496.91992 0.735679
4497.41016 0.736117
4497.89990 0.736554
4498.39990 0.736995
4498.89014 0.737436
4499.37988 0.737877
4499.87988 0.738316
4500.37012 0.738654
4500.85986 0.738954
4501.35010 0.739256
4501.85010 0.739557
4502.33984 0.739859
4502.83984 0.740163
4503.33008 0.740462
4503.81982 0.740765
4504.31982 0.741068
4504.81006 0.741371
4505.29980 0.741671
4505.79980 0.741975
4506.29004 0.742278
4506.77979 0.742581
4507.27002 0.742881
4507.77002 0.743185
4508.27002 0.743491
4508.75977 0.743794
4509.25000 0.744098
4509.75000 0.744402
4510.24023 0.744735
4510.72998 0.745093
4511.22998 0.745455
4511.72998 0.745817
4512.22021 0.74618
4512.70996 0.74654
4513.20996 0.746903
4513.70020 0.747266
4514.20020 0.747628
4514.68994 0.747991
4515.18994 0.748353
4515.68018 0.748715
4516.18018 0.749076
4516.66992 0.749441
4517.16992 0.749805
4517.66016 0.750169
4518.16016 0.750531
4518.64990 0.750893
4519.14990 0.751258
4519.64014 0.751622
4520.14014 0.751927
4520.64014 0.752084
4521.12988 0.752241
4521.62012 0.752397
4522.12012 0.752554
4522.62012 0.752712
4523.10986 0.752868
4523.60010 0.753023
4524.10010 0.753179
4524.60010 0.753336
4525.10010 0.753493
4525.58984 0.753649
4526.08008 0.753806
4526.58008 0.753964
4527.08008 0.754121
4527.56982 0.754277
4528.06982 0.754435
4528.56982 0.75459
4529.06006 0.754747
4529.56006 0.754904
4530.06006 0.755062
4530.54980 0.755222
4531.04980 0.755382
4531.54980 0.755544
4532.04004 0.755705
4532.54004 0.755866
4533.02979 0.756026
4533.52979 0.756188
4534.02979 0.756349
4534.52002 0.75651
4535.02002 0.756671
4535.52002 0.756832
4536.02002 0.756992
4536.50977 0.757153
4537.00977 0.757315
4537.50977 0.757476
4538.00977 0.757638
4538.50977 0.7578
4539.00000 0.757963
4539.50000 0.758123
4540.00000 0.758284
4540.49023 0.758407
4540.99023 0.758531
4541.49023 0.758654
4541.99023 0.758777
4542.47998 0.7589
4542.97998 0.759024
4543.47998 0.759148
4543.97998 0.759271
4544.47998 0.759396
4544.97998 0.75952
4545.47021 0.759643
4545.97021 0.759765
4546.47021 0.759889
4546.97021 0.760012
4547.47021 0.760137
4547.95996 0.760261
4548.45996 0.760384
4548.95996 0.760507
4549.45996 0.76063
4549.95996 0.760753
4550.45020 0.760749
4550.95020 0.760733
4551.45020 0.760715
4551.95020 0.760696
4552.45020 0.760679
4552.95020 0.760662
4553.45020 0.760644
4553.95020 0.760626
4554.45020 0.760608
4554.93994 0.760591
4555.43994 0.760573
4555.93994 0.760556
4556.43994 0.760536
4556.93994 0.760516
4557.43994 0.760498
4557.93994 0.76048
4558.43994 0.760462
4558.93994 0.760446
4559.43994 0.760425
4559.93994 0.760405
4560.43994 0.760471
4560.93994 0.760548
4561.43994 0.760626
4561.93994 0.760703
4562.43994 0.760779
4562.93994 0.760855
4563.43994 0.760932
4563.93994 0.761009
4564.43994 0.761085
4564.93994 0.76116
4565.43994 0.761237
4565.93994 0.761315
4566.43994 0.761392
4566.93994 0.76147
4567.43994 0.761546
4567.93994 0.761621
4568.43994 0.761697
4568.93994 0.761774
4569.43994 0.761849
4569.93994 0.761925
4570.43994 0.761881
4570.93994 0.761823
4571.45020 0.761765
4571.95020 0.761706
4572.45020 0.761647
4572.95020 0.761588
4573.45020 0.761529
4573.95020 0.76147
4574.45020 0.761411
4574.95996 0.761352
