threeML/data/optical_filters/HST/ACS_SBC-F125LP.ecsv
# %ECSV 0.9
# ---
# datatype:
# - {name: wavelength, unit: Angstrom, datatype: float32}
# - {name: response, datatype: float32}
# meta: !!omap
# - {band_name: F125LP}
# - {group_name: ACS_SBC}
wavelength response
[from data line 2405]
1912.78003 0.0692762
1913.14001 0.0689968
1913.50000 0.0687189
1913.85999 0.0684405
1914.21997 0.0681591
1914.57996 0.0678768
1914.93994 0.0675941
1915.30005 0.0673136
1915.66003 0.0670324
1916.02002 0.0667513
1916.38000 0.066467
1916.73999 0.0661822
1917.10999 0.0658963
1917.46997 0.0656106
1917.82996 0.0653246
1918.18994 0.065039
1918.55005 0.0647553
1918.91003 0.064471
1919.27002 0.0641841
1919.64001 0.0638951
1920.00000 0.0636066
1920.35999 0.0633215
1920.71997 0.0630345
1921.07996 0.0627471
1921.43994 0.0624569
1921.81006 0.0621655
1922.17004 0.0618751
1922.53003 0.0615876
1922.89001 0.0612988
1923.26001 0.0610066
1923.62000 0.0607138
1923.97998 0.0604207
1924.33997 0.06013
1924.70996 0.0598383
1925.06995 0.0595493
1925.43005 0.05927
1925.80005 0.0589894
1926.16003 0.0587094
1926.52002 0.0584288
1926.88000 0.0581478
1927.25000 0.0578685
1927.60999 0.0575899
1927.96997 0.0573109
1928.33997 0.0570277
1928.69995 0.0567438
1929.06006 0.056461
1929.43005 0.0561803
1929.79004 0.0558992
1930.15002 0.0556163
1930.52002 0.0553312
1930.88000 0.0550442
1931.25000 0.0547583
1931.60999 0.0544729
1931.96997 0.0541862
1932.33997 0.0539011
1932.69995 0.0536168
1933.06995 0.0533314
1933.43005 0.0530422
1933.80005 0.0527534
1934.16003 0.0524656
1934.52002 0.05218
1934.89001 0.0518923
1935.25000 0.051602
1935.62000 0.0513111
1935.97998 0.0510198
1936.34998 0.0507302
1936.70996 0.0504422
1937.07996 0.0501513
1937.43994 0.0498574
1937.81006 0.049564
1938.17004 0.0492702
1938.54004 0.0489751
1938.90002 0.0486813
1939.27002 0.0483886
1939.63000 0.0480963
1940.00000 0.0478027
1940.37000 0.0475063
1940.72998 0.0472095
1941.09998 0.0469124
1941.45996 0.046618
1941.82996 0.0463231
1942.18994 0.0460253
1942.56006 0.0457273
1942.93005 0.0454271
1943.29004 0.0451299
1943.66003 0.0448329
1944.03003 0.0445345
1944.39001 0.0442334
1944.76001 0.0439319
1945.12000 0.0436292
1945.48999 0.0433268
1945.85999 0.0430249
1946.21997 0.0427237
1946.58997 0.0424224
1946.95996 0.0421216
1947.31995 0.0418175
1947.68994 0.0415117
1948.06006 0.0412068
1948.43005 0.0409043
1948.79004 0.0406013
1949.16003 0.0402971
1949.53003 0.0399932
1949.90002 0.0396881
1950.26001 0.0393885
1950.63000 0.0390885
1951.00000 0.038789
1951.37000 0.0384922
1951.72998 0.0381943
1952.09998 0.0378967
1952.46997 0.0375988
1952.83997 0.0372996
1953.19995 0.0370016
1953.56995 0.0367025
1953.93994 0.0364029
1954.31006 0.036102
1954.68005 0.0358016
1955.05005 0.0355008
1955.41003 0.0351987
1955.78003 0.0348971
1956.15002 0.0345949
1956.52002 0.0342916
1956.89001 0.0339878
1957.26001 0.0336844
1957.63000 0.0333816
1958.00000 0.0330765
1958.35999 0.0327719
1958.72998 0.0324669
1959.09998 0.0321606
1959.46997 0.0318505
1959.83997 0.0315409
1960.20996 0.0312327
1960.57996 0.0309265
1960.94995 0.0306181
1961.31995 0.030309
1961.68994 0.0299992
1962.06006 0.0296882
1962.43005 0.0293767
1962.80005 0.0290668
1963.17004 0.0287545
1963.54004 0.0284418
1963.91003 0.0281297
1964.28003 0.0278172
1964.65002 0.0275043
1965.02002 0.027191
1965.39001 0.0268774
1965.76001 0.0265633
1966.13000 0.0262478
1966.50000 0.0259329
1966.87000 0.0256177
1967.23999 0.025301
1967.60999 0.0249858
1967.97998 0.0246693
1968.34998 0.0243515
1968.71997 0.0240343
1969.09998 0.0237157
1969.46997 0.0233975
1969.83997 0.0230791
1970.20996 0.0227592
1970.57996 0.0224398
1970.94995 0.0221201
1971.31995 0.0217962
1971.68994 0.0214722
1972.06995 0.0211494
1972.43994 0.0208281
1972.81006 0.0205055
1973.18005 0.0201824
1973.55005 0.0198607
1973.92004 0.0195369
1974.30005 0.019219
1974.67004 0.0189022
1975.04004 0.0185908
1975.41003 0.0183283
1975.79004 0.0180647
1976.16003 0.0178022
1976.53003 0.0175421
1976.90002 0.0172817
1977.28003 0.017021
1977.65002 0.0167599
1978.02002 0.016498
1978.39001 0.016239
1978.77002 0.0159811
1979.14001 0.0157202
1979.51001 0.0154582
1979.88000 0.0151945
1980.26001 0.0149319
1980.63000 0.0146674
1981.00000 0.0144035
1981.38000 0.0141426
1981.75000 0.0138806
1982.12000 0.013618
1982.50000 0.0133526
1982.87000 0.0130862
1983.23999 0.0128225
1983.62000 0.012559
1983.98999 0.0122958
1984.37000 0.0120297
1984.73999 0.0117615
1985.12000 0.0114932
1985.48999 0.0112259
1985.85999 0.0109568
1986.23999 0.0106904
1986.60999 0.0104249
1986.97998 0.01016
1987.35999 0.00988962
1987.72998 0.00961963
1988.10999 0.00934977
1988.47998 0.00907974
1988.85999 0.00881014
1989.22998 0.00854026
1989.60999 0.0082692
1989.97998 0.00799866
1990.35999 0.00772741
1990.72998 0.00745506
1991.10999 0.00718403
1991.47998 0.00691129
1991.85999 0.00663826
1992.22998 0.00636645
1992.60999 0.00609268
1992.97998 0.00581942
1993.35999 0.00554587
1993.73999 0.00527115
1994.10999 0.00499755
1994.48999 0.0047218
1994.85999 0.0044473
1995.23999 0.00417103
1995.62000 0.0038946
1995.98999 0.00361789
1996.37000 0.00334232
1996.73999 0.00306576
1997.12000 0.00278678
2196.83203 0.0
