threeML/data/optical_filters/HST/ACS_HRC-F555W.ecsv
# %ECSV 0.9
# ---
# datatype:
# - {name: wavelength, unit: Angstrom, datatype: float32}
# - {name: response, datatype: float32}
# meta: !!omap
# - {band_name: F555W}
# - {group_name: ACS_HRC}
wavelength response
4105.69189 0.0
4561.87988 0.00335196
4562.37988 0.00348242
4562.87988 0.00361308
4563.39014 0.0037437
4563.89014 0.00387502
4564.39990 0.00400589
4564.89990 0.00413672
4565.39990 0.00426775
4565.91016 0.00439885
4566.41016 0.0045299
4566.91992 0.00466191
4567.41992 0.00479323
4567.91992 0.00492398
4568.43018 0.00505607
4568.93994 0.00518837
4569.43994 0.00531997
4569.93994 0.00545113
4570.45020 0.00558364
4570.95020 0.00571558
4571.45996 0.0058476
4571.95996 0.00598032
4572.47021 0.00611248
4572.97021 0.00624483
4573.47998 0.00637714
4573.97998 0.00651028
4574.49023 0.00664286
4574.99023 0.00677474
4575.50000 0.00690822
4576.00977 0.007041
4576.50977 0.00717386
4577.02002 0.0073068
4577.52002 0.00743982
4578.02979 0.00757368
4578.52979 0.00770695
4579.04004 0.00784094
4579.54004 0.00797359
4580.04980 0.00810809
4580.56006 0.00825292
4581.06006 0.0083963
4581.56982 0.00854113
4582.06982 0.00868536
4582.58008 0.0088305
4583.08984 0.00897503
4583.58984 0.00911879
4584.10010 0.00926417
4584.60010 0.00940892
4585.10986 0.00955388
4585.62012 0.00969948
4586.12012 0.00984377
4586.62988 0.00998897
4587.12988 0.0101341
4587.64014 0.0102802
4588.14990 0.0104263
4588.66016 0.0105711
4589.16016 0.0107174
4589.66992 0.0108631
4590.18018 0.011022
4590.68994 0.0112067
4591.18994 0.0113904
4591.70020 0.0115743
4592.20996 0.0117583
4592.70996 0.0119425
4593.22021 0.0121276
4593.72998 0.0123111
4594.24023 0.0124964
4594.74023 0.01268
4595.25000 0.0128657
4595.75977 0.0130495
4596.27002 0.0132354
4596.77002 0.0134203
4597.27979 0.0136054
4597.79004 0.0137916
4598.29980 0.0139772
4598.79980 0.0141626
4599.31006 0.014349
4599.81982 0.0145358
4600.33008 0.0147655
4600.83984 0.0150209
4601.35010 0.0152776
4601.85010 0.0155333
4602.35986 0.0157878
4602.87012 0.016045
4603.37988 0.016301
4603.89014 0.0165574
4604.39014 0.0168125
4604.89990 0.0170705
4605.41016 0.017327
4605.91992 0.0175839
4606.43018 0.0178422
4606.93994 0.0181007
4607.45020 0.0183568
4607.95020 0.0186144
4608.47021 0.0188746
4608.97021 0.0191313
4609.47998 0.0193892
4609.99023 0.0196486
4610.50000 0.0199717
4611.00977 0.0202942
4611.52002 0.0206199
4612.02979 0.0209443
4612.54004 0.0212692
4613.04004 0.0215924
4613.56006 0.0219192
4614.06006 0.0222442
4614.56982 0.0225697
4615.08984 0.022897
4615.60010 0.0232244
4616.10010 0.0235489
4616.60986 0.0238754
4617.12988 0.0242033
4617.64014 0.0245301
4618.14990 0.0248584
4618.66016 0.0251856
4619.16992 0.0255129
4619.68018 0.0258404
4620.18994 0.026205
4620.70020 0.0266338
4621.20996 0.0270628
4621.72021 0.0274924
4622.22998 0.0279218
4622.74023 0.0283539
4623.25000 0.0287817
4623.75977 0.0292147
4624.27002 0.029645
4624.77979 0.0300762
4625.29004 0.0305073
4625.79980 0.0309407
4626.31006 0.0313726
4626.83008 0.0318064
4627.33984 0.0322409
4627.85010 0.0326714
4628.35986 0.0331042
4628.87012 0.0335393
4629.37988 0.0339725
4629.89014 0.0344038
4630.39990 0.0349175
4630.91016 0.0354562
4631.43018 0.0359927
4631.93994 0.0365263
4632.45020 0.0370659
4632.95996 0.0376031
4633.47021 0.0381407
4633.97998 0.0386816
4634.50000 0.0392196
4635.00977 0.0397579
4635.52002 0.0402969
4636.04004 0.0408414
4636.54004 0.041378
4637.06006 0.0419178
4637.56982 0.0424605
4638.08008 0.0430008
4638.58984 0.043539
4639.10010 0.0440805
4639.62012 0.0446242
4640.12988 0.0452023
4640.64014 0.0458836
4641.14990 0.0465724
4641.66992 0.0472581
4642.18018 0.0479441
4642.68994 0.0486345
4643.20996 0.0493246
4643.72021 0.0500085
4644.22998 0.0506967
4644.74023 0.0513878
4645.25977 0.0520766
4645.77002 0.052769
4646.29004 0.0534585
4646.79980 0.0541483
4647.31006 0.0548384
4647.81982 0.0555296
4648.33984 0.0562204
4648.85010 0.0569123
4649.35986 0.0576038
4649.87988 0.0582996
4650.39014 0.0591126
4650.89990 0.0599592
4651.41992 0.0608141
4651.93018 0.0616654
4652.43994 0.062518
4652.95996 0.0633704
4653.47021 0.0642279
4653.99023 0.0650819
4654.50000 0.0659355
4655.02002 0.0667992
4655.52979 0.0676503
4656.04980 0.0685059
4656.56006 0.0693619
4657.06982 0.0702234
4657.58984 0.0710762
4658.10010 0.0719335
4658.62012 0.072796
4659.12988 0.0736549
4659.64014 0.0745103
4660.16016 0.0754166
4660.66992 0.0764135
4661.18994 0.077412
4661.70020 0.0784148
4662.22021 0.0794143
4662.72998 0.0804142
4663.25000 0.0814138
4663.77002 0.0824205
4664.27979 0.083422
4664.79980 0.0844242
4665.31006 0.0854269
4665.83008 0.0864357
4666.33984 0.0874345
4666.85010 0.0884386
4667.37012 0.0894491
4667.89014 0.0904553
4668.39990 0.091462
4668.91992 0.0924691
4669.43018 0.0934768
4669.95020 0.094486
4670.47021 0.095596
4670.97998 0.0967186
4671.50000 0.0978299
4672.00977 0.0989481
4672.52979 0.100072
4673.04980 0.101191
4673.56006 0.102311
4674.08008 0.103432
4674.60010 0.104559
4675.10986 0.105681
4675.62988 0.106803
4676.14014 0.107926
4676.66016 0.10905
4677.18018 0.110175
4677.68994 0.111305
4678.20996 0.112425
4678.72021 0.113551
4679.24023 0.114684
4679.75977 0.115811
4680.27002 0.117039
4680.79004 0.118352
4681.31006 0.119675
4681.83008 0.120991
4682.33984 0.122308
4682.85986 0.123625
4683.37988 0.124949
4683.89990 0.126269
4684.41016 0.127588
4684.93018 0.128916
4685.45020 0.130232
4685.97021 0.131554
4686.47998 0.132884
4687.00000 0.134208
4687.52002 0.135526
4688.02979 0.136852
4688.54980 0.138184
4689.06982 0.139512
4689.58984 0.140847
4690.10986 0.142282
4690.62988 0.144121
4691.14014 0.145961
4691.66016 0.14781
4692.18018 0.149653
4692.70020 0.151496
4693.22021 0.153341
4693.74023 0.155196
4694.25000 0.157033
4694.77002 0.158881
4695.29004 0.160739
4695.81006 0.162589
4696.33008 0.164441
4696.83984 0.166284
4697.35986 0.168146
4697.87988 0.170001
4698.39990 0.171858
4698.93018 0.173733
4699.43994 0.175582
4699.95996 0.177441
4700.47998 0.179006
4701.00000 0.180541
4701.52002 0.182074
4702.04004 0.183611
4702.56006 0.185154
4703.08008 0.18669
4703.60010 0.188228
4704.10986 0.189767
4704.62988 0.191307
4705.14990 0.192848
4705.66992 0.19439
4706.18994 0.195931
4706.70996 0.197475
4707.22998 0.19902
4707.75000 0.200573
4708.27002 0.20212
4708.79004 0.203666
4709.31006 0.205221
4709.83008 0.206771
4710.35010 0.208353
4710.87012 0.209953
4711.39990 0.211559
4711.91992 0.21316
4712.43994 0.214762
4712.95996 0.216373
4713.47998 0.217968
4714.00000 0.219574
4714.52002 0.221179
4715.04004 0.222794
4715.56006 0.224393
4716.08008 0.226002
4716.60010 0.22762
4717.12012 0.22923
4717.64014 0.230832
4718.16016 0.232461
4718.68994 0.234075
4719.20996 0.235689
4719.72998 0.237305
4720.25000 0.238973
4720.77002 0.240686
4721.29004 0.242399
4721.81006 0.244121
4722.33008 0.245828
4722.85010 0.247545
4723.37988 0.249262
4723.89990 0.250989
4724.41992 0.252708
4724.93994 0.25442
4725.45996 0.256149
4725.97998 0.257871
4726.50977 0.259595
4727.02979 0.261319
4727.54980 0.263054
4728.06982 0.26478
4728.60010 0.266508
4729.12012 0.268245
4729.64014 0.269973
4730.16016 0.271659
4730.68994 0.273255
4731.20996 0.274843
4731.72998 0.276432
4732.25000 0.278014
4732.77979 0.279613
4733.29980 0.281204
4733.81982 0.282797
4734.33984 0.28439
4734.87012 0.285985
4735.39014 0.287581
4735.91016 0.289185
4736.43994 0.290783
4736.95996 0.292381
4737.47998 0.293981
4738.00977 0.295589
4738.52979 0.297191
4739.04980 0.298791
4739.58008 0.300404
4740.10010 0.302035
4740.62012 0.303784
4741.14990 0.305524
4741.66992 0.307284
4742.18994 0.309037
4742.72021 0.310788
4743.24023 0.312552
4743.77002 0.314297
4744.29004 0.316052
4744.81006 0.317818
4745.33984 0.319576
4745.85986 0.321326
4746.39014 0.323095
4746.91016 0.324865
4747.43994 0.326627
4747.95996 0.32839
4748.49023 0.330162
4749.00977 0.331927
4749.52979 0.333694
4750.06006 0.335477
4750.58008 0.337394
4751.10986 0.33931
4751.62988 0.341229
4752.16016 0.343157
4752.68018 0.345077
4753.20020 0.34699
4753.72998 0.348922
4754.25977 0.350847
4754.77979 0.352771
4755.31006 0.354698
4755.83008 0.356635
4756.35986 0.358564
4756.87988 0.360493
4757.41016 0.362433
4757.93994 0.364365
4758.45996 0.366298
4758.97998 0.368234
4759.50977 0.370179
4760.04004 0.372094
4760.56006 0.373734
4761.08984 0.37539
4761.60986 0.377039
4762.14014 0.378689
4762.66992 0.380349
4763.18994 0.381992
4763.72021 0.383645
4764.24023 0.385307
4764.77002 0.386962
4765.29980 0.388618
4765.81982 0.390276
4766.35010 0.391941
4766.87012 0.393592
4767.39990 0.39526
4767.93018 0.396921
4768.45996 0.398591
4768.97998 0.400255
4769.50977 0.401909
4770.04004 0.403601
4770.56006 0.405552
4771.08984 0.407504
4771.62012 0.409467
4772.14014 0.411412
4772.66992 0.413367
4773.20020 0.415333
4773.72021 0.417291
4774.25000 0.419241
4774.77979 0.421209
4775.31006 0.423181
4775.83008 0.425143
4776.35986 0.427105
4776.89014 0.429079
4777.41992 0.431043
4777.93994 0.43301
4778.47021 0.434978
4779.00000 0.436946
4779.52979 0.438916
4780.06006 0.440887
4780.58984 0.442873
4781.10986 0.44484
4781.64014 0.446828
4782.16992 0.448806
4782.68994 0.450786
4783.22021 0.452767
4783.75000 0.45475
4784.27979 0.456742
4784.81006 0.458728
4785.33984 0.460713
4785.87012 0.46271
4786.39014 0.464688
4786.91992 0.466688
4787.45020 0.468678
4787.97998 0.470678
4788.50977 0.472673
4789.04004 0.474655
4789.56982 0.476661
4790.10010 0.478658
4790.62988 0.480662
4791.16016 0.482677
4791.68018 0.484673
4792.20996 0.486681
4792.74023 0.488689
4793.27002 0.49071
4793.79980 0.49272
4794.33008 0.494734
4794.85986 0.496758
4795.39014 0.498762
4795.91992 0.500787
4796.45020 0.502805
4796.97998 0.504833
4797.50977 0.506852
4798.04004 0.508863
4798.56982 0.510895
4799.10010 0.512917
4799.62988 0.514943
4800.16016 0.516854
4800.68994 0.518462
4801.22021 0.52008
4801.75000 0.521699
4802.27979 0.523327
4802.81006 0.52494
4803.33984 0.526569
4803.87012 0.528199
4804.39990 0.529822
4804.93018 0.531447
4805.47021 0.533081
4806.00000 0.534707
4806.52979 0.536333
4807.06006 0.537952
4807.58984 0.539587
4808.12012 0.541218
4808.64990 0.542848
4809.18018 0.544489
4809.70996 0.546112
4810.24023 0.547861
4810.77002 0.549717
4811.31006 0.551594
4811.83008 0.553453
4812.37012 0.555332
4812.89990 0.557212
4813.43018 0.559082
4813.95996 0.560954
4814.50000 0.562837
4815.02002 0.5647
4815.56006 0.566585
4816.08984 0.56846
4816.62012 0.570337
4817.16016 0.572224
4817.68994 0.574094
4818.22021 0.575983
4818.75000 0.577864
4819.27979 0.579745
4819.81006 0.581619
4820.35010 0.58336
4820.87988 0.585014
4821.41016 0.586668
4821.93994 0.588333
4822.47998 0.589981
4823.00977 0.591647
4823.54004 0.593312
4824.06982 0.594964
4824.60986 0.596633
4825.14014 0.598294
4825.68018 0.599964
4826.20996 0.601627
4826.74023 0.603283
4827.27002 0.604956
4827.81006 0.606623
4828.33984 0.60829
4828.87012 0.609949
4829.41016 0.611627
4829.93994 0.613295
4830.47021 0.614914
4831.00977 0.616535
4831.54004 0.618139
4832.06982 0.61976
4832.60986 0.621384
4833.14014 0.623
4833.68018 0.624617
4834.20996 0.626226
4834.75000 0.627861
4835.27979 0.629479
4835.81006 0.631091
4836.35010 0.63272
4836.87988 0.634352
4837.41016 0.635966
4837.95020 0.63759
4838.47998 0.639215
4839.02002 0.640849
4839.54980 0.642466
4840.08984 0.644035
4840.62012 0.64525
4841.14990 0.646476
4841.68994 0.647702
4842.22998 0.648925
4842.75977 0.650146
4843.29004 0.651363
4843.83008 0.652592
4844.37012 0.653823
4844.89990 0.65505
4845.43994 0.656276
4845.97021 0.657507
4846.50000 0.658728
4847.04004 0.659955
4847.58008 0.66119
4848.10986 0.662419
4848.64014 0.663642
4849.18018 0.664878
4849.72021 0.666109
4850.25000 0.667507
4850.79004 0.669101
4851.31982 0.67068
4851.85986 0.672276
4852.39014 0.673856
4852.93018 0.675453
4853.47021 0.677052
4854.00977 0.678644
4854.54004 0.680244
4855.08008 0.681837
4855.60986 0.683423
4856.14990 0.685024
4856.68994 0.686618
4857.22021 0.688215
4857.75977 0.689804
4858.29980 0.69141
4858.83008 0.693007
4859.37012 0.694606
4859.91016 0.696212
4860.43994 0.697089
4860.97998 0.69782
4861.52002 0.69855
4862.04980 0.699279
4862.58984 0.700012
4863.12012 0.700736
4863.66992 0.701473
4864.20020 0.702202
4864.74023 0.70293
4865.27979 0.703664
4865.81982 0.704399
4866.35010 0.705127
4866.89014 0.705856
4867.43018 0.706592
4867.97021 0.707329
4868.50000 0.708057
4869.04004 0.708794
4869.56982 0.709523
4870.10986 0.710304
4870.64990 0.711249
4871.18994 0.71219
4871.72998 0.713132
4872.25977 0.714069
4872.79980 0.715016
4873.33984 0.715963
4873.87988 0.716906
4874.41992 0.717851
4874.95996 0.718801
4875.50000 0.719742
4876.02979 0.720687
4876.56982 0.721633
4877.10986 0.722583
4877.64990 0.723526
4878.18994 0.724478
4878.72998 0.725425
4879.27002 0.726373
4879.81006 0.727327
4880.33984 0.728238
4880.87988 0.72914
4881.41992 0.730033
4881.95996 0.730937
4882.50000 0.731841
4883.04004 0.732737
4883.58008 0.733641
4884.12012 0.734545
4884.66016 0.735442
4885.20020 0.736348
4885.74023 0.737249
4886.27979 0.738152
4886.81006 0.73905
4887.35986 0.739959
4887.89990 0.740868
4888.43994 0.741766
4888.97998 0.742674
4889.50977 0.743574
4890.06006 0.744456
4890.60010 0.745095
4891.14014 0.745735
4891.68018 0.746379
4892.22021 0.747016
4892.75977 0.747659
4893.29980 0.748304
4893.83984 0.748943
4894.37988 0.749588
4894.91992 0.750232
4895.45996 0.75087
4896.00000 0.751509
4896.54004 0.752155
4897.08008 0.752801
4897.62012 0.75344
4898.16016 0.754086
4898.70020 0.754727
4899.25000 0.755375
4899.77979 0.756017
4900.33008 0.75664
4900.87012 0.757236
4901.41016 0.75783
4901.95020 0.758431
4902.50000 0.759032
4903.02979 0.759627
4903.58008 0.760228
4904.12012 0.760829
4904.66016 0.761424
4905.20020 0.762024
4905.74023 0.762624
4906.29004 0.763228
4906.83008 0.763825
4907.37012 0.764427
4907.91016 0.765024
4908.45020 0.765629
4908.99023 0.766227
4909.54004 0.766833
4910.08008 0.767446
4910.62012 0.768102
4911.16016 0.768765
4911.70996 0.769426
4912.25000 0.770082
4912.79004 0.770745
4913.33984 0.771408
4913.87988 0.772066
4914.41992 0.77273
4914.97021 0.773391
4915.50977 0.774053
4916.04980 0.774711
4916.58984 0.775377
4917.14014 0.776043
4917.68018 0.776703
4918.22021 0.777364
4918.75977 0.77803
4919.31006 0.778697
4919.85010 0.77936
4920.39990 0.7799
4920.93994 0.780397
4921.47998 0.780889
4922.02979 0.781387
4922.56982 0.781884
4923.10986 0.782377
4923.66016 0.782874
4924.20020 0.783371
4924.74023 0.783864
4925.29004 0.784358
4925.83008 0.784855
4926.37988 0.785354
4926.91992 0.785847
4927.45996 0.786341
4928.00977 0.78684
4928.54980 0.78734
4929.10010 0.787836
4929.64014 0.788338
4930.18994 0.788852
4930.72998 0.789396
4931.27979 0.789948
4931.81982 0.7905
4932.35986 0.791046
4932.91016 0.791599
4933.45996 0.792151
4934.00000 0.792699
4934.54004 0.793249
4935.08984 0.7938
4935.64014 0.794352
4936.18018 0.7949
4936.72998 0.795455
4937.27002 0.796003
4937.81006 0.796556
4938.35986 0.797104
4938.89990 0.797659
4939.45020 0.798213
4939.99023 0.798761
4940.54004 0.798572
4941.08984 0.798376
4941.62988 0.798181
4942.18018 0.797984
4942.72998 0.797787
4943.27002 0.797591
4943.81982 0.797393
4944.37012 0.797195
4944.91016 0.796999
4945.45020 0.796802
4946.00000 0.796602
4946.54980 0.796403
4947.10010 0.796206
4947.64014 0.796008
4948.18994 0.795809
4948.72998 0.795609
4949.27979 0.795411
4949.83008 0.79521
4950.37988 0.796211
4950.91992 0.797746
4951.47021 0.799297
4952.02002 0.800851
4952.56006 0.802388
4953.10986 0.803942
4953.66016 0.805499
4954.20020 0.80704
4954.75000 0.808581
4955.29980 0.810138
4955.85010 0.811696
4956.39014 0.81324
4956.93994 0.814784
4957.49023 0.816345
4958.04004 0.817906
4958.58008 0.819452
4959.12988 0.821015
4959.68018 0.822578
4960.22998 0.823678
4960.77002 0.824144
4961.31982 0.824611
4961.87012 0.825074
4962.41992 0.825541
4962.97021 0.826009
4963.52002 0.826472
4964.06006 0.826938
4964.60986 0.827403
4965.16016 0.827872
4965.70996 0.828334
4966.25977 0.828803
4966.79980 0.829268
4967.35010 0.829736
4967.89990 0.8302
4968.45020 0.830669
4969.00000 0.831137
4969.54980 0.831605
4970.10010 0.83223
4970.64990 0.83358
4971.18994 0.834918
4971.75000 0.836271
4972.29980 0.837623
4972.83984 0.838961
4973.39014 0.840315
4973.93994 0.841658
4974.49023 0.843013
4975.04004 0.844355
4975.58984 0.845712
4976.14014 0.847069
4976.68994 0.848413
4977.22998 0.849757
