threeML/data/optical_filters/HST/ACS_HRC-F330W.ecsv
# %ECSV 0.9
# ---
# datatype:
# - {name: wavelength, unit: Angstrom, datatype: float32}
# - {name: response, datatype: float32}
# meta: !!omap
# - {band_name: F330W}
# - {group_name: ACS_HRC}
wavelength response
2661.42578 0.0
2957.13989 0.00772214
2957.57007 0.00807242
2958.00000 0.00842191
2958.43994 0.00877276
2958.87012 0.00912379
2959.30005 0.00947526
2959.73999 0.00986984
2960.16992 0.0105482
2960.61011 0.0117027
2961.04004 0.0128928
2961.46997 0.0140883
2961.89990 0.0152804
2962.34009 0.0164725
2962.77002 0.0176706
2963.19995 0.0188646
2963.63989 0.0200687
2964.07007 0.0212647
2964.51001 0.0224661
2964.93994 0.0236634
2965.37012 0.0248661
2965.81006 0.0260701
2966.23999 0.02727
2966.67993 0.0284706
2967.11011 0.0296765
2967.55005 0.0308839
2967.97998 0.0320871
2968.40991 0.0332957
2968.85010 0.0345008
2969.28003 0.0357107
2969.71997 0.0368619
2970.14990 0.0377893
2970.59009 0.0380229
2971.02002 0.0382557
2971.45996 0.0384904
2971.88989 0.0387226
2972.32007 0.0389567
2972.76001 0.0391911
2973.19995 0.0394247
2973.62988 0.0396595
2974.07007 0.0398936
2974.50000 0.0401287
2974.93994 0.0403638
2975.37012 0.0405993
2975.81006 0.0408333
2976.23999 0.04107
2976.67993 0.041305
2977.11011 0.0415402
2977.55005 0.0417764
2977.98999 0.042012
2978.41992 0.0422486
2978.86011 0.0424845
2979.30005 0.0427223
2979.72998 0.0430964
2980.16992 0.0439363
2980.60010 0.0461182
2981.04004 0.0482841
2981.46997 0.0504684
2981.90991 0.0526452
2982.35010 0.0548329
2982.78003 0.0570204
2983.21997 0.0592104
2983.65991 0.0614027
2984.09009 0.0635863
2984.53003 0.0657807
2984.96997 0.0679677
2985.40991 0.0701656
2985.84009 0.0723549
2986.28003 0.0745464
2986.71997 0.0767477
2987.14990 0.0789514
2987.59009 0.081155
2988.03003 0.0833524
2988.46997 0.0855593
2988.89990 0.08776
2989.34009 0.0899705
2989.78003 0.0922204
2990.20996 0.0946241
2990.64990 0.0973161
2991.09009 0.100019
2991.53003 0.102724
2991.96997 0.105422
2992.39990 0.108131
2992.84009 0.110833
2993.28003 0.113546
2993.71997 0.116261
2994.15991 0.118969
2994.59009 0.121688
2995.03003 0.124409
2995.46997 0.127133
2995.90991 0.129838
2996.35010 0.132565
2996.78003 0.135284
2997.21997 0.138016
2997.65991 0.140748
2998.10010 0.143474
2998.54004 0.14622
2998.97998 0.14895
2999.41992 0.151692
2999.86011 0.153867
3000.30005 0.154812
3000.73999 0.154071
3001.16992 0.15333
3001.61011 0.152585
3002.05005 0.151842
3002.48999 0.151096
3002.92993 0.150352
3003.37012 0.149601
3003.81006 0.148856
3004.25000 0.14811
3004.68994 0.147358
3005.12988 0.146611
3005.57007 0.145863
3006.01001 0.145115
3006.44995 0.14436
3006.88989 0.143611
3007.33008 0.142857
3007.77002 0.142107
3008.20996 0.141352
3008.64990 0.140597
3009.09009 0.139847
3009.53003 0.139089
3009.96997 0.138134
3010.40991 0.136882
3010.85010 0.135379
3011.29004 0.133864
3011.72998 0.132359
3012.17993 0.130847
3012.62012 0.129334
3013.06006 0.127825
3013.50000 0.126309
3013.93994 0.124799
3014.37988 0.123281
3014.82007 0.121767
3015.26001 0.120242
3015.69995 0.118725
3016.13989 0.117209
3016.59009 0.115684
3017.03003 0.114165
3017.46997 0.112639
3017.90991 0.111118
3018.35010 0.109589
3018.80005 0.108059
3019.23999 0.106534
3019.67993 0.104997
3020.12012 0.108004
3020.56006 0.114791
3021.00000 0.123357
3021.44995 0.131961
3021.88989 0.140537
3022.33008 0.149185
3022.77002 0.157778
3023.21997 0.16641
3023.65991 0.175047
3024.10010 0.183628
3024.54004 0.192314
3024.97998 0.200906
3025.42993 0.209571
3025.87012 0.218212
3026.31006 0.226893
3026.76001 0.23558
3027.19995 0.244272
3027.63989 0.252974
3028.09009 0.261649
3028.53003 0.270363
3028.96997 0.279054
3029.41992 0.287784
3029.86011 0.296486
3030.30005 0.299389
3030.75000 0.300205
3031.18994 0.300767
3031.62988 0.301332
3032.08008 0.301895
3032.52002 0.30246
3032.95996 0.303023
3033.40991 0.303589
3033.85010 0.304155
3034.30005 0.30472
3034.73999 0.305286
3035.17993 0.305854
3035.62988 0.306422
3036.07007 0.306988
3036.52002 0.307556
3036.95996 0.308122
3037.40991 0.308693
3037.85010 0.309263
3038.30005 0.309833
3038.73999 0.310404
3039.17993 0.31097
3039.62988 0.311452
3040.07007 0.31071
3040.52002 0.306655
3040.96997 0.302056
3041.40991 0.297469
3041.86011 0.29286
3042.30005 0.288267
3042.75000 0.283652
3043.18994 0.279034
3043.63989 0.274414
3044.08008 0.269823
3044.53003 0.265179
3044.96997 0.260563
3045.41992 0.255946
3045.86011 0.251306
3046.31006 0.246666
3046.76001 0.242021
3047.19995 0.237388
3047.64990 0.232734
3048.09009 0.228096
3048.54004 0.223436
3048.98999 0.218774
3049.42993 0.214124
3049.87988 0.210131
3050.32007 0.209737
3050.77002 0.211573
3051.21997 0.213533
3051.65991 0.215494
3052.11011 0.217457
3052.56006 0.219414
3053.01001 0.22138
3053.44995 0.22334
3053.89990 0.225309
3054.34009 0.227273
3054.80005 0.229253
3055.23999 0.231211
3055.68994 0.233188
3056.13989 0.235164
3056.58008 0.237134
3057.03003 0.239115
3057.47998 0.241089
3057.91992 0.243073
3058.37012 0.245042
3058.82007 0.247036
3059.26001 0.249016
3059.71997 0.251242
3060.15991 0.254916
3060.61011 0.262187
3061.06006 0.269487
3061.51001 0.276768
3061.94995 0.284085
3062.39990 0.291402
3062.85010 0.298728
3063.30005 0.306031
3063.75000 0.313338
3064.19995 0.32071
3064.63989 0.32803
3065.09009 0.335355
3065.54004 0.342684
3065.98999 0.35005
3066.43994 0.357421
3066.88989 0.364768
3067.34009 0.37218
3067.78003 0.379536
3068.23999 0.386929
3068.67993 0.394274
3069.12988 0.401704
3069.58008 0.409058
3070.03003 0.415605
3070.47998 0.421073
3070.92993 0.425848
3071.37988 0.430628
3071.83008 0.435392
3072.28003 0.44018
3072.72998 0.444951
3073.17993 0.449744
3073.62988 0.454543
3074.08008 0.459323
3074.53003 0.46411
3074.96997 0.468899
3075.42993 0.473728
3075.87988 0.478526
3076.33008 0.483345
3076.78003 0.488148
3077.22998 0.492973
3077.67993 0.497804
3078.12988 0.502619
3078.58008 0.507452
3079.03003 0.512273
3079.47998 0.517134
3079.92993 0.520995
3080.37988 0.521244
3080.83008 0.519536
3081.28003 0.517821
3081.73999 0.516105
3082.17993 0.514392
3082.63989 0.512673
3083.09009 0.510957
3083.54004 0.509235
3083.98999 0.507517
3084.43994 0.505786
3084.88989 0.504068
3085.34009 0.502348
3085.80005 0.500621
3086.25000 0.498899
3086.69995 0.497163
3087.14990 0.495439
3087.60010 0.493707
3088.05005 0.49198
3088.51001 0.490245
3088.95996 0.488509
3089.40991 0.486778
3089.86011 0.485047
3090.31006 0.482534
3090.77002 0.479809
3091.21997 0.477034
3091.66992 0.474246
3092.12012 0.471456
3092.58008 0.468662
3093.03003 0.465867
3093.47998 0.463081
3093.93994 0.46028
3094.38989 0.457489
3094.84009 0.454685
3095.29004 0.45189
3095.75000 0.449081
3096.19995 0.446271
3096.64990 0.443469
3097.11011 0.440655
3097.56006 0.437846
3098.01001 0.435026
3098.46997 0.432215
3098.91992 0.429391
3099.37012 0.426575
3099.83008 0.424201
3100.28003 0.423388
3100.73999 0.424538
3101.18994 0.425694
3101.63989 0.426848
3102.10010 0.428006
3102.55005 0.42916
3103.01001 0.430319
3103.45996 0.43148
3103.90991 0.432643
3104.37012 0.433803
3104.82007 0.434961
3105.28003 0.43612
3105.72998 0.43728
3106.17993 0.438445
3106.63989 0.439611
3107.09009 0.440774
3107.55005 0.441944
3108.00000 0.443109
3108.45996 0.444285
3108.90991 0.445452
3109.37012 0.446623
3109.82007 0.448544
3110.28003 0.452583
3110.72998 0.459693
3111.18994 0.466784
3111.64990 0.473934
3112.10010 0.481035
3112.56006 0.488172
3113.01001 0.495287
3113.46997 0.502407
3113.91992 0.509531
3114.37988 0.516719
3114.83008 0.523858
3115.29004 0.531002
3115.75000 0.538181
3116.19995 0.545338
3116.65991 0.552555
3117.11011 0.559723
3117.57007 0.566921
3118.03003 0.574128
3118.47998 0.581288
3118.93994 0.588538
3119.39990 0.595739
3119.86011 0.602832
3120.31006 0.607301
3120.77002 0.610248
3121.21997 0.6132
3121.67993 0.616166
3122.13989 0.619134
3122.59009 0.622095
3123.05005 0.625069
3123.51001 0.628035
3123.96997 0.631013
3124.41992 0.633984
3124.87988 0.636967
3125.34009 0.639953
3125.79004 0.64293
3126.25000 0.645922
3126.70996 0.648905
3127.16992 0.651902
3127.62012 0.654891
3128.08008 0.657905
3128.54004 0.660898
3129.00000 0.663893
3129.44995 0.666892
3129.90991 0.669905
3130.37012 0.667402
3130.83008 0.663986
3131.29004 0.660389
3131.73999 0.656803
3132.19995 0.653202
3132.65991 0.649598
3133.12012 0.645991
3133.58008 0.64238
3134.04004 0.638793
3134.50000 0.635162
3134.95996 0.631555
3135.40991 0.627947
3135.87012 0.624335
3136.33008 0.620693
3136.79004 0.617075
3137.25000 0.613441
3137.70996 0.609801
3138.16992 0.606173
3138.62988 0.60253
3139.09009 0.598898
3139.55005 0.595246
3140.01001 0.592203
3140.46997 0.59137
3140.92993 0.591083
3141.38989 0.590794
3141.85010 0.590506
3142.30005 0.590216
3142.77002 0.589924
3143.21997 0.589634
3143.68994 0.589344
3144.14990 0.589053
3144.61011 0.588763
3145.07007 0.588471
3145.53003 0.588181
3145.98999 0.587888
3146.44995 0.587596
3146.90991 0.587303
3147.37012 0.58701
3147.83008 0.586716
3148.29004 0.586421
3148.75000 0.586128
3149.20996 0.585833
3149.66992 0.585539
3150.13989 0.586724
3150.59009 0.589486
3151.05005 0.592725
3151.51001 0.595955
3151.97998 0.599199
3152.43994 0.602446
3152.89990 0.605696
3153.36011 0.60895
3153.82007 0.612195
3154.29004 0.615453
3154.75000 0.618703
3155.20996 0.621967
3155.66992 0.625222
3156.12988 0.628478
3156.59009 0.631749
3157.05005 0.635011
3157.52002 0.638289
3157.97998 0.641569
3158.43994 0.644853
3158.90991 0.648127
3159.37012 0.651416
3159.83008 0.654708
3160.29004 0.658471
3160.75000 0.662411
3161.21997 0.666408
3161.67993 0.67041
3162.13989 0.674403
3162.61011 0.678412
3163.07007 0.68241
3163.53003 0.686424
3163.98999 0.690443
3164.44995 0.694435
3164.91992 0.698476
3165.37988 0.702491
3165.84009 0.706506
3166.31006 0.710542
3166.77002 0.714579
3167.23999 0.71862
3167.69995 0.72265
3168.15991 0.726698
3168.62988 0.730732
3169.09009 0.734787
3169.56006 0.738845
3170.02002 0.742788
3170.47998 0.745856
3170.94995 0.748896
3171.40991 0.751912
3171.87988 0.75493
3172.34009 0.757964
3172.80005 0.760986
3173.27002 0.764024
3173.72998 0.767052
3174.19995 0.770094
3174.65991 0.773138
3175.12988 0.776173
3175.59009 0.779236
3176.06006 0.782277
3176.52002 0.78532
3176.98999 0.788365
3177.44995 0.791424
3177.91992 0.794484
3178.37988 0.79755
3178.85010 0.800618
3179.31006 0.803675
3179.78003 0.806522
3180.23999 0.807839
3180.70996 0.807119
3181.16992 0.806406
3181.63989 0.805684
3182.10010 0.804962
3182.57007 0.804244
3183.03003 0.803521
3183.50000 0.802799
3183.96997 0.802075
3184.42993 0.801354
3184.89990 0.800629
3185.36011 0.799908
3185.83008 0.799179
3186.30005 0.798455
3186.76001 0.797729
3187.22998 0.797
3187.69995 0.79627
3188.15991 0.79554
3188.62988 0.794815
3189.10010 0.794087
3189.57007 0.793356
3190.03003 0.792625
3190.50000 0.791953
3190.96997 0.791278
3191.42993 0.790602
3191.89990 0.789924
3192.37012 0.789244
3192.83008 0.788565
3193.30005 0.787885
3193.77002 0.787204
3194.23999 0.786525
3194.69995 0.785841
3195.16992 0.785159
3195.63989 0.784472
3196.11011 0.78379
3196.57007 0.783102
3197.04004 0.782421
3197.51001 0.781733
3197.97998 0.781044
3198.44995 0.780356
3198.90991 0.779664
3199.37988 0.778977
3199.85010 0.778527
3200.32007 0.778999
3200.79004 0.78037
3201.26001 0.781747
3201.71997 0.783123
3202.18994 0.7845
3202.65991 0.785877
3203.12988 0.787266
3203.60010 0.788642
3204.07007 0.790025
3204.54004 0.791406
3205.01001 0.792792
3205.47998 0.79418
3205.93994 0.795564
3206.40991 0.796953
3206.87988 0.798337
3207.35010 0.799722
3207.82007 0.801109
3208.29004 0.802501
3208.76001 0.803895
3209.22998 0.80529
3209.69995 0.806686
3210.16992 0.808623
3210.63989 0.811156
3211.11011 0.813781
3211.58008 0.816417
3212.05005 0.819045
3212.52002 0.821695
3212.98999 0.824328
3213.45996 0.826962
3213.92993 0.829608
3214.39990 0.832248
3214.87012 0.8349
3215.34009 0.83754
3215.81006 0.840192
3216.28003 0.842849
3216.75000 0.845502
3217.22998 0.848175
3217.69995 0.850829
3218.16992 0.853484
3218.63989 0.856139
3219.11011 0.858808
3219.58008 0.861469
3220.05005 0.863625
3220.52002 0.864583
3220.98999 0.865237
3221.45996 0.865893
3221.93994 0.866551
3222.40991 0.867209
3222.87988 0.867864
3223.35010 0.86852
3223.82007 0.869177
3224.29004 0.869835
3224.77002 0.870494
3225.23999 0.871151
3225.70996 0.871813
3226.17993 0.872471
3226.64990 0.873129
3227.12012 0.873788
3227.60010 0.874451
3228.07007 0.875112
3228.54004 0.875772
3229.02002 0.876438
3229.48999 0.877097
3229.95996 0.87754
3230.42993 0.877465
3230.90991 0.877084
3231.37988 0.876707
3231.85010 0.876329
3232.33008 0.875949
3232.80005 0.875567
3233.27002 0.875187
3233.73999 0.874807
3234.21997 0.874424
3234.68994 0.874042
3235.16992 0.873659
3235.63989 0.873275
3236.11011 0.87289
3236.59009 0.872505
3237.06006 0.872121
3237.53003 0.871734
3238.01001 0.871349
3238.47998 0.870961
3238.94995 0.870575
3239.42993 0.870186
3239.89990 0.869901
3240.37988 0.870009
3240.85010 0.870373
3241.32007 0.870736
3241.80005 0.871101
3242.27002 0.871465
3242.75000 0.871832
3243.21997 0.872196
3243.69995 0.872562
3244.16992 0.872928
3244.64990 0.873292
3245.12012 0.873658
3245.60010 0.874023
3246.07007 0.87439
3246.55005 0.874755
3247.03003 0.875122
3247.50000 0.875489
3247.96997 0.875855
3248.44995 0.876223
3248.92993 0.876587
3249.39990 0.876952
3249.87012 0.877345
3250.35010 0.87802
3250.83008 0.878811
3251.30005 0.879619
3251.78003 0.880428
3252.26001 0.881231
3252.72998 0.882035
3253.20996 0.882839
3253.67993 0.883649
3254.15991 0.884457
3254.63989 0.885266
3255.11011 0.886073
3255.59009 0.886884
3256.07007 0.887694
3256.54004 0.888502
3257.02002 0.889313
3257.48999 0.890124
3257.96997 0.890938
3258.44995 0.891749
3258.92993 0.892563
3259.39990 0.893373
3259.87988 0.894267
3260.36011 0.895324
3260.83008 0.896567
3261.31006 0.897815
3261.79004 0.899059
3262.26001 0.90031
3262.73999 0.901562
3263.21997 0.902813
3263.69995 0.904064
3264.17993 0.905307
3264.65991 0.906567
3265.12988 0.907817
3265.61011 0.909067
3266.09009 0.910317
3266.57007 0.911576
3267.04004 0.912833
3267.52002 0.914088
3268.00000 0.915348
3268.47998 0.916607
3268.95996 0.917867
3269.42993 0.919126
3269.90991 0.920391
3270.38989 0.920397
3270.87012 0.920197
3271.35010 0.919968
3271.83008 0.919739
3272.31006 0.919507
3272.79004 0.919274
3273.27002 0.919041
3273.73999 0.918809
3274.21997 0.918577
3274.69995 0.918343
3275.17993 0.91811
3275.65991 0.917878
3276.13989 0.917644
3276.62012 0.91741
3277.10010 0.917176
3277.58008 0.916942
3278.06006 0.916709
3278.54004 0.91647
3279.02002 0.916231
3279.50000 0.915996
3279.97998 0.915858
3280.45996 0.915902
3280.93994 0.916064
3281.41992 0.916223
3281.89990 0.916382
3282.37988 0.91654
3282.86011 0.916699
3283.34009 0.916858
3283.82007 0.917017
3284.30005 0.917176
3284.78003 0.917333
3285.26001 0.917493
3285.73999 0.917651
3286.22998 0.917812
3286.70996 0.917972
3287.18994 0.918131
3287.66992 0.91829
3288.14990 0.918447
3288.62988 0.918603
3289.11011 0.918761
3289.59009 0.918921
3290.07007 0.91894
3290.55005 0.918761
3291.04004 0.918503
3291.52002 0.918245
3292.00000 0.917985
3292.47998 0.91773
3292.95996 0.917475
3293.44995 0.917216
3293.92993 0.916955
3294.40991 0.916694
3294.88989 0.916433
3295.37988 0.916171
3295.86011 0.915911
3296.34009 0.91565
3296.82007 0.915392
3297.30005 0.915128
3297.79004 0.914865
3298.27002 0.914601
3298.75000 0.914338
3299.23999 0.914075
3299.71997 0.913873
3300.19995 0.913916
3300.67993 0.91454
3301.15991 0.915159
3301.64990 0.915787
3302.12988 0.91641
3302.61011 0.917031
3303.10010 0.917655
3303.58008 0.91828
3304.07007 0.918906
3304.55005 0.919531
3305.03003 0.92016
3305.52002 0.920783
3306.00000 0.921407
3306.48999 0.922036
3306.96997 0.922662
3307.45996 0.923292
3307.93994 0.923916
3308.41992 0.924546
3308.90991 0.925176
3309.38989 0.925804
3309.87988 0.926434
3310.36011 0.927068
3310.84009 0.927708
3311.33008 0.928345
3311.81006 0.928983
3312.30005 0.929618
3312.78003 0.930257
3313.27002 0.930893
3313.75000 0.931537
3314.23999 0.932179
3314.71997 0.932816
3315.20996 0.933457
3315.68994 0.9341
3316.17993 0.934742
3316.65991 0.935381
3317.14990 0.936023
3317.62988 0.936666
3318.12012 0.937314
3318.61011 0.937954
3319.09009 0.938595
3319.58008 0.93924
3320.06006 0.939846
3320.55005 0.94031
3321.03003 0.940762
3321.52002 0.941211
3322.01001 0.941661
3322.48999 0.942109
3322.97998 0.94256
3323.46997 0.943007
