threeML/data/optical_filters/HST/ACS_SBC-F115LP.ecsv
# %ECSV 0.9
# ---
# datatype:
# - {name: wavelength, unit: Angstrom, datatype: float32}
# - {name: response, datatype: float32}
# meta: !!omap
# - {band_name: F115LP}
# - {group_name: ACS_SBC}
wavelength response
[from data line 2414]
1851.12000 0.113838
1851.46997 0.113577
1851.82996 0.113314
1852.18994 0.113051
1852.55005 0.112788
1852.90002 0.112523
1853.26001 0.112259
1853.62000 0.111995
1853.97998 0.111731
1854.32996 0.111466
1854.68994 0.1112
1855.05005 0.110935
1855.41003 0.110668
1855.77002 0.110401
1856.12000 0.110135
1856.47998 0.109868
1856.83997 0.1096
1857.19995 0.109331
1857.56006 0.109063
1857.92004 0.108795
1858.28003 0.108525
1858.63000 0.108255
1858.98999 0.107986
1859.34998 0.107715
1859.70996 0.107444
1860.06995 0.107174
1860.43005 0.106903
1860.79004 0.106631
1861.15002 0.10636
1861.51001 0.106087
1861.85999 0.105815
1862.21997 0.105541
1862.57996 0.105268
1862.93994 0.104995
1863.30005 0.104721
1863.66003 0.104446
1864.02002 0.104171
1864.38000 0.103895
1864.73999 0.10362
1865.09998 0.103344
1865.45996 0.103068
1865.81995 0.10279
1866.18005 0.102513
1866.54004 0.102236
1866.90002 0.101958
1867.26001 0.101681
1867.62000 0.101401
1867.97998 0.101123
1868.33997 0.100816
1868.69995 0.10051
1869.06006 0.100207
1869.42004 0.0999262
1869.79004 0.0996449
1870.15002 0.099364
1870.51001 0.0990821
1870.87000 0.0988006
1871.22998 0.098518
1871.58997 0.0982358
1871.94995 0.0979532
1872.31006 0.0976693
1872.67004 0.0973852
1873.04004 0.0971015
1873.40002 0.0968173
1873.76001 0.0965311
1874.12000 0.0962462
1874.47998 0.0959601
1874.83997 0.0956752
1875.20996 0.0954042
1875.56995 0.0951456
1875.93005 0.0948867
1876.29004 0.094626
1876.65002 0.0943657
1877.02002 0.0941056
1877.38000 0.0938446
1877.73999 0.093584
1878.09998 0.093315
1878.46997 0.0930247
1878.82996 0.0927341
1879.18994 0.0924587
1879.55005 0.0921962
1879.92004 0.0919326
1880.28003 0.0916688
1880.64001 0.0914054
1881.00000 0.0911416
1881.37000 0.0908768
1881.72998 0.0906124
1882.08997 0.0903468
1882.45996 0.0900817
1882.81995 0.0898154
1883.18005 0.0895344
1883.55005 0.0892398
1883.91003 0.088944
1884.27002 0.0886701
1884.64001 0.088402
1885.00000 0.0881342
1885.37000 0.0878654
1885.72998 0.0875962
1886.08997 0.0873274
1886.45996 0.0870575
1886.81995 0.086788
1887.18005 0.0865181
1887.55005 0.0862472
1887.91003 0.0859765
1888.28003 0.0856829
1888.64001 0.0853829
1889.01001 0.0850823
1889.37000 0.0848103
1889.73999 0.0845378
1890.09998 0.0842642
1890.46997 0.0839904
1890.82996 0.0837169
1891.18994 0.0834432
1891.56006 0.0831682
1891.93005 0.0828922
1892.29004 0.0825943
1892.66003 0.0822894
1893.02002 0.0819867
1893.39001 0.0817106
1893.75000 0.0814342
1894.12000 0.0811567
1894.47998 0.0808787
1894.84998 0.0806012
1895.20996 0.0803227
1895.57996 0.0800444
1895.93994 0.0797658
1896.31006 0.0794761
1896.68005 0.0791843
1897.04004 0.0788937
1897.41003 0.0786077
1897.78003 0.0783199
1898.14001 0.0780333
1898.51001 0.0777454
1898.88000 0.0774579
1899.23999 0.0771693
1899.60999 0.0768811
1899.96997 0.0765925
1900.33997 0.0763246
1900.70996 0.0760561
1901.07996 0.0757895
1901.43994 0.0755248
1901.81006 0.0752597
1902.18005 0.074992
1902.54004 0.0747232
1902.91003 0.0744532
1903.28003 0.0741858
1903.64001 0.073918
1904.01001 0.0736497
1904.38000 0.073378
1904.75000 0.0731061
1905.12000 0.0728345
1905.47998 0.0725626
1905.84998 0.0722894
1906.21997 0.0720183
1906.58997 0.0717481
1906.94995 0.0714768
1907.31995 0.0712024
1907.68994 0.0709272
1908.06006 0.0706537
1908.43005 0.0703807
1908.79004 0.0701081
1909.16003 0.0698338
1909.53003 0.0695559
1909.90002 0.0692791
1910.27002 0.0690034
1910.64001 0.0687281
1911.01001 0.0684531
1911.38000 0.068174
1911.73999 0.0678953
1912.10999 0.0676154
1912.47998 0.0673359
1912.84998 0.067056
1913.21997 0.0667766
1913.58997 0.0664981
1913.95996 0.06622
1914.32996 0.0659388
1914.69995 0.065656
1915.06995 0.065375
1915.43994 0.0650945
1915.81006 0.0648136
1916.18005 0.0645307
1916.55005 0.0642459
1916.92004 0.0639615
1917.29004 0.0636767
1917.66003 0.0633907
1918.03003 0.0631045
1918.40002 0.0628207
1918.77002 0.0625381
1919.14001 0.0622523
1919.51001 0.0619643
1919.88000 0.0616758
1920.25000 0.0613906
1920.62000 0.0611044
1920.98999 0.0608178
1921.35999 0.0605294
1921.72998 0.0602389
1922.09998 0.0599489
1922.46997 0.0596606
1922.83997 0.0593728
1923.20996 0.0590819
1923.58997 0.0587901
1923.95996 0.0584971
1924.32996 0.0582073
1924.69995 0.0579174
1925.06995 0.0576286
1925.43994 0.0573493
1925.81995 0.0570697
1926.18994 0.0567897
1926.56006 0.0565109
1926.93005 0.05623
1927.30005 0.0559521
1927.67004 0.0556744
1928.05005 0.0553951
1928.42004 0.0551127
1928.79004 0.0548298
1929.16003 0.0545496
1929.53003 0.0542691
1929.91003 0.0539882
1930.28003 0.0537046
1930.65002 0.0534206
1931.02002 0.0531362
1931.40002 0.0528506
1931.77002 0.0525646
1932.14001 0.0522793
1932.52002 0.0519965
1932.89001 0.0517132
1933.26001 0.0514265
1933.63000 0.0511393
1934.01001 0.0508518
1934.38000 0.0505661
1934.76001 0.0502799
1935.13000 0.0499932
1935.50000 0.0497039
1935.87000 0.0494135
1936.25000 0.0491255
1936.62000 0.0488373
1936.98999 0.0485496
1937.37000 0.0482575
1937.73999 0.047965
1938.12000 0.047672
1938.48999 0.0473787
1938.87000 0.0470858
1939.23999 0.0467945
1939.62000 0.0465031
1939.98999 0.0462128
1940.35999 0.0459176
1940.73999 0.0456218
1941.10999 0.0453265
1941.48999 0.0450339
1941.85999 0.0447409
1942.23999 0.0444446
1942.60999 0.0441476
1942.97998 0.0438501
1943.35999 0.0435545
1943.72998 0.0432586
1944.10999 0.0429613
1944.48999 0.0426613
1944.85999 0.0423618
1945.23999 0.0420618
1945.60999 0.0417606
1945.98999 0.041459
1946.35999 0.0411609
1946.73999 0.0408625
1947.12000 0.0405618
1947.48999 0.0402585
1947.87000 0.0399556
1948.23999 0.0396544
1948.62000 0.0393539
1948.98999 0.039053
1949.37000 0.0387508
1949.75000 0.0384482
1950.12000 0.0381473
1950.50000 0.0378504
1950.88000 0.0375539
1951.25000 0.0372591
1951.63000 0.0369643
1952.01001 0.0366689
1952.38000 0.036374
1952.76001 0.0360787
1953.13000 0.0357822
1953.51001 0.0354852
1953.89001 0.0351887
1954.27002 0.0348918
1954.64001 0.0345936
1955.02002 0.0342949
1955.40002 0.0339977
1955.78003 0.0336982
1956.15002 0.0333984
1956.53003 0.0330982
1956.91003 0.0327974
1957.29004 0.0324972
1957.66003 0.0321966
1958.04004 0.0318947
1958.42004 0.0315933
1958.80005 0.0312905
1959.17004 0.0309867
1959.55005 0.0306798
1959.93005 0.0303725
1960.31006 0.0300684
1960.68994 0.0297644
1961.06995 0.0294589
1961.43994 0.0291527
1961.81995 0.0288461
1962.19995 0.0285383
1962.57996 0.0282301
1962.95996 0.0279224
1963.33997 0.0276143
1963.71997 0.0273049
1964.09998 0.0269951
1964.47998 0.026685
1964.84998 0.0263761
1965.22998 0.0260652
1965.60999 0.0257538
1965.98999 0.0254422
1966.37000 0.02513
1966.75000 0.0248184
1967.13000 0.0245063
1967.51001 0.0241931
1967.89001 0.0238801
1968.27002 0.023567
1968.65002 0.0232525
1969.03003 0.0229376
1969.41003 0.0226231
1969.79004 0.0223083
1970.17004 0.0219923
1970.55005 0.0216767
1970.93005 0.0213598
1971.31006 0.0210406
1971.68994 0.0207195
1972.06995 0.0203988
1972.44995 0.0200812
1972.83997 0.0197614
1973.20996 0.019443
1973.59998 0.0191242
1973.97998 0.0188041
1974.35999 0.0184918
1974.73999 0.0181778
1975.12000 0.0178802
1975.50000 0.01762
1975.88000 0.0173609
1976.26001 0.0171023
1976.64001 0.0168445
1977.03003 0.0165871
1977.41003 0.0163293
1977.79004 0.0160705
1978.17004 0.0158129
1978.55005 0.0155569
1978.93005 0.0153006
1979.31995 0.0150418
1979.69995 0.0147822
1980.07996 0.0145214
1980.45996 0.0142603
1980.83997 0.0140005
1981.22998 0.0137408
1981.60999 0.0134829
1981.98999 0.0132233
1982.37000 0.0129614
1982.76001 0.0126991
1983.14001 0.0124377
1983.52002 0.0121782
1983.90002 0.0119177
1984.29004 0.0116543
1984.67004 0.0113904
1985.05005 0.0111247
1985.43994 0.0108601
1985.81995 0.0105951
1986.19995 0.0103311
1986.58997 0.0100682
1986.96997 0.00980584
1987.34998 0.0095399
1987.73999 0.00927264
1988.12000 0.00900545
1988.50000 0.00873963
1988.89001 0.00847352
1989.27002 0.00820629
1989.65002 0.00793955
1990.04004 0.00767241
1990.42004 0.00740382
1990.81006 0.00713495
1991.18994 0.00686589
1991.57996 0.00659673
1991.95996 0.00632874
1992.34998 0.00605885
1992.72998 0.00578868
1993.12000 0.00551814
1993.50000 0.00524801
1993.88000 0.0049776
1994.27002 0.00470589
1994.65002 0.00443362
1995.04004 0.00416188
1995.42004 0.00389018
1995.81006 0.00361734
1996.18994 0.0033449
1996.57996 0.00307218
1996.95996 0.00279832
1997.34998 0.00251861
2197.08496 0.0
