threeML/data/optical_filters/HST/ACS_HRC-F775W.ecsv
# %ECSV 0.9
# ---
# datatype:
# - {name: wavelength, unit: Angstrom, datatype: float32}
# - {name: response, datatype: float32}
# meta: !!omap
# - {band_name: F775W}
# - {group_name: ACS_HRC}
wavelength response
[from data line 1574]
7702.41992 0.904323
7703.16992 0.903538
7703.91016 0.902758
7704.64990 0.901983
7705.39014 0.901199
7706.12988 0.900416
7706.87012 0.89964
7707.60986 0.898856
7708.35986 0.898073
7709.10010 0.8973
7709.83984 0.896517
7710.58008 0.895737
7711.33008 0.894952
7712.06982 0.894173
7712.81006 0.893391
7713.54980 0.892606
7714.29004 0.891826
7715.02979 0.891054
7715.77979 0.890268
7716.52002 0.889485
7717.25977 0.88871
7718.00977 0.887927
7718.75000 0.887149
7719.49023 0.886366
7720.22998 0.885666
7720.97998 0.885135
7721.72021 0.884602
7722.45996 0.884072
7723.20996 0.883541
7723.95020 0.88301
7724.68994 0.882478
7725.43994 0.881945
7726.18018 0.881418
7726.93018 0.880885
7727.66992 0.880353
7728.41016 0.879828
7729.14990 0.879298
7729.89990 0.878766
7730.64014 0.877912
7731.37988 0.877007
7732.12988 0.876096
7732.87988 0.875193
7733.62012 0.874284
7734.35986 0.873386
7735.10986 0.872478
7735.85010 0.871567
7736.58984 0.87067
7737.33984 0.869763
7738.08984 0.868855
7738.83008 0.867959
7739.58008 0.867051
7740.31982 0.866418
7741.06006 0.866139
7741.81006 0.865857
7742.56006 0.865578
7743.29980 0.8653
7744.04980 0.865018
7744.79004 0.864742
7745.52979 0.864461
7746.27979 0.864181
7747.02002 0.863904
7747.77002 0.863623
7748.52002 0.863343
7749.25977 0.863063
7750.00977 0.862785
7750.75000 0.862783
7751.50000 0.86278
7752.25000 0.862777
7752.99023 0.862773
7753.74023 0.86277
7754.49023 0.862767
7755.22998 0.862764
7755.97998 0.862759
7756.72998 0.862756
7757.47021 0.862752
7758.22021 0.862748
7758.95996 0.862743
7759.70996 0.862739
7760.45996 0.86253
7761.20020 0.86219
7761.95020 0.861848
7762.70020 0.861506
7763.43994 0.861166
7764.18994 0.860827
7764.93994 0.860485
7765.68018 0.860147
7766.43018 0.859805
7767.18018 0.859464
7767.93018 0.859128
7768.68018 0.858787
7769.41992 0.858447
7770.16992 0.858204
7770.91992 0.85829
7771.66992 0.858377
7772.41992 0.858464
7773.16016 0.85855
7773.91016 0.858635
7774.66016 0.858721
7775.41016 0.858806
7776.14990 0.858891
7776.89990 0.858976
7777.64990 0.859061
7778.41016 0.859146
7779.14990 0.859229
7779.89990 0.859315
7780.64990 0.85964
7781.39990 0.860002
7782.14014 0.860364
7782.89990 0.860726
7783.64014 0.861087
7784.39990 0.861448
7785.14014 0.861804
7785.89014 0.862168
7786.64014 0.862528
7787.39014 0.862884
7788.14014 0.863244
7788.89014 0.863603
7789.64014 0.86396
7790.37988 0.864127
7791.14014 0.864115
7791.89014 0.864098
7792.64014 0.864084
7793.37988 0.864071
7794.14014 0.864057
7794.89014 0.864043
7795.62988 0.864029
7796.39014 0.864014
7797.14014 0.863999
7797.89014 0.863985
7798.64014 0.86397
7799.39014 0.863954
7800.14014 0.86398
7800.89014 0.864189
7801.64014 0.864399
7802.39014 0.864605
7803.14014 0.864812
7803.89014 0.86502
7804.64014 0.865228
7805.39990 0.865435
7806.14014 0.865639
7806.89990 0.865845
7807.64990 0.866051
7808.39990 0.866254
7809.14990 0.866459
7809.89990 0.866664
7810.64990 0.866576
7811.41016 0.866442
7812.16016 0.866308
7812.91016 0.866174
7813.66016 0.866041
7814.41016 0.865908
7815.16016 0.865772
7815.91992 0.865636
7816.66992 0.865503
7817.41992 0.865368
7818.18018 0.865232
7818.91992 0.865099
7819.68018 0.864963
7820.43018 0.865019
7821.18994 0.865219
7821.93994 0.865418
7822.68994 0.865617
7823.43994 0.865814
7824.20020 0.866012
7824.93994 0.86621
7825.70020 0.866409
7826.45996 0.866605
7827.20020 0.866798
7827.95996 0.866997
7828.70996 0.867191
7829.47021 0.867385
7830.22021 0.867421
7830.97021 0.867082
7831.72998 0.866738
7832.47998 0.866397
7833.22998 0.866057
7833.99023 0.865713
7834.74023 0.865369
7835.49023 0.865029
7836.25000 0.864685
7837.00977 0.86434
7837.77002 0.863998
7838.50977 0.863659
7839.27002 0.863317
7840.02002 0.86299
7840.77979 0.863255
7841.52979 0.863519
7842.29004 0.863782
7843.04004 0.864044
7843.79980 0.864308
7844.54980 0.864568
7845.31006 0.86483
7846.06006 0.865091
7846.81006 0.86535
7847.56982 0.865611
7848.33008 0.86587
7849.08008 0.866128
7849.83008 0.866384
7850.58984 0.865142
7851.35010 0.863493
7852.10986 0.861833
7852.85986 0.860184
7853.60986 0.858536
7854.37012 0.856881
7855.12012 0.855245
7855.87988 0.853589
7856.64014 0.851935
7857.39014 0.850301
7858.14990 0.84865
7858.91016 0.847008
7859.66016 0.845366
7860.41992 0.844693
7861.18018 0.844806
7861.93018 0.844918
7862.68994 0.84503
7863.43994 0.845141
7864.20020 0.845253
7864.95996 0.845364
7865.70996 0.845471
7866.47021 0.845581
7867.22998 0.845692
7867.97998 0.8458
7868.75000 0.845909
7869.50000 0.846017
7870.25977 0.845805
7871.02002 0.844972
7871.77002 0.84414
7872.52979 0.843309
7873.29004 0.842475
7874.04004 0.841651
7874.79980 0.840817
7875.56006 0.839984
7876.31982 0.839161
7877.08008 0.838328
7877.83984 0.837498
7878.58984 0.836674
7879.35010 0.835841
7880.10986 0.835065
7880.87012 0.834581
7881.62988 0.834099
7882.39014 0.833616
7883.14990 0.833131
7883.89990 0.832648
7884.66016 0.832169
7885.41992 0.831685
7886.18018 0.8312
7886.93994 0.830721
7887.70020 0.830235
7888.45020 0.829754
7889.22021 0.829271
7889.97998 0.828791
7890.72998 0.828222
7891.50000 0.827647
7892.25000 0.827076
7893.00977 0.826506
7893.77002 0.825931
7894.52979 0.82536
7895.29004 0.824793
7896.04980 0.824221
7896.81006 0.823647
7897.58008 0.823072
7898.33008 0.822504
7899.08984 0.821936
7899.85010 0.821363
7900.60986 0.820882
7901.37012 0.820423
7902.12988 0.819961
7902.89014 0.819502
7903.66016 0.819039
7904.41016 0.818583
7905.18018 0.818121
7905.93994 0.817657
7906.68994 0.8172
7907.45996 0.816739
7908.22021 0.816278
7908.97998 0.815821
7909.74023 0.815361
7910.50000 0.814835
7911.25977 0.81428
7912.02979 0.81372
7912.79004 0.813165
7913.54980 0.81261
7914.31006 0.812052
7915.06982 0.811501
7915.83008 0.810943
7916.60010 0.810384
7917.35010 0.809832
7918.12012 0.809276
7918.87988 0.808717
7919.64014 0.808168
7920.41016 0.807792
7921.16992 0.807576
7921.93018 0.807358
7922.68994 0.80714
7923.45020 0.806926
7924.22021 0.80671
7924.97998 0.806493
7925.74023 0.806276
7926.50000 0.806059
7927.27002 0.805842
7928.02979 0.805625
7928.79004 0.805409
7929.56006 0.805191
7930.31982 0.804776
7931.08008 0.804081
7931.85010 0.803391
7932.60986 0.802703
7933.37012 0.802009
7934.14014 0.801318
7934.89990 0.800631
7935.66016 0.799938
7936.41992 0.799253
7937.18994 0.798561
7937.95996 0.797866
7938.72021 0.797183
7939.47998 0.796492
7940.24023 0.795936
7941.00977 0.795653
7941.77002 0.795371
7942.54004 0.795087
7943.31006 0.794802
7944.06982 0.79452
7944.83008 0.794239
7945.60010 0.793956
7946.35986 0.793672
7947.12012 0.793391
7947.89014 0.793106
7948.66016 0.792822
7949.43018 0.792537
7950.18994 0.792096
7950.95020 0.791154
7951.72021 0.79021
7952.47998 0.78927
7953.25000 0.788331
7954.00977 0.787385
7954.77979 0.786447
7955.54004 0.785514
7956.31006 0.78457
7957.08008 0.783628
7957.85010 0.782686
7958.60010 0.781754
7959.37012 0.780813
7960.14014 0.780032
7960.89990 0.779948
7961.66992 0.779862
7962.43994 0.779776
7963.20020 0.779691
7963.97021 0.779606
7964.72998 0.779518
7965.50000 0.779431
7966.27002 0.779344
7967.02979 0.779257
7967.79980 0.77917
7968.56982 0.779082
7969.33008 0.778994
7970.10010 0.778825
7970.87012 0.778155
7971.64014 0.777484
7972.41016 0.77681
7973.16992 0.77614
7973.93994 0.77547
7974.70996 0.774795
7975.47021 0.774129
7976.24023 0.773457
7977.00977 0.772784
7977.77002 0.772119
7978.54004 0.771445
7979.31006 0.770773
7980.08008 0.770032
7980.85010 0.76859
7981.60986 0.767156
7982.37988 0.765725
7983.14990 0.764286
7983.91992 0.762855
7984.68994 0.761427
7985.45996 0.759993
7986.22021 0.758577
7986.99023 0.757146
7987.77002 0.755717
7988.52979 0.754303
7989.29980 0.752875
7990.06982 0.751517
7990.83984 0.750806
7991.60986 0.750089
7992.37988 0.749376
7993.14014 0.748664
7993.91992 0.747947
7994.68018 0.747233
7995.45020 0.74652
7996.22021 0.745804
7996.99023 0.745097
7997.75977 0.744382
7998.52979 0.743666
7999.29980 0.742961
8000.06982 0.742287
8000.83984 0.742007
8001.60986 0.741729
8002.37988 0.741451
8003.14990 0.741174
8003.91992 0.740895
8004.68994 0.740617
8005.45996 0.740342
8006.22998 0.740063
8007.00000 0.739783
8007.77002 0.739507
8008.54004 0.739228
8009.31982 0.738948
8010.08984 0.738587
8010.85010 0.737621
8011.62012 0.736647
8012.39990 0.735667
8013.16992 0.734694
8013.93994 0.733721
8014.70996 0.732742
8015.47998 0.73177
8016.25000 0.730798
8017.02979 0.729822
8017.79980 0.72885
8018.56982 0.727874
8019.33984 0.726907
8020.10986 0.726093
8020.87988 0.726223
8021.64990 0.726353
8022.43018 0.726483
8023.20020 0.726614
8023.97021 0.726742
8024.75000 0.726871
8025.52002 0.727
8026.29004 0.727129
8027.06006 0.72726
8027.83008 0.727386
8028.60986 0.727513
8029.37988 0.727641
8030.14990 0.727678
8030.91992 0.727345
8031.70020 0.727007
8032.47021 0.726673
8033.24023 0.726336
8034.02002 0.726001
8034.79004 0.725666
8035.56006 0.725329
8036.33984 0.724993
8037.10986 0.724658
8037.89014 0.724323
8038.64990 0.723989
8039.43018 0.723651
8040.20996 0.723467
8040.97998 0.723706
8041.75000 0.723943
8042.52002 0.724178
8043.29980 0.724415
8044.06982 0.724653
8044.85010 0.724889
8045.62012 0.725125
8046.39990 0.725363
8047.16992 0.725598
8047.93994 0.725834
8048.72021 0.726071
8049.49023 0.726304
8050.27002 0.726365
8051.04004 0.726094
8051.81006 0.725826
8052.58984 0.725556
8053.37012 0.725288
8054.14014 0.72502
8054.91992 0.724749
8055.68994 0.724482
8056.47021 0.724212
8057.24023 0.723944
8058.02002 0.723674
8058.79004 0.723407
8059.56982 0.723137
8060.33984 0.723097
8061.12012 0.723343
8061.89990 0.723588
8062.66992 0.723834
8063.45020 0.724078
8064.22021 0.724321
8065.00000 0.724568
8065.77979 0.724811
8066.54980 0.725053
8067.33008 0.725298
8068.10986 0.72554
8068.87988 0.725782
8069.66016 0.726026
8070.43994 0.726088
8071.20996 0.72601
8071.99023 0.725928
8072.75977 0.725852
8073.54004 0.725772
8074.31982 0.725692
8075.10010 0.725612
8075.87988 0.725533
8076.64990 0.725453
8077.43018 0.725373
8078.20996 0.725295
8078.97998 0.725213
8079.77002 0.725132
8080.54004 0.725265
8081.31982 0.725495
8082.08984 0.725723
8082.87012 0.725952
8083.64990 0.726178
8084.43018 0.726406
8085.20020 0.726634
8085.99023 0.726863
8086.75977 0.727089
8087.54004 0.727316
8088.31982 0.727543
8089.10010 0.727768
8089.87988 0.727994
8090.66016 0.728025
8091.43018 0.728016
8092.20996 0.728007
8092.99023 0.727998
8093.77002 0.727991
8094.54980 0.727983
8095.33008 0.727973
8096.10010 0.727962
8096.89014 0.727952
8097.66016 0.727943
8098.43994 0.727934
8099.22998 0.727924
8100.00000 0.727915
8100.77979 0.728082
8101.56006 0.728248
8102.33984 0.728411
8103.12012 0.728576
8103.89990 0.72874
8104.68018 0.728904
8105.45996 0.729069
8106.24023 0.729232
8107.02002 0.729396
8107.79980 0.72956
8108.58008 0.729724
8109.35986 0.729888
8110.14014 0.729944
8110.91992 0.72954
8111.70020 0.729132
8112.47998 0.728726
8113.25977 0.728319
8114.04004 0.727911
8114.81982 0.727504
8115.60010 0.727098
8116.39014 0.726688
8117.16992 0.726281
8117.95020 0.725873
8118.72998 0.725468
8119.50977 0.725062
8120.29004 0.724848
8121.08008 0.724958
8121.85010 0.725066
8122.64014 0.725174
8123.41992 0.725284
8124.20020 0.725394
8124.97998 0.725502
8125.75977 0.725609
8126.54980 0.725716
8127.33008 0.725824
8128.10986 0.725931
8128.89990 0.72604
8129.68018 0.726147
8130.45996 0.725986
8131.24023 0.725636
8132.02002 0.725285
8132.81006 0.724932
8133.58984 0.724584
8134.37012 0.724234
8135.14990 0.723881
8135.93994 0.72353
8136.72021 0.723181
8137.50000 0.722829
8138.29004 0.722479
8139.06982 0.722129
8139.85010 0.721779
8140.64014 0.721547
8141.41992 0.721341
8142.20020 0.721138
8142.99023 0.720931
8143.77002 0.720727
8144.54980 0.720525
8145.33984 0.720319
8146.12012 0.720112
8146.89990 0.719909
8147.68994 0.719702
8148.47998 0.719496
8149.25977 0.719291
8150.04980 0.719075
8150.83008 0.718671
8151.60986 0.718268
8152.39990 0.717863
8153.18018 0.717463
8153.95996 0.717061
8154.75000 0.716654
8155.52979 0.716251
8156.31982 0.715847
8157.10010 0.715444
8157.89014 0.715039
8158.68018 0.714637
8159.45996 0.714235
8160.24023 0.714102
8161.02979 0.714575
8161.81006 0.715042
8162.60010 0.715515
8163.39014 0.715986
8164.16992 0.716452
8164.95996 0.716925
8165.74023 0.717391
8166.52979 0.717859
8167.31006 0.718329
8168.10010 0.718795
8168.89014 0.719263
8169.66992 0.719732
8170.45996 0.719553
8171.25000 0.718912
8172.02979 0.718275
8172.81006 0.717644
8173.60010 0.717003
8174.39014 0.716364
8175.18018 0.715732
8175.97021 0.715092
8176.75000 0.714457
8177.54004 0.713822
8178.33008 0.713183
8179.10986 0.712548
8179.89990 0.711911
8180.68994 0.711905
8181.47021 0.71199
8182.25977 0.712076
8183.04980 0.71216
8183.83008 0.712242
8184.62012 0.712328
8185.41016 0.712412
8186.20020 0.712495
8186.99023 0.712581
8187.77002 0.712664
8188.56006 0.712747
8189.35010 0.712831
8190.14014 0.712839
8190.93018 0.712497
8191.72021 0.712158
8192.50000 0.71182
8193.29980 0.711479
8194.08008 0.71114
8194.87012 0.710797
8195.66016 0.710461
8196.44043 0.710122
8197.24023 0.709781
8198.01953 0.709443
8198.80957 0.709103
8199.59961 0.708762
8200.38965 0.708836
8201.17969 0.709326
8201.96973 0.709821
8202.75977 0.710311
8203.54980 0.710802
8204.33984 0.71129
8205.12988 0.711784
8205.91992 0.712277
8206.70020 0.712763
8207.49023 0.713255
8208.29004 0.713748
8209.08008 0.714236
8209.87012 0.714729
8210.66016 0.714421
8211.45020 0.713952
8212.24023 0.713481
8213.03027 0.713013
8213.82031 0.712545
8214.61035 0.712072
8215.40039 0.711605
8216.19043 0.711134
8216.98047 0.710663
8217.76953 0.710198
8218.55957 0.709727
8219.34961 0.709258
8220.13965 0.708895
8220.94043 0.709013
8221.73047 0.709132
8222.51953 0.70925
8223.30957 0.709369
8224.09961 0.709488
8224.88965 0.709605
8225.69043 0.709725
8226.46973 0.709843
8227.26953 0.709961
8228.05957 0.710078
8228.84961 0.710195
8229.63965 0.710314
8230.42969 0.709973
8231.21973 0.709253
8232.01953 0.708528
8232.80957 0.707807
8233.59961 0.707082
8234.40039 0.706361
8235.19043 0.705639
8235.98047 0.70492
8236.76953 0.704194
8237.55957 0.703477
8238.36035 0.702752
8239.15039 0.702032
8239.94043 0.70131
8240.74023 0.700357
8241.53027 0.699391
8242.32031 0.69842
8243.12012 0.697454
8243.91016 0.696491
8244.70020 0.695519
8245.50000 0.694554
8246.28027 0.693595
8247.08008 0.692622
8247.87988 0.691653
8248.66992 0.690694
8249.45996 0.689722
8250.25977 0.689173
8251.04980 0.689499
8251.84961 0.68982
8252.63965 0.690143
8253.44043 0.690468
8254.23047 0.69079
8255.01953 0.691112
8255.82031 0.691438
8256.61035 0.691762
8257.41016 0.692086
8258.20020 0.692406
8259.00000 0.69273
8259.79004 0.693054
8260.58008 0.69296
8261.37988 0.692721
8262.17969 0.692481
8262.96973 0.692241
8263.75977 0.692
8264.55957 0.69176
8265.36035 0.691521
8266.16016 0.691281
8266.95020 0.691039
8267.74023 0.6908
8268.54004 0.69056
8269.33008 0.690322
8270.12988 0.690026
8270.92969 0.689432
8271.71973 0.68884
8272.51953 0.688248
8273.30957 0.687653
8274.11035 0.687061
8274.91016 0.686466
8275.70020 0.685875
8276.50000 0.685285
8277.29980 0.684691
8278.08984 0.684102
8278.88965 0.683506
8279.69043 0.682912
8280.48047 0.682354
8281.28027 0.681807
8282.08008 0.681262
8282.87012 0.680719
8283.66992 0.680173
8284.46973 0.67963
8285.25977 0.679087
8286.05957 0.678543
8286.86035 0.678
8287.66016 0.677455
8288.45996 0.676909
8289.25000 0.67637
8290.04980 0.675804
8290.84961 0.674961
8291.63965 0.674115
8292.44043 0.673266
8293.24023 0.672423
8294.04004 0.67158
8294.83984 0.670731
8295.63965 0.669887
8296.44043 0.669039
8297.24023 0.668195
8298.03027 0.667352
8298.83008 0.66651
8299.62988 0.66566
8300.41992 0.665561
8301.23047 0.666113
8302.01953 0.666658
8302.82031 0.667205
8303.62012 0.667754
8304.41992 0.668299
8305.21973 0.66885
8306.01953 0.669397
8306.82031 0.669944
8307.62012 0.670493
8308.41992 0.671039
8309.21973 0.671583
8310.01953 0.672095
8310.82031 0.671134
8311.61035 0.670184
8312.41992 0.669223
8313.21973 0.668266
8314.01953 0.667306
8314.82031 0.666351
8315.62012 0.665395
8316.41992 0.664433
8317.21973 0.663476
8318.01953 0.662518
8318.82031 0.661556
8319.62012 0.6606
8320.41992 0.660316
8321.21973 0.66063
