threeML/data/optical_filters/HST/ACS_WFC-F625W_81.ecsv
# %ECSV 0.9
# ---
# datatype:
# - {name: wavelength, unit: Angstrom, datatype: float32}
# - {name: response, datatype: float32}
# meta: !!omap
# - {band_name: F625W_81}
# - {group_name: ACS_WFC}
wavelength response
[from data line 797]
5980.14990 0.777834
5980.89990 0.777104
5981.64014 0.77638
5982.39014 0.775654
5983.14014 0.774924
5983.87988 0.774198
5984.62988 0.773469
5985.37988 0.772737
5986.12012 0.772008
5986.87012 0.771279
5987.62012 0.770547
5988.35986 0.769818
5989.10986 0.769086
5989.85986 0.768352
5990.60986 0.767089
5991.35010 0.765704
5992.10010 0.764311
5992.85010 0.762925
5993.60010 0.761535
5994.35010 0.76014
5995.08984 0.758751
5995.83984 0.757358
5996.58984 0.755959
5997.33984 0.754567
5998.08984 0.753172
5998.83984 0.75177
5999.58984 0.750375
6000.33008 0.749926
6001.08008 0.750661
6001.83008 0.751394
6002.58008 0.752127
6003.33008 0.752864
6004.08008 0.7536
6004.83008 0.754333
6005.58008 0.755068
6006.33008 0.755805
6007.08008 0.756544
6007.83008 0.757277
6008.58008 0.758015
6009.33008 0.75875
6010.08008 0.759527
6010.83008 0.760646
6011.58008 0.761761
6012.33008 0.762876
6013.08008 0.763999
6013.83008 0.76512
6014.58008 0.766232
6015.33008 0.767355
6016.08008 0.768475
6016.83008 0.769594
6017.58984 0.770717
6018.33984 0.771837
6019.08984 0.772957
6019.83984 0.774084
6020.58984 0.776079
6021.33984 0.778292
6022.08984 0.780525
6022.83984 0.78275
6023.60010 0.784977
6024.35010 0.787214
6025.10010 0.789442
6025.85010 0.791673
6026.60010 0.793916
6027.35986 0.796159
6028.10986 0.798385
6028.85986 0.80063
6029.60986 0.802868
6030.35986 0.804415
6031.12012 0.80523
6031.87012 0.806042
6032.62012 0.806854
6033.37988 0.807671
6034.12988 0.808488
6034.87988 0.809298
6035.64014 0.810115
6036.39014 0.81093
6037.14014 0.811746
6037.89990 0.812564
6038.64990 0.813381
6039.39990 0.814198
6040.16016 0.814925
6040.91016 0.815294
6041.66016 0.815662
6042.41992 0.816033
6043.16992 0.816402
6043.93018 0.816774
6044.68994 0.817143
6045.43994 0.817513
6046.20020 0.817885
6046.95020 0.818255
6047.70020 0.818623
6048.45996 0.818995
6049.20996 0.819366
6049.97021 0.819736
6050.72998 0.819868
6051.47998 0.81999
6052.22998 0.820112
6052.99023 0.820235
6053.74023 0.820355
6054.50000 0.820478
6055.25977 0.820601
6056.00977 0.820722
6056.77002 0.820843
6057.52002 0.820965
6058.27979 0.821087
6059.02979 0.821209
6059.79004 0.82133
6060.54980 0.820896
6061.29980 0.82025
6062.06006 0.8196
6062.81982 0.818955
6063.56982 0.818308
6064.33008 0.817657
6065.08984 0.817009
6065.85010 0.81636
6066.60010 0.815708
6067.35986 0.815059
6068.12012 0.81441
6068.87988 0.813756
6069.62988 0.813105
6070.39014 0.812801
6071.14990 0.812827
6071.89990 0.812851
6072.66016 0.812877
6073.41992 0.812901
6074.18018 0.812926
6074.93994 0.812952
6075.70020 0.812977
6076.45020 0.813001
6077.20996 0.813025
6077.97021 0.81305
6078.72998 0.813075
6079.49023 0.813099
6080.25000 0.813279
6081.00977 0.81378
6081.75977 0.81428
6082.52002 0.814783
6083.27979 0.815284
6084.04004 0.815787
6084.79980 0.816289
6085.56006 0.816794
6086.31982 0.817296
6087.08008 0.817797
6087.83984 0.818304
6088.60010 0.818807
6089.35986 0.819309
6090.12012 0.819613
6090.87988 0.818865
6091.64014 0.818118
6092.39990 0.817366
6093.16016 0.816617
6093.91992 0.815868
6094.68018 0.815114
6095.43994 0.814364
6096.20020 0.813613
6096.97021 0.812859
6097.72998 0.812106
6098.49023 0.811353
6099.25000 0.810597
6100.00977 0.809828
6100.77002 0.807834
6101.52979 0.805832
6102.29004 0.803839
6103.06006 0.801841
6103.81982 0.799837
6104.58008 0.797837
6105.33984 0.795837
6106.10010 0.793826
6106.85986 0.791825
6107.62988 0.789821
6108.39014 0.787809
6109.14990 0.785802
6109.91016 0.783795
6110.68018 0.783578
6111.43994 0.78359
6112.20020 0.783601
6112.97021 0.783612
6113.72998 0.783623
6114.49023 0.783634
6115.25977 0.783644
6116.02002 0.783655
6116.77979 0.783665
6117.54980 0.783676
6118.31006 0.783687
6119.06982 0.783696
6119.83984 0.783707
6120.60010 0.784945
6121.35986 0.78652
6122.12988 0.788102
6122.89014 0.789679
6123.64990 0.791257
6124.41992 0.792849
6125.18994 0.794427
6125.95020 0.796014
6126.72021 0.797595
6127.47998 0.799177
6128.25000 0.800766
6129.00977 0.80235
6129.77979 0.803934
6130.54004 0.805897
6131.31006 0.808007
6132.06982 0.810117
6132.83984 0.812237
6133.60010 0.814351
6134.37012 0.816466
6135.14014 0.818589
6135.89990 0.820706
6136.66016 0.822825
6137.43018 0.824954
6138.20020 0.827073
6138.95996 0.829196
6139.72998 0.831327
6140.50000 0.833601
6141.25977 0.835956
6142.02979 0.838322
6142.79980 0.84068
6143.56006 0.84304
6144.33008 0.845411
6145.10010 0.847772
6145.85986 0.850135
6146.62988 0.85251
6147.39990 0.854877
6148.16016 0.857245
6148.93018 0.859625
6149.70020 0.861995
6150.47021 0.863303
6151.24023 0.863927
6152.00000 0.864549
6152.77002 0.865169
6153.54004 0.865794
6154.31006 0.866416
6155.06982 0.867038
6155.83984 0.867663
6156.60986 0.868286
6157.37988 0.868909
6158.14990 0.869535
6158.91992 0.870158
6159.68018 0.870783
6160.45020 0.870831
6161.22021 0.870477
6161.99023 0.870123
6162.75977 0.869767
6163.52979 0.869414
6164.29980 0.869059
6165.06982 0.868702
6165.83984 0.868346
6166.60986 0.867989
6167.37988 0.867633
6168.14990 0.867275
6168.91992 0.866917
6169.68994 0.866561
6170.45996 0.86539
6171.22998 0.863673
6172.00000 0.861955
6172.77002 0.860229
6173.54004 0.858507
6174.31006 0.856787
6175.08008 0.855056
6175.85010 0.853331
6176.62012 0.851606
6177.39990 0.849872
6178.16016 0.848144
6178.93994 0.846415
6179.70996 0.844678
6180.47998 0.844291
6181.25000 0.844727
6182.02002 0.845166
6182.79004 0.845603
6183.56006 0.846039
6184.33984 0.846478
6185.10986 0.846916
6185.87988 0.847355
6186.64990 0.847794
6187.41992 0.848231
6188.18994 0.848669
6188.97021 0.849108
6189.74023 0.849546
6190.50977 0.849746
6191.29004 0.849824
6192.06006 0.849903
6192.83008 0.849982
6193.60010 0.85006
6194.37988 0.850138
6195.14990 0.850216
6195.93018 0.850294
6196.70020 0.850373
6197.47021 0.850451
6198.24023 0.850529
6199.02002 0.850606
6199.79004 0.850683
6200.56982 0.851816
6201.33984 0.853332
6202.10986 0.85485
6202.89014 0.856375
6203.66016 0.857893
6204.43994 0.859413
6205.20996 0.860939
6205.99023 0.862466
6206.77002 0.863993
6207.54004 0.865515
6208.31006 0.867038
6209.08984 0.868567
6209.85986 0.87009
6210.64014 0.871055
6211.41016 0.871901
6212.18994 0.872742
6212.95996 0.873586
6213.74023 0.874431
6214.52002 0.875274
6215.29004 0.876118
6216.06982 0.876965
6216.83984 0.877808
6217.62012 0.878653
6218.39990 0.879502
6219.16992 0.880347
6219.93994 0.881192
6220.72021 0.882107
6221.50000 0.883023
6222.27002 0.88394
6223.04980 0.884863
6223.83008 0.885778
6224.60010 0.886697
6225.37988 0.88762
6226.16016 0.888539
6226.93994 0.889459
6227.70996 0.890383
6228.49023 0.891302
6229.27002 0.892222
6230.04980 0.893073
6230.81982 0.892773
6231.60010 0.892472
6232.37988 0.892168
6233.16016 0.891865
6233.93018 0.891563
6234.70996 0.891259
6235.49023 0.890956
6236.27002 0.890653
6237.04980 0.890348
6237.81982 0.890044
6238.60010 0.889741
6239.37988 0.889435
6240.16016 0.889137
6240.93994 0.888869
6241.72021 0.888599
6242.50000 0.88833
6243.27979 0.888059
6244.06006 0.887787
6244.83984 0.887517
6245.60986 0.887247
6246.39990 0.886975
6247.16992 0.886704
6247.95996 0.886432
6248.72998 0.886159
6249.52002 0.885886
6250.29980 0.886168
6251.06982 0.887351
6251.85986 0.88854
6252.64014 0.889727
6253.41992 0.890912
6254.20020 0.892102
6254.97998 0.893289
6255.75977 0.894476
6256.54004 0.895669
6257.31982 0.896856
6258.10010 0.898044
6258.87988 0.899239
6259.66016 0.900428
6260.43994 0.901232
6261.22998 0.901745
6262.00977 0.902254
6262.79004 0.902764
6263.56982 0.903277
6264.35010 0.903787
6265.12988 0.904296
6265.91992 0.904811
6266.70020 0.905322
6267.47998 0.905834
6268.25977 0.906348
6269.04980 0.90686
6269.83008 0.907372
6270.60986 0.907437
6271.39014 0.907375
6272.16992 0.907313
6272.95996 0.907251
6273.74023 0.90719
6274.52002 0.907127
6275.31006 0.907064
6276.08984 0.907001
6276.87012 0.90694
6277.66016 0.906876
6278.43994 0.906813
6279.22021 0.90675
6280.00977 0.906683
6280.79004 0.906367
6281.56982 0.906051
6282.35986 0.905734
6283.14014 0.905418
6283.93018 0.905103
6284.70996 0.904784
6285.50000 0.904467
6286.27979 0.90415
6287.06982 0.903832
6287.85010 0.903513
6288.62988 0.903197
6289.43018 0.902877
6290.20996 0.901956
6291.00000 0.899358
6291.77979 0.896772
6292.56006 0.894184
6293.35010 0.891583
6294.14014 0.888991
6294.91992 0.886399
6295.70996 0.883793
6296.49023 0.881197
6297.27979 0.8786
6298.06982 0.875991
6298.85010 0.873391
6299.64014 0.870792
6300.41992 0.868388
6301.20996 0.866172
6301.99023 0.863955
6302.77979 0.86173
6303.56982 0.859511
6304.35010 0.857291
6305.14014 0.855062
6305.93018 0.852838
6306.72021 0.850615
6307.50977 0.848381
6308.29004 0.846156
6309.08008 0.843929
6309.87012 0.841693
6310.64990 0.84056
6311.43994 0.839649
6312.22998 0.838733
6313.02002 0.83782
6313.79980 0.836907
6314.58984 0.835989
6315.37988 0.835076
6316.16992 0.834161
6316.95996 0.83324
6317.75000 0.832326
6318.52979 0.831409
6319.31982 0.830487
6320.10986 0.829896
6320.89990 0.831295
6321.68994 0.832698
6322.47998 0.834099
6323.27002 0.835498
6324.06006 0.836905
6324.85010 0.838306
6325.62988 0.839709
6326.43018 0.841118
6327.20996 0.842522
6328.00000 0.843927
6328.79980 0.845338
6329.58008 0.846745
6330.37012 0.849256
6331.16016 0.853023
6331.95996 0.856789
6332.75000 0.860542
6333.54004 0.864297
6334.33008 0.868072
6335.12012 0.871832
6335.91016 0.875594
6336.70020 0.879375
6337.49023 0.883141
6338.27979 0.886911
6339.06982 0.890699
6339.85986 0.894473
6340.64990 0.896161
6341.45020 0.89742
6342.24023 0.898675
6343.02979 0.89993
6343.81982 0.901192
6344.60986 0.902447
6345.39990 0.903703
6346.20020 0.904966
6346.99023 0.906224
6347.77979 0.907482
6348.56982 0.908745
6349.35986 0.910004
6350.16016 0.911441
6350.95020 0.913603
6351.74023 0.915757
6352.52979 0.917911
6353.33008 0.920078
6354.12012 0.922235
6354.91016 0.924395
6355.70996 0.926564
6356.50000 0.928725
6357.29004 0.930887
6358.08984 0.933057
6358.87988 0.935224
6359.66992 0.937389
6360.47021 0.938384
6361.25977 0.938558
6362.06006 0.93873
6362.85010 0.938906
6363.64990 0.939079
6364.43994 0.939252
6365.22998 0.939426
6366.02979 0.9396
6366.81982 0.939774
6367.62012 0.939947
6368.41016 0.940121
6369.20996 0.940295
6370.00000 0.940465
6370.79980 0.939343
6371.58984 0.938222
6372.39014 0.937094
6373.18994 0.935965
6373.97998 0.934836
6374.77979 0.933711
6375.56982 0.932585
6376.37012 0.931452
6377.16016 0.930323
6377.95996 0.929194
6378.75977 0.92806
6379.54980 0.926934
6380.35010 0.926748
6381.14990 0.927792
6381.93994 0.928832
6382.74023 0.929872
6383.54004 0.93092
6384.33008 0.931961
6385.12988 0.933003
6385.93018 0.934049
6386.72021 0.935089
6387.52002 0.936138
6388.31982 0.937188
6389.10986 0.938233
6389.91016 0.939277
6390.70996 0.940062
6391.50977 0.94081
6392.29980 0.941558
6393.10010 0.942312
6393.89990 0.943056
6394.70020 0.943807
6395.50000 0.944559
6396.29980 0.945309
6397.08984 0.946058
6397.89014 0.946813
6398.68994 0.947562
6399.49023 0.948313
6400.29004 0.948743
6401.08008 0.948592
6401.87988 0.948443
6402.68994 0.948293
6403.47998 0.948143
6404.27979 0.947993
6405.08008 0.947841
6405.87988 0.947691
6406.68018 0.947542
6407.47998 0.947391
6408.27979 0.94724
6409.08008 0.947086
6409.87988 0.946934
6410.68018 0.947038
6411.47998 0.947187
6412.27979 0.947336
6413.08008 0.947486
6413.87988 0.947634
6414.68018 0.947785
6415.47998 0.947933
6416.27979 0.948081
6417.08008 0.948231
6417.89014 0.94838
6418.68994 0.948528
6419.49023 0.948676
6420.29004 0.948238
6421.08984 0.94677
6421.89014 0.9453
6422.68994 0.943825
6423.50000 0.942357
6424.29980 0.940886
6425.10010 0.93941
6425.89990 0.937934
6426.70020 0.936463
6427.50977 0.934985
6428.31006 0.933511
6429.10986 0.932037
6429.91016 0.930557
6430.72021 0.929708
6431.52002 0.928935
6432.31982 0.928159
6433.12012 0.927386
6433.93018 0.926614
6434.72998 0.925836
6435.52979 0.925061
6436.33008 0.924287
6437.14014 0.923509
6437.93994 0.922732
6438.74023 0.921957
6439.54980 0.921178
6440.35010 0.920849
6441.14990 0.921091
6441.95996 0.921334
6442.77002 0.921576
6443.56982 0.92182
6444.37012 0.922063
6445.18018 0.922304
6445.97998 0.922549
6446.79004 0.922791
6447.58984 0.923032
6448.39014 0.923274
6449.20020 0.923519
6450.00977 0.923763
6450.81006 0.92402
6451.62012 0.924281
6452.41992 0.92454
6453.22998 0.924799
6454.02979 0.925057
6454.83984 0.925318
6455.64014 0.925576
6456.45020 0.925836
6457.25000 0.926096
6458.06982 0.926358
6458.87012 0.926616
6459.68018 0.926876
6460.47998 0.928098
6461.29004 0.929955
6462.10010 0.931816
6462.89990 0.933683
6463.70996 0.935543
6464.52002 0.937404
6465.31982 0.939272
6466.12988 0.941125
6466.93994 0.942995
6467.74023 0.944865
6468.54980 0.946728
6469.35986 0.948592
6470.16992 0.950345
6470.97021 0.951639
6471.77979 0.952933
6472.58984 0.954233
6473.39014 0.955521
6474.20020 0.956822
6475.00977 0.958124
6475.81982 0.959421
6476.62988 0.960718
6477.43994 0.96202
6478.25000 0.963319
6479.04980 0.964617
6479.85986 0.965923
6480.66992 0.965243
6481.47998 0.964151
6482.29004 0.963058
6483.10010 0.961968
6483.91016 0.960877
6484.72021 0.959784
6485.52979 0.958694
6486.33008 0.957603
6487.14990 0.956508
6487.95020 0.95542
6488.75977 0.954325
6489.56982 0.953227
6490.37988 0.951669
6491.18994 0.949598
6492.00977 0.947516
6492.81006 0.94544
6493.62012 0.943366
6494.43994 0.941282
6495.24023 0.939212
6496.06006 0.937126
6496.87012 0.935038
6497.68018 0.932966
6498.49023 0.930876
6499.29980 0.928786
6500.10986 0.92659
6500.91992 0.92369
6501.72998 0.920772
6502.54980 0.917852
6503.35986 0.914947
6504.16992 0.912038
6504.97998 0.909113
6505.79980 0.906202
6506.60986 0.903288
6507.41992 0.900361
6508.22998 0.897443
6509.04004 0.894525
6509.85986 0.891594
6510.66992 0.890333
6511.47998 0.889427
6512.29980 0.888517
6513.10986 0.887611
6513.91992 0.886704
6514.72998 0.885794
6515.54980 0.884885
6516.35986 0.883977
6517.16992 0.883065
6517.97998 0.882155
6518.79980 0.881247
6519.60986 0.880333
6520.43018 0.880123
6521.24023 0.880547
6522.06006 0.880972
6522.87012 0.881396
6523.68018 0.881819
6524.50000 0.882245
6525.31006 0.882669
6526.12012 0.883092
6526.93994 0.883518
6527.75000 0.883942
6528.56982 0.884366
6529.39014 0.884793
6530.20020 0.885333
6531.00977 0.886226
6531.83008 0.887125
6532.64014 0.88802
6533.45996 0.888915
6534.27979 0.889814
6535.08984 0.89071
6535.89990 0.891605
6536.72021 0.892507
6537.54004 0.893404
6538.35010 0.894301
6539.16992 0.895203
6539.97998 0.8961
6540.79980 0.899596
6541.62012 0.903156
6542.43994 0.906701
6543.25000 0.910249
6544.06982 0.913814
6544.89014 0.917385
6545.70996 0.920955
6546.52002 0.924496
6547.33984 0.928071
6548.16016 0.931651
6548.97021 0.9352
6549.79004 0.93878
6550.60986 0.940552
6551.43018 0.941698
6552.24023 0.942843
6553.06006 0.943995
6553.87988 0.945137
6554.70020 0.946289
6555.52002 0.947441
6556.33008 0.948584
6557.14990 0.949739
6557.97021 0.950891
6558.79004 0.952041
6559.60986 0.95319
6560.43018 0.95389
6561.24023 0.954173
6562.06006 0.954456
6562.89014 0.954741
6563.70020 0.955023
6564.52002 0.955309
6565.33984 0.955593
6566.16016 0.955877
6566.97998 0.95616
6567.79980 0.956444
6568.62012 0.956727
6569.43994 0.957013
6570.25977 0.957018
6571.08008 0.956422
6571.89990 0.955817
6572.72021 0.955215
6573.54004 0.954615
6574.35986 0.954016
6575.18018 0.953414
6576.00000 0.952814
6576.81982 0.952212
6577.64990 0.951608
6578.45996 0.951009
6579.27979 0.950405
6580.10986 0.95005
6580.93018 0.951351
6581.75000 0.95265
6582.56982 0.953957
6583.39014 0.955254
6584.20996 0.956562
6585.04004 0.95787
6585.85010 0.959168
6586.68018 0.960476
6587.50000 0.961786
6588.33008 0.963098
6589.14990 0.964402
6589.97021 0.965708
6590.79004 0.965293
6591.62012 0.964812
6592.43994 0.964332
6593.25977 0.963849
6594.08008 0.963368
6594.91016 0.962888
6595.72998 0.962406
6596.54980 0.961923
6597.37988 0.961441
6598.20020 0.960958
6599.02002 0.960475
6599.85010 0.959991
6600.66992 0.961569
6601.49023 0.963611
6602.31982 0.965653
6603.14014 0.967705
6603.97021 0.969748
6604.79004 0.971793
6605.62012 0.973848
6606.43994 0.975896
6607.25977 0.977943
6608.08984 0.98
6608.91016 0.98205
6609.74023 0.984101
