threeML/data/optical_filters/HST/ACS_HRC-F220W.ecsv
# %ECSV 0.9
# ---
# datatype:
# - {name: wavelength, unit: Angstrom, datatype: float32}
# - {name: response, datatype: float32}
# meta: !!omap
# - {band_name: F220W}
# - {group_name: ACS_HRC}
wavelength response
[from data line 799]
2139.89990 0.889591
2140.28003 0.890239
2140.65991 0.8908
2141.03003 0.891357
2141.40991 0.891918
2141.79004 0.892476
2142.16992 0.893035
2142.55005 0.893595
2142.91992 0.894154
2143.30005 0.894715
2143.67993 0.895275
2144.06006 0.895836
2144.43994 0.896397
2144.82007 0.896956
2145.19995 0.897519
2145.57007 0.898081
2145.94995 0.898643
2146.33008 0.899206
2146.70996 0.899768
2147.09009 0.900332
2147.46997 0.900897
2147.85010 0.901461
2148.22998 0.902025
2148.60010 0.902586
2148.97998 0.90315
2149.36011 0.903715
2149.73999 0.904281
2150.12012 0.904842
2150.50000 0.905388
2150.87988 0.905937
2151.26001 0.906485
2151.63989 0.907032
2152.02002 0.907582
2152.39990 0.908129
2152.78003 0.908675
2153.15991 0.909223
2153.54004 0.909774
2153.91992 0.910322
2154.30005 0.910873
2154.67993 0.911424
2155.06006 0.911973
2155.43994 0.912524
2155.82007 0.913076
2156.19995 0.913627
2156.58008 0.914179
2156.95996 0.914731
2157.34009 0.915283
2157.71997 0.915835
2158.10010 0.916388
2158.47998 0.91694
2158.86011 0.917491
2159.23999 0.918044
2159.62988 0.918599
2160.01001 0.919158
2160.38989 0.919969
2160.77002 0.920778
2161.14990 0.921591
2161.53003 0.922405
2161.90991 0.923214
2162.30005 0.924027
2162.67993 0.924838
2163.06006 0.92565
2163.43994 0.926466
2163.82007 0.927279
2164.19995 0.928095
2164.59009 0.928908
2164.96997 0.929724
2165.35010 0.930543
2165.72998 0.931357
2166.11011 0.932177
2166.50000 0.932991
2166.87988 0.933809
2167.26001 0.934627
2167.63989 0.935448
2168.03003 0.936274
2168.40991 0.937091
2168.79004 0.937909
2169.17993 0.93873
2169.56006 0.939549
2169.93994 0.940373
2170.32007 0.941178
2170.70996 0.941984
2171.09009 0.942788
2171.46997 0.943593
2171.86011 0.944401
2172.23999 0.945209
2172.62012 0.946016
2173.01001 0.946825
2173.38989 0.947632
2173.77002 0.94844
2174.15991 0.949248
2174.54004 0.95006
2174.91992 0.950869
2175.31006 0.951681
2175.68994 0.952494
2176.07007 0.953305
2176.45996 0.954118
2176.84009 0.95493
2177.22998 0.955741
2177.61011 0.956556
2178.00000 0.957368
2178.37988 0.958184
2178.76001 0.958996
2179.14990 0.959812
2179.53003 0.960629
2179.91992 0.961445
2180.30005 0.961897
2180.68994 0.96225
2181.07007 0.962603
2181.45996 0.962962
2181.84009 0.963318
2182.22998 0.963674
2182.61011 0.964029
2183.00000 0.964381
2183.37988 0.964739
2183.77002 0.965096
2184.14990 0.965454
2184.54004 0.965809
2184.91992 0.966164
2185.31006 0.966522
2185.69995 0.96688
2186.08008 0.967239
2186.46997 0.967594
2186.85010 0.967947
2187.23999 0.968304
2187.62012 0.968661
2188.01001 0.96902
2188.39990 0.969377
2188.78003 0.969734
2189.16992 0.970093
2189.56006 0.97045
2189.93994 0.970808
2190.33008 0.971151
2190.70996 0.97149
2191.10010 0.971831
2191.48999 0.972172
2191.87988 0.972512
2192.26001 0.972853
2192.64990 0.973195
2193.04004 0.973538
2193.41992 0.97388
2193.81006 0.974222
2194.19995 0.974562
2194.58008 0.974903
2194.96997 0.975245
2195.36011 0.975587
2195.75000 0.975929
2196.12988 0.976273
2196.52002 0.976615
2196.90991 0.97696
2197.30005 0.977302
2197.67993 0.977645
2198.07007 0.977987
2198.45996 0.978331
2198.85010 0.978675
2199.23999 0.979018
2199.62012 0.979362
2200.01001 0.979702
2200.39990 0.97998
2200.79004 0.98026
2201.17993 0.980539
2201.57007 0.980819
2201.94995 0.981098
2202.34009 0.981375
2202.72998 0.981654
2203.12012 0.981934
2203.51001 0.982216
2203.89990 0.982497
2204.29004 0.982776
2204.67993 0.983056
2205.06006 0.983335
2205.44995 0.983615
2205.84009 0.983894
2206.22998 0.984176
2206.62012 0.984457
2207.01001 0.984739
2207.39990 0.985019
2207.79004 0.985299
2208.17993 0.985577
2208.57007 0.985856
2208.95996 0.986134
2209.35010 0.986417
2209.73999 0.986698
2210.12988 0.986968
2210.52002 0.987213
2210.90991 0.987456
2211.30005 0.987703
2211.68994 0.987949
2212.08008 0.988194
2212.46997 0.98844
2212.86011 0.988684
2213.25000 0.988931
2213.63989 0.989178
2214.03003 0.989425
2214.41992 0.989671
2214.81006 0.989916
2215.19995 0.990162
2215.59009 0.990408
2215.98999 0.990654
2216.37988 0.9909
2216.77002 0.991145
2217.15991 0.991392
2217.55005 0.991639
2217.93994 0.991886
2218.33008 0.992131
2218.71997 0.992375
2219.12012 0.992621
2219.51001 0.992868
2219.89990 0.993116
2220.29004 0.99326
2220.67993 0.993369
2221.08008 0.993479
2221.46997 0.993587
2221.86011 0.993697
2222.25000 0.993805
2222.63989 0.993915
2223.04004 0.994025
2223.42993 0.994135
2223.82007 0.994244
2224.20996 0.994354
2224.61011 0.994463
2225.00000 0.994572
2225.38989 0.994681
2225.78003 0.99479
2226.17993 0.994899
2226.57007 0.995006
2226.95996 0.995114
2227.35010 0.995222
2227.75000 0.99533
2228.13989 0.995438
2228.53003 0.995547
2228.92993 0.995657
2229.32007 0.995765
2229.71997 0.995872
2230.11011 0.995967
2230.50000 0.996032
2230.88989 0.996098
2231.29004 0.996163
2231.67993 0.99623
2232.08008 0.996295
2232.46997 0.996359
2232.86011 0.996423
2233.26001 0.996486
2233.64990 0.996551
2234.05005 0.996615
2234.43994 0.996678
2234.83008 0.996742
2235.22998 0.996806
2235.62012 0.996871
2236.02002 0.996936
2236.40991 0.997
2236.81006 0.997064
2237.19995 0.997127
2237.60010 0.997191
2237.98999 0.997254
2238.38989 0.997317
2238.78003 0.997381
2239.17993 0.997445
2239.57007 0.997509
2239.96997 0.997573
2240.36011 0.997636
2240.76001 0.997699
2241.14990 0.997762
2241.55005 0.997824
2241.93994 0.997886
2242.34009 0.99795
2242.73999 0.998012
2243.12988 0.998074
2243.53003 0.998136
2243.91992 0.998198
2244.32007 0.998261
2244.71997 0.998326
2245.11011 0.998389
2245.51001 0.99845
2245.90991 0.99851
2246.30005 0.998573
2246.69995 0.998636
2247.09009 0.998698
2247.48999 0.998761
2247.88989 0.998824
2248.28003 0.998886
2248.67993 0.998947
2249.08008 0.999008
2249.46997 0.999069
2249.87012 0.999129
2250.27002 0.999173
2250.65991 0.99921
2251.06006 0.999246
2251.45996 0.99928
2251.86011 0.999313
2252.25000 0.999349
2252.64990 0.999385
2253.05005 0.99942
2253.44995 0.999455
2253.84009 0.99949
2254.23999 0.999524
2254.63989 0.999559
2255.04004 0.999593
2255.43994 0.999629
2255.83008 0.999663
2256.22998 0.999698
2256.62988 0.999732
2257.03003 0.999766
2257.42993 0.9998
2257.82007 0.999833
2258.21997 0.999867
2258.62012 0.9999
2259.02002 0.999934
2259.41992 0.999967
2259.82007 1.0
2260.21997 0.999908
2260.61011 0.99971
2261.01001 0.999512
2261.40991 0.999311
2261.81006 0.99911
2262.20996 0.99891
2262.61011 0.998713
2263.01001 0.998517
2263.40991 0.998315
2263.81006 0.998113
2264.20996 0.997913
2264.61011 0.997713
2265.01001 0.997515
2265.40991 0.997312
2265.81006 0.99711
2266.19995 0.996908
2266.61011 0.996706
2267.01001 0.996505
2267.40991 0.996302
2267.81006 0.996099
2268.20996 0.995896
2268.61011 0.995693
2269.01001 0.995489
2269.40991 0.995286
2269.81006 0.995084
2270.20996 0.994868
2270.61011 0.994639
2271.01001 0.99441
2271.40991 0.994181
2271.81006 0.993952
2272.20996 0.993723
2272.61011 0.993493
2273.01001 0.993263
2273.41992 0.993033
2273.82007 0.992804
2274.21997 0.992574
2274.62012 0.992343
2275.02002 0.992112
2275.41992 0.991881
2275.82007 0.99165
2276.21997 0.991418
2276.62988 0.991184
2277.03003 0.990952
2277.42993 0.99072
2277.83008 0.990488
2278.23999 0.990256
2278.63989 0.990024
2279.04004 0.989792
2279.43994 0.989559
2279.84009 0.989326
2280.23999 0.988956
2280.64990 0.988496
2281.05005 0.988037
2281.44995 0.987575
2281.86011 0.987113
2282.26001 0.986652
2282.65991 0.986192
2283.06006 0.985729
2283.46997 0.985267
2283.87012 0.984804
2284.27002 0.984341
2284.67993 0.983879
2285.08008 0.983417
2285.47998 0.982953
2285.88989 0.982489
2286.29004 0.982024
2286.68994 0.981556
2287.10010 0.981089
2287.50000 0.980624
2287.89990 0.980159
2288.31006 0.979694
2288.70996 0.97923
2289.11011 0.978763
2289.52002 0.978293
2289.91992 0.977826
2290.33008 0.97734
2290.72998 0.976848
2291.13989 0.976358
2291.54004 0.975865
2291.93994 0.975375
2292.35010 0.974881
2292.75000 0.974388
2293.15991 0.973894
2293.56006 0.9734
2293.96997 0.972909
2294.37012 0.972412
2294.78003 0.971917
2295.17993 0.971421
2295.59009 0.970925
2295.98999 0.970431
2296.39990 0.969937
2296.80005 0.969441
2297.20996 0.968946
2297.61011 0.968447
2298.02002 0.96795
2298.41992 0.967452
2298.83008 0.966955
2299.22998 0.966457
2299.63989 0.965957
2300.05005 0.965393
2300.44995 0.964323
2300.86011 0.963253
2301.26001 0.962185
2301.66992 0.961114
2302.08008 0.960045
2302.47998 0.958973
2302.88989 0.957904
2303.30005 0.956834
2303.69995 0.955755
2304.11011 0.954683
2304.51001 0.953611
2304.91992 0.952539
2305.33008 0.951461
2305.73999 0.950382
2306.13989 0.94931
2306.55005 0.94823
2306.95996 0.947155
2307.36011 0.94608
2307.77002 0.945
2308.17993 0.94392
2308.59009 0.942839
2308.98999 0.941765
2309.39990 0.940683
2309.81006 0.939602
2310.20996 0.938514
2310.62012 0.937408
2311.03003 0.936301
2311.43994 0.935198
2311.85010 0.934092
2312.25000 0.932988
2312.65991 0.93188
2313.07007 0.930776
2313.47998 0.92967
2313.88989 0.92856
2314.30005 0.927453
2314.69995 0.926346
2315.11011 0.925235
2315.52002 0.924128
2315.92993 0.923017
2316.34009 0.921908
2316.75000 0.920795
2317.15991 0.919685
2317.56006 0.918573
2317.96997 0.917459
2318.37988 0.916346
2318.79004 0.915233
2319.19995 0.914126
2319.61011 0.913011
2320.02002 0.911916
2320.42993 0.911172
2320.84009 0.910425
2321.25000 0.909679
2321.65991 0.908932
2322.07007 0.908183
2322.47998 0.907437
2322.88989 0.906685
2323.30005 0.905939
2323.70996 0.905191
2324.12012 0.904438
2324.53003 0.903694
2324.93994 0.902944
2325.35010 0.902194
2325.76001 0.90144
2326.16992 0.900687
2326.58008 0.899938
2326.98999 0.899187
2327.39990 0.898437
2327.81006 0.897682
2328.21997 0.896931
2328.62988 0.896181
2329.04004 0.895427
2329.44995 0.894674
2329.86011 0.89392
2330.28003 0.893147
2330.68994 0.892368
2331.10010 0.891587
2331.51001 0.890812
2331.91992 0.890036
2332.33008 0.889256
2332.73999 0.888478
2333.15991 0.887694
2333.57007 0.886915
2333.97998 0.886136
2334.38989 0.885354
2334.80005 0.884574
2335.21997 0.883791
2335.62988 0.883011
2336.04004 0.88223
2336.44995 0.881445
2336.86011 0.880665
2337.28003 0.879881
2337.68994 0.879096
2338.10010 0.878314
2338.51001 0.877529
2338.92993 0.876745
2339.34009 0.87596
2339.75000 0.875176
2340.16992 0.874557
2340.58008 0.874186
2340.98999 0.873816
2341.40991 0.873444
2341.82007 0.873075
2342.22998 0.872705
2342.63989 0.872336
2343.06006 0.871966
2343.46997 0.871592
2343.88989 0.871219
2344.30005 0.870847
2344.70996 0.870476
2345.12988 0.870104
2345.54004 0.86973
2345.94995 0.869358
2346.37012 0.868985
2346.78003 0.868612
2347.19995 0.868241
2347.61011 0.867868
2348.03003 0.867495
2348.43994 0.867121
2348.85010 0.866745
2349.27002 0.866372
2349.67993 0.865999
2350.10010 0.865624
2350.51001 0.865243
2350.92993 0.864863
2351.34009 0.864483
2351.76001 0.864101
2352.16992 0.86372
2352.59009 0.863337
2353.00000 0.862953
2353.41992 0.862575
2353.83008 0.862193
2354.25000 0.861812
2354.65991 0.861428
2355.08008 0.861045
2355.48999 0.860661
2355.90991 0.860278
2356.33008 0.859897
2356.73999 0.859515
2357.15991 0.859131
2357.57007 0.858746
2357.98999 0.858359
2358.40991 0.857977
2358.82007 0.857593
2359.23999 0.857208
2359.64990 0.856824
2360.07007 0.856257
2360.48999 0.854845
2360.89990 0.853424
2361.32007 0.852005
2361.73999 0.850585
2362.14990 0.849162
2362.57007 0.847744
2362.98999 0.846322
2363.40991 0.844898
2363.82007 0.843476
2364.23999 0.842051
2364.65991 0.84063
2365.07007 0.839209
2365.48999 0.837781
2365.90991 0.836362
2366.32007 0.834933
2366.73999 0.833508
2367.15991 0.83208
2367.58008 0.830653
2368.00000 0.82923
2368.40991 0.827799
2368.83008 0.826377
2369.25000 0.824947
2369.66992 0.823522
2370.09009 0.822096
2370.51001 0.820655
2370.91992 0.819222
2371.34009 0.817789
2371.76001 0.81635
2372.17993 0.814917
2372.60010 0.81348
2373.02002 0.812046
2373.42993 0.810611
2373.85010 0.809172
2374.27002 0.807742
2374.68994 0.8063
2375.11011 0.804859
2375.53003 0.803415
2375.94995 0.801976
2376.37012 0.80054
2376.79004 0.799101
2377.20996 0.797663
2377.62988 0.796218
2378.05005 0.794778
2378.46997 0.793334
2378.88989 0.791891
2379.30005 0.790455
2379.71997 0.78901
2380.13989 0.787715
2380.56006 0.786699
2380.98999 0.78568
2381.40991 0.784662
2381.83008 0.783641
2382.23999 0.782623
2382.65991 0.781604
2383.09009 0.780579
2383.51001 0.779564
2383.92993 0.778543
2384.35010 0.777524
2384.77002 0.776503
2385.18994 0.775481
2385.61011 0.774458
2386.03003 0.773438
2386.44995 0.772414
2386.87012 0.771393
2387.30005 0.770369
2387.71997 0.769352
2388.13989 0.768327
2388.56006 0.767305
2388.97998 0.76628
2389.39990 0.765255
2389.82007 0.764233
2390.25000 0.763202
2390.66992 0.762168
2391.09009 0.761136
2391.51001 0.7601
2391.92993 0.759067
2392.36011 0.758035
2392.78003 0.757001
2393.19995 0.755968
2393.62012 0.754931
2394.05005 0.753898
2394.46997 0.752861
2394.88989 0.751827
2395.31006 0.750794
2395.73999 0.749755
2396.15991 0.748721
2396.58008 0.747684
2397.00000 0.74665
2397.42993 0.74561
2397.85010 0.744578
2398.27002 0.743538
2398.69995 0.742499
2399.12012 0.741463
2399.54004 0.740425
2399.96997 0.739384
2400.38989 0.737883
2400.81006 0.736337
2401.23999 0.734791
2401.65991 0.733251
2402.09009 0.731705
2402.51001 0.730167
2402.92993 0.728617
2403.36011 0.727075
2403.78003 0.725532
2404.19995 0.723986
2404.62988 0.722442
2405.05005 0.720894
2405.47998 0.71935
2405.89990 0.717801
2406.33008 0.71625
2406.75000 0.714709
2407.17993 0.713157
2407.60010 0.711612
2408.03003 0.710066
2408.44995 0.708515
2408.87988 0.706964
2409.30005 0.705413
2409.72998 0.703865
2410.14990 0.702313
2410.58008 0.700753
2411.00000 0.699202
2411.42993 0.69764
2411.85010 0.696078
2412.28003 0.694517
2412.69995 0.692965
2413.12988 0.691407
2413.56006 0.689839
2413.97998 0.688281
2414.40991 0.68672
2414.83008 0.685156
2415.26001 0.683602
2415.68994 0.682038
2416.11011 0.680474
2416.54004 0.678909
2416.96997 0.677342
2417.38989 0.675787
2417.82007 0.674222
2418.23999 0.672662
2418.66992 0.671099
2419.10010 0.669533
2419.53003 0.667971
2419.94995 0.666405
2420.37988 0.665064
2420.81006 0.663746
2421.22998 0.662432
2421.65991 0.661117
2422.09009 0.659798
2422.52002 0.658481
2422.93994 0.65716
2423.37012 0.655843
2423.80005 0.654527
2424.22998 0.653202
2424.65991 0.651886
2425.08008 0.650571
2425.51001 0.649249
2425.93994 0.647934
2426.37012 0.646614
2426.80005 0.645293
2427.21997 0.643976
2427.64990 0.642658
2428.08008 0.641338
2428.51001 0.640016
2428.93994 0.638693
2429.36011 0.637373
2429.80005 0.636049
2430.21997 0.634729
2430.64990 0.633395
2431.08008 0.632065
2431.51001 0.63073
2431.93994 0.629395
2432.37012 0.628064
2432.80005 0.626728
2433.22998 0.625397
2433.65991 0.624062
2434.09009 0.622731
2434.51001 0.6214
2434.93994 0.620068
2435.37012 0.618733
2435.80005 0.617401
2436.22998 0.616068
2436.65991 0.61473
2437.09009 0.613393
2437.52002 0.612059
2437.94995 0.610721
2438.37988 0.60939
2438.81006 0.608057
2439.23999 0.606719
2439.67993 0.605385
2440.11011 0.604064
2440.54004 0.602803
2440.96997 0.601543
2441.39990 0.600275
2441.83008 0.599011
2442.26001 0.597744
2442.68994 0.59648
2443.12012 0.595215
2443.55005 0.593948
2443.97998 0.592684
2444.40991 0.591416
2444.85010 0.590147
2445.28003 0.588887
2445.70996 0.587619
2446.13989 0.586355
2446.57007 0.585084
2447.00000 0.583817
2447.43994 0.582549
2447.87012 0.581281
2448.30005 0.580015
2448.72998 0.578744
2449.15991 0.577477
2449.59009 0.576215
2450.03003 0.574946
2450.45996 0.573681
2450.88989 0.572413
2451.32007 0.571145
2451.76001 0.569878
2452.18994 0.568603
2452.62012 0.567337
2453.06006 0.566067
2453.48999 0.5648
2453.91992 0.563532
2454.36011 0.562265
2454.79004 0.560994
2455.21997 0.559726
2455.65991 0.558452
2456.09009 0.557184
2456.52002 0.555914
2456.95996 0.554648
2457.38989 0.553374
2457.82007 0.552104
2458.26001 0.550838
2458.68994 0.549559
2459.12012 0.54829
2459.56006 0.547019
2459.98999 0.545751
2460.42993 0.544464
2460.86011 0.543172
2461.29004 0.541885
2461.72998 0.540594
2462.15991 0.539307
2462.60010 0.538021
2463.03003 0.536725
2463.46997 0.535442
2463.89990 0.534149
2464.34009 0.532858
2464.77002 0.531573
2465.20996 0.530282
2465.63989 0.528992
