threeML/data/optical_filters/HST/ACS_WFC-F660N_77.ecsv
# %ECSV 0.9
# ---
# datatype:
# - {name: wavelength, unit: Angstrom, datatype: float32}
# - {name: response, datatype: float32}
# meta: !!omap
# - {band_name: F660N_77}
# - {group_name: ACS_WFC}
wavelength response
5890.90527 0.0
6545.45020 0.00253715
6546.41016 0.00287241
6547.37012 0.00320788
6548.31982 0.00354254
6549.27979 0.00387723
6550.24023 0.00421329
6551.20020 0.00454906
6552.16016 0.00488353
6553.10986 0.00521826
6554.08008 0.00555563
6555.04004 0.00588373
6555.99023 0.00603621
6556.95020 0.00618938
6557.91016 0.00634263
6558.87012 0.00649532
6559.83008 0.00664811
6560.79980 0.00800709
6561.75000 0.00961103
6562.72021 0.0112223
6563.68018 0.0128343
6564.64014 0.0144414
6565.60010 0.0184846
6566.56006 0.0240573
6567.52002 0.0295933
6568.47998 0.0351319
6569.43994 0.0406958
6570.39990 0.0522331
6571.35986 0.0719129
6572.31982 0.0915975
6573.29004 0.111368
6574.25000 0.131152
6575.20996 0.156703
6576.18018 0.203126
6577.14014 0.249562
6578.10010 0.295844
6579.06006 0.342162
6580.02002 0.389069
6580.99023 0.451592
6581.95020 0.513914
6582.91016 0.576294
6583.87988 0.638919
6584.83984 0.701599
6585.79980 0.743593
6586.77002 0.781728
6587.72998 0.819897
6588.70020 0.857926
6589.66016 0.895988
6590.62012 0.921033
6591.58984 0.938895
6592.54980 0.956692
6593.52002 0.974503
6594.47998 0.992385
6595.45020 1.0
6596.41016 0.995781
6597.37988 0.991545
6598.35010 0.987307
6599.31006 0.983083
6600.27002 0.979488
6601.24023 0.977479
6602.20996 0.975467
6603.16992 0.973461
6604.14014 0.971454
6605.10986 0.96671
6606.06982 0.9407
6607.04004 0.914666
6608.00977 0.888421
6608.97998 0.862365
6609.93994 0.836178
6610.91016 0.790243
6611.87988 0.743271
6612.85010 0.696262
6613.81006 0.649072
6614.77979 0.601847
6615.75000 0.54785
6616.72021 0.491802
6617.68994 0.435313
6618.66016 0.379235
6619.62012 0.323141
6620.58984 0.280326
6621.56006 0.246155
6622.52979 0.212077
6623.50000 0.178006
6624.47021 0.143769
6625.43994 0.118448
6626.41016 0.10398
6627.37988 0.0894492
6628.35010 0.0749063
6629.31982 0.0604101
6630.29004 0.0486589
6631.25977 0.0434297
6632.22998 0.0381987
6633.20020 0.0329867
6634.16992 0.0277703
6635.14014 0.0229647
6636.10986 0.0207456
6637.08008 0.0185334
6638.04980 0.0163126
6639.02979 0.0140899
6640.00000 0.0118743
6640.97021 0.0112525
6641.93994 0.0106324
6642.91016 0.0100122
6643.87988 0.009394
6644.85010 0.00877557
6645.83008 0.00841217
6646.79980 0.00809409
6647.77002 0.00777703
6648.75000 0.00745859
6649.72021 0.00714004
6650.68994 0.00679334
6651.66016 0.00643487
6652.64014 0.00607487
6653.60986 0.00571479
6654.58984 0.00535589
6655.56006 0.00502235
6656.54004 0.00471153
6657.50977 0.00439955
6658.49023 0.00408733
6659.45996 0.00377629
6660.43018 0.00346523
6661.41016 0.00315304
6662.39014 0.00284069
7328.62939 0.0
