threeML/data/optical_filters/HST/ACS_HRC-F475W.ecsv
# %ECSV 0.9
# ---
# datatype:
# - {name: wavelength, unit: Angstrom, datatype: float32}
# - {name: response, datatype: float32}
# meta: !!omap
# - {band_name: F475W}
# - {group_name: ACS_HRC}
wavelength response
[from data line 1598]
4575.95996 0.761231
4576.45996 0.761171
4576.95996 0.761112
4577.45996 0.761053
4577.95996 0.760993
4578.47021 0.760932
4578.97021 0.760871
4579.47021 0.76081
4579.97021 0.76075
4580.47998 0.760982
4580.97998 0.76123
4581.47998 0.761478
4581.97998 0.761727
4582.47998 0.761977
4582.97998 0.762226
4583.49023 0.762476
4583.99023 0.762727
4584.49023 0.762977
4584.99023 0.763225
4585.50000 0.763475
4586.00000 0.763725
4586.50000 0.763974
4587.00000 0.764224
4587.50977 0.764475
4588.00977 0.764725
4588.50977 0.764974
4589.00977 0.765224
4589.52002 0.765476
4590.02002 0.76572
4590.52002 0.765828
4591.02979 0.765935
4591.52979 0.766043
4592.02979 0.766151
4592.54004 0.766259
4593.04004 0.766368
4593.54980 0.766476
4594.04980 0.766583
4594.54980 0.766692
4595.04980 0.7668
4595.56006 0.766908
4596.06006 0.767016
4596.56006 0.767123
4597.06982 0.767231
4597.56982 0.767339
4598.06982 0.767448
4598.58008 0.767555
4599.08984 0.767662
4599.58984 0.767771
4600.08984 0.767968
4600.60010 0.768575
4601.10010 0.769182
4601.60986 0.769789
4602.10986 0.770393
4602.60986 0.771002
4603.12012 0.771611
4603.62012 0.772216
4604.12988 0.772825
4604.62988 0.773432
4605.14014 0.774042
4605.64014 0.774648
4606.14990 0.775257
4606.64990 0.775865
4607.14990 0.776476
4607.66016 0.777085
4608.16992 0.777696
4608.66992 0.77831
4609.16992 0.778917
4609.68018 0.779528
4610.18994 0.779988
4610.68994 0.780187
4611.20020 0.780387
4611.70020 0.780587
4612.20996 0.780788
4612.72021 0.780989
4613.22021 0.781189
4613.72021 0.78139
4614.22998 0.781591
4614.74023 0.781792
4615.24023 0.781991
4615.74023 0.782192
4616.25000 0.782392
4616.75977 0.782592
4617.25977 0.782793
4617.77002 0.782995
4618.27979 0.783197
4618.77979 0.783396
4619.29004 0.783598
4619.79980 0.783799
4620.29980 0.784272
4620.81006 0.784926
4621.31006 0.785583
4621.81982 0.786241
4622.33008 0.786895
4622.83984 0.787551
4623.33984 0.788208
4623.85010 0.788868
4624.35010 0.789524
4624.85986 0.790183
4625.37012 0.790839
4625.87012 0.7915
4626.37988 0.792156
4626.89014 0.792816
4627.39990 0.793479
4627.89990 0.794141
4628.41016 0.794799
4628.91992 0.795464
4629.43018 0.796126
4629.93018 0.796782
4630.43994 0.797364
4630.95020 0.797933
4631.45996 0.798502
4631.95996 0.799066
4632.47021 0.799635
4632.97998 0.800206
4633.49023 0.800776
4633.99023 0.801342
4634.50000 0.801913
4635.00977 0.802484
4635.52002 0.803055
4636.02002 0.803626
4636.52979 0.804198
4637.04004 0.804768
4637.54980 0.805336
4638.06006 0.805908
4638.56982 0.806483
4639.06982 0.807058
4639.58008 0.807627
4640.08984 0.808175
4640.60010 0.808609
4641.10010 0.809042
4641.60986 0.809476
4642.12012 0.809911
4642.62988 0.810344
4643.14014 0.81078
4643.64990 0.811214
4644.16016 0.81165
4644.66992 0.812087
4645.18018 0.812521
4645.68994 0.812957
4646.20020 0.813393
4646.70996 0.81383
4647.22021 0.814267
4647.72998 0.814704
4648.22998 0.815139
4648.74023 0.815575
4649.25000 0.816013
4649.75977 0.816452
4650.27002 0.816863
4650.77979 0.817255
4651.29004 0.817647
4651.79980 0.818037
4652.31006 0.81843
4652.81982 0.818819
4653.33008 0.819214
4653.83984 0.819607
4654.35010 0.820001
4654.85986 0.820393
4655.37012 0.820787
4655.87988 0.82118
4656.39014 0.821573
4656.89990 0.821968
4657.41016 0.822363
4657.91992 0.822758
4658.43018 0.823149
4658.93994 0.823541
4659.45020 0.823937
4659.97021 0.824334
4660.47021 0.824957
4660.97998 0.825598
4661.49023 0.826244
4662.00977 0.82689
4662.52002 0.827531
4663.02979 0.828176
4663.54004 0.828824
4664.04980 0.829464
4664.56006 0.830111
4665.06982 0.830759
4665.58984 0.831406
4666.10010 0.832054
4666.60986 0.832698
4667.12012 0.833346
4667.62988 0.833992
4668.14014 0.834641
4668.64990 0.835286
4669.16992 0.835936
4669.68018 0.836582
4670.18994 0.837083
4670.70020 0.837329
4671.20996 0.837574
4671.72021 0.837819
4672.22998 0.838064
4672.75000 0.83831
4673.25977 0.838556
4673.77002 0.838801
4674.27979 0.839047
4674.79980 0.839294
4675.31006 0.839538
4675.81982 0.839782
4676.33984 0.840029
4676.85010 0.840277
4677.35986 0.840521
4677.87012 0.840768
4678.39014 0.841014
4678.89990 0.84126
4679.41016 0.841505
4679.91992 0.841749
4680.43994 0.841805
4680.95020 0.841825
4681.45996 0.841844
4681.97998 0.841863
4682.49023 0.841882
4683.00000 0.841902
4683.50977 0.84192
4684.02979 0.841938
4684.54004 0.841955
4685.04980 0.841973
4685.56982 0.841994
4686.08008 0.842014
4686.60010 0.842032
4687.10986 0.84205
4687.62012 0.842069
4688.14014 0.842087
4688.64990 0.842104
4689.16016 0.842122
4689.68018 0.842141
4690.18994 0.842197
4690.70020 0.842316
4691.22021 0.842435
4691.72998 0.842554
4692.25000 0.842674
4692.75977 0.842793
4693.27979 0.842913
4693.79004 0.843033
4694.31006 0.843152
4694.81982 0.843273
4695.33984 0.843392
4695.85010 0.84351
4696.35986 0.843628
4696.87988 0.843748
4697.39014 0.843869
4697.91016 0.843989
4698.41992 0.844107
4698.93994 0.844226
4699.45020 0.844345
4699.97021 0.844464
4700.47998 0.844619
4701.00000 0.844777
4701.50977 0.844935
4702.02979 0.845094
4702.54004 0.84525
4703.06006 0.845407
4703.58008 0.845566
4704.08984 0.845723
4704.60986 0.84588
4705.12012 0.846037
4705.64014 0.846195
4706.14990 0.846352
4706.66992 0.84651
4707.18018 0.846668
4707.70020 0.846826
4708.20996 0.846984
4708.72998 0.847141
4709.25000 0.847299
4709.75977 0.847455
4710.27979 0.847801
4710.79980 0.848309
4711.31006 0.848817
4711.83008 0.849323
4712.35010 0.849832
4712.85986 0.850341
4713.37988 0.850849
4713.89990 0.851355
4714.41016 0.851864
4714.93018 0.852373
4715.43994 0.852881
4715.95996 0.853388
4716.47998 0.853899
4716.99023 0.854408
4717.50977 0.854915
4718.02979 0.855425
4718.54980 0.855936
4719.06006 0.856447
4719.58008 0.856956
4720.10010 0.857339
4720.60986 0.857158
4721.12988 0.856977
4721.64990 0.856797
4722.16992 0.856617
4722.68994 0.856437
4723.20020 0.856257
4723.72021 0.856076
4724.24023 0.855895
4724.75977 0.855712
4725.27002 0.85553
4725.79004 0.855347
4726.31006 0.855165
4726.83008 0.854984
4727.33984 0.854801
4727.85986 0.854618
4728.37988 0.854433
4728.89990 0.854251
4729.41992 0.854068
4729.93994 0.853884
4730.45020 0.854088
4730.97021 0.854347
4731.49023 0.854605
4732.00977 0.854864
4732.52979 0.855124
4733.04980 0.855381
4733.56006 0.855638
4734.08008 0.855897
4734.60010 0.856156
4735.12012 0.856415
4735.64014 0.856673
4736.16016 0.856933
4736.68018 0.857193
4737.20020 0.857451
4737.72021 0.857711
4738.24023 0.857971
4738.75000 0.85823
4739.27002 0.85849
4739.79980 0.858751
4740.31006 0.85892
4740.83008 0.859029
4741.35010 0.85914
4741.87988 0.85925
4742.39014 0.859359
4742.91016 0.85947
4743.43018 0.859579
4743.95020 0.859688
4744.47021 0.859797
4744.99023 0.859905
4745.50977 0.860016
4746.02979 0.860126
4746.54980 0.860236
4747.06982 0.860345
4747.58984 0.860456
4748.10986 0.860565
4748.62988 0.860675
4749.14990 0.860784
4749.68018 0.860893
4750.18994 0.861212
4750.72021 0.861887
4751.24023 0.862562
4751.75977 0.863234
4752.27002 0.863906
4752.79980 0.86458
4753.31982 0.865257
4753.83984 0.865934
4754.35986 0.866603
4754.87988 0.867279
4755.39990 0.867957
4755.91992 0.868635
4756.43994 0.869309
4756.97021 0.869987
4757.49023 0.870665
4758.00977 0.871342
4758.52979 0.872021
4759.04980 0.872701
4759.56982 0.873381
4760.10010 0.873964
4760.62012 0.874136
4761.14014 0.874308
4761.66016 0.874479
4762.18018 0.874649
4762.70020 0.874821
4763.22998 0.874993
4763.75000 0.875163
4764.27002 0.875333
4764.79004 0.875505
4765.31006 0.875677
4765.83984 0.875849
4766.35986 0.876019
4766.87988 0.876191
4767.39990 0.876362
4767.93018 0.876533
4768.45020 0.876705
4768.97021 0.876877
4769.49023 0.877047
4770.02002 0.877236
4770.54004 0.877951
4771.06006 0.878671
4771.58008 0.879386
4772.10986 0.880106
4772.62988 0.880828
4773.14990 0.881545
4773.66992 0.882261
4774.20020 0.882983
4774.72021 0.883704
4775.24023 0.884423
4775.77002 0.885145
4776.29004 0.885868
4776.81982 0.886589
4777.33984 0.887313
4777.85986 0.888033
4778.39014 0.888756
4778.91016 0.88948
4779.43994 0.890201
4779.95996 0.890926
4780.47998 0.891085
4781.00977 0.891199
4781.52979 0.891311
4782.06006 0.891424
4782.58008 0.891536
4783.10010 0.891648
4783.62012 0.891761
4784.14990 0.891873
4784.68018 0.891986
4785.20020 0.892098
4785.72021 0.892211
4786.25000 0.892324
4786.77002 0.892437
4787.29980 0.89255
4787.81982 0.892662
4788.35010 0.892774
4788.87988 0.892887
4789.39990 0.892999
4789.91992 0.893112
4790.45020 0.893411
4790.97021 0.893744
4791.49023 0.894075
4792.02002 0.894409
4792.54980 0.894741
4793.06982 0.895072
4793.60010 0.895405
4794.12012 0.895737
4794.64990 0.896073
4795.16992 0.896405
4795.70020 0.896738
4796.22998 0.897072
4796.75000 0.897407
4797.27979 0.89774
4797.79980 0.898073
4798.33008 0.898407
4798.85010 0.898741
4799.37988 0.899073
4799.91016 0.899409
4800.43018 0.899599
4800.95996 0.899757
4801.47998 0.899916
4802.00977 0.900075
4802.54004 0.900233
4803.06006 0.900391
4803.58984 0.900549
4804.12012 0.900707
4804.64014 0.900866
4805.16992 0.901025
4805.68994 0.901183
4806.22021 0.901341
4806.75000 0.901499
4807.27979 0.901657
4807.79980 0.901816
4808.33008 0.901976
4808.85010 0.902133
4809.37988 0.902293
4809.91016 0.902452
4810.43994 0.902673
4810.95996 0.902905
4811.49023 0.90314
4812.02002 0.903374
4812.54980 0.903608
4813.06982 0.90384
4813.60010 0.904076
4814.12988 0.90431
4814.64990 0.904544
4815.18018 0.904779
4815.70996 0.905014
4816.24023 0.905248
4816.77002 0.905481
4817.29980 0.905717
4817.81982 0.905952
4818.35010 0.906188
4818.87988 0.906421
4819.41016 0.906657
4819.93018 0.906892
4820.45996 0.906785
4820.99023 0.906631
4821.52002 0.906476
4822.04980 0.906322
4822.58008 0.906167
4823.10010 0.906011
4823.64014 0.905855
4824.16016 0.905699
4824.68994 0.905545
4825.22021 0.905388
4825.75000 0.905232
4826.27979 0.905076
4826.81006 0.904919
4827.33984 0.904763
4827.85986 0.904608
4828.39014 0.904451
4828.91992 0.904294
4829.45020 0.904137
4829.97998 0.903979
4830.50977 0.904118
4831.04004 0.904268
4831.56982 0.904418
4832.10010 0.904568
4832.62988 0.904717
4833.16016 0.904868
4833.68994 0.905019
4834.22021 0.905169
4834.75000 0.905318
4835.27979 0.905468
4835.81006 0.905618
4836.33984 0.905767
4836.87012 0.905918
4837.39990 0.906069
4837.93018 0.906221
4838.45996 0.906371
4838.99023 0.90652
4839.52002 0.90667
4840.04980 0.906805
4840.58008 0.906796
4841.10986 0.906786
4841.64014 0.906777
4842.16992 0.906767
4842.70020 0.906757
4843.22998 0.906747
4843.77002 0.906736
4844.29004 0.906727
4844.83008 0.906718
4845.35986 0.906709
4845.89014 0.906699
4846.41992 0.906688
4846.95020 0.906677
4847.47998 0.906667
4848.00977 0.906657
4848.54004 0.906646
4849.06982 0.906636
4849.60010 0.906625
4850.14014 0.906695
4850.66992 0.906999
4851.20020 0.907304
4851.72998 0.907609
4852.25977 0.907913
4852.79980 0.908218
4853.33008 0.908522
4853.85986 0.90883
4854.39014 0.909137
4854.93018 0.909443
4855.45996 0.90975
4855.97998 0.910052
4856.52002 0.910357
4857.04980 0.910663
4857.58984 0.91097
4858.10986 0.911274
4858.64990 0.911579
4859.18018 0.911885
4859.70996 0.912191
4860.24023 0.9123
4860.77979 0.91218
4861.31006 0.91206
4861.83984 0.911942
4862.37988 0.911822
4862.91016 0.911701
4863.43994 0.91158
4863.97998 0.911459
4864.50977 0.911339
4865.04004 0.911219
4865.58008 0.911098
4866.10986 0.910977
4866.64014 0.910857
4867.18018 0.910735
4867.70996 0.910615
4868.24023 0.910494
4868.77002 0.910372
4869.31006 0.910249
4869.83984 0.910127
4870.37988 0.910232
4870.91016 0.910436
4871.43994 0.910639
4871.97998 0.910842
4872.50977 0.911044
4873.04980 0.911247
4873.58008 0.91145
4874.10986 0.911654
4874.64990 0.911859
4875.18994 0.912064
4875.72021 0.912265
4876.25000 0.912469
4876.79004 0.912672
4877.31982 0.912876
4877.85010 0.913078
4878.39014 0.913282
4878.91992 0.913485
4879.45996 0.91369
4879.99023 0.913892
4880.52002 0.914097
4881.06006 0.914302
4881.60010 0.914506
4882.12988 0.914711
4882.66992 0.914917
4883.20020 0.915122
4883.74023 0.915326
4884.27002 0.91553
4884.81006 0.915735
4885.35010 0.91594
4885.87988 0.916144
4886.41016 0.916349
4886.95020 0.916554
4887.47998 0.91676
4888.02002 0.916966
4888.56006 0.91717
4889.08984 0.917374
4889.62988 0.917579
4890.16016 0.917851
4890.70020 0.918275
4891.24023 0.918699
4891.77002 0.919119
4892.31006 0.919543
4892.85010 0.919969
4893.37988 0.920394
4893.91992 0.920818
4894.45996 0.921243
4894.99023 0.921667
4895.52979 0.92209
4896.06006 0.922513
4896.60010 0.922939
4897.14014 0.923364
4897.66992 0.923785
4898.20996 0.92421
4898.75000 0.924635
4899.27979 0.925063
4899.81982 0.925487
4900.35986 0.92592
4900.89014 0.92635
4901.43018 0.926784
4901.97021 0.927216
4902.50977 0.927651
4903.04980 0.928084
4903.58008 0.928513
4904.12012 0.928946
4904.64990 0.92938
4905.18994 0.929814
4905.72998 0.930246
4906.27002 0.930681
4906.81006 0.931116
4907.33984 0.93155
4907.87988 0.931982
4908.41992 0.932416
4908.95020 0.932853
4909.49023 0.93329
4910.02979 0.933743
4910.56982 0.934464
4911.10986 0.935185
4911.64990 0.935898
4912.18018 0.936618
4912.72998 0.937343
4913.25977 0.938062
4913.79980 0.938783
4914.33984 0.939506
4914.87988 0.940225
4915.41992 0.940946
4915.95996 0.941669
4916.50000 0.942394
4917.02979 0.943118
4917.56982 0.94384
4918.10986 0.944563
4918.64990 0.945288
4919.18994 0.946013
4919.72998 0.946734
4920.27002 0.947175
4920.81006 0.947326
4921.35010 0.947477
4921.89014 0.947629
4922.43018 0.947781
4922.97021 0.947933
4923.50977 0.948083
4924.04004 0.948231
4924.58008 0.948382
4925.12012 0.948534
4925.66016 0.948683
4926.20020 0.948833
4926.74023 0.948983
4927.27979 0.949134
4927.81982 0.949284
4928.35986 0.949435
4928.89990 0.949588
4929.43994 0.949739
4929.97998 0.949889
4930.52002 0.950035
4931.06006 0.950181
4931.60986 0.950328
4932.14014 0.950475
4932.68018 0.950621
4933.22998 0.950769
4933.77002 0.950916
4934.31006 0.951063
4934.85010 0.95121
4935.39014 0.951356
4935.93018 0.951503
4936.47021 0.95165
4937.00977 0.951796
4937.54980 0.951942
4938.08984 0.952088
4938.62988 0.952234
4939.18018 0.952381
4939.70996 0.952525
4940.25977 0.952814
4940.79980 0.953263
4941.33984 0.953712
4941.87988 0.95416
4942.43018 0.954609
4942.97021 0.955058
4943.50977 0.955506
4944.04980 0.95595
4944.58984 0.956399
4945.12988 0.956848
4945.68018 0.957296
4946.22021 0.95774
4946.75977 0.95819
4947.29980 0.95864
4947.85010 0.95909
4948.37988 0.959536
4948.93018 0.959988
4949.47021 0.960436
4950.00977 0.960881
4950.56006 0.961148
4951.10010 0.961416
4951.64014 0.961681
4952.18018 0.96195
4952.72998 0.962218
4953.27002 0.962486
4953.81006 0.962754
4954.35010 0.963022
4954.89990 0.963289
4955.43994 0.963557
4955.97998 0.963826
4956.52002 0.964092
4957.06982 0.964361
4957.60986 0.964629
4958.14990 0.964897
4958.70020 0.965166
4959.24023 0.965435
4959.79004 0.965704
4960.33008 0.965905
4960.87012 0.966068
4961.41992 0.96623
4961.95996 0.966393
4962.50977 0.966557
4963.04980 0.96672
4963.58984 0.966882
4964.14014 0.967044
4964.68018 0.967207
4965.22998 0.96737
4965.77002 0.967531
4966.31006 0.967693
4966.85986 0.967857
4967.39990 0.968019
4967.95020 0.96818
4968.49023 0.968342
4969.02979 0.968505
4969.58008 0.968669
4970.12012 0.968829
4970.66992 0.968979
4971.22021 0.96913
4971.75977 0.969282
4972.29980 0.969431
4972.85010 0.969581
4973.39014 0.969733
4973.93994 0.969885
4974.47998 0.970035
4975.02979 0.970185
4975.56982 0.970337
4976.12012 0.970488
4976.66016 0.970637
4977.20996 0.970787
4977.75000 0.970939
4978.29980 0.971091
4978.85010 0.971244
4979.39014 0.971394
4979.93994 0.971543
4980.47998 0.971744
4981.02979 0.971955
4981.58008 0.972168
4982.12012 0.97238
4982.66992 0.972591
4983.20996 0.972801
4983.75977 0.973011
4984.31006 0.973223
4984.85010 0.973436
4985.39990 0.973647
4985.93994 0.973857
4986.49023 0.974069
4987.04004 0.97428
4987.58008 0.97449
4988.12988 0.9747
4988.66992 0.974911
4989.22021 0.975123
4989.77002 0.975334
4990.31982 0.975621
4990.87012 0.97596
4991.41016 0.9763
4991.95996 0.97664
4992.50977 0.976978
4993.04980 0.977318
4993.60010 0.977658
4994.14990 0.977998
4994.68994 0.978335
4995.24023 0.978675
4995.79004 0.979015
4996.33984 0.979357
