threeML/data/optical_filters/HST/ACS_WFC-F606W_77.ecsv
# %ECSV 0.9
# ---
# datatype:
# - {name: wavelength, unit: Angstrom, datatype: float32}
# - {name: response, datatype: float32}
# meta: !!omap
# - {band_name: F606W_77}
# - {group_name: ACS_WFC}
wavelength response
[from data line 3210]
6884.52979 0.925357
6885.39014 0.919855
6886.25977 0.91435
6887.12012 0.908841
6887.97998 0.903307
6888.85010 0.897773
6889.70996 0.892262
6890.56982 0.891568
6891.43994 0.893297
6892.29980 0.895027
6893.16016 0.896758
6894.02002 0.898488
6894.89014 0.900218
6895.75977 0.901958
6896.62012 0.903698
6897.47998 0.90543
6898.35010 0.907161
6899.20996 0.908896
6900.06982 0.909856
6900.93994 0.902716
6901.79980 0.895572
6902.66992 0.888424
6903.52979 0.881245
6904.39990 0.874062
6905.27002 0.86691
6906.12988 0.859755
6907.00000 0.852601
6907.85986 0.845441
6908.72998 0.83828
6909.58984 0.831117
6910.45020 0.829094
6911.31982 0.831722
6912.18994 0.834349
6913.06006 0.836968
6913.91992 0.839587
6914.79004 0.842207
6915.64990 0.844829
6916.52002 0.847453
6917.39014 0.850078
6918.25000 0.852705
6919.12012 0.855341
6919.99023 0.857982
6920.85986 0.851862
6921.72021 0.845651
6922.58984 0.839439
6923.45996 0.833222
6924.31982 0.827003
6925.18994 0.820784
6926.06006 0.814565
6926.93018 0.808312
6927.79980 0.80206
6928.66992 0.795834
6929.52979 0.789606
6930.39990 0.78896
6931.27002 0.794838
6932.14014 0.800713
6933.00000 0.806594
6933.87012 0.812472
6934.74023 0.818376
6935.60986 0.824285
6936.47998 0.830167
6937.35010 0.836049
6938.22021 0.841934
6939.08984 0.847818
6939.95996 0.853705
6940.81982 0.850603
6941.68994 0.847023
6942.56982 0.843429
6943.43994 0.839832
6944.31006 0.83625
6945.18018 0.832666
6946.04980 0.82908
6946.91992 0.825493
6947.79004 0.821902
6948.66016 0.818312
6949.52979 0.81472
6950.39990 0.816401
6951.27002 0.824352
6952.14014 0.83227
6953.00977 0.840194
6953.87988 0.848111
6954.75977 0.856035
6955.62012 0.863957
6956.50000 0.871879
6957.37012 0.879801
6958.24023 0.88776
6959.12012 0.895721
6959.99023 0.903646
6960.85986 0.904703
6961.72998 0.905658
6962.60010 0.906614
6963.47021 0.90757
6964.35010 0.908526
6965.22021 0.90948
6966.08984 0.91044
6966.97021 0.9114
6967.83984 0.912355
6968.70996 0.91331
6969.58008 0.914266
6970.45996 0.916806
6971.33008 0.920786
6972.20020 0.924767
6973.06982 0.928749
6973.95020 0.932751
6974.83008 0.936751
6975.70020 0.940737
6976.56982 0.944724
6977.45020 0.94871
6978.31982 0.952699
6979.18994 0.956687
6980.06982 0.960049
6980.93994 0.956021
6981.81982 0.951969
6982.70020 0.947919
6983.56982 0.94388
6984.45020 0.939843
6985.31982 0.935802
6986.18994 0.931758
6987.06982 0.927713
6987.93994 0.923667
6988.81982 0.919616
6989.70020 0.915547
6990.58008 0.916456
6991.45020 0.919971
6992.33008 0.923485
6993.20020 0.927001
6994.08008 0.93052
6994.95020 0.934038
6995.83008 0.937557
6996.70020 0.941076
6997.58008 0.944613
6998.45996 0.948151
6999.33984 0.951674
7000.20996 0.953568
7001.08984 0.950371
7001.97021 0.94719
7002.83984 0.944007
7003.72021 0.940825
7004.60010 0.937641
7005.47998 0.934441
7006.35986 0.931243
7007.24023 0.928056
7008.10986 0.924885
7008.99023 0.921683
7009.87012 0.918497
7010.74023 0.919573
7011.62012 0.921414
7012.50000 0.923253
7013.37988 0.925098
7014.25977 0.926944
7015.14014 0.928782
7016.02002 0.930612
7016.89990 0.932458
7017.77979 0.934297
7018.64990 0.936137
7019.52979 0.937975
7020.41016 0.936674
7021.29004 0.931786
7022.18018 0.926896
7023.06006 0.922026
7023.93018 0.917177
7024.81006 0.912284
7025.68994 0.90741
7026.56982 0.902533
7027.45020 0.897654
7028.33008 0.892778
7029.22021 0.887875
7030.10010 0.884149
7030.97998 0.889612
7031.85986 0.895051
7032.74023 0.900543
7033.62012 0.906011
7034.50000 0.91148
7035.37988 0.916949
7036.25977 0.922422
7037.14990 0.927918
7038.02979 0.933417
7038.91016 0.938892
7039.79004 0.944343
7040.68018 0.94216
7041.56006 0.9376
7042.43994 0.933041
7043.31982 0.928479
7044.20020 0.923917
7045.08984 0.919334
7045.97021 0.91475
7046.85010 0.910186
7047.72998 0.905639
7048.62012 0.901052
7049.50000 0.896487
7050.37988 0.896465
7051.27002 0.902367
7052.14990 0.908273
7053.02979 0.914204
7053.91992 0.920135
7054.81006 0.926043
7055.68018 0.931926
7056.56982 0.93786
7057.45020 0.94377
7058.33984 0.949683
7059.22021 0.955594
7060.10010 0.960194
7060.99023 0.955018
7061.87988 0.949839
7062.75977 0.944686
7063.64990 0.939553
7064.52979 0.934377
7065.41992 0.929222
7066.29980 0.924063
7067.18994 0.918909
7068.06982 0.91375
7068.95996 0.908569
7069.85010 0.903389
7070.72998 0.893264
7071.60986 0.882148
7072.50000 0.870932
7073.39014 0.859763
7074.27002 0.848592
7075.16016 0.837414
7076.04980 0.826235
7076.93994 0.815003
7077.81982 0.803771
7078.70996 0.792586
7079.58984 0.781443
7080.47998 0.761322
7081.37012 0.733817
7082.25977 0.706308
7083.14014 0.678779
7084.02979 0.651247
7084.91992 0.62359
7085.81006 0.59593
7086.70020 0.568373
7087.58008 0.540948
7088.47021 0.513262
7089.35986 0.485679
7090.25000 0.460941
7091.12988 0.443597
7092.02002 0.426264
7092.91016 0.408837
7093.79980 0.391421
7094.68994 0.374083
7095.58008 0.356813
7096.47021 0.339393
7097.35986 0.32205
7098.24023 0.304698
7099.12988 0.287349
7100.02002 0.270183
7100.91016 0.259991
7101.81006 0.249799
7102.70020 0.239647
7103.58008 0.229544
7104.47998 0.219342
7105.35986 0.209189
7106.25000 0.199037
7107.14014 0.18888
7108.02979 0.178723
7108.93018 0.168521
7109.81982 0.158314
7110.70996 0.152744
7111.60010 0.14835
7112.49023 0.143918
7113.37988 0.139502
7114.27002 0.135088
7115.16016 0.130671
7116.04980 0.126254
7116.95020 0.121817
7117.83984 0.117376
7118.72998 0.112955
7119.62012 0.108553
7120.52002 0.105098
7121.41016 0.102382
7122.29980 0.0996647
7123.18994 0.0969466
7124.08008 0.0942281
7124.97998 0.0914971
7125.87012 0.0887641
7126.75977 0.086044
7127.64990 0.0833338
7128.54980 0.0805979
7129.43994 0.0778748
7130.33008 0.0757103
7131.22998 0.0744856
7132.12012 0.0732609
7133.02002 0.0720306
7133.91016 0.0707996
7134.81006 0.0695739
7135.68994 0.0683535
7136.58984 0.0671223
7137.47998 0.0658958
7138.37988 0.06467
7139.27002 0.0634433
7140.16992 0.0622048
7141.06006 0.0609125
7141.95996 0.0596196
7142.85010 0.0583322
7143.74023 0.0570506
7144.64014 0.0557575
7145.54004 0.0544692
7146.43018 0.053181
7147.33008 0.0518928
7148.22021 0.0506046
7149.12012 0.0493108
7150.02002 0.048022
7150.91016 0.0467466
7151.81006 0.0454824
7152.70020 0.0442064
7153.60010 0.0429368
7154.49023 0.0416665
7155.39014 0.0403964
7156.29004 0.0391257
7157.18994 0.0378502
7158.08008 0.0365796
7158.97998 0.0353035
7159.87012 0.034038
7160.77002 0.0327842
7161.66992 0.0315385
7162.56982 0.0302925
7163.45996 0.0290463
7164.35986 0.0277999
7165.25977 0.0265471
7166.16016 0.0252995
7167.04980 0.0240571
7167.95020 0.0228036
7168.85010 0.0215492
7169.75000 0.0203
7170.64990 0.0193103
7171.54980 0.0184207
7172.43994 0.0175305
7173.35010 0.0166369
7174.24023 0.0157466
7175.14014 0.0148602
7176.04004 0.0139655
7176.93994 0.0130707
7177.83984 0.0121803
7178.74023 0.0112889
7179.64014 0.0103979
7180.52979 0.00980228
7181.43994 0.0094052
7182.33984 0.00900982
7183.22998 0.00861591
7184.14014 0.00821874
7185.04004 0.00782135
7185.93994 0.00742565
7186.83984 0.00702992
7187.74023 0.00663416
7188.64014 0.00623815
7189.54004 0.00584042
7190.43994 0.00556256
7191.33984 0.00540867
7192.24023 0.00525336
7193.14990 0.00509803
7194.04980 0.00494338
7194.95020 0.00478872
7195.85010 0.00463397
7196.75000 0.0044793
7197.64990 0.00432388
7198.54980 0.00416904
7199.45020 0.00401495
7200.35010 0.00385939
7201.25977 0.00370378
7202.16016 0.00354884
7203.06006 0.00339391
7203.97021 0.00323889
7204.87012 0.00308396
7205.77002 0.0029282
7206.68018 0.00277319
7207.56982 0.00261886
7208.47998 0.0024631
7209.39014 0.00230735
7210.29004 0.00218959
7931.31885 0.0
