threeML/data/optical_filters/HST/ACS_WFC-F606W_81.ecsv
# %ECSV 0.9
# ---
# datatype:
# - {name: wavelength, unit: Angstrom, datatype: float32}
# - {name: response, datatype: float32}
# meta: !!omap
# - {band_name: F606W_81}
# - {group_name: ACS_WFC}
wavelength response
[from data line 1600]
5626.91992 0.707488
5627.62012 0.709447
5628.33008 0.711408
5629.02979 0.71337
5629.74023 0.715332
5630.45020 0.717049
5631.14990 0.718617
5631.85010 0.720168
5632.56006 0.721739
5633.27002 0.723311
5633.97998 0.724877
5634.68018 0.726444
5635.39014 0.728012
5636.08984 0.729579
5636.79980 0.731154
5637.50977 0.732731
5638.20996 0.734288
5638.91992 0.735865
5639.62012 0.737444
5640.33008 0.738407
5641.04004 0.738682
5641.74023 0.738958
5642.45020 0.739234
5643.16016 0.739513
5643.87012 0.739789
5644.56982 0.740063
5645.27979 0.740341
5645.99023 0.740619
5646.68994 0.740894
5647.39990 0.74117
5648.10986 0.741447
5648.81982 0.741724
5649.52979 0.742003
5650.24023 0.741869
5650.93994 0.740919
5651.64990 0.739957
5652.35986 0.738994
5653.06982 0.738035
5653.77002 0.737076
5654.47998 0.736116
5655.18994 0.735156
5655.89990 0.734191
5656.60986 0.733225
5657.31006 0.732272
5658.02002 0.731305
5658.74023 0.730338
5659.43994 0.729376
5660.14990 0.7284
5660.85986 0.727381
5661.56982 0.72636
5662.27979 0.725335
5662.99023 0.724311
5663.70020 0.723298
5664.41016 0.722272
5665.12012 0.721245
5665.83008 0.720222
5666.54004 0.719198
5667.25000 0.718174
5667.95996 0.717149
5668.66992 0.71612
5669.37988 0.715089
5670.08984 0.71422
5670.79980 0.714429
5671.50977 0.714639
5672.22021 0.714849
5672.93018 0.715059
5673.64014 0.715269
5674.35010 0.715478
5675.06006 0.715688
5675.77979 0.715898
5676.47998 0.716106
5677.20020 0.716318
5677.91016 0.716528
5678.62012 0.716739
5679.33008 0.716949
5680.04004 0.717203
5680.75000 0.71815
5681.47021 0.719102
5682.18018 0.720046
5682.89014 0.720993
5683.60010 0.721948
5684.31982 0.722901
5685.02979 0.723851
5685.74023 0.724802
5686.45020 0.725753
5687.16016 0.726706
5687.87988 0.727662
5688.58984 0.72861
5689.29980 0.729564
5690.00977 0.730528
5690.72998 0.731767
5691.43994 0.732999
5692.14990 0.734232
5692.87012 0.735468
5693.58008 0.736703
5694.29980 0.737944
5695.00977 0.739176
5695.72021 0.740412
5696.43018 0.741655
5697.14990 0.742899
5697.85986 0.744139
5698.58008 0.745378
5699.29004 0.746618
5700.00000 0.747856
5700.72021 0.748383
5701.43018 0.748907
5702.14014 0.749433
5702.85986 0.749962
5703.58008 0.750491
5704.29004 0.751017
5705.00977 0.751544
5705.72021 0.752072
5706.43018 0.7526
5707.14990 0.753132
5707.85986 0.753656
5708.58008 0.754185
5709.29980 0.754717
5710.00977 0.755221
5710.72998 0.754209
5711.43994 0.753195
5712.16016 0.75218
5712.87012 0.751166
5713.58984 0.750145
5714.29980 0.749134
5715.02002 0.748119
5715.74023 0.747098
5716.45020 0.746078
5717.16992 0.74506
5717.89014 0.744042
5718.60010 0.743023
5719.31982 0.742005
5720.04004 0.741034
5720.75000 0.741041
5721.47021 0.74105
5722.18994 0.741059
5722.89990 0.741066
5723.62012 0.741074
5724.33984 0.741082
5725.04980 0.74109
5725.77002 0.741099
5726.49023 0.741108
5727.20020 0.741116
5727.91992 0.741126
5728.64014 0.741135
5729.35986 0.741144
5730.08008 0.741299
5730.79980 0.742648
5731.50977 0.743996
5732.22998 0.745346
5732.95020 0.746703
5733.66992 0.748048
5734.37988 0.7494
5735.10010 0.750758
5735.83008 0.752119
5736.54004 0.753473
5737.25977 0.754829
5737.97998 0.756187
5738.70020 0.757545
5739.41992 0.758909
5740.14014 0.75936
5740.85010 0.755912
5741.56982 0.75245
5742.29980 0.748988
5743.02002 0.745537
5743.72998 0.742083
5744.45020 0.738632
5745.16992 0.735177
5745.89990 0.731708
5746.60986 0.728266
5747.33008 0.724809
5748.04980 0.721336
5748.77979 0.717861
5749.49023 0.714402
5750.22021 0.711971
5750.93994 0.711962
5751.64990 0.711955
5752.37988 0.711946
5753.10010 0.711936
5753.81006 0.711926
5754.54004 0.711919
5755.25977 0.711911
5755.97998 0.711901
5756.70020 0.711893
5757.41992 0.711885
5758.14014 0.711876
5758.87012 0.711867
5759.58984 0.71186
5760.31006 0.711736
5761.02979 0.711453
5761.75977 0.711172
5762.47998 0.710892
5763.20020 0.710611
5763.91992 0.71033
5764.64014 0.710049
5765.35986 0.709767
5766.08008 0.709487
5766.81006 0.709208
5767.52979 0.708926
5768.25977 0.708644
5768.97998 0.708363
5769.70020 0.708082
5770.41992 0.708413
5771.14990 0.709181
5771.87012 0.709952
5772.58984 0.710716
5773.31006 0.711485
5774.04004 0.712258
5774.75977 0.713031
5775.49023 0.713801
5776.20996 0.714571
5776.93018 0.715342
5777.66016 0.716115
5778.37988 0.716891
5779.10010 0.717661
5779.83008 0.718435
5780.54980 0.719787
5781.27979 0.721321
5782.00000 0.722848
5782.72998 0.724378
5783.45020 0.725907
5784.16992 0.727438
5784.89990 0.728976
5785.62012 0.730503
5786.35010 0.732035
5787.06982 0.733575
5787.79980 0.735116
5788.52979 0.736651
5789.25000 0.738188
5789.97998 0.739726
5790.70020 0.741593
5791.43018 0.743482
5792.14990 0.745355
5792.87988 0.747238
5793.60010 0.74913
5794.33008 0.751023
5795.06006 0.752909
5795.77979 0.754795
5796.50977 0.756685
5797.22998 0.758575
5797.95996 0.760475
5798.68994 0.762359
5799.41016 0.764252
5800.14014 0.765978
5800.87012 0.766959
5801.60010 0.767935
5802.31982 0.768911
5803.04980 0.769889
5803.77002 0.770867
5804.50000 0.77185
5805.22998 0.772824
5805.95020 0.773803
5806.68018 0.774787
5807.41016 0.775772
5808.14014 0.776753
5808.87012 0.777735
5809.60010 0.778717
5810.31982 0.779465
5811.04980 0.77992
5811.77979 0.780373
5812.50000 0.780828
5813.22998 0.781285
5813.97021 0.781742
5814.68994 0.782199
5815.41992 0.782655
5816.14990 0.783113
5816.87988 0.783568
5817.60010 0.784026
5818.33008 0.784484
5819.06006 0.784941
5819.79004 0.785403
5820.52002 0.784543
5821.25000 0.783171
5821.97998 0.781796
5822.70996 0.780422
5823.43994 0.779048
5824.16992 0.777673
5824.89990 0.776296
5825.62988 0.774918
5826.35986 0.773534
5827.08984 0.77215
5827.81982 0.770769
5828.54980 0.769389
5829.27979 0.768009
5830.00977 0.766646
5830.74023 0.766624
5831.47021 0.766602
5832.20020 0.766581
5832.93018 0.766559
5833.66992 0.766538
5834.39990 0.766517
5835.12988 0.766495
5835.85986 0.766475
5836.58984 0.766453
5837.31982 0.766431
5838.04980 0.766411
5838.77979 0.766391
5839.50977 0.76637
5840.25000 0.765855
5840.97998 0.764384
5841.70996 0.762912
5842.43994 0.76144
5843.16992 0.759966
5843.89990 0.758492
5844.64014 0.757017
5845.37012 0.755542
5846.10010 0.754058
5846.83984 0.752574
5847.56982 0.751097
5848.29980 0.749619
5849.02979 0.74814
5849.77002 0.746661
5850.50000 0.747798
5851.22998 0.750169
5851.95996 0.75254
5852.70020 0.754924
5853.43994 0.757308
5854.16992 0.759682
5854.89990 0.762057
5855.62988 0.764435
5856.37012 0.766813
5857.10010 0.769193
5857.83008 0.771575
5858.56006 0.773957
5859.29980 0.776351
5860.04004 0.778607
5860.77002 0.778342
5861.50977 0.778078
5862.24023 0.777814
5862.97021 0.77755
5863.70996 0.777284
5864.43994 0.777019
5865.18018 0.776754
5865.91016 0.776488
5866.64990 0.776221
5867.37988 0.775955
5868.12012 0.775689
5868.85010 0.775423
5869.58984 0.775157
5870.31982 0.775043
5871.06006 0.775121
5871.79004 0.775198
5872.52979 0.775277
5873.27002 0.775355
5874.00000 0.775433
5874.74023 0.775511
5875.47998 0.77559
5876.20996 0.77567
5876.95020 0.775748
5877.68018 0.775827
5878.41992 0.775906
5879.16016 0.775985
5879.89990 0.776065
5880.62988 0.774871
5881.37012 0.773464
5882.10010 0.772057
5882.83984 0.770648
5883.58008 0.769238
5884.31006 0.767829
5885.04980 0.766419
5885.79004 0.765001
5886.52979 0.763582
5887.27002 0.762169
5888.00000 0.760755
5888.74023 0.75934
5889.47998 0.757924
5890.20996 0.758095
5890.95020 0.76214
5891.68994 0.76619
5892.43018 0.770259
5893.16992 0.774329
5893.91016 0.778383
5894.64990 0.782443
5895.37988 0.786508
5896.12012 0.790572
5896.85986 0.794639
5897.60010 0.798711
5898.33984 0.802785
5899.08008 0.806879
5899.81982 0.810978
5900.56006 0.810061
5901.29980 0.807526
5902.04004 0.80499
5902.77002 0.802455
5903.50977 0.799918
5904.25000 0.79738
5904.99023 0.794839
5905.72998 0.792288
5906.47998 0.789734
5907.22021 0.78719
5907.95020 0.784643
5908.68994 0.782099
5909.43018 0.779552
5910.16992 0.77824
5910.91016 0.780959
5911.64990 0.783679
5912.39990 0.786413
5913.14014 0.789148
5913.87988 0.791873
5914.62012 0.7946
5915.35986 0.797328
5916.10010 0.800055
5916.83984 0.802787
5917.58008 0.805519
5918.31982 0.808252
5919.06982 0.811
5919.81006 0.813748
5920.54980 0.813524
5921.29004 0.812287
5922.02979 0.81105
5922.77979 0.809813
5923.52002 0.808573
5924.25977 0.807333
5925.00000 0.806093
5925.75000 0.804846
5926.49023 0.803599
5927.22998 0.802356
5927.97021 0.801113
5928.72021 0.799867
5929.45996 0.798622
5930.20020 0.797233
5930.93994 0.795452
5931.68994 0.793671
5932.43018 0.79188
5933.18018 0.790089
5933.91992 0.788304
5934.66016 0.786519
5935.39990 0.784732
5936.14990 0.782945
5936.89014 0.781157
5937.62988 0.779368
5938.37988 0.777577
5939.12012 0.775776
5939.87012 0.773983
5940.60986 0.771199
5941.35986 0.768214
5942.10010 0.765228
5942.85010 0.762238
5943.58984 0.75925
5944.33008 0.756257
5945.08008 0.753264
5945.81982 0.750255
5946.56982 0.747259
5947.31982 0.744248
5948.06006 0.741246
5948.81006 0.738246
5949.54980 0.735242
5950.29980 0.735002
5951.04004 0.738971
5951.77979 0.742944
5952.52979 0.746936
5953.27979 0.750914
5954.02979 0.754913
5954.77002 0.758896
5955.52002 0.762882
5956.25977 0.766871
5957.00977 0.770863
5957.75000 0.774856
5958.50000 0.778853
5959.25000 0.782869
5959.99023 0.786872
5960.74023 0.785653
5961.49023 0.784404
5962.24023 0.783154
5962.97998 0.781903
5963.72998 0.780652
5964.47998 0.779399
5965.22021 0.778145
5965.97021 0.776884
5966.72021 0.77563
5967.47021 0.774368
5968.22021 0.773111
5968.95996 0.771853
5969.70996 0.770594
5970.45996 0.770644
5971.20996 0.771522
5971.95020 0.7724
5972.70020 0.773282
5973.45020 0.774161
5974.20020 0.775045
5974.95020 0.775925
5975.70020 0.776806
5976.45020 0.777687
5977.18994 0.778569
5977.93994 0.77945
5978.68994 0.780334
5979.43994 0.781222
5980.18994 0.781875
5980.93994 0.781855
5981.68994 0.781836
5982.43994 0.781817
5983.18994 0.781797
5983.93994 0.781777
5984.68994 0.781756
5985.43994 0.781735
5986.18994 0.781714
5986.93994 0.781694
5987.68994 0.781675
5988.43994 0.781654
5989.18994 0.781632
5989.93994 0.781611
5990.68994 0.781467
5991.43994 0.781311
5992.18994 0.781156
5992.93994 0.781001
5993.68994 0.780843
5994.45020 0.780687
5995.20020 0.780531
5995.95020 0.780374
5996.70020 0.780217
5997.45020 0.780061
5998.20020 0.779904
5998.95020 0.779746
5999.70020 0.779588
6000.45020 0.780052
6001.20996 0.780924
6001.95996 0.781793
6002.70996 0.782663
6003.45996 0.783533
6004.22021 0.784403
6004.97021 0.785273
6005.72021 0.786144
6006.47021 0.78702
6007.22998 0.787892
6007.97998 0.788768
6008.72998 0.78964
6009.47998 0.790514
6010.24023 0.79124
6010.99023 0.791643
6011.74023 0.792046
6012.49023 0.792449
6013.25000 0.792855
6014.00000 0.79326
6014.75977 0.793665
6015.50977 0.79407
6016.27002 0.794475
6017.02002 0.79488
6017.77002 0.795283
6018.52002 0.795688
6019.27979 0.796093
6020.02979 0.796503
6020.79004 0.796958
6021.54004 0.797415
6022.29980 0.797871
6023.04980 0.798327
6023.81006 0.798782
6024.56006 0.799237
6025.31006 0.799694
6026.06982 0.800151
6026.83008 0.80061
6027.58008 0.801067
6028.33984 0.801526
6029.08984 0.801983
6029.85010 0.802442
6030.60010 0.802828
6031.35986 0.803196
6032.10986 0.803566
6032.87012 0.803935
6033.62988 0.804306
6034.37988 0.804675
6035.14014 0.805045
6035.89990 0.805414
6036.64990 0.805785
6037.41016 0.806154
6038.16016 0.806523
6038.91992 0.806895
6039.66992 0.807266
6040.43018 0.808406
6041.18994 0.810119
6041.95020 0.811842
6042.70020 0.813558
6043.45996 0.815273
6044.22021 0.81699
6044.97998 0.818707
6045.72998 0.820427
6046.49023 0.822147
6047.25000 0.823874
6048.00977 0.825594
6048.77002 0.827325
6049.52002 0.829048
6050.27979 0.830014
6051.04004 0.829693
6051.79980 0.829372
6052.54980 0.829052
6053.31006 0.828731
6054.06982 0.828407
6054.83008 0.828087
6055.58984 0.827763
6056.35010 0.82744
6057.10986 0.827117
6057.85986 0.826794
6058.62012 0.826471
6059.37988 0.826147
6060.14014 0.825724
6060.89990 0.824863
6061.66016 0.824001
6062.41992 0.823137
6063.18018 0.822277
6063.93994 0.821414
6064.70020 0.820552
6065.45996 0.819689
6066.22021 0.818825
6066.97998 0.817959
6067.74023 0.817092
6068.50000 0.816227
6069.25977 0.815356
6070.02002 0.814489
6070.77979 0.813632
6071.54004 0.812773
6072.29980 0.811913
6073.06006 0.811055
6073.81982 0.810194
6074.58984 0.80933
6075.35010 0.80847
6076.10986 0.807604
6076.87012 0.806741
6077.62988 0.805879
6078.39014 0.805015
6079.14990 0.804152
6079.91016 0.803287
6080.66992 0.804823
6081.43994 0.806677
6082.20020 0.808523
6082.97021 0.810379
6083.72998 0.812227
6084.49023 0.814077
6085.25000 0.815929
6086.00977 0.817782
6086.77002 0.819633
6087.52979 0.821489
6088.29980 0.823354
6089.06006 0.82521
6089.83008 0.827076
6090.58984 0.828419
6091.35010 0.829608
6092.10986 0.830809
6092.87988 0.832003
6093.64014 0.833201
6094.39990 0.834397
6095.16992 0.835599
6095.93018 0.836798
6096.70020 0.838002
6097.45996 0.839201
6098.22021 0.840395
6098.99023 0.841601
6099.75000 0.842803
6100.52002 0.842478
6101.27979 0.841419
6102.04980 0.840357
6102.81006 0.839296
6103.58008 0.838231
6104.33984 0.83717
6105.10010 0.836112
6105.87012 0.835044
6106.62988 0.833981
6107.39990 0.832917
6108.16016 0.831852
6108.93018 0.830782
6109.68994 0.829716
6110.45996 0.830118
6111.22998 0.831483
6111.99023 0.832841
6112.75977 0.834213
6113.52002 0.835581
6114.29004 0.836948
6115.04980 0.838315
6115.81982 0.839691
6116.58984 0.84106
6117.35986 0.842437
6118.12012 0.84381
6118.89014 0.845176
6119.64990 0.846556
6120.41992 0.84724
6121.18994 0.84736
6121.95020 0.847479
6122.72021 0.847599
6123.49023 0.84772
6124.25977 0.84784
6125.02979 0.84796
6125.79004 0.848079
6126.56006 0.848199
6127.33008 0.848319
6128.08984 0.848439
6128.85986 0.848558
6129.62988 0.848678
6130.39990 0.84887
6131.16992 0.849128
6131.93994 0.849386
6132.70020 0.849641
6133.47021 0.849901
6134.24023 0.850159
6135.00977 0.850416
6135.77002 0.850674
6136.54980 0.850934
6137.31006 0.851192
6138.08984 0.85145
6138.85010 0.851709
6139.62012 0.851967
6140.39014 0.852248
6141.16016 0.852548
6141.93018 0.852848
6142.70020 0.853149
6143.47021 0.85345
6144.24023 0.853751
6145.00977 0.854052
6145.77979 0.854353
6146.54980 0.854653
6147.31982 0.854955
6148.08984 0.855256
6148.85986 0.855559
6149.62988 0.855859
6150.39990 0.855278
6151.16992 0.853884
6151.93994 0.852484
6152.72021 0.851088
6153.47998 0.849698
6154.25977 0.848294
6155.02979 0.846895
6155.79980 0.845496
6156.56982 0.844097
6157.33984 0.84269
6158.10986 0.841289
6158.89014 0.839881
6159.66016 0.838478
6160.41992 0.836038
6161.20020 0.832725
6161.97021 0.829422
6162.74023 0.82612
6163.50977 0.822814
6164.29004 0.819492
6165.06006 0.816181
6165.83008 0.812852
6166.60986 0.809538
6167.37988 0.806234
6168.14990 0.802899
6168.91992 0.799574
6169.68994 0.79625
6170.47021 0.793614
6171.24023 0.791419
6172.02002 0.789232
6172.79004 0.787034
6173.56006 0.784845
6174.33008 0.782662
6175.10986 0.780459
6175.87988 0.778264
6176.64990 0.776069
6177.43018 0.773872
6178.20020 0.771663
6178.97998 0.769462
6179.75977 0.76725
6180.52979 0.765351
6181.29980 0.763599
6182.08008 0.761832
6182.85010 0.760071
6183.62012 0.758308
6184.39990 0.756544
6185.18018 0.754772
6185.95020 0.753008
6186.72998 0.751233
6187.50000 0.749464
6188.27002 0.747702
6189.04980 0.745922
6189.83008 0.744151
6190.60010 0.74348
6191.37988 0.743129
6192.14990 0.742777
6192.93018 0.742426
6193.70996 0.742072
6194.47998 0.74172
6195.25977 0.741368
6196.02979 0.741014
6196.81006 0.740662
6197.58984 0.740309
6198.35986 0.739955
6199.14014 0.739598
6199.91992 0.739244
6200.70020 0.738584
6201.47021 0.737892
6202.24023 0.737202
6203.02002 0.736506
6203.79980 0.735812
6204.58008 0.735117
6205.35010 0.734423
6206.12988 0.733724
6206.91016 0.733027
6207.68994 0.732329
6208.47021 0.731632
6209.24023 0.730939
6210.02002 0.730302
6210.79980 0.731765
6211.58008 0.733227
6212.35010 0.73469
6213.14014 0.73616
6213.91016 0.737623
6214.68994 0.739095
6215.47021 0.74056
6216.25000 0.742019
6217.02979 0.743492
6217.81006 0.74496
6218.58984 0.746429
6219.35986 0.747897
6220.14990 0.749917
6220.93018 0.754295
6221.70996 0.758694
6222.49023 0.763077
