threeML/data/optical_filters/HST/ACS_HRC-F606W.ecsv
# %ECSV 0.9
# ---
# datatype:
# - {name: wavelength, unit: Angstrom, datatype: float32}
# - {name: response, datatype: float32}
# meta: !!omap
# - {band_name: F606W}
# - {group_name: ACS_HRC}
wavelength response
[from data line 797]
5095.37988 0.667683
5096.00977 0.664531
5096.64990 0.66138
5097.29004 0.658226
5097.93018 0.655059
5098.56982 0.651902
5099.20996 0.648729
5099.85010 0.64557
5100.49023 0.645056
5101.12012 0.645373
5101.75977 0.645689
5102.39990 0.646006
5103.04004 0.646322
5103.68018 0.646641
5104.31982 0.646958
5104.95996 0.647275
5105.60010 0.647594
5106.24023 0.647911
5106.87988 0.648228
5107.52002 0.648546
5108.16016 0.648865
5108.79980 0.649183
5109.43994 0.6495
5110.08008 0.649746
5110.72021 0.649475
5111.35986 0.649205
5112.00000 0.648935
5112.64014 0.648665
5113.27979 0.648394
5113.91992 0.648124
5114.56006 0.647853
5115.20020 0.647581
5115.85010 0.647308
5116.49023 0.647036
5117.12988 0.646765
5117.77002 0.646493
5118.41016 0.64622
5119.04980 0.645947
5119.68994 0.645675
5120.33984 0.645707
5120.97998 0.646021
5121.62012 0.646335
5122.25977 0.64665
5122.89990 0.646967
5123.54004 0.647281
5124.18994 0.647595
5124.83008 0.64791
5125.47021 0.648224
5126.10986 0.648539
5126.75000 0.648856
5127.39990 0.649171
5128.04004 0.649486
5128.68018 0.649801
5129.31982 0.650117
5129.97021 0.650432
5130.60986 0.652292
5131.25000 0.654222
5131.89990 0.656171
5132.54004 0.658111
5133.18018 0.660054
5133.81982 0.661997
5134.47021 0.663949
5135.10986 0.665893
5135.75000 0.66784
5136.39990 0.669786
5137.04004 0.671735
5137.68994 0.673692
5138.33008 0.675642
5138.97021 0.677593
5139.62012 0.679553
5140.25977 0.680935
5140.89990 0.681482
5141.54980 0.682028
5142.18994 0.682577
5142.83984 0.683122
5143.47998 0.683671
5144.12988 0.684217
5144.77002 0.684764
5145.41016 0.685311
5146.06006 0.685861
5146.70020 0.686406
5147.35010 0.686957
5147.99023 0.687506
5148.64014 0.688055
5149.27979 0.688606
5149.93018 0.689154
5150.56982 0.690974
5151.22021 0.692959
5151.87012 0.694938
5152.50977 0.696917
5153.16016 0.698898
5153.79980 0.700888
5154.45020 0.702861
5155.10010 0.704851
5155.74023 0.706835
5156.39014 0.708821
5157.02979 0.710807
5157.68018 0.712802
5158.31982 0.714779
5158.97021 0.716776
5159.62012 0.718767
5160.25977 0.718982
5160.91016 0.716588
5161.56006 0.714202
5162.20020 0.711814
5162.85010 0.709414
5163.50000 0.707025
5164.14990 0.704633
5164.79004 0.702241
5165.43994 0.699836
5166.08008 0.697452
5166.72998 0.695046
5167.37988 0.692647
5168.02979 0.690247
5168.66992 0.68785
5169.31982 0.685438
5169.97021 0.683043
5170.62012 0.682959
5171.27002 0.682994
5171.91016 0.68303
5172.56006 0.683065
5173.20996 0.6831
5173.85986 0.683135
5174.50977 0.68317
5175.16016 0.683204
5175.79980 0.68324
5176.45020 0.683274
5177.10010 0.683309
5177.75000 0.683343
5178.39990 0.683378
5179.04980 0.683412
5179.68994 0.683447
5180.33984 0.682852
5180.99023 0.681691
5181.64014 0.680541
5182.29004 0.679379
5182.93994 0.678221
5183.58984 0.677064
5184.24023 0.6759
5184.89014 0.67474
5185.54004 0.673579
5186.18994 0.672413
5186.83984 0.671252
5187.49023 0.67009
5188.14014 0.668927
5188.79004 0.667758
5189.43994 0.666598
5190.08984 0.666332
5190.74023 0.671665
5191.39014 0.677004
5192.04004 0.682343
5192.68994 0.687711
5193.33984 0.693032
5193.99023 0.698403
5194.64014 0.703755
5195.29004 0.709108
5195.95020 0.714484
5196.60010 0.719842
5197.25000 0.725206
5197.89990 0.73059
5198.54980 0.735954
5199.20020 0.741324
5199.85010 0.746695
5200.50000 0.745574
5201.14990 0.742551
5201.81006 0.739513
5202.45996 0.736485
5203.10986 0.733459
5203.77002 0.730413
5204.41992 0.727382
5205.06006 0.724361
5205.72021 0.721314
5206.37012 0.718279
5207.02002 0.71524
5207.66992 0.712201
5208.33008 0.709147
5208.97998 0.706107
5209.64014 0.70305
5210.29004 0.701861
5210.93994 0.703021
5211.58984 0.704183
5212.24023 0.705346
5212.89990 0.706509
5213.54980 0.707672
5214.20020 0.70884
5214.85986 0.710005
5215.50977 0.711174
5216.16992 0.712339
5216.81982 0.713498
5217.47021 0.714669
5218.12012 0.715835
5218.77979 0.717002
5219.43018 0.718168
5220.08984 0.718534
5220.74023 0.713704
5221.39990 0.708853
5222.04980 0.704022
5222.70020 0.699186
5223.35986 0.694348
5224.00977 0.689508
5224.66992 0.684668
5225.31982 0.679822
5225.97998 0.674956
5226.62988 0.670106
5227.29004 0.665232
5227.93994 0.660379
5228.60010 0.655547
5229.25000 0.65067
5229.91016 0.645809
5230.56006 0.64454
5231.22021 0.643867
5231.87012 0.643189
5232.52979 0.642515
5233.18994 0.641839
5233.83984 0.641164
5234.50000 0.640489
5235.14990 0.639813
5235.81006 0.639138
5236.45996 0.638462
5237.12012 0.637786
5237.77979 0.637106
5238.43018 0.636429
5239.08984 0.635748
5239.75000 0.63507
5240.39990 0.637723
5241.06006 0.642536
5241.70996 0.647326
5242.37012 0.652121
5243.02979 0.656916
5243.68994 0.661735
5244.33984 0.666534
5245.00000 0.67136
5245.66016 0.676163
5246.31006 0.680971
5246.97021 0.68578
5247.62988 0.690589
5248.27979 0.695401
5248.93994 0.700219
5249.60010 0.705055
5250.25977 0.706801
5250.91992 0.703815
5251.58008 0.700843
5252.22998 0.697882
5252.89014 0.694891
5253.54980 0.691914
5254.20996 0.688935
5254.85986 0.685955
5255.52002 0.68296
5256.18018 0.679977
5256.83984 0.676978
5257.50000 0.673993
5258.16016 0.671005
5258.81982 0.668016
5259.47998 0.665026
5260.14014 0.663442
5260.79004 0.667334
5261.45020 0.671248
5262.10986 0.675146
5262.77002 0.679059
5263.43018 0.682962
5264.08984 0.686846
5264.75000 0.690764
5265.41016 0.69467
5266.06982 0.698577
5266.72998 0.702485
5267.39014 0.706412
5268.04980 0.710324
5268.70996 0.714255
5269.37012 0.718167
5270.02979 0.721827
5270.68994 0.720313
5271.35010 0.718798
5272.00977 0.717274
5272.66992 0.715764
5273.33008 0.714239
5273.99023 0.712721
5274.66016 0.711195
5275.31006 0.709683
5275.97021 0.708162
5276.64014 0.706632
5277.29980 0.705109
5277.95996 0.703587
5278.62012 0.702062
5279.27979 0.70053
5279.93994 0.699006
5280.60986 0.701797
5281.27002 0.704972
5281.93018 0.70815
5282.58984 0.711328
5283.25000 0.71451
5283.91992 0.717706
5284.56982 0.720878
5285.24023 0.724075
5285.89990 0.72726
5286.56006 0.730462
5287.22021 0.733637
5287.89014 0.736829
5288.54980 0.740033
5289.20996 0.743227
5289.87988 0.746422
5290.54004 0.745476
5291.20020 0.743558
5291.85986 0.741645
5292.52979 0.739724
5293.18994 0.737809
5293.85010 0.735894
5294.52002 0.733978
5295.18018 0.73206
5295.85010 0.730134
5296.50977 0.728223
5297.16992 0.726295
5297.83984 0.724378
5298.50000 0.722447
5299.16016 0.720532
5299.81982 0.718609
5300.49023 0.717369
5301.14990 0.716379
5301.81982 0.715388
5302.47998 0.714396
5303.14990 0.713399
5303.81006 0.712406
5304.47998 0.711409
5305.14014 0.710416
5305.81006 0.709421
5306.47021 0.708425
5307.14014 0.70743
5307.79980 0.706431
5308.45996 0.705438
5309.12988 0.704441
5309.79980 0.703439
5310.45996 0.701357
5311.12988 0.698822
5311.79004 0.696274
5312.45996 0.693714
5313.12012 0.691165
5313.79004 0.688614
5314.45020 0.686062
5315.12012 0.683511
5315.79004 0.680943
5316.45996 0.678376
5317.12012 0.675819
5317.79004 0.673261
5318.45020 0.670701
5319.12012 0.66814
5319.79004 0.665567
5320.45020 0.667796
5321.12012 0.672315
5321.77979 0.676854
5322.45020 0.681395
5323.12012 0.685902
5323.77979 0.690426
5324.45020 0.694975
5325.12012 0.699504
5325.79004 0.704035
5326.45020 0.708568
5327.12012 0.713105
5327.79004 0.717664
5328.45996 0.722221
5329.12012 0.726762
5329.79004 0.731305
5330.45996 0.730722
5331.12988 0.727825
5331.79004 0.724925
5332.45996 0.722025
5333.12988 0.719123
5333.79980 0.716208
5334.47021 0.713292
5335.14014 0.710397
5335.79980 0.707489
5336.47021 0.704568
5337.14014 0.701658
5337.81006 0.698748
5338.47998 0.695836
5339.14990 0.692921
5339.81982 0.689992
5340.49023 0.69284
5341.16016 0.697827
5341.83008 0.702811
5342.49023 0.707796
5343.16016 0.712785
5343.83008 0.717777
5344.50000 0.722771
5345.16992 0.727766
5345.83984 0.732784
5346.50977 0.737803
5347.18018 0.742804
5347.85010 0.747786
5348.52002 0.752813
5349.18994 0.75782
5349.85986 0.762827
5350.52979 0.762981
5351.20020 0.761868
5351.87012 0.760747
5352.54980 0.759625
5353.22021 0.758508
5353.89014 0.757391
5354.56006 0.756274
5355.22998 0.755156
5355.89990 0.754037
5356.56982 0.752918
5357.24023 0.751797
5357.91016 0.75067
5358.58984 0.749545
5359.25977 0.748424
5359.91992 0.747306
5360.60010 0.746724
5361.27002 0.746212
5361.93994 0.7457
5362.60986 0.745188
5363.27979 0.744676
5363.95996 0.74416
5364.62988 0.743645
5365.29980 0.743131
5365.97021 0.742618
5366.64990 0.742104
5367.31982 0.741588
5367.99023 0.741073
5368.66016 0.74056
5369.33008 0.740046
5370.00977 0.739538
5370.68018 0.739828
5371.35986 0.740117
5372.02002 0.740405
5372.70020 0.740694
5373.37012 0.740983
5374.04980 0.741271
5374.72021 0.741559
5375.39014 0.741848
5376.06982 0.742139
5376.74023 0.742429
5377.41992 0.742719
5378.08984 0.743008
5378.75977 0.743297
5379.43994 0.743587
5380.10986 0.743599
5380.77979 0.742175
5381.45996 0.740752
5382.12988 0.739321
5382.81006 0.737891
5383.47998 0.736466
5384.14990 0.735046
5384.83008 0.733613
5385.50977 0.732185
5386.18018 0.730759
5386.85010 0.72933
5387.52979 0.727899
5388.20020 0.726463
5388.87988 0.725028
5389.56006 0.723594
5390.22998 0.721562
5390.91016 0.718388
5391.58008 0.715212
5392.25977 0.712031
5392.93018 0.708852
5393.60986 0.705671
5394.27979 0.702473
5394.95996 0.69929
5395.64014 0.696089
5396.31006 0.692916
5396.99023 0.689712
5397.66016 0.686524
5398.33984 0.683332
5399.02002 0.680138
5399.68994 0.676943
5400.37012 0.675175
5401.04980 0.67461
5401.72998 0.674044
5402.39990 0.67348
5403.08008 0.672915
5403.75000 0.672349
5404.43018 0.671783
5405.10986 0.671218
5405.77979 0.670651
5406.45996 0.670083
5407.14014 0.669517
5407.81982 0.668948
5408.49023 0.668384
5409.16992 0.667815
5409.85010 0.667246
5410.52979 0.669271
5411.20020 0.67203
5411.87988 0.67479
5412.56006 0.677563
5413.24023 0.680326
5413.91992 0.683098
5414.60010 0.685863
5415.27979 0.688628
5415.95020 0.691397
5416.62988 0.694163
5417.31006 0.696932
5417.99023 0.699701
5418.66992 0.702484
5419.35010 0.705256
5420.02979 0.708009
5420.70020 0.710262
5421.39014 0.712528
5422.06006 0.714785
5422.74023 0.717042
5423.41992 0.7193
5424.10010 0.721559
5424.77979 0.723829
5425.45996 0.726091
5426.14014 0.728355
5426.81982 0.730625
5427.50000 0.732889
5428.18018 0.735154
5428.85986 0.737419
5429.54004 0.739696
5430.22021 0.741789
5430.89990 0.743554
5431.58008 0.745312
5432.25977 0.74707
5432.93994 0.74883
5433.62988 0.750599
5434.31006 0.752361
5434.99023 0.754123
5435.66992 0.755886
5436.35010 0.757651
5437.02979 0.759422
5437.70996 0.761186
5438.39014 0.762952
5439.08008 0.764728
5439.75977 0.766495
5440.43994 0.768148
5441.12012 0.769736
5441.79980 0.771333
5442.47998 0.772915
5443.16992 0.774513
5443.85010 0.776105
5444.52979 0.777697
5445.20996 0.77929
5445.89014 0.78089
5446.58008 0.782485
5447.25977 0.78408
5447.93994 0.785676
5448.62012 0.787273
5449.31006 0.788878
5449.99023 0.790475
5450.66992 0.789917
5451.35986 0.78932
5452.04004 0.788722
5452.72021 0.788126
5453.39990 0.787529
5454.08984 0.786929
5454.77002 0.786335
5455.45020 0.785736
5456.14014 0.785139
5456.81982 0.78454
5457.50000 0.783942
5458.18994 0.783341
5458.87012 0.782744
5459.56006 0.782145
5460.24023 0.78186
5460.91992 0.782154
5461.60986 0.782448
5462.29004 0.782742
5462.97998 0.783038
5463.66016 0.783334
5464.35010 0.783628
5465.02979 0.783923
5465.72021 0.784219
5466.39990 0.784515
5467.08008 0.78481
5467.77002 0.785106
5468.45996 0.785402
5469.14014 0.785698
5469.81982 0.785994
5470.50977 0.786805
5471.20020 0.787788
5471.87988 0.78877
5472.56982 0.789754
5473.25000 0.790738
5473.93994 0.791726
5474.62988 0.792712
5475.31006 0.793697
5476.00000 0.794687
5476.68994 0.795673
5477.37012 0.79666
5478.06006 0.797648
5478.74023 0.79864
5479.43018 0.799623
5480.12012 0.800364
5480.79980 0.799865
5481.49023 0.799367
5482.18018 0.798869
5482.85986 0.798369
5483.54980 0.797871
5484.24023 0.797371
5484.91992 0.796871
5485.60986 0.796372
5486.29980 0.795871
5486.99023 0.795372
5487.66992 0.794873
5488.35986 0.79437
5489.04980 0.793868
5489.74023 0.793369
5490.41992 0.792988
5491.10986 0.792679
5491.79980 0.792374
5492.49023 0.792066
5493.18018 0.791758
5493.85986 0.79145
5494.54980 0.791142
5495.24023 0.790834
5495.93018 0.790528
5496.62012 0.790219
5497.31006 0.78991
5497.99023 0.789601
5498.68994 0.78929
5499.37988 0.788982
5500.06006 0.788449
5500.75000 0.785682
5501.43994 0.782924
5502.12988 0.780164
5502.81982 0.777404
5503.50977 0.774631
5504.20020 0.771881
5504.89014 0.769103
5505.58008 0.766337
5506.27002 0.763572
5506.95996 0.760792
5507.64990 0.758022
5508.33984 0.755251
5509.02979 0.752481
5509.72021 0.749707
5510.41016 0.748994
5511.10010 0.749707
5511.79004 0.750417
5512.47998 0.751129
5513.16992 0.751844
5513.85986 0.752555
5514.54980 0.753266
5515.24023 0.753977
5515.93994 0.754693
5516.62012 0.755402
5517.31006 0.756115
5518.00977 0.756832
5518.70020 0.757546
5519.39014 0.758262
5520.08984 0.759012
5520.77979 0.760022
5521.47021 0.761031
5522.16016 0.762041
5522.85010 0.76305
5523.54004 0.764063
5524.22998 0.765079
5524.93018 0.76609
5525.62012 0.767108
5526.31006 0.768121
5527.00000 0.769135
5527.70020 0.770149
5528.39014 0.771167
5529.08008 0.772176
5529.77002 0.773193
5530.47021 0.774178
5531.16016 0.775142
5531.85010 0.776113
5532.54980 0.777077
5533.24023 0.778037
5533.93018 0.779007
5534.62012 0.779973
5535.31982 0.78094
5536.00977 0.781908
5536.70996 0.78288
5537.39990 0.783848
5538.10010 0.78482
5538.79004 0.78579
5539.47998 0.786759
5540.18018 0.787701
5540.87012 0.788573
5541.56006 0.789435
5542.25977 0.790303
5542.95020 0.791176
5543.64990 0.792043
5544.35010 0.792915
5545.04004 0.793785
5545.72998 0.794651
5546.43018 0.795523
5547.12012 0.796393
5547.81982 0.797264
5548.50977 0.798136
5549.20996 0.799012
5549.89990 0.799883
5550.60010 0.798641
5551.29980 0.797059
5551.99023 0.795477
5552.68994 0.793896
5553.37988 0.792306
5554.06982 0.790727
5554.77002 0.789144
5555.47021 0.787551
5556.16016 0.785965
5556.85986 0.78437
5557.56006 0.782784
5558.25000 0.781203
5558.95020 0.779607
5559.64990 0.778018
5560.33984 0.777898
5561.04004 0.779305
5561.74023 0.78072
5562.43018 0.782129
5563.12988 0.783543
5563.83008 0.784953
5564.52002 0.786362
5565.22021 0.787772
5565.91992 0.78919
5566.60986 0.790596
5567.31006 0.792009
5568.00977 0.793427
5568.70996 0.794842
5569.41016 0.796264
5570.10986 0.797544
5570.79980 0.798062
5571.50000 0.798585
5572.20020 0.799106
5572.89990 0.799628
5573.58984 0.80015
5574.29004 0.800674
5574.99023 0.801196
5575.68994 0.801722
5576.39014 0.802245
5577.08984 0.80277
5577.79004 0.803292
5578.49023 0.803817
5579.18994 0.804342
5579.87988 0.804865
5580.58008 0.804454
5581.27979 0.803855
5581.97998 0.803256
5582.68018 0.80266
5583.37988 0.802061
5584.08008 0.801458
5584.77979 0.800858
5585.47998 0.800259
5586.18018 0.799659
5586.87988 0.799057
5587.58008 0.798458
5588.27979 0.797854
5588.97998 0.797251
5589.68018 0.796651
5590.37988 0.796144
5591.08008 0.795715
5591.77979 0.795286
5592.47998 0.794861
5593.18018 0.794432
5593.87988 0.794004
5594.58008 0.793576
5595.29004 0.793146
5595.99023 0.792716
5596.68994 0.792287
5597.39014 0.791858
5598.08984 0.791429
5598.79004 0.790998
5599.50000 0.790566
5600.18994 0.789612
5600.89990 0.787228
5601.60010 0.784843
5602.29980 0.782466
5603.00000 0.780077
5603.70020 0.77771
5604.39990 0.775332
5605.10986 0.772941
5605.81006 0.770549
5606.50977 0.768189
5607.20996 0.765795
5607.91992 0.763403
5608.62012 0.761018
5609.31982 0.758632
5610.02002 0.756334
5610.72998 0.756425
5611.43018 0.756517
5612.14014 0.75661
5612.83008 0.756703
5613.54004 0.756796
5614.25000 0.756889
5614.95020 0.756981
5615.64990 0.757074
5616.35010 0.757166
5617.06006 0.757257
5617.75977 0.757351
5618.47021 0.757445
5619.16992 0.757539
5619.87012 0.757631
5620.58008 0.759417
5621.27979 0.761563
5621.99023 0.763709
5622.68994 0.765856
5623.39990 0.768005
5624.10010 0.770165
5624.81006 0.772324
5625.50977 0.774457
5626.20996 0.776619
5626.91992 0.778782
5627.62012 0.780935
5628.33008 0.78309
5629.02979 0.785246
5629.74023 0.787402
5630.45020 0.789275
5631.14990 0.790974
5631.85010 0.792651
5632.56006 0.794352
5633.27002 0.796055
5633.97998 0.79775
