threeML/data/optical_filters/HST/ACS_WFC-F606W_77.ecsv
# %ECSV 0.9
# ---
# datatype:
# - {name: wavelength, unit: Angstrom, datatype: float32}
# - {name: response, datatype: float32}
# meta: !!omap
# - {band_name: F606W_77}
# - {group_name: ACS_WFC}
wavelength response
[from data line 2406]
6224.81982 0.776753
6225.60010 0.781148
6226.37988 0.785545
6227.16016 0.789963
6227.93994 0.794365
6228.72998 0.798789
6229.50977 0.803196
6230.27979 0.806562
6231.06982 0.808151
6231.85010 0.809733
6232.62988 0.811315
6233.41016 0.812899
6234.18994 0.81449
6234.97021 0.816075
6235.75000 0.817667
6236.52979 0.819247
6237.31006 0.820834
6238.10010 0.822428
6238.87988 0.824018
6239.66016 0.825605
6240.43994 0.827856
6241.22021 0.830636
6242.00977 0.833404
6242.79004 0.836186
6243.56982 0.838943
6244.35010 0.841716
6245.12988 0.844501
6245.91992 0.847276
6246.70020 0.850055
6247.47998 0.852833
6248.27002 0.855625
6249.04980 0.858404
6249.83008 0.861202
6250.60986 0.861836
6251.39014 0.861886
6252.18018 0.861938
6252.95996 0.86199
6253.75000 0.86204
6254.52979 0.86209
6255.31006 0.862142
6256.10010 0.862194
6256.87988 0.862244
6257.66016 0.862293
6258.45020 0.862344
6259.22998 0.862394
6260.02002 0.862457
6260.79980 0.863073
6261.58984 0.863689
6262.37012 0.864306
6263.16016 0.864922
6263.93994 0.865542
6264.72021 0.866153
6265.50977 0.86677
6266.29980 0.86739
6267.08008 0.868007
6267.85986 0.868624
6268.64990 0.869243
6269.43994 0.869864
6270.22021 0.87063
6271.00977 0.871779
6271.79004 0.872918
6272.58008 0.874064
6273.37012 0.875216
6274.14990 0.876363
6274.93994 0.87751
6275.72021 0.878657
6276.50977 0.879812
6277.29980 0.880962
6278.08984 0.882117
6278.87012 0.883263
6279.64990 0.884414
6280.43994 0.883707
6281.22998 0.881556
6282.02002 0.879405
6282.79980 0.877253
6283.58984 0.87509
6284.37988 0.872935
6285.16992 0.870769
6285.95020 0.868621
6286.74023 0.866463
6287.52979 0.864295
6288.31982 0.862134
6289.10010 0.859975
6289.89014 0.857811
6290.68018 0.858295
6291.47021 0.859201
6292.25977 0.86011
6293.04004 0.861013
6293.83008 0.86192
6294.62012 0.862831
6295.41016 0.863738
6296.20020 0.864646
6296.99023 0.865553
6297.77979 0.866467
6298.56982 0.867376
6299.35986 0.86829
6300.14990 0.868742
6300.93018 0.86717
6301.72998 0.865592
6302.50977 0.86402
6303.29980 0.862448
6304.08984 0.860873
6304.87988 0.859293
6305.66992 0.857716
6306.47021 0.856132
6307.25000 0.854562
6308.04004 0.852984
6308.83984 0.851398
6309.62012 0.849819
6310.41016 0.849315
6311.20020 0.849784
6312.00000 0.850256
6312.79004 0.850726
6313.58008 0.851197
6314.37012 0.851666
6315.16016 0.852136
6315.95020 0.852611
6316.74023 0.85308
6317.52979 0.853552
6318.31982 0.854024
6319.12012 0.854498
6319.91016 0.854968
6320.70020 0.854455
6321.49023 0.85382
6322.27979 0.853183
6323.08008 0.852543
6323.87012 0.851905
6324.66016 0.851266
6325.45020 0.850627
6326.25000 0.849984
6327.04004 0.849345
6327.83984 0.8487
6328.62012 0.848062
6329.41992 0.84742
6330.20996 0.847365
6331.00977 0.848918
6331.79980 0.850472
6332.58984 0.852027
6333.39014 0.85359
6334.18018 0.855148
6334.97998 0.856713
6335.77002 0.858264
6336.56006 0.859823
6337.35010 0.86139
6338.14990 0.862952
6338.93994 0.864513
6339.72998 0.866077
6340.52979 0.865982
6341.33008 0.865058
6342.12012 0.864131
6342.91016 0.863213
6343.70996 0.86229
6344.50977 0.861362
6345.29980 0.860437
6346.08984 0.859512
6346.89014 0.858587
6347.68994 0.857658
6348.47998 0.856732
6349.27979 0.855801
6350.06982 0.855496
6350.85986 0.861634
6351.66016 0.867805
6352.45996 0.873948
6353.25000 0.880094
6354.04980 0.886247
6354.85010 0.89243
6355.64014 0.898589
6356.43994 0.904781
6357.22998 0.910918
6358.02979 0.917086
6358.83008 0.923287
6359.62012 0.929464
6360.41992 0.928868
6361.22021 0.922232
6362.02002 0.915564
6362.81006 0.908924
6363.60986 0.902252
6364.41016 0.895634
6365.20020 0.888981
6366.00000 0.882298
6366.79980 0.87564
6367.60010 0.868979
6368.39014 0.862316
6369.18994 0.855618
6369.99023 0.848946
6370.79004 0.851459
6371.58984 0.854043
6372.39014 0.856641
6373.18994 0.859248
6373.97998 0.861848
6374.77979 0.86445
6375.58008 0.867054
6376.37988 0.869671
6377.18018 0.872277
6377.97021 0.874873
6378.77979 0.877496
6379.56982 0.880108
6380.37988 0.87839
6381.18018 0.871778
6381.97021 0.865164
6382.77002 0.858547
6383.56982 0.851927
6384.37012 0.845271
6385.16992 0.838668
6385.97021 0.832004
6386.77002 0.825367
6387.56982 0.818699
6388.37988 0.812051
6389.16992 0.805404
6389.97021 0.798748
6390.77002 0.800632
6391.58008 0.802817
6392.37012 0.804983
6393.18018 0.80717
6393.97998 0.809347
6394.77979 0.811536
6395.58008 0.813715
6396.37988 0.815895
6397.18018 0.818077
6397.97998 0.820261
6398.79004 0.822454
6399.58984 0.82463
6400.39014 0.824602
6401.18994 0.822224
6402.00000 0.819835
6402.79980 0.817456
6403.60010 0.815076
6404.39990 0.812693
6405.20020 0.81031
6406.00977 0.807915
6406.81006 0.805541
6407.60986 0.803145
6408.41016 0.800755
6409.22021 0.798353
6410.02002 0.796141
6410.81982 0.800436
6411.62988 0.80473
6412.43018 0.809029
6413.22998 0.813349
6414.02979 0.817634
6414.83984 0.821958
6415.64014 0.826266
6416.45020 0.830596
6417.25000 0.834908
6418.06006 0.839226
6418.85986 0.843543
6419.66016 0.847862
6420.47021 0.848018
6421.27002 0.845205
6422.08008 0.842366
6422.87988 0.839539
6423.68994 0.836697
6424.49023 0.833869
6425.29980 0.831038
6426.10010 0.828203
6426.91016 0.825371
6427.72021 0.822524
6428.52002 0.819703
6429.31982 0.816853
6430.12988 0.815578
6430.93994 0.822523
6431.74023 0.829446
6432.54980 0.836371
6433.35010 0.843299
6434.16016 0.850229
6434.97021 0.857194
6435.77002 0.864098
6436.58008 0.871068
6437.37988 0.87801
6438.18994 0.884988
6439.00000 0.891935
6439.81006 0.898889
6440.60986 0.898628
6441.41992 0.896058
6442.22998 0.893475
6443.02979 0.890916
6443.83984 0.888332
6444.64990 0.885756
6445.45996 0.88317
6446.25977 0.880593
6447.06982 0.878015
6447.87988 0.875433
6448.68994 0.872853
6449.49023 0.870261
6450.29980 0.871083
6451.10986 0.877698
6451.91992 0.884289
6452.72998 0.890911
6453.54004 0.897509
6454.33984 0.904107
6455.14990 0.910712
6455.95996 0.917314
6456.77002 0.923955
6457.58008 0.930539
6458.39014 0.937182
6459.20020 0.943802
6460.00977 0.950329
6460.81982 0.94563
6461.62988 0.940928
6462.43994 0.936228
6463.24023 0.931524
6464.06006 0.926799
6464.85986 0.922112
6465.68018 0.917385
6466.47998 0.912675
6467.29980 0.907944
6468.10986 0.903231
6468.91992 0.898518
6469.72998 0.893804
6470.54004 0.895502
6471.35010 0.900499
6472.16016 0.905457
6472.97021 0.910457
6473.77979 0.915442
6474.58984 0.920448
6475.39990 0.925437
6476.22021 0.930427
6477.02979 0.935422
6477.83984 0.940417
6478.64990 0.945437
6479.45996 0.950417
6480.27002 0.951853
6481.08008 0.946192
6481.89990 0.940504
6482.70996 0.934837
6483.52002 0.929171
6484.33008 0.923498
6485.14990 0.917828
6485.95996 0.912129
6486.77002 0.90648
6487.58008 0.900778
6488.39990 0.895096
6489.20996 0.889392
6490.02002 0.883984
6490.83984 0.887562
6491.64990 0.89114
6492.45996 0.894718
6493.27979 0.898313
6494.08984 0.901882
6494.89990 0.905481
6495.72021 0.909067
6496.52979 0.912668
6497.35010 0.916257
6498.16016 0.919845
6498.97021 0.923439
6499.79004 0.927031
6500.60010 0.922977
6501.41016 0.916273
6502.22998 0.909504
6503.04980 0.902762
6503.85986 0.895989
6504.68018 0.889237
6505.49023 0.882486
6506.31006 0.87573
6507.12012 0.86897
6507.93994 0.862178
6508.75000 0.855438
6509.56982 0.848641
6510.37988 0.845992
6511.20020 0.848023
6512.02002 0.850045
6512.83008 0.852067
6513.64990 0.85409
6514.45996 0.856115
6515.27979 0.858149
6516.08984 0.860165
6516.91016 0.862192
6517.72998 0.864227
6518.54980 0.866265
6519.35986 0.868295
6520.18018 0.869079
6520.99023 0.86544
6521.81006 0.861798
6522.62988 0.85814
6523.43994 0.854511
6524.25977 0.850864
6525.08008 0.847205
6525.89990 0.843539
6526.72021 0.839893
6527.54004 0.836242
6528.35010 0.832592
6529.16992 0.828939
6529.99023 0.825289
6530.79980 0.830344
6531.62012 0.835547
6532.43994 0.84077
6533.25977 0.845997
6534.08008 0.851204
6534.89990 0.856412
6535.72021 0.861623
6536.54004 0.866835
6537.35010 0.872051
6538.16992 0.877268
6538.99023 0.882486
6539.81006 0.887729
6540.64014 0.885579
6541.45020 0.881272
6542.27002 0.876963
6543.08984 0.872651
6543.91016 0.868333
6544.72998 0.864017
6545.54980 0.859695
6546.37012 0.85537
6547.18994 0.851023
6548.02002 0.846677
6548.83008 0.842343
6549.64990 0.838005
6550.47021 0.83988
6551.29004 0.846288
6552.10986 0.852699
6552.93018 0.859109
6553.75000 0.865524
6554.58008 0.871971
6555.39990 0.878418
6556.22021 0.884836
6557.04004 0.891262
6557.85986 0.897686
6558.68994 0.904113
6559.50977 0.910541
6560.33008 0.91302
6561.14990 0.909543
6561.97021 0.906048
6562.79980 0.902552
6563.62012 0.89907
6564.43994 0.895584
6565.25977 0.892097
6566.08984 0.888608
6566.91016 0.885117
6567.72998 0.881625
6568.54980 0.87813
6569.37988 0.874619
6570.20020 0.872627
6571.02002 0.875291
6571.85010 0.877954
6572.66992 0.88062
6573.49023 0.883286
6574.31982 0.885956
6575.14014 0.888624
6575.95996 0.891294
6576.79004 0.893976
6577.62012 0.896658
6578.43994 0.899329
6579.25977 0.902003
6580.08984 0.904125
6580.91016 0.90154
6581.72998 0.89895
6582.56006 0.896358
6583.37988 0.893768
6584.20996 0.891165
6585.04004 0.888559
6585.85986 0.885964
6586.68994 0.883367
6587.50977 0.880769
6588.33008 0.878172
6589.16016 0.875572
6589.97998 0.87297
6590.81006 0.873876
6591.64014 0.874854
6592.47021 0.875833
6593.29004 0.876808
6594.12012 0.877783
6594.93994 0.87876
6595.77002 0.879737
6596.58984 0.880713
6597.41992 0.881689
6598.24023 0.882667
6599.06982 0.883648
6599.89990 0.884629
6600.72998 0.881027
6601.56006 0.876822
6602.37988 0.872614
6603.20996 0.868406
6604.04004 0.864193
6604.85986 0.85998
6605.68994 0.855764
6606.52002 0.851529
6607.35010 0.84729
6608.18018 0.843067
6609.00977 0.838843
6609.83008 0.834618
6610.66016 0.83648
6611.49023 0.839891
6612.31006 0.843307
6613.14014 0.846723
6613.97021 0.850154
6614.81006 0.853588
6615.62988 0.85701
6616.45996 0.860431
6617.29004 0.863852
6618.12012 0.867274
6618.95020 0.8707
6619.77002 0.874126
6620.60010 0.87546
6621.43994 0.876017
6622.27002 0.876575
6623.10010 0.877129
6623.93018 0.877685
6624.75977 0.878241
6625.58984 0.878797
6626.41016 0.879352
6627.24023 0.879909
6628.06982 0.880464
6628.91016 0.881023
6629.74023 0.881582
6630.56982 0.881596
6631.39990 0.881362
6632.22998 0.881127
6633.06006 0.880889
6633.89014 0.880656
6634.72021 0.88042
6635.54980 0.880185
6636.39014 0.879948
6637.22021 0.879711
6638.04980 0.879476
6638.87988 0.87924
6639.70996 0.879004
6640.54980 0.882768
6641.37988 0.888583
6642.20996 0.894423
6643.04004 0.900269
6643.87012 0.906144
6644.70996 0.912019
6645.54004 0.917873
6646.37012 0.923725
6647.20020 0.929583
6648.04004 0.93547
6648.87012 0.941307
6649.70020 0.947169
6650.52979 0.946791
6651.37012 0.942879
6652.20020 0.938964
6653.04004 0.935067
6653.87012 0.931168
6654.70020 0.927269
6655.54004 0.923349
6656.37012 0.919462
6657.20020 0.915558
6658.04004 0.911652
6658.87012 0.907728
6659.70996 0.903802
6660.54004 0.906799
6661.37988 0.913475
6662.20996 0.920158
6663.04980 0.926871
6663.87988 0.933531
6664.70996 0.940222
6665.54980 0.946919
6666.39014 0.953647
6667.22021 0.960382
6668.06006 0.967087
6668.89014 0.973794
6669.72998 0.98051
6670.56982 0.979625
6671.39990 0.975112
6672.22998 0.970581
6673.06982 0.966046
6673.91016 0.961492
6674.75000 0.956937
6675.58008 0.952401
6676.41992 0.947861
6677.25000 0.943322
6678.08984 0.938759
6678.93018 0.934238
6679.75977 0.929696
6680.60010 0.932742
6681.43994 0.938857
6682.27979 0.944975
6683.10986 0.951071
6683.95020 0.957169
6684.79004 0.963272
6685.62012 0.969378
6686.45996 0.975486
6687.29980 0.981596
6688.12988 0.987709
6688.97998 0.993853
6689.81982 1.0
6690.64990 0.995755
6691.49023 0.988582
6692.33008 0.981412
6693.16992 0.974235
6694.00000 0.967056
6694.83984 0.959876
6695.68018 0.952694
6696.52002 0.945476
6697.35986 0.938257
6698.20020 0.931065
6699.04004 0.923868
6699.87988 0.916667
6700.72021 0.917992
6701.56006 0.92075
6702.39990 0.923508
6703.22998 0.926268
6704.08008 0.92904
6704.91992 0.931813
6705.75977 0.934577
6706.60010 0.93734
6707.43994 0.940106
6708.27979 0.942871
6709.12012 0.945637
6709.95996 0.948405
6710.79980 0.944858
6711.64014 0.940956
6712.47998 0.937054
6713.31982 0.933165
6714.16992 0.929273
6715.00977 0.925382
6715.85010 0.921487
6716.68994 0.917588
6717.52979 0.913687
6718.37012 0.909786
6719.20996 0.905864
6720.06006 0.902256
6720.89990 0.902911
6721.74023 0.903566
6722.58008 0.904221
6723.41992 0.904876
6724.27002 0.905531
6725.10986 0.906187
6725.95020 0.906844
6726.79004 0.907504
6727.64014 0.908162
6728.47998 0.90882
6729.31982 0.909478
6730.16992 0.909511
6731.00977 0.907011
6731.85010 0.904513
6732.68994 0.902012
6733.54004 0.899512
6734.37988 0.896999
6735.22998 0.894485
6736.06982 0.891983
6736.91992 0.889479
6737.75977 0.886975
6738.60010 0.884469
6739.45020 0.881963
6740.29004 0.881922
6741.12988 0.886574
6741.97998 0.891244
6742.83008 0.895918
6743.66992 0.900578
6744.52002 0.905237
6745.35986 0.909896
6746.20996 0.914557
6747.04980 0.919218
6747.89990 0.923886
6748.74023 0.928552
6749.58984 0.933241
6750.43994 0.933333
6751.27979 0.929111
6752.12988 0.924885
6752.97021 0.920655
6753.81982 0.916426
6754.66016 0.912193
6755.50977 0.907957
6756.35010 0.903719
6757.20020 0.899462
6758.04980 0.895202
6758.89990 0.890956
6759.74023 0.886708
6760.58984 0.884862
6761.43994 0.884047
6762.27979 0.883232
6763.12988 0.882418
6763.97998 0.881603
6764.83008 0.880784
6765.68018 0.879966
6766.52002 0.879151
6767.37012 0.878335
6768.22021 0.87752
6769.06982 0.876703
6769.91016 0.875888
6770.75977 0.884329
6771.60986 0.893828
6772.45996 0.903378
6773.31006 0.912931
6774.16016 0.922442
6775.00977 0.931963
6775.85010 0.941485
6776.70020 0.951012
6777.54980 0.96054
6778.39990 0.970071
6779.25000 0.979611
6780.10010 0.987082
6780.95020 0.978735
6781.79980 0.970417
6782.64990 0.962099
6783.50000 0.953773
6784.35010 0.945446
6785.20020 0.937117
6786.04980 0.928779
6786.89990 0.920446
6787.75000 0.912065
6788.60010 0.903682
6789.45020 0.895336
6790.29980 0.892347
6791.14990 0.899045
6792.00000 0.905744
6792.85010 0.912443
6793.70020 0.919148
6794.54980 0.92585
6795.41016 0.932589
6796.25977 0.939328
6797.10986 0.946038
6797.95996 0.952749
6798.81006 0.959467
6799.66992 0.966185
6800.52002 0.965187
6801.37012 0.959202
6802.22021 0.953219
6803.06982 0.947203
6803.93018 0.941192
6804.77979 0.935198
6805.62988 0.929206
6806.49023 0.923211
6807.33984 0.917215
6808.18994 0.911217
6809.04004 0.905218
6809.89990 0.899215
6810.75000 0.899456
6811.60986 0.900578
6812.45996 0.901695
6813.31006 0.902813
6814.16016 0.903932
6815.02002 0.90505
6815.87012 0.906168
6816.72021 0.907288
6817.58008 0.908406
6818.43994 0.909529
6819.29004 0.910655
6820.14990 0.911063
6821.00000 0.907994
6821.85010 0.904924
6822.70996 0.901853
6823.56006 0.898782
6824.41016 0.895709
6825.27002 0.892634
6826.12988 0.889546
6826.99023 0.886454
6827.83984 0.883376
6828.68994 0.880298
6829.54980 0.877217
6830.39990 0.877887
6831.25977 0.882732
6832.10986 0.88758
6832.97021 0.892429
6833.83008 0.897303
6834.68994 0.902176
6835.54004 0.90703
6836.39990 0.911889
6837.25977 0.916746
6838.10986 0.921606
6838.97021 0.926467
6839.81982 0.931331
6840.68018 0.928892
6841.54004 0.924529
6842.39990 0.920162
6843.25977 0.915816
6844.10986 0.911469
6844.97021 0.907119
6845.83008 0.90277
6846.68018 0.898419
6847.54004 0.894068
6848.39990 0.889718
6849.25977 0.885345
6850.12012 0.882368
6850.97998 0.888061
6851.83008 0.893754
6852.68994 0.899452
6853.54980 0.905152
6854.41016 0.910852
6855.27002 0.916552
6856.12012 0.922255
6856.99023 0.927988
6857.85010 0.933719
6858.70996 0.939429
6859.56006 0.945143
6860.41992 0.946305
6861.27979 0.942789
6862.14014 0.939271
6863.00000 0.935752
6863.85986 0.932233
6864.72021 0.928693
6865.58984 0.925154
6866.43994 0.921628
6867.29980 0.918102
6868.16016 0.914572
6869.02002 0.911041
6869.87988 0.907508
6870.74023 0.910537
6871.60010 0.914594
6872.47021 0.918672
6873.33008 0.922754
6874.18994 0.926818
6875.04980 0.930881
6875.91016 0.93495
6876.77002 0.939016
6877.62988 0.943085
6878.49023 0.947156
6879.35986 0.951225
6880.22021 0.952864
6881.08984 0.947347
6881.95020 0.941852
6882.81006 0.936357
