threeML/data/optical_filters/HST/ACS_WFC-F475W_77.ecsv
# %ECSV 0.9
# ---
# datatype:
# - {name: wavelength, unit: Angstrom, datatype: float32}
# - {name: response, datatype: float32}
# meta: !!omap
# - {band_name: F475W_77}
# - {group_name: ACS_WFC}
wavelength response
[from data line 2402]
4990.87012 0.97781
4991.41016 0.978113
4991.95996 0.978415
4992.50977 0.978716
4993.04980 0.97902
4993.60010 0.979323
4994.14990 0.979626
4994.68994 0.979926
4995.24023 0.98023
4995.79004 0.980534
4996.33984 0.980838
4996.87988 0.981139
4997.43018 0.981442
4997.97998 0.981746
4998.52979 0.982049
4999.08008 0.982352
4999.62012 0.982657
5000.16992 0.982761
5000.72021 0.982431
5001.27002 0.982097
5001.81006 0.981763
5002.35986 0.981429
5002.91016 0.981097
5003.45996 0.980763
5004.00977 0.980427
5004.56006 0.980092
5005.10986 0.979757
5005.64990 0.979425
5006.20020 0.97909
5006.75000 0.978754
5007.29980 0.978419
5007.85010 0.978085
5008.39990 0.977748
5008.93994 0.977414
5009.49023 0.977078
5010.04004 0.976775
5010.58984 0.976882
5011.14014 0.976988
5011.68994 0.977094
5012.24023 0.9772
5012.79004 0.977305
5013.33984 0.977412
5013.89014 0.977519
5014.43994 0.977626
5014.99023 0.977732
5015.54004 0.97784
5016.08984 0.977947
5016.64014 0.978052
5017.18018 0.978157
5017.72998 0.978263
5018.27979 0.978369
5018.83984 0.978477
5019.39014 0.978583
5019.93994 0.978689
5020.49023 0.978515
5021.02979 0.978307
5021.58984 0.978098
5022.14014 0.977889
5022.68994 0.977681
5023.22998 0.977473
5023.79004 0.977264
5024.33984 0.977054
5024.89014 0.976845
5025.43994 0.976636
5025.99023 0.976425
5026.54004 0.976214
5027.08984 0.976004
5027.64014 0.975795
5028.20020 0.975583
5028.75000 0.975371
5029.29980 0.975162
5029.85010 0.97495
5030.39990 0.974835
5030.95020 0.974757
5031.50000 0.974678
5032.06006 0.9746
5032.60986 0.974523
5033.16016 0.974445
5033.70996 0.974366
5034.25977 0.974288
5034.81006 0.97421
5035.35986 0.974131
5035.91016 0.974051
5036.47021 0.973971
5037.02002 0.973891
5037.56982 0.973814
5038.12012 0.973735
5038.66992 0.973655
5039.22998 0.973574
5039.77979 0.973494
5040.33008 0.973137
5040.89014 0.972592
5041.43994 0.972053
5041.99023 0.971507
5042.54004 0.970962
5043.10010 0.970417
5043.64990 0.969878
5044.20020 0.969333
5044.75000 0.968786
5045.31006 0.96824
5045.85010 0.967699
5046.41016 0.967152
5046.95996 0.966606
5047.52002 0.966058
5048.06982 0.96551
5048.62012 0.964961
5049.18018 0.964412
5049.72998 0.963867
5050.27979 0.963772
5050.83984 0.964113
5051.39014 0.964452
5051.95020 0.964791
5052.50000 0.96513
5053.04980 0.965468
5053.60986 0.965808
5054.16016 0.966148
5054.70996 0.966486
5055.27002 0.966826
5055.81982 0.967164
5056.37988 0.967504
5056.93018 0.967845
5057.47998 0.968184
5058.04004 0.968522
5058.58984 0.968863
5059.14990 0.969204
5059.70020 0.969546
5060.25977 0.969697
5060.81006 0.969626
5061.37012 0.969554
5061.91992 0.969484
5062.47998 0.969413
5063.02979 0.969343
5063.58984 0.969272
5064.14014 0.969201
5064.68994 0.96913
5065.25000 0.969058
5065.81006 0.968986
5066.35986 0.968915
5066.91016 0.968844
5067.47021 0.968772
5068.02002 0.968699
5068.58008 0.968626
5069.14014 0.968553
5069.68994 0.968482
5070.25000 0.968668
5070.79980 0.969173
5071.35986 0.969681
5071.91992 0.970188
5072.47021 0.970693
5073.02002 0.971198
5073.58008 0.971706
5074.14014 0.972215
5074.68994 0.97272
5075.25000 0.973228
5075.81006 0.973734
5076.35986 0.974243
5076.91992 0.974752
5077.47021 0.97526
5078.02979 0.975773
5078.58984 0.976277
5079.14014 0.976786
5079.70020 0.977296
5080.25977 0.977494
5080.81982 0.977332
5081.37988 0.977172
5081.93018 0.977011
5082.49023 0.97685
5083.04004 0.976689
5083.60010 0.976528
5084.16016 0.976366
5084.70996 0.976207
5085.27002 0.976045
5085.83008 0.975883
5086.39014 0.975721
5086.93994 0.97556
5087.50000 0.975397
5088.06006 0.975234
5088.62012 0.975073
5089.18018 0.97491
5089.72998 0.974749
5090.29004 0.974798
5090.85010 0.975042
5091.39990 0.975288
5091.95996 0.975533
5092.52002 0.975779
5093.08008 0.976024
5093.64014 0.976269
5094.18994 0.976515
5094.75977 0.976759
5095.31006 0.977004
5095.87012 0.977249
5096.43018 0.977496
5096.99023 0.977743
5097.54004 0.977988
5098.10010 0.978235
5098.66992 0.978483
5099.22021 0.978727
5099.77979 0.978972
5100.33984 0.979363
5100.89990 0.979848
5101.45996 0.980333
5102.02002 0.980816
5102.58008 0.981302
5103.14014 0.981787
5103.70020 0.98227
5104.25977 0.982755
5104.81006 0.983238
5105.37988 0.983725
5105.93018 0.98421
5106.49023 0.984697
5107.04980 0.985181
5107.60986 0.985667
5108.16992 0.986152
5108.72998 0.986638
5109.29004 0.987126
5109.85010 0.98761
5110.41016 0.987956
5110.97998 0.988253
5111.54004 0.988546
5112.08984 0.988836
5112.64990 0.98913
5113.20996 0.989424
5113.77002 0.989715
5114.33008 0.990009
5114.89014 0.990303
5115.45020 0.990598
5116.00977 0.99089
5116.56982 0.991184
5117.12988 0.991478
5117.70020 0.991772
5118.25977 0.992065
5118.81982 0.992361
5119.37988 0.992655
5119.93994 0.992948
5120.50000 0.992998
5121.06006 0.99302
5121.62012 0.993041
5122.18994 0.993063
5122.75000 0.993085
5123.31006 0.993105
5123.87012 0.993126
5124.43018 0.993147
5124.99023 0.993167
5125.56006 0.993188
5126.10986 0.993209
5126.68018 0.99323
5127.24023 0.993251
5127.79980 0.993271
5128.35986 0.993291
5128.91992 0.993311
5129.49023 0.993332
5130.04980 0.993384
5130.60986 0.99376
5131.18018 0.994139
5131.74023 0.994517
5132.29980 0.994893
5132.85986 0.99527
5133.43018 0.995648
5133.99023 0.996026
5134.54980 0.996404
5135.10986 0.996779
5135.68018 0.997157
5136.24023 0.997536
5136.79980 0.997914
5137.35986 0.99829
5137.93018 0.99867
5138.49023 0.999049
5139.04980 0.999429
5139.60986 0.999807
5140.18018 1.0
5140.74023 0.999793
5141.31006 0.999587
5141.87012 0.99938
5142.43994 0.999174
5143.00000 0.998969
5143.56006 0.998761
5144.12012 0.998554
5144.68994 0.998346
5145.25000 0.99814
5145.81006 0.997933
5146.37988 0.997726
5146.93994 0.997516
5147.50000 0.997308
5148.06982 0.997098
5148.64014 0.996889
5149.20020 0.996679
5149.75977 0.996472
5150.33008 0.996453
5150.89014 0.996573
5151.45996 0.996692
5152.02002 0.99681
5152.58984 0.996929
5153.14990 0.997048
5153.72021 0.997167
5154.27979 0.997286
5154.85010 0.997405
5155.41016 0.997523
5155.97998 0.99764
5156.54004 0.99776
5157.10986 0.997878
5157.66992 0.997996
5158.22998 0.998114
5158.79980 0.998233
5159.37012 0.998352
5159.93018 0.998469
5160.50000 0.998368
5161.06006 0.998236
5161.62988 0.998104
5162.18994 0.997971
5162.75977 0.997838
5163.33008 0.997705
5163.89990 0.997572
5164.45996 0.99744
5165.02002 0.997307
5165.58984 0.997173
5166.16016 0.99704
5166.72021 0.996906
5167.29004 0.996774
5167.85010 0.99664
5168.41992 0.996507
5168.99023 0.996372
5169.56006 0.996236
5170.12012 0.996067
5170.68994 0.99577
5171.25000 0.995471
5171.81982 0.995172
5172.39014 0.994872
5172.95020 0.994574
5173.52002 0.994273
5174.08984 0.993973
5174.66016 0.993673
5175.22021 0.993373
5175.79004 0.993072
5176.35986 0.992771
5176.91992 0.992472
5177.49023 0.992169
5178.06006 0.991867
5178.62988 0.991563
5179.18994 0.991261
5179.75977 0.990958
5180.33008 0.990598
5180.89990 0.990196
5181.45996 0.989796
5182.02979 0.989394
5182.60010 0.98899
5183.16992 0.988591
5183.74023 0.988188
5184.31006 0.987785
5184.87988 0.98738
5185.43994 0.98698
5186.00977 0.986575
5186.58008 0.986171
5187.14990 0.985766
5187.70996 0.985365
5188.27979 0.98496
5188.85010 0.984554
5189.41992 0.984148
5189.99023 0.983742
5190.56006 0.983556
5191.12988 0.983373
5191.68994 0.983191
5192.27002 0.983007
5192.83984 0.982823
5193.39990 0.982639
5193.97021 0.982456
5194.54004 0.982273
5195.10986 0.98209
5195.68018 0.981908
5196.25000 0.981723
5196.81982 0.981539
5197.39014 0.981354
5197.95020 0.981172
5198.52002 0.980987
5199.10010 0.980803
5199.66992 0.980619
5200.22998 0.980473
5200.81006 0.980381
5201.37988 0.980287
5201.95020 0.980193
5202.52002 0.9801
5203.08984 0.980006
5203.66016 0.979912
5204.22998 0.979819
5204.79980 0.979724
5205.37012 0.97963
5205.93994 0.979536
5206.50977 0.979441
5207.08008 0.979346
5207.64990 0.979251
5208.22021 0.979157
5208.79004 0.979062
5209.35986 0.978968
5209.93018 0.978873
5210.50977 0.978948
5211.06982 0.979044
5211.64990 0.97914
5212.22021 0.979237
5212.79004 0.979333
5213.35986 0.97943
5213.93018 0.979527
5214.50977 0.979625
5215.08008 0.979722
5215.64990 0.979818
5216.22021 0.979915
5216.79004 0.980011
5217.35986 0.980107
5217.93018 0.980204
5218.50000 0.9803
5219.08008 0.980397
5219.64990 0.980494
5220.22021 0.980429
5220.79004 0.980104
5221.35986 0.979778
5221.93994 0.979451
5222.50977 0.979124
5223.08008 0.978797
5223.64990 0.978472
5224.22998 0.978145
5224.79980 0.977819
5225.37012 0.977493
5225.95020 0.977166
5226.52002 0.97684
5227.08984 0.976512
5227.66016 0.976184
5228.24023 0.975857
5228.81006 0.97553
5229.37988 0.975202
5229.95020 0.974874
5230.52979 0.975262
5231.10010 0.975715
5231.68018 0.976168
5232.25000 0.976618
5232.81982 0.977071
5233.39990 0.977524
5233.97021 0.977974
5234.54004 0.978428
5235.12012 0.978882
5235.68994 0.979336
5236.25977 0.979788
5236.83984 0.98024
5237.41016 0.980694
5237.99023 0.981147
5238.56006 0.9816
5239.12988 0.982052
5239.70996 0.982507
5240.27979 0.982653
5240.85010 0.982477
5241.43018 0.9823
5242.00977 0.982124
5242.58008 0.981948
5243.14990 0.98177
5243.72998 0.981593
5244.31006 0.981415
5244.87988 0.981239
5245.45020 0.981061
5246.02979 0.980883
5246.60010 0.980706
5247.18018 0.980528
5247.75000 0.98035
5248.33008 0.980172
5248.89990 0.979993
5249.47998 0.979815
5250.04980 0.979705
5250.62988 0.9803
5251.20020 0.980892
5251.77979 0.981487
5252.35010 0.982083
5252.93018 0.982679
5253.50977 0.983273
5254.08008 0.98387
5254.66016 0.984468
5255.22998 0.985061
5255.81006 0.985658
5256.39014 0.986254
5256.97021 0.986852
5257.54004 0.987444
5258.10986 0.988043
5258.68994 0.988642
5259.27002 0.989241
5259.83984 0.989832
5260.41992 0.989597
5260.99023 0.989044
5261.56982 0.988491
5262.14990 0.987941
5262.72998 0.987384
5263.29980 0.986828
5263.87988 0.986272
5264.45996 0.985719
5265.02979 0.985164
5265.60986 0.984608
5266.18994 0.984054
5266.77002 0.983494
5267.33984 0.982939
5267.91992 0.982379
5268.49023 0.981825
5269.06982 0.981266
5269.64990 0.980707
5270.22998 0.980352
5270.79980 0.980304
5271.37988 0.980256
5271.95996 0.980206
5272.54004 0.980158
5273.12012 0.980109
5273.68994 0.980058
5274.27002 0.980008
5274.85010 0.979959
5275.43018 0.979909
5276.00977 0.979858
5276.58984 0.979809
5277.16016 0.979759
5277.74023 0.97971
5278.31982 0.97966
5278.89990 0.979609
5279.47998 0.979559
5280.06006 0.979484
5280.64014 0.979199
5281.20996 0.978916
5281.79004 0.978632
5282.37012 0.978346
5282.95020 0.978059
5283.52979 0.977775
5284.10986 0.97749
5284.68994 0.977204
5285.27002 0.976918
5285.85010 0.976632
5286.43018 0.976345
5287.00977 0.976058
5287.58008 0.975773
5288.16016 0.975488
5288.74023 0.9752
5289.31982 0.974912
5289.89990 0.974626
5290.47998 0.974301
5291.06006 0.973969
5291.64014 0.973633
5292.22021 0.973299
5292.79980 0.972964
5293.37988 0.972629
5293.95996 0.972291
5294.54004 0.971956
5295.12012 0.971619
5295.70020 0.971283
5296.27979 0.970949
5296.85986 0.970609
5297.43994 0.970272
5298.02979 0.969933
5298.60986 0.969597
5299.18994 0.969259
5299.77002 0.96892
5300.35010 0.968378
5300.93018 0.967704
5301.50977 0.967027
5302.08984 0.966352
5302.66992 0.965671
5303.25000 0.964995
5303.83008 0.964315
5304.41016 0.963637
5304.99023 0.962961
5305.58008 0.96228
5306.16016 0.961603
5306.74023 0.960921
5307.31982 0.960239
5307.89990 0.959556
5308.49023 0.958873
5309.06006 0.958197
5309.64990 0.957514
5310.22998 0.956776
5310.81006 0.955953
5311.39014 0.955139
5311.97021 0.954317
5312.56006 0.953492
5313.14014 0.952666
5313.72021 0.951845
5314.29980 0.951024
5314.89014 0.950194
5315.47021 0.949366
5316.04980 0.948542
5316.64014 0.947714
5317.22021 0.946885
5317.79980 0.946061
5318.39014 0.945231
5318.97021 0.944399
5319.54980 0.943573
5320.12988 0.942684
5320.72021 0.941571
5321.29980 0.940458
5321.87988 0.939351
5322.47021 0.938238
5323.04980 0.937131
5323.62988 0.936015
5324.22021 0.9349
5324.79980 0.93379
5325.37988 0.932673
5325.97021 0.931558
5326.54980 0.930447
5327.12988 0.929335
5327.72021 0.928217
5328.29980 0.927093
5328.89014 0.925979
5329.47021 0.924859
5330.06006 0.923796
5330.64014 0.923265
5331.22021 0.922735
5331.81006 0.922202
5332.39014 0.921668
5332.97998 0.921134
5333.56006 0.920605
5334.14014 0.920069
5334.72998 0.919534
5335.31006 0.918998
5335.89990 0.918463
5336.47998 0.917927
5337.06982 0.917392
5337.64990 0.916858
5338.24023 0.916322
5338.81982 0.915784
5339.41016 0.915249
5339.99023 0.91471
5340.58008 0.914126
5341.16016 0.91354
5341.75000 0.912957
5342.33008 0.91237
5342.91992 0.911785
5343.50000 0.911196
5344.08984 0.91061
5344.66992 0.910021
5345.25977 0.909432
5345.85010 0.908845
5346.43018 0.908255
5347.02002 0.907664
5347.60986 0.907072
5348.18994 0.90648
5348.77002 0.905895
5349.35986 0.905299
5349.95020 0.904705
5350.54004 0.904734
5351.12012 0.904819
5351.70996 0.904903
5352.29980 0.904986
5352.87988 0.905069
5353.47021 0.905152
5354.06006 0.905236
5354.64014 0.905319
5355.22998 0.905402
5355.81006 0.905486
5356.39990 0.90557
5356.99023 0.905653
5357.58008 0.905736
5358.16016 0.90582
5358.75000 0.905903
5359.33984 0.905986
5359.93018 0.906068
5360.52002 0.905871
5361.10010 0.905633
5361.68994 0.905397
5362.27979 0.905159
5362.85986 0.904922
5363.45020 0.904683
5364.04004 0.904446
5364.62012 0.904207
5365.20996 0.903968
5365.79980 0.903729
5366.39014 0.903491
5366.97998 0.903251
5367.56006 0.903012
5368.14990 0.902772
5368.74023 0.902532
5369.33008 0.90229
5369.91992 0.902048
5370.50977 0.902897
5371.10010 0.903916
5371.68994 0.904932
5372.27979 0.905953
5372.87012 0.906973
5373.45020 0.907988
5374.04004 0.909009
5374.62988 0.910025
5375.22021 0.911047
5375.81006 0.912064
5376.39990 0.913087
5376.97998 0.914105
5377.58008 0.915128
5378.16992 0.916151
5378.75977 0.917176
5379.33984 0.918195
5379.93018 0.919215
5380.52002 0.920261
5381.10986 0.92131
5381.70020 0.922363
5382.29980 0.923414
5382.89014 0.924466
5383.47021 0.925507
5384.06006 0.92656
5384.64990 0.927614
5385.24023 0.928668
5385.83008 0.929712
5386.41992 0.930766
5387.00977 0.93182
5387.60010 0.932877
5388.18994 0.933923
5388.77979 0.934978
5389.37988 0.93604
5389.97021 0.937092
5390.56006 0.938946
5391.14990 0.940848
5391.74023 0.942751
5392.33008 0.944644
5392.91992 0.946541
5393.50977 0.948444
5394.10010 0.95035
5394.68994 0.952248
5395.27979 0.954156
5395.87988 0.956056
5396.47021 0.957964
5397.06006 0.959863
5397.64990 0.961774
5398.24023 0.963677
5398.83008 0.965589
5399.43018 0.967501
5400.02002 0.969384
5400.60986 0.970252
5401.20020 0.971114
5401.79004 0.971982
5402.39014 0.972857
5402.97998 0.973722
5403.56982 0.974592
5404.16016 0.975462
5404.75977 0.976332
5405.33984 0.977195
5405.93994 0.978068
5406.52979 0.97894
5407.12012 0.979811
5407.70996 0.980674
5408.31006 0.981547
5408.89990 0.982422
5409.49023 0.983296
5410.08008 0.984148
5410.68018 0.98494
5411.27002 0.985724
5411.85986 0.986514
5412.45996 0.987303
5413.04980 0.988093
5413.64990 0.988882
5414.24023 0.989664
5414.83008 0.990455
5415.43018 0.991246
5416.02002 0.992037
5416.60986 0.992819
5417.20020 0.99361
5417.79980 0.994403
5418.39014 0.995194
5418.97998 0.995979
5419.58008 0.996769
5420.16992 0.997104
5420.77002 0.996311
5421.35986 0.99552
5421.95996 0.994729
5422.54980 0.993936
5423.14014 0.993151
5423.74023 0.992357
5424.33984 0.991558
5424.93018 0.990766
5425.52002 0.989969
5426.12012 0.989173
5426.70996 0.988383
5427.31006 0.987591
5427.89990 0.986793
5428.50000 0.985995
5429.08984 0.985197
5429.68994 0.984407
5430.27979 0.983519
5430.87988 0.982531
5431.47021 0.981542
5432.06982 0.980558
5432.66016 0.979572
5433.25977 0.978582
5433.85010 0.977591
5434.45020 0.976599
5435.04980 0.975605
5435.64014 0.974612
5436.22998 0.973628
5436.83008 0.972635
5437.43018 0.97164
5438.02002 0.970644
5438.62012 0.969657
5439.20996 0.968661
5439.81006 0.967663
5440.41016 0.965071
5441.00000 0.961767
5441.60010 0.95843
5442.18994 0.95509
5442.79004 0.95175
5443.39014 0.948407
5443.99023 0.945062
5444.58984 0.941717
5445.18018 0.938404
5445.77979 0.935037
5446.37012 0.931706
5446.97021 0.928354
5447.56982 0.924999
5448.16016 0.921659
5448.75977 0.918319
5449.35986 0.914962
5449.95996 0.911604
