threeML/data/optical_filters/HST/ACS_WFC-F435W_77.ecsv
# %ECSV 0.9
# ---
# datatype:
# - {name: wavelength, unit: Angstrom, datatype: float32}
# - {name: response, datatype: float32}
# meta: !!omap
# - {band_name: F435W_77}
# - {group_name: ACS_WFC}
wavelength response
3222.99902 0.0
3581.11011 0.00197988
3581.62012 0.00204262
3582.12988 0.00210532
3582.64990 0.00216864
3583.15991 0.00223144
3583.67993 0.00229489
3584.18994 0.00235827
3584.70996 0.0024221
3585.21997 0.00248586
3585.73999 0.00255002
3586.25000 0.00261415
3586.76001 0.00267845
3587.28003 0.00274316
3587.79004 0.00280759
3588.31006 0.00287265
3588.82007 0.00293766
3589.34009 0.00300312
3589.85010 0.00306851
3590.37012 0.0031865
3590.87988 0.00332517
3591.39990 0.00346482
3591.90991 0.00360432
3592.42993 0.00374474
3592.94995 0.00388555
3593.45996 0.00402628
3593.97998 0.00416792
3594.48999 0.00430948
3595.01001 0.00445196
3595.53003 0.00459375
3596.04004 0.00473701
3596.56006 0.00488072
3597.07007 0.00502374
3597.59009 0.00516823
3598.11011 0.00531256
3598.62012 0.00545789
3599.13989 0.00560314
3599.65991 0.00574926
3600.16992 0.00591694
3600.68994 0.00612915
3601.20996 0.0063412
3601.71997 0.00655479
3602.23999 0.00676823
3602.76001 0.00698314
3603.28003 0.00719878
3603.79004 0.00741423
3604.31006 0.00763033
3604.83008 0.00784719
3605.34009 0.0080655
3605.86011 0.00828281
3606.37988 0.00850243
3606.89990 0.0087228
3607.40991 0.00894299
3607.92993 0.00916465
3608.44995 0.00938623
3608.96997 0.0096093
3609.48999 0.00983218
3610.01001 0.0100566
3610.52002 0.0102731
3611.04004 0.0104911
3611.56006 0.0107089
3612.08008 0.0109282
3612.60010 0.0111474
3613.11011 0.011368
3613.62988 0.0115884
3614.14990 0.0118094
3614.66992 0.0120321
3615.18994 0.0122535
3615.70996 0.0124774
3616.21997 0.0127011
3616.73999 0.0129263
3617.26001 0.0131521
3617.78003 0.0133777
3618.30005 0.013604
3618.82007 0.0138318
3619.34009 0.0140603
3619.86011 0.0142886
3620.37988 0.0145302
3620.89990 0.0147759
3621.41992 0.0150233
3621.93994 0.0152704
3622.45996 0.0155191
3622.97998 0.0157667
3623.50000 0.0160169
3624.02002 0.0162677
3624.54004 0.0165173
3625.06006 0.0167696
3625.58008 0.0170216
3626.10010 0.0172752
3626.62012 0.0175286
3627.13989 0.0177836
3627.65991 0.0180385
3628.17993 0.0182949
3628.69995 0.018551
3629.22998 0.0188089
3629.75000 0.0190676
3630.27002 0.0194187
3630.79004 0.0198602
3631.31006 0.0203012
3631.83008 0.0207452
3632.35010 0.0211869
3632.87012 0.0216333
3633.38989 0.0220793
3633.90991 0.0225267
3634.43994 0.0229769
3634.95996 0.0234266
3635.47998 0.0238795
3636.00000 0.0243318
3636.53003 0.0247871
3637.05005 0.0252418
3637.57007 0.0256997
3638.09009 0.026157
3638.61011 0.0266175
3639.13989 0.0270789
3639.65991 0.0275401
3640.17993 0.0280761
3640.69995 0.0287564
3641.22998 0.0294386
3641.75000 0.0301176
3642.27002 0.0308039
3642.79004 0.0314895
3643.32007 0.0321797
3643.84009 0.0328692
3644.36011 0.0335609
3644.88989 0.0342571
3645.40991 0.0349527
3645.92993 0.0356531
3646.44995 0.0363529
3646.97998 0.0370574
3647.50000 0.0377609
3648.03003 0.0384694
3648.55005 0.0391797
3649.07007 0.0398897
3649.60010 0.0406016
3650.12012 0.0412846
3650.63989 0.0418541
3651.16992 0.0424297
3651.68994 0.0430068
3652.21997 0.0435832
3652.73999 0.0441634
3653.26001 0.0447408
3653.79004 0.0453241
3654.31006 0.0459069
3654.84009 0.0464935
3655.36011 0.0470815
3655.88989 0.047669
3656.40991 0.048258
3656.93994 0.0488508
3657.45996 0.0494451
3657.98999 0.050039
3658.51001 0.0506366
3659.04004 0.0512337
3659.56006 0.0518342
3660.09009 0.0523813
3660.61011 0.0526755
3661.13989 0.052969
3661.65991 0.0532644
3662.18994 0.0535605
3662.70996 0.0538549
3663.23999 0.0541523
3663.76001 0.0544492
3664.29004 0.0547479
3664.82007 0.0550474
3665.34009 0.0553463
3665.87012 0.055646
3666.39990 0.0559475
3666.91992 0.0562485
3667.44995 0.0565514
3667.97998 0.0568538
3668.50000 0.0571579
3669.03003 0.0574626
3669.55005 0.0577657
3670.08008 0.0581051
3670.61011 0.0586234
3671.13989 0.0591452
3671.65991 0.0596663
3672.18994 0.0601887
3672.71997 0.0607141
3673.23999 0.0612391
3673.77002 0.0617673
3674.30005 0.062297
3674.83008 0.0628255
3675.35010 0.0633556
3675.87988 0.0638893
3676.40991 0.0644217
3676.93994 0.0649576
3677.45996 0.0654929
3677.98999 0.0660316
3678.52002 0.0665696
3679.05005 0.0671087
3679.58008 0.0676511
3680.10010 0.068254
3680.62988 0.0691117
3681.15991 0.0699684
3681.68994 0.0708276
3682.21997 0.071689
3682.73999 0.0725557
3683.27002 0.0734218
3683.80005 0.0742965
3684.33008 0.0751638
3684.86011 0.0760401
3685.38989 0.0769186
3685.91992 0.077796
3686.44995 0.0786791
3686.97998 0.0795608
3687.51001 0.0804488
3688.04004 0.0813353
3688.56006 0.0822244
3689.09009 0.0831158
3689.62012 0.0840125
3690.14990 0.0849236
3690.67993 0.0858621
3691.20996 0.0868028
3691.73999 0.0877464
3692.27002 0.0886955
3692.80005 0.0896431
3693.33008 0.0906006
3693.86011 0.0915492
3694.38989 0.092508
3694.91992 0.0934649
3695.44995 0.0944279
3695.97998 0.0953896
3696.51001 0.0963572
3697.05005 0.0973274
3697.58008 0.0982961
3698.11011 0.099271
3698.63989 0.100241
3699.16992 0.10122
3699.69995 0.102198
3700.22998 0.103016
3700.76001 0.103615
3701.29004 0.104216
3701.82007 0.10482
3702.35010 0.105424
3702.87988 0.106029
3703.41992 0.106637
3703.94995 0.107247
3704.47998 0.107856
3705.01001 0.108469
3705.54004 0.109081
3706.08008 0.109697
3706.61011 0.110311
3707.13989 0.11093
3707.66992 0.111547
3708.19995 0.112166
3708.73999 0.112788
3709.27002 0.11341
3709.80005 0.114036
3710.33008 0.114705
3710.86011 0.115411
3711.39990 0.116115
3711.92993 0.116823
3712.45996 0.117531
3713.00000 0.118243
3713.53003 0.118956
3714.06006 0.119669
3714.60010 0.120386
3715.12988 0.121102
3715.65991 0.121823
3716.19995 0.122542
3716.72998 0.123266
3717.26001 0.123989
3717.80005 0.124713
3718.33008 0.125442
3718.86011 0.126169
3719.39990 0.126902
3719.92993 0.127631
3720.46997 0.128339
3721.00000 0.129042
3721.53003 0.12975
3722.07007 0.130457
3722.60010 0.131168
3723.13989 0.131878
3723.66992 0.132593
3724.20996 0.133309
3724.73999 0.134023
3725.28003 0.134743
3725.81006 0.135461
3726.34009 0.136183
3726.87988 0.136905
3727.40991 0.137628
3727.94995 0.138352
3728.47998 0.139081
3729.02002 0.139812
3729.55005 0.140538
3730.09009 0.141406
3730.62012 0.142943
3731.15991 0.14449
3731.69995 0.146035
3732.22998 0.147591
3732.77002 0.149144
3733.30005 0.150707
3733.84009 0.15227
3734.37988 0.153842
3734.90991 0.155412
3735.44995 0.156992
3735.98999 0.158577
3736.52002 0.160159
3737.06006 0.161747
3737.59009 0.163338
3738.12988 0.164939
3738.65991 0.166539
3739.19995 0.168142
3739.73999 0.169751
3740.27002 0.171188
3740.81006 0.172455
3741.35010 0.173719
3741.88989 0.174991
3742.41992 0.176262
3742.95996 0.17754
3743.50000 0.178818
3744.03003 0.180103
3744.57007 0.181386
3745.11011 0.182676
3745.64990 0.183967
3746.18994 0.185264
3746.71997 0.186559
3747.26001 0.187858
3747.80005 0.189165
3748.34009 0.19047
3748.87012 0.191779
3749.40991 0.19309
3749.94995 0.194409
3750.48999 0.195529
3751.03003 0.196634
3751.56006 0.197738
3752.10010 0.198849
3752.63989 0.199962
3753.17993 0.201074
3753.71997 0.202193
3754.26001 0.203311
3754.80005 0.204435
3755.34009 0.205558
3755.87988 0.206688
3756.40991 0.207811
3756.94995 0.208946
3757.48999 0.210084
3758.03003 0.211215
3758.57007 0.212358
3759.11011 0.213499
3759.64990 0.214647
3760.18994 0.215624
3760.72998 0.216289
3761.27002 0.216953
3761.81006 0.217621
3762.35010 0.218288
3762.88989 0.218958
3763.42993 0.21963
3763.96997 0.2203
3764.51001 0.220974
3765.05005 0.221648
3765.59009 0.222325
3766.12988 0.222998
3766.66992 0.223677
3767.20996 0.224355
3767.75000 0.225035
3768.29004 0.225718
3768.83008 0.226401
3769.37988 0.227087
3769.91992 0.227772
3770.45996 0.228711
3771.00000 0.229695
3771.54004 0.230685
3772.08008 0.231673
3772.62012 0.232668
3773.15991 0.233657
3773.70996 0.234659
3774.25000 0.235655
3774.79004 0.236658
3775.33008 0.237663
3775.87012 0.238662
3776.41992 0.239671
3776.95996 0.240678
3777.50000 0.241688
3778.04004 0.242704
3778.58008 0.243718
3779.12012 0.244734
3779.66992 0.245756
3780.20996 0.246777
3780.75000 0.247789
3781.30005 0.248808
3781.84009 0.249826
3782.37988 0.250849
3782.91992 0.251867
3783.46997 0.2529
3784.01001 0.253927
3784.55005 0.254961
3785.09009 0.255989
3785.63989 0.257028
3786.17993 0.258069
3786.72998 0.259108
3787.27002 0.26015
3787.81006 0.261198
3788.36011 0.262246
3788.89990 0.263295
3789.44995 0.264352
3789.98999 0.265401
3790.53003 0.266435
3791.08008 0.267462
3791.62012 0.268496
3792.16992 0.269532
3792.70996 0.270564
3793.26001 0.271609
3793.80005 0.272648
3794.34009 0.273694
3794.88989 0.274735
3795.42993 0.275786
3795.97998 0.276836
3796.52002 0.277892
3797.07007 0.278946
3797.61011 0.280007
3798.15991 0.281067
3798.69995 0.282129
3799.25000 0.283198
3799.79004 0.284261
3800.34009 0.284779
3800.87988 0.284951
3801.42993 0.285123
3801.96997 0.285294
3802.52002 0.285466
3803.07007 0.285638
3803.61011 0.285811
3804.15991 0.285983
3804.69995 0.286153
3805.25000 0.286326
3805.80005 0.286498
3806.34009 0.28667
3806.88989 0.286841
3807.43994 0.287013
3807.97998 0.287184
3808.53003 0.287356
3809.08008 0.287528
3809.62012 0.287698
3810.16992 0.288314
3810.71997 0.289915
3811.26001 0.291526
3811.81006 0.293127
3812.36011 0.294744
3812.89990 0.296364
3813.44995 0.297989
3814.00000 0.299603
3814.55005 0.301235
3815.09009 0.302868
3815.63989 0.3045
3816.18994 0.306141
3816.73999 0.307779
3817.29004 0.309427
3817.83008 0.311066
3818.37988 0.31272
3818.92993 0.314366
3819.46997 0.316027
3820.02002 0.31765
3820.57007 0.318352
3821.12012 0.319054
3821.66992 0.319752
3822.21997 0.320457
3822.77002 0.321162
3823.32007 0.321869
3823.86011 0.322571
3824.40991 0.32328
3824.95996 0.323991
3825.51001 0.3247
3826.06006 0.325409
3826.61011 0.326123
3827.15991 0.326839
3827.70996 0.327549
3828.26001 0.328267
3828.80005 0.32898
3829.36011 0.3297
3829.90991 0.330421
3830.45996 0.331875
3831.01001 0.333479
3831.55005 0.335086
3832.11011 0.336704
3832.65991 0.338325
3833.20996 0.33995
3833.76001 0.341565
3834.31006 0.343197
3834.86011 0.344833
3835.40991 0.346466
3835.95996 0.348104
3836.51001 0.34975
3837.06006 0.351388
3837.61011 0.353041
3838.15991 0.3547
3838.70996 0.356349
3839.26001 0.358013
3839.81006 0.359682
3840.36011 0.36079
3840.91992 0.361607
3841.46997 0.362424
3842.02002 0.363247
3842.57007 0.36407
3843.12012 0.364892
3843.66992 0.365716
3844.21997 0.366544
3844.78003 0.367374
3845.33008 0.368201
3845.87988 0.36903
3846.42993 0.369864
3846.97998 0.370693
3847.54004 0.371531
3848.09009 0.372366
3848.63989 0.373202
3849.18994 0.374044
3849.75000 0.374886
3850.30005 0.375909
3850.85010 0.377076
3851.39990 0.378255
3851.95996 0.379436
3852.51001 0.380619
3853.06006 0.3818
3853.61011 0.382983
3854.16992 0.384175
3854.71997 0.385368
3855.27002 0.386554
3855.83008 0.387753
3856.37988 0.388954
3856.92993 0.390148
3857.48999 0.391354
3858.04004 0.392558
3858.59009 0.393763
3859.14990 0.394977
3859.69995 0.396192
3860.26001 0.39716
3860.81006 0.397846
3861.37012 0.398536
3861.91992 0.399226
3862.47998 0.399918
3863.03003 0.400608
3863.58008 0.401298
3864.13989 0.401993
3864.69995 0.402689
3865.25000 0.403381
3865.80005 0.404078
3866.36011 0.404772
3866.90991 0.405471
3867.46997 0.406172
3868.02002 0.406871
3868.58008 0.407572
3869.12988 0.408276
3869.68994 0.408981
3870.23999 0.409811
3870.80005 0.410804
3871.36011 0.411802
3871.90991 0.412802
3872.46997 0.4138
3873.02002 0.414805
3873.58008 0.415807
3874.13989 0.416815
3874.68994 0.417824
3875.25000 0.418829
3875.80005 0.419842
3876.36011 0.42085
3876.90991 0.421868
3877.46997 0.422887
3878.03003 0.423904
3878.58008 0.424923
3879.13989 0.425948
3879.69995 0.426975
3880.26001 0.42779
3880.81006 0.428359
3881.37012 0.428931
3881.92993 0.429503
3882.47998 0.430072
3883.04004 0.430648
3883.60010 0.43122
3884.15991 0.431795
3884.70996 0.432366
3885.27002 0.432942
3885.83008 0.433519
3886.37988 0.434091
3886.93994 0.43467
3887.50000 0.435248
3888.06006 0.435825
3888.62012 0.436402
3889.17993 0.436982
3889.73999 0.437563
3890.29004 0.438593
3890.85010 0.440034
3891.40991 0.441483
3891.96997 0.442935
3892.53003 0.44438
3893.09009 0.445845
3893.63989 0.4473
3894.19995 0.448765
3894.76001 0.450221
3895.32007 0.451691
3895.87988 0.453154
3896.43994 0.454631
3897.00000 0.456111
3897.56006 0.457594
3898.12012 0.459075
3898.67993 0.460558
3899.23999 0.46205
3899.79004 0.463534
3900.36011 0.464523
3900.90991 0.46521
3901.47998 0.465901
3902.04004 0.466593
3902.59009 0.46728
3903.15991 0.467973
3903.71997 0.468667
3904.28003 0.469362
3904.84009 0.470051
3905.39990 0.470748
3905.94995 0.471439
3906.52002 0.472137
3907.08008 0.472836
3907.63989 0.473535
3908.19995 0.474231
3908.76001 0.474933
3909.32007 0.475635
3909.87988 0.476332
3910.44995 0.477753
3911.01001 0.479355
3911.57007 0.480967
3912.12988 0.482571
3912.68994 0.484189
3913.25000 0.485812
3913.82007 0.487437
3914.37012 0.489054
3914.93994 0.490686
3915.50000 0.492321
3916.06006 0.493949
3916.62012 0.495591
3917.18994 0.497238
3917.75000 0.498887
3918.31006 0.500528
3918.87012 0.502185
3919.43994 0.503844
3919.98999 0.505494
3920.56006 0.506719
3921.12012 0.507933
3921.68994 0.509153
3922.25000 0.510367
3922.81006 0.511593
3923.37988 0.51282
3923.93994 0.51405
3924.50000 0.515272
3925.06006 0.516506
3925.62988 0.517738
3926.18994 0.518972
3926.75000 0.520213
3927.32007 0.521456
3927.87988 0.522702
3928.44995 0.52394
3929.01001 0.525191
3929.57007 0.526435
3930.13989 0.527636
3930.69995 0.528665
3931.27002 0.529697
3931.83008 0.53073
3932.38989 0.531758
3932.95996 0.532794
3933.53003 0.533833
3934.09009 0.534873
3934.64990 0.535906
3935.21997 0.536949
3935.78003 0.537991
3936.35010 0.539034
3936.90991 0.540082
3937.47998 0.541132
3938.05005 0.542184
3938.61011 0.54323
3939.16992 0.544284
3939.73999 0.545333
3940.30005 0.546309
3940.87012 0.547214
3941.43994 0.548122
3942.00000 0.549024
3942.57007 0.549933
3943.12988 0.550843
3943.69995 0.551755
3944.26001 0.552661
3944.83008 0.553576
3945.39990 0.554492
3945.96997 0.55541
3946.53003 0.556322
3947.10010 0.557242
3947.65991 0.558163
3948.22998 0.559079
3948.80005 0.560003
3949.36011 0.560929
3949.92993 0.561847
3950.48999 0.562687
3951.06006 0.563515
3951.62988 0.564344
3952.19995 0.565167
3952.76001 0.565998
3953.33008 0.56683
3953.89990 0.567664
3954.46997 0.568491
3955.03003 0.569326
3955.60010 0.570163
3956.16992 0.570997
3956.73999 0.571833
3957.31006 0.572672
3957.87988 0.573512
3958.43994 0.574347
3959.01001 0.57519
3959.57007 0.576028
3960.13989 0.576777
3960.71997 0.577245
3961.28003 0.577711
3961.85010 0.57818
3962.41992 0.578645
3962.98999 0.579115
3963.56006 0.579582
3964.12988 0.58005
3964.69995 0.580515
3965.27002 0.580983
3965.84009 0.581453
3966.40991 0.581919
3966.96997 0.582385
3967.54004 0.582855
3968.11011 0.583324
3968.67993 0.58379
3969.25000 0.584259
3969.82007 0.584724
3970.38989 0.585296
3970.95996 0.585918
3971.53003 0.586537
3972.10010 0.587157
3972.66992 0.587781
3973.23999 0.588404
3973.81006 0.589028
3974.37988 0.589647
3974.94995 0.590272
3975.52002 0.590897
3976.09009 0.591524
3976.65991 0.592148
3977.23999 0.592773
3977.81006 0.593401
3978.37988 0.594024
3978.94995 0.594653
3979.52002 0.595282
3980.09009 0.595891
3980.65991 0.596417
3981.22998 0.596944
3981.80005 0.597468
3982.37012 0.597993
3982.94995 0.598521
3983.52002 0.599048
3984.09009 0.599575
3984.65991 0.600097
3985.22998 0.600624
3985.81006 0.601154
3986.37988 0.601682
3986.94995 0.602208
3987.52002 0.602734
3988.10010 0.603263
3988.66992 0.603788
3989.23999 0.604316
3989.81006 0.604841
3990.37988 0.605473
3990.95996 0.606156
3991.53003 0.606839
3992.10010 0.607521
3992.67993 0.608202
3993.25000 0.608888
3993.82007 0.609574
3994.39990 0.610261
3994.96997 0.610943
3995.54004 0.611632
3996.12012 0.61232
3996.68994 0.613009
3997.26001 0.613694
3997.84009 0.614385
3998.40991 0.615077
3998.97998 0.615763
3999.56006 0.616455
4000.12988 0.617001
4000.70996 0.617071
4001.28003 0.617141
4001.86011 0.61721
4002.42993 0.617279
4003.00000 0.617347
4003.58008 0.617415
4004.15991 0.617483
4004.72998 0.61755
4005.30005 0.617616
4005.87988 0.617683
4006.44995 0.617749
4007.03003 0.617815
4007.60010 0.61788
4008.17993 0.617946
4008.75000 0.618011
4009.33008 0.618077
4009.90991 0.618141
