threeML/data/optical_filters/HST/ACS_HRC-F606W.ecsv
# %ECSV 0.9
# ---
# datatype:
# - {name: wavelength, unit: Angstrom, datatype: float32}
# - {name: response, datatype: float32}
# meta: !!omap
# - {band_name: F606W}
# - {group_name: ACS_HRC}
wavelength response
[from data line 3211]
6894.89014 0.880119
6895.75977 0.881739
6896.62012 0.883357
6897.47998 0.884969
6898.35010 0.886583
6899.20996 0.888196
6900.06982 0.889054
6900.93994 0.881992
6901.79980 0.874932
6902.66992 0.867867
6903.52979 0.860775
6904.39990 0.853679
6905.27002 0.846615
6906.12988 0.83955
6907.00000 0.832485
6907.85986 0.825417
6908.72998 0.818348
6909.58984 0.81128
6910.45020 0.809175
6911.31982 0.811559
6912.18994 0.813941
6913.06006 0.816315
6913.91992 0.818687
6914.79004 0.821062
6915.64990 0.823435
6916.52002 0.825809
6917.39014 0.828183
6918.25000 0.830558
6919.12012 0.832942
6919.99023 0.83533
6920.85986 0.829306
6921.72021 0.823195
6922.58984 0.817084
6923.45996 0.81097
6924.31982 0.804854
6925.18994 0.798741
6926.06006 0.792626
6926.93018 0.78648
6927.79980 0.780339
6928.66992 0.77422
6929.52979 0.768102
6930.39990 0.767421
6931.27002 0.77309
6932.14014 0.778754
6933.00000 0.784423
6933.87012 0.79009
6934.74023 0.795783
6935.60986 0.801478
6936.47998 0.807147
6937.35010 0.812816
6938.22021 0.818486
6939.08984 0.824155
6939.95996 0.829826
6940.81982 0.826685
6941.68994 0.823076
6942.56982 0.819455
6943.43994 0.815831
6944.31006 0.812224
6945.18018 0.808615
6946.04980 0.805007
6946.91992 0.801397
6947.79004 0.797789
6948.66016 0.794179
6949.52979 0.790569
6950.39990 0.79213
6951.27002 0.799842
6952.14014 0.807523
6953.00977 0.815207
6953.87988 0.822888
6954.75977 0.830573
6955.62012 0.838257
6956.50000 0.845942
6957.37012 0.853627
6958.24023 0.861344
6959.12012 0.869066
6959.99023 0.876756
6960.85986 0.877772
6961.72998 0.878691
6962.60010 0.879609
6963.47021 0.880526
6964.35010 0.881445
6965.22021 0.882362
6966.08984 0.883286
6966.97021 0.884209
6967.83984 0.885128
6968.70996 0.886048
6969.58008 0.886967
6970.45996 0.889375
6971.33008 0.893135
6972.20020 0.896894
6973.06982 0.900653
6973.95020 0.90443
6974.83008 0.908206
6975.70020 0.911968
6976.56982 0.915731
6977.45020 0.919491
6978.31982 0.923252
6979.18994 0.927013
6980.06982 0.93016
6980.93994 0.926075
6981.81982 0.921966
6982.70020 0.917862
6983.56982 0.913771
6984.45020 0.909682
6985.31982 0.905593
6986.18994 0.901502
6987.06982 0.897411
6987.93994 0.893322
6988.81982 0.889231
6989.70020 0.885122
6990.58008 0.885895
6991.45020 0.889224
6992.33008 0.892554
6993.20020 0.895885
6994.08008 0.899215
6994.95020 0.902549
6995.83008 0.905881
6996.70020 0.909212
6997.58008 0.91256
6998.45996 0.915908
6999.33984 0.919243
7000.20996 0.920998
7001.08984 0.917818
7001.97021 0.914655
7002.83984 0.91149
7003.72021 0.908325
7004.60010 0.905161
7005.47998 0.901983
7006.35986 0.898807
7007.24023 0.895642
7008.10986 0.892493
7008.99023 0.889314
7009.87012 0.886154
7010.74023 0.887092
7011.62012 0.888761
7012.50000 0.890429
7013.37988 0.892106
7014.25977 0.893781
7015.14014 0.895449
7016.02002 0.89711
7016.89990 0.898786
7017.77979 0.900453
7018.64990 0.902119
7019.52979 0.903787
7020.41016 0.902416
7021.29004 0.897573
7022.18018 0.892731
7023.06006 0.887909
7023.93018 0.883109
7024.81006 0.878268
7025.68994 0.873447
7026.56982 0.868626
7027.45020 0.863803
7028.33008 0.858985
7029.22021 0.854143
7030.10010 0.850431
7030.97998 0.855542
7031.85986 0.860631
7032.74023 0.865768
7033.62012 0.870879
7034.50000 0.875989
7035.37988 0.8811
7036.25977 0.886211
7037.14990 0.891345
7038.02979 0.896478
7038.91016 0.901587
7039.79004 0.906671
7040.68018 0.904488
7041.56006 0.900045
7042.43994 0.895602
7043.31982 0.891156
7044.20020 0.886714
7045.08984 0.882251
7045.97021 0.877786
7046.85010 0.873344
7047.72998 0.868918
7048.62012 0.864454
7049.50000 0.860012
7050.37988 0.859911
7051.27002 0.865467
7052.14990 0.871026
7053.02979 0.876607
7053.91992 0.882186
7054.81006 0.887743
7055.68018 0.893276
7056.56982 0.898853
7057.45020 0.904408
7058.33984 0.909966
7059.22021 0.915519
7060.10010 0.919825
7060.99023 0.914847
7061.87988 0.909866
7062.75977 0.904908
7063.64990 0.89997
7064.52979 0.894992
7065.41992 0.890034
7066.29980 0.885072
7067.18994 0.880115
7068.06982 0.875156
7068.95996 0.870175
7069.85010 0.865195
7070.72998 0.855369
7071.60986 0.844576
7072.50000 0.833689
7073.39014 0.822852
7074.27002 0.812016
7075.16016 0.801178
7076.04980 0.790343
7076.93994 0.779462
7077.81982 0.768583
7078.70996 0.757756
7079.58984 0.746971
7080.47998 0.727627
7081.37012 0.701248
7082.25977 0.674872
7083.14014 0.648486
7084.02979 0.622102
7084.91992 0.595606
7085.81006 0.569115
7086.70020 0.542727
7087.58008 0.516475
7088.47021 0.489979
7089.35986 0.463587
7090.25000 0.439929
7091.12988 0.42336
7092.02002 0.406805
7092.91016 0.39016
7093.79980 0.373528
7094.68994 0.35697
7095.58008 0.340479
7096.47021 0.323845
7097.35986 0.307286
7098.24023 0.290722
7099.12988 0.274159
7100.02002 0.257772
7100.91016 0.24803
7101.81006 0.23829
7102.70020 0.228588
7103.58008 0.218936
7104.47998 0.209189
7105.35986 0.199493
7106.25000 0.189797
7107.14014 0.180098
7108.02979 0.170401
7108.93018 0.160663
7109.81982 0.150921
7110.70996 0.145593
7111.60010 0.141386
7112.49023 0.137143
7113.37988 0.132917
7114.27002 0.128694
7115.16016 0.124469
7116.04980 0.120245
7116.95020 0.116003
7117.83984 0.11176
7118.72998 0.107535
7119.62012 0.10333
7120.52002 0.100027
7121.41016 0.0974261
7122.29980 0.0948244
7123.18994 0.092223
7124.08008 0.0896223
7124.97998 0.0870103
7125.87012 0.0843976
7126.75977 0.0817979
7127.64990 0.0792085
7128.54980 0.0765955
7129.43994 0.0739955
7130.33008 0.0719287
7131.22998 0.0707576
7132.12012 0.0695868
7133.02002 0.0684111
7133.91016 0.067235
7134.81006 0.066064
7135.68994 0.0648984
7136.58984 0.0637229
7137.47998 0.062552
7138.37988 0.061382
7139.27002 0.0602114
7140.16992 0.0590303
7141.06006 0.0577997
7141.95996 0.0565683
7142.85010 0.0553427
7143.74023 0.0541225
7144.64014 0.0528918
7145.54004 0.0516659
7146.43018 0.0504402
7147.33008 0.0492147
7148.22021 0.0479892
7149.12012 0.0467587
7150.02002 0.0455333
7150.91016 0.0443218
7151.81006 0.043121
7152.70020 0.0419093
7153.60010 0.0407037
7154.49023 0.0394976
7155.39014 0.0382917
7156.29004 0.0370853
7157.18994 0.0358746
7158.08008 0.0346687
7158.97998 0.0334577
7159.87012 0.0322568
7160.77002 0.0310632
7161.66992 0.029877
7162.56982 0.0286912
7163.45996 0.0275055
7164.35986 0.02632
7165.25977 0.0251291
7166.16016 0.0239435
7167.04980 0.0227633
7167.95020 0.021573
7168.85010 0.0203823
7169.75000 0.019197
7170.64990 0.018259
7171.54980 0.0174161
7172.43994 0.016573
7173.35010 0.0157267
7174.24023 0.0148838
7175.14014 0.0140447
7176.04004 0.0131978
7176.93994 0.0123512
7177.83984 0.0115087
7178.74023 0.0106655
7179.64014 0.0098228
7180.52979 0.00925923
7181.43994 0.00888328
7182.33984 0.00850901
7183.22998 0.0081362
7184.14014 0.00776041
7185.04004 0.00738445
7185.93994 0.00701019
7186.83984 0.00663598
7187.74023 0.00626181
7188.64014 0.0058875
7189.54004 0.0055116
7190.43994 0.00524891
7191.33984 0.00510324
7192.24023 0.00495624
7193.14990 0.00480926
7194.04980 0.00466292
7194.95020 0.00451662
7195.85010 0.00437027
7196.75000 0.00422402
7197.64990 0.00407707
7198.54980 0.0039307
7199.45020 0.00378506
7919.39502 0.0
