threeML/data/optical_filters/HST/ACS_HRC-F220W.ecsv
# %ECSV 0.9
# ---
# datatype:
# - {name: wavelength, unit: Angstrom, datatype: float32}
# - {name: response, datatype: float32}
# meta: !!omap
# - {band_name: F220W}
# - {group_name: ACS_HRC}
wavelength response
[from data line 1604]
2466.51001 0.526411
2466.94995 0.525123
2467.37988 0.523831
2467.82007 0.522544
2468.25000 0.521251
2468.68994 0.519957
2469.12012 0.518673
2469.56006 0.517379
2469.98999 0.516089
2470.42993 0.514808
2470.87012 0.513528
2471.30005 0.512251
2471.73999 0.510969
2472.17993 0.509692
2472.61011 0.508411
2473.05005 0.507133
2473.47998 0.50586
2473.91992 0.50458
2474.36011 0.503301
2474.80005 0.502019
2475.22998 0.500739
2475.66992 0.499455
2476.11011 0.498171
2476.54004 0.496893
2476.97998 0.49561
2477.41992 0.494331
2477.85010 0.493055
2478.29004 0.491771
2478.72998 0.490487
2479.16992 0.489203
2479.60010 0.487923
2480.04004 0.48662
2480.47998 0.485084
2480.91992 0.483552
2481.36011 0.482014
2481.79004 0.480479
2482.22998 0.478941
2482.66992 0.477414
2483.11011 0.475876
2483.55005 0.474338
2483.97998 0.472803
2484.41992 0.471269
2484.86011 0.469729
2485.30005 0.468195
2485.73999 0.466657
2486.17993 0.465122
2486.61011 0.463583
2487.05005 0.462042
2487.48999 0.460507
2487.92993 0.458972
2488.37012 0.457432
2488.81006 0.455901
2489.25000 0.454361
2489.68994 0.452825
2490.12988 0.451283
2490.57007 0.449742
2491.01001 0.448195
2491.44995 0.446655
2491.88989 0.44511
2492.33008 0.443564
2492.76001 0.442023
2493.20996 0.440478
2493.63989 0.438941
2494.08008 0.4374
2494.53003 0.43585
2494.96997 0.43431
2495.40991 0.432768
2495.85010 0.43122
2496.29004 0.429678
2496.72998 0.42813
2497.16992 0.426587
2497.61011 0.42504
2498.05005 0.423501
2498.48999 0.421955
2498.92993 0.420411
2499.37012 0.418868
2499.81006 0.41732
2500.25000 0.416027
2500.68994 0.414927
2501.13989 0.413823
2501.58008 0.412723
2502.02002 0.411618
2502.45996 0.410518
2502.89990 0.409417
2503.34009 0.408312
2503.78003 0.40721
2504.22998 0.406109
2504.66992 0.405004
2505.11011 0.403903
2505.55005 0.402798
2505.98999 0.401696
2506.43994 0.40059
2506.87988 0.399487
2507.32007 0.398386
2507.76001 0.397281
2508.20996 0.396175
2508.64990 0.395071
2509.09009 0.393969
2509.53003 0.392866
2509.97998 0.391761
2510.41992 0.390674
2510.86011 0.389584
2511.31006 0.388494
2511.75000 0.38741
2512.19995 0.386315
2512.63989 0.385227
2513.08008 0.384136
2513.52002 0.383051
2513.96997 0.381962
2514.40991 0.38087
2514.85010 0.379783
2515.30005 0.378691
2515.73999 0.377598
2516.18994 0.376508
2516.62988 0.37542
2517.07007 0.374327
2517.52002 0.373237
2517.95996 0.372145
2518.40991 0.371053
2518.85010 0.36996
2519.30005 0.368869
2519.73999 0.367775
2520.18994 0.366574
2520.62988 0.36522
2521.07007 0.363862
2521.52002 0.362508
2521.96997 0.36115
2522.40991 0.3598
2522.85010 0.358445
2523.30005 0.357082
2523.73999 0.355726
2524.18994 0.354367
2524.63989 0.35301
2525.08008 0.351654
2525.53003 0.350295
2525.96997 0.348939
2526.41992 0.347578
2526.87012 0.346219
2527.31006 0.344866
2527.76001 0.343505
2528.19995 0.342148
2528.64990 0.340788
2529.09009 0.339431
2529.54004 0.338074
2529.98999 0.336713
2530.42993 0.335362
2530.87988 0.334008
2531.33008 0.332658
2531.77002 0.331307
2532.21997 0.329952
2532.66992 0.328602
2533.11011 0.327246
2533.56006 0.325894
2534.01001 0.324542
2534.44995 0.323186
2534.89990 0.321831
2535.35010 0.320474
2535.80005 0.319121
2536.23999 0.317768
2536.68994 0.316415
2537.13989 0.315059
2537.59009 0.313701
2538.03003 0.312352
2538.47998 0.310999
2538.92993 0.309641
2539.37988 0.308287
2539.83008 0.306925
2540.28003 0.305916
2540.71997 0.305123
2541.16992 0.304327
2541.62012 0.303532
2542.07007 0.302736
2542.52002 0.301944
2542.96997 0.301146
2543.41992 0.300351
2543.86011 0.299558
2544.31006 0.298761
2544.76001 0.297965
2545.20996 0.29717
2545.65991 0.296374
2546.11011 0.295579
2546.56006 0.294782
2547.01001 0.293989
2547.45996 0.293191
2547.90991 0.292393
2548.36011 0.291598
2548.81006 0.2908
2549.26001 0.290005
2549.70996 0.289209
2550.15991 0.28841
2550.61011 0.287616
2551.06006 0.286817
2551.51001 0.286022
2551.95996 0.285229
2552.40991 0.284432
2552.86011 0.283635
2553.31006 0.28284
2553.76001 0.282045
2554.20996 0.281248
2554.65991 0.280453
2555.11011 0.279658
2555.56006 0.27886
2556.01001 0.278061
2556.45996 0.277266
2556.91992 0.276468
2557.37012 0.275672
2557.82007 0.274873
2558.27002 0.274079
2558.71997 0.27328
2559.16992 0.272481
2559.62012 0.271685
2560.08008 0.270869
2560.53003 0.269973
2560.97998 0.269076
2561.42993 0.268179
2561.87988 0.267279
2562.34009 0.266379
2562.79004 0.265485
2563.23999 0.264586
2563.68994 0.263689
2564.13989 0.262789
2564.60010 0.261888
2565.05005 0.260991
2565.50000 0.260094
2565.94995 0.259195
2566.40991 0.258297
2566.86011 0.257396
2567.32007 0.256495
2567.77002 0.255599
2568.21997 0.254698
2568.66992 0.253801
2569.12988 0.2529
2569.58008 0.252001
2570.03003 0.2511
2570.48999 0.250204
2570.93994 0.249308
2571.38989 0.248408
2571.85010 0.247514
2572.30005 0.246614
2572.76001 0.245715
2573.20996 0.244815
2573.65991 0.243918
2574.12012 0.24302
2574.57007 0.24212
2575.03003 0.241223
2575.47998 0.240323
2575.93994 0.239423
2576.38989 0.238525
2576.84009 0.23763
2577.30005 0.236729
2577.75000 0.235831
2578.20996 0.234928
2578.65991 0.234033
2579.12012 0.233132
2579.57007 0.232233
2580.03003 0.23134
2580.47998 0.230515
2580.93994 0.229691
2581.39990 0.228867
2581.85010 0.228048
2582.31006 0.227224
2582.76001 0.226401
2583.21997 0.22558
2583.66992 0.224755
2584.12988 0.22393
2584.59009 0.223108
2585.04004 0.222283
2585.50000 0.221461
2585.94995 0.220636
2586.40991 0.219813
2586.87012 0.218991
2587.32007 0.218165
2587.78003 0.217345
2588.23999 0.21652
2588.68994 0.215697
2589.14990 0.214871
2589.61011 0.214044
2590.06006 0.21322
2590.52002 0.212392
2590.97998 0.211565
2591.42993 0.210738
2591.88989 0.209909
2592.35010 0.209079
2592.81006 0.208255
2593.26001 0.207425
2593.71997 0.206599
2594.17993 0.205769
2594.63989 0.204942
2595.10010 0.204112
2595.55005 0.203285
2596.01001 0.202457
2596.46997 0.201627
2596.92993 0.2008
2597.38989 0.199967
2597.84009 0.199142
2598.30005 0.198315
2598.76001 0.197485
2599.21997 0.196657
2599.67993 0.195827
2600.13989 0.195047
2600.60010 0.194375
2601.06006 0.193704
2601.52002 0.193035
2601.97998 0.192364
2602.42993 0.191696
2602.88989 0.191024
2603.35010 0.190354
2603.81006 0.189685
2604.27002 0.189013
2604.72998 0.188342
2605.18994 0.187669
2605.64990 0.186997
2606.11011 0.186326
2606.57007 0.185653
2607.03003 0.184983
2607.48999 0.184311
2607.94995 0.183638
2608.40991 0.182969
2608.87012 0.182293
2609.33008 0.181621
2609.79004 0.180949
2610.25000 0.180273
2610.70996 0.179598
2611.16992 0.178921
2611.62988 0.178247
2612.09009 0.177569
2612.56006 0.176892
2613.01001 0.176218
2613.47998 0.17554
2613.93994 0.174862
2614.39990 0.174186
2614.86011 0.173508
2615.32007 0.172831
2615.78003 0.172152
2616.25000 0.171476
2616.70996 0.170797
2617.16992 0.17012
2617.62988 0.169441
2618.09009 0.168762
2618.55005 0.168086
2619.02002 0.167409
2619.47998 0.166729
2619.93994 0.166052
2620.40991 0.165428
2620.87012 0.164815
2621.33008 0.164199
2621.79004 0.163585
2622.26001 0.16297
2622.71997 0.162354
2623.17993 0.161742
2623.63989 0.161126
2624.11011 0.16051
2624.57007 0.159898
2625.03003 0.159281
2625.50000 0.158664
2625.95996 0.15805
2626.41992 0.157433
2626.88989 0.156819
2627.35010 0.156202
2627.81006 0.155588
2628.28003 0.154971
2628.73999 0.154357
2629.19995 0.153741
2629.66992 0.153124
2630.12988 0.15251
2630.60010 0.151896
2631.06006 0.151282
2631.53003 0.15067
2631.98999 0.150056
2632.44995 0.149445
2632.91992 0.148833
2633.37988 0.148218
2633.85010 0.147605
2634.31006 0.146991
2634.78003 0.146378
2635.23999 0.145765
2635.70996 0.14515
2636.16992 0.144537
2636.63989 0.143922
2637.10010 0.143308
2637.57007 0.142693
2638.03003 0.142079
2638.50000 0.141467
2638.96997 0.14085
2639.42993 0.140236
2639.89990 0.139622
2640.36011 0.139135
2640.83008 0.138687
2641.29004 0.138238
2641.76001 0.137791
2642.22998 0.137342
2642.68994 0.136893
2643.15991 0.136445
2643.62988 0.135995
2644.09009 0.135548
2644.56006 0.135098
2645.03003 0.13465
2645.48999 0.134202
2645.95996 0.133753
2646.42993 0.133305
2646.88989 0.132855
2647.36011 0.132405
2647.83008 0.131956
2648.30005 0.131507
2648.76001 0.131059
2649.22998 0.130609
2649.69995 0.130161
2650.15991 0.129713
2650.62988 0.129264
2651.10010 0.128819
2651.57007 0.128373
2652.04004 0.127926
2652.50000 0.12748
2652.96997 0.127033
2653.43994 0.126586
2653.90991 0.12614
2654.37988 0.125692
2654.84009 0.125247
2655.31006 0.1248
2655.78003 0.124352
2656.25000 0.123905
2656.71997 0.123457
2657.18994 0.12301
2657.65991 0.122562
2658.12988 0.122115
2658.60010 0.121667
2659.06006 0.12122
2659.53003 0.120771
2660.00000 0.120324
2660.46997 0.119898
2660.93994 0.11947
2661.40991 0.119043
2661.87988 0.118617
2662.35010 0.118188
2662.82007 0.117761
2663.29004 0.117333
2663.76001 0.116906
2664.22998 0.116478
2664.69995 0.116049
2665.16992 0.115623
2665.63989 0.115195
2666.11011 0.114767
2666.58008 0.114339
2667.05005 0.113909
2667.52002 0.11348
2667.98999 0.113053
2668.45996 0.112625
2668.93994 0.112196
2669.40991 0.111766
2669.87988 0.111339
2670.35010 0.11091
2670.82007 0.110482
2671.29004 0.110054
2671.76001 0.109625
2672.22998 0.109197
2672.70996 0.108767
2673.17993 0.108337
2673.64990 0.107908
2674.12012 0.107478
2674.59009 0.107051
2675.07007 0.106621
2675.54004 0.106191
2676.01001 0.105761
2676.47998 0.105331
2676.94995 0.104902
2677.42993 0.104471
2677.89990 0.104042
2678.37012 0.103613
2678.84009 0.103182
2679.32007 0.102753
2679.79004 0.102322
2680.26001 0.101918
2680.72998 0.101534
2681.20996 0.101149
2681.67993 0.100763
2682.15991 0.100378
2682.62988 0.0999936
2683.10010 0.0996091
2683.57007 0.0992234
2684.05005 0.098839
2684.52002 0.0984522
2685.00000 0.0980692
2685.46997 0.0976833
2685.93994 0.0972987
2686.41992 0.0969137
2686.88989 0.0965274
2687.37012 0.0961426
2687.84009 0.0957578
2688.31006 0.0953716
2688.79004 0.0949863
2689.26001 0.0945999
2689.73999 0.0942148
2690.20996 0.0938279
2690.68994 0.0934405
2691.15991 0.0930556
2691.63989 0.0926684
2692.11011 0.0922822
2692.59009 0.0918958
2693.06006 0.0915067
2693.54004 0.0911204
2694.01001 0.0907326
2694.48999 0.0903464
2694.95996 0.08996
2695.43994 0.0895719
2695.90991 0.0891865
2696.38989 0.0887982
2696.87012 0.0884113
2697.34009 0.0880233
2697.82007 0.0876366
2698.29004 0.0872496
2698.77002 0.0868603
2699.25000 0.0864731
2699.71997 0.0860858
2700.19995 0.0857528
2700.67993 0.0854985
2701.14990 0.0852423
2701.62988 0.0849862
2702.11011 0.0847307
2702.58008 0.0844743
2703.06006 0.0842185
2703.54004 0.0839619
2704.01001 0.0837057
2704.48999 0.0834495
2704.96997 0.0831922
2705.44995 0.0829355
2705.91992 0.0826777
2706.39990 0.0824211
2706.87988 0.0821634
2707.36011 0.0819062
2707.83008 0.0816487
2708.31006 0.0813906
2708.79004 0.0811332
2709.27002 0.0808747
2709.75000 0.0806167
2710.21997 0.0803577
2710.69995 0.0800962
2711.17993 0.0798361
2711.65991 0.0795758
2712.13989 0.0793146
2712.61011 0.0790546
2713.09009 0.0787931
2713.57007 0.0785321
2714.05005 0.0782703
2714.53003 0.0780092
2715.01001 0.0777478
2715.48999 0.0774856
2715.96997 0.077223
2716.44995 0.0769614
2716.92993 0.0766989
2717.40991 0.0764378
2717.88989 0.0761749
2718.36011 0.0759129
2718.85010 0.0756498
2719.33008 0.0753866
2719.81006 0.0751239
2720.29004 0.0748654
2720.77002 0.0746112
2721.25000 0.0743569
2721.72998 0.0741019
2722.19995 0.0738482
2722.68994 0.0735927
2723.16992 0.0733373
2723.64990 0.0730825
2724.12988 0.0728276
2724.61011 0.0725716
2725.09009 0.0723156
2725.57007 0.0720603
2726.05005 0.071804
2726.53003 0.0715482
2727.01001 0.0712929
2727.50000 0.0710352
2727.97998 0.0707788
2728.45996 0.0705218
2728.93994 0.0702655
2729.41992 0.0700088
2729.89990 0.0697511
2730.37988 0.0694926
2730.87012 0.0692328
2731.35010 0.0689732
2731.83008 0.0687136
2732.31006 0.068454
2732.79004 0.0681934
2733.28003 0.0679327
2733.76001 0.0676719
2734.23999 0.0674127
2734.71997 0.0671518
2735.20996 0.0668914
2735.68994 0.0666299
2736.16992 0.0663692
2736.65991 0.0661076
2737.13989 0.0658458
2737.62012 0.0655858
2738.10010 0.0653238
2738.59009 0.0650626
2739.07007 0.0648012
2739.55005 0.0645387
2740.04004 0.0642835
2740.52002 0.0641056
2741.00000 0.0639283
2741.48999 0.063751
2741.96997 0.0635724
2742.45996 0.0633947
2742.93994 0.0632169
2743.41992 0.0630388
2743.90991 0.0628616
2744.38989 0.0626829
2744.87988 0.0625047
2745.36011 0.062326
2745.85010 0.0621473
2746.33008 0.0619691
2746.82007 0.0617902
2747.30005 0.0616118
2747.78003 0.0614326
2748.27002 0.061254
2748.75000 0.0610757
2749.23999 0.0608962
2749.71997 0.0607171
2750.20996 0.0605374
2750.69995 0.0603576
2751.17993 0.0601784
2751.66992 0.0599985
2752.14990 0.059819
2752.63989 0.059639
2753.12012 0.0594594
2753.61011 0.0592795
2754.10010 0.0590985
2754.58008 0.058919
2755.07007 0.0587383
2755.55005 0.0585583
2756.04004 0.0583783
2756.53003 0.0581974
2757.01001 0.0580168
2757.50000 0.0578357
2757.97998 0.0576551
2758.46997 0.0574743
2758.95996 0.0572928
2759.43994 0.057112
2759.92993 0.0569306
2760.41992 0.0567719
2760.90991 0.056618
2761.38989 0.056463
2761.87988 0.0563084
2762.37012 0.0561532
2762.86011 0.055998
2763.34009 0.0558432
2763.83008 0.0556879
2764.32007 0.0555329
2764.81006 0.0553774
2765.30005 0.0552222
2765.78003 0.0550673
2766.27002 0.0549116
2766.76001 0.0547563
2767.25000 0.0546006
2767.72998 0.0544451
2768.21997 0.0542892
2768.70996 0.054133
2769.19995 0.0539773
2769.68994 0.053821
2770.17993 0.053666
2770.65991 0.053513
2771.15991 0.0533589
2771.63989 0.0532046
2772.13989 0.0530503
2772.62012 0.0528965
2773.11011 0.0527426
2773.60010 0.052588
2774.09009 0.0524339
2774.58008 0.0522792
2775.07007 0.0521249
2775.56006 0.0519701
2776.05005 0.0518161
2776.54004 0.0516611
2777.03003 0.051506
2777.52002 0.0513511
2778.01001 0.0511963
2778.50000 0.0510408
2778.98999 0.0508859
2779.47998 0.0507303
2779.96997 0.0505752
2780.45996 0.0503437
2780.94995 0.0501073
2781.43994 0.0498718
2781.92993 0.0496363
2782.42993 0.0493998
2782.90991 0.0491646
2783.40991 0.0489278
2783.89990 0.0486917
2784.38989 0.0484547
2784.87988 0.0482184
2785.37012 0.0479813
2785.86011 0.0477447
2786.36011 0.047508
2786.85010 0.0472703
2787.34009 0.0470325
2787.83008 0.0467959
2788.32007 0.046558
2788.81006 0.0463207
2789.31006 0.0460818
2789.80005 0.0458443
2790.29004 0.0456067
2790.78003 0.0453682
2791.28003 0.0451305
2791.77002 0.0448926
2792.26001 0.0446538
2792.75000 0.0444156
2793.25000 0.0441772
2793.73999 0.0439387
2794.22998 0.0436995
2794.71997 0.0434609
2795.21997 0.0432214
2795.70996 0.0429817
2796.20996 0.0427426
2796.69995 0.0425028
2797.18994 0.0422636
2797.68994 0.0420235
2798.17993 0.0417839
2798.66992 0.0415441
2799.16992 0.0413035
2799.65991 0.0410637
2800.15991 0.0408846
2800.64990 0.0408368
2801.13989 0.0407892
2801.63989 0.0407415
2802.12988 0.0406939
2802.62988 0.040646
2803.12012 0.0405983
2803.62012 0.0405505
2804.11011 0.0405026
2804.61011 0.0404548
2805.10010 0.0404068
2805.60010 0.0403588
2806.09009 0.0403108
2806.59009 0.0402628
2807.08008 0.0402149
2807.58008 0.0401666
2808.07007 0.0401183
2808.57007 0.0400704
2809.06006 0.040022
2809.56006 0.0399738
2810.06006 0.0399256
2810.55005 0.0398789
2811.05005 0.0398322
2811.54004 0.0397851
2812.04004 0.0397382
2812.54004 0.0396913
2813.03003 0.0396442
2813.53003 0.0395972
2814.03003 0.0395502
2814.52002 0.0395029
2815.02002 0.0394559
2815.51001 0.0394087
2816.01001 0.0393614
2816.51001 0.0393141
2817.01001 0.0392669
2817.51001 0.0392193
2818.00000 0.0391717
2818.50000 0.0391244
2819.00000 0.0390768
2819.48999 0.0390295
2819.98999 0.038982
2820.48999 0.0388895
2820.97998 0.0387959
2821.47998 0.038702
2821.97998 0.038608
2822.47998 0.0385139
2822.97998 0.0384201
2823.46997 0.0383262
2823.96997 0.0382319
2824.46997 0.0381379
2824.96997 0.0380435
2825.46997 0.037949
2825.96997 0.0378551
2826.46997 0.0377605
2826.96997 0.0376661
2827.46997 0.0375714
2827.95996 0.0374769
2828.45996 0.0373822
2828.95996 0.0372872
2829.45996 0.0371926
2829.95996 0.0370976
2830.45996 0.0370034
2830.95996 0.0369092
2831.45996 0.0368149
2831.95996 0.0367207
2832.45996 0.0366261
2832.95996 0.0365317
2833.45996 0.0364372
2833.95996 0.0363423
