threeML/data/optical_filters/HST/ACS_WFC-F475W_81.ecsv
# %ECSV 0.9
# ---
# datatype:
# - {name: wavelength, unit: Angstrom, datatype: float32}
# - {name: response, datatype: float32}
# meta: !!omap
# - {band_name: F475W_81}
# - {group_name: ACS_WFC}
wavelength response
[from data line 1596]
4569.43994 0.84852
4569.93994 0.848464
4570.43994 0.848235
4570.93994 0.847983
4571.45020 0.84773
4571.95020 0.847479
4572.45020 0.847226
4572.95020 0.846974
4573.45020 0.846722
4573.95020 0.846473
4574.45020 0.84622
4574.95996 0.845966
4575.45996 0.845715
4575.95996 0.845462
4576.45996 0.845209
4576.95996 0.844957
4577.45996 0.844705
4577.95996 0.844452
4578.47021 0.844199
4578.97021 0.843946
4579.47021 0.843693
4579.97021 0.84344
4580.47998 0.843507
4580.97998 0.843594
4581.47998 0.84368
4581.97998 0.843767
4582.47998 0.843854
4582.97998 0.843941
4583.49023 0.844028
4583.99023 0.844115
4584.49023 0.844202
4584.99023 0.844289
4585.50000 0.844376
4586.00000 0.844463
4586.50000 0.844549
4587.00000 0.844635
4587.50977 0.844721
4588.00977 0.844808
4588.50977 0.844894
4589.00977 0.844981
4589.52002 0.845068
4590.02002 0.84515
4590.52002 0.845141
4591.02979 0.845132
4591.52979 0.845124
4592.02979 0.845115
4592.54004 0.845107
4593.04004 0.845099
4593.54980 0.84509
4594.04980 0.84508
4594.54980 0.845073
4595.04980 0.845065
4595.56006 0.845056
4596.06006 0.845047
4596.56006 0.845038
4597.06982 0.845029
4597.56982 0.845019
4598.06982 0.84501
4598.58008 0.845001
4599.08984 0.844992
4599.58984 0.844983
4600.08984 0.845069
4600.60010 0.845584
4601.10010 0.846099
4601.60986 0.846614
4602.10986 0.847126
4602.60986 0.847641
4603.12012 0.848156
4603.62012 0.848668
4604.12988 0.849183
4604.62988 0.849696
4605.14014 0.850211
4605.64014 0.850724
4606.14990 0.851239
4606.64990 0.851752
4607.14990 0.852267
4607.66016 0.852783
4608.16992 0.853299
4608.66992 0.853815
4609.16992 0.854326
4609.68018 0.854843
4610.18994 0.855183
4610.68994 0.855218
4611.20020 0.855253
4611.70020 0.855288
4612.20996 0.855322
4612.72021 0.855357
4613.22021 0.855391
4613.72021 0.855426
4614.22998 0.855462
4614.74023 0.855497
4615.24023 0.855532
4615.74023 0.855567
4616.25000 0.855602
4616.75977 0.855635
4617.25977 0.85567
4617.77002 0.855706
4618.27979 0.85574
4618.77979 0.855775
4619.29004 0.855809
4619.79980 0.855843
4620.29980 0.856216
4620.81006 0.856813
4621.31006 0.857414
4621.81982 0.858014
4622.33008 0.858612
4622.83984 0.859213
4623.33984 0.859812
4623.85010 0.860414
4624.35010 0.861012
4624.85986 0.861613
4625.37012 0.862212
4625.87012 0.862815
4626.37988 0.863414
4626.89014 0.864015
4627.39990 0.864617
4627.89990 0.865219
4628.41016 0.865819
4628.91992 0.866426
4629.43018 0.867029
4629.93018 0.867626
4630.43994 0.868098
4630.95020 0.868549
4631.45996 0.869002
4631.95996 0.869449
4632.47021 0.8699
4632.97998 0.870351
4633.49023 0.870803
4633.99023 0.871252
4634.50000 0.871704
4635.00977 0.872156
4635.52002 0.872607
4636.02002 0.873058
4636.52979 0.87351
4637.04004 0.873961
4637.54980 0.874411
4638.06006 0.874863
4638.56982 0.875315
4639.06982 0.875767
4639.58008 0.876218
4640.08984 0.876648
4640.60010 0.876967
4641.10010 0.877286
4641.60986 0.877606
4642.12012 0.877927
4642.62988 0.878246
4643.14014 0.878567
4643.64990 0.878886
4644.16016 0.879207
4644.66992 0.879529
4645.18018 0.879849
4645.68994 0.88017
4646.20020 0.880491
4646.70996 0.880812
4647.22021 0.881133
4647.72998 0.881455
4648.22998 0.881774
4648.74023 0.882094
4649.25000 0.882416
4649.75977 0.882738
4650.27002 0.883035
4650.77979 0.883311
4651.29004 0.88359
4651.79980 0.883869
4652.31006 0.884148
4652.81982 0.884423
4653.33008 0.884701
4653.83984 0.884979
4654.35010 0.885258
4654.85986 0.885535
4655.37012 0.885814
4655.87988 0.886092
4656.39014 0.88637
4656.89990 0.886649
4657.41016 0.886928
4657.91992 0.887206
4658.43018 0.887484
4658.93994 0.887763
4659.45020 0.888041
4659.97021 0.88832
4660.47021 0.888847
4660.97998 0.889392
4661.49023 0.889939
4662.00977 0.890486
4662.52002 0.891031
4663.02979 0.891579
4663.54004 0.892129
4664.04980 0.892673
4664.56006 0.89322
4665.06982 0.893769
4665.58984 0.894318
4666.10010 0.894868
4666.60986 0.895413
4667.12012 0.895961
4667.62988 0.896507
4668.14014 0.897056
4668.64990 0.897602
4669.16992 0.898152
4669.68018 0.8987
4670.18994 0.899093
4670.70020 0.899217
4671.20996 0.899341
4671.72021 0.899465
4672.22998 0.899589
4672.75000 0.899714
4673.25977 0.899838
4673.77002 0.899961
4674.27979 0.900085
4674.79980 0.90021
4675.31006 0.900334
4675.81982 0.900459
4676.33984 0.900583
4676.85010 0.900707
4677.35986 0.900831
4677.87012 0.900956
4678.39014 0.90108
4678.89990 0.901203
4679.41016 0.901327
4679.91992 0.901452
4680.43994 0.901362
4680.95020 0.901234
4681.45996 0.901108
4681.97998 0.90098
4682.49023 0.900854
4683.00000 0.900728
4683.50977 0.900598
4684.02979 0.900469
4684.54004 0.900342
4685.04980 0.900214
4685.56982 0.900086
4686.08008 0.899957
4686.60010 0.899829
4687.10986 0.899702
4687.62012 0.899574
4688.14014 0.899445
4688.64990 0.899316
4689.16016 0.899188
4689.68018 0.89906
4690.18994 0.89897
4690.70020 0.898947
4691.22021 0.898923
4691.72998 0.898899
4692.25000 0.898876
4692.75977 0.898854
4693.27979 0.89883
4693.79004 0.898806
4694.31006 0.898783
4694.81982 0.89876
4695.33984 0.898736
4695.85010 0.898712
4696.35986 0.898688
4696.87988 0.898665
4697.39014 0.898641
4697.91016 0.898617
4698.41992 0.898594
4698.93994 0.89857
4699.45020 0.898546
4699.97021 0.898521
4700.47998 0.898568
4701.00000 0.898619
4701.50977 0.898669
4702.02979 0.898719
4702.54004 0.89877
4703.06006 0.89882
4703.58008 0.898872
4704.08984 0.898923
4704.60986 0.898973
4705.12012 0.899024
4705.64014 0.899074
4706.14990 0.899125
4706.66992 0.899175
4707.18018 0.899226
4707.70020 0.899275
4708.20996 0.899325
4708.72998 0.899375
4709.25000 0.899425
4709.75977 0.899475
4710.27979 0.899684
4710.79980 0.900029
4711.31006 0.900375
4711.83008 0.900719
4712.35010 0.901065
4712.85986 0.901411
4713.37988 0.901757
4713.89990 0.902103
4714.41016 0.902448
4714.93018 0.902792
4715.43994 0.903137
4715.95996 0.903481
4716.47998 0.903827
4716.99023 0.904171
4717.50977 0.904514
4718.02979 0.904858
4718.54980 0.905204
4719.06006 0.905549
4719.58008 0.905893
4720.10010 0.906115
4720.60986 0.90579
4721.12988 0.905466
4721.64990 0.905144
4722.16992 0.90482
4722.68994 0.904496
4723.20020 0.904173
4723.72021 0.90385
4724.24023 0.903525
4724.75977 0.903201
4725.27002 0.902877
4725.79004 0.902552
4726.31006 0.902227
4726.83008 0.9019
4727.33984 0.901575
4727.85986 0.901249
4728.37988 0.900922
4728.89990 0.900598
4729.41992 0.900274
4729.93994 0.899948
4730.45020 0.900022
4730.97021 0.900152
4731.49023 0.900284
4732.00977 0.900416
4732.52979 0.900548
4733.04980 0.90068
4733.56006 0.900811
4734.08008 0.900944
4734.60010 0.901074
4735.12012 0.901205
4735.64014 0.901337
4736.16016 0.901469
4736.68018 0.901601
4737.20020 0.901732
4737.72021 0.901864
4738.24023 0.901996
4738.75000 0.902127
4739.27002 0.902258
4739.79980 0.90239
4740.31006 0.902408
4740.83008 0.902351
4741.35010 0.902294
4741.87988 0.902237
4742.39014 0.902179
4742.91016 0.902122
4743.43018 0.902065
4743.95020 0.902009
4744.47021 0.901951
4744.99023 0.901892
4745.50977 0.901834
4746.02979 0.901777
4746.54980 0.90172
4747.06982 0.901662
4747.58984 0.901604
4748.10986 0.901545
4748.62988 0.901488
4749.14990 0.90143
4749.68018 0.901372
4750.18994 0.901557
4750.72021 0.902152
4751.24023 0.902747
4751.75977 0.903339
4752.27002 0.903931
4752.79980 0.904526
4753.31982 0.905122
4753.83984 0.905718
4754.35986 0.906307
4754.87988 0.906903
4755.39990 0.907501
4755.91992 0.908097
4756.43994 0.908692
4756.97021 0.909289
4757.49023 0.909885
4758.00977 0.910478
4758.52979 0.911076
4759.04980 0.911673
4759.56982 0.91227
4760.10010 0.91276
4760.62012 0.912785
4761.14014 0.912809
4761.66016 0.912833
4762.18018 0.912857
4762.70020 0.912882
4763.22998 0.912906
4763.75000 0.912929
4764.27002 0.912952
4764.79004 0.912975
4765.31006 0.912999
4765.83984 0.913023
4766.35986 0.913047
4766.87988 0.91307
4767.39990 0.913094
4767.93018 0.913116
4768.45020 0.91314
4768.97021 0.913164
4769.49023 0.913187
4770.02002 0.913231
4770.54004 0.913875
4771.06006 0.914523
4771.58008 0.915169
4772.10986 0.915818
4772.62988 0.916467
4773.14990 0.917113
4773.66992 0.917759
4774.20020 0.918408
4774.72021 0.919058
4775.24023 0.919705
4775.77002 0.920356
4776.29004 0.921006
4776.81982 0.921657
4777.33984 0.922308
4777.85986 0.922956
4778.39014 0.923607
4778.91016 0.924259
4779.43994 0.924907
4779.95996 0.925559
4780.47998 0.925577
4781.00977 0.925544
4781.52979 0.925511
4782.06006 0.925477
4782.58008 0.925444
4783.10010 0.925412
4783.62012 0.925378
4784.14990 0.925343
4784.68018 0.925309
4785.20020 0.925276
4785.72021 0.925243
4786.25000 0.925209
4786.77002 0.925175
4787.29980 0.925141
4787.81982 0.925107
4788.35010 0.925074
4788.87988 0.92504
4789.39990 0.925007
4789.91992 0.924973
4790.45020 0.925133
4790.97021 0.925328
4791.49023 0.925521
4792.02002 0.925716
4792.54980 0.92591
4793.06982 0.926104
4793.60010 0.9263
4794.12012 0.926494
4794.64990 0.926689
4795.16992 0.926883
4795.70020 0.927077
4796.22998 0.927272
4796.75000 0.927468
4797.27979 0.927662
4797.79980 0.927856
4798.33008 0.928052
4798.85010 0.928247
4799.37988 0.928441
4799.91016 0.928636
4800.43018 0.928718
4800.95996 0.928774
4801.47998 0.928829
4802.00977 0.928885
4802.54004 0.92894
4803.06006 0.928996
4803.58984 0.929053
4804.12012 0.92911
4804.64014 0.929165
4805.16992 0.92922
4805.68994 0.929276
4806.22021 0.929332
4806.75000 0.929389
4807.27979 0.929444
4807.79980 0.929501
4808.33008 0.929557
4808.85010 0.929613
4809.37988 0.92967
4809.91016 0.929725
4810.43994 0.929875
4810.95996 0.930042
4811.49023 0.930212
4812.02002 0.930382
4812.54980 0.930552
4813.06982 0.930719
4813.60010 0.93089
4814.12988 0.93106
4814.64990 0.93123
4815.18018 0.931401
4815.70996 0.93157
4816.24023 0.931741
4816.77002 0.93191
4817.29980 0.93208
4817.81982 0.932249
4818.35010 0.932419
4818.87988 0.932589
4819.41016 0.932759
4819.93018 0.932928
4820.45996 0.93273
4820.99023 0.93248
4821.52002 0.932229
4822.04980 0.931977
4822.58008 0.931727
4823.10010 0.931475
4823.64014 0.931224
4824.16016 0.930972
4824.68994 0.930721
4825.22021 0.930468
4825.75000 0.930214
4826.27979 0.929964
4826.81006 0.929713
4827.33984 0.92946
4827.85986 0.929208
4828.39014 0.928955
4828.91992 0.928701
4829.45020 0.928448
4829.97998 0.928195
4830.50977 0.928272
4831.04004 0.92836
4831.56982 0.928446
4832.10010 0.928533
4832.62988 0.92862
4833.16016 0.928707
4833.68994 0.928793
4834.22021 0.928879
4834.75000 0.928966
4835.27979 0.929053
4835.81006 0.92914
4836.33984 0.929226
4836.87012 0.929312
4837.39990 0.929398
4837.93018 0.929484
4838.45996 0.929571
4838.99023 0.929658
4839.52002 0.929746
4840.04980 0.929812
4840.58008 0.929673
4841.10986 0.929533
4841.64014 0.929393
4842.16992 0.929252
4842.70020 0.929113
4843.22998 0.928974
4843.77002 0.928833
4844.29004 0.928694
4844.83008 0.928553
4845.35986 0.928413
4845.89014 0.928272
4846.41992 0.928132
4846.95020 0.927992
4847.47998 0.927851
4848.00977 0.92771
4848.54004 0.92757
4849.06982 0.927431
4849.60010 0.927291
4850.14014 0.927233
4850.66992 0.927417
4851.20020 0.9276
4851.72998 0.927785
4852.25977 0.927969
4852.79980 0.928154
4853.33008 0.928338
4853.85986 0.928522
4854.39014 0.928706
4854.93018 0.928889
4855.45996 0.929074
4855.97998 0.929256
4856.52002 0.929442
4857.04980 0.929627
4857.58984 0.929811
4858.10986 0.929994
4858.64990 0.930179
4859.18018 0.930364
4859.70996 0.930549
4860.24023 0.930571
4860.77979 0.9304
4861.31006 0.930231
4861.83984 0.930062
4862.37988 0.929892
4862.91016 0.929722
4863.43994 0.929551
4863.97998 0.929382
4864.50977 0.929212
4865.04004 0.929042
4865.58008 0.92887
4866.10986 0.928699
4866.64014 0.92853
4867.18018 0.928359
4867.70996 0.928188
4868.24023 0.928017
4868.77002 0.927846
4869.31006 0.927675
4869.83984 0.927504
4870.37988 0.927514
4870.91016 0.927602
4871.43994 0.927689
4871.97998 0.927776
4872.50977 0.927863
4873.04980 0.927952
4873.58008 0.928039
4874.10986 0.928127
4874.64990 0.928215
4875.18994 0.928303
4875.72021 0.92839
4876.25000 0.928477
4876.79004 0.928565
4877.31982 0.928652
4877.85010 0.928738
4878.39014 0.928826
4878.91992 0.928914
4879.45996 0.929003
4879.99023 0.92909
4880.52002 0.929197
4881.06006 0.929305
4881.60010 0.929411
4882.12988 0.929518
4882.66992 0.929627
4883.20020 0.929735
4883.74023 0.929842
4884.27002 0.929949
4884.81006 0.930055
4885.35010 0.930163
4885.87988 0.930271
4886.41016 0.930379
4886.95020 0.930486
4887.47998 0.930594
4888.02002 0.930701
4888.56006 0.930808
4889.08984 0.930914
4889.62988 0.931023
4890.16016 0.931216
4890.70020 0.931601
4891.24023 0.931985
4891.77002 0.932367
4892.31006 0.932752
4892.85010 0.93314
4893.37988 0.933526
4893.91992 0.93391
4894.45996 0.934297
4894.99023 0.934683
4895.52979 0.935068
4896.06006 0.935452
4896.60010 0.935838
4897.14014 0.936224
4897.66992 0.936608
4898.20996 0.936996
4898.75000 0.937383
4899.27979 0.93777
4899.81982 0.938153
4900.35986 0.938503
4900.89014 0.938829
4901.43018 0.939156
4901.97021 0.939483
4902.50977 0.939809
4903.04980 0.940136
4903.58008 0.94046
4904.12012 0.940788
4904.64990 0.941115
4905.18994 0.941443
4905.72998 0.941768
4906.27002 0.942096
4906.81006 0.942424
4907.33984 0.942751
4907.87988 0.943076
4908.41992 0.943403
4908.95020 0.943732
4909.49023 0.944061
4910.02979 0.944408
4910.56982 0.945066
4911.10986 0.945724
4911.64990 0.946376
4912.18018 0.947035
4912.72998 0.947698
4913.25977 0.948355
4913.79980 0.949013
4914.33984 0.949673
4914.87988 0.950329
4915.41992 0.950986
4915.95996 0.951645
4916.50000 0.952308
4917.02979 0.952971
4917.56982 0.953628
4918.10986 0.954285
4918.64990 0.954946
4919.18994 0.955609
4919.72998 0.956268
4920.27002 0.956633
4920.81006 0.956695
4921.35010 0.956756
4921.89014 0.956817
4922.43018 0.956879
4922.97021 0.95694
4923.50977 0.957001
4924.04004 0.957061
4924.58008 0.957123
4925.12012 0.957186
4925.66016 0.957246
4926.20020 0.957307
4926.74023 0.957368
4927.27979 0.957429
4927.81982 0.95749
4928.35986 0.957552
4928.89990 0.957615
4929.43994 0.957676
4929.97998 0.957737
4930.52002 0.957837
4931.06006 0.957939
4931.60986 0.958039
4932.14014 0.95814
4932.68018 0.958242
4933.22998 0.958344
4933.77002 0.958444
4934.31006 0.958546
4934.85010 0.958647
4935.39014 0.958748
4935.93018 0.958849
4936.47021 0.958951
4937.00977 0.959051
4937.54980 0.959152
4938.08984 0.959254
4938.62988 0.959356
4939.18018 0.959457
4939.70996 0.959557
4940.25977 0.959805
4940.79980 0.960218
4941.33984 0.960632
4941.87988 0.961045
4942.43018 0.961458
4942.97021 0.961872
4943.50977 0.962284
4944.04980 0.962694
4944.58984 0.963107
4945.12988 0.963522
4945.68018 0.963938
4946.22021 0.964349
4946.75977 0.964763
4947.29980 0.965177
4947.85010 0.965591
4948.37988 0.966001
4948.93018 0.966418
4949.47021 0.966832
4950.00977 0.96724
4950.56006 0.967378
4951.10010 0.967516
4951.64014 0.967653
4952.18018 0.96779
4952.72998 0.967927
4953.27002 0.968064
4953.81006 0.968201
4954.35010 0.968337
4954.89990 0.968476
4955.43994 0.968613
4955.97998 0.96875
4956.52002 0.968887
4957.06982 0.969025
4957.60986 0.969161
4958.14990 0.969299
4958.70020 0.969437
4959.24023 0.969575
4959.79004 0.969713
4960.33008 0.969838
4960.87012 0.969957
4961.41992 0.970074
4961.95996 0.970192
4962.50977 0.970311
4963.04980 0.97043
4963.58984 0.970548
4964.14014 0.970666
4964.68018 0.970784
4965.22998 0.970903
4965.77002 0.971022
4966.31006 0.971139
4966.85986 0.971258
4967.39990 0.971376
4967.95020 0.971495
4968.49023 0.971613
4969.02979 0.971732
4969.58008 0.97185
4970.12012 0.971966
4970.66992 0.972071
4971.22021 0.972176
4971.75977 0.97228
4972.29980 0.972383
4972.85010 0.972489
4973.39014 0.972593
4973.93994 0.972698
4974.47998 0.972801
4975.02979 0.972906
4975.56982 0.97301
4976.12012 0.973114
4976.66016 0.973219
4977.20996 0.973324
4977.75000 0.973429
4978.29980 0.973532
4978.85010 0.973636
4979.39014 0.97374
4979.93994 0.973845
4980.47998 0.973969
4981.02979 0.974097
4981.58008 0.974225
4982.12012 0.974352
4982.66992 0.97448
4983.20996 0.974606
4983.75977 0.974733
4984.31006 0.974861
4984.85010 0.974989
4985.39990 0.975116
4985.93994 0.975242
4986.49023 0.97537
4987.04004 0.975498
4987.58008 0.975625
4988.12988 0.975753
4988.66992 0.975881
4989.22021 0.976009
