threeML/data/optical_filters/HST/ACS_WFC-F892N_77.ecsv
# %ECSV 0.9
# ---
# datatype:
# - {name: wavelength, unit: Angstrom, datatype: float32}
# - {name: response, datatype: float32}
# meta: !!omap
# - {band_name: F892N_77}
# - {group_name: ACS_WFC}
wavelength response
7896.50049 0.0
8773.88965 0.00432403
8775.19043 0.00451053
8776.49023 0.00489
8777.79004 0.00526914
8779.08984 0.00564742
8780.38965 0.00606535
8781.69043 0.00657511
8782.99023 0.00708297
8784.29980 0.00759347
8785.59961 0.00820171
8786.90039 0.00892472
8788.20020 0.00965154
8789.50000 0.0103729
8790.80957 0.0112605
8792.11035 0.0122394
8793.41016 0.0132177
8794.70996 0.0142012
8796.01953 0.0156633
8797.32031 0.0172541
8798.62988 0.0188534
8799.92969 0.0204399
8801.23047 0.0225088
8802.53027 0.0246052
8803.83984 0.0266985
8805.15039 0.0289677
8806.45020 0.0326572
8807.75000 0.0363438
8809.05957 0.0400249
8810.37012 0.0440072
8811.66992 0.0487546
8812.98047 0.0535262
8814.28027 0.0582584
8815.58984 0.0645655
8816.90039 0.0728106
8818.20020 0.0809811
8819.50977 0.0892058
8820.82031 0.0995699
8822.12012 0.111284
8823.42969 0.122979
8824.74023 0.134656
8826.04004 0.167257
8827.34961 0.205327
8828.66016 0.243083
8829.96973 0.280921
8831.28027 0.312958
8832.58008 0.344773
8833.90039 0.376684
8835.20020 0.408965
8836.50977 0.444867
8837.82031 0.480713
8839.12988 0.516531
8840.44043 0.559042
8841.75000 0.615443
8843.07031 0.671539
8844.37012 0.727335
8845.69043 0.769647
8846.99023 0.799051
8848.30957 0.82863
8849.62012 0.857938
8850.92969 0.883669
8852.24023 0.907829
8853.54980 0.931963
8854.86035 0.955965
8856.17969 0.947278
8857.49023 0.934807
8858.79980 0.922301
8860.11035 0.910891
8861.41992 0.911041
8862.74023 0.911189
8864.04980 0.911333
8865.37012 0.91083
8866.67969 0.908652
8868.00000 0.906468
8869.30957 0.904291
8870.62012 0.89655
8871.92969 0.882712
8873.25000 0.868854
8874.57031 0.854955
8875.87988 0.849295
8877.20020 0.847597
8878.50977 0.845914
8879.83008 0.844229
8881.15039 0.857582
8882.45996 0.873167
8883.76953 0.888667
8885.08984 0.90287
8886.41016 0.899066
8887.71973 0.895254
8889.04980 0.891432
8890.36035 0.89456
8891.67969 0.916186
8893.00000 0.937634
8894.30957 0.959126
8895.62988 0.96825
8896.95020 0.96397
8898.25977 0.959706
8899.58984 0.95542
8900.91016 0.956377
8902.21973 0.959698
8903.54980 0.963031
8904.86035 0.96633
8906.19043 0.966045
8907.50000 0.965341
8908.82031 0.964633
8910.13965 0.965201
8911.45996 0.97631
8912.78027 0.987369
8914.09961 0.998484
8915.42969 1.0
8916.74023 0.9816
8918.07031 0.963081
8919.38965 0.944728
8920.71973 0.943155
8922.03027 0.955937
8923.34961 0.968751
8924.67969 0.981537
8926.00000 0.975475
8927.32031 0.96333
8928.65039 0.951206
8929.96973 0.939101
8931.29004 0.937637
8932.62012 0.936414
8933.94043 0.935205
8935.26953 0.935048
8936.58984 0.939092
8937.91016 0.943148
8939.24023 0.947208
8940.55957 0.945812
8941.88965 0.937051
8943.20996 0.928292
8944.53027 0.919587
8945.86035 0.917402
8947.19043 0.918784
8948.50977 0.920155
8949.83984 0.921533
8951.16016 0.923676
8952.49023 0.925933
8953.82031 0.928186
8955.15039 0.929185
8956.46973 0.919988
8957.79980 0.91081
8959.12988 0.901635
8960.45020 0.896076
8961.78027 0.897415
8963.11035 0.89874
8964.44043 0.900072
8965.76953 0.903837
8967.08984 0.909393
8968.41992 0.91494
8969.75000 0.920474
8971.08008 0.923055
8972.41016 0.924973
8973.74023 0.92688
8975.07031 0.928536
8976.40039 0.925707
8977.73047 0.922901
8979.05957 0.920077
8980.38965 0.908394
8981.71973 0.875352
8983.04980 0.842342
8984.38965 0.809417
8985.71973 0.767586
8987.04980 0.718164
8988.37988 0.668831
8989.70996 0.619762
8991.04980 0.568726
8992.37012 0.517679
8993.70996 0.466523
8995.04004 0.415683
8996.37012 0.372558
8997.70996 0.329312
8999.04004 0.286447
9000.37988 0.247394
9001.70996 0.218383
9003.04004 0.189431
9004.37012 0.160623
9005.70996 0.139043
9007.04004 0.124101
9008.37988 0.109134
9009.70996 0.0941985
9011.04980 0.0828095
9012.38965 0.0723658
9013.71973 0.0620155
9015.05957 0.0518845
9016.38965 0.047201
9017.73047 0.0425217
9019.05957 0.037867
9020.40039 0.0335407
9021.74023 0.0300722
9023.07031 0.0265973
9024.41992 0.0231132
9025.75000 0.020648
9027.08984 0.0189461
9028.41992 0.0172596
9029.75977 0.0155686
9031.09961 0.0142207
9032.44043 0.0129474
9033.76953 0.0116809
9035.12012 0.0104556
9036.45020 0.0097399
9037.79004 0.00902342
9039.12988 0.0083077
9040.46973 0.00765595
9041.80957 0.00712061
9043.15039 0.0065866
9044.49023 0.00605311
9045.83008 0.00572811
9047.16992 0.00553011
9048.50977 0.00533316
9049.86035 0.00513495
9051.20020 0.00493782
9052.53027 0.00474157
9053.87988 0.00454427
9959.26758 0.0
