threeML/data/optical_filters/HST/ACS_SBC-F150LP.ecsv
# %ECSV 0.9
# ---
# datatype:
# - {name: wavelength, unit: Angstrom, datatype: float32}
# - {name: response, datatype: float32}
# meta: !!omap
# - {band_name: F150LP}
# - {group_name: ACS_SBC}
wavelength response
1278.00000 0.0
1420.00000 0.0155766
1420.25000 0.015635
1420.48999 0.0156932
1420.73999 0.0157513
1420.97998 0.0158091
1421.22998 0.0158673
1421.46997 0.0159251
1421.71997 0.0159828
1421.96997 0.0160405
1422.20996 0.0161002
1422.45996 0.0161602
1422.69995 0.0162201
1422.94995 0.0162798
1423.19995 0.0163377
1423.43994 0.0163948
1423.68994 0.0164519
1423.93005 0.0165088
1424.18005 0.0165656
1424.43005 0.0166224
1424.67004 0.0166789
1424.92004 0.0167356
1425.17004 0.0167937
1425.41003 0.0168527
1425.66003 0.016912
1425.91003 0.0169707
1426.15002 0.0170279
1426.40002 0.0170837
1426.65002 0.0171398
1426.89001 0.0171956
1427.14001 0.0172512
1427.39001 0.017307
1427.63000 0.0173624
1427.88000 0.0174181
1428.13000 0.0174746
1428.37000 0.0175329
1428.62000 0.0175909
1428.87000 0.0176486
1429.10999 0.0177051
1429.35999 0.0177602
1429.60999 0.0178149
1429.85999 0.0178696
1430.09998 0.0178452
1430.34998 0.0177114
1430.59998 0.0175783
1430.84998 0.0174447
1431.08997 0.01731
1431.33997 0.0171744
1431.58997 0.0170386
1431.83997 0.0169029
1432.07996 0.0167674
1432.32996 0.016632
1432.57996 0.0164969
1432.82996 0.0163615
1433.06995 0.0162278
1433.31995 0.0160958
1433.56995 0.0159634
1433.81995 0.015832
1434.06995 0.0156997
1434.31006 0.015566
1434.56006 0.0154312
1434.81006 0.0152979
1435.06006 0.0151649
1435.31006 0.0150335
1435.55005 0.0149031
1435.80005 0.0147724
1436.05005 0.0146417
1436.30005 0.0145085
1436.55005 0.0143758
1436.80005 0.0142433
1437.05005 0.0141106
1437.29004 0.0139788
1437.54004 0.0138468
1437.79004 0.013715
1438.04004 0.0135837
1438.29004 0.0134545
1438.54004 0.0133257
1438.79004 0.0131963
1439.03003 0.0130671
1439.28003 0.0129362
1439.53003 0.0128055
1439.78003 0.012675
1440.03003 0.0125548
1440.28003 0.0125102
1440.53003 0.0124656
1440.78003 0.012421
1441.03003 0.0123764
1441.28003 0.0123298
1441.53003 0.0122833
1441.77002 0.0122369
1442.02002 0.0121907
1442.27002 0.0121464
1442.52002 0.0121021
1442.77002 0.012058
1443.02002 0.0120137
1443.27002 0.0119674
1443.52002 0.0119213
1443.77002 0.0118752
1444.02002 0.0118293
1444.27002 0.0117833
1444.52002 0.0117374
1444.77002 0.0116917
1445.02002 0.0116459
1445.27002 0.0116023
1445.52002 0.0115585
1445.77002 0.0115147
1446.02002 0.0114709
1446.27002 0.0114253
1446.52002 0.01138
1446.77002 0.0113344
1447.02002 0.0112892
1447.27002 0.0112458
1447.52002 0.0112023
1447.77002 0.011159
1448.02002 0.0111156
1448.27002 0.0110704
1448.52002 0.0110251
1448.77002 0.0109801
1449.02002 0.0109352
1449.27002 0.0108902
1449.52002 0.0108453
1449.77002 0.0108004
1450.02002 0.0109081
1450.28003 0.0124409
1450.53003 0.0139671
1450.78003 0.015486
1451.03003 0.0170085
1451.28003 0.0185303
1451.53003 0.02004
1451.78003 0.0215528
1452.03003 0.0230636
1452.28003 0.0245755
1452.53003 0.0260853
1452.79004 0.0275937
1453.04004 0.0291044
1453.29004 0.0305989
1453.54004 0.0320957
1453.79004 0.03359
1454.04004 0.0350833
1454.29004 0.0365794
1454.54004 0.0380691
1454.80005 0.0395661
1455.05005 0.0410552
1455.30005 0.0425368
1455.55005 0.04402
1455.80005 0.0454919
1456.06006 0.0469673
1456.31006 0.0484425
1456.56006 0.0499257
1456.81006 0.0514024
1457.06006 0.0528697
1457.31995 0.0543424
1457.56995 0.0557982
1457.81995 0.0572563
1458.06995 0.0587105
1458.31995 0.060179
1458.57996 0.0616412
1458.82996 0.0630969
1459.07996 0.0645561
1459.32996 0.0660007
1459.57996 0.0674433
1459.83997 0.0688832
1460.08997 0.0744225
1460.33997 0.0874665
1460.58997 0.10046
1460.84998 0.113516
1461.09998 0.1265
1461.34998 0.139417
1461.59998 0.152348
1461.85999 0.165298
1462.10999 0.178208
1462.35999 0.191109
1462.62000 0.203997
1462.87000 0.216867
1463.12000 0.229659
1463.37000 0.242451
1463.63000 0.255263
1463.88000 0.26797
1464.13000 0.280734
1464.39001 0.293442
1464.64001 0.306121
1464.89001 0.318746
1465.15002 0.331418
1465.40002 0.344138
1465.65002 0.356766
1465.91003 0.369412
1466.16003 0.382
1466.41003 0.394581
1466.67004 0.407102
1466.92004 0.419557
1467.18005 0.432128
1467.43005 0.444624
1467.68005 0.457144
1467.93994 0.469644
1468.18994 0.482064
1468.43994 0.494439
1468.69995 0.50679
1468.94995 0.519163
1469.20996 0.53151
1469.45996 0.543903
1469.70996 0.556272
1469.96997 0.568633
1470.21997 0.577752
1470.47998 0.586408
1470.72998 0.595051
1470.98999 0.6037
1471.23999 0.612386
1471.48999 0.621098
1471.75000 0.629791
1472.00000 0.638472
1472.26001 0.647024
1472.51001 0.655557
1472.77002 0.664073
1473.02002 0.672582
1473.28003 0.681195
1473.53003 0.689824
1473.79004 0.698384
1474.04004 0.706937
1474.30005 0.715365
1474.55005 0.723771
1474.81006 0.732165
1475.06006 0.740549
1475.31995 0.749082
1475.56995 0.757572
1475.82996 0.766048
1476.07996 0.774466
1476.33997 0.782767
1476.58997 0.791055
1476.84998 0.799296
1477.09998 0.807639
1477.35999 0.816033
1477.60999 0.824386
1477.87000 0.832809
1478.13000 0.841058
1478.38000 0.849234
1478.64001 0.85737
1478.89001 0.865543
1479.15002 0.873768
1479.40002 0.882026
1479.66003 0.890324
1479.91003 0.898554
1480.17004 0.903115
1480.43005 0.90582
1480.68005 0.908538
1480.93994 0.911242
1481.18994 0.913795
1481.44995 0.916317
1481.70996 0.918825
1481.95996 0.921319
1482.21997 0.923968
1482.47998 0.926647
1482.72998 0.929312
1482.98999 0.931963
1483.25000 0.93445
1483.50000 0.936913
1483.76001 0.939362
1484.02002 0.941825
1484.27002 0.944465
1484.53003 0.947082
1484.79004 0.949711
1485.04004 0.952294
1485.30005 0.954715
1485.56006 0.957121
1485.81006 0.959529
1486.06995 0.961989
1486.32996 0.964568
1486.57996 0.967149
1486.83997 0.969716
1487.09998 0.972229
1487.35999 0.974591
1487.60999 0.976955
1487.87000 0.97932
1488.13000 0.981759
1488.38000 0.984302
1488.64001 0.986847
1488.90002 0.98937
1489.16003 0.991895
1489.41003 0.994416
1489.67004 0.99694
1489.93005 0.999442
1490.18994 1.0
1490.43994 0.999826
1490.69995 0.999652
1490.95996 0.999474
1491.21997 0.999467
1491.47998 0.99949
1491.72998 0.999511
1491.98999 0.99953
1492.25000 0.99935
1492.51001 0.999163
1492.77002 0.998973
1493.03003 0.998801
1493.28003 0.998812
1493.54004 0.998821
1493.80005 0.998829
1494.06006 0.99879
1494.31995 0.998589
1494.57996 0.998387
1494.82996 0.998182
1495.08997 0.998049
1495.34998 0.998047
1495.60999 0.998043
1495.87000 0.998039
1496.13000 0.997931
1496.38000 0.997715
1496.64001 0.997498
1496.90002 0.997279
1497.16003 0.997187
1497.42004 0.997172
1497.68005 0.997157
1497.93994 0.997138
1498.19995 0.997119
1498.45996 0.997098
1498.71997 0.997075
1498.96997 0.997051
1499.22998 0.996835
1499.48999 0.996599
1499.75000 0.996359
1500.01001 0.996095
1500.27002 0.995354
1500.53003 0.994612
1500.79004 0.993868
1501.05005 0.993081
1501.31006 0.99213
1501.56995 0.991171
1501.82996 0.990216
1502.08997 0.989334
1502.34998 0.988586
1502.60999 0.987842
1502.87000 0.987095
1503.13000 0.986348
1503.39001 0.9856
1503.65002 0.98485
1503.91003 0.984104
1504.17004 0.983216
1504.43005 0.982256
1504.68994 0.981299
1504.94995 0.980338
1505.20996 0.979545
1505.46997 0.978794
1505.72998 0.978043
1505.98999 0.977289
1506.25000 0.976537
1506.51001 0.975787
1506.77002 0.975035
1507.03003 0.974253
1507.29004 0.973291
1507.55005 0.972326
1507.81006 0.971359
1508.06995 0.970452
1508.33997 0.969697
1508.59998 0.968942
1508.85999 0.968184
1509.12000 0.967334
1509.38000 0.966365
1509.64001 0.965399
1509.90002 0.964425
1510.16003 0.963807
1510.42004 0.963405
1510.68005 0.963
1510.94995 0.962597
1511.20996 0.962191
1511.46997 0.961784
1511.72998 0.961377
1511.98999 0.960968
1512.25000 0.960354
1512.51001 0.959727
1512.78003 0.959101
1513.04004 0.958504
1513.30005 0.95809
1513.56006 0.957675
1513.81995 0.957258
1514.07996 0.956842
1514.34998 0.956422
1514.60999 0.956003
1514.87000 0.955583
1515.13000 0.955052
1515.39001 0.954413
1515.66003 0.953774
1515.92004 0.953134
1516.18005 0.95264
1516.43994 0.952213
1516.69995 0.951785
1516.96997 0.951356
1517.22998 0.950735
1517.48999 0.950089
1517.75000 0.949438
1518.02002 0.948801
1518.28003 0.948366
1518.54004 0.94793
1518.80005 0.947494
1519.06995 0.947054
1519.32996 0.946617
1519.58997 0.946176
1519.85999 0.945734
1520.12000 0.945113
1520.38000 0.944273
1520.64001 0.943434
1520.91003 0.94259
1521.17004 0.94189
1521.43005 0.941265
1521.68994 0.940639
1521.95996 0.940012
1522.21997 0.939384
1522.47998 0.938756
1522.75000 0.938124
1523.01001 0.937485
1523.28003 0.936638
1523.54004 0.935785
1523.80005 0.934937
1524.06995 0.93414
1524.32996 0.933505
1524.58997 0.932871
1524.85999 0.932234
1525.12000 0.9316
1525.38000 0.930964
1525.65002 0.930327
1525.91003 0.929689
1526.18005 0.928904
1526.43994 0.928044
1526.69995 0.927184
1526.96997 0.926323
1527.22998 0.925651
1527.50000 0.925009
1527.76001 0.924368
1528.02002 0.923724
1528.29004 0.923079
1528.55005 0.922434
1528.81995 0.921788
1529.07996 0.921072
1529.34998 0.920204
1529.60999 0.919334
1529.88000 0.918464
1530.14001 0.917704
1530.40002 0.91705
1530.67004 0.916393
1530.93005 0.915737
1531.19995 0.915076
1531.45996 0.914416
1531.72998 0.913758
1531.98999 0.913093
1532.26001 0.912434
1532.52002 0.911771
1532.79004 0.91111
1533.05005 0.910399
1533.31995 0.909513
1533.57996 0.908628
1533.84998 0.907736
1534.10999 0.906942
1534.38000 0.906274
1534.64001 0.905605
1534.91003 0.904937
1535.17004 0.904267
1535.43994 0.903599
1535.70996 0.902925
1535.96997 0.902253
1536.23999 0.901384
1536.50000 0.900486
1536.77002 0.899586
1537.04004 0.898716
1537.30005 0.898043
1537.56995 0.897364
1537.82996 0.896686
1538.09998 0.896011
1538.35999 0.895332
1538.63000 0.894651
1538.90002 0.893973
1539.16003 0.89329
1539.43005 0.892608
1539.68994 0.891926
1539.95996 0.891245
1540.22998 0.890369
1540.48999 0.889455
1540.76001 0.888546
1541.03003 0.887655
1541.29004 0.886969
1541.56006 0.886275
1541.82996 0.885585
1542.08997 0.884897
1542.35999 0.884204
1542.63000 0.883513
1542.89001 0.88282
1543.16003 0.881989
1543.43005 0.881072
1543.68994 0.880151
1543.95996 0.879229
1544.22998 0.878497
1544.48999 0.877801
1544.76001 0.877103
1545.03003 0.876403
1545.30005 0.875706
1545.56006 0.875005
1545.82996 0.874304
1546.09998 0.873603
1546.37000 0.872899
1546.63000 0.872198
1546.90002 0.871494
1547.17004 0.870647
1547.43005 0.869715
1547.69995 0.868782
1547.96997 0.867847
1548.23999 0.867115
1548.51001 0.866409
1548.77002 0.865696
1549.04004 0.864988
1549.31006 0.864278
1549.57996 0.863567
1549.84998 0.862855
1550.10999 0.862033
1550.38000 0.86106
1550.65002 0.86009
1550.92004 0.859113
1551.18005 0.857986
1551.44995 0.85678
1551.71997 0.855577
1551.98999 0.854376
1552.26001 0.853394
1552.53003 0.852424
1552.80005 0.851446
1553.06006 0.850475
1553.32996 0.8495
1553.59998 0.84852
1553.87000 0.847548
1554.14001 0.84655
1554.41003 0.845532
1554.68005 0.844508
1554.94995 0.843488
1555.20996 0.84247
1555.47998 0.841446
1555.75000 0.840427
1556.02002 0.839406
1556.29004 0.838385
1556.56006 0.83736
1556.82996 0.836338
1557.09998 0.83532
1557.37000 0.834294
1557.64001 0.833272
1557.91003 0.832253
1558.17004 0.831246
1558.43994 0.830242
1558.70996 0.829243
1558.97998 0.828246
1559.25000 0.827221
1559.52002 0.826199
1559.79004 0.825179
1560.06006 0.824157
1560.32996 0.82314
1560.59998 0.822122
1560.87000 0.821105
1561.14001 0.820088
1561.41003 0.819067
1561.68005 0.818052
1561.94995 0.817034
1562.21997 0.816013
1562.48999 0.814998
1562.76001 0.813979
1563.03003 0.812961
1563.30005 0.81194
1563.56995 0.810924
1563.83997 0.809906
1564.12000 0.808893
1564.38000 0.8079
1564.65002 0.806904
1564.93005 0.805907
1565.19995 0.804894
1565.46997 0.803875
1565.73999 0.802858
1566.01001 0.801832
1566.28003 0.800815
1566.55005 0.799795
1566.81995 0.798771
1567.08997 0.797755
1567.35999 0.796734
1567.63000 0.795717
1567.91003 0.794693
1568.18005 0.793672
1568.44995 0.792651
1568.71997 0.79163
1568.98999 0.790608
1569.26001 0.789587
1569.53003 0.788565
1569.81006 0.787544
1570.07996 0.786531
1570.34998 0.785546
1570.62000 0.784557
1570.89001 0.783565
1571.16003 0.782562
1571.43005 0.781549
1571.70996 0.780536
1571.97998 0.779524
1572.25000 0.778515
1572.52002 0.777498
1572.79004 0.776485
1573.06995 0.775472
1573.33997 0.774459
1573.60999 0.773445
1573.88000 0.772432
1574.15002 0.771418
1574.42004 0.770407
1574.69995 0.76939
1574.96997 0.768379
1575.23999 0.767406
1575.52002 0.766434
1575.79004 0.765465
1576.06006 0.764492
1576.32996 0.763503
1576.60999 0.762508
1576.88000 0.76152
1577.15002 0.760527
1577.42004 0.759531
1577.69995 0.758543
1577.96997 0.757546
1578.23999 0.756577
1578.52002 0.755605
1578.79004 0.754634
1579.06006 0.753663
1579.33997 0.752666
1579.60999 0.751675
1579.88000 0.750682
1580.15002 0.749709
1580.43005 0.748751
1580.69995 0.74779
1580.96997 0.746836
1581.25000 0.745854
1581.52002 0.744872
1581.79004 0.743895
1582.06995 0.742913
1582.33997 0.741931
1582.62000 0.74095
1582.89001 0.739967
1583.16003 0.738999
1583.43994 0.738037
1583.70996 0.737081
1583.97998 0.736121
1584.26001 0.73514
1584.53003 0.734156
1584.81006 0.733174
1585.07996 0.732193
1585.34998 0.731207
1585.63000 0.730224
1585.90002 0.72924
1586.18005 0.728268
1586.44995 0.72731
1586.71997 0.726349
1587.00000 0.725388
1587.27002 0.724404
1587.55005 0.723419
1587.81995 0.722435
1588.09998 0.721455
1588.37000 0.720496
1588.65002 0.719534
1588.92004 0.718575
1589.19995 0.717593
1589.46997 0.716607
1589.73999 0.715625
1590.02002 0.714637
1590.30005 0.713667
1590.56995 0.7127
1590.84998 0.711728
1591.12000 0.710768
1591.40002 0.70982
1591.67004 0.708876
1591.94995 0.707925
1592.21997 0.706959
1592.50000 0.705991
1592.77002 0.705017
1593.05005 0.70405
1593.31995 0.703101
1593.59998 0.702153
1593.88000 0.701204
1594.15002 0.700242
1594.43005 0.699273
1594.69995 0.6983
1594.97998 0.697325
1595.25000 0.696355
1595.53003 0.695381
1595.81006 0.694406
1596.07996 0.693439
1596.35999 0.692492
1596.63000 0.691541
1596.91003 0.690587
1597.18005 0.689624
1597.45996 0.68865
1597.73999 0.687672
1598.02002 0.686699
1598.29004 0.685747
1598.56995 0.684796
1598.83997 0.683844
1599.12000 0.682884
1599.40002 0.681908
1599.67004 0.68093
1599.94995 0.679957
1600.22998 0.678972
1600.50000 0.677985
1600.78003 0.676994
1601.06006 0.676011
1601.32996 0.675023
1601.60999 0.674037
1601.89001 0.67305
1602.16003 0.672062
1602.43994 0.671075
1602.71997 0.670088
1603.00000 0.669097
1603.27002 0.668113
1603.55005 0.667122
1603.82996 0.666139
1604.10999 0.665151
1604.38000 0.664164
1604.66003 0.663177
1604.93994 0.66219
1605.20996 0.661202
1605.48999 0.660215
1605.77002 0.659225
1606.05005 0.658236
1606.32996 0.657226
1606.59998 0.656216
1606.88000 0.655205
1607.16003 0.654208
1607.43994 0.653224
1607.70996 0.652233
1607.98999 0.651246
1608.27002 0.650265
1608.55005 0.649285
1608.82996 0.648305
1609.10999 0.647325
1609.38000 0.646344
1609.66003 0.645364
1609.93994 0.644383
1610.21997 0.643423
1610.50000 0.642461
1610.78003 0.641502
1611.06006 0.640544
1611.32996 0.639588
1611.60999 0.638626
1611.89001 0.637667
1612.17004 0.636711
1612.44995 0.635749
1612.72998 0.634793
1613.01001 0.63383
1613.29004 0.632871
1613.56006 0.631912
1613.83997 0.630952
1614.12000 0.629996
1614.40002 0.629033
1614.68005 0.628073
1614.95996 0.627117
1615.23999 0.626157
1615.52002 0.625197
1615.80005 0.624234
1616.07996 0.623277
1616.35999 0.622317
1616.64001 0.621354
1616.91003 0.620397
1617.19995 0.619434
1617.47998 0.618473
1617.76001 0.617516
1618.04004 0.616549
1618.31995 0.615566
1618.59998 0.614581
1618.87000 0.6136
1619.15002 0.612629
1619.43005 0.611665
1619.70996 0.610708
1619.98999 0.609747
1620.27002 0.60881
1620.55005 0.607873
1620.83997 0.606937
1621.12000 0.606
1621.40002 0.60506
1621.68005 0.604126
1621.95996 0.603188
1622.23999 0.602249
1622.52002 0.601314
1622.80005 0.600376
1623.07996 0.599439
1623.35999 0.598498
1623.64001 0.597563
1623.92004 0.596625
1624.19995 0.595687
1624.47998 0.594749
1624.76001 0.59381
1625.04004 0.592882
1625.32996 0.591987
1625.60999 0.591095
1625.89001 0.590203
1626.17004 0.589309
1626.44995 0.588419
1626.72998 0.587527
1627.01001 0.586634
1627.29004 0.585717
1627.57996 0.584802
1627.85999 0.583888
1628.14001 0.58298
1628.42004 0.582087
1628.69995 0.581194
1628.97998 0.580301
1629.27002 0.579407
