threeML/data/optical_filters/HST/ACS_WFC-F555W_77.ecsv
# %ECSV 0.9
# ---
# datatype:
# - {name: wavelength, unit: Angstrom, datatype: float32}
# - {name: response, datatype: float32}
# meta: !!omap
# - {band_name: F555W_77}
# - {group_name: ACS_WFC}
wavelength response
[from data line 789]
4956.39014 0.79635
4956.93994 0.79775
4957.49023 0.799163
4958.04004 0.800577
4958.58008 0.801978
4959.12988 0.803393
4959.68018 0.804809
4960.22998 0.805803
4960.77002 0.806218
4961.31982 0.806633
4961.87012 0.807044
4962.41992 0.807459
4962.97021 0.807875
4963.52002 0.808287
4964.06006 0.808701
4964.60986 0.809115
4965.16016 0.809531
4965.70996 0.809944
4966.25977 0.810361
4966.79980 0.810774
4967.35010 0.811191
4967.89990 0.811603
4968.45020 0.812021
4969.00000 0.812437
4969.54980 0.812852
4970.10010 0.813421
4970.64990 0.814699
4971.18994 0.815964
4971.75000 0.817241
4972.29980 0.818519
4972.83984 0.819785
4973.39014 0.821064
4973.93994 0.822332
4974.49023 0.823612
4975.04004 0.82488
4975.58984 0.82616
4976.14014 0.827442
4976.68994 0.828712
4977.22998 0.829983
4977.79004 0.831267
4978.33984 0.83255
4978.89014 0.833821
4979.43994 0.835106
4979.99023 0.836392
4980.54004 0.836573
4981.08984 0.836735
4981.64014 0.836896
4982.18994 0.837056
4982.74023 0.837218
4983.29004 0.837378
4983.83984 0.837539
4984.39014 0.837699
4984.93994 0.837861
4985.49023 0.838023
4986.04004 0.838183
4986.58984 0.838343
4987.14014 0.838505
4987.68994 0.838667
4988.24023 0.838828
4988.79980 0.838991
4989.35010 0.839153
4989.89990 0.839313
4990.45020 0.839964
4991.00000 0.840728
4991.54980 0.841485
4992.10010 0.84225
4992.64990 0.843009
4993.20996 0.843775
4993.75977 0.844538
4994.31006 0.8453
4994.85986 0.846066
4995.41016 0.846826
4995.97021 0.847595
4996.50977 0.848355
4997.06982 0.849123
4997.62012 0.849883
4998.16992 0.850651
4998.72021 0.851416
4999.27002 0.852182
4999.83008 0.852952
5000.37988 0.853696
5000.93018 0.854421
5001.47998 0.855148
5002.02979 0.855875
5002.58984 0.856607
5003.14990 0.857339
5003.68994 0.858064
5004.25000 0.858795
5004.79980 0.85952
5005.35010 0.860254
5005.91016 0.860983
5006.45996 0.861713
5007.00977 0.862439
5007.56006 0.863175
5008.12012 0.863909
5008.66992 0.864636
5009.22021 0.865371
5009.77979 0.866105
5010.33008 0.866683
5010.87988 0.867162
5011.43994 0.867643
5011.99023 0.868122
5012.54980 0.868604
5013.10010 0.869082
5013.64990 0.869565
5014.20020 0.870043
5014.75977 0.870526
5015.31982 0.87101
5015.87012 0.87149
5016.41992 0.871971
5016.97021 0.872451
5017.52979 0.872934
5018.08008 0.873413
5018.64014 0.873896
5019.18994 0.874383
5019.74023 0.874861
5020.29980 0.875156
5020.85986 0.875292
5021.41016 0.875426
5021.97021 0.875562
5022.52002 0.875697
5023.06982 0.875834
5023.62988 0.875969
5024.18018 0.876104
5024.74023 0.876241
5025.29004 0.876375
5025.85010 0.87651
5026.39990 0.876645
5026.95996 0.876781
5027.50977 0.876916
5028.06982 0.877052
5028.62012 0.877186
5029.18018 0.877321
5029.74023 0.877457
5030.29004 0.877836
5030.85010 0.878425
5031.39990 0.879018
5031.95996 0.879612
5032.52002 0.880209
5033.06982 0.880807
5033.62988 0.881398
5034.18018 0.881995
5034.74023 0.882588
5035.29980 0.883185
5035.85010 0.883779
5036.41016 0.884374
5036.95996 0.884965
5037.52002 0.885564
5038.08008 0.886164
5038.62988 0.886757
5039.18994 0.887355
5039.75000 0.887954
5040.29980 0.888133
5040.85986 0.887965
5041.41016 0.887796
5041.97021 0.887624
5042.52979 0.887454
5043.08984 0.887285
5043.64990 0.887115
5044.20020 0.886946
5044.75977 0.886775
5045.31982 0.886603
5045.87012 0.886434
5046.43018 0.886263
5046.97998 0.886093
5047.54980 0.885921
5048.10010 0.885751
5048.66016 0.885579
5049.22021 0.885406
5049.77002 0.885235
5050.33008 0.885555
5050.89014 0.886205
5051.45020 0.88686
5052.00977 0.887515
5052.56006 0.888165
5053.12012 0.888821
5053.68018 0.889475
5054.24023 0.890127
5054.79980 0.890784
5055.35010 0.891434
5055.91016 0.892087
5056.47021 0.892742
5057.02979 0.893401
5057.58984 0.894052
5058.14014 0.894707
5058.70020 0.895365
5059.25977 0.896021
5059.81982 0.896681
5060.37988 0.896458
5060.93994 0.895824
5061.50000 0.895192
5062.06006 0.89456
5062.62012 0.893925
5063.18018 0.893294
5063.74023 0.89266
5064.29980 0.892024
5064.85010 0.891393
5065.41992 0.890756
5065.97021 0.890124
5066.52979 0.889486
5067.08984 0.888855
5067.64990 0.888216
5068.20996 0.887579
5068.77002 0.886943
5069.33008 0.886306
5069.89014 0.885669
5070.45020 0.88583
5071.00977 0.886186
5071.56982 0.886541
5072.12988 0.886898
5072.70020 0.887254
5073.25000 0.887608
5073.81006 0.887965
5074.37988 0.888321
5074.93994 0.888677
5075.49023 0.889031
5076.06006 0.889388
5076.62012 0.889745
5077.18018 0.890102
5077.74023 0.890461
5078.29980 0.890816
5078.85986 0.891172
5079.41992 0.89153
5079.97998 0.891886
5080.54004 0.891365
5081.10010 0.890817
5081.66016 0.890263
5082.22998 0.889709
5082.79004 0.88916
5083.35010 0.888606
5083.91016 0.888053
5084.47021 0.887502
5085.02979 0.886953
5085.60010 0.886397
5086.16016 0.885843
5086.72021 0.885289
5087.27979 0.884732
5087.83984 0.884181
5088.39990 0.883626
5088.97021 0.88307
5089.52979 0.882515
5090.08984 0.882029
5090.64990 0.881909
5091.22021 0.881788
5091.77979 0.881668
5092.33984 0.881547
5092.89990 0.881426
5093.47021 0.881306
5094.02979 0.881185
5094.58984 0.881063
5095.14990 0.880942
5095.72021 0.88082
5096.27979 0.880699
5096.83984 0.880578
5097.39990 0.880458
5097.97021 0.880336
5098.52979 0.880214
5099.08984 0.880092
5099.64990 0.879969
5100.22021 0.879842
5100.77979 0.879708
5101.35010 0.879574
5101.91016 0.87944
5102.47998 0.879305
5103.04004 0.87917
5103.60010 0.879036
5104.16016 0.878901
5104.72998 0.878764
5105.29004 0.878629
5105.85010 0.878496
5106.41992 0.87836
5106.97998 0.878224
5107.54980 0.878087
5108.10986 0.87795
5108.66992 0.877814
5109.24023 0.877677
5109.79980 0.87754
5110.37012 0.877515
5110.93018 0.87755
5111.50000 0.877583
5112.06006 0.877617
5112.62988 0.87765
5113.18994 0.877684
5113.75977 0.877718
5114.31982 0.877752
5114.89014 0.877786
5115.45020 0.87782
5116.02002 0.877854
5116.58008 0.877887
5117.14990 0.877921
5117.70996 0.877954
5118.27002 0.877987
5118.83984 0.87802
5119.39990 0.878053
5119.97021 0.878086
5120.54004 0.878155
5121.10010 0.878225
5121.66992 0.878296
5122.22998 0.878367
5122.79980 0.878437
5123.37012 0.878508
5123.93018 0.878577
5124.50000 0.878647
5125.06006 0.878717
5125.62988 0.878787
5126.20020 0.878857
5126.75977 0.878928
5127.33008 0.878998
5127.89990 0.879068
5128.45996 0.879137
5129.02002 0.879206
5129.58984 0.879277
5130.16016 0.879308
5130.72998 0.87924
5131.29980 0.879171
5131.85986 0.879102
5132.43018 0.879034
5133.00000 0.878966
5133.56982 0.878896
5134.12988 0.878828
5134.70020 0.878759
5135.27002 0.87869
5135.83008 0.878621
5136.39990 0.878552
5136.97021 0.878482
5137.52979 0.878414
5138.10010 0.878345
5138.66016 0.878276
5139.22998 0.878206
5139.79980 0.878137
5140.37012 0.878098
5140.93994 0.878075
5141.50977 0.878053
5142.06982 0.878031
5142.64014 0.87801
5143.20996 0.877988
5143.77979 0.877965
5144.35010 0.877943
5144.91992 0.87792
5145.47998 0.877898
5146.04980 0.877876
5146.62012 0.877853
5147.18994 0.877829
5147.75977 0.877806
5148.31982 0.877782
5148.89014 0.877759
5149.45996 0.877735
5150.02979 0.877722
5150.60010 0.877885
5151.16992 0.878048
5151.74023 0.878209
5152.31006 0.878372
5152.87988 0.878535
5153.43994 0.878697
5154.02002 0.87886
5154.58984 0.879022
5155.14990 0.879184
5155.72021 0.879346
5156.29004 0.879508
5156.85986 0.879671
5157.43018 0.879832
5158.00000 0.879994
5158.56982 0.880157
5159.14014 0.880319
5159.70996 0.880481
5160.27979 0.880792
5160.85010 0.88126
5161.41992 0.881726
5161.99023 0.882194
5162.56006 0.882661
5163.12988 0.883128
5163.70020 0.883595
5164.27002 0.884064
5164.83984 0.884532
5165.41016 0.885
5165.97998 0.885469
5166.56006 0.885937
5167.12012 0.886403
5167.68994 0.886872
5168.27002 0.887343
5168.83984 0.887812
5169.39990 0.888277
5169.97998 0.888748
5170.54980 0.889358
5171.12012 0.889975
5171.68994 0.890595
5172.25977 0.891211
5172.83008 0.891828
5173.39990 0.892445
5173.97998 0.893065
5174.54980 0.893683
5175.12012 0.8943
5175.68994 0.894921
5176.25977 0.89554
5176.83008 0.896156
5177.39990 0.896775
5177.97998 0.897397
5178.54980 0.898015
5179.12012 0.898634
5179.68994 0.899253
5180.25977 0.899581
5180.83984 0.899568
5181.41016 0.899555
5181.97998 0.899543
5182.54980 0.89953
5183.12012 0.899517
5183.70020 0.899504
5184.27002 0.89949
5184.85010 0.899476
5185.41992 0.899462
5185.99023 0.899449
5186.56006 0.899435
5187.14014 0.899421
5187.70996 0.899407
5188.27979 0.899393
5188.85010 0.899379
5189.43018 0.899365
5190.00000 0.899351
5190.56982 0.899967
5191.14990 0.900588
5191.72021 0.901206
5192.29004 0.901823
5192.87012 0.90244
5193.43994 0.903061
5194.02002 0.90368
5194.58984 0.904299
5195.16016 0.904921
5195.74023 0.905541
5196.31006 0.90616
5196.87988 0.906779
5197.45996 0.907403
5198.02979 0.908019
5198.60010 0.90864
5199.18018 0.909264
5199.75977 0.909885
5200.33008 0.910206
5200.89990 0.910305
5201.47998 0.910403
5202.04980 0.9105
5202.62988 0.910598
5203.20020 0.910696
5203.77979 0.910794
5204.35010 0.910892
5204.93018 0.910989
5205.50000 0.911087
5206.08008 0.911185
5206.64990 0.911282
5207.22998 0.91138
5207.79980 0.911478
5208.37988 0.911575
5208.95020 0.911673
5209.52979 0.911771
5210.10010 0.911956
5210.68018 0.912538
5211.25000 0.91312
5211.83008 0.913702
5212.39990 0.914288
5212.97998 0.914871
5213.56006 0.915455
5214.12988 0.916039
5214.70996 0.916626
5215.27979 0.917212
5215.85986 0.917796
5216.43994 0.918381
5217.00977 0.918968
5217.58984 0.919554
5218.16992 0.920139
5218.74023 0.920725
5219.31982 0.921312
5219.89014 0.921899
5220.47021 0.922117
5221.04980 0.922248
5221.62012 0.92238
5222.20020 0.922512
5222.77979 0.922643
5223.35010 0.922775
5223.93018 0.922908
5224.50977 0.923041
5225.08984 0.923173
5225.66016 0.923306
5226.24023 0.923438
5226.81982 0.92357
5227.39990 0.923702
5227.97021 0.923834
5228.54980 0.923967
5229.12988 0.924099
5229.70020 0.924231
5230.27979 0.924537
5230.85986 0.925023
5231.43018 0.925507
5232.02002 0.925996
5232.58984 0.926482
5233.16992 0.926969
5233.74023 0.927452
5234.33008 0.927944
5234.89990 0.928432
5235.47998 0.92892
5236.06006 0.92941
5236.64014 0.929898
5237.22021 0.930386
5237.79980 0.930873
5238.37988 0.931363
5238.95020 0.931849
5239.52979 0.932338
5240.10986 0.932692
5240.68994 0.932472
5241.27002 0.932252
5241.85010 0.932033
5242.43018 0.931813
5243.00000 0.931593
5243.58008 0.931372
5244.16016 0.931151
5244.74023 0.93093
5245.31982 0.930709
5245.89990 0.930487
5246.47998 0.930265
5247.06006 0.930043
5247.64014 0.929822
5248.22021 0.9296
5248.79980 0.929377
5249.37988 0.929154
5249.95996 0.928932
5250.54004 0.928968
5251.12012 0.929023
5251.70020 0.929079
5252.27979 0.929134
5252.85986 0.92919
5253.43994 0.929246
5254.02002 0.929301
5254.60010 0.929357
5255.18018 0.929413
5255.75977 0.929467
5256.33984 0.929522
5256.91992 0.929577
5257.50000 0.929633
5258.08984 0.929689
5258.66016 0.929745
5259.24023 0.9298
5259.83008 0.929854
5260.41016 0.930042
5260.99023 0.930288
5261.56982 0.930535
5262.14990 0.930781
5262.72998 0.931026
5263.31006 0.931271
5263.89014 0.931517
5264.47021 0.931764
5265.04980 0.93201
5265.64014 0.932259
5266.22021 0.932505
5266.79980 0.93275
5267.37988 0.932995
5267.97021 0.933241
5268.54980 0.933488
5269.12988 0.933735
5269.70996 0.933983
5270.29004 0.934054
5270.87012 0.933954
5271.45996 0.933851
5272.04004 0.933749
5272.62012 0.933648
5273.20020 0.933545
5273.77979 0.933442
5274.37012 0.93334
5274.95020 0.933236
5275.52979 0.933134
5276.12012 0.93303
5276.70020 0.932927
5277.27979 0.932824
5277.87012 0.932722
5278.43994 0.932619
5279.02979 0.932515
5279.62012 0.93241
5280.20020 0.9321
5280.77979 0.931394
5281.35986 0.930689
5281.95020 0.929983
5282.52979 0.929276
5283.10986 0.928569
5283.70020 0.927858
5284.27979 0.927154
5284.85986 0.926447
5285.45020 0.925735
5286.02979 0.925026
5286.60986 0.924317
5287.20020 0.923604
5287.77979 0.922896
5288.35986 0.922189
5288.95020 0.921475
5289.54004 0.920761
5290.12012 0.920269
5290.70996 0.920604
5291.29004 0.92094
5291.87012 0.921272
5292.45996 0.921607
5293.04004 0.921941
5293.62988 0.922276
5294.20996 0.922609
5294.79004 0.922943
5295.37988 0.92328
5295.97021 0.923615
5296.54980 0.923948
5297.14014 0.924286
5297.72021 0.924621
5298.31006 0.924956
5298.89014 0.925292
5299.47998 0.925628
5300.06006 0.925866
5300.64990 0.925308
5301.24023 0.924747
5301.81982 0.924192
5302.39990 0.923632
5302.99023 0.923072
5303.58008 0.922509
5304.16016 0.921953
5304.75000 0.921391
5305.33008 0.92083
5305.91992 0.920269
5306.50000 0.919708
5307.08984 0.919147
5307.68018 0.918581
5308.25977 0.918018
5308.85010 0.917456
5309.43994 0.91689
5310.02002 0.916355
5310.60986 0.916506
5311.20020 0.916658
5311.77979 0.916808
5312.37012 0.916958
5312.95020 0.917107
5313.54004 0.917257
5314.12988 0.917408
5314.72021 0.917558
5315.31006 0.917709
5315.89014 0.917857
5316.47998 0.918007
5317.06006 0.918158
5317.64990 0.918308
5318.24023 0.918458
5318.83008 0.918607
5319.41992 0.918759
5320.00000 0.918909
5320.58984 0.918403
5321.18018 0.917897
5321.77002 0.917394
5322.35010 0.916891
5322.93994 0.916391
5323.52979 0.915885
5324.12012 0.91538
5324.70020 0.914875
5325.29004 0.914368
5325.87988 0.913866
5326.47021 0.913362
5327.06006 0.912854
5327.64990 0.912349
5328.22998 0.911845
5328.81982 0.911335
5329.41016 0.910826
5330.00000 0.910321
5330.58984 0.910687
5331.18018 0.911054
5331.77002 0.91142
5332.35986 0.911786
5332.93994 0.912149
5333.52979 0.912517
5334.12012 0.912884
5334.70996 0.913249
5335.29980 0.913616
5335.89014 0.913979
5336.47998 0.914348
5337.06982 0.914715
5337.66016 0.915082
5338.24023 0.915448
5338.83984 0.915816
5339.43018 0.916185
5340.02002 0.916532
5340.60986 0.916266
5341.20020 0.915999
5341.77979 0.915736
5342.37988 0.915469
5342.97021 0.915203
5343.56006 0.914936
5344.14990 0.914667
5344.74023 0.914401
5345.33008 0.914133
5345.91992 0.913867
5346.50977 0.913599
5347.10010 0.913329
5347.68994 0.91306
5348.27979 0.912792
5348.87012 0.912524
5349.45996 0.912253
5350.04980 0.912015
5350.64014 0.912107
5351.24023 0.912199
5351.81982 0.91229
5352.41992 0.912381
5353.00977 0.912472
5353.60010 0.912563
5354.18994 0.912654
5354.77979 0.912745
5355.37012 0.912836
5355.97021 0.912927
5356.56006 0.913018
5357.14990 0.913109
5357.74023 0.913199
5358.33008 0.91329
5358.91992 0.913381
5359.52002 0.913471
5360.10010 0.913556
5360.70020 0.913618
5361.29004 0.913679
5361.87988 0.913741
5362.47998 0.913803
5363.06982 0.913865
5363.66016 0.913926
5364.25000 0.913987
5364.83984 0.914048
5365.43994 0.914108
5366.02979 0.914169
5366.62012 0.91423
5367.22021 0.914292
5367.81006 0.914353
5368.39990 0.914414
5368.99023 0.914476
5369.58984 0.914535
5370.18018 0.914802
5370.77002 0.915564
5371.37012 0.916327
5371.95996 0.917088
5372.54980 0.917847
5373.14990 0.918611
5373.74023 0.919367
5374.33984 0.92013
5374.93018 0.920891
5375.52002 0.921652
5376.12012 0.922417
5376.70996 0.923174
5377.29980 0.923939
5377.89990 0.924696
5378.49023 0.925461
5379.08984 0.926228
5379.68018 0.926987
5380.27002 0.927485
5380.85986 0.92767
5381.45996 0.927857
5382.04980 0.928043
5382.64990 0.92823
5383.25000 0.928416
5383.83984 0.928601
5384.43994 0.928788
5385.02979 0.928973
5385.62988 0.929161
5386.22021 0.929347
5386.81006 0.929532
5387.41016 0.92972
5388.00000 0.929907
5388.60010 0.930092
5389.20020 0.930278
5389.79004 0.930463
5390.39014 0.930808
5390.97998 0.931235
5391.56982 0.931663
5392.16992 0.932089
5392.77002 0.932519
5393.35986 0.932949
5393.95996 0.933375
5394.54980 0.933806
5395.14990 0.934232
5395.74023 0.934663
5396.33984 0.935094
5396.93994 0.935519
5397.52979 0.93595
5398.12988 0.936382
5398.72998 0.936808
5399.31982 0.93724
5399.91992 0.937667
5400.52002 0.937964
5401.10986 0.938236
5401.70996 0.938511
5402.29980 0.938784
5402.89990 0.939059
5403.50000 0.939334
5404.10010 0.939607
5404.68994 0.93988
5405.27979 0.940153
5405.87988 0.940428
5406.47998 0.940704
5407.08008 0.940978
5407.68018 0.941251
5408.27979 0.941526
5408.87012 0.9418
5409.47021 0.942075
5410.06006 0.942353
5410.66016 0.942683
5411.25977 0.943012
5411.85986 0.943344
5412.45996 0.943674
5413.04980 0.944004
5413.64990 0.944335
5414.25000 0.944663
5414.85010 0.944996
5415.43994 0.945324
5416.04004 0.945656
