threeML/data/optical_filters/HST/ACS_WFC-F555W_81.ecsv
# %ECSV 0.9
# ---
# datatype:
# - {name: wavelength, unit: Angstrom, datatype: float32}
# - {name: response, datatype: float32}
# meta: !!omap
# - {band_name: F555W_81}
# - {group_name: ACS_WFC}
wavelength response
[from data line 2399]
5921.58984 0.641868
5922.25000 0.640743
5922.89990 0.639618
5923.56006 0.638485
5924.20996 0.637358
5924.85986 0.63623
5925.52002 0.635095
5926.16992 0.633972
5926.83008 0.632837
5927.49023 0.631701
5928.14014 0.630576
5928.79004 0.629437
5929.45020 0.628305
5930.10010 0.62729
5930.75977 0.626907
5931.41016 0.626525
5932.06982 0.626142
5932.72021 0.625759
5933.37988 0.625374
5934.02979 0.624992
5934.68994 0.624607
5935.33984 0.624224
5936.00000 0.62384
5936.66016 0.623454
5937.31006 0.623073
5937.97021 0.622687
5938.62012 0.622302
5939.27979 0.621915
5939.93994 0.62153
5940.58984 0.620822
5941.25000 0.620078
5941.89990 0.619334
5942.56006 0.61859
5943.20996 0.617845
5943.87012 0.617101
5944.52979 0.616351
5945.18018 0.615609
5945.83984 0.614859
5946.50000 0.614113
5947.14990 0.613366
5947.81006 0.612615
5948.47021 0.611867
5949.12988 0.611119
5949.77979 0.610372
5950.43994 0.6094
5951.10010 0.608313
5951.75977 0.607231
5952.41016 0.606148
5953.06982 0.605059
5953.72998 0.603982
5954.37988 0.602897
5955.04004 0.601813
5955.70020 0.600721
5956.35986 0.599634
5957.02002 0.598548
5957.66992 0.59746
5958.33008 0.596372
5958.99023 0.595279
5959.64990 0.594189
5960.31006 0.593397
5960.95996 0.592946
5961.62012 0.592495
5962.27979 0.592041
5962.93994 0.591587
5963.60010 0.591138
5964.25977 0.590683
5964.91992 0.590231
5965.58008 0.589777
5966.22998 0.589326
5966.89014 0.588871
5967.54980 0.588418
5968.20996 0.587964
5968.87012 0.587507
5969.52979 0.587055
5970.18994 0.586688
5970.85010 0.586548
5971.50977 0.586408
5972.16992 0.586267
5972.81982 0.586126
5973.49023 0.585985
5974.14990 0.585844
5974.81006 0.585703
5975.47021 0.585562
5976.12988 0.58542
5976.79004 0.585279
5977.45020 0.585138
5978.10986 0.584996
5978.77002 0.584856
5979.43018 0.584715
5980.08984 0.584547
5980.75000 0.584212
5981.41016 0.583874
5982.06982 0.58354
5982.72998 0.583202
5983.39014 0.582864
5984.04980 0.582528
5984.70996 0.582189
5985.37012 0.581852
5986.02979 0.581514
5986.70020 0.581174
5987.35986 0.580837
5988.02002 0.580499
5988.68018 0.580158
5989.33984 0.579821
5990.00000 0.579483
5990.66016 0.579343
5991.33008 0.579203
5991.99023 0.579063
5992.64990 0.578924
5993.31006 0.578785
5993.97021 0.578643
5994.64014 0.578503
5995.29980 0.578363
5995.95996 0.578222
5996.62012 0.578081
5997.27979 0.577941
5997.95020 0.5778
5998.60986 0.577657
5999.27002 0.577517
5999.93994 0.577376
6000.60010 0.576257
6001.25977 0.575036
6001.91992 0.573822
6002.58984 0.572594
6003.25000 0.571371
6003.91016 0.570148
6004.56982 0.568924
6005.24023 0.567698
6005.89990 0.566468
6006.56006 0.565247
6007.22998 0.564015
6007.89014 0.562787
6008.54980 0.561558
6009.22021 0.560324
6009.87988 0.559094
6010.54980 0.557992
6011.20996 0.556911
6011.87988 0.555835
6012.54004 0.554759
6013.20996 0.553677
6013.87012 0.552605
6014.52979 0.551528
6015.18994 0.55045
6015.85986 0.549366
6016.52002 0.548292
6017.18994 0.547207
6017.85010 0.546131
6018.52002 0.545045
6019.18018 0.543963
6019.85010 0.542882
6020.50977 0.540705
6021.18018 0.53821
6021.83984 0.535714
6022.50977 0.533206
6023.16992 0.530707
6023.83984 0.528205
6024.50977 0.525691
6025.16992 0.523188
6025.83008 0.520696
6026.50000 0.51819
6027.16992 0.51567
6027.83008 0.513174
6028.50000 0.510651
6029.16016 0.508137
6029.83008 0.505625
6030.49023 0.503138
6031.16016 0.500629
6031.83008 0.49812
6032.50000 0.495608
6033.16016 0.493121
6033.81982 0.490618
6034.50000 0.488089
6035.16016 0.485596
6035.83008 0.483075
6036.49023 0.480579
6037.16016 0.478056
6037.83008 0.475543
6038.49023 0.473028
6039.16016 0.470525
6039.83008 0.467995
6040.49023 0.464628
6041.16016 0.460959
6041.83008 0.457273
6042.49023 0.453623
6043.16016 0.449931
6043.83008 0.44624
6044.50000 0.442564
6045.16016 0.438906
6045.83008 0.435226
6046.50000 0.431527
6047.16992 0.427847
6047.83984 0.424161
6048.50977 0.420456
6049.16992 0.416772
6049.83984 0.413081
6050.50977 0.408819
6051.18018 0.404431
6051.85010 0.400015
6052.50977 0.395598
6053.18018 0.391159
6053.85010 0.386737
6054.52002 0.382315
6055.18994 0.377867
6055.85986 0.373436
6056.52979 0.369004
6057.18994 0.364593
6057.85986 0.360138
6058.52979 0.3557
6059.20020 0.351257
6059.87012 0.346793
6060.54004 0.342279
6061.20996 0.337743
6061.87988 0.333181
6062.54980 0.328642
6063.22021 0.324123
6063.89014 0.319579
6064.56006 0.315009
6065.22998 0.310458
6065.89990 0.305904
6066.56982 0.301328
6067.24023 0.296771
6067.91016 0.292208
6068.58008 0.287623
6069.25000 0.283083
6069.91992 0.278513
6070.58984 0.274421
6071.25977 0.270373
6071.93018 0.266344
6072.60010 0.262314
6073.27002 0.258261
6073.93994 0.254224
6074.60986 0.25019
6075.27979 0.246171
6075.95996 0.242109
6076.62988 0.238067
6077.29980 0.23402
6077.97021 0.229954
6078.64014 0.225904
6079.31006 0.221856
6079.99023 0.217782
6080.66016 0.214195
6081.33008 0.210631
6082.00000 0.207049
6082.66992 0.203447
6083.33984 0.19986
6084.00977 0.19627
6084.68994 0.192661
6085.35986 0.189069
6086.02979 0.185474
6086.70996 0.18186
6087.37988 0.178278
6088.04980 0.174676
6088.72021 0.171072
6089.39014 0.167448
6090.06006 0.163928
6090.74023 0.161212
6091.41016 0.158479
6092.08984 0.155761
6092.75977 0.15304
6093.43018 0.150331
6094.10010 0.147594
6094.77002 0.14487
6095.45020 0.142142
6096.12012 0.139401
6096.79980 0.136671
6097.47021 0.13394
6098.14990 0.131194
6098.81006 0.128475
6099.49023 0.12574
6100.16016 0.123146
6100.83984 0.120998
6101.50977 0.118859
6102.18018 0.116719
6102.85986 0.114568
6103.52979 0.112426
6104.20996 0.110282
6104.87988 0.108128
6105.56006 0.105993
6106.22998 0.103847
6106.89990 0.101699
6107.58008 0.0995402
6108.25000 0.0973911
6108.93018 0.0952413
6109.60010 0.0930782
6110.27979 0.0911935
6110.95020 0.0896688
6111.62012 0.0881432
6112.29980 0.086609
6112.97998 0.0850818
6113.64990 0.0835527
6114.33008 0.0820162
6115.00000 0.0804855
6115.68018 0.078954
6116.35986 0.0774139
6117.02979 0.0758884
6117.70020 0.0743536
6118.37988 0.0728178
6119.06006 0.0712744
6119.72998 0.069737
6120.41016 0.0684202
6121.08984 0.0672423
6121.75977 0.0660749
6122.43994 0.064896
6123.10986 0.0637276
6123.79004 0.0625469
6124.45996 0.0613724
6125.14014 0.0601958
6125.81982 0.0590134
6126.50000 0.0578366
6127.16992 0.0566584
6127.85010 0.0554747
6128.52002 0.0543015
6129.20020 0.0531218
6129.87988 0.0519408
6130.56006 0.0510135
6131.22998 0.0501475
6131.91016 0.0492805
6132.58984 0.0484087
6133.25977 0.0475454
6133.93994 0.0466729
6134.62012 0.0458
6135.29980 0.0449354
6135.97021 0.0440655
6136.64990 0.0431952
6137.33008 0.0423201
6138.00977 0.041449
6138.68994 0.0405775
6139.37012 0.0397012
6140.04004 0.0388457
6140.72021 0.0381808
6141.39990 0.0375217
6142.08008 0.0368557
6142.75977 0.0361927
6143.43018 0.0355294
6144.10986 0.034862
6144.79004 0.0341981
6145.47021 0.0335334
6146.14990 0.032865
6146.83008 0.032203
6147.50977 0.0315374
6148.18018 0.0308715
6148.87012 0.0302014
6149.54004 0.0295348
6150.22021 0.0289334
6150.89990 0.0284643
6151.58008 0.0279997
6152.25977 0.0275303
6152.93994 0.0270603
6153.62012 0.0265953
6154.29980 0.0261273
6154.97998 0.0256592
6155.66016 0.0251886
6156.33984 0.0247201
6157.02002 0.0242515
6157.70020 0.02378
6158.37988 0.0233134
6159.06006 0.0228416
6159.74023 0.0223743
6160.41992 0.0219809
6161.10010 0.021638
6161.77979 0.0212948
6162.45996 0.0209499
6163.14014 0.0206063
6163.81982 0.0202626
6164.50977 0.0199169
6165.18994 0.0195745
6165.85986 0.0192302
6166.54980 0.0188855
6167.22998 0.0185392
6167.91016 0.0181941
6168.58984 0.0178489
6169.27002 0.0175018
6169.95020 0.017158
6170.64014 0.0168937
6171.31982 0.0166358
6172.00000 0.0163801
6172.68018 0.0161231
6173.35986 0.0158659
6174.04980 0.0156073
6174.72998 0.0153499
6175.41016 0.0150922
6176.08984 0.0148332
6176.77002 0.0145765
6177.45996 0.0143172
6178.12988 0.0140602
6178.81982 0.0138006
6179.50000 0.013542
6180.18018 0.0133359
6180.87012 0.0132731
6181.54980 0.0132108
6182.22998 0.0131479
6182.91016 0.0130852
6183.60010 0.0130226
6184.27979 0.0129598
6184.95996 0.0128971
6185.64990 0.012834
6186.33008 0.0127712
6187.00977 0.0127084
6187.70020 0.0126451
6188.37988 0.0125825
6189.06006 0.0125192
6189.75000 0.0124562
6190.43018 0.0123933
6191.10986 0.0123305
6191.79980 0.0122676
6192.47998 0.0122044
6193.16016 0.0121417
6193.85010 0.0120784
6194.52979 0.0120153
6195.22021 0.0119523
6195.89990 0.0118888
6196.58984 0.011826
6197.27002 0.0117625
6197.95996 0.0116993
6198.64014 0.011636
6199.33008 0.0115724
6200.00977 0.0115087
6200.70020 0.0113892
6201.37988 0.0112703
6202.06006 0.0111513
6202.75000 0.0110324
6203.43018 0.0109133
6204.12012 0.0107935
6204.79980 0.010675
6205.49023 0.0105552
6206.18018 0.0104353
6206.85986 0.0103166
6207.54980 0.0101966
6208.22998 0.0100771
6208.91992 0.00995766
6209.60010 0.00983814
6210.29004 0.00971853
6210.97998 0.00959839
6211.66016 0.00947929
6212.35010 0.00935898
6213.04004 0.00923863
6213.72021 0.00911941
6214.41016 0.00899897
6215.08984 0.0088797
6215.77979 0.0087591
6216.45996 0.00863965
6217.14990 0.00851897
6217.83984 0.00839826
6218.52002 0.00827871
6219.20996 0.00815791
6219.89990 0.00803759
6220.58984 0.00791771
6221.27002 0.00779795
6221.95996 0.00767803
6222.64990 0.0075574
6223.33008 0.00743797
6224.02002 0.00731728
6224.70996 0.00719648
6225.39990 0.0070768
6226.08984 0.00695587
6226.77002 0.00683549
6227.45996 0.00671505
6228.14990 0.00659515
6228.83984 0.0064739
6229.52979 0.00635261
6230.20996 0.00623232
6230.89990 0.0061105
6231.58984 0.00598864
6232.27979 0.00586794
6232.97021 0.0057465
6233.64990 0.00562512
6234.33984 0.00550302
6235.02979 0.00538207
6235.72021 0.00525988
6236.41016 0.00513765
6237.10010 0.00501651
6237.79004 0.0048942
6238.47998 0.00477238
6239.16016 0.00465052
6239.85010 0.00452921
6240.54004 0.00446835
6241.22998 0.00442456
6241.91992 0.00438122
6242.60986 0.00433739
6243.29980 0.00429355
6243.99023 0.00425011
6244.68018 0.00420624
6245.37012 0.00416278
6246.06006 0.00411886
6246.75000 0.00407534
6247.43994 0.00403136
6248.12988 0.00398736
6248.81982 0.00394378
6249.50977 0.00389975
6250.20020 0.00385591
6250.89014 0.00381196
6251.58008 0.00376822
6252.27002 0.00372406
6252.95996 0.00367982
6253.64990 0.00363603
6254.33984 0.00359178
6255.04004 0.00354753
6255.72021 0.00350367
6256.41992 0.00345935
6257.10986 0.00341523
6257.79980 0.00337109
6258.47998 0.00332716
6259.18018 0.00328275
6259.87012 0.00323835
6260.56006 0.00319439
6261.25977 0.00315
6261.95020 0.0031058
6262.64014 0.00306158
6888.90430 0.0
