threeML/data/optical_filters/HST/ACS_HRC-F435W.ecsv
# %ECSV 0.9
# ---
# datatype:
# - {name: wavelength, unit: Angstrom, datatype: float32}
# - {name: response, datatype: float32}
# meta: !!omap
# - {band_name: F435W}
# - {group_name: ACS_HRC}
wavelength response
[from data line 1598]
4499.72021 0.865084
4500.37012 0.864962
4501.02002 0.863792
4501.66992 0.862619
4502.31006 0.861454
4502.95996 0.860277
4503.60010 0.859102
4504.25000 0.857925
4504.89990 0.856754
4505.54004 0.855574
4506.18994 0.854394
4506.83008 0.85322
4507.47998 0.852036
4508.12012 0.85086
4508.77002 0.849675
4509.41992 0.848488
4510.06982 0.847563
4510.72021 0.848784
4511.35986 0.849998
4512.00977 0.851221
4512.66016 0.852444
4513.31006 0.853665
4513.95020 0.854888
4514.60010 0.856115
4515.25000 0.857342
4515.89990 0.858569
4516.54980 0.85979
4517.20020 0.86102
4517.85010 0.862246
4518.49023 0.863473
4519.14014 0.864701
4519.79004 0.865934
4520.43994 0.86572
4521.08984 0.86481
4521.72998 0.863903
4522.39014 0.862991
4523.02979 0.862082
4523.68994 0.861165
4524.33984 0.86025
4524.97998 0.859338
4525.62988 0.858424
4526.27979 0.857507
4526.93018 0.856588
4527.58008 0.855675
4528.22998 0.854754
4528.87988 0.853832
4529.52979 0.852913
4530.18018 0.853062
4530.83008 0.855982
4531.47998 0.858902
4532.12988 0.861837
4532.77979 0.864774
4533.43018 0.867705
4534.08008 0.870636
4534.72998 0.87358
4535.39014 0.876526
4536.04004 0.879473
4536.68994 0.882415
4537.33984 0.885357
4537.99023 0.888313
4538.64990 0.891273
4539.29004 0.894212
4539.93994 0.897174
4540.60010 0.898725
4541.25000 0.900155
4541.89990 0.901579
4542.54980 0.903006
4543.20020 0.904434
4543.85010 0.90587
4544.50977 0.907305
4545.16016 0.908731
4545.81006 0.910168
4546.47021 0.911605
4547.12012 0.913044
4547.77002 0.914487
4548.41992 0.915917
4549.08008 0.917359
4549.72998 0.918802
4550.39014 0.919915
4551.02979 0.920788
4551.68994 0.921666
4552.33984 0.922541
4552.99023 0.923419
4553.64990 0.9243
4554.29980 0.925181
4554.95020 0.926057
4555.60986 0.92694
4556.25977 0.927824
4556.91016 0.928698
4557.56982 0.929582
4558.22998 0.930468
4558.87988 0.931356
4559.52979 0.932237
4560.18994 0.933293
4560.83984 0.934791
4561.50000 0.936289
4562.14990 0.937784
4562.81006 0.939276
4563.45996 0.940777
4564.12012 0.942273
4564.77002 0.943769
4565.43018 0.945273
4566.08008 0.946774
4566.74023 0.948278
4567.39014 0.949785
4568.04980 0.951293
4568.70020 0.952791
4569.35986 0.954302
4570.02002 0.955598
4570.66992 0.948885
4571.33008 0.942186
4571.97998 0.935488
4572.64014 0.928754
4573.29980 0.922015
4573.95020 0.915297
4574.60986 0.908568
4575.27002 0.901839
4575.91992 0.895074
4576.58008 0.88833
4577.24023 0.881557
4577.89014 0.874805
4578.54980 0.86804
4579.20996 0.861245
4579.85986 0.854477
4580.52002 0.858773
4581.18018 0.86598
4581.83984 0.873187
4582.50000 0.880405
4583.14990 0.887574
4583.81006 0.894802
4584.47021 0.902034
4585.12988 0.909276
4585.79004 0.91649
4586.43994 0.923716
4587.10010 0.930947
4587.75977 0.938183
4588.41992 0.945455
4589.08008 0.952732
4589.74023 0.959983
4590.39014 0.960672
4591.04980 0.95695
4591.70996 0.953236
4592.37012 0.949523
4593.02979 0.945791
4593.68994 0.942055
4594.35010 0.938331
4595.00977 0.934601
4595.66992 0.930858
4596.33008 0.927109
4596.99023 0.92337
4597.64990 0.919617
4598.31006 0.915874
4598.97021 0.912124
4599.62988 0.908372
4600.29004 0.907267
4600.95020 0.909594
4601.60986 0.911922
4602.27002 0.914261
4602.93018 0.916604
4603.58984 0.918938
4604.25000 0.921274
4604.91016 0.923621
4605.56982 0.925969
4606.22998 0.928309
4606.89990 0.930653
4607.56006 0.933005
4608.22021 0.93536
4608.87988 0.937711
4609.54004 0.940061
4610.20020 0.941408
4610.85986 0.940482
4611.52002 0.939554
4612.18994 0.938623
4612.85010 0.937696
4613.50977 0.936768
4614.16992 0.935834
4614.83984 0.934902
4615.50000 0.933971
4616.16016 0.933033
4616.81982 0.932096
4617.49023 0.931158
4618.14990 0.930221
4618.81006 0.929285
4619.47998 0.928345
4620.14014 0.92792
4620.79980 0.929417
4621.47021 0.930916
4622.12988 0.932423
4622.79004 0.933922
4623.45020 0.935426
4624.12012 0.936938
4624.77979 0.938441
4625.43994 0.939945
4626.10986 0.941458
4626.77002 0.942964
4627.43994 0.944473
4628.10010 0.94599
4628.77002 0.947499
4629.43018 0.949017
4630.08984 0.95005
4630.75977 0.948179
4631.43018 0.946307
4632.08984 0.94444
4632.75977 0.942566
4633.41992 0.940695
4634.08984 0.938817
4634.75000 0.936944
4635.41016 0.935068
4636.08008 0.933183
4636.74023 0.931313
4637.41016 0.929425
4638.08008 0.927535
4638.74023 0.925655
4639.41016 0.92377
4640.06982 0.922354
4640.74023 0.924795
4641.41016 0.927245
4642.06982 0.929684
4642.74023 0.932138
4643.39990 0.934584
4644.06982 0.937042
4644.74023 0.939492
4645.41016 0.941951
4646.06982 0.944414
4646.74023 0.946868
4647.41016 0.949324
4648.06982 0.95179
4648.74023 0.954243
4649.41016 0.956713
4650.06982 0.958568
4650.74023 0.955448
4651.41016 0.952309
4652.08008 0.949167
4652.74023 0.946035
4653.41016 0.942891
4654.08008 0.939754
4654.75000 0.936604
4655.41992 0.933463
4656.08984 0.930307
4656.75000 0.92716
4657.41992 0.923998
4658.08984 0.920845
4658.75977 0.917691
4659.43018 0.914521
4660.10010 0.912196
4660.75977 0.914784
4661.43018 0.917396
4662.10010 0.92
4662.77002 0.922605
4663.43994 0.925222
4664.10986 0.92783
4664.77979 0.930453
4665.45020 0.933067
4666.12012 0.935694
4666.79004 0.938319
4667.45996 0.94094
4668.12988 0.943573
4668.79980 0.946195
4669.47021 0.94883
4670.14014 0.950461
4670.81006 0.948316
4671.47998 0.946162
4672.14990 0.944013
4672.81982 0.941862
4673.49023 0.939703
4674.16016 0.937549
4674.83008 0.935394
4675.50000 0.933226
4676.16992 0.931066
4676.83984 0.928908
4677.52002 0.926737
4678.18994 0.924563
4678.85986 0.922396
4679.52979 0.920227
4680.20020 0.919353
4680.87988 0.921497
4681.54980 0.923642
4682.22021 0.92578
4682.89014 0.92792
4683.56006 0.930068
4684.24023 0.932209
4684.91016 0.934352
4685.58008 0.936508
4686.25000 0.938649
4686.91992 0.940804
4687.60010 0.942963
4688.27002 0.945115
4688.93994 0.947266
4689.62012 0.949431
4690.29004 0.950581
4690.95996 0.950396
4691.64014 0.950211
4692.31006 0.950025
4692.97998 0.949838
4693.66016 0.949653
4694.33008 0.949468
4695.00977 0.949282
4695.68018 0.949093
4696.35010 0.948905
4697.02979 0.948718
4697.70020 0.948531
4698.37988 0.948343
4699.04980 0.948154
4699.72021 0.947964
4700.39990 0.946646
4701.06982 0.944543
4701.75000 0.942433
4702.41992 0.940319
4703.10010 0.938212
4703.77002 0.936104
4704.45020 0.933986
4705.12012 0.931864
4705.79980 0.92975
4706.47021 0.927634
4707.14990 0.925508
4707.81982 0.92339
4708.50000 0.921268
4709.18018 0.919136
4709.85010 0.917002
4710.52979 0.918857
4711.20020 0.92181
4711.87988 0.924763
4712.56006 0.92772
4713.22998 0.930688
4713.91016 0.93366
4714.58984 0.936623
4715.25977 0.939589
4715.93994 0.942567
4716.62012 0.945547
4717.29980 0.948529
4717.97021 0.951503
4718.64990 0.954477
4719.33008 0.957466
4720.00000 0.960424
4720.68018 0.958764
4721.35986 0.957095
4722.04004 0.955432
4722.72021 0.953763
4723.39014 0.952098
4724.06982 0.950431
4724.74023 0.948763
4725.43018 0.947084
4726.10010 0.945405
4726.77979 0.943733
4727.45996 0.942058
4728.14014 0.940375
4728.81982 0.93869
4729.50000 0.937005
4730.16992 0.936343
4730.85010 0.938608
4731.54004 0.940872
4732.20996 0.943128
4732.89014 0.945388
4733.56982 0.947654
4734.25000 0.949915
4734.93018 0.952181
4735.60986 0.954454
4736.29004 0.956721
4736.97021 0.958989
4737.64990 0.961269
4738.33008 0.963549
4739.00977 0.965823
4739.68994 0.968099
4740.37012 0.968983
4741.04980 0.968689
4741.72998 0.968394
4742.41016 0.968102
4743.08984 0.967807
4743.77002 0.967509
4744.45020 0.967215
4745.14014 0.966918
4745.81982 0.966621
4746.50000 0.966325
4747.18018 0.966029
4747.85986 0.965731
4748.54004 0.965435
4749.22021 0.965136
4749.89990 0.964835
4750.58984 0.966906
4751.27002 0.969348
4751.95020 0.97181
4752.62988 0.974272
4753.31982 0.976736
4754.00000 0.979203
4754.68018 0.981652
4755.35986 0.98412
4756.04980 0.986592
4756.72998 0.989047
4757.41016 0.991523
4758.08984 0.993991
4758.77979 0.996471
4759.45996 0.998941
4760.14014 1.0
4760.81982 0.995656
4761.50977 0.991276
4762.18994 0.98689
4762.87988 0.982502
4763.56006 0.978144
4764.24023 0.973745
4764.93018 0.969347
4765.60986 0.964943
4766.29004 0.96057
4766.97998 0.956159
4767.66016 0.951742
4768.35010 0.947325
4769.02979 0.942922
4769.72021 0.93851
4770.39990 0.935259
4771.08008 0.932831
4771.77002 0.930392
4772.45020 0.927961
4773.14014 0.925527
4773.81982 0.92308
4774.50977 0.920633
4775.18994 0.918192
4775.87988 0.915751
4776.56982 0.913296
4777.25000 0.91084
4777.93994 0.908392
4778.62012 0.905941
4779.31006 0.903478
4780.00000 0.901015
4780.68018 0.88458
4781.37012 0.868014
4782.06006 0.851496
4782.74023 0.834968
4783.43018 0.818416
4784.10986 0.801796
4784.79980 0.785283
4785.47998 0.768641
4786.16992 0.751977
4786.85986 0.735304
4787.54980 0.718677
4788.22998 0.702039
4788.91992 0.685332
4789.60986 0.668604
4790.29980 0.654402
4790.97998 0.643435
4791.66992 0.632424
4792.35986 0.621396
4793.04980 0.610407
4793.72998 0.599411
4794.41992 0.5884
4795.10986 0.577334
4795.79980 0.566307
4796.49023 0.555227
4797.16992 0.544226
4797.85986 0.533129
4798.54980 0.522026
4799.24023 0.510946
4799.93018 0.499868
4800.62012 0.484773
4801.31006 0.469216
4802.00000 0.453638
4802.68994 0.438117
4803.37988 0.422586
4804.06982 0.406978
4804.75977 0.391351
4805.45020 0.375781
4806.14014 0.3602
4806.81982 0.34461
4807.50977 0.328999
4808.20020 0.313324
4808.89990 0.297628
4809.58008 0.282044
4810.27002 0.268919
4810.97021 0.25969
4811.66016 0.250488
4812.35010 0.241282
4813.04004 0.232032
4813.72998 0.222776
4814.41992 0.213549
4815.10986 0.204323
4815.79980 0.195047
4816.50000 0.185765
4817.18994 0.176518
4817.87988 0.167227
4818.56982 0.157964
4819.25977 0.148696
4819.95020 0.139423
4820.64014 0.134103
4821.33984 0.129093
4822.02002 0.124115
4822.72021 0.119098
4823.41016 0.114075
4824.10010 0.109067
4824.79004 0.104058
4825.49023 0.0990224
4826.18018 0.0939866
4826.87988 0.0889619
4827.56982 0.0839377
4828.25977 0.0788889
4828.95020 0.0738335
4829.64990 0.0687961
4830.33984 0.0651544
4831.02979 0.0629587
4831.72998 0.0607694
4832.41992 0.0585788
4833.10986 0.0563792
4833.81006 0.0541769
4834.50000 0.0519902
4835.18994 0.0497851
4835.89014 0.0475864
4836.58008 0.045385
4837.27002 0.0431762
4837.97021 0.0409644
4838.66992 0.0387497
4839.35986 0.036543
4840.04980 0.0344159
4840.75000 0.0332362
4841.45020 0.0320558
4842.14014 0.0308797
4842.83008 0.029702
4843.52979 0.0285186
4844.22021 0.0273437
4844.91992 0.026159
4845.62012 0.0249736
4846.31006 0.0237866
4847.00977 0.022608
4847.70020 0.0214196
4848.39990 0.0202355
4849.08984 0.0190498
4849.79004 0.0178585
4850.49023 0.0171608
4851.18018 0.0166783
4851.87988 0.0161958
4852.56982 0.0157107
4853.27002 0.0152257
4853.97021 0.0147421
4854.66992 0.0142562
4855.35986 0.0137716
4856.06006 0.0132851
4856.75000 0.0128017
4857.45020 0.0123143
4858.14990 0.0118267
4858.85010 0.0113407
4859.54004 0.0108542
4860.24023 0.0104332
4860.93994 0.0101415
4861.64014 0.00984934
4862.33008 0.00955601
4863.02979 0.00926248
4863.72998 0.00896981
4864.43018 0.00867677
4865.12988 0.00838253
4865.81982 0.00808914
4866.52002 0.00779455
4867.22021 0.00750081
4867.91992 0.00720567
4868.62012 0.00691034
4869.31982 0.00661709
4870.02002 0.00632529
4870.72021 0.00619241
4871.41992 0.00605983
4872.10986 0.00592726
4872.81006 0.00579452
4873.50977 0.0056617
4874.20996 0.00552826
4874.91016 0.00539474
4875.60986 0.00526113
4876.31006 0.0051279
4877.00977 0.00499459
4877.70996 0.00486075
4878.41016 0.0047272
4879.10986 0.0045931
4879.81006 0.00445939
5367.79102 0.0
