threeML/data/optical_filters/HST/ACS_WFC-F475W_77.ecsv
# %ECSV 0.9
# ---
# datatype:
# - {name: wavelength, unit: Angstrom, datatype: float32}
# - {name: response, datatype: float32}
# meta: !!omap
# - {band_name: F475W_77}
# - {group_name: ACS_WFC}
wavelength response
3452.61597 0.0
3836.23999 0.00192834
3836.64990 0.00200067
3837.07007 0.00207315
3837.48999 0.0021461
3837.91992 0.00221923
3838.34009 0.00229251
3838.76001 0.00236524
3839.17993 0.0024388
3839.60010 0.00251288
3840.02002 0.00258641
3840.43994 0.00266037
3840.86011 0.00273407
3841.28003 0.00280834
3841.69995 0.00288237
3842.12012 0.00295687
3842.54004 0.00303121
3842.96997 0.00310642
3843.38989 0.00318099
3843.81006 0.00325614
3844.22998 0.00333103
3844.64990 0.00340645
3845.07007 0.00348162
3845.48999 0.00355736
3845.91992 0.0036332
3846.33008 0.00370848
3846.76001 0.0037846
3847.17993 0.0038613
3847.60010 0.00393775
3848.02002 0.00401363
3848.43994 0.00409035
3848.87012 0.00416727
3849.29004 0.00424432
3849.70996 0.00432115
3850.12988 0.00442079
3850.55005 0.00457286
3850.97998 0.00472366
3851.39990 0.00487555
3851.82007 0.00502775
3852.23999 0.00517955
3852.65991 0.00533156
3853.09009 0.00548477
3853.51001 0.00563829
3853.92993 0.00579131
3854.35010 0.00594474
3854.78003 0.00609998
3855.19995 0.00625483
3855.62012 0.00640918
3856.04004 0.00656392
3856.46997 0.00671969
3856.88989 0.00687578
3857.31006 0.00703146
3857.72998 0.00718745
3858.15991 0.00734537
3858.58008 0.0075028
3859.00000 0.0076598
3859.42993 0.00781712
3859.85010 0.00797558
3860.27002 0.00819198
3860.68994 0.00843956
3861.12012 0.00868774
3861.54004 0.00893753
3861.95996 0.00918794
3862.38989 0.00943882
3862.81006 0.00969017
3863.23999 0.009942
3863.65991 0.0101918
3864.08008 0.0104447
3864.51001 0.0106981
3864.92993 0.010952
3865.35010 0.0112039
3865.78003 0.01146
3866.19995 0.0117155
3866.62012 0.0119701
3867.05005 0.0122264
3867.46997 0.012482
3867.88989 0.0127395
3868.32007 0.012996
3868.73999 0.0132545
3869.15991 0.0135121
3869.59009 0.0137717
3870.01001 0.014034
3870.43994 0.0144328
3870.86011 0.0148283
3871.29004 0.0152265
3871.70996 0.0156238
3872.13989 0.0160238
3872.56006 0.0164227
3872.97998 0.0168245
3873.40991 0.0172269
3873.83008 0.0176306
3874.26001 0.0180348
3874.67993 0.0184359
3875.11011 0.0188418
3875.53003 0.0192487
3875.95996 0.0196564
3876.37988 0.0200609
3876.80005 0.0204703
3877.22998 0.0208807
3877.65991 0.0212919
3878.08008 0.0217039
3878.51001 0.0221168
3878.92993 0.0225285
3879.35010 0.0229409
3879.78003 0.0233564
3880.20996 0.0238484
3880.62988 0.0244194
3881.05005 0.0249918
3881.47998 0.025571
3881.90991 0.0261488
3882.33008 0.0267249
3882.76001 0.0273021
3883.17993 0.0278838
3883.61011 0.0284663
3884.03003 0.0290474
3884.45996 0.0296297
3884.88989 0.0302163
3885.31006 0.030804
3885.73999 0.0313932
3886.15991 0.0319807
3886.59009 0.032572
3887.02002 0.033165
3887.43994 0.0337563
3887.86011 0.0343489
3888.29004 0.0349454
3888.71997 0.0355435
3889.14990 0.0361429
3889.57007 0.0367434
3890.00000 0.0373451
3890.41992 0.0380888
3890.85010 0.0388417
3891.28003 0.039596
3891.69995 0.0403518
3892.12988 0.0411017
3892.55005 0.0418605
3892.97998 0.0426212
3893.40991 0.0433872
3893.84009 0.0441469
3894.26001 0.044908
3894.68994 0.045675
3895.12012 0.0464431
3895.54004 0.0472091
3895.96997 0.0479771
3896.39990 0.04875
3896.82007 0.0495245
3897.25000 0.0503009
3897.67993 0.0510748
3898.11011 0.0518542
3898.53003 0.052631
3898.95996 0.0534138
3899.38989 0.0541976
3899.81006 0.0549794
3900.23999 0.0557806
3900.66992 0.0566015
3901.10010 0.0574288
3901.52002 0.0582452
3901.94995 0.0590712
3902.37988 0.0598994
3902.81006 0.0607293
3903.23999 0.061557
3903.65991 0.062386
3904.09009 0.0632215
3904.52002 0.0640628
3904.94995 0.0648974
3905.37988 0.0657379
3905.80005 0.0665763
3906.22998 0.0674208
3906.65991 0.0682626
3907.09009 0.0691105
3907.51001 0.0699557
3907.93994 0.0708031
3908.37012 0.0716562
3908.80005 0.0725158
3909.22998 0.0733684
3909.65991 0.0742227
3910.09009 0.0750923
3910.51001 0.0759987
3910.93994 0.0769073
3911.37012 0.0778083
3911.80005 0.0787204
3912.22998 0.0796394
3912.65991 0.0805502
3913.09009 0.0814633
3913.51001 0.0823828
3913.93994 0.0833041
3914.37012 0.0842228
3914.80005 0.0851475
3915.22998 0.0860697
3915.65991 0.0869985
3916.09009 0.0879242
3916.52002 0.0888612
3916.94995 0.089791
3917.37988 0.0907273
3917.80005 0.0916606
3918.23999 0.0926004
3918.66992 0.093542
3919.09009 0.0944763
3919.52002 0.0954213
3919.94995 0.0963735
3920.38989 0.0972782
3920.81006 0.0981702
3921.23999 0.0990736
3921.66992 0.0999783
3922.10010 0.100885
3922.53003 0.101789
3922.95996 0.102696
3923.38989 0.103608
3923.82007 0.104522
3924.25000 0.105438
3924.67993 0.106351
3925.11011 0.10727
3925.54004 0.108188
3925.96997 0.109111
3926.39990 0.110036
3926.83008 0.110959
3927.26001 0.111883
3927.68994 0.112818
3928.12012 0.113751
3928.55005 0.114681
3928.97998 0.115613
3929.40991 0.116552
3929.85010 0.117492
3930.28003 0.118458
3930.70996 0.119441
3931.13989 0.12043
3931.57007 0.121421
3932.00000 0.122415
3932.42993 0.123405
3932.86011 0.124403
3933.29004 0.125402
3933.71997 0.126398
3934.15991 0.1274
3934.59009 0.128399
3935.02002 0.129406
3935.44995 0.130414
3935.87988 0.131425
3936.31006 0.132431
3936.73999 0.13344
3937.16992 0.134455
3937.61011 0.135473
3938.04004 0.136493
3938.46997 0.137504
3938.89990 0.138527
3939.33008 0.139552
3939.77002 0.140584
3940.18994 0.141557
3940.62988 0.142486
3941.06006 0.143417
3941.48999 0.144346
3941.91992 0.14528
3942.35010 0.146212
3942.79004 0.147151
3943.21997 0.148091
3943.64990 0.149033
3944.08008 0.149972
3944.52002 0.150918
3944.94995 0.15186
3945.37988 0.152809
3945.81006 0.153761
3946.23999 0.154709
3946.67993 0.155659
3947.11011 0.156615
3947.55005 0.157579
3947.97998 0.158534
3948.40991 0.159492
3948.84009 0.160455
3949.27002 0.161421
3949.70996 0.162384
3950.13989 0.16339
3950.57007 0.164494
3951.01001 0.1656
3951.43994 0.166708
3951.87012 0.167811
3952.30005 0.168923
3952.73999 0.170031
3953.16992 0.171147
3953.60010 0.172259
3954.04004 0.173378
3954.46997 0.174494
3954.89990 0.175618
3955.34009 0.176749
3955.77002 0.177877
3956.19995 0.178995
3956.63989 0.180128
3957.07007 0.181261
3957.51001 0.182397
3957.93994 0.183524
3958.37012 0.184663
3958.81006 0.185811
3959.23999 0.18695
3959.67993 0.188097
3960.11011 0.189225
3960.54004 0.190323
3960.97998 0.191416
3961.40991 0.192516
3961.84009 0.193614
3962.28003 0.194719
3962.70996 0.19582
3963.14990 0.196929
3963.58008 0.19804
3964.01001 0.199147
3964.44995 0.200262
3964.88989 0.201379
3965.32007 0.202493
3965.75000 0.203609
3966.18994 0.204732
3966.62012 0.205862
3967.06006 0.20699
3967.48999 0.208108
3967.92993 0.209239
3968.36011 0.210373
3968.80005 0.211508
3969.22998 0.212635
3969.66992 0.213774
3970.10010 0.214941
3970.54004 0.216191
3970.96997 0.217438
3971.40991 0.2187
3971.84009 0.219951
3972.28003 0.221204
3972.70996 0.222466
3973.14990 0.22373
3973.58008 0.22499
3974.02002 0.226251
3974.44995 0.227521
3974.88989 0.228801
3975.33008 0.230069
3975.76001 0.23134
3976.19995 0.232619
3976.63989 0.2339
3977.07007 0.235177
3977.50000 0.236457
3977.93994 0.237745
3978.37988 0.239035
3978.81006 0.24032
3979.25000 0.241615
3979.68994 0.242912
3980.12012 0.244172
3980.56006 0.245332
3980.98999 0.246493
3981.42993 0.247662
3981.87012 0.248833
3982.30005 0.25
3982.73999 0.251181
3983.17993 0.252359
3983.61011 0.253527
3984.05005 0.254708
3984.48999 0.255891
3984.91992 0.257077
3985.36011 0.258253
3985.79004 0.259444
3986.22998 0.260636
3986.66992 0.26183
3987.11011 0.263026
3987.54004 0.264219
3987.97998 0.26542
3988.41992 0.266616
3988.85010 0.267821
3989.29004 0.269022
3989.72998 0.270231
3990.15991 0.271416
3990.60010 0.272578
3991.04004 0.273731
3991.47998 0.274891
3991.90991 0.276047
3992.35010 0.277212
3992.79004 0.278371
3993.22998 0.279534
3993.65991 0.280704
3994.10010 0.281875
3994.54004 0.283049
3994.97998 0.284219
3995.41992 0.285396
3995.86011 0.286576
3996.29004 0.287757
3996.72998 0.288928
3997.16992 0.290113
3997.61011 0.2913
3998.05005 0.292489
3998.47998 0.29368
3998.91992 0.294873
3999.36011 0.296061
3999.80005 0.297252
4000.23999 0.298313
4000.67993 0.299259
4001.11011 0.3002
4001.55005 0.301143
4001.98999 0.302091
4002.42993 0.303041
4002.87012 0.303992
4003.30005 0.304939
4003.73999 0.305891
4004.17993 0.306845
4004.62012 0.307795
4005.06006 0.308746
4005.50000 0.309703
4005.93994 0.31066
4006.37988 0.311619
4006.82007 0.312574
4007.26001 0.313535
4007.69995 0.314497
4008.12988 0.315456
4008.57007 0.31642
4009.01001 0.317381
4009.44995 0.318347
4009.88989 0.31931
4010.33008 0.32027
4010.77002 0.321229
4011.20996 0.322183
4011.64990 0.323144
4012.09009 0.324106
4012.53003 0.325068
4012.96997 0.326022
4013.40991 0.326986
4013.85010 0.327952
4014.29004 0.328924
4014.72998 0.329882
4015.16992 0.330851
4015.61011 0.331821
4016.05005 0.332787
4016.48999 0.333758
4016.92993 0.334725
4017.37012 0.335699
4017.81006 0.336669
4018.25000 0.337644
4018.68994 0.338621
4019.12988 0.339599
4019.57007 0.340573
4020.01001 0.341552
4020.44995 0.342486
4020.88989 0.343417
4021.33008 0.344349
4021.77002 0.345287
4022.21997 0.34623
4022.64990 0.34716
4023.10010 0.348101
4023.54004 0.349043
4023.97998 0.349986
4024.41992 0.350921
4024.86011 0.351866
4025.30005 0.352812
4025.73999 0.35376
4026.17993 0.354703
4026.62012 0.355647
4027.07007 0.356603
4027.51001 0.357549
4027.94995 0.358501
4028.38989 0.359455
4028.83008 0.360405
4029.27002 0.361355
4029.70996 0.362312
4030.15991 0.363376
4030.60010 0.364612
4031.04004 0.365848
4031.47998 0.367092
4031.91992 0.368337
4032.36011 0.369579
4032.80005 0.37082
4033.25000 0.37207
4033.68994 0.37332
4034.12988 0.374572
4034.57007 0.375819
4035.02002 0.377074
4035.45996 0.378331
4035.89990 0.379581
4036.34009 0.380834
4036.79004 0.382094
4037.22998 0.383355
4037.66992 0.384611
4038.12012 0.385882
4038.56006 0.387147
4039.00000 0.388401
4039.43994 0.38967
4039.88989 0.390939
4040.33008 0.392169
4040.77002 0.393374
4041.20996 0.394594
4041.65991 0.395814
4042.10010 0.397035
4042.54004 0.398245
4042.98999 0.399475
4043.42993 0.400699
4043.87012 0.401926
4044.31006 0.403147
4044.76001 0.404369
4045.19995 0.405599
4045.63989 0.40683
4046.09009 0.408055
4046.53003 0.409288
4046.96997 0.410523
4047.41992 0.411752
4047.86011 0.412989
4048.30005 0.414221
4048.75000 0.41546
4049.18994 0.416694
4049.63989 0.417935
4050.08008 0.419211
4050.52002 0.420681
4050.96997 0.422153
4051.40991 0.423626
4051.86011 0.4251
4052.30005 0.42656
4052.73999 0.428037
4053.18994 0.429515
4053.62988 0.430994
4054.08008 0.432475
4054.52002 0.433957
4054.96997 0.435433
4055.40991 0.436918
4055.85010 0.438397
4056.30005 0.439884
4056.73999 0.441374
4057.18994 0.442856
4057.62988 0.444341
4058.08008 0.445834
4058.52002 0.447328
4058.96997 0.448816
4059.40991 0.450311
4059.86011 0.45181
4060.30005 0.453032
4060.75000 0.454133
4061.18994 0.455228
4061.63989 0.45633
4062.08008 0.457427
4062.53003 0.458531
4062.96997 0.459636
4063.41992 0.460742
4063.86011 0.461844
4064.31006 0.462947
4064.75000 0.464056
4065.19995 0.465166
4065.63989 0.466272
4066.09009 0.467378
4066.53003 0.468492
4066.97998 0.469612
4067.42993 0.470722
4067.87012 0.471838
4068.32007 0.472956
4068.76001 0.474063
4069.20996 0.475183
4069.65991 0.476304
4070.10010 0.477413
4070.55005 0.478478
4070.98999 0.479538
4071.43994 0.480605
4071.88989 0.481673
4072.33008 0.482736
4072.78003 0.483806
4073.21997 0.484871
4073.66992 0.485943
4074.12012 0.487011
4074.56006 0.488085
4075.01001 0.48916
4075.45996 0.490231
4075.90991 0.491309
4076.35010 0.492382
4076.80005 0.493461
4077.23999 0.494536
4077.68994 0.495618
4078.13989 0.496705
4078.59009 0.497788
4079.03003 0.498862
4079.47998 0.499947
4079.92993 0.501034
4080.37012 0.501635
4080.82007 0.502148
4081.27002 0.502661
4081.71997 0.503175
4082.15991 0.503684
4082.61011 0.504198
4083.06006 0.504716
4083.51001 0.50523
4083.94995 0.505743
4084.39990 0.506259
4084.85010 0.506775
4085.30005 0.50729
4085.73999 0.507804
4086.18994 0.508322
4086.63989 0.50884
4087.09009 0.509355
4087.53003 0.509874
4087.97998 0.510394
4088.42993 0.510911
4088.87988 0.51143
4089.32007 0.511948
4089.77002 0.51247
4090.21997 0.513044
4090.66992 0.513677
4091.12012 0.514312
4091.57007 0.514947
4092.02002 0.515579
4092.45996 0.516212
4092.90991 0.516848
4093.36011 0.517486
4093.81006 0.518121
4094.26001 0.518762
4094.70996 0.519401
4095.15991 0.520037
4095.61011 0.520672
4096.06006 0.521312
4096.50000 0.521953
4096.95020 0.522595
4097.39990 0.52323
4097.85010 0.523872
4098.29980 0.524515
4098.75000 0.525158
4099.20020 0.525798
4099.64990 0.526442
4100.10010 0.527071
4100.54980 0.52764
4100.99023 0.528208
4101.43994 0.52878
4101.89014 0.529354
4102.33984 0.529923
4102.79004 0.530496
4103.24023 0.53107
4103.68994 0.531641
4104.14014 0.532215
4104.58984 0.532788
4105.04004 0.533363
4105.49023 0.533935
4105.93994 0.534512
4106.39014 0.535085
4106.83984 0.535662
4107.29004 0.536236
4107.74023 0.536817
4108.18994 0.537395
4108.64014 0.537974
4109.08984 0.538548
4109.54004 0.539127
4109.99023 0.539706
4110.43994 0.540499
4110.89990 0.541297
4111.35010 0.542092
4111.79980 0.54289
4112.24023 0.543686
4112.70020 0.544486
4113.14990 0.545283
4113.60010 0.546085
4114.04980 0.546882
4114.50000 0.547686
4114.95020 0.548489
4115.39990 0.549289
4115.85010 0.550093
4116.29980 0.550899
4116.75000 0.551701
4117.20020 0.552504
4117.66016 0.553311
4118.10986 0.554118
4118.56006 0.554932
4119.00977 0.555734
4119.45996 0.556543
4119.91016 0.557354
4120.37012 0.558125
4120.81006 0.55888
4121.27002 0.559643
4121.72021 0.560408
4122.16992 0.561172
4122.62012 0.561928
4123.06982 0.562694
4123.52979 0.563461
4123.97998 0.564227
4124.43018 0.564993
4124.87988 0.565761
4125.33984 0.566525
4125.79004 0.567289
4126.24023 0.568058
4126.68994 0.568827
4127.14990 0.569597
4127.60010 0.570365
4128.04980 0.571136
4128.50000 0.571908
4128.95020 0.572677
4129.39990 0.573445
4129.85986 0.574219
4130.31006 0.575129
4130.75977 0.576097
4131.22021 0.577072
4131.66992 0.578044
4132.12012 0.579024
4132.56982 0.579996
4133.02979 0.580969
4133.47998 0.581947
4133.93018 0.582926
4134.39014 0.583901
4134.83984 0.58488
4135.29980 0.585866
4135.74023 0.586838
4136.20020 0.58782
4136.64990 0.588803
4137.10986 0.589788
4137.56006 0.590763
4138.00977 0.591748
4138.47021 0.592734
4138.91992 0.593719
4139.37012 0.594698
4139.81982 0.595687
4140.27979 0.596396
4140.72998 0.596926
4141.18994 0.597458
4141.64014 0.597988
4142.10010 0.598522
4142.54980 0.599052
4143.00000 0.599586
4143.45996 0.60012
4143.91016 0.600654
4144.37012 0.601187
4144.81982 0.601723
4145.27002 0.602256
4145.72998 0.602792
4146.18018 0.603326
4146.64014 0.603863
4147.08984 0.604402
4147.54004 0.604934
4148.00000 0.605473
4148.45996 0.606013
4148.91016 0.606552
4149.35986 0.607086
4149.81982 0.607627
4150.27002 0.608118
4150.72998 0.608579
4151.18018 0.609038
4151.64014 0.609497
4152.10010 0.609958
4152.54980 0.610417
4153.00977 0.610879
4153.45996 0.61134
4153.91016 0.611799
4154.37012 0.612258
4154.81982 0.612722
4155.27979 0.613184
4155.72998 0.613645
4156.18994 0.614105
4156.64990 0.614571
4157.10010 0.615035
4157.56006 0.615497
4158.00977 0.615959
4158.47021 0.616423
4158.93018 0.616886
4159.37988 0.617349
4159.83984 0.617814
4160.29004 0.617963
4160.75000 0.617936
4161.20020 0.617909
4161.66016 0.617882
4162.12012 0.617855
4162.56982 0.617827
4163.02979 0.617799
4163.47998 0.617771
4163.93994 0.617743
4164.39990 0.617715
4164.85010 0.617687
4165.31006 0.617658
4165.77002 0.61763
4166.22021 0.617602
4166.68018 0.617574
4167.14014 0.617545
4167.58984 0.617516
4168.04980 0.617487
4168.50977 0.617457
4168.97021 0.617427
4169.41992 0.617398
4169.87988 0.617369
4170.33008 0.617531
4170.79004 0.617762
4171.25000 0.617994
4171.70996 0.618227
4172.16016 0.618459
4172.62012 0.618691
4173.08008 0.618923
4173.54004 0.619156
4173.99023 0.619388
4174.45020 0.619621
4174.91016 0.619852
4175.35986 0.620085
4175.81982 0.620318
4176.27979 0.62055
4176.74023 0.620784
4177.20020 0.621017
4177.64990 0.621251
4178.10986 0.621483
4178.56982 0.621716
4179.02979 0.62195
4179.49023 0.622183
4179.93994 0.622416
4180.39990 0.622435
4180.85986 0.622423
4181.31982 0.622411
4181.77979 0.622399
4182.22998 0.622386
4182.68994 0.622374
