threeML/data/optical_filters/HST/ACS_WFC-F606W_77.ecsv
# %ECSV 0.9
# ---
# datatype:
# - {name: wavelength, unit: Angstrom, datatype: float32}
# - {name: response, datatype: float32}
# meta: !!omap
# - {band_name: F606W_77}
# - {group_name: ACS_WFC}
wavelength response
4144.84180 0.0
4605.37988 0.00143324
4605.95996 0.00152159
4606.52979 0.00161032
4607.10986 0.00169944
4607.68994 0.0017882
4608.27002 0.00187697
4608.85010 0.00196621
4609.41992 0.00205502
4610.00000 0.00214429
4610.58008 0.00223311
4611.16016 0.00232194
4611.72998 0.00241077
4612.31006 0.00249999
4612.89014 0.00258846
4613.47021 0.00267739
4614.04980 0.0027667
4614.62012 0.00285565
4615.20020 0.00294423
4615.77979 0.00303394
4616.35010 0.00312253
4616.93018 0.00321158
4617.50977 0.00330094
4618.08984 0.00339
4618.66992 0.00347907
4619.25000 0.00356853
4619.83008 0.00365761
4620.41016 0.00390724
4620.99023 0.00422232
4621.56982 0.00453773
4622.14990 0.00485323
4622.72998 0.00517013
4623.29980 0.00548445
4623.87988 0.00580018
4624.45996 0.00611758
4625.04004 0.00643345
4625.62012 0.00674835
4626.20020 0.00706732
4626.77979 0.00738234
4627.35986 0.00769879
4627.93994 0.00801665
4628.52002 0.00833353
4629.10010 0.00865022
4629.68018 0.00896858
4630.25977 0.00920407
4630.83984 0.00933936
4631.41992 0.0094741
4632.00000 0.00960898
4632.58008 0.00974373
4633.16016 0.00987918
4633.74023 0.0100134
4634.31982 0.0101483
4634.89990 0.010284
4635.47998 0.0104189
4636.06006 0.0105533
4636.64990 0.0106895
4637.22021 0.0108239
4637.81006 0.0109591
4638.39014 0.0110948
4638.97021 0.0112299
4639.54980 0.0113652
4640.12988 0.011634
4640.70996 0.0123537
4641.29980 0.0130766
4641.87988 0.0137959
4642.45996 0.0145159
4643.04004 0.0152367
4643.62012 0.01596
4644.20020 0.0166774
4644.77979 0.0173986
4645.37012 0.0181229
4645.95020 0.0188442
4646.52979 0.019562
4647.10986 0.0202903
4647.68994 0.0210089
4648.27979 0.0217314
4648.85986 0.0224563
4649.43994 0.023179
4650.02002 0.023961
4650.60986 0.026133
4651.18994 0.0282983
4651.77002 0.0304621
4652.35986 0.0326372
4652.93994 0.0348036
4653.52002 0.0369685
4654.10986 0.0391465
4654.68994 0.0413032
4655.27002 0.043473
4655.85010 0.0456503
4656.43994 0.0478209
4657.02002 0.0499918
4657.60986 0.0521722
4658.18994 0.0543348
4658.77002 0.056507
4659.35986 0.0586885
4659.93994 0.0608632
4660.52002 0.0615161
4661.10986 0.0619952
4661.68994 0.0624724
4662.27002 0.0629497
4662.85986 0.0634296
4663.43994 0.0639071
4664.02979 0.0643851
4664.62012 0.0648653
4665.20020 0.0653411
4665.77979 0.0658195
4666.37012 0.0662999
4666.95020 0.0667788
4667.54004 0.0672574
4668.12012 0.0677384
4668.70020 0.0682152
4669.29004 0.0686946
4669.87988 0.0691764
4670.45996 0.0695219
4671.04980 0.0698315
4671.62988 0.0701426
4672.22021 0.0704523
4672.79980 0.0707623
4673.39014 0.0710735
4673.97021 0.0713835
4674.56006 0.0716939
4675.14990 0.0720054
4675.72998 0.0723144
4676.31006 0.0726249
4676.89990 0.0729367
4677.49023 0.0732474
4678.06982 0.0735581
4678.66016 0.0738703
4679.24023 0.0741797
4679.83008 0.0744906
4680.41992 0.0775011
4681.00977 0.0815865
4681.58984 0.0856728
4682.18018 0.0897803
4682.77002 0.0938681
4683.35010 0.09796
4683.93994 0.102066
4684.52979 0.10616
4685.10986 0.110254
4685.70020 0.114366
4686.29004 0.118444
4686.87012 0.122544
4687.45996 0.126662
4688.04980 0.13076
4688.64014 0.134862
4689.22021 0.138965
4689.81006 0.143069
4690.39990 0.146057
4690.99023 0.148523
4691.56982 0.150978
4692.16016 0.153432
4692.75000 0.155902
4693.33984 0.158359
4693.93018 0.160816
4694.52002 0.163284
4695.10010 0.165745
4695.68994 0.168204
4696.27979 0.170677
4696.87012 0.173127
4697.45020 0.175589
4698.04980 0.178064
4698.62988 0.180528
4699.22021 0.182993
4699.81006 0.185458
4700.39990 0.184859
4700.99023 0.182793
4701.58008 0.180716
4702.16992 0.178648
4702.75000 0.17658
4703.35010 0.174502
4703.93994 0.172432
4704.52002 0.17036
4705.10986 0.16828
4705.70020 0.166208
4706.29004 0.164134
4706.89014 0.162051
4707.47021 0.159985
4708.06006 0.157909
4708.64990 0.155824
4709.24023 0.153747
4709.83008 0.151669
4710.41992 0.152512
4711.00977 0.154526
4711.60010 0.156542
4712.18994 0.158567
4712.77979 0.160583
4713.37012 0.162599
4713.97021 0.164626
4714.56006 0.166642
4715.14990 0.168661
4715.74023 0.170688
4716.33008 0.172706
4716.91992 0.174725
4717.50977 0.176753
4718.10010 0.178772
4718.68994 0.180783
4719.27979 0.182812
4719.87012 0.184833
4720.47021 0.190116
4721.06006 0.196285
4721.64990 0.202455
4722.24023 0.208631
4722.83008 0.214834
4723.41992 0.221008
4724.00977 0.227188
4724.60986 0.233401
4725.20020 0.239585
4725.79004 0.245769
4726.39014 0.251985
4726.97998 0.258177
4727.56982 0.264366
4728.16016 0.270592
4728.75000 0.276789
4729.33984 0.282962
4729.93994 0.289192
4730.52979 0.289618
4731.12012 0.289374
4731.72021 0.28913
4732.31006 0.288886
4732.89990 0.288642
4733.49023 0.288397
4734.08984 0.288153
4734.68018 0.287908
4735.27002 0.287662
4735.87012 0.287418
4736.45996 0.287173
4737.06006 0.286928
4737.64990 0.286683
4738.24023 0.286438
4738.83984 0.286191
4739.43018 0.285946
4740.02002 0.285615
4740.62012 0.282941
4741.20996 0.280278
4741.79980 0.277612
4742.39990 0.274945
4742.99023 0.272281
4743.58984 0.269615
4744.18018 0.266935
4744.77002 0.264267
4745.37012 0.261599
4745.97021 0.258918
4746.56006 0.256248
4747.14990 0.253579
4747.75000 0.250895
4748.35010 0.248223
4748.93994 0.245552
4749.54004 0.242867
4750.12988 0.241543
4750.72021 0.245065
4751.31982 0.248602
4751.91016 0.252125
4752.50977 0.25565
4753.10010 0.259178
4753.70020 0.262705
4754.29980 0.266235
4754.89014 0.269781
4755.49023 0.273314
4756.08008 0.276847
4756.68018 0.280399
4757.27979 0.283935
4757.87012 0.287474
4758.47021 0.291028
4759.06982 0.29457
4759.66016 0.298112
4760.25977 0.303264
4760.85010 0.310434
4761.45020 0.317642
4762.04980 0.32488
4762.64014 0.332084
4763.24023 0.339295
4763.83984 0.346513
4764.43018 0.353727
4765.02979 0.360941
4765.62988 0.368193
4766.22998 0.375417
4766.81982 0.382642
4767.41992 0.389897
4768.02002 0.397124
4768.60986 0.404359
4769.20996 0.411589
4769.81006 0.418855
4770.41016 0.420146
4771.00977 0.418667
4771.60010 0.4172
4772.20020 0.415726
4772.79980 0.414244
4773.39990 0.412769
4773.99023 0.411293
4774.58984 0.409816
4775.18994 0.408339
4775.79004 0.406862
4776.39014 0.405377
4776.97998 0.403898
4777.58008 0.402418
4778.18018 0.400932
4778.77979 0.399451
4779.37988 0.39797
4779.97998 0.396488
4780.58008 0.392868
4781.18018 0.389184
4781.77979 0.385484
4782.37988 0.381816
4782.97021 0.37813
4783.56982 0.374425
4784.16992 0.370737
4784.77002 0.367048
4785.37012 0.363341
4785.97021 0.359664
4786.56982 0.355971
4787.16992 0.352262
4787.77002 0.348567
4788.37012 0.344869
4788.97021 0.341155
4789.56982 0.337459
4790.16992 0.335741
4790.77002 0.33901
4791.37012 0.342265
4791.97021 0.34552
4792.56982 0.348792
4793.16992 0.352035
4793.77002 0.355295
4794.37988 0.358569
4794.97998 0.36183
4795.58008 0.365094
4796.18018 0.368369
4796.77979 0.371622
4797.37988 0.374886
4797.97998 0.378165
4798.58008 0.381433
4799.18018 0.384705
4799.77979 0.387987
4800.39014 0.393079
4800.97998 0.399161
4801.58984 0.405329
4802.18994 0.41144
4802.79004 0.417562
4803.39990 0.423705
4803.99023 0.429801
4804.60010 0.435928
4805.20020 0.44208
4805.79980 0.44821
4806.39990 0.454312
4807.00977 0.4605
4807.60986 0.46661
4808.20996 0.472751
4808.81006 0.478919
4809.41016 0.485059
4810.02002 0.49102
4810.62012 0.490289
4811.22021 0.48956
4811.81982 0.488835
4812.43018 0.4881
4813.02979 0.487371
4813.64014 0.486642
4814.24023 0.485908
4814.83984 0.485183
4815.43994 0.484452
4816.04980 0.483719
4816.64990 0.482988
4817.25000 0.48226
4817.85986 0.481522
4818.45996 0.480793
4819.06006 0.480061
4819.66992 0.479326
4820.27002 0.47918
4820.87988 0.479745
4821.47998 0.480313
4822.08984 0.480878
4822.68994 0.481442
4823.29980 0.482013
4823.89990 0.48258
4824.50000 0.483146
4825.10986 0.483714
4825.70996 0.484279
4826.31006 0.484847
4826.91992 0.485417
4827.52979 0.485985
4828.12988 0.48655
4828.74023 0.487123
4829.33984 0.487689
4829.93994 0.488257
4830.54980 0.490104
4831.16016 0.49207
4831.75977 0.494037
4832.37012 0.496016
4832.97021 0.497984
4833.56982 0.499946
4834.18994 0.501934
4834.79004 0.503906
4835.39990 0.50588
4836.00000 0.507863
4836.60986 0.509828
4837.20996 0.511804
4837.81982 0.513787
4838.43018 0.515766
4839.02979 0.517737
4839.64014 0.519733
4840.24023 0.521447
4840.85010 0.522787
4841.45996 0.524132
4842.06006 0.525473
4842.66992 0.526814
4843.27979 0.528161
4843.87988 0.529502
4844.49023 0.530839
4845.10010 0.532193
4845.70996 0.533536
4846.31006 0.534879
4846.91992 0.536228
4847.52979 0.537566
4848.12988 0.53891
4848.74023 0.540261
4849.35010 0.541607
4849.95020 0.542947
4850.56982 0.542636
4851.16992 0.542196
4851.77979 0.541754
4852.39014 0.54131
4853.00000 0.540868
4853.60010 0.540426
4854.20996 0.539981
4854.81982 0.539538
4855.43018 0.539097
4856.04004 0.53865
4856.64990 0.538207
4857.25977 0.537764
4857.85986 0.537321
4858.47021 0.536877
4859.08008 0.536433
4859.68994 0.535988
4860.29980 0.536017
4860.89990 0.536536
4861.52002 0.537062
4862.12012 0.537583
4862.72998 0.538105
4863.33984 0.53863
4863.95020 0.539152
4864.56006 0.539675
4865.16992 0.540201
4865.77979 0.540724
4866.39014 0.541245
4867.00000 0.541774
4867.60986 0.542298
4868.22021 0.542823
4868.83008 0.543348
4869.43994 0.543872
4870.04980 0.544419
4870.66016 0.545216
4871.27002 0.546009
4871.87988 0.546799
4872.49023 0.5476
4873.10010 0.548391
4873.70996 0.549186
4874.31982 0.549984
4874.93018 0.55078
4875.54004 0.551574
4876.16016 0.552374
4876.77002 0.553169
4877.37988 0.553961
4877.99023 0.554764
4878.60010 0.555561
4879.20996 0.556358
4879.81982 0.557155
4880.43018 0.555296
4881.04980 0.552354
4881.66016 0.549396
4882.27002 0.546453
4882.87988 0.543521
4883.49023 0.540547
4884.10010 0.537613
4884.72021 0.534661
4885.33008 0.531699
4885.93994 0.528747
4886.54980 0.525796
4887.16992 0.52283
4887.77979 0.519874
4888.39014 0.51693
4889.00000 0.513947
4889.62012 0.51099
4890.22998 0.508404
4890.83984 0.506447
4891.45020 0.50449
4892.06006 0.502532
4892.68018 0.500563
4893.29004 0.498603
4893.89990 0.49665
4894.52002 0.49467
4895.12988 0.492715
4895.74023 0.49075
4896.35986 0.488776
4896.97021 0.486808
4897.58008 0.484842
4898.20020 0.482865
4898.81006 0.480894
4899.41992 0.478932
4900.04004 0.477077
4900.66016 0.47704
4901.27002 0.477003
4901.87988 0.476966
4902.50000 0.476928
4903.10986 0.47689
4903.72998 0.476853
4904.33984 0.476816
4904.95020 0.476779
4905.56982 0.476741
4906.18018 0.476704
4906.79980 0.476666
4907.41016 0.476628
4908.02979 0.47659
4908.64014 0.476553
4909.25977 0.476515
4909.87012 0.476477
4910.47998 0.477248
4911.10010 0.478244
4911.72021 0.479231
4912.33984 0.48022
4912.95020 0.481209
4913.56006 0.482197
4914.18018 0.483186
4914.79980 0.48418
4915.41016 0.485166
4916.02979 0.486156
4916.64990 0.487156
4917.25977 0.488144
4917.87988 0.489136
4918.49023 0.490132
4919.10986 0.491125
4919.72998 0.492118
4920.33984 0.493686
4920.95996 0.49569
4921.56982 0.497706
4922.18994 0.499741
4922.81006 0.501758
4923.43018 0.503775
4924.04004 0.505794
4924.66016 0.507813
4925.27002 0.509833
4925.89990 0.511864
4926.50977 0.513876
4927.12012 0.515899
4927.75000 0.517939
4928.35986 0.519964
4928.97998 0.521981
4929.60010 0.524015
4930.22021 0.52616
4930.83008 0.528528
4931.45020 0.530908
4932.06982 0.533266
4932.68018 0.535639
4933.31006 0.538031
4933.91992 0.540405
4934.54004 0.54278
4935.16016 0.545156
4935.77979 0.547532
4936.39990 0.549909
4937.02002 0.552299
4937.62988 0.554669
4938.25000 0.557051
4938.87012 0.559455
4939.49023 0.561838
4940.10986 0.563984
4940.72998 0.565047
4941.35010 0.566106
4941.97021 0.567166
4942.58984 0.56823
4943.20020 0.569286
4943.81982 0.570347
4944.43994 0.571417
4945.06006 0.57248
4945.68018 0.573544
4946.29980 0.574607
4946.91992 0.57567
4947.54004 0.576734
4948.16016 0.577803
4948.77979 0.578864
4949.39990 0.57993
4950.02002 0.580905
4950.64014 0.579334
4951.25977 0.577769
4951.87988 0.576191
4952.50000 0.574617
4953.12012 0.573043
4953.74023 0.571463
4954.35986 0.569896
4954.97998 0.568321
4955.60986 0.566732
4956.22998 0.565156
4956.85010 0.56358
4957.47021 0.562003
4958.08984 0.560426
4958.70996 0.558848
4959.33008 0.557263
4959.95020 0.555691
4960.56982 0.553483
4961.20020 0.551203
4961.81982 0.548939
4962.43994 0.546684
4963.06006 0.544411
4963.68018 0.542143
4964.31006 0.539876
4964.93018 0.537607
4965.54980 0.535336
4966.16992 0.533065
4966.79980 0.530773
4967.41992 0.5285
4968.04004 0.526224
4968.66016 0.523949
4969.27979 0.521671
4969.91016 0.519392
4970.52979 0.519974
4971.14990 0.521064
4971.77002 0.522154
4972.39990 0.523253
4973.02002 0.524345
4973.64014 0.525428
4974.27002 0.526529
4974.89014 0.527622
4975.50977 0.528714
4976.14014 0.529808
4976.75977 0.530904
4977.37988 0.531999
4978.00977 0.533103
4978.62988 0.534198
4979.25977 0.535294
4979.87988 0.536391
4980.50000 0.538722
4981.12988 0.541348
4981.75000 0.543975
4982.37012 0.546603
4983.00000 0.549232
4983.62988 0.551886
4984.25000 0.554518
4984.87012 0.557126
4985.50000 0.559782
4986.12012 0.562416
4986.75000 0.565053
4987.37012 0.567689
4988.00000 0.570328
4988.62012 0.572966
4989.25000 0.575629
4989.87012 0.578269
4990.50000 0.579667
4991.12012 0.580751
4991.75000 0.581835
4992.37012 0.582921
4993.00000 0.584008
4993.62012 0.585094
4994.25000 0.586181
4994.87988 0.587278
4995.50000 0.588366
4996.12012 0.589446
4996.75977 0.590545
4997.37988 0.591635
4998.00977 0.592725
4998.62988 0.593815
4999.25977 0.594906
4999.87988 0.595999
5000.50977 0.596832
5001.14014 0.597596
5001.77002 0.598359
5002.39014 0.599124
5003.02002 0.599889
5003.64990 0.600653
5004.27002 0.601418
5004.89990 0.602184
5005.52002 0.60295
5006.16016 0.603722
5006.77979 0.604489
5007.39990 0.605249
5008.04004 0.606024
5008.66016 0.606791
5009.29004 0.607559
5009.91992 0.608327
5010.54004 0.607645
5011.16992 0.606741
5011.79980 0.605829
5012.43018 0.604924
5013.06006 0.604019
5013.68994 0.603114
5014.31006 0.602209
5014.93994 0.601302
5015.56982 0.600397
5016.20020 0.599489
5016.81982 0.598581
5017.45996 0.597664
5018.08984 0.596754
5018.70996 0.595854
5019.33984 0.594936
5019.97021 0.594025
5020.60010 0.591928
5021.22998 0.589774
5021.85986 0.587617
5022.47998 0.585461
5023.12012 0.583285
5023.75000 0.581127
5024.37988 0.578967
5025.00977 0.576806
5025.64014 0.574642
5026.25977 0.572479
5026.89014 0.570316
5027.52002 0.56815
5028.14990 0.565984
5028.79004 0.563797
5029.41992 0.561627
5030.04004 0.559458
5030.68018 0.556968
5031.31006 0.554497
5031.93994 0.552025
5032.56006 0.549552
5033.18994 0.547079
5033.81982 0.544603
5034.45996 0.542104
5035.08984 0.539626
5035.72021 0.537147
5036.35010 0.534666
5036.97998 0.532183
5037.60986 0.529699
5038.24023 0.527216
5038.87012 0.524728
5039.50000 0.52224
5040.14014 0.520106
5040.77002 0.519303
5041.39990 0.518507
5042.02979 0.517695
5042.66016 0.51689
5043.29980 0.516085
5043.93018 0.51528
5044.56006 0.514473
5045.18994 0.513667
5045.83008 0.512852
5046.45996 0.512045
5047.08984 0.511237
5047.72021 0.510429
5048.35010 0.509619
5048.99023 0.508809
5049.62012 0.507999
5050.25000 0.507581
5050.87988 0.507764
5051.52002 0.507947
5052.14990 0.508129
5052.77979 0.508309
5053.41992 0.508493
5054.04980 0.508675
5054.68018 0.508857
5055.31006 0.509039
5055.95020 0.509221
5056.58008 0.509403
5057.22021 0.509588
5057.85010 0.50977
5058.47998 0.509951
5059.12012 0.510135
5059.75000 0.510318
5060.39014 0.512912
5061.02002 0.517059
5061.64990 0.521211
5062.29004 0.525362
5062.93018 0.529553
5063.56006 0.533711
5064.18994 0.537853
5064.83008 0.542033
5065.45996 0.546195
5066.10010 0.550362
5066.72998 0.554527
5067.35986 0.558698
5068.00000 0.562869
5068.62988 0.567046
5069.27002 0.571256
5069.89990 0.575417
5070.54004 0.576482
5071.18018 0.576983
5071.81006 0.577485
5072.43994 0.577987
5073.08008 0.578489
5073.72021 0.578992
5074.35010 0.579494
5074.99023 0.580002
5075.62012 0.580502
5076.25977 0.581008
5076.89990 0.581511
5077.52979 0.582016
5078.16992 0.582521
5078.79980 0.583024
5079.43994 0.583528
5080.06982 0.584181
5080.72021 0.585956
5081.35010 0.587709
5081.99023 0.589478
5082.62012 0.59124
5083.25977 0.593003
5083.89990 0.594766
5084.52979 0.596531
5085.16992 0.598297
5085.81006 0.600062
5086.45020 0.601837
