threeML/data/optical_filters/HST/ACS_SBC-F125LP.ecsv
# %ECSV 0.9
# ---
# datatype:
# - {name: wavelength, unit: Angstrom, datatype: float32}
# - {name: response, datatype: float32}
# meta: !!omap
# - {band_name: F125LP}
# - {group_name: ACS_SBC}
wavelength response
1094.40002 0.0
1216.00000 0.00753846
1216.22998 0.00783446
1216.45996 0.00813203
1216.68994 0.0084296
1216.92004 0.008727
1217.15002 0.00902604
1217.38000 0.00932549
1217.60999 0.00962487
1217.82996 0.00992467
1218.06006 0.0105523
1218.29004 0.0120144
1218.52002 0.0134832
1218.75000 0.0149556
1218.97998 0.0164356
1219.20996 0.0179151
1219.43994 0.0193927
1219.67004 0.0208726
1219.90002 0.0223547
1220.13000 0.0239285
1220.35999 0.0255733
1220.58997 0.0272261
1220.81995 0.0288782
1221.05005 0.0305326
1221.28003 0.0321908
1221.51001 0.0338476
1221.73999 0.0355083
1221.96997 0.0371721
1222.19995 0.0387127
1222.43005 0.0402347
1222.66003 0.0417594
1222.89001 0.0432869
1223.12000 0.0448172
1223.34998 0.046356
1223.58997 0.0478926
1223.81995 0.049437
1224.05005 0.051402
1224.28003 0.0550369
1224.51001 0.05869
1224.73999 0.0623595
1224.96997 0.066028
1225.19995 0.069683
1225.43005 0.073363
1225.66003 0.0770166
1225.89001 0.0806862
1226.12000 0.086209
1226.35999 0.093377
1226.58997 0.100533
1226.81995 0.107701
1227.05005 0.114897
1227.28003 0.122092
1227.51001 0.129296
1227.73999 0.136512
1227.96997 0.143756
1228.19995 0.157059
1228.43994 0.17115
1228.67004 0.185267
1228.90002 0.199409
1229.13000 0.213555
1229.35999 0.227707
1229.59998 0.241964
1229.82996 0.256145
1230.06006 0.269441
1230.29004 0.280167
1230.52002 0.290875
1230.75000 0.301599
1230.97998 0.312328
1231.21997 0.323076
1231.44995 0.333797
1231.68005 0.344532
1231.91003 0.355309
1232.15002 0.36384
1232.38000 0.371063
1232.60999 0.378294
1232.83997 0.385554
1233.07996 0.392802
1233.31006 0.400038
1233.54004 0.407324
1233.77002 0.414619
1234.00000 0.421899
1234.23999 0.429146
1234.46997 0.436418
1234.69995 0.443657
1234.93005 0.450924
1235.17004 0.45825
1235.40002 0.46558
1235.63000 0.472918
1235.87000 0.480285
1236.09998 0.487616
1236.32996 0.494928
1236.56006 0.502244
1236.80005 0.509594
1237.03003 0.516933
1237.26001 0.524324
1237.50000 0.531726
1237.72998 0.539155
1237.95996 0.546575
1238.19995 0.554002
1238.43005 0.561456
1238.66003 0.568901
1238.90002 0.576354
1239.13000 0.583779
1239.35999 0.591189
1239.59998 0.5986
1239.82996 0.606024
1240.06995 0.612599
1240.30005 0.616832
1240.53003 0.621067
1240.77002 0.625294
1241.00000 0.629551
1241.22998 0.633731
1241.46997 0.637917
1241.69995 0.642106
1241.93994 0.646308
1242.17004 0.65055
1242.40002 0.654813
1242.64001 0.659093
1242.87000 0.663364
1243.10999 0.667641
1243.33997 0.671932
1243.57996 0.676214
1243.81006 0.680488
1244.04004 0.684766
1244.28003 0.689011
1244.51001 0.693238
1244.75000 0.697464
1244.97998 0.701696
1245.21997 0.705996
1245.44995 0.710306
1245.68005 0.714622
1245.92004 0.718952
1246.15002 0.723274
1246.39001 0.727601
1246.62000 0.731928
1246.85999 0.736274
1247.08997 0.740581
1247.32996 0.744844
1247.56995 0.749121
1247.80005 0.75339
1248.04004 0.75735
1248.27002 0.759515
1248.51001 0.761684
1248.73999 0.76386
1248.97998 0.766031
1249.20996 0.768139
1249.44995 0.770233
1249.68005 0.772328
1249.92004 0.77442
1250.15002 0.776467
1250.39001 0.778481
1250.62000 0.780496
1250.85999 0.782524
1251.09998 0.784539
1251.32996 0.786551
1251.56995 0.788568
1251.80005 0.790594
1252.04004 0.792599
1252.28003 0.794536
1252.51001 0.79648
1252.75000 0.798417
1252.97998 0.800356
1253.21997 0.802374
1253.45996 0.804404
1253.68994 0.806427
1253.93005 0.808453
1254.16003 0.810426
1254.40002 0.812362
1254.64001 0.814304
1254.87000 0.816247
1255.10999 0.818241
1255.34998 0.820272
1255.57996 0.822301
1255.81995 0.824333
1256.06006 0.826366
1256.29004 0.828399
1256.53003 0.830433
1256.77002 0.832474
1257.00000 0.834509
1257.23999 0.836457
1257.47998 0.838412
1257.70996 0.840361
1257.94995 0.84231
1258.18994 0.84433
1258.43005 0.846377
1258.66003 0.848416
1258.90002 0.850459
1259.14001 0.85245
1259.37000 0.854407
1259.60999 0.856361
1259.84998 0.858314
1260.08997 0.859944
1260.31995 0.860996
1260.56006 0.862046
1260.80005 0.863099
1261.04004 0.864155
1261.27002 0.865208
1261.51001 0.866265
1261.75000 0.867321
1261.98999 0.868372
1262.21997 0.869339
1262.45996 0.870303
1262.69995 0.871265
1262.93994 0.872226
1263.18005 0.873257
1263.41003 0.874314
1263.65002 0.875369
1263.89001 0.876425
1264.13000 0.877429
1264.37000 0.878393
1264.60999 0.879355
1264.83997 0.880316
1265.07996 0.881314
1265.31995 0.882366
1265.56006 0.883423
1265.80005 0.884482
1266.04004 0.885542
1266.28003 0.886599
1266.51001 0.887657
1266.75000 0.888714
1266.98999 0.889771
1267.22998 0.890737
1267.46997 0.891699
1267.70996 0.892663
1267.94995 0.893628
1268.18005 0.894662
1268.42004 0.895723
1268.66003 0.896782
1268.90002 0.897841
1269.14001 0.898842
1269.38000 0.899807
1269.62000 0.900769
1269.85999 0.901728
1270.09998 0.902711
1270.33997 0.903711
1270.57996 0.904712
1270.81995 0.905712
1271.06006 0.906715
1271.30005 0.907714
1271.54004 0.908715
1271.78003 0.909718
1272.01001 0.910713
1272.25000 0.911617
1272.48999 0.912519
1272.72998 0.913421
1272.96997 0.914321
1273.20996 0.915311
1273.44995 0.916314
1273.68994 0.917315
1273.93005 0.918317
1274.17004 0.919245
1274.41003 0.920148
1274.65002 0.921048
1274.89001 0.921949
1275.13000 0.922851
1275.38000 0.92375
1275.62000 0.92465
1275.85999 0.925549
1276.09998 0.926447
1276.33997 0.927347
1276.57996 0.928248
1276.81995 0.929146
1277.06006 0.930046
1277.30005 0.930945
1277.54004 0.93184
1277.78003 0.932739
1278.02002 0.933637
1278.26001 0.934534
1278.50000 0.93543
1278.73999 0.936332
1278.97998 0.937225
1279.21997 0.938122
1279.46997 0.939021
1279.70996 0.939916
1279.94995 0.940812
1280.18994 0.941258
1280.43005 0.941582
1280.67004 0.941905
1280.91003 0.942229
1281.16003 0.94262
1281.40002 0.943047
1281.64001 0.943473
1281.88000 0.9439
1282.12000 0.944326
1282.35999 0.944752
1282.59998 0.945178
1282.84998 0.945605
1283.08997 0.946031
1283.32996 0.946456
1283.56995 0.94688
1283.81006 0.947305
1284.06006 0.947729
1284.30005 0.948154
1284.54004 0.948579
1284.78003 0.949002
1285.02002 0.949415
1285.27002 0.949732
1285.51001 0.950049
1285.75000 0.950365
1285.98999 0.95068
1286.22998 0.9511
1286.47998 0.951521
1286.71997 0.951942
1286.95996 0.952362
1287.19995 0.952784
1287.44995 0.953206
1287.68994 0.953626
1287.93005 0.954047
1288.18005 0.954467
1288.42004 0.954885
1288.66003 0.955304
1288.90002 0.955725
1289.15002 0.956143
1289.39001 0.956561
1289.63000 0.956981
1289.88000 0.957398
1290.12000 0.957753
1290.35999 0.958041
1290.60999 0.95833
1290.84998 0.958617
1291.08997 0.958944
1291.32996 0.959339
1291.57996 0.959735
1291.81995 0.960129
1292.06995 0.960524
1292.31006 0.960919
1292.55005 0.961313
1292.80005 0.961706
1293.04004 0.9621
1293.28003 0.962491
1293.53003 0.962884
1293.77002 0.963277
1294.01001 0.96367
1294.26001 0.964062
1294.50000 0.964454
1294.75000 0.964845
1294.98999 0.965236
1295.22998 0.965626
1295.47998 0.966016
1295.71997 0.966407
1295.96997 0.966797
1296.20996 0.96709
1296.44995 0.967368
1296.69995 0.967647
1296.93994 0.967924
1297.18994 0.968286
1297.43005 0.968675
1297.68005 0.969062
1297.92004 0.969448
1298.16003 0.969834
1298.41003 0.970222
1298.65002 0.970609
1298.90002 0.970995
1299.14001 0.971381
1299.39001 0.971765
1299.63000 0.972151
1299.88000 0.972535
1300.12000 0.972894
1300.37000 0.973226
1300.62000 0.973559
1300.85999 0.973889
1301.09998 0.974219
1301.34998 0.974548
1301.59998 0.974878
1301.83997 0.975207
1302.08997 0.975536
1302.32996 0.975864
1302.57996 0.976192
1302.81995 0.976517
1303.06995 0.976875
1303.31006 0.977315
1303.56006 0.977756
1303.80005 0.978194
1304.05005 0.97861
1304.30005 0.978934
1304.54004 0.979257
1304.79004 0.97958
1305.03003 0.979902
1305.28003 0.980225
1305.53003 0.980547
1305.77002 0.980866
1306.02002 0.981187
1306.26001 0.981506
1306.51001 0.981825
1306.76001 0.982143
1307.00000 0.982462
1307.25000 0.982779
1307.48999 0.983096
1307.73999 0.983413
1307.98999 0.983729
1308.22998 0.984155
1308.47998 0.984586
1308.72998 0.985018
1308.96997 0.985447
1309.21997 0.985773
1309.46997 0.986087
1309.70996 0.9864
1309.95996 0.986712
1310.20996 0.987028
1310.44995 0.987343
1310.69995 0.987659
1310.94995 0.987974
1311.18994 0.988288
1311.43994 0.988602
1311.68994 0.988916
1311.93994 0.989229
1312.18005 0.989542
1312.43005 0.989853
1312.68005 0.990164
1312.93005 0.990476
1313.17004 0.99087
1313.42004 0.991298
1313.67004 0.991725
1313.92004 0.992154
1314.16003 0.992503
1314.41003 0.99281
1314.66003 0.993118
1314.91003 0.993425
1315.15002 0.993731
1315.40002 0.994036
1315.65002 0.994341
1315.90002 0.994646
1316.15002 0.994949
1316.39001 0.995254
1316.64001 0.995557
1316.89001 0.995858
1317.14001 0.996159
1317.39001 0.996461
1317.63000 0.996762
1317.88000 0.997062
1318.13000 0.997426
1318.38000 0.997846
1318.63000 0.998265
1318.88000 0.998685
1319.13000 0.999043
1319.37000 0.99934
1319.62000 0.999636
1319.87000 0.999932
1320.12000 1.0
1320.37000 0.999826
1320.62000 0.999651
1320.87000 0.999474
1321.12000 0.999298
1321.37000 0.999122
1321.60999 0.998946
1321.85999 0.998769
1322.10999 0.998591
1322.35999 0.998414
1322.60999 0.998236
1322.85999 0.998058
1323.10999 0.997933
1323.35999 0.997877
1323.60999 0.99782
1323.85999 0.997765
1324.10999 0.997656
1324.35999 0.997475
1324.60999 0.997295
1324.85999 0.997115
1325.09998 0.996884
1325.35999 0.996577
1325.59998 0.996272
1325.84998 0.995967
1326.09998 0.995712
1326.34998 0.99553
1326.59998 0.995347
1326.84998 0.995164
1327.09998 0.99498
1327.34998 0.994796
1327.59998 0.994612
1327.85999 0.994427
1328.09998 0.994242
1328.34998 0.994057
1328.59998 0.993872
1328.85999 0.993685
1329.10999 0.993448
1329.35999 0.993137
1329.60999 0.992825
1329.85999 0.992513
1330.10999 0.992256
1330.35999 0.992071
1330.60999 0.991884
1330.85999 0.991699
1331.10999 0.991513
1331.35999 0.991326
1331.60999 0.99114
1331.85999 0.990953
1332.10999 0.990764
1332.37000 0.990576
1332.62000 0.990388
1332.87000 0.9902
1333.12000 0.990011
1333.37000 0.989822
1333.62000 0.989633
1333.87000 0.989443
1334.12000 0.98919
1334.38000 0.988873
1334.63000 0.988558
1334.88000 0.988241
1335.13000 0.987989
1335.38000 0.987796
1335.63000 0.987604
1335.88000 0.987411
1336.14001 0.987219
1336.39001 0.987026
1336.64001 0.986831
1336.89001 0.986637
1337.14001 0.986443
1337.40002 0.986249
1337.65002 0.986054
1337.90002 0.985859
1338.15002 0.985587
1338.40002 0.985265
1338.66003 0.984941
1338.91003 0.984618
1339.16003 0.984374
1339.41003 0.984178
1339.67004 0.98398
1339.92004 0.983781
1340.17004 0.983816
1340.42004 0.983963
1340.68005 0.984108
1340.93005 0.984253
1341.18005 0.984398
1341.43005 0.984542
1341.68994 0.984685
1341.93994 0.984828
1342.18994 0.984873
1342.44995 0.984887
1342.69995 0.9849
1342.94995 0.984913
1343.19995 0.985027
1343.45996 0.985166
1343.70996 0.985306
1343.95996 0.985444
1344.21997 0.985582
1344.46997 0.985718
1344.71997 0.985855
1344.97998 0.985992
1345.22998 0.986127
1345.47998 0.986262
1345.73999 0.986397
1345.98999 0.986531
1346.23999 0.986539
1346.50000 0.986542
1346.75000 0.986544
1347.01001 0.986549
1347.26001 0.98668
1347.52002 0.986811
1347.77002 0.986941
1348.02002 0.98707
1348.28003 0.987198
1348.53003 0.987327
1348.79004 0.987454
1349.04004 0.987581
1349.29004 0.987708
1349.55005 0.987834
1349.80005 0.987959
1350.06006 0.988055
1350.31006 0.988048
1350.56995 0.98804
1350.81995 0.988031
1351.06995 0.98806
1351.32996 0.988181
1351.57996 0.988303
1351.83997 0.988423
1352.08997 0.988495
1352.34998 0.988481
1352.59998 0.988468
1352.85999 0.988454
1353.10999 0.988496
1353.37000 0.988613
1353.62000 0.98873
1353.88000 0.988846
1354.13000 0.988892
1354.39001 0.988873
1354.64001 0.988854
1354.90002 0.988833
1355.15002 0.988892
1355.41003 0.989005
1355.66003 0.989116
1355.92004 0.989226
1356.17004 0.989245
1356.43005 0.989221
1356.68994 0.989195
1356.93994 0.989169
1357.19995 0.989142
1357.44995 0.989115
1357.70996 0.989086
1357.95996 0.989058
1358.21997 0.989144
1358.47998 0.989249
1358.72998 0.989353
1358.98999 0.989456
1359.25000 0.989429
1359.50000 0.989395
1359.76001 0.989362
1360.01001 0.989312
1360.27002 0.989031
1360.53003 0.988748
1360.78003 0.988465
1361.04004 0.988161
1361.30005 0.987741
1361.55005 0.987322
1361.81006 0.986899
1362.06995 0.986512
1362.31995 0.986228
1362.57996 0.985943
1362.83997 0.985656
1363.08997 0.985321
1363.34998 0.984898
1363.60999 0.984474
1363.85999 0.98405
1364.12000 0.98369
1364.38000 0.983402
1364.63000 0.983113
1364.89001 0.982825
1365.15002 0.982456
1365.41003 0.982029
1365.66003 0.981602
1365.92004 0.981176
1366.18005 0.980843
1366.43005 0.980552
1366.68994 0.98026
1366.94995 0.979969
1367.20996 0.979565
1367.46997 0.979136
1367.71997 0.978706
1367.97998 0.978276
1368.23999 0.977971
1368.50000 0.977678
1368.76001 0.977383
1369.01001 0.977083
1369.27002 0.97665
1369.53003 0.976217
1369.79004 0.975784
1370.05005 0.975373
1370.30005 0.975076
1370.56006 0.974779
1370.81995 0.97448
1371.07996 0.974142
1371.33997 0.973704
1371.59998 0.973267
1371.84998 0.972828
1372.10999 0.97245
1372.37000 0.972151
1372.63000 0.971851
1372.89001 0.971551
1373.15002 0.971172
1373.41003 0.970731
1373.66003 0.970289
1373.92004 0.969848
1374.18005 0.969506
1374.43994 0.969203
1374.69995 0.968899
1374.95996 0.968596
1375.21997 0.968175
1375.47998 0.96773
1375.73999 0.967287
1376.00000 0.966843
1376.26001 0.966396
1376.52002 0.965952
1376.77002 0.965506
1377.03003 0.965078
1377.29004 0.96477
1377.55005 0.964465
1377.81006 0.964157
1378.06995 0.96381
1378.32996 0.963361
1378.58997 0.962912
1378.84998 0.962464
1379.10999 0.962014
1379.37000 0.961564
1379.63000 0.961114
1379.89001 0.960663
1380.15002 0.960116
1380.41003 0.959499
1380.67004 0.958883
1380.93005 0.958265
1381.18994 0.957544
1381.44995 0.956787
1381.70996 0.956029
1381.96997 0.95527
1382.22998 0.954513
1382.48999 0.953755
1382.75000 0.952996
1383.01001 0.952244
1383.28003 0.951626
1383.54004 0.951008
1383.80005 0.950389
1384.06006 0.94974
1384.31995 0.948983
1384.57996 0.948225
1384.83997 0.947463
1385.09998 0.946758
1385.35999 0.94614
1385.62000 0.945517
1385.88000 0.944901
1386.14001 0.944203
1386.41003 0.943441
1386.67004 0.942681
1386.93005 0.941921
1387.18994 0.941161
1387.44995 0.940398
1387.70996 0.939637
1387.96997 0.938876
1388.23999 0.938243
1388.50000 0.937621
1388.76001 0.937
1389.02002 0.936369
1389.28003 0.935605
1389.54004 0.934846
1389.81006 0.934085
1390.06995 0.933475
1390.32996 0.933304
1390.58997 0.933133
1390.84998 0.932961
1391.12000 0.932851
1391.38000 0.93282
1391.64001 0.932788
1391.90002 0.932755
1392.16003 0.932632
1392.43005 0.932456
1392.68994 0.93228
1392.94995 0.932101
1393.20996 0.931923
1393.47998 0.931744
1393.73999 0.931564
1394.00000 0.931384
1394.27002 0.931346
1394.53003 0.931307
1394.79004 0.931267
1395.05005 0.931197
1395.31995 0.931013
1395.57996 0.930827
1395.83997 0.930641
1396.10999 0.930455
1396.37000 0.930268
1396.63000 0.930079
1396.89001 0.929891
1397.16003 0.929788
1397.42004 0.929741
1397.68005 0.929694
1397.94995 0.929647
1398.20996 0.929483
1398.46997 0.92929
1398.73999 0.929095
1399.00000 0.9289
1399.27002 0.928705
1399.53003 0.928508
1399.79004 0.928311
1400.06006 0.928086
1400.31995 0.927769
1400.58997 0.927451
1400.84998 0.927133
1401.10999 0.926751
1401.38000 0.926289
1401.64001 0.925824
1401.91003 0.925357
1402.17004 0.924984
1402.43005 0.924663
1402.69995 0.924342
1402.95996 0.924023
1403.22998 0.923521
1403.48999 0.92299
1403.76001 0.922459
1404.02002 0.921927
1404.29004 0.921395
1404.55005 0.920862
1404.81006 0.92033
1405.07996 0.919839
1405.33997 0.919452
1405.60999 0.919064
1405.87000 0.918676
1406.14001 0.918211
1406.40002 0.917677
1406.67004 0.917139
1406.93005 0.916602
1407.19995 0.916065
1407.45996 0.915528
1407.72998 0.914991
1407.98999 0.914453
1408.26001 0.914058
1408.52002 0.913666
1408.79004 0.913273
1409.06006 0.912851
1409.31995 0.912309
1409.58997 0.91177
1409.84998 0.911228
1410.12000 0.910684
1410.38000 0.910137
1410.65002 0.909588
1410.92004 0.909041
1411.18005 0.908594
1411.44995 0.908192
1411.70996 0.907791
1411.97998 0.90739
1412.23999 0.906852
1412.51001 0.9063
1412.78003 0.905749
1413.04004 0.905198
1413.31006 0.904647
1413.57996 0.904096
1413.83997 0.903543
