threeML/data/optical_filters/HST/ACS_WFC-F814W_81.ecsv
# %ECSV 0.9
# ---
# datatype:
# - {name: wavelength, unit: Angstrom, datatype: float32}
# - {name: response, datatype: float32}
# meta: !!omap
# - {band_name: F814W_81}
# - {group_name: ACS_WFC}
wavelength response
[from data line 1590]
7920.58008 0.924078
7921.35010 0.922732
7922.12012 0.921394
7922.89014 0.920055
7923.66992 0.91871
7924.43994 0.917365
7925.22021 0.91602
7925.99023 0.914674
7926.75977 0.913344
7927.52979 0.912
7928.29980 0.910664
7929.08008 0.909318
7929.85010 0.907976
7930.62012 0.907604
7931.39990 0.907462
7932.16992 0.907319
7932.93994 0.907178
7933.70996 0.907034
7934.49023 0.906891
7935.27002 0.906749
7936.04004 0.906606
7936.81006 0.906463
7937.58008 0.906321
7938.35986 0.906178
7939.12988 0.906036
7939.89990 0.905891
7940.68018 0.906526
7941.45020 0.907273
7942.22998 0.908019
7943.00000 0.908753
7943.77002 0.9095
7944.54980 0.910245
7945.31982 0.910988
7946.10010 0.911731
7946.87012 0.912467
7947.64990 0.913208
7948.41992 0.913949
7949.18994 0.914684
7949.97021 0.915425
7950.75000 0.912813
7951.52002 0.910087
7952.29980 0.90735
7953.06982 0.904645
7953.83984 0.90191
7954.62012 0.899174
7955.39990 0.896441
7956.18018 0.893709
7956.95020 0.890978
7957.72021 0.888281
7958.50000 0.885551
7959.27002 0.882838
7960.04980 0.880388
7960.83008 0.881837
7961.60010 0.883277
7962.37988 0.884725
7963.16016 0.886172
7963.93018 0.887601
7964.70996 0.889048
7965.47998 0.890494
7966.25977 0.891939
7967.04004 0.893383
7967.81006 0.894811
7968.58984 0.896252
7969.37012 0.897693
7970.14014 0.898743
7970.91992 0.898105
7971.70020 0.897469
7972.47998 0.896828
7973.25977 0.896189
7974.02002 0.895559
7974.81006 0.894919
7975.58008 0.894279
7976.35986 0.89364
7977.14014 0.893003
7977.91016 0.892371
7978.68994 0.891731
7979.47021 0.891092
7980.25000 0.891087
7981.02979 0.892427
7981.81006 0.893767
7982.58008 0.8951
7983.35986 0.896441
7984.14014 0.897768
7984.91992 0.89911
7985.70020 0.900451
7986.47998 0.901792
7987.25977 0.903133
7988.04004 0.904477
7988.81006 0.905805
7989.58984 0.907145
7990.37012 0.907142
7991.14990 0.905631
7991.93018 0.90412
7992.70020 0.902616
7993.47998 0.901103
7994.25977 0.899608
7995.04004 0.898095
7995.81982 0.896586
7996.60010 0.895072
7997.37988 0.893558
7998.16016 0.892047
7998.93994 0.890552
7999.72021 0.889039
8000.50000 0.888582
8001.27979 0.888718
8002.06006 0.888853
8002.83984 0.888989
8003.62012 0.889122
8004.39990 0.889256
8005.18018 0.88939
8005.95996 0.889525
8006.74023 0.889659
8007.52002 0.889791
8008.31006 0.889923
8009.08008 0.890055
8009.85986 0.890188
8010.64990 0.889761
8011.41992 0.889215
8012.20996 0.888667
8012.97998 0.888122
8013.77002 0.887574
8014.54980 0.887026
8015.31982 0.886485
8016.10986 0.885938
8016.89014 0.885391
8017.68018 0.884843
8018.45996 0.884295
8019.22998 0.883754
8020.02002 0.883192
8020.79980 0.882078
8021.58008 0.880969
8022.35986 0.879854
8023.14990 0.878737
8023.93018 0.877629
8024.70996 0.876513
8025.49023 0.87541
8026.27002 0.874294
8027.06006 0.87318
8027.83984 0.872065
8028.62012 0.87095
8029.41016 0.869835
8030.18994 0.869394
8030.97021 0.871082
8031.75000 0.872758
8032.52979 0.874446
8033.31982 0.876132
8034.10010 0.877809
8034.89014 0.879493
8035.66992 0.881177
8036.45020 0.882842
8037.22998 0.884526
8038.02002 0.886206
8038.79980 0.887888
8039.58984 0.889568
8040.37012 0.88985
8041.14990 0.888572
8041.93994 0.887296
8042.72021 0.886027
8043.50977 0.884751
8044.29004 0.883481
8045.06982 0.882205
8045.85986 0.880931
8046.64014 0.87967
8047.41992 0.878394
8048.20996 0.877119
8049.00000 0.875843
8049.77979 0.874569
8050.56006 0.874775
8051.35010 0.875559
8052.12988 0.876342
8052.91992 0.877123
8053.70020 0.877906
8054.49023 0.87869
8055.27002 0.87947
8056.06006 0.880254
8056.83984 0.881027
8057.62012 0.88181
8058.41016 0.882595
8059.20020 0.883378
8059.99023 0.884161
8060.77979 0.882949
8061.56006 0.881722
8062.33984 0.880481
8063.12988 0.879247
8063.91016 0.878011
8064.70020 0.87677
8065.47998 0.875539
8066.27002 0.874301
8067.04980 0.873079
8067.83984 0.871843
8068.62988 0.870607
8069.41992 0.869373
8070.20996 0.868479
8071.00000 0.868538
8071.77002 0.868599
8072.56006 0.868659
8073.35010 0.868719
8074.14014 0.86878
8074.93018 0.86884
8075.70996 0.868898
8076.50000 0.868958
8077.29004 0.869017
8078.06982 0.869075
8078.85986 0.869137
8079.64990 0.869196
8080.43994 0.869587
8081.22998 0.870245
8082.00977 0.870894
8082.79980 0.871552
8083.58984 0.87221
8084.37988 0.872863
8085.16016 0.87352
8085.95020 0.874171
8086.74023 0.874828
8087.52979 0.875484
8088.31982 0.876135
8089.10986 0.876792
8089.89014 0.877444
8090.68018 0.876203
8091.47021 0.874666
8092.25977 0.873148
8093.04980 0.871613
8093.83984 0.87008
8094.62012 0.868557
8095.41016 0.867024
8096.20996 0.865491
8096.99023 0.86397
8097.77979 0.86244
8098.56982 0.860918
8099.35986 0.859399
8100.14990 0.858387
8100.93994 0.859593
8101.72998 0.860796
8102.52002 0.861994
8103.31006 0.863193
8104.10010 0.864398
8104.89014 0.865595
8105.68018 0.8668
8106.47021 0.868004
8107.25977 0.8692
8108.04980 0.870405
8108.83984 0.87161
8109.62988 0.872807
8110.41992 0.873433
8111.20996 0.873557
8112.00000 0.873678
8112.79980 0.8738
8113.58008 0.873922
8114.37012 0.874044
8115.16992 0.874166
8115.95996 0.874289
8116.75000 0.874409
8117.54004 0.87453
8118.33008 0.874652
8119.12012 0.874773
8119.91016 0.874894
8120.70020 0.875657
8121.50000 0.876506
8122.29004 0.877355
8123.08008 0.878202
8123.87012 0.87904
8124.66016 0.879885
8125.45996 0.880732
8126.25000 0.881573
8127.04004 0.882416
8127.83008 0.883263
8128.62012 0.884102
8129.41992 0.884944
8130.20996 0.885022
8131.00000 0.882967
8131.79004 0.880925
8132.58984 0.878869
8133.37988 0.876816
8134.18018 0.874761
8134.95996 0.872732
8135.75977 0.870678
8136.54980 0.868639
8137.33984 0.866588
8138.14014 0.864536
8138.93018 0.862499
8139.72998 0.86045
8140.52002 0.858934
8141.31006 0.857706
8142.10010 0.856479
8142.89990 0.855244
8143.68994 0.854011
8144.47998 0.852785
8145.27979 0.851558
8146.06982 0.850328
8146.85986 0.849103
8147.66016 0.847872
8148.45996 0.846642
8149.25000 0.845418
8150.04980 0.844346
8150.83984 0.845973
8151.62988 0.847588
8152.43018 0.849204
8153.22021 0.85083
8154.02002 0.852453
8154.81006 0.854078
8155.60010 0.855684
8156.39990 0.857307
8157.20020 0.85893
8157.99023 0.860543
8158.79004 0.862166
8159.58008 0.863781
8160.37988 0.864155
8161.18018 0.863143
8161.97021 0.862138
8162.77002 0.861129
8163.56006 0.860124
8164.35986 0.859116
8165.14990 0.858108
8165.93994 0.85711
8166.74023 0.856104
8167.54004 0.855097
8168.33008 0.854096
8169.12988 0.853092
8169.93018 0.852085
8170.72021 0.851126
8171.52002 0.850164
8172.31982 0.849208
8173.10986 0.848247
8173.91016 0.847292
8174.70996 0.846329
8175.50977 0.845368
8176.31006 0.844406
8177.10010 0.843454
8177.89990 0.842493
8178.68994 0.841535
8179.49023 0.840572
8180.29004 0.840192
8181.08008 0.840842
8181.87988 0.841492
8182.68018 0.842146
8183.47998 0.842794
8184.27979 0.843446
8185.06982 0.844095
8185.87012 0.844746
8186.66992 0.845395
8187.45996 0.846043
8188.25977 0.846694
8189.06006 0.847345
8189.85986 0.847992
8190.66016 0.847348
8191.45996 0.846431
8192.25977 0.84551
8193.05957 0.84459
8193.84961 0.843676
8194.65039 0.84276
8195.45020 0.84184
8196.25000 0.84092
8197.04980 0.840001
8197.83984 0.839094
8198.65039 0.838176
8199.45020 0.837257
8200.24023 0.836973
8201.04004 0.838129
8201.84961 0.839286
8202.63965 0.840435
8203.44043 0.84159
8204.24023 0.842737
8205.04004 0.843893
8205.83984 0.845038
8206.63965 0.846193
8207.44043 0.847345
8208.24023 0.84849
8209.04004 0.849636
8209.83984 0.850786
8210.63965 0.850162
8211.44043 0.849095
8212.24023 0.848026
8213.04004 0.846962
8213.83984 0.845895
8214.63965 0.844833
8215.44043 0.843764
8216.24023 0.842701
8217.04980 0.841634
8217.84961 0.840566
8218.65039 0.839496
8219.45020 0.83844
8220.25000 0.837424
8221.04980 0.836524
8221.84961 0.835622
8222.66016 0.834719
8223.45020 0.833821
8224.25977 0.832919
8225.05957 0.83202
8225.86035 0.831124
8226.66992 0.830225
8227.46973 0.829331
8228.26953 0.828433
8229.07031 0.827537
8229.87012 0.826645
8230.66992 0.826803
8231.48047 0.827169
8232.28027 0.827533
8233.08008 0.8279
8233.87988 0.828261
8234.69043 0.828626
8235.49023 0.828992
8236.29004 0.829355
8237.08984 0.829715
8237.90039 0.830082
8238.70020 0.830446
8239.50977 0.83081
8240.29980 0.830994
8241.11035 0.830891
8241.91016 0.830786
8242.70996 0.830683
8243.51953 0.830579
8244.33008 0.830474
8245.12988 0.830369
8245.92969 0.830266
8246.73047 0.83016
8247.54004 0.830056
8248.33984 0.829952
8249.15039 0.829847
8249.95020 0.829742
8250.75000 0.829852
8251.55957 0.829973
8252.36035 0.830097
8253.16016 0.83022
8253.96973 0.830342
8254.78027 0.830465
8255.58008 0.830587
8256.38965 0.83071
8257.19043 0.830832
8258.00000 0.830953
8258.79980 0.831073
8259.59961 0.831193
8260.41016 0.830778
8261.21973 0.82985
8262.01953 0.828931
8262.83008 0.828003
8263.62988 0.827076
8264.44043 0.826154
8265.24023 0.825226
8266.04980 0.824303
8266.84961 0.823376
8267.66016 0.822449
8268.46973 0.821528
8269.26953 0.820603
8270.08008 0.819853
8270.88965 0.82072
8271.69043 0.821589
8272.49023 0.822448
8273.29980 0.823315
8274.11035 0.82418
8274.91016 0.825045
8275.71973 0.825911
8276.53027 0.826775
8277.33008 0.827635
8278.15039 0.828502
8278.95020 0.829358
8279.75000 0.830219
8280.55957 0.83011
8281.37012 0.829573
8282.17969 0.829034
8282.99023 0.828501
8283.79004 0.827967
8284.59961 0.827429
8285.41016 0.826894
8286.21973 0.826358
8287.01953 0.825821
8287.83008 0.825287
8288.63965 0.82475
8289.44043 0.824216
8290.25000 0.823574
8291.05957 0.822707
8291.87012 0.821838
8292.67969 0.820969
8293.49023 0.820101
8294.29004 0.819243
8295.09961 0.818376
8295.91016 0.817511
8296.71973 0.816646
8297.53027 0.815779
8298.33984 0.814916
8299.15039 0.81405
8299.95996 0.813186
8300.76953 0.812322
8301.57031 0.81146
8302.37988 0.810593
8303.19043 0.809727
8304.00977 0.808861
8304.80957 0.808003
8305.62012 0.807137
8306.42969 0.806272
8307.24023 0.80541
8308.04980 0.804546
8308.86035 0.803687
8309.66992 0.802821
8310.48047 0.802649
8311.29004 0.802947
8312.09961 0.803245
8312.91016 0.803546
8313.71973 0.803844
8314.53027 0.804142
8315.33984 0.804437
8316.15039 0.804736
8316.95996 0.805035
8317.76953 0.805327
8318.58008 0.805624
8319.40039 0.805921
8320.20996 0.806126
8321.01953 0.806068
8321.83008 0.806009
8322.63965 0.80595
8323.45020 0.805889
8324.25977 0.805829
8325.08008 0.805772
8325.88965 0.805711
8326.69043 0.805652
8327.50977 0.805592
8328.32031 0.805532
8329.12988 0.805472
8329.94043 0.80541
8330.75000 0.804876
8331.57031 0.804303
8332.37988 0.80373
8333.19043 0.80316
8334.00000 0.80259
8334.82031 0.802019
8335.62988 0.801446
8336.44043 0.800873
8337.25000 0.800307
8338.07031 0.799735
8338.87988 0.799163
8339.69043 0.798593
8340.50977 0.798373
8341.32031 0.798369
8342.12988 0.798365
8342.95020 0.79836
8343.75977 0.798355
8344.57031 0.79835
8345.37988 0.798343
8346.20020 0.798336
8347.00977 0.798332
8347.82031 0.798325
8348.63965 0.798319
8349.45020 0.798313
8350.25977 0.798243
8351.08008 0.798041
8351.90039 0.797836
8352.70996 0.797633
8353.51953 0.797429
8354.33984 0.797224
8355.15039 0.797019
8355.96973 0.796816
8356.78027 0.796611
8357.59961 0.796407
8358.41992 0.796203
8359.21973 0.796001
8360.04004 0.795788
8360.84961 0.795448
8361.66992 0.795104
8362.49023 0.794762
8363.29980 0.794422
8364.11035 0.794078
8364.92969 0.793734
8365.75000 0.793393
8366.55957 0.793049
8367.37988 0.792708
8368.19043 0.792365
8369.00977 0.792023
8369.82031 0.79168
8370.63965 0.791597
8371.45020 0.791585
8372.26953 0.791572
8373.08984 0.79156
8373.90039 0.791548
8374.71973 0.791534
8375.54004 0.791521
8376.34961 0.791507
8377.16992 0.791493
8377.99023 0.791479
8378.79980 0.791463
8379.62012 0.791448
8380.42969 0.790917
8381.25000 0.78992
8382.07031 0.788924
8382.88965 0.787935
8383.70020 0.786941
8384.51953 0.785952
8385.33984 0.784956
8386.16016 0.783961
8386.96973 0.78297
8387.79004 0.781977
8388.61035 0.780988
8389.42969 0.779993
8390.25000 0.779657
8391.05957 0.780844
8391.87988 0.782042
8392.70020 0.78324
8393.50977 0.784432
8394.33008 0.78563
8395.15039 0.786827
8395.96973 0.788017
8396.79004 0.789216
8397.59961 0.790406
8398.42969 0.791603
8399.24023 0.792794
8400.05957 0.793795
8400.87988 0.792455
8401.70020 0.791111
8402.51953 0.789785
8403.33984 0.788443
8404.15039 0.78711
8404.98047 0.785771
8405.79980 0.784434
8406.61035 0.783103
8407.44043 0.781769
8408.25977 0.780435
8409.07031 0.779107
8409.90039 0.777774
8410.70996 0.777817
8411.53027 0.77806
8412.34961 0.778302
8413.16992 0.778544
8413.99023 0.778787
8414.80957 0.779029
8415.62988 0.77927
8416.45020 0.779511
8417.26953 0.77975
8418.08984 0.77999
8418.91992 0.780229
8419.74023 0.780466
8420.54980 0.780642
8421.37988 0.780789
8422.20020 0.780934
8423.01953 0.781077
8423.83984 0.781223
8424.66016 0.781367
8425.48047 0.781511
8426.29980 0.781655
8427.12012 0.781799
8427.95020 0.781942
8428.76953 0.782082
8429.58984 0.782226
8430.41016 0.782082
8431.23047 0.781649
8432.04980 0.781215
8432.87988 0.78078
8433.70020 0.780346
8434.51953 0.779915
8435.33984 0.779483
8436.16992 0.779049
8436.99023 0.778617
8437.80957 0.778182
8438.62988 0.77775
8439.45020 0.777317
8440.28027 0.777016
8441.09961 0.776977
8441.91992 0.776939
8442.74023 0.776901
8443.57031 0.776862
8444.40039 0.776821
8445.21973 0.77678
8446.03027 0.77674
8446.86035 0.776701
8447.67969 0.776659
8448.50977 0.776618
8449.33008 0.776579
8450.15039 0.776207
8450.98047 0.77439
8451.80957 0.772572
8452.62988 0.770767
8453.45020 0.768953
8454.26953 0.76715
8455.09961 0.765337
8455.92969 0.763526
8456.74023 0.761736
8457.57031 0.759926
8458.40039 0.758116
8459.21973 0.756317
8460.04980 0.754653
8460.87012 0.755453
8461.69043 0.756255
8462.51953 0.757056
8463.33984 0.757852
8464.16992 0.75865
8464.99023 0.759449
8465.82031 0.760246
8466.65039 0.761043
8467.46973 0.761831
8468.29004 0.762626
8469.12012 0.763421
8469.94043 0.764209
8470.76953 0.764195
8471.59961 0.764122
8472.41992 0.764048
8473.25000 0.763972
8474.07031 0.763899
8474.90039 0.763826
8475.73047 0.76375
8476.54980 0.763674
8477.37988 0.7636
8478.20996 0.763523
8479.03027 0.763446
8479.86035 0.763371
8480.67969 0.763109
8481.50977 0.762808
8482.33984 0.762506
8483.16016 0.762204
8483.99023 0.761899
8484.82031 0.761597
8485.65039 0.761295
8486.46973 0.760992
8487.29980 0.760687
8488.12988 0.760382
8488.95996 0.760077
8489.78027 0.759775
8490.61035 0.758832
8491.44043 0.757659
8492.25977 0.756493
8493.08984 0.755322
8493.91992 0.754158
8494.75000 0.752989
8495.58008 0.751819
8496.41016 0.750658
8497.24023 0.749491
8498.05957 0.748329
8498.88965 0.747163
8499.71973 0.745996
8500.54004 0.745812
8501.37012 0.746122
8502.20020 0.74643
8503.03027 0.746737
8503.86035 0.747047
8504.69043 0.747355
8505.51953 0.74766
8506.34961 0.747966
8507.17969 0.748269
8508.00977 0.748574
8508.83984 0.748878
8509.66992 0.749183
8510.50000 0.748986
8511.33008 0.748459
8512.15039 0.747932
8512.98047 0.747403
8513.80957 0.746876
8514.63965 0.746345
8515.48047 0.745816
8516.29980 0.745289
8517.13965 0.744758
8517.96973 0.74423
8518.79980 0.743702
8519.62012 0.743174
8520.45996 0.743866
8521.29004 0.745568
8522.12012 0.747266
8522.94043 0.748944
8523.78027 0.750643
8524.61035 0.75233
8525.44043 0.754025
8526.26953 0.755718
8527.09961 0.757399
8527.92969 0.759088
8528.76953 0.760779
8529.59961 0.762456
8530.42969 0.761916
8531.25977 0.759297
8532.08984 0.756667
8532.92969 0.754039
8533.75000 0.751439
8534.58008 0.748814
8535.41992 0.746191
8536.25000 0.743587
8537.08008 0.740969
8537.91016 0.738368
8538.75000 0.735756
8539.58008 0.733145
8540.41016 0.732229
8541.25000 0.733039
8542.08008 0.73384
8542.91016 0.734649
8543.74023 0.735453
8544.57031 0.736249
8545.41016 0.737054
8546.24023 0.737858
8547.07031 0.738655
8547.91016 0.739458
8548.74023 0.74026
8549.57031 0.741057
8550.41016 0.741889
8551.24023 0.74275
8552.07031 0.743613
8552.91016 0.744477
8553.74023 0.745335
8554.58008 0.746198
8555.41016 0.747055
8556.24023 0.747908
8557.08008 0.748767
8557.91016 0.74962
8558.74023 0.750477
8559.58008 0.751333
8560.41016 0.751947
8561.25000 0.752321
8562.08008 0.752695
8562.91992 0.753065
8563.75000 0.753434
8564.58984 0.753807
8565.41992 0.754178
