threeML/data/optical_filters/HST/ACS_WFC-F775W_81.ecsv
# %ECSV 0.9
# ---
# datatype:
# - {name: wavelength, unit: Angstrom, datatype: float32}
# - {name: response, datatype: float32}
# meta: !!omap
# - {band_name: F775W_81}
# - {group_name: ACS_WFC}
wavelength response
[from data line 1567]
7639.68018 0.978447
7640.41016 0.97799
7641.14990 0.977511
7641.87988 0.977035
7642.62012 0.97656
7643.35986 0.976081
7644.08984 0.975603
7644.81982 0.975128
7645.56006 0.974649
7646.29004 0.974176
7647.02979 0.973698
7647.77002 0.973219
7648.50000 0.972745
7649.24023 0.972266
7649.97998 0.971789
7650.70996 0.97198
7651.45020 0.972194
7652.18994 0.972408
7652.93018 0.97262
7653.66016 0.972831
7654.39990 0.973043
7655.12988 0.973255
7655.87012 0.973466
7656.60010 0.973677
7657.33984 0.97389
7658.08008 0.974103
7658.81006 0.974312
7659.54980 0.974525
7660.29004 0.974879
7661.02979 0.975454
7661.77002 0.976025
7662.50000 0.976596
7663.24023 0.97717
7663.97998 0.977741
7664.70996 0.978309
7665.45020 0.978884
7666.18994 0.979459
7666.93018 0.980031
7667.66016 0.980598
7668.39990 0.981172
7669.14990 0.981746
7669.87988 0.982313
7670.62012 0.981646
7671.35986 0.980731
7672.08984 0.979819
7672.83008 0.978909
7673.56982 0.977993
7674.31006 0.977082
7675.04980 0.976167
7675.77979 0.975261
7676.52979 0.974346
7677.27002 0.973432
7678.00000 0.972528
7678.74023 0.971612
7679.47998 0.970703
7680.22021 0.969839
7680.95996 0.969078
7681.70020 0.968324
7682.43994 0.967569
7683.18018 0.96681
7683.91992 0.966056
7684.66016 0.965299
7685.39990 0.96454
7686.12988 0.96379
7686.87988 0.963031
7687.62012 0.962272
7688.35010 0.961523
7689.10010 0.960764
7689.83008 0.960009
7690.56982 0.959396
7691.31006 0.95882
7692.06006 0.958246
7692.79004 0.957675
7693.54004 0.957098
7694.27002 0.956527
7695.02002 0.955952
7695.75977 0.955374
7696.49023 0.954803
7697.24023 0.954227
7697.97998 0.953651
7698.72021 0.953081
7699.45996 0.952506
7700.20020 0.951916
7700.93994 0.951276
7701.68018 0.950633
7702.41992 0.949993
7703.16992 0.949349
7703.91016 0.948711
7704.64990 0.948075
7705.39014 0.947431
7706.12988 0.946788
7706.87012 0.946151
7707.60986 0.945508
7708.35986 0.944866
7709.10010 0.94423
7709.83984 0.943587
7710.58008 0.942907
7711.33008 0.942211
7712.06982 0.94152
7712.81006 0.940829
7713.54980 0.940132
7714.29004 0.93944
7715.02979 0.938754
7715.77979 0.938059
7716.52002 0.937365
7717.25977 0.936678
7718.00977 0.935982
7718.75000 0.935292
7719.49023 0.934597
7720.22998 0.934006
7720.97998 0.933633
7721.72021 0.933257
7722.45996 0.932883
7723.20996 0.932509
7723.95020 0.932135
7724.68994 0.931759
7725.43994 0.931382
7726.18018 0.931011
7726.93018 0.930635
7727.66992 0.93026
7728.41016 0.929888
7729.14990 0.929514
7729.89990 0.929139
7730.64014 0.928378
7731.37988 0.927557
7732.12988 0.926732
7732.87988 0.925909
7733.62012 0.925084
7734.35986 0.924268
7735.10986 0.923443
7735.85010 0.922617
7736.58984 0.921802
7737.33984 0.920976
7738.08984 0.92015
7738.83008 0.919335
7739.58008 0.91851
7740.31982 0.918029
7741.06006 0.917997
7741.81006 0.917962
7742.56006 0.91793
7743.29980 0.917898
7744.04980 0.917864
7744.79004 0.917831
7745.52979 0.917798
7746.27979 0.917764
7747.02002 0.917731
7747.77002 0.917698
7748.52002 0.917665
7749.25977 0.917632
7750.00977 0.9176
7750.75000 0.917791
7751.50000 0.917983
7752.25000 0.918177
7752.99023 0.918368
7753.74023 0.918559
7754.49023 0.918751
7755.22998 0.918941
7755.97998 0.919135
7756.72998 0.919327
7757.47021 0.919516
7758.22021 0.919707
7758.95996 0.919899
7759.70996 0.920089
7760.45996 0.919915
7761.20020 0.91951
7761.95020 0.919104
7762.70020 0.918699
7763.43994 0.918293
7764.18994 0.917889
7764.93994 0.917481
7765.68018 0.917079
7766.43018 0.916673
7767.18018 0.916266
7767.93018 0.915864
7768.68018 0.915458
7769.41992 0.915053
7770.16992 0.91482
7770.91992 0.915163
7771.66992 0.915506
7772.41992 0.915851
7773.16016 0.916193
7773.91016 0.916534
7774.66016 0.916878
7775.41016 0.917222
7776.14990 0.917563
7776.89990 0.917908
7777.64990 0.918252
7778.41016 0.918597
7779.14990 0.918937
7779.89990 0.919279
7780.64990 0.91987
7781.39990 0.920497
7782.14014 0.921124
7782.89990 0.921754
7783.64014 0.92238
7784.39990 0.923009
7785.14014 0.923632
7785.89014 0.92426
7786.64014 0.924891
7787.39014 0.925513
7788.14014 0.926142
7788.89014 0.926769
7789.64014 0.927395
7790.37988 0.9278
7791.14014 0.927999
7791.89014 0.928196
7792.64014 0.928395
7793.37988 0.928592
7794.14014 0.928791
7794.89014 0.928988
7795.62988 0.929185
7796.39014 0.929383
7797.14014 0.929582
7797.89014 0.929778
7798.64014 0.929976
7799.39014 0.930172
7800.14014 0.930424
7800.89014 0.930928
7801.64014 0.931428
7802.39014 0.931929
7803.14014 0.932432
7803.89014 0.932929
7804.64014 0.933433
7805.39990 0.933936
7806.14014 0.934431
7806.89990 0.934934
7807.64990 0.935437
7808.39990 0.935933
7809.14990 0.936436
7809.89990 0.936934
7810.64990 0.936992
7811.41016 0.936984
7812.16016 0.936976
7812.91016 0.936969
7813.66016 0.936961
7814.41016 0.936953
7815.16016 0.936946
7815.91992 0.936938
7816.66992 0.936928
7817.41992 0.93692
7818.18018 0.936912
7818.91992 0.936904
7819.68018 0.936894
7820.43018 0.937137
7821.18994 0.937573
7821.93994 0.938006
7822.68994 0.938438
7823.43994 0.93887
7824.20020 0.939304
7824.93994 0.939737
7825.70020 0.940169
7826.45996 0.940603
7827.20020 0.941032
7827.95996 0.941464
7828.70996 0.941895
7829.47021 0.942328
7830.22021 0.942558
7830.97021 0.942311
7831.72998 0.942061
7832.47998 0.941812
7833.22998 0.941564
7833.99023 0.941315
7834.74023 0.941062
7835.49023 0.940814
7836.25000 0.940564
7837.00977 0.940312
7837.77002 0.940062
7838.50977 0.939814
7839.27002 0.939566
7840.02002 0.939341
7840.77979 0.939958
7841.52979 0.940572
7842.29004 0.941191
7843.04004 0.941806
7843.79980 0.942424
7844.54980 0.943037
7845.31006 0.943655
7846.06006 0.944273
7846.81006 0.944883
7847.56982 0.945501
7848.33008 0.946116
7849.08008 0.946729
7849.83008 0.947342
7850.58984 0.946113
7851.35010 0.94438
7852.10986 0.942635
7852.85986 0.940904
7853.60986 0.939173
7854.37012 0.937432
7855.12012 0.93571
7855.87988 0.933972
7856.64014 0.932232
7857.39014 0.930514
7858.14990 0.928776
7858.91016 0.927049
7859.66016 0.925323
7860.41992 0.92478
7861.18018 0.925192
7861.93018 0.925601
7862.68994 0.926016
7863.43994 0.926424
7864.20020 0.926835
7864.95996 0.927249
7865.70996 0.927655
7866.47021 0.928068
7867.22998 0.92848
7867.97998 0.928887
7868.75000 0.929298
7869.50000 0.929707
7870.25977 0.929731
7871.02002 0.929005
7871.77002 0.928283
7872.52979 0.927561
7873.29004 0.926835
7874.04004 0.926119
7874.79980 0.925393
7875.56006 0.924668
7876.31982 0.923952
7877.08008 0.923226
7877.83984 0.922502
7878.58984 0.921785
7879.35010 0.92106
7880.10986 0.920398
7880.87012 0.920084
7881.62988 0.919769
7882.39014 0.919454
7883.14990 0.919137
7883.89990 0.918823
7884.66016 0.91851
7885.41992 0.918195
7886.18018 0.917879
7886.93994 0.917565
7887.70020 0.917249
7888.45020 0.916934
7889.22021 0.916617
7889.97998 0.916304
7890.72998 0.915898
7891.50000 0.915487
7892.25000 0.915079
7893.00977 0.91467
7893.77002 0.91426
7894.52979 0.913853
7895.29004 0.913447
7896.04980 0.913035
7896.81006 0.912625
7897.58008 0.912215
7898.33008 0.91181
7899.08984 0.911402
7899.85010 0.910991
7900.60986 0.910629
7901.37012 0.910277
7902.12988 0.909924
7902.89014 0.909572
7903.66016 0.909218
7904.41016 0.908869
7905.18018 0.908516
7905.93994 0.908164
7906.68994 0.907814
7907.45996 0.907461
7908.22021 0.907108
7908.97998 0.906759
7909.74023 0.906407
7910.50000 0.905985
7911.25977 0.905531
7912.02979 0.905073
7912.79004 0.904618
7913.54980 0.904165
7914.31006 0.903708
7915.06982 0.903257
7915.83008 0.9028
7916.60010 0.902343
7917.35010 0.901893
7918.12012 0.901437
7918.87988 0.900977
7919.64014 0.900526
7920.41016 0.900301
7921.16992 0.900281
7921.93018 0.90026
7922.68994 0.900239
7923.45020 0.900218
7924.22021 0.900197
7924.97998 0.900175
7925.74023 0.900153
7926.50000 0.90013
7927.27002 0.900109
7928.02979 0.900088
7928.79004 0.900064
7929.56006 0.900043
7930.31982 0.899817
7931.08008 0.899302
7931.85010 0.89879
7932.60986 0.898278
7933.37012 0.897763
7934.14014 0.89725
7934.89990 0.896739
7935.66016 0.896225
7936.41992 0.895715
7937.18994 0.895199
7937.95996 0.894686
7938.72021 0.894178
7939.47998 0.893662
7940.24023 0.893253
7941.00977 0.893062
7941.77002 0.892872
7942.54004 0.892679
7943.31006 0.892487
7944.06982 0.892298
7944.83008 0.892107
7945.60010 0.891915
7946.35986 0.891723
7947.12012 0.891533
7947.89014 0.891341
7948.66016 0.891147
7949.43018 0.890954
7950.18994 0.890586
7950.95020 0.889661
7951.72021 0.888729
7952.47998 0.887804
7953.25000 0.88688
7954.00977 0.88595
7954.77979 0.885023
7955.54004 0.884106
7956.31006 0.883178
7957.08008 0.882249
7957.85010 0.881321
7958.60010 0.880402
7959.37012 0.879474
7960.14014 0.878735
7960.89990 0.878817
7961.66992 0.878899
7962.43994 0.878981
7963.20020 0.879062
7963.97021 0.879143
7964.72998 0.879225
7965.50000 0.879307
7966.27002 0.879389
7967.02979 0.87947
7967.79980 0.879552
7968.56982 0.879632
7969.33008 0.879711
7970.10010 0.879705
7970.87012 0.879139
7971.64014 0.87857
7972.41016 0.877998
7973.16992 0.877431
7973.93994 0.876865
7974.70996 0.876294
7975.47021 0.87573
7976.24023 0.875159
7977.00977 0.87459
7977.77002 0.874026
7978.54004 0.873455
7979.31006 0.872884
7980.08008 0.872352
7980.85010 0.872087
7981.60986 0.871824
7982.37988 0.871561
7983.14990 0.871296
7983.91992 0.871033
7984.68994 0.870769
7985.45996 0.870503
7986.22021 0.87024
7986.99023 0.869973
7987.77002 0.869707
7988.52979 0.869443
7989.29980 0.869175
7990.06982 0.868883
7990.83984 0.868384
7991.60986 0.867879
7992.37988 0.867375
7993.14014 0.866871
7993.91992 0.866364
7994.68018 0.86586
7995.45020 0.865357
7996.22021 0.864851
7996.99023 0.864348
7997.75977 0.863842
7998.52979 0.863335
7999.29980 0.862833
8000.06982 0.862338
8000.83984 0.86198
8001.60986 0.86162
8002.37988 0.861259
8003.14990 0.8609
8003.91992 0.860537
8004.68994 0.860178
8005.45996 0.859822
8006.22998 0.859461
8007.00000 0.8591
8007.77002 0.858741
8008.54004 0.858379
8009.31982 0.858018
8010.08984 0.857575
8010.85010 0.856517
8011.62012 0.855453
8012.39990 0.854383
8013.16992 0.853321
8013.93994 0.852258
8014.70996 0.851189
8015.47998 0.850127
8016.25000 0.849066
8017.02979 0.847998
8017.79980 0.846936
8018.56982 0.845869
8019.33984 0.844813
8020.10986 0.84394
8020.87988 0.844213
8021.64990 0.844483
8022.43018 0.844753
8023.20020 0.845023
8023.97021 0.845294
8024.75000 0.845564
8025.52002 0.845833
8026.29004 0.846103
8027.06006 0.846373
8027.83008 0.846642
8028.60986 0.846911
8029.37988 0.847181
8030.14990 0.847333
8030.91992 0.847006
8031.70020 0.846676
8032.47021 0.846348
8033.24023 0.84602
8034.02002 0.845694
8034.79004 0.845366
8035.56006 0.845037
8036.33984 0.84471
8037.10986 0.844383
8037.89014 0.844053
8038.64990 0.843727
8039.43018 0.843398
8040.20996 0.843245
8040.97998 0.843574
8041.75000 0.843909
8042.52002 0.844242
8043.29980 0.844573
8044.06982 0.844905
8044.85010 0.845236
8045.62012 0.845568
8046.39990 0.845901
8047.16992 0.84623
8047.93994 0.84656
8048.72021 0.84689
8049.49023 0.847217
8050.27002 0.847407
8051.04004 0.847327
8051.81006 0.847245
8052.58984 0.847164
8053.37012 0.847084
8054.14014 0.847002
8054.91992 0.846921
8055.68994 0.84684
8056.47021 0.846758
8057.24023 0.846676
8058.02002 0.846594
8058.79004 0.846513
8059.56982 0.84643
8060.33984 0.846455
8061.12012 0.846616
8061.89990 0.846775
8062.66992 0.846932
8063.45020 0.847092
8064.22021 0.847251
8065.00000 0.847407
8065.77979 0.847564
8066.54980 0.847721
8067.33008 0.847879
8068.10986 0.848034
8068.87988 0.848189
8069.66016 0.848346
8070.43994 0.848491
8071.20996 0.848625
8071.99023 0.848762
8072.75977 0.848897
8073.54004 0.849034
8074.31982 0.84917
8075.10010 0.849305
8075.87988 0.84944
8076.64990 0.849575
8077.43018 0.84971
8078.20996 0.849846
8078.97998 0.849983
8079.77002 0.850118
8080.54004 0.850426
8081.31982 0.850815
8082.08984 0.851201
8082.87012 0.851589
8083.64990 0.851976
8084.43018 0.852364
8085.20020 0.85275
8085.99023 0.853137
8086.75977 0.853524
8087.54004 0.853909
8088.31982 0.854297
8089.10010 0.854683
8089.87988 0.855069
8090.66016 0.855058
8091.43018 0.854974
8092.20996 0.854889
8092.99023 0.854804
8093.77002 0.85472
8094.54980 0.854635
8095.33008 0.85455
8096.10010 0.854463
8096.89014 0.854379
8097.66016 0.854293
8098.43994 0.854207
8099.22998 0.85412
8100.00000 0.854035
8100.77979 0.854466
8101.56006 0.854895
8102.33984 0.85532
8103.12012 0.855751
8103.89990 0.856179
8104.68018 0.856606
8105.45996 0.857037
8106.24023 0.857464
8107.02002 0.857891
8107.79980 0.85832
8108.58008 0.858748
8109.35986 0.859178
8110.14014 0.859456
8110.91992 0.859083
8111.70020 0.858702
8112.47998 0.858323
8113.25977 0.857946
8114.04004 0.857567
8114.81982 0.857189
8115.60010 0.856812
8116.39014 0.856432
8117.16992 0.856053
8117.95020 0.855674
8118.72998 0.855296
8119.50977 0.854919
8120.29004 0.854738
8121.08008 0.85489
8121.85010 0.85504
8122.64014 0.855192
8123.41992 0.855342
8124.20020 0.855493
8124.97998 0.855642
8125.75977 0.855793
8126.54980 0.855943
8127.33008 0.856092
8128.10986 0.856242
8128.89990 0.856392
8129.68018 0.85654
8130.45996 0.856403
8131.24023 0.856066
8132.02002 0.855728
8132.81006 0.855388
8133.58984 0.855052
8134.37012 0.854715
8135.14990 0.854376
8135.93994 0.854037
8136.72021 0.853701
8137.50000 0.853361
8138.29004 0.853023
8139.06982 0.852687
8139.85010 0.852347
8140.64014 0.852096
8141.41992 0.851864
8142.20020 0.851633
8142.99023 0.851398
8143.77002 0.851166
8144.54980 0.850935
8145.33984 0.850703
8146.12012 0.850471
8146.89990 0.850239
8147.68994 0.850005
8148.47998 0.849774
8149.25977 0.849541
8150.04980 0.849302
8150.83008 0.849006
8151.60986 0.848708
8152.39990 0.848408
8153.18018 0.848114
8153.95996 0.847815
8154.75000 0.847516
8155.52979 0.847219
8156.31982 0.846919
8157.10010 0.84662
8157.89014 0.846321
8158.68018 0.846021
8159.45996 0.845724
8160.24023 0.845634
8161.02979 0.846008
8161.81006 0.846379
8162.60010 0.846752
8163.39014 0.847125
8164.16992 0.847493
8164.95996 0.847866
8165.74023 0.848234
8166.52979 0.848602
8167.31006 0.848971
8168.10010 0.849337
8168.89014 0.849705
8169.66992 0.85007
8170.45996 0.849901
8171.25000 0.849351
8172.02979 0.848803
8172.81006 0.848259
8173.60010 0.847709
8174.39014 0.847158
8175.18018 0.846613
8175.97021 0.846062
8176.75000 0.845513
8177.54004 0.844965
8178.33008 0.844414
8179.10986 0.843864
8179.89990 0.843313
8180.68994 0.843514
8181.47021 0.843821
8182.25977 0.844129
8183.04980 0.844438
8183.83008 0.844743
8184.62012 0.845052
8185.41016 0.845361
8186.20020 0.845665
8186.99023 0.845975
8187.77002 0.846281
8188.56006 0.846589
8189.35010 0.846895
8190.14014 0.847073
8190.93018 0.846646
8191.72021 0.846222
8192.50000 0.845798
8193.29980 0.845372
8194.08008 0.844948
8194.87012 0.84452
8195.66016 0.844099
8196.44043 0.843674
8197.24023 0.843248
8198.01953 0.842826
8198.80957 0.842401
8199.59961 0.841975
8200.38965 0.841994
8201.17969 0.842461
8201.96973 0.842931
8202.75977 0.843398
8203.54980 0.843866
8204.33984 0.84433
8205.12988 0.8448
8205.91992 0.845266
8206.70020 0.84573
8207.49023 0.846196
8208.29004 0.846664
8209.08008 0.847129
8209.87012 0.847595
8210.66016 0.847186
8211.45020 0.846602
8212.24023 0.846013
8213.03027 0.845427
8213.82031 0.844843
8214.61035 0.844255
8215.40039 0.843673
8216.19043 0.843085
8216.98047 0.842497
8217.76953 0.841915
8218.55957 0.841327
8219.34961 0.840742
8220.13965 0.840216
8220.94043 0.839955
8221.73047 0.839697
8222.51953 0.839438
8223.30957 0.839177
8224.09961 0.838917
8224.88965 0.83866
8225.69043 0.838398
8226.46973 0.83814
8227.26953 0.837879
8228.05957 0.837621
8228.84961 0.837358
8229.63965 0.837097
8230.42969 0.836481
8231.21973 0.835568
8232.01953 0.834653
8232.80957 0.833743
8233.59961 0.832824
8234.40039 0.831913
8235.19043 0.831003
8235.98047 0.830093
8236.76953 0.829175
8237.55957 0.82827
8238.36035 0.827354
8239.15039 0.826444
8239.94043 0.825533
8240.74023 0.824246
8241.53027 0.822934
8242.32031 0.821616
8243.12012 0.820307
8243.91016 0.818997
8244.70020 0.817679
8245.50000 0.816371
8246.28027 0.815069
8247.08008 0.813753
8247.87988 0.812439
8248.66992 0.811141
8249.45996 0.809826
8250.25977 0.809034
8251.04980 0.809314
8251.84961 0.809591
8252.63965 0.809872
