threeML/data/optical_filters/HST/ACS_WFC-F850LP_77.ecsv
# %ECSV 0.9
# ---
# datatype:
# - {name: wavelength, unit: Angstrom, datatype: float32}
# - {name: response, datatype: float32}
# meta: !!omap
# - {band_name: F850LP_77}
# - {group_name: ACS_WFC}
wavelength response
[from data line 1595]
9354.15039 0.67483
9355.11035 0.674192
9356.04980 0.673563
9356.99023 0.672934
9357.94043 0.672301
9358.88965 0.671671
9359.83008 0.671039
9360.78027 0.670593
9361.73047 0.670188
9362.67969 0.669781
9363.62988 0.669373
9364.57031 0.668966
9365.51953 0.668559
9366.46973 0.668153
9367.41016 0.667746
9368.37012 0.667333
9369.30957 0.666925
9370.25977 0.666435
9371.20996 0.665716
9372.15039 0.665002
9373.11035 0.664286
9374.04980 0.66357
9375.00000 0.662861
9375.95020 0.662139
9376.90039 0.661429
9377.84961 0.660713
9378.79004 0.660003
9379.74023 0.659288
9380.69043 0.658762
9381.63965 0.658305
9382.58984 0.657849
9383.54004 0.657391
9384.49023 0.656934
9385.44043 0.656475
9386.38965 0.656018
9387.33984 0.655561
9388.29004 0.655101
9389.24023 0.654639
9390.19043 0.654081
9391.13965 0.653124
9392.08984 0.652164
9393.04004 0.651204
9393.99023 0.650242
9394.94043 0.649284
9395.88965 0.648326
9396.83984 0.647367
9397.79004 0.646408
9398.74023 0.64545
9399.69043 0.644489
9400.65039 0.643858
9401.58984 0.643376
9402.54980 0.642892
9403.50000 0.642412
9404.45020 0.641928
9405.40039 0.641445
9406.34961 0.640963
9407.30957 0.640476
9408.25000 0.639989
9409.20020 0.639504
9410.16016 0.638932
9411.11035 0.637959
9412.05957 0.636978
9413.01953 0.635995
9413.96973 0.635025
9414.91992 0.634048
9415.87988 0.633067
9416.83008 0.632095
9417.78027 0.631121
9418.73047 0.630147
9419.67969 0.629175
9420.63965 0.628484
9421.58984 0.627938
9422.54004 0.627391
9423.50000 0.626842
9424.45020 0.626296
9425.40039 0.625748
9426.36035 0.625199
9427.30957 0.624649
9428.26953 0.624097
9429.21973 0.623551
9430.16992 0.62296
9431.12988 0.622213
9432.08008 0.621462
9433.03027 0.620715
9433.99023 0.619957
9434.94043 0.619213
9435.90039 0.618462
9436.84961 0.617703
9437.80957 0.616955
9438.76953 0.616201
9439.71973 0.615452
9440.66992 0.614806
9441.62988 0.614199
9442.58984 0.613598
9443.54004 0.612995
9444.49023 0.61239
9445.45020 0.611785
9446.40039 0.611181
9447.36035 0.610572
9448.32031 0.609969
9449.28027 0.609361
9450.23047 0.608656
9451.19043 0.607647
9452.15039 0.606629
9453.09961 0.605624
9454.05957 0.604615
9455.01953 0.603604
9455.96973 0.602597
9456.91992 0.601599
9457.87988 0.600583
9458.83984 0.599584
9459.79980 0.598574
9460.75000 0.597874
9461.70996 0.597254
9462.66992 0.596632
9463.62012 0.596016
9464.58008 0.595396
9465.54004 0.594773
9466.49023 0.594158
9467.45020 0.593537
9468.41992 0.59291
9469.37012 0.592289
9470.33008 0.59165
9471.29004 0.590973
9472.24023 0.590293
9473.20020 0.589607
9474.16016 0.58893
9475.12012 0.58825
9476.08008 0.587568
9477.04004 0.586888
9478.00000 0.586206
9478.95996 0.585527
9479.91016 0.584847
9480.87988 0.584154
9481.83008 0.583465
9482.79004 0.582778
9483.75000 0.582083
9484.70996 0.581392
9485.66992 0.580701
9486.62988 0.580007
9487.58984 0.579319
9488.54980 0.578628
9489.50977 0.577932
9490.46973 0.57714
9491.42969 0.576239
9492.38965 0.575349
9493.34961 0.574453
9494.32031 0.573546
9495.26953 0.572656
9496.23047 0.571765
9497.19043 0.570865
9498.15039 0.56997
9499.11035 0.569077
9500.08008 0.568179
9501.04004 0.567295
9502.00000 0.566405
9502.95996 0.565517
9503.91992 0.564633
9504.88965 0.563745
9505.83984 0.562869
9506.79980 0.561982
9507.76953 0.561093
9508.73047 0.560212
9509.69043 0.559331
9510.66016 0.558457
9511.62012 0.55759
9512.58008 0.55672
9513.54004 0.555854
9514.50000 0.554989
9515.46973 0.55412
9516.42969 0.553256
9517.38965 0.552392
9518.34961 0.55153
9519.32031 0.550667
9520.28027 0.549801
9521.25000 0.548904
9522.20996 0.548018
9523.16992 0.547126
9524.13965 0.546242
9525.09961 0.545363
9526.07031 0.544468
9527.03027 0.543586
9527.99023 0.542701
9528.95996 0.541816
9529.91992 0.540934
9530.87988 0.540067
9531.84961 0.539204
9532.80957 0.538339
9533.78027 0.537478
9534.74023 0.536616
9535.70020 0.535757
9536.66992 0.534892
9537.63965 0.534031
9538.59961 0.533169
9539.57031 0.532307
9540.53027 0.531606
9541.49023 0.531036
9542.45996 0.530464
9543.42969 0.529892
9544.38965 0.529321
9545.34961 0.528751
9546.32031 0.528178
9547.29004 0.527604
9548.25000 0.527032
9549.21973 0.526457
9550.19043 0.525888
9551.15039 0.525357
9552.12012 0.524825
9553.08984 0.524289
9554.04980 0.523753
9555.01953 0.523215
9555.99023 0.522681
9556.95020 0.522145
9557.91992 0.52161
9558.88965 0.521077
9559.84961 0.520533
9560.82031 0.519972
9561.79004 0.519414
9562.75000 0.518853
9563.73047 0.518288
9564.69043 0.517726
9565.66016 0.51716
9566.62988 0.516593
9567.58984 0.51603
9568.57031 0.515463
9569.53027 0.514899
9570.50000 0.514339
9571.46973 0.513784
9572.42969 0.513232
9573.40039 0.512676
9574.37012 0.512117
9575.33984 0.511562
9576.30957 0.511005
9577.28027 0.510448
9578.25000 0.509893
9579.21973 0.50933
9580.19043 0.508719
9581.16016 0.507892
9582.12988 0.507059
9583.09961 0.506228
9584.05957 0.505405
9585.03027 0.504576
9586.00000 0.503747
9586.96973 0.502918
9587.94043 0.50209
9588.91016 0.501262
9589.88965 0.500432
9590.84961 0.499668
9591.82031 0.498914
9592.79980 0.498153
9593.76953 0.497397
9594.73047 0.496646
9595.70996 0.495883
9596.66992 0.495133
9597.63965 0.494376
9598.62012 0.493617
9599.58984 0.492863
9600.55957 0.49211
9601.53027 0.49137
9602.50000 0.490634
9603.48047 0.489891
9604.45020 0.489153
9605.41992 0.488415
9606.38965 0.48767
9607.36035 0.486935
9608.33008 0.486198
9609.30957 0.485456
9610.28027 0.484715
9611.25000 0.483946
9612.21973 0.483179
9613.19043 0.482418
9614.16992 0.481645
9615.13965 0.480884
9616.11035 0.480118
9617.08984 0.479353
9618.05957 0.478587
9619.03027 0.477822
9620.00977 0.477055
9620.98047 0.476382
9621.95996 0.47569
9622.92969 0.475015
9623.90039 0.474332
9624.87988 0.473647
9625.84961 0.472967
9626.82031 0.472286
9627.79980 0.471599
9628.76953 0.470922
9629.74023 0.470238
9630.71973 0.469575
9631.69043 0.468922
9632.66992 0.468267
9633.65039 0.467617
9634.61035 0.466967
9635.59961 0.466308
9636.55957 0.465662
9637.54004 0.465008
9638.51953 0.464352
9639.49023 0.463699
9640.46973 0.463027
9641.44043 0.462336
9642.41992 0.461649
9643.40039 0.460957
9644.37012 0.460269
9645.34961 0.459581
9646.33008 0.458887
9647.29004 0.458205
9648.26953 0.457518
9649.25000 0.456822
9650.21973 0.456144
9651.20020 0.455498
9652.17969 0.454852
9653.15039 0.454208
9654.12988 0.453559
9655.11035 0.452915
9656.08008 0.452272
9657.07031 0.451618
9658.04004 0.450975
9659.01953 0.450331
9660.00000 0.449679
9660.96973 0.448908
9661.94043 0.448134
9662.91992 0.447357
9663.90039 0.446583
9664.87988 0.445803
9665.86035 0.445031
9666.83984 0.44426
9667.82031 0.443483
9668.79004 0.442713
9669.76953 0.441944
9670.75000 0.441164
9671.73047 0.440392
9672.70996 0.439621
9673.67969 0.438847
9674.66016 0.438077
9675.63965 0.437301
9676.62012 0.436529
9677.59961 0.435758
9678.58008 0.434982
9679.55957 0.43421
9680.54004 0.433449
9681.51953 0.432683
9682.50000 0.431924
9683.48047 0.431168
9684.45996 0.430404
9685.44043 0.429643
9686.41992 0.428886
9687.40039 0.428129
9688.37012 0.42737
9689.36035 0.426611
9690.33984 0.425854
9691.32031 0.425109
9692.29980 0.424361
9693.28027 0.423616
9694.25977 0.422871
9695.24023 0.422124
9696.21973 0.421376
9697.20996 0.42063
9698.19043 0.419885
9699.16992 0.419141
9700.15039 0.41841
9701.12988 0.41776
9702.09961 0.417108
9703.08984 0.416454
9704.07031 0.415803
9705.04980 0.415154
9706.04004 0.414499
9707.01953 0.413849
9708.00000 0.413189
9708.98047 0.412541
9709.96973 0.411887
9710.95020 0.411212
9711.92969 0.410537
9712.91016 0.409863
9713.90039 0.409189
9714.87988 0.408511
9715.86035 0.407841
9716.83984 0.40716
9717.83008 0.406486
9718.80957 0.405808
9719.79004 0.405134
9720.78027 0.404471
9721.75977 0.403808
9722.75000 0.403146
9723.73047 0.402489
9724.71973 0.401826
9725.70020 0.401165
9726.67969 0.400506
9727.66016 0.399847
9728.65039 0.399186
9729.62988 0.398524
9730.62012 0.397859
9731.59961 0.397194
9732.58984 0.396528
9733.57031 0.395864
9734.54980 0.3952
9735.54004 0.39453
9736.53027 0.393865
9737.50977 0.3932
9738.50000 0.392531
9739.48047 0.391865
9740.46973 0.391175
9741.45020 0.390456
9742.42969 0.389736
9743.41992 0.389015
9744.41016 0.388294
9745.38965 0.387573
9746.37988 0.38685
9747.37012 0.38613
9748.34961 0.385412
9749.33984 0.38469
9750.33008 0.383973
9751.32031 0.383262
9752.29980 0.382552
9753.29004 0.381841
9754.26953 0.381127
9755.25977 0.380419
9756.24023 0.379712
9757.23047 0.378996
9758.21973 0.378287
9759.20020 0.377577
9760.20020 0.376865
9761.17969 0.376162
9762.16992 0.37545
9763.16016 0.374745
9764.15039 0.37404
9765.13965 0.373329
9766.12012 0.372627
9767.09961 0.371924
9768.09961 0.371216
9769.08008 0.370508
9770.07031 0.369801
9771.05957 0.369054
9772.04980 0.368312
9773.04004 0.367566
9774.03027 0.366825
9775.01953 0.366079
9776.00977 0.365332
9777.00000 0.364588
9777.99023 0.363848
9778.98047 0.363103
9779.96973 0.362364
9780.95020 0.36171
9781.94043 0.361064
9782.92969 0.360409
9783.91992 0.359761
9784.91016 0.359106
9785.90039 0.358459
9786.90039 0.357803
9787.87988 0.357155
9788.87012 0.3565
9789.87012 0.355852
9790.84961 0.35519
9791.83984 0.354526
9792.83008 0.353856
9793.82031 0.353194
9794.80957 0.352525
9795.80957 0.351859
9796.79980 0.351194
9797.79004 0.350527
9798.78027 0.349861
9799.76953 0.349193
9800.76953 0.348731
9801.75977 0.348332
9802.75000 0.347933
9803.74023 0.347534
9804.73047 0.347138
9805.71973 0.346738
9806.70996 0.346338
9807.70020 0.345936
9808.70020 0.345531
9809.69043 0.345131
9810.67969 0.344735
9811.67969 0.344337
9812.66992 0.343941
9813.66016 0.343546
9814.66016 0.343149
9815.65039 0.342753
9816.63965 0.342358
9817.62988 0.341958
9818.62012 0.341561
9819.62012 0.341162
9820.61035 0.340701
9821.59961 0.340198
9822.59961 0.339693
9823.59961 0.33919
9824.58984 0.338685
9825.58984 0.338182
9826.58008 0.33768
9827.57031 0.337176
9828.57031 0.336669
9829.55957 0.336163
9830.55957 0.335653
9831.54980 0.335144
9832.54004 0.33463
9833.54004 0.334114
9834.53027 0.3336
9835.53027 0.333086
9836.51953 0.332571
9837.51953 0.332059
9838.50977 0.331545
9839.50977 0.331025
9840.50977 0.330508
9841.50977 0.329987
9842.50000 0.329464
9843.49023 0.328943
9844.49023 0.328424
9845.48047 0.327902
9846.48047 0.327379
9847.48047 0.326857
9848.46973 0.326336
9849.46973 0.325813
9850.46973 0.325294
9851.45996 0.324785
9852.45996 0.324275
9853.45996 0.323767
9854.45020 0.323254
9855.45020 0.322742
9856.45020 0.322234
9857.45020 0.321722
9858.44043 0.321211
9859.44043 0.320702
9860.42969 0.320222
9861.42969 0.319778
9862.42969 0.319337
9863.42969 0.318892
9864.42969 0.318447
9865.42969 0.318005
9866.42969 0.31756
9867.41992 0.317116
9868.41992 0.316672
9869.41992 0.316224
9870.41992 0.315782
9871.41016 0.315348
9872.41992 0.314911
9873.41016 0.314474
9874.41992 0.314031
9875.41016 0.313594
9876.41016 0.313157
9877.41016 0.312717
9878.41016 0.312279
9879.41016 0.311839
9880.41016 0.311384
9881.41016 0.310917
9882.41016 0.310444
9883.41016 0.309967
9884.41016 0.309497
9885.41016 0.309028
9886.41016 0.308557
9887.41016 0.308084
9888.41016 0.307608
9889.41016 0.307134
9890.41016 0.306685
9891.41016 0.306262
9892.41016 0.305837
9893.41016 0.305415
9894.41992 0.304988
9895.41992 0.304563
9896.41992 0.304139
9897.41992 0.303715
9898.41992 0.303295
9899.41992 0.302866
9900.41992 0.302394
9901.41992 0.301865
9902.42969 0.30133
9903.42969 0.300796
9904.42969 0.300266
9905.42969 0.299731
9906.42969 0.299199
9907.44043 0.298665
9908.44043 0.298133
9909.44043 0.297601
9910.45020 0.297076
9911.45020 0.296566
9912.44043 0.296061
9913.45020 0.29555
9914.45020 0.29504
9915.45020 0.294532
9916.45996 0.294019
9917.45996 0.293512
9918.46973 0.293001
9919.46973 0.292489
9920.48047 0.291979
9921.48047 0.291465
9922.48047 0.290955
9923.49023 0.290446
9924.49023 0.289935
9925.49023 0.289424
9926.49023 0.288912
9927.50000 0.288397
9928.50000 0.287888
9929.50977 0.287373
9930.51953 0.286855
9931.51953 0.28633
9932.53027 0.2858
9933.53027 0.285273
9934.53027 0.284746
9935.54004 0.284217
9936.54980 0.283691
9937.54980 0.28317
9938.55957 0.282635
9939.55957 0.282109
9940.57031 0.281634
9941.57031 0.281199
9942.58008 0.280765
9943.58984 0.28033
9944.58984 0.279897
9945.59961 0.279462
9946.61035 0.279023
9947.61035 0.278588
9948.62012 0.27815
9949.62988 0.277711
9950.62988 0.277265
9951.63965 0.276808
9952.63965 0.276355
9953.65039 0.275901
9954.66016 0.275442
9955.66016 0.274984
9956.66992 0.274527
9957.67969 0.274068
9958.69043 0.273611
9959.69043 0.273154
9960.70020 0.272703
9961.70996 0.272256
9962.71973 0.271809
9963.71973 0.271362
9964.73047 0.270915
9965.74023 0.270465
9966.75000 0.270015
9967.75977 0.269567
9968.76953 0.269115
9969.76953 0.268665
9970.78027 0.268212
9971.79980 0.267752
9972.79980 0.267296
9973.80957 0.26684
9974.82031 0.266379
9975.83008 0.265919
9976.83984 0.265459
9977.84961 0.264999
9978.84961 0.264542
9979.87012 0.26408
9980.87988 0.263544
9981.87988 0.263001
9982.90039 0.262449
9983.91016 0.261901
9984.91016 0.261356
9985.92969 0.260806
9986.94043 0.260258
9987.95020 0.25971
9988.95996 0.259159
9989.96973 0.258609
9990.98047 0.258074
9991.99023 0.25753
9993.00000 0.25699
9994.00977 0.256451
9995.01953 0.255907
9996.03027 0.255369
9997.04980 0.254827
9998.05957 0.254284
9999.07031 0.253738
10000.08008 0.253211
10001.08984 0.252797
10002.11035 0.252377
10003.12012 0.251962
10004.12988 0.251548
10005.13965 0.251132
10006.15039 0.250719
10007.16016 0.250304
10008.17969 0.249885
10009.19043 0.24947
10010.20996 0.249054
10011.21973 0.248631
10012.23047 0.248208
10013.24023 0.247785
10014.25000 0.247363
10015.25977 0.24694
10016.29004 0.246513
10017.29980 0.24609
10018.30957 0.245667
10019.32031 0.245245
10020.33008 0.244848
10021.36035 0.244501
10022.37012 0.244158
10023.37988 0.243814
10024.38965 0.24347
10025.41016 0.243126
10026.41992 0.242782
10027.42969 0.242437
10028.44043 0.242092
10029.45996 0.241747
10030.48047 0.241393
10031.50000 0.241037
10032.50977 0.240681
10033.51953 0.240325
10034.54004 0.239968
10035.55957 0.239607
10036.57031 0.23925
10037.58008 0.238897
10038.59961 0.238535
10039.62012 0.238177
10040.62988 0.237821
10041.63965 0.237464
10042.66016 0.237109
10043.67969 0.236748
10044.70020 0.236391
10045.70996 0.236034
10046.73047 0.235677
10047.74023 0.235319
10048.75977 0.234961
10049.78027 0.234599
10050.79980 0.234238
10051.79980 0.233881
10052.83008 0.233515
10053.84961 0.233153
10054.86035 0.232791
10055.87988 0.232429
10056.88965 0.232066
10057.91992 0.231699
10058.94043 0.231336
10059.95020 0.230972
10060.96973 0.23056
10061.98047 0.230146
10063.00000 0.229731
10064.03027 0.229312
10065.03027 0.228901
10066.05957 0.228482
10067.08008 0.228067
10068.09961 0.227652
10069.11035 0.227236
10070.12988 0.226821
10071.15039 0.22641
10072.17969 0.225994
10073.19043 0.225583
10074.20996 0.225171
10075.23047 0.224759
10076.25000 0.224348
10077.26953 0.223931
10078.29004 0.223519
10079.29980 0.223111
10080.33008 0.222693
10081.34961 0.222277
10082.37012 0.221861
10083.37988 0.221444
10084.40039 0.221028
10085.41992 0.220611
10086.45020 0.22019
10087.46973 0.219773
10088.49023 0.219356
10089.50977 0.218939
10090.53027 0.218527
10091.54980 0.218118
10092.57031 0.21771
10093.58984 0.217301
10094.62012 0.216888
10095.63965 0.216478
10096.66016 0.216069
10097.67969 0.21566
10098.70020 0.21525
10099.73047 0.214836
10100.75000 0.214447
10101.76953 0.214065
10102.79004 0.213684
10103.80957 0.213301
10104.83008 0.212919
10105.84961 0.212536
10106.87012 0.212154
10107.88965 0.21177
10108.91992 0.211383
10109.95020 0.211
10110.96973 0.210638
10111.99023 0.210278
10113.00977 0.209917
10114.04004 0.209552
10115.05957 0.209191
10116.08984 0.208829
10117.11035 0.208468
10118.12988 0.208105
10119.15039 0.207742
10120.16992 0.207377
10121.20020 0.206996
10122.23047 0.20661
10123.25000 0.206229
10124.28027 0.205847
10125.29980 0.205465
10126.32031 0.205083
10127.33984 0.2047
10128.37988 0.204313
10129.40039 0.20393
10130.41992 0.203553
10131.45020 0.203183
10132.46973 0.202812
10133.49023 0.202442
10134.51953 0.20207
10135.54004 0.201699
10136.58008 0.201323
10137.59961 0.200951
10138.62012 0.200578
