threeML/data/optical_filters/HST/ACS_WFC-F775W_81.ecsv
# %ECSV 0.9
# ---
# datatype:
# - {name: wavelength, unit: Angstrom, datatype: float32}
# - {name: response, datatype: float32}
# meta: !!omap
# - {band_name: F775W_81}
# - {group_name: ACS_WFC}
wavelength response
[from data line 2371]
8254.23047 0.810429
8255.01953 0.810708
8255.82031 0.810987
8256.61035 0.811265
8257.41016 0.811544
8258.20020 0.811818
8259.00000 0.812095
8259.79004 0.812371
8260.58008 0.812123
8261.37988 0.811687
8262.17969 0.811247
8262.96973 0.810812
8263.75977 0.810376
8264.55957 0.809938
8265.36035 0.809501
8266.16016 0.809062
8266.95020 0.808626
8267.74023 0.808188
8268.54004 0.80775
8269.33008 0.807318
8270.12988 0.806821
8270.92969 0.806006
8271.71973 0.805197
8272.51953 0.804389
8273.30957 0.803575
8274.11035 0.802764
8274.91016 0.801953
8275.70020 0.801144
8276.50000 0.800334
8277.29980 0.799521
8278.08984 0.798718
8278.88965 0.797903
8279.69043 0.797091
8280.48047 0.796326
8281.28027 0.795574
8282.08008 0.794825
8282.87012 0.794079
8283.66992 0.793328
8284.46973 0.79258
8285.25977 0.791833
8286.05957 0.791083
8286.86035 0.790336
8287.66016 0.789589
8288.45996 0.788838
8289.25000 0.788097
8290.04980 0.787311
8290.84961 0.786027
8291.63965 0.784745
8292.44043 0.783457
8293.24023 0.782176
8294.04004 0.780896
8294.83984 0.77961
8295.63965 0.77833
8296.44043 0.777046
8297.24023 0.775769
8298.03027 0.774492
8298.83008 0.773216
8299.62988 0.771935
8300.41992 0.771598
8301.23047 0.772076
8302.01953 0.772552
8302.82031 0.773028
8303.62012 0.773507
8304.41992 0.773981
8305.21973 0.774456
8306.01953 0.774931
8306.82031 0.775403
8307.62012 0.775879
8308.41992 0.776353
8309.21973 0.776825
8310.01953 0.777257
8310.82031 0.775957
8311.61035 0.774668
8312.41992 0.773367
8313.21973 0.772075
8314.01953 0.770774
8314.82031 0.769481
8315.62012 0.76819
8316.41992 0.766892
8317.21973 0.765601
8318.01953 0.764307
8318.82031 0.76301
8319.62012 0.761722
8320.41992 0.761272
8321.21973 0.761574
8322.01953 0.761878
8322.83008 0.762183
8323.62012 0.762481
8324.41992 0.762784
8325.23047 0.763089
8326.03027 0.763389
8326.83008 0.763692
8327.62988 0.763995
8328.42969 0.764296
8329.24023 0.764598
8330.04004 0.764827
8330.83984 0.763566
8331.63965 0.762298
8332.44043 0.761046
8333.24023 0.759785
8334.04004 0.758519
8334.83984 0.757262
8335.65039 0.756004
8336.45020 0.754739
8337.25000 0.753482
8338.05957 0.752218
8338.86035 0.750961
8339.66016 0.749706
8340.46973 0.749381
8341.25977 0.749738
8342.07031 0.7501
8342.87012 0.750461
8343.66992 0.750817
8344.48047 0.751177
8345.28027 0.751534
8346.08008 0.75189
8346.88965 0.752251
8347.69043 0.752607
8348.49023 0.752964
8349.29980 0.753323
8350.09961 0.753585
8350.90039 0.753189
8351.70996 0.752787
8352.50977 0.752391
8353.30957 0.75199
8354.12012 0.751588
8354.91992 0.751189
8355.73047 0.750789
8356.53027 0.75039
8357.33008 0.749991
8358.13965 0.749591
8358.94043 0.749193
8359.75000 0.748791
8360.54980 0.748055
8361.36035 0.747166
8362.16016 0.746273
8362.96973 0.745386
8363.76953 0.744504
8364.58008 0.74361
8365.37988 0.742718
8366.17969 0.741836
8366.99023 0.740943
8367.79004 0.740057
8368.59961 0.739165
8369.41016 0.738278
8370.20996 0.737722
8371.01953 0.738099
8371.82031 0.73847
8372.62988 0.738842
8373.44043 0.739217
8374.24023 0.739588
8375.04004 0.739956
8375.84961 0.740328
8376.66016 0.740697
8377.46973 0.741068
8378.26953 0.741436
8379.08008 0.741802
8379.88965 0.742173
8380.69043 0.742312
8381.50000 0.742415
8382.30957 0.742518
8383.11035 0.74262
8383.91992 0.742725
8384.71973 0.742825
8385.53027 0.742927
8386.33984 0.743029
8387.13965 0.74313
8387.95020 0.743232
8388.75977 0.743334
8389.55957 0.743435
8390.37012 0.743512
8391.17969 0.743563
8391.99023 0.743612
8392.79980 0.743662
8393.59961 0.743711
8394.41016 0.74376
8395.21973 0.743809
8396.01953 0.743856
8396.83984 0.743905
8397.65039 0.743954
8398.45020 0.744002
8399.25977 0.744048
8400.07031 0.74408
8400.87988 0.743933
8401.69043 0.743783
8402.49023 0.743633
8403.29980 0.743483
8404.11035 0.74333
8404.91992 0.743179
8405.73047 0.743029
8406.54004 0.742878
8407.33984 0.742728
8408.16016 0.742576
8408.95996 0.742424
8409.76953 0.74227
8410.58008 0.742276
8411.38965 0.742344
8412.20020 0.742411
8413.00977 0.742478
8413.82031 0.742546
8414.62988 0.742612
8415.44043 0.742679
8416.25000 0.742745
8417.05957 0.74281
8417.87012 0.742876
8418.67969 0.742939
8419.49023 0.743003
8420.29980 0.742751
8421.11035 0.741964
8421.91992 0.741169
8422.73047 0.740378
8423.54004 0.739589
8424.34961 0.738797
8425.16016 0.738008
8425.98047 0.737216
8426.79004 0.736429
8427.58984 0.735644
8428.41016 0.73485
8429.21973 0.734058
8430.03027 0.733274
8430.83984 0.732391
8431.65039 0.731511
8432.46973 0.730627
8433.26953 0.729749
8434.08984 0.728872
8434.90039 0.727989
8435.70996 0.727114
8436.51953 0.726238
8437.33984 0.725356
8438.15039 0.724481
8438.95020 0.723613
8439.76953 0.722732
8440.58008 0.721786
8441.40039 0.72082
8442.20996 0.719853
8443.01953 0.718888
8443.83008 0.717917
8444.65039 0.71695
8445.45996 0.715983
8446.26953 0.715012
8447.08008 0.714047
8447.90039 0.713076
8448.70996 0.712113
8449.51953 0.711149
8450.33984 0.709991
8451.15039 0.708584
8451.95996 0.707169
8452.76953 0.705747
8453.58984 0.704334
8454.40039 0.702923
8455.21973 0.701502
8456.03027 0.700092
8456.84961 0.698676
8457.66016 0.697265
8458.46973 0.695855
8459.29004 0.694438
8460.09961 0.693082
8460.91016 0.692042
8461.73047 0.691001
8462.54004 0.689971
8463.34961 0.688938
8464.16992 0.6879
8464.98047 0.686868
8465.79980 0.68583
8466.61035 0.684798
8467.42969 0.683766
8468.25000 0.68273
8469.05957 0.681699
8469.87012 0.68067
8470.69043 0.679448
8471.50000 0.678207
8472.32031 0.676952
8473.12988 0.675703
8473.95020 0.674456
8474.76953 0.673205
8475.58008 0.671958
8476.40039 0.670712
8477.21973 0.66946
8478.03027 0.668215
8478.83984 0.666969
8479.66016 0.665719
8480.48047 0.664397
8481.29004 0.66302
8482.11035 0.661635
8482.91992 0.660263
8483.74023 0.658875
8484.55957 0.657496
8485.37012 0.656116
8486.19043 0.654729
8487.00977 0.653348
8487.82031 0.651968
8488.63965 0.650579
8489.45996 0.649198
8490.28027 0.647303
8491.08984 0.644436
8491.91016 0.641575
8492.73047 0.638717
8493.54980 0.635842
8494.36035 0.633008
8495.17969 0.630139
8496.00000 0.627288
8496.82031 0.624429
8497.62988 0.621585
8498.45020 0.618744
8499.26953 0.615888
8500.08984 0.613004
8500.90039 0.609703
8501.73047 0.606386
8502.54004 0.603091
8503.34961 0.599814
8504.16992 0.596505
8505.00000 0.593194
8505.82031 0.589888
8506.62988 0.586619
8507.45020 0.583333
8508.26953 0.58003
8509.08984 0.576749
8509.91016 0.57347
8510.73047 0.568565
8511.54980 0.563484
8512.37012 0.558376
8513.19043 0.553295
8514.00000 0.548222
8514.83008 0.543114
8515.63965 0.538071
8516.45996 0.533
8517.28027 0.527907
8518.09961 0.522841
8518.91992 0.517776
8519.74023 0.512684
8520.55957 0.506653
8521.37988 0.500134
8522.20020 0.49365
8523.01953 0.487177
8523.83984 0.480671
8524.66016 0.474238
8525.48047 0.467731
8526.30957 0.461237
8527.12012 0.454815
8527.94043 0.44836
8528.75977 0.44187
8529.58008 0.435423
8530.41016 0.428402
8531.23047 0.420877
8532.04980 0.413352
8532.87012 0.405797
8533.69043 0.398297
8534.50977 0.390795
8535.33008 0.383265
8536.15039 0.375825
8536.98047 0.368302
8537.79980 0.360798
8538.61035 0.353373
8539.44043 0.345884
8540.25977 0.338375
8541.08008 0.33076
8541.91016 0.323104
8542.73047 0.315498
8543.54980 0.307887
8544.37012 0.300245
8545.19043 0.292643
8546.01953 0.28501
8546.83984 0.277417
8547.66016 0.269874
8548.48047 0.262245
8549.30957 0.254621
8550.12988 0.24723
8550.95020 0.24052
8551.76953 0.233855
8552.58984 0.227196
8553.41992 0.220494
8554.24023 0.213845
8555.07031 0.207161
8555.88965 0.200514
8556.70996 0.193872
8557.54004 0.187195
8558.36035 0.180571
8559.17969 0.173976
8560.00977 0.167333
8560.83008 0.162557
8561.66016 0.157757
8562.48047 0.152988
8563.29980 0.148222
8564.12988 0.143426
8564.95020 0.138667
8565.76953 0.133906
8566.59961 0.129125
8567.42969 0.124371
8568.24023 0.119647
8569.07031 0.114871
8569.90039 0.110098
8570.73047 0.106525
8571.54980 0.103158
8572.37012 0.0997704
8573.20020 0.0963693
8574.01953 0.0929909
8574.84961 0.089611
8575.66992 0.0862182
8576.50000 0.0828442
8577.32031 0.079473
8578.15039 0.0760886
8578.98047 0.0727227
8579.80957 0.0693399
8580.62012 0.0670819
8581.45020 0.0651415
8582.28027 0.063203
8583.09961 0.0612868
8583.92969 0.0593628
8584.75977 0.0574271
8585.58008 0.0555067
8586.41016 0.0535743
8587.24023 0.0516572
8588.05957 0.0497396
8588.88965 0.0478124
8589.71973 0.0458982
8590.54004 0.0444117
8591.37012 0.0431425
8592.19043 0.0418892
8593.01953 0.0406206
8593.84961 0.0393619
8594.66992 0.0381043
8595.50000 0.0368387
8596.33008 0.0355815
8597.16016 0.0343269
8597.99023 0.0330645
8598.80957 0.0318105
8599.63965 0.0305574
8600.46973 0.0295628
8601.29980 0.0287771
8602.12012 0.0279921
8602.95020 0.0272029
8603.76953 0.0264228
8604.61035 0.0256348
8605.42969 0.0248522
8606.25977 0.0240691
8607.08984 0.0232821
8607.91992 0.0225011
8608.75000 0.0217198
8609.58008 0.0209346
8610.40039 0.020293
8611.24023 0.0197939
8612.05957 0.019298
8612.88965 0.0188048
8613.71973 0.0183068
8614.54980 0.0178091
8615.37012 0.017317
8616.20996 0.01682
8617.03027 0.0163257
8617.86035 0.0158317
8618.69043 0.0153358
8619.51953 0.0148426
8620.34961 0.0144121
8621.17969 0.0140714
8622.00977 0.0137311
8622.83984 0.0133891
8623.66992 0.0130491
8624.50000 0.0127118
8625.33008 0.0123704
8626.16016 0.0120298
8626.99023 0.0116912
8627.82031 0.0113533
8628.65039 0.0110153
8629.48047 0.0106757
8630.30957 0.0103748
8631.13965 0.010134
8631.98047 0.00989206
8632.80957 0.00965172
8633.63965 0.00941132
8634.46973 0.00917001
8635.29980 0.00893033
8636.12988 0.00868919
8636.95996 0.00845108
8637.79004 0.00821208
8638.62012 0.00797159
8639.45020 0.00773274
8640.28027 0.00751652
8641.12012 0.00734268
8641.95020 0.00716998
8642.78027 0.0069974
8643.61035 0.00682393
8644.44043 0.00665138
8645.28027 0.00647814
8646.09961 0.00630685
8646.94043 0.00613386
8647.78027 0.00596081
8648.59961 0.00578987
8649.42969 0.00561825
8650.26953 0.00546101
8651.09961 0.00533728
8651.94043 0.00521291
8652.76953 0.00508938
8653.59961 0.00496579
8654.42969 0.00484171
8655.26953 0.00471847
8656.09961 0.00459518
8656.92969 0.00447143
8657.75977 0.00434906
8658.59961 0.00422534
8659.42969 0.00410245
8660.25977 0.0039912
8661.09961 0.00390474
8661.92969 0.00381865
8662.75977 0.00373273
8663.59961 0.00364638
8664.42969 0.00356059
8665.25977 0.00347477
8666.09961 0.00338861
8666.92969 0.00330293
8667.76953 0.00321741
8668.59961 0.00313135
8669.42969 0.00304636
8670.26953 0.00297649
8671.09961 0.00294055
8671.94043 0.00290463
8672.76953 0.00286853
8673.61035 0.00283269
8674.44043 0.00279687
8675.28027 0.00276083
8676.11035 0.00272508
8676.95020 0.00268915
9544.64551 0.0
