threeML/data/optical_filters/HST/ACS_HRC-F850LP.ecsv
# %ECSV 0.9
# ---
# datatype:
# - {name: wavelength, unit: Angstrom, datatype: float32}
# - {name: response, datatype: float32}
# meta: !!omap
# - {band_name: F850LP}
# - {group_name: ACS_HRC}
wavelength response
[from data line 2394]
10193.13965 0.25063
10194.16992 0.249882
10195.20020 0.249133
10196.23047 0.248384
10197.25977 0.247636
10198.29004 0.246887
10199.33008 0.246129
10200.36035 0.245471
10201.38965 0.244983
10202.41992 0.244496
10203.45020 0.244008
10204.48047 0.24352
10205.50977 0.243032
10206.54004 0.242544
10207.58984 0.24205
10208.62012 0.241561
10209.65039 0.241072
10210.67969 0.240588
10211.70996 0.240105
10212.74023 0.239622
10213.79004 0.239134
10214.82031 0.238651
10215.84961 0.238167
10216.87988 0.237683
10217.91016 0.2372
10218.95020 0.236715
10219.98047 0.236231
10221.00977 0.235727
10222.04980 0.235218
10223.08984 0.234714
10224.12012 0.23421
10225.15039 0.233706
10226.19043 0.233202
10227.23047 0.232692
10228.25977 0.232187
10229.29980 0.231683
10230.33008 0.231175
10231.36035 0.23066
10232.40039 0.230146
10233.42969 0.229632
10234.45996 0.229117
10235.50000 0.228603
10236.54004 0.228082
10237.58008 0.227567
10238.61035 0.227052
10239.63965 0.226537
10240.67969 0.226029
10241.73047 0.225521
10242.75977 0.225017
10243.79004 0.224514
10244.83008 0.224011
10245.86035 0.223506
10246.90039 0.223002
10247.92969 0.222498
10248.96973 0.221993
10250.01953 0.221484
10251.04980 0.22098
10252.08984 0.220476
10253.12012 0.219972
10254.16016 0.219468
10255.19043 0.218963
10256.24023 0.218453
10257.26953 0.217954
10258.29980 0.217448
10259.34961 0.216938
10260.38965 0.216433
10261.41992 0.215928
10262.45996 0.215423
10263.50000 0.214917
10264.54004 0.214407
10265.58008 0.213901
10266.62012 0.213395
10267.66016 0.212888
10268.69043 0.212382
10269.73047 0.211876
10270.78027 0.211364
10271.79980 0.210864
10272.84961 0.210353
10273.88965 0.209848
10274.92969 0.209342
10275.96973 0.208836
10277.00000 0.208329
10278.04004 0.207823
10279.08984 0.207311
10280.12988 0.206804
10281.16992 0.206295
10282.20996 0.205787
10283.25000 0.205278
10284.29980 0.204764
10285.32031 0.204261
10286.36035 0.203751
10287.41016 0.203236
10288.45020 0.202727
10289.49023 0.202217
10290.53027 0.201705
10291.57031 0.201194
10292.61035 0.200682
10293.66016 0.200165
10294.70020 0.199653
10295.74023 0.19914
10296.78027 0.198628
10297.82031 0.198116
10298.86035 0.197602
10299.90039 0.19709
10300.94043 0.196573
10302.00000 0.19605
10303.04004 0.195532
10304.08008 0.195015
10305.12012 0.194497
10306.16016 0.193979
10307.20996 0.193454
10308.25000 0.192936
10309.29004 0.192418
10310.33008 0.191897
10311.37988 0.191373
10312.41992 0.190849
10313.45996 0.190324
10314.50000 0.1898
10315.54004 0.189275
10316.59961 0.188745
10317.63965 0.18822
10318.67969 0.187694
10319.71973 0.187169
10320.76953 0.186648
10321.82031 0.186123
10322.86035 0.185603
10323.91016 0.185083
10324.95020 0.184563
10325.99023 0.184042
10327.03027 0.183521
10328.08008 0.183001
10329.12012 0.182479
10330.16016 0.181958
10331.21973 0.18143
10332.25977 0.180907
10333.30957 0.180384
10334.34961 0.179861
10335.38965 0.179338
10336.45020 0.178809
10337.49023 0.178284
10338.54004 0.177761
10339.58008 0.177237
10340.62988 0.176716
10341.66992 0.176195
10342.71973 0.175674
10343.75977 0.175153
10344.82031 0.174627
10345.86035 0.174106
10346.91016 0.173585
10347.95020 0.173063
10349.00000 0.17254
10350.04004 0.172019
10351.09961 0.171485
10352.15039 0.170956
10353.17969 0.170432
10354.24023 0.169898
10355.28027 0.169369
10356.33008 0.16884
10357.37988 0.16831
10358.41992 0.167781
10359.48047 0.167245
10360.53027 0.166718
10361.57031 0.166192
10362.62012 0.165667
10363.66992 0.165141
10364.70996 0.164615
10365.76953 0.164084
10366.82031 0.163558
10367.87012 0.163031
10368.91016 0.162504
10369.95996 0.161978
10371.00977 0.161449
10372.05957 0.160921
10373.09961 0.160392
10374.16016 0.159857
10375.20996 0.159328
10376.25977 0.158798
10377.30957 0.158269
10378.36035 0.15774
10379.41992 0.157204
10380.45996 0.156668
10381.50000 0.15613
10382.55957 0.15558
10383.61035 0.155036
10384.66016 0.154491
10385.70996 0.153947
10386.75977 0.153403
10387.80957 0.152857
10388.87012 0.152308
10389.91992 0.151764
10390.96973 0.15122
10392.01953 0.150677
10393.07031 0.150134
10394.12988 0.149585
10395.17969 0.149042
10396.21973 0.148504
10397.28027 0.147954
10398.33008 0.147411
10399.37988 0.146867
10400.42969 0.146402
10401.48047 0.146049
10402.54004 0.145693
10403.58984 0.145341
10404.63965 0.144988
10405.69043 0.144636
10406.75000 0.144283
10407.79980 0.14393
10408.84961 0.143578
10409.90039 0.143225
10410.95020 0.142869
10412.00977 0.142509
10413.07031 0.142153
10414.12012 0.141797
10415.16992 0.14144
10416.21973 0.141084
10417.29004 0.140723
10418.33984 0.140367
10419.38965 0.140011
10420.44043 0.139665
10421.50000 0.139334
10422.54980 0.139003
10423.59961 0.138671
10424.65039 0.138339
10425.71973 0.138004
10426.76953 0.137672
10427.82031 0.13734
10428.87988 0.137008
10429.92969 0.136676
10430.99023 0.136344
10432.04980 0.136008
10433.09961 0.135675
10434.16016 0.135343
10435.20996 0.13501
10436.26953 0.134677
10437.32031 0.134345
10438.37988 0.134011
10439.42969 0.133678
10440.50000 0.133341
10441.54980 0.133006
10442.59961 0.132671
10443.66016 0.132336
10444.70996 0.132001
10445.76953 0.131666
10446.83984 0.131328
10447.88965 0.130991
10448.95020 0.130656
10450.00000 0.13032
10451.05957 0.129981
10452.11035 0.129642
10453.16992 0.129303
10454.23047 0.128964
10455.29004 0.128621
10456.34961 0.128282
10457.41016 0.127942
10458.45996 0.127602
10459.51953 0.127262
10460.58984 0.126904
10461.63965 0.12654
10462.70020 0.126175
10463.75977 0.12581
10464.80957 0.125445
10465.87012 0.12508
10466.92969 0.124715
10467.99023 0.124351
10469.04004 0.123986
10470.11035 0.123617
10471.16992 0.123252
10472.23047 0.122887
10473.29004 0.122522
10474.33984 0.122157
10475.41016 0.121788
10476.46973 0.121423
10477.53027 0.121059
10478.58984 0.120694
10479.65039 0.120328
10480.70996 0.119963
10481.75977 0.119598
10482.82031 0.119232
10483.88965 0.118863
10484.95020 0.118498
10486.00977 0.118133
10487.07031 0.117767
10488.12988 0.117403
10489.19043 0.117037
10490.25977 0.116669
10491.32031 0.116302
10492.37988 0.115937
10493.44043 0.115571
10494.50000 0.115205
10495.55957 0.11484
10496.62012 0.114474
10497.67969 0.114109
10498.75000 0.113739
10499.80957 0.113372
10500.87012 0.113019
10501.92969 0.112669
10503.00000 0.112318
10504.05957 0.111968
10505.12988 0.111613
10506.19043 0.111261
10507.25000 0.11091
10508.30957 0.110559
10509.37988 0.110208
10510.44043 0.109855
10511.50000 0.109501
10512.55957 0.109146
10513.62988 0.108788
10514.70020 0.108433
10515.75977 0.108078
10516.82031 0.107724
10517.87988 0.107368
10518.95020 0.107013
10520.01953 0.106655
10521.08008 0.106302
10522.13965 0.105949
10523.20996 0.105596
10524.26953 0.105243
10525.33008 0.10489
10526.40039 0.104537
10527.45996 0.104184
10528.54004 0.103827
10529.59961 0.103473
10530.66016 0.103119
10531.73047 0.102763
10532.79004 0.102407
10533.87012 0.102049
10534.92969 0.101693
10535.99023 0.101337
10537.05957 0.100981
10538.12012 0.100625
10539.19043 0.100269
10540.25000 0.0999133
10541.32031 0.0995566
10542.37988 0.0991997
10543.45996 0.0988396
10544.51953 0.0984828
10545.58984 0.0981263
10546.65039 0.0977695
10547.71973 0.0974123
10548.79980 0.0970522
10549.86035 0.0966944
10550.92969 0.0963373
10551.99023 0.0959802
10553.05957 0.0956232
10554.12012 0.0952664
10555.19043 0.0949098
10556.25977 0.0945528
10557.33984 0.0941912
10558.40039 0.0938339
10559.46973 0.0934765
10560.54004 0.0931197
10561.59961 0.0927636
10562.66992 0.0924076
10563.75000 0.092047
10564.80957 0.0916913
10565.87012 0.0913389
10566.95020 0.0909782
10568.01953 0.0906217
10569.08008 0.090265
10570.15039 0.0899084
10571.21973 0.0895516
10572.29980 0.0891905
10573.37012 0.0888325
10574.44043 0.0884752
10575.50000 0.0881176
10576.57031 0.0877595
10577.63965 0.0874018
10578.71973 0.0870403
10579.79004 0.0866825
10580.86035 0.0863231
10581.92969 0.0859626
10583.00000 0.0856036
10584.05957 0.0852423
10585.12988 0.0848824
10586.20020 0.0845221
10587.28027 0.0841583
10588.34961 0.0837986
10589.41992 0.0834385
10590.49023 0.0830782
10591.55957 0.0827191
10592.63965 0.0823561
10593.70020 0.0820007
10594.76953 0.0816412
10595.84961 0.081278
10596.91992 0.0809189
10598.00000 0.0805594
10599.07031 0.0802001
10600.13965 0.0798568
10601.20996 0.0796289
10602.29004 0.0793991
10603.36035 0.0791716
10604.42969 0.078944
10605.50000 0.0787164
10606.58008 0.0784885
10607.66016 0.0782584
10608.71973 0.0780336
10609.79004 0.0778062
10610.87012 0.0775757
10611.94043 0.0773486
10613.01953 0.077121
10614.08984 0.0768933
10615.16016 0.0766658
10616.25000 0.0764351
10617.32031 0.0762078
10618.38965 0.0759804
10619.45996 0.0757524
10620.54004 0.0755248
10621.61035 0.0752968
10622.67969 0.0750684
10623.75000 0.0748404
10624.83008 0.0746119
10625.91016 0.0743815
10626.99023 0.0741536
10628.05957 0.0739249
10629.12988 0.0736969
10630.20996 0.0734677
10631.29004 0.0732359
10632.37012 0.0730061
10633.44043 0.0727761
10634.50977 0.0725462
10635.58984 0.0723158
10636.66016 0.0720862
10637.74023 0.0718563
10638.80957 0.0716261
10639.90039 0.0713934
10640.96973 0.0711654
10642.04980 0.0709375
10643.12012 0.0707084
10644.20020 0.0704804
10645.26953 0.0702518
10646.36035 0.0700212
10647.44043 0.0697923
10648.50977 0.0695638
10649.58984 0.0693355
10650.66016 0.0691064
10651.74023 0.0688765
10652.82031 0.0686466
10653.88965 0.0684174
10654.98047 0.0681849
10656.05957 0.0679545
10657.12988 0.0677251
10658.20996 0.0674948
10659.29004 0.0672651
10660.36035 0.0670354
10661.45020 0.066804
10662.53027 0.0665748
10663.59961 0.0663453
10664.67969 0.0661161
10665.75977 0.065887
10666.83984 0.0656573
10667.91016 0.0654278
10668.99023 0.0651977
10670.08008 0.064966
10671.16016 0.0647351
10672.24023 0.0645048
10673.32031 0.0642733
10674.38965 0.0640425
10675.48047 0.0638092
10676.55957 0.0635785
10677.63965 0.0633476
10678.71973 0.0631163
10679.79980 0.0628851
10680.87988 0.0626541
10681.95996 0.0624241
10683.03027 0.0621924
10684.11035 0.0619624
10685.20996 0.0617281
10686.28027 0.0614974
10687.36035 0.0612664
10688.44043 0.0610351
10689.51953 0.0608045
10690.61035 0.0605707
10691.69043 0.0603388
10692.76953 0.0601064
10693.84961 0.0598754
10694.92969 0.0596435
10696.01953 0.0594112
10697.09961 0.059179
10698.17969 0.0589475
10699.25977 0.0587157
10700.34961 0.058481
10701.42969 0.0582491
10702.50977 0.0580176
10703.58984 0.0577861
10704.66992 0.0575547
10705.76953 0.0573206
10706.84961 0.057089
10707.91992 0.0568594
10709.00977 0.0566249
10710.08984 0.0563936
10711.17969 0.0561602
10712.25977 0.0559281
10713.33984 0.0556955
10714.42969 0.0554603
10715.51953 0.0552277
10716.59961 0.0549947
10717.67969 0.0547623
10718.75977 0.0545293
10719.84961 0.0542964
10720.94043 0.0540612
10722.01953 0.053828
10723.09961 0.0535982
10724.19043 0.053363
10725.26953 0.0531303
10726.36035 0.0528972
10727.44043 0.0526647
10728.51953 0.0524312
10729.62012 0.0521954
10730.70020 0.0519633
10731.79004 0.0517319
10732.87012 0.0515
10733.95996 0.0512679
10735.04004 0.0510358
10736.13965 0.0508018
10737.20996 0.0505726
10738.30957 0.0503378
10739.38965 0.0501053
10740.48047 0.049873
10741.55957 0.0496384
10742.65039 0.0494043
10743.73047 0.0491703
10744.83008 0.0489334
10745.91016 0.0486992
10747.00000 0.0484652
10748.08008 0.0482309
10749.16992 0.0479965
10750.26953 0.0477598
10751.33984 0.0475283
10752.42969 0.0472948
10753.53027 0.0470585
10754.61035 0.0468246
10755.70020 0.0465902
10756.79004 0.0463564
10757.87012 0.0461223
10758.95996 0.0458883
10760.05957 0.0456516
10761.13965 0.0454176
10762.23047 0.0451834
10763.32031 0.0449494
10764.41016 0.0447153
10765.50000 0.0444784
10766.58008 0.0442468
10767.66992 0.0440124
10768.76953 0.0437755
10769.86035 0.0435411
10770.94043 0.0433057
10772.03027 0.0430701
10773.12012 0.0428346
10774.21973 0.0425964
10775.30957 0.0423608
10776.40039 0.042125
10777.49023 0.0418892
10778.57031 0.0416534
10779.66016 0.0414175
10780.75000 0.0411826
10781.83984 0.0409481
10782.92969 0.0407136
10784.03027 0.0404763
10785.12012 0.0402416
10786.20996 0.0400068
10787.29980 0.039772
10788.38965 0.0395373
10789.49023 0.0392996
10790.58008 0.0390644
10791.66992 0.0388289
10792.75977 0.0385934
10793.84961 0.0383576
10794.94043 0.0381221
10796.03027 0.0378863
10797.12012 0.0376507
10798.21973 0.0374123
10799.32031 0.0371765
10800.41016 0.0369534
10801.50000 0.0367526
10802.58984 0.0365519
10803.67969 0.0363509
10804.78027 0.0361479
10805.87988 0.0359468
10806.96973 0.0357459
10808.05957 0.0355448
10809.15039 0.0353438
10810.24023 0.035143
10811.33008 0.0349431
10812.42969 0.0347433
10813.53027 0.0345411
10814.62012 0.0343412
10815.70996 0.034141
10816.80957 0.033941
10817.90039 0.0337408
10818.99023 0.0335405
10820.09961 0.0333381
10821.19043 0.0331371
10822.28027 0.032936
10823.37988 0.032735
10824.46973 0.0325338
10825.55957 0.0323325
10826.66016 0.0321315
10827.75000 0.0319303
10828.86035 0.0317268
10829.95020 0.0315253
10831.04004 0.0313239
10832.13965 0.0311225
10833.23047 0.0309208
10834.33984 0.030717
10835.42969 0.0305155
10836.53027 0.0303139
10837.62012 0.0301122
10838.71973 0.0299105
10839.80957 0.0297087
10840.91016 0.0295072
10842.00000 0.0293058
10843.09961 0.0291041
10844.20996 0.0289005
10845.29980 0.0286988
10846.40039 0.0284971
10847.49023 0.0282954
10848.58984 0.0280937
10849.70020 0.0278897
10850.79004 0.027688
10851.88965 0.0274864
10852.98047 0.0272846
10854.08008 0.027083
10855.17969 0.0268811
10856.26953 0.0266792
10857.37012 0.0264773
10858.48047 0.0262732
10859.58008 0.0260713
10860.66992 0.0258688
10861.76953 0.0256663
10862.87012 0.0254635
10863.95996 0.025261
10865.07031 0.0250561
10866.16992 0.0248533
10867.26953 0.0246505
10868.37012 0.0244475
10869.45996 0.0242447
10870.55957 0.0240421
10871.66016 0.0238394
10872.75977 0.0236368
10873.87012 0.0234319
10874.96973 0.0232292
10876.07031 0.0230264
10877.16992 0.0228236
10878.25977 0.0226207
10879.36035 0.0224179
10880.46973 0.0222126
10881.57031 0.0220093
10882.66992 0.0218059
10883.76953 0.0216024
10884.87012 0.021399
10885.96973 0.0211954
10887.07031 0.0209919
10888.17969 0.0207862
10889.26953 0.0205848
10890.37988 0.0203792
10891.48047 0.0201764
10892.58008 0.0199733
10893.67969 0.0197702
10894.79004 0.0195651
10895.90039 0.0193619
10897.00000 0.0191588
10898.08008 0.0189577
10899.20020 0.0187523
10900.29980 0.0185487
10901.40039 0.0183448
10902.50000 0.0181406
10903.61035 0.0179344
10904.70020 0.0177324
10905.82031 0.0175261
10906.91992 0.0173219
10908.01953 0.0171177
10909.12988 0.0169111
10910.21973 0.0167091
10911.33984 0.0165028
10912.44043 0.0162986
10913.53027 0.0160968
10914.65039 0.0158904
10915.75000 0.0156861
10916.84961 0.0154826
10917.96973 0.0152768
10919.05957 0.0150755
10920.16992 0.0148696
10921.26953 0.0146654
10922.37988 0.014461
10923.48047 0.0142565
10924.59961 0.0140499
10925.70020 0.0138454
10926.79980 0.0136408
10927.90039 0.0134384
10929.00977 0.0132314
10930.12012 0.0130267
10931.21973 0.0128227
10932.32031 0.0126185
10933.44043 0.0124121
10934.53027 0.01221
10935.63965 0.0120057
10936.75000 0.0117991
10937.86035 0.0115944
10938.98047 0.0113877
10940.07031 0.0111851
10941.19043 0.0109779
10942.29004 0.0107731
10943.37988 0.0105701
10944.50000 0.0103628
10945.61035 0.0101576
10946.70996 0.00995213
10947.82031 0.00974683
10948.91992 0.00954146
10950.04004 0.0093337
10951.15039 0.00912818
10952.25977 0.0089226
10953.36035 0.00871696
12048.69629 0.0
