threeML/data/optical_filters/HST/ACS_HRC-F652W.ecsv
# %ECSV 0.9
# ---
# datatype:
# - {name: wavelength, unit: Angstrom, datatype: float32}
# - {name: response, datatype: float32}
# meta: !!omap
# - {band_name: F652W}
# - {group_name: ACS_HRC}
wavelength response
4880.43018 0.0
5422.70020 0.00296731
5423.37012 0.00313287
5424.04980 0.00329859
5424.72998 0.00346497
5425.41016 0.00363152
5426.08008 0.00379739
5426.75977 0.00396403
5427.43994 0.00413
5428.12012 0.00429674
5428.79004 0.00446292
5429.47021 0.00462904
5430.14990 0.00479532
5430.81982 0.00496169
5431.50000 0.00512882
5432.18018 0.00529528
5432.85986 0.00546191
5433.54004 0.00562932
5434.20996 0.00579606
5434.89014 0.00596284
5435.56982 0.00613041
5436.25000 0.0062973
5436.93018 0.00646435
5437.60986 0.00663206
5438.27979 0.00679922
5438.97021 0.00696716
5439.64014 0.00713454
5440.31982 0.00743524
5441.00000 0.00788033
5441.68018 0.00832525
5442.35986 0.00877062
5443.04004 0.00921614
5443.72021 0.00966406
5444.39990 0.0101118
5445.06982 0.0105562
5445.75977 0.0110045
5446.43994 0.011453
5447.10986 0.0118978
5447.79980 0.0123466
5448.47998 0.0127959
5449.16016 0.0132431
5449.83984 0.0136907
5450.52002 0.0143208
5451.20020 0.0150086
5451.87988 0.0156932
5452.56006 0.016378
5453.24023 0.0170665
5453.91992 0.0177521
5454.60010 0.018438
5455.27979 0.0191241
5455.95996 0.0198109
5456.64014 0.0205004
5457.31982 0.0211846
5458.00000 0.0218749
5458.68994 0.0225655
5459.35986 0.0232503
5460.04980 0.0239686
5460.72998 0.0250431
5461.41016 0.0261126
5462.10010 0.0271877
5462.77979 0.0282594
5463.45996 0.0293351
5464.14014 0.030412
5464.81982 0.0314791
5465.50977 0.0325566
5466.18994 0.0336344
5466.87012 0.0347032
5467.54980 0.0357824
5468.22998 0.0368565
5468.91992 0.0379317
5469.60010 0.0390071
5470.27979 0.0402812
5470.95996 0.0418487
5471.64990 0.0434099
5472.33008 0.0449728
5473.00977 0.0465429
5473.70020 0.0481134
5474.37988 0.0496777
5475.06006 0.0512425
5475.75000 0.0528156
5476.43018 0.0543892
5477.10986 0.0559487
5477.79980 0.0575233
5478.47998 0.0590994
5479.16016 0.0606615
5479.85010 0.0622375
5480.52979 0.0638901
5481.22021 0.06555
5481.89990 0.0672249
5482.58008 0.0688931
5483.27002 0.0705629
5483.95020 0.0722391
5484.64014 0.0739099
5485.31982 0.0755812
5486.00977 0.0772602
5486.68994 0.0789397
5487.37988 0.0806066
5488.06006 0.0822871
5488.75000 0.0839691
5489.43018 0.0856447
5490.12012 0.0872347
5490.79980 0.0884119
5491.47998 0.0895789
5492.16992 0.0907573
5492.85986 0.0919358
5493.54004 0.0931039
5494.22998 0.0942841
5494.91016 0.0954587
5495.60010 0.0966349
5496.29004 0.0978155
5496.97021 0.0989921
5497.66016 0.100169
5498.35010 0.101352
5499.02979 0.102535
5499.72021 0.103714
5500.39990 0.105456
5501.08984 0.107603
5501.77979 0.109749
5502.47021 0.111887
5503.14990 0.114025
5503.83984 0.116166
5504.52002 0.118307
5505.20996 0.120458
5505.89990 0.1226
5506.58984 0.124743
5507.27002 0.126898
5507.95996 0.129044
5508.64990 0.13119
5509.33984 0.133348
5510.02002 0.135542
5510.70996 0.139027
5511.39990 0.14253
5512.08984 0.146019
5512.77002 0.149507
5513.45996 0.153015
5514.14990 0.156522
5514.83984 0.160018
5515.52979 0.163512
5516.22021 0.167025
5516.91016 0.170524
5517.58984 0.174024
5518.27979 0.177542
5518.97021 0.181044
5519.66016 0.18455
5520.35010 0.187869
5521.04004 0.191012
5521.72998 0.194172
5522.41992 0.19733
5523.10986 0.200478
5523.79980 0.203627
5524.49023 0.206791
5525.18018 0.209942
5525.87012 0.213108
5526.56006 0.216261
5527.25000 0.219431
5527.93994 0.222588
5528.62012 0.225747
5529.31006 0.228906
5530.00000 0.232066
5530.68994 0.234992
5531.39014 0.237907
5532.06982 0.240821
5532.75977 0.243737
5533.45020 0.246654
5534.14990 0.249587
5534.83984 0.252521
5535.52979 0.255455
5536.22021 0.258378
5536.91016 0.261302
5537.60010 0.264238
5538.29980 0.267178
5538.97998 0.270092
5539.68018 0.273033
5540.37012 0.275715
5541.06006 0.278151
5541.75000 0.280608
5542.43994 0.283058
5543.12988 0.285507
5543.83008 0.287968
5544.52002 0.29041
5545.20996 0.292875
5545.89990 0.295329
5546.58984 0.297783
5547.29004 0.30025
5547.97998 0.302718
5548.66992 0.305177
5549.35986 0.307639
5550.06006 0.310135
5550.75000 0.312916
5551.43994 0.315674
5552.14014 0.318456
5552.83008 0.321239
5553.52002 0.324
5554.22021 0.326787
5554.91016 0.329574
5555.60010 0.332338
5556.29980 0.335129
5556.99023 0.337907
5557.68018 0.340687
5558.37988 0.343482
5559.06982 0.346263
5559.75977 0.349047
5560.45996 0.351722
5561.14990 0.354329
5561.83984 0.356916
5562.54004 0.359528
5563.24023 0.362139
5563.93018 0.364741
5564.62012 0.367343
5565.31982 0.369959
5566.00977 0.372563
5566.70996 0.37517
5567.39990 0.377788
5568.08984 0.380385
5568.79004 0.383006
5569.47998 0.385616
5570.18018 0.388214
5570.87988 0.390783
5571.56982 0.393352
5572.27002 0.395912
5572.95996 0.398472
5573.66016 0.401047
5574.35010 0.403609
5575.04980 0.406174
5575.75000 0.408751
5576.43994 0.411331
5577.14014 0.413899
5577.83984 0.416469
5578.52979 0.419051
5579.22998 0.42161
5579.91992 0.424195
5580.62012 0.426033
5581.31006 0.42778
5582.00977 0.429538
5582.70996 0.431279
5583.39990 0.433036
5584.10010 0.434795
5584.79980 0.436545
5585.50000 0.438306
5586.18994 0.440058
5586.89014 0.44182
5587.58984 0.443574
5588.29004 0.445328
5588.99023 0.447091
5589.68018 0.448849
5590.37988 0.450035
5591.08008 0.450747
5591.77979 0.451457
5592.47021 0.452169
5593.16992 0.452883
5593.87012 0.453595
5594.56982 0.454307
5595.25977 0.455016
5595.95996 0.455731
5596.66016 0.456447
5597.35986 0.45716
5598.06006 0.457877
5598.75977 0.458591
5599.45996 0.459309
5600.16016 0.460288
5600.85010 0.462181
5601.56006 0.464083
5602.25000 0.465978
5602.95020 0.467873
5603.64990 0.469777
5604.35010 0.471673
5605.04980 0.473572
5605.75000 0.475478
5606.45020 0.477376
5607.14990 0.479277
5607.85010 0.481187
5608.54980 0.483088
5609.25000 0.484991
5609.95020 0.486903
5610.64990 0.488865
5611.35010 0.490833
5612.04980 0.492812
5612.75000 0.494783
5613.45020 0.496755
5614.14990 0.498735
5614.85010 0.500709
5615.54980 0.502682
5616.25977 0.504665
5616.95996 0.506639
5617.66016 0.508616
5618.35986 0.510603
5619.06006 0.51259
5619.77002 0.514577
5620.45996 0.517179
5621.16992 0.520128
5621.87012 0.523078
5622.56982 0.526002
5623.27002 0.528956
5623.97998 0.531908
5624.66992 0.534837
5625.37988 0.537793
5626.08008 0.540751
5626.77979 0.543684
5627.47998 0.546643
5628.18994 0.549604
5628.89014 0.55254
5629.58984 0.555503
5630.29980 0.557931
5630.99023 0.559602
5631.70020 0.561287
5632.39990 0.562972
5633.10010 0.564646
5633.81006 0.566333
5634.50977 0.56802
5635.20996 0.569694
5635.91992 0.571384
5636.62012 0.573074
5637.31982 0.57475
5638.02979 0.576442
5638.72998 0.578134
5639.43018 0.579812
5640.14014 0.581493
5640.85010 0.583119
5641.54980 0.58473
5642.25000 0.586356
5642.95996 0.587985
5643.66016 0.589598
5644.35986 0.591225
5645.06982 0.592855
5645.77002 0.594473
5646.47998 0.596103
5647.18994 0.597733
5647.89014 0.599352
5648.58984 0.600984
5649.29980 0.602617
5650.00000 0.604235
5650.70996 0.604719
5651.41016 0.605202
5652.12012 0.60568
5652.81982 0.606164
5653.52979 0.606647
5654.22998 0.607126
5654.93994 0.60761
5655.64990 0.608095
5656.35986 0.608579
5657.06006 0.609062
5657.77002 0.609545
5658.47998 0.61003
5659.18018 0.610513
5659.89014 0.610997
5660.58984 0.612185
5661.29980 0.613503
5662.00000 0.614824
5662.70996 0.616148
5663.41992 0.617468
5664.12012 0.61879
5664.83008 0.620118
5665.54004 0.62144
5666.25000 0.622763
5666.95020 0.624091
5667.66016 0.625415
5668.37012 0.626739
5669.08008 0.628069
5669.77979 0.629395
5670.49023 0.631037
5671.20020 0.632828
5671.91016 0.634613
5672.60986 0.636397
5673.31982 0.638191
5674.02979 0.639976
5674.74023 0.641763
5675.45020 0.643558
5676.16016 0.645345
5676.85986 0.647135
5677.56982 0.648931
5678.27979 0.650721
5678.99023 0.652514
5679.70020 0.654312
5680.41016 0.655045
5681.12012 0.654996
5681.83008 0.654947
5682.52979 0.654897
5683.24023 0.654847
5683.95020 0.654798
5684.66016 0.654749
5685.37012 0.6547
5686.08008 0.65465
5686.79004 0.654602
5687.50000 0.654551
5688.20996 0.654501
5688.91992 0.654452
5689.62988 0.654403
5690.33984 0.654107
5691.04980 0.65355
5691.75977 0.652991
5692.47021 0.652431
5693.18994 0.65187
5693.89990 0.651308
5694.60010 0.650751
5695.31982 0.65019
5696.02979 0.649629
5696.74023 0.649071
5697.45020 0.648507
5698.16016 0.647947
5698.87012 0.647387
5699.58008 0.646824
5700.29980 0.646048
5701.00977 0.644983
5701.72021 0.643909
5702.43018 0.642833
5703.14014 0.641768
5703.85010 0.640691
5704.56006 0.639618
5705.27002 0.638547
5705.99023 0.637471
5706.70020 0.636393
5707.41016 0.635324
5708.12988 0.634244
5708.83984 0.633164
5709.54980 0.632093
5710.25977 0.631788
5710.97998 0.632804
5711.68994 0.633819
5712.39990 0.634841
5713.12012 0.635862
5713.83008 0.636876
5714.54004 0.637898
5715.25977 0.638919
5715.97021 0.639934
5716.68018 0.640958
5717.39014 0.641977
5718.10986 0.642997
5718.81982 0.644021
5719.54004 0.645046
5720.25000 0.646408
5720.95996 0.648433
5721.68018 0.650459
5722.39014 0.652468
5723.10986 0.654495
5723.81982 0.656515
5724.52979 0.658533
5725.25000 0.660564
5725.97021 0.662595
5726.68018 0.66461
5727.39014 0.666642
5728.10986 0.668673
5728.81982 0.670691
5729.54004 0.672725
5730.25000 0.674823
5730.97021 0.677069
5731.68994 0.679298
5732.39990 0.681526
5733.12012 0.683765
5733.83008 0.685996
5734.54980 0.688227
5735.27002 0.690469
5735.97998 0.692702
5736.68994 0.694937
5737.41016 0.697183
5738.12988 0.699418
5738.83984 0.701657
5739.56006 0.703903
5740.27979 0.705801
5740.99023 0.707162
5741.70996 0.70853
5742.43018 0.709891
5743.14014 0.711253
5743.85986 0.71262
5744.58008 0.713983
5745.29004 0.715346
5746.00977 0.716717
5746.72998 0.718082
5747.43994 0.719446
5748.16016 0.720818
5748.87988 0.722184
5749.60010 0.72355
5750.31982 0.724195
5751.02979 0.723911
5751.75000 0.723624
5752.47021 0.723338
5753.18994 0.723054
5753.89990 0.722768
5754.62012 0.722482
5755.33984 0.722195
5756.06006 0.721907
5756.77979 0.721621
5757.50000 0.721335
5758.20996 0.721049
5758.93018 0.72076
5759.64990 0.720473
5760.37012 0.720213
5761.08984 0.71998
5761.81006 0.719746
5762.52979 0.719511
5763.25000 0.719276
5763.97021 0.719043
5764.68994 0.718809
5765.41016 0.718572
5766.12012 0.718337
5766.83984 0.718104
5767.56006 0.717868
5768.27979 0.717632
5769.00977 0.717395
5769.72998 0.717161
5770.45020 0.717276
5771.16992 0.717608
5771.89014 0.717937
5772.60986 0.71827
5773.33008 0.718603
5774.04980 0.718932
5774.77002 0.719263
5775.49023 0.719596
5776.20996 0.719926
5776.93018 0.720259
5777.66016 0.720592
5778.37012 0.720923
5779.10010 0.721257
5779.81982 0.721589
5780.54004 0.722296
5781.25977 0.723139
5781.97998 0.723981
5782.70020 0.724817
5783.43018 0.72566
5784.14990 0.726503
5784.87012 0.727341
5785.58984 0.728185
5786.31006 0.729028
5787.02979 0.729866
5787.75977 0.730712
5788.47998 0.731557
5789.20020 0.732395
5789.91992 0.733242
5790.64990 0.735329
5791.37012 0.737542
5792.08984 0.739778
5792.81982 0.742012
5793.54004 0.744229
5794.25977 0.746467
5794.99023 0.748705
5795.70996 0.750924
5796.43018 0.753164
5797.16016 0.755406
5797.87988 0.757628
5798.60010 0.75987
5799.33008 0.762115
5800.04980 0.764197
5800.77002 0.764247
5801.50000 0.764297
5802.22021 0.764347
5802.95020 0.764399
5803.66992 0.764448
5804.39014 0.764498
5805.12012 0.764548
5805.85010 0.764599
5806.56982 0.764648
5807.29980 0.764699
5808.02002 0.764749
5808.75000 0.764798
5809.47021 0.764849
5810.18994 0.764863
5810.91992 0.764778
5811.64990 0.764692
5812.37012 0.764606
5813.10010 0.764522
5813.81982 0.764436
5814.54980 0.76435
5815.27002 0.764264
5816.00000 0.764178
5816.72021 0.764093
5817.45020 0.764007
5818.18018 0.763921
5818.89990 0.763836
5819.62988 0.763749
5820.35986 0.76366
5821.08008 0.763569
5821.81006 0.763476
5822.54004 0.763385
5823.25977 0.763293
5823.99023 0.763201
5824.72021 0.763109
5825.43994 0.763017
5826.16992 0.762923
5826.89990 0.762831
5827.62012 0.76274
5828.35010 0.762647
5829.08008 0.762555
5829.81006 0.762463
5830.54004 0.763291
5831.25977 0.764447
5831.99023 0.765605
5832.72021 0.766769
5833.45020 0.767928
5834.16992 0.769086
5834.89990 0.770252
5835.62988 0.771411
5836.35986 0.772572
5837.08984 0.773738
5837.81006 0.7749
5838.54004 0.776063
5839.27002 0.777232
5840.00000 0.778394
5840.72998 0.77982
5841.45996 0.781252
5842.18994 0.782679
5842.91992 0.784105
5843.64990 0.785541
5844.37988 0.786969
5845.10010 0.788397
5845.83984 0.789834
5846.56982 0.79127
5847.29980 0.792705
5848.02002 0.794129
5848.75977 0.795568
5849.49023 0.797
5850.22021 0.798111
5850.95020 0.798457
5851.68018 0.798802
5852.41016 0.799145
5853.14014 0.79949
5853.87012 0.799836
5854.60010 0.800179
5855.33008 0.800525
5856.06006 0.80087
5856.79004 0.801215
5857.52002 0.801562
5858.25977 0.801908
5858.97998 0.802251
5859.72021 0.802598
5860.45020 0.802384
5861.18018 0.801824
5861.91016 0.801258
5862.64014 0.800693
5863.37012 0.800128
5864.10986 0.799561
5864.83984 0.798994
5865.56982 0.798432
5866.29980 0.797863
5867.04004 0.797295
5867.77002 0.796732
5868.50000 0.796162
5869.22998 0.795596
5869.95996 0.795029
5870.70020 0.79437
5871.43018 0.793705
5872.16016 0.793047
5872.89990 0.792383
5873.62988 0.791719
5874.35986 0.791059
5875.08984 0.790393
5875.83008 0.789729
5876.56006 0.789066
5877.29004 0.7884
5878.02979 0.787733
5878.75977 0.787073
5879.49023 0.786406
5880.22998 0.786228
5880.95996 0.787115
5881.70020 0.788009
5882.43018 0.788899
5883.16016 0.789792
5883.89990 0.790686
5884.64014 0.791582
5885.37012 0.79248
5886.10986 0.793373
5886.83984 0.794265
5887.58008 0.795162
5888.31006 0.796055
5889.04004 0.79695
5889.77979 0.797849
5890.52002 0.79875
5891.25000 0.799655
5891.99023 0.800565
5892.72021 0.801472
5893.45996 0.802379
5894.18994 0.803291
5894.93018 0.804199
5895.66016 0.805106
5896.39990 0.806018
5897.14014 0.806929
5897.87012 0.807837
5898.60986 0.80875
5899.33984 0.80966
5900.08008 0.810485
5900.81982 0.810614
5901.54980 0.81074
5902.29004 0.810865
5903.02979 0.810992
5903.75977 0.811117
5904.50000 0.811244
5905.24023 0.811372
5905.97021 0.811498
5906.70996 0.811625
5907.45020 0.811751
5908.18994 0.811877
5908.91992 0.812004
5909.66016 0.812132
5910.39990 0.811799
5911.12988 0.811074
5911.87012 0.810349
5912.60986 0.809623
5913.35010 0.808898
5914.08984 0.808169
5914.81982 0.807443
5915.56006 0.806718
5916.29980 0.805987
5917.04004 0.805259
5917.77979 0.804535
5918.52002 0.803803
5919.25977 0.803074
5919.99023 0.802347
5920.72998 0.801912
5921.47021 0.801482
5922.20996 0.801052
5922.95020 0.800619
5923.68994 0.800186
5924.43018 0.799754
5925.16992 0.799323
5925.91016 0.798888
5926.64990 0.798453
5927.39014 0.798022
5928.12988 0.797588
5928.87012 0.797156
5929.60986 0.796723
5930.35010 0.79614
5931.08984 0.795395
5931.83008 0.794651
5932.56982 0.793902
5933.31006 0.793152
5934.04980 0.792408
5934.79004 0.79166
5935.52979 0.790913
5936.27002 0.790166
5937.02002 0.789418
5937.75977 0.788671
5938.49023 0.787922
5939.24023 0.78717
5939.97998 0.786419
5940.72021 0.78722
5941.45996 0.788069
5942.20020 0.788915
5942.93994 0.789759
5943.68994 0.790611
5944.43018 0.791458
5945.16992 0.792304
5945.91016 0.793157
5946.66016 0.794006
5947.39990 0.794851
5948.14014 0.795704
5948.87988 0.796552
5949.62012 0.797402
5950.37012 0.798684
5951.10986 0.8004
5951.85010 0.802119
5952.60010 0.803845
5953.33984 0.805572
5954.08008 0.807284
5954.81982 0.809013
5955.56982 0.810733
5956.31006 0.812454
5957.04980 0.814184
5957.79980 0.815909
5958.54004 0.817634
5959.27979 0.819365
5960.02979 0.821078
5960.77002 0.822302
5961.52002 0.823536
5962.25977 0.824765
5963.00000 0.825995
5963.75000 0.827236
5964.50000 0.828467
5965.24023 0.829704
5965.99023 0.830938
5966.72998 0.83217
5967.47998 0.833408
5968.22021 0.834642
5968.95996 0.835878
5969.70996 0.837118
5970.45020 0.837363
5971.20020 0.836978
5971.95020 0.836591
5972.68994 0.836205
5973.43994 0.83582
5974.18018 0.835434
5974.93018 0.835046
5975.66992 0.834661
5976.41992 0.834273
5977.16016 0.833887
5977.91016 0.833501
5978.66016 0.833113
5979.39990 0.832726
5980.14990 0.832254
5980.89990 0.83144
5981.64014 0.83063
5982.39014 0.82982
5983.14014 0.829004
5983.87988 0.82819
5984.62988 0.827375
5985.37988 0.826557
5986.12012 0.82574
5986.87012 0.824923
5987.62012 0.824102
5988.35986 0.823282
