threeML/data/optical_filters/HST/ACS_HRC-F220W.ecsv
# %ECSV 0.9
# ---
# datatype:
# - {name: wavelength, unit: Angstrom, datatype: float32}
# - {name: response, datatype: float32}
# meta: !!omap
# - {band_name: F220W}
# - {group_name: ACS_HRC}
wavelength response
1672.95593 0.0
1858.83997 0.0162432
1859.16003 0.0168567
1859.48999 0.0174753
1859.81995 0.0180928
1860.15002 0.0187136
1860.47998 0.0193354
1860.80005 0.0199563
1861.13000 0.0205802
1861.45996 0.0212033
1861.79004 0.0218273
1862.12000 0.0224543
1862.44995 0.0230808
1862.77002 0.0237082
1863.09998 0.0243365
1863.43005 0.0249679
1863.76001 0.0256006
1864.08997 0.0262324
1864.42004 0.0268669
1864.75000 0.0275008
1865.07996 0.0281357
1865.41003 0.0287738
1865.72998 0.0294111
1866.06995 0.0300513
1866.39001 0.0306906
1866.71997 0.0313308
1867.05005 0.0319744
1867.38000 0.0326169
1867.70996 0.0332628
1868.04004 0.0339076
1868.37000 0.0345556
1868.69995 0.0352025
1869.03003 0.0358507
1869.35999 0.036504
1869.68994 0.0371544
1870.02002 0.0378039
1870.34998 0.0384585
1870.68005 0.0391122
1871.01001 0.0397693
1871.33997 0.0404252
1871.67004 0.0410843
1872.00000 0.0417424
1872.32996 0.0424038
1872.66003 0.0430665
1872.98999 0.0437282
1873.31995 0.0443909
1873.65002 0.0450568
1873.97998 0.0457195
1874.31006 0.0463877
1874.64001 0.047055
1874.97998 0.0477255
1875.31006 0.0483973
1875.64001 0.0490678
1875.96997 0.0497418
1876.30005 0.0504147
1876.63000 0.0510888
1876.95996 0.0517662
1877.29004 0.0524404
1877.62000 0.05312
1877.94995 0.0537987
1878.29004 0.0544805
1878.62000 0.0551638
1878.94995 0.0558459
1879.28003 0.0565312
1879.60999 0.0572156
1879.94995 0.0579033
1880.28003 0.0585901
1880.60999 0.0592781
1880.93994 0.0599694
1881.27002 0.0606596
1881.59998 0.0613511
1881.93994 0.062046
1882.27002 0.0627397
1882.59998 0.0634368
1882.93005 0.0641329
1883.27002 0.0648323
1883.59998 0.0655308
1883.93005 0.0662306
1884.26001 0.0669356
1884.59998 0.0676378
1884.93005 0.0683387
1885.26001 0.0690453
1885.58997 0.0697509
1885.93005 0.0704598
1886.26001 0.0711675
1886.58997 0.0718789
1886.92004 0.0725893
1887.26001 0.0733008
1887.58997 0.074018
1887.92004 0.0747318
1888.26001 0.075449
1888.58997 0.0761631
1888.92004 0.0768806
1889.26001 0.0776014
1889.58997 0.0783214
1889.92004 0.0790447
1890.26001 0.0797692
1890.58997 0.0804928
1890.92004 0.0812198
1891.26001 0.0819457
1891.58997 0.0826751
1891.93005 0.0834035
1892.26001 0.0841309
1892.58997 0.0848643
1892.93005 0.0855963
1893.26001 0.086332
1893.59998 0.0870686
1893.93005 0.0878044
1894.26001 0.0885436
1894.59998 0.0892816
1894.93005 0.0900232
1895.27002 0.0907639
1895.59998 0.0915057
1895.93005 0.0922488
1896.27002 0.0929931
1896.60999 0.0937433
1896.93994 0.0944901
1897.27002 0.0952381
1897.60999 0.0959896
1897.93994 0.0967402
1898.28003 0.0974942
1898.60999 0.098247
1898.94995 0.099001
1899.28003 0.0997588
1899.62000 0.100516
1899.94995 0.101276
1900.29004 0.101968
1900.62000 0.10265
1900.95996 0.103336
1901.30005 0.10402
1901.63000 0.104708
1901.96997 0.105395
1902.30005 0.106082
1902.64001 0.106775
1902.96997 0.107464
1903.31006 0.108155
1903.65002 0.108846
1903.97998 0.109539
1904.31995 0.110234
1904.65002 0.110928
1904.98999 0.111626
1905.32996 0.112322
1905.66003 0.113022
1906.00000 0.113722
1906.33997 0.114422
1906.67004 0.115125
1907.01001 0.115824
1907.33997 0.116526
1907.68005 0.117232
1908.02002 0.117936
1908.34998 0.118644
1908.68994 0.119352
1909.03003 0.12006
1909.37000 0.12077
1909.69995 0.12148
1910.04004 0.122192
1910.38000 0.1229
1910.70996 0.123607
1911.05005 0.124318
1911.39001 0.125029
1911.71997 0.125745
1912.06006 0.126458
1912.40002 0.127172
1912.73999 0.127888
1913.06995 0.128604
1913.41003 0.129322
1913.75000 0.13004
1914.08997 0.130761
1914.42004 0.131478
1914.76001 0.1322
1915.09998 0.132924
1915.43994 0.133647
1915.78003 0.13437
1916.12000 0.135097
1916.44995 0.135822
1916.79004 0.136551
1917.13000 0.137278
1917.46997 0.138009
1917.81006 0.13874
1918.14001 0.139468
1918.47998 0.140202
1918.81995 0.140934
1919.16003 0.141668
1919.50000 0.142404
1919.83997 0.143139
1920.18005 0.143982
1920.52002 0.144918
1920.84998 0.145859
1921.18994 0.146801
1921.53003 0.147741
1921.87000 0.148683
1922.20996 0.149626
1922.55005 0.150571
1922.89001 0.15152
1923.22998 0.152467
1923.56995 0.153418
1923.91003 0.154371
1924.25000 0.155322
1924.58997 0.156278
1924.93005 0.157231
1925.27002 0.15819
1925.60999 0.159146
1925.93994 0.160104
1926.28003 0.161063
1926.62000 0.162023
1926.96997 0.162991
1927.31006 0.163955
1927.64001 0.164919
1927.98999 0.165888
1928.32996 0.166856
1928.67004 0.167828
1929.01001 0.168798
1929.34998 0.169772
1929.68994 0.170742
1930.03003 0.171719
1930.37000 0.172699
1930.70996 0.173677
1931.05005 0.174656
1931.39001 0.17564
1931.72998 0.176622
1932.06995 0.177608
1932.41003 0.178594
1932.75000 0.179583
1933.09998 0.180574
1933.43994 0.18156
1933.78003 0.182553
1934.12000 0.183545
1934.45996 0.184541
1934.80005 0.185536
1935.14001 0.186532
1935.47998 0.187532
1935.82996 0.188531
1936.17004 0.189534
1936.51001 0.190539
1936.84998 0.191542
1937.18994 0.192547
1937.53003 0.193552
1937.88000 0.194562
1938.21997 0.195571
1938.56006 0.196581
1938.90002 0.197596
1939.23999 0.198612
1939.58997 0.199627
1939.93005 0.200647
1940.27002 0.201912
1940.62000 0.203248
1940.95996 0.204577
1941.30005 0.205917
1941.64001 0.207254
1941.97998 0.208593
1942.32996 0.209943
1942.67004 0.211285
1943.01001 0.21263
1943.35999 0.21398
1943.69995 0.215329
1944.04004 0.216683
1944.38000 0.218035
1944.72998 0.219389
1945.06995 0.220745
1945.41003 0.222106
1945.76001 0.22347
1946.09998 0.224831
1946.43994 0.226199
1946.79004 0.227564
1947.13000 0.228931
1947.46997 0.230304
1947.81995 0.231674
1948.16003 0.233051
1948.51001 0.234425
1948.84998 0.235802
1949.18994 0.237184
1949.54004 0.238563
1949.88000 0.239949
1950.22998 0.241339
1950.56995 0.242734
1950.91003 0.244135
1951.26001 0.245534
1951.59998 0.246939
1951.94995 0.248346
1952.29004 0.249746
1952.64001 0.251158
1952.97998 0.252566
1953.32996 0.253981
1953.67004 0.255394
1954.01001 0.256808
1954.35999 0.258229
1954.69995 0.259647
1955.05005 0.261077
1955.39001 0.2625
1955.73999 0.263925
1956.07996 0.265351
1956.43005 0.26678
1956.78003 0.268216
1957.12000 0.269649
1957.45996 0.271083
1957.81006 0.272529
1958.16003 0.273968
1958.50000 0.275413
1958.84998 0.276856
1959.18994 0.278301
1959.54004 0.279752
1959.88000 0.281202
1960.22998 0.282479
1960.57996 0.283673
1960.92004 0.284871
1961.27002 0.286014
1961.62000 0.287138
1961.95996 0.288266
1962.31006 0.289391
1962.65002 0.290517
1963.00000 0.291648
1963.34998 0.292776
1963.68994 0.293909
1964.04004 0.295039
1964.38000 0.296171
1964.72998 0.297308
1965.07996 0.298441
1965.43005 0.299579
1965.77002 0.300715
1966.12000 0.301852
1966.46997 0.302992
1966.81006 0.304131
1967.16003 0.305274
1967.51001 0.306418
1967.85999 0.307557
1968.19995 0.308702
1968.55005 0.309846
1968.90002 0.310995
1969.23999 0.312141
1969.58997 0.313287
1969.93994 0.314438
1970.29004 0.315595
1970.64001 0.316752
1970.97998 0.317908
1971.32996 0.319064
1971.68005 0.320222
1972.03003 0.32138
1972.37000 0.322544
1972.71997 0.323704
1973.06995 0.32487
1973.42004 0.326032
1973.77002 0.3272
1974.12000 0.328368
1974.45996 0.329534
1974.81006 0.330701
1975.16003 0.331869
1975.51001 0.333038
1975.85999 0.334211
1976.20996 0.335382
1976.56006 0.336557
1976.90002 0.337734
1977.25000 0.338908
1977.59998 0.340088
1977.94995 0.341264
1978.30005 0.342441
1978.65002 0.343623
1979.00000 0.344802
1979.34998 0.345983
1979.69995 0.347165
1980.05005 0.348348
1980.40002 0.349506
1980.73999 0.350661
1981.09998 0.35182
1981.43994 0.352978
1981.79004 0.354139
1982.14001 0.355298
1982.48999 0.356458
1982.83997 0.357622
1983.18994 0.358788
1983.54004 0.359948
1983.89001 0.361117
1984.23999 0.362282
1984.58997 0.363453
1984.93994 0.36462
1985.29004 0.365793
1985.64001 0.366963
1985.98999 0.368133
1986.34998 0.369312
1986.69995 0.370485
1987.05005 0.371655
1987.40002 0.372834
1987.75000 0.37401
1988.09998 0.375191
1988.44995 0.376369
1988.80005 0.377553
1989.15002 0.378733
1989.50000 0.379918
1989.84998 0.381105
1990.19995 0.382281
1990.56006 0.383451
1990.91003 0.384623
1991.26001 0.385797
1991.60999 0.386974
1991.95996 0.388149
1992.31006 0.389329
1992.66003 0.390511
1993.02002 0.391689
1993.37000 0.392872
1993.71997 0.394052
1994.06995 0.395237
1994.42004 0.396419
1994.77002 0.397599
1995.13000 0.398786
1995.47998 0.399972
1995.82996 0.401161
1996.18005 0.402351
1996.54004 0.40354
1996.89001 0.404733
1997.23999 0.405923
1997.58997 0.407118
1997.93994 0.40831
1998.30005 0.409503
1998.65002 0.410701
1999.00000 0.411896
1999.35999 0.413092
1999.70996 0.414293
2000.06006 0.415612
2000.41003 0.417503
2000.77002 0.419392
2001.12000 0.421289
2001.46997 0.423183
2001.82996 0.425079
2002.18005 0.426988
2002.53003 0.428886
2002.89001 0.430786
2003.23999 0.432688
2003.58997 0.434594
2003.94995 0.436505
2004.30005 0.438414
2004.65002 0.440331
2005.01001 0.442243
2005.35999 0.444163
2005.71997 0.446085
2006.06995 0.448003
2006.42004 0.449929
2006.78003 0.451846
2007.13000 0.453769
2007.48999 0.455701
2007.83997 0.457629
2008.18994 0.459565
2008.55005 0.461504
2008.90002 0.463438
2009.26001 0.46538
2009.60999 0.467318
2009.96997 0.469264
2010.31995 0.471208
2010.68005 0.473161
2011.03003 0.475123
2011.39001 0.477082
2011.73999 0.479055
2012.09998 0.481018
2012.44995 0.482983
2012.81006 0.484956
2013.16003 0.486925
2013.52002 0.488901
2013.87000 0.490874
2014.22998 0.492849
2014.57996 0.494827
2014.93994 0.496813
2015.30005 0.4988
2015.65002 0.500783
2016.01001 0.502768
2016.35999 0.504761
2016.71997 0.506751
2017.06995 0.508748
2017.43005 0.510741
2017.79004 0.512736
2018.14001 0.51474
2018.50000 0.51674
2018.84998 0.518749
2019.20996 0.520753
2019.56995 0.522759
2019.92004 0.524774
2020.28003 0.526156
2020.64001 0.527369
2020.98999 0.528578
2021.34998 0.529794
2021.70996 0.53101
2022.06006 0.532224
2022.42004 0.53344
2022.78003 0.534657
2023.13000 0.535874
2023.48999 0.537097
2023.84998 0.538317
2024.19995 0.539542
2024.56006 0.540766
2024.92004 0.541994
2025.28003 0.543222
2025.63000 0.544448
2025.98999 0.545679
2026.34998 0.546904
2026.69995 0.548133
2027.06006 0.549367
2027.42004 0.550599
2027.78003 0.551839
2028.14001 0.553073
2028.48999 0.554308
2028.84998 0.555549
2029.20996 0.556787
2029.56995 0.558032
2029.93005 0.559273
2030.29004 0.560508
2030.64001 0.561742
2031.00000 0.562977
2031.35999 0.564222
2031.71997 0.56546
2032.07996 0.5667
2032.43994 0.567944
2032.80005 0.569186
2033.15002 0.570432
2033.51001 0.571676
2033.87000 0.572926
2034.22998 0.574172
2034.58997 0.575421
2034.94995 0.576674
2035.31006 0.577924
2035.67004 0.579176
2036.03003 0.580432
2036.38000 0.581685
2036.73999 0.582945
2037.09998 0.5842
2037.45996 0.585461
2037.81995 0.586723
2038.18005 0.587978
2038.54004 0.589242
2038.90002 0.590503
2039.26001 0.591767
2039.62000 0.593035
2039.97998 0.594301
2040.33997 0.595619
2040.69995 0.59694
2041.06006 0.598259
2041.42004 0.599581
2041.78003 0.6009
2042.14001 0.602225
2042.50000 0.603544
2042.85999 0.604873
2043.21997 0.606198
2043.57996 0.607525
2043.93994 0.608857
2044.31006 0.610191
2044.67004 0.611521
2045.03003 0.612857
2045.39001 0.614191
2045.75000 0.61553
2046.10999 0.616861
2046.46997 0.618201
2046.82996 0.619539
2047.18994 0.620882
2047.56006 0.622227
2047.92004 0.623569
2048.28003 0.624913
2048.63989 0.626262
2049.00000 0.627607
2049.36011 0.628959
2049.71997 0.630307
2050.09009 0.631652
2050.44995 0.632987
2050.81006 0.634328
2051.16992 0.635671
2051.53003 0.637011
2051.89990 0.638356
2052.26001 0.639696
2052.62012 0.641039
2052.97998 0.642386
2053.34009 0.643732
2053.70996 0.645082
2054.07007 0.646434
2054.42993 0.647778
2054.79004 0.649133
2055.15991 0.650484
2055.52002 0.651839
2055.87988 0.653193
2056.23999 0.654548
2056.61011 0.655909
2056.96997 0.657267
2057.33008 0.658629
2057.69995 0.659993
2058.06006 0.661353
2058.41992 0.662716
2058.78003 0.664079
2059.14990 0.665449
2059.51001 0.666814
2059.87988 0.668182
2060.23999 0.669619
2060.60010 0.671078
2060.96997 0.672545
2061.33008 0.674006
2061.68994 0.67547
2062.06006 0.676939
2062.41992 0.678401
2062.79004 0.679875
2063.14990 0.681343
2063.51001 0.682813
2063.87988 0.684293
2064.23999 0.685765
2064.61011 0.687242
2064.96997 0.688718
2065.34009 0.690195
2065.69995 0.691679
2066.06006 0.693155
2066.42993 0.694641
2066.79004 0.696129
2067.15991 0.697612
2067.52002 0.699102
2067.88989 0.700588
2068.25000 0.702081
2068.62012 0.703571
2068.97998 0.705061
2069.35010 0.706557
2069.70996 0.708051
2070.08008 0.709543
2070.43994 0.71103
2070.81006 0.712515
2071.17993 0.714004
2071.54004 0.715491
2071.90991 0.716983
2072.27002 0.718472
2072.63989 0.71996
2073.00000 0.721455
2073.37012 0.722954
2073.73999 0.724453
2074.10010 0.72595
2074.46997 0.727446
2074.83008 0.728945
2075.19995 0.730444
2075.57007 0.731949
2075.92993 0.733451
2076.30005 0.734954
2076.65991 0.736465
2077.03003 0.737972
2077.39990 0.739487
2077.76001 0.740995
2078.12988 0.742505
2078.50000 0.744023
2078.86011 0.745531
2079.22998 0.747051
2079.60010 0.748567
2079.95996 0.750089
2080.33008 0.751095
2080.69995 0.752044
2081.07007 0.752997
2081.42993 0.75395
2081.80005 0.754905
2082.16992 0.755862
2082.53003 0.756814
2082.89990 0.757772
2083.27002 0.758727
2083.63989 0.759686
2084.01001 0.760645
2084.37012 0.761602
2084.73999 0.762564
2085.11011 0.763523
2085.47998 0.764485
2085.84009 0.76545
2086.20996 0.766409
2086.58008 0.767374
2086.94995 0.768341
2087.32007 0.769305
2087.68994 0.770272
2088.05005 0.771238
2088.41992 0.772209
2088.79004 0.773178
2089.15991 0.774147
2089.53003 0.775117
2089.89990 0.776086
2090.27002 0.777053
2090.63989 0.778017
2091.00000 0.77898
2091.37012 0.779948
2091.73999 0.780913
2092.11011 0.781883
2092.47998 0.78285
2092.85010 0.783822
2093.21997 0.78479
2093.59009 0.785761
2093.95996 0.786732
2094.33008 0.787702
2094.69995 0.788674
2095.07007 0.789646
2095.42993 0.79062
2095.81006 0.791598
2096.17993 0.792572
2096.55005 0.79355
2096.90991 0.794525
2097.29004 0.795504
2097.65991 0.796484
2098.03003 0.797461
2098.39990 0.798443
2098.77002 0.799427
2099.13989 0.800405
2099.51001 0.801388
2099.87988 0.802368
2100.25000 0.803177
2100.62012 0.803899
2100.98999 0.804619
2101.36011 0.80534
2101.72998 0.806059
2102.10010 0.806782
2102.46997 0.807503
2102.84009 0.808222
2103.21997 0.808946
2103.59009 0.809669
2103.95996 0.810394
2104.33008 0.811118
2104.69995 0.81184
2105.07007 0.812566
2105.43994 0.813291
2105.82007 0.81402
2106.18994 0.814746
2106.56006 0.815471
2106.92993 0.816201
2107.30005 0.816926
2107.66992 0.817652
2108.05005 0.818382
2108.41992 0.819111
2108.79004 0.819842
2109.15991 0.820571
2109.53003 0.821304
2109.90991 0.822034
2110.28003 0.822758
2110.64990 0.823485
2111.02002 0.824206
2111.39990 0.824932
2111.77002 0.825656
2112.13989 0.82638
2112.51001 0.827105
2112.88989 0.827828
2113.26001 0.828556
2113.62988 0.829284
2114.01001 0.83001
2114.37988 0.830739
2114.75000 0.831467
2115.12012 0.832195
2115.50000 0.832923
2115.87012 0.833651
2116.23999 0.834382
2116.62012 0.835111
2116.98999 0.835842
2117.37012 0.836576
2117.73999 0.837308
2118.11011 0.838042
2118.48999 0.838773
2118.86011 0.839506
2119.23999 0.84024
2119.61011 0.84097
2119.97998 0.841707
2120.36011 0.842595
2120.72998 0.84349
2121.11011 0.844388
2121.47998 0.845283
2121.85010 0.846182
2122.22998 0.847079
2122.60010 0.847979
2122.97998 0.848877
2123.35010 0.849772
2123.71997 0.850674
2124.10010 0.851576
2124.47998 0.852478
2124.85010 0.853377
2125.21997 0.85428
2125.60010 0.855186
2125.97998 0.856091
2126.35010 0.856997
2126.72998 0.8579
2127.10010 0.858807
2127.47998 0.859716
2127.85010 0.86062
2128.22998 0.86153
2128.60010 0.862437
2128.97998 0.863345
2129.36011 0.864257
2129.72998 0.865166
2130.11011 0.866074
2130.47998 0.866969
2130.86011 0.867867
2131.23999 0.868767
2131.61011 0.869663
2131.98999 0.870566
2132.36011 0.871463
2132.73999 0.872361
2133.11011 0.873264
2133.48999 0.874165
2133.87012 0.875072
2134.25000 0.875975
2134.62012 0.876876
2135.00000 0.877782
2135.37988 0.878686
2135.75000 0.879594
2136.12988 0.880499
2136.50000 0.881401
2136.87988 0.882309
2137.26001 0.883216
2137.63989 0.884129
2138.01001 0.885037
2138.38989 0.885945
2138.77002 0.886856
2139.14990 0.887766
