threeML/data/optical_filters/HST/ACS_WFC-F658N_77.ecsv
# %ECSV 0.9
# ---
# datatype:
# - {name: wavelength, unit: Angstrom, datatype: float32}
# - {name: response, datatype: float32}
# meta: !!omap
# - {band_name: F658N_77}
# - {group_name: ACS_WFC}
wavelength response
5832.63916 0.0
6480.70996 0.00213305
6481.64014 0.00218919
6482.56006 0.00224554
6483.49023 0.00230191
6484.41992 0.00235812
6485.35010 0.00241455
6486.27979 0.00247099
6487.20020 0.00252723
6488.12988 0.00258349
6489.06006 0.00264001
6489.99023 0.00269656
6490.91016 0.00297282
6491.83984 0.00325203
6492.77002 0.00353338
6493.70020 0.0038128
6494.62988 0.00409245
6495.56006 0.00437426
6496.49023 0.00465411
6497.41992 0.00493509
6498.35010 0.00521632
6499.27979 0.00549662
6500.20996 0.00577708
6501.14014 0.00605892
6502.06982 0.00634101
6503.00000 0.0066222
6503.93018 0.00690457
6504.85986 0.0071872
6505.79004 0.00746892
6506.72021 0.00775078
6507.64990 0.00831025
6508.58984 0.00898894
6509.50977 0.00966544
6510.43994 0.0103419
6511.37988 0.0110237
6512.31006 0.0118508
6513.24023 0.0129808
6514.16992 0.0141154
6515.10010 0.0152509
6516.04004 0.0163826
6516.97021 0.0175147
6517.89990 0.0194748
6518.83008 0.0214679
6519.75977 0.0234544
6520.70020 0.0254476
6521.62988 0.0274418
6522.56006 0.0301105
6523.49023 0.0332261
6524.43018 0.0363536
6525.35986 0.0394835
6526.29980 0.0426025
6527.22998 0.046441
6528.16016 0.0525274
6529.10010 0.0586181
6530.02979 0.0646879
6530.95996 0.0707621
6531.89990 0.0768605
6532.83008 0.0878231
6533.77002 0.0993414
6534.70020 0.110905
6535.64014 0.122479
6536.56982 0.134013
6537.50977 0.151398
6538.43994 0.173818
6539.37988 0.196257
6540.31006 0.218632
6541.25000 0.241041
6542.18994 0.266294
6543.12012 0.301985
6544.06006 0.337716
6544.99023 0.373601
6545.93018 0.409525
6546.87012 0.445472
6547.81006 0.490561
6548.74023 0.537024
6549.68018 0.583491
6550.60986 0.630103
6551.54980 0.676712
6552.49023 0.718538
6553.43018 0.756322
6554.37012 0.794114
6555.29980 0.831778
6556.24023 0.869469
6557.18018 0.902598
6558.12012 0.915469
6559.04980 0.928298
6559.99023 0.941136
6560.93018 0.954181
6561.87012 0.967136
6562.81006 0.972855
6563.75000 0.977418
6564.68994 0.981985
6565.62012 0.986535
6566.56006 0.991086
6567.50000 0.991765
6568.43994 0.989038
6569.37988 0.986323
6570.31982 0.983557
6571.25977 0.980717
6572.20020 0.9784
6573.14014 0.977961
6574.08008 0.977519
6575.02002 0.977079
6575.95996 0.976637
6576.89990 0.976197
6577.83984 0.976905
6578.79004 0.97775
6579.72998 0.97859
6580.66992 0.979479
6581.60986 0.98038
6582.54980 0.982228
6583.49023 0.984741
6584.43018 0.987264
6585.37988 0.989789
6586.31982 0.992304
6587.25977 0.994437
6588.20020 0.995559
6589.14990 0.99668
6590.08984 0.997796
6591.02979 0.998895
6591.97021 1.0
6592.91016 0.998403
6593.85986 0.996727
6594.79980 0.995047
6595.75000 0.993366
6596.68994 0.99168
6597.64014 0.990493
6598.58008 0.98955
6599.52002 0.988605
6600.47021 0.987679
6601.41016 0.986777
6602.35010 0.984037
6603.29980 0.978214
6604.25000 0.972387
6605.18994 0.966583
6606.12988 0.960774
6607.08008 0.953503
6608.02002 0.930378
6608.97021 0.907331
6609.91016 0.884272
6610.85986 0.860963
6611.81006 0.837811
6612.75000 0.803075
6613.70020 0.765164
6614.64990 0.727244
6615.58984 0.689452
6616.52979 0.651648
6617.47998 0.611922
6618.43018 0.570448
6619.37988 0.529114
6620.31982 0.487599
6621.27002 0.446079
6622.22021 0.4068
6623.16016 0.374471
6624.10986 0.341998
6625.06006 0.309515
6626.00977 0.277139
6626.95020 0.244754
6627.89990 0.224546
6628.85010 0.204978
6629.79980 0.185486
6630.75000 0.165899
6631.70020 0.146307
6632.64990 0.132226
6633.58984 0.12069
6634.54004 0.109107
6635.49023 0.0975151
6636.43994 0.0859604
6637.39014 0.0765596
6638.33984 0.0702514
6639.29004 0.0639409
6640.24023 0.0576507
6641.18994 0.0513318
6642.14014 0.0454759
6643.08984 0.042313
6644.04004 0.0391491
6644.99023 0.0359712
6645.93994 0.0327922
6646.89014 0.0296122
6647.85010 0.027454
6648.79980 0.0254324
6649.75000 0.0234019
6650.70020 0.0213772
6651.64990 0.0193434
6652.60010 0.0177929
6653.54980 0.0165158
6654.50977 0.0152384
6655.45996 0.0139646
6656.41016 0.0126912
6657.35986 0.0116141
6658.31006 0.0108712
6659.25977 0.0101311
6660.22021 0.00939081
6661.16992 0.00864542
6662.12012 0.00793399
6663.06982 0.00741353
6664.02979 0.00689095
6664.97998 0.00636785
6665.93994 0.00584665
6666.89014 0.00532492
6667.83984 0.0048008
6668.79980 0.0042767
6669.75000 0.00375395
6670.70996 0.00355994
6671.66016 0.00348309
6672.60986 0.00340653
6673.56982 0.00332992
6674.52002 0.00325302
6675.47998 0.00317607
6676.43018 0.00309939
6677.39014 0.00302269
6678.33984 0.0029457
6679.29980 0.00286866
6680.25000 0.00279198
6681.20996 0.0027153
6682.16992 0.00263853
6683.12012 0.00256205
6684.06982 0.00248549
6685.02979 0.00240859
6685.99023 0.00233169
6686.93994 0.00225499
6687.89990 0.00217825
7356.68994 0.0
