threeML/data/optical_filters/HST/ACS_HRC-F814N.ecsv
# %ECSV 0.9
# ---
# datatype:
# - {name: wavelength, unit: Angstrom, datatype: float32}
# - {name: response, datatype: float32}
# meta: !!omap
# - {band_name: F814N}
# - {group_name: ACS_HRC}
wavelength response
[from data line 2398]
8600.55957 0.694855
8601.40039 0.695027
8602.23047 0.695198
8603.07031 0.695372
8603.91016 0.695544
8604.75000 0.695716
8605.58984 0.69589
8606.42969 0.696063
8607.26953 0.696234
8608.09961 0.696404
8608.94043 0.696576
8609.78027 0.69675
8610.62988 0.696754
8611.45996 0.696701
8612.29980 0.696648
8613.13965 0.696593
8613.98047 0.69654
8614.82031 0.696485
8615.66016 0.696432
8616.50000 0.696377
8617.33984 0.696321
8618.17969 0.696265
8619.01953 0.69621
8619.86035 0.696155
8620.70020 0.696856
8621.54004 0.697706
8622.37988 0.698548
8623.21973 0.6994
8624.05957 0.700251
8624.90039 0.701096
8625.74023 0.701951
8626.58984 0.702802
8627.41992 0.703649
8628.26953 0.704502
8629.09961 0.705348
8629.95020 0.706201
8630.79004 0.706361
8631.62988 0.706479
8632.48047 0.706597
8633.32031 0.706714
8634.15039 0.706827
8635.00000 0.706944
8635.83008 0.70706
8636.67969 0.707178
8637.51953 0.707292
8638.36035 0.707407
8639.20996 0.707524
8640.04980 0.707575
8640.88965 0.706662
8641.73047 0.705742
8642.57031 0.704826
8643.41992 0.703905
8644.25977 0.702985
8645.09961 0.702074
8645.94043 0.701152
8646.79004 0.700228
8647.62988 0.69931
8648.46973 0.698385
8649.30957 0.697465
8650.16016 0.696856
8651.00000 0.697587
8651.84961 0.698315
8652.69043 0.699041
8653.53027 0.699774
8654.37988 0.700506
8655.21973 0.701237
8656.05957 0.701962
8656.91016 0.702693
8657.75000 0.703425
8658.58984 0.704153
8659.44043 0.704883
8660.28027 0.705385
8661.12988 0.705442
8661.96973 0.705497
8662.80957 0.705552
8663.66016 0.705604
8664.50000 0.705658
8665.34961 0.705713
8666.20020 0.705766
8667.04004 0.705818
8667.87988 0.705872
8668.73047 0.705926
8669.57031 0.705978
8670.41992 0.705605
8671.25977 0.704794
8672.11035 0.703987
8672.95020 0.703177
8673.79980 0.702365
8674.65039 0.701558
8675.49023 0.70075
8676.33984 0.699938
8677.17969 0.699124
8678.03027 0.69831
8678.87012 0.697506
8679.71973 0.696691
8680.55957 0.696779
8681.41016 0.697319
8682.25977 0.697858
8683.09961 0.698393
8683.95020 0.698933
8684.79980 0.699474
8685.63965 0.700009
8686.49023 0.700548
8687.33984 0.701085
8688.19043 0.701623
8689.03027 0.702162
8689.87012 0.702696
8690.71973 0.702547
8691.57031 0.702276
8692.41992 0.702007
8693.26953 0.701738
8694.11035 0.701469
8694.95996 0.701201
8695.80957 0.700929
8696.66016 0.700659
8697.50977 0.700389
8698.34961 0.700118
8699.20020 0.699845
8700.04980 0.699561
8700.88965 0.699055
8701.74023 0.698548
8702.58984 0.698039
8703.44043 0.697532
8704.29004 0.697022
8705.13965 0.696511
8705.98047 0.696005
8706.83984 0.695491
8707.67969 0.694983
8708.53027 0.694473
8709.37988 0.693964
8710.23047 0.693874
8711.08008 0.694924
8711.92969 0.695978
8712.76953 0.697018
8713.62988 0.69807
8714.46973 0.699116
8715.32031 0.700167
8716.17969 0.701219
8717.01953 0.702268
8717.87988 0.70332
8718.73047 0.704372
8719.57031 0.705417
8720.42969 0.705523
8721.26953 0.704685
8722.12012 0.703841
8722.98047 0.702997
8723.82031 0.70216
8724.66992 0.701317
8725.51953 0.700473
8726.37012 0.699632
8727.23047 0.698787
8728.07031 0.697945
8728.92969 0.697099
8729.78027 0.696253
8730.62988 0.69616
8731.48047 0.696332
8732.33008 0.696503
8733.17969 0.696674
8734.04004 0.696844
8734.87988 0.697014
8735.73047 0.697185
8736.58984 0.697355
8737.44043 0.697524
8738.29004 0.697695
8739.15039 0.697866
8739.99023 0.698035
8740.84961 0.698191
8741.70020 0.698347
8742.54980 0.698505
8743.41016 0.698662
8744.25977 0.698818
8745.11035 0.698973
8745.95996 0.699127
8746.80957 0.699281
8747.66992 0.699439
8748.50977 0.699593
8749.37012 0.699749
8750.23047 0.699676
8751.08008 0.698966
8751.92969 0.698251
8752.79004 0.697536
8753.63965 0.696825
8754.49023 0.696115
8755.33984 0.695401
8756.20020 0.694684
8757.04980 0.69397
8757.90039 0.693261
8758.75977 0.692542
8759.61035 0.691828
8760.45996 0.692023
8761.32031 0.692994
8762.16992 0.693956
8763.03027 0.694924
8763.87988 0.695895
8764.73047 0.696857
8765.58984 0.697825
8766.44043 0.69879
8767.29980 0.699758
8768.16016 0.700728
8769.00000 0.701684
8769.86035 0.702653
8770.71973 0.702889
8771.57031 0.702982
8772.42969 0.703073
8773.28027 0.703165
8774.13965 0.703258
8774.99023 0.703349
8775.84961 0.703438
8776.70020 0.703531
8777.55957 0.703622
8778.41992 0.703712
8779.26953 0.703803
8780.12012 0.703875
8780.98047 0.703841
8781.83984 0.703805
8782.69043 0.703766
8783.54980 0.703729
8784.41016 0.703692
8785.25977 0.703656
8786.12012 0.703618
8786.96973 0.703579
8787.83008 0.703543
8788.69043 0.703503
8789.54980 0.703464
8790.40039 0.703396
8791.25977 0.703296
8792.11035 0.703194
8792.96973 0.703091
8793.83008 0.70299
8794.69043 0.702889
8795.54980 0.702786
8796.40039 0.702682
8797.25977 0.702578
8798.12012 0.702476
8798.96973 0.702374
8799.83008 0.702268
8800.69043 0.702709
8801.54980 0.703282
8802.41016 0.703854
8803.25977 0.704422
8804.12012 0.704995
8804.98047 0.705566
8805.83984 0.706136
8806.70020 0.706708
8807.54980 0.707276
8808.41016 0.707847
8809.26953 0.708419
8810.12988 0.708896
8810.99023 0.708839
8811.84961 0.708784
8812.70996 0.708727
8813.57031 0.708673
8814.41992 0.708618
8815.28027 0.70856
8816.13965 0.708503
8817.00000 0.708446
8817.86035 0.70839
8818.71973 0.708332
8819.58008 0.708275
8820.44043 0.708316
8821.29980 0.708449
8822.16016 0.708582
8823.01953 0.708717
8823.87988 0.70885
8824.74023 0.708982
8825.59961 0.709115
8826.45996 0.709245
8827.32031 0.709376
8828.17969 0.709508
8829.04004 0.70964
8829.90039 0.709771
8830.75977 0.709846
8831.62012 0.709914
8832.49023 0.70998
8833.34961 0.710047
8834.20996 0.710114
8835.07031 0.710178
8835.92969 0.710244
8836.79980 0.71031
8837.65039 0.710377
8838.50977 0.710441
8839.37012 0.710503
8840.24023 0.71067
8841.09961 0.711107
8841.95996 0.711542
8842.82031 0.711976
8843.69043 0.712415
8844.54980 0.712849
8845.41016 0.713281
8846.26953 0.713718
8847.12988 0.714152
8848.00000 0.714585
8848.84961 0.715015
8849.71973 0.715452
8850.58008 0.715383
8851.44043 0.715074
8852.30957 0.714764
8853.16992 0.714456
8854.03027 0.714144
8854.90039 0.713829
8855.75977 0.71352
8856.62012 0.713209
8857.49023 0.712899
8858.34961 0.712586
8859.21973 0.712273
8860.07031 0.711984
8860.94043 0.711928
8861.80957 0.711869
8862.66992 0.711811
8863.53027 0.711754
8864.40039 0.711695
8865.25977 0.711636
8866.12988 0.711577
8866.99023 0.711516
8867.84961 0.711456
8868.71973 0.711398
8869.58008 0.711338
8870.45020 0.711067
8871.32031 0.7106
8872.16992 0.710136
8873.04004 0.70967
8873.90039 0.709205
8874.76953 0.708736
8875.63965 0.708267
8876.50000 0.7078
8877.37012 0.707331
8878.23047 0.706861
8879.09961 0.706397
8879.96973 0.705925
8880.83008 0.706023
8881.69043 0.706147
8882.55957 0.706271
8883.41992 0.706393
8884.29004 0.706515
8885.16016 0.706638
8886.01953 0.706757
8886.88965 0.706878
8887.75000 0.706999
8888.62012 0.70712
8889.49023 0.707242
8890.34961 0.707221
8891.21973 0.706996
8892.08984 0.706773
8892.95996 0.70655
8893.83008 0.706322
8894.67969 0.7061
8895.54980 0.705874
8896.41992 0.705648
8897.29004 0.705422
8898.16016 0.705194
8899.03027 0.704963
8899.88965 0.70474
8900.75977 0.705095
8901.62988 0.705526
8902.50000 0.705961
8903.36035 0.706395
8904.23047 0.706831
8905.09961 0.707265
8905.96973 0.7077
8906.83008 0.708127
8907.70020 0.708561
8908.57031 0.708995
8909.44043 0.709429
8910.30957 0.709113
8911.16992 0.707446
8912.04980 0.705766
8912.91992 0.704088
8913.78027 0.702422
8914.65039 0.700745
8915.51953 0.699076
8916.38965 0.697397
8917.25977 0.695718
8918.12012 0.694056
8919.00000 0.692375
8919.86035 0.690708
8920.73047 0.690411
8921.59961 0.690377
8922.46973 0.690342
8923.33984 0.690307
8924.21973 0.690274
8925.08008 0.69024
8925.95996 0.690203
8926.82031 0.690169
8927.69043 0.690133
8928.57031 0.690095
8929.42969 0.690058
8930.29980 0.690292
8931.17969 0.691033
8932.04004 0.69177
8932.91992 0.692509
8933.78027 0.693245
8934.66016 0.693985
8935.53027 0.694723
8936.40039 0.695457
8937.26953 0.696196
8938.15039 0.696934
8939.00977 0.697665
8939.88965 0.698406
8940.75000 0.698148
8941.62988 0.697738
8942.50000 0.697331
8943.37012 0.696925
8944.24023 0.696516
8945.12012 0.69611
8945.99023 0.695701
8946.86035 0.695289
8947.73047 0.694882
8948.59961 0.694471
8949.46973 0.694063
8950.34961 0.693599
8951.21973 0.693049
8952.09961 0.692501
8952.95996 0.691957
8953.83984 0.691407
8954.70996 0.690863
8955.58008 0.690313
8956.45996 0.689763
8957.33008 0.689217
8958.20020 0.688667
8959.08008 0.688116
8959.95020 0.687566
8960.83008 0.686662
8961.69043 0.685742
8962.57031 0.684815
8963.45020 0.683887
8964.30957 0.682968
8965.19043 0.682041
8966.07031 0.681113
8966.94043 0.680193
8967.80957 0.679261
8968.67969 0.67834
8969.55957 0.677412
8970.44043 0.677273
8971.30957 0.677927
8972.19043 0.678583
8973.05957 0.679234
8973.92969 0.67989
8974.80957 0.680542
8975.67969 0.681191
8976.55957 0.681846
8977.42969 0.6825
8978.30957 0.683151
8979.17969 0.683805
8980.05957 0.6844
8980.92969 0.68423
8981.80957 0.684051
8982.67969 0.683876
8983.55957 0.6837
8984.44043 0.683523
8985.30957 0.683348
8986.19043 0.683172
8987.05957 0.682994
8987.94043 0.682819
8988.82031 0.68264
8989.69043 0.682463
8990.57031 0.682618
8991.44043 0.682957
8992.32031 0.683293
8993.20020 0.683632
8994.08008 0.683967
8994.95020 0.684305
8995.83008 0.68464
8996.70020 0.684975
8997.58008 0.685312
8998.45996 0.68565
8999.33008 0.685981
9000.20996 0.686363
9001.08984 0.686892
9001.96973 0.687426
9002.84961 0.687957
9003.71973 0.688484
9004.59961 0.689017
9005.48047 0.689548
9006.34961 0.690075
9007.24023 0.690606
9008.11035 0.691132
9008.99023 0.691663
9009.87012 0.692189
9010.74023 0.692193
9011.62012 0.692104
9012.50000 0.692015
9013.37988 0.691927
9014.25977 0.69184
9015.13965 0.691752
9016.01953 0.691663
9016.90039 0.691573
9017.76953 0.691482
9018.66016 0.691391
9019.53027 0.691301
9020.41016 0.691133
9021.29980 0.690878
9022.16992 0.690629
9023.04980 0.690374
9023.92969 0.69012
9024.80957 0.689867
9025.69043 0.689612
9026.57031 0.689355
9027.45020 0.689101
9028.33008 0.688845
9029.20996 0.688589
9030.08984 0.688329
9030.96973 0.688052
9031.84961 0.687773
9032.73047 0.687495
9033.61035 0.687216
9034.49023 0.686939
9035.37012 0.686658
9036.25000 0.686379
9037.12988 0.686099
9038.00977 0.685817
9038.88965 0.685538
9039.78027 0.685256
9040.66016 0.685192
9041.54004 0.685199
9042.41992 0.685206
9043.29980 0.685211
9044.17969 0.685217
9045.07031 0.685224
9045.94043 0.685229
9046.83008 0.685233
9047.70996 0.685236
9048.58984 0.685239
9049.46973 0.685243
9050.34961 0.684982
9051.24023 0.68432
9052.12012 0.68366
9053.00000 0.682999
9053.88965 0.682339
9054.76953 0.681682
9055.65039 0.681019
9056.54004 0.680355
9057.41016 0.6797
9058.29980 0.679039
9059.17969 0.678376
9060.05957 0.677772
9060.95020 0.677945
9061.83008 0.67812
9062.70996 0.678292
9063.59961 0.678466
9064.48047 0.678638
9065.36035 0.678811
9066.25000 0.678982
9067.12988 0.679153
9068.01953 0.679323
9068.90039 0.679492
9069.78027 0.679663
9070.66992 0.680166
9071.54980 0.680779
9072.42969 0.681393
9073.32031 0.682005
9074.20020 0.682613
9075.08984 0.683224
9075.98047 0.683837
9076.86035 0.684444
9077.75000 0.685054
9078.62988 0.68566
9079.50977 0.686271
9080.40039 0.685983
9081.28027 0.684627
9082.16992 0.683252
9083.04980 0.681886
9083.94043 0.680516
9084.83008 0.679142
9085.70996 0.677776
9086.59961 0.676403
9087.48047 0.675031
9088.37012 0.673664
9089.25000 0.672292
9090.13965 0.671167
9091.03027 0.671347
9091.91992 0.671526
9092.79004 0.671703
9093.67969 0.671884
9094.57031 0.672061
9095.45020 0.672237
9096.33984 0.672414
9097.23047 0.672592
9098.12012 0.672768
9099.00000 0.672947
9099.88965 0.673121
9100.78027 0.67238
9101.66016 0.67151
9102.54980 0.670638
9103.44043 0.669766
9104.32031 0.668904
9105.20996 0.668031
9106.09961 0.667158
9106.99023 0.666288
9107.87988 0.665413
9108.76953 0.66454
9109.65039 0.663671
9110.54004 0.664174
9111.42969 0.665557
9112.32031 0.666946
9113.20996 0.668333
9114.08984 0.669711
9114.98047 0.671101
9115.87012 0.672488
9116.75000 0.67386
9117.65039 0.675247
9118.53027 0.676623
9119.41992 0.678006
9120.30957 0.678709
9121.20020 0.678157
9122.08984 0.677606
9122.98047 0.67705
9123.87012 0.676503
9124.75977 0.675948
9125.65039 0.675398
9126.54004 0.674842
9127.42969 0.674287
9128.30957 0.673741
9129.20996 0.673187
9130.09961 0.672592
9130.99023 0.671666
9131.87988 0.670738
9132.75977 0.669816
9133.66016 0.668886
9134.54980 0.667956
9135.44043 0.667031
9136.33008 0.666103
9137.21973 0.665172
9138.11035 0.664246
9139.00000 0.663318
9139.88965 0.662398
9140.78027 0.662518
9141.66992 0.662792
9142.55957 0.663062
9143.45020 0.663334
9144.34961 0.663606
9145.24023 0.663874
9146.12988 0.664146
9147.01953 0.664413
9147.91016 0.664685
9148.80957 0.664953
9149.70020 0.66522
9150.58984 0.665536
9151.49023 0.665875
9152.37012 0.66621
9153.25977 0.666548
9154.15039 0.666884
9155.04980 0.66722
9155.94043 0.66756
9156.83008 0.667892
9157.73047 0.668227
9158.62012 0.668562
9159.50977 0.668895
9160.41016 0.66882
9161.29980 0.668259
9162.19043 0.667695
9163.08984 0.667132
9163.96973 0.666569
9164.87012 0.666008
9165.75977 0.665443
9166.66016 0.664878
9167.54980 0.664311
9168.44043 0.663748
9169.33984 0.663184
9170.23047 0.662817
9171.12012 0.663014
9172.01953 0.663217
9172.91016 0.663417
9173.80957 0.66362
9174.70020 0.663818
9175.58984 0.664014
9176.49023 0.664216
9177.38965 0.664416
9178.28027 0.664611
9179.16992 0.664808
9180.07031 0.66498
9180.95996 0.664866
9181.86035 0.664755
9182.75000 0.664639
9183.65039 0.664524
9184.54980 0.66441
9185.44043 0.664294
9186.33984 0.664179
9187.23047 0.664066
9188.12012 0.663949
9189.01953 0.66383
9189.91016 0.66371
9190.80957 0.663868
9191.70996 0.664055
9192.59961 0.664241
9193.50000 0.664426
9194.40039 0.664608
9195.29004 0.664792
9196.19043 0.664978
9197.08984 0.665158
9197.98047 0.66534
9198.87988 0.665526
9199.76953 0.665705
9200.66992 0.666037
9201.57031 0.66642
9202.45996 0.666802
9203.36035 0.667184
9204.25977 0.667563
9205.16016 0.667941
9206.05957 0.668325
9206.95020 0.668703
9207.84961 0.669081
9208.75000 0.669457
9209.65039 0.669834
9210.54980 0.669669
9211.44043 0.669157
9212.33984 0.668638
9213.24023 0.668121
9214.12988 0.667606
9215.03027 0.667086
9215.92969 0.666571
9216.83008 0.666051
9217.73047 0.665535
9218.62012 0.665018
9219.51953 0.664499
9220.41992 0.664255
9221.32031 0.664318
9222.21973 0.664382
9223.11035 0.664446
9224.01953 0.664507
9224.91992 0.664569
9225.80957 0.664632
9226.71973 0.664692
9227.62012 0.664751
9228.50977 0.664813
9229.41992 0.664874
9230.30957 0.664794
9231.21973 0.664456
9232.12012 0.664118
9233.00977 0.663782
9233.91992 0.663441
9234.82031 0.663103
9235.70996 0.662766
9236.61035 0.662426
9237.50977 0.662088
9238.41016 0.661747
9239.32031 0.661407
9240.20996 0.661062
9241.12012 0.660692
9242.01953 0.660323
9242.91992 0.659955
9243.82031 0.659582
9244.71973 0.659215
9245.62012 0.658845
9246.53027 0.658475
9247.41992 0.658107
9248.32031 0.657735
9249.21973 0.657364
9250.12988 0.657108
9251.03027 0.657583
9251.92969 0.658055
9252.83008 0.658525
9253.74023 0.658995
9254.63965 0.659463
9255.54004 0.659931
9256.44043 0.660395
9257.33984 0.660862
9258.25000 0.661329
9259.15039 0.661791
9260.04980 0.662237
9260.95020 0.662338
9261.84961 0.662433
9262.75977 0.662532
9263.66016 0.662632
9264.55957 0.662731
9265.46973 0.662829
9266.37012 0.662925
9267.26953 0.663023
9268.17969 0.663118
9269.08008 0.663213
9269.99023 0.663307
9270.87988 0.662777
9271.79004 0.662236
9272.69043 0.661695
9273.59961 0.661151
9274.50000 0.660606
9275.41016 0.660065
9276.30957 0.659525
9277.21973 0.658979
9278.12012 0.658437
9279.01953 0.657895
9279.92969 0.657349
9280.83008 0.656752
9281.74023 0.656148
9282.65039 0.655547
9283.54980 0.654951
9284.45020 0.654347
9285.34961 0.653746
9286.25977 0.653144
9287.16992 0.65254
9288.07031 0.651937
9288.98047 0.651336
9289.88965 0.650729
9290.79004 0.650774
9291.70020 0.650915
9292.59961 0.651054
9293.50977 0.65119
9294.41016 0.651325
9295.30957 0.651462
9296.21973 0.651599
9297.12988 0.651731
9298.03027 0.651865
9298.94043 0.652001
9299.84961 0.652132
