threeML/data/optical_filters/HST/ACS_SBC-F125LP.ecsv
# %ECSV 0.9
# ---
# datatype:
# - {name: wavelength, unit: Angstrom, datatype: float32}
# - {name: response, datatype: float32}
# meta: !!omap
# - {band_name: F125LP}
# - {group_name: ACS_SBC}
wavelength response
[from data line 803]
1414.38000 0.902644
1414.64001 0.902239
1414.91003 0.901835
1415.17004 0.901331
1415.43994 0.900775
1415.70996 0.90022
1415.97998 0.899664
1416.23999 0.899105
1416.51001 0.89855
1416.78003 0.897993
1417.04004 0.897459
1417.31006 0.897049
1417.57996 0.89664
1417.84998 0.896231
1418.10999 0.895757
1418.38000 0.895197
1418.65002 0.894639
1418.91003 0.894076
1419.18005 0.893616
1419.44995 0.893204
1419.71997 0.892792
1419.97998 0.892379
1420.25000 0.89182
1420.52002 0.891252
1420.79004 0.890682
1421.06006 0.890108
1421.31995 0.889538
1421.58997 0.888967
1421.85999 0.888395
1422.13000 0.887894
1422.39001 0.887473
1422.66003 0.88705
1422.93005 0.886627
1423.19995 0.886092
1423.46997 0.885519
1423.72998 0.884944
1424.00000 0.884368
1424.27002 0.883793
1424.54004 0.883217
1424.81006 0.882639
1425.07996 0.882106
1425.34998 0.881681
1425.60999 0.881255
1425.88000 0.880825
1426.15002 0.880314
1426.42004 0.879735
1426.68994 0.879154
1426.95996 0.878576
1427.22998 0.877996
1427.50000 0.877414
1427.77002 0.876833
1428.03003 0.876271
1428.30005 0.87584
1428.56995 0.875409
1428.83997 0.874978
1429.10999 0.874485
1429.38000 0.873901
1429.65002 0.873315
1429.92004 0.872731
1430.18994 0.872247
1430.45996 0.871806
1430.72998 0.871365
1431.00000 0.870924
1431.27002 0.87033
1431.54004 0.869736
1431.81006 0.869142
1432.07996 0.868547
1432.34998 0.867952
1432.62000 0.867355
1432.88000 0.866759
1433.16003 0.866249
1433.43005 0.865803
1433.69995 0.865358
1433.96997 0.864915
1434.23999 0.864334
1434.51001 0.863735
1434.78003 0.863136
1435.05005 0.862563
1435.31995 0.862114
1435.58997 0.861667
1435.85999 0.861219
1436.13000 0.860697
1436.40002 0.860094
1436.67004 0.859492
1436.93994 0.858887
1437.20996 0.858285
1437.47998 0.857682
1437.75000 0.857078
1438.03003 0.856486
1438.30005 0.856035
1438.56995 0.855582
1438.83997 0.85513
1439.10999 0.854616
1439.38000 0.854009
1439.65002 0.853402
1439.92004 0.852793
1440.18994 0.85229
1440.46997 0.851825
1440.73999 0.851364
1441.01001 0.850895
1441.28003 0.850276
1441.55005 0.849658
1441.81995 0.849037
1442.09998 0.848472
1442.37000 0.848007
1442.64001 0.847541
1442.91003 0.847075
1443.18005 0.846506
1443.44995 0.845882
1443.72998 0.845259
1444.00000 0.844636
1444.27002 0.844014
1444.54004 0.843392
1444.81995 0.842767
1445.08997 0.842192
1445.35999 0.841723
1445.63000 0.841251
1445.90002 0.840781
1446.18005 0.840211
1446.44995 0.839585
1446.71997 0.838956
1446.98999 0.838329
1447.27002 0.837854
1447.54004 0.837381
1447.81006 0.836908
1448.08997 0.836387
1448.35999 0.835757
1448.63000 0.835126
1448.90002 0.834496
1449.18005 0.833865
1449.44995 0.833234
1449.71997 0.832601
1450.00000 0.831971
1450.27002 0.831279
1450.54004 0.830581
1450.81995 0.829887
1451.08997 0.829142
1451.37000 0.828289
1451.64001 0.827441
1451.91003 0.826591
1452.18005 0.825846
1452.45996 0.825149
1452.72998 0.824456
1453.01001 0.823758
1453.28003 0.822905
1453.55005 0.822054
1453.82996 0.821203
1454.09998 0.82041
1454.38000 0.819714
1454.65002 0.819019
1454.92004 0.818324
1455.19995 0.817517
1455.46997 0.816663
1455.75000 0.815811
1456.02002 0.814972
1456.30005 0.814274
1456.56995 0.813579
1456.83997 0.812886
1457.12000 0.812124
1457.39001 0.81127
1457.67004 0.810417
1457.93994 0.809565
1458.21997 0.808832
1458.48999 0.808139
1458.77002 0.807443
1459.04004 0.806724
1459.31995 0.805869
1459.58997 0.805016
1459.87000 0.804163
1460.14001 0.803384
1460.42004 0.802677
1460.68994 0.801971
1460.96997 0.801264
1461.23999 0.800417
1461.52002 0.799553
1461.79004 0.798689
1462.06995 0.797862
1462.33997 0.797158
1462.62000 0.796451
1462.89001 0.795744
1463.17004 0.794935
1463.44995 0.794071
1463.71997 0.793207
1464.00000 0.792343
1464.27002 0.791478
1464.55005 0.790614
1464.82996 0.789747
1465.09998 0.788941
1465.38000 0.788232
1465.65002 0.787526
1465.93005 0.786819
1466.20996 0.785991
1466.47998 0.785127
1466.76001 0.784262
1467.04004 0.783415
1467.31006 0.782708
1467.58997 0.782002
1467.87000 0.781294
1468.14001 0.780501
1468.42004 0.779635
1468.69995 0.77877
1468.96997 0.777902
1469.25000 0.777181
1469.53003 0.776473
1469.80005 0.775763
1470.07996 0.775006
1470.35999 0.774126
1470.63000 0.773249
1470.91003 0.772372
1471.18994 0.771602
1471.46997 0.770882
1471.73999 0.77016
1472.02002 0.769428
1472.30005 0.768551
1472.57996 0.767673
1472.84998 0.766793
1473.13000 0.76599
1473.41003 0.76527
1473.68994 0.764548
1473.95996 0.763827
1474.23999 0.76297
1474.52002 0.762093
1474.80005 0.761215
1475.06995 0.760379
1475.34998 0.759657
1475.63000 0.758937
1475.91003 0.758214
1476.18994 0.757388
1476.45996 0.756512
1476.73999 0.755632
1477.02002 0.754766
1477.30005 0.754045
1477.57996 0.753325
1477.85999 0.752602
1478.13000 0.751805
1478.41003 0.750927
1478.68994 0.750046
1478.96997 0.749167
1479.25000 0.748431
1479.53003 0.747708
1479.81006 0.746987
1480.08997 0.746263
1480.37000 0.745529
1480.64001 0.744795
1480.92004 0.744061
1481.19995 0.743213
1481.47998 0.742322
1481.76001 0.741428
1482.04004 0.740562
1482.31995 0.739829
1482.59998 0.739094
1482.88000 0.73836
1483.16003 0.737535
1483.43994 0.736646
1483.71997 0.735753
1484.00000 0.734862
1484.28003 0.734126
1484.56006 0.733391
1484.83997 0.732657
1485.12000 0.731859
1485.39001 0.730968
1485.67004 0.730074
1485.94995 0.729183
1486.22998 0.728424
1486.52002 0.727689
1486.80005 0.726955
1487.07996 0.726179
1487.35999 0.725291
1487.64001 0.724397
1487.92004 0.723505
1488.19995 0.722722
1488.47998 0.721987
1488.76001 0.721253
1489.04004 0.720522
1489.31995 0.719789
1489.59998 0.719054
1489.88000 0.71832
1490.16003 0.717489
1490.43994 0.716581
1490.71997 0.715676
1491.00000 0.714772
1491.28003 0.714025
1491.56995 0.713276
1491.84998 0.712529
1492.13000 0.71171
1492.41003 0.710805
1492.68994 0.709897
1492.96997 0.708995
1493.25000 0.708229
1493.54004 0.707481
1493.81995 0.706733
1494.09998 0.705932
1494.38000 0.705024
1494.66003 0.704122
1494.93994 0.703217
1495.21997 0.702438
1495.51001 0.701687
1495.79004 0.70094
1496.06995 0.700154
1496.34998 0.699249
1496.63000 0.698345
1496.91003 0.69744
1497.19995 0.696646
1497.47998 0.695897
1497.76001 0.695151
1498.04004 0.694404
1498.32996 0.693658
1498.60999 0.692909
1498.89001 0.692163
1499.17004 0.691319
1499.45996 0.690412
1499.73999 0.689508
1500.02002 0.688621
1500.30005 0.687931
1500.58997 0.687237
1500.87000 0.686547
1501.15002 0.685771
1501.43994 0.684919
1501.71997 0.684073
1502.00000 0.683224
1502.28003 0.682533
1502.56995 0.681841
1502.84998 0.68115
1503.13000 0.680458
1503.42004 0.679765
1503.69995 0.679074
1503.97998 0.678382
1504.27002 0.677542
1504.55005 0.67669
1504.82996 0.67584
1505.12000 0.675055
1505.40002 0.674362
1505.68005 0.673672
1505.96997 0.672978
1506.25000 0.672284
1506.54004 0.671593
1506.81995 0.6709
1507.09998 0.67015
1507.39001 0.669299
1507.67004 0.668448
1507.95996 0.667597
1508.23999 0.666878
1508.53003 0.666185
1508.81006 0.66549
1509.08997 0.664748
1509.38000 0.663896
1509.66003 0.663042
1509.94995 0.66219
1510.22998 0.661459
1510.52002 0.660754
1510.80005 0.66005
1511.08997 0.659347
1511.37000 0.658641
1511.65002 0.657938
1511.93994 0.657234
1512.21997 0.656405
1512.51001 0.65554
1512.79004 0.65468
1513.07996 0.653861
1513.37000 0.653155
1513.65002 0.652451
1513.93005 0.651745
1514.21997 0.651041
1514.51001 0.650337
1514.79004 0.649633
1515.07996 0.648886
1515.35999 0.648022
1515.65002 0.647156
1515.93005 0.646293
1516.21997 0.645551
1516.51001 0.644845
1516.79004 0.64414
1517.07996 0.643393
1517.35999 0.642527
1517.65002 0.641662
1517.93005 0.640799
1518.21997 0.640057
1518.51001 0.639352
1518.79004 0.638647
1519.07996 0.63794
1519.37000 0.637235
1519.65002 0.636528
1519.93994 0.635823
1520.21997 0.634989
1520.51001 0.634115
1520.80005 0.633244
1521.07996 0.632418
1521.37000 0.631701
1521.66003 0.630989
1521.93994 0.630278
1522.22998 0.629565
1522.52002 0.628851
1522.80005 0.628138
1523.08997 0.627374
1523.38000 0.626499
1523.67004 0.625627
1523.94995 0.624755
1524.23999 0.624015
1524.53003 0.6233
1524.81995 0.622588
1525.09998 0.621874
1525.39001 0.621161
1525.68005 0.620446
1525.95996 0.619735
1526.25000 0.618882
1526.54004 0.618004
1526.82996 0.617131
1527.12000 0.616322
1527.40002 0.615609
1527.68994 0.614895
1527.97998 0.614182
1528.27002 0.613469
1528.55005 0.612753
1528.83997 0.612039
1529.13000 0.611254
1529.42004 0.610381
1529.70996 0.609504
1529.98999 0.608631
1530.28003 0.607911
1530.56995 0.60719
1530.85999 0.606472
1531.15002 0.605755
1531.43994 0.605038
1531.72998 0.604316
1532.02002 0.603598
1532.30005 0.60288
1532.58997 0.60216
1532.88000 0.601441
1533.17004 0.600632
1533.45996 0.599754
1533.75000 0.598873
1534.04004 0.598015
1534.32996 0.597297
1534.62000 0.596576
1534.90002 0.595858
1535.18994 0.59514
1535.47998 0.594419
1535.77002 0.5937
1536.06006 0.592948
1536.34998 0.59207
1536.64001 0.591191
1536.93005 0.59031
1537.21997 0.589553
1537.51001 0.588835
1537.80005 0.588114
1538.08997 0.587396
1538.38000 0.586677
1538.67004 0.585956
1538.95996 0.585239
1539.25000 0.584521
1539.54004 0.583802
1539.82996 0.583081
1540.12000 0.582294
1540.41003 0.581414
1540.69995 0.580537
1540.98999 0.579654
1541.28003 0.578928
1541.56995 0.578208
1541.85999 0.577486
1542.15002 0.576764
1542.43994 0.576046
1542.72998 0.575326
1543.02002 0.57459
1543.31006 0.57371
1543.60999 0.57283
1543.90002 0.571947
1544.18994 0.57117
1544.47998 0.570452
1544.77002 0.569732
1545.06006 0.56901
1545.34998 0.568287
1545.64001 0.567567
1545.93005 0.566847
1546.21997 0.566126
1546.52002 0.565406
1546.81006 0.564684
1547.09998 0.563909
1547.39001 0.563026
1547.68005 0.562145
1547.96997 0.561267
1548.27002 0.56053
1548.56006 0.55981
1548.84998 0.55909
1549.14001 0.558368
1549.43005 0.557647
1549.71997 0.556926
1550.02002 0.556211
1550.31006 0.555602
1550.59998 0.554989
1550.89001 0.554375
1551.18994 0.553663
1551.47998 0.552888
1551.77002 0.552115
1552.06006 0.551376
1552.35999 0.550763
1552.65002 0.550148
1552.93994 0.549534
1553.22998 0.548918
1553.53003 0.548304
1553.81995 0.547691
1554.10999 0.547065
1554.40002 0.546416
1554.69995 0.545768
1554.98999 0.54512
1555.28003 0.54447
1555.57996 0.543822
1555.87000 0.543174
1556.16003 0.542523
1556.45996 0.541874
1556.75000 0.541224
1557.04004 0.540573
1557.33997 0.539923
1557.63000 0.539272
1557.92004 0.538622
1558.21997 0.537983
1558.51001 0.537346
1558.81006 0.536711
1559.09998 0.53607
1559.39001 0.535416
1559.68994 0.534766
1559.97998 0.534113
1560.27002 0.533465
1560.56995 0.532814
1560.85999 0.532165
1561.16003 0.531514
1561.44995 0.530864
1561.73999 0.530214
1562.04004 0.529564
1562.32996 0.528912
1562.63000 0.528262
1562.92004 0.527611
1563.21997 0.52696
1563.51001 0.526306
1563.81006 0.525654
1564.09998 0.525008
1564.39001 0.524372
1564.68994 0.523734
1564.97998 0.523097
1565.28003 0.522446
1565.57996 0.521792
1565.87000 0.521138
1566.16003 0.520484
1566.45996 0.519825
1566.76001 0.519171
1567.05005 0.518518
1567.34998 0.517862
1567.64001 0.517205
1567.93994 0.51655
1568.22998 0.515894
1568.53003 0.515235
1568.81995 0.514579
1569.12000 0.513922
1569.41003 0.513265
1569.70996 0.512608
1570.01001 0.511948
1570.30005 0.511314
1570.59998 0.510679
1570.89001 0.510042
1571.18994 0.509398
1571.47998 0.508746
1571.78003 0.50809
1572.07996 0.507438
1572.38000 0.506785
1572.67004 0.50613
1572.96997 0.505478
1573.26001 0.504824
1573.56006 0.504171
1573.85999 0.503514
1574.15002 0.502858
1574.44995 0.502203
1574.75000 0.501548
1575.04004 0.500897
1575.33997 0.500274
1575.64001 0.499651
1575.93005 0.499027
1576.22998 0.498388
1576.53003 0.497748
1576.82996 0.497107
1577.12000 0.496464
1577.42004 0.495823
1577.71997 0.495181
1578.02002 0.494538
1578.31006 0.493913
1578.60999 0.493288
1578.91003 0.492662
1579.19995 0.492022
1579.50000 0.491377
1579.80005 0.490733
1580.09998 0.490098
1580.39001 0.48948
1580.68994 0.488861
1580.98999 0.48824
1581.29004 0.487607
1581.58997 0.486969
1581.88000 0.486333
1582.18005 0.485696
1582.47998 0.485058
1582.78003 0.48442
1583.07996 0.483787
1583.38000 0.483164
1583.67004 0.482543
1583.96997 0.481921
1584.27002 0.481282
1584.56995 0.480643
1584.87000 0.480004
1585.17004 0.479364
1585.45996 0.478724
1585.77002 0.478083
1586.06006 0.477445
1586.35999 0.476822
1586.66003 0.476197
1586.95996 0.475572
1587.26001 0.474933
1587.56006 0.474289
1587.85999 0.473645
1588.16003 0.473013
1588.44995 0.472387
1588.76001 0.471759
1589.05005 0.471129
1589.34998 0.470486
1589.65002 0.46984
1589.94995 0.469195
1590.25000 0.468561
1590.55005 0.467926
1590.84998 0.467292
1591.15002 0.466667
1591.44995 0.46605
1591.75000 0.46543
1592.05005 0.464809
1592.34998 0.464176
1592.65002 0.463541
1592.94995 0.462903
1593.25000 0.462281
1593.55005 0.46166
1593.84998 0.461038
1594.15002 0.460411
1594.44995 0.459774
1594.75000 0.459137
1595.05005 0.458497
1595.35999 0.457857
1595.65002 0.45722
1595.95996 0.45658
1596.26001 0.455955
1596.56006 0.455332
1596.85999 0.454709
1597.16003 0.454075
1597.45996 0.453435
1597.76001 0.452794
1598.06006 0.452157
1598.35999 0.451532
1598.66003 0.450907
1598.96997 0.45028
1599.27002 0.449638
1599.56995 0.448996
1599.87000 0.448355
1600.17004 0.447695
1600.46997 0.44702
1600.78003 0.446345
1601.07996 0.44567
1601.38000 0.444996
1601.68005 0.444324
1601.97998 0.443651
1602.28003 0.442975
1602.58997 0.442301
1602.89001 0.441628
1603.18994 0.440952
1603.48999 0.44028
1603.79004 0.439603
1604.09998 0.438931
1604.40002 0.438255
1604.69995 0.437578
1605.00000 0.436903
1605.31006 0.436229
1605.60999 0.435552
1605.91003 0.434879
1606.20996 0.434192
1606.52002 0.433496
1606.81995 0.432804
1607.12000 0.432119
1607.43005 0.431441
1607.72998 0.430768
1608.03003 0.430092
1608.32996 0.429421
1608.64001 0.428749
1608.93994 0.428078
1609.23999 0.427406
1609.55005 0.426733
1609.84998 0.426063
1610.15002 0.425398
1610.45996 0.424742
1610.76001 0.424086
1611.06006 0.423428
1611.37000 0.422771
1611.67004 0.422115
1611.96997 0.421456
1612.28003 0.4208
1612.57996 0.420143
1612.89001 0.419484
1613.18994 0.418826
1613.48999 0.418171
1613.80005 0.417513
1614.09998 0.416853
1614.41003 0.416195
1614.70996 0.415537
1615.02002 0.414877
1615.31995 0.414219
1615.62000 0.41356
1615.93005 0.412902
1616.22998 0.412243
1616.54004 0.411582
1616.83997 0.410923
1617.15002 0.410264
1617.44995 0.409602
1617.76001 0.408943
1618.06006 0.408279
1618.37000 0.407601
1618.67004 0.406924
1618.97998 0.406247
1619.28003 0.405585
1619.58997 0.404924
1619.89001 0.404264
1620.19995 0.403614
1620.50000 0.402969
1620.81006 0.402324
1621.10999 0.40168
1621.42004 0.401038
1621.71997 0.400392
1622.03003 0.399748
1622.33997 0.399103
1622.64001 0.398457
1622.94995 0.39781
1623.25000 0.397166
1623.56006 0.396521
1623.87000 0.395874
1624.17004 0.395228
1624.47998 0.394582
1624.78003 0.393934
1625.08997 0.393298
1625.39001 0.392685
1625.69995 0.392074
1626.01001 0.39146
1626.31006 0.390845
1626.62000 0.390232
1626.93005 0.389618
1627.22998 0.388989
1627.54004 0.38836
1627.84998 0.387729
1628.15002 0.387105
1628.45996 0.386489
1628.77002 0.385874
1629.06995 0.385261
1629.38000 0.384644
1629.68994 0.384029
1629.98999 0.383414
1630.30005 0.382816
1630.60999 0.382219
1630.92004 0.381622
1631.21997 0.381011
1631.53003 0.380398
1631.83997 0.379782
1632.15002 0.379175
1632.44995 0.378577
1632.76001 0.377977
1633.06995 0.377378
1633.38000 0.376779
1633.68005 0.376181
1633.98999 0.375579
1634.30005 0.37498
1634.60999 0.374378
1634.92004 0.373778
1635.21997 0.37318
1635.53003 0.372579
1635.83997 0.371977
1636.15002 0.371368
1636.45996 0.370749
1636.77002 0.370129
1637.07996 0.369514
1637.38000 0.368912
1637.68994 0.368308
1638.00000 0.367707
1638.31006 0.367103
1638.62000 0.366499
1638.93005 0.365897
1639.23999 0.365292
1639.55005 0.364688
1639.84998 0.364085
1640.16003 0.36348
1640.46997 0.362879
1640.78003 0.362277
1641.08997 0.361678
1641.40002 0.361094
1641.70996 0.360509
1642.02002 0.359923
1642.32996 0.359335
1642.64001 0.358749
1642.94995 0.35816
1643.26001 0.357573
1643.56995 0.356986
1643.88000 0.356398
1644.18994 0.355808
1644.50000 0.35522
1644.81006 0.354631
1645.12000 0.354036
