threeML/data/optical_filters/HST/ACS_SBC-PR110L.ecsv
# %ECSV 0.9
# ---
# datatype:
# - {name: wavelength, unit: Angstrom, datatype: float32}
# - {name: response, datatype: float32}
# meta: !!omap
# - {band_name: PR110L}
# - {group_name: ACS_SBC}
wavelength response
[from data line 802]
1356.23999 0.993319
1356.50000 0.993134
1356.76001 0.99295
1357.02002 0.992765
1357.29004 0.992578
1357.55005 0.992391
1357.81006 0.992204
1358.06995 0.992054
1358.32996 0.992004
1358.59998 0.991953
1358.85999 0.991903
1359.12000 0.991787
1359.38000 0.991596
1359.64001 0.991404
1359.91003 0.991212
1360.17004 0.991109
1360.43005 0.991054
1360.68994 0.990999
1360.95996 0.990943
1361.21997 0.99077
1361.47998 0.990573
1361.73999 0.990376
1362.01001 0.990183
1362.27002 0.990125
1362.53003 0.990066
1362.80005 0.990006
1363.06006 0.989914
1363.31995 0.989714
1363.58997 0.989511
1363.84998 0.989309
1364.10999 0.989167
1364.38000 0.989105
1364.64001 0.989041
1364.90002 0.988977
1365.16003 0.988824
1365.43005 0.988618
1365.68994 0.988411
1365.95996 0.988203
1366.21997 0.988114
1366.47998 0.988047
1366.75000 0.987979
1367.01001 0.987905
1367.27002 0.987695
1367.54004 0.987484
1367.80005 0.987271
1368.06995 0.987094
1368.32996 0.987024
1368.59998 0.986952
1368.85999 0.98688
1369.12000 0.986742
1369.39001 0.986526
1369.65002 0.986309
1369.92004 0.986092
1370.18005 0.985971
1370.44995 0.985895
1370.70996 0.985818
1370.96997 0.985741
1371.23999 0.985534
1371.50000 0.985312
1371.77002 0.98509
1372.03003 0.984883
1372.30005 0.984804
1372.56006 0.984723
1372.82996 0.984642
1373.08997 0.98451
1373.35999 0.984283
1373.62000 0.984057
1373.89001 0.98383
1374.15002 0.983683
1374.42004 0.983599
1374.68005 0.983514
1374.94995 0.983429
1375.20996 0.983225
1375.47998 0.982994
1375.73999 0.982762
1376.01001 0.982528
1376.28003 0.982294
1376.54004 0.982059
1376.81006 0.981824
1377.06995 0.981628
1377.33997 0.981537
1377.59998 0.981446
1377.87000 0.981353
1378.14001 0.981187
1378.40002 0.980947
1378.67004 0.980708
1378.93005 0.980466
1379.19995 0.980226
1379.46997 0.979984
1379.72998 0.979741
1380.00000 0.979498
1380.27002 0.979397
1380.53003 0.979298
1380.80005 0.979198
1381.06006 0.979061
1381.32996 0.978813
1381.59998 0.978563
1381.85999 0.978314
1382.13000 0.978063
1382.40002 0.977811
1382.66003 0.977559
1382.93005 0.977307
1383.19995 0.977162
1383.45996 0.977056
1383.72998 0.97695
1384.00000 0.976843
1384.27002 0.976588
1384.53003 0.97633
1384.80005 0.976073
1385.06995 0.975851
1385.33997 0.975742
1385.59998 0.975631
1385.87000 0.975519
1386.14001 0.975331
1386.40002 0.975069
1386.67004 0.974807
1386.93994 0.974544
1387.20996 0.974279
1387.46997 0.974015
1387.73999 0.973749
1388.01001 0.97349
1388.28003 0.973373
1388.55005 0.973256
1388.81006 0.973138
1389.07996 0.972974
1389.34998 0.972704
1389.62000 0.972434
1389.89001 0.972164
1390.16003 0.971889
1390.42004 0.971614
1390.68994 0.971339
1390.95996 0.971062
1391.22998 0.970913
1391.50000 0.970787
1391.77002 0.970659
1392.04004 0.970511
1392.30005 0.970231
1392.56995 0.96995
1392.83997 0.969669
1393.10999 0.969386
1393.38000 0.969104
1393.65002 0.96882
1393.92004 0.968536
1394.18005 0.968355
1394.44995 0.968222
1394.71997 0.968087
1394.98999 0.967952
1395.26001 0.967669
1395.53003 0.967381
1395.80005 0.96709
1396.06995 0.966801
1396.33997 0.96651
1396.60999 0.966218
1396.88000 0.965925
1397.15002 0.965716
1397.42004 0.965576
1397.68994 0.965435
1397.95996 0.965294
1398.22998 0.965023
1398.50000 0.964726
1398.77002 0.964428
1399.04004 0.96413
1399.31006 0.963832
1399.57996 0.963531
1399.84998 0.963232
1400.12000 0.962991
1400.39001 0.962828
1400.66003 0.962665
1400.93005 0.962501
1401.19995 0.962224
1401.46997 0.961903
1401.73999 0.961582
1402.01001 0.961266
1402.28003 0.9611
1402.55005 0.960932
1402.81995 0.960764
1403.08997 0.960521
1403.35999 0.960127
1403.63000 0.959736
1403.90002 0.959343
1404.17004 0.958949
1404.44995 0.958554
1404.71997 0.958159
1404.98999 0.957764
1405.26001 0.957517
1405.53003 0.957276
1405.80005 0.957035
1406.06995 0.956751
1406.34998 0.956352
1406.62000 0.955952
1406.89001 0.955552
1407.16003 0.955151
1407.43005 0.954748
1407.69995 0.954346
1407.96997 0.953941
1408.25000 0.95368
1408.52002 0.953432
1408.79004 0.953185
1409.06006 0.952902
1409.32996 0.952493
1409.60999 0.952087
1409.88000 0.951679
1410.15002 0.951266
1410.42004 0.950852
1410.68994 0.950436
1410.96997 0.950019
1411.23999 0.949741
1411.51001 0.949482
1411.78003 0.949223
1412.06006 0.94893
1412.32996 0.948511
1412.59998 0.94809
1412.87000 0.947668
1413.15002 0.947247
1413.42004 0.946825
1413.68994 0.946402
1413.95996 0.945978
1414.23999 0.945691
1414.51001 0.945426
1414.78003 0.945158
1415.06006 0.944858
1415.32996 0.944432
1415.59998 0.944004
1415.88000 0.943574
1416.15002 0.943145
1416.42004 0.942715
1416.69995 0.942283
1416.96997 0.941851
1417.23999 0.941562
1417.52002 0.941289
1417.79004 0.941016
1418.06006 0.940706
1418.33997 0.940271
1418.60999 0.939835
1418.88000 0.939397
1419.16003 0.939054
1419.43005 0.938776
1419.70996 0.9385
1419.97998 0.938222
1420.25000 0.937788
1420.53003 0.937341
1420.80005 0.936893
1421.07996 0.936445
1421.34998 0.935994
1421.63000 0.935542
1421.90002 0.935092
1422.17004 0.934744
1422.44995 0.934454
1422.71997 0.934163
1423.00000 0.933873
1423.27002 0.933421
1423.55005 0.932964
1423.81995 0.932509
1424.09998 0.932052
1424.37000 0.931595
1424.65002 0.931136
1424.92004 0.930678
1425.18994 0.930335
1425.46997 0.930038
1425.73999 0.929741
1426.02002 0.929431
1426.30005 0.928968
1426.56995 0.928504
1426.84998 0.928041
1427.12000 0.927577
1427.40002 0.927112
1427.67004 0.926647
1427.94995 0.926181
1428.21997 0.925846
1428.50000 0.925542
1428.78003 0.925238
1429.05005 0.924903
1429.32996 0.924432
1429.59998 0.923962
1429.88000 0.923491
1430.15002 0.923107
1430.43005 0.922791
1430.70996 0.922474
1430.97998 0.922157
1431.26001 0.921684
1431.54004 0.9212
1431.81006 0.920717
1432.08997 0.920232
1432.37000 0.919746
1432.64001 0.91926
1432.92004 0.918772
1433.18994 0.9184
1433.46997 0.918077
1433.75000 0.917755
1434.02002 0.917416
1434.30005 0.916924
1434.57996 0.916434
1434.84998 0.915942
1435.13000 0.915527
1435.41003 0.9152
1435.68005 0.914873
1435.95996 0.914546
1436.23999 0.914071
1436.52002 0.913575
1436.79004 0.913079
1437.06995 0.912579
1437.34998 0.912082
1437.63000 0.911582
1437.90002 0.911082
1438.18005 0.91069
1438.45996 0.910356
1438.72998 0.910022
1439.01001 0.909678
1439.29004 0.909175
1439.56995 0.908671
1439.84998 0.908165
1440.12000 0.907729
1440.40002 0.907383
1440.68005 0.907035
1440.95996 0.906687
1441.23999 0.906192
1441.52002 0.905674
1441.79004 0.905156
1442.06995 0.904678
1442.34998 0.904326
1442.63000 0.903974
1442.91003 0.903621
1443.18005 0.903155
1443.45996 0.902632
1443.73999 0.902108
1444.02002 0.901582
1444.30005 0.901055
1444.57996 0.900528
1444.85999 0.900002
1445.14001 0.899555
1445.41003 0.899197
1445.68994 0.898838
1445.96997 0.898478
1446.25000 0.897964
1446.53003 0.897432
1446.81006 0.8969
1447.08997 0.89642
1447.37000 0.896057
1447.65002 0.895694
1447.93005 0.89533
1448.20996 0.894838
1448.48999 0.894302
1448.77002 0.893762
1449.05005 0.893225
1449.32996 0.892685
1449.60999 0.892146
1449.88000 0.891604
1450.16003 0.891059
1450.43994 0.89051
1450.71997 0.88996
1451.00000 0.889407
1451.28003 0.888683
1451.56006 0.88796
1451.83997 0.887235
1452.12000 0.886587
1452.40002 0.886035
1452.68005 0.885483
1452.95996 0.884928
1453.23999 0.884224
1453.53003 0.883497
1453.81006 0.882769
1454.08997 0.882096
1454.37000 0.88154
1454.65002 0.880985
1454.93005 0.880429
1455.20996 0.879744
1455.48999 0.879015
1455.77002 0.878286
1456.05005 0.877585
1456.32996 0.877028
1456.62000 0.876469
1456.90002 0.87591
1457.18005 0.875241
1457.45996 0.874509
1457.73999 0.873775
1458.02002 0.873056
1458.30005 0.872494
1458.57996 0.871934
1458.87000 0.871372
1459.15002 0.870721
1459.43005 0.869984
1459.70996 0.869248
1459.98999 0.86851
1460.27002 0.867931
1460.56006 0.867357
1460.83997 0.866779
1461.12000 0.86613
1461.40002 0.86538
1461.68005 0.864626
1461.96997 0.863876
1462.25000 0.863278
1462.53003 0.862701
1462.81006 0.862122
1463.09998 0.861484
1463.38000 0.860731
1463.66003 0.859976
1463.93994 0.859223
1464.21997 0.858469
1464.51001 0.857713
1464.79004 0.856956
1465.06995 0.856245
1465.34998 0.855664
1465.64001 0.855081
1465.92004 0.854498
1466.19995 0.85379
1466.48999 0.853033
1466.77002 0.85227
1467.05005 0.851545
1467.33997 0.850961
1467.62000 0.850377
1467.90002 0.84979
1468.18994 0.849091
1468.46997 0.84833
1468.75000 0.847567
1469.04004 0.846828
1469.31995 0.846241
1469.59998 0.845653
1469.89001 0.845064
1470.17004 0.844364
1470.44995 0.843586
1470.73999 0.842807
1471.02002 0.842043
1471.31006 0.841441
1471.58997 0.840839
1471.87000 0.840234
1472.16003 0.839533
1472.43994 0.838755
1472.72998 0.837973
1473.01001 0.837197
1473.29004 0.836592
1473.57996 0.835988
1473.85999 0.835381
1474.15002 0.834685
1474.43005 0.833903
1474.71997 0.833118
1475.00000 0.832332
1475.29004 0.831725
1475.56995 0.831116
1475.85999 0.830508
1476.14001 0.829814
1476.42004 0.829029
1476.70996 0.828243
1476.98999 0.827453
1477.28003 0.826841
1477.56995 0.826229
1477.84998 0.825617
1478.13000 0.824923
1478.42004 0.824135
1478.70996 0.823344
1478.98999 0.822555
1479.28003 0.821938
1479.56006 0.821324
1479.84998 0.820709
1480.13000 0.820088
1480.42004 0.819461
1480.69995 0.818833
1480.98999 0.818203
1481.28003 0.817403
1481.56006 0.816596
1481.84998 0.815785
1482.13000 0.815061
1482.42004 0.814429
1482.70996 0.813799
1482.98999 0.813167
1483.28003 0.812362
1483.56006 0.811553
1483.84998 0.810743
1484.14001 0.810017
1484.42004 0.809382
1484.70996 0.808748
1485.00000 0.808115
1485.28003 0.807303
1485.56995 0.806491
1485.85999 0.805676
1486.14001 0.804952
1486.43005 0.804318
1486.71997 0.803681
1487.00000 0.803041
1487.29004 0.802224
1487.57996 0.801409
1487.87000 0.800593
1488.15002 0.799871
1488.43994 0.799233
1488.72998 0.798596
1489.01001 0.797956
1489.30005 0.797316
1489.58997 0.796676
1489.88000 0.796039
1490.16003 0.795287
1490.44995 0.79445
1490.73999 0.793612
1491.03003 0.792796
1491.31006 0.792138
1491.59998 0.79148
1491.89001 0.79082
1492.18005 0.790052
1492.46997 0.789213
1492.75000 0.788374
1493.04004 0.787561
1493.32996 0.786902
1493.62000 0.786243
1493.91003 0.785582
1494.19995 0.784799
1494.47998 0.783959
1494.77002 0.783119
1495.06006 0.782313
1495.34998 0.781653
1495.64001 0.780989
1495.93005 0.780328
1496.20996 0.77953
1496.50000 0.778684
1496.79004 0.777839
1497.07996 0.777047
1497.37000 0.776384
1497.66003 0.775719
1497.94995 0.775053
1498.23999 0.774389
1498.53003 0.773724
1498.81995 0.773058
1499.10999 0.772325
1499.39001 0.771478
1499.68005 0.770632
1499.96997 0.769782
1500.26001 0.769065
1500.55005 0.768362
1500.83997 0.767657
1501.13000 0.766868
1501.42004 0.76598
1501.70996 0.765094
1502.00000 0.764208
1502.29004 0.763501
1502.57996 0.762795
1502.87000 0.762088
1503.16003 0.76138
1503.44995 0.760674
1503.73999 0.759966
1504.03003 0.759239
1504.31995 0.758349
1504.60999 0.75746
1504.90002 0.756571
1505.18994 0.7558
1505.47998 0.755092
1505.77002 0.754381
1506.06006 0.75367
1506.35999 0.75296
1506.65002 0.752251
1506.93994 0.751541
1507.22998 0.750687
1507.52002 0.749796
1507.81006 0.748903
1508.09998 0.748071
1508.39001 0.747358
1508.68005 0.746646
1508.96997 0.745935
1509.26001 0.745057
1509.56006 0.744161
1509.84998 0.743266
1510.14001 0.742453
1510.43005 0.741727
1510.71997 0.741
1511.01001 0.740275
1511.31006 0.739546
1511.59998 0.738821
1511.89001 0.738096
1512.18005 0.737255
1512.46997 0.736346
1512.76001 0.735437
1513.06006 0.734561
1513.34998 0.733832
1513.64001 0.733103
1513.93005 0.732375
1514.21997 0.731648
1514.52002 0.730918
1514.81006 0.73019
1515.09998 0.729399
1515.39001 0.728486
1515.68994 0.727571
1515.97998 0.726659
1516.27002 0.725916
1516.56006 0.725185
1516.85999 0.724453
1517.15002 0.72363
1517.43994 0.722717
1517.72998 0.721801
1518.03003 0.720902
1518.31995 0.720169
1518.60999 0.719436
1518.91003 0.718705
1519.19995 0.717973
1519.48999 0.717239
1519.79004 0.716507
1520.07996 0.715723
1520.37000 0.714796
1520.67004 0.713869
1520.95996 0.712944
1521.25000 0.712177
1521.55005 0.711434
1521.83997 0.71069
1522.13000 0.709947
1522.43005 0.709205
1522.71997 0.708461
1523.02002 0.707706
1523.31006 0.706779
1523.59998 0.705852
1523.90002 0.704919
1524.18994 0.704111
1524.48999 0.703368
1524.78003 0.702624
1525.06995 0.701877
1525.37000 0.701133
1525.66003 0.700384
1525.95996 0.699639
1526.25000 0.698736
1526.55005 0.697806
1526.83997 0.696873
1527.14001 0.696026
1527.43005 0.695279
1527.71997 0.694531
1528.02002 0.693782
1528.31995 0.693035
1528.60999 0.692289
1528.90002 0.691539
1529.19995 0.690664
1529.48999 0.689732
1529.79004 0.688799
1530.08997 0.687916
1530.38000 0.687161
1530.68005 0.686407
1530.96997 0.685651
1531.27002 0.684898
1531.56006 0.684143
1531.85999 0.683389
1532.15002 0.682632
1532.44995 0.681876
1532.73999 0.681121
1533.04004 0.680336
1533.33997 0.679395
1533.63000 0.678455
1533.93005 0.677513
1534.21997 0.67671
1534.52002 0.675952
1534.81995 0.675196
1535.10999 0.674437
1535.41003 0.673678
1535.70996 0.672921
1536.00000 0.672163
1536.30005 0.671217
1536.59998 0.670274
1536.89001 0.669331
1537.18994 0.668502
1537.47998 0.667742
1537.78003 0.666984
1538.07996 0.666223
1538.38000 0.665462
1538.67004 0.664703
1538.96997 0.663944
1539.27002 0.663184
1539.56006 0.662422
1539.85999 0.661661
1540.16003 0.660798
1540.45996 0.659848
1540.75000 0.658901
1541.05005 0.657984
1541.34998 0.657219
1541.64001 0.656456
1541.93994 0.655694
1542.23999 0.654929
1542.54004 0.654164
1542.83997 0.653401
1543.13000 0.652554
1543.43005 0.651601
1543.72998 0.650649
1544.03003 0.649715
1544.31995 0.648951
1544.62000 0.648184
1544.92004 0.64742
1545.21997 0.646652
1545.52002 0.645883
1545.81995 0.645118
1546.10999 0.644352
1546.41003 0.643584
1546.70996 0.642821
1547.01001 0.642048
1547.31006 0.641095
1547.60999 0.640136
1547.90002 0.639183
1548.19995 0.638357
1548.50000 0.637587
1548.80005 0.636818
1549.09998 0.636051
1549.40002 0.635283
1549.69995 0.634513
1550.00000 0.633743
1550.30005 0.632977
1550.59998 0.63221
1550.89001 0.631442
1551.18994 0.630551
1551.48999 0.629597
1551.79004 0.628644
1552.08997 0.627744
1552.39001 0.626976
1552.68994 0.626206
1552.98999 0.625439
1553.29004 0.624669
1553.58997 0.6239
1553.89001 0.623132
1554.18994 0.622335
1554.48999 0.621529
1554.79004 0.620723
1555.08997 0.619912
1555.39001 0.619105
1555.68994 0.618297
1555.98999 0.617488
1556.29004 0.616679
1556.58997 0.615871
1556.89001 0.615063
1557.18994 0.614253
1557.48999 0.613444
1557.79004 0.612633
1558.08997 0.611831
1558.39001 0.611039
1558.68994 0.610248
1558.98999 0.609458
1559.30005 0.608647
1559.59998 0.607835
1559.90002 0.607025
1560.19995 0.606216
1560.50000 0.605409
1560.80005 0.604604
1561.09998 0.603798
1561.40002 0.60299
1561.70996 0.602182
1562.01001 0.601376
1562.31006 0.60057
1562.60999 0.599761
1562.91003 0.598952
1563.20996 0.598146
1563.52002 0.597336
1563.81995 0.596529
1564.12000 0.595729
1564.42004 0.59494
1564.71997 0.594149
1565.03003 0.593356
1565.32996 0.592546
1565.63000 0.591737
1565.93005 0.590926
1566.22998 0.590118
1566.54004 0.589309
1566.83997 0.588498
1567.14001 0.587686
1567.43994 0.586876
1567.73999 0.586066
1568.05005 0.585251
1568.34998 0.584442
1568.65002 0.583631
1568.95996 0.582819
1569.26001 0.582008
1569.56006 0.581197
1569.87000 0.580381
1570.17004 0.579584
1570.46997 0.578798
1570.77002 0.578014
1571.07996 0.577222
1571.38000 0.576418
1571.68005 0.575614
1571.98999 0.574807
1572.29004 0.574002
1572.58997 0.573195
1572.90002 0.572388
1573.19995 0.571583
1573.50000 0.570776
1573.81006 0.56997
1574.10999 0.569165
1574.41003 0.568356
1574.71997 0.56755
1575.02002 0.566742
1575.32996 0.565975
1575.63000 0.565205
1575.93005 0.564433
1576.23999 0.563647
1576.54004 0.562861
1576.84998 0.562069
1577.15002 0.561279
1577.44995 0.560492
1577.76001 0.559698
1578.06995 0.55891
1578.37000 0.55814
1578.67004 0.557367
1578.97998 0.556595
1579.28003 0.555807
1579.58997 0.555014
1579.89001 0.554223
1580.19995 0.55345
1580.50000 0.552689
1580.81006 0.551925
1581.10999 0.551157
1581.42004 0.550374
1581.71997 0.549593
1582.03003 0.548809
1582.32996 0.548028
1582.64001 0.547246
1582.94995 0.54646
1583.25000 0.545694
