threeML/data/optical_filters/HST/ACS_WFC-F625W_81.ecsv
# %ECSV 0.9
# ---
# datatype:
# - {name: wavelength, unit: Angstrom, datatype: float32}
# - {name: response, datatype: float32}
# meta: !!omap
# - {band_name: F625W_81}
# - {group_name: ACS_WFC}
wavelength response
[from data line 1601]
6611.39014 0.984948
6612.20996 0.985064
6613.04004 0.985181
6613.85986 0.985295
6614.68994 0.985411
6615.52002 0.985529
6616.33984 0.985645
6617.16992 0.98576
6617.99023 0.985876
6618.81982 0.985992
6619.64014 0.986108
6620.47021 0.986029
6621.29980 0.985803
6622.12012 0.985576
6622.95020 0.985349
6623.77979 0.985123
6624.60010 0.984897
6625.43018 0.98467
6626.25977 0.984442
6627.08008 0.984217
6627.91016 0.983988
6628.74023 0.983761
6629.56006 0.983534
6630.39990 0.983615
6631.22021 0.984035
6632.06006 0.984459
6632.87988 0.984876
6633.70996 0.985298
6634.54004 0.985721
6635.35986 0.986141
6636.18994 0.986562
6637.02002 0.986984
6637.85010 0.987404
6638.68018 0.987827
6639.50977 0.988251
6640.33008 0.987728
6641.16016 0.98579
6641.99023 0.983851
6642.81982 0.98192
6643.64990 0.979989
6644.47998 0.978049
6645.31006 0.976125
6646.14014 0.974183
6646.97021 0.972239
6647.79980 0.970313
6648.62988 0.968369
6649.45996 0.966423
6650.29004 0.965255
6651.12012 0.965531
6651.95020 0.965807
6652.77002 0.966082
6653.60986 0.966359
6654.43994 0.966637
6655.27002 0.966912
6656.10010 0.967188
6656.93018 0.967465
6657.75977 0.967742
6658.58984 0.968018
6659.43018 0.968295
6660.25000 0.968657
6661.08984 0.969224
6661.91992 0.969792
6662.75000 0.970354
6663.58008 0.970922
6664.41016 0.971489
6665.24023 0.972054
6666.06982 0.972621
6666.91016 0.973189
6667.74023 0.973753
6668.56982 0.974321
6669.41016 0.97489
6670.22998 0.975647
6671.06982 0.976905
6671.89990 0.978163
6672.72998 0.979417
6673.56982 0.98067
6674.39990 0.98193
6675.22998 0.983178
6676.06982 0.984444
6676.89990 0.985699
6677.74023 0.986959
6678.56982 0.988214
6679.39990 0.98947
6680.24023 0.990534
6681.06982 0.991092
6681.89990 0.991651
6682.74023 0.992213
6683.56982 0.992772
6684.39990 0.993332
6685.24023 0.993894
6686.06982 0.994454
6686.91016 0.995014
6687.74023 0.995576
6688.58008 0.996137
6689.41016 0.996699
6690.25000 0.996699
6691.08008 0.995378
6691.91992 0.994058
6692.75977 0.99273
6693.58984 0.991408
6694.41992 0.990085
6695.25977 0.988756
6696.10010 0.987432
6696.93018 0.98611
6697.77002 0.984781
6698.60010 0.983454
6699.43994 0.982127
6700.27979 0.981112
6701.10986 0.980746
6701.95020 0.980378
6702.79004 0.980009
6703.62012 0.979642
6704.45996 0.979273
6705.29980 0.978905
6706.12988 0.978538
6706.97021 0.978169
6707.81006 0.977801
6708.64014 0.977433
6709.47998 0.977065
6710.31982 0.976217
6711.14990 0.974591
6711.99023 0.972963
6712.83008 0.971332
6713.66992 0.969703
6714.50000 0.968074
6715.35010 0.966437
6716.18018 0.964805
6717.02002 0.963174
6717.85986 0.961533
6718.70020 0.9599
6719.52979 0.958265
6720.37988 0.957666
6721.22021 0.958363
6722.06006 0.959058
6722.89014 0.959748
6723.72998 0.960443
6724.56982 0.961139
6725.41016 0.961833
6726.25000 0.962528
6727.08984 0.963225
6727.93018 0.963915
6728.77002 0.964615
6729.60986 0.965313
6730.45020 0.965871
6731.29004 0.966318
6732.12988 0.966765
6732.97021 0.96721
6733.81006 0.967656
6734.64990 0.968102
6735.49023 0.968545
6736.33008 0.968992
6737.18018 0.96944
6738.00977 0.969884
6738.85010 0.970331
6739.70020 0.970779
6740.54004 0.971609
6741.37988 0.972654
6742.22021 0.973701
6743.06006 0.974741
6743.89990 0.975794
6744.75000 0.976843
6745.58008 0.977884
6746.43018 0.978935
6747.27002 0.979987
6748.10986 0.981035
6748.95020 0.982082
6749.79980 0.983134
6750.64014 0.984449
6751.47998 0.985864
6752.33008 0.987278
6753.16016 0.988681
6754.00977 0.990097
6754.85010 0.991511
6755.70020 0.992923
6756.54004 0.994335
6757.39014 0.995753
6758.22021 0.99716
6759.06982 0.99858
6759.91992 1.0
6760.75000 0.999745
6761.60010 0.999297
6762.45020 0.998849
6763.29004 0.998403
6764.12988 0.997957
6764.97998 0.997509
6765.83008 0.997062
6766.66992 0.996616
6767.50977 0.996169
6768.35986 0.99572
6769.20020 0.995274
6770.04980 0.994814
6770.89990 0.99412
6771.74023 0.993431
6772.58008 0.992742
6773.43018 0.992048
6774.27002 0.991357
6775.12012 0.990666
6775.97021 0.98997
6776.81006 0.989279
6777.64990 0.988587
6778.50000 0.98789
6779.35010 0.987197
6780.18994 0.98663
6781.04004 0.986488
6781.89014 0.986348
6782.72998 0.986207
6783.58008 0.986064
6784.43018 0.985923
6785.27002 0.985781
6786.12012 0.985638
6786.97021 0.985497
6787.81006 0.985354
6788.66016 0.985211
6789.50977 0.985069
6790.35010 0.984829
6791.20020 0.984453
6792.04980 0.984078
6792.89990 0.983701
6793.75000 0.983324
6794.60010 0.982948
6795.43994 0.982572
6796.29004 0.982193
6797.14014 0.981817
6797.99023 0.98144
6798.83984 0.981063
6799.68994 0.980686
6800.52979 0.981372
6801.37988 0.982694
6802.22998 0.984012
6803.08008 0.985329
6803.93018 0.986655
6804.77979 0.987973
6805.62988 0.989291
6806.47998 0.990615
6807.33008 0.991937
6808.18018 0.993256
6809.02979 0.994582
6809.87988 0.995903
6810.72998 0.994846
6811.58008 0.993401
6812.43018 0.991941
6813.27979 0.990483
6814.12988 0.989038
6814.97998 0.987578
6815.83008 0.986118
6816.68018 0.984671
6817.52979 0.983209
6818.39014 0.981747
6819.22998 0.9803
6820.08984 0.978961
6820.93994 0.978712
6821.79004 0.978467
6822.64014 0.978219
6823.49023 0.977971
6824.33984 0.977725
6825.18994 0.977477
6826.04980 0.977228
6826.89990 0.97698
6827.75000 0.976732
6828.60010 0.976484
6829.45020 0.976237
6830.31006 0.975774
6831.16016 0.974931
6832.00977 0.974097
6832.85986 0.973255
6833.72021 0.972412
6834.56982 0.971576
6835.41992 0.970732
6836.27979 0.969889
6837.12988 0.969052
6837.97998 0.968208
6838.83984 0.967361
6839.68994 0.966525
6840.54004 0.965632
6841.39990 0.964711
6842.25000 0.963798
6843.10010 0.962877
6843.95996 0.961956
6844.81006 0.961042
6845.66992 0.960121
6846.52002 0.959199
6847.37988 0.958285
6848.22998 0.957364
6849.08984 0.956442
6849.93994 0.955526
6850.79980 0.956089
6851.64990 0.956767
6852.50000 0.957439
6853.35986 0.958117
6854.22021 0.958796
6855.06982 0.959468
6855.93018 0.960149
6856.79004 0.960825
6857.64990 0.961505
6858.50000 0.962181
6859.35010 0.962858
6860.20996 0.963337
6861.06982 0.963203
6861.91992 0.963068
6862.77979 0.962933
6863.64014 0.9628
6864.49023 0.962665
6865.35010 0.96253
6866.20996 0.962395
6867.06006 0.962261
6867.91992 0.962125
6868.77979 0.96199
6869.62988 0.961855
6870.49023 0.962072
6871.35010 0.962548
6872.20996 0.963022
6873.06982 0.963502
6873.91992 0.963979
6874.77979 0.964455
6875.64014 0.964935
6876.50000 0.965412
6877.35010 0.965889
6878.22021 0.966368
6879.06982 0.966844
6879.93018 0.967321
6880.79004 0.967022
6881.64990 0.966653
6882.50977 0.966284
6883.37012 0.965913
6884.22998 0.965544
6885.08008 0.965175
6885.93994 0.964804
6886.79980 0.964434
6887.66016 0.964062
6888.52002 0.96369
6889.37988 0.96332
6890.24023 0.962774
6891.10010 0.961772
6891.95996 0.960772
6892.81982 0.959775
6893.68018 0.958771
6894.54004 0.95777
6895.39990 0.95677
6896.27002 0.955767
6897.12012 0.954767
6897.97998 0.953765
6898.85010 0.95276
6899.70996 0.951759
6900.56982 0.951027
6901.43018 0.950431
6902.29980 0.949833
6903.16016 0.949236
6904.02002 0.948643
6904.87988 0.948046
6905.74023 0.947447
6906.60010 0.946855
6907.47021 0.946257
6908.33008 0.945659
6909.18994 0.945065
6910.04980 0.944516
6910.91992 0.944721
6911.77002 0.944924
6912.64014 0.945128
6913.50977 0.945334
6914.35986 0.945536
6915.22998 0.945739
6916.08984 0.945944
6916.95020 0.946147
6917.81982 0.946351
6918.68994 0.946555
6919.54004 0.946756
6920.41016 0.947407
6921.27002 0.948556
6922.12988 0.949695
6923.00000 0.950844
6923.87012 0.951993
6924.72998 0.953132
6925.58984 0.954282
6926.45996 0.955432
6927.31982 0.956571
6928.18994 0.957721
6929.04980 0.958873
6929.91016 0.960011
6930.77979 0.960249
6931.64990 0.960386
6932.50977 0.960521
6933.37988 0.960657
6934.24023 0.960792
6935.10010 0.960926
6935.97021 0.961062
6936.83984 0.961197
6937.70020 0.961329
6938.56982 0.961464
6939.43994 0.9616
6940.29980 0.961429
6941.16992 0.960679
6942.04004 0.959928
6942.89990 0.959185
6943.77002 0.958434
6944.64014 0.957682
6945.50000 0.956936
6946.37012 0.956184
6947.24023 0.955431
6948.10986 0.954675
6948.97021 0.953926
6949.83984 0.953173
6950.70996 0.951662
6951.56982 0.949985
6952.43994 0.948309
6953.31006 0.946625
6954.18018 0.944947
6955.04980 0.94327
6955.91992 0.941583
6956.77979 0.939905
6957.64990 0.938227
6958.52002 0.936541
6959.39014 0.934861
6960.25977 0.932984
6961.12988 0.930624
6961.99023 0.928274
6962.85986 0.925924
6963.72998 0.923563
6964.60010 0.921211
6965.47021 0.918859
6966.33984 0.916496
6967.20996 0.914143
6968.08008 0.911788
6968.95020 0.909425
6969.81982 0.90707
6970.68994 0.904688
6971.56006 0.902286
6972.43018 0.899896
6973.29980 0.897504
6974.16992 0.895101
6975.04004 0.892706
6975.91016 0.890314
6976.77979 0.887906
6977.64990 0.88551
6978.52002 0.883113
6979.39014 0.880703
6980.25977 0.877969
6981.12988 0.874463
6982.00977 0.87094
6982.87988 0.867431
6983.75000 0.863918
6984.62012 0.86039
6985.49023 0.856873
6986.35986 0.853355
6987.24023 0.849821
6988.10986 0.846301
6988.97998 0.842777
6989.85010 0.839238
6990.72998 0.834014
6991.60010 0.828442
6992.47021 0.822846
6993.33984 0.817272
6994.22021 0.81165
6995.08984 0.806094
6995.97021 0.800491
6996.83984 0.794886
6997.70996 0.789327
6998.58984 0.783717
6999.45996 0.778103
7000.33008 0.770368
7001.20996 0.758983
7002.08008 0.747599
7002.95020 0.736316
7003.83008 0.724933
7004.70020 0.713541
7005.56982 0.702251
7006.45020 0.690859
7007.33008 0.679468
7008.20020 0.668179
7009.06982 0.656781
7009.95020 0.645383
7010.81982 0.630648
7011.70020 0.615579
7012.58008 0.600499
7013.45020 0.585551
7014.31982 0.570468
7015.20020 0.555384
7016.06982 0.540425
7016.95020 0.525338
7017.83008 0.510242
7018.70020 0.495279
7019.58008 0.480172
7020.45996 0.466597
7021.33008 0.45452
7022.20996 0.442332
7023.08984 0.430142
7023.95996 0.418052
7024.83984 0.405852
7025.72021 0.39365
7026.58984 0.381554
7027.47021 0.369348
7028.35010 0.357134
7029.22021 0.345025
7030.10010 0.333229
7030.97998 0.324722
7031.85010 0.316284
7032.72998 0.307775
7033.60986 0.299259
7034.47998 0.290817
7035.37012 0.282294
7036.25000 0.273775
7037.12012 0.265324
7038.00000 0.256798
7038.87988 0.248265
7039.75977 0.239811
7040.64014 0.23342
7041.52002 0.227914
7042.39990 0.222383
7043.27979 0.216876
7044.14990 0.211366
7045.04004 0.205832
7045.91016 0.200321
7046.79004 0.194811
7047.66992 0.189273
7048.54980 0.183759
7049.43018 0.178245
7050.31006 0.172887
7051.18994 0.167879
7052.06982 0.162867
7052.95020 0.157833
7053.83008 0.152821
7054.70996 0.147805
7055.60010 0.14277
7056.47021 0.137754
7057.35010 0.132737
7058.24023 0.127698
7059.12012 0.122678
7060.00000 0.11766
7060.87988 0.113142
7061.75977 0.108643
7062.64014 0.104148
7063.52002 0.0996323
7064.39990 0.0951348
7065.27979 0.0906377
7066.16992 0.0861184
7067.04980 0.081622
7067.93018 0.0771233
7068.81006 0.072605
7069.70020 0.068107
7070.58008 0.0647207
7071.45996 0.061905
7072.33984 0.0591014
7073.22998 0.0562974
7074.10986 0.0534805
7074.99023 0.0506741
7075.87012 0.0478675
7076.75977 0.0450479
7077.64014 0.0422405
7078.52002 0.0394327
7079.41016 0.0366105
7080.29004 0.0342375
7081.16992 0.0327476
7082.06006 0.0312509
7082.93994 0.0297599
7083.83008 0.0282686
7084.70996 0.0267705
7085.60010 0.0252789
7086.47998 0.0237871
7087.37012 0.0222877
7088.25000 0.020788
7089.14014 0.0192883
7090.02002 0.0178181
7090.91016 0.0170942
7091.79980 0.0163698
7092.68018 0.015652
7093.56006 0.0149278
7094.45020 0.0142032
7095.33008 0.0134852
7096.22021 0.0127608
7097.10986 0.0120365
7097.99023 0.0113186
7098.87988 0.010594
7099.77002 0.00986946
7100.64990 0.00943433
7101.52979 0.00909914
7102.41992 0.00876378
7103.31006 0.00843155
7104.18994 0.00809619
7105.08008 0.00776065
7105.97021 0.00742827
7106.85010 0.00709273
7107.74023 0.00675722
7108.62988 0.00642467
7109.52002 0.00608917
7110.41016 0.00582876
7111.29004 0.0056597
7112.18018 0.00548912
7113.06982 0.00531852
7113.95020 0.0051494
7114.83984 0.00497868
7115.72998 0.00480794
7116.60986 0.00463867
7117.50977 0.0044678
7118.39990 0.004297
7119.27979 0.00412759
7120.16992 0.00397378
7121.06006 0.00389208
7121.95020 0.00381111
7122.83984 0.00372937
7123.72998 0.00364762
7124.60986 0.00356657
7125.50977 0.00348474
7126.39014 0.0034033
7127.27979 0.00332181
7128.16992 0.00323994
7129.06006 0.003158
7129.95020 0.00307682
7130.83984 0.00299467
7131.72998 0.0029125
7132.62012 0.00283105
7133.50977 0.00274883
7134.41016 0.00266661
7135.29980 0.00258438
7136.18994 0.00250251
7137.08008 0.00242064
7137.97021 0.00233836
7851.76709 0.0
