threeML/data/optical_filters/HST/ACS_HRC-F814N.ecsv
# %ECSV 0.9
# ---
# datatype:
# - {name: wavelength, unit: Angstrom, datatype: float32}
# - {name: response, datatype: float32}
# meta: !!omap
# - {band_name: F814N}
# - {group_name: ACS_HRC}
wavelength response
[from data line 789]
7352.18994 0.958478
7352.89990 0.958167
7353.60986 0.95785
7354.33008 0.957534
7355.04980 0.957221
7355.77002 0.956904
7356.47998 0.956587
7357.20020 0.956274
7357.91992 0.955959
7358.62988 0.955646
7359.35010 0.95533
7360.06982 0.955127
7360.79004 0.955982
7361.50977 0.956836
7362.22998 0.95769
7362.93994 0.958531
7363.66016 0.959386
7364.37012 0.960236
7365.08984 0.961089
7365.81006 0.961942
7366.52979 0.962791
7367.25000 0.963644
7367.95996 0.964487
7368.68018 0.965339
7369.39990 0.966192
7370.12012 0.966639
7370.83984 0.965058
7371.56006 0.963477
7372.27002 0.961913
7372.99023 0.960333
7373.70996 0.958763
7374.43018 0.957181
7375.14990 0.955599
7375.87012 0.954028
7376.58984 0.952448
7377.31006 0.950868
7378.02002 0.949306
7378.74023 0.947726
7379.45996 0.946145
7380.18994 0.945734
7380.91016 0.948707
7381.62012 0.951646
7382.33984 0.954617
7383.06006 0.957589
7383.77979 0.960544
7384.50000 0.963515
7385.22021 0.966469
7385.93994 0.969438
7386.66016 0.972409
7387.37988 0.975346
7388.10010 0.978313
7388.81982 0.981282
7389.54004 0.98425
7390.25977 0.985687
7390.97998 0.984481
7391.70020 0.98326
7392.41992 0.98204
7393.14014 0.980826
7393.85986 0.979607
7394.58984 0.978386
7395.31006 0.977171
7396.02979 0.975952
7396.74023 0.974749
7397.47021 0.97353
7398.18994 0.972311
7398.91016 0.971091
7399.62988 0.969873
7400.35986 0.969154
7401.06982 0.96895
7401.79980 0.968742
7402.52002 0.968537
7403.24023 0.968331
7403.95996 0.968124
7404.68018 0.967919
7405.39990 0.967712
7406.12988 0.967504
7406.83984 0.967298
7407.56982 0.967092
7408.29004 0.966887
7409.02002 0.966682
7409.74023 0.966476
7410.45996 0.966272
7411.18018 0.966064
7411.89990 0.965856
7412.62012 0.965651
7413.35010 0.965444
7414.06982 0.965238
7414.79004 0.965032
7415.52002 0.964825
7416.22998 0.964621
7416.95996 0.964413
7417.68018 0.964206
7418.41016 0.963999
7419.12988 0.963792
7419.85010 0.963588
7420.58008 0.964012
7421.29980 0.964599
7422.02002 0.965181
7422.75000 0.965767
7423.47021 0.966353
7424.18994 0.966935
7424.91992 0.967521
7425.64014 0.968101
7426.35986 0.968686
7427.08984 0.96927
7427.81006 0.969854
7428.54004 0.970438
7429.25977 0.971019
7429.97998 0.9716
7430.70996 0.972359
7431.43018 0.973118
7432.16016 0.973879
7432.89014 0.974639
7433.60986 0.975396
7434.33008 0.976157
7435.04980 0.97691
7435.77979 0.977672
7436.50977 0.978432
7437.22998 0.97919
7437.95996 0.979948
7438.68994 0.980708
7439.39990 0.981459
7440.12988 0.981987
7440.85010 0.981467
7441.58008 0.980944
7442.31006 0.980421
7443.02979 0.979901
7443.75977 0.979377
7444.49023 0.978853
7445.20996 0.978336
7445.93018 0.977814
7446.66016 0.977291
7447.39014 0.976769
7448.12012 0.976246
7448.83984 0.975727
7449.56006 0.975204
7450.29004 0.975647
7451.02002 0.977517
7451.74023 0.979398
7452.47021 0.981267
7453.20020 0.983146
7453.93018 0.985024
7454.64990 0.986881
7455.37012 0.988759
7456.10010 0.990637
7456.83008 0.992515
7457.56006 0.994391
7458.27979 0.996248
7459.00977 0.998125
7459.74023 1.0
7460.45996 0.998356
7461.18994 0.994707
7461.91992 0.991057
7462.64990 0.987428
7463.37988 0.983782
7464.10010 0.980175
7464.83008 0.976528
7465.56006 0.972883
7466.27979 0.969238
7467.02002 0.965593
7467.74023 0.961949
7468.47021 0.958349
7469.20020 0.954707
7469.91992 0.951085
7470.64990 0.95123
7471.37988 0.951829
7472.10986 0.952425
7472.83984 0.953025
7473.56982 0.953625
7474.29004 0.954218
7475.02002 0.954817
7475.75000 0.955413
7476.47998 0.956011
7477.20996 0.956609
7477.93994 0.957201
7478.66992 0.957799
7479.39990 0.958396
7480.12012 0.95923
7480.85010 0.961238
7481.58008 0.963232
7482.31006 0.965238
7483.04004 0.967242
7483.77002 0.969225
7484.50000 0.97123
7485.22998 0.973234
7485.95996 0.975239
7486.68994 0.977243
7487.41992 0.979224
7488.14990 0.981224
7488.87988 0.983225
7489.60986 0.985216
7490.33984 0.985513
7491.06982 0.983832
7491.79980 0.98216
7492.52979 0.980479
7493.25977 0.978816
7493.99023 0.977134
7494.72021 0.975453
7495.45020 0.973774
7496.18994 0.972093
7496.91992 0.970414
7497.64014 0.968752
7498.37012 0.967072
7499.10010 0.965403
7499.83984 0.963724
7500.56982 0.961906
7501.29980 0.960057
7502.02979 0.9582
7502.75977 0.956363
7503.49023 0.954506
7504.22021 0.95265
7504.95020 0.950794
7505.68994 0.948936
7506.41992 0.947081
7507.14990 0.945248
7507.87988 0.943393
7508.60986 0.941549
7509.33984 0.939694
7510.08008 0.938262
7510.81006 0.940329
7511.54004 0.942413
7512.27979 0.944497
7513.00000 0.946553
7513.74023 0.948636
7514.47021 0.950718
7515.20020 0.952799
7515.93994 0.954877
7516.66016 0.956934
7517.39990 0.959013
7518.12988 0.961093
7518.85986 0.963159
7519.60010 0.965239
7520.33008 0.965615
7521.06006 0.963928
7521.79980 0.962245
7522.52979 0.960582
7523.25977 0.958898
7524.00000 0.957218
7524.72998 0.955535
7525.47021 0.953852
7526.18994 0.952189
7526.93018 0.950507
7527.66992 0.948825
7528.39990 0.947154
7529.12988 0.945472
7529.87012 0.943792
7530.60010 0.943206
7531.33984 0.942854
7532.06006 0.942506
7532.79980 0.942154
7533.54004 0.941803
7534.27002 0.941451
7535.00977 0.9411
7535.75000 0.94075
7536.47021 0.940402
7537.20996 0.94005
7537.93994 0.939699
7538.68018 0.939348
7539.41992 0.938998
7540.14990 0.938629
7540.89014 0.938176
7541.62012 0.937723
7542.35010 0.937274
7543.08984 0.936821
7543.81982 0.936369
7544.56006 0.935916
7545.29980 0.935463
7546.02979 0.935016
7546.77002 0.934563
7547.50000 0.934112
7548.24023 0.933664
7548.97998 0.933212
7549.70996 0.932761
7550.45020 0.931568
7551.18018 0.929893
7551.91016 0.928237
7552.64990 0.926562
7553.39014 0.924886
7554.12988 0.923211
7554.87012 0.921538
7555.60010 0.919882
7556.33008 0.918208
7557.06982 0.916535
7557.81006 0.914871
7558.54980 0.913198
7559.27979 0.911525
7560.02002 0.90992
7560.75977 0.910608
7561.49023 0.911289
7562.22998 0.911977
7562.97021 0.912664
7563.70020 0.913352
7564.43994 0.914039
7565.18018 0.914726
7565.91016 0.915403
7566.64990 0.916091
7567.39014 0.916775
7568.12988 0.91746
7568.87012 0.918147
7569.60010 0.91883
7570.33984 0.919785
7571.06982 0.921037
7571.81006 0.922304
7572.56006 0.923569
7573.29980 0.924834
7574.02979 0.926097
7574.77002 0.927362
7575.50977 0.928612
7576.25000 0.929875
7576.97998 0.931133
7577.72021 0.932396
7578.45996 0.93366
7579.20020 0.934916
7579.93994 0.936177
7580.68018 0.935214
7581.41016 0.934073
7582.16016 0.932919
7582.89990 0.931764
7583.64014 0.930611
7584.37988 0.929458
7585.10986 0.928317
7585.85010 0.927165
7586.58984 0.92601
7587.33008 0.924865
7588.06982 0.923712
7588.81006 0.922565
7589.54980 0.921413
7590.29004 0.92034
7591.02979 0.9194
7591.77002 0.918448
7592.50977 0.917496
7593.25000 0.916544
7593.99023 0.915591
7594.72998 0.914652
7595.47021 0.9137
7596.20996 0.912748
7596.95020 0.911804
7597.68994 0.910854
7598.43994 0.909905
7599.16992 0.90896
7599.91992 0.90801
7600.64990 0.909736
7601.39014 0.911829
7602.14014 0.913924
7602.87988 0.916016
7603.62012 0.918107
7604.37012 0.920196
7605.10010 0.922258
7605.83984 0.924345
7606.58008 0.92642
7607.33008 0.928504
7608.06982 0.930587
7608.81006 0.932658
7609.54980 0.93474
7610.29980 0.93459
7611.02979 0.931104
7611.77002 0.927584
7612.52002 0.924065
7613.25977 0.920545
7614.00977 0.917026
7614.74023 0.913553
7615.49023 0.910039
7616.22998 0.906525
7616.97021 0.903036
7617.72021 0.899526
7618.45996 0.89604
7619.20020 0.892537
7619.93994 0.889033
7620.68018 0.891787
7621.43018 0.895084
7622.16992 0.89838
7622.91016 0.901673
7623.66016 0.904965
7624.39990 0.908216
7625.14014 0.911504
7625.89014 0.91479
7626.62988 0.918056
7627.37012 0.921338
7628.12012 0.924617
7628.85986 0.927876
7629.60010 0.931152
7630.33984 0.932956
7631.08984 0.933111
7631.83008 0.933268
7632.58008 0.933423
7633.33008 0.933578
7634.06982 0.933735
7634.81006 0.93389
7635.56006 0.934043
7636.29980 0.934196
7637.04004 0.93435
7637.79004 0.934505
7638.52979 0.934657
7639.27979 0.934811
7640.02002 0.934967
7640.75977 0.935188
7641.50977 0.935412
7642.25977 0.935636
7643.00000 0.93586
7643.75000 0.936082
7644.49023 0.936303
7645.24023 0.936525
7645.97998 0.936747
7646.72998 0.936969
7647.47021 0.937192
7648.22021 0.937413
7648.95996 0.937631
7649.70996 0.937853
7650.45020 0.938595
7651.20020 0.939681
7651.95020 0.940768
7652.68994 0.941857
7653.43994 0.942942
7654.18018 0.944013
7654.93018 0.945097
7655.68018 0.946182
7656.41992 0.947258
7657.16992 0.948339
7657.91016 0.949415
7658.66016 0.950496
7659.41016 0.951576
7660.14990 0.952234
7660.89990 0.951282
7661.64990 0.950332
7662.39990 0.949384
7663.14990 0.948434
7663.89014 0.947492
7664.62988 0.946543
7665.37988 0.945595
7666.12988 0.944652
7666.87988 0.943705
7667.62988 0.942757
7668.37012 0.941814
7669.12012 0.940866
7669.85986 0.939929
7670.60986 0.939319
7671.35986 0.938783
7672.10986 0.938248
7672.85986 0.937714
7673.60986 0.937179
7674.35010 0.93665
7675.10010 0.936115
7675.85010 0.935582
7676.60010 0.935048
7677.35010 0.934515
7678.08984 0.933984
7678.83984 0.93345
7679.60010 0.932916
7680.33984 0.932558
7681.08984 0.932405
7681.83984 0.932253
7682.58984 0.9321
7683.33984 0.931947
7684.08008 0.931797
7684.83008 0.931642
7685.58008 0.93149
7686.33008 0.931339
7687.08008 0.931187
7687.83008 0.931032
7688.58008 0.930878
7689.33008 0.930724
7690.06982 0.93039
7690.83008 0.928386
7691.58008 0.926383
7692.33008 0.924383
7693.08008 0.922382
7693.81982 0.920403
7694.58008 0.918402
7695.33008 0.916403
7696.08008 0.914418
7696.83008 0.912422
7697.58008 0.910425
7698.33008 0.908442
7699.08008 0.906448
7699.81982 0.904477
7700.58008 0.904457
7701.33008 0.90504
7702.08008 0.905622
7702.83008 0.906204
7703.58984 0.906785
7704.33008 0.907359
7705.08008 0.907939
7705.83008 0.908516
7706.58984 0.909094
7707.33984 0.909672
7708.08984 0.910247
7708.83984 0.910825
7709.58984 0.911397
7710.33984 0.910973
7711.08984 0.909335
7711.85010 0.907699
7712.60010 0.906059
7713.35010 0.904421
7714.10010 0.902803
7714.85010 0.901169
7715.60010 0.899543
7716.35986 0.897908
7717.10986 0.896275
7717.85986 0.89465
7718.60986 0.893018
7719.37012 0.891386
7720.10986 0.890116
7720.87012 0.890719
7721.62012 0.891323
7722.37988 0.891927
7723.12988 0.89253
7723.87988 0.893127
7724.64014 0.893727
7725.39014 0.894328
7726.14014 0.894924
7726.89990 0.895524
7727.64990 0.89612
7728.39990 0.896719
7729.16016 0.897317
7729.89990 0.897908
7730.66016 0.896143
7731.41016 0.894032
7732.16992 0.891921
7732.93018 0.889813
7733.66992 0.88773
7734.43018 0.885623
7735.18018 0.883516
7735.93994 0.881422
7736.68994 0.879316
7737.45020 0.877213
7738.20020 0.875123
7738.95996 0.873022
7739.70020 0.870943
7740.45996 0.870205
7741.22021 0.870345
7741.97021 0.870482
7742.72998 0.870622
7743.49023 0.87076
7744.22998 0.870897
7744.99023 0.871037
7745.74023 0.871173
7746.50000 0.871311
7747.25977 0.871449
7748.00977 0.871585
7748.77002 0.871721
7749.52002 0.871857
7750.27002 0.872038
7751.02979 0.872306
7751.79004 0.872573
7752.54980 0.872838
7753.29980 0.873104
7754.04980 0.873367
7754.81006 0.873633
7755.56982 0.873897
7756.31982 0.874161
7757.08008 0.874426
7757.83008 0.874689
7758.58984 0.874952
7759.35010 0.875215
7760.10010 0.87524
7760.85986 0.873698
7761.62012 0.872155
7762.37988 0.870613
7763.12988 0.86907
7763.87988 0.867549
7764.64014 0.866009
7765.39990 0.86447
7766.16016 0.862942
7766.91016 0.861405
7767.66992 0.859869
7768.43018 0.858342
7769.18994 0.856808
7769.93994 0.855291
7770.70020 0.854464
7771.45996 0.8537
7772.22021 0.852938
7772.97998 0.852176
7773.74023 0.851412
7774.49023 0.850659
7775.25000 0.849896
7776.00000 0.849138
7776.75977 0.848376
7777.52002 0.847615
7778.27979 0.846858
7779.04004 0.846097
7779.79004 0.845346
7780.54980 0.844329
7781.31006 0.843214
7782.06982 0.8421
7782.83008 0.840985
7783.58984 0.839871
7784.33984 0.83877
7785.10010 0.837654
7785.85986 0.836551
7786.62012 0.835439
7787.37988 0.834326
7788.14014 0.833221
7788.89990 0.832111
7789.66016 0.831
7790.41016 0.830957
7791.18018 0.831783
7791.93994 0.832604
7792.70020 0.833427
7793.45996 0.834251
7794.20996 0.835064
7794.97998 0.835886
7795.74023 0.836707
7796.49023 0.837523
7797.25977 0.838342
7798.00977 0.839158
7798.77002 0.839975
7799.54004 0.840792
7800.29004 0.841153
7801.04980 0.840801
7801.81982 0.840451
7802.58008 0.840097
7803.33984 0.839744
7804.10010 0.839398
7804.85986 0.839047
7805.62012 0.838694
7806.37988 0.838343
7807.14014 0.837992
7807.89990 0.83764
7808.66016 0.837288
7809.43018 0.836937
7810.18018 0.83666
7810.93994 0.8366
7811.70996 0.836538
7812.47021 0.836476
7813.22998 0.836415
7814.00000 0.836355
7814.75000 0.836292
7815.52002 0.836229
7816.27979 0.836167
7817.04004 0.836105
7817.79980 0.836042
7818.56006 0.83598
7819.33008 0.835917
7820.08984 0.835876
7820.85010 0.836002
7821.60986 0.83613
7822.37988 0.836258
7823.14014 0.836385
7823.89990 0.83651
7824.66016 0.836637
7825.43018 0.836765
7826.18994 0.83689
7826.95020 0.837012
7827.72021 0.837139
7828.47998 0.837263
7829.24023 0.837386
7830.00977 0.837508
7830.75977 0.837585
7831.52979 0.837662
7832.29004 0.837737
7833.06006 0.837812
7833.81982 0.837887
7834.58008 0.837961
7835.35010 0.838035
7836.10986 0.838109
7836.87012 0.83818
7837.64014 0.838254
7838.41016 0.838328
7839.16992 0.838401
7839.93018 0.83847
7840.68994 0.838589
7841.45996 0.83871
7842.22021 0.838831
7842.99023 0.838952
7843.75977 0.839073
7844.52002 0.839193
7845.27979 0.839311
7846.04980 0.83943
7846.81006 0.839549
7847.58008 0.839668
7848.33984 0.839786
7849.10986 0.839902
7849.87012 0.840019
7850.62988 0.839875
7851.39990 0.839677
7852.16992 0.839478
7852.93018 0.839279
7853.70020 0.83908
7854.47021 0.838882
7855.22998 0.838685
7855.99023 0.838483
7856.75977 0.838286
7857.52979 0.838087
7858.29004 0.837887
7859.06006 0.837689
7859.83008 0.837488
7860.58984 0.838202
7861.35010 0.839173
7862.12012 0.840154
7862.89014 0.841134
7863.66016 0.842114
7864.43018 0.843092
7865.18994 0.844057
7865.95996 0.845031
7866.72021 0.846006
7867.49023 0.846974
7868.25977 0.847947
7869.02002 0.848913
7869.79004 0.849883
7870.56006 0.849493
7871.31982 0.848605
7872.08984 0.847705
7872.85986 0.846808
7873.62988 0.845911
7874.39990 0.845013
7875.16016 0.844127
7875.93018 0.843231
7876.70020 0.842335
7877.45996 0.841446
7878.22998 0.840552
7879.00000 0.839656
7879.77002 0.838766
7880.54004 0.838345
7881.29980 0.838129
7882.06982 0.83791
7882.83984 0.83769
7883.60986 0.83747
7884.37988 0.83725
7885.14990 0.837031
7885.91016 0.836814
7886.68018 0.836593
7887.45020 0.836373
7888.22021 0.836153
7888.99023 0.835934
7889.75977 0.835716
7890.52979 0.835663
7891.29980 0.835686
7892.06006 0.83571
7892.83984 0.835734
7893.60986 0.835756
7894.37988 0.835778
7895.14990 0.835801
7895.91016 0.835824
7896.68018 0.835845
7897.45020 0.835865
7898.22021 0.835884
7898.99023 0.835906
7899.75977 0.835926
7900.52979 0.835701
7901.31006 0.835364
7902.06982 0.835031
7902.83984 0.834696
7903.60986 0.83436
7904.39014 0.834024
7905.16016 0.833688
7905.91992 0.833354
7906.68994 0.833017
7907.47021 0.832681
7908.24023 0.832348
7909.00977 0.83201
7909.77979 0.831673
7910.54980 0.831837
7911.31982 0.832199
7912.08984 0.832554
7912.85986 0.832916
7913.62988 0.833276
7914.41016 0.833635
7915.18018 0.833995
7915.95020 0.834354
7916.72021 0.834705
7917.49023 0.835063
7918.25977 0.835418
7919.04004 0.835773
7919.81006 0.83613
7920.58008 0.83515
7921.35010 0.833726
7922.12012 0.83231
7922.89014 0.830895
7923.66992 0.829475
7924.43994 0.828055
7925.22021 0.826636
7925.99023 0.825215
7926.75977 0.823815
7927.52979 0.822397
7928.29980 0.820988
7929.08008 0.819574
7929.85010 0.818158
7930.62012 0.81759
7931.39990 0.817221
7932.16992 0.816852
7932.93994 0.81649
7933.70996 0.816119
7934.49023 0.81575
7935.27002 0.815383
7936.04004 0.815014
7936.81006 0.814649
7937.58008 0.814277
7938.35986 0.813908
7939.12988 0.813543
7939.89990 0.813174
7940.68018 0.813613
7941.45020 0.814167
7942.22998 0.814719
7943.00000 0.815262
7943.77002 0.815813
7944.54980 0.816363
7945.31982 0.816913
7946.10010 0.817463
7946.87012 0.818005
7947.64990 0.818552
7948.41992 0.819098
7949.18994 0.81964
7949.97021 0.820185
7950.75000 0.81772
