threeML/data/optical_filters/HST/ACS_WFC-F555W_81.ecsv
# %ECSV 0.9
# ---
# datatype:
# - {name: wavelength, unit: Angstrom, datatype: float32}
# - {name: response, datatype: float32}
# meta: !!omap
# - {band_name: F555W_81}
# - {group_name: ACS_WFC}
wavelength response
[from data line 790]
4957.49023 0.796117
4958.04004 0.797529
4958.58008 0.798928
4959.12988 0.800342
4959.68018 0.801755
4960.22998 0.80275
4960.77002 0.803166
4961.31982 0.803583
4961.87012 0.803996
4962.41992 0.804414
4962.97021 0.804832
4963.52002 0.805246
4964.06006 0.805662
4964.60986 0.806078
4965.16016 0.806497
4965.70996 0.806911
4966.25977 0.807331
4966.79980 0.807745
4967.35010 0.808164
4967.89990 0.808579
4968.45020 0.808999
4969.00000 0.809417
4969.54980 0.809834
4970.10010 0.810405
4970.64990 0.811682
4971.18994 0.812946
4971.75000 0.814221
4972.29980 0.815498
4972.83984 0.816764
4973.39014 0.818041
4973.93994 0.819308
4974.49023 0.820588
4975.04004 0.821854
4975.58984 0.823134
4976.14014 0.824414
4976.68994 0.825684
4977.22998 0.826953
4977.79004 0.828236
4978.33984 0.829518
4978.89014 0.830789
4979.43994 0.832073
4979.99023 0.833358
4980.54004 0.833542
4981.08984 0.833707
4981.64014 0.833872
4982.18994 0.834035
4982.74023 0.834199
4983.29004 0.834363
4983.83984 0.834527
4984.39014 0.834691
4984.93994 0.834856
4985.49023 0.835021
4986.04004 0.835184
4986.58984 0.835347
4987.14014 0.835512
4987.68994 0.835678
4988.24023 0.835842
4988.79980 0.836007
4989.35010 0.836173
4989.89990 0.836336
4990.45020 0.836988
4991.00000 0.837753
4991.54980 0.838511
4992.10010 0.839278
4992.64990 0.840038
4993.20996 0.840805
4993.75977 0.841569
4994.31006 0.842332
4994.85986 0.843099
4995.41016 0.84386
4995.97021 0.84463
4996.50977 0.845391
4997.06982 0.84616
4997.62012 0.846922
4998.16992 0.847692
4998.72021 0.848457
4999.27002 0.849224
4999.83008 0.849996
5000.37988 0.85074
5000.93018 0.851467
5001.47998 0.852195
5002.02979 0.852924
5002.58984 0.853657
5003.14990 0.85439
5003.68994 0.855116
5004.25000 0.855849
5004.79980 0.856575
5005.35010 0.85731
5005.91016 0.858041
5006.45996 0.858772
5007.00977 0.859499
5007.56006 0.860236
5008.12012 0.860972
5008.66992 0.8617
5009.22021 0.862436
5009.77979 0.863172
5010.33008 0.863752
5010.87988 0.864232
5011.43994 0.864716
5011.99023 0.865198
5012.54980 0.865682
5013.10010 0.866162
5013.64990 0.866647
5014.20020 0.867128
5014.75977 0.867613
5015.31982 0.868099
5015.87012 0.868581
5016.41992 0.869064
5016.97021 0.869546
5017.52979 0.870032
5018.08008 0.870513
5018.64014 0.870998
5019.18994 0.871487
5019.74023 0.871968
5020.29980 0.872266
5020.85986 0.872405
5021.41016 0.872543
5021.97021 0.872682
5022.52002 0.872821
5023.06982 0.872961
5023.62988 0.8731
5024.18018 0.873238
5024.74023 0.873378
5025.29004 0.873516
5025.85010 0.873654
5026.39990 0.873793
5026.95996 0.873931
5027.50977 0.87407
5028.06982 0.87421
5028.62012 0.874348
5029.18018 0.874486
5029.74023 0.874625
5030.29004 0.875006
5030.85010 0.875598
5031.39990 0.876193
5031.95996 0.876788
5032.52002 0.877388
5033.06982 0.877988
5033.62988 0.878581
5034.18018 0.87918
5034.74023 0.879774
5035.29980 0.880374
5035.85010 0.88097
5036.41016 0.881566
5036.95996 0.882159
5037.52002 0.882761
5038.08008 0.883363
5038.62988 0.883957
5039.18994 0.884557
5039.75000 0.885158
5040.29980 0.885341
5040.85986 0.885177
5041.41016 0.885012
5041.97021 0.884845
5042.52979 0.884679
5043.08984 0.884515
5043.64990 0.884349
5044.20020 0.884184
5044.75977 0.884018
5045.31982 0.883851
5045.87012 0.883686
5046.43018 0.88352
5046.97998 0.883354
5047.54980 0.883186
5048.10010 0.883021
5048.66016 0.882853
5049.22021 0.882684
5049.77002 0.882518
5050.33008 0.882841
5050.89014 0.883492
5051.45020 0.884149
5052.00977 0.884806
5052.56006 0.885457
5053.12012 0.886116
5053.68018 0.886771
5054.24023 0.887426
5054.79980 0.888085
5055.35010 0.888737
5055.91016 0.889392
5056.47021 0.890049
5057.02979 0.890709
5057.58984 0.891362
5058.14014 0.892019
5058.70020 0.892679
5059.25977 0.893337
5059.81982 0.893999
5060.37988 0.893781
5060.93994 0.893153
5061.50000 0.892526
5062.06006 0.891899
5062.62012 0.891271
5063.18018 0.890646
5063.74023 0.890018
5064.29980 0.889387
5064.85010 0.888762
5065.41992 0.88813
5065.97021 0.887504
5066.52979 0.886872
5067.08984 0.886247
5067.64990 0.885613
5068.20996 0.884982
5068.77002 0.884351
5069.33008 0.88372
5069.89014 0.883089
5070.45020 0.883254
5071.00977 0.883612
5071.56982 0.88397
5072.12988 0.884329
5072.70020 0.884689
5073.25000 0.885046
5073.81006 0.885406
5074.37988 0.885764
5074.93994 0.886123
5075.49023 0.88648
5076.06006 0.88684
5076.62012 0.887199
5077.18018 0.887559
5077.74023 0.887921
5078.29980 0.888279
5078.85986 0.888638
5079.41992 0.888999
5079.97998 0.889358
5080.54004 0.888842
5081.10010 0.8883
5081.66016 0.887751
5082.22998 0.887202
5082.79004 0.886659
5083.35010 0.886109
5083.91016 0.885563
5084.47021 0.885017
5085.02979 0.884473
5085.60010 0.883922
5086.16016 0.883374
5086.72021 0.882825
5087.27979 0.882273
5087.83984 0.881727
5088.39990 0.881179
5088.97021 0.880628
5089.52979 0.880078
5090.08984 0.879597
5090.64990 0.879481
5091.22021 0.879364
5091.77979 0.879248
5092.33984 0.879132
5092.89990 0.879015
5093.47021 0.878898
5094.02979 0.878782
5094.58984 0.878664
5095.14990 0.878547
5095.72021 0.878429
5096.27979 0.878313
5096.83984 0.878196
5097.39990 0.878079
5097.97021 0.877961
5098.52979 0.877844
5099.08984 0.877726
5099.64990 0.877607
5100.22021 0.877484
5100.77979 0.877354
5101.35010 0.877225
5101.91016 0.877095
5102.47998 0.876964
5103.04004 0.876833
5103.60010 0.876703
5104.16016 0.876571
5104.72998 0.876439
5105.29004 0.876309
5105.85010 0.876179
5106.41992 0.876047
5106.97998 0.875915
5107.54980 0.875783
5108.10986 0.87565
5108.66992 0.875518
5109.24023 0.875385
5109.79980 0.875252
5110.37012 0.875231
5110.93018 0.875269
5111.50000 0.875306
5112.06006 0.875344
5112.62988 0.875381
5113.18994 0.875418
5113.75977 0.875456
5114.31982 0.875494
5114.89014 0.875531
5115.45020 0.875569
5116.02002 0.875606
5116.58008 0.875643
5117.14990 0.87568
5117.70996 0.875717
5118.27002 0.875754
5118.83984 0.87579
5119.39990 0.875827
5119.97021 0.875864
5120.54004 0.875937
5121.10010 0.876011
5121.66992 0.876085
5122.22998 0.876159
5122.79980 0.876233
5123.37012 0.876307
5123.93018 0.87638
5124.50000 0.876454
5125.06006 0.876527
5125.62988 0.876601
5126.20020 0.876674
5126.75977 0.876748
5127.33008 0.876822
5127.89990 0.876895
5128.45996 0.876968
5129.02002 0.877041
5129.58984 0.877115
5130.16016 0.87715
5130.72998 0.877086
5131.29980 0.87702
5131.85986 0.876956
5132.43018 0.876892
5133.00000 0.876827
5133.56982 0.876762
5134.12988 0.876697
5134.70020 0.876632
5135.27002 0.876567
5135.83008 0.876502
5136.39990 0.876436
5136.97021 0.876371
5137.52979 0.876306
5138.10010 0.876241
5138.66016 0.876176
5139.22998 0.87611
5139.79980 0.876045
5140.37012 0.87601
5140.93994 0.875991
5141.50977 0.875972
5142.06982 0.875954
5142.64014 0.875936
5143.20996 0.875918
5143.77979 0.875899
5144.35010 0.87588
5144.91992 0.875861
5145.47998 0.875843
5146.04980 0.875825
5146.62012 0.875806
5147.18994 0.875786
5147.75977 0.875766
5148.31982 0.875746
5148.89014 0.875727
5149.45996 0.875707
5150.02979 0.875697
5150.60010 0.875864
5151.16992 0.87603
5151.74023 0.876194
5152.31006 0.876361
5152.87988 0.876527
5153.43994 0.876692
5154.02002 0.876858
5154.58984 0.877024
5155.14990 0.87719
5155.72021 0.877355
5156.29004 0.87752
5156.85986 0.877686
5157.43018 0.877851
5158.00000 0.878016
5158.56982 0.878183
5159.14014 0.878347
5159.70996 0.878512
5160.27979 0.878827
5160.85010 0.879297
5161.41992 0.879766
5161.99023 0.880237
5162.56006 0.880706
5163.12988 0.881176
5163.70020 0.881646
5164.27002 0.882118
5164.83984 0.882587
5165.41016 0.883058
5165.97998 0.883531
5166.56006 0.884001
5167.12012 0.88447
5167.68994 0.884941
5168.27002 0.885415
5168.83984 0.885886
5169.39990 0.886355
5169.97998 0.886828
5170.54980 0.887441
5171.12012 0.888059
5171.68994 0.888682
5172.25977 0.8893
5172.83008 0.88992
5173.39990 0.890539
5173.97998 0.891162
5174.54980 0.891782
5175.12012 0.892402
5175.68994 0.893025
5176.25977 0.893646
5176.83008 0.894265
5177.39990 0.894886
5177.97998 0.89551
5178.54980 0.896131
5179.12012 0.896752
5179.68994 0.897374
5180.25977 0.897705
5180.83984 0.897696
5181.41016 0.897687
5181.97998 0.897678
5182.54980 0.897669
5183.12012 0.89766
5183.70020 0.89765
5184.27002 0.89764
5184.85010 0.89763
5185.41992 0.89762
5185.99023 0.89761
5186.56006 0.8976
5187.14014 0.89759
5187.70996 0.89758
5188.27979 0.89757
5188.85010 0.897559
5189.43018 0.897549
5190.00000 0.897539
5190.56982 0.898158
5191.14990 0.898781
5191.72021 0.899401
5192.29004 0.900021
5192.87012 0.90064
5193.43994 0.901264
5194.02002 0.901885
5194.58984 0.902506
5195.16016 0.903131
5195.74023 0.903754
5196.31006 0.904376
5196.87988 0.904997
5197.45996 0.905623
5198.02979 0.906242
5198.60010 0.906865
5199.18018 0.907492
5199.75977 0.908115
5200.33008 0.908439
5200.89990 0.908542
5201.47998 0.908643
5202.04980 0.908745
5202.62988 0.908846
5203.20020 0.908947
5203.77979 0.909049
5204.35010 0.90915
5204.93018 0.909251
5205.50000 0.909353
5206.08008 0.909454
5206.64990 0.909555
5207.22998 0.909656
5207.79980 0.909757
5208.37988 0.909858
5208.95020 0.90996
5209.52979 0.910062
5210.10010 0.910249
5210.68018 0.910834
5211.25000 0.911419
5211.83008 0.912004
5212.39990 0.912592
5212.97998 0.913178
5213.56006 0.913765
5214.12988 0.914351
5214.70996 0.914941
5215.27979 0.915529
5215.85986 0.916116
5216.43994 0.916704
5217.00977 0.917294
5217.58984 0.917882
5218.16992 0.91847
5218.74023 0.919059
5219.31982 0.919648
5219.89014 0.920238
5220.47021 0.920459
5221.04980 0.920594
5221.62012 0.920729
5222.20020 0.920864
5222.77979 0.921
5223.35010 0.921135
5223.93018 0.921271
5224.50977 0.921408
5225.08984 0.921544
5225.66016 0.92168
5226.24023 0.921816
5226.81982 0.921951
5227.39990 0.922087
5227.97021 0.922222
5228.54980 0.922359
5229.12988 0.922494
5229.70020 0.92263
5230.27979 0.922939
5230.85986 0.923428
5231.43018 0.923915
5232.02002 0.924407
5232.58984 0.924896
5233.16992 0.925385
5233.74023 0.925872
5234.33008 0.926367
5234.89990 0.926857
5235.47998 0.927348
5236.06006 0.927841
5236.64014 0.928332
5237.22021 0.928823
5237.79980 0.929313
5238.37988 0.929806
5238.95020 0.930295
5239.52979 0.930787
5240.10986 0.931144
5240.68994 0.930928
5241.27002 0.930713
5241.85010 0.930498
5242.43018 0.930282
5243.00000 0.930065
5243.58008 0.929849
5244.16016 0.929633
5244.74023 0.929415
5245.31982 0.929198
5245.89990 0.92898
5246.47998 0.928762
5247.06006 0.928544
5247.64014 0.928328
5248.22021 0.92811
5248.79980 0.927891
5249.37988 0.927673
5249.95996 0.927453
5250.54004 0.927493
5251.12012 0.927552
5251.70020 0.927612
5252.27979 0.92767
5252.85986 0.92773
5253.43994 0.927789
5254.02002 0.927849
5254.60010 0.927908
5255.18018 0.927967
5255.75977 0.928026
5256.33984 0.928084
5256.91992 0.928142
5257.50000 0.928202
5258.08984 0.928262
5258.66016 0.928321
5259.24023 0.92838
5259.83008 0.928438
5260.41016 0.928629
5260.99023 0.928878
5261.56982 0.929129
5262.14990 0.929378
5262.72998 0.929626
5263.31006 0.929875
5263.89014 0.930125
5264.47021 0.930375
5265.04980 0.930624
5265.64014 0.930877
5266.22021 0.931126
5266.79980 0.931374
5267.37988 0.931622
5267.97021 0.931872
5268.54980 0.932123
5269.12988 0.932373
5269.70996 0.932624
5270.29004 0.932698
5270.87012 0.932602
5271.45996 0.932503
5272.04004 0.932405
5272.62012 0.932308
5273.20020 0.932209
5273.77979 0.93211
5274.37012 0.932011
5274.95020 0.931912
5275.52979 0.931813
5276.12012 0.931714
5276.70020 0.931614
5277.27979 0.931515
5277.87012 0.931417
5278.43994 0.931318
5279.02979 0.931218
5279.62012 0.931117
5280.20020 0.93081
5280.77979 0.930109
5281.35986 0.929409
5281.95020 0.928707
5282.52979 0.928004
5283.10986 0.927302
5283.70020 0.926597
5284.27979 0.925897
5284.85986 0.925194
5285.45020 0.924487
5286.02979 0.923783
5286.60986 0.923079
5287.20020 0.92237
5287.77979 0.921666
5288.35986 0.920964
5288.95020 0.920255
5289.54004 0.919546
5290.12012 0.919058
5290.70996 0.919396
5291.29004 0.919735
5291.87012 0.92007
5292.45996 0.920408
5293.04004 0.920746
5293.62988 0.921084
5294.20996 0.92142
5294.79004 0.921758
5295.37988 0.922098
5295.97021 0.922436
5296.54980 0.922772
5297.14014 0.923113
5297.72021 0.923452
5298.31006 0.923789
5298.89014 0.924128
5299.47998 0.924468
5300.06006 0.924709
5300.64990 0.924156
5301.24023 0.923599
5301.81982 0.923048
5302.39990 0.922493
5302.99023 0.921936
5303.58008 0.921378
5304.16016 0.920826
5304.75000 0.920268
5305.33008 0.919712
5305.91992 0.919155
5306.50000 0.918599
5307.08984 0.918042
5307.68018 0.91748
5308.25977 0.916922
5308.85010 0.916363
5309.43994 0.915802
5310.02002 0.915272
5310.60986 0.915426
5311.20020 0.91558
5311.77979 0.915734
5312.37012 0.915888
5312.95020 0.91604
5313.54004 0.916194
5314.12988 0.916348
5314.72021 0.916501
5315.31006 0.916656
5315.89014 0.916807
5316.47998 0.91696
5317.06006 0.917114
5317.64990 0.917269
5318.24023 0.917421
5318.83008 0.917574
5319.41992 0.917729
5320.00000 0.917883
5320.58984 0.917381
5321.18018 0.916879
5321.77002 0.91638
5322.35010 0.915882
5322.93994 0.915386
5323.52979 0.914883
5324.12012 0.914383
5324.70020 0.913882
5325.29004 0.913379
5325.87988 0.912881
5326.47021 0.912381
5327.06006 0.911877
5327.64990 0.911376
5328.22998 0.910876
5328.81982 0.910371
5329.41016 0.909866
5330.00000 0.909365
5330.58984 0.909733
5331.18018 0.910103
5331.77002 0.910473
5332.35986 0.910842
5332.93994 0.911209
5333.52979 0.911579
5334.12012 0.91195
5334.70996 0.912317
5335.29980 0.912688
5335.89014 0.913054
5336.47998 0.913426
5337.06982 0.913796
5337.66016 0.914167
5338.24023 0.914535
5338.83984 0.914907
5339.43018 0.915279
5340.02002 0.91563
5340.60986 0.915367
5341.20020 0.915104
5341.77979 0.914845
5342.37988 0.914581
5342.97021 0.914319
5343.56006 0.914055
5344.14990 0.913791
5344.74023 0.913529
5345.33008 0.913265
5345.91992 0.913001
5346.50977 0.912737
5347.10010 0.912471
5347.68994 0.912206
5348.27979 0.911942
5348.87012 0.911678
5349.45996 0.911411
5350.04980 0.911176
5350.64014 0.911271
5351.24023 0.911367
5351.81982 0.911461
5352.41992 0.911556
5353.00977 0.91165
5353.60010 0.911745
5354.18994 0.911839
5354.77979 0.911933
5355.37012 0.912028
5355.97021 0.912122
5356.56006 0.912216
5357.14990 0.912311
5357.74023 0.912405
5358.33008 0.912499
5358.91992 0.912593
5359.52002 0.912687
5360.10010 0.912775
5360.70020 0.91284
5361.29004 0.912905
5361.87988 0.91297
5362.47998 0.913035
5363.06982 0.913101
5363.66016 0.913165
5364.25000 0.91323
5364.83984 0.913294
5365.43994 0.913358
5366.02979 0.913422
5366.62012 0.913487
5367.22021 0.913552
5367.81006 0.913617
5368.39990 0.913681
5368.99023 0.913746
5369.58984 0.913809
5370.18018 0.914079
5370.77002 0.914844
5371.37012 0.91561
5371.95996 0.916373
5372.54980 0.917135
5373.14990 0.917902
5373.74023 0.918661
5374.33984 0.919427
5374.93018 0.920191
5375.52002 0.920955
5376.12012 0.921722
5376.70996 0.922483
5377.29980 0.92325
5377.89990 0.924011
5378.49023 0.924779
5379.08984 0.925549
5379.68018 0.92631
5380.27002 0.926812
5380.85986 0.927
5381.45996 0.927191
5382.04980 0.92738
5382.64990 0.92757
5383.25000 0.92776
5383.83984 0.927948
5384.43994 0.928138
5385.02979 0.928327
5385.62988 0.928518
5386.22021 0.928707
5386.81006 0.928895
5387.41016 0.929087
5388.00000 0.929277
5388.60010 0.929466
5389.20020 0.929656
5389.79004 0.929844
5390.39014 0.930192
5390.97998 0.930622
5391.56982 0.931053
5392.16992 0.931482
5392.77002 0.931915
5393.35986 0.932349
5393.95996 0.932778
5394.54980 0.933212
5395.14990 0.933642
5395.74023 0.934076
5396.33984 0.934509
5396.93994 0.934938
5397.52979 0.935373
5398.12988 0.935807
5398.72998 0.936237
5399.31982 0.936671
5399.91992 0.937102
5400.52002 0.937402
5401.10986 0.937678
5401.70996 0.937957
5402.29980 0.938232
5402.89990 0.938511
5403.50000 0.938789
5404.10010 0.939066
5404.68994 0.939342
5405.27979 0.939618
5405.87988 0.939897
5406.47998 0.940176
5407.08008 0.940453
5407.68018 0.940729
5408.27979 0.941008
5408.87012 0.941285
5409.47021 0.941563
5410.06006 0.941844
5410.66016 0.942179
5411.25977 0.94251
5411.85986 0.942845
5412.45996 0.943179
5413.04980 0.943512
5413.64990 0.943847
5414.25000 0.944178
5414.85010 0.944515
5415.43994 0.944846
5416.04004 0.945181
5416.64014 0.945516
