threeML/data/optical_filters/HST/ACS_HRC-F502N.ecsv
# %ECSV 0.9
# ---
# datatype:
# - {name: wavelength, unit: Angstrom, datatype: float32}
# - {name: response, datatype: float32}
# meta: !!omap
# - {band_name: F502N}
# - {group_name: ACS_HRC}
wavelength response
4463.95508 0.0
4959.95020 0.00510397
4960.56982 0.0054952
4961.20020 0.00590478
4961.81982 0.00631138
4962.43994 0.00671659
4963.06006 0.00712521
4963.68018 0.00753277
4964.31006 0.00794021
4964.93018 0.00834819
4965.54980 0.00896555
4966.16992 0.00961118
4966.79980 0.0102628
4967.41992 0.0109091
4968.04004 0.0115562
4968.66016 0.0122032
4969.27979 0.012851
4969.91016 0.0134992
4970.52979 0.0145572
4971.14990 0.0156885
4971.77002 0.0168213
4972.39990 0.0179634
4973.02002 0.0190973
4973.64014 0.0202219
4974.27002 0.0213667
4974.89014 0.0225022
4975.50977 0.0247272
4976.14014 0.0271873
4976.75977 0.0296486
4977.37988 0.0321111
4978.00977 0.0345961
4978.62988 0.0370611
4979.25977 0.0395273
4979.87988 0.0419965
4980.50000 0.0471728
4981.12988 0.0529998
4981.75000 0.0588298
4982.37012 0.0646627
4983.00000 0.0704983
4983.62988 0.0763917
4984.25000 0.0822378
4984.87012 0.088032
4985.50000 0.100095
4986.12012 0.113665
4986.75000 0.127252
4987.37012 0.140836
4988.00000 0.154436
4988.62012 0.168033
4989.25000 0.181764
4989.87012 0.195385
4990.50000 0.227543
4991.12012 0.264364
4991.75000 0.301205
4992.37012 0.338094
4993.00000 0.375002
4993.62012 0.411928
4994.25000 0.448874
4994.87988 0.486185
4995.50000 0.529724
4996.12012 0.574509
4996.75977 0.620094
4997.37988 0.665314
4998.00977 0.710557
4998.62988 0.755823
4999.25977 0.801112
4999.87988 0.846461
5000.50977 0.870104
5001.14014 0.888555
5001.77002 0.907014
5002.39014 0.925479
5003.02002 0.943966
5003.64990 0.962445
5004.27002 0.980946
5004.89990 0.999454
5005.52002 1.0
5006.16016 0.997003
5006.77979 0.994028
5007.39990 0.991079
5008.04004 0.988075
5008.66016 0.985095
5009.29004 0.982114
5009.91992 0.979132
5010.54004 0.975869
5011.16992 0.97256
5011.79980 0.969221
5012.43018 0.965908
5013.06006 0.962593
5013.68994 0.959277
5014.31006 0.955961
5014.93994 0.95264
5015.56982 0.952501
5016.20020 0.952685
5016.81982 0.952871
5017.45996 0.953058
5018.08984 0.953244
5018.70996 0.953429
5019.33984 0.953616
5019.97021 0.953803
5020.60010 0.952385
5021.22998 0.950889
5021.85986 0.949392
5022.47998 0.947895
5023.12012 0.946384
5023.75000 0.944886
5024.37988 0.943385
5025.00977 0.941842
5025.64014 0.935844
5026.25977 0.929849
5026.89014 0.923852
5027.52002 0.917846
5028.14990 0.911838
5028.79004 0.905776
5029.41992 0.899758
5030.04004 0.894227
5030.68018 0.894925
5031.31006 0.89562
5031.93994 0.896315
5032.56006 0.897009
5033.18994 0.897704
5033.81982 0.8984
5034.45996 0.899101
5035.08984 0.900415
5035.72021 0.905398
5036.35010 0.910387
5036.97998 0.915378
5037.60986 0.920374
5038.24023 0.925368
5038.87012 0.930368
5039.50000 0.935369
5040.14014 0.938512
5040.77002 0.934973
5041.39990 0.931463
5042.02979 0.927889
5042.66016 0.924345
5043.29980 0.920796
5043.93018 0.917246
5044.56006 0.913695
5045.18994 0.900365
5045.83008 0.863966
5046.45996 0.827888
5047.08984 0.791768
5047.72021 0.755631
5048.35010 0.71948
5048.99023 0.683314
5049.62012 0.647134
5050.25000 0.607899
5050.87988 0.564041
5051.52002 0.519789
5052.14990 0.475892
5052.77979 0.432351
5053.41992 0.388043
5054.04980 0.344056
5054.68018 0.300084
5055.31006 0.267667
5055.95020 0.246952
5056.58008 0.226229
5057.22021 0.205304
5057.85010 0.184563
5058.47998 0.163892
5059.12012 0.143021
5059.75000 0.122237
5060.39014 0.10964
5061.02002 0.102316
5061.64990 0.0949834
5062.29004 0.0876531
5062.93018 0.0802522
5063.56006 0.0729101
5064.18994 0.0655934
5064.83008 0.0582115
5065.45996 0.0536097
5066.10010 0.0500384
5066.72998 0.0464685
5067.35986 0.0428943
5068.00000 0.0393186
5068.62988 0.0357387
5069.27002 0.0321298
5069.89990 0.0285636
5070.54004 0.0267136
5071.18018 0.025184
5071.81006 0.0236514
5072.43994 0.0221191
5073.08008 0.0205862
5073.72021 0.0190515
5074.35010 0.0175171
5074.99023 0.0159668
5075.62012 0.0151859
5076.25977 0.014408
5076.89990 0.0136334
5077.52979 0.0128579
5078.16992 0.0120826
5078.79980 0.0113063
5079.43994 0.0105297
5080.06982 0.00979051
5080.72021 0.00932845
5081.35010 0.00887219
5081.99023 0.00841188
5082.62012 0.00795315
5083.25977 0.00749424
5083.89990 0.00703514
5084.52979 0.00657587
5085.16992 0.00618875
5085.81006 0.00600053
5086.45020 0.00581121
5087.08008 0.0056227
5087.72021 0.00543324
5088.35986 0.00524458
5597.19580 0.0
