threeML/data/optical_filters/HST/ACS_SBC-F140LP.ecsv
# %ECSV 0.9
# ---
# datatype:
# - {name: wavelength, unit: Angstrom, datatype: float32}
# - {name: response, datatype: float32}
# meta: !!omap
# - {band_name: F140LP}
# - {group_name: ACS_SBC}
wavelength response
[from data line 1568]
1656.33997 0.387932
1656.65002 0.387301
1656.95996 0.386667
1657.27002 0.386037
1657.57996 0.385405
1657.89001 0.384772
1658.19995 0.384137
1658.52002 0.383503
1658.82996 0.38287
1659.14001 0.382233
1659.44995 0.381599
1659.76001 0.380965
1660.06995 0.380334
1660.38000 0.379719
1660.68994 0.379104
1661.00000 0.37849
1661.31006 0.377872
1661.62000 0.377256
1661.93994 0.37664
1662.25000 0.376022
1662.56006 0.375406
1662.87000 0.374788
1663.18005 0.37417
1663.48999 0.373549
1663.80005 0.372932
1664.12000 0.372312
1664.43005 0.37169
1664.73999 0.371068
1665.05005 0.370449
1665.35999 0.369827
1665.68005 0.369203
1665.98999 0.368581
1666.30005 0.367958
1666.60999 0.367334
1666.92004 0.366708
1667.23999 0.366084
1667.55005 0.36546
1667.85999 0.364833
1668.17004 0.364207
1668.48999 0.363581
1668.80005 0.362954
1669.10999 0.362327
1669.42004 0.361699
1669.72998 0.36107
1670.05005 0.360444
1670.35999 0.359832
1670.67004 0.359221
1670.98999 0.358609
1671.30005 0.357995
1671.60999 0.357383
1671.93005 0.35677
1672.23999 0.356154
1672.55005 0.355538
1672.87000 0.354924
1673.18005 0.354308
1673.48999 0.35369
1673.81006 0.353073
1674.12000 0.352458
1674.43005 0.351838
1674.75000 0.35122
1675.06006 0.350613
1675.37000 0.350055
1675.68994 0.349498
1676.00000 0.348938
1676.31995 0.348358
1676.63000 0.347778
1676.93994 0.347198
1677.26001 0.346634
1677.56995 0.346073
1677.89001 0.345512
1678.19995 0.344936
1678.52002 0.344352
1678.82996 0.343769
1679.14001 0.343192
1679.45996 0.34263
1679.77002 0.342066
1680.08997 0.341505
1680.40002 0.340954
1680.71997 0.340405
1681.03003 0.33985
1681.34998 0.339277
1681.66003 0.338702
1681.97998 0.338131
1682.29004 0.337575
1682.60999 0.33702
1682.92004 0.336465
1683.23999 0.335894
1683.55005 0.335316
1683.87000 0.334738
1684.18005 0.334173
1684.50000 0.333617
1684.81006 0.333058
1685.13000 0.332491
1685.43994 0.33191
1685.76001 0.331328
1686.07996 0.330753
1686.39001 0.330192
1686.70996 0.329631
1687.02002 0.329067
1687.33997 0.328505
1687.66003 0.327942
1687.96997 0.327376
1688.29004 0.326793
1688.59998 0.326208
1688.92004 0.325622
1689.23999 0.325047
1689.56006 0.324481
1689.87000 0.323915
1690.18994 0.323341
1690.50000 0.322764
1690.81995 0.322186
1691.14001 0.321619
1691.44995 0.32106
1691.77002 0.320501
1692.08997 0.319937
1692.40002 0.319354
1692.71997 0.318775
1693.04004 0.318193
1693.35999 0.31763
1693.67004 0.317069
1693.98999 0.316508
1694.31006 0.315945
1694.62000 0.315379
1694.93994 0.314815
1695.26001 0.314232
1695.57996 0.313643
1695.89001 0.313055
1696.20996 0.312481
1696.53003 0.311915
1696.84998 0.311346
1697.16003 0.310765
1697.47998 0.310174
1697.80005 0.309584
1698.12000 0.308998
1698.43994 0.308427
1698.76001 0.307853
1699.06995 0.307276
1699.39001 0.306681
1699.70996 0.306085
1700.03003 0.305497
1700.34998 0.30499
1700.66003 0.304486
1700.97998 0.303978
1701.30005 0.30345
1701.62000 0.302922
1701.93994 0.302392
1702.26001 0.301879
1702.57996 0.301369
1702.90002 0.300859
1703.20996 0.300336
1703.53003 0.299801
1703.84998 0.299268
1704.17004 0.298734
1704.48999 0.298199
1704.81006 0.297662
1705.13000 0.297136
1705.44995 0.296621
1705.77002 0.296106
1706.08997 0.295584
1706.41003 0.295046
1706.72998 0.294505
1707.05005 0.293969
1707.37000 0.293451
1707.68994 0.292932
1708.01001 0.292412
1708.32996 0.29187
1708.65002 0.291327
1708.96997 0.290782
1709.29004 0.290239
1709.60999 0.289694
1709.93005 0.28915
1710.25000 0.288626
1710.56995 0.288109
1710.89001 0.287592
1711.20996 0.28706
1711.53003 0.28652
1711.84998 0.285979
1712.17004 0.285449
1712.48999 0.284929
1712.81006 0.284407
1713.13000 0.283876
1713.44995 0.283332
1713.77002 0.282789
1714.09998 0.282242
1714.42004 0.281695
1714.73999 0.281148
1715.06006 0.280603
1715.38000 0.280079
1715.69995 0.279551
1716.02002 0.279021
1716.33997 0.278472
1716.66003 0.277921
1716.98999 0.27737
1717.31006 0.276837
1717.63000 0.276307
1717.94995 0.275776
1718.28003 0.275223
1718.59998 0.274668
1718.92004 0.274114
1719.23999 0.273575
1719.56006 0.273039
1719.88000 0.272504
1720.20996 0.271958
1720.53003 0.271406
1720.84998 0.270851
1721.17004 0.270297
1721.48999 0.269742
1721.81995 0.269184
1722.14001 0.268637
1722.45996 0.268103
1722.79004 0.267566
1723.10999 0.267024
1723.43005 0.266465
1723.75000 0.265905
1724.07996 0.265346
1724.40002 0.264809
1724.71997 0.26427
1725.05005 0.263735
1725.37000 0.26324
1725.68994 0.262746
1726.01001 0.262249
1726.33997 0.261751
1726.66003 0.261253
1726.97998 0.260755
1727.31006 0.260258
1727.63000 0.259755
1727.95996 0.259255
1728.28003 0.258753
1728.59998 0.258253
1728.93005 0.257751
1729.25000 0.257266
1729.57996 0.256784
1729.90002 0.256303
1730.21997 0.255809
1730.55005 0.255308
1730.87000 0.254804
1731.18994 0.254303
1731.52002 0.2538
1731.83997 0.253295
1732.17004 0.25279
1732.48999 0.252285
1732.81995 0.251781
1733.14001 0.251273
1733.46997 0.250764
1733.79004 0.250258
1734.12000 0.249756
1734.43994 0.24927
1734.77002 0.248783
1735.08997 0.24829
1735.41003 0.247779
1735.73999 0.247265
1736.06995 0.246753
1736.39001 0.246239
1736.71997 0.245726
1737.04004 0.245211
1737.37000 0.244696
1737.68994 0.244178
1738.02002 0.243665
1738.33997 0.243171
1738.67004 0.242675
1738.98999 0.24218
1739.31995 0.241661
1739.64001 0.241141
1739.96997 0.240619
1740.30005 0.2401
1740.62000 0.239583
1740.94995 0.239061
1741.28003 0.23854
1741.59998 0.238017
1741.93005 0.237497
1742.25000 0.236974
1742.57996 0.236449
1742.91003 0.235925
1743.22998 0.235417
1743.56006 0.234915
1743.89001 0.234413
1744.20996 0.233893
1744.54004 0.233367
1744.87000 0.232838
1745.18994 0.232309
1745.52002 0.231778
1745.84998 0.231246
1746.17004 0.230716
1746.50000 0.230183
1746.82996 0.229652
1747.15002 0.229117
1747.47998 0.228583
1747.81006 0.228049
1748.14001 0.227522
1748.45996 0.22701
1748.79004 0.226497
1749.12000 0.225977
1749.44995 0.225437
1749.78003 0.224898
1750.09998 0.224435
1750.43005 0.224138
1750.76001 0.223841
1751.08997 0.223548
1751.41003 0.223274
1751.73999 0.222998
1752.06995 0.222723
1752.40002 0.222446
1752.72998 0.222169
1753.05005 0.221888
1753.38000 0.221585
1753.70996 0.221281
1754.04004 0.220981
1754.37000 0.220701
1754.69995 0.22042
1755.03003 0.220138
1755.35999 0.219857
1755.68005 0.219575
1756.01001 0.219291
1756.33997 0.218982
1756.67004 0.218674
1757.00000 0.218364
1757.32996 0.218078
1757.66003 0.217792
1757.98999 0.217505
1758.31995 0.217195
1758.64001 0.216882
1758.96997 0.216569
1759.31006 0.216277
1759.63000 0.215987
1759.95996 0.215697
1760.29004 0.215406
1760.62000 0.215115
1760.94995 0.214823
1761.28003 0.214511
1761.60999 0.214194
1761.93994 0.213875
1762.27002 0.213577
1762.59998 0.213283
1762.93005 0.212988
1763.26001 0.21267
1763.58997 0.212349
1763.92004 0.212028
1764.25000 0.211724
1764.57996 0.211425
1764.91003 0.211126
1765.23999 0.210828
1765.57996 0.210526
1765.91003 0.210225
1766.23999 0.209905
1766.56995 0.209578
1766.90002 0.20925
1767.22998 0.208939
1767.56006 0.208634
1767.89001 0.208329
1768.21997 0.208008
1768.55005 0.207677
1768.89001 0.207344
1769.21997 0.207028
1769.55005 0.20672
1769.88000 0.206411
1770.20996 0.206102
1770.54004 0.205793
1770.87000 0.205484
1771.20996 0.205157
1771.54004 0.204819
1771.87000 0.204482
1772.19995 0.20416
1772.53003 0.203847
1772.87000 0.203533
1773.19995 0.203219
1773.53003 0.202904
1773.85999 0.202588
1774.18994 0.202257
1774.53003 0.201913
1774.85999 0.20157
1775.18994 0.201285
1775.52002 0.201043
1775.85999 0.200801
1776.18994 0.200544
1776.52002 0.200275
1776.85999 0.200004
1777.18994 0.199748
1777.52002 0.199504
1777.84998 0.199258
1778.18994 0.199012
1778.52002 0.198765
1778.84998 0.198518
1779.18994 0.198256
1779.52002 0.197982
1779.84998 0.197707
1780.18005 0.197446
1780.52002 0.197197
1780.84998 0.196948
1781.18994 0.196682
1781.52002 0.196405
1781.84998 0.196129
1782.18994 0.195865
1782.52002 0.195612
1782.84998 0.195359
1783.18994 0.19509
1783.52002 0.19481
1783.85999 0.194529
1784.18994 0.194262
1784.53003 0.194007
1784.85999 0.193751
1785.18994 0.193494
1785.53003 0.193236
1785.85999 0.192978
1786.19995 0.192704
1786.53003 0.192419
1786.87000 0.192132
1787.19995 0.191861
1787.54004 0.191601
1787.87000 0.191339
1788.19995 0.19106
1788.54004 0.190771
1788.88000 0.190482
1789.20996 0.190208
1789.55005 0.189943
1789.88000 0.189678
1790.21997 0.189414
1790.55005 0.189148
1790.89001 0.188883
1791.21997 0.188598
1791.56006 0.188305
1791.89001 0.188011
1792.22998 0.187734
1792.56006 0.187465
1792.90002 0.187196
1793.22998 0.186907
1793.56995 0.186609
1793.91003 0.186311
1794.23999 0.186032
1794.57996 0.185761
1794.92004 0.185488
1795.25000 0.185214
1795.58997 0.184941
1795.92004 0.184665
1796.26001 0.184369
1796.59998 0.184067
1796.93005 0.183763
1797.27002 0.183481
1797.60999 0.183204
1797.93994 0.182926
1798.28003 0.182624
1798.62000 0.182318
1798.94995 0.182011
1799.29004 0.181726
1799.63000 0.181444
1799.95996 0.181164
1800.30005 0.180884
1800.64001 0.180603
1800.97998 0.180323
1801.31006 0.180042
1801.65002 0.179761
1801.98999 0.179478
1802.32996 0.179196
1802.66003 0.178914
1803.00000 0.17863
1803.33997 0.178319
1803.68005 0.178007
1804.02002 0.177695
1804.34998 0.17741
1804.68994 0.177125
1805.03003 0.176839
1805.37000 0.176551
1805.69995 0.176264
1806.04004 0.175977
1806.38000 0.175688
1806.71997 0.175399
1807.06006 0.175111
1807.40002 0.174822
1807.73999 0.174531
1808.07996 0.17424
1808.41003 0.17395
1808.75000 0.173658
1809.08997 0.173366
1809.43005 0.173074
1809.77002 0.172782
1810.10999 0.172488
1810.44995 0.172195
1810.79004 0.171901
1811.12000 0.171596
1811.45996 0.171274
1811.80005 0.17095
1812.14001 0.170637
1812.47998 0.170341
1812.81995 0.170045
1813.16003 0.169748
1813.50000 0.169449
1813.83997 0.169152
1814.18005 0.168853
1814.52002 0.168554
1814.85999 0.168254
1815.19995 0.167953
1815.54004 0.167654
1815.88000 0.167352
1816.21997 0.167051
1816.56006 0.166748
1816.90002 0.166447
1817.23999 0.166143
1817.57996 0.165839
1817.92004 0.165534
1818.26001 0.16523
1818.59998 0.164926
1818.93994 0.164619
1819.28003 0.164289
1819.62000 0.163954
1819.96997 0.163618
1820.31006 0.163308
1820.65002 0.163
1820.98999 0.162693
1821.32996 0.162384
1821.67004 0.162075
1822.01001 0.161765
1822.34998 0.161454
1822.68994 0.161145
1823.03003 0.160834
1823.38000 0.160522
1823.71997 0.160209
1824.06006 0.159897
1824.40002 0.159584
1824.73999 0.159269
1825.08997 0.158962
1825.43005 0.158678
1825.77002 0.158392
1826.10999 0.158104
1826.44995 0.157817
1826.79004 0.157531
1827.14001 0.157242
1827.47998 0.156954
1827.81995 0.156666
1828.16003 0.156376
1828.51001 0.156087
1828.84998 0.155797
1829.18994 0.155506
1829.53003 0.155214
1829.88000 0.154924
1830.21997 0.154631
1830.56006 0.154338
1830.91003 0.154046
1831.25000 0.153753
1831.58997 0.15346
1831.93005 0.153165
1832.28003 0.152871
1832.62000 0.152576
1832.95996 0.15228
1833.31006 0.151984
1833.65002 0.151688
1833.98999 0.151392
1834.33997 0.151093
1834.68005 0.150796
1835.02002 0.150497
1835.37000 0.150198
1835.70996 0.149899
1836.06006 0.1496
1836.40002 0.149299
1836.73999 0.148998
1837.08997 0.148697
1837.43005 0.148395
1837.78003 0.148092
1838.12000 0.147789
1838.45996 0.147487
1838.81006 0.147183
1839.15002 0.146878
1839.50000 0.146574
1839.83997 0.146269
1840.18994 0.145963
1840.53003 0.145657
1840.88000 0.145351
1841.21997 0.145045
1841.56995 0.144737
1841.91003 0.144429
1842.26001 0.144121
1842.59998 0.143812
1842.94995 0.143502
1843.29004 0.143193
1843.64001 0.142882
1843.97998 0.142572
1844.32996 0.142261
1844.67004 0.141949
1845.02002 0.141636
1845.35999 0.141324
1845.70996 0.14101
1846.06006 0.140696
1846.40002 0.140383
1846.75000 0.140067
1847.08997 0.139753
1847.43994 0.139436
1847.79004 0.13912
1848.13000 0.138804
1848.47998 0.138487
1848.81995 0.138169
1849.17004 0.13785
1849.52002 0.137531
1849.85999 0.137212
1850.20996 0.13691
1850.56006 0.136619
1850.90002 0.136327
1851.25000 0.136036
1851.59998 0.135743
1851.93994 0.13545
1852.29004 0.135157
1852.64001 0.134863
1852.97998 0.134569
1853.32996 0.134275
1853.68005 0.13398
1854.03003 0.133683
1854.37000 0.133388
1854.71997 0.133091
1855.06995 0.132793
1855.41003 0.132497
1855.76001 0.132199
1856.10999 0.1319
1856.45996 0.131601
1856.80005 0.131302
1857.15002 0.131002
1857.50000 0.130701
1857.84998 0.1304
1858.18994 0.1301
1858.54004 0.129798
1858.89001 0.129496
1859.23999 0.129193
1859.58997 0.12889
1859.93994 0.128587
1860.29004 0.128283
1860.63000 0.127979
1860.97998 0.127674
1861.32996 0.127368
1861.68005 0.127063
1862.03003 0.126757
1862.38000 0.126449
1862.71997 0.126143
1863.06995 0.125836
1863.42004 0.125528
1863.77002 0.125218
1864.12000 0.12491
1864.46997 0.124601
1864.81995 0.12429
1865.17004 0.12398
1865.52002 0.123669
1865.87000 0.123358
1866.21997 0.123046
1866.56995 0.122734
1866.92004 0.122421
1867.27002 0.122108
1867.62000 0.121793
1867.96997 0.121479
1868.31995 0.121135
1868.67004 0.120788
1869.02002 0.120442
1869.37000 0.120126
1869.71997 0.119808
1870.06995 0.119491
1870.42004 0.119174
1870.77002 0.118855
1871.12000 0.118537
1871.46997 0.118219
1871.81995 0.1179
1872.17004 0.117579
1872.52002 0.117259
1872.87000 0.116938
1873.21997 0.116618
1873.56995 0.116295
1873.92004 0.115972
1874.27002 0.11565
1874.62000 0.115326
1874.97998 0.115002
1875.32996 0.114708
1875.68005 0.114415
1876.03003 0.114124
1876.38000 0.11383
1876.72998 0.113536
1877.07996 0.113242
1877.43994 0.112948
1877.79004 0.112653
1878.14001 0.112344
1878.48999 0.112016
1878.83997 0.111688
1879.18994 0.111376
1879.55005 0.111078
1879.90002 0.110781
1880.25000 0.110483
1880.59998 0.110184
1880.95996 0.109885
1881.31006 0.109586
1881.66003 0.109287
1882.01001 0.108986
1882.37000 0.108685
1882.71997 0.108383
1883.06995 0.108075
1883.42004 0.107741
1883.78003 0.107405
1884.13000 0.10708
1884.47998 0.106777
1884.82996 0.106473
1885.18994 0.106169
1885.54004 0.105863
1885.89001 0.105559
1886.25000 0.105253
1886.59998 0.104946
1886.94995 0.104639
1887.31006 0.104331
1887.66003 0.104025
1888.01001 0.103714
1888.37000 0.103373
1888.71997 0.10303
1889.07996 0.102694
1889.43005 0.102384
1889.78003 0.102072
1890.14001 0.101762
1890.48999 0.10145
1890.84998 0.101139
1891.19995 0.100826
1891.55005 0.100514
1891.91003 0.100201
1892.26001 0.0998621
1892.62000 0.0995142
1892.96997 0.0991647
1893.32996 0.0988469
1893.68005 0.0985314
1894.03003 0.0982152
1894.39001 0.0978987
1894.73999 0.097581
1895.09998 0.0972644
1895.44995 0.0969455
1895.81006 0.0966261
1896.16003 0.0963009
1896.52002 0.0959688
1896.87000 0.0956354
1897.22998 0.0953048
1897.58997 0.0949771
1897.93994 0.0946499
1898.30005 0.0943203
1898.65002 0.093991
1899.01001 0.0936614
1899.35999 0.0933314
1899.71997 0.0929997
1900.07996 0.0926732
1900.43005 0.092363
1900.79004 0.0920514
1901.14001 0.0917427
1901.50000 0.0914345
1901.85999 0.091125
1902.20996 0.0908138
1902.56995 0.0905009
1902.92004 0.0901874
1903.28003 0.0898753
1903.64001 0.0895643
1903.98999 0.0892538
1904.34998 0.0889385
1904.70996 0.0886218
1905.06006 0.0883054
1905.42004 0.0879896
1905.78003 0.0876714
1906.13000 0.0873539
1906.48999 0.0870393
1906.84998 0.0867249
1907.19995 0.0864063
1907.56006 0.0860867
1907.92004 0.0857666
1908.28003 0.0854477
1908.63000 0.0851301
1908.98999 0.084812
1909.34998 0.0844891
1909.70996 0.0841675
1910.06995 0.0838452
1910.42004 0.0835252
1910.78003 0.0832039
1911.14001 0.0828817
1911.48999 0.0825576
1911.84998 0.0822323
1912.20996 0.0819055
1912.56995 0.0815792
1912.93005 0.0812524
1913.29004 0.0809269
1913.65002 0.0806027
1914.00000 0.0802779
1914.35999 0.0799501
1914.71997 0.0796199
1915.07996 0.0792899
1915.43994 0.0789632
1915.80005 0.078636
1916.16003 0.0783068
1916.52002 0.0779751
1916.88000 0.0776419
1917.22998 0.0773102
1917.58997 0.076977
1917.94995 0.0766434
1918.31006 0.0763112
1918.67004 0.0759801
1919.03003 0.0756483
1919.39001 0.0753117
1919.75000 0.0749765
1920.10999 0.07464
1920.46997 0.0743074
1920.82996 0.0739724
1921.18994 0.0736361
1921.55005 0.0732975
1921.91003 0.0729575
1922.27002 0.0726216
1922.63000 0.0722841
1922.98999 0.0719472
1923.34998 0.0716062
