threeML/data/optical_filters/HST/ACS_WFC-F606W_77.ecsv
# %ECSV 0.9
# ---
# datatype:
# - {name: wavelength, unit: Angstrom, datatype: float32}
# - {name: response, datatype: float32}
# meta: !!omap
# - {band_name: F606W_77}
# - {group_name: ACS_WFC}
wavelength response
[from data line 1601]
5627.62012 0.711553
5628.33008 0.713518
5629.02979 0.715483
5629.74023 0.717448
5630.45020 0.719167
5631.14990 0.720737
5631.85010 0.72229
5632.56006 0.723863
5633.27002 0.725437
5633.97998 0.727005
5634.68018 0.728574
5635.39014 0.730144
5636.08984 0.731713
5636.79980 0.73329
5637.50977 0.734869
5638.20996 0.736427
5638.91992 0.738006
5639.62012 0.739587
5640.33008 0.74055
5641.04004 0.740823
5641.74023 0.741097
5642.45020 0.741372
5643.16016 0.741648
5643.87012 0.741923
5644.56982 0.742195
5645.27979 0.742471
5645.99023 0.742747
5646.68994 0.74302
5647.39990 0.743295
5648.10986 0.74357
5648.81982 0.743845
5649.52979 0.744121
5650.24023 0.743985
5650.93994 0.74303
5651.64990 0.742062
5652.35986 0.741094
5653.06982 0.740129
5653.77002 0.739165
5654.47998 0.738199
5655.18994 0.737233
5655.89990 0.736263
5656.60986 0.735292
5657.31006 0.734333
5658.02002 0.733361
5658.74023 0.732389
5659.43994 0.731421
5660.14990 0.73044
5660.85986 0.729415
5661.56982 0.72839
5662.27979 0.727359
5662.99023 0.726329
5663.70020 0.725311
5664.41016 0.724279
5665.12012 0.723247
5665.83008 0.722219
5666.54004 0.721189
5667.25000 0.72016
5667.95996 0.719129
5668.66992 0.718095
5669.37988 0.717058
5670.08984 0.716185
5670.79980 0.716392
5671.50977 0.7166
5672.22021 0.716808
5672.93018 0.717016
5673.64014 0.717223
5674.35010 0.717431
5675.06006 0.717639
5675.77979 0.717847
5676.47998 0.718053
5677.20020 0.718263
5677.91016 0.718471
5678.62012 0.71868
5679.33008 0.718888
5680.04004 0.71914
5680.75000 0.720087
5681.47021 0.721039
5682.18018 0.721983
5682.89014 0.72293
5683.60010 0.723885
5684.31982 0.724838
5685.02979 0.725788
5685.74023 0.726739
5686.45020 0.72769
5687.16016 0.728643
5687.87988 0.729599
5688.58984 0.730547
5689.29980 0.731501
5690.00977 0.732465
5690.72998 0.733704
5691.43994 0.734937
5692.14990 0.736171
5692.87012 0.737407
5693.58008 0.738643
5694.29980 0.739885
5695.00977 0.741117
5695.72021 0.742355
5696.43018 0.743598
5697.14990 0.744843
5697.85986 0.746083
5698.58008 0.747323
5699.29004 0.748563
5700.00000 0.749802
5700.72021 0.750328
5701.43018 0.75085
5702.14014 0.751375
5702.85986 0.751903
5703.58008 0.752431
5704.29004 0.752956
5705.00977 0.753482
5705.72021 0.754008
5706.43018 0.754535
5707.14990 0.755065
5707.85986 0.755589
5708.58008 0.756116
5709.29980 0.756646
5710.00977 0.757149
5710.72998 0.756132
5711.43994 0.755112
5712.16016 0.754092
5712.87012 0.753073
5713.58984 0.752048
5714.29980 0.751032
5715.02002 0.750011
5715.74023 0.748985
5716.45020 0.747959
5717.16992 0.746936
5717.89014 0.745913
5718.60010 0.744889
5719.31982 0.743866
5720.04004 0.742891
5720.75000 0.742895
5721.47021 0.742901
5722.18994 0.742908
5722.89990 0.742913
5723.62012 0.742918
5724.33984 0.742923
5725.04980 0.742929
5725.77002 0.742935
5726.49023 0.742941
5727.20020 0.742947
5727.91992 0.742955
5728.64014 0.742961
5729.35986 0.742967
5730.08008 0.74312
5730.79980 0.74447
5731.50977 0.745819
5732.22998 0.747169
5732.95020 0.748527
5733.66992 0.749873
5734.37988 0.751226
5735.10010 0.752585
5735.83008 0.753946
5736.54004 0.755301
5737.25977 0.756658
5737.97998 0.758017
5738.70020 0.759375
5739.41992 0.76074
5740.14014 0.76119
5740.85010 0.75773
5741.56982 0.754258
5742.29980 0.750784
5743.02002 0.747323
5743.72998 0.743859
5744.45020 0.740396
5745.16992 0.736931
5745.89990 0.733451
5746.60986 0.729998
5747.33008 0.726531
5748.04980 0.723047
5748.77979 0.719561
5749.49023 0.716091
5750.22021 0.713652
5750.93994 0.713642
5751.64990 0.713631
5752.37988 0.71362
5753.10010 0.713608
5753.81006 0.713596
5754.54004 0.713586
5755.25977 0.713575
5755.97998 0.713564
5756.70020 0.713553
5757.41992 0.713542
5758.14014 0.713531
5758.87012 0.71352
5759.58984 0.71351
5760.31006 0.713383
5761.02979 0.713098
5761.75977 0.712813
5762.47998 0.71253
5763.20020 0.712247
5763.91992 0.711962
5764.64014 0.711679
5765.35986 0.711394
5766.08008 0.711111
5766.81006 0.710828
5767.52979 0.710544
5768.25977 0.710259
5768.97998 0.709975
5769.70020 0.709691
5770.41992 0.71002
5771.14990 0.710787
5771.87012 0.711558
5772.58984 0.712322
5773.31006 0.71309
5774.04004 0.713862
5774.75977 0.714634
5775.49023 0.715403
5776.20996 0.716174
5776.93018 0.716944
5777.66016 0.717716
5778.37988 0.718492
5779.10010 0.719261
5779.83008 0.720034
5780.54980 0.721387
5781.27979 0.722921
5782.00000 0.724449
5782.72998 0.725981
5783.45020 0.727511
5784.16992 0.729043
5784.89990 0.730582
5785.62012 0.73211
5786.35010 0.733643
5787.06982 0.735184
5787.79980 0.736726
5788.52979 0.738262
5789.25000 0.739799
5789.97998 0.741338
5790.70020 0.743207
5791.43018 0.745098
5792.14990 0.746972
5792.87988 0.748857
5793.60010 0.75075
5794.33008 0.752646
5795.06006 0.754534
5795.77979 0.756421
5796.50977 0.758312
5797.22998 0.760204
5797.95996 0.762105
5798.68994 0.763991
5799.41016 0.765886
5800.14014 0.767613
5800.87012 0.768593
5801.60010 0.769569
5802.31982 0.770545
5803.04980 0.771523
5803.77002 0.7725
5804.50000 0.773483
5805.22998 0.774456
5805.95020 0.775434
5806.68018 0.776418
5807.41016 0.777403
5808.14014 0.778384
5808.87012 0.779365
5809.60010 0.780346
5810.31982 0.781094
5811.04980 0.781547
5811.77979 0.781999
5812.50000 0.782452
5813.22998 0.782908
5813.97021 0.783363
5814.68994 0.783818
5815.41992 0.784273
5816.14990 0.784729
5816.87988 0.785183
5817.60010 0.785639
5818.33008 0.786096
5819.06006 0.786551
5819.79004 0.787012
5820.52002 0.786148
5821.25000 0.78477
5821.97998 0.78339
5822.70996 0.782011
5823.43994 0.780631
5824.16992 0.779251
5824.89990 0.777869
5825.62988 0.776486
5826.35986 0.775097
5827.08984 0.773707
5827.81982 0.772321
5828.54980 0.770936
5829.27979 0.76955
5830.00977 0.768183
5830.74023 0.768157
5831.47021 0.768134
5832.20020 0.76811
5832.93018 0.768086
5833.66992 0.768062
5834.39990 0.768038
5835.12988 0.768014
5835.85986 0.767992
5836.58984 0.767968
5837.31982 0.767943
5838.04980 0.76792
5838.77979 0.767897
5839.50977 0.767874
5840.25000 0.767357
5840.97998 0.76588
5841.70996 0.764403
5842.43994 0.762925
5843.16992 0.761446
5843.89990 0.759967
5844.64014 0.758487
5845.37012 0.757006
5846.10010 0.755517
5846.83984 0.754028
5847.56982 0.752546
5848.29980 0.751063
5849.02979 0.749579
5849.77002 0.748095
5850.50000 0.749232
5851.22998 0.751604
5851.95996 0.753978
5852.70020 0.756364
5853.43994 0.75875
5854.16992 0.761126
5854.89990 0.763504
5855.62988 0.765883
5856.37012 0.768264
5857.10010 0.770646
5857.83008 0.77303
5858.56006 0.775415
5859.29980 0.77781
5860.04004 0.780068
5860.77002 0.779801
5861.50977 0.779534
5862.24023 0.779266
5862.97021 0.778999
5863.70996 0.778731
5864.43994 0.778463
5865.18018 0.778195
5865.91016 0.777926
5866.64990 0.777656
5867.37988 0.777388
5868.12012 0.777119
5868.85010 0.77685
5869.58984 0.776582
5870.31982 0.776465
5871.06006 0.77654
5871.79004 0.776615
5872.52979 0.776692
5873.27002 0.776768
5874.00000 0.776844
5874.74023 0.77692
5875.47998 0.776996
5876.20996 0.777074
5876.95020 0.77715
5877.68018 0.777226
5878.41992 0.777303
5879.16016 0.77738
5879.89990 0.777458
5880.62988 0.77626
5881.37012 0.774848
5882.10010 0.773436
5882.83984 0.772023
5883.58008 0.770608
5884.31006 0.769193
5885.04980 0.767779
5885.79004 0.766356
5886.52979 0.764932
5887.27002 0.763514
5888.00000 0.762096
5888.74023 0.760676
5889.47998 0.759256
5890.20996 0.759424
5890.95020 0.763474
5891.68994 0.767529
5892.43018 0.771602
5893.16992 0.775678
5893.91016 0.779737
5894.64990 0.783801
5895.37988 0.78787
5896.12012 0.791939
5896.85986 0.796011
5897.60010 0.800088
5898.33984 0.804166
5899.08008 0.808265
5899.81982 0.812368
5900.56006 0.811448
5901.29980 0.808907
5902.04004 0.806363
5902.77002 0.803821
5903.50977 0.801278
5904.25000 0.798733
5904.99023 0.796186
5905.72998 0.793628
5906.47998 0.791067
5907.22021 0.788517
5907.95020 0.785963
5908.68994 0.783413
5909.43018 0.780859
5910.16992 0.779543
5910.91016 0.782264
5911.64990 0.784986
5912.39990 0.787722
5913.14014 0.79046
5913.87988 0.793187
5914.62012 0.795916
5915.35986 0.798646
5916.10010 0.801376
5916.83984 0.80411
5917.58008 0.806844
5918.31982 0.809579
5919.06982 0.812329
5919.81006 0.81508
5920.54980 0.814853
5921.29004 0.813612
5922.02979 0.81237
5922.77979 0.811128
5923.52002 0.809884
5924.25977 0.80864
5925.00000 0.807396
5925.75000 0.806144
5926.49023 0.804893
5927.22998 0.803645
5927.97021 0.802398
5928.72021 0.801148
5929.45996 0.799899
5930.20020 0.798505
5930.93994 0.796719
5931.68994 0.794933
5932.43018 0.793137
5933.18018 0.791341
5933.91992 0.789551
5934.66016 0.787761
5935.39990 0.785969
5936.14990 0.784177
5936.89014 0.782384
5937.62988 0.780589
5938.37988 0.778794
5939.12012 0.776988
5939.87012 0.77519
5940.60986 0.772399
5941.35986 0.769407
5942.10010 0.766414
5942.85010 0.763418
5943.58984 0.760423
5944.33008 0.757424
5945.08008 0.754423
5945.81982 0.751407
5946.56982 0.748405
5947.31982 0.745387
5948.06006 0.742379
5948.81006 0.739372
5949.54980 0.736362
5950.29980 0.736119
5951.04004 0.740092
5951.77979 0.744069
5952.52979 0.748065
5953.27979 0.752047
5954.02979 0.75605
5954.77002 0.760037
5955.52002 0.764027
5956.25977 0.768019
5957.00977 0.772015
5957.75000 0.776012
5958.50000 0.780013
5959.25000 0.784033
5959.99023 0.788039
5960.74023 0.786816
5961.49023 0.785563
5962.24023 0.784309
5962.97998 0.783054
5963.72998 0.781799
5964.47998 0.780542
5965.22021 0.779285
5965.97021 0.77802
5966.72021 0.776761
5967.47021 0.775495
5968.22021 0.774234
5968.95996 0.772972
5969.70996 0.771709
5970.45996 0.771758
5971.20996 0.772635
5971.95020 0.773512
5972.70020 0.774393
5973.45020 0.775271
5974.20020 0.776155
5974.95020 0.777034
5975.70020 0.777914
5976.45020 0.778794
5977.18994 0.779675
5977.93994 0.780556
5978.68994 0.781438
5979.43994 0.782325
5980.18994 0.782978
5980.93994 0.782955
5981.68994 0.782934
5982.43994 0.782912
5983.18994 0.78289
5983.93994 0.782869
5984.68994 0.782846
5985.43994 0.782823
5986.18994 0.782799
5986.93994 0.782777
5987.68994 0.782756
5988.43994 0.782733
5989.18994 0.782709
5989.93994 0.782686
5990.68994 0.782539
5991.43994 0.782381
5992.18994 0.782224
5992.93994 0.782066
5993.68994 0.781906
5994.45020 0.781747
5995.20020 0.78159
5995.95020 0.78143
5996.70020 0.781271
5997.45020 0.781112
5998.20020 0.780953
5998.95020 0.780793
5999.70020 0.780633
6000.45020 0.781095
6001.20996 0.781966
6001.95996 0.782835
6002.70996 0.783704
6003.45996 0.784573
6004.22021 0.785442
6004.97021 0.786311
6005.72021 0.787181
6006.47021 0.788056
6007.22998 0.788927
6007.97998 0.789803
6008.72998 0.790673
6009.47998 0.791546
6010.24023 0.792271
6010.99023 0.792673
6011.74023 0.793074
6012.49023 0.793476
6013.25000 0.79388
6014.00000 0.794283
6014.75977 0.794687
6015.50977 0.79509
6016.27002 0.795494
6017.02002 0.795897
6017.77002 0.796299
6018.52002 0.796702
6019.27979 0.797106
6020.02979 0.797514
6020.79004 0.797967
6021.54004 0.798423
6022.29980 0.798878
6023.04980 0.799332
6023.81006 0.799785
6024.56006 0.80024
6025.31006 0.800694
6026.06982 0.80115
6026.83008 0.801607
6027.58008 0.802063
6028.33984 0.802521
6029.08984 0.802976
6029.85010 0.803434
6030.60010 0.803818
6031.35986 0.804185
6032.10986 0.804553
6032.87012 0.80492
6033.62988 0.805289
6034.37988 0.805657
6035.14014 0.806026
6035.89990 0.806393
6036.64990 0.806762
6037.41016 0.80713
6038.16016 0.807498
6038.91992 0.807868
6039.66992 0.808237
6040.43018 0.809376
6041.18994 0.81109
6041.95020 0.812813
6042.70020 0.814528
6043.45996 0.816243
6044.22021 0.817961
6044.97998 0.819678
6045.72998 0.821397
6046.49023 0.823117
6047.25000 0.824844
6048.00977 0.826565
6048.77002 0.828295
6049.52002 0.830018
6050.27979 0.830984
6051.04004 0.83066
6051.79980 0.830337
6052.54980 0.830014
6053.31006 0.82969
6054.06982 0.829364
6054.83008 0.829042
6055.58984 0.828715
6056.35010 0.82839
6057.10986 0.828065
6057.85986 0.827739
6058.62012 0.827414
6059.37988 0.827087
6060.14014 0.826662
6060.89990 0.825797
6061.66016 0.824933
6062.41992 0.824066
6063.18018 0.823203
6063.93994 0.822337
6064.70020 0.821471
6065.45996 0.820606
6066.22021 0.819739
6066.97998 0.81887
6067.74023 0.818
6068.50000 0.817132
6069.25977 0.816258
6070.02002 0.815388
6070.77979 0.814528
6071.54004 0.813666
6072.29980 0.812804
6073.06006 0.811942
6073.81982 0.811078
6074.58984 0.810212
6075.35010 0.809349
6076.10986 0.808479
6076.87012 0.807614
6077.62988 0.806749
6078.39014 0.805883
6079.14990 0.805016
6079.91016 0.804148
6080.66992 0.805684
6081.43994 0.807538
6082.20020 0.809384
6082.97021 0.81124
6083.72998 0.813089
6084.49023 0.814938
6085.25000 0.81679
6086.00977 0.818643
6086.77002 0.820494
6087.52979 0.82235
6088.29980 0.824215
6089.06006 0.826071
6089.83008 0.827937
6090.58984 0.829279
6091.35010 0.830468
6092.10986 0.831668
6092.87988 0.832862
6093.64014 0.834058
6094.39990 0.835255
6095.16992 0.836456
6095.93018 0.837653
6096.70020 0.838857
6097.45996 0.840055
6098.22021 0.841248
6098.99023 0.842454
6099.75000 0.843654
6100.52002 0.843327
6101.27979 0.842265
6102.04980 0.8412
6102.81006 0.840137
6103.58008 0.839069
6104.33984 0.838004
6105.10010 0.836943
6105.87012 0.835872
6106.62988 0.834807
6107.39990 0.833739
6108.16016 0.832671
6108.93018 0.831599
6109.68994 0.830529
6110.45996 0.83093
6111.22998 0.832294
6111.99023 0.833652
6112.75977 0.835023
6113.52002 0.83639
6114.29004 0.837756
6115.04980 0.839124
6115.81982 0.840499
6116.58984 0.841868
6117.35986 0.843243
6118.12012 0.844616
6118.89014 0.845981
6119.64990 0.84736
6120.41992 0.848043
6121.18994 0.848161
6121.95020 0.848279
6122.72021 0.848397
6123.49023 0.848516
6124.25977 0.848634
6125.02979 0.848752
6125.79004 0.848869
6126.56006 0.848987
6127.33008 0.849106
6128.08984 0.849225
6128.85986 0.849341
6129.62988 0.84946
6130.39990 0.84965
6131.16992 0.849907
6131.93994 0.850162
6132.70020 0.850416
6133.47021 0.850674
6134.24023 0.850931
6135.00977 0.851186
6135.77002 0.851443
6136.54980 0.851701
6137.31006 0.851957
6138.08984 0.852214
6138.85010 0.852471
6139.62012 0.852727
6140.39014 0.853006
6141.16016 0.853305
6141.93018 0.853603
6142.70020 0.853902
6143.47021 0.854202
6144.24023 0.854501
6145.00977 0.854801
6145.77979 0.8551
6146.54980 0.855398
6147.31982 0.855699
6148.08984 0.855998
6148.85986 0.856299
6149.62988 0.856598
6150.39990 0.856015
6151.16992 0.854618
6151.93994 0.853214
6152.72021 0.851815
6153.47998 0.850422
6154.25977 0.849016
6155.02979 0.847614
6155.79980 0.846212
6156.56982 0.844809
6157.33984 0.8434
6158.10986 0.841996
6158.89014 0.840584
6159.66016 0.839179
6160.41992 0.836735
6161.20020 0.833417
6161.97021 0.83011
6162.74023 0.826803
6163.50977 0.823493
6164.29004 0.820166
6165.06006 0.816851
6165.83008 0.813518
6166.60986 0.810198
6167.37988 0.80689
6168.14990 0.80355
6168.91992 0.800222
6169.68994 0.796894
6170.47021 0.794253
6171.24023 0.792054
6172.02002 0.789864
6172.79004 0.787663
6173.56006 0.78547
6174.33008 0.783284
6175.10986 0.781078
6175.87988 0.778879
6176.64990 0.776681
6177.43018 0.774481
6178.20020 0.772268
6178.97998 0.770064
6179.75977 0.767849
6180.52979 0.765947
6181.29980 0.764192
6182.08008 0.762422
6182.85010 0.760658
6183.62012 0.758892
6184.39990 0.757125
6185.18018 0.75535
6185.95020 0.753583
6186.72998 0.751804
6187.50000 0.750033
6188.27002 0.748268
6189.04980 0.746485
6189.83008 0.744712
6190.60010 0.744039
6191.37988 0.743686
6192.14990 0.743332
6192.93018 0.742979
6193.70996 0.742624
6194.47998 0.742269
6195.25977 0.741916
6196.02979 0.74156
6196.81006 0.741206
6197.58984 0.740851
6198.35986 0.740495
6199.14014 0.740137
6199.91992 0.739781
6200.70020 0.73912
6201.47021 0.738426
6202.24023 0.737734
6203.02002 0.737035
6203.79980 0.736339
6204.58008 0.735643
6205.35010 0.734946
6206.12988 0.734245
6206.91016 0.733547
6207.68994 0.732846
6208.47021 0.732148
6209.24023 0.731452
6210.02002 0.730814
6210.79980 0.732276
6211.58008 0.733738
6212.35010 0.735201
6213.14014 0.73667
6213.91016 0.738133
6214.68994 0.739604
6215.47021 0.741069
6216.25000 0.742528
6217.02979 0.744
6217.81006 0.745468
6218.58984 0.746936
6219.35986 0.748403
6220.14990 0.750423
6220.93018 0.754803
6221.70996 0.759203
6222.49023 0.763587
6223.25977 0.767954
