threeML/data/optical_filters/HST/ACS_WFC-F625W_77.ecsv
# %ECSV 0.9
# ---
# datatype:
# - {name: wavelength, unit: Angstrom, datatype: float32}
# - {name: response, datatype: float32}
# meta: !!omap
# - {band_name: F625W_77}
# - {group_name: ACS_WFC}
wavelength response
4872.50977 0.0
5413.89990 0.00176814
5414.58008 0.00180235
5415.25977 0.00183658
5415.93018 0.00187067
5416.60986 0.00190478
5417.29004 0.00193908
5417.95996 0.0019731
5418.64014 0.00200743
5419.31006 0.00204177
5419.99023 0.00207584
5420.66992 0.00222323
5421.33984 0.00237221
5422.02002 0.00252114
5422.70020 0.00267088
5423.37012 0.00282003
5424.04980 0.00296934
5424.72998 0.00311924
5425.41016 0.00326931
5426.08008 0.00341879
5426.75977 0.00356898
5427.43994 0.00371858
5428.12012 0.00386888
5428.79004 0.00401869
5429.47021 0.00416845
5430.14990 0.00431841
5430.81982 0.00446857
5431.50000 0.00461945
5432.18018 0.00476974
5432.85986 0.00492021
5433.54004 0.0050714
5434.20996 0.005222
5434.89014 0.00537268
5435.56982 0.00552407
5436.25000 0.00567488
5436.93018 0.00582587
5437.60986 0.00597746
5438.27979 0.00612858
5438.97021 0.00628042
5439.64014 0.00643179
5440.31982 0.00670324
5441.00000 0.00710472
5441.68018 0.00750606
5442.35986 0.00790786
5443.04004 0.00830981
5443.72021 0.00871393
5444.39990 0.00911791
5445.06982 0.00951888
5445.75977 0.00992347
5446.43994 0.0103282
5447.10986 0.0107297
5447.79980 0.0111347
5448.47998 0.0115402
5449.16016 0.0119438
5449.83984 0.0123479
5450.52002 0.012917
5451.20020 0.0135385
5451.87988 0.0141571
5452.56006 0.014776
5453.24023 0.0153983
5453.91992 0.0160182
5454.60010 0.0166383
5455.27979 0.0172588
5455.95996 0.0178799
5456.64014 0.0185036
5457.31982 0.0191226
5458.00000 0.0197472
5458.68994 0.0203721
5459.35986 0.020992
5460.04980 0.021642
5460.72998 0.0226131
5461.41016 0.0235797
5462.10010 0.0245515
5462.77979 0.0255202
5463.45996 0.0264927
5464.14014 0.0274662
5464.81982 0.028431
5465.50977 0.0294053
5466.18994 0.0303798
5466.87012 0.0313464
5467.54980 0.0323224
5468.22998 0.0332938
5468.91992 0.0342662
5469.60010 0.035239
5470.27979 0.036392
5470.95996 0.0378113
5471.64990 0.0392252
5472.33008 0.0406408
5473.00977 0.0420632
5473.70020 0.0434862
5474.37988 0.0449037
5475.06006 0.046322
5475.75000 0.0477479
5476.43018 0.0491745
5477.10986 0.0505886
5477.79980 0.0520165
5478.47998 0.0534461
5479.16016 0.0548632
5479.85010 0.0562932
5480.52979 0.0577895
5481.22021 0.0592917
5481.89990 0.0608073
5482.58008 0.062317
5483.27002 0.0638282
5483.95020 0.0653452
5484.64014 0.0668573
5485.31982 0.0683699
5486.00977 0.0698895
5486.68994 0.0714095
5487.37988 0.0729182
5488.06006 0.0744392
5488.75000 0.0759617
5489.43018 0.0774782
5490.12012 0.078917
5490.79980 0.0799817
5491.47998 0.0810368
5492.16992 0.0821021
5492.85986 0.0831677
5493.54004 0.0842238
5494.22998 0.0852907
5494.91016 0.0863527
5495.60010 0.0874158
5496.29004 0.088483
5496.97021 0.0895468
5497.66016 0.0906109
5498.35010 0.0916806
5499.02979 0.0927499
5499.72021 0.0938157
5500.39990 0.0953961
5501.08984 0.0973472
5501.77979 0.0992976
5502.47021 0.101241
5503.14990 0.103185
5503.83984 0.105132
5504.52002 0.107079
5505.20996 0.109036
5505.89990 0.110986
5506.58984 0.112936
5507.27002 0.114897
5507.95996 0.116851
5508.64990 0.118804
5509.33984 0.12077
5510.02002 0.122768
5510.70996 0.125922
5511.39990 0.129092
5512.08984 0.13225
5512.77002 0.135406
5513.45996 0.138581
5514.14990 0.141754
5514.83984 0.144918
5515.52979 0.148079
5516.22021 0.151258
5516.91016 0.154423
5517.58984 0.15759
5518.27979 0.160773
5518.97021 0.163941
5519.66016 0.167112
5520.35010 0.170118
5521.04004 0.172968
5521.72998 0.175833
5522.41992 0.178697
5523.10986 0.181552
5523.79980 0.184408
5524.49023 0.187277
5525.18018 0.190135
5525.87012 0.193007
5526.56006 0.195867
5527.25000 0.198742
5527.93994 0.201606
5528.62012 0.204471
5529.31006 0.207337
5530.00000 0.210203
5530.68994 0.212862
5531.39014 0.21551
5532.06982 0.218156
5532.75977 0.220806
5533.45020 0.223457
5534.14990 0.226121
5534.83984 0.228787
5535.52979 0.231453
5536.22021 0.23411
5536.91016 0.236767
5537.60010 0.239436
5538.29980 0.242108
5538.97998 0.244756
5539.68018 0.24743
5540.37012 0.249859
5541.06006 0.252057
5541.75000 0.254275
5542.43994 0.256484
5543.12988 0.258693
5543.83008 0.260914
5544.52002 0.263116
5545.20996 0.265339
5545.89990 0.267552
5546.58984 0.269765
5547.29004 0.27199
5547.97998 0.274215
5548.66992 0.276431
5549.35986 0.27865
5550.06006 0.280903
5550.75000 0.283442
5551.43994 0.28596
5552.14014 0.288501
5552.83008 0.291043
5553.52002 0.293565
5554.22021 0.296111
5554.91016 0.298658
5555.60010 0.301184
5556.29980 0.303735
5556.99023 0.306275
5557.68018 0.308816
5558.37988 0.311371
5559.06982 0.313914
5559.75977 0.31646
5560.45996 0.318893
5561.14990 0.321258
5561.83984 0.323604
5562.54004 0.325972
5563.24023 0.328341
5563.93018 0.330701
5564.62012 0.333062
5565.31982 0.335434
5566.00977 0.337795
5566.70996 0.34016
5567.39990 0.342534
5568.08984 0.344889
5568.79004 0.347265
5569.47998 0.349632
5570.18018 0.351982
5570.87988 0.354286
5571.56982 0.356591
5572.27002 0.358886
5572.95996 0.361181
5573.66016 0.363488
5574.35010 0.365785
5575.04980 0.368083
5575.75000 0.370392
5576.43994 0.372702
5577.14014 0.375002
5577.83984 0.377303
5578.52979 0.379615
5579.22998 0.381906
5579.91992 0.384218
5580.62012 0.385888
5581.31006 0.387479
5582.00977 0.389078
5582.70996 0.390663
5583.39990 0.392264
5584.10010 0.393866
5584.79980 0.39546
5585.50000 0.397063
5586.18994 0.398658
5586.89014 0.400261
5587.58984 0.401859
5588.29004 0.403457
5588.99023 0.405063
5589.68018 0.406663
5590.37988 0.407747
5591.08008 0.408405
5591.77979 0.40906
5592.47021 0.409717
5593.16992 0.410376
5593.87012 0.411033
5594.56982 0.41169
5595.25977 0.412343
5595.95996 0.413004
5596.66016 0.413664
5597.35986 0.414323
5598.06006 0.414984
5598.75977 0.415642
5599.45996 0.416304
5600.16016 0.417206
5600.85010 0.418946
5601.56006 0.420695
5602.25000 0.422438
5602.95020 0.424181
5603.64990 0.425932
5604.35010 0.427677
5605.04980 0.429424
5605.75000 0.431178
5606.45020 0.432924
5607.14990 0.434672
5607.85010 0.43643
5608.54980 0.438179
5609.25000 0.439931
5609.95020 0.441689
5610.64990 0.443506
5611.35010 0.445329
5612.04980 0.447162
5612.75000 0.448987
5613.45020 0.450813
5614.14990 0.452648
5614.85010 0.454477
5615.54980 0.456306
5616.25977 0.458144
5616.95996 0.459974
5617.66016 0.461807
5618.35986 0.463649
5619.06006 0.46549
5619.77002 0.467334
5620.45996 0.469709
5621.16992 0.472388
5621.87012 0.475068
5622.56982 0.477723
5623.27002 0.480406
5623.97998 0.483088
5624.66992 0.485748
5625.37988 0.488433
5626.08008 0.49112
5626.77979 0.493784
5627.47998 0.496471
5628.18994 0.499162
5628.89014 0.501829
5629.58984 0.504521
5630.29980 0.506732
5630.99023 0.508264
5631.70020 0.509812
5632.39990 0.511359
5633.10010 0.512894
5633.81006 0.514443
5634.50977 0.515993
5635.20996 0.517531
5635.91992 0.519082
5636.62012 0.520634
5637.31982 0.522174
5638.02979 0.523727
5638.72998 0.52528
5639.43018 0.526822
5640.14014 0.528369
5640.85010 0.529877
5641.54980 0.531372
5642.25000 0.532883
5642.95996 0.534395
5643.66016 0.535893
5644.35986 0.537405
5645.06982 0.538918
5645.77002 0.54042
5646.47998 0.541934
5647.18994 0.543449
5647.89014 0.544952
5648.58984 0.54647
5649.29980 0.547988
5650.00000 0.549492
5650.70996 0.549942
5651.41016 0.550391
5652.12012 0.550837
5652.81982 0.551287
5653.52979 0.551738
5654.22998 0.552185
5654.93994 0.552636
5655.64990 0.553087
5656.35986 0.553538
5657.06006 0.553988
5657.77002 0.554438
5658.47998 0.55489
5659.18018 0.55534
5659.89014 0.555791
5660.58984 0.556895
5661.29980 0.558119
5662.00000 0.559344
5662.70996 0.560576
5663.41992 0.561803
5664.12012 0.563031
5664.83008 0.564265
5665.54004 0.565494
5666.25000 0.566723
5666.95020 0.567958
5667.66016 0.569189
5668.37012 0.57042
5669.08008 0.571657
5669.77979 0.572889
5670.49023 0.57442
5671.20020 0.576091
5671.91016 0.577757
5672.60986 0.579423
5673.31982 0.581099
5674.02979 0.582766
5674.74023 0.584435
5675.45020 0.586112
5676.16016 0.587782
5676.85986 0.589455
5677.56982 0.591134
5678.27979 0.592807
5678.99023 0.594483
5679.70020 0.596165
5680.41016 0.596893
5681.12012 0.596921
5681.83008 0.59695
5682.52979 0.596979
5683.24023 0.597007
5683.95020 0.597036
5684.66016 0.597065
5685.37012 0.597093
5686.08008 0.597122
5686.79004 0.597151
5687.50000 0.59718
5688.20996 0.597208
5688.91992 0.597237
5689.62988 0.597265
5690.33984 0.597048
5691.04980 0.596566
5691.75977 0.596083
5692.47021 0.595599
5693.18994 0.595114
5693.89990 0.594629
5694.60010 0.594149
5695.31982 0.593664
5696.02979 0.593178
5696.74023 0.592696
5697.45020 0.59221
5698.16016 0.591726
5698.87012 0.59124
5699.58008 0.590754
5700.29980 0.590081
5701.00977 0.589155
5701.72021 0.588222
5702.43018 0.587287
5703.14014 0.586361
5703.85010 0.585424
5704.56006 0.584492
5705.27002 0.583559
5705.99023 0.582621
5706.70020 0.581684
5707.41016 0.580753
5708.12988 0.579812
5708.83984 0.578872
5709.54980 0.57794
5710.25977 0.577702
5710.97998 0.578663
5711.68994 0.579624
5712.39990 0.58059
5713.12012 0.581556
5713.83008 0.582514
5714.54004 0.583482
5715.25977 0.58445
5715.97021 0.585412
5716.68018 0.586381
5717.39014 0.587346
5718.10986 0.588312
5718.81982 0.589283
5719.54004 0.590255
5720.25000 0.591511
5720.95996 0.593326
5721.68018 0.595146
5722.39014 0.596948
5723.10986 0.598767
5723.81982 0.600578
5724.52979 0.602389
5725.25000 0.60421
5725.97021 0.606032
5726.68018 0.607838
5727.39014 0.609661
5728.10986 0.611485
5728.81982 0.613293
5729.54004 0.615117
5730.25000 0.617032
5730.97021 0.619144
5731.68994 0.621239
5732.39990 0.623335
5733.12012 0.625442
5733.83008 0.627541
5734.54980 0.629641
5735.27002 0.631752
5735.97998 0.633855
5736.68994 0.635959
5737.41016 0.638075
5738.12988 0.640182
5738.83984 0.642291
5739.56006 0.64441
5740.27979 0.64618
5740.99023 0.647412
5741.70996 0.648653
5742.43018 0.649886
5743.14014 0.651121
5743.85986 0.652361
5744.58008 0.653596
5745.29004 0.654832
5746.00977 0.656074
5746.72998 0.657312
5747.43994 0.658549
5748.16016 0.659794
5748.87988 0.661032
5749.60010 0.662271
5750.31982 0.662896
5751.02979 0.662729
5751.75000 0.662562
5752.47021 0.662393
5753.18994 0.662224
5753.89990 0.662056
5754.62012 0.661888
5755.33984 0.66172
5756.06006 0.661551
5756.77979 0.661383
5757.50000 0.661214
5758.20996 0.661045
5758.93018 0.660875
5759.64990 0.660708
5760.37012 0.660513
5761.08984 0.660292
5761.81006 0.660073
5762.52979 0.659854
5763.25000 0.659634
5763.97021 0.659413
5764.68994 0.659194
5765.41016 0.658973
5766.12012 0.658754
5766.83984 0.658535
5767.56006 0.658315
5768.27979 0.658096
5769.00977 0.657875
5769.72998 0.657655
5770.45020 0.657799
5771.16992 0.658167
5771.89014 0.658531
5772.60986 0.658899
5773.33008 0.659268
5774.04980 0.659633
5774.77002 0.660001
5775.49023 0.66037
5776.20996 0.660736
5776.93018 0.661105
5777.66016 0.661476
5778.37012 0.661843
5779.10010 0.662214
5779.81982 0.662585
5780.54004 0.663276
5781.25977 0.664085
5781.97998 0.664893
5782.70020 0.665697
5783.43018 0.666507
5784.14990 0.667318
5784.87012 0.668122
5785.58984 0.668934
5786.31006 0.669745
5787.02979 0.670549
5787.75977 0.671362
5788.47998 0.672175
5789.20020 0.672982
5789.91992 0.673796
5790.64990 0.675766
5791.37012 0.677851
5792.08984 0.679956
5792.81982 0.682063
5793.54004 0.684153
5794.25977 0.686262
5794.99023 0.688371
5795.70996 0.690464
5796.43018 0.692578
5797.16016 0.694693
5797.87988 0.69679
5798.60010 0.698906
5799.33008 0.701025
5800.04980 0.702989
5800.77002 0.70302
5801.50000 0.70305
5802.22021 0.70308
5802.95020 0.70311
5803.66992 0.703141
5804.39014 0.703171
5805.12012 0.703202
5805.85010 0.703232
5806.56982 0.703263
5807.29980 0.703294
5808.02002 0.703326
5808.75000 0.703357
5809.47021 0.703388
5810.18994 0.703411
5810.91992 0.70341
5811.64990 0.703409
5812.37012 0.703407
5813.10010 0.703407
5813.81982 0.703405
5814.54980 0.703404
5815.27002 0.703404
5816.00000 0.703404
5816.72021 0.703402
5817.45020 0.703402
5818.18018 0.703401
5818.89990 0.7034
5819.62988 0.703401
5820.35986 0.703392
5821.08008 0.703373
5821.81006 0.703354
5822.54004 0.703336
5823.25977 0.703318
5823.99023 0.7033
5824.72021 0.703282
5825.43994 0.703264
5826.16992 0.703245
5826.89990 0.703228
5827.62012 0.703209
5828.35010 0.703191
5829.08008 0.703174
5829.81006 0.703156
5830.54004 0.703943
5831.25977 0.705017
5831.99023 0.706093
5832.72021 0.707173
5833.45020 0.708249
5834.16992 0.709326
5834.89990 0.710409
5835.62988 0.711487
5836.35986 0.712565
5837.08984 0.713649
5837.81006 0.714728
5838.54004 0.715809
5839.27002 0.716896
5840.00000 0.717977
5840.72998 0.719341
5841.45996 0.720711
5842.18994 0.722077
5842.91992 0.723444
5843.64990 0.724817
5844.37988 0.726186
5845.10010 0.727554
5845.83984 0.728929
5846.56982 0.730306
5847.29980 0.731684
5848.02002 0.733051
5848.75977 0.734431
5849.49023 0.735805
5850.22021 0.736866
5850.95020 0.737181
5851.68018 0.737495
5852.41016 0.737808
5853.14014 0.738123
5853.87012 0.738439
5854.60010 0.738751
5855.33008 0.739066
5856.06006 0.739381
5856.79004 0.739697
5857.52002 0.740014
5858.25977 0.740331
5858.97998 0.740646
5859.72021 0.740963
5860.45020 0.740813
5861.18018 0.740371
5861.91016 0.739925
5862.64014 0.739482
5863.37012 0.739038
5864.10986 0.738591
5864.83984 0.738145
5865.56982 0.737702
5866.29980 0.737255
5867.04004 0.736807
5867.77002 0.736363
5868.50000 0.735915
5869.22998 0.735469
5869.95996 0.735023
5870.70020 0.734435
5871.43018 0.733839
5872.16016 0.733248
5872.89990 0.732652
5873.62988 0.732056
5874.35986 0.731464
5875.08984 0.730867
5875.83008 0.730274
5876.56006 0.729679
5877.29004 0.729082
5878.02979 0.728484
5878.75977 0.727892
5879.49023 0.727294
5880.22998 0.727166
5880.95996 0.728057
5881.70020 0.728956
5882.43018 0.729852
5883.16016 0.730748
5883.89990 0.731649
5884.64014 0.732551
5885.37012 0.733454
5886.10986 0.734352
5886.83984 0.735251
5887.58008 0.736156
5888.31006 0.737056
5889.04004 0.737958
5889.77979 0.738864
5890.52002 0.739782
5891.25000 0.740707
5891.99023 0.741638
5892.72021 0.742564
5893.45996 0.743492
5894.18994 0.744424
5894.93018 0.745353
5895.66016 0.746283
5896.39990 0.747217
5897.14014 0.748149
5897.87012 0.749081
5898.60986 0.750016
5899.33984 0.750949
5900.08008 0.7518
5900.81982 0.751952
5901.54980 0.752103
5902.29004 0.752253
5903.02979 0.752406
5903.75977 0.752558
5904.50000 0.75271
5905.24023 0.752862
5905.97021 0.753015
5906.70996 0.753167
5907.45020 0.75332
5908.18994 0.753473
5908.91992 0.753627
5909.66016 0.753781
5910.39990 0.753494
5911.12988 0.752832
5911.87012 0.752169
5912.60986 0.751507
5913.35010 0.750845
5914.08984 0.75018
5914.81982 0.749519
5915.56006 0.748856
5916.29980 0.74819
5917.04004 0.747528
5917.77979 0.746865
5918.52002 0.746199
5919.25977 0.745536
5919.99023 0.744873
5920.72998 0.744553
5921.47021 0.744237
5922.20996 0.743921
5922.95020 0.743605
5923.68994 0.743288
5924.43018 0.74297
5925.16992 0.742654
5925.91016 0.742335
5926.64990 0.742017
5927.39014 0.741702
5928.12988 0.741383
5928.87012 0.741066
5929.60986 0.740749
5930.35010 0.740287
5931.08984 0.739667
5931.83008 0.739047
5932.56982 0.738424
5933.31006 0.7378
5934.04980 0.737181
5934.79004 0.736558
5935.52979 0.735936
5936.27002 0.735315
5937.02002 0.73469
5937.75977 0.734068
5938.49023 0.733445
5939.24023 0.732818
5939.97998 0.732192
5940.72021 0.732986
5941.45996 0.733825
5942.20020 0.73466
5942.93994 0.735496
5943.68994 0.736336
5944.43018 0.737173
5945.16992 0.73801
5945.91016 0.738851
5946.66016 0.739694
5947.39990 0.740529
5948.14014 0.741372
5948.87988 0.742212
5949.62012 0.743053
5950.37012 0.744309
5951.10986 0.745981
5951.85010 0.747654
5952.60010 0.749335
5953.33984 0.751018
5954.08008 0.752688
5954.81982 0.754374
5955.56982 0.756051
5956.31006 0.75773
5957.04980 0.759419
5957.79980 0.761102
5958.54004 0.762787
5959.27979 0.764478
5960.02979 0.766153
5960.77002 0.767398
5961.52002 0.768655
5962.25977 0.769907
5963.00000 0.77116
5963.75000 0.772425
5964.50000 0.773681
5965.24023 0.774942
5965.99023 0.776199
5966.72998 0.777458
5967.47998 0.778722
5968.22021 0.779982
5968.95996 0.781244
5969.70996 0.782511
5970.45020 0.782825
5971.20020 0.782534
5971.95020 0.782242
5972.68994 0.78195
5973.43994 0.781659
5974.18018 0.781367
5974.93018 0.781076
5975.66992 0.780784
5976.41992 0.780491
5977.16016 0.780198
