threeML/data/optical_filters/HST/ACS_WFC-F625W_77.ecsv
# %ECSV 0.9
# ---
# datatype:
# - {name: wavelength, unit: Angstrom, datatype: float32}
# - {name: response, datatype: float32}
# meta: !!omap
# - {band_name: F625W_77}
# - {group_name: ACS_WFC}
wavelength response
[from data line 796]
5978.66016 0.779613
5979.39990 0.779321
5980.14990 0.778942
5980.89990 0.778209
5981.64014 0.777481
5982.39014 0.776752
5983.14014 0.77602
5983.87988 0.77529
5984.62988 0.774558
5985.37988 0.773823
5986.12012 0.773091
5986.87012 0.772359
5987.62012 0.771624
5988.35986 0.770892
5989.10986 0.770157
5989.85986 0.76942
5990.60986 0.768153
5991.35010 0.766764
5992.10010 0.765367
5992.85010 0.763977
5993.60010 0.762583
5994.35010 0.761184
5995.08984 0.759791
5995.83984 0.758394
5996.58984 0.756991
5997.33984 0.755595
5998.08984 0.754197
5998.83984 0.752791
5999.58984 0.751391
6000.33008 0.75094
6001.08008 0.751674
6001.83008 0.752406
6002.58008 0.753138
6003.33008 0.753874
6004.08008 0.75461
6004.83008 0.755342
6005.58008 0.756075
6006.33008 0.756812
6007.08008 0.757549
6007.83008 0.758281
6008.58008 0.759018
6009.33008 0.759752
6010.08008 0.760528
6010.83008 0.761647
6011.58008 0.762761
6012.33008 0.763876
6013.08008 0.764997
6013.83008 0.766119
6014.58008 0.76723
6015.33008 0.768353
6016.08008 0.769472
6016.83008 0.77059
6017.58984 0.771713
6018.33984 0.772832
6019.08984 0.773952
6019.83984 0.775078
6020.58984 0.777074
6021.33984 0.779288
6022.08984 0.781522
6022.83984 0.783748
6023.60010 0.785976
6024.35010 0.788213
6025.10010 0.790442
6025.85010 0.792674
6026.60010 0.794917
6027.35986 0.797162
6028.10986 0.799388
6028.85986 0.801634
6029.60986 0.803873
6030.35986 0.805419
6031.12012 0.806233
6031.87012 0.807044
6032.62012 0.807856
6033.37988 0.808671
6034.12988 0.809487
6034.87988 0.810296
6035.64014 0.811112
6036.39014 0.811926
6037.14014 0.812741
6037.89990 0.813558
6038.64990 0.814374
6039.39990 0.81519
6040.16016 0.815915
6040.91016 0.816283
6041.66016 0.81665
6042.41992 0.817019
6043.16992 0.817386
6043.93018 0.817756
6044.68994 0.818124
6045.43994 0.818492
6046.20020 0.818863
6046.95020 0.819231
6047.70020 0.819598
6048.45996 0.819968
6049.20996 0.820338
6049.97021 0.820706
6050.72998 0.820836
6051.47998 0.820956
6052.22998 0.821076
6052.99023 0.821197
6053.74023 0.821316
6054.50000 0.821437
6055.25977 0.821558
6056.00977 0.821677
6056.77002 0.821796
6057.52002 0.821916
6058.27979 0.822036
6059.02979 0.822156
6059.79004 0.822276
6060.54980 0.821839
6061.29980 0.82119
6062.06006 0.820537
6062.81982 0.81989
6063.56982 0.81924
6064.33008 0.818586
6065.08984 0.817935
6065.85010 0.817284
6066.60010 0.816629
6067.35986 0.815977
6068.12012 0.815326
6068.87988 0.814669
6069.62988 0.814015
6070.39014 0.813709
6071.14990 0.813732
6071.89990 0.813755
6072.66016 0.813779
6073.41992 0.813802
6074.18018 0.813824
6074.93994 0.813849
6075.70020 0.813871
6076.45020 0.813893
6077.20996 0.813916
6077.97021 0.813939
6078.72998 0.813961
6079.49023 0.813984
6080.25000 0.814162
6081.00977 0.814661
6081.75977 0.81516
6082.52002 0.815662
6083.27979 0.816161
6084.04004 0.816662
6084.79980 0.817164
6085.56006 0.817667
6086.31982 0.818167
6087.08008 0.818667
6087.83984 0.819173
6088.60010 0.819674
6089.35986 0.820175
6090.12012 0.820477
6090.87988 0.819727
6091.64014 0.818977
6092.39990 0.818222
6093.16016 0.81747
6093.91992 0.816719
6094.68018 0.815963
6095.43994 0.81521
6096.20020 0.814456
6096.97021 0.813699
6097.72998 0.812943
6098.49023 0.812187
6099.25000 0.811429
6100.00977 0.810657
6100.77002 0.808659
6101.52979 0.806654
6102.29004 0.804656
6103.06006 0.802655
6103.81982 0.800646
6104.58008 0.798643
6105.33984 0.796639
6106.10010 0.794624
6106.85986 0.792619
6107.62988 0.790612
6108.39014 0.788595
6109.14990 0.786584
6109.91016 0.784575
6110.68018 0.784355
6111.43994 0.784365
6112.20020 0.784374
6112.97021 0.784383
6113.72998 0.784393
6114.49023 0.784402
6115.25977 0.784411
6116.02002 0.78442
6116.77979 0.784428
6117.54980 0.784437
6118.31006 0.784446
6119.06982 0.784454
6119.83984 0.784463
6120.60010 0.7857
6121.35986 0.787275
6122.12988 0.788857
6122.89014 0.790433
6123.64990 0.792011
6124.41992 0.793602
6125.18994 0.795181
6125.95020 0.796767
6126.72021 0.798348
6127.47998 0.79993
6128.25000 0.801519
6129.00977 0.803102
6129.77979 0.804686
6130.54004 0.806649
6131.31006 0.808759
6132.06982 0.810869
6132.83984 0.81299
6133.60010 0.815103
6134.37012 0.817218
6135.14014 0.819342
6135.89990 0.821459
6136.66016 0.823577
6137.43018 0.825707
6138.20020 0.827826
6138.95996 0.829949
6139.72998 0.83208
6140.50000 0.834355
6141.25977 0.83671
6142.02979 0.839076
6142.79980 0.841435
6143.56006 0.843795
6144.33008 0.846166
6145.10010 0.848527
6145.85986 0.85089
6146.62988 0.853266
6147.39990 0.855633
6148.16016 0.858001
6148.93018 0.860382
6149.70020 0.862752
6150.47021 0.864059
6151.24023 0.864681
6152.00000 0.865302
6152.77002 0.865921
6153.54004 0.866544
6154.31006 0.867165
6155.06982 0.867786
6155.83984 0.868409
6156.60986 0.869031
6157.37988 0.869653
6158.14990 0.870277
6158.91992 0.8709
6159.68018 0.871523
6160.45020 0.871569
6161.22021 0.871212
6161.99023 0.870856
6162.75977 0.870499
6163.52979 0.870143
6164.29980 0.869786
6165.06982 0.869427
6165.83984 0.869069
6166.60986 0.86871
6167.37988 0.868352
6168.14990 0.867991
6168.91992 0.867632
6169.68994 0.867273
6170.45996 0.866099
6171.22998 0.864379
6172.00000 0.862658
6172.77002 0.860928
6173.54004 0.859204
6174.31006 0.85748
6175.08008 0.855746
6175.85010 0.854018
6176.62012 0.852289
6177.39990 0.850553
6178.16016 0.848822
6178.93994 0.84709
6179.70996 0.845349
6180.47998 0.844961
6181.25000 0.845395
6182.02002 0.845832
6182.79004 0.846268
6183.56006 0.846703
6184.33984 0.84714
6185.10986 0.847576
6185.87988 0.848014
6186.64990 0.848452
6187.41992 0.848888
6188.18994 0.849324
6188.97021 0.849762
6189.74023 0.850199
6190.50977 0.850396
6191.29004 0.850473
6192.06006 0.850551
6192.83008 0.850628
6193.60010 0.850704
6194.37988 0.85078
6195.14990 0.850856
6195.93018 0.850933
6196.70020 0.85101
6197.47021 0.851087
6198.24023 0.851163
6199.02002 0.851238
6199.79004 0.851314
6200.56982 0.852446
6201.33984 0.853962
6202.10986 0.855479
6202.89014 0.857003
6203.66016 0.85852
6204.43994 0.86004
6205.20996 0.861565
6205.99023 0.863092
6206.77002 0.864618
6207.54004 0.866139
6208.31006 0.867661
6209.08984 0.86919
6209.85986 0.870713
6210.64014 0.871676
6211.41016 0.872521
6212.18994 0.873361
6212.95996 0.874204
6213.74023 0.875048
6214.52002 0.87589
6215.29004 0.876732
6216.06982 0.877579
6216.83984 0.878421
6217.62012 0.879264
6218.39990 0.880112
6219.16992 0.880956
6219.93994 0.8818
6220.72021 0.882714
6221.50000 0.883629
6222.27002 0.884545
6223.04980 0.885466
6223.83008 0.886381
6224.60010 0.887298
6225.37988 0.88822
6226.16016 0.889138
6226.93994 0.890057
6227.70996 0.890979
6228.49023 0.891898
6229.27002 0.892817
6230.04980 0.893667
6230.81982 0.893365
6231.60010 0.893061
6232.37988 0.892756
6233.16016 0.892451
6233.93018 0.892147
6234.70996 0.891841
6235.49023 0.891536
6236.27002 0.891231
6237.04980 0.890924
6237.81982 0.890619
6238.60010 0.890314
6239.37988 0.890006
6240.16016 0.889706
6240.93994 0.889436
6241.72021 0.889164
6242.50000 0.888893
6243.27979 0.888621
6244.06006 0.888347
6244.83984 0.888075
6245.60986 0.887803
6246.39990 0.887529
6247.16992 0.887256
6247.95996 0.886983
6248.72998 0.886708
6249.52002 0.886433
6250.29980 0.886714
6251.06982 0.887895
6251.85986 0.889084
6252.64014 0.890269
6253.41992 0.891454
6254.20020 0.892643
6254.97998 0.893829
6255.75977 0.895015
6256.54004 0.896207
6257.31982 0.897394
6258.10010 0.898581
6258.87988 0.899774
6259.66016 0.900963
6260.43994 0.901766
6261.22998 0.902277
6262.00977 0.902785
6262.79004 0.903293
6263.56982 0.903805
6264.35010 0.904314
6265.12988 0.904822
6265.91992 0.905335
6266.70020 0.905845
6267.47998 0.906355
6268.25977 0.906868
6269.04980 0.907379
6269.83008 0.907889
6270.60986 0.907953
6271.39014 0.907889
6272.16992 0.907826
6272.95996 0.907762
6273.74023 0.907699
6274.52002 0.907635
6275.31006 0.90757
6276.08984 0.907505
6276.87012 0.907442
6277.66016 0.907377
6278.43994 0.907312
6279.22021 0.907247
6280.00977 0.907179
6280.79004 0.906862
6281.56982 0.906544
6282.35986 0.906225
6283.14014 0.905907
6283.93018 0.90559
6284.70996 0.905269
6285.50000 0.904951
6286.27979 0.904632
6287.06982 0.904313
6287.85010 0.903992
6288.62988 0.903674
6289.43018 0.903352
6290.20996 0.902429
6291.00000 0.899828
6291.77979 0.897239
6292.56006 0.894648
6293.35010 0.892045
6294.14014 0.889449
6294.91992 0.886855
6295.70996 0.884246
6296.49023 0.881647
6297.27979 0.879048
6298.06982 0.876436
6298.85010 0.873833
6299.64014 0.871231
6300.41992 0.868824
6301.20996 0.866605
6301.99023 0.864386
6302.77979 0.862158
6303.56982 0.859937
6304.35010 0.857715
6305.14014 0.855483
6305.93018 0.853257
6306.72021 0.851031
6307.50977 0.848794
6308.29004 0.846567
6309.08008 0.844338
6309.87012 0.842099
6310.64990 0.840964
6311.43994 0.840051
6312.22998 0.839133
6313.02002 0.838219
6313.79980 0.837304
6314.58984 0.836384
6315.37988 0.835469
6316.16992 0.834553
6316.95996 0.83363
6317.75000 0.832714
6318.52979 0.831795
6319.31982 0.830871
6320.10986 0.830279
6320.89990 0.831677
6321.68994 0.83308
6322.47998 0.834479
6323.27002 0.835878
6324.06006 0.837284
6324.85010 0.838685
6325.62988 0.840087
6326.43018 0.841495
6327.20996 0.842899
6328.00000 0.844302
6328.79980 0.845713
6329.58008 0.847119
6330.37012 0.84963
6331.16016 0.853397
6331.95996 0.857164
6332.75000 0.860916
6333.54004 0.864672
6334.33008 0.868448
6335.12012 0.872208
6335.91016 0.87597
6336.70020 0.879751
6337.49023 0.883517
6338.27979 0.887287
6339.06982 0.891076
6339.85986 0.89485
6340.64990 0.896537
6341.45020 0.897795
6342.24023 0.899049
6343.02979 0.900304
6343.81982 0.901565
6344.60986 0.902819
6345.39990 0.904074
6346.20020 0.905336
6346.99023 0.906593
6347.77979 0.90785
6348.56982 0.909113
6349.35986 0.910371
6350.16016 0.911807
6350.95020 0.913969
6351.74023 0.916122
6352.52979 0.918276
6353.33008 0.920442
6354.12012 0.922598
6354.91016 0.924757
6355.70996 0.926926
6356.50000 0.929086
6357.29004 0.931248
6358.08984 0.933418
6358.87988 0.935584
6359.66992 0.937749
6360.47021 0.938742
6361.25977 0.938914
6362.06006 0.939086
6362.85010 0.93926
6363.64990 0.939432
6364.43994 0.939604
6365.22998 0.939776
6366.02979 0.939949
6366.81982 0.940122
6367.62012 0.940294
6368.41016 0.940466
6369.20996 0.940638
6370.00000 0.940807
6370.79980 0.939684
6371.58984 0.938561
6372.39014 0.937432
6373.18994 0.936301
6373.97998 0.935169
6374.77979 0.934043
6375.56982 0.932915
6376.37012 0.931781
6377.16016 0.93065
6377.95996 0.929519
6378.75977 0.928383
6379.54980 0.927256
6380.35010 0.927068
6381.14990 0.928111
6381.93994 0.92915
6382.74023 0.93019
6383.54004 0.931236
6384.33008 0.932277
6385.12988 0.933317
6385.93018 0.934363
6386.72021 0.935402
6387.52002 0.93645
6388.31982 0.937499
6389.10986 0.938543
6389.91016 0.939586
6390.70996 0.94037
6391.50977 0.941117
6392.29980 0.941864
6393.10010 0.942616
6393.89990 0.943359
6394.70020 0.944109
6395.50000 0.944861
6396.29980 0.945609
6397.08984 0.946357
6397.89014 0.947111
6398.68994 0.947859
6399.49023 0.94861
6400.29004 0.949038
6401.08008 0.948886
6401.87988 0.948735
6402.68994 0.948584
6403.47998 0.948433
6404.27979 0.948281
6405.08008 0.948129
6405.87988 0.947977
6406.68018 0.947826
6407.47998 0.947674
6408.27979 0.947522
6409.08008 0.947367
6409.87988 0.947214
6410.68018 0.947316
6411.47998 0.947464
6412.27979 0.947612
6413.08008 0.947761
6413.87988 0.947908
6414.68018 0.948057
6415.47998 0.948205
6416.27979 0.948351
6417.08008 0.948499
6417.89014 0.948648
6418.68994 0.948794
6419.49023 0.948941
6420.29004 0.948501
6421.08984 0.947032
6421.89014 0.945561
6422.68994 0.944085
6423.50000 0.942614
6424.29980 0.941142
6425.10010 0.939664
6425.89990 0.938187
6426.70020 0.936714
6427.50977 0.935234
6428.31006 0.933759
6429.10986 0.932284
6429.91016 0.930802
6430.72021 0.929951
6431.52002 0.929177
6432.31982 0.928399
6433.12012 0.927625
6433.93018 0.926852
6434.72998 0.926073
6435.52979 0.925297
6436.33008 0.924521
6437.14014 0.923741
6437.93994 0.922964
6438.74023 0.922187
6439.54980 0.921407
6440.35010 0.921077
6441.14990 0.921318
6441.95996 0.921559
6442.77002 0.921801
6443.56982 0.922043
6444.37012 0.922285
6445.18018 0.922526
6445.97998 0.922769
6446.79004 0.92301
6447.58984 0.923251
6448.39014 0.923492
6449.20020 0.923735
6450.00977 0.923978
6450.81006 0.924234
6451.62012 0.924494
6452.41992 0.924752
6453.22998 0.92501
6454.02979 0.925267
6454.83984 0.925527
6455.64014 0.925784
6456.45020 0.926043
6457.25000 0.926302
6458.06982 0.926563
6458.87012 0.92682
6459.68018 0.927079
6460.47998 0.9283
6461.29004 0.930157
6462.10010 0.932017
6462.89990 0.933883
6463.70996 0.935743
6464.52002 0.937602
6465.31982 0.93947
6466.12988 0.941323
6466.93994 0.943192
6467.74023 0.945061
6468.54980 0.946924
6469.35986 0.948787
6470.16992 0.95054
6470.97021 0.951832
6471.77979 0.953126
6472.58984 0.954425
6473.39014 0.955712
6474.20020 0.957012
6475.00977 0.958314
6475.81982 0.95961
6476.62988 0.960906
6477.43994 0.962208
6478.25000 0.963505
6479.04980 0.964803
6479.85986 0.966108
6480.66992 0.965426
6481.47998 0.964333
6482.29004 0.963239
6483.10010 0.962148
6483.91016 0.961056
6484.72021 0.959961
6485.52979 0.95887
6486.33008 0.957778
6487.14990 0.956682
6487.95020 0.955593
6488.75977 0.954496
6489.56982 0.953398
6490.37988 0.951838
6491.18994 0.949766
6492.00977 0.947683
6492.81006 0.945605
6493.62012 0.943529
6494.43994 0.941444
6495.24023 0.939373
6496.06006 0.937286
6496.87012 0.935196
6497.68018 0.933123
6498.49023 0.931032
6499.29980 0.92894
6500.10986 0.926744
6500.91992 0.923842
6501.72998 0.920923
6502.54980 0.918002
6503.35986 0.915094
6504.16992 0.912185
6504.97998 0.909258
6505.79980 0.906346
6506.60986 0.903431
6507.41992 0.900501
6508.22998 0.897583
6509.04004 0.894664
6509.85986 0.891731
6510.66992 0.890469
6511.47998 0.889562
6512.29980 0.888651
6513.10986 0.887744
6513.91992 0.886836
6514.72998 0.885925
6515.54980 0.885016
6516.35986 0.884106
6517.16992 0.883193
6517.97998 0.882282
6518.79980 0.881373
6519.60986 0.880459
6520.43018 0.880247
6521.24023 0.88067
6522.06006 0.881095
6522.87012 0.881518
6523.68018 0.88194
6524.50000 0.882365
6525.31006 0.882789
6526.12012 0.883212
6526.93994 0.883636
6527.75000 0.88406
6528.56982 0.884483
6529.39014 0.884909
6530.20020 0.885448
6531.00977 0.886341
6531.83008 0.887239
6532.64014 0.888133
6533.45996 0.889028
6534.27979 0.889926
6535.08984 0.890821
6535.89990 0.891716
6536.72021 0.892617
6537.54004 0.893514
6538.35010 0.89441
6539.16992 0.895311
6539.97998 0.896207
6540.79980 0.899703
6541.62012 0.903263
6542.43994 0.906807
6543.25000 0.910356
6544.06982 0.91392
6544.89014 0.91749
6545.70996 0.92106
6546.52002 0.924601
6547.33984 0.928176
6548.16016 0.931755
6548.97021 0.935304
6549.79004 0.938883
6550.60986 0.940655
6551.43018 0.9418
6552.24023 0.942944
6553.06006 0.944096
6553.87988 0.945237
6554.70020 0.946389
6555.52002 0.94754
6556.33008 0.948682
6557.14990 0.949836
6557.97021 0.950988
6558.79004 0.952137
6559.60986 0.953285
6560.43018 0.953986
6561.24023 0.954267
6562.06006 0.954549
6562.89014 0.954834
6563.70020 0.955116
6564.52002 0.9554
6565.33984 0.955684
6566.16016 0.955967
6566.97998 0.956249
6567.79980 0.956533
6568.62012 0.956815
6569.43994 0.9571
6570.25977 0.957104
6571.08008 0.956507
6571.89990 0.955902
6572.72021 0.9553
6573.54004 0.954699
6574.35986 0.954098
6575.18018 0.953495
6576.00000 0.952896
6576.81982 0.952292
6577.64990 0.951687
6578.45996 0.951088
6579.27979 0.950483
6580.10986 0.950127
6580.93018 0.951428
6581.75000 0.952726
6582.56982 0.954033
6583.39014 0.955329
6584.20996 0.956637
6585.04004 0.957945
6585.85010 0.959241
6586.68018 0.960549
6587.50000 0.961859
6588.33008 0.96317
6589.14990 0.964474
6589.97021 0.965779
6590.79004 0.965364
6591.62012 0.964882
6592.43994 0.964401
6593.25977 0.963918
6594.08008 0.963435
6594.91016 0.962955
6595.72998 0.962472
6596.54980 0.961989
6597.37988 0.961506
6598.20020 0.961022
6599.02002 0.960539
6599.85010 0.960054
6600.66992 0.961632
6601.49023 0.963673
6602.31982 0.965715
6603.14014 0.967765
6603.97021 0.969809
6604.79004 0.971853
6605.62012 0.973908
6606.43994 0.975955
6607.25977 0.978002
6608.08984 0.980058
