threeML/data/optical_filters/HST/ACS_SBC-F122M.ecsv
# %ECSV 0.9
# ---
# datatype:
# - {name: wavelength, unit: Angstrom, datatype: float32}
# - {name: response, datatype: float32}
# meta: !!omap
# - {band_name: F122M}
# - {group_name: ACS_SBC}
wavelength response
[from data line 3210]
1450.69995 0.0882819
1450.80005 0.0882341
1450.90002 0.0881862
1451.00000 0.0881384
1451.09998 0.0880846
1451.19995 0.0880306
1451.30005 0.0879768
1451.40002 0.0879228
1451.50000 0.0878689
1451.59998 0.087815
1451.69995 0.0877611
1451.80005 0.0877077
1451.90002 0.0876543
1452.00000 0.0876004
1452.09998 0.0875523
1452.19995 0.0875045
1452.30005 0.0874568
1452.40002 0.0874091
1452.50000 0.0873614
1452.59998 0.0873137
1452.69995 0.0872663
1452.80005 0.0872183
1452.90002 0.0871706
1453.00000 0.0871231
1453.10999 0.0870686
1453.20996 0.0870148
1453.31006 0.0869619
1453.41003 0.0869083
1453.51001 0.0868546
1453.60999 0.0868009
1453.70996 0.0867473
1453.81006 0.0866936
1453.91003 0.08664
1454.01001 0.0865869
1454.10999 0.0865393
1454.20996 0.0864918
1454.31006 0.0864443
1454.41003 0.0863967
1454.51001 0.0863492
1454.60999 0.0863018
1454.70996 0.0862542
1454.81995 0.0862064
1454.91003 0.0861593
1455.02002 0.0861109
1455.12000 0.0860574
1455.21997 0.0860039
1455.31995 0.0859504
1455.42004 0.085897
1455.52002 0.0858435
1455.62000 0.08579
1455.71997 0.0857366
1455.81995 0.0856836
1455.92004 0.0856302
1456.02002 0.0855776
1456.12000 0.0855307
1456.21997 0.0854834
1456.31995 0.0854356
1456.42004 0.0853883
1456.53003 0.085341
1456.63000 0.0852936
1456.72998 0.0852464
1456.82996 0.0851991
1456.93005 0.0851522
1457.03003 0.0851032
1457.13000 0.0850503
1457.22998 0.0849962
1457.32996 0.0849433
1457.43005 0.0848905
1457.53003 0.0848373
1457.63000 0.084784
1457.72998 0.0847308
1457.82996 0.0846776
1457.93005 0.0846244
1458.04004 0.084573
1458.14001 0.0845259
1458.23999 0.0844788
1458.33997 0.0844316
1458.43994 0.0843845
1458.54004 0.0843374
1458.64001 0.0842906
1458.73999 0.0842435
1458.83997 0.0841964
1458.93994 0.0841494
1459.05005 0.0840996
1459.15002 0.0840465
1459.25000 0.0839935
1459.34998 0.0839404
1459.44995 0.0838874
1459.55005 0.0838348
1459.65002 0.0837814
1459.75000 0.0837284
1459.84998 0.0836754
1459.94995 0.0836225
1460.06006 0.0835725
1460.16003 0.0835252
1460.26001 0.0834778
1460.35999 0.0834305
1460.45996 0.0833832
1460.56006 0.0833362
1460.66003 0.0832885
1460.76001 0.0832413
1460.85999 0.083194
1460.95996 0.0831467
1461.06006 0.083096
1461.16003 0.0830431
1461.27002 0.0829891
1461.37000 0.0829359
1461.46997 0.0828827
1461.56995 0.0828295
1461.67004 0.0827763
1461.77002 0.0827236
1461.87000 0.0826705
1461.96997 0.0826169
1462.07996 0.0825682
1462.18005 0.0825214
1462.28003 0.0824739
1462.38000 0.0824268
1462.47998 0.0823801
1462.57996 0.082333
1462.68005 0.0822859
1462.78003 0.0822391
1462.88000 0.0821922
1462.98999 0.0821447
1463.08997 0.0820929
1463.18994 0.0820399
1463.29004 0.0819865
1463.39001 0.0819339
1463.48999 0.081881
1463.58997 0.081828
1463.68994 0.0817751
1463.80005 0.0817222
1463.90002 0.0816692
1464.00000 0.0816159
1464.09998 0.0815631
1464.19995 0.0815106
1464.30005 0.0814577
1464.40002 0.0814048
1464.50000 0.081352
1464.60999 0.0812992
1464.70996 0.0812464
1464.81006 0.0811935
1464.91003 0.0811408
1465.01001 0.0810886
1465.10999 0.0810418
1465.20996 0.080995
1465.31006 0.0809481
1465.42004 0.0809014
1465.52002 0.0808546
1465.62000 0.0808078
1465.71997 0.0807611
1465.81995 0.0807143
1465.92004 0.0806675
1466.02002 0.0806194
1466.12000 0.0805667
1466.22998 0.0805145
1466.32996 0.0804619
1466.43005 0.0804088
1466.53003 0.0803567
1466.63000 0.0803041
1466.72998 0.0802515
1466.82996 0.0801994
1466.93994 0.0801463
1467.04004 0.080096
1467.14001 0.0800494
1467.23999 0.0800032
1467.33997 0.0799558
1467.43994 0.0799092
1467.55005 0.0798627
1467.65002 0.0798161
1467.75000 0.0797695
1467.84998 0.0797238
1467.94995 0.0796772
1468.05005 0.0796277
1468.15002 0.0795748
1468.26001 0.0795224
1468.35999 0.0794704
1468.45996 0.0794181
1468.56006 0.0793658
1468.66003 0.0793134
1468.76001 0.079261
1468.85999 0.0792087
1468.96997 0.079156
1469.06995 0.079108
1469.17004 0.0790616
1469.27002 0.0790149
1469.37000 0.0789688
1469.46997 0.0789225
1469.57996 0.0788761
1469.68005 0.0788298
1469.78003 0.0787834
1469.88000 0.0787371
1469.97998 0.0786907
1470.07996 0.0786392
1470.18994 0.0785867
1470.29004 0.078534
1470.39001 0.0784818
1470.48999 0.0784293
1470.58997 0.0783764
1470.68994 0.0783238
1470.80005 0.0782713
1470.90002 0.0782188
1471.00000 0.0781663
1471.09998 0.0781196
1471.19995 0.078073
1471.31006 0.0780264
1471.41003 0.0779799
1471.51001 0.0779333
1471.60999 0.0778867
1471.70996 0.0778401
1471.81006 0.0777936
1471.91003 0.0777474
1472.02002 0.0777003
1472.12000 0.077648
1472.21997 0.0775956
1472.31995 0.0775429
1472.42004 0.0774906
1472.53003 0.0774379
1472.63000 0.077386
1472.72998 0.0773337
1472.82996 0.0772814
1472.93005 0.0772291
1473.04004 0.0771789
1473.14001 0.0771325
1473.23999 0.0770865
1473.33997 0.0770394
1473.43994 0.0769934
1473.54004 0.0769474
1473.65002 0.0769011
1473.75000 0.0768548
1473.84998 0.0768084
1473.94995 0.0767621
1474.05005 0.0767127
1474.16003 0.0766606
1474.26001 0.0766086
1474.35999 0.0765564
1474.45996 0.0765044
1474.56006 0.0764523
1474.67004 0.0764003
1474.77002 0.0763483
1474.87000 0.0762962
1474.96997 0.0762442
1475.06995 0.0761965
1475.18005 0.0761503
1475.28003 0.0761041
1475.38000 0.076058
1475.47998 0.0760118
1475.57996 0.0759657
1475.68994 0.0759195
1475.79004 0.0758734
1475.89001 0.0758273
1475.98999 0.0757813
1476.08997 0.0757303
1476.19995 0.075678
1476.30005 0.0756261
1476.40002 0.0755747
1476.50000 0.0755229
1476.60999 0.0754707
1476.70996 0.0754189
1476.81006 0.0753671
1476.91003 0.0753154
1477.01001 0.0752644
1477.12000 0.0752188
1477.21997 0.0751729
1477.31995 0.0751273
1477.42004 0.0750807
1477.52002 0.0750351
1477.63000 0.0749892
1477.72998 0.0749436
1477.82996 0.0748978
1477.93005 0.0748519
1478.03003 0.0748042
1478.14001 0.0747521
1478.23999 0.0747005
1478.33997 0.0746494
1478.43994 0.0745974
1478.55005 0.0745458
1478.65002 0.0744943
1478.75000 0.0744428
1478.84998 0.0743912
1478.94995 0.0743401
1479.06006 0.0742919
1479.16003 0.0742462
1479.26001 0.0742004
1479.35999 0.0741547
1479.46997 0.074109
1479.56995 0.0740633
1479.67004 0.0740177
1479.77002 0.073972
1479.88000 0.0739263
1479.97998 0.0738807
1480.07996 0.0738347
1480.18005 0.0737886
1480.29004 0.0737426
1480.39001 0.0736965
1480.48999 0.0736505
1480.58997 0.0736044
1480.68994 0.0735584
1480.80005 0.0735124
1480.90002 0.0734664
1481.00000 0.0734204
1481.09998 0.0733687
1481.20996 0.073317
1481.31006 0.0732657
1481.41003 0.0732137
1481.51001 0.0731624
1481.62000 0.0731108
1481.71997 0.0730588
1481.81995 0.0730076
1481.92004 0.0729556
1482.03003 0.0729056
1482.13000 0.07286
1482.22998 0.0728139
1482.32996 0.072768
1482.43994 0.0727222
1482.54004 0.0726764
1482.64001 0.072631
1482.73999 0.0725853
1482.84998 0.0725395
1482.94995 0.0724937
1483.05005 0.0724456
1483.15002 0.0723941
1483.26001 0.0723427
1483.35999 0.0722913
1483.45996 0.0722399
1483.56006 0.0721885
1483.67004 0.0721368
1483.77002 0.0720859
1483.87000 0.0720345
1483.96997 0.0719832
1484.07996 0.0719362
1484.18005 0.0718902
1484.28003 0.0718446
1484.38000 0.0717994
1484.48999 0.0717539
1484.58997 0.0717083
1484.68994 0.0716628
1484.80005 0.0716172
1484.90002 0.0715717
1485.00000 0.0715261
1485.09998 0.071475
1485.20996 0.0714238
1485.31006 0.0713727
1485.41003 0.0713216
1485.52002 0.0712705
1485.62000 0.0712193
1485.71997 0.0711683
1485.81995 0.0711172
1485.93005 0.0710662
1486.03003 0.0710167
1486.13000 0.0709713
1486.22998 0.070926
1486.33997 0.0708806
1486.43994 0.0708353
1486.54004 0.0707899
1486.64001 0.0707447
1486.75000 0.0706993
1486.84998 0.0706545
1486.94995 0.0706092
1487.06006 0.0705608
1487.16003 0.07051
1487.26001 0.0704591
1487.37000 0.0704082
1487.46997 0.070357
1487.56995 0.0703065
1487.67004 0.0702557
1487.78003 0.0702045
1487.88000 0.0701541
1487.97998 0.070103
1488.08997 0.0700568
1488.18994 0.0700121
1488.29004 0.0699673
1488.39001 0.0699219
1488.50000 0.0698768
1488.59998 0.0698321
1488.69995 0.069787
1488.81006 0.069742
1488.91003 0.0696969
1489.01001 0.0696519
1489.10999 0.0696069
1489.21997 0.0695619
1489.31995 0.0695169
1489.42004 0.0694719
1489.53003 0.0694269
1489.63000 0.069382
1489.72998 0.0693367
1489.83997 0.0692921
1489.93994 0.0692471
1490.04004 0.0691998
1490.14001 0.0691488
1490.25000 0.0690978
1490.34998 0.0690469
1490.44995 0.0689959
1490.56006 0.068945
1490.66003 0.0688941
1490.76001 0.0688436
1490.87000 0.0687923
1490.96997 0.0687415
1491.06995 0.0686945
1491.17004 0.0686492
1491.28003 0.068604
1491.38000 0.0685587
1491.47998 0.0685136
1491.58997 0.0684683
1491.68994 0.0684231
1491.79004 0.0683779
1491.90002 0.0683328
1492.00000 0.0682876
1492.09998 0.0682373
1492.20996 0.0681862
1492.31006 0.0681355
1492.41003 0.0680856
1492.52002 0.0680346
1492.62000 0.0679839
1492.71997 0.0679337
1492.82996 0.0678831
1492.93005 0.0678321
1493.03003 0.0677832
1493.13000 0.0677382
1493.23999 0.0676933
1493.33997 0.0676479
1493.43994 0.0676033
1493.55005 0.067558
1493.65002 0.0675134
1493.76001 0.0674685
1493.85999 0.0674239
1493.95996 0.0673786
1494.06006 0.0673306
1494.17004 0.0672802
1494.27002 0.0672298
1494.38000 0.0671794
1494.47998 0.067129
1494.57996 0.0670786
1494.68005 0.0670283
1494.79004 0.066978
1494.89001 0.0669277
1494.98999 0.0668774
1495.09998 0.0668323
1495.19995 0.0667876
1495.31006 0.0667428
1495.41003 0.0666982
1495.51001 0.0666535
1495.62000 0.0666087
1495.71997 0.0665641
1495.81995 0.0665194
1495.93005 0.0664747
1496.03003 0.0664285
1496.13000 0.0663784
1496.23999 0.0663282
1496.33997 0.0662785
1496.43994 0.066228
1496.55005 0.0661783
1496.65002 0.0661278
1496.75000 0.0660778
1496.85999 0.0660278
1496.95996 0.0659778
1497.06995 0.0659312
1497.17004 0.0658867
1497.27002 0.0658422
1497.38000 0.0657977
1497.47998 0.0657533
1497.57996 0.0657092
1497.68005 0.0656647
1497.79004 0.06562
1497.89001 0.0655759
1497.98999 0.0655319
1498.09998 0.0654875
1498.19995 0.0654431
1498.31006 0.0653988
1498.41003 0.0653544
1498.51001 0.0653097
1498.62000 0.0652658
1498.71997 0.0652211
1498.81995 0.0651771
1498.93005 0.0651325
1499.03003 0.0650865
1499.14001 0.0650368
1499.23999 0.0649871
1499.33997 0.0649374
1499.44995 0.0648881
1499.55005 0.0648384
1499.65002 0.0647888
1499.76001 0.0647391
1499.85999 0.0646895
1499.95996 0.0646399
1500.06995 0.0645902
1500.17004 0.0645405
1500.28003 0.0644908
1500.38000 0.0644411
1500.47998 0.0643914
1500.58997 0.0643418
1500.68994 0.0642921
1500.80005 0.0642425
1500.90002 0.0641929
1501.00000 0.0641432
1501.10999 0.0640881
1501.20996 0.0640331
1501.31995 0.0639782
1501.42004 0.0639232
1501.52002 0.0638683
1501.63000 0.0638133
1501.72998 0.0637585
1501.82996 0.063704
1501.93994 0.0636492
1502.04004 0.0635961
1502.14001 0.0635472
1502.25000 0.0634974
1502.34998 0.063448
1502.45996 0.0633991
1502.56006 0.0633493
1502.66003 0.0633
1502.77002 0.0632507
1502.87000 0.0632014
1502.97998 0.0631522
1503.07996 0.063103
1503.18005 0.0630541
1503.29004 0.0630049
1503.39001 0.0629557
1503.50000 0.0629065
1503.59998 0.0628574
1503.69995 0.0628086
1503.81006 0.0627595
1503.91003 0.0627104
1504.02002 0.0626605
1504.12000 0.062606
1504.21997 0.0625516
1504.32996 0.0624973
1504.43005 0.0624428
1504.54004 0.0623885
1504.64001 0.0623337
1504.73999 0.0622797
1504.84998 0.062225
1504.94995 0.0621707
1505.06006 0.0621198
1505.16003 0.0620709
1505.26001 0.062022
1505.37000 0.0619732
1505.46997 0.0619243
1505.57996 0.0618755
1505.68005 0.0618267
1505.79004 0.0617779
1505.89001 0.0617291
1505.98999 0.0616804
1506.09998 0.0616317
1506.19995 0.0615829
1506.31006 0.0615342
1506.41003 0.0614855
1506.51001 0.0614369
1506.62000 0.0613882
1506.71997 0.0613396
1506.82996 0.0612909
1506.93005 0.0612423
1507.04004 0.0611919
1507.14001 0.061138
1507.23999 0.0610841
1507.34998 0.0610303
1507.44995 0.0609769
1507.56006 0.0609231
1507.66003 0.0608693
1507.77002 0.0608156
1507.87000 0.0607614
1507.96997 0.060708
1508.07996 0.0606583
1508.18005 0.0606095
1508.29004 0.0605615
1508.39001 0.0605128
1508.50000 0.0604645
1508.59998 0.0604165
1508.69995 0.0603678
1508.81006 0.0603199
1508.91003 0.060272
1509.02002 0.0602226
1509.12000 0.0601691
1509.21997 0.060116
1509.32996 0.0600625
1509.43005 0.060009
1509.54004 0.0599556
1509.64001 0.0599022
1509.75000 0.0598488
1509.84998 0.0597954
1509.94995 0.0597421
1510.06006 0.0596916
1510.16003 0.0596432
1510.27002 0.0595949
1510.37000 0.0595465
1510.47998 0.0594978
1510.57996 0.0594498
1510.68994 0.0594015
1510.79004 0.0593532
1510.90002 0.059305
1511.00000 0.0592567
1511.10999 0.0592085
1511.20996 0.0591603
1511.31006 0.0591121
1511.42004 0.0590639
1511.52002 0.0590158
1511.63000 0.0589676
1511.72998 0.0589195
1511.83997 0.0588714
1511.93994 0.0588232
1512.05005 0.0587729
1512.15002 0.0587196
1512.26001 0.0586664
1512.35999 0.0586131
1512.45996 0.0585599
1512.56995 0.0585067
1512.67004 0.0584535
1512.78003 0.0584004
1512.88000 0.0583472
1512.98999 0.0582941
1513.08997 0.058246
1513.18994 0.0581986
1513.30005 0.0581504
1513.40002 0.0581025
1513.51001 0.0580546
1513.62000 0.0580069
1513.71997 0.0579591
1513.81995 0.0579113
1513.93005 0.0578636
1514.03003 0.0578155
1514.14001 0.0577681
1514.23999 0.0577204
1514.34998 0.0576725
1514.44995 0.0576251
1514.56006 0.0575779
1514.66003 0.0575299
1514.77002 0.0574826
1514.87000 0.0574351
1514.97998 0.0573875
1515.07996 0.057336
1515.18005 0.0572833
1515.29004 0.0572306
1515.39001 0.057178
1515.50000 0.0571253
1515.59998 0.0570727
1515.70996 0.0570201
1515.81006 0.0569676
1515.92004 0.056915
1516.02002 0.0568637
1516.13000 0.0568164
1516.22998 0.056769
1516.33997 0.0567217
1516.43994 0.0566744
1516.55005 0.0566271
1516.65002 0.0565798
1516.76001 0.0565326
1516.85999 0.0564854
1516.96997 0.0564381
1517.06995 0.0563878
1517.18005 0.0563351
1517.28003 0.0562828
1517.39001 0.0562305
1517.48999 0.0561783
1517.59998 0.0561261
1517.69995 0.0560739
1517.81006 0.0560217
1517.91003 0.0559696
1518.02002 0.0559183
1518.12000 0.0558713
1518.22998 0.0558244
1518.32996 0.0557773
1518.43994 0.0557308
1518.54004 0.0556838
1518.65002 0.0556366
1518.75000 0.0555904
1518.85999 0.0555435
1518.95996 0.0554963
1519.06995 0.0554498
1519.17004 0.055403
1519.28003 0.0553558
1519.38000 0.0553094
1519.48999 0.0552622
1519.58997 0.0552155
1519.69995 0.0551687
1519.80005 0.055122
1519.91003 0.0550753
1520.01001 0.055028
1520.12000 0.054976
1520.21997 0.0549245
1520.32996 0.0548726
1520.43005 0.0548207
1520.54004 0.0547688
1520.64001 0.0547169
1520.75000 0.0546651
1520.84998 0.0546133
1520.95996 0.0545615
1521.06006 0.0545128
1521.17004 0.0544661
1521.28003 0.0544195
1521.38000 0.0543728
1521.47998 0.0543262
1521.58997 0.0542795
1521.68994 0.0542329
1521.80005 0.0541863
1521.91003 0.0541398
1522.01001 0.0540932
1522.12000 0.0540467
1522.21997 0.0540002
1522.32996 0.0539537
1522.43005 0.0539072
1522.54004 0.0538608
1522.64001 0.0538146
1522.75000 0.0537682
1522.84998 0.0537214
1522.95996 0.0536754
1523.06006 0.0536256
1523.17004 0.0535743
1523.27002 0.0535234
1523.38000 0.0534716
1523.48999 0.0534203
1523.58997 0.053369
1523.69995 0.0533178
1523.80005 0.0532666
1523.91003 0.0532154
1524.01001 0.0531652
1524.12000 0.053119
1524.21997 0.0530729
1524.32996 0.0530267
1524.43005 0.052981
1524.54004 0.0529349
1524.64001 0.0528888
1524.75000 0.0528427
1524.85999 0.0527967
1524.95996 0.0527507
1525.06995 0.0527047
1525.17004 0.0526583
1525.28003 0.0526127
1525.38000 0.0525664
1525.48999 0.0525205
1525.58997 0.0524749
1525.69995 0.0524286
1525.81006 0.0523828
1525.91003 0.0523373
1526.02002 0.0522907
1526.12000 0.0522399
1526.22998 0.0521892
1526.32996 0.0521385
1526.43994 0.0520878
1526.54004 0.0520371
1526.65002 0.0519864
1526.76001 0.0519358
1526.85999 0.0518851
1526.96997 0.0518346
1527.06995 0.0517873
1527.18005 0.0517417
1527.28003 0.0516961
1527.39001 0.0516505
1527.48999 0.0516049
1527.59998 0.0515594
1527.69995 0.0515138
1527.81006 0.0514683
1527.92004 0.0514228
1528.02002 0.0513774
1528.13000 0.0513319
1528.22998 0.0512865
1528.33997 0.0512414
1528.43994 0.051196
1528.55005 0.0511506
1528.66003 0.0511052
1528.76001 0.0510595
1528.87000 0.0510142
1528.96997 0.0509692
1529.07996 0.0509199
1529.18005 0.0508701
1529.29004 0.0508196
1529.40002 0.0507695
