threeML/data/optical_filters/HST/ACS_WFC-F606W_81.ecsv
# %ECSV 0.9
# ---
# datatype:
# - {name: wavelength, unit: Angstrom, datatype: float32}
# - {name: response, datatype: float32}
# meta: !!omap
# - {band_name: F606W_81}
# - {group_name: ACS_WFC}
wavelength response
4144.84180 0.0
4605.37988 0.00141801
4605.95996 0.00150542
4606.52979 0.00159322
4607.10986 0.0016814
4607.68994 0.00176923
4608.27002 0.00185707
4608.85010 0.00194538
4609.41992 0.00203325
4610.00000 0.00212159
4610.58008 0.00220948
4611.16016 0.00229738
4611.72998 0.00238529
4612.31006 0.00247358
4612.89014 0.00256113
4613.47021 0.00264914
4614.04980 0.00273753
4614.62012 0.00282555
4615.20020 0.00291322
4615.77979 0.003002
4616.35010 0.00308967
4616.93018 0.0031778
4617.50977 0.00326624
4618.08984 0.00335439
4618.66992 0.00344254
4619.25000 0.00353107
4619.83008 0.00361924
4620.41016 0.00386628
4620.99023 0.00417807
4621.56982 0.00449021
4622.14990 0.00480243
4622.72998 0.00511605
4623.29980 0.00542711
4623.87988 0.00573957
4624.45996 0.00605368
4625.04004 0.00636629
4625.62012 0.00667794
4626.20020 0.00699362
4626.77979 0.00730541
4627.35986 0.0076186
4627.93994 0.00793319
4628.52002 0.00824682
4629.10010 0.00856026
4629.68018 0.00887536
4630.25977 0.00910846
4630.83984 0.0092424
4631.41992 0.00937579
4632.00000 0.00950932
4632.58008 0.00964272
4633.16016 0.00977683
4633.74023 0.00990973
4634.31982 0.0100433
4634.89990 0.0101776
4635.47998 0.0103112
4636.06006 0.0104443
4636.64990 0.0105791
4637.22021 0.0107122
4637.81006 0.010846
4638.39014 0.0109804
4638.97021 0.0111142
4639.54980 0.0112481
4640.12988 0.0115143
4640.70996 0.0122266
4641.29980 0.0129421
4641.87988 0.0136541
4642.45996 0.0143669
4643.04004 0.0150803
4643.62012 0.0157963
4644.20020 0.0165064
4644.77979 0.0172203
4645.37012 0.0179372
4645.95020 0.0186513
4646.52979 0.0193619
4647.10986 0.0200828
4647.68994 0.0207942
4648.27979 0.0215094
4648.85986 0.0222271
4649.43994 0.0229425
4650.02002 0.0237166
4650.60986 0.0258667
4651.18994 0.02801
4651.77002 0.0301519
4652.35986 0.0323051
4652.93994 0.0344496
4653.52002 0.0365927
4654.10986 0.0387488
4654.68994 0.0408838
4655.27002 0.0430318
4655.85010 0.0451874
4656.43994 0.0473362
4657.02002 0.0494854
4657.60986 0.0516439
4658.18994 0.053785
4658.77002 0.0559355
4659.35986 0.0580953
4659.93994 0.0602483
4660.52002 0.0608949
4661.10986 0.0613696
4661.68994 0.0618423
4662.27002 0.0623152
4662.85986 0.0627905
4663.43994 0.0632636
4664.02979 0.0637372
4664.62012 0.0642128
4665.20020 0.0646842
4665.77979 0.0651582
4666.37012 0.0656341
4666.95020 0.0661085
4667.54004 0.0665827
4668.12012 0.0670594
4668.70020 0.0675317
4669.29004 0.0680067
4669.87988 0.068484
4670.45996 0.0688265
4671.04980 0.0691334
4671.62988 0.0694418
4672.22021 0.0697487
4672.79980 0.070056
4673.39014 0.0703646
4673.97021 0.0706719
4674.56006 0.0709796
4675.14990 0.0712883
4675.72998 0.0715946
4676.31006 0.0719025
4676.89990 0.0722116
4677.49023 0.0725196
4678.06982 0.0728277
4678.66016 0.0731371
4679.24023 0.0734439
4679.83008 0.0737521
4680.41992 0.0767332
4681.00977 0.0807786
4681.58984 0.0848249
4682.18018 0.0888922
4682.77002 0.0929401
4683.35010 0.0969921
4683.93994 0.101058
4684.52979 0.105112
4685.10986 0.109166
4685.70020 0.113238
4686.29004 0.117277
4686.87012 0.121338
4687.45996 0.125416
4688.04980 0.129474
4688.64014 0.133536
4689.22021 0.1376
4689.81006 0.141664
4690.39990 0.144624
4690.99023 0.147066
4691.56982 0.149498
4692.16016 0.151929
4692.75000 0.154375
4693.33984 0.156809
4693.93018 0.159243
4694.52002 0.161688
4695.10010 0.164125
4695.68994 0.166561
4696.27979 0.169012
4696.87012 0.171438
4697.45020 0.173878
4698.04980 0.176329
4698.62988 0.17877
4699.22021 0.181213
4699.81006 0.183654
4700.39990 0.183062
4700.99023 0.181017
4701.58008 0.178961
4702.16992 0.176915
4702.75000 0.174868
4703.35010 0.172811
4703.93994 0.170761
4704.52002 0.168711
4705.10986 0.166652
4705.70020 0.164601
4706.29004 0.162547
4706.89014 0.160485
4707.47021 0.158441
4708.06006 0.156386
4708.64990 0.154322
4709.24023 0.152265
4709.83008 0.150209
4710.41992 0.151044
4711.00977 0.153039
4711.60010 0.155037
4712.18994 0.157043
4712.77979 0.159041
4713.37012 0.161038
4713.97021 0.163047
4714.56006 0.165045
4715.14990 0.167045
4715.74023 0.169053
4716.33008 0.171053
4716.91992 0.173053
4717.50977 0.175064
4718.10010 0.177064
4718.68994 0.179056
4719.27979 0.181067
4719.87012 0.18307
4720.47021 0.188304
4721.06006 0.194414
4721.64990 0.200527
4722.24023 0.206645
4722.83008 0.212791
4723.41992 0.218907
4724.00977 0.22503
4724.60986 0.231185
4725.20020 0.237311
4725.79004 0.243438
4726.39014 0.249597
4726.97998 0.255732
4727.56982 0.261863
4728.16016 0.268032
4728.75000 0.274172
4729.33984 0.280287
4729.93994 0.28646
4730.52979 0.286884
4731.12012 0.286644
4731.72021 0.286404
4732.31006 0.286163
4732.89990 0.285923
4733.49023 0.285682
4734.08984 0.285442
4734.68018 0.285201
4735.27002 0.284959
4735.87012 0.284719
4736.45996 0.284478
4737.06006 0.284236
4737.64990 0.283995
4738.24023 0.283754
4738.83984 0.283512
4739.43018 0.28327
4740.02002 0.282943
4740.62012 0.280296
4741.20996 0.277659
4741.79980 0.27502
4742.39990 0.27238
4742.99023 0.269742
4743.58984 0.267102
4744.18018 0.264448
4744.77002 0.261807
4745.37012 0.259165
4745.97021 0.256511
4746.56006 0.253867
4747.14990 0.251224
4747.75000 0.248566
4748.35010 0.245921
4748.93994 0.243275
4749.54004 0.240616
4750.12988 0.239306
4750.72021 0.242797
4751.31982 0.246302
4751.91016 0.249795
4752.50977 0.253288
4753.10010 0.256785
4753.70020 0.260281
4754.29980 0.26378
4754.89014 0.267295
4755.49023 0.270796
4756.08008 0.274299
4756.68018 0.277819
4757.27979 0.281324
4757.87012 0.284832
4758.47021 0.288355
4759.06982 0.291866
4759.66016 0.295377
4760.25977 0.300483
4760.85010 0.30759
4761.45020 0.314733
4762.04980 0.321907
4762.64014 0.329047
4763.24023 0.336194
4763.83984 0.343348
4764.43018 0.350497
4765.02979 0.357648
4765.62988 0.364836
4766.22998 0.371995
4766.81982 0.379156
4767.41992 0.386348
4768.02002 0.393511
4768.60986 0.400682
4769.20996 0.407849
4769.81006 0.415051
4770.41016 0.416333
4771.00977 0.414869
4771.60010 0.413418
4772.20020 0.41196
4772.79980 0.410494
4773.39990 0.409034
4773.99023 0.407573
4774.58984 0.406113
4775.18994 0.404651
4775.79004 0.403189
4776.39014 0.40172
4776.97998 0.400257
4777.58008 0.398792
4778.18018 0.397322
4778.77979 0.395856
4779.37988 0.39439
4779.97998 0.392924
4780.58008 0.389339
4781.18018 0.38569
4781.77979 0.382025
4782.37988 0.378392
4782.97021 0.374741
4783.56982 0.371071
4784.16992 0.367418
4784.77002 0.363765
4785.37012 0.360093
4785.97021 0.356451
4786.56982 0.352792
4787.16992 0.349118
4787.77002 0.345458
4788.37012 0.341795
4788.97021 0.338116
4789.56982 0.334454
4790.16992 0.332753
4790.77002 0.335996
4791.37012 0.339223
4791.97021 0.342451
4792.56982 0.345696
4793.16992 0.348912
4793.77002 0.352145
4794.37988 0.355392
4794.97998 0.358626
4795.58008 0.361863
4796.18018 0.365111
4796.77979 0.368337
4797.37988 0.371574
4797.97998 0.374827
4798.58008 0.378068
4799.18018 0.381313
4799.77979 0.384568
4800.39014 0.389617
4800.97998 0.395648
4801.58984 0.401764
4802.18994 0.407823
4802.79004 0.413894
4803.39990 0.419986
4803.99023 0.42603
4804.60010 0.432105
4805.20020 0.438206
4805.79980 0.444285
4806.39990 0.450335
4807.00977 0.456472
4807.60986 0.46253
4808.20996 0.468621
4808.81006 0.474738
4809.41016 0.480826
4810.02002 0.486738
4810.62012 0.486016
4811.22021 0.485296
4811.81982 0.48458
4812.43018 0.483854
4813.02979 0.483134
4813.64014 0.482413
4814.24023 0.481689
4814.83984 0.480973
4815.43994 0.480251
4816.04980 0.479526
4816.64990 0.478804
4817.25000 0.478086
4817.85986 0.477356
4818.45996 0.476636
4819.06006 0.475913
4819.66992 0.475187
4820.27002 0.475045
4820.87988 0.475607
4821.47998 0.476173
4822.08984 0.476736
4822.68994 0.477297
4823.29980 0.477867
4823.89990 0.478431
4824.50000 0.478995
4825.10986 0.479561
4825.70996 0.480123
4826.31006 0.480688
4826.91992 0.481257
4827.52979 0.481822
4828.12988 0.482385
4828.74023 0.482955
4829.33984 0.483519
4829.93994 0.484086
4830.54980 0.485919
4831.16016 0.487871
4831.75977 0.489823
4832.37012 0.491788
4832.97021 0.493743
4833.56982 0.49569
4834.18994 0.497664
4834.79004 0.499622
4835.39990 0.501582
4836.00000 0.503551
4836.60986 0.505502
4837.20996 0.507463
4837.81982 0.509433
4838.43018 0.511398
4839.02979 0.513354
4839.64014 0.515336
4840.24023 0.517039
4840.85010 0.51837
4841.45996 0.519706
4842.06006 0.521039
4842.66992 0.522371
4843.27979 0.52371
4843.87988 0.525042
4844.49023 0.526371
4845.10010 0.527716
4845.70996 0.52905
4846.31006 0.530385
4846.91992 0.531726
4847.52979 0.533055
4848.12988 0.534391
4848.74023 0.535734
4849.35010 0.537071
4849.95020 0.538403
4850.56982 0.538097
4851.16992 0.537664
4851.77979 0.537229
4852.39014 0.536791
4853.00000 0.536356
4853.60010 0.53592
4854.20996 0.535482
4854.81982 0.535045
4855.43018 0.53461
4856.04004 0.53417
4856.64990 0.533734
4857.25977 0.533297
4857.85986 0.53286
4858.47021 0.532424
4859.08008 0.531986
4859.68994 0.531547
4860.29980 0.531579
4860.89990 0.532096
4861.52002 0.532621
4862.12012 0.53314
4862.72998 0.53366
4863.33984 0.534184
4863.95020 0.534705
4864.56006 0.535227
4865.16992 0.535751
4865.77979 0.536272
4866.39014 0.536793
4867.00000 0.53732
4867.60986 0.537843
4868.22021 0.538365
4868.83008 0.538889
4869.43994 0.539412
4870.04980 0.539957
4870.66016 0.54075
4871.27002 0.54154
4871.87988 0.542326
4872.49023 0.543124
4873.10010 0.543911
4873.70996 0.544702
4874.31982 0.545497
4874.93018 0.546289
4875.54004 0.54708
4876.16016 0.547875
4876.77002 0.548668
4877.37988 0.549456
4877.99023 0.550255
4878.60010 0.551048
4879.20996 0.551842
4879.81982 0.552636
4880.43018 0.550794
4881.04980 0.547879
4881.66016 0.544948
4882.27002 0.542031
4882.87988 0.539126
4883.49023 0.53618
4884.10010 0.533272
4884.72021 0.530346
4885.33008 0.527412
4885.93994 0.524485
4886.54980 0.521561
4887.16992 0.518622
4887.77979 0.515693
4888.39014 0.512774
4889.00000 0.509818
4889.62012 0.506887
4890.22998 0.504325
4890.83984 0.502386
4891.45020 0.500448
4892.06006 0.498508
4892.68018 0.496558
4893.29004 0.494616
4893.89990 0.492681
4894.52002 0.490719
4895.12988 0.488783
4895.74023 0.486836
4896.35986 0.484881
4896.97021 0.482931
4897.58008 0.480982
4898.20020 0.479023
4898.81006 0.477071
4899.41992 0.475127
4900.04004 0.473289
4900.66016 0.473255
4901.27002 0.473221
4901.87988 0.473187
4902.50000 0.473152
4903.10986 0.473116
4903.72998 0.473082
4904.33984 0.473047
4904.95020 0.473013
4905.56982 0.472978
4906.18018 0.472944
4906.79980 0.472909
4907.41016 0.472873
4908.02979 0.472838
4908.64014 0.472804
4909.25977 0.472769
4909.87012 0.472734
4910.47998 0.473501
4911.10010 0.474492
4911.72021 0.475474
4912.33984 0.476457
4912.95020 0.477441
4913.56006 0.478424
4914.18018 0.479408
4914.79980 0.480396
4915.41016 0.481377
4916.02979 0.482361
4916.64990 0.483357
4917.25977 0.484339
4917.87988 0.485326
4918.49023 0.486317
4919.10986 0.487304
4919.72998 0.488293
4920.33984 0.489851
4920.95996 0.491842
4921.56982 0.493845
4922.18994 0.495866
4922.81006 0.49787
4923.43018 0.499875
4924.04004 0.50188
4924.66016 0.503887
4925.27002 0.505894
4925.89990 0.507912
4926.50977 0.509911
4927.12012 0.51192
4927.75000 0.513948
4928.35986 0.515959
4928.97998 0.517964
4929.60010 0.519985
4930.22021 0.522116
4930.83008 0.524469
4931.45020 0.526833
4932.06982 0.529176
4932.68018 0.531533
4933.31006 0.53391
4933.91992 0.536268
4934.54004 0.538628
4935.16016 0.540988
4935.77979 0.543349
4936.39990 0.545711
4937.02002 0.548085
4937.62988 0.55044
4938.25000 0.552807
4938.87012 0.555195
4939.49023 0.557563
4940.10986 0.559695
4940.72998 0.560753
4941.35010 0.561808
4941.97021 0.562863
4942.58984 0.563922
4943.20020 0.564972
4943.81982 0.566028
4944.43994 0.567093
4945.06006 0.56815
4945.68018 0.56921
4946.29980 0.570268
4946.91992 0.571325
4947.54004 0.572385
4948.16016 0.573449
4948.77979 0.574504
4949.39990 0.575565
4950.02002 0.576536
4950.64014 0.57498
4951.25977 0.57343
4951.87988 0.571866
4952.50000 0.570307
4953.12012 0.568748
4953.74023 0.567182
4954.35986 0.56563
4954.97998 0.56407
4955.60986 0.562495
4956.22998 0.560934
4956.85010 0.559372
4957.47021 0.557811
4958.08984 0.556248
4958.70996 0.554685
4959.33008 0.553114
4959.95020 0.551557
4960.56982 0.549368
4961.20020 0.547108
4961.81982 0.544864
4962.43994 0.542628
4963.06006 0.540374
4963.68018 0.538126
4964.31006 0.535879
4964.93018 0.533629
4965.54980 0.531378
4966.16992 0.529127
4966.79980 0.526854
4967.41992 0.524601
4968.04004 0.522344
4968.66016 0.520088
4969.27979 0.51783
4969.91016 0.515571
4970.52979 0.516151
4971.14990 0.517235
4971.77002 0.51832
4972.39990 0.519414
4973.02002 0.5205
4973.64014 0.521577
4974.27002 0.522674
4974.89014 0.523761
4975.50977 0.524848
4976.14014 0.525936
4976.75977 0.527027
4977.37988 0.528116
4978.00977 0.529216
4978.62988 0.530305
4979.25977 0.531396
4979.87988 0.532488
4980.50000 0.534804
4981.12988 0.537414
4981.75000 0.540025
4982.37012 0.542637
4983.00000 0.545249
4983.62988 0.547886
4984.25000 0.550502
4984.87012 0.553094
4985.50000 0.555734
4986.12012 0.558352
4986.75000 0.560973
4987.37012 0.563592
4988.00000 0.566215
4988.62012 0.568837
4989.25000 0.571484
4989.87012 0.574108
4990.50000 0.575499
4991.12012 0.576578
4991.75000 0.577657
4992.37012 0.578738
4993.00000 0.57982
4993.62012 0.580902
4994.25000 0.581983
4994.87988 0.583076
4995.50000 0.584159
4996.12012 0.585234
4996.75977 0.586328
4997.37988 0.587413
4998.00977 0.588498
4998.62988 0.589584
4999.25977 0.59067
4999.87988 0.591758
5000.50977 0.592588
5001.14014 0.59335
5001.77002 0.594111
5002.39014 0.594873
5003.02002 0.595636
5003.64990 0.596397
5004.27002 0.59716
5004.89990 0.597923
5005.52002 0.598687
5006.16016 0.599457
5006.77979 0.600221
5007.39990 0.600979
5008.04004 0.601752
5008.66016 0.602516
5009.29004 0.603282
5009.91992 0.604047
5010.54004 0.603373
5011.16992 0.602479
5011.79980 0.601576
5012.43018 0.600681
5013.06006 0.599785
5013.68994 0.59889
5014.31006 0.597993
5014.93994 0.597096
5015.56982 0.5962
5016.20020 0.595302
5016.81982 0.594403
5017.45996 0.593495
5018.08984 0.592595
5018.70996 0.591703
5019.33984 0.590795
5019.97021 0.589894
5020.60010 0.587814
5021.22998 0.585678
5021.85986 0.583538
5022.47998 0.581401
5023.12012 0.579243
5023.75000 0.577103
5024.37988 0.57496
5025.00977 0.572818
5025.64014 0.570671
5026.25977 0.568526
5026.89014 0.566381
5027.52002 0.564233
5028.14990 0.562084
5028.79004 0.559916
5029.41992 0.557763
5030.04004 0.555611
5030.68018 0.553141
5031.31006 0.55069
5031.93994 0.548238
5032.56006 0.545785
5033.18994 0.543331
5033.81982 0.540875
5034.45996 0.538396
5035.08984 0.535937
5035.72021 0.533478
5036.35010 0.531016
5036.97998 0.528553
5037.60986 0.526089
5038.24023 0.523625
5038.87012 0.521157
5039.50000 0.518688
5040.14014 0.516571
5040.77002 0.515777
5041.39990 0.514988
5042.02979 0.514184
5042.66016 0.513388
5043.29980 0.512591
5043.93018 0.511793
5044.56006 0.510995
5045.18994 0.510197
5045.83008 0.50939
5046.45996 0.508591
5047.08984 0.507791
5047.72021 0.50699
5048.35010 0.506189
5048.99023 0.505387
5049.62012 0.504585
5050.25000 0.504172
5050.87988 0.504356
5051.52002 0.50454
5052.14990 0.504723
5052.77979 0.504905
5053.41992 0.50509
5054.04980 0.505274
5054.68018 0.505457
5055.31006 0.50564
5055.95020 0.505823
5056.58008 0.506007
5057.22021 0.506193
5057.85010 0.506376
5058.47998 0.506559
5059.12012 0.506744
5059.75000 0.506928
5060.39014 0.509507
5061.02002 0.51363
5061.64990 0.517756
5062.29004 0.521882
5062.93018 0.526049
5063.56006 0.530181
5064.18994 0.534299
5064.83008 0.538454
5065.45996 0.542591
5066.10010 0.546733
5066.72998 0.550874
5067.35986 0.555019
5068.00000 0.559166
5068.62988 0.563318
5069.27002 0.567503
5069.89990 0.571639
5070.54004 0.572701
5071.18018 0.573202
5071.81006 0.573703
5072.43994 0.574204
5073.08008 0.574706
5073.72021 0.575208
5074.35010 0.57571
5074.99023 0.576218
5075.62012 0.576718
5076.25977 0.577223
5076.89990 0.577726
5077.52979 0.57823
5078.16992 0.578734
5078.79980 0.579237
5079.43994 0.579741
5080.06982 0.580392
5080.72021 0.582159
5081.35010 0.583903
5081.99023 0.585663
5082.62012 0.587417
5083.25977 0.589171
5083.89990 0.590926
5084.52979 0.592682
5085.16992 0.59444
5085.81006 0.596197
