threeML/data/optical_filters/HST/ACS_SBC-F122M.ecsv
# %ECSV 0.9
# ---
# datatype:
# - {name: wavelength, unit: Angstrom, datatype: float32}
# - {name: response, datatype: float32}
# meta: !!omap
# - {band_name: F122M}
# - {group_name: ACS_SBC}
wavelength response
[from data line 806]
1228.52002 0.941171
1228.59998 0.94066
1228.68994 0.940151
1228.77002 0.939645
1228.85999 0.939131
1228.93994 0.938619
1229.03003 0.938101
1229.10999 0.937551
1229.19995 0.937004
1229.28003 0.936457
1229.37000 0.935914
1229.44995 0.935367
1229.54004 0.934819
1229.62000 0.934275
1229.70996 0.933721
1229.79004 0.933168
1229.88000 0.932619
1229.95996 0.932074
1230.05005 0.931435
1230.13000 0.930723
1230.21997 0.93001
1230.30005 0.929304
1230.39001 0.928584
1230.46997 0.927871
1230.56006 0.927151
1230.64001 0.926444
1230.72998 0.925729
1230.81006 0.925014
1230.90002 0.924304
1230.97998 0.923589
1231.06995 0.922846
1231.15002 0.92209
1231.23999 0.921338
1231.31995 0.920587
1231.41003 0.919836
1231.48999 0.919089
1231.57996 0.918337
1231.66003 0.917584
1231.75000 0.916832
1231.82996 0.916079
1231.92004 0.915326
1232.01001 0.914567
1232.08997 0.913853
1232.17004 0.913132
1232.26001 0.912412
1232.34998 0.911692
1232.43005 0.910969
1232.52002 0.910253
1232.59998 0.909526
1232.68994 0.908803
1232.77002 0.90808
1232.85999 0.907357
1232.93994 0.906633
1233.03003 0.90591
1233.10999 0.905191
1233.19995 0.904467
1233.28003 0.903735
1233.37000 0.903009
1233.44995 0.902283
1233.54004 0.901557
1233.62000 0.900831
1233.70996 0.900104
1233.80005 0.899383
1233.88000 0.898655
1233.96997 0.897927
1234.05005 0.897178
1234.14001 0.896416
1234.21997 0.895654
1234.31006 0.894885
1234.39001 0.894128
1234.47998 0.893364
1234.56006 0.8926
1234.65002 0.891842
1234.72998 0.891071
1234.81995 0.890307
1234.90002 0.889541
1234.98999 0.888775
1235.07996 0.888039
1235.16003 0.887307
1235.25000 0.886574
1235.32996 0.885846
1235.42004 0.885107
1235.50000 0.884372
1235.58997 0.883643
1235.67004 0.882908
1235.76001 0.882173
1235.83997 0.881436
1235.93005 0.880701
1236.02002 0.879958
1236.09998 0.879188
1236.18994 0.878412
1236.27002 0.877647
1236.35999 0.876877
1236.43994 0.876105
1236.53003 0.875333
1236.60999 0.874562
1236.69995 0.87379
1236.79004 0.873017
1236.87000 0.872245
1236.95996 0.871471
1237.04004 0.870714
1237.13000 0.869972
1237.20996 0.869237
1237.30005 0.868496
1237.38000 0.867754
1237.46997 0.867006
1237.56006 0.866269
1237.64001 0.865519
1237.72998 0.864775
1237.81006 0.864032
1237.90002 0.863294
1237.97998 0.862549
1238.06995 0.861804
1238.15002 0.861058
1238.23999 0.860313
1238.32996 0.85956
1238.41003 0.858814
1238.50000 0.858073
1238.57996 0.857326
1238.67004 0.856578
1238.75000 0.855835
1238.83997 0.855087
1238.92004 0.854333
1239.01001 0.85358
1239.09998 0.852798
1239.18005 0.852016
1239.27002 0.851233
1239.34998 0.850458
1239.43994 0.849674
1239.52002 0.848891
1239.60999 0.848108
1239.69995 0.847323
1239.78003 0.846533
1239.87000 0.845749
1239.94995 0.844964
1240.04004 0.844212
1240.12000 0.843488
1240.20996 0.842763
1240.30005 0.842039
1240.38000 0.841314
1240.46997 0.840588
1240.55005 0.839856
1240.64001 0.839136
1240.71997 0.83841
1240.81006 0.837684
1240.90002 0.836957
1240.97998 0.836236
1241.06995 0.835478
1241.15002 0.834718
1241.23999 0.833953
1241.32996 0.833199
1241.41003 0.83244
1241.50000 0.831679
1241.57996 0.83092
1241.67004 0.830165
1241.76001 0.829404
1241.83997 0.828637
1241.93005 0.827876
1242.01001 0.827126
1242.09998 0.82639
1242.18005 0.82566
1242.27002 0.824935
1242.35999 0.824204
1242.43994 0.823473
1242.53003 0.822735
1242.60999 0.822008
1242.69995 0.821277
1242.79004 0.820539
1242.87000 0.819806
1242.95996 0.81908
1243.04004 0.818346
1243.13000 0.817613
1243.20996 0.816885
1243.30005 0.816145
1243.39001 0.815411
1243.46997 0.814677
1243.56006 0.813948
1243.65002 0.813206
1243.72998 0.812472
1243.81995 0.811741
1243.90002 0.811006
1243.98999 0.810264
1244.07996 0.8095
1244.16003 0.808739
1244.25000 0.807972
1244.32996 0.807197
1244.42004 0.806429
1244.51001 0.805667
1244.58997 0.804898
1244.68005 0.80413
1244.77002 0.803355
1244.84998 0.802591
1244.93994 0.801822
1245.02002 0.80106
1245.10999 0.800322
1245.18994 0.799582
1245.28003 0.798842
1245.37000 0.798102
1245.44995 0.797361
1245.54004 0.79662
1245.62000 0.79588
1245.70996 0.795139
1245.80005 0.794402
1245.88000 0.793655
1245.96997 0.792913
1246.06006 0.792176
1246.14001 0.791434
1246.22998 0.790686
1246.31995 0.789942
1246.40002 0.789204
1246.48999 0.78846
1246.56995 0.787717
1246.66003 0.786978
1246.73999 0.786227
1246.82996 0.785484
1246.92004 0.784732
1247.01001 0.783985
1247.08997 0.783216
1247.18005 0.78244
1247.26001 0.781665
1247.34998 0.780894
1247.43005 0.780112
1247.52002 0.779335
1247.60999 0.778552
1247.68994 0.777781
1247.78003 0.777004
1247.87000 0.776227
1247.94995 0.775455
1248.04004 0.77469
1248.12000 0.773942
1248.20996 0.773187
1248.30005 0.772443
1248.38000 0.771688
1248.46997 0.770939
1248.56006 0.77019
1248.64001 0.769445
1248.72998 0.768694
1248.81995 0.767944
1248.90002 0.767192
1248.98999 0.766441
1249.07996 0.765658
1249.16003 0.764876
1249.25000 0.764102
1249.32996 0.76332
1249.42004 0.762538
1249.51001 0.761756
1249.58997 0.76098
1249.68005 0.760192
1249.77002 0.759408
1249.84998 0.758626
1249.93994 0.757843
1250.03003 0.757051
1250.10999 0.756236
1250.19995 0.755422
1250.29004 0.754614
1250.37000 0.753799
1250.45996 0.752977
1250.55005 0.752163
1250.63000 0.751347
1250.71997 0.750532
1250.80005 0.749717
1250.89001 0.748909
1250.97998 0.748093
1251.06006 0.747276
1251.15002 0.746454
1251.23999 0.745644
1251.31995 0.744828
1251.41003 0.744005
1251.50000 0.743188
1251.57996 0.742378
1251.67004 0.741561
1251.76001 0.740744
1251.83997 0.739933
1251.93005 0.739109
1252.02002 0.738287
1252.09998 0.737434
1252.18994 0.736594
1252.28003 0.735748
1252.35999 0.734902
1252.44995 0.734062
1252.54004 0.733216
1252.62000 0.732361
1252.70996 0.731516
1252.80005 0.730675
1252.88000 0.729827
1252.96997 0.728974
1253.06006 0.728145
1253.14001 0.727331
1253.22998 0.726512
1253.31995 0.725686
1253.40002 0.724873
1253.48999 0.724054
1253.57996 0.723233
1253.66003 0.722406
1253.75000 0.721592
1253.83997 0.720773
1253.92004 0.719952
1254.01001 0.719128
1254.09998 0.718279
1254.18005 0.717431
1254.27002 0.716582
1254.35999 0.71574
1254.43994 0.714891
1254.53003 0.714041
1254.62000 0.713186
1254.69995 0.712343
1254.79004 0.711487
1254.88000 0.710638
1254.95996 0.709787
1255.05005 0.70896
1255.14001 0.708138
1255.21997 0.707308
1255.31006 0.706486
1255.40002 0.705669
1255.47998 0.704846
1255.56995 0.704016
1255.66003 0.7032
1255.73999 0.702376
1255.82996 0.701552
1255.92004 0.700735
1256.00000 0.699912
1256.08997 0.699087
1256.18005 0.698257
1256.27002 0.697425
1256.34998 0.696608
1256.43994 0.695783
1256.53003 0.694958
1256.60999 0.69414
1256.69995 0.693313
1256.79004 0.692488
1256.87000 0.691656
1256.95996 0.690838
1257.05005 0.68999
1257.13000 0.689138
1257.21997 0.688292
1257.31006 0.687438
1257.39001 0.686586
1257.47998 0.685732
1257.56995 0.684879
1257.66003 0.684026
1257.73999 0.683166
1257.82996 0.682312
1257.92004 0.681465
1258.00000 0.680613
1258.08997 0.679785
1258.18005 0.678958
1258.26001 0.678137
1258.34998 0.677302
1258.43994 0.676474
1258.53003 0.675646
1258.60999 0.674818
1258.69995 0.67399
1258.79004 0.673162
1258.87000 0.672339
1258.95996 0.67151
1259.05005 0.670659
1259.13000 0.669805
1259.21997 0.668956
1259.31006 0.668094
1259.40002 0.667238
1259.47998 0.666383
1259.56995 0.665534
1259.66003 0.664678
1259.73999 0.663822
1259.82996 0.662958
1259.92004 0.66211
1260.01001 0.661252
1260.08997 0.660473
1260.18005 0.659698
1260.27002 0.658918
1260.34998 0.658137
1260.43994 0.657363
1260.53003 0.656576
1260.62000 0.655795
1260.69995 0.655015
1260.79004 0.65424
1260.88000 0.653453
1260.95996 0.652671
1261.05005 0.651891
1261.14001 0.651116
1261.22998 0.650334
1261.31006 0.649547
1261.40002 0.648765
1261.48999 0.64799
1261.57996 0.647203
1261.66003 0.646421
1261.75000 0.645644
1261.83997 0.644862
1261.92004 0.64408
1262.01001 0.643289
1262.09998 0.642488
1262.18994 0.64168
1262.27002 0.640873
1262.35999 0.640065
1262.44995 0.639257
1262.54004 0.63845
1262.62000 0.637642
1262.70996 0.63684
1262.80005 0.636026
1262.88000 0.63522
1262.96997 0.634411
1263.06006 0.633627
1263.15002 0.632837
1263.22998 0.632055
1263.31995 0.631271
1263.41003 0.630494
1263.50000 0.629704
1263.57996 0.628921
1263.67004 0.628137
1263.76001 0.627361
1263.84998 0.626576
1263.93005 0.625792
1264.02002 0.625003
1264.10999 0.624194
1264.18994 0.623385
1264.28003 0.62257
1264.37000 0.621769
1264.45996 0.62096
1264.55005 0.620152
1264.63000 0.619349
1264.71997 0.618533
1264.81006 0.617725
1264.89001 0.616916
1264.97998 0.616107
1265.06995 0.615317
1265.16003 0.614532
1265.23999 0.613748
1265.32996 0.612969
1265.42004 0.612184
1265.51001 0.611399
1265.58997 0.610614
1265.68005 0.609822
1265.77002 0.609037
1265.85999 0.608252
1265.93994 0.607472
1266.03003 0.606687
1266.12000 0.605901
1266.20996 0.605115
1266.30005 0.604329
1266.38000 0.603543
1266.46997 0.60275
1266.56006 0.60197
1266.64001 0.601185
1266.72998 0.600398
1266.81995 0.599612
1266.91003 0.598825
1266.98999 0.598045
1267.07996 0.597229
1267.17004 0.596419
1267.26001 0.595609
1267.34998 0.594798
1267.43005 0.593988
1267.52002 0.593177
1267.60999 0.592373
1267.69995 0.591563
1267.79004 0.590746
1267.87000 0.589934
1267.95996 0.589124
1268.05005 0.588326
1268.13000 0.587539
1268.21997 0.586757
1268.31006 0.585969
1268.40002 0.585181
1268.48999 0.584395
1268.56995 0.583606
1268.66003 0.582818
1268.75000 0.58203
1268.83997 0.581235
1268.92004 0.580453
1269.01001 0.579662
1269.09998 0.578851
1269.18994 0.578046
1269.28003 0.577228
1269.35999 0.576416
1269.44995 0.575598
1269.54004 0.574793
1269.63000 0.573981
1269.70996 0.57317
1269.80005 0.572365
1269.89001 0.571553
1269.97998 0.570735
1270.06995 0.570093
1270.15002 0.569513
1270.23999 0.568928
1270.32996 0.568343
1270.42004 0.567753
1270.51001 0.567173
1270.58997 0.566588
1270.68005 0.566002
1270.77002 0.565417
1270.85999 0.564832
1270.93994 0.564247
1271.03003 0.563657
1271.12000 0.563076
1271.20996 0.562491
1271.30005 0.561906
1271.38000 0.56132
1271.46997 0.560735
1271.56006 0.560149
1271.65002 0.559564
1271.73999 0.558978
1271.81995 0.558396
1271.91003 0.557811
1272.00000 0.557221
1272.08997 0.556613
1272.17004 0.556009
1272.26001 0.555396
1272.34998 0.554789
1272.43994 0.554185
1272.53003 0.553577
1272.62000 0.552964
1272.69995 0.552356
1272.79004 0.551754
1272.88000 0.551145
1272.96997 0.550532
1273.06006 0.549938
1273.14001 0.549357
1273.22998 0.548771
1273.31995 0.548184
1273.41003 0.547604
1273.48999 0.547017
1273.57996 0.546426
1273.67004 0.54584
1273.76001 0.545254
1273.84998 0.544667
1273.93994 0.544082
1274.02002 0.543493
1274.10999 0.542885
1274.19995 0.542273
1274.29004 0.541664
1274.38000 0.541061
1274.45996 0.540448
1274.55005 0.53984
1274.64001 0.539231
1274.72998 0.538628
1274.81995 0.53802
1274.90002 0.537412
1274.98999 0.536804
1275.07996 0.536196
1275.17004 0.535587
1275.26001 0.534974
1275.34998 0.534371
1275.43005 0.533763
1275.52002 0.533154
1275.60999 0.532547
1275.69995 0.531939
1275.79004 0.53133
1275.88000 0.530722
1275.95996 0.530114
1276.05005 0.529506
1276.14001 0.528898
1276.22998 0.52829
1276.31995 0.527682
1276.40002 0.527078
1276.48999 0.526471
1276.57996 0.525857
1276.67004 0.525249
1276.76001 0.524642
1276.84998 0.524033
1276.93005 0.523426
1277.02002 0.522822
1277.10999 0.522214
1277.19995 0.521605
1277.29004 0.520993
1277.38000 0.52039
1277.45996 0.519777
1277.55005 0.519168
1277.64001 0.518566
1277.72998 0.517957
1277.81995 0.51735
1277.91003 0.516742
1277.98999 0.516138
1278.07996 0.515526
1278.17004 0.514917
1278.26001 0.514315
1278.34998 0.513702
1278.43994 0.513093
1278.53003 0.512486
1278.60999 0.511883
1278.69995 0.511274
1278.79004 0.510661
1278.88000 0.510053
1278.96997 0.509446
1279.06006 0.508838
1279.14001 0.50823
1279.22998 0.507627
1279.31995 0.507019
1279.41003 0.506411
1279.50000 0.505803
1279.58997 0.505195
1279.67004 0.504587
1279.76001 0.50398
1279.84998 0.503372
1279.93994 0.502763
1280.03003 0.50217
1280.12000 0.501607
1280.20996 0.501044
1280.29004 0.500482
1280.38000 0.499919
1280.46997 0.499356
1280.56006 0.498793
1280.65002 0.498232
1280.73999 0.497669
1280.82996 0.497106
1280.91003 0.496543
1281.00000 0.495986
1281.08997 0.49544
1281.18005 0.494898
1281.27002 0.49436
1281.35999 0.493818
1281.43994 0.493276
1281.53003 0.492734
1281.62000 0.492192
1281.70996 0.49165
1281.80005 0.491104
1281.89001 0.490562
1281.97998 0.490025
1282.06995 0.489482
1282.15002 0.488936
1282.23999 0.488399
1282.32996 0.487857
1282.42004 0.487315
1282.51001 0.486769
1282.59998 0.486231
1282.68994 0.485689
1282.78003 0.485149
1282.85999 0.484611
1282.94995 0.484069
1283.04004 0.483527
1283.13000 0.482982
1283.21997 0.482444
1283.31006 0.481898
1283.40002 0.481357
1283.48999 0.480815
1283.56995 0.480278
1283.66003 0.479737
1283.75000 0.479191
1283.83997 0.478653
1283.93005 0.478112
1284.02002 0.477566
1284.10999 0.477025
1284.18994 0.476488
1284.28003 0.475946
1284.37000 0.475405
1284.45996 0.474863
1284.55005 0.474326
1284.64001 0.473782
1284.72998 0.47324
1284.81995 0.472699
1284.91003 0.472158
1284.98999 0.471616
1285.07996 0.471057
1285.17004 0.470501
1285.26001 0.469941
1285.34998 0.469375
1285.43994 0.468815
1285.53003 0.468256
1285.62000 0.467695
1285.70996 0.467135
1285.80005 0.466575
1285.88000 0.466019
1285.96997 0.46546
1286.06006 0.464913
1286.15002 0.464372
1286.23999 0.463831
1286.32996 0.46329
1286.42004 0.462746
1286.51001 0.462209
1286.59998 0.461668
1286.68005 0.461128
1286.77002 0.460592
1286.85999 0.460052
1286.94995 0.459507
1287.04004 0.458962
1287.13000 0.458421
1287.21997 0.457886
1287.31006 0.457345
1287.40002 0.456805
1287.47998 0.456269
1287.56995 0.455729
1287.66003 0.455184
1287.75000 0.454644
1287.83997 0.454108
1287.93005 0.453567
1288.02002 0.453023
1288.10999 0.452487
1288.19995 0.451947
1288.29004 0.451407
1288.38000 0.450867
1288.45996 0.450327
1288.55005 0.449787
1288.64001 0.449242
1288.72998 0.448702
1288.81995 0.448166
1288.91003 0.447627
1289.00000 0.447086
1289.08997 0.446547
1289.18005 0.446007
1289.27002 0.445467
1289.35999 0.444927
1289.44995 0.444387
1289.53003 0.443852
1289.62000 0.443307
1289.70996 0.442768
1289.80005 0.442232
1289.89001 0.441689
1289.97998 0.441149
1290.06995 0.440649
1290.16003 0.440165
1290.25000 0.439672
1290.33997 0.439184
1290.43005 0.438699
1290.52002 0.438211
1290.60999 0.437723
1290.68994 0.43723
1290.78003 0.436746
1290.87000 0.436258
1290.95996 0.43577
1291.05005 0.435296
1291.14001 0.434826
1291.22998 0.434353
1291.31995 0.433883
1291.41003 0.433414
1291.50000 0.432944
1291.58997 0.432474
1291.68005 0.432008
1291.77002 0.431538
1291.85999 0.431065
1291.93994 0.430595
1292.03003 0.43013
1292.12000 0.42966
1292.20996 0.429187
1292.30005 0.428717
1292.39001 0.428252
1292.47998 0.427782
1292.56995 0.427313
1292.66003 0.426844
1292.75000 0.426374
1292.83997 0.425905
1292.93005 0.425432
1293.02002 0.424966
1293.10999 0.424497
1293.19995 0.424028
1293.29004 0.423559
1293.38000 0.42309
1293.45996 0.42262
1293.55005 0.422151
1293.64001 0.421682
1293.72998 0.421213
1293.81995 0.420744
1293.91003 0.420276
1294.00000 0.419806
1294.08997 0.419341
1294.18005 0.418872
1294.27002 0.4184
1294.35999 0.417931
1294.44995 0.417462
1294.54004 0.416993
1294.63000 0.416525
1294.71997 0.416056
1294.81006 0.415591
1294.90002 0.415122
1294.97998 0.414654
1295.07996 0.414185
1295.16003 0.413712
1295.26001 0.413244
1295.33997 0.412775
1295.43005 0.41231
1295.52002 0.411842
1295.60999 0.411374
1295.69995 0.410909
1295.79004 0.410437
1295.88000 0.409968
1295.96997 0.4095
1296.06006 0.40902
1296.15002 0.408535
1296.23999 0.408049
1296.32996 0.407568
1296.42004 0.407082
1296.51001 0.406597
1296.59998 0.406108
1296.68994 0.405619
1296.78003 0.405138
1296.87000 0.404653
1296.95996 0.404169
1297.05005 0.403696
1297.14001 0.403228
1297.22998 0.40276
1297.31995 0.402293
1297.41003 0.401825
1297.48999 0.401357
1297.58997 0.40089
1297.67004 0.400422
1297.77002 0.399955
1297.84998 0.399487
1297.93994 0.399019
1298.03003 0.398552
1298.12000 0.398084
1298.20996 0.397617
1298.30005 0.39715
1298.39001 0.396682
1298.47998 0.396215
1298.56995 0.395748
