threeML/data/optical_filters/HST/ACS_WFC-F550M_81.ecsv
# %ECSV 0.9
# ---
# datatype:
# - {name: wavelength, unit: Angstrom, datatype: float32}
# - {name: response, datatype: float32}
# meta: !!omap
# - {band_name: F550M_81}
# - {group_name: ACS_WFC}
wavelength response
[from data line 798]
5768.06006 0.965695
5768.77979 0.963744
5769.50000 0.961799
5770.22998 0.959892
5770.95020 0.958066
5771.66992 0.956236
5772.39014 0.954407
5773.10986 0.952576
5773.83984 0.950735
5774.56982 0.948894
5775.29004 0.947058
5776.00977 0.945223
5776.74023 0.943384
5777.45996 0.941538
5778.18018 0.939707
5778.91016 0.937859
5779.64014 0.936009
5780.35986 0.93455
5781.08008 0.933482
5781.81006 0.932411
5782.52979 0.931336
5783.25977 0.930267
5783.97998 0.929191
5784.70020 0.928125
5785.43018 0.927049
5786.16016 0.925977
5786.87988 0.924902
5787.60010 0.92383
5788.33008 0.922752
5789.06006 0.921673
5789.77979 0.920598
5790.50977 0.920179
5791.22998 0.920037
5791.95996 0.919895
5792.68018 0.919753
5793.41016 0.919611
5794.14014 0.91947
5794.87012 0.919326
5795.58984 0.919183
5796.31982 0.919041
5797.04004 0.918899
5797.77002 0.918757
5798.49023 0.918615
5799.22021 0.918472
5799.95020 0.918328
5800.68018 0.919166
5801.39990 0.920073
5802.12988 0.920979
5802.85986 0.921891
5803.58984 0.922799
5804.31006 0.923704
5805.04004 0.924617
5805.77002 0.925529
5806.50000 0.926439
5807.22021 0.92735
5807.95020 0.928261
5808.68018 0.929177
5809.41016 0.930093
5810.12988 0.931031
5810.85986 0.932111
5811.58984 0.933194
5812.31982 0.934274
5813.04980 0.935355
5813.77979 0.936441
5814.50977 0.937523
5815.24023 0.938611
5815.95996 0.939696
5816.68994 0.94078
5817.41992 0.941865
5818.14990 0.942952
5818.87988 0.944038
5819.60986 0.945131
5820.33984 0.945501
5821.06982 0.945039
5821.79980 0.944576
5822.52979 0.944113
5823.25977 0.943651
5823.97998 0.94319
5824.70996 0.942726
5825.43994 0.94226
5826.18018 0.941794
5826.91016 0.941331
5827.64014 0.940866
5828.37012 0.940402
5829.10010 0.939937
5829.81982 0.939474
5830.56006 0.933961
5831.29004 0.926898
5832.02002 0.919797
5832.75000 0.912725
5833.47998 0.905651
5834.20996 0.898541
5834.95020 0.891429
5835.68018 0.884344
5836.41016 0.877284
5837.14014 0.870159
5837.87012 0.863066
5838.60010 0.855971
5839.33008 0.848869
5840.06982 0.841088
5840.79980 0.826799
5841.52979 0.812571
5842.25977 0.798336
5842.99023 0.784086
5843.72998 0.76983
5844.45996 0.755568
5845.18994 0.7413
5845.91992 0.726958
5846.66016 0.712601
5847.39014 0.698316
5848.12012 0.684015
5848.85010 0.669697
5849.58984 0.655382
5850.31982 0.639991
5851.04980 0.623146
5851.79004 0.606285
5852.52002 0.589497
5853.25000 0.572703
5853.99023 0.555893
5854.72021 0.539009
5855.45996 0.522186
5856.18994 0.505437
5856.91992 0.488526
5857.66016 0.471609
5858.39014 0.454754
5859.12012 0.437892
5859.85986 0.421025
5860.60010 0.407457
5861.33008 0.394687
5862.06006 0.381969
5862.79980 0.369296
5863.52979 0.356496
5864.27002 0.343748
5865.00000 0.330986
5865.74023 0.318165
5866.47021 0.305396
5867.20996 0.292553
5867.93994 0.279762
5868.68018 0.266964
5869.41016 0.25415
5870.14990 0.24235
5870.87988 0.234534
5871.62012 0.226679
5872.35986 0.218821
5873.10010 0.210998
5873.83008 0.203166
5874.56006 0.195332
5875.29980 0.187464
5876.04004 0.179656
5876.77002 0.171814
5877.50977 0.163934
5878.25000 0.156045
5878.97998 0.14819
5879.72021 0.140332
5880.45996 0.134614
5881.20020 0.130178
5881.93994 0.125738
5882.66992 0.121336
5883.39990 0.116912
5884.14990 0.112464
5884.87988 0.108035
5885.62012 0.103601
5886.35986 0.0991475
5887.10010 0.0947089
5887.83984 0.0902475
5888.56982 0.0858015
5889.31006 0.0813563
5890.04980 0.0770369
5890.77979 0.0746691
5891.52002 0.0722999
5892.25977 0.0699183
5893.00000 0.0675355
5893.74023 0.0651607
5894.47998 0.0627845
5895.22021 0.060407
5895.95020 0.0580282
5896.68994 0.0556464
5897.43018 0.0532649
5898.16992 0.0508694
5898.91016 0.0484724
5899.64990 0.0460852
5900.39014 0.0442676
5901.12988 0.0429592
5901.87012 0.041645
5902.60986 0.0403407
5903.35010 0.0390256
5904.08984 0.0377142
5904.83008 0.036397
5905.56982 0.0350845
5906.31006 0.0337715
5907.04980 0.0324528
5907.79004 0.0311326
5908.52979 0.0298171
5909.27002 0.0285072
5910.00977 0.0271937
5910.75000 0.026457
5911.49023 0.02572
5912.22998 0.0249827
5912.97998 0.0242413
5913.72021 0.0235001
5914.45996 0.0227616
5915.20020 0.0220229
5915.93994 0.0212834
5916.68018 0.0205441
5917.41992 0.0198041
5918.16016 0.0190638
5918.89990 0.0183198
5919.64990 0.0175755
5920.39014 0.0169619
5921.12988 0.0164634
5921.87012 0.0159643
5922.60986 0.0154649
5923.35010 0.0149648
5924.10010 0.0144625
5924.83984 0.01396
5925.58984 0.013459
5926.33008 0.0129578
5927.06982 0.0124564
5927.81006 0.0119519
5928.56006 0.0114498
5929.29980 0.0109494
5930.04004 0.0104577
5930.79004 0.0101987
5931.52979 0.00994087
5932.27002 0.00968269
5933.00977 0.00942438
5933.75977 0.00916493
5934.50977 0.00890518
5935.25000 0.00864633
5935.99023 0.0083887
5936.72998 0.00812841
5937.47998 0.00786918
5938.22021 0.00760981
5938.97021 0.00734911
5939.70996 0.00708949
5940.45996 0.00691191
5941.20020 0.00678757
5941.93994 0.00666317
5942.68994 0.00653872
5943.43018 0.00641421
5944.18018 0.00628956
5944.91992 0.00616428
5945.66992 0.00603902
5946.41992 0.00591412
5947.16016 0.00578925
5947.89990 0.00566422
5948.64990 0.00553865
5949.39014 0.0054141
5950.14014 0.00528886
5950.89014 0.00516319
5951.64014 0.00503747
5952.37988 0.00491217
5953.12012 0.0047868
5953.87012 0.00466137
5954.62012 0.0045353
5955.35986 0.00441023
5956.10986 0.00428402
5956.85010 0.00415824
5957.60010 0.00403183
5958.35010 0.00390592
5959.10010 0.00377995
5959.85010 0.00365324
5960.58984 0.00358969
5961.33984 0.00354238
5962.08008 0.00349541
5962.83008 0.00344801
5963.58008 0.00340077
5964.33008 0.0033535
5965.06982 0.0033062
5965.81982 0.00325868
5966.56982 0.00321107
5967.31982 0.00316368
5968.06982 0.00311623
5968.81006 0.00306875
5969.56006 0.00302124
5970.31006 0.00297361
5971.06006 0.00292579
5971.81006 0.00287776
5972.56006 0.00282968
5973.29980 0.00278179
5974.04980 0.00273388
6571.45459 0.0
