threeML/data/optical_filters/HST/ACS_SBC-F115LP.ecsv
# %ECSV 0.9
# ---
# datatype:
# - {name: wavelength, unit: Angstrom, datatype: float32}
# - {name: response, datatype: float32}
# meta: !!omap
# - {band_name: F115LP}
# - {group_name: ACS_SBC}
wavelength response
[from data line 805]
1357.02002 0.936706
1357.29004 0.936306
1357.55005 0.935907
1357.81006 0.935508
1358.06995 0.935143
1358.32996 0.934871
1358.59998 0.934601
1358.85999 0.93433
1359.12000 0.933998
1359.38000 0.933595
1359.64001 0.933193
1359.91003 0.93279
1360.17004 0.93247
1360.43005 0.932197
1360.68994 0.931923
1360.95996 0.931649
1361.21997 0.931263
1361.47998 0.930857
1361.73999 0.930451
1362.01001 0.930048
1362.27002 0.929773
1362.53003 0.929497
1362.80005 0.92922
1363.06006 0.928912
1363.31995 0.928504
1363.58997 0.928094
1363.84998 0.927684
1364.10999 0.927331
1364.38000 0.927052
1364.64001 0.926773
1364.90002 0.926494
1365.16003 0.926132
1365.43005 0.925719
1365.68994 0.925306
1365.95996 0.924892
1366.21997 0.92459
1366.47998 0.924309
1366.75000 0.924027
1367.01001 0.923739
1367.27002 0.923325
1367.54004 0.922909
1367.80005 0.922492
1368.06995 0.922109
1368.32996 0.921826
1368.59998 0.921541
1368.85999 0.921257
1369.12000 0.920911
1369.39001 0.920493
1369.65002 0.920073
1369.92004 0.919653
1370.18005 0.919325
1370.44995 0.919036
1370.70996 0.918749
1370.96997 0.918461
1371.23999 0.918051
1371.50000 0.917629
1371.77002 0.917207
1372.03003 0.916799
1372.30005 0.916509
1372.56006 0.916219
1372.82996 0.915928
1373.08997 0.91559
1373.35999 0.915165
1373.62000 0.91474
1373.89001 0.914315
1374.15002 0.913964
1374.42004 0.913671
1374.68005 0.913379
1374.94995 0.913086
1375.20996 0.912682
1375.47998 0.912254
1375.73999 0.911825
1376.01001 0.911395
1376.28003 0.910966
1376.54004 0.910534
1376.81006 0.910103
1377.06995 0.909709
1377.33997 0.909412
1377.59998 0.909115
1377.87000 0.908817
1378.14001 0.908451
1378.40002 0.908018
1378.67004 0.907584
1378.93005 0.907148
1379.19995 0.906715
1379.46997 0.906281
1379.72998 0.905844
1380.00000 0.905408
1380.27002 0.905105
1380.53003 0.904802
1380.80005 0.904499
1381.06006 0.904162
1381.32996 0.903723
1381.59998 0.903282
1381.85999 0.902842
1382.13000 0.902401
1382.40002 0.901958
1382.66003 0.901517
1382.93005 0.901075
1383.19995 0.900733
1383.45996 0.900425
1383.72998 0.900119
1384.00000 0.899812
1384.27002 0.899369
1384.53003 0.898923
1384.80005 0.898479
1385.06995 0.898066
1385.33997 0.897757
1385.59998 0.897447
1385.87000 0.897137
1386.14001 0.896757
1386.40002 0.896309
1386.67004 0.895861
1386.93994 0.895413
1387.20996 0.894961
1387.46997 0.894512
1387.73999 0.894062
1388.01001 0.893618
1388.28003 0.893303
1388.55005 0.89299
1388.81006 0.892676
1389.07996 0.89232
1389.34998 0.891867
1389.62000 0.891413
1389.89001 0.890961
1390.16003 0.890503
1390.42004 0.890046
1390.68994 0.88959
1390.95996 0.889131
1391.22998 0.888791
1391.50000 0.888471
1391.77002 0.888151
1392.04004 0.88781
1392.30005 0.887349
1392.56995 0.886889
1392.83997 0.886429
1393.10999 0.885967
1393.38000 0.885506
1393.65002 0.885044
1393.92004 0.884581
1394.18005 0.884212
1394.44995 0.883888
1394.71997 0.883562
1394.98999 0.883237
1395.26001 0.882776
1395.53003 0.882312
1395.80005 0.881845
1396.06995 0.88138
1396.33997 0.880913
1396.60999 0.880445
1396.88000 0.879976
1397.15002 0.879586
1397.42004 0.879257
1397.68994 0.878928
1397.95996 0.878599
1398.22998 0.878152
1398.50000 0.877681
1398.77002 0.87721
1399.04004 0.876739
1399.31006 0.876269
1399.57996 0.875794
1399.84998 0.875323
1400.12000 0.87491
1400.39001 0.874573
1400.66003 0.874236
1400.93005 0.873898
1401.19995 0.873459
1401.46997 0.872979
1401.73999 0.872499
1402.01001 0.872025
1402.28003 0.871686
1402.55005 0.871346
1402.81995 0.871007
1403.08997 0.870599
1403.35999 0.870055
1403.63000 0.869513
1403.90002 0.868971
1404.17004 0.868426
1404.44995 0.867882
1404.71997 0.867339
1404.98999 0.866795
1405.26001 0.866385
1405.53003 0.865981
1405.80005 0.865577
1406.06995 0.865136
1406.34998 0.864589
1406.62000 0.864041
1406.89001 0.863495
1407.16003 0.862948
1407.43005 0.862399
1407.69995 0.861851
1407.96997 0.8613
1408.25000 0.860881
1408.52002 0.860473
1408.79004 0.860067
1409.06006 0.859627
1409.32996 0.859074
1409.60999 0.858524
1409.88000 0.857974
1410.15002 0.857417
1410.42004 0.856861
1410.68994 0.856304
1410.96997 0.855745
1411.23999 0.855313
1411.51001 0.854897
1411.78003 0.854481
1412.06006 0.854035
1412.32996 0.853476
1412.59998 0.852915
1412.87000 0.852354
1413.15002 0.851794
1413.42004 0.851234
1413.68994 0.850673
1413.95996 0.85011
1414.23999 0.849672
1414.51001 0.849253
1414.78003 0.848831
1415.06006 0.848382
1415.32996 0.847819
1415.59998 0.847255
1415.88000 0.846689
1416.15002 0.846125
1416.42004 0.845559
1416.69995 0.844993
1416.96997 0.844425
1417.23999 0.843987
1417.52002 0.843565
1417.79004 0.843141
1418.06006 0.842684
1418.33997 0.842117
1418.60999 0.841547
1418.88000 0.840977
1419.16003 0.840492
1419.43005 0.840066
1419.70996 0.839641
1419.97998 0.839214
1420.25000 0.838649
1420.53003 0.838073
1420.80005 0.837495
1421.07996 0.836918
1421.34998 0.836338
1421.63000 0.835757
1421.90002 0.835179
1422.17004 0.834692
1422.44995 0.834257
1422.71997 0.833822
1423.00000 0.833387
1423.27002 0.832808
1423.55005 0.832225
1423.81995 0.831643
1424.09998 0.831061
1424.37000 0.830479
1424.65002 0.829895
1424.92004 0.829313
1425.18994 0.828833
1425.46997 0.828394
1425.73999 0.827955
1426.02002 0.827505
1426.30005 0.826918
1426.56995 0.826332
1426.84998 0.825746
1427.12000 0.825161
1427.40002 0.824573
1427.67004 0.823987
1427.94995 0.8234
1428.21997 0.82293
1428.50000 0.822487
1428.78003 0.822045
1429.05005 0.821574
1429.32996 0.820984
1429.59998 0.820394
1429.88000 0.819805
1430.15002 0.819293
1430.43005 0.818841
1430.70996 0.818388
1430.97998 0.817937
1431.26001 0.817346
1431.54004 0.816745
1431.81006 0.816146
1432.08997 0.815547
1432.37000 0.814945
1432.64001 0.814345
1432.92004 0.813742
1433.18994 0.813244
1433.46997 0.812788
1433.75000 0.812334
1434.02002 0.811864
1434.30005 0.81126
1434.57996 0.810657
1434.84998 0.810054
1435.13000 0.809517
1435.41003 0.80906
1435.68005 0.808603
1435.95996 0.808145
1436.23999 0.807557
1436.52002 0.806951
1436.79004 0.806345
1437.06995 0.805736
1437.34998 0.80513
1437.63000 0.804521
1437.90002 0.803914
1438.18005 0.8034
1438.45996 0.80294
1438.72998 0.802479
1439.01001 0.802009
1439.29004 0.801398
1439.56995 0.800788
1439.84998 0.800176
1440.12000 0.799627
1440.40002 0.799156
1440.68005 0.798685
1440.95996 0.798213
1441.23999 0.797611
1441.52002 0.796991
1441.79004 0.796371
1442.06995 0.795785
1442.34998 0.795311
1442.63000 0.794837
1442.91003 0.794363
1443.18005 0.793789
1443.45996 0.793166
1443.73999 0.792542
1444.02002 0.791916
1444.30005 0.79129
1444.57996 0.790663
1444.85999 0.790038
1445.14001 0.789484
1445.41003 0.789007
1445.68994 0.78853
1445.96997 0.788051
1446.25000 0.787438
1446.53003 0.786809
1446.81006 0.786182
1447.08997 0.785598
1447.37000 0.785119
1447.65002 0.784639
1447.93005 0.78416
1448.20996 0.783567
1448.48999 0.782938
1448.77002 0.782303
1449.05005 0.781673
1449.32996 0.78104
1449.60999 0.780408
1449.88000 0.779774
1450.16003 0.779224
1450.43994 0.778733
1450.71997 0.77824
1451.00000 0.777745
1451.28003 0.7771
1451.56006 0.776457
1451.83997 0.775811
1452.12000 0.775232
1452.40002 0.774738
1452.68005 0.774244
1452.95996 0.773747
1453.23999 0.77312
1453.53003 0.772473
1453.81006 0.771824
1454.08997 0.771225
1454.37000 0.770727
1454.65002 0.770231
1454.93005 0.769732
1455.20996 0.769122
1455.48999 0.768474
1455.77002 0.767824
1456.05005 0.7672
1456.32996 0.766702
1456.62000 0.766201
1456.90002 0.765701
1457.18005 0.765105
1457.45996 0.764454
1457.73999 0.763801
1458.02002 0.763161
1458.30005 0.762658
1458.57996 0.762157
1458.87000 0.761655
1459.15002 0.761074
1459.43005 0.760418
1459.70996 0.759764
1459.98999 0.759108
1460.27002 0.758591
1460.56006 0.758077
1460.83997 0.757561
1461.12000 0.756982
1461.40002 0.756316
1461.68005 0.755645
1461.96997 0.754978
1462.25000 0.754445
1462.53003 0.753929
1462.81006 0.753412
1463.09998 0.752843
1463.38000 0.752174
1463.66003 0.751503
1463.93994 0.750833
1464.21997 0.750164
1464.51001 0.749491
1464.79004 0.748819
1465.06995 0.748187
1465.34998 0.747668
1465.64001 0.747148
1465.92004 0.746626
1466.19995 0.745996
1466.48999 0.745324
1466.77002 0.744647
1467.05005 0.744002
1467.33997 0.743481
1467.62000 0.74296
1467.90002 0.742435
1468.18994 0.741813
1468.46997 0.741138
1468.75000 0.74046
1469.04004 0.739803
1469.31995 0.73928
1469.59998 0.738755
1469.89001 0.73823
1470.17004 0.737607
1470.44995 0.736916
1470.73999 0.736225
1471.02002 0.735547
1471.31006 0.73501
1471.58997 0.734473
1471.87000 0.733934
1472.16003 0.733311
1472.43994 0.732619
1472.72998 0.731926
1473.01001 0.731237
1473.29004 0.730698
1473.57996 0.730159
1473.85999 0.729619
1474.15002 0.729
1474.43005 0.728306
1474.71997 0.727609
1475.00000 0.726912
1475.29004 0.726371
1475.56995 0.725829
1475.85999 0.725287
1476.14001 0.72467
1476.42004 0.723973
1476.70996 0.723277
1476.98999 0.722576
1477.28003 0.722031
1477.56995 0.721486
1477.84998 0.720941
1478.13000 0.720323
1478.42004 0.719625
1478.70996 0.718924
1478.98999 0.718224
1479.28003 0.717675
1479.56006 0.717128
1479.84998 0.716581
1480.13000 0.716027
1480.42004 0.715469
1480.69995 0.714911
1480.98999 0.71435
1481.28003 0.713641
1481.56006 0.712926
1481.84998 0.712207
1482.13000 0.711564
1482.42004 0.711002
1482.70996 0.710442
1482.98999 0.709879
1483.28003 0.709166
1483.56006 0.708449
1483.84998 0.707732
1484.14001 0.707087
1484.42004 0.706523
1484.70996 0.705959
1485.00000 0.705396
1485.28003 0.704676
1485.56995 0.703957
1485.85999 0.703235
1486.14001 0.702593
1486.43005 0.702029
1486.71997 0.701463
1487.00000 0.700894
1487.29004 0.70017
1487.57996 0.699449
1487.87000 0.698727
1488.15002 0.698086
1488.43994 0.697519
1488.72998 0.696953
1489.01001 0.696384
1489.30005 0.695815
1489.58997 0.695246
1489.88000 0.69468
1490.16003 0.694013
1490.44995 0.693273
1490.73999 0.692532
1491.03003 0.691808
1491.31006 0.691224
1491.59998 0.690639
1491.89001 0.690054
1492.18005 0.689373
1492.46997 0.688631
1492.75000 0.687889
1493.04004 0.687169
1493.32996 0.686584
1493.62000 0.685999
1493.91003 0.685412
1494.19995 0.684719
1494.47998 0.683976
1494.77002 0.683233
1495.06006 0.68252
1495.34998 0.681933
1495.64001 0.681345
1495.93005 0.680757
1496.20996 0.680051
1496.50000 0.679304
1496.79004 0.678556
1497.07996 0.677855
1497.37000 0.677267
1497.66003 0.676676
1497.94995 0.676086
1498.23999 0.675496
1498.53003 0.674907
1498.81995 0.674315
1499.10999 0.673666
1499.39001 0.672918
1499.68005 0.67217
1499.96997 0.671418
1500.26001 0.670801
1500.55005 0.670197
1500.83997 0.66959
1501.13000 0.668912
1501.42004 0.668146
1501.70996 0.667383
1502.00000 0.666619
1502.29004 0.666011
1502.57996 0.665405
1502.87000 0.664797
1503.16003 0.664188
1503.44995 0.663581
1503.73999 0.662972
1504.03003 0.662348
1504.31995 0.66158
1504.60999 0.660814
1504.90002 0.660047
1505.18994 0.659383
1505.47998 0.658774
1505.77002 0.658163
1506.06006 0.657552
1506.35999 0.656942
1506.65002 0.656332
1506.93994 0.655722
1507.22998 0.654985
1507.52002 0.654217
1507.81006 0.653447
1508.09998 0.652729
1508.39001 0.652117
1508.68005 0.651504
1508.96997 0.650892
1509.26001 0.650135
1509.56006 0.649362
1509.84998 0.648591
1510.14001 0.647889
1510.43005 0.647264
1510.71997 0.646639
1511.01001 0.646016
1511.31006 0.645388
1511.59998 0.644764
1511.89001 0.64414
1512.18005 0.643415
1512.46997 0.642631
1512.76001 0.641846
1513.06006 0.64109
1513.34998 0.640462
1513.64001 0.639835
1513.93005 0.639209
1514.21997 0.638582
1514.52002 0.637954
1514.81006 0.637328
1515.09998 0.636646
1515.39001 0.635857
1515.68994 0.635068
1515.97998 0.63428
1516.27002 0.63364
1516.56006 0.633011
1516.85999 0.63238
1517.15002 0.631671
1517.43994 0.630882
1517.72998 0.630091
1518.03003 0.629315
1518.31995 0.628683
1518.60999 0.628052
1518.91003 0.627422
1519.19995 0.626792
1519.48999 0.62616
1519.79004 0.62553
1520.07996 0.624854
1520.37000 0.624053
1520.67004 0.623252
1520.95996 0.622453
1521.25000 0.621792
1521.55005 0.621151
1521.83997 0.62051
1522.13000 0.61987
1522.43005 0.61923
1522.71997 0.618589
1523.02002 0.617938
1523.31006 0.617137
1523.59998 0.616336
1523.90002 0.61553
1524.18994 0.614833
1524.48999 0.614192
1524.78003 0.613551
1525.06995 0.612907
1525.37000 0.612265
1525.66003 0.61162
1525.95996 0.610978
1526.25000 0.610197
1526.55005 0.609393
1526.83997 0.608587
1527.14001 0.607855
1527.43005 0.607212
1527.71997 0.606566
1528.02002 0.605921
1528.31995 0.605277
1528.60999 0.604633
1528.90002 0.603987
1529.19995 0.603231
1529.48999 0.602424
1529.79004 0.601618
1530.08997 0.600855
1530.38000 0.600203
1530.68005 0.599553
1530.96997 0.598901
1531.27002 0.598251
1531.56006 0.5976
1531.85999 0.596949
1532.15002 0.596297
1532.44995 0.595644
1532.73999 0.594992
1533.04004 0.594314
1533.33997 0.5935
1533.63000 0.592687
1533.93005 0.591873
1534.21997 0.591179
1534.52002 0.590525
1534.81995 0.589873
1535.10999 0.589218
1535.41003 0.588563
1535.70996 0.587909
1536.00000 0.587254
1536.30005 0.586436
1536.59998 0.58562
1536.89001 0.584804
1537.18994 0.584088
1537.47998 0.583432
1537.78003 0.582777
1538.07996 0.582121
1538.38000 0.581464
1538.67004 0.580808
1538.96997 0.580152
1539.27002 0.579497
1539.56006 0.578839
1539.85999 0.578181
1540.16003 0.577435
1540.45996 0.576613
1540.75000 0.575793
1541.05005 0.574999
1541.34998 0.574339
1541.64001 0.57368
1541.93994 0.573022
1542.23999 0.572361
1542.54004 0.5717
1542.83997 0.57104
1543.13000 0.570308
1543.43005 0.569484
1543.72998 0.568659
1544.03003 0.56785
1544.31995 0.56719
1544.62000 0.566527
1544.92004 0.565867
1545.21997 0.565204
1545.52002 0.564539
1545.81995 0.563878
1546.10999 0.563217
1546.41003 0.562553
1546.70996 0.561893
1547.01001 0.561225
1547.31006 0.560399
1547.60999 0.559569
1547.90002 0.558744
1548.19995 0.558029
1548.50000 0.557364
1548.80005 0.556699
1549.09998 0.556036
1549.40002 0.555372
1549.69995 0.554706
1550.00000 0.55404
1550.30005 0.553356
1550.59998 0.552671
1550.89001 0.551983
1551.18994 0.551189
1551.48999 0.55034
1551.79004 0.549491
1552.08997 0.548689
1552.39001 0.548003
1552.68994 0.547315
1552.98999 0.546629
1553.29004 0.545941
1553.58997 0.545254
1553.89001 0.544567
1554.18994 0.543856
1554.48999 0.543136
1554.79004 0.542416
1555.08997 0.541693
1555.39001 0.540973
1555.68994 0.540252
1555.98999 0.53953
1556.29004 0.538807
1556.58997 0.538087
1556.89001 0.537366
1557.18994 0.536643
1557.48999 0.535922
1557.79004 0.535199
1558.08997 0.534482
1558.39001 0.533776
1558.68994 0.53307
1558.98999 0.532365
1559.30005 0.531642
1559.59998 0.530918
1559.90002 0.530196
1560.19995 0.529474
1560.50000 0.528755
1560.80005 0.528037
1561.09998 0.527318
1561.40002 0.526598
1561.70996 0.525878
1562.01001 0.52516
1562.31006 0.524441
1562.60999 0.52372
1562.91003 0.522999
1563.20996 0.52228
1563.52002 0.521559
1563.81995 0.52084
1564.12000 0.520127
1564.42004 0.519424
1564.71997 0.518718
1565.03003 0.518012
1565.32996 0.51729
1565.63000 0.51657
1565.93005 0.515847
1566.22998 0.515127
1566.54004 0.514407
1566.83997 0.513684
1567.14001 0.512961
1567.43994 0.51224
1567.73999 0.511519
1568.05005 0.510794
1568.34998 0.510073
1568.65002 0.509352
1568.95996 0.508628
1569.26001 0.507906
1569.56006 0.507184
1569.87000 0.506458
1570.17004 0.505749
1570.46997 0.505049
1570.77002 0.504351
1571.07996 0.503645
1571.38000 0.50293
1571.68005 0.502215
1571.98999 0.501497
1572.29004 0.500781
1572.58997 0.500063
1572.90002 0.499345
1573.19995 0.498629
1573.50000 0.49791
1573.81006 0.497194
1574.10999 0.496477
1574.41003 0.495759
1574.71997 0.495041
1575.02002 0.494323
1575.32996 0.493641
1575.63000 0.492955
1575.93005 0.492268
1576.23999 0.491568
1576.54004 0.490869
1576.84998 0.490166
1577.15002 0.489462
1577.44995 0.488763
1577.76001 0.488057
1578.06995 0.487357
1578.37000 0.486671
1578.67004 0.485984
1578.97998 0.485298
1579.28003 0.484596
1579.58997 0.483892
1579.89001 0.483189
1580.19995 0.482501
1580.50000 0.481825
1580.81006 0.481145
1581.10999 0.480462
1581.42004 0.479766
1581.71997 0.479072
1582.03003 0.478376
1582.32996 0.477681
1582.64001 0.476987
1582.94995 0.476288
1583.25000 0.475607
1583.56006 0.474927
1583.85999 0.474246
1584.17004 0.473558
