threeML/data/optical_filters/HST/ACS_HRC-F892N.ecsv
# %ECSV 0.9
# ---
# datatype:
# - {name: wavelength, unit: Angstrom, datatype: float32}
# - {name: response, datatype: float32}
# meta: !!omap
# - {band_name: F892N}
# - {group_name: ACS_HRC}
wavelength response
7905.86963 0.0
8784.29980 0.00702218
8785.59961 0.00759069
8786.90039 0.00826634
8788.20020 0.00894666
8789.50000 0.00962295
8790.80957 0.0104544
8792.11035 0.0113715
8793.41016 0.0122894
8794.70996 0.0132137
8796.01953 0.0145848
8797.32031 0.0160778
8798.62988 0.0175812
8799.92969 0.0190745
8801.23047 0.021021
8802.53027 0.0229959
8803.83984 0.024971
8805.15039 0.0271137
8806.45020 0.0305898
8807.75000 0.0340685
8809.05957 0.0375472
8810.37012 0.0413146
8811.66992 0.0458086
8812.98047 0.0503329
8814.28027 0.0548274
8815.58984 0.0608123
8816.90039 0.0686339
8818.20020 0.0763976
8819.50977 0.0842254
8820.82031 0.0940861
8822.12012 0.105238
8823.42969 0.116391
8824.74023 0.127543
8826.04004 0.158548
8827.34961 0.19479
8828.66016 0.23079
8829.96973 0.266926
8831.28027 0.297588
8832.58008 0.328084
8833.90039 0.358718
8835.20020 0.389747
8836.50977 0.424274
8837.82031 0.458804
8839.12988 0.493355
8840.44043 0.534365
8841.75000 0.58876
8843.07031 0.642948
8844.37012 0.696938
8845.69043 0.738086
8846.99023 0.766912
8848.30957 0.79595
8849.62012 0.824774
8850.92969 0.850243
8852.24023 0.874256
8853.54980 0.898289
8854.86035 0.922225
8856.17969 0.914652
8857.49023 0.903404
8858.79980 0.892103
8860.11035 0.881827
8861.41992 0.88254
8862.74023 0.883252
8864.04980 0.883964
8865.37012 0.884043
8866.67969 0.882495
8868.00000 0.880944
8869.30957 0.879397
8870.62012 0.872483
8871.92969 0.859666
8873.25000 0.846816
8874.57031 0.833907
8875.87988 0.829013
8877.20020 0.827988
8878.50977 0.826973
8879.83008 0.825951
8881.15039 0.839747
8882.45996 0.855769
8883.76953 0.871729
8885.08984 0.886453
8886.41016 0.883497
8887.71973 0.88053
8889.04980 0.877551
8890.36035 0.881375
8891.67969 0.903346
8893.00000 0.925172
8894.30957 0.947069
8895.62988 0.956781
8896.95020 0.95325
8898.25977 0.949727
8899.58984 0.946181
8900.91016 0.947886
8902.21973 0.951944
8903.54980 0.956044
8904.86035 0.960104
8906.19043 0.960608
8907.50000 0.960688
8908.82031 0.960777
8910.13965 0.962127
8911.45996 0.973977
8912.78027 0.985785
8914.09961 0.997687
8915.42969 1.0
8916.74023 0.982383
8918.07031 0.964617
8919.38965 0.946988
8920.71973 0.946133
8922.03027 0.95966
8923.34961 0.973231
8924.67969 0.986806
8926.00000 0.981425
8927.32031 0.969921
8928.65039 0.958415
8929.96973 0.94691
8931.29004 0.946248
8932.62012 0.945835
8933.94043 0.945424
8935.26953 0.946085
8936.58984 0.950996
8937.91016 0.955928
8939.24023 0.96087
8940.55957 0.960229
8941.88965 0.952028
8943.20996 0.943823
8944.53027 0.935654
8945.86035 0.934113
8947.19043 0.936207
8948.50977 0.938286
8949.83984 0.940382
8951.16016 0.943274
8952.49023 0.94629
8953.82031 0.949302
8955.15039 0.951043
8956.46973 0.942336
8957.79980 0.933638
8959.12988 0.924933
8960.45020 0.919953
8961.78027 0.922131
8963.11035 0.924291
8964.44043 0.926464
8965.76953 0.931142
8967.08984 0.937684
8968.41992 0.944219
8969.75000 0.950756
8971.08008 0.95414
8972.41016 0.956824
8973.74023 0.959496
8975.07031 0.961907
8976.40039 0.95968
8977.73047 0.957469
8979.05957 0.95524
8980.38965 0.943812
8981.71973 0.910196
8983.04980 0.876564
8984.38965 0.842962
8985.71973 0.800027
8987.04980 0.749104
8988.37988 0.698194
8989.70996 0.647479
8991.04980 0.594573
8992.37012 0.54157
8993.70996 0.48838
8995.04004 0.435451
8996.37012 0.390538
8997.70996 0.345437
8999.04004 0.300675
9000.37988 0.259874
9001.70996 0.229612
9003.04004 0.199355
9004.37012 0.169193
9005.70996 0.146598
9007.04004 0.130965
9008.37988 0.115277
9009.70996 0.0995923
9011.04980 0.0876112
9012.38965 0.0766097
9013.71973 0.065693
9015.05957 0.0549955
9016.38965 0.0500623
9017.73047 0.0451273
9019.05957 0.0402123
9020.40039 0.0356417
9021.74023 0.0319801
9023.07031 0.0283061
9024.41992 0.0246171
9025.75000 0.0220081
9027.08984 0.0202094
9028.41992 0.0184244
9029.75977 0.0166319
9031.09961 0.0152032
9032.44043 0.0138518
9033.76953 0.012506
9035.12012 0.0112023
9036.45020 0.010443
9037.79004 0.00968184
9039.12988 0.00892039
9040.46973 0.00822665
9041.80957 0.00765717
9043.15039 0.00708821
9947.46582 0.0
