threeML/data/optical_filters/HST/ACS_WFC-F555W_77.ecsv
# %ECSV 0.9
# ---
# datatype:
# - {name: wavelength, unit: Angstrom, datatype: float32}
# - {name: response, datatype: float32}
# meta: !!omap
# - {band_name: F555W_77}
# - {group_name: ACS_WFC}
wavelength response
4088.94312 0.0
4543.27002 0.00218664
4543.77002 0.00221501
4544.27002 0.00224339
4544.77979 0.00227191
4545.27979 0.00230044
4545.77979 0.00232869
4546.27979 0.00235712
4546.79004 0.00238566
4547.29004 0.00241409
4547.79004 0.00244239
4548.29004 0.00247094
4548.79004 0.00249939
4549.29980 0.00252785
4549.79980 0.00255646
4550.29980 0.00258469
4550.81006 0.00261315
4551.31006 0.00264148
4551.81006 0.0026698
4552.31006 0.00269814
4552.81006 0.00272648
4553.31982 0.00275496
4553.81982 0.00278331
4554.31982 0.00281165
4554.83008 0.00284
4555.33008 0.00286851
4555.83008 0.00289686
4556.33008 0.0029251
4556.83984 0.00295362
4557.33984 0.002982
4557.85010 0.00301035
4558.35010 0.0030389
4558.85010 0.00306714
4559.35010 0.00309553
4559.85986 0.00312408
4560.37012 0.00323489
4560.87012 0.00337661
4561.37012 0.00351752
4561.87988 0.00365997
4562.37988 0.00380178
4562.87988 0.00394374
4563.39014 0.0040856
4563.89014 0.00422818
4564.39990 0.00437024
4564.89990 0.00451218
4565.39990 0.00465429
4565.91016 0.00479643
4566.41016 0.00493847
4566.91992 0.0050815
4567.41992 0.00522373
4567.91992 0.00536529
4568.43018 0.00550827
4568.93994 0.00565141
4569.43994 0.00579376
4569.93994 0.00593559
4570.45020 0.00607853
4570.95020 0.00622076
4571.45996 0.006363
4571.95996 0.00650594
4572.47021 0.0066482
4572.97021 0.00679061
4573.47998 0.00693291
4573.97998 0.00707606
4574.49023 0.00721851
4574.99023 0.00736015
4575.50000 0.00750346
4576.00977 0.00764597
4576.50977 0.00778847
4577.02002 0.007931
4577.52002 0.00807354
4578.02979 0.00821692
4578.52979 0.00835964
4579.04004 0.00850305
4579.54004 0.00864494
4580.04980 0.00878875
4580.56006 0.00894367
4581.06006 0.00909696
4581.56982 0.00925174
4582.06982 0.00940579
4582.58008 0.00956076
4583.08984 0.00971499
4583.58984 0.00986834
4584.10010 0.0100233
4584.60010 0.0101776
4585.10986 0.010332
4585.62012 0.0104871
4586.12012 0.0106406
4586.62988 0.0107951
4587.12988 0.0109494
4587.64014 0.0111046
4588.14990 0.0112598
4588.66016 0.0114136
4589.16016 0.0115689
4589.66992 0.0117234
4590.18018 0.0118925
4590.68994 0.0120898
4591.18994 0.012286
4591.70020 0.0124825
4592.20996 0.012679
4592.70996 0.0128755
4593.22021 0.013073
4593.72998 0.0132687
4594.24023 0.0134663
4594.74023 0.0136621
4595.25000 0.0138599
4595.75977 0.0140558
4596.27002 0.0142537
4596.77002 0.0144506
4597.27979 0.0146476
4597.79004 0.0148457
4598.29980 0.015043
4598.79980 0.0152403
4599.31006 0.0154384
4599.81982 0.0156369
4600.33008 0.0158812
4600.83984 0.0161529
4601.35010 0.0164259
4601.85010 0.0166977
4602.35986 0.0169681
4602.87012 0.0172412
4603.37988 0.0175131
4603.89014 0.0177852
4604.39014 0.0180559
4604.89990 0.0183294
4605.41016 0.0186014
4605.91992 0.0188737
4606.43018 0.0191473
4606.93994 0.019421
4607.45020 0.0196921
4607.95020 0.0199648
4608.47021 0.0202399
4608.97021 0.0205114
4609.47998 0.020784
4609.99023 0.0210582
4610.50000 0.0213997
4611.00977 0.0217405
4611.52002 0.0220845
4612.02979 0.0224269
4612.54004 0.0227697
4613.04004 0.0231106
4613.56006 0.0234551
4614.06006 0.0237976
4614.56982 0.0241405
4615.08984 0.0244851
4615.60010 0.0248297
4616.10010 0.025171
4616.60986 0.0255143
4617.12988 0.0258589
4617.64014 0.0262023
4618.14990 0.026547
4618.66016 0.0268905
4619.16992 0.0272339
4619.68018 0.0275773
4620.18994 0.027961
4620.70020 0.0284145
4621.20996 0.0288681
4621.72021 0.0293222
4622.22998 0.0297759
4622.74023 0.0302324
4623.25000 0.0306843
4623.75977 0.0311414
4624.27002 0.0315955
4624.77979 0.0320506
4625.29004 0.0325054
4625.79980 0.0329625
4626.31006 0.0334179
4626.83008 0.0338751
4627.33984 0.0343329
4627.85010 0.0347864
4628.35986 0.0352422
4628.87012 0.0357003
4629.37988 0.0361563
4629.89014 0.0366102
4630.39990 0.0371498
4630.91016 0.0377154
4631.43018 0.0382785
4631.93994 0.0388383
4632.45020 0.0394041
4632.95996 0.0399672
4633.47021 0.0405305
4633.97998 0.041097
4634.50000 0.0416603
4635.00977 0.0422237
4635.52002 0.0427877
4636.04004 0.043357
4636.54004 0.0439179
4637.06006 0.044482
4637.56982 0.0450489
4638.08008 0.0456131
4638.58984 0.0461747
4639.10010 0.0467395
4639.62012 0.0473066
4640.12988 0.0479103
4640.64014 0.0486237
4641.14990 0.0493447
4641.66992 0.0500624
4642.18018 0.0507802
4642.68994 0.0515022
4643.20996 0.0522236
4643.72021 0.0529383
4644.22998 0.0536572
4644.74023 0.054379
4645.25977 0.0550981
4645.77002 0.0558207
4646.29004 0.05654
4646.79980 0.0572593
4647.31006 0.0579788
4647.81982 0.0586991
4648.33984 0.0594188
4648.85010 0.0601393
4649.35986 0.0608592
4649.87988 0.0615834
4650.39014 0.0624312
4650.89990 0.0633145
4651.41992 0.0642064
4651.93018 0.0650942
4652.43994 0.065983
4652.95996 0.0668711
4653.47021 0.0677643
4653.99023 0.0686534
4654.50000 0.0695419
4655.02002 0.0704408
4655.52979 0.0713261
4656.04980 0.0722158
4656.56006 0.0731057
4657.06982 0.0740008
4657.58984 0.0748867
4658.10010 0.075777
4658.62012 0.0766726
4659.12988 0.0775641
4659.64014 0.0784514
4660.16016 0.0793918
4660.66992 0.0804277
4661.18994 0.0814646
4661.70020 0.0825057
4662.22021 0.083543
4662.72998 0.0845805
4663.25000 0.0856172
4663.77002 0.0866611
4664.27979 0.0876991
4664.79980 0.0887374
4665.31006 0.0897759
4665.83008 0.0908205
4666.33984 0.0918545
4666.85010 0.0928935
4667.37012 0.0939386
4667.89014 0.0949789
4668.39990 0.0960195
4668.91992 0.0970603
4669.43018 0.0981013
4669.95020 0.0991435
4670.47021 0.100292
4670.97998 0.101453
4671.50000 0.102602
4672.00977 0.103758
4672.52979 0.10492
4673.04980 0.106077
4673.56006 0.107233
4674.08008 0.108391
4674.60010 0.109553
4675.10986 0.110712
4675.62988 0.111869
4676.14014 0.113028
4676.66016 0.114186
4677.18018 0.115345
4677.68994 0.11651
4678.20996 0.117664
4678.72021 0.118823
4679.24023 0.119989
4679.75977 0.121149
4680.27002 0.122412
4680.79004 0.123765
4681.31006 0.125127
4681.83008 0.126482
4682.33984 0.127836
4682.85986 0.129191
4683.37988 0.130553
4683.89990 0.131909
4684.41016 0.133265
4684.93018 0.134629
4685.45020 0.135979
4685.97021 0.137337
4686.47998 0.138701
4687.00000 0.140059
4687.52002 0.141411
4688.02979 0.14277
4688.54980 0.144135
4689.06982 0.145495
4689.58984 0.146862
4690.10986 0.148334
4690.62988 0.150224
4691.14014 0.152116
4691.66016 0.154016
4692.18018 0.15591
4692.70020 0.157802
4693.22021 0.159696
4693.74023 0.1616
4694.25000 0.163484
4694.77002 0.165379
4695.29004 0.167284
4695.81006 0.169179
4696.33008 0.171077
4696.83984 0.172965
4697.35986 0.174871
4697.87988 0.17677
4698.39990 0.178669
4698.93018 0.180586
4699.43994 0.182477
4699.95996 0.184377
4700.47998 0.185977
4701.00000 0.187546
4701.52002 0.189114
4702.04004 0.190683
4702.56006 0.19226
4703.08008 0.193829
4703.60010 0.195399
4704.10986 0.19697
4704.62988 0.198541
4705.14990 0.200114
4705.66992 0.201686
4706.18994 0.203258
4706.70996 0.204832
4707.22998 0.206406
4707.75000 0.207988
4708.27002 0.209563
4708.79004 0.211138
4709.31006 0.212721
4709.83008 0.214298
4710.35010 0.215896
4710.87012 0.217505
4711.39990 0.219121
4711.91992 0.220731
4712.43994 0.222341
4712.95996 0.223958
4713.47998 0.225561
4714.00000 0.227172
4714.52002 0.228783
4715.04004 0.230402
4715.56006 0.232004
4716.08008 0.233616
4716.60010 0.235236
4717.12012 0.236848
4717.64014 0.23845
4718.16016 0.240079
4718.68994 0.241693
4719.20996 0.243305
4719.72998 0.244919
4720.25000 0.246594
4720.77002 0.248323
4721.29004 0.250052
4721.81006 0.25179
4722.33008 0.253512
4722.85010 0.255244
4723.37988 0.256975
4723.89990 0.258716
4724.41992 0.260448
4724.93994 0.262173
4725.45996 0.263915
4725.97998 0.265649
4726.50977 0.267383
4727.02979 0.269117
4727.54980 0.270862
4728.06982 0.272597
4728.60010 0.274335
4729.12012 0.276081
4729.64014 0.277817
4730.16016 0.279508
4730.68994 0.281104
4731.20996 0.282692
4731.72998 0.284279
4732.25000 0.28586
4732.77979 0.287458
4733.29980 0.289047
4733.81982 0.290637
4734.33984 0.292228
4734.87012 0.293818
4735.39014 0.29541
4735.91016 0.297009
4736.43994 0.298602
4736.95996 0.300194
4737.47998 0.301788
4738.00977 0.303389
4738.52979 0.304983
4739.04980 0.306576
4739.58008 0.30818
4740.10010 0.309801
4740.62012 0.311533
4741.14990 0.313257
4741.66992 0.314999
4742.18994 0.316732
4742.72021 0.318465
4743.24023 0.320209
4743.77002 0.321933
4744.29004 0.323668
4744.81006 0.325412
4745.33984 0.327146
4745.85986 0.328873
4746.39014 0.330618
4746.91016 0.332363
4747.43994 0.3341
4747.95996 0.335836
4748.49023 0.337582
4749.00977 0.33932
4749.52979 0.341059
4750.06006 0.342816
4750.58008 0.34473
4751.10986 0.346643
4751.62988 0.348559
4752.16016 0.350483
4752.68018 0.352399
4753.20020 0.354307
4753.72998 0.356233
4754.25977 0.358152
4754.77979 0.36007
4755.31006 0.361991
4755.83008 0.363921
4756.35986 0.365842
4756.87988 0.367764
4757.41016 0.369695
4757.93994 0.371617
4758.45996 0.37354
4758.97998 0.375466
4759.50977 0.3774
4760.04004 0.379302
4760.56006 0.380907
4761.08984 0.382527
4761.60986 0.384141
4762.14014 0.385754
4762.66992 0.387376
4763.18994 0.388983
4763.72021 0.390597
4764.24023 0.39222
4764.77002 0.393835
4765.29980 0.395451
4765.81982 0.397068
4766.35010 0.398692
4766.87012 0.400301
4767.39990 0.401927
4767.93018 0.403544
4768.45996 0.405171
4768.97998 0.406791
4769.50977 0.408401
4770.04004 0.41005
4770.56006 0.411984
4771.08984 0.413919
4771.62012 0.415866
4772.14014 0.417793
4772.66992 0.419729
4773.20020 0.421677
4773.72021 0.423616
4774.25000 0.425547
4774.77979 0.427496
4775.31006 0.429448
4775.83008 0.431389
4776.35986 0.433331
4776.89014 0.435283
4777.41992 0.437226
4777.93994 0.43917
4778.47021 0.441116
4779.00000 0.443061
4779.52979 0.445007
4780.06006 0.446952
4780.58984 0.448889
4781.10986 0.450807
4781.64014 0.452745
4782.16992 0.454672
4782.68994 0.456602
4783.22021 0.458532
4783.75000 0.460462
4784.27979 0.4624
4784.81006 0.464333
4785.33984 0.466263
4785.87012 0.468206
4786.39014 0.470128
4786.91992 0.47207
4787.45020 0.474005
4787.97998 0.475947
4788.50977 0.477884
4789.04004 0.479808
4789.56982 0.481753
4790.10010 0.48369
4790.62988 0.485634
4791.16016 0.487588
4791.68018 0.489522
4792.20996 0.491467
4792.74023 0.493413
4793.27002 0.49537
4793.79980 0.497317
4794.33008 0.499265
4794.85986 0.501222
4795.39014 0.503161
4795.91992 0.505119
4796.45020 0.507069
4796.97998 0.509028
4797.50977 0.510978
4798.04004 0.51292
4798.56982 0.514882
4799.10010 0.516834
4799.62988 0.518788
4800.16016 0.520633
4800.68994 0.52219
4801.22021 0.523756
4801.75000 0.525322
4802.27979 0.526897
4802.81006 0.528457
4803.33984 0.530033
4803.87012 0.53161
4804.39990 0.533178
4804.93018 0.534747
4805.47021 0.536326
4806.00000 0.537897
4806.52979 0.539468
4807.06006 0.541032
4807.58984 0.54261
4808.12012 0.544184
4808.64990 0.545757
4809.18018 0.54734
4809.70996 0.548906
4810.24023 0.550606
4810.77002 0.552426
4811.31006 0.554266
4811.83008 0.556089
4812.37012 0.557931
4812.89990 0.559772
4813.43018 0.561605
4813.95996 0.563439
4814.50000 0.565285
4815.02002 0.56711
4815.56006 0.568956
4816.08984 0.570792
4816.62012 0.572631
4817.16016 0.574478
4817.68994 0.576307
4818.22021 0.578155
4818.75000 0.579995
4819.27979 0.581835
4819.81006 0.583668
4820.35010 0.585358
4820.87988 0.586958
4821.41016 0.588556
4821.93994 0.590163
4822.47998 0.591757
4823.00977 0.593365
4823.54004 0.594974
4824.06982 0.596569
4824.60986 0.598179
4825.14014 0.599781
4825.68018 0.601393
4826.20996 0.602998
4826.74023 0.604596
4827.27002 0.60621
4827.81006 0.607816
4828.33984 0.609422
4828.87012 0.611021
4829.41016 0.612637
4829.93994 0.614245
4830.47021 0.615818
4831.00977 0.617393
4831.54004 0.618952
4832.06982 0.620527
4832.60986 0.622105
4833.14014 0.623674
4833.68018 0.625243
4834.20996 0.626805
4834.75000 0.628393
4835.27979 0.629964
4835.81006 0.63153
4836.35010 0.63311
4836.87988 0.634692
4837.41016 0.636256
4837.95020 0.63783
4838.47998 0.639407
4839.02002 0.640991
4839.54980 0.64256
4840.08984 0.644073
4840.62012 0.645194
4841.14990 0.646325
4841.68994 0.647457
4842.22998 0.648584
4842.75977 0.649712
4843.29004 0.650834
4843.83008 0.651967
4844.37012 0.653101
4844.89990 0.654229
4845.43994 0.655358
4845.97021 0.656492
4846.50000 0.657616
4847.04004 0.658745
4847.58008 0.65988
4848.10986 0.661011
4848.64014 0.662136
4849.18018 0.663273
4849.72021 0.664405
4850.25000 0.665702
4850.79004 0.667196
4851.31982 0.668676
4851.85986 0.670171
4852.39014 0.671651
4852.93018 0.673147
4853.47021 0.674642
4854.00977 0.67613
4854.54004 0.677625
4855.08008 0.679114
4855.60986 0.680596
4856.14990 0.682094
4856.68994 0.683585
4857.22021 0.685076
4857.75977 0.68656
4858.29980 0.68806
4858.83008 0.689552
4859.37012 0.691044
4859.91016 0.692543
4860.43994 0.693366
4860.97998 0.694055
4861.52002 0.694741
4862.04980 0.695426
4862.58984 0.696116
4863.12012 0.696799
4863.66992 0.697492
4864.20020 0.698179
4864.74023 0.698863
4865.27979 0.699553
4865.81982 0.700244
4866.35010 0.700929
4866.89014 0.701614
4867.43018 0.702306
4867.97021 0.702998
4868.50000 0.703684
4869.04004 0.704377
4869.56982 0.705063
4870.10986 0.705788
4870.64990 0.706632
4871.18994 0.707472
4871.72998 0.708312
4872.25977 0.709148
4872.79980 0.709993
4873.33984 0.710838
4873.87988 0.71168
4874.41992 0.712521
4874.95996 0.713367
4875.50000 0.714205
4876.02979 0.715048
4876.56982 0.71589
4877.10986 0.716736
4877.64990 0.717574
4878.18994 0.718421
4878.72998 0.719265
4879.27002 0.720109
4879.81006 0.720957
4880.33984 0.721774
4880.87988 0.722586
4881.41992 0.723389
4881.95996 0.7242
4882.50000 0.725014
4883.04004 0.72582
4883.58008 0.726632
4884.12012 0.727445
4884.66016 0.72825
4885.20020 0.729064
4885.74023 0.729874
4886.27979 0.730685
4886.81006 0.731492
4887.35986 0.732306
4887.89990 0.733121
4888.43994 0.733928
4888.97998 0.734743
4889.50977 0.735551
4890.06006 0.736345
4890.60010 0.736938
4891.14014 0.737531
4891.68018 0.738128
4892.22021 0.738719
4892.75977 0.739317
4893.29980 0.739915
4893.83984 0.740506
4894.37988 0.741105
4894.91992 0.741703
4895.45996 0.742296
4896.00000 0.742888
4896.54004 0.743486
4897.08008 0.744085
4897.62012 0.744679
4898.16016 0.74528
4898.70020 0.745874
4899.25000 0.746474
4899.77979 0.747068
4900.33008 0.74761
4900.87012 0.748108
4901.41016 0.748602
4901.95020 0.749101
4902.50000 0.7496
4903.02979 0.750094
4903.58008 0.750595
4904.12012 0.751095
4904.66016 0.75159
4905.20020 0.752089
4905.74023 0.752587
4906.29004 0.753088
4906.83008 0.753584
4907.37012 0.754084
4907.91016 0.754579
4908.45020 0.755081
4908.99023 0.755578
4909.54004 0.756079
4910.08008 0.756594
4910.62012 0.75718
4911.16016 0.757772
4911.70996 0.758364
4912.25000 0.758952
4912.79004 0.759545
4913.33984 0.760138
4913.87988 0.760726
4914.41992 0.761319
4914.97021 0.76191
4915.50977 0.7625
4916.04980 0.763088
4916.58984 0.763684
4917.14014 0.76428
4917.68018 0.764868
4918.22021 0.765456
4918.75977 0.766051
4919.31006 0.766647
4919.85010 0.767241
4920.39990 0.767701
4920.93994 0.768112
4921.47998 0.768519
4922.02979 0.768931
4922.56982 0.769342
4923.10986 0.769749
4923.66016 0.770162
4924.20020 0.770574
4924.74023 0.770983
4925.29004 0.771391
4925.83008 0.771803
4926.37988 0.772216
4926.91992 0.772624
4927.45996 0.773033
4928.00977 0.773446
4928.54980 0.773859
4929.10010 0.77427
4929.64014 0.774685
4930.18994 0.775126
4930.72998 0.77562
4931.27979 0.77612
4931.81982 0.77662
4932.35986 0.777115
4932.91016 0.777617
4933.45996 0.778117
4934.00000 0.778612
4934.54004 0.779111
4935.08984 0.779611
4935.64014 0.780111
4936.18018 0.780608
4936.72998 0.78111
4937.27002 0.781607
4937.81006 0.782109
4938.35986 0.782606
4938.89990 0.78311
4939.45020 0.783612
4939.99023 0.784109
4940.54004 0.783887
4941.08984 0.783659
4941.62988 0.783433
4942.18018 0.783204
4942.72998 0.782975
4943.27002 0.782748
4943.81982 0.782519
4944.37012 0.782289
4944.91016 0.782062
4945.45020 0.781836
4946.00000 0.781608
4946.54980 0.781377
4947.10010 0.781148
4947.64014 0.780919
4948.18994 0.780688
4948.72998 0.780458
4949.27979 0.78023
4949.83008 0.779998
4950.37988 0.780894
4950.91992 0.78229
4951.47021 0.783699
4952.02002 0.785111
4952.56006 0.786506
4953.10986 0.787917
4953.66016 0.789328
4954.20020 0.790726
4954.75000 0.792125
4955.29980 0.793538
