threeML/data/optical_filters/HST/ACS_SBC-F122M.ecsv
# %ECSV 0.9
# ---
# datatype:
# - {name: wavelength, unit: Angstrom, datatype: float32}
# - {name: response, datatype: float32}
# meta: !!omap
# - {band_name: F122M}
# - {group_name: ACS_SBC}
wavelength response
[from data line 3976]
1529.60999 0.0506693
1529.70996 0.0506197
1529.81995 0.0505696
1529.92004 0.05052
1530.03003 0.050471
1530.14001 0.0504258
1530.23999 0.050381
1530.34998 0.0503358
1530.44995 0.0502907
1530.56006 0.0502455
1530.66003 0.0502003
1530.77002 0.0501553
1530.88000 0.0501101
1530.97998 0.0500651
1531.08997 0.05002
1531.19995 0.0499747
1531.30005 0.04993
1531.41003 0.0498846
1531.51001 0.04984
1531.62000 0.0497951
1531.71997 0.0497501
1531.82996 0.0497052
1531.93994 0.0496602
1532.04004 0.0496154
1532.15002 0.0495705
1532.25000 0.0495256
1532.35999 0.0494808
1532.46997 0.049436
1532.56995 0.0493912
1532.68005 0.0493464
1532.78003 0.0493016
1532.89001 0.0492569
1533.00000 0.0492122
1533.09998 0.0491628
1533.20996 0.0491133
1533.31995 0.0490639
1533.42004 0.0490145
1533.53003 0.0489654
1533.63000 0.0489157
1533.73999 0.0488663
1533.83997 0.0488173
1533.94995 0.0487676
1534.06006 0.0487212
1534.16003 0.0486767
1534.27002 0.0486322
1534.38000 0.0485878
1534.47998 0.048543
1534.58997 0.0484989
1534.68994 0.0484545
1534.80005 0.0484098
1534.91003 0.0483658
1535.01001 0.0483211
1535.12000 0.0482767
1535.21997 0.0482327
1535.32996 0.0481881
1535.43994 0.0481442
1535.54004 0.0481003
1535.65002 0.048056
1535.76001 0.0480115
1535.85999 0.0479676
1535.96997 0.0479234
1536.06995 0.047876
1536.18005 0.0478271
1536.29004 0.0477783
1536.39001 0.0477294
1536.50000 0.0476806
1536.59998 0.0476318
1536.70996 0.0475831
1536.81995 0.0475344
1536.92004 0.0474856
1537.03003 0.0474383
1537.14001 0.047394
1537.23999 0.0473503
1537.34998 0.0473065
1537.44995 0.0472625
1537.56006 0.0472186
1537.67004 0.0471748
1537.77002 0.047131
1537.88000 0.0470871
1537.98999 0.0470433
1538.08997 0.0469995
1538.19995 0.0469561
1538.31006 0.046912
1538.41003 0.0468682
1538.52002 0.0468245
1538.62000 0.0467809
1538.72998 0.0467372
1538.83997 0.0466935
1538.93994 0.0466499
1539.05005 0.0466063
1539.16003 0.0465626
1539.26001 0.0465191
1539.37000 0.0464755
1539.47998 0.0464324
1539.57996 0.0463888
1539.68994 0.046345
1539.80005 0.0463018
1539.90002 0.0462587
1540.01001 0.0462165
1540.12000 0.0461905
1540.21997 0.046165
1540.32996 0.046139
1540.43005 0.0461133
1540.54004 0.0460877
1540.65002 0.0460617
1540.76001 0.0460358
1540.85999 0.0460102
1540.96997 0.0459844
1541.06995 0.0459619
1541.18005 0.0459408
1541.29004 0.0459199
1541.39001 0.0458988
1541.50000 0.0458777
1541.60999 0.0458566
1541.70996 0.0458355
1541.81995 0.0458144
1541.93005 0.0457933
1542.03003 0.0457722
1542.14001 0.0457511
1542.25000 0.04573
1542.34998 0.0457089
1542.45996 0.0456878
1542.56995 0.0456667
1542.67004 0.0456456
1542.78003 0.0456245
1542.89001 0.0456034
1542.98999 0.0455823
1543.09998 0.0455568
1543.20996 0.045531
1543.31006 0.0455053
1543.42004 0.0454795
1543.53003 0.0454537
1543.63000 0.045428
1543.73999 0.0454022
1543.84998 0.0453767
1543.94995 0.0453509
1544.06006 0.0453276
1544.17004 0.0453065
1544.28003 0.0452854
1544.38000 0.0452643
1544.48999 0.0452433
1544.59998 0.0452221
1544.69995 0.045201
1544.81006 0.0451799
1544.92004 0.0451588
1545.02002 0.0451377
1545.13000 0.0451165
1545.22998 0.0450956
1545.33997 0.0450745
1545.44995 0.0450534
1545.56006 0.0450325
1545.66003 0.0450114
1545.77002 0.0449903
1545.88000 0.0449692
1545.97998 0.0449481
1546.08997 0.0449268
1546.19995 0.0449059
1546.30005 0.0448848
1546.41003 0.0448635
1546.52002 0.0448424
1546.62000 0.0448213
1546.72998 0.0448002
1546.83997 0.0447793
1546.94995 0.044758
1547.05005 0.0447348
1547.16003 0.044709
1547.27002 0.0446832
1547.37000 0.0446575
1547.47998 0.0446317
1547.58997 0.0446059
1547.68994 0.0445802
1547.80005 0.0445544
1547.91003 0.0445286
1548.02002 0.0445035
1548.12000 0.0444824
1548.22998 0.0444614
1548.33997 0.0444402
1548.43994 0.0444191
1548.55005 0.0443981
1548.66003 0.044377
1548.77002 0.0443559
1548.87000 0.0443348
1548.97998 0.0443136
1549.08997 0.0442925
1549.18994 0.0442714
1549.30005 0.0442504
1549.41003 0.0442293
1549.52002 0.0442083
1549.62000 0.0441872
1549.72998 0.0441661
1549.83997 0.044145
1549.93994 0.0441237
1550.05005 0.0440819
1550.16003 0.0440183
1550.27002 0.0439544
1550.37000 0.04389
1550.47998 0.043826
1550.58997 0.0437621
1550.68994 0.0436984
1550.80005 0.0436351
1550.91003 0.0435713
1551.02002 0.0435069
1551.12000 0.0434386
1551.22998 0.0433704
1551.33997 0.0433022
1551.43994 0.0432346
1551.55005 0.0431665
1551.66003 0.0430985
1551.77002 0.0430305
1551.87000 0.0429625
1551.97998 0.0428946
1552.08997 0.0428305
1552.19995 0.0427673
1552.30005 0.042704
1552.41003 0.0426404
1552.52002 0.0425778
1552.63000 0.0425147
1552.72998 0.0424511
1552.83997 0.0423886
1552.94995 0.0423256
1553.06006 0.0422627
1553.16003 0.0421998
1553.27002 0.0421369
1553.38000 0.0420741
1553.47998 0.0420114
1553.58997 0.0419486
1553.69995 0.0418859
1553.81006 0.0418232
1553.91003 0.0417606
1554.02002 0.0416978
1554.13000 0.0416344
1554.23999 0.0415709
1554.34998 0.0415076
1554.44995 0.0414442
1554.56006 0.041381
1554.67004 0.0413177
1554.78003 0.0412545
1554.88000 0.0411913
1554.98999 0.0411282
1555.09998 0.0410651
1555.19995 0.0410025
1555.31006 0.0409395
1555.42004 0.0408766
1555.53003 0.0408141
1555.63000 0.0407507
1555.73999 0.0406878
1555.84998 0.0406251
1555.95996 0.0405623
1556.06995 0.0404995
1556.17004 0.0404369
1556.28003 0.0403742
1556.39001 0.0403111
1556.50000 0.0402485
1556.59998 0.0401865
1556.70996 0.040124
1556.81995 0.0400616
1556.93005 0.0399996
1557.03003 0.0399367
1557.14001 0.0398744
1557.25000 0.0398126
1557.35999 0.0397504
1557.45996 0.0396882
1557.56995 0.039626
1557.68005 0.0395638
1557.79004 0.0395018
1557.89001 0.0394397
1558.00000 0.0393777
1558.10999 0.0393162
1558.21997 0.0392547
1558.32996 0.0391932
1558.43005 0.0391318
1558.54004 0.0390704
1558.65002 0.0390091
1558.76001 0.0389478
1558.87000 0.0388865
1558.96997 0.0388253
1559.07996 0.0387638
1559.18994 0.0387022
1559.30005 0.0386407
1559.40002 0.0385792
1559.51001 0.0385178
1559.62000 0.0384564
1559.72998 0.038395
1559.83997 0.0383337
1559.93994 0.0382724
1560.05005 0.038231
1560.16003 0.0382112
1560.27002 0.0381913
1560.38000 0.0381715
1560.47998 0.0381516
1560.58997 0.0381319
1560.69995 0.0381119
1560.81006 0.038092
1560.91003 0.0380723
1561.02002 0.0380524
1561.13000 0.0380326
1561.23999 0.0380128
1561.34998 0.037993
1561.44995 0.0379729
1561.56006 0.0379531
1561.67004 0.0379332
1561.78003 0.0379133
1561.89001 0.0378936
1561.98999 0.0378736
1562.09998 0.0378537
1562.20996 0.0378337
1562.31995 0.037814
1562.43005 0.0377941
1562.54004 0.0377741
1562.64001 0.0377545
1562.75000 0.0377347
1562.85999 0.0377148
1562.96997 0.037695
1563.07996 0.0376751
1563.18005 0.0376552
1563.29004 0.0376353
1563.40002 0.0376155
1563.51001 0.0375956
1563.62000 0.0375757
1563.71997 0.0375559
1563.82996 0.037536
1563.93994 0.0375162
1564.05005 0.0374965
1564.16003 0.037477
1564.27002 0.0374576
1564.37000 0.0374382
1564.47998 0.0374187
1564.58997 0.0373993
1564.69995 0.0373798
1564.81006 0.0373604
1564.91003 0.037341
1565.02002 0.0373216
1565.13000 0.0373015
1565.23999 0.0372817
1565.34998 0.037262
1565.44995 0.0372419
1565.56006 0.0372221
1565.67004 0.0372022
1565.78003 0.0371823
1565.89001 0.0371625
1566.00000 0.0371426
1566.10999 0.0371228
1566.20996 0.0371028
1566.31995 0.037083
1566.43005 0.0370631
1566.54004 0.0370433
1566.65002 0.0370236
1566.75000 0.0370037
1566.85999 0.0369838
1566.96997 0.0369639
1567.07996 0.0369442
1567.18994 0.0369244
1567.30005 0.0369045
1567.40002 0.0368846
1567.51001 0.0368646
1567.62000 0.0368448
1567.72998 0.036825
1567.83997 0.036805
1567.94995 0.0367851
1568.06006 0.0367653
1568.16003 0.0367454
1568.27002 0.0367256
1568.38000 0.0367057
1568.48999 0.036686
1568.59998 0.0366661
1568.69995 0.0366463
1568.81006 0.0366264
1568.92004 0.0366065
1569.03003 0.0365867
1569.14001 0.0365668
1569.25000 0.0365469
1569.35999 0.0365271
1569.45996 0.0365072
1569.56995 0.0364873
1569.68005 0.0364674
1569.79004 0.0364476
1569.90002 0.0364277
1570.01001 0.0364079
1570.12000 0.0363887
1570.21997 0.0363694
1570.32996 0.0363501
1570.43994 0.0363309
1570.55005 0.0363116
1570.66003 0.0362924
1570.77002 0.0362731
1570.88000 0.036254
1570.98999 0.0362346
1571.08997 0.0362152
1571.19995 0.0361955
1571.31006 0.0361756
1571.42004 0.0361561
1571.53003 0.0361363
1571.64001 0.0361166
1571.75000 0.0360971
1571.85999 0.0360772
1571.95996 0.0360576
1572.06995 0.0360379
1572.18005 0.0360182
1572.29004 0.0359985
1572.40002 0.035979
1572.51001 0.0359593
1572.62000 0.0359396
1572.71997 0.0359201
1572.82996 0.0359004
1572.93994 0.0358807
1573.05005 0.0358611
1573.16003 0.0358414
1573.27002 0.0358217
1573.38000 0.0358018
1573.47998 0.0357823
1573.58997 0.0357627
1573.69995 0.0357428
1573.81006 0.0357233
1573.92004 0.0357034
1574.03003 0.0356838
1574.14001 0.0356642
1574.25000 0.0356444
1574.35999 0.0356249
1574.45996 0.0356052
1574.56995 0.0355855
1574.68005 0.0355658
1574.79004 0.0355461
1574.90002 0.0355265
1575.01001 0.0355068
1575.12000 0.035488
1575.22998 0.0354692
1575.33997 0.0354504
1575.44995 0.0354315
1575.56006 0.0354127
1575.66003 0.0353939
1575.77002 0.0353751
1575.88000 0.0353562
1575.98999 0.0353374
1576.09998 0.0353182
1576.20996 0.0352989
1576.31995 0.0352797
1576.43005 0.0352604
1576.54004 0.0352411
1576.64001 0.0352219
1576.75000 0.0352026
1576.85999 0.0351835
1576.96997 0.0351643
1577.07996 0.035145
1577.18994 0.0351257
1577.30005 0.0351065
1577.41003 0.0350871
1577.52002 0.035068
1577.63000 0.0350487
1577.73999 0.0350293
1577.83997 0.0350102
1577.94995 0.0349908
1578.06006 0.0349718
1578.17004 0.0349531
1578.28003 0.0349344
1578.39001 0.0349154
1578.50000 0.0348967
1578.60999 0.0348779
1578.71997 0.0348589
1578.82996 0.0348402
1578.93005 0.0348214
1579.04004 0.0348024
1579.15002 0.0347832
1579.26001 0.0347639
1579.37000 0.0347446
1579.47998 0.0347254
1579.58997 0.0347061
1579.69995 0.0346869
1579.81006 0.0346675
1579.92004 0.0346483
1580.03003 0.0346293
1580.14001 0.0346105
1580.25000 0.0345921
1580.35999 0.0345735
1580.45996 0.0345549
1580.56995 0.0345363
1580.68005 0.0345177
1580.79004 0.0344991
1580.90002 0.0344805
1581.01001 0.0344619
1581.12000 0.0344429
1581.22998 0.0344239
1581.33997 0.0344049
1581.44995 0.0343859
1581.56006 0.0343668
1581.67004 0.0343478
1581.78003 0.0343288
1581.89001 0.0343098
1582.00000 0.0342907
1582.10999 0.0342717
1582.20996 0.0342527
1582.31995 0.0342339
1582.43005 0.0342147
1582.54004 0.0341957
1582.65002 0.0341768
1582.76001 0.0341578
1582.87000 0.0341388
1582.97998 0.0341199
1583.08997 0.0341012
1583.19995 0.0340825
1583.31006 0.0340639
1583.42004 0.0340453
1583.53003 0.0340267
1583.64001 0.0340083
1583.75000 0.0339895
1583.85999 0.0339708
1583.96997 0.0339523
1584.07996 0.0339335
1584.18005 0.0339146
1584.30005 0.0338954
1584.40002 0.0338765
1584.51001 0.0338575
1584.62000 0.0338385
1584.72998 0.0338194
1584.83997 0.0338004
1584.94995 0.0337814
1585.06006 0.0337624
1585.17004 0.0337434
1585.28003 0.0337243
1585.39001 0.0337053
1585.50000 0.0336863
1585.60999 0.0336673
1585.71997 0.0336482
1585.82996 0.0336292
1585.93994 0.0336102
1586.05005 0.0335914
1586.16003 0.0335728
1586.27002 0.0335542
1586.38000 0.0335356
1586.48999 0.033517
1586.59998 0.0334984
1586.70996 0.0334798
1586.81995 0.0334612
1586.93005 0.0334426
1587.04004 0.033424
1587.14001 0.033405
1587.26001 0.0333858
1587.37000 0.0333667
1587.46997 0.0333477
1587.58997 0.0333287
1587.68994 0.0333097
1587.81006 0.0332907
1587.91003 0.0332716
1588.02002 0.0332527
1588.13000 0.0332341
1588.23999 0.0332156
1588.34998 0.0331969
1588.45996 0.0331784
1588.56995 0.0331598
1588.68005 0.0331412
1588.79004 0.0331228
1588.90002 0.0331042
1589.01001 0.0330855
1589.12000 0.0330665
1589.22998 0.0330473
1589.33997 0.0330283
1589.44995 0.0330094
1589.56006 0.0329904
1589.67004 0.0329712
1589.78003 0.032952
1589.89001 0.0329331
1590.00000 0.0329141
1590.10999 0.0328955
1590.21997 0.0328768
1590.32996 0.0328581
1590.43994 0.0328393
1590.55005 0.0328206
1590.66003 0.0328019
1590.77002 0.0327831
1590.88000 0.0327644
1590.98999 0.0327457
1591.09998 0.0327273
1591.20996 0.032709
1591.31995 0.0326907
1591.43005 0.0326724
1591.54004 0.0326541
1591.65002 0.0326358
1591.76001 0.0326175
1591.87000 0.0325992
1591.97998 0.0325809
1592.08997 0.0325622
1592.19995 0.0325435
1592.31006 0.0325247
1592.42004 0.032506
1592.53003 0.0324873
1592.64001 0.0324687
1592.75000 0.0324498
1592.85999 0.0324311
1592.96997 0.0324125
1593.07996 0.0323941
1593.18994 0.0323756
1593.30005 0.0323573
1593.41003 0.032339
1593.52002 0.0323206
1593.63000 0.0323024
1593.73999 0.032284
1593.85999 0.0322657
1593.95996 0.0322474
1594.07996 0.0322288
1594.18005 0.0322102
1594.30005 0.0321915
1594.41003 0.0321727
1594.52002 0.032154
1594.62000 0.0321354
1594.73999 0.0321166
1594.84998 0.0320979
1594.95996 0.0320791
1595.06995 0.0320604
1595.18005 0.0320415
1595.29004 0.0320229
1595.40002 0.0320042
1595.51001 0.0319854
1595.62000 0.0319665
1595.72998 0.0319478
1595.83997 0.031929
1595.94995 0.0319103
1596.06006 0.0318919
1596.17004 0.0318736
1596.28003 0.0318552
1596.39001 0.0318369
1596.50000 0.0318186
1596.60999 0.0318003
1596.71997 0.0317819
1596.82996 0.0317636
1596.93994 0.0317453
1597.05005 0.0317268
1597.16003 0.031708
1597.28003 0.0316893
1597.38000 0.0316705
1597.50000 0.0316518
1597.60999 0.031633
1597.71997 0.0316142
1597.82996 0.0315955
1597.93994 0.0315767
1598.05005 0.0315582
1598.16003 0.0315398
1598.27002 0.0315215
1598.38000 0.0315032
1598.48999 0.0314848
1598.59998 0.0314665
1598.70996 0.0314483
1598.81995 0.03143
1598.93005 0.0314117
1599.04004 0.0313932
1599.15002 0.0313744
1599.26001 0.0313556
1599.38000 0.0313367
1599.47998 0.0313181
1599.59998 0.0312994
1599.70996 0.0312805
1599.81995 0.0312618
1599.93005 0.0312429
1600.04004 0.0312215
1600.15002 0.0311958
1600.26001 0.0311694
1600.37000 0.0311432
1600.47998 0.0311172
1600.58997 0.0310909
1600.69995 0.031065
1600.81006 0.0310388
1600.92004 0.0310127
1601.03003 0.0309866
1601.15002 0.0309603
1601.26001 0.0309343
1601.37000 0.0309083
1601.47998 0.0308822
1601.58997 0.0308561
1601.69995 0.0308298
1601.81006 0.0308038
1601.92004 0.0307779
1602.03003 0.0307519
1602.14001 0.0307259
1602.25000 0.0306999
1602.35999 0.0306738
1602.46997 0.0306478
1602.58997 0.0306218
1602.69995 0.0305958
1602.81006 0.0305698
1602.92004 0.0305439
1603.03003 0.0305179
1603.14001 0.0304919
1603.25000 0.030466
1603.35999 0.03044
1603.46997 0.0304141
1603.57996 0.0303882
1603.68994 0.0303623
1603.81006 0.0303364
1603.92004 0.0303105
1604.03003 0.0302846
1604.14001 0.0302587
1604.25000 0.0302328
1604.35999 0.030207
1604.46997 0.0301811
1604.57996 0.0301555
1604.68994 0.0301299
1604.80005 0.0301038
1604.91003 0.030078
1605.02002 0.0300524
1605.14001 0.0300264
1605.25000 0.0300006
1605.35999 0.0299748
1605.46997 0.029949
1605.57996 0.0299232
1605.68994 0.0298975
1605.80005 0.0298717
1605.91003 0.0298458
1606.02002 0.0298201
1606.13000 0.0297942
1606.25000 0.0297679
1606.35999 0.0297419
1606.46997 0.0297158
1606.57996 0.0296897
1606.68994 0.0296636
1606.80005 0.0296375
1606.91003 0.0296114
1607.02002 0.0295854
1607.13000 0.0295598
1607.25000 0.0295341
1607.35999 0.0295085
1607.46997 0.0294829
1607.57996 0.0294573
1607.68994 0.0294317
1607.80005 0.0294061
1607.91003 0.0293805
1608.02002 0.0293549
1608.14001 0.0293295
1608.25000 0.029304
1608.35999 0.0292786
1608.46997 0.0292532
1608.57996 0.0292278
1608.68994 0.0292024
1608.80005 0.0291772
1608.91003 0.0291516
1609.03003 0.0291262
1609.14001 0.0291008
1609.25000 0.0290754
1609.35999 0.0290501
1609.46997 0.0290248
1609.57996 0.0289994
1609.68994 0.0289741
1609.81006 0.0289488
1609.92004 0.0289235
1610.03003 0.0288983
1610.14001 0.0288733
1610.25000 0.0288487
1610.35999 0.0288236
1610.46997 0.0287987
1610.57996 0.028774
1610.68994 0.0287493
1610.81006 0.0287243
1610.92004 0.0286997
1611.03003 0.0286748
1611.14001 0.0286498
1611.25000 0.0286252
1611.35999 0.0286001
1611.46997 0.0285753
1611.58997 0.0285507
1611.69995 0.0285257
1611.81006 0.028501
1611.92004 0.0284762
1612.03003 0.0284514
1612.14001 0.0284266
1612.26001 0.0284021
1612.37000 0.0283773
1612.47998 0.0283526
