threeML/data/optical_filters/HST/ACS_HRC-F606W.ecsv
# %ECSV 0.9
# ---
# datatype:
# - {name: wavelength, unit: Angstrom, datatype: float32}
# - {name: response, datatype: float32}
# meta: !!omap
# - {band_name: F606W}
# - {group_name: ACS_HRC}
wavelength response
[from data line 1601]
5635.39014 0.801141
5636.08984 0.802838
5636.79980 0.804543
5637.50977 0.806249
5638.20996 0.807932
5638.91992 0.80964
5639.62012 0.811348
5640.33008 0.812369
5641.04004 0.812622
5641.74023 0.812873
5642.45020 0.813125
5643.16016 0.813378
5643.87012 0.813631
5644.56982 0.81388
5645.27979 0.814135
5645.99023 0.81439
5646.68994 0.81464
5647.39990 0.814892
5648.10986 0.815146
5648.81982 0.815398
5649.52979 0.815651
5650.24023 0.815464
5650.93994 0.814403
5651.64990 0.813326
5652.35986 0.812249
5653.06982 0.811177
5653.77002 0.810102
5654.47998 0.809028
5655.18994 0.807954
5655.89990 0.806876
5656.60986 0.805795
5657.31006 0.80473
5658.02002 0.80365
5658.74023 0.802568
5659.43994 0.801491
5660.14990 0.800396
5660.85986 0.799237
5661.56982 0.798078
5662.27979 0.796912
5662.99023 0.795744
5663.70020 0.794594
5664.41016 0.793428
5665.12012 0.792261
5665.83008 0.791099
5666.54004 0.789935
5667.25000 0.788771
5667.95996 0.787607
5668.66992 0.786437
5669.37988 0.785266
5670.08984 0.784272
5670.79980 0.784442
5671.50977 0.784614
5672.22021 0.784785
5672.93018 0.784956
5673.64014 0.785125
5674.35010 0.785296
5675.06006 0.785469
5675.77979 0.785639
5676.47998 0.785808
5677.20020 0.78598
5677.91016 0.78615
5678.62012 0.786321
5679.33008 0.786492
5680.04004 0.786709
5680.75000 0.787648
5681.47021 0.788592
5682.18018 0.789527
5682.89014 0.790465
5683.60010 0.791409
5684.31982 0.792353
5685.02979 0.793294
5685.74023 0.794235
5686.45020 0.795176
5687.16016 0.796118
5687.87988 0.797063
5688.58984 0.798001
5689.29980 0.798944
5690.00977 0.799897
5690.72998 0.801214
5691.43994 0.802524
5692.14990 0.803834
5692.87012 0.805148
5693.58008 0.806459
5694.29980 0.807777
5695.00977 0.809084
5695.72021 0.810399
5696.43018 0.811719
5697.14990 0.813039
5697.85986 0.814353
5698.58008 0.81567
5699.29004 0.816987
5700.00000 0.8183
5700.72021 0.818808
5701.43018 0.819312
5702.14014 0.819818
5702.85986 0.820327
5703.58008 0.820836
5704.29004 0.821342
5705.00977 0.82185
5705.72021 0.822359
5706.43018 0.822867
5707.14990 0.823377
5707.85986 0.823884
5708.58008 0.824391
5709.29980 0.824902
5710.00977 0.825384
5710.72998 0.824228
5711.43994 0.823072
5712.16016 0.821915
5712.87012 0.820758
5713.58984 0.819596
5714.29980 0.818444
5715.02002 0.817284
5715.74023 0.816119
5716.45020 0.814955
5717.16992 0.813796
5717.89014 0.812635
5718.60010 0.811474
5719.31982 0.810312
5720.04004 0.809206
5720.75000 0.809262
5721.47021 0.809318
5722.18994 0.809372
5722.89990 0.809427
5723.62012 0.809482
5724.33984 0.809536
5725.04980 0.80959
5725.77002 0.809645
5726.49023 0.809701
5727.20020 0.809756
5727.91992 0.809808
5728.64014 0.809864
5729.35986 0.809919
5730.08008 0.81012
5730.79980 0.811515
5731.50977 0.81291
5732.22998 0.814307
5732.95020 0.815709
5733.66992 0.8171
5734.37988 0.818497
5735.10010 0.8199
5735.83008 0.821305
5736.54004 0.822704
5737.25977 0.824105
5737.97998 0.825505
5738.70020 0.826906
5739.41992 0.828311
5740.14014 0.82874
5740.85010 0.824991
5741.56982 0.821227
5742.29980 0.81746
5743.02002 0.813708
5743.72998 0.80995
5744.45020 0.806194
5745.16992 0.802435
5745.89990 0.798662
5746.60986 0.794917
5747.33008 0.791155
5748.04980 0.787375
5748.77979 0.783592
5749.49023 0.779828
5750.22021 0.777148
5750.93994 0.777027
5751.64990 0.776904
5752.37988 0.776781
5753.10010 0.776661
5753.81006 0.776538
5754.54004 0.776416
5755.25977 0.776293
5755.97998 0.776168
5756.70020 0.776046
5757.41992 0.775924
5758.14014 0.775802
5758.87012 0.775678
5759.58984 0.775555
5760.31006 0.775356
5761.02979 0.775054
5761.75977 0.774749
5762.47998 0.774446
5763.20020 0.774143
5763.91992 0.773842
5764.64014 0.773539
5765.35986 0.773234
5766.08008 0.772931
5766.81006 0.77263
5767.52979 0.772324
5768.25977 0.772018
5768.97998 0.771715
5769.70020 0.771411
5770.41992 0.771727
5771.14990 0.772487
5771.87012 0.773249
5772.58984 0.774006
5773.31006 0.774767
5774.04004 0.775531
5774.75977 0.776293
5775.49023 0.777054
5776.20996 0.777816
5776.93018 0.778578
5777.66016 0.77934
5778.37988 0.780106
5779.10010 0.780866
5779.83008 0.781627
5780.54980 0.783046
5781.27979 0.78467
5782.00000 0.786287
5782.72998 0.787907
5783.45020 0.789525
5784.16992 0.791144
5784.89990 0.792773
5785.62012 0.794387
5786.35010 0.796007
5787.06982 0.797637
5787.79980 0.799268
5788.52979 0.80089
5789.25000 0.802514
5789.97998 0.804141
5790.70020 0.806106
5791.43018 0.808094
5792.14990 0.810066
5792.87988 0.812047
5793.60010 0.814038
5794.33008 0.816031
5795.06006 0.818017
5795.77979 0.819999
5796.50977 0.821986
5797.22998 0.823972
5797.95996 0.825969
5798.68994 0.827948
5799.41016 0.829937
5800.14014 0.83176
5800.87012 0.832841
5801.60010 0.833918
5802.31982 0.834996
5803.04980 0.836075
5803.77002 0.837151
5804.50000 0.838234
5805.22998 0.839308
5805.95020 0.840388
5806.68018 0.841473
5807.41016 0.842557
5808.14014 0.843638
5808.87012 0.844718
5809.60010 0.8458
5810.31982 0.84658
5811.04980 0.846977
5811.77979 0.847373
5812.50000 0.847771
5813.22998 0.848171
5813.97021 0.84857
5814.68994 0.848967
5815.41992 0.849365
5816.14990 0.849764
5816.87988 0.850162
5817.60010 0.85056
5818.33008 0.850959
5819.06006 0.851359
5819.79004 0.851758
5820.52002 0.850739
5821.25000 0.849168
5821.97998 0.847595
5822.70996 0.846023
5823.43994 0.84445
5824.16992 0.842876
5824.89990 0.841302
5825.62988 0.839726
5826.35986 0.838142
5827.08984 0.836559
5827.81982 0.834982
5828.54980 0.833404
5829.27979 0.831826
5830.00977 0.830268
5830.74023 0.830233
5831.47021 0.830198
5832.20020 0.830164
5832.93018 0.83013
5833.66992 0.830094
5834.39990 0.830059
5835.12988 0.830024
5835.85986 0.829989
5836.58984 0.829954
5837.31982 0.829919
5838.04980 0.829884
5838.77979 0.829851
5839.50977 0.829816
5840.25000 0.82923
5840.97998 0.827578
5841.70996 0.825925
5842.43994 0.824271
5843.16992 0.822616
5843.89990 0.820962
5844.64014 0.819305
5845.37012 0.81765
5846.10010 0.815986
5846.83984 0.814318
5847.56982 0.812658
5848.29980 0.810999
5849.02979 0.80934
5849.77002 0.807679
5850.50000 0.808892
5851.22998 0.811458
5851.95996 0.814026
5852.70020 0.816605
5853.43994 0.819186
5854.16992 0.821756
5854.89990 0.824327
5855.62988 0.826901
5856.37012 0.829475
5857.10010 0.83205
5857.83008 0.834627
5858.56006 0.837205
5859.29980 0.839794
5860.04004 0.84223
5860.77002 0.841853
5861.50977 0.841478
5862.24023 0.841101
5862.97021 0.840723
5863.70996 0.840346
5864.43994 0.839969
5865.18018 0.839592
5865.91016 0.839213
5866.64990 0.838833
5867.37988 0.838455
5868.12012 0.838077
5868.85010 0.837698
5869.58984 0.83732
5870.31982 0.837134
5871.06006 0.837194
5871.79004 0.837255
5872.52979 0.837317
5873.27002 0.837379
5874.00000 0.837439
5874.74023 0.8375
5875.47998 0.83756
5876.20996 0.83762
5876.95020 0.837681
5877.68018 0.837742
5878.41992 0.837804
5879.16016 0.837866
5879.89990 0.837926
5880.62988 0.83656
5881.37012 0.834956
5882.10010 0.833353
5882.83984 0.831748
5883.58008 0.830142
5884.31006 0.828536
5885.04980 0.82693
5885.79004 0.825316
5886.52979 0.8237
5887.27002 0.822091
5888.00000 0.820481
5888.74023 0.818871
5889.47998 0.817261
5890.20996 0.817356
5890.95020 0.821617
5891.68994 0.825883
5892.43018 0.830168
5893.16992 0.834455
5893.91016 0.838723
5894.64990 0.842995
5895.37988 0.847271
5896.12012 0.851545
5896.85986 0.855823
5897.60010 0.860103
5898.33984 0.864385
5899.08008 0.868687
5899.81982 0.87299
5900.56006 0.871945
5901.29980 0.869176
5902.04004 0.866405
5902.77002 0.863632
5903.50977 0.860859
5904.25000 0.858086
5904.99023 0.855311
5905.72998 0.852523
5906.47998 0.849732
5907.22021 0.846953
5907.95020 0.84417
5908.68994 0.84139
5909.43018 0.838608
5910.16992 0.837162
5910.91016 0.840071
5911.64990 0.842983
5912.39990 0.845909
5913.14014 0.848836
5913.87988 0.851752
5914.62012 0.854668
5915.35986 0.857586
5916.10010 0.860504
5916.83984 0.863424
5917.58008 0.866348
5918.31982 0.869271
5919.06982 0.872206
5919.81006 0.875146
5920.54980 0.874824
5921.29004 0.873392
5922.02979 0.871962
5922.77979 0.87053
5923.52002 0.869095
5924.25977 0.867661
5925.00000 0.866228
5925.75000 0.864784
5926.49023 0.863342
5927.22998 0.861904
5927.97021 0.860467
5928.72021 0.85903
5929.45996 0.857591
5930.20020 0.856
5930.93994 0.854002
5931.68994 0.852004
5932.43018 0.849994
5933.18018 0.847985
5933.91992 0.845982
5934.66016 0.843981
5935.39990 0.841976
5936.14990 0.839972
5936.89014 0.837969
5937.62988 0.835964
5938.37988 0.833956
5939.12012 0.831939
5939.87012 0.829932
5940.60986 0.826884
5941.35986 0.823627
5942.10010 0.82037
5942.85010 0.817107
5943.58984 0.813849
5944.33008 0.810586
5945.08008 0.807322
5945.81982 0.804043
5946.56982 0.800775
5947.31982 0.797493
5948.06006 0.794223
5948.81006 0.790953
5949.54980 0.78768
5950.29980 0.787358
5951.04004 0.791529
5951.77979 0.795708
5952.52979 0.799904
5953.27979 0.804084
5954.02979 0.808283
5954.77002 0.812465
5955.52002 0.816651
5956.25977 0.820838
5957.00977 0.825027
5957.75000 0.829217
5958.50000 0.833409
5959.25000 0.83762
5959.99023 0.841817
5960.74023 0.840397
5961.49023 0.838944
5962.24023 0.83749
5962.97998 0.836036
5963.72998 0.83458
5964.47998 0.833124
5965.22021 0.831669
5965.97021 0.830206
5966.72021 0.828747
5967.47021 0.827281
5968.22021 0.825822
5968.95996 0.824363
5969.70996 0.822902
5970.45996 0.822865
5971.20996 0.823727
5971.95020 0.824588
5972.70020 0.825454
5973.45020 0.826317
5974.20020 0.827185
5974.95020 0.828047
5975.70020 0.828911
5976.45020 0.829774
5977.18994 0.830638
5977.93994 0.831505
5978.68994 0.83237
5979.43994 0.833239
5980.18994 0.833869
5980.93994 0.833813
5981.68994 0.833759
5982.43994 0.833704
5983.18994 0.833647
5983.93994 0.833589
5984.68994 0.833531
5985.43994 0.833473
5986.18994 0.833413
5986.93994 0.833353
5987.68994 0.833293
5988.43994 0.833231
5989.18994 0.833169
5989.93994 0.833108
5990.68994 0.832876
5991.43994 0.832627
5992.18994 0.83238
5992.93994 0.83213
5993.68994 0.831881
5994.45020 0.831631
5995.20020 0.831383
5995.95020 0.831135
5996.70020 0.830886
5997.45020 0.830637
5998.20020 0.830388
5998.95020 0.830138
5999.70020 0.829887
6000.45020 0.8303
6001.20996 0.831147
6001.95996 0.831992
6002.70996 0.832837
6003.45996 0.833681
6004.22021 0.834527
6004.97021 0.835371
6005.72021 0.836217
6006.47021 0.837066
6007.22998 0.837912
6007.97998 0.838763
6008.72998 0.83961
6009.47998 0.840459
6010.24023 0.841164
6010.99023 0.841558
6011.74023 0.841951
6012.49023 0.842346
6013.25000 0.842742
6014.00000 0.843136
6014.75977 0.843533
6015.50977 0.843928
6016.27002 0.844324
6017.02002 0.844721
6017.77002 0.845116
6018.52002 0.845512
6019.27979 0.845908
6020.02979 0.846304
6020.79004 0.84668
6021.54004 0.847058
6022.29980 0.847435
6023.04980 0.847812
6023.81006 0.848189
6024.56006 0.848566
6025.31006 0.848943
6026.06982 0.84932
6026.83008 0.849701
6027.58008 0.850077
6028.33984 0.850456
6029.08984 0.850833
6029.85010 0.851212
6030.60010 0.851497
6031.35986 0.851758
6032.10986 0.852018
6032.87012 0.852278
6033.62988 0.852541
6034.37988 0.852802
6035.14014 0.853063
6035.89990 0.853324
6036.64990 0.853587
6037.41016 0.853848
6038.16016 0.854108
6038.91992 0.854369
6039.66992 0.854632
6040.43018 0.855765
6041.18994 0.857545
6041.95020 0.859336
6042.70020 0.861118
6043.45996 0.862901
6044.22021 0.864685
6044.97998 0.866471
6045.72998 0.868257
6046.49023 0.870043
6047.25000 0.871836
6048.00977 0.873624
6048.77002 0.875421
6049.52002 0.87721
6050.27979 0.878182
6051.04004 0.877765
6051.79980 0.877349
6052.54980 0.87693
6053.31006 0.876512
6054.06982 0.876093
6054.83008 0.875676
6055.58984 0.875255
6056.35010 0.874835
6057.10986 0.874417
6057.85986 0.873997
6058.62012 0.873578
6059.37988 0.873158
6060.14014 0.872634
6060.89990 0.871636
6061.66016 0.870642
6062.41992 0.869643
6063.18018 0.868648
6063.93994 0.867654
6064.70020 0.866657
6065.45996 0.865662
6066.22021 0.864665
6066.97998 0.863669
6067.74023 0.862667
6068.50000 0.861669
6069.25977 0.860666
6070.02002 0.859669
6070.77979 0.858718
6071.54004 0.857769
6072.29980 0.856818
6073.06006 0.855866
6073.81982 0.854914
6074.58984 0.853958
6075.35010 0.853006
6076.10986 0.852048
6076.87012 0.851094
6077.62988 0.85014
6078.39014 0.849187
6079.14990 0.848233
6079.91016 0.847277
6080.66992 0.848793
6081.43994 0.850636
6082.20020 0.852472
6082.97021 0.854317
6083.72998 0.856153
6084.49023 0.85799
6085.25000 0.859829
6086.00977 0.861668
6086.77002 0.863509
6087.52979 0.865349
6088.29980 0.867197
6089.06006 0.86904
6089.83008 0.870892
6090.58984 0.87223
6091.35010 0.873417
6092.10986 0.874617
6092.87988 0.87581
6093.64014 0.877006
6094.39990 0.878201
6095.16992 0.879402
6095.93018 0.880599
6096.70020 0.881801
6097.45996 0.882999
6098.22021 0.884191
6098.99023 0.885393
6099.75000 0.886593
6100.52002 0.886195
6101.27979 0.885026
6102.04980 0.883852
6102.81006 0.882682
6103.58008 0.881507
6104.33984 0.880337
6105.10010 0.879171
6105.87012 0.877995
6106.62988 0.876822
6107.39990 0.875649
6108.16016 0.874477
6108.93018 0.873298
6109.68994 0.872124
6110.45996 0.87244
6111.22998 0.873735
6111.99023 0.875024
6112.75977 0.876325
6113.52002 0.877624
6114.29004 0.878921
6115.04980 0.880217
6115.81982 0.881521
6116.58984 0.88282
6117.35986 0.884124
6118.12012 0.885425
6118.89014 0.886718
6119.64990 0.888026
6120.41992 0.888641
6121.18994 0.888697
6121.95020 0.888754
6122.72021 0.888811
6123.49023 0.888866
6124.25977 0.888921
6125.02979 0.888977
6125.79004 0.889033
6126.56006 0.88909
6127.33008 0.889146
6128.08984 0.889202
6128.85986 0.889259
6129.62988 0.889315
6130.39990 0.889423
6131.16992 0.889582
6131.93994 0.889741
6132.70020 0.889899
6133.47021 0.890058
6134.24023 0.890216
6135.00977 0.890374
6135.77002 0.890535
6136.54980 0.890694
6137.31006 0.890852
6138.08984 0.891011
6138.85010 0.89117
6139.62012 0.891328
6140.39014 0.891519
6141.16016 0.89174
6141.93018 0.89196
6142.70020 0.89218
6143.47021 0.892401
6144.24023 0.892622
6145.00977 0.892843
6145.77979 0.893062
6146.54980 0.893283
6147.31982 0.893504
6148.08984 0.893725
6148.85986 0.893948
6149.62988 0.894169
6150.39990 0.893494
6151.16992 0.891996
6151.93994 0.890489
6152.72021 0.888989
6153.47998 0.887495
6154.25977 0.885987
6155.02979 0.884485
6155.79980 0.882982
6156.56982 0.881479
6157.33984 0.879969
6158.10986 0.878466
6158.89014 0.876953
6159.66016 0.875445
6160.41992 0.872812
6161.20020 0.869228
6161.97021 0.865654
6162.74023 0.862084
6163.50977 0.85851
6164.29004 0.854919
6165.06006 0.851344
6165.83008 0.847747
6166.60986 0.844169
6167.37988 0.840604
6168.14990 0.837005
6168.91992 0.833418
6169.68994 0.829834
6170.47021 0.826983
6171.24023 0.824604
6172.02002 0.822236
6172.79004 0.819857
6173.56006 0.817486
6174.33008 0.815124
6175.10986 0.812739
6175.87988 0.810365
6176.64990 0.807991
6177.43018 0.805615
6178.20020 0.803226
6178.97998 0.800847
6179.75977 0.798457
6180.52979 0.7964
6181.29980 0.794499
6182.08008 0.792581
6182.85010 0.79067
6183.62012 0.788758
6184.39990 0.786845
6185.18018 0.784921
6185.95020 0.783008
6186.72998 0.781084
6187.50000 0.779167
6188.27002 0.777259
6189.04980 0.775332
6189.83008 0.773415
6190.60010 0.772626
6191.37988 0.772165
6192.14990 0.771702
6192.93018 0.771241
6193.70996 0.770778
6194.47998 0.770316
6195.25977 0.769856
6196.02979 0.769391
6196.81006 0.768929
6197.58984 0.768467
6198.35986 0.768005
6199.14014 0.767541
6199.91992 0.767076
6200.70020 0.766369
6201.47021 0.765637
6202.24023 0.764908
6203.02002 0.764172
6203.79980 0.763439
6204.58008 0.762705
6205.35010 0.761971
6206.12988 0.761234
6206.91016 0.760499
6207.68994 0.759761
6208.47021 0.759025
6209.24023 0.758293
6210.02002 0.757618
6210.79980 0.759097
6211.58008 0.760576
6212.35010 0.762055
6213.14014 0.763541
6213.91016 0.765021
6214.68994 0.766509
6215.47021 0.76799
6216.25000 0.769465
6217.02979 0.770954
6217.81006 0.772438
6218.58984 0.773921
6219.35986 0.775405
6220.14990 0.777449
6220.93018 0.781886
6221.70996 0.786343
6222.49023 0.790781
6223.25977 0.795202
6224.04004 0.799663
6224.81982 0.804107
6225.60010 0.808553
6226.37988 0.812999
6227.16016 0.817466
6227.93994 0.821914
6228.72998 0.826388
6229.50977 0.830842
6230.27979 0.834244
6231.06982 0.835855
6231.85010 0.837457
