threeML/data/optical_filters/HST/ACS_WFC-F775W_81.ecsv
# %ECSV 0.9
# ---
# datatype:
# - {name: wavelength, unit: Angstrom, datatype: float32}
# - {name: response, datatype: float32}
# meta: !!omap
# - {band_name: F775W_81}
# - {group_name: ACS_WFC}
wavelength response
[from data line 762]
7070.20020 0.725996
7070.87988 0.727571
7071.56006 0.729137
7072.25000 0.730711
7072.91992 0.732269
7073.60010 0.733843
7074.29004 0.735418
7074.97021 0.736976
7075.64990 0.738543
7076.33008 0.74012
7077.00977 0.741687
7077.68994 0.743263
7078.37012 0.744831
7079.04980 0.746399
7079.74023 0.747977
7080.41992 0.749768
7081.10010 0.7517
7081.77979 0.753644
7082.45996 0.755567
7083.14014 0.757511
7083.83008 0.759456
7084.50000 0.761379
7085.18994 0.763324
7085.87012 0.765259
7086.54980 0.767194
7087.22998 0.76914
7087.91016 0.771075
7088.60010 0.773011
7089.27979 0.774958
7089.95996 0.776883
7090.64014 0.777943
7091.33008 0.778944
7092.00977 0.779934
7092.68994 0.780935
7093.37988 0.781936
7094.04980 0.782925
7094.74023 0.783926
7095.41992 0.784922
7096.10010 0.785917
7096.79004 0.786918
7097.47021 0.787912
7098.14990 0.788912
7098.83984 0.789907
7099.52002 0.790896
7100.20020 0.792098
7100.89014 0.793783
7101.56982 0.795449
7102.25000 0.797134
7102.93994 0.798812
7103.62012 0.800487
7104.29980 0.802173
7104.99023 0.803848
7105.66992 0.805535
7106.35010 0.80721
7107.04004 0.808885
7107.72021 0.810562
7108.41016 0.812248
7109.08984 0.813915
7109.77002 0.8156
7110.45996 0.817511
7111.14990 0.819533
7111.83008 0.821533
7112.50977 0.823543
7113.20020 0.825566
7113.87988 0.827577
7114.56006 0.829589
7115.25000 0.831613
7115.93994 0.833625
7116.62012 0.835638
7117.29980 0.837653
7117.99023 0.839676
7118.68018 0.841702
7119.35986 0.843703
7120.04980 0.845577
7120.72998 0.845339
7121.41016 0.845103
7122.10010 0.844865
7122.79004 0.844626
7123.47021 0.844389
7124.14990 0.844151
7124.83984 0.843911
7125.52979 0.843673
7126.22021 0.843433
7126.89990 0.843196
7127.58984 0.842956
7128.27002 0.842716
7128.95996 0.842478
7129.64990 0.842237
7130.33008 0.842942
7131.02002 0.844636
7131.70020 0.846349
7132.39014 0.848053
7133.06982 0.849757
7133.75977 0.851469
7134.45020 0.853173
7135.12988 0.854877
7135.81982 0.856589
7136.50977 0.858283
7137.18994 0.859997
7137.87988 0.861711
7138.56982 0.863406
7139.25977 0.865119
7139.93994 0.866823
7140.62988 0.867848
7141.31982 0.868816
7142.00000 0.869778
7142.68994 0.87074
7143.37988 0.871709
7144.06006 0.872668
7144.75000 0.873634
7145.43994 0.874602
7146.12988 0.875559
7146.81982 0.876526
7147.50977 0.877494
7148.18994 0.878452
7148.87988 0.87942
7149.56982 0.880383
7150.25000 0.881526
7150.93994 0.882984
7151.62988 0.884435
7152.31982 0.885893
7153.00977 0.887343
7153.68994 0.888785
7154.39014 0.890244
7155.08008 0.891703
7155.75977 0.893144
7156.45020 0.894604
7157.14014 0.896063
7157.83008 0.897504
7158.52002 0.898961
7159.20996 0.900411
7159.89990 0.901871
7160.58984 0.901952
7161.27002 0.901794
7161.95996 0.901637
7162.64990 0.901478
7163.33984 0.90132
7164.02979 0.901162
7164.72021 0.901003
7165.41016 0.900844
7166.10010 0.900687
7166.79004 0.900527
7167.47998 0.900367
7168.16992 0.900208
7168.85986 0.90005
7169.54980 0.89989
7170.24023 0.900047
7170.93018 0.900803
7171.62012 0.901555
7172.31006 0.902313
7173.00000 0.903072
7173.68994 0.903823
7174.37988 0.904582
7175.06982 0.905339
7175.75977 0.906089
7176.45020 0.906844
7177.14014 0.907603
7177.83008 0.908357
7178.52002 0.909111
7179.22021 0.909869
7179.89990 0.910624
7180.60010 0.911262
7181.27979 0.911874
7181.97998 0.912494
7182.66992 0.913113
7183.35986 0.913725
7184.04980 0.914343
7184.75000 0.914963
7185.43018 0.915577
7186.12988 0.916197
7186.81982 0.916814
7187.50977 0.917429
7188.20020 0.918049
7188.89014 0.918665
7189.58008 0.919283
7190.27979 0.920019
7190.97021 0.920913
7191.66016 0.921818
7192.35010 0.922723
7193.04004 0.923617
7193.74023 0.924524
7194.43018 0.925424
7195.12012 0.926325
7195.81006 0.927232
7196.50977 0.928132
7197.20020 0.929033
7197.89014 0.92994
7198.58008 0.930841
7199.27979 0.931743
7199.97021 0.932649
7200.66016 0.933744
7201.35010 0.934859
7202.04980 0.935974
7202.74023 0.937076
7203.43994 0.93819
7204.12988 0.939299
7204.81982 0.940408
7205.52002 0.941524
7206.20996 0.942633
7206.89990 0.943748
7207.60010 0.944859
7208.27979 0.945961
7208.97998 0.947077
7209.68018 0.948192
7210.37012 0.948837
7211.06006 0.949084
7211.75977 0.949329
7212.45020 0.949573
7213.14990 0.949818
7213.83984 0.950062
7214.54004 0.950307
7215.22998 0.950551
7215.91992 0.950795
7216.62012 0.95104
7217.31006 0.951283
7218.00000 0.951526
7218.70020 0.951771
7219.39990 0.952016
7220.10010 0.952322
7220.77979 0.953009
7221.47998 0.953704
7222.18018 0.954394
7222.87012 0.955083
7223.56006 0.955774
7224.25977 0.956468
7224.95996 0.957156
7225.64990 0.957847
7226.35010 0.958542
7227.04004 0.959232
7227.74023 0.959924
7228.43018 0.96061
7229.12988 0.961304
7229.83008 0.961998
7230.52002 0.962054
7231.20996 0.9619
7231.91016 0.961748
7232.60986 0.961596
7233.29980 0.961443
7234.00000 0.961289
7234.70020 0.961135
7235.39990 0.960983
7236.08984 0.960831
7236.79004 0.960678
7237.47998 0.960524
7238.18018 0.960371
7238.87988 0.960218
7239.56982 0.960065
7240.27002 0.960255
7240.97021 0.960997
7241.66016 0.961737
7242.35986 0.962478
7243.06006 0.963222
7243.75000 0.963961
7244.45020 0.964701
7245.14990 0.965445
7245.83984 0.966182
7246.54004 0.966927
7247.24023 0.967671
7247.93018 0.968408
7248.62988 0.969151
7249.33984 0.969896
7250.02979 0.970578
7250.72998 0.969922
7251.41992 0.96927
7252.12012 0.968617
7252.81982 0.967961
7253.52002 0.96731
7254.22021 0.966658
7254.91992 0.966001
7255.60986 0.965354
7256.31006 0.964698
7257.00977 0.964042
7257.70020 0.963394
7258.41016 0.962738
7259.10010 0.962087
7259.79980 0.961435
7260.50000 0.961838
7261.20020 0.962656
7261.89990 0.96348
7262.60010 0.9643
7263.29980 0.96512
7263.99023 0.96594
7264.70020 0.966763
7265.39014 0.967578
7266.08984 0.968404
7266.79980 0.969226
7267.49023 0.970041
7268.18994 0.970866
7268.89014 0.971688
7269.58984 0.972511
7270.29004 0.973003
7270.99023 0.973036
7271.68994 0.973068
7272.39014 0.973101
7273.08984 0.973134
7273.79004 0.973165
7274.49023 0.973197
7275.18994 0.973229
7275.89014 0.973261
7276.58984 0.973292
7277.29004 0.973324
7277.99023 0.973357
7278.68994 0.97339
7279.39014 0.973423
7280.08984 0.973316
7280.79004 0.972291
7281.49023 0.971259
7282.18994 0.970233
7282.89990 0.969201
7283.58984 0.968182
7284.29980 0.96715
7285.00000 0.966118
7285.70020 0.9651
7286.39990 0.964068
7287.10010 0.963036
7287.79980 0.962017
7288.50000 0.960991
7289.20996 0.959959
7289.91016 0.958934
7290.60986 0.959215
7291.31006 0.959696
7292.00977 0.960178
7292.72021 0.960662
7293.41016 0.961142
7294.12012 0.961626
7294.81982 0.96211
7295.52002 0.962588
7296.22021 0.963071
7296.93018 0.963553
7297.62988 0.964034
7298.33008 0.964518
7299.02979 0.965
7299.72998 0.965482
7300.43994 0.966355
7301.14014 0.967451
7301.83984 0.968559
7302.54980 0.969668
7303.24023 0.970764
7303.95020 0.971873
7304.66016 0.972983
7305.35010 0.974079
7306.06006 0.975188
7306.75977 0.976291
7307.45996 0.977393
7308.16992 0.978502
7308.87012 0.979604
7309.56982 0.980708
7310.27979 0.98164
7310.97998 0.982294
7311.68994 0.982956
7312.39014 0.983617
7313.08984 0.98427
7313.79980 0.984932
7314.50000 0.985594
7315.20020 0.986249
7315.91016 0.986911
7316.60986 0.987569
7317.31982 0.988231
7318.02002 0.98889
7318.72998 0.989547
7319.43018 0.990204
7320.14014 0.990669
7320.83984 0.99031
7321.54004 0.989945
7322.25000 0.989581
7322.95020 0.98922
7323.66016 0.988855
7324.35986 0.988491
7325.06982 0.988128
7325.77002 0.987765
7326.47998 0.987402
7327.18018 0.987037
7327.89014 0.986674
7328.58984 0.986311
7329.29980 0.985948
7330.00000 0.985579
7330.70020 0.984721
7331.41016 0.983854
7332.12012 0.982987
7332.83008 0.982117
7333.52979 0.981257
7334.22998 0.980393
7334.93994 0.979526
7335.64990 0.978662
7336.35010 0.977798
7337.06006 0.976931
7337.77002 0.976066
7338.47998 0.975197
7339.18018 0.974338
7339.89014 0.973469
7340.60010 0.974304
7341.29980 0.975454
7342.00977 0.976619
7342.70996 0.977779
7343.41992 0.97893
7344.12012 0.980088
7344.83008 0.98125
7345.54004 0.982406
7346.25000 0.983571
7346.95020 0.984727
7347.66016 0.985883
7348.37012 0.987045
7349.06982 0.988195
7349.77979 0.98936
7350.49023 0.989764
7351.18994 0.989827
7351.89990 0.989889
7352.60986 0.989953
7353.31982 0.990018
7354.02979 0.990082
7354.72998 0.990144
7355.43994 0.990207
7356.14990 0.990272
7356.85986 0.990335
7357.56006 0.990399
7358.27002 0.990462
7358.97998 0.990525
7359.68994 0.990588
7360.39990 0.990355
7361.10010 0.989896
7361.81006 0.989431
7362.52002 0.988968
7363.22998 0.988507
7363.93994 0.988042
7364.64990 0.987578
7365.35010 0.987115
7366.06982 0.986651
7366.77002 0.986191
7367.47998 0.985725
7368.18994 0.98526
7368.89990 0.9848
7369.60986 0.984334
7370.31982 0.984601
7371.02979 0.985741
7371.74023 0.986897
7372.45020 0.988045
7373.16016 0.989199
7373.87012 0.990346
7374.58008 0.991495
7375.29004 0.992649
7376.00000 0.993797
7376.70020 0.994939
7377.41016 0.996094
7378.12988 0.99725
7378.83008 0.998393
7379.54980 0.999548
7380.25977 1.0
7380.97021 0.999218
7381.68018 0.998436
7382.39014 0.997653
7383.10010 0.996866
7383.81006 0.996085
7384.52002 0.995303
7385.22998 0.994518
7385.93994 0.993735
7386.64990 0.992957
7387.35986 0.992171
7388.06982 0.991385
7388.79004 0.990598
7389.49023 0.989821
7390.20020 0.989329
7390.91992 0.989557
7391.62988 0.989784
7392.33984 0.990011
7393.04980 0.99024
7393.75977 0.990465
7394.47998 0.990693
7395.18994 0.99092
7395.89990 0.991148
7396.60986 0.991375
7397.31982 0.991601
7398.02979 0.99183
7398.75000 0.992057
7399.45996 0.992283
7400.16992 0.992521
7400.87988 0.992795
7401.58984 0.993067
7402.31006 0.993341
7403.02002 0.993613
7403.72998 0.993885
7404.43994 0.994158
7405.14990 0.994429
7405.87012 0.994701
7406.58008 0.994976
7407.29004 0.995246
7408.00977 0.995517
7408.72021 0.99579
7409.43018 0.99606
7410.14990 0.99611
7410.85986 0.995302
7411.56982 0.994494
7412.29004 0.99368
7413.00000 0.99287
7413.70996 0.992062
7414.43018 0.991248
7415.14014 0.990442
7415.85010 0.989629
7416.56982 0.988815
7417.27979 0.98801
7417.99023 0.987194
7418.70996 0.986384
7419.41992 0.985574
7420.14014 0.984835
7420.85010 0.984422
7421.56006 0.984009
7422.27979 0.983594
7422.99023 0.983181
7423.70996 0.982769
7424.41992 0.982352
7425.12988 0.981941
7425.85010 0.981528
7426.56982 0.981111
7427.27979 0.980699
7427.99023 0.980285
7428.70996 0.979874
7429.43018 0.979459
7430.14014 0.979156
7430.85010 0.979313
7431.56982 0.97947
7432.27979 0.979627
7433.00000 0.979784
7433.70996 0.979939
7434.43018 0.980096
7435.14014 0.980251
7435.85986 0.980409
7436.58008 0.980567
7437.29980 0.980723
7438.00977 0.980878
7438.72021 0.981034
7439.43994 0.981191
7440.16016 0.981149
7440.87012 0.98039
7441.58984 0.979626
7442.31006 0.978867
7443.02002 0.978112
7443.72998 0.977349
7444.45020 0.976586
7445.16992 0.975823
7445.87988 0.97507
7446.60010 0.974305
7447.31982 0.973542
7448.02979 0.972788
7448.75000 0.97203
7449.47021 0.971268
7450.18994 0.970768
7450.91016 0.971003
7451.62012 0.971235
7452.33984 0.971468
7453.06006 0.971702
7453.77002 0.971934
7454.49023 0.972169
7455.20996 0.972405
7455.91992 0.972636
7456.64014 0.97287
7457.35986 0.973105
7458.08008 0.973338
7458.79980 0.973573
7459.50977 0.973805
7460.22998 0.973896
7460.95020 0.973688
7461.66016 0.973483
7462.37988 0.973274
7463.10010 0.973067
7463.81982 0.972862
7464.54004 0.972652
7465.25977 0.972443
7465.97021 0.972239
7466.68994 0.97203
7467.41016 0.971823
7468.12988 0.971616
7468.85010 0.971407
7469.56982 0.9712
7470.29004 0.971111
7471.00977 0.971197
7471.72021 0.971282
7472.43994 0.971368
7473.16992 0.971455
7473.87988 0.971539
7474.60010 0.971625
7475.31982 0.971711
7476.04004 0.971796
7476.75977 0.971883
7477.47998 0.971967
7478.20020 0.972052
7478.91992 0.97214
7479.64014 0.972225
7480.35986 0.972326
7481.08008 0.972444
7481.79980 0.972564
7482.52002 0.972683
7483.24023 0.972802
7483.95996 0.97292
7484.68018 0.973041
7485.39990 0.973161
7486.12012 0.973279
7486.83984 0.973397
7487.56006 0.973515
7488.27979 0.973634
7489.00000 0.973752
7489.72021 0.973872
7490.43994 0.974104
7491.16992 0.974411
7491.87988 0.974714
7492.60010 0.97502
7493.33008 0.975327
7494.04980 0.975634
7494.77002 0.975936
7495.49023 0.976241
7496.20996 0.976547
7496.93018 0.976851
7497.64990 0.977157
7498.37988 0.977463
7499.10010 0.977768
7499.81006 0.978071
7500.54004 0.978063
7501.25977 0.977946
7501.99023 0.977829
7502.70996 0.977716
7503.43018 0.9776
7504.16016 0.977484
7504.87012 0.977369
7505.58984 0.977255
7506.31982 0.977139
7507.04004 0.977023
7507.77002 0.976908
7508.49023 0.976792
7509.20996 0.976675
7509.93018 0.97656
7510.64990 0.976933
7511.37988 0.977363
7512.10010 0.977793
7512.81982 0.978216
7513.54980 0.978645
7514.27002 0.97907
7514.99023 0.979495
7515.72021 0.979924
7516.43994 0.980351
7517.16016 0.980777
7517.89014 0.981205
7518.60986 0.981631
7519.33008 0.982055
7520.06006 0.98252
7520.77979 0.983412
7521.50000 0.984314
7522.22998 0.985214
7522.95020 0.986102
7523.68018 0.987004
7524.39990 0.987901
7525.12012 0.988798
7525.85010 0.9897
7526.56982 0.990596
7527.29004 0.991491
7528.02002 0.992393
7528.74023 0.993286
7529.47021 0.994188
7530.20020 0.994785
7530.91016 0.994556
7531.64014 0.994326
7532.37012 0.994096
7533.08984 0.993867
7533.81982 0.993636
7534.54004 0.993406
7535.27002 0.993177
7535.99023 0.992948
7536.72021 0.992715
7537.45020 0.992484
7538.16992 0.992255
7538.89014 0.992027
7539.62012 0.991796
7540.35010 0.991803
7541.06982 0.992067
7541.79980 0.992335
7542.52002 0.992602
7543.25000 0.992869
7543.97021 0.993135
7544.70020 0.993399
7545.43018 0.993668
7546.14990 0.993936
7546.87988 0.994201
7547.60986 0.994468
7548.33008 0.994735
7549.04980 0.995
7549.77979 0.995267
7550.50977 0.995039
7551.24023 0.994601
7551.95996 0.994169
7552.68994 0.993734
7553.41992 0.993297
7554.14014 0.992861
7554.87012 0.992427
7555.60010 0.99199
7556.33008 0.991555
7557.04980 0.991119
7557.77979 0.990681
7558.50977 0.990246
7559.24023 0.989808
7559.95996 0.989375
7560.68994 0.989391
7561.41992 0.989433
7562.14014 0.989475
7562.87012 0.989517
7563.60010 0.989559
7564.33008 0.989601
7565.06006 0.989644
7565.79004 0.989686
7566.50977 0.989726
7567.24023 0.989767
7567.97021 0.989809
7568.70020 0.989851
7569.43018 0.989892
7570.14990 0.989933
7570.87988 0.989976
7571.60986 0.990021
7572.33984 0.990064
7573.06982 0.990106
7573.79980 0.990148
7574.52002 0.990193
7575.25977 0.990236
7575.97998 0.990277
7576.70996 0.99032
7577.43994 0.990364
7578.16992 0.990407
7578.89990 0.990449
7579.62988 0.990491
7580.35986 0.990301
7581.08984 0.989867
7581.81982 0.989435
7582.54980 0.989002
7583.27979 0.988567
7584.00977 0.988136
7584.74023 0.987704
7585.47021 0.987268
7586.20020 0.986836
7586.93018 0.986406
7587.66016 0.98597
7588.39014 0.985539
7589.12012 0.985103
7589.85010 0.98467
7590.58008 0.984257
7591.31006 0.983843
7592.04004 0.983432
7592.77002 0.98302
7593.50000 0.982606
7594.22998 0.982194
7594.97021 0.981783
7595.70020 0.981371
7596.43018 0.980958
7597.14990 0.980546
7597.89014 0.980134
7598.60986 0.979724
7599.35010 0.979309
7600.08008 0.97894
7600.81982 0.97893
7601.54004 0.978919
7602.27002 0.978907
7603.00977 0.978896
7603.74023 0.978886
7604.47021 0.978873
7605.20020 0.97886
7605.93994 0.978849
7606.66016 0.978837
7607.39990 0.978825
7608.12988 0.978814
7608.87012 0.978802
7609.58984 0.97879
7610.33008 0.978929
7611.06006 0.979256
7611.79004 0.979579
7612.52002 0.979906
7613.25977 0.980233
7613.99023 0.980559
7614.72021 0.980885
7615.45996 0.981211
7616.18994 0.981535
7616.93018 0.981861
7617.64990 0.982184
7618.39014 0.982512
7619.12012 0.982838
7619.85010 0.983159
7620.58008 0.983284
7621.31982 0.983361
7622.04980 0.983436
7622.79004 0.983512
7623.52002 0.983588
7624.25000 0.983664
7624.99023 0.983739
7625.72021 0.983816
7626.45996 0.983891
7627.18994 0.983966
7627.91992 0.98404
7628.66016 0.984116
7629.39990 0.984191
7630.12012 0.984177
7630.85986 0.983736
7631.60010 0.983296
7632.33008 0.982857
7633.06982 0.982415
7633.79980 0.981976
7634.52979 0.981535
7635.27002 0.981092
7636.00000 0.980656
7636.74023 0.980213
7637.47998 0.979771
7638.20020 0.979333
