threeML/data/optical_filters/HST/ACS_WFC-F814W_81.ecsv
# %ECSV 0.9
# ---
# datatype:
# - {name: wavelength, unit: Angstrom, datatype: float32}
# - {name: response, datatype: float32}
# meta: !!omap
# - {band_name: F814W_81}
# - {group_name: ACS_WFC}
wavelength response
[from data line 2395]
8567.08984 0.754916
8567.91992 0.755285
8568.75977 0.755655
8569.58984 0.756021
8570.42969 0.754719
8571.25977 0.751863
8572.09961 0.748992
8572.94043 0.746124
8573.76953 0.743275
8574.61035 0.740408
8575.44043 0.737562
8576.28027 0.734702
8577.12012 0.731844
8577.95020 0.729019
8578.79004 0.726163
8579.62988 0.723309
8580.45996 0.722972
8581.29980 0.724681
8582.13965 0.726389
8582.96973 0.728086
8583.80957 0.729788
8584.63965 0.73148
8585.48047 0.73318
8586.32031 0.734868
8587.16016 0.736564
8588.00000 0.738259
8588.83008 0.739952
8589.66016 0.741625
8590.50000 0.741282
8591.33984 0.739589
8592.17969 0.737886
8593.01953 0.736185
8593.84961 0.734495
8594.69043 0.732797
8595.53027 0.731097
8596.37012 0.729409
8597.20996 0.727714
8598.04004 0.726028
8598.87988 0.724334
8599.71973 0.72265
8600.55957 0.721981
8601.40039 0.721826
8602.23047 0.72167
8603.07031 0.721513
8603.91016 0.721358
8604.75000 0.721203
8605.58984 0.721047
8606.42969 0.720891
8607.26953 0.720733
8608.09961 0.720575
8608.94043 0.720417
8609.78027 0.720259
8610.62988 0.719924
8611.45996 0.719532
8612.29980 0.719135
8613.13965 0.718738
8613.98047 0.718344
8614.82031 0.717948
8615.66016 0.717553
8616.50000 0.717155
8617.33984 0.716758
8618.17969 0.716362
8619.01953 0.715965
8619.86035 0.715571
8620.70020 0.715869
8621.54004 0.716308
8622.37988 0.716741
8623.21973 0.717177
8624.05957 0.717613
8624.90039 0.718044
8625.74023 0.718478
8626.58984 0.718913
8627.41992 0.719343
8628.26953 0.719775
8629.09961 0.720204
8629.95020 0.720631
8630.79004 0.720396
8631.62988 0.720115
8632.48047 0.719834
8633.32031 0.719553
8634.15039 0.719275
8635.00000 0.718993
8635.83008 0.718713
8636.67969 0.718431
8637.51953 0.71815
8638.36035 0.717869
8639.20996 0.717586
8640.04980 0.717246
8640.88965 0.715999
8641.73047 0.714748
8642.57031 0.713503
8643.41992 0.712251
8644.25977 0.711
8645.09961 0.709762
8645.94043 0.708512
8646.79004 0.707263
8647.62988 0.706021
8648.46973 0.704772
8649.30957 0.703529
8650.16016 0.702591
8651.00000 0.70298
8651.84961 0.703366
8652.69043 0.703753
8653.53027 0.70414
8654.37988 0.704525
8655.21973 0.704911
8656.05957 0.705292
8656.91016 0.705678
8657.75000 0.706062
8658.58984 0.706442
8659.44043 0.706825
8660.28027 0.706985
8661.12988 0.706705
8661.96973 0.706422
8662.80957 0.706141
8663.66016 0.705859
8664.50000 0.705578
8665.34961 0.705296
8666.20020 0.705013
8667.04004 0.704731
8667.87988 0.704452
8668.73047 0.704168
8669.57031 0.703888
8670.41992 0.703155
8671.25977 0.70196
8672.11035 0.70077
8672.95020 0.699575
8673.79980 0.698382
8674.65039 0.697197
8675.49023 0.696011
8676.33984 0.694818
8677.17969 0.693628
8678.03027 0.692438
8678.87012 0.691264
8679.71973 0.690074
8680.55957 0.689786
8681.41016 0.689947
8682.25977 0.690108
8683.09961 0.690267
8683.95020 0.690427
8684.79980 0.690586
8685.63965 0.690744
8686.49023 0.690902
8687.33984 0.69106
8688.19043 0.691218
8689.03027 0.691372
8689.87012 0.691528
8690.71973 0.691123
8691.57031 0.690619
8692.41992 0.690117
8693.26953 0.689614
8694.11035 0.689113
8694.95996 0.68861
8695.80957 0.688108
8696.66016 0.687604
8697.50977 0.687099
8698.34961 0.6866
8699.20020 0.686096
8700.04980 0.685567
8700.88965 0.684632
8701.74023 0.683687
8702.58984 0.682745
8703.44043 0.681806
8704.29004 0.680863
8705.13965 0.679922
8705.98047 0.678985
8706.83984 0.678045
8707.67969 0.67711
8708.53027 0.676169
8709.37988 0.675234
8710.23047 0.674729
8711.08008 0.675396
8711.92969 0.676061
8712.76953 0.676716
8713.62988 0.67738
8714.46973 0.678041
8715.32031 0.678702
8716.17969 0.679362
8717.01953 0.680018
8717.87988 0.680677
8718.73047 0.681337
8719.57031 0.681989
8720.42969 0.681732
8721.26953 0.680568
8722.12012 0.679402
8722.98047 0.678233
8723.82031 0.677078
8724.66992 0.675912
8725.51953 0.674746
8726.37012 0.673585
8727.23047 0.67242
8728.07031 0.671264
8728.92969 0.670098
8729.78027 0.668938
8730.62988 0.668472
8731.48047 0.66825
8732.33008 0.668031
8733.17969 0.667808
8734.04004 0.667584
8734.87988 0.667364
8735.73047 0.667141
8736.58984 0.666917
8737.44043 0.666695
8738.29004 0.666473
8739.15039 0.666249
8739.99023 0.666027
8740.84961 0.665857
8741.70020 0.665686
8742.54980 0.665515
8743.41016 0.665345
8744.25977 0.665176
8745.11035 0.665004
8745.95996 0.664835
8746.80957 0.664664
8747.66992 0.664491
8748.50977 0.66432
8749.37012 0.664148
8750.23047 0.663734
8751.08008 0.662644
8751.92969 0.66155
8752.79004 0.660454
8753.63965 0.659365
8754.49023 0.658279
8755.33984 0.657187
8756.20020 0.656095
8757.04980 0.655006
8757.90039 0.653925
8758.75977 0.652836
8759.61035 0.651754
8760.45996 0.651584
8761.32031 0.652193
8762.16992 0.652796
8763.03027 0.653404
8763.87988 0.654009
8764.73047 0.654609
8765.58984 0.655213
8766.44043 0.655814
8767.29980 0.656419
8768.16016 0.657021
8769.00000 0.657613
8769.86035 0.658215
8770.71973 0.658076
8771.57031 0.657792
8772.42969 0.657507
8773.28027 0.657224
8774.13965 0.65694
8774.99023 0.656655
8775.84961 0.656373
8776.70020 0.656087
8777.55957 0.655803
8778.41992 0.655518
8779.26953 0.655233
8780.12012 0.654938
8780.98047 0.654556
8781.83984 0.654175
8782.69043 0.653796
8783.54980 0.653413
8784.41016 0.653031
8785.25977 0.652651
8786.12012 0.65227
8786.96973 0.651892
8787.83008 0.651511
8788.69043 0.651129
8789.54980 0.65075
8790.40039 0.650353
8791.25977 0.649938
8792.11035 0.649527
8792.96973 0.649111
8793.83008 0.648699
8794.69043 0.648285
8795.54980 0.647871
8796.40039 0.647458
8797.25977 0.647043
8798.12012 0.646627
8798.96973 0.646215
8799.83008 0.645803
8800.69043 0.645884
8801.54980 0.646089
8802.41016 0.646292
8803.25977 0.646492
8804.12012 0.646695
8804.98047 0.646894
8805.83984 0.647094
8806.70020 0.647294
8807.54980 0.647493
8808.41016 0.647692
8809.26953 0.64789
8810.12988 0.647998
8810.99023 0.647596
8811.84961 0.647196
8812.70996 0.646792
8813.57031 0.646388
8814.41992 0.645991
8815.28027 0.645588
8816.13965 0.645185
8817.00000 0.644786
8817.86035 0.644383
8818.71973 0.643981
8819.58008 0.643581
8820.44043 0.643271
8821.29980 0.643052
8822.16016 0.642832
8823.01953 0.642612
8823.87988 0.642392
8824.74023 0.642172
8825.59961 0.641951
8826.45996 0.641732
8827.32031 0.641512
8828.17969 0.641292
8829.04004 0.641071
8829.90039 0.640849
8830.75977 0.640598
8831.62012 0.64034
8832.49023 0.640081
8833.34961 0.639825
8834.20996 0.639568
8835.07031 0.639309
8835.92969 0.639052
8836.79980 0.638794
8837.65039 0.638537
8838.50977 0.638278
8839.37012 0.63802
8840.24023 0.637845
8841.09961 0.637889
8841.95996 0.63793
8842.82031 0.637971
8843.69043 0.638014
8844.54980 0.638055
8845.41016 0.638095
8846.26953 0.638135
8847.12988 0.638173
8848.00000 0.638213
8848.84961 0.638253
8849.71973 0.638292
8850.58008 0.637865
8851.44043 0.637217
8852.30957 0.636566
8853.16992 0.635918
8854.03027 0.635268
8854.90039 0.634618
8855.75977 0.633973
8856.62012 0.633323
8857.49023 0.632677
8858.34961 0.632028
8859.21973 0.631378
8860.07031 0.630762
8860.94043 0.630438
8861.80957 0.630115
8862.66992 0.629792
8863.53027 0.629467
8864.40039 0.629142
8865.25977 0.62882
8866.12988 0.628497
8866.99023 0.628174
8867.84961 0.627847
8868.71973 0.627523
8869.58008 0.627197
8870.45020 0.626661
8871.32031 0.625931
8872.16992 0.625207
8873.04004 0.624477
8873.90039 0.62375
8874.76953 0.62302
8875.63965 0.62229
8876.50000 0.621566
8877.37012 0.620837
8878.23047 0.620108
8879.09961 0.619384
8879.96973 0.618658
8880.83008 0.618381
8881.69043 0.618122
8882.55957 0.617863
8883.41992 0.617607
8884.29004 0.617347
8885.16016 0.617086
8886.01953 0.616828
8886.88965 0.616568
8887.75000 0.616311
8888.62012 0.616052
8889.49023 0.615791
8890.34961 0.615435
8891.21973 0.614937
8892.08984 0.614442
8892.95996 0.613944
8893.83008 0.613446
8894.67969 0.612955
8895.54980 0.612458
8896.41992 0.61196
8897.29004 0.611466
8898.16016 0.610967
8899.03027 0.61047
8899.88965 0.609975
8900.75977 0.609949
8901.62988 0.609993
8902.50000 0.610035
8903.36035 0.610075
8904.23047 0.610114
8905.09961 0.610153
8905.96973 0.610195
8906.83008 0.610234
8907.70020 0.610273
8908.57031 0.610311
8909.44043 0.610349
8910.30957 0.609747
8911.16992 0.607989
8912.04980 0.606224
8912.91992 0.604464
8913.78027 0.602709
8914.65039 0.600948
8915.51953 0.599198
8916.38965 0.597437
8917.25977 0.595681
8918.12012 0.593946
8919.00000 0.592191
8919.86035 0.59045
8920.73047 0.589904
8921.59961 0.589584
8922.46973 0.589267
8923.33984 0.588949
8924.21973 0.588629
8925.08008 0.588309
8925.95996 0.587992
8926.82031 0.587674
8927.69043 0.587353
8928.57031 0.587033
8929.42969 0.586718
8930.29980 0.58661
8931.17969 0.5869
8932.04004 0.587186
8932.91992 0.587475
8933.78027 0.587763
8934.66016 0.58805
8935.53027 0.588335
8936.40039 0.588618
8937.26953 0.588903
8938.15039 0.589187
8939.00977 0.58947
8939.88965 0.589752
8940.75000 0.589242
8941.62988 0.588609
8942.50000 0.587975
8943.37012 0.587345
8944.24023 0.586712
8945.12012 0.586081
8945.99023 0.585452
8946.86035 0.584819
8947.73047 0.584191
8948.59961 0.583561
8949.46973 0.582933
8950.34961 0.582252
8951.21973 0.581497
8952.09961 0.580745
8952.95996 0.58
8953.83984 0.579249
8954.70996 0.5785
8955.58008 0.577749
8956.45996 0.576997
8957.33008 0.57625
8958.20020 0.5755
8959.08008 0.574747
8959.95020 0.574002
8960.83008 0.572916
8961.69043 0.571818
8962.57031 0.570714
8963.45020 0.56961
8964.30957 0.56852
8965.19043 0.567419
8966.07031 0.566318
8966.94043 0.565224
8967.80957 0.564123
8968.67969 0.563032
8969.55957 0.561935
8970.44043 0.561519
8971.30957 0.561788
8972.19043 0.562056
8973.05957 0.562321
8973.92969 0.562588
8974.80957 0.562854
8975.67969 0.563117
8976.55957 0.563382
8977.42969 0.563646
8978.30957 0.563908
8979.17969 0.564171
8980.05957 0.564386
8980.92969 0.563944
8981.80957 0.563503
8982.67969 0.563063
8983.55957 0.562622
8984.44043 0.56218
8985.30957 0.561741
8986.19043 0.5613
8987.05957 0.560861
8987.94043 0.560423
8988.82031 0.559982
8989.69043 0.559541
8990.57031 0.559401
8991.44043 0.559428
8992.32031 0.559452
8993.20020 0.559474
8994.08008 0.559499
8994.95020 0.559522
8995.83008 0.559544
8996.70020 0.559566
8997.58008 0.559589
8998.45996 0.559611
8999.33008 0.559632
9000.20996 0.559669
9001.08984 0.559756
9001.96973 0.559845
9002.84961 0.559931
9003.71973 0.560017
9004.59961 0.560104
9005.48047 0.560188
9006.34961 0.560271
9007.24023 0.560355
9008.11035 0.560437
9008.99023 0.56052
9009.87012 0.560603
9010.74023 0.560358
9011.62012 0.56005
9012.50000 0.559745
9013.37988 0.559441
9014.25977 0.559135
9015.13965 0.558831
9016.01953 0.558525
9016.90039 0.55822
9017.76953 0.557914
9018.66016 0.557607
9019.53027 0.557303
9020.41016 0.556911
9021.29980 0.556421
9022.16992 0.55594
9023.04980 0.555454
9023.92969 0.554964
9024.80957 0.554479
9025.69043 0.553992
9026.57031 0.553505
9027.45020 0.55302
9028.33008 0.552533
9029.20996 0.552049
9030.08984 0.55156
9030.96973 0.551068
9031.84961 0.550579
9032.73047 0.550087
9033.61035 0.549594
9034.49023 0.549109
9035.37012 0.548617
9036.25000 0.548127
9037.12988 0.547636
9038.00977 0.547145
9038.88965 0.546656
9039.78027 0.546163
9040.66016 0.545837
9041.54004 0.54557
9042.41992 0.545302
9043.29980 0.545034
9044.17969 0.544764
9045.07031 0.544491
9045.94043 0.544225
9046.83008 0.543956
9047.70996 0.543688
9048.58984 0.543419
9049.46973 0.543148
9050.34961 0.542671
9051.24023 0.541881
9052.12012 0.54109
9053.00000 0.540305
9053.88965 0.539518
9054.76953 0.538735
9055.65039 0.537946
9056.54004 0.537159
9057.41016 0.536382
9058.29980 0.535596
9059.17969 0.534809
9060.05957 0.53407
9060.95020 0.533904
9061.83008 0.533741
9062.70996 0.533575
9063.59961 0.533409
9064.48047 0.533245
9065.36035 0.533081
9066.25000 0.532916
9067.12988 0.532748
9068.01953 0.532578
9068.90039 0.53241
9069.78027 0.532245
9070.66992 0.532391
9071.54980 0.532642
9072.42969 0.532894
9073.32031 0.533143
9074.20020 0.533391
9075.08984 0.533637
9075.98047 0.533883
9076.86035 0.534129
9077.75000 0.534375
9078.62988 0.534618
9079.50977 0.534862
9080.40039 0.534382
9081.28027 0.533045
9082.16992 0.531694
9083.04980 0.530351
9083.94043 0.529
9084.83008 0.52765
9085.70996 0.52631
9086.59961 0.524964
9087.48047 0.52362
9088.37012 0.522283
9089.25000 0.52094
9090.13965 0.519794
9091.03027 0.51966
9091.91992 0.519524
9092.79004 0.51939
9093.67969 0.519255
9094.57031 0.519118
9095.45020 0.518981
9096.33984 0.518845
9097.23047 0.518709
9098.12012 0.518571
9099.00000 0.518433
9099.88965 0.518296
9100.78027 0.517509
9101.66016 0.516633
9102.54980 0.515753
9103.44043 0.514874
9104.32031 0.514005
9105.20996 0.513124
9106.09961 0.512247
9106.99023 0.511374
9107.87988 0.510499
9108.76953 0.509623
9109.65039 0.508752
9110.54004 0.508893
9111.42969 0.509686
9112.32031 0.510481
9113.20996 0.511275
9114.08984 0.512064
9114.98047 0.512856
9115.87012 0.513646
9116.75000 0.514425
9117.65039 0.51521
9118.53027 0.51599
9119.41992 0.516775
9120.30957 0.517041
9121.20020 0.516364
9122.08984 0.515687
9122.98047 0.515005
9123.87012 0.514328
9124.75977 0.51365
9125.65039 0.512975
9126.54004 0.512296
9127.42969 0.511617
9128.30957 0.510945
9129.20996 0.510269
9130.09961 0.509555
9130.99023 0.508554
9131.87988 0.507548
9132.75977 0.506548
9133.66016 0.505545
9134.54980 0.50454
9135.44043 0.503542
9136.33008 0.502541
9137.21973 0.50154
9138.11035 0.500545
9139.00000 0.499546
9139.88965 0.498559
9140.78027 0.4984
9141.66992 0.498362
9142.55957 0.498323
9143.45020 0.498284
9144.34961 0.498245
9145.24023 0.498206
9146.12988 0.498167
9147.01953 0.498124
9147.91016 0.498084
9148.80957 0.498043
9149.70020 0.498002
9150.58984 0.497975
9151.49023 0.497955
9152.37012 0.497934
9153.25977 0.497912
9154.15039 0.497889
9155.04980 0.497867
9155.94043 0.497843
9156.83008 0.497821
9157.73047 0.497798
9158.62012 0.497771
9159.50977 0.497745
9160.41016 0.497439
9161.29980 0.496802
9162.19043 0.496161
9163.08984 0.495519
9163.96973 0.494884
9164.87012 0.494244
9165.75977 0.493606
9166.66016 0.492966
9167.54980 0.492327
9168.44043 0.49169
9169.33984 0.49105
9170.23047 0.490541
9171.12012 0.490397
9172.01953 0.490254
9172.91016 0.49011
9173.80957 0.489964
9174.70020 0.489818
9175.58984 0.489675
9176.49023 0.489529
9177.38965 0.489381
9178.28027 0.489234
9179.16992 0.489088
9180.07031 0.488925
9180.95996 0.488576
9181.86035 0.488224
9182.75000 0.487874
9183.65039 0.487522
9184.54980 0.48717
9185.44043 0.486821
9186.33984 0.486469
9187.23047 0.486121
9188.12012 0.485768
9189.01953 0.485417
9189.91016 0.485066
9190.80957 0.484951
9191.70996 0.484858
9192.59961 0.484766
9193.50000 0.484672
9194.40039 0.48458
9195.29004 0.484487
9196.19043 0.484393
9197.08984 0.484298
9197.98047 0.484202
9198.87988 0.484107
9199.76953 0.484013
9200.66992 0.48405
9201.57031 0.484132
9202.45996 0.484216
9203.36035 0.484299
9204.25977 0.48438
9205.16016 0.484461
9206.05957 0.484542
9206.95020 0.484618
9207.84961 0.484698
9208.75000 0.484777
9209.65039 0.484855
9210.54980 0.484542
9211.44043 0.483983
9212.33984 0.483419
9213.24023 0.482855
9214.12988 0.482292
9215.03027 0.481728
9215.92969 0.481167
9216.83008 0.480605
9217.73047 0.48004
9218.62012 0.479478
9219.51953 0.478916
9220.41992 0.478557
9221.32031 0.478423
9222.21973 0.478288
9223.11035 0.478156
9224.01953 0.478021
9224.91992 0.477888
9225.80957 0.477754
9226.71973 0.477617
9227.62012 0.477481
9228.50977 0.477348
9229.41992 0.477212
9230.30957 0.476974
9231.21973 0.476545
9232.12012 0.476118
9233.00977 0.475694
9233.91992 0.475264
9234.82031 0.474838
9235.70996 0.474414
9236.61035 0.473985
9237.50977 0.473559
9238.41016 0.473132
9239.32031 0.472704
9240.20996 0.472277
9241.12012 0.471836
9242.01953 0.471395
9242.91992 0.470961
9243.82031 0.47052
9244.71973 0.470084
9245.62012 0.469645
9246.53027 0.469206
9247.41992 0.468772
9248.32031 0.468333
9249.21973 0.467894
9250.12988 0.467538
9251.03027 0.467709
9251.92969 0.467875
9252.83008 0.468041
9253.74023 0.46821
9254.63965 0.468374
9255.54004 0.468539
9256.44043 0.468702
9257.33984 0.468865
9258.25000 0.469027
9259.15039 0.469189
9260.04980 0.469335
9260.95020 0.469231
9261.84961 0.469129
9262.75977 0.469027
9263.66016 0.468924
