threeML/data/optical_filters/HST/ACS_WFC-F606W_81.ecsv
# %ECSV 0.9
# ---
# datatype:
# - {name: wavelength, unit: Angstrom, datatype: float32}
# - {name: response, datatype: float32}
# meta: !!omap
# - {band_name: F606W_81}
# - {group_name: ACS_WFC}
wavelength response
[from data line 795]
5087.08008 0.599722
5087.72021 0.60149
5088.35986 0.60325
5089.00000 0.605012
5089.62988 0.606775
5090.27002 0.606631
5090.91016 0.6039
5091.54980 0.601169
5092.18994 0.598424
5092.81982 0.59569
5093.45996 0.592941
5094.10010 0.590204
5094.74023 0.587464
5095.37988 0.584722
5096.00977 0.581978
5096.64990 0.579235
5097.29004 0.576489
5097.93018 0.57373
5098.56982 0.570981
5099.20996 0.568218
5099.85010 0.565465
5100.49023 0.565051
5101.12012 0.565371
5101.75977 0.56569
5102.39990 0.56601
5103.04004 0.56633
5103.68018 0.566651
5104.31982 0.566971
5104.95996 0.567292
5105.60010 0.567613
5106.24023 0.567934
5106.87988 0.568254
5107.52002 0.568575
5108.16016 0.568895
5108.79980 0.569218
5109.43994 0.569538
5110.08008 0.56979
5110.72021 0.569553
5111.35986 0.569315
5112.00000 0.569077
5112.64014 0.568839
5113.27979 0.568601
5113.91992 0.568363
5114.56006 0.568124
5115.20020 0.567886
5115.85010 0.567647
5116.49023 0.567407
5117.12988 0.567168
5117.77002 0.566929
5118.41016 0.566689
5119.04980 0.56645
5119.68994 0.56621
5120.33984 0.566252
5120.97998 0.566555
5121.62012 0.566857
5122.25977 0.56716
5122.89990 0.567464
5123.54004 0.567767
5124.18994 0.56807
5124.83008 0.568372
5125.47021 0.568676
5126.10986 0.56898
5126.75000 0.569284
5127.39990 0.569588
5128.04004 0.569893
5128.68018 0.570196
5129.31982 0.5705
5129.97021 0.570804
5130.60986 0.572439
5131.25000 0.574134
5131.89990 0.575844
5132.54004 0.577548
5133.18018 0.579253
5133.81982 0.580959
5134.47021 0.582673
5135.10986 0.58438
5135.75000 0.586089
5136.39990 0.587798
5137.04004 0.589509
5137.68994 0.591228
5138.33008 0.592941
5138.97021 0.594654
5139.62012 0.596375
5140.25977 0.597591
5140.89990 0.598077
5141.54980 0.598562
5142.18994 0.599051
5142.83984 0.599536
5143.47998 0.600025
5144.12988 0.600512
5144.77002 0.600998
5145.41016 0.601486
5146.06006 0.601976
5146.70020 0.602461
5147.35010 0.602951
5147.99023 0.603438
5148.64014 0.603926
5149.27979 0.604417
5149.93018 0.604905
5150.56982 0.60652
5151.22021 0.60828
5151.87012 0.610035
5152.50977 0.611789
5153.16016 0.613546
5153.79980 0.61531
5154.45020 0.617061
5155.10010 0.618828
5155.74023 0.620586
5156.39014 0.622347
5157.02979 0.624109
5157.68018 0.625878
5158.31982 0.627633
5158.97021 0.629405
5159.62012 0.63117
5160.25977 0.631377
5160.91016 0.629295
5161.56006 0.627218
5162.20020 0.625139
5162.85010 0.623052
5163.50000 0.620972
5164.14990 0.61889
5164.79004 0.616807
5165.43994 0.614714
5166.08008 0.612639
5166.72998 0.610543
5167.37988 0.608455
5168.02979 0.606366
5168.66992 0.604278
5169.31982 0.602177
5169.97021 0.600092
5170.62012 0.600045
5171.27002 0.600104
5171.91016 0.600163
5172.56006 0.600222
5173.20996 0.600281
5173.85986 0.600339
5174.50977 0.600398
5175.16016 0.600456
5175.79980 0.600514
5176.45020 0.600573
5177.10010 0.600632
5177.75000 0.600689
5178.39990 0.600747
5179.04980 0.600804
5179.68994 0.600862
5180.33984 0.600355
5180.99023 0.59934
5181.64014 0.598334
5182.29004 0.597319
5182.93994 0.596307
5183.58984 0.595295
5184.24023 0.594277
5184.89014 0.593263
5185.54004 0.592249
5186.18994 0.591229
5186.83984 0.590213
5187.49023 0.589197
5188.14014 0.58818
5188.79004 0.587159
5189.43994 0.586144
5190.08984 0.585914
5190.74023 0.590598
5191.39014 0.595287
5192.04004 0.599977
5192.68994 0.604689
5193.33984 0.609361
5193.99023 0.614078
5194.64014 0.618778
5195.29004 0.62348
5195.95020 0.628201
5196.60010 0.632906
5197.25000 0.637616
5197.89990 0.642345
5198.54980 0.647055
5199.20020 0.65177
5199.85010 0.656487
5200.50000 0.655554
5201.14990 0.652964
5201.81006 0.650361
5202.45996 0.647766
5203.10986 0.645171
5203.77002 0.642562
5204.41992 0.639962
5205.06006 0.637371
5205.72021 0.634756
5206.37012 0.632152
5207.02002 0.629544
5207.66992 0.626935
5208.33008 0.624313
5208.97998 0.621701
5209.64014 0.619076
5210.29004 0.618095
5210.93994 0.61918
5211.58984 0.620266
5212.24023 0.621352
5212.89990 0.62244
5213.54980 0.623528
5214.20020 0.624621
5214.85986 0.625712
5215.50977 0.626807
5216.16992 0.627898
5216.81982 0.628984
5217.47021 0.630081
5218.12012 0.631174
5218.77979 0.632268
5219.43018 0.633362
5220.08984 0.633742
5220.74023 0.629484
5221.39990 0.625207
5222.04980 0.620948
5222.70020 0.616685
5223.35986 0.61242
5224.00977 0.608154
5224.66992 0.603887
5225.31982 0.599614
5225.97998 0.595325
5226.62988 0.59105
5227.29004 0.586754
5227.93994 0.582476
5228.60010 0.578215
5229.25000 0.573915
5229.91016 0.56963
5230.56006 0.568535
5231.22021 0.567971
5231.87012 0.567404
5232.52979 0.566838
5233.18994 0.566269
5233.83984 0.565703
5234.50000 0.565137
5235.14990 0.56457
5235.81006 0.564003
5236.45996 0.563435
5237.12012 0.562867
5237.77979 0.562296
5238.43018 0.561727
5239.08984 0.561155
5239.75000 0.560586
5240.39990 0.562973
5241.06006 0.567277
5241.70996 0.571561
5242.37012 0.575851
5243.02979 0.580143
5243.68994 0.584456
5244.33984 0.588753
5245.00000 0.593074
5245.66016 0.597375
5246.31006 0.601681
5246.97021 0.605989
5247.62988 0.610301
5248.27979 0.614614
5248.93994 0.618932
5249.60010 0.623269
5250.25977 0.624866
5250.91992 0.622266
5251.58008 0.619677
5252.22998 0.617099
5252.89014 0.614494
5253.54980 0.611902
5254.20996 0.609306
5254.85986 0.60671
5255.52002 0.6041
5256.18018 0.6015
5256.83984 0.598886
5257.50000 0.596284
5258.16016 0.593679
5258.81982 0.591074
5259.47998 0.588466
5260.14014 0.587103
5260.79004 0.590592
5261.45020 0.594101
5262.10986 0.597596
5262.77002 0.601105
5263.43018 0.604605
5264.08984 0.608088
5264.75000 0.611605
5265.41016 0.615111
5266.06982 0.618617
5266.72998 0.622124
5267.39014 0.625648
5268.04980 0.629159
5268.70996 0.63269
5269.37012 0.636204
5270.02979 0.639494
5270.68994 0.638213
5271.35010 0.636929
5272.00977 0.635638
5272.66992 0.634359
5273.33008 0.633066
5273.99023 0.631778
5274.66016 0.630484
5275.31006 0.6292
5275.97021 0.62791
5276.64014 0.626613
5277.29980 0.625321
5277.95996 0.624029
5278.62012 0.622735
5279.27979 0.621434
5279.93994 0.620138
5280.60986 0.622609
5281.27002 0.625415
5281.93018 0.628224
5282.58984 0.631033
5283.25000 0.633845
5283.91992 0.636669
5284.56982 0.639471
5285.24023 0.642296
5285.89990 0.645111
5286.56006 0.64794
5287.22021 0.650744
5287.89014 0.653565
5288.54980 0.656396
5289.20996 0.659218
5289.87988 0.66204
5290.54004 0.661255
5291.20020 0.659621
5291.85986 0.657992
5292.52979 0.656356
5293.18994 0.654726
5293.85010 0.653093
5294.52002 0.651461
5295.18018 0.649826
5295.85010 0.648185
5296.50977 0.646555
5297.16992 0.64491
5297.83984 0.643273
5298.50000 0.641625
5299.16016 0.639992
5299.81982 0.638351
5300.49023 0.637275
5301.14990 0.636408
5301.81982 0.635541
5302.47998 0.634673
5303.14990 0.6338
5303.81006 0.63293
5304.47998 0.632058
5305.14014 0.631189
5305.81006 0.630318
5306.47021 0.629447
5307.14014 0.628576
5307.79980 0.627699
5308.45996 0.62683
5309.12988 0.625957
5309.79980 0.62508
5310.45996 0.62328
5311.12988 0.621091
5311.79004 0.618894
5312.45996 0.616682
5313.12012 0.61448
5313.79004 0.612276
5314.45020 0.610072
5315.12012 0.607866
5315.79004 0.605646
5316.45996 0.603426
5317.12012 0.601214
5317.79004 0.599002
5318.45020 0.596787
5319.12012 0.594571
5319.79004 0.592344
5320.45020 0.594359
5321.12012 0.598398
5321.77979 0.602456
5322.45020 0.606517
5323.12012 0.610545
5323.77979 0.61459
5324.45020 0.618657
5325.12012 0.622707
5325.79004 0.62676
5326.45020 0.630814
5327.12012 0.634873
5327.79004 0.638951
5328.45996 0.643026
5329.12012 0.647088
5329.79004 0.651153
5330.45996 0.650665
5331.12988 0.648123
5331.79004 0.645578
5332.45996 0.643031
5333.12988 0.640483
5333.79980 0.637922
5334.47021 0.635361
5335.14014 0.632819
5335.79980 0.630263
5336.47021 0.627697
5337.14014 0.62514
5337.81006 0.622583
5338.47998 0.620024
5339.14990 0.617462
5339.81982 0.614887
5340.49023 0.61748
5341.16016 0.621987
5341.83008 0.626494
5342.49023 0.631002
5343.16016 0.635516
5343.83008 0.640031
5344.50000 0.644549
5345.16992 0.649069
5345.83984 0.653611
5346.50977 0.658155
5347.18018 0.662684
5347.85010 0.667195
5348.52002 0.671749
5349.18994 0.676286
5349.85986 0.680823
5350.52979 0.680991
5351.20020 0.680018
5351.87012 0.679039
5352.54980 0.67806
5353.22021 0.677084
5353.89014 0.676107
5354.56006 0.67513
5355.22998 0.674152
5355.89990 0.673174
5356.56982 0.672196
5357.24023 0.671217
5357.91016 0.670233
5358.58984 0.669248
5359.25977 0.668266
5359.91992 0.667288
5360.60010 0.666824
5361.27002 0.666428
5361.93994 0.666032
5362.60986 0.665636
5363.27979 0.665238
5363.95996 0.664839
5364.62988 0.664439
5365.29980 0.664041
5365.97021 0.663642
5366.64990 0.663243
5367.31982 0.662845
5367.99023 0.662445
5368.66016 0.662046
5369.33008 0.661645
5370.00977 0.661251
5370.68018 0.661549
5371.35986 0.661848
5372.02002 0.662145
5372.70020 0.662444
5373.37012 0.662742
5374.04980 0.66304
5374.72021 0.663338
5375.39014 0.663636
5376.06982 0.663936
5376.74023 0.664235
5377.41992 0.664534
5378.08984 0.664832
5378.75977 0.66513
5379.43994 0.665429
5380.10986 0.66548
5380.77979 0.664254
5381.45996 0.663029
5382.12988 0.661797
5382.81006 0.660563
5383.47998 0.659334
5384.14990 0.65811
5384.83008 0.656875
5385.50977 0.655644
5386.18018 0.654413
5386.85010 0.65318
5387.52979 0.651947
5388.20020 0.650708
5388.87988 0.649468
5389.56006 0.648231
5390.22998 0.64645
5390.91016 0.643631
5391.58008 0.640807
5392.25977 0.637981
5392.93018 0.635156
5393.60986 0.632329
5394.27979 0.629486
5394.95996 0.626655
5395.64014 0.623811
5396.31006 0.62099
5396.99023 0.61814
5397.66016 0.615304
5398.33984 0.612465
5399.02002 0.609625
5399.68994 0.606783
5400.37012 0.605243
5401.04980 0.604801
5401.72998 0.604356
5402.39990 0.603913
5403.08008 0.60347
5403.75000 0.603026
5404.43018 0.602581
5405.10986 0.602137
5405.77979 0.601692
5406.45996 0.601245
5407.14014 0.600799
5407.81982 0.60035
5408.49023 0.599906
5409.16992 0.599458
5409.85010 0.59901
5410.52979 0.600889
5411.20020 0.603428
5411.87988 0.605971
5412.56006 0.608523
5413.24023 0.611067
5413.91992 0.613621
5414.60010 0.616168
5415.27979 0.618716
5415.95020 0.621266
5416.62988 0.623815
5417.31006 0.626368
5417.99023 0.628922
5418.66992 0.631486
5419.35010 0.634042
5420.02979 0.63658
5420.70020 0.638637
5421.39014 0.640707
5422.06006 0.642769
5422.74023 0.644831
5423.41992 0.646894
5424.10010 0.648956
5424.77979 0.65103
5425.45996 0.653095
5426.14014 0.655161
5426.81982 0.657239
5427.50000 0.659307
5428.18018 0.661376
5428.85986 0.663447
5429.54004 0.665527
5430.22021 0.667449
5430.89990 0.669091
5431.58008 0.670727
5432.25977 0.672364
5432.93994 0.674002
5433.62988 0.675649
5434.31006 0.677289
5434.99023 0.678929
5435.66992 0.68057
5436.35010 0.682213
5437.02979 0.683865
5437.70996 0.685508
5438.39014 0.687152
5439.08008 0.688806
5439.75977 0.690453
5440.43994 0.691977
5441.12012 0.693431
5441.79980 0.694893
5442.47998 0.696343
5443.16992 0.697807
5443.85010 0.699264
5444.52979 0.700722
5445.20996 0.70218
5445.89014 0.703646
5446.58008 0.705107
5447.25977 0.706569
5447.93994 0.708029
5448.62012 0.709491
5449.31006 0.710961
5449.99023 0.712425
5450.66992 0.711978
5451.35986 0.711497
5452.04004 0.711016
5452.72021 0.710536
5453.39990 0.710056
5454.08984 0.709573
5454.77002 0.709093
5455.45020 0.708609
5456.14014 0.708127
5456.81982 0.707645
5457.50000 0.707162
5458.18994 0.706677
5458.87012 0.706193
5459.56006 0.705709
5460.24023 0.705499
5460.91992 0.705793
5461.60986 0.70609
5462.29004 0.706385
5462.97998 0.706681
5463.66016 0.706977
5464.35010 0.707272
5465.02979 0.707567
5465.72021 0.707862
5466.39990 0.708159
5467.08008 0.708454
5467.77002 0.70875
5468.45996 0.709046
5469.14014 0.709341
5469.81982 0.709636
5470.50977 0.710423
5471.20020 0.711374
5471.87988 0.712322
5472.56982 0.713274
5473.25000 0.714225
5473.93994 0.715179
5474.62988 0.716132
5475.31006 0.717084
5476.00000 0.71804
5476.68994 0.718993
5477.37012 0.719946
5478.06006 0.720899
5478.74023 0.721858
5479.43018 0.722809
5480.12012 0.723532
5480.79980 0.723093
5481.49023 0.722654
5482.18018 0.722215
5482.85986 0.721776
5483.54980 0.721336
5484.24023 0.720896
5484.91992 0.720455
5485.60986 0.720015
5486.29980 0.719573
5486.99023 0.719132
5487.66992 0.718691
5488.35986 0.718247
5489.04980 0.717805
5489.74023 0.717362
5490.41992 0.717021
5491.10986 0.71674
5491.79980 0.716461
5492.49023 0.71618
5493.18018 0.7159
5493.85986 0.71562
5494.54980 0.715338
5495.24023 0.715056
5495.93018 0.714775
5496.62012 0.714494
5497.31006 0.714212
5497.99023 0.71393
5498.68994 0.713647
5499.37988 0.713365
5500.06006 0.712887
5500.75000 0.710453
5501.43994 0.708027
5502.12988 0.705599
5502.81982 0.70317
5503.50977 0.700728
5504.20020 0.698307
5504.89014 0.695861
5505.58008 0.693425
5506.27002 0.690989
5506.95996 0.688538
5507.64990 0.686097
5508.33984 0.683654
5509.02979 0.681209
5509.72021 0.678764
5510.41016 0.67814
5511.10010 0.678776
5511.79004 0.679408
5512.47998 0.680041
5513.16992 0.680678
5513.85986 0.681311
5514.54980 0.681946
5515.24023 0.68258
5515.93994 0.683216
5516.62012 0.683848
5517.31006 0.684483
5518.00977 0.685122
5518.70020 0.685757
5519.39014 0.686394
5520.08984 0.687067
5520.77979 0.687999
5521.47021 0.688931
5522.16016 0.689863
5522.85010 0.690797
5523.54004 0.691731
5524.22998 0.692669
5524.93018 0.693603
5525.62012 0.694542
5526.31006 0.695477
5527.00000 0.696413
5527.70020 0.697349
5528.39014 0.698289
5529.08008 0.699221
5529.77002 0.700159
5530.47021 0.701075
5531.16016 0.701976
5531.85010 0.702881
5532.54980 0.703782
5533.24023 0.704681
5533.93018 0.705586
5534.62012 0.706487
5535.31982 0.70739
5536.00977 0.708293
5536.70996 0.709201
5537.39990 0.710105
5538.10010 0.711013
5538.79004 0.711916
5539.47998 0.712821
5540.18018 0.713689
5540.87012 0.714454
5541.56006 0.715212
5542.25977 0.715974
5542.95020 0.716739
5543.64990 0.717501
5544.35010 0.718267
5545.04004 0.719029
5545.72998 0.719788
5546.43018 0.720553
5547.12012 0.721317
5547.81982 0.72208
5548.50977 0.722843
5549.20996 0.72361
5549.89990 0.724375
5550.60010 0.723293
5551.29980 0.721915
5551.99023 0.720537
5552.68994 0.719158
5553.37988 0.717771
5554.06982 0.716395
5554.77002 0.715014
5555.47021 0.713625
5556.16016 0.712242
5556.85986 0.710851
5557.56006 0.709466
5558.25000 0.708084
5558.95020 0.706691
5559.64990 0.705301
5560.33984 0.705221
5561.04004 0.706502
5561.74023 0.707788
5562.43018 0.70907
5563.12988 0.710357
5563.83008 0.71164
5564.52002 0.712923
5565.22021 0.714206
5565.91992 0.715494
5566.60986 0.716773
5567.31006 0.718058
5568.00977 0.719348
5568.70996 0.720634
5569.41016 0.721926
5570.10986 0.723082
5570.79980 0.723504
5571.50000 0.723929
5572.20020 0.724354
5572.89990 0.724777
5573.58984 0.725201
5574.29004 0.725627
5574.99023 0.72605
5575.68994 0.726478
5576.39014 0.726902
5577.08984 0.727326
5577.79004 0.72775
5578.49023 0.728176
5579.18994 0.7286
5579.87988 0.729023
5580.58008 0.728659
5581.27979 0.728135
5581.97998 0.727608
5582.68018 0.727087
5583.37988 0.726563
5584.08008 0.726037
5584.77979 0.72551
5585.47998 0.724985
5586.18018 0.724459
5586.87988 0.723931
5587.58008 0.723404
5588.27979 0.722875
5588.97998 0.722348
5589.68018 0.721821
5590.37988 0.721382
5591.08008 0.721016
5591.77979 0.720652
5592.47998 0.72029
5593.18018 0.719925
5593.87988 0.719561
5594.58008 0.719196
5595.29004 0.718829
5595.99023 0.718463
5596.68994 0.718098
5597.39014 0.717733
5598.08984 0.717366
5598.79004 0.716997
5599.50000 0.716628
5600.18994 0.715792
5600.89990 0.713676
5601.60010 0.711559
5602.29980 0.709449
5603.00000 0.707328
5603.70020 0.705225
5604.39990 0.703113
5605.10986 0.70099
5605.81006 0.698863
5606.50977 0.696765
5607.20996 0.694637
5607.91992 0.692509
5608.62012 0.690388
5609.31982 0.688266
5610.02002 0.686223
5610.72998 0.686366
5611.43018 0.686511
5612.14014 0.686656
5612.83008 0.686798
5613.54004 0.686942
5614.25000 0.687086
5614.95020 0.68723
5615.64990 0.687373
5616.35010 0.687516
5617.06006 0.687659
5617.75977 0.687805
5618.47021 0.687949
5619.16992 0.68809
5619.87012 0.688235
5620.58008 0.689869
5621.27979 0.691821
5621.99023 0.693775
5622.68994 0.695728
5623.39990 0.697683
5624.10010 0.699648
5624.81006 0.701612
5625.50977 0.703553
