threeML/data/optical_filters/HST/NICMOS2-F207M.ecsv
# %ECSV 0.9
# ---
# datatype:
# - {name: wavelength, unit: Angstrom, datatype: float32}
# - {name: response, datatype: float32}
# meta: !!omap
# - {band_name: F207M}
# - {group_name: NICMOS2}
wavelength response
19664.65039 0.0
19665.02930 0.000148
19665.40039 0.000329
19665.77930 0.000511
19666.15039 0.000603
19666.52930 0.000568
19666.91016 0.000534
19667.27930 0.000499
19667.66016 0.000464
19668.03906 0.000432
19668.41016 0.000421
19668.78906 0.000409
19669.16016 0.000398
19669.53906 0.000387
19669.91016 0.000376
19670.28906 0.000422
19670.66992 0.000486
19671.03906 0.00055
19671.41992 0.000614
19671.78906 0.000677
19672.16992 0.000675
19672.55078 0.000595
19672.91992 0.000514
19673.30078 0.000433
19673.67969 0.000352
19674.05078 0.000283
19674.42969 0.000292
19674.80078 0.000301
19675.17969 0.000309
19675.56055 0.000318
19675.92969 0.000326
19676.31055 0.000373
19676.68945 0.000429
19677.06055 0.000484
19677.43945 0.000539
19677.81055 0.000594
19678.18945 0.000587
19678.57031 0.000517
19678.93945 0.000448
19679.32031 0.000378
19679.69922 0.000309
19680.07031 0.000259
19680.44922 0.000293
19680.82031 0.000327
19681.19922 0.000362
19681.58008 0.000396
19681.94922 0.000431
19682.33008 0.000417
19682.71094 0.000397
19683.08008 0.000376
19683.46094 0.000356
19683.83008 0.000335
19684.21094 0.000326
19684.58984 0.000326
19684.96094 0.000326
19685.33984 0.000327
19685.71094 0.000327
19686.08984 0.000336
19686.47070 0.000375
19686.83984 0.000413
19687.22070 0.000452
19687.59961 0.00049
19687.97070 0.000528
19688.34961 0.000504
19688.73047 0.000474
19689.09961 0.000445
19689.48047 0.000415
19689.85938 0.000386
19690.23047 0.000425
19690.60938 0.000507
19690.98047 0.000589
19691.35938 0.000671
19691.74023 0.000753
19692.10938 0.000805
19692.49023 0.000788
19692.86914 0.000771
19693.24023 0.000754
19693.61914 0.000737
19694.00000 0.000721
19694.36914 0.001049
19694.75000 0.001382
19695.13086 0.001715
19695.50000 0.002045
19695.88086 0.002378
19696.25977 0.002312
19696.63086 0.002057
19697.00977 0.001802
19697.38086 0.001549
19697.75977 0.001294
19698.14062 0.001114
19698.51953 0.001062
19698.89062 0.00101
19699.26953 0.000959
19699.64062 0.000907
19700.01953 0.000855
19700.40039 0.000803
19700.77930 0.000751
19701.15039 0.000699
19701.52930 0.000647
19701.90039 0.000595
19702.27930 0.000635
19702.66016 0.000705
19703.03906 0.000775
19703.41016 0.000846
19703.78906 0.000916
19704.16016 0.000929
19704.53906 0.000868
19704.91992 0.000807
19705.28906 0.000746
19705.66992 0.000685
19706.05078 0.000635
19706.42969 0.000652
19706.80078 0.00067
19707.17969 0.000687
19707.55078 0.000704
19707.92969 0.000722
19708.31055 0.000629
19708.68945 0.000511
19709.06055 0.000394
19709.43945 0.000276
19709.82031 0.000159
19710.18945 0.00011
19710.57031 0.000128
19710.94922 0.000145
19711.32031 0.000162
19711.69922 0.000179
19712.08008 0.0002
19712.44922 0.00024
19712.83008 0.000279
19713.21094 0.000318
19713.58008 0.000357
19713.96094 0.000397
19714.33984 0.000566
19714.71094 0.000751
19715.08984 0.000936
19715.47070 0.001121
19715.84961 0.001306
19716.22070 0.001508
19716.59961 0.001724
19716.98047 0.001939
19717.34961 0.002154
19717.73047 0.002369
19718.10938 0.002437
19718.48047 0.002133
19718.85938 0.00183
19719.24023 0.001526
19719.61914 0.001223
19719.99023 0.000919
19720.36914 0.00093
19720.75000 0.000947
19721.11914 0.000965
19721.50000 0.000982
19721.88086 0.001
19722.25977 0.001058
19722.63086 0.001136
19723.00977 0.001214
19723.39062 0.001293
19723.75977 0.001371
19724.14062 0.001328
19724.51953 0.001081
19724.89062 0.000835
19725.26953 0.000589
19725.65039 0.000343
19726.02930 0.000121
19726.40039 0.000243
19726.77930 0.000364
19727.16016 0.000486
19727.53906 0.000608
19727.91016 0.00073
19728.28906 0.000812
19728.66992 0.000883
19729.03906 0.000953
19729.41992 0.001024
19729.80078 0.001095
19730.16992 0.001126
19730.55078 0.001112
19730.92969 0.001097
19731.31055 0.001083
19731.67969 0.001068
19732.06055 0.001038
19732.43945 0.000923
19732.81055 0.000808
19733.18945 0.000693
19733.57031 0.000577
19733.94922 0.000462
19734.32031 0.000536
19734.69922 0.00064
19735.08008 0.000744
19735.46094 0.000848
19735.83008 0.000953
19736.21094 0.001141
19736.58984 0.001395
19736.96094 0.001649
19737.33984 0.001904
19737.72070 0.002159
19738.09961 0.002316
19738.47070 0.002193
19738.84961 0.00207
19739.23047 0.001947
19739.60938 0.001823
19739.98047 0.0017
19740.35938 0.001547
19740.74023 0.001392
19741.11914 0.001236
19741.49023 0.001082
19741.86914 0.000927
19742.25000 0.000961
19742.63086 0.001094
19743.00000 0.001227
19743.38086 0.001359
19743.75977 0.001492
19744.14062 0.001569
19744.50977 0.001548
19744.89062 0.001528
19745.26953 0.001507
19745.65039 0.001486
19746.01953 0.001466
19746.40039 0.00146
19746.77930 0.001455
19747.16016 0.00145
19747.52930 0.001445
19747.91016 0.00144
19748.28906 0.001364
19748.66992 0.001266
19749.03906 0.001169
19749.41992 0.00107
19749.80078 0.000973
19750.17969 0.000973
19750.55078 0.001086
19750.92969 0.001198
19751.31055 0.00131
19751.68945 0.001423
19752.06055 0.001518
19752.43945 0.001531
19752.82031 0.001544
19753.19922 0.001557
19753.57031 0.001571
19753.94922 0.001584
19754.33008 0.001591
19754.71094 0.001597
19755.08984 0.001603
19755.46094 0.001609
19755.83984 0.001615
19756.22070 0.001602
19756.59961 0.001575
19756.97070 0.001547
19757.34961 0.00152
19757.73047 0.001493
19758.10938 0.001475
19758.48047 0.001478
19758.85938 0.001482
19759.24023 0.001485
19759.61914 0.001488
19760.00000 0.001492
19760.36914 0.001611
19760.75000 0.001732
19761.13086 0.001852
19761.50977 0.001973
19761.88086 0.002094
19762.25977 0.002084
19762.64062 0.002017
19763.01953 0.00195
19763.40039 0.001882
19763.76953 0.001816
19764.15039 0.001736
19764.52930 0.001639
19764.91016 0.001542
19765.28906 0.001445
19765.66016 0.001348
19766.03906 0.001277
19766.41992 0.001418
19766.80078 0.001561
19767.16992 0.001702
19767.55078 0.001844
19767.92969 0.001986
19768.31055 0.001948
19768.68945 0.001869
19769.06055 0.001789
19769.43945 0.00171
19769.82031 0.00163
19770.19922 0.001654
19770.58008 0.001771
19770.96094 0.001889
19771.33008 0.002006
19771.71094 0.002123
19772.08984 0.002204
19772.47070 0.002165
19772.83984 0.002127
19773.22070 0.002088
19773.59961 0.00205
19773.98047 0.002011
19774.35938 0.002126
19774.73047 0.002251
19775.10938 0.002375
19775.49023 0.002499
19775.86914 0.002624
19776.25000 0.002622
19776.61914 0.002553
19777.00000 0.002484
19777.38086 0.002415
19777.75977 0.002346
19778.14062 0.002258
19778.51953 0.002134
19778.89062 0.002011
19779.26953 0.001888
19779.65039 0.001764
19780.02930 0.001659
19780.41016 0.001784
19780.77930 0.001908
19781.16016 0.002033
19781.53906 0.002158
19781.91992 0.002283
19782.30078 0.002323
19782.67969 0.002339
19783.05078 0.002356
19783.42969 0.002372
19783.81055 0.002389
19784.18945 0.002359
19784.57031 0.002282
19784.94922 0.002205
19785.32031 0.002128
19785.69922 0.002051
19786.08008 0.002013
19786.46094 0.002122
19786.83984 0.002232
19787.21094 0.002342
19787.58984 0.002451
19787.97070 0.002561
19788.34961 0.002479
19788.73047 0.002381
19789.10938 0.002283
19789.48047 0.002185
19789.85938 0.002087
19790.24023 0.002186
19790.61914 0.002398
19791.00000 0.002609
19791.36914 0.00282
19791.75000 0.003032
19792.13086 0.003084
19792.50977 0.002841
19792.89062 0.002597
19793.26953 0.002353
19793.65039 0.002108
19794.01953 0.001891
19794.40039 0.002068
19794.77930 0.002245
19795.16016 0.002421
19795.53906 0.002598
19795.91992 0.002774
19796.28906 0.002814
19796.66992 0.002815
19797.05078 0.002816
19797.42969 0.002817
19797.81055 0.002818
19798.18945 0.002818
19798.57031 0.002817
19798.94922 0.002816
19799.32031 0.002816
19799.69922 0.002815
19800.08008 0.002807
19800.46094 0.00277
19800.83984 0.002733
19801.21094 0.002697
19801.58984 0.00266
19801.97070 0.002623
19802.34961 0.00273
19802.73047 0.002847
19803.10938 0.002965
19803.49023 0.003083
19803.86914 0.0032
19804.24023 0.003269
19804.61914 0.003311
19805.00000 0.003353
19805.38086 0.003395
19805.75977 0.003437
19806.14062 0.003445
19806.51953 0.003395
19806.89062 0.003344
19807.26953 0.003294
19807.65039 0.003244
19808.02930 0.003209
19808.41016 0.003353
19808.78906 0.003497
19809.16992 0.00364
19809.53906 0.003784
19809.91992 0.003928
19810.30078 0.003679
19810.67969 0.003332
19811.06055 0.002984
19811.43945 0.002637
19811.82031 0.002289
19812.19922 0.002192
19812.58008 0.002325
19812.96094 0.002458
19813.33008 0.002592
19813.71094 0.002725
19814.08984 0.00282
19814.47070 0.002793
19814.84961 0.002766
19815.23047 0.00274
19815.60938 0.002713
19815.98047 0.002687
19816.35938 0.002849
19816.74023 0.003019
19817.11914 0.00319
19817.50000 0.00336
19817.88086 0.00353
19818.25977 0.003591
19818.64062 0.003601
19819.01953 0.003611
19819.39062 0.00362
19819.76953 0.00363
19820.15039 0.003652
19820.52930 0.003691
19820.91016 0.003731
19821.28906 0.00377
19821.66992 0.003809
19822.05078 0.003841
19822.42969 0.003822
19822.80078 0.003803
19823.17969 0.003784
19823.56055 0.003764
19823.93945 0.003745
19824.32031 0.003739
19824.69922 0.003736
19825.08008 0.003732
19825.46094 0.003728
19825.83984 0.003725
19826.22070 0.003671
19826.59961 0.00358
19826.97070 0.003489
19827.34961 0.003398
19827.73047 0.003307
19828.10938 0.003271
19828.49023 0.003369
19828.86914 0.003466
19829.25000 0.003563
19829.63086 0.00366
19830.00977 0.003758
19830.39062 0.003866
19830.76953 0.003974
19831.14062 0.004082
19831.51953 0.004191
19831.90039 0.004299
19832.27930 0.004335
19832.66016 0.004347
19833.03906 0.004359
19833.41992 0.004371
19833.80078 0.004382
19834.17969 0.004297
19834.56055 0.004102
19834.93945 0.003907
19835.31055 0.003712
19835.69922 0.003516
19836.07031 0.003408
19836.44922 0.003659
19836.83008 0.003911
19837.21094 0.004162
19837.58984 0.004414
19837.97070 0.004666
19838.34961 0.00477
19838.73047 0.004861
19839.10938 0.004951
19839.49023 0.005042
19839.86914 0.005134
19840.25000 0.005049
19840.61914 0.00487
19841.00000 0.004691
19841.38086 0.004512
19841.75977 0.004331
19842.14062 0.004235
19842.51953 0.004276
19842.90039 0.004317
19843.27930 0.004358
19843.66016 0.0044
19844.03906 0.004436
19844.41992 0.004436
19844.80078 0.004435
19845.17969 0.004434
19845.56055 0.004433
19845.93945 0.004432
19846.31055 0.004356
19846.69922 0.004264
19847.07031 0.004173
19847.44922 0.004081
19847.83008 0.00399
19848.21094 0.004212
19848.58984 0.00468
19848.97070 0.005148
19849.34961 0.005619
19849.73047 0.006087
19850.10938 0.006351
19850.49023 0.006111
19850.86914 0.005873
19851.25000 0.005634
19851.63086 0.005396
19852.00977 0.005162
19852.39062 0.005203
19852.76953 0.005244
19853.15039 0.005285
19853.52930 0.005326
19853.90039 0.005367
19854.28906 0.005444
19854.66016 0.005533
19855.03906 0.005621
19855.41992 0.005711
19855.80078 0.005799
19856.17969 0.005812
19856.56055 0.005743
19856.93945 0.005674
19857.32031 0.005605
19857.69922 0.005536
19858.08008 0.005494
19858.46094 0.005547
19858.83984 0.005601
19859.22070 0.005654
19859.59961 0.005708
19859.98047 0.005761
19860.35938 0.005784
19860.74023 0.005805
19861.11914 0.005826
19861.50000 0.005847
19861.88086 0.005867
19862.25977 0.005973
19862.64062 0.006118
19863.01953 0.006264
19863.40039 0.006409
19863.77930 0.006554
19864.16016 0.006632
19864.53906 0.006613
19864.91992 0.006594
19865.28906 0.006575
19865.67969 0.006555
19866.05078 0.006534
19866.43945 0.006494
19866.81055 0.006455
19867.19922 0.006416
19867.57031 0.006377
19867.94922 0.006338
19868.33008 0.006468
19868.71094 0.00662
19869.08984 0.006773
19869.47070 0.006926
19869.84961 0.007079
19870.23047 0.007106
19870.60938 0.007055
19870.99023 0.007004
19871.36914 0.006952
19871.75000 0.006901
19872.13086 0.006885
19872.50977 0.006933
19872.89062 0.006981
19873.26953 0.00703
19873.65039 0.007078
19874.02930 0.007128
19874.41016 0.007193
19874.78906 0.007259
19875.16992 0.007325
19875.55078 0.007391
19875.92969 0.007456
19876.31055 0.007512
19876.68945 0.007566
19877.07031 0.00762
19877.44922 0.007674
19877.83008 0.007728
19878.21094 0.007755
19878.58984 0.00776
19878.97070 0.007766
19879.34961 0.007771
19879.73047 0.007777
19880.10938 0.007817
19880.49023 0.007937
19880.86914 0.008057
19881.25000 0.008177
19881.63086 0.008298
19882.00977 0.008412
19882.39062 0.008362
19882.76953 0.00831
19883.15039 0.00826
19883.52930 0.008208
19883.91016 0.008157
19884.28906 0.0082
19884.66992 0.008271
19885.05078 0.008341
19885.42969 0.008411
19885.81055 0.008482
19886.19922 0.008504
19886.57031 0.008479
19886.96094 0.008454
19887.33984 0.008429
19887.71094 0.008405
19888.09961 0.008419
19888.48047 0.008552
19888.85938 0.008683
19889.24023 0.008815
19889.61914 0.008948
19890.00000 0.009079
19890.38086 0.009161
19890.75977 0.009243
19891.14062 0.009324
19891.51953 0.009405
19891.90039 0.009486
19892.27930 0.009431
19892.66016 0.009324
19893.03906 0.009218
19893.41992 0.009111
19893.80078 0.009005
19894.17969 0.009087
19894.56055 0.00938
19894.93945 0.009672
19895.32031 0.009963
19895.69922 0.010256
19896.08008 0.010478
19896.46094 0.010445
19896.83984 0.010413
19897.22070 0.01038
19897.59961 0.010347
19897.98047 0.010314
19898.35938 0.010342
19898.74023 0.010374
19899.11914 0.010405
19899.50977 0.010437
19899.88086 0.010468
19900.26953 0.010489
19900.65039 0.010505
19901.02930 0.010522
19901.41016 0.010538
19901.78906 0.010554
19902.16992 0.010574
19902.55078 0.010599
19902.92969 0.010625
19903.31055 0.01065
19903.68945 0.010675
19904.07031 0.010723
19904.44922 0.010868
19904.83008 0.011013
19905.21094 0.011158
19905.58984 0.011304
19905.97070 0.011449
19906.34961 0.011498
19906.73047 0.011541
19907.11914 0.011584
19907.50000 0.011626
19907.88086 0.011669
19908.25977 0.011752
19908.64062 0.011854
19909.01953 0.011956
19909.40039 0.012058
19909.77930 0.012161
19910.16016 0.012259
19910.53906 0.012352
19910.91992 0.012446
19911.30078 0.012539
19911.67969 0.012632
19912.06055 0.012702
19912.44922 0.012655
19912.82031 0.012609
19913.21094 0.012563
19913.58984 0.012516
19913.97070 0.012469
19914.34961 0.012552
19914.73047 0.012646
19915.10938 0.01274
19915.49023 0.012835
19915.86914 0.012929
19916.25000 0.013079
19916.63086 0.013258
19917.00977 0.013437
19917.39062 0.013616
19917.77930 0.013796
19918.16016 0.013992
19918.53906 0.014212
19918.91992 0.014433
19919.30078 0.014654
19919.67969 0.014873
19920.06055 0.015019
19920.43945 0.014754
19920.82031 0.014488
19921.19922 0.014223
19921.58008 0.013957
19921.96094 0.013691
19922.33984 0.013894
19922.72070 0.014148
19923.10938 0.014402
19923.49023 0.014655
19923.86914 0.014909
19924.25000 0.014979
19924.63086 0.014951
19925.00977 0.014923
19925.39062 0.014895
19925.76953 0.014867
19926.15039 0.014907
19926.53906 0.015047
19926.91992 0.015186
19927.30078 0.015326
19927.67969 0.015465
19928.06055 0.015598
19928.43945 0.015692
19928.82031 0.015787
19929.19922 0.015881
19929.58008 0.015976
19929.96094 0.01607
19930.33984 0.016188
19930.73047 0.01631
19931.10938 0.016431
19931.49023 0.016551
19931.86914 0.016672
19932.25000 0.016907
19932.63086 0.017202
19933.00977 0.017496
19933.39062 0.017791
19933.76953 0.018086
19934.15039 0.018175
19934.53906 0.017962
19934.91992 0.017749
19935.30078 0.017537
19935.67969 0.017324
19936.06055 0.017175
19936.43945 0.017358
19936.82031 0.017542
19937.21094 0.017726
19937.58984 0.017909
19937.97070 0.018093
19938.34961 0.018245
19938.73047 0.018395
19939.10938 0.018544
19939.49023 0.018695
19939.86914 0.018844
19940.25000 0.018902
19940.63086 0.018914
19941.01953 0.018926
19941.40039 0.018938
19941.77930 0.018949
19942.16016 0.018978
19942.53906 0.01903
19942.91992 0.019083
19943.30078 0.019135
19943.68945 0.019187
19944.07031 0.019273
19944.44922 0.019521
19944.83008 0.019769
19945.21094 0.020017
19945.58984 0.020265
19945.97070 0.020512
19946.34961 0.020525
19946.74023 0.020518
19947.11914 0.020512
19947.50000 0.020506
19947.88086 0.0205
19948.25977 0.020658
19948.64062 0.020891
19949.01953 0.021124
19949.40039 0.021358
19949.78906 0.021592
19950.16992 0.021774
19950.55078 0.021889
19950.92969 0.022005
19951.31055 0.022121
19951.68945 0.022237
19952.07031 0.022355
19952.46094 0.022482
19952.83984 0.022608
19953.22070 0.022734
19953.59961 0.022861
19953.98047 0.022988
