threeML/data/optical_filters/HST/NICMOS3-F215N.ecsv
# %ECSV 0.9
# ---
# datatype:
# - {name: wavelength, unit: Angstrom, datatype: float32}
# - {name: response, datatype: float32}
# meta: !!omap
# - {band_name: F215N}
# - {group_name: NICMOS3}
wavelength response
21280.93945 0.0
21281.15039 6.5e-05
21281.36914 0.000132
21281.58008 0.000199
21281.78906 0.000266
21282.00000 0.000332
21282.22070 0.000354
21282.42969 0.000376
21282.64062 0.000398
21282.84961 0.00042
21283.07031 0.000442
21283.27930 0.000464
21283.49023 0.000486
21283.71094 0.000508
21283.91992 0.00053
21284.13086 0.000683
21284.33984 0.000917
21284.55078 0.001152
21284.76953 0.001388
21284.98047 0.001624
21285.18945 0.001859
21285.41016 0.002095
21285.61914 0.002328
21285.83008 0.002564
21286.03906 0.002721
21286.25977 0.002567
21286.47070 0.002413
21286.67969 0.002259
21286.89062 0.002105
21287.10938 0.001953
21287.32031 0.001799
21287.52930 0.001645
21287.74023 0.001491
21287.96094 0.001337
21288.16992 0.001236
21288.38086 0.001149
21288.58984 0.001063
21288.81055 0.000976
21289.01953 0.000889
21289.23047 0.000802
21289.44922 0.000715
21289.66016 0.000628
21289.86914 0.000541
21290.08008 0.000532
21290.28906 0.000643
21290.50977 0.000756
21290.72070 0.000868
21290.92969 0.00098
21291.15039 0.001092
21291.35938 0.001205
21291.57031 0.001317
21291.78906 0.001429
21292.00000 0.001541
21292.21094 0.001398
21292.41992 0.001251
21292.63086 0.001104
21292.84961 0.000957
21293.06055 0.00081
21293.26953 0.000663
21293.49023 0.000516
21293.69922 0.000369
21293.91016 0.000224
21294.11914 0.000233
21294.33984 0.000355
21294.55078 0.000478
21294.75977 0.0006
21294.97070 0.000723
21295.18945 0.000846
21295.40039 0.000968
21295.60938 0.001091
21295.83008 0.001213
21296.03906 0.001346
21296.25000 0.001535
21296.46094 0.001724
21296.67969 0.001912
21296.89062 0.002101
21297.09961 0.00229
21297.31055 0.002478
21297.52930 0.002667
21297.74023 0.002856
21297.94922 0.003045
21298.16992 0.003062
21298.38086 0.003031
21298.58984 0.003
21298.80078 0.002969
21299.01953 0.002938
21299.23047 0.002907
21299.43945 0.002876
21299.65039 0.002845
21299.86914 0.002814
21300.08008 0.002733
21300.28906 0.002568
21300.50977 0.002402
21300.72070 0.002237
21300.92969 0.002072
21301.14062 0.001907
21301.35938 0.001744
21301.57031 0.001578
21301.77930 0.001413
21301.99023 0.001248
21302.21094 0.001389
21302.41992 0.001539
21302.63086 0.001689
21302.84961 0.001838
21303.06055 0.001988
21303.26953 0.002138
21303.48047 0.002287
21303.69922 0.002437
21303.91016 0.002587
21304.11914 0.002673
21304.33984 0.002713
21304.55078 0.002753
21304.75977 0.002793
21304.97070 0.002833
21305.18945 0.002874
21305.40039 0.002914
21305.60938 0.002954
21305.82031 0.002994
21306.03906 0.003036
21306.25000 0.003083
21306.46094 0.00313
21306.67969 0.003178
21306.89062 0.003225
21307.09961 0.003272
21307.31055 0.00332
21307.52930 0.003367
21307.74023 0.003415
21307.94922 0.003462
21308.16992 0.00339
21308.38086 0.003285
21308.58984 0.00318
21308.80078 0.003075
21309.01953 0.002969
21309.23047 0.002864
21309.43945 0.002759
21309.66016 0.002654
21309.86914 0.002548
21310.08008 0.002516
21310.28906 0.002598
21310.50977 0.002681
21310.72070 0.002764
21310.92969 0.002846
21311.14062 0.002929
21311.35938 0.003012
21311.57031 0.003095
21311.77930 0.003178
21312.00000 0.003261
21312.21094 0.003382
21312.41992 0.003505
21312.63086 0.003627
21312.84961 0.003749
21313.06055 0.003872
21313.26953 0.003994
21313.49023 0.004116
21313.69922 0.004239
21313.91016 0.004361
21314.11914 0.004268
21314.33984 0.004023
21314.55078 0.003778
21314.75977 0.003533
21314.98047 0.003289
21315.18945 0.003044
21315.40039 0.002799
21315.61914 0.002554
21315.83008 0.002309
21316.03906 0.002142
21316.25000 0.002298
21316.47070 0.002453
21316.67969 0.002609
21316.89062 0.002765
21317.10938 0.002921
21317.32031 0.003077
21317.52930 0.003232
21317.74023 0.003388
21317.96094 0.003544
21318.16992 0.003618
21318.38086 0.003672
21318.59961 0.003726
21318.81055 0.00378
21319.01953 0.003834
21319.24023 0.003888
21319.44922 0.003941
21319.66016 0.003995
21319.88086 0.004049
21320.08984 0.004124
21320.30078 0.004231
21320.50977 0.004337
21320.73047 0.004444
21320.93945 0.004551
21321.15039 0.004657
21321.36914 0.004764
21321.58008 0.00487
21321.78906 0.004977
21322.00000 0.005084
21322.22070 0.005205
21322.42969 0.005326
21322.64062 0.005448
21322.85938 0.005569
21323.07031 0.00569
21323.27930 0.005812
21323.49023 0.005933
21323.71094 0.006054
21323.91992 0.006176
21324.13086 0.006095
21324.34961 0.005894
21324.56055 0.00569
21324.76953 0.005488
21324.99023 0.005287
21325.19922 0.005085
21325.41016 0.004883
21325.61914 0.004681
21325.83984 0.00448
21326.05078 0.004357
21326.25977 0.004488
21326.48047 0.004619
21326.68945 0.00475
21326.90039 0.004881
21327.11914 0.005012
21327.33008 0.005143
21327.53906 0.005274
21327.75000 0.005405
21327.97070 0.005536
21328.17969 0.005753
21328.39062 0.005982
21328.60938 0.006212
21328.82031 0.006441
21329.02930 0.006671
21329.25000 0.006901
21329.46094 0.00713
21329.66992 0.00736
21329.88086 0.007589
21330.09961 0.007705
21330.31055 0.007687
21330.51953 0.007669
21330.74023 0.007651
21330.94922 0.007633
21331.16016 0.007615
21331.38086 0.007597
21331.58984 0.007578
21331.80078 0.00756
21332.01953 0.007557
21332.23047 0.007743
21332.43945 0.007929
21332.65039 0.008115
21332.86914 0.0083
21333.08008 0.008486
21333.28906 0.008674
21333.50977 0.008859
21333.72070 0.009045
21333.92969 0.009231
21334.15039 0.009247
21334.35938 0.009186
21334.57031 0.009125
21334.78906 0.009064
21335.00000 0.009003
21335.21094 0.008942
21335.42969 0.008881
21335.64062 0.00882
21335.84961 0.008759
21336.06055 0.008729
21336.27930 0.008772
21336.49023 0.008814
21336.69922 0.008856
21336.91992 0.008898
21337.13086 0.00894
21337.33984 0.008982
21337.56055 0.009024
21337.76953 0.009066
21337.98047 0.009108
21338.19922 0.009311
21338.41016 0.009527
21338.61914 0.009744
21338.83008 0.009961
21339.05078 0.010178
21339.25977 0.010397
21339.47070 0.010613
21339.68945 0.01083
21339.90039 0.011047
21340.10938 0.011154
21340.33008 0.011164
21340.53906 0.011174
21340.75000 0.011184
21340.97070 0.011193
21341.17969 0.011203
21341.39062 0.011213
21341.60938 0.011223
21341.82031 0.011233
21342.02930 0.011272
21342.24023 0.011478
21342.46094 0.011687
21342.66992 0.011893
21342.88086 0.0121
21343.09961 0.012307
21343.31055 0.012513
21343.51953 0.01272
21343.74023 0.012926
21343.94922 0.013135
21344.16016 0.013331
21344.38086 0.013524
21344.58984 0.013717
21344.80078 0.01391
21345.01953 0.014103
21345.23047 0.014298
21345.43945 0.014491
21345.66016 0.014684
21345.86914 0.014877
21346.08008 0.015046
21346.28906 0.015177
21346.50977 0.015309
21346.72070 0.01544
21346.93945 0.015571
21347.15039 0.015702
21347.35938 0.015832
21347.57031 0.015963
21347.78906 0.016095
21348.00000 0.016227
21348.21094 0.016442
21348.42969 0.016657
21348.64062 0.016872
21348.84961 0.017087
21349.07031 0.017305
21349.27930 0.01752
21349.49023 0.017735
21349.71094 0.01795
21349.91992 0.018165
21350.13086 0.018367
21350.34961 0.018562
21350.56055 0.018756
21350.76953 0.018949
21350.99023 0.019142
21351.19922 0.019336
21351.41016 0.019531
21351.63086 0.019725
21351.83984 0.019918
21352.05078 0.020166
21352.26953 0.020577
21352.48047 0.020993
21352.68945 0.021404
21352.91016 0.021816
21353.11914 0.022227
21353.33008 0.022639
21353.53906 0.023051
21353.75977 0.023466
21353.97070 0.023878
21354.18945 0.024131
21354.40039 0.024361
21354.60938 0.024594
21354.83008 0.024824
21355.03906 0.025054
21355.25000 0.025284
21355.46094 0.025515
21355.67969 0.025747
21355.89062 0.025977
21356.10938 0.026236
21356.32031 0.026524
21356.52930 0.026813
21356.75000 0.027104
21356.96094 0.027392
21357.16992 0.02768
21357.38086 0.027969
21357.59961 0.028257
21357.81055 0.028548
21358.02930 0.028827
21358.24023 0.029037
21358.44922 0.029246
21358.66992 0.029458
21358.88086 0.029668
21359.08984 0.029878
21359.30078 0.030087
21359.51953 0.030297
21359.73047 0.030509
21359.94922 0.030718
21360.16016 0.031145
21360.36914 0.031647
21360.58984 0.032153
21360.80078 0.032655
21361.00977 0.033156
21361.22070 0.033658
21361.43945 0.034164
21361.65039 0.034666
21361.86914 0.035168
21362.08008 0.035659
21362.28906 0.036137
21362.50977 0.036611
21362.72070 0.037084
21362.92969 0.037558
21363.15039 0.038036
21363.35938 0.03851
21363.57031 0.038983
21363.78906 0.039457
21364.00000 0.039935
21364.21094 0.040358
21364.42969 0.040781
21364.64062 0.041204
21364.84961 0.04163
21365.07031 0.042053
21365.27930 0.042476
21365.49023 0.042899
21365.71094 0.043326
21365.91992 0.043749
21366.13086 0.044244
21366.34961 0.044781
21366.56055 0.045324
21366.76953 0.045862
21366.99023 0.0464
21367.19922 0.046938
21367.41016 0.047481
21367.63086 0.048019
21367.83984 0.048557
21368.05078 0.049158
21368.26953 0.04992
21368.48047 0.050682
21368.68945 0.051444
21368.91016 0.052213
21369.11914 0.052975
21369.33008 0.053737
21369.55078 0.0545
21369.75977 0.055269
21369.97070 0.056031
21370.18945 0.05665
21370.40039 0.057255
21370.61914 0.057855
21370.83008 0.058454
21371.03906 0.059054
21371.25977 0.059659
21371.47070 0.060259
21371.67969 0.060858
21371.90039 0.061463
21372.10938 0.06208
21372.32031 0.062713
21372.53906 0.063351
21372.75000 0.063984
21372.96094 0.064616
21373.17969 0.065249
21373.39062 0.065888
21373.59961 0.06652
21373.82031 0.067153
21374.02930 0.067862
21374.24023 0.068976
21374.46094 0.07009
21374.66992 0.071214
21374.88086 0.072328
21375.09961 0.073442
21375.31055 0.074556
21375.52930 0.07568
21375.74023 0.076794
21375.94922 0.077908
21376.16992 0.078674
21376.38086 0.079329
21376.58984 0.079984
21376.81055 0.080644
21377.01953 0.081299
21377.23047 0.081954
21377.44922 0.082614
21377.66016 0.083269
21377.86914 0.083924
21378.08984 0.084801
21378.30078 0.085979
21378.50977 0.087157
21378.73047 0.088346
21378.93945 0.089525
21379.15039 0.090703
21379.36914 0.091892
21379.58008 0.093071
21379.78906 0.094249
21380.00977 0.095426
21380.22070 0.096349
21380.43945 0.097271
21380.65039 0.098202
21380.85938 0.099124
21381.08008 0.100047
21381.28906 0.100978
21381.50000 0.1019
21381.72070 0.102823
21381.92969 0.103754
21382.14062 0.10497
21382.35938 0.106326
21382.57031 0.107693
21382.78906 0.109049
21383.00000 0.110404
21383.21094 0.111772
21383.42969 0.113127
21383.64062 0.114483
21383.84961 0.115851
21384.07031 0.117121
21384.27930 0.118202
21384.49023 0.119293
21384.71094 0.120374
21384.91992 0.121465
21385.13086 0.122546
21385.34961 0.123628
21385.56055 0.124719
21385.77930 0.1258
21385.99023 0.126881
21386.19922 0.128197
21386.41992 0.129513
21386.63086 0.13083
21386.83984 0.132158
21387.06055 0.133475
21387.26953 0.134803
21387.48047 0.13612
21387.69922 0.137436
21387.91016 0.138765
21388.11914 0.140034
21388.33984 0.141271
21388.55078 0.142518
21388.76953 0.143755
21388.98047 0.145002
21389.18945 0.146239
21389.41016 0.147475
21389.61914 0.148723
21389.83008 0.149959
21390.05078 0.151227
21390.25977 0.15262
21390.47070 0.154001
21390.68945 0.155394
21390.90039 0.156775
21391.11914 0.158155
21391.33008 0.159548
21391.53906 0.160929
21391.75977 0.162322
21391.97070 0.163703
21392.17969 0.164933
21392.40039 0.16615
21392.60938 0.167355
21392.83008 0.168572
21393.03906 0.169778
21393.25000 0.170984
21393.47070 0.172201
21393.67969 0.173407
21393.89062 0.174624
21394.10938 0.175889
21394.32031 0.17721
21394.53906 0.178543
21394.75000 0.179865
21394.96094 0.181198
21395.17969 0.18252
21395.39062 0.183841
21395.59961 0.185175
21395.82031 0.186496
21396.02930 0.187799
21396.24023 0.188914
21396.46094 0.190038
21396.66992 0.191153
21396.88086 0.192267
21397.09961 0.193392
21397.31055 0.194506
21397.52930 0.195631
21397.74023 0.196746
21397.96094 0.197871
21398.16992 0.198939
21398.38086 0.199996
21398.59961 0.201063
21398.81055 0.202119
21399.01953 0.203186
21399.24023 0.204243
21399.44922 0.205309
21399.66016 0.206366
21399.88086 0.207423
21400.08984 0.208452
21400.30078 0.209422
21400.51953 0.210401
21400.73047 0.211371
21400.94922 0.21235
21401.16016 0.21332
21401.36914 0.21429
21401.58984 0.215269
21401.80078 0.216239
21402.01953 0.217213
21402.23047 0.218112
21402.43945 0.219019
21402.66016 0.219918
21402.86914 0.220825
21403.08008 0.221724
21403.30078 0.222623
21403.50977 0.22353
21403.72070 0.22443
21403.93945 0.225337
21404.15039 0.226221
21404.36914 0.227108
21404.58008 0.227986
21404.78906 0.228873
21405.00977 0.229751
21405.22070 0.230638
21405.43945 0.231517
21405.65039 0.232403
21405.85938 0.233282
21406.08008 0.234024
21406.28906 0.234527
21406.50000 0.235026
21406.72070 0.235529
21406.92969 0.236027
21407.15039 0.23653
21407.35938 0.237028
21407.57031 0.237531
21407.78906 0.23803
21408.00000 0.238533
21408.21094 0.239128
21408.42969 0.239729
21408.64062 0.240324
21408.85938 0.240924
21409.07031 0.241519
21409.28906 0.24212
21409.50000 0.242715
21409.71094 0.243315
21409.92969 0.243911
21410.14062 0.244287
21410.34961 0.244544
21410.57031 0.244802
21410.77930 0.245059
21411.00000 0.245317
21411.21094 0.245573
21411.41992 0.245832
21411.64062 0.246088
21411.84961 0.246347
21412.06055 0.246607
21412.27930 0.246878
21412.49023 0.247146
21412.71094 0.247417
21412.91992 0.247685
21413.13086 0.247955
21413.34961 0.248224
21413.56055 0.248495
21413.77930 0.248763
21413.99023 0.249034
21414.19922 0.249245
21414.41992 0.249456
21414.63086 0.249664
21414.84961 0.249875
21415.06055 0.250084
21415.26953 0.250294
21415.49023 0.250503
21415.69922 0.250713
21415.91016 0.250922
21416.13086 0.251028
21416.33984 0.251062
21416.56055 0.251098
21416.76953 0.251133
21416.98047 0.251168
21417.19922 0.251203
21417.41016 0.251238
21417.61914 0.251273
21417.83984 0.251308
21418.05078 0.251328
21418.26953 0.251301
21418.48047 0.251274
21418.69922 0.251247
21418.91016 0.25122
21419.11914 0.251193
21419.33984 0.251165
21419.55078 0.251138
21419.76953 0.251111
21419.98047 0.251084
21420.18945 0.251081
21420.41016 0.25108
21420.61914 0.25108
21420.83008 0.251079
21421.05078 0.251079
21421.25977 0.251078
21421.48047 0.251078
21421.68945 0.251077
21421.90039 0.251076
21422.11914 0.251057
21422.33008 0.251022
21422.55078 0.250987
21422.75977 0.250952
21422.97070 0.250917
21423.18945 0.250883
21423.40039 0.250848
21423.61914 0.250813
21423.83008 0.250778
21424.03906 0.250714
21424.25977 0.250541
21424.47070 0.250367
21424.68945 0.250194
21424.90039 0.25002
21425.10938 0.249848
21425.33008 0.249673
21425.53906 0.249499
21425.75977 0.249326
21425.97070 0.249152
21426.17969 0.249047
21426.40039 0.248951
21426.60938 0.248857
21426.83008 0.248761
21427.03906 0.248666
21427.25000 0.248571
21427.47070 0.248475
21427.67969 0.248381
21427.90039 0.248285
21428.10938 0.248153
21428.32031 0.247985
21428.53906 0.247816
21428.75000 0.247649
21428.97070 0.247481
21429.17969 0.247314
21429.39062 0.247145
21429.60938 0.246976
21429.82031 0.246809
21430.03906 0.24665
21430.25000 0.246534
21430.46094 0.246418
21430.67969 0.246302
21430.89062 0.246186
21431.10938 0.246069
21431.32031 0.245954
21431.53906 0.245837
21431.75000 0.245722
21431.96094 0.245605
21432.17969 0.245638
21432.39062 0.245702
21432.60938 0.245767
21432.82031 0.245831
21433.02930 0.245895
21433.25000 0.24596
21433.46094 0.246024
21433.67969 0.246088
21433.89062 0.246153
21434.09961 0.24605
21434.32031 0.245767
21434.52930 0.245488
21434.75000 0.245205
21434.96094 0.244922
21435.16992 0.244643
21435.39062 0.24436
21435.59961 0.24408
21435.82031 0.243798
21436.02930 0.243547
21436.24023 0.243482
21436.46094 0.243417
21436.66992 0.243352
21436.89062 0.243288
21437.09961 0.243223
21437.31055 0.243158
21437.52930 0.243093
21437.74023 0.243028
21437.96094 0.242964
21438.16992 0.242907
21438.39062 0.242852
21438.59961 0.242798
21438.81055 0.242743
21439.02930 0.242689
21439.24023 0.242634
21439.46094 0.242579
21439.66992 0.242525
21439.88086 0.24247
21440.09961 0.242414
21440.31055 0.242356
21440.52930 0.242298
21440.74023 0.242239
21440.96094 0.242182
21441.16992 0.242124
21441.38086 0.242065
21441.59961 0.242008
21441.81055 0.241949
21442.02930 0.241894
21442.24023 0.24185
21442.46094 0.241806
21442.66992 0.241763
21442.88086 0.24172
21443.09961 0.241676
21443.31055 0.241633
21443.52930 0.24159
21443.74023 0.241546
21443.94922 0.241503
21444.16992 0.24144
