threeML/data/optical_filters/HST/NICMOS2-F205W.ecsv
# %ECSV 0.9
# ---
# datatype:
# - {name: wavelength, unit: Angstrom, datatype: float32}
# - {name: response, datatype: float32}
# meta: !!omap
# - {band_name: F205W}
# - {group_name: NICMOS2}
wavelength response
[from data line 6897]
22182.63086 0.268338
22183.61914 0.268458
22184.60938 0.268579
22185.59961 0.268696
22186.58984 0.268811
22187.58008 0.268925
22188.57031 0.26904
22189.56055 0.269155
22190.55078 0.26926
22191.53906 0.269357
22192.53906 0.269455
22193.52930 0.269552
22194.51953 0.269649
22195.50977 0.269759
22196.50000 0.26988
22197.49023 0.270002
22198.48047 0.270123
22199.48047 0.270244
22200.47070 0.270354
22201.46094 0.270451
22202.44922 0.270548
22203.43945 0.270645
22204.42969 0.270742
22205.42969 0.270841
22206.41992 0.270942
22207.41016 0.271043
22208.40039 0.271144
22209.39062 0.271245
22210.39062 0.271354
22211.38086 0.271475
22212.36914 0.271597
22213.35938 0.271718
22214.34961 0.27184
22215.34961 0.271978
22216.33984 0.27215
22217.33008 0.272321
22218.32031 0.272493
22219.32031 0.272664
22220.31055 0.272816
22221.30078 0.272923
22222.28906 0.273029
22223.28906 0.273136
22224.27930 0.273243
22225.26953 0.273338
22226.25977 0.273398
22227.25977 0.27346
22228.25000 0.273521
22229.24023 0.273582
22230.23047 0.273671
22231.23047 0.273852
22232.22070 0.274032
22233.21094 0.274213
22234.21094 0.274394
22235.19922 0.274555
22236.18945 0.274636
22237.18945 0.274718
22238.17969 0.274799
22239.16992 0.27488
22240.16992 0.274976
22241.16016 0.275146
22242.15039 0.275315
22243.15039 0.275484
22244.14062 0.275654
22245.13086 0.275813
22246.13086 0.275909
22247.11914 0.276004
22248.11914 0.2761
22249.10938 0.276195
22250.09961 0.27629
22251.09961 0.276375
22252.08984 0.27646
22253.08008 0.276545
22254.08008 0.27663
22255.07031 0.276722
22256.06055 0.276898
22257.06055 0.277076
22258.05078 0.277253
22259.05078 0.27743
22260.03906 0.277602
22261.03906 0.277654
22262.02930 0.277707
22263.02930 0.277759
22264.01953 0.277812
22265.00977 0.277865
22266.00977 0.277992
22267.00000 0.27812
22268.00000 0.278247
22268.99023 0.278374
22269.99023 0.278501
22270.98047 0.278636
22271.98047 0.278772
22272.97070 0.278907
22273.96094 0.279042
22274.96094 0.279177
22275.96094 0.279287
22276.94922 0.279396
22277.94922 0.279505
22278.93945 0.279615
22279.93945 0.279724
22280.92969 0.279832
22281.92969 0.27994
22282.91992 0.280048
22283.91992 0.280156
22284.91016 0.280264
22285.91016 0.280368
22286.90039 0.280472
22287.90039 0.280575
22288.89062 0.280679
22289.89062 0.280783
22290.88086 0.280915
22291.88086 0.281049
22292.86914 0.281184
22293.86914 0.281319
22294.86914 0.281454
22295.85938 0.281557
22296.85938 0.281654
22297.85938 0.281751
22298.84961 0.281849
22299.84961 0.281946
22300.83984 0.282002
22301.83984 0.282051
22302.83984 0.2821
22303.83008 0.282149
22304.83008 0.282198
22305.82031 0.282301
22306.82031 0.282416
22307.82031 0.282531
22308.81055 0.282646
22309.81055 0.282761
22310.81055 0.282869
22311.80078 0.282975
22312.80078 0.283081
22313.78906 0.283187
22314.78906 0.283293
22315.78906 0.283364
22316.78906 0.283425
22317.77930 0.283486
22318.77930 0.283548
22319.77930 0.283609
22320.76953 0.283697
22321.76953 0.283792
22322.76953 0.283888
22323.75977 0.283983
22324.75977 0.284079
22325.75977 0.284152
22326.75977 0.284218
22327.75000 0.284283
22328.75000 0.284349
22329.75000 0.284415
22330.74023 0.284564
22331.74023 0.284741
22332.74023 0.284919
22333.74023 0.285096
22334.73047 0.285273
22335.73047 0.285358
22336.73047 0.285409
22337.73047 0.28546
22338.72070 0.285511
22339.72070 0.285562
22340.72070 0.285626
22341.72070 0.285696
22342.72070 0.285766
22343.71094 0.285835
22344.71094 0.285905
22345.71094 0.285972
22346.71094 0.286038
22347.71094 0.286104
22348.71094 0.28617
22349.69922 0.286237
22350.69922 0.286342
22351.69922 0.286463
22352.69922 0.286585
22353.69922 0.286706
22354.69922 0.286828
22355.68945 0.286882
22356.68945 0.286907
22357.68945 0.286932
22358.68945 0.286957
22359.68945 0.286981
22360.68945 0.287068
22361.68945 0.287184
22362.67969 0.287299
22363.67969 0.287414
22364.67969 0.28753
22365.67969 0.287592
22366.67969 0.28763
22367.67969 0.287668
22368.67969 0.287706
22369.67969 0.287743
22370.67969 0.287839
22371.67969 0.287963
22372.66992 0.288086
22373.66992 0.28821
22374.66992 0.288333
22375.66992 0.288409
22376.66992 0.288462
22377.66992 0.288514
22378.66992 0.288567
22379.66992 0.28862
22380.66992 0.288678
22381.66992 0.288738
22382.66992 0.288799
22383.66992 0.288859
22384.66992 0.288919
22385.66992 0.289004
22386.66992 0.289099
22387.66992 0.289195
22388.66992 0.28929
22389.66992 0.289386
22390.66992 0.289463
22391.66992 0.289532
22392.66992 0.2896
22393.66992 0.289669
22394.66992 0.289738
22395.66992 0.289832
22396.66992 0.289939
22397.66992 0.290046
22398.66992 0.290152
22399.66992 0.290259
22400.66992 0.290303
22401.66992 0.290316
22402.66992 0.290329
22403.66992 0.290342
22404.66992 0.290355
22405.66992 0.290421
22406.67969 0.290511
22407.67969 0.290602
22408.67969 0.290693
22409.67969 0.290783
22410.67969 0.290903
22411.67969 0.291037
22412.67969 0.291171
22413.67969 0.291305
22414.67969 0.291439
22415.67969 0.291547
22416.68945 0.291644
22417.68945 0.291741
22418.68945 0.291838
22419.68945 0.291934
22420.68945 0.292018
22421.68945 0.292096
22422.68945 0.292174
22423.69922 0.292252
22424.69922 0.29233
22425.69922 0.292379
22426.69922 0.292416
22427.69922 0.292453
22428.69922 0.29249
22429.71094 0.292527
22430.71094 0.292609
22431.71094 0.29271
22432.71094 0.292812
22433.71094 0.292913
22434.71094 0.293014
22435.72070 0.293081
22436.72070 0.293134
22437.72070 0.293187
22438.72070 0.293239
22439.72070 0.293292
22440.73047 0.293401
22441.73047 0.293532
22442.73047 0.293662
22443.73047 0.293792
22444.74023 0.293922
22445.74023 0.29402
22446.74023 0.294106
22447.74023 0.294193
22448.75000 0.294279
22449.75000 0.294365
22450.75000 0.294428
22451.75977 0.294483
22452.75977 0.294538
22453.75977 0.294593
22454.75977 0.294648
22455.76953 0.294717
22456.76953 0.294791
22457.76953 0.294864
22458.77930 0.294937
22459.77930 0.29501
22460.77930 0.2951
22461.78906 0.295193
22462.78906 0.295287
22463.78906 0.295381
22464.78906 0.295475
22465.80078 0.295595
22466.80078 0.295721
22467.81055 0.295848
22468.81055 0.295974
22469.81055 0.296101
22470.82031 0.296226
22471.82031 0.296351
22472.82031 0.296477
22473.83008 0.296602
22474.83008 0.296727
22475.83984 0.296807
22476.83984 0.296878
22477.83984 0.296949
22478.84961 0.297021
22479.84961 0.297092
22480.85938 0.297175
22481.85938 0.297261
22482.85938 0.297347
22483.86914 0.297433
22484.86914 0.297519
22485.88086 0.297609
22486.88086 0.297698
22487.88086 0.297788
22488.89062 0.297878
22489.89062 0.297968
22490.90039 0.298056
22491.90039 0.298143
22492.91016 0.298231
22493.91016 0.298318
22494.91992 0.298406
22495.91992 0.298446
22496.92969 0.298482
22497.92969 0.298518
22498.93945 0.298554
22499.93945 0.298591
22500.94922 0.298632
22501.94922 0.298675
22502.96094 0.298717
22503.96094 0.298759
22504.97070 0.298801
22505.97070 0.298964
22506.98047 0.299131
22507.98047 0.299299
22508.99023 0.299466
22509.99023 0.299633
22511.00000 0.299813
22512.00000 0.299994
22513.00977 0.300174
22514.01953 0.300355
22515.01953 0.300532
22516.02930 0.300551
22517.02930 0.300571
22518.03906 0.30059
22519.03906 0.300609
22520.05078 0.300636
22521.05078 0.300796
22522.06055 0.300956
22523.07031 0.301117
22524.07031 0.301277
22525.08008 0.301424
22526.08984 0.301418
22527.08984 0.301412
22528.09961 0.301405
22529.09961 0.301399
22530.10938 0.3014
22531.11914 0.301463
22532.11914 0.301526
22533.13086 0.301588
22534.13086 0.301651
22535.14062 0.301722
22536.15039 0.301843
22537.15039 0.301964
22538.16016 0.302085
22539.16992 0.302206
22540.17969 0.302326
22541.17969 0.302442
22542.18945 0.302558
22543.19922 0.302674
22544.19922 0.302791
22545.21094 0.302903
22546.22070 0.302999
22547.22070 0.303094
22548.23047 0.303191
22549.24023 0.303287
22550.24023 0.303386
22551.25000 0.303498
22552.25977 0.303609
22553.26953 0.303721
22554.26953 0.303832
22555.27930 0.303941
22556.28906 0.304043
22557.30078 0.304145
22558.30078 0.304247
22559.31055 0.304349
22560.32031 0.304449
22561.33008 0.304548
22562.33008 0.304646
22563.33984 0.304744
22564.34961 0.304842
22565.35938 0.304928
22566.36914 0.304992
22567.36914 0.305056
22568.38086 0.30512
22569.39062 0.305184
22570.40039 0.305294
22571.41016 0.305475
22572.41016 0.305656
22573.41992 0.305836
22574.42969 0.306017
22575.43945 0.306101
22576.44922 0.30606
22577.46094 0.306019
22578.46094 0.305977
22579.47070 0.305936
22580.48047 0.305998
22581.49023 0.306174
22582.50000 0.306349
22583.50977 0.306525
22584.51953 0.306701
22585.51953 0.306827
22586.52930 0.306909
22587.53906 0.306991
22588.55078 0.307073
22589.56055 0.307155
22590.57031 0.307246
22591.58008 0.307343
22592.58984 0.30744
22593.59961 0.307537
22594.60938 0.307634
22595.60938 0.307723
22596.61914 0.307806
22597.63086 0.30789
22598.64062 0.307974
22599.65039 0.308058
22600.66016 0.308126
22601.66992 0.308186
22602.67969 0.308246
22603.68945 0.308306
22604.69922 0.308366
22605.71094 0.308495
22606.72070 0.308654
22607.73047 0.308814
22608.74023 0.308973
22609.75000 0.309132
22610.75977 0.30926
22611.76953 0.309379
22612.77930 0.309497
22613.78906 0.309616
22614.80078 0.309735
22615.81055 0.30976
22616.82031 0.309762
22617.83008 0.309765
22618.83984 0.309767
22619.84961 0.309769
22620.85938 0.309903
22621.86914 0.310061
22622.88086 0.310218
22623.89062 0.310375
22624.90039 0.310533
22625.91016 0.310641
22626.91992 0.310744
22627.92969 0.310847
22628.93945 0.31095
22629.94922 0.311053
22630.96094 0.311154
22631.97070 0.311255
22632.99023 0.311356
22634.00000 0.311457
22635.00977 0.311557
22636.01953 0.311688
22637.02930 0.311818
22638.03906 0.311948
22639.05078 0.312079
22640.06055 0.312203
22641.07031 0.312233
22642.08984 0.312263
22643.09961 0.312294
22644.10938 0.312324
22645.11914 0.312366
22646.13086 0.312491
22647.14062 0.312616
22648.15039 0.312741
22649.16992 0.312866
22650.17969 0.312986
22651.18945 0.313075
22652.19922 0.313164
22653.21094 0.313253
22654.22070 0.313343
22655.24023 0.313438
22656.25000 0.313553
22657.25977 0.313667
22658.26953 0.313782
22659.28906 0.313897
22660.30078 0.313982
22661.31055 0.313994
22662.32031 0.314007
22663.33008 0.314019
22664.34961 0.314032
22665.35938 0.314073
22666.36914 0.314167
22667.38086 0.314261
22668.39062 0.314354
22669.41016 0.314449
22670.41992 0.31457
22671.42969 0.314731
22672.44922 0.314891
22673.46094 0.315052
22674.47070 0.315213
22675.48047 0.315329
22676.50000 0.315395
22677.50977 0.315462
22678.51953 0.315528
22679.53906 0.315595
22680.55078 0.315677
22681.56055 0.315771
22682.57031 0.315866
22683.58984 0.315961
22684.59961 0.316056
22685.60938 0.316156
22686.63086 0.316258
22687.64062 0.31636
22688.65039 0.316462
22689.66992 0.316564
22690.67969 0.316656
22691.68945 0.316742
22692.71094 0.316829
22693.72070 0.316915
22694.73047 0.317002
22695.75000 0.31709
22696.75977 0.31718
22697.77930 0.317269
22698.78906 0.317359
22699.80078 0.317448
22700.82031 0.317517
22701.83008 0.317581
22702.84961 0.317646
22703.85938 0.317709
22704.86914 0.317774
22705.89062 0.317884
22706.90039 0.318
22707.91992 0.318117
22708.92969 0.318234
22709.94922 0.31835
22710.96094 0.318469
22711.97070 0.318588
22712.99023 0.318708
22714.00000 0.318827
22715.01953 0.318946
22716.02930 0.319018
22717.03906 0.31909
22718.06055 0.319162
22719.08008 0.319234
22720.08984 0.319312
22721.10938 0.319455
22722.11914 0.319598
22723.13086 0.31974
22724.15039 0.319883
22725.16016 0.320018
22726.17969 0.320114
22727.19922 0.32021
22728.21094 0.320306
22729.22070 0.320402
22730.24023 0.320489
22731.25977 0.320547
22732.26953 0.320606
22733.28906 0.320665
22734.30078 0.320723
22735.32031 0.320791
22736.33008 0.320879
22737.34961 0.320967
22738.35938 0.321055
22739.38086 0.321144
22740.39062 0.321227
22741.41016 0.321304
22742.42969 0.32138
22743.43945 0.321457
22744.46094 0.321533
22745.47070 0.321605
22746.49023 0.321671
22747.50977 0.321737
22748.51953 0.321803
22749.53906 0.321869
22750.55078 0.321977
22751.57031 0.32212
22752.58984 0.322262
22753.59961 0.322405
22754.61914 0.322548
22755.63086 0.32263
22756.65039 0.322674
22757.66992 0.322719
22758.67969 0.322764
22759.69922 0.322809
22760.72070 0.322908
22761.73047 0.323029
22762.75000 0.32315
22763.76953 0.323271
22764.78906 0.323393
22765.80078 0.323444
22766.82031 0.323476
22767.83008 0.323509
22768.84961 0.323541
22769.86914 0.323574
22770.89062 0.323673
22771.90039 0.323782
22772.91992 0.323891
22773.93945 0.324001
22774.96094 0.32411
22775.97070 0.324196
22776.99023 0.32428
22778.00977 0.324365
22779.01953 0.32445
22780.03906 0.324535
22781.06055 0.324613
22782.08008 0.324692
22783.08984 0.324771
22784.10938 0.324849
22785.13086 0.324926
22786.15039 0.32499
22787.16016 0.325053
22788.17969 0.325117
22789.19922 0.325181
22790.22070 0.325239
22791.24023 0.325279
22792.25000 0.325318
22793.26953 0.325358
22794.28906 0.325398
22795.31055 0.325459
22796.33008 0.32557
22797.33984 0.325682
22798.35938 0.325794
22799.38086 0.325905
22800.40039 0.325993
22801.41992 0.326045
22802.43945 0.326098
22803.46094 0.32615
22804.47070 0.326202
22805.49023 0.326278
22806.50977 0.32638
22807.52930 0.326482
22808.55078 0.326584
22809.57031 0.326686
22810.58984 0.326781
22811.59961 0.326871
22812.61914 0.326962
22813.64062 0.327052
22814.66016 0.327143
22815.67969 0.327233
22816.69922 0.327323
22817.72070 0.327412
22818.74023 0.327502
22819.75977 0.327592
22820.77930 0.327663
22821.78906 0.327727
22822.81055 0.327792
22823.83008 0.327857
22824.84961 0.327922
22825.86914 0.327929
22826.89062 0.327927
22827.91016 0.327925
22828.92969 0.327923
22829.94922 0.327921
22830.97070 0.328039
22831.99023 0.328164
22833.00977 0.328288
22834.02930 0.328413
22835.05078 0.328534
22836.07031 0.328591
22837.08984 0.328648
22838.10938 0.328705
22839.13086 0.328762
22840.15039 0.328825
22841.16992 0.32892
22842.18945 0.329016
22843.21094 0.329112
22844.23047 0.329207
22845.25000 0.329302
22846.26953 0.329392
22847.28906 0.329483
22848.31055 0.329574
22849.33008 0.329665
22850.34961 0.329751
22851.36914 0.32983
22852.39062 0.329908
22853.41992 0.329987
22854.43945 0.330066
22855.46094 0.330131
22856.48047 0.330182
22857.50000 0.330233
22858.51953 0.330283
22859.53906 0.330334
22860.56055 0.330414
22861.58008 0.330518
22862.59961 0.330622
22863.63086 0.330726
22864.65039 0.33083
22865.66992 0.3309
22866.68945 0.330951
22867.71094 0.331003
22868.73047 0.331054
22869.75000 0.331106
22870.77930 0.331174
22871.80078 0.331248
22872.82031 0.331321
22873.83984 0.331395
22874.85938 0.331468
22875.88086 0.331566
22876.90039 0.331669
22877.92969 0.331771
22878.94922 0.331874
22879.97070 0.331976
22880.99023 0.332032
22882.00977 0.332086
22883.03906 0.33214
22884.06055 0.332194
22885.08008 0.332248
22886.09961 0.332307
22887.11914 0.332365
22888.15039 0.332424
22889.16992 0.332482
22890.18945 0.332548
22891.21094 0.332647
22892.24023 0.332746
22893.25977 0.332845
22894.27930 0.332943
22895.30078 0.333039
22896.33008 0.333126
22897.34961 0.333214
22898.36914 0.333301
22899.39062 0.333388
22900.41992 0.333458
22901.43945 0.333501
22902.46094 0.333544
22903.49023 0.333588
22904.50977 0.333631
22905.52930 0.333691
22906.56055 0.333768
22907.58008 0.333844
22908.59961 0.333921
22909.63086 0.333997
22910.65039 0.334062
22911.66992 0.334121
22912.69922 0.33418
22913.72070 0.334238
22914.74023 0.334297
22915.76953 0.334383
22916.78906 0.334479
22917.81055 0.334575
22918.83984 0.334671
22919.85938 0.334767
22920.88086 0.334823
22921.91016 0.334872
22922.92969 0.334921
22923.96094 0.33497
22924.98047 0.335019
22926.00000 0.33511
22927.02930 0.335201
22928.05078 0.335292
22929.08008 0.335383
22930.09961 0.335473
22931.11914 0.335554
22932.15039 0.335636
22933.16992 0.335718
22934.19922 0.335799
22935.22070 0.335882
22936.25000 0.33597
22937.26953 0.336058
22938.28906 0.336146
22939.32031 0.336234
22940.33984 0.336316
22941.36914 0.336389
22942.39062 0.336462
22943.41992 0.336535
22944.43945 0.336607
22945.47070 0.336699
22946.49023 0.336814
22947.51953 0.336929
22948.53906 0.337044
22949.57031 0.33716
22950.58984 0.337253
22951.61914 0.33733
22952.64062 0.337408
