threeML/data/optical_filters/HST/NICMOS3-F222M.ecsv
# %ECSV 0.9
# ---
# datatype:
# - {name: wavelength, unit: Angstrom, datatype: float32}
# - {name: response, datatype: float32}
# meta: !!omap
# - {band_name: F222M}
# - {group_name: NICMOS3}
wavelength response
[from data line 766]
20747.16992 0.003292
20747.50000 0.003346
20747.83008 0.0034
20748.16016 0.003519
20748.48047 0.003708
20748.81055 0.003897
20749.14062 0.004086
20749.46094 0.004276
20749.78906 0.004464
20750.11914 0.00449
20750.44922 0.00423
20750.76953 0.003971
20751.09961 0.00371
20751.42969 0.003451
20751.75977 0.003191
20752.08008 0.003018
20752.41016 0.003102
20752.74023 0.003186
20753.06055 0.00327
20753.39062 0.003354
20753.72070 0.003438
20754.05078 0.003498
20754.38086 0.003413
20754.69922 0.003328
20755.02930 0.003244
20755.35938 0.003159
20755.67969 0.003074
20756.00977 0.002996
20756.33984 0.003082
20756.66992 0.003167
20756.99023 0.003253
20757.32031 0.003339
20757.65039 0.003425
20757.98047 0.003511
20758.30078 0.003656
20758.63086 0.003806
20758.96094 0.003956
20759.28906 0.004105
20759.60938 0.004255
20759.93945 0.004406
20760.26953 0.004498
20760.59961 0.004578
20760.91992 0.004658
20761.25000 0.004738
20761.58008 0.004817
20761.91016 0.004897
20762.23047 0.004742
20762.56055 0.004495
20762.89062 0.004246
20763.22070 0.003997
20763.53906 0.003749
20763.86914 0.0035
20764.19922 0.003472
20764.52930 0.003586
20764.84961 0.003701
20765.17969 0.003816
20765.50977 0.003931
20765.83984 0.004045
20766.16016 0.004071
20766.49023 0.004007
20766.82031 0.003944
20767.15039 0.00388
20767.47070 0.003817
20767.80078 0.003753
20768.13086 0.00372
20768.46094 0.003732
20768.78906 0.003745
20769.10938 0.003757
20769.43945 0.00377
20769.76953 0.003782
20770.09961 0.00382
20770.41992 0.003919
20770.75000 0.004017
20771.08008 0.004115
20771.41016 0.004214
20771.73047 0.004313
20772.06055 0.004379
20772.39062 0.004304
20772.72070 0.00423
20773.03906 0.004155
20773.36914 0.00408
20773.69922 0.004005
20774.02930 0.003936
20774.35938 0.003925
20774.67969 0.003913
20775.00977 0.003902
20775.33984 0.003891
20775.66992 0.00388
20775.99023 0.003868
20776.32031 0.003984
20776.65039 0.004102
20776.98047 0.00422
20777.30078 0.004338
20777.63086 0.004456
20777.96094 0.004574
20778.28906 0.004403
20778.61914 0.004191
20778.93945 0.003979
20779.26953 0.003767
20779.59961 0.003555
20779.92969 0.003344
20780.25000 0.003402
20780.58008 0.003539
20780.91016 0.003676
20781.24023 0.003813
20781.57031 0.00395
20781.89062 0.004086
20782.22070 0.004192
20782.55078 0.004282
20782.88086 0.004372
20783.21094 0.004461
20783.52930 0.004551
20783.85938 0.004641
20784.18945 0.004669
20784.51953 0.00465
20784.83984 0.004631
20785.16992 0.004613
20785.50000 0.004594
20785.83008 0.004576
20786.16016 0.004561
20786.48047 0.00455
20786.81055 0.004539
20787.14062 0.004529
20787.47070 0.004518
20787.78906 0.004507
20788.11914 0.004499
20788.44922 0.004495
20788.77930 0.004491
20789.10938 0.004486
20789.43945 0.004482
20789.75977 0.004478
20790.08984 0.004499
20790.41992 0.004586
20790.75000 0.004673
20791.07031 0.00476
20791.40039 0.004847
20791.73047 0.004934
20792.06055 0.004979
20792.39062 0.004833
20792.71094 0.004686
20793.03906 0.004539
20793.36914 0.004393
20793.69922 0.004247
20794.02930 0.004124
20794.34961 0.004286
20794.67969 0.004447
20795.00977 0.004609
20795.33984 0.004771
20795.66992 0.004933
20795.99023 0.005095
20796.32031 0.00501
20796.65039 0.004921
20796.98047 0.004831
20797.31055 0.004742
20797.63086 0.004653
20797.96094 0.004563
20798.28906 0.004568
20798.61914 0.004585
20798.94922 0.004602
20799.27930 0.004618
20799.59961 0.004635
20799.92969 0.004652
20800.25977 0.004691
20800.58984 0.004736
20800.91992 0.004781
20801.24023 0.004826
20801.57031 0.004871
20801.90039 0.004916
20802.23047 0.004869
20802.56055 0.004782
20802.88086 0.004695
20803.21094 0.004608
20803.53906 0.004521
20803.86914 0.004433
20804.19922 0.004429
20804.52930 0.00448
20804.84961 0.00453
20805.17969 0.004581
20805.50977 0.004632
20805.83984 0.004682
20806.16992 0.004699
20806.49023 0.004683
20806.82031 0.004667
20807.15039 0.00465
20807.48047 0.004634
20807.81055 0.004618
20808.13086 0.004626
20808.46094 0.00467
20808.78906 0.004713
20809.11914 0.004757
20809.44922 0.0048
20809.77930 0.004844
20810.10938 0.00489
20810.42969 0.004941
20810.75977 0.004992
20811.08984 0.005043
20811.41992 0.005093
20811.75000 0.005144
20812.07031 0.005125
20812.40039 0.004867
20812.73047 0.004608
20813.06055 0.004348
20813.39062 0.004089
20813.72070 0.003831
20814.03906 0.003636
20814.36914 0.003848
20814.69922 0.004059
20815.02930 0.004271
20815.35938 0.004482
20815.68945 0.004694
20816.00977 0.004891
20816.33984 0.004747
20816.66992 0.004605
20817.00000 0.004462
20817.33008 0.004319
20817.66016 0.004176
20817.98047 0.004033
20818.31055 0.00404
20818.64062 0.004054
20818.97070 0.004068
20819.30078 0.004081
20819.63086 0.004095
20819.96094 0.004109
20820.27930 0.004109
20820.60938 0.004106
20820.93945 0.004103
20821.26953 0.004101
20821.59961 0.004098
20821.92969 0.004095
20822.25000 0.004505
20822.58008 0.005035
20822.91016 0.005568
20823.24023 0.006098
20823.57031 0.006629
20823.90039 0.007159
20824.22070 0.007221
20824.55078 0.007067
20824.88086 0.006913
20825.21094 0.006759
20825.53906 0.006605
20825.86914 0.006451
20826.19922 0.006242
20826.52930 0.005995
20826.84961 0.00575
20827.17969 0.005504
20827.50977 0.005258
20827.83984 0.005012
20828.16992 0.004915
20828.50000 0.004961
20828.82031 0.005007
20829.15039 0.005053
20829.48047 0.0051
20829.81055 0.005146
20830.14062 0.005165
20830.47070 0.005148
20830.80078 0.00513
20831.13086 0.005113
20831.44922 0.005095
20831.77930 0.005078
20832.10938 0.005073
20832.43945 0.005095
20832.76953 0.005116
20833.09961 0.005137
20833.42969 0.005159
20833.75000 0.00518
20834.08008 0.005231
20834.41016 0.005372
20834.74023 0.005513
20835.07031 0.005654
20835.40039 0.005795
20835.72070 0.005936
20836.05078 0.006033
20836.38086 0.005906
20836.71094 0.00578
20837.03906 0.005652
20837.36914 0.005525
20837.69922 0.005399
20838.02930 0.005289
20838.35938 0.005384
20838.67969 0.005479
20839.00977 0.005574
20839.33984 0.005669
20839.66992 0.005764
20840.00000 0.005858
20840.33008 0.005707
20840.66016 0.005555
20840.98047 0.005403
20841.31055 0.00525
20841.64062 0.005098
20841.97070 0.004946
20842.30078 0.005005
20842.63086 0.005084
20842.96094 0.005163
20843.28906 0.005242
20843.61914 0.005321
20843.93945 0.0054
20844.26953 0.005406
20844.59961 0.005395
20844.92969 0.005385
20845.25977 0.005375
20845.58984 0.005364
20845.91992 0.005354
20846.25000 0.005411
20846.57031 0.00549
20846.90039 0.005569
20847.23047 0.005648
20847.56055 0.005727
20847.89062 0.005806
20848.22070 0.005858
20848.55078 0.005895
20848.88086 0.005933
20849.21094 0.00597
20849.52930 0.006008
20849.85938 0.006046
20850.18945 0.005949
20850.51953 0.005755
20850.84961 0.005562
20851.17969 0.00537
20851.50977 0.005176
20851.83984 0.004983
20852.16992 0.004999
20852.49023 0.005222
20852.82031 0.005444
20853.15039 0.005668
20853.48047 0.005891
20853.81055 0.006115
20854.14062 0.006231
20854.47070 0.006201
20854.80078 0.006171
20855.11914 0.006141
20855.46094 0.006112
20855.77930 0.006082
20856.10938 0.006062
20856.43945 0.006063
20856.76953 0.006064
20857.09961 0.006065
20857.42969 0.006066
20857.75977 0.006066
20858.08984 0.00609
20858.41992 0.006178
20858.74023 0.006266
20859.07031 0.006355
20859.40039 0.006443
20859.73047 0.006531
20860.06055 0.006582
20860.39062 0.006471
20860.72070 0.006361
20861.05078 0.00625
20861.38086 0.006139
20861.71094 0.006028
20862.03906 0.005931
20862.36914 0.005955
20862.68945 0.005978
20863.01953 0.006001
20863.34961 0.006024
20863.67969 0.006047
20864.00977 0.006071
20864.33984 0.006142
20864.66992 0.006213
20865.00000 0.006284
20865.33008 0.006354
20865.66016 0.006425
20865.98047 0.006496
20866.31055 0.006525
20866.64062 0.006551
20866.97070 0.006578
20867.30078 0.006604
20867.63086 0.006631
20867.96094 0.006658
20868.28906 0.006572
20868.61914 0.006471
20868.94922 0.006371
20869.27930 0.006269
20869.60938 0.006169
20869.93945 0.006067
20870.25977 0.006039
20870.58984 0.006029
20870.91992 0.006019
20871.25000 0.006008
20871.58008 0.005998
20871.91016 0.005987
20872.24023 0.006
20872.57031 0.006022
20872.90039 0.006044
20873.23047 0.006066
20873.56055 0.006088
20873.89062 0.00611
20874.21094 0.006116
20874.53906 0.006115
20874.86914 0.006113
20875.19922 0.006112
20875.52930 0.00611
20875.85938 0.006109
20876.18945 0.006174
20876.51953 0.006286
20876.84961 0.0064
20877.17969 0.006513
20877.50977 0.006626
20877.83984 0.006739
20878.16992 0.006894
20878.50000 0.007092
20878.83008 0.00729
20879.15039 0.007487
20879.48047 0.007685
20879.81055 0.007883
20880.14062 0.007997
20880.47070 0.008002
20880.80078 0.008007
20881.13086 0.008011
20881.46094 0.008016
20881.78906 0.008021
20882.11914 0.008009
20882.44922 0.007966
20882.77930 0.007923
20883.10938 0.00788
20883.43945 0.007837
20883.76953 0.007795
20884.09961 0.007725
20884.42969 0.007588
20884.75000 0.007452
20885.08008 0.007315
20885.41016 0.007179
20885.74023 0.007043
20886.07031 0.006951
20886.40039 0.007018
20886.73047 0.007085
20887.06055 0.007153
20887.39062 0.00722
20887.72070 0.007288
20888.05078 0.007294
20888.38086 0.006946
20888.71094 0.006599
20889.03906 0.006253
20889.36914 0.005906
20889.69922 0.005558
20890.02930 0.005272
20890.35938 0.005669
20890.68945 0.006068
20891.01953 0.006467
20891.33984 0.006863
20891.66992 0.007262
20892.00000 0.007655
20892.33008 0.007533
20892.66016 0.007412
20892.99023 0.00729
20893.32031 0.007168
20893.65039 0.007046
20893.98047 0.006925
20894.31055 0.006912
20894.64062 0.006905
20894.97070 0.006898
20895.30078 0.006892
20895.63086 0.006885
20895.96094 0.006878
20896.28906 0.006701
20896.61914 0.006501
20896.94922 0.006299
20897.27930 0.006097
20897.60938 0.005896
20897.93945 0.005695
20898.26953 0.005856
20898.59961 0.006105
20898.92969 0.006354
20899.25977 0.006604
20899.58008 0.006851
20899.91016 0.0071
20900.24023 0.007116
20900.57031 0.00705
20900.90039 0.006983
20901.23047 0.006917
20901.56055 0.006851
20901.89062 0.006784
20902.22070 0.006739
20902.55078 0.006705
20902.88086 0.00667
20903.21094 0.006636
20903.53906 0.006601
20903.86914 0.006567
20904.19922 0.00658
20904.52930 0.006625
20904.85938 0.00667
20905.18945 0.006714
20905.51953 0.006759
20905.84961 0.006804
20906.17969 0.006912
20906.50977 0.007072
20906.83984 0.007233
20907.16992 0.007392
20907.50000 0.007553
20907.83008 0.007713
20908.16016 0.007856
20908.49023 0.007979
20908.82031 0.008102
20909.15039 0.008226
20909.48047 0.008348
20909.81055 0.008471
20910.14062 0.008492
20910.47070 0.008368
20910.80078 0.008244
20911.13086 0.00812
20911.46094 0.007996
20911.78906 0.007873
20912.11914 0.007753
20912.44922 0.007643
20912.77930 0.007532
20913.10938 0.007422
20913.43945 0.007311
20913.76953 0.0072
20914.09961 0.007158
20914.42969 0.007286
20914.75977 0.007413
20915.08984 0.007541
20915.41992 0.007669
20915.75000 0.007797
20916.07031 0.007923
20916.40039 0.00805
20916.73047 0.008176
20917.06055 0.008303
20917.39062 0.008429
20917.72070 0.008555
20918.05078 0.008634
20918.38086 0.008469
20918.71094 0.008304
20919.03906 0.008139
20919.36914 0.007974
20919.71094 0.007809
20920.03906 0.007665
20920.36914 0.0077
20920.69922 0.007735
20921.02930 0.00777
20921.35938 0.007805
20921.68945 0.00784
20922.01953 0.007876
20922.34961 0.007927
20922.67969 0.007977
20923.00977 0.008028
20923.33984 0.008078
20923.66992 0.008129
20924.00000 0.00818
20924.32031 0.008007
20924.65039 0.007831
20924.98047 0.007654
20925.31055 0.007478
20925.64062 0.007301
20925.97070 0.007125
20926.31055 0.007186
20926.64062 0.007267
20926.97070 0.007348
20927.30078 0.007429
20927.63086 0.007509
20927.96094 0.00759
20928.28906 0.007542
20928.61914 0.007475
20928.94922 0.007408
20929.27930 0.00734
20929.60938 0.007273
20929.93945 0.007206
20930.26953 0.007298
20930.59961 0.007426
20930.92969 0.007555
20931.25977 0.007684
20931.58984 0.007813
20931.91992 0.007942
20932.25000 0.008228
20932.58008 0.008567
20932.91016 0.008905
20933.24023 0.009243
20933.57031 0.009582
20933.90039 0.00992
20934.23047 0.009871
20934.56055 0.009651
20934.89062 0.009432
20935.22070 0.009212
20935.55078 0.008992
20935.88086 0.008772
20936.21094 0.008656
20936.53906 0.008598
20936.86914 0.00854
20937.19922 0.008483
20937.52930 0.008425
20937.85938 0.008367
20938.18945 0.008364
20938.51953 0.0084
20938.84961 0.008436
20939.17969 0.008472
20939.50977 0.008508
20939.83984 0.008545
20940.16992 0.008568
20940.50000 0.008581
20940.83984 0.008594
20941.16992 0.008607
20941.50000 0.00862
20941.83008 0.008632
20942.16016 0.008708
20942.49023 0.008852
20942.82031 0.008997
20943.15039 0.009142
20943.48047 0.009287
20943.81055 0.009432
20944.14062 0.009484
20944.47070 0.009409
20944.80078 0.009333
20945.13086 0.009258
20945.46094 0.009182
20945.78906 0.009106
20946.11914 0.009165
20946.44922 0.009455
20946.77930 0.009745
20947.10938 0.010035
20947.43945 0.010327
20947.76953 0.010618
20948.09961 0.010738
20948.42969 0.010488
20948.75977 0.010238
20949.09961 0.009987
20949.42969 0.009736
20949.75977 0.009486
20950.08984 0.009328
20950.41992 0.009432
20950.75000 0.009536
20951.08008 0.00964
20951.41016 0.009744
20951.74023 0.009848
20952.07031 0.009916
20952.40039 0.009843
20952.73047 0.009771
20953.06055 0.009699
20953.39062 0.009627
20953.72070 0.009554
20954.05078 0.009504
20954.38086 0.009573
20954.71094 0.009642
20955.03906 0.009711
20955.36914 0.00978
20955.71094 0.009849
20956.03906 0.009893
20956.36914 0.009731
20956.69922 0.009569
20957.02930 0.009407
20957.35938 0.009245
20957.68945 0.009084
20958.01953 0.008942
20958.34961 0.009143
20958.67969 0.009344
20959.00977 0.009545
20959.33984 0.009746
20959.66992 0.009947
20960.00000 0.010146
20960.33008 0.010114
20960.66016 0.010083
20960.99023 0.010051
20961.33008 0.010019
20961.66016 0.009987
20961.99023 0.009956
20962.32031 0.009976
20962.65039 0.009998
20962.98047 0.01002
20963.31055 0.010043
20963.64062 0.010065
20963.97070 0.010088
20964.30078 0.009961
20964.63086 0.00982
20964.96094 0.009679
20965.28906 0.009538
20965.63086 0.009396
20965.96094 0.009255
20966.28906 0.009401
20966.61914 0.009594
20966.94922 0.009785
20967.27930 0.009977
20967.60938 0.010169
20967.93945 0.010361
20968.26953 0.010443
20968.59961 0.010501
20968.92969 0.010558
20969.25977 0.010616
20969.58984 0.010674
20969.91992 0.010731
20970.25000 0.010789
20970.58984 0.010848
20970.91992 0.010906
20971.25000 0.010965
20971.58008 0.011023
20971.91016 0.011082
20972.24023 0.011035
20972.57031 0.010948
20972.90039 0.010861
20973.23047 0.010773
20973.56055 0.010686
20973.89062 0.010599
20974.22070 0.010597
20974.55078 0.010634
20974.89062 0.010672
20975.22070 0.010709
20975.55078 0.010747
20975.88086 0.010785
20976.21094 0.010791
20976.53906 0.01078
20976.86914 0.010768
20977.19922 0.010757
20977.52930 0.010745
20977.86914 0.010734
20978.19922 0.010729
20978.52930 0.010727
20978.85938 0.010726
20979.18945 0.010725
20979.51953 0.010724
20979.84961 0.010723
20980.17969 0.010634
20980.50977 0.010472
20980.83984 0.01031
20981.16992 0.010147
20981.50000 0.009986
20981.83984 0.009823
20982.16992 0.009858
20982.50000 0.01009
20982.83008 0.01032
20983.16016 0.010551
20983.49023 0.010781
20983.82031 0.011013
20984.15039 0.011206
20984.48047 0.011358
20984.81055 0.011509
20985.15039 0.01166
20985.48047 0.011811
20985.81055 0.011963
20986.14062 0.011973
20986.47070 0.011788
20986.80078 0.011605
20987.13086 0.01142
20987.46094 0.011236
20987.78906 0.011051
20988.13086 0.010972
20988.46094 0.011066
20988.78906 0.011158
20989.11914 0.011252
20989.44922 0.011345
20989.77930 0.011438
20990.10938 0.011513
20990.43945 0.011554
20990.76953 0.011594
20991.10938 0.011634
20991.43945 0.011674
20991.76953 0.011715
20992.09961 0.011741
20992.42969 0.011736
20992.75977 0.01173
20993.08984 0.011724
20993.41992 0.011718
20993.75000 0.011713
20994.08984 0.011728
20994.41992 0.011803
20994.75000 0.011878
20995.08008 0.011953
20995.41016 0.012028
20995.74023 0.012103
20996.07031 0.012134
20996.40039 0.012002
20996.73047 0.011871
20997.07031 0.011739
20997.40039 0.011607
20997.73047 0.011475
20998.06055 0.011394
20998.39062 0.011538
20998.72070 0.011684
20999.05078 0.011828
