threeML/data/optical_filters/HST/NICMOS2-F171M.ecsv
# %ECSV 0.9
# ---
# datatype:
# - {name: wavelength, unit: Angstrom, datatype: float32}
# - {name: response, datatype: float32}
# meta: !!omap
# - {band_name: F171M}
# - {group_name: NICMOS2}
wavelength response
[from data line 767]
16283.92969 0.00059
16284.16992 0.000596
16284.40039 0.000596
16284.63965 0.000596
16284.87988 0.000597
16285.11035 0.000597
16285.34961 0.000597
16285.58984 0.000598
16285.82031 0.000598
16286.05957 0.000596
16286.29980 0.000584
16286.53027 0.000573
16286.76953 0.000562
16287.00977 0.00055
16287.24023 0.000539
16287.48047 0.000528
16287.71973 0.000516
16287.95020 0.000505
16288.19043 0.000504
16288.42969 0.000506
16288.66016 0.000508
16288.90039 0.00051
16289.13965 0.000512
16289.37012 0.000514
16289.61035 0.000516
16289.84961 0.000518
16290.08008 0.000524
16290.32031 0.000539
16290.55957 0.000554
16290.79004 0.000569
16291.03027 0.000584
16291.26953 0.000599
16291.50000 0.000614
16291.74023 0.000629
16291.98047 0.000644
16292.20996 0.000652
16292.45020 0.00066
16292.69043 0.000667
16292.91992 0.000675
16293.16016 0.000682
16293.40039 0.00069
16293.62988 0.000697
16293.87012 0.000705
16294.11035 0.000712
16294.33984 0.00072
16294.58008 0.000728
16294.82031 0.000736
16295.04980 0.000744
16295.29004 0.000751
16295.53027 0.000759
16295.76953 0.000767
16296.00000 0.000774
16296.24023 0.000742
16296.48047 0.000711
16296.70996 0.000679
16296.95020 0.000647
16297.19043 0.000615
16297.41992 0.000583
16297.66016 0.000551
16297.90039 0.000519
16298.12988 0.000513
16298.37012 0.000526
16298.61035 0.000539
16298.83984 0.000552
16299.08008 0.000566
16299.32031 0.000579
16299.54980 0.000592
16299.79004 0.000605
16300.03027 0.00062
16300.26953 0.000646
16300.50000 0.000672
16300.74023 0.000698
16300.98047 0.000724
16301.20996 0.00075
16301.45020 0.000776
16301.69043 0.000802
16301.91992 0.000828
16302.16016 0.000837
16302.40039 0.000837
16302.62988 0.000837
16302.87012 0.000837
16303.11035 0.000837
16303.33984 0.000837
16303.58008 0.000837
16303.82031 0.000837
16304.05957 0.000835
16304.29004 0.000823
16304.53027 0.000812
16304.76953 0.000801
16305.00000 0.00079
16305.24023 0.000779
16305.48047 0.000768
16305.70996 0.000756
16305.95020 0.000745
16306.19043 0.000724
16306.42969 0.0007
16306.66016 0.000675
16306.90039 0.000651
16307.13965 0.000627
16307.37012 0.000603
16307.61035 0.000579
16307.84961 0.000554
16308.08008 0.000545
16308.32031 0.000562
16308.55957 0.000579
16308.79004 0.000596
16309.03027 0.000613
16309.26953 0.00063
16309.50977 0.000647
16309.74023 0.000664
16309.98047 0.000681
16310.21973 0.000698
16310.45020 0.000715
16310.69043 0.000732
16310.92969 0.000749
16311.16992 0.000766
16311.40039 0.000783
16311.63965 0.000799
16311.87988 0.000816
16312.11035 0.000822
16312.34961 0.000814
16312.58984 0.000807
16312.82031 0.0008
16313.05957 0.000792
16313.29980 0.000785
16313.54004 0.000778
16313.76953 0.00077
16314.00977 0.000764
16314.25000 0.000769
16314.48047 0.000775
16314.71973 0.000781
16314.95996 0.000786
16315.20020 0.000792
16315.42969 0.000798
16315.66992 0.000803
16315.91016 0.000809
16316.13965 0.000808
16316.37988 0.000803
16316.62012 0.000798
16316.86035 0.000793
16317.08984 0.000787
16317.33008 0.000782
16317.57031 0.000777
16317.79980 0.000772
16318.04004 0.000769
16318.28027 0.000776
16318.50977 0.000784
16318.75000 0.000791
16318.99023 0.000798
16319.23047 0.000806
16319.45996 0.000813
16319.70020 0.000821
16319.94043 0.000828
16320.16992 0.000815
16320.41016 0.000794
16320.65039 0.000773
16320.88965 0.000752
16321.12012 0.000731
16321.36035 0.00071
16321.59961 0.00069
16321.83984 0.000669
16322.07031 0.000654
16322.30957 0.000654
16322.54980 0.000654
16322.78027 0.000654
16323.01953 0.000654
16323.25977 0.000655
16323.50000 0.000655
16323.73047 0.000655
16323.96973 0.000655
16324.20996 0.000647
16324.44043 0.000637
16324.67969 0.000628
16324.91992 0.000619
16325.16016 0.000609
16325.38965 0.0006
16325.62988 0.00059
16325.87012 0.000581
16326.11035 0.000597
16326.33984 0.000645
16326.58008 0.000692
16326.82031 0.00074
16327.04980 0.000788
16327.29004 0.000835
16327.53027 0.000883
16327.76953 0.000931
16328.00000 0.000977
16328.24023 0.000962
16328.48047 0.000946
16328.71973 0.000931
16328.95020 0.000915
16329.19043 0.0009
16329.42969 0.000884
16329.66992 0.000869
16329.90039 0.000853
16330.13965 0.000835
16330.37988 0.000815
16330.61035 0.000794
16330.84961 0.000774
16331.08984 0.000754
16331.33008 0.000733
16331.55957 0.000713
16331.79980 0.000693
16332.04004 0.000678
16332.28027 0.000695
16332.50977 0.000712
16332.75000 0.000729
16332.99023 0.000746
16333.21973 0.000763
16333.45996 0.00078
16333.70020 0.000797
16333.94043 0.000814
16334.16992 0.000826
16334.41016 0.000835
16334.65039 0.000845
16334.88965 0.000854
16335.12012 0.000864
16335.36035 0.000873
16335.59961 0.000883
16335.83984 0.000892
16336.07031 0.000882
16336.30957 0.000829
16336.54980 0.000776
16336.79004 0.000723
16337.01953 0.00067
16337.25977 0.000617
16337.50000 0.000563
16337.74023 0.00051
16337.96973 0.000457
16338.20996 0.000533
16338.45020 0.000626
16338.67969 0.000719
16338.91992 0.000812
16339.16016 0.000905
16339.40039 0.000998
16339.62988 0.001091
16339.87012 0.001184
16340.11035 0.001204
16340.34961 0.001138
16340.58008 0.001072
16340.82031 0.001005
16341.05957 0.000939
16341.29980 0.000873
16341.53027 0.000807
16341.76953 0.000741
16342.00977 0.000679
16342.25000 0.000723
16342.48047 0.000767
16342.71973 0.00081
16342.95996 0.000854
16343.20020 0.000898
16343.42969 0.000942
16343.66992 0.000986
16343.91016 0.00103
16344.15039 0.001031
16344.37988 0.001004
16344.62012 0.000977
16344.86035 0.000951
16345.09961 0.000924
16345.33008 0.000898
16345.57031 0.000871
16345.80957 0.000845
16346.04980 0.000821
16346.28027 0.000808
16346.51953 0.000794
16346.75977 0.000781
16347.00000 0.000768
16347.23047 0.000755
16347.46973 0.000741
16347.70996 0.000728
16347.95020 0.000715
16348.17969 0.000722
16348.41992 0.000736
16348.66016 0.000749
16348.90039 0.000762
16349.13965 0.000776
16349.37012 0.000789
16349.61035 0.000802
16349.84961 0.000816
16350.08984 0.00082
16350.32031 0.000809
16350.55957 0.000798
16350.79980 0.000787
16351.04004 0.000776
16351.26953 0.000765
16351.50977 0.000753
16351.75000 0.000742
16351.99023 0.000731
16352.21973 0.000747
16352.45996 0.000764
16352.70020 0.000782
16352.94043 0.000799
16353.16992 0.000816
16353.41016 0.000834
16353.65039 0.000851
16353.88965 0.000869
16354.12988 0.000877
16354.36035 0.000877
16354.59961 0.000876
16354.83984 0.000876
16355.08008 0.000876
16355.30957 0.000876
16355.54980 0.000876
16355.79004 0.000876
16356.03027 0.000876
16356.25977 0.000878
16356.50000 0.00088
16356.74023 0.000882
16356.98047 0.000885
16357.20996 0.000887
16357.45020 0.000889
16357.69043 0.000891
16357.92969 0.000893
16358.16992 0.00089
16358.40039 0.000884
16358.63965 0.000879
16358.87988 0.000873
16359.12012 0.000867
16359.34961 0.000862
16359.58984 0.000856
16359.83008 0.00085
16360.07031 0.000853
16360.30957 0.000876
16360.54004 0.000899
16360.78027 0.000922
16361.01953 0.000945
16361.25977 0.000968
16361.49023 0.000991
16361.73047 0.001014
16361.96973 0.001037
16362.20996 0.001006
16362.45020 0.000968
16362.67969 0.00093
16362.91992 0.000892
16363.16016 0.000853
16363.40039 0.000815
16363.62988 0.000777
16363.87012 0.000738
16364.11035 0.00073
16364.34961 0.000757
16364.58984 0.000784
16364.82031 0.000811
16365.05957 0.000838
16365.29980 0.000865
16365.54004 0.000892
16365.78027 0.000919
16366.00977 0.000943
16366.25000 0.00093
16366.49023 0.000917
16366.73047 0.000904
16366.95996 0.000891
16367.20020 0.000877
16367.44043 0.000864
16367.67969 0.000851
16367.91992 0.000838
16368.15039 0.000841
16368.38965 0.000852
16368.62988 0.000864
16368.87012 0.000875
16369.09961 0.000887
16369.33984 0.000898
16369.58008 0.00091
16369.82031 0.000921
16370.05957 0.000931
16370.29004 0.000933
16370.53027 0.000935
16370.76953 0.000938
16371.00977 0.00094
16371.25000 0.000942
16371.48047 0.000945
16371.71973 0.000947
16371.95996 0.000949
16372.20020 0.000954
16372.44043 0.00096
16372.66992 0.000966
16372.91016 0.000971
16373.15039 0.000977
16373.38965 0.000982
16373.62012 0.000988
16373.86035 0.000994
16374.09961 0.000999
16374.33984 0.001005
16374.58008 0.001011
16374.82031 0.001017
16375.04980 0.001023
16375.29004 0.001029
16375.53027 0.001035
16375.76953 0.001041
16376.00000 0.001047
16376.24023 0.001041
16376.48047 0.001035
16376.71973 0.00103
16376.95996 0.001024
16377.19043 0.001018
16377.42969 0.001012
16377.66992 0.001007
16377.91016 0.001001
16378.15039 0.000991
16378.37988 0.000977
16378.62012 0.000964
16378.86035 0.00095
16379.09961 0.000937
16379.33984 0.000923
16379.58008 0.00091
16379.80957 0.000896
16380.04980 0.000888
16380.29004 0.0009
16380.53027 0.000912
16380.75977 0.000923
16381.00000 0.000935
16381.24023 0.000947
16381.48047 0.000959
16381.71973 0.000971
16381.95996 0.000982
16382.19043 0.000989
16382.42969 0.000995
16382.66992 0.001001
16382.91016 0.001007
16383.15039 0.001013
16383.37988 0.001019
16383.62012 0.001025
16383.86035 0.001031
16384.09961 0.00103
16384.33984 0.001021
16384.57031 0.001011
16384.81055 0.001001
16385.05078 0.000992
16385.28906 0.000982
16385.52930 0.000973
16385.76953 0.000963
16386.00000 0.000954
16386.24023 0.000962
16386.48047 0.00097
16386.72070 0.000979
16386.96094 0.000987
16387.18945 0.000995
16387.42969 0.001003
16387.66992 0.001012
16387.91016 0.00102
16388.15039 0.001004
16388.38086 0.000973
16388.61914 0.000941
16388.85938 0.00091
16389.09961 0.000879
16389.33984 0.000848
16389.58008 0.000816
16389.81055 0.000785
16390.05078 0.000776
16390.28906 0.000848
16390.52930 0.00092
16390.76953 0.000992
16391.00000 0.001064
16391.24023 0.001136
16391.48047 0.001208
16391.72070 0.00128
16391.96094 0.001352
16392.19922 0.001324
16392.42969 0.001273
16392.66992 0.001223
16392.91016 0.001172
16393.15039 0.001122
16393.39062 0.001071
16393.63086 0.001021
16393.85938 0.00097
16394.09961 0.000956
16394.33984 0.000992
16394.58008 0.001027
16394.82031 0.001062
16395.05078 0.001098
16395.28906 0.001133
16395.52930 0.001169
16395.76953 0.001204
16396.00977 0.001238
16396.25000 0.001227
16396.48047 0.001215
16396.72070 0.001203
16396.96094 0.001192
16397.19922 0.00118
16397.43945 0.001169
16397.67969 0.001157
16397.91016 0.001145
16398.15039 0.00113
16398.39062 0.001113
16398.63086 0.001096
16398.86914 0.001078
16399.10938 0.001061
16399.33984 0.001044
16399.58008 0.001027
16399.82031 0.001009
16400.06055 0.001013
16400.30078 0.001079
16400.53906 0.001145
16400.76953 0.001211
16401.00977 0.001277
16401.25000 0.001344
16401.49023 0.00141
16401.73047 0.001476
16401.96094 0.001542
16402.19922 0.001524
16402.43945 0.001491
16402.67969 0.001458
16402.91992 0.001425
16403.16016 0.001392
16403.39062 0.001359
16403.63086 0.001326
16403.86914 0.001294
16404.10938 0.001273
16404.34961 0.001268
16404.58984 0.001263
16404.83008 0.001257
16405.06055 0.001252
16405.30078 0.001246
16405.53906 0.001241
16405.77930 0.001236
16406.01953 0.00123
16406.25977 0.001218
16406.49023 0.001206
16406.73047 0.001194
16406.97070 0.001182
16407.21094 0.00117
16407.44922 0.001158
16407.68945 0.001146
16407.92969 0.001134
16408.16016 0.001128
16408.40039 0.001124
16408.64062 0.001121
16408.88086 0.001117
16409.11914 0.001114
16409.35938 0.00111
16409.58984 0.001107
16409.83008 0.001103
16410.07031 0.001108
16410.31055 0.001134
16410.55078 0.00116
16410.78906 0.001186
16411.02930 0.001212
16411.25977 0.001237
16411.50000 0.001263
16411.74023 0.001289
16411.98047 0.001315
16412.22070 0.001285
16412.46094 0.001248
16412.69922 0.001213
16412.92969 0.001177
16413.16992 0.001141
16413.41016 0.001105
16413.65039 0.001069
16413.89062 0.001034
16414.11914 0.001032
16414.36914 0.001063
16414.59961 0.001093
16414.83984 0.001123
16415.08008 0.001153
16415.32031 0.001183
16415.56055 0.001213
16415.78906 0.001243
16416.02930 0.001268
16416.26953 0.001269
16416.50977 0.001269
16416.75000 0.001269
16416.99023 0.001269
16417.23047 0.001269
16417.46094 0.001269
16417.71094 0.001269
16417.93945 0.00127
16418.17969 0.001273
16418.41992 0.001277
16418.66016 0.001281
16418.90039 0.001285
16419.13086 0.001289
16419.36914 0.001293
16419.60938 0.001297
16419.84961 0.001301
16420.08984 0.001302
16420.33008 0.001298
16420.57031 0.001295
16420.81055 0.001291
16421.03906 0.001287
16421.27930 0.001284
16421.51953 0.00128
16421.75977 0.001276
16422.00000 0.001273
16422.24023 0.001245
16422.48047 0.001218
16422.71094 0.00119
16422.94922 0.001163
16423.18945 0.001135
16423.42969 0.001108
16423.66992 0.00108
16423.91016 0.001053
16424.15039 0.001052
16424.39062 0.001067
16424.61914 0.001083
16424.85938 0.001099
16425.09961 0.001114
16425.33984 0.00113
16425.58008 0.001146
16425.82031 0.001161
16426.06055 0.001177
16426.28906 0.001194
16426.52930 0.00121
16426.76953 0.001227
16427.00977 0.001243
16427.25000 0.00126
16427.49023 0.001276
16427.73047 0.001293
16427.97070 0.001309
16428.21094 0.001305
16428.43945 0.001297
16428.67969 0.001289
16428.91992 0.001281
16429.16016 0.001273
16429.40039 0.001265
16429.64062 0.001257
16429.88086 0.001249
16430.11914 0.001265
16430.34961 0.001307
16430.58984 0.001349
16430.83008 0.001391
16431.07031 0.001432
16431.31055 0.001474
16431.55078 0.001516
16431.78906 0.001558
16432.02930 0.001592
16432.25977 0.001567
16432.50000 0.001542
16432.74023 0.001516
16432.98047 0.001491
16433.22070 0.001466
16433.46094 0.00144
16433.69922 0.001415
16433.93945 0.001389
16434.16992 0.001384
16434.41016 0.001387
16434.65039 0.001389
16434.89062 0.001391
16435.13086 0.001393
16435.36914 0.001396
16435.60938 0.001398
16435.84961 0.0014
16436.08984 0.001408
16436.32031 0.001426
16436.56055 0.001444
16436.80078 0.001462
16437.03906 0.00148
16437.27930 0.001498
16437.51953 0.001516
16437.75977 0.001534
16438.00000 0.001552
16438.23047 0.001549
16438.47070 0.001545
16438.71094 0.001541
16438.94922 0.001537
16439.18945 0.001532
16439.42969 0.001528
16439.66992 0.001524
16439.91016 0.00152
16440.15039 0.001518
16440.38086 0.001516
16440.63086 0.001515
16440.85938 0.001513
16441.09961 0.001512
16441.33984 0.00151
16441.58008 0.001509
16441.82031 0.001507
16442.06055 0.001512
16442.30078 0.001534
16442.53906 0.001556
16442.77930 0.001579
16443.00977 0.001601
16443.25000 0.001623
16443.49023 0.001646
16443.73047 0.001668
16443.97070 0.00169
16444.21094 0.001701
16444.44922 0.001709
16444.68945 0.001717
16444.92969 0.001725
16445.16016 0.001733
16445.40039 0.001741
16445.64062 0.00175
16445.88086 0.001758
16446.11914 0.001765
16446.35938 0.001771
16446.59961 0.001777
16446.83984 0.001784
16447.08008 0.00179
16447.31055 0.001796
16447.55078 0.001802
16447.78906 0.001808
16448.02930 0.001812
16448.26953 0.001798
16448.50977 0.001784
16448.75000 0.00177
16448.99023 0.001757
16449.23047 0.001743
16449.47070 0.001729
16449.71094 0.001715
16449.94922 0.001701
16450.17969 0.001697
16450.41992 0.001695
16450.66016 0.001693
16450.90039 0.001691
16451.14062 0.001689
16451.38086 0.001687
16451.61914 0.001686
16451.85938 0.001684
16452.09961 0.001685
16452.33984 0.001691
16452.57031 0.001697
16452.81055 0.001704
16453.05078 0.00171
16453.28906 0.001716
16453.52930 0.001722
16453.76953 0.001728
16454.00977 0.001735
16454.25000 0.001739
16454.49023 0.001743
16454.73047 0.001748
16454.96094 0.001752
16455.21094 0.001757
16455.43945 0.001761
16455.67969 0.001766
16455.91992 0.001771
16456.16016 0.001762
16456.40039 0.001748
16456.64062 0.001734
16456.88086 0.00172
16457.11914 0.001706
16457.35938 0.001691
16457.59961 0.001677
16457.83984 0.001663
16458.07031 0.001672
16458.31055 0.001733
16458.55078 0.001794
16458.78906 0.001855
16459.02930 0.001916
16459.26953 0.001976
16459.50977 0.002038
16459.75000 0.002098
16459.99023 0.002159
16460.23047 0.002109
16460.47070 0.002053
16460.71094 0.001996
16460.94922 0.00194
16461.17969 0.001884
16461.41992 0.001827
16461.66016 0.001771
16461.90039 0.001714
16462.14062 0.001676
16462.38086 0.00165
16462.61914 0.001624
16462.85938 0.001598
16463.09961 0.001572
16463.33984 0.001545
16463.58008 0.001519
16463.82031 0.001493
16464.05078 0.001491
16464.28906 0.001571
16464.52930 0.001649
16464.76953 0.001729
16465.00977 0.001807
16465.25000 0.001887
16465.49023 0.001966
16465.73047 0.002045
