threeML/data/optical_filters/HST/NICMOS2-F205W.ecsv
# %ECSV 0.9
# ---
# datatype:
# - {name: wavelength, unit: Angstrom, datatype: float32}
# - {name: response, datatype: float32}
# meta: !!omap
# - {band_name: F205W}
# - {group_name: NICMOS2}
wavelength response
[from data line 8429]
23753.63086 0.049626
23754.68945 0.04931
23755.75000 0.049073
23756.81055 0.048867
23757.88086 0.048661
23758.93945 0.048456
23760.00000 0.04825
23761.06055 0.047989
23762.11914 0.047729
23763.17969 0.047468
23764.24023 0.047207
23765.30078 0.04697
23766.36914 0.046792
23767.42969 0.046613
23768.49023 0.046435
23769.55078 0.046256
23770.60938 0.046019
23771.66992 0.04574
23772.73047 0.045461
23773.80078 0.045182
23774.85938 0.044902
23775.91992 0.044607
23776.98047 0.044308
23778.03906 0.044009
23779.10938 0.043711
23780.16992 0.043439
23781.23047 0.043309
23782.28906 0.043179
23783.35938 0.043048
23784.41992 0.042918
23785.48047 0.042725
23786.53906 0.042455
23787.59961 0.042186
23788.66992 0.041917
23789.73047 0.041647
23790.78906 0.041423
23791.85938 0.041214
23792.91992 0.041006
23793.98047 0.040797
23795.03906 0.04059
23796.10938 0.040423
23797.16992 0.040255
23798.23047 0.040088
23799.28906 0.03992
23800.35938 0.039737
23801.41992 0.039523
23802.48047 0.039308
23803.55078 0.039094
23804.60938 0.03888
23805.66992 0.038692
23806.74023 0.038521
23807.80078 0.03835
23808.85938 0.038178
23809.92969 0.038006
23810.99023 0.037738
23812.05078 0.037463
23813.11914 0.037188
23814.17969 0.036912
23815.24023 0.036675
23816.31055 0.036564
23817.36914 0.036452
23818.43945 0.036341
23819.50000 0.03623
23820.56055 0.036063
23821.63086 0.035848
23822.68945 0.035633
23823.75977 0.035418
23824.82031 0.035202
23825.88086 0.035025
23826.94922 0.034855
23828.00977 0.034685
23829.08008 0.034514
23830.14062 0.034346
23831.21094 0.034189
23832.26953 0.034033
23833.33008 0.033876
23834.40039 0.03372
23835.46094 0.033545
23836.52930 0.033348
23837.58984 0.03315
23838.66016 0.032952
23839.72070 0.032755
23840.78906 0.032592
23841.84961 0.032442
23842.91992 0.032292
23843.98047 0.032141
23845.05078 0.031991
23846.10938 0.031845
23847.17969 0.031699
23848.24023 0.031552
23849.31055 0.031406
23850.36914 0.031258
23851.43945 0.031109
23852.50000 0.030959
23853.57031 0.03081
23854.63086 0.03066
23855.69922 0.030493
23856.76953 0.030318
23857.83008 0.030143
23858.90039 0.029967
23859.96094 0.029792
23861.02930 0.029639
23862.08984 0.029487
23863.16016 0.029335
23864.22070 0.029183
23865.28906 0.02904
23866.35938 0.028922
23867.41992 0.028805
23868.49023 0.028687
23869.55078 0.028569
23870.61914 0.028447
23871.68945 0.028322
23872.75000 0.028198
23873.82031 0.028073
23874.89062 0.027949
23875.94922 0.027861
23877.01953 0.027777
23878.08984 0.027693
23879.15039 0.02761
23880.22070 0.027499
23881.28906 0.027281
23882.34961 0.027063
23883.41992 0.026844
23884.48047 0.026626
23885.55078 0.026448
23886.61914 0.026307
23887.68945 0.026166
23888.75000 0.026025
23889.82031 0.025884
23890.89062 0.025826
23891.94922 0.025785
23893.01953 0.025743
23894.08984 0.025702
23895.16016 0.025649
23896.22070 0.025527
23897.28906 0.025404
23898.35938 0.025281
23899.42969 0.025158
23900.49023 0.025013
23901.56055 0.024843
23902.63086 0.024673
23903.69922 0.024502
23904.75977 0.024332
23905.83008 0.024211
23906.90039 0.024103
23907.97070 0.023996
23909.02930 0.023888
23910.09961 0.023777
23911.16992 0.023632
23912.24023 0.023487
23913.31055 0.023342
23914.36914 0.023197
23915.43945 0.023096
23916.50977 0.023059
23917.58008 0.023022
23918.65039 0.022985
23919.71094 0.022948
23920.77930 0.022819
23921.84961 0.022657
23922.91992 0.022495
23923.99023 0.022332
23925.06055 0.022177
23926.13086 0.02214
23927.19922 0.022103
23928.25977 0.022066
23929.33008 0.022029
23930.40039 0.021961
23931.47070 0.021843
23932.53906 0.021724
23933.60938 0.021606
23934.67969 0.021487
23935.75000 0.02139
23936.81055 0.021302
23937.88086 0.021214
23938.94922 0.021126
23940.01953 0.021037
23941.08984 0.02089
23942.16016 0.020743
23943.23047 0.020596
23944.30078 0.020449
23945.36914 0.020347
23946.43945 0.02033
23947.50977 0.020312
23948.58008 0.020295
23949.65039 0.020278
23950.72070 0.020194
23951.78906 0.020077
23952.85938 0.01996
23953.92969 0.019843
23955.00000 0.019726
23956.07031 0.019598
23957.14062 0.01947
23958.21094 0.019342
23959.27930 0.019213
23960.34961 0.019083
23961.41992 0.018947
23962.49023 0.018811
23963.56055 0.018676
23964.63086 0.01854
23965.69922 0.018477
23966.76953 0.018452
23967.83984 0.018428
23968.91016 0.018403
23969.98047 0.018379
23971.05078 0.018248
23972.11914 0.018115
23973.18945 0.017982
23974.25977 0.017849
23975.33008 0.017742
23976.41016 0.017694
23977.48047 0.017645
23978.55078 0.017596
23979.61914 0.017547
23980.68945 0.0175
23981.75977 0.017453
23982.83008 0.017406
23983.90039 0.017359
23984.97070 0.017312
23986.03906 0.017222
23987.11914 0.017131
23988.18945 0.017041
23989.25977 0.01695
23990.33008 0.016834
23991.40039 0.016664
23992.47070 0.016493
23993.53906 0.016323
23994.61914 0.016152
23995.68945 0.016092
23996.75977 0.016093
23997.83008 0.016095
23998.90039 0.016096
23999.98047 0.016097
24001.05078 0.016057
24002.11914 0.016016
24003.18945 0.015975
24004.26953 0.015933
24005.33984 0.015873
24006.41016 0.015772
24007.48047 0.015671
24008.55078 0.01557
24009.61914 0.015469
24010.69922 0.015421
24011.76953 0.015401
24012.83984 0.015382
24013.91992 0.015362
24014.99023 0.015342
24016.06055 0.015175
24017.13086 0.015007
24018.21094 0.014838
24019.27930 0.014669
24020.34961 0.014553
24021.42969 0.014546
24022.50000 0.014539
24023.57031 0.014533
24024.64062 0.014526
24025.72070 0.014499
24026.78906 0.014464
24027.85938 0.014428
24028.93945 0.014392
24030.00977 0.014355
24031.08008 0.014251
24032.16016 0.014147
24033.23047 0.014042
24034.30078 0.013938
24035.38086 0.013827
24036.44922 0.013705
24037.51953 0.013583
24038.59961 0.01346
24039.66992 0.013337
24040.74023 0.013305
24041.82031 0.013311
24042.89062 0.013318
24043.97070 0.013325
24045.03906 0.013328
24046.11914 0.013244
24047.18945 0.01316
24048.25977 0.013076
24049.33984 0.012992
24050.41016 0.012938
24051.48047 0.01293
24052.56055 0.012922
24053.63086 0.012915
24054.71094 0.012907
24055.77930 0.012856
24056.85938 0.01279
24057.92969 0.012723
24059.00977 0.012656
24060.08008 0.012587
24061.16016 0.012503
24062.23047 0.01242
24063.30078 0.012336
24064.38086 0.012252
24065.46094 0.012184
24066.52930 0.012136
24067.59961 0.012089
24068.67969 0.012042
24069.75000 0.011994
24070.83008 0.011862
24071.90039 0.011704
24072.98047 0.011546
24074.05078 0.011388
24075.13086 0.011254
24076.21094 0.011303
24077.27930 0.011351
24078.35938 0.011399
24079.42969 0.011447
24080.50977 0.011451
24081.58008 0.011405
24082.66016 0.011358
24083.73047 0.011312
24084.81055 0.011266
24085.88086 0.011208
24086.96094 0.011146
24088.03906 0.011085
24089.10938 0.011024
24090.18945 0.010953
24091.26953 0.010835
24092.33984 0.010716
24093.41992 0.010598
24094.49023 0.01048
24095.57031 0.010437
24096.65039 0.010462
24097.72070 0.010487
24098.80078 0.010512
24099.88086 0.010536
24100.94922 0.010503
24102.02930 0.010461
24103.09961 0.01042
24104.17969 0.010379
24105.25977 0.010335
24106.33008 0.010283
24107.41016 0.010232
24108.49023 0.01018
24109.56055 0.010129
24110.64062 0.010014
24111.72070 0.009855
24112.78906 0.009697
24113.86914 0.009538
24114.94922 0.00938
24116.02930 0.009426
24117.09961 0.009482
24118.17969 0.009539
24119.25977 0.009595
24120.33984 0.009635
24121.41016 0.009635
24122.49023 0.009636
24123.57031 0.009637
24124.64062 0.009638
24125.72070 0.009578
24126.80078 0.009487
24127.88086 0.009397
24128.96094 0.009306
24130.02930 0.009216
24131.10938 0.009161
24132.18945 0.009105
24133.26953 0.009049
24134.33984 0.008994
24135.41992 0.008949
24136.50000 0.008922
24137.58008 0.008894
24138.66016 0.008867
24139.73047 0.008839
24140.81055 0.008818
24141.89062 0.008799
24142.97070 0.00878
24144.05078 0.008761
24145.13086 0.008735
24146.21094 0.008655
24147.27930 0.008575
24148.35938 0.008494
24149.43945 0.008414
24150.51953 0.008315
24151.59961 0.008196
24152.67969 0.008076
24153.75977 0.007957
24154.83008 0.007837
24155.91016 0.007827
24156.99023 0.007836
24158.07031 0.007845
24159.15039 0.007854
24160.23047 0.007866
24161.31055 0.007887
24162.39062 0.007909
24163.47070 0.007931
24164.55078 0.007953
24165.61914 0.007914
24166.71094 0.007831
24167.77930 0.007748
24168.85938 0.007664
24169.93945 0.007581
24171.01953 0.007505
24172.09961 0.00743
24173.17969 0.007355
24174.25977 0.007279
24175.33984 0.007232
24176.41992 0.007248
24177.50000 0.007263
24178.58008 0.007278
24179.66016 0.007293
24180.74023 0.007284
24181.82031 0.007263
24182.90039 0.007243
24183.98047 0.007223
24185.06055 0.007205
24186.14062 0.007216
24187.22070 0.007227
24188.30078 0.007239
24189.38086 0.00725
24190.46094 0.007213
24191.53906 0.007111
24192.61914 0.00701
24193.71094 0.006908
24194.78906 0.006806
24195.86914 0.006803
24196.94922 0.006825
24198.02930 0.006846
24199.10938 0.006868
24200.18945 0.006871
24201.26953 0.006788
24202.34961 0.006705
24203.42969 0.006622
24204.50977 0.006538
24205.58984 0.00649
24206.67969 0.00647
24207.75977 0.00645
24208.83984 0.00643
24209.91992 0.00641
24211.00000 0.006387
24212.08008 0.006364
24213.16016 0.006341
24214.24023 0.006318
24215.33008 0.006302
24216.41016 0.006302
24217.49023 0.006303
24218.57031 0.006303
24219.65039 0.006304
24220.73047 0.006233
24221.82031 0.006127
24222.90039 0.006022
24223.98047 0.005917
24225.06055 0.005816
24226.14062 0.005786
24227.23047 0.005756
24228.31055 0.005727
24229.39062 0.005697
24230.47070 0.005688
24231.55078 0.005704
24232.64062 0.005721
24233.72070 0.005737
24234.80078 0.005754
24235.88086 0.005753
24236.97070 0.005748
24238.05078 0.005743
24239.13086 0.005738
24240.21094 0.00572
24241.30078 0.005651
24242.38086 0.005582
24243.46094 0.005512
24244.55078 0.005443
24245.63086 0.005405
24246.71094 0.005389
24247.78906 0.005374
24248.88086 0.005358
24249.96094 0.005343
24251.03906 0.005255
24252.13086 0.005166
24253.21094 0.005076
24254.28906 0.004986
24255.38086 0.004932
24256.46094 0.004945
24257.53906 0.004958
24258.63086 0.004972
24259.71094 0.004985
24260.78906 0.004947
24261.88086 0.00489
24262.96094 0.004833
24264.03906 0.004776
24265.13086 0.004727
24266.21094 0.004738
24267.30078 0.004749
24268.38086 0.00476
24269.46094 0.004771
24270.55078 0.004738
24271.63086 0.00466
24272.72070 0.004582
24273.80078 0.004504
24274.88086 0.004426
24275.97070 0.004438
24277.05078 0.004461
24278.14062 0.004483
24279.22070 0.004505
24280.31055 0.004512
24281.39062 0.004481
24282.48047 0.00445
24283.56055 0.004419
24284.64062 0.004388
24285.73047 0.00444
24286.81055 0.004533
24287.90039 0.004626
24288.98047 0.004718
24290.07031 0.004798
24291.15039 0.004676
24292.24023 0.004555
24293.32031 0.004433
24294.41016 0.004312
24295.49023 0.004189
24296.58008 0.004065
24297.66016 0.003941
24298.75000 0.003816
24299.83984 0.003692
24300.91992 0.003828
24302.00977 0.004011
24303.08984 0.004194
24304.17969 0.004376
24305.25977 0.004501
24306.34961 0.004447
24307.42969 0.004392
24308.51953 0.004337
24309.60938 0.004282
24310.68945 0.004193
24311.77930 0.004085
24312.85938 0.003976
24313.94922 0.003868
24315.03906 0.003765
24316.11914 0.003831
24317.21094 0.003897
24318.28906 0.003963
24319.38086 0.004029
24320.46094 0.004043
24321.55078 0.003986
24322.64062 0.00393
24323.72070 0.003873
24324.81055 0.003817
24325.90039 0.003787
24326.98047 0.003762
24328.07031 0.003738
24329.16016 0.003713
24330.24023 0.003681
24331.33008 0.003619
24332.41992 0.003557
24333.50000 0.003495
24334.58984 0.003434
24335.67969 0.003419
24336.76953 0.003433
24337.84961 0.003447
24338.93945 0.003461
24340.02930 0.003473
24341.10938 0.003408
24342.19922 0.003344
24343.28906 0.003279
24344.38086 0.003214
24345.46094 0.003187
24346.55078 0.003212
24347.64062 0.003237
24348.72070 0.003262
24349.81055 0.003286
24350.90039 0.0032
24351.99023 0.00309
24353.07031 0.00298
24354.16016 0.00287
24355.25000 0.002789
24356.33984 0.002804
24357.42969 0.002819
24358.50977 0.002835
24359.59961 0.00285
24360.68945 0.002833
24361.77930 0.002798
24362.86914 0.002763
24363.96094 0.002728
24365.03906 0.002694
24366.13086 0.002703
24367.22070 0.002713
24368.31055 0.002722
24369.40039 0.002732
24370.48047 0.0027
24371.57031 0.002618
24372.66016 0.002535
24373.75000 0.002453
24374.83984 0.002371
24375.92969 0.002434
24377.01953 0.002522
24378.10938 0.002611
24379.19922 0.002699
24380.27930 0.002743
24381.36914 0.002657
24382.46094 0.002572
24383.55078 0.002487
24384.64062 0.002401
24385.73047 0.002393
24386.82031 0.002422
24387.91016 0.002452
24389.00000 0.002481
24390.08984 0.002509
24391.17969 0.002523
24392.25977 0.002536
24393.34961 0.002549
24394.43945 0.002563
24395.52930 0.002544
24396.61914 0.00249
24397.71094 0.002437
24398.80078 0.002384
24399.89062 0.002331
24400.98047 0.002397
24402.07031 0.002477
24403.16016 0.002557
24404.25000 0.002637
24405.33984 0.002664
24406.42969 0.002577
24407.51953 0.002489
24408.60938 0.002402
24409.69922 0.002314
24410.78906 0.002274
24411.88086 0.002253
24412.97070 0.002231
24414.06055 0.002209
24415.15039 0.002188
24416.24023 0.002174
24417.33984 0.00216
24418.42969 0.002146
24419.51953 0.002132
24420.60938 0.002162
24421.69922 0.002228
24422.78906 0.002293
24423.88086 0.002358
24424.97070 0.002423
24426.06055 0.002359
24427.15039 0.002291
24428.24023 0.002223
24429.33008 0.002155
24430.42969 0.0021
24431.51953 0.002063
24432.60938 0.002027
24433.69922 0.001991
24434.78906 0.001955
24435.88086 0.001941
24436.97070 0.001933
24438.06055 0.001925
24439.16016 0.001917
24440.25000 0.001902
24441.33984 0.001864
24442.42969 0.001826
24443.51953 0.001788
24444.61914 0.001751
24445.71094 0.001609
24446.80078 0.00141
24447.89062 0.001211
24448.98047 0.001012
24450.07031 0.000845
24451.16992 0.001108
24452.25977 0.001372
24453.34961 0.001635
24454.43945 0.001898
24455.53906 0.002018
24456.63086 0.001988
24457.72070 0.001958
24458.81055 0.001928
24459.90039 0.001898
24461.00000 0.001948
24462.08984 0.002005
24463.17969 0.002061
24464.27930 0.002118
24465.36914 0.002146
24466.46094 0.002116
24467.55078 0.002085
24468.65039 0.002055
24469.74023 0.002025
24470.83008 0.001985
24471.92969 0.001943
24473.01953 0.0019
24474.10938 0.001857
24475.21094 0.0018
24476.30078 0.001681
24477.39062 0.001562
24478.48047 0.001443
24479.58008 0.001324
24480.66992 0.001327
24481.75977 0.001408
24482.85938 0.001489
24483.94922 0.00157
24485.03906 0.001644
24486.14062 0.001565
24487.23047 0.001485
24488.33008 0.001406
24489.41992 0.001326
24490.50977 0.001307
24491.60938 0.001355
24492.69922 0.001403
24493.78906 0.001451
24494.89062 0.0015
24495.98047 0.001388
24497.08008 0.00126
24498.16992 0.001131
24499.26953 0.001002
24500.35938 0.000948
24501.46094 0.001048
24502.55078 0.001147
24503.64062 0.001246
24504.74023 0.001345
24505.83008 0.001323
24506.92969 0.001263
24508.01953 0.001203
24509.11914 0.001142
24510.21094 0.001106
24511.31055 0.001168
24512.40039 0.00123
24513.50000 0.001293
24514.58984 0.001355
24515.68945 0.001439
24516.77930 0.001536
24517.86914 0.001633
24518.97070 0.001731
24520.07031 0.001819
24521.16016 0.001772
24522.25977 0.001725
24523.34961 0.001678
24524.44922 0.001631
24525.53906 0.001563
24526.64062 0.001473
24527.73047 0.001382
24528.83008 0.001292
24529.91992 0.001202
24531.01953 0.001173
24532.11914 0.001149
24533.21094 0.001125
24534.31055 0.0011
24535.40039 0.001105
24536.50000 0.00116
24537.59961 0.001215
24538.68945 0.00127
24539.78906 0.001324
24540.88086 0.001287
24541.98047 0.001228
24543.08008 0.001168
24544.16992 0.001108
24545.26953 0.001066
24546.35938 0.001076
24547.46094 0.001085
24548.56055 0.001095
24549.65039 0.001105
24550.75000 0.001102
24551.84961 0.001093
24552.93945 0.001084
24554.03906 0.001075
24555.14062 0.001067
24556.23047 0.001064
24557.33008 0.001061
24558.42969 0.001058
24559.51953 0.001055
24560.61914 0.000966
24561.72070 0.000812
24562.81055 0.000659
24563.91016 0.000505
27020.30078 0.0
