threeML/data/optical_filters/HST/NICMOS3-F113N.ecsv
# %ECSV 0.9
# ---
# datatype:
# - {name: wavelength, unit: Angstrom, datatype: float32}
# - {name: response, datatype: float32}
# meta: !!omap
# - {band_name: F113N}
# - {group_name: NICMOS3}
wavelength response
[from data line 768]
11312.17969 0.116453
11312.37012 0.116481
11312.57031 0.11651
11312.76953 0.116539
11312.96973 0.116567
11313.16016 0.116596
11313.36035 0.116624
11313.55957 0.116653
11313.75977 0.116681
11313.95020 0.11671
11314.15039 0.116719
11314.34961 0.116722
11314.54980 0.116725
11314.74023 0.116729
11314.94043 0.116732
11315.13965 0.116735
11315.33984 0.116738
11315.53027 0.116741
11315.73047 0.116745
11315.92969 0.116748
11316.12988 0.116737
11316.32031 0.116718
11316.51953 0.116699
11316.71973 0.11668
11316.91992 0.116661
11317.11035 0.116643
11317.30957 0.116624
11317.50977 0.116605
11317.70996 0.116586
11317.91016 0.116567
11318.09961 0.116497
11318.29980 0.116378
11318.50000 0.116258
11318.70020 0.11614
11318.88965 0.116021
11319.08984 0.115902
11319.29004 0.115783
11319.49023 0.115664
11319.67969 0.115545
11319.87988 0.115426
11320.08008 0.11529
11320.28027 0.115126
11320.46973 0.114964
11320.66992 0.114801
11320.87012 0.114638
11321.07031 0.114475
11321.25977 0.114313
11321.45996 0.114149
11321.66016 0.113987
11321.86035 0.113824
11322.04980 0.11363
11322.25000 0.113357
11322.45020 0.113083
11322.65039 0.11281
11322.83984 0.112537
11323.04004 0.112262
11323.24023 0.111989
11323.44043 0.111715
11323.63965 0.111442
11323.83008 0.111169
11324.03027 0.110878
11324.23047 0.110499
11324.42969 0.110118
11324.62012 0.109739
11324.82031 0.109358
11325.01953 0.108979
11325.21973 0.1086
11325.41992 0.108219
11325.61035 0.10784
11325.80957 0.107459
11326.00977 0.107072
11326.20996 0.106484
11326.40039 0.105899
11326.59961 0.105311
11326.79980 0.104726
11327.00000 0.104141
11327.19043 0.103553
11327.38965 0.102967
11327.58984 0.102379
11327.79004 0.101794
11327.99023 0.101206
11328.17969 0.100631
11328.37988 0.100055
11328.58008 0.099481
11328.78027 0.098905
11328.96973 0.098331
11329.16992 0.097754
11329.37012 0.09718
11329.57031 0.096604
11329.75977 0.09603
11329.95996 0.095453
11330.16016 0.094707
11330.36035 0.093917
11330.55957 0.093127
11330.75000 0.092341
11330.95020 0.091551
11331.15039 0.090765
11331.34961 0.089975
11331.54004 0.089188
11331.74023 0.088398
11331.94043 0.087612
11332.13965 0.086855
11332.33984 0.086116
11332.53027 0.085373
11332.73047 0.08463
11332.92969 0.083891
11333.12988 0.083148
11333.33008 0.082408
11333.51953 0.081665
11333.71973 0.080922
11333.91992 0.080183
11334.12012 0.079342
11334.30957 0.078439
11334.50977 0.077532
11334.70996 0.076624
11334.91016 0.075721
11335.11035 0.074813
11335.29980 0.07391
11335.50000 0.073002
11335.70020 0.072094
11335.90039 0.071191
11336.09961 0.070349
11336.29004 0.069579
11336.49023 0.068812
11336.69043 0.068041
11336.88965 0.067274
11337.08008 0.066503
11337.28027 0.065733
11337.48047 0.064966
11337.67969 0.064195
11337.87988 0.063424
11338.07031 0.062608
11338.26953 0.061706
11338.46973 0.060804
11338.66992 0.059906
11338.87012 0.059004
11339.05957 0.058102
11339.25977 0.057204
11339.45996 0.056302
11339.66016 0.055399
11339.86035 0.054497
11340.04980 0.053639
11340.25000 0.052883
11340.45020 0.052127
11340.65039 0.051375
11340.84961 0.050619
11341.04004 0.049863
11341.24023 0.049107
11341.44043 0.048355
11341.63965 0.047599
11341.83984 0.046843
11342.03027 0.046104
11342.23047 0.045433
11342.42969 0.044761
11342.62988 0.04409
11342.83008 0.043422
11343.01953 0.04275
11343.21973 0.042078
11343.41992 0.041407
11343.62012 0.040738
11343.82031 0.040067
11344.00977 0.039392
11344.20996 0.038673
11344.41016 0.037954
11344.61035 0.037239
11344.80957 0.036521
11345.00000 0.035802
11345.20020 0.035083
11345.40039 0.034365
11345.59961 0.033649
11345.79980 0.032931
11345.99023 0.032212
11346.19043 0.031723
11346.38965 0.031242
11346.58984 0.030763
11346.79004 0.030281
11346.98047 0.0298
11347.17969 0.029318
11347.37988 0.028837
11347.58008 0.028355
11347.78027 0.027876
11347.96973 0.027395
11348.16992 0.026915
11348.37012 0.026435
11348.57031 0.025956
11348.76953 0.025476
11348.96973 0.024997
11349.16016 0.02452
11349.36035 0.02404
11349.55957 0.02356
11349.75977 0.023081
11349.95996 0.022601
11350.15039 0.022223
11350.34961 0.021873
11350.54980 0.021524
11350.75000 0.021176
11350.95020 0.020826
11351.13965 0.020476
11351.33984 0.020127
11351.54004 0.019777
11351.74023 0.019427
11351.94043 0.019077
11352.13965 0.018716
11352.33008 0.018349
11352.53027 0.017982
11352.73047 0.017615
11352.92969 0.01725
11353.12988 0.016884
11353.32031 0.016517
11353.51953 0.01615
11353.71973 0.015783
11353.91992 0.015416
11354.12012 0.015119
11354.32031 0.01487
11354.50977 0.014621
11354.70996 0.014372
11354.91016 0.014123
11355.11035 0.013873
11355.30957 0.013624
11355.50000 0.013375
11355.70020 0.013126
11355.90039 0.012877
11356.09961 0.012646
11356.29980 0.012433
11356.50000 0.012219
11356.69043 0.012006
11356.88965 0.011793
11357.08984 0.011579
11357.29004 0.011366
11357.49023 0.011153
11357.69043 0.010939
11357.87988 0.010726
11358.08008 0.010527
11358.28027 0.010347
11358.48047 0.010167
11358.67969 0.009986
11358.87988 0.009806
11359.07031 0.009626
11359.26953 0.009446
11359.46973 0.009266
11359.66992 0.009086
11359.87012 0.008906
11360.05957 0.008742
11360.25977 0.008609
11360.45996 0.008476
11360.66016 0.008343
11360.86035 0.008211
11361.05957 0.008079
11361.25000 0.007946
11361.45020 0.007814
11361.65039 0.007681
11361.84961 0.007549
11362.04980 0.007423
11362.25000 0.007317
11362.44043 0.007211
11362.63965 0.007105
11362.83984 0.006998
11363.04004 0.006892
11363.24023 0.006786
11363.44043 0.00668
11363.62988 0.006575
11363.83008 0.006469
11364.03027 0.006363
11364.23047 0.006258
11364.42969 0.006152
11364.62988 0.006048
11364.83008 0.005943
11365.01953 0.005838
11365.21973 0.005733
11365.41992 0.005628
11365.62012 0.005523
11365.82031 0.005418
11366.01953 0.005316
11366.20996 0.005253
11366.41016 0.005189
11366.61035 0.005126
11366.80957 0.005063
11367.00977 0.004999
11367.20996 0.004936
11367.40039 0.004873
11367.59961 0.004809
11367.79980 0.004746
11368.00000 0.004683
11368.20020 0.004616
11368.40039 0.00455
11368.58984 0.004484
11368.79004 0.004418
11368.99023 0.004351
11369.19043 0.004285
11369.38965 0.004219
11369.58984 0.004153
11369.79004 0.004086
11369.98047 0.00402
11370.17969 0.003954
11370.37988 0.003888
11370.58008 0.003822
11370.78027 0.003756
11370.98047 0.00369
11371.16992 0.003624
11371.37012 0.003558
11371.57031 0.003492
11371.76953 0.003426
11371.96973 0.00336
11372.16992 0.003314
11372.37012 0.003273
11372.55957 0.003231
11372.75977 0.00319
11372.95996 0.003148
11373.16016 0.003106
11373.36035 0.003065
11373.55957 0.003023
11373.75977 0.002982
11373.95020 0.00294
11374.15039 0.002891
11374.34961 0.00284
11374.54980 0.00279
11374.75000 0.002739
11374.95020 0.002688
11375.15039 0.002637
11375.33984 0.002586
11375.54004 0.002536
11375.74023 0.002485
11375.94043 0.002434
11376.13965 0.002404
11376.33984 0.002383
11376.54004 0.002362
11376.73047 0.002341
11376.92969 0.00232
11377.12988 0.002298
11377.33008 0.002277
11377.53027 0.002256
11377.73047 0.002235
11377.92969 0.002214
11378.12988 0.002192
11378.32031 0.00217
11378.51953 0.002147
11378.71973 0.002124
11378.91992 0.002102
11379.12012 0.002079
11379.32031 0.002057
11379.50977 0.002035
11379.70996 0.002012
11379.91016 0.00199
11380.11035 0.001964
11380.30957 0.001935
11380.50977 0.001907
11380.70996 0.001879
11380.91016 0.00185
11381.09961 0.001822
11381.29980 0.001794
11381.50000 0.001765
11381.70020 0.001737
11381.90039 0.001708
11382.09961 0.001678
11382.29980 0.001647
11382.50000 0.001615
11382.69043 0.001583
11382.88965 0.001551
11383.08984 0.00152
11383.29004 0.001488
11383.49023 0.001456
11383.69043 0.001424
11383.88965 0.001393
11384.08008 0.001375
11384.28027 0.001375
11384.48047 0.001375
11384.67969 0.001376
11384.87988 0.001376
11385.08008 0.001376
11385.28027 0.001377
11385.48047 0.001377
11385.66992 0.001377
11385.87012 0.001378
11386.07031 0.00137
11386.26953 0.001347
11386.46973 0.001325
11386.66992 0.001302
11386.87012 0.00128
11387.07031 0.001257
11387.25977 0.001235
11387.45996 0.001212
11387.66016 0.00119
11387.86035 0.001167
11388.05957 0.001149
11388.25977 0.001139
11388.45996 0.001129
11388.66016 0.00112
11388.86035 0.00111
11389.04980 0.001101
11389.25000 0.001091
11389.45020 0.001082
11389.65039 0.001072
11389.84961 0.001062
11390.04980 0.001052
11390.25000 0.001039
11390.45020 0.001026
11390.63965 0.001013
11390.83984 0.001
11391.04004 0.000987
11391.24023 0.000974
11391.44043 0.000961
11391.63965 0.000948
11391.83984 0.000935
11392.04004 0.000922
11392.24023 0.000906
11392.42969 0.00089
11392.62988 0.000874
11392.83008 0.000858
11393.03027 0.000843
11393.23047 0.000827
11393.42969 0.000811
11393.62988 0.000795
11393.83008 0.000779
11394.03027 0.000765
11394.21973 0.000759
11394.41992 0.000753
11394.62012 0.000747
11394.82031 0.000741
11395.01953 0.000735
11395.21973 0.000729
11395.41992 0.000723
11395.62012 0.000717
11395.82031 0.000711
11396.00977 0.000705
11396.20996 0.000691
11396.41016 0.000678
11396.61035 0.000665
11396.80957 0.000651
11397.00977 0.000638
11397.20996 0.000624
11397.41016 0.000611
11397.61035 0.000598
11397.79980 0.000584
11398.00000 0.000571
11398.20020 0.000575
11398.40039 0.000579
11398.59961 0.000583
11398.79980 0.000587
11399.00000 0.000591
11399.20020 0.000595
11399.40039 0.000599
11399.59961 0.000603
11399.79004 0.000607
11399.99023 0.000611
11400.19043 0.000602
11400.38965 0.000592
11400.58984 0.000583
11400.79004 0.000574
11400.99023 0.000564
11401.19043 0.000555
11401.38965 0.000546
11401.58984 0.000536
11401.79004 0.000527
11401.98047 0.000517
11402.17969 0.000515
11402.37988 0.000513
11402.58008 0.000511
11402.78027 0.000509
11402.98047 0.000507
11403.17969 0.000505
11403.37988 0.000503
11403.58008 0.000501
11403.78027 0.0005
11403.96973 0.000498
11404.16992 0.000491
11404.37012 0.000483
11404.57031 0.000475
11404.76953 0.000468
11404.96973 0.00046
11405.16992 0.000453
11405.37012 0.000445
11405.57031 0.000437
11405.76953 0.00043
11405.95996 0.000422
11406.16016 0.000419
11406.36035 0.000417
11406.55957 0.000415
11406.75977 0.000413
11406.95996 0.000411
11407.16016 0.000409
11407.36035 0.000407
11407.55957 0.000405
11407.75977 0.000403
11407.95996 0.000401
12548.75586 0.0
