threeML/data/optical_filters/HST/NICMOS3-F110W.ecsv
# %ECSV 0.9
# ---
# datatype:
# - {name: wavelength, unit: Angstrom, datatype: float32}
# - {name: response, datatype: float32}
# meta: !!omap
# - {band_name: F110W}
# - {group_name: NICMOS3}
wavelength response
[from data line 5508]
12215.84961 0.144295
12216.86035 0.144267
12217.87012 0.144238
12218.87988 0.14421
12219.88965 0.144182
12220.90039 0.144159
12221.91016 0.144136
12222.91992 0.144112
12223.92969 0.144089
12224.94043 0.144066
12225.95020 0.144057
12226.95996 0.144048
12227.96973 0.144039
12228.98047 0.14403
12230.00000 0.144022
12231.00977 0.144004
12232.01953 0.143985
12233.03027 0.143967
12234.04004 0.143949
12235.04980 0.143932
12236.05957 0.143932
12237.08008 0.143933
12238.08984 0.143933
12239.09961 0.143933
12240.11035 0.143935
12241.12012 0.143948
12242.12988 0.143961
12243.15039 0.143974
12244.16016 0.143987
12245.16992 0.144001
12246.17969 0.144014
12247.20020 0.144028
12248.20996 0.144041
12249.21973 0.144055
12250.23047 0.144068
12251.25000 0.144079
12252.25977 0.14409
12253.26953 0.144102
12254.29004 0.144113
12255.29980 0.144124
12256.30957 0.144134
12257.33008 0.144145
12258.33984 0.144156
12259.34961 0.144167
12260.37012 0.144176
12261.37988 0.144181
12262.38965 0.144187
12263.41016 0.144193
12264.41992 0.144199
12265.44043 0.1442
12266.45020 0.144196
12267.45996 0.144191
12268.48047 0.144187
12269.49023 0.144183
12270.50977 0.144173
12271.51953 0.144159
12272.54004 0.144144
12273.54980 0.144129
12274.57031 0.144114
12275.58008 0.144085
12276.59961 0.144045
12277.61035 0.144005
12278.62988 0.143965
12279.63965 0.143925
12280.66016 0.143887
12281.66992 0.143848
12282.69043 0.14381
12283.70020 0.143772
12284.71973 0.143733
12285.73047 0.143672
12286.75000 0.143602
12287.76953 0.143531
12288.78027 0.143461
12289.79980 0.143391
12290.80957 0.143307
12291.83008 0.14322
12292.84961 0.143133
12293.86035 0.143047
12294.87988 0.14296
12295.90039 0.142847
12296.91016 0.142732
12297.92969 0.142616
12298.95020 0.142501
12299.95996 0.142385
12300.98047 0.142255
12302.00000 0.142125
12303.00977 0.141995
12304.03027 0.141865
12305.04980 0.141733
12306.07031 0.141567
12307.08008 0.1414
12308.09961 0.141234
12309.12012 0.141067
12310.13965 0.1409
12311.15039 0.140723
12312.16992 0.140547
12313.19043 0.140371
12314.20996 0.140195
12315.23047 0.140015
12316.24023 0.139823
12317.25977 0.139631
12318.28027 0.139438
12319.29980 0.139246
12320.32031 0.139048
12321.33984 0.138839
12322.36035 0.13863
12323.37012 0.138421
12324.38965 0.138211
12325.41016 0.137996
12326.42969 0.137771
12327.45020 0.137546
12328.46973 0.137322
12329.49023 0.137097
12330.50977 0.136869
12331.53027 0.136638
12332.54980 0.136406
12333.57031 0.136175
12334.58984 0.135944
12335.61035 0.135694
12336.62988 0.135432
12337.65039 0.135169
12338.66992 0.134907
12339.69043 0.134644
12340.70996 0.134404
12341.73047 0.134173
12342.75000 0.133943
12343.76953 0.133712
12344.79004 0.133482
12345.80957 0.133247
12346.83008 0.133012
12347.84961 0.132777
12348.87012 0.132543
12349.88965 0.132307
12350.91016 0.132081
12351.92969 0.131855
12352.95996 0.13163
12353.98047 0.131404
12355.00000 0.131179
12356.01953 0.130962
12357.04004 0.130746
12358.05957 0.130529
12359.08008 0.130312
12360.11035 0.130098
12361.12988 0.129898
12362.15039 0.129698
12363.16992 0.129498
12364.20020 0.129298
12365.21973 0.129098
12366.24023 0.128895
12367.25977 0.128693
12368.29004 0.12849
12369.30957 0.128288
12370.33008 0.128101
12371.34961 0.127947
12372.37988 0.127794
12373.40039 0.12764
12374.41992 0.127487
12375.45020 0.12734
12376.46973 0.127203
12377.49023 0.127067
12378.50977 0.12693
12379.54004 0.126793
12380.55957 0.126673
12381.58008 0.126566
12382.61035 0.126459
12383.62988 0.126353
12384.66016 0.126246
12385.67969 0.126159
12386.70996 0.126081
12387.73047 0.126004
12388.75000 0.125927
12389.78027 0.125849
12390.79980 0.125789
12391.83008 0.125734
12392.84961 0.125678
12393.87012 0.125623
12394.90039 0.125567
12395.91992 0.125542
12396.95020 0.125519
12397.96973 0.125497
12399.00000 0.125475
12400.03027 0.125453
12401.04980 0.12546
12402.08008 0.125468
12403.09961 0.125475
12404.12988 0.125482
12405.15039 0.125495
12406.17969 0.125535
12407.20020 0.125575
12408.23047 0.125615
12409.25000 0.125655
12410.28027 0.125701
12411.30957 0.125762
12412.33008 0.125823
12413.36035 0.125884
12414.38965 0.125945
12415.41016 0.126023
12416.44043 0.126127
12417.46973 0.126232
12418.49023 0.126336
12419.51953 0.12644
12420.54980 0.126549
12421.57031 0.126663
12422.59961 0.126776
12423.62988 0.12689
12424.65039 0.127003
12425.67969 0.127139
12426.70996 0.127285
12427.74023 0.127432
12428.75977 0.127579
12429.79004 0.127725
12430.82031 0.12789
12431.84961 0.128059
12432.87012 0.128228
12433.90039 0.128397
12434.92969 0.128566
12435.95996 0.128748
12436.99023 0.128931
12438.00977 0.129115
12439.04004 0.129298
12440.07031 0.129483
12441.09961 0.129685
12442.12988 0.129886
12443.16016 0.130088
12444.19043 0.130289
12445.21973 0.130493
12446.24023 0.130704
12447.26953 0.130915
12448.29980 0.131126
12449.33008 0.131337
12450.36035 0.13155
12451.38965 0.131768
12452.41992 0.131986
12453.45020 0.132203
12454.48047 0.132421
12455.50977 0.132649
12456.54004 0.132887
12457.57031 0.133125
12458.59961 0.133364
12459.62988 0.133602
12460.66016 0.133834
12461.69043 0.134063
12462.71973 0.134292
12463.75000 0.134521
12464.78027 0.13475
12465.80957 0.134978
12466.83984 0.135205
12467.87012 0.135432
12468.90039 0.135659
12469.92969 0.135887
12470.95996 0.136104
12472.00000 0.136321
12473.03027 0.136539
12474.05957 0.136756
12475.08984 0.136972
12476.12012 0.137181
12477.15039 0.13739
12478.17969 0.137599
12479.21973 0.137808
12480.25000 0.138017
12481.28027 0.138227
12482.30957 0.138436
12483.33984 0.138645
12484.37988 0.138855
12485.41016 0.139055
12486.44043 0.13924
12487.46973 0.139426
12488.50000 0.139611
12489.54004 0.139796
12490.57031 0.139981
12491.59961 0.140164
12492.63965 0.140347
12493.66992 0.14053
12494.70020 0.140713
12495.74023 0.140876
12496.76953 0.141031
12497.79980 0.141186
12498.83008 0.14134
12499.87012 0.141495
12500.90039 0.141638
12501.92969 0.141779
12502.96973 0.141921
12504.00000 0.142062
12505.04004 0.142202
12506.07031 0.142315
12507.09961 0.142427
12508.13965 0.14254
12509.16992 0.142652
12510.20996 0.142762
12511.24023 0.142861
12512.28027 0.14296
12513.30957 0.143059
12514.33984 0.143157
12515.37988 0.143259
12516.41016 0.143366
12517.45020 0.143472
12518.48047 0.143578
12519.51953 0.143685
12520.54980 0.143778
12521.58984 0.143861
12522.62012 0.143943
12523.66016 0.144026
12524.70020 0.144109
12525.73047 0.144179
12526.76953 0.144246
12527.79980 0.144312
12528.83984 0.144378
12529.87012 0.144445
12530.91016 0.144502
12531.95020 0.144557
12532.98047 0.144613
12534.01953 0.144668
12535.04980 0.144724
12536.08984 0.144774
12537.12988 0.144823
12538.16016 0.144873
12539.20020 0.144923
12540.24023 0.144968
12541.26953 0.144998
12542.30957 0.145028
12543.34961 0.145057
12544.37988 0.145087
12545.41992 0.145119
12546.45996 0.145156
12547.50000 0.145192
12548.53027 0.145228
12549.57031 0.145265
12550.61035 0.145295
12551.65039 0.14532
12552.67969 0.145346
12553.71973 0.145371
12554.75977 0.145396
12555.79980 0.145431
12556.83984 0.145467
12557.87012 0.145504
12558.91016 0.145541
12559.95020 0.145578
12560.99023 0.145608
12562.03027 0.145638
12563.07031 0.145668
12564.11035 0.145697
12565.13965 0.145726
12566.17969 0.145752
12567.21973 0.145778
12568.25977 0.145804
12569.29980 0.14583
12570.33984 0.145855
12571.37988 0.14588
12572.41992 0.145905
12573.45996 0.14593
12574.50000 0.145955
12575.54004 0.14598
12576.58008 0.146004
12577.62012 0.146028
12578.66016 0.146052
12579.70020 0.146076
12580.74023 0.146103
12581.78027 0.146131
12582.82031 0.146159
12583.86035 0.146187
12584.90039 0.146215
12585.94043 0.146255
12586.98047 0.146297
12588.01953 0.146339
12589.05957 0.14638
12590.09961 0.14642
12591.13965 0.14644
12592.17969 0.146459
12593.21973 0.146479
12594.26953 0.146499
12595.30957 0.146521
12596.34961 0.146548
12597.38965 0.146575
12598.42969 0.146603
12599.46973 0.14663
12600.50977 0.146656
12601.55957 0.14668
12602.59961 0.146704
12603.63965 0.146727
12604.67969 0.146751
12605.71973 0.146778
12606.76953 0.146807
12607.80957 0.146835
12608.84961 0.146864
12609.88965 0.146892
12610.94043 0.146918
12611.98047 0.146944
12613.01953 0.14697
12614.07031 0.146996
12615.11035 0.147021
12616.15039 0.147043
12617.19043 0.147066
12618.24023 0.147088
12619.28027 0.14711
12620.32031 0.14713
12621.37012 0.147146
12622.41016 0.147161
12623.45020 0.147176
12624.50000 0.147192
12625.54004 0.147206
12626.58984 0.14722
12627.62988 0.147234
12628.66992 0.147247
12629.71973 0.147261
12630.75977 0.147264
12631.80957 0.147263
12632.84961 0.147262
12633.90039 0.14726
12634.94043 0.147259
12635.98047 0.147274
12637.03027 0.147289
12638.07031 0.147305
12639.12012 0.14732
12640.16016 0.147333
12641.20996 0.14733
12642.25000 0.147326
12643.29980 0.147323
12644.33984 0.14732
12645.38965 0.147317
12646.44043 0.147314
12647.48047 0.147312
12648.53027 0.14731
12649.57031 0.147307
12650.62012 0.147303
12651.66992 0.147298
12652.70996 0.147293
12653.75977 0.147287
12654.79980 0.147282
12655.84961 0.147272
12656.90039 0.147261
12657.94043 0.14725
12658.99023 0.147239
12660.04004 0.147229
12661.08008 0.147225
12662.12988 0.147222
12663.17969 0.147218
12664.21973 0.147214
12665.26953 0.14721
12666.32031 0.147204
12667.36035 0.147198
12668.41016 0.147192
12669.45996 0.147186
12670.50977 0.147179
12671.54980 0.147172
12672.59961 0.147166
12673.65039 0.147159
12674.70020 0.147152
12675.75000 0.147145
12676.79004 0.147138
12677.83984 0.147131
12678.88965 0.147124
12679.94043 0.147118
12680.99023 0.147119
12682.04004 0.147121
12683.08008 0.147123
12684.12988 0.147125
12685.17969 0.147127
12686.23047 0.14713
12687.28027 0.147133
12688.33008 0.147136
12689.37988 0.147138
12690.42969 0.147143
12691.46973 0.147149
12692.51953 0.147155
12693.57031 0.147161
12694.62012 0.147167
12695.66992 0.14718
12696.71973 0.147198
12697.76953 0.147216
12698.82031 0.147234
12699.87012 0.147252
12700.91992 0.14727
12701.96973 0.147289
12703.01953 0.147308
12704.07031 0.147327
12705.12012 0.147344
12706.16992 0.147351
12707.21973 0.147358
12708.26953 0.147365
12709.33008 0.147372
12710.37988 0.147387
12711.42969 0.147414
12712.48047 0.147441
12713.53027 0.147469
12714.58008 0.147496
12715.62988 0.14751
12716.67969 0.147514
12717.73047 0.147518
12718.79004 0.147522
12719.83984 0.147527
12720.88965 0.147536
12721.94043 0.147547
12722.99023 0.147558
12724.04004 0.147569
12725.09961 0.14758
12726.15039 0.147589
12727.20020 0.147598
12728.25000 0.147608
12729.30957 0.147617
12730.36035 0.147616
12731.41016 0.147595
12732.45996 0.147573
12733.51953 0.147552
12734.57031 0.14753
12735.62012 0.147508
12736.66992 0.147485
12737.73047 0.147462
12738.78027 0.147439
12739.83008 0.147416
12740.88965 0.147384
12741.94043 0.147351
12742.99023 0.147318
12744.04980 0.147284
12745.09961 0.147247
12746.16016 0.147172
12747.20996 0.147097
12748.25977 0.147023
12749.32031 0.146948
12750.37012 0.146863
12751.41992 0.14676
12752.48047 0.146657
12753.53027 0.146554
12754.58984 0.146451
12755.63965 0.146336
12756.70020 0.146214
12757.75000 0.146092
12758.80957 0.14597
12759.86035 0.145847
12760.91992 0.145697
12761.96973 0.145541
12763.03027 0.145386
12764.08008 0.145231
12765.13965 0.145071
12766.19043 0.144874
12767.25000 0.144679
12768.29980 0.144483
12769.36035 0.144286
12770.41992 0.144073
12771.46973 0.143832
12772.53027 0.143591
12773.58008 0.143351
12774.63965 0.14311
12775.70020 0.14284
12776.75000 0.142554
12777.80957 0.142268
12778.87012 0.141982
12779.91992 0.141697
12780.98047 0.141396
12782.04004 0.141094
12783.08984 0.140792
12784.15039 0.14049
12785.20996 0.140181
12786.25977 0.139841
12787.32031 0.1395
12788.37988 0.13916
12789.42969 0.138819
12790.49023 0.138471
12791.54980 0.138114
12792.61035 0.137757
12793.66016 0.1374
12794.71973 0.137043
12795.78027 0.136649
12796.83984 0.136242
12797.90039 0.135834
12798.95020 0.135427
12800.00977 0.135019
12801.07031 0.134604
12802.12988 0.134188
12803.19043 0.133772
12804.25000 0.133356
12805.29980 0.132929
12806.36035 0.132474
12807.41992 0.132019
12808.48047 0.131564
12809.54004 0.131109
12810.59961 0.130653
12811.66016 0.130196
12812.71973 0.129739
12813.78027 0.129282
12814.83984 0.128825
12815.90039 0.128391
12816.95996 0.127962
12818.01953 0.127532
12819.08008 0.127102
12820.12988 0.126669
12821.20020 0.126213
12822.25000 0.125757
12823.32031 0.125301
12824.37988 0.124844
12825.44043 0.124396
12826.50000 0.123956
12827.55957 0.123517
12828.62012 0.123078
12829.67969 0.122638
12830.74023 0.122205
12831.79980 0.121775
12832.86035 0.121345
12833.91992 0.120914
12834.98047 0.120484
12836.04004 0.120057
12837.11035 0.119631
12838.16992 0.119204
12839.23047 0.118777
12840.29004 0.118357
12841.34961 0.117952
12842.41016 0.117546
12843.46973 0.117141
12844.54004 0.116736
12845.59961 0.116362
12846.66016 0.116011
12847.71973 0.115661
12848.79004 0.11531
12849.84961 0.11496
12850.91016 0.114639
12851.96973 0.114324
12853.04004 0.114009
12854.09961 0.113695
12855.16016 0.113383
12856.21973 0.113089
12857.29004 0.112795
12858.34961 0.112501
12859.41016 0.112207
12860.48047 0.111929
12861.54004 0.111672
12862.59961 0.111414
12863.66992 0.111156
12864.73047 0.110899
12865.79004 0.110664
12866.86035 0.110438
12867.91992 0.110212
12868.98047 0.109986
12870.04980 0.109763
12871.11035 0.109594
12872.17969 0.109425
12873.24023 0.109256
12874.29980 0.109087
12875.37012 0.108933
12876.42969 0.108807
12877.50000 0.108681
12878.55957 0.108554
12879.62988 0.108428
12880.69043 0.10833
12881.75977 0.108248
12882.82031 0.108165
12883.88965 0.108083
12884.95020 0.108
12886.01953 0.107963
12887.08008 0.107928
12888.15039 0.107892
12889.21973 0.107857
12890.28027 0.107834
12891.34961 0.107846
12892.41016 0.107858
12893.48047 0.10787
12894.54004 0.107883
12895.61035 0.107915
12896.67969 0.107963
12897.74023 0.108011
12898.80957 0.108059
12899.87988 0.108107
12900.94043 0.108207
12902.00977 0.108313
12903.08008 0.10842
12904.13965 0.108526
12905.20996 0.108641
12906.28027 0.108789
12907.33984 0.108938
12908.41016 0.109086
12909.48047 0.109234
12910.54980 0.109393
12911.61035 0.109562
12912.67969 0.109731
12913.75000 0.109901
12914.82031 0.11007
12915.87988 0.110287
12916.95020 0.110513
12918.01953 0.110739
12919.08984 0.110966
12920.16016 0.111196
12921.21973 0.111448
12922.29004 0.1117
12923.36035 0.111953
12924.42969 0.112205
12925.50000 0.112486
12926.57031 0.112798
12927.62988 0.11311
12928.70020 0.113423
12929.76953 0.113735
12930.83984 0.114054
12931.91016 0.114375
12932.98047 0.114696
12934.04980 0.115017
12935.12012 0.115342
12936.19043 0.115698
12937.25977 0.116054
12938.33008 0.11641
12939.40039 0.116766
12940.46973 0.117122
12941.54004 0.11748
12942.61035 0.117837
12943.67969 0.118194
12944.75000 0.118551
12945.82031 0.118925
12946.88965 0.119304
12947.95996 0.119683
12949.03027 0.120062
12950.09961 0.120439
12951.16992 0.120802
12952.24023 0.121166
12953.30957 0.121529
12954.37988 0.121892
12955.45020 0.122259
12956.53027 0.122631
12957.59961 0.123002
12958.66992 0.123374
12959.74023 0.123745
12960.80957 0.124104
12961.87988 0.12446
12962.95020 0.124815
12964.03027 0.12517
12965.09961 0.125526
12966.16992 0.125894
12967.24023 0.126261
12968.30957 0.126628
12969.38965 0.126996
12970.45996 0.127336
12971.53027 0.12764
12972.59961 0.127944
12973.67969 0.128248
12974.75000 0.128551
12975.82031 0.128823
12976.88965 0.129083
12977.96973 0.129344
12979.04004 0.129605
12980.11035 0.12986
12981.19043 0.130064
12982.25977 0.130268
12983.33008 0.130471
12984.41016 0.130675
12985.48047 0.13086
12986.54980 0.131022
12987.62988 0.131183
12988.70020 0.131345
12989.78027 0.131507
12990.84961 0.131635
12991.91992 0.131754
12993.00000 0.131873
12994.07031 0.131993
12995.15039 0.132102
12996.21973 0.132152
12997.29004 0.132202
12998.37012 0.132251
12999.44043 0.132301
13000.51953 0.13234
13001.58984 0.132366
13002.66992 0.132392
13003.74023 0.132419
13004.82031 0.132445
13005.88965 0.132431
13006.96973 0.132407
13008.04004 0.132384
13009.12012 0.132361
13010.20020 0.132325
13011.26953 0.132235
13012.34961 0.132145
