threeML/data/optical_filters/HST/NICMOS3-F175W.ecsv
# %ECSV 0.9
# ---
# datatype:
# - {name: wavelength, unit: Angstrom, datatype: float32}
# - {name: response, datatype: float32}
# meta: !!omap
# - {band_name: F175W}
# - {group_name: NICMOS3}
wavelength response
[from data line 1532]
13325.91992 0.130956
13327.13965 0.130959
13328.37012 0.130961
13329.58984 0.130964
13330.80957 0.130979
13332.03027 0.131
13333.25000 0.131021
13334.48047 0.131042
13335.70020 0.131064
13336.91992 0.131088
13338.15039 0.131112
13339.37012 0.131136
13340.58984 0.131154
13341.80957 0.131164
13343.04004 0.131175
13344.25977 0.131186
13345.49023 0.131209
13346.70996 0.13125
13347.92969 0.131291
13349.16016 0.131332
13350.37988 0.131369
13351.59961 0.131394
13352.83008 0.13142
13354.04980 0.131446
13355.28027 0.131473
13356.50000 0.131509
13357.73047 0.131544
13358.95020 0.13158
13360.17969 0.131616
13361.40039 0.13166
13362.62988 0.131703
13363.84961 0.131746
13365.08008 0.13179
13366.29980 0.131836
13367.53027 0.131883
13368.75000 0.131929
13369.98047 0.131975
13371.20996 0.132022
13372.42969 0.13207
13373.66016 0.132117
13374.87988 0.132164
13376.11035 0.132222
13377.33984 0.132282
13378.55957 0.132341
13379.79004 0.1324
13381.01953 0.13245
13382.24023 0.132499
13383.46973 0.132548
13384.70020 0.132597
13385.92969 0.13265
13387.15039 0.132704
13388.37988 0.132759
13389.61035 0.132814
13390.83984 0.132882
13392.05957 0.132957
13393.29004 0.133031
13394.51953 0.133106
13395.75000 0.133176
13396.98047 0.133242
13398.20996 0.133309
13399.42969 0.133376
13400.66016 0.133453
13401.88965 0.133538
13403.12012 0.133624
13404.34961 0.133709
13405.58008 0.133792
13406.80957 0.133871
13408.04004 0.133951
13409.26953 0.13403
13410.50000 0.134114
13411.71973 0.134207
13412.95996 0.1343
13414.17969 0.134393
13415.41016 0.134487
13416.63965 0.13458
13417.87012 0.134674
13419.11035 0.134768
13420.33984 0.134859
13421.57031 0.134941
13422.79980 0.135023
13424.03027 0.135106
13425.25977 0.135196
13426.49023 0.135313
13427.71973 0.13543
13428.95020 0.135547
13430.17969 0.135661
13431.41016 0.13576
13432.65039 0.135858
13433.87988 0.135956
13435.11035 0.136057
13436.33984 0.136175
13437.57031 0.136293
13438.80957 0.136411
13440.04004 0.136529
13441.26953 0.136648
13442.50000 0.136767
13443.74023 0.136885
13444.96973 0.137004
13446.20020 0.13713
13447.42969 0.137257
13448.66992 0.137383
13449.90039 0.13751
13451.12988 0.137628
13452.37012 0.137745
13453.59961 0.137863
13454.83008 0.13798
13456.07031 0.138115
13457.29980 0.138251
13458.54004 0.138388
13459.76953 0.138525
13461.00000 0.138655
13462.24023 0.138783
13463.46973 0.138911
13464.70996 0.139039
13465.94043 0.139185
13467.17969 0.139337
13468.41016 0.139489
13469.65039 0.139641
13470.87988 0.139783
13472.12012 0.139921
13473.34961 0.140059
13474.58984 0.140197
13475.82031 0.140339
13477.05957 0.140484
13478.29004 0.140628
13479.53027 0.140772
13480.75977 0.140917
13482.00000 0.141063
13483.24023 0.141209
13484.46973 0.141355
13485.70996 0.141502
13486.95020 0.141649
13488.17969 0.141795
13489.41992 0.141942
13490.66016 0.142101
13491.88965 0.142268
13493.12988 0.142436
13494.37012 0.142604
13495.61035 0.142766
13496.83984 0.14292
13498.08008 0.143075
13499.32031 0.14323
13500.55957 0.143382
13501.79004 0.143531
13503.03027 0.143681
13504.26953 0.143831
13505.50977 0.143985
13506.75000 0.144147
13507.99023 0.144309
13509.21973 0.144471
13510.45996 0.144631
13511.70020 0.14479
13512.94043 0.144949
13514.17969 0.145108
13515.41992 0.145268
13516.66016 0.145432
13517.90039 0.145597
13519.13965 0.145761
13520.37988 0.145923
13521.62012 0.146078
13522.86035 0.146234
13524.09961 0.14639
13525.33984 0.14655
13526.58008 0.146723
13527.82031 0.146895
13529.05957 0.147068
13530.29980 0.147239
13531.54004 0.147402
13532.78027 0.147566
13534.01953 0.147729
13535.25977 0.147892
13536.50000 0.148052
13537.74023 0.148211
13538.98047 0.148371
13540.23047 0.148532
13541.46973 0.148697
13542.70996 0.148861
13543.95020 0.149026
13545.19043 0.149191
13546.42969 0.149354
13547.67969 0.149517
13548.91992 0.149681
13550.16016 0.149844
13551.40039 0.150008
13552.65039 0.150171
13553.88965 0.150334
13555.12988 0.150498
13556.37012 0.150668
13557.62012 0.150838
13558.86035 0.151008
13560.09961 0.151177
13561.34961 0.151328
13562.58984 0.151479
13563.83008 0.151631
13565.08008 0.151782
13566.32031 0.151927
13567.57031 0.152072
13568.80957 0.152217
13570.04980 0.152362
13571.29980 0.152509
13572.54004 0.152655
13573.79004 0.152802
13575.03027 0.152948
13576.28027 0.15308
13577.51953 0.153213
13578.76953 0.153345
13580.00977 0.153478
13581.25977 0.153633
13582.50000 0.153787
13583.75000 0.153942
13584.99023 0.154097
13586.24023 0.154229
13587.48047 0.154362
13588.73047 0.154494
13589.98047 0.154627
13591.21973 0.154772
13592.46973 0.154917
13593.70996 0.155062
13594.95996 0.155207
13596.20996 0.155332
13597.45020 0.155457
13598.70020 0.155582
13599.95020 0.155707
13601.19043 0.155833
13602.44043 0.155959
13603.69043 0.156085
13604.94043 0.156211
13606.17969 0.156339
13607.42969 0.156468
13608.67969 0.156596
13609.92969 0.156725
13611.16992 0.156849
13612.41992 0.156973
13613.66992 0.157097
13614.91992 0.157221
13616.16992 0.157331
13617.41992 0.15744
13618.66992 0.15755
13619.91016 0.157659
13621.16016 0.157764
13622.41016 0.15787
13623.66016 0.157976
13624.91016 0.158081
13626.16016 0.158175
13627.41016 0.158268
13628.66016 0.158361
13629.91016 0.158454
13631.16016 0.158538
13632.41016 0.158622
13633.66016 0.158706
13634.91016 0.15879
13636.16016 0.158876
13637.41016 0.158962
13638.66016 0.159048
13639.91016 0.159134
13641.16016 0.159219
13642.41016 0.159303
13643.66016 0.159388
13644.91016 0.159473
13646.16016 0.159543
13647.41016 0.159613
13648.66992 0.159683
13649.91992 0.159752
13651.16992 0.159832
13652.41992 0.159913
13653.66992 0.159993
13654.91992 0.160074
13656.17969 0.160128
13657.42969 0.16018
13658.67969 0.160232
13659.92969 0.160283
13661.19043 0.16034
13662.44043 0.160397
13663.69043 0.160454
13664.94043 0.160511
13666.20020 0.16056
13667.45020 0.160608
13668.70020 0.160656
13669.95996 0.160705
13671.20996 0.160753
13672.45996 0.160802
13673.71973 0.160851
13674.96973 0.160899
13676.21973 0.160941
13677.48047 0.160982
13678.73047 0.161024
13679.99023 0.161065
13681.24023 0.161099
13682.50000 0.161133
13683.75000 0.161167
13685.00977 0.161202
13686.25977 0.16122
13687.51953 0.161238
13688.76953 0.161256
13690.03027 0.161274
13691.28027 0.161283
13692.54004 0.161293
13693.79004 0.161302
13695.04980 0.161311
13696.29980 0.161321
13697.55957 0.161331
13698.80957 0.16134
13700.07031 0.16135
13701.33008 0.161358
13702.58008 0.161366
13703.83984 0.161374
13705.09961 0.161382
13706.34961 0.161385
13707.61035 0.161388
13708.87012 0.161392
13710.12012 0.161395
13711.37988 0.161392
13712.63965 0.161389
13713.90039 0.161386
13715.15039 0.161382
13716.41016 0.161367
13717.66992 0.161352
13718.92969 0.161338
13720.17969 0.161323
13721.44043 0.161305
13722.70020 0.161288
13723.95996 0.161271
13725.21973 0.161255
13726.46973 0.161243
13727.73047 0.161231
13728.99023 0.161219
13730.25000 0.161204
13731.50977 0.161182
13732.76953 0.161159
13734.03027 0.161137
13735.29004 0.161113
13736.54980 0.161085
13737.80957 0.161057
13739.07031 0.161029
13740.33008 0.161001
13741.58984 0.16097
13742.84961 0.160939
13744.11035 0.160909
13745.37012 0.160879
13746.62988 0.160854
13747.88965 0.160828
13749.15039 0.160803
13750.41016 0.160777
13751.66992 0.16075
13752.92969 0.160723
13754.19043 0.160696
13755.45020 0.16067
13756.70996 0.160645
13757.96973 0.16062
13759.24023 0.160596
13760.50000 0.160571
13761.75977 0.160545
13763.01953 0.160519
13764.28027 0.160492
13765.54980 0.160466
13766.80957 0.160439
13768.07031 0.160412
13769.33008 0.160385
13770.59961 0.16036
13771.86035 0.160337
13773.12012 0.160315
13774.37988 0.160293
13775.65039 0.160283
13776.91016 0.160286
13778.16992 0.160289
13779.44043 0.160292
13780.70020 0.160273
13781.95996 0.160237
13783.23047 0.160201
13784.49023 0.160166
13785.75000 0.160148
13787.01953 0.160142
13788.28027 0.160136
13789.54980 0.160131
13790.80957 0.160125
13792.08008 0.160118
13793.33984 0.160112
13794.61035 0.160106
13795.87012 0.160095
13797.13965 0.160081
13798.40039 0.160068
13799.66992 0.160054
13800.92969 0.160064
13802.20020 0.160081
13803.45996 0.160099
13804.73047 0.160117
13805.99023 0.160117
13807.25977 0.160112
13808.53027 0.160108
13809.79004 0.160103
13811.05957 0.160107
13812.32031 0.160111
13813.58984 0.160116
13814.86035 0.160121
13816.12012 0.160133
13817.38965 0.160145
13818.66016 0.160157
13819.91992 0.160169
13821.19043 0.160184
13822.45996 0.1602
13823.73047 0.160215
13824.99023 0.160231
13826.25977 0.160256
13827.53027 0.160282
13828.79980 0.160308
13830.07031 0.160334
13831.33008 0.16036
13832.59961 0.160386
13833.87012 0.160411
13835.13965 0.160437
13836.41016 0.160459
13837.67969 0.16048
13838.95020 0.160502
13840.20996 0.160527
13841.48047 0.160561
13842.75000 0.160596
13844.01953 0.160631
13845.29004 0.160665
13846.55957 0.160697
13847.83008 0.160729
13849.09961 0.16076
13850.37012 0.160797
13851.63965 0.160845
13852.91016 0.160893
13854.17969 0.160942
13855.45020 0.160985
13856.71973 0.161018
13857.99023 0.161052
13859.25977 0.161085
13860.53027 0.161126
13861.79980 0.161177
13863.07031 0.161229
13864.34961 0.16128
13865.62012 0.161328
13866.88965 0.161371
13868.16016 0.161413
13869.42969 0.161456
13870.70020 0.161502
13871.96973 0.161551
13873.25000 0.1616
13874.51953 0.161648
13875.79004 0.161696
13877.05957 0.161743
13878.33984 0.16179
13879.61035 0.161837
13880.87988 0.161891
13882.15039 0.161949
13883.42969 0.162006
13884.70020 0.162063
13885.96973 0.162117
13887.25000 0.162169
13888.51953 0.162222
13889.79004 0.162275
13891.07031 0.162328
13892.33984 0.162382
13893.61035 0.162435
13894.88965 0.162489
13896.16016 0.16254
13897.44043 0.16259
13898.70996 0.162641
13899.98047 0.162691
13901.25977 0.162744
13902.53027 0.162797
13903.80957 0.16285
13905.08008 0.162903
13906.36035 0.162963
13907.62988 0.163023
13908.91016 0.163084
13910.17969 0.163145
13911.45996 0.163211
13912.74023 0.163278
13914.00977 0.163344
13915.29004 0.163408
13916.55957 0.163461
13917.83984 0.163515
13919.12012 0.163569
13920.38965 0.163623
13921.66992 0.16368
13922.94043 0.163737
13924.21973 0.163794
13925.50000 0.163853
13926.76953 0.163914
13928.04980 0.163976
13929.33008 0.164037
13930.61035 0.164095
13931.87988 0.164147
13933.16016 0.1642
13934.44043 0.164253
13935.71973 0.1643
13936.99023 0.164344
13938.26953 0.164387
13939.54980 0.16443
13940.83008 0.164487
13942.11035 0.164551
13943.37988 0.164615
13944.66016 0.164679
13945.94043 0.164727
13947.21973 0.164769
13948.50000 0.164812
13949.78027 0.164854
13951.05957 0.164916
13952.33984 0.164981
13953.62012 0.165047
13954.88965 0.165113
13956.16992 0.16516
13957.45020 0.165205
13958.73047 0.165251
13960.00977 0.165297
13961.29004 0.165343
13962.57031 0.16539
13963.84961 0.165437
13965.12988 0.165484
13966.41992 0.165537
13967.70020 0.165589
13968.98047 0.165642
13970.25977 0.165691
13971.54004 0.165729
13972.82031 0.165767
13974.09961 0.165805
13975.37988 0.165843
13976.66016 0.165881
13977.95020 0.165919
13979.23047 0.165957
13980.50977 0.165997
13981.79004 0.166041
13983.07031 0.166085
13984.34961 0.166129
13985.63965 0.166174
13986.91992 0.166221
13988.20020 0.166268
13989.48047 0.166315
13990.76953 0.166351
13992.04980 0.166379
13993.33008 0.166408
13994.62012 0.166436
13995.90039 0.166487
13997.17969 0.166547
13998.46973 0.166608
13999.75000 0.166668
14001.03027 0.166688
14002.32031 0.166699
14003.59961 0.166709
14004.87988 0.16672
14006.16992 0.166743
14007.45020 0.166768
14008.74023 0.166793
14010.01953 0.166818
14011.30957 0.166836
14012.58984 0.166855
14013.87988 0.166874
14015.16016 0.166893
14016.45020 0.16692
14017.73047 0.166948
14019.01953 0.166975
14020.29980 0.167002
14021.58984 0.16703
14022.87012 0.167057
14024.16016 0.167084
14025.45020 0.167108
14026.73047 0.167123
14028.01953 0.167139
14029.29980 0.167154
14030.58984 0.167179
14031.87988 0.167214
14033.16016 0.167249
14034.45020 0.167284
14035.74023 0.167304
14037.01953 0.167311
14038.30957 0.167318
14039.59961 0.167325
14040.88965 0.167346
14042.16992 0.167374
14043.45996 0.167401
14044.75000 0.167428
14046.04004 0.167459
14047.32031 0.167491
14048.61035 0.167522
14049.90039 0.167554
14051.19043 0.167581
14052.48047 0.167607
14053.76953 0.167633
14055.04980 0.167659
14056.33984 0.167678
14057.62988 0.167698
14058.91992 0.167717
14060.20996 0.167738
14061.50000 0.167765
14062.79004 0.167793
14064.08008 0.16782
14065.37012 0.167848
14066.66016 0.167877
14067.95020 0.167906
14069.24023 0.167934
14070.53027 0.167962
14071.82031 0.167987
14073.11035 0.168013
14074.40039 0.168038
14075.69043 0.168062
14076.98047 0.168085
14078.26953 0.168108
14079.55957 0.168131
14080.84961 0.168158
14082.13965 0.168186
14083.42969 0.168215
14084.71973 0.168243
14086.01953 0.168277
14087.30957 0.168313
14088.59961 0.168348
14089.88965 0.168383
14091.17969 0.168417
14092.48047 0.168451
14093.76953 0.168485
14095.05957 0.168518
14096.34961 0.168547
14097.63965 0.168575
14098.94043 0.168604
14100.23047 0.168634
14101.51953 0.168671
14102.82031 0.168709
14104.11035 0.168746
14105.40039 0.168783
14106.70020 0.168819
14107.99023 0.168854
14109.28027 0.168889
14110.58008 0.168924
14111.87012 0.168956
14113.16016 0.168989
14114.45996 0.169021
14115.75000 0.169053
14117.04980 0.169085
14118.33984 0.169116
14119.63965 0.169148
14120.92969 0.169188
14122.23047 0.169232
14123.51953 0.169275
14124.82031 0.169319
14126.11035 0.169358
14127.41016 0.169396
14128.70020 0.169434
14130.00000 0.169473
14131.29004 0.169515
14132.58984 0.169557
14133.87988 0.169599
14135.17969 0.16964
14136.48047 0.169676
14137.76953 0.169712
14139.07031 0.169748
14140.37012 0.169785
14141.66016 0.169825
14142.95996 0.169865
14144.25000 0.169904
14145.54980 0.169945
14146.84961 0.169988
14148.15039 0.170031
14149.44043 0.170073
14150.74023 0.170113
14152.04004 0.170152
14153.33984 0.17019
14154.62988 0.170229
14155.92969 0.170267
14157.23047 0.170307
14158.53027 0.170346
14159.83008 0.170385
14161.12012 0.170429
14162.41992 0.170475
14163.71973 0.17052
14165.01953 0.170565
14166.32031 0.170606
14167.62012 0.170647
14168.91992 0.170688
14170.21973 0.170729
14171.51953 0.170771
14172.80957 0.170813
14174.11035 0.170855
14175.41016 0.170899
14176.70996 0.170944
14178.00977 0.17099
14179.30957 0.171036
14180.61035 0.171075
14181.91016 0.171107
14183.20996 0.171139
14184.50977 0.171172
14185.82031 0.171213
14187.12012 0.17126
14188.41992 0.171307
14189.71973 0.171353
14191.01953 0.171395
14192.32031 0.171435
14193.62012 0.171475
14194.91992 0.171515
14196.21973 0.171542
14197.53027 0.171569
14198.83008 0.171595
14200.12988 0.171623
14201.42969 0.171672
14202.73047 0.17172
14204.04004 0.171768
14205.33984 0.171809
14206.63965 0.171827
14207.94043 0.171845
14209.25000 0.171864
14210.54980 0.171889
14211.84961 0.171923
14213.16016 0.171958
14214.45996 0.171993
14215.75977 0.172024
14217.07031 0.172054
14218.37012 0.172084
14219.66992 0.172113
14220.98047 0.172138
14222.28027 0.172162
14223.58008 0.172187
14224.88965 0.172211
14226.19043 0.172241
14227.50000 0.172273
14228.79980 0.172304
14230.11035 0.172334
14231.41016 0.172342
14232.71973 0.172351
14234.01953 0.172359
14235.33008 0.172369
14236.62988 0.172383
14237.94043 0.172397
14239.24023 0.172411
14240.54980 0.172429
14241.84961 0.172452
14243.16016 0.172475
14244.46973 0.172499
14245.76953 0.172507
14247.08008 0.172505
14248.38965 0.172503
14249.69043 0.172501
14251.00000 0.172502
14252.29980 0.172505
14253.61035 0.172508
14254.91992 0.172511
14256.23047 0.172519
14257.53027 0.172526
14258.83984 0.172534
14260.15039 0.172541
14261.45996 0.172537
14262.75977 0.172533
14264.07031 0.172528
14265.37988 0.172524
14266.69043 0.172518
14268.00000 0.172513
14269.29980 0.172508
14270.61035 0.1725
14271.91992 0.172491
14273.23047 0.172481
14274.54004 0.172472
14275.84961 0.172458
14277.16016 0.17244
14278.45996 0.172423
14279.76953 0.172406
14281.08008 0.17238
14282.38965 0.172351
14283.70020 0.172323
14285.00977 0.172295
14286.32031 0.172272
14287.62988 0.172249
14288.94043 0.172226
14290.25000 0.172199
14291.55957 0.172157
14292.87012 0.172115
