threeML/data/optical_filters/HST/NICMOS3-F110W.ecsv
# %ECSV 0.9
# ---
# datatype:
# - {name: wavelength, unit: Angstrom, datatype: float32}
# - {name: response, datatype: float32}
# meta: !!omap
# - {band_name: F110W}
# - {group_name: NICMOS3}
wavelength response
[from data line 3977]
10763.45996 0.081239
10764.34961 0.08099
10765.24023 0.080751
10766.12988 0.080538
10767.01953 0.080325
10767.91016 0.080112
10768.79980 0.079899
10769.69043 0.079686
10770.58008 0.079495
10771.46973 0.079316
10772.36035 0.079137
10773.25000 0.078958
10774.13965 0.078778
10775.03027 0.078601
10775.91992 0.078475
10776.80957 0.078349
10777.70996 0.078222
10778.59961 0.078096
10779.49023 0.07797
10780.37988 0.077864
10781.26953 0.077786
10782.16016 0.077708
10783.04980 0.077631
10783.95020 0.077553
10784.83984 0.077475
10785.73047 0.077441
10786.62012 0.077417
10787.50977 0.077393
10788.40039 0.077369
10789.29980 0.077344
10790.19043 0.077331
10791.08008 0.077361
10791.96973 0.07739
10792.86035 0.077419
10793.75977 0.077448
10794.65039 0.077477
10795.54004 0.077537
10796.42969 0.077616
10797.33008 0.077696
10798.21973 0.077776
10799.11035 0.077856
10800.00000 0.077936
10800.90039 0.07806
10801.79004 0.078184
10802.67969 0.078309
10803.58008 0.078433
10804.46973 0.078558
10805.36035 0.078706
10806.25977 0.078889
10807.15039 0.079072
10808.04004 0.079255
10808.94043 0.079437
10809.83008 0.079621
10810.73047 0.079847
10811.62012 0.080083
10812.50977 0.080319
10813.41016 0.080555
10814.29980 0.080791
10815.20020 0.081039
10816.08984 0.081328
10816.98047 0.081616
10817.87988 0.081905
10818.76953 0.082194
10819.66992 0.082482
10820.55957 0.082804
10821.45996 0.083146
10822.34961 0.083487
10823.25000 0.083829
10824.13965 0.084171
10825.04004 0.084513
10825.92969 0.084886
10826.83008 0.085258
10827.71973 0.08563
10828.62012 0.086002
10829.50977 0.086374
10830.41016 0.086759
10831.29980 0.087159
10832.20020 0.087559
10833.08984 0.08796
10833.99023 0.08836
10834.87988 0.088761
10835.78027 0.089211
10836.67969 0.08967
10837.57031 0.090128
10838.46973 0.090587
10839.36035 0.091045
10840.25977 0.09151
10841.16016 0.091992
10842.04980 0.092474
10842.95020 0.092956
10843.84961 0.093438
10844.74023 0.09392
10845.63965 0.094426
10846.54004 0.094942
10847.42969 0.095458
10848.33008 0.095974
10849.23047 0.096489
10850.12012 0.09701
10851.01953 0.097555
10851.91992 0.098101
10852.82031 0.098647
10853.70996 0.099193
10854.61035 0.099739
10855.50977 0.100272
10856.41016 0.100796
10857.29980 0.101319
10858.20020 0.101843
10859.09961 0.102366
10860.00000 0.10289
10860.88965 0.103409
10861.79004 0.103928
10862.69043 0.104447
10863.58984 0.104967
10864.49023 0.105487
10865.37988 0.105999
10866.28027 0.106504
10867.17969 0.107009
10868.08008 0.107514
10868.98047 0.108019
10869.87988 0.108524
10870.78027 0.109031
10871.66992 0.109538
10872.57031 0.110046
10873.46973 0.110553
10874.37012 0.111061
10875.26953 0.111557
10876.16992 0.112028
10877.07031 0.112499
10877.96973 0.112971
10878.87012 0.113442
10879.76953 0.113914
10880.66992 0.114374
10881.57031 0.114831
10882.46973 0.115288
10883.37012 0.115745
10884.25977 0.116201
10885.16992 0.116649
10886.07031 0.117053
10886.95996 0.117456
10887.87012 0.11786
10888.76953 0.118263
10889.66992 0.118667
10890.57031 0.119039
10891.46973 0.119392
10892.37012 0.119745
10893.26953 0.120097
10894.16992 0.12045
10895.07031 0.120801
10895.96973 0.12111
10896.87012 0.12142
10897.76953 0.12173
10898.66992 0.122041
10899.57031 0.122351
10900.46973 0.12264
10901.37988 0.12291
10902.28027 0.12318
10903.17969 0.123451
10904.08008 0.123721
10904.98047 0.123991
10905.87988 0.124227
10906.79004 0.124461
10907.69043 0.124696
10908.58984 0.12493
10909.49023 0.125165
10910.38965 0.125384
10911.29004 0.125581
10912.20020 0.125778
10913.09961 0.125976
10914.00000 0.126173
10914.90039 0.126371
10915.80957 0.126522
10916.70996 0.126666
10917.61035 0.126811
10918.50977 0.126956
10919.41992 0.127101
10920.32031 0.127236
10921.21973 0.127352
10922.12988 0.127469
10923.03027 0.127585
10923.92969 0.127701
10924.83008 0.127818
10925.74023 0.127887
10926.63965 0.127947
10927.54004 0.128006
10928.45020 0.128065
10929.34961 0.128125
10930.25000 0.128176
10931.16016 0.128208
10932.05957 0.12824
10932.96973 0.128272
10933.87012 0.128304
10934.76953 0.128336
10935.67969 0.128347
10936.58008 0.128351
10937.49023 0.128355
10938.38965 0.128359
10939.29980 0.128363
10940.20020 0.128357
10941.09961 0.128314
10942.00977 0.128271
10942.91016 0.128227
10943.82031 0.128185
10944.71973 0.128141
10945.62988 0.128066
10946.53027 0.127977
10947.44043 0.127887
10948.33984 0.127798
10949.25000 0.127708
10950.15039 0.127616
10951.05957 0.127509
10951.95996 0.127402
10952.87012 0.127296
10953.78027 0.127189
10954.67969 0.127082
10955.58984 0.126942
10956.49023 0.126783
10957.40039 0.126625
10958.29980 0.126466
10959.20996 0.126308
10960.12012 0.126147
10961.01953 0.125972
10961.92969 0.125798
10962.83984 0.125623
10963.74023 0.125448
10964.65039 0.125274
10965.55957 0.125075
10966.45996 0.124861
10967.37012 0.124647
10968.28027 0.124433
10969.17969 0.124218
10970.08984 0.124
10971.00000 0.123736
10971.90039 0.123473
10972.80957 0.123209
10973.71973 0.122946
10974.62988 0.122682
10975.53027 0.122405
10976.44043 0.122118
10977.34961 0.12183
10978.25000 0.121543
10979.16016 0.121255
10980.07031 0.120967
10980.98047 0.120664
10981.88965 0.120362
10982.79004 0.120059
10983.70020 0.119757
10984.61035 0.119454
10985.51953 0.119153
10986.42969 0.118855
10987.33008 0.118556
10988.24023 0.118257
10989.15039 0.117958
10990.05957 0.117657
10990.96973 0.117328
10991.87988 0.116999
10992.79004 0.11667
10993.70020 0.116341
10994.59961 0.116012
10995.50977 0.115687
10996.41992 0.115364
10997.33008 0.115041
10998.24023 0.114718
10999.15039 0.114395
11000.05957 0.114073
11000.96973 0.113761
11001.87988 0.11345
11002.79004 0.113138
11003.70020 0.112827
11004.61035 0.112515
11005.51953 0.112205
11006.42969 0.111896
11007.33984 0.111588
11008.25000 0.111279
11009.16016 0.11097
11010.07031 0.110662
11010.98047 0.110379
11011.88965 0.110096
11012.79980 0.109812
11013.70996 0.109528
11014.62012 0.109244
11015.53027 0.108985
11016.44043 0.108742
11017.34961 0.108499
11018.25977 0.108256
11019.16992 0.108013
11020.08984 0.107773
11021.00000 0.107569
11021.91016 0.107366
11022.82031 0.107162
11023.73047 0.106958
11024.63965 0.106754
11025.54980 0.106567
11026.46973 0.106392
11027.37988 0.106216
11028.29004 0.106041
11029.20020 0.105865
11030.11035 0.105695
11031.01953 0.105559
11031.94043 0.105423
11032.84961 0.105287
11033.75977 0.105152
11034.66992 0.105016
11035.58984 0.104907
11036.50000 0.104813
11037.41016 0.104719
11038.32031 0.104625
11039.24023 0.104531
11040.15039 0.104448
11041.05957 0.104416
11041.96973 0.104384
11042.88965 0.104352
11043.79980 0.10432
11044.70996 0.104289
11045.62988 0.104282
11046.54004 0.104286
11047.45020 0.104291
11048.37012 0.104296
11049.28027 0.1043
11050.19043 0.104318
11051.11035 0.104387
11052.01953 0.104456
11052.92969 0.104525
11053.84961 0.104593
11054.75977 0.104662
11055.67969 0.104773
11056.58984 0.104898
11057.50000 0.105023
11058.41992 0.105148
11059.33008 0.105273
11060.25000 0.105408
11061.16016 0.105572
11062.08008 0.105736
11062.99023 0.1059
11063.91016 0.106065
11064.82031 0.106229
11065.74023 0.106439
11066.65039 0.106661
11067.57031 0.106883
11068.48047 0.107105
11069.40039 0.107327
11070.30957 0.107563
11071.23047 0.107825
11072.13965 0.108087
11073.05957 0.10835
11073.96973 0.108612
11074.88965 0.108875
11075.79980 0.109172
11076.71973 0.109475
11077.62988 0.109777
11078.54980 0.11008
11079.46973 0.110383
11080.37988 0.110696
11081.29980 0.111023
11082.20996 0.111351
11083.12988 0.111679
11084.04980 0.112007
11084.95996 0.112334
11085.87988 0.112683
11086.79980 0.113031
11087.70996 0.113381
11088.62988 0.11373
11089.54980 0.114079
11090.45996 0.114431
11091.37988 0.114785
11092.29980 0.115139
11093.21973 0.115493
11094.12988 0.115848
11095.04980 0.116204
11095.96973 0.11659
11096.87988 0.116977
11097.79980 0.117363
11098.71973 0.11775
11099.63965 0.118137
11100.54980 0.118527
11101.46973 0.118921
11102.38965 0.119314
11103.30957 0.119708
11104.23047 0.120102
11105.13965 0.12049
11106.05957 0.120846
11106.98047 0.121202
11107.90039 0.121559
11108.82031 0.121915
11109.74023 0.122272
11110.66016 0.122599
11111.57031 0.122913
11112.49023 0.123228
11113.41016 0.123544
11114.33008 0.123859
11115.25000 0.124169
11116.16992 0.124464
11117.08984 0.12476
11118.00977 0.125055
11118.91992 0.125351
11119.83984 0.125647
11120.75977 0.125903
11121.67969 0.126151
11122.59961 0.126399
11123.51953 0.126647
11124.44043 0.126896
11125.36035 0.127124
11126.28027 0.127322
11127.20020 0.127519
11128.12012 0.127716
11129.04004 0.127914
11129.95996 0.128111
11130.87988 0.128269
11131.79980 0.128426
11132.71973 0.128582
11133.63965 0.128739
11134.55957 0.128895
11135.48047 0.129024
11136.41016 0.129128
11137.33008 0.129231
11138.25000 0.129335
11139.16992 0.129439
11140.08984 0.129538
11141.00977 0.129588
11141.92969 0.129639
11142.84961 0.12969
11143.76953 0.129741
11144.69043 0.129791
11145.62012 0.129808
11146.54004 0.129807
11147.45996 0.129806
11148.37988 0.129805
11149.29980 0.129804
11150.21973 0.129795
11151.15039 0.12976
11152.07031 0.129725
11152.99023 0.129691
11153.91016 0.129656
11154.83008 0.129621
11155.75977 0.12956
11156.67969 0.129493
11157.59961 0.129426
11158.51953 0.129359
11159.45020 0.129292
11160.37012 0.129222
11161.29004 0.129149
11162.20996 0.129076
11163.13965 0.129002
11164.05957 0.128929
11164.98047 0.128856
11165.91016 0.128743
11166.83008 0.12863
11167.75000 0.128517
11168.67969 0.128404
11169.59961 0.128291
11170.51953 0.128185
11171.45020 0.128084
11172.37012 0.127982
11173.29004 0.127881
11174.21973 0.12778
11175.13965 0.12768
11176.07031 0.127586
11176.99023 0.127492
11177.91016 0.127398
11178.83984 0.127304
11179.75977 0.12721
11180.69043 0.127121
11181.61035 0.127034
11182.54004 0.126946
11183.45996 0.126858
11184.38965 0.126771
11185.30957 0.126691
11186.23047 0.126629
11187.16016 0.126567
11188.08008 0.126504
11189.00977 0.126442
11189.92969 0.12638
11190.86035 0.126332
11191.79004 0.126286
11192.70996 0.126239
11193.63965 0.126193
11194.55957 0.126146
11195.49023 0.126109
11196.41016 0.126082
11197.33984 0.126054
11198.25977 0.126027
11199.19043 0.125999
11200.12012 0.125975
11201.04004 0.12598
11201.96973 0.125984
11202.88965 0.125989
11203.82031 0.125993
11204.75000 0.125998
11205.66992 0.126014
11206.59961 0.126035
11207.53027 0.126057
11208.45020 0.126078
11209.37988 0.126099
11210.30957 0.126126
11211.23047 0.126166
11212.16016 0.126205
11213.08984 0.126244
11214.00977 0.126283
11214.94043 0.126323
11215.87012 0.126385
11216.79980 0.126447
11217.71973 0.12651
11218.65039 0.126574
11219.58008 0.126637
11220.50977 0.126703
11221.42969 0.126773
11222.36035 0.126843
11223.29004 0.126912
11224.21973 0.126982
11225.15039 0.127054
11226.07031 0.12714
11227.00000 0.127225
11227.92969 0.127311
11228.86035 0.127397
11229.79004 0.127482
11230.70996 0.127569
11231.63965 0.127656
11232.57031 0.127744
11233.50000 0.127831
11234.42969 0.127918
11235.36035 0.128
11236.29004 0.128074
11237.21973 0.128148
11238.15039 0.128222
11239.08008 0.128297
11240.00000 0.128371
11240.92969 0.128436
11241.86035 0.128501
11242.79004 0.128566
11243.71973 0.128631
11244.65039 0.128696
11245.58008 0.128753
11246.50977 0.128804
11247.44043 0.128856
11248.37012 0.128907
11249.29980 0.128958
11250.23047 0.129005
11251.16016 0.129039
11252.08984 0.129072
11253.01953 0.129106
11253.95020 0.129139
11254.87988 0.129173
11255.80957 0.12919
11256.74023 0.129204
11257.66992 0.129219
11258.61035 0.129233
11259.54004 0.129248
11260.46973 0.129246
11261.40039 0.129228
11262.33008 0.12921
11263.25977 0.129192
11264.19043 0.129174
11265.12012 0.129154
11266.04980 0.129119
11266.99023 0.129085
11267.91992 0.12905
11268.84961 0.129016
11269.78027 0.128981
11270.70996 0.128936
11271.63965 0.128888
11272.58008 0.128839
11273.50977 0.128791
11274.44043 0.128743
11275.37012 0.128685
11276.29980 0.128613
11277.24023 0.12854
11278.16992 0.128468
11279.09961 0.128396
11280.03027 0.128323
11280.96973 0.128238
11281.90039 0.128152
11282.83008 0.128067
11283.76953 0.127982
11284.70020 0.127896
11285.62988 0.127802
11286.55957 0.127703
11287.50000 0.127604
11288.42969 0.127505
11289.36035 0.127406
11290.29980 0.127304
11291.23047 0.127195
11292.16016 0.127086
11293.09961 0.126977
11294.03027 0.126868
11294.96973 0.126759
11295.90039 0.126658
11296.83008 0.126556
11297.76953 0.126455
11298.70020 0.126353
11299.63965 0.126252
11300.57031 0.126153
11301.50000 0.126056
11302.44043 0.125959
11303.37012 0.125862
11304.30957 0.125765
11305.24023 0.12567
11306.17969 0.125583
11307.11035 0.125496
11308.04980 0.125409
11308.98047 0.125322
11309.91992 0.125235
11310.84961 0.125169
11311.79004 0.125104
11312.71973 0.12504
11313.66016 0.124976
11314.58984 0.124912
11315.53027 0.124852
11316.45996 0.124796
11317.40039 0.12474
11318.33008 0.124683
11319.26953 0.124627
11320.20996 0.124577
11321.13965 0.124554
11322.08008 0.12453
11323.00977 0.124506
11323.95020 0.124483
11324.88965 0.124459
11325.82031 0.124443
11326.75977 0.124429
11327.70020 0.124415
11328.62988 0.1244
11329.57031 0.124386
11330.50977 0.124386
11331.44043 0.1244
11332.37988 0.124413
11333.32031 0.124427
11334.25000 0.12444
11335.19043 0.124459
11336.12988 0.124502
11337.07031 0.124544
11338.00000 0.124586
11338.94043 0.124628
11339.87988 0.12467
11340.82031 0.124721
11341.75000 0.124772
11342.69043 0.124824
11343.62988 0.124875
11344.57031 0.124926
11345.50000 0.124989
11346.44043 0.125061
11347.37988 0.125133
11348.32031 0.125205
11349.25977 0.125277
11350.20020 0.12535
11351.12988 0.125429
11352.07031 0.125508
11353.00977 0.125588
11353.95020 0.125667
11354.88965 0.125746
11355.83008 0.125841
11356.76953 0.125939
11357.70996 0.126036
11358.63965 0.126134
11359.58008 0.126232
11360.51953 0.126321
11361.45996 0.126404
11362.40039 0.126486
11363.33984 0.126569
11364.28027 0.126652
11365.21973 0.126737
11366.16016 0.126831
11367.09961 0.126925
11368.04004 0.12702
11368.98047 0.127114
11369.91992 0.127208
11370.86035 0.127276
11371.79980 0.127342
11372.74023 0.127408
11373.67969 0.127473
11374.62012 0.127539
11375.55957 0.127599
11376.50000 0.127655
11377.44043 0.127711
11378.37988 0.127768
11379.32031 0.127824
11380.25977 0.127873
11381.20996 0.127902
11382.15039 0.127931
11383.08984 0.12796
11384.03027 0.127989
11384.96973 0.128019
11385.91016 0.128032
11386.84961 0.128046
11387.79004 0.128059
11388.74023 0.128073
11389.67969 0.128086
11390.62012 0.128079
11391.55957 0.12806
11392.50000 0.128042
11393.44043 0.128024
11394.38965 0.128006
11395.33008 0.127978
11396.26953 0.127933
11397.20996 0.127888
11398.15039 0.127843
11399.09961 0.127798
11400.04004 0.127752
11400.98047 0.127675
11401.91992 0.127598
11402.87012 0.127521
11403.80957 0.127444
11404.75000 0.127367
11405.70020 0.127279
11406.63965 0.127188
11407.58008 0.127096
11408.53027 0.127004
11409.46973 0.126912
11410.41016 0.126807
11411.36035 0.126688
11412.29980 0.126567
11413.24023 0.126447
11414.19043 0.126327
11415.12988 0.126204
11416.07031 0.126058
11417.01953 0.125913
11417.95996 0.125767
11418.91016 0.125621
11419.84961 0.125475
11420.79004 0.125309
11421.74023 0.125138
11422.67969 0.124968
11423.62988 0.124797
11424.57031 0.124627
11425.51953 0.124469
11426.45996 0.124322
11427.41016 0.124175
11428.34961 0.124028
11429.29004 0.123881
11430.24023 0.123731
11431.17969 0.123575
11432.12988 0.123418
11433.08008 0.123262
11434.01953 0.123105
11434.96973 0.122949
11435.91016 0.122798
11436.86035 0.122647
11437.79980 0.122497
11438.75000 0.122346
11439.69043 0.122195
11440.63965 0.122052
11441.58984 0.121913
11442.53027 0.121774
11443.48047 0.121635
11444.41992 0.121496
11445.37012 0.121362
11446.32031 0.121238
11447.25977 0.121114
11448.20996 0.12099
11449.16016 0.120866
11450.09961 0.120744
11451.04980 0.120639
11452.00000 0.120535
11452.94043 0.12043
11453.88965 0.120326
11454.83984 0.120221
11455.78027 0.120146
11456.73047 0.120077
11457.67969 0.120008
11458.62988 0.119939
11459.57031 0.11987
11460.51953 0.119815
11461.46973 0.119772
11462.41992 0.119729
11463.36035 0.119686
11464.30957 0.119643
11465.25977 0.119612
