threeML/data/optical_filters/HST/NICMOS3-G096.ecsv
# %ECSV 0.9
# ---
# datatype:
# - {name: wavelength, unit: Angstrom, datatype: float32}
# - {name: response, datatype: float32}
# meta: !!omap
# - {band_name: G096}
# - {group_name: NICMOS3}
wavelength response
7038.97314 0.0
7821.08105 0.000401
7821.48291 0.000405
7821.88623 0.000409
7822.28906 0.000413
7822.69092 0.000417
7823.09424 0.000421
7823.49707 0.000425
7823.89990 0.000429
7824.30322 0.000433
7824.70605 0.000437
7825.10791 0.000441
7825.51123 0.000445
7825.91406 0.000449
7826.31689 0.000453
7826.72021 0.000457
7827.12305 0.000461
7827.52588 0.000465
7827.92920 0.000469
7828.33301 0.000473
7828.73486 0.000477
7829.13916 0.000481
7829.54199 0.000485
7829.94482 0.000489
7830.34814 0.000493
7830.75098 0.000497
7831.15381 0.000501
7831.55811 0.000505
7831.96094 0.000509
7832.36377 0.000513
7832.76709 0.000517
7833.16992 0.000521
7833.57422 0.000525
7833.97705 0.000529
7834.38086 0.000533
7834.78418 0.000537
7835.18701 0.000541
7835.59082 0.000545
7835.99414 0.000549
7836.39795 0.000553
7836.80078 0.000557
7837.20508 0.000561
7837.60791 0.000565
7838.01221 0.000569
7838.41602 0.000574
7838.81885 0.000578
7839.22314 0.000582
7839.62598 0.000586
7840.02979 0.00059
7840.43408 0.000594
7840.83691 0.000598
7841.24121 0.000602
7841.64502 0.000606
7842.04883 0.00061
7842.45312 0.000614
7842.85596 0.000618
7843.25977 0.000622
7843.66406 0.000626
7844.06787 0.00063
7844.47217 0.000634
7844.87500 0.000638
7845.27881 0.000642
7845.68408 0.000647
7846.08691 0.000651
7846.49121 0.000655
7846.89600 0.000659
7847.29883 0.000663
7847.70410 0.000667
7848.10693 0.000671
7848.51221 0.000675
7848.91602 0.000679
7849.31982 0.000683
7849.72412 0.000687
7850.12793 0.000691
7850.53320 0.000695
7850.93701 0.0007
7851.34082 0.000704
7851.74512 0.000708
7852.14893 0.000712
7852.55420 0.000716
7852.95801 0.00072
7853.36182 0.000724
7853.76709 0.000728
7854.17090 0.000732
7854.57617 0.000736
7854.97998 0.00074
7855.38477 0.000745
7855.78906 0.000749
7856.19287 0.000753
7856.59814 0.000757
7857.00195 0.000761
7857.40723 0.000765
7857.81201 0.000769
7858.21582 0.000773
7858.62109 0.000777
7859.02490 0.000782
7859.43018 0.000786
7859.83496 0.00079
7860.24023 0.000796
7860.64502 0.000804
7861.04883 0.000812
7861.45410 0.000821
7861.85791 0.000829
7862.26318 0.000837
7862.66797 0.000845
7863.07324 0.000853
7863.47803 0.000861
7863.88281 0.000869
7864.28809 0.000878
7864.69287 0.000886
7865.09814 0.000894
7865.50195 0.000902
7865.90820 0.00091
7866.31299 0.000918
7866.71777 0.000927
7867.12305 0.000935
7867.52783 0.000943
7867.93311 0.000951
7868.33789 0.000959
7868.74316 0.000967
7869.14795 0.000976
7869.55420 0.000984
7869.95801 0.000992
7870.36377 0.001
7870.76904 0.001008
7871.17383 0.001016
7871.58008 0.001025
7871.98486 0.001033
7872.39014 0.001041
7872.79590 0.001049
7873.20117 0.001057
7873.60596 0.001066
7874.01221 0.001074
7874.41699 0.001082
7874.82324 0.00109
7875.22803 0.001099
7875.63379 0.001107
7876.03906 0.001115
7876.44482 0.001123
7876.85010 0.001131
7877.25586 0.00114
7877.66211 0.001148
7878.06689 0.001156
7878.47314 0.001164
7878.87793 0.001173
7879.28418 0.001181
7879.68994 0.001189
7880.09619 0.001198
7880.50098 0.001211
7880.90723 0.001223
7881.31299 0.001235
7881.71924 0.001248
7882.12500 0.00126
7882.52979 0.001272
7882.93604 0.001285
7883.34180 0.001297
7883.74805 0.001309
7884.15381 0.001322
7884.56006 0.001334
7884.96582 0.001346
7885.37207 0.001359
7885.77783 0.001371
7886.18408 0.001383
7886.58984 0.001396
7886.99609 0.001408
7887.40186 0.00142
7887.80811 0.001433
7888.21387 0.001445
7888.62109 0.001457
7889.02686 0.00147
7889.43311 0.001482
7889.83887 0.001495
7890.24609 0.001509
7890.65186 0.001526
7891.05811 0.001542
7891.46387 0.001559
7891.87109 0.001575
7892.27686 0.001592
7892.68311 0.001608
7893.08984 0.001625
7893.49609 0.001641
7893.90186 0.001658
7894.30908 0.001674
7894.71484 0.001691
7895.12207 0.001707
7895.52783 0.001724
7895.93506 0.00174
7896.34180 0.001757
7896.74805 0.001774
7897.15479 0.00179
7897.56201 0.001807
7897.96777 0.001823
7898.37500 0.00184
7898.78076 0.001856
7899.18799 0.001873
7899.59521 0.001889
7900.00098 0.001906
7900.40820 0.001927
7900.81494 0.001947
7901.22217 0.001968
7901.62891 0.001989
7902.03613 0.00201
7902.44189 0.00203
7902.85010 0.002051
7903.25586 0.002072
7903.66309 0.002092
7904.06982 0.002113
7904.47705 0.002134
7904.88379 0.002155
7905.29102 0.002175
7905.69824 0.002196
7906.10498 0.002217
7906.51221 0.002238
7906.91895 0.002259
7907.32715 0.002279
7907.73389 0.0023
7908.14111 0.002321
7908.54785 0.002342
7908.95605 0.002363
7909.36279 0.002383
7909.77002 0.002404
7910.17676 0.002427
7910.58398 0.002452
7910.99219 0.002477
7911.39893 0.002502
7911.80713 0.002527
7912.21387 0.002552
7912.62109 0.002577
7913.02881 0.002602
7913.43604 0.002627
7913.84424 0.002652
7914.25098 0.002677
7914.65918 0.002702
7915.06592 0.002727
7915.47412 0.002752
7915.88086 0.002777
7916.28906 0.002802
7916.69580 0.002827
7917.10400 0.002852
7917.51221 0.002877
7917.91895 0.002902
7918.32715 0.002927
7918.73486 0.002952
7919.14307 0.002978
7919.54980 0.003003
7919.95801 0.003028
7920.36621 0.00306
7920.77295 0.003094
7921.18213 0.003127
7921.58887 0.003161
7921.99707 0.003194
7922.40479 0.003227
7922.81299 0.003261
7923.22119 0.003294
7923.62891 0.003328
7924.03711 0.003361
7924.44482 0.003395
7924.85303 0.003428
7925.26123 0.003462
7925.66895 0.003495
7926.07715 0.003529
7926.48486 0.003562
7926.89404 0.003596
7927.30176 0.00363
7927.70996 0.003663
7928.11816 0.003697
7928.52588 0.00373
7928.93506 0.003764
7929.34277 0.003798
7929.75098 0.003831
7930.15918 0.003868
7930.56689 0.00391
7930.97607 0.003952
7931.38379 0.003994
7931.79199 0.004036
7932.20117 0.004078
7932.60889 0.00412
7933.01807 0.004162
7933.42578 0.004204
7933.83496 0.004246
7934.24316 0.004288
7934.65186 0.00433
7935.06104 0.004372
7935.46924 0.004414
7935.87695 0.004457
7936.28613 0.004499
7936.69482 0.004541
7937.10400 0.004583
7937.51221 0.004625
7937.92090 0.004667
7938.33008 0.00471
7938.73779 0.004752
7939.14697 0.004794
7939.55615 0.004836
7939.96484 0.004879
7940.37402 0.004928
7940.78223 0.004979
7941.19092 0.00503
7941.60010 0.00508
7942.00879 0.005131
7942.41797 0.005182
7942.82715 0.005232
7943.23584 0.005283
7943.64502 0.005334
7944.05420 0.005384
7944.46289 0.005435
7944.87207 0.005486
7945.28076 0.005537
7945.68994 0.005588
7946.10010 0.005638
7946.50781 0.005689
7946.91699 0.00574
7947.32715 0.005791
7947.73584 0.005842
7948.14600 0.005893
7948.55518 0.005944
7948.96387 0.005995
7949.37305 0.006046
7949.78223 0.006097
7950.19189 0.006151
7950.60107 0.006211
7951.01123 0.00627
7951.41992 0.00633
7951.82910 0.006389
7952.23877 0.006449
7952.64795 0.006508
7953.05811 0.006567
7953.46680 0.006627
7953.87695 0.006687
7954.28613 0.006746
7954.69580 0.006806
7955.10498 0.006865
7955.51514 0.006925
7955.92480 0.006984
7956.33398 0.007044
7956.74414 0.007104
7957.15381 0.007163
7957.56299 0.007223
7957.97314 0.007283
7958.38281 0.007343
7958.79199 0.007402
7959.20312 0.007462
7959.61182 0.007522
7960.02197 0.007582
7960.43213 0.007646
7960.84180 0.00771
7961.25195 0.007774
7961.66211 0.007838
7962.07178 0.007902
7962.48096 0.007966
7962.89209 0.008031
7963.30176 0.008095
7963.71094 0.008159
7964.12207 0.008223
7964.53223 0.008288
7964.94189 0.008352
7965.35205 0.008416
7965.76221 0.00848
7966.17188 0.008545
7966.58301 0.008609
7966.99316 0.008673
7967.40283 0.008738
7967.81299 0.008802
7968.22314 0.008867
7968.63379 0.008931
7969.04395 0.008996
7969.45410 0.00906
7969.86523 0.009125
7970.27490 0.009189
7970.68604 0.009254
7971.09619 0.009318
7971.50586 0.009383
7971.91699 0.009448
7972.32715 0.009512
7972.73779 0.009577
7973.14795 0.009642
7973.55908 0.009706
7973.96924 0.009771
7974.37988 0.009836
7974.79102 0.009901
7975.20117 0.009965
7975.61182 0.01003
7976.02197 0.010095
7976.43311 0.01016
7976.84424 0.010225
7977.25391 0.01029
7977.66504 0.010355
7978.07617 0.01042
7978.48682 0.010485
7978.89697 0.01055
7979.30908 0.010615
7979.71924 0.01068
7980.12988 0.010742
7980.54102 0.010799
7980.95215 0.010855
7981.36279 0.010912
7981.77393 0.010969
7982.18506 0.011025
7982.59619 0.011082
7983.00684 0.011139
7983.41797 0.011196
7983.82910 0.011253
7984.24023 0.011309
7984.65088 0.011366
7985.06201 0.011423
7985.47314 0.01148
7985.88477 0.011537
7986.29590 0.011594
7986.70703 0.011651
7987.11816 0.011707
7987.52881 0.011764
7987.94092 0.011821
7988.35205 0.011878
7988.76318 0.011935
7989.17480 0.011992
7989.58594 0.01205
7989.99805 0.012107
7990.40918 0.012155
7990.81982 0.012204
7991.23193 0.012253
7991.64307 0.012301
7992.05518 0.01235
7992.46582 0.012399
7992.87793 0.012448
7993.28906 0.012496
7993.70117 0.012545
7994.11182 0.012594
7994.52393 0.012643
7994.93604 0.012692
7995.34717 0.012741
7995.75879 0.012789
7996.17090 0.012838
7996.58301 0.012887
7996.99414 0.012936
7997.40576 0.012985
7997.81787 0.013034
7998.22900 0.013083
7998.64111 0.013132
7999.05322 0.013181
7999.46484 0.01323
7999.87695 0.013279
8000.28906 0.013318
8000.70117 0.013352
8001.11279 0.013386
8001.52490 0.01342
8001.93701 0.013454
8002.34912 0.013488
8002.76123 0.013522
8003.17285 0.013556
8003.58496 0.01359
8003.99707 0.013624
8004.40918 0.013658
8004.82080 0.013692
8005.23291 0.013726
8005.64600 0.01376
8006.05811 0.013794
8006.47021 0.013828
8006.88184 0.013862
8007.29395 0.013896
8007.70703 0.01393
8008.11914 0.013964
8008.53223 0.013998
8008.94385 0.014032
8009.35596 0.014066
8009.76904 0.0141
8010.18115 0.014128
8010.59424 0.014149
8011.00586 0.01417
8011.41797 0.014192
8011.83105 0.014213
8012.24414 0.014234
8012.65576 0.014255
8013.06885 0.014277
8013.48096 0.014298
8013.89404 0.014319
8014.30713 0.01434
8014.71924 0.014362
8015.13184 0.014383
8015.54395 0.014404
8015.95703 0.014425
8016.37012 0.014446
8016.78320 0.014468
8017.19580 0.014489
8017.60791 0.01451
8018.02100 0.014531
8018.43408 0.014553
8018.84717 0.014574
8019.25977 0.014595
8019.67285 0.014616
8020.08496 0.014638
8020.49902 0.014659
8020.91211 0.01468
8021.32520 0.014701
8021.73779 0.014723
8022.14990 0.014744
8022.56299 0.014765
8022.97705 0.014787
8023.39014 0.014808
8023.80322 0.014829
8024.21582 0.014851
8024.62891 0.014872
8025.04199 0.014893
8025.45605 0.014914
8025.86914 0.014936
8026.28223 0.014957
8026.69482 0.014978
8027.10889 0.015
8027.52197 0.015021
8027.93604 0.015042
8028.34912 0.015063
8028.76221 0.015085
8029.17480 0.015106
8029.58887 0.015127
8030.00195 0.015149
8030.41602 0.015166
8030.82910 0.015183
8031.24316 0.0152
8031.65576 0.015217
8032.06982 0.015234
8032.48291 0.015251
8032.89697 0.015268
8033.31104 0.015285
8033.72412 0.015302
8034.13818 0.015319
8034.55176 0.015336
8034.96484 0.015353
8035.37891 0.01537
8035.79297 0.015387
8036.20703 0.015404
8036.62012 0.015421
8037.03418 0.015438
8037.44824 0.015455
8037.86182 0.015472
8038.27588 0.015489
8038.68896 0.015506
8039.10400 0.015523
8039.51807 0.01554
8039.93115 0.015557
8040.34521 0.015578
8040.75879 0.015599
8041.17285 0.015621
8041.58691 0.015642
8042.00098 0.015663
8042.41602 0.015685
8042.83008 0.015706
8043.24414 0.015727
8043.65820 0.015749
8044.07178 0.01577
8044.48584 0.015791
8044.89990 0.015813
8045.31494 0.015834
8045.72900 0.015855
8046.14307 0.015877
8046.55811 0.015898
8046.97217 0.01592
8047.38623 0.015941
8047.80078 0.015962
8048.21484 0.015984
8048.62891 0.016005
8049.04395 0.016026
8049.45801 0.016048
8049.87305 0.016069
8050.28711 0.016099
8050.70215 0.016134
8051.11621 0.016168
8051.53076 0.016202
8051.94482 0.016236
8052.35986 0.016271
8052.77393 0.016305
8053.18896 0.016339
8053.60400 0.016373
8054.01904 0.016408
8054.43311 0.016442
8054.84814 0.016476
8055.26318 0.01651
8055.67676 0.016545
8056.09180 0.016579
8056.50684 0.016613
8056.92188 0.016648
8057.33691 0.016682
8057.75098 0.016716
8058.16699 0.01675
8058.58203 0.016785
8058.99609 0.016819
8059.41113 0.016853
8059.82617 0.016888
8060.24121 0.016924
8060.65576 0.016963
8061.07080 0.017001
8061.48584 0.01704
8061.90088 0.017079
8062.31592 0.017117
8062.73096 0.017156
8063.14697 0.017194
8063.56201 0.017233
8063.97705 0.017272
8064.39307 0.01731
8064.80811 0.017349
8065.22314 0.017387
8065.63818 0.017426
8066.05322 0.017465
8066.46924 0.017503
8066.88379 0.017542
8067.29883 0.01758
8067.71484 0.017619
8068.12988 0.017658
8068.54590 0.017696
8068.96094 0.017735
8069.37598 0.017774
8069.79199 0.017812
8070.20801 0.017853
8070.62305 0.017896
8071.03906 0.017939
8071.45410 0.017982
8071.87012 0.018025
8072.28613 0.018068
8072.70117 0.018111
8073.11719 0.018153
8073.53320 0.018196
8073.94824 0.018239
8074.36377 0.018282
8074.77979 0.018325
8075.19482 0.018368
8075.61084 0.018411
8076.02686 0.018454
8076.44287 0.018497
8076.85889 0.01854
8077.27393 0.018583
8077.68994 0.018626
8078.10596 0.018669
8078.52197 0.018712
8078.93799 0.018755
8079.35400 0.018798
8079.77100 0.018841
8080.18701 0.018884
8080.60303 0.018927
8081.01904 0.018969
8081.43506 0.019012
8081.85107 0.019055
8082.26709 0.019098
8082.68311 0.019141
8083.09912 0.019184
8083.51514 0.019227
8083.93213 0.01927
8084.34814 0.019313
8084.76416 0.019356
8085.18018 0.019399
8085.59717 0.019442
8086.01318 0.019485
8086.42920 0.019528
8086.84619 0.019571
8087.26221 0.019614
8087.67920 0.019657
8088.09521 0.0197
8088.51123 0.019743
8088.92822 0.019786
8089.34424 0.019829
8089.76123 0.019872
8090.17676 0.019913
8090.59424 0.019952
8091.01123 0.019991
8091.42676 0.020029
8091.84424 0.020068
8092.25977 0.020107
8092.67676 0.020145
8093.09424 0.020184
8093.50977 0.020223
8093.92676 0.020261
8094.34424 0.0203
8094.76123 0.020339
8095.17822 0.020377
8095.59424 0.020416
8096.01123 0.020455
8096.42822 0.020493
8096.84521 0.020532
8097.26221 0.020571
8097.67920 0.020609
8098.09619 0.020648
8098.51318 0.020687
8098.93018 0.020726
8099.34717 0.020764
8099.76416 0.020803
8100.18115 0.02084
8100.59814 0.020874
8101.01514 0.020909
8101.43213 0.020943
8101.84912 0.020977
8102.26709 0.021012
8102.68408 0.021046
8103.10107 0.02108
8103.51807 0.021115
8103.93506 0.021149
8104.35303 0.021184
8104.77002 0.021218
8105.18701 0.021252
8105.60400 0.021287
8106.02197 0.021321
8106.43896 0.021356
8106.85596 0.02139
8107.27393 0.021424
8107.69092 0.021459
8108.10889 0.021493
8108.52588 0.021528
8108.94385 0.021562
8109.36084 0.021597
8109.77881 0.021631
8110.19678 0.021661
8110.61377 0.021687
8111.03223 0.021713
8111.44922 0.021739
8111.86719 0.021764
8112.28516 0.02179
8112.70312 0.021816
8113.12012 0.021842
8113.53809 0.021867
8113.95605 0.021893
8114.37402 0.021919
8114.79199 0.021945
8115.20898 0.02197
8115.62695 0.021996
8116.04492 0.022022
8116.46289 0.022048
8116.88086 0.022073
8117.29785 0.022099
8117.71582 0.022125
8118.13379 0.022151
8118.55322 0.022177
8118.97119 0.022202
8119.38916 0.022228
8119.80713 0.022254
8120.22510 0.022275
8120.64307 0.022292
8121.06104 0.022309
8121.47900 0.022326
8121.89697 0.022343
8122.31494 0.022361
8122.73389 0.022378
8123.15186 0.022395
8123.56982 0.022412
8123.98779 0.022429
8124.40723 0.022446
8124.82520 0.022463
8125.24414 0.02248
8125.66211 0.022498
8126.08008 0.022515
8126.49902 0.022532
8126.91699 0.022549
8127.33496 0.022566
8127.75391 0.022583
8128.17188 0.0226
8128.59082 0.022617
8129.00977 0.022635
8129.42822 0.022652
8129.84717 0.022669
8130.26514 0.022686
8130.68408 0.022703
8131.10303 0.02272
8131.52100 0.022737
8131.93994 0.022754
8132.35889 0.022772
8132.77686 0.022789
8133.19580 0.022806
8133.61523 0.022823
8134.03418 0.02284
8134.45312 0.022857
8134.87207 0.022874
8135.29004 0.022891
8135.70898 0.022909
8136.12793 0.022926
8136.54688 0.022943
8136.96582 0.02296
8137.38477 0.022977
8137.80420 0.022994
8138.22314 0.023011
8138.64209 0.023029
8139.06104 0.023046
8139.47998 0.023063
8139.89893 0.02308
8140.31787 0.023097
8140.73682 0.023114
8141.15723 0.023131
8141.57617 0.023148
8141.99512 0.023166
8142.41406 0.023183
8142.83301 0.0232
8143.25293 0.023217
8143.67188 0.023234
8144.09082 0.023251
8144.51123 0.023268
8144.93018 0.023286
8145.35010 0.023303
8145.76904 0.02332
8146.18799 0.023337
8146.60791 0.023354
8147.02686 0.023371
8147.44678 0.023388
8147.86621 0.023406
8148.28613 0.023423
8148.70508 0.02344
8149.12500 0.023457
8149.54395 0.023474
8149.96387 0.023491
8150.38379 0.023504
8150.80322 0.023517
8151.22314 0.02353
