threeML/data/optical_filters/HST/NICMOS1-F110M.ecsv
# %ECSV 0.9
# ---
# datatype:
# - {name: wavelength, unit: Angstrom, datatype: float32}
# - {name: response, datatype: float32}
# meta: !!omap
# - {band_name: F110M}
# - {group_name: NICMOS1}
wavelength response
[from data line 6949]
12373.51953 0.000823
12373.96973 0.00082
12374.42969 0.000816
12374.87988 0.000812
12375.33984 0.00081
12375.79980 0.000808
12376.25000 0.000807
12376.70996 0.000805
12377.16016 0.000803
12377.62012 0.000802
12378.08008 0.0008
12378.53027 0.000799
12378.99023 0.000797
12379.44043 0.000796
12379.90039 0.000794
12380.34961 0.00079
12380.80957 0.000786
12381.26953 0.000782
12381.71973 0.000778
12382.17969 0.000774
12382.62988 0.00077
12383.08984 0.000766
12383.54980 0.000762
12384.00000 0.000757
12384.45996 0.000753
12384.91992 0.000749
12385.37012 0.000745
12385.83008 0.000741
12386.28027 0.000737
12386.74023 0.000733
12387.20020 0.000729
12387.65039 0.000725
12388.11035 0.00072
12388.57031 0.000716
12389.01953 0.000712
12389.48047 0.000708
12389.92969 0.000704
12390.38965 0.000701
12390.84961 0.000698
12391.29980 0.000696
12391.75977 0.000693
12392.21973 0.00069
12392.66992 0.000688
12393.12988 0.000685
12393.58984 0.000682
12394.04004 0.00068
12394.50000 0.000677
12394.95996 0.000674
12395.41016 0.00067
12395.87012 0.000666
12396.33008 0.000662
12396.78027 0.000657
12397.24023 0.000653
12397.69043 0.000649
12398.15039 0.000645
12398.61035 0.00064
12399.05957 0.000636
12399.51953 0.000632
12399.98047 0.000628
12400.42969 0.000625
12400.88965 0.000622
12401.34961 0.000619
12401.79980 0.000616
12402.25977 0.000613
12402.71973 0.000611
12403.17969 0.000608
12403.62988 0.000605
12404.08984 0.000602
12404.54980 0.000599
12405.00000 0.000596
12405.45996 0.000594
12405.91992 0.000592
12406.37012 0.00059
12406.83008 0.000588
12407.29004 0.000586
12407.74023 0.000584
12408.20020 0.000582
12408.66016 0.00058
12409.12012 0.000577
12409.57031 0.000575
12410.03027 0.000573
12410.49023 0.000572
12410.94043 0.000571
12411.40039 0.00057
12411.86035 0.000569
12412.32031 0.000568
12412.76953 0.000566
12413.23047 0.000565
12413.69043 0.000564
12414.13965 0.000563
12414.59961 0.000562
12415.05957 0.00056
12415.51953 0.000556
12415.96973 0.000552
12416.42969 0.000548
12416.88965 0.000544
12417.34961 0.00054
12417.79980 0.000536
12418.25977 0.000532
12418.71973 0.000528
12419.16992 0.000524
12419.62988 0.000521
12420.08984 0.000517
12420.54980 0.000515
12421.00000 0.000513
12421.45996 0.000511
12421.91992 0.00051
12422.37988 0.000508
12422.83008 0.000506
12423.29004 0.000504
12423.75000 0.000502
12424.20996 0.0005
12424.66992 0.000498
12425.12012 0.000497
12425.58008 0.000495
12426.04004 0.000493
12426.50000 0.000492
12426.95020 0.00049
12427.41016 0.000489
12427.87012 0.000487
12428.33008 0.000485
12428.78027 0.000484
12429.24023 0.000482
12429.70020 0.000481
12430.16016 0.000479
12430.62012 0.000476
12431.07031 0.000473
12431.53027 0.000471
12431.99023 0.000468
12432.45020 0.000466
12432.91016 0.000463
12433.36035 0.00046
12433.82031 0.000458
12434.28027 0.000455
12434.74023 0.000452
12435.20020 0.000451
12435.65039 0.000451
12436.11035 0.000451
12436.57031 0.000451
12437.03027 0.000451
12437.49023 0.000451
12437.94043 0.000451
12438.40039 0.000451
12438.86035 0.000451
12439.32031 0.000451
12439.78027 0.000451
12440.23047 0.00045
12440.69043 0.000447
12441.15039 0.000444
12441.61035 0.000441
12442.07031 0.000438
12442.53027 0.000435
12442.98047 0.000432
12443.44043 0.000429
12443.90039 0.000427
12444.36035 0.000424
12444.82031 0.000421
12445.28027 0.000418
12445.73047 0.000415
12446.19043 0.000412
12446.65039 0.000408
12447.11035 0.000405
12447.57031 0.000402
13692.32715 0.0
