threeML/data/optical_filters/HST/NICMOS2-F204M.ecsv
# %ECSV 0.9
# ---
# datatype:
# - {name: wavelength, unit: Angstrom, datatype: float32}
# - {name: response, datatype: float32}
# meta: !!omap
# - {band_name: F204M}
# - {group_name: NICMOS2}
wavelength response
19330.07031 0.0
19330.34961 6e-06
19330.64062 0.000161
19330.91992 0.000316
19331.19922 0.000471
19331.49023 0.000627
19331.76953 0.000782
19332.05078 0.000911
19332.33984 0.000931
19332.61914 0.000952
19332.91016 0.000972
19333.18945 0.000992
19333.47070 0.001012
19333.75977 0.001032
19334.03906 0.001053
19334.32031 0.001079
19334.60938 0.001104
19334.89062 0.00113
19335.17969 0.001156
19335.46094 0.001181
19335.74023 0.001207
19336.02930 0.001231
19336.31055 0.001243
19336.58984 0.001254
19336.88086 0.001266
19337.16016 0.001278
19337.44922 0.00129
19337.73047 0.001301
19338.00977 0.001308
19338.30078 0.001185
19338.58008 0.001063
19338.85938 0.000942
19339.15039 0.00082
19339.42969 0.000697
19339.71094 0.000576
19340.00000 0.000454
19340.27930 0.000556
19340.57031 0.00066
19340.84961 0.000763
19341.13086 0.000866
19341.41992 0.000971
19341.69922 0.001074
19341.98047 0.001177
19342.26953 0.001087
19342.55078 0.000986
19342.83984 0.000886
19343.11914 0.000784
19343.40039 0.000684
19343.68945 0.000583
19343.97070 0.000482
19344.25977 0.000525
19344.53906 0.000583
19344.82031 0.000642
19345.10938 0.000701
19345.39062 0.00076
19345.66992 0.000818
19345.96094 0.000877
19346.24023 0.000919
19346.52930 0.000959
19346.81055 0.000999
19347.08984 0.001039
19347.38086 0.001078
19347.66016 0.001118
19347.94922 0.001158
19348.23047 0.001147
19348.50977 0.001124
19348.80078 0.001102
19349.08008 0.001079
19349.36914 0.001056
19349.65039 0.001033
19349.92969 0.001011
19350.22070 0.00103
19350.50000 0.001061
19350.78906 0.001093
19351.07031 0.001125
19351.34961 0.001157
19351.64062 0.001189
19351.91992 0.001221
19352.21094 0.001179
19352.49023 0.001109
19352.76953 0.001039
19353.06055 0.000968
19353.33984 0.000898
19353.61914 0.000827
19353.91016 0.000757
19354.18945 0.000741
19354.48047 0.000752
19354.75977 0.000763
19355.03906 0.000774
19355.33008 0.000786
19355.60938 0.000797
19355.90039 0.000808
19356.17969 0.000868
19356.46094 0.000956
19356.75000 0.001045
19357.02930 0.001133
19357.32031 0.001222
19357.59961 0.00131
19357.88086 0.001398
19358.16992 0.00137
19358.44922 0.001263
19358.74023 0.001154
19359.01953 0.001046
19359.30078 0.000938
19359.58984 0.00083
19359.86914 0.000722
19360.16016 0.000688
19360.43945 0.000714
19360.72070 0.00074
19361.00977 0.000766
19361.28906 0.000792
19361.58008 0.000818
19361.85938 0.000844
19362.14062 0.000874
19362.42969 0.000908
19362.71094 0.000941
19363.00000 0.000975
19363.27930 0.001008
19363.56055 0.001042
19363.84961 0.001075
19364.13086 0.001085
19364.41992 0.001069
19364.69922 0.001053
19364.99023 0.001036
19365.26953 0.00102
19365.55078 0.001003
19365.83984 0.000987
19366.11914 0.000996
19366.41016 0.001038
19366.68945 0.001081
19366.97070 0.001123
19367.25977 0.001165
19367.53906 0.001208
19367.83008 0.00125
19368.10938 0.001211
19368.40039 0.001044
19368.67969 0.000878
19368.96094 0.000711
19369.25000 0.000545
19369.52930 0.000379
19369.82031 0.000213
19370.09961 0.000144
19370.38086 0.000253
19370.66992 0.000362
19370.94922 0.000471
19371.24023 0.00058
19371.51953 0.000689
19371.81055 0.000798
19372.08984 0.00089
19372.36914 0.000947
19372.66016 0.001003
19372.93945 0.00106
19373.23047 0.001116
19373.50977 0.001172
19373.78906 0.001228
19374.08008 0.001277
19374.36914 0.001305
19374.65039 0.001333
19374.92969 0.001362
19375.22070 0.00139
19375.50000 0.001418
19375.78906 0.001447
19376.07031 0.00147
19376.34961 0.001476
19376.64062 0.001483
19376.91992 0.00149
19377.21094 0.001497
19377.49023 0.001504
19377.77930 0.001511
19378.06055 0.0015
19378.33984 0.001426
19378.63086 0.00135
19378.91016 0.001275
19379.19922 0.0012
19379.48047 0.001125
19379.76953 0.00105
19380.05078 0.000981
19380.33008 0.000942
19380.61914 0.000902
19380.90039 0.000863
19381.18945 0.000823
19381.47070 0.000784
19381.75977 0.000745
19382.03906 0.00072
19382.33008 0.000788
19382.60938 0.000856
19382.89062 0.000924
19383.17969 0.000991
19383.46094 0.001059
19383.75000 0.001127
19384.02930 0.001189
19384.32031 0.001203
19384.59961 0.001217
19384.88086 0.001231
19385.16992 0.001244
19385.44922 0.001258
19385.74023 0.001272
19386.01953 0.001283
19386.31055 0.001252
19386.58984 0.001222
19386.88086 0.001191
19387.16016 0.001161
19387.44922 0.001131
19387.73047 0.0011
19388.00977 0.001071
19388.30078 0.001058
19388.58008 0.001044
19388.86914 0.001031
19389.15039 0.001018
19389.43945 0.001005
19389.72070 0.000991
19390.00977 0.00098
19390.28906 0.001065
19390.57031 0.00115
19390.85938 0.001236
19391.14062 0.001321
19391.42969 0.001406
19391.71094 0.001491
19392.00000 0.001576
19392.27930 0.001502
19392.57031 0.001426
19392.84961 0.00135
19393.13086 0.001274
19393.41992 0.001198
19393.69922 0.001122
19393.99023 0.001046
19394.26953 0.001087
19394.56055 0.001133
19394.83984 0.001179
19395.13086 0.001226
19395.41016 0.001272
19395.69922 0.001318
19395.98047 0.001364
19396.26953 0.001375
19396.55078 0.001384
19396.83008 0.001392
19397.11914 0.001401
19397.40039 0.001409
19397.68945 0.001417
19397.97070 0.001426
19398.25977 0.001386
19398.53906 0.001341
19398.83008 0.001297
19399.10938 0.001252
19399.40039 0.001207
19399.67969 0.001162
19399.96094 0.001117
19400.25000 0.001278
19400.53906 0.001467
19400.82031 0.001656
19401.09961 0.001845
19401.39062 0.002035
19401.66992 0.002225
19401.96094 0.002413
19402.24023 0.002364
19402.52930 0.002274
19402.81055 0.002183
19403.09961 0.002093
19403.38086 0.002003
19403.66992 0.001912
19403.94922 0.001822
19404.23047 0.001779
19404.51953 0.001746
19404.80078 0.001714
19405.08984 0.001681
19405.36914 0.001648
19405.66016 0.001615
19405.93945 0.001583
19406.23047 0.001558
19406.50977 0.001536
19406.80078 0.001514
19407.08008 0.001491
19407.36914 0.001469
19407.65039 0.001446
19407.93945 0.001424
19408.22070 0.001478
19408.50977 0.001554
19408.78906 0.001631
19409.08008 0.001707
19409.35938 0.001783
19409.64062 0.001859
19409.92969 0.001935
19410.21094 0.001947
19410.50000 0.001938
19410.78906 0.00193
19411.07031 0.001921
19411.34961 0.001912
19411.64062 0.001904
19411.91992 0.001895
19412.21094 0.001903
19412.49023 0.001917
19412.77930 0.001931
19413.06055 0.001945
19413.34961 0.00196
19413.63086 0.001974
19413.91992 0.001988
19414.19922 0.001902
19414.49023 0.001775
19414.76953 0.00165
19415.06055 0.001523
19415.33984 0.001396
19415.63086 0.00127
19415.91016 0.001143
19416.19922 0.001104
19416.48047 0.001104
19416.76953 0.001103
19417.05078 0.001103
19417.33984 0.001103
19417.61914 0.001102
19417.91016 0.001102
19418.18945 0.001115
19418.48047 0.001135
19418.75977 0.001155
19419.03906 0.001175
19419.33008 0.001196
19419.61914 0.001216
19419.90039 0.001236
19420.18945 0.001352
19420.47070 0.001521
19420.75977 0.001689
19421.03906 0.001858
19421.32031 0.002025
19421.60938 0.002193
19421.89062 0.002362
19422.17969 0.002406
19422.46094 0.002378
19422.75000 0.002349
19423.03906 0.002321
19423.32031 0.002292
19423.60938 0.002264
19423.89062 0.002235
19424.16992 0.002164
19424.46094 0.002066
19424.74023 0.001967
19425.02930 0.001869
19425.31055 0.00177
19425.59961 0.001672
19425.88086 0.001573
19426.16992 0.001603
19426.46094 0.001718
19426.74023 0.001834
19427.02930 0.001949
19427.31055 0.002065
19427.59961 0.002181
19427.88086 0.002296
19428.16992 0.002357
19428.44922 0.002377
19428.73047 0.002398
19429.01953 0.002419
19429.30078 0.002439
19429.58984 0.00246
19429.86914 0.002481
19430.16016 0.002433
19430.44922 0.002334
19430.73047 0.002234
19431.01953 0.002134
19431.30078 0.002034
19431.58984 0.001934
19431.86914 0.001834
19432.16016 0.001689
19432.43945 0.001507
19432.73047 0.001324
19433.00977 0.001142
19433.30078 0.00096
19433.58008 0.000778
19433.86914 0.000595
19434.15039 0.000596
19434.43945 0.000755
19434.72070 0.000914
19435.00977 0.001074
19435.28906 0.001233
19435.58008 0.001392
19435.85938 0.001552
19436.15039 0.001673
19436.42969 0.001759
19436.72070 0.001845
19437.00000 0.001931
19437.28906 0.002017
19437.57031 0.002103
19437.85938 0.002189
19438.14062 0.002219
19438.42969 0.002193
19438.71094 0.002168
19439.00000 0.002142
19439.28906 0.002117
19439.57031 0.002091
19439.85938 0.002065
19440.14062 0.00204
19440.42969 0.002014
19440.71094 0.001988
19441.00000 0.001962
19441.27930 0.001936
19441.57031 0.00191
19441.84961 0.001884
19442.14062 0.001925
19442.41992 0.002039
19442.71094 0.002152
19442.99023 0.002265
19443.27930 0.002378
19443.56055 0.002492
19443.84961 0.002605
19444.13086 0.00266
19444.41992 0.002649
19444.71094 0.002639
19444.99023 0.002628
19445.27930 0.002618
19445.56055 0.002607
19445.84961 0.002597
19446.13086 0.00256
19446.41992 0.002493
19446.69922 0.002426
19446.99023 0.002359
19447.26953 0.002292
19447.56055 0.002225
19447.83984 0.002158
19448.13086 0.00214
19448.41016 0.002182
19448.69922 0.002224
19448.99023 0.002265
19449.26953 0.002307
19449.56055 0.002349
19449.83984 0.002391
19450.13086 0.002374
19450.41016 0.002286
19450.69922 0.002197
19450.98047 0.002109
19451.26953 0.00202
19451.55078 0.001931
19451.83984 0.001843
19452.13086 0.001811
19452.41016 0.00185
19452.69922 0.00189
19452.98047 0.00193
19453.26953 0.00197
19453.55078 0.00201
19453.83984 0.00205
19454.11914 0.002119
19454.41016 0.002224
19454.68945 0.002329
19454.98047 0.002435
19455.25977 0.00254
19455.55078 0.002646
19455.83984 0.002752
19456.11914 0.002788
19456.41016 0.00273
19456.68945 0.002672
19456.98047 0.002614
19457.25977 0.002556
19457.55078 0.002497
19457.83008 0.002439
19458.11914 0.002429
19458.40039 0.002486
19458.68945 0.002543
19458.97070 0.0026
19459.25977 0.002657
19459.55078 0.002714
19459.83008 0.002771
19460.11914 0.002774
19460.40039 0.002699
19460.68945 0.002623
19460.97070 0.002548
19461.25977 0.002473
19461.53906 0.002398
19461.83008 0.002323
19462.11914 0.002313
19462.40039 0.002397
19462.68945 0.002481
19462.97070 0.002565
19463.25977 0.002649
19463.53906 0.002734
19463.83008 0.002818
19464.11914 0.002892
19464.40039 0.00295
19464.68945 0.003009
19464.97070 0.003068
19465.25977 0.003127
19465.53906 0.003185
19465.83008 0.003244
19466.11914 0.003229
19466.40039 0.003106
19466.68945 0.002982
19466.97070 0.002858
19467.25977 0.002734
19467.53906 0.00261
19467.83008 0.002486
19468.10938 0.002443
19468.40039 0.002521
19468.68945 0.002599
19468.97070 0.002677
19469.25977 0.002755
19469.53906 0.002834
19469.83008 0.002911
19470.10938 0.002973
19470.40039 0.00301
19470.68945 0.003047
19470.97070 0.003084
19471.25977 0.003121
19471.53906 0.003158
19471.83008 0.003196
19472.10938 0.00322
19472.40039 0.003224
19472.68945 0.003228
19472.97070 0.003232
19473.25977 0.003236
19473.53906 0.003241
19473.83008 0.003245
19474.10938 0.003248
19474.40039 0.003249
19474.68945 0.003251
19474.97070 0.003252
19475.25977 0.003253
19475.53906 0.003255
19475.83008 0.003256
19476.10938 0.003205
19476.40039 0.003073
19476.68945 0.002941
19476.97070 0.002809
19477.25977 0.002678
19477.53906 0.002545
19477.83008 0.002414
19478.10938 0.002434
19478.40039 0.002685
19478.68945 0.002935
19478.97070 0.003184
19479.25977 0.003436
19479.53906 0.003685
19479.83008 0.003935
19480.11914 0.004004
19480.40039 0.003801
19480.68945 0.003598
19480.97070 0.003394
19481.25977 0.003192
19481.53906 0.002989
19481.83008 0.002785
19482.11914 0.002685
19482.40039 0.002737
19482.68945 0.002789
19482.97070 0.002841
19483.25977 0.002894
19483.53906 0.002946
19483.83008 0.002997
19484.11914 0.003079
19484.40039 0.003204
19484.68945 0.003328
19484.97070 0.003453
19485.25977 0.003577
19485.53906 0.003701
19485.83008 0.003826
19486.11914 0.003865
19486.40039 0.003781
19486.68945 0.003697
19486.97070 0.003614
19487.25977 0.003529
19487.55078 0.003446
19487.83008 0.003361
19488.11914 0.003292
19488.40039 0.003243
19488.68945 0.003194
19488.98047 0.003144
19489.25977 0.003095
19489.55078 0.003046
19489.83008 0.002997
19490.11914 0.003033
19490.41016 0.003187
19490.68945 0.003341
19490.98047 0.003495
19491.25977 0.003648
19491.55078 0.003803
19491.83984 0.003957
19492.11914 0.003968
19492.41016 0.003791
19492.69922 0.003612
19492.98047 0.003435
19493.26953 0.003257
19493.55078 0.003079
19493.83984 0.002902
19494.13086 0.002836
19494.41016 0.002917
19494.69922 0.002998
19494.98047 0.003079
19495.26953 0.00316
19495.55078 0.00324
19495.83984 0.003322
19496.13086 0.003403
19496.41016 0.003486
19496.69922 0.00357
19496.98047 0.003653
19497.26953 0.003737
19497.56055 0.00382
19497.83984 0.003903
19498.13086 0.003927
19498.41992 0.003878
19498.69922 0.003829
19498.99023 0.00378
19499.26953 0.003732
19499.56055 0.003683
19499.84961 0.003634
19500.13086 0.00366
19500.41992 0.00377
19500.71094 0.003881
19500.99023 0.003991
19501.27930 0.004102
19501.56055 0.004212
19501.84961 0.004323
19502.13086 0.004336
19502.41992 0.00424
19502.71094 0.004145
19502.99023 0.004049
19503.27930 0.003954
19503.57031 0.003858
19503.84961 0.003762
19504.14062 0.0037
19504.41992 0.003674
19504.71094 0.003647
19505.00000 0.003621
19505.27930 0.003595
19505.57031 0.003569
19505.85938 0.003542
19506.14062 0.00359
19506.42969 0.003714
19506.71094 0.003836
19507.00000 0.00396
19507.28906 0.004084
19507.57031 0.004207
19507.85938 0.004331
19508.14062 0.004388
19508.42969 0.004382
19508.72070 0.004377
19509.00000 0.004371
19509.28906 0.004365
19509.58008 0.004359
19509.85938 0.004353
19510.15039 0.004355
19510.43945 0.004363
19510.72070 0.004371
19511.00977 0.00438
19511.28906 0.004388
19511.58008 0.004397
19511.86914 0.004405
19512.15039 0.004439
19512.43945 0.004494
19512.72070 0.004549
19513.00977 0.004605
19513.30078 0.00466
19513.58008 0.004715
19513.86914 0.004771
19514.16016 0.004806
19514.43945 0.004823
19514.73047 0.004841
19515.01953 0.004859
19515.30078 0.004877
19515.58984 0.004895
19515.86914 0.004913
19516.16016 0.004858
19516.44922 0.004747
19516.73047 0.004636
19517.01953 0.004526
19517.31055 0.004415
19517.58984 0.004305
19517.88086 0.004194
19518.16992 0.004129
19518.44922 0.004099
19518.74023 0.004068
19519.02930 0.004038
19519.31055 0.004008
19519.59961 0.003977
19519.88086 0.003947
19520.16992 0.004015
19520.46094 0.004152
19520.74023 0.004288
19521.02930 0.004425
19521.32031 0.004562
19521.59961 0.004698
19521.89062 0.004835
19522.17969 0.0049
19522.46094 0.004919
19522.75000 0.004937
19523.03906 0.004956
19523.32031 0.004975
19523.60938 0.004994
19523.89062 0.005012
19524.17969 0.005026
19524.47070 0.005036
19524.75000 0.005047
19525.03906 0.005057
19525.33008 0.005068
19525.60938 0.005078
19525.90039 0.005089
19526.18945 0.005118
19526.47070 0.005157
19526.75977 0.005196
19527.03906 0.005236
19527.33008 0.005275
19527.61914 0.005314
19527.90039 0.005353
19528.18945 0.005322
19528.48047 0.005254
19528.75977 0.005187
19529.05078 0.00512
19529.33984 0.005052
19529.61914 0.004985
19529.91016 0.004918
19530.19922 0.004942
19530.48047 0.005006
19530.76953 0.005071
19531.06055 0.005136
19531.33984 0.0052
19531.63086 0.005265
19531.91992 0.00533
19532.19922 0.005355
19532.49023 0.005365
19532.77930 0.005374
19533.06055 0.005384
19533.34961 0.005393
19533.64062 0.005403
19533.91992 0.005412
19534.21094 0.005453
19534.50000 0.005505
19534.77930 0.005558
19535.07031 0.00561
19535.35938 0.005662
19535.64062 0.005715
19535.92969 0.005767
19536.21094 0.005749
19536.50000 0.005707
19536.78906 0.005666
19537.08008 0.005624
19537.35938 0.005583
19537.65039 0.005541
19537.93945 0.0055
19538.22070 0.005491
19538.50977 0.005492
19538.78906 0.005493
19539.08008 0.005495
19539.36914 0.005496
19539.66016 0.005497
19539.93945 0.005498
19540.23047 0.005582
19540.51953 0.005687
19540.80078 0.005792
19541.08984 0.005897
19541.36914 0.006001
19541.66016 0.006106
19541.94922 0.006211
19542.24023 0.006212
19542.51953 0.00619
19542.81055 0.006168
19543.09961 0.006146
19543.38086 0.006125
19543.66992 0.006103
19543.96094 0.006081
19544.24023 0.006051
19544.52930 0.006019
19544.82031 0.005987
19545.09961 0.005955
19545.39062 0.005923
19545.67969 0.00589
19545.96094 0.005859
19546.25000 0.0059
19546.53906 0.005951
19546.82031 0.006003
19547.10938 0.006055
19547.40039 0.006107
19547.67969 0.006158
19547.97070 0.00621
19548.25977 0.006268
