threeML/data/optical_filters/HST/NICMOS1-F097N.ecsv
# %ECSV 0.9
# ---
# datatype:
# - {name: wavelength, unit: Angstrom, datatype: float32}
# - {name: response, datatype: float32}
# meta: !!omap
# - {band_name: F097N}
# - {group_name: NICMOS1}
wavelength response
[from data line 1614]
9754.90918 0.056429
9755.01172 0.056241
9755.11523 0.056052
9755.21777 0.055864
9755.32031 0.055676
9755.42383 0.055486
9755.52637 0.055298
9755.62988 0.055108
9755.73242 0.05492
9755.83594 0.05473
9755.93848 0.054542
9756.04199 0.054341
9756.14453 0.054125
9756.24805 0.053906
9756.35059 0.05369
9756.45410 0.053472
9756.55664 0.053255
9756.66016 0.053037
9756.76270 0.052821
9756.86621 0.052602
9756.96875 0.052386
9757.07227 0.052167
9757.17480 0.051951
9757.27832 0.051732
9757.38086 0.051516
9757.48438 0.051297
9757.58691 0.051081
9757.69043 0.050863
9757.79297 0.050646
9757.89648 0.050428
9757.99902 0.050211
9758.10254 0.049983
9758.20508 0.049756
9758.30859 0.049528
9758.41113 0.049302
9758.51465 0.049073
9758.61719 0.048847
9758.72070 0.048619
9758.82422 0.04839
9758.92676 0.048164
9759.03027 0.047935
9759.13281 0.047709
9759.23633 0.04748
9759.33887 0.047254
9759.44238 0.047025
9759.54492 0.046799
9759.64844 0.046571
9759.75098 0.046344
9759.85352 0.046116
9759.95703 0.045889
9760.06055 0.045656
9760.16309 0.045422
9760.26660 0.045186
9760.36914 0.044951
9760.47266 0.044715
9760.57617 0.044479
9760.67871 0.044244
9760.78223 0.044008
9760.88477 0.043774
9760.98828 0.043537
9761.09082 0.043303
9761.19434 0.043067
9761.29688 0.042832
9761.40039 0.042596
9761.50293 0.042362
9761.60645 0.042125
9761.70898 0.041891
9761.81348 0.041654
9761.91602 0.041418
9762.01855 0.041183
9762.12207 0.040946
9762.22461 0.04071
9762.32812 0.040473
9762.43066 0.040237
9762.53418 0.04
9762.63770 0.039762
9762.74023 0.039527
9762.84375 0.039289
9762.94629 0.039054
9763.04980 0.038816
9763.15234 0.03858
9763.25586 0.038343
9763.35840 0.038107
9763.46191 0.037869
9763.56543 0.037632
9763.66797 0.037396
9763.77148 0.037158
9763.87402 0.036923
9763.97754 0.036685
9764.08008 0.036462
9764.18359 0.03624
9764.28711 0.036018
9764.38965 0.035798
9764.49316 0.035576
9764.59570 0.035356
9764.69922 0.035134
9764.80273 0.034912
9764.90527 0.034692
9765.00879 0.03447
9765.11133 0.03425
9765.21484 0.034028
9765.31738 0.033808
9765.42090 0.033586
9765.52441 0.033364
9765.62695 0.033144
9765.73047 0.032922
9765.83301 0.032702
9765.93652 0.03248
9766.04004 0.032259
9766.14258 0.032043
9766.24609 0.031825
9766.34863 0.031609
9766.45215 0.03139
9766.55566 0.031172
9766.65820 0.030956
9766.76172 0.030738
9766.86426 0.030522
9766.96777 0.030303
9767.07129 0.030085
9767.17383 0.029869
9767.27734 0.02965
9767.38086 0.029432
9767.48340 0.029216
9767.58691 0.028998
9767.68945 0.028781
9767.79297 0.028563
9767.89648 0.028345
9767.99902 0.028128
9768.10254 0.027936
9768.20508 0.027746
9768.30859 0.027554
9768.41211 0.027362
9768.51465 0.027171
9768.61816 0.026979
9768.72168 0.026787
9768.82422 0.026597
9768.92773 0.026405
9769.03027 0.026214
9769.13379 0.026022
9769.23730 0.02583
9769.33984 0.02564
9769.44336 0.025448
9769.54688 0.025255
9769.64941 0.025065
9769.75293 0.024873
9769.85645 0.024681
9769.95898 0.02449
9770.06152 0.024303
9770.16504 0.02412
9770.26855 0.023936
9770.37207 0.023752
9770.47461 0.023569
9770.57812 0.023385
9770.68164 0.0232
9770.78418 0.023018
9770.88770 0.022833
9770.99121 0.022649
9771.09375 0.022466
9771.19727 0.022282
9771.30078 0.022097
9771.40332 0.021915
9771.50684 0.02173
9771.61035 0.021546
9771.71289 0.021363
9771.81641 0.021179
9771.91992 0.020994
9772.02246 0.020821
9772.12598 0.020682
9772.22852 0.020542
9772.33203 0.020404
9772.43555 0.020265
9772.53906 0.020125
9772.64160 0.019987
9772.74512 0.019848
9772.84863 0.019708
9772.95117 0.01957
9773.05469 0.019431
9773.15820 0.019291
9773.26074 0.019153
9773.36426 0.019013
9773.46777 0.018874
9773.57031 0.018736
9773.67383 0.018596
9773.77734 0.018457
9773.87988 0.018318
9773.98340 0.018179
9774.08691 0.01803
9774.18945 0.017881
9774.29297 0.01773
9774.39648 0.017579
9774.49902 0.01743
9774.60254 0.01728
9774.70605 0.017129
9774.80859 0.01698
9774.91211 0.016829
9775.01562 0.016678
9775.11914 0.016528
9775.22168 0.016378
9775.32520 0.016228
9775.42871 0.016077
9775.53125 0.015928
9775.63477 0.015777
9775.73828 0.015626
9775.84082 0.015477
9775.94434 0.015326
9776.04785 0.015198
9776.15137 0.015097
9776.25391 0.014997
9776.35742 0.014896
9776.46094 0.014795
9776.56348 0.014694
9776.66699 0.014593
9776.77148 0.014492
9776.87402 0.014391
9776.97656 0.014291
9777.08008 0.01419
9777.18359 0.014088
9777.28613 0.013988
9777.38965 0.013887
9777.49316 0.013786
9777.59668 0.013685
9777.69922 0.013584
9777.80273 0.013483
9777.90625 0.013382
9778.00977 0.013279
9778.11230 0.013163
9778.21582 0.013047
9778.31934 0.01293
9778.42188 0.012814
9778.52539 0.012697
9778.62891 0.01258
9778.73242 0.012463
9778.83496 0.012347
9778.93848 0.01223
9779.04199 0.012113
9779.14648 0.011996
9779.24805 0.01188
9779.35156 0.011763
9779.45508 0.011647
9779.55859 0.01153
9779.66113 0.011414
9779.76465 0.011297
9779.86816 0.01118
9779.97168 0.011063
9780.07422 0.010979
9780.17773 0.010906
9780.28125 0.010833
9780.38477 0.010761
9780.48730 0.010689
9780.59082 0.010616
9780.69434 0.010544
9780.79785 0.010471
9780.90039 0.010399
9781.00391 0.010327
9781.10742 0.010254
9781.21094 0.010181
9781.31348 0.010109
9781.41699 0.010037
9781.52148 0.009964
9781.62402 0.009891
9781.72656 0.009819
9781.83008 0.009747
9781.93359 0.009674
9782.03711 0.009603
9782.13965 0.009533
9782.24316 0.009464
9782.34668 0.009394
9782.45020 0.009324
9782.55371 0.009254
9782.65625 0.009185
9782.75977 0.009115
9782.86328 0.009045
9782.96680 0.008975
9783.06934 0.008906
9783.17285 0.008836
9783.27637 0.008766
9783.37988 0.008697
9783.48340 0.008627
9783.58594 0.008557
9783.68945 0.008488
9783.79297 0.008418
9783.89648 0.008348
9784.00000 0.008278
9784.10254 0.008213
9784.20605 0.008148
9784.30957 0.008082
9784.41309 0.008016
9784.51660 0.007951
9784.61914 0.007886
9784.72266 0.00782
9784.82617 0.007755
9784.92969 0.007689
9785.03320 0.007624
9785.13574 0.007559
9785.23926 0.007493
9785.34277 0.007428
9785.44629 0.007362
9785.54980 0.007297
9785.65234 0.007232
9785.75586 0.007166
9785.85938 0.0071
9785.96289 0.007035
9786.06641 0.006978
9786.16895 0.006926
9786.27246 0.006874
9786.37598 0.006822
9786.47852 0.00677
9786.58301 0.006718
9786.68652 0.006666
9786.78906 0.006614
9786.89258 0.006562
9786.99609 0.00651
9787.09961 0.006458
9787.20312 0.006406
9787.30566 0.006354
9787.40918 0.006302
9787.51270 0.00625
9787.61621 0.006198
9787.71973 0.006146
9787.82324 0.006094
9787.92578 0.006042
9788.02930 0.005992
9788.13281 0.005948
9788.23633 0.005904
9788.33984 0.005859
9788.44336 0.005815
9788.54688 0.005771
9788.64941 0.005727
9788.75293 0.005682
9788.85645 0.005638
9788.95996 0.005594
9789.06348 0.005549
9789.16699 0.005505
9789.26953 0.005461
9789.37305 0.005416
9789.47656 0.005372
9789.58008 0.005328
9789.68359 0.005283
9789.78711 0.005239
9789.89062 0.005195
9789.99316 0.005151
9790.09668 0.005113
9790.20020 0.005076
9790.30371 0.005039
9790.40723 0.005002
9790.51074 0.004965
9790.61426 0.004928
9790.71680 0.004891
9790.82031 0.004854
9790.92383 0.004817
9791.02734 0.00478
9791.13086 0.004743
9791.23438 0.004706
9791.33789 0.004668
9791.44141 0.004631
9791.54395 0.004595
9791.64746 0.004558
9791.75098 0.00452
9791.85352 0.004483
9791.95801 0.004446
9792.06152 0.004414
9792.16504 0.004385
9792.26855 0.004355
9792.37109 0.004326
9792.47461 0.004297
9792.57812 0.004268
9792.68164 0.004238
9792.78516 0.004209
9792.88867 0.00418
9792.99219 0.004151
9793.09570 0.004121
9793.19922 0.004092
9793.30176 0.004063
9793.40527 0.004034
9793.50879 0.004004
9793.61230 0.003975
9793.71582 0.003946
9793.81934 0.003917
9793.92285 0.003887
9794.02637 0.003859
9794.12988 0.003832
9794.23242 0.003806
9794.33594 0.00378
9794.43945 0.003754
9794.54297 0.003727
9794.64648 0.003701
9794.75000 0.003675
9794.85352 0.003649
9794.95703 0.003622
9795.06055 0.003596
9795.16406 0.00357
9795.26758 0.003543
9795.37012 0.003517
9795.47363 0.003491
9795.57715 0.003465
9795.68066 0.003438
9795.78418 0.003412
9795.88770 0.003386
9795.99121 0.003359
9796.09473 0.003335
9796.19824 0.00331
9796.30176 0.003286
9796.40527 0.003262
9796.50879 0.003237
9796.61230 0.003213
9796.71484 0.003189
9796.81836 0.003165
9796.92188 0.00314
9797.02539 0.003116
9797.12891 0.003092
9797.23242 0.003067
9797.33594 0.003043
9797.43945 0.003018
9797.54297 0.002994
9797.64648 0.00297
9797.75000 0.002945
9797.85352 0.002921
9797.95703 0.002897
9798.06055 0.002876
9798.16406 0.002858
9798.26758 0.00284
9798.37012 0.002822
9798.47363 0.002804
9798.57715 0.002787
9798.68066 0.002769
9798.78418 0.002751
9798.88770 0.002733
9798.99121 0.002715
9799.09473 0.002697
9799.19824 0.002679
9799.30176 0.002661
9799.40527 0.002643
9799.50879 0.002625
9799.61230 0.002607
9799.71582 0.002589
9799.81934 0.002571
9799.92285 0.002553
9800.02637 0.002536
9800.12988 0.002518
9800.23340 0.002501
9800.33691 0.002483
9800.44043 0.002466
9800.54395 0.002448
9800.64746 0.002431
9800.75098 0.002414
9800.85352 0.002396
9800.95801 0.002379
9801.06055 0.002361
9801.16406 0.002344
9801.26758 0.002327
9801.37109 0.002309
9801.47461 0.002292
9801.57812 0.002274
9801.68164 0.002257
9801.78516 0.002239
9801.88867 0.002222
9801.99219 0.002205
9802.09570 0.002189
9802.19922 0.002173
9802.30273 0.002158
9802.40625 0.002142
9802.50977 0.002127
9802.61328 0.002111
9802.71680 0.002096
9802.82031 0.00208
9802.92383 0.002065
9803.02734 0.002049
9803.13086 0.002034
9803.23438 0.002018
9803.33789 0.002003
9803.44141 0.001987
9803.54492 0.001972
9803.64844 0.001956
9803.75195 0.001941
9803.85547 0.001925
9803.95898 0.001909
9804.06348 0.001897
9804.16602 0.001886
9804.26953 0.001875
9804.37305 0.001864
9804.47656 0.001853
9804.58008 0.001842
9804.68359 0.001831
9804.78711 0.00182
9804.89062 0.001809
9804.99414 0.001798
9805.09766 0.001787
9805.20117 0.001776
9805.30469 0.001765
9805.40918 0.001754
9805.51270 0.001743
9805.61621 0.001732
9805.71973 0.001721
9805.82324 0.00171
9805.92676 0.001699
9806.03027 0.001687
9806.13379 0.001674
9806.23730 0.00166
9806.34082 0.001647
9806.44434 0.001633
9806.54785 0.00162
9806.65137 0.001606
9806.75488 0.001593
9806.85840 0.00158
9806.96191 0.001566
9807.06543 0.001553
9807.16895 0.001539
9807.27246 0.001526
9807.37598 0.001512
9807.47852 0.001499
9807.58301 0.001485
9807.68652 0.001472
9807.79004 0.001458
9807.89355 0.001445
9807.99707 0.001431
9808.10059 0.00142
9808.20508 0.00141
9808.30859 0.001399
9808.41211 0.001388
9808.51562 0.001378
9808.61914 0.001367
9808.72266 0.001356
9808.82617 0.001346
9808.92969 0.001335
9809.03320 0.001324
9809.13672 0.001314
9809.24023 0.001303
9809.34375 0.001292
9809.44727 0.001281
9809.55078 0.001271
9809.65430 0.00126
9809.75781 0.001249
9809.86230 0.001239
9809.96582 0.001228
9810.06934 0.001221
9810.17285 0.001217
9810.27637 0.001213
9810.37988 0.001209
9810.48340 0.001204
9810.58691 0.0012
9810.69043 0.001196
9810.79395 0.001192
9810.89746 0.001187
9811.00098 0.001183
9811.10547 0.001179
9811.20898 0.001174
9811.31348 0.00117
9811.41602 0.001166
9811.51953 0.001162
9811.62305 0.001157
9811.72656 0.001153
9811.83008 0.001149
9811.93359 0.001145
9812.03711 0.001139
9812.14062 0.001131
9812.24512 0.001122
9812.34863 0.001114
9812.45215 0.001105
9812.55566 0.001097
9812.65918 0.001089
9812.76270 0.001081
9812.86621 0.001072
9812.96973 0.001064
9813.07324 0.001056
9813.17676 0.001047
9813.28125 0.001039
9813.38477 0.001031
9813.48828 0.001022
9813.59180 0.001014
9813.69531 0.001006
9813.79883 0.000997
9813.90234 0.000989
9814.00586 0.000981
9814.10938 0.00098
9814.21387 0.000979
9814.31738 0.000977
9814.42090 0.000976
9814.52441 0.000975
9814.62793 0.000974
9814.73145 0.000972
9814.83496 0.000971
9814.93848 0.00097
9815.04297 0.000969
9815.14648 0.000967
9815.25000 0.000966
9815.35352 0.000965
9815.45703 0.000964
9815.56055 0.000963
9815.66406 0.000961
9815.76758 0.00096
9815.87207 0.000959
9815.97559 0.000958
9816.07910 0.000951
9816.18262 0.000943
9816.28613 0.000934
9816.38965 0.000926
9816.49316 0.000918
9816.59766 0.000909
9816.70117 0.000901
9816.80469 0.000893
9816.90820 0.000884
9817.01172 0.000876
9817.11523 0.000868
9817.21875 0.000859
9817.32324 0.000851
9817.42676 0.000843
9817.53027 0.000834
9817.63379 0.000826
9817.73730 0.000818
9817.84082 0.000809
9817.94531 0.000801
9818.04883 0.000797
9818.15234 0.000798
9818.25586 0.000799
9818.35938 0.000801
9818.46289 0.000802
9818.56738 0.000803
9818.67090 0.000804
9818.77441 0.000805
9818.87793 0.000806
9818.98145 0.000807
9819.08496 0.000808
9819.18945 0.00081
9819.29297 0.000811
9819.39648 0.000812
9819.50000 0.000813
9819.60352 0.000814
9819.70703 0.000815
9819.81152 0.000816
9819.91504 0.000817
9820.01855 0.000816
9820.12207 0.000805
9820.22559 0.000794
9820.33008 0.000782
9820.43359 0.000771
9820.53711 0.00076
9820.64062 0.000749
9820.74414 0.000737
9820.84766 0.000726
9820.95215 0.000715
9821.05566 0.000704
9821.15918 0.000692
9821.26270 0.000681
9821.36621 0.00067
9821.47070 0.000658
9821.57422 0.000647
9821.67773 0.000636
9821.78125 0.000625
9821.88477 0.000613
9821.98926 0.000602
9822.09277 0.000605
9822.19629 0.000609
9822.29980 0.000613
9822.40332 0.000617
9822.50781 0.000622
9822.61133 0.000626
9822.71484 0.00063
9822.81836 0.000635
9822.92285 0.000639
9823.02637 0.000643
9823.12988 0.000647
9823.23340 0.000652
9823.33691 0.000656
9823.44141 0.00066
9823.54492 0.000665
9823.64844 0.000669
9823.75195 0.000673
9823.85547 0.000677
9823.95996 0.000682
9824.06348 0.000678
9824.16699 0.00067
9824.27148 0.000662
9824.37500 0.000654
9824.47852 0.000646
9824.58203 0.000638
9824.68555 0.00063
9824.79004 0.000621
9824.89355 0.000613
9824.99707 0.000605
9825.10059 0.000597
9825.20410 0.000589
9825.30859 0.000581
9825.41211 0.000573
9825.51562 0.000565
9825.61914 0.000556
9825.72363 0.000548
9825.82715 0.00054
9825.93066 0.000532
9826.03418 0.000523
9826.13867 0.000513
9826.24219 0.000503
9826.34570 0.000493
9826.44922 0.000483
9826.55371 0.000473
9826.65723 0.000464
9826.76074 0.000454
9826.86426 0.000444
9826.96875 0.000434
9827.07227 0.000424
9827.17578 0.000414
9827.27930 0.000404
10810.00684 0.0
