threeML/data/optical_filters/HST/NICMOS3-G206.ecsv
# %ECSV 0.9
# ---
# datatype:
# - {name: wavelength, unit: Angstrom, datatype: float32}
# - {name: response, datatype: float32}
# meta: !!omap
# - {band_name: G206}
# - {group_name: NICMOS3}
wavelength response
[from data line 5361]
19061.91992 0.183721
19063.08984 0.183799
19064.25977 0.183877
19065.41992 0.183955
19066.58984 0.184032
19067.75977 0.18411
19068.91992 0.184188
19070.08984 0.184266
19071.25977 0.184344
19072.41992 0.184421
19073.58984 0.184499
19074.75977 0.184577
19075.92969 0.184655
19077.08984 0.184733
19078.25977 0.184811
19079.42969 0.184889
19080.59961 0.184959
19081.75977 0.18502
19082.92969 0.185082
19084.09961 0.185144
19085.26953 0.185206
19086.42969 0.185268
19087.59961 0.185329
19088.76953 0.185391
19089.93945 0.185453
19091.10938 0.185515
19092.26953 0.185577
19093.43945 0.185639
19094.60938 0.185701
19095.77930 0.185762
19096.94922 0.185824
19098.11914 0.185886
19099.28906 0.185948
19100.44922 0.186008
19101.61914 0.186065
19102.78906 0.186122
19103.96094 0.18618
19105.13086 0.186237
19106.30078 0.186294
19107.47070 0.186351
19108.64062 0.186408
19109.80078 0.186465
19110.97070 0.186523
19112.14062 0.18658
19113.31055 0.186637
19114.48047 0.186694
19115.65039 0.186752
19116.82031 0.186809
19117.99023 0.186866
19119.16016 0.186924
19120.33008 0.186986
19121.50000 0.187059
19122.66992 0.187133
19123.83984 0.187206
19125.00977 0.18728
19126.17969 0.187354
19127.34961 0.187428
19128.51953 0.187501
19129.68945 0.187575
19130.86914 0.187649
19132.03906 0.187723
19133.21094 0.187796
19134.38086 0.18787
19135.55078 0.187944
19136.72070 0.188018
19137.89062 0.188092
19139.06055 0.188166
19140.23047 0.188237
19141.40039 0.188294
19142.57031 0.188352
19143.75000 0.188409
19144.91992 0.188467
19146.08984 0.188525
19147.25977 0.188582
19148.42969 0.18864
19149.59961 0.188698
19150.77930 0.188756
19151.94922 0.188813
19153.11914 0.188871
19154.28906 0.188929
19155.46094 0.188987
19156.63086 0.189044
19157.81055 0.189102
19158.98047 0.18916
19160.15039 0.189222
19161.32031 0.189313
19162.50000 0.189403
19163.66992 0.189494
19164.83984 0.189585
19166.01953 0.189675
19167.18945 0.189766
19168.35938 0.189857
19169.52930 0.189948
19170.71094 0.190038
19171.88086 0.190129
19173.05078 0.19022
19174.23047 0.190311
19175.40039 0.190402
19176.57031 0.190493
19177.75000 0.190584
19178.91992 0.190675
19180.08984 0.190765
19181.26953 0.190839
19182.43945 0.190914
19183.60938 0.190988
19184.78906 0.191063
19185.96094 0.191138
19187.14062 0.191213
19188.31055 0.191287
19189.48047 0.191362
19190.66016 0.191437
19191.83008 0.191511
19193.00977 0.191586
19194.17969 0.191661
19195.35938 0.191736
19196.52930 0.191811
19197.71094 0.191886
19198.88086 0.191961
19200.05078 0.192036
19201.23047 0.192129
19202.40039 0.192223
19203.58008 0.192316
19204.75000 0.192409
19205.92969 0.192502
19207.10938 0.192596
19208.27930 0.192689
19209.46094 0.192782
19210.63086 0.192876
19211.81055 0.192969
19212.98047 0.193062
19214.16016 0.193156
19215.33008 0.193249
19216.50977 0.193343
19217.68945 0.193436
19218.85938 0.193529
19220.03906 0.193623
19221.21094 0.193716
19222.39062 0.19381
19223.57031 0.193903
19224.74023 0.193997
19225.91992 0.19409
19227.08984 0.194184
19228.26953 0.194277
19229.44922 0.194371
19230.61914 0.194464
19231.80078 0.194558
19232.98047 0.194651
19234.15039 0.194745
19235.33008 0.194839
19236.50977 0.194932
19237.68945 0.195026
19238.85938 0.19512
19240.03906 0.195213
19241.22070 0.19529
19242.39062 0.195367
19243.57031 0.195444
19244.75000 0.195521
19245.92969 0.195598
19247.10938 0.195675
19248.27930 0.195753
19249.46094 0.19583
19250.64062 0.195907
19251.82031 0.195985
19252.99023 0.196063
19254.16992 0.19614
19255.34961 0.196218
19256.52930 0.196296
19257.71094 0.196374
19258.89062 0.196451
19260.06055 0.196529
19261.24023 0.196607
19262.41992 0.196685
19263.59961 0.196762
19264.77930 0.19684
19265.96094 0.196918
19267.14062 0.196996
19268.32031 0.197074
19269.49023 0.197152
19270.66992 0.19723
19271.84961 0.197307
19273.02930 0.197385
19274.21094 0.197463
19275.39062 0.197541
19276.57031 0.197619
19277.75000 0.197697
19278.92969 0.197775
19280.10938 0.197851
19281.28906 0.197913
19282.47070 0.197974
19283.65039 0.198035
19284.83008 0.198097
19286.00977 0.198158
19287.18945 0.19822
19288.36914 0.198281
19289.55078 0.198342
19290.73047 0.198404
19291.91016 0.198465
19293.08984 0.198527
19294.26953 0.198588
19295.44922 0.19865
19296.63086 0.198711
19297.81055 0.198772
19298.99023 0.198834
19300.17969 0.198895
19301.35938 0.198955
19302.53906 0.199015
19303.72070 0.199074
19304.90039 0.199134
19306.08008 0.199194
19307.25977 0.199254
19308.43945 0.199314
19309.63086 0.199374
19310.81055 0.199433
19311.99023 0.199493
19313.16992 0.199553
19314.34961 0.199613
19315.52930 0.199673
19316.71094 0.199733
19317.90039 0.199792
19319.08008 0.199852
19320.25977 0.199905
19321.43945 0.199931
19322.63086 0.199958
19323.81055 0.199984
19324.99023 0.200011
19326.16992 0.200038
19327.35938 0.200064
19328.53906 0.200091
19329.72070 0.200117
19330.90039 0.200144
19332.08984 0.20017
19333.26953 0.200197
19334.44922 0.200223
19335.64062 0.20025
19336.82031 0.200276
19338.00000 0.200303
19339.18945 0.200329
19340.36914 0.200361
19341.55078 0.200404
19342.74023 0.200448
19343.91992 0.200491
19345.09961 0.200534
19346.28906 0.200577
19347.47070 0.200621
19348.65039 0.200664
19349.83984 0.200707
19351.01953 0.200751
19352.21094 0.200794
19353.39062 0.200837
19354.58008 0.200881
19355.75977 0.200924
19356.93945 0.200967
19358.13086 0.201011
19359.31055 0.201054
19360.50000 0.201083
19361.67969 0.201093
19362.86914 0.201103
19364.05078 0.201113
19365.24023 0.201123
19366.41992 0.201132
19367.60938 0.201142
19368.78906 0.201152
19369.98047 0.201162
19371.16016 0.201172
19372.34961 0.201182
19373.52930 0.201191
19374.72070 0.201201
19375.90039 0.201211
19377.08984 0.201221
19378.27930 0.201231
19379.46094 0.201241
19380.65039 0.20125
19381.83008 0.20126
19383.01953 0.20127
19384.21094 0.20128
19385.39062 0.20129
19386.58008 0.201299
19387.75977 0.201309
19388.94922 0.201319
19390.14062 0.201329
19391.32031 0.201339
19392.50977 0.201349
19393.69922 0.201358
19394.88086 0.201368
19396.07031 0.201378
19397.25977 0.201388
19398.43945 0.201398
19399.63086 0.201407
19400.82031 0.201424
19402.00000 0.201443
19403.18945 0.201462
19404.38086 0.201481
19405.57031 0.2015
19406.75000 0.201519
19407.93945 0.201538
19409.13086 0.201557
19410.32031 0.201576
19411.50000 0.201595
19412.68945 0.201614
19413.88086 0.201633
19415.07031 0.201652
19416.25977 0.201671
19417.43945 0.20169
19418.63086 0.201709
19419.82031 0.201728
19421.00977 0.201732
19422.19922 0.201735
19423.38086 0.201737
19424.57031 0.201739
19425.75977 0.201741
19426.94922 0.201743
19428.14062 0.201745
19429.33008 0.201747
19430.51953 0.201749
19431.71094 0.201752
19432.90039 0.201754
19434.08984 0.201756
19435.26953 0.201758
19436.46094 0.20176
19437.65039 0.201762
19438.83984 0.201764
19440.02930 0.201766
19441.22070 0.201769
19442.41016 0.201771
19443.59961 0.201773
19444.78906 0.201775
19445.98047 0.201777
19447.16992 0.201779
19448.35938 0.201781
19449.55078 0.201783
19450.74023 0.201785
19451.92969 0.201787
19453.11914 0.201789
19454.31055 0.201792
19455.50000 0.201794
19456.68945 0.201796
19457.88086 0.201798
19459.07031 0.2018
19460.25977 0.201805
19461.46094 0.201824
19462.65039 0.201844
19463.83984 0.201863
19465.02930 0.201881
19466.22070 0.201901
19467.41016 0.20192
19468.59961 0.201939
19469.78906 0.201958
19470.98047 0.201977
19472.17969 0.201996
19473.36914 0.202015
19474.56055 0.202034
19475.75000 0.202053
19476.93945 0.202072
19478.13086 0.202091
19479.33008 0.20211
19480.51953 0.202121
19481.71094 0.202123
19482.90039 0.202125
19484.08984 0.202127
19485.28906 0.202129
19486.48047 0.202131
19487.66992 0.202133
19488.85938 0.202135
19490.05078 0.202137
19491.25000 0.202139
19492.43945 0.202141
19493.63086 0.202143
19494.83008 0.202145
19496.01953 0.202147
19497.21094 0.20215
19498.40039 0.202151
19499.59961 0.202153
19500.78906 0.202146
19501.98047 0.202134
19503.17969 0.202122
19504.36914 0.202109
19505.56055 0.202097
19506.75977 0.202085
19507.94922 0.202073
19509.15039 0.202061
19510.33984 0.202048
19511.52930 0.202036
19512.73047 0.202024
19513.91992 0.202012
19515.11914 0.201999
19516.31055 0.201987
19517.50000 0.201975
19518.69922 0.201962
19519.89062 0.20195
19521.08984 0.201938
19522.27930 0.201926
19523.48047 0.201913
19524.66992 0.201901
19525.86914 0.201889
19527.06055 0.201876
19528.25977 0.201864
19529.44922 0.201851
19530.64062 0.201839
19531.83984 0.201827
19533.03906 0.201815
19534.23047 0.201802
19535.42969 0.20179
19536.61914 0.201777
19537.82031 0.201765
19539.00977 0.201753
19540.21094 0.20174
19541.40039 0.201728
19542.59961 0.201715
19543.78906 0.201703
19544.99023 0.20169
19546.18945 0.201678
19547.38086 0.201665
19548.58008 0.201653
19549.77930 0.201641
19550.97070 0.201628
19552.16992 0.201615
19553.36914 0.201603
19554.56055 0.20159
19555.75977 0.201578
19556.94922 0.201565
19558.15039 0.201553
19559.34961 0.20154
19560.53906 0.201528
19561.74023 0.201515
19562.93945 0.201503
19564.13086 0.20149
19565.33008 0.201477
19566.52930 0.201465
19567.73047 0.201452
19568.91992 0.20144
19570.11914 0.201427
19571.32031 0.201414
19572.51953 0.201402
19573.71094 0.201389
19574.91016 0.201377
19576.10938 0.201364
19577.31055 0.201351
19578.50977 0.201339
19579.69922 0.201326
19580.90039 0.2013
19582.09961 0.20127
19583.30078 0.20124
19584.50000 0.20121
19585.69922 0.20118
19586.89062 0.201151
19588.08984 0.201121
19589.28906 0.201091
19590.49023 0.201061
19591.68945 0.201031
19592.89062 0.201
19594.08984 0.20097
19595.28906 0.20094
19596.48047 0.20091
19597.67969 0.20088
19598.88086 0.20085
19600.08008 0.200819
19601.27930 0.20077
19602.48047 0.200722
19603.67969 0.200673
19604.88086 0.200625
19606.08008 0.200576
19607.27930 0.200528
19608.48047 0.200479
19609.67969 0.200431
19610.88086 0.200382
19612.08008 0.200334
19613.27930 0.200285
19614.48047 0.200236
19615.67969 0.200188
19616.88086 0.200139
19618.08008 0.200091
19619.27930 0.200042
19620.48047 0.199993
19621.67969 0.199944
19622.88086 0.199896
19624.08008 0.199847
19625.27930 0.199798
19626.48047 0.199749
19627.68945 0.199701
19628.89062 0.199652
19630.08984 0.199603
19631.28906 0.199554
19632.49023 0.199505
19633.68945 0.199456
19634.89062 0.199407
19636.08984 0.199358
19637.28906 0.19931
19638.50000 0.199261
19639.69922 0.199212
19640.90039 0.19915
19642.09961 0.199083
19643.30078 0.199017
19644.50977 0.19895
19645.71094 0.198884
19646.91016 0.198818
19648.10938 0.198751
19649.31055 0.198685
19650.51953 0.198618
19651.72070 0.198551
19652.91992 0.198485
19654.13086 0.198418
19655.33008 0.198352
19656.52930 0.198285
19657.73047 0.198218
19658.93945 0.198152
19660.14062 0.198085
19661.33984 0.198018
19662.53906 0.197952
19663.75000 0.197885
19664.94922 0.197818
19666.15039 0.197751
19667.35938 0.197684
19668.56055 0.197618
19669.76953 0.19755
19670.97070 0.197484
19672.16992 0.197417
19673.36914 0.19735
19674.58008 0.197283
19675.77930 0.197216
19676.99023 0.197149
19678.18945 0.197082
19679.40039 0.197015
19680.59961 0.196956
19681.80078 0.196907
19683.00977 0.196857
19684.21094 0.196807
19685.41992 0.196758
19686.61914 0.196708
19687.83008 0.196658
19689.02930 0.196609
19690.24023 0.196559
19691.43945 0.196509
19692.65039 0.196459
19693.84961 0.196409
19695.06055 0.19636
19696.25977 0.19631
19697.47070 0.19626
19698.66992 0.19621
19699.88086 0.19616
19701.08008 0.196106
19702.28906 0.19605
19703.49023 0.195995
19704.69922 0.19594
19705.90039 0.195885
19707.10938 0.195829
19708.32031 0.195774
19709.51953 0.195719
19710.73047 0.195663
19711.93945 0.195608
19713.14062 0.195553
19714.34961 0.195497
19715.55078 0.195442
19716.75977 0.195386
19717.97070 0.195331
19719.16992 0.195275
19720.38086 0.19522
19721.58984 0.195165
19722.78906 0.195109
19724.00000 0.195054
19725.21094 0.194998
19726.41016 0.194943
19727.61914 0.194887
19728.83008 0.194831
19730.03906 0.194776
19731.24023 0.19472
19732.44922 0.194665
19733.66016 0.194609
19734.86914 0.194553
19736.07031 0.194498
19737.27930 0.194442
19738.49023 0.194386
19739.69922 0.194331
19740.90039 0.194288
19742.10938 0.19425
19743.32031 0.194212
19744.52930 0.194174
19745.74023 0.194136
19746.93945 0.194098
19748.15039 0.194059
19749.35938 0.194021
19750.57031 0.193984
19751.77930 0.193949
19752.99023 0.193914
19754.19922 0.193878
19755.40039 0.193843
19756.60938 0.193808
19757.82031 0.193772
19759.02930 0.193737
19760.24023 0.193705
19761.44922 0.193687
19762.66016 0.193669
19763.86914 0.193652
19765.08008 0.193634
19766.28906 0.193616
19767.50000 0.193598
19768.71094 0.19358
19769.91016 0.193562
19771.13086 0.193545
19772.33008 0.193527
19773.53906 0.193509
19774.75000 0.193491
19775.96094 0.193473
19777.16992 0.193455
19778.38086 0.193437
19779.59961 0.193419
19780.80078 0.193401
19782.01953 0.193384
19783.23047 0.193365
19784.43945 0.193348
19785.65039 0.19333
19786.85938 0.193312
19788.07031 0.193294
19789.27930 0.193276
19790.49023 0.193258
19791.69922 0.19324
19792.91016 0.193222
19794.11914 0.193204
19795.33008 0.193186
19796.55078 0.193168
19797.75977 0.19315
19798.97070 0.193132
19800.17969 0.193119
19801.39062 0.19314
19802.59961 0.19316
19803.82031 0.19318
19805.02930 0.1932
19806.24023 0.19322
19807.44922 0.19324
19808.66016 0.19326
19809.86914 0.19328
19811.08984 0.193301
19812.30078 0.193321
19813.50977 0.193341
19814.72070 0.193361
19815.93945 0.193381
19817.15039 0.193401
19818.35938 0.193421
19819.57031 0.193442
19820.78906 0.193462
19822.00000 0.193482
19823.21094 0.193502
19824.42969 0.193522
19825.64062 0.193542
19826.84961 0.193562
19828.07031 0.193583
19829.27930 0.193603
19830.49023 0.193623
19831.71094 0.193643
19832.91992 0.193663
19834.13086 0.193684
19835.34961 0.193704
19836.56055 0.193724
19837.76953 0.193744
19838.99023 0.193764
19840.19922 0.193787
19841.41992 0.193825
19842.63086 0.193863
19843.83984 0.193901
19845.06055 0.193939
19846.26953 0.193977
19847.49023 0.194016
19848.69922 0.194053
19849.91992 0.194092
19851.13086 0.19413
19852.34961 0.194168
19853.56055 0.194206
19854.77930 0.194244
19855.99023 0.194282
19857.21094 0.19432
19858.41992 0.194358
19859.63086 0.194396
19860.84961 0.194447
19862.07031 0.194503
19863.27930 0.194559
19864.50000 0.194615
19865.71094 0.194671
19866.92969 0.194727
19868.14062 0.194783
19869.35938 0.194839
19870.57031 0.194895
19871.78906 0.194951
19873.00977 0.195007
19874.22070 0.195063
19875.43945 0.19512
19876.66016 0.195176
19877.86914 0.195232
19879.08984 0.195288
19880.30078 0.195353
19881.51953 0.195445
19882.74023 0.195537
19883.94922 0.195629
19885.16992 0.195721
19886.39062 0.195813
19887.59961 0.195905
19888.82031 0.195998
19890.03906 0.19609
19891.25977 0.196182
19892.47070 0.196274
19893.68945 0.196366
19894.91016 0.196459
19896.13086 0.196551
19897.33984 0.196643
19898.56055 0.196735
19899.77930 0.196828
19900.99023 0.196918
19902.21094 0.197007
19903.42969 0.197097
19904.65039 0.197186
19905.86914 0.197276
19907.08008 0.197365
19908.30078 0.197455
19909.51953 0.197544
19910.74023 0.197634
19911.96094 0.197723
19913.17969 0.197813
19914.39062 0.197903
19915.60938 0.197992
19916.83008 0.198082
19918.05078 0.198172
19919.26953 0.198261
19920.49023 0.198358
19921.71094 0.198466
19922.92969 0.198574
19924.14062 0.198682
19925.35938 0.198789
19926.58008 0.198898
19927.80078 0.199005
19929.01953 0.199113
19930.24023 0.199221
19931.46094 0.199329
19932.67969 0.199437
19933.90039 0.199545
19935.11914 0.199653
19936.33984 0.199761
19937.56055 0.199869
19938.77930 0.199977
19940.00000 0.200085
19941.22070 0.200211
19942.43945 0.200338
19943.66016 0.200464
19944.88086 0.20059
19946.09961 0.200716
19947.32031 0.200843
19948.53906 0.200969
19949.75977 0.201095
19950.98047 0.201222
19952.21094 0.201348
19953.42969 0.201475
19954.65039 0.201601
19955.86914 0.201728
19957.08984 0.201854
19958.31055 0.201981
19959.52930 0.202107
19960.75000 0.202223
19961.97070 0.202331
19963.19922 0.20244
19964.41992 0.202548
19965.64062 0.202657
19966.85938 0.202765
19968.08008 0.202874
19969.30078 0.202983
19970.52930 0.203092
19971.75000 0.2032
19972.97070 0.203309
19974.18945 0.203418
