threeML/data/optical_filters/HST/NICMOS1-F166N.ecsv
# %ECSV 0.9
# ---
# datatype:
# - {name: wavelength, unit: Angstrom, datatype: float32}
# - {name: response, datatype: float32}
# meta: !!omap
# - {band_name: F166N}
# - {group_name: NICMOS1}
wavelength response
14757.98340 0.0
16397.75977 0.000402
16397.91992 0.000417
16398.08008 0.000439
16398.25000 0.000467
16398.41016 0.000495
16398.57031 0.000523
16398.74023 0.000551
16398.90039 0.000579
16399.06055 0.000606
16399.23047 0.000634
16399.39062 0.000662
16399.55078 0.00069
16399.72070 0.000718
16399.88086 0.000746
16400.03906 0.000762
16400.21094 0.000747
16400.36914 0.000732
16400.53906 0.000717
16400.69922 0.000701
16400.85938 0.000686
16401.02930 0.000671
16401.18945 0.000656
16401.34961 0.00064
16401.51953 0.000625
16401.67969 0.00061
16401.83984 0.000595
16402.00977 0.00058
16402.16992 0.000584
16402.33008 0.000588
16402.50000 0.000592
16402.66016 0.000596
16402.82031 0.0006
16402.99023 0.000604
16403.15039 0.000607
16403.32031 0.000611
16403.48047 0.000615
16403.64062 0.000619
16403.81055 0.000623
16403.97070 0.000627
16404.13086 0.000629
16404.30078 0.00063
16404.46094 0.000631
16404.63086 0.000633
16404.78906 0.000634
16404.94922 0.000635
16405.11914 0.000637
16405.27930 0.000638
16405.43945 0.00064
16405.60938 0.000641
16405.76953 0.000642
16405.92969 0.000644
16406.09961 0.000647
16406.25977 0.000651
16406.41992 0.000655
16406.58984 0.000659
16406.75000 0.000663
16406.91016 0.000667
16407.08008 0.000671
16407.24023 0.000675
16407.41016 0.000679
16407.57031 0.000683
16407.73047 0.000687
16407.90039 0.000691
16408.06055 0.000692
16408.22070 0.000687
16408.39062 0.000681
16408.55078 0.000676
16408.71094 0.000671
16408.88086 0.000666
16409.03906 0.000661
16409.21094 0.000655
16409.36914 0.00065
16409.52930 0.000645
16409.69922 0.00064
16409.85938 0.000634
16410.01953 0.00063
16410.18945 0.000633
16410.34961 0.000635
16410.50977 0.000638
16410.67969 0.000641
16410.83984 0.000643
16411.00977 0.000646
16411.16992 0.000649
16411.33008 0.000651
16411.50000 0.000654
16411.66016 0.000657
16411.82031 0.000659
16411.99023 0.000662
16412.15039 0.000672
16412.31055 0.000682
16412.48047 0.000693
16412.64062 0.000703
16412.80078 0.000714
16412.97070 0.000724
16413.13086 0.000735
16413.30078 0.000745
16413.46094 0.000756
16413.61914 0.000766
16413.78906 0.000777
16413.94922 0.000788
16414.11914 0.000785
16414.27930 0.000778
16414.43945 0.00077
16414.60938 0.000762
16414.76953 0.000755
16414.92969 0.000747
16415.09961 0.000739
16415.25977 0.000732
16415.41992 0.000724
16415.58984 0.000716
16415.75000 0.000709
16415.91992 0.000701
16416.08008 0.000701
16416.24023 0.00071
16416.41016 0.000719
16416.57031 0.000728
16416.73047 0.000737
16416.90039 0.000746
16417.06055 0.000755
16417.22070 0.000764
16417.39062 0.000773
16417.55078 0.000782
16417.72070 0.000791
16417.88086 0.0008
16418.03906 0.000808
16418.21094 0.000813
16418.36914 0.000819
16418.53906 0.000825
16418.69922 0.00083
16418.85938 0.000836
16419.02930 0.000841
16419.18945 0.000847
16419.34961 0.000852
16419.51953 0.000858
16419.67969 0.000863
16419.83984 0.000869
16420.00977 0.000875
16420.16992 0.000893
16420.33984 0.000911
16420.50000 0.000929
16420.66016 0.000947
16420.83008 0.000965
16420.99023 0.000983
16421.15039 0.001001
16421.32031 0.001019
16421.48047 0.001037
16421.65039 0.001055
16421.81055 0.001073
16421.97070 0.00109
16422.14062 0.001086
16422.30078 0.001077
16422.46094 0.001068
16422.63086 0.001059
16422.78906 0.00105
16422.96094 0.001041
16423.11914 0.001032
16423.27930 0.001023
16423.44922 0.001014
16423.60938 0.001005
16423.77930 0.000996
16423.93945 0.000987
16424.09961 0.000979
16424.26953 0.000971
16424.42969 0.000964
16424.58984 0.000956
16424.75977 0.000949
16424.91992 0.000941
16425.08984 0.000933
16425.25000 0.000926
16425.41016 0.000918
16425.58008 0.000911
16425.74023 0.000903
16425.90039 0.000896
16426.07031 0.000903
16426.23047 0.000932
16426.39062 0.00096
16426.56055 0.000988
16426.72070 0.001017
16426.89062 0.001045
16427.05078 0.001074
16427.21094 0.001102
16427.38086 0.001131
16427.53906 0.001159
16427.71094 0.001187
16427.86914 0.001216
16428.02930 0.001236
16428.19922 0.001226
16428.35938 0.001216
16428.52930 0.001206
16428.68945 0.001196
16428.84961 0.001186
16429.01953 0.001176
16429.17969 0.001166
16429.33984 0.001156
16429.50977 0.001146
16429.66992 0.001136
16429.83984 0.001126
16430.00000 0.001116
16430.16016 0.001142
16430.33008 0.001168
16430.49023 0.001193
16430.65039 0.001219
16430.82031 0.001244
16430.98047 0.00127
16431.15039 0.001296
16431.31055 0.001321
16431.47070 0.001347
16431.64062 0.001373
16431.80078 0.001399
16431.96094 0.001424
16432.13086 0.001438
16432.28906 0.001449
16432.46094 0.001459
16432.61914 0.00147
16432.78906 0.001481
16432.94922 0.001492
16433.10938 0.001502
16433.27930 0.001513
16433.43945 0.001524
16433.59961 0.001535
16433.76953 0.001545
16433.92969 0.001556
16434.09961 0.001567
16434.25977 0.001579
16434.41992 0.001591
16434.58984 0.001603
16434.75000 0.001615
16434.91992 0.001626
16435.08008 0.001638
16435.24023 0.00165
16435.41016 0.001662
16435.57031 0.001673
16435.73047 0.001685
16435.90039 0.001697
16436.06055 0.001703
16436.23047 0.001701
16436.39062 0.001699
16436.55078 0.001697
16436.72070 0.001695
16436.88086 0.001693
16437.05078 0.001691
16437.21094 0.001689
16437.36914 0.001687
16437.53906 0.001685
16437.69922 0.001683
16437.86914 0.00168
16438.02930 0.001681
16438.18945 0.001696
16438.35938 0.00171
16438.51953 0.001724
16438.68945 0.001739
16438.84961 0.001753
16439.00977 0.001767
16439.17969 0.001782
16439.33984 0.001796
16439.50977 0.001811
16439.66992 0.001825
16439.83008 0.001839
16440.00000 0.001854
16440.16016 0.001861
16440.32031 0.001867
16440.49023 0.001874
16440.65039 0.001881
16440.82031 0.001888
16440.98047 0.001894
16441.14062 0.001901
16441.31055 0.001908
16441.47070 0.001915
16441.64062 0.001921
16441.80078 0.001928
16441.96094 0.001935
16442.13086 0.001935
16442.28906 0.001932
16442.46094 0.00193
16442.61914 0.001927
16442.77930 0.001925
16442.94922 0.001922
16443.10938 0.00192
16443.27930 0.001918
16443.43945 0.001915
16443.59961 0.001913
16443.76953 0.00191
16443.92969 0.001908
16444.09961 0.001922
16444.25977 0.001948
16444.41992 0.001975
16444.58984 0.002001
16444.75000 0.002027
16444.91992 0.002053
16445.08008 0.002079
16445.24023 0.002106
16445.41016 0.002132
16445.57031 0.002158
16445.74023 0.002184
16445.90039 0.00221
16446.06055 0.002231
16446.23047 0.002243
16446.39062 0.002255
16446.55078 0.002267
16446.72070 0.00228
16446.88086 0.002292
16447.05078 0.002304
16447.21094 0.002316
16447.38086 0.002328
16447.53906 0.00234
16447.69922 0.002352
16447.86914 0.002365
16448.02930 0.002376
16448.19922 0.002386
16448.35938 0.002396
16448.51953 0.002405
16448.68945 0.002415
16448.84961 0.002424
16449.01953 0.002434
16449.17969 0.002444
16449.33984 0.002453
16449.50977 0.002463
16449.66992 0.002472
16449.83984 0.002482
16450.00000 0.002492
16450.16016 0.002501
16450.33008 0.00251
16450.49023 0.00252
16450.66016 0.002529
16450.82031 0.002539
16450.98047 0.002548
16451.15039 0.002557
16451.31055 0.002567
16451.48047 0.002576
16451.64062 0.002585
16451.80078 0.002595
16451.97070 0.002604
16452.13086 0.002647
16452.30078 0.002699
16452.46094 0.00275
16452.63086 0.002801
16452.78906 0.002853
16452.94922 0.002904
16453.11914 0.002955
16453.27930 0.003007
16453.44922 0.003058
16453.60938 0.003109
16453.76953 0.003161
16453.93945 0.003212
16454.09961 0.003237
16454.26953 0.003246
16454.42969 0.003255
16454.58984 0.003264
16454.75977 0.003272
16454.91992 0.003281
16455.08984 0.00329
16455.25000 0.003299
16455.41016 0.003308
16455.58008 0.003317
16455.74023 0.003325
16455.91016 0.003334
16456.07031 0.003353
16456.23047 0.003385
16456.40039 0.003416
16456.56055 0.003448
16456.73047 0.00348
16456.89062 0.003512
16457.05078 0.003544
16457.22070 0.003575
16457.38086 0.003607
16457.55078 0.003639
16457.71094 0.003671
16457.86914 0.003703
16458.03906 0.003734
16458.19922 0.003763
16458.36914 0.003792
16458.52930 0.003822
16458.69922 0.003852
16458.85938 0.003881
16459.02930 0.00391
16459.18945 0.00394
16459.34961 0.003969
16459.51953 0.003998
16459.67969 0.004028
16459.84961 0.004057
16460.00977 0.004086
16460.16992 0.004102
16460.33984 0.004119
16460.50000 0.004135
16460.66992 0.004152
16460.83008 0.004168
16460.99023 0.004185
16461.16016 0.004201
16461.32031 0.004218
16461.49023 0.004234
16461.65039 0.004251
16461.81055 0.004267
16461.98047 0.004284
16462.14062 0.004325
16462.31055 0.00437
16462.47070 0.004416
16462.64062 0.004461
16462.80078 0.004507
16462.96094 0.004552
16463.13086 0.004597
16463.28906 0.004642
16463.46094 0.004688
16463.61914 0.004733
16463.78906 0.004778
16463.94922 0.004823
16464.10938 0.004868
16464.27930 0.004912
16464.43945 0.004955
16464.60938 0.004999
16464.76953 0.005043
16464.92969 0.005087
16465.09961 0.005131
16465.25977 0.005175
16465.42969 0.005219
16465.58984 0.005263
16465.75977 0.005307
16465.91992 0.005351
16466.08008 0.005394
16466.25000 0.005436
16466.41016 0.005478
16466.58008 0.00552
16466.74023 0.005562
16466.90039 0.005604
16467.07031 0.005646
16467.23047 0.005688
16467.40039 0.00573
16467.56055 0.005772
16467.73047 0.005815
16467.89062 0.005857
16468.05078 0.0059
16468.22070 0.005944
16468.38086 0.005988
16468.55078 0.006032
16468.71094 0.006077
16468.86914 0.006121
16469.03906 0.006165
16469.19922 0.00621
16469.36914 0.006254
16469.52930 0.006298
16469.69922 0.006343
16469.85938 0.006387
16470.02930 0.006432
16470.18945 0.006483
16470.34961 0.006533
16470.51953 0.006583
16470.67969 0.006633
16470.84961 0.006684
16471.00977 0.006734
16471.16992 0.006784
16471.33984 0.006835
16471.50000 0.006886
16471.66992 0.006936
16471.83008 0.006986
16472.00000 0.007036
16472.16016 0.007103
16472.32031 0.007169
16472.49023 0.007236
16472.65039 0.007302
16472.82031 0.007369
16472.98047 0.007435
16473.15039 0.007503
16473.31055 0.007569
16473.47070 0.007636
16473.64062 0.007703
16473.80078 0.007769
16473.97070 0.007836
16474.13086 0.007893
16474.28906 0.007949
16474.46094 0.008004
16474.63086 0.00806
16474.78906 0.008115
16474.94922 0.008171
16475.11914 0.008226
16475.27930 0.008282
16475.44922 0.008337
16475.60938 0.008392
16475.76953 0.008448
16475.93945 0.008503
16476.09961 0.008573
16476.26953 0.008651
16476.42969 0.008729
16476.59961 0.008807
16476.75977 0.008885
16476.91992 0.008963
16477.08984 0.009041
16477.25000 0.009119
16477.41992 0.009198
16477.58008 0.009276
16477.75000 0.009354
16477.91016 0.009432
16478.07031 0.009521
16478.24023 0.009623
16478.40039 0.009725
16478.57031 0.009826
16478.73047 0.009929
16478.90039 0.010031
16479.06055 0.010133
16479.22070 0.010234
16479.39062 0.010336
16479.55078 0.010438
16479.72070 0.01054
16479.88086 0.010643
16480.05078 0.010739
16480.21094 0.010823
16480.36914 0.010906
16480.53906 0.010989
16480.69922 0.011073
16480.86914 0.011156
16481.02930 0.01124
16481.19922 0.011324
16481.35938 0.011407
16481.52930 0.011491
16481.68945 0.011574
16481.84961 0.011657
16482.01953 0.011745
16482.17969 0.011863
16482.34961 0.01198
16482.50977 0.012098
16482.67969 0.012215
16482.83984 0.012332
16483.00000 0.012449
16483.16992 0.012568
16483.33008 0.012685
16483.50000 0.012803
16483.66016 0.01292
16483.83008 0.013037
16483.99023 0.013154
16484.16016 0.013269
16484.32031 0.013383
16484.48047 0.013496
16484.65039 0.01361
16484.81055 0.013723
16484.98047 0.013837
16485.14062 0.01395
16485.31055 0.014065
16485.47070 0.014179
16485.63086 0.014292
16485.80078 0.014406
16485.96094 0.014519
16486.13086 0.014664
16486.28906 0.014815
16486.46094 0.014967
16486.61914 0.015118
16486.78906 0.01527
16486.94922 0.015421
16487.11914 0.015575
16487.27930 0.015726
16487.43945 0.015878
16487.60938 0.016029
16487.76953 0.016181
16487.93945 0.016333
16488.09961 0.016471
16488.26953 0.016598
16488.42969 0.016725
16488.58984 0.016852
16488.75977 0.01698
16488.91992 0.017108
16489.08984 0.017236
16489.25000 0.017363
16489.41992 0.01749
16489.58008 0.017618
16489.74023 0.017745
16489.91016 0.017874
16490.07031 0.018033
16490.24023 0.018231
16490.40039 0.018429
16490.57031 0.018628
16490.73047 0.018828
16490.90039 0.019027
16491.06055 0.019225
16491.22070 0.019423
16491.39062 0.019622
16491.55078 0.019822
16491.72070 0.020021
16491.88086 0.020219
16492.05078 0.020416
16492.21094 0.02061
16492.38086 0.020806
16492.53906 0.021
16492.71094 0.021194
16492.86914 0.021389
16493.02930 0.021583
16493.19922 0.021779
16493.35938 0.021973
16493.52930 0.022167
16493.68945 0.022361
16493.85938 0.022558
16494.01953 0.022759
16494.18945 0.023006
16494.34961 0.023254
16494.50977 0.023501
16494.67969 0.023751
16494.83984 0.023999
16495.00977 0.024246
16495.16992 0.024494
16495.33984 0.024741
16495.50000 0.024992
16495.66992 0.025239
16495.83008 0.025486
16495.99023 0.025734
16496.16016 0.025999
16496.32031 0.026262
16496.49023 0.026525
16496.65039 0.026787
16496.82031 0.02705
16496.98047 0.027316
16497.15039 0.027578
16497.31055 0.027841
16497.47070 0.028104
16497.64062 0.02837
16497.80078 0.028633
16497.97070 0.028895
16498.13086 0.0292
16498.30078 0.029519
16498.46094 0.029834
16498.63086 0.030149
16498.78906 0.030463
16498.96094 0.030778
16499.11914 0.031097
16499.28906 0.031412
16499.44922 0.031727
16499.60938 0.032042
16499.77930 0.03236
16499.93945 0.032675
16500.10938 0.03297
16500.26953 0.033254
16500.43945 0.033542
16500.59961 0.033826
16500.76953 0.03411
16500.92969 0.034395
16501.09961 0.034682
16501.25977 0.034966
16501.41992 0.035251
16501.58984 0.035535
16501.75000 0.035823
16501.91992 0.036107
16502.08008 0.036434
16502.25000 0.036803
16502.41016 0.037177
16502.58008 0.037547
16502.74023 0.037917
16502.90039 0.038286
16503.07031 0.03866
16503.23047 0.03903
16503.40039 0.039399
16503.56055 0.039769
16503.73047 0.040143
16503.89062 0.040513
16504.06055 0.04092
16504.22070 0.041403
16504.39062 0.04188
16504.55078 0.042358
16504.71094 0.042835
16504.88086 0.043318
16505.03906 0.043795
16505.21094 0.044273
16505.36914 0.04475
16505.53906 0.045233
16505.69922 0.045711
16505.86914 0.046188
16506.02930 0.046648
16506.19922 0.047036
16506.35938 0.047419
16506.52930 0.047802
16506.68945 0.04819
16506.85938 0.048574
16507.01953 0.048957
16507.17969 0.04934
16507.34961 0.049728
16507.50977 0.050112
16507.67969 0.050495
16507.83984 0.050883
16508.00977 0.051275
16508.16992 0.051827
16508.33984 0.05238
16508.50000 0.052939
16508.66992 0.053492
16508.83008 0.054044
16509.00000 0.054603
16509.16016 0.055156
16509.32031 0.055709
16509.49023 0.056262
16509.65039 0.056821
16509.82031 0.057374
16509.98047 0.057927
16510.15039 0.058451
16510.31055 0.058964
16510.48047 0.059478
16510.64062 0.059992
16510.81055 0.060512
16510.97070 0.061026
16511.13086 0.061539
16511.30078 0.062059
16511.46094 0.062573
16511.63086 0.063087
16511.78906 0.063607
16511.96094 0.064121
16512.11914 0.064787
16512.28906 0.065503
16512.44922 0.066228
16512.61914 0.066944
16512.77930 0.06766
16512.94922 0.068385
16513.10938 0.069102
16513.27930 0.069818
16513.43945 0.070543
16513.60938 0.07126
16513.76953 0.071976
16513.93945 0.072701
16514.09961 0.073371
16514.25977 0.074011
16514.42969 0.074651
16514.58984 0.075299
16514.75977 0.075939
16514.91992 0.076578
16515.08984 0.077226
16515.25000 0.077866
16515.41992 0.078506
16515.58008 0.079154
16515.75000 0.079794
16515.91016 0.080434
16516.08008 0.081157
16516.24023 0.081959
16516.40039 0.082761
16516.57031 0.083573
16516.73047 0.084375
16516.90039 0.085177
16517.06055 0.085989
16517.23047 0.086791
16517.39062 0.087594
16517.56055 0.088406
16517.72070 0.089208
16517.89062 0.09001
16518.05078 0.090782
16518.22070 0.091457
16518.38086 0.092132
16518.55078 0.092815
16518.71094 0.093491
16518.88086 0.094166
16519.03906 0.094849
16519.21094 0.095525
16519.36914 0.0962
16519.53906 0.096884
16519.69922 0.097559
16519.85938 0.098235
16520.02930 0.098946
16520.18945 0.099774
16520.35938 0.100601
16520.51953 0.101439
16520.68945 0.102267
16520.84961 0.103095
16521.01953 0.103933
16521.17969 0.104761
16521.34961 0.105599
16521.50977 0.106427
16521.67969 0.107256
16521.83984 0.108094
16522.00977 0.10892
16522.16992 0.109679
16522.33984 0.110448
16522.50000 0.111208
16522.66016 0.111968
16522.83008 0.112738
16522.99023 0.113498
