threeML/data/optical_filters/HST/NICMOS3-F222M.ecsv
# %ECSV 0.9
# ---
# datatype:
# - {name: wavelength, unit: Angstrom, datatype: float32}
# - {name: response, datatype: float32}
# meta: !!omap
# - {band_name: F222M}
# - {group_name: NICMOS3}
wavelength response
[from data line 8426]
23411.82031 0.015136
23412.18945 0.015066
23412.56055 0.014944
23412.92969 0.014822
23413.30078 0.0147
23413.66992 0.014577
23414.03906 0.014473
23414.41016 0.014525
23414.77930 0.014576
23415.15039 0.014628
23415.51953 0.014679
23415.88086 0.014731
23416.25000 0.014844
23416.61914 0.014984
23416.99023 0.015125
23417.35938 0.015266
23417.73047 0.015406
23418.09961 0.015469
23418.47070 0.015325
23418.83984 0.015182
23419.21094 0.015039
23419.58008 0.014895
23419.94922 0.014751
23420.32031 0.014771
23420.68945 0.014818
23421.06055 0.014864
23421.42969 0.014911
23421.78906 0.014957
23422.16992 0.014927
23422.53906 0.014803
23422.90039 0.014678
23423.26953 0.014554
23423.64062 0.01443
23424.00977 0.014305
23424.38086 0.01417
23424.75000 0.014035
23425.11914 0.0139
23425.49023 0.013766
23425.85938 0.013631
23426.23047 0.013609
23426.59961 0.013657
23426.97070 0.013705
23427.33984 0.013753
23427.71094 0.0138
23428.08008 0.013855
23428.44922 0.013932
23428.82031 0.014009
23429.18945 0.014086
23429.55078 0.014163
23429.92969 0.014241
23430.28906 0.014217
23430.66016 0.014167
23431.02930 0.014117
23431.40039 0.014067
23431.76953 0.014017
23432.14062 0.013969
23432.50977 0.013923
23432.88086 0.013877
23433.25000 0.013831
23433.61914 0.013785
23433.99023 0.013739
23434.35938 0.013729
23434.73047 0.013721
23435.09961 0.013712
23435.47070 0.013703
23435.83984 0.013694
23436.21094 0.013712
23436.58008 0.01375
23436.94922 0.013788
23437.32031 0.013826
23437.68945 0.013863
23438.06055 0.013868
23438.42969 0.013692
23438.80078 0.013517
23439.16992 0.013341
23439.53906 0.013164
23439.91016 0.012989
23440.27930 0.012982
23440.65039 0.013034
23441.01953 0.013085
23441.38086 0.013137
23441.75977 0.013188
23442.13086 0.013222
23442.49023 0.013222
23442.86914 0.013221
23443.23047 0.013221
23443.59961 0.013221
23443.97070 0.01322
23444.33984 0.01333
23444.71094 0.013447
23445.08008 0.013565
23445.44922 0.013683
23445.82031 0.0138
23446.18945 0.01381
23446.56055 0.013721
23446.92969 0.013631
23447.30078 0.013541
23447.66992 0.013452
23448.03906 0.013355
23448.41016 0.013206
23448.77930 0.013057
23449.15039 0.012907
23449.51953 0.012758
23449.89062 0.012608
23450.25977 0.012593
23450.63086 0.012632
23451.00000 0.012672
23451.36914 0.012712
23451.74023 0.012752
23452.10938 0.012776
23452.48047 0.012763
23452.84961 0.012751
23453.22070 0.012739
23453.58984 0.012727
23453.96094 0.012714
23454.33008 0.012659
23454.69922 0.012599
23455.07031 0.012539
23455.43945 0.012479
23455.81055 0.012419
23456.17969 0.012406
23456.55078 0.012444
23456.91992 0.012481
23457.28906 0.012518
23457.66016 0.012556
23458.02930 0.012589
23458.40039 0.012573
23458.76953 0.012558
23459.14062 0.012543
23459.50977 0.012527
23459.88086 0.012512
23460.25000 0.012559
23460.61914 0.012636
23460.99023 0.012713
23461.35938 0.012789
23461.73047 0.012866
23462.09961 0.012884
23462.47070 0.012747
23462.83984 0.01261
23463.21094 0.012472
23463.58008 0.012336
23463.94922 0.012198
23464.32031 0.012108
23464.68945 0.012023
23465.06055 0.011939
23465.42969 0.011855
23465.80078 0.011771
23466.16992 0.01176
23466.53906 0.011833
23466.91016 0.011905
23467.27930 0.011977
23467.65039 0.01205
23468.01953 0.012104
23468.39062 0.011891
23468.75977 0.01168
23469.13086 0.011467
23469.50000 0.011256
23469.88086 0.011043
23470.25000 0.011076
23470.61914 0.011232
23470.99023 0.011389
23471.35938 0.011545
23471.73047 0.011702
23472.09961 0.011825
23472.47070 0.01185
23472.83984 0.011875
23473.21094 0.011901
23473.58008 0.011926
23473.94922 0.011951
23474.32031 0.011925
23474.68945 0.011889
23475.06055 0.011854
23475.42969 0.011818
23475.80078 0.011783
23476.16992 0.011744
23476.53906 0.011701
23476.91016 0.011657
23477.27930 0.011614
23477.65039 0.01157
23478.01953 0.011528
23478.39062 0.011512
23478.75977 0.011496
23479.13086 0.01148
23479.50000 0.011464
23479.86914 0.011448
23480.24023 0.011357
23480.60938 0.011229
23480.98047 0.0111
23481.35938 0.010971
23481.72070 0.010843
23482.09961 0.010763
23482.47070 0.010826
23482.83984 0.010889
23483.21094 0.010952
23483.58008 0.011015
23483.94922 0.011077
23484.32031 0.011026
23484.68945 0.010955
23485.06055 0.010885
23485.42969 0.010815
23485.80078 0.010745
23486.16992 0.010827
23486.53906 0.01109
23486.91016 0.011352
23487.27930 0.011614
23487.65039 0.011876
23488.01953 0.012106
23488.39062 0.011855
23488.75977 0.011601
23489.13086 0.011348
23489.50977 0.011095
23489.88086 0.010843
23490.25000 0.010713
23490.61914 0.010645
23490.99023 0.010577
23491.35938 0.010509
23491.73047 0.010441
23492.09961 0.010426
23492.47070 0.010553
23492.83984 0.010681
23493.21094 0.010809
23493.58008 0.010937
23493.94922 0.011064
23494.32031 0.011069
23494.68945 0.011056
23495.06055 0.011043
23495.42969 0.011029
23495.80078 0.011016
23496.17969 0.010941
23496.55078 0.010796
23496.91992 0.010652
23497.28906 0.010507
23497.66016 0.010362
23498.02930 0.010243
23498.40039 0.010414
23498.76953 0.010587
23499.14062 0.010759
23499.50977 0.010932
23499.88086 0.011105
23500.25000 0.011163
23500.61914 0.011167
23500.99023 0.011172
23501.36914 0.011177
23501.74023 0.011181
23502.10938 0.011167
23502.48047 0.011106
23502.84961 0.011045
23503.22070 0.010984
23503.58984 0.010922
23503.96094 0.010861
23504.33008 0.010901
23504.69922 0.010953
23505.07031 0.011005
23505.43945 0.011058
23505.81055 0.01111
23506.18945 0.011031
23506.55078 0.010823
23506.92969 0.010614
23507.30078 0.010404
23507.66992 0.010195
23508.03906 0.010004
23508.41016 0.009968
23508.77930 0.009933
23509.15039 0.009897
23509.51953 0.009862
23509.89062 0.009826
23510.25977 0.009825
23510.63086 0.009837
23511.00977 0.00985
23511.38086 0.009863
23511.75000 0.009875
23512.11914 0.009926
23512.49023 0.010055
23512.85938 0.010185
23513.23047 0.010315
23513.59961 0.010445
23513.97070 0.010575
23514.33984 0.010465
23514.71094 0.010336
23515.08984 0.010207
23515.46094 0.010078
23515.83008 0.009949
23516.19922 0.009865
23516.57031 0.009821
23516.93945 0.009776
23517.31055 0.009731
23517.67969 0.009687
23518.05078 0.00967
23518.41992 0.009822
23518.78906 0.009974
23519.16992 0.010126
23519.53906 0.010278
23519.91016 0.01043
23520.27930 0.010345
23520.65039 0.010182
23521.01953 0.010019
23521.39062 0.009857
23521.75977 0.009694
23522.13086 0.009538
23522.50977 0.009395
23522.88086 0.009251
23523.25000 0.009108
23523.61914 0.008965
23523.99023 0.008821
23524.35938 0.00909
23524.73047 0.00937
23525.09961 0.009651
23525.47070 0.009931
23525.84961 0.010211
23526.22070 0.010222
23526.58984 0.010043
23526.96094 0.009863
23527.33008 0.009683
23527.69922 0.009503
23528.07031 0.00939
23528.43945 0.009557
23528.81055 0.009723
23529.18945 0.00989
23529.56055 0.010056
23529.92969 0.010222
23530.30078 0.010117
23530.66992 0.009945
23531.03906 0.009774
23531.41016 0.009603
23531.77930 0.009431
23532.15039 0.009388
23532.52930 0.009524
23532.90039 0.00966
23533.26953 0.009796
23533.64062 0.009932
23534.00977 0.010062
23534.38086 0.00999
23534.75000 0.009917
23535.11914 0.009845
23535.50000 0.009772
23535.86914 0.0097
23536.24023 0.009665
23536.60938 0.009651
23536.98047 0.009638
23537.34961 0.009624
23537.72070 0.00961
23538.08984 0.009554
23538.47070 0.00937
23538.83984 0.009187
23539.21094 0.009004
23539.58008 0.00882
23539.94922 0.008637
23540.32031 0.008828
23540.68945 0.009075
23541.06055 0.009322
23541.43945 0.009569
23541.81055 0.009817
23542.17969 0.009907
23542.55078 0.00983
23542.91992 0.009754
23543.28906 0.009677
23543.66016 0.0096
23544.03906 0.009528
23544.41016 0.009497
23544.77930 0.009466
23545.15039 0.009436
23545.51953 0.009405
23545.89062 0.009375
23546.25977 0.009274
23546.64062 0.009144
23547.00977 0.009015
23547.38086 0.008886
23547.75000 0.008757
23548.11914 0.008682
23548.49023 0.008719
23548.86914 0.008756
23549.24023 0.008792
23549.60938 0.008829
23549.98047 0.008866
23550.34961 0.00906
23550.72070 0.009264
23551.08984 0.009467
23551.46094 0.00967
23551.83984 0.009873
23552.21094 0.00979
23552.58008 0.009484
23552.94922 0.009177
23553.32031 0.008871
23553.68945 0.008565
23554.07031 0.008328
23554.43945 0.008418
23554.81055 0.008509
23555.17969 0.008599
23555.55078 0.008691
23555.91992 0.008781
23556.28906 0.008826
23556.66992 0.008858
23557.03906 0.00889
23557.41016 0.008923
23557.77930 0.008955
23558.15039 0.008929
23558.52930 0.008817
23558.90039 0.008705
23559.26953 0.008594
23559.64062 0.008482
23560.00977 0.008372
23560.38086 0.008275
23560.75000 0.008178
23561.13086 0.008081
23561.50000 0.007984
23561.86914 0.007887
23562.24023 0.007953
23562.60938 0.008106
23562.98047 0.00826
23563.35938 0.008413
23563.73047 0.008568
23564.09961 0.008653
23564.47070 0.008551
23564.83984 0.008448
23565.21094 0.008346
23565.58984 0.008244
23565.96094 0.008142
23566.33008 0.008391
23566.69922 0.008685
23567.07031 0.00898
23567.44922 0.009273
23567.82031 0.009567
23568.18945 0.009577
23568.56055 0.009312
23568.92969 0.009047
23569.30078 0.008781
23569.67969 0.008516
23570.05078 0.008284
23570.41992 0.008277
23570.78906 0.00827
23571.16016 0.008263
23571.53906 0.008256
23571.91016 0.008249
23572.27930 0.008318
23572.65039 0.008412
23573.01953 0.008506
23573.39062 0.0086
23573.76953 0.008694
23574.14062 0.008807
23574.50977 0.00895
23574.88086 0.009093
23575.25000 0.009237
23575.61914 0.00938
23576.00000 0.009524
23576.36914 0.009025
23576.74023 0.008523
23577.10938 0.008018
23577.48047 0.007515
23577.85938 0.00701
23578.23047 0.006987
23578.59961 0.007264
23578.97070 0.00754
23579.33984 0.007815
23579.72070 0.008093
23580.08984 0.00833
23580.46094 0.008443
23580.83008 0.008555
23581.21094 0.008668
23581.58008 0.008781
23581.94922 0.008894
23582.32031 0.00882
23582.68945 0.008716
23583.06055 0.008612
23583.43945 0.008509
23583.81055 0.008405
23584.17969 0.008224
23584.55078 0.007958
23584.91992 0.007694
23585.30078 0.007428
23585.66992 0.007164
23586.03906 0.00692
23586.41016 0.006854
23586.78906 0.006788
23587.16016 0.006721
23587.52930 0.006655
23587.90039 0.006589
23588.26953 0.006638
23588.64062 0.006728
23589.01953 0.006818
23589.39062 0.006909
23589.75977 0.006999
23590.13086 0.007124
23590.50977 0.007312
23590.88086 0.007498
23591.25000 0.007686
23591.61914 0.007874
23591.99023 0.00806
23592.36914 0.007899
23592.74023 0.007733
23593.10938 0.007566
23593.48047 0.0074
23593.85938 0.007233
23594.23047 0.007098
23594.59961 0.006981
23594.97070 0.006866
23595.33984 0.006749
23595.72070 0.006633
23596.08984 0.006593
23596.46094 0.006797
23596.83008 0.007
23597.21094 0.007204
23597.58008 0.007408
23597.94922 0.007612
23598.32031 0.007505
23598.68945 0.007351
23599.07031 0.007195
23599.43945 0.007041
23599.81055 0.006885
23600.17969 0.006927
23600.55078 0.007172
23600.92969 0.007419
23601.30078 0.007664
23601.66992 0.00791
23602.03906 0.008117
23602.41992 0.008035
23602.78906 0.007953
23603.16016 0.007872
23603.52930 0.00779
23603.91016 0.007708
23604.27930 0.007467
23604.65039 0.007173
23605.01953 0.006878
23605.39062 0.006584
23605.76953 0.006289
23606.14062 0.006145
23606.50977 0.006249
23606.88086 0.006355
23607.25977 0.00646
23607.63086 0.006565
23608.00000 0.006669
23608.38086 0.006573
23608.75000 0.006477
23609.11914 0.006381
23609.49023 0.006285
23609.85938 0.00619
23610.24023 0.006152
23610.60938 0.006149
23610.98047 0.006145
23611.34961 0.006142
23611.73047 0.006138
23612.09961 0.006169
23612.47070 0.006295
23612.83984 0.006422
23613.22070 0.006549
23613.58984 0.006675
23613.96094 0.006801
23614.33008 0.006794
23614.71094 0.006771
23615.08008 0.006748
23615.44922 0.006724
23615.82031 0.006701
23616.19922 0.006803
23616.57031 0.00702
23616.93945 0.007236
23617.31055 0.007452
23617.68945 0.007667
23618.06055 0.007825
23618.42969 0.007669
23618.80078 0.007512
23619.17969 0.007357
23619.55078 0.0072
23619.91992 0.007044
23620.28906 0.007044
23620.66992 0.007085
23621.03906 0.007127
23621.41016 0.007168
23621.78906 0.007209
23622.16016 0.007155
23622.52930 0.006972
23622.90039 0.006787
23623.27930 0.006603
23623.65039 0.006418
23624.01953 0.006251
23624.39062 0.00637
23624.76953 0.006489
23625.14062 0.006608
23625.50977 0.006727
23625.88086 0.006846
23626.25977 0.006796
23626.63086 0.006669
23627.00000 0.006543
23627.38086 0.006417
23627.75000 0.00629
23628.11914 0.006231
23628.49023 0.006311
23628.86914 0.006391
23629.24023 0.006471
23629.60938 0.006551
23629.98047 0.006631
23630.35938 0.006613
23630.73047 0.006589
23631.09961 0.006566
23631.47070 0.006543
23631.84961 0.00652
23632.22070 0.006396
23632.58984 0.006202
23632.97070 0.006008
23633.33984 0.005814
23633.71094 0.00562
23634.08008 0.005497
23634.46094 0.005617
23634.83008 0.005738
23635.19922 0.005858
23635.58008 0.005978
23635.94922 0.006098
23636.32031 0.006122
23636.68945 0.006131
23637.07031 0.00614
23637.43945 0.006149
23637.81055 0.006158
23638.18945 0.006042
23638.56055 0.005799
23638.92969 0.005557
23639.30078 0.005314
23639.67969 0.005072
23640.05078 0.004881
23640.41992 0.005019
23640.80078 0.005157
23641.16992 0.005294
23641.53906 0.005432
23641.91016 0.00557
23642.28906 0.005817
23642.66016 0.006096
23643.02930 0.006375
23643.41016 0.006655
23643.77930 0.006934
23644.15039 0.006938
23644.52930 0.006544
23644.90039 0.006149
23645.26953 0.005754
23645.64062 0.00536
23646.01953 0.004994
23646.39062 0.005214
23646.75977 0.005434
23647.14062 0.005654
23647.50977 0.005874
23647.88086 0.006094
23648.25977 0.006198
23648.63086 0.006248
23649.00000 0.006299
23649.38086 0.00635
23649.75000 0.006401
23650.11914 0.006441
23650.49023 0.00646
23650.86914 0.006479
23651.24023 0.006498
23651.60938 0.006517
23651.99023 0.006536
23652.35938 0.006454
23652.73047 0.006368
23653.10938 0.006282
23653.48047 0.006196
23653.84961 0.00611
23654.22070 0.006055
23654.59961 0.00602
23654.97070 0.005986
23655.33984 0.005951
23655.72070 0.005916
23656.08984 0.00586
23656.46094 0.005737
23656.83984 0.005614
23657.21094 0.005491
23657.58008 0.005368
23657.96094 0.005245
23658.33008 0.005206
23658.69922 0.005179
23659.08008 0.005152
23659.44922 0.005125
23659.82031 0.005098
23660.19922 0.005171
23660.57031 0.005335
23660.93945 0.005499
23661.31055 0.005664
23661.68945 0.005829
23662.06055 0.005954
23662.43945 0.005883
23662.81055 0.005813
23663.17969 0.005743
23663.55078 0.005672
23663.92969 0.005602
23664.30078 0.005555
23664.66992 0.005514
23665.05078 0.005473
23665.41992 0.005431
23665.78906 0.00539
23666.16992 0.005472
23666.53906 0.005703
23666.91016 0.005934
23667.28906 0.006166
23667.66016 0.006398
23668.03906 0.006583
23668.41016 0.006314
23668.77930 0.006046
23669.15039 0.005778
23669.52930 0.005509
23669.90039 0.005241
23670.27930 0.005086
23670.65039 0.004973
23671.01953 0.004859
23671.39062 0.004746
23671.76953 0.004633
23672.14062 0.004583
23672.51953 0.004638
23672.89062 0.004693
23673.25977 0.004747
23673.63086 0.004802
23674.00977 0.004865
23674.38086 0.005225
23674.75977 0.005586
23675.13086 0.005946
23675.50000 0.006306
23675.88086 0.006669
23676.25000 0.006565
23676.61914 0.006233
23677.00000 0.0059
23677.36914 0.005568
23677.74023 0.005234
23678.11914 0.004974
23678.49023 0.004873
23678.85938 0.004772
23679.24023 0.004671
23679.60938 0.00457
23679.98047 0.004469
23680.35938 0.004555
23680.73047 0.00465
23681.10938 0.004744
23681.48047 0.004838
23681.84961 0.004932
23682.23047 0.005035
23682.59961 0.005141
23682.97070 0.005248
23683.34961 0.005356
23683.72070 0.005463
23684.08984 0.005502
23684.47070 0.005338
23684.83984 0.005174
23685.21094 0.00501
23685.58984 0.004847
23685.96094 0.004682
23686.33984 0.004669
23686.71094 0.004672
23687.08008 0.004676
23687.46094 0.004679
23687.83008 0.004682
23688.19922 0.00461
23688.58008 0.004474
23688.94922 0.004339
23689.32031 0.004203
23689.69922 0.004067
23690.07031 0.004014
23690.44922 0.004303
23690.82031 0.004594
23691.18945 0.004884
23691.57031 0.005173
23691.93945 0.005465
23692.31055 0.005324
23692.68945 0.005103
23693.06055 0.00488
23693.43945 0.004659
23693.81055 0.004438
23694.17969 0.004346
23694.56055 0.004389
23694.92969 0.004433
23695.30078 0.004476
23695.67969 0.00452
23696.05078 0.00455
