threeML/data/optical_filters/HST/NICMOS3-F222M.ecsv
# %ECSV 0.9
# ---
# datatype:
# - {name: wavelength, unit: Angstrom, datatype: float32}
# - {name: response, datatype: float32}
# meta: !!omap
# - {band_name: F222M}
# - {group_name: NICMOS3}
wavelength response
[from data line 9193]
23696.80078 0.004449
23697.16992 0.004398
23697.55078 0.004348
23697.91992 0.004297
23698.28906 0.004315
23698.66992 0.004351
23699.03906 0.004387
23699.41992 0.004423
23699.78906 0.004459
23700.16016 0.004461
23700.53906 0.004419
23700.91016 0.004378
23701.28906 0.004336
23701.66016 0.004295
23702.02930 0.004264
23702.41016 0.004344
23702.77930 0.004423
23703.15039 0.004502
23703.52930 0.004581
23703.90039 0.00466
23704.27930 0.004851
23704.65039 0.005079
23705.02930 0.005309
23705.40039 0.005538
23705.76953 0.005767
23706.15039 0.005777
23706.51953 0.005448
23706.89062 0.005118
23707.26953 0.004789
23707.64062 0.004459
23708.01953 0.004143
23708.39062 0.004114
23708.75977 0.004085
23709.14062 0.004056
23709.50977 0.004027
23709.89062 0.003999
23710.25977 0.004169
23710.63086 0.004428
23711.00977 0.004685
23711.38086 0.004943
23711.75977 0.005201
23712.13086 0.005346
23712.50000 0.005278
23712.88086 0.005211
23713.25000 0.005144
23713.63086 0.005077
23714.00000 0.00501
23714.36914 0.004863
23714.75000 0.004717
23715.11914 0.00457
23715.50000 0.004423
23715.86914 0.004277
23716.25000 0.004284
23716.61914 0.00437
23716.99023 0.004457
23717.36914 0.004544
23717.74023 0.004631
23718.11914 0.004608
23718.49023 0.004338
23718.85938 0.00407
23719.24023 0.003801
23719.60938 0.003531
23719.99023 0.003263
23720.35938 0.003394
23720.73047 0.00354
23721.10938 0.003686
23721.48047 0.003832
23721.85938 0.003978
23722.23047 0.004002
23722.60938 0.003951
23722.98047 0.0039
23723.34961 0.003849
23723.73047 0.003797
23724.09961 0.003806
23724.48047 0.003971
23724.84961 0.004136
23725.22070 0.004301
23725.59961 0.004467
23725.97070 0.004633
23726.34961 0.004615
23726.72070 0.004585
23727.09961 0.004554
23727.47070 0.004523
23727.84961 0.004492
23728.22070 0.004345
23728.58984 0.004118
23728.97070 0.003889
23729.33984 0.003662
23729.72070 0.003433
23730.08984 0.003267
23730.46094 0.003295
23730.83984 0.003323
23731.21094 0.003352
23731.58984 0.00338
23731.96094 0.003408
23732.33984 0.003174
23732.71094 0.002912
23733.08984 0.002649
23733.46094 0.002386
23733.83008 0.002125
23734.21094 0.00211
23734.58008 0.002291
23734.96094 0.002473
23735.33008 0.002654
23735.71094 0.002836
23736.08008 0.003016
23736.46094 0.003187
23736.83008 0.003359
23737.21094 0.003531
23737.58008 0.003702
23737.94922 0.003873
23738.33008 0.00387
23738.69922 0.003841
23739.08008 0.003813
23739.44922 0.003784
23739.83008 0.003755
23740.19922 0.003756
23740.57031 0.003783
23740.94922 0.003809
23741.32031 0.003835
23741.69922 0.003862
23742.07031 0.003848
23742.44922 0.003666
23742.82031 0.003484
23743.19922 0.003302
23743.57031 0.00312
23743.94922 0.002938
23744.32031 0.003012
23744.69922 0.003129
23745.07031 0.003246
23745.43945 0.003363
23745.82031 0.003481
23746.18945 0.00364
23746.57031 0.003838
23746.93945 0.004038
23747.32031 0.004237
23747.68945 0.004436
23748.07031 0.004571
23748.43945 0.004406
23748.81055 0.00424
23749.18945 0.004075
23749.56055 0.003909
23749.93945 0.003743
23750.31055 0.003608
23750.68945 0.00348
23751.06055 0.00335
23751.43945 0.003221
23751.81055 0.003092
23752.18945 0.003133
23752.56055 0.003343
23752.93945 0.003555
23753.31055 0.003767
23753.68945 0.003978
23754.06055 0.004117
23754.43945 0.003879
23754.81055 0.00364
23755.17969 0.003403
23755.56055 0.003164
23755.92969 0.002926
23756.31055 0.00285
23756.67969 0.00281
23757.06055 0.002769
23757.42969 0.002729
23757.81055 0.002689
23758.17969 0.00271
23758.56055 0.002798
23758.92969 0.002885
23759.31055 0.002973
23759.67969 0.00306
23760.06055 0.003126
23760.42969 0.003066
23760.81055 0.003006
23761.17969 0.002946
23761.55078 0.002886
23761.92969 0.002826
23762.30078 0.002783
23762.67969 0.002744
23763.05078 0.002705
23763.42969 0.002666
23763.80078 0.002628
23764.17969 0.002682
23764.55078 0.002837
23764.92969 0.002992
23765.30078 0.003148
23765.67969 0.003303
23766.05078 0.003454
23766.42969 0.003576
23766.80078 0.003698
23767.17969 0.003821
23767.55078 0.003944
23767.92969 0.004066
23768.30078 0.003879
23768.67969 0.003619
23769.05078 0.003358
23769.42969 0.003097
23769.80078 0.002836
23770.17969 0.002687
23770.55078 0.002661
23770.92969 0.002636
23771.30078 0.002611
23771.67969 0.002586
23772.05078 0.002606
23772.42969 0.002903
23772.80078 0.003199
23773.17969 0.003495
23773.55078 0.003792
23773.92969 0.004088
23774.30078 0.004192
23774.67969 0.00425
23775.05078 0.004308
23775.42969 0.004366
23775.80078 0.004425
23776.17969 0.004141
23776.55078 0.003478
23776.92969 0.002815
23777.30078 0.002152
23777.67969 0.001489
23778.05078 0.000976
23778.42969 0.001381
23778.80078 0.001785
23779.17969 0.002189
23779.55078 0.002596
23779.92969 0.003
23780.30078 0.003001
23780.67969 0.002908
23781.05078 0.002816
23781.42969 0.002723
23781.80078 0.002631
23782.17969 0.002627
23782.55078 0.002719
23782.92969 0.00281
23783.30078 0.002902
23783.67969 0.002994
23784.05078 0.003114
23784.42969 0.003398
23784.81055 0.003684
23785.17969 0.003969
23785.56055 0.004253
23785.92969 0.004538
23786.31055 0.004246
23786.67969 0.003825
23787.06055 0.003404
23787.42969 0.002984
23787.81055 0.002563
23788.17969 0.002415
23788.56055 0.002557
23788.92969 0.002698
23789.31055 0.00284
23789.67969 0.002981
23790.06055 0.003096
23790.42969 0.00307
23790.81055 0.003045
23791.18945 0.003019
23791.56055 0.002993
23791.93945 0.002967
23792.31055 0.002876
23792.68945 0.002772
23793.06055 0.002667
23793.43945 0.002563
23793.81055 0.002458
23794.18945 0.002343
23794.56055 0.002217
23794.93945 0.002091
23795.31055 0.001965
23795.68945 0.001839
23796.06055 0.001747
23796.43945 0.001823
23796.81055 0.001899
23797.18945 0.001975
23797.57031 0.002052
23797.93945 0.002128
23798.32031 0.001999
23798.68945 0.001833
23799.07031 0.001666
23799.43945 0.001499
23799.82031 0.001333
23800.18945 0.001363
23800.57031 0.001579
23800.94922 0.001795
23801.32031 0.002011
23801.69922 0.002226
23802.07031 0.002387
23802.44922 0.00231
23802.82031 0.002233
23803.19922 0.002156
23803.57031 0.002079
23803.94922 0.002002
23804.32031 0.00218
23804.69922 0.002397
23805.07031 0.002615
23805.44922 0.002832
23805.83008 0.003051
23806.19922 0.003241
23806.58008 0.003408
23806.94922 0.003576
23807.33008 0.003743
23807.69922 0.003909
23808.08008 0.003957
23808.46094 0.003547
23808.83008 0.00314
23809.21094 0.002733
23809.58008 0.002324
23809.96094 0.001917
23810.33008 0.001935
23810.71094 0.002009
23811.08008 0.002083
23811.46094 0.002156
23811.83008 0.00223
23812.21094 0.002324
23812.58984 0.002435
23812.96094 0.002545
23813.33984 0.002656
23813.71094 0.002767
23814.08984 0.002797
23814.46094 0.002562
23814.83984 0.002328
23815.21094 0.002093
23815.58984 0.001858
23815.97070 0.001624
23816.33984 0.001623
23816.72070 0.001644
23817.08984 0.001665
23817.47070 0.001686
23817.84961 0.001707
23818.22070 0.001777
23818.59961 0.001881
23818.97070 0.001984
23819.34961 0.002087
23819.72070 0.002191
23820.09961 0.002143
23820.47070 0.001677
23820.84961 0.001209
23821.23047 0.000743
26203.35352 0.0
