threeML/data/optical_filters/HST/NICMOS3-F166N.ecsv
# %ECSV 0.9
# ---
# datatype:
# - {name: wavelength, unit: Angstrom, datatype: float32}
# - {name: response, datatype: float32}
# meta: !!omap
# - {band_name: F166N}
# - {group_name: NICMOS3}
wavelength response
[from data line 2298]
16744.59961 0.004127
16744.75977 0.004105
16744.92969 0.004083
16745.08984 0.004061
16745.25977 0.004039
16745.41992 0.004017
16745.58008 0.003995
16745.75000 0.003973
16745.91016 0.003951
16746.08008 0.003927
16746.24023 0.003901
16746.41016 0.003874
16746.57031 0.003848
16746.74023 0.003822
16746.90039 0.003795
16747.07031 0.003769
16747.23047 0.003742
16747.39062 0.003716
16747.56055 0.003689
16747.72070 0.003663
16747.89062 0.003637
16748.05078 0.003598
16748.22070 0.003535
16748.38086 0.003473
16748.55078 0.00341
16748.71094 0.003347
16748.88086 0.003284
16749.03906 0.003222
16749.21094 0.003158
16749.36914 0.003096
16749.53906 0.003033
16749.69922 0.00297
16749.86914 0.002907
16750.02930 0.002859
16750.18945 0.00288
16750.35938 0.002902
16750.51953 0.002923
16750.68945 0.002944
16750.84961 0.002965
16751.01953 0.002986
16751.17969 0.003007
16751.34961 0.003028
16751.50977 0.003049
16751.67969 0.00307
16751.83984 0.003091
16752.00977 0.00311
16752.16992 0.003081
16752.33008 0.003051
16752.50000 0.003021
16752.66016 0.002992
16752.83008 0.002962
16752.99023 0.002932
16753.16016 0.002902
16753.32031 0.002873
16753.49023 0.002843
16753.65039 0.002813
16753.82031 0.002784
16753.98047 0.002754
16754.15039 0.002761
16754.31055 0.002772
16754.48047 0.002784
16754.64062 0.002796
16754.80078 0.002807
16754.97070 0.002819
16755.13086 0.002831
16755.30078 0.002843
16755.46094 0.002854
16755.63086 0.002866
16755.78906 0.002878
16755.96094 0.002889
16756.11914 0.002882
16756.28906 0.002869
16756.44922 0.002855
16756.61914 0.002842
16756.77930 0.002829
16756.94922 0.002815
16757.10938 0.002802
16757.27930 0.002788
16757.43945 0.002775
16757.60938 0.002762
16757.76953 0.002748
16757.93945 0.002735
16758.09961 0.002698
16758.25977 0.002647
16758.42969 0.002594
16758.58984 0.002543
16758.75977 0.002491
16758.91992 0.002439
16759.08984 0.002388
16759.25000 0.002336
16759.41992 0.002284
16759.58008 0.002232
16759.75000 0.002181
16759.91016 0.002128
16760.08008 0.002107
16760.24023 0.002121
16760.41016 0.002134
16760.57031 0.002147
16760.74023 0.002161
16760.90039 0.002174
16761.06055 0.002188
16761.23047 0.002201
16761.39062 0.002215
16761.56055 0.002228
16761.72070 0.002242
16761.89062 0.002255
16762.05078 0.002258
16762.22070 0.002239
16762.38086 0.002221
16762.55078 0.002202
16762.71094 0.002183
16762.88086 0.002164
16763.03906 0.002145
16763.21094 0.002126
16763.36914 0.002107
16763.53906 0.002088
16763.69922 0.002069
16763.86914 0.00205
16764.02930 0.002034
16764.19922 0.002027
16764.35938 0.002021
16764.52930 0.002014
16764.68945 0.002007
16764.85938 0.002001
16765.01953 0.001994
16765.18945 0.001987
16765.34961 0.001981
16765.50977 0.001974
16765.67969 0.001967
16765.83984 0.001961
16766.00977 0.001954
16766.16992 0.001935
16766.33984 0.001917
16766.50000 0.001899
16766.66992 0.00188
16766.83008 0.001862
16767.00000 0.001844
16767.16016 0.001826
16767.33008 0.001807
16767.49023 0.001789
16767.66016 0.001771
16767.82031 0.001752
16767.99023 0.001734
16768.15039 0.001729
16768.32031 0.001726
16768.48047 0.001723
16768.65039 0.00172
16768.81055 0.001716
16768.97070 0.001713
16769.14062 0.00171
16769.30078 0.001707
16769.47070 0.001703
16769.63086 0.0017
16769.80078 0.001697
16769.96094 0.001694
16770.13086 0.001656
16770.28906 0.001608
16770.46094 0.001561
16770.61914 0.001514
16770.78906 0.001466
16770.94922 0.001419
16771.11914 0.001371
16771.27930 0.001324
16771.44922 0.001277
16771.60938 0.001229
16771.77930 0.001182
16771.93945 0.001134
16772.10938 0.00113
16772.26953 0.001149
16772.43945 0.001168
16772.59961 0.001186
16772.76953 0.001205
16772.92969 0.001224
16773.09961 0.001242
16773.25977 0.001261
16773.42969 0.00128
16773.58984 0.001298
16773.75977 0.001317
16773.91992 0.001336
16774.08984 0.001352
16774.25000 0.001365
16774.41992 0.001378
16774.58008 0.001392
16774.75000 0.001405
16774.91016 0.001419
16775.08008 0.001432
16775.24023 0.001445
16775.41016 0.001459
16775.57031 0.001472
16775.74023 0.001486
16775.90039 0.001499
16776.06055 0.001505
16776.23047 0.001498
16776.39062 0.001492
16776.56055 0.001485
16776.72070 0.001479
16776.89062 0.001472
16777.05078 0.001466
16777.22070 0.001459
16777.38086 0.001453
16777.55078 0.001446
16777.71094 0.00144
16777.88086 0.001433
16778.03906 0.001419
16778.21094 0.001386
16778.38086 0.001352
16778.53906 0.001318
16778.69922 0.001284
16778.86914 0.00125
16779.02930 0.001217
16779.19922 0.001183
16779.35938 0.001149
16779.52930 0.001115
16779.68945 0.001081
16779.85938 0.001047
16780.01953 0.00102
16780.18945 0.001034
16780.34961 0.001048
16780.51953 0.001061
16780.67969 0.001075
16780.84961 0.001088
16781.00977 0.001102
16781.17969 0.001115
16781.33984 0.001129
16781.50977 0.001143
16781.66992 0.001156
16781.83984 0.00117
16782.00000 0.001183
16782.16992 0.001159
16782.33008 0.001135
16782.50000 0.001111
16782.66016 0.001087
16782.83008 0.001063
16782.99023 0.00104
16783.16016 0.001016
16783.32031 0.000992
16783.49023 0.000968
16783.65039 0.000944
16783.82031 0.00092
16783.98047 0.000897
16784.15039 0.000896
16784.31055 0.000898
16784.48047 0.000899
16784.64062 0.000901
16784.81055 0.000903
16784.97070 0.000905
16785.14062 0.000907
16785.30078 0.000909
16785.47070 0.000911
16785.63086 0.000912
16785.80078 0.000914
16785.96094 0.000916
16786.13086 0.000909
16786.28906 0.000898
16786.46094 0.000888
16786.61914 0.000877
16786.78906 0.000867
16786.94922 0.000857
16787.11914 0.000846
16787.27930 0.000836
16787.44922 0.000826
16787.60938 0.000815
16787.77930 0.000805
16787.93945 0.000795
16788.10938 0.000793
16788.26953 0.000797
16788.43945 0.0008
16788.59961 0.000804
16788.76953 0.000808
16788.92969 0.000811
16789.09961 0.000815
16789.25977 0.000818
16789.42969 0.000822
16789.58984 0.000825
16789.75977 0.000829
16789.91992 0.000832
16790.08984 0.000829
16790.25000 0.000821
16790.41992 0.000812
16790.58008 0.000804
16790.75000 0.000795
16790.91016 0.000787
16791.08008 0.000778
16791.24023 0.00077
16791.41016 0.000761
16791.57031 0.000753
16791.74023 0.000744
16791.90039 0.000736
16792.07031 0.000717
16792.23047 0.000684
16792.40039 0.000652
16792.56055 0.000619
16792.73047 0.000586
16792.89062 0.000553
16793.06055 0.000521
16793.22070 0.000488
16793.39062 0.000455
16793.55078 0.000422
18472.90625 0.0
