threeML/data/optical_filters/HST/NICMOS1-F090M.ecsv
# %ECSV 0.9
# ---
# datatype:
# - {name: wavelength, unit: Angstrom, datatype: float32}
# - {name: response, datatype: float32}
# meta: !!omap
# - {band_name: F090M}
# - {group_name: NICMOS1}
wavelength response
[from data line 1609]
8412.39160 0.044359
8412.77148 0.044294
8413.15137 0.044228
8413.53223 0.044163
8413.91211 0.044097
8414.29297 0.044032
8414.67285 0.043966
8415.05371 0.043902
8415.43359 0.043846
8415.81445 0.043791
8416.19434 0.043735
8416.57520 0.043679
8416.95605 0.043624
8417.33594 0.043568
8417.71680 0.043512
8418.09668 0.043457
8418.47754 0.043401
8418.85840 0.043345
8419.23828 0.043289
8419.61914 0.043233
8420.00000 0.043178
8420.38086 0.043127
8420.76074 0.043076
8421.14160 0.043025
8421.52246 0.042974
8421.90332 0.042923
8422.28418 0.042872
8422.66504 0.04282
8423.04492 0.04277
8423.42578 0.042718
8423.80664 0.042667
8424.18848 0.042616
8424.56836 0.042565
8424.94922 0.042514
8425.33008 0.042464
8425.71094 0.042415
8426.09180 0.042365
8426.47266 0.042316
8426.85352 0.042266
8427.23438 0.042217
8427.61523 0.042167
8427.99609 0.042117
8428.37793 0.042068
8428.75879 0.042018
8429.13965 0.041968
8429.52148 0.041919
8429.90137 0.041869
8430.28223 0.041826
8430.66406 0.041784
8431.04492 0.041742
8431.42578 0.041701
8431.80664 0.041659
8432.18848 0.041618
8432.56934 0.041576
8432.95020 0.041535
8433.33203 0.041493
8433.71289 0.041451
8434.09473 0.04141
8434.47559 0.041368
8434.85645 0.041327
8435.23828 0.041288
8435.61914 0.041251
8436.00098 0.041214
8436.38184 0.041177
8436.76367 0.041139
8437.14453 0.041102
8437.52637 0.041065
8437.90723 0.041028
8438.28906 0.040991
8438.67090 0.040954
8439.05176 0.040917
8439.43359 0.04088
8439.81445 0.040843
8440.19629 0.040801
8440.57812 0.040757
8440.95996 0.040712
8441.34082 0.040667
8441.72266 0.040622
8442.10352 0.040577
8442.48633 0.040533
8442.86719 0.040488
8443.24902 0.040443
8443.63086 0.040398
8444.01270 0.040353
8444.39453 0.040308
8444.77637 0.040263
8445.15723 0.040218
8445.53906 0.040173
8445.92090 0.040128
8446.30273 0.040083
8446.68457 0.040038
8447.06641 0.039993
8447.44824 0.039947
8447.83008 0.039902
8448.21191 0.039857
8448.59375 0.039812
8448.97559 0.039767
8449.35840 0.039721
8449.74023 0.039676
8450.12207 0.039628
8450.50391 0.039576
8450.88574 0.039524
8451.26758 0.039472
8451.64941 0.039419
8452.03223 0.039367
8452.41406 0.039315
8452.79590 0.039262
8453.17773 0.03921
8453.56055 0.039158
8453.94238 0.039105
8454.32422 0.039053
8454.70703 0.039
8455.08887 0.038947
8455.47070 0.038891
8455.85352 0.038834
8456.23535 0.038778
8456.61816 0.038722
8457.00000 0.038666
8457.38281 0.038609
8457.76465 0.038553
8458.14746 0.038496
8458.52930 0.03844
8458.91211 0.038384
8459.29395 0.038327
8459.67676 0.038271
8460.05859 0.038213
8460.44141 0.038147
8460.82422 0.03808
8461.20605 0.038014
8461.58887 0.037948
8461.97168 0.037882
8462.35352 0.037815
8462.73633 0.037749
8463.11914 0.037683
8463.50098 0.037617
8463.88379 0.03755
8464.26660 0.037484
8464.64941 0.037417
8465.03223 0.037351
8465.41504 0.037288
8465.79688 0.037224
8466.17969 0.03716
8466.56348 0.037097
8466.94531 0.037033
8467.32812 0.036969
8467.71094 0.036906
8468.09375 0.036842
8468.47656 0.036778
8468.85938 0.036714
8469.24219 0.036651
8469.62500 0.036587
8470.00781 0.036523
8470.39062 0.036457
8470.77344 0.036392
8471.15625 0.036326
8471.53906 0.036261
8471.92188 0.036195
8472.30566 0.036129
8472.68848 0.036063
8473.07129 0.035998
8473.45410 0.035932
8473.83691 0.035866
8474.22070 0.0358
8474.60352 0.035735
8474.98633 0.035669
8475.37012 0.035603
8475.75293 0.035538
8476.13574 0.035472
8476.51953 0.035407
8476.90234 0.035341
8477.28516 0.035276
8477.66895 0.03521
8478.05176 0.035144
8478.43555 0.035079
8478.81836 0.035013
8479.20117 0.034948
8479.58496 0.034882
8479.96777 0.034816
8480.35156 0.034758
8480.73535 0.034701
8481.11816 0.034644
8481.50195 0.034586
8481.88477 0.034529
8482.26855 0.034471
8482.65234 0.034414
8483.03516 0.034357
8483.41895 0.034299
8483.80273 0.034242
8484.18555 0.034184
8484.56934 0.034127
8484.95312 0.034069
8485.33594 0.034026
8485.71973 0.033983
8486.10352 0.033941
8486.48730 0.033899
8486.87109 0.033857
8487.25488 0.033815
8487.63770 0.033773
8488.02148 0.03373
8488.40527 0.033688
8488.78906 0.033646
8489.17285 0.033604
8489.55664 0.033561
8489.94043 0.033519
8490.32422 0.033483
8490.70801 0.033448
8491.09180 0.033413
8491.47559 0.033378
8491.85938 0.033343
8492.24316 0.033308
8492.62695 0.033273
8493.01074 0.033238
8493.39648 0.033202
8493.77930 0.033167
8494.16309 0.033132
8494.54688 0.033097
8494.93066 0.033062
8495.31445 0.03304
8495.69922 0.033021
8496.08301 0.033002
8496.46680 0.032983
8496.85156 0.032964
8497.23535 0.032945
8497.61914 0.032926
8498.00391 0.032907
8498.38770 0.032888
8498.77148 0.03287
8499.15625 0.032851
8499.54004 0.032832
8499.92480 0.032813
8500.30859 0.032809
8500.69238 0.03281
8501.07715 0.032811
8501.46094 0.032811
8501.84570 0.032812
8502.23047 0.032813
8502.61426 0.032814
8502.99902 0.032814
8503.38281 0.032815
8503.76758 0.032816
8504.15137 0.032816
8504.53613 0.032817
8504.92090 0.032818
8505.30469 0.032836
8505.68945 0.032858
8506.07422 0.032881
8506.45898 0.032903
8506.84277 0.032926
8507.22754 0.032948
8507.61230 0.032971
8507.99707 0.032993
8508.38184 0.033016
8508.76562 0.033038
8509.15039 0.033061
8509.53516 0.033083
8509.91992 0.033106
8510.30469 0.03314
8510.68945 0.033178
8511.07422 0.033215
8511.45898 0.033253
8511.84375 0.03329
8512.22852 0.033328
8512.61328 0.033365
8512.99805 0.033403
8513.38281 0.033441
8513.76758 0.033478
8514.15234 0.033516
8514.53711 0.033553
8514.92188 0.033591
8515.30762 0.033645
8515.69238 0.033702
8516.07715 0.033759
8516.46191 0.033817
8516.84668 0.033874
8517.23242 0.033932
8517.61719 0.033989
8518.00195 0.034047
8518.38672 0.034104
8518.77246 0.034162
8519.15723 0.034219
8519.54199 0.034277
8519.92773 0.034334
8520.31152 0.034405
8520.69727 0.03448
8521.08301 0.034554
8521.46777 0.034628
8521.85352 0.034703
8522.23828 0.034777
8522.62402 0.034851
8523.00879 0.034926
8523.39453 0.035
8523.77930 0.035075
8524.16504 0.035149
8524.54980 0.035223
8524.93555 0.035298
8525.32129 0.03538
8525.70605 0.035463
8526.09180 0.035546
8526.47754 0.03563
8526.86230 0.035713
8527.24805 0.035797
8527.63379 0.03588
8528.01855 0.035963
8528.40430 0.036047
8528.79004 0.036131
8529.17578 0.036214
8529.56152 0.036298
8529.94629 0.036381
8530.33203 0.036476
8530.71777 0.036573
8531.10352 0.036669
8531.48926 0.036766
8531.87500 0.036863
8532.26074 0.03696
8532.64648 0.037057
8533.03223 0.037153
8533.41797 0.03725
8533.80371 0.037347
8534.18945 0.037444
8534.57520 0.037541
8534.96094 0.037638
8535.34668 0.037733
8535.73242 0.037827
8536.11816 0.037922
8536.50391 0.038016
8536.88965 0.038111
8537.27539 0.038206
8537.66211 0.0383
8538.04785 0.038395
8538.43359 0.03849
8538.81934 0.038584
8539.20508 0.038679
8539.59180 0.038774
8539.97754 0.038869
8540.36328 0.03896
8540.75000 0.039052
8541.13574 0.039143
8541.52148 0.039234
8541.90820 0.039325
8542.29395 0.039417
8542.68066 0.039508
8543.06641 0.039599
8543.45215 0.039691
8543.83887 0.039782
8544.22461 0.039873
8544.61133 0.039965
8544.99707 0.040056
8545.38379 0.040141
8545.77148 0.040225
8546.15625 0.040309
8546.54297 0.040394
8546.92871 0.040478
8547.31543 0.040563
8547.70215 0.040647
8548.08789 0.040732
8548.47461 0.040816
8548.86133 0.040901
8549.24707 0.040985
8549.63379 0.04107
8550.02148 0.041154
8550.40723 0.041223
8550.79297 0.041292
8551.17969 0.041361
8551.56641 0.04143
8551.95312 0.041499
8552.33984 0.041569
8552.72656 0.041638
8553.11230 0.041707
8553.49902 0.041776
8553.88574 0.041845
8554.27246 0.041915
8554.65918 0.041984
8555.04590 0.042051
8555.43262 0.042096
8555.81934 0.042142
8556.20605 0.042188
8556.59277 0.042233
8556.97852 0.042279
8557.36719 0.042325
8557.75391 0.04237
8558.14062 0.042416
8558.52734 0.042462
8558.91406 0.042507
8559.30078 0.042553
8559.68652 0.042599
8560.07520 0.042642
8560.46191 0.042671
8560.84863 0.0427
8561.23535 0.042729
8561.62305 0.042758
8562.00977 0.042787
8562.39648 0.042816
8562.78418 0.042846
8563.17090 0.042875
8563.55762 0.042904
8563.94531 0.042933
8564.33203 0.042962
8564.71973 0.042992
8565.10645 0.043013
8565.49414 0.043015
8565.88086 0.043016
8566.26855 0.043017
8566.65527 0.043019
8567.04297 0.04302
8567.42969 0.043022
8567.81738 0.043023
8568.20410 0.043025
8568.59180 0.043026
8568.97852 0.043027
8569.36621 0.043029
8569.75391 0.04303
8570.14160 0.043027
8570.52832 0.043016
8570.91602 0.043005
8571.30371 0.042994
8571.69141 0.042983
8572.07812 0.042972
8572.46582 0.042961
8572.85352 0.04295
8573.24121 0.042939
8573.62891 0.042928
8574.01660 0.042917
8574.40332 0.042907
8574.79102 0.042896
8575.17871 0.04288
8575.56641 0.04286
8575.95410 0.042839
8576.34180 0.042819
8576.72852 0.042798
8577.11719 0.042777
8577.50488 0.042757
8577.89258 0.042736
8578.28027 0.042716
8578.66797 0.042695
8579.05566 0.042674
8579.44434 0.042654
8579.83203 0.042633
8580.21973 0.042608
8580.60742 0.04258
8580.99512 0.042552
8581.38281 0.042524
8581.77148 0.042496
8582.15918 0.042468
8582.54688 0.04244
8582.93457 0.042412
8583.32324 0.042383
8583.71094 0.042355
8584.09863 0.042327
8584.48730 0.042299
8584.87500 0.042271
8585.26270 0.042246
8585.65137 0.042223
8586.03906 0.042201
8586.42773 0.042178
8586.81543 0.042155
8587.20410 0.042132
8587.59180 0.042109
8587.98047 0.042086
8588.36816 0.042063
8588.75684 0.04204
8589.14453 0.042017
8589.53320 0.041994
8589.92090 0.041971
8590.30957 0.041956
8590.69824 0.041943
8591.08594 0.04193
8591.47461 0.041917
8591.86328 0.041904
8592.25098 0.041891
8592.63965 0.041878
8593.02832 0.041864
8593.41699 0.041851
8593.80469 0.041838
8594.19336 0.041825
8594.58203 0.041812
8594.97070 0.041799
8595.35938 0.041794
8595.74805 0.04179
8596.13574 0.041786
8596.52441 0.041782
8596.91309 0.041778
8597.30176 0.041774
8597.69043 0.04177
8598.07910 0.041766
8598.46777 0.041762
8598.85645 0.041758
8599.24512 0.041753
8599.63379 0.041749
8600.02246 0.041746
8600.41113 0.041758
8600.80078 0.041771
8601.18945 0.041783
8601.57812 0.041795
8601.96680 0.041807
8602.35547 0.041819
8602.74414 0.041832
8603.13379 0.041844
8603.52246 0.041856
8603.91113 0.041868
8604.29980 0.04188
8604.68945 0.041893
8605.07812 0.04191
8605.46680 0.041947
8605.85645 0.041984
8606.24512 0.04202
8606.63379 0.042057
8607.02344 0.042094
8607.41211 0.042131
8607.80176 0.042168
8608.19043 0.042205
8608.57910 0.042242
8608.96875 0.042279
8609.35742 0.042316
8609.74707 0.042353
8610.13574 0.042398
8610.52539 0.042459
8610.91504 0.04252
8611.30371 0.042581
8611.69336 0.042641
8612.08203 0.042702
8612.47168 0.042763
8612.86133 0.042824
8613.25000 0.042885
8613.63965 0.042946
8614.02930 0.043006
8614.41895 0.043067
8614.80762 0.043128
8615.19727 0.043188
8615.58691 0.043248
8615.97656 0.043307
8616.36523 0.043366
8616.75488 0.043425
8617.14453 0.043485
8617.53418 0.043544
8617.92383 0.043603
8618.31348 0.043663
8618.70312 0.043722
8619.09277 0.043781
8619.48242 0.043841
8619.87207 0.0439
8620.26172 0.043981
8620.65137 0.044073
8621.04102 0.044164
8621.43066 0.044256
8621.82031 0.044347
8622.20996 0.044439
8622.59961 0.04453
8622.98926 0.044622
8623.37891 0.044714
8623.76953 0.044805
8624.15918 0.044897
8624.54883 0.044989
8624.93848 0.04508
8625.32812 0.045188
8625.71875 0.045299
8626.10840 0.04541
8626.49805 0.045521
8626.88867 0.045632
8627.27832 0.045743
8627.66797 0.045854
8628.05859 0.045965
8628.44824 0.046076
8628.83789 0.046187
8629.22852 0.046298
8629.61816 0.046409
8630.00879 0.04652
8630.39844 0.04663
8630.78906 0.04674
8631.17871 0.046849
8631.56934 0.046959
8631.95898 0.047069
8632.34961 0.047179
8632.73926 0.047288
8633.12988 0.047398
8633.52148 0.047508
8633.91016 0.047618
8634.30078 0.047728
8634.69141 0.047838
8635.08105 0.04795
8635.47168 0.048071
8635.86230 0.048192
8636.25195 0.048313
8636.64258 0.048434
8637.03320 0.048555
8637.42383 0.048676
8637.81445 0.048797
8638.20410 0.048917
8638.59473 0.049038
8638.98535 0.049159
8639.37598 0.049281
8639.76660 0.049402
8640.15723 0.04952
8640.54785 0.049633
8640.93848 0.049746
8641.32910 0.04986
8641.71973 0.049973
8642.11035 0.050086
8642.50098 0.0502
8642.89160 0.050313
8643.28223 0.050426
8643.67285 0.05054
8644.06348 0.050653
8644.45410 0.050767
8644.84473 0.05088
8645.23633 0.050995
8645.62695 0.05111
8646.01758 0.051225
8646.40820 0.051339
8646.79883 0.051454
8647.19043 0.05157
8647.58105 0.051685
8647.97168 0.0518
8648.36328 0.051915
8648.75391 0.05203
8649.14453 0.052145
8649.53613 0.052261
8649.92676 0.052376
8650.31738 0.052481
8650.70898 0.052584
8651.09961 0.052687
8651.49121 0.05279
8651.88184 0.052893
8652.27344 0.052996
8652.66406 0.0531
8653.05566 0.053203
8653.44629 0.053306
8653.83789 0.053409
8654.22852 0.053512
8654.62012 0.053616
8655.01172 0.053719
8655.40234 0.053816
8655.79395 0.053912
8656.18457 0.054009
8656.57617 0.054106
8656.96777 0.054203
8657.35938 0.054299
8657.75000 0.054396
8658.14160 0.054493
8658.53320 0.05459
8658.92480 0.054687
8659.31543 0.054784
8659.70703 0.054881
8660.09863 0.054973
8660.49023 0.055051
8660.88184 0.055129
8661.27344 0.055207
8661.66504 0.055286
8662.05664 0.055364
8662.44824 0.055442
8662.83984 0.05552
8663.23145 0.055599
8663.62305 0.055677
8664.01465 0.055755
8664.40625 0.055833
8664.79785 0.055912
8665.18945 0.055983
8665.58105 0.056048
8665.97266 0.056112
8666.36426 0.056177
8666.75586 0.056241
8667.14844 0.056306
8667.54004 0.05637
8667.93164 0.056434
8668.32324 0.056499
8668.71484 0.056563
8669.10742 0.056628
8669.49902 0.056693
8669.89062 0.056757
8670.28320 0.056816
8670.67480 0.056873
8671.06641 0.056929
8671.45898 0.056986
8671.85059 0.057043
8672.24219 0.057099
8672.63477 0.057156
8673.02637 0.057213
8673.41895 0.05727
8673.81055 0.057326
8674.20312 0.057383
8674.59473 0.05744
8674.98730 0.057497
8675.37891 0.057526
8675.77148 0.057554
8676.16406 0.057583
8676.55566 0.057611
8676.94824 0.057639
8677.33984 0.057667
8677.73242 0.057696
8678.12500 0.057724
8678.51758 0.057752
8678.90918 0.05778
8679.30176 0.057809
8679.69434 0.057837
8680.08594 0.057868
8680.47852 0.057909
8680.87109 0.05795
8681.26367 0.057991
8681.65625 0.058032
8682.04883 0.058073
8682.44141 0.058114
8682.83301 0.058155
8683.22559 0.058196
8683.61816 0.058237
8684.01074 0.058278
8684.40332 0.058319
8684.79590 0.05836
8685.18848 0.058394
8685.58105 0.058421
8685.97363 0.058447
8686.36621 0.058474
8686.75879 0.0585
8687.15234 0.058527
8687.54492 0.058554
8687.93848 0.05858
8688.33008 0.058607
8688.72266 0.058634
8689.11523 0.05866
8689.50879 0.058687
8689.90137 0.058714
8690.29395 0.058752
8690.68652 0.058795
8691.08008 0.058838
8691.47266 0.058881
8691.86523 0.058923
8692.25879 0.058966
8692.65137 0.059009
8693.04395 0.059052
8693.43652 0.059095
8693.83008 0.059138
8694.22266 0.05918
8694.61621 0.059223
8695.00879 0.059266
8695.40234 0.059303
8695.79492 0.05934
8696.18848 0.059377
8696.58105 0.059415
8696.97461 0.059452
8697.36816 0.059489
8697.76074 0.059526
8698.15430 0.059563
8698.54688 0.0596
8698.94043 0.059638
8699.33398 0.059675
8699.72656 0.059712
8700.12012 0.059754
8700.51367 0.059805
8700.90723 0.059857
8701.29980 0.059908
8701.69336 0.05996
8702.08691 0.060012
8702.48047 0.060063
8702.87402 0.060115
8703.26660 0.060167
8703.66016 0.060218
8704.05371 0.06027
8704.44727 0.060322
8704.84082 0.060374
8705.23438 0.060421
8705.62793 0.060464
8706.02148 0.060508
8706.41504 0.060552
8706.80859 0.060596
8707.20215 0.06064
8707.59570 0.060684
8707.98926 0.060728
8708.38281 0.060772
8708.77637 0.060816
8709.16992 0.06086
8709.56348 0.060904
8709.95801 0.060948
8710.35156 0.061001
8710.74512 0.061055
8711.13867 0.061109
8711.53223 0.061163
8711.92676 0.061217
8712.32031 0.061271
8712.71387 0.061325
8713.10742 0.061379
8713.50195 0.061433
8713.89648 0.061487
8714.28906 0.061541
8714.68359 0.061595
8715.07715 0.061651
8715.47168 0.061715
8715.86523 0.061778
8716.25977 0.061842
8716.65332 0.061906
8717.04688 0.061969
8717.44141 0.062033
8717.83594 0.062096
8718.22852 0.06216
8718.62402 0.062224
8719.01758 0.062287
8719.41211 0.062351
8719.80566 0.062414
8720.20020 0.062473
8720.59473 0.062526
8720.98828 0.06258
8721.38281 0.062633
8721.77734 0.062687
8722.17090 0.06274
8722.56543 0.062793
8722.95996 0.062847
8723.35352 0.0629
