threeML/data/optical_filters/HST/NICMOS1-F170M.ecsv
# %ECSV 0.9
# ---
# datatype:
# - {name: wavelength, unit: Angstrom, datatype: float32}
# - {name: response, datatype: float32}
# meta: !!omap
# - {band_name: F170M}
# - {group_name: NICMOS1}
wavelength response
[from data line 6896]
18431.05078 0.001308
18431.48047 0.001307
18431.91992 0.001307
18432.35938 0.001306
18432.78906 0.001306
18433.23047 0.001305
18433.66016 0.001305
18434.09961 0.001304
18434.53906 0.001304
18434.97070 0.001303
18435.41016 0.001307
18435.83984 0.001311
18436.27930 0.001315
18436.71094 0.001319
18437.15039 0.001323
18437.58984 0.001327
18438.01953 0.001331
18438.46094 0.001334
18438.89062 0.001338
18439.33008 0.001342
18439.76953 0.001346
18440.19922 0.001343
18440.64062 0.001333
18441.07031 0.001322
18441.50977 0.001311
18441.94922 0.001301
18442.38086 0.00129
18442.82031 0.001279
18443.25000 0.001268
18443.68945 0.001258
18444.13086 0.001247
18444.56055 0.001236
18445.00000 0.001226
18445.42969 0.00122
18445.86914 0.001213
18446.30078 0.001207
18446.74023 0.001201
18447.17969 0.001195
18447.60938 0.001189
18448.05078 0.001183
18448.49023 0.001177
18448.91992 0.001171
18449.35938 0.001165
18449.78906 0.001159
18450.23047 0.001157
18450.66992 0.001159
18451.09961 0.00116
18451.53906 0.001162
18451.97070 0.001163
18452.41016 0.001165
18452.84961 0.001166
18453.27930 0.001168
18453.72070 0.001169
18454.16016 0.001171
18454.58984 0.001172
18455.02930 0.001172
18455.46094 0.001145
18455.90039 0.001118
18456.33984 0.001091
18456.76953 0.001064
18457.21094 0.001037
18457.65039 0.001011
18458.08008 0.000984
18458.51953 0.000957
18458.96094 0.00093
18459.39062 0.000903
18459.83008 0.000876
18460.26953 0.000872
18460.69922 0.000884
18461.14062 0.000895
18461.57031 0.000906
18462.00977 0.000917
18462.44922 0.000928
18462.88086 0.000939
18463.32031 0.000951
18463.75977 0.000962
18464.18945 0.000973
18464.63086 0.000984
18465.07031 0.000993
18465.50000 0.000989
18465.93945 0.000985
18466.38086 0.000981
18466.81055 0.000977
18467.25000 0.000974
18467.68945 0.00097
18468.11914 0.000966
18468.56055 0.000962
18469.00000 0.000958
18469.42969 0.000954
18469.86914 0.00095
18470.31055 0.000945
18470.74023 0.000939
18471.17969 0.000932
18471.61914 0.000926
18472.05078 0.00092
18472.49023 0.000914
18472.92969 0.000907
18473.35938 0.000901
18473.80078 0.000895
18474.24023 0.000889
18474.66992 0.000883
18475.10938 0.000878
18475.55078 0.000879
18475.98047 0.00088
18476.41992 0.00088
18476.85938 0.000881
18477.28906 0.000882
18477.73047 0.000882
18478.16992 0.000883
18478.59961 0.000884
18479.03906 0.000885
18479.48047 0.000885
18479.91016 0.000886
18480.34961 0.000887
18480.78906 0.000887
18481.23047 0.000888
18481.66016 0.000889
18482.09961 0.00089
18482.53906 0.00089
18482.97070 0.000891
18483.41016 0.000892
18483.84961 0.000892
18484.28906 0.000893
18484.72070 0.000894
18485.16016 0.000891
18485.59961 0.000882
18486.02930 0.000873
18486.47070 0.000864
18486.91016 0.000855
18487.33984 0.000846
18487.77930 0.000837
18488.22070 0.000828
18488.65039 0.000819
18489.08984 0.00081
18489.52930 0.000802
18489.97070 0.000793
18490.40039 0.000793
18490.83984 0.000793
18491.27930 0.000794
18491.71094 0.000795
18492.15039 0.000795
18492.58984 0.000796
18493.02930 0.000797
18493.46094 0.000798
18493.90039 0.000798
18494.33984 0.000799
18494.77930 0.0008
18495.21094 0.0008
18495.65039 0.000799
18496.08984 0.000799
18496.51953 0.000799
18496.96094 0.000798
18497.40039 0.000798
18497.83984 0.000797
18498.26953 0.000797
18498.71094 0.000797
18499.15039 0.000796
18499.58984 0.000796
18500.01953 0.000795
18500.46094 0.000793
18500.90039 0.000791
18501.33008 0.000789
18501.76953 0.000787
18502.21094 0.000786
18502.65039 0.000784
18503.08008 0.000782
18503.51953 0.00078
18503.96094 0.000778
18504.40039 0.000776
18504.83008 0.000774
18505.26953 0.000774
18505.71094 0.000775
18506.15039 0.000776
18506.58008 0.000777
18507.01953 0.000778
18507.46094 0.000779
18507.90039 0.00078
18508.33008 0.000781
18508.76953 0.000782
18509.21094 0.000783
18509.65039 0.000784
18510.08008 0.000784
18510.51953 0.000781
18510.96094 0.000777
18511.40039 0.000774
18511.83984 0.00077
18512.26953 0.000766
18512.71094 0.000763
18513.15039 0.000759
18513.58984 0.000756
18514.01953 0.000752
18514.46094 0.000749
18514.90039 0.000745
18515.33984 0.000742
18515.77930 0.00074
18516.21094 0.000738
18516.65039 0.000735
18517.08984 0.000733
18517.52930 0.000731
18517.96094 0.000728
18518.40039 0.000726
18518.83984 0.000724
18519.27930 0.000721
18519.71094 0.000719
18520.15039 0.000716
18520.58984 0.00071
18521.02930 0.000705
18521.47070 0.0007
18521.90039 0.000695
18522.33984 0.000689
18522.77930 0.000684
18523.22070 0.000679
18523.66016 0.000673
18524.08984 0.000668
18524.52930 0.000663
18524.97070 0.000657
18525.41016 0.000649
18525.84961 0.00064
18526.27930 0.000631
18526.72070 0.000622
18527.16016 0.000613
18527.59961 0.000605
18528.03906 0.000596
18528.47070 0.000587
18528.91016 0.000578
18529.34961 0.000569
18529.78906 0.00056
18530.22070 0.000559
18530.66016 0.000566
18531.09961 0.000572
18531.53906 0.000579
18531.98047 0.000585
18532.41992 0.000591
18532.84961 0.000598
18533.28906 0.000604
18533.73047 0.00061
18534.16992 0.000617
18534.60938 0.000623
18535.03906 0.000629
18535.48047 0.00063
18535.91992 0.000631
18536.35938 0.000633
18536.80078 0.000634
18537.24023 0.000635
18537.66992 0.000636
18538.10938 0.000637
18538.55078 0.000638
18538.99023 0.000639
18539.42969 0.000641
18539.86914 0.000642
18540.30078 0.000647
18540.74023 0.000654
18541.17969 0.00066
18541.61914 0.000667
18542.06055 0.000674
18542.50000 0.000681
18542.92969 0.000688
18543.36914 0.000694
18543.81055 0.000701
18544.25000 0.000708
18544.68945 0.000715
18545.13086 0.000717
18545.56055 0.000707
18546.00000 0.000696
18546.43945 0.000686
18546.88086 0.000676
18547.32031 0.000665
18547.75977 0.000655
18548.19922 0.000645
18548.63086 0.000634
18549.07031 0.000624
18549.50977 0.000614
18549.94922 0.000604
18550.39062 0.000593
18550.83008 0.000582
18551.26953 0.000571
18551.69922 0.00056
18552.14062 0.000549
18552.58008 0.000539
18553.01953 0.000528
18553.46094 0.000517
18553.90039 0.000506
18554.33984 0.000495
18554.76953 0.000484
18555.21094 0.000473
18555.65039 0.000462
18556.08984 0.00045
18556.52930 0.000439
18556.97070 0.000428
18557.41016 0.000416
18557.84961 0.000405
20413.63477 0.0
