threeML/data/optical_filters/HST/NICMOS3-F240M.ecsv
# %ECSV 0.9
# ---
# datatype:
# - {name: wavelength, unit: Angstrom, datatype: float32}
# - {name: response, datatype: float32}
# meta: !!omap
# - {band_name: F240M}
# - {group_name: NICMOS3}
wavelength response
[from data line 2298]
22990.15039 0.162703
22990.52930 0.163226
22990.91016 0.163749
22991.30078 0.164275
22991.67969 0.164798
22992.07031 0.165324
22992.44922 0.165848
22992.83008 0.166371
22993.22070 0.166897
22993.59961 0.16742
22993.98047 0.167946
22994.36914 0.168469
22994.75000 0.168996
22995.13086 0.169516
22995.51953 0.170032
22995.90039 0.17055
22996.28906 0.171065
22996.66992 0.171583
22997.05078 0.172099
22997.43945 0.172617
22997.82031 0.173132
22998.21094 0.173651
22998.58984 0.174166
22998.97070 0.174682
22999.35938 0.1752
22999.74023 0.175716
23000.11914 0.176242
23000.50977 0.176782
23000.89062 0.177325
23001.26953 0.177865
23001.66016 0.178408
23002.03906 0.178948
23002.42969 0.17949
23002.81055 0.18003
23003.18945 0.180573
23003.58008 0.181113
23003.96094 0.181656
23004.33984 0.182196
23004.73047 0.182739
23005.10938 0.183285
23005.50000 0.183849
23005.88086 0.18441
23006.25977 0.184974
23006.65039 0.185535
23007.02930 0.186099
23007.41992 0.186663
23007.80078 0.187223
23008.17969 0.187787
23008.57031 0.188348
23008.94922 0.188912
23009.33008 0.189473
23009.72070 0.190037
23010.09961 0.19059
23010.49023 0.191123
23010.86914 0.191654
23011.25000 0.192187
23011.64062 0.192719
23012.01953 0.19325
23012.41016 0.193783
23012.78906 0.194313
23013.16992 0.194846
23013.56055 0.19538
23013.93945 0.19591
23014.33008 0.196443
23014.71094 0.196973
23015.08984 0.197502
23015.48047 0.198017
23015.85938 0.198529
23016.25000 0.199044
23016.63086 0.199556
23017.00977 0.200071
23017.40039 0.200586
23017.77930 0.201099
23018.16992 0.201614
23018.55078 0.202128
23018.92969 0.202641
23019.32031 0.203156
23019.69922 0.203668
23020.08984 0.204181
23020.47070 0.204689
23020.84961 0.205194
23021.24023 0.205702
23021.61914 0.206209
23022.00977 0.206714
23022.39062 0.207222
23022.77930 0.20773
23023.16016 0.208235
23023.53906 0.208742
23023.92969 0.20925
23024.31055 0.209755
23024.69922 0.210263
23025.08008 0.210774
23025.46094 0.211294
23025.84961 0.211817
23026.23047 0.21234
23026.61914 0.212863
23027.00000 0.213383
23027.38086 0.213906
23027.76953 0.214429
23028.15039 0.214949
23028.53906 0.215473
23028.91992 0.215996
23029.31055 0.216519
23029.68945 0.217039
23030.07031 0.21756
23030.46094 0.218071
23030.83984 0.21858
23031.23047 0.219091
23031.60938 0.219602
23032.00000 0.220113
23032.38086 0.220622
23032.75977 0.221133
23033.15039 0.221644
23033.52930 0.222156
23033.91992 0.222664
23034.30078 0.223176
23034.68945 0.223687
23035.07031 0.224201
23035.46094 0.224725
23035.83984 0.225248
23036.22070 0.225772
23036.60938 0.226297
23036.99023 0.226822
23037.38086 0.227347
23037.75977 0.227869
23038.14062 0.228394
23038.52930 0.228919
23038.91016 0.229444
23039.30078 0.229969
23039.67969 0.230491
23040.07031 0.231013
23040.44922 0.231519
23040.83984 0.232025
23041.22070 0.232531
23041.59961 0.233034
23041.99023 0.233541
23042.36914 0.234047
23042.75977 0.234553
23043.14062 0.235059
23043.52930 0.235565
23043.91016 0.236069
23044.28906 0.236575
23044.67969 0.237081
23045.06055 0.237577
23045.44922 0.238019
23045.83008 0.23846
23046.22070 0.238903
23046.59961 0.239344
23046.99023 0.239784
23047.36914 0.240226
23047.75977 0.240668
23048.14062 0.24111
23048.52930 0.241553
23048.91016 0.241995
23049.28906 0.242437
23049.67969 0.242879
23050.06055 0.243323
23050.44922 0.243775
23050.83008 0.244228
23051.22070 0.244682
23051.59961 0.245136
23051.99023 0.24559
23052.36914 0.246044
23052.75977 0.246498
23053.14062 0.246952
23053.52930 0.247407
23053.91016 0.247861
23054.28906 0.248315
23054.67969 0.248769
23055.06055 0.249215
23055.44922 0.24962
23055.83008 0.250026
23056.22070 0.250433
23056.59961 0.25084
23056.99023 0.251246
23057.36914 0.251653
23057.75977 0.25206
23058.14062 0.252467
23058.52930 0.252874
23058.91016 0.253281
23059.28906 0.253687
23059.67969 0.254094
23060.06055 0.254504
23060.44922 0.254929
23060.83008 0.255354
23061.22070 0.255779
23061.59961 0.256204
23061.99023 0.256629
23062.36914 0.257054
23062.75977 0.257479
23063.14062 0.257904
23063.52930 0.258329
23063.91016 0.258754
23064.30078 0.25918
23064.67969 0.259605
23065.07031 0.260028
23065.44922 0.260439
23065.83984 0.260851
23066.22070 0.261263
23066.60938 0.261675
23066.99023 0.262087
23067.38086 0.262498
23067.75977 0.262912
23068.15039 0.263324
23068.52930 0.263736
23068.91992 0.264148
23069.30078 0.26456
23069.68945 0.264972
23070.07031 0.265376
23070.46094 0.265746
23070.83984 0.266116
23071.22070 0.266486
23071.60938 0.266857
23071.99023 0.267227
23072.38086 0.267597
23072.75977 0.267967
23073.15039 0.268339
23073.53906 0.26871
23073.91992 0.26908
23074.30078 0.26945
23074.68945 0.269821
23075.07031 0.270184
23075.46094 0.27052
23075.83984 0.270856
23076.23047 0.271192
23076.61914 0.27153
23077.00000 0.271866
23077.38086 0.272202
23077.76953 0.272538
23078.15039 0.272874
23078.53906 0.27321
23078.91992 0.273546
23079.31055 0.273884
23079.69922 0.27422
23080.08008 0.274549
23080.46094 0.274851
23080.84961 0.275152
23081.23047 0.275454
23081.61914 0.275757
23082.00977 0.276058
23082.39062 0.27636
23082.77930 0.276661
23083.16016 0.276963
23083.53906 0.277264
23083.92969 0.277567
23084.32031 0.277869
23084.69922 0.278171
23085.08984 0.27847
23085.47070 0.278759
23085.85938 0.279051
23086.24023 0.27934
23086.63086 0.27963
23087.00977 0.27992
23087.40039 0.280212
23087.77930 0.280501
23088.16992 0.280791
23088.55078 0.281081
23088.93945 0.281371
23089.32031 0.281662
23089.71094 0.281952
23090.08984 0.282235
23090.48047 0.282498
23090.86914 0.282762
23091.25000 0.283025
23091.63086 0.283288
23092.01953 0.283551
23092.41016 0.283815
23092.78906 0.284078
23093.17969 0.284341
23093.56055 0.284605
23093.94922 0.284868
23094.33008 0.285131
23094.72070 0.285394
23095.09961 0.285652
23095.49023 0.285892
23095.86914 0.286133
23096.25977 0.286374
23096.64062 0.286615
23097.02930 0.286855
23097.41016 0.287096
23097.80078 0.287337
23098.18945 0.287578
23098.57031 0.287818
23098.96094 0.28806
23099.33984 0.2883
23099.73047 0.288541
23100.10938 0.288779
23100.50000 0.289006
23100.88086 0.289234
23101.26953 0.289462
23101.65039 0.28969
23102.03906 0.289918
23102.42969 0.290146
23102.81055 0.290374
23103.19922 0.290602
23103.58008 0.29083
23103.97070 0.291058
23104.34961 0.291286
23104.74023 0.291515
23105.11914 0.291734
23105.50977 0.291939
23105.89062 0.292142
23106.27930 0.292346
23106.66992 0.29255
23107.05078 0.292754
23107.43945 0.292959
23107.82031 0.293162
23108.21094 0.293366
23108.58984 0.29357
23108.98047 0.293774
23109.36914 0.293978
23109.75000 0.294182
23110.13086 0.29437
23110.51953 0.294529
23110.91016 0.294687
23111.28906 0.294846
23111.67969 0.295004
23112.06055 0.295162
23112.44922 0.295322
23112.83008 0.29548
23113.22070 0.295639
23113.60938 0.295797
23113.99023 0.295956
23114.38086 0.296114
23114.75977 0.296274
23115.15039 0.296428
23115.53906 0.296576
23115.91992 0.296724
23116.30078 0.296872
23116.68945 0.29702
23117.08008 0.297168
23117.46094 0.297316
23117.84961 0.297464
23118.23047 0.297612
23118.61914 0.29776
23119.00977 0.297908
23119.39062 0.298056
23119.77930 0.298204
23120.16016 0.298344
23120.55078 0.298473
23120.92969 0.298601
23121.32031 0.298729
23121.71094 0.298857
23122.08984 0.298986
23122.48047 0.299114
23122.85938 0.299243
23123.25000 0.299371
23123.63086 0.2995
23124.01953 0.299628
23124.41016 0.299757
23124.78906 0.299886
23125.17969 0.300005
23125.56055 0.300113
23125.94922 0.300222
23126.33984 0.300331
23126.72070 0.300439
23127.10938 0.300548
23127.49023 0.300656
23127.88086 0.300765
23128.26953 0.300874
23128.65039 0.300982
23129.03906 0.301091
23129.41992 0.301199
23129.81055 0.301308
23130.18945 0.301405
23130.58008 0.301492
23130.97070 0.30158
23131.34961 0.301666
23131.74023 0.301753
23132.11914 0.30184
23132.50977 0.301927
23132.90039 0.302014
23133.27930 0.302101
23133.66992 0.302188
23134.05078 0.302275
23134.43945 0.302362
23134.83008 0.302449
23135.21094 0.302528
23135.59961 0.302601
23135.98047 0.302675
23136.36914 0.302748
23136.75977 0.302821
23137.14062 0.302895
23137.52930 0.302968
23137.91016 0.303041
23138.30078 0.303114
23138.68945 0.303187
23139.07031 0.303261
23139.46094 0.303334
23139.83984 0.303407
23140.23047 0.303468
23140.61914 0.303521
23141.00000 0.303573
23141.39062 0.303625
23141.77930 0.303677
23142.16016 0.303729
23142.55078 0.303782
23142.92969 0.303834
23143.32031 0.303886
23143.71094 0.303938
23144.08984 0.303991
23144.48047 0.304043
23144.85938 0.304095
23145.25000 0.304134
23145.64062 0.304166
23146.01953 0.304198
23146.41016 0.30423
23146.78906 0.304262
23147.17969 0.304294
23147.57031 0.304326
23147.94922 0.304358
23148.33984 0.30439
23148.72070 0.304422
23149.10938 0.304454
23149.50000 0.304486
23149.88086 0.304518
23150.26953 0.304551
23150.66016 0.304584
23151.03906 0.304618
23151.42969 0.304651
23151.82031 0.304685
23152.19922 0.304718
23152.58984 0.304751
23152.97070 0.304785
23153.35938 0.304818
23153.75000 0.304852
23154.13086 0.304885
23154.51953 0.304919
23154.91016 0.304952
23155.28906 0.304961
23155.67969 0.304962
23156.06055 0.304963
23156.44922 0.304963
23156.83984 0.304964
23157.22070 0.304965
23157.60938 0.304966
23158.00000 0.304966
23158.38086 0.304967
23158.76953 0.304968
23159.16016 0.304969
23159.53906 0.30497
23159.92969 0.304971
23160.31055 0.304981
23160.69922 0.304993
23161.08984 0.305005
23161.47070 0.305018
23161.85938 0.30503
23162.25000 0.305042
23162.63086 0.305055
23163.01953 0.305067
23163.41016 0.30508
23163.78906 0.305092
23164.17969 0.305104
23164.57031 0.305117
23164.94922 0.305129
23165.33984 0.305113
23165.72070 0.305092
23166.10938 0.305072
23166.50000 0.305051
23166.88086 0.305031
23167.26953 0.305011
23167.66016 0.30499
23168.03906 0.30497
23168.42969 0.30495
23168.82031 0.304929
23169.21094 0.304909
23169.58984 0.304889
23169.98047 0.304868
23170.35938 0.304847
23170.75000 0.304825
23171.14062 0.304803
23171.51953 0.304782
23171.91016 0.30476
23172.30078 0.304738
23172.67969 0.304717
23173.07031 0.304695
23173.46094 0.304673
23173.83984 0.304652
23174.23047 0.30463
23174.61914 0.304608
23175.00000 0.304586
23175.39062 0.304557
23175.77930 0.304528
23176.16016 0.304499
23176.55078 0.30447
23176.93945 0.30444
23177.32031 0.304411
23177.71094 0.304382
23178.09961 0.304353
23178.48047 0.304324
23178.86914 0.304294
23179.25977 0.304265
23179.64062 0.304236
23180.02930 0.304206
23180.41992 0.304173
23180.80078 0.304139
23181.18945 0.304105
23181.58008 0.304071
23181.96094 0.304037
23182.34961 0.304004
23182.74023 0.30397
23183.13086 0.303936
23183.50977 0.303902
23183.90039 0.303868
23184.28906 0.303834
23184.66992 0.303801
23185.06055 0.303764
23185.44922 0.303714
23185.83008 0.303663
23186.22070 0.303612
23186.60938 0.303562
23186.99023 0.303511
23187.38086 0.30346
23187.76953 0.30341
23188.15039 0.303359
23188.53906 0.303308
23188.92969 0.303258
23189.31055 0.303207
23189.69922 0.303156
23190.08984 0.303109
23190.47070 0.30307
23190.85938 0.303032
23191.25000 0.302994
23191.64062 0.302955
23192.01953 0.302917
23192.41016 0.302878
23192.80078 0.30284
23193.17969 0.302802
23193.57031 0.302764
23193.96094 0.302725
23194.33984 0.302687
23194.73047 0.302648
23195.11914 0.302604
23195.50977 0.302546
23195.89062 0.302488
23196.27930 0.30243
23196.66992 0.302372
23197.05078 0.302314
23197.43945 0.302256
23197.83008 0.302198
23198.21094 0.30214
23198.59961 0.302082
23198.99023 0.302024
23199.38086 0.301966
23199.75977 0.301908
23200.15039 0.301851
23200.53906 0.301795
23200.91992 0.30174
23201.31055 0.301684
23201.69922 0.301628
23202.08984 0.301573
23202.47070 0.301517
23202.85938 0.301462
23203.25000 0.301406
23203.63086 0.301351
23204.01953 0.301295
23204.41016 0.30124
23204.78906 0.301184
23205.17969 0.301123
23205.57031 0.301057
23205.96094 0.30099
23206.33984 0.300924
23206.73047 0.300857
23207.11914 0.300791
23207.50977 0.300724
23207.89062 0.300658
23208.27930 0.300591
23208.66992 0.300524
23209.05078 0.300458
23209.43945 0.300392
23209.83008 0.300325
23210.22070 0.300264
23210.59961 0.300209
23210.99023 0.300153
23211.38086 0.300097
23211.76953 0.300042
23212.15039 0.299986
23212.53906 0.29993
23212.92969 0.299874
23213.31055 0.299819
23213.69922 0.299763
23214.08984 0.299707
23214.48047 0.299651
23214.85938 0.299596
23215.25000 0.299524
23215.64062 0.299444
23216.02930 0.299365
23216.41016 0.299285
23216.80078 0.299205
23217.18945 0.299125
23217.57031 0.299045
23217.96094 0.298965
23218.34961 0.298885
23218.74023 0.298805
23219.11914 0.298725
23219.50977 0.298645
23219.90039 0.298565
23220.28906 0.298506
23220.66992 0.298454
23221.06055 0.298402
23221.44922 0.298349
23221.83984 0.298297
23222.22070 0.298245
23222.60938 0.298193
23223.00000 0.298141
23223.39062 0.298089
23223.76953 0.298037
23224.16016 0.297984
23224.55078 0.297932
23224.93945 0.29788
23225.32031 0.297818
23225.71094 0.297755
23226.09961 0.297691
23226.49023 0.297627
23226.86914 0.297564
23227.25977 0.2975
23227.65039 0.297437
23228.03906 0.297373
23228.41992 0.297309
23228.81055 0.297245
23229.19922 0.297182
23229.58984 0.297118
23229.97070 0.297054
23230.35938 0.296978
23230.75000 0.2969
23231.14062 0.296823
23231.52930 0.296745
23231.91016 0.296668
23232.30078 0.29659
23232.68945 0.296513
23233.07031 0.296436
23233.46094 0.296358
23233.84961 0.296281
23234.24023 0.296203
23234.63086 0.296125
23235.00977 0.296048
23235.40039 0.295989
23235.78906 0.29593
23236.17969 0.29587
23236.56055 0.295811
23236.94922 0.295751
23237.33984 0.295692
23237.73047 0.295633
23238.11914 0.295573
23238.50000 0.295514
23238.89062 0.295454
23239.27930 0.295395
23239.66992 0.295335
23240.05078 0.295275
23240.43945 0.295207
23240.83008 0.29514
23241.22070 0.295072
23241.60938 0.295005
23241.99023 0.294938
23242.38086 0.29487
23242.76953 0.294803
23243.16016 0.294735
23243.53906 0.294668
23243.92969 0.2946
23244.32031 0.294533
23244.71094 0.294465
23245.09961 0.2944
23245.48047 0.294342
23245.86914 0.294284
23246.25977 0.294226
23246.65039 0.294167
23247.02930 0.294109
23247.41992 0.294051
23247.81055 0.293993
23248.19922 0.293935
23248.58984 0.293876
23248.97070 0.293818
23249.35938 0.29376
23249.75000 0.293702
23250.14062 0.293646
23250.52930 0.293593
23250.91016 0.293541
23251.30078 0.293489
23251.68945 0.293436
23252.08008 0.293384
23252.46094 0.293331
23252.84961 0.293279
23253.24023 0.293227
23253.63086 0.293174
23254.01953 0.293122
23254.40039 0.293069
23254.78906 0.293017
23255.17969 0.292961
23255.57031 0.2929
23255.96094 0.292839
23256.33984 0.292778
23256.73047 0.292717
23257.11914 0.292656
23257.50977 0.292596
23257.90039 0.292535
23258.28906 0.292474
23258.66992 0.292413
23259.06055 0.292352
23259.44922 0.292291
23259.83984 0.29223
23260.22070 0.292174
23260.60938 0.29212
23261.00000 0.292066
23261.39062 0.292012
23261.77930 0.291958
23262.16992 0.291904
23262.55078 0.29185
23262.93945 0.291796
23263.33008 0.291742
23263.72070 0.291688
23264.10938 0.291635
23264.49023 0.291581
23264.88086 0.291527
23265.26953 0.29147
23265.66016 0.291413
23266.05078 0.291356
23266.43945 0.291299
23266.82031 0.291241
23267.21094 0.291184
23267.59961 0.291127
23267.99023 0.291069
23268.38086 0.291012
23268.75977 0.290955
23269.15039 0.290897
23269.53906 0.29084
23269.92969 0.290783
23270.32031 0.290722
23270.71094 0.290661
23271.08984 0.2906
23271.48047 0.290539
23271.86914 0.290478
23272.25977 0.290417
23272.65039 0.290356
23273.03906 0.290295
23273.41992 0.290234
23273.81055 0.290173
23274.19922 0.290112
23274.58984 0.290051
23274.98047 0.28999
23275.36914 0.289943
23275.75000 0.289897
23276.14062 0.28985
23276.52930 0.289804
23276.91992 0.289758
23277.31055 0.289711
23277.69922 0.289665
23278.08008 0.289619
23278.47070 0.289572
23278.85938 0.289526
23279.25000 0.28948
23279.64062 0.289433
23280.02930 0.289387
23280.41016 0.289345
23280.80078 0.289303
23281.18945 0.289261
23281.58008 0.289219
23281.97070 0.289177
23282.35938 0.289135
23282.74023 0.289093
23283.13086 0.289051
23283.51953 0.289009
23283.91016 0.288966
23284.30078 0.288924
23284.68945 0.288882
23285.08008 0.28884
23285.46094 0.288799
