threeML/data/optical_filters/HST/NICMOS2-F215N.ecsv
# %ECSV 0.9
# ---
# datatype:
# - {name: wavelength, unit: Angstrom, datatype: float32}
# - {name: response, datatype: float32}
# meta: !!omap
# - {band_name: F215N}
# - {group_name: NICMOS2}
wavelength response
[from data line 1533]
21609.28906 0.041059
21609.50977 0.040541
21609.73047 0.040019
21609.93945 0.039501
21610.16016 0.039038
21610.36914 0.038602
21610.58984 0.038162
21610.80078 0.037726
21611.01953 0.037286
21611.24023 0.03685
21611.44922 0.03641
21611.66992 0.035974
21611.88086 0.035534
21612.09961 0.035105
21612.32031 0.03468
21612.52930 0.034259
21612.75000 0.033834
21612.96094 0.033413
21613.17969 0.032989
21613.40039 0.032564
21613.60938 0.032143
21613.83008 0.031718
21614.03906 0.031292
21614.25977 0.03084
21614.47070 0.030392
21614.68945 0.02994
21614.91016 0.029492
21615.11914 0.029041
21615.33984 0.028593
21615.55078 0.028141
21615.76953 0.027693
21615.99023 0.027241
21616.19922 0.027045
21616.41992 0.026864
21616.63086 0.026684
21616.84961 0.026505
21617.07031 0.026324
21617.27930 0.026145
21617.50000 0.025964
21617.71094 0.025785
21617.92969 0.025605
21618.14062 0.025349
21618.35938 0.025055
21618.58008 0.024762
21618.78906 0.024468
21619.00977 0.024173
21619.22070 0.023881
21619.43945 0.023586
21619.66016 0.023294
21619.86914 0.022999
21620.08984 0.022726
21620.30078 0.022477
21620.51953 0.022228
21620.74023 0.021982
21620.94922 0.021734
21621.16992 0.021487
21621.38086 0.021239
21621.59961 0.020992
21621.82031 0.020744
21622.02930 0.020508
21622.25000 0.020343
21622.46094 0.020177
21622.67969 0.020013
21622.90039 0.019847
21623.10938 0.019682
21623.33008 0.019516
21623.53906 0.01935
21623.75977 0.019185
21623.98047 0.019019
21624.18945 0.018785
21624.41016 0.018541
21624.61914 0.018299
21624.83984 0.018054
21625.06055 0.01781
21625.26953 0.017568
21625.49023 0.017323
21625.69922 0.017081
21625.91992 0.016837
21626.14062 0.016639
21626.34961 0.016472
21626.57031 0.016302
21626.77930 0.016135
21627.00000 0.015965
21627.22070 0.015796
21627.42969 0.015628
21627.65039 0.015459
21627.85938 0.015291
21628.08008 0.0151
21628.30078 0.014871
21628.50977 0.014643
21628.73047 0.014414
21628.93945 0.014187
21629.16016 0.013957
21629.38086 0.013728
21629.58984 0.013501
21629.81055 0.013271
21630.01953 0.013053
21630.24023 0.012907
21630.46094 0.012762
21630.66992 0.012617
21630.89062 0.012472
21631.09961 0.012327
21631.32031 0.012181
21631.53906 0.012036
21631.75000 0.011891
21631.97070 0.011746
21632.18945 0.011543
21632.40039 0.011332
21632.61914 0.01112
21632.83008 0.010909
21633.05078 0.010697
21633.26953 0.010484
21633.48047 0.010274
21633.69922 0.010061
21633.91016 0.009849
21634.13086 0.009785
21634.34961 0.009818
21634.56055 0.009851
21634.77930 0.009884
21634.99023 0.009918
21635.21094 0.009951
21635.42969 0.009984
21635.64062 0.010018
21635.85938 0.010051
21636.07031 0.009969
21636.28906 0.009665
21636.50977 0.009364
21636.72070 0.00906
21636.93945 0.008757
21637.15039 0.008456
21637.36914 0.008152
21637.58984 0.007848
21637.80078 0.007547
21638.01953 0.00727
21638.24023 0.007259
21638.44922 0.007249
21638.66992 0.007238
21638.88086 0.007227
21639.09961 0.007217
21639.32031 0.007206
21639.52930 0.007195
21639.75000 0.007185
21639.96094 0.007174
21640.17969 0.007221
21640.40039 0.00728
21640.60938 0.007339
21640.83008 0.007398
21641.03906 0.007457
21641.25977 0.007516
21641.48047 0.007574
21641.68945 0.007634
21641.91016 0.007693
21642.13086 0.007767
21642.33984 0.007853
21642.56055 0.007939
21642.77930 0.008025
21642.99023 0.00811
21643.21094 0.008197
21643.41992 0.008283
21643.64062 0.008368
21643.85938 0.008454
21644.07031 0.008407
21644.28906 0.008097
21644.50000 0.007784
21644.72070 0.007471
21644.93945 0.00716
21645.15039 0.006847
21645.36914 0.006534
21645.58008 0.006224
21645.80078 0.005911
21646.01953 0.005625
21646.23047 0.005642
21646.44922 0.005659
21646.66992 0.005676
21646.88086 0.005693
21647.09961 0.00571
21647.31055 0.005727
21647.52930 0.005744
21647.75000 0.005761
21647.96094 0.005778
21648.17969 0.005727
21648.40039 0.005661
21648.60938 0.005596
21648.83008 0.005531
21649.03906 0.005465
21649.25977 0.0054
21649.48047 0.005335
21649.68945 0.005269
21649.91016 0.005204
21650.11914 0.00516
21650.33984 0.005132
21650.56055 0.005104
21650.76953 0.005076
21650.99023 0.005047
21651.21094 0.005019
21651.41992 0.004991
21651.64062 0.004963
21651.85938 0.004935
21652.07031 0.004887
21652.28906 0.004803
21652.50000 0.004718
21652.72070 0.004632
21652.93945 0.004547
21653.15039 0.004463
21653.36914 0.004377
21653.58984 0.004292
21653.80078 0.004207
21654.01953 0.004119
21654.23047 0.003998
21654.44922 0.003877
21654.66992 0.003757
21654.88086 0.003636
21655.09961 0.003515
21655.32031 0.003394
21655.52930 0.003274
21655.75000 0.003153
21655.96094 0.003032
21656.17969 0.002874
21656.40039 0.00271
21656.60938 0.002544
21656.83008 0.002379
21657.05078 0.002213
21657.25977 0.002049
21657.48047 0.001884
21657.69922 0.001718
21657.91016 0.001553
21658.13086 0.001668
21658.33984 0.00198
21658.56055 0.002291
21658.77930 0.002602
21658.99023 0.002911
21659.21094 0.003222
21659.42969 0.003534
21659.64062 0.003845
21659.85938 0.004157
21660.07031 0.004299
21660.28906 0.004125
21660.50977 0.00395
21660.72070 0.003776
21660.93945 0.003603
21661.16016 0.003428
21661.36914 0.003254
21661.58984 0.00308
21661.80078 0.002907
21662.01953 0.002759
21662.24023 0.002851
21662.46094 0.002943
21662.66992 0.003035
21662.89062 0.003127
21663.09961 0.003219
21663.32031 0.003311
21663.53906 0.003403
21663.75000 0.003494
21663.97070 0.003586
21664.18945 0.003508
21664.40039 0.0034
21664.61914 0.003292
21664.83008 0.003186
21665.05078 0.003078
21665.26953 0.00297
21665.48047 0.002863
21665.69922 0.002755
21665.91992 0.002649
21666.13086 0.002683
21666.34961 0.002808
21666.57031 0.002932
21666.77930 0.003057
21667.00000 0.003181
21667.21094 0.003305
21667.42969 0.00343
21667.65039 0.003555
21667.86914 0.003679
21668.08008 0.003689
21668.30078 0.003504
21668.50977 0.00332
21668.73047 0.003136
21668.94922 0.002952
21669.16016 0.002769
21669.38086 0.002585
21669.59961 0.0024
21669.81055 0.002216
21670.02930 0.002067
21670.25000 0.002142
21670.46094 0.002216
21670.67969 0.002291
21670.89062 0.002366
21671.10938 0.002441
21671.33008 0.002516
21671.53906 0.002591
21671.75977 0.002666
21671.98047 0.002741
21672.18945 0.002764
21672.41016 0.00278
21672.63086 0.002797
21672.83984 0.002813
21673.06055 0.00283
21673.27930 0.002846
21673.49023 0.002863
21673.71094 0.00288
21673.92969 0.002896
21674.14062 0.002819
21674.35938 0.002691
21674.57031 0.002563
21674.78906 0.002435
21675.00977 0.002307
21675.22070 0.002179
21675.43945 0.002051
21675.66016 0.001924
21675.86914 0.001796
21676.08984 0.001749
21676.31055 0.001816
21676.51953 0.001882
21676.74023 0.001949
21676.96094 0.002015
21677.16992 0.002081
21677.39062 0.002148
21677.60938 0.002215
21677.82031 0.002281
21678.03906 0.002351
21678.25977 0.002434
21678.47070 0.002517
21678.68945 0.0026
21678.90039 0.002684
21679.11914 0.002767
21679.33984 0.00285
21679.55078 0.002934
21679.76953 0.003017
21679.99023 0.0031
21680.19922 0.002981
21680.41992 0.002848
21680.64062 0.002716
21680.84961 0.002584
21681.07031 0.002452
21681.28906 0.002319
21681.50000 0.002187
21681.72070 0.002056
21681.93945 0.001924
21682.15039 0.001826
21682.36914 0.001742
21682.58984 0.001659
21682.80078 0.001575
21683.01953 0.001492
21683.24023 0.001408
21683.44922 0.001325
21683.66992 0.001242
21683.88086 0.001159
21684.09961 0.001149
21684.32031 0.001223
21684.53906 0.001297
21684.75000 0.001372
21684.97070 0.001446
21685.18945 0.00152
21685.40039 0.001594
21685.61914 0.001668
21685.83008 0.001742
21686.05078 0.001806
21686.26953 0.001836
21686.48047 0.001866
21686.69922 0.001896
21686.91992 0.001926
21687.13086 0.001957
21687.34961 0.001987
21687.57031 0.002017
21687.77930 0.002047
21688.00000 0.002077
21688.22070 0.00191
21688.42969 0.001744
21688.65039 0.001577
21688.86914 0.00141
21689.08008 0.001244
21689.30078 0.001077
21689.51953 0.000911
21689.73047 0.000744
21689.94922 0.000578
21690.16992 0.000554
21690.38086 0.000572
21690.59961 0.00059
21690.82031 0.000608
21691.02930 0.000626
21691.25000 0.000644
21691.47070 0.000662
21691.67969 0.00068
21691.90039 0.000698
21692.11914 0.00068
21692.33008 0.000631
21692.55078 0.000582
21692.76953 0.000533
21692.98047 0.000484
21693.19922 0.000436
23862.51953 0.0
