threeML/data/optical_filters/HST/NICMOS3-F196N.ecsv
# %ECSV 0.9
# ---
# datatype:
# - {name: wavelength, unit: Angstrom, datatype: float32}
# - {name: response, datatype: float32}
# meta: !!omap
# - {band_name: F196N}
# - {group_name: NICMOS3}
wavelength response
[from data line 767]
19549.38086 0.147022
19549.58008 0.147893
19549.78906 0.148764
19549.98047 0.149627
19550.18945 0.15038
19550.39062 0.151123
19550.58984 0.151866
19550.78906 0.15261
19550.99023 0.153353
19551.18945 0.154096
19551.39062 0.15484
19551.58984 0.155576
19551.78906 0.15632
19551.99023 0.157063
19552.19922 0.157856
19552.40039 0.15865
19552.59961 0.159445
19552.80078 0.160239
19553.00000 0.161033
19553.19922 0.161828
19553.40039 0.162615
19553.59961 0.163409
19553.80078 0.164204
19554.00000 0.164997
19554.21094 0.165735
19554.41016 0.166473
19554.60938 0.167211
19554.81055 0.167949
19555.00977 0.168686
19555.21094 0.169417
19555.41016 0.170155
19555.60938 0.170893
19555.81055 0.171631
19556.00977 0.172369
19556.21094 0.173109
19556.41992 0.173848
19556.61914 0.174588
19556.82031 0.175327
19557.01953 0.176067
19557.22070 0.176806
19557.41992 0.177539
19557.61914 0.178278
19557.82031 0.179018
19558.01953 0.179749
19558.22070 0.180418
19558.42969 0.181087
19558.63086 0.181756
19558.83008 0.182425
19559.02930 0.183094
19559.23047 0.183763
19559.42969 0.184432
19559.63086 0.185101
19559.83008 0.185764
19560.02930 0.186447
19560.23047 0.187205
19560.43945 0.187964
19560.64062 0.188722
19560.83984 0.18948
19561.03906 0.190238
19561.24023 0.190996
19561.43945 0.191755
19561.64062 0.192513
19561.83984 0.193271
19562.03906 0.193984
19562.25000 0.194539
19562.44922 0.195094
19562.65039 0.195644
19562.84961 0.196199
19563.05078 0.196755
19563.25000 0.19731
19563.44922 0.197865
19563.65039 0.19842
19563.84961 0.198976
19564.05078 0.199562
19564.25977 0.200232
19564.46094 0.200902
19564.66016 0.201572
19564.85938 0.202242
19565.06055 0.202912
19565.25977 0.203582
19565.46094 0.204252
19565.66016 0.204923
19565.86914 0.205593
19566.07031 0.206216
19566.26953 0.206744
19566.47070 0.207267
19566.66992 0.207796
19566.86914 0.208324
19567.07031 0.208852
19567.26953 0.209381
19567.47070 0.209909
19567.66992 0.210437
19567.86914 0.210966
19568.08008 0.211467
19568.27930 0.211924
19568.48047 0.21238
19568.67969 0.212837
19568.88086 0.213293
19569.08008 0.21375
19569.27930 0.214207
19569.48047 0.214663
19569.68945 0.21512
19569.89062 0.215577
19570.08984 0.216049
19570.28906 0.216541
19570.49023 0.217033
19570.68945 0.217526
19570.89062 0.218018
19571.08984 0.21851
19571.28906 0.219002
19571.50000 0.219494
19571.69922 0.219987
19571.90039 0.220479
19572.09961 0.220924
19572.30078 0.22132
19572.50000 0.221717
19572.69922 0.222113
19572.90039 0.222509
19573.10938 0.222906
19573.31055 0.223302
19573.50977 0.223699
19573.71094 0.224095
19573.91016 0.224492
19574.10938 0.224851
19574.31055 0.225179
19574.50977 0.225507
19574.71094 0.225835
19574.91992 0.226163
19575.11914 0.226492
19575.32031 0.22682
19575.51953 0.227148
19575.72070 0.227477
19575.91992 0.227805
19576.11914 0.228141
19576.32031 0.228482
19576.52930 0.228822
19576.73047 0.229163
19576.92969 0.229504
19577.13086 0.229845
19577.33008 0.230185
19577.52930 0.230526
19577.73047 0.230867
19577.92969 0.231208
19578.13086 0.231496
19578.33984 0.231758
19578.53906 0.23202
19578.74023 0.232282
19578.93945 0.232545
19579.14062 0.232807
19579.33984 0.233069
19579.53906 0.233331
19579.74023 0.233594
19579.94922 0.233856
19580.15039 0.234184
19580.34961 0.234537
19580.55078 0.234889
19580.75000 0.235242
19580.94922 0.235595
19581.15039 0.235948
19581.34961 0.236301
19581.55078 0.236653
19581.75977 0.237006
19581.96094 0.237359
19582.16016 0.237608
19582.35938 0.237828
19582.56055 0.238048
19582.75977 0.238271
19582.96094 0.238491
19583.16992 0.238711
19583.36914 0.238932
19583.57031 0.239152
19583.76953 0.239372
19583.97070 0.239593
19584.16992 0.239804
19584.36914 0.240013
19584.57031 0.240223
19584.77930 0.240432
19584.98047 0.240642
19585.17969 0.240851
19585.38086 0.241061
19585.58008 0.24127
19585.77930 0.24148
19585.98047 0.24169
19586.17969 0.241885
19586.38086 0.242079
19586.58984 0.242275
19586.78906 0.242469
19586.99023 0.242663
19587.18945 0.242857
19587.39062 0.243051
19587.58984 0.243246
19587.78906 0.24344
19588.00000 0.243634
19588.19922 0.243755
19588.40039 0.243875
19588.59961 0.243995
19588.80078 0.244115
19589.00000 0.244235
19589.19922 0.244355
19589.41016 0.244476
19589.60938 0.244595
19589.81055 0.244715
19590.00977 0.244838
19590.21094 0.245011
19590.41016 0.245185
19590.60938 0.245359
19590.81055 0.245532
19591.01953 0.245706
19591.22070 0.24588
19591.41992 0.246054
19591.61914 0.246227
19591.82031 0.246402
19592.01953 0.246566
19592.22070 0.246656
19592.42969 0.246746
19592.63086 0.246836
19592.83008 0.246926
19593.02930 0.247016
19593.23047 0.247106
19593.42969 0.247196
19593.63086 0.247286
19593.83984 0.247377
19594.03906 0.247463
19594.24023 0.247535
19594.43945 0.247607
19594.64062 0.247678
19594.83984 0.24775
19595.03906 0.247822
19595.24023 0.247893
19595.44922 0.247965
19595.65039 0.248037
19595.84961 0.248109
19596.05078 0.248209
19596.25000 0.248392
19596.44922 0.248576
19596.65039 0.248759
19596.85938 0.248943
19597.06055 0.249126
19597.25977 0.249309
19597.46094 0.249495
19597.66016 0.249678
19597.85938 0.249861
19598.06055 0.249976
19598.26953 0.249944
19598.47070 0.249913
19598.66992 0.249881
19598.86914 0.24985
19599.07031 0.249818
19599.26953 0.249786
19599.47070 0.249754
19599.67969 0.249723
19599.88086 0.249691
19600.08008 0.249694
19600.27930 0.249751
19600.48047 0.249808
19600.67969 0.249866
19600.88086 0.249923
19601.08984 0.24998
19601.28906 0.250037
19601.49023 0.250094
19601.68945 0.250151
19601.89062 0.250208
19602.08984 0.250261
19602.28906 0.250308
19602.50000 0.250355
19602.69922 0.250401
19602.90039 0.250449
19603.09961 0.250495
19603.30078 0.250543
19603.50000 0.25059
19603.71094 0.250637
19603.91016 0.250684
19604.10938 0.25076
19604.31055 0.250862
19604.50977 0.250964
19604.71094 0.251068
19604.91016 0.25117
19605.11914 0.251272
19605.32031 0.251374
19605.51953 0.251476
19605.72070 0.251578
19605.91992 0.251681
19606.11914 0.251725
19606.32031 0.251733
19606.52930 0.251741
19606.73047 0.251749
19606.92969 0.251756
19607.13086 0.251764
19607.33008 0.251772
19607.52930 0.251779
19607.73047 0.251787
19607.93945 0.251795
19608.14062 0.251746
19608.33984 0.25167
19608.53906 0.251594
19608.74023 0.251519
19608.93945 0.251444
19609.14062 0.251368
19609.34961 0.251292
19609.55078 0.251217
19609.75000 0.251142
19609.94922 0.251066
19610.15039 0.251136
19610.34961 0.251251
19610.56055 0.251368
19610.75977 0.251484
19610.96094 0.251599
19611.16016 0.251715
19611.35938 0.251831
19611.56055 0.251948
19611.76953 0.252063
19611.97070 0.252179
19612.16992 0.252107
19612.36914 0.251998
19612.57031 0.251888
19612.76953 0.251779
19612.97070 0.251671
19613.17969 0.251562
19613.38086 0.251453
19613.58008 0.251343
19613.77930 0.251234
19613.98047 0.251125
19614.17969 0.251118
19614.38086 0.251121
19614.58984 0.251123
19614.78906 0.251126
19614.99023 0.251129
19615.18945 0.251132
19615.39062 0.251134
19615.59961 0.251137
19615.80078 0.25114
19616.00000 0.251143
19616.19922 0.251137
19616.40039 0.251132
19616.59961 0.251126
19616.80078 0.251121
19617.00977 0.251115
19617.21094 0.25111
19617.41016 0.251104
19617.60938 0.251099
19617.81055 0.251094
19618.00977 0.251086
19618.22070 0.251055
19618.41992 0.251024
19618.61914 0.250992
19618.82031 0.250961
19619.01953 0.25093
19619.22070 0.250899
19619.42969 0.250868
19619.63086 0.250836
19619.83008 0.250805
19620.02930 0.250777
19620.23047 0.250771
19620.42969 0.250765
19620.63086 0.250759
19620.83984 0.250752
19621.03906 0.250746
19621.24023 0.25074
19621.43945 0.250734
19621.64062 0.250727
19621.84961 0.250721
19622.05078 0.250702
19622.25000 0.250639
19622.44922 0.250575
19622.65039 0.250512
19622.84961 0.250449
19623.05078 0.250386
19623.25977 0.250323
19623.46094 0.25026
19623.66016 0.250197
19623.85938 0.250134
19624.06055 0.250079
19624.26953 0.250042
19624.47070 0.250005
19624.66992 0.249968
19624.86914 0.249932
19625.07031 0.249895
19625.26953 0.249858
19625.48047 0.249821
19625.67969 0.249784
19625.88086 0.249748
19626.08008 0.249692
19626.27930 0.249608
19626.48047 0.249524
19626.68945 0.24944
19626.89062 0.249356
19627.08984 0.249271
19627.28906 0.249188
19627.49023 0.249104
19627.69922 0.249019
19627.90039 0.248935
19628.09961 0.24891
19628.30078 0.248946
19628.50000 0.248982
19628.69922 0.249019
19628.90039 0.249055
19629.10938 0.249091
19629.31055 0.249128
19629.50977 0.249164
19629.71094 0.2492
19629.91016 0.249236
19630.11914 0.249153
19630.32031 0.24898
19630.51953 0.248805
19630.72070 0.248632
19630.91992 0.248459
19631.11914 0.248285
19631.33008 0.248112
19631.52930 0.247939
19631.73047 0.247765
19631.92969 0.247591
19632.13086 0.24747
19632.33008 0.247377
19632.53906 0.247282
19632.74023 0.247188
19632.93945 0.247094
19633.14062 0.247
19633.33984 0.246906
19633.53906 0.246813
19633.75000 0.246719
19633.94922 0.246624
19634.15039 0.246567
19634.34961 0.246523
19634.55078 0.246478
19634.75977 0.246433
19634.96094 0.246389
19635.16016 0.246344
19635.35938 0.2463
19635.56055 0.246255
19635.76953 0.24621
19635.97070 0.246166
19636.16992 0.24614
19636.36914 0.246117
19636.57031 0.246095
19636.76953 0.246073
19636.98047 0.246051
19637.17969 0.246029
19637.38086 0.246007
19637.58008 0.245984
19637.77930 0.245962
19637.98047 0.24594
19638.18945 0.245979
19638.39062 0.246023
19638.58984 0.246067
19638.78906 0.246111
19638.99023 0.246155
19639.19922 0.246199
19639.40039 0.246243
19639.59961 0.246287
19639.80078 0.246331
19640.00000 0.246371
19640.21094 0.246184
19640.41016 0.245998
19640.60938 0.24581
19640.81055 0.245623
19641.00977 0.245437
19641.21094 0.245248
19641.41992 0.245062
19641.61914 0.244875
19641.82031 0.244687
19642.01953 0.24451
19642.22070 0.244413
19642.42969 0.244316
19642.63086 0.24422
19642.83008 0.244123
19643.02930 0.244026
19643.23047 0.24393
19643.43945 0.243833
19643.64062 0.243736
19643.83984 0.24364
19644.03906 0.243535
19644.24023 0.243403
19644.44922 0.24327
19644.65039 0.243139
19644.84961 0.243007
19645.05078 0.242874
19645.25000 0.242742
19645.44922 0.24261
19645.66016 0.242477
19645.85938 0.242345
19646.06055 0.242267
19646.25977 0.242323
19646.46094 0.242378
19646.66992 0.242434
19646.86914 0.242489
19647.07031 0.242543
19647.26953 0.242599
19647.47070 0.242654
19647.67969 0.24271
19647.88086 0.242765
19648.08008 0.242734
19648.27930 0.242569
19648.48047 0.242404
19648.67969 0.24224
19648.89062 0.242074
19649.08984 0.24191
19649.28906 0.241744
19649.49023 0.24158
19649.68945 0.241416
19649.90039 0.24125
19650.09961 0.241181
19650.30078 0.241214
19650.50000 0.241247
19650.69922 0.24128
19650.91016 0.241313
19651.10938 0.241345
19651.31055 0.241378
19651.50977 0.241411
19651.71094 0.241444
19651.91992 0.241477
19652.11914 0.241399
19652.32031 0.241241
19652.51953 0.241085
19652.72070 0.240929
19652.92969 0.240771
19653.13086 0.240615
19653.33008 0.240457
19653.52930 0.240301
19653.73047 0.240143
19653.93945 0.239987
19654.14062 0.239956
19654.33984 0.239984
19654.53906 0.240013
19654.74023 0.240041
19654.94922 0.24007
19655.15039 0.240098
19655.34961 0.240126
19655.55078 0.240155
19655.75000 0.240183
19655.96094 0.240212
19656.16016 0.240317
19656.35938 0.240444
19656.56055 0.240572
19656.75977 0.240698
19656.96094 0.240825
19657.16992 0.240952
19657.36914 0.241079
19657.57031 0.241207
19657.76953 0.241333
19657.98047 0.241461
19658.17969 0.241367
19658.38086 0.241244
19658.58008 0.24112
19658.77930 0.240997
19658.99023 0.240872
19659.18945 0.240749
19659.39062 0.240625
19659.58984 0.240502
19659.78906 0.240377
19660.00000 0.240254
19660.19922 0.240281
19660.40039 0.240311
19660.59961 0.24034
19660.80078 0.24037
19661.00977 0.240399
19661.21094 0.240429
19661.41016 0.240458
19661.60938 0.240488
19661.81055 0.240517
19662.01953 0.240538
19662.22070 0.240472
19662.41992 0.240405
19662.61914 0.240338
19662.82031 0.240271
19663.02930 0.240204
19663.23047 0.240137
19663.42969 0.24007
19663.63086 0.240003
19663.83984 0.239936
19664.03906 0.239913
19664.24023 0.240089
19664.43945 0.240263
19664.64062 0.240439
19664.84961 0.240613
19665.05078 0.240788
19665.25000 0.240962
19665.44922 0.241138
19665.65039 0.241312
19665.85938 0.241488
19666.06055 0.241611
19666.25977 0.241612
19666.46094 0.241612
19666.66016 0.241612
19666.86914 0.241612
19667.07031 0.241612
19667.26953 0.241612
19667.47070 0.241613
19667.67969 0.241613
19667.88086 0.241613
19668.08008 0.241637
19668.27930 0.241696
19668.48047 0.241756
19668.68945 0.241816
19668.89062 0.241876
19669.08984 0.241935
19669.28906 0.241995
19669.49023 0.242055
19669.69922 0.242115
19669.90039 0.242174
19670.09961 0.242238
19670.30078 0.242305
19670.50977 0.242372
19670.71094 0.242438
19670.91016 0.242506
19671.10938 0.242572
19671.31055 0.242639
19671.51953 0.242706
19671.72070 0.242773
19671.91992 0.24284
19672.11914 0.242912
19672.32031 0.242987
19672.52930 0.243063
19672.73047 0.243139
19672.92969 0.243215
19673.13086 0.24329
19673.33984 0.243366
19673.53906 0.243442
19673.74023 0.243517
19673.93945 0.243593
19674.14062 0.24368
19674.34961 0.243773
19674.55078 0.243864
19674.75000 0.243957
19674.94922 0.244049
19675.16016 0.244142
19675.35938 0.244233
19675.56055 0.244326
19675.75977 0.244418
19675.96094 0.24451
19676.16992 0.244616
19676.36914 0.244726
19676.57031 0.244835
19676.76953 0.244945
19676.98047 0.245055
19677.17969 0.245163
19677.38086 0.245273
19677.58008 0.245382
19677.78906 0.245492
19677.99023 0.245601
19678.18945 0.245714
19678.39062 0.245825
19678.58984 0.245938
19678.78906 0.24605
19679.00000 0.246163
19679.19922 0.246276
19679.40039 0.246387
19679.60938 0.2465
19679.81055 0.246612
19680.00977 0.246727
19680.21094 0.246884
19680.41016 0.247043
19680.61914 0.2472
19680.82031 0.247358
19681.01953 0.247517
19681.22070 0.247674
19681.42969 0.247833
19681.63086 0.24799
19681.83008 0.248148
19682.02930 0.248299
19682.23047 0.24841
19682.43945 0.248522
19682.64062 0.248633
19682.83984 0.248745
19683.03906 0.248856
19683.25000 0.248968
19683.44922 0.249079
19683.65039 0.249191
19683.84961 0.249303
19684.05078 0.249434
19684.25977 0.249622
19684.46094 0.249807
19684.66016 0.249995
19684.85938 0.250181
19685.07031 0.250368
19685.26953 0.250556
19685.47070 0.250742
19685.66992 0.250929
19685.88086 0.251115
19686.08008 0.251269
19686.27930 0.251369
19686.48047 0.25147
19686.68945 0.251571
19686.89062 0.251671
19687.08984 0.251771
19687.28906 0.251871
19687.49023 0.251972
19687.69922 0.252073
19687.90039 0.252173
19688.09961 0.252304
19688.30078 0.252462
19688.50977 0.252622
19688.71094 0.252782
19688.91016 0.252941
19689.10938 0.253101
19689.31055 0.253259
19689.51953 0.25342
19689.72070 0.25358
19689.91992 0.253738
19690.13086 0.253846
19690.33008 0.25392
19690.52930 0.253995
19690.73047 0.254069
19690.92969 0.254143
19691.14062 0.254218
19691.33984 0.254293
19691.53906 0.254367
19691.74023 0.254442
19691.94922 0.254516
19692.15039 0.254594
19692.34961 0.254673
19692.55078 0.254752
19692.75977 0.254831
19692.96094 0.25491
19693.16016 0.254989
19693.35938 0.255068
19693.56055 0.255147
19693.76953 0.255226
19693.97070 0.255306
19694.16992 0.255348
19694.38086 0.255384
19694.58008 0.255421
19694.77930 0.255457
19694.98047 0.255493
19695.17969 0.255529
19695.39062 0.255566
19695.58984 0.255602
19695.78906 0.255638
19695.99023 0.255675
19696.19922 0.255695
19696.40039 0.255714
19696.59961 0.255733
19696.80078 0.255753
19697.00977 0.255772
19697.21094 0.255791
19697.41016 0.25581
19697.60938 0.25583
19697.82031 0.255849
19698.01953 0.255856
19698.22070 0.255734
19698.41992 0.255612
19698.63086 0.255491
19698.83008 0.255369
19699.02930 0.255247
19699.23047 0.255127
19699.43945 0.255005
19699.64062 0.254883
19699.83984 0.254762
19700.03906 0.254675
19700.25000 0.254717
19700.44922 0.254758
19700.65039 0.2548
19700.84961 0.254842
19701.05078 0.254884
19701.25977 0.254926
19701.46094 0.254968
19701.66016 0.255009
19701.86914 0.255051
19702.07031 0.255014
19702.26953 0.254823
19702.47070 0.254629
19702.67969 0.254436
19702.88086 0.254244
19703.08008 0.254051
19703.27930 0.253858
19703.48047 0.253666
