threeML/data/optical_filters/HST/NICMOS2-F216N.ecsv
# %ECSV 0.9
# ---
# datatype:
# - {name: wavelength, unit: Angstrom, datatype: float32}
# - {name: response, datatype: float32}
# meta: !!omap
# - {band_name: F216N}
# - {group_name: NICMOS2}
wavelength response
21406.28906 0.0
21406.50000 0.000157
21406.72070 0.000452
21406.92969 0.000745
21407.15039 0.00104
21407.35938 0.001333
21407.57031 0.001628
21407.78906 0.001921
21408.00000 0.002212
21408.21094 0.00203
21408.42969 0.001846
21408.64062 0.001665
21408.85938 0.001481
21409.07031 0.001299
21409.28906 0.001116
21409.50000 0.000934
21409.71094 0.000751
21409.92969 0.000569
21410.14062 0.000548
21410.34961 0.000613
21410.57031 0.000679
21410.77930 0.000744
21411.00000 0.000809
21411.21094 0.000874
21411.41992 0.000939
21411.64062 0.001004
21411.84961 0.00107
21412.06055 0.001097
21412.27930 0.001038
21412.49023 0.000979
21412.71094 0.00092
21412.91992 0.000861
21413.13086 0.000802
21413.34961 0.000743
21413.56055 0.000684
21413.77930 0.000625
21413.99023 0.000566
21414.19922 0.000686
21414.41992 0.000816
21414.63086 0.000945
21414.84961 0.001075
21415.06055 0.001204
21415.26953 0.001334
21415.49023 0.001463
21415.69922 0.001593
21415.91016 0.001722
21416.13086 0.001814
21416.33984 0.001881
21416.56055 0.001948
21416.76953 0.002014
21416.98047 0.002081
21417.19922 0.002147
21417.41016 0.002214
21417.61914 0.00228
21417.83984 0.002347
21418.05078 0.002343
21418.26953 0.002121
21418.48047 0.001901
21418.69922 0.001679
21418.91016 0.001457
21419.11914 0.001238
21419.33984 0.001016
21419.55078 0.000796
21419.76953 0.000574
21419.98047 0.000354
21420.18945 0.000408
21420.41016 0.000492
21420.61914 0.000576
21420.83008 0.00066
21421.05078 0.000745
21421.25977 0.000828
21421.48047 0.000913
21421.68945 0.000997
21421.90039 0.001081
21422.11914 0.001147
21422.33008 0.001198
21422.55078 0.00125
21422.75977 0.001301
21422.97070 0.001352
21423.18945 0.001404
21423.40039 0.001455
21423.61914 0.001507
21423.83008 0.001558
21424.03906 0.001595
21424.25977 0.001578
21424.47070 0.001562
21424.68945 0.001545
21424.90039 0.001528
21425.10938 0.001512
21425.33008 0.001495
21425.53906 0.001478
21425.75977 0.001462
21425.97070 0.001445
21426.17969 0.001536
21426.40039 0.001645
21426.60938 0.001753
21426.83008 0.001862
21427.03906 0.001971
21427.25000 0.00208
21427.47070 0.002189
21427.67969 0.002297
21427.90039 0.002406
21428.10938 0.00245
21428.32031 0.002432
21428.53906 0.002415
21428.75000 0.002398
21428.97070 0.002381
21429.17969 0.002363
21429.39062 0.002346
21429.60938 0.002329
21429.82031 0.002312
21430.03906 0.002283
21430.25000 0.0022
21430.46094 0.002116
21430.67969 0.002032
21430.89062 0.001948
21431.10938 0.001864
21431.32031 0.001781
21431.53906 0.001697
21431.75000 0.001614
21431.96094 0.001529
21432.17969 0.001472
21432.39062 0.001421
21432.60938 0.00137
21432.82031 0.001319
21433.02930 0.001267
21433.25000 0.001216
21433.46094 0.001165
21433.67969 0.001113
21433.89062 0.001061
21434.09961 0.001029
21434.32031 0.001015
21434.52930 0.001001
21434.75000 0.000988
21434.96094 0.000974
21435.16992 0.00096
21435.39062 0.000947
21435.59961 0.000933
21435.82031 0.00092
21436.02930 0.000917
21436.24023 0.000983
21436.46094 0.001049
21436.66992 0.001115
21436.89062 0.001181
21437.09961 0.001247
21437.31055 0.001312
21437.52930 0.001378
21437.74023 0.001445
21437.96094 0.00151
21438.16992 0.001772
21438.39062 0.002083
21438.59961 0.00239
21438.81055 0.002701
21439.02930 0.003009
21439.24023 0.00332
21439.46094 0.00363
21439.66992 0.003938
21439.88086 0.004249
21440.09961 0.00433
21440.31055 0.004148
21440.52930 0.003964
21440.74023 0.00378
21440.96094 0.003598
21441.16992 0.003414
21441.38086 0.00323
21441.59961 0.003048
21441.81055 0.002864
21442.02930 0.002703
21442.24023 0.002706
21442.46094 0.002708
21442.66992 0.00271
21442.88086 0.002712
21443.09961 0.002714
21443.31055 0.002716
21443.52930 0.002719
21443.74023 0.002721
21443.94922 0.002723
21444.16992 0.002815
21444.38086 0.002932
21444.59961 0.003048
21444.81055 0.003165
21445.02930 0.003282
21445.24023 0.003398
21445.44922 0.003516
21445.66992 0.003633
21445.88086 0.003749
21446.09961 0.003791
21446.31055 0.003742
21446.51953 0.003692
21446.74023 0.003642
21446.94922 0.003592
21447.16992 0.003543
21447.38086 0.003493
21447.59961 0.003443
21447.81055 0.003394
21448.01953 0.00335
21448.24023 0.003352
21448.44922 0.003354
21448.66992 0.003356
21448.88086 0.003358
21449.09961 0.00336
21449.31055 0.003362
21449.51953 0.003364
21449.74023 0.003366
21449.94922 0.003368
21450.16992 0.003419
21450.38086 0.003485
21450.58984 0.00355
21450.81055 0.003615
21451.01953 0.00368
21451.24023 0.003746
21451.44922 0.003811
21451.66992 0.003876
21451.88086 0.003942
21452.08984 0.003975
21452.31055 0.003968
21452.51953 0.00396
21452.74023 0.003953
21452.94922 0.003946
21453.16992 0.003939
21453.38086 0.003932
21453.58984 0.003925
21453.81055 0.003917
21454.01953 0.003916
21454.24023 0.003958
21454.44922 0.004002
21454.66992 0.004045
21454.88086 0.004088
21455.08984 0.004131
21455.31055 0.004174
21455.51953 0.004217
21455.74023 0.00426
21455.94922 0.004303
21456.16992 0.00436
21456.38086 0.004421
21456.58984 0.004481
21456.81055 0.004542
21457.01953 0.004603
21457.24023 0.004664
21457.44922 0.004724
21457.66992 0.004785
21457.88086 0.004846
21458.08984 0.00487
21458.31055 0.004845
21458.51953 0.004821
21458.74023 0.004797
21458.94922 0.004773
21459.16992 0.004748
21459.38086 0.004724
21459.59961 0.0047
21459.81055 0.004676
21460.01953 0.004652
21460.24023 0.004636
21460.44922 0.004619
21460.66992 0.004602
21460.88086 0.004586
21461.09961 0.004569
21461.31055 0.004552
21461.51953 0.004536
21461.74023 0.004519
21461.94922 0.004502
21462.16992 0.004646
21462.38086 0.004833
21462.59961 0.005022
21462.81055 0.00521
21463.02930 0.005399
21463.24023 0.005586
21463.44922 0.005774
21463.66992 0.005963
21463.88086 0.006152
21464.09961 0.006248
21464.31055 0.006233
21464.52930 0.006218
21464.74023 0.006203
21464.94922 0.006188
21465.16992 0.006173
21465.38086 0.006158
21465.59961 0.006143
21465.81055 0.006128
21466.02930 0.006113
21466.24023 0.006099
21466.46094 0.006086
21466.66992 0.006072
21466.88086 0.006058
21467.09961 0.006044
21467.31055 0.006031
21467.52930 0.006017
21467.74023 0.006003
21467.96094 0.005989
21468.16992 0.006172
21468.38086 0.006405
21468.59961 0.006639
21468.81055 0.006871
21469.02930 0.007105
21469.24023 0.007339
21469.46094 0.007573
21469.66992 0.007806
21469.88086 0.008038
21470.09961 0.008136
21470.31055 0.008077
21470.52930 0.008017
21470.74023 0.007958
21470.96094 0.007899
21471.16992 0.007839
21471.39062 0.00778
21471.59961 0.00772
21471.82031 0.007661
21472.02930 0.007629
21472.24023 0.00777
21472.46094 0.007911
21472.66992 0.008052
21472.89062 0.008194
21473.09961 0.008333
21473.32031 0.008475
21473.52930 0.008616
21473.75000 0.008757
21473.96094 0.008898
21474.17969 0.009016
21474.39062 0.009128
21474.59961 0.009241
21474.82031 0.009353
21475.02930 0.009466
21475.25000 0.009579
21475.46094 0.009691
21475.67969 0.009804
21475.89062 0.009916
21476.10938 0.01001
21476.32031 0.010084
21476.53906 0.010158
21476.75000 0.010231
21476.96094 0.010305
21477.17969 0.010379
21477.39062 0.010453
21477.60938 0.010527
21477.82031 0.010601
21478.03906 0.010684
21478.25000 0.01082
21478.46094 0.010956
21478.67969 0.011092
21478.89062 0.011228
21479.10938 0.011364
21479.32031 0.011499
21479.53906 0.011635
21479.75000 0.01177
21479.97070 0.011906
21480.17969 0.011806
21480.40039 0.011663
21480.60938 0.011519
21480.82031 0.011377
21481.03906 0.011234
21481.25000 0.01109
21481.47070 0.010947
21481.67969 0.010803
21481.90039 0.01066
21482.10938 0.010707
21482.33008 0.01093
21482.53906 0.011152
21482.75977 0.011374
21482.97070 0.011597
21483.18945 0.011819
21483.40039 0.012041
21483.61914 0.012264
21483.83008 0.012484
21484.03906 0.01269
21484.25977 0.012833
21484.47070 0.012976
21484.68945 0.013118
21484.90039 0.013261
21485.11914 0.013403
21485.33008 0.013545
21485.53906 0.013687
21485.75977 0.01383
21485.97070 0.013973
21486.18945 0.014216
21486.40039 0.014473
21486.61914 0.01473
21486.83008 0.014986
21487.05078 0.015241
21487.25977 0.015498
21487.48047 0.015755
21487.68945 0.016011
21487.91016 0.016268
21488.11914 0.016371
21488.33984 0.016356
21488.55078 0.01634
21488.76953 0.016325
21488.98047 0.016309
21489.18945 0.016294
21489.41016 0.016278
21489.61914 0.016262
21489.83984 0.016247
21490.05078 0.016307
21490.26953 0.016602
21490.48047 0.016896
21490.69922 0.01719
21490.91016 0.017485
21491.13086 0.017776
21491.33984 0.018071
21491.55078 0.018365
21491.76953 0.01866
21491.98047 0.018954
21492.19922 0.018992
21492.41016 0.019009
21492.63086 0.019027
21492.83984 0.019045
21493.06055 0.019063
21493.26953 0.01908
21493.49023 0.019098
21493.69922 0.019115
21493.91992 0.019133
21494.13086 0.01933
21494.34961 0.019643
21494.56055 0.019956
21494.77930 0.020268
21494.99023 0.020581
21495.21094 0.020893
21495.41992 0.021206
21495.63086 0.021518
21495.84961 0.021831
21496.06055 0.022099
21496.27930 0.022268
21496.49023 0.022437
21496.71094 0.022606
21496.91992 0.022775
21497.14062 0.022944
21497.34961 0.023112
21497.57031 0.023281
21497.77930 0.02345
21498.00000 0.023619
21498.21094 0.023983
21498.42969 0.02435
21498.64062 0.024717
21498.85938 0.025085
21499.07031 0.025452
21499.28906 0.025819
21499.50000 0.026183
21499.71094 0.02655
21499.92969 0.026917
21500.14062 0.027157
21500.35938 0.027332
21500.57031 0.027507
21500.78906 0.027681
21501.00000 0.027856
21501.22070 0.028031
21501.42969 0.028206
21501.65039 0.028381
21501.85938 0.028556
21502.08008 0.028805
21502.28906 0.029191
21502.50977 0.029576
21502.72070 0.029961
21502.93945 0.030346
21503.15039 0.030732
21503.36914 0.031117
21503.58008 0.031502
21503.78906 0.031887
21504.00977 0.032274
21504.22070 0.032695
21504.43945 0.033111
21504.65039 0.033531
21504.86914 0.033952
21505.08008 0.034372
21505.30078 0.034792
21505.50977 0.035212
21505.73047 0.035633
21505.93945 0.036053
21506.16016 0.036344
21506.36914 0.036586
21506.58984 0.036828
21506.80078 0.03707
21507.01953 0.037312
21507.23047 0.037554
21507.44922 0.037796
21507.66016 0.038038
21507.86914 0.03828
21508.08984 0.038644
21508.30078 0.039179
21508.51953 0.039713
21508.73047 0.040248
21508.94922 0.040782
21509.16016 0.041317
21509.38086 0.041851
21509.58984 0.042386
21509.81055 0.04292
21510.01953 0.043443
21510.24023 0.043869
21510.44922 0.044295
21510.66992 0.044722
21510.88086 0.045148
21511.09961 0.045574
21511.31055 0.046
21511.52930 0.046427
21511.74023 0.046853
21511.96094 0.047279
21512.16992 0.047695
21512.39062 0.048109
21512.59961 0.048522
21512.82031 0.048936
21513.02930 0.049349
21513.25000 0.049763
21513.46094 0.050177
21513.67969 0.05059
21513.89062 0.051004
21514.10938 0.051592
21514.32031 0.052362
21514.53906 0.053132
21514.75000 0.053902
21514.96094 0.054672
21515.17969 0.055442
21515.39062 0.056212
21515.60938 0.056981
21515.82031 0.057751
21516.03906 0.058488
21516.25977 0.059049
21516.47070 0.05961
21516.68945 0.060171
21516.90039 0.060731
21517.11914 0.061292
21517.33008 0.061853
21517.53906 0.062414
21517.75977 0.062975
21517.97070 0.063535
21518.18945 0.064326
21518.40039 0.065147
21518.61914 0.065968
21518.83008 0.066789
21519.05078 0.067611
21519.25977 0.068432
21519.48047 0.069253
21519.68945 0.070075
21519.91016 0.070896
21520.11914 0.071553
21520.33984 0.072089
21520.55078 0.072624
21520.76953 0.07316
21520.98047 0.073695
21521.19922 0.074236
21521.41016 0.074771
21521.63086 0.075307
21521.83984 0.075842
21522.06055 0.076495
21522.26953 0.077461
21522.49023 0.078427
21522.69922 0.079393
21522.91992 0.080359
21523.13086 0.081325
21523.34961 0.082291
21523.56055 0.083257
21523.77930 0.084223
21523.99023 0.085189
21524.21094 0.08606
21524.41992 0.086934
21524.64062 0.087801
21524.84961 0.088668
21525.07031 0.089535
21525.27930 0.090401
21525.50000 0.091268
21525.71094 0.092135
21525.92969 0.093002
21526.14062 0.093785
21526.35938 0.094525
21526.57031 0.095266
21526.78906 0.096006
21527.00000 0.096746
21527.22070 0.097493
21527.42969 0.098234
21527.65039 0.098974
21527.85938 0.099715
21528.08008 0.100678
21528.28906 0.10203
21528.50977 0.103382
21528.72070 0.104734
21528.93945 0.106086
21529.15039 0.107438
21529.36914 0.10879
21529.58008 0.110155
21529.80078 0.111507
21530.00977 0.112838
21530.23047 0.113854
21530.43945 0.114871
21530.66016 0.115887
21530.86914 0.116903
21531.08984 0.11792
21531.30078 0.118937
21531.51953 0.119962
21531.73047 0.120979
21531.94922 0.121996
21532.16016 0.123207
21532.38086 0.124478
21532.58984 0.12575
21532.81055 0.127022
21533.01953 0.128293
21533.24023 0.129565
21533.46094 0.130848
21533.66992 0.13212
21533.88086 0.133392
21534.09961 0.134637
21534.31055 0.135853
21534.52930 0.137068
21534.74023 0.138284
21534.96094 0.139499
21535.17969 0.140726
21535.39062 0.141942
21535.60938 0.143157
21535.82031 0.144373
21536.03906 0.145596
21536.25000 0.146859
21536.46094 0.148121
21536.67969 0.149384
21536.90039 0.150658
21537.10938 0.151921
21537.33008 0.153183
21537.53906 0.154446
21537.75977 0.155709
21537.97070 0.156971
21538.18945 0.158085
21538.40039 0.159185
21538.61914 0.160274
21538.83008 0.161364
21539.05078 0.162454
21539.25977 0.163544
21539.48047 0.164634
21539.68945 0.165724
21539.91016 0.166824
21540.11914 0.168046
21540.33984 0.169366
21540.55078 0.170686
21540.76953 0.172006
21540.98047 0.173326
21541.19922 0.174659
21541.41016 0.175979
21541.63086 0.177299
21541.83984 0.17862
21542.06055 0.179906
21542.26953 0.181102
21542.49023 0.18231
21542.71094 0.183506
21542.91992 0.184702
21543.13086 0.185899
21543.34961 0.187095
21543.56055 0.188292
21543.77930 0.189499
21544.00000 0.190696
21544.21094 0.191668
21544.42969 0.192636
21544.64062 0.193604
21544.85938 0.194572
21545.07031 0.195549
21545.28906 0.196517
21545.50000 0.197486
21545.72070 0.198454
21545.92969 0.199422
21546.15039 0.200595
21546.35938 0.201874
21546.58008 0.203143
21546.78906 0.204411
21547.00977 0.205679
21547.22070 0.206947
21547.43945 0.208227
21547.65039 0.209495
21547.86914 0.210764
21548.08008 0.211886
21548.30078 0.212782
21548.51953 0.213686
21548.73047 0.214582
21548.94922 0.215477
21549.16016 0.216373
21549.36914 0.217269
21549.58984 0.218173
21549.81055 0.219069
21550.01953 0.219985
21550.24023 0.221089
21550.44922 0.222192
21550.66992 0.223306
21550.88086 0.224409
21551.09961 0.225513
21551.31055 0.226617
21551.52930 0.22772
21551.74023 0.228834
21551.96094 0.229938
21552.16992 0.230725
21552.39062 0.231437
21552.59961 0.23215
21552.82031 0.232869
21553.03906 0.233581
21553.25000 0.234293
21553.46094 0.235006
21553.67969 0.235725
21553.90039 0.236437
21554.10938 0.237138
21554.33008 0.237828
21554.53906 0.238518
21554.75977 0.239214
21554.97070 0.239904
21555.18945 0.240594
21555.40039 0.241284
21555.61914 0.24198
21555.83008 0.24267
21556.05078 0.243341
21556.25977 0.243947
21556.48047 0.244558
21556.69922 0.245164
21556.91016 0.24577
21557.13086 0.246376
21557.33984 0.246987
21557.56055 0.247593
21557.76953 0.248199
21557.99023 0.248805
21558.19922 0.24926
21558.41992 0.2497
21558.63086 0.25014
21558.84961 0.25058
21559.06055 0.251024
21559.27930 0.251464
21559.49023 0.251904
21559.71094 0.252345
21559.92969 0.252789
21560.14062 0.253155
21560.35938 0.253481
21560.57031 0.253808
21560.78906 0.254138
21561.00000 0.254464
21561.22070 0.254791
21561.42969 0.255118
21561.65039 0.255447
21561.85938 0.255774
21562.08008 0.256067
21562.28906 0.256299
21562.50977 0.256533
21562.72070 0.256765
21562.93945 0.256997
21563.15039 0.25723
21563.36914 0.257464
21563.58984 0.257696
21563.80078 0.257929
21564.01953 0.258164
21564.23047 0.25841
21564.44922 0.258655
21564.66016 0.2589
21564.88086 0.259148
21565.08984 0.259393
21565.31055 0.259639
21565.52930 0.259887
21565.74023 0.260132
21565.96094 0.260378
21566.16992 0.260346
21566.39062 0.26024
21566.59961 0.260135
21566.82031 0.26003
21567.02930 0.259924
21567.25000 0.259819
21567.46094 0.259714
21567.67969 0.259609
21567.89062 0.259503
21568.10938 0.259421
21568.32031 0.25936
21568.53906 0.259299
21568.75977 0.259239
21568.97070 0.259178
21569.18945 0.259118
21569.40039 0.259056
21569.61914 0.258996
21569.83008 0.258935
21570.05078 0.25888
21570.25977 0.258845
21570.48047 0.258811
