threeML/data/optical_filters/HST/NICMOS1-F108N.ecsv
# %ECSV 0.9
# ---
# datatype:
# - {name: wavelength, unit: Angstrom, datatype: float32}
# - {name: response, datatype: float32}
# meta: !!omap
# - {band_name: F108N}
# - {group_name: NICMOS1}
wavelength response
[from data line 766]
10849.96973 0.079009
10850.16992 0.078718
10850.37012 0.078415
10850.57031 0.078113
10850.76953 0.077811
10850.95996 0.077508
10851.16016 0.077205
10851.36035 0.076902
10851.55957 0.076599
10851.75977 0.076296
10851.95020 0.075994
10852.15039 0.075678
10852.34961 0.075359
10852.54980 0.075039
10852.75000 0.074719
10852.95020 0.074399
10853.13965 0.07408
10853.33984 0.073761
10853.54004 0.073442
10853.74023 0.073122
10853.94043 0.072802
10854.12988 0.072415
10854.33008 0.071996
10854.53027 0.071578
10854.73047 0.071159
10854.92969 0.07074
10855.12012 0.070323
10855.32031 0.069904
10855.51953 0.069485
10855.71973 0.069066
10855.91992 0.068647
10856.12012 0.068234
10856.30957 0.067824
10856.50977 0.067415
10856.70996 0.067006
10856.91016 0.066597
10857.11035 0.066187
10857.29980 0.065778
10857.50000 0.065369
10857.70020 0.064959
10857.90039 0.06455
10858.09961 0.06408
10858.29004 0.063542
10858.49023 0.063005
10858.69043 0.062467
10858.88965 0.061929
10859.08984 0.061391
10859.29004 0.060854
10859.48047 0.060316
10859.67969 0.059778
10859.87988 0.05924
10860.08008 0.058735
10860.28027 0.05828
10860.48047 0.057826
10860.66992 0.057371
10860.87012 0.056916
10861.07031 0.056461
10861.26953 0.056006
10861.46973 0.055551
10861.66992 0.055096
10861.86035 0.05464
10862.05957 0.054156
10862.25977 0.053607
10862.45996 0.053058
10862.66016 0.052507
10862.86035 0.051958
10863.04980 0.051409
10863.25000 0.05086
10863.45020 0.050311
10863.65039 0.049762
10863.84961 0.049212
10864.04004 0.048684
10864.24023 0.048225
10864.44043 0.047766
10864.63965 0.047308
10864.83984 0.046849
10865.04004 0.04639
10865.23047 0.045931
10865.42969 0.04547
10865.62988 0.045011
10865.83008 0.044552
10866.03027 0.044085
10866.23047 0.04357
10866.41992 0.043055
10866.62012 0.04254
10866.82031 0.042024
10867.01953 0.041509
10867.21973 0.040991
10867.41992 0.040475
10867.62012 0.03996
10867.80957 0.039444
10868.00977 0.038933
10868.20996 0.038497
10868.41016 0.038061
10868.61035 0.037623
10868.80957 0.037186
10869.00000 0.03675
10869.20020 0.036314
10869.40039 0.035878
10869.59961 0.035441
10869.79980 0.035003
10870.00000 0.034566
10870.19043 0.034123
10870.38965 0.033681
10870.58984 0.033238
10870.79004 0.032792
10870.99023 0.032349
10871.19043 0.031906
10871.37988 0.031463
10871.58008 0.03102
10871.78027 0.030575
10871.98047 0.030132
10872.17969 0.029758
10872.37988 0.029392
10872.58008 0.029025
10872.76953 0.028657
10872.96973 0.028291
10873.16992 0.027925
10873.37012 0.027559
10873.57031 0.02719
10873.76953 0.026824
10873.95996 0.026458
10874.16016 0.026119
10874.36035 0.025786
10874.55957 0.025453
10874.75977 0.025121
10874.95996 0.024787
10875.16016 0.024455
10875.34961 0.024122
10875.54980 0.02379
10875.75000 0.023456
10875.95020 0.023124
10876.15039 0.022784
10876.34961 0.022441
10876.54980 0.022099
10876.74023 0.021758
10876.94043 0.021416
10877.13965 0.021073
10877.33984 0.020731
10877.54004 0.020389
10877.74023 0.020046
10877.94043 0.019704
10878.12988 0.019415
10878.33008 0.019149
10878.53027 0.018884
10878.73047 0.018619
10878.92969 0.018353
10879.12988 0.018089
10879.33008 0.017824
10879.51953 0.017558
10879.71973 0.017293
10879.91992 0.017027
10880.12012 0.016762
10880.32031 0.016496
10880.51953 0.016228
10880.71973 0.015962
10880.91016 0.015696
10881.11035 0.015429
10881.30957 0.015163
10881.50977 0.014895
10881.70996 0.014629
10881.91016 0.014363
10882.11035 0.014138
10882.29980 0.013951
10882.50000 0.013763
10882.70020 0.013576
10882.90039 0.013388
10883.09961 0.013201
10883.29980 0.013013
10883.50000 0.012825
10883.70020 0.012638
10883.88965 0.01245
10884.08984 0.012268
10884.29004 0.01209
10884.49023 0.011913
10884.69043 0.011736
10884.88965 0.011558
10885.08984 0.011381
10885.29004 0.011203
10885.48047 0.011026
10885.67969 0.010848
10885.87988 0.010671
10886.08008 0.010509
10886.28027 0.010371
10886.48047 0.010232
10886.67969 0.010094
10886.87988 0.009955
10887.07031 0.009817
10887.26953 0.009678
10887.46973 0.00954
10887.66992 0.009401
10887.87012 0.009263
10888.07031 0.009124
10888.26953 0.008986
10888.45996 0.008848
10888.66016 0.00871
10888.86035 0.008571
10889.05957 0.008434
10889.25977 0.008295
10889.45996 0.008156
10889.66016 0.008018
10889.86035 0.00788
10890.04980 0.007756
10890.25000 0.00767
10890.45020 0.007583
10890.65039 0.007497
10890.84961 0.007411
10891.04980 0.007324
10891.25000 0.007237
10891.45020 0.007151
10891.65039 0.007064
10891.83984 0.006978
10892.04004 0.006889
10892.24023 0.006789
10892.44043 0.00669
10892.63965 0.006591
10892.83984 0.006492
10893.04004 0.006392
10893.24023 0.006293
10893.42969 0.006194
10893.62988 0.006094
10893.83008 0.005995
10894.03027 0.0059
10894.23047 0.005827
10894.42969 0.005755
10894.62988 0.005683
10894.83008 0.00561
10895.03027 0.005538
10895.21973 0.005465
10895.41992 0.005393
10895.62012 0.005321
10895.82031 0.005248
10896.01953 0.005176
10896.21973 0.005108
10896.41992 0.00504
10896.62012 0.004972
10896.82031 0.004904
10897.00977 0.004836
10897.20996 0.004768
10897.41016 0.0047
10897.61035 0.004632
10897.80957 0.004564
10898.00977 0.004497
10898.20996 0.00444
10898.41016 0.004383
10898.61035 0.004327
10898.79980 0.00427
10899.00000 0.004214
10899.20020 0.004157
10899.40039 0.0041
10899.59961 0.004044
10899.79980 0.003987
10900.00000 0.003931
10900.20020 0.00388
10900.40039 0.00383
10900.59961 0.00378
10900.79004 0.00373
10900.99023 0.003679
10901.19043 0.003629
10901.38965 0.003579
10901.58984 0.003529
10901.79004 0.003478
10901.99023 0.003428
10902.19043 0.003388
10902.38965 0.003349
10902.58984 0.00331
10902.79004 0.003271
10902.98047 0.003231
10903.17969 0.003192
10903.37988 0.003153
10903.58008 0.003114
10903.78027 0.003075
10903.98047 0.003035
10904.17969 0.003
10904.37988 0.002964
10904.58008 0.002929
10904.78027 0.002894
10904.96973 0.002859
10905.16992 0.002823
10905.37012 0.002788
10905.57031 0.002753
10905.76953 0.002717
10905.96973 0.002682
10906.16992 0.002645
10906.37012 0.002607
10906.57031 0.002569
10906.76953 0.002532
10906.95996 0.002494
10907.16016 0.002456
10907.36035 0.002418
10907.55957 0.00238
10907.75977 0.002343
10907.95996 0.002305
10908.16016 0.002273
10908.36035 0.002242
10908.55957 0.002211
10908.75977 0.00218
10908.95996 0.002149
10909.16016 0.002118
10909.34961 0.002087
10909.54980 0.002056
10909.75000 0.002025
10909.95020 0.001994
10910.15039 0.001971
10910.34961 0.001951
10910.54980 0.00193
10910.75000 0.00191
10910.95020 0.001889
10911.15039 0.001869
10911.34961 0.001848
10911.54004 0.001828
10911.74023 0.001807
10911.94043 0.001786
10912.13965 0.001766
10912.33984 0.001745
10912.54004 0.001724
10912.74023 0.001703
10912.94043 0.001682
10913.13965 0.001661
10913.33984 0.00164
10913.54004 0.001619
10913.74023 0.001598
10913.94043 0.001577
10914.12988 0.001557
10914.33008 0.001539
10914.53027 0.00152
10914.73047 0.001502
10914.92969 0.001483
10915.12988 0.001465
10915.33008 0.001446
10915.53027 0.001428
10915.73047 0.00141
10915.92969 0.001391
10916.12988 0.001381
10916.33008 0.001375
10916.53027 0.001369
10916.71973 0.001364
10916.91992 0.001358
10917.12012 0.001352
10917.32031 0.001346
10917.51953 0.001341
10917.71973 0.001335
10917.91992 0.001329
10918.12012 0.001312
10918.32031 0.001287
10918.51953 0.001262
10918.71973 0.001237
10918.91992 0.001212
10919.12012 0.001187
10919.32031 0.001162
10919.51953 0.001136
10919.70996 0.001111
10919.91016 0.001086
10920.11035 0.001071
10920.30957 0.001064
10920.50977 0.001057
10920.70996 0.00105
10920.91016 0.001043
10921.11035 0.001036
10921.30957 0.001029
10921.50977 0.001022
10921.70996 0.001015
10921.91016 0.001008
10922.11035 0.000997
10922.30957 0.000982
10922.50977 0.000967
10922.70996 0.000952
10922.90039 0.000937
10923.09961 0.000922
10923.29980 0.000908
10923.50000 0.000893
10923.70020 0.000878
10923.90039 0.000863
10924.09961 0.000852
10924.29980 0.000846
10924.50000 0.00084
10924.70020 0.000834
10924.90039 0.000828
10925.09961 0.000822
10925.29980 0.000816
10925.50000 0.00081
10925.70020 0.000804
10925.90039 0.000798
10926.08984 0.000794
10926.29004 0.000794
10926.49023 0.000794
10926.69043 0.000794
10926.88965 0.000794
10927.08984 0.000794
10927.29004 0.000793
10927.49023 0.000793
10927.69043 0.000793
10927.88965 0.000793
10928.08984 0.000784
10928.29004 0.000764
10928.49023 0.000744
10928.69043 0.000724
10928.88965 0.000704
10929.08984 0.000684
10929.29004 0.000664
10929.49023 0.000643
10929.69043 0.000623
10929.87988 0.000603
10930.08008 0.000594
10930.28027 0.000599
10930.48047 0.000604
10930.67969 0.000609
10930.87988 0.000614
10931.08008 0.000619
10931.28027 0.000624
10931.48047 0.00063
10931.67969 0.000635
10931.87988 0.00064
10932.08008 0.000636
10932.28027 0.00062
10932.48047 0.000604
10932.67969 0.000588
10932.87988 0.000572
10933.08008 0.000556
10933.28027 0.00054
10933.48047 0.000523
10933.67969 0.000507
10933.87988 0.000491
10934.08008 0.000479
10934.28027 0.000475
10934.46973 0.000471
10934.66992 0.000467
10934.87012 0.000463
10935.07031 0.000459
10935.26953 0.000455
10935.46973 0.000451
10935.66992 0.000447
10935.87012 0.000443
10936.07031 0.000436
10936.26953 0.000424
10936.46973 0.000411
12030.11719 0.0
