threeML/data/optical_filters/HST/NICMOS3-F175W.ecsv
# %ECSV 0.9
# ---
# datatype:
# - {name: wavelength, unit: Angstrom, datatype: float32}
# - {name: response, datatype: float32}
# meta: !!omap
# - {band_name: F175W}
# - {group_name: NICMOS3}
wavelength response
[from data line 6127]
20308.08008 0.274751
20309.93945 0.274811
20311.80078 0.274872
20313.66992 0.274932
20315.52930 0.275013
20317.39062 0.275144
20319.25000 0.275276
20321.11914 0.275376
20322.98047 0.275456
20324.83984 0.275536
20326.71094 0.275626
20328.57031 0.275716
20330.43945 0.275807
20332.30078 0.275899
20334.16016 0.275992
20336.02930 0.276064
20337.89062 0.276119
20339.75977 0.276174
20341.61914 0.276313
20343.49023 0.276464
20345.34961 0.276608
20347.22070 0.276718
20349.08984 0.276829
20350.94922 0.276948
20352.82031 0.277075
20354.67969 0.277202
20356.55078 0.277299
20358.41992 0.27739
20360.27930 0.277473
20362.15039 0.277511
20364.01953 0.27755
20365.88086 0.277635
20367.75000 0.277772
20369.61914 0.277908
20371.49023 0.277986
20373.35938 0.278048
20375.22070 0.278109
20377.08984 0.278153
20378.96094 0.278196
20380.83008 0.278294
20382.69922 0.27846
20384.57031 0.278626
20386.43945 0.278672
20388.30078 0.278682
20390.16992 0.278704
20392.03906 0.278851
20393.91016 0.278999
20395.77930 0.279101
20397.65039 0.27914
20399.51953 0.279179
20401.39062 0.279294
20403.26953 0.279435
20405.13086 0.279574
20407.00977 0.279684
20408.88086 0.279794
20410.75000 0.279899
20412.61914 0.279995
20414.49023 0.280092
20416.35938 0.280205
20418.24023 0.280325
20420.10938 0.280446
20421.98047 0.280596
20423.84961 0.280746
20425.73047 0.280845
20427.59961 0.280864
20429.47070 0.280883
20431.34961 0.280987
20433.22070 0.281124
20435.08984 0.281264
20436.97070 0.281466
20438.83984 0.281668
20440.71094 0.281849
20442.58984 0.281994
20444.46094 0.28214
20446.33984 0.282228
20448.21094 0.282294
20450.08984 0.282362
20451.96094 0.28248
20453.83984 0.282599
20455.71094 0.282741
20457.58984 0.282923
20459.46094 0.283105
20461.33984 0.283245
20463.22070 0.283368
20465.08984 0.283493
20466.97070 0.283633
20468.84961 0.283774
20470.72070 0.283867
20472.59961 0.283885
20474.48047 0.283902
20476.34961 0.284023
20478.23047 0.284183
20480.10938 0.284339
20481.99023 0.284417
20483.86914 0.284494
20485.74023 0.284614
20487.61914 0.2848
20489.50000 0.284986
20491.38086 0.285099
20493.25977 0.285185
20495.14062 0.285272
20497.01953 0.285364
20498.90039 0.285456
20500.77930 0.285565
20502.65039 0.285698
20504.53906 0.285831
20506.41992 0.285955
20508.28906 0.286075
20510.17969 0.286199
20512.06055 0.286366
20513.93945 0.286533
20515.82031 0.286682
20517.69922 0.286809
20519.58008 0.286935
20521.46094 0.287054
20523.33984 0.287171
20525.23047 0.287277
20527.10938 0.287307
20528.99023 0.287337
20530.86914 0.2875
20532.75977 0.287819
20534.64062 0.288137
20536.51953 0.288213
20538.40039 0.288232
20540.28906 0.288258
20542.16992 0.288322
20544.05078 0.288387
20545.93945 0.2885
20547.82031 0.288663
20549.71094 0.288825
20551.58984 0.28892
20553.47070 0.289001
20555.35938 0.289092
20557.24023 0.289221
20559.13086 0.289351
20561.00977 0.289516
20562.90039 0.289711
20564.78906 0.289907
20566.66992 0.289933
20568.56055 0.289938
20570.43945 0.289998
20572.33008 0.290237
20574.21094 0.290476
20576.09961 0.290605
20577.99023 0.290657
20579.88086 0.290708
20581.75977 0.290889
20583.65039 0.29108
20585.53906 0.291239
20587.41992 0.291317
20589.31055 0.291396
20591.19922 0.29154
20593.08984 0.29172
20594.97070 0.291901
20596.85938 0.291961
20598.75000 0.292019
20600.64062 0.29213
20602.52930 0.292346
20604.41992 0.292563
20606.31055 0.292681
20608.19922 0.292757
20610.08984 0.292836
20611.98047 0.292997
20613.86914 0.293159
20615.75977 0.293311
20617.65039 0.293451
20619.53906 0.293591
20621.42969 0.293787
20623.32031 0.294
20625.21094 0.294209
20627.09961 0.294373
20628.99023 0.294537
20630.88086 0.294683
20632.77930 0.294809
20634.66992 0.294934
20636.56055 0.294995
20638.44922 0.295041
20640.34961 0.295113
20642.24023 0.295294
20644.13086 0.295476
20646.01953 0.295583
20647.91992 0.295626
20649.81055 0.295669
20651.69922 0.295924
20653.59961 0.296202
20655.49023 0.296429
20657.38086 0.296512
20659.27930 0.296594
20661.16992 0.296671
20663.07031 0.296745
20664.96094 0.296818
20666.85938 0.296987
20668.75000 0.297158
20670.65039 0.297305
20672.53906 0.297407
20674.43945 0.297509
20676.33008 0.297752
20678.23047 0.298055
20680.11914 0.298345
20682.01953 0.298439
20683.91992 0.298533
20685.81055 0.298618
20687.71094 0.298689
20689.60938 0.29876
20691.50977 0.299004
20693.40039 0.299293
20695.30078 0.299552
20697.19922 0.299651
20699.09961 0.299749
20700.99023 0.299876
20702.89062 0.300029
20704.78906 0.300183
20706.68945 0.300323
20708.58984 0.300463
20710.49023 0.30059
20712.38086 0.300683
20714.27930 0.300775
20716.17969 0.30087
20718.08008 0.300966
20719.98047 0.301062
20721.88086 0.301198
20723.77930 0.301335
20725.67969 0.301499
20727.58008 0.301714
20729.48047 0.30193
20731.38086 0.302051
20733.28906 0.302137
20735.18945 0.302225
20737.08984 0.302331
20738.99023 0.302438
20740.89062 0.302552
20742.78906 0.302674
20744.68945 0.302797
20746.59961 0.302943
20748.50000 0.303094
20750.40039 0.303234
20752.30078 0.303332
20754.21094 0.303431
20756.10938 0.303565
20758.00977 0.303724
20759.91992 0.303884
20761.82031 0.304039
20763.72070 0.304193
20765.63086 0.304375
20767.52930 0.304613
20769.43945 0.304851
20771.33984 0.304958
20773.24023 0.305011
20775.15039 0.305068
20777.05078 0.305183
20778.96094 0.305298
20780.86914 0.305424
20782.76953 0.305564
20784.67969 0.305703
20786.58008 0.30578
20788.49023 0.305844
20790.39062 0.305929
20792.30078 0.306096
20794.21094 0.306263
20796.10938 0.306411
20798.01953 0.306545
20799.92969 0.306679
20801.83008 0.306861
20803.74023 0.307045
20805.65039 0.307219
20807.56055 0.307374
20809.46094 0.30753
20811.36914 0.307706
20813.27930 0.307889
20815.18945 0.30808
20817.09961 0.308333
20819.00977 0.308586
20820.91992 0.30876
20822.82031 0.308848
20824.73047 0.308936
20826.64062 0.309073
20828.55078 0.309217
20830.46094 0.309364
20832.36914 0.309517
20834.27930 0.309671
20836.18945 0.309819
20838.09961 0.309963
20840.00977 0.310108
20841.92969 0.310221
20843.83984 0.310335
20845.75000 0.310474
20847.66016 0.310651
20849.57031 0.310828
20851.48047 0.311038
20853.39062 0.311258
20855.31055 0.311475
20857.22070 0.311678
20859.13086 0.311881
20861.03906 0.311984
20862.96094 0.312005
20864.86914 0.312025
20866.77930 0.312245
20868.69922 0.312479
20870.60938 0.312703
20872.51953 0.312904
20874.43945 0.313106
20876.34961 0.31323
20878.26953 0.313323
20880.17969 0.313426
20882.08984 0.313634
20884.00977 0.313843
20885.91992 0.31402
20887.83984 0.314163
20889.75000 0.314306
20891.66992 0.31452
20893.58984 0.314745
20895.50000 0.314918
20897.41992 0.314947
20899.33008 0.314975
20901.25000 0.315107
20903.16992 0.315295
20905.08008 0.31548
20907.00000 0.315611
20908.91992 0.315741
20910.83008 0.315895
20912.75000 0.31608
20914.66992 0.316264
20916.58984 0.316376
20918.50000 0.316474
20920.41992 0.316571
20922.33984 0.316666
20924.25977 0.316762
20926.17969 0.316978
20928.09961 0.317271
20930.01953 0.317563
20931.92969 0.31769
20933.84961 0.317817
20935.76953 0.317943
20937.68945 0.318069
20939.60938 0.318194
20941.52930 0.318374
20943.44922 0.318568
20945.36914 0.318734
20947.28906 0.318786
20949.21094 0.318839
20951.13086 0.318971
20953.06055 0.319158
20954.98047 0.319345
20956.90039 0.319507
20958.82031 0.319669
20960.74023 0.319801
20962.66016 0.319885
20964.58984 0.319969
20966.50977 0.320126
20968.42969 0.320304
20970.34961 0.320463
20972.27930 0.320545
20974.19922 0.320626
20976.11914 0.320775
20978.05078 0.320972
20979.97070 0.321169
20981.89062 0.321256
20983.82031 0.321342
20985.74023 0.321441
20987.66992 0.321558
20989.58984 0.321676
20991.51953 0.321878
20993.43945 0.322103
20995.36914 0.322311
20997.28906 0.322445
20999.21094 0.322579
21001.14062 0.322613
21003.07031 0.322578
21004.99023 0.322544
21006.91992 0.322549
21008.83984 0.322555
21010.76953 0.32258
21012.69922 0.322636
21014.61914 0.322691
21016.55078 0.322703
21018.48047 0.322703
21020.40039 0.322714
21022.33008 0.322763
21024.25977 0.322813
21026.18945 0.322822
21028.11914 0.322806
21030.03906 0.32279
21031.97070 0.322748
21033.90039 0.322707
21035.83008 0.322748
21037.75977 0.322897
21039.68945 0.323046
21041.61914 0.323085
21043.53906 0.323103
21045.47070 0.323103
21047.40039 0.323053
21049.33008 0.323003
21051.25977 0.323035
21053.19922 0.323109
21055.11914 0.323175
21057.06055 0.323127
21058.99023 0.323079
21060.91992 0.323068
21062.84961 0.323099
21064.77930 0.323129
21066.71094 0.323163
21068.64062 0.323196
21070.57031 0.3232
21072.50977 0.323131
21074.43945 0.323062
21076.36914 0.323056
21078.30078 0.323077
21080.24023 0.323096
21082.16992 0.323108
21084.09961 0.323119
21086.03906 0.323119
21087.97070 0.323109
21089.90039 0.323099
21091.83984 0.323175
21093.76953 0.323256
21095.71094 0.323246
21097.64062 0.323076
21099.57031 0.322907
21101.50977 0.322977
21103.43945 0.323114
21105.38086 0.32322
21107.31055 0.323198
21109.25000 0.323176
21111.17969 0.323173
21113.11914 0.32318
21115.06055 0.323188
21116.99023 0.323209
21118.92969 0.32323
21120.86914 0.323213
21122.80078 0.32315
21124.74023 0.323087
21126.67969 0.323073
21128.60938 0.323067
21130.55078 0.323082
21132.49023 0.323151
21134.42969 0.323219
21136.35938 0.323226
21138.30078 0.323206
21140.24023 0.323181
21142.17969 0.323117
21144.11914 0.323053
21146.05078 0.323012
21147.99023 0.32299
21149.92969 0.322969
21151.86914 0.322854
21153.81055 0.322735
21155.75000 0.322703
21157.68945 0.322805
21159.63086 0.322908
21161.57031 0.322844
21163.50977 0.32274
21165.44922 0.322651
21167.39062 0.322607
21169.33008 0.322562
21171.27930 0.322568
21173.22070 0.322599
21175.16016 0.322613
21177.09961 0.322435
21179.03906 0.322256
21180.98047 0.322226
21182.92969 0.32234
21184.86914 0.322454
21186.81055 0.322375
21188.75000 0.322281
21190.69922 0.322223
21192.64062 0.32223
21194.58008 0.322238
21196.52930 0.322173
21198.47070 0.322089
21200.41016 0.322021
21202.35938 0.322012
21204.30078 0.322004
21206.24023 0.321951
21208.18945 0.321873
21210.13086 0.321803
21212.08008 0.321827
21214.01953 0.321852
21215.97070 0.321873
21217.91016 0.321892
21219.85938 0.321911
21221.80078 0.321873
21223.75000 0.32183
21225.69922 0.321802
21227.64062 0.321801
21229.58984 0.321799
21231.53906 0.321765
21233.48047 0.321723
21235.42969 0.321701
21237.38086 0.32175
21239.32031 0.321799
21241.26953 0.321756
21243.22070 0.321665
21245.16992 0.321574
21247.11914 0.321488
21249.06055 0.321402
21251.00977 0.321324
21252.96094 0.321253
21254.91016 0.321182
21256.85938 0.321275
21258.81055 0.321377
21260.75977 0.321413
21262.71094 0.321344
21264.66016 0.321275
21266.60938 0.321226
21268.55078 0.321181
21270.50977 0.321123
21272.46094 0.32103
21274.41016 0.320937
21276.35938 0.320894
21278.31055 0.320873
21280.25977 0.320849
21282.21094 0.320807
21284.16016 0.320765
21286.10938 0.320713
21288.06055 0.320653
21290.01953 0.320594
21291.97070 0.32063
21293.91992 0.320667
21295.88086 0.320632
21297.83008 0.320508
21299.77930 0.320383
21301.73047 0.320439
21303.68945 0.320518
21305.64062 0.32053
21307.58984 0.320403
21309.55078 0.320275
21311.50000 0.320177
21313.46094 0.320086
21315.41016 0.320022
21317.35938 0.320057
21319.32031 0.320092
21321.26953 0.320096
21323.23047 0.320083
21325.17969 0.32006
21327.14062 0.319943
21329.08984 0.319826
21331.05078 0.319719
21333.00977 0.319622
21334.96094 0.319524
21336.91992 0.319489
21338.86914 0.319455
21340.83008 0.319422
21342.78906 0.319389
21344.74023 0.319356
21346.69922 0.31933
21348.66016 0.319304
21350.61914 0.319271
21352.57031 0.31922
21354.52930 0.319169
21356.49023 0.319059
21358.44922 0.318931
21360.41016 0.318824
21362.36914 0.318796
21364.32031 0.318768
21366.27930 0.31875
21368.24023 0.318737
21370.19922 0.318721
21372.16016 0.318673
21374.11914 0.318624
21376.08008 0.318617
21378.03906 0.318642
21380.00000 0.318668
21381.96094 0.318621
21383.91992 0.318573
21385.88086 0.318522
21387.83984 0.318465
21389.80078 0.318409
21391.76953 0.318212
21393.73047 0.318
21395.68945 0.317864
21397.65039 0.31787
21399.60938 0.317876
21401.57031 0.317873
21403.53906 0.317867
21405.50000 0.317853
21407.46094 0.317815
21409.42969 0.317777
21411.39062 0.317646
21413.34961 0.317475
21415.31055 0.317334
21417.27930 0.317348
21419.24023 0.317362
21421.21094 0.317266
21423.16992 0.3171
21425.13086 0.316945
21427.09961 0.316935
21429.06055 0.316926
21431.02930 0.316895
21432.99023 0.316844
21434.96094 0.316793
21436.92969 0.316784
21438.89062 0.316776
21440.85938 0.316735
21442.82031 0.316654
21444.78906 0.316572
21446.75977 0.316518
21448.72070 0.316467
21450.68945 0.316413
21452.65039 0.316354
21454.61914 0.316295
21456.58984 0.316156
21458.56055 0.315998
21460.51953 0.315886
21462.49023 0.315903
21464.46094 0.315919
21466.42969 0.315904
21468.40039 0.315878
21470.36914 0.315852
21472.33008 0.315829
21474.30078 0.315807
21476.26953 0.315842
21478.24023 0.315908
21480.21094 0.315949
21482.17969 0.315777
21484.15039 0.315605
21486.11914 0.315517
21488.08984 0.315492
21490.06055 0.315469
21492.02930 0.315497
21494.00000 0.315525
21495.97070 0.315514
21497.93945 0.315465
21499.91016 0.315415
21501.88086 0.315426
21503.85938 0.315439
21505.83008 0.315437
21507.80078 0.315413
21509.76953 0.315389
21511.74023 0.3154
21513.72070 0.315416
21515.68945 0.3154
21517.66016 0.315325
21519.64062 0.315249
21521.60938 0.31526
21523.58008 0.31529
21525.56055 0.315298
21527.52930 0.315248
21529.50000 0.315198
21531.48047 0.315211
21533.44922 0.315244
21535.42969 0.315267
21537.40039 0.315257
21539.38086 0.315247
21541.34961 0.315235
21543.33008 0.315222
21545.30078 0.315214
21547.27930 0.315228
21549.25000 0.315242
21551.23047 0.315293
21553.21094 0.315366
21555.17969 0.315429
21557.16016 0.315391
21559.13086 0.315352
21561.10938 0.315364
21563.08984 0.315415
21565.06055 0.315466
21567.03906 0.315531
21569.01953 0.315597
21571.00000 0.315642
21572.98047 0.315668
21574.94922 0.315694
21576.92969 0.315648
21578.91016 0.315599
21580.89062 0.315608
21582.86914 0.315689
21584.84961 0.315769
21586.83008 0.315807
21588.80078 0.31584
21590.78906 0.315854
21592.75977 0.315836
21594.74023 0.315819
21596.72070 0.315903
21598.71094 0.316002
21600.68945 0.316053
21602.66992 0.316013
21604.65039 0.315973
21606.63086 0.315956
21608.60938 0.315943
21610.58984 0.315975
21612.57031 0.316113
21614.55078 0.316251
21616.53906 0.316229
21618.51953 0.31616
21620.50000 0.316107
21622.48047 0.3161
21624.46094 0.316094
21626.44922 0.316102
21628.42969 0.316115
21630.41016 0.316139
21632.40039 0.316202
21634.38086 0.316265
21636.35938 0.316302
21638.34961 0.316327
21640.33008 0.316336
21642.32031 0.316262
21644.30078 0.316187
21646.28906 0.316238
21648.26953 0.316357
21650.25977 0.31646
21652.24023 0.316455
21654.23047 0.31645
21656.21094 0.316499
21658.19922 0.31658
21660.17969 0.316651
21662.16992 0.316619
21664.15039 0.316588
21666.14062 0.316602
21668.13086 0.316651
21670.11914 0.316702
21672.09961 0.3168
21674.08984 0.316897
21676.08008 0.316943
21678.06055 0.316945
21680.05078 0.316949
21682.03906 0.317046
21684.02930 0.317142
21686.01953 0.317173
21688.00000 0.317141
21689.99023 0.317109
21691.98047 0.317144
21693.97070 0.31718
21695.96094 0.317174
21697.94922 0.317125
21699.93945 0.317075
21701.92969 0.317152
21703.91992 0.317233
21705.91016 0.317299
21707.90039 0.317348
21709.89062 0.317396
21711.88086 0.317515
21713.86914 0.317638
21715.85938 0.317724
21717.84961 0.317761
21719.83984 0.317798
21721.83984 0.317935
21723.83008 0.318082
21725.82031 0.318196
21727.81055 0.318263
21729.80078 0.318329
21731.80078 0.318395
21733.78906 0.31846
21735.77930 0.318502
21737.77930 0.318508
21739.76953 0.318514
21741.75977 0.318614
21743.75977 0.318727
21745.75000 0.318815
21747.74023 0.318862
21749.74023 0.318909
21751.73047 0.319043
21753.73047 0.31919
21755.72070 0.319308
21757.71094 0.319376
21759.71094 0.319443
21761.71094 0.319476
21763.69922 0.319505
21765.69922 0.319549
21767.68945 0.319622
21769.68945 0.319697
21771.67969 0.319742
21773.67969 0.319781
21775.67969 0.319835
21777.66992 0.319915
21779.66992 0.319996
21781.66992 0.319956
