threeML/data/optical_filters/HST/NICMOS2-F212N.ecsv
# %ECSV 0.9
# ---
# datatype:
# - {name: wavelength, unit: Angstrom, datatype: float32}
# - {name: response, datatype: float32}
# meta: !!omap
# - {band_name: F212N}
# - {group_name: NICMOS2}
wavelength response
[from data line 1533]
21304.11914 0.186703
21304.33984 0.185619
21304.55078 0.184534
21304.75977 0.183459
21304.97070 0.182375
21305.18945 0.18129
21305.40039 0.180205
21305.60938 0.179121
21305.82031 0.178036
21306.03906 0.176944
21306.25000 0.175821
21306.46094 0.174697
21306.67969 0.173573
21306.89062 0.17245
21307.09961 0.171326
21307.31055 0.170202
21307.52930 0.169079
21307.74023 0.167955
21307.94922 0.166831
21308.16992 0.165849
21308.38086 0.164907
21308.58984 0.163965
21308.80078 0.163023
21309.01953 0.162081
21309.23047 0.161139
21309.43945 0.160197
21309.66016 0.159255
21309.86914 0.158312
21310.08008 0.15739
21310.28906 0.1565
21310.50977 0.15561
21310.72070 0.15472
21310.92969 0.153837
21311.14062 0.152947
21311.35938 0.152057
21311.57031 0.151167
21311.77930 0.150276
21312.00000 0.149386
21312.21094 0.148252
21312.41992 0.147114
21312.63086 0.145975
21312.84961 0.144837
21313.06055 0.143698
21313.26953 0.14256
21313.49023 0.141421
21313.69922 0.140283
21313.91016 0.139144
21314.11914 0.138058
21314.33984 0.137009
21314.55078 0.13596
21314.75977 0.13491
21314.98047 0.133861
21315.18945 0.132812
21315.40039 0.131763
21315.61914 0.130713
21315.83008 0.129664
21316.03906 0.12862
21316.25000 0.127598
21316.47070 0.126575
21316.67969 0.125553
21316.89062 0.124531
21317.10938 0.123509
21317.32031 0.122487
21317.52930 0.121464
21317.74023 0.120442
21317.96094 0.11942
21318.16992 0.11847
21318.38086 0.117539
21318.59961 0.116599
21318.81055 0.115668
21319.01953 0.114736
21319.24023 0.113805
21319.44922 0.112874
21319.66016 0.111942
21319.88086 0.111011
21320.08984 0.110118
21320.30078 0.109279
21320.50977 0.10844
21320.73047 0.107602
21320.93945 0.106763
21321.15039 0.105924
21321.36914 0.105086
21321.58008 0.104247
21321.78906 0.103408
21322.00000 0.10257
21322.22070 0.101753
21322.42969 0.100937
21322.64062 0.10012
21322.85938 0.099304
21323.07031 0.098487
21323.27930 0.09767
21323.49023 0.096854
21323.71094 0.096037
21323.91992 0.09522
21324.13086 0.094359
21324.34961 0.093472
21324.56055 0.092576
21324.76953 0.091688
21324.99023 0.090801
21325.19922 0.089913
21325.41016 0.089025
21325.61914 0.088138
21325.83984 0.08725
21326.05078 0.086387
21326.25977 0.085601
21326.48047 0.084815
21326.68945 0.084029
21326.90039 0.083243
21327.11914 0.082457
21327.33008 0.081671
21327.53906 0.080885
21327.75000 0.080099
21327.97070 0.079313
21328.17969 0.078504
21328.39062 0.077699
21328.60938 0.076895
21328.82031 0.07609
21329.02930 0.075285
21329.25000 0.07448
21329.46094 0.073675
21329.66992 0.072871
21329.88086 0.072066
21330.09961 0.071404
21330.31055 0.070912
21330.51953 0.07042
21330.74023 0.069928
21330.94922 0.069432
21331.16016 0.06894
21331.38086 0.068448
21331.58984 0.067956
21331.80078 0.067464
21332.01953 0.06696
21332.23047 0.066316
21332.43945 0.065672
21332.65039 0.065028
21332.86914 0.064384
21333.08008 0.06374
21333.28906 0.06309
21333.50977 0.062446
21333.72070 0.061802
21333.92969 0.061158
21334.15039 0.060595
21334.35938 0.060069
21334.57031 0.059543
21334.78906 0.059018
21335.00000 0.058492
21335.21094 0.057966
21335.42969 0.057435
21335.64062 0.05691
21335.84961 0.056384
21336.06055 0.055844
21336.27930 0.05527
21336.49023 0.054696
21336.69922 0.054123
21336.91992 0.053549
21337.13086 0.052976
21337.33984 0.052397
21337.56055 0.051823
21337.76953 0.05125
21337.98047 0.050676
21338.19922 0.050255
21338.41016 0.049848
21338.61914 0.049441
21338.83008 0.049034
21339.05078 0.048627
21339.25977 0.048216
21339.47070 0.047809
21339.68945 0.047402
21339.90039 0.046995
21340.10938 0.046568
21340.33008 0.046123
21340.53906 0.045678
21340.75000 0.045229
21340.97070 0.044784
21341.17969 0.044338
21341.39062 0.043893
21341.60938 0.043448
21341.82031 0.043003
21342.02930 0.042565
21342.24023 0.042166
21342.46094 0.041763
21342.66992 0.041364
21342.88086 0.040965
21343.09961 0.040566
21343.31055 0.040167
21343.51953 0.039768
21343.74023 0.039369
21343.94922 0.038966
21344.16016 0.03855
21344.38086 0.03813
21344.58984 0.03771
21344.80078 0.037289
21345.01953 0.036869
21345.23047 0.036444
21345.43945 0.036024
21345.66016 0.035603
21345.86914 0.035183
21346.08008 0.034829
21346.28906 0.034582
21346.50977 0.034333
21346.72070 0.034086
21346.93945 0.03384
21347.15039 0.033593
21347.35938 0.033346
21347.57031 0.033099
21347.78906 0.03285
21348.00000 0.032603
21348.21094 0.032372
21348.42969 0.032142
21348.64062 0.031911
21348.84961 0.031681
21349.07031 0.031448
21349.27930 0.031218
21349.49023 0.030987
21349.71094 0.030756
21349.91992 0.030526
21350.13086 0.030095
21350.34961 0.029539
21350.56055 0.028988
21350.76953 0.028436
21350.99023 0.027885
21351.19922 0.027334
21351.41016 0.026777
21351.63086 0.026226
21351.83984 0.025675
21352.05078 0.025238
21352.26953 0.025149
21352.48047 0.02506
21352.68945 0.024971
21352.91016 0.024882
21353.11914 0.024793
21353.33008 0.024704
21353.53906 0.024616
21353.75977 0.024526
21353.97070 0.024437
21354.18945 0.024276
21354.40039 0.024104
21354.60938 0.02393
21354.83008 0.023758
21355.03906 0.023585
21355.25000 0.023413
21355.46094 0.023241
21355.67969 0.023067
21355.89062 0.022895
21356.10938 0.022701
21356.32031 0.022485
21356.52930 0.022268
21356.75000 0.02205
21356.96094 0.021834
21357.16992 0.021618
21357.38086 0.021401
21357.59961 0.021185
21357.81055 0.020967
21358.02930 0.020748
21358.24023 0.020507
21358.44922 0.020267
21358.66992 0.020024
21358.88086 0.019784
21359.08984 0.019544
21359.30078 0.019303
21359.51953 0.019063
21359.73047 0.01882
21359.94922 0.01858
21360.16016 0.018388
21360.36914 0.018214
21360.58984 0.018038
21360.80078 0.017863
21361.00977 0.017689
21361.22070 0.017515
21361.43945 0.017339
21361.65039 0.017164
21361.86914 0.01699
21362.08008 0.016837
21362.28906 0.016719
21362.50977 0.016603
21362.72070 0.016486
21362.92969 0.016369
21363.15039 0.016252
21363.35938 0.016135
21363.57031 0.016019
21363.78906 0.015902
21364.00000 0.015784
21364.21094 0.015624
21364.42969 0.015463
21364.64062 0.015302
21364.84961 0.015139
21365.07031 0.014979
21365.27930 0.014818
21365.49023 0.014657
21365.71094 0.014494
21365.91992 0.014333
21366.13086 0.014156
21366.34961 0.013969
21366.56055 0.01378
21366.76953 0.013593
21366.99023 0.013406
21367.19922 0.013219
21367.41016 0.01303
21367.63086 0.012843
21367.83984 0.012655
21368.05078 0.012503
21368.26953 0.012458
21368.48047 0.012414
21368.68945 0.012369
21368.91016 0.012324
21369.11914 0.012279
21369.33008 0.012234
21369.55078 0.012189
21369.75977 0.012144
21369.97070 0.0121
21370.18945 0.011943
21370.40039 0.011771
21370.61914 0.011599
21370.83008 0.011428
21371.03906 0.011257
21371.25977 0.011084
21371.47070 0.010913
21371.67969 0.010741
21371.90039 0.010568
21372.10938 0.010472
21372.32031 0.010447
21372.53906 0.010422
21372.75000 0.010397
21372.96094 0.010372
21373.17969 0.010347
21373.39062 0.010322
21373.59961 0.010297
21373.82031 0.010272
21374.02930 0.010255
21374.24023 0.010286
21374.46094 0.010316
21374.66992 0.010347
21374.88086 0.010378
21375.09961 0.010409
21375.31055 0.010439
21375.52930 0.01047
21375.74023 0.010501
21375.94922 0.010532
21376.16992 0.010484
21376.38086 0.010414
21376.58984 0.010344
21376.81055 0.010273
21377.01953 0.010203
21377.23047 0.010132
21377.44922 0.010061
21377.66016 0.009991
21377.86914 0.009921
21378.08984 0.009793
21378.30078 0.009585
21378.50977 0.009377
21378.73047 0.009166
21378.93945 0.008958
21379.15039 0.00875
21379.36914 0.00854
21379.58008 0.008331
21379.78906 0.008123
21380.00977 0.007921
21380.22070 0.007883
21380.43945 0.007846
21380.65039 0.007808
21380.85938 0.00777
21381.08008 0.007733
21381.28906 0.007695
21381.50000 0.007657
21381.72070 0.00762
21381.92969 0.007582
21382.14062 0.007522
21382.35938 0.00745
21382.57031 0.007379
21382.78906 0.007308
21383.00000 0.007236
21383.21094 0.007165
21383.42969 0.007094
21383.64062 0.007022
21383.84961 0.006951
21384.07031 0.006884
21384.27930 0.006827
21384.49023 0.00677
21384.71094 0.006713
21384.91992 0.006656
21385.13086 0.006599
21385.34961 0.006543
21385.56055 0.006485
21385.77930 0.006429
21385.99023 0.006372
21386.19922 0.006496
21386.41992 0.006629
21386.63086 0.006762
21386.83984 0.006897
21387.06055 0.00703
21387.26953 0.007164
21387.48047 0.007297
21387.69922 0.007431
21387.91016 0.007565
21388.11914 0.007544
21388.33984 0.007415
21388.55078 0.007284
21388.76953 0.007155
21388.98047 0.007024
21389.18945 0.006895
21389.41016 0.006766
21389.61914 0.006635
21389.83008 0.006506
21390.05078 0.00639
21390.25977 0.006323
21390.47070 0.006257
21390.68945 0.00619
21390.90039 0.006124
21391.11914 0.006057
21391.33008 0.00599
21391.53906 0.005924
21391.75977 0.005857
21391.97070 0.00579
21392.17969 0.00567
21392.40039 0.00554
21392.60938 0.005412
21392.83008 0.005282
21393.03906 0.005153
21393.25000 0.005025
21393.47070 0.004895
21393.67969 0.004766
21393.89062 0.004636
21394.10938 0.004599
21394.32031 0.004652
21394.53906 0.004705
21394.75000 0.004757
21394.96094 0.00481
21395.17969 0.004863
21395.39062 0.004916
21395.59961 0.004969
21395.82031 0.005022
21396.02930 0.005059
21396.24023 0.005005
21396.46094 0.004951
21396.66992 0.004897
21396.88086 0.004843
21397.09961 0.004789
21397.31055 0.004735
21397.52930 0.004681
21397.74023 0.004627
21397.96094 0.004572
21398.16992 0.004526
21398.38086 0.00448
21398.59961 0.004435
21398.81055 0.00439
21399.01953 0.004344
21399.24023 0.004299
21399.44922 0.004254
21399.66016 0.004208
21399.88086 0.004163
21400.08984 0.004103
21400.30078 0.004025
21400.51953 0.003945
21400.73047 0.003866
21400.94922 0.003787
21401.16016 0.003708
21401.36914 0.003629
21401.58984 0.00355
21401.80078 0.003471
21402.01953 0.003395
21402.23047 0.00336
21402.43945 0.003325
21402.66016 0.00329
21402.86914 0.003254
21403.08008 0.003219
21403.30078 0.003184
21403.50977 0.003149
21403.72070 0.003114
21403.93945 0.003078
21404.15039 0.003114
21404.36914 0.003178
21404.58008 0.003242
21404.78906 0.003306
21405.00977 0.00337
21405.22070 0.003434
21405.43945 0.003498
21405.65039 0.003562
21405.85938 0.003626
21406.08008 0.00366
21406.28906 0.00364
21406.50000 0.00362
21406.72070 0.0036
21406.92969 0.003581
21407.15039 0.003561
21407.35938 0.003541
21407.57031 0.003521
21407.78906 0.003502
21408.00000 0.003481
21408.21094 0.003359
21408.42969 0.003237
21408.64062 0.003116
21408.85938 0.002993
21409.07031 0.002872
21409.28906 0.002749
21409.50000 0.002628
21409.71094 0.002506
21409.92969 0.002384
21410.14062 0.002294
21410.34961 0.002222
21410.57031 0.00215
21410.77930 0.002078
21411.00000 0.002005
21411.21094 0.001933
21411.41992 0.001861
21411.64062 0.001789
21411.84961 0.001716
21412.06055 0.001674
21412.27930 0.001701
21412.49023 0.001727
21412.71094 0.001754
21412.91992 0.00178
21413.13086 0.001807
21413.34961 0.001833
21413.56055 0.00186
21413.77930 0.001886
21413.99023 0.001913
21414.19922 0.001923
21414.41992 0.001932
21414.63086 0.00194
21414.84961 0.001949
21415.06055 0.001958
21415.26953 0.001967
21415.49023 0.001976
21415.69922 0.001984
21415.91016 0.001993
21416.13086 0.002001
21416.33984 0.002008
21416.56055 0.002016
21416.76953 0.002023
21416.98047 0.00203
21417.19922 0.002037
21417.41016 0.002045
21417.61914 0.002052
21417.83984 0.002059
21418.05078 0.002044
21418.26953 0.001957
21418.48047 0.001871
21418.69922 0.001784
21418.91016 0.001698
21419.11914 0.001612
21419.33984 0.001525
21419.55078 0.001439
21419.76953 0.001352
21419.98047 0.001266
21420.18945 0.001352
21420.41016 0.001456
21420.61914 0.001561
21420.83008 0.001665
21421.05078 0.00177
21421.25977 0.001874
21421.48047 0.001979
21421.68945 0.002084
21421.90039 0.002188
21422.11914 0.002166
21422.33008 0.002044
21422.55078 0.00192
21422.75977 0.001798
21422.97070 0.001674
21423.18945 0.001552
21423.40039 0.001428
21423.61914 0.001305
21423.83008 0.001182
21424.03906 0.001107
21424.25977 0.001211
21424.47070 0.001316
21424.68945 0.001421
21424.90039 0.001526
21425.10938 0.00163
21425.33008 0.001735
21425.53906 0.001841
21425.75977 0.001945
21425.97070 0.00205
21426.17969 0.002059
21426.40039 0.002052
21426.60938 0.002046
21426.83008 0.002039
21427.03906 0.002033
21427.25000 0.002026
21427.47070 0.002019
21427.67969 0.002013
21427.90039 0.002006
21428.10938 0.002002
21428.32031 0.002
21428.53906 0.001997
21428.75000 0.001995
21428.97070 0.001993
21429.17969 0.00199
21429.39062 0.001988
21429.60938 0.001986
21429.82031 0.001983
21430.03906 0.001969
21430.25000 0.001899
21430.46094 0.001829
21430.67969 0.001759
21430.89062 0.001688
21431.10938 0.001618
21431.32031 0.001548
21431.53906 0.001477
21431.75000 0.001407
21431.96094 0.001337
21432.17969 0.001274
21432.39062 0.001212
21432.60938 0.00115
21432.82031 0.001089
21433.02930 0.001027
21433.25000 0.000965
21433.46094 0.000904
21433.67969 0.000842
21433.89062 0.00078
21434.09961 0.000754
21434.32031 0.000763
21434.52930 0.000773
21434.75000 0.000783
21434.96094 0.000792
21435.16992 0.000802
21435.39062 0.000812
21435.59961 0.000821
21435.82031 0.000831
21436.02930 0.000849
21436.24023 0.000918
21436.46094 0.000987
21436.66992 0.001056
21436.89062 0.001124
21437.09961 0.001193
21437.31055 0.001262
21437.52930 0.001331
21437.74023 0.0014
21437.96094 0.001468
21438.16992 0.001405
21438.39062 0.001309
21438.59961 0.001213
21438.81055 0.001117
21439.02930 0.001022
21439.24023 0.000926
21439.46094 0.00083
21439.66992 0.000734
21439.88086 0.000638
21440.09961 0.000611
21440.31055 0.000663
21440.52930 0.000716
21440.74023 0.000768
21440.96094 0.00082
21441.16992 0.000873
21441.38086 0.000926
21441.59961 0.000978
21441.81055 0.001031
21442.02930 0.001073
21442.24023 0.001038
21442.46094 0.001003
21442.66992 0.000969
21442.88086 0.000935
21443.09961 0.0009
21443.31055 0.000866
21443.52930 0.000831
21443.74023 0.000797
21443.94922 0.000763
21444.16992 0.000784
21444.38086 0.000821
21444.59961 0.000857
21444.81055 0.000894
21445.02930 0.000931
21445.24023 0.000968
21445.44922 0.001004
21445.66992 0.001041
21445.88086 0.001078
21446.09961 0.001117
21446.31055 0.001159
21446.51953 0.001201
21446.74023 0.001243
21446.94922 0.001285
21447.16992 0.001327
21447.38086 0.001369
21447.59961 0.001411
21447.81055 0.001453
21448.01953 0.001488
21448.24023 0.00147
21448.44922 0.001452
21448.66992 0.001435
21448.88086 0.001417
21449.09961 0.001399
21449.31055 0.001381
21449.51953 0.001364
21449.74023 0.001346
21449.94922 0.001328
21450.16992 0.001263
21450.38086 0.001183
21450.58984 0.001105
21450.81055 0.001025
21451.01953 0.000946
21451.24023 0.000866
21451.44922 0.000787
21451.66992 0.000708
21451.88086 0.000629
21452.08984 0.00065
21452.31055 0.000801
21452.51953 0.000952
21452.74023 0.001102
21452.94922 0.001253
21453.16992 0.001404
21453.38086 0.001555
21453.58984 0.001705
21453.81055 0.001855
21454.01953 0.001976
21454.24023 0.001853
21454.44922 0.001728
21454.66992 0.001603
21454.88086 0.001478
21455.08984 0.001354
21455.31055 0.001229
21455.51953 0.001104
21455.74023 0.000981
21455.94922 0.000856
21456.16992 0.000828
21456.38086 0.000828
21456.58984 0.000829
21456.81055 0.000829
21457.01953 0.00083
21457.24023 0.00083
21457.44922 0.000831
21457.66992 0.000831
21457.88086 0.000832
21458.08984 0.000833
21458.31055 0.000835
21458.51953 0.000837
21458.74023 0.00084
21458.94922 0.000842
21459.16992 0.000844
21459.38086 0.000846
21459.59961 0.000849
21459.81055 0.000851
21460.01953 0.000848
21460.24023 0.000804
21460.44922 0.00076
21460.66992 0.000716
21460.88086 0.000671
21461.09961 0.000627
21461.31055 0.000583
21461.51953 0.000539
21461.74023 0.000495
21461.94922 0.00045
21462.16992 0.000476
21462.38086 0.00052
21462.59961 0.000565
21462.81055 0.000609
21463.02930 0.000654
21463.24023 0.000698
21463.44922 0.000743
21463.66992 0.000788
21463.88086 0.000833
21464.09961 0.000812
21464.31055 0.000711
21464.52930 0.00061
21464.74023 0.000509
21464.94922 0.000409
23611.44336 0.0
