threeML/data/optical_filters/HST/NICMOS3-F164N.ecsv
# %ECSV 0.9
# ---
# datatype:
# - {name: wavelength, unit: Angstrom, datatype: float32}
# - {name: response, datatype: float32}
# meta: !!omap
# - {band_name: F164N}
# - {group_name: NICMOS3}
wavelength response
[from data line 1533]
16541.30078 0.127962
16541.50977 0.127089
16541.71094 0.126216
16541.91016 0.125343
16542.10938 0.124477
16542.31055 0.123626
16542.50977 0.122766
16542.71094 0.121906
16542.91016 0.121046
16543.10938 0.120187
16543.31055 0.119327
16543.51953 0.118467
16543.72070 0.117607
16543.91992 0.116747
16544.11914 0.115874
16544.32031 0.114993
16544.51953 0.114121
16544.72070 0.11324
16544.91992 0.112359
16545.11914 0.111478
16545.32031 0.110597
16545.52930 0.109716
16545.73047 0.108834
16545.92969 0.107953
16546.13086 0.107066
16546.33008 0.106175
16546.52930 0.105284
16546.73047 0.104393
16546.92969 0.103502
16547.13086 0.102611
16547.33984 0.10172
16547.53906 0.100838
16547.74023 0.099947
16547.93945 0.099055
16548.14062 0.098225
16548.33984 0.097421
16548.53906 0.096618
16548.74023 0.095814
16548.93945 0.09501
16549.14062 0.094206
16549.34961 0.093403
16549.55078 0.092599
16549.75000 0.091795
16549.94922 0.090991
16550.15039 0.090153
16550.34961 0.089304
16550.55078 0.088455
16550.75000 0.087606
16550.96094 0.086757
16551.16016 0.085908
16551.35938 0.085059
16551.56055 0.08421
16551.75977 0.083368
16551.96094 0.082519
16552.16016 0.081768
16552.35938 0.081042
16552.56055 0.080316
16552.75977 0.07959
16552.96094 0.078863
16553.16992 0.078137
16553.36914 0.077411
16553.57031 0.076685
16553.76953 0.075958
16553.97070 0.075232
16554.16992 0.074507
16554.36914 0.073783
16554.57031 0.073058
16554.77930 0.072334
16554.98047 0.071609
16555.17969 0.070885
16555.38086 0.07016
16555.58008 0.069435
16555.77930 0.068711
16555.98047 0.067986
16556.17969 0.067369
16556.38086 0.066762
16556.58984 0.066156
16556.78906 0.065549
16556.99023 0.064942
16557.18945 0.064336
16557.39062 0.063729
16557.58984 0.063122
16557.78906 0.062515
16557.99023 0.061908
16558.19922 0.061237
16558.40039 0.060564
16558.59961 0.059891
16558.80078 0.059218
16559.00000 0.058545
16559.19922 0.057872
16559.40039 0.057199
16559.59961 0.056526
16559.80078 0.055853
16560.00977 0.055185
16560.21094 0.054703
16560.41016 0.05422
16560.60938 0.053738
16560.81055 0.053256
16561.00977 0.052773
16561.21094 0.052291
16561.41016 0.051809
16561.61914 0.051326
16561.82031 0.050844
16562.01953 0.050356
16562.22070 0.049815
16562.41992 0.049269
16562.61914 0.048727
16562.82031 0.048186
16563.02930 0.047645
16563.23047 0.047104
16563.42969 0.046563
16563.63086 0.046021
16563.83008 0.04548
16564.02930 0.044958
16564.23047 0.044544
16564.42969 0.04413
16564.63086 0.043715
16564.83984 0.043301
16565.03906 0.042887
16565.24023 0.042472
16565.43945 0.042058
16565.64062 0.041644
16565.83984 0.041229
16566.03906 0.04081
16566.24023 0.040376
16566.44922 0.039942
16566.65039 0.039508
16566.84961 0.03907
16567.05078 0.038636
16567.25000 0.038201
16567.44922 0.037767
16567.65039 0.037333
16567.85938 0.036899
16568.06055 0.036491
16568.25977 0.036151
16568.46094 0.035812
16568.66016 0.035472
16568.85938 0.035132
16569.06055 0.034793
16569.25977 0.034453
16569.46094 0.034113
16569.66992 0.03377
16569.86914 0.03343
16570.07031 0.033088
16570.26953 0.032741
16570.47070 0.032394
16570.66992 0.032047
16570.88086 0.031701
16571.08008 0.031354
16571.27930 0.031007
16571.48047 0.03066
16571.67969 0.030313
16571.88086 0.029966
16572.08008 0.029633
16572.28906 0.029329
16572.49023 0.029025
16572.68945 0.02872
16572.89062 0.028416
16573.08984 0.028112
16573.28906 0.027807
16573.49023 0.027503
16573.68945 0.027199
16573.89062 0.026894
16574.09961 0.026613
16574.30078 0.026363
16574.50000 0.026113
16574.69922 0.025862
16574.90039 0.025612
16575.09961 0.025362
16575.30078 0.025111
16575.50977 0.024861
16575.71094 0.024611
16575.91016 0.024358
16576.10938 0.024102
16576.31055 0.023841
16576.50977 0.023581
16576.71094 0.02332
16576.91992 0.023059
16577.11914 0.022799
16577.32031 0.022538
16577.51953 0.022275
16577.72070 0.022014
16577.91992 0.021753
16578.11914 0.021549
16578.33008 0.021378
16578.52930 0.021208
16578.73047 0.021037
16578.92969 0.020867
16579.13086 0.020695
16579.33008 0.020524
16579.53906 0.020354
16579.74023 0.020184
16579.93945 0.020013
16580.14062 0.019805
16580.33984 0.019579
16580.53906 0.019352
16580.74023 0.019126
16580.94922 0.018901
16581.15039 0.018675
16581.34961 0.01845
16581.55078 0.018224
16581.75000 0.017999
16581.94922 0.017771
16582.15039 0.01759
16582.35938 0.017422
16582.56055 0.017254
16582.75977 0.017086
16582.96094 0.016918
16583.16016 0.016749
16583.35938 0.016581
16583.56055 0.016413
16583.76953 0.016245
16583.97070 0.016078
16584.16992 0.015929
16584.36914 0.015784
16584.57031 0.01564
16584.76953 0.015496
16584.97070 0.015351
16585.17969 0.015207
16585.38086 0.015063
16585.58008 0.014917
16585.77930 0.014773
16585.98047 0.014629
16586.17969 0.014484
16586.38086 0.014339
16586.58984 0.014192
16586.78906 0.014047
16586.99023 0.013901
16587.18945 0.013756
16587.39062 0.013611
16587.58984 0.013466
16587.80078 0.013319
16588.00000 0.013174
16588.19922 0.013036
16588.40039 0.012898
16588.59961 0.012761
16588.80078 0.012622
16589.00977 0.012484
16589.21094 0.012346
16589.41016 0.012208
16589.60938 0.012071
16589.81055 0.011932
16590.00977 0.011797
16590.21094 0.011708
16590.41992 0.011618
16590.61914 0.011528
16590.82031 0.011438
16591.01953 0.011348
16591.22070 0.011259
16591.41992 0.011169
16591.63086 0.011079
16591.83008 0.010989
16592.02930 0.010895
16592.23047 0.010771
16592.42969 0.010647
16592.63086 0.010522
16592.83984 0.010398
16593.03906 0.010275
16593.24023 0.010151
16593.43945 0.010026
16593.64062 0.009902
16593.83984 0.009778
16594.03906 0.009669
16594.25000 0.009607
16594.44922 0.009546
16594.65039 0.009485
16594.84961 0.009423
16595.05078 0.009362
16595.25977 0.0093
16595.46094 0.009239
16595.66016 0.009178
16595.85938 0.009117
16596.06055 0.009044
16596.25977 0.008946
16596.46094 0.008848
16596.66992 0.00875
16596.86914 0.008651
16597.07031 0.008553
16597.26953 0.008455
16597.47070 0.008357
16597.67969 0.008258
16597.88086 0.00816
16598.08008 0.008078
16598.27930 0.00802
16598.48047 0.007962
16598.67969 0.007904
16598.88086 0.007846
16599.08984 0.007788
16599.28906 0.007729
16599.49023 0.007671
16599.68945 0.007614
16599.89062 0.007556
16600.09961 0.007489
16600.30078 0.007413
16600.50000 0.007338
16600.69922 0.007263
16600.90039 0.007186
16601.09961 0.007111
16601.30078 0.007036
16601.50977 0.006959
16601.71094 0.006884
16601.91016 0.006809
16602.10938 0.006746
16602.31055 0.006694
16602.51953 0.006643
16602.72070 0.006591
16602.91992 0.006539
16603.11914 0.006488
16603.32031 0.006436
16603.51953 0.006385
16603.73047 0.006333
16603.92969 0.006281
16604.13086 0.006224
16604.33008 0.006164
16604.52930 0.006105
16604.73047 0.006045
16604.93945 0.005986
16605.14062 0.005925
16605.33984 0.005866
16605.53906 0.005806
16605.74023 0.005746
16605.94922 0.005686
16606.15039 0.00564
16606.34961 0.005599
16606.55078 0.005558
16606.75000 0.005517
16606.94922 0.005476
16607.16016 0.005434
16607.35938 0.005393
16607.56055 0.005352
16607.75977 0.00531
16607.96094 0.005269
16608.16016 0.005235
16608.36914 0.005202
16608.57031 0.00517
16608.76953 0.005137
16608.97070 0.005104
16609.16992 0.005071
16609.36914 0.005039
16609.58008 0.005006
16609.77930 0.004973
16609.98047 0.004941
16610.17969 0.004891
16610.38086 0.00484
16610.58984 0.004789
16610.78906 0.004737
16610.99023 0.004686
16611.18945 0.004635
16611.39062 0.004583
16611.59961 0.004532
16611.80078 0.004481
16612.00000 0.004429
16612.19922 0.004416
16612.40039 0.004402
16612.60938 0.004389
16612.81055 0.004375
16613.00977 0.004362
16613.21094 0.004348
16613.41016 0.004335
16613.60938 0.004321
16613.82031 0.004308
16614.01953 0.004289
16614.22070 0.004219
16614.41992 0.004149
16614.61914 0.004079
16614.83008 0.004008
16615.02930 0.003939
16615.23047 0.003869
16615.42969 0.003798
16615.63086 0.003728
16615.83008 0.003658
16616.03906 0.003594
16616.24023 0.003558
16616.43945 0.003523
16616.64062 0.003486
16616.83984 0.003451
16617.05078 0.003414
16617.25000 0.003379
16617.44922 0.003343
16617.65039 0.003307
16617.84961 0.003271
16618.05078 0.00323
16618.25977 0.003174
16618.46094 0.003119
16618.66016 0.003063
16618.85938 0.003007
16619.06055 0.002952
16619.26953 0.002896
16619.47070 0.002841
16619.66992 0.002785
16619.86914 0.00273
16620.07031 0.002703
16620.27930 0.002727
16620.48047 0.00275
16620.67969 0.002774
16620.88086 0.002797
16621.08008 0.002821
16621.28906 0.002844
16621.49023 0.002867
16621.68945 0.002891
16621.89062 0.002914
16622.08984 0.002926
16622.30078 0.002923
16622.50000 0.00292
16622.69922 0.002917
16622.90039 0.002914
16623.09961 0.002911
16623.31055 0.002909
16623.50977 0.002906
16623.71094 0.002903
16623.91016 0.0029
16624.10938 0.002877
16624.32031 0.002837
16624.51953 0.002797
16624.72070 0.002757
16624.91992 0.002717
16625.13086 0.002677
16625.33008 0.002638
16625.52930 0.002598
16625.73047 0.002558
16625.92969 0.002519
16626.13086 0.002486
16626.33984 0.002457
16626.53906 0.002429
16626.74023 0.0024
16626.93945 0.002371
16627.14062 0.002343
16627.34961 0.002314
16627.55078 0.002285
16627.75000 0.002256
16627.94922 0.002228
16628.15039 0.002215
16628.35938 0.002207
16628.56055 0.0022
16628.75977 0.002192
16628.96094 0.002184
16629.16016 0.002177
16629.36914 0.002169
16629.57031 0.002162
16629.76953 0.002154
16629.97070 0.002146
16630.17969 0.002132
16630.38086 0.002117
16630.58008 0.002101
16630.77930 0.002086
16630.98047 0.00207
16631.18945 0.002055
16631.39062 0.00204
16631.58984 0.002024
16631.78906 0.002009
16631.99023 0.001994
16632.19922 0.001997
16632.40039 0.002001
16632.59961 0.002005
16632.80078 0.002009
16633.00000 0.002014
16633.21094 0.002018
16633.41016 0.002022
16633.60938 0.002026
16633.81055 0.00203
16634.00977 0.002031
16634.22070 0.001984
16634.41992 0.001938
16634.61914 0.001891
16634.82031 0.001844
16635.02930 0.001798
16635.23047 0.001751
16635.42969 0.001704
16635.63086 0.001658
16635.83008 0.001611
16636.03906 0.001576
16636.24023 0.001592
16636.43945 0.001607
16636.64062 0.001623
16636.83984 0.001639
16637.05078 0.001655
16637.25000 0.001671
16637.44922 0.001686
16637.65039 0.001702
16637.85938 0.001718
16638.06055 0.001724
16638.25977 0.001707
16638.46094 0.001689
16638.66016 0.001672
16638.86914 0.001654
16639.07031 0.001637
16639.26953 0.001619
16639.47070 0.001601
16639.66992 0.001584
16639.88086 0.001566
16640.08008 0.00154
16640.27930 0.001501
16640.48047 0.001462
16640.68945 0.001422
16640.89062 0.001383
16641.08984 0.001344
16641.28906 0.001305
16641.49023 0.001266
16641.69922 0.001227
16641.90039 0.001187
16642.09961 0.001172
16642.30078 0.001182
16642.50977 0.001192
16642.71094 0.001202
16642.91016 0.001212
16643.10938 0.001222
16643.31055 0.001232
16643.51953 0.001242
16643.72070 0.001252
16643.91992 0.001262
16644.11914 0.001264
16644.32031 0.00126
16644.52930 0.001256
16644.73047 0.001253
16644.92969 0.001249
16645.13086 0.001245
16645.33984 0.001241
16645.53906 0.001237
16645.74023 0.001234
16645.93945 0.00123
16646.14062 0.001219
16646.34961 0.001205
16646.55078 0.001191
16646.75000 0.001177
16646.96094 0.001163
16647.16016 0.00115
16647.35938 0.001136
16647.56055 0.001122
16647.75977 0.001108
16647.96094 0.001094
16648.16992 0.001082
16648.36914 0.001071
16648.57031 0.00106
16648.77930 0.001048
16648.98047 0.001037
16649.17969 0.001026
16649.38086 0.001015
16649.58008 0.001003
16649.78906 0.000992
16649.99023 0.000981
16650.18945 0.000991
16650.39062 0.001003
16650.59961 0.001015
16650.80078 0.001027
16651.00000 0.001038
16651.19922 0.00105
16651.40039 0.001062
16651.60938 0.001074
16651.81055 0.001086
16652.00977 0.001095
16652.21094 0.001067
16652.41992 0.00104
16652.61914 0.001013
16652.82031 0.000985
16653.01953 0.000958
16653.23047 0.00093
16653.42969 0.000903
16653.63086 0.000875
16653.83008 0.000848
16654.03906 0.000822
16654.24023 0.000809
16654.43945 0.000795
16654.64062 0.000781
16654.83984 0.000767
16655.05078 0.000753
16655.25000 0.00074
16655.44922 0.000726
16655.65039 0.000712
16655.85938 0.000698
16656.06055 0.000695
16656.25977 0.000719
16656.46094 0.000743
16656.66992 0.000767
16656.86914 0.000791
16657.07031 0.000815
16657.26953 0.000839
16657.47070 0.000862
16657.67969 0.000886
16657.88086 0.00091
16658.08008 0.000913
16658.28906 0.000885
16658.49023 0.000858
16658.68945 0.00083
16658.89062 0.000803
16659.08984 0.000775
16659.30078 0.000747
16659.50000 0.00072
16659.69922 0.000692
16659.90039 0.000665
16660.10938 0.000656
16660.31055 0.000663
16660.50977 0.000671
16660.71094 0.000679
16660.91992 0.000687
16661.11914 0.000695
16661.32031 0.000702
16661.51953 0.00071
16661.73047 0.000718
16661.92969 0.000726
16662.13086 0.000718
16662.33008 0.000702
16662.53906 0.000687
16662.74023 0.000671
16662.93945 0.000655
16663.14062 0.000639
16663.34961 0.000623
16663.55078 0.000607
16663.75000 0.000591
16663.94922 0.000575
16664.16016 0.000583
16664.35938 0.000596
16664.56055 0.000611
16664.75977 0.000625
16664.96094 0.000639
16665.16992 0.000653
16665.36914 0.000667
16665.57031 0.000681
16665.77930 0.000695
16665.98047 0.000709
16666.17969 0.000702
16666.38086 0.000692
16666.58984 0.000682
16666.78906 0.000673
16666.99023 0.000663
16667.18945 0.000653
16667.40039 0.000643
16667.59961 0.000634
16667.80078 0.000624
16668.00000 0.000614
16668.21094 0.000592
16668.41016 0.00057
16668.60938 0.000548
16668.81055 0.000526
16669.01953 0.000504
16669.22070 0.000481
16669.41992 0.000459
16669.61914 0.000437
16669.83008 0.000415
18336.81250 0.0
