threeML/data/optical_filters/HST/NICMOS1-F187N.ecsv
# %ECSV 0.9
# ---
# datatype:
# - {name: wavelength, unit: Angstrom, datatype: float32}
# - {name: response, datatype: float32}
# meta: !!omap
# - {band_name: F187N}
# - {group_name: NICMOS1}
wavelength response
18535.68945 0.0
18535.88086 1.3e-05
18536.06055 5.8e-05
18536.24023 9.5e-05
18536.42969 0.000133
18536.60938 0.00017
18536.78906 0.000207
18536.98047 0.000244
18537.16016 0.000281
18537.34961 0.000318
18537.52930 0.000355
18537.71094 0.000392
18537.90039 0.00043
18538.08008 0.000455
18538.26953 0.000466
18538.44922 0.000477
18538.63086 0.000488
18538.82031 0.0005
18539.00000 0.000511
18539.18945 0.000522
18539.36914 0.000533
18539.55078 0.000544
18539.74023 0.000555
18539.91992 0.000566
18540.10938 0.000579
18540.28906 0.000593
18540.47070 0.000607
18540.66016 0.000622
18540.83984 0.000636
18541.02930 0.00065
18541.21094 0.000664
18541.39062 0.000678
18541.58008 0.000692
18541.75977 0.000706
18541.94922 0.00072
18542.13086 0.000717
18542.31055 0.000707
18542.50000 0.000697
18542.67969 0.000687
18542.86914 0.000677
18543.05078 0.000667
18543.23047 0.000657
18543.41992 0.000647
18543.59961 0.000637
18543.78906 0.000627
18543.97070 0.000617
18544.16016 0.000622
18544.33984 0.00063
18544.51953 0.000638
18544.71094 0.000646
18544.89062 0.000654
18545.08008 0.000662
18545.25977 0.00067
18545.43945 0.000678
18545.63086 0.000686
18545.81055 0.000694
18546.00000 0.000702
18546.17969 0.000714
18546.35938 0.000726
18546.55078 0.000738
18546.73047 0.000749
18546.91992 0.000761
18547.09961 0.000773
18547.28906 0.000785
18547.47070 0.000797
18547.65039 0.000809
18547.83984 0.000821
18548.01953 0.000827
18548.21094 0.000786
18548.39062 0.000744
18548.57031 0.000703
18548.75977 0.000662
18548.93945 0.000621
18549.11914 0.000579
18549.31055 0.000538
18549.49023 0.000497
18549.67969 0.000456
18549.85938 0.000415
18550.05078 0.000402
18550.23047 0.000476
18550.41016 0.00055
18550.59961 0.000624
18550.77930 0.000699
18550.97070 0.000773
18551.15039 0.000847
18551.33008 0.000921
18551.51953 0.000995
18551.69922 0.001069
18551.89062 0.001143
18552.07031 0.001171
18552.25977 0.001124
18552.43945 0.001078
18552.61914 0.001031
18552.81055 0.000984
18552.99023 0.000937
18553.17969 0.000891
18553.35938 0.000844
18553.53906 0.000797
18553.73047 0.000751
18553.91016 0.000704
18554.09961 0.000698
18554.27930 0.000729
18554.46094 0.00076
18554.65039 0.000791
18554.83008 0.000822
18555.01953 0.000853
18555.19922 0.000884
18555.39062 0.000915
18555.57031 0.000946
18555.75000 0.000977
18555.93945 0.001008
18556.11914 0.001045
18556.31055 0.001084
18556.49023 0.001124
18556.67969 0.001163
18556.85938 0.001203
18557.03906 0.001242
18557.23047 0.001282
18557.41016 0.001321
18557.59961 0.001361
18557.77930 0.0014
18557.96094 0.00144
18558.15039 0.001432
18558.33008 0.001412
18558.51953 0.001392
18558.69922 0.001372
18558.88086 0.001352
18559.07031 0.001332
18559.25000 0.001312
18559.43945 0.001292
18559.61914 0.001272
18559.81055 0.001252
18559.99023 0.001232
18560.17969 0.001192
18560.35938 0.00115
18560.53906 0.001109
18560.73047 0.001068
18560.91016 0.001026
18561.09961 0.000984
18561.27930 0.000943
18561.46094 0.000901
18561.65039 0.00086
18561.83008 0.000818
18562.01953 0.000782
18562.19922 0.000801
18562.38086 0.00082
18562.57031 0.000839
18562.75000 0.000858
18562.93945 0.000877
18563.11914 0.000896
18563.31055 0.000915
18563.49023 0.000934
18563.67969 0.000953
18563.85938 0.000972
18564.03906 0.000997
18564.23047 0.001045
18564.41016 0.001092
18564.59961 0.001139
18564.77930 0.001187
18564.96094 0.001234
18565.15039 0.001281
18565.33008 0.001329
18565.51953 0.001376
18565.69922 0.001423
18565.89062 0.001471
18566.07031 0.001486
18566.25000 0.001448
18566.43945 0.00141
18566.61914 0.001373
18566.81055 0.001335
18566.99023 0.001297
18567.17969 0.001259
18567.35938 0.001221
18567.53906 0.001184
18567.73047 0.001146
18567.91016 0.001108
18568.09961 0.001109
18568.27930 0.001143
18568.47070 0.001177
18568.65039 0.001211
18568.83008 0.001244
18569.01953 0.001279
18569.19922 0.001312
18569.39062 0.001346
18569.57031 0.001381
18569.75977 0.001414
18569.93945 0.001449
18570.13086 0.00147
18570.31055 0.001486
18570.49023 0.001502
18570.67969 0.001518
18570.85938 0.001534
18571.05078 0.001551
18571.23047 0.001567
18571.41016 0.001583
18571.59961 0.001599
18571.77930 0.001615
18571.97070 0.001631
18572.15039 0.001655
18572.33984 0.001681
18572.51953 0.001707
18572.71094 0.001733
18572.89062 0.001759
18573.07031 0.001786
18573.25977 0.001812
18573.43945 0.001838
18573.63086 0.001864
18573.81055 0.00189
18574.00000 0.001916
18574.17969 0.001894
18574.36914 0.001871
18574.55078 0.001848
18574.73047 0.001825
18574.91992 0.001801
18575.09961 0.001778
18575.28906 0.001755
18575.47070 0.001732
18575.65039 0.001709
18575.83984 0.001686
18576.01953 0.001669
18576.21094 0.001694
18576.39062 0.00172
18576.58008 0.001746
18576.75977 0.001771
18576.94922 0.001797
18577.13086 0.001823
18577.31055 0.001848
18577.50000 0.001874
18577.67969 0.0019
18577.86914 0.001925
18578.05078 0.001947
18578.24023 0.001957
18578.41992 0.001968
18578.60938 0.001979
18578.78906 0.001989
18578.97070 0.002
18579.16016 0.00201
18579.33984 0.002021
18579.52930 0.002031
18579.71094 0.002042
18579.90039 0.002053
18580.08008 0.002079
18580.25977 0.002126
18580.44922 0.002174
18580.63086 0.00222
18580.82031 0.002268
18581.00000 0.002315
18581.18945 0.002362
18581.36914 0.002409
18581.55078 0.002456
18581.74023 0.002504
18581.91992 0.002551
18582.10938 0.002574
18582.28906 0.00258
18582.48047 0.002586
18582.66016 0.002592
18582.84961 0.002598
18583.02930 0.002605
18583.21094 0.002611
18583.40039 0.002617
18583.58008 0.002623
18583.76953 0.002629
18583.94922 0.002635
18584.14062 0.002694
18584.32031 0.00277
18584.50977 0.002846
18584.68945 0.002923
18584.88086 0.002999
18585.06055 0.003076
18585.24023 0.003152
18585.42969 0.003228
18585.60938 0.003304
18585.80078 0.00338
18585.98047 0.003457
18586.16992 0.003496
18586.34961 0.003532
18586.53906 0.003567
18586.72070 0.003602
18586.90039 0.003637
18587.08984 0.003673
18587.26953 0.003708
18587.46094 0.003743
18587.64062 0.003778
18587.83008 0.003813
18588.00977 0.003839
18588.19922 0.003723
18588.38086 0.003606
18588.56055 0.00349
18588.75000 0.003373
18588.92969 0.003257
18589.11914 0.00314
18589.30078 0.003024
18589.49023 0.002909
18589.66992 0.002792
18589.85938 0.002676
18590.03906 0.002614
18590.22070 0.002748
18590.41016 0.002882
18590.58984 0.003015
18590.77930 0.00315
18590.96094 0.003283
18591.15039 0.003418
18591.33008 0.003551
18591.51953 0.003686
18591.69922 0.003819
18591.89062 0.003954
18592.07031 0.004033
18592.25977 0.004025
18592.43945 0.004016
18592.63086 0.004008
18592.81055 0.004
18592.99023 0.003992
18593.17969 0.003983
18593.35938 0.003975
18593.55078 0.003967
18593.73047 0.003959
18593.91992 0.003951
18594.09961 0.004002
18594.28906 0.004106
18594.47070 0.004209
18594.65039 0.004312
18594.83984 0.004415
18595.01953 0.004519
18595.21094 0.004621
18595.39062 0.004725
18595.58008 0.004827
18595.75977 0.004931
18595.94922 0.005034
18596.13086 0.005081
18596.31055 0.005106
18596.50000 0.00513
18596.67969 0.005155
18596.86914 0.005179
18597.05078 0.005204
18597.24023 0.005228
18597.41992 0.005252
18597.60938 0.005277
18597.78906 0.005301
18597.98047 0.005326
18598.16016 0.005342
18598.34961 0.005357
18598.52930 0.005372
18598.71094 0.005386
18598.90039 0.005401
18599.08008 0.005416
18599.26953 0.005431
18599.44922 0.005446
18599.64062 0.00546
18599.82031 0.005475
18600.00977 0.005494
18600.18945 0.005624
18600.38086 0.005754
18600.56055 0.005882
18600.75000 0.006012
18600.92969 0.006141
18601.11914 0.006271
18601.30078 0.0064
18601.48047 0.00653
18601.66992 0.006658
18601.84961 0.006788
18602.03906 0.006898
18602.22070 0.006935
18602.41016 0.006971
18602.58984 0.007008
18602.77930 0.007044
18602.96094 0.007081
18603.14062 0.007118
18603.33008 0.007154
18603.50977 0.007191
18603.69922 0.007227
18603.88086 0.007264
18604.07031 0.007304
18604.25000 0.007351
18604.43945 0.007398
18604.61914 0.007445
18604.81055 0.007491
18604.99023 0.007538
18605.17969 0.007585
18605.35938 0.007632
18605.53906 0.007679
18605.73047 0.007726
18605.91992 0.007773
18606.09961 0.007821
18606.28906 0.007871
18606.47070 0.00792
18606.65039 0.00797
18606.83984 0.00802
18607.01953 0.00807
18607.21094 0.008119
18607.39062 0.008169
18607.58008 0.008219
18607.75977 0.008269
18607.94922 0.008319
18608.13086 0.008343
18608.32031 0.008356
18608.50000 0.00837
18608.68945 0.008383
18608.86914 0.008397
18609.05078 0.008411
18609.24023 0.008424
18609.41992 0.008438
18609.60938 0.008452
18609.78906 0.008465
18609.98047 0.008479
18610.16016 0.008712
18610.34961 0.008977
18610.52930 0.009242
18610.72070 0.009504
18610.90039 0.009769
18611.08984 0.010031
18611.26953 0.010296
18611.46094 0.010559
18611.64062 0.010824
18611.83008 0.011089
18612.00977 0.011338
18612.19922 0.011369
18612.38086 0.011399
18612.56055 0.01143
18612.75000 0.01146
18612.92969 0.01149
18613.11914 0.011521
18613.30078 0.011551
18613.49023 0.011582
18613.66992 0.011612
18613.85938 0.011642
18614.03906 0.011706
18614.23047 0.011875
18614.41016 0.012047
18614.59961 0.012217
18614.77930 0.012388
18614.96094 0.012558
18615.15039 0.01273
18615.33984 0.012901
18615.51953 0.013071
18615.71094 0.013243
18615.89062 0.013413
18616.07031 0.013602
18616.25977 0.013818
18616.43945 0.014032
18616.63086 0.014248
18616.81055 0.014462
18617.00000 0.014678
18617.17969 0.014894
18617.36914 0.015108
18617.55078 0.015324
18617.74023 0.015537
18617.91992 0.015754
18618.10938 0.015957
18618.28906 0.016149
18618.48047 0.016344
18618.66016 0.016538
18618.84961 0.01673
18619.02930 0.016925
18619.21094 0.017117
18619.40039 0.017311
18619.58984 0.017506
18619.76953 0.017698
18619.96094 0.017892
18620.14062 0.018034
18620.32031 0.018159
18620.50977 0.018285
18620.68945 0.01841
18620.88086 0.018536
18621.06055 0.018662
18621.25000 0.018786
18621.42969 0.018912
18621.61914 0.019037
18621.80078 0.019163
18621.99023 0.019289
18622.16992 0.019548
18622.35938 0.01982
18622.53906 0.020092
18622.73047 0.020361
18622.91016 0.020633
18623.09961 0.020905
18623.27930 0.021174
18623.47070 0.021446
18623.65039 0.021716
18623.83984 0.021987
18624.01953 0.022257
18624.21094 0.022507
18624.39062 0.02276
18624.58008 0.023013
18624.75977 0.023263
18624.94922 0.023516
18625.13086 0.023768
18625.31055 0.024018
18625.50000 0.024271
18625.67969 0.024521
18625.86914 0.024774
18626.05078 0.025019
18626.24023 0.025245
18626.41992 0.025473
18626.60938 0.025702
18626.78906 0.025928
18626.98047 0.026156
18627.16016 0.026384
18627.34961 0.02661
18627.52930 0.026838
18627.72070 0.027067
18627.90039 0.027292
18628.08984 0.027584
18628.26953 0.027947
18628.46094 0.028306
18628.64062 0.028669
18628.83008 0.029031
18629.00977 0.02939
18629.19922 0.029753
18629.38086 0.030115
18629.57031 0.030474
18629.75000 0.030837
18629.93945 0.031199
18630.11914 0.031561
18630.31055 0.031929
18630.49023 0.032297
18630.67969 0.032661
18630.85938 0.033029
18631.05078 0.033397
18631.23047 0.033761
18631.41992 0.034128
18631.59961 0.034496
18631.78906 0.03486
18631.97070 0.035228
18632.16016 0.035687
18632.33984 0.036158
18632.52930 0.036634
18632.71094 0.03711
18632.89062 0.037581
18633.08008 0.038057
18633.26953 0.038532
18633.44922 0.039008
18633.63086 0.039479
18633.82031 0.039955
18634.00977 0.040431
18634.18945 0.040908
18634.36914 0.041389
18634.56055 0.041871
18634.74023 0.042347
18634.92969 0.042828
18635.11914 0.04331
18635.30078 0.043786
18635.48047 0.044268
18635.66992 0.044749
18635.85938 0.045231
18636.03906 0.045733
18636.22070 0.046336
18636.41016 0.046939
18636.58984 0.047536
18636.77930 0.048139
18636.96094 0.048743
18637.15039 0.049339
18637.33008 0.049943
18637.51953 0.050546
18637.71094 0.051149
18637.89062 0.051746
18638.07031 0.052397
18638.25977 0.053119
18638.43945 0.053834
18638.63086 0.054556
18638.81055 0.055278
18639.00000 0.056
18639.17969 0.056715
18639.36914 0.057437
18639.55078 0.058159
18639.74023 0.058874
18639.91992 0.059596
18640.10938 0.060304
18640.28906 0.061003
18640.48047 0.061694
18640.66016 0.062393
18640.84961 0.063092
18641.03906 0.06379
18641.22070 0.064481
18641.40039 0.06518
18641.58984 0.065879
18641.76953 0.06657
18641.96094 0.067268
18642.14062 0.068022
18642.33008 0.06879
18642.50977 0.069551
18642.69922 0.07032
18642.88086 0.071089
18643.07031 0.071858
18643.25000 0.072618
18643.43945 0.073387
18643.61914 0.074156
18643.81055 0.074924
18643.99023 0.075685
18644.17969 0.076493
18644.36914 0.077302
18644.55078 0.078111
18644.73047 0.078911
18644.91992 0.07972
18645.10938 0.080529
18645.28906 0.081329
18645.47070 0.082138
18645.66016 0.082947
18645.84961 0.083756
18646.02930 0.084566
18646.21094 0.08544
18646.40039 0.086313
18646.58984 0.087187
18646.76953 0.088051
18646.96094 0.088925
18647.14062 0.089798
18647.33008 0.090672
18647.50977 0.091545
18647.69922 0.09241
18647.88086 0.093283
18648.07031 0.094152
18648.25000 0.095012
18648.43945 0.095864
18648.61914 0.096724
18648.81055 0.097585
18648.99023 0.098445
18649.17969 0.099296
18649.35938 0.100156
18649.55078 0.101017
18649.73047 0.101877
18649.91992 0.102728
18650.09961 0.103687
18650.28906 0.104728
18650.47070 0.105768
18650.66016 0.106808
18650.83984 0.107838
18651.02930 0.108878
18651.21094 0.109918
18651.40039 0.110959
18651.58008 0.111988
18651.76953 0.113028
18651.94922 0.114069
18652.14062 0.115027
18652.32031 0.115958
18652.50977 0.116879
18652.68945 0.117809
18652.88086 0.11874
18653.06055 0.119671
18653.25000 0.120602
18653.42969 0.121523
18653.61914 0.122453
18653.80078 0.123384
18653.99023 0.124314
18654.16992 0.125247
18654.35938 0.126189
18654.53906 0.127132
18654.73047 0.128075
18654.91992 0.129017
18655.09961 0.12995
18655.28906 0.130893
18655.47070 0.131835
18655.66016 0.132778
18655.83984 0.13372
18656.02930 0.134668
18656.21094 0.135724
18656.40039 0.136779
18656.58008 0.137835
18656.76953 0.13889
18656.94922 0.139934
18657.14062 0.14099
18657.32031 0.142045
18657.50977 0.1431
18657.68945 0.144155
18657.88086 0.145211
18658.06055 0.146205
18658.25000 0.147113
18658.42969 0.14802
18658.61914 0.148928
18658.80078 0.149836
18658.99023 0.150734
18659.16992 0.151641
18659.35938 0.152549
18659.53906 0.153456
18659.73047 0.154364
18659.91992 0.155271
18660.09961 0.156127
18660.28906 0.156957
18660.47070 0.157786
18660.66016 0.158615
18660.83984 0.159444
18661.02930 0.160265
18661.21094 0.161094
18661.40039 0.161924
18661.58008 0.162753
18661.76953 0.163582
18661.94922 0.164411
18662.14062 0.165261
18662.32031 0.166131
18662.50977 0.167
18662.68945 0.16787
18662.88086 0.168739
18663.06055 0.169609
18663.25000 0.170469
18663.42969 0.171339
18663.61914 0.172208
18663.80078 0.173077
18663.99023 0.173947
18664.17969 0.174707
18664.35938 0.175461
18664.53906 0.176207
18664.73047 0.176962
18664.91992 0.177716
18665.09961 0.17847
18665.28906 0.179224
18665.47070 0.179978
18665.66016 0.180724
18665.83984 0.181478
18666.02930 0.182214
18666.21094 0.18284
18666.40039 0.183466
18666.58008 0.184092
18666.76953 0.184718
18666.94922 0.185337
18667.14062 0.185963
18667.32031 0.186589
18667.50977 0.187215
18667.69922 0.187841
18667.88086 0.188467
18668.07031 0.189096
18668.25000 0.189724
18668.43945 0.190359
18668.61914 0.190994
18668.81055 0.191629
18668.99023 0.192264
18669.17969 0.192899
18669.35938 0.193534
18669.55078 0.194169
18669.73047 0.194797
18669.91992 0.195432
18670.09961 0.19598
18670.28906 0.196459
18670.47070 0.196938
18670.66016 0.197417
18670.84961 0.197896
18671.02930 0.198375
18671.21094 0.198849
18671.40039 0.199328
18671.58984 0.199807
18671.76953 0.200286
18671.96094 0.200765
18672.14062 0.201308
18672.33008 0.201871
18672.50977 0.202433
18672.69922 0.20299
18672.88086 0.203553
18673.07031 0.204115
18673.25000 0.204678
18673.43945 0.205241
18673.61914 0.205803
18673.81055 0.206366
18674.00000 0.206928
18674.17969 0.207264
18674.36914 0.207592
18674.55078 0.207923
18674.74023 0.208254
18674.91992 0.208585
18675.10938 0.208916
18675.28906 0.209247
18675.48047 0.209578
18675.66016 0.209909
18675.84961 0.21024
18676.03906 0.210529
18676.22070 0.210638
18676.40039 0.210749
18676.58984 0.21086
18676.77930 0.21097
18676.96094 0.211081
