threeML/data/optical_filters/HST/NICMOS2-F180M.ecsv
# %ECSV 0.9
# ---
# datatype:
# - {name: wavelength, unit: Angstrom, datatype: float32}
# - {name: response, datatype: float32}
# meta: !!omap
# - {band_name: F180M}
# - {group_name: NICMOS2}
wavelength response
[from data line 3833]
17756.60938 0.233367
17756.81055 0.233386
17757.00000 0.233405
17757.19922 0.233424
17757.40039 0.233443
17757.59961 0.233461
17757.78906 0.233481
17757.99023 0.233499
17758.18945 0.233609
17758.39062 0.233722
17758.58984 0.233836
17758.77930 0.233949
17758.98047 0.234062
17759.17969 0.234175
17759.38086 0.234289
17759.57031 0.234402
17759.76953 0.234515
17759.97070 0.234628
17760.16992 0.234684
17760.36914 0.234729
17760.56055 0.234774
17760.75977 0.234819
17760.96094 0.234864
17761.16016 0.234909
17761.34961 0.234954
17761.55078 0.235
17761.75000 0.235045
17761.94922 0.23509
17762.14062 0.235125
17762.33984 0.235157
17762.53906 0.235189
17762.74023 0.235221
17762.93945 0.235253
17763.13086 0.235285
17763.33008 0.235317
17763.52930 0.235348
17763.73047 0.23538
17763.92969 0.235412
17764.11914 0.235466
17764.32031 0.235533
17764.51953 0.235601
17764.72070 0.235668
17764.91016 0.235735
17765.10938 0.235802
17765.31055 0.23587
17765.50977 0.235936
17765.71094 0.236004
17765.90039 0.236071
17766.09961 0.236092
17766.30078 0.236069
17766.50000 0.236046
17766.69922 0.236023
17766.89062 0.236
17767.08984 0.235978
17767.28906 0.235955
17767.49023 0.235932
17767.67969 0.235909
17767.88086 0.235886
17768.08008 0.23592
17768.27930 0.236036
17768.48047 0.236154
17768.66992 0.236271
17768.86914 0.236387
17769.07031 0.236504
17769.26953 0.236621
17769.46094 0.236738
17769.66016 0.236854
17769.85938 0.236972
17770.06055 0.237056
17770.25977 0.237063
17770.46094 0.237069
17770.65039 0.237076
17770.84961 0.237082
17771.05078 0.237089
17771.25000 0.237095
17771.43945 0.237102
17771.64062 0.237108
17771.83984 0.237115
17772.03906 0.237116
17772.24023 0.237094
17772.42969 0.237072
17772.63086 0.237051
17772.83008 0.237029
17773.02930 0.237007
17773.22070 0.236985
17773.41992 0.236963
17773.61914 0.236942
17773.82031 0.23692
17774.01953 0.236907
17774.21094 0.236987
17774.41016 0.237067
17774.60938 0.237148
17774.81055 0.237228
17775.00977 0.237308
17775.21094 0.237389
17775.40039 0.237469
17775.59961 0.237549
17775.80078 0.23763
17776.00000 0.23771
17776.18945 0.237713
17776.39062 0.237715
17776.58984 0.237717
17776.78906 0.237718
17776.99023 0.23772
17777.17969 0.237722
17777.38086 0.237724
17777.58008 0.237726
17777.77930 0.237727
17777.97070 0.237729
17778.16992 0.237693
17778.36914 0.237652
17778.57031 0.23761
17778.76953 0.237569
17778.96094 0.237528
17779.16016 0.237487
17779.35938 0.237446
17779.56055 0.237404
17779.75977 0.237363
17779.96094 0.237322
17780.15039 0.237375
17780.34961 0.237456
17780.55078 0.237536
17780.75000 0.237617
17780.94922 0.237698
17781.14062 0.237778
17781.33984 0.237859
17781.53906 0.237939
17781.74023 0.238021
17781.93945 0.238101
17782.13086 0.238152
17782.33008 0.238188
17782.52930 0.238225
17782.73047 0.238261
17782.92969 0.238298
17783.11914 0.238334
17783.32031 0.238371
17783.51953 0.238407
17783.72070 0.238444
17783.91992 0.23848
17784.10938 0.238515
17784.31055 0.238549
17784.50977 0.238583
17784.71094 0.238616
17784.91016 0.23865
17785.09961 0.238684
17785.30078 0.238718
17785.50000 0.238751
17785.69922 0.238785
17785.90039 0.238819
17786.08984 0.238834
17786.28906 0.238827
17786.49023 0.238821
17786.68945 0.238815
17786.89062 0.238809
17787.08008 0.238803
17787.27930 0.238797
17787.48047 0.238791
17787.67969 0.238785
17787.88086 0.238779
17788.07031 0.238774
17788.26953 0.238773
17788.47070 0.238771
17788.66992 0.23877
17788.86914 0.238768
17789.06055 0.238767
17789.25977 0.238765
17789.46094 0.238764
17789.66016 0.238763
17789.85938 0.238761
17790.05078 0.238767
17790.25000 0.238793
17790.44922 0.238819
17790.65039 0.238844
17790.84961 0.23887
17791.05078 0.238896
17791.24023 0.238922
17791.43945 0.238948
17791.64062 0.238973
17791.83984 0.238999
17792.03906 0.239019
17792.23047 0.239016
17792.42969 0.239012
17792.63086 0.239009
17792.83008 0.239005
17793.02930 0.239002
17793.22070 0.238998
17793.41992 0.238994
17793.61914 0.238991
17793.82031 0.238987
17794.01953 0.238984
17794.22070 0.23898
17794.41016 0.238976
17794.60938 0.238972
17794.81055 0.238968
17795.00977 0.238964
17795.21094 0.23896
17795.40039 0.238956
17795.59961 0.238952
17795.80078 0.238948
17796.00000 0.238944
17796.19922 0.238988
17796.40039 0.239033
17796.58984 0.239077
17796.78906 0.239122
17796.99023 0.239166
17797.18945 0.239211
17797.39062 0.239255
17797.58984 0.239299
17797.77930 0.239344
17797.98047 0.239388
17798.17969 0.239377
17798.38086 0.239361
17798.58008 0.239344
17798.76953 0.239327
17798.97070 0.23931
17799.16992 0.239294
17799.36914 0.239277
17799.57031 0.23926
17799.76953 0.239243
17799.96094 0.239227
17800.16016 0.239206
17800.35938 0.239186
17800.56055 0.239165
17800.75977 0.239144
17800.96094 0.239123
17801.15039 0.239103
17801.34961 0.239082
17801.55078 0.239061
17801.75000 0.23904
17801.94922 0.239019
17802.14062 0.239039
17802.33984 0.239073
17802.53906 0.239109
17802.74023 0.239143
17802.93945 0.239178
17803.13086 0.239213
17803.33008 0.239248
17803.52930 0.239283
17803.73047 0.239318
17803.92969 0.239353
17804.13086 0.23941
17804.32031 0.239481
17804.51953 0.239552
17804.72070 0.239622
17804.91992 0.239693
17805.11914 0.239763
17805.32031 0.239834
17805.50977 0.239904
17805.71094 0.239975
17805.91016 0.240045
17806.10938 0.240058
17806.31055 0.240023
17806.50977 0.239988
17806.69922 0.239954
17806.90039 0.239919
17807.09961 0.239885
17807.30078 0.23985
17807.50000 0.239815
17807.69922 0.239781
17807.89062 0.239746
17808.08984 0.239726
17808.28906 0.239723
17808.49023 0.239719
17808.68945 0.239716
17808.88086 0.239712
17809.08008 0.239709
17809.27930 0.239705
17809.48047 0.239702
17809.67969 0.239698
17809.88086 0.239695
17810.07031 0.239696
17810.26953 0.239705
17810.47070 0.239715
17810.66992 0.239724
17810.86914 0.239733
17811.07031 0.239742
17811.26953 0.239752
17811.46094 0.239761
17811.66016 0.23977
17811.85938 0.239779
17812.06055 0.239793
17812.25977 0.239817
17812.46094 0.239841
17812.65039 0.239865
17812.84961 0.239889
17813.05078 0.239914
17813.25000 0.239938
17813.44922 0.239962
17813.64062 0.239986
17813.83984 0.24001
17814.03906 0.240013
17814.24023 0.239942
17814.43945 0.23987
17814.64062 0.239799
17814.83984 0.239727
17815.02930 0.239656
17815.23047 0.239584
17815.42969 0.239512
17815.63086 0.239441
17815.83008 0.239369
17816.02930 0.239315
17816.22070 0.239382
17816.41992 0.239448
17816.61914 0.239515
17816.82031 0.239581
17817.01953 0.239647
17817.22070 0.239714
17817.41016 0.23978
17817.60938 0.239847
17817.81055 0.239913
17818.00977 0.239975
17818.21094 0.23995
17818.41016 0.239925
17818.60938 0.2399
17818.80078 0.239876
17819.00000 0.239851
17819.19922 0.239826
17819.40039 0.239802
17819.59961 0.239777
17819.78906 0.239752
17819.99023 0.239727
17820.18945 0.239784
17820.39062 0.239843
17820.58984 0.239903
17820.78906 0.239962
17820.99023 0.240021
17821.18945 0.240081
17821.38086 0.24014
17821.58008 0.240199
17821.77930 0.240258
17821.98047 0.240318
17822.17969 0.240268
17822.38086 0.240207
17822.57031 0.240144
17822.76953 0.240082
17822.97070 0.24002
17823.16992 0.239957
17823.36914 0.239896
17823.57031 0.239833
17823.76953 0.239771
17823.96094 0.239709
17824.16016 0.239664
17824.35938 0.239623
17824.56055 0.239582
17824.75977 0.23954
17824.96094 0.2395
17825.15039 0.239458
17825.34961 0.239417
17825.55078 0.239376
17825.75000 0.239335
17825.94922 0.239294
17826.15039 0.239319
17826.34961 0.239368
17826.53906 0.239417
17826.74023 0.239465
17826.93945 0.239514
17827.14062 0.239563
17827.33984 0.239611
17827.53906 0.23966
17827.73047 0.239709
17827.92969 0.239757
17828.13086 0.239764
17828.33008 0.239749
17828.52930 0.239734
17828.73047 0.23972
17828.92969 0.239705
17829.11914 0.23969
17829.32031 0.239675
17829.51953 0.23966
17829.72070 0.239646
17829.91992 0.239631
17830.11914 0.239639
17830.32031 0.239662
17830.50977 0.239686
17830.71094 0.239709
17830.91016 0.239733
17831.10938 0.239756
17831.31055 0.23978
17831.50977 0.239804
17831.71094 0.239827
17831.90039 0.239851
17832.09961 0.239849
17832.30078 0.239823
17832.50000 0.239798
17832.69922 0.239772
17832.90039 0.239747
17833.09961 0.239721
17833.28906 0.239695
17833.49023 0.23967
17833.68945 0.239644
17833.89062 0.239619
17834.08984 0.239592
17834.28906 0.239562
17834.49023 0.239533
17834.67969 0.239504
17834.88086 0.239474
17835.08008 0.239445
17835.27930 0.239416
17835.48047 0.239387
17835.67969 0.239357
17835.88086 0.239328
17836.07031 0.23932
17836.26953 0.239349
17836.47070 0.239378
17836.66992 0.239407
17836.86914 0.239436
17837.07031 0.239465
17837.26953 0.239494
17837.46094 0.239523
17837.66016 0.239553
17837.85938 0.239581
17838.06055 0.239592
17838.25977 0.239562
17838.46094 0.239531
17838.66016 0.239501
17838.85938 0.23947
17839.05078 0.239439
17839.25000 0.239409
17839.44922 0.239379
17839.65039 0.239348
17839.84961 0.239318
17840.05078 0.239301
17840.25000 0.239329
17840.44922 0.239357
17840.64062 0.239385
17840.83984 0.239413
17841.03906 0.239441
17841.24023 0.239469
17841.43945 0.239497
17841.64062 0.239525
17841.83984 0.239553
17842.02930 0.239571
17842.23047 0.23954
17842.42969 0.239509
17842.63086 0.239478
17842.83008 0.239447
17843.02930 0.239416
17843.23047 0.239386
17843.41992 0.239355
17843.61914 0.239324
17843.82031 0.239293
17844.01953 0.239268
17844.22070 0.239288
17844.41992 0.239308
17844.61914 0.239329
17844.82031 0.239349
17845.00977 0.239369
17845.21094 0.23939
17845.41016 0.23941
17845.60938 0.239431
17845.81055 0.239451
17846.00977 0.23947
17846.21094 0.23946
17846.41016 0.239449
17846.59961 0.239439
17846.80078 0.239429
17847.00000 0.239419
17847.19922 0.239408
17847.40039 0.239398
17847.59961 0.239388
17847.80078 0.239377
17848.00000 0.239367
17848.18945 0.239412
17848.39062 0.239458
17848.58984 0.239505
17848.78906 0.239552
17848.99023 0.239597
17849.18945 0.239644
17849.39062 0.239691
17849.58984 0.239737
17849.77930 0.239783
17849.98047 0.23983
17850.17969 0.239769
17850.38086 0.239698
17850.58008 0.239626
17850.77930 0.239556
17850.98047 0.239485
17851.17969 0.239414
17851.38086 0.239342
17851.57031 0.239272
17851.76953 0.239201
17851.97070 0.239129
17852.16992 0.239163
17852.36914 0.239214
17852.57031 0.239265
17852.76953 0.239316
17852.96094 0.239367
17853.16016 0.239418
17853.35938 0.23947
17853.56055 0.23952
17853.75977 0.239572
17853.96094 0.239623
17854.16016 0.239612
17854.35938 0.239585
17854.55078 0.239558
17854.75000 0.23953
17854.94922 0.239503
17855.15039 0.239476
17855.34961 0.239449
17855.55078 0.239422
17855.75000 0.239394
17855.94922 0.239367
17856.15039 0.239354
17856.33984 0.239346
17856.53906 0.239338
17856.74023 0.23933
17856.93945 0.239322
17857.14062 0.239314
17857.33984 0.239306
17857.53906 0.239298
17857.74023 0.23929
17857.93945 0.239282
17858.13086 0.239334
17858.33008 0.239414
17858.52930 0.239493
17858.73047 0.239573
17858.92969 0.239653
17859.13086 0.239733
17859.33008 0.239814
17859.52930 0.239894
17859.72070 0.239973
17859.91992 0.240054
17860.11914 0.240046
17860.32031 0.239985
17860.51953 0.239924
17860.72070 0.239863
17860.91992 0.239802
17861.11914 0.239741
17861.32031 0.23968
17861.51953 0.239619
17861.71094 0.239558
17861.91016 0.239497
17862.10938 0.239465
17862.31055 0.239457
17862.50977 0.239449
17862.71094 0.239441
17862.91016 0.239432
17863.10938 0.239424
17863.30078 0.239416
17863.50000 0.239408
17863.69922 0.2394
17863.90039 0.239391
17864.09961 0.239387
17864.30078 0.239386
17864.50000 0.239385
17864.69922 0.239384
17864.90039 0.239383
17865.09961 0.239382
17865.28906 0.239381
17865.49023 0.239381
17865.68945 0.23938
17865.89062 0.239379
17866.08984 0.239366
17866.28906 0.239339
17866.49023 0.239312
17866.68945 0.239284
17866.89062 0.239257
17867.08984 0.23923
17867.27930 0.239203
17867.48047 0.239176
17867.67969 0.239148
17867.88086 0.239121
17868.08008 0.23912
17868.27930 0.239158
17868.48047 0.239196
17868.67969 0.239234
17868.88086 0.239272
17869.07031 0.23931
17869.26953 0.239348
17869.47070 0.239386
17869.66992 0.239424
17869.86914 0.239462
17870.07031 0.23947
17870.26953 0.239423
17870.47070 0.239376
17870.66992 0.23933
17870.86914 0.239283
17871.06055 0.239236
17871.25977 0.239189
17871.46094 0.239142
17871.66016 0.239095
17871.85938 0.239048
17872.06055 0.239011
17872.25977 0.238994
17872.46094 0.238979
17872.66016 0.238962
17872.85938 0.238946
17873.05078 0.23893
17873.25000 0.238914
17873.44922 0.238898
17873.65039 0.238881
17873.84961 0.238865
17874.05078 0.238858
17874.25000 0.238876
17874.44922 0.238894
17874.65039 0.238912
17874.84961 0.23893
17875.03906 0.238949
17875.24023 0.238967
17875.43945 0.238985
17875.64062 0.239004
17875.83984 0.239022
17876.03906 0.239031
17876.24023 0.239008
17876.43945 0.238984
17876.64062 0.23896
17876.83984 0.238936
17877.03906 0.238912
17877.23047 0.238889
17877.42969 0.238865
17877.63086 0.238841
17877.83008 0.238817
17878.02930 0.238798
17878.23047 0.238806
17878.42969 0.238814
17878.63086 0.238821
17878.83008 0.238829
17879.02930 0.238836
17879.23047 0.238844
17879.42969 0.238852
17879.63086 0.238859
17879.82031 0.238867
17880.01953 0.238872
17880.22070 0.238856
17880.41992 0.23884
17880.61914 0.238824
17880.82031 0.238808
17881.01953 0.238792
17881.22070 0.238776
17881.41992 0.23876
17881.61914 0.238743
17881.81055 0.238728
17882.00977 0.238713
17882.21094 0.238727
17882.41016 0.238741
17882.60938 0.238754
17882.81055 0.238768
17883.00977 0.238781
17883.21094 0.238795
17883.41016 0.238808
17883.60938 0.238822
17883.80078 0.238835
17884.00000 0.238848
17884.19922 0.238817
17884.40039 0.238785
17884.59961 0.238754
17884.80078 0.238723
17885.00000 0.238691
17885.19922 0.23866
17885.40039 0.238629
17885.59961 0.238597
17885.80078 0.238566
17886.00000 0.238535
17886.19922 0.238641
17886.39062 0.238749
17886.58984 0.238858
17886.78906 0.238966
17886.99023 0.239075
17887.18945 0.239183
17887.39062 0.239292
17887.58984 0.2394
17887.78906 0.239509
17887.99023 0.239617
17888.18945 0.239558
17888.39062 0.239489
17888.58984 0.239419
17888.78906 0.239349
17888.98047 0.23928
17889.17969 0.23921
17889.38086 0.23914
17889.58008 0.239071
17889.77930 0.239001
17889.98047 0.238931
17890.17969 0.238888
17890.38086 0.238848
17890.58008 0.238807
17890.77930 0.238767
17890.98047 0.238726
17891.17969 0.238686
17891.38086 0.238645
17891.57031 0.238605
17891.76953 0.238564
17891.97070 0.238524
17892.16992 0.238518
17892.36914 0.238518
17892.57031 0.238518
17892.76953 0.238518
17892.97070 0.238518
17893.16992 0.238518
17893.36914 0.238518
17893.57031 0.238518
17893.76953 0.238518
17893.96094 0.238518
17894.16016 0.23852
17894.35938 0.238523
17894.56055 0.238526
17894.75977 0.238529
17894.96094 0.238532
17895.16016 0.238535
17895.35938 0.238537
17895.56055 0.23854
17895.75977 0.238543
17895.96094 0.238546
17896.16016 0.238575
17896.35938 0.238611
17896.55078 0.238647
17896.75000 0.238684
17896.94922 0.23872
17897.15039 0.238756
17897.34961 0.238793
17897.55078 0.238829
17897.75000 0.238865
17897.94922 0.238901
17898.15039 0.238915
17898.34961 0.23892
17898.55078 0.238926
17898.75000 0.238932
17898.94922 0.238938
17899.15039 0.238944
17899.34961 0.238949
17899.53906 0.238955
17899.74023 0.238961
17899.93945 0.238967
17900.14062 0.238984
17900.33984 0.239007
17900.53906 0.239029
17900.74023 0.239051
17900.93945 0.239073
17901.14062 0.239095
17901.33984 0.239117
17901.53906 0.23914
17901.74023 0.239162
17901.93945 0.239184
17902.14062 0.239142
17902.33984 0.23907
17902.53906 0.238998
17902.73047 0.238926
17902.92969 0.238855
17903.13086 0.238783
17903.33008 0.238711
17903.52930 0.238639
17903.73047 0.238568
17903.92969 0.238496
17904.13086 0.238476
17904.33008 0.238483
17904.52930 0.238491
17904.73047 0.238499
17904.92969 0.238506
17905.13086 0.238514
17905.33008 0.238521
17905.52930 0.238529
17905.72070 0.238536
17905.91992 0.238544
17906.11914 0.238564
17906.32031 0.238591
17906.51953 0.238619
17906.72070 0.238646
17906.91992 0.238673
17907.11914 0.2387
17907.32031 0.238728
17907.51953 0.238755
17907.72070 0.238782
17907.91992 0.23881
17908.11914 0.238817
17908.32031 0.23881
