threeML/data/optical_filters/HST/NICMOS2-F222M.ecsv
# %ECSV 0.9
# ---
# datatype:
# - {name: wavelength, unit: Angstrom, datatype: float32}
# - {name: response, datatype: float32}
# meta: !!omap
# - {band_name: F222M}
# - {group_name: NICMOS2}
wavelength response
[from data line 4595]
22038.91992 0.252212
22039.25977 0.252216
22039.60938 0.252221
22039.96094 0.252225
22040.31055 0.252102
22040.65039 0.251961
22041.00000 0.251821
22041.34961 0.25168
22041.69922 0.251539
22042.03906 0.251422
22042.39062 0.25146
22042.74023 0.251499
22043.08984 0.251538
22043.43945 0.251576
22043.77930 0.251615
22044.13086 0.251628
22044.48047 0.251596
22044.83008 0.251565
22045.16992 0.251534
22045.51953 0.251502
22045.86914 0.251471
22046.22070 0.251466
22046.57031 0.251478
22046.91016 0.25149
22047.25977 0.251501
22047.60938 0.251513
22047.96094 0.251525
22048.30078 0.251458
22048.65039 0.25138
22049.00000 0.251302
22049.34961 0.251225
22049.69922 0.251147
22050.03906 0.251062
22050.39062 0.250928
22050.74023 0.250793
22051.08984 0.250658
22051.43945 0.250524
22051.77930 0.250389
22052.13086 0.250307
22052.48047 0.250312
22052.83008 0.250316
22053.16992 0.25032
22053.51953 0.250324
22053.86914 0.250329
22054.22070 0.250517
22054.57031 0.250814
22054.91016 0.251111
22055.25977 0.251409
22055.60938 0.251706
22055.96094 0.252003
22056.30078 0.251846
22056.65039 0.251626
22057.00000 0.251404
22057.34961 0.251183
22057.69922 0.250962
22058.03906 0.25075
22058.39062 0.250593
22058.74023 0.250437
22059.08984 0.25028
22059.43945 0.250123
22059.78906 0.249967
22060.13086 0.249842
22060.48047 0.249769
22060.83008 0.249696
22061.17969 0.249623
22061.52930 0.24955
22061.86914 0.249477
22062.22070 0.249527
22062.57031 0.249649
22062.91992 0.249771
22063.26953 0.249894
22063.60938 0.250016
22063.96094 0.250137
22064.31055 0.250029
22064.66016 0.249891
22065.00977 0.249753
22065.34961 0.249616
22065.69922 0.249478
22066.05078 0.249319
22066.40039 0.249031
22066.75000 0.248741
22067.08984 0.248452
22067.43945 0.248164
22067.78906 0.247875
22068.14062 0.247839
22068.49023 0.248187
22068.83008 0.248536
22069.17969 0.248884
22069.52930 0.249233
22069.88086 0.249583
22070.23047 0.249612
22070.57031 0.249469
22070.91992 0.249327
22071.26953 0.249184
22071.61914 0.249041
22071.97070 0.248898
22072.32031 0.248931
22072.66016 0.248981
22073.00977 0.249031
22073.35938 0.249082
22073.71094 0.249132
22074.06055 0.249158
22074.40039 0.249056
22074.75000 0.248955
22075.09961 0.248853
22075.44922 0.248751
22075.80078 0.24865
22076.15039 0.248615
22076.49023 0.248673
22076.83984 0.248731
22077.18945 0.248789
22077.53906 0.248847
22077.89062 0.248905
22078.23047 0.248891
22078.58008 0.248842
22078.92969 0.248793
22079.27930 0.248745
22079.63086 0.248696
22079.98047 0.248647
22080.32031 0.248728
22080.66992 0.248819
22081.01953 0.248909
22081.36914 0.248999
22081.72070 0.24909
22082.07031 0.24914
22082.41016 0.24902
22082.75977 0.248899
22083.10938 0.248779
22083.46094 0.248659
22083.81055 0.248539
22084.16016 0.248455
22084.50977 0.248417
22084.84961 0.248379
22085.19922 0.24834
22085.55078 0.248302
22085.90039 0.248263
22086.25000 0.248209
22086.59961 0.248147
22086.93945 0.248086
22087.28906 0.248024
22087.64062 0.247963
22087.99023 0.247902
22088.33984 0.248035
22088.68945 0.248174
22089.03906 0.248314
22089.38086 0.248453
22089.73047 0.248592
22090.08008 0.248671
22090.42969 0.248547
22090.77930 0.248421
22091.13086 0.248297
22091.47070 0.248172
22091.82031 0.248047
22092.16992 0.247998
22092.51953 0.248028
22092.86914 0.248057
22093.22070 0.248087
22093.56055 0.248117
22093.91016 0.248146
22094.25977 0.248214
22094.60938 0.248293
22094.96094 0.248373
22095.31055 0.248453
22095.66016 0.248533
22096.00000 0.248612
22096.34961 0.248662
22096.69922 0.248712
22097.05078 0.248762
22097.40039 0.248813
22097.75000 0.248863
22098.09961 0.248814
22098.43945 0.248506
22098.78906 0.248197
22099.14062 0.247888
22099.49023 0.247578
22099.83984 0.24727
22100.18945 0.247222
22100.53906 0.247399
22100.88086 0.247578
22101.23047 0.247755
22101.58008 0.247933
22101.92969 0.24811
22102.27930 0.247973
22102.63086 0.247757
22102.98047 0.24754
22103.32031 0.247325
22103.66992 0.247108
22104.01953 0.246913
22104.36914 0.247033
22104.72070 0.247153
22105.07031 0.247273
22105.41992 0.247393
22105.76953 0.247513
22106.11914 0.247596
22106.46094 0.247604
22106.81055 0.247612
22107.16016 0.247619
22107.50977 0.247627
22107.85938 0.247635
22108.21094 0.247631
22108.55078 0.247621
22108.90039 0.24761
22109.25000 0.247599
22109.59961 0.247588
22109.94922 0.247578
22110.30078 0.247496
22110.65039 0.247403
22111.00000 0.247311
22111.34961 0.247218
22111.69922 0.247125
22112.03906 0.247026
22112.39062 0.246878
22112.74023 0.246731
22113.08984 0.246584
22113.43945 0.246437
22113.78906 0.246289
22114.14062 0.246279
22114.48047 0.246481
22114.83008 0.246685
22115.17969 0.246888
22115.52930 0.247092
22115.88086 0.247296
22116.23047 0.247309
22116.58008 0.247224
22116.92969 0.247138
22117.27930 0.247053
22117.61914 0.246967
22117.97070 0.246882
22118.32031 0.246938
22118.66992 0.247006
22119.01953 0.247073
22119.36914 0.247141
22119.72070 0.24721
22120.07031 0.247261
22120.41992 0.247243
22120.76953 0.247225
22121.10938 0.247208
22121.46094 0.24719
22121.81055 0.247172
22122.16016 0.247193
22122.50977 0.247259
22122.85938 0.247324
22123.21094 0.24739
22123.56055 0.247455
22123.91016 0.247521
22124.25000 0.247538
22124.59961 0.247536
22124.94922 0.247534
22125.30078 0.247532
22125.65039 0.247531
22126.00000 0.247529
22126.34961 0.247419
22126.69922 0.247309
22127.05078 0.247199
22127.40039 0.247089
22127.74023 0.246979
22128.08984 0.246952
22128.43945 0.247149
22128.78906 0.247344
22129.14062 0.247541
22129.49023 0.247738
22129.83984 0.247935
22130.18945 0.248024
22130.53906 0.248022
22130.89062 0.24802
22131.24023 0.248017
22131.58008 0.248015
22131.92969 0.248013
22132.27930 0.247882
22132.63086 0.24772
22132.98047 0.247559
22133.33008 0.247398
22133.67969 0.247236
22134.02930 0.247095
22134.38086 0.247175
22134.73047 0.247255
22135.08008 0.247336
22135.42969 0.247416
22135.76953 0.247496
22136.11914 0.247579
22136.47070 0.247667
22136.82031 0.247755
22137.16992 0.247844
22137.51953 0.247931
22137.86914 0.24802
22138.22070 0.247983
22138.57031 0.247871
22138.91992 0.247759
22139.26953 0.247648
22139.61914 0.247536
22139.96094 0.247425
22140.31055 0.247464
22140.66016 0.24752
22141.00977 0.247575
22141.35938 0.247631
22141.71094 0.247687
22142.06055 0.247725
22142.41016 0.247676
22142.75977 0.247627
22143.10938 0.247579
22143.46094 0.24753
22143.81055 0.247481
22144.16016 0.247429
22144.50977 0.247373
22144.85938 0.247317
22145.21094 0.247261
22145.55078 0.247205
22145.90039 0.247149
22146.25000 0.247163
22146.59961 0.247203
22146.94922 0.247244
22147.30078 0.247284
22147.65039 0.247325
22148.00000 0.247365
22148.34961 0.247537
22148.69922 0.247709
22149.05078 0.247882
22149.40039 0.248055
22149.75000 0.248227
22150.09961 0.248271
22150.44922 0.247973
22150.78906 0.247675
22151.14062 0.247379
22151.49023 0.247081
22151.83984 0.246783
22152.18945 0.246725
22152.53906 0.246866
22152.89062 0.247007
22153.24023 0.247148
22153.58984 0.247289
22153.93945 0.24743
22154.28906 0.247434
22154.64062 0.247408
22154.99023 0.247382
22155.33984 0.247357
22155.68945 0.247331
22156.03906 0.247306
22156.38086 0.247279
22156.73047 0.247253
22157.08008 0.247227
22157.42969 0.2472
22157.77930 0.247174
22158.13086 0.247238
22158.48047 0.247449
22158.83008 0.247661
22159.17969 0.247873
22159.52930 0.248084
22159.88086 0.248296
22160.23047 0.248471
22160.58008 0.248627
22160.92969 0.248783
22161.27930 0.248939
22161.63086 0.249094
22161.98047 0.24925
22162.33008 0.24885
22162.67969 0.248414
22163.02930 0.247978
22163.38086 0.247541
22163.73047 0.247105
22164.08008 0.246826
22164.42969 0.247113
22164.77930 0.247399
22165.11914 0.247685
22165.47070 0.247972
22165.82031 0.248258
22166.16992 0.248357
22166.51953 0.248266
22166.86914 0.248175
22167.22070 0.248084
22167.57031 0.247993
22167.91992 0.247901
22168.26953 0.247962
22168.61914 0.248067
22168.97070 0.248171
22169.32031 0.248275
22169.66992 0.24838
22170.01953 0.248468
22170.36914 0.248278
22170.72070 0.248087
22171.07031 0.247897
22171.41992 0.247706
22171.76953 0.247515
22172.11914 0.247362
22172.47070 0.247278
22172.82031 0.247195
22173.16992 0.247112
22173.51953 0.247029
22173.86914 0.246946
22174.22070 0.247083
22174.57031 0.247356
22174.91992 0.247628
22175.26953 0.247901
22175.61914 0.248175
22175.97070 0.248447
22176.32031 0.248379
22176.66992 0.248275
22177.01953 0.248171
22177.36914 0.248067
22177.71094 0.247963
22178.06055 0.247871
22178.41016 0.247838
22178.76953 0.247804
22179.11914 0.24777
22179.46094 0.247736
22179.81055 0.247703
22180.16016 0.247761
22180.50977 0.247925
22180.85938 0.248089
22181.21094 0.248254
22181.56055 0.248418
22181.91016 0.248581
22182.25977 0.248509
22182.60938 0.24836
22182.96094 0.248211
22183.31055 0.248062
22183.66016 0.247912
22184.00977 0.247777
22184.35938 0.247992
22184.71094 0.248207
22185.06055 0.248421
22185.41016 0.248636
22185.75977 0.248852
22186.10938 0.248936
22186.46094 0.248745
22186.81055 0.248554
22187.16016 0.248363
22187.50977 0.248172
22187.85938 0.247981
22188.21094 0.248056
22188.56055 0.248302
22188.91016 0.248548
22189.25977 0.248795
22189.60938 0.24904
22189.96094 0.249286
22190.31055 0.249207
22190.66016 0.249088
22191.00977 0.248969
22191.35938 0.248851
22191.71094 0.248733
22192.06055 0.248653
22192.41016 0.248752
22192.75977 0.24885
22193.10938 0.248948
22193.46094 0.249047
22193.81055 0.249146
22194.16016 0.249242
22194.50977 0.249336
22194.85938 0.249431
22195.21094 0.249526
22195.56055 0.24962
22195.91016 0.249714
22196.25977 0.249778
22196.61914 0.249833
22196.96094 0.249887
22197.31055 0.249941
22197.66016 0.249995
22198.01953 0.250043
22198.36914 0.249959
22198.71094 0.249874
22199.07031 0.24979
22199.41992 0.249705
22199.76953 0.249621
22200.11914 0.249507
22200.47070 0.249331
22200.82031 0.249155
22201.16992 0.24898
22201.51953 0.248804
22201.86914 0.248629
22202.22070 0.248735
22202.57031 0.249015
22202.91992 0.249293
22203.26953 0.249572
22203.61914 0.249851
22203.97070 0.25013
22204.32031 0.250092
22204.66992 0.250023
22205.01953 0.249954
22205.36914 0.249885
22205.72070 0.249816
22206.07031 0.249743
22206.41992 0.249654
22206.76953 0.249565
22207.11914 0.249476
22207.47070 0.249387
22207.82031 0.249298
22208.16992 0.249327
22208.51953 0.24948
22208.86914 0.249633
22209.22070 0.249786
22209.57031 0.249939
22209.91992 0.250092
22210.26953 0.250114
22210.63086 0.2501
22210.97070 0.250086
22211.32031 0.250072
22211.67969 0.250058
22212.02930 0.250052
22212.38086 0.25014
22212.73047 0.250228
22213.08008 0.250316
22213.42969 0.250404
22213.77930 0.250491
22214.13086 0.250561
22214.48047 0.250596
22214.83008 0.250631
22215.17969 0.250667
22215.52930 0.250702
22215.88086 0.250738
22216.23047 0.250731
22216.58008 0.250702
22216.92969 0.250673
22217.27930 0.250644
22217.63086 0.250615
22217.98047 0.250586
22218.33008 0.250269
22218.67969 0.249939
22219.03906 0.249607
22219.38086 0.249276
22219.74023 0.248944
22220.08984 0.248764
22220.43945 0.249046
22220.78906 0.249326
22221.14062 0.249607
22221.49023 0.249889
22221.83984 0.250169
22222.18945 0.250256
22222.53906 0.250175
22222.89062 0.250094
22223.24023 0.250014
22223.58984 0.249933
22223.93945 0.249852
22224.28906 0.250136
22224.64062 0.25049
22224.99023 0.250847
22225.33984 0.251202
22225.69922 0.251558
22226.03906 0.25184
22226.40039 0.251627
22226.75000 0.251414
22227.09961 0.251201
22227.44922 0.250989
22227.80078 0.250775
22228.15039 0.250678
22228.50000 0.250739
22228.84961 0.250799
22229.19922 0.25086
22229.55078 0.25092
22229.90039 0.25098
22230.25000 0.250943
22230.59961 0.250868
22230.96094 0.250793
22231.30078 0.250719
22231.66016 0.250644
22232.00977 0.25057
22232.35938 0.25054
22232.71094 0.250511
22233.06055 0.250481
22233.41016 0.250451
22233.75977 0.250422
22234.10938 0.250456
22234.46094 0.250627
22234.81055 0.2508
22235.16016 0.250971
22235.50977 0.251143
22235.86914 0.251315
22236.21094 0.25143
22236.57031 0.251511
22236.91992 0.251592
22237.26953 0.251673
22237.61914 0.251754
22237.97070 0.251835
22238.32031 0.251617
22238.66992 0.251372
22239.01953 0.251126
22239.36914 0.25088
22239.72070 0.250635
22240.07031 0.250497
22240.41992 0.250762
22240.77930 0.25103
22241.13086 0.251297
22241.48047 0.251562
22241.83008 0.251829
22242.17969 0.251901
22242.52930 0.251786
22242.88086 0.251671
22243.23047 0.251555
22243.58008 0.251441
22243.92969 0.251325
22244.27930 0.251194
22244.63086 0.251059
22244.99023 0.250923
22245.33984 0.250788
22245.68945 0.250653
22246.03906 0.25056
22246.39062 0.250813
22246.74023 0.251068
22247.08984 0.251322
22247.43945 0.251575
22247.78906 0.251829
22248.14062 0.251937
22248.50000 0.251834
22248.84961 0.251731
22249.19922 0.251628
22249.55078 0.251525
22249.90039 0.251422
22250.25000 0.251502
22250.59961 0.251657
22250.94922 0.25181
22251.30078 0.251964
22251.65039 0.252119
22252.00977 0.252268
22252.35938 0.252121
22252.71094 0.251974
22253.06055 0.251826
22253.41016 0.251679
22253.75977 0.251532
22254.10938 0.251451
22254.46094 0.251515
22254.81055 0.251579
22255.16016 0.251644
22255.51953 0.251708
22255.86914 0.251773
22256.22070 0.251736
22256.57031 0.251638
22256.91992 0.251539
22257.26953 0.251441
22257.61914 0.251343
22257.97070 0.251245
22258.32031 0.251434
22258.67969 0.251647
22259.02930 0.251859
22259.38086 0.252073
22259.73047 0.252286
22260.08008 0.252443
22260.42969 0.25241
22260.77930 0.252377
22261.13086 0.252343
22261.48047 0.25231
22261.83984 0.252277
22262.18945 0.25241
22262.53906 0.252687
22262.89062 0.252965
22263.24023 0.253244
22263.58984 0.253522
22263.93945 0.2538
22264.28906 0.253758
22264.64062 0.253654
22265.00000 0.25355
22265.34961 0.253446
22265.69922 0.253341
22266.05078 0.253242
22266.40039 0.253168
22266.75000 0.253095
22267.09961 0.253021
22267.46094 0.252948
22267.81055 0.252874
22268.16016 0.252849
22268.50977 0.252883
22268.85938 0.252918
22269.21094 0.252952
22269.56055 0.252987
22269.91016 0.253021
22270.26953 0.253131
22270.61914 0.253265
22270.97070 0.253398
22271.32031 0.253532
22271.66992 0.253665
22272.01953 0.253779
22272.36914 0.253574
22272.72070 0.253368
22273.08008 0.253163
22273.42969 0.252958
22273.77930 0.252754
22274.13086 0.252645
22274.48047 0.252704
22274.83008 0.252762
22275.17969 0.252821
22275.53906 0.252879
22275.89062 0.252937
22276.24023 0.253126
22276.58984 0.253376
22276.93945 0.253627
22277.28906 0.253877
22277.64062 0.254126
22277.99023 0.254376
22278.34961 0.254026
22278.69922 0.253666
22279.05078 0.253306
22279.40039 0.252945
22279.75000 0.252585
22280.09961 0.252437
22280.46094 0.252796
22280.81055 0.253156
22281.16016 0.253516
22281.50977 0.253876
22281.85938 0.254236
22282.21094 0.254186
22282.56055 0.253869
22282.91992 0.253552
22283.26953 0.253234
22283.61914 0.252917
22283.97070 0.252599
22284.32031 0.252884
22284.66992 0.253224
22285.01953 0.253561
22285.36914 0.253901
22285.73047 0.254241
22286.08008 0.254471
22286.42969 0.254319
22286.77930 0.254167
22287.13086 0.254014
22287.48047 0.253862
22287.83984 0.25371
22288.18945 0.253845
22288.53906 0.254232
22288.89062 0.254618
22289.24023 0.255005
22289.59961 0.255394
22289.94922 0.255781
22290.30078 0.255458
22290.65039 0.25501
22291.00000 0.254562
22291.34961 0.254114
22291.71094 0.253666
22292.06055 0.253301
22292.41016 0.25337
22292.75977 0.253439
22293.10938 0.253509
22293.46094 0.253578
22293.81055 0.253647
22294.16992 0.253626
22294.51953 0.253503
22294.86914 0.253381
22295.22070 0.253258
22295.57031 0.253135
22295.91992 0.253013
22296.27930 0.253224
22296.63086 0.253528
22296.98047 0.253833
22297.33008 0.254137
22297.67969 0.254441
22298.03906 0.25472
22298.39062 0.254775
22298.74023 0.25483
22299.08984 0.254885
22299.43945 0.254941
22299.78906 0.254996
22300.14062 0.254869
22300.50000 0.25448
22300.84961 0.254092
22301.19922 0.253705
22301.55078 0.253317
22301.90039 0.25293
22302.25977 0.253073
22302.60938 0.253414
22302.96094 0.253756
22303.31055 0.254097
22303.66016 0.25444
22304.01953 0.254752
22304.36914 0.254422
22304.72070 0.254092
22305.07031 0.253763
22305.41992 0.253433
22305.76953 0.253103
