threeML/data/optical_filters/HST/NICMOS1-F166N.ecsv
# %ECSV 0.9
# ---
# datatype:
# - {name: wavelength, unit: Angstrom, datatype: float32}
# - {name: response, datatype: float32}
# meta: !!omap
# - {band_name: F166N}
# - {group_name: NICMOS1}
wavelength response
[from data line 1532]
16650.01953 0.185932
16650.18945 0.18575
16650.34961 0.185567
16650.51953 0.185385
16650.67969 0.185203
16650.84961 0.18502
16651.01953 0.184838
16651.17969 0.184655
16651.34961 0.184473
16651.50977 0.18429
16651.67969 0.184108
16651.84961 0.183923
16652.00977 0.183742
16652.17969 0.183579
16652.34961 0.183417
16652.50977 0.183254
16652.67969 0.183091
16652.83984 0.182928
16653.00977 0.182765
16653.17969 0.182602
16653.33984 0.18244
16653.50977 0.182277
16653.66992 0.182114
16653.83984 0.181951
16654.00977 0.181786
16654.16992 0.181567
16654.33984 0.181348
16654.50000 0.181129
16654.66992 0.18091
16654.83984 0.18069
16655.00000 0.180471
16655.16992 0.180252
16655.33008 0.180033
16655.50000 0.179813
16655.66992 0.179594
16655.83008 0.179375
16656.00000 0.179156
16656.16016 0.178974
16656.33008 0.178793
16656.50000 0.178611
16656.66016 0.17843
16656.83008 0.178249
16656.99023 0.178067
16657.16016 0.177883
16657.33008 0.177702
16657.49023 0.177521
16657.66016 0.177339
16657.83008 0.177158
16657.99023 0.176976
16658.16016 0.176734
16658.32031 0.17649
16658.49023 0.176245
16658.66016 0.176
16658.82031 0.175755
16658.99023 0.175511
16659.15039 0.175266
16659.32031 0.175021
16659.49023 0.174776
16659.65039 0.174531
16659.82031 0.174286
16659.98047 0.174041
16660.15039 0.173837
16660.32031 0.173634
16660.48047 0.173434
16660.65039 0.173234
16660.82031 0.173033
16660.98047 0.172833
16661.15039 0.172633
16661.31055 0.172432
16661.48047 0.172232
16661.65039 0.172031
16661.81055 0.171831
16661.98047 0.171631
16662.14062 0.171356
16662.31055 0.171071
16662.48047 0.170786
16662.64062 0.1705
16662.81055 0.170211
16662.98047 0.169926
16663.14062 0.16964
16663.31055 0.169355
16663.47070 0.16907
16663.64062 0.168784
16663.81055 0.168498
16663.97070 0.168213
16664.14062 0.167938
16664.30078 0.167666
16664.47070 0.167394
16664.64062 0.167121
16664.80078 0.166849
16664.97070 0.166573
16665.14062 0.1663
16665.30078 0.166028
16665.47070 0.165756
16665.63086 0.165483
16665.80078 0.16521
16665.97070 0.164938
16666.13086 0.164671
16666.30078 0.164405
16666.46094 0.164139
16666.63086 0.163873
16666.80078 0.163604
16666.96094 0.163338
16667.13086 0.163072
16667.30078 0.162806
16667.46094 0.16254
16667.63086 0.162274
16667.78906 0.162008
16667.96094 0.161743
16668.13086 0.161396
16668.28906 0.161024
16668.46094 0.160649
16668.63086 0.160277
16668.78906 0.159906
16668.96094 0.159534
16669.13086 0.159163
16669.28906 0.158791
16669.46094 0.158419
16669.61914 0.158048
16669.78906 0.157676
16669.96094 0.1573
16670.11914 0.156955
16670.28906 0.156618
16670.46094 0.156282
16670.61914 0.155946
16670.78906 0.155609
16670.94922 0.155273
16671.11914 0.154936
16671.28906 0.1546
16671.44922 0.15426
16671.61914 0.153923
16671.78906 0.153587
16671.94922 0.15325
16672.11914 0.152832
16672.27930 0.152381
16672.44922 0.151929
16672.61914 0.151478
16672.77930 0.151021
16672.94922 0.15057
16673.11914 0.150118
16673.27930 0.149666
16673.44922 0.149215
16673.60938 0.148763
16673.77930 0.148311
16673.94922 0.14786
16674.10938 0.147438
16674.27930 0.147037
16674.44922 0.146637
16674.60938 0.146236
16674.77930 0.145836
16674.93945 0.145436
16675.10938 0.145035
16675.27930 0.144635
16675.43945 0.144229
16675.60938 0.143829
16675.77930 0.143428
16675.93945 0.143028
16676.10938 0.142585
16676.26953 0.14212
16676.43945 0.141654
16676.60938 0.141183
16676.76953 0.140717
16676.93945 0.140252
16677.10938 0.139786
16677.26953 0.139321
16677.43945 0.138855
16677.59961 0.138389
16677.76953 0.137918
16677.93945 0.137452
16678.09961 0.136987
16678.26953 0.136523
16678.43945 0.136058
16678.59961 0.135593
16678.76953 0.135123
16678.93945 0.134658
16679.09961 0.134194
16679.26953 0.133729
16679.42969 0.133264
16679.59961 0.132799
16679.76953 0.132334
16679.92969 0.131864
16680.09961 0.131386
16680.26953 0.130901
16680.42969 0.130415
16680.59961 0.129929
16680.75977 0.129443
16680.92969 0.128951
16681.09961 0.128466
16681.25977 0.12798
16681.42969 0.127494
16681.59961 0.127008
16681.75977 0.126522
16681.92969 0.12603
16682.09961 0.125566
16682.25977 0.125119
16682.42969 0.124672
16682.58984 0.124225
16682.75977 0.123772
16682.92969 0.123325
16683.08984 0.122878
16683.25977 0.122431
16683.42969 0.121984
16683.58984 0.121537
16683.75977 0.121084
16683.92969 0.120637
16684.08984 0.120113
16684.25977 0.119528
16684.41992 0.118943
16684.58984 0.118351
16684.75977 0.117766
16684.91992 0.117181
16685.08984 0.116596
16685.25977 0.11601
16685.41992 0.115425
16685.58984 0.114833
16685.75977 0.114248
16685.91992 0.113662
16686.08984 0.113136
16686.25000 0.112662
16686.41992 0.112182
16686.58984 0.111708
16686.75000 0.111234
16686.91992 0.11076
16687.08984 0.110285
16687.25000 0.109806
16687.41992 0.109331
16687.58984 0.108857
16687.75000 0.108383
16687.91992 0.107909
16688.08984 0.107374
16688.25000 0.106795
16688.41992 0.106217
16688.58008 0.105637
16688.75000 0.105058
16688.91992 0.104472
16689.08008 0.103893
16689.25000 0.103314
16689.41992 0.102735
16689.58008 0.102156
16689.75000 0.101569
16689.91992 0.10099
16690.08008 0.100453
16690.25000 0.099958
16690.41992 0.099457
16690.58008 0.098962
16690.75000 0.098467
16690.91016 0.097972
16691.08008 0.097477
16691.25000 0.096976
16691.41016 0.096481
16691.58008 0.095986
16691.75000 0.095491
16691.91016 0.094996
16692.08008 0.094489
16692.25000 0.093982
16692.41016 0.093474
16692.58008 0.092967
16692.75000 0.092453
16692.91016 0.091945
16693.08008 0.091438
16693.24023 0.09093
16693.41016 0.090416
16693.58008 0.089909
16693.74023 0.089401
16693.91016 0.088893
16694.08008 0.088395
16694.24023 0.087902
16694.41016 0.087415
16694.58008 0.086929
16694.74023 0.086442
16694.91016 0.085949
16695.08008 0.085462
16695.24023 0.084975
16695.41016 0.084488
16695.58008 0.083995
16695.74023 0.083508
16695.91016 0.083021
16696.07031 0.082529
16696.24023 0.082025
16696.41016 0.081527
16696.57031 0.081029
16696.74023 0.080531
16696.91016 0.080027
16697.07031 0.079528
16697.24023 0.07903
16697.41016 0.078532
16697.57031 0.078028
16697.74023 0.077529
16697.91016 0.077031
16698.07031 0.076548
16698.24023 0.076079
16698.41016 0.075616
16698.57031 0.075152
16698.74023 0.074689
16698.91016 0.07422
16699.07031 0.073756
16699.24023 0.073293
16699.40039 0.072829
16699.57031 0.07236
16699.74023 0.071897
16699.90039 0.071433
16700.07031 0.070967
16700.24023 0.070491
16700.40039 0.07002
16700.57031 0.06955
16700.74023 0.06908
16700.90039 0.068604
16701.07031 0.068133
16701.24023 0.067663
16701.40039 0.067187
16701.57031 0.066716
16701.74023 0.066245
16701.90039 0.065775
16702.07031 0.065303
16702.24023 0.064844
16702.40039 0.064384
16702.57031 0.063924
16702.74023 0.063459
16702.90039 0.062999
16703.07031 0.062539
16703.24023 0.062074
16703.40039 0.061614
16703.57031 0.061154
16703.73047 0.060694
16703.90039 0.060229
16704.07031 0.059798
16704.23047 0.059407
16704.40039 0.059011
16704.57031 0.05862
16704.73047 0.058229
16704.90039 0.057838
16705.07031 0.057442
16705.23047 0.057051
16705.40039 0.05666
16705.57031 0.056264
16705.73047 0.055873
16705.90039 0.055482
16706.07031 0.055083
16706.23047 0.054666
16706.40039 0.054255
16706.57031 0.053843
16706.73047 0.053427
16706.90039 0.053016
16707.07031 0.052604
16707.23047 0.052188
16707.40039 0.051776
16707.57031 0.051365
16707.73047 0.050953
16707.90039 0.050537
16708.07031 0.050149
16708.23047 0.049797
16708.40039 0.049441
16708.57031 0.049089
16708.73047 0.048737
16708.90039 0.04838
16709.07031 0.048028
16709.23047 0.047676
16709.40039 0.04732
16709.57031 0.046967
16709.73047 0.046615
16709.90039 0.046263
16710.07031 0.045909
16710.23047 0.045562
16710.40039 0.045216
16710.57031 0.044865
16710.73047 0.044518
16710.90039 0.044172
16711.07031 0.043821
16711.23047 0.043474
16711.40039 0.043128
16711.57031 0.042777
16711.73047 0.04243
16711.90039 0.042083
16712.07031 0.041743
16712.23047 0.041421
16712.40039 0.0411
16712.57031 0.040775
16712.73047 0.040453
16712.90039 0.040132
16713.07031 0.039807
16713.23047 0.039485
16713.40039 0.039164
16713.57031 0.038838
16713.73047 0.038517
16713.90039 0.038195
16714.07031 0.037893
16714.23047 0.037628
16714.40039 0.037364
16714.57031 0.037096
16714.73047 0.036832
16714.90039 0.036567
16715.07031 0.0363
16715.23047 0.036035
16715.40039 0.035771
16715.57031 0.035503
16715.73047 0.035238
16715.90039 0.034974
16716.07031 0.034714
16716.23047 0.034471
16716.40039 0.034227
16716.57031 0.03398
16716.73047 0.033736
16716.90039 0.033492
16717.07031 0.033246
16717.23047 0.033002
16717.40039 0.032758
16717.57031 0.032511
16717.73047 0.032267
16717.90039 0.03202
16718.07031 0.031776
16718.23047 0.031531
16718.40039 0.031283
16718.57031 0.031039
16718.73047 0.030794
16718.90039 0.030546
16719.07031 0.030301
16719.23047 0.030057
16719.40039 0.029809
16719.57031 0.029564
16719.73047 0.029319
16719.90039 0.029071
16720.07031 0.028834
16720.23047 0.028604
16720.40039 0.028377
16720.57031 0.028151
16720.73047 0.027921
16720.90039 0.027694
16721.07031 0.027467
16721.23047 0.027238
16721.40039 0.027011
16721.57031 0.026781
16721.73047 0.026554
16721.90039 0.026327
16722.07031 0.026119
16722.23047 0.025944
16722.40039 0.025769
16722.57031 0.025592
16722.73047 0.025417
16722.90039 0.02524
16723.07031 0.025065
16723.23047 0.02489
16723.40039 0.024713
16723.57031 0.024538
16723.73047 0.024363
16723.90039 0.024186
16724.07031 0.024001
16724.24023 0.023802
16724.40039 0.023604
16724.57031 0.023407
16724.74023 0.023207
16724.90039 0.02301
16725.07031 0.02281
16725.24023 0.022612
16725.40039 0.022415
16725.57031 0.022215
16725.74023 0.022017
16725.90039 0.021818
16726.07031 0.021639
16726.24023 0.021487
16726.40039 0.021333
16726.57031 0.021181
16726.74023 0.021027
16726.90039 0.020875
16727.07031 0.020723
16727.24023 0.020569
16727.40039 0.020417
16727.57031 0.020263
16727.74023 0.020111
16727.90039 0.019959
16728.07031 0.019809
16728.24023 0.019666
16728.41016 0.019522
16728.57031 0.019379
16728.74023 0.019236
16728.91016 0.019092
16729.07031 0.018949
16729.24023 0.018805
16729.41016 0.018662
16729.57031 0.018519
16729.74023 0.018375
16729.91016 0.018232
16730.07031 0.018079
16730.24023 0.017916
16730.41016 0.017752
16730.57031 0.01759
16730.74023 0.017427
16730.91016 0.017263
16731.07031 0.0171
16731.24023 0.016936
16731.41016 0.016774
16731.58008 0.016609
16731.74023 0.016447
16731.91016 0.016284
16732.08008 0.016156
16732.24023 0.016073
16732.41016 0.015988
16732.58008 0.015905
16732.74023 0.015821
16732.91016 0.015737
16733.08008 0.015654
16733.24023 0.01557
16733.41016 0.015486
16733.58008 0.015402
16733.74023 0.015319
16733.91016 0.015234
16734.08008 0.015111
16734.24023 0.014944
16734.41016 0.014775
16734.58008 0.014608
16734.75000 0.014438
16734.91016 0.014271
16735.08008 0.014102
16735.25000 0.013935
16735.41016 0.013765
16735.58008 0.013598
16735.75000 0.013431
16735.91016 0.013262
16736.08008 0.013147
16736.25000 0.013089
16736.41016 0.013031
16736.58008 0.012973
16736.75000 0.012915
16736.91992 0.012857
16737.08008 0.012799
16737.25000 0.012741
16737.41992 0.012683
16737.58008 0.012625
16737.75000 0.012567
16737.91992 0.012509
16738.08008 0.012443
16738.25000 0.01237
16738.41992 0.012296
16738.58008 0.012223
16738.75000 0.01215
16738.91992 0.012077
16739.08984 0.012003
16739.25000 0.01193
16739.41992 0.011857
16739.58984 0.011783
16739.75000 0.01171
16739.91992 0.011637
16740.08984 0.011544
16740.25000 0.011433
16740.41992 0.011322
16740.58984 0.01121
16740.75000 0.0111
16740.91992 0.010988
16741.08984 0.010878
16741.25977 0.010766
16741.41992 0.010655
16741.58984 0.010543
16741.75977 0.010433
16741.91992 0.010321
16742.08984 0.010226
16742.25977 0.010145
16742.41992 0.010062
16742.58984 0.009981
16742.75977 0.009899
16742.91992 0.009817
16743.08984 0.009735
16743.25977 0.009653
16743.42969 0.009571
16743.58984 0.009489
16743.75977 0.009407
16743.92969 0.009325
16744.08984 0.009274
16744.25977 0.009248
16744.42969 0.009221
16744.58984 0.009195
16744.75977 0.009169
16744.92969 0.009143
16745.09961 0.009116
16745.25977 0.00909
16745.42969 0.009063
16745.59961 0.009037
16745.75977 0.009011
16745.92969 0.008984
16746.09961 0.00894
16746.25977 0.008882
16746.42969 0.008824
16746.59961 0.008766
16746.76953 0.008708
16746.92969 0.008651
16747.09961 0.008592
16747.26953 0.008535
16747.42969 0.008477
16747.59961 0.008419
16747.76953 0.008361
16747.92969 0.008303
16748.09961 0.00824
16748.26953 0.008174
16748.43945 0.008108
16748.59961 0.008042
16748.76953 0.007976
16748.93945 0.00791
16749.09961 0.007844
16749.26953 0.007778
16749.43945 0.007711
16749.59961 0.007646
16749.76953 0.007579
16749.93945 0.007513
16750.10938 0.007435
16750.26953 0.00735
16750.43945 0.007264
16750.60938 0.007179
16750.76953 0.007094
16750.93945 0.007008
16751.10938 0.006923
16751.27930 0.006838
16751.43945 0.006753
16751.60938 0.006667
16751.77930 0.006582
16751.93945 0.006496
16752.10938 0.006461
16752.27930 0.006451
16752.43945 0.00644
16752.60938 0.00643
16752.77930 0.00642
16752.94922 0.00641
16753.10938 0.0064
16753.27930 0.006389
16753.44922 0.006379
16753.60938 0.006369
16753.77930 0.006359
16753.94922 0.006348
16754.11914 0.006328
16754.27930 0.006303
16754.44922 0.006277
16754.61914 0.006252
16754.77930 0.006227
16754.94922 0.006201
16755.11914 0.006176
16755.27930 0.006151
16755.44922 0.006125
16755.61914 0.0061
16755.78906 0.006075
16755.94922 0.006049
16756.11914 0.005978
16756.28906 0.005887
16756.44922 0.005797
16756.61914 0.005705
16756.78906 0.005615
16756.96094 0.005524
16757.11914 0.005433
16757.28906 0.005343
16757.46094 0.005252
16757.61914 0.005162
16757.78906 0.005071
16757.96094 0.004981
16758.11914 0.00495
16758.28906 0.00494
16758.46094 0.00493
16758.63086 0.00492
16758.78906 0.00491
16758.96094 0.0049
16759.13086 0.00489
16759.28906 0.00488
16759.46094 0.00487
16759.63086 0.00486
16759.80078 0.00485
16759.96094 0.00484
16760.13086 0.004808
16760.30078 0.00477
16760.46094 0.004731
16760.63086 0.004693
16760.80078 0.004654
16760.97070 0.004615
16761.13086 0.004577
16761.30078 0.004538
16761.47070 0.0045
16761.63086 0.004461
16761.80078 0.004423
16761.97070 0.004384
16762.14062 0.004331
16762.30078 0.004276
16762.47070 0.00422
16762.64062 0.004165
16762.80078 0.004109
16762.97070 0.004053
16763.14062 0.003997
16763.31055 0.003941
16763.47070 0.003886
16763.64062 0.00383
16763.81055 0.003775
16763.97070 0.003719
16764.14062 0.003708
16764.31055 0.003706
16764.48047 0.003703
16764.64062 0.003701
16764.81055 0.003699
16764.98047 0.003696
16765.14062 0.003694
16765.31055 0.003691
16765.48047 0.003689
16765.65039 0.003687
16765.81055 0.003684
16765.98047 0.003682
16766.15039 0.003664
16766.31055 0.003644
16766.48047 0.003624
16766.65039 0.003604
16766.82031 0.003584
16766.98047 0.003564
16767.15039 0.003544
16767.32031 0.003524
16767.49023 0.003503
16767.65039 0.003484
16767.82031 0.003463
16767.99023 0.003443
16768.15039 0.003437
16768.32031 0.003432
16768.49023 0.003427
16768.66016 0.003422
16768.82031 0.003417
16768.99023 0.003411
16769.16016 0.003406
16769.32031 0.003401
16769.49023 0.003396
16769.66016 0.003391
16769.83008 0.003386
16769.99023 0.003381
16770.16016 0.003358
16770.33008 0.003335
16770.50000 0.003312
16770.66016 0.003289
16770.83008 0.003265
16771.00000 0.003242
16771.16016 0.003219
16771.33008 0.003196
16771.50000 0.003173
16771.66992 0.00315
16771.83008 0.003126
16772.00000 0.003103
16772.16992 0.003081
16772.33984 0.003059
16772.50000 0.003038
16772.66992 0.003016
16772.83984 0.002994
16773.00000 0.002972
16773.16992 0.00295
16773.33984 0.002928
16773.50977 0.002906
16773.66992 0.002884
16773.83984 0.002863
16774.00977 0.002841
16774.17969 0.00283
16774.33984 0.002819
16774.50977 0.002807
16774.67969 0.002796
16774.83984 0.002785
16775.00977 0.002773
16775.17969 0.002762
16775.34961 0.00275
16775.50977 0.002739
16775.67969 0.002728
16775.84961 0.002716
16776.01953 0.002699
16776.17969 0.00263
16776.34961 0.002559
16776.51953 0.002488
16776.67969 0.002418
16776.84961 0.002348
16777.01953 0.002277
16777.18945 0.002207
16777.34961 0.002136
