threeML/data/optical_filters/HST/NICMOS2-POL120L.ecsv
# %ECSV 0.9
# ---
# datatype:
# - {name: wavelength, unit: Angstrom, datatype: float32}
# - {name: response, datatype: float32}
# meta: !!omap
# - {band_name: POL120L}
# - {group_name: NICMOS2}
wavelength response
[from data line 2299]
19197.52930 0.116471
19197.91016 0.116458
19198.28906 0.116446
19198.67969 0.116433
19199.06055 0.116421
19199.44922 0.116408
19199.83008 0.116396
19200.22070 0.11638
19200.59961 0.116361
19200.99023 0.116343
19201.36914 0.116324
19201.75977 0.116305
19202.14062 0.116287
19202.52930 0.116268
19202.91016 0.116249
19203.30078 0.116231
19203.67969 0.116212
19204.07031 0.116193
19204.44922 0.116174
19204.83984 0.116156
19205.22070 0.116138
19205.60938 0.11612
19205.99023 0.116102
19206.38086 0.116084
19206.75977 0.116066
19207.15039 0.116048
19207.52930 0.11603
19207.91992 0.116012
19208.30078 0.115994
19208.68945 0.115976
19209.07031 0.115958
19209.46094 0.115941
19209.83984 0.115923
19210.23047 0.115906
19210.60938 0.115891
19211.00000 0.115877
19211.38086 0.115862
19211.76953 0.115847
19212.15039 0.115832
19212.53906 0.115817
19212.91992 0.115803
19213.31055 0.115788
19213.68945 0.115773
19214.08008 0.115758
19214.46094 0.115743
19214.84961 0.115728
19215.23047 0.115715
19215.61914 0.115702
19216.00000 0.115689
19216.39062 0.115676
19216.76953 0.115663
19217.16016 0.115651
19217.53906 0.115638
19217.92969 0.115625
19218.31055 0.115612
19218.69922 0.115599
19219.08008 0.115587
19219.47070 0.115574
19219.84961 0.115561
19220.24023 0.115547
19220.61914 0.115534
19221.00977 0.11552
19221.39062 0.115506
19221.77930 0.115492
19222.16016 0.115478
19222.55078 0.115464
19222.93945 0.115451
19223.32031 0.115437
19223.71094 0.115423
19224.08984 0.115409
19224.48047 0.115395
19224.85938 0.115381
19225.25000 0.115366
19225.63086 0.115351
19226.01953 0.115335
19226.40039 0.115319
19226.78906 0.115303
19227.16992 0.115288
19227.56055 0.115272
19227.93945 0.115256
19228.33008 0.11524
19228.71094 0.115224
19229.09961 0.115209
19229.48047 0.115193
19229.86914 0.115177
19230.25977 0.115163
19230.64062 0.11515
19231.02930 0.115137
19231.41016 0.115124
19231.80078 0.115112
19232.17969 0.115099
19232.57031 0.115086
19232.94922 0.115073
19233.33984 0.11506
19233.72070 0.115047
19234.10938 0.115034
19234.50000 0.115021
19234.88086 0.115008
19235.26953 0.114997
19235.65039 0.114986
19236.03906 0.114976
19236.41992 0.114965
19236.81055 0.114955
19237.19922 0.114944
19237.58008 0.114934
19237.96094 0.114923
19238.34961 0.114913
19238.74023 0.114902
19239.11914 0.114892
19239.50977 0.114881
19239.89062 0.114871
19240.27930 0.114863
19240.66016 0.114857
19241.05078 0.114851
19241.43945 0.114846
19241.82031 0.114839
19242.21094 0.114834
19242.58984 0.114828
19242.98047 0.114822
19243.35938 0.114816
19243.75000 0.11481
19244.13086 0.114804
19244.51953 0.114798
19244.91016 0.114792
19245.28906 0.114781
19245.67969 0.114769
19246.06055 0.114757
19246.44922 0.114745
19246.83984 0.114733
19247.22070 0.114721
19247.60938 0.114709
19247.99023 0.114697
19248.38086 0.114684
19248.75977 0.114672
19249.15039 0.11466
19249.53906 0.114648
19249.91992 0.114636
19250.31055 0.114627
19250.68945 0.114618
19251.08008 0.11461
19251.46094 0.114601
19251.84961 0.114593
19252.24023 0.114584
19252.61914 0.114576
19253.00977 0.114567
19253.39062 0.114559
19253.77930 0.11455
19254.16992 0.114542
19254.55078 0.114534
19254.93945 0.114525
19255.32031 0.114519
19255.71094 0.114513
19256.09961 0.114507
19256.48047 0.114502
19256.86914 0.114496
19257.25000 0.11449
19257.64062 0.114484
19258.02930 0.114478
19258.41016 0.114473
19258.80078 0.114467
19259.17969 0.114461
19259.57031 0.114455
19259.96094 0.114449
19260.33984 0.11444
19260.73047 0.11443
19261.10938 0.11442
19261.50000 0.11441
19261.88086 0.1144
19262.26953 0.11439
19262.66016 0.11438
19263.03906 0.11437
19263.42969 0.114361
19263.81055 0.114351
19264.19922 0.114341
19264.58984 0.114331
19264.97070 0.114321
19265.35938 0.114325
19265.75000 0.114329
19266.13086 0.114334
19266.51953 0.114339
19266.90039 0.114343
19267.28906 0.114348
19267.67969 0.114353
19268.06055 0.114358
19268.44922 0.114362
19268.83008 0.114367
19269.22070 0.114372
19269.60938 0.114376
19269.99023 0.114381
19270.38086 0.114371
19270.76953 0.114361
19271.15039 0.11435
19271.53906 0.11434
19271.91992 0.11433
19272.31055 0.114319
19272.69922 0.114309
19273.08008 0.114299
19273.47070 0.114288
19273.85938 0.114278
19274.24023 0.114268
19274.63086 0.114257
19275.00977 0.114247
19275.40039 0.11425
19275.78906 0.114252
19276.16992 0.114254
19276.56055 0.114256
19276.94922 0.114259
19277.33008 0.114261
19277.72070 0.114263
19278.10938 0.114266
19278.49023 0.114268
19278.88086 0.11427
19279.25977 0.114272
19279.65039 0.114275
19280.03906 0.114276
19280.41992 0.114268
19280.81055 0.114261
19281.19922 0.114253
19281.58008 0.114246
19281.97070 0.114239
19282.35938 0.114231
19282.74023 0.114224
19283.13086 0.114216
19283.50977 0.114209
19283.90039 0.114201
19284.28906 0.114194
19284.66992 0.114186
19285.06055 0.114179
19285.44922 0.114173
19285.83008 0.114167
19286.22070 0.114161
19286.60938 0.114155
19286.99023 0.114148
19287.38086 0.114142
19287.76953 0.114136
19288.15039 0.11413
19288.53906 0.114124
19288.92969 0.114118
19289.31055 0.114112
19289.69922 0.114106
19290.08984 0.114103
19290.47070 0.11411
19290.85938 0.114117
19291.25000 0.114124
19291.63086 0.11413
19292.01953 0.114138
19292.41016 0.114144
19292.78906 0.114152
19293.17969 0.114158
19293.56055 0.114165
19293.94922 0.114172
19294.33984 0.114179
19294.72070 0.114186
19295.10938 0.11419
19295.50000 0.114187
19295.88086 0.114184
19296.26953 0.114181
19296.66016 0.114178
19297.03906 0.114174
19297.42969 0.114171
19297.82031 0.114168
19298.21094 0.114165
19298.58984 0.114162
19298.98047 0.114158
19299.36914 0.114155
19299.75000 0.114152
19300.14062 0.114152
19300.52930 0.114157
19300.91016 0.114161
19301.30078 0.114166
19301.68945 0.114171
19302.07031 0.114176
19302.46094 0.114181
19302.84961 0.114185
19303.23047 0.11419
19303.61914 0.114195
19304.00977 0.1142
19304.39062 0.114205
19304.77930 0.11421
19305.16992 0.11421
19305.56055 0.114204
19305.93945 0.114198
19306.33008 0.114192
19306.72070 0.114187
19307.09961 0.114181
19307.49023 0.114175
19307.88086 0.114169
19308.25977 0.114163
19308.65039 0.114158
19309.03906 0.114152
19309.42969 0.114146
19309.81055 0.11414
19310.19922 0.114141
19310.58984 0.114147
19310.97070 0.114154
19311.35938 0.114161
19311.75000 0.114168
19312.13086 0.114174
19312.51953 0.114181
19312.91016 0.114188
19313.28906 0.114194
19313.67969 0.114201
19314.07031 0.114208
19314.46094 0.114215
19314.83984 0.114221
19315.23047 0.114225
19315.61914 0.114227
19316.00977 0.11423
19316.39062 0.114232
19316.77930 0.114234
19317.16992 0.114236
19317.55078 0.114239
19317.93945 0.114241
19318.33008 0.114243
19318.71094 0.114245
19319.09961 0.114248
19319.49023 0.11425
19319.88086 0.114252
19320.25977 0.114254
19320.65039 0.114256
19321.03906 0.114258
19321.42969 0.11426
19321.81055 0.114262
19322.19922 0.114264
19322.58984 0.114266
19322.97070 0.114268
19323.35938 0.11427
19323.75000 0.114272
19324.14062 0.114275
19324.51953 0.114277
19324.91016 0.114279
19325.30078 0.11428
19325.68945 0.114281
19326.07031 0.114282
19326.46094 0.114283
19326.84961 0.114284
19327.23047 0.114285
19327.61914 0.114286
19328.00977 0.114287
19328.40039 0.114288
19328.78906 0.114289
19329.16992 0.11429
19329.56055 0.114291
19329.94922 0.114292
19330.33008 0.114296
19330.72070 0.1143
19331.10938 0.114305
19331.50000 0.114309
19331.88086 0.114313
19332.26953 0.114318
19332.66016 0.114322
19333.03906 0.114326
19333.42969 0.114331
19333.82031 0.114335
19334.21094 0.114339
19334.59961 0.114344
19334.98047 0.114348
19335.36914 0.114349
19335.75977 0.11435
19336.15039 0.114351
19336.52930 0.114352
19336.91992 0.114353
19337.31055 0.114354
19337.69922 0.114355
19338.08008 0.114356
19338.47070 0.114357
19338.85938 0.114358
19339.25000 0.114359
19339.63086 0.11436
19340.01953 0.114361
19340.41016 0.114372
19340.80078 0.114382
19341.17969 0.114392
19341.57031 0.114402
19341.96094 0.114413
19342.34961 0.114423
19342.73047 0.114433
19343.11914 0.114444
19343.50977 0.114454
19343.90039 0.114464
19344.28906 0.114474
19344.66992 0.114485
19345.06055 0.114493
19345.44922 0.114495
19345.83984 0.114496
19346.22070 0.114498
19346.60938 0.114499
19347.00000 0.1145
19347.39062 0.114502
19347.77930 0.114503
19348.16016 0.114505
19348.55078 0.114506
19348.93945 0.114507
19349.33008 0.114509
19349.71094 0.11451
19350.09961 0.114512
19350.49023 0.114517
19350.88086 0.114521
19351.26953 0.114526
19351.65039 0.11453
19352.03906 0.114534
19352.42969 0.114539
19352.82031 0.114543
19353.21094 0.114547
19353.58984 0.114552
19353.98047 0.114556
19354.36914 0.114561
19354.75977 0.114565
19355.14062 0.114572
19355.52930 0.114585
19355.91992 0.114598
19356.31055 0.11461
19356.69922 0.114623
19357.08008 0.114636
19357.47070 0.114648
19357.85938 0.114661
19358.25000 0.114673
19358.63086 0.114686
19359.01953 0.114699
19359.41016 0.114711
19359.80078 0.114724
19360.18945 0.11473
19360.57031 0.114729
19360.96094 0.114729
19361.34961 0.114728
19361.74023 0.114727
19362.13086 0.114727
19362.51953 0.114726
19362.90039 0.114725
19363.28906 0.114724
19363.67969 0.114724
19364.07031 0.114723
19364.46094 0.114722
19364.83984 0.114722
19365.23047 0.114729
19365.61914 0.114742
19366.00977 0.114755
19366.40039 0.114768
19366.77930 0.114781
19367.16992 0.114794
19367.56055 0.114807
19367.94922 0.114819
19368.33984 0.114832
19368.72070 0.114845
19369.10938 0.114858
19369.50000 0.114871
19369.89062 0.114884
19370.27930 0.114889
19370.66992 0.11489
19371.05078 0.114891
19371.43945 0.114893
19371.83008 0.114894
19372.22070 0.114896
19372.60938 0.114897
19373.00000 0.114899
19373.38086 0.1149
19373.76953 0.114901
19374.16016 0.114903
19374.55078 0.114904
19374.93945 0.114905
19375.32031 0.114915
19375.71094 0.114926
19376.09961 0.114937
19376.49023 0.114948
19376.88086 0.114959
19377.26953 0.114969
19377.65039 0.11498
19378.03906 0.114991
19378.42969 0.115002
19378.82031 0.115013
19379.21094 0.115024
19379.59961 0.115035
19379.98047 0.115046
19380.36914 0.115048
19380.75977 0.115051
19381.15039 0.115053
19381.53906 0.115055
19381.92969 0.115057
19382.32031 0.115059
19382.71094 0.115062
19383.08984 0.115064
19383.48047 0.115066
19383.86914 0.115068
19384.25977 0.115071
19384.65039 0.115073
19385.03906 0.115076
19385.41992 0.11509
19385.81055 0.115104
19386.19922 0.115118
19386.58984 0.115132
19386.98047 0.115146
19387.36914 0.11516
19387.75000 0.115174
19388.14062 0.115188
19388.52930 0.115202
19388.91992 0.115216
19389.31055 0.11523
19389.69922 0.115244
19390.08984 0.115255
19390.47070 0.115256
19390.85938 0.115257
19391.25000 0.115258
19391.64062 0.115259
19392.02930 0.11526
19392.41992 0.115261
19392.81055 0.115262
19393.19922 0.115264
19393.58008 0.115265
19393.97070 0.115266
19394.35938 0.115267
19394.75000 0.115268
19395.14062 0.115273
19395.52930 0.115286
19395.91992 0.115299
19396.30078 0.115312
19396.68945 0.115325
19397.08008 0.115338
19397.47070 0.115351
19397.85938 0.115364
19398.25000 0.115377
19398.64062 0.11539
19399.02930 0.115403
19399.41016 0.115416
19399.80078 0.115429
19400.18945 0.115439
19400.58008 0.115445
19400.97070 0.11545
19401.35938 0.115456
19401.75000 0.115462
19402.14062 0.115468
19402.52930 0.115474
19402.91016 0.11548
19403.30078 0.115486
19403.68945 0.115491
19404.08008 0.115497
19404.47070 0.115503
19404.85938 0.115509
19405.25000 0.115515
19405.64062 0.115521
19406.02930 0.115527
19406.41016 0.115533
19406.80078 0.11554
19407.18945 0.115546
19407.58008 0.115552
19407.97070 0.115558
19408.35938 0.115564
19408.75000 0.11557
19409.14062 0.115576
19409.52930 0.115582
19409.91992 0.115588
19410.30078 0.115601
19410.68945 0.115616
19411.08008 0.115631
19411.47070 0.115646
19411.85938 0.115662
19412.25000 0.115677
19412.64062 0.115692
19413.02930 0.115707
19413.41992 0.115722
19413.80078 0.115737
19414.19922 0.115752
19414.58008 0.115767
19414.97070 0.115782
19415.35938 0.115789
19415.75000 0.115796
19416.14062 0.115802
19416.52930 0.115809
19416.91992 0.115815
19417.31055 0.115822
19417.69922 0.115829
19418.08984 0.115835
19418.47070 0.115842
19418.85938 0.115848
19419.25000 0.115855
19419.64062 0.115862
19420.02930 0.115868
19420.41992 0.115878
19420.81055 0.115888
19421.19922 0.115897
19421.58984 0.115907
19421.98047 0.115916
19422.36914 0.115926
19422.75977 0.115936
19423.15039 0.115945
19423.53906 0.115955
19423.91992 0.115964
19424.31055 0.115974
19424.69922 0.115984
19425.08984 0.115993
19425.48047 0.116003
19425.86914 0.116013
19426.25977 0.116023
19426.65039 0.116033
19427.03906 0.116044
19427.42969 0.116054
19427.82031 0.116064
19428.21094 0.116074
19428.59961 0.116084
19428.99023 0.116094
19429.36914 0.116104
19429.75977 0.116114
19430.15039 0.116123
19430.53906 0.11613
19430.92969 0.116137
19431.32031 0.116144
19431.71094 0.116151
19432.09961 0.116159
19432.49023 0.116166
19432.88086 0.116173
19433.26953 0.11618
19433.66016 0.116187
19434.05078 0.116194
19434.43945 0.116201
19434.83008 0.116208
19435.22070 0.116213
19435.60938 0.116215
19436.00000 0.116218
19436.38086 0.11622
19436.77930 0.116223
19437.16016 0.116225
19437.55078 0.116228
19437.93945 0.11623
19438.33008 0.116233
19438.72070 0.116235
19439.10938 0.116238
19439.50000 0.11624
19439.89062 0.116243
19440.27930 0.116249
19440.66992 0.116257
19441.06055 0.116265
19441.44922 0.116272
19441.83984 0.11628
19442.23047 0.116288
19442.61914 0.116296
19443.00977 0.116304
19443.40039 0.116311
19443.78906 0.116319
19444.17969 0.116327
19444.57031 0.116335
19444.96094 0.116343
19445.34961 0.116351
19445.74023 0.116359
19446.13086 0.116367
19446.51953 0.116375
19446.90039 0.116383
19447.28906 0.116391
19447.68945 0.116399
19448.07031 0.116407
19448.46094 0.116415
19448.84961 0.116422
19449.24023 0.116431
19449.63086 0.116438
19450.01953 0.116446
19450.41016 0.116456
19450.80078 0.116465
19451.18945 0.116474
19451.58008 0.116484
19451.97070 0.116493
19452.35938 0.116502
19452.75000 0.116511
19453.14062 0.116521
19453.52930 0.11653
19453.91992 0.116539
19454.31055 0.116548
19454.69922 0.116558
19455.08984 0.116565
19455.48047 0.116568
19455.86914 0.11657
19456.25977 0.116572
19456.65039 0.116575
19457.03906 0.116577
19457.42969 0.116579
19457.82031 0.116582
19458.21094 0.116584
19458.59961 0.116586
19458.99023 0.116589
19459.38086 0.116591
19459.76953 0.116593
19460.16016 0.116598
19460.55078 0.116606
19460.93945 0.116613
19461.33008 0.116621
19461.72070 0.116628
19462.10938 0.116636
19462.50000 0.116643
19462.89062 0.116651
19463.27930 0.116659
19463.66992 0.116666
19464.06055 0.116674
19464.44922 0.116681
19464.83984 0.116689
19465.23047 0.116696
19465.61914 0.116703
19466.00977 0.11671
19466.40039 0.116717
19466.78906 0.116723
19467.17969 0.11673
19467.57031 0.116737
19467.96094 0.116744
19468.34961 0.11675
19468.74023 0.116757
19469.13086 0.116764
19469.51953 0.116771
19469.91016 0.116778
19470.30078 0.116788
19470.68945 0.116799
19471.08008 0.11681
19471.47070 0.116821
19471.86914 0.116833
19472.25000 0.116844
19472.64062 0.116855
19473.03906 0.116866
19473.42969 0.116877
19473.82031 0.116888
19474.21094 0.1169
19474.59961 0.116911
19474.99023 0.116922
19475.38086 0.11692
19475.76953 0.116919
19476.16016 0.116917
19476.55078 0.116915
19476.93945 0.116913
19477.33008 0.116911
19477.72070 0.116909
19478.10938 0.116908
19478.50000 0.116906
19478.89062 0.116904
19479.27930 0.116902
19479.66992 0.1169
19480.06055 0.116899
19480.44922 0.116903
19480.83984 0.116907
19481.23047 0.116911
19481.61914 0.116915
19482.00977 0.116918
19482.40039 0.116922
19482.78906 0.116926
19483.18945 0.11693
19483.58008 0.116934
19483.97070 0.116938
19484.35938 0.116941
19484.75000 0.116945
19485.14062 0.11695
19485.52930 0.116958
19485.91992 0.116966
19486.31055 0.116974
19486.69922 0.116981
19487.08984 0.116989
19487.48047 0.116997
19487.86914 0.117005
19488.25977 0.117012
19488.65039 0.11702
19489.03906 0.117028
19489.42969 0.117036
19489.82031 0.117043
19490.21094 0.117051
19490.60938 0.117058
19491.00000 0.117065
19491.39062 0.117072
19491.77930 0.117079
19492.16992 0.117086
19492.56055 0.117093
19492.94922 0.1171
19493.33984 0.117107
19493.73047 0.117114
19494.11914 0.117121
