threeML/data/optical_filters/HST/NICMOS1-F187N.ecsv
# %ECSV 0.9
# ---
# datatype:
# - {name: wavelength, unit: Angstrom, datatype: float32}
# - {name: response, datatype: float32}
# meta: !!omap
# - {band_name: F187N}
# - {group_name: NICMOS1}
wavelength response
[from data line 1532]
18819.67969 0.189954
18819.86914 0.189662
18820.05078 0.189351
18820.24023 0.188981
18820.42969 0.188615
18820.61914 0.188246
18820.80078 0.187876
18820.99023 0.18751
18821.17969 0.18714
18821.35938 0.186771
18821.55078 0.186405
18821.74023 0.186035
18821.91992 0.185666
18822.10938 0.185261
18822.30078 0.184825
18822.48047 0.184389
18822.66992 0.183957
18822.85938 0.183521
18823.03906 0.183089
18823.23047 0.182653
18823.41992 0.182216
18823.59961 0.181785
18823.78906 0.181348
18823.98047 0.180912
18824.16016 0.180487
18824.34961 0.180058
18824.53906 0.179628
18824.72070 0.179204
18824.91016 0.178775
18825.09961 0.178346
18825.28906 0.177921
18825.47070 0.177492
18825.66016 0.177063
18825.84961 0.176638
18826.02930 0.176206
18826.22070 0.175761
18826.41016 0.175321
18826.58984 0.174876
18826.77930 0.174432
18826.97070 0.173991
18827.15039 0.173547
18827.33984 0.173102
18827.52930 0.172662
18827.71094 0.172217
18827.90039 0.171772
18828.08984 0.171269
18828.27930 0.170689
18828.46094 0.170109
18828.65039 0.169535
18828.83984 0.168955
18829.01953 0.168375
18829.21094 0.167801
18829.40039 0.167222
18829.58008 0.166642
18829.76953 0.166062
18829.96094 0.165488
18830.14062 0.164864
18830.33008 0.164226
18830.51953 0.163595
18830.71094 0.162958
18830.89062 0.16232
18831.08008 0.161689
18831.26953 0.161051
18831.44922 0.160414
18831.64062 0.159783
18831.83008 0.159145
18832.00977 0.158498
18832.19922 0.157727
18832.39062 0.156965
18832.57031 0.156194
18832.75977 0.155423
18832.94922 0.154661
18833.13086 0.15389
18833.32031 0.153119
18833.50977 0.152357
18833.69922 0.151586
18833.88086 0.150815
18834.07031 0.149968
18834.25977 0.149001
18834.43945 0.148024
18834.63086 0.147046
18834.82031 0.14608
18835.00000 0.145103
18835.18945 0.144126
18835.38086 0.143149
18835.56055 0.142182
18835.75000 0.141205
18835.93945 0.140228
18836.11914 0.139347
18836.31055 0.138498
18836.50000 0.13765
18836.68945 0.136801
18836.86914 0.135961
18837.06055 0.135112
18837.25000 0.134264
18837.42969 0.133424
18837.61914 0.132576
18837.81055 0.131727
18838.00000 0.130879
18838.17969 0.129917
18838.36914 0.128943
18838.56055 0.127969
18838.74023 0.126994
18838.92969 0.12603
18839.11914 0.125056
18839.30078 0.124082
18839.49023 0.123118
18839.67969 0.122144
18839.86914 0.12117
18840.05078 0.12025
18840.24023 0.119478
18840.42969 0.118698
18840.60938 0.117918
18840.80078 0.117138
18840.99023 0.116366
18841.16992 0.115586
18841.35938 0.114806
18841.55078 0.114026
18841.73047 0.113254
18841.91992 0.112474
18842.10938 0.111665
18842.30078 0.110837
18842.48047 0.110016
18842.66992 0.109187
18842.85938 0.108359
18843.03906 0.10753
18843.23047 0.10671
18843.41992 0.105881
18843.60938 0.105052
18843.78906 0.104223
18843.98047 0.103403
18844.16992 0.102741
18844.34961 0.102101
18844.53906 0.101461
18844.73047 0.100828
18844.91016 0.100188
18845.09961 0.099548
18845.28906 0.098908
18845.47070 0.098275
18845.66016 0.097635
18845.84961 0.096995
18846.03906 0.096338
18846.22070 0.095608
18846.41016 0.094886
18846.59961 0.094156
18846.78906 0.093427
18846.97070 0.092697
18847.16016 0.091975
18847.34961 0.091246
18847.52930 0.090516
18847.72070 0.089787
18847.91016 0.089065
18848.08984 0.088295
18848.27930 0.087485
18848.47070 0.086674
18848.66016 0.085864
18848.83984 0.085062
18849.02930 0.084252
18849.22070 0.083442
18849.40039 0.082632
18849.58984 0.081822
18849.77930 0.08102
18849.96094 0.08021
18850.15039 0.0794
18850.33984 0.07859
18850.52930 0.077788
18850.71094 0.076978
18850.90039 0.076168
18851.08984 0.075358
18851.27930 0.074548
18851.46094 0.073746
18851.65039 0.072936
18851.83984 0.072126
18852.01953 0.071339
18852.21094 0.070708
18852.40039 0.070085
18852.58008 0.069454
18852.76953 0.068824
18852.96094 0.068194
18853.15039 0.067564
18853.33008 0.06694
18853.51953 0.06631
18853.71094 0.06568
18853.89062 0.065049
18854.08008 0.064435
18854.26953 0.063846
18854.46094 0.063251
18854.64062 0.062656
18854.83008 0.062061
18855.01953 0.061466
18855.21094 0.060871
18855.39062 0.060282
18855.58008 0.059687
18855.76953 0.059092
18855.94922 0.058498
18856.14062 0.057881
18856.33008 0.057264
18856.50977 0.05664
18856.69922 0.056016
18856.89062 0.055392
18857.08008 0.054768
18857.25977 0.054144
18857.44922 0.053527
18857.64062 0.052903
18857.82031 0.052279
18858.00977 0.051665
18858.19922 0.051197
18858.39062 0.050729
18858.57031 0.050266
18858.75977 0.049798
18858.94922 0.04933
18859.13086 0.048861
18859.32031 0.048393
18859.50977 0.047925
18859.69922 0.047462
18859.88086 0.046994
18860.07031 0.046493
18860.25977 0.045936
18860.44922 0.045379
18860.63086 0.044822
18860.82031 0.044272
18861.00977 0.043715
18861.18945 0.043158
18861.38086 0.042602
18861.57031 0.042045
18861.75977 0.041488
18861.93945 0.040938
18862.13086 0.04048
18862.32031 0.040068
18862.50000 0.039656
18862.68945 0.039244
18862.88086 0.038832
18863.07031 0.03842
18863.25000 0.038012
18863.43945 0.0376
18863.63086 0.037188
18863.81055 0.036776
18864.00000 0.036364
18864.18945 0.035949
18864.38086 0.035535
18864.56055 0.035125
18864.75000 0.03471
18864.93945 0.034296
18865.11914 0.033882
18865.31055 0.033467
18865.50000 0.033053
18865.68945 0.032638
18865.86914 0.032224
18866.06055 0.031854
18866.25000 0.031564
18866.43945 0.031274
18866.61914 0.030983
18866.81055 0.030693
18867.00000 0.030403
18867.18945 0.030113
18867.36914 0.029825
18867.56055 0.029535
18867.75000 0.029245
18867.92969 0.028955
18868.11914 0.02864
18868.31055 0.028313
18868.50000 0.027985
18868.67969 0.027658
18868.86914 0.02733
18869.06055 0.027006
18869.24023 0.026679
18869.42969 0.026351
18869.61914 0.026023
18869.81055 0.025696
18869.99023 0.025368
18870.17969 0.025138
18870.36914 0.02491
18870.56055 0.024682
18870.74023 0.024456
18870.92969 0.024228
18871.11914 0.024001
18871.30078 0.023773
18871.49023 0.023545
18871.67969 0.023317
18871.86914 0.023089
18872.05078 0.022863
18872.24023 0.022641
18872.42969 0.022422
18872.61914 0.0222
18872.80078 0.021979
18872.99023 0.021757
18873.17969 0.021535
18873.36914 0.021314
18873.55078 0.021092
18873.74023 0.02087
18873.92969 0.020649
18874.11914 0.020411
18874.30078 0.020163
18874.49023 0.019918
18874.67969 0.01967
18874.85938 0.019422
18875.05078 0.019174
18875.24023 0.018926
18875.42969 0.018678
18875.60938 0.018431
18875.80078 0.018183
18875.99023 0.017935
18876.17969 0.017767
18876.35938 0.017604
18876.55078 0.017441
18876.74023 0.01728
18876.91992 0.017117
18877.10938 0.016955
18877.30078 0.016792
18877.49023 0.016629
18877.66992 0.016466
18877.85938 0.016303
18878.05078 0.016139
18878.24023 0.015972
18878.41992 0.015805
18878.60938 0.015637
18878.80078 0.01547
18878.99023 0.015302
18879.16992 0.015135
18879.35938 0.014968
18879.55078 0.014802
18879.73047 0.014635
18879.91992 0.014467
18880.10938 0.01432
18880.30078 0.014188
18880.48047 0.014056
18880.66992 0.013924
18880.85938 0.013792
18881.05078 0.01366
18881.23047 0.013528
18881.41992 0.013395
18881.60938 0.013263
18881.80078 0.013131
18881.98047 0.012999
18882.16992 0.012959
18882.35938 0.012927
18882.55078 0.012896
18882.73047 0.012864
18882.91992 0.012833
18883.10938 0.012801
18883.28906 0.01277
18883.48047 0.012738
18883.66992 0.012707
18883.85938 0.012675
18884.03906 0.01262
18884.23047 0.012493
18884.41992 0.012366
18884.60938 0.012238
18884.78906 0.012111
18884.98047 0.011984
18885.16992 0.011857
18885.35938 0.011729
18885.53906 0.011602
18885.73047 0.011475
18885.91992 0.011347
18886.10938 0.011211
18886.28906 0.011069
18886.48047 0.010927
18886.66992 0.010785
18886.85938 0.010642
18887.03906 0.0105
18887.23047 0.010358
18887.41992 0.010216
18887.60938 0.010073
18887.78906 0.009931
18887.98047 0.009789
18888.16992 0.009665
18888.35938 0.009542
18888.53906 0.00942
18888.73047 0.009297
18888.91992 0.009175
18889.10938 0.009052
18889.28906 0.00893
18889.48047 0.008807
18889.66992 0.008685
18889.85938 0.008562
18890.03906 0.008453
18890.23047 0.00838
18890.41992 0.008308
18890.60938 0.008235
18890.78906 0.008163
18890.98047 0.008091
18891.16992 0.008018
18891.35938 0.007946
18891.53906 0.007873
18891.73047 0.007801
18891.91992 0.007729
18892.10938 0.007688
18892.28906 0.007672
18892.48047 0.007656
18892.66992 0.007641
18892.85938 0.007625
18893.03906 0.007609
18893.23047 0.007593
18893.41992 0.007577
18893.60938 0.007561
18893.78906 0.007545
18893.98047 0.00753
18894.16992 0.007506
18894.35938 0.007482
18894.53906 0.007458
18894.73047 0.007435
18894.91992 0.007411
18895.10938 0.007387
18895.28906 0.007363
18895.48047 0.007339
18895.66992 0.007315
18895.85938 0.007291
18896.03906 0.007257
18896.23047 0.007191
18896.41992 0.007126
18896.60938 0.00706
18896.78906 0.006995
18896.98047 0.006929
18897.16992 0.006863
18897.35938 0.006798
18897.53906 0.006732
18897.73047 0.006667
18897.91992 0.006601
18898.10938 0.006506
18898.28906 0.006389
18898.48047 0.006272
18898.66992 0.006155
18898.85938 0.006038
18899.03906 0.005922
18899.23047 0.005805
18899.41992 0.005688
18899.60938 0.005571
18899.78906 0.005454
18899.98047 0.005337
18900.16992 0.005216
18900.35938 0.005095
18900.55078 0.004973
18900.73047 0.004852
18900.91992 0.004731
18901.10938 0.00461
18901.30078 0.004489
18901.48047 0.004368
18901.66992 0.004247
18901.85938 0.004126
18902.05078 0.004046
18902.23047 0.004088
18902.41992 0.00413
18902.60938 0.004172
18902.80078 0.004215
18902.98047 0.004257
18903.16992 0.004299
18903.35938 0.004341
18903.55078 0.004383
18903.73047 0.004426
18903.91992 0.004468
18904.10938 0.004418
18904.30078 0.004305
18904.49023 0.004192
18904.66992 0.004078
18904.85938 0.003965
18905.05078 0.003852
18905.24023 0.003739
18905.41992 0.003625
18905.60938 0.003512
18905.80078 0.003399
18905.99023 0.003286
18906.16992 0.00332
18906.35938 0.003365
18906.55078 0.00341
18906.74023 0.003456
18906.92969 0.003502
18907.10938 0.003547
18907.30078 0.003593
18907.49023 0.003638
18907.67969 0.003684
18907.85938 0.003729
18908.05078 0.003752
18908.24023 0.003714
18908.42969 0.003677
18908.60938 0.003639
18908.80078 0.003602
18908.99023 0.003564
18909.17969 0.003526
18909.36914 0.003489
18909.55078 0.003451
18909.74023 0.003413
18909.92969 0.003376
18910.11914 0.003354
18910.30078 0.003341
18910.49023 0.003328
18910.67969 0.003315
18910.86914 0.003302
18911.05078 0.003289
18911.24023 0.003276
18911.42969 0.003263
18911.61914 0.00325
18911.80078 0.003238
18911.99023 0.003225
18912.17969 0.003175
18912.36914 0.003124
18912.55078 0.003073
18912.74023 0.003021
18912.92969 0.002969
18913.11914 0.002918
18913.31055 0.002867
18913.49023 0.002816
18913.67969 0.002764
18913.86914 0.002713
18914.06055 0.002655
18914.24023 0.00258
18914.42969 0.002504
18914.61914 0.002428
18914.81055 0.002353
18915.00000 0.002278
18915.17969 0.002203
18915.36914 0.002128
18915.56055 0.002053
18915.75000 0.001978
18915.92969 0.001903
18916.11914 0.001934
18916.31055 0.002022
18916.50000 0.00211
18916.68945 0.002198
18916.86914 0.002286
18917.06055 0.002374
18917.25000 0.002462
18917.43945 0.00255
18917.61914 0.002639
18917.81055 0.002727
18918.00000 0.002816
18918.18945 0.002768
18918.38086 0.00272
18918.56055 0.002673
18918.75000 0.002625
18918.93945 0.002577
18919.13086 0.002529
18919.31055 0.002482
18919.50000 0.002434
18919.68945 0.002386
18919.88086 0.002339
18920.06055 0.002283
18920.25000 0.002211
18920.43945 0.002139
18920.63086 0.002068
18920.82031 0.001997
18921.00000 0.001925
18921.18945 0.001854
18921.38086 0.001783
18921.57031 0.001711
18921.75977 0.001639
18921.93945 0.001568
18922.13086 0.001559
18922.32031 0.001576
18922.50977 0.001594
18922.68945 0.001612
18922.88086 0.00163
18923.07031 0.001647
18923.25977 0.001665
18923.44922 0.001683
18923.63086 0.0017
18923.82031 0.001718
18924.00977 0.001738
18924.19922 0.001795
18924.38086 0.001852
18924.57031 0.001909
18924.75977 0.001966
18924.94922 0.002022
18925.14062 0.00208
18925.32031 0.002137
18925.50977 0.002194
18925.69922 0.002251
18925.89062 0.002307
18926.07031 0.002314
18926.25977 0.002242
18926.44922 0.002171
18926.64062 0.0021
18926.83008 0.002029
18927.00977 0.001958
18927.19922 0.001886
18927.39062 0.001815
18927.58008 0.001744
18927.76953 0.001673
18927.94922 0.001602
18928.14062 0.001573
18928.33008 0.001558
18928.51953 0.001543
18928.71094 0.001528
18928.89062 0.001513
18929.08008 0.001498
18929.26953 0.001483
18929.46094 0.001468
18929.64062 0.001453
18929.83008 0.001438
18930.01953 0.001429
18930.21094 0.00147
18930.40039 0.001511
18930.58008 0.001552
18930.76953 0.001593
18930.96094 0.001634
18931.15039 0.001675
18931.33984 0.001716
18931.51953 0.001757
18931.71094 0.001798
18931.90039 0.001839
18932.08984 0.001832
18932.27930 0.001769
18932.46094 0.001706
18932.65039 0.001643
18932.83984 0.00158
18933.02930 0.001516
18933.21094 0.001454
18933.40039 0.001391
18933.58984 0.001328
18933.77930 0.001265
18933.97070 0.001201
18934.15039 0.001182
18934.33984 0.001171
18934.52930 0.001161
18934.72070 0.00115
18934.91016 0.00114
18935.08984 0.001129
18935.27930 0.001119
18935.47070 0.001108
18935.66016 0.001098
18935.84961 0.001087
18936.02930 0.001088
18936.22070 0.001144
18936.41016 0.001199
18936.59961 0.001254
18936.78906 0.001309
18936.97070 0.001364
18937.16016 0.00142
18937.34961 0.001475
18937.53906 0.00153
18937.72070 0.001585
18937.91016 0.00164
18938.09961 0.001632
18938.28906 0.001568
18938.48047 0.001504
18938.66016 0.001441
18938.84961 0.001376
18939.03906 0.001313
18939.23047 0.001249
18939.41992 0.001185
18939.60938 0.001121
18939.78906 0.001057
18939.98047 0.000994
18940.16992 0.000929
18940.35938 0.000865
18940.53906 0.000799
18940.73047 0.000735
18940.91992 0.00067
18941.10938 0.000606
18941.30078 0.00054
18941.48047 0.000476
18941.66992 0.000411
20835.83594 0.0
