threeML/data/optical_filters/HST/NICMOS1-F110W.ecsv
# %ECSV 0.9
# ---
# datatype:
# - {name: wavelength, unit: Angstrom, datatype: float32}
# - {name: response, datatype: float32}
# meta: !!omap
# - {band_name: F110W}
# - {group_name: NICMOS1}
wavelength response
[from data line 4743]
11488.98047 0.117804
11489.92969 0.117748
11490.87988 0.117721
11491.83008 0.117697
11492.78027 0.117673
11493.73047 0.117649
11494.67969 0.117625
11495.62988 0.117617
11496.58008 0.117617
11497.53027 0.117617
11498.48047 0.117617
11499.42969 0.117617
11500.37988 0.117631
11501.33984 0.117667
11502.29004 0.117704
11503.24023 0.11774
11504.19043 0.117776
11505.13965 0.117816
11506.08984 0.117879
11507.04004 0.117942
11507.99023 0.118005
11508.95020 0.118068
11509.90039 0.118131
11510.84961 0.118214
11511.79980 0.118299
11512.75000 0.118384
11513.70020 0.118469
11514.66016 0.118554
11515.61035 0.118664
11516.55957 0.118787
11517.50977 0.11891
11518.45996 0.119033
11519.41992 0.119156
11520.37012 0.119285
11521.32031 0.119421
11522.26953 0.119558
11523.23047 0.119694
11524.17969 0.119831
11525.12988 0.119972
11526.08008 0.120143
11527.04004 0.120315
11527.99023 0.120486
11528.94043 0.120658
11529.90039 0.120829
11530.84961 0.120994
11531.79980 0.121159
11532.75977 0.121323
11533.70996 0.121487
11534.66992 0.121651
11535.62012 0.121834
11536.57031 0.122028
11537.53027 0.122222
11538.48047 0.122415
11539.42969 0.122609
11540.38965 0.122799
11541.33984 0.122983
11542.29980 0.123167
11543.25000 0.123351
11544.20996 0.123534
11545.16016 0.123722
11546.11035 0.123929
11547.07031 0.124135
11548.01953 0.124342
11548.98047 0.124548
11549.92969 0.124755
11550.88965 0.124947
11551.83984 0.125139
11552.79980 0.12533
11553.75000 0.125522
11554.70996 0.125713
11555.66016 0.125883
11556.62012 0.126044
11557.58008 0.126204
11558.53027 0.126365
11559.49023 0.126526
11560.44043 0.126685
11561.40039 0.126843
11562.34961 0.127
11563.30957 0.127158
11564.26953 0.127316
11565.21973 0.127469
11566.17969 0.127609
11567.12988 0.127748
11568.08984 0.127887
11569.04980 0.128027
11570.00000 0.128166
11570.95996 0.128282
11571.91992 0.128397
11572.87012 0.128513
11573.83008 0.128628
11574.79004 0.128744
11575.74023 0.128834
11576.70020 0.128918
11577.66016 0.129002
11578.62012 0.129086
11579.57031 0.12917
11580.53027 0.129244
11581.49023 0.129311
11582.45020 0.129378
11583.40039 0.129444
11584.36035 0.129511
11585.32031 0.129564
11586.28027 0.129593
11587.23047 0.129622
11588.19043 0.129651
11589.15039 0.129679
11590.11035 0.129706
11591.07031 0.129716
11592.03027 0.129726
11592.98047 0.129736
11593.94043 0.129747
11594.90039 0.129757
11595.86035 0.129744
11596.82031 0.129729
11597.78027 0.129714
11598.74023 0.129699
11599.70020 0.129685
11600.65039 0.129661
11601.61035 0.129633
11602.57031 0.129606
11603.53027 0.129578
11604.49023 0.129551
11605.45020 0.129516
11606.41016 0.129475
11607.37012 0.129434
11608.33008 0.129392
11609.29004 0.129351
11610.25000 0.129305
11611.20996 0.129248
11612.16992 0.129191
11613.12988 0.129133
11614.08984 0.129076
11615.04980 0.129018
11616.00977 0.128955
11616.96973 0.128891
11617.92969 0.128828
11618.88965 0.128765
11619.84961 0.128701
11620.80957 0.128641
11621.76953 0.128582
11622.73047 0.128523
11623.70020 0.128463
11624.66016 0.128404
11625.62012 0.12834
11626.58008 0.128273
11627.54004 0.128206
11628.50000 0.128139
11629.45996 0.128072
11630.41992 0.128006
11631.38965 0.127941
11632.34961 0.127876
11633.30957 0.127811
11634.26953 0.127746
11635.23047 0.127685
11636.20020 0.127632
11637.16016 0.12758
11638.12012 0.127528
11639.08008 0.127476
11640.04004 0.127424
11641.00977 0.127382
11641.96973 0.12734
11642.92969 0.127298
11643.88965 0.127256
11644.86035 0.127214
11645.82031 0.127169
11646.78027 0.127125
11647.75000 0.12708
11648.70996 0.127035
11649.66992 0.126991
11650.62988 0.126963
11651.59961 0.126945
11652.55957 0.126926
11653.51953 0.126908
11654.49023 0.126889
11655.45020 0.12687
11656.41992 0.126851
11657.37988 0.126832
11658.33984 0.126813
11659.30957 0.126794
11660.26953 0.126779
11661.24023 0.126776
11662.20020 0.126773
11663.16016 0.12677
11664.12988 0.126766
11665.08984 0.126764
11666.05957 0.126766
11667.01953 0.126769
11667.99023 0.126771
11668.95020 0.126774
11669.91992 0.126776
11670.87988 0.126784
11671.83984 0.126793
11672.80957 0.126802
11673.78027 0.126811
11674.74023 0.12682
11675.70996 0.12684
11676.66992 0.126865
11677.63965 0.12689
11678.59961 0.126915
11679.57031 0.126939
11680.53027 0.126958
11681.50000 0.12697
11682.45996 0.126983
11683.42969 0.126995
11684.40039 0.127008
11685.36035 0.127023
11686.33008 0.127042
11687.29004 0.127061
11688.25977 0.12708
11689.23047 0.127098
11690.19043 0.127117
11691.16016 0.127137
11692.12988 0.127156
11693.08984 0.127176
11694.05957 0.127195
11695.03027 0.127215
11695.99023 0.127223
11696.95996 0.127231
11697.92969 0.127239
11698.90039 0.127248
11699.86035 0.127256
11700.83008 0.127258
11701.79980 0.127259
11702.76953 0.127261
11703.73047 0.127262
11704.70020 0.127263
11705.66992 0.12727
11706.63965 0.12728
11707.59961 0.127289
11708.57031 0.127298
11709.54004 0.127308
11710.50977 0.127304
11711.48047 0.127288
11712.45020 0.127272
11713.41016 0.127256
11714.37988 0.127241
11715.34961 0.127222
11716.32031 0.127199
11717.29004 0.127175
11718.25977 0.127152
11719.23047 0.127129
11720.19043 0.127106
11721.16016 0.127083
11722.12988 0.127061
11723.09961 0.127039
11724.07031 0.127017
11725.04004 0.126995
11726.00977 0.126971
11726.98047 0.126946
11727.95020 0.126922
11728.91992 0.126897
11729.88965 0.126873
11730.86035 0.126829
11731.83008 0.126782
11732.79980 0.126736
11733.76953 0.126689
11734.74023 0.126642
11735.70996 0.126604
11736.67969 0.126568
11737.65039 0.126532
11738.62012 0.126497
11739.58984 0.126461
11740.55957 0.126427
11741.53027 0.126393
11742.50000 0.12636
11743.46973 0.126326
11744.44043 0.126293
11745.41992 0.126255
11746.38965 0.126213
11747.36035 0.12617
11748.33008 0.126127
11749.29980 0.126084
11750.26953 0.126045
11751.24023 0.126014
11752.20996 0.125983
11753.19043 0.125952
11754.16016 0.125921
11755.12988 0.12589
11756.09961 0.12586
11757.07031 0.125831
11758.04004 0.125802
11759.01953 0.125772
11759.99023 0.125743
11760.95996 0.125728
11761.92969 0.125714
11762.91016 0.125699
11763.87988 0.125684
11764.84961 0.12567
11765.83008 0.125658
11766.79980 0.125647
11767.76953 0.125635
11768.74023 0.125624
11769.71973 0.125612
11770.69043 0.125613
11771.66016 0.125618
11772.63965 0.125624
11773.61035 0.12563
11774.58008 0.125635
11775.55957 0.125649
11776.53027 0.125669
11777.50000 0.12569
11778.48047 0.12571
11779.45020 0.12573
11780.41992 0.125753
11781.40039 0.125779
11782.37012 0.125805
11783.34961 0.12583
11784.32031 0.125856
11785.29980 0.125886
11786.26953 0.125923
11787.25000 0.12596
11788.21973 0.125997
11789.19043 0.126034
11790.16992 0.126075
11791.13965 0.126136
11792.12012 0.126198
11793.08984 0.126259
11794.07031 0.12632
11795.04004 0.126381
11796.01953 0.12644
11796.99023 0.126498
11797.96973 0.126556
11798.95020 0.126615
11799.91992 0.126674
11800.90039 0.126743
11801.87012 0.126814
11802.84961 0.126884
11803.82031 0.126955
11804.79980 0.127025
11805.78027 0.127102
11806.75000 0.12718
11807.73047 0.127258
11808.70020 0.127337
11809.67969 0.127415
11810.66016 0.127484
11811.62988 0.12755
11812.61035 0.127615
11813.58984 0.12768
11814.55957 0.127745
11815.54004 0.127813
11816.51953 0.127883
11817.49023 0.127952
11818.46973 0.128022
11819.45020 0.128092
11820.42969 0.128157
11821.40039 0.128217
11822.37988 0.128276
11823.36035 0.128336
11824.33008 0.128396
11825.30957 0.128453
11826.29004 0.128503
11827.26953 0.128553
11828.25000 0.128603
11829.21973 0.128653
11830.20020 0.128699
11831.17969 0.12873
11832.16016 0.128761
11833.13965 0.128792
11834.12012 0.128823
11835.08984 0.128852
11836.07031 0.128869
11837.04980 0.128885
11838.03027 0.128902
11839.00977 0.128918
11839.99023 0.128935
11840.96973 0.128928
11841.94043 0.128922
11842.91992 0.128915
11843.90039 0.128908
11844.87988 0.128901
11845.86035 0.128862
11846.83984 0.128819
11847.82031 0.128775
11848.79980 0.128731
11849.78027 0.128688
11850.75977 0.128631
11851.74023 0.128571
11852.71973 0.12851
11853.70020 0.12845
11854.67969 0.128389
11855.66016 0.128306
11856.63965 0.128213
11857.62012 0.128119
11858.59961 0.128025
11859.58008 0.127931
11860.55957 0.12782
11861.54004 0.127696
11862.51953 0.127571
11863.50000 0.127447
11864.48047 0.127323
11865.45996 0.127193
11866.45020 0.127056
11867.42969 0.12692
11868.41016 0.126784
11869.38965 0.126648
11870.37012 0.126503
11871.34961 0.126344
11872.33008 0.126185
11873.32031 0.126026
11874.29980 0.125867
11875.28027 0.125703
11876.25977 0.125525
11877.24023 0.125347
11878.21973 0.12517
11879.20996 0.124992
11880.19043 0.124812
11881.16992 0.124625
11882.15039 0.124439
11883.13965 0.124252
11884.12012 0.124065
11885.09961 0.123877
11886.08008 0.123672
11887.07031 0.123467
11888.04980 0.123261
11889.03027 0.123056
11890.01953 0.122851
11891.00000 0.122639
11891.98047 0.122428
11892.95996 0.122217
11893.95020 0.122006
11894.92969 0.121795
11895.91992 0.121583
11896.90039 0.121371
11897.87988 0.121158
11898.87012 0.120946
11899.84961 0.120734
11900.83008 0.120526
11901.82031 0.120319
11902.79980 0.120112
11903.79004 0.119905
11904.76953 0.119698
11905.75000 0.119511
11906.74023 0.119331
11907.71973 0.11915
11908.70996 0.118969
11909.69043 0.118789
11910.67969 0.118619
11911.66016 0.118455
11912.65039 0.118291
11913.62988 0.118126
11914.62012 0.117962
11915.59961 0.117812
11916.58984 0.11767
11917.57031 0.117529
11918.55957 0.117388
11919.54004 0.117247
11920.53027 0.117113
11921.50977 0.116987
11922.50000 0.11686
11923.49023 0.116734
11924.46973 0.116607
11925.45996 0.116489
11926.44043 0.11638
11927.42969 0.116271
11928.41992 0.116162
11929.40039 0.116054
11930.38965 0.115958
11931.37012 0.115884
11932.36035 0.11581
11933.34961 0.115736
11934.33008 0.115662
11935.32031 0.115603
11936.30957 0.115575
11937.29004 0.115547
11938.28027 0.11552
11939.26953 0.115492
11940.25000 0.115465
11941.24023 0.115444
11942.23047 0.115422
11943.21973 0.1154
11944.20996 0.115378
11945.19043 0.115365
11946.17969 0.115392
11947.16992 0.115418
11948.16016 0.115445
11949.13965 0.115472
11950.12988 0.115503
11951.12012 0.115567
11952.11035 0.115632
11953.09961 0.115696
11954.08008 0.11576
11955.07031 0.115826
11956.05957 0.115914
11957.04980 0.116001
11958.04004 0.116089
11959.03027 0.116176
11960.00977 0.116265
11961.00000 0.116393
11961.99023 0.116522
11962.98047 0.116651
11963.96973 0.116779
11964.95996 0.116908
11965.95020 0.117058
11966.94043 0.117209
11967.92969 0.11736
11968.91992 0.117511
11969.91016 0.117662
11970.90039 0.117813
11971.88965 0.117964
11972.87988 0.118114
11973.87012 0.118265
11974.86035 0.118416
11975.84961 0.118607
11976.83984 0.118805
11977.83008 0.119004
11978.82031 0.119202
11979.80957 0.1194
11980.79980 0.119598
11981.79004 0.119797
11982.78027 0.119994
11983.76953 0.120192
11984.75977 0.12039
11985.75000 0.12062
11986.74023 0.120859
11987.73047 0.121099
11988.71973 0.121338
11989.71973 0.121578
11990.70996 0.121828
11991.70020 0.122081
11992.69043 0.122335
11993.67969 0.122589
11994.66992 0.122843
11995.66992 0.123078
11996.66016 0.123305
11997.65039 0.123532
11998.63965 0.123758
11999.62988 0.123985
12000.62988 0.124212
12001.62012 0.124439
12002.61035 0.124667
12003.59961 0.124894
12004.58984 0.125121
12005.58984 0.125349
12006.58008 0.125576
12007.57031 0.125804
12008.57031 0.126032
12009.55957 0.126259
12010.54980 0.126488
12011.54004 0.126717
12012.54004 0.126946
12013.53027 0.127175
12014.51953 0.127405
12015.51953 0.127623
12016.50977 0.127831
12017.50000 0.128039
12018.50000 0.128247
12019.49023 0.128455
12020.48047 0.128663
12021.48047 0.12887
12022.46973 0.129078
12023.46973 0.129286
12024.45996 0.129494
12025.45996 0.129682
12026.45020 0.129848
12027.44043 0.130013
12028.44043 0.130179
12029.42969 0.130345
12030.42969 0.130502
12031.41992 0.130648
12032.41992 0.130794
12033.41016 0.13094
12034.41016 0.131086
12035.40039 0.131215
12036.40039 0.131316
12037.38965 0.131418
12038.38965 0.13152
12039.37988 0.131622
12040.37988 0.131719
12041.37012 0.13181
12042.37012 0.131901
12043.36035 0.131992
12044.36035 0.132083
12045.36035 0.132164
12046.34961 0.132225
12047.34961 0.132287
12048.33984 0.132349
12049.33984 0.132411
12050.33984 0.132467
12051.33008 0.132514
12052.33008 0.13256
12053.33008 0.132606
12054.32031 0.132653
12055.32031 0.132687
12056.32031 0.132695
12057.30957 0.132704
12058.30957 0.132712
12059.30957 0.13272
12060.29980 0.132726
12061.29980 0.132727
12062.29980 0.132728
12063.29004 0.132728
12064.29004 0.132729
12065.29004 0.13272
12066.29004 0.132689
12067.28027 0.132659
12068.28027 0.132627
12069.28027 0.132596
12070.28027 0.132569
12071.28027 0.132549
12072.26953 0.132529
12073.26953 0.13251
12074.26953 0.13249
12075.26953 0.132462
12076.26953 0.132411
12077.26953 0.13236
12078.25977 0.132308
12079.25977 0.132257
12080.25977 0.132205
12081.25977 0.132152
12082.25977 0.132099
12083.25977 0.132046
12084.25977 0.131993
12085.25977 0.13194
12086.25000 0.131891
12087.25000 0.131841
12088.25000 0.131792
12089.25000 0.131743
12090.25000 0.131694
12091.25000 0.131651
12092.25000 0.131607
12093.25000 0.131563
12094.25000 0.131519
12095.25000 0.131473
12096.25000 0.13142
12097.25000 0.131366
12098.25000 0.131313
12099.25000 0.13126
12100.25000 0.131215
12101.25000 0.131194
12102.25000 0.131174
12103.25000 0.131153
12104.25000 0.131133
12105.25977 0.131108
12106.25977 0.131071
12107.25977 0.131033
12108.25977 0.130996
12109.25977 0.130959
12110.25977 0.130925
12111.25977 0.130904
12112.25977 0.130883
12113.25977 0.130861
12114.26953 0.13084
12115.26953 0.130821
12116.26953 0.130808
12117.26953 0.130795
12118.26953 0.130782
12119.28027 0.130769
12120.28027 0.130756
12121.28027 0.130746
12122.28027 0.130735
12123.28027 0.130724
12124.29004 0.130714
12125.29004 0.13071
12126.29004 0.130724
12127.29004 0.130739
12128.29980 0.130753
12129.29980 0.130767
12130.29980 0.130782
12131.29980 0.130801
12132.30957 0.130819
12133.30957 0.130837
12134.30957 0.130856
12135.32031 0.130874
12136.32031 0.130891
12137.32031 0.130909
12138.33008 0.130927
12139.33008 0.130944
12140.33008 0.130965
12141.33984 0.130992
12142.33984 0.131018
12143.34961 0.131044
12144.34961 0.131071
12145.34961 0.131102
12146.36035 0.131143
12147.36035 0.131183
12148.37012 0.131224
12149.37012 0.131265
12150.37988 0.131298
12151.37988 0.131321
12152.38965 0.131343
12153.38965 0.131365
12154.40039 0.131387
12155.40039 0.131419
12156.41016 0.131464
12157.41016 0.13151
12158.41992 0.131555
12159.41992 0.131601
12160.42969 0.131631
12161.42969 0.131642
12162.44043 0.131653
12163.44043 0.131663
12164.45020 0.131674
12165.45020 0.131695
12166.45996 0.131729
12167.46973 0.131763
12168.46973 0.131797
12169.48047 0.131831
12170.48047 0.13186
12171.49023 0.131882
12172.50000 0.131905
12173.50000 0.131927
12174.50977 0.13195
12175.51953 0.131961
12176.51953 0.131963
12177.53027 0.131964
12178.54004 0.131965
12179.54004 0.131967
12180.54980 0.131986
12181.55957 0.13202
12182.55957 0.132054
12183.57031 0.132088
12184.58008 0.132122
12185.58984 0.132135
12186.58984 0.132131
12187.59961 0.132128
12188.61035 0.132125
12189.62012 0.132121
12190.62988 0.132127
12191.62988 0.132139
12192.63965 0.132151
12193.65039 0.132163
12194.66016 0.132175
12195.66992 0.132161
12196.66992 0.132133
12197.67969 0.132105
12198.69043 0.132077
12199.70020 0.13205
12200.70996 0.13204
12201.71973 0.132037
12202.73047 0.132034
12203.73047 0.132032
12204.74023 0.132029
12205.75000 0.132013
12206.75977 0.131991
12207.76953 0.131969
12208.78027 0.131947
12209.79004 0.131925
12210.79980 0.131905
12211.80957 0.131885
12212.82031 0.131865
12213.83008 0.131845
12214.83984 0.131825
12215.84961 0.131808
12216.86035 0.131791
12217.87012 0.131775
12218.87988 0.131759
12219.88965 0.131742
12220.90039 0.131725
12221.91016 0.131709
12222.91992 0.131692
12223.92969 0.131675
12224.94043 0.131658
12225.95020 0.131628
12226.95996 0.131596
12227.96973 0.131564
12228.98047 0.131532
12230.00000 0.131501
12231.00977 0.131504
12232.01953 0.131508
12233.03027 0.131511
12234.04004 0.131515
12235.04980 0.131518
12236.05957 0.131509
12237.08008 0.1315
12238.08984 0.131492
